Date,Country/Region,Province/State,Admin2,Confirmed,Deaths,Recovered,Latitude,Longitude,FIPS,Incidence_Rate,Case-Fatality_Ratio,Active Cases,Previous Confirmed,Previous Deaths,Previous Recovered,Previous Active,Prev2 Confirmed,Population,Daily Confirmed,Daily Deaths,Daily Recovered,Daily Active,Previous Daily Confirmed
2020-07-10,US,Alabama,Autauga,662,14,0,32.53952745,-86.64408227,1001.0,1184.914711199413,2.114803625377644,648,653,13,0,640,643,55601,9,1,0,8,10
2020-07-10,US,Alabama,Baldwin,1170,11,0,30.72774991,-87.72207058,1003.0,524.1137102771083,0.9401709401709402,1159,1114,10,0,1104,1039,218022,56,1,0,55,75
2020-07-10,US,Alabama,Barbour,377,2,0,31.868263,-85.3871286,1005.0,1527.1813983634452,0.5305039787798409,375,367,2,0,365,362,24881,10,0,0,10,5
2020-07-10,US,Alabama,Bibb,215,1,0,32.99642064,-87.12511459999996,1007.0,960.0785924801286,0.4651162790697674,214,208,1,0,207,198,22400,7,0,0,7,10
2020-07-10,US,Alabama,Blount,281,1,0,33.98210918,-86.56790593,1009.0,485.940580361775,0.3558718861209965,280,273,1,0,272,258,57840,8,0,0,8,15
2020-07-10,US,Alabama,Bullock,376,10,0,32.10030533,-85.71265535,1011.0,3722.4037224037215,2.6595744680851063,366,370,10,0,360,369,10138,6,0,0,6,1
2020-07-10,US,Alabama,Butler,645,29,0,31.75300095,-86.68057478,1013.0,3316.5364047716994,4.496124031007752,616,643,28,0,615,637,19680,2,1,0,1,6
2020-07-10,US,Alabama,Calhoun,456,5,0,33.77483727,-85.82630386,1015.0,401.3907838563443,1.0964912280701755,451,436,5,0,431,403,114277,20,0,0,20,33
2020-07-10,US,Alabama,Chambers,664,27,0,32.91360079,-85.39072749,1017.0,1996.7522704035605,4.066265060240964,637,657,27,0,630,647,33615,7,0,0,7,10
2020-07-10,US,Alabama,Cherokee,115,7,0,34.17805983,-85.60638968,1019.0,438.9983203542525,6.086956521739131,108,112,7,0,105,111,26032,3,0,0,3,1
2020-07-10,US,Alabama,Chilton,295,2,0,32.85044126,-86.7173256,1021.0,663.9956784010084,0.6779661016949152,293,287,2,0,285,276,44153,8,0,0,8,11
2020-07-10,US,Alabama,Choctaw,209,12,0,32.02227341,-88.26564429999998,1023.0,1660.1795218047503,5.741626794258371,197,202,12,0,190,199,12841,7,0,0,7,3
2020-07-10,US,Alabama,Clarke,303,6,0,31.68099859,-87.83548597,1025.0,1282.7025654051308,1.98019801980198,297,294,6,0,288,287,23920,9,0,0,9,7
2020-07-10,US,Alabama,Clay,82,2,0,33.26984193,-85.85836077,1027.0,619.5693237627503,2.4390243902439024,80,74,2,0,72,69,13275,8,0,0,8,5
2020-07-10,US,Alabama,Cleburne,42,1,0,33.67679204,-85.52005899,1029.0,281.6901408450704,2.380952380952381,41,41,1,0,40,39,14987,1,0,0,1,2
2020-07-10,US,Alabama,Coffee,416,4,0,31.39932826,-85.98901039,1031.0,794.7728401665967,0.9615384615384616,412,407,4,0,403,392,51909,9,0,0,9,15
2020-07-10,US,Alabama,Colbert,481,6,0,34.69847452,-87.80168544,1033.0,870.7300736771601,1.2474012474012477,475,465,6,0,459,442,54762,16,0,0,16,23
2020-07-10,US,Alabama,Conecuh,227,8,0,31.43401703,-86.99320044,1035.0,1881.1635037706146,3.524229074889868,219,227,7,0,220,218,12277,0,1,0,-1,9
2020-07-10,US,Alabama,Coosa,63,1,0,32.93690146,-86.24847739,1037.0,590.8280971583982,1.5873015873015872,62,62,1,0,61,60,10715,1,0,0,1,2
2020-07-10,US,Alabama,Covington,403,12,0,31.2477854,-86.45050893,1039.0,1087.7486571837296,2.977667493796526,391,399,11,0,388,381,36986,4,1,0,3,18
2020-07-10,US,Alabama,Crenshaw,126,3,0,31.72941803,-86.31593104,1041.0,914.899796688934,2.380952380952381,123,127,3,0,124,125,13824,-1,0,0,-1,2
2020-07-10,US,Alabama,Cullman,554,6,0,34.13020303,-86.86888037,1043.0,661.3503963327285,1.083032490974729,548,539,5,0,534,490,83442,15,1,0,14,49
2020-07-10,US,Alabama,Dale,372,1,0,31.43037123,-85.61095742,1045.0,756.528105425852,0.26881720430107525,371,362,1,0,361,326,48956,10,0,0,10,36
2020-07-10,US,Alabama,Dallas,978,9,0,32.32688101,-87.10866709999998,1047.0,2629.314980105388,0.9202453987730062,969,963,9,0,954,918,38310,15,0,0,15,45
2020-07-10,US,Alabama,DeKalb,864,7,0,34.45946862,-85.80782906,1049.0,1208.1719407660146,0.8101851851851852,857,841,6,0,835,790,71385,23,1,0,22,51
2020-07-10,US,Alabama,Elmore,1007,21,0,32.59785413,-86.14415284,1051.0,1240.0103436811191,2.0854021847070507,986,989,19,0,970,975,81887,18,2,0,16,14
2020-07-10,US,Alabama,Escambia,468,8,0,31.1256789,-87.15918694,1053.0,1277.5366472852347,1.709401709401709,460,452,8,0,444,435,36748,16,0,0,16,17
2020-07-10,US,Alabama,Etowah,919,14,0,34.04567266,-86.04051873,1055.0,898.6193139594008,1.5233949945593035,905,882,14,0,868,834,102501,37,0,0,37,48
2020-07-10,US,Alabama,Fayette,81,1,0,33.72076938,-87.73886638,1057.0,496.8715495031285,1.2345679012345678,80,78,1,0,77,72,16433,3,0,0,3,6
2020-07-10,US,Alabama,Franklin,928,16,0,34.44235334,-87.84289505,1059.0,2958.9949620559914,1.7241379310344829,912,922,16,0,906,906,31363,6,0,0,6,16
2020-07-10,US,Alabama,Geneva,95,0,0,31.09389027,-85.83572839,1061.0,361.61546952913864,0.0,95,92,0,0,92,86,26314,3,0,0,3,6
2020-07-10,US,Alabama,Greene,192,9,0,32.85504247,-87.95684022,1063.0,2367.155714461842,4.6875,183,192,8,0,184,188,8233,0,1,0,-1,4
2020-07-10,US,Alabama,Hale,343,23,0,32.76039258,-87.63284988,1065.0,2341.1371237458193,6.705539358600582,320,337,22,0,315,317,14726,6,1,0,5,20
2020-07-10,US,Alabama,Henry,146,3,0,31.51148016,-85.24267944,1067.0,848.5905260098807,2.054794520547945,143,143,3,0,140,140,17209,3,0,0,3,3
2020-07-10,US,Alabama,Houston,561,6,0,31.15197924,-85.29939599,1069.0,529.8350994503315,1.0695187165775402,555,552,6,0,546,536,104722,9,0,0,9,16
2020-07-10,US,Alabama,Jackson,402,2,0,34.78144169,-85.99750489,1071.0,778.6774106070586,0.4975124378109453,400,374,2,0,372,343,51736,28,0,0,28,31
2020-07-10,US,Alabama,Jefferson,6219,167,0,33.55554728,-86.89506300000002,1073.0,944.3144495750661,2.685319183148416,6052,6030,162,0,5868,5687,659300,189,5,0,184,343
2020-07-10,US,Alabama,Lamar,87,1,0,33.77995024,-88.09668032,1075.0,630.2064469395146,1.1494252873563218,86,81,1,0,80,80,13844,6,0,0,6,1
2020-07-10,US,Alabama,Lauderdale,555,6,0,34.90171875,-87.65624729,1077.0,598.5182628951028,1.0810810810810811,549,537,6,0,531,514,92387,18,0,0,18,23
2020-07-10,US,Alabama,Lawrence,121,0,0,34.52041498,-87.31069453,1079.0,367.5130603814848,0.0,121,117,0,0,117,113,32957,4,0,0,4,4
2020-07-10,US,Alabama,Lee,1535,37,0,32.60154883,-85.35132246,1081.0,932.8925137654824,2.41042345276873,1498,1494,37,0,1457,1463,163941,41,0,0,41,31
2020-07-10,US,Alabama,Limestone,596,3,0,34.81185586,-86.98310072,1083.0,602.5375322246372,0.5033557046979866,593,574,1,0,573,525,96174,22,2,0,20,49
2020-07-10,US,Alabama,Lowndes,480,22,0,32.1597283,-86.65158371,1085.0,4935.2251696483645,4.583333333333333,458,480,22,0,458,479,9974,0,0,0,0,1
2020-07-10,US,Alabama,Macon,212,9,0,32.38759944,-85.69267724,1087.0,1173.345140580031,4.245283018867925,203,206,9,0,197,202,18439,6,0,0,6,4
2020-07-10,US,Alabama,Madison,1983,9,0,34.76327133,-86.55069633,1089.0,531.7651223220679,0.453857791225416,1974,1907,8,0,1899,1620,366519,76,1,0,75,287
2020-07-10,US,Alabama,Marengo,342,11,0,32.24767634,-87.78796182,1091.0,1813.0732121083608,3.2163742690058483,331,330,11,0,319,320,19066,12,0,0,12,10
2020-07-10,US,Alabama,Marion,267,14,0,34.13697363,-87.88704173,1093.0,898.7175603352521,5.243445692883896,253,245,14,0,231,241,29763,22,0,0,22,4
2020-07-10,US,Alabama,Marshall,1904,11,0,34.36975964,-86.30486727,1095.0,1967.4706016078696,0.5777310924369747,1893,1866,11,0,1855,1815,96109,38,0,0,38,51
2020-07-10,US,Alabama,Mobile,4625,138,0,30.78472347,-88.20842409,1097.0,1119.2855932818663,2.983783783783784,4487,4418,137,0,4281,4315,413757,207,1,0,206,103
2020-07-10,US,Alabama,Monroe,255,3,0,31.56729412,-87.36995001,1099.0,1229.9233106641584,1.1764705882352942,252,249,2,0,247,244,21067,6,1,0,5,5
2020-07-10,US,Alabama,Montgomery,4397,111,0,32.2206831,-86.20969272,1101.0,1941.4003514566025,2.5244484876051847,4286,4339,109,0,4230,4275,225763,58,2,0,56,64
2020-07-10,US,Alabama,Morgan,1241,5,0,34.45500589,-86.85475946,1103.0,1036.9404824572398,0.4029008863819501,1236,1220,5,0,1215,1157,119089,21,0,0,21,63
2020-07-10,US,Alabama,Perry,224,2,0,32.64048341,-87.29770589,1105.0,2510.3664686764537,0.8928571428571429,222,209,1,0,208,179,9140,15,1,0,14,30
2020-07-10,US,Alabama,Pickens,262,6,0,33.28094866,-88.08818103,1107.0,1314.6011038635224,2.2900763358778624,256,255,6,0,249,244,19938,7,0,0,7,11
2020-07-10,US,Alabama,Pike,467,5,0,31.80396383,-85.9408295,1109.0,1410.2796400314066,1.0706638115631693,462,459,5,0,454,452,33338,8,0,0,8,7
2020-07-10,US,Alabama,Randolph,248,9,0,33.29526734,-85.45708831,1111.0,1091.453217146378,3.629032258064516,239,244,9,0,235,228,22725,4,0,0,4,16
2020-07-10,US,Alabama,Russell,665,0,0,32.28725256,-85.18415324,1113.0,1147.3232000828145,0.0,665,657,0,0,657,589,57781,8,0,0,8,68
2020-07-10,US,Alabama,Shelby,1557,24,0,33.26879845,-86.66232561,1117.0,715.1978392481468,1.5414258188824663,1533,1509,24,0,1485,1414,215707,48,0,0,48,95
2020-07-10,US,Alabama,St. Clair,484,2,0,33.71902176,-86.31029372,1115.0,540.7096255250692,0.4132231404958678,482,469,2,0,467,440,88690,15,0,0,15,29
2020-07-10,US,Alabama,Sumter,287,13,0,32.59117397,-88.19916205,1119.0,2309.487406453689,4.529616724738676,274,285,12,0,273,285,12691,2,1,0,1,0
2020-07-10,US,Alabama,Talladega,367,7,0,33.37823223,-86.16886178,1121.0,458.8761909525119,1.9073569482288828,360,349,7,0,342,333,79828,18,0,0,18,16
2020-07-10,US,Alabama,Tallapoosa,625,69,0,32.86698258,-85.79833053,1123.0,1548.2943988901825,11.04,556,616,69,0,547,606,40497,9,0,0,9,10
2020-07-10,US,Alabama,Tuscaloosa,2586,52,0,33.28726072,-87.52556818,1125.0,1235.2224690119656,2.0108275328692957,2534,2544,48,0,2496,2382,208911,42,4,0,38,162
2020-07-10,US,Alabama,Unassigned,616,27,0,0.0,0.0,90001.0,0.0,4.383116883116883,589,586,26,0,560,538,,30,1,0,29,48
2020-07-10,US,Alabama,Walker,1056,31,0,33.80270512,-87.30027177,1127.0,1662.4423419026775,2.935606060606061,1025,1051,27,0,1024,1018,63711,5,4,0,1,33
2020-07-10,US,Alabama,Washington,136,7,0,31.4092794,-88.20689944,1129.0,833.027073379885,5.147058823529412,129,127,7,0,120,121,16378,9,0,0,9,6
2020-07-10,US,Alabama,Wilcox,299,8,0,31.98773215,-87.30891118,1131.0,2882.4833702882484,2.6755852842809364,291,296,8,0,288,295,10627,3,0,0,3,1
2020-07-10,US,Alabama,Winston,292,5,0,34.15030532,-87.37325922,1133.0,1235.7696051462187,1.7123287671232876,287,289,3,0,286,277,23660,3,2,0,1,12
2020-07-10,US,Alaska,Aleutians West,1,0,0,52.3233,-174.1596,2016.0,17.749378771742986,0.0,1,1,0,0,1,1,5723,0,0,0,0,0
2020-07-10,US,Alaska,Anchorage,641,8,0,61.14998174,-149.14269860000005,2020.0,222.56944444444446,1.24804992199688,633,619,7,0,612,597,291538,22,1,0,21,22
2020-07-10,US,Alaska,Bethel,12,0,0,60.90980451,-159.8561831,2050.0,65.26705101707822,0.0,12,12,0,0,12,11,18216,0,0,0,0,1
2020-07-10,US,Alaska,Bristol Bay,3,0,0,58.74513976,-156.701064,2060.0,358.85167464114835,0.0,3,,,,,,877,,,,,
2020-07-10,US,Alaska,Fairbanks North Star,201,2,0,64.80726247,-146.5692662,2090.0,207.53957191091285,0.9950248756218906,199,185,2,0,183,177,98971,16,0,0,16,8
2020-07-10,US,Alaska,Haines,2,0,0,59.09893571,-135.4679843,2100.0,79.05138339920948,0.0,2,2,0,0,2,2,2474,0,0,0,0,0
2020-07-10,US,Alaska,Juneau,47,2,0,58.45031811,-134.200436,2110.0,146.99443297679363,4.25531914893617,45,46,2,0,44,46,32113,1,0,0,1,0
2020-07-10,US,Alaska,Kenai Peninsula,189,2,0,60.24429722,-151.53888840000005,2122.0,321.93227498807664,1.058201058201058,187,182,2,0,180,175,58533,7,0,0,7,7
2020-07-10,US,Alaska,Ketchikan Gateway,23,0,0,55.57445008,-130.975561,2130.0,165.4557226098842,0.0,23,23,0,0,23,23,13918,0,0,0,0,0
2020-07-10,US,Alaska,Kodiak Island,4,0,0,57.65529415,-153.7493579,2150.0,30.773965225419296,0.0,4,4,0,0,4,4,13345,0,0,0,0,0
2020-07-10,US,Alaska,Kusilvak,2,0,0,62.15429159999999,-163.39678830000003,2158.0,24.05580947798893,0.0,2,2,0,0,2,2,8303,0,0,0,0,0
2020-07-10,US,Alaska,Matanuska-Susitna,131,2,0,62.31305045,-149.5741743,2170.0,120.94131115152746,1.5267175572519085,129,127,1,0,126,121,107610,4,1,0,3,6
2020-07-10,US,Alaska,Nome,12,0,0,64.90320724,-164.0353804,2180.0,119.95201919232305,0.0,12,10,0,0,10,9,10008,2,0,0,2,1
2020-07-10,US,Alaska,North Slope,4,0,0,69.31479216,-153.4836093,2185.0,40.68348250610252,0.0,4,4,0,0,4,4,9872,0,0,0,0,0
2020-07-10,US,Alaska,Northwest Arctic,6,0,0,67.04919196,-159.7503946,2188.0,78.72982548222019,0.0,6,6,0,0,6,6,7671,0,0,0,0,0
2020-07-10,US,Alaska,Petersburg,6,1,0,57.13978948,-132.9540995,2195.0,183.71096142069808,16.666666666666668,5,6,1,0,5,5,3221,0,0,0,0,1
2020-07-10,US,Alaska,Prince of Wales-Hyder,2,0,0,55.76261984,-133.0511621,2198.0,32.24246332419797,0.0,2,2,0,0,2,2,6422,0,0,0,0,0
2020-07-10,US,Alaska,Sitka,13,0,0,57.24124555,-135.3206587,2220.0,153.06723183798422,0.0,13,13,0,0,13,13,8647,0,0,0,0,0
2020-07-10,US,Alaska,Southeast Fairbanks,10,0,0,63.87692095,-143.2127643,2240.0,145.07471347744092,0.0,10,10,0,0,10,10,6918,0,0,0,0,0
2020-07-10,US,Alaska,Valdez-Cordova,6,0,0,61.47502768,-144.7126799,2261.0,65.20321669202347,0.0,6,6,0,0,6,6,9164,0,0,0,0,0
2020-07-10,US,Alaska,Wrangell,3,0,0,56.3202004,-132.05837309999998,2275.0,119.90407673860909,0.0,3,3,0,0,3,3,2503,0,0,0,0,0
2020-07-10,US,Alaska,Yukon-Koyukuk,5,0,0,65.50815459,-151.3907387,2290.0,95.60229445506693,0.0,5,5,0,0,5,5,5327,0,0,0,0,0
2020-07-10,US,Arizona,Apache,2534,101,0,35.39465006,-109.4892383,4001.0,3524.976699542337,3.9857932123125495,2433,2520,101,0,2419,2499,71818,14,0,0,14,21
2020-07-10,US,Arizona,Cochise,980,20,0,31.87934684,-109.7516088,4003.0,778.2595575038516,2.0408163265306123,960,905,20,0,885,884,126770,75,0,0,75,21
2020-07-10,US,Arizona,Coconino,2379,97,0,35.83883429,-111.7707178,4005.0,1658.1170369957345,4.0773434216057165,2282,2338,97,0,2241,2250,142854,41,0,0,41,88
2020-07-10,US,Arizona,Gila,424,12,0,33.80190085,-110.8132779,4007.0,784.9235440038506,2.830188679245283,412,385,11,0,374,373,53889,39,1,0,38,12
2020-07-10,US,Arizona,Graham,184,1,0,32.93166885,-109.8882178,4009.0,473.7750083683087,0.5434782608695652,183,180,1,0,179,179,38072,4,0,0,4,1
2020-07-10,US,Arizona,Greenlee,29,1,0,33.21498827,-109.2405279,4011.0,305.3274373552327,3.4482758620689653,28,27,1,0,26,26,9483,2,0,0,2,1
2020-07-10,US,Arizona,La Paz,394,7,0,33.72854224,-113.9810029,4012.0,1866.590866022361,1.7766497461928934,387,384,7,0,377,381,21098,10,0,0,10,3
2020-07-10,US,Arizona,Maricopa,76328,1049,0,33.34835867,-112.4918154,4013.0,1701.6935337518455,1.3743318310449641,75279,73165,1012,0,72153,70128,4410824,3163,37,0,3126,3037
2020-07-10,US,Arizona,Mohave,1696,97,0,35.70471703,-113.7577902,4015.0,799.3175637780951,5.71933962264151,1599,1595,96,0,1499,1509,209550,101,1,0,100,86
2020-07-10,US,Arizona,Navajo,4255,134,0,35.3997715,-110.3218983,4017.0,3835.95975622949,3.149236192714453,4121,4150,134,0,4016,4089,110445,105,0,0,105,61
2020-07-10,US,Arizona,Pima,11172,313,0,32.0971334,-111.7890033,4019.0,1066.7644438587995,2.8016469745793056,10859,10835,313,0,10522,10485,1039073,337,0,0,337,350
2020-07-10,US,Arizona,Pinal,5332,83,0,32.90525627,-111.3449483,4021.0,1152.144929978889,1.5566391597899474,5249,5156,82,0,5074,4959,447138,176,1,0,175,197
2020-07-10,US,Arizona,Santa Cruz,2133,27,0,31.52508998,-110.8479088,4023.0,4587.294077164609,1.2658227848101269,2106,2095,27,0,2068,2061,46511,38,0,0,38,34
2020-07-10,US,Arizona,Unassigned,0,1,0,0.0,0.0,90004.0,0.0,0.0,-1,0,1,0,-1,0,,0,0,0,0,0
2020-07-10,US,Arizona,Yavapai,1058,11,0,34.59933926,-112.5538588,4025.0,450.0231817234442,1.0396975425330812,1047,1037,11,0,1026,1016,231993,21,0,0,21,21
2020-07-10,US,Arizona,Yuma,7994,128,0,32.76895712,-113.90666740000002,4027.0,3739.235781408598,1.6012009006755066,7866,7899,124,0,7775,7775,212128,95,4,0,91,124
2020-07-10,US,Arkansas,Arkansas,52,0,0,34.29145151,-91.37277296,5001.0,297.38076175225893,0.0,52,51,0,0,51,46,17769,1,0,0,1,5
2020-07-10,US,Arkansas,Ashley,93,3,0,33.19153461,-91.7698471,5003.0,473.1139034440657,3.2258064516129035,90,90,2,0,88,83,20046,3,1,0,2,7
2020-07-10,US,Arkansas,Baxter,28,0,0,36.28784385,-92.33782872,5005.0,66.77477821234379,0.0,28,26,0,0,26,25,41619,2,0,0,2,1
2020-07-10,US,Arkansas,Benton,3355,22,0,36.33644656,-94.25680817,5007.0,1201.9015479632158,0.6557377049180327,3333,3270,22,0,3248,3164,272608,85,0,0,85,106
2020-07-10,US,Arkansas,Boone,45,1,0,36.3084504,-93.09374925,5009.0,120.21799529814062,2.2222222222222223,44,42,1,0,41,30,37480,3,0,0,3,12
2020-07-10,US,Arkansas,Bradley,69,2,0,33.46755808,-92.15980837,5011.0,641.0851992938773,2.898550724637681,67,58,2,0,56,56,10897,11,0,0,11,2
2020-07-10,US,Arkansas,Calhoun,2,0,0,33.55598792,-92.49974403,5013.0,38.54307188282906,0.0,2,2,0,0,2,2,5277,0,0,0,0,0
2020-07-10,US,Arkansas,Carroll,220,6,0,36.34038560000001,-93.54270261,5015.0,775.1937984496125,2.727272727272727,214,212,5,0,207,200,28223,8,1,0,7,12
2020-07-10,US,Arkansas,Chicot,207,3,0,33.26458973,-91.29539209,5017.0,2045.8588653884167,1.4492753623188406,204,201,3,0,198,189,10438,6,0,0,6,12
2020-07-10,US,Arkansas,Clark,70,0,0,34.04613432,-93.17484713,5019.0,313.6200716845878,0.0,70,66,0,0,66,61,22061,4,0,0,4,5
2020-07-10,US,Arkansas,Clay,78,3,0,36.36826212,-90.4148172,5021.0,536.0456326025703,3.8461538461538463,75,77,3,0,74,73,14847,1,0,0,1,4
2020-07-10,US,Arkansas,Cleburne,128,4,0,35.53864922,-92.02640019,5023.0,513.6642722420643,3.125,124,124,4,0,120,119,24965,4,0,0,4,5
2020-07-10,US,Arkansas,Cleveland,31,0,0,33.89723187,-92.18537045,5025.0,389.6430367018602,0.0,31,32,0,0,32,31,8018,-1,0,0,-1,1
2020-07-10,US,Arkansas,Columbia,105,5,0,33.21230701,-93.22642793,5027.0,447.6275738585496,4.761904761904762,100,103,5,0,98,100,23537,2,0,0,2,3
2020-07-10,US,Arkansas,Conway,86,3,0,35.26205537,-92.70506566,5029.0,412.5491701045763,3.4883720930232562,83,84,3,0,81,82,20891,2,0,0,2,2
2020-07-10,US,Arkansas,Craighead,524,7,0,35.83018283,-90.63235729,5031.0,474.93021063698654,1.3358778625954195,517,514,7,0,507,498,108558,10,0,0,10,16
2020-07-10,US,Arkansas,Crawford,260,2,0,35.58928601,-94.2446814,5033.0,411.0217051077352,0.7692307692307693,258,247,1,0,246,227,63406,13,1,0,12,20
2020-07-10,US,Arkansas,Crittenden,817,13,0,35.21247318,-90.30839406,5035.0,1703.6805338338024,1.591187270501836,804,815,13,0,802,799,48342,2,0,0,2,16
2020-07-10,US,Arkansas,Cross,94,1,0,35.29631396,-90.77185818,5037.0,572.507460868506,1.0638297872340423,93,93,1,0,92,90,16676,1,0,0,1,3
2020-07-10,US,Arkansas,Dallas,10,0,0,33.97042763,-92.65167437,5039.0,142.673705236125,0.0,10,10,0,0,10,11,7182,0,0,0,0,-1
2020-07-10,US,Arkansas,Desha,75,1,0,33.83011025,-91.25500948,5041.0,660.1531555320835,1.3333333333333333,74,71,1,0,70,66,11512,4,0,0,4,5
2020-07-10,US,Arkansas,Drew,85,2,0,33.59035001,-91.71777921,5043.0,466.54591360667433,2.3529411764705883,83,85,2,0,83,80,18328,0,0,0,0,5
2020-07-10,US,Arkansas,Faulkner,727,3,0,35.14719007,-92.33717519,5045.0,576.952074091122,0.4126547455295736,724,701,3,0,698,648,124806,26,0,0,26,53
2020-07-10,US,Arkansas,Franklin,28,1,0,35.51202821,-93.89299569,5047.0,158.0581428168219,3.571428571428572,27,28,1,0,27,27,17810,0,0,0,0,1
2020-07-10,US,Arkansas,Fulton,17,0,0,36.38177105,-91.81729127,5049.0,136.25070129037428,0.0,17,17,0,0,17,16,12269,0,0,0,0,1
2020-07-10,US,Arkansas,Garland,311,3,0,34.57692074,-93.14921604,5051.0,312.92133700923665,0.964630225080386,308,303,3,0,300,300,99154,8,0,0,8,3
2020-07-10,US,Arkansas,Grant,52,0,0,34.29017991,-92.42320562,5053.0,284.69750889679716,0.0,52,51,0,0,51,51,18188,1,0,0,1,0
2020-07-10,US,Arkansas,Greene,145,0,0,36.11735460000001,-90.55832668,5055.0,319.91174848317706,0.0,145,141,0,0,141,134,45325,4,0,0,4,7
2020-07-10,US,Arkansas,Hempstead,70,1,0,33.73325583,-93.66935133,5057.0,325.0975292587776,1.4285714285714286,69,70,1,0,69,69,21741,0,0,0,0,1
2020-07-10,US,Arkansas,Hot Spring,887,1,0,34.31709259,-92.95396325,5059.0,2626.5138728494862,0.11273957158962795,886,743,1,0,742,649,33701,144,0,0,144,94
2020-07-10,US,Arkansas,Howard,131,1,0,34.09007427,-93.9934871,5061.0,992.2738978942584,0.7633587786259542,130,121,1,0,120,115,13341,10,0,0,10,6
2020-07-10,US,Arkansas,Independence,66,0,0,35.74242707,-91.57001641,5063.0,174.48777263714473,0.0,66,66,0,0,66,61,37678,0,0,0,0,5
2020-07-10,US,Arkansas,Izard,24,1,0,36.09604046,-91.90847954,5065.0,176.09509134932858,4.166666666666667,23,24,1,0,23,24,13593,0,0,0,0,0
2020-07-10,US,Arkansas,Jackson,38,0,0,35.59802983,-91.21494602,5067.0,227.28632095221005,0.0,38,39,0,0,39,37,16811,-1,0,0,-1,2
2020-07-10,US,Arkansas,Jefferson,831,28,0,34.26767081,-91.92619839,5069.0,1243.565186160661,3.3694344163658245,803,808,28,0,780,784,68114,23,0,0,23,24
2020-07-10,US,Arkansas,Johnson,351,0,0,35.56759135,-93.46036368,5071.0,1320.6411317631125,0.0,351,339,0,0,339,307,26742,12,0,0,12,32
2020-07-10,US,Arkansas,Lafayette,24,2,0,33.24116713,-93.60677071,5073.0,362.3188405797102,8.333333333333334,22,24,2,0,22,23,6682,0,0,0,0,1
2020-07-10,US,Arkansas,Lawrence,112,9,0,36.04188196,-91.10867198,5075.0,682.6770693648665,8.035714285714286,103,111,9,0,102,107,16434,1,0,0,1,4
2020-07-10,US,Arkansas,Lee,818,3,0,34.78498904,-90.78383866,5077.0,9235.632832787625,0.3667481662591687,815,817,3,0,814,815,8985,1,0,0,1,2
2020-07-10,US,Arkansas,Lincoln,1048,11,0,33.95317155,-91.74002806,5079.0,8046.683046683047,1.049618320610687,1037,1046,11,0,1035,1044,13383,2,0,0,2,2
2020-07-10,US,Arkansas,Little River,40,0,0,33.70375665,-94.23468591,5081.0,326.29088832694345,0.0,40,40,0,0,40,40,12326,0,0,0,0,0
2020-07-10,US,Arkansas,Logan,72,0,0,35.21413234,-93.71951016,5083.0,335.41414329637564,0.0,72,65,0,0,65,64,21737,7,0,0,7,1
2020-07-10,US,Arkansas,Lonoke,189,1,0,34.75392199,-91.88742357,5085.0,257.81281970835784,0.5291005291005291,188,182,1,0,181,180,73657,7,0,0,7,2
2020-07-10,US,Arkansas,Madison,215,0,0,36.01038185,-93.72524943,5087.0,1297.0559845559849,0.0,215,214,0,0,214,214,16481,1,0,0,1,0
2020-07-10,US,Arkansas,Marion,12,0,0,36.26844485,-92.68451899,5089.0,71.88211333413203,0.0,12,12,0,0,12,12,16722,0,0,0,0,0
2020-07-10,US,Arkansas,Miller,241,2,0,33.31403423,-93.89285258,5091.0,557.1352613449847,0.8298755186721992,239,237,2,0,235,233,43592,4,0,0,4,4
2020-07-10,US,Arkansas,Mississippi,290,3,0,35.76271485,-90.05194370000002,5093.0,713.3895845120662,1.0344827586206895,287,275,3,0,272,265,41239,15,0,0,15,10
2020-07-10,US,Arkansas,Monroe,19,0,0,34.6815935,-91.20540287,5095.0,283.5397701835547,0.0,19,19,0,0,19,17,6900,0,0,0,0,2
2020-07-10,US,Arkansas,Montgomery,8,0,0,34.53704874,-93.65824478,5097.0,89.02737591809479,0.0,8,8,0,0,8,7,8924,0,0,0,0,1
2020-07-10,US,Arkansas,Nevada,108,3,0,33.66340119,-93.30632432,5099.0,1308.7736306349975,2.7777777777777777,105,107,3,0,104,106,8326,1,0,0,1,1
2020-07-10,US,Arkansas,Newton,8,0,0,35.91947491,-93.21612969,5101.0,103.18586353669548,0.0,8,7,0,0,7,7,7805,1,0,0,1,0
2020-07-10,US,Arkansas,Ouachita,32,0,0,33.58839816,-92.87795984,5103.0,136.8574116842015,0.0,32,29,0,0,29,28,23606,3,0,0,3,1
2020-07-10,US,Arkansas,Perry,33,0,0,34.9459153,-92.94372564,5105.0,315.63845050215207,0.0,33,32,0,0,32,32,10352,1,0,0,1,0
2020-07-10,US,Arkansas,Phillips,171,5,0,34.43268455,-90.84800154,5107.0,961.646608930379,2.9239766081871346,166,165,5,0,160,160,18029,6,0,0,6,5
2020-07-10,US,Arkansas,Pike,20,0,0,34.16250414,-93.65789349,5109.0,186.6019779809666,0.0,20,19,0,0,19,12,10673,1,0,0,1,7
2020-07-10,US,Arkansas,Poinsett,69,3,0,35.57433534,-90.66268713,5111.0,293.26759605576336,4.3478260869565215,66,64,3,0,61,64,23974,5,0,0,5,0
2020-07-10,US,Arkansas,Polk,86,0,0,34.48254879,-94.22728802,5113.0,430.7753957122821,0.0,86,84,0,0,84,81,20049,2,0,0,2,3
2020-07-10,US,Arkansas,Pope,626,4,0,35.44871474,-93.03212219,5115.0,977.0258459233362,0.6389776357827476,622,585,4,0,581,562,64000,41,0,0,41,23
2020-07-10,US,Arkansas,Prairie,28,0,0,34.83624419,-91.55162157,5117.0,347.308360208385,0.0,28,26,0,0,26,25,8074,2,0,0,2,1
2020-07-10,US,Arkansas,Pulaski,2810,63,0,34.77054088,-92.31355101,5119.0,716.9995228508512,2.2419928825622777,2747,2713,63,0,2650,2611,392680,97,0,0,97,102
2020-07-10,US,Arkansas,Randolph,64,1,0,36.3415714,-91.02455531,5121.0,356.3871255150908,1.5625,63,61,1,0,60,59,17948,3,0,0,3,2
2020-07-10,US,Arkansas,Saline,433,3,0,34.64916145,-92.67583224,5125.0,353.6512655488129,0.6928406466512702,430,420,3,0,417,399,121421,13,0,0,13,21
2020-07-10,US,Arkansas,Scott,16,0,0,34.85588887,-94.0632176,5127.0,155.62688454430503,0.0,16,16,0,0,16,14,10319,0,0,0,0,2
2020-07-10,US,Arkansas,Searcy,16,0,0,35.9109364,-92.69936482,5129.0,203.01992132978046,0.0,16,16,0,0,16,13,7958,0,0,0,0,3
2020-07-10,US,Arkansas,Sebastian,747,7,0,35.19605503,-94.27162713,5131.0,584.3835809336057,0.9370816599732262,740,705,7,0,698,649,127753,42,0,0,42,56
2020-07-10,US,Arkansas,Sevier,788,9,0,33.99780401,-94.2424869,5133.0,4633.386252719469,1.1421319796954317,779,781,9,0,772,769,17139,7,0,0,7,12
2020-07-10,US,Arkansas,Sharp,62,5,0,36.16258158,-91.47819342,5135.0,355.463822956083,8.064516129032258,57,61,5,0,56,58,17366,1,0,0,1,3
2020-07-10,US,Arkansas,St. Francis,901,3,0,35.02201976,-90.74828138,5123.0,3604.8651676402337,0.33296337402885684,898,898,3,0,895,894,25439,3,0,0,3,4
2020-07-10,US,Arkansas,Stone,19,1,0,35.86251946,-92.15684085,5137.0,151.92707500399808,5.2631578947368425,18,19,1,0,18,19,12457,0,0,0,0,0
2020-07-10,US,Arkansas,Unassigned,966,0,0,0.0,0.0,90005.0,0.0,0.0,966,935,0,0,935,945,,31,0,0,31,-10
2020-07-10,US,Arkansas,Union,267,13,0,33.16887091,-92.59746952,5139.0,690.2435241197456,4.868913857677903,254,266,13,0,253,264,39126,1,0,0,1,2
2020-07-10,US,Arkansas,Van Buren,36,2,0,35.58095779,-92.51295036,5141.0,217.58839528558482,5.5555555555555545,34,36,2,0,34,36,16603,0,0,0,0,0
2020-07-10,US,Arkansas,Washington,4344,36,0,35.976844,-94.21800746,5143.0,1816.152215630448,0.8287292817679558,4308,4309,35,0,4274,4266,236961,35,1,0,34,43
2020-07-10,US,Arkansas,White,121,2,0,35.25688493,-91.74908296,5145.0,153.64494051020282,1.6528925619834711,119,115,2,0,113,107,78727,6,0,0,6,8
2020-07-10,US,Arkansas,Woodruff,10,0,0,35.18902527,-91.2439489,5147.0,158.22784810126586,0.0,10,10,0,0,10,8,6490,0,0,0,0,2
2020-07-10,US,Arkansas,Yell,822,5,0,35.00292371,-93.41171338,5149.0,3851.7407806569513,0.6082725060827251,817,799,5,0,794,783,21535,23,0,0,23,16
2020-07-10,US,California,Alameda,7485,147,0,37.64629437,-121.8929271,6001.0,447.84719226435965,1.9639278557114228,7338,7407,146,0,7261,7245,1666753,78,1,0,77,162
2020-07-10,US,California,Alpine,2,0,0,38.59678594,-119.8223594,6003.0,177.14791851195747,0.0,2,2,0,0,2,2,1101,0,0,0,0,0
2020-07-10,US,California,Amador,36,0,0,38.44583082,-120.65696,6005.0,90.5614811833367,0.0,36,36,0,0,36,35,39383,0,0,0,0,1
2020-07-10,US,California,Butte,338,4,0,39.66727762,-121.6005252,6007.0,154.20692927467996,1.183431952662722,334,319,4,0,315,295,231256,19,0,0,19,24
2020-07-10,US,California,Calaveras,67,0,0,38.20537103,-120.552913,6009.0,145.95359982572703,0.0,67,61,0,0,61,61,45602,6,0,0,6,0
2020-07-10,US,California,Colusa,103,0,0,39.17881957,-122.2331726,6011.0,478.0247830324407,0.0,103,103,0,0,103,98,21627,0,0,0,0,5
2020-07-10,US,California,Contra Costa,4460,88,0,37.91923498,-121.9289527,6013.0,386.6406132154802,1.9730941704035876,4372,4357,88,0,4269,4241,1150215,103,0,0,103,116
2020-07-10,US,California,Del Norte,60,0,0,41.74228275,-123.89740630000001,6015.0,215.73421544656986,0.0,60,58,0,0,58,58,27828,2,0,0,2,0
2020-07-10,US,California,El Dorado,307,0,0,38.77965956,-120.5233166,6017.0,159.1968596215574,0.0,307,292,0,0,292,280,190678,15,0,0,15,12
2020-07-10,US,California,Fresno,7627,87,0,36.75733899,-119.6466953,6019.0,763.3862842695584,1.1406844106463878,7540,7627,87,0,7540,7281,994400,0,0,0,0,346
2020-07-10,US,California,Glenn,164,0,0,39.59875897,-122.3938452,6021.0,577.6071566935512,0.0,164,159,0,0,159,153,28047,5,0,0,5,6
2020-07-10,US,California,Humboldt,165,4,0,40.69923009,-123.876044,6023.0,121.71911654052141,2.4242424242424243,161,161,4,0,157,157,136373,4,0,0,4,4
2020-07-10,US,California,Imperial,7759,132,0,33.0393082,-115.3669042,6025.0,4281.654388433629,1.7012501611032351,7627,7654,127,0,7527,7464,181827,105,5,0,100,190
2020-07-10,US,California,Inyo,34,1,0,36.51112084,-117.41119779999998,6027.0,188.4805144409336,2.9411764705882355,33,34,1,0,33,34,17987,0,0,0,0,0
2020-07-10,US,California,Kern,6195,97,0,35.34329425,-118.7277796,6029.0,688.178875407964,1.5657788539144468,6098,5979,89,0,5890,5759,896764,216,8,0,208,220
2020-07-10,US,California,Kings,2855,39,0,36.07409056,-119.8159973,6031.0,1866.7451288086831,1.3660245183887916,2816,2855,39,0,2816,2823,151366,0,0,0,0,32
2020-07-10,US,California,Lake,108,1,0,39.10124298,-122.7536244,6033.0,167.73832820799552,0.925925925925926,107,101,1,0,100,100,64382,7,0,0,7,1
2020-07-10,US,California,Lassen,261,0,0,40.67311306,-120.59350990000002,6035.0,853.6944362672948,0.0,261,269,0,0,269,267,30802,-8,0,0,-8,2
2020-07-10,US,California,Los Angeles,127439,3744,0,34.30828379,-118.2282411,6037.0,1269.425657082846,2.9378761603590737,123695,124992,3690,0,121302,123256,10105518,2447,54,0,2393,1736
2020-07-10,US,California,Madera,857,8,0,37.21513971,-119.76655890000002,6039.0,544.7253173326892,0.9334889148191364,849,857,8,0,849,857,157672,0,0,0,0,0
2020-07-10,US,California,Marin,3364,30,0,38.07122463,-122.7210631,6041.0,1299.7148663580938,0.89179548156956,3334,3227,30,0,3197,3232,259666,137,0,0,137,-5
2020-07-10,US,California,Mariposa,31,1,0,37.57978556,-119.9073334,6043.0,180.2011277102831,3.2258064516129035,30,31,1,0,30,31,17471,0,0,0,0,0
2020-07-10,US,California,Mendocino,107,0,0,39.4381191,-123.3911313,6045.0,123.34436131828608,0.0,107,107,0,0,107,98,87606,0,0,0,0,9
2020-07-10,US,California,Merced,1793,12,0,37.18922369,-120.7209035,6047.0,645.707288965716,0.6692693809258227,1781,1793,12,0,1781,1623,274765,0,0,0,0,170
2020-07-10,US,California,Mono,49,1,0,37.93899289,-118.8872409,6051.0,339.24120742176683,2.0408163265306123,48,49,1,0,48,49,14250,0,0,0,0,0
2020-07-10,US,California,Monterey,2419,18,0,36.21862405,-121.2413397,6053.0,557.2949424159276,0.7441091360066143,2401,2343,17,0,2326,2270,435594,76,1,0,75,73
2020-07-10,US,California,Napa,477,4,0,38.50735751,-122.332839,6055.0,346.2945754443025,0.8385744234800838,473,466,4,0,462,453,139417,11,0,0,11,13
2020-07-10,US,California,Nevada,163,1,0,39.30394768,-120.7627281,6057.0,163.40033081048568,0.6134969325153374,162,159,1,0,158,155,99696,4,0,0,4,4
2020-07-10,US,California,Orange,22650,412,0,33.70147516,-117.76459979999998,6059.0,713.2303762455552,1.8189845474613688,22238,21517,402,0,21115,20225,3185968,1133,10,0,1123,1292
2020-07-10,US,California,Placer,1021,11,0,39.06167234,-120.7240569,6061.0,256.32078005869516,1.0773751224289911,1010,993,11,0,982,970,393149,28,0,0,28,23
2020-07-10,US,California,Plumas,17,0,0,40.00355989,-120.8395236,6063.0,90.39187536555538,0.0,17,15,0,0,15,15,18804,2,0,0,2,0
2020-07-10,US,California,Riverside,24765,537,0,33.74314981,-115.9933578,6065.0,1002.4099935803664,2.1683827983040582,24228,23334,533,0,22801,21957,2450758,1431,4,0,1427,1377
2020-07-10,US,California,Sacramento,5152,79,0,38.45106826,-121.3425374,6067.0,331.94635767477763,1.5333850931677018,5073,4932,78,0,4854,4776,1540975,220,1,0,219,156
2020-07-10,US,California,San Benito,311,2,0,36.60308176,-121.069975,6069.0,495.15985224812124,0.6430868167202572,309,311,2,0,309,304,61537,0,0,0,0,7
2020-07-10,US,California,San Bernardino,18275,304,0,34.84060306,-116.1774685,6071.0,838.2700674514984,1.6634746922024624,17971,17414,304,0,17110,16586,2171603,861,0,0,861,828
2020-07-10,US,California,San Diego,18863,420,0,33.03484597,-116.7365326,6073.0,565.0430005421873,2.2265811376769338,18443,18402,415,0,17987,17842,3343364,461,5,0,456,560
2020-07-10,US,California,San Francisco,4316,50,0,37.75215114,-122.4385672,6075.0,489.5927509418081,1.1584800741427248,4266,4145,50,0,4095,4071,883305,171,0,0,171,74
2020-07-10,US,California,San Joaquin,6279,68,0,37.93433732,-121.2730061,6077.0,823.8557340569023,1.0829749960184742,6211,6065,67,0,5998,5817,752660,214,1,0,213,248
2020-07-10,US,California,San Luis Obispo,905,4,0,35.38822029,-120.4039028,6079.0,319.66260583304785,0.4419889502762431,901,877,4,0,873,845,284010,28,0,0,28,32
2020-07-10,US,California,San Mateo,3846,112,0,37.4228808,-122.32755459999998,6081.0,501.71347021092583,2.9121164846593866,3734,3787,111,0,3676,3743,769545,59,1,0,58,44
2020-07-10,US,California,Santa Barbara,3868,29,0,34.65329488,-120.0188492,6083.0,866.2953332482268,0.749741468459152,3839,3868,29,0,3839,3808,446527,0,0,0,0,60
2020-07-10,US,California,Santa Clara,5863,166,0,37.23104908,-121.6970462,6085.0,304.1208557503377,2.831315026436977,5697,5678,166,0,5512,5552,1937570,185,0,0,185,126
2020-07-10,US,California,Santa Cruz,537,3,0,37.05580291,-122.0066524,6087.0,196.5499445487587,0.5586592178770949,534,506,3,0,503,503,274255,31,0,0,31,3
2020-07-10,US,California,Shasta,176,6,0,40.76391419,-122.0396884,6089.0,97.73434029320299,3.4090909090909087,170,176,6,0,170,171,180040,0,0,0,0,5
2020-07-10,US,California,Sierra,1,0,0,39.57713498,-120.52007009999998,6091.0,33.277870216306155,0.0,1,1,0,0,1,1,2987,0,0,0,0,0
2020-07-10,US,California,Siskiyou,41,0,0,41.59198861,-122.54074340000001,6093.0,94.16844667998804,0.0,41,33,0,0,33,33,43724,8,0,0,8,0
2020-07-10,US,California,Solano,2075,28,0,38.26827353,-121.9357113,6095.0,463.5390255181026,1.3493975903614457,2047,1985,27,0,1958,1922,446610,90,1,0,89,63
2020-07-10,US,California,Sonoma,1561,14,0,38.52746429,-122.8862506,6097.0,315.7771232522009,0.8968609865470852,1547,1519,14,0,1505,1487,499942,42,0,0,42,32
2020-07-10,US,California,Stanislaus,4364,50,0,37.55862499,-120.9970722,6099.0,792.5035412050992,1.1457378551787352,4314,4364,50,0,4314,3004,549815,0,0,0,0,1360
2020-07-10,US,California,Sutter,337,4,0,39.03417539,-121.6945899,6101.0,347.52658011157973,1.1869436201780414,333,337,4,0,333,323,96807,0,0,0,0,14
2020-07-10,US,California,Tehama,98,1,0,40.12570935,-122.2370171,6103.0,150.57464200110627,1.020408163265306,97,98,1,0,97,98,63916,0,0,0,0,0
2020-07-10,US,California,Trinity,2,0,0,40.64917670000001,-123.114713,6105.0,16.28001628001628,0.0,2,2,0,0,2,2,12535,0,0,0,0,0
2020-07-10,US,California,Tulare,5678,152,0,36.22026558,-118.8020203,6107.0,1217.9452804084128,2.6769989432898913,5526,5509,148,0,5361,5298,465861,169,4,0,165,211
2020-07-10,US,California,Tuolumne,64,0,0,38.02644018,-119.9525093,6109.0,117.47861522082307,0.0,64,60,0,0,60,58,54539,4,0,0,4,2
2020-07-10,US,California,Ventura,4093,53,0,34.44465746,-119.0910613,6111.0,483.80271534717247,1.294893720987051,4040,4093,53,0,4040,3858,850967,0,0,0,0,235
2020-07-10,US,California,Yolo,839,28,0,38.68278902,-121.9018288,6113.0,380.49886621315187,3.3373063170441,811,802,28,0,774,760,220408,37,0,0,37,42
2020-07-10,US,California,Yuba,163,3,0,39.26255932,-121.3535644,6115.0,207.19987796817,1.8404907975460123,160,163,3,0,160,154,78041,0,0,0,0,9
2020-07-10,US,Colorado,Adams,4669,157,0,39.87432092,-104.3362578,8001.0,902.3599737931007,3.3626044120796745,4512,4588,156,0,4432,4546,511868,81,1,0,80,42
2020-07-10,US,Colorado,Alamosa,204,6,0,37.57250606,-105.7885451,8003.0,1256.6993162077251,2.9411764705882355,198,204,6,0,198,203,16683,0,0,0,0,1
2020-07-10,US,Colorado,Arapahoe,5583,349,0,39.64977461,-104.3353617,8005.0,850.3023195601518,6.251119469819094,5234,5510,349,0,5161,5459,651215,73,0,0,73,51
2020-07-10,US,Colorado,Archuleta,12,0,0,37.19474156,-107.04768670000001,8007.0,85.53710171787012,0.0,12,12,0,0,12,12,13765,0,0,0,0,0
2020-07-10,US,Colorado,Baca,14,0,0,37.31940883,-102.5603223,8009.0,390.9522479754258,0.0,14,14,0,0,14,14,3585,0,0,0,0,0
2020-07-10,US,Colorado,Bent,4,0,0,37.95474293,-103.0720195,8011.0,71.72314864622557,0.0,4,4,0,0,4,4,5882,0,0,0,0,0
2020-07-10,US,Colorado,Boulder,1498,73,0,40.09313619,-105.3546767,8013.0,459.2330991183216,4.873164218958611,1425,1486,72,0,1414,1466,326078,12,1,0,11,20
2020-07-10,US,Colorado,Broomfield,336,30,0,39.95998787,-105.0566324,8014.0,476.8324700205776,8.928571428571429,306,333,30,0,303,324,69267,3,0,0,3,9
2020-07-10,US,Colorado,Chaffee,82,19,0,38.74745778,-106.19265729999998,8015.0,402.82963254077424,23.170731707317074,63,81,19,0,62,81,20027,1,0,0,1,0
2020-07-10,US,Colorado,Cheyenne,5,0,0,38.82777431,-102.6032558,8017.0,273.07482250136536,0.0,5,5,0,0,5,5,1876,0,0,0,0,0
2020-07-10,US,Colorado,Clear Creek,21,1,0,39.68864463,-105.6463118,8019.0,216.49484536082474,4.761904761904762,20,21,1,0,20,21,9605,0,0,0,0,0
2020-07-10,US,Colorado,Conejos,17,0,0,37.201606,-106.19174879999998,8021.0,207.19073735527118,0.0,17,15,0,0,15,15,8200,2,0,0,2,0
2020-07-10,US,Colorado,Costilla,22,0,0,37.27732493,-105.4276548,8023.0,565.9891947517366,0.0,22,22,0,0,22,22,3828,0,0,0,0,0
2020-07-10,US,Colorado,Crowley,71,1,0,38.32608609,-103.7844965,8025.0,1171.4238574492658,1.4084507042253518,70,71,1,0,70,71,5858,0,0,0,0,0
2020-07-10,US,Colorado,Custer,3,0,0,38.10883162,-105.3683478,8027.0,59.19494869771113,0.0,3,3,0,0,3,3,4954,0,0,0,0,0
2020-07-10,US,Colorado,Delta,84,1,0,38.86246243,-107.86313419999999,8029.0,269.5590783646749,1.1904761904761905,83,83,1,0,82,84,30953,1,0,0,1,-1
2020-07-10,US,Colorado,Denver,7759,394,0,39.76018276,-104.87256950000001,8031.0,1066.9530576407672,5.077973965717232,7365,7651,386,0,7265,7563,716492,108,8,0,100,88
2020-07-10,US,Colorado,Douglas,1120,52,0,39.33133796,-104.930001,8035.0,318.94838162173863,4.642857142857143,1068,1078,52,0,1026,1056,342776,42,0,0,42,22
2020-07-10,US,Colorado,Eagle,758,8,0,39.62754308,-106.6933637,8037.0,1375.0068024742866,1.0554089709762533,750,738,8,0,730,732,54993,20,0,0,20,6
2020-07-10,US,Colorado,El Paso,2935,115,0,38.83240149,-104.5251411,8041.0,407.4108519814603,3.9182282793867116,2820,2804,110,0,2694,2751,713856,131,5,0,126,53
2020-07-10,US,Colorado,Elbert,61,2,0,39.28656773,-104.13587209999999,8039.0,228.21654382880016,3.278688524590164,59,60,2,0,58,60,26282,1,0,0,1,0
2020-07-10,US,Colorado,Fremont,42,0,0,38.47362326,-105.43996670000001,8043.0,87.7944773093083,0.0,42,41,0,0,41,41,48021,1,0,0,1,0
2020-07-10,US,Colorado,Garfield,379,3,0,39.59921777,-107.902708,8045.0,631.0251244568022,0.7915567282321899,376,349,3,0,346,339,59770,30,0,0,30,10
2020-07-10,US,Colorado,Gilpin,8,0,0,39.85646523,-105.5252597,8047.0,128.14352074323241,0.0,8,8,0,0,8,8,6121,0,0,0,0,0
2020-07-10,US,Colorado,Grand,26,1,0,40.10603347,-106.11780420000001,8049.0,165.2472352866404,3.8461538461538463,25,23,1,0,22,23,15525,3,0,0,3,0
2020-07-10,US,Colorado,Gunnison,192,6,0,38.66611652,-107.0320729,8051.0,1099.5304088878709,3.125,186,190,6,0,184,190,17246,2,0,0,2,0
2020-07-10,US,Colorado,Hinsdale,3,0,0,37.82247444,-107.3004345,8053.0,365.8536585365854,0.0,3,3,0,0,3,3,811,0,0,0,0,0
2020-07-10,US,Colorado,Huerfano,4,1,0,37.68473101,-104.9612585,8055.0,57.99623024503408,25.0,3,4,1,0,3,4,6889,0,0,0,0,0
2020-07-10,US,Colorado,Jackson,7,0,0,40.66593870000001,-106.3408905,8057.0,502.8735632183908,0.0,7,2,0,0,2,2,1399,5,0,0,5,0
2020-07-10,US,Colorado,Jefferson,2970,215,0,39.58635604,-105.2517692,8059.0,509.5379674410386,7.239057239057238,2755,2922,214,0,2708,2887,580233,48,1,0,47,35
2020-07-10,US,Colorado,Kit Carson,36,3,0,39.30497777,-102.60221990000001,8063.0,507.25658729040435,8.333333333333334,33,35,3,0,32,35,7163,1,0,0,1,0
2020-07-10,US,Colorado,La Plata,133,1,0,37.28632032,-107.8429014,8067.0,236.56640757012505,0.7518796992481203,132,130,1,0,129,130,56310,3,0,0,3,0
2020-07-10,US,Colorado,Lake,53,0,0,39.20278823,-106.35556969999999,8065.0,652.1471637750707,0.0,53,52,0,0,52,52,7824,1,0,0,1,0
2020-07-10,US,Colorado,Larimer,884,30,0,40.66671597,-105.4625784,8069.0,247.68912213259213,3.3936651583710407,854,869,30,0,839,843,350518,15,0,0,15,26
2020-07-10,US,Colorado,Las Animas,9,0,0,37.3153406,-104.03764579999999,8071.0,62.04329243071832,0.0,9,10,0,0,10,9,14503,-1,0,0,-1,1
2020-07-10,US,Colorado,Lincoln,4,0,0,38.98749519,-103.51366490000001,8073.0,70.1631292755657,0.0,4,4,0,0,4,4,5610,0,0,0,0,0
2020-07-10,US,Colorado,Logan,641,5,0,40.7249637,-103.110817,8075.0,2860.457851755991,0.7800312012480499,636,640,5,0,635,640,21528,1,0,0,1,0
2020-07-10,US,Colorado,Mesa,137,0,0,39.01787888,-108.469799,8077.0,88.83989365151417,0.0,137,129,0,0,129,125,153207,8,0,0,8,4
2020-07-10,US,Colorado,Mineral,15,0,0,37.66954283,-106.92816979999999,8079.0,1950.585175552665,0.0,15,15,0,0,15,14,776,0,0,0,0,1
2020-07-10,US,Colorado,Moffat,15,1,0,40.61810999,-108.2070876,8081.0,112.92629677030793,6.666666666666668,14,14,0,0,14,13,13188,1,1,0,0,1
2020-07-10,US,Colorado,Montezuma,77,3,0,37.33859579,-108.59588570000001,8083.0,294.08394759958753,3.8961038961038965,74,76,3,0,73,75,26158,1,0,0,1,1
2020-07-10,US,Colorado,Montrose,216,12,0,38.40214114,-108.26390220000002,8085.0,505.1686234155012,5.5555555555555545,204,214,12,0,202,213,42214,2,0,0,2,1
2020-07-10,US,Colorado,Morgan,656,46,0,40.26279810000001,-103.8093302,8087.0,2256.7772120544932,7.012195121951219,610,655,46,0,609,655,28558,1,0,0,1,0
2020-07-10,US,Colorado,Otero,22,1,0,37.9014485,-103.7173385,8089.0,120.3632782580151,4.545454545454546,21,22,1,0,21,22,18432,0,0,0,0,0
2020-07-10,US,Colorado,Ouray,12,1,0,38.14717457,-107.7675136,8091.0,242.3263327948304,8.333333333333334,11,12,1,0,11,12,4833,0,0,0,0,0
2020-07-10,US,Colorado,Park,33,0,0,39.120926000000004,-105.7182065,8093.0,175.11276200583708,0.0,33,32,0,0,32,32,18556,1,0,0,1,0
2020-07-10,US,Colorado,Phillips,16,0,0,40.59414277,-102.3577703,8095.0,375.14654161781954,0.0,16,16,0,0,16,16,4286,0,0,0,0,0
2020-07-10,US,Colorado,Pitkin,124,2,0,39.21720112,-106.9310027,8097.0,697.9231158890077,1.6129032258064515,122,117,2,0,115,111,17950,7,0,0,7,6
2020-07-10,US,Colorado,Prowers,36,0,0,37.95544985,-102.3926052,8099.0,295.76076240552084,0.0,36,33,0,0,33,32,12164,3,0,0,3,1
2020-07-10,US,Colorado,Pueblo,422,31,0,38.17359144,-104.5127437,8101.0,250.55811523298343,7.345971563981043,391,417,30,0,387,416,167529,5,1,0,4,1
2020-07-10,US,Colorado,Rio Blanco,6,0,0,39.97913541,-108.2179009,8103.0,94.87666034155598,0.0,6,4,0,0,4,4,6336,2,0,0,2,0
2020-07-10,US,Colorado,Rio Grande,80,2,0,37.5836865,-106.3847838,8105.0,710.0381645513446,2.5,78,80,2,0,78,80,11250,0,0,0,0,0
2020-07-10,US,Colorado,Routt,81,6,0,40.48596505,-106.9905548,8107.0,315.9372805991107,7.407407407407407,75,79,6,0,73,79,25733,2,0,0,2,0
2020-07-10,US,Colorado,Saguache,103,2,0,38.08054629,-106.28246599999999,8109.0,1509.3786635404456,1.9417475728155342,101,103,2,0,101,103,6843,0,0,0,0,0
2020-07-10,US,Colorado,San Juan,2,0,0,37.76248981,-107.67632890000002,8111.0,274.72527472527474,0.0,2,2,0,0,2,2,762,0,0,0,0,0
2020-07-10,US,Colorado,San Miguel,45,0,0,38.00450883,-108.4020725,8113.0,550.1895097200147,0.0,45,43,0,0,43,41,8191,2,0,0,2,2
2020-07-10,US,Colorado,Summit,294,4,0,39.63803232,-106.1150762,8117.0,948.0506916900456,1.3605442176870748,290,289,4,0,285,288,31007,5,0,0,5,1
2020-07-10,US,Colorado,Teller,59,2,0,38.88133511,-105.16148929999999,8119.0,232.39325665668812,3.3898305084745757,57,53,2,0,51,52,25083,6,0,0,6,1
2020-07-10,US,Colorado,Washington,46,0,0,39.97015535,-103.202587,8121.0,937.2453137734312,0.0,46,46,0,0,46,46,4909,0,0,0,0,0
2020-07-10,US,Colorado,Weld,2973,138,0,40.55499405,-104.39296209999999,8123.0,916.2013239155356,4.641775983854691,2835,2937,138,0,2799,2912,314305,36,0,0,36,25
2020-07-10,US,Colorado,Yuma,54,0,0,40.00346839,-102.4258673,8125.0,538.975945703164,0.0,54,54,0,0,54,54,10020,0,0,0,0,0
2020-07-10,US,Connecticut,Fairfield,16906,1380,0,41.26809896,-73.3881171,9001.0,1792.1580101173288,8.162782444102683,15526,16886,1380,0,15506,16859,943823,20,0,0,20,27
2020-07-10,US,Connecticut,Hartford,11892,1385,0,41.80283011,-72.73103891,9003.0,1333.6024761135782,11.646485031954255,10507,11866,1385,0,10481,11835,892697,26,0,0,26,31
2020-07-10,US,Connecticut,Litchfield,1510,137,0,41.7937534,-73.2451475,9005.0,837.3398102399451,9.072847682119203,1373,1510,137,0,1373,1509,181111,0,0,0,0,1
2020-07-10,US,Connecticut,Middlesex,1335,187,0,41.45949668,-72.53714864,9007.0,821.8621487847522,14.007490636704118,1148,1334,187,0,1147,1331,162682,1,0,0,1,3
2020-07-10,US,Connecticut,New Haven,12532,1079,0,41.4080325,-72.93620426,9009.0,1466.1476887583256,8.609958506224066,11453,12509,1079,0,11430,12486,857620,23,0,0,23,23
2020-07-10,US,Connecticut,New London,1322,102,0,41.48896435,-72.10430976,9011.0,498.48042653635287,7.715582450832072,1220,1319,102,0,1217,1308,266784,3,0,0,3,11
2020-07-10,US,Connecticut,Tolland,928,64,0,41.85853803,-72.3308481,9013.0,615.707167547986,6.896551724137932,864,928,64,0,864,926,150921,0,0,0,0,2
2020-07-10,US,Connecticut,Unassigned,230,0,0,0.0,0.0,90009.0,0.0,0.0,230,227,0,0,227,228,,3,0,0,3,-1
2020-07-10,US,Connecticut,Windham,632,14,0,41.82972709,-71.98182316,9015.0,541.1792913291432,2.2151898734177213,618,630,14,0,616,626,117027,2,0,0,2,4
2020-07-10,US,Delaware,Kent,1815,83,0,39.08646628,-75.56884914,10001.0,1003.9494208622348,4.573002754820936,1732,1795,83,0,1712,1790,178550,20,0,0,20,5
2020-07-10,US,Delaware,New Castle,5688,249,0,39.57992638,-75.64054974,10003.0,1017.9811115108107,4.377637130801688,5439,5626,249,0,5377,5583,559335,62,0,0,62,43
2020-07-10,US,Delaware,Sussex,5045,176,0,38.66143781,-75.39031349,10005.0,2153.911836908955,3.488602576808721,4869,5008,176,0,4832,4988,229286,37,0,0,37,20
2020-07-10,US,Delaware,Unassigned,104,9,0,0.0,0.0,90010.0,0.0,8.653846153846152,95,102,9,0,93,101,,2,0,0,2,1
2020-07-10,US,District of Columbia,District of Columbia,10743,568,0,38.90417773,-77.01655992,11001.0,1522.212571324933,5.287163734524807,10175,10679,568,0,10111,10642,702455,64,0,0,64,37
2020-07-10,US,Florida,Alachua,1978,12,0,29.67866525,-82.35928158,12001.0,735.1984626992711,0.6066734074823054,1966,1871,12,0,1859,1792,269956,107,0,0,107,79
2020-07-10,US,Florida,Baker,135,4,0,30.33060121,-82.28467476,12003.0,462.1704895583704,2.962962962962963,131,127,4,0,123,120,28355,8,0,0,8,7
2020-07-10,US,Florida,Bay,1027,5,0,30.26548745,-85.62122584,12005.0,587.848086774849,0.4868549172346641,1022,940,5,0,935,880,185287,87,0,0,87,60
2020-07-10,US,Florida,Bradford,119,2,0,29.95079741,-82.16611613,12007.0,421.9708520974434,1.680672268907563,117,113,2,0,111,105,27732,6,0,0,6,8
2020-07-10,US,Florida,Brevard,3104,27,0,28.29409504,-80.73091022,12009.0,515.6642998827131,0.8698453608247423,3077,2985,26,0,2959,2812,596849,119,1,0,118,173
2020-07-10,US,Florida,Broward,26705,438,0,26.15184651,-80.48725556,12011.0,1367.5389624422232,1.6401422954502902,26267,25102,427,0,24675,23781,1951260,1603,11,0,1592,1321
2020-07-10,US,Florida,Calhoun,133,7,0,30.40666734,-85.19394153,12013.0,942.9280397022333,5.2631578947368425,126,122,7,0,115,106,14587,11,0,0,11,16
2020-07-10,US,Florida,Charlotte,1048,78,0,26.90131002,-81.92949121,12015.0,554.7615266529035,7.442748091603052,970,1004,77,0,927,974,184998,44,1,0,43,30
2020-07-10,US,Florida,Citrus,500,13,0,28.84804315,-82.47614748,12017.0,334.09730249837963,2.6,487,469,13,0,456,457,147929,31,0,0,31,12
2020-07-10,US,Florida,Clay,1328,35,0,29.98319144,-81.85609986,12019.0,605.6957291153559,2.6355421686746987,1293,1254,34,0,1220,1158,216072,74,1,0,73,96
2020-07-10,US,Florida,Collier,5777,91,0,26.11091986,-81.34687065,12021.0,1500.9015281811996,1.575212047775662,5686,5577,85,0,5492,5433,378488,200,6,0,194,144
2020-07-10,US,Florida,Columbia,433,4,0,30.22509788,-82.62160164,12023.0,604.0231007449153,0.9237875288683602,429,421,4,0,417,392,70503,12,0,0,12,29
2020-07-10,US,Florida,DeSoto,809,11,0,27.18677893,-81.80941373,12027.0,2128.891344964606,1.3597033374536465,798,799,11,0,788,775,37489,10,0,0,10,24
2020-07-10,US,Florida,Dixie,103,4,0,29.60631086,-83.15724673,12029.0,612.1478663972424,3.8834951456310685,99,95,4,0,91,90,16700,8,0,0,8,5
2020-07-10,US,Florida,Duval,11772,74,0,30.33225875,-81.66976468,12031.0,1229.1243585259278,0.6286102616377846,11698,11028,74,0,10954,10439,950181,744,0,0,744,589
2020-07-10,US,Florida,Escambia,3485,53,0,30.67652764,-87.37284571,12033.0,1094.8240113597808,1.5208034433285509,3432,3332,52,0,3280,3188,315534,153,1,0,152,144
2020-07-10,US,Florida,Flagler,456,5,0,29.45933576,-81.31508595,12035.0,396.24264648378096,1.0964912280701755,451,434,5,0,429,424,112067,22,0,0,22,10
2020-07-10,US,Florida,Franklin,25,0,0,29.83791238,-84.82731662,12037.0,206.18556701030928,0.0,25,24,0,0,24,19,11736,1,0,0,1,5
2020-07-10,US,Florida,Gadsden,528,7,0,30.57796289,-84.61915825,12039.0,1156.3731931668856,1.3257575757575757,521,495,7,0,488,481,45894,33,0,0,33,14
2020-07-10,US,Florida,Gilchrist,133,0,0,29.72856978,-82.79880657,12041.0,715.7464212678937,0.0,133,129,0,0,129,124,18256,4,0,0,4,5
2020-07-10,US,Florida,Glades,196,1,0,26.95635849,-81.18996211,12043.0,1419.158641662443,0.5102040816326531,195,189,1,0,188,189,13724,7,0,0,7,0
2020-07-10,US,Florida,Gulf,79,0,0,29.93543004,-85.24270990000002,12045.0,579.2213505388958,0.0,79,66,0,0,66,59,16164,13,0,0,13,7
2020-07-10,US,Florida,Hamilton,412,2,0,30.49673973,-82.94998918,12047.0,2855.5586359855847,0.4854368932038835,410,409,2,0,407,405,14310,3,0,0,3,4
2020-07-10,US,Florida,Hardee,595,4,0,27.49293939,-81.80956574,12049.0,2208.8577050154063,0.6722689075630253,591,548,3,0,545,536,27245,47,1,0,46,12
2020-07-10,US,Florida,Hendry,1146,28,0,26.55386945,-81.16469006,12051.0,2727.142925134453,2.443280977312391,1118,1135,27,0,1108,1129,41556,11,1,0,10,6
2020-07-10,US,Florida,Hernando,766,6,0,28.55364461,-82.42700204,12053.0,395.0082508250825,0.783289817232376,760,708,6,0,702,659,190865,58,0,0,58,49
2020-07-10,US,Florida,Highlands,488,13,0,27.34254618,-81.34071957,12055.0,459.4195121491984,2.6639344262295084,475,473,12,0,461,457,105424,15,1,0,14,16
2020-07-10,US,Florida,Hillsborough,17662,186,0,27.9276559,-82.32013172,12057.0,1199.890215004674,1.0531083682482163,17476,16666,182,0,16484,16099,1436888,996,4,0,992,567
2020-07-10,US,Florida,Holmes,223,0,0,30.86747479,-85.81319222,12059.0,1136.7691288168426,0.0,223,212,0,0,212,207,19477,11,0,0,11,5
2020-07-10,US,Florida,Indian River,1112,20,0,27.69308961,-80.60556721,12061.0,695.3346297905867,1.7985611510791366,1092,1045,18,0,1027,992,157413,67,2,0,65,53
2020-07-10,US,Florida,Jackson,556,2,0,30.7954597,-85.21500423,12063.0,1197.91442237256,0.3597122302158273,554,517,2,0,515,504,48305,39,0,0,39,13
2020-07-10,US,Florida,Jefferson,77,4,0,30.43669112,-83.89442308,12065.0,540.5025972202724,5.194805194805196,73,72,4,0,68,69,14288,5,0,0,5,3
2020-07-10,US,Florida,Lafayette,52,0,0,29.98484137,-83.18166636,12067.0,617.4305390643552,0.0,52,49,0,0,49,48,8732,3,0,0,3,1
2020-07-10,US,Florida,Lake,2298,26,0,28.76202069,-81.7125123,12069.0,625.956776840144,1.1314186248912097,2272,2181,26,0,2155,2087,356495,117,0,0,117,94
2020-07-10,US,Florida,Lee,8574,179,0,26.58410348,-81.88399313,12071.0,1112.6727114876255,2.087707021226965,8395,8340,176,0,8164,8125,754610,234,3,0,231,215
2020-07-10,US,Florida,Leon,2161,8,0,30.45955727,-84.27491114,12073.0,736.0805498974732,0.3701989819527997,2153,2047,8,0,2039,1955,292502,114,0,0,114,92
2020-07-10,US,Florida,Levy,241,2,0,29.31829741,-82.74007147,12075.0,580.6809146326773,0.8298755186721992,239,235,1,0,234,225,40770,6,1,0,5,10
2020-07-10,US,Florida,Liberty,262,1,0,30.23766008,-84.8829258,12077.0,3136.2221690208285,0.3816793893129771,261,257,1,0,256,249,8457,5,0,0,5,8
2020-07-10,US,Florida,Madison,302,4,0,30.44396917,-83.47398594,12079.0,1633.0503433731687,1.3245033112582782,298,283,4,0,279,273,18529,19,0,0,19,10
2020-07-10,US,Florida,Manatee,4432,138,0,27.47196942,-82.31831044,12081.0,1099.0618792668622,3.1137184115523464,4294,4266,138,0,4128,4080,394855,166,0,0,166,186
2020-07-10,US,Florida,Marion,1307,15,0,29.21227113,-82.05803627,12083.0,357.51506514323853,1.1476664116296864,1292,1162,12,0,1150,1111,359977,145,3,0,142,51
2020-07-10,US,Florida,Martin,2634,38,0,27.0772071,-80.43109784,12085.0,1636.0248447204972,1.442672741078208,2596,2545,36,0,2509,2503,160912,89,2,0,87,42
2020-07-10,US,Florida,Miami-Dade,58341,1118,0,25.6112362,-80.55170587,12086.0,2147.3054244848986,1.916319569428018,57223,55961,1092,0,54869,53974,2761581,2380,26,0,2354,1987
2020-07-10,US,Florida,Monroe,470,6,0,25.20904673,-81.07812416,12087.0,633.1842431427492,1.2765957446808511,464,445,6,0,439,427,75027,25,0,0,25,18
2020-07-10,US,Florida,Nassau,438,2,0,30.61037141,-81.80297522,12089.0,494.2172073342736,0.45662100456620996,436,405,2,0,403,375,85832,33,0,0,33,30
2020-07-10,US,Florida,Okaloosa,1083,10,0,30.69143028,-86.59267105,12091.0,513.9082652393018,0.9233610341643582,1073,1015,10,0,1005,969,207269,68,0,0,68,46
2020-07-10,US,Florida,Okeechobee,501,0,0,27.386336199999995,-80.88944347,12093.0,1188.1047239612974,0.0,501,459,0,0,459,452,41537,42,0,0,42,7
2020-07-10,US,Florida,Orange,16148,78,0,28.51367621,-81.31799498,12095.0,1158.848672218347,0.4830319544216002,16070,15595,69,0,15526,15194,1380645,553,9,0,544,401
2020-07-10,US,Florida,Osceola,3658,31,0,28.06312234,-81.14882926,12097.0,973.5170365481397,0.8474576271186439,3627,3466,31,0,3435,3302,367990,192,0,0,192,164
2020-07-10,US,Florida,Palm Beach,19233,586,0,26.64676272,-80.46536002,12099.0,1284.96696219192,3.0468465657983668,18647,18656,578,0,18078,18231,1485941,577,8,0,569,425
2020-07-10,US,Florida,Pasco,3559,27,0,28.30810945,-82.40227529,12101.0,642.4802372790176,0.7586400674346727,3532,3330,27,0,3303,3193,539630,229,0,0,229,137
2020-07-10,US,Florida,Pinellas,10293,223,0,27.93130349,-82.72239666,12103.0,1055.696638755441,2.1665209365588263,10070,9826,221,0,9605,9395,975280,467,2,0,465,431
2020-07-10,US,Florida,Polk,6611,129,0,27.95027105,-81.69732947,12105.0,912.142631457676,1.9512932990470429,6482,6206,127,0,6079,5895,708009,405,2,0,403,311
2020-07-10,US,Florida,Putnam,653,7,0,29.60779729,-81.74230285,12107.0,876.2630667865434,1.0719754977029097,646,619,7,0,612,593,74163,34,0,0,34,26
2020-07-10,US,Florida,Santa Rosa,1085,10,0,30.69341450000001,-87.02458128,12113.0,588.6725298812346,0.9216589861751152,1075,1033,10,0,1023,993,179349,52,0,0,52,40
2020-07-10,US,Florida,Sarasota,2548,100,0,27.18546175,-82.33174248,12115.0,587.4459932402211,3.9246467817896384,2448,2431,100,0,2331,2334,426718,117,0,0,117,97
2020-07-10,US,Florida,Seminole,3967,21,0,28.7158582,-81.24060348,12117.0,840.77604879765,0.5293672800604992,3946,3806,21,0,3785,3652,467832,161,0,0,161,154
2020-07-10,US,Florida,St. Johns,1730,10,0,29.90096506,-81.43589967,12109.0,653.6392213758917,0.5780346820809249,1720,1632,9,0,1623,1517,254261,98,1,0,97,115
2020-07-10,US,Florida,St. Lucie,2661,60,0,27.37763908,-80.47106649,12111.0,810.5465477905677,2.254791431792559,2601,2483,59,0,2424,2433,321128,178,1,0,177,50
2020-07-10,US,Florida,Sumter,589,18,0,28.70181754,-82.0794267,12119.0,444.79685848059205,3.0560271646859083,571,549,18,0,531,516,128754,40,0,0,40,33
2020-07-10,US,Florida,Suwannee,710,21,0,30.19746066,-82.99099670000003,12121.0,1598.4870657631088,2.9577464788732395,689,686,21,0,665,673,44191,24,0,0,24,13
2020-07-10,US,Florida,Taylor,123,1,0,30.04848048,-83.60445406,12123.0,570.2628772775743,0.8130081300813008,122,116,1,0,115,109,21623,7,0,0,7,7
2020-07-10,US,Florida,Unassigned,271,0,0,0.0,0.0,90012.0,0.0,0.0,271,262,0,0,262,251,,9,0,0,9,11
2020-07-10,US,Florida,Union,105,2,0,30.04412971,-82.37497443,12125.0,689.1120299271512,1.9047619047619049,103,101,2,0,99,99,14940,4,0,0,4,2
2020-07-10,US,Florida,Volusia,3454,72,0,29.05858895,-81.18263252,12127.0,624.2725255022738,2.0845396641574987,3382,3234,67,0,3167,3070,547538,220,5,0,215,164
2020-07-10,US,Florida,Wakulla,116,1,0,30.16548905,-84.39895211,12129.0,343.8157621743383,0.8620689655172413,115,102,1,0,101,94,32461,14,0,0,14,8
2020-07-10,US,Florida,Walton,484,9,0,30.64204028,-86.16935664,12131.0,653.4271172253648,1.859504132231405,475,434,9,0,425,395,71375,50,0,0,50,39
2020-07-10,US,Florida,Washington,147,13,0,30.61359259,-85.66002461,12133.0,577.0816158285243,8.843537414965986,134,140,13,0,127,136,24880,7,0,0,7,4
2020-07-10,US,Georgia,Appling,317,14,0,31.74847232,-82.28909114,13001.0,1724.1379310344828,4.416403785488959,303,313,14,0,299,310,18507,4,0,0,4,3
2020-07-10,US,Georgia,Atkinson,190,2,0,31.29633502,-82.87545866,13003.0,2327.005511328843,1.0526315789473684,188,182,2,0,180,179,8297,8,0,0,8,3
2020-07-10,US,Georgia,Bacon,293,5,0,31.55456473,-82.45936528,13005.0,2624.507345037621,1.706484641638225,288,289,5,0,284,286,11185,4,0,0,4,3
2020-07-10,US,Georgia,Baker,43,3,0,31.32669878,-84.44218806,13007.0,1415.4048716260697,6.9767441860465125,40,43,3,0,40,43,3092,0,0,0,0,0
2020-07-10,US,Georgia,Baldwin,641,35,0,33.06882326,-83.24701748,13009.0,1427.9349521051458,5.460218408736349,606,617,34,0,583,612,44823,24,1,0,23,5
2020-07-10,US,Georgia,Banks,151,1,0,34.35607081,-83.49644388,13011.0,785.0681085577623,0.6622516556291391,150,147,1,0,146,146,18988,4,0,0,4,1
2020-07-10,US,Georgia,Barrow,606,26,0,33.99148694,-83.71436292,13013.0,728.0153772224893,4.29042904290429,580,589,25,0,564,574,80809,17,1,0,16,15
2020-07-10,US,Georgia,Bartow,879,42,0,34.23732119,-84.83887523,13015.0,815.8681245243089,4.778156996587032,837,859,42,0,817,844,106408,20,0,0,20,15
2020-07-10,US,Georgia,Ben Hill,228,1,0,31.76095874,-83.22145359,13017.0,1365.2694610778442,0.43859649122807015,227,209,1,0,208,195,16787,19,0,0,19,14
2020-07-10,US,Georgia,Berrien,167,0,0,31.27590016,-83.22529920000002,13019.0,860.9578800845493,0.0,167,162,0,0,162,154,19252,5,0,0,5,8
2020-07-10,US,Georgia,Bibb,1622,41,0,32.80904227,-83.70489165,13021.0,1059.0301582016077,2.527743526510481,1581,1564,41,0,1523,1482,153095,58,0,0,58,82
2020-07-10,US,Georgia,Bleckley,84,1,0,32.43829035,-83.33035166,13023.0,652.5285481239804,1.1904761904761905,83,81,1,0,80,81,12838,3,0,0,3,0
2020-07-10,US,Georgia,Brantley,129,3,0,31.19576557,-81.97743999,13025.0,675.0745721911143,2.3255813953488373,126,122,3,0,119,120,18897,7,0,0,7,2
2020-07-10,US,Georgia,Brooks,218,11,0,30.83922642,-83.58303423,13027.0,1410.3642362683574,5.045871559633029,207,204,11,0,193,202,15513,14,0,0,14,2
2020-07-10,US,Georgia,Bryan,230,5,0,32.00979311,-81.44002948,13029.0,580.4123451182272,2.1739130434782608,225,209,5,0,204,200,38109,21,0,0,21,9
2020-07-10,US,Georgia,Bulloch,581,5,0,32.39577406,-81.74811421,13031.0,729.8261481258165,0.8605851979345955,576,561,4,0,557,546,77296,20,1,0,19,15
2020-07-10,US,Georgia,Burke,167,7,0,33.05917989,-81.99928721,13033.0,746.10195237457,4.1916167664670665,160,161,7,0,154,161,22423,6,0,0,6,0
2020-07-10,US,Georgia,Butts,334,35,0,33.283094500000004,-83.95435040000002,13035.0,1339.4289380814887,10.479041916167665,299,329,34,0,295,325,24193,5,1,0,4,4
2020-07-10,US,Georgia,Calhoun,169,6,0,31.53169785,-84.62725131,13037.0,2730.6511552754887,3.5502958579881656,163,168,6,0,162,168,6352,1,0,0,1,0
2020-07-10,US,Georgia,Camden,255,2,0,30.92951916,-81.66601818,13039.0,466.46910328174727,0.7843137254901961,253,235,2,0,233,233,53677,20,0,0,20,2
2020-07-10,US,Georgia,Candler,82,0,0,32.40209349,-82.07702563,13043.0,759.0484124780154,0.0,82,74,0,0,74,73,10836,8,0,0,8,1
2020-07-10,US,Georgia,Carroll,1008,40,0,33.58138199,-85.07976677,13045.0,840.0560037335823,3.968253968253968,968,946,40,0,906,916,118121,62,0,0,62,30
2020-07-10,US,Georgia,Catoosa,352,8,0,34.89872298,-85.13757014,13047.0,520.864160994377,2.272727272727273,344,339,8,0,331,334,67420,13,0,0,13,5
2020-07-10,US,Georgia,Charlton,97,2,0,30.78371028,-82.13951596,13049.0,724.3130227001195,2.061855670103093,95,81,2,0,79,76,12968,16,0,0,16,5
2020-07-10,US,Georgia,Chatham,2334,38,0,32.00043026,-81.12489526,13051.0,806.412604083889,1.6281062553556127,2296,2117,38,0,2079,2068,289195,217,0,0,217,49
2020-07-10,US,Georgia,Chattahoochee,462,0,0,32.34341231,-84.78809239,13053.0,4235.8118639405875,0.0,462,433,0,0,433,433,10684,29,0,0,29,0
2020-07-10,US,Georgia,Chattooga,81,2,0,34.47197698,-85.34535662,13055.0,326.7578361369964,2.469135802469136,79,77,2,0,75,76,24790,4,0,0,4,1
2020-07-10,US,Georgia,Cherokee,1674,47,0,34.24393976,-84.47431861,13057.0,646.8990196040545,2.8076463560334535,1627,1621,46,0,1575,1593,254149,53,1,0,52,28
2020-07-10,US,Georgia,Clarke,897,15,0,33.95436462,-83.37124007,13059.0,698.9737475746311,1.6722408026755853,882,841,15,0,826,804,127330,56,0,0,56,37
2020-07-10,US,Georgia,Clay,59,2,0,31.62221166,-84.97713865,13061.0,2081.863091037403,3.3898305084745757,57,56,2,0,54,56,2887,3,0,0,3,0
2020-07-10,US,Georgia,Clayton,2708,81,0,33.54187245,-84.35594188,13063.0,926.5849118580968,2.9911373707533238,2627,2580,81,0,2499,2517,289615,128,0,0,128,63
2020-07-10,US,Georgia,Clinch,115,3,0,30.91395822,-82.70432472,13065.0,1737.685101239045,2.608695652173913,112,115,3,0,112,115,6648,0,0,0,0,0
2020-07-10,US,Georgia,Cobb,6708,250,0,33.94243204,-84.5761255,13067.0,882.4678579368828,3.726893261776983,6458,6369,248,0,6121,6255,756865,339,2,0,337,114
2020-07-10,US,Georgia,Coffee,908,17,0,31.54892966,-82.85492059999999,13069.0,2098.3061031127954,1.8722466960352424,891,734,17,0,717,666,43093,174,0,0,174,68
2020-07-10,US,Georgia,Colquitt,1227,20,0,31.18810588,-83.7677946,13071.0,2690.7894736842104,1.6299918500407498,1207,1189,19,0,1170,1180,45592,38,1,0,37,9
2020-07-10,US,Georgia,Columbia,783,12,0,33.54534185,-82.263524,13073.0,499.6362801026074,1.5325670498084292,771,709,12,0,697,690,154291,74,0,0,74,19
2020-07-10,US,Georgia,Cook,235,4,0,31.16068491,-83.42947229,13075.0,1360.7411696583672,1.702127659574468,231,205,3,0,202,196,17162,30,1,0,29,9
2020-07-10,US,Georgia,Coweta,856,16,0,33.35334302,-84.76129976,13077.0,576.3960433374407,1.8691588785046729,840,821,16,0,805,806,145864,35,0,0,35,15
2020-07-10,US,Georgia,Crawford,57,0,0,32.71391813,-83.98061238,13079.0,459.5291841341504,0.0,57,56,0,0,56,54,12318,1,0,0,1,2
2020-07-10,US,Georgia,Crisp,308,13,0,31.92289565,-83.76811843,13081.0,1376.720901126408,4.220779220779221,295,301,12,0,289,300,22601,7,1,0,6,1
2020-07-10,US,Georgia,Dade,78,1,0,34.854916700000004,-85.50490424,13083.0,483.99106478034247,1.2820512820512822,77,77,1,0,76,77,16226,1,0,0,1,0
2020-07-10,US,Georgia,Dawson,170,3,0,34.44244079,-84.16964071,13085.0,651.141412593841,1.7647058823529411,167,167,3,0,164,162,25083,3,0,0,3,5
2020-07-10,US,Georgia,DeKalb,7973,177,0,33.76944049,-84.22396017,13089.0,1050.0502438439767,2.219992474601781,7796,7472,175,0,7297,7362,756558,501,2,0,499,110
2020-07-10,US,Georgia,Decatur,301,8,0,30.87967778,-84.57619536,13087.0,1139.9787910922587,2.6578073089701,293,282,8,0,274,271,26575,19,0,0,19,11
2020-07-10,US,Georgia,Dodge,136,2,0,32.17265114,-83.16948926,13091.0,660.0339723368114,1.4705882352941178,134,131,2,0,129,127,20705,5,0,0,5,4
2020-07-10,US,Georgia,Dooly,220,13,0,32.15630737,-83.79746561,13093.0,1643.0171769977594,5.909090909090909,207,219,12,0,207,217,13706,1,1,0,0,2
2020-07-10,US,Georgia,Dougherty,2138,155,0,31.53328528,-84.21722377,13095.0,2430.7608349629363,7.2497661365762385,1983,2042,155,0,1887,2036,91243,96,0,0,96,6
2020-07-10,US,Georgia,Douglas,1347,39,0,33.70291126,-84.77026156,13097.0,920.4403353764784,2.89532293986637,1308,1259,37,0,1222,1230,145331,88,2,0,86,29
2020-07-10,US,Georgia,Early,296,31,0,31.32155345,-84.90255207,13099.0,2904.8086359175663,10.472972972972975,265,290,31,0,259,290,10247,6,0,0,6,0
2020-07-10,US,Georgia,Echols,192,0,0,30.71101099,-82.89687287,13101.0,4792.810783824264,0.0,192,191,0,0,191,188,4000,1,0,0,1,3
2020-07-10,US,Georgia,Effingham,260,1,0,32.36616021,-81.34280942,13103.0,404.3797436854548,0.38461538461538464,259,224,1,0,223,222,62190,36,0,0,36,2
2020-07-10,US,Georgia,Elbert,151,0,0,34.11302332,-82.83936148,13105.0,786.7041783890802,0.0,151,143,0,0,143,142,19120,8,0,0,8,1
2020-07-10,US,Georgia,Emanuel,190,3,0,32.59221302,-82.30239915,13107.0,839.0002649474521,1.5789473684210529,187,181,3,0,178,178,22612,9,0,0,9,3
2020-07-10,US,Georgia,Evans,42,0,0,32.15328841,-81.8870105,13109.0,394.21813403416564,0.0,42,38,0,0,38,34,10721,4,0,0,4,4
2020-07-10,US,Georgia,Fannin,121,1,0,34.86430205,-84.316964,13111.0,462.04368413013606,0.8264462809917356,120,115,1,0,114,112,25964,6,0,0,6,3
2020-07-10,US,Georgia,Fayette,498,19,0,33.41357794,-84.49089434,13113.0,435.2347908163712,3.8152610441767063,479,476,19,0,457,472,113459,22,0,0,22,4
2020-07-10,US,Georgia,Floyd,693,15,0,34.26268279,-85.21577392,13115.0,703.567585128632,2.1645021645021645,678,670,15,0,655,654,97927,23,0,0,23,16
2020-07-10,US,Georgia,Forsyth,1096,15,0,34.22604035,-84.12315129999998,13117.0,448.7168989404385,1.368613138686131,1081,1057,15,0,1042,1042,236612,39,0,0,39,15
2020-07-10,US,Georgia,Franklin,248,1,0,34.37525597,-83.23159927,13119.0,1062.1439890359331,0.4032258064516129,247,239,1,0,238,234,23023,9,0,0,9,5
2020-07-10,US,Georgia,Fulton,10021,321,0,33.79216944,-84.46319413,13121.0,941.8790774265767,3.203273126434488,9700,9586,319,0,9267,9358,1050114,435,2,0,433,228
2020-07-10,US,Georgia,Gilmer,229,2,0,34.69316688,-84.45802506,13123.0,730.0200835219484,0.8733624454148472,227,216,2,0,214,202,30816,13,0,0,13,14
2020-07-10,US,Georgia,Glascock,14,0,0,33.22879932,-82.61297636,13125.0,471.22181083810165,0.0,14,13,0,0,13,13,2995,1,0,0,1,0
2020-07-10,US,Georgia,Glynn,1487,9,0,31.23279254,-81.53811412,13127.0,1743.4225953196078,0.605245460659045,1478,1332,9,0,1323,1322,85219,155,0,0,155,10
2020-07-10,US,Georgia,Gordon,491,18,0,34.50487351,-84.87296253,13129.0,847.0921104842745,3.665987780040733,473,480,18,0,462,470,57685,11,0,0,11,10
2020-07-10,US,Georgia,Grady,248,4,0,30.87454847,-84.23418364,13131.0,1006.7795234035643,1.6129032258064515,244,242,4,0,238,242,24748,6,0,0,6,0
2020-07-10,US,Georgia,Greene,111,9,0,33.5769205,-83.17139104,13133.0,605.7629338572364,8.108108108108109,102,109,9,0,100,108,17698,2,0,0,2,1
2020-07-10,US,Georgia,Gwinnett,10741,178,0,33.96044201,-84.02137802,13135.0,1147.2363150867825,1.6572013778977748,10563,10415,175,0,10240,10237,927781,326,3,0,323,178
2020-07-10,US,Georgia,Habersham,751,41,0,34.63331566,-83.53094677,13137.0,1656.8125661842569,5.459387483355527,710,740,39,0,701,738,45388,11,2,0,9,2
2020-07-10,US,Georgia,Hall,3713,63,0,34.32207823,-83.81896936,13139.0,1816.1719028961904,1.696741179639106,3650,3620,63,0,3557,3573,202148,93,0,0,93,47
2020-07-10,US,Georgia,Hancock,226,33,0,33.2721566,-82.99766919,13141.0,2672.342438216862,14.601769911504427,193,225,33,0,192,224,8348,1,0,0,1,1
2020-07-10,US,Georgia,Haralson,105,5,0,33.79602175,-85.21005667,13143.0,352.44360902255636,4.761904761904762,100,101,5,0,96,95,29533,4,0,0,4,6
2020-07-10,US,Georgia,Harris,415,12,0,32.73709786,-84.90538572,13145.0,1177.7727324327393,2.8915662650602414,403,410,12,0,398,401,34475,5,0,0,5,9
2020-07-10,US,Georgia,Hart,101,0,0,34.34626973,-82.96567682,13147.0,385.4226292692234,0.0,101,92,0,0,92,91,26099,9,0,0,9,1
2020-07-10,US,Georgia,Heard,79,3,0,33.29686567,-85.12886832,13149.0,662.5849199027091,3.79746835443038,76,79,3,0,76,75,11879,0,0,0,0,4
2020-07-10,US,Georgia,Henry,1692,34,0,33.4533428,-84.14814659999998,13151.0,721.3475385933722,2.0094562647754137,1658,1611,33,0,1578,1568,230220,81,1,0,80,43
2020-07-10,US,Georgia,Houston,938,30,0,32.45802497,-83.66879087,13153.0,594.1860980723792,3.1982942430703623,908,871,29,0,842,854,155469,67,1,0,66,17
2020-07-10,US,Georgia,Irwin,99,1,0,31.60213036,-83.27501387,13155.0,1051.4018691588783,1.0101010101010102,98,89,1,0,88,84,9398,10,0,0,10,5
2020-07-10,US,Georgia,Jackson,499,11,0,34.13794553,-83.56814788,13157.0,683.7770804500047,2.2044088176352705,488,483,10,0,473,469,70422,16,1,0,15,14
2020-07-10,US,Georgia,Jasper,83,1,0,33.31535543,-83.68844964,13159.0,583.7260004219706,1.2048192771084338,82,83,1,0,82,78,14040,0,0,0,0,5
2020-07-10,US,Georgia,Jeff Davis,144,3,0,31.80405727,-82.63724870000001,13161.0,952.6959973536225,2.083333333333333,141,142,3,0,139,136,15029,2,0,0,2,6
2020-07-10,US,Georgia,Jefferson,173,2,0,33.05867328,-82.41609057,13163.0,1126.1554485093084,1.1560693641618498,171,164,2,0,162,159,15430,9,0,0,9,5
2020-07-10,US,Georgia,Jenkins,137,12,0,32.79248718,-81.96040187,13165.0,1579.068695251268,8.75912408759124,125,135,12,0,123,132,8683,2,0,0,2,3
2020-07-10,US,Georgia,Johnson,121,2,0,32.70211082,-82.66166794,13167.0,1254.7962252411075,1.6528925619834711,119,113,2,0,111,112,9708,8,0,0,8,1
2020-07-10,US,Georgia,Jones,131,0,0,33.02512137,-83.56019163,13169.0,455.8900295806508,0.0,131,130,0,0,130,123,28616,1,0,0,1,7
2020-07-10,US,Georgia,Lamar,144,6,0,33.07841647,-84.14263877,13171.0,754.8356659852177,4.166666666666667,138,140,6,0,134,139,19000,4,0,0,4,1
2020-07-10,US,Georgia,Lanier,163,3,0,31.03828570000001,-83.06472457,13173.0,1563.8491796987432,1.8404907975460123,160,160,3,0,157,153,10340,3,0,0,3,7
2020-07-10,US,Georgia,Laurens,344,1,0,32.46325233,-82.92221316,13175.0,723.5098641315777,0.2906976744186047,343,297,1,0,296,279,47325,47,0,0,47,18
2020-07-10,US,Georgia,Lee,418,22,0,31.779330600000005,-84.14324253,13177.0,1393.7049879967992,5.2631578947368425,396,414,22,0,392,413,29764,4,0,0,4,1
2020-07-10,US,Georgia,Liberty,195,1,0,31.82588896,-81.49251135,13179.0,317.4086432815172,0.5128205128205128,194,178,1,0,177,171,61497,17,0,0,17,7
2020-07-10,US,Georgia,Lincoln,59,1,0,33.79201475,-82.45024131,13181.0,744.855447544502,1.6949152542372878,58,56,1,0,55,53,7915,3,0,0,3,3
2020-07-10,US,Georgia,Long,62,1,0,31.75218791,-81.74952375,13183.0,316.98962114627534,1.6129032258064515,61,59,1,0,58,58,18998,3,0,0,3,1
2020-07-10,US,Georgia,Lowndes,1810,17,0,30.83568832,-83.27056716,13185.0,1541.6588590020956,0.9392265193370166,1793,1743,14,0,1729,1698,116321,67,3,0,64,45
2020-07-10,US,Georgia,Lumpkin,161,4,0,34.57286511,-84.00425681,13187.0,479.0240999702469,2.4844720496894412,157,158,4,0,154,154,32955,3,0,0,3,4
2020-07-10,US,Georgia,Macon,137,9,0,32.35207048,-84.04234127,13193.0,1058.160191550166,6.569343065693432,128,132,9,0,123,131,13143,5,0,0,5,1
2020-07-10,US,Georgia,Madison,158,4,0,34.12920917,-83.21218732,13195.0,528.7817938420349,2.5316455696202533,154,143,4,0,139,136,29650,15,0,0,15,7
2020-07-10,US,Georgia,Marion,97,3,0,32.3483402,-84.52733571,13197.0,1160.4258882641466,3.0927835051546397,94,88,2,0,86,88,8351,9,1,0,8,0
2020-07-10,US,Georgia,McDuffie,145,8,0,33.47851918,-82.48252774,13189.0,680.3678678678679,5.517241379310344,137,136,7,0,129,132,21531,9,1,0,8,4
2020-07-10,US,Georgia,McIntosh,79,1,0,31.49683595,-81.40163426,13191.0,549.4505494505495,1.2658227848101269,78,71,1,0,70,71,14340,8,0,0,8,0
2020-07-10,US,Georgia,Meriwether,241,3,0,33.04163534,-84.68859732,13199.0,1138.5647470118581,1.2448132780082988,238,233,3,0,230,230,21068,8,0,0,8,3
2020-07-10,US,Georgia,Miller,58,0,0,31.16568912,-84.73151117,13201.0,1014.3406785589368,0.0,58,55,0,0,55,53,5686,3,0,0,3,2
2020-07-10,US,Georgia,Mitchell,486,40,0,31.22483255,-84.19381821,13205.0,2222.933723642684,8.23045267489712,446,477,40,0,437,475,22192,9,0,0,9,2
2020-07-10,US,Georgia,Monroe,229,19,0,33.014289,-83.92097166,13207.0,830.3720356806149,8.296943231441048,210,226,19,0,207,226,27520,3,0,0,3,0
2020-07-10,US,Georgia,Montgomery,51,0,0,32.17201038,-82.53527476,13209.0,556.0401221107719,0.0,51,48,0,0,48,45,9193,3,0,0,3,3
2020-07-10,US,Georgia,Morgan,74,0,0,33.59232073,-83.49129491,13211.0,383.89707408175974,0.0,74,71,0,0,71,67,18853,3,0,0,3,4
2020-07-10,US,Georgia,Murray,282,2,0,34.78897608,-84.74993177,13213.0,703.3120510774143,0.7092198581560284,280,274,2,0,272,270,39921,8,0,0,8,4
2020-07-10,US,Georgia,Muscogee,2628,55,0,32.50931999,-84.87142262,13215.0,1342.398438976549,2.0928462709284625,2573,2438,55,0,2383,2344,194160,190,0,0,190,94
2020-07-10,US,Georgia,Newton,863,14,0,33.55514538,-83.84547140000002,13217.0,772.3009736540663,1.6222479721900347,849,812,12,0,800,779,109541,51,2,0,49,33
2020-07-10,US,Georgia,Oconee,224,12,0,33.83749973,-83.43679568,13219.0,556.1072492552137,5.357142857142857,212,213,11,0,202,200,39272,11,1,0,10,13
2020-07-10,US,Georgia,Oglethorpe,104,7,0,33.878629600000004,-83.08278123,13221.0,681.5649780457435,6.730769230769232,97,101,7,0,94,100,15054,3,0,0,3,1
2020-07-10,US,Georgia,Out of GA,7614,50,0,0.0,0.0,80013.0,0.0,0.6566850538481744,7564,8034,50,0,7984,7352,,-420,0,0,-420,682
2020-07-10,US,Georgia,Paulding,812,16,0,33.91969522,-84.86848792,13223.0,481.42197347436064,1.9704433497536944,796,778,16,0,762,765,164044,34,0,0,34,13
2020-07-10,US,Georgia,Peach,145,10,0,32.56934316,-83.82937,13225.0,526.3922166557759,6.896551724137932,135,133,10,0,123,130,27297,12,0,0,12,3
2020-07-10,US,Georgia,Pickens,112,5,0,34.46589159,-84.46406611,13227.0,343.6531557792028,4.464285714285714,107,112,5,0,107,107,31980,0,0,0,0,5
2020-07-10,US,Georgia,Pierce,238,5,0,31.35928155,-82.21598442,13229.0,1222.7074235807859,2.100840336134454,233,230,5,0,225,223,19389,8,0,0,8,7
2020-07-10,US,Georgia,Pike,112,3,0,33.09310242,-84.38790389,13231.0,590.6549941989242,2.6785714285714284,109,110,3,0,107,108,18634,2,0,0,2,2
2020-07-10,US,Georgia,Polk,297,1,0,34.00267074,-85.18677781,13233.0,696.9704080914273,0.3367003367003367,296,283,1,0,282,274,42470,14,0,0,14,9
2020-07-10,US,Georgia,Pulaski,60,2,0,32.23334561,-83.47549959999998,13235.0,538.7447247912363,3.333333333333333,58,57,2,0,55,57,11069,3,0,0,3,0
2020-07-10,US,Georgia,Putnam,204,12,0,33.32056115,-83.37552891,13237.0,922.2840092228399,5.882352941176472,192,197,12,0,185,201,21809,7,0,0,7,-4
2020-07-10,US,Georgia,Quitman,20,1,0,31.86728114,-85.01773177,13239.0,869.9434536755111,5.0,19,20,1,0,19,19,2279,0,0,0,0,1
2020-07-10,US,Georgia,Rabun,67,3,0,34.88389445,-83.40304637,13241.0,390.96691369551263,4.477611940298506,64,61,3,0,58,59,16867,6,0,0,6,2
2020-07-10,US,Georgia,Randolph,211,25,0,31.76622818,-84.75732369,13243.0,3113.0126881085866,11.848341232227488,186,205,25,0,180,204,6833,6,0,0,6,1
2020-07-10,US,Georgia,Richmond,1517,60,0,33.35777107,-82.07026432,13245.0,749.069218538599,3.955174686882004,1457,1448,59,0,1389,1387,201554,69,1,0,68,61
2020-07-10,US,Georgia,Rockdale,654,11,0,33.65145002,-84.02202167,13247.0,719.5036085196268,1.6819571865443426,643,625,11,0,614,606,90594,29,0,0,29,19
2020-07-10,US,Georgia,Schley,29,1,0,32.2654021,-84.31258912,13249.0,551.6454251474224,3.4482758620689653,28,27,1,0,26,26,5236,2,0,0,2,1
2020-07-10,US,Georgia,Screven,107,7,0,32.74976524,-81.60779441,13251.0,766.1463554346269,6.542056074766355,100,105,7,0,98,102,13938,2,0,0,2,3
2020-07-10,US,Georgia,Seminole,54,2,0,30.93464824,-84.86823924,13253.0,667.4907292954265,3.703703703703704,52,54,2,0,52,54,8315,0,0,0,0,0
2020-07-10,US,Georgia,Spalding,538,33,0,33.26310031,-84.28013991,13255.0,806.5604245686101,6.133828996282528,505,527,33,0,494,515,66100,11,0,0,11,12
2020-07-10,US,Georgia,Stephens,303,6,0,34.55151201,-83.29405315,13257.0,1168.7560270009644,1.98019801980198,297,286,6,0,280,280,26035,17,0,0,17,6
2020-07-10,US,Georgia,Stewart,211,3,0,32.07996777,-84.83208037,13259.0,3186.829784020541,1.4218009478672986,208,207,3,0,204,206,6199,4,0,0,4,1
2020-07-10,US,Georgia,Sumter,603,50,0,32.03650571,-84.19821492,13261.0,2042.406178024658,8.291873963515755,553,598,50,0,548,590,29733,5,0,0,5,8
2020-07-10,US,Georgia,Talbot,93,3,0,32.69642758,-84.53351366,13263.0,1501.2106537530267,3.2258064516129035,90,88,3,0,85,88,6272,5,0,0,5,0
2020-07-10,US,Georgia,Taliaferro,2,0,0,33.56543317,-82.88136816,13265.0,130.1236174365647,0.0,2,2,0,0,2,2,1608,0,0,0,0,0
2020-07-10,US,Georgia,Tattnall,179,0,0,32.04785085,-82.05539188,13267.0,707.9016056315747,0.0,179,174,0,0,174,167,25391,5,0,0,5,7
2020-07-10,US,Georgia,Taylor,39,2,0,32.55792548,-84.25077141,13269.0,486.284289276808,5.128205128205129,37,39,2,0,37,39,8039,0,0,0,0,0
2020-07-10,US,Georgia,Telfair,172,3,0,31.92829517,-82.93491155,13271.0,1084.4892812105927,1.7441860465116281,169,137,3,0,134,136,15876,35,0,0,35,1
2020-07-10,US,Georgia,Terrell,238,28,0,31.77527543,-84.44069698,13273.0,2789.82534286719,11.764705882352944,210,238,28,0,210,238,8611,0,0,0,0,0
2020-07-10,US,Georgia,Thomas,578,32,0,30.86392347,-83.91847289,13275.0,1300.3082045398305,5.536332179930795,546,536,32,0,504,533,44448,42,0,0,42,3
2020-07-10,US,Georgia,Tift,950,28,0,31.45743864,-83.5236119,13277.0,2337.3683692549944,2.9473684210526314,922,924,26,0,898,903,40571,26,2,0,24,21
2020-07-10,US,Georgia,Toombs,315,5,0,32.12059861,-82.32957247,13279.0,1174.058889303019,1.5873015873015872,310,304,5,0,299,296,26887,11,0,0,11,8
2020-07-10,US,Georgia,Towns,64,1,0,34.91369188,-83.74107459999998,13281.0,531.6939436736728,1.5625,63,58,1,0,57,58,11852,6,0,0,6,0
2020-07-10,US,Georgia,Treutlen,45,1,0,32.40422134,-82.56904553,13283.0,652.0794087813359,2.2222222222222223,44,41,1,0,40,36,6809,4,0,0,4,5
2020-07-10,US,Georgia,Troup,1716,38,0,33.03349196,-85.02812115,13285.0,2454.163210434484,2.2144522144522143,1678,1698,38,0,1660,1678,70034,18,0,0,18,20
2020-07-10,US,Georgia,Turner,188,17,0,31.71612656,-83.62069378,13287.0,2354.414527238572,9.04255319148936,171,185,17,0,168,183,7912,3,0,0,3,2
2020-07-10,US,Georgia,Twiggs,41,1,0,32.67435595,-83.43078662,13289.0,504.92610837438417,2.4390243902439024,40,41,1,0,40,40,8188,0,0,0,0,1
2020-07-10,US,Georgia,Unassigned,1363,1,0,0.0,0.0,90013.0,0.0,0.07336757153338225,1362,1211,2,0,1209,1159,,152,-1,0,153,52
2020-07-10,US,Georgia,Union,98,3,0,34.82995757,-83.98967069,13291.0,399.82048876014846,3.0612244897959178,95,92,3,0,89,89,24001,6,0,0,6,3
2020-07-10,US,Georgia,Upson,384,45,0,32.87920671,-84.30024826,13293.0,1458.966565349544,11.71875,339,383,45,0,338,382,26215,1,0,0,1,1
2020-07-10,US,Georgia,Walker,367,12,0,34.73376362,-85.30165174,13295.0,526.0819082295266,3.2697547683923704,355,364,12,0,352,363,69410,3,0,0,3,1
2020-07-10,US,Georgia,Walton,527,28,0,33.78017694,-83.73552314,13297.0,557.1236772277018,5.313092979127135,499,504,28,0,476,497,93503,23,0,0,23,7
2020-07-10,US,Georgia,Ware,596,16,0,31.05449097,-82.42224148,13299.0,1667.8793306095035,2.684563758389262,580,576,16,0,560,555,35680,20,0,0,20,21
2020-07-10,US,Georgia,Warren,30,0,0,33.41146451,-82.67795848,13301.0,570.9935287400076,0.0,30,30,0,0,30,30,5251,0,0,0,0,0
2020-07-10,US,Georgia,Washington,177,1,0,32.96711864,-82.79357039,13303.0,868.7542946893099,0.5649717514124294,176,163,1,0,162,159,20386,14,0,0,14,4
2020-07-10,US,Georgia,Wayne,139,0,0,31.5521809,-81.91894878,13305.0,464.4635279179337,0.0,139,134,0,0,134,122,29808,5,0,0,5,12
2020-07-10,US,Georgia,Webster,32,2,0,32.04066113,-84.54742852,13307.0,1227.4645186037594,6.25,30,31,2,0,29,27,2611,1,0,0,1,4
2020-07-10,US,Georgia,Wheeler,56,0,0,32.12009104,-82.72574721,13309.0,712.9217059197963,0.0,56,56,0,0,56,56,7879,0,0,0,0,0
2020-07-10,US,Georgia,White,167,4,0,34.64624278,-83.74905525,13311.0,542.2430027923891,2.395209580838323,163,159,4,0,155,159,29970,8,0,0,8,0
2020-07-10,US,Georgia,Whitfield,1705,15,0,34.80987459,-84.96093476,13313.0,1629.5829032381396,0.8797653958944281,1690,1610,15,0,1595,1520,104062,95,0,0,95,90
2020-07-10,US,Georgia,Wilcox,134,15,0,31.97496928,-83.43438555,13315.0,1551.8239722061378,11.194029850746267,119,132,15,0,117,132,8812,2,0,0,2,0
2020-07-10,US,Georgia,Wilkes,88,1,0,33.78290391,-82.74286107,13317.0,900.0715966042752,1.1363636363636365,87,87,1,0,86,87,9876,1,0,0,1,0
2020-07-10,US,Georgia,Wilkinson,109,9,0,32.80291082,-83.17140684,13319.0,1217.3330355148535,8.256880733944952,100,102,9,0,93,100,9036,7,0,0,7,2
2020-07-10,US,Georgia,Worth,351,22,0,31.55162306,-83.85090513,13321.0,1733.590161505408,6.267806267806268,329,346,22,0,324,343,20299,5,0,0,5,3
2020-07-10,US,Hawaii,Hawaii,98,0,0,19.60121157,-155.5210167,15001.0,48.63209817728881,0.0,98,97,0,0,97,96,200983,1,0,0,1,1
2020-07-10,US,Hawaii,Honolulu,867,13,0,21.45803166,-157.97121819999995,15003.0,88.96295057374434,1.4994232987312572,854,842,13,0,829,808,980080,25,0,0,25,34
2020-07-10,US,Hawaii,Kauai,43,0,0,22.03935037,-159.5966786,15007.0,59.480170970910045,0.0,43,43,0,0,43,42,72133,0,0,0,0,1
2020-07-10,US,Hawaii,Maui,131,6,0,20.86399628,-156.56890969999995,15009.0,78.24772872527879,4.580152671755725,125,130,6,0,124,130,167207,1,0,0,1,0
2020-07-10,US,Hawaii,Out of HI,19,0,0,0.0,0.0,80015.0,0.0,0.0,19,18,0,0,18,18,,1,0,0,1,0
2020-07-10,US,Idaho,Ada,3790,25,0,43.4526575,-116.24155159999998,16001.0,786.9813761584096,0.6596306068601583,3765,3596,24,0,3572,3431,469966,194,1,0,193,165
2020-07-10,US,Idaho,Adams,12,0,0,44.89333571,-116.4545247,16003.0,279.4597112249651,0.0,12,12,0,0,12,12,4250,0,0,0,0,0
2020-07-10,US,Idaho,Bannock,137,1,0,42.67002716,-112.2233311,16005.0,156.02223032069972,0.7299270072992701,136,134,1,0,133,129,87138,3,0,0,3,5
2020-07-10,US,Idaho,Bear Lake,2,0,0,42.28269683,-111.32892379999998,16007.0,32.6530612244898,0.0,2,2,0,0,2,2,6050,0,0,0,0,0
2020-07-10,US,Idaho,Benewah,24,0,0,47.21754179,-116.6586851,16009.0,258.1200258120026,0.0,24,23,0,0,23,23,9226,1,0,0,1,0
2020-07-10,US,Idaho,Bingham,76,1,0,43.21672879999999,-112.3978437,16011.0,162.35500202943751,1.3157894736842106,75,69,1,0,68,62,46236,7,0,0,7,7
2020-07-10,US,Idaho,Blaine,548,5,0,43.4085812,-113.9752658,16013.0,2380.4352547673857,0.9124087591240876,543,546,5,0,541,544,22601,2,0,0,2,2
2020-07-10,US,Idaho,Boise,8,0,0,43.98829931,-115.7309284,16015.0,102.15808964372366,0.0,8,7,0,0,7,7,7634,1,0,0,1,0
2020-07-10,US,Idaho,Bonner,59,0,0,48.29996017,-116.6017932,16017.0,128.99276328734777,0.0,59,54,0,0,54,45,44727,5,0,0,5,9
2020-07-10,US,Idaho,Bonneville,177,1,0,43.38713372,-111.6161537,16019.0,148.6620416253716,0.5649717514124294,176,164,1,0,163,159,116854,13,0,0,13,5
2020-07-10,US,Idaho,Boundary,5,0,0,48.76684761,-116.4630179,16021.0,40.83299305839118,0.0,5,2,0,0,2,2,11948,3,0,0,3,0
2020-07-10,US,Idaho,Camas,1,0,0,43.46665742,-114.8065892,16025.0,90.41591320072331,0.0,1,1,0,0,1,1,1127,0,0,0,0,0
2020-07-10,US,Idaho,Canyon,1777,10,0,43.61970148,-116.7095499,16027.0,773.1162632858963,0.5627462014631401,1767,1665,10,0,1655,1561,223499,112,0,0,112,104
2020-07-10,US,Idaho,Caribou,15,0,0,42.77149116,-111.5597683,16029.0,209.64360587002102,0.0,15,15,0,0,15,15,7060,0,0,0,0,0
2020-07-10,US,Idaho,Cassia,311,1,0,42.28347888,-113.6012409,16031.0,1294.2155638784852,0.3215434083601286,310,307,1,0,306,297,23864,4,0,0,4,10
2020-07-10,US,Idaho,Clearwater,5,0,0,46.67459924,-115.6622393,16035.0,57.10370031978072,0.0,5,5,0,0,5,5,8758,0,0,0,0,0
2020-07-10,US,Idaho,Custer,5,0,0,44.24186819,-114.2855494,16037.0,115.87485515643104,0.0,5,4,0,0,4,4,4280,1,0,0,1,0
2020-07-10,US,Idaho,Elmore,85,2,0,43.3507101,-115.4701578,16039.0,308.9673221620443,2.3529411764705883,83,82,2,0,80,80,27259,3,0,0,3,2
2020-07-10,US,Idaho,Franklin,32,0,0,42.18332217,-111.8149666,16041.0,230.61400980109542,0.0,32,31,0,0,31,30,13726,1,0,0,1,1
2020-07-10,US,Idaho,Fremont,11,0,0,44.22800938,-111.4809943,16043.0,83.9758760210703,0.0,11,9,0,0,9,8,13168,2,0,0,2,1
2020-07-10,US,Idaho,Gem,48,0,0,44.06482372,-116.398376,16045.0,265.01766784452303,0.0,48,44,0,0,44,42,17634,4,0,0,4,2
2020-07-10,US,Idaho,Gooding,82,1,0,42.96927962,-114.8108306,16047.0,540.2200408459055,1.2195121951219512,81,79,1,0,78,71,15196,3,0,0,3,8
2020-07-10,US,Idaho,Idaho,11,0,0,45.84721541,-115.4634436,16049.0,65.99868002639947,0.0,11,11,0,0,11,10,16513,0,0,0,0,1
2020-07-10,US,Idaho,Jefferson,23,0,0,43.82078483,-112.3131749,16051.0,76.99775702186065,0.0,23,21,0,0,21,20,29439,2,0,0,2,1
2020-07-10,US,Idaho,Jerome,289,5,0,42.68891267,-114.2655033,16053.0,1183.8440111420614,1.7301038062283738,284,280,5,0,275,270,24015,9,0,0,9,10
2020-07-10,US,Idaho,Kootenai,630,1,0,47.67282258,-116.7020872,16055.0,380.2120738456338,0.15873015873015872,629,559,1,0,558,507,161505,71,0,0,71,52
2020-07-10,US,Idaho,Latah,34,0,0,46.81587887,-116.7113698,16057.0,84.77111798145009,0.0,34,34,0,0,34,31,40134,0,0,0,0,3
2020-07-10,US,Idaho,Lemhi,3,0,0,44.9438088,-113.9309747,16059.0,37.37386321166065,0.0,3,2,0,0,2,2,7961,1,0,0,1,0
2020-07-10,US,Idaho,Lewis,1,0,0,46.23315327,-116.434146,16061.0,26.055237102657642,0.0,1,1,0,0,1,1,3861,0,0,0,0,0
2020-07-10,US,Idaho,Lincoln,40,0,0,43.0012336,-114.1358773,16063.0,745.4342154304883,0.0,40,40,0,0,40,38,5360,0,0,0,0,2
2020-07-10,US,Idaho,Madison,56,0,0,43.78141028,-111.65384740000002,16065.0,140.3262585511314,0.0,56,48,0,0,48,44,39304,8,0,0,8,4
2020-07-10,US,Idaho,Minidoka,253,0,0,42.85518524,-113.6357257,16067.0,1202.5286372926469,0.0,253,250,0,0,250,238,20825,3,0,0,3,12
2020-07-10,US,Idaho,Nez Perce,108,19,0,46.32638236,-116.7500975,16069.0,267.2738071668976,17.592592592592588,89,108,19,0,89,107,40408,0,0,0,0,1
2020-07-10,US,Idaho,Oneida,6,0,0,42.19494279999999,-112.5407838,16071.0,132.42109909512249,0.0,6,5,0,0,5,4,4488,1,0,0,1,1
2020-07-10,US,Idaho,Owyhee,76,0,0,42.58016894,-116.1693871,16073.0,642.8148524063266,0.0,76,72,0,0,72,66,11693,4,0,0,4,6
2020-07-10,US,Idaho,Payette,166,2,0,44.00545243,-116.7647695,16075.0,693.0817084881633,1.2048192771084338,164,154,2,0,152,149,23551,12,0,0,12,5
2020-07-10,US,Idaho,Power,20,0,0,42.69254894,-112.83957420000002,16077.0,260.38276266111177,0.0,20,19,0,0,19,19,7768,1,0,0,1,0
2020-07-10,US,Idaho,Shoshone,8,0,0,47.35364087,-115.8916749,16079.0,62.10215804999225,0.0,8,7,0,0,7,6,12796,1,0,0,1,1
2020-07-10,US,Idaho,Teton,28,0,0,43.75303583,-111.2056773,16081.0,230.60451325975947,0.0,28,26,0,0,26,23,11640,2,0,0,2,3
2020-07-10,US,Idaho,Twin Falls,812,25,0,42.35440512,-114.6685381,16083.0,934.6439835171159,3.078817733990148,787,788,25,0,763,756,86081,24,0,0,24,32
2020-07-10,US,Idaho,Unassigned,1,0,0,0.0,0.0,90016.0,0.0,0.0,1,1,0,0,1,1,,0,0,0,0,0
2020-07-10,US,Idaho,Valley,24,0,0,44.76728382,-115.5676773,16085.0,210.6741573033708,0.0,24,23,0,0,23,23,11041,1,0,0,1,0
2020-07-10,US,Idaho,Washington,130,2,0,44.45275475,-116.7847688,16087.0,1275.2599568373553,1.5384615384615383,128,129,2,0,127,124,10161,1,0,0,1,5
2020-07-10,US,Illinois,Adams,151,1,0,39.98815591,-91.18786813,17001.0,230.76335294567127,0.6622516556291391,150,142,1,0,141,139,65691,9,0,0,9,3
2020-07-10,US,Illinois,Alexander,22,0,0,37.18049267,-89.32910838,17003.0,381.87814615518135,0.0,22,22,0,0,22,22,6060,0,0,0,0,0
2020-07-10,US,Illinois,Bond,19,1,0,38.88829622,-89.43534887,17005.0,115.67027882625106,5.2631578947368425,18,19,1,0,18,17,16630,0,0,0,0,2
2020-07-10,US,Illinois,Boone,630,21,0,42.32359279,-88.82345779,17007.0,1176.602420439265,3.333333333333333,609,629,21,0,608,623,53577,1,0,0,1,6
2020-07-10,US,Illinois,Brown,10,0,0,39.96209138,-90.75068024,17009.0,152.02189115232594,0.0,10,10,0,0,10,10,6556,0,0,0,0,0
2020-07-10,US,Illinois,Bureau,35,2,0,41.40385234,-89.5283051,17011.0,107.26982959421356,5.7142857142857135,33,31,2,0,29,31,32993,4,0,0,4,0
2020-07-10,US,Illinois,Calhoun,1,0,0,39.16840183,-90.66330078,17013.0,21.101498206372653,0.0,1,1,0,0,1,1,4802,0,0,0,0,0
2020-07-10,US,Illinois,Carroll,21,2,0,42.06823429,-89.93395545,17015.0,146.8018175463125,9.523809523809524,19,21,2,0,19,21,14312,0,0,0,0,0
2020-07-10,US,Illinois,Cass,137,8,0,39.96991073,-90.24734436,17017.0,1127.850498065366,5.8394160583941614,129,136,7,0,129,136,12260,1,1,0,0,0
2020-07-10,US,Illinois,Champaign,1018,17,0,40.13919438,-88.20046615,17019.0,485.480878825308,1.6699410609037328,1001,1010,17,0,993,992,209983,8,0,0,8,18
2020-07-10,US,Illinois,Christian,49,4,0,39.54581621,-89.27780482,17021.0,151.68400198117882,8.16326530612245,45,48,4,0,44,47,32661,1,0,0,1,1
2020-07-10,US,Illinois,Clark,36,0,0,39.33425789,-87.78705622,17023.0,233.14552166310472,0.0,36,21,0,0,21,18,15596,15,0,0,15,3
2020-07-10,US,Illinois,Clay,2,0,0,38.75388572,-88.48914513,17025.0,15.169902912621355,0.0,2,2,0,0,2,2,13253,0,0,0,0,0
2020-07-10,US,Illinois,Clinton,245,17,0,38.60704876,-89.42385254,17027.0,652.2549385016772,6.938775510204081,228,244,17,0,227,244,37639,1,0,0,1,0
2020-07-10,US,Illinois,Coles,190,17,0,39.51949084,-88.22358557,17029.0,375.33829833468315,8.947368421052632,173,188,17,0,171,184,50885,2,0,0,2,4
2020-07-10,US,Illinois,Cook,94605,4693,0,41.84144849,-87.81658794,17031.0,1836.907184587571,4.960625759737858,89912,94005,4676,0,89329,93496,5180493,600,17,0,583,509
2020-07-10,US,Illinois,Crawford,19,0,0,39.0032229,-87.75954624,17033.0,101.78389671613009,0.0,19,18,0,0,18,18,18807,1,0,0,1,0
2020-07-10,US,Illinois,Cumberland,30,0,0,39.27432424,-88.2401158,17035.0,278.65502507895224,0.0,30,24,0,0,24,24,10808,6,0,0,6,0
2020-07-10,US,Illinois,De Witt,16,0,0,40.17514519,-88.90959682,17039.0,102.31487402481136,0.0,16,16,0,0,16,16,15769,0,0,0,0,0
2020-07-10,US,Illinois,DeKalb,619,20,0,41.89373302,-88.76958483,17037.0,590.1026721450565,3.231017770597738,599,602,20,0,582,595,104143,17,0,0,17,7
2020-07-10,US,Illinois,Douglas,55,0,0,39.76768052,-88.21854195,17041.0,282.5584382224505,0.0,55,55,0,0,55,54,19479,0,0,0,0,1
2020-07-10,US,Illinois,DuPage,9571,483,0,41.85116968,-88.08642662,17043.0,1037.0335055763167,5.046494619162051,9088,9502,483,0,9019,9454,928589,69,0,0,69,48
2020-07-10,US,Illinois,Edgar,17,0,0,39.6809186,-87.74759563,17045.0,99.06182623390244,0.0,17,16,0,0,16,16,17360,1,0,0,1,0
2020-07-10,US,Illinois,Edwards,3,0,0,38.41353228,-88.05720863,17047.0,46.91164972634871,0.0,3,2,0,0,2,2,6392,1,0,0,1,0
2020-07-10,US,Illinois,Effingham,27,1,0,39.05935711,-88.58969584,17049.0,79.39308398023995,3.703703703703704,26,20,1,0,19,19,34208,7,0,0,7,1
2020-07-10,US,Illinois,Fayette,23,3,0,39.00072038,-89.02452658,17051.0,107.79902512185976,13.043478260869565,20,23,3,0,20,24,21416,0,0,0,0,-1
2020-07-10,US,Illinois,Ford,42,1,0,40.59706922,-88.22350769,17053.0,324.04907028778644,2.380952380952381,41,42,1,0,41,41,13264,0,0,0,0,1
2020-07-10,US,Illinois,Franklin,40,0,0,37.99189086,-88.92567818,17055.0,103.9798279133848,0.0,40,40,0,0,40,36,38701,0,0,0,0,4
2020-07-10,US,Illinois,Fulton,16,0,0,40.47289135,-90.20862357,17057.0,46.59289458357601,0.0,16,16,0,0,16,16,34844,0,0,0,0,0
2020-07-10,US,Illinois,Gallatin,5,0,0,37.76430935,-88.22953869,17059.0,103.56255178127589,0.0,5,4,0,0,4,4,5058,1,0,0,1,0
2020-07-10,US,Illinois,Greene,8,0,0,39.35907414,-90.388865,17061.0,61.68555786876398,0.0,8,8,0,0,8,8,13044,0,0,0,0,0
2020-07-10,US,Illinois,Grundy,188,5,0,41.28569601,-88.41905692,17063.0,368.2375523955028,2.6595744680851063,183,187,5,0,182,185,50972,1,0,0,1,2
2020-07-10,US,Illinois,Hamilton,7,0,0,38.08163641,-88.53883373,17065.0,86.2493839329719,0.0,7,7,0,0,7,6,8163,0,0,0,0,1
2020-07-10,US,Illinois,Hancock,20,1,0,40.40423981,-91.16313899,17067.0,112.943302462164,5.0,19,19,1,0,18,19,17844,1,0,0,1,0
2020-07-10,US,Illinois,Hardin,2,0,0,37.51810645,-88.26873022,17069.0,52.34231876472128,0.0,2,1,0,0,1,1,3910,1,0,0,1,0
2020-07-10,US,Illinois,Henderson,8,0,0,40.81908672,-90.92491462,17071.0,120.37315678603672,0.0,8,8,0,0,8,8,6709,0,0,0,0,0
2020-07-10,US,Illinois,Henry,106,1,0,41.3533994,-90.13296166,17073.0,216.71130374338108,0.9433962264150944,105,103,1,0,102,103,49090,3,0,0,3,0
2020-07-10,US,Illinois,Iroquois,172,5,0,40.74717633,-87.82466784,17075.0,634.3586339160581,2.9069767441860463,167,170,5,0,165,168,27604,2,0,0,2,2
2020-07-10,US,Illinois,Jackson,347,19,0,37.78595185,-89.38232563,17077.0,611.453744493392,5.475504322766571,328,345,19,0,326,343,57419,2,0,0,2,2
2020-07-10,US,Illinois,Jasper,47,7,0,39.01054275,-88.15437049,17079.0,489.0738813735692,14.893617021276595,40,47,7,0,40,47,9611,0,0,0,0,0
2020-07-10,US,Illinois,Jefferson,115,17,0,38.29980057,-88.9240025,17081.0,305.1693026218024,14.782608695652176,98,113,17,0,96,111,37820,2,0,0,2,2
2020-07-10,US,Illinois,Jersey,40,1,0,39.08869046,-90.35393073,17083.0,183.71377394020118,2.5,39,38,1,0,37,37,21847,2,0,0,2,1
2020-07-10,US,Illinois,Jo Daviess,52,1,0,42.36542373,-90.21094405,17085.0,244.87873793265842,1.9230769230769231,51,49,1,0,48,49,21366,3,0,0,3,0
2020-07-10,US,Illinois,Johnson,24,0,0,37.45939802,-88.88165419,17087.0,193.28340178787147,0.0,24,23,0,0,23,21,12456,1,0,0,1,2
2020-07-10,US,Illinois,Kane,8028,281,0,41.93842729,-88.42861412,17089.0,1507.880308713512,3.500249128051818,7747,7971,281,0,7690,7949,534216,57,0,0,57,22
2020-07-10,US,Illinois,Kankakee,1401,65,0,41.13746989,-87.86205334,17091.0,1275.2362054213468,4.6395431834404,1336,1344,65,0,1279,1335,110024,57,0,0,57,9
2020-07-10,US,Illinois,Kendall,1032,23,0,41.59081014,-88.42869583,17093.0,800.0620203116521,2.228682170542636,1009,1024,23,0,1001,1011,127915,8,0,0,8,13
2020-07-10,US,Illinois,Knox,157,0,0,40.93148779,-90.21330340000002,17095.0,315.90172840499815,0.0,157,152,0,0,152,149,50112,5,0,0,5,3
2020-07-10,US,Illinois,LaSalle,246,17,0,41.34426129999999,-88.88633881,17099.0,226.3755072743837,6.9105691056910565,229,239,17,0,222,237,109430,7,0,0,7,2
2020-07-10,US,Illinois,Lake,10253,428,0,42.3224907,-88.00367925,17097.0,1472.0006891254568,4.174387984004682,9825,10175,427,0,9748,10104,700832,78,1,0,77,71
2020-07-10,US,Illinois,Lawrence,9,0,0,38.71987914,-87.72884035,17101.0,57.405281285878296,0.0,9,8,0,0,8,8,15765,1,0,0,1,0
2020-07-10,US,Illinois,Lee,105,2,0,41.74583951,-89.29977132,17103.0,307.9540122008446,1.9047619047619049,103,104,2,0,102,104,34223,1,0,0,1,0
2020-07-10,US,Illinois,Livingston,54,2,0,40.89188292,-88.55784752,17105.0,151.4811490125673,3.703703703703704,52,54,2,0,52,53,35761,0,0,0,0,1
2020-07-10,US,Illinois,Logan,18,0,0,40.12581572,-89.36638784,17107.0,62.89747711230694,0.0,18,18,0,0,18,18,28925,0,0,0,0,0
2020-07-10,US,Illinois,Macon,243,22,0,39.86064913,-88.96342505,17115.0,233.63362785912759,9.053497942386832,221,242,22,0,220,241,104712,1,0,0,1,1
2020-07-10,US,Illinois,Macoupin,66,3,0,39.26119767,-89.92424028,17117.0,146.90824912077642,4.545454545454546,63,62,3,0,59,61,45313,4,0,0,4,1
2020-07-10,US,Illinois,Madison,1133,70,0,38.83042506,-89.90422563,17119.0,430.85417886723,6.17828773168579,1063,1095,70,0,1025,1077,264461,38,0,0,38,18
2020-07-10,US,Illinois,Marion,77,0,0,38.64963204,-88.91899208,17121.0,206.961429915334,0.0,77,77,0,0,77,73,37620,0,0,0,0,4
2020-07-10,US,Illinois,Marshall,12,0,0,41.0327901,-89.34510444,17123.0,104.91344640671446,0.0,12,12,0,0,12,12,11534,0,0,0,0,0
2020-07-10,US,Illinois,Mason,24,0,0,40.23917274,-89.91824452,17125.0,179.6541657309679,0.0,24,23,0,0,23,23,13565,1,0,0,1,0
2020-07-10,US,Illinois,Massac,15,0,0,37.22078441,-88.71036614,17127.0,108.91664246296837,0.0,15,15,0,0,15,15,14080,0,0,0,0,0
2020-07-10,US,Illinois,McDonough,104,15,0,40.45674722,-90.67775541,17109.0,350.3807021090223,14.423076923076925,89,103,15,0,88,104,29955,1,0,0,1,-1
2020-07-10,US,Illinois,McHenry,2229,101,0,42.32451172,-88.45248227,17111.0,724.2327162138453,4.531179901301032,2128,2208,100,0,2108,2179,308570,21,1,0,20,29
2020-07-10,US,Illinois,McLean,308,15,0,40.48996987,-88.84621113,17113.0,179.574036392894,4.87012987012987,293,301,15,0,286,292,172828,7,0,0,7,9
2020-07-10,US,Illinois,Menard,31,0,0,40.02742725,-89.80246001,17129.0,254.18169891767792,0.0,31,28,0,0,28,26,12288,3,0,0,3,2
2020-07-10,US,Illinois,Mercer,28,0,0,41.20596782,-90.74290052,17131.0,181.38239295199844,0.0,28,28,0,0,28,25,15601,0,0,0,0,3
2020-07-10,US,Illinois,Monroe,150,13,0,38.27594376,-90.17761038,17133.0,433.0629096053354,8.666666666666666,137,147,13,0,134,141,34335,3,0,0,3,6
2020-07-10,US,Illinois,Montgomery,69,1,0,39.23198845,-89.47809254,17135.0,242.8380375871049,1.4492753623188406,68,64,1,0,63,59,28601,5,0,0,5,5
2020-07-10,US,Illinois,Morgan,132,3,0,39.71654544,-90.20255104,17137.0,392.1801651910393,2.272727272727273,129,132,3,0,129,132,33976,0,0,0,0,0
2020-07-10,US,Illinois,Moultrie,20,0,0,39.64187451,-88.62099969,17139.0,137.92152265361008,0.0,20,19,0,0,19,19,14717,1,0,0,1,0
2020-07-10,US,Illinois,Ogle,286,4,0,42.04165196,-89.32184679,17141.0,564.7374760578955,1.3986013986013983,282,283,4,0,279,279,50923,3,0,0,3,4
2020-07-10,US,Illinois,Out of IL,2,0,0,0.0,0.0,80017.0,0.0,0.0,2,1,1,0,0,1,,1,-1,0,2,0
2020-07-10,US,Illinois,Peoria,628,30,0,40.78702156,-89.76078901,17143.0,350.4875013254901,4.777070063694269,598,609,29,0,580,583,180621,19,1,0,18,26
2020-07-10,US,Illinois,Perry,61,1,0,38.08510853,-89.36856219,17145.0,291.6427615222796,1.639344262295082,60,60,1,0,59,59,21174,1,0,0,1,1
2020-07-10,US,Illinois,Piatt,21,0,0,40.01360584,-88.59319339,17147.0,128.48751835535975,0.0,21,21,0,0,21,20,16396,0,0,0,0,1
2020-07-10,US,Illinois,Pike,6,0,0,39.62265059,-90.8877017,17149.0,38.5579332947754,0.0,6,5,0,0,5,5,15611,1,0,0,1,0
2020-07-10,US,Illinois,Pope,1,0,0,37.41391284,-88.56152109,17151.0,23.94062724443381,0.0,1,1,0,0,1,1,4212,0,0,0,0,0
2020-07-10,US,Illinois,Pulaski,81,0,0,37.22631423,-89.13085001,17153.0,1518.2755388940955,0.0,81,79,0,0,79,79,5463,2,0,0,2,0
2020-07-10,US,Illinois,Putnam,1,0,0,41.2013541,-89.2869272,17155.0,17.424638438752392,0.0,1,1,0,0,1,1,5740,0,0,0,0,0
2020-07-10,US,Illinois,Randolph,299,7,0,38.05095369,-89.82512254,17157.0,940.7840916241896,2.34113712374582,292,292,7,0,285,291,32106,7,0,0,7,1
2020-07-10,US,Illinois,Richland,8,0,0,38.71240969,-88.08475366,17159.0,51.569651260233364,0.0,8,8,0,0,8,7,15763,0,0,0,0,1
2020-07-10,US,Illinois,Rock Island,1142,30,0,41.46613806,-90.57042164,17161.0,804.9112271724498,2.626970227670753,1112,1107,30,0,1077,1094,143477,35,0,0,35,13
2020-07-10,US,Illinois,Saline,16,0,0,37.75332999,-88.54119706,17165.0,68.11119152015665,0.0,16,11,0,0,11,10,23906,5,0,0,5,1
2020-07-10,US,Illinois,Sangamon,509,33,0,39.75836914,-89.65872023,17167.0,261.4654393030328,6.4833005893909625,476,493,33,0,460,473,195348,16,0,0,16,20
2020-07-10,US,Illinois,Schuyler,13,0,0,40.157179799999994,-90.61114163,17169.0,192.08037825059105,0.0,13,13,0,0,13,13,6907,0,0,0,0,0
2020-07-10,US,Illinois,Scott,1,0,0,39.642916899999996,-90.47814431,17171.0,20.197939810139367,0.0,1,1,0,0,1,1,4926,0,0,0,0,0
2020-07-10,US,Illinois,Shelby,20,1,0,39.39133527,-88.80611122,17173.0,92.44707405010631,5.0,19,20,1,0,19,19,21741,0,0,0,0,1
2020-07-10,US,Illinois,St. Clair,2202,144,0,38.46996033,-89.93063427,17163.0,847.9471361567431,6.539509536784741,2058,2128,144,0,1984,2089,261059,74,0,0,74,39
2020-07-10,US,Illinois,Stark,7,0,0,41.09309773,-89.79745866,17175.0,131.03706476974915,0.0,7,6,0,0,6,6,5427,1,0,0,1,0
2020-07-10,US,Illinois,Stephenson,282,6,0,42.35129217,-89.662598,17177.0,633.7363477010202,2.127659574468085,276,282,6,0,276,280,44753,0,0,0,0,2
2020-07-10,US,Illinois,Tazewell,167,8,0,40.50716185,-89.51404662,17179.0,126.70424800649454,4.790419161676646,159,164,8,0,156,158,132328,3,0,0,3,6
2020-07-10,US,Illinois,Unassigned,1175,201,0,0.0,0.0,90017.0,0.0,17.106382978723403,974,1170,210,0,960,1170,,5,-9,0,14,0
2020-07-10,US,Illinois,Union,202,19,0,37.47119609,-89.25548938,17181.0,1212.9946556176064,9.405940594059404,183,196,19,0,177,195,16841,6,0,0,6,1
2020-07-10,US,Illinois,Vermilion,86,2,0,40.18417171,-87.73384359,17183.0,113.51936429155994,2.3255813953488373,84,85,2,0,83,82,76806,1,0,0,1,3
2020-07-10,US,Illinois,Wabash,23,0,0,38.44272901,-87.84922065,17185.0,199.65277777777766,0.0,23,23,0,0,23,23,11549,0,0,0,0,0
2020-07-10,US,Illinois,Warren,147,0,0,40.84925021,-90.6147432,17187.0,872.7143196390407,0.0,147,147,0,0,147,147,17032,0,0,0,0,0
2020-07-10,US,Illinois,Washington,25,0,0,38.35309213,-89.40982703,17189.0,180.02448332973285,0.0,25,25,0,0,25,25,13995,0,0,0,0,0
2020-07-10,US,Illinois,Wayne,16,1,0,38.42955355,-88.42586459,17191.0,98.6740672217083,6.25,15,15,1,0,14,15,16332,1,0,0,1,0
2020-07-10,US,Illinois,White,9,0,0,38.08706198,-88.17657461,17193.0,66.48445002585507,0.0,9,8,0,0,8,9,13665,1,0,0,1,-1
2020-07-10,US,Illinois,Whiteside,208,15,0,41.75509713,-89.91556058,17195.0,376.9823289533303,7.211538461538463,193,203,15,0,188,199,55626,5,0,0,5,4
2020-07-10,US,Illinois,Will,7171,324,0,41.44619267,-87.97862712,17197.0,1038.1574623267986,4.51819829870311,6847,7120,322,0,6798,7061,692310,51,2,0,49,59
2020-07-10,US,Illinois,Williamson,145,4,0,37.73033511,-88.92994027,17199.0,217.7275252639008,2.7586206896551726,141,139,4,0,135,134,67056,6,0,0,6,5
2020-07-10,US,Illinois,Winnebago,3161,104,0,42.33641854,-89.16085327,17201.0,1118.652945090101,3.29009807023094,3057,3143,101,0,3042,3131,284081,18,3,0,15,12
2020-07-10,US,Illinois,Woodford,44,2,0,40.78579374,-89.20973757,17203.0,114.40755089835928,4.545454545454546,42,41,2,0,39,39,38463,3,0,0,3,2
2020-07-10,US,Indiana,Adams,49,1,0,40.7457653,-84.93671406,18001.0,136.95949911954608,2.0408163265306123,48,49,1,0,48,49,35636,0,0,0,0,0
2020-07-10,US,Indiana,Allen,2902,133,0,41.09194313,-85.06800636,18003.0,765.0956105868985,4.583046175051688,2769,2867,133,0,2734,2835,375351,35,0,0,35,32
2020-07-10,US,Indiana,Bartholomew,593,45,0,39.20744865,-85.89558181,18005.0,707.8146074792012,7.588532883642496,548,592,45,0,547,591,82753,1,0,0,1,1
2020-07-10,US,Indiana,Benton,51,0,0,40.60626947,-87.31093999,18007.0,582.9903978052126,0.0,51,48,0,0,48,48,8653,3,0,0,3,0
2020-07-10,US,Indiana,Blackford,40,2,0,40.47388153,-85.32499702,18009.0,340.1939105290015,5.0,38,39,2,0,37,39,11930,1,0,0,1,0
2020-07-10,US,Indiana,Boone,474,44,0,40.0509304,-86.46841646,18011.0,698.6719337293457,9.282700421940927,430,459,44,0,415,454,66999,15,0,0,15,5
2020-07-10,US,Indiana,Brown,43,1,0,39.19605589,-86.22868909,18013.0,284.91916247018287,2.3255813953488373,42,42,1,0,41,42,15234,1,0,0,1,0
2020-07-10,US,Indiana,Carroll,113,2,0,40.580783200000006,-86.56198812,18015.0,557.8318605914005,1.7699115044247788,111,112,2,0,110,110,20127,1,0,0,1,2
2020-07-10,US,Indiana,Cass,1644,9,0,40.76135835,-86.34830753,18017.0,4362.015442171456,0.5474452554744526,1635,1643,9,0,1634,1642,37955,1,0,0,1,1
2020-07-10,US,Indiana,Clark,681,44,0,38.48015445,-85.70510334,18019.0,575.6453821575292,6.461086637298091,637,671,44,0,627,668,117360,10,0,0,10,3
2020-07-10,US,Indiana,Clay,66,5,0,39.39561833,-87.11723506,18021.0,251.66825548141082,7.575757575757576,61,64,4,0,60,60,26170,2,1,0,1,4
2020-07-10,US,Indiana,Clinton,289,3,0,40.30319754,-86.47277257,18023.0,892.0028395938147,1.038062283737024,286,288,2,0,286,290,32250,1,1,0,0,-2
2020-07-10,US,Indiana,Crawford,33,0,0,38.28814402,-86.44518825,18025.0,311.99773092559326,0.0,33,32,0,0,32,32,10558,1,0,0,1,0
2020-07-10,US,Indiana,Daviess,150,17,0,38.70186039,-87.07185406,18027.0,449.76162633804086,11.333333333333336,133,150,17,0,133,148,33147,0,0,0,0,2
2020-07-10,US,Indiana,DeKalb,167,4,0,41.39804622,-84.99906934,18033.0,384.12880966072447,2.395209580838323,163,163,4,0,159,163,43226,4,0,0,4,0
2020-07-10,US,Indiana,Dearborn,254,23,0,39.14647946,-84.97333539,18029.0,513.5670670063488,9.05511811023622,231,247,23,0,224,238,49568,7,0,0,7,9
2020-07-10,US,Indiana,Decatur,255,32,0,39.30712658,-85.50087166,18031.0,960.1265107873036,12.549019607843134,223,255,32,0,223,254,26794,0,0,0,0,1
2020-07-10,US,Indiana,Delaware,469,52,0,40.22787247,-85.39732772,18035.0,410.91689665746696,11.087420042643924,417,460,52,0,408,452,114772,9,0,0,9,8
2020-07-10,US,Indiana,Dubois,297,6,0,38.36597551,-86.87924170000002,18037.0,694.9644327967053,2.0202020202020203,291,290,6,0,284,288,42565,7,0,0,7,2
2020-07-10,US,Indiana,Elkhart,3470,58,0,41.59761169,-85.85875695,18039.0,1681.6822638254152,1.6714697406340058,3412,3432,57,0,3375,3402,205560,38,1,0,37,30
2020-07-10,US,Indiana,Fayette,105,7,0,39.63684962,-85.17797541,18041.0,454.5061033676738,6.666666666666668,98,103,7,0,96,103,23047,2,0,0,2,0
2020-07-10,US,Indiana,Floyd,404,44,0,38.32117957,-85.90385377,18043.0,514.5054889075673,10.891089108910892,360,391,44,0,347,384,77781,13,0,0,13,7
2020-07-10,US,Indiana,Fountain,35,2,0,40.12361933,-87.24217689,18045.0,214.11966230270409,5.7142857142857135,33,33,2,0,31,32,16351,2,0,0,2,1
2020-07-10,US,Indiana,Franklin,127,8,0,39.4142482,-85.06062647,18047.0,558.0455224536427,6.299212598425197,119,127,8,0,119,126,22736,0,0,0,0,1
2020-07-10,US,Indiana,Fulton,73,1,0,41.0469907,-86.26252745,18049.0,365.4751176529488,1.3698630136986298,72,73,1,0,72,72,20092,0,0,0,0,1
2020-07-10,US,Indiana,Gibson,113,2,0,38.30393723,-87.58054938,18051.0,335.7200154490626,1.7699115044247788,111,103,2,0,101,98,33452,10,0,0,10,5
2020-07-10,US,Indiana,Grant,309,26,0,40.51587228,-85.65468702,18053.0,469.826209916526,8.414239482200648,283,302,26,0,276,296,65936,7,0,0,7,6
2020-07-10,US,Indiana,Greene,193,32,0,39.03630547,-86.96223202,18055.0,604.5987093540505,16.580310880829014,161,191,32,0,159,190,32006,2,0,0,2,1
2020-07-10,US,Indiana,Hamilton,1665,101,0,40.07306535,-86.05244729,18057.0,492.5875193410865,6.066066066066066,1564,1629,101,0,1528,1608,330086,36,0,0,36,21
2020-07-10,US,Indiana,Hancock,460,36,0,39.82304555,-85.77566351,18059.0,588.4761027530448,7.826086956521738,424,457,36,0,421,452,76351,3,0,0,3,5
2020-07-10,US,Indiana,Harrison,217,22,0,38.19467379,-86.10948271,18061.0,535.6040972479328,10.138248847926267,195,217,22,0,195,216,40350,0,0,0,0,1
2020-07-10,US,Indiana,Hendricks,1446,100,0,39.76719009,-86.51037283,18063.0,849.0350006752353,6.915629322268328,1346,1439,100,0,1339,1425,167009,7,0,0,7,14
2020-07-10,US,Indiana,Henry,297,17,0,39.93029017,-85.39625719,18065.0,619.1111481697658,5.723905723905723,280,293,16,0,277,282,48271,4,1,0,3,11
2020-07-10,US,Indiana,Howard,594,58,0,40.48527731,-86.11351892,18067.0,719.6162046908313,9.764309764309765,536,582,58,0,524,580,82366,12,0,0,12,2
2020-07-10,US,Indiana,Huntington,93,2,0,40.82907273,-85.48822092,18069.0,254.65498357064618,2.150537634408602,91,82,2,0,80,78,36240,11,0,0,11,4
2020-07-10,US,Indiana,Jackson,478,3,0,38.90915820000001,-86.03851889,18071.0,1080.6900137912323,0.6276150627615062,475,477,3,0,474,473,44111,1,0,0,1,4
2020-07-10,US,Indiana,Jasper,133,2,0,41.02078733,-87.11553319,18073.0,396.2815088492938,1.5037593984962403,131,125,2,0,123,123,33370,8,0,0,8,2
2020-07-10,US,Indiana,Jay,68,0,0,40.43781032,-85.00576229,18075.0,332.7461342728518,0.0,68,68,0,0,68,68,20764,0,0,0,0,0
2020-07-10,US,Indiana,Jefferson,78,2,0,38.78576239,-85.43633383,18077.0,241.42627213074158,2.5641025641025643,76,78,2,0,76,76,32208,0,0,0,0,2
2020-07-10,US,Indiana,Jennings,179,12,0,38.99588883,-85.62710784,18079.0,645.3939066161889,6.70391061452514,167,179,12,0,167,177,27611,0,0,0,0,2
2020-07-10,US,Indiana,Johnson,1325,118,0,39.48994426,-86.10149107,18081.0,837.7221544317082,8.90566037735849,1207,1306,118,0,1188,1296,156225,19,0,0,19,10
2020-07-10,US,Indiana,Knox,67,0,0,38.68861576,-87.4194665,18083.0,183.0901240640541,0.0,67,65,0,0,65,64,36895,2,0,0,2,1
2020-07-10,US,Indiana,Kosciusko,570,4,0,41.24521668,-85.86312322,18085.0,717.3781715666532,0.7017543859649122,566,565,4,0,561,562,79344,5,0,0,5,3
2020-07-10,US,Indiana,LaGrange,482,9,0,41.64232188,-85.42674232,18087.0,1216.74155601555,1.867219917012448,473,482,9,0,473,477,39330,0,0,0,0,5
2020-07-10,US,Indiana,LaPorte,605,27,0,41.54366008,-86.74072188,18091.0,550.5605707629586,4.462809917355372,578,597,27,0,570,583,110007,8,0,0,8,14
2020-07-10,US,Indiana,Lake,5432,248,0,41.41874274,-87.38277575,18089.0,1118.8626818512316,4.5655375552282775,5184,5337,247,0,5090,5276,484411,95,1,0,94,61
2020-07-10,US,Indiana,Lawrence,252,25,0,38.84112637,-86.48361629,18093.0,555.4331055763721,9.92063492063492,227,251,25,0,226,248,45668,1,0,0,1,3
2020-07-10,US,Indiana,Madison,672,64,0,40.16143691,-85.71964711,18095.0,518.6425765422284,9.523809523809524,608,668,64,0,604,667,129641,4,0,0,4,1
2020-07-10,US,Indiana,Marion,11920,692,0,39.78163624,-86.13826325,18097.0,1235.768446850553,5.805369127516777,11228,11812,690,0,11122,11760,954670,108,2,0,106,52
2020-07-10,US,Indiana,Marshall,530,8,0,41.32467367,-86.26185087,18099.0,1145.7477625491804,1.509433962264151,522,521,7,0,514,501,46248,9,1,0,8,20
2020-07-10,US,Indiana,Martin,24,0,0,38.7099921,-86.80373186,18101.0,234.03217942467086,0.0,24,22,0,0,22,22,10217,2,0,0,2,0
2020-07-10,US,Indiana,Miami,192,2,0,40.76940965,-86.04525048,18103.0,540.601419078725,1.0416666666666667,190,189,2,0,187,186,35567,3,0,0,3,3
2020-07-10,US,Indiana,Monroe,329,28,0,39.16130004,-86.52414358,18105.0,221.65181127931496,8.51063829787234,301,315,28,0,287,309,146917,14,0,0,14,6
2020-07-10,US,Indiana,Montgomery,297,20,0,40.04034823,-86.89335024,18107.0,774.6882988157962,6.7340067340067336,277,297,20,0,277,297,38346,0,0,0,0,0
2020-07-10,US,Indiana,Morgan,336,31,0,39.47899078,-86.44573375,18109.0,476.6701187419314,9.226190476190476,305,328,31,0,297,327,70116,8,0,0,8,1
2020-07-10,US,Indiana,Newton,100,10,0,40.95610449,-87.39635768,18111.0,715.1029748283753,10.0,90,99,10,0,89,99,14011,1,0,0,1,0
2020-07-10,US,Indiana,Noble,501,28,0,41.39672484,-85.41966713,18113.0,1049.3465147453082,5.588822355289421,473,491,28,0,463,485,47532,10,0,0,10,6
2020-07-10,US,Indiana,Ohio,22,0,0,38.955304999999996,-84.96515993,18115.0,374.468085106383,0.0,22,21,0,0,21,18,5844,1,0,0,1,3
2020-07-10,US,Indiana,Orange,137,23,0,38.54118920000001,-86.49523093,18117.0,697.3429705792528,16.78832116788321,114,136,23,0,113,136,19489,1,0,0,1,0
2020-07-10,US,Indiana,Owen,52,1,0,39.31145587,-86.83900724,18119.0,250.01201980864465,1.9230769230769231,51,51,1,0,50,50,20845,1,0,0,1,1
2020-07-10,US,Indiana,Parke,23,0,0,39.77202286,-87.20375833,18121.0,135.79736671193243,0.0,23,24,0,0,24,24,16927,-1,0,0,-1,0
2020-07-10,US,Indiana,Perry,145,9,0,38.07809328,-86.63741946,18123.0,756.4296520423601,6.206896551724138,136,140,9,0,131,135,19102,5,0,0,5,5
2020-07-10,US,Indiana,Pike,11,0,0,38.40112197,-87.23574907,18125.0,88.78844135927031,0.0,11,11,0,0,11,11,12410,0,0,0,0,0
2020-07-10,US,Indiana,Porter,802,38,0,41.45986947,-87.06848888,18127.0,470.68766176220294,4.7381546134663335,764,780,38,0,742,767,169594,22,0,0,22,13
2020-07-10,US,Indiana,Posey,55,0,0,38.02097333,-87.86480429,18129.0,216.3055020254061,0.0,55,49,0,0,49,45,25540,6,0,0,6,4
2020-07-10,US,Indiana,Pulaski,66,1,0,41.04166107,-86.69890683,18131.0,534.2831700801423,1.5151515151515151,65,66,1,0,65,66,12469,0,0,0,0,0
2020-07-10,US,Indiana,Putnam,172,8,0,39.66437981,-86.84517605,18133.0,457.7389823291463,4.651162790697675,164,170,8,0,162,170,37779,2,0,0,2,0
2020-07-10,US,Indiana,Randolph,79,4,0,40.15734772,-85.01139319,18135.0,320.29191161564967,5.063291139240507,75,80,4,0,76,80,24851,-1,0,0,-1,0
2020-07-10,US,Indiana,Ripley,127,7,0,39.10235626,-85.26212744,18137.0,448.3829967518712,5.511811023622046,120,124,7,0,117,124,28523,3,0,0,3,0
2020-07-10,US,Indiana,Rush,61,3,0,39.62002287,-85.4655599,18139.0,367.8909595319944,4.918032786885246,58,60,3,0,57,58,16663,1,0,0,1,2
2020-07-10,US,Indiana,Scott,163,9,0,38.68672078,-85.74627859,18143.0,682.7797092950195,5.521472392638037,154,162,8,0,154,162,23878,1,1,0,0,0
2020-07-10,US,Indiana,Shelby,435,25,0,39.52305623,-85.79158570000001,18145.0,972.523418811062,5.747126436781608,410,434,25,0,409,431,44593,1,0,0,1,3
2020-07-10,US,Indiana,Spencer,50,1,0,38.01519732,-87.0079644,18147.0,246.58480051289644,2.0,49,46,1,0,45,44,20327,4,0,0,4,2
2020-07-10,US,Indiana,St. Joseph,2051,69,0,41.61756781,-86.29040834,18141.0,754.5267928748539,3.3642125792296436,1982,2025,69,0,1956,2001,270771,26,0,0,26,24
2020-07-10,US,Indiana,Starke,98,3,0,41.27890281,-86.64686895,18149.0,426.17960426179604,3.0612244897959178,95,96,3,0,93,94,22935,2,0,0,2,2
2020-07-10,US,Indiana,Steuben,136,2,0,41.64423868,-85.00101094,18151.0,393.1317569520726,1.4705882352941178,134,133,2,0,131,130,34586,3,0,0,3,3
2020-07-10,US,Indiana,Sullivan,47,1,0,39.08952258,-87.41414469,18153.0,227.39368135855628,2.127659574468085,46,45,1,0,44,45,20690,2,0,0,2,0
2020-07-10,US,Indiana,Switzerland,30,0,0,38.82767338,-85.03022429,18155.0,279.04380987815085,0.0,30,28,0,0,28,28,10717,2,0,0,2,0
2020-07-10,US,Indiana,Tippecanoe,759,9,0,40.38872739,-86.89413959,18157.0,387.7751210839312,1.1857707509881423,750,743,9,0,734,735,193048,16,0,0,16,8
2020-07-10,US,Indiana,Tipton,32,1,0,40.31123252,-86.05234925,18159.0,211.2490097702667,3.125,31,31,1,0,30,31,15128,1,0,0,1,0
2020-07-10,US,Indiana,Unassigned,0,193,0,0.0,0.0,90018.0,0.0,0.0,-193,0,193,0,-193,0,,0,0,0,0,0
2020-07-10,US,Indiana,Union,13,0,0,39.62550777,-84.92497066,18161.0,184.2925999432946,0.0,13,13,0,0,13,13,7037,0,0,0,0,0
2020-07-10,US,Indiana,Vanderburgh,681,6,0,38.02658833,-87.58763124,18163.0,375.30793437346716,0.8810572687224669,675,629,6,0,623,587,180974,52,0,0,52,42
2020-07-10,US,Indiana,Vermillion,20,0,0,39.8523352,-87.46160542,18165.0,129.0489095367144,0.0,20,17,0,0,17,14,15479,3,0,0,3,3
2020-07-10,US,Indiana,Vigo,247,8,0,39.42944561,-87.39169027,18167.0,230.7591696406884,3.238866396761133,239,240,8,0,232,238,107386,7,0,0,7,2
2020-07-10,US,Indiana,Wabash,115,2,0,40.84704239,-85.79328272,18169.0,371.0156149180538,1.7391304347826086,113,115,2,0,113,114,31280,0,0,0,0,1
2020-07-10,US,Indiana,Warren,15,1,0,40.34728141,-87.35602659,18171.0,181.48820326678765,6.666666666666668,14,15,1,0,14,14,8263,0,0,0,0,1
2020-07-10,US,Indiana,Warrick,243,29,0,38.08922676,-87.2716085,18173.0,385.7265310009842,11.934156378600823,214,232,29,0,203,227,62567,11,0,0,11,5
2020-07-10,US,Indiana,Washington,68,1,0,38.60219804,-86.1049363,18175.0,242.54529890141248,1.4705882352941178,67,67,1,0,66,67,27943,1,0,0,1,0
2020-07-10,US,Indiana,Wayne,153,6,0,39.863344399999995,-85.01044989,18177.0,232.22633719871288,3.92156862745098,147,149,6,0,143,143,65936,4,0,0,4,6
2020-07-10,US,Indiana,Wells,79,1,0,40.72934187,-85.22132966,18179.0,279.1914051456036,1.2658227848101269,78,79,1,0,78,75,28206,0,0,0,0,4
2020-07-10,US,Indiana,White,268,10,0,40.74911165,-86.86492015,18181.0,1111.9409177661605,3.7313432835820897,258,268,10,0,258,266,24133,0,0,0,0,2
2020-07-10,US,Indiana,Whitley,104,5,0,41.13863784,-85.50791236,18183.0,306.20657166411496,4.807692307692308,99,99,5,0,94,97,34074,5,0,0,5,2
2020-07-10,US,Iowa,Adair,17,0,0,41.33075609,-94.47105874,19001.0,237.69574944071587,0.0,17,16,0,0,16,17,7063,1,0,0,1,-1
2020-07-10,US,Iowa,Adams,8,0,0,41.02903567,-94.69932645,19003.0,222.0988339811216,0.0,8,8,0,0,8,8,3645,0,0,0,0,0
2020-07-10,US,Iowa,Allamakee,138,4,0,43.28383218,-91.37860922,19005.0,1008.2560093519397,2.898550724637681,134,135,4,0,131,135,13832,3,0,0,3,0
2020-07-10,US,Iowa,Appanoose,21,3,0,40.74324454,-92.86865906,19007.0,169.00048285852245,14.285714285714285,18,21,3,0,18,21,12437,0,0,0,0,0
2020-07-10,US,Iowa,Audubon,16,1,0,41.6844628,-94.90581859,19009.0,291.12081513828235,6.25,15,16,1,0,15,16,5506,0,0,0,0,0
2020-07-10,US,Iowa,Benton,74,1,0,42.08011739,-92.06463573,19011.0,288.55527393254044,1.351351351351351,73,72,1,0,71,69,25642,2,0,0,2,3
2020-07-10,US,Iowa,Black Hawk,2457,59,0,42.4704581,-92.30524729,19013.0,1872.3138354619439,2.4013024013024014,2398,2397,59,0,2338,2355,132408,60,0,0,60,42
2020-07-10,US,Iowa,Boone,164,1,0,42.03657094,-93.9313999,19015.0,625.1429442707936,0.6097560975609756,163,160,1,0,159,157,26346,4,0,0,4,3
2020-07-10,US,Iowa,Bremer,106,7,0,42.77461496,-92.31795937,19017.0,422.9510813183305,6.60377358490566,99,102,7,0,95,98,24947,4,0,0,4,4
2020-07-10,US,Iowa,Buchanan,62,1,0,42.4709188,-91.83510825,19019.0,292.7981109799292,1.6129032258064515,61,61,1,0,60,60,21199,1,0,0,1,1
2020-07-10,US,Iowa,Buena Vista,1733,11,0,42.73545875,-95.15100162,19021.0,8832.823649337412,0.6347374495095209,1722,1727,11,0,1716,1724,19874,6,0,0,6,3
2020-07-10,US,Iowa,Butler,64,2,0,42.73172833,-92.79015971,19023.0,443.2439919662026,3.125,62,60,2,0,58,60,14539,4,0,0,4,0
2020-07-10,US,Iowa,Calhoun,61,2,0,42.38521079,-94.64046046,19025.0,630.9474555233761,3.278688524590164,59,58,2,0,56,55,9699,3,0,0,3,3
2020-07-10,US,Iowa,Carroll,110,1,0,42.03617207,-94.86032705,19027.0,545.4996280684354,0.9090909090909092,109,104,1,0,103,104,20154,6,0,0,6,0
2020-07-10,US,Iowa,Cass,27,0,0,41.33149454,-94.92792482,19029.0,210.34590215020256,0.0,27,27,0,0,27,24,12930,0,0,0,0,3
2020-07-10,US,Iowa,Cedar,94,1,0,41.77233777,-91.13246684,19031.0,504.64379663928713,1.0638297872340423,93,85,1,0,84,85,18627,9,0,0,9,0
2020-07-10,US,Iowa,Cerro Gordo,266,1,0,43.08177563,-93.2612239,19033.0,626.6195524146054,0.3759398496240601,265,223,1,0,222,201,42647,43,0,0,43,22
2020-07-10,US,Iowa,Cherokee,82,1,0,42.73538914,-95.62389402,19035.0,729.8620382732531,1.2195121951219512,81,81,1,0,80,79,11321,1,0,0,1,2
2020-07-10,US,Iowa,Chickasaw,29,0,0,43.06001295,-92.31773347,19037.0,243.0235481438029,0.0,29,29,0,0,29,29,11964,0,0,0,0,0
2020-07-10,US,Iowa,Clarke,143,3,0,41.02868181,-93.78499767,19039.0,1522.0862160723789,2.097902097902098,140,140,3,0,137,134,9423,3,0,0,3,6
2020-07-10,US,Iowa,Clay,148,1,0,43.08247182,-95.15096481,19041.0,924.075924075924,0.6756756756756757,147,143,1,0,142,142,16134,5,0,0,5,1
2020-07-10,US,Iowa,Clayton,48,3,0,42.84443388,-91.34133693,19043.0,273.5198586814064,6.25,45,47,3,0,44,46,17556,1,0,0,1,1
2020-07-10,US,Iowa,Clinton,130,1,0,41.89981633,-90.53275096,19045.0,279.9974154084732,0.7692307692307693,129,121,1,0,120,115,46518,9,0,0,9,6
2020-07-10,US,Iowa,Crawford,679,3,0,42.03718237,-95.3819718,19047.0,4036.860879904874,0.4418262150220913,676,679,3,0,676,679,17158,0,0,0,0,0
2020-07-10,US,Iowa,Dallas,1365,31,0,41.68560356,-94.04127625,19049.0,1460.627267182434,2.271062271062271,1334,1330,31,0,1299,1298,90180,35,0,0,35,32
2020-07-10,US,Iowa,Davis,42,1,0,40.74773536,-92.41005468,19051.0,466.66666666666674,2.380952380952381,41,42,1,0,41,42,9017,0,0,0,0,0
2020-07-10,US,Iowa,Decatur,13,0,0,40.73742757,-93.78645949,19053.0,165.18424396442185,0.0,13,12,0,0,12,12,7890,1,0,0,1,0
2020-07-10,US,Iowa,Delaware,56,1,0,42.47104597,-91.3664492,19055.0,329.1987537475751,1.7857142857142858,55,54,1,0,53,53,17069,2,0,0,2,1
2020-07-10,US,Iowa,Des Moines,100,2,0,40.92012606,-91.18326592,19057.0,256.6274026740575,2.0,98,95,2,0,93,94,39138,5,0,0,5,1
2020-07-10,US,Iowa,Dickinson,295,3,0,43.37787725,-95.1510206,19059.0,1709.3521844941477,1.0169491525423728,292,285,3,0,282,282,17153,10,0,0,10,3
2020-07-10,US,Iowa,Dubuque,918,22,0,42.46815349,-90.88181925,19061.0,943.36714246077,2.396514161220044,896,834,22,0,812,771,96854,84,0,0,84,63
2020-07-10,US,Iowa,Emmet,95,0,0,43.37782951,-94.67858943,19063.0,1031.7115551694178,0.0,95,92,0,0,92,91,9253,3,0,0,3,1
2020-07-10,US,Iowa,Fayette,56,0,0,42.86271799,-91.84412309999999,19065.0,284.9872773536896,0.0,56,54,0,0,54,52,19660,2,0,0,2,2
2020-07-10,US,Iowa,Floyd,76,2,0,43.06000529999999,-92.78940097,19067.0,485.87137194732117,2.631578947368421,74,74,2,0,72,74,15761,2,0,0,2,0
2020-07-10,US,Iowa,Franklin,104,0,0,42.73270384,-93.26256925,19069.0,1032.7706057596822,0.0,104,99,0,0,99,98,10124,5,0,0,5,1
2020-07-10,US,Iowa,Fremont,10,0,0,40.74542720000001,-95.60129045,19071.0,143.67816091954026,0.0,10,8,0,0,8,8,6993,2,0,0,2,0
2020-07-10,US,Iowa,Greene,30,0,0,42.03614551,-94.39658081,19073.0,337.53375337533754,0.0,30,29,0,0,29,29,8981,1,0,0,1,0
2020-07-10,US,Iowa,Grundy,47,0,0,42.40183723,-92.78829551,19075.0,384.23806409417915,0.0,47,42,0,0,42,40,12304,5,0,0,5,2
2020-07-10,US,Iowa,Guthrie,73,4,0,41.68378965,-94.50111014,19077.0,682.9450837309382,5.479452054794519,69,72,4,0,68,69,10720,1,0,0,1,3
2020-07-10,US,Iowa,Hamilton,198,1,0,42.38382428,-93.70197703,19079.0,1340.2829486224866,0.5050505050505051,197,193,1,0,192,192,14952,5,0,0,5,1
2020-07-10,US,Iowa,Hancock,58,1,0,43.08178477,-93.73454884,19081.0,545.6255879586078,1.7241379310344829,57,57,1,0,56,54,10712,1,0,0,1,3
2020-07-10,US,Iowa,Hardin,89,0,0,42.38353877,-93.23654611,19083.0,528.3153270806126,0.0,89,88,0,0,88,83,16868,1,0,0,1,5
2020-07-10,US,Iowa,Harrison,58,0,0,41.68330137,-95.81558439,19085.0,412.8407715851662,0.0,58,56,0,0,56,54,14134,2,0,0,2,2
2020-07-10,US,Iowa,Henry,93,3,0,40.98767962,-91.54436349,19087.0,466.07196552069763,3.2258064516129035,90,90,3,0,87,88,20067,3,0,0,3,2
2020-07-10,US,Iowa,Howard,37,0,0,43.35671042,-92.31702714,19089.0,404.01834461672854,0.0,37,37,0,0,37,37,9187,0,0,0,0,0
2020-07-10,US,Iowa,Humboldt,59,1,0,42.7764426,-94.20722537,19091.0,617.2839506172841,1.6949152542372878,58,59,1,0,58,57,9547,0,0,0,0,2
2020-07-10,US,Iowa,Ida,23,0,0,42.38696136,-95.51355387,19093.0,335.2769679300292,0.0,23,23,0,0,23,23,6841,0,0,0,0,0
2020-07-10,US,Iowa,Iowa,61,1,0,41.68630265,-92.0643373,19095.0,376.9154720711814,1.639344262295082,60,62,1,0,61,61,16141,-1,0,0,-1,1
2020-07-10,US,Iowa,Jackson,56,0,0,42.17178824,-90.57354837,19097.0,288.08066258552395,0.0,56,48,0,0,48,37,19432,8,0,0,8,11
2020-07-10,US,Iowa,Jasper,337,17,0,41.68576082,-93.05567785,19099.0,906.2794137421004,5.044510385756675,320,332,17,0,315,329,37147,5,0,0,5,3
2020-07-10,US,Iowa,Jefferson,62,0,0,41.03192394,-91.94849466,19101.0,338.89040721508616,0.0,62,62,0,0,62,62,18381,0,0,0,0,0
2020-07-10,US,Iowa,Johnson,1405,8,0,41.67169354,-91.58754744,19103.0,929.6016937938336,0.5693950177935944,1397,1384,8,0,1376,1363,151260,21,0,0,21,21
2020-07-10,US,Iowa,Jones,69,0,0,42.12118609,-91.13139641,19105.0,333.6395725545186,0.0,69,68,0,0,68,65,20744,1,0,0,1,3
2020-07-10,US,Iowa,Keokuk,23,1,0,41.33649833,-92.1785067,19107.0,224.47784501268788,4.3478260869565215,22,20,1,0,19,20,10225,3,0,0,3,0
2020-07-10,US,Iowa,Kossuth,41,0,0,43.20405458,-94.20691791,19109.0,276.7839060284885,0.0,41,39,0,0,39,37,14908,2,0,0,2,2
2020-07-10,US,Iowa,Lee,54,2,0,40.64181461,-91.48183025,19111.0,160.44210713967374,3.703703703703704,52,54,2,0,52,54,34055,0,0,0,0,0
2020-07-10,US,Iowa,Linn,1366,83,0,42.07923082,-91.59809485,19113.0,602.542499977945,6.076134699853588,1283,1341,83,0,1258,1323,225909,25,0,0,25,18
2020-07-10,US,Iowa,Louisa,365,13,0,41.21842119,-91.26102611,19115.0,3307.657453556865,3.5616438356164384,352,363,13,0,350,363,11169,2,0,0,2,0
2020-07-10,US,Iowa,Lucas,34,4,0,41.02958964,-93.32780803,19117.0,395.3488372093023,11.764705882352944,30,32,4,0,28,31,8645,2,0,0,2,1
2020-07-10,US,Iowa,Lyon,50,0,0,43.38107862,-96.20926845,19119.0,425.3509145044662,0.0,50,48,0,0,48,47,11811,2,0,0,2,1
2020-07-10,US,Iowa,Madison,53,2,0,41.33081904,-94.01554631,19121.0,324.3971110295018,3.7735849056603774,51,51,2,0,49,49,16249,2,0,0,2,2
2020-07-10,US,Iowa,Mahaska,119,17,0,41.33521503,-92.64083907,19123.0,538.5833899072188,14.285714285714285,102,118,17,0,101,118,22000,1,0,0,1,0
2020-07-10,US,Iowa,Marion,77,0,0,41.33445101,-93.09934783,19125.0,231.55805491233875,0.0,77,75,0,0,75,74,33407,2,0,0,2,1
2020-07-10,US,Iowa,Marshall,1080,19,0,42.03586837,-92.99908190000001,19127.0,2743.275165739541,1.7592592592592593,1061,1068,19,0,1049,1063,39981,12,0,0,12,5
2020-07-10,US,Iowa,Mills,47,0,0,41.03299766,-95.61920963,19129.0,311.0728704745516,0.0,47,46,0,0,46,43,15063,1,0,0,1,3
2020-07-10,US,Iowa,Mitchell,44,0,0,43.35638371,-92.78887719,19131.0,415.64330247496696,0.0,44,43,0,0,43,41,10569,1,0,0,1,2
2020-07-10,US,Iowa,Monona,78,0,0,42.05220391,-95.95743843,19133.0,905.3975623911784,0.0,78,77,0,0,77,77,8679,1,0,0,1,0
2020-07-10,US,Iowa,Monroe,51,7,0,41.02988815,-92.8690667,19135.0,661.7360840794082,13.725490196078429,44,51,7,0,44,51,7790,0,0,0,0,0
2020-07-10,US,Iowa,Montgomery,11,2,0,41.03018714,-95.15642896,19137.0,110.92064132298073,18.181818181818183,9,11,2,0,9,10,10003,0,0,0,0,1
2020-07-10,US,Iowa,Muscatine,685,44,0,41.48370744,-91.11216970000001,19139.0,1605.569098068629,6.423357664233578,641,683,44,0,639,675,42929,2,0,0,2,8
2020-07-10,US,Iowa,O'Brien,92,1,0,43.08310673,-95.62474482,19141.0,668.9449574638261,1.0869565217391304,91,92,1,0,91,91,13840,0,0,0,0,1
2020-07-10,US,Iowa,Osceola,66,0,0,43.37824276,-95.62422844,19143.0,1107.754279959718,0.0,66,64,0,0,64,64,6040,2,0,0,2,0
2020-07-10,US,Iowa,Page,20,0,0,40.7393172,-95.1497813,19145.0,132.38895876083936,0.0,20,20,0,0,20,20,15249,0,0,0,0,0
2020-07-10,US,Iowa,Palo Alto,48,0,0,43.08193849,-94.67824621,19147.0,540.1755570560432,0.0,48,46,0,0,46,42,8929,2,0,0,2,4
2020-07-10,US,Iowa,Plymouth,345,5,0,42.737633,-96.21366621,19149.0,1370.2982881201096,1.4492753623188406,340,336,5,0,331,327,25095,9,0,0,9,9
2020-07-10,US,Iowa,Pocahontas,106,1,0,42.73420133,-94.67862564,19151.0,1601.4503701465478,0.9433962264150944,105,104,1,0,103,101,6740,2,0,0,2,3
2020-07-10,US,Iowa,Polk,7196,182,0,41.68679484,-93.57767461,19153.0,1468.0890564528797,2.5291828793774314,7014,6990,182,0,6808,6827,487204,206,0,0,206,163
2020-07-10,US,Iowa,Pottawattamie,806,12,0,41.33640314,-95.53907776,19155.0,864.7511962749179,1.488833746898263,794,780,12,0,768,758,93533,26,0,0,26,22
2020-07-10,US,Iowa,Poweshiek,110,8,0,41.68625425,-92.53155731,19157.0,594.4660613921315,7.272727272727272,102,108,8,0,100,107,18699,2,0,0,2,1
2020-07-10,US,Iowa,Ringgold,15,1,0,40.73518949,-94.24368535,19159.0,306.49775234981615,6.666666666666668,14,15,1,0,14,15,4968,0,0,0,0,0
2020-07-10,US,Iowa,Sac,65,0,0,42.38624071,-95.10547892,19161.0,668.6554881185064,0.0,65,65,0,0,65,64,9719,0,0,0,0,1
2020-07-10,US,Iowa,Scott,1002,10,0,41.63935978,-90.61959493,19163.0,579.3816459758417,0.998003992015968,992,926,10,0,916,883,173283,76,0,0,76,43
2020-07-10,US,Iowa,Shelby,120,0,0,41.6850066,-95.31015553,19165.0,1047.6689366160294,0.0,120,118,0,0,118,117,11578,2,0,0,2,1
2020-07-10,US,Iowa,Sioux,497,0,0,43.08221074,-96.17675679999999,19167.0,1425.9073303686703,0.0,497,493,0,0,493,488,34909,4,0,0,4,5
2020-07-10,US,Iowa,Story,851,5,0,42.03621213,-93.46499005,19169.0,876.262652264794,0.5875440658049353,846,825,4,0,821,819,98105,26,1,0,25,6
2020-07-10,US,Iowa,Tama,482,29,0,42.07991767,-92.53266945,19171.0,2859.855227245757,6.016597510373443,453,478,29,0,449,473,16904,4,0,0,4,5
2020-07-10,US,Iowa,Taylor,81,0,0,40.73710579,-94.69778563,19173.0,1323.313184120242,0.0,81,81,0,0,81,81,6191,0,0,0,0,0
2020-07-10,US,Iowa,Unassigned,27,0,0,0.0,0.0,90019.0,0.0,0.0,27,22,0,0,22,20,,5,0,0,5,2
2020-07-10,US,Iowa,Union,38,0,0,41.0277278,-94.24234847,19175.0,310.4321542357651,0.0,38,37,0,0,37,36,12359,1,0,0,1,1
2020-07-10,US,Iowa,Van Buren,21,0,0,40.75326764,-91.95017958,19177.0,298.12606473594553,0.0,21,21,0,0,21,21,7020,0,0,0,0,0
2020-07-10,US,Iowa,Wapello,714,31,0,41.03064984,-92.40954728,19179.0,2041.8084589207583,4.341736694677871,683,712,31,0,681,712,35205,2,0,0,2,0
2020-07-10,US,Iowa,Warren,311,1,0,41.33559454,-93.56007641,19181.0,604.2824388916955,0.3215434083601286,310,300,1,0,299,297,51056,11,0,0,11,3
2020-07-10,US,Iowa,Washington,249,9,0,41.33577126,-91.71725711,19183.0,1133.6216708399727,3.614457831325301,240,248,9,0,239,247,22141,1,0,0,1,1
2020-07-10,US,Iowa,Wayne,11,0,0,40.73969028,-93.32752197,19185.0,170.78093463747862,0.0,11,10,0,0,10,10,6401,1,0,0,1,0
2020-07-10,US,Iowa,Webster,345,4,0,42.42853483,-94.17987389,19187.0,960.8957219251337,1.1594202898550725,341,284,4,0,280,252,36277,61,0,0,61,32
2020-07-10,US,Iowa,Winnebago,33,0,0,43.37751174,-93.73407298,19189.0,318.7174039018737,0.0,33,31,0,0,31,30,10518,2,0,0,2,1
2020-07-10,US,Iowa,Winneshiek,45,0,0,43.29094334,-91.84422722,19191.0,225.1012955830124,0.0,45,43,0,0,43,43,20029,2,0,0,2,0
2020-07-10,US,Iowa,Woodbury,3317,44,0,42.38979414,-96.0459439,19193.0,3217.046369305673,1.3264998492613809,3273,3282,43,0,3239,3264,102539,35,1,0,34,18
2020-07-10,US,Iowa,Worth,22,0,0,43.37750768,-93.26087602,19195.0,298.06259314456037,0.0,22,21,0,0,21,20,7453,1,0,0,1,1
2020-07-10,US,Iowa,Wright,397,1,0,42.73305373,-93.73515113,19197.0,3160.3247890463304,0.2518891687657431,396,389,1,0,388,388,12690,8,0,0,8,1
2020-07-10,US,Kansas,Allen,6,0,0,37.88582951,-95.30030847,20001.0,48.508367693427104,0.0,6,5,0,0,5,5,12444,1,0,0,1,0
2020-07-10,US,Kansas,Anderson,8,0,0,38.21413251,-95.29272815,20003.0,101.80707559175363,0.0,8,8,0,0,8,6,7878,0,0,0,0,2
2020-07-10,US,Kansas,Atchison,42,0,0,39.53185661,-95.30870026,20005.0,261.3077832389722,0.0,42,42,0,0,42,42,16193,0,0,0,0,0
2020-07-10,US,Kansas,Barber,2,0,0,37.2288586,-98.68460053,20007.0,45.177320984865595,0.0,2,2,0,0,2,2,4472,0,0,0,0,0
2020-07-10,US,Kansas,Barton,62,2,0,38.47889676,-98.75636726,20009.0,240.50583808526318,3.2258064516129035,60,62,2,0,60,58,26111,0,0,0,0,4
2020-07-10,US,Kansas,Bourbon,50,1,0,37.85508555,-94.84865997,20011.0,344.0209164717215,2.0,49,50,1,0,49,47,14653,0,0,0,0,3
2020-07-10,US,Kansas,Brown,19,0,0,39.82652589,-95.56421698,20013.0,198.66164784608952,0.0,19,18,0,0,18,18,9598,1,0,0,1,0
2020-07-10,US,Kansas,Butler,88,0,0,37.78134351,-96.83878537,20015.0,131.51798657918727,0.0,88,82,0,0,82,77,66765,6,0,0,6,5
2020-07-10,US,Kansas,Chase,5,0,0,38.30292938,-96.59563862,20017.0,188.82175226586102,0.0,5,5,0,0,5,5,2629,0,0,0,0,0
2020-07-10,US,Kansas,Chautauqua,5,0,0,37.14994405,-96.2454192,20019.0,153.84615384615384,0.0,5,5,0,0,5,5,3309,0,0,0,0,0
2020-07-10,US,Kansas,Cherokee,52,1,0,37.16928494,-94.8462897,20021.0,260.79542604945084,1.9230769230769231,51,48,1,0,47,43,20015,4,0,0,4,5
2020-07-10,US,Kansas,Cheyenne,2,0,0,39.78580976,-101.7318201,20023.0,75.27286413248024,0.0,2,2,0,0,2,2,2660,0,0,0,0,0
2020-07-10,US,Kansas,Clark,34,1,0,37.23577007,-99.81883015,20025.0,1705.1153460381142,2.9411764705882355,33,34,1,0,33,34,2005,0,0,0,0,0
2020-07-10,US,Kansas,Clay,10,2,0,39.34948772,-97.16518128,20027.0,124.96875781054734,20.0,8,9,2,0,7,9,7997,1,0,0,1,0
2020-07-10,US,Kansas,Cloud,26,0,0,39.48028352,-97.64925343,20029.0,295.92533576143865,0.0,26,25,0,0,25,25,8729,1,0,0,1,0
2020-07-10,US,Kansas,Coffey,53,8,0,38.2365018,-95.73379515,20031.0,648.0009781146838,15.094339622641508,45,53,8,0,45,53,8233,0,0,0,0,0
2020-07-10,US,Kansas,Comanche,3,0,0,37.19114520000001,-99.27113247,20033.0,176.47058823529412,0.0,3,3,0,0,3,3,1748,0,0,0,0,0
2020-07-10,US,Kansas,Cowley,83,1,0,37.23781842,-96.83776647,20035.0,237.76784691188263,1.2048192771084338,82,79,1,0,78,79,35218,4,0,0,4,0
2020-07-10,US,Kansas,Crawford,298,1,0,37.50675523,-94.85245778,20037.0,767.6850945437683,0.3355704697986577,297,291,1,0,290,291,39019,7,0,0,7,0
2020-07-10,US,Kansas,Dickinson,23,1,0,38.86600962,-97.15532383,20041.0,124.55323296869922,4.3478260869565215,22,19,1,0,18,18,18717,4,0,0,4,1
2020-07-10,US,Kansas,Doniphan,26,0,0,39.79067154,-95.14056866,20043.0,342.10526315789474,0.0,26,26,0,0,26,26,7682,0,0,0,0,0
2020-07-10,US,Kansas,Douglas,415,0,0,38.88503636,-95.2925121,20045.0,339.4433129667345,0.0,415,377,0,0,377,377,121436,38,0,0,38,0
2020-07-10,US,Kansas,Edwards,8,0,0,37.88735543,-99.31263309,20047.0,285.91851322373117,0.0,8,7,0,0,7,7,2849,1,0,0,1,0
2020-07-10,US,Kansas,Elk,1,0,0,37.45338105,-96.24369667,20049.0,39.52569169960474,0.0,1,1,0,0,1,1,2508,0,0,0,0,0
2020-07-10,US,Kansas,Ellis,42,0,0,38.91458712,-99.31751551,20051.0,147.09487619514587,0.0,42,33,0,0,33,33,28710,9,0,0,9,0
2020-07-10,US,Kansas,Ellsworth,11,0,0,38.69677695,-98.20462799,20053.0,180.26876433956082,0.0,11,11,0,0,11,11,6196,0,0,0,0,0
2020-07-10,US,Kansas,Finney,1604,10,0,38.04340344,-100.7381938,20055.0,4398.497271505746,0.6234413965087282,1594,1595,10,0,1585,1586,36611,9,0,0,9,9
2020-07-10,US,Kansas,Ford,1965,8,0,37.69200114,-99.88825298,20057.0,5844.9091287664705,0.4071246819338422,1957,1960,8,0,1952,1960,33888,5,0,0,5,0
2020-07-10,US,Kansas,Franklin,88,1,0,38.56443815,-95.28644341,20059.0,344.5036016285625,1.1363636363636365,87,88,1,0,87,80,25631,0,0,0,0,8
2020-07-10,US,Kansas,Geary,82,1,0,38.99871131,-96.7577178,20061.0,258.920113672245,1.2195121951219512,81,79,1,0,78,73,32594,3,0,0,3,6
2020-07-10,US,Kansas,Gove,2,0,0,38.91588178,-100.4829321,20063.0,75.87253414264036,0.0,2,2,0,0,2,2,2612,0,0,0,0,0
2020-07-10,US,Kansas,Graham,6,0,0,39.34987223,-99.88332493,20065.0,241.74053182917004,0.0,6,5,0,0,5,3,2492,1,0,0,1,2
2020-07-10,US,Kansas,Grant,57,2,0,37.56227336,-101.3079758,20067.0,797.2027972027972,3.5087719298245608,55,57,2,0,55,55,7336,0,0,0,0,2
2020-07-10,US,Kansas,Gray,37,0,0,37.73836671,-100.4369088,20069.0,617.9024716098864,0.0,37,34,0,0,34,34,6033,3,0,0,3,0
2020-07-10,US,Kansas,Greenwood,11,0,0,37.8774388,-96.23250453,20073.0,183.884988298228,0.0,11,11,0,0,11,11,6055,0,0,0,0,0
2020-07-10,US,Kansas,Hamilton,32,0,0,37.99978709,-101.7921066,20075.0,1260.338716029933,0.0,32,32,0,0,32,32,2607,0,0,0,0,0
2020-07-10,US,Kansas,Harper,2,0,0,37.19175361,-98.07578384,20077.0,36.79175864606328,0.0,2,2,0,0,2,2,5506,0,0,0,0,0
2020-07-10,US,Kansas,Harvey,64,0,0,38.04293782,-97.42747573,20079.0,185.88980220163242,0.0,64,59,0,0,59,53,34210,5,0,0,5,6
2020-07-10,US,Kansas,Haskell,32,0,0,37.5620394,-100.8710738,20081.0,806.4516129032259,0.0,32,30,0,0,30,30,3997,2,0,0,2,0
2020-07-10,US,Kansas,Hodgeman,9,0,0,38.08780079,-99.89829881,20083.0,501.6722408026756,0.0,9,9,0,0,9,9,1818,0,0,0,0,0
2020-07-10,US,Kansas,Jackson,117,1,0,39.41673394,-95.79356799,20085.0,888.3152380229292,0.8547008547008547,116,117,1,0,116,117,13280,0,0,0,0,0
2020-07-10,US,Kansas,Jefferson,37,0,0,39.2347941,-95.38289232,20087.0,194.29711705088485,0.0,37,36,0,0,36,34,18975,1,0,0,1,2
2020-07-10,US,Kansas,Jewell,4,0,0,39.78470589,-98.21820662,20089.0,138.9371309482459,0.0,4,4,0,0,4,4,2841,0,0,0,0,0
2020-07-10,US,Kansas,Johnson,2724,92,0,38.88548175,-94.82250877,20091.0,452.1904844115464,3.3773861967694567,2632,2633,92,0,2541,2491,597555,91,0,0,91,142
2020-07-10,US,Kansas,Kearny,48,1,0,38.00017981,-101.321681,20093.0,1250.6513809275666,2.083333333333333,47,48,1,0,47,48,3943,0,0,0,0,0
2020-07-10,US,Kansas,Kingman,4,0,0,37.55909527,-98.13638678,20095.0,55.92841163310962,0.0,4,1,0,0,1,1,7310,3,0,0,3,0
2020-07-10,US,Kansas,Kiowa,3,0,0,37.55848695,-99.2856537,20097.0,121.21212121212122,0.0,3,3,0,0,3,3,2516,0,0,0,0,0
2020-07-10,US,Kansas,Labette,66,0,0,37.19113093,-95.29849679,20099.0,336.42573147109795,0.0,66,65,0,0,65,65,19964,1,0,0,1,0
2020-07-10,US,Kansas,Lane,5,0,0,38.48119447,-100.4660754,20101.0,325.73289902280135,0.0,5,5,0,0,5,5,1560,0,0,0,0,0
2020-07-10,US,Kansas,Leavenworth,1213,7,0,39.20183497,-95.03620809,20103.0,1483.6468602460916,0.5770816158285244,1206,1196,7,0,1189,1196,81352,17,0,0,17,0
2020-07-10,US,Kansas,Lincoln,2,0,0,39.04549684,-98.20756994,20105.0,67.5219446320054,0.0,2,1,0,0,1,1,3023,1,0,0,1,0
2020-07-10,US,Kansas,Linn,16,0,0,38.21267844,-94.84254089,20107.0,164.89745439554778,0.0,16,15,0,0,15,15,9750,1,0,0,1,0
2020-07-10,US,Kansas,Logan,1,0,0,38.91735806,-101.148475,20109.0,35.79098067287043,0.0,1,1,0,0,1,1,2844,0,0,0,0,0
2020-07-10,US,Kansas,Lyon,523,7,0,38.45576156,-96.15275715,20111.0,1575.5384847115527,1.338432122370937,516,515,7,0,508,511,33406,8,0,0,8,4
2020-07-10,US,Kansas,Marion,20,1,0,38.35855394,-97.0985251,20115.0,168.2935038707506,5.0,19,20,1,0,19,13,11950,0,0,0,0,7
2020-07-10,US,Kansas,Marshall,2,0,0,39.78359669,-96.52278974,20117.0,20.603688060162767,0.0,2,2,0,0,2,2,9722,0,0,0,0,0
2020-07-10,US,Kansas,McPherson,82,0,0,38.39184858,-97.64769869,20113.0,287.295914792236,0.0,82,81,0,0,81,81,28537,1,0,0,1,0
2020-07-10,US,Kansas,Meade,30,0,0,37.23859987,-100.364831,20119.0,743.86312918423,0.0,30,30,0,0,30,30,4146,0,0,0,0,0
2020-07-10,US,Kansas,Miami,52,0,0,38.56383358,-94.83832189,20121.0,151.882466337588,0.0,52,52,0,0,52,48,33680,0,0,0,0,4
2020-07-10,US,Kansas,Mitchell,11,0,0,39.39331582,-98.20906732,20123.0,183.9772537213581,0.0,11,5,0,0,5,5,6150,6,0,0,6,0
2020-07-10,US,Kansas,Montgomery,64,3,0,37.19236568,-95.74329258,20125.0,201.07449181563985,4.6875,61,60,3,0,57,59,32120,4,0,0,4,1
2020-07-10,US,Kansas,Morris,5,0,0,38.68827511,-96.65128437,20127.0,88.96797153024912,0.0,5,5,0,0,5,5,5521,0,0,0,0,0
2020-07-10,US,Kansas,Morton,7,2,0,37.19141121,-101.79925190000002,20129.0,270.5836876691148,28.57142857142857,5,7,2,0,5,7,2667,0,0,0,0,0
2020-07-10,US,Kansas,Nemaha,30,0,0,39.78345387,-96.01392079,20131.0,293.2264685758968,0.0,30,29,0,0,29,29,10155,1,0,0,1,0
2020-07-10,US,Kansas,Neosho,37,0,0,37.55862897,-95.30670046,20133.0,231.14887236833889,0.0,37,35,0,0,35,35,15951,2,0,0,2,0
2020-07-10,US,Kansas,Ness,4,0,0,38.47974157,-99.91547333,20135.0,145.45454545454547,0.0,4,4,0,0,4,4,2840,0,0,0,0,0
2020-07-10,US,Kansas,Norton,13,0,0,39.78443827,-99.90286639,20137.0,242.49207237455693,0.0,13,13,0,0,13,12,5430,0,0,0,0,1
2020-07-10,US,Kansas,Osage,28,0,0,38.65235984,-95.72707998,20139.0,175.55959621292868,0.0,28,25,0,0,25,22,15941,3,0,0,3,3
2020-07-10,US,Kansas,Osborne,3,0,0,39.3503437,-98.76753828,20141.0,87.69365682548961,0.0,3,3,0,0,3,3,3475,0,0,0,0,0
2020-07-10,US,Kansas,Ottawa,15,0,0,39.13237408,-97.65020313,20143.0,262.9733520336606,0.0,15,12,0,0,12,12,5802,3,0,0,3,0
2020-07-10,US,Kansas,Pawnee,4,0,0,38.18108732,-99.23692334,20145.0,62.363579669473026,0.0,4,4,0,0,4,4,6562,0,0,0,0,0
2020-07-10,US,Kansas,Phillips,28,2,0,39.78465501,-99.34668865,20147.0,534.9636988918609,7.142857142857142,26,27,2,0,25,27,5317,1,0,0,1,0
2020-07-10,US,Kansas,Pottawatomie,83,0,0,39.37925655,-96.34564657,20149.0,340.40109912644056,0.0,83,78,0,0,78,78,24277,5,0,0,5,0
2020-07-10,US,Kansas,Pratt,14,0,0,37.64780729,-98.73922153,20151.0,152.77171540811872,0.0,14,12,0,0,12,12,9378,2,0,0,2,0
2020-07-10,US,Kansas,Reno,119,0,0,37.95230263,-98.08607292,20155.0,191.94167553792062,0.0,119,109,0,0,109,95,62342,10,0,0,10,14
2020-07-10,US,Kansas,Republic,17,0,0,39.82799632,-97.65036709,20157.0,366.69542709232087,0.0,17,17,0,0,17,15,4664,0,0,0,0,2
2020-07-10,US,Kansas,Rice,8,0,0,38.34616184,-98.19992118,20159.0,83.88382090804237,0.0,8,8,0,0,8,4,9531,0,0,0,0,4
2020-07-10,US,Kansas,Riley,337,3,0,39.28935726,-96.73420026,20161.0,453.98211014117896,0.8902077151335311,334,332,3,0,329,325,73703,5,0,0,5,7
2020-07-10,US,Kansas,Rooks,9,0,0,39.35022773,-99.32484567,20163.0,182.9268292682927,0.0,9,9,0,0,9,9,5013,0,0,0,0,0
2020-07-10,US,Kansas,Rush,3,0,0,38.52275276,-99.30863983,20165.0,98.81422924901186,0.0,3,2,0,0,2,2,3093,1,0,0,1,0
2020-07-10,US,Kansas,Russell,1,0,0,38.91462787,-98.76254297,20167.0,14.585764294049008,0.0,1,1,0,0,1,2,6907,0,0,0,0,-1
2020-07-10,US,Kansas,Saline,210,2,0,38.78369175,-97.65185177,20169.0,387.28238418412514,0.9523809523809524,208,185,2,0,183,185,54401,25,0,0,25,0
2020-07-10,US,Kansas,Scott,17,0,0,38.48222076,-100.9066539,20171.0,352.477710968277,0.0,17,16,0,0,16,16,4897,1,0,0,1,0
2020-07-10,US,Kansas,Sedgwick,1844,28,0,37.6842718,-97.4608198,20173.0,357.3352556574852,1.5184381778741864,1816,1792,28,0,1764,1703,513607,52,0,0,52,89
2020-07-10,US,Kansas,Seward,1082,2,0,37.19324632,-100.8507201,20175.0,5049.467985812955,0.18484288354898334,1080,1048,2,0,1046,1048,21780,34,0,0,34,0
2020-07-10,US,Kansas,Shawnee,964,13,0,39.04100763,-95.7557264,20177.0,545.017667844523,1.3485477178423235,951,918,13,0,905,890,177499,46,0,0,46,28
2020-07-10,US,Kansas,Sheridan,6,0,0,39.35018161,-100.4418259,20179.0,238.00079333597785,0.0,6,5,0,0,5,5,2533,1,0,0,1,0
2020-07-10,US,Kansas,Sherman,7,0,0,39.35147699,-101.7197624,20181.0,118.30319418624303,0.0,7,7,0,0,7,7,5899,0,0,0,0,0
2020-07-10,US,Kansas,Smith,3,0,0,39.78516566,-98.78566062,20183.0,83.72871895060004,0.0,3,3,0,0,3,3,3603,0,0,0,0,0
2020-07-10,US,Kansas,Stafford,1,0,0,38.03100851,-98.71762001,20185.0,24.06159769008662,0.0,1,1,0,0,1,1,4178,0,0,0,0,0
2020-07-10,US,Kansas,Stanton,12,0,0,37.56304714,-101.7843534,20187.0,598.2053838484546,0.0,12,12,0,0,12,12,1987,0,0,0,0,0
2020-07-10,US,Kansas,Stevens,34,0,0,37.1923008,-101.3118967,20189.0,619.8723792160438,0.0,34,33,0,0,33,33,5559,1,0,0,1,0
2020-07-10,US,Kansas,Sumner,26,1,0,37.23682549,-97.47721621,20191.0,113.85531616745493,3.8461538461538463,25,20,1,0,19,17,22996,6,0,0,6,3
2020-07-10,US,Kansas,Thomas,17,0,0,39.35107575,-101.0553705,20193.0,218.59328790021854,0.0,17,17,0,0,17,17,7711,0,0,0,0,0
2020-07-10,US,Kansas,Trego,2,0,0,38.91467218,-99.87284448,20195.0,71.35212272565109,0.0,2,2,0,0,2,2,2793,0,0,0,0,0
2020-07-10,US,Kansas,Unassigned,0,1,0,0.0,0.0,90020.0,0.0,0.0,-1,0,1,0,-1,0,,0,0,0,0,0
2020-07-10,US,Kansas,Wabaunsee,38,0,0,38.95471985,-96.20350509,20197.0,548.2614341364882,0.0,38,37,0,0,37,37,6899,1,0,0,1,0
2020-07-10,US,Kansas,Washington,1,0,0,39.78420784,-97.0875323,20201.0,18.49796522382538,0.0,1,1,0,0,1,1,5420,0,0,0,0,0
2020-07-10,US,Kansas,Wilson,4,0,0,37.55937174,-95.74323255,20205.0,46.920821114369495,0.0,4,4,0,0,4,4,8665,0,0,0,0,0
2020-07-10,US,Kansas,Woodson,12,0,0,37.8865336,-95.74006277,20207.0,382.4091778202677,0.0,12,12,0,0,12,12,3183,0,0,0,0,0
2020-07-10,US,Kansas,Wyandotte,2869,87,0,39.11727348,-94.76378225,20209.0,1734.2787540274076,3.032415475775532,2782,2790,87,0,2703,2700,165324,79,0,0,79,90
2020-07-10,US,Kentucky,Adair,136,19,0,37.10459774,-85.28129668,21001.0,708.2595562962192,13.970588235294118,117,131,19,0,112,131,19215,5,0,0,5,0
2020-07-10,US,Kentucky,Allen,185,7,0,36.75197631,-86.19457544,21003.0,867.9333802486511,3.783783783783784,178,183,7,0,176,181,21122,2,0,0,2,2
2020-07-10,US,Kentucky,Anderson,30,1,0,38.00671029,-84.99171713,21005.0,131.88552336571857,3.333333333333333,29,30,1,0,29,30,22663,0,0,0,0,0
2020-07-10,US,Kentucky,Ballard,16,0,0,37.05842757,-88.99427697,21007.0,202.8397565922921,0.0,16,15,0,0,15,15,7979,1,0,0,1,0
2020-07-10,US,Kentucky,Barren,116,2,0,36.96469836,-85.93338945,21009.0,262.15281701281384,1.7241379310344829,114,107,2,0,105,104,44176,9,0,0,9,3
2020-07-10,US,Kentucky,Bath,18,1,0,38.14735938,-83.74588932,21011.0,144.0,5.5555555555555545,17,18,1,0,17,18,12383,0,0,0,0,0
2020-07-10,US,Kentucky,Bell,74,0,0,36.73355174,-83.67766671,21013.0,284.2655193607867,0.0,74,69,0,0,69,57,26569,5,0,0,5,12
2020-07-10,US,Kentucky,Boone,694,23,0,38.97065142,-84.72615357,21015.0,519.5349638047327,3.3141210374639773,671,683,23,0,660,672,131533,11,0,0,11,11
2020-07-10,US,Kentucky,Bourbon,38,1,0,38.2054607,-84.21827874,21017.0,192.0355771174449,2.631578947368421,37,37,1,0,36,36,20184,1,0,0,1,1
2020-07-10,US,Kentucky,Boyd,78,3,0,38.36176608,-82.68652187,21019.0,166.95920202063445,3.8461538461538463,75,73,3,0,70,71,47240,5,0,0,5,2
2020-07-10,US,Kentucky,Boyle,43,0,0,37.62680923,-84.8633779,21021.0,143.0472388556221,0.0,43,43,0,0,43,43,30100,0,0,0,0,0
2020-07-10,US,Kentucky,Bracken,19,0,0,38.69158994,-84.08532444,21023.0,228.8329519450801,0.0,19,17,0,0,17,17,8239,2,0,0,2,0
2020-07-10,US,Kentucky,Breathitt,15,0,0,37.52333168,-83.31959161,21025.0,118.76484560570073,0.0,15,12,0,0,12,12,12726,3,0,0,3,0
2020-07-10,US,Kentucky,Breckinridge,29,2,0,37.77377239,-86.42885017,21027.0,141.62230795526688,6.896551724137932,27,28,2,0,26,28,20388,1,0,0,1,0
2020-07-10,US,Kentucky,Bullitt,169,4,0,37.97162523,-85.68955617,21029.0,206.91512806699643,2.366863905325444,165,166,4,0,162,166,81069,3,0,0,3,0
2020-07-10,US,Kentucky,Butler,264,14,0,37.20946153,-86.68748787,21031.0,2049.8485907290938,5.303030303030303,250,262,14,0,248,262,12772,2,0,0,2,0
2020-07-10,US,Kentucky,Caldwell,31,0,0,37.14749129,-87.86948214,21033.0,243.1944771318741,0.0,31,29,0,0,29,21,12715,2,0,0,2,8
2020-07-10,US,Kentucky,Calloway,108,1,0,36.62093411,-88.2731593,21035.0,276.9159765134227,0.925925925925926,107,102,1,0,101,98,39135,6,0,0,6,4
2020-07-10,US,Kentucky,Campbell,314,13,0,38.94384345,-84.37875208,21037.0,335.5274405881347,4.140127388535031,301,307,13,0,294,303,93152,7,0,0,7,4
2020-07-10,US,Kentucky,Carlisle,10,1,0,36.85372876,-88.96692220000001,21039.0,210.08403361344537,10.0,9,9,1,0,8,7,4771,1,0,0,1,2
2020-07-10,US,Kentucky,Carroll,69,1,0,38.66599534,-85.12601074,21041.0,649.0452450380961,1.4492753623188406,68,65,1,0,64,63,10737,4,0,0,4,2
2020-07-10,US,Kentucky,Carter,37,0,0,38.31690743,-83.05092385,21043.0,138.075157666903,0.0,37,32,0,0,32,32,27004,5,0,0,5,0
2020-07-10,US,Kentucky,Casey,39,1,0,37.32533118,-84.92726209,21045.0,241.35156878519714,2.5641025641025643,38,33,1,0,32,33,15888,6,0,0,6,0
2020-07-10,US,Kentucky,Christian,251,4,0,36.89267803,-87.49055367,21047.0,356.2254296703141,1.593625498007968,247,248,4,0,244,243,71671,3,0,0,3,5
2020-07-10,US,Kentucky,Clark,105,6,0,37.9689263,-84.14615986,21049.0,289.5513333149492,5.7142857142857135,99,104,6,0,98,104,36249,1,0,0,1,0
2020-07-10,US,Kentucky,Clay,81,4,0,37.16451126,-83.712575,21051.0,407.0147228782473,4.938271604938271,77,80,3,0,77,79,20105,1,1,0,0,1
2020-07-10,US,Kentucky,Clinton,6,0,0,36.72581156,-85.13377529,21053.0,58.71990604815032,0.0,6,6,0,0,6,6,10206,0,0,0,0,0
2020-07-10,US,Kentucky,Crittenden,11,1,0,37.35839237,-88.08826090000002,21055.0,124.91483079718374,9.090909090909092,10,11,1,0,10,10,8915,0,0,0,0,1
2020-07-10,US,Kentucky,Cumberland,6,0,0,36.78926125,-85.39050034,21057.0,90.71666162685213,0.0,6,6,0,0,6,6,6659,0,0,0,0,0
2020-07-10,US,Kentucky,Daviess,493,8,0,37.73028906,-87.09019479999998,21059.0,485.66165243175624,1.6227180527383367,485,483,8,0,475,469,101104,10,0,0,10,14
2020-07-10,US,Kentucky,Edmonson,76,12,0,37.21218923,-86.23955613,21061.0,625.5144032921811,15.789473684210524,64,75,12,0,63,75,12274,1,0,0,1,0
2020-07-10,US,Kentucky,Elliott,3,0,0,38.11624059,-83.09771563,21063.0,39.90953837967274,0.0,3,3,0,0,3,3,7508,0,0,0,0,0
2020-07-10,US,Kentucky,Estill,5,0,0,37.69241417,-83.95956369,21065.0,35.44590954203885,0.0,5,5,0,0,5,5,14198,0,0,0,0,0
2020-07-10,US,Kentucky,Fayette,1778,31,0,38.0368225,-84.45576892,21067.0,550.2054760608012,1.7435320584926883,1747,1736,30,0,1706,1696,323780,42,1,0,41,40
2020-07-10,US,Kentucky,Fleming,26,0,0,38.36758311,-83.69657514,21069.0,178.3142445648447,0.0,26,25,0,0,25,25,14432,1,0,0,1,0
2020-07-10,US,Kentucky,Floyd,39,0,0,37.56213922,-82.74750924,21071.0,109.58442215291241,0.0,39,38,0,0,38,38,35845,1,0,0,1,0
2020-07-10,US,Kentucky,Franklin,159,4,0,38.2379395,-84.87962551,21073.0,311.8197328940401,2.5157232704402515,155,156,4,0,152,153,50815,3,0,0,3,3
2020-07-10,US,Kentucky,Fulton,26,1,0,36.55238827,-89.20140068,21075.0,435.58384989110397,3.8461538461538463,25,25,1,0,24,24,6120,1,0,0,1,1
2020-07-10,US,Kentucky,Gallatin,67,8,0,38.75398691,-84.8558382,21077.0,755.4402976660277,11.940298507462687,59,67,8,0,59,66,8832,0,0,0,0,1
2020-07-10,US,Kentucky,Garrard,37,0,0,37.6388668,-84.53289319,21079.0,209.44186573078235,0.0,37,33,0,0,33,32,17560,4,0,0,4,1
2020-07-10,US,Kentucky,Grant,62,5,0,38.64962758,-84.62415957,21081.0,247.31740396505646,8.064516129032258,57,62,4,0,58,61,25121,0,1,0,-1,1
2020-07-10,US,Kentucky,Graves,270,21,0,36.72292505,-88.65143315,21083.0,724.5210111093222,7.777777777777778,249,250,21,0,229,246,37317,20,0,0,20,4
2020-07-10,US,Kentucky,Grayson,146,11,0,37.46231118,-86.34248968,21085.0,552.4652817194536,7.534246575342466,135,143,11,0,132,140,26321,3,0,0,3,3
2020-07-10,US,Kentucky,Green,8,1,0,37.26484328,-85.5540745,21087.0,73.11945891600402,12.5,7,8,1,0,7,8,11049,0,0,0,0,0
2020-07-10,US,Kentucky,Greenup,40,0,0,38.54332505,-82.9215658,21089.0,113.96660778391932,0.0,40,40,0,0,40,40,35268,0,0,0,0,0
2020-07-10,US,Kentucky,Hancock,25,0,0,37.83766422,-86.78280584,21091.0,286.63150653519835,0.0,25,22,0,0,22,22,8758,3,0,0,3,0
2020-07-10,US,Kentucky,Hardin,246,6,0,37.6976111,-85.96319251,21093.0,221.705510193046,2.4390243902439024,240,229,6,0,223,223,110356,17,0,0,17,6
2020-07-10,US,Kentucky,Harlan,35,2,0,36.85699301,-83.21899516,21095.0,134.56362937331795,5.7142857142857135,33,33,2,0,31,33,26409,2,0,0,2,0
2020-07-10,US,Kentucky,Harrison,81,0,0,38.44188174,-84.32869741,21097.0,428.8891242189982,0.0,81,81,0,0,81,81,18778,0,0,0,0,0
2020-07-10,US,Kentucky,Hart,47,0,0,37.29943898,-85.88461055,21099.0,246.9135802469136,0.0,47,47,0,0,47,46,18906,0,0,0,0,1
2020-07-10,US,Kentucky,Henderson,190,3,0,37.79344553,-87.57392021,21101.0,420.26100420261,1.5789473684210529,187,178,3,0,175,173,45591,12,0,0,12,5
2020-07-10,US,Kentucky,Henry,43,2,0,38.44942688,-85.11587507,21103.0,266.6501302244822,4.651162790697675,41,41,2,0,39,40,16106,2,0,0,2,1
2020-07-10,US,Kentucky,Hickman,7,0,0,36.67948079999999,-88.97875928,21105.0,159.8173515981735,0.0,7,7,0,0,7,7,4421,0,0,0,0,0
2020-07-10,US,Kentucky,Hopkins,297,33,0,37.30939025,-87.54670406,21107.0,664.6376941323905,11.111111111111109,264,291,33,0,258,284,45068,6,0,0,6,7
2020-07-10,US,Kentucky,Jackson,115,14,0,37.41866422,-83.99825483,21109.0,862.7804036311801,12.173913043478262,101,115,14,0,101,115,13442,0,0,0,0,0
2020-07-10,US,Kentucky,Jefferson,4458,204,0,38.18664655,-85.65931031,21111.0,581.4097556331407,4.576043068640646,4254,4395,204,0,4191,4312,770517,63,0,0,63,83
2020-07-10,US,Kentucky,Jessamine,127,0,0,37.87119786,-84.58252003,21113.0,234.6853922202716,0.0,127,125,0,0,125,121,53920,2,0,0,2,4
2020-07-10,US,Kentucky,Johnson,11,0,0,37.85106355,-82.8264322,21115.0,49.576347575265906,0.0,11,10,0,0,10,10,22386,1,0,0,1,0
2020-07-10,US,Kentucky,Kenton,864,37,0,38.93950319,-84.53241199,21117.0,517.3714655265333,4.2824074074074066,827,857,37,0,820,852,166051,7,0,0,7,5
2020-07-10,US,Kentucky,Knott,15,0,0,37.35388197,-82.94981134,21119.0,101.31027961637173,0.0,15,14,0,0,14,14,15126,1,0,0,1,0
2020-07-10,US,Kentucky,Knox,92,5,0,36.89225732,-83.85403396,21121.0,295.392518863381,5.434782608695652,87,88,5,0,83,88,31304,4,0,0,4,0
2020-07-10,US,Kentucky,Larue,19,1,0,37.54567114,-85.70138352,21123.0,131.96277260730656,5.2631578947368425,18,17,1,0,16,17,14307,2,0,0,2,0
2020-07-10,US,Kentucky,Laurel,177,3,0,37.10975748,-84.11321779,21125.0,291.0561886438755,1.6949152542372878,174,165,3,0,162,158,60669,12,0,0,12,7
2020-07-10,US,Kentucky,Lawrence,11,0,0,38.07136018,-82.72882223,21127.0,71.81562969249853,0.0,11,11,0,0,11,11,15571,0,0,0,0,0
2020-07-10,US,Kentucky,Lee,1,0,0,37.59645942,-83.71513901,21129.0,13.508037282182901,0.0,1,1,0,0,1,1,7033,0,0,0,0,0
2020-07-10,US,Kentucky,Leslie,11,0,0,37.09246661,-83.37999606,21131.0,111.36984914447709,0.0,11,11,0,0,11,11,10143,0,0,0,0,0
2020-07-10,US,Kentucky,Letcher,19,0,0,37.12306748,-82.85346474,21133.0,88.15478123695074,0.0,19,18,0,0,18,18,21899,1,0,0,1,0
2020-07-10,US,Kentucky,Lewis,22,0,0,38.53184419,-83.37735618,21135.0,165.72504708097932,0.0,22,22,0,0,22,22,13257,0,0,0,0,0
2020-07-10,US,Kentucky,Lincoln,48,1,0,37.45475628,-84.6565327,21137.0,195.52731272149572,2.083333333333333,47,42,1,0,41,42,24644,6,0,0,6,0
2020-07-10,US,Kentucky,Livingston,14,0,0,37.21137452,-88.34797529,21139.0,152.27322166630412,0.0,14,14,0,0,14,13,9242,0,0,0,0,1
2020-07-10,US,Kentucky,Logan,245,13,0,36.85949479,-86.877635,21141.0,903.9923252896463,5.306122448979592,232,244,13,0,231,241,26989,1,0,0,1,3
2020-07-10,US,Kentucky,Lyon,21,3,0,37.02080035,-88.07886257,21143.0,255.78562728380024,14.285714285714285,18,21,3,0,18,21,8009,0,0,0,0,0
2020-07-10,US,Kentucky,Madison,178,1,0,37.71659336,-84.27220275,21151.0,191.424607740867,0.5617977528089888,177,169,1,0,168,160,92368,9,0,0,9,9
2020-07-10,US,Kentucky,Magoffin,7,0,0,37.70820545,-83.0657714,21153.0,57.561055834224156,0.0,7,7,0,0,7,7,12362,0,0,0,0,0
2020-07-10,US,Kentucky,Marion,63,0,0,37.55218078,-85.26898542,21155.0,326.8821667617911,0.0,63,60,0,0,60,58,19404,3,0,0,3,2
2020-07-10,US,Kentucky,Marshall,68,2,0,36.88007070000001,-88.32803576,21157.0,218.64951768488743,2.9411764705882355,66,66,2,0,64,66,31191,2,0,0,2,0
2020-07-10,US,Kentucky,Martin,12,0,0,37.79990579,-82.51247478,21159.0,107.19071013845465,0.0,12,10,0,0,10,10,11323,2,0,0,2,0
2020-07-10,US,Kentucky,Mason,39,1,0,38.59471935,-83.82151043,21161.0,228.47100175746925,2.5641025641025643,38,39,1,0,38,39,17150,0,0,0,0,0
2020-07-10,US,Kentucky,McCracken,192,3,0,37.05350953,-88.70445755,21145.0,293.4972026047877,1.5625,189,184,3,0,181,181,65346,8,0,0,8,3
2020-07-10,US,Kentucky,McCreary,18,0,0,36.73874143,-84.48102924,21147.0,104.46288665776798,0.0,18,18,0,0,18,18,17408,0,0,0,0,0
2020-07-10,US,Kentucky,McLean,27,1,0,37.5301951,-87.26803443,21149.0,293.2551319648094,3.703703703703704,26,27,1,0,26,27,9252,0,0,0,0,0
2020-07-10,US,Kentucky,Meade,31,2,0,37.96163597,-86.21028219,21163.0,108.49783004339912,6.451612903225807,29,31,2,0,29,30,28715,0,0,0,0,1
2020-07-10,US,Kentucky,Menifee,13,0,0,37.94090733,-83.59985712,21165.0,200.3390352904916,0.0,13,13,0,0,13,13,6451,0,0,0,0,0
2020-07-10,US,Kentucky,Mercer,29,0,0,37.81474237,-84.87488475,21167.0,132.22085442027995,0.0,29,29,0,0,29,26,21774,0,0,0,0,3
2020-07-10,US,Kentucky,Metcalfe,15,2,0,36.99459295,-85.63123699,21169.0,148.94250819183796,13.333333333333336,13,14,2,0,12,14,10030,1,0,0,1,0
2020-07-10,US,Kentucky,Monroe,44,2,0,36.71225341,-85.71596443,21171.0,413.1455399061033,4.545454545454546,42,44,2,0,42,42,10718,0,0,0,0,2
2020-07-10,US,Kentucky,Montgomery,63,0,0,38.03253032,-83.9145241,21173.0,223.74542742479667,0.0,63,61,0,0,61,61,28203,2,0,0,2,0
2020-07-10,US,Kentucky,Morgan,12,0,0,37.92465657,-83.25558245,21175.0,90.16455030430537,0.0,12,12,0,0,12,11,13345,0,0,0,0,1
2020-07-10,US,Kentucky,Muhlenberg,532,8,0,37.21425819,-87.14632053,21177.0,1737.313042910326,1.5037593984962403,524,532,8,0,524,528,30774,0,0,0,0,4
2020-07-10,US,Kentucky,Nelson,108,2,0,37.80335779,-85.4657193,21179.0,233.59937706832784,1.851851851851852,106,102,2,0,100,97,45851,6,0,0,6,5
2020-07-10,US,Kentucky,Nicholas,13,0,0,38.33342292,-84.01889177,21181.0,178.84165634887881,0.0,13,11,0,0,11,11,7166,2,0,0,2,0
2020-07-10,US,Kentucky,Ohio,205,0,0,37.47751843,-86.85368087,21183.0,854.3802617320997,0.0,205,204,0,0,204,204,24087,1,0,0,1,0
2020-07-10,US,Kentucky,Oldham,163,7,0,38.39791089,-85.448222,21185.0,244.0156289764817,4.294478527607362,156,159,7,0,152,153,66470,4,0,0,4,6
2020-07-10,US,Kentucky,Owen,10,0,0,38.51679143,-84.82404619,21187.0,91.73470323823506,0.0,10,10,0,0,10,10,10880,0,0,0,0,0
2020-07-10,US,Kentucky,Owsley,3,0,0,37.42823949,-83.68811419,21189.0,67.95016987542469,0.0,3,3,0,0,3,3,4472,0,0,0,0,0
2020-07-10,US,Kentucky,Pendleton,22,0,0,38.69607718,-84.35599463,21191.0,150.78821110349554,0.0,22,21,0,0,21,21,14529,1,0,0,1,0
2020-07-10,US,Kentucky,Perry,81,2,0,37.25023553,-83.22922731,21193.0,314.46540880503153,2.469135802469136,79,74,2,0,72,73,26092,7,0,0,7,1
2020-07-10,US,Kentucky,Pike,118,3,0,37.47088263,-82.39487445,21195.0,203.88416614831712,2.5423728813559316,115,115,3,0,112,113,58402,3,0,0,3,2
2020-07-10,US,Kentucky,Powell,9,0,0,37.83218794,-83.82553961,21197.0,72.82142568168945,0.0,9,9,0,0,9,8,12442,0,0,0,0,1
2020-07-10,US,Kentucky,Pulaski,120,2,0,37.10466131,-84.57629079,21199.0,184.67504886194,1.6666666666666667,118,117,2,0,115,117,64623,3,0,0,3,0
2020-07-10,US,Kentucky,Robertson,1,0,0,38.51923469,-84.05055616,21201.0,47.43833017077799,0.0,1,1,0,0,1,1,2135,0,0,0,0,0
2020-07-10,US,Kentucky,Rockcastle,32,0,0,37.36642393,-84.31176452,21203.0,191.67415393830487,0.0,32,31,0,0,31,30,16750,1,0,0,1,1
2020-07-10,US,Kentucky,Rowan,24,0,0,38.19484205,-83.42088935,21205.0,98.11937857726902,0.0,24,24,0,0,24,24,24583,0,0,0,0,0
2020-07-10,US,Kentucky,Russell,58,5,0,36.99308373,-85.06070117,21207.0,323.6065390838587,8.620689655172415,53,58,4,0,54,58,17821,0,1,0,-1,0
2020-07-10,US,Kentucky,Scott,117,0,0,38.29622293,-84.5816631,21209.0,205.24875447337035,0.0,117,113,0,0,113,112,56031,4,0,0,4,1
2020-07-10,US,Kentucky,Shelby,559,18,0,38.21476019,-85.194223,21211.0,1140.2578328981724,3.2200357781753133,541,545,17,0,528,537,48518,14,1,0,13,8
2020-07-10,US,Kentucky,Simpson,86,3,0,36.74058474,-86.58047435,21213.0,463.06267499461563,3.4883720930232562,83,85,3,0,82,80,18529,1,0,0,1,5
2020-07-10,US,Kentucky,Spencer,43,0,0,38.03223971,-85.32749335,21215.0,222.2107384631285,0.0,43,41,0,0,41,41,18794,2,0,0,2,0
2020-07-10,US,Kentucky,Taylor,46,1,0,37.3677562,-85.3329931,21217.0,178.50906127517558,2.1739130434782608,45,46,1,0,45,46,25549,0,0,0,0,0
2020-07-10,US,Kentucky,Todd,26,0,0,36.8381152,-87.17878374,21219.0,211.4852773710753,0.0,26,26,0,0,26,26,12311,0,0,0,0,0
2020-07-10,US,Kentucky,Trigg,26,0,0,36.80767017,-87.87333656,21221.0,177.4622892635315,0.0,26,26,0,0,26,26,14643,0,0,0,0,0
2020-07-10,US,Kentucky,Trimble,13,0,0,38.61056487,-85.33775972,21223.0,153.4647621296187,0.0,13,9,0,0,9,7,8515,4,0,0,4,2
2020-07-10,US,Kentucky,Unassigned,4,0,0,0.0,0.0,90021.0,0.0,0.0,4,4,0,0,4,1,,0,0,0,0,3
2020-07-10,US,Kentucky,Union,30,0,0,37.66166713,-87.94300009,21225.0,208.60858076628887,0.0,30,30,0,0,30,30,14505,0,0,0,0,0
2020-07-10,US,Kentucky,Warren,1709,17,0,36.99903045,-86.42672751,21227.0,1285.9679749578618,0.994733762434172,1692,1685,14,0,1671,1672,131264,24,3,0,21,13
2020-07-10,US,Kentucky,Washington,30,0,0,37.75599461,-85.17407732,21229.0,248.03637866887144,0.0,30,28,0,0,28,28,12084,2,0,0,2,0
2020-07-10,US,Kentucky,Wayne,20,0,0,36.80310688,-84.8251971,21231.0,98.36226823390548,0.0,20,20,0,0,20,19,20468,0,0,0,0,1
2020-07-10,US,Kentucky,Webster,52,0,0,37.52168356,-87.67989953,21233.0,401.792613197342,0.0,52,49,0,0,49,48,13111,3,0,0,3,1
2020-07-10,US,Kentucky,Whitley,49,0,0,36.75700531,-84.14541217,21235.0,135.12022942863445,0.0,49,49,0,0,49,47,36242,0,0,0,0,2
2020-07-10,US,Kentucky,Wolfe,4,0,0,37.73941626,-83.49303612,21237.0,55.88933910856503,0.0,4,4,0,0,4,4,7177,0,0,0,0,0
2020-07-10,US,Kentucky,Woodford,80,0,0,38.04178222,-84.7417556,21239.0,299.24440787012793,0.0,80,76,0,0,76,76,26533,4,0,0,4,0
2020-07-10,US,Louisiana,Acadia,1232,44,0,30.2950649,-92.41419698,22001.0,1985.6555725682967,3.571428571428572,1188,1166,44,0,1122,1094,62190,66,0,0,66,72
2020-07-10,US,Louisiana,Allen,432,12,0,30.65385745,-92.82442028,22003.0,1685.7220899832207,2.7777777777777777,420,410,12,0,398,387,25605,22,0,0,22,23
2020-07-10,US,Louisiana,Ascension,1532,63,0,30.20406249,-90.91328409999998,22005.0,1210.0723515844682,4.1122715404699735,1469,1480,60,0,1420,1441,124672,52,3,0,49,39
2020-07-10,US,Louisiana,Assumption,410,16,0,29.89946234,-91.06461642,22007.0,1872.9158101502896,3.902439024390244,394,404,16,0,388,399,22300,6,0,0,6,5
2020-07-10,US,Louisiana,Avoyelles,460,16,0,31.07796211,-92.00079449,22009.0,1145.8748505380631,3.4782608695652173,444,447,16,0,431,418,40462,13,0,0,13,29
2020-07-10,US,Louisiana,Beauregard,319,9,0,30.64836518,-93.34173616,22011.0,850.7347254447023,2.8213166144200628,310,291,9,0,282,274,37253,28,0,0,28,17
2020-07-10,US,Louisiana,Bienville,258,28,0,32.34569994,-93.05398492,22013.0,1948.493316214788,10.852713178294573,230,254,28,0,226,248,13308,4,0,0,4,6
2020-07-10,US,Louisiana,Bossier,1219,37,0,32.67932307,-93.60460152,22015.0,959.5478553829927,3.0352748154224773,1182,1177,36,0,1141,1142,127185,42,1,0,41,35
2020-07-10,US,Louisiana,Caddo,4213,247,0,32.57991587,-93.88375652,22017.0,1753.925829711412,5.862805601708996,3966,4055,243,0,3812,3946,242922,158,4,0,154,109
2020-07-10,US,Louisiana,Calcasieu,2975,63,0,30.22931235,-93.35400434,22019.0,1462.3763738964587,2.117647058823529,2912,2797,63,0,2734,2701,203112,178,0,0,178,96
2020-07-10,US,Louisiana,Caldwell,121,1,0,32.0902519,-92.11752148,22021.0,1220.0040330711838,0.8264462809917356,120,118,1,0,117,117,9960,3,0,0,3,1
2020-07-10,US,Louisiana,Cameron,97,0,0,29.87592238,-93.19310676,22023.0,1391.0798795353508,0.0,97,93,0,0,93,89,6968,4,0,0,4,4
2020-07-10,US,Louisiana,Catahoula,211,3,0,31.66778967,-91.84526385,22025.0,2222.4562881820098,1.4218009478672986,208,210,3,0,207,206,9608,1,0,0,1,4
2020-07-10,US,Louisiana,Claiborne,144,10,0,32.82308512,-92.99526883,22027.0,918.9534141671984,6.9444444444444455,134,140,10,0,130,135,15944,4,0,0,4,5
2020-07-10,US,Louisiana,Concordia,140,7,0,31.44817835,-91.63814433,22029.0,726.9328625577652,5.0,133,134,6,0,128,128,19572,6,1,0,5,6
2020-07-10,US,Louisiana,De Soto,422,20,0,32.05457447,-93.74130302,22031.0,1536.612897352802,4.739336492890995,402,408,20,0,388,394,27436,14,0,0,14,14
2020-07-10,US,Louisiana,East Baton Rouge,6747,277,0,30.53842039,-91.09777565,22033.0,1533.2035022576513,4.10552838298503,6470,6468,276,0,6192,6336,440956,279,1,0,278,132
2020-07-10,US,Louisiana,East Carroll,453,1,0,32.73926954,-91.23425694,22035.0,6602.536073458679,0.22075055187637968,452,451,1,0,450,449,7037,2,0,0,2,2
2020-07-10,US,Louisiana,East Feliciana,351,33,0,30.84425359,-91.04976723,22037.0,1834.3349882414425,9.401709401709402,318,343,33,0,310,338,19305,8,0,0,8,5
2020-07-10,US,Louisiana,Evangeline,306,1,0,30.72985248,-92.39915924,22039.0,916.3048360533014,0.32679738562091504,305,282,1,0,281,261,33443,24,0,0,24,21
2020-07-10,US,Louisiana,Franklin,538,14,0,32.13675181,-91.67589857,22041.0,2687.9840119910073,2.6022304832713754,524,527,14,0,513,508,20156,11,0,0,11,19
2020-07-10,US,Louisiana,Grant,122,2,0,31.59882456,-92.56124347,22043.0,544.9104470945554,1.639344262295082,120,115,2,0,113,104,22482,7,0,0,7,11
2020-07-10,US,Louisiana,Iberia,1181,49,0,29.86803617,-91.75871777,22045.0,1691.250179006158,4.149026248941575,1132,1157,48,0,1109,1050,70941,24,1,0,23,107
2020-07-10,US,Louisiana,Iberville,816,43,0,30.25734305,-91.3499598,22047.0,2509.9197194795606,5.269607843137255,773,786,43,0,743,779,32721,30,0,0,30,7
2020-07-10,US,Louisiana,Jackson,230,16,0,32.30251776,-92.55692092,22049.0,1460.8739837398373,6.956521739130435,214,221,16,0,205,221,15902,9,0,0,9,0
2020-07-10,US,Louisiana,Jefferson,10812,490,0,29.74075478,-90.11115756,22051.0,2499.924854275098,4.532001479837218,10322,10544,489,0,10055,10452,434051,268,1,0,267,92
2020-07-10,US,Louisiana,Jefferson Davis,574,11,0,30.26896765,-92.81210004,22053.0,1829.8903340984448,1.9163763066202089,563,549,11,0,538,521,31582,25,0,0,25,28
2020-07-10,US,Louisiana,LaSalle,116,0,0,31.67884782,-92.15907765,22059.0,778.9417136717701,0.0,116,115,0,0,115,111,14917,1,0,0,1,4
2020-07-10,US,Louisiana,Lafayette,3493,51,0,30.2049055,-92.06959876,22055.0,1429.2728835058715,1.4600629831090752,3442,3293,50,0,3243,3127,242782,200,1,0,199,166
2020-07-10,US,Louisiana,Lafourche,1479,90,0,29.52470226,-90.40976986,22057.0,1515.1515151515152,6.085192697768762,1389,1422,90,0,1332,1386,98115,57,0,0,57,36
2020-07-10,US,Louisiana,Lincoln,401,19,0,32.6003154,-92.6659741,22061.0,857.9008172521501,4.7381546134663335,382,383,19,0,364,366,47196,18,0,0,18,17
2020-07-10,US,Louisiana,Livingston,1424,40,0,30.44143993,-90.73061664,22063.0,1011.4426553210832,2.808988764044944,1384,1344,40,0,1304,1305,139567,80,0,0,80,39
2020-07-10,US,Louisiana,Madison,411,4,0,32.36918118,-91.23973355,22065.0,3753.081910327824,0.97323600973236,407,406,3,0,403,401,11161,5,1,0,4,5
2020-07-10,US,Louisiana,Morehouse,273,10,0,32.81686191,-91.80421614,22067.0,1097.5315590576506,3.663003663003663,263,265,10,0,255,256,25398,8,0,0,8,9
2020-07-10,US,Louisiana,Natchitoches,376,14,0,31.72321584,-93.09816516,22069.0,985.3765920645736,3.723404255319149,362,362,14,0,348,340,38659,14,0,0,14,22
2020-07-10,US,Louisiana,Orleans,8476,541,0,30.06971951,-89.92660315,22071.0,2172.5311679790025,6.3827277017461075,7935,8344,539,0,7805,8287,391006,132,2,0,130,57
2020-07-10,US,Louisiana,Ouachita,2988,85,0,32.47645559,-92.15704172,22073.0,1949.3864130115674,2.8447121820615795,2903,2849,84,0,2765,2794,154475,139,1,0,138,55
2020-07-10,US,Louisiana,Plaquemines,298,17,0,29.42245447,-89.60322085,22075.0,1284.6488770099581,5.704697986577182,281,294,17,0,277,291,23410,4,0,0,4,3
2020-07-10,US,Louisiana,Pointe Coupee,342,28,0,30.71409502,-91.60209535,22077.0,1573.8610216290842,8.187134502923977,314,329,28,0,301,314,21940,13,0,0,13,15
2020-07-10,US,Louisiana,Rapides,1909,79,0,31.19778499,-92.52997303,22079.0,1472.4484758731335,4.138292299633316,1830,1870,76,0,1794,1823,130562,39,3,0,36,47
2020-07-10,US,Louisiana,Red River,72,9,0,32.09530039,-93.34213308,22081.0,852.8784648187633,12.5,63,69,9,0,60,66,8477,3,0,0,3,3
2020-07-10,US,Louisiana,Richland,257,5,0,32.41391005,-91.76634876,22083.0,1277.2090249478185,1.9455252918287935,252,249,5,0,244,242,20192,8,0,0,8,7
2020-07-10,US,Louisiana,Sabine,181,1,0,31.56388699,-93.55433981,22085.0,757.8295092949255,0.5524861878453039,180,157,1,0,156,130,24032,24,0,0,24,27
2020-07-10,US,Louisiana,St. Bernard,689,23,0,29.87761636,-89.51887093,22087.0,1458.3862501058334,3.3381712626995648,666,678,23,0,655,668,46721,11,0,0,11,10
2020-07-10,US,Louisiana,St. Charles,854,49,0,29.90709658,-90.35555967,22089.0,1608.2862523540487,5.737704918032787,805,834,49,0,785,828,52879,20,0,0,20,6
2020-07-10,US,Louisiana,St. Helena,117,1,0,30.82210324,-90.71013176,22091.0,1154.757204895381,0.8547008547008547,116,116,1,0,115,114,10262,1,0,0,1,2
2020-07-10,US,Louisiana,St. James,439,30,0,30.02531716,-90.80212061,22093.0,2080.9632157755027,6.83371298405467,409,432,30,0,402,418,21037,7,0,0,7,14
2020-07-10,US,Louisiana,St. John the Baptist,1063,87,0,30.12597499,-90.4753503,22095.0,2481.49963816327,8.184383819379116,976,1049,87,0,962,1037,43184,14,0,0,14,12
2020-07-10,US,Louisiana,St. Landry,1023,59,0,30.59724262,-92.00135806,22097.0,1245.6772685207734,5.767350928641251,964,944,59,0,885,887,82764,79,0,0,79,57
2020-07-10,US,Louisiana,St. Martin,963,27,0,30.13112107,-91.61403569,22099.0,1802.324493271696,2.803738317757009,936,939,27,0,912,915,53621,24,0,0,24,24
2020-07-10,US,Louisiana,St. Mary,704,39,0,29.69262097,-91.44702164,22101.0,1426.6029018399936,5.539772727272728,665,664,39,0,625,632,49774,40,0,0,40,32
2020-07-10,US,Louisiana,St. Tammany,3004,184,0,30.40942847,-89.95642711,22103.0,1153.5256644100466,6.125166444740347,2820,2908,183,0,2725,2844,258111,96,1,0,95,64
2020-07-10,US,Louisiana,Tangipahoa,1802,44,0,30.62888673,-90.40664996,22105.0,1337.21189094525,2.4417314095449503,1758,1742,43,0,1699,1689,133777,60,1,0,59,53
2020-07-10,US,Louisiana,Tensas,32,0,0,32.00760749,-91.32915234,22107.0,738.3479464697739,0.0,32,30,0,0,30,30,4462,2,0,0,2,0
2020-07-10,US,Louisiana,Terrebonne,1535,65,0,29.37343766,-90.82626855,22109.0,1389.630729397706,4.234527687296417,1470,1415,63,0,1352,1372,111021,120,2,0,118,43
2020-07-10,US,Louisiana,Unassigned,2,108,0,0.0,0.0,90022.0,0.0,5400.0,-106,0,108,0,-108,0,,2,0,0,2,0
2020-07-10,US,Louisiana,Union,471,27,0,32.83121059,-92.3749373,22111.0,2130.4505156504433,5.732484076433121,444,463,27,0,436,452,22330,8,0,0,8,11
2020-07-10,US,Louisiana,Vermilion,493,6,0,29.83517605,-92.30292538,22113.0,828.4182756129119,1.2170385395537526,487,467,6,0,461,425,59830,26,0,0,26,42
2020-07-10,US,Louisiana,Vernon,247,9,0,31.10884837,-93.18153838,22115.0,520.7784267009636,3.643724696356276,238,237,9,0,228,223,48860,10,0,0,10,14
2020-07-10,US,Louisiana,Washington,812,49,0,30.85288548,-90.03866652,22117.0,1757.8040438152136,6.0344827586206895,763,778,48,0,730,765,46582,34,1,0,33,13
2020-07-10,US,Louisiana,Webster,513,12,0,32.70847669,-93.33121835,22119.0,1338.0281690140844,2.3391812865497075,501,490,12,0,478,459,38798,23,0,0,23,31
2020-07-10,US,Louisiana,West Baton Rouge,356,31,0,30.46058217,-91.30989571,22121.0,1345.172869828075,8.707865168539326,325,342,31,0,311,336,26427,14,0,0,14,6
2020-07-10,US,Louisiana,West Carroll,166,5,0,32.78550125,-91.461201,22123.0,1532.7793167128348,3.0120481927710845,161,161,5,0,156,158,10982,5,0,0,5,3
2020-07-10,US,Louisiana,West Feliciana,257,14,0,30.87882871,-91.4148538,22125.0,1650.8221993833506,5.447470817120624,243,254,14,0,240,252,15460,3,0,0,3,2
2020-07-10,US,Louisiana,Winn,283,5,0,31.94449367,-92.63789413,22127.0,2035.3855005753744,1.7667844522968197,278,273,5,0,268,270,14134,10,0,0,10,3
2020-07-10,US,Maine,Androscoggin,503,4,0,44.1664747,-70.20380627,23001.0,464.54925792181166,0.7952286282306164,499,502,4,0,498,499,107679,1,0,0,1,3
2020-07-10,US,Maine,Aroostook,24,1,0,46.65926321,-68.59841248,23003.0,35.791514428454256,4.166666666666667,23,24,1,0,23,24,67111,0,0,0,0,0
2020-07-10,US,Maine,Cumberland,1851,65,0,43.8370751,-70.37226999,23005.0,627.4512462585127,3.5116153430578065,1786,1844,65,0,1779,1829,293557,7,0,0,7,15
2020-07-10,US,Maine,Franklin,41,1,0,44.97330019,-70.44381045,23007.0,135.76608496970098,2.4390243902439024,40,41,1,0,40,40,29897,0,0,0,0,1
2020-07-10,US,Maine,Hancock,18,1,0,44.59816444,-68.38401854,23009.0,32.73501009329477,5.5555555555555545,17,18,1,0,17,18,54811,0,0,0,0,0
2020-07-10,US,Maine,Kennebec,145,10,0,44.40759555,-69.76738544,23011.0,118.55897695867607,6.896551724137932,135,147,10,0,137,147,122083,-2,0,0,-2,0
2020-07-10,US,Maine,Knox,25,1,0,44.11486325,-69.10529169,23013.0,62.858292265915715,4.0,24,25,1,0,24,25,39771,0,0,0,0,0
2020-07-10,US,Maine,Lincoln,26,0,0,44.05996956,-69.54227124,23015.0,75.07073973552002,0.0,26,26,0,0,26,25,34342,0,0,0,0,1
2020-07-10,US,Maine,Oxford,44,0,0,44.49952995,-70.75682123,23017.0,75.89478223372144,0.0,44,44,0,0,44,43,57618,0,0,0,0,1
2020-07-10,US,Maine,Penobscot,122,3,0,45.40194593,-68.65020455,23019.0,80.18508294555302,2.459016393442623,119,122,3,0,119,119,151096,0,0,0,0,3
2020-07-10,US,Maine,Piscataquis,5,0,0,45.83839062,-69.2860223,23021.0,29.788501638367592,0.0,5,5,0,0,5,4,16800,0,0,0,0,1
2020-07-10,US,Maine,Sagadahoc,34,0,0,43.95415864,-69.85074999,23023.0,94.82373940205264,0.0,34,34,0,0,34,34,35634,0,0,0,0,0
2020-07-10,US,Maine,Somerset,31,0,0,45.51229767,-69.95995554,23025.0,61.405593851517324,0.0,31,31,0,0,31,30,50592,0,0,0,0,1
2020-07-10,US,Maine,Unassigned,3,0,0,0.0,0.0,90023.0,0.0,0.0,3,3,0,0,3,2,,0,0,0,0,1
2020-07-10,US,Maine,Waldo,59,14,0,44.4858305,-69.12061935,23027.0,148.5584791640438,23.728813559322035,45,58,14,0,44,58,39694,1,0,0,1,0
2020-07-10,US,Maine,Washington,5,0,0,45.01607142,-67.62813524,23029.0,15.934223525287615,0.0,5,5,0,0,5,5,31490,0,0,0,0,0
2020-07-10,US,Maine,York,563,11,0,43.47808377,-70.71052375,23031.0,271.1410559571568,1.9538188277087036,552,557,11,0,546,558,206229,6,0,0,6,-1
2020-07-10,US,Maryland,Allegany,213,18,0,39.62357628,-78.69280486,24001.0,302.48807089297884,8.450704225352112,195,212,18,0,194,212,70975,1,0,0,1,0
2020-07-10,US,Maryland,Anne Arundel,5423,210,0,39.00670238,-76.60329337,24003.0,936.2364778310664,3.872395353125576,5213,5391,210,0,5181,5341,576031,32,0,0,32,50
2020-07-10,US,Maryland,Baltimore,8581,495,0,39.45784712,-76.62911955,24005.0,1037.141786625089,5.7685584430719015,8086,8497,493,0,8004,8443,828431,84,2,0,82,54
2020-07-10,US,Maryland,Baltimore City,8249,363,0,39.30211911,-76.61151012,24510.0,1389.9138991389914,4.400533397987634,7886,8155,358,0,7797,8071,621342,94,5,0,89,84
2020-07-10,US,Maryland,Calvert,438,27,0,38.53961642,-76.56820632,24009.0,473.385571467171,6.164383561643835,411,435,27,0,408,425,92003,3,0,0,3,10
2020-07-10,US,Maryland,Caroline,332,3,0,38.87172293,-75.82904158,24011.0,993.8334430940547,0.9036144578313252,329,329,3,0,326,325,33304,3,0,0,3,4
2020-07-10,US,Maryland,Carroll,1200,115,0,39.56453592,-77.02373735,24013.0,712.3902473775134,9.583333333333334,1085,1190,114,0,1076,1188,168429,10,1,0,9,2
2020-07-10,US,Maryland,Cecil,518,29,0,39.56647682,-75.94627411,24015.0,503.621603227845,5.5984555984555975,489,514,29,0,485,512,102826,4,0,0,4,2
2020-07-10,US,Maryland,Charles,1496,89,0,38.51092331,-76.98580666,24017.0,916.3466191342484,5.949197860962568,1407,1483,89,0,1394,1473,161503,13,0,0,13,10
2020-07-10,US,Maryland,Dorchester,203,5,0,38.45413522,-76.02752426,24019.0,635.7856494096276,2.4630541871921183,198,199,5,0,194,199,31998,4,0,0,4,0
2020-07-10,US,Maryland,Frederick,2577,120,0,39.47296601,-77.39999394,24021.0,992.8837551580252,4.656577415599535,2457,2567,120,0,2447,2553,255648,10,0,0,10,14
2020-07-10,US,Maryland,Garrett,19,0,0,39.52786077,-79.27355126,24023.0,65.48562762804164,0.0,19,17,0,0,17,16,29163,2,0,0,2,1
2020-07-10,US,Maryland,Harford,1246,65,0,39.55010644,-76.30775940000002,24025.0,487.7838718138435,5.2166934189406104,1181,1225,64,0,1161,1209,253956,21,1,0,20,16
2020-07-10,US,Maryland,Howard,2770,95,0,39.25305293,-76.93126208,24027.0,850.5020111148639,3.4296028880866425,2675,2751,92,0,2659,2723,323196,19,3,0,16,28
2020-07-10,US,Maryland,Kent,204,23,0,39.24976208,-76.04741541,24029.0,1050.3552672227372,11.274509803921571,181,203,23,0,180,204,19383,1,0,0,1,-1
2020-07-10,US,Maryland,Montgomery,15568,755,0,39.13676329,-77.20358245,24031.0,1481.695803130901,4.849691675231243,14813,15503,754,0,14749,15400,1052567,65,1,0,64,103
2020-07-10,US,Maryland,Prince George's,19510,703,0,38.83070039,-76.8496441,24033.0,2145.5428025341816,3.603280369041517,18807,19456,700,0,18756,19285,909308,54,3,0,51,171
2020-07-10,US,Maryland,Queen Anne's,273,23,0,39.06198912,-76.03530977,24035.0,541.8709434112066,8.424908424908425,250,268,23,0,245,260,50251,5,0,0,5,8
2020-07-10,US,Maryland,Somerset,98,3,0,38.1163542,-75.75118623,24039.0,382.5733916302311,3.0612244897959178,95,94,3,0,91,93,25675,4,0,0,4,1
2020-07-10,US,Maryland,St. Mary's,679,51,0,38.30058422,-76.60629279999998,24037.0,598.1851819222976,7.511045655375552,628,673,51,0,622,666,112664,6,0,0,6,7
2020-07-10,US,Maryland,Talbot,170,4,0,38.76618159,-76.10882561,24041.0,457.2227750732901,2.3529411764705883,166,165,4,0,161,161,36968,5,0,0,5,4
2020-07-10,US,Maryland,Unassigned,0,20,0,0.0,0.0,90024.0,0.0,0.0,-20,0,21,0,-21,0,,0,-1,0,1,0
2020-07-10,US,Maryland,Washington,710,29,0,39.60835778,-77.82002295,24043.0,470.0461439665274,4.084507042253522,681,702,29,0,673,694,150926,8,0,0,8,8
2020-07-10,US,Maryland,Wicomico,1119,41,0,38.37301947,-75.62705831,24045.0,1080.0220058103062,3.6639857015192137,1078,1109,41,0,1068,1102,103195,10,0,0,10,7
2020-07-10,US,Maryland,Worcester,314,17,0,38.21274277,-75.33200012,24047.0,600.6580457571353,5.414012738853503,297,309,17,0,292,306,51823,5,0,0,5,3
2020-07-10,US,Massachusetts,Barnstable,1570,151,0,41.72980578,-70.28854339,25001.0,737.1238086295133,9.617834394904458,1419,1566,150,0,1416,1563,213413,4,1,0,3,3
2020-07-10,US,Massachusetts,Berkshire,610,45,0,42.37428441,-73.20524838,25003.0,488.2187219874504,7.3770491803278695,565,609,45,0,564,604,126348,1,0,0,1,5
2020-07-10,US,Massachusetts,Bristol,8426,596,0,41.79228404,-71.10872211,25005.0,1490.7548782149154,7.073344410159033,7830,8399,594,0,7805,8365,564022,27,2,0,25,34
2020-07-10,US,Massachusetts,Dukes and Nantucket,78,1,0,41.40674725,-70.68763497,0.0,271.483763182625,1.2820512820512822,77,77,1,0,76,74,26707,1,0,0,1,3
2020-07-10,US,Massachusetts,Essex,16414,1136,0,42.6687626,-70.94687179,25009.0,2080.265235718613,6.9209211648592674,15278,16379,1133,0,15246,16342,790638,35,3,0,32,37
2020-07-10,US,Massachusetts,Franklin,383,56,0,42.58119713,-72.58602547,25011.0,545.7395269307495,14.621409921671018,327,381,56,0,325,376,70963,2,0,0,2,5
2020-07-10,US,Massachusetts,Hampden,6943,672,0,42.13440424,-72.63235561,25013.0,1488.7257382518674,9.678813193144174,6271,6932,671,0,6261,6903,470406,11,1,0,10,29
2020-07-10,US,Massachusetts,Hampshire,995,117,0,42.33997957,-72.65898478,25015.0,618.6656718273954,11.758793969849249,878,993,117,0,876,991,161355,2,0,0,2,2
2020-07-10,US,Massachusetts,Middlesex,24377,1908,0,42.48607732,-71.39049229,25017.0,1512.5032651878546,7.8270500881978915,22469,24348,1903,0,22445,24300,1614714,29,5,0,24,48
2020-07-10,US,Massachusetts,Norfolk,9403,956,0,42.16073095,-71.20530408,25021.0,1330.409253298433,10.1669679889397,8447,9384,950,0,8434,9339,705388,19,6,0,13,45
2020-07-10,US,Massachusetts,Plymouth,8786,677,0,41.94070556,-70.80802823,25023.0,1685.7187808181855,7.705440473480537,8109,8777,674,0,8103,8765,518132,9,3,0,6,12
2020-07-10,US,Massachusetts,Suffolk,20228,1016,0,42.3279514,-71.07850442,25025.0,2516.211452319733,5.02274075538857,19212,20172,1013,0,19159,20120,807252,56,3,0,53,52
2020-07-10,US,Massachusetts,Unassigned,294,7,0,0.0,0.0,90025.0,0.0,2.380952380952381,287,297,7,0,290,298,,-3,0,0,-3,-1
2020-07-10,US,Massachusetts,Worcester,12603,958,0,42.35026951,-71.90493363,25027.0,1517.2966764665516,7.6013647544235505,11645,12583,954,0,11629,12562,830839,20,4,0,16,21
2020-07-10,US,Michigan,Alcona,24,1,0,44.6846864,-83.59507875,26001.0,230.6583373378184,4.166666666666667,23,24,1,0,23,22,10362,0,0,0,0,2
2020-07-10,US,Michigan,Alger,4,0,0,46.41292944,-86.60260122,26003.0,43.917435221783045,0.0,4,4,0,0,4,4,9097,0,0,0,0,0
2020-07-10,US,Michigan,Allegan,362,7,0,42.59147037,-85.89102866,26005.0,306.56921943411726,1.9337016574585637,355,358,7,0,351,353,117327,4,0,0,4,5
2020-07-10,US,Michigan,Alpena,123,12,0,45.03477666,-83.62212411,26007.0,433.0223552191516,9.75609756097561,111,123,11,0,112,123,28360,0,1,0,-1,0
2020-07-10,US,Michigan,Antrim,24,0,0,44.99690221,-85.15503082,26009.0,102.89830217801406,0.0,24,24,0,0,24,24,23365,0,0,0,0,0
2020-07-10,US,Michigan,Arenac,38,2,0,44.0636262,-83.89277559,26011.0,255.32486729825973,5.2631578947368425,36,38,2,0,36,38,15041,0,0,0,0,0
2020-07-10,US,Michigan,Baraga,5,0,0,46.6720582,-88.36363591,26013.0,60.9087586794981,0.0,5,5,0,0,5,5,8320,0,0,0,0,0
2020-07-10,US,Michigan,Barry,130,2,0,42.59513984,-85.30834519,26015.0,211.2103980503656,1.5384615384615383,128,123,3,0,120,121,61157,7,-1,0,8,2
2020-07-10,US,Michigan,Bay,418,31,0,43.70639106,-83.98731479,26017.0,405.3294028663965,7.416267942583732,387,415,31,0,384,410,103923,3,0,0,3,5
2020-07-10,US,Michigan,Benzie,11,0,0,44.63899297,-86.01608482,26019.0,61.91601936282788,0.0,11,11,0,0,11,11,17753,0,0,0,0,0
2020-07-10,US,Michigan,Berrien,983,60,0,41.95447397,-86.41313079999998,26021.0,640.8041668568002,6.1037639877924725,923,967,60,0,907,954,154141,16,0,0,16,13
2020-07-10,US,Michigan,Branch,266,2,0,41.91600556,-85.05929476,26023.0,611.2553714640255,0.7518796992481203,264,266,2,0,264,265,43622,0,0,0,0,1
2020-07-10,US,Michigan,Calhoun,598,39,0,42.24633834,-85.00493569,26025.0,445.73975655751764,6.521739130434782,559,594,39,0,555,583,134487,4,0,0,4,11
2020-07-10,US,Michigan,Cass,182,6,0,41.91522292,-85.99405727,26027.0,351.43955046633323,3.2967032967032965,176,179,6,0,173,177,51653,3,0,0,3,2
2020-07-10,US,Michigan,Charlevoix,31,2,0,45.37790017,-85.19614053,26029.0,118.5785870022568,6.451612903225807,29,30,2,0,28,30,26244,1,0,0,1,0
2020-07-10,US,Michigan,Cheboygan,27,2,0,45.44787015,-84.50122149,26031.0,106.82069947776549,7.407407407407407,25,27,2,0,25,27,25413,0,0,0,0,0
2020-07-10,US,Michigan,Chippewa,18,0,0,46.29552653,-84.54353449,26033.0,48.19406142065383,0.0,18,16,0,0,16,14,37517,2,0,0,2,2
2020-07-10,US,Michigan,Clare,32,3,0,43.98794227,-84.84819859999998,26035.0,103.39256865912762,9.375,29,32,3,0,29,32,30757,0,0,0,0,0
2020-07-10,US,Michigan,Clinton,282,12,0,42.94400871,-84.60145248,26037.0,354.29361140775177,4.25531914893617,270,279,12,0,267,271,79332,3,0,0,3,8
2020-07-10,US,Michigan,Crawford,82,5,0,44.68255561,-84.61006219,26039.0,584.5035284054459,6.097560975609755,77,81,5,0,76,81,13901,1,0,0,1,0
2020-07-10,US,Michigan,Delta,30,3,0,45.90484910000001,-86.9080745,26041.0,83.83635144198523,10.0,27,30,3,0,27,27,35857,0,0,0,0,3
2020-07-10,US,Michigan,Dickinson,18,2,0,46.00999672,-87.86961634,26043.0,71.31819802686319,11.111111111111109,16,16,2,0,14,16,25383,2,0,0,2,0
2020-07-10,US,Michigan,Eaton,349,7,0,42.59599185,-84.83740035,26045.0,316.5016142489208,2.005730659025788,342,348,7,0,341,348,109826,1,0,0,1,0
2020-07-10,US,Michigan,Emmet,36,2,0,45.52625509,-84.89083249,26047.0,107.73604668562021,5.5555555555555545,34,35,2,0,33,33,33308,1,0,0,1,2
2020-07-10,US,Michigan,Federal Correctional Institution (FCI),186,5,0,0.0,0.0,0.0,0.0,2.6881720430107525,181,186,5,0,181,186,,0,0,0,0,0
2020-07-10,US,Michigan,Genesee,2882,291,0,43.02244215,-83.70589709,26049.0,710.1793190459648,10.097154753643304,2591,2870,290,0,2580,2860,406892,12,1,0,11,10
2020-07-10,US,Michigan,Gladwin,27,1,0,43.98901072,-84.38774817,26051.0,106.09454202522691,3.703703703703704,26,27,1,0,26,28,25337,0,0,0,0,-1
2020-07-10,US,Michigan,Gogebic,11,1,0,46.40862701,-89.69377193,26053.0,78.71198568872988,9.090909090909092,10,11,1,0,10,11,15096,0,0,0,0,0
2020-07-10,US,Michigan,Grand Traverse,83,5,0,44.69565625,-85.55585247,26055.0,89.16294259195602,6.024096385542169,78,78,5,0,73,70,92573,5,0,0,5,8
2020-07-10,US,Michigan,Gratiot,105,14,0,43.29265605,-84.60505416,26057.0,257.9155510795608,13.333333333333336,91,105,14,0,91,100,40599,0,0,0,0,5
2020-07-10,US,Michigan,Hillsdale,205,25,0,41.88753639,-84.59312019,26059.0,449.51211489968216,12.19512195121951,180,206,25,0,181,203,45749,-1,0,0,-1,3
2020-07-10,US,Michigan,Houghton,27,0,0,46.89988536,-88.68495385,26061.0,75.66416321040242,0.0,27,27,0,0,27,21,36219,0,0,0,0,6
2020-07-10,US,Michigan,Huron,73,3,0,43.83353985,-83.04078453,26063.0,235.6282883057357,4.109589041095891,70,73,3,0,70,69,31166,0,0,0,0,4
2020-07-10,US,Michigan,Ingham,1153,30,0,42.59716886,-84.37472069,26065.0,394.3147541432118,2.6019080659150045,1123,1142,30,0,1112,1129,292735,11,0,0,11,13
2020-07-10,US,Michigan,Ionia,207,4,0,42.94502238,-85.07413319,26067.0,319.95301173161045,1.932367149758454,203,205,4,0,201,205,64210,2,0,0,2,0
2020-07-10,US,Michigan,Iosco,121,11,0,44.35486835,-83.63484895,26069.0,481.55370716758864,9.090909090909092,110,120,11,0,109,118,25081,1,0,0,1,2
2020-07-10,US,Michigan,Iron,6,1,0,46.20974132,-88.53136251,26071.0,54.220133742996566,16.666666666666668,5,6,1,0,5,6,11117,0,0,0,0,0
2020-07-10,US,Michigan,Isabella,152,8,0,43.64060976,-84.84664923,26073.0,217.54064575223262,5.2631578947368425,144,146,8,0,138,139,70562,6,0,0,6,7
2020-07-10,US,Michigan,Jackson,540,32,0,42.24807035,-84.42258681,26075.0,340.6725127752192,5.925925925925926,508,535,32,0,503,532,158823,5,0,0,5,3
2020-07-10,US,Michigan,Kalamazoo,1194,70,0,42.24542231,-85.53038622,26077.0,450.45384923000313,5.8626465661641545,1124,1172,70,0,1102,1156,264870,22,0,0,22,16
2020-07-10,US,Michigan,Kalkaska,41,2,0,44.68512729,-85.09085699,26079.0,227.29792659940125,4.878048780487805,39,41,2,0,39,41,17824,0,0,0,0,0
2020-07-10,US,Michigan,Kent,5675,141,0,43.03197711,-85.54934642,26081.0,863.8339003432503,2.484581497797357,5534,5575,139,0,5436,5456,653786,100,2,0,98,119
2020-07-10,US,Michigan,Keweenaw,1,0,0,47.63197653,-88.41434263,26083.0,47.25897920604915,0.0,1,1,0,0,1,1,2113,0,0,0,0,0
2020-07-10,US,Michigan,Lake,12,0,0,43.99050893,-85.802173,26085.0,101.24019235636548,0.0,12,12,0,0,12,11,11881,0,0,0,0,1
2020-07-10,US,Michigan,Lapeer,315,31,0,43.09052506,-83.22153148,26087.0,359.56030910771966,9.841269841269842,284,313,31,0,282,309,88028,2,0,0,2,4
2020-07-10,US,Michigan,Leelanau,35,0,0,44.94430054,-85.80150326,26089.0,160.83819677404531,0.0,35,32,0,0,32,30,21764,3,0,0,3,2
2020-07-10,US,Michigan,Lenawee,263,10,0,41.89475156,-84.06603727,26091.0,267.1379671105423,3.8022813688212933,253,258,10,0,248,252,98266,5,0,0,5,6
2020-07-10,US,Michigan,Livingston,609,28,0,42.60302282,-83.91297209,26093.0,317.195760306258,4.597701149425287,581,607,28,0,579,601,191224,2,0,0,2,6
2020-07-10,US,Michigan,Luce,3,0,0,46.47227431,-85.54471223,26095.0,48.16182372772515,0.0,3,3,0,0,3,3,6283,0,0,0,0,0
2020-07-10,US,Michigan,Mackinac,9,0,0,46.07028979,-85.04980537,26097.0,83.34105009723123,0.0,9,9,0,0,9,9,10787,0,0,0,0,0
2020-07-10,US,Michigan,Macomb,7739,924,0,42.69158356,-82.92752801,26099.0,885.4974758916762,11.939527070680967,6815,7690,923,0,6767,7651,874759,49,1,0,48,39
2020-07-10,US,Michigan,Manistee,26,0,0,44.33352407,-86.05626916,26101.0,105.87181366560795,0.0,26,25,0,0,25,25,24528,1,0,0,1,0
2020-07-10,US,Michigan,Marquette,86,11,0,46.4338914,-87.64043701,26103.0,128.93746532931527,12.790697674418604,75,85,11,0,74,84,66516,1,0,0,1,1
2020-07-10,US,Michigan,Mason,72,0,0,43.99509218,-86.24988902,26105.0,247.04913532802638,0.0,72,72,0,0,72,70,29100,0,0,0,0,2
2020-07-10,US,Michigan,Mecosta,34,2,0,43.64064262,-85.32463223,26107.0,78.24546061261594,5.882352941176472,32,34,2,0,32,32,43545,0,0,0,0,2
2020-07-10,US,Michigan,Menominee,39,0,0,45.58038692,-87.55370409,26109.0,171.20280948200175,0.0,39,32,0,0,32,29,22983,7,0,0,7,3
2020-07-10,US,Michigan,Michigan Department of Corrections (MDOC),4111,68,0,0.0,0.0,0.0,0.0,1.6540987594259304,4043,4116,68,0,4048,4118,,-5,0,0,-5,-2
2020-07-10,US,Michigan,Midland,182,9,0,43.64330771,-84.38804374,26111.0,218.86574630814374,4.945054945054945,173,178,9,0,169,173,83209,4,0,0,4,5
2020-07-10,US,Michigan,Missaukee,36,1,0,44.33772443,-85.09256478,26113.0,238.12673634078584,2.7777777777777777,35,34,1,0,33,34,15113,2,0,0,2,0
2020-07-10,US,Michigan,Monroe,655,21,0,41.92734151,-83.53749864,26115.0,435.2159468438538,3.206106870229008,634,656,21,0,635,653,150439,-1,0,0,-1,3
2020-07-10,US,Michigan,Montcalm,122,1,0,43.31082541,-85.15252824,26117.0,190.9591785624844,0.819672131147541,121,120,1,0,119,118,63968,2,0,0,2,2
2020-07-10,US,Michigan,Montmorency,6,0,0,45.0275929,-84.12696227,26119.0,64.32246998284735,0.0,6,5,0,0,5,5,9265,1,0,0,1,0
2020-07-10,US,Michigan,Muskegon,907,54,0,43.29123859,-86.15176712,26121.0,522.5677840129979,5.953693495038589,853,881,53,0,828,877,173588,26,1,0,25,4
2020-07-10,US,Michigan,Newaygo,190,0,0,43.554374,-85.80070107,26123.0,387.91343405471616,0.0,190,189,0,0,189,184,48892,1,0,0,1,5
2020-07-10,US,Michigan,Oakland,12568,1102,0,42.66090111,-83.38595416,26125.0,999.3765823992672,8.768300445576067,11466,12488,1097,0,11391,12408,1259201,80,5,0,75,80
2020-07-10,US,Michigan,Oceana,381,4,0,43.64124435,-86.26726673,26127.0,1439.5284694147424,1.0498687664041997,377,372,4,0,368,365,26625,9,0,0,9,7
2020-07-10,US,Michigan,Ogemaw,46,2,0,44.33481032,-84.12725175,26129.0,219.07891603562413,4.3478260869565215,44,45,2,0,43,44,20952,1,0,0,1,1
2020-07-10,US,Michigan,Ontonagon,1,0,0,46.665226200000006,-89.31390481,26131.0,17.482517482517483,0.0,1,1,0,0,1,1,5795,0,0,0,0,0
2020-07-10,US,Michigan,Osceola,45,0,0,43.98992088,-85.32566756,26133.0,191.8158567774936,0.0,45,44,0,0,44,42,23341,1,0,0,1,2
2020-07-10,US,Michigan,Oscoda,22,1,0,44.68192279,-84.12939244,26135.0,266.9578934595316,4.545454545454546,21,22,1,0,21,22,8276,0,0,0,0,0
2020-07-10,US,Michigan,Otsego,124,10,0,45.02085831,-84.59898295,26137.0,502.6755310523756,8.064516129032258,114,124,10,0,114,124,24665,0,0,0,0,0
2020-07-10,US,Michigan,Ottawa,1236,52,0,42.95996803,-85.9969107,26139.0,423.5342493917692,4.207119741100324,1184,1204,52,0,1152,1181,290494,32,0,0,32,23
2020-07-10,US,Michigan,Out of MI,41,0,0,0.0,0.0,80026.0,0.0,0.0,41,39,0,0,39,134,,2,0,0,2,-95
2020-07-10,US,Michigan,Presque Isle,13,0,0,45.34018577,-83.91498656,26141.0,103.24015247776366,0.0,13,13,0,0,13,13,12738,0,0,0,0,0
2020-07-10,US,Michigan,Roscommon,30,0,0,44.33473082,-84.61067651,26143.0,124.90111994670885,0.0,30,29,0,0,29,29,23884,1,0,0,1,0
2020-07-10,US,Michigan,Saginaw,1372,124,0,43.33433923,-84.05131209999998,26145.0,720.0625593710472,9.037900874635568,1248,1361,124,0,1237,1355,190800,11,0,0,11,6
2020-07-10,US,Michigan,Sanilac,56,6,0,43.42406072,-82.82055898,26151.0,136.0213747874666,10.714285714285714,50,55,6,0,49,55,41182,1,0,0,1,0
2020-07-10,US,Michigan,Schoolcraft,7,0,0,46.19235734,-86.19972234,26153.0,86.48381517173216,0.0,7,7,0,0,7,7,8068,0,0,0,0,0
2020-07-10,US,Michigan,Shiawassee,283,28,0,42.95392800000001,-84.14585902,26155.0,415.4311382519597,9.89399293286219,255,283,28,0,255,280,68192,0,0,0,0,3
2020-07-10,US,Michigan,St. Clair,605,53,0,42.92655373,-82.67937954,26147.0,380.19707405359213,8.760330578512399,552,599,53,0,546,596,159337,6,0,0,6,3
2020-07-10,US,Michigan,St. Joseph,376,5,0,41.91441767,-85.52797979,26149.0,616.7574306147891,1.3297872340425532,371,368,5,0,363,361,61043,8,0,0,8,7
2020-07-10,US,Michigan,Tuscola,242,26,0,43.46606813,-83.41897025,26157.0,463.20222030816353,10.743801652892563,216,243,26,0,217,241,52516,-1,0,0,-1,2
2020-07-10,US,Michigan,Unassigned,18,0,0,0.0,0.0,90026.0,0.0,0.0,18,5,0,0,5,4,,13,0,0,13,1
2020-07-10,US,Michigan,Van Buren,263,9,0,42.25190229,-86.01939087,26159.0,347.52963251714516,3.4220532319391634,254,257,9,0,248,256,75448,6,0,0,6,1
2020-07-10,US,Michigan,Washtenaw,1879,107,0,42.253105,-83.83853204,26161.0,511.1520371272113,5.694518360830228,1772,1849,107,0,1742,1817,370963,30,0,0,30,32
2020-07-10,US,Michigan,Wayne,23811,2748,0,42.28098405,-83.281255,26163.0,1361.1395821174006,11.54088446516316,21063,23701,2744,0,20957,23597,1753893,110,4,0,106,104
2020-07-10,US,Michigan,Wexford,53,4,0,44.33853602,-85.57712739,26165.0,157.59269721388006,7.547169811320754,49,52,4,0,48,51,33466,1,0,0,1,1
2020-07-10,US,Minnesota,Aitkin,15,0,0,46.60962049,-93.4116826,27001.0,94.42276218053631,0.0,15,15,0,0,15,15,15902,0,0,0,0,0
2020-07-10,US,Minnesota,Anoka,2360,111,0,45.27476015,-93.24604565,27003.0,661.2107441142438,4.703389830508475,2249,2328,111,0,2217,2293,353813,32,0,0,32,35
2020-07-10,US,Minnesota,Becker,57,0,0,46.93479392,-95.67158144,27005.0,165.58696220550215,0.0,57,57,0,0,57,57,34371,0,0,0,0,0
2020-07-10,US,Minnesota,Beltrami,43,0,0,47.97373527,-94.93732139,27007.0,91.1248622531152,0.0,43,41,0,0,41,35,46847,2,0,0,2,6
2020-07-10,US,Minnesota,Benton,235,3,0,45.69804958,-93.99514135,27009.0,574.7266991122308,1.2765957446808511,232,228,3,0,225,221,40545,7,0,0,7,7
2020-07-10,US,Minnesota,Big Stone,17,0,0,45.42712824,-96.41403739,27011.0,340.6131035864556,0.0,17,17,0,0,17,17,4989,0,0,0,0,0
2020-07-10,US,Minnesota,Blue Earth,544,2,0,44.03554215,-94.06699781,27013.0,804.1032917978508,0.36764705882352944,542,535,2,0,533,510,67427,9,0,0,9,25
2020-07-10,US,Minnesota,Brown,43,2,0,44.24205652,-94.72562874,27015.0,171.94497760716567,4.651162790697675,41,39,2,0,37,37,25111,4,0,0,4,2
2020-07-10,US,Minnesota,Carlton,89,0,0,46.59180601,-92.67601019,27017.0,248.11128766970526,0.0,89,89,0,0,89,88,35837,0,0,0,0,1
2020-07-10,US,Minnesota,Carver,442,1,0,44.82017001,-93.8009918,27019.0,420.5958758766379,0.2262443438914027,441,433,1,0,432,417,103551,9,0,0,9,16
2020-07-10,US,Minnesota,Cass,19,2,0,46.95043611,-94.32603968,27021.0,63.8033513549817,10.526315789473683,17,19,2,0,17,19,29519,0,0,0,0,0
2020-07-10,US,Minnesota,Chippewa,79,1,0,45.02343421,-95.56403693,27023.0,669.4915254237287,1.2658227848101269,78,79,1,0,78,79,11924,0,0,0,0,0
2020-07-10,US,Minnesota,Chisago,105,1,0,45.5021011,-92.90861945,27025.0,185.58122271514165,0.9523809523809524,104,103,1,0,102,102,55922,2,0,0,2,1
2020-07-10,US,Minnesota,Clay,601,38,0,46.89289518,-96.48761922,27027.0,935.8163869079132,6.322795341098169,563,598,38,0,560,595,63955,3,0,0,3,3
2020-07-10,US,Minnesota,Clearwater,10,0,0,47.57992111,-95.37790562,27029.0,113.40440009072351,0.0,10,10,0,0,10,9,8810,0,0,0,0,1
2020-07-10,US,Minnesota,Cook,1,0,0,47.90504893,-90.52629546,27031.0,18.304960644334614,0.0,1,1,0,0,1,1,5393,0,0,0,0,0
2020-07-10,US,Minnesota,Cottonwood,138,0,0,44.00715262,-95.18138802,27033.0,1232.583065380493,0.0,138,138,0,0,138,137,11277,0,0,0,0,1
2020-07-10,US,Minnesota,Crow Wing,110,12,0,46.48096553,-94.06755609,27035.0,169.0876950272846,10.909090909090908,98,108,12,0,96,109,64889,2,0,0,2,-1
2020-07-10,US,Minnesota,Dakota,2570,94,0,44.67172617,-93.06299363,27037.0,599.0382755156508,3.6575875486381317,2476,2524,94,0,2430,2479,425423,46,0,0,46,45
2020-07-10,US,Minnesota,Dodge,97,0,0,44.02238415,-92.86244324,27039.0,463.3610394573421,0.0,97,93,0,0,93,92,20822,4,0,0,4,1
2020-07-10,US,Minnesota,Douglas,69,0,0,45.93348491,-95.45335469,27041.0,180.9076846438216,0.0,69,67,0,0,67,66,37964,2,0,0,2,1
2020-07-10,US,Minnesota,Faribault,61,0,0,43.67381499,-93.94787458,27043.0,446.78825166630037,0.0,61,60,0,0,60,60,13758,1,0,0,1,0
2020-07-10,US,Minnesota,Fillmore,31,0,0,43.67394126,-92.08980382,27045.0,147.1495704181896,0.0,31,30,0,0,30,30,21058,1,0,0,1,0
2020-07-10,US,Minnesota,Freeborn,309,0,0,43.67385583,-93.34884422,27047.0,1020.4418612331164,0.0,309,302,0,0,302,298,30444,7,0,0,7,4
2020-07-10,US,Minnesota,Goodhue,138,8,0,44.40849741,-92.7234195,27049.0,297.79887785930083,5.797101449275362,130,137,8,0,129,132,46403,1,0,0,1,5
2020-07-10,US,Minnesota,Grant,24,0,0,45.93424769,-96.01139609,27051.0,401.87541862022766,0.0,24,22,0,0,22,17,6021,2,0,0,2,5
2020-07-10,US,Minnesota,Hennepin,13054,790,0,45.00761521,-93.47694895,27053.0,1031.2495309449907,6.051784893519227,12264,12867,789,0,12078,12703,1259428,187,1,0,186,164
2020-07-10,US,Minnesota,Houston,29,0,0,43.67129565,-91.49143057,27055.0,155.91397849462362,0.0,29,29,0,0,29,28,18578,0,0,0,0,1
2020-07-10,US,Minnesota,Hubbard,8,0,0,47.10778564,-94.91693868,27057.0,37.22488483551254,0.0,8,8,0,0,8,8,21332,0,0,0,0,0
2020-07-10,US,Minnesota,Isanti,80,0,0,45.56181234,-93.29487636,27059.0,197.06375012316482,0.0,80,78,0,0,78,76,39966,2,0,0,2,2
2020-07-10,US,Minnesota,Itasca,69,12,0,47.51009045,-93.63092229,27061.0,152.8916463549745,17.391304347826086,57,68,12,0,56,65,45108,1,0,0,1,3
2020-07-10,US,Minnesota,Jackson,57,0,0,43.67423373,-95.15398258,27063.0,578.915295551493,0.0,57,57,0,0,57,55,9911,0,0,0,0,2
2020-07-10,US,Minnesota,Kanabec,16,1,0,45.9459309,-93.29275192,27065.0,97.93719777192877,6.25,15,16,1,0,15,15,16207,0,0,0,0,1
2020-07-10,US,Minnesota,Kandiyohi,587,1,0,45.1526059,-95.00586446,27067.0,1358.827750642376,0.17035775127768313,586,584,1,0,583,582,42855,3,0,0,3,2
2020-07-10,US,Minnesota,Kittson,2,0,0,48.77754106,-96.78317184,27069.0,46.533271288971605,0.0,2,2,0,0,2,2,4248,0,0,0,0,0
2020-07-10,US,Minnesota,Koochiching,17,1,0,48.24539665,-93.78352843,27071.0,139.01381960912585,5.882352941176472,16,17,1,0,16,17,12440,0,0,0,0,0
2020-07-10,US,Minnesota,Lac qui Parle,4,0,0,44.9973857,-96.17488219,27073.0,60.3955911218481,0.0,4,4,0,0,4,4,6658,0,0,0,0,0
2020-07-10,US,Minnesota,Lake,6,0,0,47.64270764,-91.44557998,27075.0,56.385678037778405,0.0,6,6,0,0,6,6,10658,0,0,0,0,0
2020-07-10,US,Minnesota,Le Sueur,119,1,0,44.37136597,-93.72844721,27079.0,411.9500121161768,0.8403361344537815,118,117,1,0,116,110,28494,2,0,0,2,7
2020-07-10,US,Minnesota,Lincoln,13,0,0,44.41311883,-96.26688165,27081.0,230.53732931370809,0.0,13,11,0,0,11,11,5673,2,0,0,2,0
2020-07-10,US,Minnesota,Lyon,332,2,0,44.41327865,-95.83806103,27083.0,1303.2896286409673,0.6024096385542169,330,331,2,0,329,327,25629,1,0,0,1,4
2020-07-10,US,Minnesota,Mahnomen,10,1,0,47.32557075,-95.80921485,27087.0,180.92998009770213,10.0,9,10,1,0,9,10,5519,0,0,0,0,0
2020-07-10,US,Minnesota,Marshall,12,0,0,48.35825983,-96.37017407,27089.0,128.53470437017995,0.0,12,12,0,0,12,12,9390,0,0,0,0,0
2020-07-10,US,Minnesota,Martin,172,5,0,43.67429718,-94.55099908,27091.0,873.8505309150028,2.9069767441860463,167,171,5,0,166,171,19785,1,0,0,1,0
2020-07-10,US,Minnesota,McLeod,99,0,0,44.82367677,-94.27287017,27085.0,275.81979773214834,0.0,99,96,0,0,96,94,35873,3,0,0,3,2
2020-07-10,US,Minnesota,Meeker,62,1,0,45.12328869,-94.52839455,27093.0,266.98820084402723,1.6129032258064515,61,62,1,0,61,61,23141,0,0,0,0,1
2020-07-10,US,Minnesota,Mille Lacs,36,2,0,45.93705297,-93.63236823,27095.0,137.00194086082882,5.5555555555555545,34,34,2,0,32,34,26139,2,0,0,2,0
2020-07-10,US,Minnesota,Morrison,62,1,0,46.01265363,-94.27341528,27097.0,185.70658359791526,1.6129032258064515,61,61,1,0,60,61,33169,1,0,0,1,0
2020-07-10,US,Minnesota,Mower,974,2,0,43.67142874,-92.75234549,27099.0,2431.231591033897,0.2053388090349076,972,972,2,0,970,965,40011,2,0,0,2,7
2020-07-10,US,Minnesota,Murray,68,0,0,44.02216709,-95.76328482,27101.0,829.8755186721993,0.0,68,67,0,0,67,66,8276,1,0,0,1,1
2020-07-10,US,Minnesota,Nicollet,191,12,0,44.35291112,-94.24710352,27103.0,557.2737351928575,6.282722513089006,179,187,12,0,175,176,34220,4,0,0,4,11
2020-07-10,US,Minnesota,Nobles,1676,6,0,43.67434621,-95.75329576,27105.0,7748.855702991354,0.35799522673031026,1670,1676,6,0,1670,1672,21924,0,0,0,0,4
2020-07-10,US,Minnesota,Norman,21,0,0,47.32628443,-96.45620947,27107.0,329.4117647058824,0.0,21,21,0,0,21,21,6475,0,0,0,0,0
2020-07-10,US,Minnesota,Olmsted,1235,18,0,44.00374114,-92.40209944,27109.0,780.1987453646086,1.4574898785425099,1217,1196,17,0,1179,1168,156277,39,1,0,38,28
2020-07-10,US,Minnesota,Otter Tail,104,1,0,46.40846929,-95.70835255,27111.0,177.03332992884626,0.9615384615384616,103,102,1,0,101,100,58812,2,0,0,2,2
2020-07-10,US,Minnesota,Pennington,53,0,0,48.06642577,-96.0370814,27113.0,375.3806926836178,0.0,53,53,0,0,53,52,14178,0,0,0,0,1
2020-07-10,US,Minnesota,Pine,111,0,0,46.12105238,-92.74070188,27115.0,375.26623618107436,0.0,111,111,0,0,111,110,29483,0,0,0,0,1
2020-07-10,US,Minnesota,Pipestone,67,4,0,44.02301619,-96.25841142,27117.0,734.1661187815034,5.970149253731344,63,66,4,0,62,63,9047,1,0,0,1,3
2020-07-10,US,Minnesota,Polk,86,3,0,47.77372465,-96.40134647,27119.0,274.1997194235429,3.4883720930232562,83,86,3,0,83,84,31529,0,0,0,0,2
2020-07-10,US,Minnesota,Pope,12,0,0,45.58606667,-95.44451209,27121.0,106.67614899102142,0.0,12,12,0,0,12,12,11097,0,0,0,0,0
2020-07-10,US,Minnesota,Ramsey,5127,233,0,45.01625271,-93.09872295,27123.0,931.6380803203947,4.544567973473766,4894,5066,230,0,4836,5013,550210,61,3,0,58,53
2020-07-10,US,Minnesota,Red Lake,4,0,0,47.87197525,-96.09561104,27125.0,98.64364981504316,0.0,4,4,0,0,4,4,3999,0,0,0,0,0
2020-07-10,US,Minnesota,Redwood,21,0,0,44.40555844,-95.25207021,27127.0,138.43111404087014,0.0,21,21,0,0,21,20,15249,0,0,0,0,1
2020-07-10,US,Minnesota,Renville,37,2,0,44.72836381,-94.94553734,27129.0,254.3304921638713,5.405405405405406,35,37,2,0,35,36,14612,0,0,0,0,1
2020-07-10,US,Minnesota,Rice,873,8,0,44.3543376,-93.29658715,27131.0,1303.5298333631965,0.9163802978235968,865,862,8,0,854,859,66523,11,0,0,11,3
2020-07-10,US,Minnesota,Rock,31,0,0,43.67482683,-96.25296832,27133.0,332.7965646806227,0.0,31,31,0,0,31,31,9414,0,0,0,0,0
2020-07-10,US,Minnesota,Roseau,21,0,0,48.77501878,-95.81079919,27135.0,138.4767556874382,0.0,21,19,0,0,19,17,15150,2,0,0,2,2
2020-07-10,US,Minnesota,Scott,823,4,0,44.6490231,-93.53340251,27139.0,552.3008059699489,0.4860267314702309,819,803,4,0,799,783,147381,20,0,0,20,20
2020-07-10,US,Minnesota,Sherburne,344,5,0,45.44447208,-93.77617511,27141.0,353.7711594232707,1.4534883720930232,339,340,5,0,335,327,96036,4,0,0,4,13
2020-07-10,US,Minnesota,Sibley,57,2,0,44.5796592,-94.23164924,27143.0,383.45105953582237,3.5087719298245608,55,56,2,0,54,55,15028,1,0,0,1,1
2020-07-10,US,Minnesota,St. Louis,218,16,0,47.6048407,-92.46879855,27137.0,109.50921786306324,7.339449541284404,202,203,16,0,187,198,199754,15,0,0,15,5
2020-07-10,US,Minnesota,Stearns,2481,19,0,45.55192576,-94.61078221,27145.0,1540.2762688188736,0.7658202337767029,2462,2448,19,0,2429,2429,159256,33,0,0,33,19
2020-07-10,US,Minnesota,Steele,243,1,0,44.02240351,-93.22627088,27147.0,663.0467407023384,0.41152263374485604,242,240,1,0,239,239,36803,3,0,0,3,1
2020-07-10,US,Minnesota,Stevens,10,0,0,45.58613007,-96.00163705,27149.0,101.98878123406423,0.0,10,8,0,0,8,6,9753,2,0,0,2,2
2020-07-10,US,Minnesota,Swift,29,1,0,45.2829032,-95.68264092,27151.0,312.97215627023525,3.4482758620689653,28,25,1,0,24,23,9345,4,0,0,4,2
2020-07-10,US,Minnesota,Todd,402,2,0,46.06996226,-94.89785296,27153.0,1629.9059357768408,0.4975124378109453,400,402,2,0,400,402,24582,0,0,0,0,0
2020-07-10,US,Minnesota,Traverse,6,0,0,45.77298854,-96.47062949,27155.0,184.1055538508745,0.0,6,6,0,0,6,6,3308,0,0,0,0,0
2020-07-10,US,Minnesota,Unassigned,86,38,0,0.0,0.0,90027.0,0.0,44.1860465116279,48,84,38,0,46,87,,2,0,0,2,-3
2020-07-10,US,Minnesota,Wabasha,35,0,0,44.28424356,-92.23121312,27157.0,161.83474360752763,0.0,35,34,0,0,34,35,21645,1,0,0,1,-1
2020-07-10,US,Minnesota,Wadena,16,0,0,46.58589171,-94.96968506,27159.0,116.941967548604,0.0,16,16,0,0,16,15,13773,0,0,0,0,1
2020-07-10,US,Minnesota,Waseca,75,0,0,44.02211116,-93.58720034,27161.0,402.96582849774336,0.0,75,73,0,0,73,71,18691,2,0,0,2,2
2020-07-10,US,Minnesota,Washington,1228,40,0,45.03864533,-92.88429635,27163.0,467.9164761469288,3.2573289902280136,1188,1190,40,0,1150,1163,259201,38,0,0,38,27
2020-07-10,US,Minnesota,Watonwan,245,0,0,43.97823903,-94.61413846,27165.0,2248.325227126732,0.0,245,242,0,0,242,240,10980,3,0,0,3,2
2020-07-10,US,Minnesota,Wilkin,21,3,0,46.35721532,-96.4684375,27167.0,338.3276945384244,14.285714285714285,18,21,3,0,18,21,6254,0,0,0,0,0
2020-07-10,US,Minnesota,Winona,136,15,0,43.98772283,-91.78081305,27169.0,269.39228270343085,11.029411764705882,121,133,15,0,118,131,50825,3,0,0,3,2
2020-07-10,US,Minnesota,Wright,516,5,0,45.17297924,-93.96234781,27171.0,372.8943393772088,0.9689922480620154,511,505,5,0,500,492,136349,11,0,0,11,13
2020-07-10,US,Minnesota,Yellow Medicine,31,0,0,44.71710183,-95.86842453,27173.0,319.29137913276344,0.0,31,31,0,0,31,30,9795,0,0,0,0,1
2020-07-10,US,Mississippi,Adams,347,19,0,31.47669768,-91.35326037,28001.0,1130.5509399537355,5.475504322766571,328,340,19,0,321,332,31192,7,0,0,7,8
2020-07-10,US,Mississippi,Alcorn,94,2,0,34.88084463,-88.57996173,28003.0,254.37718182556216,2.127659574468085,92,85,2,0,83,76,36925,9,0,0,9,9
2020-07-10,US,Mississippi,Amite,108,3,0,31.17467303,-90.80501621,28005.0,878.262990973408,2.7777777777777777,105,106,3,0,103,104,12326,2,0,0,2,2
2020-07-10,US,Mississippi,Attala,383,24,0,33.08658803,-89.57838564,28007.0,2107.406184659404,6.266318537859008,359,375,24,0,351,365,18365,8,0,0,8,10
2020-07-10,US,Mississippi,Benton,44,0,0,34.81681228,-89.18945516,28009.0,532.7521491706018,0.0,44,42,0,0,42,42,8271,2,0,0,2,0
2020-07-10,US,Mississippi,Bolivar,394,18,0,33.79696941,-90.87372121,28011.0,1286.4045971006924,4.568527918781727,376,380,18,0,362,370,31333,14,0,0,14,10
2020-07-10,US,Mississippi,Calhoun,160,5,0,33.93683395,-89.33686647,28013.0,1114.1285425806002,3.125,155,147,5,0,142,142,14436,13,0,0,13,5
2020-07-10,US,Mississippi,Carroll,174,11,0,33.44834567,-89.91994479,28015.0,1749.271137026239,6.32183908045977,163,173,11,0,162,171,9911,1,0,0,1,2
2020-07-10,US,Mississippi,Chickasaw,293,19,0,33.91983202,-88.9481545,28017.0,1713.1497398117292,6.4846416382252565,274,292,19,0,273,291,17171,1,0,0,1,1
2020-07-10,US,Mississippi,Choctaw,75,4,0,33.34598242,-89.24809382,28019.0,913.5200974421435,5.333333333333333,71,75,4,0,71,75,8278,0,0,0,0,0
2020-07-10,US,Mississippi,Claiborne,300,11,0,31.97061673,-90.90702196,28021.0,3337.7837116154883,3.6666666666666665,289,293,10,0,283,289,9002,7,1,0,6,4
2020-07-10,US,Mississippi,Clarke,217,25,0,32.04158545,-88.68896219999998,28023.0,1396.3065439804388,11.52073732718894,192,214,25,0,189,211,15604,3,0,0,3,3
2020-07-10,US,Mississippi,Clay,256,11,0,33.65358105,-88.77784255,28025.0,1325.3261544833301,4.296875,245,255,11,0,244,251,19386,1,0,0,1,4
2020-07-10,US,Mississippi,Coahoma,219,6,0,34.22772299,-90.60415045,28027.0,989.8752485988067,2.7397260273972597,213,215,6,0,209,213,22628,4,0,0,4,2
2020-07-10,US,Mississippi,Copiah,642,15,0,31.86977774,-90.44565118,28029.0,2287.546766435061,2.336448598130841,627,631,15,0,616,627,28543,11,0,0,11,4
2020-07-10,US,Mississippi,Covington,429,5,0,31.63225413,-89.55389939,28031.0,2301.996136509981,1.1655011655011656,424,419,5,0,414,396,18853,10,0,0,10,23
2020-07-10,US,Mississippi,DeSoto,1865,19,0,34.87625235,-89.99091418,28033.0,1008.4079050528537,1.0187667560321716,1846,1818,18,0,1800,1767,182001,47,1,0,46,51
2020-07-10,US,Mississippi,Forrest,972,43,0,31.18961454,-89.25832496,28035.0,1297.7822876750738,4.423868312757202,929,939,43,0,896,927,75036,33,0,0,33,12
2020-07-10,US,Mississippi,Franklin,54,2,0,31.47786634,-90.89672989,28037.0,700.1166861143524,3.703703703703704,52,49,2,0,47,47,7788,5,0,0,5,2
2020-07-10,US,Mississippi,George,112,3,0,30.86259065,-88.64436789,28039.0,457.1428571428572,2.6785714285714284,109,102,3,0,99,94,24250,10,0,0,10,8
2020-07-10,US,Mississippi,Greene,112,10,0,31.21444233,-88.63922281,28041.0,824.3780362137494,8.928571428571429,102,108,10,0,98,108,13586,4,0,0,4,0
2020-07-10,US,Mississippi,Grenada,569,8,0,33.77036166,-89.80245083,28043.0,2741.111860487523,1.40597539543058,561,535,7,0,528,522,21055,34,1,0,33,13
2020-07-10,US,Mississippi,Hancock,141,13,0,30.41830223,-89.48851033,28045.0,296.0194827007054,9.21985815602837,128,138,13,0,125,134,47334,3,0,0,3,4
2020-07-10,US,Mississippi,Harrison,1096,15,0,30.51359752,-89.12467576,28047.0,526.720492118416,1.368613138686131,1081,1040,14,0,1026,1003,206650,56,1,0,55,37
2020-07-10,US,Mississippi,Hinds,2824,49,0,32.2656285,-90.44435448,28049.0,1218.0814354727395,1.7351274787535411,2775,2697,48,0,2649,2642,237085,127,1,0,126,55
2020-07-10,US,Mississippi,Holmes,579,41,0,33.12345854,-90.08923538,28051.0,3403.880070546737,7.081174438687392,538,573,41,0,532,570,17622,6,0,0,6,3
2020-07-10,US,Mississippi,Humphreys,161,10,0,33.12825718,-90.52252707,28053.0,1996.5277777777767,6.211180124223603,151,159,10,0,149,156,8257,2,0,0,2,3
2020-07-10,US,Mississippi,Issaquena,10,1,0,32.72531359,-90.97392828,28055.0,753.5795026375282,10.0,9,10,1,0,9,10,1308,0,0,0,0,0
2020-07-10,US,Mississippi,Itawamba,145,8,0,34.27993475,-88.3606733,28057.0,619.9230440359128,5.517241379310344,137,141,8,0,133,140,23517,4,0,0,4,1
2020-07-10,US,Mississippi,Jackson,744,18,0,30.54020656,-88.64184064,28059.0,518.044521191781,2.419354838709677,726,727,17,0,710,704,143277,17,1,0,16,23
2020-07-10,US,Mississippi,Jasper,271,6,0,32.01922104,-89.11786866,28061.0,1654.153695904291,2.2140221402214024,265,267,6,0,261,266,16428,4,0,0,4,1
2020-07-10,US,Mississippi,Jefferson,122,3,0,31.73397872,-91.03764977,28063.0,1745.3505007153076,2.459016393442623,119,117,3,0,114,114,7106,5,0,0,5,3
2020-07-10,US,Mississippi,Jefferson Davis,118,4,0,31.56884708,-89.82670990000004,28065.0,1060.3882099209202,3.3898305084745757,114,116,4,0,112,114,11234,2,0,0,2,2
2020-07-10,US,Mississippi,Jones,1185,49,0,31.62257767,-89.16896899999998,28067.0,1740.139211136891,4.135021097046414,1136,1173,49,0,1124,1159,68461,12,0,0,12,14
2020-07-10,US,Mississippi,Kemper,183,14,0,32.75462946,-88.64105766,28069.0,1878.4643810305893,7.6502732240437155,169,180,14,0,166,179,10027,3,0,0,3,1
2020-07-10,US,Mississippi,Lafayette,464,4,0,34.35687874,-89.48490961,28071.0,858.9570336363133,0.8620689655172413,460,437,4,0,433,419,54793,27,0,0,27,18
2020-07-10,US,Mississippi,Lamar,522,7,0,31.20572971,-89.5077704,28073.0,824.0847449599797,1.3409961685823757,515,502,7,0,495,500,62447,20,0,0,20,2
2020-07-10,US,Mississippi,Lauderdale,954,81,0,32.40419769,-88.66229662,28075.0,1287.0151770657676,8.49056603773585,873,942,81,0,861,937,75317,12,0,0,12,5
2020-07-10,US,Mississippi,Lawrence,202,2,0,31.55147224,-90.10841127,28077.0,1604.957889718735,0.99009900990099,200,199,2,0,197,189,12455,3,0,0,3,10
2020-07-10,US,Mississippi,Leake,621,20,0,32.7536828,-89.52402044,28079.0,2725.357675765821,3.2206119162640903,601,613,20,0,593,598,22763,8,0,0,8,15
2020-07-10,US,Mississippi,Lee,600,22,0,34.291877500000005,-88.68149954,28081.0,702.2800692916335,3.6666666666666665,578,586,21,0,565,575,85202,14,1,0,13,11
2020-07-10,US,Mississippi,Leflore,528,56,0,33.55545125,-90.29900733,28083.0,1873.469822233261,10.606060606060606,472,522,56,0,466,507,28919,6,0,0,6,15
2020-07-10,US,Mississippi,Lincoln,519,35,0,31.53288662,-90.45391915,28085.0,1519.6322431411588,6.743737957610789,484,509,35,0,474,492,34205,10,0,0,10,17
2020-07-10,US,Mississippi,Lowndes,536,13,0,33.47386518,-88.44191529999998,28087.0,914.7538185852036,2.4253731343283578,523,526,13,0,513,515,58930,10,0,0,10,11
2020-07-10,US,Mississippi,Madison,1419,36,0,32.63389156,-90.03513564,28089.0,1335.2529358626919,2.5369978858350954,1383,1382,36,0,1346,1355,105630,37,0,0,37,27
2020-07-10,US,Mississippi,Marion,324,12,0,31.23132643,-89.8209217,28091.0,1318.5203271883775,3.703703703703704,312,313,12,0,301,308,24715,11,0,0,11,5
2020-07-10,US,Mississippi,Marshall,276,3,0,34.76216286,-89.50299462,28093.0,782.0026066753555,1.0869565217391304,273,269,3,0,266,264,35451,7,0,0,7,5
2020-07-10,US,Mississippi,Monroe,439,35,0,33.89236763,-88.4808438,28095.0,1245.319414501305,7.972665148063781,404,436,35,0,401,431,35564,3,0,0,3,5
2020-07-10,US,Mississippi,Montgomery,151,3,0,33.49419589,-89.61729103,28097.0,1544.7570332480814,1.9867549668874167,148,149,3,0,146,143,10023,2,0,0,2,6
2020-07-10,US,Mississippi,Neshoba,1039,76,0,32.75339664,-89.11726492,28099.0,3568.239576894017,7.314725697786332,963,1022,74,0,948,1016,29125,17,2,0,15,6
2020-07-10,US,Mississippi,Newton,367,10,0,32.40021118,-89.11843336,28101.0,1746.1223713007898,2.7247956403269757,357,357,10,0,347,352,21443,10,0,0,10,5
2020-07-10,US,Mississippi,Noxubee,277,8,0,33.11009499,-88.56949061,28103.0,2659.114908322934,2.888086642599278,269,275,8,0,267,273,10535,2,0,0,2,2
2020-07-10,US,Mississippi,Oktibbeha,589,28,0,33.42491685,-88.87905132,28105.0,1187.8113215157198,4.753820033955857,561,568,28,0,540,557,49599,21,0,0,21,11
2020-07-10,US,Mississippi,Panola,432,6,0,34.36398677,-89.95064249,28107.0,1263.4534394010295,1.3888888888888888,426,399,6,0,393,392,34178,33,0,0,33,7
2020-07-10,US,Mississippi,Pearl River,281,32,0,30.77090935,-89.58677275,28109.0,505.98721526964965,11.387900355871887,249,276,32,0,244,269,55387,5,0,0,5,7
2020-07-10,US,Mississippi,Perry,79,4,0,31.17161885,-88.99281835,28111.0,659.8179236615719,5.063291139240507,75,76,4,0,72,76,11931,3,0,0,3,0
2020-07-10,US,Mississippi,Pike,488,20,0,31.17507789,-90.40392572,28113.0,1242.1095499898188,4.0983606557377055,468,470,20,0,450,466,39563,18,0,0,18,4
2020-07-10,US,Mississippi,Pontotoc,339,6,0,34.226046000000004,-89.03636807,28115.0,1053.6458009572948,1.7699115044247788,333,326,6,0,320,316,31833,13,0,0,13,10
2020-07-10,US,Mississippi,Prentiss,117,3,0,34.61810501,-88.51986294,28117.0,465.6531083339967,2.5641025641025643,114,112,3,0,109,111,25315,5,0,0,5,1
2020-07-10,US,Mississippi,Quitman,97,1,0,34.25157572,-90.28908,28119.0,1428.150765606596,1.0309278350515465,96,89,1,0,88,89,7051,8,0,0,8,0
2020-07-10,US,Mississippi,Rankin,1063,15,0,32.26469147,-89.94537876,28121.0,684.6094892156293,1.4111006585136407,1048,1035,15,0,1020,999,153902,28,0,0,28,36
2020-07-10,US,Mississippi,Scott,809,15,0,32.406704100000006,-89.53789439,28123.0,2876.5467216612146,1.854140914709518,794,792,15,0,777,785,28287,17,0,0,17,7
2020-07-10,US,Mississippi,Sharkey,47,0,0,32.88149103,-90.81595379999999,28125.0,1087.7111779680627,0.0,47,42,0,0,42,40,4377,5,0,0,5,2
2020-07-10,US,Mississippi,Simpson,384,3,0,31.91282117,-89.91716179,28127.0,1440.4681521494485,0.78125,381,373,3,0,370,360,26758,11,0,0,11,13
2020-07-10,US,Mississippi,Smith,237,12,0,32.01744532,-89.50644846,28129.0,1489.067604925861,5.063291139240507,225,234,12,0,222,234,16002,3,0,0,3,0
2020-07-10,US,Mississippi,Stone,73,2,0,30.79187949,-89.11547539,28131.0,398.12390924956367,2.7397260273972597,71,73,2,0,71,72,18717,0,0,0,0,1
2020-07-10,US,Mississippi,Sunflower,470,8,0,33.60192578,-90.58882684,28133.0,1871.7642373556355,1.702127659574468,462,452,8,0,444,436,25735,18,0,0,18,16
2020-07-10,US,Mississippi,Tallahatchie,178,4,0,33.95339918,-90.1729398,28135.0,1289.0144108914474,2.247191011235955,174,166,4,0,162,156,13987,12,0,0,12,10
2020-07-10,US,Mississippi,Tate,333,13,0,34.65133709,-89.94485778,28137.0,1175.8059390558244,3.903903903903904,320,323,13,0,310,319,28759,10,0,0,10,4
2020-07-10,US,Mississippi,Tippah,144,11,0,34.76872156,-88.90988194,28139.0,654.0994776288894,7.638888888888888,133,144,11,0,133,142,21995,0,0,0,0,2
2020-07-10,US,Mississippi,Tishomingo,97,1,0,34.74023475,-88.23917219,28141.0,500.4385286075427,1.0309278350515465,96,92,1,0,91,91,19454,5,0,0,5,1
2020-07-10,US,Mississippi,Tunica,121,3,0,34.64967704,-90.37481167,28143.0,1256.2292358803986,2.479338842975207,118,119,3,0,116,115,9944,2,0,0,2,4
2020-07-10,US,Mississippi,Union,246,11,0,34.49162015,-89.00776006,28145.0,853.7220197813639,4.4715447154471555,235,238,11,0,227,233,28606,8,0,0,8,5
2020-07-10,US,Mississippi,Walthall,249,7,0,31.14971548,-90.10446654,28147.0,1742.965140697186,2.8112449799196786,242,226,7,0,219,208,14465,23,0,0,23,18
2020-07-10,US,Mississippi,Warren,577,20,0,32.35810271,-90.83352619,28149.0,1271.4572177783655,3.466204506065858,557,553,20,0,533,540,46176,24,0,0,24,13
2020-07-10,US,Mississippi,Washington,700,10,0,33.28392041,-90.94196237,28151.0,1594.2061991846774,1.4285714285714286,690,643,10,0,633,626,45063,57,0,0,57,17
2020-07-10,US,Mississippi,Wayne,560,18,0,31.64135687,-88.69573913,28153.0,2774.612297478076,3.2142857142857144,542,554,16,0,538,551,20298,6,2,0,4,3
2020-07-10,US,Mississippi,Webster,134,11,0,33.61300486,-89.28392912,28155.0,1383.01166271029,8.208955223880597,123,128,11,0,117,128,9788,6,0,0,6,0
2020-07-10,US,Mississippi,Wilkinson,96,9,0,31.16078225,-91.31018819,28157.0,1112.398609501738,9.375,87,95,9,0,86,94,8792,1,0,0,1,1
2020-07-10,US,Mississippi,Winston,296,11,0,33.08747908,-89.03391385,28159.0,1648.5658590921744,3.716216216216216,285,287,11,0,276,282,18165,9,0,0,9,5
2020-07-10,US,Mississippi,Yalobusha,202,8,0,34.02824175,-89.70762049999998,28161.0,1668.3184671291708,3.96039603960396,194,193,8,0,185,183,12392,9,0,0,9,10
2020-07-10,US,Mississippi,Yazoo,548,6,0,32.77890365,-90.39656148,28163.0,1845.7393061636915,1.094890510948905,542,543,6,0,537,533,28248,5,0,0,5,10
2020-07-10,US,Missouri,Adair,100,0,0,40.19058551,-92.60078167,29001.0,394.5862762893106,0.0,100,99,0,0,99,98,25339,1,0,0,1,1
2020-07-10,US,Missouri,Andrew,55,1,0,39.98492163,-94.80163024,29003.0,310.5239385727191,1.818181818181818,54,58,0,0,58,59,17607,-3,1,0,-4,-1
2020-07-10,US,Missouri,Atchison,6,0,0,40.43238737,-95.42970639,29005.0,116.663426015944,0.0,6,6,0,0,6,6,5171,0,0,0,0,0
2020-07-10,US,Missouri,Audrain,142,1,0,39.215877,-91.84242683,29007.0,559.3193634788089,0.7042253521126759,141,142,1,0,141,142,25473,0,0,0,0,0
2020-07-10,US,Missouri,Barry,91,0,0,36.70978521,-93.82919888,29009.0,254.26807119506,0.0,91,87,0,0,87,86,35886,4,0,0,4,1
2020-07-10,US,Missouri,Barton,31,0,0,37.50207671,-94.34757022,29011.0,263.7400034030968,0.0,31,31,0,0,31,31,11798,0,0,0,0,0
2020-07-10,US,Missouri,Bates,13,1,0,38.25271289,-94.34113157,29013.0,80.38585209003216,7.6923076923076925,12,12,1,0,11,12,16320,1,0,0,1,0
2020-07-10,US,Missouri,Benton,22,0,0,38.29503305,-93.28756116,29015.0,113.15126266522655,0.0,22,21,0,0,21,20,19278,1,0,0,1,1
2020-07-10,US,Missouri,Bollinger,21,0,0,37.32449052,-90.02725304,29017.0,173.08167806807882,0.0,21,20,0,0,20,18,12169,1,0,0,1,2
2020-07-10,US,Missouri,Boone,534,2,0,38.99186229,-92.30723575,29019.0,295.90553188188164,0.3745318352059925,532,504,2,0,502,477,180005,30,0,0,30,27
2020-07-10,US,Missouri,Buchanan,938,5,0,39.65816401,-94.80138942,29021.0,1073.6687880591548,0.5330490405117271,933,927,4,0,923,923,88571,11,1,0,10,4
2020-07-10,US,Missouri,Butler,116,0,0,36.71462476,-90.40421163,29023.0,273.08253684260086,0.0,116,116,0,0,116,111,42639,0,0,0,0,5
2020-07-10,US,Missouri,Caldwell,15,1,0,39.65620858,-93.98308093,29025.0,166.29711751662973,6.666666666666668,14,14,0,0,14,12,9108,1,1,0,0,2
2020-07-10,US,Missouri,Callaway,63,1,0,38.83674754,-91.92186505,29027.0,140.80414813490378,1.5873015873015872,62,61,1,0,60,61,44889,2,0,0,2,0
2020-07-10,US,Missouri,Camden,78,2,0,38.02199522,-92.76083747,29029.0,168.44833171363786,2.5641025641025643,76,77,2,0,75,76,45815,1,0,0,1,1
2020-07-10,US,Missouri,Cape Girardeau,314,3,0,37.38489388,-89.6843587,29031.0,398.11844657732246,0.9554140127388536,311,292,3,0,289,271,78753,22,0,0,22,21
2020-07-10,US,Missouri,Carroll,25,0,0,39.42762566,-93.50626255,29033.0,288.0516188500979,0.0,25,25,0,0,25,20,8743,0,0,0,0,5
2020-07-10,US,Missouri,Carter,7,1,0,36.94160441,-90.96051322,29035.0,117.0177198261451,14.285714285714285,6,7,1,0,6,6,6054,0,0,0,0,1
2020-07-10,US,Missouri,Cass,195,8,0,38.64789422,-94.353399,29037.0,184.344866704481,4.102564102564102,187,190,8,0,182,178,104954,5,0,0,5,12
2020-07-10,US,Missouri,Cedar,12,0,0,37.72391475,-93.85445441,29039.0,83.62952122099102,0.0,12,12,0,0,12,12,14165,0,0,0,0,0
2020-07-10,US,Missouri,Chariton,6,0,0,39.51499357,-92.9629191,29041.0,80.79719903043363,0.0,6,6,0,0,6,6,7451,0,0,0,0,0
2020-07-10,US,Missouri,Christian,71,1,0,36.9711783,-93.18537118,29043.0,80.1399627518483,1.4084507042253518,70,67,1,0,66,64,86983,4,0,0,4,3
2020-07-10,US,Missouri,Clark,2,0,0,40.41040752,-91.73661677,29045.0,29.424746211563924,0.0,2,2,0,0,2,2,6842,0,0,0,0,0
2020-07-10,US,Missouri,Clay,550,13,0,39.31132056,-94.41850862,29047.0,220.04576952006016,2.363636363636364,537,539,13,0,526,526,246365,11,0,0,11,13
2020-07-10,US,Missouri,Clinton,33,0,0,39.6013098,-94.40465394,29049.0,161.8678569676755,0.0,33,31,0,0,31,31,20470,2,0,0,2,0
2020-07-10,US,Missouri,Cole,100,2,0,38.50455671,-92.27860244,29051.0,130.30164831585122,2.0,98,99,2,0,97,95,76796,1,0,0,1,4
2020-07-10,US,Missouri,Cooper,28,0,0,38.844478,-92.80896081,29053.0,158.11169461855553,0.0,28,25,0,0,25,23,17603,3,0,0,3,2
2020-07-10,US,Missouri,Crawford,21,0,0,37.97663738,-91.30528104,29055.0,87.79264214046823,0.0,21,19,0,0,19,19,23957,2,0,0,2,0
2020-07-10,US,Missouri,Dade,2,0,0,37.431814,-93.8503345,29057.0,26.451527575717503,0.0,2,2,0,0,2,1,7569,0,0,0,0,1
2020-07-10,US,Missouri,Dallas,17,1,0,37.681135499999996,-93.02127031,29059.0,100.72283445905913,5.882352941176472,16,17,1,0,16,16,16762,0,0,0,0,1
2020-07-10,US,Missouri,Daviess,11,0,0,39.96145298,-93.98519678,29061.0,132.88233872916163,0.0,11,11,0,0,11,10,8313,0,0,0,0,1
2020-07-10,US,Missouri,DeKalb,16,0,0,39.89201062,-94.40476508,29063.0,127.52052283414362,0.0,16,15,0,0,15,15,12630,1,0,0,1,0
2020-07-10,US,Missouri,Dent,5,0,0,37.60663134,-91.50790473,29065.0,32.106851602131904,0.0,5,5,0,0,5,5,15441,0,0,0,0,0
2020-07-10,US,Missouri,Douglas,11,0,0,36.9325593,-92.49905109,29067.0,83.42813803564657,0.0,11,8,0,0,8,6,13373,3,0,0,3,2
2020-07-10,US,Missouri,Dunklin,128,3,0,36.27167174,-90.09122243,29069.0,439.3944595104872,2.34375,125,119,3,0,116,115,29423,9,0,0,9,4
2020-07-10,US,Missouri,Franklin,264,18,0,38.41127108,-91.07522826,29071.0,253.9267267498341,6.8181818181818175,246,248,18,0,230,235,103670,16,0,0,16,13
2020-07-10,US,Missouri,Gasconade,14,0,0,38.43947277,-91.50847147,29073.0,95.19923840609276,0.0,14,13,0,0,13,13,14705,1,0,0,1,0
2020-07-10,US,Missouri,Gentry,67,9,0,40.21097916,-94.40944419,29075.0,1019.6317151118553,13.432835820895527,58,66,9,0,57,63,6628,1,0,0,1,3
2020-07-10,US,Missouri,Greene,425,8,0,37.2575872,-93.34230916,29077.0,145.00863227858034,1.8823529411764703,417,407,8,0,399,385,291923,18,0,0,18,22
2020-07-10,US,Missouri,Grundy,21,1,0,40.11406587,-93.56509276,29079.0,213.1979695431472,4.761904761904762,20,20,1,0,19,20,9914,1,0,0,1,0
2020-07-10,US,Missouri,Harrison,28,0,0,40.35570088,-93.99222144,29081.0,335.2490421455939,0.0,28,28,0,0,28,21,8414,0,0,0,0,7
2020-07-10,US,Missouri,Henry,22,3,0,38.38482826,-93.79293734,29083.0,100.80645161290323,13.636363636363635,19,20,3,0,17,20,21792,2,0,0,2,0
2020-07-10,US,Missouri,Hickory,1,0,0,37.94163617,-93.3203037,29085.0,10.477787091366304,0.0,1,1,0,0,1,1,9509,0,0,0,0,0
2020-07-10,US,Missouri,Holt,1,0,0,40.09799248,-95.21638879999999,29087.0,22.71178741766977,0.0,1,1,0,0,1,1,4404,0,0,0,0,0
2020-07-10,US,Missouri,Howard,5,0,0,39.1435761,-92.69756691,29089.0,49.99500049995,0.0,5,5,0,0,5,5,10137,0,0,0,0,0
2020-07-10,US,Missouri,Howell,49,0,0,36.77383887,-91.88683935,29091.0,122.14273250741579,0.0,49,48,0,0,48,44,40076,1,0,0,1,4
2020-07-10,US,Missouri,Iron,3,0,0,37.55487945,-90.7735296,29093.0,29.62962962962963,0.0,3,3,0,0,3,3,10177,0,0,0,0,0
2020-07-10,US,Missouri,Jackson,1543,42,0,39.01002188,-94.34724536,29095.0,219.4844746383769,2.7219701879455607,1501,1490,42,0,1448,1438,700307,53,0,0,53,52
2020-07-10,US,Missouri,Jasper,969,10,0,37.20351921,-94.34050458,29097.0,798.661479625478,1.0319917440660475,959,940,9,0,931,881,120636,29,1,0,28,59
2020-07-10,US,Missouri,Jefferson,558,22,0,38.25926778,-90.53870896,29099.0,247.91075212923352,3.942652329749104,536,539,22,0,517,527,224347,19,0,0,19,12
2020-07-10,US,Missouri,Johnson,219,1,0,38.74719601,-93.80691168,29101.0,405.0904517035996,0.45662100456620996,218,208,1,0,207,199,53652,11,0,0,11,9
2020-07-10,US,Missouri,Kansas City,3040,32,0,39.0997,-94.5786,0.0,621.7493654679586,1.0526315789473684,3008,2957,31,0,2926,2870,491918,83,1,0,82,87
2020-07-10,US,Missouri,Knox,2,0,0,40.12699751,-92.14780832,29103.0,50.51780752715332,0.0,2,2,0,0,2,2,3947,0,0,0,0,0
2020-07-10,US,Missouri,Laclede,84,1,0,37.65896829,-92.5888493,29105.0,235.1426251994513,1.1904761904761905,83,76,0,0,76,70,35713,8,1,0,7,6
2020-07-10,US,Missouri,Lafayette,101,2,0,39.06986886,-93.78076396,29107.0,308.79295585177937,1.98019801980198,99,100,2,0,98,97,32598,1,0,0,1,3
2020-07-10,US,Missouri,Lawrence,54,1,0,37.10626634,-93.83293097,29109.0,140.78998826750097,1.851851851851852,53,53,1,0,52,52,38359,1,0,0,1,1
2020-07-10,US,Missouri,Lewis,8,1,0,40.09673161,-91.72070156,29111.0,81.83306055646482,12.5,7,8,1,0,7,8,9855,0,0,0,0,0
2020-07-10,US,Missouri,Lincoln,110,1,0,39.05345619,-90.95588181,29113.0,186.39960686628368,0.9090909090909092,109,110,1,0,109,106,57686,0,0,0,0,4
2020-07-10,US,Missouri,Linn,20,1,0,39.87001769,-93.10704106,29115.0,167.78523489932888,5.0,19,20,1,0,19,19,12037,0,0,0,0,1
2020-07-10,US,Missouri,Livingston,24,0,0,39.78110272,-93.54645978,29117.0,157.61476324949103,0.0,24,24,0,0,24,21,15146,0,0,0,0,3
2020-07-10,US,Missouri,Macon,20,0,0,39.83049768,-92.56453089,29121.0,132.30138254944762,0.0,20,17,0,0,17,15,15153,3,0,0,3,2
2020-07-10,US,Missouri,Madison,7,0,0,37.47865134,-90.34671429999999,29123.0,57.90866975512906,0.0,7,7,0,0,7,7,12188,0,0,0,0,0
2020-07-10,US,Missouri,Maries,6,0,0,38.16193985,-91.92249662,29125.0,68.98930665746809,0.0,6,6,0,0,6,6,8769,0,0,0,0,0
2020-07-10,US,Missouri,Marion,29,0,0,39.80601912,-91.62203062,29127.0,101.64738871363475,0.0,29,29,0,0,29,27,28592,0,0,0,0,2
2020-07-10,US,Missouri,McDonald,688,1,0,36.62869595,-94.34867205,29119.0,3012.654902132504,0.14534883720930233,687,678,1,0,677,670,23078,10,0,0,10,8
2020-07-10,US,Missouri,Mercer,6,0,0,40.42212303,-93.56829590000001,29129.0,165.8833287254631,0.0,6,6,0,0,6,6,3641,0,0,0,0,0
2020-07-10,US,Missouri,Miller,23,0,0,38.21450288,-92.42610898,29131.0,89.77711854483,0.0,23,22,0,0,22,22,25336,1,0,0,1,0
2020-07-10,US,Missouri,Mississippi,98,0,0,36.82516239,-89.29505753,29133.0,743.5508345978758,0.0,98,98,0,0,98,95,13336,0,0,0,0,3
2020-07-10,US,Missouri,Moniteau,65,1,0,38.63571781,-92.57976951,29135.0,402.92586164145797,1.5384615384615383,64,66,1,0,65,66,16121,-1,0,0,-1,0
2020-07-10,US,Missouri,Monroe,5,0,0,39.49593978,-92.00043978,29137.0,57.84359093012494,0.0,5,5,0,0,5,5,8664,0,0,0,0,0
2020-07-10,US,Missouri,Montgomery,23,0,0,38.94022054,-91.47000721,29139.0,199.11695957060002,0.0,23,23,0,0,23,21,11534,0,0,0,0,2
2020-07-10,US,Missouri,Morgan,27,0,0,38.4181765,-92.88791859,29141.0,130.89639792504968,0.0,27,26,0,0,26,26,20358,1,0,0,1,0
2020-07-10,US,Missouri,New Madrid,49,1,0,36.59666326,-89.66070007,29143.0,286.9524478800656,2.0408163265306123,48,47,1,0,46,46,17296,2,0,0,2,1
2020-07-10,US,Missouri,Newton,548,2,0,36.90519407,-94.3394104,29145.0,940.9986949653136,0.36496350364963503,546,540,2,0,538,518,58266,8,0,0,8,22
2020-07-10,US,Missouri,Nodaway,26,0,0,40.36079813,-94.88133008,29147.0,117.68966141589716,0.0,26,25,0,0,25,24,22304,1,0,0,1,1
2020-07-10,US,Missouri,Oregon,9,0,0,36.68710164,-91.4033755,29149.0,85.47820305822016,0.0,9,9,0,0,9,9,10541,0,0,0,0,0
2020-07-10,US,Missouri,Osage,12,0,0,38.46036182,-91.8613635,29151.0,88.13808299669482,0.0,12,11,0,0,11,11,13714,1,0,0,1,0
2020-07-10,US,Missouri,Ozark,2,0,0,36.64916339,-92.44459066,29153.0,21.80074122520166,0.0,2,2,0,0,2,2,9017,0,0,0,0,0
2020-07-10,US,Missouri,Pemiscot,116,6,0,36.2130572,-89.78742322,29155.0,733.9449541284404,5.172413793103448,110,115,6,0,109,115,16272,1,0,0,1,0
2020-07-10,US,Missouri,Perry,168,3,0,37.70660776,-89.82741088,29157.0,877.9264214046823,1.7857142857142858,165,168,1,0,167,164,19150,0,2,0,-2,4
2020-07-10,US,Missouri,Pettis,143,1,0,38.72798918,-93.28471706,29159.0,337.7500649519356,0.6993006993006993,142,142,1,0,141,139,42542,1,0,0,1,3
2020-07-10,US,Missouri,Phelps,53,0,0,37.87736118,-91.79351727,29161.0,118.90606420927469,0.0,53,53,0,0,53,51,44732,0,0,0,0,2
2020-07-10,US,Missouri,Pike,39,1,0,39.34310674,-91.16980779,29163.0,213.091465413616,2.5641025641025643,38,38,1,0,37,37,18504,1,0,0,1,1
2020-07-10,US,Missouri,Platte,151,6,0,39.38154439,-94.77068479,29165.0,144.6110823804325,3.9735099337748334,145,143,6,0,137,139,102985,8,0,0,8,4
2020-07-10,US,Missouri,Polk,19,0,0,37.616229600000004,-93.39828174,29167.0,59.09981647951725,0.0,19,19,0,0,19,17,32201,0,0,0,0,2
2020-07-10,US,Missouri,Pulaski,137,1,0,37.82462075,-92.20783203,29169.0,260.42161689509,0.7299270072992701,136,134,1,0,133,134,52014,3,0,0,3,0
2020-07-10,US,Missouri,Putnam,3,0,0,40.47942497,-93.02042674,29171.0,63.884156729131185,0.0,3,3,0,0,3,4,4757,0,0,0,0,-1
2020-07-10,US,Missouri,Ralls,10,0,0,39.52817427,-91.51838643,29173.0,97.00261907071491,0.0,10,10,0,0,10,10,10212,0,0,0,0,0
2020-07-10,US,Missouri,Randolph,17,0,0,39.44007257,-92.49713740000001,29175.0,68.69241958946178,0.0,17,14,0,0,14,14,24763,3,0,0,3,0
2020-07-10,US,Missouri,Ray,30,0,0,39.353746799999996,-93.98905745,29177.0,130.3327830393605,0.0,30,30,0,0,30,30,22883,0,0,0,0,0
2020-07-10,US,Missouri,Reynolds,5,0,0,37.36085952,-90.97009925,29179.0,79.74481658692186,0.0,5,5,0,0,5,2,6254,0,0,0,0,3
2020-07-10,US,Missouri,Ripley,20,0,0,36.65460667,-90.85990261,29181.0,150.51173991571343,0.0,20,20,0,0,20,20,13401,0,0,0,0,0
2020-07-10,US,Missouri,Saline,307,5,0,39.13734288,-93.20259964,29195.0,1348.7983831993322,1.6286644951140066,302,299,5,0,294,295,22895,8,0,0,8,4
2020-07-10,US,Missouri,Schuyler,5,0,0,40.46921489,-92.52311943,29197.0,107.2961373390558,0.0,5,5,0,0,5,5,4599,0,0,0,0,0
2020-07-10,US,Missouri,Scotland,11,1,0,40.45214695,-92.14709064,29199.0,224.3982048143615,9.090909090909092,10,11,1,0,10,11,4966,0,0,0,0,0
2020-07-10,US,Missouri,Scott,198,12,0,37.05588075,-89.56474493,29201.0,517.2413793103449,6.0606060606060606,186,192,11,0,181,191,38458,6,1,0,5,1
2020-07-10,US,Missouri,Shannon,24,0,0,37.15772072,-91.40190382,29203.0,293.9015429831007,0.0,24,23,0,0,23,23,8189,1,0,0,1,0
2020-07-10,US,Missouri,Shelby,5,0,0,39.79742518,-92.07634971,29205.0,84.31703204047217,0.0,5,4,0,0,4,4,6050,1,0,0,1,0
2020-07-10,US,Missouri,St. Charles,1265,75,0,38.77875681,-90.66662425,29183.0,314.6593967494316,5.928853754940713,1190,1230,75,0,1155,1197,399182,35,0,0,35,33
2020-07-10,US,Missouri,St. Clair,4,0,0,38.03699437,-93.77631447,29185.0,42.566776630839634,0.0,4,3,0,0,3,3,9395,1,0,0,1,0
2020-07-10,US,Missouri,St. Francois,163,2,0,37.81214171,-90.47598685,29187.0,242.5053931414119,1.2269938650306749,161,162,2,0,160,158,66692,1,0,0,1,4
2020-07-10,US,Missouri,St. Louis,7586,595,0,38.63770039999999,-90.4458375,29189.0,763.0217108141683,7.8433957289744285,6991,7469,593,0,6876,7284,996945,117,2,0,115,185
2020-07-10,US,Missouri,St. Louis City,2884,158,0,38.63555736,-90.24349225,29510.0,959.4911104013628,5.478502080443828,2726,2811,158,0,2653,2692,302838,73,0,0,73,119
2020-07-10,US,Missouri,Ste. Genevieve,23,1,0,37.89090059,-90.1949941,29186.0,128.53470437017995,4.3478260869565215,22,23,1,0,22,22,17888,0,0,0,0,1
2020-07-10,US,Missouri,Stoddard,153,9,0,36.85571651,-89.9444155,29207.0,527.1317829457364,5.882352941176472,144,150,9,0,141,148,29206,3,0,0,3,2
2020-07-10,US,Missouri,Stone,22,0,0,36.75000327,-93.45256475,29209.0,68.85327991987982,0.0,22,21,0,0,21,21,31749,1,0,0,1,0
2020-07-10,US,Missouri,Sullivan,117,0,0,40.2099105,-93.11150106,29211.0,1921.4977828871736,0.0,117,118,0,0,118,118,6221,-1,0,0,-1,0
2020-07-10,US,Missouri,Taney,122,2,0,36.65465345,-93.04075153,29213.0,218.13760549277646,1.639344262295082,120,119,2,0,117,112,55852,3,0,0,3,7
2020-07-10,US,Missouri,Texas,11,0,0,37.31728859,-91.96564727,29215.0,43.31049688951886,0.0,11,10,0,0,10,9,25571,1,0,0,1,1
2020-07-10,US,Missouri,Vernon,29,0,0,37.8457799,-94.34127305,29217.0,141.03000534941395,0.0,29,28,0,0,28,26,20528,1,0,0,1,2
2020-07-10,US,Missouri,Warren,54,0,0,38.76529479,-91.16124662,29219.0,151.47689977278466,0.0,54,54,0,0,54,53,34711,0,0,0,0,1
2020-07-10,US,Missouri,Washington,26,1,0,37.96130078,-90.87948158,29221.0,105.13546300040436,3.8461538461538463,25,26,1,0,25,26,24943,0,0,0,0,0
2020-07-10,US,Missouri,Wayne,5,0,0,37.11303869,-90.46001416,29223.0,38.84098500737978,0.0,5,5,0,0,5,5,13122,0,0,0,0,0
2020-07-10,US,Missouri,Webster,50,1,0,37.2813734,-92.876329,29225.0,126.28813901798344,2.0,49,47,1,0,46,46,39109,3,0,0,3,1
2020-07-10,US,Missouri,Worth,4,0,0,40.47945588,-94.42328751,29227.0,198.7083954297069,0.0,4,4,0,0,4,4,2040,0,0,0,0,0
2020-07-10,US,Missouri,Wright,36,0,0,37.27029221,-92.46914488,29229.0,196.83963037891635,0.0,36,31,0,0,31,30,18378,5,0,0,5,1
2020-07-10,US,Montana,Beaverhead,3,0,0,45.13434354,-112.8984694,30001.0,31.735956839098698,0.0,3,3,0,0,3,2,9404,0,0,0,0,1
2020-07-10,US,Montana,Big Horn,107,4,0,45.42335905,-107.492347,30003.0,803.3636158870786,3.7383177570093458,103,102,4,0,98,95,13338,5,0,0,5,7
2020-07-10,US,Montana,Broadwater,6,0,0,46.33277565,-111.4955813,30007.0,96.20009620009621,0.0,6,5,0,0,5,5,6085,1,0,0,1,0
2020-07-10,US,Montana,Carbon,31,0,0,45.22850116,-109.0274047,30009.0,289.04428904428903,0.0,31,30,0,0,30,30,10714,1,0,0,1,0
2020-07-10,US,Montana,Cascade,43,2,0,47.30797024,-111.3467922,30013.0,52.84762677285353,4.651162790697675,41,41,2,0,39,37,81643,2,0,0,2,4
2020-07-10,US,Montana,Custer,34,0,0,46.25319932,-105.57375259999998,30017.0,298.19329942115417,0.0,34,34,0,0,34,30,11586,0,0,0,0,4
2020-07-10,US,Montana,Dawson,8,0,0,47.26584855,-104.89444170000002,30021.0,92.88285150354116,0.0,8,8,0,0,8,8,8680,0,0,0,0,0
2020-07-10,US,Montana,Deer Lodge,4,0,0,46.05953325,-113.073353,30023.0,43.7636761487965,0.0,4,4,0,0,4,4,9131,0,0,0,0,0
2020-07-10,US,Montana,Fergus,2,0,0,47.26331584,-109.2245206,30027.0,18.099547511312217,0.0,2,2,0,0,2,2,11113,0,0,0,0,0
2020-07-10,US,Montana,Flathead,64,2,0,48.29575866,-114.0520569,30029.0,61.65346897096507,3.125,62,64,2,0,62,64,102106,0,0,0,0,0
2020-07-10,US,Montana,Gallatin,373,1,0,45.54486106,-111.1692571,30031.0,325.9520771798592,0.2680965147453083,372,334,1,0,333,327,111876,39,0,0,39,7
2020-07-10,US,Montana,Glacier,27,0,0,48.70513576,-112.9934235,30035.0,196.32080273394897,0.0,27,25,0,0,25,25,13747,2,0,0,2,0
2020-07-10,US,Montana,Golden Valley,3,0,0,46.3816474,-109.1768522,30037.0,365.4080389768576,0.0,3,3,0,0,3,3,826,0,0,0,0,0
2020-07-10,US,Montana,Granite,5,0,0,46.40605220000001,-113.4414186,30039.0,147.97277300976617,0.0,5,5,0,0,5,5,3378,0,0,0,0,0
2020-07-10,US,Montana,Hill,13,0,0,48.62879827,-110.1129252,30041.0,78.86435331230285,0.0,13,8,0,0,8,7,16347,5,0,0,5,1
2020-07-10,US,Montana,Jefferson,6,0,0,46.14907081,-112.094396,30043.0,49.09581867277637,0.0,6,5,0,0,5,5,12097,1,0,0,1,0
2020-07-10,US,Montana,Lake,40,0,0,47.64514965,-114.0898013,30047.0,131.32838663077024,0.0,40,38,0,0,38,24,30250,2,0,0,2,14
2020-07-10,US,Montana,Lewis and Clark,41,0,0,47.12610041,-112.394698,30049.0,59.05058186427008,0.0,41,40,0,0,40,39,68700,1,0,0,1,1
2020-07-10,US,Montana,Liberty,1,0,0,48.56084317,-111.024307,30051.0,42.78990158322636,0.0,1,1,0,0,1,1,2430,0,0,0,0,0
2020-07-10,US,Montana,Lincoln,12,1,0,48.54265777,-115.4046155,30053.0,60.06006006006006,8.333333333333334,11,11,1,0,10,9,19794,1,0,0,1,2
2020-07-10,US,Montana,Madison,25,1,0,45.30080065,-111.9173017,30057.0,290.6976744186046,4.0,24,22,1,0,21,21,8768,3,0,0,3,1
2020-07-10,US,Montana,Meagher,4,0,0,46.59907074,-110.8898557,30059.0,214.8227712137487,0.0,4,4,0,0,4,4,1866,0,0,0,0,0
2020-07-10,US,Montana,Missoula,123,1,0,47.03728583,-113.92135079999998,30063.0,102.84280936454849,0.8130081300813008,122,123,1,0,122,121,118791,0,0,0,0,2
2020-07-10,US,Montana,Musselshell,1,0,0,46.49684637,-108.39498,30065.0,21.58428663932657,0.0,1,1,0,0,1,1,4651,0,0,0,0,0
2020-07-10,US,Montana,Park,16,0,0,45.48965095,-110.52643940000002,30067.0,96.35071660845476,0.0,16,16,0,0,16,16,16736,0,0,0,0,0
2020-07-10,US,Montana,Pondera,2,0,0,48.22773388,-112.2252703,30073.0,33.83522246658772,0.0,2,2,0,0,2,2,5972,0,0,0,0,0
2020-07-10,US,Montana,Ravalli,38,0,0,46.08520862,-114.11891640000002,30081.0,86.74610783910879,0.0,38,38,0,0,38,36,43172,0,0,0,0,2
2020-07-10,US,Montana,Richland,28,0,0,47.78668011,-104.5610786,30083.0,259.1872627973711,0.0,28,22,0,0,22,22,10913,6,0,0,6,0
2020-07-10,US,Montana,Roosevelt,8,0,0,48.29607488,-105.0079268,30085.0,72.70083605961469,0.0,8,8,0,0,8,7,11059,0,0,0,0,1
2020-07-10,US,Montana,Rosebud,12,1,0,46.23397237,-106.72928799999998,30087.0,134.2732460557234,8.333333333333334,11,10,1,0,9,10,9063,2,0,0,2,0
2020-07-10,US,Montana,Sheridan,1,0,0,48.72085833,-104.503829,30091.0,30.22061045633122,0.0,1,1,0,0,1,1,3424,0,0,0,0,0
2020-07-10,US,Montana,Silver Bow,22,0,0,45.90018933,-112.6620092,30093.0,63.010167549763715,0.0,22,22,0,0,22,22,34993,0,0,0,0,0
2020-07-10,US,Montana,Stillwater,8,0,0,45.67071407,-109.3950061,30095.0,82.97033810412778,0.0,8,8,0,0,8,7,9534,0,0,0,0,1
2020-07-10,US,Montana,Teton,12,0,0,47.83741052,-112.2410688,30099.0,195.21717911176185,0.0,12,10,0,0,10,10,6162,2,0,0,2,0
2020-07-10,US,Montana,Toole,31,6,0,48.65577551,-111.6942414,30101.0,654.5608108108107,19.354838709677423,25,31,6,0,25,31,4853,0,0,0,0,0
2020-07-10,US,Montana,Treasure,2,0,0,46.20973220000001,-107.2666516,30103.0,287.3563218390805,0.0,2,2,0,0,2,2,679,0,0,0,0,0
2020-07-10,US,Montana,Valley,4,0,0,48.36435097,-106.6669635,30105.0,54.08328826392645,0.0,4,4,0,0,4,4,7437,0,0,0,0,0
2020-07-10,US,Montana,Wheatland,2,0,0,46.46652491,-109.8464636,30107.0,94.07337723424273,0.0,2,2,0,0,2,2,2236,0,0,0,0,0
2020-07-10,US,Montana,Yellowstone,431,9,0,45.93955949,-108.2691486,30111.0,267.20396776193434,2.0881670533642693,422,377,6,0,371,330,160137,54,3,0,51,47
2020-07-10,US,Nebraska,Adams,309,11,0,40.52449420000001,-98.50117804,31001.0,985.2373816280333,3.559870550161812,298,309,11,0,298,304,31511,0,0,0,0,5
2020-07-10,US,Nebraska,Antelope,11,1,0,42.17695516,-98.0666283,31003.0,174.65862178469357,9.090909090909092,10,11,1,0,10,9,6336,0,0,0,0,2
2020-07-10,US,Nebraska,Banner,2,0,0,41.54634427,-103.7114332,31007.0,268.4563758389262,0.0,2,2,0,0,2,2,730,0,0,0,0,0
2020-07-10,US,Nebraska,Boone,7,0,0,41.70759415,-98.06737183,31011.0,134.82280431432974,0.0,7,7,0,0,7,7,5239,0,0,0,0,0
2020-07-10,US,Nebraska,Box Butte,4,0,0,42.22079243,-103.0878834,31013.0,37.095427988500425,0.0,4,4,0,0,4,3,10772,0,0,0,0,1
2020-07-10,US,Nebraska,Boyd,1,0,0,42.8997274,-98.76486568,31015.0,52.110474205315285,0.0,1,1,0,0,1,1,1955,0,0,0,0,0
2020-07-10,US,Nebraska,Buffalo,205,1,0,40.85486962,-99.07500296,31019.0,412.8154010350592,0.4878048780487805,204,202,1,0,201,198,49615,3,0,0,3,4
2020-07-10,US,Nebraska,Burt,14,0,0,41.85056773,-96.32605633,31021.0,216.75181916705367,0.0,14,14,0,0,14,14,6488,0,0,0,0,0
2020-07-10,US,Nebraska,Butler,51,0,0,41.22703692,-97.13106306,31023.0,636.2275449101796,0.0,51,51,0,0,51,52,8058,0,0,0,0,-1
2020-07-10,US,Nebraska,Cass,80,1,0,40.90899107,-96.13971217,31025.0,304.7851264858275,1.25,79,80,1,0,79,76,26159,0,0,0,0,4
2020-07-10,US,Nebraska,Cedar,19,0,0,42.5988851,-97.25311951,31027.0,226.13663413472983,0.0,19,18,0,0,18,18,8446,1,0,0,1,0
2020-07-10,US,Nebraska,Chase,1,0,0,40.5237198,-101.6978026,31029.0,25.4841997961264,0.0,1,1,0,0,1,1,3977,0,0,0,0,0
2020-07-10,US,Nebraska,Cherry,2,0,0,42.54502621,-101.1244332,31031.0,35.15556336790297,0.0,2,2,0,0,2,2,5761,0,0,0,0,0
2020-07-10,US,Nebraska,Cheyenne,20,0,0,41.21999357,-102.9941693,31033.0,224.46689113355785,0.0,20,20,0,0,20,20,9310,0,0,0,0,0
2020-07-10,US,Nebraska,Clay,28,0,0,40.52439441,-98.05126296,31035.0,451.3944865387716,0.0,28,28,0,0,28,28,6214,0,0,0,0,0
2020-07-10,US,Nebraska,Colfax,676,4,0,41.57486951,-97.0868542,31037.0,6312.4474740872165,0.591715976331361,672,676,4,0,672,671,10881,0,0,0,0,5
2020-07-10,US,Nebraska,Cuming,38,0,0,41.91637624,-96.78730772,31039.0,429.5726882206648,0.0,38,38,0,0,38,38,8940,0,0,0,0,0
2020-07-10,US,Nebraska,Custer,40,4,0,41.39374521,-99.72805369,31041.0,371.16080541894775,10.0,36,40,4,0,36,40,10840,0,0,0,0,0
2020-07-10,US,Nebraska,Dakota,1783,36,0,42.39040144,-96.56656425,31043.0,8903.425546789174,2.0190689848569825,1747,1781,35,0,1746,1781,20083,2,1,0,1,0
2020-07-10,US,Nebraska,Dawes,4,0,0,42.71985036,-103.1313774,31045.0,46.57119571545,0.0,4,4,0,0,4,4,8716,0,0,0,0,0
2020-07-10,US,Nebraska,Dawson,870,8,0,40.87028216,-99.8201461,31047.0,3687.2218690400514,0.9195402298850576,862,869,8,0,861,867,23709,1,0,0,1,2
2020-07-10,US,Nebraska,Dixon,52,2,0,42.49188363,-96.86782408,31051.0,922.6401703335699,3.8461538461538463,50,52,2,0,50,52,5709,0,0,0,0,0
2020-07-10,US,Nebraska,Dodge,708,8,0,41.58071748,-96.65598179,31053.0,1936.2778613428147,1.1299435028248588,700,706,8,0,698,699,36791,2,0,0,2,7
2020-07-10,US,Nebraska,Douglas,7864,98,0,41.29518299,-96.15085305,31055.0,1376.4446630388552,1.2461851475076298,7766,7773,97,0,7676,7684,566880,91,1,0,90,89
2020-07-10,US,Nebraska,Fillmore,18,1,0,40.52458567,-97.59646937,31059.0,329.5496155254485,5.5555555555555545,17,18,1,0,17,17,5527,0,0,0,0,1
2020-07-10,US,Nebraska,Franklin,8,0,0,40.17636348,-98.95299073,31061.0,268.5464921114468,0.0,8,8,0,0,8,8,3023,0,0,0,0,0
2020-07-10,US,Nebraska,Frontier,1,0,0,40.52993007,-100.3924658,31063.0,38.06623524933384,0.0,1,1,0,0,1,1,2608,0,0,0,0,0
2020-07-10,US,Nebraska,Furnas,10,1,0,40.17642064,-99.91247454,31065.0,213.85799828913602,10.0,9,10,1,0,9,10,4715,0,0,0,0,0
2020-07-10,US,Nebraska,Gage,61,3,0,40.26186809,-96.68946704,31067.0,283.54948170873433,4.918032786885246,58,61,3,0,58,59,21493,0,0,0,0,2
2020-07-10,US,Nebraska,Garden,4,0,0,41.61703149,-102.3313973,31069.0,217.74632553075668,0.0,4,4,0,0,4,4,1897,0,0,0,0,0
2020-07-10,US,Nebraska,Garfield,2,0,0,41.91428955,-98.99111827,31071.0,101.57440325038091,0.0,2,1,0,0,1,1,1987,1,0,0,1,0
2020-07-10,US,Nebraska,Gosper,13,0,0,40.51481965,-99.83020279,31073.0,653.2663316582915,0.0,13,13,0,0,13,13,1996,0,0,0,0,0
2020-07-10,US,Nebraska,Greeley,5,0,0,41.56742671,-98.52150266,31077.0,212.22410865874363,0.0,5,5,0,0,5,5,2356,0,0,0,0,0
2020-07-10,US,Nebraska,Hall,1611,47,0,40.87257079,-98.50218293,31079.0,2625.788470001467,2.9174425822470518,1564,1608,47,0,1561,1611,61607,3,0,0,3,-3
2020-07-10,US,Nebraska,Hamilton,69,12,0,40.87349452,-98.02099117,31081.0,740.0257400257401,17.391304347826086,57,69,12,0,57,67,9280,0,0,0,0,2
2020-07-10,US,Nebraska,Harlan,1,0,0,40.17658508,-99.40438879,31083.0,29.58579881656805,0.0,1,1,0,0,1,1,3401,0,0,0,0,0
2020-07-10,US,Nebraska,Hitchcock,1,0,0,40.17609175,-101.0416477,31087.0,36.205648081100655,0.0,1,1,0,0,1,1,2806,0,0,0,0,0
2020-07-10,US,Nebraska,Holt,4,0,0,42.45522056,-98.78402558,31089.0,39.73378364954803,0.0,4,4,0,0,4,4,10178,0,0,0,0,0
2020-07-10,US,Nebraska,Hooker,2,0,0,41.91586243,-101.1354293,31091.0,293.2551319648094,0.0,2,2,0,0,2,2,682,0,0,0,0,0
2020-07-10,US,Nebraska,Howard,47,4,0,41.2200529,-98.5166499,31093.0,729.2474786656323,8.51063829787234,43,44,4,0,40,44,6468,3,0,0,3,0
2020-07-10,US,Nebraska,Jefferson,10,0,0,40.17584531,-97.142601,31095.0,141.92449616803862,0.0,10,10,0,0,10,10,7097,0,0,0,0,0
2020-07-10,US,Nebraska,Johnson,7,0,0,40.39257596,-96.26522753,31097.0,138.03983435219877,0.0,7,7,0,0,7,7,5134,0,0,0,0,0
2020-07-10,US,Nebraska,Kearney,18,0,0,40.50663314,-98.94877182,31099.0,277.1362586605081,0.0,18,18,0,0,18,17,6544,0,0,0,0,1
2020-07-10,US,Nebraska,Keith,4,0,0,41.19930341,-101.6620164,31101.0,49.78839930296241,0.0,4,4,0,0,4,4,8021,0,0,0,0,0
2020-07-10,US,Nebraska,Kimball,11,0,0,41.19774275,-103.7148131,31105.0,302.86343612334804,0.0,11,11,0,0,11,11,3618,0,0,0,0,0
2020-07-10,US,Nebraska,Knox,25,0,0,42.63758421,-97.89178836,31107.0,300.04800768122897,0.0,25,25,0,0,25,25,8419,0,0,0,0,0
2020-07-10,US,Nebraska,Lancaster,2019,13,0,40.78416049,-96.68777155,31109.0,632.736845404118,0.6438831104507182,2006,1990,13,0,1977,1963,317272,29,0,0,29,27
2020-07-10,US,Nebraska,Lincoln,66,2,0,41.04658298,-100.7475374,31111.0,189.0359168241966,3.0303030303030303,64,65,2,0,63,63,35185,1,0,0,1,2
2020-07-10,US,Nebraska,Madison,381,4,0,41.91676024,-97.6005481,31119.0,1085.5010114248269,1.0498687664041997,377,379,4,0,375,379,35392,2,0,0,2,0
2020-07-10,US,Nebraska,McPherson,3,0,0,41.56797682,-101.0599362,31117.0,607.2874493927128,0.0,3,,,,,,492,,,,,
2020-07-10,US,Nebraska,Merrick,39,0,0,41.16624273,-98.0374887,31121.0,502.9013539651838,0.0,39,39,0,0,39,39,7733,0,0,0,0,0
2020-07-10,US,Nebraska,Morrill,52,0,0,41.71711774,-103.0061405,31123.0,1120.2068074105991,0.0,52,52,0,0,52,51,4686,0,0,0,0,1
2020-07-10,US,Nebraska,Nance,5,0,0,41.39750195,-97.99327291,31125.0,142.08581983518044,0.0,5,4,0,0,4,4,3532,1,0,0,1,0
2020-07-10,US,Nebraska,Nemaha,5,0,0,40.38514847,-95.85433992,31127.0,71.7154331612163,0.0,5,5,0,0,5,5,6958,0,0,0,0,0
2020-07-10,US,Nebraska,Nuckolls,1,0,0,40.17637905,-98.04743961,31129.0,24.108003857280607,0.0,1,1,0,0,1,1,4195,0,0,0,0,0
2020-07-10,US,Nebraska,Otoe,27,0,0,40.64843556,-96.13374142,31131.0,168.62353235073695,0.0,27,27,0,0,27,25,15985,0,0,0,0,2
2020-07-10,US,Nebraska,Phelps,27,0,0,40.51156033,-99.41461667,31137.0,298.87093203453617,0.0,27,27,0,0,27,27,8996,0,0,0,0,0
2020-07-10,US,Nebraska,Pierce,11,0,0,42.26434853,-97.60122773,31139.0,153.8891997761612,0.0,11,10,0,0,10,10,7142,1,0,0,1,0
2020-07-10,US,Nebraska,Platte,684,3,0,41.57246836,-97.52144359,31141.0,2043.6211532715865,0.43859649122807015,681,684,3,0,681,681,33363,0,0,0,0,3
2020-07-10,US,Nebraska,Polk,13,0,0,41.18813488,-97.56630712,31143.0,249.37655860349128,0.0,13,13,0,0,13,13,5278,0,0,0,0,0
2020-07-10,US,Nebraska,Red Willow,8,0,0,40.17556879999999,-100.476998,31145.0,74.59903021260723,0.0,8,8,0,0,8,8,10726,0,0,0,0,0
2020-07-10,US,Nebraska,Richardson,6,1,0,40.1247415,-95.71755036,31147.0,76.28734901462174,16.666666666666668,5,6,1,0,5,5,7937,0,0,0,0,1
2020-07-10,US,Nebraska,Rock,2,0,0,42.42252217,-99.44832069,31149.0,147.38393515106853,0.0,2,2,0,0,2,2,1360,0,0,0,0,0
2020-07-10,US,Nebraska,Saline,545,2,0,40.52418865,-97.14085859,31151.0,3831.552305961755,0.3669724770642202,543,545,2,0,543,544,14350,0,0,0,0,1
2020-07-10,US,Nebraska,Sarpy,1311,8,0,41.11314181,-96.11156432,31153.0,700.3354772537875,0.6102212051868803,1303,1299,8,0,1291,1272,184459,12,0,0,12,27
2020-07-10,US,Nebraska,Saunders,86,2,0,41.2278103,-96.63773905,31155.0,398.55408286217437,2.3255813953488373,84,85,2,0,83,83,21303,1,0,0,1,2
2020-07-10,US,Nebraska,Scotts Bluff,235,5,0,41.85070896,-103.7080986,31157.0,659.7787635465214,2.127659574468085,230,233,5,0,228,231,35989,2,0,0,2,2
2020-07-10,US,Nebraska,Seward,47,1,0,40.87241834,-97.139673,31159.0,271.92779449201566,2.127659574468085,46,46,1,0,45,46,17318,1,0,0,1,0
2020-07-10,US,Nebraska,Sheridan,8,0,0,42.50284406,-102.4126613,31161.0,152.49714067861228,0.0,8,8,0,0,8,8,5190,0,0,0,0,0
2020-07-10,US,Nebraska,Sherman,5,0,0,41.22045983,-98.97588642,31163.0,166.61112962345885,0.0,5,5,0,0,5,5,3038,0,0,0,0,0
2020-07-10,US,Nebraska,Sioux,6,0,0,42.48932059,-103.7576544,31165.0,514.5797598627787,0.0,6,6,0,0,6,6,1187,0,0,0,0,0
2020-07-10,US,Nebraska,Stanton,21,0,0,41.9169835,-97.19394708,31167.0,354.72972972972974,0.0,21,21,0,0,21,21,5970,0,0,0,0,0
2020-07-10,US,Nebraska,Thayer,7,0,0,40.17626377,-97.59504381,31169.0,139.9160503697781,0.0,7,7,0,0,7,4,5039,0,0,0,0,3
2020-07-10,US,Nebraska,Thomas,1,0,0,41.91358968,-100.5556632,31171.0,138.50415512465375,0.0,1,1,0,0,1,1,720,0,0,0,0,0
2020-07-10,US,Nebraska,Thurston,169,1,0,42.15725356,-96.54157099,31173.0,2339.424141749724,0.591715976331361,168,167,2,0,165,167,7303,2,-1,0,3,0
2020-07-10,US,Nebraska,Unassigned,116,1,0,0.0,0.0,90031.0,0.0,0.8620689655172413,115,123,0,0,123,123,,-7,1,0,-8,0
2020-07-10,US,Nebraska,Valley,8,0,0,41.56730777,-98.98197724,31175.0,192.40019240019242,0.0,8,8,0,0,8,8,4190,0,0,0,0,0
2020-07-10,US,Nebraska,Washington,56,1,0,41.52815707,-96.22019892,31177.0,270.1529258526702,1.7857142857142858,55,55,1,0,54,53,20667,1,0,0,1,2
2020-07-10,US,Nebraska,Wayne,30,0,0,42.20934475,-97.11926964,31179.0,319.6590303676079,0.0,30,31,0,0,31,28,9403,-1,0,0,-1,3
2020-07-10,US,Nebraska,Webster,7,0,0,40.17642643,-98.50019851,31181.0,200.7456266131345,0.0,7,7,0,0,7,7,3533,0,0,0,0,0
2020-07-10,US,Nebraska,York,49,0,0,40.87272618,-97.59710186,31185.0,358.2133196871116,0.0,49,50,0,0,50,49,13772,-1,0,0,-1,1
2020-07-10,US,Nevada,Carson City,200,6,0,39.15509045,-119.7480219,32510.0,357.6793762071679,3.0,194,194,6,0,188,185,55414,6,0,0,6,9
2020-07-10,US,Nevada,Churchill,26,1,0,39.58105744,-118.3394607,32001.0,104.3799429924927,3.8461538461538463,25,26,1,0,25,20,24440,0,0,0,0,6
2020-07-10,US,Nevada,Clark,21449,473,0,36.21458855,-115.0130241,32003.0,946.2592341780947,2.2052310131008444,20976,20622,468,0,20154,20126,2231647,827,5,0,822,496
2020-07-10,US,Nevada,Douglas,82,0,0,38.912862,-119.6171333,32005.0,167.67201717615782,0.0,82,80,0,0,80,79,48467,2,0,0,2,1
2020-07-10,US,Nevada,Elko,213,1,0,41.14531606,-115.3577619,32007.0,403.57724809579753,0.4694835680751174,212,184,1,0,183,162,52460,29,0,0,29,22
2020-07-10,US,Nevada,Eureka,1,0,0,39.98100864,-116.2683204,32011.0,49.28536224741252,0.0,1,1,0,0,1,1,2003,0,0,0,0,0
2020-07-10,US,Nevada,Humboldt,90,4,0,41.40692186,-118.1109427,32013.0,534.7275860020201,4.4444444444444455,86,89,4,0,85,86,16786,1,0,0,1,3
2020-07-10,US,Nevada,Lander,40,0,0,39.9332233,-117.0397075,32015.0,723.0657989877078,0.0,40,38,0,0,38,38,5575,2,0,0,2,0
2020-07-10,US,Nevada,Lincoln,2,0,0,37.64268459,-114.8790388,32017.0,38.58769052672198,0.0,2,2,0,0,2,2,5201,0,0,0,0,0
2020-07-10,US,Nevada,Lyon,140,2,0,39.01777974,-119.1870479,32019.0,243.4359241870979,1.4285714285714286,138,136,2,0,134,135,55808,4,0,0,4,1
2020-07-10,US,Nevada,Mineral,6,0,0,38.53841696,-118.4344506,32021.0,133.18534961154273,0.0,6,5,0,0,5,5,4514,1,0,0,1,0
2020-07-10,US,Nevada,Nye,182,3,0,38.04264256,-116.4722702,32023.0,391.2043505362939,1.6483516483516485,179,181,3,0,178,150,45346,1,0,0,1,31
2020-07-10,US,Nevada,Pershing,10,0,0,40.44003782,-118.40056409999998,32027.0,148.69888475836433,0.0,10,10,0,0,10,9,6666,0,0,0,0,1
2020-07-10,US,Nevada,Storey,2,0,0,39.44875482,-119.5250207,32029.0,48.508367693427104,0.0,2,2,0,0,2,2,4029,0,0,0,0,0
2020-07-10,US,Nevada,Washoe,3459,89,0,40.66562265,-119.6631594,32031.0,733.5865574876093,2.5729979762937267,3370,3328,86,0,3242,3295,465735,131,3,0,128,33
2020-07-10,US,Nevada,White Pine,6,0,0,39.44157041,-114.899966,32033.0,62.63048016701461,0.0,6,6,0,0,6,6,9475,0,0,0,0,0
2020-07-10,US,New Hampshire,Belknap,88,3,0,43.51637314,-71.41684235,33001.0,143.54925533823794,3.4090909090909087,85,87,2,0,85,87,61022,1,1,0,0,0
2020-07-10,US,New Hampshire,Carroll,66,0,0,43.87498583,-71.20430216,33003.0,134.94172970762622,0.0,66,65,0,0,65,64,48779,1,0,0,1,1
2020-07-10,US,New Hampshire,Cheshire,75,2,0,42.92015988,-72.25311043,33005.0,98.57396333048565,2.6666666666666665,73,75,2,0,73,74,76493,0,0,0,0,1
2020-07-10,US,New Hampshire,Coos,9,0,0,44.69063265,-71.30633239,33007.0,28.5143997718848,0.0,9,9,0,0,9,9,31589,0,0,0,0,0
2020-07-10,US,New Hampshire,Grafton,90,1,0,43.93779815,-71.82057197,33009.0,100.12682731459849,1.1111111111111112,89,90,1,0,89,90,89786,0,0,0,0,0
2020-07-10,US,New Hampshire,Hillsborough,3391,259,0,42.91537785,-71.7200253,33011.0,813.1406989988609,7.637864936596874,3132,3387,257,0,3130,3370,415247,4,2,0,2,17
2020-07-10,US,New Hampshire,Merrimack,423,19,0,43.29662971,-71.6811573,33013.0,279.4089476917386,4.491725768321513,404,422,19,0,403,421,151132,1,0,0,1,1
2020-07-10,US,New Hampshire,Rockingham,1514,92,0,42.98499744,-71.12883377,33015.0,488.7512953200611,6.07661822985469,1422,1505,92,0,1413,1505,309176,9,0,0,9,0
2020-07-10,US,New Hampshire,Strafford,298,13,0,43.291833,-71.02336013,33017.0,228.12000030620132,4.362416107382551,285,297,13,0,284,296,130090,1,0,0,1,1
2020-07-10,US,New Hampshire,Sullivan,35,1,0,43.36094111,-72.22203125,33019.0,81.11991841653919,2.8571428571428568,34,35,1,0,34,35,43144,0,0,0,0,0
2020-07-10,US,New Hampshire,Unassigned,2,0,0,0.0,0.0,90033.0,0.0,0.0,2,1,0,0,1,1,,1,0,0,1,0
2020-07-10,US,New Jersey,Atlantic,2987,229,0,39.47538693,-74.65848483,34001.0,1132.8554632684795,7.666555071978574,2758,2976,226,0,2750,2962,265429,11,3,0,8,14
2020-07-10,US,New Jersey,Bergen,19827,2023,0,40.96010917,-74.07164325,34003.0,2126.899534650215,10.20325818328542,17804,19771,2020,0,17751,19732,936692,56,3,0,53,39
2020-07-10,US,New Jersey,Burlington,5332,447,0,39.87681124,-74.66927768,34005.0,1197.2632699298752,8.383345836459116,4885,5316,446,0,4870,5306,445384,16,1,0,15,10
2020-07-10,US,New Jersey,Camden,7631,541,0,39.80343818,-74.96388753,34007.0,1506.7002849126604,7.089503341632812,7090,7600,540,0,7060,7573,507078,31,1,0,30,27
2020-07-10,US,New Jersey,Cape May,726,76,0,39.15008829,-74.80170244,34009.0,788.7960538467389,10.46831955922865,650,723,76,0,647,718,92560,3,0,0,3,5
2020-07-10,US,New Jersey,Cumberland,3043,149,0,39.37199394,-75.10712559,34011.0,2035.0839647689047,4.896483733158068,2894,3032,149,0,2883,3030,150972,11,0,0,11,2
2020-07-10,US,New Jersey,Essex,18954,2061,0,40.78681335,-74.24657979,34013.0,2372.2894959166433,10.87369420702754,16893,18928,2060,0,16868,18920,799767,26,1,0,25,8
2020-07-10,US,New Jersey,Gloucester,2712,193,0,39.71581067,-75.13995546,34015.0,929.9263465415793,7.116519174041297,2519,2697,193,0,2504,2691,291408,15,0,0,15,6
2020-07-10,US,New Jersey,Hudson,19056,1481,0,40.73766234,-74.07515667,34017.0,2834.065298316009,7.771830394626363,17575,19037,1477,0,17560,19024,676061,19,4,0,15,13
2020-07-10,US,New Jersey,Hunterdon,1096,125,0,40.56335249,-74.91284156,34019.0,881.2343713566668,11.405109489051096,971,1094,125,0,969,1091,124714,2,0,0,2,3
2020-07-10,US,New Jersey,Mercer,7773,597,0,40.28047017,-74.70479631,34021.0,2115.5049941485454,7.6804322655345425,7176,7765,596,0,7169,7751,369811,8,1,0,7,14
2020-07-10,US,New Jersey,Middlesex,17005,1366,0,40.43629879,-74.41426991,34023.0,2061.0572296385,8.032931490738019,15639,16952,1361,0,15591,16956,829685,53,5,0,48,-4
2020-07-10,US,New Jersey,Monmouth,9404,832,0,40.26549699,-74.22240686,34025.0,1519.727858175971,8.847299021692896,8572,9371,831,0,8540,9362,621354,33,1,0,32,9
2020-07-10,US,New Jersey,Morris,6875,818,0,40.86095313,-74.54553709999998,34027.0,1397.798086795637,11.898181818181818,6057,6864,817,0,6047,6854,494228,11,1,0,10,10
2020-07-10,US,New Jersey,Ocean,9781,995,0,39.8895449,-74.28089251,34029.0,1610.8737684992734,10.172783968919331,8786,9773,992,0,8781,9753,601651,8,3,0,5,20
2020-07-10,US,New Jersey,Passaic,17030,1218,0,41.03238628,-74.29954144,34031.0,3393.606548883477,7.152084556664708,15812,17000,1216,0,15784,16978,503310,30,2,0,28,22
2020-07-10,US,New Jersey,Salem,812,77,0,39.58719656,-75.34696629999998,34033.0,1301.5949346798109,9.482758620689657,735,811,77,0,734,808,62607,1,0,0,1,3
2020-07-10,US,New Jersey,Somerset,4974,549,0,40.56465737,-74.61683016,34035.0,1512.1574540789338,11.03739445114596,4425,4952,544,0,4408,4950,331164,22,5,0,17,2
2020-07-10,US,New Jersey,Sussex,1221,194,0,41.13891592,-74.69118243,34037.0,869.1133762314219,15.888615888615886,1027,1220,194,0,1026,1219,140799,1,0,0,1,1
2020-07-10,US,New Jersey,Unassigned,667,0,0,0.0,0.0,90034.0,0.0,0.0,667,665,0,0,665,656,,2,0,0,2,9
2020-07-10,US,New Jersey,Union,16460,1341,0,40.65835409,-74.30680092,34039.0,2958.6171071339336,8.147023086269744,15119,16462,1341,0,15121,16443,558067,-2,0,0,-2,19
2020-07-10,US,New Jersey,Warren,1262,167,0,40.85951833,-74.99556527,34041.0,1198.8562417471762,13.23296354992076,1095,1261,167,0,1094,1262,105779,1,0,0,1,-1
2020-07-10,US,New Mexico,Bernalillo,2886,95,0,35.05163625,-106.6703554,35001.0,424.96108940822035,3.291753291753292,2791,2816,94,0,2722,2717,678701,70,1,0,69,99
2020-07-10,US,New Mexico,Catron,2,1,0,33.91514144,-108.4046587,35003.0,56.70541536716757,50.0,1,2,1,0,1,2,3578,0,0,0,0,0
2020-07-10,US,New Mexico,Chaves,158,2,0,33.36406072,-104.4665365,35005.0,244.52526503133944,1.2658227848101269,156,151,2,0,149,147,64689,7,0,0,7,4
2020-07-10,US,New Mexico,Cibola,245,14,0,34.91131525,-107.998876,35006.0,918.4629803186504,5.7142857142857135,231,244,14,0,230,243,26746,1,0,0,1,1
2020-07-10,US,New Mexico,Colfax,9,1,0,36.60569702,-104.64726740000002,35007.0,75.37057197889624,11.111111111111109,8,9,1,0,8,9,12110,0,0,0,0,0
2020-07-10,US,New Mexico,Curry,235,1,0,34.57421077,-103.3468876,35009.0,480.0424888670997,0.425531914893617,234,227,1,0,226,207,49437,8,0,0,8,20
2020-07-10,US,New Mexico,Dona Ana,1350,11,0,32.35275771,-106.83293870000001,35013.0,618.7126194459083,0.8148148148148148,1339,1306,11,0,1295,1285,217522,44,0,0,44,21
2020-07-10,US,New Mexico,Eddy,125,1,0,32.47167456,-104.3053527,35015.0,213.8214163530619,0.8,124,122,1,0,121,116,57900,3,0,0,3,6
2020-07-10,US,New Mexico,Grant,30,0,0,32.73911281,-108.3827845,35017.0,111.11934217349432,0.0,30,29,0,0,29,27,27346,1,0,0,1,2
2020-07-10,US,New Mexico,Guadalupe,20,0,0,34.86319296,-104.790669,35019.0,465.11627906976736,0.0,20,20,0,0,20,20,4341,0,0,0,0,0
2020-07-10,US,New Mexico,Harding,1,0,0,35.85751555,-103.8220938,35021.0,160.0,0.0,1,1,0,0,1,1,655,0,0,0,0,0
2020-07-10,US,New Mexico,Hidalgo,72,0,0,31.91383467,-108.7151824,35023.0,1715.102429728442,0.0,72,64,0,0,64,62,4240,8,0,0,8,2
2020-07-10,US,New Mexico,Lea,262,0,0,32.79215361,-103.4123733,35025.0,368.65062614323904,0.0,262,230,0,0,230,223,69611,32,0,0,32,7
2020-07-10,US,New Mexico,Lincoln,19,0,0,33.74526079,-105.4586166,35027.0,97.07745759247904,0.0,19,18,0,0,18,16,19556,1,0,0,1,2
2020-07-10,US,New Mexico,Los Alamos,11,0,0,35.86631386,-106.3134985,35028.0,56.79178068046879,0.0,11,11,0,0,11,11,19101,0,0,0,0,0
2020-07-10,US,New Mexico,Luna,115,3,0,32.18179341,-107.75088259999998,35029.0,485.04787211607413,2.608695652173913,112,113,3,0,110,113,23963,2,0,0,2,0
2020-07-10,US,New Mexico,McKinley,3600,188,0,35.58007720000001,-108.262245,35031.0,5044.348228172685,5.222222222222221,3412,3567,186,0,3381,3548,72290,33,2,0,31,19
2020-07-10,US,New Mexico,Mora,1,0,0,36.01095101,-104.9497716,35033.0,22.119000221190003,0.0,1,,,,,,4506,,,,,
2020-07-10,US,New Mexico,Otero,72,8,0,32.61348406,-105.7417604,35035.0,106.68247147725587,11.111111111111109,64,67,7,0,60,65,66781,5,1,0,4,2
2020-07-10,US,New Mexico,Quay,12,1,0,35.10403332,-103.5481727,35037.0,145.40167211922937,8.333333333333334,11,12,1,0,11,9,8253,0,0,0,0,3
2020-07-10,US,New Mexico,Rio Arriba,136,1,0,36.51072137,-106.6931674,35039.0,349.4257598725624,0.7352941176470589,135,128,1,0,127,124,39006,8,0,0,8,4
2020-07-10,US,New Mexico,Roosevelt,78,1,0,34.02097406,-103.4799493,35041.0,421.6216216216216,1.2820512820512822,77,76,1,0,75,74,18743,2,0,0,2,2
2020-07-10,US,New Mexico,San Juan,2659,169,0,36.50838318,-108.320437,35045.0,2145.0813985382147,6.355772846934937,2490,2628,167,0,2461,2612,125043,31,2,0,29,16
2020-07-10,US,New Mexico,San Miguel,25,0,0,35.48014807,-104.8163562,35047.0,91.65230780511057,0.0,25,23,0,0,23,23,27591,2,0,0,2,0
2020-07-10,US,New Mexico,Sandoval,813,30,0,35.68862401,-106.8687803,35043.0,554.0109575598987,3.690036900369004,783,802,30,0,772,793,145179,11,0,0,11,9
2020-07-10,US,New Mexico,Santa Fe,322,3,0,35.50708973,-105.9774716,35049.0,214.1555487569667,0.9316770186335404,319,302,3,0,299,293,150056,20,0,0,20,9
2020-07-10,US,New Mexico,Sierra,14,0,0,33.13028233,-107.1925893,35051.0,129.7377444166435,0.0,14,14,0,0,14,14,10968,0,0,0,0,0
2020-07-10,US,New Mexico,Socorro,62,5,0,34.00715494,-106.9298354,35053.0,372.6633407465288,8.064516129032258,57,61,5,0,56,61,16735,1,0,0,1,0
2020-07-10,US,New Mexico,Taos,51,1,0,36.58006022,-105.6310198,35055.0,155.85368089722823,1.96078431372549,50,51,1,0,50,51,32835,0,0,0,0,0
2020-07-10,US,New Mexico,Torrance,47,1,0,34.64048375,-105.8508949,35057.0,303.9906862428045,2.127659574468085,46,47,1,0,46,47,15591,0,0,0,0,0
2020-07-10,US,New Mexico,Unassigned,934,0,0,0.0,0.0,90035.0,0.0,0.0,934,934,0,0,934,933,,0,0,0,0,1
2020-07-10,US,New Mexico,Union,8,0,0,36.48126404,-103.4709624,35059.0,197.09288001970933,0.0,8,8,0,0,8,8,4118,0,0,0,0,0
2020-07-10,US,New Mexico,Valencia,175,2,0,34.71669834,-106.8103733,35061.0,228.19737116628414,1.1428571428571428,173,168,2,0,166,163,76456,7,0,0,7,5
2020-07-10,US,New York,Albany,2190,121,0,42.60060306,-73.97723916,36001.0,716.8435317145979,5.525114155251142,2069,2183,121,0,2062,2175,307117,7,0,0,7,8
2020-07-10,US,New York,Allegany,64,1,0,42.25748406,-78.02750466,36003.0,138.85574190188973,1.5625,63,64,1,0,63,64,46430,0,0,0,0,0
2020-07-10,US,New York,Broome,784,60,0,42.15903158,-75.81326086,36007.0,411.5744823820923,7.653061224489796,724,770,60,0,710,766,191659,14,0,0,14,4
2020-07-10,US,New York,Cattaraugus,134,6,0,42.24778241,-78.67923096,36009.0,176.04477317813362,4.477611940298506,128,131,6,0,125,130,76840,3,0,0,3,1
2020-07-10,US,New York,Cayuga,124,2,0,42.91261714,-76.55731592,36011.0,161.93063100710404,1.6129032258064515,122,124,2,0,122,122,77145,0,0,0,0,2
2020-07-10,US,New York,Chautauqua,155,7,0,42.22769210000001,-79.36691763,36013.0,122.14053253272185,4.516129032258065,148,152,7,0,145,149,127939,3,0,0,3,3
2020-07-10,US,New York,Chemung,148,2,0,42.13891056,-76.7638805,36015.0,177.33895705521473,1.351351351351351,146,148,2,0,146,147,84254,0,0,0,0,1
2020-07-10,US,New York,Chenango,166,6,0,42.49430041,-75.60887553,36017.0,351.6427648441968,3.614457831325301,160,163,5,0,158,159,47536,3,1,0,2,4
2020-07-10,US,New York,Clinton,107,4,0,44.74530905,-73.67875352,36019.0,132.94402683729888,3.7383177570093458,103,107,4,0,103,106,80695,0,0,0,0,1
2020-07-10,US,New York,Columbia,482,37,0,42.24819348,-73.63089095,36021.0,810.6153613292746,7.6763485477178435,445,482,37,0,445,482,59916,0,0,0,0,0
2020-07-10,US,New York,Cortland,56,0,0,42.59509207,-76.07048931,36023.0,117.69403753599128,0.0,56,55,0,0,55,54,47823,1,0,0,1,1
2020-07-10,US,New York,Delaware,91,4,0,42.19837623,-74.96709306,36025.0,206.18556701030928,4.395604395604397,87,91,4,0,87,91,44527,0,0,0,0,0
2020-07-10,US,New York,Dutchess,4262,152,0,41.76486060000001,-73.74356679,36027.0,1448.5857425446438,3.5664007508212108,4110,4255,152,0,4103,4250,293718,7,0,0,7,5
2020-07-10,US,New York,Erie,7660,644,0,42.76249024,-78.73063652,36029.0,833.7850576138942,8.407310704960835,7016,7624,639,0,6985,7596,919719,36,5,0,31,28
2020-07-10,US,New York,Essex,51,0,0,44.11630765,-73.77297842,36031.0,138.2675884505897,0.0,51,51,0,0,51,49,37300,0,0,0,0,2
2020-07-10,US,New York,Franklin,35,0,0,44.59040891,-74.29926032,36033.0,69.96921354603974,0.0,35,34,0,0,34,33,50293,1,0,0,1,1
2020-07-10,US,New York,Fulton,264,24,0,43.11363907,-74.41798804,36035.0,494.53946012775594,9.090909090909092,240,263,24,0,239,262,53591,1,0,0,1,1
2020-07-10,US,New York,Genesee,246,5,0,43.0022601,-78.19135193,36037.0,429.4692737430168,2.0325203252032518,241,244,5,0,239,244,57511,2,0,0,2,0
2020-07-10,US,New York,Greene,264,18,0,42.275797,-74.12384884,36039.0,559.4642705772654,6.8181818181818175,246,263,18,0,245,263,47491,1,0,0,1,0
2020-07-10,US,New York,Hamilton,6,0,0,43.66146647,-74.49721957,36041.0,135.8695652173913,0.0,6,6,0,0,6,6,4434,0,0,0,0,0
2020-07-10,US,New York,Herkimer,184,4,0,43.42034246,-74.96145307,36043.0,300.07012508357934,2.1739130434782608,180,182,4,0,178,181,61833,2,0,0,2,1
2020-07-10,US,New York,Jefferson,95,0,0,44.04200959,-75.94653457,36045.0,86.4941639200976,0.0,95,95,0,0,95,94,111755,0,0,0,0,1
2020-07-10,US,New York,Lewis,31,0,0,43.7844157,-75.44903992,36049.0,117.88865226650441,0.0,31,31,0,0,31,31,26447,0,0,0,0,0
2020-07-10,US,New York,Livingston,144,8,0,42.72596275,-77.77966158,36051.0,228.88387322376582,5.5555555555555545,136,140,8,0,132,137,63227,4,0,0,4,3
2020-07-10,US,New York,Madison,371,17,0,42.91653905,-75.67266639,36053.0,522.9697917988186,4.5822102425876015,354,368,17,0,351,368,70795,3,0,0,3,0
2020-07-10,US,New York,Monroe,4120,277,0,43.14638895,-77.69322942,36055.0,555.4282324709816,6.723300970873788,3843,4074,273,0,3801,4046,742474,46,4,0,42,28
2020-07-10,US,New York,Montgomery,128,4,0,42.90123494,-74.44011632,36057.0,260.0516039901668,3.125,124,125,4,0,121,121,49455,3,0,0,3,4
2020-07-10,US,New York,Nassau,42232,2190,0,40.74066522,-73.58941873,36059.0,3112.3334836733666,5.185641219928017,40042,42164,2188,0,39976,42122,1358343,68,2,0,66,42
2020-07-10,US,New York,New York City,218403,23267,0,40.76727260000001,-73.97152637,36061.0,2619.7408435377674,10.653241942647307,195136,218052,23247,0,194805,217777,1628701,351,20,0,331,275
2020-07-10,US,New York,Niagara,1327,94,0,43.19898042,-78.74777412,36063.0,634.0757163813246,7.083647324792767,1233,1315,90,0,1225,1307,210433,12,4,0,8,8
2020-07-10,US,New York,Oneida,1806,104,0,43.24375382,-75.43710392,36065.0,789.7809516729276,5.758582502768549,1702,1791,98,0,1693,1776,229577,15,6,0,9,15
2020-07-10,US,New York,Onondaga,3078,190,0,43.00491923,-76.19971155,36067.0,668.3632699857554,6.172839506172839,2888,3050,188,0,2862,3029,461809,28,2,0,26,21
2020-07-10,US,New York,Ontario,293,33,0,42.85145728,-77.30874425,36069.0,266.9047250334769,11.262798634812286,260,290,33,0,257,286,109864,3,0,0,3,4
2020-07-10,US,New York,Orange,10820,484,0,41.40337468,-74.30240757,36071.0,2810.827661453733,4.473197781885396,10336,10810,484,0,10326,10806,381951,10,0,0,10,4
2020-07-10,US,New York,Orleans,287,54,0,43.2516977,-78.2320066,36073.0,711.2410785091197,18.81533101045296,233,286,54,0,232,286,40612,1,0,0,1,0
2020-07-10,US,New York,Oswego,216,3,0,43.42778894,-76.14635194,36075.0,184.4199310132851,1.3888888888888888,213,211,3,0,208,210,117898,5,0,0,5,1
2020-07-10,US,New York,Otsego,88,5,0,42.63492579,-75.03151402,36077.0,147.9165616122905,5.6818181818181825,83,86,5,0,81,86,59749,2,0,0,2,0
2020-07-10,US,New York,Putnam,1355,63,0,41.42630093,-73.74965532,36079.0,1378.1529698942236,4.649446494464946,1292,1348,63,0,1285,1344,98892,7,0,0,7,4
2020-07-10,US,New York,Rensselaer,588,30,0,42.71348136,-73.51089874,36083.0,370.4777146313495,5.1020408163265305,558,586,30,0,556,580,159442,2,0,0,2,6
2020-07-10,US,New York,Rockland,13691,670,0,41.15027894,-74.02560498,36087.0,4202.4132183714,4.8937258052735375,13021,13683,668,0,13015,13679,325695,8,2,0,6,4
2020-07-10,US,New York,Saratoga,587,17,0,43.10904162,-73.86653895,36091.0,255.36950270378443,2.8960817717206133,570,585,17,0,568,582,230163,2,0,0,2,3
2020-07-10,US,New York,Schenectady,852,37,0,42.81668777,-74.05278291,36093.0,548.6191153838723,4.342723004694836,815,848,37,0,811,844,155350,4,0,0,4,4
2020-07-10,US,New York,Schoharie,62,0,0,42.58831742,-74.44339029999998,36095.0,200.00645182102642,0.0,62,61,0,0,61,60,31097,1,0,0,1,1
2020-07-10,US,New York,Schuyler,13,0,0,42.39184015,-76.8773299,36097.0,73.0049980344808,0.0,13,13,0,0,13,13,17912,0,0,0,0,0
2020-07-10,US,New York,Seneca,73,0,0,42.78081007,-76.82497064,36099.0,214.60489181561616,0.0,73,73,0,0,73,71,34300,0,0,0,0,2
2020-07-10,US,New York,St. Lawrence,227,2,0,44.4976179,-75.06550039,36089.0,210.6924076480416,0.8810572687224669,225,227,2,0,225,227,108047,0,0,0,0,0
2020-07-10,US,New York,Steuben,272,41,0,42.2689144,-77.3829924,36101.0,285.17807903207205,15.073529411764708,231,272,41,0,231,271,95796,0,0,0,0,1
2020-07-10,US,New York,Suffolk,41911,1992,0,40.88320119,-72.8012172,36103.0,2838.342924053282,4.752928825368042,39919,41849,1991,0,39858,41799,1481093,62,1,0,61,50
2020-07-10,US,New York,Sullivan,1464,48,0,41.71579493,-74.76394559,36105.0,1940.820871778556,3.278688524590164,1416,1460,48,0,1412,1460,75498,4,0,0,4,0
2020-07-10,US,New York,Tioga,159,24,0,42.16852837,-76.30835812,36107.0,329.85498827873784,15.094339622641508,135,151,24,0,127,150,48560,8,0,0,8,1
2020-07-10,US,New York,Tompkins,181,0,0,42.44945765,-76.47229843,36109.0,177.1383832452535,0.0,181,180,0,0,180,180,102793,1,0,0,1,0
2020-07-10,US,New York,Ulster,1853,86,0,41.89027881,-74.26252104,36111.0,1043.5144982626864,4.64112250404749,1767,1851,86,0,1765,1845,178599,2,0,0,2,6
2020-07-10,US,New York,Warren,274,33,0,43.56173026,-73.8433699,36113.0,428.4999374452646,12.043795620437956,241,273,33,0,240,273,64265,1,0,0,1,0
2020-07-10,US,New York,Washington,249,14,0,43.31153794,-73.43043448,36115.0,406.8361544997059,5.622489959839356,235,248,14,0,234,247,61197,1,0,0,1,1
2020-07-10,US,New York,Wayne,201,3,0,43.15494365,-77.02976528,36117.0,223.5370003781224,1.492537313432836,198,195,3,0,192,193,90064,6,0,0,6,2
2020-07-10,US,New York,Westchester,35226,1433,0,41.16278376,-73.75741653,36119.0,3640.9076532858708,4.0680179412933635,33793,35183,1432,0,33751,35154,967612,43,1,0,42,29
2020-07-10,US,New York,Wyoming,101,5,0,42.70145109,-78.22199579,36121.0,253.39321106901832,4.950495049504951,96,99,5,0,94,98,40085,2,0,0,2,1
2020-07-10,US,New York,Yates,48,6,0,42.63505484,-77.10369919,36123.0,192.67049331674232,12.5,42,48,6,0,42,48,24841,0,0,0,0,0
2020-07-10,US,North Carolina,Alamance,1405,37,0,36.0434701,-79.39976137,37001.0,828.8645440655067,2.6334519572953736,1368,1357,37,0,1320,1335,166436,48,0,0,48,22
2020-07-10,US,North Carolina,Alexander,151,1,0,35.922379600000006,-81.17751948,37003.0,402.69888257727285,0.6622516556291391,150,140,1,0,139,138,37353,11,0,0,11,2
2020-07-10,US,North Carolina,Alleghany,41,0,0,36.49360862,-81.12857041,37005.0,368.1422286073449,0.0,41,39,0,0,39,37,11161,2,0,0,2,2
2020-07-10,US,North Carolina,Anson,184,2,0,34.97403241,-80.09953279,37007.0,752.6793749488669,1.0869565217391304,182,176,2,0,174,171,24877,8,0,0,8,5
2020-07-10,US,North Carolina,Ashe,63,1,0,36.43296207,-81.49862729,37009.0,231.59210381207959,1.5873015873015872,62,61,1,0,60,61,27109,2,0,0,2,0
2020-07-10,US,North Carolina,Avery,27,0,0,36.07569796,-81.92308483,37011.0,153.7848151734351,0.0,27,27,0,0,27,27,17505,0,0,0,0,0
2020-07-10,US,North Carolina,Beaufort,134,0,0,35.48531943,-76.84325809,37013.0,285.1427841852152,0.0,134,123,0,0,123,118,47079,11,0,0,11,5
2020-07-10,US,North Carolina,Bertie,155,4,0,36.0688473,-76.96545943,37015.0,818.0714625006598,2.5806451612903225,151,154,4,0,150,152,19026,1,0,0,1,2
2020-07-10,US,North Carolina,Bladen,424,5,0,34.61296243,-78.56180059,37017.0,1295.7643175844996,1.179245283018868,419,419,5,0,414,411,33190,5,0,0,5,8
2020-07-10,US,North Carolina,Brunswick,751,8,0,34.070565,-78.22814204,37019.0,525.8367175465621,1.0652463382157125,743,727,7,0,720,713,136744,24,1,0,23,14
2020-07-10,US,North Carolina,Buncombe,802,30,0,35.61113393,-82.53305,37021.0,307.0549904093173,3.740648379052369,772,777,30,0,747,737,259103,25,0,0,25,40
2020-07-10,US,North Carolina,Burke,1164,20,0,35.74989637,-81.70755735,37023.0,1286.4010609493287,1.718213058419244,1144,1144,20,0,1124,1134,90382,20,0,0,20,10
2020-07-10,US,North Carolina,Cabarrus,1521,33,0,35.3877799,-80.55267168,37025.0,702.6929633684911,2.1696252465483234,1488,1454,33,0,1421,1424,211342,67,0,0,67,30
2020-07-10,US,North Carolina,Caldwell,591,6,0,35.95204977,-81.54799522,37027.0,719.1705809340698,1.0152284263959392,585,563,6,0,557,546,82029,28,0,0,28,17
2020-07-10,US,North Carolina,Camden,34,1,0,36.33804939,-76.15568396,37029.0,312.8738382258213,2.9411764705882355,33,34,1,0,33,34,10710,0,0,0,0,0
2020-07-10,US,North Carolina,Carteret,133,4,0,34.8932941,-76.54120135,37031.0,191.4412793459329,3.0075187969924815,129,124,3,0,121,121,69524,9,1,0,8,3
2020-07-10,US,North Carolina,Caswell,149,2,0,36.39312665,-79.33353281,37033.0,659.1753671916475,1.342281879194631,147,149,2,0,147,148,22698,0,0,0,0,1
2020-07-10,US,North Carolina,Catawba,1132,14,0,35.66211129,-81.2132617,37035.0,709.4910091444115,1.2367491166077738,1118,1093,14,0,1079,1066,158652,39,0,0,39,27
2020-07-10,US,North Carolina,Chatham,1035,44,0,35.70394416,-79.25541492,37037.0,1389.8214045924533,4.251207729468598,991,1009,44,0,965,1001,73139,26,0,0,26,8
2020-07-10,US,North Carolina,Cherokee,62,2,0,35.1349263,-84.05970864,37039.0,216.69229693834754,3.2258064516129035,60,62,2,0,60,51,28383,0,0,0,0,11
2020-07-10,US,North Carolina,Chowan,34,0,0,36.12908077,-76.60118385,37041.0,243.84996055368285,0.0,34,31,0,0,31,31,14029,3,0,0,3,0
2020-07-10,US,North Carolina,Clay,18,0,0,35.05704275,-83.74353633,37043.0,160.270679369602,0.0,18,18,0,0,18,15,11139,0,0,0,0,3
2020-07-10,US,North Carolina,Cleveland,463,8,0,35.33553364,-81.55204486,37045.0,472.70462597118853,1.7278617710583153,455,448,8,0,440,423,97645,15,0,0,15,25
2020-07-10,US,North Carolina,Columbus,602,39,0,34.26744084,-78.65801424,37047.0,1084.5283562729696,6.4784053156146175,563,585,39,0,546,577,55655,17,0,0,17,8
2020-07-10,US,North Carolina,Craven,427,8,0,35.11833364,-77.08398081,37049.0,418.05774483791697,1.873536299765808,419,426,8,0,418,411,102912,1,0,0,1,15
2020-07-10,US,North Carolina,Cumberland,1572,41,0,35.04762133,-78.82623165,37051.0,468.54182749195996,2.6081424936386766,1531,1490,41,0,1449,1484,332330,82,0,0,82,6
2020-07-10,US,North Carolina,Currituck,23,0,0,36.36123664,-75.95876401,37053.0,82.84407304686093,0.0,23,22,0,0,22,22,27072,1,0,0,1,0
2020-07-10,US,North Carolina,Dare,103,1,0,35.66520691,-75.71767334,37055.0,278.3106811856576,0.9708737864077671,102,87,1,0,86,82,36501,16,0,0,16,5
2020-07-10,US,North Carolina,Davidson,1210,15,0,35.79115496,-80.21256572,37057.0,721.9182740783609,1.2396694214876034,1195,1175,15,0,1160,1134,166614,35,0,0,35,41
2020-07-10,US,North Carolina,Davie,251,4,0,35.93099927,-80.54496571,37059.0,585.818979601363,1.593625498007968,247,251,4,0,247,251,42733,0,0,0,0,0
2020-07-10,US,North Carolina,Duplin,1646,32,0,34.93449805,-77.93140529,37061.0,2802.131390340648,1.9441069258809236,1614,1637,29,0,1608,1620,58856,9,3,0,6,17
2020-07-10,US,North Carolina,Durham,4326,67,0,36.03638492,-78.87608331,37063.0,1345.6178768725426,1.5487748497457234,4259,4277,67,0,4210,4208,316739,49,0,0,49,69
2020-07-10,US,North Carolina,Edgecombe,370,9,0,35.91230639,-77.59436892,37065.0,718.8374261734535,2.4324324324324325,361,363,9,0,354,352,52005,7,0,0,7,11
2020-07-10,US,North Carolina,Forsyth,3580,39,0,36.12859861,-80.25459052,37067.0,936.4496004394513,1.089385474860335,3541,3525,37,0,3488,3450,379099,55,2,0,53,75
2020-07-10,US,North Carolina,Franklin,441,21,0,36.081519,-78.28708884,37069.0,632.8478151682572,4.761904761904762,420,435,21,0,414,413,67560,6,0,0,6,22
2020-07-10,US,North Carolina,Gaston,1640,15,0,35.29373559,-81.17477045,37071.0,730.417897019984,0.9146341463414634,1625,1547,15,0,1532,1479,222846,93,0,0,93,68
2020-07-10,US,North Carolina,Gates,29,2,0,36.44667547,-76.69749701,37073.0,250.82165715274175,6.896551724137932,27,29,2,0,27,28,11573,0,0,0,0,1
2020-07-10,US,North Carolina,Graham,10,0,0,35.3506925,-83.83369267,37075.0,118.46937566639023,0.0,10,10,0,0,10,10,8484,0,0,0,0,0
2020-07-10,US,North Carolina,Granville,884,23,0,36.30337451,-78.65184241,37077.0,1462.5349502837385,2.6018099547511317,861,877,23,0,854,863,60115,7,0,0,7,14
2020-07-10,US,North Carolina,Greene,200,3,0,35.48544173,-77.67578087,37079.0,949.2619488347807,1.5,197,196,3,0,193,192,21012,4,0,0,4,4
2020-07-10,US,North Carolina,Guilford,3440,123,0,36.07959451,-79.78824948,37081.0,640.388403012804,3.5755813953488373,3317,3361,121,0,3240,3275,533670,79,2,0,77,86
2020-07-10,US,North Carolina,Halifax,365,4,0,36.25669272,-77.6556109,37083.0,729.8540291941612,1.095890410958904,361,365,4,0,361,349,50574,0,0,0,0,16
2020-07-10,US,North Carolina,Harnett,757,31,0,35.36731853,-78.87243571,37085.0,556.7158910395951,4.095112285336857,726,744,30,0,714,721,134214,13,1,0,12,23
2020-07-10,US,North Carolina,Haywood,117,0,0,35.55269063,-82.98196486,37087.0,187.74973121299163,0.0,117,113,0,0,113,109,61971,4,0,0,4,4
2020-07-10,US,North Carolina,Henderson,883,51,0,35.33788927,-82.4766782,37089.0,752.0205762368312,5.775764439411097,832,820,51,0,769,789,116748,63,0,0,63,31
2020-07-10,US,North Carolina,Hertford,178,10,0,36.3607755,-76.98104134,37091.0,751.7844321493433,5.617977528089888,168,174,10,0,164,174,23659,4,0,0,4,0
2020-07-10,US,North Carolina,Hoke,444,5,0,35.01888303,-79.23651674,37093.0,803.8526994242677,1.1261261261261262,439,434,4,0,430,423,54764,10,1,0,9,11
2020-07-10,US,North Carolina,Hyde,28,0,0,35.42017674,-76.15180542,37095.0,567.1460401053272,0.0,28,25,0,0,25,23,5230,3,0,0,3,2
2020-07-10,US,North Carolina,Iredell,1031,10,0,35.80950511,-80.8743128,37097.0,567.0879948956581,0.9699321047526672,1021,985,10,0,975,956,178435,46,0,0,46,29
2020-07-10,US,North Carolina,Jackson,165,1,0,35.28814273,-83.14093385,37099.0,375.5291547180117,0.6060606060606061,164,161,1,0,160,157,43327,4,0,0,4,4
2020-07-10,US,North Carolina,Johnston,1934,35,0,35.51745004,-78.36622717,37101.0,923.860341360186,1.809720785935884,1899,1879,34,0,1845,1825,202675,55,1,0,54,54
2020-07-10,US,North Carolina,Jones,39,3,0,35.02254606,-77.35870791,37103.0,414.0566939165517,7.6923076923076925,36,39,3,0,36,39,9637,0,0,0,0,0
2020-07-10,US,North Carolina,Lee,909,8,0,35.47623147,-79.17569362,37105.0,1471.3737677851698,0.8800880088008801,901,901,8,0,893,888,61452,8,0,0,8,13
2020-07-10,US,North Carolina,Lenoir,416,11,0,35.24032589999999,-77.64245615,37107.0,743.5342901571074,2.644230769230769,405,406,11,0,395,401,55976,10,0,0,10,5
2020-07-10,US,North Carolina,Lincoln,360,2,0,35.48508185,-81.21740317,37109.0,418.0650555678137,0.5555555555555556,358,347,2,0,345,341,83770,13,0,0,13,6
2020-07-10,US,North Carolina,Macon,322,3,0,35.14867843,-83.41696617,37113.0,897.9865023146858,0.9316770186335404,319,315,3,0,312,298,35285,7,0,0,7,17
2020-07-10,US,North Carolina,Madison,17,0,0,35.85402722,-82.71346418,37115.0,78.14295564238105,0.0,17,17,0,0,17,17,21763,0,0,0,0,0
2020-07-10,US,North Carolina,Martin,165,5,0,35.84326734,-77.10860251,37117.0,735.2941176470587,3.0303030303030303,160,157,5,0,152,153,22671,8,0,0,8,4
2020-07-10,US,North Carolina,McDowell,310,2,0,35.67736232,-82.0482425,37111.0,677.5067750677508,0.6451612903225806,308,299,2,0,297,292,45507,11,0,0,11,7
2020-07-10,US,North Carolina,Mecklenburg,14157,158,0,35.24469268,-80.8317671,37119.0,1274.9964876129818,1.116055661510207,13999,13757,158,0,13599,13489,1093901,400,0,0,400,268
2020-07-10,US,North Carolina,Mitchell,59,0,0,36.01059309,-82.1582442,37121.0,394.2796043838546,0.0,59,59,0,0,59,59,15000,0,0,0,0,0
2020-07-10,US,North Carolina,Montgomery,393,9,0,35.33155144,-79.90416657,37123.0,1446.288595296802,2.2900763358778624,384,393,9,0,384,393,27271,0,0,0,0,0
2020-07-10,US,North Carolina,Moore,613,15,0,35.30885257,-79.48474178,37125.0,607.6526566217287,2.446982055464926,598,594,14,0,580,554,98682,19,1,0,18,40
2020-07-10,US,North Carolina,Nash,591,6,0,35.96575634,-77.98422508,37127.0,626.7365161509257,1.0152284263959392,585,586,6,0,580,571,94016,5,0,0,5,15
2020-07-10,US,North Carolina,New Hanover,1430,7,0,34.25758282,-77.87075626,37129.0,609.8783228772609,0.4895104895104895,1423,1371,7,0,1364,1325,232274,59,0,0,59,46
2020-07-10,US,North Carolina,Northampton,211,16,0,36.41736238,-77.39769443,37131.0,1082.9954319150027,7.582938388625592,195,211,15,0,196,209,19676,0,1,0,-1,2
2020-07-10,US,North Carolina,Onslow,448,4,0,34.72607366,-77.42908179,37133.0,226.3334983681759,0.8928571428571429,444,399,3,0,396,367,197683,49,1,0,48,32
2020-07-10,US,North Carolina,Orange,910,42,0,36.06092947,-79.12167935,37135.0,612.8936663164417,4.615384615384615,868,892,42,0,850,850,146027,18,0,0,18,42
2020-07-10,US,North Carolina,Pamlico,28,1,0,35.15253315,-76.66559823,37137.0,220.02200220022004,3.571428571428572,27,28,1,0,27,28,12670,0,0,0,0,0
2020-07-10,US,North Carolina,Pasquotank,234,17,0,36.26723798,-76.25134778,37139.0,587.5853756528726,7.264957264957265,217,233,17,0,216,233,39639,1,0,0,1,0
2020-07-10,US,North Carolina,Pender,340,2,0,34.52265624,-77.90352133,37141.0,539.1690453536314,0.5882352941176471,338,330,2,0,328,314,62162,10,0,0,10,16
2020-07-10,US,North Carolina,Perquimans,39,2,0,36.17847453,-76.40603143,37143.0,289.6828344351185,5.128205128205129,37,37,2,0,35,37,13422,2,0,0,2,0
2020-07-10,US,North Carolina,Person,127,1,0,36.38989032,-78.97217358,37145.0,321.60040516586486,0.7874015748031497,126,125,1,0,124,124,39507,2,0,0,2,1
2020-07-10,US,North Carolina,Pitt,894,9,0,35.59535426,-77.37353178,37147.0,494.62770136437575,1.0067114093959733,885,876,9,0,867,858,179914,18,0,0,18,18
2020-07-10,US,North Carolina,Polk,93,4,0,35.27820615,-82.16812354,37149.0,448.75506658946153,4.301075268817204,89,92,4,0,88,90,20611,1,0,0,1,2
2020-07-10,US,North Carolina,Randolph,1405,32,0,35.71015088,-79.80570339,37151.0,977.9559676195648,2.277580071174377,1373,1387,32,0,1355,1353,143351,18,0,0,18,34
2020-07-10,US,North Carolina,Richmond,356,7,0,35.00417719,-79.74491009,37153.0,794.1288005532132,1.9662921348314608,349,345,7,0,338,332,44887,11,0,0,11,13
2020-07-10,US,North Carolina,Robeson,1582,44,0,34.64244496,-79.10250529999998,37155.0,1211.1004784688996,2.781289506953224,1538,1504,44,0,1460,1467,131831,78,0,0,78,37
2020-07-10,US,North Carolina,Rockingham,293,2,0,36.39593137,-79.77504841,37157.0,321.94264366553125,0.6825938566552902,291,293,2,0,291,274,90690,0,0,0,0,19
2020-07-10,US,North Carolina,Rowan,1449,44,0,35.64003916,-80.52446628,37159.0,1019.7905523337648,3.0365769496204282,1405,1426,44,0,1382,1387,141262,23,0,0,23,39
2020-07-10,US,North Carolina,Rutherford,366,10,0,35.40114178,-81.92112099,37161.0,546.0323143713915,2.7322404371584703,356,364,10,0,354,360,66826,2,0,0,2,4
2020-07-10,US,North Carolina,Sampson,1181,7,0,34.98820368,-78.36914061,37163.0,1858.935008106279,0.5927180355630821,1174,1149,7,0,1142,1134,63626,32,0,0,32,15
2020-07-10,US,North Carolina,Scotland,163,2,0,34.8386299,-79.4757978,37165.0,468.08144042730385,1.2269938650306749,161,157,2,0,155,157,34810,6,0,0,6,0
2020-07-10,US,North Carolina,Stanly,558,5,0,35.31647813,-80.25093221,37167.0,888.4501480750247,0.8960573476702509,553,531,5,0,526,484,62075,27,0,0,27,47
2020-07-10,US,North Carolina,Stokes,162,1,0,36.4017975,-80.23893369,37169.0,355.3332894650261,0.6172839506172839,161,155,1,0,154,148,45467,7,0,0,7,7
2020-07-10,US,North Carolina,Surry,565,2,0,36.41689489,-80.69102283,37171.0,787.0944374016133,0.3539823008849557,563,552,2,0,550,535,71948,13,0,0,13,17
2020-07-10,US,North Carolina,Swain,71,1,0,35.48665845,-83.48748932,37173.0,497.5124378109453,1.4084507042253518,70,69,1,0,68,68,14245,2,0,0,2,1
2020-07-10,US,North Carolina,Transylvania,41,1,0,35.20383864,-82.79638423,37175.0,119.23803984295479,2.4390243902439024,40,38,1,0,37,38,34215,3,0,0,3,0
2020-07-10,US,North Carolina,Tyrrell,34,1,0,35.87147226,-76.17055253,37177.0,846.6135458167331,2.9411764705882355,33,32,1,0,31,30,4131,2,0,0,2,2
2020-07-10,US,North Carolina,Union,1712,25,0,34.98960527,-80.52955873,37179.0,713.7526630228592,1.4602803738317758,1687,1643,25,0,1618,1579,235908,69,0,0,69,64
2020-07-10,US,North Carolina,Vance,555,40,0,36.36880673,-78.40670845,37181.0,1246.2108454024926,7.207207207207206,515,548,40,0,508,537,44582,7,0,0,7,11
2020-07-10,US,North Carolina,Wake,7065,61,0,35.78879266,-78.65249174,37183.0,635.4783087372194,0.8634111818825194,7004,6704,57,0,6647,6471,1092305,361,4,0,357,233
2020-07-10,US,North Carolina,Warren,181,6,0,36.39728256,-78.10652228,37185.0,917.3381987735036,3.3149171270718236,175,179,5,0,174,176,19807,2,1,0,1,3
2020-07-10,US,North Carolina,Washington,43,3,0,35.83810081,-76.57299037,37187.0,371.3298791019,6.9767441860465125,40,43,3,0,40,43,11859,0,0,0,0,0
2020-07-10,US,North Carolina,Watauga,116,0,0,36.23103603,-81.70033724,37189.0,206.49020061591042,0.0,116,108,0,0,108,104,55945,8,0,0,8,4
2020-07-10,US,North Carolina,Wayne,1971,30,0,35.36438125,-78.00027268,37191.0,1600.7341774207955,1.5220700152206998,1941,1942,30,0,1912,1935,123248,29,0,0,29,7
2020-07-10,US,North Carolina,Wilkes,608,6,0,36.2084135,-81.16232895,37193.0,888.7329708238319,0.986842105263158,602,602,6,0,596,600,68557,6,0,0,6,2
2020-07-10,US,North Carolina,Wilson,886,24,0,35.70625477,-77.917978,37195.0,1083.1163433209863,2.708803611738149,862,875,24,0,851,855,81455,11,0,0,11,20
2020-07-10,US,North Carolina,Yadkin,376,5,0,36.16222629,-80.66239436,37197.0,998.221254679162,1.3297872340425532,371,365,5,0,360,360,37543,11,0,0,11,5
2020-07-10,US,North Carolina,Yancey,59,0,0,35.90079156,-82.31237181,37199.0,326.52609441585037,0.0,59,59,0,0,59,59,17903,0,0,0,0,0
2020-07-10,US,North Dakota,Barnes,23,0,0,46.93579637,-98.06605978,38003.0,220.8353336533845,0.0,23,23,0,0,23,23,10542,0,0,0,0,0
2020-07-10,US,North Dakota,Benson,11,0,0,48.0683985,-99.35916363,38005.0,161.00702576112408,0.0,11,11,0,0,11,9,6962,0,0,0,0,2
2020-07-10,US,North Dakota,Billings,1,0,0,47.02366884,-103.3762965,38007.0,107.75862068965515,0.0,1,1,0,0,1,1,919,0,0,0,0,0
2020-07-10,US,North Dakota,Bottineau,5,0,0,48.79106111,-100.8378166,38009.0,79.59248646927729,0.0,5,5,0,0,5,5,6411,0,0,0,0,0
2020-07-10,US,North Dakota,Bowman,1,0,0,46.11285362,-103.5203343,38011.0,33.06878306878307,0.0,1,1,0,0,1,1,3076,0,0,0,0,0
2020-07-10,US,North Dakota,Burke,6,0,0,48.79094471,-102.5182117,38013.0,283.6879432624113,0.0,6,6,0,0,6,6,2100,0,0,0,0,0
2020-07-10,US,North Dakota,Burleigh,409,0,0,46.97847375,-100.4645214,38015.0,427.70794553782446,0.0,409,385,0,0,385,363,95273,24,0,0,24,22
2020-07-10,US,North Dakota,Cass,2421,70,0,46.93201724,-97.2444719,38017.0,1330.7828037136592,2.8913672036348617,2351,2402,70,0,2332,2373,181516,19,0,0,19,29
2020-07-10,US,North Dakota,Cavalier,13,0,0,48.77286211,-98.46685243,38019.0,345.5608718766613,0.0,13,10,0,0,10,6,3829,3,0,0,3,4
2020-07-10,US,North Dakota,Dickey,5,0,0,46.11017712,-98.5049008,38021.0,102.6272577996716,0.0,5,5,0,0,5,4,4903,0,0,0,0,1
2020-07-10,US,North Dakota,Divide,1,0,0,48.814938700000006,-103.4873611,38023.0,44.16961130742049,0.0,1,1,0,0,1,1,2283,0,0,0,0,0
2020-07-10,US,North Dakota,Dunn,19,0,0,47.35423935,-102.6160468,38025.0,429.47558770343596,0.0,19,18,0,0,18,15,4332,1,0,0,1,3
2020-07-10,US,North Dakota,Eddy,5,0,0,47.71701474,-98.90432337,38027.0,218.62702229995628,0.0,5,5,0,0,5,5,2313,0,0,0,0,0
2020-07-10,US,North Dakota,Emmons,4,1,0,46.28398398,-100.2389766,38029.0,123.41869793273679,25.0,3,4,1,0,3,4,3295,0,0,0,0,0
2020-07-10,US,North Dakota,Foster,3,0,0,47.4571084,-98.88279923,38031.0,93.45794392523364,0.0,3,4,0,0,4,4,3216,-1,0,0,-1,0
2020-07-10,US,North Dakota,Grand Forks,422,4,0,47.92093639,-97.45450447,38035.0,607.6226404227441,0.9478672985781992,418,412,4,0,408,411,70770,10,0,0,10,1
2020-07-10,US,North Dakota,Grant,3,0,0,46.35821257,-101.6390013,38037.0,131.9261213720317,0.0,3,3,0,0,3,3,2374,0,0,0,0,0
2020-07-10,US,North Dakota,Griggs,2,0,0,47.45785838,-98.23850925,38039.0,89.64589870013447,0.0,2,2,0,0,2,2,2232,0,0,0,0,0
2020-07-10,US,North Dakota,Hettinger,1,0,0,46.43375068,-102.4632417,38041.0,40.01600640256103,0.0,1,1,0,0,1,1,2514,0,0,0,0,0
2020-07-10,US,North Dakota,Kidder,2,0,0,46.97830064,-99.77507857,38043.0,80.64516129032258,0.0,2,2,0,0,2,2,2450,0,0,0,0,0
2020-07-10,US,North Dakota,LaMoure,13,0,0,46.45681054,-98.53542355,38045.0,321.3049925852694,0.0,13,13,0,0,13,13,4062,0,0,0,0,0
2020-07-10,US,North Dakota,Logan,1,0,0,46.45729487,-99.47719806,38047.0,54.05405405405406,0.0,1,1,0,0,1,1,1903,0,0,0,0,0
2020-07-10,US,North Dakota,McHenry,6,1,0,48.23104458,-100.6324822,38049.0,104.43864229765013,16.666666666666668,5,6,1,0,5,6,5816,0,0,0,0,0
2020-07-10,US,North Dakota,McIntosh,5,0,0,46.11182017,-99.44145858,38051.0,200.2402883460152,0.0,5,4,0,0,4,3,2585,1,0,0,1,1
2020-07-10,US,North Dakota,McKenzie,31,0,0,47.74133370000001,-103.395905,38053.0,206.33652822151225,0.0,31,31,0,0,31,29,13632,0,0,0,0,2
2020-07-10,US,North Dakota,McLean,11,0,0,47.60766714,-101.3182418,38055.0,116.40211640211642,0.0,11,11,0,0,11,11,9541,0,0,0,0,0
2020-07-10,US,North Dakota,Mercer,8,0,0,47.31213126,-101.8318399,38057.0,97.71589104678148,0.0,8,7,0,0,7,7,8267,1,0,0,1,0
2020-07-10,US,North Dakota,Morton,123,2,0,46.71681782,-101.2822377,38059.0,392.16936615227655,1.6260162601626016,121,121,2,0,119,116,31095,2,0,0,2,5
2020-07-10,US,North Dakota,Mountrail,59,0,0,48.20197971,-102.3555315,38061.0,559.506875296349,0.0,59,55,0,0,55,54,10218,4,0,0,4,1
2020-07-10,US,North Dakota,Nelson,2,0,0,47.9226426,-98.19038437,38063.0,69.46856547412295,0.0,2,2,0,0,2,2,2869,0,0,0,0,0
2020-07-10,US,North Dakota,Oliver,2,0,0,47.11530482,-101.3406158,38065.0,102.09290454313421,0.0,2,2,0,0,2,2,1952,0,0,0,0,0
2020-07-10,US,North Dakota,Pembina,14,0,0,48.76623521,-97.5523809,38067.0,205.85208057638584,0.0,14,14,0,0,14,13,6947,0,0,0,0,1
2020-07-10,US,North Dakota,Pierce,7,0,0,48.24977025,-99.96407787,38069.0,176.1006289308176,0.0,7,6,0,0,6,6,4081,1,0,0,1,0
2020-07-10,US,North Dakota,Ramsey,19,1,0,48.26886249,-98.72223879,38071.0,164.94487368695195,5.2631578947368425,18,18,1,0,17,18,11481,1,0,0,1,0
2020-07-10,US,North Dakota,Ransom,21,0,0,46.45621782,-97.65742504,38073.0,402.4530471444998,0.0,21,21,0,0,21,19,5237,0,0,0,0,2
2020-07-10,US,North Dakota,Renville,5,0,0,48.71982533,-101.6603912,38075.0,214.86892995272885,0.0,5,5,0,0,5,5,2374,0,0,0,0,0
2020-07-10,US,North Dakota,Richland,45,0,0,46.26440649,-96.94852979,38077.0,278.17271434753053,0.0,45,44,0,0,44,43,16239,1,0,0,1,1
2020-07-10,US,North Dakota,Rolette,11,0,0,48.77245354,-99.84097493,38079.0,77.59593679458239,0.0,11,11,0,0,11,11,14301,0,0,0,0,0
2020-07-10,US,North Dakota,Sargent,7,0,0,46.10830372,-97.63217159,38081.0,179.57927142124166,0.0,7,7,0,0,7,7,3870,0,0,0,0,0
2020-07-10,US,North Dakota,Sheridan,2,0,0,47.57700669,-100.3426391,38083.0,152.09125475285168,0.0,2,2,0,0,2,2,1349,0,0,0,0,0
2020-07-10,US,North Dakota,Sioux,33,0,0,46.11323337,-101.0440149,38085.0,780.1418439716313,0.0,33,32,0,0,32,29,4358,1,0,0,1,3
2020-07-10,US,North Dakota,Slope,3,0,0,46.44737738,-103.4601547,38087.0,400.0,0.0,3,3,0,0,3,3,763,0,0,0,0,0
2020-07-10,US,North Dakota,Stark,89,3,0,46.80851182,-102.6576326,38089.0,282.63838165708665,3.3707865168539324,86,85,3,0,82,83,30997,4,0,0,4,2
2020-07-10,US,North Dakota,Steele,4,0,0,47.45611548,-97.72728747,38091.0,211.64021164021165,0.0,4,3,0,0,3,3,1903,1,0,0,1,0
2020-07-10,US,North Dakota,Stutsman,66,2,0,46.97962541,-98.95637318,38093.0,318.7789799072644,3.0303030303030303,64,66,2,0,64,65,20917,0,0,0,0,1
2020-07-10,US,North Dakota,Towner,2,0,0,48.68565745,-99.24564265,38095.0,91.36592051164915,0.0,2,1,0,0,1,1,2192,1,0,0,1,0
2020-07-10,US,North Dakota,Traill,25,0,0,47.45367788,-97.16323288,38097.0,311.1000497760079,0.0,25,23,0,0,23,22,8037,2,0,0,2,1
2020-07-10,US,North Dakota,Walsh,44,0,0,48.36876964,-97.72574783,38099.0,413.4949722770417,0.0,44,41,0,0,41,31,10667,3,0,0,3,10
2020-07-10,US,North Dakota,Ward,69,1,0,48.22390169,-101.5436763,38101.0,102.00913647048388,1.4492753623188406,68,67,1,0,66,65,67744,2,0,0,2,2
2020-07-10,US,North Dakota,Wells,9,0,0,47.58614526,-99.65904998,38103.0,234.74178403755863,0.0,9,9,0,0,9,9,3957,0,0,0,0,0
2020-07-10,US,North Dakota,Williams,62,0,0,48.34522353,-103.4793387,38105.0,164.9418712921333,0.0,62,59,0,0,59,53,35350,3,0,0,3,6
2020-07-10,US,Ohio,Adams,25,1,0,38.84541072,-83.4718964,39001.0,90.25922449274314,4.0,24,24,1,0,23,24,27724,1,0,0,1,0
2020-07-10,US,Ohio,Allen,348,41,0,40.77285242,-84.10802343,39003.0,340.00644839815925,11.781609195402298,307,338,41,0,297,328,102663,10,0,0,10,10
2020-07-10,US,Ohio,Ashland,63,2,0,40.84772277,-82.27280781,39005.0,117.79223693067085,3.1746031746031744,61,62,1,0,61,62,53745,1,1,0,0,0
2020-07-10,US,Ohio,Ashtabula,445,44,0,41.70860332,-80.74830218,39007.0,457.625898540739,9.887640449438203,401,438,44,0,394,437,97493,7,0,0,7,1
2020-07-10,US,Ohio,Athens,111,1,0,39.33425634,-82.04278644,39009.0,169.91443048050576,0.9009009009009008,110,91,1,0,90,79,65818,20,0,0,20,12
2020-07-10,US,Ohio,Auglaize,109,4,0,40.55998859,-84.22421429999999,39011.0,238.74189591729458,3.669724770642202,105,109,4,0,105,107,45804,0,0,0,0,2
2020-07-10,US,Ohio,Belmont,567,22,0,40.01625942,-80.9924051,39013.0,846.192878249709,3.880070546737213,545,558,22,0,536,555,67505,9,0,0,9,3
2020-07-10,US,Ohio,Brown,60,1,0,38.93416837,-83.86788395,39015.0,138.14698839565298,1.6666666666666667,59,59,1,0,58,59,43602,1,0,0,1,0
2020-07-10,US,Ohio,Butler,1767,47,0,39.44012838,-84.57388716,39017.0,461.1963438379262,2.6598754951895867,1720,1721,47,0,1674,1674,382378,46,0,0,46,47
2020-07-10,US,Ohio,Carroll,64,3,0,40.578968599999996,-81.09178213,39019.0,237.79445641673482,4.6875,61,60,3,0,57,60,27081,4,0,0,4,0
2020-07-10,US,Ohio,Champaign,51,1,0,40.13923427,-83.76875242,39021.0,131.15597274013115,1.96078431372549,50,46,1,0,45,44,38754,5,0,0,5,2
2020-07-10,US,Ohio,Clark,793,10,0,39.91592258,-83.78498252,39023.0,591.4247145424849,1.261034047919294,783,784,10,0,774,780,134585,9,0,0,9,4
2020-07-10,US,Ohio,Clermont,453,7,0,39.04847534,-84.15375786,39025.0,219.4469742476796,1.5452538631346575,446,436,7,0,429,431,205466,17,0,0,17,5
2020-07-10,US,Ohio,Clinton,79,1,0,39.41485808,-83.80852286,39027.0,188.23865802516204,1.2658227848101269,78,70,0,0,70,68,42057,9,1,0,8,2
2020-07-10,US,Ohio,Columbiana,1350,60,0,40.76932373,-80.78094576,39029.0,1325.0493212802921,4.4444444444444455,1290,1324,60,0,1264,1309,102665,26,0,0,26,15
2020-07-10,US,Ohio,Coshocton,141,3,0,40.30096166,-81.91729018,39031.0,385.24590163934425,2.127659574468085,138,132,3,0,129,130,36629,9,0,0,9,2
2020-07-10,US,Ohio,Crawford,138,5,0,40.85065156,-82.91989099,39033.0,332.578204077698,3.6231884057971016,133,137,5,0,132,136,41550,1,0,0,1,1
2020-07-10,US,Ohio,Cuyahoga,8786,393,0,41.424119,-81.65918339,39035.0,711.3755311431238,4.473025267470977,8393,8518,383,0,8135,8277,1243857,268,10,0,258,241
2020-07-10,US,Ohio,Darke,253,26,0,40.13412966,-84.6194517,39037.0,494.9817071977775,10.276679841897232,227,253,26,0,227,253,51323,0,0,0,0,0
2020-07-10,US,Ohio,Defiance,53,3,0,41.32398837,-84.49076944,39039.0,139.15509228870744,5.660377358490566,50,54,3,0,51,53,38165,-1,0,0,-1,1
2020-07-10,US,Ohio,Delaware,675,15,0,40.27942393,-83.00457058,39041.0,322.69322153009176,2.2222222222222223,660,645,15,0,630,617,204826,30,0,0,30,28
2020-07-10,US,Ohio,Erie,267,22,0,41.36796058,-82.62904521,39043.0,359.51848759863196,8.239700374531836,245,260,22,0,238,250,74615,7,0,0,7,10
2020-07-10,US,Ohio,Fairfield,643,17,0,39.75107189,-82.63088163,39045.0,408.0622437711805,2.6438569206842923,626,614,17,0,597,605,155782,29,0,0,29,9
2020-07-10,US,Ohio,Fayette,55,0,0,39.56021306,-83.4562016,39047.0,192.81332164767747,0.0,55,51,0,0,51,48,28666,4,0,0,4,3
2020-07-10,US,Ohio,Franklin,11433,443,0,39.96995815,-83.01115755,39049.0,868.2702034393616,3.8747485349427095,10990,11122,439,0,10683,10879,1310300,311,4,0,307,243
2020-07-10,US,Ohio,Fulton,66,0,0,41.60213491,-84.12571393,39051.0,156.67283862697622,0.0,66,65,0,0,65,63,42276,1,0,0,1,2
2020-07-10,US,Ohio,Gallia,20,1,0,38.82708533,-82.31647569,39053.0,66.89410662920596,5.0,19,20,1,0,19,20,29979,0,0,0,0,0
2020-07-10,US,Ohio,Geauga,425,43,0,41.49952319,-81.17935342,39055.0,453.82225117192917,10.117647058823527,382,415,43,0,372,414,94031,10,0,0,10,1
2020-07-10,US,Ohio,Greene,322,9,0,39.69116283,-83.89032084,39057.0,190.60359779089245,2.7950310559006213,313,300,9,0,291,287,167995,22,0,0,22,13
2020-07-10,US,Ohio,Guernsey,79,3,0,40.05026529,-81.49248905,39059.0,203.21543408360125,3.79746835443038,76,76,3,0,73,76,39022,3,0,0,3,0
2020-07-10,US,Ohio,Hamilton,6563,207,0,39.19673558,-84.54502924,39061.0,802.839971473064,3.1540454060643,6356,6396,206,0,6190,6287,816684,167,1,0,166,109
2020-07-10,US,Ohio,Hancock,85,1,0,41.00250487,-83.66838948,39063.0,112.16235831255031,1.1764705882352942,84,84,1,0,83,83,75930,1,0,0,1,1
2020-07-10,US,Ohio,Hardin,123,12,0,40.66015414,-83.65929931,39065.0,392.156862745098,9.75609756097561,111,123,12,0,111,123,31480,0,0,0,0,0
2020-07-10,US,Ohio,Harrison,12,1,0,40.29380509,-81.09068544,39067.0,79.78723404255321,8.333333333333334,11,12,1,0,11,12,15174,0,0,0,0,0
2020-07-10,US,Ohio,Henry,33,0,0,41.333964200000004,-84.06830637,39069.0,122.1950677627194,0.0,33,32,0,0,32,32,27086,1,0,0,1,0
2020-07-10,US,Ohio,Highland,49,1,0,39.1839264,-83.60331456,39071.0,113.52841685781144,2.0408163265306123,48,47,1,0,46,46,43058,2,0,0,2,1
2020-07-10,US,Ohio,Hocking,80,9,0,39.49537927,-82.47991446,39073.0,283.04557033682426,11.25,71,79,8,0,71,79,28385,1,1,0,0,0
2020-07-10,US,Ohio,Holmes,257,5,0,40.56163713,-81.92635677,39075.0,584.6223839854413,1.9455252918287935,252,252,4,0,248,245,43892,5,1,0,4,7
2020-07-10,US,Ohio,Huron,238,2,0,41.14651175,-82.59867951,39077.0,408.4714928088422,0.8403361344537815,236,234,2,0,232,228,58504,4,0,0,4,6
2020-07-10,US,Ohio,Jackson,27,0,0,39.01914254,-82.61818559999998,39079.0,83.29991052972572,0.0,27,27,0,0,27,26,32384,0,0,0,0,1
2020-07-10,US,Ohio,Jefferson,105,2,0,40.38614126,-80.76259514,39081.0,160.73478760045924,1.9047619047619049,103,95,2,0,93,92,65767,10,0,0,10,3
2020-07-10,US,Ohio,Knox,53,1,0,40.39830217,-82.42027563,39083.0,85.04220018613009,1.8867924528301887,52,53,1,0,52,53,61893,0,0,0,0,0
2020-07-10,US,Ohio,Lake,570,22,0,41.69710807,-81.23676539,39085.0,247.6656426923428,3.8596491228070176,548,551,22,0,529,529,230514,19,0,0,19,22
2020-07-10,US,Ohio,Lawrence,82,0,0,38.59743452,-82.53466552,39087.0,137.90087953853657,0.0,82,79,0,0,79,74,59866,3,0,0,3,5
2020-07-10,US,Ohio,Licking,560,12,0,40.09136236,-82.48185785,39089.0,316.6310456740283,2.142857142857143,548,536,12,0,524,520,175769,24,0,0,24,16
2020-07-10,US,Ohio,Logan,68,1,0,40.38996525,-83.76784341,39091.0,148.88772114205642,1.4705882352941178,67,66,1,0,65,65,45358,2,0,0,2,1
2020-07-10,US,Ohio,Lorain,1097,69,0,41.29553751,-82.15083537,39093.0,354.0617042083961,6.289881494986327,1028,1073,68,0,1005,1064,309461,24,1,0,23,9
2020-07-10,US,Ohio,Lucas,2889,305,0,41.62101218,-83.65468618,39095.0,674.451614108155,10.557286258220838,2584,2859,304,0,2555,2836,429899,30,1,0,29,23
2020-07-10,US,Ohio,Madison,213,9,0,39.89381073,-83.40178317,39097.0,476.17983054257667,4.225352112676056,204,206,9,0,197,202,44413,7,0,0,7,4
2020-07-10,US,Ohio,Mahoning,1907,239,0,41.01631101,-80.77287029,39099.0,833.9054499022667,12.532773990561092,1668,1885,239,0,1646,1861,229642,22,0,0,22,24
2020-07-10,US,Ohio,Marion,2740,39,0,40.58610662,-83.15736305,39101.0,4209.361989768485,1.4233576642335766,2701,2737,39,0,2698,2736,65256,3,0,0,3,1
2020-07-10,US,Ohio,Medina,566,32,0,41.11770589,-81.89986209999998,39103.0,314.8887875112659,5.653710247349824,534,548,32,0,516,543,179146,18,0,0,18,5
2020-07-10,US,Ohio,Meigs,12,0,0,39.09224872,-82.0305041,39105.0,52.38573361854455,0.0,12,12,0,0,12,12,23106,0,0,0,0,0
2020-07-10,US,Ohio,Mercer,295,10,0,40.54043046,-84.62912742,39107.0,716.5063635480425,3.3898305084745757,285,294,10,0,284,290,40959,1,0,0,1,4
2020-07-10,US,Ohio,Miami,503,31,0,40.0543329,-84.22871271,39109.0,470.1505790423136,6.163021868787276,472,486,31,0,455,475,106222,17,0,0,17,11
2020-07-10,US,Ohio,Monroe,89,17,0,39.72984936,-81.08464734,39111.0,651.8236414237588,19.101123595505623,72,89,17,0,72,89,13790,0,0,0,0,0
2020-07-10,US,Ohio,Montgomery,2378,35,0,39.75394919,-84.29050975,39113.0,447.25562219877486,1.4718250630782168,2343,2283,35,0,2248,2201,532331,95,0,0,95,82
2020-07-10,US,Ohio,Morgan,12,0,0,39.62081738,-81.85308173,39115.0,82.71298593879239,0.0,12,11,0,0,11,11,14604,1,0,0,1,0
2020-07-10,US,Ohio,Morrow,121,1,0,40.52363560000001,-82.7892599,39117.0,342.50452898550725,0.8264462809917356,120,120,1,0,119,118,35112,1,0,0,1,2
2020-07-10,US,Ohio,Muskingum,96,1,0,39.96575964,-81.94363275,39119.0,111.34953314388449,1.0416666666666667,95,92,1,0,91,89,86183,4,0,0,4,3
2020-07-10,US,Ohio,Noble,13,0,0,39.76818851,-81.45937183,39121.0,90.12756516916252,0.0,13,13,0,0,13,11,14354,0,0,0,0,2
2020-07-10,US,Ohio,Ottawa,166,24,0,41.53781826,-83.0940185,39123.0,409.6236890808143,14.457831325301207,142,161,24,0,137,160,40769,5,0,0,5,1
2020-07-10,US,Ohio,Paulding,28,0,0,41.11676341,-84.5801017,39125.0,149.95715509854327,0.0,28,27,0,0,27,26,18760,1,0,0,1,1
2020-07-10,US,Ohio,Perry,41,1,0,39.73508655,-82.23804971,39127.0,113.4665412077268,2.4390243902439024,40,40,1,0,39,37,36033,1,0,0,1,3
2020-07-10,US,Ohio,Pickaway,2216,41,0,39.64170392,-83.0243386,39129.0,3790.8206031784052,1.8501805054151623,2175,2206,41,0,2165,2205,58086,10,0,0,10,1
2020-07-10,US,Ohio,Pike,27,0,0,39.07634001,-83.06769584,39131.0,97.22022180613571,0.0,27,27,0,0,27,24,28067,0,0,0,0,3
2020-07-10,US,Ohio,Portage,487,59,0,41.16793482,-81.19735782,39133.0,299.75502566690875,12.114989733059547,428,477,59,0,418,461,162927,10,0,0,10,16
2020-07-10,US,Ohio,Preble,82,1,0,39.7420247,-84.64787018,39135.0,200.57727117068646,1.2195121951219512,81,81,1,0,80,80,40997,1,0,0,1,1
2020-07-10,US,Ohio,Putnam,134,15,0,41.02094889,-84.1336111,39137.0,395.7355069253714,11.194029850746267,119,133,15,0,118,132,33780,1,0,0,1,1
2020-07-10,US,Ohio,Richland,363,5,0,40.77180308,-82.53799609999999,39139.0,299.61866715089883,1.3774104683195592,358,359,5,0,354,351,121099,4,0,0,4,8
2020-07-10,US,Ohio,Ross,139,3,0,39.33705391,-83.06000914,39141.0,181.30592439934262,2.1582733812949644,136,136,3,0,133,132,76931,3,0,0,3,4
2020-07-10,US,Ohio,Sandusky,157,15,0,41.35624126,-83.137872,39143.0,268.29351652482995,9.554140127388537,142,142,15,0,127,138,58799,15,0,0,15,4
2020-07-10,US,Ohio,Scioto,65,0,0,38.80270163,-82.98907345,39145.0,86.30533499747723,0.0,65,56,0,0,56,54,75502,9,0,0,9,2
2020-07-10,US,Ohio,Seneca,40,2,0,41.12351311,-83.12783209,39147.0,72.49266011816303,5.0,38,36,2,0,34,35,55207,4,0,0,4,1
2020-07-10,US,Ohio,Shelby,74,4,0,40.33163494,-84.20258189,39149.0,152.29471084585302,5.405405405405406,70,72,4,0,68,70,48627,2,0,0,2,2
2020-07-10,US,Ohio,Stark,1196,114,0,40.81482476,-81.36437305,39151.0,322.71468891491236,9.531772575250836,1082,1171,114,0,1057,1156,371574,25,0,0,25,15
2020-07-10,US,Ohio,Summit,2299,209,0,41.12464734,-81.53123079,39153.0,424.9435780655918,9.090909090909092,2090,2269,209,0,2060,2241,541918,30,0,0,30,28
2020-07-10,US,Ohio,Trumbull,1032,77,0,41.31735028,-80.76109643,39155.0,521.280572196349,7.461240310077518,955,1014,74,0,940,997,198627,18,3,0,15,17
2020-07-10,US,Ohio,Tuscarawas,601,10,0,40.44214695,-81.47226262,39157.0,653.3531912118018,1.6638935108153081,591,590,10,0,580,585,92176,11,0,0,11,5
2020-07-10,US,Ohio,Union,93,1,0,40.30016061,-83.37239023,39159.0,157.65918491896656,1.075268817204301,92,92,1,0,91,92,57835,1,0,0,1,0
2020-07-10,US,Ohio,Van Wert,45,1,0,40.8554138,-84.59111700000003,39161.0,159.15119363395226,2.2222222222222223,44,43,0,0,43,42,28281,2,1,0,1,1
2020-07-10,US,Ohio,Vinton,23,2,0,39.25208988,-82.4831444,39163.0,175.7737867787543,8.695652173913043,21,22,2,0,20,22,13139,1,0,0,1,0
2020-07-10,US,Ohio,Warren,945,25,0,39.42581994,-84.16557457,39165.0,402.8098652185403,2.6455026455026456,920,918,25,0,893,895,232173,27,0,0,27,23
2020-07-10,US,Ohio,Washington,144,20,0,39.45690571,-81.49121382,39167.0,240.35652885112918,13.888888888888891,124,142,20,0,122,140,60155,2,0,0,2,2
2020-07-10,US,Ohio,Wayne,372,53,0,40.82925852,-81.88844833,39169.0,321.49338864402387,14.247311827956992,319,367,52,0,315,365,115967,5,1,0,4,2
2020-07-10,US,Ohio,Williams,74,2,0,41.56052014,-84.58429552,39171.0,201.6788400741306,2.702702702702702,72,72,2,0,70,72,36804,2,0,0,2,0
2020-07-10,US,Ohio,Wood,474,51,0,41.36224827,-83.62285108,39173.0,362.3382282119296,10.759493670886075,423,461,51,0,410,452,130696,13,0,0,13,9
2020-07-10,US,Ohio,Wyandot,62,5,0,40.84339621,-83.30734173,39175.0,284.76942862392065,8.064516129032258,57,61,5,0,56,60,21935,1,0,0,1,1
2020-07-10,US,Oklahoma,Adair,136,4,0,35.88494195,-94.65859267,40001.0,612.7782283500045,2.9411764705882355,132,136,4,0,132,130,22082,0,0,0,0,6
2020-07-10,US,Oklahoma,Alfalfa,1,0,0,36.73090616,-98.32408495,40003.0,17.5377060680463,0.0,1,1,0,0,1,1,5754,0,0,0,0,0
2020-07-10,US,Oklahoma,Atoka,34,0,0,34.37366573,-96.03802487,40005.0,247.12894316034308,0.0,34,31,0,0,31,30,13838,3,0,0,3,1
2020-07-10,US,Oklahoma,Beaver,32,0,0,36.7496847,-100.4758872,40007.0,602.5230653360949,0.0,32,32,0,0,32,32,5319,0,0,0,0,0
2020-07-10,US,Oklahoma,Beckham,14,0,0,35.26862449,-99.68128023,40009.0,64.04684569284963,0.0,14,13,0,0,13,13,21709,1,0,0,1,0
2020-07-10,US,Oklahoma,Blaine,21,0,0,35.87518314,-98.43307003,40011.0,222.71714922049,0.0,21,18,0,0,18,18,9485,3,0,0,3,0
2020-07-10,US,Oklahoma,Bryan,173,1,0,33.96472458,-96.25903472,40013.0,360.45421398062297,0.5780346820809249,172,154,1,0,153,146,47192,19,0,0,19,8
2020-07-10,US,Oklahoma,Caddo,204,11,0,35.17364557,-98.37534464,40015.0,709.2691746053821,5.3921568627450975,193,202,11,0,191,200,28977,2,0,0,2,2
2020-07-10,US,Oklahoma,Canadian,456,3,0,35.5426055,-97.98465569,40017.0,307.47238817040443,0.6578947368421053,453,430,3,0,427,409,144447,26,0,0,26,21
2020-07-10,US,Oklahoma,Carter,163,2,0,34.25103751,-97.28552485,40019.0,338.7998586601817,1.2269938650306749,161,159,2,0,157,151,48177,4,0,0,4,8
2020-07-10,US,Oklahoma,Cherokee,111,1,0,35.90692775,-94.99980896,40021.0,228.1275047783464,0.9009009009009008,110,105,1,0,104,97,48675,6,0,0,6,8
2020-07-10,US,Oklahoma,Choctaw,122,1,0,34.02807439,-95.54771129,40023.0,831.515812431843,0.819672131147541,121,123,1,0,122,121,14668,-1,0,0,-1,2
2020-07-10,US,Oklahoma,Cimarron,1,0,0,36.74817177,-102.5173885,40025.0,46.79457182966776,0.0,1,1,0,0,1,1,2153,0,0,0,0,0
2020-07-10,US,Oklahoma,Cleveland,1238,40,0,35.20413532,-97.32519562,40027.0,435.89400522509453,3.231017770597738,1198,1208,40,0,1168,1186,281669,30,0,0,30,22
2020-07-10,US,Oklahoma,Coal,10,0,0,34.58840127,-96.29798747,40029.0,181.98362147406726,0.0,10,10,0,0,10,10,5520,0,0,0,0,0
2020-07-10,US,Oklahoma,Comanche,479,7,0,34.65973764,-98.47195055,40031.0,396.6906558232366,1.4613778705636744,472,474,7,0,467,463,120422,5,0,0,5,11
2020-07-10,US,Oklahoma,Cotton,11,2,0,34.28845626,-98.37053567,40033.0,194.1404871161313,18.181818181818183,9,10,2,0,8,9,5776,1,0,0,1,1
2020-07-10,US,Oklahoma,Craig,27,0,0,36.76268118,-95.20916602,40035.0,190.92066185829444,0.0,27,26,0,0,26,23,14306,1,0,0,1,3
2020-07-10,US,Oklahoma,Creek,204,7,0,35.90230551,-96.37086028,40037.0,285.2269231844747,3.431372549019608,197,201,7,0,194,194,71604,3,0,0,3,7
2020-07-10,US,Oklahoma,Custer,72,0,0,35.63853802,-99.00170785,40039.0,248.250181015757,0.0,72,70,0,0,70,69,29036,2,0,0,2,1
2020-07-10,US,Oklahoma,Delaware,229,17,0,36.40823634,-94.80325046,40041.0,532.446697202911,7.423580786026201,212,218,17,0,201,200,42733,11,0,0,11,18
2020-07-10,US,Oklahoma,Dewey,4,0,0,35.98772922,-99.00730714,40043.0,81.78286648947045,0.0,4,4,0,0,4,4,4894,0,0,0,0,0
2020-07-10,US,Oklahoma,Ellis,2,0,0,36.2180194,-99.75324573,40045.0,51.82689816014511,0.0,2,2,0,0,2,2,3952,0,0,0,0,0
2020-07-10,US,Oklahoma,Garfield,102,2,0,36.3791334,-97.78265517,40047.0,167.059748427673,1.96078431372549,100,93,2,0,91,86,60913,9,0,0,9,7
2020-07-10,US,Oklahoma,Garvin,111,3,0,34.70418038,-97.30811132,40049.0,400.56295333982894,2.702702702702702,108,106,2,0,104,98,27811,5,1,0,4,8
2020-07-10,US,Oklahoma,Grady,228,5,0,35.0167709,-97.88339847,40051.0,408.35333309453017,2.1929824561403506,223,224,5,0,219,212,55551,4,0,0,4,12
2020-07-10,US,Oklahoma,Grant,2,0,0,36.796297,-97.78638765,40053.0,46.15739672282484,0.0,2,2,0,0,2,2,4326,0,0,0,0,0
2020-07-10,US,Oklahoma,Greer,68,7,0,34.93535801,-99.5605612,40055.0,1190.4761904761906,10.294117647058824,61,67,7,0,60,67,5821,1,0,0,1,0
2020-07-10,US,Oklahoma,Harmon,3,0,0,34.7440135,-99.84741652,40057.0,113.07953260459855,0.0,3,3,0,0,3,3,2664,0,0,0,0,0
2020-07-10,US,Oklahoma,Harper,1,0,0,36.78836519,-99.6679804,40059.0,27.11496746203905,0.0,1,1,0,0,1,1,3797,0,0,0,0,0
2020-07-10,US,Oklahoma,Haskell,16,0,0,35.22257600000001,-95.11513306,40061.0,126.71259998416092,0.0,16,16,0,0,16,15,12668,0,0,0,0,1
2020-07-10,US,Oklahoma,Hughes,14,0,0,35.04912569,-96.24921145,40063.0,105.42962572482868,0.0,14,13,0,0,13,13,13335,1,0,0,1,0
2020-07-10,US,Oklahoma,Jackson,55,3,0,34.58781741,-99.41138784,40065.0,224.21524663677133,5.454545454545454,52,54,3,0,51,54,24949,1,0,0,1,0
2020-07-10,US,Oklahoma,Jefferson,15,0,0,34.11130184,-97.83182974,40067.0,249.9166944351883,0.0,15,13,0,0,13,13,6123,2,0,0,2,0
2020-07-10,US,Oklahoma,Johnston,15,0,0,34.31440473,-96.66011537,40069.0,135.31799729364005,0.0,15,15,0,0,15,15,10949,0,0,0,0,0
2020-07-10,US,Oklahoma,Kay,123,8,0,36.81799745,-97.14421435,40071.0,282.5118287473012,6.5040650406504055,115,120,8,0,112,115,44161,3,0,0,3,5
2020-07-10,US,Oklahoma,Kingfisher,40,0,0,35.94530008,-97.94193268,40073.0,253.7266095781795,0.0,40,39,0,0,39,38,15816,1,0,0,1,1
2020-07-10,US,Oklahoma,Kiowa,14,1,0,34.91671958,-98.97720696,40075.0,160.77170418006432,7.142857142857142,13,15,1,0,14,15,8729,-1,0,0,-1,0
2020-07-10,US,Oklahoma,Latimer,19,1,0,34.87844729,-95.25215049,40077.0,188.6230517224263,5.2631578947368425,18,18,1,0,17,15,10231,1,0,0,1,3
2020-07-10,US,Oklahoma,Le Flore,54,1,0,34.89851864,-94.70392124,40079.0,108.31845626140854,1.851851851851852,53,53,1,0,52,48,49980,1,0,0,1,5
2020-07-10,US,Oklahoma,Lincoln,41,2,0,35.70270942,-96.8812462,40081.0,117.5559824526192,4.878048780487805,39,40,2,0,38,38,34920,1,0,0,1,2
2020-07-10,US,Oklahoma,Logan,85,1,0,35.91899576,-97.44352845,40083.0,177.04276103392974,1.1764705882352942,84,75,1,0,74,70,47291,10,0,0,10,5
2020-07-10,US,Oklahoma,Love,46,0,0,33.95273467,-97.23906784,40085.0,448.6491758509704,0.0,46,45,0,0,45,40,10134,1,0,0,1,5
2020-07-10,US,Oklahoma,Major,14,1,0,36.31149996,-98.53467076,40093.0,183.5102896841001,7.142857142857142,13,10,1,0,9,9,7644,4,0,0,4,1
2020-07-10,US,Oklahoma,Marshall,43,0,0,34.02311222,-96.76855464,40095.0,253.97200401630147,0.0,43,43,0,0,43,43,16806,0,0,0,0,0
2020-07-10,US,Oklahoma,Mayes,114,5,0,36.30179091,-95.23175116,40097.0,277.3722627737226,4.385964912280701,109,109,5,0,104,105,41107,5,0,0,5,4
2020-07-10,US,Oklahoma,McClain,230,4,0,35.01123903,-97.44572302,40087.0,568.2660473390324,1.7391304347826086,226,229,4,0,225,221,39985,1,0,0,1,8
2020-07-10,US,Oklahoma,McCurtain,600,10,0,34.11664328,-94.77222373,40089.0,1827.4853801169586,1.6666666666666667,590,596,9,0,587,581,32703,4,1,0,3,15
2020-07-10,US,Oklahoma,McIntosh,84,1,0,35.37235506,-95.66599306,40091.0,428.6589099816289,1.1904761904761905,83,79,1,0,78,71,19815,5,0,0,5,8
2020-07-10,US,Oklahoma,Murray,25,0,0,34.48116015,-97.06826283,40099.0,177.64513607617425,0.0,25,24,0,0,24,23,13953,1,0,0,1,1
2020-07-10,US,Oklahoma,Muskogee,182,14,0,35.61318461,-95.37802952,40101.0,267.65886730296927,7.6923076923076925,168,174,13,0,161,159,68362,8,1,0,7,15
2020-07-10,US,Oklahoma,Noble,51,1,0,36.38953329,-97.22928674,40103.0,458.1798580540832,1.96078431372549,50,50,1,0,49,48,11289,1,0,0,1,2
2020-07-10,US,Oklahoma,Nowata,38,1,0,36.79843529,-95.61902331,40105.0,377.1337832473204,2.631578947368421,37,37,1,0,36,37,10218,1,0,0,1,0
2020-07-10,US,Oklahoma,Okfuskee,17,0,0,35.46485198,-96.32639984,40107.0,141.74935378971063,0.0,17,17,0,0,17,16,12098,0,0,0,0,1
2020-07-10,US,Oklahoma,Oklahoma,4379,72,0,35.55140095,-97.40716948,40109.0,549.1363548582077,1.6442110070792415,4307,4194,72,0,4122,4039,792582,185,0,0,185,155
2020-07-10,US,Oklahoma,Okmulgee,136,0,0,35.64661916,-95.96432828,40111.0,353.5681788639023,0.0,136,127,0,0,127,113,38335,9,0,0,9,14
2020-07-10,US,Oklahoma,Osage,203,8,0,36.62888819,-96.39635704,40113.0,432.2551796094799,3.940886699507389,195,194,8,0,186,188,47014,9,0,0,9,6
2020-07-10,US,Oklahoma,Ottawa,137,2,0,36.83532655,-94.81011909,40115.0,440.13236097278883,1.45985401459854,135,132,2,0,130,121,31175,5,0,0,5,11
2020-07-10,US,Oklahoma,Pawnee,68,3,0,36.31743373,-96.7033176,40117.0,415.2418172936004,4.411764705882354,65,65,3,0,62,61,16390,3,0,0,3,4
2020-07-10,US,Oklahoma,Payne,476,1,0,36.07695283,-96.97584944,40119.0,582.020933189866,0.21008403361344535,475,465,1,0,464,455,82040,11,0,0,11,10
2020-07-10,US,Oklahoma,Pittsburg,71,3,0,34.92065823,-95.7513432,40121.0,162.64259861639255,4.225352112676056,68,69,3,0,66,69,43877,2,0,0,2,0
2020-07-10,US,Oklahoma,Pontotoc,69,2,0,34.72959848,-96.68337199,40123.0,180.23195068435902,2.898550724637681,67,67,2,0,65,63,38247,2,0,0,2,4
2020-07-10,US,Oklahoma,Pottawatomie,151,4,0,35.20614018,-96.94923008,40125.0,208.01190213797662,2.6490066225165565,147,142,4,0,138,134,72679,9,0,0,9,8
2020-07-10,US,Oklahoma,Pushmataha,22,0,0,34.41635232,-95.37603505,40127.0,198.26964671953857,0.0,22,20,0,0,20,17,11179,2,0,0,2,3
2020-07-10,US,Oklahoma,Roger Mills,1,0,0,35.68711719,-99.69666167,40129.0,27.909572983533355,0.0,1,,,,,,3656,,,,,
2020-07-10,US,Oklahoma,Rogers,304,7,0,36.37004357,-95.60406759,40131.0,328.79438453801146,2.3026315789473686,297,291,7,0,284,278,91984,13,0,0,13,13
2020-07-10,US,Oklahoma,Seminole,58,3,0,35.16478725,-96.61686741,40133.0,239.09638057548023,5.172413793103448,55,53,3,0,50,48,24578,5,0,0,5,5
2020-07-10,US,Oklahoma,Sequoyah,60,3,0,35.49447108,-94.75463785,40135.0,144.33832904327744,5.0,57,59,3,0,56,57,41179,1,0,0,1,2
2020-07-10,US,Oklahoma,Stephens,78,1,0,34.48556989,-97.85141892,40137.0,180.79410333078368,1.2820512820512822,77,76,1,0,75,74,43265,2,0,0,2,2
2020-07-10,US,Oklahoma,Texas,1004,6,0,36.74777635,-101.4889765,40139.0,5024.270630035529,0.5976095617529881,998,1001,6,0,995,998,20455,3,0,0,3,3
2020-07-10,US,Oklahoma,Tillman,26,1,0,34.37288446,-98.92426619,40141.0,358.62068965517244,3.8461538461538463,25,26,1,0,25,25,7348,0,0,0,0,1
2020-07-10,US,Oklahoma,Tulsa,4828,75,0,36.11939621,-95.94013939,40143.0,740.9999508864987,1.5534382767191384,4753,4693,72,0,4621,4571,648360,135,3,0,132,122
2020-07-10,US,Oklahoma,Wagoner,350,19,0,35.96024096,-95.51911308,40145.0,430.5625607400755,5.428571428571429,331,344,19,0,325,336,80110,6,0,0,6,8
2020-07-10,US,Oklahoma,Washington,445,39,0,36.71380786,-95.90514104,40147.0,863.624895685757,8.764044943820224,406,440,39,0,401,437,51843,5,0,0,5,3
2020-07-10,US,Oklahoma,Washita,8,0,0,35.29071824,-98.99180434,40149.0,73.28691828508613,0.0,8,7,0,0,7,6,11127,1,0,0,1,1
2020-07-10,US,Oklahoma,Woods,9,0,0,36.76705782,-98.86573064,40151.0,102.35414534288635,0.0,9,9,0,0,9,9,8897,0,0,0,0,0
2020-07-10,US,Oklahoma,Woodward,15,0,0,36.42316318,-99.26283045,40153.0,74.2170105388155,0.0,15,15,0,0,15,15,20222,0,0,0,0,0
2020-07-10,US,Oregon,Baker,9,0,0,44.70915557,-117.6749883,41001.0,55.817415033490455,0.0,9,8,0,0,8,8,16006,1,0,0,1,0
2020-07-10,US,Oregon,Benton,105,6,0,44.49167306,-123.4316987,41003.0,112.83891975540821,5.7142857142857135,99,99,6,0,93,98,92101,6,0,0,6,1
2020-07-10,US,Oregon,Clackamas,925,27,0,45.18787398,-122.2179634,41005.0,221.19291130522944,2.918918918918919,898,914,27,0,887,894,416075,11,0,0,11,20
2020-07-10,US,Oregon,Clatsop,55,0,0,45.99712889,-123.660711,41007.0,136.7342879872713,0.0,55,55,0,0,55,55,39764,0,0,0,0,0
2020-07-10,US,Oregon,Columbia,47,0,0,45.94464254,-123.0890898,41009.0,89.77346525575888,0.0,47,47,0,0,47,45,52377,0,0,0,0,2
2020-07-10,US,Oregon,Coos,52,0,0,43.17406868,-124.0594514,41011.0,80.63640733791307,0.0,52,52,0,0,52,48,64389,0,0,0,0,4
2020-07-10,US,Oregon,Crook,18,1,0,44.14230227,-120.356297,41013.0,73.7584002622521,5.5555555555555545,17,17,1,0,16,15,23867,1,0,0,1,2
2020-07-10,US,Oregon,Curry,9,0,0,42.45911325,-124.157282,41015.0,39.25845147219193,0.0,9,9,0,0,9,9,22813,0,0,0,0,0
2020-07-10,US,Oregon,Deschutes,237,0,0,43.91570171,-121.2289121,41017.0,119.8834550715254,0.0,237,229,0,0,229,224,191996,8,0,0,8,5
2020-07-10,US,Oregon,Douglas,58,0,0,43.27941273,-123.167291,41019.0,52.261668769147605,0.0,58,56,0,0,56,56,110283,2,0,0,2,0
2020-07-10,US,Oregon,Gilliam,1,0,0,45.37160076,-120.2048869,41021.0,52.30125523012552,0.0,1,1,0,0,1,1,1894,0,0,0,0,0
2020-07-10,US,Oregon,Grant,1,0,0,44.49024544,-119.0068631,41023.0,13.890818169190164,0.0,1,1,0,0,1,1,7176,0,0,0,0,0
2020-07-10,US,Oregon,Harney,2,0,0,43.06422669,-118.9666306,41025.0,27.052617340727714,0.0,2,2,0,0,2,2,7329,0,0,0,0,0
2020-07-10,US,Oregon,Hood River,103,0,0,45.51872811,-121.65520359999998,41027.0,440.5097938585237,0.0,103,99,0,0,99,98,23428,4,0,0,4,1
2020-07-10,US,Oregon,Jackson,173,0,0,42.43201126,-122.7289309,41029.0,78.30038380766167,0.0,173,164,0,0,164,157,219564,9,0,0,9,7
2020-07-10,US,Oregon,Jefferson,160,0,0,44.62806839,-121.17832,41031.0,648.8766323302782,0.0,160,145,0,0,145,137,24192,15,0,0,15,8
2020-07-10,US,Oregon,Josephine,55,1,0,42.3665549,-123.5561938,41033.0,62.866483020334464,1.818181818181818,54,54,1,0,53,61,87393,1,0,0,1,-7
2020-07-10,US,Oregon,Klamath,131,1,0,42.68762984,-121.64964609999998,41035.0,191.97514581318327,0.7633587786259542,130,131,1,0,130,131,67653,0,0,0,0,0
2020-07-10,US,Oregon,Lake,24,0,0,42.79246693,-120.3850163,41037.0,304.99428135722457,0.0,24,24,0,0,24,22,7879,0,0,0,0,2
2020-07-10,US,Oregon,Lane,281,3,0,43.93727035,-122.847753,41039.0,73.5473097650412,1.0676156583629892,278,271,3,0,268,253,379611,10,0,0,10,18
2020-07-10,US,Oregon,Lincoln,362,5,0,44.64252874,-123.869912,41041.0,724.5506585004604,1.3812154696132597,357,363,4,0,359,349,49388,-1,1,0,-2,14
2020-07-10,US,Oregon,Linn,172,10,0,44.48899494,-122.5373154,41043.0,132.56364210899505,5.813953488372092,162,168,10,0,158,165,127335,4,0,0,4,3
2020-07-10,US,Oregon,Malheur,286,1,0,43.1937027,-117.6227395,41045.0,935.5271335579472,0.34965034965034963,285,266,1,0,265,235,30725,20,0,0,20,31
2020-07-10,US,Oregon,Marion,1770,53,0,44.90287942,-122.5815117,41047.0,508.8868316188351,2.9943502824858768,1717,1743,53,0,1690,1697,346868,27,0,0,27,46
2020-07-10,US,Oregon,Morrow,131,1,0,45.41846568,-119.584546,41049.0,1129.0183573213824,0.7633587786259542,130,132,1,0,131,119,11372,-1,0,0,-1,13
2020-07-10,US,Oregon,Multnomah,2730,72,0,45.54747959,-122.4169351,41051.0,335.853257961137,2.6373626373626373,2658,2694,72,0,2622,2608,811880,36,0,0,36,86
2020-07-10,US,Oregon,Polk,171,12,0,44.90322804,-123.4128888,41053.0,198.6408782017773,7.0175438596491215,159,168,12,0,156,166,85234,3,0,0,3,2
2020-07-10,US,Oregon,Sherman,3,0,0,45.41501554,-120.6827834,41055.0,168.53932584269663,0.0,3,3,0,0,3,3,1708,0,0,0,0,0
2020-07-10,US,Oregon,Tillamook,16,0,0,45.46248721,-123.712066,41057.0,59.18035212309513,0.0,16,15,0,0,15,15,26787,1,0,0,1,0
2020-07-10,US,Oregon,Umatilla,937,7,0,45.59073056,-118.7353826,41059.0,1202.052597819115,0.7470651013874067,930,886,7,0,879,834,77516,51,0,0,51,52
2020-07-10,US,Oregon,Union,368,2,0,45.30915495,-118.0068979,41061.0,1371.3433948201975,0.5434782608695652,366,367,1,0,366,363,26461,1,1,0,0,4
2020-07-10,US,Oregon,Wallowa,13,0,0,45.57894064,-117.18353799999998,41063.0,180.35516093229745,0.0,13,12,0,0,12,11,7081,1,0,0,1,1
2020-07-10,US,Oregon,Wasco,106,1,0,45.16292781,-121.1670954,41065.0,397.27156884791253,0.9433962264150944,105,102,1,0,101,97,26505,4,0,0,4,5
2020-07-10,US,Oregon,Washington,1764,20,0,45.55972701,-123.0955257,41067.0,293.2219843348981,1.1337868480725624,1744,1720,20,0,1700,1676,597695,44,0,0,44,44
2020-07-10,US,Oregon,Yamhill,179,9,0,45.23330449,-123.3086963,41071.0,167.13352007469655,5.027932960893856,170,171,9,0,162,164,107002,8,0,0,8,7
2020-07-10,US,Pennsylvania,Adams,377,14,0,39.87140411,-77.21610347,42001.0,365.9874379908552,3.713527851458886,363,366,13,0,353,361,102811,11,1,0,10,5
2020-07-10,US,Pennsylvania,Allegheny,4547,193,0,40.46809875,-79.98167747,42003.0,373.91708366055536,4.244556850670772,4354,4367,193,0,4174,4209,1218452,180,0,0,180,158
2020-07-10,US,Pennsylvania,Armstrong,84,6,0,40.81665618,-79.46290811,42005.0,129.7597899127211,7.142857142857142,78,80,6,0,74,79,65263,4,0,0,4,1
2020-07-10,US,Pennsylvania,Beaver,809,79,0,40.6825484,-80.34921611,42007.0,493.50633505969046,9.765142150803461,730,796,79,0,717,785,164742,13,0,0,13,11
2020-07-10,US,Pennsylvania,Bedford,92,4,0,40.00522157,-78.48998442,42009.0,192.11493484797862,4.3478260869565215,88,91,4,0,87,90,48176,1,0,0,1,1
2020-07-10,US,Pennsylvania,Berks,4663,357,0,40.41570541,-75.92457766,42011.0,1107.169653626616,7.65601544070341,4306,4647,356,0,4291,4623,420152,16,1,0,15,24
2020-07-10,US,Pennsylvania,Blair,99,1,0,40.47961444,-78.34917412,42013.0,81.26144021538386,1.0101010101010102,98,93,1,0,92,90,122492,6,0,0,6,3
2020-07-10,US,Pennsylvania,Bradford,59,3,0,41.78869215,-76.51570822,42015.0,97.80680669064868,5.084745762711863,56,59,3,0,56,59,60833,0,0,0,0,0
2020-07-10,US,Pennsylvania,Bucks,6030,572,0,40.33682119,-75.10836643,42017.0,959.7784392060738,9.485903814262024,5458,6003,571,0,5432,5967,628195,27,1,0,26,36
2020-07-10,US,Pennsylvania,Butler,403,13,0,40.91152759,-79.91351055,42019.0,214.5294458965255,3.2258064516129035,390,396,13,0,383,390,187888,7,0,0,7,6
2020-07-10,US,Pennsylvania,Cambria,123,3,0,40.49527404,-78.71377428,42021.0,94.47585105075581,2.4390243902439024,120,113,3,0,110,110,131730,10,0,0,10,3
2020-07-10,US,Pennsylvania,Cameron,4,0,0,41.43625568,-78.20376845,42023.0,89.94827973915001,0.0,4,4,0,0,4,4,4492,0,0,0,0,0
2020-07-10,US,Pennsylvania,Carbon,296,27,0,40.91545395,-75.7068525,42025.0,461.18849521672735,9.12162162162162,269,293,27,0,266,291,64227,3,0,0,3,2
2020-07-10,US,Pennsylvania,Centre,239,8,0,40.92058903,-77.82200624,42027.0,147.18108199648984,3.3472803347280333,231,235,8,0,227,232,162805,4,0,0,4,3
2020-07-10,US,Pennsylvania,Chester,3954,333,0,39.97291773,-75.74768357,42029.0,753.1586376095497,8.42185128983308,3621,3918,332,0,3586,3892,522046,36,1,0,35,26
2020-07-10,US,Pennsylvania,Clarion,60,2,0,41.19265812,-79.42413524,42031.0,156.09553046464438,3.333333333333333,58,49,2,0,47,49,38779,11,0,0,11,0
2020-07-10,US,Pennsylvania,Clearfield,85,0,0,41.00110782,-78.47592663,42033.0,107.24875402182829,0.0,85,82,0,0,82,82,79388,3,0,0,3,0
2020-07-10,US,Pennsylvania,Clinton,95,4,0,41.23255967,-77.63785995,42035.0,245.9101263201491,4.2105263157894735,91,91,4,0,87,86,38684,4,0,0,4,5
2020-07-10,US,Pennsylvania,Columbia,417,35,0,41.04821986,-76.40565017,42037.0,641.8939720460562,8.393285371702637,382,416,35,0,381,413,65456,1,0,0,1,3
2020-07-10,US,Pennsylvania,Crawford,77,1,0,41.68447709,-80.10760592,42039.0,90.98535962849613,1.2987012987012987,76,76,1,0,75,74,85063,1,0,0,1,2
2020-07-10,US,Pennsylvania,Cumberland,930,66,0,40.1625372,-77.26130755,42041.0,367.0521371906698,7.096774193548387,864,922,66,0,856,912,251423,8,0,0,8,10
2020-07-10,US,Pennsylvania,Dauphin,2268,149,0,40.41377078,-76.77993242,42043.0,814.9508262695877,6.5696649029982375,2119,2247,148,0,2099,2236,277097,21,1,0,20,11
2020-07-10,US,Pennsylvania,Delaware,7495,667,0,39.91680171,-75.40243663,42045.0,1322.459580730026,8.899266177451635,6828,7447,664,0,6783,7427,564751,48,3,0,45,20
2020-07-10,US,Pennsylvania,Elk,29,0,0,41.42822061,-78.64524744,42047.0,96.95753928452022,0.0,29,29,0,0,29,28,30169,0,0,0,0,1
2020-07-10,US,Pennsylvania,Erie,704,12,0,41.99253829,-80.03301954,42049.0,261.003677779096,1.7045454545454546,692,699,12,0,687,691,272061,5,0,0,5,8
2020-07-10,US,Pennsylvania,Fayette,178,4,0,39.92041012,-79.64291195,42051.0,137.69203397434904,2.247191011235955,174,163,4,0,159,160,130441,15,0,0,15,3
2020-07-10,US,Pennsylvania,Forest,7,0,0,41.51095103,-79.23229292,42053.0,96.59169311439214,0.0,7,7,0,0,7,7,7279,0,0,0,0,0
2020-07-10,US,Pennsylvania,Franklin,993,46,0,39.92956518,-77.72157791,42055.0,640.5335844723822,4.632426988922457,947,989,46,0,943,984,154835,4,0,0,4,5
2020-07-10,US,Pennsylvania,Fulton,19,1,0,39.92913544,-78.11163677,42057.0,130.76393668272544,5.2631578947368425,18,19,1,0,18,18,14523,0,0,0,0,1
2020-07-10,US,Pennsylvania,Greene,61,0,0,39.85746531,-80.22357106,42059.0,168.35481467170808,0.0,61,56,0,0,56,52,36506,5,0,0,5,4
2020-07-10,US,Pennsylvania,Huntingdon,256,4,0,40.42162652,-77.97673273,42061.0,567.0742512847776,1.5625,252,254,4,0,250,254,45168,2,0,0,2,0
2020-07-10,US,Pennsylvania,Indiana,121,6,0,40.65241041,-79.08963285,42063.0,143.92254350385974,4.958677685950414,115,121,6,0,115,119,84501,0,0,0,0,2
2020-07-10,US,Pennsylvania,Jefferson,37,1,0,41.12913106,-78.9986361,42065.0,85.20437535981577,2.702702702702702,36,34,1,0,33,33,43641,3,0,0,3,1
2020-07-10,US,Pennsylvania,Juniata,114,6,0,40.53358749,-77.39975129999998,42067.0,460.3642531195736,5.2631578947368425,108,114,6,0,108,114,24704,0,0,0,0,0
2020-07-10,US,Pennsylvania,Lackawanna,1753,209,0,41.43564672,-75.60379201,42069.0,836.0597880519283,11.922418710781518,1544,1749,209,0,1540,1743,210793,4,0,0,4,6
2020-07-10,US,Pennsylvania,Lancaster,4783,382,0,40.03904563,-76.24770128,42071.0,876.4503668521083,7.9866192766046415,4401,4711,377,0,4334,4673,543557,72,5,0,67,38
2020-07-10,US,Pennsylvania,Lawrence,159,9,0,40.99206278,-80.33393706,42073.0,185.93881560482743,5.660377358490566,150,146,9,0,137,141,86184,13,0,0,13,5
2020-07-10,US,Pennsylvania,Lebanon,1419,48,0,40.36680311,-76.45651841,42075.0,1000.7546211731186,3.382663847780127,1371,1404,47,0,1357,1399,141314,15,1,0,14,5
2020-07-10,US,Pennsylvania,Lehigh,4391,319,0,40.6154815,-75.59435245,42077.0,1188.948277636075,7.264859940787975,4072,4370,315,0,4055,4354,368100,21,4,0,17,16
2020-07-10,US,Pennsylvania,Luzerne,2992,181,0,41.17823008,-75.98447579,42079.0,942.6086189460553,6.049465240641712,2811,2979,179,0,2800,2967,317646,13,2,0,11,12
2020-07-10,US,Pennsylvania,Lycoming,239,20,0,41.34310539,-77.06629984,42081.0,210.9462572485194,8.368200836820082,219,234,20,0,214,232,113664,5,0,0,5,2
2020-07-10,US,Pennsylvania,McKean,20,1,0,41.80938602,-78.56478358,42083.0,49.23076923076921,5.0,19,20,1,0,19,20,40968,0,0,0,0,0
2020-07-10,US,Pennsylvania,Mercer,162,6,0,41.30248872,-80.25816981,42085.0,148.04796022810353,3.703703703703704,156,161,6,0,155,159,110683,1,0,0,1,2
2020-07-10,US,Pennsylvania,Mifflin,70,1,0,40.61116939,-77.61070738,42087.0,151.71875677315882,1.4285714285714286,69,70,1,0,69,68,46222,0,0,0,0,2
2020-07-10,US,Pennsylvania,Monroe,1462,111,0,41.05934058,-75.34031025,42089.0,858.6312407867457,7.592339261285909,1351,1456,111,0,1345,1451,169507,6,0,0,6,5
2020-07-10,US,Pennsylvania,Montgomery,8790,826,0,40.21053671,-75.36652296,42091.0,1057.869938561706,9.397042093287826,7964,8749,822,0,7927,8718,828604,41,4,0,37,31
2020-07-10,US,Pennsylvania,Montour,77,2,0,41.03023987,-76.66345939,42093.0,422.38069116840376,2.5974025974025974,75,76,2,0,74,76,18240,1,0,0,1,0
2020-07-10,US,Pennsylvania,Northampton,3527,278,0,40.75182733,-75.30471829,42095.0,1155.3138870236012,7.882052736036291,3249,3513,276,0,3237,3500,304807,14,2,0,12,13
2020-07-10,US,Pennsylvania,Northumberland,342,8,0,40.84785433,-76.70798222,42097.0,376.4736963772663,2.3391812865497075,334,339,8,0,331,334,91083,3,0,0,3,5
2020-07-10,US,Pennsylvania,Perry,90,5,0,40.40206612,-77.26297447,42099.0,194.50207468879668,5.5555555555555545,85,89,5,0,84,89,46139,1,0,0,1,0
2020-07-10,US,Pennsylvania,Philadelphia,27341,1635,0,40.00338507,-75.1379271,42101.0,1726.0034948082905,5.980029991587727,25706,27228,1633,0,25595,26969,1584138,113,2,0,111,259
2020-07-10,US,Pennsylvania,Pike,504,21,0,41.33155042,-75.03208106,42103.0,903.0801483631673,4.166666666666667,483,504,21,0,483,504,55933,0,0,0,0,0
2020-07-10,US,Pennsylvania,Potter,17,0,0,41.74471626,-77.89559864,42105.0,102.86820767275809,0.0,17,17,0,0,17,17,16622,0,0,0,0,0
2020-07-10,US,Pennsylvania,Schuylkill,769,47,0,40.70497338,-76.2150785,42107.0,544.0049802276474,6.111833550065019,722,765,47,0,718,761,142067,4,0,0,4,4
2020-07-10,US,Pennsylvania,Snyder,72,2,0,40.77129231,-77.06840691,42109.0,178.3414247498266,2.7777777777777777,70,72,2,0,70,71,40540,0,0,0,0,1
2020-07-10,US,Pennsylvania,Somerset,73,1,0,39.97172723,-79.02699593,42111.0,99.39139787874252,1.3698630136986298,72,69,1,0,68,67,73952,4,0,0,4,2
2020-07-10,US,Pennsylvania,Sullivan,10,0,0,41.44634738,-76.51246591,42113.0,164.85328058028355,0.0,10,10,0,0,10,10,6071,0,0,0,0,0
2020-07-10,US,Pennsylvania,Susquehanna,192,25,0,41.82147784,-75.80071959,42115.0,476.0960126958937,13.020833333333336,167,190,25,0,165,190,40589,2,0,0,2,0
2020-07-10,US,Pennsylvania,Tioga,27,2,0,41.77255149,-77.25433032,42117.0,66.51720824813383,7.407407407407407,25,27,2,0,25,27,40763,0,0,0,0,0
2020-07-10,US,Pennsylvania,Union,97,2,0,40.96188846,-77.05996014,42119.0,215.9250272688823,2.061855670103093,95,97,2,0,95,98,44785,0,0,0,0,-1
2020-07-10,US,Pennsylvania,Venango,34,0,0,41.40323442,-79.75845449,42121.0,67.10349727638746,0.0,34,35,0,0,35,34,51266,-1,0,0,-1,1
2020-07-10,US,Pennsylvania,Warren,9,1,0,41.81304978,-79.26969577,42123.0,22.964456125130766,11.111111111111109,8,7,1,0,6,7,39498,2,0,0,2,0
2020-07-10,US,Pennsylvania,Washington,410,6,0,40.19208869,-80.24582867,42125.0,198.19689169264976,1.4634146341463414,404,366,6,0,360,356,207346,44,0,0,44,10
2020-07-10,US,Pennsylvania,Wayne,141,8,0,41.64938475,-75.29956506,42127.0,274.52736512139563,5.673758865248227,133,141,8,0,133,141,51276,0,0,0,0,0
2020-07-10,US,Pennsylvania,Westmoreland,952,39,0,40.31377979999999,-79.46615476,42129.0,272.8583343603736,4.0966386554621845,913,917,39,0,878,896,350611,35,0,0,35,21
2020-07-10,US,Pennsylvania,Wyoming,42,7,0,41.51955538,-76.01074915,42131.0,156.75151153243263,16.666666666666668,35,41,7,0,34,40,27046,1,0,0,1,1
2020-07-10,US,Pennsylvania,York,1791,61,0,39.9210089,-76.73040131,42133.0,398.83489437889983,3.4059184812953656,1730,1714,57,0,1657,1692,448273,77,4,0,73,22
2020-07-10,US,Rhode Island,Bristol,256,0,0,41.71018079,-71.28652315,44001.0,528.0636976835331,0.0,256,256,0,0,256,256,48649,0,0,0,0,0
2020-07-10,US,Rhode Island,Kent,1234,0,0,41.67106337,-71.57641596,44003.0,751.1016969785504,0.0,1234,1234,0,0,1234,1234,163861,0,0,0,0,0
2020-07-10,US,Rhode Island,Newport,331,0,0,41.5642026,-71.26569799,44005.0,403.25528130406167,0.0,331,331,0,0,331,331,82542,0,0,0,0,0
2020-07-10,US,Rhode Island,Providence,13144,0,0,41.87064746,-71.57753536,44007.0,2057.1861437307,0.0,13144,13144,0,0,13144,13144,636084,0,0,0,0,0
2020-07-10,US,Rhode Island,Unassigned,1809,976,0,0.0,0.0,90044.0,0.0,53.95245992260918,833,1740,974,0,766,1701,,69,2,0,67,39
2020-07-10,US,Rhode Island,Washington,538,0,0,41.45961631,-71.61435303,44009.0,428.4224021914842,0.0,538,538,0,0,538,538,126179,0,0,0,0,0
2020-07-10,US,South Carolina,Abbeville,141,1,0,34.22333378,-82.46170658,45001.0,574.876666530762,0.7092198581560284,140,138,1,0,137,137,24541,3,0,0,3,1
2020-07-10,US,South Carolina,Aiken,599,11,0,33.54338026,-81.63645384,45003.0,350.55480125474037,1.8363939899833053,588,575,11,0,564,545,169401,24,0,0,24,30
2020-07-10,US,South Carolina,Allendale,75,3,0,32.98837386,-81.35321066,45005.0,863.2596685082872,4.0,72,73,3,0,70,64,8903,2,0,0,2,9
2020-07-10,US,South Carolina,Anderson,943,19,0,34.51828081,-82.63959517,45007.0,465.5456708695781,2.0148462354188763,924,908,16,0,892,886,200482,35,3,0,32,22
2020-07-10,US,South Carolina,Bamberg,160,2,0,33.21927586,-81.05659969,45009.0,1137.494667993744,1.25,158,158,1,0,157,154,14275,2,1,0,1,4
2020-07-10,US,South Carolina,Barnwell,114,1,0,33.26679302,-81.43584352,45011.0,546.3433336528324,0.8771929824561403,113,106,1,0,105,101,21112,8,0,0,8,5
2020-07-10,US,South Carolina,Beaufort,1814,23,0,32.39226291,-80.72619758,45013.0,944.1917115166403,1.2679162072767365,1791,1723,23,0,1700,1685,188715,91,0,0,91,38
2020-07-10,US,South Carolina,Berkeley,2019,25,0,33.20222596,-79.94654523,45015.0,885.8876647053403,1.2382367508667658,1994,1908,24,0,1884,1783,221091,111,1,0,110,125
2020-07-10,US,South Carolina,Calhoun,140,2,0,33.66926881,-80.77722168,45017.0,962.0009620009621,1.4285714285714286,138,117,2,0,115,114,14520,23,0,0,23,3
2020-07-10,US,South Carolina,Charleston,6961,52,0,32.82487866,-79.96512315,45019.0,1692.0025473619733,0.7470191064502226,6909,6699,51,0,6648,6337,405905,262,1,0,261,362
2020-07-10,US,South Carolina,Cherokee,235,9,0,35.05122251,-81.61828622,45021.0,410.12216404886567,3.8297872340425534,226,226,8,0,218,216,57078,9,1,0,8,10
2020-07-10,US,South Carolina,Chester,261,2,0,34.69249168,-81.1583216,45023.0,809.4529214737628,0.7662835249042146,259,247,2,0,245,241,32251,14,0,0,14,6
2020-07-10,US,South Carolina,Chesterfield,432,15,0,34.64137396,-80.15640140000002,45025.0,946.3307776560788,3.4722222222222223,417,422,15,0,407,421,45754,10,0,0,10,1
2020-07-10,US,South Carolina,Clarendon,463,45,0,33.66610974,-80.21647898,45027.0,1372.0551192769299,9.719222462203023,418,462,45,0,417,454,33700,1,0,0,1,8
2020-07-10,US,South Carolina,Colleton,432,22,0,32.87582989,-80.67641292,45029.0,1146.5881041484195,5.092592592592593,410,423,22,0,401,411,37660,9,0,0,9,12
2020-07-10,US,South Carolina,Darlington,531,17,0,34.33358335,-79.96027485,45031.0,797.0818697649282,3.2015065913371004,514,519,17,0,502,515,66802,12,0,0,12,4
2020-07-10,US,South Carolina,Dillon,370,13,0,34.39007791,-79.37741872,45033.0,1213.950588930083,3.5135135135135136,357,363,13,0,350,356,30599,7,0,0,7,7
2020-07-10,US,South Carolina,Dorchester,1357,8,0,33.0794369,-80.40502652,45035.0,833.4920059701857,0.5895357406042742,1349,1295,7,0,1288,1230,160647,62,1,0,61,65
2020-07-10,US,South Carolina,Edgefield,110,4,0,33.77221995,-81.96231108,45037.0,403.5216434336023,3.636363636363636,106,108,4,0,104,106,27052,2,0,0,2,2
2020-07-10,US,South Carolina,Fairfield,335,22,0,34.39287073,-81.1195624,45039.0,1499.0826509151113,6.567164179104477,313,331,22,0,309,325,22402,4,0,0,4,6
2020-07-10,US,South Carolina,Florence,1525,58,0,34.02361754,-79.70189312,45041.0,1102.7311577592502,3.80327868852459,1467,1492,56,0,1436,1458,138159,33,2,0,31,34
2020-07-10,US,South Carolina,Georgetown,729,7,0,33.43443342,-79.33202141,45043.0,1163.0504148053606,0.9602194787379972,722,724,7,0,717,691,62249,5,0,0,5,33
2020-07-10,US,South Carolina,Greenville,6653,103,0,34.89502264,-82.37295012,45045.0,1270.7671972831215,1.5481737562002105,6550,6443,101,0,6342,6235,514213,210,2,0,208,208
2020-07-10,US,South Carolina,Greenwood,697,7,0,34.15272415,-82.12715789,45047.0,984.3103472624307,1.0043041606886658,690,669,7,0,662,649,70741,28,0,0,28,20
2020-07-10,US,South Carolina,Hampton,92,3,0,32.77419582,-81.13845571,45049.0,478.6182499219643,3.260869565217391,89,93,3,0,90,88,19351,-1,0,0,-1,5
2020-07-10,US,South Carolina,Horry,5377,67,0,33.9212828,-78.99555293,45051.0,1518.579082187409,1.246047982146178,5310,5205,65,0,5140,5016,344147,172,2,0,170,189
2020-07-10,US,South Carolina,Jasper,248,3,0,32.43171982,-81.02487495,45053.0,824.6599940145645,1.2096774193548387,245,221,3,0,218,215,28971,27,0,0,27,6
2020-07-10,US,South Carolina,Kershaw,832,17,0,34.33988254,-80.58763164,45055.0,1250.1690432901084,2.043269230769231,815,822,17,0,805,807,65592,10,0,0,10,15
2020-07-10,US,South Carolina,Lancaster,612,14,0,34.68270843,-80.70513032,45057.0,624.4133371423908,2.2875816993464047,598,594,14,0,580,579,95380,18,0,0,18,15
2020-07-10,US,South Carolina,Laurens,692,14,0,34.48244419,-82.00490796,45059.0,1025.2915117123257,2.0231213872832368,678,667,13,0,654,644,66994,25,1,0,24,23
2020-07-10,US,South Carolina,Lee,340,22,0,34.16393091,-80.25690731,45061.0,2020.442120275731,6.470588235294117,318,331,22,0,309,331,17142,9,0,0,9,0
2020-07-10,US,South Carolina,Lexington,2750,57,0,33.89665987,-81.27146426,45063.0,920.5020920502092,2.0727272727272728,2693,2677,56,0,2621,2612,295032,73,1,0,72,65
2020-07-10,US,South Carolina,Marion,299,9,0,34.07859748,-79.36400756,45067.0,975.3074338650226,3.0100334448160537,290,294,9,0,285,285,31039,5,0,0,5,9
2020-07-10,US,South Carolina,Marlboro,328,4,0,34.59905577,-79.67561152,45069.0,1255.8388850601118,1.2195121951219512,324,328,4,0,324,327,26398,0,0,0,0,1
2020-07-10,US,South Carolina,McCormick,36,2,0,33.90161443,-82.30794338,45065.0,380.4290394166755,5.5555555555555545,34,32,2,0,30,28,9410,4,0,0,4,4
2020-07-10,US,South Carolina,Newberry,377,5,0,34.28629098,-81.59935761,45071.0,980.7492195629553,1.326259946949602,372,355,5,0,350,344,38520,22,0,0,22,11
2020-07-10,US,South Carolina,Oconee,411,1,0,34.75225169,-83.06742317,45073.0,516.6821713222538,0.24330900243309006,410,373,1,0,372,358,78374,38,0,0,38,15
2020-07-10,US,South Carolina,Orangeburg,1066,20,0,33.4391073,-80.79886287,45075.0,1237.0176965477224,1.876172607879925,1046,1028,19,0,1009,983,86934,38,1,0,37,45
2020-07-10,US,South Carolina,Pickens,1115,7,0,34.88807695,-82.72791551,45077.0,878.7553986318213,0.6278026905829597,1108,1072,6,0,1066,1042,124937,43,1,0,42,30
2020-07-10,US,South Carolina,Richland,4571,97,0,34.01791263,-80.90267209,45079.0,1099.4350092240938,2.1220739444322905,4474,4470,93,0,4377,4344,414576,101,4,0,97,126
2020-07-10,US,South Carolina,Saluda,259,2,0,34.00795823,-81.72713237,45081.0,1265.0808381771112,0.7722007722007722,257,254,2,0,252,249,20544,5,0,0,5,5
2020-07-10,US,South Carolina,Spartanburg,2238,58,0,34.92960077,-81.99225984,45083.0,699.8452084994606,2.59159964253798,2180,2158,58,0,2100,2083,313888,80,0,0,80,75
2020-07-10,US,South Carolina,Sumter,1313,29,0,33.91826534,-80.37942316,45085.0,1230.3108104309367,2.2086824067022093,1284,1305,27,0,1278,1256,106512,8,2,0,6,49
2020-07-10,US,South Carolina,Union,138,0,0,34.68835752,-81.61730349,45087.0,505.19841850929856,0.0,138,133,0,0,133,127,27410,5,0,0,5,6
2020-07-10,US,South Carolina,Williamsburg,469,15,0,33.62190129,-79.72767442,45089.0,1544.3888303477345,3.1982942430703623,454,465,15,0,450,459,30606,4,0,0,4,6
2020-07-10,US,South Carolina,York,1760,12,0,34.97281497,-81.18085944,45091.0,626.3813309891486,0.6818181818181818,1748,1685,12,0,1673,1618,274118,75,0,0,75,67
2020-07-10,US,South Dakota,Aurora,34,0,0,43.71757685,-98.56050467,46003.0,1235.9142130134496,0.0,34,34,0,0,34,34,2801,0,0,0,0,0
2020-07-10,US,South Dakota,Beadle,551,7,0,44.41464384,-98.27858469,46005.0,2985.964341841435,1.2704174228675136,544,551,7,0,544,549,18883,0,0,0,0,2
2020-07-10,US,South Dakota,Bennett,4,0,0,43.19486375,-101.6665572,46007.0,118.87072808320951,0.0,4,4,0,0,4,4,3468,0,0,0,0,0
2020-07-10,US,South Dakota,Bon Homme,13,0,0,42.98914167,-97.88592746,46009.0,188.37849587016373,0.0,13,13,0,0,13,12,6980,0,0,0,0,1
2020-07-10,US,South Dakota,Brookings,90,0,0,44.36974375,-96.79079945,46011.0,256.57838469652484,0.0,90,86,0,0,86,86,35232,4,0,0,4,0
2020-07-10,US,South Dakota,Brown,354,2,0,45.58994323,-98.35165355,46013.0,911.4549808182496,0.5649717514124294,352,352,2,0,350,350,39316,2,0,0,2,2
2020-07-10,US,South Dakota,Brule,33,0,0,43.71756379,-99.08118954,46015.0,622.9941476307342,0.0,33,33,0,0,33,30,5229,0,0,0,0,3
2020-07-10,US,South Dakota,Buffalo,83,3,0,44.07657829,-99.20814467,46017.0,4230.377166156983,3.614457831325301,80,84,3,0,81,79,2036,-1,0,0,-1,5
2020-07-10,US,South Dakota,Butte,2,0,0,44.90608745,-103.5079318,46019.0,19.177294083804775,0.0,2,1,0,0,1,1,10222,1,0,0,1,0
2020-07-10,US,South Dakota,Campbell,1,0,0,45.77074915,-100.0510181,46021.0,72.67441860465118,0.0,1,1,0,0,1,1,1377,0,0,0,0,0
2020-07-10,US,South Dakota,Charles Mix,96,0,0,43.20660134,-98.58856175,46023.0,1033.1467929401636,0.0,96,96,0,0,96,95,9338,0,0,0,0,1
2020-07-10,US,South Dakota,Clark,15,0,0,44.85834507,-97.72925109,46025.0,401.4989293361885,0.0,15,15,0,0,15,15,3739,0,0,0,0,0
2020-07-10,US,South Dakota,Clay,93,0,0,42.91296147,-96.97656917,46027.0,660.9808102345414,0.0,93,92,0,0,92,90,14041,1,0,0,1,2
2020-07-10,US,South Dakota,Codington,92,0,0,44.97788119,-97.18827677,46029.0,328.46585026241564,0.0,92,90,0,0,90,86,28015,2,0,0,2,4
2020-07-10,US,South Dakota,Corson,19,0,0,45.70889983,-101.1970473,46031.0,465.00244738130203,0.0,19,19,0,0,19,19,4165,0,0,0,0,0
2020-07-10,US,South Dakota,Custer,10,0,0,43.67741105,-103.4534521,46033.0,111.45786892554614,0.0,10,10,0,0,10,10,8726,0,0,0,0,0
2020-07-10,US,South Dakota,Davison,52,0,0,43.67490933,-98.14458906,46035.0,262.95828065739573,0.0,52,51,0,0,51,50,19790,1,0,0,1,1
2020-07-10,US,South Dakota,Day,19,0,0,45.367281,-97.60737498,46037.0,350.29498525073745,0.0,19,19,0,0,19,19,5505,0,0,0,0,0
2020-07-10,US,South Dakota,Deuel,4,0,0,44.75994309,-96.66943645,46039.0,91.93288899103656,0.0,4,4,0,0,4,4,4337,0,0,0,0,0
2020-07-10,US,South Dakota,Dewey,33,0,0,45.15639647,-100.8709139,46041.0,560.081466395112,0.0,33,27,0,0,27,12,5904,6,0,0,6,15
2020-07-10,US,South Dakota,Douglas,10,0,0,43.38520741,-98.36978007,46043.0,342.3485107839781,0.0,10,10,0,0,10,10,2935,0,0,0,0,0
2020-07-10,US,South Dakota,Edmunds,8,0,0,45.41846445,-99.21545423,46045.0,208.9318359885088,0.0,8,8,0,0,8,8,3875,0,0,0,0,0
2020-07-10,US,South Dakota,Fall River,13,0,0,43.23929297,-103.5275691,46047.0,193.65410397735738,0.0,13,13,0,0,13,13,6758,0,0,0,0,0
2020-07-10,US,South Dakota,Faulk,24,1,0,45.07082625,-99.14535601,46049.0,1043.9321444106133,4.166666666666667,23,23,1,0,22,23,2330,1,0,0,1,0
2020-07-10,US,South Dakota,Grant,16,0,0,45.1723937,-96.77002276,46051.0,226.88598979013042,0.0,16,16,0,0,16,14,7147,0,0,0,0,2
2020-07-10,US,South Dakota,Gregory,5,0,0,43.19419064,-99.18883902,46053.0,119.47431302270012,0.0,5,5,0,0,5,4,4212,0,0,0,0,1
2020-07-10,US,South Dakota,Haakon,1,0,0,44.29299053,-101.539099,46055.0,52.6592943654555,0.0,1,1,0,0,1,1,1918,0,0,0,0,0
2020-07-10,US,South Dakota,Hamlin,13,0,0,44.67385954,-97.18829593,46057.0,210.90201168072682,0.0,13,13,0,0,13,13,6111,0,0,0,0,0
2020-07-10,US,South Dakota,Hand,7,0,0,44.54708407,-99.00386459,46059.0,219.36696960200558,0.0,7,7,0,0,7,7,3262,0,0,0,0,0
2020-07-10,US,South Dakota,Hanson,13,0,0,43.6746384,-97.78715148,46061.0,376.4842166232262,0.0,13,13,0,0,13,12,3376,0,0,0,0,1
2020-07-10,US,South Dakota,Hughes,68,2,0,44.39091534,-99.99661148,46065.0,387.9949788885085,2.9411764705882355,66,68,0,0,68,66,17650,0,2,0,-2,2
2020-07-10,US,South Dakota,Hutchinson,15,0,0,43.33449012,-97.75536441,46067.0,205.73309559731172,0.0,15,15,0,0,15,15,7380,0,0,0,0,0
2020-07-10,US,South Dakota,Hyde,3,0,0,44.54747703,-99.48572582,46069.0,230.59185242121444,0.0,3,3,0,0,3,3,1282,0,0,0,0,0
2020-07-10,US,South Dakota,Jackson,6,1,0,43.69318385,-101.6255063,46071.0,179.42583732057415,16.666666666666668,5,6,1,0,5,6,3307,0,0,0,0,0
2020-07-10,US,South Dakota,Jerauld,39,1,0,44.06637798,-98.62965972,46073.0,1937.4068554396426,2.5641025641025643,38,39,1,0,38,39,2043,0,0,0,0,0
2020-07-10,US,South Dakota,Jones,1,0,0,43.96278565,-100.6940008,46075.0,110.74197120708747,0.0,1,1,0,0,1,1,928,0,0,0,0,0
2020-07-10,US,South Dakota,Kingsbury,6,0,0,44.36956169,-97.4913945,46077.0,121.48208139299452,0.0,6,6,0,0,6,6,4919,0,0,0,0,0
2020-07-10,US,South Dakota,Lake,26,1,0,44.02193107,-97.12926365,46079.0,203.17261858248028,3.8461538461538463,25,23,1,0,22,22,13057,3,0,0,3,1
2020-07-10,US,South Dakota,Lawrence,19,0,0,44.35919441,-103.7929428,46081.0,73.51803126451014,0.0,19,19,0,0,19,19,25741,0,0,0,0,0
2020-07-10,US,South Dakota,Lincoln,384,1,0,43.27841182,-96.7203905,46083.0,628.1900274833138,0.2604166666666667,383,381,1,0,380,376,58807,3,0,0,3,5
2020-07-10,US,South Dakota,Lyman,84,1,0,43.89522709,-99.85201878,46085.0,2221.6344882306266,1.1904761904761905,83,80,1,0,79,75,3821,4,0,0,4,5
2020-07-10,US,South Dakota,Marshall,5,0,0,45.75870838,-97.59855639,46091.0,101.31712259371834,0.0,5,5,0,0,5,5,5112,0,0,0,0,0
2020-07-10,US,South Dakota,McCook,15,1,0,43.6742571,-97.36863144,46087.0,268.5284640171858,6.666666666666668,14,15,1,0,14,14,5546,0,0,0,0,1
2020-07-10,US,South Dakota,McPherson,5,0,0,45.76626028,-99.22118798,46089.0,210.17234131988232,0.0,5,5,0,0,5,5,2407,0,0,0,0,0
2020-07-10,US,South Dakota,Meade,53,1,0,44.56676791,-102.7162741,46093.0,187.0676267118453,1.8867924528301887,52,53,1,0,52,53,28294,0,0,0,0,0
2020-07-10,US,South Dakota,Mellette,6,0,0,43.58078848,-100.7563186,46095.0,291.12081513828235,0.0,6,6,0,0,6,6,2042,0,0,0,0,0
2020-07-10,US,South Dakota,Miner,10,0,0,44.02197882,-97.60992207,46097.0,451.2635379061372,0.0,10,10,0,0,10,10,2213,0,0,0,0,0
2020-07-10,US,South Dakota,Minnehaha,3738,60,0,43.67441641,-96.7910885,46099.0,1935.4437851439927,1.6051364365971108,3678,3723,59,0,3664,3706,192876,15,1,0,14,17
2020-07-10,US,South Dakota,Moody,23,0,0,44.02266214,-96.67081159,46101.0,349.7566909975669,0.0,23,23,0,0,23,23,6579,0,0,0,0,0
2020-07-10,US,South Dakota,Oglala Lakota,108,0,0,43.33749164,-102.5555498,46102.0,761.7972772801015,0.0,108,108,0,0,108,103,14309,0,0,0,0,5
2020-07-10,US,South Dakota,Pennington,624,21,0,44.0025835,-102.8240777,46103.0,548.4508899143045,3.3653846153846154,603,616,18,0,598,606,111729,8,3,0,5,10
2020-07-10,US,South Dakota,Roberts,53,0,0,45.62975048,-96.94672673,46109.0,509.909563209544,0.0,53,53,0,0,53,52,10447,0,0,0,0,1
2020-07-10,US,South Dakota,Sanborn,12,0,0,44.02351092,-98.0909816,46111.0,511.9453924914676,0.0,12,12,0,0,12,12,2429,0,0,0,0,0
2020-07-10,US,South Dakota,Spink,12,0,0,44.93837606,-98.34626602,46115.0,188.20577164366367,0.0,12,12,0,0,12,12,6495,0,0,0,0,0
2020-07-10,US,South Dakota,Stanley,14,0,0,44.41381872,-100.7349153,46117.0,451.9044544867656,0.0,14,14,0,0,14,14,3022,0,0,0,0,0
2020-07-10,US,South Dakota,Sully,1,0,0,44.71571812,-100.1278092,46119.0,71.89072609633357,0.0,1,1,0,0,1,1,1392,0,0,0,0,0
2020-07-10,US,South Dakota,Todd,65,2,0,43.19338568,-100.7195503,46121.0,638.6950967868722,3.0769230769230766,63,61,2,0,59,59,10283,4,0,0,4,2
2020-07-10,US,South Dakota,Tripp,19,0,0,43.34459388,-99.8854891,46123.0,349.2005146112847,0.0,19,18,0,0,18,18,5478,1,0,0,1,0
2020-07-10,US,South Dakota,Turner,28,0,0,43.3109081,-97.14865776,46125.0,333.96946564885496,0.0,28,28,0,0,28,27,8424,0,0,0,0,1
2020-07-10,US,South Dakota,Union,148,1,0,42.83112163,-96.6557828,46127.0,928.948029123776,0.6756756756756757,147,140,1,0,139,138,15619,8,0,0,8,2
2020-07-10,US,South Dakota,Walworth,16,0,0,45.43019636,-100.0307514,46129.0,294.3882244710212,0.0,16,16,0,0,16,16,5587,0,0,0,0,0
2020-07-10,US,South Dakota,Yankton,84,1,0,43.00924485,-97.39467635,46135.0,368.194968002104,1.1904761904761905,83,83,1,0,82,82,22869,1,0,0,1,1
2020-07-10,US,South Dakota,Ziebach,3,0,0,44.97881876,-101.6654622,46137.0,108.8534107402032,0.0,3,2,0,0,2,1,2742,1,0,0,1,1
2020-07-10,US,Tennessee,Anderson,189,2,0,36.12684348,-84.19965764,47001.0,245.5246953675076,1.058201058201058,187,178,2,0,176,166,76482,11,0,0,11,12
2020-07-10,US,Tennessee,Bedford,598,9,0,35.51123746,-86.45549096,47003.0,1202.9046728219982,1.5050167224080269,589,595,9,0,586,589,49038,3,0,0,3,6
2020-07-10,US,Tennessee,Benton,15,1,0,36.07110411,-88.06849355,47005.0,92.82178217821782,6.666666666666668,14,15,1,0,14,13,16184,0,0,0,0,2
2020-07-10,US,Tennessee,Bledsoe,627,1,0,35.59942968,-85.20611967,47007.0,4162.241104620287,0.1594896331738437,626,625,1,0,624,624,14755,2,0,0,2,1
2020-07-10,US,Tennessee,Blount,306,3,0,35.68938198,-83.92847788,47009.0,229.92305842750665,0.9803921568627452,303,280,3,0,277,272,131349,26,0,0,26,8
2020-07-10,US,Tennessee,Bradley,925,4,0,35.15739424,-84.857186,47011.0,855.6100268245308,0.4324324324324325,921,889,4,0,885,874,106727,36,0,0,36,15
2020-07-10,US,Tennessee,Campbell,67,1,0,36.40355516,-84.15108559999999,47013.0,168.16424878269163,1.492537313432836,66,65,1,0,64,62,39583,2,0,0,2,3
2020-07-10,US,Tennessee,Cannon,46,0,0,35.80990797,-86.05738983,47015.0,313.3941953944679,0.0,46,45,0,0,45,41,14462,1,0,0,1,4
2020-07-10,US,Tennessee,Carroll,52,1,0,35.97366108,-88.45189331,47017.0,187.2726617927756,1.9230769230769231,51,51,1,0,50,49,28020,1,0,0,1,2
2020-07-10,US,Tennessee,Carter,87,1,0,36.28969086,-82.12588974,47019.0,154.27993828802468,1.1494252873563218,86,77,1,0,76,75,56351,10,0,0,10,2
2020-07-10,US,Tennessee,Cheatham,264,3,0,36.26136216,-87.08903581,47021.0,649.1750067622396,1.1363636363636365,261,252,2,0,250,243,40439,12,1,0,11,9
2020-07-10,US,Tennessee,Chester,59,0,0,35.42527478,-88.6095842,47023.0,341.09961264959236,0.0,59,53,0,0,53,48,17276,6,0,0,6,5
2020-07-10,US,Tennessee,Claiborne,68,0,0,36.48319149,-83.65947309,47025.0,212.77261491285708,0.0,68,61,0,0,61,59,31756,7,0,0,7,2
2020-07-10,US,Tennessee,Clay,18,0,0,36.55151008,-85.53930419,47027.0,236.37557452396587,0.0,18,18,0,0,18,18,7717,0,0,0,0,0
2020-07-10,US,Tennessee,Cocke,130,0,0,35.9278914,-83.11828725,47029.0,361.0709921119876,0.0,130,126,0,0,126,116,35774,4,0,0,4,10
2020-07-10,US,Tennessee,Coffee,137,0,0,35.49090731,-86.07311784,47031.0,242.39207360226467,0.0,137,134,0,0,134,132,55700,3,0,0,3,2
2020-07-10,US,Tennessee,Crockett,49,3,0,35.81830662,-89.14916269,47033.0,344.34293745607874,6.1224489795918355,46,48,3,0,45,44,14328,1,0,0,1,4
2020-07-10,US,Tennessee,Cumberland,200,4,0,35.95271721,-84.99840585,47035.0,330.4692663582287,2.0,196,196,4,0,192,193,59673,4,0,0,4,3
2020-07-10,US,Tennessee,Davidson,12935,142,0,36.17007426,-86.78646056,47037.0,1863.4462013645584,1.0977966756861228,12793,12549,138,0,12411,12234,692587,386,4,0,382,315
2020-07-10,US,Tennessee,DeKalb,82,0,0,35.97616272,-85.83689361,47041.0,400.1952171791118,0.0,82,76,0,0,76,70,20138,6,0,0,6,6
2020-07-10,US,Tennessee,Decatur,28,0,0,35.60048904,-88.11043779,47039.0,240.07545228500385,0.0,28,28,0,0,28,24,11706,0,0,0,0,4
2020-07-10,US,Tennessee,Dickson,251,0,0,36.14669837,-87.35891709,47043.0,465.2628457032698,0.0,251,243,0,0,243,231,53446,8,0,0,8,12
2020-07-10,US,Tennessee,Dyer,280,3,0,36.05931946,-89.41542855,47045.0,753.5186630426007,1.0714285714285714,277,274,3,0,271,270,37320,6,0,0,6,4
2020-07-10,US,Tennessee,Fayette,357,3,0,35.19615831,-89.41399032,47047.0,867.9162716067392,0.8403361344537815,354,346,3,0,343,344,40507,11,0,0,11,2
2020-07-10,US,Tennessee,Fentress,27,0,0,36.38128818,-84.92870012,47049.0,145.7647249365654,0.0,27,25,0,0,25,25,18217,2,0,0,2,0
2020-07-10,US,Tennessee,Franklin,110,3,0,35.15634626,-86.09201039,47051.0,260.61410159211516,2.727272727272727,107,104,3,0,101,101,41890,6,0,0,6,3
2020-07-10,US,Tennessee,Gibson,166,1,0,35.99438059,-88.93358327,47053.0,337.8584657969185,0.6024096385542169,165,158,1,0,157,147,49045,8,0,0,8,11
2020-07-10,US,Tennessee,Giles,89,1,0,35.20222469,-87.03992678,47055.0,302.0635351615531,1.1235955056179776,88,80,1,0,79,77,29503,9,0,0,9,3
2020-07-10,US,Tennessee,Grainger,55,0,0,36.27469206,-83.51254721,47057.0,235.84905660377356,0.0,55,50,0,0,50,48,23145,5,0,0,5,2
2020-07-10,US,Tennessee,Greene,138,2,0,36.17470125,-82.84691273,47059.0,199.8001998001998,1.4492753623188406,136,123,2,0,121,122,69087,15,0,0,15,1
2020-07-10,US,Tennessee,Grundy,65,2,0,35.38433717,-85.72142731,47061.0,484.09920309823485,3.0769230769230766,63,65,2,0,63,65,13346,0,0,0,0,0
2020-07-10,US,Tennessee,Hamblen,447,4,0,36.21990035,-83.26586179,47063.0,688.3912896171498,0.8948545861297539,443,422,4,0,418,397,64569,25,0,0,25,25
2020-07-10,US,Tennessee,Hamilton,3196,37,0,35.17670231,-85.16652245,47065.0,868.941066437559,1.1576971214017522,3159,3088,37,0,3051,3007,364286,108,0,0,108,81
2020-07-10,US,Tennessee,Hancock,11,0,0,36.52692871,-83.22375847,47067.0,166.16314199395768,0.0,11,10,0,0,10,9,6549,1,0,0,1,1
2020-07-10,US,Tennessee,Hardeman,400,4,0,35.20772017,-88.99161161,47069.0,1596.8063872255484,1.0,396,381,4,0,377,374,25220,19,0,0,19,7
2020-07-10,US,Tennessee,Hardin,125,7,0,35.19732531,-88.18593755,47071.0,487.2914392639949,5.6,118,120,7,0,113,119,25776,5,0,0,5,1
2020-07-10,US,Tennessee,Hawkins,83,2,0,36.44355426,-82.94885298,47073.0,146.16278660233155,2.409638554216868,81,79,2,0,77,66,56530,4,0,0,4,13
2020-07-10,US,Tennessee,Haywood,113,2,0,35.58332824,-89.28536625,47075.0,653.0282015718909,1.7699115044247788,111,111,2,0,109,108,17335,2,0,0,2,3
2020-07-10,US,Tennessee,Henderson,65,0,0,35.65581134,-88.38600175,47077.0,231.1768680869225,0.0,65,62,0,0,62,56,27847,3,0,0,3,6
2020-07-10,US,Tennessee,Henry,50,0,0,36.33160906,-88.30121797,47079.0,154.5833977430824,0.0,50,48,0,0,48,47,32358,2,0,0,2,1
2020-07-10,US,Tennessee,Hickman,101,0,0,35.80609681,-87.47643507,47081.0,401.14385574708086,0.0,101,98,0,0,98,95,25063,3,0,0,3,3
2020-07-10,US,Tennessee,Houston,20,0,0,36.28872054,-87.71878828,47083.0,243.8726984514084,0.0,20,19,0,0,19,16,8263,1,0,0,1,3
2020-07-10,US,Tennessee,Humphreys,39,2,0,36.03958805,-87.77992872,47085.0,209.8805295447207,5.128205128205129,37,38,2,0,36,35,18486,1,0,0,1,3
2020-07-10,US,Tennessee,Jackson,46,0,0,36.36380466,-85.67239905,47087.0,390.2935686407602,0.0,46,41,0,0,41,33,11758,5,0,0,5,8
2020-07-10,US,Tennessee,Jefferson,164,1,0,36.04818632,-83.45148924,47089.0,300.9450408294339,0.6097560975609756,163,157,1,0,156,148,54012,7,0,0,7,9
2020-07-10,US,Tennessee,Johnson,45,0,0,36.45523950000001,-81.84886538,47091.0,252.97953676635933,0.0,45,44,0,0,44,44,17778,1,0,0,1,0
2020-07-10,US,Tennessee,Knox,1506,9,0,35.99508821,-83.94635435,47093.0,320.2122841596979,0.5976095617529881,1497,1471,9,0,1462,1392,465289,35,0,0,35,79
2020-07-10,US,Tennessee,Lake,696,0,0,36.34180170000001,-89.48921915,47095.0,9920.18244013683,0.0,696,697,0,0,697,696,7411,-1,0,0,-1,1
2020-07-10,US,Tennessee,Lauderdale,175,4,0,35.75893438,-89.63015909999999,47097.0,682.7136893847776,2.2857142857142856,171,172,3,0,169,164,25825,3,1,0,2,8
2020-07-10,US,Tennessee,Lawrence,227,6,0,35.21675201,-87.39787695,47099.0,514.2494676272031,2.643171806167401,221,202,6,0,196,192,43734,25,0,0,25,10
2020-07-10,US,Tennessee,Lewis,10,0,0,35.52853208,-87.49022694,47101.0,81.51287903488752,0.0,10,10,0,0,10,7,12086,0,0,0,0,3
2020-07-10,US,Tennessee,Lincoln,84,0,0,35.13738622,-86.58910106,47103.0,244.42763196182273,0.0,84,80,0,0,80,78,34117,4,0,0,4,2
2020-07-10,US,Tennessee,Loudon,320,1,0,35.73939663,-84.31145275,47105.0,591.8473033957239,0.3125,319,308,1,0,307,302,53054,12,0,0,12,6
2020-07-10,US,Tennessee,Macon,568,6,0,36.53157855,-86.00778595,47111.0,2308.755385740997,1.056338028169014,562,546,6,0,540,511,24265,22,0,0,22,35
2020-07-10,US,Tennessee,Madison,347,2,0,35.61181957,-88.84076036,47113.0,354.13945133899415,0.5763688760806917,345,340,2,0,338,339,97605,7,0,0,7,1
2020-07-10,US,Tennessee,Marion,91,4,0,35.12997174,-85.62265895,47115.0,314.80264295845296,4.395604395604397,87,90,4,0,86,87,28575,1,0,0,1,3
2020-07-10,US,Tennessee,Marshall,108,2,0,35.45798777,-86.76420988,47117.0,314.1818181818182,1.851851851851852,106,104,2,0,102,101,33683,4,0,0,4,3
2020-07-10,US,Tennessee,Maury,431,3,0,35.6187413,-87.07462444,47119.0,447.1557367694813,0.6960556844547564,428,420,3,0,417,406,94340,11,0,0,11,14
2020-07-10,US,Tennessee,McMinn,270,18,0,35.42812616,-84.61520715,47107.0,501.9147116778823,6.666666666666668,252,257,18,0,239,255,53285,13,0,0,13,2
2020-07-10,US,Tennessee,McNairy,100,1,0,35.17468549,-88.5647812,47109.0,389.1959212267456,1.0,99,91,1,0,90,84,25832,9,0,0,9,7
2020-07-10,US,Tennessee,Meigs,37,0,0,35.51558739,-84.81482914,47121.0,297.8586379004991,0.0,37,35,0,0,35,34,12306,2,0,0,2,1
2020-07-10,US,Tennessee,Monroe,152,6,0,35.44550387,-84.24902965,47123.0,326.56568911805783,3.947368421052632,146,146,6,0,140,141,46357,6,0,0,6,5
2020-07-10,US,Tennessee,Montgomery,712,7,0,36.49609412,-87.38550661,47125.0,340.6812668366884,0.9831460674157304,705,658,7,0,651,620,205950,54,0,0,54,38
2020-07-10,US,Tennessee,Moore,17,0,0,35.27724699,-86.36230578,47127.0,262.0221948212084,0.0,17,17,0,0,17,17,6411,0,0,0,0,0
2020-07-10,US,Tennessee,Morgan,30,1,0,36.13248031,-84.64880098,47129.0,140.16726627108352,3.333333333333333,29,29,1,0,28,29,21579,1,0,0,1,0
2020-07-10,US,Tennessee,Obion,118,2,0,36.35732446,-89.14921589,47131.0,392.4307426252952,1.6949152542372878,116,118,2,0,116,117,30267,0,0,0,0,1
2020-07-10,US,Tennessee,Out of TN,1397,10,0,0.0,0.0,80047.0,0.0,0.7158196134574087,1387,1256,10,0,1246,1230,,141,0,0,141,26
2020-07-10,US,Tennessee,Overton,70,1,0,36.34117832,-85.28989535,47133.0,314.7340497279799,1.4285714285714286,69,68,1,0,67,67,22068,2,0,0,2,1
2020-07-10,US,Tennessee,Perry,37,0,0,35.63708728,-87.86139634,47135.0,458.14759782070325,0.0,37,35,0,0,35,35,8064,2,0,0,2,0
2020-07-10,US,Tennessee,Pickett,7,0,0,36.55606529,-85.07763299999998,47137.0,138.66877971473852,0.0,7,7,0,0,7,6,5082,0,0,0,0,1
2020-07-10,US,Tennessee,Polk,55,0,0,35.12245443,-84.52075859,47139.0,326.7585551330798,0.0,55,51,0,0,51,48,16898,4,0,0,4,3
2020-07-10,US,Tennessee,Putnam,1002,7,0,36.14005459,-85.50646123,47141.0,1248.6759299644834,0.6986027944111777,995,989,7,0,982,926,78843,13,0,0,13,63
2020-07-10,US,Tennessee,Rhea,303,0,0,35.60536161,-84.93076643,47143.0,913.5586577019327,0.0,303,294,0,0,294,293,33044,9,0,0,9,1
2020-07-10,US,Tennessee,Roane,80,0,0,35.84923189,-84.52458689,47145.0,149.86324978457156,0.0,80,75,0,0,75,71,53140,5,0,0,5,4
2020-07-10,US,Tennessee,Robertson,901,13,0,36.52454807,-86.87346725,47147.0,1254.6474872237618,1.4428412874583796,888,882,13,0,869,875,71012,19,0,0,19,7
2020-07-10,US,Tennessee,Rutherford,3428,39,0,35.84591405,-86.4107263,47149.0,1031.6445220217583,1.1376896149358229,3389,3326,38,0,3288,3234,324890,102,1,0,101,92
2020-07-10,US,Tennessee,Scott,26,0,0,36.42325673,-84.50360494,47151.0,117.81765452238537,0.0,26,22,0,0,22,21,22039,4,0,0,4,1
2020-07-10,US,Tennessee,Sequatchie,45,0,0,35.36979721,-85.41022136,47153.0,299.4808997737255,0.0,45,43,0,0,43,42,14876,2,0,0,2,1
2020-07-10,US,Tennessee,Sevier,884,3,0,35.78077323,-83.52244332,47155.0,899.7455470737914,0.3393665158371041,881,863,3,0,860,857,97892,21,0,0,21,6
2020-07-10,US,Tennessee,Shelby,13113,219,0,35.1864775,-89.89692423,47157.0,1399.2184949091195,1.6700983756577443,12894,12842,214,0,12628,12549,935764,271,5,0,266,293
2020-07-10,US,Tennessee,Smith,148,2,0,36.25359775,-85.95411046,47159.0,734.2362454730368,1.351351351351351,146,139,2,0,137,136,19942,9,0,0,9,3
2020-07-10,US,Tennessee,Stewart,27,0,0,36.50235092,-87.83920548,47161.0,196.8647466277798,0.0,27,26,0,0,26,25,13561,1,0,0,1,1
2020-07-10,US,Tennessee,Sullivan,189,2,0,36.51240691,-82.30412917,47163.0,119.35736479147195,1.058201058201058,187,178,2,0,176,159,157668,11,0,0,11,19
2020-07-10,US,Tennessee,Sumner,1874,56,0,36.46824103,-86.45917204,47165.0,979.7002347307393,2.9882604055496267,1818,1802,56,0,1746,1727,187149,72,0,0,72,75
2020-07-10,US,Tennessee,Tipton,692,6,0,35.501942,-89.73694895,47167.0,1123.3948603061738,0.8670520231213873,686,674,6,0,668,662,61581,18,0,0,18,12
2020-07-10,US,Tennessee,Trousdale,1506,5,0,36.39026213,-86.16087954,47169.0,13346.331088266572,0.3320053120849933,1501,1505,5,0,1500,1503,11012,1,0,0,1,2
2020-07-10,US,Tennessee,Unassigned,936,2,0,0.0,0.0,90047.0,0.0,0.21367521367521367,934,837,2,0,835,830,,99,0,0,99,7
2020-07-10,US,Tennessee,Unicoi,56,0,0,36.10890856,-82.43709629,47171.0,313.1465637756528,0.0,56,56,0,0,56,56,17761,0,0,0,0,0
2020-07-10,US,Tennessee,Union,22,0,0,36.28590426,-83.83651902,47173.0,110.1542159022632,0.0,22,20,0,0,20,19,19688,2,0,0,2,1
2020-07-10,US,Tennessee,Van Buren,9,0,0,35.69864497,-85.45221699,47175.0,153.26975476839237,0.0,9,7,0,0,7,7,5765,2,0,0,2,0
2020-07-10,US,Tennessee,Warren,120,0,0,35.6728299,-85.77969117,47177.0,290.71880223853475,0.0,120,106,0,0,106,100,40878,14,0,0,14,6
2020-07-10,US,Tennessee,Washington,235,0,0,36.29472368,-82.49454720000001,47179.0,181.6425120772947,0.0,235,212,0,0,212,197,128607,23,0,0,23,15
2020-07-10,US,Tennessee,Wayne,110,0,0,35.23868267,-87.78644456,47181.0,659.7492952677983,0.0,110,99,0,0,99,90,16558,11,0,0,11,9
2020-07-10,US,Tennessee,Weakley,69,1,0,36.29896232,-88.71990865,47183.0,207.033125300048,1.4492753623188406,68,69,1,0,68,67,33415,0,0,0,0,2
2020-07-10,US,Tennessee,White,81,3,0,35.92929884,-85.45591799,47185.0,296.2150301700494,3.703703703703704,78,80,3,0,77,77,27107,1,0,0,1,3
2020-07-10,US,Tennessee,Williamson,1670,16,0,35.89099229,-86.89281867,47187.0,700.4680972434272,0.9580838323353292,1654,1591,15,0,1576,1515,231729,79,1,0,78,76
2020-07-10,US,Tennessee,Wilson,1130,17,0,36.15496772,-86.29775884,47189.0,781.15818798952,1.5044247787610618,1113,1099,17,0,1082,1060,140625,31,0,0,31,39
2020-07-10,US,Texas,Anderson,1761,3,0,31.81534745,-95.65354823,48001.0,3050.142894258249,0.17035775127768313,1758,1533,3,0,1530,1152,58057,228,0,0,228,381
2020-07-10,US,Texas,Andrews,132,2,0,32.30468633,-102.6376548,48003.0,705.6936647955092,1.5151515151515151,130,132,2,0,130,120,18128,0,0,0,0,12
2020-07-10,US,Texas,Angelina,683,9,0,31.25457347,-94.60901487,48005.0,787.6376636106787,1.3177159590043923,674,645,9,0,636,610,87092,38,0,0,38,35
2020-07-10,US,Texas,Aransas,50,0,0,28.10556197,-96.9995047,48007.0,212.6754572522331,0.0,50,49,0,0,49,46,23792,1,0,0,1,3
2020-07-10,US,Texas,Archer,10,0,0,33.61569967,-98.68754589,48009.0,116.918040453642,0.0,10,11,0,0,11,11,8786,-1,0,0,-1,0
2020-07-10,US,Texas,Armstrong,3,0,0,34.96507426,-101.3574874,48011.0,158.9825119236884,0.0,3,3,0,0,3,3,1892,0,0,0,0,0
2020-07-10,US,Texas,Atascosa,197,2,0,28.89333001,-98.52730485,48013.0,385.11915234688087,1.0152284263959392,195,188,2,0,186,152,50310,9,0,0,9,36
2020-07-10,US,Texas,Austin,124,0,0,29.88548725,-96.27736949,48015.0,412.8929142248268,0.0,124,117,0,0,117,105,29989,7,0,0,7,12
2020-07-10,US,Texas,Bailey,112,1,0,34.06854817,-102.8299707,48017.0,1600.0,0.8928571428571429,111,111,1,0,110,109,7027,1,0,0,1,2
2020-07-10,US,Texas,Bandera,38,0,0,29.74619598,-99.24598147,48019.0,164.4167532017999,0.0,38,33,0,0,33,27,22824,5,0,0,5,6
2020-07-10,US,Texas,Bastrop,689,8,0,30.10370699,-97.31206354,48021.0,776.5742817533221,1.161103047895501,681,659,8,0,651,619,86976,30,0,0,30,40
2020-07-10,US,Texas,Baylor,1,0,0,33.61640794,-99.21352901,48023.0,28.498147620404676,0.0,1,1,0,0,1,1,3582,0,0,0,0,0
2020-07-10,US,Texas,Bee,133,0,0,28.41761668,-97.74215593,48025.0,408.41394134807314,0.0,133,135,0,0,135,98,32587,-2,0,0,-2,37
2020-07-10,US,Texas,Bell,1992,13,0,31.03736027,-97.4785025,48027.0,548.8752466081053,0.6526104417670683,1979,1852,13,0,1839,1734,355642,140,0,0,140,118
2020-07-10,US,Texas,Bexar,18602,166,0,29.44928723,-98.52019748,48029.0,928.450144093945,0.8923771637458338,18436,17679,165,0,17514,16725,1986049,923,1,0,922,954
2020-07-10,US,Texas,Blanco,49,1,0,30.26640707,-98.3999852,48031.0,410.69482859777054,2.0408163265306123,48,50,1,0,49,49,11702,-1,0,0,-1,1
2020-07-10,US,Texas,Bosque,37,0,0,31.89978581,-97.63613524,48035.0,198.01980198019803,0.0,37,36,0,0,36,33,18691,1,0,0,1,3
2020-07-10,US,Texas,Bowie,484,15,0,33.44626922,-94.41834132,48037.0,519.0626843262373,3.0991735537190084,469,471,15,0,456,467,94324,13,0,0,13,4
2020-07-10,US,Texas,Brazoria,3272,24,0,29.18757369,-95.44563172,48039.0,874.2491930829575,0.7334963325183375,3248,3146,24,0,3122,3036,370200,126,0,0,126,110
2020-07-10,US,Texas,Brazos,2804,34,0,30.663644800000004,-96.30205577,48041.0,1223.3269781991264,1.2125534950071326,2770,2704,34,0,2670,2626,226758,100,0,0,100,78
2020-07-10,US,Texas,Brewster,150,1,0,29.81008251,-103.2520326,48043.0,1629.903292404651,0.6666666666666666,149,148,1,0,147,147,9267,2,0,0,2,1
2020-07-10,US,Texas,Briscoe,9,1,0,34.53026962,-101.2084947,48045.0,582.1474773609315,11.111111111111109,8,9,0,0,9,8,1516,0,1,0,-1,1
2020-07-10,US,Texas,Brooks,35,0,0,27.03103197,-98.21808402,48047.0,493.4442408007895,0.0,35,29,0,0,29,18,7114,6,0,0,6,11
2020-07-10,US,Texas,Brown,156,13,0,31.77430356,-98.99907113,48049.0,412.00084512993874,8.333333333333334,143,156,13,0,143,117,37924,0,0,0,0,39
2020-07-10,US,Texas,Burleson,134,0,0,30.49273808,-96.62158484,48051.0,726.5629236024507,0.0,134,131,0,0,131,120,18389,3,0,0,3,11
2020-07-10,US,Texas,Burnet,217,3,0,30.78801353,-98.181887,48053.0,450.62817983594636,1.3824884792626728,214,215,3,0,212,203,47542,2,0,0,2,12
2020-07-10,US,Texas,Caldwell,604,5,0,29.83668859,-97.61814775,48055.0,1383.2905826310005,0.8278145695364238,599,580,4,0,576,539,43247,24,1,0,23,41
2020-07-10,US,Texas,Calhoun,143,3,0,28.47048236,-96.61633945,48057.0,671.6768435885393,2.097902097902098,140,126,3,0,123,113,21561,17,0,0,17,13
2020-07-10,US,Texas,Callahan,26,2,0,32.29760619,-99.37326312,48059.0,186.473499246934,7.6923076923076925,24,25,2,0,23,25,13994,1,0,0,1,0
2020-07-10,US,Texas,Cameron,3246,71,0,26.14524221,-97.48140372,48061.0,767.0802976630756,2.1873074553296363,3175,3246,71,0,3175,2997,423908,0,0,0,0,249
2020-07-10,US,Texas,Camp,130,2,0,32.97195142,-94.97790104,48063.0,992.8211394531846,1.5384615384615383,128,130,2,0,128,128,13033,0,0,0,0,2
2020-07-10,US,Texas,Carson,10,0,0,35.40365929,-101.3542669,48065.0,168.74789065136684,0.0,10,10,0,0,10,7,6005,0,0,0,0,3
2020-07-10,US,Texas,Cass,52,2,0,33.07499881,-94.34646905,48067.0,173.18324119096783,3.8461538461538463,50,52,2,0,50,52,30119,0,0,0,0,0
2020-07-10,US,Texas,Castro,112,1,0,34.53016752,-102.2617243,48069.0,1487.3837981407705,0.8928571428571429,111,110,1,0,109,107,7665,2,0,0,2,3
2020-07-10,US,Texas,Chambers,548,2,0,29.70972016,-94.67154501,48071.0,1250.085544175012,0.36496350364963503,546,469,2,0,467,454,42454,79,0,0,79,15
2020-07-10,US,Texas,Cherokee,331,2,0,31.837258,-95.16559897,48073.0,628.727728602363,0.6042296072507553,329,286,2,0,284,270,52592,45,0,0,45,16
2020-07-10,US,Texas,Childress,7,0,0,34.529304100000004,-100.2077916,48075.0,95.81166164796059,0.0,7,7,0,0,7,7,7291,0,0,0,0,0
2020-07-10,US,Texas,Clay,14,0,0,33.78686685,-98.20771198,48077.0,133.70260720084042,0.0,14,13,0,0,13,13,10456,1,0,0,1,0
2020-07-10,US,Texas,Cochran,6,0,0,33.60425307,-102.8284499,48079.0,210.3049421661409,0.0,6,5,0,0,5,4,2836,1,0,0,1,1
2020-07-10,US,Texas,Coke,6,1,0,31.88911733,-100.5297533,48081.0,177.14791851195747,16.666666666666668,5,5,1,0,4,5,3370,1,0,0,1,0
2020-07-10,US,Texas,Coleman,5,0,0,31.76736834,-99.45240766,48083.0,61.162079510703364,0.0,5,4,0,0,4,4,8397,1,0,0,1,0
2020-07-10,US,Texas,Collin,4108,56,0,33.18820114,-96.57264368,48085.0,397.0117808510434,1.3631937682570594,4052,3948,53,0,3895,3825,1005146,160,3,0,157,123
2020-07-10,US,Texas,Collingsworth,6,0,0,34.96489496,-100.2700111,48087.0,205.4794520547945,0.0,6,6,0,0,6,6,2962,0,0,0,0,0
2020-07-10,US,Texas,Colorado,152,0,0,29.622098,-96.5273805,48089.0,707.2069976271346,0.0,152,143,0,0,143,111,21217,9,0,0,9,32
2020-07-10,US,Texas,Comal,866,18,0,29.80811278,-98.27647225,48091.0,554.3854707475241,2.07852193995381,848,825,15,0,810,750,148373,41,3,0,38,75
2020-07-10,US,Texas,Comanche,95,2,0,31.94854689,-98.55876441,48093.0,696.7363403006967,2.1052631578947367,93,85,2,0,83,75,13534,10,0,0,10,10
2020-07-10,US,Texas,Concho,13,0,0,31.32635934,-99.86473038,48095.0,476.88921496698464,0.0,13,13,0,0,13,11,4276,0,0,0,0,2
2020-07-10,US,Texas,Cooke,86,0,0,33.63979567,-97.21240912,48097.0,208.44947524056525,0.0,86,83,0,0,83,75,40574,3,0,0,3,8
2020-07-10,US,Texas,Coryell,374,2,0,31.39078397,-97.79936155,48099.0,492.4227462442891,0.5347593582887701,372,356,2,0,354,353,74808,18,0,0,18,3
2020-07-10,US,Texas,Cottle,4,1,0,34.07783319,-100.2785062,48101.0,286.12303290414883,25.0,3,4,1,0,3,4,1389,0,0,0,0,0
2020-07-10,US,Texas,Crane,63,9,0,31.43052248,-102.5143314,48103.0,1313.3208255159475,14.285714285714285,54,62,9,0,53,62,4794,1,0,0,1,0
2020-07-10,US,Texas,Crockett,29,0,0,30.72367027,-101.4134238,48105.0,837.1824480369514,0.0,29,18,0,0,18,16,3499,11,0,0,11,2
2020-07-10,US,Texas,Crosby,33,1,0,33.61431553,-101.3000364,48107.0,575.2135262332231,3.0303030303030303,32,34,1,0,33,30,5779,-1,0,0,-1,4
2020-07-10,US,Texas,Culberson,6,0,0,31.44506775,-104.5185739,48109.0,276.3703362505757,0.0,6,6,0,0,6,4,2204,0,0,0,0,2
2020-07-10,US,Texas,Dallam,116,1,0,36.27787176,-102.6020725,48111.0,1591.8759434609576,0.8620689655172413,115,104,1,0,103,104,7200,12,0,0,12,0
2020-07-10,US,Texas,Dallas,30361,436,0,32.76670599,-96.7779605,48113.0,1151.9945240324855,1.4360528309344225,29925,30361,436,0,29925,29160,2637772,0,0,0,0,1201
2020-07-10,US,Texas,Dawson,75,1,0,32.74255572,-101.9477242,48115.0,589.2520427404147,1.3333333333333333,74,75,1,0,74,70,12619,0,0,0,0,5
2020-07-10,US,Texas,DeWitt,131,3,0,29.08101855,-97.3568117,48123.0,649.8015873015872,2.2900763358778624,128,131,3,0,128,110,20187,0,0,0,0,21
2020-07-10,US,Texas,Deaf Smith,403,17,0,34.96522957,-102.6054267,48117.0,2172.9753046479027,4.218362282878412,386,401,17,0,384,383,18760,2,0,0,2,18
2020-07-10,US,Texas,Delta,7,0,0,33.38570922,-95.66921122,48119.0,131.30744700806602,0.0,7,7,0,0,7,7,5349,0,0,0,0,0
2020-07-10,US,Texas,Denton,3697,38,0,33.20521901,-97.11691153,48121.0,416.70095028555914,1.0278604273735459,3659,3582,37,0,3545,3459,859064,115,1,0,114,123
2020-07-10,US,Texas,Dickens,2,0,0,33.61616822,-100.7788855,48125.0,90.45680687471732,0.0,2,2,0,0,2,2,2249,0,0,0,0,0
2020-07-10,US,Texas,Dimmit,30,0,0,28.42270064,-99.75645095,48127.0,296.32556301856965,0.0,30,25,0,0,25,18,10308,5,0,0,5,7
2020-07-10,US,Texas,Donley,28,0,0,34.96517499,-100.8140093,48129.0,854.1793776693106,0.0,28,28,0,0,28,28,3319,0,0,0,0,0
2020-07-10,US,Texas,Duval,74,0,0,27.68184592,-98.50864568,48131.0,663.2607331719996,0.0,74,70,0,0,70,67,11212,4,0,0,4,3
2020-07-10,US,Texas,Eastland,17,0,0,32.32743996,-98.83243566,48133.0,92.5925925925926,0.0,17,17,0,0,17,13,18322,0,0,0,0,4
2020-07-10,US,Texas,Ector,1105,13,0,31.86898877,-102.5429428,48135.0,664.7696167197079,1.1764705882352942,1092,1105,13,0,1092,946,162124,0,0,0,0,159
2020-07-10,US,Texas,Edwards,2,0,0,29.98202582,-100.304252,48137.0,103.51966873706004,0.0,2,2,0,0,2,2,1928,0,0,0,0,0
2020-07-10,US,Texas,El Paso,8746,150,0,31.76980765,-106.2363275,48141.0,1042.1358422759697,1.7150697461696776,8596,8385,145,0,8240,8035,840758,361,5,0,356,350
2020-07-10,US,Texas,Ellis,1485,20,0,32.34894117,-96.79371841,48139.0,803.4583878891498,1.3468013468013469,1465,1424,20,0,1404,1351,179436,61,0,0,61,73
2020-07-10,US,Texas,Erath,257,1,0,32.23602653,-98.21773417,48143.0,601.9017284181929,0.3891050583657588,256,250,1,0,249,246,42446,7,0,0,7,4
2020-07-10,US,Texas,Falls,50,0,0,31.25350609,-96.93630086,48145.0,289.0674683471122,0.0,50,46,0,0,46,44,17335,4,0,0,4,2
2020-07-10,US,Texas,Fannin,135,8,0,33.59564294,-96.10751083,48147.0,380.13177901672583,5.925925925925926,127,130,8,0,122,122,35286,5,0,0,5,8
2020-07-10,US,Texas,Fayette,142,3,0,29.87788372,-96.92076062,48149.0,560.2461926931271,2.112676056338028,139,136,3,0,133,134,25349,6,0,0,6,2
2020-07-10,US,Texas,Fisher,11,1,0,32.74281316,-100.4019302,48151.0,287.20626631853787,9.090909090909092,10,11,1,0,10,11,3839,0,0,0,0,0
2020-07-10,US,Texas,Floyd,50,1,0,34.07227468,-101.3031546,48153.0,875.3501400560224,2.0,49,49,1,0,48,49,5837,1,0,0,1,0
2020-07-10,US,Texas,Foard,1,0,0,33.97308618,-99.7767797,48155.0,86.5800865800866,0.0,1,,,,,,1200,,,,,
2020-07-10,US,Texas,Fort Bend,4524,61,0,29.52704478,-95.77219463,48157.0,557.3570140250933,1.3483642793987622,4463,4413,60,0,4353,4346,787858,111,1,0,110,67
2020-07-10,US,Texas,Franklin,55,1,0,33.17653242,-95.21917243,48159.0,512.8205128205128,1.818181818181818,54,53,1,0,52,53,10766,2,0,0,2,0
2020-07-10,US,Texas,Freestone,69,0,0,31.70422788,-96.15072516,48161.0,349.9518182279251,0.0,69,64,0,0,64,59,19808,5,0,0,5,5
2020-07-10,US,Texas,Frio,298,0,0,28.86751206,-99.10804207,48163.0,1467.5465379690731,0.0,298,293,0,0,293,239,19816,5,0,0,5,54
2020-07-10,US,Texas,Gaines,39,0,0,32.74055318,-102.6353295,48165.0,181.462869905081,0.0,39,39,0,0,39,36,20901,0,0,0,0,3
2020-07-10,US,Texas,Galveston,5320,50,0,29.40167322,-94.90469073,48167.0,1554.9235836896698,0.9398496240601504,5270,5063,50,0,5013,4809,337890,257,0,0,257,254
2020-07-10,US,Texas,Garza,20,1,0,33.17969345,-101.2984114,48169.0,321.07882485150105,5.0,19,19,0,0,19,18,6578,1,1,0,0,1
2020-07-10,US,Texas,Gillespie,63,0,0,30.31824095,-98.94676915,48171.0,233.4370831480658,0.0,63,55,0,0,55,53,26804,8,0,0,8,2
2020-07-10,US,Texas,Glasscock,6,0,0,31.86942909,-101.5207776,48173.0,425.83392476934,0.0,6,6,0,0,6,6,1388,0,0,0,0,0
2020-07-10,US,Texas,Goliad,27,0,0,28.65696592,-97.42760647,48175.0,352.5724732306085,0.0,27,21,0,0,21,15,7584,6,0,0,6,6
2020-07-10,US,Texas,Gonzales,318,4,0,29.45634206,-97.49424032,48177.0,1526.1314008734464,1.2578616352201255,314,316,4,0,312,314,20826,2,0,0,2,2
2020-07-10,US,Texas,Gray,130,4,0,35.40081878,-100.8129222,48179.0,593.9870236680982,3.0769230769230766,126,126,4,0,122,126,21895,4,0,0,4,0
2020-07-10,US,Texas,Grayson,708,7,0,33.62744998,-96.67753461,48181.0,519.7779931283587,0.9887005649717514,701,695,7,0,688,688,133991,13,0,0,13,7
2020-07-10,US,Texas,Gregg,728,13,0,32.47940482,-94.81591935,48183.0,587.3572955746499,1.7857142857142858,715,682,13,0,669,652,123707,46,0,0,46,30
2020-07-10,US,Texas,Grimes,644,2,0,30.54579585,-95.98902499,48185.0,2229.916897506925,0.3105590062111801,642,638,2,0,636,617,28360,6,0,0,6,21
2020-07-10,US,Texas,Guadalupe,966,3,0,29.58165339,-97.94786822,48187.0,578.9735506182311,0.3105590062111801,963,929,3,0,926,901,163694,37,0,0,37,28
2020-07-10,US,Texas,Hale,707,8,0,34.07044901,-101.8268114,48189.0,2116.3862779141477,1.1315417256011315,699,661,8,0,653,592,33830,46,0,0,46,69
2020-07-10,US,Texas,Hall,2,1,0,34.5307555,-100.6813852,48191.0,67.47638326585695,50.0,1,2,1,0,1,2,3028,0,0,0,0,0
2020-07-10,US,Texas,Hamilton,28,1,0,31.70470573,-98.11083887,48193.0,330.93015010046093,3.571428571428572,27,28,1,0,27,26,8484,0,0,0,0,2
2020-07-10,US,Texas,Hansford,32,2,0,36.27743284,-101.3545796,48195.0,592.7023522874606,6.25,30,31,2,0,29,31,5463,1,0,0,1,0
2020-07-10,US,Texas,Hardeman,5,0,0,34.28944521,-99.74632408,48197.0,127.12941774726671,0.0,5,5,0,0,5,5,3922,0,0,0,0,0
2020-07-10,US,Texas,Hardin,369,5,0,30.33364686,-94.38931817,48199.0,640.6027568487208,1.3550135501355014,364,306,5,0,301,303,57207,63,0,0,63,3
2020-07-10,US,Texas,Harris,41999,439,0,29.86,-95.39,48201.0,891.0694679446037,1.0452629824519633,41560,40918,423,0,40495,40012,4698619,1081,16,0,1065,906
2020-07-10,US,Texas,Harrison,398,31,0,32.54935988,-94.36934071,48203.0,598.0196234579959,7.7889447236180915,367,392,31,0,361,389,66726,6,0,0,6,3
2020-07-10,US,Texas,Hartley,55,2,0,35.84008013,-102.6029022,48205.0,986.3701578192253,3.636363636363636,53,45,2,0,43,40,5619,10,0,0,10,5
2020-07-10,US,Texas,Haskell,6,0,0,33.17823584,-99.73037358,48207.0,106.04453870625663,0.0,6,7,0,0,7,6,5813,-1,0,0,-1,1
2020-07-10,US,Texas,Hays,3501,11,0,30.05669873,-98.02944344,48209.0,1520.910895734412,0.31419594401599543,3490,3409,11,0,3398,3328,222631,92,0,0,92,81
2020-07-10,US,Texas,Hemphill,20,0,0,35.83764858,-100.2703577,48211.0,523.6973029588897,0.0,20,18,0,0,18,17,3825,2,0,0,2,1
2020-07-10,US,Texas,Henderson,230,4,0,32.21128872,-95.85846587,48213.0,277.98929136903683,1.7391304347826086,226,225,4,0,221,215,82299,5,0,0,5,10
2020-07-10,US,Texas,Hidalgo,7334,123,0,26.39418217,-98.18299696,48215.0,844.2432258517543,1.6771202617943823,7211,7334,123,0,7211,5782,865939,0,0,0,0,1552
2020-07-10,US,Texas,Hill,139,2,0,31.99045053,-97.13423143,48217.0,379.2736500313788,1.4388489208633093,137,130,2,0,128,117,36354,9,0,0,9,13
2020-07-10,US,Texas,Hockley,99,1,0,33.60771256,-102.3431676,48219.0,430.0421354415533,1.0101010101010102,98,96,1,0,95,96,22980,3,0,0,3,0
2020-07-10,US,Texas,Hood,169,5,0,32.42990927,-97.83242024,48221.0,274.1592719367974,2.9585798816568047,164,162,5,0,157,154,60537,7,0,0,7,8
2020-07-10,US,Texas,Hopkins,80,1,0,33.14875072,-95.56351139,48223.0,215.726458850178,1.25,79,77,1,0,76,78,36810,3,0,0,3,-1
2020-07-10,US,Texas,Houston,175,0,0,31.31925973,-95.42226208,48225.0,761.9296412399858,0.0,175,175,0,0,175,174,23169,0,0,0,0,1
2020-07-10,US,Texas,Howard,64,1,0,32.30621324,-101.4356444,48227.0,174.55814968361335,1.5625,63,64,1,0,63,60,36459,0,0,0,0,4
2020-07-10,US,Texas,Hudspeth,17,0,0,31.45628381,-105.388178,48229.0,347.9328694228408,0.0,17,16,0,0,16,16,4795,1,0,0,1,0
2020-07-10,US,Texas,Hunt,666,8,0,33.12351514,-96.08551032,48231.0,675.4974947765584,1.2012012012012012,658,637,8,0,629,616,96493,29,0,0,29,21
2020-07-10,US,Texas,Hutchinson,72,0,0,35.84006574,-101.3546643,48233.0,343.8723851370714,0.0,72,71,0,0,71,70,21198,1,0,0,1,1
2020-07-10,US,Texas,Irion,3,0,0,31.30375559,-100.982439,48235.0,195.3125,0.0,3,3,0,0,3,2,1522,0,0,0,0,1
2020-07-10,US,Texas,Jack,12,0,0,33.23377248,-98.17283469,48237.0,134.30330162283155,0.0,12,12,0,0,12,12,8843,0,0,0,0,0
2020-07-10,US,Texas,Jackson,79,1,0,28.95472367,-96.57749563,48239.0,535.2303523035231,1.2658227848101269,78,73,1,0,72,68,14874,6,0,0,6,5
2020-07-10,US,Texas,Jasper,70,1,0,30.74685667,-94.02667579,48241.0,197.02215091896758,1.4285714285714286,69,70,1,0,69,69,35872,0,0,0,0,1
2020-07-10,US,Texas,Jeff Davis,5,0,0,30.71490589,-104.1399973,48243.0,219.87686895338607,0.0,5,5,0,0,5,4,2252,0,0,0,0,1
2020-07-10,US,Texas,Jefferson,3438,37,0,29.8832777,-94.16434171,48245.0,1366.644803529903,1.0762070971495057,3401,3235,36,0,3199,3094,255001,203,1,0,202,141
2020-07-10,US,Texas,Jim Hogg,32,0,0,27.04453923,-98.6968187,48247.0,615.3846153846154,0.0,32,27,0,0,27,25,5248,5,0,0,5,2
2020-07-10,US,Texas,Jim Wells,260,0,0,27.73103938,-98.0904705,48249.0,642.2607578676942,0.0,260,242,0,0,242,230,40822,18,0,0,18,12
2020-07-10,US,Texas,Johnson,769,4,0,32.37877812,-97.36615819,48251.0,437.3866008406468,0.5201560468140443,765,782,4,0,778,737,171361,-13,0,0,-13,45
2020-07-10,US,Texas,Jones,604,0,0,32.73997145,-99.87861576,48253.0,3007.518796992481,0.0,604,607,0,0,607,611,19817,-3,0,0,-3,-4
2020-07-10,US,Texas,Karnes,66,0,0,28.90705334,-97.85960149,48255.0,423.0498044997116,0.0,66,62,0,0,62,60,15650,4,0,0,4,2
2020-07-10,US,Texas,Kaufman,952,5,0,32.599141700000004,-96.28734728,48257.0,699.208249482204,0.5252100840336135,947,927,5,0,922,874,128622,25,0,0,25,53
2020-07-10,US,Texas,Kendall,97,0,0,29.94414155,-98.7113588,48259.0,204.5076005144315,0.0,97,95,0,0,95,95,45641,2,0,0,2,0
2020-07-10,US,Texas,Kenedy,1,0,0,26.92601662,-97.66413984,48261.0,247.52475247524762,0.0,1,1,0,0,1,1,442,0,0,0,0,0
2020-07-10,US,Texas,Kerr,134,1,0,30.06040006,-99.34930144,48265.0,254.7528517110266,0.746268656716418,133,129,1,0,128,115,52405,5,0,0,5,14
2020-07-10,US,Texas,Kimble,9,0,0,30.48678918,-99.74856473,48267.0,207.51671662439475,0.0,9,9,0,0,9,9,4362,0,0,0,0,0
2020-07-10,US,Texas,Kinney,3,0,0,29.34967888,-100.4186638,48271.0,81.81074447777475,0.0,3,3,0,0,3,2,3767,0,0,0,0,1
2020-07-10,US,Texas,Kleberg,145,1,0,27.42435506,-97.69894948,48273.0,472.6205997392438,0.6896551724137931,144,111,1,0,110,106,31129,34,0,0,34,5
2020-07-10,US,Texas,Knox,6,0,0,33.60519951,-99.7422906,48275.0,163.75545851528386,0.0,6,5,0,0,5,5,3653,1,0,0,1,0
2020-07-10,US,Texas,La Salle,68,0,0,28.34453111,-99.09908775,48283.0,904.2553191489363,0.0,68,51,0,0,51,41,7531,17,0,0,17,10
2020-07-10,US,Texas,Lamar,377,14,0,33.66981763,-95.57404777,48277.0,756.1322930664473,3.713527851458886,363,354,13,0,341,347,49728,23,1,0,22,7
2020-07-10,US,Texas,Lamb,73,0,0,34.06859623,-102.3516289,48279.0,566.1987124796401,0.0,73,71,0,0,71,71,13158,2,0,0,2,0
2020-07-10,US,Texas,Lampasas,37,0,0,31.19531316,-98.24206613,48281.0,172.67127123389957,0.0,37,32,0,0,32,30,21229,5,0,0,5,2
2020-07-10,US,Texas,Lavaca,228,1,0,29.38508402,-96.93186692,48285.0,1131.2890741292053,0.43859649122807015,227,212,1,0,211,198,20110,16,0,0,16,14
2020-07-10,US,Texas,Lee,89,3,0,30.31120597,-96.97045773,48287.0,516.2712454318697,3.3707865168539324,86,92,3,0,89,88,17144,-3,0,0,-3,4
2020-07-10,US,Texas,Leon,87,0,0,31.29872538,-95.9936328,48289.0,499.8850838887612,0.0,87,82,0,0,82,78,17270,5,0,0,5,4
2020-07-10,US,Texas,Liberty,482,3,0,30.15152688,-94.81205615,48291.0,546.3675625432163,0.6224066390041494,479,464,3,0,461,445,86323,18,0,0,18,19
2020-07-10,US,Texas,Limestone,93,1,0,31.5454767,-96.58095444,48293.0,396.8084652472586,1.075268817204301,92,86,1,0,85,74,23519,7,0,0,7,12
2020-07-10,US,Texas,Lipscomb,11,0,0,36.27783108,-100.2733151,48295.0,340.24126198577176,0.0,11,11,0,0,11,11,3355,0,0,0,0,0
2020-07-10,US,Texas,Live Oak,65,0,0,28.35101362,-98.1246786,48297.0,532.4813631522896,0.0,65,63,0,0,63,62,12166,2,0,0,2,1
2020-07-10,US,Texas,Llano,29,0,0,30.70645047,-98.68475262,48299.0,133.0580408350539,0.0,29,27,0,0,27,24,21646,2,0,0,2,3
2020-07-10,US,Texas,Lubbock,3376,59,0,33.61008596,-101.8204789,48303.0,1087.037019148724,1.7476303317535544,3317,3231,58,0,3173,3051,307412,145,1,0,144,180
2020-07-10,US,Texas,Lynn,49,1,0,33.17657705,-101.8162849,48305.0,823.3910267181986,2.0408163265306123,48,49,1,0,48,45,5877,0,0,0,0,4
2020-07-10,US,Texas,Madison,97,0,0,30.96694679,-95.93003775,48313.0,679.0814897787734,0.0,97,96,0,0,96,75,14422,1,0,0,1,21
2020-07-10,US,Texas,Marion,37,1,0,32.79868409,-94.3566123,48315.0,375.482037751167,2.702702702702702,36,37,1,0,36,37,9928,0,0,0,0,0
2020-07-10,US,Texas,Martin,24,1,0,32.30600051,-101.9513518,48317.0,415.8724657771617,4.166666666666667,23,22,1,0,21,21,5753,2,0,0,2,1
2020-07-10,US,Texas,Mason,35,0,0,30.71780434,-99.22629416,48319.0,818.9050070191857,0.0,35,35,0,0,35,35,4280,0,0,0,0,0
2020-07-10,US,Texas,Matagorda,337,5,0,28.81955746,-96.01230294,48321.0,919.6845236470813,1.483679525222552,332,295,5,0,290,286,36552,42,0,0,42,9
2020-07-10,US,Texas,Maverick,720,7,0,28.7429195,-100.3157686,48323.0,1226.1162766935734,0.9722222222222222,713,677,6,0,671,550,58485,43,1,0,42,127
2020-07-10,US,Texas,McCulloch,23,0,0,31.1925468,-99.34682807,48307.0,288.0761523046092,0.0,23,23,0,0,23,22,7987,0,0,0,0,1
2020-07-10,US,Texas,McLennan,2438,15,0,31.55255453,-97.20217694,48309.0,950.0317586498484,0.6152584085315833,2423,2283,14,0,2269,2044,254607,155,1,0,154,239
2020-07-10,US,Texas,Medina,338,3,0,29.3557301,-99.11030298,48325.0,655.241935483871,0.8875739644970414,335,338,3,0,335,335,50921,0,0,0,0,3
2020-07-10,US,Texas,Menard,14,0,0,30.88990665,-99.8204794,48327.0,654.8175865294668,0.0,14,12,0,0,12,12,2139,2,0,0,2,0
2020-07-10,US,Texas,Midland,1070,19,0,31.86904128,-102.0315682,48329.0,605.0941006152733,1.7757009345794392,1051,1020,19,0,1001,976,172578,50,0,0,50,44
2020-07-10,US,Texas,Milam,137,1,0,30.78581830000001,-96.97718698,48331.0,551.9075051363653,0.7299270072992701,136,133,1,0,132,120,25131,4,0,0,4,13
2020-07-10,US,Texas,Mills,6,0,0,31.49557106,-98.59272068,48333.0,123.12743689718859,0.0,6,6,0,0,6,3,4921,0,0,0,0,3
2020-07-10,US,Texas,Mitchell,23,0,0,32.30623474,-100.9212058,48335.0,269.16325336454065,0.0,23,21,0,0,21,18,8145,2,0,0,2,3
2020-07-10,US,Texas,Montague,26,1,0,33.67521893,-97.72500958,48337.0,131.19386416389142,3.8461538461538463,25,25,1,0,24,24,19596,1,0,0,1,1
2020-07-10,US,Texas,Montgomery,3007,41,0,30.30079133,-95.50572772,48339.0,495.06825092897316,1.3634852011972065,2966,2876,40,0,2836,2784,590925,131,1,0,130,92
2020-07-10,US,Texas,Moore,915,15,0,35.83769242,-101.8930281,48341.0,4369.627507163324,1.639344262295082,900,912,15,0,897,909,21485,3,0,0,3,3
2020-07-10,US,Texas,Morris,51,0,0,33.11304005,-94.73255695,48343.0,411.68873103002886,0.0,51,50,0,0,50,49,12339,1,0,0,1,1
2020-07-10,US,Texas,Motley,2,0,0,34.07408766,-100.779722,48345.0,166.66666666666666,0.0,2,2,0,0,2,2,1234,0,0,0,0,0
2020-07-10,US,Texas,Nacogdoches,525,29,0,31.62017125,-94.61803994,48347.0,805.1653272805348,5.523809523809524,496,516,29,0,487,479,65711,9,0,0,9,37
2020-07-10,US,Texas,Navarro,433,7,0,32.04620681,-96.47428766,48349.0,864.0472532077506,1.6166281755196306,426,421,6,0,415,396,49565,12,1,0,11,25
2020-07-10,US,Texas,Newton,12,0,0,30.78548982,-93.74408813,48351.0,88.26774549466715,0.0,12,12,0,0,12,12,13746,0,0,0,0,0
2020-07-10,US,Texas,Nolan,60,0,0,32.30365282,-100.4060208,48353.0,407.7749082506456,0.0,60,55,0,0,55,49,14751,5,0,0,5,6
2020-07-10,US,Texas,Nueces,5672,42,0,27.736286,-97.5433285,48355.0,1565.5793361192843,0.7404795486600846,5630,5260,37,0,5223,4917,362265,412,5,0,407,343
2020-07-10,US,Texas,Ochiltree,60,2,0,36.27829105,-100.8158184,48357.0,610.004066693778,3.333333333333333,58,60,2,0,58,60,9947,0,0,0,0,0
2020-07-10,US,Texas,Oldham,4,1,0,35.40425596,-102.6027606,48359.0,189.3939393939394,25.0,3,4,1,0,3,4,2131,0,0,0,0,0
2020-07-10,US,Texas,Orange,493,5,0,30.11879481,-93.89412775,48361.0,591.1554511007722,1.0141987829614605,488,443,5,0,438,415,83572,50,0,0,50,28
2020-07-10,US,Texas,Palo Pinto,55,2,0,32.75310985,-98.31319001,48363.0,188.42714721299117,3.636363636363636,53,55,2,0,53,52,28875,0,0,0,0,3
2020-07-10,US,Texas,Panola,223,24,0,32.163959600000005,-94.30552481,48365.0,961.4555488488402,10.762331838565023,199,221,24,0,197,218,23148,2,0,0,2,3
2020-07-10,US,Texas,Parker,516,1,0,32.77757172,-97.80500621,48367.0,361.14727249821533,0.1937984496124031,515,507,1,0,506,473,138371,9,0,0,9,34
2020-07-10,US,Texas,Parmer,236,8,0,34.52993409,-102.7844668,48369.0,2457.0536179073397,3.3898305084745757,228,236,8,0,228,229,9864,0,0,0,0,7
2020-07-10,US,Texas,Pecos,138,1,0,30.78097267,-102.7241261,48371.0,872.1481387853125,0.7246376811594203,137,138,1,0,137,135,15673,0,0,0,0,3
2020-07-10,US,Texas,Polk,288,0,0,30.79472531,-94.8276624,48373.0,560.8240998578467,0.0,288,268,0,0,268,205,50031,20,0,0,20,63
2020-07-10,US,Texas,Potter,3038,39,0,35.40133773,-101.893964,48375.0,2587.403653706937,1.283739302172482,2999,3025,39,0,2986,3008,119648,13,0,0,13,17
2020-07-10,US,Texas,Presidio,26,0,0,29.99954402,-104.2408079,48377.0,387.8281622911695,0.0,26,26,0,0,26,19,6948,0,0,0,0,7
2020-07-10,US,Texas,Rains,17,0,0,32.87109387,-95.79232691,48379.0,135.84785040754358,0.0,17,17,0,0,17,16,12159,0,0,0,0,1
2020-07-10,US,Texas,Randall,1026,7,0,34.96585996,-101.8971322,48381.0,745.0277025407913,0.682261208576998,1019,1001,7,0,994,971,136271,25,0,0,25,30
2020-07-10,US,Texas,Reagan,28,0,0,31.36607041,-101.5232659,48383.0,727.4616783580151,0.0,28,23,0,0,23,15,3741,5,0,0,5,8
2020-07-10,US,Texas,Real,4,0,0,29.83321503,-99.82018052,48385.0,115.87485515643104,0.0,4,4,0,0,4,4,3478,0,0,0,0,0
2020-07-10,US,Texas,Red River,119,12,0,33.61886692,-95.04841765,48387.0,989.7696082508528,10.084033613445378,107,117,12,0,105,117,12175,2,0,0,2,0
2020-07-10,US,Texas,Reeves,77,1,0,31.32323325,-103.6903896,48389.0,481.9729594391587,1.2987012987012987,76,63,1,0,62,59,15695,14,0,0,14,4
2020-07-10,US,Texas,Refugio,42,0,0,28.3238976,-97.15766311,48391.0,604.4905008635577,0.0,42,39,0,0,39,37,7032,3,0,0,3,2
2020-07-10,US,Texas,Roberts,6,0,0,35.83809685,-100.813175,48393.0,702.5761124121782,0.0,6,6,0,0,6,6,903,0,0,0,0,0
2020-07-10,US,Texas,Robertson,86,0,0,31.02539637,-96.51272246,48395.0,503.6898207801335,0.0,86,86,0,0,86,77,17284,0,0,0,0,9
2020-07-10,US,Texas,Rockwall,430,17,0,32.89779518,-96.40771592,48397.0,409.85559738836196,3.953488372093023,413,423,17,0,406,423,100657,7,0,0,7,0
2020-07-10,US,Texas,Runnels,20,0,0,31.8314342,-99.97616148,48399.0,194.8558067030397,0.0,20,19,0,0,19,17,10234,1,0,0,1,2
2020-07-10,US,Texas,Rusk,266,3,0,32.10773545,-94.76176432,48401.0,488.9166636032791,1.1278195488721805,263,266,3,0,263,292,54450,0,0,0,0,-26
2020-07-10,US,Texas,Sabine,29,1,0,31.34318809,-93.85440451,48403.0,275.09011572756594,3.4482758620689653,28,28,1,0,27,28,10589,1,0,0,1,0
2020-07-10,US,Texas,San Augustine,121,7,0,31.39457611,-94.17000399,48405.0,1468.9814252761926,5.785123966942148,114,119,7,0,112,114,8232,2,0,0,2,5
2020-07-10,US,Texas,San Jacinto,63,0,0,30.57933681,-95.16260304,48407.0,218.3027824941959,0.0,63,61,0,0,61,64,28719,2,0,0,2,-3
2020-07-10,US,Texas,San Patricio,284,0,0,28.00880118,-97.51763891,48409.0,425.5956841001049,0.0,284,267,0,0,267,204,66893,17,0,0,17,63
2020-07-10,US,Texas,San Saba,10,0,0,31.1577796,-98.81758731,48411.0,165.15276630883568,0.0,10,7,0,0,7,7,6054,3,0,0,3,0
2020-07-10,US,Texas,Schleicher,23,1,0,30.89740592,-100.5384842,48413.0,823.4872896527032,4.3478260869565215,22,21,1,0,20,21,2895,2,0,0,2,0
2020-07-10,US,Texas,Scurry,90,1,0,32.74613808,-100.9162664,48415.0,538.8253607136444,1.1111111111111112,89,84,1,0,83,71,16866,6,0,0,6,13
2020-07-10,US,Texas,Shackelford,8,0,0,32.73587756,-99.35401337,48417.0,245.02297090352212,0.0,8,6,0,0,6,5,3253,2,0,0,2,1
2020-07-10,US,Texas,Shelby,292,14,0,31.79211404,-94.14550696,48419.0,1155.3375009891588,4.794520547945205,278,292,14,0,278,288,25418,0,0,0,0,4
2020-07-10,US,Texas,Sherman,32,0,0,36.27751473,-101.8933156,48421.0,1058.901389808074,0.0,32,32,0,0,32,30,3079,0,0,0,0,2
2020-07-10,US,Texas,Smith,1220,7,0,32.37474036,-95.2717568,48423.0,524.1653097086586,0.5737704918032787,1213,1164,7,0,1157,1098,230221,56,0,0,56,66
2020-07-10,US,Texas,Somervell,23,0,0,32.22236802,-97.77403489,48425.0,251.97195442594216,0.0,23,22,0,0,22,20,9016,1,0,0,1,2
2020-07-10,US,Texas,Starr,1005,4,0,26.56150059,-98.73892358,48427.0,1554.9332384385684,0.39800995024875613,1001,1005,4,0,1001,843,64525,0,0,0,0,162
2020-07-10,US,Texas,Stephens,13,0,0,32.73553157,-98.83631615,48429.0,138.79991458466796,0.0,13,12,0,0,12,11,9433,1,0,0,1,1
2020-07-10,US,Texas,Sterling,1,0,0,31.82781912,-101.0500746,48431.0,77.45933384972889,0.0,1,1,0,0,1,1,1311,0,0,0,0,0
2020-07-10,US,Texas,Sutton,20,0,0,30.49856623,-100.5382014,48435.0,529.6610169491526,0.0,20,16,0,0,16,13,3758,4,0,0,4,3
2020-07-10,US,Texas,Swisher,53,1,0,34.53028891,-101.7349174,48437.0,716.5066919021225,1.8867924528301887,52,51,1,0,50,45,7462,2,0,0,2,6
2020-07-10,US,Texas,Tarrant,16700,259,0,32.77143818,-97.29101614,48439.0,794.2868421866193,1.5508982035928145,16441,16180,254,0,15926,15585,2084931,520,5,0,515,595
2020-07-10,US,Texas,Taylor,654,7,0,32.30163422,-99.89007449,48441.0,473.7963110537983,1.0703363914373092,647,622,7,0,615,597,137640,32,0,0,32,25
2020-07-10,US,Texas,Terrell,2,0,0,30.22429013,-102.0766732,48443.0,257.73195876288656,0.0,2,2,0,0,2,2,823,0,0,0,0,0
2020-07-10,US,Texas,Terry,47,0,0,33.17402785,-102.3354521,48445.0,380.9678203777256,0.0,47,47,0,0,47,44,12287,0,0,0,0,3
2020-07-10,US,Texas,Throckmorton,1,0,0,33.17751417,-99.21226795,48447.0,66.62225183211193,0.0,1,1,0,0,1,1,1515,0,0,0,0,0
2020-07-10,US,Texas,Titus,965,6,0,33.21339719,-94.96797273,48449.0,2946.5648854961833,0.6217616580310881,959,965,6,0,959,956,33033,0,0,0,0,9
2020-07-10,US,Texas,Tom Green,807,3,0,31.40464436,-100.462443,48451.0,677.0134228187919,0.3717472118959108,804,770,3,0,767,726,118189,37,0,0,37,44
2020-07-10,US,Texas,Travis,13864,159,0,30.33432034,-97.7853562,48453.0,1088.2653533801063,1.146855164454703,13705,13161,159,0,13002,12408,1248743,703,0,0,703,753
2020-07-10,US,Texas,Trinity,56,0,0,31.0879489,-95.1367187,48455.0,382.22646918299085,0.0,56,52,0,0,52,48,14740,4,0,0,4,4
2020-07-10,US,Texas,Tyler,36,0,0,30.77031716,-94.37690895,48457.0,166.11295681063126,0.0,36,30,0,0,30,30,21696,6,0,0,6,0
2020-07-10,US,Texas,Upshur,86,0,0,32.73706798,-94.93999853,48459.0,205.97322348094747,0.0,86,82,0,0,82,78,41260,4,0,0,4,4
2020-07-10,US,Texas,Upton,11,0,0,31.36868194,-102.0423217,48461.0,300.79299972655184,0.0,11,10,0,0,10,7,3671,1,0,0,1,3
2020-07-10,US,Texas,Uvalde,207,1,0,29.35739637,-99.76229172,48463.0,774.0922179424854,0.4830917874396135,206,190,1,0,189,179,26846,17,0,0,17,11
2020-07-10,US,Texas,Val Verde,622,3,0,29.89149232,-101.1525205,48465.0,1268.740438551759,0.482315112540193,619,588,1,0,587,509,49208,34,2,0,32,79
2020-07-10,US,Texas,Van Zandt,167,3,0,32.56483801,-95.83766469,48467.0,295.1051422512812,1.7964071856287425,164,158,3,0,155,150,56019,9,0,0,9,8
2020-07-10,US,Texas,Victoria,1599,10,0,28.79780988,-96.96813006,48469.0,1736.458016593545,0.6253908692933083,1589,1334,9,0,1325,1334,92035,265,1,0,264,0
2020-07-10,US,Texas,Walker,2194,28,0,30.73872995,-95.57440968,48471.0,3006.6738841457563,1.276207839562443,2166,2172,28,0,2144,2149,72480,22,0,0,22,23
2020-07-10,US,Texas,Waller,226,0,0,30.01058447,-95.99011759,48473.0,409.0793903631032,0.0,226,216,0,0,216,205,53126,10,0,0,10,11
2020-07-10,US,Texas,Ward,36,0,0,31.50999644,-103.0927909,48475.0,300.0500083347225,0.0,36,31,0,0,31,29,11720,5,0,0,5,2
2020-07-10,US,Texas,Washington,349,32,0,30.21498498,-96.40946246,48477.0,972.6325176968954,9.169054441260744,317,337,32,0,305,333,35108,12,0,0,12,4
2020-07-10,US,Texas,Webb,2405,39,0,27.7610369,-99.33237355,48479.0,869.3231930367392,1.6216216216216215,2366,2163,36,0,2127,2091,275910,242,3,0,239,72
2020-07-10,US,Texas,Wharton,312,1,0,29.27765923,-96.22319248,48481.0,750.7941091539128,0.3205128205128205,311,262,1,0,261,251,41619,50,0,0,50,11
2020-07-10,US,Texas,Wheeler,19,0,0,35.40114335,-100.2699514,48483.0,375.7911392405063,0.0,19,19,0,0,19,19,5191,0,0,0,0,0
2020-07-10,US,Texas,Wichita,567,3,0,33.98842886,-98.7041034,48485.0,428.798305982001,0.5291005291005291,564,548,3,0,545,512,132064,19,0,0,19,36
2020-07-10,US,Texas,Wilbarger,17,0,0,34.07945812,-99.24178437,48487.0,133.1349361735453,0.0,17,17,0,0,17,16,12820,0,0,0,0,1
2020-07-10,US,Texas,Willacy,256,3,0,26.47411727,-97.61535848,48489.0,1198.614102444049,1.171875,253,251,3,0,248,243,21515,5,0,0,5,8
2020-07-10,US,Texas,Williamson,3654,51,0,30.64655664,-97.6004854,48491.0,618.7441897482182,1.3957307060755335,3603,3617,51,0,3566,3442,566719,37,0,0,37,175
2020-07-10,US,Texas,Wilson,173,5,0,29.1732598,-98.08693082,48493.0,338.75073428627377,2.8901734104046244,168,166,5,0,161,146,50224,7,0,0,7,20
2020-07-10,US,Texas,Winkler,40,0,0,31.85008651,-103.0485163,48495.0,499.3757802746567,0.0,40,40,0,0,40,38,7720,0,0,0,0,2
2020-07-10,US,Texas,Wise,174,5,0,33.21570665,-97.65460265,48497.0,248.6282578875172,2.8735632183908044,169,164,5,0,159,157,68305,10,0,0,10,7
2020-07-10,US,Texas,Wood,120,5,0,32.78722382,-95.38236368,48499.0,263.5103976811085,4.166666666666667,115,118,5,0,113,115,45129,2,0,0,2,3
2020-07-10,US,Texas,Yoakum,40,0,0,33.17320212,-102.8276433,48501.0,459.0841271663032,0.0,40,40,0,0,40,40,8591,0,0,0,0,0
2020-07-10,US,Texas,Young,46,1,0,33.17659707,-98.68790885,48503.0,255.41365907828984,2.1739130434782608,45,42,1,0,41,38,18045,4,0,0,4,4
2020-07-10,US,Texas,Zapata,66,0,0,27.00156391,-99.16987152,48505.0,465.47711404189295,0.0,66,64,0,0,64,63,14190,2,0,0,2,1
2020-07-10,US,Texas,Zavala,46,0,0,28.86617238,-99.76050829,48507.0,388.5135135135135,0.0,46,41,0,0,41,29,11983,5,0,0,5,12
2020-07-10,US,Utah,Bear River,1724,3,0,41.52106798,-113.08328159999999,0.0,922.823282553073,0.1740139211136891,1721,1697,3,0,1694,1689,,27,0,0,27,8
2020-07-10,US,Utah,Central Utah,263,0,0,39.37231946,-111.5758676,0.0,320.9117309710325,0.0,263,243,0,0,243,234,,20,0,0,20,9
2020-07-10,US,Utah,Davis,1723,6,0,40.99001837,-112.1139997,49011.0,484.6953845634506,0.3482298316889147,1717,1644,6,0,1638,1575,351713,79,0,0,79,69
2020-07-10,US,Utah,Salt Lake,14066,125,0,40.66616532,-111.92160109999999,49035.0,1212.1295684298245,0.8886677093701123,13941,13646,124,0,13522,13343,1152633,420,1,0,419,303
2020-07-10,US,Utah,San Juan,451,11,0,37.62762978,-109.80337140000002,49037.0,2946.171936242488,2.4390243902439024,440,441,11,0,430,425,15449,10,0,0,10,16
2020-07-10,US,Utah,Southeast Utah,50,0,0,38.99617072,-110.70139579999999,0.0,124.28844863158415,0.0,50,47,0,0,47,45,,3,0,0,3,2
2020-07-10,US,Utah,Southwest Utah,1949,16,0,37.85447192,-111.4418764,0.0,773.2838177764023,0.8209338122113905,1933,1881,15,0,1866,1840,,68,1,0,67,41
2020-07-10,US,Utah,Summit,560,1,0,40.86688146,-110.9535882,49043.0,1328.7459959663067,0.17857142857142858,559,553,1,0,552,543,41933,7,0,0,7,10
2020-07-10,US,Utah,Tooele,327,0,0,40.44862644,-113.12957150000001,49045.0,452.53878409609877,0.0,327,315,0,0,315,304,69907,12,0,0,12,11
2020-07-10,US,Utah,TriCounty,63,0,0,40.12491499,-109.5174415,0.0,111.26417293631451,0.0,63,63,0,0,63,59,,0,0,0,0,4
2020-07-10,US,Utah,Utah,5143,27,0,40.116672200000004,-111.66576620000001,49049.0,808.3491162856493,0.5249854170717481,5116,4988,27,0,4961,4894,622213,155,0,0,155,94
2020-07-10,US,Utah,Wasatch,448,4,0,40.33110236,-111.1691419,49051.0,1314.129828987123,0.8928571428571429,444,442,4,0,438,436,33240,6,0,0,6,6
2020-07-10,US,Utah,Weber-Morgan,1456,14,0,41.27116049,-111.9145117,0.0,534.6317246646618,0.9615384615384616,1442,1396,14,0,1382,1368,,60,0,0,60,28
2020-07-10,US,Vermont,Addison,68,2,0,44.03217337,-73.14130877,50001.0,184.89817005193456,2.9411764705882355,66,68,2,0,66,68,36973,0,0,0,0,0
2020-07-10,US,Vermont,Bennington,74,1,0,43.03519828,-73.09048868,50003.0,208.62700873978008,1.351351351351351,73,74,1,0,73,73,35631,0,0,0,0,1
2020-07-10,US,Vermont,Caledonia,21,0,0,44.46548598,-72.10314651,50005.0,70.0163371453339,0.0,21,21,0,0,21,21,30302,0,0,0,0,0
2020-07-10,US,Vermont,Chittenden,645,39,0,44.46322849,-73.08359212,50007.0,393.8354073296128,6.046511627906978,606,643,39,0,604,632,164572,2,0,0,2,11
2020-07-10,US,Vermont,Essex,5,0,0,44.72736416,-71.73579864,50009.0,81.12932013629725,0.0,5,5,0,0,5,4,6250,0,0,0,0,1
2020-07-10,US,Vermont,Franklin,110,6,0,44.85627605,-72.91249563,50011.0,222.66305007894417,5.454545454545454,104,110,6,0,104,110,49421,0,0,0,0,0
2020-07-10,US,Vermont,Grand Isle,10,0,0,44.7975824,-73.29679772,50013.0,138.217000691085,0.0,10,10,0,0,10,10,7090,0,0,0,0,0
2020-07-10,US,Vermont,Lamoille,37,1,0,44.60353043,-72.64356694,50015.0,145.88754830060722,2.702702702702702,36,36,1,0,35,34,25300,1,0,0,1,2
2020-07-10,US,Vermont,Orange,10,0,0,44.00470222,-72.37640104,50017.0,34.61165720614703,0.0,10,10,0,0,10,10,28999,0,0,0,0,0
2020-07-10,US,Vermont,Orleans,14,0,0,44.82964024,-72.24562697,50019.0,51.78089285053815,0.0,14,14,0,0,14,14,26907,0,0,0,0,0
2020-07-10,US,Vermont,Rutland,75,1,0,43.57723578,-73.03741676,50021.0,128.8859101922978,1.3333333333333333,74,75,1,0,74,75,58672,0,0,0,0,0
2020-07-10,US,Vermont,Unassigned,5,0,0,0.0,0.0,90050.0,0.0,0.0,5,5,0,0,5,5,,0,0,0,0,0
2020-07-10,US,Vermont,Washington,42,1,0,44.27343241,-72.61604978,50023.0,71.90672670307659,2.380952380952381,41,42,1,0,41,42,58140,0,0,0,0,0
2020-07-10,US,Vermont,Windham,99,3,0,42.986982,-72.71268875,50025.0,234.4749182890436,3.0303030303030303,96,98,3,0,95,97,42756,1,0,0,1,1
2020-07-10,US,Vermont,Windsor,62,2,0,43.58010937,-72.58595157,50027.0,112.60034143329338,3.2258064516129035,60,61,2,0,59,61,55286,1,0,0,1,0
2020-07-10,US,Virginia,Accomack,1042,14,0,37.76707161,-75.63234615,51001.0,3224.4089615051366,1.343570057581574,1028,1042,14,0,1028,1042,32412,0,0,0,0,0
2020-07-10,US,Virginia,Albemarle,520,10,0,38.02080697,-78.55481085,51003.0,475.6242568370987,1.9230769230769231,510,512,10,0,502,498,108718,8,0,0,8,14
2020-07-10,US,Virginia,Alexandria,2439,57,0,38.814003,-77.08183073,51510.0,1529.844192989939,2.3370233702337018,2382,2419,57,0,2362,2408,160530,20,0,0,20,11
2020-07-10,US,Virginia,Alleghany,39,2,0,37.78636074,-80.00222498,51005.0,262.4495289367429,5.128205128205129,37,39,2,0,37,39,14910,0,0,0,0,0
2020-07-10,US,Virginia,Amelia,49,1,0,37.34081025,-77.98584649,51007.0,372.76531000380373,2.0408163265306123,48,49,1,0,48,48,13013,0,0,0,0,1
2020-07-10,US,Virginia,Amherst,38,0,0,37.60308293,-79.14548696,51009.0,120.234140167695,0.0,38,38,0,0,38,38,31666,0,0,0,0,0
2020-07-10,US,Virginia,Appomattox,46,0,0,37.37569884,-78.81340003,51011.0,289.1081641631576,0.0,46,44,0,0,44,44,15841,2,0,0,2,0
2020-07-10,US,Virginia,Arlington,2582,133,0,38.8767675,-77.10139853,51013.0,1090.17826230145,5.151045701006972,2449,2567,132,0,2435,2558,237521,15,1,0,14,9
2020-07-10,US,Virginia,Augusta,204,2,0,38.16404586,-79.12461614,51015.0,269.9912649884857,0.9803921568627452,202,200,2,0,198,201,75457,4,0,0,4,-1
2020-07-10,US,Virginia,Bath,1,0,0,38.05852573,-79.73912095,51017.0,24.11381721726549,0.0,1,1,0,0,1,1,4292,0,0,0,0,0
2020-07-10,US,Virginia,Bedford,144,4,0,37.3080028,-79.5281964,51019.0,182.2854032431612,2.7777777777777777,140,142,4,0,138,140,78747,2,0,0,2,2
2020-07-10,US,Virginia,Bland,3,0,0,37.13128068,-81.13599391,51021.0,47.77070063694269,0.0,3,2,0,0,2,2,6293,1,0,0,1,0
2020-07-10,US,Virginia,Botetourt,151,4,0,37.55531756,-79.80982182,51023.0,451.83877434992064,2.6490066225165565,147,150,4,0,146,148,33277,1,0,0,1,2
2020-07-10,US,Virginia,Bristol,10,0,0,36.6163024,-82.16359122,51520.0,59.658751938909425,0.0,10,8,0,0,8,7,16482,2,0,0,2,1
2020-07-10,US,Virginia,Brunswick,123,1,0,36.76366949,-77.8593436,51025.0,757.8091306758673,0.8130081300813008,122,116,1,0,115,117,16384,7,0,0,7,-1
2020-07-10,US,Virginia,Buchanan,39,0,0,37.26818323,-82.03749726,51027.0,185.678918301276,0.0,39,38,0,0,38,36,21221,1,0,0,1,2
2020-07-10,US,Virginia,Buckingham,574,6,0,37.57242268,-78.52518834,51029.0,3347.329134592956,1.0452961672473868,568,572,6,0,566,571,16999,2,0,0,2,1
2020-07-10,US,Virginia,Buena Vista,18,0,0,37.73484642,-79.35296097,51530.0,277.8635381290522,0.0,18,15,0,0,15,16,6237,3,0,0,3,-1
2020-07-10,US,Virginia,Campbell,56,1,0,37.20553386,-79.09678609,51031.0,102.03152045185386,1.7857142857142858,55,54,1,0,53,54,54973,2,0,0,2,0
2020-07-10,US,Virginia,Caroline,135,4,0,38.02679129,-77.34901405,51033.0,439.38161106590724,2.962962962962963,131,132,4,0,128,131,30772,3,0,0,3,1
2020-07-10,US,Virginia,Carroll,244,9,0,36.73066666,-80.73455942,51035.0,819.0393071733072,3.6885245901639343,235,241,9,0,232,239,29636,3,0,0,3,2
2020-07-10,US,Virginia,Charles City,41,3,0,37.35358063,-77.05634116,51036.0,588.8266551773661,7.317073170731707,38,41,3,0,38,41,6941,0,0,0,0,0
2020-07-10,US,Virginia,Charlotte,35,0,0,37.01909701,-78.66314092,51037.0,294.61279461279463,0.0,35,33,0,0,33,33,11938,2,0,0,2,0
2020-07-10,US,Virginia,Charlottesville,260,7,0,38.03527919,-78.48569588,51540.0,550.0782803706682,2.6923076923076925,253,251,7,0,244,241,48117,9,0,0,9,10
2020-07-10,US,Virginia,Chesapeake,1162,22,0,36.67670048,-76.30545744,51550.0,474.60534645781854,1.8932874354561104,1140,1117,22,0,1095,1088,242634,45,0,0,45,29
2020-07-10,US,Virginia,Chesterfield,3135,62,0,37.37373208,-77.58680140000001,51041.0,888.6004047596103,1.9776714513556617,3073,3108,61,0,3047,3078,348556,27,1,0,26,30
2020-07-10,US,Virginia,Clarke,58,0,0,39.11271747,-77.99199425,51043.0,396.74396333538544,0.0,58,58,0,0,58,59,14523,0,0,0,0,-1
2020-07-10,US,Virginia,Colonial Heights,152,20,0,37.26420587,-77.39609676,51570.0,875.0719631548648,13.157894736842106,132,151,20,0,131,151,17833,1,0,0,1,0
2020-07-10,US,Virginia,Covington,5,0,0,37.7824656,-79.98631446,51580.0,90.2853015529072,0.0,5,5,0,0,5,5,5460,0,0,0,0,0
2020-07-10,US,Virginia,Craig,9,0,0,37.48133648,-80.21072274,51045.0,175.4044045994933,0.0,9,9,0,0,9,9,5064,0,0,0,0,0
2020-07-10,US,Virginia,Culpeper,841,12,0,38.48199985,-77.95630870000002,51047.0,1598.7073472103411,1.4268727705112958,829,837,12,0,825,831,51859,4,0,0,4,6
2020-07-10,US,Virginia,Cumberland,59,0,0,37.51328851,-78.24398086,51049.0,594.0394683850183,0.0,59,59,0,0,59,59,9809,0,0,0,0,0
2020-07-10,US,Virginia,Danville,104,2,0,36.58022376,-79.40395668,51590.0,259.71431425432024,1.9230769230769231,102,102,2,0,100,101,40693,2,0,0,2,1
2020-07-10,US,Virginia,Dickenson,5,0,0,37.12560977,-82.35124171,51051.0,34.92107836289985,0.0,5,5,0,0,5,5,14523,0,0,0,0,0
2020-07-10,US,Virginia,Dinwiddie,154,2,0,37.07544585,-77.63451754,51053.0,539.5179372197309,1.2987012987012987,152,154,2,0,152,154,28529,0,0,0,0,0
2020-07-10,US,Virginia,Emporia,147,15,0,36.69455571,-77.53406129,51595.0,2749.7194163860827,10.20408163265306,132,147,15,0,132,145,5121,0,0,0,0,2
2020-07-10,US,Virginia,Essex,63,0,0,37.93357639,-76.94230311,51057.0,575.1848808545604,0.0,63,64,0,0,64,59,10919,-1,0,0,-1,5
2020-07-10,US,Virginia,Fairfax,14356,499,0,38.83677558,-77.27565836,51059.0,1251.0326509413244,3.4758985789913623,13857,14284,497,0,13787,14253,1150795,72,2,0,70,31
2020-07-10,US,Virginia,Fairfax,14356,499,0,38.83677558,-77.27565836,51059.0,1251.0326509413244,3.4758985789913623,13857,14284,497,0,13787,14253,24574,72,2,0,70,31
2020-07-10,US,Virginia,Fairfax City,72,7,0,38.85157547,-77.29779640000002,51600.0,299.76268787210125,9.722222222222221,65,72,7,0,65,72,24574,0,0,0,0,0
2020-07-10,US,Virginia,Falls Church,51,7,0,38.88485255,-77.17560759,51610.0,348.90880481630984,13.725490196078429,44,53,7,0,46,54,14772,-2,0,0,-2,-1
2020-07-10,US,Virginia,Fauquier,471,8,0,38.73564842,-77.80647472,51061.0,661.3125157956812,1.6985138004246283,463,460,8,0,452,455,70675,11,0,0,11,5
2020-07-10,US,Virginia,Floyd,20,1,0,36.9302126,-80.36738849,51063.0,126.9921899803162,5.0,19,20,1,0,19,20,15795,0,0,0,0,0
2020-07-10,US,Virginia,Fluvanna,128,8,0,37.84157909,-78.27715475,51065.0,469.38027136046935,6.25,120,126,8,0,118,125,26783,2,0,0,2,1
2020-07-10,US,Virginia,Franklin,105,1,0,36.99536167,-79.88023649,51067.0,187.35948038970773,0.9523809523809524,104,106,1,0,105,104,56195,-1,0,0,-1,2
2020-07-10,US,Virginia,Franklin,105,1,0,36.99536167,-79.88023649,51067.0,187.35948038970773,0.9523809523809524,104,106,1,0,105,104,8013,-1,0,0,-1,2
2020-07-10,US,Virginia,Franklin City,69,3,0,36.6831435,-76.93859681,51620.0,866.0725492657211,4.3478260869565215,66,66,3,0,63,61,8013,3,0,0,3,5
2020-07-10,US,Virginia,Frederick,536,6,0,39.20172582,-78.25974949,51069.0,600.1365982555733,1.1194029850746268,530,534,6,0,528,529,88355,2,0,0,2,5
2020-07-10,US,Virginia,Fredericksburg,264,0,0,38.2977863,-77.4922454,51630.0,909.2161454745833,0.0,264,264,0,0,264,263,29144,0,0,0,0,1
2020-07-10,US,Virginia,Galax,283,16,0,36.66601852,-80.91703124,51640.0,4458.799432802899,5.653710247349824,267,282,16,0,266,282,6423,1,0,0,1,0
2020-07-10,US,Virginia,Giles,18,0,0,37.31234791,-80.70636931,51071.0,107.65550239234449,0.0,18,18,0,0,18,18,16844,0,0,0,0,0
2020-07-10,US,Virginia,Gloucester,65,1,0,37.40809042,-76.53524337,51073.0,174.03877048302448,1.5384615384615383,64,64,1,0,63,52,37349,1,0,0,1,12
2020-07-10,US,Virginia,Goochland,129,6,0,37.71714806,-77.90381514,51075.0,543.0892939839179,4.651162790697675,123,129,6,0,123,128,23244,0,0,0,0,1
2020-07-10,US,Virginia,Grayson,91,4,0,36.65677234,-81.23215889,51077.0,585.2090032154341,4.395604395604397,87,91,4,0,87,91,15631,0,0,0,0,0
2020-07-10,US,Virginia,Greene,80,2,0,38.29545894,-78.46525378,51079.0,403.65306019476265,2.5,78,78,2,0,76,76,19779,2,0,0,2,2
2020-07-10,US,Virginia,Greensville,374,9,0,36.67878901,-77.56351439,51081.0,3299.223712067749,2.406417112299465,365,373,8,0,365,370,11627,1,1,0,0,3
2020-07-10,US,Virginia,Halifax,76,1,0,36.76654925,-78.93512622,51083.0,224.11606853233462,1.3157894736842106,75,73,1,0,72,70,34120,3,0,0,3,3
2020-07-10,US,Virginia,Hampton,454,4,0,37.03513786,-76.35879121,51650.0,337.5213738755483,0.8810572687224669,450,424,4,0,420,409,134313,30,0,0,30,15
2020-07-10,US,Virginia,Hanover,467,31,0,37.7583355,-77.49464673,51085.0,433.3463244437021,6.638115631691649,436,459,31,0,428,456,107239,8,0,0,8,3
2020-07-10,US,Virginia,Harrisonburg,976,28,0,38.43542574,-78.87536254,51660.0,1840.9536743624567,2.8688524590163933,948,975,28,0,947,972,54033,1,0,0,1,3
2020-07-10,US,Virginia,Henrico,2784,172,0,37.53460572,-77.39326555,51087.0,841.550338857015,6.17816091954023,2612,2725,169,0,2556,2721,329261,59,3,0,56,4
2020-07-10,US,Virginia,Henry,339,5,0,36.68542395,-79.87634026,51089.0,670.5302925410922,1.4749262536873156,334,330,5,0,325,315,50953,9,0,0,9,15
2020-07-10,US,Virginia,Highland,3,0,0,38.35799465,-79.56124594,51091.0,136.98630136986299,0.0,3,3,0,0,3,3,2210,0,0,0,0,0
2020-07-10,US,Virginia,Hopewell,193,5,0,37.29186313,-77.29754684,51670.0,856.6736206666964,2.5906735751295336,188,192,5,0,187,191,22596,1,0,0,1,1
2020-07-10,US,Virginia,Isle of Wight,215,9,0,36.90579348,-76.70842863,51093.0,579.3742757821552,4.186046511627906,206,209,9,0,200,204,36953,6,0,0,6,5
2020-07-10,US,Virginia,James City,332,16,0,37.31156958,-76.76950618,51095.0,433.8564875919658,4.819277108433735,316,323,16,0,307,313,76397,9,0,0,9,10
2020-07-10,US,Virginia,King George,104,4,0,38.26818502,-77.15852768,51099.0,387.5391265464302,3.8461538461538463,100,102,4,0,98,99,26575,2,0,0,2,3
2020-07-10,US,Virginia,King William,54,2,0,37.70965316,-77.09384941,51101.0,314.9055283414976,3.703703703703704,52,54,1,0,53,47,16939,0,1,0,-1,7
2020-07-10,US,Virginia,King and Queen,26,1,0,37.71044922,-76.88689628,51097.0,370.10676156583634,3.8461538461538463,25,26,1,0,25,25,7042,0,0,0,0,1
2020-07-10,US,Virginia,Lancaster,12,0,0,37.71889653,-76.46400482,51103.0,113.1755163632934,0.0,12,12,0,0,12,11,10783,0,0,0,0,1
2020-07-10,US,Virginia,Lee,17,0,0,36.70586667,-83.12606515,51105.0,72.57823506809547,0.0,17,15,0,0,15,15,23541,2,0,0,2,0
2020-07-10,US,Virginia,Lexington,13,0,0,37.78258621,-79.44262866,51678.0,174.59038409884502,0.0,13,12,0,0,12,13,7136,1,0,0,1,-1
2020-07-10,US,Virginia,Loudoun,4349,99,0,39.08990083,-77.63481877,51107.0,1051.656679676354,2.276385375948494,4250,4319,99,0,4220,4282,406850,30,0,0,30,37
2020-07-10,US,Virginia,Louisa,134,2,0,37.97850256,-77.96274807,51109.0,356.46830358330453,1.492537313432836,132,134,2,0,132,133,36778,0,0,0,0,1
2020-07-10,US,Virginia,Lunenburg,40,0,0,36.94618528,-78.24133319,51111.0,327.9763857002296,0.0,40,39,0,0,39,39,12086,1,0,0,1,0
2020-07-10,US,Virginia,Lynchburg,177,1,0,37.40021399,-79.19888138,51680.0,215.41232596631286,0.5649717514124294,176,169,1,0,168,169,82126,8,0,0,8,0
2020-07-10,US,Virginia,Madison,46,1,0,38.41531222,-78.28220331,51113.0,346.88183394917434,2.1739130434782608,45,46,1,0,45,46,13295,0,0,0,0,0
2020-07-10,US,Virginia,Manassas,1472,18,0,38.7464321,-77.48509905,51683.0,3582.816112936595,1.2228260869565215,1454,1464,18,0,1446,1464,41641,8,0,0,8,0
2020-07-10,US,Virginia,Manassas Park,455,6,0,38.77058531,-77.44399307,51685.0,2603.272685661975,1.3186813186813189,449,451,6,0,445,449,17307,4,0,0,4,2
2020-07-10,US,Virginia,Martinsville,107,1,0,36.68212094,-79.86352771,51690.0,852.3179862991875,0.9345794392523364,106,104,1,0,103,101,12902,3,0,0,3,3
2020-07-10,US,Virginia,Mathews,7,0,0,37.44164146,-76.34098896,51115.0,79.23930269413628,0.0,7,7,0,0,7,6,8802,0,0,0,0,1
2020-07-10,US,Virginia,Mecklenburg,253,29,0,36.67882005,-78.36131056,51117.0,827.1487887010821,11.462450592885375,224,252,29,0,223,250,30650,1,0,0,1,2
2020-07-10,US,Virginia,Middlesex,16,0,0,37.63191998,-76.55064617,51119.0,151.2001512001512,0.0,16,15,0,0,15,15,10769,1,0,0,1,0
2020-07-10,US,Virginia,Montgomery,177,3,0,37.17746986,-80.37868691,51121.0,179.63160298371136,1.6949152542372878,174,172,3,0,169,170,98985,5,0,0,5,2
2020-07-10,US,Virginia,Nelson,22,0,0,37.78790447,-78.88498513,51125.0,147.35432016075018,0.0,22,22,0,0,22,22,14836,0,0,0,0,0
2020-07-10,US,Virginia,New Kent,63,1,0,37.50694406,-76.99828634,51127.0,272.83357152137194,1.5873015873015872,62,62,1,0,61,62,22391,1,0,0,1,0
2020-07-10,US,Virginia,Newport News,679,10,0,37.08166899,-76.51754109,51700.0,378.8533965685591,1.4727540500736378,669,659,10,0,649,634,178626,20,0,0,20,25
2020-07-10,US,Virginia,Norfolk,1360,15,0,36.89934014,-76.26420872,51710.0,560.2656318230878,1.1029411764705883,1345,1289,14,0,1275,1194,244076,71,1,0,70,95
2020-07-10,US,Virginia,Northampton,273,28,0,37.34062933,-75.87751591,51131.0,2331.34073441503,10.256410256410255,245,272,28,0,244,272,11735,1,0,0,1,0
2020-07-10,US,Virginia,Northumberland,38,1,0,37.89202088,-76.41949732,51133.0,314.1794129805705,2.631578947368421,37,37,1,0,36,37,12147,1,0,0,1,0
2020-07-10,US,Virginia,Norton,4,0,0,36.93357076,-82.62750411,51720.0,100.4772670183371,0.0,4,4,0,0,4,4,3968,0,0,0,0,0
2020-07-10,US,Virginia,Nottoway,117,5,0,37.1435975,-78.05065922,51135.0,768.1197478991597,4.2735042735042725,112,114,4,0,110,115,15420,3,1,0,2,-1
2020-07-10,US,Virginia,Orange,158,3,0,38.24530219,-78.01560400000002,51137.0,426.4392324093817,1.8987341772151896,155,155,3,0,152,154,36644,3,0,0,3,1
2020-07-10,US,Virginia,Page,296,23,0,38.61807452,-78.48797204,51139.0,1238.390092879257,7.77027027027027,273,295,23,0,272,293,23933,1,0,0,1,2
2020-07-10,US,Virginia,Patrick,48,1,0,36.6801638,-80.2865648,51141.0,272.6033621081327,2.083333333333333,47,48,1,0,47,48,17673,0,0,0,0,0
2020-07-10,US,Virginia,Petersburg,320,8,0,37.20530399,-77.39368102,51730.0,1020.8639060805208,2.5,312,314,8,0,306,313,31567,6,0,0,6,1
2020-07-10,US,Virginia,Pittsylvania,148,2,0,36.81980341,-79.39731264,51143.0,245.2198694369885,1.351351351351351,146,146,1,0,145,146,60949,2,1,0,1,0
2020-07-10,US,Virginia,Poquoson,20,0,0,37.14259351,-76.35798148,51735.0,162.9859017195013,0.0,20,20,0,0,20,19,12190,0,0,0,0,1
2020-07-10,US,Virginia,Portsmouth,627,18,0,36.85914825,-76.35971629,51740.0,664.2089874785482,2.8708133971291865,609,605,18,0,587,593,94632,22,0,0,22,12
2020-07-10,US,Virginia,Powhatan,87,2,0,37.55016038,-77.91267882,51145.0,293.4034803723189,2.2988505747126435,85,86,2,0,84,86,29189,1,0,0,1,0
2020-07-10,US,Virginia,Prince Edward,236,6,0,37.22554789,-78.43597949,51147.0,1034.9969300938517,2.5423728813559316,230,234,6,0,228,219,22950,2,0,0,2,15
2020-07-10,US,Virginia,Prince George,255,2,0,37.18497668,-77.22922187,51149.0,664.8762808646,0.7843137254901961,253,254,2,0,252,254,38082,1,0,0,1,0
2020-07-10,US,Virginia,Prince William,7742,156,0,38.70916224,-77.48713689,51153.0,1646.060786460714,2.0149832084732626,7586,7687,155,0,7532,7664,468011,55,1,0,54,23
2020-07-10,US,Virginia,Pulaski,51,2,0,37.06474963,-80.71229738,51155.0,149.8809768713081,3.92156862745098,49,48,2,0,46,48,34066,3,0,0,3,0
2020-07-10,US,Virginia,Radford,16,0,0,37.12222899,-80.56027320000003,51750.0,87.67603704312565,0.0,16,16,0,0,16,15,18339,0,0,0,0,1
2020-07-10,US,Virginia,Rappahannock,31,0,0,38.68295619,-78.15826963,51157.0,420.6241519674355,0.0,31,31,0,0,31,31,7252,0,0,0,0,0
2020-07-10,US,Virginia,Richmond,308,6,0,37.937575,-76.72920628,51159.0,3413.498836307215,1.9480519480519483,302,304,4,0,300,299,9038,4,2,0,2,5
2020-07-10,US,Virginia,Richmond City,2361,35,0,37.53255773,-77.47966921,51760.0,1024.5794927875852,1.4824227022448115,2326,2333,33,0,2300,2321,228783,28,2,0,26,12
2020-07-10,US,Virginia,Roanoke,309,6,0,37.26865804,-80.06396753,51161.0,328.0742360860425,1.9417475728155342,303,301,6,0,295,296,94073,8,0,0,8,5
2020-07-10,US,Virginia,Roanoke City,552,10,0,37.27791025,-79.96189766,51770.0,556.7715320294927,1.8115942028985508,542,542,10,0,532,525,99920,10,0,0,10,17
2020-07-10,US,Virginia,Rockbridge,32,0,0,37.81204314,-79.44605905,51163.0,141.76228237274617,0.0,32,33,0,0,33,33,22752,-1,0,0,-1,0
2020-07-10,US,Virginia,Rockingham,771,12,0,38.51006137,-78.87260325,51165.0,940.8405330209399,1.5564202334630348,759,763,12,0,751,758,81244,8,0,0,8,5
2020-07-10,US,Virginia,Russell,18,0,0,36.93028320000001,-82.10095486,51167.0,67.70480704129993,0.0,18,15,0,0,15,15,26748,3,0,0,3,0
2020-07-10,US,Virginia,Salem,87,3,0,37.2836193,-80.06219455,51775.0,343.85992648511916,3.4482758620689653,84,84,3,0,81,83,25643,3,0,0,3,1
2020-07-10,US,Virginia,Scott,11,2,0,36.71466456,-82.60171704,51169.0,51.00621348418807,18.181818181818183,9,11,2,0,9,11,21534,0,0,0,0,0
2020-07-10,US,Virginia,Shenandoah,606,35,0,38.85905135,-78.56813762,51171.0,1389.3983859134262,5.775577557755777,571,604,35,0,569,601,43497,2,0,0,2,3
2020-07-10,US,Virginia,Smyth,43,1,0,36.84455636,-81.53344948,51173.0,142.83816104172203,2.3255813953488373,42,42,1,0,41,42,30472,1,0,0,1,0
2020-07-10,US,Virginia,Southampton,170,10,0,36.72231125,-77.10642712,51175.0,964.2107651296013,5.882352941176472,160,168,9,0,159,166,17586,2,1,0,1,2
2020-07-10,US,Virginia,Spotsylvania,1077,31,0,38.18574462,-77.655399,51177.0,790.6618213853097,2.8783658310120708,1046,1060,31,0,1029,1053,134238,17,0,0,17,7
2020-07-10,US,Virginia,Stafford,1048,6,0,38.41758738,-77.45917053,51179.0,685.496003453644,0.5725190839694656,1042,1038,6,0,1032,1029,149960,10,0,0,10,9
2020-07-10,US,Virginia,Staunton,90,0,0,38.15965544,-79.05979937,51790.0,360.98187068827207,0.0,90,85,0,0,85,84,24922,5,0,0,5,1
2020-07-10,US,Virginia,Suffolk,526,42,0,36.70155394,-76.63603554,51800.0,571.0687453858513,7.984790874524715,484,504,40,0,464,487,91185,22,2,0,20,17
2020-07-10,US,Virginia,Surry,17,1,0,37.11781893,-76.88450012,51181.0,264.71504204297725,5.882352941176472,16,17,1,0,16,17,6474,0,0,0,0,0
2020-07-10,US,Virginia,Sussex,211,7,0,36.92432914,-77.25791182,51183.0,1890.8504346267587,3.3175355450236967,204,210,7,0,203,212,11237,1,0,0,1,-2
2020-07-10,US,Virginia,Tazewell,24,0,0,37.12191123,-81.56685568,51185.0,59.1205813523833,0.0,24,23,0,0,23,23,40855,1,0,0,1,0
2020-07-10,US,Virginia,Virginia Beach,1663,30,0,36.73285734,-76.04566934,51810.0,369.57690888806917,1.8039687312086592,1633,1547,30,0,1517,1520,450189,116,0,0,116,27
2020-07-10,US,Virginia,Warren,304,8,0,38.90847745,-78.20280433,51187.0,756.8967234339209,2.631578947368421,296,303,7,0,296,302,40003,1,1,0,0,1
2020-07-10,US,Virginia,Washington,76,4,0,36.72341572,-81.95666289,51191.0,141.42165984369188,5.2631578947368425,72,74,4,0,70,70,54402,2,0,0,2,4
2020-07-10,US,Virginia,Waynesboro,117,0,0,38.06451466,-78.90293905,51820.0,517.0128148475475,0.0,117,114,0,0,114,113,22628,3,0,0,3,1
2020-07-10,US,Virginia,Westmoreland,171,2,0,38.11021557,-76.80213247,51193.0,949.2089925062448,1.1695906432748535,169,124,2,0,122,118,17830,47,0,0,47,6
2020-07-10,US,Virginia,Williamsburg,78,6,0,37.28131268,-76.70905141,51830.0,521.599572020864,7.6923076923076925,72,78,6,0,72,77,14896,0,0,0,0,1
2020-07-10,US,Virginia,Winchester,336,3,0,39.17054517,-78.17325058,51840.0,1196.6664292328517,0.8928571428571429,333,334,3,0,331,334,28108,2,0,0,2,0
2020-07-10,US,Virginia,Wise,36,2,0,36.9746148,-82.62410519,51195.0,96.30045742717276,5.5555555555555545,34,34,2,0,32,33,38012,2,0,0,2,1
2020-07-10,US,Virginia,Wythe,57,1,0,36.91582035,-81.07834059,51197.0,198.71705480407195,1.7543859649122806,56,57,1,0,56,57,28754,0,0,0,0,0
2020-07-10,US,Virginia,York,144,3,0,37.24374789,-76.54412815,51199.0,210.89630931458697,2.083333333333333,141,140,3,0,137,135,67846,4,0,0,4,5
2020-07-10,US,Washington,Adams,222,0,0,46.98299757,-118.5601734,53001.0,1110.9443026572587,0.0,222,218,0,0,218,199,19759,4,0,0,4,19
2020-07-10,US,Washington,Asotin,21,2,0,46.18894415,-117.2022851,53003.0,92.99442033477993,9.523809523809524,19,21,2,0,19,21,22610,0,0,0,0,0
2020-07-10,US,Washington,Benton,2238,92,0,46.23946995,-119.5120834,53005.0,1094.9655071187435,4.110813226094727,2146,2183,90,0,2093,2123,201877,55,2,0,53,60
2020-07-10,US,Washington,Chelan,514,7,0,47.87046092,-120.6173956,53007.0,665.8031088082903,1.3618677042801557,507,491,6,0,485,482,77036,23,1,0,22,9
2020-07-10,US,Washington,Clallam,50,0,0,48.04754642,-123.9226319,53009.0,64.65712327527123,0.0,50,47,0,0,47,46,76737,3,0,0,3,1
2020-07-10,US,Washington,Clark,1033,32,0,45.77568046,-122.4829204,53011.0,211.575840619694,3.0977734753146176,1001,1004,31,0,973,990,481857,29,1,0,28,14
2020-07-10,US,Washington,Columbia,8,0,0,46.29442881,-117.9051983,53013.0,200.75282308657467,0.0,8,8,0,0,8,8,4059,0,0,0,0,0
2020-07-10,US,Washington,Cowlitz,241,0,0,46.19074721,-122.6782231,53015.0,217.91614297469098,0.0,241,234,0,0,234,229,108987,7,0,0,7,5
2020-07-10,US,Washington,Douglas,348,3,0,47.7361335,-119.692937,53017.0,801.3078818301135,0.8620689655172413,345,332,3,0,329,325,42907,16,0,0,16,7
2020-07-10,US,Washington,Ferry,2,0,0,48.471143100000006,-118.5154041,53019.0,26.222630129802017,0.0,2,1,0,0,1,1,7649,1,0,0,1,0
2020-07-10,US,Washington,Franklin,2281,36,0,46.53351425,-118.9018212,53021.0,2395.454831866585,1.578255151249452,2245,2212,35,0,2177,2140,94347,69,1,0,68,72
2020-07-10,US,Washington,Grant,760,8,0,47.20753737,-119.4500749,53025.0,777.6288459374008,1.0526315789473684,752,738,8,0,730,720,97331,22,0,0,22,18
2020-07-10,US,Washington,Grays Harbor,38,0,0,47.14003705,-123.7820567,53027.0,50.62549126710276,0.0,38,33,0,0,33,32,73901,5,0,0,5,1
2020-07-10,US,Washington,Island,203,12,0,48.14713305,-122.5216407,53029.0,238.42801940310773,5.911330049261084,191,202,12,0,190,199,84460,1,0,0,1,3
2020-07-10,US,Washington,Jefferson,41,0,0,47.75003077,-123.56097040000002,53031.0,127.24620589056826,0.0,41,41,0,0,41,41,31729,0,0,0,0,0
2020-07-10,US,Washington,King,11568,633,0,47.49137892,-121.8346131,53033.0,513.4984210633785,5.471991701244813,10935,11419,632,0,10787,11284,2233163,149,1,0,148,135
2020-07-10,US,Washington,Kitsap,277,2,0,47.63479026,-122.6436061,53035.0,102.035929908315,0.7220216606498195,275,269,2,0,267,261,269805,8,0,0,8,8
2020-07-10,US,Washington,Kittitas,165,0,0,47.12521214,-120.679439,53037.0,344.2161260039637,0.0,165,165,0,0,165,162,47364,0,0,0,0,3
2020-07-10,US,Washington,Klickitat,76,3,0,45.87325839,-120.7913598,53039.0,338.90746934225194,3.947368421052632,73,76,3,0,73,73,22107,0,0,0,0,3
2020-07-10,US,Washington,Lewis,89,3,0,46.57756476,-122.3925769,53041.0,110.2754407920007,3.3707865168539324,86,85,3,0,82,79,79604,4,0,0,4,6
2020-07-10,US,Washington,Lincoln,4,0,0,47.57705241,-118.4194388,53043.0,36.56641374897157,0.0,4,4,0,0,4,4,10740,0,0,0,0,0
2020-07-10,US,Washington,Mason,55,1,0,47.35007586,-123.1863685,53045.0,82.37479031871554,1.818181818181818,54,55,1,0,54,55,65507,0,0,0,0,0
2020-07-10,US,Washington,Okanogan,179,2,0,48.54855019,-119.7387224,53047.0,423.73884430556535,1.11731843575419,177,161,2,0,159,160,42132,18,0,0,18,1
2020-07-10,US,Washington,Pacific,18,1,0,46.55418369,-123.7285716,53049.0,80.10324418138934,5.5555555555555545,17,18,1,0,17,18,22036,0,0,0,0,0
2020-07-10,US,Washington,Pend Oreille,8,0,0,48.53234021,-117.2741804,53051.0,58.292043136111914,0.0,8,7,0,0,7,7,13602,1,0,0,1,0
2020-07-10,US,Washington,Pierce,3059,111,0,47.03892768,-122.1405958,53053.0,338.01851974629267,3.6286368094148416,2948,2995,111,0,2884,2932,891299,64,0,0,64,63
2020-07-10,US,Washington,San Juan,20,0,0,48.60182783,-122.96745,53055.0,113.75270162666365,0.0,20,20,0,0,20,20,17128,0,0,0,0,0
2020-07-10,US,Washington,Skagit,573,16,0,48.48171488,-121.766131,53057.0,443.4812894237839,2.7923211169284468,557,571,16,0,555,567,128206,2,0,0,2,4
2020-07-10,US,Washington,Skamania,22,0,0,46.02408726,-121.9164403,53059.0,182.0739882479517,0.0,22,19,0,0,19,18,11924,3,0,0,3,1
2020-07-10,US,Washington,Snohomish,3859,179,0,48.04615983,-121.7170703,53061.0,469.4173216086454,4.638507385332988,3680,3819,178,0,3641,3788,814901,40,1,0,39,31
2020-07-10,US,Washington,Spokane,1903,43,0,47.62113146,-117.4046494,53063.0,364.002922734976,2.259590120861797,1860,1852,43,0,1809,1819,514631,51,0,0,51,33
2020-07-10,US,Washington,Stevens,23,1,0,48.40035475,-117.8542701,53065.0,50.30291100758918,4.3478260869565215,22,21,1,0,20,20,45260,2,0,0,2,1
2020-07-10,US,Washington,Thurston,322,8,0,46.9291895,-122.8290656,53067.0,110.82963901203293,2.4844720496894412,314,310,8,0,302,304,286419,12,0,0,12,6
2020-07-10,US,Washington,Unassigned,119,0,0,0.0,0.0,90053.0,0.0,0.0,119,145,0,0,145,137,,-26,0,0,-26,8
2020-07-10,US,Washington,Wahkiakum,5,0,0,46.29180039999999,-123.4250831,53069.0,111.40819964349377,0.0,5,5,0,0,5,5,4426,0,0,0,0,0
2020-07-10,US,Washington,Walla Walla,204,3,0,46.23040051,-118.4775539,53071.0,335.7472021066491,1.4705882352941178,201,199,3,0,196,195,60922,5,0,0,5,4
2020-07-10,US,Washington,Whatcom,692,41,0,48.82227976,-121.7490018,53073.0,301.8578214763988,5.92485549132948,651,689,40,0,649,685,225685,3,1,0,2,4
2020-07-10,US,Washington,Whitman,44,0,0,46.90022523,-117.5241763,53075.0,87.81733993293949,0.0,44,44,0,0,44,39,49791,0,0,0,0,5
2020-07-10,US,Washington,Yakima,7934,185,0,46.45738486,-120.7380126,53077.0,3162.556353214575,2.331736828837913,7749,7868,178,0,7690,7753,251446,66,7,0,59,115
2020-07-10,US,West Virginia,Barbour,18,1,0,39.1307219,-80.00350858,54001.0,109.48239158202057,5.5555555555555545,17,17,1,0,16,17,16535,1,0,0,1,0
2020-07-10,US,West Virginia,Berkeley,523,10,0,39.46704621,-78.02414609,54003.0,438.8651601480226,1.9120458891013383,513,517,10,0,507,508,117123,6,0,0,6,9
2020-07-10,US,West Virginia,Boone,31,0,0,38.01974191,-81.69888019,54005.0,144.47499650463718,0.0,31,29,0,0,29,27,21951,2,0,0,2,2
2020-07-10,US,West Virginia,Braxton,4,0,0,38.70036159,-80.72011184,54007.0,28.659454037400586,0.0,4,3,0,0,3,3,14089,1,0,0,1,0
2020-07-10,US,West Virginia,Brooke,25,0,0,40.27367263,-80.57915332,54009.0,113.95232234832943,0.0,25,19,0,0,19,15,22203,6,0,0,6,4
2020-07-10,US,West Virginia,Cabell,194,0,0,38.42424062,-82.23855912,54011.0,210.99570395345043,0.0,194,186,0,0,186,184,93224,8,0,0,8,2
2020-07-10,US,West Virginia,Calhoun,4,0,0,38.84315422,-81.11934872,54013.0,56.2667041778028,0.0,4,4,0,0,4,4,7254,0,0,0,0,0
2020-07-10,US,West Virginia,Clay,11,1,0,38.46231092,-81.07652217,54015.0,129.29007992477668,9.090909090909092,10,11,1,0,10,11,8632,0,0,0,0,0
2020-07-10,US,West Virginia,Fayette,79,4,0,38.02974928,-81.08286634,54019.0,186.294392302976,5.063291139240507,75,79,4,0,75,78,43018,0,0,0,0,1
2020-07-10,US,West Virginia,Gilmer,13,0,0,38.9251277,-80.85952723,54021.0,166.17665857088068,0.0,13,13,0,0,13,13,8026,0,0,0,0,0
2020-07-10,US,West Virginia,Grant,19,0,0,39.10314817,-79.19440518,54023.0,164.24619640387274,0.0,19,16,0,0,16,16,11626,3,0,0,3,0
2020-07-10,US,West Virginia,Greenbrier,69,3,0,37.9463652,-80.45335881,54025.0,199.06525878483643,4.3478260869565215,66,68,3,0,65,67,34786,1,0,0,1,1
2020-07-10,US,West Virginia,Hampshire,42,1,0,39.32103553,-78.60826476,54027.0,181.2297734627832,2.380952380952381,41,42,1,0,41,42,23347,0,0,0,0,0
2020-07-10,US,West Virginia,Hancock,38,0,0,40.51943859,-80.57461608,54029.0,131.89864630336692,0.0,38,35,0,0,35,34,29094,3,0,0,3,1
2020-07-10,US,West Virginia,Hardy,46,0,0,39.00683177,-78.85855301,54031.0,333.91405342624853,0.0,46,46,0,0,46,46,13775,0,0,0,0,0
2020-07-10,US,West Virginia,Harrison,109,1,0,39.2853852,-80.37919577,54033.0,162.06732484834066,0.9174311926605504,108,104,1,0,103,91,67554,5,0,0,5,13
2020-07-10,US,West Virginia,Jackson,148,18,0,38.84263974,-81.68148753,54035.0,517.9171332586786,12.162162162162161,130,149,18,0,131,148,28706,-1,0,0,-1,1
2020-07-10,US,West Virginia,Jefferson,253,4,0,39.30776166,-77.86014147,54037.0,442.7256500892452,1.5810276679841897,249,252,4,0,248,249,56811,1,0,0,1,3
2020-07-10,US,West Virginia,Kanawha,393,20,0,38.33860077,-81.52857054,54039.0,220.63281758774787,5.089058524173028,373,384,20,0,364,376,180454,9,0,0,9,8
2020-07-10,US,West Virginia,Lewis,20,2,0,38.9947249,-80.49988181,54041.0,125.73081033507259,10.0,18,20,2,0,18,20,16024,0,0,0,0,0
2020-07-10,US,West Virginia,Lincoln,10,0,0,38.172154,-82.07017953,54043.0,48.997991082365616,0.0,10,10,0,0,10,10,20599,0,0,0,0,0
2020-07-10,US,West Virginia,Logan,35,1,0,37.8299889,-81.93528571,54045.0,109.31009712982916,2.8571428571428568,34,31,1,0,30,30,32607,4,0,0,4,1
2020-07-10,US,West Virginia,Marion,98,2,0,39.50984542,-80.24244659,54049.0,174.77528891425308,2.0408163265306123,96,96,2,0,94,95,56097,2,0,0,2,1
2020-07-10,US,West Virginia,Marshall,58,0,0,39.86064362,-80.66591062,54051.0,189.97084930071082,0.0,58,55,0,0,55,49,30785,3,0,0,3,6
2020-07-10,US,West Virginia,Mason,23,0,0,38.77071799,-82.02524219,54053.0,86.7400814602504,0.0,23,23,0,0,23,21,26718,0,0,0,0,2
2020-07-10,US,West Virginia,McDowell,8,0,0,37.38002939,-81.65083669,54047.0,45.39264639128462,0.0,8,8,0,0,8,6,18223,0,0,0,0,2
2020-07-10,US,West Virginia,Mercer,62,0,0,37.40481169,-81.11023142,54055.0,105.5175465468532,0.0,62,61,0,0,61,59,59131,1,0,0,1,2
2020-07-10,US,West Virginia,Mineral,64,3,0,39.41561583,-78.94104895,54057.0,238.20157808545483,4.6875,61,62,3,0,59,61,26940,2,0,0,2,1
2020-07-10,US,West Virginia,Mingo,29,2,0,37.73048351,-82.13338365,54059.0,123.80464480874315,6.896551724137932,27,27,2,0,25,26,23785,2,0,0,2,1
2020-07-10,US,West Virginia,Monongalia,468,5,0,39.63218457,-80.04766838,54061.0,443.1314623338257,1.0683760683760684,463,419,5,0,414,395,106420,49,0,0,49,24
2020-07-10,US,West Virginia,Monroe,15,0,0,37.56274716,-80.54577965,54063.0,112.99435028248587,0.0,15,15,0,0,15,15,13280,0,0,0,0,0
2020-07-10,US,West Virginia,Morgan,20,0,0,39.55439028,-78.26311676,54065.0,111.83180496533214,0.0,20,20,0,0,20,20,17787,0,0,0,0,0
2020-07-10,US,West Virginia,Nicholas,16,1,0,38.29617706,-80.79759588,54067.0,65.31678641410842,6.25,15,16,1,0,15,15,24842,0,0,0,0,1
2020-07-10,US,West Virginia,Ohio,138,1,0,40.0955451,-80.62203992,54069.0,333.2447900316341,0.7246376811594203,137,122,1,0,121,113,41755,16,0,0,16,9
2020-07-10,US,West Virginia,Pendleton,16,1,0,38.68314479,-79.35084086,54071.0,229.58817620892523,6.25,15,14,1,0,13,14,6997,2,0,0,2,0
2020-07-10,US,West Virginia,Pleasants,5,0,0,39.37091679,-81.16771771,54073.0,67.02412868632706,0.0,5,6,0,0,6,5,7507,-1,0,0,-1,1
2020-07-10,US,West Virginia,Pocahontas,37,0,0,38.32758728,-80.00993811,54075.0,448.64799320965204,0.0,37,37,0,0,37,37,8414,0,0,0,0,0
2020-07-10,US,West Virginia,Preston,95,2,0,39.46770987,-79.66712803,54077.0,284.1588896865278,2.1052631578947367,93,94,2,0,92,91,33839,1,0,0,1,3
2020-07-10,US,West Virginia,Putnam,79,0,0,38.50782345,-81.9082131,54079.0,139.9468556244464,0.0,79,78,0,0,78,75,56682,1,0,0,1,3
2020-07-10,US,West Virginia,Raleigh,71,0,0,37.76936795,-81.2456041,54081.0,96.7816687340685,0.0,71,68,0,0,68,65,74254,3,0,0,3,3
2020-07-10,US,West Virginia,Randolph,186,0,0,38.769899,-79.87919615,54083.0,648.1965499215893,0.0,186,176,0,0,176,172,28823,10,0,0,10,4
2020-07-10,US,West Virginia,Ritchie,2,0,0,39.18094587,-81.06356878,54085.0,20.933640360058615,0.0,2,2,0,0,2,2,9721,0,0,0,0,0
2020-07-10,US,West Virginia,Roane,12,1,0,38.71622686,-81.35243568,54087.0,87.66803039158388,8.333333333333334,11,12,1,0,11,11,13932,0,0,0,0,1
2020-07-10,US,West Virginia,Summers,2,0,0,37.65390597,-80.86009693,54089.0,15.90710252127575,0.0,2,2,0,0,2,2,12760,0,0,0,0,0
2020-07-10,US,West Virginia,Taylor,23,0,0,39.33602617,-80.0421439,54091.0,137.76579814315664,0.0,23,20,0,0,20,19,16862,3,0,0,3,1
2020-07-10,US,West Virginia,Tucker,6,0,0,39.11240885,-79.57053576,54093.0,87.73212457961691,0.0,6,6,0,0,6,6,6955,0,0,0,0,0
2020-07-10,US,West Virginia,Tyler,9,0,0,39.46811972,-80.88772676,54095.0,104.760796182051,0.0,9,7,0,0,7,7,8746,2,0,0,2,0
2020-07-10,US,West Virginia,Upshur,23,0,0,38.89285061,-80.23689136,54097.0,95.13567174056915,0.0,23,23,0,0,23,22,24415,0,0,0,0,1
2020-07-10,US,West Virginia,Wayne,122,9,0,38.14901357,-82.42287994,54099.0,309.62895284503327,7.3770491803278695,113,121,9,0,112,120,39944,1,0,0,1,1
2020-07-10,US,West Virginia,Webster,1,0,0,38.49370949,-80.4202023,54101.0,12.324377618930244,0.0,1,1,0,0,1,1,8285,0,0,0,0,0
2020-07-10,US,West Virginia,Wetzel,30,0,0,39.6065771,-80.64016540000001,54103.0,199.13707268503154,0.0,30,26,0,0,26,25,15270,4,0,0,4,1
2020-07-10,US,West Virginia,Wirt,6,0,0,39.02775007,-81.37473928,54105.0,103.07507301151009,0.0,6,5,0,0,5,5,5830,1,0,0,1,0
2020-07-10,US,West Virginia,Wood,168,2,0,39.20967886,-81.5162836,54107.0,201.15424219928641,1.1904761904761905,166,162,2,0,160,157,84203,6,0,0,6,5
2020-07-10,US,West Virginia,Wyoming,7,0,0,37.612327,-81.54511071,54109.0,34.32382073158772,0.0,7,7,0,0,7,7,20786,0,0,0,0,0
2020-07-10,US,Wisconsin,Adams,37,2,0,43.96974651,-89.76782777,55001.0,182.9871414441148,5.405405405405406,35,35,2,0,33,35,20348,2,0,0,2,0
2020-07-10,US,Wisconsin,Ashland,5,0,0,46.31956891,-90.67837132,55003.0,32.12954633080581,0.0,5,3,0,0,3,3,15600,2,0,0,2,0
2020-07-10,US,Wisconsin,Barron,41,1,0,45.42372701,-91.84833627,55005.0,90.61975068517373,2.4390243902439024,40,39,1,0,38,37,45164,2,0,0,2,2
2020-07-10,US,Wisconsin,Bayfield,5,1,0,46.52868768,-91.19716729,55007.0,33.25352487363661,20.0,4,4,1,0,3,4,15042,1,0,0,1,0
2020-07-10,US,Wisconsin,Brown,3144,44,0,44.4526553,-88.00411844,55009.0,1188.4691277755514,1.3994910941475829,3100,3123,43,0,3080,3087,263378,21,1,0,20,36
2020-07-10,US,Wisconsin,Buffalo,11,2,0,44.37835084,-91.75332578,55011.0,84.41408947893484,18.181818181818183,9,11,2,0,9,10,13125,0,0,0,0,1
2020-07-10,US,Wisconsin,Burnett,5,1,0,45.86303537,-92.36711412,55013.0,32.4380433372259,20.0,4,6,1,0,5,5,15392,-1,0,0,-1,1
2020-07-10,US,Wisconsin,Calumet,143,2,0,44.0816316,-88.21780273,55015.0,285.49182455229686,1.3986013986013983,141,133,2,0,131,127,50159,10,0,0,10,6
2020-07-10,US,Wisconsin,Chippewa,130,0,0,45.06939744,-91.28068855,55017.0,201.05787373565533,0.0,130,127,0,0,127,124,64135,3,0,0,3,3
2020-07-10,US,Wisconsin,Clark,98,7,0,44.73483377,-90.61207486,55019.0,281.8197503882211,7.142857142857142,91,93,7,0,86,88,34709,5,0,0,5,5
2020-07-10,US,Wisconsin,Columbia,113,1,0,43.46492199,-89.33589004,55021.0,196.41243134255717,0.8849557522123894,112,110,1,0,109,105,57358,3,0,0,3,5
2020-07-10,US,Wisconsin,Crawford,45,0,0,43.23870316,-90.93073686,55023.0,278.96596615212945,0.0,45,44,0,0,44,44,16291,1,0,0,1,0
2020-07-10,US,Wisconsin,Dane,2771,33,0,43.06601594,-89.41733797,55025.0,506.8639735135679,1.1909058101768315,2738,2652,33,0,2619,2587,542364,119,0,0,119,65
2020-07-10,US,Wisconsin,Dodge,501,5,0,43.41576662,-88.70928178,55027.0,570.3616844454058,0.998003992015968,496,492,5,0,487,488,87847,9,0,0,9,4
2020-07-10,US,Wisconsin,Door,53,3,0,44.95856458,-87.30002707,55029.0,191.5570333959809,5.660377358490566,50,52,3,0,49,50,27610,1,0,0,1,2
2020-07-10,US,Wisconsin,Douglas,50,0,0,46.43222285,-91.91595768,55031.0,115.87485515643104,0.0,50,48,0,0,48,47,43208,2,0,0,2,1
2020-07-10,US,Wisconsin,Dunn,54,0,0,44.94562799,-91.8962481,55033.0,119.02662669723152,0.0,54,50,0,0,50,48,45131,4,0,0,4,2
2020-07-10,US,Wisconsin,Eau Claire,323,1,0,44.726614,-91.28609183,55035.0,308.6596716549128,0.30959752321981426,322,314,1,0,313,307,104534,9,0,0,9,7
2020-07-10,US,Wisconsin,Florence,4,0,0,45.84963535,-88.39804137,55037.0,93.13154831199068,0.0,4,4,0,0,4,4,4321,0,0,0,0,0
2020-07-10,US,Wisconsin,Fond du Lac,364,6,0,43.75354908,-88.48885325,55039.0,352.02073440809266,1.6483516483516485,358,354,6,0,348,347,103066,10,0,0,10,7
2020-07-10,US,Wisconsin,Forest,47,3,0,45.66678019,-88.77084892,55041.0,521.9902265659707,6.382978723404255,44,45,3,0,42,41,8991,2,0,0,2,4
2020-07-10,US,Wisconsin,Grant,188,13,0,42.8671731,-90.7063218,55043.0,365.481444040514,6.914893617021277,175,185,13,0,172,180,51554,3,0,0,3,5
2020-07-10,US,Wisconsin,Green,105,1,0,42.6794956,-89.60243287,55045.0,284.09090909090907,0.9523809523809524,104,103,1,0,102,101,36929,2,0,0,2,2
2020-07-10,US,Wisconsin,Green Lake,41,0,0,43.80025981,-89.04679553,55047.0,216.7821075450748,0.0,41,41,0,0,41,41,18918,0,0,0,0,0
2020-07-10,US,Wisconsin,Iowa,41,0,0,43.00050278,-90.13469017,55049.0,173.15651659768562,0.0,41,38,0,0,38,38,23771,3,0,0,3,0
2020-07-10,US,Wisconsin,Iron,9,1,0,46.26302338,-90.24295041,55051.0,158.2556708282047,11.111111111111109,8,9,1,0,8,8,5676,0,0,0,0,1
2020-07-10,US,Wisconsin,Jackson,34,1,0,44.31864893,-90.80566792,55053.0,164.70474252773337,2.9411764705882355,33,32,1,0,31,31,20478,2,0,0,2,1
2020-07-10,US,Wisconsin,Jefferson,338,4,0,43.02054068,-88.77529134,55055.0,398.73066805082044,1.183431952662722,334,315,4,0,311,303,85129,23,0,0,23,12
2020-07-10,US,Wisconsin,Juneau,50,1,0,43.92456975,-90.11120239,55057.0,187.3571401806123,2.0,49,47,1,0,46,44,26617,3,0,0,3,3
2020-07-10,US,Wisconsin,Kenosha,1697,46,0,42.57639354,-88.04051686,55059.0,1000.8197639787453,2.7106658809664115,1651,1666,44,0,1622,1628,169290,31,2,0,29,38
2020-07-10,US,Wisconsin,Kewaunee,69,1,0,44.51727459,-87.61468386,55061.0,337.67250660663603,1.4492753623188406,68,69,1,0,68,67,20383,0,0,0,0,2
2020-07-10,US,Wisconsin,La Crosse,565,0,0,43.90632465,-91.11451093,55063.0,478.7486442516269,0.0,565,556,0,0,556,540,118230,9,0,0,9,16
2020-07-10,US,Wisconsin,Lafayette,76,0,0,42.66005229,-90.1317729,55065.0,456.04560456045607,0.0,76,76,0,0,76,76,16665,0,0,0,0,0
2020-07-10,US,Wisconsin,Langlade,10,1,0,45.26271619,-89.07483625,55067.0,52.11318984835062,10.0,9,10,1,0,9,11,19268,0,0,0,0,-1
2020-07-10,US,Wisconsin,Lincoln,20,0,0,45.33737523,-89.73411273,55069.0,72.4821512702497,0.0,20,21,0,0,21,18,27689,-1,0,0,-1,3
2020-07-10,US,Wisconsin,Manitowoc,139,1,0,44.11946801,-87.80928853,55071.0,175.99169420493538,0.7194244604316546,138,132,1,0,131,128,79074,7,0,0,7,4
2020-07-10,US,Wisconsin,Marathon,257,1,0,44.89792533,-89.75863384,55073.0,189.39952244789671,0.3891050583657588,256,240,1,0,239,233,135428,17,0,0,17,7
2020-07-10,US,Wisconsin,Marinette,82,3,0,45.38553432,-88.03324599999998,55075.0,203.22180916976453,3.6585365853658534,79,75,3,0,72,73,40434,7,0,0,7,2
2020-07-10,US,Wisconsin,Marquette,44,1,0,43.81911946,-89.40073763,55077.0,282.52215230512394,2.272727272727273,43,44,1,0,43,35,15434,0,0,0,0,9
2020-07-10,US,Wisconsin,Menominee,9,0,0,45.00422544,-88.70950714,55078.0,197.5417032484636,0.0,9,9,0,0,9,9,4658,0,0,0,0,0
2020-07-10,US,Wisconsin,Milwaukee,13312,398,0,43.00486062,-87.96733172,55079.0,1407.5958575739694,2.9897836538461537,12914,13004,397,0,12607,12728,948201,308,1,0,307,276
2020-07-10,US,Wisconsin,Monroe,120,1,0,43.94641218,-90.618819,55081.0,259.4426307482758,0.8333333333333334,119,110,1,0,109,103,46051,10,0,0,10,7
2020-07-10,US,Wisconsin,Oconto,75,0,0,45.02715345,-88.26807503,55083.0,197.7326654363301,0.0,75,73,0,0,73,69,37830,2,0,0,2,4
2020-07-10,US,Wisconsin,Oneida,24,0,0,45.70677897,-89.51944105,55085.0,67.42520016856301,0.0,24,24,0,0,24,22,35470,0,0,0,0,2
2020-07-10,US,Wisconsin,Outagamie,615,9,0,44.41578887,-88.46565023,55087.0,327.3278867392288,1.4634146341463414,606,597,9,0,588,581,187365,18,0,0,18,16
2020-07-10,US,Wisconsin,Ozaukee,287,15,0,43.38352225,-87.94625009,55089.0,321.67314869817636,5.2264808362369335,272,281,15,0,266,275,89147,6,0,0,6,6
2020-07-10,US,Wisconsin,Pepin,5,0,0,44.58307413,-91.99949611,55091.0,68.61534239055852,0.0,5,4,0,0,4,2,7289,1,0,0,1,2
2020-07-10,US,Wisconsin,Pierce,92,0,0,44.71850291,-92.4224416,55093.0,215.1845441362212,0.0,92,83,0,0,83,80,42555,9,0,0,9,3
2020-07-10,US,Wisconsin,Polk,66,2,0,45.46130348,-92.44182875,55095.0,150.74343923440603,3.0303030303030303,64,63,2,0,61,63,43598,3,0,0,3,0
2020-07-10,US,Wisconsin,Portage,224,0,0,44.47558711,-89.50152965,55097.0,316.5093539818007,0.0,224,211,0,0,211,204,70942,13,0,0,13,7
2020-07-10,US,Wisconsin,Price,6,0,0,45.68051754,-90.3609888,55099.0,44.940453898584366,0.0,6,4,0,0,4,2,13397,2,0,0,2,2
2020-07-10,US,Wisconsin,Racine,2306,65,0,42.74753117,-88.05941254,55101.0,1174.6667277941633,2.818733738074588,2241,2294,65,0,2229,2272,196584,12,0,0,12,22
2020-07-10,US,Wisconsin,Richland,16,4,0,43.3762778,-90.43012729,55103.0,92.74287039183862,25.0,12,15,4,0,11,15,17377,1,0,0,1,0
2020-07-10,US,Wisconsin,Rock,1008,24,0,42.67151616,-89.07147900000002,55105.0,617.0647795585047,2.380952380952381,984,982,24,0,958,964,163129,26,0,0,26,18
2020-07-10,US,Wisconsin,Rusk,11,1,0,45.47498854,-91.1333012,55107.0,77.58499083086474,9.090909090909092,10,11,1,0,10,11,14147,0,0,0,0,0
2020-07-10,US,Wisconsin,Sauk,144,3,0,43.42574087,-89.94966132,55111.0,223.45675180782717,2.083333333333333,141,137,3,0,134,130,64249,7,0,0,7,7
2020-07-10,US,Wisconsin,Sawyer,15,0,0,45.87931905,-91.14504927,55113.0,90.59065104481218,0.0,15,15,0,0,15,14,16489,0,0,0,0,1
2020-07-10,US,Wisconsin,Shawano,91,0,0,44.78902246,-88.76443896,55115.0,222.49932761192204,0.0,91,89,0,0,89,87,40796,2,0,0,2,2
2020-07-10,US,Wisconsin,Sheboygan,275,4,0,43.72099677,-87.94579284,55117.0,238.42552453615397,1.4545454545454546,271,265,4,0,261,255,115456,10,0,0,10,10
2020-07-10,US,Wisconsin,St. Croix,257,1,0,45.03437474,-92.45000068,55109.0,283.3923274559749,0.3891050583657588,256,243,1,0,242,238,89694,14,0,0,14,5
2020-07-10,US,Wisconsin,Taylor,19,0,0,45.21179252,-90.5004405,55119.0,93.39822051811434,0.0,19,18,0,0,18,17,20412,1,0,0,1,1
2020-07-10,US,Wisconsin,Trempealeau,172,0,0,44.30360275,-91.35893614,55121.0,580.1207460622618,0.0,172,168,0,0,168,158,29442,4,0,0,4,10
2020-07-10,US,Wisconsin,Vernon,41,0,0,43.59422667,-90.8324691,55123.0,133.02186749724225,0.0,41,40,0,0,40,39,30785,1,0,0,1,1
2020-07-10,US,Wisconsin,Vilas,15,0,0,46.05467334,-89.51719204,55125.0,67.5827889164226,0.0,15,14,0,0,14,14,21938,1,0,0,1,0
2020-07-10,US,Wisconsin,Walworth,734,18,0,42.66858202,-88.54163073,55127.0,706.6661531944391,2.4523160762942777,716,723,18,0,705,713,103718,11,0,0,11,10
2020-07-10,US,Wisconsin,Washburn,5,0,0,45.89838588,-91.79050449,55129.0,31.806615776081422,0.0,5,5,0,0,5,5,15878,0,0,0,0,0
2020-07-10,US,Wisconsin,Washington,466,17,0,43.36863664,-88.22974712,55131.0,342.5614184689122,3.6480686695278974,449,461,17,0,444,451,135693,5,0,0,5,10
2020-07-10,US,Wisconsin,Waukesha,1576,40,0,43.01833055,-88.30431188,55133.0,389.90791641720153,2.538071065989848,1536,1526,39,0,1487,1483,403072,50,1,0,49,43
2020-07-10,US,Wisconsin,Waupaca,161,11,0,44.47068056,-88.96534501,55135.0,315.7481859188076,6.832298136645963,150,157,11,0,146,152,51128,4,0,0,4,5
2020-07-10,US,Wisconsin,Waushara,41,0,0,44.11324419,-89.24317107,55137.0,167.7371844699914,0.0,41,38,0,0,38,36,24263,3,0,0,3,2
2020-07-10,US,Wisconsin,Winnebago,755,13,0,44.06886922,-88.64477096,55139.0,439.190957901656,1.7218543046357615,742,747,13,0,734,726,171020,8,0,0,8,21
2020-07-10,US,Wisconsin,Wood,101,1,0,44.45537896,-90.04158336,55141.0,138.35805969944795,0.99009900990099,100,99,1,0,98,93,73055,2,0,0,2,6
2020-07-10,US,Wyoming,Albany,45,0,0,41.65498705,-105.7235415,56001.0,115.74074074074076,0.0,45,45,0,0,45,45,38601,0,0,0,0,0
2020-07-10,US,Wyoming,Big Horn,29,0,0,44.52405055,-107.9960365,56003.0,245.9711620016964,0.0,29,26,0,0,26,25,11881,3,0,0,3,1
2020-07-10,US,Wyoming,Campbell,82,0,0,44.24886082,-105.5474404,56005.0,176.94913791243175,0.0,82,75,0,0,75,75,46140,7,0,0,7,0
2020-07-10,US,Wyoming,Carbon,29,0,0,41.69357844,-106.9326084,56007.0,195.945945945946,0.0,29,29,0,0,29,29,14971,0,0,0,0,0
2020-07-10,US,Wyoming,Converse,27,0,0,42.97272268,-105.5081848,56009.0,195.340761105484,0.0,27,27,0,0,27,27,13640,0,0,0,0,0
2020-07-10,US,Wyoming,Crook,7,0,0,44.58855102,-104.5697705,56011.0,92.2995780590717,0.0,7,7,0,0,7,7,7450,0,0,0,0,0
2020-07-10,US,Wyoming,Fremont,378,0,0,43.04183996,-108.6296893,56013.0,962.7874990448537,0.0,378,379,0,0,379,373,39531,-1,0,0,-1,6
2020-07-10,US,Wyoming,Goshen,9,0,0,42.08798185,-104.3534743,56015.0,68.12504730906063,0.0,9,9,0,0,9,9,13376,0,0,0,0,0
2020-07-10,US,Wyoming,Hot Springs,12,0,0,43.71930657,-108.4423174,56017.0,271.92386131883075,0.0,12,12,0,0,12,12,4555,0,0,0,0,0
2020-07-10,US,Wyoming,Johnson,20,1,0,44.04057166,-106.5845174,56019.0,236.82652457075199,5.0,19,20,1,0,19,20,8460,0,0,0,0,0
2020-07-10,US,Wyoming,Laramie,310,0,0,41.30702520000001,-104.6887497,56021.0,311.5577889447236,0.0,310,307,0,0,307,302,98976,3,0,0,3,5
2020-07-10,US,Wyoming,Lincoln,41,0,0,42.26376367,-110.6563997,56023.0,206.75743822491174,0.0,41,39,0,0,39,37,19434,2,0,0,2,2
2020-07-10,US,Wyoming,Natrona,158,0,0,42.96180148,-106.797885,56025.0,197.85118585489244,0.0,158,158,0,0,158,155,79115,0,0,0,0,3
2020-07-10,US,Wyoming,Niobrara,2,0,0,43.05607708,-104.4758896,56027.0,84.88964346349746,0.0,2,2,0,0,2,2,2388,0,0,0,0,0
2020-07-10,US,Wyoming,Park,81,0,0,44.52157546,-109.5852825,56029.0,277.4542714256354,0.0,81,80,0,0,80,76,29324,1,0,0,1,4
2020-07-10,US,Wyoming,Platte,4,0,0,42.13299116,-104.966331,56031.0,47.658763255093525,0.0,4,4,0,0,4,4,8566,0,0,0,0,0
2020-07-10,US,Wyoming,Sheridan,29,0,0,44.79048913,-106.8862389,56033.0,95.12875184516977,0.0,29,27,0,0,27,27,30233,2,0,0,2,0
2020-07-10,US,Wyoming,Sublette,6,0,0,42.76558279,-109.9130922,56035.0,61.03143118706135,0.0,6,6,0,0,6,6,9813,0,0,0,0,0
2020-07-10,US,Wyoming,Sweetwater,128,0,0,41.65943896,-108.8827882,56037.0,302.2931771485252,0.0,128,126,0,0,126,124,43051,2,0,0,2,2
2020-07-10,US,Wyoming,Teton,150,0,0,43.93522482,-110.5890801,56039.0,639.2771905898397,0.0,150,149,0,0,149,149,23081,1,0,0,1,0
2020-07-10,US,Wyoming,Uinta,200,0,0,41.2878183,-110.54757820000002,56041.0,988.8262632255513,0.0,200,198,0,0,198,192,20299,2,0,0,2,6
2020-07-10,US,Wyoming,Unassigned,0,20,0,0.0,0.0,90056.0,0.0,0.0,-20,0,20,0,-20,0,,0,0,0,0,0
2020-07-10,US,Wyoming,Washakie,42,0,0,43.90451606,-107.68018700000002,56043.0,538.1165919282511,0.0,42,43,0,0,43,43,7885,-1,0,0,-1,0
2020-07-10,US,Wyoming,Weston,1,0,0,43.83961191,-104.5674881,56045.0,14.436263894903998,0.0,1,1,0,0,1,1,6967,0,0,0,0,0
