Date,Country/Region,Province/State,Admin2,Confirmed,Deaths,Recovered,Latitude,Longitude,FIPS,Incidence_Rate,Case-Fatality_Ratio,Active Cases,Previous Confirmed,Previous Deaths,Previous Recovered,Previous Active,Prev2 Confirmed,Population,Daily Confirmed,Daily Deaths,Daily Recovered,Daily Active,Previous Daily Confirmed
2020-06-27,US,Alabama,Autauga,492,11,0,32.53952745,-86.64408227,1001.0,880.631477205606,2.2357723577235773,481,482,10,0,472,473,55601,10,1,0,9,9
2020-06-27,US,Alabama,Baldwin,539,9,0,30.72774991,-87.72207058,1003.0,241.45067507637725,1.6697588126159555,530,500,9,0,491,462,218022,39,0,0,39,38
2020-06-27,US,Alabama,Barbour,314,1,0,31.868263,-85.3871286,1005.0,1271.9760187960787,0.3184713375796178,313,309,1,0,308,303,24881,5,0,0,5,6
2020-06-27,US,Alabama,Bibb,158,1,0,32.99642064,-87.12511459999996,1007.0,705.5461284272573,0.6329113924050633,157,150,1,0,149,146,22400,8,0,0,8,4
2020-06-27,US,Alabama,Blount,185,1,0,33.98210918,-86.56790593,1009.0,319.9252931207415,0.5405405405405406,184,181,1,0,180,173,57840,4,0,0,4,8
2020-06-27,US,Alabama,Bullock,354,10,0,32.10030533,-85.71265535,1011.0,3504.6035046035045,2.824858757062147,344,347,10,0,337,347,10138,7,0,0,7,0
2020-06-27,US,Alabama,Butler,597,27,0,31.75300095,-86.68057478,1013.0,3069.724393253805,4.522613065326633,570,592,27,0,565,586,19680,5,0,0,5,6
2020-06-27,US,Alabama,Calhoun,237,5,0,33.77483727,-85.82630386,1015.0,208.61757845165263,2.109704641350211,232,228,5,0,223,225,114277,9,0,0,9,3
2020-06-27,US,Alabama,Chambers,547,27,0,32.91360079,-85.39072749,1017.0,1644.914897455945,4.936014625228519,520,545,27,0,518,535,33615,2,0,0,2,10
2020-06-27,US,Alabama,Cherokee,66,7,0,34.17805983,-85.60638968,1019.0,251.9468621163536,10.606060606060606,59,65,7,0,58,62,26032,1,0,0,1,3
2020-06-27,US,Alabama,Chilton,193,2,0,32.85044126,-86.7173256,1021.0,434.41073197082915,1.0362694300518134,191,189,2,0,187,178,44153,4,0,0,4,11
2020-06-27,US,Alabama,Choctaw,188,12,0,32.02227341,-88.26564429999998,1023.0,1493.3672253554694,6.382978723404255,176,188,12,0,176,187,12841,0,0,0,0,1
2020-06-27,US,Alabama,Clarke,256,5,0,31.68099859,-87.83548597,1025.0,1083.7355008043346,1.953125,251,252,5,0,247,243,23920,4,0,0,4,9
2020-06-27,US,Alabama,Clay,35,2,0,33.26984193,-85.85836077,1027.0,264.45032111824713,5.7142857142857135,33,35,2,0,33,35,13275,0,0,0,0,0
2020-06-27,US,Alabama,Cleburne,25,1,0,33.67679204,-85.52005899,1029.0,167.67270288397052,4.0,24,24,1,0,23,23,14987,1,0,0,1,1
2020-06-27,US,Alabama,Coffee,339,1,0,31.39932826,-85.98901039,1031.0,647.6634442703756,0.2949852507374631,338,334,1,0,333,326,51909,5,0,0,5,8
2020-06-27,US,Alabama,Colbert,341,5,0,34.69847452,-87.80168544,1033.0,617.2951249977373,1.4662756598240467,336,333,5,0,328,323,54762,8,0,0,8,10
2020-06-27,US,Alabama,Conecuh,163,3,0,31.43401703,-86.99320044,1035.0,1350.7914146018065,1.8404907975460123,160,159,3,0,156,153,12277,4,0,0,4,6
2020-06-27,US,Alabama,Coosa,55,1,0,32.93690146,-86.24847739,1037.0,515.8023070430461,1.818181818181818,54,54,1,0,53,54,10715,1,0,0,1,0
2020-06-27,US,Alabama,Covington,293,4,0,31.247785399999998,-86.45050893,1039.0,790.8445572080217,1.3651877133105803,289,280,4,0,276,270,36986,13,0,0,13,10
2020-06-27,US,Alabama,Crenshaw,121,3,0,31.72941803,-86.31593104,1041.0,878.5942492012781,2.479338842975207,118,120,3,0,117,119,13824,1,0,0,1,1
2020-06-27,US,Alabama,Cullman,372,3,0,34.13020303,-86.86888037,1043.0,444.0836596313628,0.8064516129032258,369,365,3,0,362,348,83442,7,0,0,7,17
2020-06-27,US,Alabama,Dale,230,0,0,31.43037123,-85.61095742,1045.0,467.7458716342634,0.0,230,221,0,0,221,216,48956,9,0,0,9,5
2020-06-27,US,Alabama,Dallas,744,8,0,32.32688101,-87.10866709999998,1047.0,2000.2150768899885,1.075268817204301,736,728,8,0,720,711,38310,16,0,0,16,17
2020-06-27,US,Alabama,DeKalb,528,5,0,34.45946862,-85.80782906,1049.0,738.3272971347867,0.946969696969697,523,506,5,0,501,484,71385,22,0,0,22,22
2020-06-27,US,Alabama,Elmore,771,13,0,32.59785413,-86.14415284,1051.0,949.4021598591287,1.6861219195849546,758,744,13,0,731,730,81887,27,0,0,27,14
2020-06-27,US,Alabama,Escambia,215,6,0,31.1256789,-87.15918694,1053.0,586.9025195861655,2.7906976744186047,209,208,6,0,202,190,36748,7,0,0,7,18
2020-06-27,US,Alabama,Etowah,547,13,0,34.04567266,-86.04051873,1055.0,534.8691672859545,2.376599634369287,534,521,13,0,508,485,102501,26,0,0,26,36
2020-06-27,US,Alabama,Fayette,65,1,0,33.72076938,-87.73886638,1057.0,398.7240829346092,1.5384615384615383,64,64,1,0,63,62,16433,1,0,0,1,2
2020-06-27,US,Alabama,Franklin,829,11,0,34.44235334,-87.84289505,1059.0,2643.326318474587,1.3268998793727382,818,826,11,0,815,812,31363,3,0,0,3,14
2020-06-27,US,Alabama,Geneva,60,0,0,31.09389027,-85.83572839,1061.0,228.3887175973507,0.0,60,59,0,0,59,55,26314,1,0,0,1,4
2020-06-27,US,Alabama,Greene,164,7,0,32.85504247,-87.95684022,1063.0,2021.9455061028234,4.2682926829268295,157,160,6,0,154,160,8233,4,1,0,3,0
2020-06-27,US,Alabama,Hale,273,20,0,32.76039258,-87.63284988,1065.0,1863.3540372670807,7.326007326007326,253,270,19,0,251,267,14726,3,1,0,2,3
2020-06-27,US,Alabama,Henry,132,4,0,31.51148016,-85.24267944,1067.0,767.2188317349608,3.0303030303030303,128,130,4,0,126,128,17209,2,0,0,2,2
2020-06-27,US,Alabama,Houston,420,4,0,31.15197924,-85.29939599,1069.0,396.6679888932963,0.9523809523809524,416,396,3,0,393,373,104722,24,1,0,23,23
2020-06-27,US,Alabama,Jackson,194,2,0,34.78144169,-85.99750489,1071.0,375.7796459148491,1.0309278350515465,192,196,2,0,194,178,51736,-2,0,0,-2,18
2020-06-27,US,Alabama,Jefferson,3603,133,0,33.55554728,-86.89506300000002,1073.0,547.0919700625443,3.6913683041909517,3470,3481,129,0,3352,3332,659300,122,4,0,118,149
2020-06-27,US,Alabama,Lamar,64,1,0,33.77995024,-88.09668032,1075.0,463.60014487504526,1.5625,63,63,1,0,62,62,13844,1,0,0,1,1
2020-06-27,US,Alabama,Lauderdale,363,4,0,34.90171875,-87.65624729,1077.0,391.4632962719322,1.1019283746556474,359,352,4,0,348,332,92387,11,0,0,11,20
2020-06-27,US,Alabama,Lawrence,90,0,0,34.52041498,-87.31069453,1079.0,273.3568217713522,0.0,90,85,0,0,85,84,32957,5,0,0,5,1
2020-06-27,US,Alabama,Lee,1044,36,0,32.60154883,-85.35132246,1081.0,634.4884588737223,3.4482758620689653,1008,1026,36,0,990,1001,163941,18,0,0,18,25
2020-06-27,US,Alabama,Limestone,351,0,0,34.81185586,-86.98310072,1083.0,354.85012384370424,0.0,351,334,0,0,334,318,96174,17,0,0,17,16
2020-06-27,US,Alabama,Lowndes,436,17,0,32.1597283,-86.65158371,1085.0,4482.829529097265,3.8990825688073394,419,432,17,0,415,431,9974,4,0,0,4,1
2020-06-27,US,Alabama,Macon,160,7,0,32.38759944,-85.69267724,1087.0,885.5435023245517,4.375,153,159,7,0,152,153,18439,1,0,0,1,6
2020-06-27,US,Alabama,Madison,896,6,0,34.76327133,-86.55069633,1089.0,240.27309611728333,0.6696428571428571,890,864,6,0,858,818,366519,32,0,0,32,46
2020-06-27,US,Alabama,Marengo,264,11,0,32.24767634,-87.78796182,1091.0,1399.565286539787,4.166666666666667,253,260,11,0,249,255,19066,4,0,0,4,5
2020-06-27,US,Alabama,Marion,188,12,0,34.13697363,-87.88704173,1093.0,632.8048739439228,6.382978723404255,176,184,12,0,172,183,29763,4,0,0,4,1
2020-06-27,US,Alabama,Marshall,1389,9,0,34.36975964,-86.30486727,1095.0,1435.3028706057412,0.6479481641468683,1380,1326,9,0,1317,1265,96109,63,0,0,63,61
2020-06-27,US,Alabama,Mobile,3362,133,0,30.78472347,-88.20842409,1097.0,813.6298734299751,3.9559785841760857,3229,3271,133,0,3138,3219,413757,91,0,0,91,52
2020-06-27,US,Alabama,Monroe,187,2,0,31.56729412,-87.36995001,1099.0,901.9437611537164,1.0695187165775402,185,178,2,0,176,174,21067,9,0,0,9,4
2020-06-27,US,Alabama,Montgomery,3576,92,0,32.2206831,-86.20969272,1101.0,1578.9055394152401,2.5727069351230427,3484,3521,91,0,3430,3467,225763,55,1,0,54,54
2020-06-27,US,Alabama,Morgan,907,3,0,34.45500589,-86.85475946,1103.0,757.8606104663307,0.33076074972436603,904,886,3,0,883,859,119089,21,0,0,21,27
2020-06-27,US,Alabama,Perry,110,0,0,32.64048341,-87.29770589,1105.0,1232.769248010759,0.0,110,104,0,0,104,102,9140,6,0,0,6,2
2020-06-27,US,Alabama,Pickens,190,6,0,33.28094866,-88.08818103,1107.0,953.33667837431,3.1578947368421053,184,188,6,0,182,178,19938,2,0,0,2,10
2020-06-27,US,Alabama,Pike,388,5,0,31.80396383,-85.9408295,1109.0,1171.7098508183851,1.2886597938144329,383,382,5,0,377,378,33338,6,0,0,6,4
2020-06-27,US,Alabama,Randolph,154,9,0,33.29526734,-85.45708831,1111.0,677.7572396796056,5.8441558441558445,145,150,9,0,141,150,22725,4,0,0,4,0
2020-06-27,US,Alabama,Russell,415,0,0,32.28725256,-85.18415324,1113.0,715.9986887734856,0.0,415,409,0,0,409,407,57781,6,0,0,6,2
2020-06-27,US,Alabama,Shelby,942,23,0,33.26879845,-86.66232561,1117.0,432.70158289772263,2.4416135881104037,919,914,23,0,891,877,215707,28,0,0,28,37
2020-06-27,US,Alabama,St. Clair,247,2,0,33.71902176,-86.31029372,1115.0,275.94065600143,0.8097165991902834,245,237,2,0,235,228,88690,10,0,0,10,9
2020-06-27,US,Alabama,Sumter,274,12,0,32.59117397,-88.19916205,1119.0,2204.87647863523,4.37956204379562,262,274,12,0,262,271,12691,0,0,0,0,3
2020-06-27,US,Alabama,Talladega,220,5,0,33.37823223,-86.16886178,1121.0,275.07564580259566,2.272727272727273,215,206,5,0,201,200,79828,14,0,0,14,6
2020-06-27,US,Alabama,Tallapoosa,539,69,0,32.86698258,-85.79833053,1123.0,1335.2490896028935,12.801484230055658,470,534,69,0,465,534,40497,5,0,0,5,0
2020-06-27,US,Alabama,Tuscaloosa,1839,36,0,33.28726072,-87.52556818,1125.0,878.4122662463279,1.9575856443719413,1803,1795,35,0,1760,1739,208911,44,1,0,43,56
2020-06-27,US,Alabama,Unassigned,478,21,0,0.0,0.0,90001.0,0.0,4.393305439330544,457,466,20,0,446,453,,12,1,0,11,13
2020-06-27,US,Alabama,Walker,780,13,0,33.80270512,-87.30027177,1127.0,1227.9403661781146,1.6666666666666667,767,763,13,0,750,751,63711,17,0,0,17,12
2020-06-27,US,Alabama,Washington,98,6,0,31.4092794,-88.20689944,1129.0,600.2695087590347,6.1224489795918355,92,97,6,0,91,94,16378,1,0,0,1,3
2020-06-27,US,Alabama,Wilcox,271,8,0,31.98773215,-87.30891118,1131.0,2612.551817217777,2.9520295202952034,263,267,8,0,259,261,10627,4,0,0,4,6
2020-06-27,US,Alabama,Winston,216,3,0,34.15030532,-87.37325922,1133.0,914.1309407930933,1.3888888888888888,213,214,2,0,212,208,23660,2,1,0,1,6
2020-06-27,US,Alaska,Anchorage,396,6,0,61.14998174,-149.14269860000005,2020.0,137.5,1.5151515151515151,390,387,6,0,381,381,291538,9,0,0,9,6
2020-06-27,US,Alaska,Bethel,9,0,0,60.90980451,-159.8561831,2050.0,48.950288262808655,0.0,9,8,0,0,8,8,18216,1,0,0,1,0
2020-06-27,US,Alaska,Fairbanks North Star,134,2,0,64.80726247,-146.5692662,2090.0,138.35971460727524,1.492537313432836,132,133,2,0,131,130,98971,1,0,0,1,3
2020-06-27,US,Alaska,Haines,2,0,0,59.09893571,-135.4679843,2100.0,79.05138339920948,0.0,2,2,0,0,2,2,2474,0,0,0,0,0
2020-06-27,US,Alaska,Juneau,43,2,0,58.45031811,-134.200436,2110.0,134.48426846813035,4.651162790697675,41,42,2,0,40,39,32113,1,0,0,1,3
2020-06-27,US,Alaska,Kenai Peninsula,130,2,0,60.24429722,-151.53888840000005,2122.0,221.43489813994685,1.5384615384615383,128,128,2,0,126,126,58533,2,0,0,2,2
2020-06-27,US,Alaska,Ketchikan Gateway,21,0,0,55.57445008,-130.975561,2130.0,151.06826846989426,0.0,21,21,0,0,21,21,13918,0,0,0,0,0
2020-06-27,US,Alaska,Kodiak Island,3,0,0,57.65529415,-153.7493579,2150.0,23.08047391906447,0.0,3,3,0,0,3,3,13345,0,0,0,0,0
2020-06-27,US,Alaska,Matanuska-Susitna,71,1,0,62.31305045,-149.5741743,2170.0,65.54834421189656,1.4084507042253518,70,68,1,0,67,63,107610,3,0,0,3,5
2020-06-27,US,Alaska,Nome,6,0,0,64.90320724,-164.0353804,2180.0,59.976009596161525,0.0,6,6,0,0,6,6,10008,0,0,0,0,0
2020-06-27,US,Alaska,North Slope,4,0,0,69.31479216,-153.4836093,2185.0,40.68348250610252,0.0,4,4,0,0,4,4,9872,0,0,0,0,0
2020-06-27,US,Alaska,Northwest Arctic,4,0,0,67.04919196,-159.7503946,2188.0,52.48655032148013,0.0,4,4,0,0,4,4,7671,0,0,0,0,0
2020-06-27,US,Alaska,Petersburg,4,1,0,57.13978948,-132.9540995,2195.0,122.47397428046541,25.0,3,4,1,0,3,4,3221,0,0,0,0,0
2020-06-27,US,Alaska,Prince of Wales-Hyder,2,0,0,55.76261984,-133.0511621,2198.0,32.24246332419797,0.0,2,2,0,0,2,2,6422,0,0,0,0,0
2020-06-27,US,Alaska,Sitka,12,0,0,57.24124555,-135.3206587,2220.0,141.2928293889085,0.0,12,12,0,0,12,11,8647,0,0,0,0,1
2020-06-27,US,Alaska,Southeast Fairbanks,3,0,0,63.87692095,-143.2127643,2240.0,43.52241404323227,0.0,3,3,0,0,3,3,6918,0,0,0,0,0
2020-06-27,US,Alaska,Valdez-Cordova,1,0,0,61.47502768,-144.7126799,2261.0,10.867202782003913,0.0,1,1,0,0,1,1,9164,0,0,0,0,0
2020-06-27,US,Alaska,Wrangell,3,0,0,56.3202004,-132.05837309999998,2275.0,119.90407673860909,0.0,3,3,0,0,3,3,2503,0,0,0,0,0
2020-06-27,US,Alaska,Yukon-Koyukuk,3,0,0,65.50815459,-151.39073869999999,2290.0,57.361376673040155,0.0,3,2,0,0,2,2,5327,1,0,0,1,0
2020-06-27,US,Arizona,Apache,2250,85,0,35.39465006,-109.4892383,4001.0,3129.9122233505364,3.7777777777777777,2165,2250,79,0,2171,2235,71818,0,6,0,-6,15
2020-06-27,US,Arizona,Cochise,538,6,0,31.87934684,-109.7516088,4003.0,427.2486142215021,1.1152416356877324,532,509,6,0,503,468,126770,29,0,0,29,41
2020-06-27,US,Arizona,Coconino,1735,92,0,35.83883429,-111.77071780000001,4005.0,1209.2614792717945,5.302593659942364,1643,1713,91,0,1622,1676,142854,22,1,0,21,37
2020-06-27,US,Arizona,Gila,249,5,0,33.80190085,-110.8132779,4007.0,460.9574586249028,2.0080321285140563,244,237,5,0,232,216,53889,12,0,0,12,21
2020-06-27,US,Arizona,Graham,82,1,0,32.93166885,-109.8882178,4009.0,211.1388624250071,1.2195121951219512,81,75,1,0,74,70,38072,7,0,0,7,5
2020-06-27,US,Arizona,Greenlee,18,1,0,33.21498827,-109.2405279,4011.0,189.51358180669612,5.5555555555555545,17,17,1,0,16,17,9483,1,0,0,1,0
2020-06-27,US,Arizona,La Paz,315,5,0,33.72854224,-113.98100290000001,4012.0,1492.3251847640704,1.5873015873015872,310,309,5,0,304,299,21098,6,0,0,6,10
2020-06-27,US,Arizona,Maricopa,42374,741,0,33.34835867,-112.49181540000001,4013.0,944.7065532858282,1.7487138339547836,41633,39626,718,0,38908,37135,4410824,2748,23,0,2725,2491
2020-06-27,US,Arizona,Mohave,962,85,0,35.70471703,-113.7577902,4015.0,453.38649549205627,8.835758835758837,877,927,84,0,843,881,209550,35,1,0,34,46
2020-06-27,US,Arizona,Navajo,3397,124,0,35.3997715,-110.3218983,4017.0,3062.4571778875625,3.6502796585222255,3273,3367,122,0,3245,3311,110445,30,2,0,28,56
2020-06-27,US,Arizona,Pima,7086,268,0,32.0971334,-111.7890033,4019.0,676.6105307181754,3.782105560259667,6818,6836,266,0,6570,6546,1039073,250,2,0,248,290
2020-06-27,US,Arizona,Pinal,3154,61,0,32.90525627,-111.3449483,4021.0,681.5200879882625,1.9340519974635384,3093,3035,59,0,2976,2912,447138,119,2,0,117,123
2020-06-27,US,Arizona,Santa Cruz,1654,16,0,31.52508998,-110.8479088,4023.0,3557.142242677105,0.9673518742442564,1638,1637,14,0,1623,1587,46511,17,2,0,15,50
2020-06-27,US,Arizona,Unassigned,2,1,0,0.0,0.0,90004.0,0.0,50.0,1,0,1,0,-1,0,,2,0,0,2,0
2020-06-27,US,Arizona,Yavapai,628,8,0,34.59933926,-112.5538588,4025.0,267.1215105125926,1.2738853503184713,620,597,7,0,590,564,231993,31,1,0,30,33
2020-06-27,US,Arizona,Yuma,5680,81,0,32.76895712,-113.90666740000002,4027.0,2656.8500423318537,1.426056338028169,5599,5524,77,0,5447,5364,212128,156,4,0,152,160
2020-06-27,US,Arkansas,Arkansas,26,0,0,34.29145151,-91.37277296,5001.0,148.69038087612947,0.0,26,24,0,0,24,24,17769,2,0,0,2,0
2020-06-27,US,Arkansas,Ashley,68,1,0,33.19153461,-91.76984709999999,5003.0,345.9327466042632,1.4705882352941178,67,68,1,0,67,59,20046,0,0,0,0,9
2020-06-27,US,Arkansas,Baxter,18,0,0,36.28784385,-92.33782872,5005.0,42.926643136506726,0.0,18,18,0,0,18,16,41619,0,0,0,0,2
2020-06-27,US,Arkansas,Benton,2573,18,0,36.33644656,-94.25680817,5007.0,921.7563883485408,0.6995724834823164,2555,2454,15,0,2439,2262,272608,119,3,0,116,192
2020-06-27,US,Arkansas,Boone,22,1,0,36.3084504,-93.09374925,5009.0,58.773242145757635,4.545454545454546,21,22,1,0,21,19,37480,0,0,0,0,3
2020-06-27,US,Arkansas,Bradley,42,2,0,33.46755808,-92.15980837,5011.0,390.2257734832296,4.761904761904762,40,40,2,0,38,39,10897,2,0,0,2,1
2020-06-27,US,Arkansas,Carroll,161,5,0,36.34038560000001,-93.54270261,5015.0,567.3009161381253,3.1055900621118013,156,158,4,0,154,149,28223,3,1,0,2,9
2020-06-27,US,Arkansas,Chicot,120,3,0,33.26458973,-91.29539209,5017.0,1186.005139355604,2.5,117,117,3,0,114,108,10438,3,0,0,3,9
2020-06-27,US,Arkansas,Clark,55,0,0,34.04613432,-93.17484713,5019.0,246.415770609319,0.0,55,53,0,0,53,53,22061,2,0,0,2,0
2020-06-27,US,Arkansas,Clay,52,3,0,36.36826212,-90.4148172,5021.0,357.3637550683802,5.769230769230768,49,52,3,0,49,49,14847,0,0,0,0,3
2020-06-27,US,Arkansas,Cleburne,83,4,0,35.53864922,-92.02640019,5023.0,333.07917653196364,4.819277108433735,79,82,4,0,78,79,24965,1,0,0,1,3
2020-06-27,US,Arkansas,Cleveland,25,0,0,33.89723187,-92.18537045,5025.0,314.228255404726,0.0,25,25,0,0,25,25,8018,0,0,0,0,0
2020-06-27,US,Arkansas,Columbia,74,3,0,33.21230701,-93.22642793,5027.0,315.4708615765017,4.0540540540540535,71,73,3,0,70,72,23537,1,0,0,1,1
2020-06-27,US,Arkansas,Conway,44,3,0,35.26205537,-92.70506566,5029.0,211.07166842559727,6.8181818181818175,41,42,3,0,39,39,20891,2,0,0,2,3
2020-06-27,US,Arkansas,Craighead,436,6,0,35.83018283,-90.63235729,5031.0,395.1709386216148,1.3761467889908257,430,430,6,0,424,422,108558,6,0,0,6,8
2020-06-27,US,Arkansas,Crawford,135,0,0,35.58928601,-94.2446814,5033.0,213.4151161136317,0.0,135,131,0,0,131,121,63406,4,0,0,4,10
2020-06-27,US,Arkansas,Crittenden,696,11,0,35.21247318,-90.30839406,5035.0,1451.3606506099468,1.5804597701149423,685,687,11,0,676,660,48342,9,0,0,9,27
2020-06-27,US,Arkansas,Cross,85,1,0,35.29631396,-90.77185818,5037.0,517.6929167427978,1.1764705882352942,84,84,1,0,83,84,16676,1,0,0,1,0
2020-06-27,US,Arkansas,Dallas,7,0,0,33.97042763,-92.65167437,5039.0,99.87159366528748,0.0,7,6,0,0,6,6,7182,1,0,0,1,0
2020-06-27,US,Arkansas,Desha,42,0,0,33.83011025,-91.25500948,5041.0,369.6857670979668,0.0,42,40,0,0,40,40,11512,2,0,0,2,0
2020-06-27,US,Arkansas,Drew,53,1,0,33.59035001,-91.71777921,5043.0,290.90509907239687,1.8867924528301887,52,49,1,0,48,44,18328,4,0,0,4,5
2020-06-27,US,Arkansas,Faulkner,409,3,0,35.14719007,-92.33717519,5045.0,324.58514209528045,0.7334963325183375,406,382,3,0,379,350,124806,27,0,0,27,32
2020-06-27,US,Arkansas,Franklin,16,0,0,35.51202821,-93.89299569,5047.0,90.31893875246965,0.0,16,16,0,0,16,15,17810,0,0,0,0,1
2020-06-27,US,Arkansas,Fulton,12,0,0,36.38177105,-91.81729127,5049.0,96.17696561673479,0.0,12,10,0,0,10,9,12269,2,0,0,2,1
2020-06-27,US,Arkansas,Garland,214,1,0,34.57692074,-93.14921604,5051.0,215.32207755619504,0.4672897196261682,213,210,1,0,209,205,99154,4,0,0,4,5
2020-06-27,US,Arkansas,Grant,34,0,0,34.29017991,-92.42320562,5053.0,186.148371201752,0.0,34,33,0,0,33,30,18188,1,0,0,1,3
2020-06-27,US,Arkansas,Greene,112,0,0,36.11735460000001,-90.55832668,5055.0,247.1042471042471,0.0,112,107,0,0,107,102,45325,5,0,0,5,5
2020-06-27,US,Arkansas,Hempstead,47,1,0,33.73325583,-93.66935133,5057.0,218.2797696451793,2.127659574468085,46,47,1,0,46,46,21741,0,0,0,0,1
2020-06-27,US,Arkansas,Hot Spring,420,0,0,34.31709259,-92.95396325,5059.0,1243.6706049569154,0.0,420,415,0,0,415,396,33701,5,0,0,5,19
2020-06-27,US,Arkansas,Howard,76,1,0,34.09007427,-93.9934871,5061.0,575.6703529768217,1.3157894736842106,75,75,1,0,74,73,13341,1,0,0,1,2
2020-06-27,US,Arkansas,Independence,51,0,0,35.74242707,-91.57001641,5063.0,134.83146067415728,0.0,51,49,0,0,49,49,37678,2,0,0,2,0
2020-06-27,US,Arkansas,Izard,20,1,0,36.09604046,-91.90847954,5065.0,146.74590945777388,5.0,19,20,1,0,19,20,13593,0,0,0,0,0
2020-06-27,US,Arkansas,Jackson,26,0,0,35.59802983,-91.21494602,5067.0,155.5116932830911,0.0,26,26,0,0,26,26,16811,0,0,0,0,0
2020-06-27,US,Arkansas,Jefferson,680,28,0,34.26767081,-91.92619839,5069.0,1017.5984676164253,4.117647058823529,652,676,28,0,648,663,68114,4,0,0,4,13
2020-06-27,US,Arkansas,Johnson,207,0,0,35.56759135,-93.46036368,5071.0,778.839641809015,0.0,207,188,0,0,188,175,26742,19,0,0,19,13
2020-06-27,US,Arkansas,Lafayette,15,1,0,33.24116713,-93.60677071,5073.0,226.44927536231884,6.666666666666668,14,15,1,0,14,14,6682,0,0,0,0,1
2020-06-27,US,Arkansas,Lawrence,99,9,0,36.04188196,-91.10867198,5075.0,603.4377666707303,9.090909090909092,90,99,9,0,90,98,16434,0,0,0,0,1
2020-06-27,US,Arkansas,Lee,626,1,0,34.78498904,-90.78383866,5077.0,7067.855933160213,0.1597444089456869,625,626,1,0,625,626,8985,0,0,0,0,0
2020-06-27,US,Arkansas,Lincoln,1036,11,0,33.95317155,-91.74002806,5079.0,7954.545454545455,1.061776061776062,1025,1036,11,0,1025,1036,13383,0,0,0,0,0
2020-06-27,US,Arkansas,Little River,38,0,0,33.70375665,-94.23468591,5081.0,309.9763439105963,0.0,38,38,0,0,38,37,12326,0,0,0,0,1
2020-06-27,US,Arkansas,Logan,46,0,0,35.21413234,-93.71951016,5083.0,214.29236932823997,0.0,46,44,0,0,44,36,21737,2,0,0,2,8
2020-06-27,US,Arkansas,Lonoke,127,1,0,34.75392199,-91.88742357,5085.0,173.2393021320711,0.7874015748031497,126,119,1,0,118,123,73657,8,0,0,8,-4
2020-06-27,US,Arkansas,Madison,175,0,0,36.01038185,-93.72524943,5087.0,1055.7432432432433,0.0,175,174,0,0,174,168,16481,1,0,0,1,6
2020-06-27,US,Arkansas,Marion,4,0,0,36.26844485,-92.68451899,5089.0,23.960704444710675,0.0,4,4,0,0,4,3,16722,0,0,0,0,1
2020-06-27,US,Arkansas,Miller,107,2,0,33.31403423,-93.89285258,5091.0,247.3588089788936,1.8691588785046729,105,101,2,0,99,98,43592,6,0,0,6,3
2020-06-27,US,Arkansas,Mississippi,149,3,0,35.76271485,-90.05194370000002,5093.0,366.53464859413054,2.0134228187919465,146,136,3,0,133,128,41239,13,0,0,13,8
2020-06-27,US,Arkansas,Monroe,12,0,0,34.6815935,-91.20540287,5095.0,179.0777495896135,0.0,12,10,0,0,10,8,6900,2,0,0,2,2
2020-06-27,US,Arkansas,Montgomery,4,0,0,34.53704874,-93.65824478,5097.0,44.5136879590474,0.0,4,4,0,0,4,4,8924,0,0,0,0,0
2020-06-27,US,Arkansas,Nevada,101,2,0,33.66340119,-93.30632432,5099.0,1223.9457101308776,1.98019801980198,99,101,2,0,99,95,8326,0,0,0,0,6
2020-06-27,US,Arkansas,Newton,5,0,0,35.91947491,-93.21612969,5101.0,64.49116471043467,0.0,5,5,0,0,5,4,7805,0,0,0,0,1
2020-06-27,US,Arkansas,Ouachita,19,0,0,33.58839816,-92.87795984,5103.0,81.25908818749465,0.0,19,19,0,0,19,18,23606,0,0,0,0,1
2020-06-27,US,Arkansas,Perry,27,0,0,34.945915299999996,-92.94372564,5105.0,258.2496413199426,0.0,27,26,0,0,26,23,10352,1,0,0,1,3
2020-06-27,US,Arkansas,Phillips,127,3,0,34.43268455,-90.84800154,5107.0,714.205376223147,2.3622047244094486,124,109,3,0,106,104,18029,18,0,0,18,5
2020-06-27,US,Arkansas,Pike,8,0,0,34.16250414,-93.65789349,5109.0,74.64079119238664,0.0,8,8,0,0,8,8,10673,0,0,0,0,0
2020-06-27,US,Arkansas,Poinsett,56,3,0,35.57433534,-90.66268713,5111.0,238.01428085685143,5.357142857142857,53,56,3,0,53,55,23974,0,0,0,0,1
2020-06-27,US,Arkansas,Polk,70,0,0,34.48254879,-94.22728802,5113.0,350.6311360448808,0.0,70,70,0,0,70,69,20049,0,0,0,0,1
2020-06-27,US,Arkansas,Pope,402,3,0,35.44871474,-93.03212219,5115.0,627.4191534523661,0.746268656716418,399,392,3,0,389,370,64000,10,0,0,10,22
2020-06-27,US,Arkansas,Prairie,20,0,0,34.83624419,-91.55162157,5117.0,248.07740014884644,0.0,20,19,0,0,19,19,8074,1,0,0,1,0
2020-06-27,US,Arkansas,Pulaski,1810,56,0,34.77054088,-92.31355101,5119.0,461.8395503060644,3.0939226519337018,1754,1740,55,0,1685,1655,392680,70,1,0,69,85
2020-06-27,US,Arkansas,Randolph,46,1,0,36.3415714,-91.02455531,5121.0,256.15324646397147,2.1739130434782608,45,44,1,0,43,40,17948,2,0,0,2,4
2020-06-27,US,Arkansas,Saline,246,2,0,34.64916145,-92.67583224,5125.0,200.91965663974125,0.8130081300813008,244,233,2,0,231,225,121421,13,0,0,13,8
2020-06-27,US,Arkansas,Scott,10,0,0,34.85588887,-94.0632176,5127.0,97.26680284019064,0.0,10,9,0,0,9,8,10319,1,0,0,1,1
2020-06-27,US,Arkansas,Searcy,7,0,0,35.9109364,-92.69936482,5129.0,88.82121558177894,0.0,7,7,0,0,7,7,7958,0,0,0,0,0
2020-06-27,US,Arkansas,Sebastian,378,4,0,35.19605503,-94.27162713,5131.0,295.71217348447516,1.058201058201058,374,357,2,0,355,324,127753,21,2,0,19,33
2020-06-27,US,Arkansas,Sevier,652,7,0,33.99780401,-94.2424869,5133.0,3833.715528899865,1.0736196319018405,645,648,7,0,641,617,17139,4,0,0,4,31
2020-06-27,US,Arkansas,Sharp,53,4,0,36.16258158,-91.47819342,5135.0,303.8642357527806,7.547169811320754,49,53,4,0,49,53,17366,0,0,0,0,0
2020-06-27,US,Arkansas,St. Francis,809,3,0,35.02201976,-90.74828138,5123.0,3236.776826438345,0.3708281829419036,806,804,3,0,801,801,25439,5,0,0,5,3
2020-06-27,US,Arkansas,Stone,13,0,0,35.86251946,-92.15684085,5137.0,103.95010395010395,0.0,13,13,0,0,13,13,12457,0,0,0,0,0
2020-06-27,US,Arkansas,Unassigned,733,0,0,0.0,0.0,90005.0,0.0,0.0,733,699,0,0,699,935,,34,0,0,34,-236
2020-06-27,US,Arkansas,Union,245,13,0,33.16887091,-92.59746952,5139.0,633.3695258776693,5.306122448979592,232,243,13,0,230,237,39126,2,0,0,2,6
2020-06-27,US,Arkansas,Van Buren,34,2,0,35.58095779,-92.51295036,5141.0,205.5001511030523,5.882352941176472,32,33,2,0,31,30,16603,1,0,0,1,3
2020-06-27,US,Arkansas,Washington,3238,27,0,35.976844,-94.21800746,5143.0,1353.7525032714987,0.8338480543545398,3211,3140,24,0,3116,2880,236961,98,3,0,95,260
2020-06-27,US,Arkansas,White,82,1,0,35.25688493,-91.74908296,5145.0,104.1230175358399,1.2195121951219512,81,80,1,0,79,79,78727,2,0,0,2,1
2020-06-27,US,Arkansas,Woodruff,6,0,0,35.18902527,-91.2439489,5147.0,94.93670886075951,0.0,6,6,0,0,6,6,6490,0,0,0,0,0
2020-06-27,US,Arkansas,Yell,534,3,0,35.00292371,-93.41171338,5149.0,2502.22576261656,0.5617977528089888,531,511,3,0,508,479,21535,23,0,0,23,32
2020-06-27,US,California,Alameda,5493,130,0,37.64629437,-121.8929271,6001.0,328.66060482406516,2.3666484616785,5363,5493,130,0,5363,5382,1666753,0,0,0,0,111
2020-06-27,US,California,Alpine,2,0,0,38.59678594,-119.82235940000001,6003.0,177.14791851195747,0.0,2,2,0,0,2,2,1101,0,0,0,0,0
2020-06-27,US,California,Amador,20,0,0,38.44583082,-120.65696000000001,6005.0,50.311933990742595,0.0,20,20,0,0,20,20,39383,0,0,0,0,0
2020-06-27,US,California,Butte,143,2,0,39.66727762,-121.6005252,6007.0,65.24139315467228,1.3986013986013983,141,143,2,0,141,133,231256,0,0,0,0,10
2020-06-27,US,California,Calaveras,32,0,0,38.20537103,-120.55291299999999,6009.0,69.70918200631739,0.0,32,32,0,0,32,29,45602,0,0,0,0,3
2020-06-27,US,California,Colusa,17,0,0,39.17881957,-122.2331726,6011.0,78.8972942869077,0.0,17,17,0,0,17,16,21627,0,0,0,0,1
2020-06-27,US,California,Contra Costa,2688,73,0,37.91923498,-121.9289527,6013.0,233.0246565747109,2.7157738095238093,2615,2676,73,0,2603,2576,1150215,12,0,0,12,100
2020-06-27,US,California,Del Norte,50,1,0,41.74228275,-123.89740630000001,6015.0,179.77851287214153,2.0,49,49,1,0,48,49,27828,1,0,0,1,0
2020-06-27,US,California,El Dorado,158,0,0,38.77965956,-120.5233166,6017.0,81.93193426777223,0.0,158,158,0,0,158,158,190678,0,0,0,0,0
2020-06-27,US,California,Fresno,4474,72,0,36.75733899,-119.6466953,6019.0,447.8025745144885,1.6092981671881983,4402,4374,72,0,4302,4053,994400,100,0,0,100,321
2020-06-27,US,California,Glenn,87,0,0,39.59875897,-122.3938452,6021.0,306.4135526362131,0.0,87,87,0,0,87,87,28047,0,0,0,0,0
2020-06-27,US,California,Humboldt,129,4,0,40.69923009,-123.876044,6023.0,95.16221838622582,3.1007751937984502,125,129,4,0,125,127,136373,0,0,0,0,2
2020-06-27,US,California,Imperial,6041,81,0,33.0393082,-115.36690420000001,6025.0,3333.609248682504,1.3408376096672736,5960,5838,73,0,5765,5744,181827,203,8,0,195,94
2020-06-27,US,California,Inyo,27,1,0,36.51112084,-117.41119779999998,6027.0,149.67570264427076,3.703703703703704,26,29,1,0,28,27,17987,-2,0,0,-2,2
2020-06-27,US,California,Kern,4340,65,0,35.34329425,-118.72777959999999,6029.0,482.1140144100991,1.4976958525345625,4275,4300,65,0,4235,4182,896764,40,0,0,40,118
2020-06-27,US,California,Kings,2318,22,0,36.07409056,-119.8159973,6031.0,1515.6270432849485,0.9490940465918896,2296,2298,21,0,2277,2284,151366,20,1,0,19,14
2020-06-27,US,California,Lake,45,0,0,39.10124298,-122.75362439999999,6033.0,69.89097008666481,0.0,45,42,0,0,42,42,64382,3,0,0,3,0
2020-06-27,US,California,Lassen,220,0,0,40.67311306,-120.59350990000002,6035.0,719.5891799954206,0.0,220,172,0,0,172,89,30802,48,0,0,48,83
2020-06-27,US,California,Los Angeles,95385,3285,0,34.30828379,-118.22824109999999,6037.0,950.1343097548418,3.4439377260575563,92100,93391,3269,0,90122,91577,10105518,1994,16,0,1978,1814
2020-06-27,US,California,Madera,415,5,0,37.21513971,-119.76655890000002,6039.0,263.78180477603973,1.2048192771084338,410,415,5,0,410,383,157672,0,0,0,0,32
2020-06-27,US,California,Marin,1746,18,0,38.07122463,-122.72106310000001,6041.0,674.5844698755149,1.0309278350515465,1728,1636,18,0,1618,1573,259666,110,0,0,110,63
2020-06-27,US,California,Mariposa,23,1,0,37.57978556,-119.9073334,6043.0,133.69761088182292,4.3478260869565215,22,23,1,0,22,22,17471,0,0,0,0,1
2020-06-27,US,California,Mendocino,76,0,0,39.4381191,-123.39113130000001,6045.0,87.60907906719385,0.0,76,76,0,0,76,74,87606,0,0,0,0,2
2020-06-27,US,California,Merced,824,11,0,37.18922369,-120.72090349999999,6047.0,296.74445404782483,1.3349514563106797,813,824,11,0,813,791,274765,0,0,0,0,33
2020-06-27,US,California,Mono,40,1,0,37.93899289,-118.8872409,6051.0,276.93159789531984,2.5,39,40,1,0,39,40,14250,0,0,0,0,0
2020-06-27,US,California,Monterey,1444,12,0,36.21862405,-121.24133970000001,6053.0,332.6721359440263,0.8310249307479224,1432,1429,12,0,1417,1416,435594,15,0,0,15,13
2020-06-27,US,California,Napa,270,4,0,38.50735751,-122.33283899999999,6055.0,196.01579742130332,1.4814814814814814,266,270,4,0,266,258,139417,0,0,0,0,12
2020-06-27,US,California,Nevada,108,1,0,39.30394768,-120.76272809999999,6057.0,108.26524986216228,0.925925925925926,107,108,1,0,107,101,99696,0,0,0,0,7
2020-06-27,US,California,Orange,12462,323,0,33.70147516,-117.76459979999998,6059.0,392.41840833430945,2.59187931311186,12139,11960,323,0,11637,11511,3185968,502,0,0,502,449
2020-06-27,US,California,Placer,611,11,0,39.06167234,-120.72405690000001,6061.0,153.39079002533086,1.8003273322422257,600,593,11,0,582,579,393149,18,0,0,18,14
2020-06-27,US,California,Plumas,7,0,0,40.00355989,-120.8395236,6063.0,37.22018397405221,0.0,7,7,0,0,7,7,18804,0,0,0,0,0
2020-06-27,US,California,Riverside,15643,438,0,33.74314981,-115.9933578,6065.0,633.1798719797163,2.799974429457265,15205,15643,438,0,15205,15142,2450758,0,0,0,0,501
2020-06-27,US,California,Sacramento,2666,66,0,38.45106826,-121.34253740000001,6067.0,171.77193120360192,2.4756189047261814,2600,2666,66,0,2600,2512,1540975,0,0,0,0,154
2020-06-27,US,California,San Benito,205,2,0,36.60308176,-121.069975,6069.0,326.3915424786652,0.975609756097561,203,198,2,0,196,194,61537,7,0,0,7,4
2020-06-27,US,California,San Bernardino,11290,248,0,34.84060306,-116.1774685,6071.0,517.8697160890516,2.1966341895482726,11042,11290,248,0,11042,10769,2171603,0,0,0,0,521
2020-06-27,US,California,San Diego,12837,360,0,33.03484597,-116.73653259999999,6073.0,384.5335841573481,2.8043935498948347,12477,12401,358,0,12043,11961,3343364,436,2,0,434,440
2020-06-27,US,California,San Francisco,3468,49,0,37.75215114,-122.43856720000001,6075.0,393.39843843053535,1.4129181084198386,3419,3400,48,0,3352,3297,883305,68,1,0,67,103
2020-06-27,US,California,San Joaquin,3093,52,0,37.93433732,-121.2730061,6077.0,405.826689829272,1.6812156482379568,3041,3031,52,0,2979,2884,752660,62,0,0,62,147
2020-06-27,US,California,San Luis Obispo,508,1,0,35.38822029,-120.4039028,6079.0,179.4349212852909,0.1968503937007874,507,508,1,0,507,489,284010,0,0,0,0,19
2020-06-27,US,California,San Mateo,3083,106,0,37.422880799999994,-122.32755459999998,6081.0,402.17957063449927,3.438209536166072,2977,3049,106,0,2943,2996,769545,34,0,0,34,53
2020-06-27,US,California,Santa Barbara,2712,28,0,34.65329488,-120.0188492,6083.0,607.3921778100288,1.0324483775811208,2684,2742,28,0,2714,2631,446527,-30,0,0,-30,111
2020-06-27,US,California,Santa Clara,3984,155,0,37.23104908,-121.6970462,6085.0,206.65486769731285,3.8905622489959835,3829,3984,155,0,3829,3888,1937570,0,0,0,0,96
2020-06-27,US,California,Santa Cruz,349,3,0,37.05580291,-122.0066524,6087.0,127.73916321697723,0.8595988538681948,346,344,3,0,341,337,274255,5,0,0,5,7
2020-06-27,US,California,Shasta,101,4,0,40.76391419,-122.0396884,6089.0,56.08618391825854,3.96039603960396,97,97,4,0,93,96,180040,4,0,0,4,1
2020-06-27,US,California,Sierra,1,0,0,39.57713498,-120.52007009999998,6091.0,33.277870216306155,0.0,1,1,0,0,1,1,2987,0,0,0,0,0
2020-06-27,US,California,Siskiyou,27,0,0,41.59198861,-122.54074340000001,6093.0,62.013367325845785,0.0,27,26,0,0,26,26,43724,1,0,0,1,0
2020-06-27,US,California,Solano,1118,23,0,38.26827353,-121.9357113,6095.0,249.7525930261391,2.0572450805008944,1095,1118,23,0,1095,1094,446610,0,0,0,0,24
2020-06-27,US,California,Sonoma,1006,5,0,38.52746429,-122.88625060000001,6097.0,203.50530813050236,0.4970178926441352,1001,1006,5,0,1001,974,499942,0,0,0,0,32
2020-06-27,US,California,Stanislaus,2000,41,0,37.55862499,-120.9970722,6099.0,363.2005230087531,2.05,1959,1940,38,0,1902,1871,549815,60,3,0,57,69
2020-06-27,US,California,Sutter,152,3,0,39.03417539,-121.6945899,6101.0,156.74789370017842,1.973684210526316,149,147,3,0,144,140,96807,5,0,0,5,7
2020-06-27,US,California,Tehama,62,1,0,40.12570935,-122.23701709999999,6103.0,95.26150820478149,1.6129032258064515,61,62,1,0,61,62,63916,0,0,0,0,0
2020-06-27,US,California,Trinity,2,0,0,40.64917670000001,-123.114713,6105.0,16.28001628001628,0.0,2,2,0,0,2,2,12535,0,0,0,0,0
2020-06-27,US,California,Tulare,3705,122,0,36.22026558,-118.8020203,6107.0,794.7318182305687,3.292847503373819,3583,3705,122,0,3583,3646,465861,0,0,0,0,59
2020-06-27,US,California,Tuolumne,22,0,0,38.02644018,-119.95250929999999,6109.0,40.38327398215794,0.0,22,22,0,0,22,22,54539,0,0,0,0,0
2020-06-27,US,California,Ventura,2336,44,0,34.44465746,-119.09106129999999,6111.0,276.12097313730635,1.8835616438356164,2292,2336,44,0,2292,2287,850967,0,0,0,0,49
2020-06-27,US,California,Yolo,458,24,0,38.68278902,-121.90182879999999,6113.0,207.70975056689343,5.240174672489083,434,438,24,0,414,408,220408,20,0,0,20,30
2020-06-27,US,California,Yuba,61,1,0,39.26255932,-121.35356440000001,6115.0,77.54105862612498,1.639344262295082,60,57,1,0,56,51,78041,4,0,0,4,6
2020-06-27,US,Colorado,Adams,4093,154,0,39.87432092,-104.3362578,8001.0,791.0386319843996,3.762521377962375,3939,4058,154,0,3904,4013,511868,35,0,0,35,45
2020-06-27,US,Colorado,Alamosa,184,3,0,37.57250606,-105.7885451,8003.0,1133.493500893242,1.6304347826086956,181,181,3,0,178,178,16683,3,0,0,3,3
2020-06-27,US,Colorado,Arapahoe,5127,342,0,39.64977461,-104.3353617,8005.0,780.8525868502414,6.670567583382095,4785,5100,342,0,4758,5066,651215,27,0,0,27,34
2020-06-27,US,Colorado,Archuleta,8,0,0,37.19474156,-107.0476867,8007.0,57.02473447858009,0.0,8,8,0,0,8,8,13765,0,0,0,0,0
2020-06-27,US,Colorado,Baca,13,0,0,37.31940883,-102.5603223,8009.0,363.02708740575264,0.0,13,13,0,0,13,13,3585,0,0,0,0,0
2020-06-27,US,Colorado,Bent,4,0,0,37.95474293,-103.0720195,8011.0,71.72314864622557,0.0,4,4,0,0,4,4,5882,0,0,0,0,0
2020-06-27,US,Colorado,Boulder,1347,71,0,40.09313619,-105.3546767,8013.0,412.94191222455214,5.270972531551597,1276,1336,71,0,1265,1321,326078,11,0,0,11,15
2020-06-27,US,Colorado,Broomfield,291,29,0,39.95998787,-105.0566324,8014.0,412.97097849996453,9.965635738831617,262,291,29,0,262,287,69267,0,0,0,0,4
2020-06-27,US,Colorado,Chaffee,77,19,0,38.74745778,-106.19265729999998,8015.0,378.2668500687758,24.675324675324674,58,77,19,0,58,78,20027,0,0,0,0,-1
2020-06-27,US,Colorado,Cheyenne,5,0,0,38.82777431,-102.6032558,8017.0,273.07482250136536,0.0,5,5,0,0,5,5,1876,0,0,0,0,0
2020-06-27,US,Colorado,Clear Creek,18,1,0,39.68864463,-105.6463118,8019.0,185.56701030927837,5.5555555555555545,17,18,1,0,17,18,9605,0,0,0,0,0
2020-06-27,US,Colorado,Conejos,13,0,0,37.201606,-106.19174879999998,8021.0,158.4399756246191,0.0,13,12,0,0,12,12,8200,1,0,0,1,0
2020-06-27,US,Colorado,Costilla,20,0,0,37.27732493,-105.4276548,8023.0,514.5356315924878,0.0,20,20,0,0,20,20,3828,0,0,0,0,0
2020-06-27,US,Colorado,Crowley,70,1,0,38.32608609,-103.7844965,8025.0,1154.9249298795578,1.4285714285714286,69,70,1,0,69,69,5858,0,0,0,0,1
2020-06-27,US,Colorado,Custer,2,0,0,38.10883162,-105.3683478,8027.0,39.463299131807425,0.0,2,2,0,0,2,2,4954,0,0,0,0,0
2020-06-27,US,Colorado,Delta,82,1,0,38.86246243,-107.8631342,8029.0,263.1410050702779,1.2195121951219512,81,82,1,0,81,81,30953,0,0,0,0,1
2020-06-27,US,Colorado,Denver,6947,374,0,39.76018276,-104.8725695,8031.0,955.2935805426487,5.383618828271196,6573,6901,374,0,6527,6835,716492,46,0,0,46,66
2020-06-27,US,Colorado,Douglas,922,52,0,39.33133796,-104.930001,8035.0,262.56286415646696,5.6399132321041225,870,911,52,0,859,895,342776,11,0,0,11,16
2020-06-27,US,Colorado,Eagle,685,8,0,39.62754308,-106.6933637,8037.0,1242.5853030275546,1.167883211678832,677,680,8,0,672,670,54993,5,0,0,5,10
2020-06-27,US,Colorado,El Paso,2296,119,0,38.83240149,-104.5251411,8041.0,318.7104995398409,5.182926829268292,2177,2266,118,0,2148,2220,713856,30,1,0,29,46
2020-06-27,US,Colorado,Elbert,56,2,0,39.28656773,-104.1358721,8039.0,209.51026974447228,3.571428571428572,54,56,2,0,54,55,26282,0,0,0,0,1
2020-06-27,US,Colorado,Fremont,34,0,0,38.47362326,-105.4399667,8043.0,71.07171972658291,0.0,34,33,0,0,33,32,48021,1,0,0,1,1
2020-06-27,US,Colorado,Garfield,266,2,0,39.59921777,-107.902708,8045.0,442.883068879972,0.7518796992481203,264,260,2,0,258,252,59770,6,0,0,6,8
2020-06-27,US,Colorado,Gilpin,7,0,0,39.85646523,-105.5252597,8047.0,112.12558065032835,0.0,7,7,0,0,7,7,6121,0,0,0,0,0
2020-06-27,US,Colorado,Grand,18,0,0,40.10603347,-106.1178042,8049.0,114.40193212152029,0.0,18,18,0,0,18,18,15525,0,0,0,0,0
2020-06-27,US,Colorado,Gunnison,186,6,0,38.66611652,-107.0320729,8051.0,1065.170083610125,3.2258064516129035,180,186,6,0,180,186,17246,0,0,0,0,0
2020-06-27,US,Colorado,Hinsdale,3,0,0,37.82247444,-107.3004345,8053.0,365.8536585365854,0.0,3,3,0,0,3,3,811,0,0,0,0,0
2020-06-27,US,Colorado,Huerfano,4,0,0,37.68473101,-104.9612585,8055.0,57.99623024503408,0.0,4,4,0,0,4,4,6889,0,0,0,0,0
2020-06-27,US,Colorado,Jackson,1,0,0,40.66593870000001,-106.3408905,8057.0,71.83908045977013,0.0,1,1,0,0,1,1,1399,0,0,0,0,0
2020-06-27,US,Colorado,Jefferson,2633,208,0,39.58635604,-105.2517692,8059.0,451.72170648897463,7.899734143562477,2425,2616,208,0,2408,2594,580233,17,0,0,17,22
2020-06-27,US,Colorado,Kit Carson,31,3,0,39.30497777,-102.6022199,8063.0,436.80428350007037,9.677419354838712,28,31,3,0,28,31,7163,0,0,0,0,0
2020-06-27,US,Colorado,La Plata,94,1,0,37.28632032,-107.8429014,8067.0,167.19731061347184,1.0638297872340423,93,94,1,0,93,90,56310,0,0,0,0,4
2020-06-27,US,Colorado,Lake,50,0,0,39.20278823,-106.3555697,8065.0,615.2331733727083,0.0,50,50,0,0,50,50,7824,0,0,0,0,0
2020-06-27,US,Colorado,Larimer,713,29,0,40.66671597,-105.4625784,8069.0,199.7764073309256,4.0673211781206176,684,701,29,0,672,692,350518,12,0,0,12,9
2020-06-27,US,Colorado,Las Animas,7,0,0,37.3153406,-104.0376458,8071.0,48.25589411278092,0.0,7,7,0,0,7,7,14503,0,0,0,0,0
2020-06-27,US,Colorado,Lincoln,4,0,0,38.98749519,-103.5136649,8073.0,70.1631292755657,0.0,4,4,0,0,4,4,5610,0,0,0,0,0
2020-06-27,US,Colorado,Logan,636,5,0,40.7249637,-103.110817,8075.0,2838.145388013745,0.7861635220125787,631,636,5,0,631,635,21528,0,0,0,0,1
2020-06-27,US,Colorado,Mesa,89,0,0,39.01787888,-108.469799,8077.0,57.713507554633296,0.0,89,88,0,0,88,87,153207,1,0,0,1,1
2020-06-27,US,Colorado,Mineral,5,0,0,37.66954283,-106.9281698,8079.0,650.1950585175553,0.0,5,5,0,0,5,5,776,0,0,0,0,0
2020-06-27,US,Colorado,Moffat,10,0,0,40.61810999,-108.2070876,8081.0,75.28419784687196,0.0,10,10,0,0,10,9,13188,0,0,0,0,1
2020-06-27,US,Colorado,Montezuma,70,3,0,37.33859579,-108.5958857,8083.0,267.3490432723523,4.285714285714286,67,69,3,0,66,69,26158,1,0,0,1,0
2020-06-27,US,Colorado,Montrose,203,12,0,38.40214114,-108.26390220000002,8085.0,474.76495626549416,5.911330049261084,191,203,12,0,191,202,42214,0,0,0,0,1
2020-06-27,US,Colorado,Morgan,651,46,0,40.26279810000001,-103.8093302,8087.0,2239.576166230907,7.066052227342549,605,650,46,0,604,649,28558,1,0,0,1,1
2020-06-27,US,Colorado,Otero,22,1,0,37.9014485,-103.7173385,8089.0,120.3632782580151,4.545454545454546,21,22,1,0,21,22,18432,0,0,0,0,0
2020-06-27,US,Colorado,Ouray,10,1,0,38.14717457,-107.7675136,8091.0,201.93861066235863,10.0,9,10,1,0,9,10,4833,0,0,0,0,0
2020-06-27,US,Colorado,Park,27,0,0,39.120926,-105.7182065,8093.0,143.27407800477582,0.0,27,27,0,0,27,27,18556,0,0,0,0,0
2020-06-27,US,Colorado,Phillips,15,0,0,40.59414277,-102.3577703,8095.0,351.6998827667058,0.0,15,15,0,0,15,15,4286,0,0,0,0,0
2020-06-27,US,Colorado,Pitkin,92,2,0,39.21720112,-106.9310027,8097.0,517.8139246918445,2.1739130434782608,90,93,2,0,91,91,17950,-1,0,0,-1,2
2020-06-27,US,Colorado,Prowers,18,0,0,37.95544985,-102.3926052,8099.0,147.88038120276042,0.0,18,17,0,0,17,17,12164,1,0,0,1,0
2020-06-27,US,Colorado,Pueblo,378,28,0,38.17359144,-104.5127437,8101.0,224.4335724124828,7.407407407407407,350,372,28,0,344,369,167529,6,0,0,6,3
2020-06-27,US,Colorado,Rio Blanco,3,0,0,39.97913541,-108.2179009,8103.0,47.43833017077799,0.0,3,3,0,0,3,3,6336,0,0,0,0,0
2020-06-27,US,Colorado,Rio Grande,73,2,0,37.5836865,-106.3847838,8105.0,647.909825153102,2.7397260273972597,71,72,2,0,70,70,11250,1,0,0,1,2
2020-06-27,US,Colorado,Routt,71,6,0,40.48596505,-106.9905548,8107.0,276.9326780560106,8.450704225352112,65,70,6,0,64,69,25733,1,0,0,1,1
2020-06-27,US,Colorado,Saguache,100,2,0,38.08054629,-106.282466,8109.0,1465.4161781946073,2.0,98,100,2,0,98,100,6843,0,0,0,0,0
2020-06-27,US,Colorado,San Juan,1,0,0,37.76248981,-107.67632890000002,8111.0,137.36263736263737,0.0,1,1,0,0,1,1,762,0,0,0,0,0
2020-06-27,US,Colorado,San Miguel,35,0,0,38.00450883,-108.4020725,8113.0,427.9251742266781,0.0,35,35,0,0,35,34,8191,0,0,0,0,1
2020-06-27,US,Colorado,Summit,267,3,0,39.63803232,-106.1150762,8117.0,860.9848118409598,1.1235955056179776,264,267,3,0,264,265,31007,0,0,0,0,2
2020-06-27,US,Colorado,Teller,41,2,0,38.88133511,-105.1614893,8119.0,161.49361903261382,4.878048780487805,39,41,2,0,39,41,25083,0,0,0,0,0
2020-06-27,US,Colorado,Washington,44,0,0,39.97015535,-103.202587,8121.0,896.4955175224122,0.0,44,44,0,0,44,44,4909,0,0,0,0,0
2020-06-27,US,Colorado,Weld,2783,136,0,40.55499405,-104.3929621,8123.0,857.6482625149464,4.886812791951132,2647,2773,136,0,2637,2757,314305,10,0,0,10,16
2020-06-27,US,Colorado,Yuma,51,0,0,40.00346839,-102.4258673,8125.0,509.0328376085438,0.0,51,51,0,0,51,51,10020,0,0,0,0,0
2020-06-27,US,Connecticut,Fairfield,16606,1375,0,41.26809896,-73.3881171,9001.0,1760.3558450259293,8.280139708539082,15231,16564,1375,0,15189,16547,943823,42,0,0,42,17
2020-06-27,US,Connecticut,Hartford,11558,1369,0,41.80283011,-72.73103891,9003.0,1296.1467725294935,11.844609794082023,10189,11511,1365,0,10146,11483,892697,47,4,0,43,28
2020-06-27,US,Connecticut,Litchfield,1482,136,0,41.7937534,-73.2451475,9005.0,821.8129793215884,9.176788124156543,1346,1471,136,0,1335,1469,181111,11,0,0,11,2
2020-06-27,US,Connecticut,Middlesex,1287,182,0,41.45949668,-72.53714864,9007.0,792.3120490531654,14.141414141414142,1105,1282,182,0,1100,1277,162682,5,0,0,5,5
2020-06-27,US,Connecticut,New Haven,12275,1069,0,41.408032500000004,-72.93620426,9009.0,1436.0806638611912,8.708757637474541,11206,12254,1069,0,11185,12245,857620,21,0,0,21,9
2020-06-27,US,Connecticut,New London,1241,102,0,41.48896435,-72.10430976,9011.0,467.9381311131724,8.219178082191782,1139,1223,102,0,1121,1219,266784,18,0,0,18,4
2020-06-27,US,Connecticut,Tolland,906,64,0,41.85853803,-72.3308481,9013.0,601.1106614207707,7.064017660044151,842,904,64,0,840,899,150921,2,0,0,2,5
2020-06-27,US,Connecticut,Unassigned,252,0,0,0.0,0.0,90009.0,0.0,0.0,252,252,0,0,252,260,,0,0,0,0,-8
2020-06-27,US,Connecticut,Windham,599,14,0,41.82972709,-71.98182316,9015.0,512.9215118768303,2.337228714524207,585,598,14,0,584,595,117027,1,0,0,1,3
2020-06-27,US,Delaware,Kent,1652,89,0,39.08646628,-75.56884914,10001.0,913.787572046508,5.387409200968523,1563,1635,89,0,1546,1630,178550,17,0,0,17,5
2020-06-27,US,Delaware,New Castle,4871,242,0,39.57992638,-75.64054974,10003.0,871.7626572027353,4.968179018681996,4629,4840,242,0,4598,4791,559335,31,0,0,31,49
2020-06-27,US,Delaware,Sussex,4542,176,0,38.66143781,-75.39031349,10005.0,1939.1610630803714,3.874944958168208,4366,4519,176,0,4343,4538,229286,23,0,0,23,-19
2020-06-27,US,Delaware,Unassigned,26,0,0,0.0,0.0,90010.0,0.0,0.0,26,23,0,0,23,21,,3,0,0,3,2
2020-06-27,US,District of Columbia,District of Columbia,10216,548,0,38.90417773,-77.01655992,11001.0,1447.5401311231046,5.3641346906812855,9668,10185,546,0,9639,10159,702455,31,2,0,29,26
2020-06-27,US,Florida,Alachua,1033,12,0,29.67866525,-82.35928158,12001.0,383.95349442282463,1.1616650532429815,1021,945,12,0,933,863,269956,88,0,0,88,82
2020-06-27,US,Florida,Baker,51,4,0,30.33060121,-82.28467476,12003.0,174.59774049982883,7.84313725490196,47,47,4,0,43,44,28355,4,0,0,4,3
2020-06-27,US,Florida,Bay,305,4,0,30.26548745,-85.62122584,12005.0,174.5800062963281,1.3114754098360657,301,287,4,0,283,248,185287,18,0,0,18,39
2020-06-27,US,Florida,Bradford,80,2,0,29.95079741,-82.16611613,12007.0,283.67788376298716,2.5,78,76,2,0,74,73,27732,4,0,0,4,3
2020-06-27,US,Florida,Brevard,1547,17,0,28.29409504,-80.73091022,12009.0,257.00150512840105,1.0989010989010992,1530,1297,17,0,1280,1149,596849,250,0,0,250,148
2020-06-27,US,Florida,Broward,14046,382,0,26.15184651,-80.48725556,12011.0,719.2829906932585,2.7196354834116474,13664,13320,381,0,12939,12584,1951260,726,1,0,725,736
2020-06-27,US,Florida,Calhoun,72,6,0,30.40666734,-85.19394153,12013.0,510.45728465083306,8.333333333333334,66,79,6,0,73,70,14587,-7,0,0,-7,9
2020-06-27,US,Florida,Charlotte,687,76,0,26.90131002,-81.92949121,12015.0,363.6652374146418,11.06259097525473,611,657,76,0,581,626,184998,30,0,0,30,31
2020-06-27,US,Florida,Citrus,264,12,0,28.84804315,-82.47614748,12017.0,176.40337571914444,4.545454545454546,252,240,12,0,228,226,147929,24,0,0,24,14
2020-06-27,US,Florida,Clay,616,34,0,29.98319144,-81.85609986,12019.0,280.9552478426651,5.51948051948052,582,580,34,0,546,542,216072,36,0,0,36,38
2020-06-27,US,Florida,Collier,3966,70,0,26.11091986,-81.34687065,12021.0,1030.3921517685021,1.7650025214321734,3896,3778,70,0,3708,3521,378488,188,0,0,188,257
2020-06-27,US,Florida,Columbia,261,3,0,30.22509788,-82.62160164,12023.0,364.08782746979887,1.1494252873563218,258,250,3,0,247,246,70503,11,0,0,11,4
2020-06-27,US,Florida,DeSoto,574,10,0,27.18677893,-81.80941373,12027.0,1510.4865661429965,1.7421602787456445,564,539,10,0,529,521,37489,35,0,0,35,18
2020-06-27,US,Florida,Dixie,65,4,0,29.60631086,-83.15724673,12029.0,386.30690597884234,6.153846153846153,61,63,4,0,59,63,16700,2,0,0,2,0
2020-06-27,US,Florida,Duval,4848,64,0,30.33225875,-81.66976468,12031.0,506.18373174768084,1.32013201320132,4784,4171,64,0,4107,3724,950181,677,0,0,677,447
2020-06-27,US,Florida,Escambia,1611,44,0,30.67652764,-87.37284571,12033.0,506.10085575340236,2.7312228429546863,1567,1559,44,0,1515,1404,315534,52,0,0,52,155
2020-06-27,US,Florida,Flagler,279,5,0,29.45933576,-81.31508595,12035.0,242.43793501968182,1.7921146953405018,274,274,5,0,269,261,112067,5,0,0,5,13
2020-06-27,US,Florida,Franklin,6,0,0,29.83791238,-84.82731662,12037.0,49.48453608247422,0.0,6,6,0,0,6,4,11736,0,0,0,0,2
2020-06-27,US,Florida,Gadsden,365,7,0,30.57796289,-84.61915825,12039.0,799.3867717915024,1.9178082191780816,358,352,6,0,346,337,45894,13,1,0,12,15
2020-06-27,US,Florida,Gilchrist,94,0,0,29.72856978,-82.79880657,12041.0,505.865891723173,0.0,94,89,0,0,89,88,18256,5,0,0,5,1
2020-06-27,US,Florida,Glades,158,1,0,26.95635849,-81.18996211,12043.0,1144.0156397074795,0.6329113924050633,157,154,1,0,153,151,13724,4,0,0,4,3
2020-06-27,US,Florida,Gulf,22,0,0,29.93543004,-85.24270990000002,12045.0,161.3021482513381,0.0,22,17,0,0,17,16,16164,5,0,0,5,1
2020-06-27,US,Florida,Hamilton,322,2,0,30.49673973,-82.94998918,12047.0,2231.771555309121,0.6211180124223602,320,317,2,0,315,317,14310,5,0,0,5,0
2020-06-27,US,Florida,Hardee,403,3,0,27.49293939,-81.80956574,12049.0,1496.0834539852247,0.7444168734491315,400,373,3,0,370,340,27245,30,0,0,30,33
2020-06-27,US,Florida,Hendry,895,25,0,26.55386945,-81.16469006,12051.0,2129.8367521774308,2.793296089385475,870,851,24,0,827,810,41556,44,1,0,43,41
2020-06-27,US,Florida,Hernando,312,5,0,28.55364461,-82.42700204,12053.0,160.8910891089109,1.6025641025641026,307,260,5,0,255,227,190865,52,0,0,52,33
2020-06-27,US,Florida,Highlands,373,11,0,27.34254618,-81.34071957,12055.0,351.15466809764547,2.949061662198392,362,284,11,0,273,279,105424,89,0,0,89,5
2020-06-27,US,Florida,Hillsborough,9130,132,0,27.9276559,-82.32013172,12057.0,620.2580490880238,1.4457831325301205,8998,8018,132,0,7886,7329,1436888,1112,0,0,1112,689
2020-06-27,US,Florida,Holmes,161,0,0,30.86747479,-85.81319222,12059.0,820.7167252892899,0.0,161,150,0,0,150,147,19477,11,0,0,11,3
2020-06-27,US,Florida,Indian River,620,16,0,27.69308961,-80.60556721,12061.0,387.6865741638163,2.5806451612903225,604,541,16,0,525,479,157413,79,0,0,79,62
2020-06-27,US,Florida,Jackson,353,2,0,30.795459700000002,-85.21500423,12063.0,760.5463868660318,0.56657223796034,351,350,2,0,348,347,48305,3,0,0,3,3
2020-06-27,US,Florida,Jefferson,45,4,0,30.43669112,-83.89442308,12065.0,315.87814123262666,8.888888888888891,41,41,4,0,37,41,14288,4,0,0,4,0
2020-06-27,US,Florida,Lafayette,31,0,0,29.98484137,-83.18166636,12067.0,368.08359059605795,0.0,31,27,0,0,27,22,8732,4,0,0,4,5
2020-06-27,US,Florida,Lake,1098,22,0,28.76202069,-81.7125123,12069.0,299.086397289155,2.0036429872495445,1076,975,22,0,953,881,356495,123,0,0,123,94
2020-06-27,US,Florida,Lee,4956,152,0,26.58410348,-81.88399313,12071.0,643.1544154575079,3.0669895076674734,4804,4757,152,0,4605,4062,754610,199,0,0,199,695
2020-06-27,US,Florida,Leon,775,8,0,30.45955727,-84.27491114,12073.0,263.98076176332336,1.032258064516129,767,695,8,0,687,642,292502,80,0,0,80,53
2020-06-27,US,Florida,Levy,168,1,0,29.31829741,-82.74007147,12075.0,404.79001517962564,0.5952380952380952,167,165,1,0,164,157,40770,3,0,0,3,8
2020-06-27,US,Florida,Liberty,221,1,0,30.23766008,-84.8829258,12077.0,2645.439310509935,0.4524886877828054,220,220,1,0,219,220,8457,1,0,0,1,0
2020-06-27,US,Florida,Madison,179,3,0,30.44396917,-83.47398594,12079.0,967.93381279403,1.675977653631285,176,170,3,0,167,156,18529,9,0,0,9,14
2020-06-27,US,Florida,Manatee,2642,129,0,27.47196942,-82.31831044,12081.0,655.171815212782,4.882664647993943,2513,2368,128,0,2240,2202,394855,274,1,0,273,166
2020-06-27,US,Florida,Marion,598,10,0,29.21227113,-82.05803627,12083.0,163.576135390709,1.6722408026755853,588,524,10,0,514,493,359977,74,0,0,74,31
2020-06-27,US,Florida,Martin,1850,25,0,27.0772071,-80.43109784,12085.0,1149.0683229813665,1.351351351351351,1825,1713,23,0,1690,1673,160912,137,2,0,135,40
2020-06-27,US,Florida,Miami-Dade,31562,947,0,25.6112362,-80.55170587,12086.0,1161.674530906093,3.000443571383309,30615,30196,946,0,29250,28664,2761581,1366,1,0,1365,1532
2020-06-27,US,Florida,Monroe,204,4,0,25.20904673,-81.07812416,12087.0,274.82890553429974,1.96078431372549,200,202,4,0,198,188,75027,2,0,0,2,14
2020-06-27,US,Florida,Nassau,158,1,0,30.61037141,-81.80297522,12089.0,178.27926657263748,0.6329113924050633,157,146,1,0,145,136,85832,12,0,0,12,10
2020-06-27,US,Florida,Okaloosa,563,6,0,30.69143028,-86.59267105,12091.0,267.1563742656759,1.0657193605683837,557,541,6,0,535,500,207269,22,0,0,22,41
2020-06-27,US,Florida,Okeechobee,333,0,0,27.386336199999995,-80.88944347,12093.0,789.6983494593055,0.0,333,307,0,0,307,289,41537,26,0,0,26,18
2020-06-27,US,Florida,Orange,8837,56,0,28.51367621,-81.31799498,12095.0,634.1804382210511,0.6336992191920335,8781,7848,56,0,7792,6786,1380645,989,0,0,989,1062
2020-06-27,US,Florida,Osceola,1649,24,0,28.06312234,-81.14882926,12097.0,438.85445414649587,1.4554275318374772,1625,1485,24,0,1461,1321,367990,164,0,0,164,164
2020-06-27,US,Florida,Palm Beach,12928,492,0,26.64676272,-80.46536002,12099.0,863.7265578545803,3.80569306930693,12436,12498,490,0,12008,11840,1485941,430,2,0,428,658
2020-06-27,US,Florida,Pasco,1630,17,0,28.30810945,-82.40227529,12101.0,294.25197717471167,1.0429447852760736,1613,1326,17,0,1309,1170,539630,304,0,0,304,156
2020-06-27,US,Florida,Pinellas,5713,149,0,27.93130349,-82.72239666,12103.0,585.9511218507562,2.608086819534395,5564,5099,141,0,4958,4669,975280,614,8,0,606,430
2020-06-27,US,Florida,Polk,3182,92,0,27.95027105,-81.69732947,12105.0,439.0315917861632,2.8912633563796355,3090,2780,87,0,2693,2571,708009,402,5,0,397,209
2020-06-27,US,Florida,Putnam,297,6,0,29.60779729,-81.74230285,12107.0,398.5453764710618,2.0202020202020203,291,285,6,0,279,271,74163,12,0,0,12,14
2020-06-27,US,Florida,Santa Rosa,442,9,0,30.69341450000001,-87.02458128,12113.0,239.80945456912968,2.0361990950226243,433,437,9,0,428,411,179349,5,0,0,5,26
2020-06-27,US,Florida,Sarasota,1341,96,0,27.18546175,-82.33174248,12115.0,309.1699673999751,7.158836689038031,1245,1245,96,0,1149,1139,426718,96,0,0,96,106
2020-06-27,US,Florida,Seminole,2202,16,0,28.7158582,-81.24060348,12117.0,466.6974689822096,0.7266121707538601,2186,1966,16,0,1950,1768,467832,236,0,0,236,198
2020-06-27,US,Florida,St. Johns,756,7,0,29.90096506,-81.43589967,12109.0,285.63656147986944,0.925925925925926,749,682,7,0,675,599,254261,74,0,0,74,83
2020-06-27,US,Florida,St. Lucie,1576,45,0,27.37763908,-80.47106649,12111.0,480.05312262981386,2.855329949238578,1531,1441,45,0,1396,1384,321128,135,0,0,135,57
2020-06-27,US,Florida,Sumter,319,17,0,28.70181754,-82.0794267,12119.0,240.9001661380456,5.329153605015674,302,313,17,0,296,308,128754,6,0,0,6,5
2020-06-27,US,Florida,Suwannee,393,20,0,30.19746066,-82.99099670000003,12121.0,884.7963617533827,5.089058524173028,373,373,19,0,354,360,44191,20,1,0,19,13
2020-06-27,US,Florida,Taylor,73,0,0,30.04848048,-83.60445406,12123.0,338.4486995224628,0.0,73,71,0,0,71,70,21623,2,0,0,2,1
2020-06-27,US,Florida,Unassigned,139,0,0,0.0,0.0,90012.0,0.0,0.0,139,134,0,0,134,130,,5,0,0,5,4
2020-06-27,US,Florida,Union,58,2,0,30.04412971,-82.37497443,12125.0,380.6523593883311,3.4482758620689653,56,48,2,0,46,46,14940,10,0,0,10,2
2020-06-27,US,Florida,Volusia,1745,54,0,29.05858895,-81.18263252,12127.0,315.38956485277,3.094555873925501,1691,1605,53,0,1552,1464,547538,140,1,0,139,141
2020-06-27,US,Florida,Wakulla,47,1,0,30.16548905,-84.39895211,12129.0,139.30466226029222,2.127659574468085,46,46,1,0,45,42,32461,1,0,0,1,4
2020-06-27,US,Florida,Walton,210,9,0,30.64204028,-86.16935664,12131.0,283.51176573827814,4.285714285714286,201,206,9,0,197,205,71375,4,0,0,4,1
2020-06-27,US,Florida,Washington,106,12,0,30.61359259,-85.66002461,12133.0,416.1268794409767,11.320754716981131,94,101,12,0,89,102,24880,5,0,0,5,-1
2020-06-27,US,Georgia,Appling,247,14,0,31.74847232,-82.28909114,13001.0,1343.4134667681933,5.668016194331983,233,241,14,0,227,230,18507,6,0,0,6,11
2020-06-27,US,Georgia,Atkinson,119,2,0,31.29633502,-82.87545866,13003.0,1457.4402939375382,1.680672268907563,117,117,2,0,115,109,8297,2,0,0,2,8
2020-06-27,US,Georgia,Bacon,226,4,0,31.55456473,-82.45936528,13005.0,2024.3640272303835,1.7699115044247788,222,217,4,0,213,210,11185,9,0,0,9,7
2020-06-27,US,Georgia,Baker,43,3,0,31.32669878,-84.44218806,13007.0,1415.4048716260697,6.9767441860465125,40,43,3,0,40,37,3092,0,0,0,0,6
2020-06-27,US,Georgia,Baldwin,476,33,0,33.06882326,-83.24701748,13009.0,1060.3697928269105,6.932773109243697,443,470,33,0,437,465,44823,6,0,0,6,5
2020-06-27,US,Georgia,Banks,129,0,0,34.35607081,-83.49644388,13011.0,670.687324529479,0.0,129,128,0,0,128,124,18988,1,0,0,1,4
2020-06-27,US,Georgia,Barrow,466,25,0,33.99148694,-83.71436292,13013.0,559.8270062469967,5.364806866952788,441,459,25,0,434,452,80809,7,0,0,7,7
2020-06-27,US,Georgia,Bartow,659,42,0,34.23732119,-84.83887523,13015.0,611.6690489892146,6.3732928679817915,617,645,41,0,604,639,106408,14,1,0,13,6
2020-06-27,US,Georgia,Ben Hill,150,1,0,31.76095874,-83.22145359,13017.0,898.2035928143712,0.6666666666666666,149,143,1,0,142,139,16787,7,0,0,7,4
2020-06-27,US,Georgia,Berrien,110,0,0,31.27590016,-83.22529920000002,13019.0,567.0980048461103,0.0,110,109,0,0,109,107,19252,1,0,0,1,2
2020-06-27,US,Georgia,Bibb,724,38,0,32.80904227,-83.70489165,13021.0,472.71136531317126,5.248618784530387,686,702,38,0,664,664,153095,22,0,0,22,38
2020-06-27,US,Georgia,Bleckley,55,1,0,32.43829035,-83.33035166,13023.0,427.2508350811777,1.818181818181818,54,55,1,0,54,55,12838,0,0,0,0,0
2020-06-27,US,Georgia,Brantley,85,2,0,31.19576557,-81.97743999,13025.0,444.8165785755404,2.3529411764705883,83,85,2,0,83,82,18897,0,0,0,0,3
2020-06-27,US,Georgia,Brooks,141,11,0,30.83922642,-83.58303423,13027.0,912.2080610726532,7.801418439716313,130,141,11,0,130,124,15513,0,0,0,0,17
2020-06-27,US,Georgia,Bryan,116,5,0,32.00979311,-81.44002948,13029.0,292.7297044944104,4.310344827586206,111,115,5,0,110,110,38109,1,0,0,1,5
2020-06-27,US,Georgia,Bulloch,272,4,0,32.39577406,-81.74811421,13031.0,341.6742035976284,1.4705882352941178,268,261,3,0,258,232,77296,11,1,0,10,29
2020-06-27,US,Georgia,Burke,138,6,0,33.05917989,-81.99928721,13033.0,616.5393378903632,4.3478260869565215,132,138,6,0,132,138,22423,0,0,0,0,0
2020-06-27,US,Georgia,Butts,263,33,0,33.283094500000004,-83.95435040000002,13035.0,1054.7000320821305,12.547528517110267,230,261,33,0,228,260,24193,2,0,0,2,1
2020-06-27,US,Georgia,Calhoun,161,5,0,31.53169785,-84.62725131,13037.0,2601.389562126353,3.1055900621118013,156,161,5,0,156,161,6352,0,0,0,0,0
2020-06-27,US,Georgia,Camden,114,2,0,30.92951916,-81.66601818,13039.0,208.53912852595764,1.7543859649122806,112,112,1,0,111,106,53677,2,1,0,1,6
2020-06-27,US,Georgia,Candler,29,0,0,32.40209349,-82.07702563,13043.0,268.4439507544201,0.0,29,29,0,0,29,25,10836,0,0,0,0,4
2020-06-27,US,Georgia,Carroll,669,39,0,33.58138199,-85.07976677,13045.0,557.5371691446096,5.829596412556054,630,658,39,0,619,651,118121,11,0,0,11,7
2020-06-27,US,Georgia,Catoosa,303,7,0,34.89872298,-85.13757014,13047.0,448.3575022195916,2.31023102310231,296,302,7,0,295,297,67420,1,0,0,1,5
2020-06-27,US,Georgia,Charlton,43,2,0,30.78371028,-82.13951596,13049.0,321.08721624850665,4.651162790697675,41,43,2,0,41,41,12968,0,0,0,0,2
2020-06-27,US,Georgia,Chatham,1088,37,0,32.00043026,-81.12489526,13051.0,375.9112738831497,3.4007352941176467,1051,1044,37,0,1007,999,289195,44,0,0,44,45
2020-06-27,US,Georgia,Chattahoochee,398,0,0,32.34341231,-84.78809239,13053.0,3649.0327312734944,0.0,398,393,0,0,393,363,10684,5,0,0,5,30
2020-06-27,US,Georgia,Chattooga,56,2,0,34.47197698,-85.34535662,13055.0,225.90665214409614,3.571428571428572,54,56,2,0,54,53,24790,0,0,0,0,3
2020-06-27,US,Georgia,Cherokee,1219,44,0,34.24393976,-84.47431861,13057.0,471.0692382899298,3.609515996718622,1175,1189,44,0,1145,1177,254149,30,0,0,30,12
2020-06-27,US,Georgia,Clarke,481,15,0,33.95436462,-83.37124007,13059.0,374.8120095690052,3.1185031185031185,466,463,15,0,448,441,127330,18,0,0,18,22
2020-06-27,US,Georgia,Clay,57,2,0,31.62221166,-84.97713865,13061.0,2011.2914608327453,3.5087719298245608,55,56,2,0,54,56,2887,1,0,0,1,0
2020-06-27,US,Georgia,Clayton,1864,79,0,33.54187245,-84.35594188,13063.0,637.796999890507,4.238197424892704,1785,1825,79,0,1746,1781,289615,39,0,0,39,44
2020-06-27,US,Georgia,Clinch,100,3,0,30.91395822,-82.70432472,13065.0,1511.030522816561,3.0,97,100,3,0,97,98,6648,0,0,0,0,2
2020-06-27,US,Georgia,Cobb,4526,239,0,33.94243204,-84.5761255,13067.0,595.4158504803714,5.280600972160848,4287,4433,238,0,4195,4347,756865,93,1,0,92,86
2020-06-27,US,Georgia,Coffee,483,17,0,31.54892966,-82.85492059999999,13069.0,1116.1694359069163,3.519668737060041,466,484,17,0,467,484,43093,-1,0,0,-1,0
2020-06-27,US,Georgia,Colquitt,895,18,0,31.18810588,-83.7677946,13071.0,1962.719298245614,2.011173184357542,877,837,18,0,819,803,45592,58,0,0,58,34
2020-06-27,US,Georgia,Columbia,410,9,0,33.54534185,-82.263524,13073.0,261.62308408948786,2.1951219512195124,401,392,9,0,383,377,154291,18,0,0,18,15
2020-06-27,US,Georgia,Cook,126,1,0,31.16068491,-83.42947229,13075.0,729.5888824551245,0.7936507936507936,125,123,1,0,122,114,17162,3,0,0,3,9
2020-06-27,US,Georgia,Coweta,634,15,0,33.35334302,-84.76129976,13077.0,426.91015359338485,2.3659305993690847,619,615,15,0,600,600,145864,19,0,0,19,15
2020-06-27,US,Georgia,Crawford,39,0,0,32.71391813,-83.98061238,13079.0,314.41470493389227,0.0,39,39,0,0,39,39,12318,0,0,0,0,0
2020-06-27,US,Georgia,Crisp,267,12,0,31.92289565,-83.76811843,13081.0,1193.456105846594,4.49438202247191,255,266,12,0,254,265,22601,1,0,0,1,1
2020-06-27,US,Georgia,Dade,63,1,0,34.854916700000004,-85.50490424,13083.0,390.91586001489196,1.5873015873015872,62,63,1,0,62,62,16226,0,0,0,0,1
2020-06-27,US,Georgia,Dawson,131,3,0,34.44244079,-84.16964071,13085.0,501.7619120576069,2.2900763358778624,128,131,3,0,128,128,25083,0,0,0,0,3
2020-06-27,US,Georgia,DeKalb,5404,171,0,33.76944049,-84.22396017,13089.0,711.7109642208518,3.1643227239082163,5233,5322,171,0,5151,5258,756558,82,0,0,82,64
2020-06-27,US,Georgia,Decatur,249,8,0,30.87967778,-84.57619536,13087.0,943.0389334949249,3.21285140562249,241,249,8,0,241,248,26575,0,0,0,0,1
2020-06-27,US,Georgia,Dodge,88,2,0,32.17265114,-83.16948926,13091.0,427.08080562970156,2.272727272727273,86,84,2,0,82,77,20705,4,0,0,4,7
2020-06-27,US,Georgia,Dooly,200,12,0,32.15630737,-83.79746561,13093.0,1493.6519790888724,6.0,188,197,12,0,185,196,13706,3,0,0,3,1
2020-06-27,US,Georgia,Dougherty,1883,154,0,31.53328528,-84.21722377,13095.0,2140.843148847151,8.178438661710038,1729,1873,154,0,1719,1870,91243,10,0,0,10,3
2020-06-27,US,Georgia,Douglas,864,36,0,33.70291126,-84.77026156,13097.0,590.3938008650911,4.166666666666667,828,843,36,0,807,821,145331,21,0,0,21,22
2020-06-27,US,Georgia,Early,260,31,0,31.32155345,-84.90255207,13099.0,2551.521099116781,11.923076923076925,229,259,31,0,228,258,10247,1,0,0,1,1
2020-06-27,US,Georgia,Echols,181,0,0,30.71101099,-82.89687287,13101.0,4518.222666000998,0.0,181,180,0,0,180,177,4000,1,0,0,1,3
2020-06-27,US,Georgia,Effingham,123,1,0,32.36616021,-81.34280942,13103.0,191.3027248973497,0.8130081300813008,122,122,1,0,121,117,62190,1,0,0,1,5
2020-06-27,US,Georgia,Elbert,97,0,0,34.11302332,-82.83936148,13105.0,505.36626028967385,0.0,97,97,0,0,97,94,19120,0,0,0,0,3
2020-06-27,US,Georgia,Emanuel,101,3,0,32.59221302,-82.30239915,13107.0,445.9948776825929,2.9702970297029703,98,95,3,0,92,87,22612,6,0,0,6,8
2020-06-27,US,Georgia,Evans,18,0,0,32.15328841,-81.8870105,13109.0,168.95062887178526,0.0,18,18,0,0,18,17,10721,0,0,0,0,1
2020-06-27,US,Georgia,Fannin,94,1,0,34.86430205,-84.316964,13111.0,358.94302734076683,1.0638297872340423,93,94,1,0,93,94,25964,0,0,0,0,0
2020-06-27,US,Georgia,Fayette,324,17,0,33.41357794,-84.49089434,13113.0,283.1648036636631,5.246913580246914,307,322,17,0,305,314,113459,2,0,0,2,8
2020-06-27,US,Georgia,Floyd,493,15,0,34.26268279,-85.21577392,13115.0,500.51777701070085,3.042596348884381,478,487,15,0,472,466,97927,6,0,0,6,21
2020-06-27,US,Georgia,Forsyth,778,15,0,34.22604035,-84.12315129999998,13117.0,318.5234921310777,1.9280205655526992,763,756,15,0,741,737,236612,22,0,0,22,19
2020-06-27,US,Georgia,Franklin,181,1,0,34.37525597,-83.23159927,13119.0,775.1937984496125,0.5524861878453039,180,172,1,0,171,170,23023,9,0,0,9,2
2020-06-27,US,Georgia,Fulton,6506,311,0,33.79216944,-84.46319413,13121.0,611.5023727908701,4.780202889640332,6195,6350,311,0,6039,6163,1050114,156,0,0,156,187
2020-06-27,US,Georgia,Gilmer,181,2,0,34.69316688,-84.45802506,13123.0,577.0027734387453,1.1049723756906078,179,181,2,0,179,181,30816,0,0,0,0,0
2020-06-27,US,Georgia,Glascock,5,0,0,33.22879932,-82.61297636,13125.0,168.2935038707506,0.0,5,5,0,0,5,3,2995,0,0,0,0,2
2020-06-27,US,Georgia,Glynn,538,4,0,31.23279254,-81.53811412,13127.0,630.7742812925012,0.7434944237918215,534,505,3,0,502,471,85219,33,1,0,32,34
2020-06-27,US,Georgia,Gordon,345,18,0,34.50487351,-84.87296253,13129.0,595.2072874074839,5.217391304347826,327,337,18,0,319,329,57685,8,0,0,8,8
2020-06-27,US,Georgia,Grady,181,4,0,30.87454847,-84.23418364,13131.0,734.7866682905046,2.209944751381216,177,177,4,0,173,174,24748,4,0,0,4,3
2020-06-27,US,Georgia,Greene,97,9,0,33.5769205,-83.17139104,13133.0,529.3604016590264,9.278350515463918,88,96,9,0,87,91,17698,1,0,0,1,5
2020-06-27,US,Georgia,Gwinnett,7604,169,0,33.96044201,-84.02137802,13135.0,812.1762349799733,2.222514466070489,7435,7463,168,0,7295,7223,927781,141,1,0,140,240
2020-06-27,US,Georgia,Habersham,659,35,0,34.63331566,-83.53094677,13137.0,1453.8475114719379,5.311077389984827,624,656,35,0,621,648,45388,3,0,0,3,8
2020-06-27,US,Georgia,Hall,3101,59,0,34.32207823,-83.81896936,13139.0,1516.8190333641492,1.9026120606256047,3042,3075,59,0,3016,3048,202148,26,0,0,26,27
2020-06-27,US,Georgia,Hancock,210,32,0,33.2721566,-82.99766919,13141.0,2483.1500532103587,15.238095238095234,178,210,32,0,178,209,8348,0,0,0,0,1
2020-06-27,US,Georgia,Haralson,68,5,0,33.79602175,-85.21005667,13143.0,228.249194414608,7.352941176470589,63,68,5,0,63,67,29533,0,0,0,0,1
2020-06-27,US,Georgia,Harris,304,9,0,32.73709786,-84.90538572,13145.0,862.7540015892838,2.9605263157894735,295,296,9,0,287,286,34475,8,0,0,8,10
2020-06-27,US,Georgia,Hart,55,0,0,34.34626973,-82.96567682,13147.0,209.883609998092,0.0,55,53,0,0,53,52,26099,2,0,0,2,1
2020-06-27,US,Georgia,Heard,48,3,0,33.29686567,-85.12886832,13149.0,402.5832424725321,6.25,45,47,3,0,44,47,11879,1,0,0,1,0
2020-06-27,US,Georgia,Henry,1128,33,0,33.4533428,-84.14814659999998,13151.0,480.8983590622482,2.9255319148936163,1095,1093,33,0,1060,1077,230220,35,0,0,35,16
2020-06-27,US,Georgia,Houston,575,23,0,32.45802497,-83.66879087,13153.0,364.239878882322,4.0,552,562,23,0,539,545,155469,13,0,0,13,17
2020-06-27,US,Georgia,Irwin,50,1,0,31.60213036,-83.27501387,13155.0,531.0110450297366,2.0,49,50,1,0,49,48,9398,0,0,0,0,2
2020-06-27,US,Georgia,Jackson,347,10,0,34.13794553,-83.56814788,13157.0,475.4922783890815,2.8818443804034577,337,341,10,0,331,337,70422,6,0,0,6,4
2020-06-27,US,Georgia,Jasper,67,1,0,33.31535543,-83.68844964,13159.0,471.2005063647233,1.492537313432836,66,65,1,0,64,64,14040,2,0,0,2,1
2020-06-27,US,Georgia,Jeff Davis,79,2,0,31.80405727,-82.63724870000001,13161.0,522.6596096592789,2.5316455696202533,77,78,2,0,76,77,15029,1,0,0,1,1
2020-06-27,US,Georgia,Jefferson,86,1,0,33.05867328,-82.41609057,13163.0,559.8229397213904,1.162790697674419,85,86,1,0,85,80,15430,0,0,0,0,6
2020-06-27,US,Georgia,Jenkins,94,11,0,32.79248718,-81.96040187,13165.0,1083.4485938220378,11.702127659574465,83,94,11,0,83,94,8683,0,0,0,0,0
2020-06-27,US,Georgia,Johnson,85,2,0,32.70211082,-82.66166794,13167.0,881.4684226900342,2.3529411764705883,83,84,2,0,82,84,9708,1,0,0,1,0
2020-06-27,US,Georgia,Jones,61,0,0,33.02512137,-83.56019163,13169.0,212.28467026274575,0.0,61,61,0,0,61,52,28616,0,0,0,0,9
2020-06-27,US,Georgia,Lamar,110,6,0,33.07841647,-84.14263877,13171.0,576.6105781831525,5.454545454545454,104,107,6,0,101,107,19000,3,0,0,3,0
2020-06-27,US,Georgia,Lanier,127,3,0,31.03828570000001,-83.06472457,13173.0,1218.4591768204932,2.3622047244094486,124,124,3,0,121,122,10340,3,0,0,3,2
2020-06-27,US,Georgia,Laurens,151,1,0,32.46325233,-82.92221316,13175.0,317.5871787321752,0.6622516556291391,150,147,1,0,146,146,47325,4,0,0,4,1
2020-06-27,US,Georgia,Lee,385,22,0,31.779330600000005,-84.14324253,13177.0,1283.675646839157,5.7142857142857135,363,386,22,0,364,386,29764,-1,0,0,-1,0
2020-06-27,US,Georgia,Liberty,114,1,0,31.82588896,-81.49251135,13179.0,185.5619760722715,0.8771929824561403,113,112,1,0,111,112,61497,2,0,0,2,0
2020-06-27,US,Georgia,Lincoln,33,1,0,33.79201475,-82.45024131,13181.0,416.6140638808232,3.0303030303030303,32,32,1,0,31,30,7915,1,0,0,1,2
2020-06-27,US,Georgia,Long,36,1,0,31.75218791,-81.74952375,13183.0,184.0584896978373,2.7777777777777777,35,36,1,0,35,33,18998,0,0,0,0,3
2020-06-27,US,Georgia,Lowndes,1129,9,0,30.83568832,-83.27056716,13185.0,961.6203601178817,0.7971656333038086,1120,1087,9,0,1078,1040,116321,42,0,0,42,47
2020-06-27,US,Georgia,Lumpkin,134,3,0,34.57286511,-84.00425681,13187.0,398.69086581374586,2.238805970149253,131,130,3,0,127,126,32955,4,0,0,4,4
2020-06-27,US,Georgia,Macon,113,9,0,32.35207048,-84.04234127,13193.0,872.7890631034218,7.9646017699115035,104,113,9,0,104,113,13143,0,0,0,0,0
2020-06-27,US,Georgia,Madison,87,4,0,34.12920917,-83.21218732,13195.0,291.16465863453817,4.597701149425287,83,86,4,0,82,86,29650,1,0,0,1,0
2020-06-27,US,Georgia,Marion,78,2,0,32.3483402,-84.52733571,13197.0,933.1259720062206,2.5641025641025643,76,77,2,0,75,77,8351,1,0,0,1,0
2020-06-27,US,Georgia,McDuffie,89,6,0,33.47851918,-82.48252774,13189.0,417.6051051051051,6.741573033707866,83,87,6,0,81,84,21531,2,0,0,2,3
2020-06-27,US,Georgia,McIntosh,30,1,0,31.49683595,-81.40163426,13191.0,208.6521073862846,3.333333333333333,29,29,1,0,28,29,14340,1,0,0,1,0
2020-06-27,US,Georgia,Meriwether,175,2,0,33.04163534,-84.68859732,13199.0,826.7586337223037,1.1428571428571428,173,174,2,0,172,167,21068,1,0,0,1,7
2020-06-27,US,Georgia,Miller,47,0,0,31.16568912,-84.73151117,13201.0,821.9657222805175,0.0,47,47,0,0,47,45,5686,0,0,0,0,2
2020-06-27,US,Georgia,Mitchell,444,38,0,31.22483255,-84.19381821,13205.0,2030.828340118008,8.558558558558559,406,443,38,0,405,443,22192,1,0,0,1,0
2020-06-27,US,Georgia,Monroe,154,16,0,33.014289,-83.92097166,13207.0,558.4161287983175,10.389610389610391,138,152,16,0,136,142,27520,2,0,0,2,10
2020-06-27,US,Georgia,Montgomery,31,0,0,32.17201038,-82.53527476,13209.0,337.9851722634104,0.0,31,31,0,0,31,28,9193,0,0,0,0,3
2020-06-27,US,Georgia,Morgan,46,0,0,33.59232073,-83.49129491,13211.0,238.63872172649928,0.0,46,46,0,0,46,46,18853,0,0,0,0,0
2020-06-27,US,Georgia,Murray,191,2,0,34.78897608,-84.74993177,13213.0,476.3567438148444,1.0471204188481675,189,188,2,0,186,183,39921,3,0,0,3,5
2020-06-27,US,Georgia,Muscogee,1496,43,0,32.50931999,-84.87142262,13215.0,764.1659302545347,2.8743315508021383,1453,1454,43,0,1411,1428,194160,42,0,0,42,26
2020-06-27,US,Georgia,Newton,561,11,0,33.55514538,-83.84547140000002,13217.0,502.04037800687286,1.96078431372549,550,541,11,0,530,538,109541,20,0,0,20,3
2020-06-27,US,Georgia,Oconee,146,10,0,33.83749973,-83.43679568,13219.0,362.46276067527316,6.849315068493151,136,141,10,0,131,141,39272,5,0,0,5,0
2020-06-27,US,Georgia,Oglethorpe,88,7,0,33.878629600000004,-83.08278123,13221.0,576.7088275771675,7.954545454545454,81,88,7,0,81,87,15054,0,0,0,0,1
2020-06-27,US,Georgia,Out of GA,3919,43,0,0.0,0.0,80013.0,0.0,1.0972186782342437,3876,3453,43,0,3410,3299,,466,0,0,466,154
2020-06-27,US,Georgia,Paulding,554,15,0,33.91969522,-84.86848792,13223.0,328.4578488975318,2.7075812274368234,539,538,15,0,523,522,164044,16,0,0,16,16
2020-06-27,US,Georgia,Peach,98,9,0,32.56934316,-83.82937,13225.0,355.76853263631745,9.183673469387756,89,97,9,0,88,95,27297,1,0,0,1,2
2020-06-27,US,Georgia,Pickens,88,5,0,34.46589159,-84.46406611,13227.0,270.0131938265165,5.6818181818181825,83,85,5,0,80,85,31980,3,0,0,3,0
2020-06-27,US,Georgia,Pierce,158,4,0,31.35928155,-82.21598442,13229.0,811.713331620858,2.5316455696202533,154,156,4,0,152,155,19389,2,0,0,2,1
2020-06-27,US,Georgia,Pike,87,3,0,33.09310242,-84.38790389,13231.0,458.8123615652357,3.4482758620689653,84,87,3,0,84,87,18634,0,0,0,0,0
2020-06-27,US,Georgia,Polk,203,1,0,34.00267074,-85.18677781,13233.0,476.38044728134605,0.4926108374384237,202,200,1,0,199,197,42470,3,0,0,3,3
2020-06-27,US,Georgia,Pulaski,49,2,0,32.23334561,-83.47549959999998,13235.0,439.97485857950966,4.081632653061225,47,48,2,0,46,47,11069,1,0,0,1,1
2020-06-27,US,Georgia,Putnam,136,12,0,33.32056115,-83.37552891,13237.0,614.8560061485599,8.823529411764708,124,131,12,0,119,128,21809,5,0,0,5,3
2020-06-27,US,Georgia,Quitman,15,1,0,31.86728114,-85.01773177,13239.0,652.4575902566334,6.666666666666668,14,15,1,0,14,15,2279,0,0,0,0,0
2020-06-27,US,Georgia,Rabun,41,3,0,34.88389445,-83.40304637,13241.0,239.24840987337342,7.317073170731707,38,39,3,0,36,40,16867,2,0,0,2,-1
2020-06-27,US,Georgia,Randolph,197,25,0,31.76622818,-84.75732369,13243.0,2906.4620832103865,12.690355329949238,172,197,25,0,172,197,6833,0,0,0,0,0
2020-06-27,US,Georgia,Richmond,822,48,0,33.35777107,-82.07026432,13245.0,405.8898468284301,5.8394160583941614,774,813,48,0,765,802,201554,9,0,0,9,11
2020-06-27,US,Georgia,Rockdale,430,11,0,33.65145002,-84.02202167,13247.0,473.06812180954057,2.5581395348837206,419,419,11,0,408,415,90594,11,0,0,11,4
2020-06-27,US,Georgia,Schley,24,1,0,32.2654021,-84.31258912,13249.0,456.534144949591,4.166666666666667,23,24,1,0,23,23,5236,0,0,0,0,1
2020-06-27,US,Georgia,Screven,89,6,0,32.74976524,-81.60779441,13251.0,637.2619218101103,6.741573033707866,83,88,6,0,82,87,13938,1,0,0,1,1
2020-06-27,US,Georgia,Seminole,50,2,0,30.93464824,-84.86823924,13253.0,618.0469715698392,4.0,48,50,2,0,48,49,8315,0,0,0,0,1
2020-06-27,US,Georgia,Spalding,380,32,0,33.26310031,-84.28013991,13255.0,569.6895192120295,8.421052631578947,348,368,32,0,336,365,66100,12,0,0,12,3
2020-06-27,US,Georgia,Stephens,195,6,0,34.55151201,-83.29405315,13257.0,752.1697203471552,3.0769230769230766,189,194,6,0,188,190,26035,1,0,0,1,4
2020-06-27,US,Georgia,Stewart,111,3,0,32.07996777,-84.83208037,13259.0,1676.4839148164926,2.702702702702702,108,110,3,0,107,106,6199,1,0,0,1,4
2020-06-27,US,Georgia,Sumter,550,50,0,32.03650571,-84.19821492,13261.0,1862.891207153502,9.090909090909092,500,548,50,0,498,542,29733,2,0,0,2,6
2020-06-27,US,Georgia,Talbot,68,2,0,32.69642758,-84.53351366,13263.0,1097.6594027441486,2.9411764705882355,66,67,2,0,65,66,6272,1,0,0,1,1
2020-06-27,US,Georgia,Taliaferro,2,0,0,33.56543317,-82.88136816,13265.0,130.1236174365647,0.0,2,2,0,0,2,2,1608,0,0,0,0,0
2020-06-27,US,Georgia,Tattnall,119,0,0,32.04785085,-82.05539188,13267.0,470.61615122992964,0.0,119,109,0,0,109,103,25391,10,0,0,10,6
2020-06-27,US,Georgia,Taylor,27,2,0,32.55792548,-84.25077141,13269.0,336.65835411471323,7.407407407407407,25,27,2,0,25,27,8039,0,0,0,0,0
2020-06-27,US,Georgia,Telfair,89,3,0,31.92829517,-82.93491155,13271.0,561.1601513240857,3.3707865168539324,86,80,3,0,77,74,15876,9,0,0,9,6
2020-06-27,US,Georgia,Terrell,224,27,0,31.77527543,-84.44069698,13273.0,2625.717969757356,12.053571428571427,197,224,27,0,197,222,8611,0,0,0,0,2
2020-06-27,US,Georgia,Thomas,415,32,0,30.86392347,-83.91847289,13275.0,933.6122921869023,7.710843373493977,383,408,32,0,376,399,44448,7,0,0,7,9
2020-06-27,US,Georgia,Tift,686,25,0,31.45743864,-83.5236119,13277.0,1687.8260013778174,3.6443148688046647,661,679,25,0,654,642,40571,7,0,0,7,37
2020-06-27,US,Georgia,Toombs,225,5,0,32.12059861,-82.32957247,13279.0,838.6134923592994,2.2222222222222223,220,221,5,0,216,212,26887,4,0,0,4,9
2020-06-27,US,Georgia,Towns,38,1,0,34.91369188,-83.74107459999998,13281.0,315.69327905624317,2.631578947368421,37,38,1,0,37,37,11852,0,0,0,0,1
2020-06-27,US,Georgia,Treutlen,23,1,0,32.40422134,-82.56904553,13283.0,333.28503115490514,4.3478260869565215,22,22,1,0,21,20,6809,1,0,0,1,2
2020-06-27,US,Georgia,Troup,1300,31,0,33.03349196,-85.02812115,13285.0,1859.2145533594573,2.3846153846153846,1269,1277,31,0,1246,1233,70034,23,0,0,23,44
2020-06-27,US,Georgia,Turner,175,16,0,31.71612656,-83.62069378,13287.0,2191.6092673763305,9.142857142857142,159,173,16,0,157,172,7912,2,0,0,2,1
2020-06-27,US,Georgia,Twiggs,23,1,0,32.67435595,-83.43078662,13289.0,283.25123152709364,4.3478260869565215,22,23,1,0,22,23,8188,0,0,0,0,0
2020-06-27,US,Georgia,Unassigned,1593,2,0,0.0,0.0,90013.0,0.0,0.12554927809165098,1591,1469,2,0,1467,1341,,124,0,0,124,128
2020-06-27,US,Georgia,Union,67,3,0,34.82995757,-83.98967069,13291.0,273.34666068295866,4.477611940298506,64,67,3,0,64,62,24001,0,0,0,0,5
2020-06-27,US,Georgia,Upson,348,43,0,32.87920671,-84.30024826,13293.0,1322.1884498480242,12.35632183908046,305,343,43,0,300,343,26215,5,0,0,5,0
2020-06-27,US,Georgia,Walker,313,11,0,34.73376362,-85.30165174,13295.0,448.67476096959615,3.514376996805112,302,310,11,0,299,302,69410,3,0,0,3,8
2020-06-27,US,Georgia,Walton,381,28,0,33.78017694,-83.73552314,13297.0,402.77821826139353,7.349081364829396,353,377,28,0,349,371,93503,4,0,0,4,6
2020-06-27,US,Georgia,Ware,394,15,0,31.05449097,-82.42224148,13299.0,1102.5913695640006,3.807106598984772,379,388,15,0,373,372,35680,6,0,0,6,16
2020-06-27,US,Georgia,Warren,19,0,0,33.41146451,-82.67795848,13301.0,361.6292348686714,0.0,19,19,0,0,19,19,5251,0,0,0,0,0
2020-06-27,US,Georgia,Washington,91,1,0,32.96711864,-82.79357039,13303.0,446.6476882300972,1.0989010989010992,90,91,1,0,90,90,20386,0,0,0,0,1
2020-06-27,US,Georgia,Wayne,55,0,0,31.5521809,-81.91894878,13305.0,183.78053262939818,0.0,55,53,0,0,53,52,29808,2,0,0,2,1
2020-06-27,US,Georgia,Webster,21,1,0,32.04066113,-84.54742852,13307.0,805.5235903337169,4.761904761904762,20,20,1,0,19,20,2611,1,0,0,1,0
2020-06-27,US,Georgia,Wheeler,43,0,0,32.12009104,-82.72574721,13309.0,547.422024188415,0.0,43,43,0,0,43,42,7879,0,0,0,0,1
2020-06-27,US,Georgia,White,139,4,0,34.64624278,-83.74905525,13311.0,451.32800831222806,2.8776978417266186,135,136,4,0,132,134,29970,3,0,0,3,2
2020-06-27,US,Georgia,Whitfield,976,10,0,34.80987459,-84.96093476,13313.0,932.8286883052338,1.024590163934426,966,917,10,0,907,890,104062,59,0,0,59,27
2020-06-27,US,Georgia,Wilcox,126,15,0,31.97496928,-83.43438555,13315.0,1459.177764910249,11.904761904761903,111,125,15,0,110,123,8812,1,0,0,1,2
2020-06-27,US,Georgia,Wilkes,52,1,0,33.78290391,-82.74286107,13317.0,531.8604889025263,1.9230769230769231,51,52,1,0,51,52,9876,0,0,0,0,0
2020-06-27,US,Georgia,Wilkinson,75,8,0,32.80291082,-83.17140684,13319.0,837.6144739781104,10.666666666666666,67,74,8,0,66,74,9036,1,0,0,1,0
2020-06-27,US,Georgia,Worth,300,21,0,31.55162306,-83.85090513,13321.0,1481.700992739665,7.0,279,296,21,0,275,295,20299,4,0,0,4,1
2020-06-27,US,Hawaii,Hawaii,86,0,0,19.60121157,-155.5210167,15001.0,42.677147380069776,0.0,86,86,0,0,86,86,200983,0,0,0,0,0
2020-06-27,US,Hawaii,Honolulu,613,12,0,21.45803166,-157.97121819999995,15003.0,62.8999869685182,1.9575856443719413,601,608,11,0,597,595,980080,5,1,0,4,13
2020-06-27,US,Hawaii,Kauai,35,0,0,22.03935037,-159.5966786,15007.0,48.41409265074074,0.0,35,34,0,0,34,34,72133,1,0,0,1,0
2020-06-27,US,Hawaii,Maui,122,6,0,20.86399628,-156.56890969999995,15009.0,72.87193056858024,4.918032786885246,116,122,6,0,116,122,167207,0,0,0,0,0
2020-06-27,US,Hawaii,Out of HI,16,0,0,0.0,0.0,80015.0,0.0,0.0,16,16,0,0,16,14,,0,0,0,0,2
2020-06-27,US,Idaho,Ada,1841,23,0,43.4526575,-116.24155159999998,16001.0,382.2777608199557,1.249321021184139,1818,1585,23,0,1562,1585,469966,256,0,0,256,0
2020-06-27,US,Idaho,Adams,10,0,0,44.89333571,-116.4545247,16003.0,232.8830926874709,0.0,10,10,0,0,10,10,4250,0,0,0,0,0
2020-06-27,US,Idaho,Bannock,95,1,0,42.67002716,-112.2233311,16005.0,108.1905976676385,1.0526315789473684,94,88,1,0,87,88,87138,7,0,0,7,0
2020-06-27,US,Idaho,Benewah,21,0,0,47.21754179,-116.6586851,16009.0,225.85502258550227,0.0,21,21,0,0,21,21,9226,0,0,0,0,0
2020-06-27,US,Idaho,Bingham,36,0,0,43.21672879999999,-112.3978437,16011.0,76.90500096131251,0.0,36,33,0,0,33,33,46236,3,0,0,3,0
2020-06-27,US,Idaho,Blaine,529,5,0,43.4085812,-113.9752658,16013.0,2297.90191564224,0.9451795841209829,524,528,5,0,523,528,22601,1,0,0,1,0
2020-06-27,US,Idaho,Boise,2,0,0,43.98829931,-115.7309284,16015.0,25.539522410930914,0.0,2,1,0,0,1,1,7634,1,0,0,1,0
2020-06-27,US,Idaho,Bonner,24,0,0,48.29996017,-116.6017932,16017.0,52.47163252366689,0.0,24,24,0,0,24,24,44727,0,0,0,0,0
2020-06-27,US,Idaho,Bonneville,107,1,0,43.38713372,-111.6161537,16019.0,89.86914380742806,0.9345794392523364,106,106,1,0,105,106,116854,1,0,0,1,0
2020-06-27,US,Idaho,Boundary,1,0,0,48.76684761,-116.4630179,16021.0,8.166598611678237,0.0,1,,,,,,11948,,,,,
2020-06-27,US,Idaho,Camas,1,0,0,43.46665742,-114.8065892,16025.0,90.41591320072331,0.0,1,1,0,0,1,1,1127,0,0,0,0,0
2020-06-27,US,Idaho,Canyon,692,6,0,43.61970148,-116.70954990000001,16027.0,301.06722239383254,0.8670520231213873,686,601,6,0,595,601,223499,91,0,0,91,0
2020-06-27,US,Idaho,Caribou,10,0,0,42.77149116,-111.5597683,16029.0,139.7624039133473,0.0,10,9,0,0,9,9,7060,1,0,0,1,0
2020-06-27,US,Idaho,Cassia,209,1,0,42.28347888,-113.6012409,16031.0,869.746150645027,0.4784688995215311,208,193,1,0,192,193,23864,16,0,0,16,0
2020-06-27,US,Idaho,Clearwater,1,0,0,46.67459924,-115.6622393,16035.0,11.420740063956144,0.0,1,,,,,,8758,,,,,
2020-06-27,US,Idaho,Custer,3,0,0,44.24186819,-114.2855494,16037.0,69.52491309385863,0.0,3,3,0,0,3,3,4280,0,0,0,0,0
2020-06-27,US,Idaho,Elmore,52,2,0,43.3507101,-115.4701578,16039.0,189.01530296972118,3.8461538461538463,50,47,2,0,45,47,27259,5,0,0,5,0
2020-06-27,US,Idaho,Franklin,23,0,0,42.18332217,-111.81496659999999,16041.0,165.75381954453732,0.0,23,21,0,0,21,21,13726,2,0,0,2,0
2020-06-27,US,Idaho,Fremont,5,0,0,44.22800938,-111.48099429999999,16043.0,38.17085273685015,0.0,5,4,0,0,4,4,13168,1,0,0,1,0
2020-06-27,US,Idaho,Gem,21,0,0,44.06482372,-116.398376,16045.0,115.9452296819788,0.0,21,20,0,0,20,20,17634,1,0,0,1,0
2020-06-27,US,Idaho,Gooding,62,1,0,42.96927962,-114.81083059999999,16047.0,408.45905527373344,1.6129032258064515,61,62,1,0,61,62,15196,0,0,0,0,0
2020-06-27,US,Idaho,Idaho,3,0,0,45.84721541,-115.4634436,16049.0,17.999640007199854,0.0,3,3,0,0,3,3,16513,0,0,0,0,0
2020-06-27,US,Idaho,Jefferson,18,0,0,43.82078483,-112.3131749,16051.0,60.259114191021396,0.0,18,16,0,0,16,16,29439,2,0,0,2,0
2020-06-27,US,Idaho,Jerome,232,4,0,42.68891267,-114.2655033,16053.0,950.3522857611013,1.7241379310344829,228,231,3,0,228,231,24015,1,1,0,0,0
2020-06-27,US,Idaho,Kootenai,187,1,0,47.67282258,-116.7020872,16055.0,112.85659969703735,0.5347593582887701,186,171,1,0,170,171,161505,16,0,0,16,0
2020-06-27,US,Idaho,Latah,11,0,0,46.81587887,-116.71136979999999,16057.0,27.425949935175023,0.0,11,10,0,0,10,10,40134,1,0,0,1,0
2020-06-27,US,Idaho,Lemhi,2,0,0,44.9438088,-113.9309747,16059.0,24.915908807773768,0.0,2,2,0,0,2,2,7961,0,0,0,0,0
2020-06-27,US,Idaho,Lincoln,36,0,0,43.0012336,-114.1358773,16063.0,670.8907938874395,0.0,36,36,0,0,36,36,5360,0,0,0,0,0
2020-06-27,US,Idaho,Madison,33,0,0,43.78141028,-111.65384740000002,16065.0,82.69225950334528,0.0,33,31,0,0,31,31,39304,2,0,0,2,0
2020-06-27,US,Idaho,Minidoka,153,0,0,42.85518524,-113.6357257,16067.0,727.2208755168973,0.0,153,138,0,0,138,138,20825,15,0,0,15,0
2020-06-27,US,Idaho,Nez Perce,93,19,0,46.32638236,-116.75009750000001,16069.0,230.1524450603841,20.43010752688172,74,91,19,0,72,91,40408,2,0,0,2,0
2020-06-27,US,Idaho,Owyhee,34,0,0,42.58016894,-116.16938710000001,16073.0,287.5750655501988,0.0,34,33,0,0,33,33,11693,1,0,0,1,0
2020-06-27,US,Idaho,Payette,82,2,0,44.00545243,-116.7647695,16075.0,342.36566322909266,2.4390243902439024,80,73,2,0,71,73,23551,9,0,0,9,0
2020-06-27,US,Idaho,Power,16,0,0,42.69254894,-112.83957420000002,16077.0,208.30621012888943,0.0,16,16,0,0,16,16,7768,0,0,0,0,0
2020-06-27,US,Idaho,Teton,16,0,0,43.75303583,-111.2056773,16081.0,131.77400757700545,0.0,16,14,0,0,14,14,11640,2,0,0,2,0
2020-06-27,US,Idaho,Twin Falls,551,25,0,42.35440512,-114.6685381,16083.0,634.2227031009003,4.537205081669692,526,540,25,0,515,540,86081,11,0,0,11,0
2020-06-27,US,Idaho,Unassigned,1,0,0,0.0,0.0,90016.0,0.0,0.0,1,1,0,0,1,1,,0,0,0,0,0
2020-06-27,US,Idaho,Valley,11,0,0,44.76728382,-115.5676773,16085.0,96.55898876404493,0.0,11,5,0,0,5,5,11041,6,0,0,6,0
2020-06-27,US,Idaho,Washington,98,0,0,44.45275475,-116.78476880000001,16087.0,961.3498136158523,0.0,98,97,0,0,97,97,10161,1,0,0,1,0
2020-06-27,US,Illinois,Adams,77,1,0,39.98815591,-91.18786813,17001.0,117.6740276610377,1.2987012987012987,76,76,1,0,75,71,65691,1,0,0,1,5
2020-06-27,US,Illinois,Alexander,22,0,0,37.18049267,-89.32910838,17003.0,381.87814615518135,0.0,22,21,0,0,21,21,6060,1,0,0,1,0
2020-06-27,US,Illinois,Bond,13,1,0,38.88829622,-89.43534887,17005.0,79.14282235480336,7.6923076923076925,12,12,1,0,11,12,16630,1,0,0,1,0
2020-06-27,US,Illinois,Boone,572,21,0,42.32359279,-88.82345779,17007.0,1068.280292843269,3.6713286713286712,551,568,21,0,547,567,53577,4,0,0,4,1
2020-06-27,US,Illinois,Brown,10,0,0,39.96209138,-90.75068024,17009.0,152.02189115232594,0.0,10,10,0,0,10,10,6556,0,0,0,0,0
2020-06-27,US,Illinois,Bureau,24,1,0,41.40385234,-89.5283051,17011.0,73.55645457888929,4.166666666666667,23,24,1,0,23,24,32993,0,0,0,0,0
2020-06-27,US,Illinois,Calhoun,1,0,0,39.16840183,-90.66330078,17013.0,21.101498206372653,0.0,1,1,0,0,1,1,4802,0,0,0,0,0
2020-06-27,US,Illinois,Carroll,21,2,0,42.06823429,-89.93395545,17015.0,146.8018175463125,9.523809523809524,19,21,2,0,19,21,14312,0,0,0,0,0
2020-06-27,US,Illinois,Cass,127,1,0,39.96991073,-90.24734436,17017.0,1045.5256441919817,0.7874015748031497,126,121,1,0,120,119,12260,6,0,0,6,2
2020-06-27,US,Illinois,Champaign,837,12,0,40.13919438,-88.20046615,17019.0,399.16256932886324,1.4336917562724014,825,826,12,0,814,814,209983,11,0,0,11,12
2020-06-27,US,Illinois,Christian,43,4,0,39.54581621,-89.27780482,17021.0,133.1104507181773,9.30232558139535,39,42,4,0,38,42,32661,1,0,0,1,0
2020-06-27,US,Illinois,Clark,14,0,0,39.33425789,-87.78705622,17023.0,90.66770286898516,0.0,14,14,0,0,14,14,15596,0,0,0,0,0
2020-06-27,US,Illinois,Clay,2,0,0,38.75388572,-88.48914513,17025.0,15.169902912621357,0.0,2,2,0,0,2,2,13253,0,0,0,0,0
2020-06-27,US,Illinois,Clinton,231,17,0,38.60704876,-89.42385254,17027.0,614.9832277301529,7.359307359307358,214,229,17,0,212,226,37639,2,0,0,2,3
2020-06-27,US,Illinois,Coles,158,17,0,39.51949084,-88.22358557,17029.0,312.12342703621033,10.759493670886075,141,155,17,0,138,155,50885,3,0,0,3,0
2020-06-27,US,Illinois,Cook,89407,4536,0,41.84144849,-87.81658794,17031.0,1735.979711985846,5.073428255058329,84871,89068,4526,0,84542,88650,5180493,339,10,0,329,418
2020-06-27,US,Illinois,Crawford,18,0,0,39.0032229,-87.75954624,17033.0,96.42684952054428,0.0,18,18,0,0,18,18,18807,0,0,0,0,0
2020-06-27,US,Illinois,Cumberland,11,0,0,39.27432424,-88.2401158,17035.0,102.17350919561581,0.0,11,10,0,0,10,10,10808,1,0,0,1,0
2020-06-27,US,Illinois,De Witt,4,0,0,40.17514519,-88.90959682,17039.0,25.57871850620284,0.0,4,4,0,0,4,4,15769,0,0,0,0,0
2020-06-27,US,Illinois,DeKalb,537,18,0,41.89373302,-88.76958483,17037.0,511.9307511177631,3.35195530726257,519,535,18,0,517,534,104143,2,0,0,2,1
2020-06-27,US,Illinois,Douglas,47,0,0,39.76768052,-88.21854195,17041.0,241.45902902645776,0.0,47,45,0,0,45,45,19479,2,0,0,2,0
2020-06-27,US,Illinois,DuPage,8919,468,0,41.85116968,-88.08642662,17043.0,966.3882390800512,5.247225025227044,8451,8879,465,0,8414,8825,928589,40,3,0,37,54
2020-06-27,US,Illinois,Edgar,9,0,0,39.6809186,-87.74759563,17045.0,52.44449624147778,0.0,9,8,0,0,8,8,17360,1,0,0,1,0
2020-06-27,US,Illinois,Edwards,2,0,0,38.41353228,-88.05720863,17047.0,31.27443315089914,0.0,2,2,0,0,2,2,6392,0,0,0,0,0
2020-06-27,US,Illinois,Effingham,11,1,0,39.05935711,-88.58969584,17049.0,32.34533051046812,9.090909090909092,10,11,1,0,10,11,34208,0,0,0,0,0
2020-06-27,US,Illinois,Fayette,23,3,0,39.00072038,-89.02452658,17051.0,107.79902512185976,13.043478260869565,20,23,3,0,20,23,21416,0,0,0,0,0
2020-06-27,US,Illinois,Ford,30,1,0,40.59706922,-88.22350769,17053.0,231.46362163413318,3.333333333333333,29,27,1,0,26,26,13264,3,0,0,3,1
2020-06-27,US,Illinois,Franklin,13,0,0,37.99189086,-88.92567818,17055.0,33.793444071850054,0.0,13,13,0,0,13,13,38701,0,0,0,0,0
2020-06-27,US,Illinois,Fulton,15,0,0,40.47289135,-90.20862357,17057.0,43.680838672102496,0.0,15,15,0,0,15,15,34844,0,0,0,0,0
2020-06-27,US,Illinois,Gallatin,2,0,0,37.76430935,-88.22953869,17059.0,41.42502071251035,0.0,2,2,0,0,2,2,5058,0,0,0,0,0
2020-06-27,US,Illinois,Greene,9,0,0,39.35907414,-90.388865,17061.0,69.39625260235947,0.0,9,9,0,0,9,9,13044,0,0,0,0,0
2020-06-27,US,Illinois,Grundy,160,4,0,41.28569601,-88.41905692,17063.0,313.3936616131939,2.5,156,151,4,0,147,145,50972,9,0,0,9,6
2020-06-27,US,Illinois,Hamilton,4,0,0,38.08163641,-88.53883373,17065.0,49.28536224741252,0.0,4,3,0,0,3,2,8163,1,0,0,1,1
2020-06-27,US,Illinois,Hancock,18,1,0,40.40423981,-91.16313899,17067.0,101.6489722159476,5.5555555555555545,17,18,1,0,17,18,17844,0,0,0,0,0
2020-06-27,US,Illinois,Hardin,1,0,0,37.51810645,-88.26873022,17069.0,26.17115938236064,0.0,1,1,0,0,1,1,3910,0,0,0,0,0
2020-06-27,US,Illinois,Henderson,8,0,0,40.81908672,-90.92491462,17071.0,120.37315678603672,0.0,8,8,0,0,8,8,6709,0,0,0,0,0
2020-06-27,US,Illinois,Henry,79,1,0,41.3533994,-90.13296166,17073.0,161.51125467667083,1.2658227848101269,78,78,1,0,77,78,49090,1,0,0,1,0
2020-06-27,US,Illinois,Iroquois,156,5,0,40.74717633,-87.82466784,17075.0,575.3485284354946,3.2051282051282053,151,155,5,0,150,149,27604,1,0,0,1,6
2020-06-27,US,Illinois,Jackson,329,19,0,37.78595185,-89.38232563,17077.0,579.7356828193832,5.775075987841946,310,329,19,0,310,328,57419,0,0,0,0,1
2020-06-27,US,Illinois,Jasper,46,7,0,39.01054275,-88.15437049,17079.0,478.6680541103018,15.217391304347824,39,46,7,0,39,46,9611,0,0,0,0,0
2020-06-27,US,Illinois,Jefferson,106,17,0,38.29980057,-88.9240025,17081.0,281.2864876340091,16.037735849056602,89,105,17,0,88,105,37820,1,0,0,1,0
2020-06-27,US,Illinois,Jersey,35,1,0,39.08869046,-90.35393073,17083.0,160.74955219767602,2.8571428571428568,34,35,1,0,34,34,21847,0,0,0,0,1
2020-06-27,US,Illinois,Jo Daviess,40,1,0,42.36542373,-90.21094405,17085.0,188.36825994819873,2.5,39,40,1,0,39,39,21366,0,0,0,0,1
2020-06-27,US,Illinois,Johnson,20,0,0,37.45939802,-88.88165419,17087.0,161.0695014898929,0.0,20,20,0,0,20,20,12456,0,0,0,0,0
2020-06-27,US,Illinois,Kane,7604,264,0,41.93842729,-88.42861412,17089.0,1428.2413885721905,3.4718569174118885,7340,7582,261,0,7321,7529,534216,22,3,0,19,53
2020-06-27,US,Illinois,Kankakee,1266,64,0,41.13746989,-87.86205334,17091.0,1152.3547723507672,5.055292259083728,1202,1240,62,0,1178,1173,110024,26,2,0,24,67
2020-06-27,US,Illinois,Kendall,946,20,0,41.59081014,-88.42869583,17093.0,733.390185285681,2.1141649048625792,926,941,20,0,921,940,127915,5,0,0,5,1
2020-06-27,US,Illinois,Knox,124,0,0,40.93148779,-90.21330340000002,17095.0,249.50200205235518,0.0,124,123,0,0,123,121,50112,1,0,0,1,2
2020-06-27,US,Illinois,LaSalle,205,17,0,41.34426129999999,-88.88633881,17099.0,188.64625606198638,8.292682926829269,188,201,17,0,184,199,109430,4,0,0,4,2
2020-06-27,US,Illinois,Lake,9608,414,0,42.3224907,-88.00367925,17097.0,1379.3994558780248,4.3089092422980855,9194,9553,412,0,9141,9514,700832,55,2,0,53,39
2020-06-27,US,Illinois,Lawrence,7,0,0,38.71987914,-87.72884035,17101.0,44.64855211123868,0.0,7,6,0,0,6,6,15765,1,0,0,1,0
2020-06-27,US,Illinois,Lee,97,2,0,41.74583951,-89.29977132,17103.0,284.4908493664946,2.061855670103093,95,96,2,0,94,96,34223,1,0,0,1,0
2020-06-27,US,Illinois,Livingston,42,2,0,40.89188292,-88.55784752,17105.0,117.81867145421906,4.761904761904762,40,42,2,0,40,40,35761,0,0,0,0,2
2020-06-27,US,Illinois,Logan,13,0,0,40.12581572,-89.36638784,17107.0,45.42595569222168,0.0,13,13,0,0,13,13,28925,0,0,0,0,0
2020-06-27,US,Illinois,Macon,227,22,0,39.86064913,-88.96342505,17115.0,218.25034372025502,9.691629955947137,205,227,22,0,205,226,104712,0,0,0,0,1
2020-06-27,US,Illinois,Macoupin,51,3,0,39.26119767,-89.92424028,17117.0,113.5200106842363,5.882352941176472,48,49,3,0,46,50,45313,2,0,0,2,-1
2020-06-27,US,Illinois,Madison,903,68,0,38.83042506,-89.90422563,17119.0,343.3904002798841,7.53045404208195,835,883,68,0,815,872,264461,20,0,0,20,11
2020-06-27,US,Illinois,Marion,65,0,0,38.64963204,-88.91899208,17121.0,174.7077005778793,0.0,65,65,0,0,65,65,37620,0,0,0,0,0
2020-06-27,US,Illinois,Marshall,8,0,0,41.0327901,-89.34510444,17123.0,69.94229760447631,0.0,8,7,0,0,7,7,11534,1,0,0,1,0
2020-06-27,US,Illinois,Mason,22,0,0,40.23917274,-89.91824452,17125.0,164.68298525338722,0.0,22,22,0,0,22,21,13565,0,0,0,0,1
2020-06-27,US,Illinois,Massac,10,0,0,37.22078441,-88.71036614,17127.0,72.61109497531223,0.0,10,9,0,0,9,8,14080,1,0,0,1,1
2020-06-27,US,Illinois,McDonough,100,15,0,40.45674722,-90.67775541,17109.0,336.9045212586753,15.0,85,100,15,0,85,101,29955,0,0,0,0,-1
2020-06-27,US,Illinois,McHenry,1991,97,0,42.32451172,-88.45248227,17111.0,646.9032471878718,4.871923656454043,1894,1975,96,0,1879,1949,308570,16,1,0,15,26
2020-06-27,US,Illinois,McLean,256,13,0,40.48996987,-88.84621113,17113.0,149.25634193695086,5.078125,243,255,13,0,242,254,172828,1,0,0,1,1
2020-06-27,US,Illinois,Menard,24,0,0,40.02742725,-89.80246001,17129.0,196.7858314201377,0.0,24,23,0,0,23,23,12288,1,0,0,1,0
2020-06-27,US,Illinois,Mercer,20,0,0,41.20596782,-90.74290052,17131.0,129.55885210857028,0.0,20,20,0,0,20,20,15601,0,0,0,0,0
2020-06-27,US,Illinois,Monroe,123,13,0,38.27594376,-90.17761038,17133.0,355.111585876375,10.56910569105691,110,120,13,0,107,118,34335,3,0,0,3,2
2020-06-27,US,Illinois,Montgomery,41,1,0,39.23198845,-89.47809254,17135.0,144.29506581262757,2.4390243902439024,40,41,1,0,40,41,28601,0,0,0,0,0
2020-06-27,US,Illinois,Morgan,126,3,0,39.71654544,-90.20255104,17137.0,374.35379404599206,2.380952380952381,123,124,3,0,121,123,33976,2,0,0,2,1
2020-06-27,US,Illinois,Moultrie,17,0,0,39.64187451,-88.62099969,17139.0,117.23329425556858,0.0,17,17,0,0,17,16,14717,0,0,0,0,1
2020-06-27,US,Illinois,Ogle,247,4,0,42.04165196,-89.32184679,17141.0,487.72782023181884,1.6194331983805668,243,243,4,0,239,240,50923,4,0,0,4,3
2020-06-27,US,Illinois,Peoria,468,27,0,40.78702156,-89.76078901,17143.0,261.1913226438366,5.769230769230768,441,463,26,0,437,459,180621,5,1,0,4,4
2020-06-27,US,Illinois,Perry,49,0,0,38.08510853,-89.36856219,17145.0,234.2704149933066,0.0,49,47,0,0,47,46,21174,2,0,0,2,1
2020-06-27,US,Illinois,Piatt,19,0,0,40.01360584,-88.59319339,17147.0,116.25061184532551,0.0,19,19,0,0,19,19,16396,0,0,0,0,0
2020-06-27,US,Illinois,Pike,2,0,0,39.62265059,-90.8877017,17149.0,12.852644431591802,0.0,2,2,0,0,2,2,15611,0,0,0,0,0
2020-06-27,US,Illinois,Pope,1,0,0,37.41391284,-88.56152109,17151.0,23.94062724443381,0.0,1,1,0,0,1,1,4212,0,0,0,0,0
2020-06-27,US,Illinois,Pulaski,74,0,0,37.22631423,-89.13085001,17153.0,1387.0665417057169,0.0,74,72,0,0,72,67,5463,2,0,0,2,5
2020-06-27,US,Illinois,Putnam,1,0,0,41.2013541,-89.2869272,17155.0,17.424638438752392,0.0,1,1,0,0,1,1,5740,0,0,0,0,0
2020-06-27,US,Illinois,Randolph,279,7,0,38.05095369,-89.82512254,17157.0,877.8553898433075,2.508960573476702,272,278,7,0,271,278,32106,1,0,0,1,0
2020-06-27,US,Illinois,Richland,4,0,0,38.71240969,-88.08475366,17159.0,25.78482563011668,0.0,4,4,0,0,4,4,15763,0,0,0,0,0
2020-06-27,US,Illinois,Rock Island,882,28,0,41.46613806,-90.57042164,17161.0,621.6564819317871,3.1746031746031744,854,829,28,0,801,816,143477,53,0,0,53,13
2020-06-27,US,Illinois,Saline,9,0,0,37.75332999,-88.54119706,17165.0,38.31254523008812,0.0,9,8,0,0,8,8,23906,1,0,0,1,0
2020-06-27,US,Illinois,Sangamon,408,31,0,39.75836914,-89.65872023,17167.0,209.58329908769628,7.598039215686273,377,401,31,0,370,399,195348,7,0,0,7,2
2020-06-27,US,Illinois,Schuyler,13,0,0,40.1571798,-90.61114163,17169.0,192.08037825059105,0.0,13,13,0,0,13,13,6907,0,0,0,0,0
2020-06-27,US,Illinois,Shelby,16,1,0,39.39133527,-88.80611122,17173.0,73.95765924008505,6.25,15,16,1,0,15,16,21741,0,0,0,0,0
2020-06-27,US,Illinois,St. Clair,1759,135,0,38.46996033,-89.93063427,17163.0,677.3564997728025,7.674815235929505,1624,1722,133,0,1589,1694,261059,37,2,0,35,28
2020-06-27,US,Illinois,Stark,3,0,0,41.09309773,-89.79745866,17175.0,56.15874204417821,0.0,3,3,0,0,3,3,5427,0,0,0,0,0
2020-06-27,US,Illinois,Stephenson,268,5,0,42.35129217,-89.662598,17177.0,602.2742595172816,1.8656716417910448,263,265,5,0,260,261,44753,3,0,0,3,4
2020-06-27,US,Illinois,Tazewell,117,7,0,40.50716185,-89.51404662,17179.0,88.7688444117357,5.982905982905983,110,115,7,0,108,114,132328,2,0,0,2,1
2020-06-27,US,Illinois,Unassigned,29,0,0,0.0,0.0,90017.0,0.0,0.0,29,29,0,0,29,39,,0,0,0,0,-10
2020-06-27,US,Illinois,Union,183,19,0,37.47119609,-89.25548938,17181.0,1098.901098901099,10.382513661202186,164,183,18,0,165,181,16841,0,1,0,-1,2
2020-06-27,US,Illinois,Vermilion,58,2,0,40.18417171,-87.73384359,17183.0,76.55957126640091,3.4482758620689653,56,54,2,0,52,52,76806,4,0,0,4,2
2020-06-27,US,Illinois,Wabash,22,0,0,38.44272901,-87.84922065,17185.0,190.97222222222226,0.0,22,22,0,0,22,22,11549,0,0,0,0,0
2020-06-27,US,Illinois,Warren,133,0,0,40.84925021,-90.6147432,17187.0,789.5986701496083,0.0,133,133,0,0,133,131,17032,0,0,0,0,2
2020-06-27,US,Illinois,Washington,19,0,0,38.35309213,-89.40982703,17189.0,136.81860733059696,0.0,19,19,0,0,19,19,13995,0,0,0,0,0
2020-06-27,US,Illinois,Wayne,12,1,0,38.42955355,-88.42586459,17191.0,74.00555041628122,8.333333333333334,11,12,1,0,11,12,16332,0,0,0,0,0
2020-06-27,US,Illinois,White,4,0,0,38.08706198,-88.17657461,17193.0,29.548644455935587,0.0,4,4,0,0,4,4,13665,0,0,0,0,0
2020-06-27,US,Illinois,Whiteside,183,15,0,41.75509713,-89.91556058,17195.0,331.67195287720887,8.196721311475411,168,180,15,0,165,178,55626,3,0,0,3,2
2020-06-27,US,Illinois,Will,6577,316,0,41.44619267,-87.97862712,17197.0,952.1631055254993,4.804622168161776,6261,6542,316,0,6226,6493,692310,35,0,0,35,49
2020-06-27,US,Illinois,Williamson,106,4,0,37.73033511,-88.92994027,17199.0,159.16632881361022,3.7735849056603774,102,104,4,0,100,102,67056,2,0,0,2,2
2020-06-27,US,Illinois,Winnebago,2992,91,0,42.33641854,-89.16085327,17201.0,1058.8451792817407,3.04144385026738,2901,2959,90,0,2869,2935,284081,33,1,0,32,24
2020-06-27,US,Illinois,Woodford,33,2,0,40.78579374,-89.20973757,17203.0,85.80566317376946,6.0606060606060606,31,33,2,0,31,33,38463,0,0,0,0,0
2020-06-27,US,Indiana,Adams,43,1,0,40.7457653,-84.93671406,18001.0,120.18894820694858,2.3255813953488373,42,42,1,0,41,39,35636,1,0,0,1,3
2020-06-27,US,Indiana,Allen,2575,104,0,41.09194313,-85.06800636,18003.0,678.8839411651494,4.038834951456311,2471,2547,100,0,2447,2507,375351,28,4,0,24,40
2020-06-27,US,Indiana,Bartholomew,576,44,0,39.20744865,-85.89558181,18005.0,687.5231263204382,7.638888888888888,532,575,43,0,532,572,82753,1,1,0,0,3
2020-06-27,US,Indiana,Benton,44,0,0,40.60626947,-87.31093999,18007.0,502.97210791037946,0.0,44,45,0,0,45,44,8653,-1,0,0,-1,1
2020-06-27,US,Indiana,Blackford,35,2,0,40.47388153,-85.32499702,18009.0,297.6696717128763,5.7142857142857135,33,35,2,0,33,33,11930,0,0,0,0,2
2020-06-27,US,Indiana,Boone,409,41,0,40.0509304,-86.46841646,18011.0,602.8624913403004,10.024449877750609,368,406,41,0,365,402,66999,3,0,0,3,4
2020-06-27,US,Indiana,Brown,37,1,0,39.19605589,-86.22868909,18013.0,245.1630002650411,2.702702702702702,36,37,1,0,36,37,15234,0,0,0,0,0
2020-06-27,US,Indiana,Carroll,107,2,0,40.580783200000006,-86.56198812,18015.0,528.2124697635385,1.8691588785046729,105,109,2,0,107,104,20127,-2,0,0,-2,5
2020-06-27,US,Indiana,Cass,1633,9,0,40.76135835,-86.34830753,18017.0,4332.829207461064,0.5511328842620943,1624,1638,9,0,1629,1629,37955,-5,0,0,-5,9
2020-06-27,US,Indiana,Clark,613,44,0,38.48015445,-85.70510334,18019.0,518.1653733664689,7.177814029363785,569,607,44,0,563,605,117360,6,0,0,6,2
2020-06-27,US,Indiana,Clay,59,4,0,39.39561833,-87.11723506,18021.0,224.97616777883698,6.779661016949151,55,56,4,0,52,56,26170,3,0,0,3,0
2020-06-27,US,Indiana,Clinton,276,1,0,40.30319754,-86.47277257,18023.0,851.8781443871726,0.3623188405797101,275,275,1,0,274,274,32250,1,0,0,1,1
2020-06-27,US,Indiana,Crawford,27,0,0,38.28814402,-86.44518825,18025.0,255.27087075730358,0.0,27,27,0,0,27,27,10558,0,0,0,0,0
2020-06-27,US,Indiana,Daviess,133,16,0,38.70186039,-87.07185406,18027.0,398.7886420197296,12.030075187969926,117,132,16,0,116,132,33147,1,0,0,1,0
2020-06-27,US,Indiana,DeKalb,151,4,0,41.39804622,-84.99906934,18033.0,347.326049453709,2.6490066225165565,147,148,4,0,144,146,43226,3,0,0,3,2
2020-06-27,US,Indiana,Dearborn,197,22,0,39.14647946,-84.97333539,18029.0,398.3177645679162,11.167512690355329,175,195,22,0,173,193,49568,2,0,0,2,2
2020-06-27,US,Indiana,Decatur,241,32,0,39.30712658,-85.50087166,18031.0,907.4136827440793,13.278008298755188,209,241,32,0,209,241,26794,0,0,0,0,0
2020-06-27,US,Indiana,Delaware,419,48,0,40.22787247,-85.39732772,18035.0,367.1091251588032,11.455847255369928,371,414,47,0,367,413,114772,5,1,0,4,1
2020-06-27,US,Indiana,Dubois,256,6,0,38.36597551,-86.87924170000002,18037.0,599.0265818045676,2.34375,250,255,6,0,249,255,42565,1,0,0,1,0
2020-06-27,US,Indiana,Elkhart,2928,42,0,41.59761169,-85.85875695,18039.0,1419.0102791010995,1.4344262295081966,2886,2864,41,0,2823,2805,205560,64,1,0,63,59
2020-06-27,US,Indiana,Fayette,94,7,0,39.63684962,-85.17797541,18041.0,406.89117825296506,7.446808510638298,87,90,7,0,83,88,23047,4,0,0,4,2
2020-06-27,US,Indiana,Floyd,357,44,0,38.32117957,-85.90385377,18043.0,454.6496523267364,12.324929971988794,313,354,43,0,311,350,77781,3,1,0,2,4
2020-06-27,US,Indiana,Fountain,26,2,0,40.12361933,-87.24217689,18045.0,159.06032056772298,7.6923076923076925,24,25,2,0,23,25,16351,1,0,0,1,0
2020-06-27,US,Indiana,Franklin,124,8,0,39.4142482,-85.06062647,18047.0,544.8633447578874,6.451612903225807,116,124,8,0,116,122,22736,0,0,0,0,2
2020-06-27,US,Indiana,Fulton,65,1,0,41.0469907,-86.26252745,18049.0,325.42304996495443,1.5384615384615383,64,64,1,0,63,64,20092,1,0,0,1,0
2020-06-27,US,Indiana,Gibson,31,2,0,38.30393723,-87.58054938,18051.0,92.10018122938887,6.451612903225807,29,29,2,0,27,29,33452,2,0,0,2,0
2020-06-27,US,Indiana,Grant,284,26,0,40.51587228,-85.65468702,18053.0,431.81438063525366,9.154929577464786,258,287,26,0,261,280,65936,-3,0,0,-3,7
2020-06-27,US,Indiana,Greene,183,31,0,39.03630547,-86.96223202,18055.0,573.2723513564313,16.939890710382517,152,185,29,0,156,184,32006,-2,2,0,-4,1
2020-06-27,US,Indiana,Hamilton,1428,97,0,40.07306535,-86.05244729,18057.0,422.47145802947233,6.792717086834734,1331,1417,97,0,1320,1411,330086,11,0,0,11,6
2020-06-27,US,Indiana,Hancock,404,35,0,39.82304555,-85.77566351,18059.0,516.8355337222391,8.663366336633661,369,397,35,0,362,397,76351,7,0,0,7,0
2020-06-27,US,Indiana,Harrison,203,22,0,38.19467379,-86.10948271,18061.0,501.04899419967916,10.83743842364532,181,203,22,0,181,203,40350,0,0,0,0,0
2020-06-27,US,Indiana,Hendricks,1356,99,0,39.76719009,-86.51037283,18063.0,796.1904985585195,7.300884955752213,1257,1348,97,0,1251,1346,167009,8,2,0,6,2
2020-06-27,US,Indiana,Henry,216,15,0,39.93029017,-85.39625719,18065.0,450.2626532143752,6.9444444444444455,201,216,15,0,201,215,48271,0,0,0,0,1
2020-06-27,US,Indiana,Howard,536,55,0,40.48527731,-86.11351892,18067.0,649.3506493506493,10.261194029850746,481,527,51,0,476,524,82366,9,4,0,5,3
2020-06-27,US,Indiana,Huntington,66,2,0,40.82907273,-85.48822092,18069.0,180.72289156626502,3.0303030303030303,64,65,2,0,63,64,36240,1,0,0,1,1
2020-06-27,US,Indiana,Jackson,443,3,0,38.90915820000001,-86.03851889,18071.0,1001.559991860912,0.6772009029345373,440,443,3,0,440,442,44111,0,0,0,0,1
2020-06-27,US,Indiana,Jasper,102,2,0,41.02078733,-87.11553319,18073.0,303.9151421250223,1.96078431372549,100,101,2,0,99,100,33370,1,0,0,1,1
2020-06-27,US,Indiana,Jay,65,0,0,40.43781032,-85.00576229,18075.0,318.06615776081424,0.0,65,65,0,0,65,65,20764,0,0,0,0,0
2020-06-27,US,Indiana,Jefferson,62,1,0,38.78576239,-85.43633383,18077.0,191.90293425776898,1.6129032258064515,61,58,1,0,57,58,32208,4,0,0,4,0
2020-06-27,US,Indiana,Jennings,168,9,0,38.99588883,-85.62710784,18079.0,605.7328285559763,5.357142857142857,159,164,9,0,155,164,27611,4,0,0,4,0
2020-06-27,US,Indiana,Johnson,1220,117,0,39.48994426,-86.10149107,18081.0,771.3366252125917,9.590163934426231,1103,1212,117,0,1095,1205,156225,8,0,0,8,7
2020-06-27,US,Indiana,Knox,56,0,0,38.68861576,-87.4194665,18083.0,153.03055145652291,0.0,56,53,0,0,53,54,36895,3,0,0,3,-1
2020-06-27,US,Indiana,Kosciusko,449,2,0,41.24521668,-85.86312322,18085.0,565.0926298832057,0.44543429844098004,447,438,2,0,436,432,79344,11,0,0,11,6
2020-06-27,US,Indiana,LaGrange,437,6,0,41.64232188,-85.42674232,18087.0,1103.1453526531025,1.3729977116704806,431,430,6,0,424,420,39330,7,0,0,7,10
2020-06-27,US,Indiana,LaPorte,512,25,0,41.54366008,-86.74072188,18091.0,465.92894583576,4.8828125,487,510,25,0,485,502,110007,2,0,0,2,8
2020-06-27,US,Indiana,Lake,4696,239,0,41.41874274,-87.38277575,18089.0,967.2642036033476,5.089437819420784,4457,4650,238,0,4412,4596,484411,46,1,0,45,54
2020-06-27,US,Indiana,Lawrence,213,24,0,38.84112637,-86.48361629,18093.0,469.4732201895526,11.267605633802814,189,209,24,0,185,204,45668,4,0,0,4,5
2020-06-27,US,Indiana,Madison,638,63,0,40.16143691,-85.71964711,18095.0,492.4017318957466,9.874608150470221,575,632,63,0,569,624,129641,6,0,0,6,8
2020-06-27,US,Indiana,Marion,11182,677,0,39.78163624,-86.13826325,18097.0,1159.258621869369,6.054373099624398,10505,11104,676,0,10428,11042,954670,78,1,0,77,62
2020-06-27,US,Indiana,Marshall,401,3,0,41.32467367,-86.26185087,18099.0,866.8770807211724,0.7481296758104738,398,393,3,0,390,385,46248,8,0,0,8,8
2020-06-27,US,Indiana,Martin,22,0,0,38.7099921,-86.80373186,18101.0,214.5294978059483,0.0,22,22,0,0,22,22,10217,0,0,0,0,0
2020-06-27,US,Indiana,Miami,178,2,0,40.76940965,-86.04525048,18103.0,501.1825656042347,1.1235955056179776,176,176,2,0,174,176,35567,2,0,0,2,0
2020-06-27,US,Indiana,Monroe,227,28,0,39.16130004,-86.52414358,18105.0,152.9330126456064,12.334801762114534,199,221,28,0,193,219,146917,6,0,0,6,2
2020-06-27,US,Indiana,Montgomery,281,19,0,40.04034823,-86.89335024,18107.0,732.9542490479421,6.761565836298933,262,283,19,0,264,277,38346,-2,0,0,-2,6
2020-06-27,US,Indiana,Morgan,313,31,0,39.47899078,-86.44573375,18109.0,444.04091418519204,9.904153354632587,282,309,31,0,278,308,70116,4,0,0,4,1
2020-06-27,US,Indiana,Newton,91,10,0,40.95610449,-87.39635768,18111.0,650.7437070938215,10.989010989010987,81,90,10,0,80,90,14011,1,0,0,1,0
2020-06-27,US,Indiana,Noble,417,28,0,41.39672484,-85.41966713,18113.0,873.4081769436998,6.71462829736211,389,404,28,0,376,392,47532,13,0,0,13,12
2020-06-27,US,Indiana,Ohio,14,0,0,38.955305,-84.96515993,18115.0,238.29787234042556,0.0,14,14,0,0,14,14,5844,0,0,0,0,0
2020-06-27,US,Indiana,Orange,133,23,0,38.54118920000001,-86.49523093,18117.0,676.9825918762089,17.29323308270677,110,133,23,0,110,133,19489,0,0,0,0,0
2020-06-27,US,Indiana,Owen,42,1,0,39.31145587,-86.83900724,18119.0,201.93278523005912,2.380952380952381,41,41,1,0,40,41,20845,1,0,0,1,0
2020-06-27,US,Indiana,Parke,22,0,0,39.77202286,-87.20375833,18121.0,129.89313337663106,0.0,22,22,0,0,22,21,16927,0,0,0,0,1
2020-06-27,US,Indiana,Perry,118,6,0,38.07809328,-86.63741946,18123.0,615.5772340758516,5.084745762711863,112,117,5,0,112,112,19102,1,1,0,0,5
2020-06-27,US,Indiana,Pike,6,0,0,38.40112197,-87.23574907,18125.0,48.43005892323836,0.0,6,6,0,0,6,6,12410,0,0,0,0,0
2020-06-27,US,Indiana,Porter,660,36,0,41.45986947,-87.06848888,18127.0,387.3489485823615,5.454545454545454,624,654,36,0,618,635,169594,6,0,0,6,19
2020-06-27,US,Indiana,Posey,28,0,0,38.02097333,-87.86480429,18129.0,110.11916466747944,0.0,28,28,0,0,28,27,25540,0,0,0,0,1
2020-06-27,US,Indiana,Pulaski,55,1,0,41.04166107,-86.69890683,18131.0,445.23597506678533,1.818181818181818,54,58,1,0,57,54,12469,-3,0,0,-3,4
2020-06-27,US,Indiana,Putnam,162,8,0,39.66437981,-86.84517605,18133.0,431.12625079838193,4.938271604938271,154,162,8,0,154,159,37779,0,0,0,0,3
2020-06-27,US,Indiana,Randolph,75,4,0,40.15734772,-85.01139319,18135.0,304.07459963511053,5.333333333333333,71,75,4,0,71,74,24851,0,0,0,0,1
2020-06-27,US,Indiana,Ripley,112,7,0,39.10235626,-85.26212744,18137.0,395.4243750882644,6.25,105,112,7,0,105,111,28523,0,0,0,0,1
2020-06-27,US,Indiana,Rush,53,3,0,39.62002287,-85.4655599,18139.0,319.6429648392739,5.660377358490566,50,53,3,0,50,52,16663,0,0,0,0,1
2020-06-27,US,Indiana,Scott,154,6,0,38.68672078,-85.74627859,18143.0,645.0802161437607,3.8961038961038965,148,153,6,0,147,154,23878,1,0,0,1,-1
2020-06-27,US,Indiana,Shelby,410,25,0,39.52305623,-85.79158570000001,18145.0,916.6312683046792,6.097560975609755,385,409,25,0,384,409,44593,1,0,0,1,0
2020-06-27,US,Indiana,Spencer,30,1,0,38.01519732,-87.0079644,18147.0,147.95088030773783,3.333333333333333,29,28,1,0,27,28,20327,2,0,0,2,0
2020-06-27,US,Indiana,St. Joseph,1798,62,0,41.61756781,-86.29040834,18141.0,661.4525468498232,3.4482758620689653,1736,1780,60,0,1720,1740,270771,18,2,0,16,40
2020-06-27,US,Indiana,Starke,65,3,0,41.27890281,-86.64686895,18149.0,282.6701456838444,4.615384615384615,62,63,3,0,60,63,22935,2,0,0,2,0
2020-06-27,US,Indiana,Steuben,120,2,0,41.64423868,-85.00101094,18151.0,346.8809620165346,1.6666666666666667,118,116,2,0,114,113,34586,4,0,0,4,3
2020-06-27,US,Indiana,Sullivan,45,1,0,39.08952258,-87.41414469,18153.0,217.7173544922348,2.2222222222222223,44,45,1,0,44,41,20690,0,0,0,0,4
2020-06-27,US,Indiana,Switzerland,23,0,0,38.82767338,-85.03022429,18155.0,213.933587573249,0.0,23,22,0,0,22,22,10717,1,0,0,1,0
2020-06-27,US,Indiana,Tippecanoe,599,8,0,40.38872739,-86.89413959,18157.0,306.0306950319825,1.335559265442404,591,579,8,0,571,555,193048,20,0,0,20,24
2020-06-27,US,Indiana,Tipton,30,1,0,40.31123252,-86.05234925,18159.0,198.045946659625,3.333333333333333,29,29,1,0,28,28,15128,1,0,0,1,1
2020-06-27,US,Indiana,Unassigned,0,192,0,0.0,0.0,90018.0,0.0,0.0,-192,0,192,0,-192,0,,0,0,0,0,0
2020-06-27,US,Indiana,Union,13,0,0,39.62550777,-84.92497066,18161.0,184.2925999432946,0.0,13,13,0,0,13,13,7037,0,0,0,0,0
2020-06-27,US,Indiana,Vanderburgh,388,6,0,38.02658833,-87.58763124,18163.0,213.8318333875261,1.5463917525773196,382,376,6,0,370,369,180974,12,0,0,12,7
2020-06-27,US,Indiana,Vermillion,13,0,0,39.8523352,-87.46160542,18165.0,83.88179119886435,0.0,13,13,0,0,13,13,15479,0,0,0,0,0
2020-06-27,US,Indiana,Vigo,219,8,0,39.42944561,-87.39169027,18167.0,204.6002354304079,3.6529680365296797,211,216,8,0,208,214,107386,3,0,0,3,2
2020-06-27,US,Indiana,Wabash,105,2,0,40.84704239,-85.79328272,18169.0,338.7533875338753,1.9047619047619049,103,101,2,0,99,99,31280,4,0,0,4,2
2020-06-27,US,Indiana,Warren,14,1,0,40.34728141,-87.35602659,18171.0,169.38898971566852,7.142857142857142,13,14,1,0,13,14,8263,0,0,0,0,0
2020-06-27,US,Indiana,Warrick,185,29,0,38.08922676,-87.2716085,18173.0,293.6601161941649,15.675675675675675,156,183,29,0,154,182,62567,2,0,0,2,1
2020-06-27,US,Indiana,Washington,63,1,0,38.60219804,-86.1049363,18175.0,224.71108574689686,1.5873015873015872,62,63,1,0,62,62,27943,0,0,0,0,1
2020-06-27,US,Indiana,Wayne,120,6,0,39.8633444,-85.01044989,18177.0,182.13830368526504,5.0,114,119,6,0,113,115,65936,1,0,0,1,4
2020-06-27,US,Indiana,Wells,66,1,0,40.72934187,-85.22132966,18179.0,233.24851569126372,1.5151515151515151,65,66,1,0,65,66,28206,0,0,0,0,0
2020-06-27,US,Indiana,White,253,10,0,40.74911165,-86.86492015,18181.0,1049.7054186374576,3.9525691699604737,243,256,10,0,246,249,24133,-3,0,0,-3,7
2020-06-27,US,Indiana,Whitley,77,4,0,41.13863784,-85.50791236,18183.0,226.7106347897774,5.194805194805196,73,75,4,0,71,74,34074,2,0,0,2,1
2020-06-27,US,Iowa,Adair,14,0,0,41.33075609,-94.47105874,19001.0,195.74944071588368,0.0,14,14,0,0,14,14,7063,0,0,0,0,0
2020-06-27,US,Iowa,Adams,8,0,0,41.02903567,-94.69932645,19003.0,222.0988339811216,0.0,8,8,0,0,8,7,3645,0,0,0,0,1
2020-06-27,US,Iowa,Allamakee,122,4,0,43.28383218,-91.37860922,19005.0,891.3567618908452,3.278688524590164,118,122,4,0,118,122,13832,0,0,0,0,0
2020-06-27,US,Iowa,Appanoose,20,3,0,40.74324454,-92.86865906,19007.0,160.95284081764044,15.0,17,20,3,0,17,20,12437,0,0,0,0,0
2020-06-27,US,Iowa,Audubon,17,1,0,41.6844628,-94.90581859,19009.0,309.315866084425,5.882352941176472,16,18,1,0,17,16,5506,-1,0,0,-1,2
2020-06-27,US,Iowa,Benton,55,1,0,42.08011739,-92.06463573,19011.0,214.46675765256387,1.818181818181818,54,55,1,0,54,55,25642,0,0,0,0,0
2020-06-27,US,Iowa,Black Hawk,2008,57,0,42.4704581,-92.30524729,19013.0,1530.1612460755327,2.8386454183266934,1951,1996,57,0,1939,1961,132408,12,0,0,12,35
2020-06-27,US,Iowa,Boone,131,1,0,42.03657094,-93.9313999,19015.0,499.35198597240236,0.7633587786259542,130,130,1,0,129,128,26346,1,0,0,1,2
2020-06-27,US,Iowa,Bremer,85,6,0,42.77461496,-92.31795937,19017.0,339.15888596281223,7.0588235294117645,79,85,6,0,79,86,24947,0,0,0,0,-1
2020-06-27,US,Iowa,Buchanan,42,1,0,42.4709188,-91.83510825,19019.0,198.34710743801654,2.380952380952381,41,42,1,0,41,41,21199,0,0,0,0,1
2020-06-27,US,Iowa,Buena Vista,1689,11,0,42.73545875,-95.15100162,19021.0,8608.5626911315,0.6512729425695678,1678,1686,11,0,1675,1677,19874,3,0,0,3,9
2020-06-27,US,Iowa,Butler,41,2,0,42.73172833,-92.79015971,19023.0,283.9531823533485,4.878048780487805,39,41,2,0,39,40,14539,0,0,0,0,1
2020-06-27,US,Iowa,Calhoun,39,0,0,42.38521079,-94.64046046,19025.0,403.39263549855184,0.0,39,35,0,0,35,30,9699,4,0,0,4,5
2020-06-27,US,Iowa,Carroll,76,1,0,42.03617207,-94.86032705,19027.0,376.89065212000986,1.3157894736842106,75,73,1,0,72,73,20154,3,0,0,3,0
2020-06-27,US,Iowa,Cass,17,0,0,41.33149454,-94.92792482,19029.0,132.44001246494236,0.0,17,16,0,0,16,16,12930,1,0,0,1,0
2020-06-27,US,Iowa,Cedar,70,1,0,41.77233777,-91.13246684,19031.0,375.7985719654265,1.4285714285714286,69,70,1,0,69,68,18627,0,0,0,0,2
2020-06-27,US,Iowa,Cerro Gordo,85,1,0,43.08177563,-93.2612239,19033.0,200.23557126030624,1.1764705882352942,84,80,1,0,79,70,42647,5,0,0,5,10
2020-06-27,US,Iowa,Cherokee,69,0,0,42.73538914,-95.62389402,19035.0,614.1522029372496,0.0,69,69,0,0,69,68,11321,0,0,0,0,1
2020-06-27,US,Iowa,Chickasaw,24,0,0,43.06001295,-92.31773347,19037.0,201.12293639487137,0.0,24,24,0,0,24,23,11964,0,0,0,0,1
2020-06-27,US,Iowa,Clarke,120,2,0,41.02868181,-93.78499767,19039.0,1277.275146354444,1.6666666666666667,118,114,2,0,112,114,9423,6,0,0,6,0
2020-06-27,US,Iowa,Clay,116,0,0,43.08247182,-95.15096481,19041.0,724.2757242757242,0.0,116,115,0,0,115,113,16134,1,0,0,1,2
2020-06-27,US,Iowa,Clayton,38,3,0,42.84443388,-91.34133693,19043.0,216.53655478944668,7.894736842105262,35,36,3,0,33,38,17556,2,0,0,2,-2
2020-06-27,US,Iowa,Clinton,87,1,0,41.89981633,-90.53275096,19045.0,187.3828856964397,1.1494252873563218,86,85,1,0,84,83,46518,2,0,0,2,2
2020-06-27,US,Iowa,Crawford,658,2,0,42.03718237,-95.3819718,19047.0,3912.009512485137,0.30395136778115506,656,658,2,0,656,650,17158,0,0,0,0,8
2020-06-27,US,Iowa,Dallas,1140,29,0,41.68560356,-94.04127625,19049.0,1219.864530833681,2.543859649122807,1111,1122,29,0,1093,1115,90180,18,0,0,18,7
2020-06-27,US,Iowa,Davis,37,1,0,40.74773536,-92.41005468,19051.0,411.11111111111114,2.702702702702702,36,36,1,0,35,36,9017,1,0,0,1,0
2020-06-27,US,Iowa,Decatur,9,0,0,40.73742757,-93.78645949,19053.0,114.35832274459976,0.0,9,9,0,0,9,9,7890,0,0,0,0,0
2020-06-27,US,Iowa,Delaware,40,1,0,42.47104597,-91.3664492,19055.0,235.14196696255362,2.5,39,38,1,0,37,36,17069,2,0,0,2,2
2020-06-27,US,Iowa,Des Moines,82,2,0,40.92012606,-91.18326592,19057.0,210.4344701927272,2.4390243902439024,80,82,2,0,80,81,39138,0,0,0,0,1
2020-06-27,US,Iowa,Dickinson,235,2,0,43.37787725,-95.1510206,19059.0,1361.6873334105921,0.851063829787234,233,234,2,0,232,232,17153,1,0,0,1,2
2020-06-27,US,Iowa,Dubuque,495,22,0,42.46815349,-90.88181925,19061.0,508.67836113080733,4.4444444444444455,473,487,22,0,465,483,96854,8,0,0,8,4
2020-06-27,US,Iowa,Emmet,74,0,0,43.37782951,-94.67858943,19063.0,803.6490008688098,0.0,74,71,0,0,71,66,9253,3,0,0,3,5
2020-06-27,US,Iowa,Fayette,31,0,0,42.86271799,-91.8441231,19065.0,157.76081424936388,0.0,31,30,0,0,30,30,19660,1,0,0,1,0
2020-06-27,US,Iowa,Floyd,61,2,0,43.06000529999999,-92.78940097,19067.0,389.9757064314026,3.278688524590164,59,60,2,0,58,54,15761,1,0,0,1,6
2020-06-27,US,Iowa,Franklin,71,0,0,42.73270384,-93.26256925,19069.0,705.06454816286,0.0,71,71,0,0,71,68,10124,0,0,0,0,3
2020-06-27,US,Iowa,Fremont,6,0,0,40.74542720000001,-95.60129045,19071.0,86.20689655172414,0.0,6,6,0,0,6,6,6993,0,0,0,0,0
2020-06-27,US,Iowa,Greene,28,0,0,42.03614551,-94.39658081,19073.0,315.031503150315,0.0,28,28,0,0,28,28,8981,0,0,0,0,0
2020-06-27,US,Iowa,Grundy,27,0,0,42.40183723,-92.78829551,19075.0,220.73250490516682,0.0,27,27,0,0,27,27,12304,0,0,0,0,0
2020-06-27,US,Iowa,Guthrie,64,4,0,41.68378965,-94.50111014,19077.0,598.7463747778088,6.25,60,64,4,0,60,64,10720,0,0,0,0,0
2020-06-27,US,Iowa,Hamilton,182,0,0,42.38382428,-93.70197703,19079.0,1231.9772558045086,0.0,182,179,0,0,179,178,14952,3,0,0,3,1
2020-06-27,US,Iowa,Hancock,43,0,0,43.08178477,-93.73454884,19081.0,404.51552210724367,0.0,43,42,0,0,42,41,10712,1,0,0,1,1
2020-06-27,US,Iowa,Hardin,61,0,0,42.38353877,-93.23654611,19083.0,362.10376350468965,0.0,61,58,0,0,58,58,16868,3,0,0,3,0
2020-06-27,US,Iowa,Harrison,49,0,0,41.68330137,-95.81558439,19085.0,348.7792725460887,0.0,49,47,0,0,47,47,14134,2,0,0,2,0
2020-06-27,US,Iowa,Henry,80,3,0,40.98767962,-91.54436349,19087.0,400.9221208780194,3.75,77,80,3,0,77,79,20067,0,0,0,0,1
2020-06-27,US,Iowa,Howard,17,0,0,43.35671042,-92.31702714,19089.0,185.63005022930767,0.0,17,17,0,0,17,17,9187,0,0,0,0,0
2020-06-27,US,Iowa,Humboldt,45,1,0,42.7764426,-94.20722537,19091.0,470.8097928436911,2.2222222222222223,44,45,1,0,44,46,9547,0,0,0,0,-1
2020-06-27,US,Iowa,Ida,21,0,0,42.38696136,-95.51355387,19093.0,306.1224489795918,0.0,21,21,0,0,21,21,6841,0,0,0,0,0
2020-06-27,US,Iowa,Iowa,47,0,0,41.68630265,-92.0643373,19095.0,290.4102817597627,0.0,47,47,0,0,47,41,16141,0,0,0,0,6
2020-06-27,US,Iowa,Jackson,23,0,0,42.17178824,-90.57354837,19097.0,118.31884356191162,0.0,23,23,0,0,23,21,19432,0,0,0,0,2
2020-06-27,US,Iowa,Jasper,309,17,0,41.68576082,-93.05567785,19099.0,830.9802339653087,5.501618122977346,292,305,17,0,288,305,37147,4,0,0,4,0
2020-06-27,US,Iowa,Jefferson,50,0,0,41.03192394,-91.94849466,19101.0,273.2987154960372,0.0,50,50,0,0,50,50,18381,0,0,0,0,0
2020-06-27,US,Iowa,Johnson,988,8,0,41.67169354,-91.58754744,19103.0,653.6985576286886,0.8097165991902834,980,958,8,0,950,911,151260,30,0,0,30,47
2020-06-27,US,Iowa,Jones,51,0,0,42.12118609,-91.13139641,19105.0,246.6031623229051,0.0,51,51,0,0,51,51,20744,0,0,0,0,0
2020-06-27,US,Iowa,Keokuk,19,1,0,41.33649833,-92.1785067,19107.0,185.43821979308998,5.2631578947368425,18,19,1,0,18,19,10225,0,0,0,0,0
2020-06-27,US,Iowa,Kossuth,32,0,0,43.20405458,-94.20691791,19109.0,216.02646324174708,0.0,32,32,0,0,32,29,14908,0,0,0,0,3
2020-06-27,US,Iowa,Lee,45,1,0,40.64181461,-91.48183025,19111.0,133.70175594972815,2.2222222222222223,44,44,1,0,43,44,34055,1,0,0,1,0
2020-06-27,US,Iowa,Linn,1169,82,0,42.07923082,-91.59809485,19113.0,515.6458144027948,7.0145423438836625,1087,1160,82,0,1078,1150,225909,9,0,0,9,10
2020-06-27,US,Iowa,Louisa,358,13,0,41.21842119,-91.26102611,19115.0,3244.222927050295,3.6312849162011163,345,358,13,0,345,357,11169,0,0,0,0,1
2020-06-27,US,Iowa,Lucas,29,3,0,41.02958964,-93.32780803,19117.0,337.20930232558135,10.344827586206897,26,29,3,0,26,28,8645,0,0,0,0,1
2020-06-27,US,Iowa,Lyon,38,0,0,43.38107862,-96.20926845,19119.0,323.26669502339433,0.0,38,38,0,0,38,37,11811,0,0,0,0,1
2020-06-27,US,Iowa,Madison,35,2,0,41.33081904,-94.01554631,19121.0,214.22450728363324,5.7142857142857135,33,35,2,0,33,35,16249,0,0,0,0,0
2020-06-27,US,Iowa,Mahaska,117,16,0,41.33521503,-92.64083907,19123.0,529.5315682281058,13.675213675213676,101,117,16,0,101,116,22000,0,0,0,0,1
2020-06-27,US,Iowa,Marion,58,0,0,41.33445101,-93.09934783,19125.0,174.42035305085255,0.0,58,55,0,0,55,52,33407,3,0,0,3,3
2020-06-27,US,Iowa,Marshall,1009,18,0,42.03586837,-92.9990819,19127.0,2562.930224288145,1.7839444995044598,991,1001,18,0,983,994,39981,8,0,0,8,7
2020-06-27,US,Iowa,Mills,32,0,0,41.03299766,-95.61920963,19129.0,211.7942947911841,0.0,32,32,0,0,32,32,15063,0,0,0,0,0
2020-06-27,US,Iowa,Mitchell,16,0,0,43.35638371,-92.78887719,19131.0,151.14301908180616,0.0,16,16,0,0,16,15,10569,0,0,0,0,1
2020-06-27,US,Iowa,Monona,67,0,0,42.05220391,-95.95743843,19133.0,777.7132907719093,0.0,67,67,0,0,67,66,8679,0,0,0,0,1
2020-06-27,US,Iowa,Monroe,50,6,0,41.02988815,-92.8690667,19135.0,648.760866744518,12.0,44,50,6,0,44,50,7790,0,0,0,0,0
2020-06-27,US,Iowa,Montgomery,10,2,0,41.03018714,-95.15642896,19137.0,100.83694665725521,20.0,8,10,2,0,8,10,10003,0,0,0,0,0
2020-06-27,US,Iowa,Muscatine,602,44,0,41.48370744,-91.1121697,19139.0,1411.0256891055692,7.308970099667773,558,598,44,0,554,597,42929,4,0,0,4,1
2020-06-27,US,Iowa,O'Brien,80,1,0,43.08310673,-95.62474482,19141.0,581.6912673598488,1.25,79,80,1,0,79,78,13840,0,0,0,0,2
2020-06-27,US,Iowa,Osceola,50,0,0,43.37824276,-95.62422844,19143.0,839.2077878482712,0.0,50,49,0,0,49,49,6040,1,0,0,1,0
2020-06-27,US,Iowa,Page,20,0,0,40.7393172,-95.1497813,19145.0,132.38895876083936,0.0,20,20,0,0,20,20,15249,0,0,0,0,0
2020-06-27,US,Iowa,Palo Alto,24,0,0,43.08193849,-94.67824621,19147.0,270.0877785280216,0.0,24,24,0,0,24,24,8929,0,0,0,0,0
2020-06-27,US,Iowa,Plymouth,288,4,0,42.737633,-96.21366621,19149.0,1143.9011796480913,1.3888888888888888,284,283,4,0,279,272,25095,5,0,0,5,11
2020-06-27,US,Iowa,Pocahontas,65,1,0,42.73420133,-94.67862564,19151.0,982.0214533917509,1.5384615384615383,64,47,1,0,46,46,6740,18,0,0,18,1
2020-06-27,US,Iowa,Polk,5851,174,0,41.68679484,-93.57767461,19153.0,1193.6894204149248,2.9738506238249878,5677,5769,174,0,5595,5736,487204,82,0,0,82,33
2020-06-27,US,Iowa,Pottawattamie,668,11,0,41.33640314,-95.53907776,19155.0,716.6920584511728,1.6467065868263473,657,659,11,0,648,655,93533,9,0,0,9,4
2020-06-27,US,Iowa,Poweshiek,103,8,0,41.68625425,-92.53155731,19157.0,556.6364029399049,7.766990291262137,95,102,8,0,94,101,18699,1,0,0,1,1
2020-06-27,US,Iowa,Ringgold,12,0,0,40.73518949,-94.24368535,19159.0,245.19820187985292,0.0,12,12,0,0,12,12,4968,0,0,0,0,0
2020-06-27,US,Iowa,Sac,58,0,0,42.38624071,-95.10547892,19161.0,596.646435551898,0.0,58,56,0,0,56,50,9719,2,0,0,2,6
2020-06-27,US,Iowa,Scott,576,10,0,41.63935978,-90.61959493,19163.0,333.05771265677134,1.7361111111111112,566,548,10,0,538,515,173283,28,0,0,28,33
2020-06-27,US,Iowa,Shelby,102,0,0,41.6850066,-95.31015553,19165.0,890.5185961236249,0.0,102,98,0,0,98,95,11578,4,0,0,4,3
2020-06-27,US,Iowa,Sioux,445,0,0,43.08221074,-96.1767568,19167.0,1276.7178310142015,0.0,445,440,0,0,440,435,34909,5,0,0,5,5
2020-06-27,US,Iowa,Story,651,3,0,42.03621213,-93.46499005,19169.0,670.3254836949246,0.4608294930875576,648,618,3,0,615,598,98105,33,0,0,33,20
2020-06-27,US,Iowa,Tama,437,29,0,42.07991767,-92.53266945,19171.0,2592.856295241486,6.636155606407321,408,435,29,0,406,433,16904,2,0,0,2,2
2020-06-27,US,Iowa,Taylor,77,0,0,40.73710579,-94.69778563,19173.0,1257.964384904427,0.0,77,77,0,0,77,77,6191,0,0,0,0,0
2020-06-27,US,Iowa,Unassigned,4,0,0,0.0,0.0,90019.0,0.0,0.0,4,4,0,0,4,9,,0,0,0,0,-5
2020-06-27,US,Iowa,Union,24,0,0,41.0277278,-94.24234847,19175.0,196.06241320153583,0.0,24,17,0,0,17,17,12359,7,0,0,7,0
2020-06-27,US,Iowa,Van Buren,18,0,0,40.75326764,-91.95017958,19177.0,255.5366269165247,0.0,18,18,0,0,18,17,7020,0,0,0,0,1
2020-06-27,US,Iowa,Wapello,694,29,0,41.03064984,-92.40954728,19179.0,1984.614944665275,4.1786743515850135,665,693,29,0,664,692,35205,1,0,0,1,1
2020-06-27,US,Iowa,Warren,228,2,0,41.33559454,-93.56007641,19181.0,443.01091983056773,0.8771929824561403,226,223,2,0,221,221,51056,5,0,0,5,2
2020-06-27,US,Iowa,Washington,220,9,0,41.33577126,-91.71725711,19183.0,1001.5934441156385,4.090909090909091,211,219,9,0,210,217,22141,1,0,0,1,2
2020-06-27,US,Iowa,Wayne,8,0,0,40.73969028,-93.32752197,19185.0,124.2043160999845,0.0,8,7,0,0,7,7,6401,1,0,0,1,0
2020-06-27,US,Iowa,Webster,143,1,0,42.42853483,-94.17987389,19187.0,398.28431372549016,0.6993006993006993,142,142,1,0,141,141,36277,1,0,0,1,1
2020-06-27,US,Iowa,Winnebago,20,0,0,43.37751174,-93.73407298,19189.0,193.1620629708325,0.0,20,20,0,0,20,18,10518,0,0,0,0,2
2020-06-27,US,Iowa,Winneshiek,24,0,0,43.29094334,-91.84422722,19191.0,120.05402431093992,0.0,24,24,0,0,24,24,20029,0,0,0,0,0
2020-06-27,US,Iowa,Woodbury,3127,44,0,42.38979414,-96.0459439,19193.0,3032.771780771432,1.407099456347937,3083,3122,44,0,3078,3106,102539,5,0,0,5,16
2020-06-27,US,Iowa,Worth,11,0,0,43.37750768,-93.26087602,19195.0,149.03129657228018,0.0,11,9,0,0,9,8,7453,2,0,0,2,1
2020-06-27,US,Iowa,Wright,362,0,0,42.73305373,-93.73515113,19197.0,2881.706734596402,0.0,362,361,0,0,361,355,12690,1,0,0,1,6
2020-06-27,US,Kansas,Allen,5,0,0,37.88582951,-95.30030847,20001.0,40.4236397445226,0.0,5,5,0,0,5,5,12444,0,0,0,0,0
2020-06-27,US,Kansas,Anderson,3,0,0,38.21413251,-95.29272815,20003.0,38.17765334690761,0.0,3,3,0,0,3,3,7878,0,0,0,0,0
2020-06-27,US,Kansas,Atchison,31,0,0,39.53185661,-95.30870026,20005.0,192.87003048590802,0.0,31,29,0,0,29,28,16193,2,0,0,2,1
2020-06-27,US,Kansas,Barber,1,0,0,37.2288586,-98.68460053,20007.0,22.588660492432798,0.0,1,1,0,0,1,1,4472,0,0,0,0,0
2020-06-27,US,Kansas,Barton,55,2,0,38.47889676,-98.75636726,20009.0,213.35195314015286,3.636363636363636,53,55,2,0,53,55,26111,0,0,0,0,0
2020-06-27,US,Kansas,Bourbon,21,1,0,37.85508555,-94.84865997,20011.0,144.48878491812303,4.761904761904762,20,19,1,0,18,19,14653,2,0,0,2,0
2020-06-27,US,Kansas,Brown,14,0,0,39.82652589,-95.56421698,20013.0,146.3822668339607,0.0,14,14,0,0,14,14,9598,0,0,0,0,0
2020-06-27,US,Kansas,Butler,51,0,0,37.78134351,-96.83878537,20015.0,76.22065131293809,0.0,51,51,0,0,51,55,66765,0,0,0,0,-4
2020-06-27,US,Kansas,Chase,4,0,0,38.30292938,-96.59563862,20017.0,151.0574018126888,0.0,4,4,0,0,4,4,2629,0,0,0,0,0
2020-06-27,US,Kansas,Chautauqua,4,0,0,37.14994405,-96.2454192,20019.0,123.07692307692308,0.0,4,4,0,0,4,4,3309,0,0,0,0,0
2020-06-27,US,Kansas,Cherokee,29,0,0,37.16928494,-94.8462897,20021.0,145.4436029891168,0.0,29,27,0,0,27,25,20015,2,0,0,2,2
2020-06-27,US,Kansas,Cheyenne,2,0,0,39.78580976,-101.7318201,20023.0,75.27286413248024,0.0,2,2,0,0,2,2,2660,0,0,0,0,0
2020-06-27,US,Kansas,Clark,34,1,0,37.23577007,-99.81883015,20025.0,1705.1153460381142,2.9411764705882355,33,34,1,0,33,34,2005,0,0,0,0,0
2020-06-27,US,Kansas,Clay,6,2,0,39.34948772,-97.16518128,20027.0,74.9812546863284,33.333333333333336,4,6,2,0,4,6,7997,0,0,0,0,0
2020-06-27,US,Kansas,Cloud,10,0,0,39.48028352,-97.64925343,20029.0,113.81743683132255,0.0,10,10,0,0,10,8,8729,0,0,0,0,2
2020-06-27,US,Kansas,Coffey,53,8,0,38.2365018,-95.73379515,20031.0,648.0009781146838,15.094339622641508,45,53,8,0,45,53,8233,0,0,0,0,0
2020-06-27,US,Kansas,Comanche,2,0,0,37.19114520000001,-99.27113247,20033.0,117.64705882352942,0.0,2,2,0,0,2,2,1748,0,0,0,0,0
2020-06-27,US,Kansas,Cowley,66,1,0,37.23781842,-96.83776647,20035.0,189.0684083877621,1.5151515151515151,65,66,1,0,65,64,35218,0,0,0,0,2
2020-06-27,US,Kansas,Crawford,246,1,0,37.50675523,-94.85245778,20037.0,633.7266216703591,0.4065040650406504,245,246,1,0,245,220,39019,0,0,0,0,26
2020-06-27,US,Kansas,Dickinson,8,1,0,38.86600962,-97.15532383,20041.0,43.32286364128669,12.5,7,8,1,0,7,8,18717,0,0,0,0,0
2020-06-27,US,Kansas,Doniphan,26,0,0,39.79067154,-95.14056866,20043.0,342.10526315789474,0.0,26,26,0,0,26,25,7682,0,0,0,0,1
2020-06-27,US,Kansas,Douglas,124,0,0,38.88503636,-95.2925121,20045.0,101.42402604307249,0.0,124,124,0,0,124,105,121436,0,0,0,0,19
2020-06-27,US,Kansas,Edwards,6,0,0,37.88735543,-99.31263309,20047.0,214.43888491779842,0.0,6,6,0,0,6,6,2849,0,0,0,0,0
2020-06-27,US,Kansas,Elk,1,0,0,37.45338105,-96.24369667,20049.0,39.52569169960474,0.0,1,1,0,0,1,1,2508,0,0,0,0,0
2020-06-27,US,Kansas,Ellis,15,0,0,38.91458712,-99.31751551,20051.0,52.53388435540924,0.0,15,15,0,0,15,14,28710,0,0,0,0,1
2020-06-27,US,Kansas,Ellsworth,3,0,0,38.69677695,-98.20462799,20053.0,49.164208456243855,0.0,3,3,0,0,3,3,6196,0,0,0,0,0
2020-06-27,US,Kansas,Finney,1563,10,0,38.04340344,-100.73819379999999,20055.0,4286.0668549647635,0.6397952655150352,1553,1563,10,0,1553,1562,36611,0,0,0,0,1
2020-06-27,US,Kansas,Ford,1937,8,0,37.69200114,-99.88825298,20057.0,5761.622891817126,0.41300980898296336,1929,1937,8,0,1929,1927,33888,0,0,0,0,10
2020-06-27,US,Kansas,Franklin,67,0,0,38.56443815,-95.28644341,20059.0,262.29251487629193,0.0,67,67,0,0,67,66,25631,0,0,0,0,1
2020-06-27,US,Kansas,Geary,43,1,0,38.99871131,-96.7577178,20061.0,135.7751815598358,2.3255813953488373,42,43,1,0,42,43,32594,0,0,0,0,0
2020-06-27,US,Kansas,Gove,1,0,0,38.91588178,-100.4829321,20063.0,37.93626707132018,0.0,1,1,0,0,1,1,2612,0,0,0,0,0
2020-06-27,US,Kansas,Grant,47,1,0,37.56227336,-101.3079758,20067.0,657.3426573426574,2.127659574468085,46,40,1,0,39,37,7336,7,0,0,7,3
2020-06-27,US,Kansas,Gray,24,0,0,37.73836671,-100.4369088,20069.0,400.80160320641284,0.0,24,24,0,0,24,24,6033,0,0,0,0,0
2020-06-27,US,Kansas,Greenwood,11,0,0,37.8774388,-96.23250453,20073.0,183.884988298228,0.0,11,11,0,0,11,11,6055,0,0,0,0,0
2020-06-27,US,Kansas,Hamilton,29,0,0,37.99978709,-101.7921066,20075.0,1142.1819614021267,0.0,29,29,0,0,29,29,2607,0,0,0,0,0
2020-06-27,US,Kansas,Harper,2,0,0,37.19175361,-98.07578384,20077.0,36.79175864606328,0.0,2,2,0,0,2,2,5506,0,0,0,0,0
2020-06-27,US,Kansas,Harvey,28,0,0,38.04293782,-97.42747573,20079.0,81.32678846321416,0.0,28,28,0,0,28,28,34210,0,0,0,0,0
2020-06-27,US,Kansas,Haskell,23,0,0,37.562039399999996,-100.8710738,20081.0,579.6370967741935,0.0,23,23,0,0,23,23,3997,0,0,0,0,0
2020-06-27,US,Kansas,Hodgeman,9,0,0,38.08780079,-99.89829881,20083.0,501.6722408026756,0.0,9,9,0,0,9,9,1818,0,0,0,0,0
2020-06-27,US,Kansas,Jackson,105,1,0,39.41673394,-95.79356799,20085.0,797.2059828410902,0.9523809523809524,104,105,1,0,104,105,13280,0,0,0,0,0
2020-06-27,US,Kansas,Jefferson,24,0,0,39.2347941,-95.38289232,20087.0,126.03056241138478,0.0,24,24,0,0,24,24,18975,0,0,0,0,0
2020-06-27,US,Kansas,Jewell,4,0,0,39.78470589,-98.21820662,20089.0,138.9371309482459,0.0,4,4,0,0,4,4,2841,0,0,0,0,0
2020-06-27,US,Kansas,Johnson,1550,85,0,38.88548175,-94.82250877,20091.0,257.3036897349108,5.483870967741934,1465,1490,83,0,1407,1427,597555,60,2,0,58,63
2020-06-27,US,Kansas,Kearny,48,1,0,38.00017981,-101.32168100000001,20093.0,1250.6513809275666,2.083333333333333,47,48,1,0,47,47,3943,0,0,0,0,1
2020-06-27,US,Kansas,Kiowa,4,0,0,37.55848695,-99.2856537,20097.0,161.6161616161616,0.0,4,4,0,0,4,3,2516,0,0,0,0,1
2020-06-27,US,Kansas,Labette,55,0,0,37.19113093,-95.29849679,20099.0,280.354776225915,0.0,55,55,0,0,55,50,19964,0,0,0,0,5
2020-06-27,US,Kansas,Lane,5,0,0,38.48119447,-100.46607540000001,20101.0,325.73289902280135,0.0,5,5,0,0,5,5,1560,0,0,0,0,0
2020-06-27,US,Kansas,Leavenworth,1146,7,0,39.20183497,-95.03620809,20103.0,1401.6976931921035,0.6108202443280978,1139,1146,7,0,1139,1137,81352,0,0,0,0,9
2020-06-27,US,Kansas,Linn,13,0,0,38.21267844,-94.84254089,20107.0,133.97918169638257,0.0,13,13,0,0,13,12,9750,0,0,0,0,1
2020-06-27,US,Kansas,Logan,1,0,0,38.91735806,-101.148475,20109.0,35.79098067287043,0.0,1,1,0,0,1,1,2844,0,0,0,0,0
2020-06-27,US,Kansas,Lyon,479,6,0,38.45576156,-96.15275715,20111.0,1442.9884018677512,1.2526096033402925,473,479,6,0,473,479,33406,0,0,0,0,0
2020-06-27,US,Kansas,Marion,8,1,0,38.35855394,-97.09852509999999,20115.0,67.31740154830024,12.5,7,8,1,0,7,7,11950,0,0,0,0,1
2020-06-27,US,Kansas,Marshall,1,0,0,39.78359669,-96.52278974,20117.0,10.301844030081384,0.0,1,1,0,0,1,1,9722,0,0,0,0,0
2020-06-27,US,Kansas,McPherson,60,0,0,38.39184858,-97.64769869,20113.0,210.2165230187093,0.0,60,60,0,0,60,54,28537,0,0,0,0,6
2020-06-27,US,Kansas,Meade,30,0,0,37.23859987,-100.36483100000001,20119.0,743.86312918423,0.0,30,30,0,0,30,30,4146,0,0,0,0,0
2020-06-27,US,Kansas,Miami,26,0,0,38.56383358,-94.83832189,20121.0,75.941233168794,0.0,26,26,0,0,26,26,33680,0,0,0,0,0
2020-06-27,US,Kansas,Mitchell,4,0,0,39.39331582,-98.20906732,20123.0,66.9008195350393,0.0,4,4,0,0,4,4,6150,0,0,0,0,0
2020-06-27,US,Kansas,Montgomery,32,3,0,37.19236568,-95.74329258,20125.0,100.53724590781992,9.375,29,32,3,0,29,32,32120,0,0,0,0,0
2020-06-27,US,Kansas,Morris,5,0,0,38.68827511,-96.65128437,20127.0,88.96797153024912,0.0,5,5,0,0,5,5,5521,0,0,0,0,0
2020-06-27,US,Kansas,Morton,6,1,0,37.19141121,-101.79925190000002,20129.0,231.92887514495555,16.666666666666668,5,6,1,0,5,6,2667,0,0,0,0,0
2020-06-27,US,Kansas,Nemaha,24,0,0,39.78345387,-96.01392079,20131.0,234.58117486071743,0.0,24,24,0,0,24,24,10155,0,0,0,0,0
2020-06-27,US,Kansas,Neosho,29,0,0,37.55862897,-95.30670046,20133.0,181.17073780221156,0.0,29,23,0,0,23,17,15951,6,0,0,6,6
2020-06-27,US,Kansas,Ness,4,0,0,38.47974157,-99.91547333,20135.0,145.45454545454547,0.0,4,4,0,0,4,4,2840,0,0,0,0,0
2020-06-27,US,Kansas,Norton,3,0,0,39.78443827,-99.90286639,20137.0,55.95970900951315,0.0,3,3,0,0,3,3,5430,0,0,0,0,0
2020-06-27,US,Kansas,Osage,11,0,0,38.65235984,-95.72707998,20139.0,68.96984136936486,0.0,11,11,0,0,11,10,15941,0,0,0,0,1
2020-06-27,US,Kansas,Osborne,2,0,0,39.3503437,-98.76753828,20141.0,58.46243788365975,0.0,2,2,0,0,2,2,3475,0,0,0,0,0
2020-06-27,US,Kansas,Ottawa,5,0,0,39.13237408,-97.65020313,20143.0,87.6577840112202,0.0,5,5,0,0,5,4,5802,0,0,0,0,1
2020-06-27,US,Kansas,Pawnee,3,0,0,38.18108732,-99.23692334,20145.0,46.772684752104766,0.0,3,3,0,0,3,3,6562,0,0,0,0,0
2020-06-27,US,Kansas,Phillips,3,0,0,39.78465501,-99.34668865,20147.0,57.3175391669851,0.0,3,3,0,0,3,3,5317,0,0,0,0,0
2020-06-27,US,Kansas,Pottawatomie,58,0,0,39.37925655,-96.34564657,20149.0,237.87064758233197,0.0,58,58,0,0,58,51,24277,0,0,0,0,7
2020-06-27,US,Kansas,Pratt,11,0,0,37.64780729,-98.73922153,20151.0,120.03491924923614,0.0,11,6,0,0,6,6,9378,5,0,0,5,0
2020-06-27,US,Kansas,Reno,60,0,0,37.95230263,-98.08607292,20155.0,96.77731539727087,0.0,60,60,0,0,60,59,62342,0,0,0,0,1
2020-06-27,US,Kansas,Republic,9,0,0,39.82799632,-97.65036709,20157.0,194.13287316652287,0.0,9,9,0,0,9,8,4664,0,0,0,0,1
2020-06-27,US,Kansas,Rice,4,0,0,38.34616184,-98.19992118,20159.0,41.94191045402118,0.0,4,4,0,0,4,4,9531,0,0,0,0,0
2020-06-27,US,Kansas,Riley,184,3,0,39.28935726,-96.73420026,20161.0,247.87153788123717,1.6304347826086956,181,184,3,0,181,156,73703,0,0,0,0,28
2020-06-27,US,Kansas,Rooks,6,0,0,39.35022773,-99.32484567,20163.0,121.95121951219512,0.0,6,6,0,0,6,6,5013,0,0,0,0,0
2020-06-27,US,Kansas,Saline,93,2,0,38.78369175,-97.65185177,20169.0,171.51077013868397,2.150537634408602,91,93,2,0,91,72,54401,0,0,0,0,21
2020-06-27,US,Kansas,Scott,16,0,0,38.48222076,-100.90665390000001,20171.0,331.74372797014314,0.0,16,16,0,0,16,16,4897,0,0,0,0,0
2020-06-27,US,Kansas,Sedgwick,1067,28,0,37.6842718,-97.4608198,20173.0,206.76611593629974,2.6241799437675732,1039,1026,28,0,998,1001,513607,41,0,0,41,25
2020-06-27,US,Kansas,Seward,1001,2,0,37.19324632,-100.85072009999999,20175.0,4671.457905544148,0.1998001998001998,999,1001,2,0,999,991,21780,0,0,0,0,10
2020-06-27,US,Kansas,Shawnee,596,9,0,39.04100763,-95.75572640000001,20177.0,336.9611307420495,1.5100671140939597,587,576,9,0,567,546,177499,20,0,0,20,30
2020-06-27,US,Kansas,Sheridan,3,0,0,39.35018161,-100.44182590000001,20179.0,119.00039666798891,0.0,3,3,0,0,3,3,2533,0,0,0,0,0
2020-06-27,US,Kansas,Sherman,7,0,0,39.35147699,-101.71976240000001,20181.0,118.30319418624303,0.0,7,7,0,0,7,7,5899,0,0,0,0,0
2020-06-27,US,Kansas,Smith,3,0,0,39.78516566,-98.78566062,20183.0,83.72871895060004,0.0,3,3,0,0,3,3,3603,0,0,0,0,0
2020-06-27,US,Kansas,Stafford,1,0,0,38.03100851,-98.71762001,20185.0,24.06159769008662,0.0,1,1,0,0,1,1,4178,0,0,0,0,0
2020-06-27,US,Kansas,Stanton,10,0,0,37.56304714,-101.78435340000001,20187.0,498.5044865403789,0.0,10,10,0,0,10,10,1987,0,0,0,0,0
2020-06-27,US,Kansas,Stevens,31,0,0,37.1923008,-101.3118967,20189.0,565.1777575205105,0.0,31,31,0,0,31,30,5559,0,0,0,0,1
2020-06-27,US,Kansas,Sumner,11,1,0,37.23682549,-97.47721621,20191.0,48.169556840077064,9.090909090909092,10,11,1,0,10,10,22996,0,0,0,0,1
2020-06-27,US,Kansas,Thomas,15,0,0,39.35107575,-101.0553705,20193.0,192.87643050019287,0.0,15,15,0,0,15,14,7711,0,0,0,0,1
2020-06-27,US,Kansas,Trego,1,0,0,38.91467218,-99.87284448,20195.0,35.676061362825536,0.0,1,1,0,0,1,1,2793,0,0,0,0,0
2020-06-27,US,Kansas,Unassigned,0,1,0,0.0,0.0,90020.0,0.0,0.0,-1,0,1,0,-1,0,,0,0,0,0,0
2020-06-27,US,Kansas,Wabaunsee,33,0,0,38.95471985,-96.20350509,20197.0,476.12177175010817,0.0,33,34,0,0,34,33,6899,-1,0,0,-1,1
2020-06-27,US,Kansas,Washington,1,0,0,39.78420784,-97.08753229999999,20201.0,18.49796522382538,0.0,1,1,0,0,1,1,5420,0,0,0,0,0
2020-06-27,US,Kansas,Wilson,1,0,0,37.55937174,-95.74323255,20205.0,11.730205278592374,0.0,1,1,0,0,1,1,8665,0,0,0,0,0
2020-06-27,US,Kansas,Woodson,8,0,0,37.8865336,-95.74006277,20207.0,254.93945188017844,0.0,8,8,0,0,8,6,3183,0,0,0,0,2
2020-06-27,US,Kansas,Wyandotte,2093,80,0,39.11727348,-94.76378225,20209.0,1265.1953405992904,3.8222646918299086,2013,2082,79,0,2003,2016,165324,11,1,0,10,66
2020-06-27,US,Kentucky,Adair,111,19,0,37.10459774,-85.28129668,21001.0,578.0647849182377,17.117117117117118,92,111,19,0,92,110,19215,0,0,0,0,1
2020-06-27,US,Kentucky,Allen,165,5,0,36.75197631,-86.19457544,21003.0,774.1027445460942,3.0303030303030303,160,163,5,0,158,159,21122,2,0,0,2,4
2020-06-27,US,Kentucky,Anderson,26,1,0,38.00671029,-84.99171713,21005.0,114.30078691695608,3.8461538461538463,25,26,1,0,25,26,22663,0,0,0,0,0
2020-06-27,US,Kentucky,Ballard,14,0,0,37.05842757,-88.99427697,21007.0,177.4847870182556,0.0,14,14,0,0,14,14,7979,0,0,0,0,0
2020-06-27,US,Kentucky,Barren,84,2,0,36.96469836,-85.93338945,21009.0,189.83479852652042,2.380952380952381,82,84,2,0,82,82,44176,0,0,0,0,2
2020-06-27,US,Kentucky,Bath,13,1,0,38.14735938,-83.74588932,21011.0,104.0,7.6923076923076925,12,12,1,0,11,11,12383,1,0,0,1,1
2020-06-27,US,Kentucky,Bell,8,0,0,36.73355174,-83.67766671,21013.0,30.73140749846343,0.0,8,7,0,0,7,6,26569,1,0,0,1,1
2020-06-27,US,Kentucky,Boone,594,23,0,38.97065142,-84.72615357,21015.0,444.67401801154364,3.8720538720538724,571,590,23,0,567,588,131533,4,0,0,4,2
2020-06-27,US,Kentucky,Bourbon,30,1,0,38.2054607,-84.21827874,21017.0,151.60703456640385,3.333333333333333,29,29,1,0,28,28,20184,1,0,0,1,1
2020-06-27,US,Kentucky,Boyd,60,3,0,38.36176608,-82.68652187,21019.0,128.43015540048805,5.0,57,59,3,0,56,55,47240,1,0,0,1,4
2020-06-27,US,Kentucky,Boyle,38,0,0,37.62680923,-84.8633779,21021.0,126.41383898868929,0.0,38,38,0,0,38,38,30100,0,0,0,0,0
2020-06-27,US,Kentucky,Bracken,17,0,0,38.69158994,-84.08532444,21023.0,204.74527279296643,0.0,17,17,0,0,17,17,8239,0,0,0,0,0
2020-06-27,US,Kentucky,Breathitt,8,0,0,37.52333168,-83.31959161,21025.0,63.34125098970705,0.0,8,8,0,0,8,7,12726,0,0,0,0,1
2020-06-27,US,Kentucky,Breckinridge,24,2,0,37.77377239,-86.42885017,21027.0,117.2046686526347,8.333333333333334,22,24,2,0,22,24,20388,0,0,0,0,0
2020-06-27,US,Kentucky,Bullitt,148,4,0,37.97162523,-85.68955617,21029.0,181.20378079239924,2.702702702702702,144,149,4,0,145,148,81069,-1,0,0,-1,1
2020-06-27,US,Kentucky,Butler,252,14,0,37.20946153,-86.68748787,21031.0,1956.6736547868625,5.5555555555555545,238,247,14,0,233,247,12772,5,0,0,5,0
2020-06-27,US,Kentucky,Caldwell,13,0,0,37.14749129,-87.86948214,21033.0,101.98478073272142,0.0,13,13,0,0,13,13,12715,0,0,0,0,0
2020-06-27,US,Kentucky,Calloway,79,1,0,36.62093411,-88.2731593,21035.0,202.5589087459296,1.2658227848101269,78,78,1,0,77,75,39135,1,0,0,1,3
2020-06-27,US,Kentucky,Campbell,246,12,0,38.94384345,-84.37875208,21037.0,262.86544708497183,4.878048780487805,234,242,12,0,230,238,93152,4,0,0,4,4
2020-06-27,US,Kentucky,Carlisle,5,1,0,36.85372876,-88.96692220000001,21039.0,105.04201680672269,20.0,4,5,1,0,4,5,4771,0,0,0,0,0
2020-06-27,US,Kentucky,Carroll,37,0,0,38.66599534,-85.12601074,21041.0,348.03875458564573,0.0,37,35,0,0,35,30,10737,2,0,0,2,5
2020-06-27,US,Kentucky,Carter,22,0,0,38.31690743,-83.05092385,21043.0,82.09874239653692,0.0,22,22,0,0,22,22,27004,0,0,0,0,0
2020-06-27,US,Kentucky,Casey,15,0,0,37.32533118,-84.92726209,21045.0,92.82752645584505,0.0,15,15,0,0,15,14,15888,0,0,0,0,1
2020-06-27,US,Kentucky,Christian,188,4,0,36.89267803,-87.49055367,21047.0,266.81426604788464,2.127659574468085,184,186,4,0,182,183,71671,2,0,0,2,3
2020-06-27,US,Kentucky,Clark,98,5,0,37.9689263,-84.14615986,21049.0,270.2479110939525,5.1020408163265305,93,96,5,0,91,96,36249,2,0,0,2,0
2020-06-27,US,Kentucky,Clay,53,3,0,37.16451126,-83.712575,21051.0,266.3182754635445,5.660377358490566,50,46,3,0,43,44,20105,7,0,0,7,2
2020-06-27,US,Kentucky,Clinton,5,0,0,36.72581156,-85.13377529,21053.0,48.933255040125275,0.0,5,5,0,0,5,5,10206,0,0,0,0,0
2020-06-27,US,Kentucky,Crittenden,8,1,0,37.35839237,-88.08826090000002,21055.0,90.84714967067907,12.5,7,8,1,0,7,8,8915,0,0,0,0,0
2020-06-27,US,Kentucky,Cumberland,6,0,0,36.78926125,-85.39050034,21057.0,90.71666162685213,0.0,6,6,0,0,6,6,6659,0,0,0,0,0
2020-06-27,US,Kentucky,Daviess,428,8,0,37.73028906,-87.09019479999998,21059.0,421.62918304420214,1.8691588785046729,420,421,8,0,413,414,101104,7,0,0,7,7
2020-06-27,US,Kentucky,Edmonson,74,11,0,37.21218923,-86.23955613,21061.0,609.0534979423868,14.864864864864865,63,74,11,0,63,74,12274,0,0,0,0,0
2020-06-27,US,Kentucky,Elliott,3,0,0,38.11624059,-83.09771563,21063.0,39.90953837967274,0.0,3,3,0,0,3,3,7508,0,0,0,0,0
2020-06-27,US,Kentucky,Estill,4,0,0,37.69241417,-83.95956369,21065.0,28.356727633631078,0.0,4,4,0,0,4,4,14198,0,0,0,0,0
2020-06-27,US,Kentucky,Fayette,1372,22,0,38.0368225,-84.45576892,21067.0,424.56800514927966,1.6034985422740524,1350,1326,21,0,1305,1293,323780,46,1,0,45,33
2020-06-27,US,Kentucky,Fleming,17,0,0,38.36758311,-83.69657514,21069.0,116.59008298470611,0.0,17,15,0,0,15,14,14432,2,0,0,2,1
2020-06-27,US,Kentucky,Floyd,27,0,0,37.56213922,-82.74750924,21071.0,75.86613841355475,0.0,27,26,0,0,26,26,35845,1,0,0,1,0
2020-06-27,US,Kentucky,Franklin,128,3,0,38.2379395,-84.87962551,21073.0,251.0246906316801,2.34375,125,123,3,0,120,123,50815,5,0,0,5,0
2020-06-27,US,Kentucky,Fulton,21,0,0,36.55238827,-89.20140068,21075.0,351.8177249120456,0.0,21,19,0,0,19,18,6120,2,0,0,2,1
2020-06-27,US,Kentucky,Gallatin,61,7,0,38.75398691,-84.8558382,21077.0,687.7889277257865,11.475409836065571,54,59,7,0,52,58,8832,2,0,0,2,1
2020-06-27,US,Kentucky,Garrard,19,0,0,37.638866799999995,-84.53289319,21079.0,107.55122834823956,0.0,19,17,0,0,17,17,17560,2,0,0,2,0
2020-06-27,US,Kentucky,Grant,57,4,0,38.64962758,-84.62415957,21081.0,227.37245203239058,7.0175438596491215,53,57,4,0,53,57,25121,0,0,0,0,0
2020-06-27,US,Kentucky,Graves,196,21,0,36.72292505,-88.65143315,21083.0,525.9485858423228,10.714285714285714,175,192,21,0,171,190,37317,4,0,0,4,2
2020-06-27,US,Kentucky,Grayson,137,10,0,37.46231118,-86.34248968,21085.0,518.4092027093503,7.299270072992702,127,137,10,0,127,137,26321,0,0,0,0,0
2020-06-27,US,Kentucky,Green,4,1,0,37.26484328,-85.5540745,21087.0,36.55972945800201,25.0,3,4,1,0,3,4,11049,0,0,0,0,0
2020-06-27,US,Kentucky,Greenup,28,0,0,38.54332505,-82.9215658,21089.0,79.77662544874352,0.0,28,28,0,0,28,28,35268,0,0,0,0,0
2020-06-27,US,Kentucky,Hancock,17,0,0,37.83766422,-86.78280584,21091.0,194.90942444393485,0.0,17,17,0,0,17,16,8758,0,0,0,0,1
2020-06-27,US,Kentucky,Hardin,145,5,0,37.6976111,-85.96319251,21093.0,130.6800771463076,3.4482758620689653,140,140,5,0,135,138,110356,5,0,0,5,2
2020-06-27,US,Kentucky,Harlan,21,2,0,36.85699301,-83.21899516,21095.0,80.73817762399078,9.523809523809524,19,18,2,0,16,18,26409,3,0,0,3,0
2020-06-27,US,Kentucky,Harrison,68,0,0,38.44188174,-84.32869741,21097.0,360.05506724557875,0.0,68,66,0,0,66,66,18778,2,0,0,2,0
2020-06-27,US,Kentucky,Hart,39,0,0,37.29943898,-85.88461055,21099.0,204.8857368006304,0.0,39,39,0,0,39,39,18906,0,0,0,0,0
2020-06-27,US,Kentucky,Henderson,156,3,0,37.79344553,-87.57392021,21101.0,345.05640345056406,1.9230769230769231,153,155,3,0,152,155,45591,1,0,0,1,0
2020-06-27,US,Kentucky,Henry,33,2,0,38.44942688,-85.11587507,21103.0,204.63847203274216,6.0606060606060606,31,33,2,0,31,32,16106,0,0,0,0,1
2020-06-27,US,Kentucky,Hickman,5,0,0,36.67948079999999,-88.97875928,21105.0,114.15525114155253,0.0,5,5,0,0,5,5,4421,0,0,0,0,0
2020-06-27,US,Kentucky,Hopkins,250,32,0,37.30939025,-87.54670406,21107.0,559.4593384952782,12.8,218,247,32,0,215,242,45068,3,0,0,3,5
2020-06-27,US,Kentucky,Jackson,104,13,0,37.41866422,-83.99825483,21109.0,780.2535824142848,12.5,91,100,13,0,87,96,13442,4,0,0,4,4
2020-06-27,US,Kentucky,Jefferson,3820,190,0,38.18664655,-85.65931031,21111.0,498.20216835320707,4.973821989528796,3630,3765,190,0,3575,3714,770517,55,0,0,55,51
2020-06-27,US,Kentucky,Jessamine,104,0,0,37.87119786,-84.58252003,21113.0,192.1833133142382,0.0,104,101,0,0,101,101,53920,3,0,0,3,0
2020-06-27,US,Kentucky,Johnson,10,0,0,37.85106355,-82.8264322,21115.0,45.06940688660537,0.0,10,10,0,0,10,10,22386,0,0,0,0,0
2020-06-27,US,Kentucky,Kenton,785,36,0,38.93950319,-84.53241199,21117.0,470.0655097665841,4.585987261146498,749,777,36,0,741,759,166051,8,0,0,8,18
2020-06-27,US,Kentucky,Knott,7,0,0,37.35388197,-82.94981134,21119.0,47.278130487640155,0.0,7,7,0,0,7,7,15126,0,0,0,0,0
2020-06-27,US,Kentucky,Knox,63,0,0,36.89225732,-83.85403396,21121.0,202.2796596564457,0.0,63,20,0,0,20,16,31304,43,0,0,43,4
2020-06-27,US,Kentucky,Larue,15,1,0,37.54567114,-85.70138352,21123.0,104.18113626892624,6.666666666666668,14,15,1,0,14,11,14307,0,0,0,0,4
2020-06-27,US,Kentucky,Laurel,84,3,0,37.10975748,-84.11321779,21125.0,138.1283607123477,3.571428571428572,81,79,3,0,76,71,60669,5,0,0,5,8
2020-06-27,US,Kentucky,Lawrence,6,0,0,38.07136018,-82.72882223,21127.0,39.17216165045375,0.0,6,6,0,0,6,5,15571,0,0,0,0,1
2020-06-27,US,Kentucky,Lee,1,0,0,37.59645942,-83.71513901,21129.0,13.508037282182901,0.0,1,1,0,0,1,1,7033,0,0,0,0,0
2020-06-27,US,Kentucky,Leslie,8,0,0,37.09246661,-83.37999606,21131.0,80.99625392325605,0.0,8,8,0,0,8,8,10143,0,0,0,0,0
2020-06-27,US,Kentucky,Letcher,15,0,0,37.12306748,-82.85346474,21133.0,69.5958799239085,0.0,15,14,0,0,14,14,21899,1,0,0,1,0
2020-06-27,US,Kentucky,Lewis,21,0,0,38.53184419,-83.37735618,21135.0,158.19209039548022,0.0,21,18,0,0,18,18,13257,3,0,0,3,0
2020-06-27,US,Kentucky,Lincoln,25,1,0,37.45475628,-84.6565327,21137.0,101.83714204244572,4.0,24,24,1,0,23,24,24644,1,0,0,1,0
2020-06-27,US,Kentucky,Livingston,9,0,0,37.21137452,-88.34797529,21139.0,97.88992821405265,0.0,9,9,0,0,9,8,9242,0,0,0,0,1
2020-06-27,US,Kentucky,Logan,211,11,0,36.85949479,-86.877635,21141.0,778.5403291270018,5.213270142180095,200,211,11,0,200,210,26989,0,0,0,0,1
2020-06-27,US,Kentucky,Lyon,19,3,0,37.02080035,-88.07886257,21143.0,231.42509135200973,15.789473684210524,16,19,3,0,16,17,8009,0,0,0,0,2
2020-06-27,US,Kentucky,Madison,112,1,0,37.71659336,-84.27220275,21151.0,120.44694419650058,0.8928571428571429,111,107,1,0,106,106,92368,5,0,0,5,1
2020-06-27,US,Kentucky,Magoffin,5,0,0,37.70820545,-83.0657714,21153.0,41.115039881588686,0.0,5,5,0,0,5,5,12362,0,0,0,0,0
2020-06-27,US,Kentucky,Marion,49,0,0,37.55218078,-85.26898542,21155.0,254.24168525917085,0.0,49,49,0,0,49,49,19404,0,0,0,0,0
2020-06-27,US,Kentucky,Marshall,54,2,0,36.88007070000001,-88.32803576,21157.0,173.63344051446944,3.703703703703704,52,53,2,0,51,53,31191,1,0,0,1,0
2020-06-27,US,Kentucky,Martin,5,0,0,37.79990579,-82.51247478,21159.0,44.662795891022775,0.0,5,5,0,0,5,5,11323,0,0,0,0,0
2020-06-27,US,Kentucky,Mason,29,0,0,38.59471935,-83.82151043,21161.0,169.88869361452842,0.0,29,28,0,0,28,28,17150,1,0,0,1,0
2020-06-27,US,Kentucky,McCracken,155,3,0,37.05350953,-88.70445755,21145.0,236.93784585282341,1.935483870967742,152,153,3,0,150,151,65346,2,0,0,2,2
2020-06-27,US,Kentucky,McCreary,17,0,0,36.73874143,-84.48102924,21147.0,98.65939295455864,0.0,17,17,0,0,17,17,17408,0,0,0,0,0
2020-06-27,US,Kentucky,McLean,24,1,0,37.5301951,-87.26803443,21149.0,260.67122841316393,4.166666666666667,23,24,1,0,23,24,9252,0,0,0,0,0
2020-06-27,US,Kentucky,Meade,25,2,0,37.96163597,-86.21028219,21163.0,87.49825003499929,8.0,23,25,2,0,23,25,28715,0,0,0,0,0
2020-06-27,US,Kentucky,Menifee,12,0,0,37.94090733,-83.59985712,21165.0,184.9283402681461,0.0,12,12,0,0,12,12,6451,0,0,0,0,0
2020-06-27,US,Kentucky,Mercer,23,0,0,37.81474237,-84.87488475,21167.0,104.86481557470478,0.0,23,23,0,0,23,17,21774,0,0,0,0,6
2020-06-27,US,Kentucky,Metcalfe,9,2,0,36.99459295,-85.63123699,21169.0,89.36550491510279,22.222222222222218,7,9,2,0,7,9,10030,0,0,0,0,0
2020-06-27,US,Kentucky,Monroe,34,1,0,36.71225341,-85.71596443,21171.0,319.2488262910798,2.9411764705882355,33,34,1,0,33,34,10718,0,0,0,0,0
2020-06-27,US,Kentucky,Montgomery,47,0,0,38.03253032,-83.9145241,21173.0,166.9211918883404,0.0,47,46,0,0,46,46,28203,1,0,0,1,0
2020-06-27,US,Kentucky,Morgan,8,0,0,37.92465657,-83.25558245,21175.0,60.10970020287024,0.0,8,8,0,0,8,8,13345,0,0,0,0,0
2020-06-27,US,Kentucky,Muhlenberg,495,8,0,37.21425819,-87.14632053,21177.0,1616.484880151525,1.616161616161616,487,494,8,0,486,494,30774,1,0,0,1,0
2020-06-27,US,Kentucky,Nelson,69,1,0,37.80335779,-85.4657193,21179.0,149.24404646032056,1.4492753623188406,68,67,1,0,66,67,45851,2,0,0,2,0
2020-06-27,US,Kentucky,Nicholas,5,0,0,38.33342292,-84.01889177,21181.0,68.78525244187647,0.0,5,5,0,0,5,5,7166,0,0,0,0,0
2020-06-27,US,Kentucky,Ohio,183,0,0,37.47751843,-86.85368087,21183.0,762.6906726681669,0.0,183,176,0,0,176,174,24087,7,0,0,7,2
2020-06-27,US,Kentucky,Oldham,129,6,0,38.39791089,-85.448222,21185.0,193.11666342310517,4.651162790697675,123,129,6,0,123,126,66470,0,0,0,0,3
2020-06-27,US,Kentucky,Owen,6,0,0,38.51679143,-84.82404619,21187.0,55.04082194294103,0.0,6,6,0,0,6,6,10880,0,0,0,0,0
2020-06-27,US,Kentucky,Owsley,2,0,0,37.42823949,-83.68811419,21189.0,45.30011325028314,0.0,2,2,0,0,2,2,4472,0,0,0,0,0
2020-06-27,US,Kentucky,Pendleton,15,0,0,38.69607718,-84.35599463,21191.0,102.8101439342015,0.0,15,15,0,0,15,15,14529,0,0,0,0,0
2020-06-27,US,Kentucky,Perry,57,1,0,37.25023553,-83.22922731,21193.0,221.2904728627999,1.7543859649122806,56,56,1,0,55,55,26092,1,0,0,1,1
2020-06-27,US,Kentucky,Pike,71,2,0,37.47088263,-82.39487445,21195.0,122.67606607229249,2.8169014084507036,69,71,2,0,69,68,58402,0,0,0,0,3
2020-06-27,US,Kentucky,Powell,6,0,0,37.83218794,-83.82553961,21197.0,48.54761712112631,0.0,6,6,0,0,6,5,12442,0,0,0,0,1
2020-06-27,US,Kentucky,Pulaski,89,2,0,37.10466131,-84.57629079,21199.0,136.96732790593884,2.247191011235955,87,88,2,0,86,84,64623,1,0,0,1,4
2020-06-27,US,Kentucky,Rockcastle,19,0,0,37.36642393,-84.31176452,21203.0,113.80652890086851,0.0,19,18,0,0,18,18,16750,1,0,0,1,0
2020-06-27,US,Kentucky,Rowan,22,0,0,38.19484205,-83.42088935,21205.0,89.94276369582992,0.0,22,19,0,0,19,18,24583,3,0,0,3,1
2020-06-27,US,Kentucky,Russell,40,4,0,36.99308373,-85.06070117,21207.0,223.17692350610943,10.0,36,39,4,0,35,39,17821,1,0,0,1,0
2020-06-27,US,Kentucky,Scott,82,0,0,38.29622293,-84.5816631,21209.0,143.84955441723392,0.0,82,83,0,0,83,79,56031,-1,0,0,-1,4
2020-06-27,US,Kentucky,Shelby,405,10,0,38.21476019,-85.194223,21211.0,826.1259791122716,2.469135802469136,395,400,10,0,390,391,48518,5,0,0,5,9
2020-06-27,US,Kentucky,Simpson,73,3,0,36.74058474,-86.58047435,21213.0,393.06482877449923,4.109589041095891,70,72,3,0,69,69,18529,1,0,0,1,3
2020-06-27,US,Kentucky,Spencer,36,0,0,38.03223971,-85.32749335,21215.0,186.0368973179681,0.0,36,33,0,0,33,33,18794,3,0,0,3,0
2020-06-27,US,Kentucky,Taylor,37,1,0,37.3677562,-85.3329931,21217.0,143.58337537351082,2.702702702702702,36,37,1,0,36,38,25549,0,0,0,0,-1
2020-06-27,US,Kentucky,Todd,25,0,0,36.8381152,-87.17878374,21219.0,203.35122824141857,0.0,25,25,0,0,25,24,12311,0,0,0,0,1
2020-06-27,US,Kentucky,Trigg,24,0,0,36.80767017,-87.87333656,21221.0,163.81134393556758,0.0,24,23,0,0,23,23,14643,1,0,0,1,0
2020-06-27,US,Kentucky,Trimble,6,0,0,38.61056487,-85.33775972,21223.0,70.82989021367017,0.0,6,6,0,0,6,6,8515,0,0,0,0,0
2020-06-27,US,Kentucky,Unassigned,2,0,0,0.0,0.0,90021.0,0.0,0.0,2,,,,,13,,,,,,
2020-06-27,US,Kentucky,Union,29,0,0,37.66166713,-87.94300009,21225.0,201.65496140741257,0.0,29,28,0,0,28,26,14505,1,0,0,1,2
2020-06-27,US,Kentucky,Warren,1481,13,0,36.99903045,-86.42672751,21227.0,1114.4052492174333,0.8777852802160703,1468,1455,13,0,1442,1426,131264,26,0,0,26,29
2020-06-27,US,Kentucky,Washington,22,0,0,37.75599461,-85.17407732,21229.0,181.8933443571724,0.0,22,21,0,0,21,21,12084,1,0,0,1,0
2020-06-27,US,Kentucky,Wayne,13,0,0,36.80310688,-84.8251971,21231.0,63.93547435203857,0.0,13,13,0,0,13,13,20468,0,0,0,0,0
2020-06-27,US,Kentucky,Webster,40,0,0,37.52168356,-87.67989953,21233.0,309.0712409210323,0.0,40,40,0,0,40,40,13111,0,0,0,0,0
2020-06-27,US,Kentucky,Whitley,25,0,0,36.75700531,-84.14541217,21235.0,68.93889256562983,0.0,25,24,0,0,24,24,36242,1,0,0,1,0
2020-06-27,US,Kentucky,Wolfe,2,0,0,37.73941626,-83.49303612,21237.0,27.944669554282516,0.0,2,2,0,0,2,2,7177,0,0,0,0,0
2020-06-27,US,Kentucky,Woodford,65,0,0,38.04178222,-84.7417556,21239.0,243.1360813944789,0.0,65,64,0,0,64,64,26533,1,0,0,1,0
2020-06-27,US,Louisiana,Acadia,783,36,0,30.295064899999996,-92.41419698,22001.0,1261.9872673059876,4.597701149425287,747,783,36,0,747,745,62190,0,0,0,0,38
2020-06-27,US,Louisiana,Allen,274,10,0,30.65385745,-92.82442028,22003.0,1069.184844109728,3.6496350364963503,264,274,10,0,264,257,25605,0,0,0,0,17
2020-06-27,US,Louisiana,Ascension,1115,58,0,30.20406249,-90.91328409999998,22005.0,880.6988720735521,5.201793721973094,1057,1115,58,0,1057,1094,124672,0,0,0,0,21
2020-06-27,US,Louisiana,Assumption,338,14,0,29.89946234,-91.06461642,22007.0,1544.0135215385321,4.142011834319527,324,338,14,0,324,334,22300,0,0,0,0,4
2020-06-27,US,Louisiana,Avoyelles,294,11,0,31.07796211,-92.00079449,22009.0,732.363491430849,3.741496598639456,283,294,11,0,283,277,40462,0,0,0,0,17
2020-06-27,US,Louisiana,Beauregard,184,8,0,30.64836518,-93.34173616,22011.0,490.7059231405179,4.3478260869565215,176,184,8,0,176,173,37253,0,0,0,0,11
2020-06-27,US,Louisiana,Bienville,211,26,0,32.34569994,-93.05398492,22013.0,1593.535231477985,12.322274881516588,185,211,26,0,185,210,13308,0,0,0,0,1
2020-06-27,US,Louisiana,Bossier,780,29,0,32.67932307,-93.60460152,22015.0,613.9846818693472,3.717948717948718,751,780,29,0,751,751,127185,0,0,0,0,29
2020-06-27,US,Louisiana,Caddo,3161,232,0,32.57991587,-93.88375652,22017.0,1315.9647632845415,7.339449541284404,2929,3161,232,0,2929,3096,242922,0,0,0,0,65
2020-06-27,US,Louisiana,Calcasieu,1138,54,0,30.22931235,-93.35400434,22019.0,559.3896852081244,4.745166959578207,1084,1138,54,0,1084,1061,203112,0,0,0,0,77
2020-06-27,US,Louisiana,Caldwell,103,1,0,32.0902519,-92.11752148,22021.0,1038.5158298043962,0.9708737864077671,102,103,1,0,102,102,9960,0,0,0,0,1
2020-06-27,US,Louisiana,Cameron,38,0,0,29.87592238,-93.19310676,22023.0,544.9591280653951,0.0,38,38,0,0,38,36,6968,0,0,0,0,2
2020-06-27,US,Louisiana,Catahoula,160,3,0,31.66778967,-91.84526385,22025.0,1685.2749104697705,1.875,157,160,3,0,157,157,9608,0,0,0,0,3
2020-06-27,US,Louisiana,Claiborne,114,11,0,32.82308512,-92.99526883,22027.0,727.5047862156987,9.649122807017543,103,114,11,0,103,110,15944,0,0,0,0,4
2020-06-27,US,Louisiana,Concordia,106,5,0,31.44817835,-91.63814433,22029.0,550.3920245080221,4.716981132075472,101,106,5,0,101,105,19572,0,0,0,0,1
2020-06-27,US,Louisiana,De Soto,329,18,0,32.05457447,-93.74130302,22031.0,1197.9754578887955,5.47112462006079,311,329,18,0,311,327,27436,0,0,0,0,2
2020-06-27,US,Louisiana,East Baton Rouge,4833,268,0,30.53842039,-91.09777565,22033.0,1098.2618239826932,5.545210014483757,4565,4833,268,0,4565,4724,440956,0,0,0,0,109
2020-06-27,US,Louisiana,East Carroll,425,1,0,32.73926954,-91.23425694,22035.0,6194.432298498761,0.2352941176470588,424,425,1,0,424,385,7037,0,0,0,0,40
2020-06-27,US,Louisiana,East Feliciana,288,33,0,30.84425359,-91.04976723,22037.0,1505.0953749673376,11.458333333333336,255,288,33,0,255,285,19305,0,0,0,0,3
2020-06-27,US,Louisiana,Evangeline,168,1,0,30.72985248,-92.39915924,22039.0,503.06932175475373,0.5952380952380952,167,168,1,0,167,146,33443,0,0,0,0,22
2020-06-27,US,Louisiana,Franklin,455,14,0,32.13675181,-91.67589857,22041.0,2273.295028728454,3.0769230769230766,441,455,14,0,441,448,20156,0,0,0,0,7
2020-06-27,US,Louisiana,Grant,82,1,0,31.59882456,-92.56124347,22043.0,366.25128411273386,1.2195121951219512,81,82,1,0,81,81,22482,0,0,0,0,1
2020-06-27,US,Louisiana,Iberia,610,44,0,29.86803617,-91.75871777,22045.0,873.5500501217242,7.213114754098362,566,610,44,0,566,570,70941,0,0,0,0,40
2020-06-27,US,Louisiana,Iberville,692,43,0,30.25734305,-91.3499598,22047.0,2128.510350342961,6.213872832369943,649,692,43,0,649,689,32721,0,0,0,0,3
2020-06-27,US,Louisiana,Jackson,206,16,0,32.30251776,-92.55692092,22049.0,1308.4349593495936,7.766990291262137,190,206,16,0,190,203,15902,0,0,0,0,3
2020-06-27,US,Louisiana,Jefferson,9169,481,0,29.74075478,-90.11115756,22051.0,2120.0343126940784,5.245937397753299,8688,9169,481,0,8688,9074,434051,0,0,0,0,95
2020-06-27,US,Louisiana,Jefferson Davis,316,8,0,30.26896765,-92.81210004,22053.0,1007.3960724305023,2.5316455696202533,308,316,8,0,308,283,31582,0,0,0,0,33
2020-06-27,US,Louisiana,LaSalle,90,0,0,31.67884782,-92.15907765,22059.0,604.351329572925,0.0,90,90,0,0,90,88,14917,0,0,0,0,2
2020-06-27,US,Louisiana,Lafayette,1862,41,0,30.2049055,-92.06959876,22055.0,761.8969679610458,2.201933404940924,1821,1862,41,0,1821,1723,242782,0,0,0,0,139
2020-06-27,US,Louisiana,Lafourche,1071,85,0,29.52470226,-90.40976986,22057.0,1097.1786833855801,7.936507936507938,986,1071,85,0,986,1064,98115,0,0,0,0,7
2020-06-27,US,Louisiana,Lincoln,300,18,0,32.6003154,-92.66597409999999,22061.0,641.8210602883915,6.0,282,300,18,0,282,294,47196,0,0,0,0,6
2020-06-27,US,Louisiana,Livingston,814,37,0,30.44143993,-90.73061664,22063.0,578.1701695444958,4.545454545454546,777,814,37,0,777,794,139567,0,0,0,0,20
2020-06-27,US,Louisiana,Madison,331,2,0,32.36918118,-91.23973355,22065.0,3022.5550178065932,0.6042296072507553,329,331,2,0,329,324,11161,0,0,0,0,7
2020-06-27,US,Louisiana,Morehouse,227,8,0,32.81686191,-91.80421614,22067.0,912.5995014874969,3.524229074889868,219,227,8,0,219,218,25398,0,0,0,0,9
2020-06-27,US,Louisiana,Natchitoches,231,14,0,31.72321584,-93.09816516,22069.0,605.3776403375439,6.0606060606060606,217,231,14,0,217,213,38659,0,0,0,0,18
2020-06-27,US,Louisiana,Orleans,7681,530,0,30.06971951,-89.92660315,22071.0,1968.760252624672,6.900143210519464,7151,7681,530,0,7151,7638,391006,0,0,0,0,43
2020-06-27,US,Louisiana,Ouachita,2199,72,0,32.47645559,-92.15704172,22073.0,1434.6387959211636,3.2742155525238745,2127,2199,72,0,2127,2125,154475,0,0,0,0,74
2020-06-27,US,Louisiana,Plaquemines,252,17,0,29.42245447,-89.60322085,22075.0,1086.3473725050653,6.746031746031746,235,252,17,0,235,248,23410,0,0,0,0,4
2020-06-27,US,Louisiana,Pointe Coupee,231,27,0,30.71409502,-91.60209535,22077.0,1063.0464795213989,11.688311688311687,204,231,27,0,204,229,21940,0,0,0,0,2
2020-06-27,US,Louisiana,Rapides,1453,57,0,31.19778499,-92.52997303,22079.0,1120.7268912748366,3.9229181004817617,1396,1453,57,0,1396,1423,130562,0,0,0,0,30
2020-06-27,US,Louisiana,Red River,56,8,0,32.09530039,-93.34213308,22081.0,663.3499170812604,14.285714285714285,48,56,8,0,48,54,8477,0,0,0,0,2
2020-06-27,US,Louisiana,Richland,168,4,0,32.41391005,-91.76634876,22083.0,834.9070668919591,2.380952380952381,164,168,4,0,164,160,20192,0,0,0,0,8
2020-06-27,US,Louisiana,Sabine,76,1,0,31.56388699,-93.55433981,22085.0,318.20465583654334,1.3157894736842106,75,76,1,0,75,67,24032,0,0,0,0,9
2020-06-27,US,Louisiana,St. Bernard,605,23,0,29.87761636,-89.51887093,22087.0,1280.5858945051225,3.801652892561984,582,605,23,0,582,602,46721,0,0,0,0,3
2020-06-27,US,Louisiana,St. Charles,726,49,0,29.90709658,-90.35555967,22089.0,1367.231638418079,6.74931129476584,677,726,49,0,677,713,52879,0,0,0,0,13
2020-06-27,US,Louisiana,St. Helena,89,1,0,30.82210324,-90.71013176,22091.0,878.4050532964864,1.1235955056179776,88,89,1,0,88,88,10262,0,0,0,0,1
2020-06-27,US,Louisiana,St. James,345,28,0,30.02531716,-90.80212061,22093.0,1635.3811149032992,8.115942028985508,317,345,28,0,317,340,21037,0,0,0,0,5
2020-06-27,US,Louisiana,St. John the Baptist,939,86,0,30.12597499,-90.4753503,22095.0,2192.030254219483,9.158679446219383,853,939,86,0,853,936,43184,0,0,0,0,3
2020-06-27,US,Louisiana,St. Landry,578,57,0,30.59724262,-92.00135806,22097.0,703.813745068433,9.86159169550173,521,578,57,0,521,540,82764,0,0,0,0,38
2020-06-27,US,Louisiana,St. Martin,638,26,0,30.13112107,-91.61403569,22099.0,1194.0633714510302,4.075235109717869,612,638,26,0,612,606,53621,0,0,0,0,32
2020-06-27,US,Louisiana,St. Mary,426,38,0,29.69262097,-91.44702164,22101.0,863.2568695793143,8.92018779342723,388,426,38,0,388,415,49774,0,0,0,0,11
2020-06-27,US,Louisiana,St. Tammany,2211,173,0,30.40942847,-89.95642711,22103.0,849.0163928131204,7.824513794663049,2038,2211,173,0,2038,2166,258111,0,0,0,0,45
2020-06-27,US,Louisiana,Tangipahoa,1248,43,0,30.62888673,-90.40664996,22105.0,926.1045726413273,3.4455128205128207,1205,1248,43,0,1205,1218,133777,0,0,0,0,30
2020-06-27,US,Louisiana,Tensas,24,0,0,32.00760749,-91.32915234,22107.0,553.7609598523304,0.0,24,24,0,0,24,24,4462,0,0,0,0,0
2020-06-27,US,Louisiana,Terrebonne,931,60,0,29.37343766,-90.82626855,22109.0,842.8314065597812,6.44468313641246,871,931,60,0,871,884,111021,0,0,0,0,47
2020-06-27,US,Louisiana,Unassigned,11,113,0,0.0,0.0,90022.0,0.0,1027.2727272727273,-102,11,113,0,-102,10,,0,0,0,0,1
2020-06-27,US,Louisiana,Union,405,24,0,32.83121059,-92.3749373,22111.0,1831.9160484892345,5.925925925925926,381,405,24,0,381,398,22330,0,0,0,0,7
2020-06-27,US,Louisiana,Vermilion,220,5,0,29.83517605,-92.30292538,22113.0,369.6795550402447,2.272727272727273,215,220,5,0,215,185,59830,0,0,0,0,35
2020-06-27,US,Louisiana,Vernon,107,7,0,31.10884837,-93.18153838,22115.0,225.60037108098427,6.542056074766355,100,107,7,0,100,96,48860,0,0,0,0,11
2020-06-27,US,Louisiana,Washington,625,46,0,30.85288548,-90.03866652,22117.0,1352.989565744469,7.36,579,625,46,0,579,615,46582,0,0,0,0,10
2020-06-27,US,Louisiana,Webster,391,10,0,32.70847669,-93.33121835,22119.0,1019.8226395409494,2.557544757033248,381,391,10,0,381,368,38798,0,0,0,0,23
2020-06-27,US,Louisiana,West Baton Rouge,243,30,0,30.46058217,-91.30989571,22121.0,918.1938409219723,12.345679012345679,213,243,30,0,213,243,26427,0,0,0,0,0
2020-06-27,US,Louisiana,West Carroll,114,5,0,32.78550125,-91.461201,22123.0,1052.6315789473683,4.385964912280701,109,114,5,0,109,111,10982,0,0,0,0,3
2020-06-27,US,Louisiana,West Feliciana,241,14,0,30.87882871,-91.41485379999999,22125.0,1548.0472764645426,5.809128630705394,227,241,14,0,227,241,15460,0,0,0,0,0
2020-06-27,US,Louisiana,Winn,238,5,0,31.94449367,-92.63789413,22127.0,1711.7376294591486,2.100840336134454,233,238,5,0,233,231,14134,0,0,0,0,7
2020-06-27,US,Maine,Androscoggin,469,4,0,44.1664747,-70.20380627,23001.0,433.148314046381,0.8528784648187633,465,464,4,0,460,460,107679,5,0,0,5,4
2020-06-27,US,Maine,Aroostook,23,1,0,46.65926321,-68.59841248,23003.0,34.30020132726866,4.3478260869565215,22,21,1,0,20,21,67111,2,0,0,2,0
2020-06-27,US,Maine,Cumberland,1656,60,0,43.8370751,-70.37226999,23005.0,561.3502235570486,3.6231884057971016,1596,1627,59,0,1568,1608,293557,29,1,0,28,19
2020-06-27,US,Maine,Franklin,39,1,0,44.97330019,-70.44381045,23007.0,129.14334911752044,2.5641025641025643,38,38,1,0,37,38,29897,1,0,0,1,0
2020-06-27,US,Maine,Hancock,16,1,0,44.59816444,-68.38401854,23009.0,29.09778674959536,6.25,15,16,1,0,15,15,54811,0,0,0,0,1
2020-06-27,US,Maine,Kennebec,143,9,0,44.40759555,-69.76738544,23011.0,116.92368072476327,6.293706293706293,134,143,9,0,134,142,122083,0,0,0,0,1
2020-06-27,US,Maine,Knox,24,1,0,44.11486325,-69.10529169,23013.0,60.34396057527909,4.166666666666667,23,24,1,0,23,24,39771,0,0,0,0,0
2020-06-27,US,Maine,Lincoln,23,0,0,44.05996956,-69.54227124,23015.0,66.40873130449847,0.0,23,22,0,0,22,21,34342,1,0,0,1,1
2020-06-27,US,Maine,Oxford,35,0,0,44.49952995,-70.75682123,23017.0,60.3708495040966,0.0,35,35,0,0,35,35,57618,0,0,0,0,0
2020-06-27,US,Maine,Penobscot,105,2,0,45.40194593,-68.65020455,23019.0,69.01175171543497,1.9047619047619049,103,104,2,0,102,105,151096,1,0,0,1,-1
2020-06-27,US,Maine,Piscataquis,3,0,0,45.83839062,-69.2860223,23021.0,17.873100983020553,0.0,3,2,0,0,2,2,16800,1,0,0,1,0
2020-06-27,US,Maine,Sagadahoc,34,0,0,43.95415864,-69.85074999,23023.0,94.82373940205264,0.0,34,32,0,0,32,32,35634,2,0,0,2,0
2020-06-27,US,Maine,Somerset,27,0,0,45.51229767,-69.95995554,23025.0,53.482291419063465,0.0,27,27,0,0,27,26,50592,0,0,0,0,1
2020-06-27,US,Maine,Unassigned,3,0,0,0.0,0.0,90023.0,0.0,0.0,3,6,0,0,6,2,,-3,0,0,-3,4
2020-06-27,US,Maine,Waldo,55,14,0,44.4858305,-69.12061935,23027.0,138.48671786478658,25.45454545454545,41,55,14,0,41,55,39694,0,0,0,0,0
2020-06-27,US,Maine,Washington,2,0,0,45.01607142,-67.62813524,23029.0,6.373689410115046,0.0,2,2,0,0,2,2,31490,0,0,0,0,0
2020-06-27,US,Maine,York,497,11,0,43.47808377,-70.71052375,23031.0,239.3554259515221,2.2132796780684103,486,484,11,0,473,482,206229,13,0,0,13,2
2020-06-27,US,Maryland,Allegany,204,17,0,39.62357628,-78.69280486,24001.0,289.70688479890936,8.333333333333334,187,204,17,0,187,203,70975,0,0,0,0,1
2020-06-27,US,Maryland,Anne Arundel,5042,206,0,39.00670238,-76.60329337,24003.0,870.4599522818066,4.085680285600952,4836,5005,203,0,4802,4985,576031,37,3,0,34,20
2020-06-27,US,Maryland,Baltimore,7800,465,0,39.45784712,-76.62911955,24005.0,942.7462924689077,5.961538461538463,7335,7768,461,0,7307,7710,828431,32,4,0,28,58
2020-06-27,US,Maryland,Baltimore City,7363,333,0,39.30211911,-76.61151012,24510.0,1240.6274747678985,4.522613065326633,7030,7299,330,0,6969,7258,621342,64,3,0,61,41
2020-06-27,US,Maryland,Calvert,408,26,0,38.53961642,-76.56820632,24009.0,440.9619021885977,6.372549019607844,382,404,26,0,378,403,92003,4,0,0,4,1
2020-06-27,US,Maryland,Caroline,315,3,0,38.87172293,-75.82904158,24011.0,942.9443812488774,0.9523809523809524,312,309,3,0,306,302,33304,6,0,0,6,7
2020-06-27,US,Maryland,Carroll,1104,110,0,39.56453592,-77.02373735,24013.0,655.3990275873123,9.96376811594203,994,1104,110,0,994,1101,168429,0,0,0,0,3
2020-06-27,US,Maryland,Cecil,473,29,0,39.56647682,-75.94627411,24015.0,459.87069175052255,6.13107822410148,444,462,29,0,433,460,102826,11,0,0,11,2
2020-06-27,US,Maryland,Charles,1362,86,0,38.51092331,-76.98580666,24017.0,834.2674433561807,6.31424375917768,1276,1357,86,0,1271,1350,161503,5,0,0,5,7
2020-06-27,US,Maryland,Dorchester,183,5,0,38.45413522,-76.02752426,24019.0,573.1466691722259,2.7322404371584703,178,182,5,0,177,184,31998,1,0,0,1,-2
2020-06-27,US,Maryland,Frederick,2465,117,0,39.47296601,-77.39999394,24021.0,949.7316478325697,4.746450304259635,2348,2448,116,0,2332,2441,255648,17,1,0,16,7
2020-06-27,US,Maryland,Garrett,10,0,0,39.52786077,-79.27355126,24023.0,34.46611980423244,0.0,10,10,0,0,10,10,29163,0,0,0,0,0
2020-06-27,US,Maryland,Harford,1090,61,0,39.55010644,-76.30775940000002,24025.0,426.713017878884,5.5963302752293576,1029,1078,61,0,1017,1078,253956,12,0,0,12,0
2020-06-27,US,Maryland,Howard,2490,85,0,39.25305293,-76.93126208,24027.0,764.5306886917008,3.4136546184738954,2405,2470,84,0,2386,2453,323196,20,1,0,19,17
2020-06-27,US,Maryland,Kent,196,23,0,39.24976208,-76.04741541,24029.0,1009.1648645865512,11.734693877551019,173,195,23,0,172,194,19383,1,0,0,1,1
2020-06-27,US,Maryland,Montgomery,14520,734,0,39.13676329,-77.20358245,24031.0,1381.9516354997868,5.055096418732783,13786,14471,730,0,13741,14381,1052567,49,4,0,45,90
2020-06-27,US,Maryland,Prince George's,18342,677,0,38.83070039,-76.8496441,24033.0,2017.096160127215,3.6909824446625232,17665,18307,676,0,17631,18249,909308,35,1,0,34,58
2020-06-27,US,Maryland,Queen Anne's,224,17,0,39.06198912,-76.03530977,24035.0,444.61205613227213,7.5892857142857135,207,220,17,0,203,215,50251,4,0,0,4,5
2020-06-27,US,Maryland,Somerset,86,3,0,38.1163542,-75.75118623,24039.0,335.72767020612116,3.4883720930232562,83,86,3,0,83,85,25675,0,0,0,0,1
2020-06-27,US,Maryland,St. Mary's,619,51,0,38.30058422,-76.60629279999998,24037.0,545.3264029600916,8.239095315024233,568,611,50,0,561,610,112664,8,1,0,7,1
2020-06-27,US,Maryland,Talbot,130,4,0,38.76618159,-76.10882561,24041.0,349.6409456442807,3.0769230769230766,126,121,4,0,117,119,36968,9,0,0,9,2
2020-06-27,US,Maryland,Unassigned,0,23,0,0.0,0.0,90024.0,0.0,0.0,-23,0,26,0,-26,0,,0,-3,0,3,0
2020-06-27,US,Maryland,Washington,684,26,0,39.60835778,-77.82002295,24043.0,452.8331865818377,3.801169590643275,658,663,26,0,637,653,150926,21,0,0,21,10
2020-06-27,US,Maryland,Wicomico,1058,40,0,38.37301947,-75.62705831,24045.0,1021.1468115704234,3.7807183364839316,1018,1059,40,0,1019,1055,103195,-1,0,0,-1,4
2020-06-27,US,Maryland,Worcester,282,16,0,38.21274277,-75.33200012,24047.0,539.4444869538603,5.673758865248227,266,282,16,0,266,278,51823,0,0,0,0,4
2020-06-27,US,Massachusetts,Barnstable,1531,143,0,41.72980578,-70.28854339,25001.0,718.8130898164231,9.340300457217506,1388,1530,143,0,1387,1525,213413,1,0,0,1,5
2020-06-27,US,Massachusetts,Berkshire,594,44,0,42.37428441,-73.20524838,25003.0,475.41298501728767,7.407407407407407,550,592,44,0,548,591,126348,2,0,0,2,1
2020-06-27,US,Massachusetts,Bristol,8176,567,0,41.79228404,-71.10872211,25005.0,1446.5240783628235,6.934931506849315,7609,8142,565,0,7577,8107,564022,34,2,0,32,35
2020-06-27,US,Massachusetts,Dukes and Nantucket,63,0,0,41.40674725,-70.68763497,0.0,219.2753471859664,0.0,63,60,0,0,60,59,26707,3,0,0,3,1
2020-06-27,US,Massachusetts,Essex,16028,1096,0,42.6687626,-70.94687179,25009.0,2031.3446568842407,6.838033441477416,14932,15975,1092,0,14883,15952,790638,53,4,0,49,23
2020-06-27,US,Massachusetts,Franklin,366,54,0,42.58119713,-72.58602547,25011.0,521.5161014534056,14.754098360655734,312,364,54,0,310,362,70963,2,0,0,2,2
2020-06-27,US,Massachusetts,Hampden,6729,659,0,42.13440424,-72.63235561,25013.0,1442.8396215896325,9.793431416257988,6070,6691,657,0,6034,6658,470406,38,2,0,36,33
2020-06-27,US,Massachusetts,Hampshire,955,110,0,42.33997957,-72.65898478,25015.0,593.7946900453895,11.518324607329845,845,952,109,0,843,952,161355,3,1,0,2,0
2020-06-27,US,Massachusetts,Middlesex,23859,1849,0,42.48607732,-71.39049229,25017.0,1480.3632688237692,7.749696131438871,22010,23786,1839,0,21947,23741,1614714,73,10,0,63,45
2020-06-27,US,Massachusetts,Norfolk,9125,927,0,42.16073095,-71.20530408,25021.0,1291.075660570903,10.158904109589043,8198,9100,927,0,8173,9082,705388,25,0,0,25,18
2020-06-27,US,Massachusetts,Plymouth,8661,660,0,41.94070556,-70.80802823,25023.0,1661.7357569617925,7.620367163145133,8001,8646,658,0,7988,8625,518132,15,2,0,13,21
2020-06-27,US,Massachusetts,Suffolk,19764,1004,0,42.327951399999996,-71.07850442,25025.0,2458.4933331840625,5.079943331309452,18760,19707,997,0,18710,19664,807252,57,7,0,50,43
2020-06-27,US,Massachusetts,Unassigned,289,7,0,0.0,0.0,90025.0,0.0,2.4221453287197234,282,285,7,0,278,283,,4,0,0,4,2
2020-06-27,US,Massachusetts,Worcester,12303,920,0,42.35026951,-71.90493363,25027.0,1481.179164529714,7.477850930667317,11383,12240,920,0,11320,12236,830839,63,0,0,63,4
2020-06-27,US,Michigan,Alcona,21,1,0,44.6846864,-83.59507875,26001.0,201.8260451705911,4.761904761904762,20,21,1,0,20,21,10362,0,0,0,0,0
2020-06-27,US,Michigan,Alger,3,0,0,46.41292944,-86.60260122,26003.0,32.93807641633729,0.0,3,2,0,0,2,2,9097,1,0,0,1,0
2020-06-27,US,Michigan,Allegan,303,6,0,42.59147037,-85.89102866,26005.0,256.60351792413684,1.98019801980198,297,302,6,0,296,301,117327,1,0,0,1,1
2020-06-27,US,Michigan,Alpena,117,11,0,45.03477666,-83.62212411,26007.0,411.8993135011442,9.401709401709402,106,117,11,0,106,117,28360,0,0,0,0,0
2020-06-27,US,Michigan,Antrim,18,0,0,44.99690221,-85.15503082,26009.0,77.17372663351055,0.0,18,18,0,0,18,18,23365,0,0,0,0,0
2020-06-27,US,Michigan,Arenac,38,2,0,44.0636262,-83.89277559,26011.0,255.32486729825973,5.2631578947368425,36,38,2,0,36,38,15041,0,0,0,0,0
2020-06-27,US,Michigan,Baraga,4,0,0,46.6720582,-88.36363591,26013.0,48.72700694359849,0.0,4,4,0,0,4,1,8320,0,0,0,0,3
2020-06-27,US,Michigan,Barry,96,2,0,42.59513984,-85.30834519,26015.0,155.9707554833469,2.083333333333333,94,95,2,0,93,95,61157,1,0,0,1,0
2020-06-27,US,Michigan,Bay,386,30,0,43.70639106,-83.98731479,26017.0,374.2994007330838,7.772020725388602,356,385,30,0,355,383,103923,1,0,0,1,2
2020-06-27,US,Michigan,Benzie,7,0,0,44.63899297,-86.01608482,26019.0,39.40110323089046,0.0,7,7,0,0,7,6,17753,0,0,0,0,1
2020-06-27,US,Michigan,Berrien,865,60,0,41.95447397,-86.41313079999998,26021.0,563.8815913846714,6.9364161849710975,805,860,60,0,800,859,154141,5,0,0,5,1
2020-06-27,US,Michigan,Branch,255,2,0,41.91600556,-85.05929476,26023.0,585.9778936967163,0.7843137254901961,253,254,2,0,252,254,43622,1,0,0,1,0
2020-06-27,US,Michigan,Calhoun,523,32,0,42.24633834,-85.00493569,26025.0,389.8359409357552,6.118546845124282,491,523,32,0,491,517,134487,0,0,0,0,6
2020-06-27,US,Michigan,Cass,134,4,0,41.91522292,-85.99405727,26027.0,258.7521964971904,2.985074626865672,130,134,4,0,130,131,51653,0,0,0,0,3
2020-06-27,US,Michigan,Charlevoix,26,2,0,45.37790017,-85.19614053,26029.0,99.45300845350573,7.6923076923076925,24,26,2,0,24,26,26244,0,0,0,0,0
2020-06-27,US,Michigan,Cheboygan,28,2,0,45.44787015,-84.50122149,26031.0,110.77702168064569,7.142857142857142,26,27,2,0,25,27,25413,1,0,0,1,0
2020-06-27,US,Michigan,Chippewa,3,0,0,46.29552653,-84.54353449,26033.0,8.032343570108972,0.0,3,3,0,0,3,3,37517,0,0,0,0,0
2020-06-27,US,Michigan,Clare,27,3,0,43.98794227,-84.84819859999998,26035.0,87.23747980613894,11.111111111111109,24,27,3,0,24,27,30757,0,0,0,0,0
2020-06-27,US,Michigan,Clinton,215,12,0,42.94400871,-84.60145248,26037.0,270.1174696903072,5.5813953488372094,203,214,12,0,202,207,79332,1,0,0,1,7
2020-06-27,US,Michigan,Crawford,68,5,0,44.68255561,-84.61006219,26039.0,484.71024306793066,7.352941176470589,63,68,5,0,63,68,13901,0,0,0,0,0
2020-06-27,US,Michigan,Delta,21,3,0,45.90484910000001,-86.9080745,26041.0,58.685446009389665,14.285714285714285,18,21,3,0,18,22,35857,0,0,0,0,-1
2020-06-27,US,Michigan,Dickinson,7,2,0,46.00999672,-87.86961634,26043.0,27.734854788224567,28.57142857142857,5,7,2,0,5,7,25383,0,0,0,0,0
2020-06-27,US,Michigan,Eaton,311,7,0,42.59599185,-84.83740035,26045.0,282.04012043385205,2.2508038585209005,304,306,7,0,299,297,109826,5,0,0,5,9
2020-06-27,US,Michigan,Emmet,27,2,0,45.52625509,-84.89083249,26047.0,80.80203501421518,7.407407407407407,25,27,2,0,25,27,33308,0,0,0,0,0
2020-06-27,US,Michigan,Federal Correctional Institution (FCI),181,5,0,0.0,0.0,0.0,0.0,2.7624309392265194,176,179,5,0,174,178,,2,0,0,2,1
2020-06-27,US,Michigan,Genesee,2683,288,0,43.02244215,-83.70589709,26049.0,661.1419545455666,10.734252702199033,2395,2682,285,0,2397,2669,406892,1,3,0,-2,13
2020-06-27,US,Michigan,Gladwin,26,1,0,43.98901072,-84.38774817,26051.0,102.16511454281112,3.8461538461538463,25,26,1,0,25,26,25337,0,0,0,0,0
2020-06-27,US,Michigan,Gogebic,7,1,0,46.40862701,-89.69377193,26053.0,50.08944543828265,14.285714285714285,6,6,1,0,5,6,15096,1,0,0,1,0
2020-06-27,US,Michigan,Grand Traverse,42,5,0,44.69565625,-85.55585247,26055.0,45.118597456170505,11.904761904761903,37,39,5,0,34,39,92573,3,0,0,3,0
2020-06-27,US,Michigan,Gratiot,92,13,0,43.29265605,-84.60505416,26057.0,225.98314951732948,14.130434782608695,79,92,13,0,79,92,40599,0,0,0,0,0
2020-06-27,US,Michigan,Hillsdale,192,25,0,41.88753639,-84.59312019,26059.0,421.0064685889705,13.020833333333336,167,191,25,0,166,192,45749,1,0,0,1,-1
2020-06-27,US,Michigan,Houghton,11,0,0,46.89988536,-88.68495385,26061.0,30.82614056720099,0.0,11,11,0,0,11,11,36219,0,0,0,0,0
2020-06-27,US,Michigan,Huron,65,3,0,43.83353985,-83.04078453,26063.0,209.80601013524415,4.615384615384615,62,64,3,0,61,64,31166,1,0,0,1,0
2020-06-27,US,Michigan,Ingham,980,29,0,42.59716886,-84.37472069,26065.0,335.1504415094081,2.959183673469388,951,954,29,0,925,916,292735,26,0,0,26,38
2020-06-27,US,Michigan,Ionia,193,4,0,42.94502238,-85.07413319,26067.0,298.3136776048348,2.0725388601036268,189,192,4,0,188,193,64210,1,0,0,1,-1
2020-06-27,US,Michigan,Iosco,111,10,0,44.35486835,-83.63484895,26069.0,441.7558801289449,9.00900900900901,101,111,10,0,101,111,25081,0,0,0,0,0
2020-06-27,US,Michigan,Iron,5,1,0,46.20974132,-88.53136251,26071.0,45.18344478583048,20.0,4,5,0,0,5,5,11117,0,1,0,-1,0
2020-06-27,US,Michigan,Isabella,121,8,0,43.64060976,-84.84664923,26073.0,173.17380352644835,6.6115702479338845,113,121,8,0,113,120,70562,0,0,0,0,1
2020-06-27,US,Michigan,Jackson,494,30,0,42.24807035,-84.42258681,26075.0,311.6522616869598,6.0728744939271255,464,492,30,0,462,489,158823,2,0,0,2,3
2020-06-27,US,Michigan,Kalamazoo,1055,67,0,42.24542231,-85.53038622,26077.0,398.01407951227236,6.350710900473933,988,1048,67,0,981,1042,264870,7,0,0,7,6
2020-06-27,US,Michigan,Kalkaska,32,2,0,44.68512729,-85.09085699,26079.0,177.40325978489858,6.25,30,32,2,0,30,31,17824,0,0,0,0,1
2020-06-27,US,Michigan,Kent,4816,132,0,43.03197711,-85.54934642,26081.0,733.0791302296201,2.740863787375415,4684,4777,130,0,4647,4717,653786,39,2,0,37,60
2020-06-27,US,Michigan,Keweenaw,1,0,0,47.63197653,-88.41434263,26083.0,47.25897920604915,0.0,1,1,0,0,1,1,2113,0,0,0,0,0
2020-06-27,US,Michigan,Lake,7,0,0,43.99050893,-85.802173,26085.0,59.05677887454653,0.0,7,7,0,0,7,7,11881,0,0,0,0,0
2020-06-27,US,Michigan,Lapeer,288,31,0,43.09052506,-83.22153148,26087.0,328.7408540413437,10.763888888888891,257,278,31,0,247,276,88028,10,0,0,10,2
2020-06-27,US,Michigan,Leelanau,16,0,0,44.94430054,-85.80150326,26089.0,73.52603281099215,0.0,16,20,0,0,20,20,21764,-4,0,0,-4,0
2020-06-27,US,Michigan,Lenawee,209,6,0,41.89475156,-84.06603727,26091.0,212.28834648708494,2.8708133971291865,203,207,6,0,201,205,98266,2,0,0,2,2
2020-06-27,US,Michigan,Livingston,561,28,0,42.60302282,-83.91297209,26093.0,292.19510924763665,4.9910873440285215,533,552,28,0,524,550,191224,9,0,0,9,2
2020-06-27,US,Michigan,Luce,3,0,0,46.47227431,-85.54471223,26095.0,48.16182372772515,0.0,3,3,0,0,3,3,6283,0,0,0,0,0
2020-06-27,US,Michigan,Mackinac,8,0,0,46.07028979,-85.04980537,26097.0,74.0809334197611,0.0,8,8,0,0,8,8,10787,0,0,0,0,0
2020-06-27,US,Michigan,Macomb,7271,905,0,42.69158356,-82.92752801,26099.0,831.9488496198962,12.446706092697015,6366,7252,901,0,6351,7225,874759,19,4,0,15,27
2020-06-27,US,Michigan,Manistee,16,0,0,44.33352407,-86.05626916,26101.0,65.15188533268181,0.0,16,16,0,0,16,16,24528,0,0,0,0,0
2020-06-27,US,Michigan,Marquette,64,11,0,46.4338914,-87.64043701,26103.0,95.95346257065323,17.1875,53,64,11,0,53,63,66516,0,0,0,0,1
2020-06-27,US,Michigan,Mason,45,0,0,43.99509218,-86.24988902,26105.0,154.40570958001646,0.0,45,43,0,0,43,43,29100,2,0,0,2,0
2020-06-27,US,Michigan,Mecosta,29,2,0,43.64064262,-85.32463223,26107.0,66.7387752284077,6.896551724137932,27,29,2,0,27,29,43545,0,0,0,0,0
2020-06-27,US,Michigan,Menominee,15,0,0,45.58038692,-87.55370409,26109.0,65.84723441615452,0.0,15,14,0,0,14,14,22983,1,0,0,1,0
2020-06-27,US,Michigan,Michigan Department of Corrections (MDOC),4101,68,0,0.0,0.0,0.0,0.0,1.6581321628871006,4033,4100,68,0,4032,4099,,1,0,0,1,1
2020-06-27,US,Michigan,Midland,160,9,0,43.64330771,-84.38804374,26111.0,192.4094473038626,5.625,151,160,9,0,151,161,83209,0,0,0,0,-1
2020-06-27,US,Michigan,Missaukee,28,1,0,44.33772443,-85.09256478,26113.0,185.2096838206112,3.571428571428572,27,26,1,0,25,24,15113,2,0,0,2,2
2020-06-27,US,Michigan,Monroe,602,21,0,41.92734151,-83.53749864,26115.0,400.0,3.4883720930232562,581,597,21,0,576,591,150439,5,0,0,5,6
2020-06-27,US,Michigan,Montcalm,86,1,0,43.31082541,-85.15252824,26117.0,134.61056849486602,1.162790697674419,85,85,1,0,84,83,63968,1,0,0,1,2
2020-06-27,US,Michigan,Montmorency,5,0,0,45.0275929,-84.12696227,26119.0,53.60205831903945,0.0,5,5,0,0,5,5,9265,0,0,0,0,0
2020-06-27,US,Michigan,Muskegon,806,50,0,43.29123859,-86.15176712,26121.0,464.3766636322782,6.2034739454094305,756,806,49,0,757,796,173588,0,1,0,-1,10
2020-06-27,US,Michigan,Newaygo,163,0,0,43.554373999999996,-85.80070107,26123.0,332.78889342588815,0.0,163,163,0,0,163,162,48892,0,0,0,0,1
2020-06-27,US,Michigan,Oakland,11886,1085,0,42.66090111,-83.38595416,26125.0,945.1456125395996,9.128386336866901,10801,11843,1084,0,10759,11826,1259201,43,1,0,42,17
2020-06-27,US,Michigan,Oceana,249,3,0,43.64124435,-86.26726673,26127.0,940.7941965466431,1.2048192771084338,246,235,3,0,232,222,26625,14,0,0,14,13
2020-06-27,US,Michigan,Ogemaw,32,2,0,44.33481032,-84.12725175,26129.0,152.40272419869504,6.25,30,32,2,0,30,32,20952,0,0,0,0,0
2020-06-27,US,Michigan,Osceola,26,0,0,43.98992088,-85.32566756,26133.0,110.82693947144077,0.0,26,26,0,0,26,25,23341,0,0,0,0,1
2020-06-27,US,Michigan,Oscoda,14,1,0,44.68192279,-84.12939244,26135.0,169.88229583788376,7.142857142857142,13,15,1,0,14,14,8276,-1,0,0,-1,1
2020-06-27,US,Michigan,Otsego,122,10,0,45.02085831,-84.59898295,26137.0,494.56786119669215,8.196721311475411,112,122,10,0,112,122,24665,0,0,0,0,0
2020-06-27,US,Michigan,Ottawa,1008,51,0,42.95996803,-85.9969107,26139.0,345.4065723195011,5.059523809523808,957,1000,51,0,949,983,290494,8,0,0,8,17
2020-06-27,US,Michigan,Out of MI,90,0,0,0.0,0.0,80026.0,0.0,0.0,90,81,0,0,81,70,,9,0,0,9,11
2020-06-27,US,Michigan,Presque Isle,12,0,0,45.34018577,-83.91498656,26141.0,95.29860228716646,0.0,12,12,0,0,12,12,12738,0,0,0,0,0
2020-06-27,US,Michigan,Roscommon,26,0,0,44.33473082,-84.61067651,26143.0,108.2476372871477,0.0,26,26,0,0,26,26,23884,0,0,0,0,0
2020-06-27,US,Michigan,Saginaw,1260,123,0,43.33433923,-84.05131209999998,26145.0,661.2819422795333,9.761904761904765,1137,1254,123,0,1131,1247,190800,6,0,0,6,7
2020-06-27,US,Michigan,Sanilac,44,6,0,43.42406072,-82.82055898,26151.0,106.8739373330095,13.636363636363635,38,44,6,0,38,44,41182,0,0,0,0,0
2020-06-27,US,Michigan,Schoolcraft,4,0,0,46.19235734,-86.19972234,26153.0,49.419322955275504,0.0,4,4,0,0,4,4,8068,0,0,0,0,0
2020-06-27,US,Michigan,Shiawassee,269,27,0,42.95392800000001,-84.14585902,26155.0,394.8797745221808,10.037174721189592,242,268,27,0,241,268,68192,1,0,0,1,0
2020-06-27,US,Michigan,St. Clair,547,49,0,42.92655373,-82.67937954,26147.0,343.7484289377105,8.957952468007313,498,543,49,0,494,535,159337,4,0,0,4,8
2020-06-27,US,Michigan,St. Joseph,276,3,0,41.91441767,-85.52797979,26149.0,452.7261990683026,1.0869565217391304,273,262,3,0,259,255,61043,14,0,0,14,7
2020-06-27,US,Michigan,Tuscola,233,26,0,43.46606813,-83.41897025,26157.0,445.9756914537276,11.158798283261802,207,233,26,0,207,229,52516,0,0,0,0,4
2020-06-27,US,Michigan,Unassigned,3,0,0,0.0,0.0,90026.0,0.0,0.0,3,13,0,0,13,4,,-10,0,0,-10,9
2020-06-27,US,Michigan,Van Buren,224,7,0,42.25190229,-86.01939087,26159.0,295.99482009064843,3.125,217,224,7,0,217,224,75448,0,0,0,0,0
2020-06-27,US,Michigan,Washtenaw,1661,104,0,42.253105,-83.83853204,26161.0,451.84860759355934,6.261288380493679,1557,1649,104,0,1545,1639,370963,12,0,0,12,10
2020-06-27,US,Michigan,Wayne,22579,2708,0,42.28098405,-83.281255,26163.0,1290.713142019604,11.99344523672439,19871,22479,2701,0,19778,22453,1753893,100,7,0,93,26
2020-06-27,US,Michigan,Wexford,21,3,0,44.33853602,-85.57712739,26165.0,62.44238946210341,14.285714285714285,18,20,3,0,17,19,33466,1,0,0,1,1
2020-06-27,US,Minnesota,Aitkin,13,0,0,46.60962049,-93.41168259999999,27001.0,81.83306055646482,0.0,13,13,0,0,13,13,15902,0,0,0,0,0
2020-06-27,US,Minnesota,Anoka,2020,105,0,45.27476015,-93.24604565,27003.0,565.9515691147341,5.198019801980198,1915,1990,103,0,1887,1961,353813,30,2,0,28,29
2020-06-27,US,Minnesota,Becker,54,0,0,46.93479392,-95.67158144,27005.0,156.87185893152838,0.0,54,53,0,0,53,53,34371,1,0,0,1,0
2020-06-27,US,Minnesota,Beltrami,27,0,0,47.97373527,-94.93732139,27007.0,57.217936763583964,0.0,27,27,0,0,27,27,46847,0,0,0,0,0
2020-06-27,US,Minnesota,Benton,207,3,0,45.69804958,-93.99514135,27009.0,506.2486243243905,1.4492753623188406,204,203,3,0,200,203,40545,4,0,0,4,0
2020-06-27,US,Minnesota,Big Stone,14,0,0,45.42712824,-96.41403739,27011.0,280.50490883590464,0.0,14,14,0,0,14,14,4989,0,0,0,0,0
2020-06-27,US,Minnesota,Blue Earth,335,2,0,44.03554215,-94.06699781,27013.0,495.17390211816183,0.5970149253731343,333,317,2,0,315,281,67427,18,0,0,18,36
2020-06-27,US,Minnesota,Brown,23,2,0,44.24205652,-94.72562874,27015.0,91.97056941778631,8.695652173913043,21,23,2,0,21,22,25111,0,0,0,0,1
2020-06-27,US,Minnesota,Carlton,81,0,0,46.59180601,-92.67601019,27017.0,225.8091494522037,0.0,81,81,0,0,81,81,35837,0,0,0,0,0
2020-06-27,US,Minnesota,Carver,323,1,0,44.82017001,-93.80099179999999,27019.0,307.3585246790816,0.30959752321981426,322,316,1,0,315,308,103551,7,0,0,7,8
2020-06-27,US,Minnesota,Cass,11,2,0,46.95043611,-94.32603968,27021.0,36.93878236341045,18.181818181818183,9,11,2,0,9,11,29519,0,0,0,0,0
2020-06-27,US,Minnesota,Chippewa,74,1,0,45.02343421,-95.56403693,27023.0,627.1186440677966,1.351351351351351,73,70,1,0,69,69,11924,4,0,0,4,1
2020-06-27,US,Minnesota,Chisago,90,1,0,45.5021011,-92.90861945,27025.0,159.0696194701214,1.1111111111111112,89,90,1,0,89,88,55922,0,0,0,0,2
2020-06-27,US,Minnesota,Clay,556,37,0,46.89289518,-96.48761922,27027.0,865.7469403008314,6.654676258992807,519,545,37,0,508,537,63955,11,0,0,11,8
2020-06-27,US,Minnesota,Clearwater,7,0,0,47.57992111,-95.37790562,27029.0,79.38308006350647,0.0,7,7,0,0,7,7,8810,0,0,0,0,0
2020-06-27,US,Minnesota,Cook,1,0,0,47.90504893,-90.52629546,27031.0,18.304960644334614,0.0,1,1,0,0,1,1,5393,0,0,0,0,0
2020-06-27,US,Minnesota,Cottonwood,131,0,0,44.00715262,-95.18138802,27033.0,1170.0607359771348,0.0,131,130,0,0,130,127,11277,1,0,0,1,3
2020-06-27,US,Minnesota,Crow Wing,101,11,0,46.48096553,-94.06755609,27035.0,155.25324725232497,10.891089108910892,90,100,11,0,89,97,64889,1,0,0,1,3
2020-06-27,US,Minnesota,Dakota,2090,86,0,44.67172617,-93.06299363,27037.0,487.15564039988715,4.114832535885167,2004,2061,86,0,1975,2012,425423,29,0,0,29,49
2020-06-27,US,Minnesota,Dodge,74,0,0,44.02238415,-92.86244324,27039.0,353.491927008694,0.0,74,70,0,0,70,67,20822,4,0,0,4,3
2020-06-27,US,Minnesota,Douglas,58,0,0,45.93348491,-95.45335469,27041.0,152.06732912089353,0.0,58,55,0,0,55,55,37964,3,0,0,3,0
2020-06-27,US,Minnesota,Faribault,45,0,0,43.67381499,-93.94787458,27043.0,329.5978905735003,0.0,45,44,0,0,44,41,13758,1,0,0,1,3
2020-06-27,US,Minnesota,Fillmore,25,0,0,43.67394126,-92.08980382,27045.0,118.66900840176581,0.0,25,24,0,0,24,23,21058,1,0,0,1,1
2020-06-27,US,Minnesota,Freeborn,271,0,0,43.67385583,-93.34884422,27047.0,894.950629107361,0.0,271,265,0,0,265,262,30444,6,0,0,6,3
2020-06-27,US,Minnesota,Goodhue,113,8,0,44.40849741,-92.72341949999999,27049.0,243.84980578334049,7.079646017699115,105,111,8,0,103,109,46403,2,0,0,2,2
2020-06-27,US,Minnesota,Grant,6,0,0,45.93424769,-96.01139609,27051.0,100.46885465505692,0.0,6,6,0,0,6,6,6021,0,0,0,0,0
2020-06-27,US,Minnesota,Hennepin,11415,764,0,45.00761521,-93.47694895,27053.0,901.7705987235383,6.692947875602277,10651,11308,761,0,10547,11178,1259428,107,3,0,104,130
2020-06-27,US,Minnesota,Houston,20,0,0,43.67129565,-91.49143057,27055.0,107.52688172043013,0.0,20,17,0,0,17,16,18578,3,0,0,3,1
2020-06-27,US,Minnesota,Hubbard,5,0,0,47.10778564,-94.91693868,27057.0,23.265553022195334,0.0,5,5,0,0,5,5,21332,0,0,0,0,0
2020-06-27,US,Minnesota,Isanti,58,0,0,45.56181234,-93.29487636,27059.0,142.8712188392945,0.0,58,56,0,0,56,56,39966,2,0,0,2,0
2020-06-27,US,Minnesota,Itasca,64,12,0,47.51009045,-93.63092229,27061.0,141.81254154664302,18.75,52,63,12,0,51,63,45108,1,0,0,1,0
2020-06-27,US,Minnesota,Jackson,53,0,0,43.67423373,-95.15398258,27063.0,538.2896607759496,0.0,53,53,0,0,53,53,9911,0,0,0,0,0
2020-06-27,US,Minnesota,Kanabec,13,1,0,45.9459309,-93.29275192,27065.0,79.57397318969211,7.6923076923076925,12,13,1,0,12,13,16207,0,0,0,0,0
2020-06-27,US,Minnesota,Kandiyohi,564,1,0,45.1526059,-95.00586446,27067.0,1305.5857774485519,0.1773049645390071,563,564,1,0,563,564,42855,0,0,0,0,0
2020-06-27,US,Minnesota,Kittson,2,0,0,48.77754106,-96.78317184,27069.0,46.533271288971605,0.0,2,2,0,0,2,1,4248,0,0,0,0,1
2020-06-27,US,Minnesota,Koochiching,10,0,0,48.24539665,-93.78352843,27071.0,81.77283506419168,0.0,10,10,0,0,10,9,12440,0,0,0,0,1
2020-06-27,US,Minnesota,Lac qui Parle,4,0,0,44.9973857,-96.17488219,27073.0,60.3955911218481,0.0,4,4,0,0,4,4,6658,0,0,0,0,0
2020-06-27,US,Minnesota,Lake,5,0,0,47.64270764,-91.44557998,27075.0,46.988065031482,0.0,5,5,0,0,5,5,10658,0,0,0,0,0
2020-06-27,US,Minnesota,Le Sueur,75,1,0,44.37136597,-93.72844721,27079.0,259.6323605774224,1.3333333333333333,74,75,1,0,74,71,28494,0,0,0,0,4
2020-06-27,US,Minnesota,Lincoln,7,0,0,44.41311883,-96.26688165,27081.0,124.13548501507358,0.0,7,7,0,0,7,7,5673,0,0,0,0,0
2020-06-27,US,Minnesota,Lyon,291,2,0,44.41327865,-95.83806103,27083.0,1142.341210646149,0.6872852233676976,289,289,2,0,287,284,25629,2,0,0,2,5
2020-06-27,US,Minnesota,Mahnomen,7,1,0,47.32557075,-95.80921485,27087.0,126.65098606839152,14.285714285714285,6,7,1,0,6,6,5519,0,0,0,0,1
2020-06-27,US,Minnesota,Marshall,12,0,0,48.35825983,-96.37017407,27089.0,128.53470437017995,0.0,12,12,0,0,12,12,9390,0,0,0,0,0
2020-06-27,US,Minnesota,Martin,152,5,0,43.67429718,-94.55099908,27091.0,772.2400040644211,3.2894736842105265,147,151,5,0,146,148,19785,1,0,0,1,3
2020-06-27,US,Minnesota,McLeod,80,0,0,44.82367677,-94.27287017,27085.0,222.88468503607945,0.0,80,80,0,0,80,75,35873,0,0,0,0,5
2020-06-27,US,Minnesota,Meeker,57,1,0,45.12328869,-94.52839455,27093.0,245.45689432434762,1.7543859649122806,56,57,1,0,56,57,23141,0,0,0,0,0
2020-06-27,US,Minnesota,Mille Lacs,32,1,0,45.93705297,-93.63236823,27095.0,121.77950298740343,3.125,31,31,1,0,30,31,26139,1,0,0,1,0
2020-06-27,US,Minnesota,Morrison,57,1,0,46.01265363,-94.27341528,27097.0,170.73024621098662,1.7543859649122806,56,57,1,0,56,56,33169,0,0,0,0,1
2020-06-27,US,Minnesota,Mower,894,2,0,43.67142874,-92.75234549,27099.0,2231.54111127752,0.22371364653243847,892,868,2,0,866,847,40011,26,0,0,26,21
2020-06-27,US,Minnesota,Murray,48,0,0,44.02216709,-95.76328482,27101.0,585.7944837686111,0.0,48,47,0,0,47,47,8276,1,0,0,1,0
2020-06-27,US,Minnesota,Nicollet,123,12,0,44.35291112,-94.24710352,27103.0,358.8726148100601,9.75609756097561,111,120,12,0,108,115,34220,3,0,0,3,5
2020-06-27,US,Minnesota,Nobles,1644,6,0,43.67434621,-95.75329576,27105.0,7600.906190762404,0.36496350364963503,1638,1643,6,0,1637,1637,21924,1,0,0,1,6
2020-06-27,US,Minnesota,Norman,19,0,0,47.32628443,-96.45620947,27107.0,298.0392156862745,0.0,19,19,0,0,19,19,6475,0,0,0,0,0
2020-06-27,US,Minnesota,Olmsted,998,15,0,44.00374114,-92.40209944,27109.0,630.4763950395785,1.503006012024048,983,970,15,0,955,948,156277,28,0,0,28,22
2020-06-27,US,Minnesota,Otter Tail,87,1,0,46.40846929,-95.70835255,27111.0,148.09518945970788,1.1494252873563218,86,86,1,0,85,85,58812,1,0,0,1,1
2020-06-27,US,Minnesota,Pennington,50,0,0,48.06642577,-96.0370814,27113.0,354.1327289468092,0.0,50,50,0,0,50,50,14178,0,0,0,0,0
2020-06-27,US,Minnesota,Pine,98,0,0,46.12105238,-92.74070188,27115.0,331.31613644815576,0.0,98,98,0,0,98,98,29483,0,0,0,0,0
2020-06-27,US,Minnesota,Pipestone,16,0,0,44.02301619,-96.25841142,27117.0,175.32325224632916,0.0,16,16,0,0,16,15,9047,0,0,0,0,1
2020-06-27,US,Minnesota,Polk,77,2,0,47.77372465,-96.40134647,27119.0,245.5043999489861,2.5974025974025974,75,78,2,0,76,75,31529,-1,0,0,-1,3
2020-06-27,US,Minnesota,Pope,10,0,0,45.58606667,-95.44451209,27121.0,88.8967908258512,0.0,10,10,0,0,10,10,11097,0,0,0,0,0
2020-06-27,US,Minnesota,Ramsey,4563,217,0,45.01625271,-93.09872295,27123.0,829.1524401213111,4.755643217181678,4346,4508,217,0,4291,4474,550210,55,0,0,55,34
2020-06-27,US,Minnesota,Red Lake,3,0,0,47.87197525,-96.09561104,27125.0,73.98273736128236,0.0,3,3,0,0,3,3,3999,0,0,0,0,0
2020-06-27,US,Minnesota,Redwood,14,0,0,44.40555844,-95.25207021,27127.0,92.2874093605801,0.0,14,14,0,0,14,12,15249,0,0,0,0,2
2020-06-27,US,Minnesota,Renville,19,1,0,44.72836381,-94.94553734,27129.0,130.60214462469068,5.2631578947368425,18,19,1,0,18,19,14612,0,0,0,0,0
2020-06-27,US,Minnesota,Rice,783,4,0,44.3543376,-93.29658715,27131.0,1169.1453144597742,0.5108556832694764,779,780,4,0,776,771,66523,3,0,0,3,9
2020-06-27,US,Minnesota,Rock,29,0,0,43.67482683,-96.25296832,27133.0,311.3258185721954,0.0,29,29,0,0,29,28,9414,0,0,0,0,1
2020-06-27,US,Minnesota,Roseau,6,0,0,48.77501878,-95.81079919,27135.0,39.564787339268044,0.0,6,6,0,0,6,6,15150,0,0,0,0,0
2020-06-27,US,Minnesota,Scott,627,4,0,44.6490231,-93.53340251,27139.0,420.76865776811417,0.6379585326953748,623,616,4,0,612,609,147381,11,0,0,11,7
2020-06-27,US,Minnesota,Sherburne,287,4,0,45.44447208,-93.77617511,27141.0,295.1521010304613,1.3937282229965158,283,283,4,0,279,278,96036,4,0,0,4,5
2020-06-27,US,Minnesota,Sibley,40,2,0,44.5796592,-94.23164924,27143.0,269.0884628321561,5.0,38,37,2,0,35,35,15028,3,0,0,3,2
2020-06-27,US,Minnesota,St. Louis,152,14,0,47.604840700000004,-92.46879855,27137.0,76.35505098708997,9.210526315789474,138,152,14,0,138,151,199754,0,0,0,0,1
2020-06-27,US,Minnesota,Stearns,2166,19,0,45.55192576,-94.61078221,27145.0,1344.715194785038,0.8771929824561403,2147,2156,19,0,2137,2141,159256,10,0,0,10,15
2020-06-27,US,Minnesota,Steele,212,0,0,44.02240351,-93.22627088,27147.0,578.4605309831102,0.0,212,209,0,0,209,206,36803,3,0,0,3,3
2020-06-27,US,Minnesota,Stevens,3,0,0,45.58613007,-96.00163705,27149.0,30.596634370219284,0.0,3,3,0,0,3,3,9753,0,0,0,0,0
2020-06-27,US,Minnesota,Swift,20,1,0,45.2829032,-95.68264092,27151.0,215.8428663932657,5.0,19,20,1,0,19,20,9345,0,0,0,0,0
2020-06-27,US,Minnesota,Todd,395,2,0,46.06996226,-94.89785296,27153.0,1601.5244891339605,0.5063291139240507,393,395,2,0,393,395,24582,0,0,0,0,0
2020-06-27,US,Minnesota,Traverse,5,0,0,45.77298854,-96.47062949,27155.0,153.42129487572873,0.0,5,5,0,0,5,5,3308,0,0,0,0,0
2020-06-27,US,Minnesota,Unassigned,82,35,0,0.0,0.0,90027.0,0.0,42.68292682926829,47,81,35,0,46,79,,1,0,0,1,2
2020-06-27,US,Minnesota,Wabasha,30,0,0,44.28424356,-92.23121312,27157.0,138.71549452073796,0.0,30,28,0,0,28,29,21645,2,0,0,2,-1
2020-06-27,US,Minnesota,Wadena,15,0,0,46.58589171,-94.96968506,27159.0,109.63309457681623,0.0,15,15,0,0,15,15,13773,0,0,0,0,0
2020-06-27,US,Minnesota,Waseca,52,0,0,44.02211116,-93.58720034,27161.0,279.38964109176874,0.0,52,51,0,0,51,46,18691,1,0,0,1,5
2020-06-27,US,Minnesota,Washington,968,40,0,45.03864533,-92.88429635,27163.0,368.8462124676116,4.132231404958676,928,948,39,0,909,926,259201,20,1,0,19,22
2020-06-27,US,Minnesota,Watonwan,190,0,0,43.97823903,-94.61413846,27165.0,1743.599155730935,0.0,190,186,0,0,186,175,10980,4,0,0,4,11
2020-06-27,US,Minnesota,Wilkin,20,3,0,46.35721532,-96.4684375,27167.0,322.2168519413565,15.0,17,20,3,0,17,20,6254,0,0,0,0,0
2020-06-27,US,Minnesota,Winona,110,15,0,43.98772283,-91.78081305,27169.0,217.8908168924808,13.636363636363635,95,110,15,0,95,107,50825,0,0,0,0,3
2020-06-27,US,Minnesota,Wright,420,4,0,45.17297924,-93.96234781,27171.0,303.51864833028617,0.9523809523809524,416,419,4,0,415,411,136349,1,0,0,1,8
2020-06-27,US,Minnesota,Yellow Medicine,25,0,0,44.71710183,-95.86842453,27173.0,257.4930476877124,0.0,25,25,0,0,25,24,9795,0,0,0,0,1
2020-06-27,US,Mississippi,Adams,248,18,0,31.47669768,-91.35326037,28001.0,808.0018245202489,7.258064516129032,230,243,18,0,225,242,31192,5,0,0,5,1
2020-06-27,US,Mississippi,Alcorn,53,1,0,34.88084463,-88.57996173,28003.0,143.4254323059021,1.8867924528301887,52,51,1,0,50,47,36925,2,0,0,2,4
2020-06-27,US,Mississippi,Amite,80,2,0,31.17467303,-90.80501621,28005.0,650.5651784988207,2.5,78,81,2,0,79,81,12326,-1,0,0,-1,0
2020-06-27,US,Mississippi,Attala,345,23,0,33.08658803,-89.57838564,28007.0,1898.3162759986794,6.666666666666668,322,346,23,0,323,341,18365,-1,0,0,-1,5
2020-06-27,US,Mississippi,Benton,25,0,0,34.81681228,-89.18945516,28009.0,302.70008475602367,0.0,25,24,0,0,24,25,8271,1,0,0,1,-1
2020-06-27,US,Mississippi,Bolivar,242,13,0,33.79696941,-90.87372121,28011.0,790.1266814679378,5.371900826446281,229,236,13,0,223,233,31333,6,0,0,6,3
2020-06-27,US,Mississippi,Calhoun,110,4,0,33.93683395,-89.33686647,28013.0,765.9633730241627,3.636363636363636,106,108,4,0,104,108,14436,2,0,0,2,0
2020-06-27,US,Mississippi,Carroll,147,11,0,33.44834567,-89.91994479,28015.0,1477.8325123152706,7.482993197278912,136,145,11,0,134,141,9911,2,0,0,2,4
2020-06-27,US,Mississippi,Chickasaw,232,18,0,33.91983202,-88.9481545,28017.0,1356.4871659942698,7.758620689655173,214,227,18,0,209,217,17171,5,0,0,5,10
2020-06-27,US,Mississippi,Choctaw,70,4,0,33.34598242,-89.24809382,28019.0,852.6187576126674,5.7142857142857135,66,69,4,0,65,68,8278,1,0,0,1,1
2020-06-27,US,Mississippi,Claiborne,211,10,0,31.97061673,-90.90702196,28021.0,2347.574543836226,4.739336492890995,201,202,10,0,192,200,9002,9,0,0,9,2
2020-06-27,US,Mississippi,Clarke,194,22,0,32.04158545,-88.68896219999998,28023.0,1248.3109195032496,11.340206185567009,172,193,22,0,171,193,15604,1,0,0,1,0
2020-06-27,US,Mississippi,Clay,234,7,0,33.65358105,-88.77784255,28025.0,1211.4309380824188,2.9914529914529915,227,233,7,0,226,229,19386,1,0,0,1,4
2020-06-27,US,Mississippi,Coahoma,177,6,0,34.22772299,-90.60415045,28027.0,800.0361598264328,3.3898305084745757,171,176,6,0,170,175,22628,1,0,0,1,1
2020-06-27,US,Mississippi,Copiah,536,13,0,31.86977774,-90.44565118,28029.0,1909.8521289862815,2.4253731343283578,523,535,12,0,523,528,28543,1,1,0,0,7
2020-06-27,US,Mississippi,Covington,264,5,0,31.63225413,-89.55389939,28031.0,1416.613007083065,1.893939393939394,259,256,5,0,251,253,18853,8,0,0,8,3
2020-06-27,US,Mississippi,DeSoto,1201,15,0,34.87625235,-89.99091418,28033.0,649.3822487766632,1.2489592006661117,1186,1157,15,0,1142,1091,182001,44,0,0,44,66
2020-06-27,US,Mississippi,Forrest,775,42,0,31.18961454,-89.25832496,28035.0,1034.7543960372245,5.419354838709676,733,767,42,0,725,759,75036,8,0,0,8,8
2020-06-27,US,Mississippi,Franklin,33,2,0,31.47786634,-90.89672989,28037.0,427.8490859587709,6.0606060606060606,31,32,2,0,30,32,7788,1,0,0,1,0
2020-06-27,US,Mississippi,George,66,3,0,30.86259065,-88.64436789,28039.0,269.38775510204084,4.545454545454546,63,61,3,0,58,60,24250,5,0,0,5,1
2020-06-27,US,Mississippi,Greene,78,7,0,31.21444233,-88.63922281,28041.0,574.1204180774326,8.974358974358974,71,76,7,0,69,75,13586,2,0,0,2,1
2020-06-27,US,Mississippi,Grenada,288,5,0,33.77036166,-89.80245083,28043.0,1387.4168995086234,1.7361111111111112,283,257,4,0,253,252,21055,31,1,0,30,5
2020-06-27,US,Mississippi,Hancock,116,13,0,30.41830223,-89.48851033,28045.0,243.53375881760158,11.20689655172414,103,115,13,0,102,112,47334,1,0,0,1,3
2020-06-27,US,Mississippi,Harrison,634,7,0,30.51359752,-89.12467576,28047.0,304.69050365244135,1.1041009463722398,627,607,7,0,600,562,206650,27,0,0,27,45
2020-06-27,US,Mississippi,Hinds,1893,36,0,32.2656285,-90.44435448,28049.0,816.5113871635609,1.901743264659271,1857,1853,34,0,1819,1772,237085,40,2,0,38,81
2020-06-27,US,Mississippi,Holmes,507,39,0,33.12345854,-90.08923538,28051.0,2980.599647266314,7.6923076923076925,468,506,39,0,467,501,17622,1,0,0,1,5
2020-06-27,US,Mississippi,Humphreys,111,9,0,33.12825718,-90.52252707,28053.0,1376.4880952380954,8.108108108108109,102,109,9,0,100,107,8257,2,0,0,2,2
2020-06-27,US,Mississippi,Issaquena,6,1,0,32.72531359,-90.97392828,28055.0,452.14770158251696,16.666666666666668,5,5,0,0,5,2,1308,1,1,0,0,3
2020-06-27,US,Mississippi,Itawamba,113,8,0,34.27993475,-88.3606733,28057.0,483.1124412141941,7.079646017699115,105,113,8,0,105,112,23517,0,0,0,0,1
2020-06-27,US,Mississippi,Jackson,473,16,0,30.54020656,-88.64184064,28059.0,329.34819694047366,3.382663847780127,457,471,16,0,455,458,143277,2,0,0,2,13
2020-06-27,US,Mississippi,Jasper,229,6,0,32.01922104,-89.11786866,28061.0,1397.7903924800098,2.6200873362445414,223,221,6,0,215,221,16428,8,0,0,8,0
2020-06-27,US,Mississippi,Jefferson,78,3,0,31.73397872,-91.03764977,28063.0,1115.8798283261804,3.8461538461538463,75,76,3,0,73,69,7106,2,0,0,2,7
2020-06-27,US,Mississippi,Jefferson Davis,100,4,0,31.56884708,-89.82670990000004,28065.0,898.6340762041698,4.0,96,97,3,0,94,94,11234,3,1,0,2,3
2020-06-27,US,Mississippi,Jones,1014,48,0,31.62257767,-89.16896899999998,28067.0,1489.030514846251,4.733727810650888,966,998,48,0,950,994,68461,16,0,0,16,4
2020-06-27,US,Mississippi,Kemper,171,13,0,32.75462946,-88.64105766,28069.0,1755.2863888318618,7.60233918128655,158,171,13,0,158,170,10027,0,0,0,0,1
2020-06-27,US,Mississippi,Lafayette,320,4,0,34.35687874,-89.48490961,28071.0,592.3841611284919,1.25,316,310,4,0,306,303,54793,10,0,0,10,7
2020-06-27,US,Mississippi,Lamar,382,7,0,31.20572971,-89.5077704,28073.0,603.0658478442764,1.8324607329842928,375,371,7,0,364,369,62447,11,0,0,11,2
2020-06-27,US,Mississippi,Lauderdale,869,78,0,32.40419769,-88.66229662,28075.0,1172.344013490725,8.975834292289989,791,867,78,0,789,864,75317,2,0,0,2,3
2020-06-27,US,Mississippi,Lawrence,147,1,0,31.55147224,-90.10841127,28077.0,1167.9644048943273,0.6802721088435374,146,142,1,0,141,140,12455,5,0,0,5,2
2020-06-27,US,Mississippi,Leake,534,17,0,32.7536828,-89.52402044,28079.0,2343.544281576407,3.183520599250936,517,526,17,0,509,520,22763,8,0,0,8,6
2020-06-27,US,Mississippi,Lee,447,15,0,34.291877500000005,-88.68149954,28081.0,523.198651622267,3.355704697986577,432,437,15,0,422,429,85202,10,0,0,10,8
2020-06-27,US,Mississippi,Leflore,449,48,0,33.55545125,-90.29900733,28083.0,1593.1589965582086,10.690423162583519,401,441,48,0,393,439,28919,8,0,0,8,2
2020-06-27,US,Mississippi,Lincoln,420,33,0,31.53288662,-90.45391915,28085.0,1229.7601967616315,7.857142857142858,387,413,32,0,381,411,34205,7,1,0,6,2
2020-06-27,US,Mississippi,Lowndes,425,10,0,33.47386518,-88.44191529999998,28087.0,725.3178598856558,2.3529411764705883,415,421,10,0,411,412,58930,4,0,0,4,9
2020-06-27,US,Mississippi,Madison,1127,32,0,32.63389156,-90.03513564,28089.0,1060.4862993074375,2.839396628216504,1095,1112,31,0,1081,1082,105630,15,1,0,14,30
2020-06-27,US,Mississippi,Marion,225,11,0,31.23132643,-89.8209217,28091.0,915.63911610304,4.888888888888889,214,223,11,0,212,215,24715,2,0,0,2,8
2020-06-27,US,Mississippi,Marshall,171,3,0,34.76216286,-89.50299462,28093.0,484.50161500538337,1.7543859649122806,168,164,3,0,161,160,35451,7,0,0,7,4
2020-06-27,US,Mississippi,Monroe,338,28,0,33.89236763,-88.4808438,28095.0,958.810847611483,8.284023668639053,310,334,28,0,306,328,35564,4,0,0,4,6
2020-06-27,US,Mississippi,Montgomery,111,2,0,33.49419589,-89.61729103,28097.0,1135.549872122762,1.8018018018018016,109,110,2,0,108,110,10023,1,0,0,1,0
2020-06-27,US,Mississippi,Neshoba,932,64,0,32.75339664,-89.11726492,28099.0,3200.769283604643,6.866952789699571,868,928,63,0,865,922,29125,4,1,0,3,6
2020-06-27,US,Mississippi,Newton,330,8,0,32.40021118,-89.11843336,28101.0,1570.0827861832715,2.4242424242424243,322,326,8,0,318,325,21443,4,0,0,4,1
2020-06-27,US,Mississippi,Noxubee,233,7,0,33.11009499,-88.56949061,28103.0,2236.72842469041,3.004291845493562,226,233,7,0,226,234,10535,0,0,0,0,-1
2020-06-27,US,Mississippi,Oktibbeha,465,22,0,33.42491685,-88.87905132,28105.0,937.7457801439895,4.731182795698925,443,457,21,0,436,448,49599,8,1,0,7,9
2020-06-27,US,Mississippi,Panola,237,6,0,34.36398677,-89.95064249,28107.0,693.1445952269537,2.5316455696202533,231,227,5,0,222,221,34178,10,1,0,9,6
2020-06-27,US,Mississippi,Pearl River,236,32,0,30.77090935,-89.58677275,28109.0,424.95723417664533,13.559322033898303,204,235,32,0,203,232,55387,1,0,0,1,3
2020-06-27,US,Mississippi,Perry,56,4,0,31.17161885,-88.99281835,28111.0,467.7190344942788,7.142857142857142,52,56,4,0,52,56,11931,0,0,0,0,0
2020-06-27,US,Mississippi,Pike,331,11,0,31.17507789,-90.40392572,28113.0,842.4964365709633,3.323262839879154,320,328,11,0,317,321,39563,3,0,0,3,7
2020-06-27,US,Mississippi,Pontotoc,194,3,0,34.226046000000004,-89.03636807,28115.0,602.9713433206938,1.5463917525773196,191,189,3,0,186,175,31833,5,0,0,5,14
2020-06-27,US,Mississippi,Prentiss,91,3,0,34.61810501,-88.51986294,28117.0,362.1746398153308,3.2967032967032965,88,90,3,0,87,85,25315,1,0,0,1,5
2020-06-27,US,Mississippi,Quitman,63,0,0,34.25157572,-90.28908,28119.0,927.5618374558304,0.0,63,59,0,0,59,56,7051,4,0,0,4,3
2020-06-27,US,Mississippi,Rankin,715,12,0,32.26469147,-89.94537876,28121.0,460.48521617043747,1.6783216783216783,703,700,12,0,688,682,153902,15,0,0,15,18
2020-06-27,US,Mississippi,Scott,725,14,0,32.406704100000006,-89.53789439,28123.0,2577.8694353577016,1.9310344827586208,711,723,14,0,709,721,28287,2,0,0,2,2
2020-06-27,US,Mississippi,Sharkey,22,0,0,32.88149103,-90.8159538,28125.0,509.1414024531359,0.0,22,21,0,0,21,20,4377,1,0,0,1,1
2020-06-27,US,Mississippi,Simpson,195,3,0,31.91282117,-89.91716179,28127.0,731.4877335133917,1.5384615384615383,192,193,3,0,190,187,26758,2,0,0,2,6
2020-06-27,US,Mississippi,Smith,204,11,0,32.01744532,-89.50644846,28129.0,1281.7290776577029,5.3921568627450975,193,202,11,0,191,199,16002,2,0,0,2,3
2020-06-27,US,Mississippi,Stone,49,1,0,30.79187949,-89.11547539,28131.0,267.23385689354274,2.0408163265306123,48,48,1,0,47,48,18717,1,0,0,1,0
2020-06-27,US,Mississippi,Sunflower,232,6,0,33.60192578,-90.58882684,28133.0,923.9346873755476,2.586206896551724,226,221,6,0,215,209,25735,11,0,0,11,12
2020-06-27,US,Mississippi,Tallahatchie,91,1,0,33.95339918,-90.1729398,28135.0,658.9905134332681,1.0989010989010992,90,88,1,0,87,85,13987,3,0,0,3,3
2020-06-27,US,Mississippi,Tate,233,6,0,34.65133709,-89.94485778,28137.0,822.7110624624838,2.5751072961373387,227,230,5,0,225,221,28759,3,1,0,2,9
2020-06-27,US,Mississippi,Tippah,116,11,0,34.76872156,-88.90988194,28139.0,526.9134680899386,9.482758620689657,105,116,11,0,105,115,21995,0,0,0,0,1
2020-06-27,US,Mississippi,Tishomingo,60,1,0,34.74023475,-88.23917219,28141.0,309.5496053242532,1.6666666666666667,59,60,1,0,59,58,19454,0,0,0,0,2
2020-06-27,US,Mississippi,Tunica,82,3,0,34.64967704,-90.37481167,28143.0,851.3289036544852,3.6585365853658534,79,81,3,0,78,81,9944,1,0,0,1,0
2020-06-27,US,Mississippi,Union,160,8,0,34.49162015,-89.00776006,28145.0,555.2663543293423,5.0,152,157,8,0,149,150,28606,3,0,0,3,7
2020-06-27,US,Mississippi,Walthall,165,3,0,31.14971548,-90.10446654,28147.0,1154.976900461991,1.818181818181818,162,165,3,0,162,163,14465,0,0,0,0,2
2020-06-27,US,Mississippi,Warren,392,17,0,32.35810271,-90.83352619,28149.0,863.7976245565325,4.336734693877552,375,384,16,0,368,371,46176,8,1,0,7,13
2020-06-27,US,Mississippi,Washington,403,9,0,33.28392041,-90.94196237,28151.0,917.8072832448927,2.2332506203473947,394,379,9,0,370,369,45063,24,0,0,24,10
2020-06-27,US,Mississippi,Wayne,468,10,0,31.64135687,-88.69573913,28153.0,2318.783134320963,2.1367521367521367,458,462,10,0,452,461,20298,6,0,0,6,1
2020-06-27,US,Mississippi,Webster,123,10,0,33.61300486,-89.28392912,28155.0,1269.4808545773558,8.130081300813009,113,124,10,0,114,124,9788,-1,0,0,-1,0
2020-06-27,US,Mississippi,Wilkinson,89,9,0,31.16078225,-91.31018819,28157.0,1031.2862108922363,10.112359550561797,80,88,9,0,79,87,8792,1,0,0,1,1
2020-06-27,US,Mississippi,Winston,228,4,0,33.08747908,-89.03391385,28159.0,1269.8412698412699,1.7543859649122806,224,223,4,0,219,217,18165,5,0,0,5,6
2020-06-27,US,Mississippi,Yalobusha,148,7,0,34.02824175,-89.70762049999998,28161.0,1222.3323422530561,4.729729729729731,141,144,7,0,137,141,12392,4,0,0,4,3
2020-06-27,US,Mississippi,Yazoo,444,6,0,32.77890365,-90.39656148,28163.0,1495.453014482991,1.351351351351351,438,441,6,0,435,426,28248,3,0,0,3,15
2020-06-27,US,Missouri,Adair,90,0,0,40.19058551,-92.60078167,29001.0,355.12764866037963,0.0,90,88,0,0,88,88,25339,2,0,0,2,0
2020-06-27,US,Missouri,Andrew,49,0,0,39.98492163,-94.80163024,29003.0,276.64859981933154,0.0,49,45,0,0,45,45,17607,4,0,0,4,0
2020-06-27,US,Missouri,Atchison,3,0,0,40.43238737,-95.42970639,29005.0,58.331713007972,0.0,3,3,0,0,3,3,5171,0,0,0,0,0
2020-06-27,US,Missouri,Audrain,138,1,0,39.215877,-91.84242683,29007.0,543.5638884512368,0.7246376811594203,137,139,1,0,138,137,25473,-1,0,0,-1,2
2020-06-27,US,Missouri,Barry,43,0,0,36.70978521,-93.82919888,29009.0,120.14864902623712,0.0,43,36,0,0,36,34,35886,7,0,0,7,2
2020-06-27,US,Missouri,Barton,21,0,0,37.50207671,-94.34757022,29011.0,178.66258295048493,0.0,21,21,0,0,21,21,11798,0,0,0,0,0
2020-06-27,US,Missouri,Bates,12,1,0,38.25271289,-94.34113157,29013.0,74.20232500618353,8.333333333333334,11,12,1,0,11,12,16320,0,0,0,0,0
2020-06-27,US,Missouri,Benton,17,0,0,38.29503305,-93.28756116,29015.0,87.43506660494779,0.0,17,17,0,0,17,16,19278,0,0,0,0,1
2020-06-27,US,Missouri,Bollinger,12,0,0,37.32449052,-90.02725304,29017.0,98.90381603890215,0.0,12,13,0,0,13,12,12169,-1,0,0,-1,1
2020-06-27,US,Missouri,Boone,313,2,0,38.99186229,-92.30723575,29019.0,173.44275557870586,0.6389776357827476,311,313,2,0,311,298,180005,0,0,0,0,15
2020-06-27,US,Missouri,Buchanan,838,3,0,39.65816401,-94.80138942,29021.0,959.2051645986903,0.35799522673031026,835,834,3,0,831,827,88571,4,0,0,4,7
2020-06-27,US,Missouri,Butler,75,0,0,36.71462476,-90.40421163,29023.0,176.56198502754367,0.0,75,75,0,0,75,71,42639,0,0,0,0,4
2020-06-27,US,Missouri,Caldwell,9,0,0,39.65620858,-93.98308093,29025.0,99.77827050997783,0.0,9,9,0,0,9,9,9108,0,0,0,0,0
2020-06-27,US,Missouri,Callaway,44,1,0,38.83674754,-91.92186505,29027.0,98.33940504659948,2.272727272727273,43,46,1,0,45,45,44889,-2,0,0,-2,1
2020-06-27,US,Missouri,Camden,60,1,0,38.02199522,-92.76083747,29029.0,129.5756397797214,1.6666666666666667,59,60,1,0,59,57,45815,0,0,0,0,3
2020-06-27,US,Missouri,Cape Girardeau,141,3,0,37.38489388,-89.6843587,29031.0,178.7729330172053,2.127659574468085,138,133,3,0,130,126,78753,8,0,0,8,7
2020-06-27,US,Missouri,Carroll,11,0,0,39.42762566,-93.50626255,29033.0,126.74271229404309,0.0,11,11,0,0,11,11,8743,0,0,0,0,0
2020-06-27,US,Missouri,Carter,6,1,0,36.94160441,-90.96051322,29035.0,100.30090270812435,16.666666666666668,5,6,1,0,5,6,6054,0,0,0,0,0
2020-06-27,US,Missouri,Cass,125,8,0,38.64789422,-94.353399,29037.0,118.16978634902628,6.4,117,123,8,0,115,120,104954,2,0,0,2,3
2020-06-27,US,Missouri,Cedar,9,0,0,37.72391475,-93.85445441,29039.0,62.72214091574325,0.0,9,9,0,0,9,9,14165,0,0,0,0,0
2020-06-27,US,Missouri,Chariton,6,0,0,39.51499357,-92.9629191,29041.0,80.79719903043363,0.0,6,6,0,0,6,6,7451,0,0,0,0,0
2020-06-27,US,Missouri,Christian,40,0,0,36.9711783,-93.18537118,29043.0,45.149274789773685,0.0,40,39,0,0,39,38,86983,1,0,0,1,1
2020-06-27,US,Missouri,Clark,2,0,0,40.41040752,-91.73661677,29045.0,29.424746211563924,0.0,2,2,0,0,2,2,6842,0,0,0,0,0
2020-06-27,US,Missouri,Clay,414,10,0,39.31132056,-94.41850862,29047.0,165.63445196600892,2.415458937198068,404,406,8,0,398,386,246365,8,2,0,6,20
2020-06-27,US,Missouri,Clinton,23,0,0,39.6013098,-94.40465394,29049.0,112.81699121989504,0.0,23,23,0,0,23,23,20470,0,0,0,0,0
2020-06-27,US,Missouri,Cole,72,2,0,38.50455671,-92.27860244,29051.0,93.81718678741288,2.7777777777777777,70,73,2,0,71,63,76796,-1,0,0,-1,10
2020-06-27,US,Missouri,Cooper,14,0,0,38.844478,-92.80896081,29053.0,79.05584730927777,0.0,14,14,0,0,14,14,17603,0,0,0,0,0
2020-06-27,US,Missouri,Crawford,11,0,0,37.97663738,-91.30528104,29055.0,45.986622073578594,0.0,11,11,0,0,11,10,23957,0,0,0,0,1
2020-06-27,US,Missouri,Dade,1,0,0,37.431814,-93.8503345,29057.0,13.225763787858751,0.0,1,1,0,0,1,1,7569,0,0,0,0,0
2020-06-27,US,Missouri,Dallas,12,1,0,37.6811355,-93.02127031,29059.0,71.09847138286527,8.333333333333334,11,12,1,0,11,12,16762,0,0,0,0,0
2020-06-27,US,Missouri,Daviess,8,0,0,39.96145298,-93.98519678,29061.0,96.64170089393572,0.0,8,8,0,0,8,7,8313,0,0,0,0,1
2020-06-27,US,Missouri,DeKalb,11,0,0,39.89201062,-94.40476508,29063.0,87.67035944847375,0.0,11,10,0,0,10,10,12630,1,0,0,1,0
2020-06-27,US,Missouri,Dent,3,0,0,37.60663134,-91.50790473,29065.0,19.264110961279137,0.0,3,3,0,0,3,3,15441,0,0,0,0,0
2020-06-27,US,Missouri,Douglas,3,0,0,36.9325593,-92.49905109,29067.0,22.75312855517633,0.0,3,3,0,0,3,3,13373,0,0,0,0,0
2020-06-27,US,Missouri,Dunklin,92,3,0,36.27167174,-90.09122243,29069.0,315.8147677731626,3.260869565217391,89,92,3,0,89,84,29423,0,0,0,0,8
2020-06-27,US,Missouri,Franklin,204,18,0,38.41127108,-91.07522826,29071.0,196.21610703396266,8.823529411764708,186,202,18,0,184,201,103670,2,0,0,2,1
2020-06-27,US,Missouri,Gasconade,11,0,0,38.43947277,-91.50847147,29073.0,74.79940160478716,0.0,11,9,0,0,9,7,14705,2,0,0,2,2
2020-06-27,US,Missouri,Gentry,57,9,0,40.21097916,-94.40944419,29075.0,867.4478770354589,15.789473684210524,48,57,9,0,48,56,6628,0,0,0,0,1
2020-06-27,US,Missouri,Greene,265,8,0,37.2575872,-93.34230916,29077.0,90.41714718546774,3.018867924528302,257,260,8,0,252,246,291923,5,0,0,5,14
2020-06-27,US,Missouri,Grundy,18,0,0,40.11406587,-93.56509276,29079.0,182.74111675126903,0.0,18,18,0,0,18,18,9914,0,0,0,0,0
2020-06-27,US,Missouri,Harrison,13,0,0,40.35570088,-93.99222144,29081.0,155.65134099616859,0.0,13,12,0,0,12,12,8414,1,0,0,1,0
2020-06-27,US,Missouri,Henry,19,3,0,38.38482826,-93.79293734,29083.0,87.0601173020528,15.789473684210524,16,19,3,0,16,19,21792,0,0,0,0,0
2020-06-27,US,Missouri,Holt,1,0,0,40.09799248,-95.2163888,29087.0,22.71178741766977,0.0,1,1,0,0,1,1,4404,0,0,0,0,0
2020-06-27,US,Missouri,Howard,5,0,0,39.1435761,-92.69756691,29089.0,49.99500049995,0.0,5,5,0,0,5,5,10137,0,0,0,0,0
2020-06-27,US,Missouri,Howell,36,0,0,36.77383887,-91.88683935,29091.0,89.73751776055039,0.0,36,36,0,0,36,36,40076,0,0,0,0,0
2020-06-27,US,Missouri,Iron,3,0,0,37.55487945,-90.7735296,29093.0,29.62962962962963,0.0,3,3,0,0,3,2,10177,0,0,0,0,1
2020-06-27,US,Missouri,Jackson,1126,24,0,39.01002188,-94.34724536,29095.0,160.16819082489462,2.131438721136768,1102,1103,24,0,1079,1074,700307,23,0,0,23,29
2020-06-27,US,Missouri,Jasper,447,3,0,37.20351921,-94.34050458,29097.0,368.422787814849,0.6711409395973155,444,423,1,0,422,389,120636,24,2,0,22,34
2020-06-27,US,Missouri,Jefferson,445,19,0,38.25926778,-90.53870896,29099.0,197.70660340055358,4.2696629213483135,426,438,19,0,419,432,224347,7,0,0,7,6
2020-06-27,US,Missouri,Johnson,112,0,0,38.74719601,-93.80691168,29101.0,207.16954607672676,0.0,112,101,0,0,101,96,53652,11,0,0,11,5
2020-06-27,US,Missouri,Kansas City,2242,31,0,39.0997,-94.5786,0.0,458.5401570326192,1.3826940231935771,2211,2211,31,0,2180,2162,491918,31,0,0,31,49
2020-06-27,US,Missouri,Knox,2,0,0,40.12699751,-92.14780832,29103.0,50.51780752715332,0.0,2,2,0,0,2,2,3947,0,0,0,0,0
2020-06-27,US,Missouri,Laclede,25,0,0,37.65896829,-92.5888493,29105.0,69.98292416650337,0.0,25,25,0,0,25,23,35713,0,0,0,0,2
2020-06-27,US,Missouri,Lafayette,87,2,0,39.06986886,-93.78076396,29107.0,265.9899718723248,2.2988505747126435,85,87,2,0,85,87,32598,0,0,0,0,0
2020-06-27,US,Missouri,Lawrence,30,0,0,37.10626634,-93.83293097,29109.0,78.21666014861167,0.0,30,28,0,0,28,20,38359,2,0,0,2,8
2020-06-27,US,Missouri,Lewis,7,1,0,40.09673161,-91.72070156,29111.0,71.6039279869067,14.285714285714285,6,7,1,0,6,7,9855,0,0,0,0,0
2020-06-27,US,Missouri,Lincoln,96,1,0,39.05345619,-90.95588181,29113.0,162.6760205378476,1.0416666666666667,95,95,1,0,94,96,57686,1,0,0,1,-1
2020-06-27,US,Missouri,Linn,15,1,0,39.87001769,-93.10704106,29115.0,125.83892617449663,6.666666666666668,14,14,1,0,13,14,12037,1,0,0,1,0
2020-06-27,US,Missouri,Livingston,11,0,0,39.78110272,-93.54645978,29117.0,72.24009982268339,0.0,11,11,0,0,11,10,15146,0,0,0,0,1
2020-06-27,US,Missouri,Macon,7,0,0,39.83049768,-92.56453089,29121.0,46.30548389230668,0.0,7,7,0,0,7,7,15153,0,0,0,0,0
2020-06-27,US,Missouri,Madison,4,0,0,37.47865134,-90.3467143,29123.0,33.090668431502316,0.0,4,3,0,0,3,3,12188,1,0,0,1,0
2020-06-27,US,Missouri,Maries,4,0,0,38.16193985,-91.92249662,29125.0,45.992871104978725,0.0,4,4,0,0,4,4,8769,0,0,0,0,0
2020-06-27,US,Missouri,Marion,15,0,0,39.80601912,-91.62203062,29127.0,52.57623554153521,0.0,15,14,0,0,14,14,28592,1,0,0,1,0
2020-06-27,US,Missouri,McDonald,498,1,0,36.62869595,-94.34867205,29119.0,2180.6717169505628,0.2008032128514056,497,473,1,0,472,451,23078,25,0,0,25,22
2020-06-27,US,Missouri,Mercer,6,0,0,40.42212303,-93.5682959,29129.0,165.8833287254631,0.0,6,6,0,0,6,5,3641,0,0,0,0,1
2020-06-27,US,Missouri,Miller,12,0,0,38.21450288,-92.42610898,29131.0,46.840235762519995,0.0,12,12,0,0,12,11,25336,0,0,0,0,1
2020-06-27,US,Missouri,Mississippi,88,0,0,36.82516239,-89.29505753,29133.0,667.6783004552352,0.0,88,88,0,0,88,82,13336,0,0,0,0,6
2020-06-27,US,Missouri,Moniteau,49,1,0,38.63571781,-92.57976951,29135.0,303.74411108356065,2.0408163265306123,48,49,1,0,48,49,16121,0,0,0,0,0
2020-06-27,US,Missouri,Monroe,5,0,0,39.49593978,-92.00043978,29137.0,57.84359093012494,0.0,5,5,0,0,5,5,8664,0,0,0,0,0
2020-06-27,US,Missouri,Montgomery,16,0,0,38.94022054,-91.47000721,29139.0,138.51614578824345,0.0,16,16,0,0,16,16,11534,0,0,0,0,0
2020-06-27,US,Missouri,Morgan,13,0,0,38.4181765,-92.88791859,29141.0,63.024191593542454,0.0,13,13,0,0,13,13,20358,0,0,0,0,0
2020-06-27,US,Missouri,New Madrid,38,1,0,36.59666326,-89.66070007,29143.0,222.53455141719368,2.631578947368421,37,36,1,0,35,36,17296,2,0,0,2,0
2020-06-27,US,Missouri,Newton,348,2,0,36.90519407,-94.3394104,29145.0,597.5685143210385,0.5747126436781609,346,332,2,0,330,312,58266,16,0,0,16,20
2020-06-27,US,Missouri,Nodaway,17,0,0,40.36079813,-94.88133008,29147.0,76.95093246424045,0.0,17,17,0,0,17,17,22304,0,0,0,0,0
2020-06-27,US,Missouri,Oregon,7,0,0,36.68710164,-91.4033755,29149.0,66.48304682306012,0.0,7,6,0,0,6,6,10541,1,0,0,1,0
2020-06-27,US,Missouri,Osage,7,0,0,38.46036182,-91.8613635,29151.0,51.41388174807197,0.0,7,6,0,0,6,6,13714,1,0,0,1,0
2020-06-27,US,Missouri,Ozark,1,0,0,36.64916339,-92.44459066,29153.0,10.90037061260083,0.0,1,1,0,0,1,1,9017,0,0,0,0,0
2020-06-27,US,Missouri,Pemiscot,110,6,0,36.2130572,-89.78742322,29155.0,695.9822840873143,5.454545454545454,104,109,6,0,103,109,16272,1,0,0,1,0
2020-06-27,US,Missouri,Perry,123,0,0,37.70660776,-89.82741088,29157.0,642.7675585284281,0.0,123,119,0,0,119,112,19150,4,0,0,4,7
2020-06-27,US,Missouri,Pettis,116,1,0,38.72798918,-93.28471706,29159.0,273.9790736673044,0.8620689655172413,115,110,1,0,109,110,42542,6,0,0,6,0
2020-06-27,US,Missouri,Phelps,21,0,0,37.87736118,-91.79351727,29161.0,47.113723554618275,0.0,21,22,0,0,22,15,44732,-1,0,0,-1,7
2020-06-27,US,Missouri,Pike,36,1,0,39.34310674,-91.16980779,29163.0,196.69981422795325,2.7777777777777777,35,36,1,0,35,36,18504,0,0,0,0,0
2020-06-27,US,Missouri,Platte,114,6,0,39.38154439,-94.77068479,29165.0,109.1765787507901,5.2631578947368425,108,110,4,0,106,108,102985,4,2,0,2,2
2020-06-27,US,Missouri,Polk,13,0,0,37.6162296,-93.39828174,29167.0,40.43671653861706,0.0,13,13,0,0,13,11,32201,0,0,0,0,2
2020-06-27,US,Missouri,Pulaski,120,1,0,37.82462075,-92.20783203,29169.0,228.1065257475241,0.8333333333333334,119,117,1,0,116,116,52014,3,0,0,3,1
2020-06-27,US,Missouri,Putnam,2,0,0,40.47942497,-93.02042674,29171.0,42.58943781942078,0.0,2,2,0,0,2,2,4757,0,0,0,0,0
2020-06-27,US,Missouri,Ralls,9,0,0,39.52817427,-91.51838643,29173.0,87.30235716364342,0.0,9,9,0,0,9,9,10212,0,0,0,0,0
2020-06-27,US,Missouri,Randolph,12,0,0,39.44007257,-92.4971374,29175.0,48.48876676903184,0.0,12,12,0,0,12,12,24763,0,0,0,0,0
2020-06-27,US,Missouri,Ray,25,0,0,39.3537468,-93.98905745,29177.0,108.61065253280043,0.0,25,25,0,0,25,25,22883,0,0,0,0,0
2020-06-27,US,Missouri,Reynolds,2,0,0,37.36085952,-90.97009925,29179.0,31.897926634768737,0.0,2,2,0,0,2,2,6254,0,0,0,0,0
2020-06-27,US,Missouri,Ripley,17,0,0,36.65460667,-90.85990261,29181.0,127.9349789283564,0.0,17,17,0,0,17,17,13401,0,0,0,0,0
2020-06-27,US,Missouri,Saline,282,4,0,39.13734288,-93.20259964,29195.0,1238.9613813101355,1.4184397163120568,278,282,4,0,278,282,22895,0,0,0,0,0
2020-06-27,US,Missouri,Schuyler,5,0,0,40.46921489,-92.52311943,29197.0,107.2961373390558,0.0,5,5,0,0,5,4,4599,0,0,0,0,1
2020-06-27,US,Missouri,Scotland,11,1,0,40.45214695,-92.14709064,29199.0,224.3982048143615,9.090909090909092,10,10,1,0,9,8,4966,1,0,0,1,2
2020-06-27,US,Missouri,Scott,161,11,0,37.05588075,-89.56474493,29201.0,420.58516196447226,6.832298136645963,150,161,11,0,150,159,38458,0,0,0,0,2
2020-06-27,US,Missouri,Shannon,6,0,0,37.15772072,-91.40190382,29203.0,73.47538574577517,0.0,6,6,0,0,6,6,8189,0,0,0,0,0
2020-06-27,US,Missouri,Shelby,3,0,0,39.79742518,-92.07634971,29205.0,50.590219224283295,0.0,3,3,0,0,3,3,6050,0,0,0,0,0
2020-06-27,US,Missouri,St. Charles,1010,73,0,38.77875681,-90.66662425,29183.0,251.23003218729323,7.227722772277228,937,1003,73,0,930,995,399182,7,0,0,7,8
2020-06-27,US,Missouri,St. Clair,2,0,0,38.03699437,-93.77631447,29185.0,21.283388315419813,0.0,2,2,0,0,2,2,9395,0,0,0,0,0
2020-06-27,US,Missouri,St. Francois,138,2,0,37.81214171,-90.47598685,29187.0,205.3113144387414,1.4492753623188406,136,129,2,0,127,100,66692,9,0,0,9,29
2020-06-27,US,Missouri,St. Louis,6293,568,0,38.63770039999999,-90.4458375,29189.0,632.9680498488743,9.025901795645957,5725,6201,567,0,5634,6092,996945,92,1,0,91,109
2020-06-27,US,Missouri,St. Louis City,2353,155,0,38.63555736,-90.24349225,29510.0,782.8302991589483,6.587335316617085,2198,2323,155,0,2168,2213,302838,30,0,0,30,110
2020-06-27,US,Missouri,Ste. Genevieve,17,1,0,37.89090059,-90.1949941,29186.0,95.00391192578518,5.882352941176472,16,17,1,0,16,17,17888,0,0,0,0,0
2020-06-27,US,Missouri,Stoddard,134,8,0,36.85571651,-89.9444155,29207.0,461.67097329888026,5.970149253731344,126,134,8,0,126,132,29206,0,0,0,0,2
2020-06-27,US,Missouri,Stone,12,0,0,36.75000327,-93.45256475,29209.0,37.55633450175264,0.0,12,12,0,0,12,11,31749,0,0,0,0,1
2020-06-27,US,Missouri,Sullivan,108,0,0,40.2099105,-93.11150106,29211.0,1773.690261126622,0.0,108,107,0,0,107,108,6221,1,0,0,1,-1
2020-06-27,US,Missouri,Taney,48,2,0,36.65465345,-93.04075153,29213.0,85.82463166928909,4.166666666666667,46,40,2,0,38,39,55852,8,0,0,8,1
2020-06-27,US,Missouri,Texas,4,0,0,37.31728859,-91.96564727,29215.0,15.749271596188676,0.0,4,4,0,0,4,4,25571,0,0,0,0,0
2020-06-27,US,Missouri,Vernon,16,0,0,37.8457799,-94.34127305,29217.0,77.80965812381461,0.0,16,16,0,0,16,15,20528,0,0,0,0,1
2020-06-27,US,Missouri,Warren,40,0,0,38.76529479,-91.16124662,29219.0,112.20511094280344,0.0,40,39,0,0,39,37,34711,1,0,0,1,2
2020-06-27,US,Missouri,Washington,21,1,0,37.96130078,-90.87948158,29221.0,84.91710473109583,4.761904761904762,20,21,1,0,20,19,24943,0,0,0,0,2
2020-06-27,US,Missouri,Wayne,3,0,0,37.11303869,-90.46001416,29223.0,23.304591004427877,0.0,3,3,0,0,3,3,13122,0,0,0,0,0
2020-06-27,US,Missouri,Webster,27,1,0,37.2813734,-92.876329,29225.0,68.19559506971105,3.703703703703704,26,26,1,0,25,24,39109,1,0,0,1,2
2020-06-27,US,Missouri,Worth,4,0,0,40.47945588,-94.42328751,29227.0,198.7083954297069,0.0,4,4,0,0,4,4,2040,0,0,0,0,0
2020-06-27,US,Missouri,Wright,14,0,0,37.27029221,-92.46914488,29229.0,76.54874514735633,0.0,14,14,0,0,14,14,18378,0,0,0,0,0
2020-06-27,US,Montana,Beaverhead,1,0,0,45.13434354,-112.89846940000001,30001.0,10.578652279699568,0.0,1,1,0,0,1,1,9404,0,0,0,0,0
2020-06-27,US,Montana,Big Horn,72,3,0,45.42335905,-107.492347,30003.0,540.5811247090622,4.166666666666667,69,72,3,0,69,70,13338,0,0,0,0,2
2020-06-27,US,Montana,Broadwater,5,0,0,46.33277565,-111.49558130000001,30007.0,80.1667468334135,0.0,5,5,0,0,5,5,6085,0,0,0,0,0
2020-06-27,US,Montana,Carbon,18,0,0,45.22850116,-109.0274047,30009.0,167.83216783216784,0.0,18,17,0,0,17,16,10714,1,0,0,1,1
2020-06-27,US,Montana,Cascade,27,2,0,47.30797024,-111.3467922,30013.0,33.183393555047566,7.407407407407407,25,26,2,0,24,26,81643,1,0,0,1,0
2020-06-27,US,Montana,Custer,25,0,0,46.25319932,-105.57375259999998,30017.0,219.2597789861428,0.0,25,25,0,0,25,24,11586,0,0,0,0,1
2020-06-27,US,Montana,Dawson,8,0,0,47.26584855,-104.89444170000002,30021.0,92.88285150354116,0.0,8,8,0,0,8,9,8680,0,0,0,0,-1
2020-06-27,US,Montana,Deer Lodge,3,0,0,46.05953325,-113.073353,30023.0,32.822757111597376,0.0,3,3,0,0,3,3,9131,0,0,0,0,0
2020-06-27,US,Montana,Fergus,2,0,0,47.26331584,-109.2245206,30027.0,18.099547511312217,0.0,2,2,0,0,2,2,11113,0,0,0,0,0
2020-06-27,US,Montana,Flathead,53,2,0,48.29575866,-114.05205690000001,30029.0,51.05677899158046,3.7735849056603774,51,52,2,0,50,51,102106,1,0,0,1,1
2020-06-27,US,Montana,Gallatin,239,1,0,45.54486106,-111.1692571,30031.0,208.85401191953443,0.41841004184100417,238,231,1,0,230,223,111876,8,0,0,8,8
2020-06-27,US,Montana,Glacier,8,0,0,48.70513576,-112.9934235,30035.0,58.169126735984875,0.0,8,7,0,0,7,7,13747,1,0,0,1,0
2020-06-27,US,Montana,Golden Valley,3,0,0,46.3816474,-109.17685220000001,30037.0,365.40803897685754,0.0,3,3,0,0,3,3,826,0,0,0,0,0
2020-06-27,US,Montana,Granite,2,0,0,46.40605220000001,-113.4414186,30039.0,59.189109203906476,0.0,2,1,0,0,1,1,3378,1,0,0,1,0
2020-06-27,US,Montana,Hill,1,0,0,48.62879827,-110.1129252,30041.0,6.066488716330987,0.0,1,1,0,0,1,1,16347,0,0,0,0,0
2020-06-27,US,Montana,Jefferson,3,0,0,46.14907081,-112.094396,30043.0,24.547909336388184,0.0,3,3,0,0,3,3,12097,0,0,0,0,0
2020-06-27,US,Montana,Lake,12,0,0,47.64514965,-114.0898013,30047.0,39.39851598923107,0.0,12,12,0,0,12,12,30250,0,0,0,0,0
2020-06-27,US,Montana,Lewis and Clark,25,0,0,47.12610041,-112.39469799999999,30049.0,36.00645235626224,0.0,25,24,0,0,24,24,68700,1,0,0,1,0
2020-06-27,US,Montana,Liberty,1,0,0,48.56084317,-111.02430700000001,30051.0,42.78990158322636,0.0,1,1,0,0,1,1,2430,0,0,0,0,0
2020-06-27,US,Montana,Lincoln,7,1,0,48.54265777,-115.4046155,30053.0,35.03503503503504,14.285714285714285,6,7,1,0,6,7,19794,0,0,0,0,0
2020-06-27,US,Montana,Madison,8,1,0,45.30080065,-111.9173017,30057.0,93.02325581395347,12.5,7,8,1,0,7,8,8768,0,0,0,0,0
2020-06-27,US,Montana,Meagher,1,0,0,46.59907074,-110.8898557,30059.0,53.705692803437174,0.0,1,1,0,0,1,1,1866,0,0,0,0,0
2020-06-27,US,Montana,Missoula,66,1,0,47.03728583,-113.92135079999998,30063.0,55.183946488294325,1.5151515151515151,65,63,1,0,62,58,118791,3,0,0,3,5
2020-06-27,US,Montana,Musselshell,1,0,0,46.49684637,-108.39498,30065.0,21.58428663932657,0.0,1,1,0,0,1,1,4651,0,0,0,0,0
2020-06-27,US,Montana,Park,9,0,0,45.48965095,-110.52643940000002,30067.0,54.197278092255814,0.0,9,8,0,0,8,9,16736,1,0,0,1,-1
2020-06-27,US,Montana,Pondera,2,0,0,48.22773388,-112.22527029999999,30073.0,33.83522246658772,0.0,2,2,0,0,2,2,5972,0,0,0,0,0
2020-06-27,US,Montana,Ravalli,22,0,0,46.08520862,-114.11891640000002,30081.0,50.221430854220884,0.0,22,22,0,0,22,18,43172,0,0,0,0,4
2020-06-27,US,Montana,Richland,10,0,0,47.78668011,-104.5610786,30083.0,92.56687957048969,0.0,10,10,0,0,10,9,10913,0,0,0,0,1
2020-06-27,US,Montana,Roosevelt,8,0,0,48.29607488,-105.00792679999999,30085.0,72.70083605961469,0.0,8,8,0,0,8,7,11059,0,0,0,0,1
2020-06-27,US,Montana,Rosebud,9,1,0,46.23397237,-106.72928799999998,30087.0,100.70493454179257,11.111111111111109,8,9,1,0,8,10,9063,0,0,0,0,-1
2020-06-27,US,Montana,Silver Bow,13,0,0,45.90018933,-112.6620092,30093.0,37.233280824860365,0.0,13,13,0,0,13,13,34993,0,0,0,0,0
2020-06-27,US,Montana,Stillwater,4,0,0,45.67071407,-109.3950061,30095.0,41.48516905206389,0.0,4,4,0,0,4,4,9534,0,0,0,0,0
2020-06-27,US,Montana,Toole,31,6,0,48.65577551,-111.69424140000001,30101.0,654.5608108108107,19.354838709677423,25,31,6,0,25,31,4853,0,0,0,0,0
2020-06-27,US,Montana,Treasure,2,0,0,46.20973220000001,-107.26665159999999,30103.0,287.3563218390805,0.0,2,2,0,0,2,2,679,0,0,0,0,0
2020-06-27,US,Montana,Valley,1,0,0,48.36435097,-106.6669635,30105.0,13.520822065981612,0.0,1,1,0,0,1,1,7437,0,0,0,0,0
2020-06-27,US,Montana,Wheatland,1,0,0,46.46652491,-109.84646359999999,30107.0,47.036688617121364,0.0,1,1,0,0,1,1,2236,0,0,0,0,0
2020-06-27,US,Montana,Yellowstone,149,4,0,45.93955949,-108.26914860000001,30111.0,92.37445753254805,2.684563758389262,145,144,4,0,140,139,160137,5,0,0,5,5
2020-06-27,US,Nebraska,Adams,287,11,0,40.52449420000001,-98.50117804,31001.0,915.0910308325097,3.8327526132404177,276,287,11,0,276,285,31511,0,0,0,0,2
2020-06-27,US,Nebraska,Antelope,9,1,0,42.17695516,-98.06662829999999,31003.0,142.9025087329311,11.111111111111109,8,9,1,0,8,9,6336,0,0,0,0,0
2020-06-27,US,Nebraska,Banner,1,0,0,41.54634427,-103.7114332,31007.0,134.2281879194631,0.0,1,1,0,0,1,1,730,0,0,0,0,0
2020-06-27,US,Nebraska,Boone,7,0,0,41.70759415,-98.06737183,31011.0,134.82280431432974,0.0,7,7,0,0,7,7,5239,0,0,0,0,0
2020-06-27,US,Nebraska,Box Butte,3,0,0,42.22079243,-103.08788340000001,31013.0,27.821570991375317,0.0,3,3,0,0,3,3,10772,0,0,0,0,0
2020-06-27,US,Nebraska,Boyd,1,0,0,42.899727399999996,-98.76486568,31015.0,52.11047420531528,0.0,1,1,0,0,1,1,1955,0,0,0,0,0
2020-06-27,US,Nebraska,Buffalo,183,1,0,40.85486962,-99.07500296,31019.0,368.5132604361748,0.5464480874316939,182,182,1,0,181,181,49615,1,0,0,1,1
2020-06-27,US,Nebraska,Burt,12,0,0,41.85056773,-96.32605633,31021.0,185.78727357176032,0.0,12,11,0,0,11,11,6488,1,0,0,1,0
2020-06-27,US,Nebraska,Butler,51,0,0,41.22703692,-97.13106306,31023.0,636.2275449101796,0.0,51,51,0,0,51,51,8058,0,0,0,0,0
2020-06-27,US,Nebraska,Cass,65,1,0,40.90899107,-96.13971217,31025.0,247.63791526973483,1.5384615384615383,64,64,0,0,64,63,26159,1,1,0,0,1
2020-06-27,US,Nebraska,Cedar,13,0,0,42.598885100000004,-97.25311951,31027.0,154.72506546060458,0.0,13,13,0,0,13,11,8446,0,0,0,0,2
2020-06-27,US,Nebraska,Chase,1,0,0,40.523719799999995,-101.69780259999999,31029.0,25.4841997961264,0.0,1,1,0,0,1,1,3977,0,0,0,0,0
2020-06-27,US,Nebraska,Cherry,1,0,0,42.54502621,-101.1244332,31031.0,17.577781683951486,0.0,1,1,0,0,1,1,5761,0,0,0,0,0
2020-06-27,US,Nebraska,Cheyenne,18,0,0,41.21999357,-102.9941693,31033.0,202.020202020202,0.0,18,18,0,0,18,18,9310,0,0,0,0,0
2020-06-27,US,Nebraska,Clay,27,0,0,40.52439441,-98.05126296,31035.0,435.2732548766726,0.0,27,27,0,0,27,27,6214,0,0,0,0,0
2020-06-27,US,Nebraska,Colfax,665,4,0,41.57486951,-97.0868542,31037.0,6209.730133532543,0.6015037593984962,661,665,4,0,661,664,10881,0,0,0,0,1
2020-06-27,US,Nebraska,Cuming,34,0,0,41.91637624,-96.78730772,31039.0,384.35451051322633,0.0,34,34,0,0,34,34,8940,0,0,0,0,0
2020-06-27,US,Nebraska,Custer,40,4,0,41.39374521,-99.72805369,31041.0,371.16080541894775,10.0,36,40,4,0,36,41,10840,0,0,0,0,-1
2020-06-27,US,Nebraska,Dakota,1755,31,0,42.39040144,-96.56656425,31043.0,8763.607310496354,1.7663817663817665,1724,1749,31,0,1718,1749,20083,6,0,0,6,0
2020-06-27,US,Nebraska,Dawes,2,0,0,42.71985036,-103.1313774,31045.0,23.285597857725,0.0,2,2,0,0,2,2,8716,0,0,0,0,0
2020-06-27,US,Nebraska,Dawson,857,8,0,40.87028216,-99.82014609999999,31047.0,3632.125450307269,0.9334889148191364,849,854,8,0,846,854,23709,3,0,0,3,0
2020-06-27,US,Nebraska,Dixon,46,2,0,42.49188363,-96.86782408,31051.0,816.1816891412349,4.3478260869565215,44,44,2,0,42,44,5709,2,0,0,2,0
2020-06-27,US,Nebraska,Dodge,679,8,0,41.58071748,-96.65598179,31053.0,1856.9670449883768,1.1782032400589102,671,673,8,0,665,672,36791,6,0,0,6,1
2020-06-27,US,Nebraska,Douglas,6878,88,0,41.29518299,-96.15085305,31055.0,1203.8639868236578,1.2794416981680719,6790,6706,88,0,6618,6588,566880,172,0,0,172,118
2020-06-27,US,Nebraska,Fillmore,13,1,0,40.52458567,-97.59646937,31059.0,238.00805565726841,7.6923076923076925,12,13,1,0,12,13,5527,0,0,0,0,0
2020-06-27,US,Nebraska,Franklin,7,0,0,40.17636348,-98.95299073,31061.0,234.97818059751597,0.0,7,6,0,0,6,6,3023,1,0,0,1,0
2020-06-27,US,Nebraska,Frontier,1,0,0,40.52993007,-100.3924658,31063.0,38.06623524933384,0.0,1,1,0,0,1,1,2608,0,0,0,0,0
2020-06-27,US,Nebraska,Furnas,10,1,0,40.17642064,-99.91247454,31065.0,213.85799828913602,10.0,9,10,1,0,9,10,4715,0,0,0,0,0
2020-06-27,US,Nebraska,Gage,50,4,0,40.26186809,-96.68946704,31067.0,232.4176079579789,8.0,46,50,4,0,46,48,21493,0,0,0,0,2
2020-06-27,US,Nebraska,Garden,4,0,0,41.61703149,-102.3313973,31069.0,217.74632553075668,0.0,4,4,0,0,4,4,1897,0,0,0,0,0
2020-06-27,US,Nebraska,Garfield,1,0,0,41.91428955,-98.99111827,31071.0,50.787201625190455,0.0,1,1,0,0,1,1,1987,0,0,0,0,0
2020-06-27,US,Nebraska,Gosper,13,0,0,40.51481965,-99.83020279,31073.0,653.2663316582915,0.0,13,13,0,0,13,13,1996,0,0,0,0,0
2020-06-27,US,Nebraska,Greeley,3,0,0,41.56742671,-98.52150266,31077.0,127.33446519524618,0.0,3,3,0,0,3,3,2356,0,0,0,0,0
2020-06-27,US,Nebraska,Hall,1587,46,0,40.87257079,-98.50218293,31079.0,2586.6705784558208,2.898550724637681,1541,1585,46,0,1539,1584,61607,2,0,0,2,1
2020-06-27,US,Nebraska,Hamilton,58,11,0,40.87349452,-98.02099117,31081.0,622.050622050622,18.96551724137931,47,58,11,0,47,58,9280,0,0,0,0,0
2020-06-27,US,Nebraska,Harlan,1,0,0,40.17658508,-99.40438879,31083.0,29.58579881656805,0.0,1,1,0,0,1,1,3401,0,0,0,0,0
2020-06-27,US,Nebraska,Hitchcock,1,0,0,40.17609175,-101.04164770000001,31087.0,36.205648081100655,0.0,1,1,0,0,1,1,2806,0,0,0,0,0
2020-06-27,US,Nebraska,Holt,3,0,0,42.45522056,-98.78402558,31089.0,29.800337737161023,0.0,3,3,0,0,3,3,10178,0,0,0,0,0
2020-06-27,US,Nebraska,Howard,46,4,0,41.2200529,-98.5166499,31093.0,713.7315748642359,8.695652173913043,42,46,4,0,42,46,6468,0,0,0,0,0
2020-06-27,US,Nebraska,Jefferson,9,0,0,40.17584531,-97.142601,31095.0,127.73204655123476,0.0,9,9,0,0,9,9,7097,0,0,0,0,0
2020-06-27,US,Nebraska,Johnson,6,0,0,40.39257596,-96.26522753,31097.0,118.3198580161704,0.0,6,6,0,0,6,6,5134,0,0,0,0,0
2020-06-27,US,Nebraska,Kearney,13,0,0,40.50663314,-98.94877182,31099.0,200.15396458814476,0.0,13,13,0,0,13,13,6544,0,0,0,0,0
2020-06-27,US,Nebraska,Keith,3,0,0,41.19930341,-101.66201640000001,31101.0,37.34129947722181,0.0,3,2,0,0,2,2,8021,1,0,0,1,0
2020-06-27,US,Nebraska,Kimball,9,0,0,41.19774275,-103.7148131,31105.0,247.79735682819384,0.0,9,9,0,0,9,8,3618,0,0,0,0,1
2020-06-27,US,Nebraska,Knox,21,0,0,42.63758421,-97.89178836,31107.0,252.0403264522324,0.0,21,21,0,0,21,21,8419,0,0,0,0,0
2020-06-27,US,Nebraska,Lancaster,1685,12,0,40.78416049,-96.68777155,31109.0,528.0641825190385,0.712166172106825,1673,1669,12,0,1657,1660,317272,16,0,0,16,9
2020-06-27,US,Nebraska,Lincoln,54,2,0,41.04658298,-100.74753740000001,31111.0,154.66575012888813,3.703703703703704,52,54,2,0,52,54,35185,0,0,0,0,0
2020-06-27,US,Nebraska,Madison,358,4,0,41.91676024,-97.6005481,31119.0,1019.972078976609,1.11731843575419,354,356,4,0,352,356,35392,2,0,0,2,0
2020-06-27,US,Nebraska,Merrick,38,0,0,41.16624273,-98.0374887,31121.0,490.006447453256,0.0,38,38,0,0,38,38,7733,0,0,0,0,0
2020-06-27,US,Nebraska,Morrill,24,0,0,41.71711774,-103.0061405,31123.0,517.0185264971994,0.0,24,24,0,0,24,20,4686,0,0,0,0,4
2020-06-27,US,Nebraska,Nance,4,0,0,41.39750195,-97.99327291,31125.0,113.66865586814436,0.0,4,4,0,0,4,4,3532,0,0,0,0,0
2020-06-27,US,Nebraska,Nemaha,5,0,0,40.38514847,-95.85433992,31127.0,71.7154331612163,0.0,5,5,0,0,5,5,6958,0,0,0,0,0
2020-06-27,US,Nebraska,Nuckolls,1,0,0,40.17637905,-98.04743961,31129.0,24.10800385728061,0.0,1,1,0,0,1,1,4195,0,0,0,0,0
2020-06-27,US,Nebraska,Otoe,16,0,0,40.64843556,-96.13374142,31131.0,99.92505620784412,0.0,16,16,0,0,16,15,15985,0,0,0,0,1
2020-06-27,US,Nebraska,Phelps,23,0,0,40.51156033,-99.41461667,31137.0,254.5937569183086,0.0,23,23,0,0,23,23,8996,0,0,0,0,0
2020-06-27,US,Nebraska,Pierce,8,0,0,42.26434853,-97.60122773,31139.0,111.9194180190263,0.0,8,7,0,0,7,7,7142,1,0,0,1,0
2020-06-27,US,Nebraska,Platte,659,3,0,41.57246836,-97.52144359,31141.0,1968.9273976695551,0.4552352048558422,656,657,3,0,654,656,33363,2,0,0,2,1
2020-06-27,US,Nebraska,Polk,12,0,0,41.18813488,-97.56630712,31143.0,230.19374640322275,0.0,12,12,0,0,12,12,5278,0,0,0,0,0
2020-06-27,US,Nebraska,Red Willow,6,0,0,40.17556879999999,-100.476998,31145.0,55.949272659455424,0.0,6,6,0,0,6,6,10726,0,0,0,0,0
2020-06-27,US,Nebraska,Richardson,5,1,0,40.1247415,-95.71755036,31147.0,63.57279084551812,20.0,4,5,1,0,4,5,7937,0,0,0,0,0
2020-06-27,US,Nebraska,Rock,1,0,0,42.42252217,-99.44832069,31149.0,73.69196757553426,0.0,1,1,0,0,1,1,1360,0,0,0,0,0
2020-06-27,US,Nebraska,Saline,533,2,0,40.52418865,-97.14085859,31151.0,3747.1878515185604,0.37523452157598497,531,531,2,0,529,531,14350,2,0,0,2,0
2020-06-27,US,Nebraska,Sarpy,1111,8,0,41.11314181,-96.11156432,31153.0,593.4955875125538,0.7200720072007201,1103,1089,8,0,1081,1068,184459,22,0,0,22,21
2020-06-27,US,Nebraska,Saunders,73,2,0,41.227810299999994,-96.63773905,31155.0,338.307535452776,2.7397260273972597,71,69,2,0,67,67,21303,4,0,0,4,2
2020-06-27,US,Nebraska,Scotts Bluff,209,3,0,41.85070896,-103.70809859999999,31157.0,586.7819641754169,1.4354066985645932,206,208,3,0,205,205,35989,1,0,0,1,3
2020-06-27,US,Nebraska,Seward,33,1,0,40.87241834,-97.139673,31159.0,190.92802591992594,3.0303030303030303,32,33,1,0,32,33,17318,0,0,0,0,0
2020-06-27,US,Nebraska,Sheridan,2,0,0,42.50284406,-102.4126613,31161.0,38.12428516965307,0.0,2,2,0,0,2,,5190,0,0,0,0,
2020-06-27,US,Nebraska,Sherman,5,0,0,41.22045983,-98.97588642,31163.0,166.61112962345885,0.0,5,5,0,0,5,5,3038,0,0,0,0,0
2020-06-27,US,Nebraska,Sioux,6,0,0,42.48932059,-103.7576544,31165.0,514.5797598627787,0.0,6,6,0,0,6,4,1187,0,0,0,0,2
2020-06-27,US,Nebraska,Stanton,21,0,0,41.9169835,-97.19394708,31167.0,354.72972972972974,0.0,21,21,0,0,21,21,5970,0,0,0,0,0
2020-06-27,US,Nebraska,Thayer,1,0,0,40.17626377,-97.59504381,31169.0,19.98800719568259,0.0,1,1,0,0,1,1,5039,0,0,0,0,0
2020-06-27,US,Nebraska,Thomas,1,0,0,41.91358968,-100.5556632,31171.0,138.50415512465375,0.0,1,1,0,0,1,1,720,0,0,0,0,0
2020-06-27,US,Nebraska,Thurston,84,1,0,42.15725356,-96.54157099,31173.0,1162.7906976744189,1.1904761904761905,83,84,1,0,83,83,7303,0,0,0,0,1
2020-06-27,US,Nebraska,Unassigned,174,1,0,0.0,0.0,90031.0,0.0,0.5747126436781609,173,170,1,0,169,167,,4,0,0,4,3
2020-06-27,US,Nebraska,Valley,8,0,0,41.56730777,-98.98197724,31175.0,192.40019240019242,0.0,8,8,0,0,8,8,4190,0,0,0,0,0
2020-06-27,US,Nebraska,Washington,46,1,0,41.52815707,-96.22019892,31177.0,221.91133195040763,2.1739130434782608,45,46,1,0,45,46,20667,0,0,0,0,0
2020-06-27,US,Nebraska,Wayne,28,0,0,42.20934475,-97.11926964,31179.0,298.3484283431007,0.0,28,27,0,0,27,27,9403,1,0,0,1,0
2020-06-27,US,Nebraska,Webster,6,0,0,40.17642643,-98.50019851,31181.0,172.0676799541153,0.0,6,6,0,0,6,6,3533,0,0,0,0,0
2020-06-27,US,Nebraska,York,41,0,0,40.87272618,-97.59710186,31185.0,299.72951239125666,0.0,41,41,0,0,41,41,13772,0,0,0,0,0
2020-06-27,US,Nevada,Carson City,147,5,0,39.15509045,-119.7480219,32510.0,262.8943415122684,3.4013605442176873,142,146,5,0,141,139,55414,1,0,0,1,7
2020-06-27,US,Nevada,Churchill,10,1,0,39.58105744,-118.3394607,32001.0,40.14613192018949,10.0,9,11,1,0,10,11,24440,-1,0,0,-1,0
2020-06-27,US,Nevada,Clark,13174,410,0,36.21458855,-115.0130241,32003.0,581.1934892564791,3.112190678609382,12764,12204,408,0,11796,11878,2231647,970,2,0,968,326
2020-06-27,US,Nevada,Douglas,62,0,0,38.912862,-119.61713329999999,32005.0,126.7764032307535,0.0,62,60,0,0,60,60,48467,2,0,0,2,0
2020-06-27,US,Nevada,Elko,105,1,0,41.14531606,-115.3577619,32007.0,198.94653075144947,0.9523809523809524,104,96,1,0,95,79,52460,9,0,0,9,17
2020-06-27,US,Nevada,Eureka,1,0,0,39.98100864,-116.26832040000001,32011.0,49.28536224741252,0.0,1,1,0,0,1,,2003,0,0,0,0,
2020-06-27,US,Nevada,Humboldt,81,4,0,41.40692186,-118.11094270000001,32013.0,481.25482740181815,4.938271604938271,77,81,4,0,77,82,16786,0,0,0,0,-1
2020-06-27,US,Nevada,Lander,32,0,0,39.933223299999995,-117.03970749999999,32015.0,578.4526391901662,0.0,32,32,0,0,32,32,5575,0,0,0,0,0
2020-06-27,US,Nevada,Lincoln,2,0,0,37.64268459,-114.8790388,32017.0,38.58769052672198,0.0,2,2,0,0,2,2,5201,0,0,0,0,0
2020-06-27,US,Nevada,Lyon,108,2,0,39.01777974,-119.18704790000001,32019.0,187.79342723004692,1.851851851851852,106,107,2,0,105,104,55808,1,0,0,1,3
2020-06-27,US,Nevada,Mineral,4,0,0,38.53841696,-118.4344506,32021.0,88.79023307436182,0.0,4,4,0,0,4,4,4514,0,0,0,0,0
2020-06-27,US,Nevada,Nye,90,3,0,38.04264256,-116.47227020000001,32023.0,193.45270081465085,3.333333333333333,87,81,3,0,78,81,45346,9,0,0,9,0
2020-06-27,US,Nevada,Pershing,6,0,0,40.44003782,-118.40056409999998,32027.0,89.21933085501858,0.0,6,6,0,0,6,6,6666,0,0,0,0,0
2020-06-27,US,Nevada,Storey,2,0,0,39.44875482,-119.5250207,32029.0,48.50836769342711,0.0,2,2,0,0,2,2,4029,0,0,0,0,0
2020-06-27,US,Nevada,Washoe,2512,74,0,40.66562265,-119.6631594,32031.0,532.7462944229184,2.945859872611465,2438,2404,74,0,2330,2376,465735,108,0,0,108,28
2020-06-27,US,Nevada,White Pine,3,0,0,39.44157041,-114.89996599999999,32033.0,31.315240083507305,0.0,3,3,0,0,3,3,9475,0,0,0,0,0
2020-06-27,US,New Hampshire,Belknap,81,1,0,43.51637314,-71.41684235,33001.0,132.13056457269627,1.2345679012345678,80,79,1,0,78,78,61022,2,0,0,2,1
2020-06-27,US,New Hampshire,Carroll,53,0,0,43.87498583,-71.20430216,33003.0,108.36229809854835,0.0,53,53,0,0,53,53,48779,0,0,0,0,0
2020-06-27,US,New Hampshire,Cheshire,67,2,0,42.92015988,-72.25311043,33005.0,88.0594072419005,2.985074626865672,65,67,2,0,65,66,76493,0,0,0,0,1
2020-06-27,US,New Hampshire,Coos,6,0,0,44.69063265,-71.30633239,33007.0,19.0095998479232,0.0,6,6,0,0,6,6,31589,0,0,0,0,0
2020-06-27,US,New Hampshire,Grafton,83,1,0,43.93779815,-71.82057197,33009.0,92.33918519012973,1.2048192771084338,82,83,1,0,82,80,89786,0,0,0,0,3
2020-06-27,US,New Hampshire,Hillsborough,3231,242,0,42.91537785,-71.7200253,33011.0,774.7736946226247,7.489941194676571,2989,3199,241,0,2958,3187,415247,32,1,0,31,12
2020-06-27,US,New Hampshire,Merrimack,408,18,0,43.29662971,-71.6811573,33013.0,269.50082897926563,4.411764705882354,390,407,18,0,389,401,151132,1,0,0,1,6
2020-06-27,US,New Hampshire,Rockingham,1465,89,0,42.98499744,-71.12883377,33015.0,472.93305656795866,6.075085324232083,1376,1455,88,0,1367,1450,309176,10,1,0,9,5
2020-06-27,US,New Hampshire,Strafford,290,13,0,43.291833000000004,-71.02336013,33017.0,221.9959734523436,4.482758620689656,277,290,13,0,277,288,130090,0,0,0,0,2
2020-06-27,US,New Hampshire,Sullivan,31,1,0,43.36094111,-72.22203125,33019.0,71.84907059750614,3.2258064516129035,30,30,1,0,29,27,43144,1,0,0,1,3
2020-06-27,US,New Hampshire,Unassigned,2,0,0,0.0,0.0,90033.0,0.0,0.0,2,2,0,0,2,2,,0,0,0,0,0
2020-06-27,US,New Jersey,Atlantic,2822,211,0,39.47538693,-74.65848483,34001.0,1070.2772404900063,7.476966690290574,2611,2811,208,0,2603,2787,265429,11,3,0,8,24
2020-06-27,US,New Jersey,Bergen,19275,1983,0,40.96010917,-74.07164325,34003.0,2067.684900912034,10.287937743190662,17292,19264,1981,0,17283,19167,936692,11,2,0,9,97
2020-06-27,US,New Jersey,Burlington,5125,416,0,39.87681124,-74.66927768,34005.0,1150.7828691655307,8.117073170731707,4709,5092,414,0,4678,5084,445384,33,2,0,31,8
2020-06-27,US,New Jersey,Camden,7278,480,0,39.80343818,-74.96388753,34007.0,1437.0023160259916,6.5952184666117075,6798,7245,478,0,6767,7212,507078,33,2,0,31,33
2020-06-27,US,New Jersey,Cape May,705,68,0,39.15008829,-74.80170244,34009.0,765.9796390660481,9.645390070921986,637,706,68,0,638,704,92560,-1,0,0,-1,2
2020-06-27,US,New Jersey,Cumberland,2936,141,0,39.37199394,-75.10712559,34011.0,1963.5249821102545,4.802452316076295,2795,2925,140,0,2785,2917,150972,11,1,0,10,8
2020-06-27,US,New Jersey,Essex,18696,2018,0,40.78681335,-74.24657979,34013.0,2339.9981225945744,10.793752674368848,16678,18666,2015,0,16651,18637,799767,30,3,0,27,29
2020-06-27,US,New Jersey,Gloucester,2547,180,0,39.71581067,-75.13995546,34015.0,873.3489692630541,7.067137809187279,2367,2531,180,0,2351,2518,291408,16,0,0,16,13
2020-06-27,US,New Jersey,Hudson,18814,1448,0,40.73766234,-74.07515667,34017.0,2798.0743347248854,7.696396300627192,17366,18788,1445,0,17343,18775,676061,26,3,0,23,13
2020-06-27,US,New Jersey,Hunterdon,1065,122,0,40.56335249,-74.91284156,34019.0,856.3089466193887,11.455399061032866,943,1065,122,0,943,1065,124714,0,0,0,0,0
2020-06-27,US,New Jersey,Mercer,7619,578,0,40.28047017,-74.70479631,34021.0,2073.5922488637293,7.58629741435884,7041,7621,577,0,7044,7595,369811,-2,1,0,-3,26
2020-06-27,US,New Jersey,Middlesex,16724,1317,0,40.43629879,-74.41426991,34023.0,2026.999183091695,7.874910308538627,15407,16685,1310,0,15375,16667,829685,39,7,0,32,18
2020-06-27,US,New Jersey,Monmouth,9082,803,0,40.26549699,-74.22240686,34025.0,1467.6912386169895,8.841664831534905,8279,9057,802,0,8255,9030,621354,25,1,0,24,27
2020-06-27,US,New Jersey,Morris,6715,793,0,40.86095313,-74.54553709999998,34027.0,1365.267513139302,11.809381980640357,5922,6698,792,0,5906,6685,494228,17,1,0,16,13
2020-06-27,US,New Jersey,Ocean,9545,941,0,39.8895449,-74.28089251,34029.0,1572.005942165992,9.858564693556836,8604,9535,940,0,8595,9508,601651,10,1,0,9,27
2020-06-27,US,New Jersey,Passaic,16868,1180,0,41.03238628,-74.29954144,34031.0,3361.324443133676,6.9954944273179995,15688,16843,1177,0,15666,16819,503310,25,3,0,22,24
2020-06-27,US,New Jersey,Salem,755,74,0,39.58719656,-75.34696629999998,34033.0,1210.226817343913,9.80132450331126,681,754,72,0,682,751,62607,1,2,0,-1,3
2020-06-27,US,New Jersey,Somerset,4841,524,0,40.56465737,-74.61683016,34035.0,1471.7238108556733,10.824209873992977,4317,4831,524,0,4307,4828,331164,10,0,0,10,3
2020-06-27,US,New Jersey,Sussex,1184,191,0,41.13891592,-74.69118243,34037.0,842.7766072547122,16.131756756756758,993,1185,191,0,994,1183,140799,-1,0,0,-1,2
2020-06-27,US,New Jersey,Unassigned,697,0,0,0.0,0.0,90034.0,0.0,0.0,697,701,0,0,701,706,,-4,0,0,-4,-5
2020-06-27,US,New Jersey,Union,16353,1324,0,40.65835409,-74.30680092,34039.0,2939.384298478811,8.096373754051244,15029,16356,1323,0,15033,16334,558067,-3,1,0,-4,22
2020-06-27,US,New Jersey,Warren,1227,156,0,40.85951833,-74.99556527,34041.0,1165.6074553278806,12.71393643031785,1071,1225,155,0,1070,1224,105779,2,1,0,1,1
2020-06-27,US,New Mexico,Bernalillo,2021,85,0,35.05163625,-106.6703554,35001.0,297.5905619175375,4.2058386937159815,1936,1987,85,0,1902,1937,678701,34,0,0,34,50
2020-06-27,US,New Mexico,Catron,2,1,0,33.91514144,-108.4046587,35003.0,56.70541536716757,50.0,1,2,1,0,1,2,3578,0,0,0,0,0
2020-06-27,US,New Mexico,Chaves,79,2,0,33.36406072,-104.4665365,35005.0,122.26263251566972,2.5316455696202533,77,79,2,0,77,71,64689,0,0,0,0,8
2020-06-27,US,New Mexico,Cibola,207,14,0,34.91131525,-107.998876,35006.0,776.0074976569823,6.763285024154589,193,206,13,0,193,204,26746,1,1,0,0,2
2020-06-27,US,New Mexico,Colfax,9,1,0,36.60569702,-104.64726740000002,35007.0,75.37057197889624,11.111111111111109,8,9,1,0,8,9,12110,0,0,0,0,0
2020-06-27,US,New Mexico,Curry,136,0,0,34.57421077,-103.34688759999999,35009.0,277.8118233443641,0.0,136,132,0,0,132,125,49437,4,0,0,4,7
2020-06-27,US,New Mexico,Dona Ana,868,8,0,32.35275771,-106.83293870000001,35013.0,397.80929902151746,0.9216589861751152,860,842,8,0,834,806,217522,26,0,0,26,36
2020-06-27,US,New Mexico,Eddy,66,1,0,32.47167456,-104.3053527,35015.0,112.89770783441669,1.5151515151515151,65,62,1,0,61,63,57900,4,0,0,4,-1
2020-06-27,US,New Mexico,Grant,18,0,0,32.73911281,-108.3827845,35017.0,66.6716053040966,0.0,18,17,0,0,17,17,27346,1,0,0,1,0
2020-06-27,US,New Mexico,Guadalupe,20,0,0,34.86319296,-104.790669,35019.0,465.11627906976736,0.0,20,20,0,0,20,20,4341,0,0,0,0,0
2020-06-27,US,New Mexico,Harding,1,0,0,35.85751555,-103.82209379999999,35021.0,160.0,0.0,1,1,0,0,1,1,655,0,0,0,0,0
2020-06-27,US,New Mexico,Hidalgo,46,0,0,31.91383467,-108.7151824,35023.0,1095.759885659838,0.0,46,39,0,0,39,40,4240,7,0,0,7,-1
2020-06-27,US,New Mexico,Lea,100,0,0,32.79215361,-103.4123733,35025.0,140.7063458561981,0.0,100,94,0,0,94,89,69611,6,0,0,6,5
2020-06-27,US,New Mexico,Lincoln,11,0,0,33.74526079,-105.4586166,35027.0,56.202738606172076,0.0,11,11,0,0,11,9,19556,0,0,0,0,2
2020-06-27,US,New Mexico,Los Alamos,7,0,0,35.86631386,-106.31349850000001,35028.0,36.14022406938923,0.0,7,7,0,0,7,7,19101,0,0,0,0,0
2020-06-27,US,New Mexico,Luna,67,2,0,32.18179341,-107.75088259999998,35029.0,282.5931081024084,2.985074626865672,65,64,2,0,62,63,23963,3,0,0,3,1
2020-06-27,US,New Mexico,McKinley,3309,166,0,35.58007720000001,-108.262245,35031.0,4636.596746395393,5.0166213357509815,3143,3287,166,0,3121,3215,72290,22,0,0,22,72
2020-06-27,US,New Mexico,Otero,35,6,0,32.61348406,-105.7417604,35035.0,51.85953474588828,17.142857142857142,29,35,6,0,29,34,66781,0,0,0,0,1
2020-06-27,US,New Mexico,Quay,6,1,0,35.10403332,-103.54817270000001,35037.0,72.70083605961469,16.666666666666668,5,6,1,0,5,5,8253,0,0,0,0,1
2020-06-27,US,New Mexico,Rio Arriba,93,1,0,36.51072137,-106.69316740000001,35039.0,238.94555638344337,1.075268817204301,92,91,1,0,90,89,39006,2,0,0,2,2
2020-06-27,US,New Mexico,Roosevelt,55,1,0,34.02097406,-103.4799493,35041.0,297.29729729729735,1.818181818181818,54,55,1,0,54,55,18743,0,0,0,0,0
2020-06-27,US,New Mexico,San Juan,2357,161,0,36.50838318,-108.32043700000001,35045.0,1901.450491295439,6.830717013152312,2196,2276,160,0,2116,2268,125043,81,1,0,80,8
2020-06-27,US,New Mexico,San Miguel,20,0,0,35.48014807,-104.8163562,35047.0,73.32184624408842,0.0,20,20,0,0,20,18,27591,0,0,0,0,2
2020-06-27,US,New Mexico,Sandoval,713,29,0,35.68862401,-106.86878030000001,35043.0,485.8669283397388,4.0673211781206176,684,706,29,0,677,701,145179,7,0,0,7,5
2020-06-27,US,New Mexico,Santa Fe,218,3,0,35.50708973,-105.9774716,35049.0,144.98729698453025,1.3761467889908257,215,210,3,0,207,206,150056,8,0,0,8,4
2020-06-27,US,New Mexico,Sierra,12,0,0,33.13028233,-107.1925893,35051.0,111.20378092855157,0.0,12,11,0,0,11,9,10968,1,0,0,1,2
2020-06-27,US,New Mexico,Socorro,59,5,0,34.00715494,-106.9298354,35053.0,354.63124361363225,8.474576271186441,54,59,5,0,54,59,16735,0,0,0,0,0
2020-06-27,US,New Mexico,Taos,39,1,0,36.58006022,-105.63101979999999,35055.0,119.18222656846865,2.5641025641025643,38,38,1,0,37,37,32835,1,0,0,1,1
2020-06-27,US,New Mexico,Torrance,41,1,0,34.64048375,-105.8508949,35057.0,265.1833645947869,2.4390243902439024,40,41,1,0,40,42,15591,0,0,0,0,-1
2020-06-27,US,New Mexico,Unassigned,893,0,0,0.0,0.0,90035.0,0.0,0.0,893,893,0,0,893,886,,0,0,0,0,7
2020-06-27,US,New Mexico,Union,7,0,0,36.48126404,-103.4709624,35059.0,172.45627001724563,0.0,7,7,0,0,7,6,4118,0,0,0,0,1
2020-06-27,US,New Mexico,Valencia,104,2,0,34.71669834,-106.8103733,35061.0,135.61443772167743,1.9230769230769231,102,101,2,0,99,99,76456,3,0,0,3,2
2020-06-27,US,New York,Albany,2091,121,0,42.60060306,-73.97723916,36001.0,684.4382761713355,5.7867049258727885,1970,2084,121,0,1963,2076,307117,7,0,0,7,8
2020-06-27,US,New York,Allegany,58,0,0,42.25748406,-78.02750466,36003.0,125.83801609858757,0.0,58,58,0,0,58,58,46430,0,0,0,0,0
2020-06-27,US,New York,Broome,701,58,0,42.15903158,-75.81326086,36007.0,368.0021838646004,8.273894436519258,643,697,58,0,639,680,191659,4,0,0,4,17
2020-06-27,US,New York,Cattaraugus,123,6,0,42.24778241,-78.67923096,36009.0,161.59333657395848,4.878048780487805,117,123,6,0,117,121,76840,0,0,0,0,2
2020-06-27,US,New York,Cayuga,111,2,0,42.91261714,-76.55731592,36011.0,144.95403259506898,1.8018018018018016,109,109,2,0,107,109,77145,2,0,0,2,0
2020-06-27,US,New York,Chautauqua,123,7,0,42.22769210000001,-79.36691763,36013.0,96.92442259048251,5.691056910569106,116,122,7,0,115,121,127939,1,0,0,1,1
2020-06-27,US,New York,Chemung,139,2,0,42.13891056,-76.7638805,36015.0,166.55483128834356,1.4388489208633093,137,139,2,0,137,139,84254,0,0,0,0,0
2020-06-27,US,New York,Chenango,146,5,0,42.49430041,-75.60887553,36017.0,309.2761666701972,3.4246575342465757,141,145,5,0,140,144,47536,1,0,0,1,1
2020-06-27,US,New York,Clinton,101,4,0,44.74530905,-73.67875352,36019.0,125.48922159408585,3.96039603960396,97,101,4,0,97,101,80695,0,0,0,0,0
2020-06-27,US,New York,Columbia,461,37,0,42.24819348,-73.63089095,36021.0,775.2980945493684,8.026030368763557,424,460,37,0,423,455,59916,1,0,0,1,5
2020-06-27,US,New York,Cortland,44,0,0,42.59509207,-76.07048931,36023.0,92.47388663542169,0.0,44,44,0,0,44,44,47823,0,0,0,0,0
2020-06-27,US,New York,Delaware,91,4,0,42.19837623,-74.96709306,36025.0,206.18556701030928,4.395604395604397,87,91,4,0,87,91,44527,0,0,0,0,0
2020-06-27,US,New York,Dutchess,4191,151,0,41.76486060000001,-73.74356679,36027.0,1424.4539763032851,3.6029587210689566,4040,4179,151,0,4028,4176,293718,12,0,0,12,3
2020-06-27,US,New York,Erie,7206,634,0,42.76249024,-78.73063652,36029.0,784.3675098127576,8.798223702470164,6572,7181,634,0,6547,7138,919719,25,0,0,25,43
2020-06-27,US,New York,Essex,42,0,0,44.11630765,-73.77297842,36031.0,113.86742578283855,0.0,42,41,0,0,41,41,37300,1,0,0,1,0
2020-06-27,US,New York,Franklin,29,0,0,44.59040891,-74.29926032,36033.0,57.974491223861506,0.0,29,28,0,0,28,28,50293,1,0,0,1,0
2020-06-27,US,New York,Fulton,249,24,0,43.11363907,-74.41798804,36035.0,466.4406271659517,9.63855421686747,225,248,24,0,224,244,53591,1,0,0,1,4
2020-06-27,US,New York,Genesee,237,5,0,43.0022601,-78.19135193,36037.0,413.75698324022346,2.109704641350211,232,232,5,0,227,231,57511,5,0,0,5,1
2020-06-27,US,New York,Greene,260,18,0,42.275797,-74.12384884,36039.0,550.9875392048826,6.9230769230769225,242,257,18,0,239,257,47491,3,0,0,3,0
2020-06-27,US,New York,Hamilton,6,0,0,43.66146647,-74.49721957,36041.0,135.8695652173913,0.0,6,6,0,0,6,6,4434,0,0,0,0,0
2020-06-27,US,New York,Herkimer,154,3,0,43.42034246,-74.96145307,36043.0,251.14564816777835,1.9480519480519483,151,149,3,0,146,143,61833,5,0,0,5,6
2020-06-27,US,New York,Jefferson,85,0,0,44.04200959,-75.94653457,36045.0,77.38951508640312,0.0,85,85,0,0,85,85,111755,0,0,0,0,0
2020-06-27,US,New York,Lewis,26,0,0,43.784415700000004,-75.44903992,36049.0,98.87435351384241,0.0,26,26,0,0,26,25,26447,0,0,0,0,1
2020-06-27,US,New York,Livingston,126,8,0,42.72596275,-77.77966158,36051.0,200.27338907079502,6.349206349206349,118,126,8,0,118,126,63227,0,0,0,0,0
2020-06-27,US,New York,Madison,351,17,0,42.91653905,-75.67266639,36053.0,494.7773501924134,4.843304843304844,334,351,17,0,334,349,70795,0,0,0,0,2
2020-06-27,US,New York,Monroe,3676,266,0,43.14638895,-77.69322942,36055.0,495.5714035347884,7.236126224156692,3410,3641,266,0,3375,3602,742474,35,0,0,35,39
2020-06-27,US,New York,Montgomery,116,4,0,42.90123494,-74.44011632,36057.0,235.67176611608863,3.4482758620689653,112,113,4,0,109,111,49455,3,0,0,3,2
2020-06-27,US,New York,Nassau,41725,2182,0,40.74066522,-73.58941873,36059.0,3074.969563512769,5.229478729778309,39543,41684,2181,0,39503,41646,1358343,41,1,0,40,38
2020-06-27,US,New York,New York City,214434,22441,0,40.76727260000001,-73.97152637,36061.0,2572.1327456270183,10.465224731152711,191993,214070,22421,0,191649,213699,1628701,364,20,0,344,371
2020-06-27,US,New York,Niagara,1223,88,0,43.19898042,-78.74777412,36063.0,584.3817642308668,7.195421095666393,1135,1213,88,0,1125,1203,210433,10,0,0,10,10
2020-06-27,US,New York,Oneida,1547,90,0,43.24375382,-75.43710392,36065.0,676.5177919368875,5.817711700064641,1457,1520,90,0,1430,1479,229577,27,0,0,27,41
2020-06-27,US,New York,Onondaga,2791,184,0,43.00491923,-76.19971155,36067.0,606.0434978980649,6.5926191329272665,2607,2782,184,0,2598,2751,461809,9,0,0,9,31
2020-06-27,US,New York,Ontario,254,9,0,42.85145728,-77.30874425,36069.0,231.3781575375534,3.543307086614173,245,252,9,0,243,248,109864,2,0,0,2,4
2020-06-27,US,New York,Orange,10710,478,0,41.40337468,-74.30240757,36071.0,2782.251779498104,4.46311858076564,10232,10698,478,0,10220,10679,381951,12,0,0,12,19
2020-06-27,US,New York,Orleans,280,51,0,43.2516977,-78.2320066,36073.0,693.8937351308485,18.214285714285715,229,279,51,0,228,279,40612,1,0,0,1,0
2020-06-27,US,New York,Oswego,194,3,0,43.42778894,-76.14635194,36075.0,165.6364195211912,1.5463917525773196,191,192,3,0,189,191,117898,2,0,0,2,1
2020-06-27,US,New York,Otsego,84,5,0,42.63492579,-75.03151402,36077.0,141.1930815390046,5.9523809523809526,79,83,5,0,78,83,59749,1,0,0,1,0
2020-06-27,US,New York,Putnam,1319,63,0,41.42630093,-73.74965532,36079.0,1341.5378356387307,4.776345716451858,1256,1317,62,0,1255,1311,98892,2,1,0,1,6
2020-06-27,US,New York,Rensselaer,550,28,0,42.71348136,-73.51089874,36083.0,346.53527729122817,5.090909090909091,522,549,28,0,521,541,159442,1,0,0,1,8
2020-06-27,US,New York,Rockland,13566,667,0,41.15027894,-74.02560498,36087.0,4164.0448265595205,4.916703523514669,12899,13557,667,0,12890,13549,325695,9,0,0,9,8
2020-06-27,US,New York,Saratoga,546,14,0,43.10904162,-73.86653895,36091.0,237.53279127132248,2.5641025641025643,532,540,14,0,526,540,230163,6,0,0,6,0
2020-06-27,US,New York,Schenectady,786,37,0,42.81668777,-74.05278291,36093.0,506.1204515161077,4.707379134860051,749,781,37,0,744,778,155350,5,0,0,5,3
2020-06-27,US,New York,Schoharie,57,0,0,42.58831742,-74.44339029999998,36095.0,183.87689925481467,0.0,57,57,0,0,57,57,31097,0,0,0,0,0
2020-06-27,US,New York,Schuyler,12,0,0,42.39184015,-76.8773299,36097.0,67.38922895490539,0.0,12,12,0,0,12,12,17912,0,0,0,0,0
2020-06-27,US,New York,Seneca,69,0,0,42.78081007,-76.82497064,36099.0,202.84571966133583,0.0,69,69,0,0,69,66,34300,0,0,0,0,3
2020-06-27,US,New York,St. Lawrence,218,2,0,44.4976179,-75.06550039,36089.0,202.33896417300912,0.9174311926605504,216,218,2,0,216,217,108047,0,0,0,0,1
2020-06-27,US,New York,Steuben,264,41,0,42.2689144,-77.3829924,36101.0,276.79048847230524,15.530303030303033,223,264,41,0,223,264,95796,0,0,0,0,0
2020-06-27,US,New York,Suffolk,41253,1978,0,40.88320119,-72.8012172,36103.0,2793.7811229980202,4.7948028022204445,39275,41208,1975,0,39233,41151,1481093,45,3,0,42,57
2020-06-27,US,New York,Sullivan,1451,45,0,41.71579493,-74.76394559,36105.0,1923.5868066603036,3.1013094417643003,1406,1449,45,0,1404,1448,75498,2,0,0,2,1
2020-06-27,US,New York,Tioga,142,24,0,42.16852837,-76.30835812,36107.0,294.58747380868414,16.901408450704224,118,141,24,0,117,141,48560,1,0,0,1,0
2020-06-27,US,New York,Tompkins,175,0,0,42.44945765,-76.47229843,36109.0,171.26639264043845,0.0,175,175,0,0,175,175,102793,0,0,0,0,0
2020-06-27,US,New York,Ulster,1773,85,0,41.89027881,-74.26252104,36111.0,998.4626041121116,4.794134235758602,1688,1768,85,0,1683,1765,178599,5,0,0,5,3
2020-06-27,US,New York,Warren,263,30,0,43.56173026,-73.8433699,36113.0,411.2973852120605,11.40684410646388,233,263,30,0,233,263,64265,0,0,0,0,0
2020-06-27,US,New York,Washington,245,14,0,43.31153794,-73.43043448,36115.0,400.30063394549376,5.7142857142857135,231,245,14,0,231,245,61197,0,0,0,0,0
2020-06-27,US,New York,Wayne,161,3,0,43.15494365,-77.02976528,36117.0,179.05202517849597,1.8633540372670807,158,159,3,0,156,154,90064,2,0,0,2,5
2020-06-27,US,New York,Westchester,34748,1419,0,41.16278376,-73.75741653,36119.0,3591.5022749212926,4.083688269828479,33329,34700,1418,0,33282,34642,967612,48,1,0,47,58
2020-06-27,US,New York,Wyoming,95,5,0,42.70145109,-78.22199579,36121.0,238.34014902531425,5.2631578947368425,90,94,5,0,89,93,40085,1,0,0,1,1
2020-06-27,US,New York,Yates,45,6,0,42.63505484,-77.10369919,36123.0,180.62858748444583,13.333333333333336,39,45,6,0,39,44,24841,0,0,0,0,1
2020-06-27,US,North Carolina,Alamance,1066,36,0,36.0434701,-79.39976137,37001.0,628.8751629706978,3.377110694183865,1030,1035,36,0,999,1009,166436,31,0,0,31,26
2020-06-27,US,North Carolina,Alexander,88,0,0,35.922379600000006,-81.17751948,37003.0,234.68544150198682,0.0,88,80,0,0,80,76,37353,8,0,0,8,4
2020-06-27,US,North Carolina,Alleghany,31,0,0,36.49360862,-81.12857041,37005.0,278.3514411421388,0.0,31,31,0,0,31,31,11161,0,0,0,0,0
2020-06-27,US,North Carolina,Anson,121,2,0,34.97403241,-80.09953279,37007.0,494.96850200441787,1.6528925619834711,119,119,2,0,117,115,24877,2,0,0,2,4
2020-06-27,US,North Carolina,Ashe,52,1,0,36.43296207,-81.49862729,37009.0,191.15538727346248,1.9230769230769231,51,51,1,0,50,50,27109,1,0,0,1,1
2020-06-27,US,North Carolina,Avery,11,0,0,36.07569796,-81.92308483,37011.0,62.65307284843653,0.0,11,11,0,0,11,8,17505,0,0,0,0,3
2020-06-27,US,North Carolina,Beaufort,74,0,0,35.48531943,-76.84325809,37013.0,157.46691066944715,0.0,74,73,0,0,73,64,47079,1,0,0,1,9
2020-06-27,US,North Carolina,Bertie,141,4,0,36.0688473,-76.96545943,37015.0,744.1811368554387,2.8368794326241136,137,140,4,0,136,139,19026,1,0,0,1,1
2020-06-27,US,North Carolina,Bladen,349,3,0,34.61296243,-78.56180059,37017.0,1066.560723672147,0.8595988538681948,346,344,3,0,341,341,33190,5,0,0,5,3
2020-06-27,US,North Carolina,Brunswick,459,4,0,34.070565,-78.22814204,37019.0,321.38355972552864,0.8714596949891068,455,440,4,0,436,407,136744,19,0,0,19,33
2020-06-27,US,North Carolina,Buncombe,536,37,0,35.61113393,-82.53305,37021.0,205.21380905161357,6.902985074626867,499,528,37,0,491,519,259103,8,0,0,8,9
2020-06-27,US,North Carolina,Burke,1000,20,0,35.74989637,-81.70755735,37023.0,1105.155550643753,2.0,980,983,19,0,964,954,90382,17,1,0,16,29
2020-06-27,US,North Carolina,Cabarrus,1021,31,0,35.3877799,-80.55267168,37025.0,471.69593399028884,3.036238981390793,990,983,31,0,952,936,211342,38,0,0,38,47
2020-06-27,US,North Carolina,Caldwell,358,4,0,35.95204977,-81.54799522,37027.0,435.6397089245297,1.11731843575419,354,348,4,0,344,335,82029,10,0,0,10,13
2020-06-27,US,North Carolina,Camden,24,0,0,36.33804939,-76.15568396,37029.0,220.8521211005797,0.0,24,23,0,0,23,23,10710,1,0,0,1,0
2020-06-27,US,North Carolina,Carteret,77,3,0,34.8932941,-76.54120135,37031.0,110.83442488448749,3.8961038961038965,74,67,3,0,64,64,69524,10,0,0,10,3
2020-06-27,US,North Carolina,Caswell,134,1,0,36.39312665,-79.33353281,37033.0,592.8154308971864,0.746268656716418,133,128,1,0,127,125,22698,6,0,0,6,3
2020-06-27,US,North Carolina,Catawba,704,13,0,35.66211129,-81.2132617,37035.0,441.23822476825586,1.8465909090909087,691,669,13,0,656,669,158652,35,0,0,35,0
2020-06-27,US,North Carolina,Chatham,924,42,0,35.70394416,-79.25541492,37037.0,1240.768094534712,4.545454545454546,882,916,42,0,874,910,73139,8,0,0,8,6
2020-06-27,US,North Carolina,Cherokee,36,1,0,35.1349263,-84.05970864,37039.0,125.82133370613728,2.7777777777777777,35,36,1,0,35,36,28383,0,0,0,0,0
2020-06-27,US,North Carolina,Chowan,22,0,0,36.12908077,-76.60118385,37041.0,157.7852685935595,0.0,22,19,0,0,19,19,14029,3,0,0,3,0
2020-06-27,US,North Carolina,Clay,12,0,0,35.05704275,-83.74353633,37043.0,106.84711957973468,0.0,12,12,0,0,12,12,11139,0,0,0,0,0
2020-06-27,US,North Carolina,Cleveland,268,3,0,35.33553364,-81.55204486,37045.0,273.6173644930421,1.1194029850746268,265,257,3,0,254,248,97645,11,0,0,11,9
2020-06-27,US,North Carolina,Columbus,502,37,0,34.26744084,-78.65801424,37047.0,904.374144267493,7.370517928286853,465,494,37,0,457,492,55655,8,0,0,8,2
2020-06-27,US,North Carolina,Craven,350,6,0,35.11833364,-77.08398081,37049.0,342.6702826540303,1.7142857142857142,344,338,6,0,332,332,102912,12,0,0,12,6
2020-06-27,US,North Carolina,Cumberland,1121,41,0,35.04762133,-78.82623165,37051.0,334.1192039557806,3.6574487065120422,1080,1121,41,0,1080,1065,332330,0,0,0,0,56
2020-06-27,US,North Carolina,Currituck,18,0,0,36.36123664,-75.95876401,37053.0,64.83449194971726,0.0,18,16,0,0,16,16,27072,2,0,0,2,0
2020-06-27,US,North Carolina,Dare,42,1,0,35.66520691,-75.71767334,37055.0,113.48590883298657,2.380952380952381,41,40,1,0,39,34,36501,2,0,0,2,6
2020-06-27,US,North Carolina,Davidson,908,15,0,35.79115496,-80.21256572,37057.0,541.7370188951667,1.6519823788546255,893,868,15,0,853,831,166614,40,0,0,40,37
2020-06-27,US,North Carolina,Davie,190,4,0,35.93099927,-80.54496571,37059.0,443.4486299771274,2.1052631578947367,186,177,4,0,173,172,42733,13,0,0,13,5
2020-06-27,US,North Carolina,Duplin,1422,28,0,34.93449805,-77.93140529,37061.0,2420.7963773173765,1.969057665260197,1394,1398,28,0,1370,1373,58856,24,0,0,24,25
2020-06-27,US,North Carolina,Durham,3532,63,0,36.03638492,-78.87608331,37063.0,1098.6413178718956,1.783691959229898,3469,3451,62,0,3389,3402,316739,81,1,0,80,49
2020-06-27,US,North Carolina,Edgecombe,302,9,0,35.91230639,-77.59436892,37065.0,586.7267640658999,2.9801324503311264,293,298,9,0,289,290,52005,4,0,0,4,8
2020-06-27,US,North Carolina,Forsyth,2871,34,0,36.12859861,-80.25459052,37067.0,750.9907270563307,1.1842563566701498,2837,2788,33,0,2755,2715,379099,83,1,0,82,73
2020-06-27,US,North Carolina,Franklin,326,21,0,36.081519,-78.28708884,37069.0,467.81947334433517,6.441717791411043,305,309,21,0,288,301,67560,17,0,0,17,8
2020-06-27,US,North Carolina,Gaston,972,12,0,35.29373559,-81.17477045,37071.0,432.90621701428324,1.2345679012345678,960,912,12,0,900,869,222846,60,0,0,60,43
2020-06-27,US,North Carolina,Gates,26,2,0,36.44667547,-76.69749701,37073.0,224.8745891714236,7.6923076923076925,24,26,2,0,24,26,11573,0,0,0,0,0
2020-06-27,US,North Carolina,Graham,9,0,0,35.3506925,-83.83369267,37075.0,106.62243809975122,0.0,9,9,0,0,9,8,8484,0,0,0,0,1
2020-06-27,US,North Carolina,Granville,786,19,0,36.30337451,-78.65184241,37077.0,1300.3987227635955,2.417302798982188,767,776,19,0,757,773,60115,10,0,0,10,3
2020-06-27,US,North Carolina,Greene,172,2,0,35.48544173,-77.67578087,37079.0,816.3652759979117,1.162790697674419,170,164,2,0,162,160,21012,8,0,0,8,4
2020-06-27,US,North Carolina,Guilford,2690,111,0,36.07959451,-79.78824948,37081.0,500.7688384024543,4.12639405204461,2579,2645,111,0,2534,2586,533670,45,0,0,45,59
2020-06-27,US,North Carolina,Halifax,297,4,0,36.25669272,-77.6556109,37083.0,593.8812237552489,1.3468013468013469,293,297,4,0,293,296,50574,0,0,0,0,1
2020-06-27,US,North Carolina,Harnett,598,30,0,35.36731853,-78.87243571,37085.0,439.78349120433023,5.016722408026756,568,581,30,0,551,553,134214,17,0,0,17,28
2020-06-27,US,North Carolina,Haywood,86,0,0,35.55269063,-82.98196486,37087.0,138.00407593433573,0.0,86,79,0,0,79,75,61971,7,0,0,7,4
2020-06-27,US,North Carolina,Henderson,558,50,0,35.33788927,-82.4766782,37089.0,475.22931091749916,8.960573476702507,508,546,50,0,496,540,116748,12,0,0,12,6
2020-06-27,US,North Carolina,Hertford,160,10,0,36.3607755,-76.98104134,37091.0,675.7612873252524,6.25,150,157,10,0,147,157,23659,3,0,0,3,0
2020-06-27,US,North Carolina,Hoke,352,3,0,35.01888303,-79.23651674,37093.0,637.2886265705906,0.8522727272727273,349,341,3,0,338,337,54764,11,0,0,11,4
2020-06-27,US,North Carolina,Hyde,9,0,0,35.42017674,-76.15180542,37095.0,182.29694146242662,0.0,9,6,0,0,6,6,5230,3,0,0,3,0
2020-06-27,US,North Carolina,Iredell,707,9,0,35.80950511,-80.8743128,37097.0,388.8760546956646,1.272984441301273,698,672,9,0,663,624,178435,35,0,0,35,48
2020-06-27,US,North Carolina,Jackson,91,1,0,35.28814273,-83.14093385,37099.0,207.11001866266102,1.0989010989010992,90,89,1,0,88,86,43327,2,0,0,2,3
2020-06-27,US,North Carolina,Johnston,1346,29,0,35.51745004,-78.36622717,37101.0,642.9762251658793,2.1545319465081723,1317,1284,29,0,1255,1234,202675,62,0,0,62,50
2020-06-27,US,North Carolina,Jones,32,3,0,35.02254606,-77.35870791,37103.0,339.73882577768336,9.375,29,32,3,0,29,29,9637,0,0,0,0,3
2020-06-27,US,North Carolina,Lee,770,8,0,35.47623147,-79.17569362,37105.0,1246.3782191359523,1.0389610389610389,762,754,8,0,746,741,61452,16,0,0,16,13
2020-06-27,US,North Carolina,Lenoir,358,10,0,35.24032589999999,-77.64245615,37107.0,639.8684516255876,2.793296089385475,348,352,10,0,342,348,55976,6,0,0,6,4
2020-06-27,US,North Carolina,Lincoln,232,2,0,35.48508185,-81.21740317,37109.0,269.41970247703546,0.8620689655172413,230,220,2,0,218,208,83770,12,0,0,12,12
2020-06-27,US,North Carolina,Macon,266,3,0,35.14867843,-83.41696617,37113.0,741.8149366947405,1.1278195488721805,263,264,3,0,261,262,35285,2,0,0,2,2
2020-06-27,US,North Carolina,Madison,11,0,0,35.85402722,-82.71346418,37115.0,50.563088945070106,0.0,11,9,0,0,9,9,21763,2,0,0,2,0
2020-06-27,US,North Carolina,Martin,123,4,0,35.84326734,-77.10860251,37117.0,548.1283422459893,3.2520325203252027,119,122,4,0,118,121,22671,1,0,0,1,1
2020-06-27,US,North Carolina,McDowell,220,2,0,35.67736232,-82.0482425,37111.0,480.81125972550046,0.9090909090909092,218,213,2,0,211,208,45507,7,0,0,7,5
2020-06-27,US,North Carolina,Mecklenburg,10287,145,0,35.24469268,-80.8317671,37119.0,926.4596219590834,1.409546028968601,10142,9944,144,0,9800,9614,1093901,343,1,0,342,330
2020-06-27,US,North Carolina,Mitchell,27,0,0,36.01059309,-82.1582442,37121.0,180.43303929430638,0.0,27,27,0,0,27,26,15000,0,0,0,0,1
2020-06-27,US,North Carolina,Montgomery,298,7,0,35.33155144,-79.90416657,37123.0,1096.6768483421042,2.348993288590604,291,298,7,0,291,283,27271,0,0,0,0,15
2020-06-27,US,North Carolina,Moore,421,18,0,35.30885257,-79.48474178,37125.0,417.3275178429817,4.275534441805227,403,418,18,0,400,407,98682,3,0,0,3,11
2020-06-27,US,North Carolina,Nash,403,4,0,35.96575634,-77.98422508,37127.0,427.3685550064689,0.9925558312655088,399,384,4,0,380,380,94016,19,0,0,19,4
2020-06-27,US,North Carolina,New Hanover,805,5,0,34.25758282,-77.87075626,37129.0,343.323111829507,0.6211180124223602,800,765,5,0,760,715,232274,40,0,0,40,50
2020-06-27,US,North Carolina,Northampton,193,15,0,36.41736238,-77.39769443,37131.0,990.6071960170405,7.772020725388602,178,193,15,0,178,191,19676,0,0,0,0,2
2020-06-27,US,North Carolina,Onslow,261,3,0,34.72607366,-77.42908179,37133.0,131.85947114753105,1.1494252873563218,258,243,3,0,240,229,197683,18,0,0,18,14
2020-06-27,US,North Carolina,Orange,616,41,0,36.06092947,-79.12167935,37135.0,414.8818664295913,6.655844155844156,575,593,41,0,552,578,146027,23,0,0,23,15
2020-06-27,US,North Carolina,Pamlico,18,0,0,35.15253315,-76.66559823,37137.0,141.44271570014143,0.0,18,18,0,0,18,18,12670,0,0,0,0,0
2020-06-27,US,North Carolina,Pasquotank,198,15,0,36.26723798,-76.25134778,37139.0,497.18762555243075,7.575757575757576,183,180,15,0,165,172,39639,18,0,0,18,8
2020-06-27,US,North Carolina,Pender,222,1,0,34.52265624,-77.90352133,37141.0,352.04567078972406,0.4504504504504505,221,221,1,0,220,213,62162,1,0,0,1,8
2020-06-27,US,North Carolina,Perquimans,36,2,0,36.17847453,-76.40603143,37143.0,267.3995394785709,5.5555555555555545,34,32,2,0,30,32,13422,4,0,0,4,0
2020-06-27,US,North Carolina,Person,103,1,0,36.38989032,-78.97217358,37145.0,260.8255254494809,0.9708737864077671,102,100,1,0,99,97,39507,3,0,0,3,3
2020-06-27,US,North Carolina,Pitt,650,6,0,35.59535426,-77.37353178,37147.0,359.6286419315931,0.9230769230769232,644,638,6,0,632,617,179914,12,0,0,12,21
2020-06-27,US,North Carolina,Polk,68,4,0,35.27820615,-82.16812354,37149.0,328.1219841729396,5.882352941176472,64,68,4,0,64,67,20611,0,0,0,0,1
2020-06-27,US,North Carolina,Randolph,1137,29,0,35.71015088,-79.80570339,37151.0,791.4134769988933,2.5505716798592792,1108,1116,29,0,1087,1090,143351,21,0,0,21,26
2020-06-27,US,North Carolina,Richmond,257,5,0,35.00417719,-79.74491009,37153.0,573.2896116353254,1.9455252918287935,252,252,5,0,247,246,44887,5,0,0,5,6
2020-06-27,US,North Carolina,Robeson,1240,38,0,34.64244496,-79.10250529999998,37155.0,949.2822966507176,3.0645161290322585,1202,1232,38,0,1194,1205,131831,8,0,0,8,27
2020-06-27,US,North Carolina,Rockingham,210,2,0,36.39593137,-79.77504841,37157.0,230.74387429952756,0.9523809523809524,208,201,2,0,199,179,90690,9,0,0,9,22
2020-06-27,US,North Carolina,Rowan,1137,41,0,35.64003916,-80.52446628,37159.0,800.2083216035134,3.605980650835532,1096,1118,41,0,1077,1088,141262,19,0,0,19,30
2020-06-27,US,North Carolina,Rutherford,281,9,0,35.40114178,-81.92112099,37161.0,419.2215309791283,3.2028469750889683,272,272,9,0,263,269,66826,9,0,0,9,3
2020-06-27,US,North Carolina,Sampson,986,6,0,34.98820368,-78.36914061,37163.0,1551.99823708111,0.6085192697768763,980,973,6,0,967,947,63626,13,0,0,13,26
2020-06-27,US,North Carolina,Scotland,133,2,0,34.8386299,-79.4757978,37165.0,381.93148206645037,1.5037593984962403,131,132,2,0,130,130,34810,1,0,0,1,2
2020-06-27,US,North Carolina,Stanly,340,5,0,35.31647813,-80.25093221,37167.0,541.3495525905169,1.4705882352941178,335,315,5,0,310,308,62075,25,0,0,25,7
2020-06-27,US,North Carolina,Stokes,124,1,0,36.4017975,-80.23893369,37169.0,271.9835055164397,0.8064516129032258,123,121,1,0,120,115,45467,3,0,0,3,6
2020-06-27,US,North Carolina,Surry,444,2,0,36.41689489,-80.69102283,37171.0,618.5308499226836,0.4504504504504505,442,437,2,0,435,418,71948,7,0,0,7,19
2020-06-27,US,North Carolina,Swain,51,0,0,35.48665845,-83.48748932,37173.0,357.36808913180573,0.0,51,50,0,0,50,50,14245,1,0,0,1,0
2020-06-27,US,North Carolina,Transylvania,20,1,0,35.20383864,-82.79638423,37175.0,58.16489748436818,5.0,19,19,1,0,18,19,34215,1,0,0,1,0
2020-06-27,US,North Carolina,Tyrrell,8,0,0,35.87147226,-76.17055253,37177.0,199.20318725099602,0.0,8,8,0,0,8,7,4131,0,0,0,0,1
2020-06-27,US,North Carolina,Union,1123,24,0,34.98960527,-80.52955873,37179.0,468.1917293076349,2.1371326803205704,1099,1066,24,0,1042,1042,235908,57,0,0,57,24
2020-06-27,US,North Carolina,Vance,492,36,0,36.36880673,-78.40670845,37181.0,1104.7490737622097,7.317073170731707,456,490,36,0,454,486,44582,2,0,0,2,4
2020-06-27,US,North Carolina,Wake,4675,46,0,35.78879266,-78.65249174,37183.0,420.5040471828028,0.9839572192513371,4629,4551,45,0,4506,4347,1092305,124,1,0,123,204
2020-06-27,US,North Carolina,Warren,157,5,0,36.39728256,-78.10652228,37185.0,795.7021945162435,3.1847133757961785,152,155,5,0,150,154,19807,2,0,0,2,1
2020-06-27,US,North Carolina,Washington,38,3,0,35.83810081,-76.57299037,37187.0,328.15198618307426,7.894736842105262,35,37,3,0,34,37,11859,1,0,0,1,0
2020-06-27,US,North Carolina,Watauga,58,0,0,36.23103603,-81.70033724,37189.0,103.24510030795521,0.0,58,52,0,0,52,51,55945,6,0,0,6,1
2020-06-27,US,North Carolina,Wayne,1740,25,0,35.36438125,-78.00027268,37191.0,1413.129106398876,1.4367816091954022,1715,1724,25,0,1699,1712,123248,16,0,0,16,12
2020-06-27,US,North Carolina,Wilkes,567,6,0,36.2084135,-81.16232895,37193.0,828.8019645676197,1.058201058201058,561,564,6,0,558,561,68557,3,0,0,3,3
2020-06-27,US,North Carolina,Wilson,675,18,0,35.70625477,-77.917978,37195.0,825.1732863901419,2.6666666666666665,657,665,18,0,647,665,81455,10,0,0,10,0
2020-06-27,US,North Carolina,Yadkin,306,4,0,36.16222629,-80.66239436,37197.0,812.3821913080417,1.30718954248366,302,301,4,0,297,295,37543,5,0,0,5,6
2020-06-27,US,North Carolina,Yancey,44,0,0,35.90079156,-82.31237181,37199.0,243.5109856660579,0.0,44,44,0,0,44,43,17903,0,0,0,0,1
2020-06-27,US,North Dakota,Barnes,19,0,0,46.93579637,-98.06605978,38003.0,182.4291886701872,0.0,19,18,0,0,18,18,10542,1,0,0,1,0
2020-06-27,US,North Dakota,Benson,3,0,0,48.0683985,-99.35916363,38005.0,43.911007025761116,0.0,3,3,0,0,3,3,6962,0,0,0,0,0
2020-06-27,US,North Dakota,Billings,1,0,0,47.02366884,-103.3762965,38007.0,107.75862068965515,0.0,1,1,0,0,1,1,919,0,0,0,0,0
2020-06-27,US,North Dakota,Bottineau,5,0,0,48.79106111,-100.8378166,38009.0,79.59248646927729,0.0,5,5,0,0,5,5,6411,0,0,0,0,0
2020-06-27,US,North Dakota,Bowman,1,0,0,46.11285362,-103.5203343,38011.0,33.06878306878307,0.0,1,1,0,0,1,1,3076,0,0,0,0,0
2020-06-27,US,North Dakota,Burke,5,0,0,48.79094471,-102.51821170000001,38013.0,236.40661938534282,0.0,5,5,0,0,5,5,2100,0,0,0,0,0
2020-06-27,US,North Dakota,Burleigh,234,0,0,46.97847375,-100.46452140000001,38015.0,244.70332336393867,0.0,234,223,0,0,223,217,95273,11,0,0,11,6
2020-06-27,US,North Dakota,Cass,2193,65,0,46.93201724,-97.24447190000001,38017.0,1205.4550551607,2.9639762881896945,2128,2181,65,0,2116,2171,181516,12,0,0,12,10
2020-06-27,US,North Dakota,Cavalier,2,0,0,48.77286211,-98.46685243,38019.0,53.163211057947905,0.0,2,2,0,0,2,2,3829,0,0,0,0,0
2020-06-27,US,North Dakota,Dickey,4,0,0,46.11017712,-98.50490079999999,38021.0,82.10180623973726,0.0,4,4,0,0,4,4,4903,0,0,0,0,0
2020-06-27,US,North Dakota,Divide,1,0,0,48.814938700000006,-103.48736109999999,38023.0,44.16961130742049,0.0,1,1,0,0,1,1,2283,0,0,0,0,0
2020-06-27,US,North Dakota,Dunn,13,0,0,47.35423935,-102.61604679999999,38025.0,293.8517179023508,0.0,13,13,0,0,13,13,4332,0,0,0,0,0
2020-06-27,US,North Dakota,Eddy,5,0,0,47.71701474,-98.90432337,38027.0,218.62702229995628,0.0,5,5,0,0,5,5,2313,0,0,0,0,0
2020-06-27,US,North Dakota,Emmons,4,1,0,46.28398398,-100.2389766,38029.0,123.41869793273679,25.0,3,4,1,0,3,4,3295,0,0,0,0,0
2020-06-27,US,North Dakota,Foster,2,0,0,47.457108399999996,-98.88279923,38031.0,62.305295950155774,0.0,2,2,0,0,2,2,3216,0,0,0,0,0
2020-06-27,US,North Dakota,Grand Forks,379,4,0,47.92093639,-97.45450447,38035.0,545.7084851190049,1.0554089709762533,375,376,4,0,372,373,70770,3,0,0,3,3
2020-06-27,US,North Dakota,Grant,2,0,0,46.35821257,-101.63900129999999,38037.0,87.95074758135445,0.0,2,2,0,0,2,2,2374,0,0,0,0,0
2020-06-27,US,North Dakota,Griggs,2,0,0,47.45785838,-98.23850925,38039.0,89.64589870013447,0.0,2,2,0,0,2,2,2232,0,0,0,0,0
2020-06-27,US,North Dakota,Hettinger,1,0,0,46.43375068,-102.4632417,38041.0,40.01600640256103,0.0,1,1,0,0,1,,2514,0,0,0,0,
2020-06-27,US,North Dakota,Kidder,2,0,0,46.97830064,-99.77507857,38043.0,80.64516129032258,0.0,2,2,0,0,2,2,2450,0,0,0,0,0
2020-06-27,US,North Dakota,LaMoure,13,0,0,46.45681054,-98.53542355,38045.0,321.3049925852694,0.0,13,11,0,0,11,11,4062,2,0,0,2,0
2020-06-27,US,North Dakota,McHenry,3,1,0,48.23104458,-100.6324822,38049.0,52.219321148825074,33.333333333333336,2,3,1,0,2,3,5816,0,0,0,0,0
2020-06-27,US,North Dakota,McIntosh,1,0,0,46.11182017,-99.44145858,38051.0,40.04805766920305,0.0,1,1,0,0,1,1,2585,0,0,0,0,0
2020-06-27,US,North Dakota,McKenzie,27,0,0,47.74133370000001,-103.395905,38053.0,179.71246006389774,0.0,27,27,0,0,27,27,13632,0,0,0,0,0
2020-06-27,US,North Dakota,McLean,11,0,0,47.60766714,-101.3182418,38055.0,116.40211640211642,0.0,11,11,0,0,11,11,9541,0,0,0,0,0
2020-06-27,US,North Dakota,Mercer,6,0,0,47.31213126,-101.8318399,38057.0,73.28691828508613,0.0,6,6,0,0,6,6,8267,0,0,0,0,0
2020-06-27,US,North Dakota,Morton,78,2,0,46.71681782,-101.2822377,38059.0,248.6927687794924,2.5641025641025643,76,74,2,0,72,73,31095,4,0,0,4,1
2020-06-27,US,North Dakota,Mountrail,44,0,0,48.20197971,-102.3555315,38061.0,417.2593646277857,0.0,44,44,0,0,44,43,10218,0,0,0,0,1
2020-06-27,US,North Dakota,Nelson,1,0,0,47.9226426,-98.19038437,38063.0,34.734282737061484,0.0,1,1,0,0,1,1,2869,0,0,0,0,0
2020-06-27,US,North Dakota,Oliver,1,0,0,47.11530482,-101.3406158,38065.0,51.046452271567134,0.0,1,1,0,0,1,1,1952,0,0,0,0,0
2020-06-27,US,North Dakota,Pembina,9,0,0,48.76623521,-97.5523809,38067.0,132.33348037053378,0.0,9,9,0,0,9,9,6947,0,0,0,0,0
2020-06-27,US,North Dakota,Pierce,4,0,0,48.24977025,-99.96407787,38069.0,100.62893081761007,0.0,4,4,0,0,4,4,4081,0,0,0,0,0
2020-06-27,US,North Dakota,Ramsey,10,1,0,48.26886249,-98.72223879,38071.0,86.81309141418525,10.0,9,10,1,0,9,10,11481,0,0,0,0,0
2020-06-27,US,North Dakota,Ransom,17,0,0,46.45621782,-97.65742504,38073.0,325.7953238788808,0.0,17,16,0,0,16,16,5237,1,0,0,1,0
2020-06-27,US,North Dakota,Renville,5,0,0,48.71982533,-101.6603912,38075.0,214.86892995272885,0.0,5,5,0,0,5,4,2374,0,0,0,0,1
2020-06-27,US,North Dakota,Richland,41,0,0,46.26440649,-96.94852979,38077.0,253.4462508499722,0.0,41,41,0,0,41,41,16239,0,0,0,0,0
2020-06-27,US,North Dakota,Rolette,10,0,0,48.77245354,-99.84097493,38079.0,70.54176072234762,0.0,10,10,0,0,10,10,14301,0,0,0,0,0
2020-06-27,US,North Dakota,Sargent,6,0,0,46.10830372,-97.63217159,38081.0,153.9250897896357,0.0,6,6,0,0,6,5,3870,0,0,0,0,1
2020-06-27,US,North Dakota,Sheridan,1,0,0,47.57700669,-100.3426391,38083.0,76.04562737642586,0.0,1,1,0,0,1,1,1349,0,0,0,0,0
2020-06-27,US,North Dakota,Sioux,21,0,0,46.11323337,-101.04401490000001,38085.0,496.45390070921997,0.0,21,20,0,0,20,20,4358,1,0,0,1,0
2020-06-27,US,North Dakota,Slope,3,0,0,46.44737738,-103.4601547,38087.0,400.0,0.0,3,3,0,0,3,3,763,0,0,0,0,0
2020-06-27,US,North Dakota,Stark,71,2,0,46.80851182,-102.65763259999999,38089.0,225.47556289497916,2.8169014084507036,69,71,2,0,69,70,30997,0,0,0,0,1
2020-06-27,US,North Dakota,Steele,1,0,0,47.45611548,-97.72728747,38091.0,52.91005291005291,0.0,1,1,0,0,1,1,1903,0,0,0,0,0
2020-06-27,US,North Dakota,Stutsman,63,1,0,46.97962541,-98.95637318,38093.0,304.28902627511593,1.5873015873015872,62,63,1,0,62,62,20917,0,0,0,0,1
2020-06-27,US,North Dakota,Traill,16,0,0,47.45367788,-97.16323288,38097.0,199.1040318566451,0.0,16,15,0,0,15,15,8037,1,0,0,1,0
2020-06-27,US,North Dakota,Walsh,21,0,0,48.36876964,-97.72574783,38099.0,197.3498731322244,0.0,21,20,0,0,20,20,10667,1,0,0,1,0
2020-06-27,US,North Dakota,Ward,59,1,0,48.22390169,-101.54367629999999,38101.0,87.22520364867462,1.6949152542372878,58,59,1,0,58,58,67744,0,0,0,0,1
2020-06-27,US,North Dakota,Wells,8,0,0,47.58614526,-99.65904998,38103.0,208.65936358894103,0.0,8,8,0,0,8,8,3957,0,0,0,0,0
2020-06-27,US,North Dakota,Williams,29,0,0,48.34522353,-103.4793387,38105.0,77.15023012051398,0.0,29,29,0,0,29,28,35350,0,0,0,0,1
2020-06-27,US,Ohio,Adams,20,1,0,38.84541072,-83.4718964,39001.0,72.20737959419452,5.0,19,20,1,0,19,20,27724,0,0,0,0,0
2020-06-27,US,Ohio,Allen,265,38,0,40.77285242,-84.10802343,39003.0,258.91295639515005,14.339622641509434,227,264,38,0,226,261,102663,1,0,0,1,3
2020-06-27,US,Ohio,Ashland,45,1,0,40.84772277,-82.27280781,39005.0,84.13731209333632,2.2222222222222223,44,45,1,0,44,46,53745,0,0,0,0,-1
2020-06-27,US,Ohio,Ashtabula,412,43,0,41.70860332,-80.74830218,39007.0,423.6895959523246,10.436893203883496,369,412,43,0,369,413,97493,0,0,0,0,-1
2020-06-27,US,Ohio,Athens,30,1,0,39.33425634,-82.04278644,39009.0,45.92281904878534,3.333333333333333,29,29,1,0,28,29,65818,1,0,0,1,0
2020-06-27,US,Ohio,Auglaize,96,3,0,40.55998859,-84.22421429999999,39011.0,210.2680918170668,3.125,93,96,3,0,93,93,45804,0,0,0,0,3
2020-06-27,US,Ohio,Belmont,521,21,0,40.01625942,-80.9924051,39013.0,777.5423096439125,4.030710172744722,500,519,21,0,498,516,67505,2,0,0,2,3
2020-06-27,US,Ohio,Brown,52,1,0,38.93416837,-83.86788395,39015.0,119.72738994289922,1.9230769230769231,51,51,1,0,50,50,43602,1,0,0,1,1
2020-06-27,US,Ohio,Butler,1350,44,0,39.44012838,-84.57388716,39017.0,352.3571387556312,3.2592592592592586,1306,1322,43,0,1279,1301,382378,28,1,0,27,21
2020-06-27,US,Ohio,Carroll,47,3,0,40.5789686,-81.09178213,39019.0,174.63030393103958,6.382978723404255,44,46,3,0,43,46,27081,1,0,0,1,0
2020-06-27,US,Ohio,Champaign,37,1,0,40.13923427,-83.76875242,39021.0,95.15237238009516,2.702702702702702,36,37,1,0,36,37,38754,0,0,0,0,0
2020-06-27,US,Ohio,Clark,722,8,0,39.91592258,-83.78498252,39023.0,538.4724387133343,1.10803324099723,714,712,8,0,704,703,134585,10,0,0,10,9
2020-06-27,US,Ohio,Clermont,319,6,0,39.04847534,-84.15375786,39025.0,154.53329974615846,1.8808777429467085,313,307,6,0,301,300,205466,12,0,0,12,7
2020-06-27,US,Ohio,Clinton,56,0,0,39.41485808,-83.80852286,39027.0,133.43499809378574,0.0,56,56,0,0,56,55,42057,0,0,0,0,1
2020-06-27,US,Ohio,Columbiana,1093,59,0,40.76932373,-80.78094576,39029.0,1072.799191229155,5.397987191216834,1034,1087,59,0,1028,1033,102665,6,0,0,6,54
2020-06-27,US,Ohio,Coshocton,67,0,0,40.30096166,-81.91729018,39031.0,183.0601092896175,0.0,67,66,0,0,66,64,36629,1,0,0,1,2
2020-06-27,US,Ohio,Crawford,129,5,0,40.85065156,-82.91989099,39033.0,310.8883212030655,3.875968992248062,124,127,5,0,122,126,41550,2,0,0,2,1
2020-06-27,US,Ohio,Cuyahoga,6429,351,0,41.424119,-81.65918339,39035.0,520.5364545548762,5.459636024265048,6078,6287,347,0,5940,6111,1243857,142,4,0,138,176
2020-06-27,US,Ohio,Darke,233,25,0,40.13412966,-84.6194517,39037.0,455.8527184864908,10.72961373390558,208,231,25,0,206,230,51323,2,0,0,2,1
2020-06-27,US,Ohio,Defiance,44,3,0,41.32398837,-84.49076944,39039.0,115.52498227741751,6.8181818181818175,41,43,3,0,40,43,38165,1,0,0,1,0
2020-06-27,US,Ohio,Delaware,461,15,0,40.27942393,-83.00457058,39041.0,220.38751870425529,3.2537960954446854,446,458,15,0,443,449,204826,3,0,0,3,9
2020-06-27,US,Ohio,Erie,225,22,0,41.36796058,-82.62904521,39043.0,302.9650176392966,9.777777777777779,203,223,22,0,201,221,74615,2,0,0,2,2
2020-06-27,US,Ohio,Fairfield,458,15,0,39.75107189,-82.63088163,39045.0,290.6570880982904,3.2751091703056767,443,448,15,0,433,438,155782,10,0,0,10,10
2020-06-27,US,Ohio,Fayette,45,0,0,39.56021306,-83.4562016,39047.0,157.75635407537246,0.0,45,45,0,0,45,45,28666,0,0,0,0,0
2020-06-27,US,Ohio,Franklin,8694,392,0,39.96995815,-83.01115755,39049.0,660.2590001488506,4.508856682769727,8302,8511,383,0,8128,8310,1310300,183,9,0,174,201
2020-06-27,US,Ohio,Fulton,56,0,0,41.60213491,-84.12571393,39051.0,132.93452974410104,0.0,56,56,0,0,56,54,42276,0,0,0,0,2
2020-06-27,US,Ohio,Gallia,10,1,0,38.82708533,-82.31647569,39053.0,33.44705331460298,10.0,9,10,1,0,9,9,29979,0,0,0,0,1
2020-06-27,US,Ohio,Geauga,379,41,0,41.49952319,-81.17935342,39055.0,404.7026663392028,10.817941952506594,338,378,41,0,337,372,94031,1,0,0,1,6
2020-06-27,US,Ohio,Greene,193,9,0,39.69116283,-83.89032084,39057.0,114.24377134671505,4.66321243523316,184,189,9,0,180,187,167995,4,0,0,4,2
2020-06-27,US,Ohio,Guernsey,51,3,0,40.05026529,-81.49248905,39059.0,131.18971061093248,5.882352941176472,48,51,3,0,48,49,39022,0,0,0,0,2
2020-06-27,US,Ohio,Hamilton,4661,191,0,39.19673558,-84.54502924,39061.0,570.1717365588833,4.097833083029393,4470,4491,191,0,4300,4337,816684,170,0,0,170,154
2020-06-27,US,Ohio,Hancock,71,1,0,41.00250487,-83.66838948,39063.0,93.68855811989496,1.4084507042253518,70,69,1,0,68,68,75930,2,0,0,2,1
2020-06-27,US,Ohio,Hardin,111,12,0,40.66015414,-83.65929931,39065.0,353.89765662362504,10.810810810810812,99,108,12,0,96,108,31480,3,0,0,3,0
2020-06-27,US,Ohio,Harrison,12,1,0,40.29380509,-81.09068544,39067.0,79.78723404255321,8.333333333333334,11,12,1,0,11,12,15174,0,0,0,0,0
2020-06-27,US,Ohio,Henry,26,0,0,41.3339642,-84.06830637,39069.0,96.27490187365773,0.0,26,24,0,0,24,23,27086,2,0,0,2,1
2020-06-27,US,Ohio,Highland,43,1,0,39.1839264,-83.60331456,39071.0,99.62697805889576,2.3255813953488373,42,42,1,0,41,39,43058,1,0,0,1,3
2020-06-27,US,Ohio,Hocking,76,7,0,39.49537927,-82.47991446,39073.0,268.893291819983,9.210526315789474,69,76,7,0,69,75,28385,0,0,0,0,1
2020-06-27,US,Ohio,Holmes,184,3,0,40.56163713,-81.92635677,39075.0,418.5623293903548,1.6304347826086956,181,176,3,0,173,169,43892,8,0,0,8,7
2020-06-27,US,Ohio,Huron,153,1,0,41.14651175,-82.59867951,39077.0,262.5888168056843,0.6535947712418301,152,147,1,0,146,144,58504,6,0,0,6,3
2020-06-27,US,Ohio,Jackson,17,0,0,39.01914254,-82.61818559999998,39079.0,52.4480918150125,0.0,17,17,0,0,17,17,32384,0,0,0,0,0
2020-06-27,US,Ohio,Jefferson,76,2,0,40.38614126,-80.76259514,39081.0,116.34137007271336,2.631578947368421,74,76,2,0,74,75,65767,0,0,0,0,1
2020-06-27,US,Ohio,Knox,38,1,0,40.39830217,-82.42027563,39083.0,60.973652963640454,2.631578947368421,37,37,1,0,36,36,61893,1,0,0,1,1
2020-06-27,US,Ohio,Lake,405,17,0,41.69710807,-81.23676539,39085.0,175.9729566498225,4.197530864197532,388,393,17,0,376,390,230514,12,0,0,12,3
2020-06-27,US,Ohio,Lawrence,57,0,0,38.59743452,-82.53466552,39087.0,95.85792845971443,0.0,57,55,0,0,55,55,59866,2,0,0,2,0
2020-06-27,US,Ohio,Licking,371,11,0,40.09136236,-82.48185785,39089.0,209.76806775904382,2.964959568733154,360,358,11,0,347,351,175769,13,0,0,13,7
2020-06-27,US,Ohio,Logan,54,0,0,40.38996525,-83.76784341,39091.0,118.23436678928007,0.0,54,52,0,0,52,51,45358,2,0,0,2,1
2020-06-27,US,Ohio,Lorain,912,67,0,41.29553751,-82.15083537,39093.0,294.3521187220212,7.346491228070175,845,901,67,0,834,889,309461,11,0,0,11,12
2020-06-27,US,Ohio,Lucas,2549,299,0,41.62101218,-83.65468618,39095.0,595.0769000905806,11.730090231463318,2250,2538,299,0,2239,2534,429899,11,0,0,11,4
2020-06-27,US,Ohio,Madison,182,8,0,39.89381073,-83.40178317,39097.0,406.87666271713135,4.395604395604397,174,181,8,0,173,179,44413,1,0,0,1,2
2020-06-27,US,Ohio,Mahoning,1705,227,0,41.01631101,-80.77287029,39099.0,745.5735669026558,13.313782991202347,1478,1695,227,0,1468,1682,229642,10,0,0,10,13
2020-06-27,US,Ohio,Marion,2719,37,0,40.58610662,-83.15736305,39101.0,4177.100456270259,1.3607944097094522,2682,2717,36,0,2681,2717,65256,2,1,0,1,0
2020-06-27,US,Ohio,Medina,460,31,0,41.11770589,-81.89986209999998,39103.0,255.91668242965076,6.7391304347826075,429,451,31,0,420,441,179146,9,0,0,9,10
2020-06-27,US,Ohio,Meigs,11,0,0,39.09224872,-82.0305041,39105.0,48.02025581699917,0.0,11,10,0,0,10,10,23106,1,0,0,1,0
2020-06-27,US,Ohio,Mercer,265,8,0,40.54043046,-84.62912742,39107.0,643.6413096279025,3.018867924528302,257,265,8,0,257,259,40959,0,0,0,0,6
2020-06-27,US,Ohio,Miami,421,30,0,40.0543329,-84.22871271,39109.0,393.5057530354155,7.1258907363420425,391,418,30,0,388,413,106222,3,0,0,3,5
2020-06-27,US,Ohio,Monroe,85,17,0,39.72984936,-81.08464734,39111.0,622.5281968653875,20.0,68,85,17,0,68,83,13790,0,0,0,0,2
2020-06-27,US,Ohio,Montgomery,1553,22,0,39.75394919,-84.29050975,39113.0,292.08914267228647,1.4166130070830651,1531,1527,22,0,1505,1465,532331,26,0,0,26,62
2020-06-27,US,Ohio,Morgan,7,0,0,39.62081738,-81.85308173,39115.0,48.2492417976289,0.0,7,7,0,0,7,6,14604,0,0,0,0,1
2020-06-27,US,Ohio,Morrow,113,1,0,40.52363560000001,-82.7892599,39117.0,319.8596014492754,0.8849557522123894,112,111,1,0,110,111,35112,2,0,0,2,0
2020-06-27,US,Ohio,Muskingum,73,1,0,39.96575964,-81.94363275,39119.0,84.67204082816215,1.3698630136986298,72,72,1,0,71,71,86183,1,0,0,1,1
2020-06-27,US,Ohio,Noble,8,0,0,39.76818851,-81.45937183,39121.0,55.463117027176935,0.0,8,7,0,0,7,6,14354,1,0,0,1,1
2020-06-27,US,Ohio,Ottawa,127,23,0,41.53781826,-83.0940185,39123.0,313.38679827267123,18.11023622047244,104,126,23,0,103,124,40769,1,0,0,1,2
2020-06-27,US,Ohio,Paulding,22,0,0,41.11676341,-84.5801017,39125.0,117.8234790059983,0.0,22,22,0,0,22,22,18760,0,0,0,0,0
2020-06-27,US,Ohio,Perry,26,1,0,39.73508655,-82.23804971,39127.0,71.95439198538773,3.8461538461538463,25,26,1,0,25,26,36033,0,0,0,0,0
2020-06-27,US,Ohio,Pickaway,2162,41,0,39.64170392,-83.0243386,39129.0,3698.4450108626847,1.8963922294172064,2121,2157,41,0,2116,2150,58086,5,0,0,5,7
2020-06-27,US,Ohio,Pike,20,0,0,39.07634001,-83.06769584,39131.0,72.01497911565606,0.0,20,20,0,0,20,19,28067,0,0,0,0,1
2020-06-27,US,Ohio,Portage,400,58,0,41.16793482,-81.19735782,39133.0,246.20535989068486,14.5,342,395,58,0,337,382,162927,5,0,0,5,13
2020-06-27,US,Ohio,Preble,57,1,0,39.7420247,-84.64787018,39135.0,139.4256641064527,1.7543859649122806,56,57,1,0,56,55,40997,0,0,0,0,2
2020-06-27,US,Ohio,Putnam,110,15,0,41.02094889,-84.1336111,39137.0,324.85750568500634,13.636363636363635,95,109,15,0,94,107,33780,1,0,0,1,2
2020-06-27,US,Ohio,Richland,306,4,0,40.77180308,-82.53799609999999,39139.0,252.57110784621227,1.30718954248366,302,300,4,0,296,296,121099,6,0,0,6,4
2020-06-27,US,Ohio,Ross,97,2,0,39.33705391,-83.06000914,39141.0,126.52283932903765,2.061855670103093,95,96,2,0,94,89,76931,1,0,0,1,7
2020-06-27,US,Ohio,Sandusky,114,13,0,41.35624126,-83.137872,39143.0,194.81185276325238,11.403508771929824,101,114,13,0,101,112,58799,0,0,0,0,2
2020-06-27,US,Ohio,Scioto,33,0,0,38.80270163,-82.98907345,39145.0,43.816554691026894,0.0,33,31,0,0,31,28,75502,2,0,0,2,3
2020-06-27,US,Ohio,Seneca,31,2,0,41.12351311,-83.12783209,39147.0,56.181811591576356,6.451612903225807,29,31,2,0,29,31,55207,0,0,0,0,0
2020-06-27,US,Ohio,Shelby,55,4,0,40.33163494,-84.20258189,39149.0,113.19201481786376,7.272727272727272,51,55,4,0,51,55,48627,0,0,0,0,0
2020-06-27,US,Ohio,Stark,1008,111,0,40.81482476,-81.36437305,39151.0,271.98696189484247,11.011904761904765,897,990,111,0,879,977,371574,18,0,0,18,13
2020-06-27,US,Ohio,Summit,1884,202,0,41.12464734,-81.53123079,39153.0,348.23562465227275,10.721868365180468,1682,1863,202,0,1661,1839,541918,21,0,0,21,24
2020-06-27,US,Ohio,Trumbull,800,58,0,41.31735028,-80.76109643,39155.0,404.0934668188752,7.25,742,788,57,0,731,771,198627,12,1,0,11,17
2020-06-27,US,Ohio,Tuscarawas,475,10,0,40.44214695,-81.47226262,39157.0,516.3773141857001,2.1052631578947367,465,462,10,0,452,454,92176,13,0,0,13,8
2020-06-27,US,Ohio,Union,76,1,0,40.30016061,-83.37239023,39159.0,128.83976401980064,1.3157894736842106,75,74,1,0,73,73,57835,2,0,0,2,1
2020-06-27,US,Ohio,Van Wert,21,0,0,40.8554138,-84.59111700000003,39161.0,74.27055702917772,0.0,21,21,0,0,21,20,28281,0,0,0,0,1
2020-06-27,US,Ohio,Vinton,22,2,0,39.25208988,-82.4831444,39163.0,168.13144822315633,9.090909090909092,20,22,2,0,20,22,13139,0,0,0,0,0
2020-06-27,US,Ohio,Warren,708,20,0,39.42581994,-84.16557457,39165.0,301.78770854468416,2.824858757062147,688,698,20,0,678,649,232173,10,0,0,10,49
2020-06-27,US,Ohio,Washington,122,20,0,39.45690571,-81.49121382,39167.0,203.63539249887333,16.393442622950822,102,122,20,0,102,120,60155,0,0,0,0,2
2020-06-27,US,Ohio,Wayne,348,52,0,40.82925852,-81.88844833,39169.0,300.75187969924815,14.942528735632186,296,346,52,0,294,343,115967,2,0,0,2,3
2020-06-27,US,Ohio,Williams,63,1,0,41.56052014,-84.58429552,39171.0,171.69955303608415,1.5873015873015872,62,62,1,0,61,60,36804,1,0,0,1,2
2020-06-27,US,Ohio,Wood,354,51,0,41.36224827,-83.62285108,39173.0,270.60703119625117,14.406779661016948,303,350,51,0,299,345,130696,4,0,0,4,5
2020-06-27,US,Ohio,Wyandot,57,4,0,40.84339621,-83.30734173,39175.0,261.8041521219916,7.0175438596491215,53,57,4,0,53,55,21935,0,0,0,0,2
2020-06-27,US,Oklahoma,Adair,111,4,0,35.88494195,-94.65859267,40001.0,500.13517166801836,3.603603603603604,107,111,4,0,107,111,22082,0,0,0,0,0
2020-06-27,US,Oklahoma,Alfalfa,1,0,0,36.73090616,-98.32408495,40003.0,17.5377060680463,0.0,1,1,0,0,1,1,5754,0,0,0,0,0
2020-06-27,US,Oklahoma,Atoka,18,0,0,34.37366573,-96.03802487,40005.0,130.8329699084169,0.0,18,16,0,0,16,14,13838,2,0,0,2,2
2020-06-27,US,Oklahoma,Beaver,30,0,0,36.7496847,-100.4758872,40007.0,564.865373752589,0.0,30,30,0,0,30,30,5319,0,0,0,0,0
2020-06-27,US,Oklahoma,Beckham,12,0,0,35.26862449,-99.68128023,40009.0,54.897296308156825,0.0,12,12,0,0,12,12,21709,0,0,0,0,0
2020-06-27,US,Oklahoma,Blaine,15,0,0,35.87518314,-98.43307003,40011.0,159.0836780146357,0.0,15,15,0,0,15,14,9485,0,0,0,0,1
2020-06-27,US,Oklahoma,Bryan,85,1,0,33.96472458,-96.25903472,40013.0,177.10178143556618,1.1764705882352942,84,83,1,0,82,78,47192,2,0,0,2,5
2020-06-27,US,Oklahoma,Caddo,184,11,0,35.17364557,-98.37534464,40015.0,639.7329810166193,5.978260869565218,173,184,10,0,174,182,28977,0,1,0,-1,2
2020-06-27,US,Oklahoma,Canadian,249,3,0,35.5426055,-97.98465569,40017.0,167.8961066983129,1.2048192771084338,246,238,3,0,235,227,144447,11,0,0,11,11
2020-06-27,US,Oklahoma,Carter,82,1,0,34.25103751,-97.28552485,40019.0,170.4391927002141,1.2195121951219512,81,82,1,0,81,80,48177,0,0,0,0,2
2020-06-27,US,Oklahoma,Cherokee,74,1,0,35.90692775,-94.99980896,40021.0,152.08500318556426,1.351351351351351,73,73,1,0,72,70,48675,1,0,0,1,3
2020-06-27,US,Oklahoma,Choctaw,110,1,0,34.02807439,-95.54771129,40023.0,749.7273718647765,0.9090909090909092,109,108,1,0,107,108,14668,2,0,0,2,0
2020-06-27,US,Oklahoma,Cimarron,1,0,0,36.74817177,-102.5173885,40025.0,46.79457182966776,0.0,1,1,0,0,1,1,2153,0,0,0,0,0
2020-06-27,US,Oklahoma,Cleveland,795,40,0,35.20413532,-97.32519562,40027.0,279.9157787996366,5.031446540880503,755,780,40,0,740,763,281669,15,0,0,15,17
2020-06-27,US,Oklahoma,Coal,7,0,0,34.58840127,-96.29798747,40029.0,127.38853503184713,0.0,7,7,0,0,7,6,5520,0,0,0,0,1
2020-06-27,US,Oklahoma,Comanche,391,5,0,34.65973764,-98.47195055,40031.0,323.8122054841034,1.278772378516624,386,386,5,0,381,383,120422,5,0,0,5,3
2020-06-27,US,Oklahoma,Cotton,6,2,0,34.28845626,-98.37053567,40033.0,105.89481115425345,33.333333333333336,4,6,2,0,4,5,5776,0,0,0,0,1
2020-06-27,US,Oklahoma,Craig,19,0,0,36.76268118,-95.20916602,40035.0,134.35157686324422,0.0,19,19,0,0,19,19,14306,0,0,0,0,0
2020-06-27,US,Oklahoma,Creek,139,7,0,35.90230551,-96.37086028,40037.0,194.34579569922542,5.035971223021583,132,134,7,0,127,129,71604,5,0,0,5,5
2020-06-27,US,Oklahoma,Custer,54,0,0,35.63853802,-99.00170785,40039.0,186.18763576181772,0.0,54,54,0,0,54,52,29036,0,0,0,0,2
2020-06-27,US,Oklahoma,Delaware,127,16,0,36.40823634,-94.80325046,40041.0,295.2870329465925,12.598425196850394,111,124,16,0,108,121,42733,3,0,0,3,3
2020-06-27,US,Oklahoma,Dewey,5,0,0,35.98772922,-99.00730714,40043.0,102.22858311183808,0.0,5,5,0,0,5,4,4894,0,0,0,0,1
2020-06-27,US,Oklahoma,Ellis,1,0,0,36.218019399999996,-99.75324573,40045.0,25.91344908007256,0.0,1,1,0,0,1,1,3952,0,0,0,0,0
2020-06-27,US,Oklahoma,Garfield,64,2,0,36.3791334,-97.78265517,40047.0,104.8218029350105,3.125,62,64,2,0,62,64,60913,0,0,0,0,0
2020-06-27,US,Oklahoma,Garvin,62,1,0,34.70418038,-97.30811132,40049.0,223.737865829454,1.6129032258064515,61,58,1,0,57,54,27811,4,0,0,4,4
2020-06-27,US,Oklahoma,Grady,130,5,0,35.0167709,-97.88339847,40051.0,232.83304079951282,3.8461538461538463,125,128,5,0,123,126,55551,2,0,0,2,2
2020-06-27,US,Oklahoma,Grant,2,0,0,36.796296999999996,-97.78638765,40053.0,46.15739672282484,0.0,2,2,0,0,2,2,4326,0,0,0,0,0
2020-06-27,US,Oklahoma,Greer,66,7,0,34.93535801,-99.56056120000001,40055.0,1155.4621848739494,10.606060606060606,59,66,7,0,59,66,5821,0,0,0,0,0
2020-06-27,US,Oklahoma,Harmon,1,0,0,34.7440135,-99.84741652,40057.0,37.69317753486619,0.0,1,1,0,0,1,1,2664,0,0,0,0,0
2020-06-27,US,Oklahoma,Harper,1,0,0,36.78836519,-99.6679804,40059.0,27.11496746203905,0.0,1,1,0,0,1,1,3797,0,0,0,0,0
2020-06-27,US,Oklahoma,Haskell,8,0,0,35.22257600000001,-95.11513306,40061.0,63.356299992080466,0.0,8,8,0,0,8,7,12668,0,0,0,0,1
2020-06-27,US,Oklahoma,Hughes,7,0,0,35.04912569,-96.24921145,40063.0,52.71481286241434,0.0,7,7,0,0,7,6,13335,0,0,0,0,1
2020-06-27,US,Oklahoma,Jackson,35,3,0,34.58781741,-99.41138784,40065.0,142.68242967794538,8.571428571428571,32,35,3,0,32,34,24949,0,0,0,0,1
2020-06-27,US,Oklahoma,Jefferson,5,0,0,34.11130184,-97.83182974,40067.0,83.30556481172944,0.0,5,5,0,0,5,5,6123,0,0,0,0,0
2020-06-27,US,Oklahoma,Johnston,10,0,0,34.31440473,-96.66011537,40069.0,90.21199819576005,0.0,10,10,0,0,10,10,10949,0,0,0,0,0
2020-06-27,US,Oklahoma,Kay,91,7,0,36.81799745,-97.14421435,40071.0,209.01281639027974,7.6923076923076925,84,86,7,0,79,83,44161,5,0,0,5,3
2020-06-27,US,Oklahoma,Kingfisher,26,0,0,35.94530008,-97.94193268,40073.0,164.9222962258167,0.0,26,25,0,0,25,24,15816,1,0,0,1,1
2020-06-27,US,Oklahoma,Kiowa,6,1,0,34.91671958,-98.97720696,40075.0,68.90215893431328,16.666666666666668,5,6,1,0,5,6,8729,0,0,0,0,0
2020-06-27,US,Oklahoma,Latimer,9,1,0,34.87844729,-95.25215049,40077.0,89.34776134220192,11.111111111111109,8,9,1,0,8,7,10231,0,0,0,0,2
2020-06-27,US,Oklahoma,Le Flore,30,1,0,34.89851864,-94.70392124,40079.0,60.176920145226966,3.333333333333333,29,30,1,0,29,29,49980,0,0,0,0,1
2020-06-27,US,Oklahoma,Lincoln,29,2,0,35.70270942,-96.8812462,40081.0,83.14935344209653,6.896551724137932,27,29,2,0,27,29,34920,0,0,0,0,0
2020-06-27,US,Oklahoma,Logan,41,1,0,35.91899576,-97.44352845,40083.0,85.39709649871904,2.4390243902439024,40,39,1,0,38,37,47291,2,0,0,2,2
2020-06-27,US,Oklahoma,Love,29,0,0,33.95273467,-97.23906784,40085.0,282.844045645177,0.0,29,29,0,0,29,27,10134,0,0,0,0,2
2020-06-27,US,Oklahoma,Major,8,1,0,36.31149996,-98.53467076,40093.0,104.86302267662865,12.5,7,8,1,0,7,8,7644,0,0,0,0,0
2020-06-27,US,Oklahoma,Marshall,25,0,0,34.02311222,-96.76855464,40095.0,147.65814186994268,0.0,25,25,0,0,25,25,16806,0,0,0,0,0
2020-06-27,US,Oklahoma,Mayes,76,4,0,36.30179091,-95.23175116,40097.0,184.91484184914842,5.2631578947368425,72,75,4,0,71,73,41107,1,0,0,1,2
2020-06-27,US,Oklahoma,McClain,142,4,0,35.01123903,-97.44572302,40087.0,350.84251618322867,2.8169014084507036,138,141,4,0,137,139,39985,1,0,0,1,2
2020-06-27,US,Oklahoma,McCurtain,406,4,0,34.11664328,-94.77222373,40089.0,1236.5984405458091,0.9852216748768472,402,394,3,0,391,385,32703,12,1,0,11,9
2020-06-27,US,Oklahoma,McIntosh,49,1,0,35.37235506,-95.66599306,40091.0,250.0510308226169,2.0408163265306123,48,49,1,0,48,48,19815,0,0,0,0,1
2020-06-27,US,Oklahoma,Murray,18,0,0,34.48116015,-97.06826283,40099.0,127.90449797484544,0.0,18,16,0,0,16,15,13953,2,0,0,2,1
2020-06-27,US,Oklahoma,Muskogee,105,11,0,35.61318461,-95.37802952,40101.0,154.41857729017457,10.476190476190476,94,103,9,0,94,102,68362,2,2,0,0,1
2020-06-27,US,Oklahoma,Noble,37,0,0,36.38953329,-97.22928674,40103.0,332.4049950588447,0.0,37,36,0,0,36,34,11289,1,0,0,1,2
2020-06-27,US,Oklahoma,Nowata,33,1,0,36.79843529,-95.61902331,40105.0,327.5109170305677,3.0303030303030303,32,33,1,0,32,32,10218,0,0,0,0,1
2020-06-27,US,Oklahoma,Okfuskee,13,0,0,35.46485198,-96.32639984,40107.0,108.39656466271991,0.0,13,12,0,0,12,11,12098,1,0,0,1,1
2020-06-27,US,Oklahoma,Oklahoma,2600,69,0,35.55140095,-97.40716948,40109.0,326.04579187744685,2.6538461538461537,2531,2486,69,0,2417,2410,792582,114,0,0,114,76
2020-06-27,US,Oklahoma,Okmulgee,54,0,0,35.64661916,-95.96432828,40111.0,140.38736513713766,0.0,54,54,0,0,54,51,38335,0,0,0,0,3
2020-06-27,US,Oklahoma,Osage,156,8,0,36.62888819,-96.39635704,40113.0,332.1763941826544,5.128205128205129,148,154,8,0,146,154,47014,2,0,0,2,0
2020-06-27,US,Oklahoma,Ottawa,44,2,0,36.83532655,-94.81011909,40115.0,141.35637870658914,4.545454545454546,42,44,2,0,42,44,31175,0,0,0,0,0
2020-06-27,US,Oklahoma,Pawnee,51,2,0,36.31743373,-96.70331759999999,40117.0,311.4313629702002,3.92156862745098,49,51,2,0,49,51,16390,0,0,0,0,0
2020-06-27,US,Oklahoma,Payne,345,1,0,36.07695283,-96.97584944,40119.0,421.84290325736083,0.2898550724637681,344,335,1,0,334,300,82040,10,0,0,10,35
2020-06-27,US,Oklahoma,Pittsburg,56,3,0,34.92065823,-95.75134320000001,40121.0,128.28148623264764,5.357142857142857,53,55,3,0,52,52,43877,1,0,0,1,3
2020-06-27,US,Oklahoma,Pontotoc,35,2,0,34.72959848,-96.68337199,40123.0,91.42200397032705,5.7142857142857135,33,33,2,0,31,33,38247,2,0,0,2,0
2020-06-27,US,Oklahoma,Pottawatomie,97,4,0,35.20614018,-96.94923008,40125.0,133.62353978399824,4.123711340206185,93,96,4,0,92,91,72679,1,0,0,1,5
2020-06-27,US,Oklahoma,Pushmataha,10,0,0,34.41635232,-95.37603505,40127.0,90.12256669069937,0.0,10,10,0,0,10,10,11179,0,0,0,0,0
2020-06-27,US,Oklahoma,Rogers,161,5,0,36.37004357,-95.60406759,40131.0,174.13123654809158,3.1055900621118013,156,152,5,0,147,145,91984,9,0,0,9,7
2020-06-27,US,Oklahoma,Seminole,36,3,0,35.16478725,-96.61686741,40133.0,148.40465001236706,8.333333333333334,33,36,3,0,33,36,24578,0,0,0,0,0
2020-06-27,US,Oklahoma,Sequoyah,32,3,0,35.49447108,-94.75463785,40135.0,76.98044215641464,9.375,29,31,3,0,28,28,41179,1,0,0,1,3
2020-06-27,US,Oklahoma,Stephens,55,1,0,34.48556989,-97.85141892,40137.0,127.48302157939872,1.818181818181818,54,55,1,0,54,52,43265,0,0,0,0,3
2020-06-27,US,Oklahoma,Texas,984,6,0,36.74777635,-101.4889765,40139.0,4924.185557724066,0.6097560975609756,978,984,6,0,978,984,20455,0,0,0,0,0
2020-06-27,US,Oklahoma,Tillman,23,1,0,34.37288446,-98.92426619,40141.0,317.2413793103448,4.3478260869565215,22,23,1,0,22,23,7348,0,0,0,0,0
2020-06-27,US,Oklahoma,Tulsa,3178,67,0,36.11939621,-95.94013939,40143.0,487.7584598005992,2.10824417872876,3111,3103,66,0,3037,2949,648360,75,1,0,74,154
2020-06-27,US,Oklahoma,Wagoner,238,19,0,35.96024096,-95.51911308,40145.0,292.7825413032514,7.9831932773109235,219,234,18,0,216,226,80110,4,1,0,3,8
2020-06-27,US,Oklahoma,Washington,391,39,0,36.71380786,-95.90514104,40147.0,758.8254701418674,9.974424552429667,352,391,38,0,353,388,51843,0,1,0,-1,3
2020-06-27,US,Oklahoma,Washita,3,0,0,35.29071824,-98.99180434,40149.0,27.482594356907292,0.0,3,3,0,0,3,3,11127,0,0,0,0,0
2020-06-27,US,Oklahoma,Woods,5,0,0,36.76705782,-98.86573064,40151.0,56.863414079381336,0.0,5,5,0,0,5,5,8897,0,0,0,0,0
2020-06-27,US,Oklahoma,Woodward,12,0,0,36.42316318,-99.26283045,40153.0,59.373608431052396,0.0,12,12,0,0,12,12,20222,0,0,0,0,0
2020-06-27,US,Oregon,Baker,1,0,0,44.70915557,-117.6749883,41001.0,6.201935003721161,0.0,1,1,0,0,1,1,16006,0,0,0,0,0
2020-06-27,US,Oregon,Benton,82,5,0,44.49167306,-123.4316987,41003.0,88.12182304708071,6.097560975609755,77,80,5,0,75,76,92101,2,0,0,2,4
2020-06-27,US,Oregon,Clackamas,681,24,0,45.18787398,-122.2179634,41005.0,162.84580821498517,3.524229074889868,657,665,24,0,641,648,416075,16,0,0,16,17
2020-06-27,US,Oregon,Clatsop,48,0,0,45.99712889,-123.660711,41007.0,119.33174224343675,0.0,48,48,0,0,48,48,39764,0,0,0,0,0
2020-06-27,US,Oregon,Columbia,28,0,0,45.94464254,-123.0890898,41009.0,53.48206440768614,0.0,28,27,0,0,27,26,52377,1,0,0,1,1
2020-06-27,US,Oregon,Coos,40,0,0,43.17406868,-124.0594514,41011.0,62.028005644548514,0.0,40,39,0,0,39,39,64389,1,0,0,1,0
2020-06-27,US,Oregon,Crook,10,0,0,44.14230227,-120.356297,41013.0,40.976889034584495,0.0,10,9,0,0,9,9,23867,1,0,0,1,0
2020-06-27,US,Oregon,Curry,7,0,0,42.45911325,-124.157282,41015.0,30.53435114503817,0.0,7,7,0,0,7,7,22813,0,0,0,0,0
2020-06-27,US,Oregon,Deschutes,162,0,0,43.91570171,-121.2289121,41017.0,81.9456528337009,0.0,162,159,0,0,159,155,191996,3,0,0,3,4
2020-06-27,US,Oregon,Douglas,38,0,0,43.27941273,-123.167291,41019.0,34.240403676338076,0.0,38,38,0,0,38,34,110283,0,0,0,0,4
2020-06-27,US,Oregon,Grant,1,0,0,44.49024544,-119.0068631,41023.0,13.890818169190164,0.0,1,1,0,0,1,1,7176,0,0,0,0,0
2020-06-27,US,Oregon,Harney,1,0,0,43.06422669,-118.9666306,41025.0,13.526308670363855,0.0,1,1,0,0,1,1,7329,0,0,0,0,0
2020-06-27,US,Oregon,Hood River,88,0,0,45.51872811,-121.65520359999998,41027.0,376.35788213155416,0.0,88,88,0,0,88,88,23428,0,0,0,0,0
2020-06-27,US,Oregon,Jackson,97,0,0,42.43201126,-122.7289309,41029.0,43.902527337243825,0.0,97,98,0,0,98,93,219564,-1,0,0,-1,5
2020-06-27,US,Oregon,Jefferson,94,0,0,44.62806839,-121.17832,41031.0,381.21502149403847,0.0,94,91,0,0,91,85,24192,3,0,0,3,6
2020-06-27,US,Oregon,Josephine,30,1,0,42.3665549,-123.5561938,41033.0,34.29080892018243,3.333333333333333,29,28,1,0,27,26,87393,2,0,0,2,2
2020-06-27,US,Oregon,Klamath,111,0,0,42.68762984,-121.64964609999998,41035.0,162.66596324628506,0.0,111,111,0,0,111,111,67653,0,0,0,0,0
2020-06-27,US,Oregon,Lake,13,0,0,42.79246693,-120.3850163,41037.0,165.20523573516328,0.0,13,12,0,0,12,9,7879,1,0,0,1,3
2020-06-27,US,Oregon,Lane,136,3,0,43.93727035,-122.847753,41039.0,35.59585098948614,2.2058823529411766,133,122,3,0,119,112,379611,14,0,0,14,10
2020-06-27,US,Oregon,Lincoln,307,2,0,44.64252874,-123.869912,41041.0,614.4669949161363,0.6514657980456026,305,305,2,0,303,301,49388,2,0,0,2,4
2020-06-27,US,Oregon,Linn,140,9,0,44.48899494,-122.5373154,41043.0,107.90063892592623,6.428571428571429,131,136,9,0,127,132,127335,4,0,0,4,4
2020-06-27,US,Oregon,Malheur,85,1,0,43.1937027,-117.6227395,41045.0,278.04128095253674,1.1764705882352942,84,73,1,0,72,60,30725,12,0,0,12,13
2020-06-27,US,Oregon,Marion,1432,41,0,44.90287942,-122.5815117,41047.0,411.7095722475548,2.863128491620112,1391,1400,41,0,1359,1382,346868,32,0,0,32,18
2020-06-27,US,Oregon,Morrow,53,1,0,45.41846568,-119.584546,41049.0,456.7784193742997,1.8867924528301887,52,48,2,0,46,36,11372,5,-1,0,6,12
2020-06-27,US,Oregon,Multnomah,2087,69,0,45.54747959,-122.4169351,41051.0,256.749358741719,3.3061811212266408,2018,2028,68,0,1960,1967,811880,59,1,0,58,61
2020-06-27,US,Oregon,Polk,136,12,0,44.90322804,-123.4128888,41053.0,157.98338851135506,8.823529411764708,124,134,12,0,122,134,85234,2,0,0,2,0
2020-06-27,US,Oregon,Sherman,1,0,0,45.41501554,-120.6827834,41055.0,56.179775280898866,0.0,1,1,0,0,1,1,1708,0,0,0,0,0
2020-06-27,US,Oregon,Tillamook,7,0,0,45.46248721,-123.712066,41057.0,25.89140405385412,0.0,7,7,0,0,7,7,26787,0,0,0,0,0
2020-06-27,US,Oregon,Umatilla,419,4,0,45.59073056,-118.7353826,41059.0,537.5240538806928,0.9546539379474941,415,363,4,0,359,341,77516,56,0,0,56,22
2020-06-27,US,Oregon,Union,320,1,0,45.30915495,-118.0068979,41061.0,1192.4725172349542,0.3125,319,309,1,0,308,297,26461,11,0,0,11,12
2020-06-27,US,Oregon,Wallowa,8,0,0,45.57894064,-117.18353799999998,41063.0,110.98779134295229,0.0,8,8,0,0,8,8,7081,0,0,0,0,0
2020-06-27,US,Oregon,Wasco,60,1,0,45.16292781,-121.1670954,41065.0,224.870699347875,1.6666666666666667,59,58,1,0,57,55,26505,2,0,0,2,3
2020-06-27,US,Oregon,Washington,1258,20,0,45.55972701,-123.0955257,41067.0,209.11182329552258,1.5898251192368842,1238,1214,20,0,1194,1175,597695,44,0,0,44,39
2020-06-27,US,Oregon,Yamhill,113,8,0,45.23330449,-123.3086963,41071.0,105.50887021475256,7.079646017699115,105,109,8,0,101,103,107002,4,0,0,4,6
2020-06-27,US,Pennsylvania,Adams,327,12,0,39.87140411,-77.21610347,42001.0,317.44798998145785,3.669724770642202,315,324,12,0,312,323,102811,3,0,0,3,1
2020-06-27,US,Pennsylvania,Allegheny,2472,183,0,40.46809875,-79.98167747,42003.0,203.28195091464542,7.402912621359223,2289,2382,183,0,2199,2321,1218452,90,0,0,90,61
2020-06-27,US,Pennsylvania,Armstrong,73,6,0,40.81665618,-79.46290811,42005.0,112.76743647176953,8.219178082191782,67,72,6,0,66,70,65263,1,0,0,1,2
2020-06-27,US,Pennsylvania,Beaver,642,78,0,40.6825484,-80.34921611,42007.0,391.63296305107696,12.149532710280376,564,638,78,0,560,637,164742,4,0,0,4,1
2020-06-27,US,Pennsylvania,Bedford,77,3,0,40.00522157,-78.48998442,42009.0,160.79184764450383,3.8961038961038965,74,76,3,0,73,72,48176,1,0,0,1,4
2020-06-27,US,Pennsylvania,Berks,4487,350,0,40.41570541,-75.92457766,42011.0,1065.3807068030503,7.800312012480498,4137,4474,348,0,4126,4461,420152,13,2,0,11,13
2020-06-27,US,Pennsylvania,Blair,71,1,0,40.47961444,-78.34917412,42013.0,58.27840661911368,1.4084507042253518,70,69,1,0,68,69,122492,2,0,0,2,0
2020-06-27,US,Pennsylvania,Bradford,56,3,0,41.78869215,-76.51570822,42015.0,92.83357923180212,5.357142857142857,53,56,3,0,53,51,60833,0,0,0,0,5
2020-06-27,US,Pennsylvania,Bucks,5704,563,0,40.33682119,-75.10836643,42017.0,907.8899199388796,9.870266479663394,5141,5676,561,0,5115,5649,628195,28,2,0,26,27
2020-06-27,US,Pennsylvania,Butler,291,13,0,40.91152759,-79.91351055,42019.0,154.90835919575412,4.4673539518900345,278,284,13,0,271,280,187888,7,0,0,7,4
2020-06-27,US,Pennsylvania,Cambria,73,3,0,40.49527404,-78.71377428,42021.0,56.07103355044857,4.109589041095891,70,67,3,0,64,64,131730,6,0,0,6,3
2020-06-27,US,Pennsylvania,Cameron,3,0,0,41.43625568,-78.20376845,42023.0,67.4612098043625,0.0,3,2,0,0,2,2,4492,1,0,0,1,0
2020-06-27,US,Pennsylvania,Carbon,273,25,0,40.91545395,-75.7068525,42025.0,425.35290268299525,9.157509157509157,248,272,25,0,247,271,64227,1,0,0,1,1
2020-06-27,US,Pennsylvania,Centre,200,7,0,40.92058903,-77.82200624,42027.0,123.16408535271117,3.5,193,198,6,0,192,197,162805,2,1,0,1,1
2020-06-27,US,Pennsylvania,Chester,3639,323,0,39.97291773,-75.74768357,42029.0,693.1573804403522,8.876064852981587,3316,3607,322,0,3285,3578,522046,32,1,0,31,29
2020-06-27,US,Pennsylvania,Clarion,33,2,0,41.19265812,-79.42413524,42031.0,85.85254175555441,6.0606060606060606,31,33,2,0,31,33,38779,0,0,0,0,0
2020-06-27,US,Pennsylvania,Clearfield,72,0,0,41.00110782,-78.47592663,42033.0,90.84600340672512,0.0,72,72,0,0,72,71,79388,0,0,0,0,1
2020-06-27,US,Pennsylvania,Clinton,75,4,0,41.23255967,-77.63785995,42035.0,194.13957341064403,5.333333333333333,71,75,4,0,71,74,38684,0,0,0,0,1
2020-06-27,US,Pennsylvania,Columbia,399,33,0,41.04821986,-76.40565017,42037.0,614.1863185764422,8.270676691729323,366,399,33,0,366,399,65456,0,0,0,0,0
2020-06-27,US,Pennsylvania,Crawford,53,0,0,41.68447709,-80.10760592,42039.0,62.62628649753631,0.0,53,51,0,0,51,50,85063,2,0,0,2,1
2020-06-27,US,Pennsylvania,Cumberland,833,63,0,40.1625372,-77.26130755,42041.0,328.76820460196546,7.563025210084032,770,830,63,0,767,825,251423,3,0,0,3,5
2020-06-27,US,Pennsylvania,Dauphin,1932,132,0,40.41377078,-76.77993242,42043.0,694.2173705259453,6.832298136645963,1800,1917,132,0,1785,1893,277097,15,0,0,15,24
2020-06-27,US,Pennsylvania,Delaware,7133,653,0,39.91680171,-75.40243663,42045.0,1258.5862827681487,9.154633394083836,6480,7117,651,0,6466,7095,564751,16,2,0,14,22
2020-06-27,US,Pennsylvania,Elk,12,0,0,41.42822061,-78.64524744,42047.0,40.12036108324975,0.0,12,12,0,0,12,10,30169,0,0,0,0,2
2020-06-27,US,Pennsylvania,Erie,582,10,0,41.99253829,-80.03301954,42049.0,215.7729268003322,1.718213058419244,572,572,10,0,562,559,272061,10,0,0,10,13
2020-06-27,US,Pennsylvania,Fayette,110,4,0,39.92041012,-79.64291195,42051.0,85.09058279313706,3.636363636363636,106,106,4,0,102,104,130441,4,0,0,4,2
2020-06-27,US,Pennsylvania,Forest,7,0,0,41.51095103,-79.23229292,42053.0,96.59169311439214,0.0,7,7,0,0,7,7,7279,0,0,0,0,0
2020-06-27,US,Pennsylvania,Franklin,912,42,0,39.92956518,-77.72157791,42055.0,588.2846213885323,4.605263157894737,870,902,42,0,860,900,154835,10,0,0,10,2
2020-06-27,US,Pennsylvania,Fulton,18,1,0,39.92913544,-78.11163677,42057.0,123.88162422573986,5.5555555555555545,17,18,1,0,17,18,14523,0,0,0,0,0
2020-06-27,US,Pennsylvania,Greene,35,0,0,39.85746531,-80.22357106,42059.0,96.5970248116358,0.0,35,35,0,0,35,35,36506,0,0,0,0,0
2020-06-27,US,Pennsylvania,Huntingdon,245,4,0,40.42162652,-77.97673273,42061.0,542.7077795498848,1.6326530612244898,241,245,4,0,241,242,45168,0,0,0,0,3
2020-06-27,US,Pennsylvania,Indiana,101,6,0,40.65241041,-79.08963285,42063.0,120.13369333793251,5.9405940594059405,95,101,6,0,95,101,84501,0,0,0,0,0
2020-06-27,US,Pennsylvania,Jefferson,21,1,0,41.12913106,-78.9986361,42065.0,48.359240069084635,4.761904761904762,20,21,1,0,20,21,43641,0,0,0,0,0
2020-06-27,US,Pennsylvania,Juniata,111,5,0,40.53358749,-77.39975129999998,42067.0,448.249404353269,4.504504504504505,106,110,5,0,105,109,24704,1,0,0,1,1
2020-06-27,US,Pennsylvania,Lackawanna,1680,202,0,41.43564672,-75.60379201,42069.0,801.2438356687047,12.023809523809526,1478,1662,202,0,1460,1648,210793,18,0,0,18,14
2020-06-27,US,Pennsylvania,Lancaster,4326,355,0,40.03904563,-76.24770128,42071.0,792.7084020493877,8.206195099398983,3971,4280,354,0,3926,4212,543557,46,1,0,45,68
2020-06-27,US,Pennsylvania,Lawrence,101,9,0,40.99206278,-80.33393706,42073.0,118.1120778370287,8.910891089108912,92,99,9,0,90,99,86184,2,0,0,2,0
2020-06-27,US,Pennsylvania,Lebanon,1309,43,0,40.36680311,-76.45651841,42075.0,923.1767435627992,3.2849503437738727,1266,1300,43,0,1257,1291,141314,9,0,0,9,9
2020-06-27,US,Pennsylvania,Lehigh,4205,292,0,40.6154815,-75.59435245,42077.0,1138.5851759188558,6.944114149821641,3913,4187,288,0,3899,4164,368100,18,4,0,14,23
2020-06-27,US,Pennsylvania,Luzerne,2898,176,0,41.17823008,-75.98447579,42079.0,912.9945781101833,6.0731538992408565,2722,2891,176,0,2715,2883,317646,7,0,0,7,8
2020-06-27,US,Pennsylvania,Lycoming,176,19,0,41.34310539,-77.06629984,42081.0,155.34117688593898,10.795454545454543,157,176,19,0,157,176,113664,0,0,0,0,0
2020-06-27,US,Pennsylvania,McKean,15,1,0,41.80938602,-78.56478358,42083.0,36.92307692307692,6.666666666666668,14,15,1,0,14,15,40968,0,0,0,0,0
2020-06-27,US,Pennsylvania,Mercer,132,6,0,41.30248872,-80.25816981,42085.0,120.63167129697322,4.545454545454546,126,130,6,0,124,126,110683,2,0,0,2,4
2020-06-27,US,Pennsylvania,Mifflin,62,1,0,40.61116939,-77.61070738,42087.0,134.37947028479778,1.6129032258064515,61,62,1,0,61,61,46222,0,0,0,0,1
2020-06-27,US,Pennsylvania,Monroe,1401,108,0,41.05934058,-75.34031025,42089.0,822.805997498106,7.708779443254818,1293,1391,108,0,1283,1388,169507,10,0,0,10,3
2020-06-27,US,Pennsylvania,Montgomery,8351,798,0,40.21053671,-75.36652296,42091.0,1005.0366162603875,9.555741827326068,7553,8301,794,0,7507,8244,828604,50,4,0,46,57
2020-06-27,US,Pennsylvania,Montour,70,0,0,41.03023987,-76.66345939,42093.0,383.98244651673065,0.0,70,69,0,0,69,68,18240,1,0,0,1,1
2020-06-27,US,Pennsylvania,Northampton,3377,265,0,40.75182733,-75.30471829,42095.0,1106.1794716412533,7.847201658276576,3112,3360,263,0,3097,3352,304807,17,2,0,15,8
2020-06-27,US,Pennsylvania,Northumberland,294,5,0,40.84785433,-76.70798222,42097.0,323.63528285063234,1.7006802721088434,289,288,5,0,283,284,91083,6,0,0,6,4
2020-06-27,US,Pennsylvania,Perry,86,5,0,40.40206612,-77.26297447,42099.0,185.85753803596126,5.813953488372092,81,86,5,0,81,85,46139,0,0,0,0,1
2020-06-27,US,Pennsylvania,Philadelphia,25782,1591,0,40.00338507,-75.1379271,42101.0,1627.5857541109451,6.170971995966178,24191,25693,1587,0,24106,25443,1584138,89,4,0,85,250
2020-06-27,US,Pennsylvania,Pike,492,20,0,41.33155042,-75.03208106,42103.0,881.578240068806,4.0650406504065035,472,489,20,0,469,489,55933,3,0,0,3,0
2020-06-27,US,Pennsylvania,Potter,15,0,0,41.74471626,-77.89559864,42105.0,90.76606559361008,0.0,15,15,0,0,15,14,16622,0,0,0,0,1
2020-06-27,US,Pennsylvania,Schuylkill,739,44,0,40.70497338,-76.2150785,42107.0,522.7824192304699,5.953991880920162,695,736,44,0,692,730,142067,3,0,0,3,6
2020-06-27,US,Pennsylvania,Snyder,63,2,0,40.77129231,-77.06840691,42109.0,156.0487466560983,3.1746031746031744,61,61,2,0,59,61,40540,2,0,0,2,0
2020-06-27,US,Pennsylvania,Somerset,57,1,0,39.97172723,-79.02699593,42111.0,77.60698190531949,1.7543859649122806,56,55,1,0,54,52,73952,2,0,0,2,3
2020-06-27,US,Pennsylvania,Sullivan,4,0,0,41.44634738,-76.51246591,42113.0,65.94131223211342,0.0,4,3,0,0,3,3,6071,1,0,0,1,0
2020-06-27,US,Pennsylvania,Susquehanna,181,22,0,41.82147784,-75.80071959,42115.0,448.8196786351914,12.154696132596685,159,179,22,0,157,178,40589,2,0,0,2,1
2020-06-27,US,Pennsylvania,Tioga,24,2,0,41.77255149,-77.25433032,42117.0,59.12640733167451,8.333333333333334,22,23,2,0,21,23,40763,1,0,0,1,0
2020-06-27,US,Pennsylvania,Union,90,2,0,40.96188846,-77.05996014,42119.0,200.34280880617948,2.2222222222222223,88,90,2,0,88,89,44785,0,0,0,0,1
2020-06-27,US,Pennsylvania,Venango,18,0,0,41.40323442,-79.75845449,42121.0,35.52538091102865,0.0,18,17,0,0,17,17,51266,1,0,0,1,0
2020-06-27,US,Pennsylvania,Warren,5,0,0,41.81304978,-79.26969577,42123.0,12.758031180628205,0.0,5,5,0,0,5,5,39498,0,0,0,0,0
2020-06-27,US,Pennsylvania,Washington,197,6,0,40.19208869,-80.24582867,42125.0,95.23118942305368,3.045685279187817,191,187,6,0,181,184,207346,10,0,0,10,3
2020-06-27,US,Pennsylvania,Wayne,137,9,0,41.64938475,-75.29956506,42127.0,266.73935476334185,6.569343065693432,128,138,9,0,129,133,51276,-1,0,0,-1,5
2020-06-27,US,Pennsylvania,Westmoreland,607,38,0,40.31377979999999,-79.46615476,42129.0,173.97584974448188,6.260296540362438,569,587,38,0,549,578,350611,20,0,0,20,9
2020-06-27,US,Pennsylvania,Wyoming,37,7,0,41.51955538,-76.01074915,42131.0,138.09061730238113,18.918918918918923,30,37,7,0,30,37,27046,0,0,0,0,0
2020-06-27,US,Pennsylvania,York,1443,44,0,39.9210089,-76.73040131,42133.0,321.33933701214545,3.049203049203049,1399,1428,43,0,1385,1418,448273,15,1,0,14,10
2020-06-27,US,Rhode Island,Bristol,247,0,0,41.71018079,-71.28652315,44001.0,509.49895831184637,0.0,247,247,0,0,247,247,48649,0,0,0,0,0
2020-06-27,US,Rhode Island,Kent,1169,0,0,41.67106337,-71.57641596,44003.0,711.5379933289508,0.0,1169,1169,0,0,1169,1169,163861,0,0,0,0,0
2020-06-27,US,Rhode Island,Newport,294,0,0,41.5642026,-71.26569799,44005.0,358.17840695889475,0.0,294,294,0,0,294,294,82542,0,0,0,0,0
2020-06-27,US,Rhode Island,Providence,12712,0,0,41.87064746,-71.57753536,44007.0,1989.5732090006588,0.0,12712,12712,0,0,12712,12712,636084,0,0,0,0,0
2020-06-27,US,Rhode Island,Unassigned,1716,927,0,0.0,0.0,90044.0,0.0,54.02097902097902,789,1716,927,0,789,1695,,0,0,0,0,21
2020-06-27,US,Rhode Island,Washington,523,0,0,41.45961631,-71.61435303,44009.0,416.4775396768517,0.0,523,523,0,0,523,523,126179,0,0,0,0,0
2020-06-27,US,South Carolina,Abbeville,103,0,0,34.22333378,-82.46170658,45001.0,419.9453663309822,0.0,103,100,0,0,100,99,24541,3,0,0,3,1
2020-06-27,US,South Carolina,Aiken,335,9,0,33.54338026,-81.63645384,45003.0,196.05318601058102,2.6865671641791047,326,325,9,0,316,314,169401,10,0,0,10,11
2020-06-27,US,South Carolina,Allendale,48,3,0,32.98837386,-81.35321066,45005.0,552.4861878453039,6.25,45,47,3,0,44,47,8903,1,0,0,1,0
2020-06-27,US,South Carolina,Anderson,552,10,0,34.51828081,-82.63959517,45007.0,272.5145390456067,1.8115942028985508,542,525,10,0,515,508,200482,27,0,0,27,17
2020-06-27,US,South Carolina,Bamberg,84,1,0,33.21927586,-81.05659969,45009.0,597.1847006967155,1.1904761904761905,83,83,0,0,83,79,14275,1,1,0,0,4
2020-06-27,US,South Carolina,Barnwell,73,1,0,33.26679302,-81.43584352,45011.0,349.8514329531295,1.3698630136986298,72,69,1,0,68,67,21112,4,0,0,4,2
2020-06-27,US,South Carolina,Beaufort,1066,17,0,32.39226291,-80.72619758,45013.0,554.8557687302861,1.594746716697936,1049,1012,17,0,995,983,188715,54,0,0,54,29
2020-06-27,US,South Carolina,Berkeley,892,21,0,33.20222596,-79.94654523,45015.0,391.3877151645189,2.3542600896860986,871,854,21,0,833,805,221091,38,0,0,38,49
2020-06-27,US,South Carolina,Calhoun,78,1,0,33.66926881,-80.77722168,45017.0,535.9719645433931,1.2820512820512822,77,79,1,0,78,82,14520,-1,0,0,-1,-3
2020-06-27,US,South Carolina,Charleston,3142,22,0,32.82487866,-79.96512315,45019.0,763.7224542179746,0.7001909611712285,3120,2861,22,0,2839,2629,405905,281,0,0,281,232
2020-06-27,US,South Carolina,Cherokee,136,7,0,35.05122251,-81.61828622,45021.0,237.347294938918,5.147058823529412,129,130,6,0,124,125,57078,6,1,0,5,5
2020-06-27,US,South Carolina,Chester,162,1,0,34.69249168,-81.1583216,45023.0,502.41905470785264,0.6172839506172839,161,160,1,0,159,158,32251,2,0,0,2,2
2020-06-27,US,South Carolina,Chesterfield,354,13,0,34.64137396,-80.15640140000002,45025.0,775.4654983570647,3.6723163841807906,341,344,13,0,331,338,45754,10,0,0,10,6
2020-06-27,US,South Carolina,Clarendon,406,42,0,33.66610974,-80.21647898,45027.0,1203.141206104608,10.344827586206897,364,403,42,0,361,387,33700,3,0,0,3,16
2020-06-27,US,South Carolina,Colleton,295,21,0,32.87582989,-80.67641292,45029.0,782.971043342092,7.118644067796611,274,284,21,0,263,273,37660,11,0,0,11,11
2020-06-27,US,South Carolina,Darlington,416,14,0,34.33358335,-79.96027485,45031.0,624.4558527725238,3.3653846153846154,402,405,14,0,391,395,66802,11,0,0,11,10
2020-06-27,US,South Carolina,Dillon,263,8,0,34.39007791,-79.37741872,45033.0,862.8892024016536,3.041825095057034,255,255,7,0,248,248,30599,8,1,0,7,7
2020-06-27,US,South Carolina,Dorchester,551,3,0,33.0794369,-80.40502652,45035.0,338.43337899010504,0.5444646098003629,548,499,3,0,496,483,160647,52,0,0,52,16
2020-06-27,US,South Carolina,Edgefield,73,2,0,33.77221995,-81.96231108,45037.0,267.7916360968452,2.7397260273972597,71,73,2,0,71,73,27052,0,0,0,0,0
2020-06-27,US,South Carolina,Fairfield,279,21,0,34.39287073,-81.1195624,45039.0,1248.4897301651226,7.526881720430107,258,272,21,0,251,271,22402,7,0,0,7,1
2020-06-27,US,South Carolina,Florence,1104,48,0,34.02361754,-79.70189312,45041.0,798.3050479778442,4.3478260869565215,1056,1064,47,0,1017,1037,138159,40,1,0,39,27
2020-06-27,US,South Carolina,Georgetown,426,3,0,33.43443342,-79.33202141,45043.0,679.6426292278237,0.7042253521126759,423,395,3,0,392,337,62249,31,0,0,31,58
2020-06-27,US,South Carolina,Greenville,4546,80,0,34.89502264,-82.37295012,45045.0,868.3162000374373,1.759788825340959,4466,4391,78,0,4313,4198,514213,155,2,0,153,193
2020-06-27,US,South Carolina,Greenwood,448,7,0,34.15272415,-82.12715789,45047.0,632.6700653853213,1.5625,441,405,6,0,399,402,70741,43,1,0,42,3
2020-06-27,US,South Carolina,Hampton,63,2,0,32.77419582,-81.13845571,45049.0,327.7494537509104,3.1746031746031744,61,61,1,0,60,61,19351,2,1,0,1,0
2020-06-27,US,South Carolina,Horry,2803,44,0,33.9212828,-78.99555293,45051.0,791.6267746645543,1.569746699964324,2759,2582,42,0,2540,2497,344147,221,2,0,219,85
2020-06-27,US,South Carolina,Jasper,110,3,0,32.43171982,-81.02487495,45053.0,365.7766102483956,2.727272727272727,107,103,3,0,100,95,28971,7,0,0,7,8
2020-06-27,US,South Carolina,Kershaw,615,15,0,34.33988254,-80.58763164,45055.0,924.1033192589142,2.4390243902439024,600,608,15,0,593,587,65592,7,0,0,7,21
2020-06-27,US,South Carolina,Lancaster,412,12,0,34.68270843,-80.70513032,45057.0,420.3566910174264,2.9126213592233015,400,394,11,0,383,383,95380,18,1,0,17,11
2020-06-27,US,South Carolina,Laurens,372,4,0,34.48244419,-82.00490796,45059.0,551.1682693020017,1.075268817204301,368,341,4,0,337,314,66994,31,0,0,31,27
2020-06-27,US,South Carolina,Lee,276,22,0,34.16393091,-80.25690731,45061.0,1640.1236035179465,7.971014492753622,254,272,22,0,250,264,17142,4,0,0,4,8
2020-06-27,US,South Carolina,Lexington,1846,47,0,33.89665987,-81.27146426,45063.0,617.907949790795,2.5460455037919827,1799,1775,45,0,1730,1666,295032,71,2,0,69,109
2020-06-27,US,South Carolina,Marion,176,7,0,34.07859748,-79.36400756,45067.0,574.0940078937928,3.977272727272727,169,171,6,0,165,170,31039,5,1,0,4,1
2020-06-27,US,South Carolina,Marlboro,297,4,0,34.59905577,-79.67561152,45069.0,1137.1467953135768,1.3468013468013469,293,297,4,0,293,290,26398,0,0,0,0,7
2020-06-27,US,South Carolina,McCormick,11,1,0,33.90161443,-82.30794338,45065.0,116.24220648842864,9.090909090909092,10,11,1,0,10,11,9410,0,0,0,0,0
2020-06-27,US,South Carolina,Newberry,190,4,0,34.28629098,-81.59935761,45071.0,494.27679500520287,2.1052631578947367,186,187,4,0,183,180,38520,3,0,0,3,7
2020-06-27,US,South Carolina,Oconee,224,1,0,34.75225169,-83.06742317,45073.0,281.59806904181227,0.44642857142857145,223,192,1,0,191,173,78374,32,0,0,32,19
2020-06-27,US,South Carolina,Orangeburg,643,10,0,33.4391073,-80.79886287,45075.0,746.1560777487671,1.5552099533437014,633,621,9,0,612,594,86934,22,1,0,21,27
2020-06-27,US,South Carolina,Pickens,751,4,0,34.88807695,-82.72791551,45077.0,591.8791967466348,0.5326231691078562,747,684,4,0,680,655,124937,67,0,0,67,29
2020-06-27,US,South Carolina,Richland,3192,80,0,34.01791263,-80.90267209,45079.0,767.7524719849721,2.506265664160401,3112,3064,80,0,2984,2956,414576,128,0,0,128,108
2020-06-27,US,South Carolina,Saluda,200,1,0,34.00795823,-81.72713237,45081.0,976.8964001367656,0.5,199,194,1,0,193,191,20544,6,0,0,6,3
2020-06-27,US,South Carolina,Spartanburg,1429,45,0,34.92960077,-81.99225984,45083.0,446.8627359006833,3.149055283414976,1384,1369,44,0,1325,1312,313888,60,1,0,59,57
2020-06-27,US,South Carolina,Sumter,996,23,0,33.91826534,-80.37942316,45085.0,933.2746132438788,2.3092369477911645,973,945,22,0,923,905,106512,51,1,0,50,40
2020-06-27,US,South Carolina,Union,73,0,0,34.68835752,-81.61730349,45087.0,267.2426416752087,0.0,73,72,0,0,72,71,27410,1,0,0,1,1
2020-06-27,US,South Carolina,Williamsburg,381,15,0,33.62190129,-79.72767442,45089.0,1254.6101159114858,3.9370078740157477,366,368,15,0,353,362,30606,13,0,0,13,6
2020-06-27,US,South Carolina,York,1047,12,0,34.97281497,-81.18085944,45091.0,372.6257122418401,1.146131805157593,1035,989,12,0,977,947,274118,58,0,0,58,42
2020-06-27,US,South Dakota,Aurora,34,0,0,43.71757685,-98.56050467,46003.0,1235.9142130134496,0.0,34,34,0,0,34,34,2801,0,0,0,0,0
2020-06-27,US,South Dakota,Beadle,518,6,0,44.41464384,-98.27858469,46005.0,2807.1316317130004,1.1583011583011582,512,515,6,0,509,508,18883,3,0,0,3,7
2020-06-27,US,South Dakota,Bennett,5,0,0,43.19486375,-101.6665572,46007.0,148.5884101040119,0.0,5,4,0,0,4,4,3468,1,0,0,1,0
2020-06-27,US,South Dakota,Bon Homme,11,0,0,42.98914167,-97.88592746,46009.0,159.39718881321548,0.0,11,11,0,0,11,11,6980,0,0,0,0,0
2020-06-27,US,South Dakota,Brookings,58,0,0,44.36974375,-96.79079945,46011.0,165.35051458220485,0.0,58,57,0,0,57,57,35232,1,0,0,1,0
2020-06-27,US,South Dakota,Brown,339,2,0,45.58994323,-98.35165355,46013.0,872.8340070547646,0.5899705014749262,337,335,2,0,333,335,39316,4,0,0,4,0
2020-06-27,US,South Dakota,Brule,18,0,0,43.71756379,-99.08118954,46015.0,339.8149896167642,0.0,18,18,0,0,18,17,5229,0,0,0,0,1
2020-06-27,US,South Dakota,Buffalo,71,1,0,44.07657829,-99.20814467,46017.0,3618.756371049949,1.4084507042253518,70,69,1,0,68,68,2036,2,0,0,2,1
2020-06-27,US,South Dakota,Charles Mix,68,0,0,43.20660134,-98.58856175,46023.0,731.8123116659492,0.0,68,58,0,0,58,57,9338,10,0,0,10,1
2020-06-27,US,South Dakota,Clark,14,0,0,44.85834507,-97.72925109,46025.0,374.73233404710925,0.0,14,13,0,0,13,13,3739,1,0,0,1,0
2020-06-27,US,South Dakota,Clay,80,0,0,42.91296147,-96.97656917,46027.0,568.5856432125089,0.0,80,79,0,0,79,79,14041,1,0,0,1,0
2020-06-27,US,South Dakota,Codington,53,0,0,44.97788119,-97.18827677,46029.0,189.22489199900036,0.0,53,51,0,0,51,51,28015,2,0,0,2,0
2020-06-27,US,South Dakota,Corson,17,0,0,45.70889983,-101.1970473,46031.0,416.05482134116494,0.0,17,17,0,0,17,17,4165,0,0,0,0,0
2020-06-27,US,South Dakota,Custer,8,0,0,43.67741105,-103.45345209999999,46033.0,89.16629514043692,0.0,8,7,0,0,7,7,8726,1,0,0,1,0
2020-06-27,US,South Dakota,Davison,37,0,0,43.67490933,-98.14458906,46035.0,187.1049304677624,0.0,37,36,0,0,36,35,19790,1,0,0,1,1
2020-06-27,US,South Dakota,Day,15,0,0,45.367281,-97.60737498,46037.0,276.5486725663717,0.0,15,13,0,0,13,13,5505,2,0,0,2,0
2020-06-27,US,South Dakota,Deuel,3,0,0,44.75994309,-96.66943645,46039.0,68.94966674327739,0.0,3,3,0,0,3,1,4337,0,0,0,0,2
2020-06-27,US,South Dakota,Dewey,4,0,0,45.15639647,-100.8709139,46041.0,67.88866259334691,0.0,4,4,0,0,4,4,5904,0,0,0,0,0
2020-06-27,US,South Dakota,Douglas,4,0,0,43.38520741,-98.36978007,46043.0,136.93940431359124,0.0,4,4,0,0,4,4,2935,0,0,0,0,0
2020-06-27,US,South Dakota,Edmunds,7,0,0,45.41846445,-99.21545423,46045.0,182.81535648994515,0.0,7,6,0,0,6,6,3875,1,0,0,1,0
2020-06-27,US,South Dakota,Fall River,10,0,0,43.23929297,-103.5275691,46047.0,148.96469536719798,0.0,10,10,0,0,10,9,6758,0,0,0,0,1
2020-06-27,US,South Dakota,Faulk,23,1,0,45.07082625,-99.14535601,46049.0,1000.4349717268376,4.3478260869565215,22,23,1,0,22,23,2330,0,0,0,0,0
2020-06-27,US,South Dakota,Grant,13,0,0,45.1723937,-96.77002276,46051.0,184.344866704481,0.0,13,13,0,0,13,13,7147,0,0,0,0,0
2020-06-27,US,South Dakota,Gregory,2,0,0,43.19419064,-99.18883902,46053.0,47.789725209080046,0.0,2,2,0,0,2,1,4212,0,0,0,0,1
2020-06-27,US,South Dakota,Hamlin,11,0,0,44.67385954,-97.18829593,46057.0,178.45554834523037,0.0,11,11,0,0,11,11,6111,0,0,0,0,0
2020-06-27,US,South Dakota,Hand,7,0,0,44.54708407,-99.00386459,46059.0,219.3669696020056,0.0,7,7,0,0,7,7,3262,0,0,0,0,0
2020-06-27,US,South Dakota,Hanson,6,0,0,43.6746384,-97.78715148,46061.0,173.7619461337967,0.0,6,6,0,0,6,6,3376,0,0,0,0,0
2020-06-27,US,South Dakota,Hughes,49,0,0,44.39091534,-99.99661148,46065.0,279.5846171402488,0.0,49,42,0,0,42,42,17650,7,0,0,7,0
2020-06-27,US,South Dakota,Hutchinson,11,0,0,43.33449012,-97.75536441,46067.0,150.87093677136195,0.0,11,10,0,0,10,10,7380,1,0,0,1,0
2020-06-27,US,South Dakota,Hyde,3,0,0,44.54747703,-99.48572582,46069.0,230.59185242121444,0.0,3,3,0,0,3,3,1282,0,0,0,0,0
2020-06-27,US,South Dakota,Jackson,6,1,0,43.69318385,-101.6255063,46071.0,179.42583732057415,16.666666666666668,5,6,1,0,5,6,3307,0,0,0,0,0
2020-06-27,US,South Dakota,Jerauld,39,1,0,44.06637798,-98.62965972,46073.0,1937.4068554396426,2.5641025641025643,38,39,1,0,38,39,2043,0,0,0,0,0
2020-06-27,US,South Dakota,Kingsbury,6,0,0,44.36956169,-97.4913945,46077.0,121.48208139299452,0.0,6,6,0,0,6,6,4919,0,0,0,0,0
2020-06-27,US,South Dakota,Lake,19,1,0,44.02193107,-97.12926365,46079.0,148.47229819488942,5.2631578947368425,18,19,1,0,18,18,13057,0,0,0,0,1
2020-06-27,US,South Dakota,Lawrence,19,0,0,44.35919441,-103.79294279999999,46081.0,73.51803126451014,0.0,19,18,0,0,18,17,25741,1,0,0,1,1
2020-06-27,US,South Dakota,Lincoln,337,1,0,43.27841182,-96.72039050000001,46083.0,551.3021855778039,0.2967359050445104,336,332,1,0,331,329,58807,5,0,0,5,3
2020-06-27,US,South Dakota,Lyman,57,0,0,43.89522709,-99.85201878,46085.0,1507.537688442211,0.0,57,55,0,0,55,55,3821,2,0,0,2,0
2020-06-27,US,South Dakota,Marshall,5,0,0,45.75870838,-97.59855639,46091.0,101.31712259371834,0.0,5,5,0,0,5,5,5112,0,0,0,0,0
2020-06-27,US,South Dakota,McCook,10,1,0,43.6742571,-97.36863144,46087.0,179.01897601145726,10.0,9,10,1,0,9,9,5546,0,0,0,0,1
2020-06-27,US,South Dakota,McPherson,5,0,0,45.76626028,-99.22118798,46089.0,210.17234131988232,0.0,5,4,0,0,4,4,2407,1,0,0,1,0
2020-06-27,US,South Dakota,Meade,47,1,0,44.56676791,-102.71627409999999,46093.0,165.89015953691938,2.127659574468085,46,46,1,0,45,44,28294,1,0,0,1,2
2020-06-27,US,South Dakota,Mellette,3,0,0,43.58078848,-100.7563186,46095.0,145.56040756914118,0.0,3,3,0,0,3,3,2042,0,0,0,0,0
2020-06-27,US,South Dakota,Miner,8,0,0,44.02197882,-97.60992207,46097.0,361.01083032490976,0.0,8,8,0,0,8,7,2213,0,0,0,0,1
2020-06-27,US,South Dakota,Minnehaha,3586,57,0,43.67441641,-96.7910885,46099.0,1856.741951184152,1.5895147796988287,3529,3577,56,0,3521,3560,192876,9,1,0,8,17
2020-06-27,US,South Dakota,Moody,21,0,0,44.02266214,-96.67081159,46101.0,319.3430656934307,0.0,21,21,0,0,21,21,6579,0,0,0,0,0
2020-06-27,US,South Dakota,Oglala Lakota,83,0,0,43.33749164,-102.55554980000001,46102.0,585.4553149467448,0.0,83,68,0,0,68,65,14309,15,0,0,15,3
2020-06-27,US,South Dakota,Pennington,497,16,0,44.0025835,-102.8240777,46103.0,436.8270709734125,3.2193158953722336,481,486,14,0,472,482,111729,11,2,0,9,4
2020-06-27,US,South Dakota,Roberts,40,0,0,45.62975048,-96.94672673,46109.0,384.83740619588224,0.0,40,40,0,0,40,40,10447,0,0,0,0,0
2020-06-27,US,South Dakota,Sanborn,12,0,0,44.02351092,-98.09098159999999,46111.0,511.9453924914676,0.0,12,12,0,0,12,12,2429,0,0,0,0,0
2020-06-27,US,South Dakota,Spink,11,0,0,44.93837606,-98.34626602,46115.0,172.5219573400251,0.0,11,11,0,0,11,10,6495,0,0,0,0,1
2020-06-27,US,South Dakota,Stanley,12,0,0,44.41381872,-100.7349153,46117.0,387.34667527437057,0.0,12,12,0,0,12,12,3022,0,0,0,0,0
2020-06-27,US,South Dakota,Sully,1,0,0,44.71571812,-100.1278092,46119.0,71.89072609633357,0.0,1,1,0,0,1,1,1392,0,0,0,0,0
2020-06-27,US,South Dakota,Todd,56,1,0,43.19338568,-100.71955030000001,46121.0,550.2603910779209,1.7857142857142858,55,53,1,0,52,52,10283,3,0,0,3,1
2020-06-27,US,South Dakota,Tripp,15,0,0,43.34459388,-99.8854891,46123.0,275.6846167983826,0.0,15,15,0,0,15,13,5478,0,0,0,0,2
2020-06-27,US,South Dakota,Turner,25,0,0,43.3109081,-97.14865776,46125.0,298.18702290076334,0.0,25,24,0,0,24,24,8424,1,0,0,1,0
2020-06-27,US,South Dakota,Union,119,1,0,42.83112163,-96.6557828,46127.0,746.9244288224958,0.8403361344537815,118,118,1,0,117,118,15619,1,0,0,1,0
2020-06-27,US,South Dakota,Walworth,9,0,0,45.43019636,-100.03075140000001,46129.0,165.5933762649494,0.0,9,9,0,0,9,8,5587,0,0,0,0,1
2020-06-27,US,South Dakota,Yankton,77,0,0,43.00924485,-97.39467635,46135.0,337.5120540019286,0.0,77,74,0,0,74,71,22869,3,0,0,3,3
2020-06-27,US,South Dakota,Ziebach,2,0,0,44.97881876,-101.6654622,46137.0,72.5689404934688,0.0,2,2,0,0,2,2,2742,0,0,0,0,0
2020-06-27,US,Tennessee,Anderson,90,2,0,36.12684348,-84.19965764,47001.0,116.91652160357503,2.2222222222222223,88,89,2,0,87,81,76482,1,0,0,1,8
2020-06-27,US,Tennessee,Bedford,482,5,0,35.51123746,-86.45549096,47003.0,969.565304849838,1.037344398340249,477,463,4,0,459,451,49038,19,1,0,18,12
2020-06-27,US,Tennessee,Benton,12,1,0,36.07110411,-88.06849355,47005.0,74.25742574257426,8.333333333333334,11,12,1,0,11,12,16184,0,0,0,0,0
2020-06-27,US,Tennessee,Bledsoe,616,1,0,35.59942968,-85.20611967,47007.0,4089.219330855018,0.16233766233766234,615,616,1,0,615,616,14755,0,0,0,0,0
2020-06-27,US,Tennessee,Blount,156,3,0,35.68938198,-83.92847788,47009.0,117.2156768453955,1.9230769230769231,153,152,3,0,149,150,131349,4,0,0,4,2
2020-06-27,US,Tennessee,Bradley,444,3,0,35.15739424,-84.857186,47011.0,410.6928128757747,0.6756756756756757,441,430,3,0,427,421,106727,14,0,0,14,9
2020-06-27,US,Tennessee,Campbell,31,1,0,36.40355516,-84.15108559999999,47013.0,77.80733898900658,3.2258064516129035,30,29,1,0,28,28,39583,2,0,0,2,1
2020-06-27,US,Tennessee,Cannon,25,0,0,35.80990797,-86.05738983,47015.0,170.32293227960213,0.0,25,25,0,0,25,23,14462,0,0,0,0,2
2020-06-27,US,Tennessee,Carroll,38,1,0,35.97366108,-88.45189331,47017.0,136.85309900241293,2.631578947368421,37,36,1,0,35,36,28020,2,0,0,2,0
2020-06-27,US,Tennessee,Carter,49,1,0,36.28969086,-82.12588974,47019.0,86.8932985760139,2.0408163265306123,48,48,1,0,47,42,56351,1,0,0,1,6
2020-06-27,US,Tennessee,Cheatham,194,0,0,36.26136216,-87.08903581,47021.0,477.0452701207367,0.0,194,190,0,0,190,187,40439,4,0,0,4,3
2020-06-27,US,Tennessee,Chester,19,0,0,35.42527478,-88.6095842,47023.0,109.84563797190263,0.0,19,16,0,0,16,16,17276,3,0,0,3,0
2020-06-27,US,Tennessee,Claiborne,21,0,0,36.48319149,-83.65947309,47025.0,65.70918989955881,0.0,21,19,0,0,19,19,31756,2,0,0,2,0
2020-06-27,US,Tennessee,Clay,13,0,0,36.55151008,-85.53930419,47027.0,170.71569271175312,0.0,13,13,0,0,13,12,7717,0,0,0,0,1
2020-06-27,US,Tennessee,Cocke,48,0,0,35.9278914,-83.11828725,47029.0,133.31852016442616,0.0,48,42,0,0,42,36,35774,6,0,0,6,6
2020-06-27,US,Tennessee,Coffee,103,0,0,35.49090731,-86.07311784,47031.0,182.23637650389242,0.0,103,103,0,0,103,102,55700,0,0,0,0,1
2020-06-27,US,Tennessee,Crockett,28,3,0,35.81830662,-89.14916269,47033.0,196.76739283204498,10.714285714285714,25,27,3,0,24,28,14328,1,0,0,1,-1
2020-06-27,US,Tennessee,Cumberland,159,3,0,35.95271721,-84.99840585,47035.0,262.72306675479183,1.8867924528301887,156,159,3,0,156,155,59673,0,0,0,0,4
2020-06-27,US,Tennessee,Davidson,8675,110,0,36.17007426,-86.78646056,47037.0,1249.7406878111747,1.2680115273775217,8565,8547,105,0,8442,8258,692587,128,5,0,123,289
2020-06-27,US,Tennessee,DeKalb,47,0,0,35.97616272,-85.83689361,47041.0,229.38018545632016,0.0,47,47,0,0,47,44,20138,0,0,0,0,3
2020-06-27,US,Tennessee,Decatur,18,0,0,35.60048904,-88.11043779,47039.0,154.3342193260739,0.0,18,17,0,0,17,17,11706,1,0,0,1,0
2020-06-27,US,Tennessee,Dickson,159,0,0,36.14669837,-87.35891709,47043.0,294.72825683991994,0.0,159,156,0,0,156,151,53446,3,0,0,3,5
2020-06-27,US,Tennessee,Dyer,192,0,0,36.05931946,-89.41542855,47045.0,516.6985118006405,0.0,192,184,0,0,184,181,37320,8,0,0,8,3
2020-06-27,US,Tennessee,Fayette,244,2,0,35.19615831,-89.41399032,47047.0,593.197675832057,0.819672131147541,242,233,2,0,231,229,40507,11,0,0,11,4
2020-06-27,US,Tennessee,Fentress,16,0,0,36.38128818,-84.92870012,47049.0,86.37909625870539,0.0,16,15,0,0,15,15,18217,1,0,0,1,0
2020-06-27,US,Tennessee,Franklin,73,3,0,35.15634626,-86.09201039,47051.0,172.95299469294918,4.109589041095891,70,70,3,0,67,69,41890,3,0,0,3,1
2020-06-27,US,Tennessee,Gibson,90,1,0,35.99438059,-88.93358327,47053.0,183.17627663688359,1.1111111111111112,89,84,1,0,83,83,49045,6,0,0,6,1
2020-06-27,US,Tennessee,Giles,45,0,0,35.20222469,-87.03992678,47055.0,152.72875373336953,0.0,45,45,0,0,45,43,29503,0,0,0,0,2
2020-06-27,US,Tennessee,Grainger,28,0,0,36.27469206,-83.51254721,47057.0,120.06861063464837,0.0,28,27,0,0,27,25,23145,1,0,0,1,2
2020-06-27,US,Tennessee,Greene,74,2,0,36.17470125,-82.84691273,47059.0,107.1392375740202,2.702702702702702,72,68,3,0,65,66,69087,6,-1,0,7,2
2020-06-27,US,Tennessee,Grundy,59,1,0,35.38433717,-85.72142731,47061.0,439.413122812244,1.6949152542372878,58,59,1,0,58,58,13346,0,0,0,0,1
2020-06-27,US,Tennessee,Hamblen,181,4,0,36.21990035,-83.26586179,47063.0,278.74457141097116,2.209944751381216,177,170,4,0,166,162,64569,11,0,0,11,8
2020-06-27,US,Tennessee,Hamilton,2321,29,0,35.17670231,-85.16652245,47065.0,631.0426205261498,1.2494614390348988,2292,2264,29,0,2235,2185,364286,57,0,0,57,79
2020-06-27,US,Tennessee,Hancock,3,0,0,36.52692871,-83.22375847,47067.0,45.31722054380665,0.0,3,3,0,0,3,3,6549,0,0,0,0,0
2020-06-27,US,Tennessee,Hardeman,276,1,0,35.20772017,-88.99161161,47069.0,1101.7964071856288,0.3623188405797101,275,273,1,0,272,269,25220,3,0,0,3,4
2020-06-27,US,Tennessee,Hardin,89,5,0,35.19732531,-88.18593755,47071.0,346.95150475596444,5.617977528089888,84,82,5,0,77,80,25776,7,0,0,7,2
2020-06-27,US,Tennessee,Hawkins,45,2,0,36.44355426,-82.94885298,47073.0,79.24488430246892,4.4444444444444455,43,46,2,0,44,43,56530,-1,0,0,-1,3
2020-06-27,US,Tennessee,Haywood,62,2,0,35.58332824,-89.28536625,47075.0,358.29865926953306,3.2258064516129035,60,59,2,0,57,59,17335,3,0,0,3,0
2020-06-27,US,Tennessee,Henderson,31,0,0,35.65581134,-88.38600175,47077.0,110.25358324145536,0.0,31,28,0,0,28,27,27847,3,0,0,3,1
2020-06-27,US,Tennessee,Henry,40,0,0,36.33160906,-88.30121797,47079.0,123.66671819446593,0.0,40,38,0,0,38,37,32358,2,0,0,2,1
2020-06-27,US,Tennessee,Hickman,69,0,0,35.80609681,-87.47643507,47081.0,274.04877273810473,0.0,69,69,0,0,69,67,25063,0,0,0,0,2
2020-06-27,US,Tennessee,Houston,10,0,0,36.28872054,-87.71878828,47083.0,121.93634922570419,0.0,10,10,0,0,10,10,8263,0,0,0,0,0
2020-06-27,US,Tennessee,Humphreys,20,1,0,36.03958805,-87.77992872,47085.0,107.63104079216446,5.0,19,19,1,0,18,18,18486,1,0,0,1,1
2020-06-27,US,Tennessee,Jackson,22,0,0,36.36380466,-85.67239905,47087.0,186.66214152384185,0.0,22,22,0,0,22,22,11758,0,0,0,0,0
2020-06-27,US,Tennessee,Jefferson,91,0,0,36.04818632,-83.45148924,47089.0,166.9877970456005,0.0,91,85,0,0,85,80,54012,6,0,0,6,5
2020-06-27,US,Tennessee,Johnson,34,0,0,36.45523950000001,-81.84886538,47091.0,191.1400944456937,0.0,34,30,0,0,30,28,17778,4,0,0,4,2
2020-06-27,US,Tennessee,Knox,878,5,0,35.99508821,-83.94635435,47093.0,186.68418691382118,0.5694760820045558,873,824,5,0,819,783,465289,54,0,0,54,41
2020-06-27,US,Tennessee,Lake,691,0,0,36.34180170000001,-89.48921915,47095.0,9848.916761687571,0.0,691,691,0,0,691,690,7411,0,0,0,0,1
2020-06-27,US,Tennessee,Lauderdale,99,2,0,35.75893438,-89.63015909999999,47097.0,386.2208871376741,2.0202020202020203,97,87,2,0,85,86,25825,12,0,0,12,1
2020-06-27,US,Tennessee,Lawrence,113,4,0,35.21675201,-87.39787695,47099.0,255.9920257351276,3.5398230088495577,109,104,4,0,100,101,43734,9,0,0,9,3
2020-06-27,US,Tennessee,Lewis,5,0,0,35.52853208,-87.49022694,47101.0,40.75643951744376,0.0,5,5,0,0,5,5,12086,0,0,0,0,0
2020-06-27,US,Tennessee,Lincoln,52,0,0,35.13738622,-86.58910106,47103.0,151.31234359541406,0.0,52,52,0,0,52,51,34117,0,0,0,0,1
2020-06-27,US,Tennessee,Loudon,248,1,0,35.73939663,-84.31145275,47105.0,458.6816601316861,0.4032258064516129,247,244,1,0,243,244,53054,4,0,0,4,0
2020-06-27,US,Tennessee,Macon,293,3,0,36.53157855,-86.00778595,47111.0,1190.9600845459718,1.023890784982935,290,280,3,0,277,241,24265,13,0,0,13,39
2020-06-27,US,Tennessee,Madison,228,2,0,35.61181957,-88.84076036,47113.0,232.69105160026126,0.8771929824561403,226,210,2,0,208,206,97605,18,0,0,18,4
2020-06-27,US,Tennessee,Marion,57,4,0,35.12997174,-85.62265895,47115.0,197.18407306188809,7.0175438596491215,53,56,4,0,52,56,28575,1,0,0,1,0
2020-06-27,US,Tennessee,Marshall,60,1,0,35.45798777,-86.76420988,47117.0,174.54545454545453,1.6666666666666667,59,54,1,0,53,49,33683,6,0,0,6,5
2020-06-27,US,Tennessee,Maury,276,3,0,35.618741299999996,-87.07462444,47119.0,286.34566902175607,1.0869565217391304,273,267,2,0,265,259,94340,9,1,0,8,8
2020-06-27,US,Tennessee,McMinn,203,17,0,35.42812616,-84.61520715,47107.0,377.3655054467041,8.374384236453201,186,201,17,0,184,194,53285,2,0,0,2,7
2020-06-27,US,Tennessee,McNairy,52,0,0,35.17468549,-88.5647812,47109.0,202.38187903790768,0.0,52,50,0,0,50,48,25832,2,0,0,2,2
2020-06-27,US,Tennessee,Meigs,32,0,0,35.51558739,-84.81482914,47121.0,257.6074706166479,0.0,32,32,0,0,32,31,12306,0,0,0,0,1
2020-06-27,US,Tennessee,Monroe,118,4,0,35.44550387,-84.24902965,47123.0,253.51810076270283,3.3898305084745757,114,116,4,0,112,116,46357,2,0,0,2,0
2020-06-27,US,Tennessee,Montgomery,438,7,0,36.49609412,-87.38550661,47125.0,209.5763972956032,1.5981735159817352,431,434,7,0,427,413,205950,4,0,0,4,21
2020-06-27,US,Tennessee,Moore,6,0,0,35.27724699,-86.36230578,47127.0,92.47842170160295,0.0,6,5,0,0,5,5,6411,1,0,0,1,0
2020-06-27,US,Tennessee,Morgan,23,1,0,36.13248031,-84.64880098,47129.0,107.4615708078307,4.3478260869565215,22,23,1,0,22,22,21579,0,0,0,0,1
2020-06-27,US,Tennessee,Obion,87,2,0,36.35732446,-89.14921589,47131.0,289.3345305796668,2.2988505747126435,85,79,2,0,77,75,30267,8,0,0,8,4
2020-06-27,US,Tennessee,Out of TN,766,7,0,0.0,0.0,80047.0,0.0,0.9138381201044388,759,771,8,0,763,611,,-5,-1,0,-4,160
2020-06-27,US,Tennessee,Overton,51,0,0,36.34117832,-85.28989535,47133.0,229.3062362303853,0.0,51,50,0,0,50,46,22068,1,0,0,1,4
2020-06-27,US,Tennessee,Perry,29,0,0,35.63708728,-87.86139634,47135.0,359.08865775136206,0.0,29,28,0,0,28,28,8064,1,0,0,1,0
2020-06-27,US,Tennessee,Pickett,6,0,0,36.55606529,-85.07763299999998,47137.0,118.85895404120443,0.0,6,6,0,0,6,6,5082,0,0,0,0,0
2020-06-27,US,Tennessee,Polk,38,0,0,35.12245443,-84.52075859,47139.0,225.76045627376428,0.0,38,36,0,0,36,36,16898,2,0,0,2,0
2020-06-27,US,Tennessee,Putnam,735,7,0,36.14005459,-85.50646123,47141.0,915.9449186865227,0.9523809523809524,728,726,7,0,719,706,78843,9,0,0,9,20
2020-06-27,US,Tennessee,Rhea,262,0,0,35.60536161,-84.93076643,47143.0,789.941809630054,0.0,262,259,0,0,259,258,33044,3,0,0,3,1
2020-06-27,US,Tennessee,Roane,43,0,0,35.84923189,-84.52458689,47145.0,80.55149675920723,0.0,43,42,0,0,42,42,53140,1,0,0,1,0
2020-06-27,US,Tennessee,Robertson,751,11,0,36.52454807,-86.87346725,47147.0,1045.7716569423364,1.4647137150466043,740,742,11,0,731,729,71012,9,0,0,9,13
2020-06-27,US,Tennessee,Rutherford,2362,34,0,35.84591405,-86.4107263,47149.0,710.835577892472,1.4394580863674853,2328,2337,34,0,2303,2266,324890,25,0,0,25,71
2020-06-27,US,Tennessee,Scott,14,0,0,36.42325673,-84.50360494,47151.0,63.44027551205365,0.0,14,14,0,0,14,14,22039,0,0,0,0,0
2020-06-27,US,Tennessee,Sequatchie,24,0,0,35.36979721,-85.41022136,47153.0,159.72314654598696,0.0,24,24,0,0,24,24,14876,0,0,0,0,0
2020-06-27,US,Tennessee,Sevier,549,3,0,35.78077323,-83.52244332,47155.0,558.7786259541983,0.5464480874316939,546,536,3,0,533,516,97892,13,0,0,13,20
2020-06-27,US,Tennessee,Shelby,9139,182,0,35.1864775,-89.89692423,47157.0,975.1740886886637,1.9914651493598865,8957,8988,181,0,8807,8643,935764,151,1,0,150,345
2020-06-27,US,Tennessee,Smith,67,1,0,36.25359775,-85.95411046,47159.0,332.39073274792884,1.492537313432836,66,62,1,0,61,58,19942,5,0,0,5,4
2020-06-27,US,Tennessee,Stewart,19,0,0,36.50235092,-87.83920548,47161.0,138.53445133065986,0.0,19,19,0,0,19,19,13561,0,0,0,0,0
2020-06-27,US,Tennessee,Sullivan,83,2,0,36.51240691,-82.30412917,47163.0,52.41619723646652,2.409638554216868,81,79,2,0,77,77,157668,4,0,0,4,2
2020-06-27,US,Tennessee,Sumner,1318,51,0,36.46824103,-86.45917204,47165.0,689.0314350987802,3.8694992412746583,1267,1296,51,0,1245,1260,187149,22,0,0,22,36
2020-06-27,US,Tennessee,Tipton,593,4,0,35.501942,-89.73694895,47167.0,962.6779655513888,0.6745362563237775,589,584,4,0,580,580,61581,9,0,0,9,4
2020-06-27,US,Tennessee,Trousdale,1476,5,0,36.39026213,-86.16087954,47169.0,13080.467919177596,0.3387533875338753,1471,1473,5,0,1468,1471,11012,3,0,0,3,2
2020-06-27,US,Tennessee,Unassigned,246,0,0,0.0,0.0,90047.0,0.0,0.0,246,302,0,0,302,266,,-56,0,0,-56,36
2020-06-27,US,Tennessee,Unicoi,53,0,0,36.10890856,-82.43709629,47171.0,296.3708550019572,0.0,53,53,0,0,53,53,17761,0,0,0,0,0
2020-06-27,US,Tennessee,Union,11,0,0,36.28590426,-83.83651902,47173.0,55.077107951131595,0.0,11,11,0,0,11,10,19688,0,0,0,0,1
2020-06-27,US,Tennessee,Van Buren,6,0,0,35.69864497,-85.45221699,47175.0,102.17983651226156,0.0,6,6,0,0,6,6,5765,0,0,0,0,0
2020-06-27,US,Tennessee,Warren,55,0,0,35.672829899999996,-85.77969117,47177.0,133.24611769266178,0.0,55,50,0,0,50,47,40878,5,0,0,5,3
2020-06-27,US,Tennessee,Washington,121,0,0,36.29472368,-82.49454720000001,47179.0,93.5265700483092,0.0,121,118,0,0,118,112,128607,3,0,0,3,6
2020-06-27,US,Tennessee,Wayne,74,0,0,35.23868267,-87.78644456,47181.0,443.83134408924616,0.0,74,71,0,0,71,71,16558,3,0,0,3,0
2020-06-27,US,Tennessee,Weakley,49,1,0,36.29896232,-88.71990865,47183.0,147.02352376380222,2.0408163265306123,48,48,1,0,47,45,33415,1,0,0,1,3
2020-06-27,US,Tennessee,White,61,3,0,35.92929884,-85.45591799,47185.0,223.07551654781497,4.918032786885246,58,60,3,0,57,58,27107,1,0,0,1,2
2020-06-27,US,Tennessee,Williamson,945,14,0,35.89099229,-86.89281867,47187.0,396.3726658054125,1.4814814814814814,931,912,14,0,898,874,231729,33,0,0,33,38
2020-06-27,US,Tennessee,Wilson,725,16,0,36.15496772,-86.29775884,47189.0,501.18556309062126,2.2068965517241383,709,708,15,0,693,683,140625,17,1,0,16,25
2020-06-27,US,Texas,Anderson,1017,2,0,31.81534745,-95.65354823,48001.0,1761.4964925954794,0.19665683382497545,1015,1017,2,0,1015,1014,58057,0,0,0,0,3
2020-06-27,US,Texas,Andrews,63,0,0,32.30468633,-102.63765479999999,48003.0,336.8083400160385,0.0,63,56,0,0,56,51,18128,7,0,0,7,5
2020-06-27,US,Texas,Angelina,464,6,0,31.25457347,-94.60901487,48005.0,535.0862019258492,1.293103448275862,458,464,6,0,458,445,87092,0,0,0,0,19
2020-06-27,US,Texas,Aransas,16,0,0,28.10556197,-96.9995047,48007.0,68.0561463207146,0.0,16,12,0,0,12,10,23792,4,0,0,4,2
2020-06-27,US,Texas,Archer,6,0,0,33.61569967,-98.68754589,48009.0,70.1508242721852,0.0,6,5,0,0,5,5,8786,1,0,0,1,0
2020-06-27,US,Texas,Armstrong,3,0,0,34.96507426,-101.35748740000001,48011.0,158.9825119236884,0.0,3,3,0,0,3,3,1892,0,0,0,0,0
2020-06-27,US,Texas,Atascosa,87,2,0,28.89333001,-98.52730485,48013.0,170.0780012902469,2.2988505747126435,85,85,2,0,83,87,50310,2,0,0,2,-2
2020-06-27,US,Texas,Austin,61,0,0,29.88548725,-96.27736949,48015.0,203.11667554608417,0.0,61,60,0,0,60,57,29989,1,0,0,1,3
2020-06-27,US,Texas,Bailey,93,1,0,34.06854817,-102.8299707,48017.0,1328.5714285714287,1.075268817204301,92,88,1,0,87,87,7027,5,0,0,5,1
2020-06-27,US,Texas,Bandera,16,0,0,29.74619598,-99.24598147,48019.0,69.22810661128418,0.0,16,16,0,0,16,15,22824,0,0,0,0,1
2020-06-27,US,Texas,Bastrop,415,6,0,30.10370699,-97.31206354,48021.0,467.7479345829153,1.4457831325301205,409,407,6,0,401,386,86976,8,0,0,8,21
2020-06-27,US,Texas,Baylor,1,0,0,33.61640794,-99.21352901,48023.0,28.498147620404676,0.0,1,2,0,0,2,2,3582,-1,0,0,-1,0
2020-06-27,US,Texas,Bee,43,0,0,28.41761668,-97.74215593,48025.0,132.0436050974973,0.0,43,39,0,0,39,38,32587,4,0,0,4,1
2020-06-27,US,Texas,Bell,1128,12,0,31.03736027,-97.4785025,48027.0,310.8088745853126,1.0638297872340423,1116,1077,12,0,1065,1009,355642,51,0,0,51,68
2020-06-27,US,Texas,Bexar,8857,105,0,29.44928723,-98.52019748,48029.0,442.0644514697383,1.1855029919837416,8752,8452,104,0,8348,7814,1986049,405,1,0,404,638
2020-06-27,US,Texas,Blanco,26,1,0,30.26640707,-98.3999852,48031.0,217.9197049702456,3.8461538461538463,25,26,1,0,25,27,11702,0,0,0,0,-1
2020-06-27,US,Texas,Bosque,10,0,0,31.89978581,-97.63613524,48035.0,53.51886540005352,0.0,10,10,0,0,10,10,18691,0,0,0,0,0
2020-06-27,US,Texas,Bowie,418,13,0,33.44626922,-94.41834132,48037.0,448.2814091908413,3.1100478468899517,405,415,13,0,402,413,94324,3,0,0,3,2
2020-06-27,US,Texas,Brazoria,2064,21,0,29.18757369,-95.44563172,48039.0,551.48237607678,1.0174418604651163,2043,1986,20,0,1966,1913,370200,78,1,0,77,73
2020-06-27,US,Texas,Brazos,1720,29,0,30.663644800000004,-96.30205577,48041.0,750.4002861991789,1.6860465116279069,1691,1493,27,0,1466,1377,226758,227,2,0,225,116
2020-06-27,US,Texas,Brewster,85,0,0,29.81008251,-103.25203259999999,48043.0,923.6118656959687,0.0,85,85,0,0,85,76,9267,0,0,0,0,9
2020-06-27,US,Texas,Briscoe,2,0,0,34.53026962,-101.2084947,48045.0,129.36610608020698,0.0,2,2,0,0,2,2,1516,0,0,0,0,0
2020-06-27,US,Texas,Brooks,3,0,0,27.03103197,-98.21808402,48047.0,42.295220640067676,0.0,3,3,0,0,3,3,7114,0,0,0,0,0
2020-06-27,US,Texas,Brown,68,10,0,31.77430356,-98.99907113,48049.0,179.59011197971688,14.705882352941178,58,68,10,0,58,68,37924,0,0,0,0,0
2020-06-27,US,Texas,Burleson,70,0,0,30.49273808,-96.62158484,48051.0,379.547795911728,0.0,70,69,0,0,69,68,18389,1,0,0,1,1
2020-06-27,US,Texas,Burnet,116,3,0,30.78801353,-98.181887,48053.0,240.8887965943308,2.586206896551724,113,115,3,0,112,100,47542,1,0,0,1,15
2020-06-27,US,Texas,Caldwell,303,1,0,29.83668859,-97.61814775,48055.0,693.9355075119092,0.33003300330033003,302,297,1,0,296,286,43247,6,0,0,6,11
2020-06-27,US,Texas,Calhoun,72,3,0,28.47048236,-96.61633945,48057.0,338.1869422263974,4.166666666666667,69,69,3,0,66,69,21561,3,0,0,3,0
2020-06-27,US,Texas,Callahan,16,2,0,32.29760619,-99.37326312,48059.0,114.75292261349782,12.5,14,16,2,0,14,16,13994,0,0,0,0,0
2020-06-27,US,Texas,Cameron,2085,54,0,26.14524221,-97.48140372,48061.0,492.71793611445236,2.5899280575539567,2031,1972,52,0,1920,1881,423908,113,2,0,111,91
2020-06-27,US,Texas,Camp,117,1,0,32.97195142,-94.97790104,48063.0,893.5390255078662,0.8547008547008547,116,116,1,0,115,113,13033,1,0,0,1,3
2020-06-27,US,Texas,Carson,6,0,0,35.40365929,-101.35426690000001,48065.0,101.24873439082012,0.0,6,6,0,0,6,6,6005,0,0,0,0,0
2020-06-27,US,Texas,Cass,37,2,0,33.07499881,-94.34646905,48067.0,123.22653700126557,5.405405405405406,35,37,2,0,35,37,30119,0,0,0,0,0
2020-06-27,US,Texas,Castro,74,1,0,34.53016752,-102.2617243,48069.0,982.7357237715803,1.351351351351351,73,73,1,0,72,70,7665,1,0,0,1,3
2020-06-27,US,Texas,Chambers,250,2,0,29.70972016,-94.67154501,48071.0,570.2945000798412,0.8,248,198,2,0,196,191,42454,52,0,0,52,7
2020-06-27,US,Texas,Cherokee,105,2,0,31.837258000000002,-95.16559897,48073.0,199.44535197355927,1.9047619047619049,103,93,2,0,91,87,52592,12,0,0,12,6
2020-06-27,US,Texas,Childress,7,0,0,34.529304100000004,-100.2077916,48075.0,95.81166164796059,0.0,7,8,0,0,8,7,7291,-1,0,0,-1,1
2020-06-27,US,Texas,Clay,6,0,0,33.78686685,-98.20771198,48077.0,57.30111737178875,0.0,6,5,0,0,5,5,10456,1,0,0,1,0
2020-06-27,US,Texas,Cochran,1,0,0,33.60425307,-102.82844990000001,48079.0,35.05082369435681,0.0,1,1,0,0,1,1,2836,0,0,0,0,0
2020-06-27,US,Texas,Coke,5,1,0,31.88911733,-100.5297533,48081.0,147.62326542663124,20.0,4,5,1,0,4,5,3370,0,0,0,0,0
2020-06-27,US,Texas,Coleman,3,0,0,31.76736834,-99.45240766,48083.0,36.697247706422026,0.0,3,3,0,0,3,3,8397,0,0,0,0,0
2020-06-27,US,Texas,Collin,2532,41,0,33.18820114,-96.57264368,48085.0,244.70151633759534,1.6192733017377567,2491,2486,40,0,2446,2449,1005146,46,1,0,45,37
2020-06-27,US,Texas,Collingsworth,6,0,0,34.96489496,-100.27001109999999,48087.0,205.4794520547945,0.0,6,5,0,0,5,5,2962,1,0,0,1,0
2020-06-27,US,Texas,Colorado,82,0,0,29.622097999999998,-96.5273805,48089.0,381.51956450937513,0.0,82,71,0,0,71,66,21217,11,0,0,11,5
2020-06-27,US,Texas,Comal,435,7,0,29.80811278,-98.27647225,48091.0,278.47307133391797,1.6091954022988506,428,395,7,0,388,374,148373,40,0,0,40,21
2020-06-27,US,Texas,Comanche,20,1,0,31.94854689,-98.55876441,48093.0,146.6813348001467,5.0,19,20,1,0,19,17,13534,0,0,0,0,3
2020-06-27,US,Texas,Concho,7,0,0,31.32635934,-99.86473038,48095.0,256.78650036683786,0.0,7,5,0,0,5,4,4276,2,0,0,2,1
2020-06-27,US,Texas,Cooke,35,0,0,33.63979567,-97.21240912,48097.0,84.83408876069515,0.0,35,30,0,0,30,30,40574,5,0,0,5,0
2020-06-27,US,Texas,Coryell,326,2,0,31.39078397,-97.79936155,48099.0,429.2241050150755,0.6134969325153374,324,327,2,0,325,321,74808,-1,0,0,-1,6
2020-06-27,US,Texas,Cottle,4,1,0,34.07783319,-100.27850620000001,48101.0,286.12303290414883,25.0,3,4,1,0,3,4,1389,0,0,0,0,0
2020-06-27,US,Texas,Crane,50,8,0,31.43052248,-102.5143314,48103.0,1042.3181154888473,16.0,42,50,7,0,43,49,4794,0,1,0,-1,1
2020-06-27,US,Texas,Crockett,7,0,0,30.72367027,-101.4134238,48105.0,202.07852193995384,0.0,7,5,0,0,5,5,3499,2,0,0,2,0
2020-06-27,US,Texas,Crosby,15,1,0,33.61431553,-101.30003640000001,48107.0,261.4606937423741,6.666666666666668,14,15,1,0,14,13,5779,0,0,0,0,2
2020-06-27,US,Texas,Culberson,3,0,0,31.44506775,-104.5185739,48109.0,138.18516812528787,0.0,3,3,0,0,3,3,2204,0,0,0,0,0
2020-06-27,US,Texas,Dallam,84,1,0,36.27787176,-102.60207249999999,48111.0,1152.7377521613832,1.1904761904761905,83,75,1,0,74,79,7200,9,0,0,9,-4
2020-06-27,US,Texas,Dallas,19595,351,0,32.76670599,-96.77796049999999,48113.0,743.4976680088454,1.7912732840010206,19244,19034,344,0,18690,18538,2637772,561,7,0,554,496
2020-06-27,US,Texas,Dawson,45,1,0,32.74255572,-101.94772420000001,48115.0,353.55122564424886,2.2222222222222223,44,45,1,0,44,45,12619,0,0,0,0,0
2020-06-27,US,Texas,DeWitt,56,1,0,29.08101855,-97.35681170000001,48123.0,277.77777777777777,1.7857142857142858,55,47,1,0,46,43,20187,9,0,0,9,4
2020-06-27,US,Texas,Deaf Smith,287,16,0,34.96522957,-102.6054267,48117.0,1547.5035047988786,5.574912891986064,271,284,16,0,268,268,18760,3,0,0,3,16
2020-06-27,US,Texas,Delta,5,0,0,33.38570922,-95.66921122,48119.0,93.79103357719002,0.0,5,5,0,0,5,5,5349,0,0,0,0,0
2020-06-27,US,Texas,Denton,2581,37,0,33.20521901,-97.11691153,48121.0,290.91294365351035,1.4335528864781093,2544,2494,37,0,2457,2417,859064,87,0,0,87,77
2020-06-27,US,Texas,Dickens,2,0,0,33.61616822,-100.7788855,48125.0,90.45680687471732,0.0,2,2,0,0,2,2,2249,0,0,0,0,0
2020-06-27,US,Texas,Dimmit,11,0,0,28.42270064,-99.75645095,48127.0,108.65270644014223,0.0,11,9,0,0,9,5,10308,2,0,0,2,4
2020-06-27,US,Texas,Donley,27,0,0,34.96517499,-100.8140093,48129.0,823.672971323978,0.0,27,27,0,0,27,27,3319,0,0,0,0,0
2020-06-27,US,Texas,Duval,10,0,0,27.68184592,-98.50864568,48131.0,89.62982880702698,0.0,10,9,0,0,9,8,11212,1,0,0,1,1
2020-06-27,US,Texas,Eastland,9,0,0,32.32743996,-98.83243566,48133.0,49.01960784313725,0.0,9,8,0,0,8,8,18322,1,0,0,1,0
2020-06-27,US,Texas,Ector,506,7,0,31.86898877,-102.54294279999999,48135.0,304.4103403259477,1.383399209486166,499,480,7,0,473,434,162124,26,0,0,26,46
2020-06-27,US,Texas,Edwards,2,0,0,29.98202582,-100.304252,48137.0,103.51966873706004,0.0,2,2,0,0,2,2,1928,0,0,0,0,0
2020-06-27,US,Texas,El Paso,5330,127,0,31.76980765,-106.23632749999999,48141.0,635.0999358942279,2.382739212007505,5203,5217,126,0,5091,4984,840758,113,1,0,112,233
2020-06-27,US,Texas,Ellis,711,19,0,32.34894117,-96.79371841,48139.0,384.6861372317748,2.6722925457102678,692,684,19,0,665,684,179436,27,0,0,27,0
2020-06-27,US,Texas,Erath,120,1,0,32.23602653,-98.21773417,48143.0,281.04360859993443,0.8333333333333334,119,120,1,0,119,104,42446,0,0,0,0,16
2020-06-27,US,Texas,Falls,25,0,0,31.25350609,-96.93630086,48145.0,144.5337341735561,0.0,25,25,0,0,25,25,17335,0,0,0,0,0
2020-06-27,US,Texas,Fannin,82,7,0,33.59564294,-96.10751083,48147.0,230.89485836571487,8.536585365853659,75,82,7,0,75,82,35286,0,0,0,0,0
2020-06-27,US,Texas,Fayette,75,2,0,29.87788372,-96.92076062,48149.0,295.9046792393277,2.6666666666666665,73,75,2,0,73,76,25349,0,0,0,0,-1
2020-06-27,US,Texas,Fisher,5,1,0,32.74281316,-100.40193020000001,48151.0,130.54830287206266,20.0,4,2,1,0,1,2,3839,3,0,0,3,0
2020-06-27,US,Texas,Floyd,22,1,0,34.07227468,-101.3031546,48153.0,385.1540616246497,4.545454545454546,21,22,1,0,21,22,5837,0,0,0,0,0
2020-06-27,US,Texas,Fort Bend,3645,52,0,29.52704478,-95.77219463,48157.0,449.06417244064215,1.4266117969821674,3593,3397,51,0,3346,3267,787858,248,1,0,247,130
2020-06-27,US,Texas,Franklin,41,0,0,33.17653242,-95.21917243,48159.0,382.28438228438233,0.0,41,39,0,0,39,36,10766,2,0,0,2,3
2020-06-27,US,Texas,Freestone,20,0,0,31.70422788,-96.15072516,48161.0,101.43530963128264,0.0,20,23,0,0,23,21,19808,-3,0,0,-3,2
2020-06-27,US,Texas,Frio,181,0,0,28.86751206,-99.10804207,48163.0,891.3621589677928,0.0,181,173,0,0,173,157,19816,8,0,0,8,16
2020-06-27,US,Texas,Gaines,15,0,0,32.74055318,-102.6353295,48165.0,69.79341150195421,0.0,15,15,0,0,15,15,20901,0,0,0,0,0
2020-06-27,US,Texas,Galveston,2821,40,0,29.40167322,-94.90469073,48167.0,824.5186897722855,1.4179369018078696,2781,2415,40,0,2375,2266,337890,406,0,0,406,149
2020-06-27,US,Texas,Garza,12,0,0,33.17969345,-101.2984114,48169.0,192.6472949109006,0.0,12,11,0,0,11,11,6578,1,0,0,1,0
2020-06-27,US,Texas,Gillespie,33,0,0,30.31824095,-98.94676915,48171.0,122.27656736327258,0.0,33,33,0,0,33,33,26804,0,0,0,0,0
2020-06-27,US,Texas,Glasscock,5,0,0,31.86942909,-101.5207776,48173.0,354.86160397445,0.0,5,5,0,0,5,5,1388,0,0,0,0,0
2020-06-27,US,Texas,Goliad,12,0,0,28.65696592,-97.42760647,48175.0,156.69887699138158,0.0,12,8,0,0,8,8,7584,4,0,0,4,0
2020-06-27,US,Texas,Gonzales,247,4,0,29.45634206,-97.49424032,48177.0,1185.391371118683,1.6194331983805668,243,244,4,0,240,235,20826,3,0,0,3,9
2020-06-27,US,Texas,Gray,114,4,0,35.40081878,-100.8129222,48179.0,520.8809284474092,3.5087719298245608,110,113,4,0,109,113,21895,1,0,0,1,0
2020-06-27,US,Texas,Grayson,558,5,0,33.62744998,-96.67753461,48181.0,409.65553695709633,0.8960573476702509,553,550,5,0,545,547,133991,8,0,0,8,3
2020-06-27,US,Texas,Gregg,331,13,0,32.47940482,-94.81591935,48183.0,267.05393521319945,3.9274924471299095,318,331,13,0,318,315,123707,0,0,0,0,16
2020-06-27,US,Texas,Grimes,341,2,0,30.54579585,-95.98902499,48185.0,1180.7479224376732,0.5865102639296188,339,338,2,0,336,322,28360,3,0,0,3,16
2020-06-27,US,Texas,Guadalupe,636,1,0,29.58165339,-97.94786822,48187.0,381.18755506541913,0.15723270440251572,635,581,1,0,580,563,163694,55,0,0,55,18
2020-06-27,US,Texas,Hale,235,7,0,34.07044901,-101.82681140000001,48189.0,703.4664431539246,2.9787234042553186,228,235,7,0,228,214,33830,0,0,0,0,21
2020-06-27,US,Texas,Hall,2,1,0,34.5307555,-100.68138520000001,48191.0,67.47638326585695,50.0,1,2,1,0,1,2,3028,0,0,0,0,0
2020-06-27,US,Texas,Hamilton,19,1,0,31.70470573,-98.11083887,48193.0,224.5597447110271,5.2631578947368425,18,19,1,0,18,19,8484,0,0,0,0,0
2020-06-27,US,Texas,Hansford,28,2,0,36.27743284,-101.3545796,48195.0,518.614558251528,7.142857142857142,26,27,2,0,25,26,5463,1,0,0,1,1
2020-06-27,US,Texas,Hardeman,4,0,0,34.28944521,-99.74632408,48197.0,101.70353419781335,0.0,4,4,0,0,4,4,3922,0,0,0,0,0
2020-06-27,US,Texas,Hardin,217,5,0,30.33364686,-94.38931817,48199.0,376.72303045033163,2.3041474654377883,212,212,5,0,207,211,57207,5,0,0,5,1
2020-06-27,US,Texas,Harris,29162,369,0,29.86,-95.39,48201.0,618.7139651944221,1.26534531239284,28793,28254,361,0,27893,27016,4698619,908,8,0,900,1238
2020-06-27,US,Texas,Harrison,288,30,0,32.54935988,-94.36934071,48203.0,432.7378179796553,10.416666666666666,258,284,30,0,254,281,66726,4,0,0,4,3
2020-06-27,US,Texas,Hartley,22,2,0,35.84008013,-102.6029022,48205.0,394.5480631276901,9.090909090909092,20,21,2,0,19,13,5619,1,0,0,1,8
2020-06-27,US,Texas,Haskell,4,0,0,33.17823584,-99.73037358,48207.0,70.69635913750443,0.0,4,4,0,0,4,4,5813,0,0,0,0,0
2020-06-27,US,Texas,Hays,2469,5,0,30.05669873,-98.02944344,48209.0,1072.5875468632569,0.2025111381125962,2464,2275,5,0,2270,2194,222631,194,0,0,194,81
2020-06-27,US,Texas,Hemphill,7,0,0,35.83764858,-100.2703577,48211.0,183.29405603561142,0.0,7,6,0,0,6,5,3825,1,0,0,1,1
2020-06-27,US,Texas,Henderson,116,4,0,32.21128872,-95.85846587,48213.0,140.20329477742726,3.4482758620689653,112,116,4,0,112,109,82299,0,0,0,0,7
2020-06-27,US,Texas,Hidalgo,2892,31,0,26.39418217,-98.18299696,48215.0,332.90856410734574,1.0719225449515906,2861,2713,29,0,2684,2503,865939,179,2,0,177,210
2020-06-27,US,Texas,Hill,58,1,0,31.99045053,-97.13423143,48217.0,158.25806979726596,1.7241379310344829,57,58,1,0,57,51,36354,0,0,0,0,7
2020-06-27,US,Texas,Hockley,36,1,0,33.60771256,-102.3431676,48219.0,156.37895834238302,2.7777777777777777,35,36,1,0,35,33,22980,0,0,0,0,3
2020-06-27,US,Texas,Hood,57,4,0,32.42990927,-97.83242024,48221.0,92.46792012069496,7.0175438596491215,53,45,4,0,41,57,60537,12,0,0,12,-12
2020-06-27,US,Texas,Hopkins,54,1,0,33.14875072,-95.56351139,48223.0,145.6153597238701,1.851851851851852,53,53,1,0,52,52,36810,1,0,0,1,1
2020-06-27,US,Texas,Houston,160,0,0,31.31925973,-95.42226208,48225.0,696.6213862765587,0.0,160,159,0,0,159,157,23169,1,0,0,1,2
2020-06-27,US,Texas,Howard,34,1,0,32.30621324,-101.4356444,48227.0,92.7340170194196,2.9411764705882355,33,34,1,0,33,34,36459,0,0,0,0,0
2020-06-27,US,Texas,Hudspeth,15,0,0,31.45628381,-105.388178,48229.0,306.99959066721243,0.0,15,15,0,0,15,14,4795,0,0,0,0,1
2020-06-27,US,Texas,Hunt,364,6,0,33.12351514,-96.08551032,48231.0,369.1908229709719,1.6483516483516485,358,364,6,0,358,330,96493,0,0,0,0,34
2020-06-27,US,Texas,Hutchinson,57,0,0,35.84006574,-101.3546643,48233.0,272.2323049001815,0.0,57,56,0,0,56,55,21198,1,0,0,1,1
2020-06-27,US,Texas,Irion,2,0,0,31.30375559,-100.982439,48235.0,130.20833333333334,0.0,2,1,0,0,1,1,1522,1,0,0,1,0
2020-06-27,US,Texas,Jack,7,0,0,33.23377248,-98.17283469,48237.0,78.3435926133184,0.0,7,7,0,0,7,7,8843,0,0,0,0,0
2020-06-27,US,Texas,Jackson,39,1,0,28.95472367,-96.57749563,48239.0,264.2276422764228,2.5641025641025643,38,39,1,0,38,36,14874,0,0,0,0,3
2020-06-27,US,Texas,Jasper,43,1,0,30.74685667,-94.02667579,48241.0,121.0278927073658,2.3255813953488373,42,43,1,0,42,43,35872,0,0,0,0,0
2020-06-27,US,Texas,Jeff Davis,1,0,0,30.71490589,-104.1399973,48243.0,43.975373790677224,0.0,1,1,0,0,1,,2252,0,0,0,0,
2020-06-27,US,Texas,Jefferson,1621,32,0,29.8832777,-94.16434171,48245.0,644.3662671675313,1.974090067859346,1589,1539,32,0,1507,1520,255001,82,0,0,82,19
2020-06-27,US,Texas,Jim Hogg,13,0,0,27.04453923,-98.69681870000001,48247.0,250.0,0.0,13,12,0,0,12,10,5248,1,0,0,1,2
2020-06-27,US,Texas,Jim Wells,81,0,0,27.73103938,-98.0904705,48249.0,200.08892841262784,0.0,81,66,0,0,66,56,40822,15,0,0,15,10
2020-06-27,US,Texas,Johnson,372,4,0,32.37877812,-97.36615819,48251.0,211.58363525711394,1.075268817204301,368,314,4,0,310,314,171361,58,0,0,58,0
2020-06-27,US,Texas,Jones,607,0,0,32.73997145,-99.87861576,48253.0,3022.4568042623114,0.0,607,604,0,0,604,604,19817,3,0,0,3,0
2020-06-27,US,Texas,Karnes,21,0,0,28.90705334,-97.85960149,48255.0,134.60675597718094,0.0,21,19,0,0,19,17,15650,2,0,0,2,2
2020-06-27,US,Texas,Kaufman,518,4,0,32.599141700000004,-96.28734728,48257.0,380.4515475123757,0.7722007722007722,514,490,4,0,486,490,128622,28,0,0,28,0
2020-06-27,US,Texas,Kendall,61,0,0,29.94414155,-98.7113588,48259.0,128.6078724884569,0.0,61,58,0,0,58,58,45641,3,0,0,3,0
2020-06-27,US,Texas,Kerr,72,1,0,30.06040006,-99.34930144,48265.0,136.88212927756658,1.3888888888888888,71,70,1,0,69,66,52405,2,0,0,2,4
2020-06-27,US,Texas,Kimble,1,0,0,30.48678918,-99.74856473,48267.0,23.057412958266077,0.0,1,2,0,0,2,1,4362,-1,0,0,-1,1
2020-06-27,US,Texas,Kinney,2,0,0,29.34967888,-100.41866379999999,48271.0,54.5404963185165,0.0,2,2,0,0,2,2,3767,0,0,0,0,0
2020-06-27,US,Texas,Kleberg,42,1,0,27.42435506,-97.69894948,48273.0,136.89700130378097,2.380952380952381,41,35,1,0,34,33,31129,7,0,0,7,2
2020-06-27,US,Texas,Knox,1,0,0,33.60519951,-99.74229059999999,48275.0,27.29257641921397,0.0,1,1,0,0,1,1,3653,0,0,0,0,0
2020-06-27,US,Texas,La Salle,10,0,0,28.34453111,-99.09908775,48283.0,132.9787234042553,0.0,10,8,0,0,8,8,7531,2,0,0,2,0
2020-06-27,US,Texas,Lamar,244,13,0,33.66981763,-95.57404777,48277.0,489.3800517459235,5.327868852459017,231,244,13,0,231,238,49728,0,0,0,0,6
2020-06-27,US,Texas,Lamb,36,0,0,34.06859623,-102.35162890000001,48279.0,279.22128286667186,0.0,36,33,0,0,33,33,13158,3,0,0,3,0
2020-06-27,US,Texas,Lampasas,19,0,0,31.19531316,-98.24206613,48281.0,88.66903117416464,0.0,19,19,0,0,19,19,21229,0,0,0,0,0
2020-06-27,US,Texas,Lavaca,122,1,0,29.38508402,-96.93186692,48285.0,605.3388905428203,0.819672131147541,121,117,1,0,116,108,20110,5,0,0,5,9
2020-06-27,US,Texas,Lee,56,3,0,30.31120597,-96.97045773,48287.0,324.84482858634493,5.357142857142857,53,55,3,0,52,54,17144,1,0,0,1,1
2020-06-27,US,Texas,Leon,20,0,0,31.29872538,-95.9936328,48289.0,114.91611123879568,0.0,20,20,0,0,20,19,17270,0,0,0,0,1
2020-06-27,US,Texas,Liberty,262,3,0,30.15152688,-94.81205615,48291.0,296.988177150047,1.1450381679389312,259,236,3,0,233,212,86323,26,0,0,26,24
2020-06-27,US,Texas,Limestone,45,1,0,31.5454767,-96.58095444,48293.0,192.0040960873832,2.2222222222222223,44,43,1,0,42,42,23519,2,0,0,2,1
2020-06-27,US,Texas,Lipscomb,9,0,0,36.27783108,-100.27331509999999,48295.0,278.3792143519951,0.0,9,9,0,0,9,9,3355,0,0,0,0,0
2020-06-27,US,Texas,Live Oak,21,0,0,28.35101362,-98.1246786,48297.0,172.03244040304745,0.0,21,21,0,0,21,15,12166,0,0,0,0,6
2020-06-27,US,Texas,Llano,8,0,0,30.70645047,-98.68475262,48299.0,36.70566643725625,0.0,8,7,0,0,7,7,21646,1,0,0,1,0
2020-06-27,US,Texas,Lubbock,1916,51,0,33.61008596,-101.82047890000001,48303.0,616.9321471235056,2.661795407098121,1865,1795,51,0,1744,1665,307412,121,0,0,121,130
2020-06-27,US,Texas,Lynn,28,1,0,33.17657705,-101.8162849,48305.0,470.5091581246849,3.571428571428572,27,28,1,0,27,26,5877,0,0,0,0,2
2020-06-27,US,Texas,Madison,28,0,0,30.96694679,-95.93003775,48313.0,196.02352282273876,0.0,28,27,0,0,27,26,14422,1,0,0,1,1
2020-06-27,US,Texas,Marion,26,1,0,32.79868409,-94.35661230000001,48315.0,263.8522427440633,3.8461538461538463,25,25,1,0,24,23,9928,1,0,0,1,2
2020-06-27,US,Texas,Martin,11,1,0,32.30600051,-101.9513518,48317.0,190.6082134811991,9.090909090909092,10,9,1,0,8,9,5753,2,0,0,2,0
2020-06-27,US,Texas,Mason,33,0,0,30.71780434,-99.22629416,48319.0,772.1104351895182,0.0,33,33,0,0,33,33,4280,0,0,0,0,0
2020-06-27,US,Texas,Matagorda,149,5,0,28.81955746,-96.01230294,48321.0,406.62609502497065,3.355704697986577,144,136,5,0,131,131,36552,13,0,0,13,5
2020-06-27,US,Texas,Maverick,311,2,0,28.7429195,-100.3157686,48323.0,529.6141139606962,0.6430868167202572,309,290,2,0,288,282,58485,21,0,0,21,8
2020-06-27,US,Texas,McCulloch,11,0,0,31.1925468,-99.34682807,48307.0,137.77555110220442,0.0,11,8,0,0,8,7,7987,3,0,0,3,1
2020-06-27,US,Texas,McLennan,624,6,0,31.55255453,-97.20217694,48309.0,243.1582515986486,0.9615384615384616,618,552,6,0,546,473,254607,72,0,0,72,79
2020-06-27,US,Texas,Medina,254,2,0,29.355730100000002,-99.11030298,48325.0,492.40074441687347,0.7874015748031497,252,256,2,0,254,255,50921,-2,0,0,-2,1
2020-06-27,US,Texas,Menard,3,0,0,30.88990665,-99.82047940000001,48327.0,140.31805425631433,0.0,3,3,0,0,3,3,2139,0,0,0,0,0
2020-06-27,US,Texas,Midland,563,14,0,31.86904128,-102.03156820000001,48329.0,318.38128845457834,2.4866785079928952,549,494,14,0,480,494,172578,69,0,0,69,0
2020-06-27,US,Texas,Milam,80,1,0,30.78581830000001,-96.97718698,48331.0,322.28175482415503,1.25,79,78,1,0,77,73,25131,2,0,0,2,5
2020-06-27,US,Texas,Mills,1,0,0,31.49557106,-98.59272068,48333.0,20.521239482864765,0.0,1,1,0,0,1,1,4921,0,0,0,0,0
2020-06-27,US,Texas,Mitchell,4,0,0,32.30623474,-100.9212058,48335.0,46.81100058513751,0.0,4,4,0,0,4,4,8145,0,0,0,0,0
2020-06-27,US,Texas,Montague,17,1,0,33.67521893,-97.72500958,48337.0,85.78060349177515,5.882352941176472,16,17,1,0,16,17,19596,0,0,0,0,0
2020-06-27,US,Texas,Montgomery,1952,36,0,30.30079133,-95.50572772,48339.0,321.37453469017487,1.8442622950819672,1916,1952,36,0,1916,1889,590925,0,0,0,0,63
2020-06-27,US,Texas,Moore,888,15,0,35.83769242,-101.8930281,48341.0,4240.687679083095,1.6891891891891893,873,888,14,0,874,886,21485,0,1,0,-1,2
2020-06-27,US,Texas,Morris,37,0,0,33.11304005,-94.73255695,48343.0,298.67613819825635,0.0,37,37,0,0,37,37,12339,0,0,0,0,0
2020-06-27,US,Texas,Motley,1,0,0,34.07408766,-100.77972199999999,48345.0,83.33333333333333,0.0,1,1,0,0,1,1,1234,0,0,0,0,0
2020-06-27,US,Texas,Nacogdoches,379,26,0,31.62017125,-94.61803994,48347.0,581.2526838844243,6.860158311345646,353,370,26,0,344,360,65711,9,0,0,9,10
2020-06-27,US,Texas,Navarro,185,6,0,32.04620681,-96.47428766,48349.0,369.1656855506555,3.2432432432432434,179,177,5,0,172,170,49565,8,1,0,7,7
2020-06-27,US,Texas,Newton,12,0,0,30.78548982,-93.74408813,48351.0,88.26774549466715,0.0,12,12,0,0,12,12,13746,0,0,0,0,0
2020-06-27,US,Texas,Nolan,24,0,0,32.30365282,-100.4060208,48353.0,163.10996330025824,0.0,24,20,0,0,20,18,14751,4,0,0,4,2
2020-06-27,US,Texas,Nueces,1499,6,0,27.736286,-97.5433285,48355.0,413.7523668622721,0.40026684456304207,1493,1287,6,0,1281,1028,362265,212,0,0,212,259
2020-06-27,US,Texas,Ochiltree,53,2,0,36.27829105,-100.8158184,48357.0,538.8369255795038,3.7735849056603774,51,53,2,0,51,53,9947,0,0,0,0,0
2020-06-27,US,Texas,Oldham,4,1,0,35.40425596,-102.6027606,48359.0,189.3939393939394,25.0,3,4,1,0,3,4,2131,0,0,0,0,0
2020-06-27,US,Texas,Orange,198,3,0,30.11879481,-93.89412775,48361.0,237.4214590627848,1.5151515151515151,195,191,3,0,188,166,83572,7,0,0,7,25
2020-06-27,US,Texas,Palo Pinto,17,2,0,32.75310985,-98.31319001,48363.0,58.24111822947,11.764705882352944,15,17,2,0,15,17,28875,0,0,0,0,0
2020-06-27,US,Texas,Panola,209,25,0,32.163959600000005,-94.30552481,48365.0,901.0951108045184,11.961722488038278,184,209,25,0,184,209,23148,0,0,0,0,0
2020-06-27,US,Texas,Parker,260,1,0,32.77757172,-97.80500621,48367.0,181.9734318789457,0.38461538461538464,259,177,1,0,176,177,138371,83,0,0,83,0
2020-06-27,US,Texas,Parmer,188,8,0,34.52993409,-102.78446679999999,48369.0,1957.3138990109321,4.25531914893617,180,184,5,0,179,174,9864,4,3,0,1,10
2020-06-27,US,Texas,Pecos,120,0,0,30.78097267,-102.72412609999999,48371.0,758.3896859002717,0.0,120,116,0,0,116,116,15673,4,0,0,4,0
2020-06-27,US,Texas,Polk,106,0,0,30.79472531,-94.82766240000001,48373.0,206.4144256421241,0.0,106,106,0,0,106,95,50031,0,0,0,0,11
2020-06-27,US,Texas,Potter,2858,39,0,35.40133773,-101.893964,48375.0,2434.1012647447087,1.364590622813156,2819,2854,39,0,2815,2843,119648,4,0,0,4,11
2020-06-27,US,Texas,Presidio,15,0,0,29.99954402,-104.24080790000001,48377.0,223.7470167064439,0.0,15,14,0,0,14,14,6948,1,0,0,1,0
2020-06-27,US,Texas,Rains,8,0,0,32.87109387,-95.79232691,48379.0,63.9284001917852,0.0,8,8,0,0,8,8,12159,0,0,0,0,0
2020-06-27,US,Texas,Randall,825,6,0,34.96585996,-101.8971322,48381.0,599.071983037186,0.7272727272727273,819,821,6,0,815,809,136271,4,0,0,4,12
2020-06-27,US,Texas,Reagan,2,0,0,31.36607041,-101.52326590000001,48383.0,51.96154845414394,0.0,2,3,0,0,3,2,3741,-1,0,0,-1,1
2020-06-27,US,Texas,Real,1,0,0,29.83321503,-99.82018052,48385.0,28.968713789107767,0.0,1,1,0,0,1,1,3478,0,0,0,0,0
2020-06-27,US,Texas,Red River,105,10,0,33.61886692,-95.04841765,48387.0,873.3261249272227,9.523809523809524,95,105,10,0,95,101,12175,0,0,0,0,4
2020-06-27,US,Texas,Reeves,19,0,0,31.32323325,-103.69038959999999,48389.0,118.9283925888833,0.0,19,19,0,0,19,18,15695,0,0,0,0,1
2020-06-27,US,Texas,Refugio,10,0,0,28.323897600000002,-97.15766311,48391.0,143.92630972941853,0.0,10,10,0,0,10,10,7032,0,0,0,0,0
2020-06-27,US,Texas,Roberts,3,0,0,35.83809685,-100.813175,48393.0,351.28805620608904,0.0,3,3,0,0,3,3,903,0,0,0,0,0
2020-06-27,US,Texas,Robertson,34,0,0,31.02539637,-96.51272246,48395.0,199.13318495958768,0.0,34,34,0,0,34,33,17284,0,0,0,0,1
2020-06-27,US,Texas,Rockwall,331,16,0,32.89779518,-96.40771592,48397.0,315.49349473383216,4.833836858006042,315,276,16,0,260,276,100657,55,0,0,55,0
2020-06-27,US,Texas,Runnels,5,0,0,31.8314342,-99.97616148,48399.0,48.71395167575994,0.0,5,5,0,0,5,5,10234,0,0,0,0,0
2020-06-27,US,Texas,Rusk,264,3,0,32.10773545,-94.76176432,48401.0,485.24059846340487,1.1363636363636365,261,265,3,0,262,262,54450,-1,0,0,-1,3
2020-06-27,US,Texas,Sabine,21,1,0,31.34318809,-93.85440451,48403.0,199.20318725099602,4.761904761904762,20,21,1,0,20,21,10589,0,0,0,0,0
2020-06-27,US,Texas,San Augustine,103,7,0,31.39457611,-94.17000399,48405.0,1250.455262838412,6.7961165048543695,96,103,7,0,96,101,8232,0,0,0,0,2
2020-06-27,US,Texas,San Jacinto,31,0,0,30.57933681,-95.16260304,48407.0,107.418829481271,0.0,31,29,0,0,29,28,28719,2,0,0,2,1
2020-06-27,US,Texas,San Patricio,109,0,0,28.00880118,-97.51763891,48409.0,163.34482241870222,0.0,109,101,0,0,101,96,66893,8,0,0,8,5
2020-06-27,US,Texas,San Saba,4,0,0,31.1577796,-98.81758731,48411.0,66.06110652353426,0.0,4,4,0,0,4,4,6054,0,0,0,0,0
2020-06-27,US,Texas,Schleicher,14,0,0,30.89740592,-100.5384842,48413.0,501.25313283208015,0.0,14,12,0,0,12,12,2895,2,0,0,2,0
2020-06-27,US,Texas,Scurry,32,0,0,32.74613808,-100.91626640000001,48415.0,191.58235047596241,0.0,32,32,0,0,32,32,16866,0,0,0,0,0
2020-06-27,US,Texas,Shackelford,1,0,0,32.73587756,-99.35401337,48417.0,30.627871362940283,0.0,1,1,0,0,1,1,3253,0,0,0,0,0
2020-06-27,US,Texas,Shelby,275,9,0,31.79211404,-94.14550696,48419.0,1088.0747012740367,3.272727272727273,266,266,9,0,257,263,25418,9,0,0,9,3
2020-06-27,US,Texas,Sherman,30,0,0,36.27751473,-101.8933156,48421.0,992.7200529450696,0.0,30,30,0,0,30,30,3079,0,0,0,0,0
2020-06-27,US,Texas,Smith,455,4,0,32.37474036,-95.27175679999999,48423.0,195.48788189954072,0.8791208791208791,451,455,4,0,451,422,230221,0,0,0,0,33
2020-06-27,US,Texas,Somervell,5,0,0,32.22236802,-97.77403489,48425.0,54.77651183172656,0.0,5,5,0,0,5,5,9016,0,0,0,0,0
2020-06-27,US,Texas,Starr,483,3,0,26.56150059,-98.73892358,48427.0,747.2962728018196,0.6211180124223602,480,483,3,0,480,457,64525,0,0,0,0,26
2020-06-27,US,Texas,Stephens,7,0,0,32.73553157,-98.83631615,48429.0,74.73841554559044,0.0,7,7,0,0,7,7,9433,0,0,0,0,0
2020-06-27,US,Texas,Sutton,3,0,0,30.49856623,-100.5382014,48435.0,79.4491525423729,0.0,3,3,0,0,3,3,3758,0,0,0,0,0
2020-06-27,US,Texas,Swisher,31,1,0,34.53028891,-101.73491740000001,48437.0,419.08881979180745,3.2258064516129035,30,28,1,0,27,26,7462,3,0,0,3,2
2020-06-27,US,Texas,Tarrant,11083,224,0,32.77143818,-97.29101614,48439.0,527.1306031110362,2.0211134169448703,10859,10706,222,0,10484,10363,2084931,377,2,0,375,343
2020-06-27,US,Texas,Taylor,346,5,0,32.30163422,-99.89007449,48441.0,250.6628801599606,1.4450867052023122,341,339,5,0,334,318,137640,7,0,0,7,21
2020-06-27,US,Texas,Terrell,1,0,0,30.22429013,-102.0766732,48443.0,128.86597938144328,0.0,1,1,0,0,1,1,823,0,0,0,0,0
2020-06-27,US,Texas,Terry,16,0,0,33.17402785,-102.3354521,48445.0,129.69117289454488,0.0,16,16,0,0,16,15,12287,0,0,0,0,1
2020-06-27,US,Texas,Throckmorton,1,0,0,33.17751417,-99.21226795,48447.0,66.62225183211193,0.0,1,1,0,0,1,1,1515,0,0,0,0,0
2020-06-27,US,Texas,Titus,766,5,0,33.21339719,-94.96797273,48449.0,2338.9312977099235,0.6527415143603134,761,766,5,0,761,763,33033,0,0,0,0,3
2020-06-27,US,Texas,Tom Green,342,2,0,31.40464436,-100.46244300000001,48451.0,286.9127516778523,0.5847953216374269,340,311,2,0,309,282,118189,31,0,0,31,29
2020-06-27,US,Texas,Travis,7097,116,0,30.33432034,-97.78535620000001,48453.0,557.0844787174418,1.6344934479357476,6981,7097,116,0,6981,6914,1248743,0,0,0,0,183
2020-06-27,US,Texas,Trinity,32,0,0,31.0879489,-95.1367187,48455.0,218.4151252474234,0.0,32,28,0,0,28,28,14740,4,0,0,4,0
2020-06-27,US,Texas,Tyler,21,0,0,30.77031716,-94.37690895,48457.0,96.89922480620156,0.0,21,21,0,0,21,21,21696,0,0,0,0,0
2020-06-27,US,Texas,Upshur,46,0,0,32.73706798,-94.93999853,48459.0,110.17172418748352,0.0,46,46,0,0,46,46,41260,0,0,0,0,0
2020-06-27,US,Texas,Upton,2,0,0,31.36868194,-102.0423217,48461.0,54.689636313918506,0.0,2,2,0,0,2,2,3671,0,0,0,0,0
2020-06-27,US,Texas,Uvalde,62,1,0,29.35739637,-99.76229172,48463.0,231.85370778953663,1.6129032258064515,61,58,1,0,57,48,26846,4,0,0,4,10
2020-06-27,US,Texas,Val Verde,123,0,0,29.89149232,-101.1525205,48465.0,250.8924018357981,0.0,123,123,0,0,123,123,49208,0,0,0,0,0
2020-06-27,US,Texas,Van Zandt,71,3,0,32.56483801,-95.83766469,48467.0,125.46386287329916,4.225352112676056,68,71,3,0,68,65,56019,0,0,0,0,6
2020-06-27,US,Texas,Victoria,480,8,0,28.79780988,-96.96813006,48469.0,521.2631944746101,1.6666666666666667,472,372,8,0,364,372,92035,108,0,0,108,0
2020-06-27,US,Texas,Walker,1961,28,0,30.73872995,-95.57440968,48471.0,2687.368954790259,1.4278429372768997,1933,1950,28,0,1922,1960,72480,11,0,0,11,-10
2020-06-27,US,Texas,Waller,133,0,0,30.01058447,-95.99011759,48473.0,240.74141114288815,0.0,133,132,0,0,132,132,53126,1,0,0,1,0
2020-06-27,US,Texas,Ward,14,0,0,31.50999644,-103.09279090000001,48475.0,116.68611435239208,0.0,14,12,0,0,12,11,11720,2,0,0,2,1
2020-06-27,US,Texas,Washington,260,31,0,30.21498498,-96.40946246,48477.0,724.5972911208963,11.923076923076925,229,247,31,0,216,244,35108,13,0,0,13,3
2020-06-27,US,Texas,Webb,1212,23,0,27.7610369,-99.33237355,48479.0,438.09551349710097,1.8976897689768977,1189,1101,23,0,1078,1045,275910,111,0,0,111,56
2020-06-27,US,Texas,Wharton,181,1,0,29.27765923,-96.22319248,48481.0,435.55683896428917,0.5524861878453039,180,163,1,0,162,147,41619,18,0,0,18,16
2020-06-27,US,Texas,Wheeler,16,0,0,35.40114335,-100.26995140000001,48483.0,316.4556962025317,0.0,16,16,0,0,16,16,5191,0,0,0,0,0
2020-06-27,US,Texas,Wichita,270,2,0,33.98842886,-98.70410340000001,48485.0,204.18966951523862,0.7407407407407407,268,270,2,0,268,250,132064,0,0,0,0,20
2020-06-27,US,Texas,Wilbarger,9,0,0,34.07945812,-99.24178437,48487.0,70.48320150364164,0.0,9,9,0,0,9,9,12820,0,0,0,0,0
2020-06-27,US,Texas,Willacy,129,3,0,26.47411727,-97.61535848,48489.0,603.9891375596967,2.3255813953488373,126,125,3,0,122,118,21515,4,0,0,4,7
2020-06-27,US,Texas,Williamson,1850,35,0,30.64655664,-97.60048540000001,48491.0,313.26676273514056,1.891891891891892,1815,1770,35,0,1735,1702,566719,80,0,0,80,68
2020-06-27,US,Texas,Wilson,88,5,0,29.1732598,-98.08693082,48493.0,172.31251223810455,5.6818181818181825,83,83,5,0,78,83,50224,5,0,0,5,0
2020-06-27,US,Texas,Winkler,14,0,0,31.85008651,-103.04851629999999,48495.0,174.78152309612983,0.0,14,12,0,0,12,10,7720,2,0,0,2,2
2020-06-27,US,Texas,Wise,90,5,0,33.21570665,-97.65460265,48497.0,128.6008230452675,5.5555555555555545,85,88,5,0,83,88,68305,2,0,0,2,0
2020-06-27,US,Texas,Wood,78,5,0,32.78722382,-95.38236368,48499.0,171.2817584927205,6.410256410256411,73,78,5,0,73,77,45129,0,0,0,0,1
2020-06-27,US,Texas,Yoakum,21,0,0,33.17320212,-102.82764329999999,48501.0,241.0191667623092,0.0,21,21,0,0,21,19,8591,0,0,0,0,2
2020-06-27,US,Texas,Young,22,1,0,33.17659707,-98.68790885,48503.0,122.15435868961687,4.545454545454546,21,22,1,0,21,22,18045,0,0,0,0,0
2020-06-27,US,Texas,Zapata,44,0,0,27.00156391,-99.16987152,48505.0,310.3180760279286,0.0,44,42,0,0,42,41,14190,2,0,0,2,1
2020-06-27,US,Texas,Zavala,19,0,0,28.86617238,-99.76050829,48507.0,160.47297297297297,0.0,19,18,0,0,18,17,11983,1,0,0,1,1
2020-06-27,US,Utah,Bear River,1454,2,0,41.52106798,-113.08328159999999,0.0,778.2975944502135,0.1375515818431912,1452,1425,2,0,1423,1381,,29,0,0,29,44
2020-06-27,US,Utah,Central Utah,134,0,0,39.37231946,-111.5758676,0.0,163.5063572247846,0.0,134,127,0,0,127,117,,7,0,0,7,10
2020-06-27,US,Utah,Davis,1080,4,0,40.99001837,-112.1139997,49011.0,303.81370593646363,0.3703703703703704,1076,1036,4,0,1032,989,351713,44,0,0,44,47
2020-06-27,US,Utah,Salt Lake,10417,106,0,40.66616532,-111.92160109999999,49035.0,897.6790640077832,1.017567437841989,10311,10102,106,0,9996,9763,1152633,315,0,0,315,339
2020-06-27,US,Utah,San Juan,399,8,0,37.62762978,-109.80337140000002,49037.0,2606.480271753332,2.0050125313283207,391,395,7,0,388,391,15449,4,1,0,3,4
2020-06-27,US,Utah,Southeast Utah,34,0,0,38.99617072,-110.70139579999999,0.0,84.51614506947725,0.0,34,33,0,0,33,32,,1,0,0,1,1
2020-06-27,US,Utah,Southwest Utah,1361,10,0,37.85447192,-111.4418764,0.0,539.9893668515565,0.7347538574577517,1351,1302,10,0,1292,1258,,59,0,0,59,44
2020-06-27,US,Utah,Summit,482,0,0,40.86688146,-110.9535882,49043.0,1143.670660813857,0.0,482,480,0,0,480,477,41933,2,0,0,2,3
2020-06-27,US,Utah,Tooele,225,0,0,40.44862644,-113.12957150000001,49045.0,311.37989731382936,0.0,225,222,0,0,222,212,69907,3,0,0,3,10
2020-06-27,US,Utah,TriCounty,46,0,0,40.12491499,-109.5174415,0.0,81.24050722334077,0.0,46,45,0,0,45,42,,1,0,0,1,3
2020-06-27,US,Utah,Utah,3751,22,0,40.116672200000004,-111.66576620000001,49049.0,589.5620328966497,0.5865102639296188,3729,3675,22,0,3653,3541,622213,76,0,0,76,134
2020-06-27,US,Utah,Wasatch,399,3,0,40.33110236,-111.1691419,49051.0,1170.3968789416565,0.7518796992481203,396,394,3,0,391,392,33240,5,0,0,5,2
2020-06-27,US,Utah,Weber-Morgan,846,12,0,41.27116049,-111.9145117,0.0,310.6445323257582,1.4184397163120568,834,814,12,0,802,779,,32,0,0,32,35
2020-06-27,US,Vermont,Addison,68,2,0,44.03217337,-73.14130877,50001.0,184.8981700519346,2.9411764705882355,66,68,2,0,66,68,36973,0,0,0,0,0
2020-06-27,US,Vermont,Bennington,71,1,0,43.03519828,-73.09048868,50003.0,200.1691570341133,1.4084507042253518,70,71,1,0,70,70,35631,0,0,0,0,1
2020-06-27,US,Vermont,Caledonia,19,0,0,44.46548598,-72.10314651,50005.0,63.34811456006401,0.0,19,19,0,0,19,19,30302,0,0,0,0,0
2020-06-27,US,Vermont,Chittenden,601,39,0,44.46322849,-73.08359212,50007.0,366.969115976895,6.4891846921797,562,601,39,0,562,599,164572,0,0,0,0,2
2020-06-27,US,Vermont,Essex,3,0,0,44.72736416,-71.73579864,50009.0,48.67759208177836,0.0,3,3,0,0,3,3,6250,0,0,0,0,0
2020-06-27,US,Vermont,Franklin,104,6,0,44.85627605,-72.91249563,50011.0,210.51779280191087,5.769230769230768,98,103,6,0,97,103,49421,1,0,0,1,0
2020-06-27,US,Vermont,Grand Isle,10,0,0,44.797582399999996,-73.29679772,50013.0,138.217000691085,0.0,10,10,0,0,10,10,7090,0,0,0,0,0
2020-06-27,US,Vermont,Lamoille,30,1,0,44.60353043,-72.64356694,50015.0,118.28720132481665,3.333333333333333,29,30,1,0,29,30,25300,0,0,0,0,0
2020-06-27,US,Vermont,Orange,9,0,0,44.00470222,-72.37640104,50017.0,31.150491485532328,0.0,9,9,0,0,9,9,28999,0,0,0,0,0
2020-06-27,US,Vermont,Orleans,14,0,0,44.82964024,-72.24562697,50019.0,51.78089285053815,0.0,14,14,0,0,14,14,26907,0,0,0,0,0
2020-06-27,US,Vermont,Rutland,73,1,0,43.57723578,-73.03741676,50021.0,125.44895258716984,1.3698630136986298,72,73,1,0,72,71,58672,0,0,0,0,2
2020-06-27,US,Vermont,Unassigned,5,0,0,0.0,0.0,90050.0,0.0,0.0,5,5,0,0,5,5,,0,0,0,0,0
2020-06-27,US,Vermont,Washington,41,1,0,44.27343241,-72.61604978,50023.0,70.19466178157475,2.4390243902439024,40,41,1,0,40,41,58140,0,0,0,0,0
2020-06-27,US,Vermont,Windham,94,3,0,42.986982,-72.71268875,50025.0,222.6327506986879,3.191489361702128,91,93,3,0,90,93,42756,1,0,0,1,0
2020-06-27,US,Vermont,Windsor,58,2,0,43.58010937,-72.58595157,50027.0,105.3358032763067,3.4482758620689653,56,58,2,0,56,56,55286,0,0,0,0,2
2020-06-27,US,Virginia,Accomack,1039,14,0,37.76707161,-75.63234615,51001.0,3215.1256343606883,1.3474494706448508,1025,1037,14,0,1023,1037,32412,2,0,0,2,0
2020-06-27,US,Virginia,Albemarle,382,8,0,38.02080697,-78.55481085,51003.0,349.40089636879173,2.094240837696335,374,374,8,0,366,367,108718,8,0,0,8,7
2020-06-27,US,Virginia,Alexandria,2303,57,0,38.814003,-77.08183073,51510.0,1444.5392277391675,2.4750325662179766,2246,2287,56,0,2231,2271,160530,16,1,0,15,16
2020-06-27,US,Virginia,Alleghany,31,2,0,37.78636074,-80.00222498,51005.0,208.6137281292059,6.451612903225807,29,31,2,0,29,31,14910,0,0,0,0,0
2020-06-27,US,Virginia,Amelia,42,1,0,37.34081025,-77.98584649,51007.0,319.5131228604032,2.380952380952381,41,42,1,0,41,42,13013,0,0,0,0,0
2020-06-27,US,Virginia,Amherst,35,0,0,37.60308293,-79.14548696,51009.0,110.74197120708747,0.0,35,35,0,0,35,32,31666,0,0,0,0,3
2020-06-27,US,Virginia,Appomattox,38,0,0,37.37569884,-78.81340003,51011.0,238.82848343913017,0.0,38,38,0,0,38,37,15841,0,0,0,0,1
2020-06-27,US,Virginia,Arlington,2454,132,0,38.8767675,-77.10139853,51013.0,1036.1337938372417,5.378973105134474,2322,2449,132,0,2317,2445,237521,5,0,0,5,4
2020-06-27,US,Virginia,Augusta,179,2,0,38.16404586,-79.12461614,51015.0,236.9041001614653,1.11731843575419,177,179,2,0,177,178,75457,0,0,0,0,1
2020-06-27,US,Virginia,Bedford,107,3,0,37.3080028,-79.5281964,51019.0,135.44818157651557,2.803738317757009,104,107,3,0,104,106,78747,0,0,0,0,1
2020-06-27,US,Virginia,Bland,2,0,0,37.13128068,-81.13599391,51021.0,31.84713375796178,0.0,2,2,0,0,2,2,6293,0,0,0,0,0
2020-06-27,US,Virginia,Botetourt,69,4,0,37.55531756,-79.80982182,51023.0,206.4693737095664,5.797101449275362,65,69,4,0,65,69,33277,0,0,0,0,0
2020-06-27,US,Virginia,Bristol,4,0,0,36.616302399999995,-82.16359122,51520.0,23.863500775563768,0.0,4,4,0,0,4,4,16482,0,0,0,0,0
2020-06-27,US,Virginia,Brunswick,99,1,0,36.76366949,-77.8593436,51025.0,609.9439344464297,1.0101010101010102,98,96,1,0,95,96,16384,3,0,0,3,0
2020-06-27,US,Virginia,Buchanan,31,0,0,37.26818323,-82.03749726,51027.0,147.59093505998857,0.0,31,18,0,0,18,18,21221,13,0,0,13,0
2020-06-27,US,Virginia,Buckingham,556,4,0,37.57242268,-78.52518834,51029.0,3242.360625145789,0.7194244604316546,552,555,4,0,551,555,16999,1,0,0,1,0
2020-06-27,US,Virginia,Buena Vista,14,0,0,37.73484642,-79.35296097,51530.0,216.11608521148503,0.0,14,14,0,0,14,14,6237,0,0,0,0,0
2020-06-27,US,Virginia,Campbell,41,1,0,37.20553386,-79.09678609,51031.0,74.70164890225016,2.4390243902439024,40,41,1,0,40,34,54973,0,0,0,0,7
2020-06-27,US,Virginia,Caroline,128,4,0,38.02679129,-77.34901405,51033.0,416.5988608624898,3.125,124,128,4,0,124,126,30772,0,0,0,0,2
2020-06-27,US,Virginia,Carroll,203,8,0,36.73066666,-80.73455942,51035.0,681.4138498204155,3.940886699507389,195,198,6,0,192,200,29636,5,2,0,3,-2
2020-06-27,US,Virginia,Charles City,39,3,0,37.35358063,-77.05634116,51036.0,560.1034037052996,7.6923076923076925,36,39,3,0,36,39,6941,0,0,0,0,0
2020-06-27,US,Virginia,Charlotte,30,0,0,37.01909701,-78.66314092,51037.0,252.52525252525248,0.0,30,30,0,0,30,30,11938,0,0,0,0,0
2020-06-27,US,Virginia,Charlottesville,200,3,0,38.03527919,-78.48569588,51540.0,423.1371387466678,1.5,197,196,3,0,193,193,48117,4,0,0,4,3
2020-06-27,US,Virginia,Chesapeake,854,20,0,36.67670048,-76.30545744,51550.0,348.80633896297513,2.34192037470726,834,846,18,0,828,800,242634,8,2,0,6,46
2020-06-27,US,Virginia,Chesterfield,2842,49,0,37.37373208,-77.58680140000001,51041.0,805.550988939972,1.7241379310344829,2793,2784,49,0,2735,2735,348556,58,0,0,58,49
2020-06-27,US,Virginia,Clarke,49,0,0,39.11271747,-77.99199425,51043.0,335.1802448867912,0.0,49,48,0,0,48,47,14523,1,0,0,1,1
2020-06-27,US,Virginia,Colonial Heights,143,17,0,37.26420587,-77.39609676,51570.0,823.2584916522742,11.888111888111887,126,142,17,0,125,142,17833,1,0,0,1,0
2020-06-27,US,Virginia,Covington,3,0,0,37.7824656,-79.98631446,51580.0,54.17118093174431,0.0,3,3,0,0,3,3,5460,0,0,0,0,0
2020-06-27,US,Virginia,Craig,6,0,0,37.48133648,-80.21072274,51045.0,116.93626973299551,0.0,6,6,0,0,6,6,5064,0,0,0,0,0
2020-06-27,US,Virginia,Culpeper,807,10,0,38.48199985,-77.95630870000002,51047.0,1534.0747077274027,1.2391573729863692,797,806,9,0,797,803,51859,1,1,0,0,3
2020-06-27,US,Virginia,Cumberland,50,0,0,37.51328851,-78.24398086,51049.0,503.4232782923882,0.0,50,51,0,0,51,51,9809,-1,0,0,-1,0
2020-06-27,US,Virginia,Danville,79,2,0,36.58022376,-79.40395668,51590.0,197.28298871241637,2.5316455696202533,77,77,2,0,75,73,40693,2,0,0,2,4
2020-06-27,US,Virginia,Dickenson,3,0,0,37.12560977,-82.35124171,51051.0,20.952647017739906,0.0,3,1,0,0,1,1,14523,2,0,0,2,0
2020-06-27,US,Virginia,Dinwiddie,141,0,0,37.07544585,-77.63451754,51053.0,493.9742152466368,0.0,141,131,0,0,131,129,28529,10,0,0,10,2
2020-06-27,US,Virginia,Emporia,133,10,0,36.69455571,-77.53406129,51595.0,2487.841376730265,7.518796992481202,123,127,6,0,121,124,5121,6,4,0,2,3
2020-06-27,US,Virginia,Essex,56,0,0,37.93357639,-76.94230311,51057.0,511.2754496484982,0.0,56,56,0,0,56,54,10919,0,0,0,0,2
2020-06-27,US,Virginia,Fairfax,13728,468,0,38.83677558,-77.27565836,51059.0,1196.306508228093,3.4090909090909087,13260,13653,463,0,13190,13611,1150795,75,5,0,70,42
2020-06-27,US,Virginia,Fairfax,13728,468,0,38.83677558,-77.27565836,51059.0,1196.306508228093,3.4090909090909087,13260,13653,463,0,13190,13611,24574,75,5,0,70,42
2020-06-27,US,Virginia,Fairfax City,70,7,0,38.85157547,-77.29779640000002,51600.0,291.4359465423206,10.0,63,69,7,0,62,69,24574,1,0,0,1,0
2020-06-27,US,Virginia,Falls Church,56,7,0,38.88485255,-77.17560759,51610.0,383.1155503865362,12.5,49,56,7,0,49,57,14772,0,0,0,0,-1
2020-06-27,US,Virginia,Fauquier,417,6,0,38.73564842,-77.80647472,51061.0,585.4932464687878,1.4388489208633093,411,416,6,0,410,415,70675,1,0,0,1,1
2020-06-27,US,Virginia,Floyd,15,1,0,36.9302126,-80.36738849,51063.0,95.24414248523716,6.666666666666668,14,15,1,0,14,14,15795,0,0,0,0,1
2020-06-27,US,Virginia,Fluvanna,109,6,0,37.84157909,-78.27715475,51065.0,399.7066373303997,5.504587155963303,103,109,6,0,103,107,26783,0,0,0,0,2
2020-06-27,US,Virginia,Franklin,60,1,0,36.99536167,-79.88023649,51067.0,107.06256022269012,1.6666666666666667,59,54,1,0,53,53,56195,6,0,0,6,1
2020-06-27,US,Virginia,Franklin,60,1,0,36.99536167,-79.88023649,51067.0,107.06256022269012,1.6666666666666667,59,54,1,0,53,53,8013,6,0,0,6,1
2020-06-27,US,Virginia,Franklin City,47,2,0,36.6831435,-76.93859681,51620.0,589.9334755867957,4.25531914893617,45,46,2,0,44,46,8013,1,0,0,1,0
2020-06-27,US,Virginia,Frederick,479,5,0,39.20172582,-78.25974949,51069.0,536.3161017992902,1.0438413361169103,474,465,4,0,461,464,88355,14,1,0,13,1
2020-06-27,US,Virginia,Fredericksburg,239,0,0,38.2977863,-77.4922454,51630.0,823.1161316985811,0.0,239,238,0,0,238,236,29144,1,0,0,1,2
2020-06-27,US,Virginia,Galax,244,13,0,36.66601852,-80.91703124,51640.0,3844.335906727588,5.327868852459017,231,243,13,0,230,238,6423,1,0,0,1,5
2020-06-27,US,Virginia,Giles,8,0,0,37.31234791,-80.70636931,51071.0,47.84688995215311,0.0,8,8,0,0,8,8,16844,0,0,0,0,0
2020-06-27,US,Virginia,Gloucester,44,1,0,37.40809042,-76.53524337,51073.0,117.81086001927814,2.272727272727273,43,47,1,0,46,46,37349,-3,0,0,-3,1
2020-06-27,US,Virginia,Goochland,118,6,0,37.71714806,-77.90381514,51075.0,496.7793541868396,5.084745762711863,112,118,6,0,112,118,23244,0,0,0,0,0
2020-06-27,US,Virginia,Grayson,84,2,0,36.65677234,-81.23215889,51077.0,540.1929260450161,2.380952380952381,82,84,2,0,82,81,15631,0,0,0,0,3
2020-06-27,US,Virginia,Greene,60,1,0,38.29545894,-78.46525378,51079.0,302.739795146072,1.6666666666666667,59,57,1,0,56,57,19779,3,0,0,3,0
2020-06-27,US,Virginia,Greensville,355,7,0,36.67878901,-77.56351439,51081.0,3131.616090331687,1.971830985915493,348,352,7,0,345,351,11627,3,0,0,3,1
2020-06-27,US,Virginia,Halifax,49,1,0,36.76654925,-78.93512622,51083.0,144.49588629058417,2.0408163265306123,48,42,1,0,41,41,34120,7,0,0,7,1
2020-06-27,US,Virginia,Hampton,305,5,0,37.03513786,-76.35879121,51650.0,226.74894059921195,1.639344262295082,300,296,5,0,291,281,134313,9,0,0,9,15
2020-06-27,US,Virginia,Hanover,416,26,0,37.7583355,-77.49464673,51085.0,386.0215652432122,6.25,390,415,25,0,390,412,107239,1,1,0,0,3
2020-06-27,US,Virginia,Harrisonburg,925,23,0,38.43542574,-78.87536254,51660.0,1744.75629998491,2.4864864864864864,902,913,23,0,890,907,54033,12,0,0,12,6
2020-06-27,US,Virginia,Henrico,2560,141,0,37.53460572,-77.39326555,51087.0,773.8393920524277,5.5078125,2419,2543,141,0,2402,2500,329261,17,0,0,17,43
2020-06-27,US,Virginia,Henry,243,4,0,36.68542395,-79.87634026,51089.0,480.6456079276856,1.6460905349794241,239,237,4,0,233,232,50953,6,0,0,6,5
2020-06-27,US,Virginia,Highland,3,0,0,38.35799465,-79.56124594,51091.0,136.98630136986299,0.0,3,3,0,0,3,3,2210,0,0,0,0,0
2020-06-27,US,Virginia,Hopewell,169,2,0,37.29186313,-77.29754684,51670.0,750.1442585112521,1.183431952662722,167,163,2,0,161,163,22596,6,0,0,6,0
2020-06-27,US,Virginia,Isle of Wight,177,8,0,36.90579348,-76.70842863,51093.0,476.9732409927512,4.519774011299434,169,169,8,0,161,168,36953,8,0,0,8,1
2020-06-27,US,Virginia,James City,252,15,0,37.31156958,-76.76950618,51095.0,329.3127556420945,5.9523809523809526,237,251,15,0,236,248,76397,1,0,0,1,3
2020-06-27,US,Virginia,King George,97,4,0,38.26818502,-77.15852768,51099.0,361.4547622596512,4.123711340206185,93,98,4,0,94,96,26575,-1,0,0,-1,2
2020-06-27,US,Virginia,King William,40,0,0,37.70965316,-77.09384941,51101.0,233.2633543270352,0.0,40,40,0,0,40,38,16939,0,0,0,0,2
2020-06-27,US,Virginia,King and Queen,23,1,0,37.71044922,-76.88689628,51097.0,327.40213523131666,4.3478260869565215,22,23,1,0,22,24,7042,0,0,0,0,-1
2020-06-27,US,Virginia,Lancaster,10,0,0,37.71889653,-76.46400482,51103.0,94.3129303027445,0.0,10,10,0,0,10,12,10783,0,0,0,0,-2
2020-06-27,US,Virginia,Lee,9,0,0,36.70586667,-83.12606515,51105.0,38.42377150663877,0.0,9,9,0,0,9,9,23541,0,0,0,0,0
2020-06-27,US,Virginia,Lexington,10,0,0,37.78258621,-79.44262866,51678.0,134.30029546065,0.0,10,10,0,0,10,10,7136,0,0,0,0,0
2020-06-27,US,Virginia,Loudoun,3890,86,0,39.08990083,-77.63481877,51107.0,940.6632522283321,2.210796915167095,3804,3806,86,0,3720,3739,406850,84,0,0,84,67
2020-06-27,US,Virginia,Louisa,117,1,0,37.97850256,-77.96274807,51109.0,311.2447128301987,0.8547008547008547,116,114,1,0,113,112,36778,3,0,0,3,2
2020-06-27,US,Virginia,Lunenburg,30,0,0,36.94618528,-78.24133319,51111.0,245.98228927517215,0.0,30,29,0,0,29,30,12086,1,0,0,1,-1
2020-06-27,US,Virginia,Lynchburg,132,1,0,37.40021399,-79.19888138,51680.0,160.64648038165708,0.7575757575757576,131,132,1,0,131,122,82126,0,0,0,0,10
2020-06-27,US,Virginia,Madison,43,1,0,38.41531222,-78.28220331,51113.0,324.2591056481412,2.3255813953488373,42,43,1,0,42,43,13295,0,0,0,0,0
2020-06-27,US,Virginia,Manassas,1382,16,0,38.7464321,-77.48509905,51683.0,3363.758062553243,1.1577424023154848,1366,1379,16,0,1363,1374,41641,3,0,0,3,5
2020-06-27,US,Virginia,Manassas Park,422,5,0,38.77058531,-77.44399307,51685.0,2414.4638974711065,1.1848341232227488,417,419,5,0,414,417,17307,3,0,0,3,2
2020-06-27,US,Virginia,Martinsville,70,1,0,36.68212094,-79.86352771,51690.0,557.5912059901227,1.4285714285714286,69,70,1,0,69,70,12902,0,0,0,0,0
2020-06-27,US,Virginia,Mathews,5,0,0,37.44164146,-76.34098896,51115.0,56.599501924383055,0.0,5,5,0,0,5,5,8802,0,0,0,0,0
2020-06-27,US,Virginia,Mecklenburg,240,26,0,36.67882005,-78.36131056,51117.0,784.6470722856116,10.833333333333336,214,238,26,0,212,238,30650,2,0,0,2,0
2020-06-27,US,Virginia,Middlesex,15,0,0,37.63191998,-76.55064617,51119.0,141.75014175014175,0.0,15,15,0,0,15,15,10769,0,0,0,0,0
2020-06-27,US,Virginia,Montgomery,126,2,0,37.17746986,-80.37868691,51121.0,127.87334449687927,1.5873015873015872,124,122,2,0,120,116,98985,4,0,0,4,6
2020-06-27,US,Virginia,Nelson,18,0,0,37.78790447,-78.88498513,51125.0,120.56262558606831,0.0,18,18,0,0,18,18,14836,0,0,0,0,0
2020-06-27,US,Virginia,New Kent,57,1,0,37.50694406,-76.99828634,51127.0,246.84942185266988,1.7543859649122806,56,55,1,0,54,52,22391,2,0,0,2,3
2020-06-27,US,Virginia,Newport News,490,10,0,37.08166899,-76.51754109,51700.0,273.39935834844465,2.0408163265306123,480,474,10,0,464,466,178626,16,0,0,16,8
2020-06-27,US,Virginia,Norfolk,842,9,0,36.89934014,-76.26420872,51710.0,346.87033970223536,1.0688836104513064,833,822,8,0,814,795,244076,20,1,0,19,27
2020-06-27,US,Virginia,Northampton,269,28,0,37.34062933,-75.87751591,51131.0,2297.1818958155427,10.408921933085502,241,269,28,0,241,269,11735,0,0,0,0,0
2020-06-27,US,Virginia,Northumberland,38,1,0,37.89202088,-76.41949732,51133.0,314.1794129805705,2.631578947368421,37,38,1,0,37,28,12147,0,0,0,0,10
2020-06-27,US,Virginia,Norton,4,0,0,36.93357076,-82.62750411,51720.0,100.4772670183371,0.0,4,4,0,0,4,4,3968,0,0,0,0,0
2020-06-27,US,Virginia,Nottoway,109,2,0,37.1435975,-78.05065922,51135.0,715.5987394957982,1.834862385321101,107,107,2,0,105,107,15420,2,0,0,2,0
2020-06-27,US,Virginia,Orange,145,3,0,38.24530219,-78.01560400000002,51137.0,391.3524601225338,2.0689655172413794,142,143,2,0,141,142,36644,2,1,0,1,1
2020-06-27,US,Virginia,Page,267,24,0,38.61807452,-78.48797204,51139.0,1117.0613337796,8.98876404494382,243,266,24,0,242,266,23933,1,0,0,1,0
2020-06-27,US,Virginia,Patrick,41,1,0,36.680163799999995,-80.2865648,51141.0,232.84870513403,2.4390243902439024,40,40,1,0,39,39,17673,1,0,0,1,1
2020-06-27,US,Virginia,Petersburg,221,3,0,37.20530399,-77.39368102,51730.0,705.0341351368596,1.3574660633484164,218,219,3,0,216,212,31567,2,0,0,2,7
2020-06-27,US,Virginia,Pittsylvania,107,1,0,36.81980341,-79.39731264,51143.0,177.2873380389038,0.9345794392523364,106,102,1,0,101,95,60949,5,0,0,5,7
2020-06-27,US,Virginia,Poquoson,19,0,0,37.14259351,-76.35798148,51735.0,154.8366066335262,0.0,19,17,0,0,17,16,12190,2,0,0,2,1
2020-06-27,US,Virginia,Portsmouth,455,16,0,36.85914825,-76.35971629,51740.0,482.0017373249434,3.5164835164835164,439,449,16,0,433,442,94632,6,0,0,6,7
2020-06-27,US,Virginia,Powhatan,77,2,0,37.55016038,-77.91267882,51145.0,259.67894239848914,2.5974025974025974,75,75,2,0,73,74,29189,2,0,0,2,1
2020-06-27,US,Virginia,Prince Edward,182,3,0,37.22554789,-78.43597949,51147.0,798.175598631699,1.6483516483516485,179,178,3,0,175,178,22950,4,0,0,4,0
2020-06-27,US,Virginia,Prince George,228,1,0,37.18497668,-77.22922187,51149.0,594.4776158318775,0.43859649122807015,227,227,0,0,227,222,38082,1,1,0,0,5
2020-06-27,US,Virginia,Prince William,7166,139,0,38.70916224,-77.48713689,51153.0,1523.5948844972202,1.939715322355568,7027,7107,138,0,6969,7064,468011,59,1,0,58,43
2020-06-27,US,Virginia,Pulaski,39,2,0,37.06474963,-80.71229738,51155.0,114.61486466629441,5.128205128205129,37,39,2,0,37,39,34066,0,0,0,0,0
2020-06-27,US,Virginia,Radford,11,0,0,37.12222899,-80.56027320000003,51750.0,60.27727546714888,0.0,11,11,0,0,11,11,18339,0,0,0,0,0
2020-06-27,US,Virginia,Rappahannock,20,0,0,38.68295619,-78.15826963,51157.0,271.370420624152,0.0,20,20,0,0,20,20,7252,0,0,0,0,0
2020-06-27,US,Virginia,Richmond,296,4,0,37.937575,-76.72920628,51159.0,3280.5053751523883,1.351351351351351,292,296,4,0,292,295,9038,0,0,0,0,1
2020-06-27,US,Virginia,Richmond City,2159,30,0,37.53255773,-77.47966921,51760.0,936.9195785380756,1.3895321908290876,2129,2133,30,0,2103,2089,228783,26,0,0,26,44
2020-06-27,US,Virginia,Roanoke,200,5,0,37.26865804,-80.06396753,51161.0,212.34578387446118,2.5,195,199,5,0,194,200,94073,1,0,0,1,-1
2020-06-27,US,Virginia,Roanoke City,363,10,0,37.27791025,-79.96189766,51770.0,366.1378009541773,2.7548209366391183,353,360,10,0,350,359,99920,3,0,0,3,1
2020-06-27,US,Virginia,Rockbridge,29,0,0,37.81204314,-79.44605905,51163.0,128.47206840030123,0.0,29,28,0,0,28,27,22752,1,0,0,1,1
2020-06-27,US,Virginia,Rockingham,701,9,0,38.51006137,-78.87260325,51165.0,855.4205105676772,1.2838801711840229,692,685,9,0,676,674,81244,16,0,0,16,11
2020-06-27,US,Virginia,Russell,9,0,0,36.93028320000001,-82.10095486,51167.0,33.852403520649965,0.0,9,9,0,0,9,9,26748,0,0,0,0,0
2020-06-27,US,Virginia,Salem,51,3,0,37.2836193,-80.06219455,51775.0,201.57306035334568,5.882352941176472,48,50,3,0,47,50,25643,1,0,0,1,0
2020-06-27,US,Virginia,Scott,9,2,0,36.71466456,-82.60171704,51169.0,41.73235648706297,22.222222222222218,7,9,2,0,7,9,21534,0,0,0,0,0
2020-06-27,US,Virginia,Shenandoah,558,29,0,38.85905135,-78.56813762,51171.0,1279.347028613353,5.197132616487456,529,552,28,0,524,552,43497,6,1,0,5,0
2020-06-27,US,Virginia,Smyth,33,1,0,36.84455636,-81.53344948,51173.0,109.61998405527504,3.0303030303030303,32,33,1,0,32,35,30472,0,0,0,0,-2
2020-06-27,US,Virginia,Southampton,155,2,0,36.72231125,-77.10642712,51175.0,879.1333446769894,1.2903225806451613,153,155,2,0,153,155,17586,0,0,0,0,0
2020-06-27,US,Virginia,Spotsylvania,975,29,0,38.18574462,-77.655399,51177.0,715.7802004184563,2.9743589743589745,946,945,28,0,917,931,134238,30,1,0,29,14
2020-06-27,US,Virginia,Stafford,974,5,0,38.41758738,-77.45917053,51179.0,637.0926596983294,0.5133470225872689,969,965,5,0,960,954,149960,9,0,0,9,11
2020-06-27,US,Virginia,Staunton,68,0,0,38.15965544,-79.05979937,51790.0,272.74185785336107,0.0,68,68,0,0,68,68,24922,0,0,0,0,0
2020-06-27,US,Virginia,Suffolk,397,34,0,36.70155394,-76.63603554,51800.0,431.0157641030095,8.564231738035264,363,393,34,0,359,389,91185,4,0,0,4,4
2020-06-27,US,Virginia,Surry,14,1,0,37.11781893,-76.88450012,51181.0,218.0006228589224,7.142857142857142,13,14,1,0,13,14,6474,0,0,0,0,0
2020-06-27,US,Virginia,Sussex,195,2,0,36.92432914,-77.25791182,51183.0,1747.4684111479526,1.0256410256410255,193,194,2,0,192,193,11237,1,0,0,1,1
2020-06-27,US,Virginia,Tazewell,15,0,0,37.12191123,-81.56685568,51185.0,36.950363345239566,0.0,15,13,0,0,13,13,40855,2,0,0,2,0
2020-06-27,US,Virginia,Virginia Beach,1092,29,0,36.73285734,-76.04566934,51810.0,242.68068821754142,2.655677655677656,1063,1082,28,0,1054,1053,450189,10,1,0,9,29
2020-06-27,US,Virginia,Warren,278,5,0,38.90847745,-78.20280433,51187.0,692.1621352454935,1.7985611510791366,273,269,5,0,264,269,40003,9,0,0,9,0
2020-06-27,US,Virginia,Washington,63,4,0,36.72341572,-81.95666289,51191.0,117.23111276516563,6.349206349206349,59,62,4,0,58,60,54402,1,0,0,1,2
2020-06-27,US,Virginia,Waynesboro,74,0,0,38.06451466,-78.90293905,51820.0,326.99955810870523,0.0,74,73,0,0,73,70,22628,1,0,0,1,3
2020-06-27,US,Virginia,Westmoreland,100,2,0,38.11021557,-76.80213247,51193.0,555.0929780738273,2.0,98,93,2,0,91,92,17830,7,0,0,7,1
2020-06-27,US,Virginia,Williamsburg,55,6,0,37.28131268,-76.70905141,51830.0,367.79457001471184,10.909090909090908,49,55,6,0,49,55,14896,0,0,0,0,0
2020-06-27,US,Virginia,Winchester,310,3,0,39.17054517,-78.17325058,51840.0,1104.0672412564998,0.967741935483871,307,302,3,0,299,301,28108,8,0,0,8,1
2020-06-27,US,Virginia,Wise,27,2,0,36.9746148,-82.62410519,51195.0,72.22534307037958,7.407407407407407,25,27,2,0,25,27,38012,0,0,0,0,0
2020-06-27,US,Virginia,Wythe,47,1,0,36.91582035,-81.07834059,51197.0,163.8544136103751,2.127659574468085,46,47,1,0,46,48,28754,0,0,0,0,-1
2020-06-27,US,Virginia,York,110,3,0,37.24374789,-76.54412815,51199.0,161.10134739308728,2.727272727272727,107,108,3,0,105,106,67846,2,0,0,2,2
2020-06-27,US,Washington,Adams,113,0,0,46.98299757,-118.56017340000001,53001.0,565.4806585597759,0.0,113,112,0,0,112,110,19759,1,0,0,1,2
2020-06-27,US,Washington,Asotin,20,2,0,46.18894415,-117.2022851,53003.0,88.56611460455228,10.0,18,20,2,0,18,20,22610,0,0,0,0,0
2020-06-27,US,Washington,Benton,1657,75,0,46.23946995,-119.51208340000001,53005.0,810.7050247076668,4.526252263126132,1582,1581,75,0,1506,1556,201877,76,0,0,76,25
2020-06-27,US,Washington,Chelan,314,6,0,47.87046092,-120.6173956,53007.0,406.73575129533685,1.9108280254777068,308,305,6,0,299,296,77036,9,0,0,9,9
2020-06-27,US,Washington,Clallam,35,0,0,48.04754642,-123.92263190000001,53009.0,45.25998629268987,0.0,35,34,0,0,34,33,76737,1,0,0,1,1
2020-06-27,US,Washington,Clark,692,30,0,45.77568046,-122.48292040000001,53011.0,141.73328335801378,4.335260115606936,662,685,30,0,655,681,481857,7,0,0,7,4
2020-06-27,US,Washington,Columbia,8,0,0,46.29442881,-117.9051983,53013.0,200.75282308657467,0.0,8,8,0,0,8,8,4059,0,0,0,0,0
2020-06-27,US,Washington,Cowlitz,170,0,0,46.19074721,-122.6782231,53015.0,153.71678135144174,0.0,170,166,0,0,166,158,108987,4,0,0,4,8
2020-06-27,US,Washington,Douglas,223,3,0,47.7361335,-119.69293700000001,53017.0,513.4817748509059,1.345291479820628,220,216,3,0,213,208,42907,7,0,0,7,8
2020-06-27,US,Washington,Ferry,1,0,0,48.471143100000006,-118.5154041,53019.0,13.111315064901008,0.0,1,1,0,0,1,1,7649,0,0,0,0,0
2020-06-27,US,Washington,Franklin,1555,32,0,46.53351425,-118.9018212,53021.0,1633.0259813908551,2.057877813504823,1523,1491,32,0,1459,1451,94347,64,0,0,64,40
2020-06-27,US,Washington,Grant,457,6,0,47.20753737,-119.4500749,53025.0,467.6005034123581,1.312910284463895,451,447,6,0,441,438,97331,10,0,0,10,9
2020-06-27,US,Washington,Grays Harbor,25,0,0,47.14003705,-123.7820567,53027.0,33.30624425467287,0.0,25,24,0,0,24,24,73901,1,0,0,1,0
2020-06-27,US,Washington,Island,192,12,0,48.14713305,-122.5216407,53029.0,225.5082745093433,6.25,180,191,12,0,179,191,84460,1,0,0,1,0
2020-06-27,US,Washington,Jefferson,37,0,0,47.75003077,-123.56097040000002,53031.0,114.8319419012445,0.0,37,36,0,0,36,36,31729,1,0,0,1,0
2020-06-27,US,Washington,King,9809,610,0,47.49137892,-121.8346131,53033.0,435.4171863944225,6.2187786726475665,9199,9672,607,0,9065,9573,2233163,137,3,0,134,99
2020-06-27,US,Washington,Kitsap,211,2,0,47.63479026,-122.6436061,53035.0,77.72411989405944,0.9478672985781992,209,205,2,0,203,200,269805,6,0,0,6,5
2020-06-27,US,Washington,Kittitas,117,0,0,47.12521214,-120.67943899999999,53037.0,244.08052571190154,0.0,117,113,0,0,113,112,47364,4,0,0,4,1
2020-06-27,US,Washington,Klickitat,57,3,0,45.87325839,-120.7913598,53039.0,254.18060200668896,5.2631578947368425,54,56,3,0,53,55,22107,1,0,0,1,1
2020-06-27,US,Washington,Lewis,60,3,0,46.57756476,-122.39257690000001,53041.0,74.34299379236002,5.0,57,57,3,0,54,53,79604,3,0,0,3,4
2020-06-27,US,Washington,Lincoln,3,0,0,47.57705241,-118.41943880000001,53043.0,27.424810311728677,0.0,3,2,0,0,2,2,10740,1,0,0,1,0
2020-06-27,US,Washington,Mason,46,1,0,47.35007586,-123.1863685,53045.0,68.895279175653,2.1739130434782608,45,45,1,0,44,46,65507,1,0,0,1,-1
2020-06-27,US,Washington,Okanogan,67,2,0,48.54855019,-119.73872240000001,53047.0,158.60615960040718,2.985074626865672,65,64,2,0,62,63,42132,3,0,0,3,1
2020-06-27,US,Washington,Pacific,12,1,0,46.55418369,-123.7285716,53049.0,53.4021627875929,8.333333333333334,11,12,1,0,11,12,22036,0,0,0,0,0
2020-06-27,US,Washington,Pend Oreille,3,0,0,48.53234021,-117.2741804,53051.0,21.85951617604197,0.0,3,3,0,0,3,3,13602,0,0,0,0,0
2020-06-27,US,Washington,Pierce,2465,97,0,47.03892768,-122.14059579999999,53053.0,272.38171009304074,3.9350912778904665,2368,2421,97,0,2324,2400,891299,44,0,0,44,21
2020-06-27,US,Washington,San Juan,19,0,0,48.60182783,-122.96745,53055.0,108.06506654533042,0.0,19,19,0,0,19,19,17128,0,0,0,0,0
2020-06-27,US,Washington,Skagit,502,15,0,48.48171488,-121.766131,53057.0,388.5298556557409,2.98804780876494,487,493,15,0,478,491,128206,9,0,0,9,2
2020-06-27,US,Washington,Skamania,4,0,0,46.02408726,-121.91644029999999,53059.0,33.10436149962758,0.0,4,4,0,0,4,3,11924,0,0,0,0,1
2020-06-27,US,Washington,Snohomish,3431,168,0,48.04615983,-121.7170703,53061.0,417.35445204438,4.896531623433401,3263,3406,167,0,3239,3371,814901,25,1,0,24,35
2020-06-27,US,Washington,Spokane,1179,39,0,47.62113146,-117.4046494,53063.0,225.51731261404976,3.307888040712468,1140,1144,39,0,1105,1098,514631,35,0,0,35,46
2020-06-27,US,Washington,Stevens,16,1,0,48.40035475,-117.8542701,53065.0,34.993329396583775,6.25,15,16,1,0,15,16,45260,0,0,0,0,0
2020-06-27,US,Washington,Thurston,230,7,0,46.9291895,-122.82906559999999,53067.0,79.16402786573781,3.0434782608695654,223,224,7,0,217,224,286419,6,0,0,6,0
2020-06-27,US,Washington,Unassigned,53,0,0,0.0,0.0,90053.0,0.0,0.0,53,49,0,0,49,49,,4,0,0,4,0
2020-06-27,US,Washington,Wahkiakum,5,0,0,46.29180039999999,-123.4250831,53069.0,111.40819964349377,0.0,5,5,0,0,5,5,4426,0,0,0,0,0
2020-06-27,US,Washington,Walla Walla,152,3,0,46.23040051,-118.4775539,53071.0,250.16458196181702,1.973684210526316,149,148,3,0,145,147,60922,4,0,0,4,1
2020-06-27,US,Washington,Whatcom,599,40,0,48.82227976,-121.74900179999999,53073.0,261.29022408144925,6.677796327212019,559,588,40,0,548,574,225685,11,0,0,11,14
2020-06-27,US,Washington,Whitman,37,0,0,46.90022523,-117.52417630000001,53075.0,73.84639948906275,0.0,37,33,0,0,33,33,49791,4,0,0,4,0
2020-06-27,US,Washington,Yakima,6828,152,0,46.45738486,-120.73801259999999,53077.0,2721.6958381332392,2.2261277094317515,6676,6759,150,0,6609,6607,251446,69,2,0,67,152
2020-06-27,US,West Virginia,Barbour,15,1,0,39.1307219,-80.00350858,54001.0,91.23532631835045,6.666666666666668,14,15,1,0,14,15,16535,0,0,0,0,0
2020-06-27,US,West Virginia,Berkeley,449,10,0,39.46704621,-78.02414609,54003.0,376.7695160735414,2.2271714922049,439,446,10,0,436,441,117123,3,0,0,3,5
2020-06-27,US,West Virginia,Boone,20,0,0,38.01974191,-81.69888019,54005.0,93.20967516428206,0.0,20,20,0,0,20,19,21951,0,0,0,0,1
2020-06-27,US,West Virginia,Braxton,3,0,0,38.70036159,-80.72011184,54007.0,21.49459052805044,0.0,3,3,0,0,3,3,14089,0,0,0,0,0
2020-06-27,US,West Virginia,Brooke,9,0,0,40.27367263,-80.57915332,54009.0,41.022836045398606,0.0,9,9,0,0,9,9,22203,0,0,0,0,0
2020-06-27,US,West Virginia,Cabell,116,0,0,38.42424062,-82.23855912,54011.0,126.16237968350643,0.0,116,110,0,0,110,105,93224,6,0,0,6,5
2020-06-27,US,West Virginia,Calhoun,2,0,0,38.84315422,-81.11934872,54013.0,28.133352088901397,0.0,2,2,0,0,2,2,7254,0,0,0,0,0
2020-06-27,US,West Virginia,Clay,10,1,0,38.46231092,-81.07652217,54015.0,117.53643629525152,10.0,9,10,1,0,9,10,8632,0,0,0,0,0
2020-06-27,US,West Virginia,Fayette,64,4,0,38.02974928,-81.08286634,54019.0,150.92203933405648,6.25,60,62,4,0,58,64,43018,2,0,0,2,-2
2020-06-27,US,West Virginia,Gilmer,12,0,0,38.9251277,-80.85952723,54021.0,153.39383868081302,0.0,12,12,0,0,12,11,8026,0,0,0,0,1
2020-06-27,US,West Virginia,Grant,16,0,0,39.10314817,-79.19440518,54023.0,138.31258644536652,0.0,16,16,0,0,16,16,11626,0,0,0,0,0
2020-06-27,US,West Virginia,Greenbrier,58,1,0,37.9463652,-80.45335881,54025.0,167.33021752928278,1.7241379310344829,57,57,0,0,57,57,34786,1,1,0,0,0
2020-06-27,US,West Virginia,Hampshire,40,1,0,39.32103553,-78.60826476,54027.0,172.5997842502697,2.5,39,40,1,0,39,40,23347,0,0,0,0,0
2020-06-27,US,West Virginia,Hancock,22,0,0,40.51943859,-80.57461608,54029.0,76.36237417563345,0.0,22,21,0,0,21,20,29094,1,0,0,1,1
2020-06-27,US,West Virginia,Hardy,43,0,0,39.00683177,-78.85855301,54031.0,312.137049941928,0.0,43,42,0,0,42,42,13775,1,0,0,1,0
2020-06-27,US,West Virginia,Harrison,60,1,0,39.2853852,-80.37919577,54033.0,89.21137147615083,1.6666666666666667,59,56,1,0,55,56,67554,4,0,0,4,0
2020-06-27,US,West Virginia,Jackson,142,18,0,38.84263974,-81.68148753,54035.0,496.92049272116463,12.676056338028172,124,142,18,0,124,142,28706,0,0,0,0,0
2020-06-27,US,West Virginia,Jefferson,222,4,0,39.30776166,-77.86014147,54037.0,388.4786336751479,1.8018018018018016,218,219,4,0,215,219,56811,3,0,0,3,0
2020-06-27,US,West Virginia,Kanawha,292,20,0,38.33860077,-81.52857054,54039.0,163.93074487435717,6.849315068493151,272,288,20,0,268,286,180454,4,0,0,4,2
2020-06-27,US,West Virginia,Lewis,16,2,0,38.9947249,-80.49988181,54041.0,100.58464826805807,12.5,14,15,2,0,13,15,16024,1,0,0,1,0
2020-06-27,US,West Virginia,Lincoln,5,0,0,38.172154,-82.07017953,54043.0,24.498995541182808,0.0,5,5,0,0,5,5,20599,0,0,0,0,0
2020-06-27,US,West Virginia,Logan,22,1,0,37.8299889,-81.93528571,54045.0,68.70920391017833,4.545454545454546,21,22,1,0,21,21,32607,0,0,0,0,1
2020-06-27,US,West Virginia,Marion,56,2,0,39.50984542,-80.24244659,54049.0,99.87159366528748,3.571428571428572,54,55,2,0,53,55,56097,1,0,0,1,0
2020-06-27,US,West Virginia,Marshall,43,0,0,39.86064362,-80.66591062,54051.0,140.8404572401821,0.0,43,41,0,0,41,39,30785,2,0,0,2,2
2020-06-27,US,West Virginia,Mason,16,0,0,38.77071799,-82.02524219,54053.0,60.34092623321768,0.0,16,16,0,0,16,16,26718,0,0,0,0,0
2020-06-27,US,West Virginia,McDowell,6,0,0,37.38002939,-81.65083669,54047.0,34.04448479346346,0.0,6,6,0,0,6,6,18223,0,0,0,0,0
2020-06-27,US,West Virginia,Mercer,33,0,0,37.40481169,-81.11023142,54055.0,56.162565097518645,0.0,33,31,0,0,31,30,59131,2,0,0,2,1
2020-06-27,US,West Virginia,Mineral,55,3,0,39.41561583,-78.94104895,54057.0,204.70448116718774,5.454545454545454,52,54,3,0,51,54,26940,1,0,0,1,0
2020-06-27,US,West Virginia,Mingo,17,2,0,37.73048351,-82.13338365,54059.0,72.57513661202185,11.764705882352944,15,16,2,0,14,16,23785,1,0,0,1,0
2020-06-27,US,West Virginia,Monongalia,166,5,0,39.63218457,-80.04766838,54061.0,157.1791084346476,3.0120481927710845,161,164,5,0,159,161,106420,2,0,0,2,3
2020-06-27,US,West Virginia,Monroe,11,0,0,37.56274716,-80.54577965,54063.0,82.86252354048966,0.0,11,10,0,0,10,9,13280,1,0,0,1,1
2020-06-27,US,West Virginia,Morgan,20,0,0,39.55439028,-78.26311676,54065.0,111.83180496533214,0.0,20,20,0,0,20,20,17787,0,0,0,0,0
2020-06-27,US,West Virginia,Nicholas,8,1,0,38.29617706,-80.79759588,54067.0,32.65839320705421,12.5,7,8,1,0,7,8,24842,0,0,0,0,0
2020-06-27,US,West Virginia,Ohio,84,1,0,40.0955451,-80.62203992,54069.0,202.84465480186424,1.1904761904761905,83,78,1,0,77,78,41755,6,0,0,6,0
2020-06-27,US,West Virginia,Pendleton,13,1,0,38.68314479,-79.35084086,54071.0,186.5403931697517,7.6923076923076925,12,13,1,0,12,13,6997,0,0,0,0,0
2020-06-27,US,West Virginia,Pleasants,5,0,0,39.37091679,-81.16771771,54073.0,67.02412868632706,0.0,5,5,0,0,5,5,7507,0,0,0,0,0
2020-06-27,US,West Virginia,Pocahontas,24,0,0,38.32758728,-80.00993811,54075.0,291.0149145143688,0.0,24,24,0,0,24,24,8414,0,0,0,0,0
2020-06-27,US,West Virginia,Preston,74,2,0,39.46770987,-79.66712803,54077.0,221.34481933476908,2.702702702702702,72,74,2,0,72,70,33839,0,0,0,0,4
2020-06-27,US,West Virginia,Putnam,51,0,0,38.50782345,-81.9082131,54079.0,90.34543844109831,0.0,51,51,0,0,51,50,56682,0,0,0,0,1
2020-06-27,US,West Virginia,Raleigh,47,0,0,37.76936795,-81.2456041,54081.0,64.06673845776365,0.0,47,47,0,0,47,43,74254,0,0,0,0,4
2020-06-27,US,West Virginia,Randolph,155,0,0,38.769899,-79.87919615,54083.0,540.1637916013243,0.0,155,155,0,0,155,155,28823,0,0,0,0,0
2020-06-27,US,West Virginia,Ritchie,2,0,0,39.18094587,-81.06356878,54085.0,20.933640360058615,0.0,2,2,0,0,2,2,9721,0,0,0,0,0
2020-06-27,US,West Virginia,Roane,11,1,0,38.71622686,-81.35243568,54087.0,80.3623611922852,9.090909090909092,10,11,1,0,10,11,13932,0,0,0,0,0
2020-06-27,US,West Virginia,Summers,1,0,0,37.65390597,-80.86009693,54089.0,7.953551260637875,0.0,1,1,0,0,1,1,12760,0,0,0,0,0
2020-06-27,US,West Virginia,Taylor,16,0,0,39.33602617,-80.0421439,54091.0,95.83707696915243,0.0,16,14,0,0,14,14,16862,2,0,0,2,0
2020-06-27,US,West Virginia,Tucker,6,0,0,39.11240885,-79.57053576,54093.0,87.73212457961691,0.0,6,6,0,0,6,6,6955,0,0,0,0,0
2020-06-27,US,West Virginia,Tyler,4,0,0,39.46811972,-80.88772676,54095.0,46.560353858689325,0.0,4,3,0,0,3,3,8746,1,0,0,1,0
2020-06-27,US,West Virginia,Upshur,14,0,0,38.89285061,-80.23689136,54097.0,57.90866975512906,0.0,14,14,0,0,14,14,24415,0,0,0,0,0
2020-06-27,US,West Virginia,Wayne,110,9,0,38.14901357,-82.42287994,54099.0,279.17364600781684,8.181818181818182,101,110,9,0,101,110,39944,0,0,0,0,0
2020-06-27,US,West Virginia,Webster,1,0,0,38.49370949,-80.4202023,54101.0,12.324377618930244,0.0,1,1,0,0,1,1,8285,0,0,0,0,0
2020-06-27,US,West Virginia,Wetzel,10,0,0,39.6065771,-80.64016540000001,54103.0,66.37902422834384,0.0,10,10,0,0,10,9,15270,0,0,0,0,1
2020-06-27,US,West Virginia,Wirt,4,0,0,39.02775007,-81.37473928,54105.0,68.7167153410067,0.0,4,4,0,0,4,4,5830,0,0,0,0,0
2020-06-27,US,West Virginia,Wood,74,2,0,39.20967886,-81.5162836,54107.0,88.60365430206663,2.702702702702702,72,67,2,0,65,62,84203,7,0,0,7,5
2020-06-27,US,West Virginia,Wyoming,7,0,0,37.612327,-81.54511071,54109.0,34.32382073158772,0.0,7,7,0,0,7,7,20786,0,0,0,0,0
2020-06-27,US,Wisconsin,Adams,15,2,0,43.96974651,-89.76782777,55001.0,74.1839762611276,13.333333333333336,13,14,2,0,12,12,20348,1,0,0,1,2
2020-06-27,US,Wisconsin,Ashland,3,0,0,46.31956891,-90.67837132,55003.0,19.27772779848349,0.0,3,3,0,0,3,3,15600,0,0,0,0,0
2020-06-27,US,Wisconsin,Barron,34,0,0,45.42372701,-91.84833627,55005.0,75.14808593404649,0.0,34,32,0,0,32,32,45164,2,0,0,2,0
2020-06-27,US,Wisconsin,Bayfield,3,1,0,46.52868768,-91.19716729,55007.0,19.952114924181963,33.333333333333336,2,3,1,0,2,3,15042,0,0,0,0,0
2020-06-27,US,Wisconsin,Brown,2777,42,0,44.452655299999996,-88.00411844,55009.0,1049.7387938399195,1.5124234785740007,2735,2738,41,0,2697,2698,263378,39,1,0,38,40
2020-06-27,US,Wisconsin,Buffalo,7,2,0,44.37835084,-91.75332578,55011.0,53.718056941140354,28.57142857142857,5,7,2,0,5,7,13125,0,0,0,0,0
2020-06-27,US,Wisconsin,Burnett,3,1,0,45.86303537,-92.36711412,55013.0,19.46282600233554,33.333333333333336,2,2,1,0,1,2,15392,1,0,0,1,0
2020-06-27,US,Wisconsin,Calumet,97,2,0,44.0816316,-88.21780273,55015.0,193.65529357743216,2.061855670103093,95,96,2,0,94,94,50159,1,0,0,1,2
2020-06-27,US,Wisconsin,Chippewa,82,0,0,45.06939744,-91.28068855,55017.0,126.82112035633642,0.0,82,78,0,0,78,76,64135,4,0,0,4,2
2020-06-27,US,Wisconsin,Clark,69,6,0,44.73483377,-90.61207486,55019.0,198.42410996721688,8.695652173913043,63,67,6,0,61,64,34709,2,0,0,2,3
2020-06-27,US,Wisconsin,Columbia,79,1,0,43.46492199,-89.33589004,55021.0,137.31488562886742,1.2658227848101269,78,76,1,0,75,74,57358,3,0,0,3,2
2020-06-27,US,Wisconsin,Crawford,32,0,0,43.23870316,-90.93073686,55023.0,198.37579815262538,0.0,32,32,0,0,32,32,16291,0,0,0,0,0
2020-06-27,US,Wisconsin,Dane,1530,32,0,43.06601594,-89.41733797,55025.0,279.86354365779823,2.0915032679738563,1498,1446,32,0,1414,1324,542364,84,0,0,84,122
2020-06-27,US,Wisconsin,Dodge,450,5,0,43.41576662,-88.70928178,55027.0,512.3009141725203,1.1111111111111112,445,447,5,0,442,445,87847,3,0,0,3,2
2020-06-27,US,Wisconsin,Door,43,3,0,44.95856458,-87.30002707,55029.0,155.4141969061732,6.9767441860465125,40,43,3,0,40,40,27610,0,0,0,0,3
2020-06-27,US,Wisconsin,Douglas,22,0,0,46.43222285,-91.91595768,55031.0,50.984936268829664,0.0,22,22,0,0,22,20,43208,0,0,0,0,2
2020-06-27,US,Wisconsin,Dunn,36,0,0,44.94562799,-91.8962481,55033.0,79.35108446482101,0.0,36,34,0,0,34,33,45131,2,0,0,2,1
2020-06-27,US,Wisconsin,Eau Claire,194,1,0,44.726614,-91.28609183,55035.0,185.38692353267209,0.5154639175257731,193,180,1,0,179,176,104534,14,0,0,14,4
2020-06-27,US,Wisconsin,Florence,3,0,0,45.84963535,-88.39804137,55037.0,69.848661233993,0.0,3,3,0,0,3,3,4321,0,0,0,0,0
2020-06-27,US,Wisconsin,Fond du Lac,307,6,0,43.75354908,-88.48885325,55039.0,296.8966084156166,1.954397394136808,301,306,6,0,300,299,103066,1,0,0,1,7
2020-06-27,US,Wisconsin,Forest,38,3,0,45.66678019,-88.77084892,55041.0,422.034651266104,7.894736842105262,35,38,3,0,35,38,8991,0,0,0,0,0
2020-06-27,US,Wisconsin,Grant,145,13,0,42.8671731,-90.7063218,55043.0,281.88728396741766,8.965517241379311,132,141,12,0,129,136,51554,4,1,0,3,5
2020-06-27,US,Wisconsin,Green,85,1,0,42.6794956,-89.60243287,55045.0,229.978354978355,1.1764705882352942,84,84,1,0,83,83,36929,1,0,0,1,1
2020-06-27,US,Wisconsin,Green Lake,30,0,0,43.80025981,-89.04679553,55047.0,158.62105430127426,0.0,30,29,0,0,29,26,18918,1,0,0,1,3
2020-06-27,US,Wisconsin,Iowa,29,0,0,43.00050278,-90.13469017,55049.0,122.4765605203142,0.0,29,27,0,0,27,25,23771,2,0,0,2,2
2020-06-27,US,Wisconsin,Iron,5,1,0,46.26302338,-90.24295041,55051.0,87.91981712678037,20.0,4,3,1,0,2,2,5676,2,0,0,2,1
2020-06-27,US,Wisconsin,Jackson,26,1,0,44.31864893,-90.80566792,55053.0,125.95068546238434,3.8461538461538463,25,26,1,0,25,26,20478,0,0,0,0,0
2020-06-27,US,Wisconsin,Jefferson,222,4,0,43.02054068,-88.77529134,55055.0,261.8881902582312,1.8018018018018016,218,211,4,0,207,201,85129,11,0,0,11,10
2020-06-27,US,Wisconsin,Juneau,32,1,0,43.92456975,-90.11120239,55057.0,119.90856971559187,3.125,31,31,1,0,30,31,26617,1,0,0,1,0
2020-06-27,US,Wisconsin,Kenosha,1468,43,0,42.57639354,-88.04051686,55059.0,865.7651228761331,2.9291553133514987,1425,1450,41,0,1409,1440,169290,18,2,0,16,10
2020-06-27,US,Wisconsin,Kewaunee,54,1,0,44.51727459,-87.61468386,55061.0,264.2654399530195,1.851851851851852,53,52,1,0,51,49,20383,2,0,0,2,3
2020-06-27,US,Wisconsin,La Crosse,396,0,0,43.90632465,-91.11451093,55063.0,335.5477223427332,0.0,396,371,0,0,371,343,118230,25,0,0,25,28
2020-06-27,US,Wisconsin,Lafayette,68,0,0,42.66005229,-90.1317729,55065.0,408.0408040804081,0.0,68,66,0,0,66,62,16665,2,0,0,2,4
2020-06-27,US,Wisconsin,Langlade,7,0,0,45.26271619,-89.07483625,55067.0,36.47923289384544,0.0,7,7,0,0,7,8,19268,0,0,0,0,-1
2020-06-27,US,Wisconsin,Lincoln,9,0,0,45.33737523,-89.73411273,55069.0,32.616968071612355,0.0,9,9,0,0,9,8,27689,0,0,0,0,1
2020-06-27,US,Wisconsin,Manitowoc,87,1,0,44.11946801,-87.80928853,55071.0,110.15307479013941,1.1494252873563218,86,83,1,0,82,81,79074,4,0,0,4,2
2020-06-27,US,Wisconsin,Marathon,148,1,0,44.89792533,-89.75863384,55073.0,109.07054211007281,0.6756756756756757,147,140,1,0,139,137,135428,8,0,0,8,3
2020-06-27,US,Wisconsin,Marinette,50,3,0,45.38553432,-88.03324599999998,55075.0,123.91573729863691,6.0,47,49,3,0,46,48,40434,1,0,0,1,1
2020-06-27,US,Wisconsin,Marquette,12,1,0,43.81911946,-89.40073763,55077.0,77.05149608321561,8.333333333333334,11,12,1,0,11,10,15434,0,0,0,0,2
2020-06-27,US,Wisconsin,Menominee,6,0,0,45.00422544,-88.70950714,55078.0,131.69446883230904,0.0,6,5,0,0,5,4,4658,1,0,0,1,1
2020-06-27,US,Wisconsin,Milwaukee,10980,389,0,43.00486062,-87.96733172,55079.0,1161.012809206895,3.542805100182149,10591,10812,382,0,10430,10674,948201,168,7,0,161,138
2020-06-27,US,Wisconsin,Monroe,61,1,0,43.94641218,-90.61881899999999,55081.0,131.88333729704019,1.639344262295082,60,59,1,0,58,57,46051,2,0,0,2,2
2020-06-27,US,Wisconsin,Oconto,53,0,0,45.02715345,-88.26807503,55083.0,139.73108357500658,0.0,53,52,0,0,52,51,37830,1,0,0,1,1
2020-06-27,US,Wisconsin,Oneida,19,0,0,45.70677897,-89.51944105,55085.0,53.37828346677905,0.0,19,18,0,0,18,17,35470,1,0,0,1,1
2020-06-27,US,Wisconsin,Outagamie,447,8,0,44.41578887,-88.46565023,55087.0,237.91148841046382,1.7897091722595078,439,436,8,0,428,428,187365,11,0,0,11,8
2020-06-27,US,Wisconsin,Ozaukee,217,15,0,43.38352225,-87.94625009,55089.0,243.21628316203584,6.912442396313363,202,214,15,0,199,212,89147,3,0,0,3,2
2020-06-27,US,Wisconsin,Pepin,1,0,0,44.58307413,-91.99949611,55091.0,13.723068478111706,0.0,1,1,0,0,1,1,7289,0,0,0,0,0
2020-06-27,US,Wisconsin,Pierce,65,0,0,44.71850291,-92.4224416,55093.0,152.03255835711278,0.0,65,64,0,0,64,60,42555,1,0,0,1,4
2020-06-27,US,Wisconsin,Polk,43,1,0,45.46130348,-92.44182875,55095.0,98.2116346527191,2.3255813953488373,42,43,1,0,42,41,43598,0,0,0,0,2
2020-06-27,US,Wisconsin,Portage,128,0,0,44.47558711,-89.50152965,55097.0,180.86248798960042,0.0,128,117,0,0,117,107,70942,11,0,0,11,10
2020-06-27,US,Wisconsin,Price,2,0,0,45.68051754,-90.36098879999999,55099.0,14.980151299528124,0.0,2,2,0,0,2,2,13397,0,0,0,0,0
2020-06-27,US,Wisconsin,Racine,2148,61,0,42.74753117,-88.05941254,55101.0,1094.1821905038437,2.8398510242085666,2087,2144,61,0,2083,2124,196584,4,0,0,4,20
2020-06-27,US,Wisconsin,Richland,15,4,0,43.3762778,-90.43012729,55103.0,86.94644099234871,26.66666666666667,11,15,4,0,11,15,17377,0,0,0,0,0
2020-06-27,US,Wisconsin,Rock,839,23,0,42.67151616,-89.07147900000002,55105.0,513.6084821920492,2.7413587604290823,816,827,23,0,804,819,163129,12,0,0,12,8
2020-06-27,US,Wisconsin,Rusk,11,0,0,45.47498854,-91.1333012,55107.0,77.58499083086474,0.0,11,11,0,0,11,11,14147,0,0,0,0,0
2020-06-27,US,Wisconsin,Sauk,100,3,0,43.42574087,-89.94966132,55111.0,155.1782998665467,3.0,97,98,3,0,95,98,64249,2,0,0,2,0
2020-06-27,US,Wisconsin,Sawyer,12,0,0,45.87931905,-91.14504927,55113.0,72.47252083584974,0.0,12,12,0,0,12,10,16489,0,0,0,0,2
2020-06-27,US,Wisconsin,Shawano,75,0,0,44.78902246,-88.76443896,55115.0,183.37856671312255,0.0,75,74,0,0,74,73,40796,1,0,0,1,1
2020-06-27,US,Wisconsin,Sheboygan,195,4,0,43.72099677,-87.94579284,55117.0,169.06537194381823,2.051282051282051,191,190,4,0,186,189,115456,5,0,0,5,1
2020-06-27,US,Wisconsin,St. Croix,155,1,0,45.03437474,-92.45000068,55109.0,170.91755157850628,0.6451612903225806,154,150,1,0,149,141,89694,5,0,0,5,9
2020-06-27,US,Wisconsin,Taylor,11,0,0,45.21179252,-90.5004405,55119.0,54.07265398417146,0.0,11,10,0,0,10,10,20412,1,0,0,1,0
2020-06-27,US,Wisconsin,Trempealeau,111,0,0,44.30360275,-91.35893614,55121.0,374.38024891227366,0.0,111,106,0,0,106,104,29442,5,0,0,5,2
2020-06-27,US,Wisconsin,Vernon,32,0,0,43.59422667,-90.8324691,55123.0,103.82194536370123,0.0,32,32,0,0,32,32,30785,0,0,0,0,0
2020-06-27,US,Wisconsin,Vilas,10,0,0,46.05467334,-89.51719204,55125.0,45.05519261094841,0.0,10,10,0,0,10,10,21938,0,0,0,0,0
2020-06-27,US,Wisconsin,Walworth,570,18,0,42.66858202,-88.54163073,55127.0,548.7734432163901,3.1578947368421053,552,559,18,0,541,546,103718,11,0,0,11,13
2020-06-27,US,Wisconsin,Washburn,4,0,0,45.89838588,-91.79050449,55129.0,25.44529262086514,0.0,4,4,0,0,4,4,15878,0,0,0,0,0
2020-06-27,US,Wisconsin,Washington,348,15,0,43.36863664,-88.22974712,55131.0,255.81839834159103,4.310344827586206,333,337,15,0,322,335,135693,11,0,0,11,2
2020-06-27,US,Wisconsin,Waukesha,1119,38,0,43.01833055,-88.30431188,55133.0,276.8445167962236,3.3958891867739047,1081,1085,38,0,1047,1069,403072,34,0,0,34,16
2020-06-27,US,Wisconsin,Waupaca,106,6,0,44.47068056,-88.96534501,55135.0,207.88389880368698,5.660377358490566,100,104,6,0,98,101,51128,2,0,0,2,3
2020-06-27,US,Wisconsin,Waushara,21,0,0,44.11324419,-89.24317107,55137.0,85.91416765536147,0.0,21,20,0,0,20,20,24263,1,0,0,1,0
2020-06-27,US,Wisconsin,Winnebago,643,11,0,44.06886922,-88.64477096,55139.0,374.039451563927,1.7107309486780715,632,639,11,0,628,634,171020,4,0,0,4,5
2020-06-27,US,Wisconsin,Wood,42,1,0,44.45537896,-90.04158336,55141.0,57.535034726503106,2.380952380952381,41,39,1,0,38,37,73055,3,0,0,3,2
2020-06-27,US,Wyoming,Albany,32,0,0,41.65498705,-105.72354150000001,56001.0,82.3045267489712,0.0,32,32,0,0,32,31,38601,0,0,0,0,1
2020-06-27,US,Wyoming,Big Horn,12,0,0,44.52405055,-107.9960365,56003.0,101.78117048346056,0.0,12,12,0,0,12,11,11881,0,0,0,0,1
2020-06-27,US,Wyoming,Campbell,55,0,0,44.24886082,-105.54744040000001,56005.0,118.68539738028959,0.0,55,55,0,0,55,55,46140,0,0,0,0,0
2020-06-27,US,Wyoming,Carbon,22,0,0,41.69357844,-106.9326084,56007.0,148.64864864864862,0.0,22,22,0,0,22,22,14971,0,0,0,0,0
2020-06-27,US,Wyoming,Converse,26,0,0,42.97272268,-105.5081848,56009.0,188.10591810157717,0.0,26,25,0,0,25,25,13640,1,0,0,1,0
2020-06-27,US,Wyoming,Crook,7,0,0,44.58855102,-104.56977049999999,56011.0,92.2995780590717,0.0,7,7,0,0,7,7,7450,0,0,0,0,0
2020-06-27,US,Wyoming,Fremont,352,0,0,43.04183996,-108.6296893,56013.0,896.5640202745727,0.0,352,349,0,0,349,345,39531,3,0,0,3,4
2020-06-27,US,Wyoming,Goshen,5,0,0,42.08798185,-104.3534743,56015.0,37.847248505033676,0.0,5,5,0,0,5,5,13376,0,0,0,0,0
2020-06-27,US,Wyoming,Hot Springs,12,0,0,43.71930657,-108.44231740000001,56017.0,271.92386131883075,0.0,12,12,0,0,12,12,4555,0,0,0,0,0
2020-06-27,US,Wyoming,Johnson,20,1,0,44.04057166,-106.58451740000001,56019.0,236.82652457075196,5.0,19,20,1,0,19,19,8460,0,0,0,0,1
2020-06-27,US,Wyoming,Laramie,246,0,0,41.30702520000001,-104.6887497,56021.0,247.23618090452263,0.0,246,240,0,0,240,225,98976,6,0,0,6,15
2020-06-27,US,Wyoming,Lincoln,17,0,0,42.26376367,-110.6563997,56023.0,85.72869389813414,0.0,17,17,0,0,17,16,19434,0,0,0,0,1
2020-06-27,US,Wyoming,Natrona,114,0,0,42.96180148,-106.79788500000001,56025.0,142.75338726239073,0.0,114,109,0,0,109,107,79115,5,0,0,5,2
2020-06-27,US,Wyoming,Niobrara,2,0,0,43.05607708,-104.47588959999999,56027.0,84.88964346349746,0.0,2,2,0,0,2,2,2388,0,0,0,0,0
2020-06-27,US,Wyoming,Park,31,0,0,44.52157546,-109.58528249999999,56029.0,106.18620264437898,0.0,31,25,0,0,25,22,29324,6,0,0,6,3
2020-06-27,US,Wyoming,Platte,2,0,0,42.13299116,-104.96633100000001,56031.0,23.82938162754677,0.0,2,2,0,0,2,2,8566,0,0,0,0,0
2020-06-27,US,Wyoming,Sheridan,24,0,0,44.79048913,-106.8862389,56033.0,78.72724290634739,0.0,24,24,0,0,24,22,30233,0,0,0,0,2
2020-06-27,US,Wyoming,Sublette,6,0,0,42.76558279,-109.91309220000001,56035.0,61.03143118706135,0.0,6,5,0,0,5,5,9813,1,0,0,1,0
2020-06-27,US,Wyoming,Sweetwater,81,0,0,41.65943896,-108.8827882,56037.0,191.29490116430102,0.0,81,80,0,0,80,73,43051,1,0,0,1,7
2020-06-27,US,Wyoming,Teton,119,0,0,43.93522482,-110.5890801,56039.0,507.1599045346062,0.0,119,119,0,0,119,118,23081,0,0,0,0,1
2020-06-27,US,Wyoming,Uinta,167,0,0,41.2878183,-110.54757820000002,56041.0,825.6699297933353,0.0,167,166,0,0,166,162,20299,1,0,0,1,4
2020-06-27,US,Wyoming,Unassigned,0,19,0,0.0,0.0,90056.0,0.0,0.0,-19,0,19,0,-19,0,,0,0,0,0,0
2020-06-27,US,Wyoming,Washakie,39,0,0,43.90451606,-107.68018700000002,56043.0,499.6796925048046,0.0,39,39,0,0,39,39,7885,0,0,0,0,0
2020-06-27,US,Wyoming,Weston,1,0,0,43.83961191,-104.56748809999999,56045.0,14.436263894903998,0.0,1,1,0,0,1,1,6967,0,0,0,0,0
