Date,Country/Region,Province/State,Admin2,Confirmed,Deaths,Recovered,Latitude,Longitude,FIPS,Incidence_Rate,Case-Fatality_Ratio,Active Cases,Previous Confirmed,Previous Deaths,Previous Recovered,Previous Active,Prev2 Confirmed,Population,Daily Confirmed,Daily Deaths,Daily Recovered,Daily Active,Previous Daily Confirmed
2020-07-22,US,Alabama,Autauga,863,20,0,32.53952745,-86.64408227,1001.0,1544.6848878626788,2.317497103128621,843,845,20,0,825,838,55601,18,0,0,18,7
2020-07-22,US,Alabama,Baldwin,2164,15,0,30.72774991,-87.72207058,1003.0,969.3863837945833,0.6931608133086876,2149,2077,15,0,2062,1990,218022,87,0,0,87,87
2020-07-22,US,Alabama,Barbour,487,4,0,31.868263,-85.3871286,1005.0,1972.7780928461475,0.8213552361396304,483,484,4,0,480,479,24881,3,0,0,3,5
2020-07-22,US,Alabama,Bibb,282,2,0,32.99642064,-87.12511459999996,1007.0,1259.2658747878895,0.7092198581560284,280,278,2,0,276,274,22400,4,0,0,4,4
2020-07-22,US,Alabama,Blount,498,1,0,33.98210918,-86.56790593,1009.0,861.204302562861,0.2008032128514056,497,479,1,0,478,465,57840,19,0,0,19,14
2020-07-22,US,Alabama,Bullock,402,11,0,32.10030533,-85.71265535,1011.0,3979.8039798039795,2.736318407960199,391,396,10,0,386,395,10138,6,1,0,5,1
2020-07-22,US,Alabama,Butler,693,33,0,31.75300095,-86.68057478,1013.0,3563.348416289593,4.761904761904762,660,688,33,0,655,682,19680,5,0,0,5,6
2020-07-22,US,Alabama,Calhoun,870,6,0,33.77483727,-85.82630386,1015.0,765.8113639364467,0.6896551724137931,864,849,6,0,843,814,114277,21,0,0,21,35
2020-07-22,US,Alabama,Chambers,748,34,0,32.91360079,-85.39072749,1017.0,2249.3534612377453,4.545454545454546,714,743,33,0,710,739,33615,5,1,0,4,4
2020-07-22,US,Alabama,Cherokee,174,7,0,34.17805983,-85.60638968,1019.0,664.2235455794778,4.022988505747127,167,172,7,0,165,172,26032,2,0,0,2,0
2020-07-22,US,Alabama,Chilton,507,4,0,32.85044126,-86.7173256,1021.0,1141.1722337264791,0.7889546351084813,503,491,3,0,488,477,44153,16,1,0,15,14
2020-07-22,US,Alabama,Choctaw,244,12,0,32.02227341,-88.26564429999998,1023.0,1938.2000158868855,4.918032786885246,232,238,12,0,226,238,12841,6,0,0,6,0
2020-07-22,US,Alabama,Clarke,403,8,0,31.68099859,-87.83548597,1025.0,1706.0367454068241,1.9851116625310172,395,398,7,0,391,387,23920,5,1,0,4,11
2020-07-22,US,Alabama,Clay,135,2,0,33.26984193,-85.85836077,1027.0,1020.0226671703816,1.4814814814814814,133,132,2,0,130,124,13275,3,0,0,3,8
2020-07-22,US,Alabama,Cleburne,82,1,0,33.67679204,-85.52005899,1029.0,549.9664654594233,1.2195121951219512,81,80,1,0,79,80,14987,2,0,0,2,0
2020-07-22,US,Alabama,Coffee,555,4,0,31.39932826,-85.98901039,1031.0,1060.3339574338008,0.7207207207207207,551,554,4,0,550,546,51909,1,0,0,1,8
2020-07-22,US,Alabama,Colbert,805,10,0,34.69847452,-87.80168544,1033.0,1457.2509549066815,1.2422360248447204,795,785,9,0,776,757,54762,20,1,0,19,28
2020-07-22,US,Alabama,Conecuh,299,9,0,31.43401703,-86.99320044,1035.0,2477.8321040855226,3.0100334448160537,290,297,9,0,288,290,12277,2,0,0,2,7
2020-07-22,US,Alabama,Coosa,74,1,0,32.93690146,-86.24847739,1037.0,693.9885585670074,1.351351351351351,73,73,1,0,72,73,10715,1,0,0,1,0
2020-07-22,US,Alabama,Covington,577,17,0,31.247785399999998,-86.45050893,1039.0,1557.3969607816675,2.9462738301559788,560,569,16,0,553,553,36986,8,1,0,7,16
2020-07-22,US,Alabama,Crenshaw,205,3,0,31.72941803,-86.31593104,1041.0,1488.5274469939004,1.4634146341463414,202,200,3,0,197,172,13824,5,0,0,5,28
2020-07-22,US,Alabama,Cullman,859,7,0,34.13020303,-86.86888037,1043.0,1025.4512462993027,0.8149010477299186,852,839,7,0,832,826,83442,20,0,0,20,13
2020-07-22,US,Alabama,Dale,568,8,0,31.43037123,-85.61095742,1045.0,1155.128935166355,1.4084507042253518,560,557,4,0,553,538,48956,11,4,0,7,19
2020-07-22,US,Alabama,Dallas,1158,16,0,32.32688101,-87.10866709999998,1047.0,3113.237982578772,1.381692573402418,1142,1150,13,0,1137,1141,38310,8,3,0,5,9
2020-07-22,US,Alabama,DeKalb,1361,8,0,34.45946862,-85.80782906,1049.0,1903.1504761372053,0.5878030859662013,1353,1342,8,0,1334,1325,71385,19,0,0,19,17
2020-07-22,US,Alabama,Elmore,1313,33,0,32.59785413,-86.14415284,1051.0,1616.8158701621744,2.5133282559025134,1280,1290,27,0,1263,1268,81887,23,6,0,17,22
2020-07-22,US,Alabama,Escambia,697,15,0,31.1256789,-87.15918694,1053.0,1902.6560751235227,2.152080344332855,682,676,13,0,663,640,36748,21,2,0,19,36
2020-07-22,US,Alabama,Etowah,1440,15,0,34.04567266,-86.04051873,1055.0,1408.0650838972113,1.0416666666666667,1425,1422,15,0,1407,1356,102501,18,0,0,18,66
2020-07-22,US,Alabama,Fayette,124,5,0,33.72076938,-87.73886638,1057.0,760.6428659060238,4.032258064516129,119,122,5,0,117,121,16433,2,0,0,2,1
2020-07-22,US,Alabama,Franklin,1044,17,0,34.44235334,-87.84289505,1059.0,3328.86933231299,1.6283524904214561,1027,1038,16,0,1022,1027,31363,6,1,0,5,11
2020-07-22,US,Alabama,Geneva,158,0,0,31.09389027,-85.83572839,1061.0,601.4236230063567,0.0,158,150,0,0,150,146,26314,8,0,0,8,4
2020-07-22,US,Alabama,Greene,225,10,0,32.85504247,-87.95684022,1063.0,2774.010602884971,4.4444444444444455,215,224,9,0,215,220,8233,1,1,0,0,4
2020-07-22,US,Alabama,Hale,403,22,0,32.76039258,-87.63284988,1065.0,2750.665483584739,5.459057071960298,381,402,22,0,380,401,14726,1,0,0,1,1
2020-07-22,US,Alabama,Henry,198,3,0,31.51148016,-85.24267944,1067.0,1150.8282476024413,1.5151515151515151,195,194,3,0,191,192,17209,4,0,0,4,2
2020-07-22,US,Alabama,Houston,950,8,0,31.15197924,-85.29939599,1069.0,897.2252129729321,0.8421052631578947,942,925,8,0,917,892,104722,25,0,0,25,33
2020-07-22,US,Alabama,Jackson,597,3,0,34.78144169,-85.99750489,1071.0,1156.394065006005,0.5025125628140703,594,582,3,0,579,576,51736,15,0,0,15,6
2020-07-22,US,Alabama,Jefferson,9275,190,0,33.55554728,-86.89506300000002,1073.0,1408.3480494948928,2.0485175202156336,9085,9088,188,0,8900,8901,659300,187,2,0,185,187
2020-07-22,US,Alabama,Lamar,145,1,0,33.77995024,-88.09668032,1075.0,1050.3440782325245,0.6896551724137931,144,140,1,0,139,134,13844,5,0,0,5,6
2020-07-22,US,Alabama,Lauderdale,815,9,0,34.90171875,-87.65624729,1077.0,878.90519686398,1.1042944785276074,806,798,8,0,790,773,92387,17,1,0,16,25
2020-07-22,US,Alabama,Lawrence,210,0,0,34.52041498,-87.31069453,1079.0,637.8325841331551,0.0,210,205,0,0,205,185,32957,5,0,0,5,20
2020-07-22,US,Alabama,Lee,2117,38,0,32.60154883,-85.35132246,1081.0,1286.6015971606034,1.7949929145016532,2079,2088,38,0,2050,2043,163941,29,0,0,29,45
2020-07-22,US,Alabama,Limestone,930,7,0,34.81185586,-86.98310072,1083.0,940.2011828337462,0.7526881720430108,923,904,6,0,898,879,96174,26,1,0,25,25
2020-07-22,US,Alabama,Lowndes,524,24,0,32.1597283,-86.65158371,1085.0,5387.620810199464,4.580152671755725,500,521,24,0,497,515,9974,3,0,0,3,6
2020-07-22,US,Alabama,Macon,269,11,0,32.38759944,-85.69267724,1087.0,1488.8200132831525,4.089219330855019,258,264,10,0,254,261,18439,5,1,0,4,3
2020-07-22,US,Alabama,Madison,3741,16,0,34.76327133,-86.55069633,1089.0,1003.1938086771839,0.4276931301790965,3725,3658,14,0,3644,3588,366519,83,2,0,81,70
2020-07-22,US,Alabama,Marengo,438,11,0,32.24767634,-87.78796182,1091.0,2322.006043577373,2.5114155251141552,427,433,11,0,422,428,19066,5,0,0,5,5
2020-07-22,US,Alabama,Marion,441,21,0,34.13697363,-87.88704173,1093.0,1484.3986670705847,4.761904761904762,420,436,17,0,419,430,29763,5,4,0,1,6
2020-07-22,US,Alabama,Marshall,2461,21,0,34.36975964,-86.30486727,1095.0,2543.038419410172,0.8533116619260463,2440,2426,20,0,2406,2400,96109,35,1,0,34,26
2020-07-22,US,Alabama,Mobile,6443,168,0,30.78472347,-88.20842409,1097.0,1559.2555843275816,2.6074809871178024,6275,6279,161,0,6118,6150,413757,164,7,0,157,129
2020-07-22,US,Alabama,Monroe,332,3,0,31.56729412,-87.36995001,1099.0,1601.3119181980414,0.9036144578313252,329,323,3,0,320,318,21067,9,0,0,9,5
2020-07-22,US,Alabama,Montgomery,5329,127,0,32.2206831,-86.20969272,1101.0,2352.9048153086724,2.3831863389003565,5202,5244,125,0,5119,5178,225763,85,2,0,83,66
2020-07-22,US,Alabama,Morgan,1784,11,0,34.45500589,-86.85475946,1103.0,1490.6541665622206,0.6165919282511211,1773,1744,10,0,1734,1722,119089,40,1,0,39,22
2020-07-22,US,Alabama,Perry,351,3,0,32.64048341,-87.29770589,1105.0,3933.654600470694,0.8547008547008547,348,339,3,0,336,335,9140,12,0,0,12,4
2020-07-22,US,Alabama,Pickens,312,9,0,33.28094866,-88.08818103,1107.0,1565.4791771199198,2.8846153846153846,303,310,7,0,303,308,19938,2,2,0,0,2
2020-07-22,US,Alabama,Pike,562,6,0,31.80396383,-85.9408295,1109.0,1697.167361236939,1.0676156583629892,556,552,6,0,546,546,33338,10,0,0,10,6
2020-07-22,US,Alabama,Randolph,338,10,0,33.29526734,-85.45708831,1111.0,1487.545110465628,2.9585798816568047,328,337,10,0,327,328,22725,1,0,0,1,9
2020-07-22,US,Alabama,Russell,965,1,0,32.28725256,-85.18415324,1113.0,1664.9126136540087,0.10362694300518134,964,950,0,0,950,936,57781,15,1,0,14,14
2020-07-22,US,Alabama,Shelby,2398,27,0,33.26879845,-86.66232561,1117.0,1101.5057280135234,1.1259382819015846,2371,2339,27,0,2312,2287,215707,59,0,0,59,52
2020-07-22,US,Alabama,St. Clair,885,5,0,33.71902176,-86.31029372,1115.0,988.6942532844755,0.5649717514124294,880,857,4,0,853,828,88690,28,1,0,27,29
2020-07-22,US,Alabama,Sumter,325,13,0,32.59117397,-88.19916205,1119.0,2615.273195461495,4.0,312,325,13,0,312,323,12691,0,0,0,0,2
2020-07-22,US,Alabama,Talladega,629,8,0,33.37823223,-86.16886178,1121.0,786.4662782265123,1.2718600953895072,621,616,8,0,608,602,79828,13,0,0,13,14
2020-07-22,US,Alabama,Tallapoosa,724,74,0,32.86698258,-85.79833053,1123.0,1793.5442316743874,10.220994475138124,650,717,72,0,645,707,40497,7,2,0,5,10
2020-07-22,US,Alabama,Tuscaloosa,3282,57,0,33.28726072,-87.52556818,1125.0,1567.6721358458121,1.736745886654479,3225,3248,55,0,3193,3215,208911,34,2,0,32,33
2020-07-22,US,Alabama,Unassigned,1400,39,0,0.0,0.0,90001.0,0.0,2.7857142857142856,1361,1283,35,0,1248,1180,,117,4,0,113,103
2020-07-22,US,Alabama,Walker,1271,53,0,33.80270512,-87.30027177,1127.0,2000.9130838620301,4.169944925255703,1218,1258,50,0,1208,1257,63711,13,3,0,10,1
2020-07-22,US,Alabama,Washington,234,9,0,31.4092794,-88.20689944,1129.0,1433.2965821389193,3.8461538461538463,225,225,9,0,216,219,16378,9,0,0,9,6
2020-07-22,US,Alabama,Wilcox,363,9,0,31.98773215,-87.30891118,1131.0,3499.469777306469,2.479338842975207,354,358,9,0,349,351,10627,5,0,0,5,7
2020-07-22,US,Alabama,Winston,358,9,0,34.15030532,-87.37325922,1133.0,1515.0873926107752,2.5139664804469275,349,352,8,0,344,350,23660,6,1,0,5,2
2020-07-22,US,Alaska,Aleutians East,1,0,0,55.32222414,-161.9722021,2013.0,29.96703626011388,0.0,1,1,0,0,1,,3515,0,0,0,0,
2020-07-22,US,Alaska,Aleutians West,1,0,0,52.3233,-174.1596,2016.0,17.749378771742986,0.0,1,1,0,0,1,1,5723,0,0,0,0,0
2020-07-22,US,Alaska,Anchorage,1068,9,0,61.14998174,-149.14269860000005,2020.0,370.83333333333326,0.8426966292134831,1059,1027,9,0,1018,962,291538,41,0,0,41,65
2020-07-22,US,Alaska,Bethel,17,0,0,60.90980451,-159.8561831,2050.0,92.46165560752745,0.0,17,17,0,0,17,16,18216,0,0,0,0,1
2020-07-22,US,Alaska,Bristol Bay,6,0,0,58.74513976,-156.701064,2060.0,717.7033492822967,0.0,6,6,0,0,6,6,877,0,0,0,0,0
2020-07-22,US,Alaska,Denali,1,0,0,63.67264044,-150.0076108,2068.0,47.687172150691474,0.0,1,1,0,0,1,1,2059,0,0,0,0,0
2020-07-22,US,Alaska,Dillingham,1,0,0,59.79603738,-158.23819419999995,2070.0,20.34174125305126,0.0,1,1,0,0,1,1,5000,0,0,0,0,0
2020-07-22,US,Alaska,Fairbanks North Star,331,3,0,64.80726247,-146.5692662,2090.0,341.76914578364256,0.9063444108761328,328,321,2,0,319,316,98971,10,1,0,9,5
2020-07-22,US,Alaska,Haines,3,0,0,59.09893571,-135.4679843,2100.0,118.57707509881423,0.0,3,3,0,0,3,3,2474,0,0,0,0,0
2020-07-22,US,Alaska,Juneau,71,2,0,58.45031811,-134.200436,2110.0,222.05542002877343,2.8169014084507036,69,64,2,0,62,63,32113,7,0,0,7,1
2020-07-22,US,Alaska,Kenai Peninsula,255,2,0,60.24429722,-151.53888840000005,2122.0,434.3530694283573,0.7843137254901961,253,252,2,0,250,245,58533,3,0,0,3,7
2020-07-22,US,Alaska,Ketchikan Gateway,28,0,0,55.57445008,-130.975561,2130.0,201.424357959859,0.0,28,25,0,0,25,25,13918,3,0,0,3,0
2020-07-22,US,Alaska,Kodiak Island,5,0,0,57.65529415,-153.7493579,2150.0,38.46745653177412,0.0,5,5,0,0,5,5,13345,0,0,0,0,0
2020-07-22,US,Alaska,Kusilvak,3,0,0,62.15429159999999,-163.39678830000003,2158.0,36.0837142169834,0.0,3,3,0,0,3,3,8303,0,0,0,0,0
2020-07-22,US,Alaska,Matanuska-Susitna,205,2,0,62.31305045,-149.5741743,2170.0,189.2593037104056,0.975609756097561,203,197,2,0,195,190,107610,8,0,0,8,7
2020-07-22,US,Alaska,Nome,16,0,0,64.90320724,-164.0353804,2180.0,159.93602558976409,0.0,16,16,0,0,16,16,10008,0,0,0,0,0
2020-07-22,US,Alaska,North Slope,8,0,0,69.31479216,-153.4836093,2185.0,81.36696501220504,0.0,8,7,0,0,7,6,9872,1,0,0,1,1
2020-07-22,US,Alaska,Northwest Arctic,9,0,0,67.04919196,-159.7503946,2188.0,118.09473822333028,0.0,9,9,0,0,9,8,7671,0,0,0,0,1
2020-07-22,US,Alaska,Petersburg,6,1,0,57.13978948,-132.9540995,2195.0,183.71096142069808,16.666666666666668,5,6,1,0,5,6,3221,0,0,0,0,0
2020-07-22,US,Alaska,Prince of Wales-Hyder,2,0,0,55.76261984,-133.0511621,2198.0,32.24246332419797,0.0,2,2,0,0,2,2,6422,0,0,0,0,0
2020-07-22,US,Alaska,Sitka,18,0,0,57.24124555,-135.3206587,2220.0,211.9392440833628,0.0,18,16,0,0,16,15,8647,2,0,0,2,1
2020-07-22,US,Alaska,Southeast Fairbanks,12,0,0,63.87692095,-143.2127643,2240.0,174.08965617292907,0.0,12,12,0,0,12,11,6918,0,0,0,0,1
2020-07-22,US,Alaska,Valdez-Cordova,29,0,0,61.47502768,-144.7126799,2261.0,315.1488806781135,0.0,29,18,0,0,18,17,9164,11,0,0,11,1
2020-07-22,US,Alaska,Wrangell,3,0,0,56.3202004,-132.05837309999998,2275.0,119.90407673860909,0.0,3,3,0,0,3,3,2503,0,0,0,0,0
2020-07-22,US,Alaska,Yukon-Koyukuk,32,0,0,65.50815459,-151.39073869999999,2290.0,611.8546845124283,0.0,32,29,0,0,29,29,5327,3,0,0,3,0
2020-07-22,US,Arizona,Apache,2797,115,0,35.39465006,-109.4892383,4001.0,3890.828661649533,4.111548087236325,2682,2779,115,0,2664,2740,71818,18,0,0,18,39
2020-07-22,US,Arizona,Cochise,1296,29,0,31.87934684,-109.7516088,4003.0,1029.208557678563,2.2376543209876543,1267,1287,30,0,1257,1260,126770,9,-1,0,10,27
2020-07-22,US,Arizona,Coconino,2736,107,0,35.83883429,-111.77071780000001,4005.0,1906.939139647049,3.910818713450293,2629,2745,107,0,2638,2675,142854,-9,0,0,-9,70
2020-07-22,US,Arizona,Gila,600,20,0,33.80190085,-110.8132779,4007.0,1110.7408641563923,3.333333333333333,580,596,19,0,577,573,53889,4,1,0,3,23
2020-07-22,US,Arizona,Graham,314,5,0,32.93166885,-109.8882178,4009.0,808.5073512372223,1.5923566878980893,309,311,4,0,307,298,38072,3,1,0,2,13
2020-07-22,US,Arizona,Greenlee,39,1,0,33.21498827,-109.2405279,4011.0,410.612760581175,2.5641025641025643,38,39,1,0,38,40,9483,0,0,0,0,-1
2020-07-22,US,Arizona,La Paz,445,9,0,33.72854224,-113.98100290000001,4012.0,2108.205419746068,2.02247191011236,436,445,9,0,436,435,21098,0,0,0,0,10
2020-07-22,US,Arizona,Maricopa,100543,1599,0,33.34835867,-112.49181540000001,4013.0,2241.554514254425,1.59036432173299,98944,98988,1556,0,97432,96711,4410824,1555,43,0,1512,2277
2020-07-22,US,Arizona,Mohave,2464,123,0,35.70471703,-113.7577902,4015.0,1161.2726869983646,4.991883116883117,2341,2403,123,0,2280,2281,209550,61,0,0,61,122
2020-07-22,US,Arizona,Navajo,4898,163,0,35.3997715,-110.3218983,4017.0,4415.635930907649,3.327888934258881,4735,4877,162,0,4715,4817,110445,21,1,0,20,60
2020-07-22,US,Arizona,Pima,13990,392,0,32.0971334,-111.7890033,4019.0,1335.8426933033127,2.8020014295925657,13598,13848,391,0,13457,13594,1039073,142,1,0,141,254
2020-07-22,US,Arizona,Pinal,6910,113,0,32.90525627,-111.3449483,4021.0,1493.1210551676895,1.6353111432706222,6797,6874,109,0,6765,6651,447138,36,4,0,32,223
2020-07-22,US,Arizona,Santa Cruz,2401,43,0,31.52508998,-110.8479088,4023.0,5163.662953245301,1.790920449812578,2358,2374,42,0,2332,2340,46511,27,1,0,26,34
2020-07-22,US,Arizona,Yavapai,1463,49,0,34.59933926,-112.5538588,4025.0,622.2910348406416,3.3492822966507183,1414,1448,49,0,1399,1394,231993,15,0,0,15,54
2020-07-22,US,Arizona,Yuma,9713,206,0,32.76895712,-113.90666740000002,4027.0,4543.307123445298,2.1208689385359834,9507,9669,201,0,9468,9374,212128,44,5,0,39,295
2020-07-22,US,Arkansas,Arkansas,146,1,0,34.29145151,-91.37277296,5001.0,834.9536772274962,0.6849315068493149,145,144,1,0,143,134,17769,2,0,0,2,10
2020-07-22,US,Arkansas,Ashley,142,4,0,33.19153461,-91.7698471,5003.0,722.3889708500789,2.8169014084507036,138,138,4,0,134,137,20046,4,0,0,4,1
2020-07-22,US,Arkansas,Baxter,48,0,0,36.28784385,-92.33782872,5005.0,114.47104836401793,0.0,48,46,0,0,46,44,41619,2,0,0,2,2
2020-07-22,US,Arkansas,Benton,3985,29,0,36.33644656,-94.25680817,5007.0,1427.5939399801534,0.7277289836888331,3956,3939,28,0,3911,3887,272608,46,1,0,45,52
2020-07-22,US,Arkansas,Boone,83,1,0,36.3084504,-93.09374925,5009.0,221.73541354990383,1.2048192771084338,82,81,1,0,80,79,37480,2,0,0,2,2
2020-07-22,US,Arkansas,Bradley,104,2,0,33.46755808,-92.15980837,5011.0,966.2733438632354,1.9230769230769231,102,103,2,0,101,101,10897,1,0,0,1,2
2020-07-22,US,Arkansas,Calhoun,8,0,0,33.55598792,-92.49974403,5013.0,154.17228753131624,0.0,8,7,0,0,7,6,5277,1,0,0,1,1
2020-07-22,US,Arkansas,Carroll,294,6,0,36.34038560000001,-93.54270261,5015.0,1035.940803382664,2.0408163265306123,288,291,6,0,285,286,28223,3,0,0,3,5
2020-07-22,US,Arkansas,Chicot,266,3,0,33.26458973,-91.29539209,5017.0,2628.978058904922,1.1278195488721805,263,264,3,0,261,260,10438,2,0,0,2,4
2020-07-22,US,Arkansas,Clark,107,0,0,34.04613432,-93.17484713,5019.0,479.39068100358423,0.0,107,105,0,0,105,103,22061,2,0,0,2,2
2020-07-22,US,Arkansas,Clay,94,4,0,36.36826212,-90.4148172,5021.0,646.0037110851488,4.25531914893617,90,92,3,0,89,90,14847,2,1,0,1,2
2020-07-22,US,Arkansas,Cleburne,160,5,0,35.53864922,-92.02640019,5023.0,642.0803403025802,3.125,155,159,5,0,154,156,24965,1,0,0,1,3
2020-07-22,US,Arkansas,Cleveland,49,0,0,33.89723187,-92.18537045,5025.0,615.8873805932631,0.0,49,46,0,0,46,43,8018,3,0,0,3,3
2020-07-22,US,Arkansas,Columbia,147,5,0,33.21230701,-93.22642793,5027.0,626.6786034019696,3.4013605442176873,142,141,5,0,136,139,23537,6,0,0,6,2
2020-07-22,US,Arkansas,Conway,117,3,0,35.26205537,-92.70506566,5029.0,561.2587546771563,2.5641025641025643,114,115,3,0,112,114,20891,2,0,0,2,1
2020-07-22,US,Arkansas,Craighead,828,8,0,35.83018283,-90.63235729,5031.0,750.4622412355436,0.966183574879227,820,795,8,0,787,739,108558,33,0,0,33,56
2020-07-22,US,Arkansas,Crawford,379,3,0,35.58928601,-94.2446814,5033.0,599.1431778301215,0.7915567282321899,376,370,3,0,367,360,63406,9,0,0,9,10
2020-07-22,US,Arkansas,Crittenden,994,15,0,35.21247318,-90.30839406,5035.0,2072.776561359608,1.5090543259557343,979,972,15,0,957,957,48342,22,0,0,22,15
2020-07-22,US,Arkansas,Cross,124,1,0,35.29631396,-90.77185818,5037.0,755.2226079541994,0.8064516129032258,123,121,1,0,120,117,16676,3,0,0,3,4
2020-07-22,US,Arkansas,Dallas,22,0,0,33.97042763,-92.65167437,5039.0,313.882151519475,0.0,22,21,0,0,21,21,7182,1,0,0,1,0
2020-07-22,US,Arkansas,Desha,117,1,0,33.83011025,-91.25500948,5041.0,1029.83892263005,0.8547008547008547,116,116,1,0,115,110,11512,1,0,0,1,6
2020-07-22,US,Arkansas,Drew,117,2,0,33.59035001,-91.71777921,5043.0,642.1867281409518,1.709401709401709,115,116,2,0,114,116,18328,1,0,0,1,0
2020-07-22,US,Arkansas,Faulkner,970,4,0,35.14719007,-92.33717519,5045.0,769.7985032577556,0.4123711340206185,966,940,4,0,936,926,124806,30,0,0,30,14
2020-07-22,US,Arkansas,Franklin,60,1,0,35.51202821,-93.89299569,5047.0,338.69602032176124,1.6666666666666667,59,59,1,0,58,44,17810,1,0,0,1,15
2020-07-22,US,Arkansas,Fulton,21,0,0,36.38177105,-91.81729127,5049.0,168.30968982928587,0.0,21,21,0,0,21,20,12269,0,0,0,0,1
2020-07-22,US,Arkansas,Garland,549,5,0,34.57692074,-93.14921604,5051.0,552.3916849455658,0.9107468123861566,544,519,5,0,514,499,99154,30,0,0,30,20
2020-07-22,US,Arkansas,Grant,94,0,0,34.29017991,-92.42320562,5053.0,514.6454968519025,0.0,94,90,0,0,90,83,18188,4,0,0,4,7
2020-07-22,US,Arkansas,Greene,191,0,0,36.11735460000001,-90.55832668,5055.0,421.4009928295643,0.0,191,185,0,0,185,175,45325,6,0,0,6,10
2020-07-22,US,Arkansas,Hempstead,145,2,0,33.73325583,-93.66935133,5057.0,673.4163106074681,1.3793103448275863,143,134,2,0,132,131,21741,11,0,0,11,3
2020-07-22,US,Arkansas,Hot Spring,1367,2,0,34.31709259,-92.95396325,5059.0,4047.851707085961,0.14630577907827358,1365,1362,2,0,1360,1354,33701,5,0,0,5,8
2020-07-22,US,Arkansas,Howard,209,1,0,34.09007427,-93.9934871,5061.0,1583.0934706862595,0.4784688995215311,208,196,1,0,195,178,13341,13,0,0,13,18
2020-07-22,US,Arkansas,Independence,126,0,0,35.74242707,-91.57001641,5063.0,333.1130204890945,0.0,126,125,0,0,125,114,37678,1,0,0,1,11
2020-07-22,US,Arkansas,Izard,29,1,0,36.09604046,-91.90847954,5065.0,212.7815687137721,3.4482758620689653,28,29,1,0,28,28,13593,0,0,0,0,1
2020-07-22,US,Arkansas,Jackson,47,1,0,35.59802983,-91.21494602,5067.0,281.1172917040493,2.127659574468085,46,47,0,0,47,48,16811,0,1,0,-1,-1
2020-07-22,US,Arkansas,Jefferson,1069,32,0,34.26767081,-91.92619839,5069.0,1599.7246498264096,2.993451824134705,1037,1063,32,0,1031,1029,68114,6,0,0,6,34
2020-07-22,US,Arkansas,Johnson,515,0,0,35.56759135,-93.46036368,5071.0,1937.6928286552786,0.0,515,506,0,0,506,500,26742,9,0,0,9,6
2020-07-22,US,Arkansas,Lafayette,41,2,0,33.24116713,-93.60677071,5073.0,618.9613526570048,4.878048780487805,39,38,2,0,36,38,6682,3,0,0,3,0
2020-07-22,US,Arkansas,Lawrence,148,9,0,36.04188196,-91.10867198,5075.0,902.1089845178592,6.081081081081082,139,144,9,0,135,142,16434,4,0,0,4,2
2020-07-22,US,Arkansas,Lee,867,6,0,34.78498904,-90.78383866,5077.0,9788.86756238004,0.6920415224913494,861,866,6,0,860,865,8985,1,0,0,1,1
2020-07-22,US,Arkansas,Lincoln,1132,11,0,33.95317155,-91.74002806,5079.0,8691.646191646192,0.9717314487632508,1121,1132,11,0,1121,1121,13383,0,0,0,0,11
2020-07-22,US,Arkansas,Little River,72,1,0,33.70375665,-94.23468591,5081.0,587.3235989884982,1.3888888888888888,71,67,1,0,66,65,12326,5,0,0,5,2
2020-07-22,US,Arkansas,Logan,112,0,0,35.21413234,-93.71951016,5083.0,521.7553340165844,0.0,112,112,0,0,112,110,21737,0,0,0,0,2
2020-07-22,US,Arkansas,Lonoke,276,2,0,34.75392199,-91.88742357,5085.0,376.48856211379234,0.7246376811594203,274,266,2,0,264,261,73657,10,0,0,10,5
2020-07-22,US,Arkansas,Madison,238,1,0,36.01038185,-93.72524943,5087.0,1435.8108108108108,0.4201680672268908,237,236,1,0,235,231,16481,2,0,0,2,5
2020-07-22,US,Arkansas,Marion,17,0,0,36.26844485,-92.68451899,5089.0,101.83299389002035,0.0,17,16,0,0,16,15,16722,1,0,0,1,1
2020-07-22,US,Arkansas,Miller,368,2,0,33.31403423,-93.89285258,5091.0,850.7293617218022,0.5434782608695652,366,363,2,0,361,360,43592,5,0,0,5,3
2020-07-22,US,Arkansas,Mississippi,489,7,0,35.76271485,-90.05194370000002,5093.0,1202.922437332415,1.4314928425357871,482,475,7,0,468,450,41239,14,0,0,14,25
2020-07-22,US,Arkansas,Monroe,36,0,0,34.6815935,-91.20540287,5095.0,537.2332487688404,0.0,36,35,0,0,35,35,6900,1,0,0,1,0
2020-07-22,US,Arkansas,Montgomery,16,0,0,34.53704874,-93.65824478,5097.0,178.05475183618958,0.0,16,15,0,0,15,15,8924,1,0,0,1,0
2020-07-22,US,Arkansas,Nevada,117,8,0,33.66340119,-93.30632432,5099.0,1417.8380998545804,6.837606837606838,109,117,7,0,110,117,8326,0,1,0,-1,0
2020-07-22,US,Arkansas,Newton,18,0,0,35.91947491,-93.21612969,5101.0,232.16819295756488,0.0,18,17,0,0,17,17,7805,1,0,0,1,0
2020-07-22,US,Arkansas,Ouachita,55,1,0,33.58839816,-92.87795984,5103.0,235.22367633222137,1.818181818181818,54,55,1,0,54,52,23606,0,0,0,0,3
2020-07-22,US,Arkansas,Perry,39,0,0,34.9459153,-92.94372564,5105.0,373.02725968436147,0.0,39,39,0,0,39,39,10352,0,0,0,0,0
2020-07-22,US,Arkansas,Phillips,219,6,0,34.43268455,-90.84800154,5107.0,1231.5824991564502,2.7397260273972597,213,217,6,0,211,214,18029,2,0,0,2,3
2020-07-22,US,Arkansas,Pike,43,0,0,34.16250414,-93.65789349,5109.0,401.19425265907824,0.0,43,39,0,0,39,35,10673,4,0,0,4,4
2020-07-22,US,Arkansas,Poinsett,109,3,0,35.57433534,-90.66268713,5111.0,463.2777966678002,2.7522935779816518,106,102,3,0,99,96,23974,7,0,0,7,6
2020-07-22,US,Arkansas,Polk,106,0,0,34.48254879,-94.22728802,5113.0,530.9557202965336,0.0,106,106,0,0,106,104,20049,0,0,0,0,2
2020-07-22,US,Arkansas,Pope,937,5,0,35.44871474,-93.03212219,5115.0,1462.4172805593707,0.5336179295624333,932,913,5,0,908,875,64000,24,0,0,24,38
2020-07-22,US,Arkansas,Prairie,52,0,0,34.83624419,-91.55162157,5117.0,645.0012403870007,0.0,52,52,0,0,52,49,8074,0,0,0,0,3
2020-07-22,US,Arkansas,Pulaski,3923,69,0,34.77054088,-92.31355101,5119.0,1000.9925722931993,1.7588580168238592,3854,3843,69,0,3774,3717,392680,80,0,0,80,126
2020-07-22,US,Arkansas,Randolph,115,2,0,36.3415714,-91.02455531,5121.0,640.3831161599287,1.7391304347826086,113,106,2,0,104,98,17948,9,0,0,9,8
2020-07-22,US,Arkansas,Saline,637,3,0,34.64916145,-92.67583224,5125.0,520.267566176891,0.4709576138147567,634,625,3,0,622,594,121421,12,0,0,12,31
2020-07-22,US,Arkansas,Scott,21,0,0,34.85588887,-94.0632176,5127.0,204.2602859644004,0.0,21,21,0,0,21,21,10319,0,0,0,0,0
2020-07-22,US,Arkansas,Searcy,20,0,0,35.9109364,-92.69936482,5129.0,253.7749016622256,0.0,20,20,0,0,20,20,7958,0,0,0,0,0
2020-07-22,US,Arkansas,Sebastian,1214,11,0,35.19605503,-94.27162713,5131.0,949.7211074342666,0.9060955518945636,1203,1197,10,0,1187,1166,127753,17,1,0,16,31
2020-07-22,US,Arkansas,Sevier,880,9,0,33.99780401,-94.2424869,5133.0,5174.339977656259,1.0227272727272727,871,869,9,0,860,861,17139,11,0,0,11,8
2020-07-22,US,Arkansas,Sharp,83,5,0,36.16258158,-91.47819342,5135.0,475.86285976378855,6.024096385542169,78,81,5,0,76,81,17366,2,0,0,2,0
2020-07-22,US,Arkansas,St. Francis,968,3,0,35.02201976,-90.74828138,5123.0,3872.9295030807393,0.30991735537190085,965,964,3,0,961,960,25439,4,0,0,4,4
2020-07-22,US,Arkansas,Stone,37,1,0,35.86251946,-92.15684085,5137.0,295.8579881656805,2.702702702702702,36,37,1,0,36,32,12457,0,0,0,0,5
2020-07-22,US,Arkansas,Unassigned,1266,0,0,0.0,0.0,90005.0,0.0,0.0,1266,1207,0,0,1207,1255,,59,0,0,59,-48
2020-07-22,US,Arkansas,Union,335,14,0,33.16887091,-92.59746952,5139.0,866.0358823225273,4.17910447761194,321,333,14,0,319,313,39126,2,0,0,2,20
2020-07-22,US,Arkansas,Van Buren,40,2,0,35.58095779,-92.51295036,5141.0,241.7648836506497,5.0,38,39,2,0,37,38,16603,1,0,0,1,1
2020-07-22,US,Arkansas,Washington,5350,39,0,35.976844,-94.21800746,5143.0,2236.743635732711,0.7289719626168224,5311,5312,39,0,5273,5234,236961,38,0,0,38,78
2020-07-22,US,Arkansas,White,182,2,0,35.25688493,-91.74908296,5145.0,231.10230721369342,1.0989010989010992,180,177,2,0,175,169,78727,5,0,0,5,8
2020-07-22,US,Arkansas,Woodruff,17,0,0,35.18902527,-91.2439489,5147.0,268.9873417721519,0.0,17,17,0,0,17,18,6490,0,0,0,0,-1
2020-07-22,US,Arkansas,Yell,928,14,0,35.00292371,-93.41171338,5149.0,4348.437280352374,1.5086206896551724,914,927,13,0,914,916,21535,1,1,0,0,11
2020-07-22,US,California,Alameda,9643,171,0,37.64629437,-121.8929271,6001.0,576.9659953246787,1.7733070621175984,9472,9383,166,0,9217,9256,1666753,260,5,0,255,127
2020-07-22,US,California,Alpine,2,0,0,38.59678594,-119.82235940000001,6003.0,177.14791851195747,0.0,2,2,0,0,2,2,1101,0,0,0,0,0
2020-07-22,US,California,Amador,65,0,0,38.44583082,-120.65696000000001,6005.0,163.51378546991347,0.0,65,62,0,0,62,57,39383,3,0,0,3,5
2020-07-22,US,California,Butte,683,5,0,39.66727762,-121.6005252,6007.0,311.6074931793089,0.7320644216691069,678,658,5,0,653,640,231256,25,0,0,25,18
2020-07-22,US,California,Calaveras,94,1,0,38.20537103,-120.55291299999999,6009.0,204.77072214355732,1.0638297872340423,93,94,1,0,93,87,45602,0,0,0,0,7
2020-07-22,US,California,Colusa,242,2,0,39.17881957,-122.2331726,6011.0,1123.126189260686,0.8264462809917356,240,234,0,0,234,223,21627,8,2,0,6,11
2020-07-22,US,California,Contra Costa,6202,102,0,37.91923498,-121.9289527,6013.0,537.6558482426923,1.6446307642695903,6100,5931,102,0,5829,5731,1150215,271,0,0,271,200
2020-07-22,US,California,Del Norte,79,0,0,41.74228275,-123.89740630000001,6015.0,284.05005033798363,0.0,79,68,0,0,68,66,27828,11,0,0,11,2
2020-07-22,US,California,El Dorado,486,1,0,38.77965956,-120.5233166,6017.0,252.01848135529946,0.20576131687242802,485,464,1,0,463,443,190678,22,0,0,22,21
2020-07-22,US,California,Fresno,11412,104,0,36.75733899,-119.6466953,6019.0,1142.226861948892,0.9113214160532772,11308,10970,104,0,10866,10639,994400,442,0,0,442,331
2020-07-22,US,California,Glenn,251,1,0,39.59875897,-122.3938452,6021.0,884.0207093297644,0.398406374501992,250,237,1,0,236,219,28047,14,0,0,14,18
2020-07-22,US,California,Humboldt,200,4,0,40.69923009,-123.876044,6023.0,147.53832307941988,2.0,196,195,4,0,191,189,136373,5,0,0,5,6
2020-07-22,US,California,Imperial,8799,165,0,33.0393082,-115.36690420000001,6025.0,4855.558314709047,1.8752130923968635,8634,8606,163,0,8443,8606,181827,193,2,0,191,0
2020-07-22,US,California,Inyo,41,1,0,36.51112084,-117.41119779999998,6027.0,227.2853262375963,2.4390243902439024,40,40,1,0,39,40,17987,1,0,0,1,0
2020-07-22,US,California,Kern,11188,115,0,35.34329425,-118.72777959999999,6029.0,1242.8321643364488,1.0278870218090812,11073,10068,105,0,9963,9234,896764,1120,10,0,1110,834
2020-07-22,US,California,Kings,3465,42,0,36.07409056,-119.8159973,6031.0,2265.5943507257753,1.2121212121212122,3423,3398,42,0,3356,3398,151366,67,0,0,67,0
2020-07-22,US,California,Lake,158,1,0,39.10124298,-122.75362439999999,6033.0,245.3949616376231,0.6329113924050633,157,156,1,0,155,151,64382,2,0,0,2,5
2020-07-22,US,California,Lassen,515,0,0,40.67311306,-120.59350990000002,6035.0,1684.4928531710987,0.0,515,515,0,0,515,512,30802,0,0,0,0,3
2020-07-22,US,California,Los Angeles,165134,4215,0,34.30828379,-118.22824109999999,6037.0,1644.907261173728,2.552472537454431,160919,162025,4155,0,157870,159045,10105518,3109,60,0,3049,2980
2020-07-22,US,California,Madera,1530,16,0,37.21513971,-119.76655890000002,6039.0,972.4967742345559,1.0457516339869282,1514,1451,13,0,1438,1179,157672,79,3,0,76,272
2020-07-22,US,California,Marin,4490,49,0,38.07122463,-122.72106310000001,6041.0,1734.7561682365756,1.0913140311804008,4441,4427,47,0,4380,4376,259666,63,2,0,61,51
2020-07-22,US,California,Mariposa,41,1,0,37.57978556,-119.9073334,6043.0,238.33052374585827,2.4390243902439024,40,41,1,0,40,38,17471,0,0,0,0,3
2020-07-22,US,California,Mendocino,217,3,0,39.4381191,-123.39113130000001,6045.0,250.1469757576456,1.3824884792626728,214,207,3,0,204,199,87606,10,0,0,10,8
2020-07-22,US,California,Merced,2994,26,0,37.18922369,-120.72090349999999,6047.0,1078.219533275713,0.8684034736138945,2968,2813,22,0,2791,2694,274765,181,4,0,177,119
2020-07-22,US,California,Mono,84,1,0,37.93899289,-118.8872409,6051.0,581.5563555801717,1.1904761904761905,83,84,1,0,83,83,14250,0,0,0,0,1
2020-07-22,US,California,Monterey,3545,21,0,36.21862405,-121.24133970000001,6053.0,816.7054860952724,0.5923836389280677,3524,3379,21,0,3358,3353,435594,166,0,0,166,26
2020-07-22,US,California,Napa,685,7,0,38.50735751,-122.33283899999999,6055.0,497.29933790219536,1.0218978102189782,678,661,7,0,654,632,139417,24,0,0,24,29
2020-07-22,US,California,Nevada,242,1,0,39.30394768,-120.76272809999999,6057.0,242.59435617262287,0.4132231404958678,241,231,1,0,230,228,99696,11,0,0,11,3
2020-07-22,US,California,Orange,31743,521,0,33.70147516,-117.76459979999998,6059.0,999.5616703383072,1.641306744794128,31222,30976,513,0,30463,29986,3185968,767,8,0,759,990
2020-07-22,US,California,Placer,1479,12,0,39.06167234,-120.72405690000001,6061.0,371.3011103886485,0.8113590263691683,1467,1442,12,0,1430,1403,393149,37,0,0,37,39
2020-07-22,US,California,Plumas,27,0,0,40.00355989,-120.8395236,6063.0,143.56356675705854,0.0,27,25,0,0,25,24,18804,2,0,0,2,1
2020-07-22,US,California,Riverside,31982,617,0,33.74314981,-115.9933578,6065.0,1294.5316541363734,1.9292101807266588,31365,30890,589,0,30301,29983,2450758,1092,28,0,1064,907
2020-07-22,US,California,Sacramento,7971,96,0,38.45106826,-121.34253740000001,6067.0,513.5761679009419,1.2043658261196841,7875,7686,96,0,7590,7326,1540975,285,0,0,285,360
2020-07-22,US,California,San Benito,494,2,0,36.60308176,-121.069975,6069.0,786.5240096802955,0.4048582995951417,492,486,2,0,484,458,61537,8,0,0,8,28
2020-07-22,US,California,San Bernardino,25775,337,0,34.84060306,-116.1774685,6071.0,1182.2933509473255,1.3074684772065956,25438,25067,333,0,24734,24099,2171603,708,4,0,704,968
2020-07-22,US,California,San Diego,25107,505,0,33.03484597,-116.73653259999999,6073.0,752.0826281404178,2.0113912454693907,24602,24520,487,0,24033,24135,3343364,587,18,0,569,385
2020-07-22,US,California,San Francisco,5459,53,0,37.75215114,-122.43856720000001,6075.0,619.2508867913184,0.9708737864077671,5406,5363,53,0,5310,5305,883305,96,0,0,96,58
2020-07-22,US,California,San Joaquin,9595,98,0,37.93433732,-121.2730061,6077.0,1258.9418328198724,1.0213652944241791,9497,8799,95,0,8704,8321,752660,796,3,0,793,478
2020-07-22,US,California,San Luis Obispo,1393,7,0,35.38822029,-120.4039028,6079.0,492.0331601386029,0.5025125628140703,1386,1369,7,0,1362,1306,284010,24,0,0,24,63
2020-07-22,US,California,San Mateo,4776,114,0,37.422880799999994,-122.32755459999998,6081.0,623.0326400747222,2.386934673366834,4662,4674,114,0,4560,4551,769545,102,0,0,102,123
2020-07-22,US,California,Santa Barbara,5282,32,0,34.65329488,-120.0188492,6083.0,1182.9813728586178,0.6058311245740251,5250,5124,32,0,5092,4991,446527,158,0,0,158,133
2020-07-22,US,California,Santa Clara,8321,180,0,37.23104908,-121.6970462,6085.0,431.6202696057582,2.1632015382766494,8141,8046,178,0,7868,7795,1937570,275,2,0,273,251
2020-07-22,US,California,Santa Cruz,848,3,0,37.05580291,-122.0066524,6087.0,310.38054558165237,0.35377358490566035,845,830,3,0,827,772,274255,18,0,0,18,58
2020-07-22,US,California,Shasta,268,7,0,40.76391419,-122.0396884,6089.0,148.82274544646825,2.611940298507463,261,255,7,0,248,242,180040,13,0,0,13,13
2020-07-22,US,California,Sierra,1,0,0,39.57713498,-120.52007009999998,6091.0,33.277870216306155,0.0,1,1,0,0,1,1,2987,0,0,0,0,0
2020-07-22,US,California,Siskiyou,55,0,0,41.59198861,-122.54074340000001,6093.0,126.32352603413031,0.0,55,53,0,0,53,50,43724,2,0,0,2,3
2020-07-22,US,California,Solano,2982,35,0,38.26827353,-121.9357113,6095.0,666.1558429373408,1.1737089201877935,2947,2857,35,0,2822,2759,446610,125,0,0,125,98
2020-07-22,US,California,Sonoma,2241,22,0,38.52746429,-122.88625060000001,6097.0,453.33538322112884,0.9817045961624274,2219,2212,20,0,2192,2169,499942,29,2,0,27,43
2020-07-22,US,California,Stanislaus,6984,77,0,37.55862499,-120.9970722,6099.0,1268.2962263465656,1.102520045819015,6907,6835,73,0,6762,6508,549815,149,4,0,145,327
2020-07-22,US,California,Sutter,553,4,0,39.03417539,-121.6945899,6101.0,570.2735869486754,0.7233273056057866,549,553,4,0,549,539,96807,0,0,0,0,14
2020-07-22,US,California,Tehama,165,1,0,40.12570935,-122.23701709999999,6103.0,253.51852989982171,0.6060606060606061,164,151,1,0,150,151,63916,14,0,0,14,0
2020-07-22,US,California,Trinity,3,0,0,40.64917670000001,-123.114713,6105.0,24.420024420024422,0.0,3,3,0,0,3,2,12535,0,0,0,0,1
2020-07-22,US,California,Tulare,7603,168,0,36.22026558,-118.8020203,6107.0,1630.8626218642416,2.2096540839142444,7435,7120,168,0,6952,6896,465861,483,0,0,483,224
2020-07-22,US,California,Tuolumne,109,0,0,38.02644018,-119.95250929999999,6109.0,200.08076654796432,0.0,109,104,0,0,104,101,54539,5,0,0,5,3
2020-07-22,US,California,Ventura,6049,63,0,34.44465746,-119.09106129999999,6111.0,715.0067493611157,1.0414944618945279,5986,5955,62,0,5893,5192,850967,94,1,0,93,763
2020-07-22,US,California,Yolo,1225,35,0,38.68278902,-121.90182879999999,6113.0,555.5555555555555,2.8571428571428568,1190,1200,34,0,1166,1196,220408,25,1,0,24,4
2020-07-22,US,California,Yuba,309,3,0,39.26255932,-121.35356440000001,6115.0,392.7899527126658,0.9708737864077671,306,309,3,0,306,289,78041,0,0,0,0,20
2020-07-22,US,Colorado,Adams,5248,164,0,39.87432092,-104.3362578,8001.0,1014.2611142570556,3.125,5084,5184,163,0,5021,5133,511868,64,1,0,63,51
2020-07-22,US,Colorado,Alamosa,214,7,0,37.57250606,-105.7885451,8003.0,1318.3022238649664,3.2710280373831777,207,208,7,0,201,207,16683,6,0,0,6,1
2020-07-22,US,Colorado,Arapahoe,6197,352,0,39.64977461,-104.3353617,8005.0,943.8157754458642,5.680167823140229,5845,6140,352,0,5788,6075,651215,57,0,0,57,65
2020-07-22,US,Colorado,Archuleta,24,0,0,37.19474156,-107.0476867,8007.0,171.07420343574023,0.0,24,22,0,0,22,19,13765,2,0,0,2,3
2020-07-22,US,Colorado,Baca,14,0,0,37.31940883,-102.5603223,8009.0,390.9522479754258,0.0,14,14,0,0,14,14,3585,0,0,0,0,0
2020-07-22,US,Colorado,Bent,5,0,0,37.95474293,-103.0720195,8011.0,89.65393580778195,0.0,5,5,0,0,5,5,5882,0,0,0,0,0
2020-07-22,US,Colorado,Boulder,1683,74,0,40.09313619,-105.3546767,8013.0,515.9474671669793,4.396910279263221,1609,1662,74,0,1588,1650,326078,21,0,0,21,12
2020-07-22,US,Colorado,Broomfield,371,32,0,39.95998787,-105.0566324,8014.0,526.5025189810544,8.625336927223719,339,364,31,0,333,362,69267,7,1,0,6,2
2020-07-22,US,Colorado,Chaffee,220,19,0,38.74745778,-106.19265729999998,8015.0,1080.7624287679312,8.636363636363637,201,215,19,0,196,215,20027,5,0,0,5,0
2020-07-22,US,Colorado,Cheyenne,7,0,0,38.82777431,-102.6032558,8017.0,382.3047515019115,0.0,7,8,0,0,8,9,1876,-1,0,0,-1,-1
2020-07-22,US,Colorado,Clear Creek,24,1,0,39.68864463,-105.6463118,8019.0,247.42268041237114,4.166666666666667,23,24,1,0,23,24,9605,0,0,0,0,0
2020-07-22,US,Colorado,Conejos,21,0,0,37.201606,-106.19174879999998,8021.0,255.94149908592323,0.0,21,21,0,0,21,21,8200,0,0,0,0,0
2020-07-22,US,Colorado,Costilla,22,0,0,37.27732493,-105.4276548,8023.0,565.9891947517366,0.0,22,22,0,0,22,22,3828,0,0,0,0,0
2020-07-22,US,Colorado,Crowley,73,1,0,38.32608609,-103.7844965,8025.0,1204.4217125886814,1.3698630136986298,72,72,1,0,71,72,5858,1,0,0,1,0
2020-07-22,US,Colorado,Custer,10,0,0,38.10883162,-105.3683478,8027.0,197.3164956590371,0.0,10,10,0,0,10,9,4954,0,0,0,0,1
2020-07-22,US,Colorado,Delta,92,1,0,38.86246243,-107.8631342,8029.0,295.231371542263,1.0869565217391304,91,90,1,0,89,88,30953,2,0,0,2,2
2020-07-22,US,Colorado,Denver,8650,402,0,39.76018276,-104.8725695,8031.0,1189.475956771831,4.647398843930636,8248,8532,399,0,8133,8429,716492,118,3,0,115,103
2020-07-22,US,Colorado,Dolores,2,0,0,37.75208676,-108.5211585,8033.0,97.32360097323601,0.0,2,2,0,0,2,2,2074,0,0,0,0,0
2020-07-22,US,Colorado,Douglas,1410,54,0,39.33133796,-104.930001,8035.0,401.5332304345102,3.8297872340425534,1356,1377,54,0,1323,1357,342776,33,0,0,33,20
2020-07-22,US,Colorado,Eagle,884,9,0,39.62754308,-106.6933637,8037.0,1603.5699385056325,1.0180995475113122,875,855,9,0,846,850,54993,29,0,0,29,5
2020-07-22,US,Colorado,El Paso,3786,122,0,38.83240149,-104.5251411,8041.0,525.539177377107,3.2223983095615427,3664,3686,122,0,3564,3604,713856,100,0,0,100,82
2020-07-22,US,Colorado,Elbert,75,2,0,39.28656773,-104.1358721,8039.0,280.59411126491824,2.6666666666666665,73,73,2,0,71,70,26282,2,0,0,2,3
2020-07-22,US,Colorado,Fremont,82,0,0,38.47362326,-105.4399667,8043.0,171.40826522293526,0.0,82,78,0,0,78,77,48021,4,0,0,4,1
2020-07-22,US,Colorado,Garfield,561,4,0,39.59921777,-107.902708,8045.0,934.05038211152,0.7130124777183601,557,537,4,0,533,528,59770,24,0,0,24,9
2020-07-22,US,Colorado,Gilpin,13,0,0,39.85646523,-105.5252597,8047.0,208.23322120775268,0.0,13,13,0,0,13,12,6121,0,0,0,0,1
2020-07-22,US,Colorado,Grand,39,1,0,40.10603347,-106.1178042,8049.0,247.8708529299606,2.5641025641025643,38,37,1,0,36,37,15525,2,0,0,2,0
2020-07-22,US,Colorado,Gunnison,216,6,0,38.66611652,-107.0320729,8051.0,1236.9717099988547,2.7777777777777777,210,210,6,0,204,202,17246,6,0,0,6,8
2020-07-22,US,Colorado,Hinsdale,3,0,0,37.82247444,-107.3004345,8053.0,365.8536585365854,0.0,3,3,0,0,3,3,811,0,0,0,0,0
2020-07-22,US,Colorado,Huerfano,5,1,0,37.68473101,-104.9612585,8055.0,72.4952878062926,20.0,4,5,1,0,4,5,6889,0,0,0,0,0
2020-07-22,US,Colorado,Jackson,8,0,0,40.66593870000001,-106.3408905,8057.0,574.7126436781608,0.0,8,8,0,0,8,8,1399,0,0,0,0,0
2020-07-22,US,Colorado,Jefferson,3395,219,0,39.58635604,-105.2517692,8059.0,582.4516496506147,6.450662739322532,3176,3348,218,0,3130,3306,580233,47,1,0,46,42
2020-07-22,US,Colorado,Kit Carson,36,3,0,39.30497777,-102.6022199,8063.0,507.25658729040435,8.333333333333334,33,36,3,0,33,36,7163,0,0,0,0,0
2020-07-22,US,Colorado,La Plata,174,2,0,37.28632032,-107.8429014,8067.0,309.4928941142988,1.1494252873563218,172,170,2,0,168,165,56310,4,0,0,4,5
2020-07-22,US,Colorado,Lake,60,0,0,39.20278823,-106.3555697,8065.0,738.2798080472501,0.0,60,60,0,0,60,61,7824,0,0,0,0,-1
2020-07-22,US,Colorado,Larimer,1158,32,0,40.66671597,-105.4625784,8069.0,324.4615423411105,2.763385146804836,1126,1131,32,0,1099,1112,350518,27,0,0,27,19
2020-07-22,US,Colorado,Las Animas,11,0,0,37.3153406,-104.0376458,8071.0,75.83069074865574,0.0,11,11,0,0,11,11,14503,0,0,0,0,0
2020-07-22,US,Colorado,Lincoln,6,0,0,38.98749519,-103.5136649,8073.0,105.24469391334854,0.0,6,7,0,0,7,6,5610,-1,0,0,-1,1
2020-07-22,US,Colorado,Logan,643,5,0,40.7249637,-103.110817,8075.0,2869.3828372528887,0.7776049766718507,638,643,5,0,638,643,21528,0,0,0,0,0
2020-07-22,US,Colorado,Mesa,199,0,0,39.01787888,-108.469799,8077.0,129.04480902665196,0.0,199,191,0,0,191,189,153207,8,0,0,8,2
2020-07-22,US,Colorado,Mineral,17,0,0,37.66954283,-106.9281698,8079.0,2210.663198959688,0.0,17,17,0,0,17,17,776,0,0,0,0,0
2020-07-22,US,Colorado,Moffat,20,1,0,40.61810999,-108.2070876,8081.0,150.56839569374392,5.0,19,18,1,0,17,18,13188,2,0,0,2,0
2020-07-22,US,Colorado,Montezuma,91,4,0,37.33859579,-108.5958857,8083.0,347.553756254058,4.395604395604397,87,91,4,0,87,92,26158,0,0,0,0,-1
2020-07-22,US,Colorado,Montrose,245,13,0,38.40214114,-108.26390220000002,8085.0,572.992188596286,5.306122448979592,232,236,12,0,224,235,42214,9,1,0,8,1
2020-07-22,US,Colorado,Morgan,666,46,0,40.26279810000001,-103.8093302,8087.0,2291.179303701665,6.906906906906907,620,665,46,0,619,665,28558,1,0,0,1,0
2020-07-22,US,Colorado,Otero,30,2,0,37.9014485,-103.7173385,8089.0,164.1317430791115,6.666666666666668,28,26,1,0,25,24,18432,4,1,0,3,2
2020-07-22,US,Colorado,Ouray,12,1,0,38.14717457,-107.7675136,8091.0,242.3263327948304,8.333333333333334,11,12,1,0,11,12,4833,0,0,0,0,0
2020-07-22,US,Colorado,Park,35,1,0,39.120926,-105.7182065,8093.0,185.72565667285755,2.8571428571428568,34,35,1,0,34,35,18556,0,0,0,0,0
2020-07-22,US,Colorado,Phillips,17,0,0,40.59414277,-102.3577703,8095.0,398.59320046893316,0.0,17,17,0,0,17,16,4286,0,0,0,0,1
2020-07-22,US,Colorado,Pitkin,162,2,0,39.21720112,-106.9310027,8097.0,911.8027804356392,1.2345679012345678,160,160,2,0,158,154,17950,2,0,0,2,6
2020-07-22,US,Colorado,Prowers,45,0,0,37.95544985,-102.3926052,8099.0,369.7009530069011,0.0,45,45,0,0,45,45,12164,0,0,0,0,0
2020-07-22,US,Colorado,Pueblo,535,33,0,38.17359144,-104.5127437,8101.0,317.6506911129055,6.168224299065421,502,524,33,0,491,502,167529,11,0,0,11,22
2020-07-22,US,Colorado,Rio Blanco,6,0,0,39.97913541,-108.2179009,8103.0,94.87666034155598,0.0,6,6,0,0,6,6,6336,0,0,0,0,0
2020-07-22,US,Colorado,Rio Grande,84,2,0,37.5836865,-106.3847838,8105.0,745.5400727789117,2.380952380952381,82,84,2,0,82,84,11250,0,0,0,0,0
2020-07-22,US,Colorado,Routt,93,6,0,40.48596505,-106.9905548,8107.0,362.74280365083087,6.451612903225807,87,91,6,0,85,87,25733,2,0,0,2,4
2020-07-22,US,Colorado,Saguache,106,2,0,38.08054629,-106.282466,8109.0,1553.3411488862835,1.8867924528301887,104,106,2,0,104,106,6843,0,0,0,0,0
2020-07-22,US,Colorado,San Juan,2,0,0,37.76248981,-107.67632890000002,8111.0,274.72527472527474,0.0,2,2,0,0,2,2,762,0,0,0,0,0
2020-07-22,US,Colorado,San Miguel,69,0,0,38.00450883,-108.4020725,8113.0,843.6239149040225,0.0,69,68,0,0,68,67,8191,1,0,0,1,1
2020-07-22,US,Colorado,Sedgwick,11,0,0,40.87595412,-102.3519227,8115.0,489.32384341637015,0.0,11,11,0,0,11,10,2303,0,0,0,0,1
2020-07-22,US,Colorado,Summit,311,4,0,39.63803232,-106.1150762,8117.0,1002.8699493728031,1.2861736334405145,307,308,4,0,304,306,31007,3,0,0,3,2
2020-07-22,US,Colorado,Teller,87,2,0,38.88133511,-105.1614893,8119.0,342.68158184969275,2.2988505747126435,85,85,2,0,83,81,25083,2,0,0,2,4
2020-07-22,US,Colorado,Washington,46,0,0,39.97015535,-103.202587,8121.0,937.2453137734312,0.0,46,46,0,0,46,46,4909,0,0,0,0,0
2020-07-22,US,Colorado,Weld,3293,139,0,40.55499405,-104.3929621,8123.0,1014.8170062744227,4.221075007591861,3154,3258,139,0,3119,3244,314305,35,0,0,35,14
2020-07-22,US,Colorado,Yuma,56,0,0,40.00346839,-102.4258673,8125.0,558.9380177662441,0.0,56,56,0,0,56,56,10020,0,0,0,0,0
2020-07-22,US,Connecticut,Fairfield,17164,1399,0,41.26809896,-73.3881171,9001.0,1819.5078720959327,8.150780703798649,15765,17123,1399,0,15724,17112,943823,41,0,0,41,11
2020-07-22,US,Connecticut,Hartford,12147,1407,0,41.80283011,-72.73103891,9003.0,1362.198896514601,11.583106939985182,10740,12101,1406,0,10695,12082,892697,46,1,0,45,19
2020-07-22,US,Connecticut,Litchfield,1530,138,0,41.7937534,-73.2451475,9005.0,848.4304037530568,9.019607843137257,1392,1525,138,0,1387,1524,181111,5,0,0,5,1
2020-07-22,US,Connecticut,Middlesex,1362,188,0,41.45949668,-72.53714864,9007.0,838.4840798837697,13.803230543318652,1174,1361,189,0,1172,1359,162682,1,-1,0,2,2
2020-07-22,US,Connecticut,New Haven,12825,1092,0,41.408032500000004,-72.93620426,9009.0,1500.4264369873542,8.514619883040936,11733,12794,1092,0,11702,12788,857620,31,0,0,31,6
2020-07-22,US,Connecticut,New London,1364,102,0,41.48896435,-72.10430976,9011.0,514.3171723113353,7.478005865102639,1262,1357,102,0,1255,1356,266784,7,0,0,7,1
2020-07-22,US,Connecticut,Tolland,946,65,0,41.85853803,-72.3308481,9013.0,627.649763470253,6.871035940803383,881,946,65,0,881,948,150921,0,0,0,0,-2
2020-07-22,US,Connecticut,Unassigned,230,0,0,0.0,0.0,90009.0,0.0,0.0,230,236,0,0,236,234,,-6,0,0,-6,2
2020-07-22,US,Connecticut,Windham,655,15,0,41.82972709,-71.98182316,9015.0,560.8741073110582,2.2900763358778624,640,653,15,0,638,652,117027,2,0,0,2,1
2020-07-22,US,Delaware,Kent,2025,87,0,39.08646628,-75.56884914,10001.0,1120.108857986791,4.296296296296297,1938,2017,87,0,1930,2013,178550,8,0,0,8,4
2020-07-22,US,Delaware,New Castle,6231,252,0,39.57992638,-75.64054974,10003.0,1115.161797789005,4.0442946557534905,5979,6206,251,0,5955,6125,559335,25,1,0,24,81
2020-07-22,US,Delaware,Sussex,5375,179,0,38.66143781,-75.39031349,10005.0,2294.802006617569,3.3302325581395347,5196,5365,178,0,5187,5333,229286,10,1,0,9,32
2020-07-22,US,Delaware,Unassigned,161,9,0,0.0,0.0,90010.0,0.0,5.590062111801243,152,158,9,0,149,153,,3,0,0,3,5
2020-07-22,US,District of Columbia,District of Columbia,11529,580,0,38.90417773,-77.01655992,11001.0,1633.5836111705435,5.030791916037818,10949,11427,580,0,10847,11339,702455,102,0,0,102,88
2020-07-22,US,Florida,Alachua,2809,15,0,29.67866525,-82.35928158,12001.0,1044.0710221042732,0.533997864008544,2794,2737,14,0,2723,2683,269956,72,1,0,71,54
2020-07-22,US,Florida,Baker,250,4,0,30.33060121,-82.28467476,12003.0,855.8712769599452,1.6,246,245,4,0,241,238,28355,5,0,0,5,7
2020-07-22,US,Florida,Bay,2269,13,0,30.26548745,-85.62122584,12005.0,1298.7607681520274,0.5729396209784046,2256,2195,11,0,2184,2105,185287,74,2,0,72,90
2020-07-22,US,Florida,Bradford,205,2,0,29.95079741,-82.16611613,12007.0,726.9245771426546,0.975609756097561,203,198,2,0,196,195,27732,7,0,0,7,3
2020-07-22,US,Florida,Brevard,4561,58,0,28.29409504,-80.73091022,12009.0,757.7141983779168,1.2716509537382152,4503,4413,53,0,4360,4303,596849,148,5,0,143,110
2020-07-22,US,Florida,Broward,43747,529,0,26.15184651,-80.48725556,12011.0,2240.244410782997,1.2092257754817473,43218,42577,517,0,42060,40976,1951260,1170,12,0,1158,1601
2020-07-22,US,Florida,Calhoun,230,7,0,30.40666734,-85.19394153,12013.0,1630.62743707905,3.0434782608695654,223,229,7,0,222,229,14587,1,0,0,1,0
2020-07-22,US,Florida,Charlotte,1536,82,0,26.90131002,-81.92949121,12015.0,813.0855963157059,5.338541666666667,1454,1500,82,0,1418,1470,184998,36,0,0,36,30
2020-07-22,US,Florida,Citrus,911,18,0,28.84804315,-82.47614748,12017.0,608.7252851520477,1.9758507135016463,893,874,17,0,857,855,147929,37,1,0,36,19
2020-07-22,US,Florida,Clay,2249,44,0,29.98319144,-81.85609986,12019.0,1025.760312334665,1.9564250778123609,2205,2197,43,0,2154,2137,216072,52,1,0,51,60
2020-07-22,US,Florida,Collier,8249,114,0,26.11091986,-81.34687065,12021.0,2143.142929888647,1.3819856952357858,8135,8076,109,0,7967,7934,378488,173,5,0,168,142
2020-07-22,US,Florida,Columbia,1523,6,0,30.22509788,-82.62160164,12023.0,2124.5431465000147,0.3939592908732764,1517,1456,5,0,1451,1372,70503,67,1,0,66,84
2020-07-22,US,Florida,DeSoto,1112,14,0,27.18677893,-81.80941373,12027.0,2926.238783189916,1.2589928057553956,1098,1099,14,0,1085,1086,37489,13,0,0,13,13
2020-07-22,US,Florida,Dixie,203,4,0,29.60631086,-83.15724673,12029.0,1206.466183287769,1.9704433497536944,199,199,4,0,195,190,16700,4,0,0,4,9
2020-07-22,US,Florida,Duval,17979,108,0,30.33225875,-81.66976468,12031.0,1877.2024160667395,0.6007008176205573,17871,17544,105,0,17439,17245,950181,435,3,0,432,299
2020-07-22,US,Florida,Escambia,6302,63,0,30.67652764,-87.37284571,12033.0,1979.7936641576293,0.999682640431609,6239,6074,62,0,6012,5900,315534,228,1,0,227,174
2020-07-22,US,Florida,Flagler,696,7,0,29.45933576,-81.31508595,12035.0,604.7914077910341,1.0057471264367817,689,683,7,0,676,659,112067,13,0,0,13,24
2020-07-22,US,Florida,Franklin,81,1,0,29.83791238,-84.82731662,12037.0,668.0412371134021,1.2345679012345678,80,80,0,0,80,77,11736,1,1,0,0,3
2020-07-22,US,Florida,Gadsden,957,12,0,30.57796289,-84.61915825,12039.0,2095.92641261498,1.2539184952978055,945,912,12,0,900,854,45894,45,0,0,45,58
2020-07-22,US,Florida,Gilchrist,277,0,0,29.72856978,-82.79880657,12041.0,1490.6899149714773,0.0,277,266,0,0,266,230,18256,11,0,0,11,36
2020-07-22,US,Florida,Glades,289,2,0,26.95635849,-81.18996211,12043.0,2092.534935920643,0.6920415224913494,287,287,2,0,285,286,13724,2,0,0,2,1
2020-07-22,US,Florida,Gulf,205,0,0,29.93543004,-85.24270990000002,12045.0,1503.0427450692864,0.0,205,192,0,0,192,178,16164,13,0,0,13,14
2020-07-22,US,Florida,Hamilton,523,2,0,30.49673973,-82.94998918,12047.0,3624.896035486554,0.3824091778202677,521,519,2,0,517,516,14310,4,0,0,4,3
2020-07-22,US,Florida,Hardee,726,4,0,27.49293939,-81.80956574,12049.0,2695.1776367078737,0.5509641873278237,722,717,4,0,713,710,27245,9,0,0,9,7
2020-07-22,US,Florida,Hendry,1427,32,0,26.55386945,-81.16469006,12051.0,3395.840274142116,2.242466713384723,1395,1409,31,0,1378,1389,41556,18,1,0,17,20
2020-07-22,US,Florida,Hernando,1273,16,0,28.55364461,-82.42700204,12053.0,656.4562706270627,1.2568735271013354,1257,1229,14,0,1215,1207,190865,44,2,0,42,22
2020-07-22,US,Florida,Highlands,876,16,0,27.34254618,-81.34071957,12055.0,824.6956816448725,1.8264840182648399,860,809,16,0,793,778,105424,67,0,0,67,31
2020-07-22,US,Florida,Hillsborough,24891,260,0,27.9276559,-82.32013172,12057.0,1691.0014348138004,1.0445542565585957,24631,24550,244,0,24306,24135,1436888,341,16,0,325,415
2020-07-22,US,Florida,Holmes,331,1,0,30.86747479,-85.81319222,12059.0,1687.3120252841925,0.3021148036253776,330,323,1,0,322,313,19477,8,0,0,8,10
2020-07-22,US,Florida,Indian River,1729,28,0,27.69308961,-80.60556721,12061.0,1081.145301176191,1.6194331983805668,1701,1685,27,0,1658,1649,157413,44,1,0,43,36
2020-07-22,US,Florida,Jackson,916,15,0,30.795459700000002,-85.21500423,12063.0,1973.5424656353687,1.6375545851528384,901,887,15,0,872,857,48305,29,0,0,29,30
2020-07-22,US,Florida,Jefferson,122,5,0,30.43669112,-83.89442308,12065.0,856.3807384528993,4.0983606557377055,117,118,5,0,113,113,14288,4,0,0,4,5
2020-07-22,US,Florida,Lafayette,74,0,0,29.98484137,-83.18166636,12067.0,878.6511517454286,0.0,74,74,0,0,74,73,8732,0,0,0,0,1
2020-07-22,US,Florida,Lake,3594,36,0,28.76202069,-81.7125123,12069.0,978.9767867552124,1.001669449081803,3558,3473,36,0,3437,3391,356495,121,0,0,121,82
2020-07-22,US,Florida,Lee,13395,245,0,26.58410348,-81.88399313,12071.0,1738.3077875410245,1.8290406868234417,13150,13125,244,0,12881,12906,754610,270,1,0,269,219
2020-07-22,US,Florida,Leon,3319,13,0,30.45955727,-84.27491114,12073.0,1130.5189010225422,0.3916842422416391,3306,3265,11,0,3254,3140,292502,54,2,0,52,125
2020-07-22,US,Florida,Levy,414,2,0,29.31829741,-82.74007147,12075.0,997.5182516926487,0.4830917874396135,412,398,2,0,396,375,40770,16,0,0,16,23
2020-07-22,US,Florida,Liberty,320,2,0,30.23766008,-84.8829258,12077.0,3830.500359109409,0.625,318,316,2,0,314,311,8457,4,0,0,4,5
2020-07-22,US,Florida,Madison,492,4,0,30.44396917,-83.47398594,12079.0,2660.466122316552,0.8130081300813008,488,477,4,0,473,451,18529,15,0,0,15,26
2020-07-22,US,Florida,Manatee,7078,149,0,27.47196942,-82.31831044,12081.0,1755.2256275836758,2.1051144391070924,6929,6871,149,0,6722,6738,394855,207,0,0,207,133
2020-07-22,US,Florida,Marion,2826,35,0,29.21227113,-82.05803627,12083.0,773.0203321306749,1.2384996461429585,2791,2721,33,0,2688,2550,359977,105,2,0,103,171
2020-07-22,US,Florida,Martin,3250,54,0,27.0772071,-80.43109784,12085.0,2018.633540372671,1.6615384615384616,3196,3193,54,0,3139,3152,160912,57,0,0,57,41
2020-07-22,US,Florida,Miami-Dade,92345,1342,0,25.6112362,-80.55170587,12086.0,3398.8604827489753,1.4532459797498511,91003,89557,1325,0,88232,87035,2761581,2788,17,0,2771,2522
2020-07-22,US,Florida,Monroe,978,6,0,25.20904673,-81.07812416,12087.0,1317.5621059438488,0.6134969325153374,972,935,6,0,929,894,75027,43,0,0,43,41
2020-07-22,US,Florida,Nassau,838,7,0,30.61037141,-81.80297522,12089.0,945.5571227080395,0.8353221957040573,831,811,5,0,806,784,85832,27,2,0,25,27
2020-07-22,US,Florida,Okaloosa,2104,16,0,30.69143028,-86.59267105,12091.0,998.3961127086716,0.7604562737642585,2088,2062,16,0,2046,1973,207269,42,0,0,42,89
2020-07-22,US,Florida,Okeechobee,694,2,0,27.386336199999995,-80.88944347,12093.0,1645.79776133561,0.2881844380403458,692,684,2,0,682,662,41537,10,0,0,10,22
2020-07-22,US,Florida,Orange,24700,138,0,28.51367621,-81.31799498,12095.0,1772.5763068982642,0.5587044534412956,24562,24011,124,0,23887,23584,1380645,689,14,0,675,427
2020-07-22,US,Florida,Osceola,6687,43,0,28.06312234,-81.14882926,12097.0,1779.6359823393686,0.6430387318678032,6644,6479,43,0,6436,6268,367990,208,0,0,208,211
2020-07-22,US,Florida,Palm Beach,27506,709,0,26.64676272,-80.46536002,12099.0,1837.6904935294,2.57761942848833,26797,26951,701,0,26250,26426,1485941,555,8,0,547,525
2020-07-22,US,Florida,Pasco,5260,59,0,28.30810945,-82.40227529,12101.0,949.5493251159407,1.1216730038022813,5201,5161,58,0,5103,5050,539630,99,1,0,98,111
2020-07-22,US,Florida,Pinellas,14191,342,0,27.93130349,-82.72239666,12103.0,1455.4931507411313,2.409978155168769,13849,13925,334,0,13591,13705,975280,266,8,0,258,220
2020-07-22,US,Florida,Polk,10309,200,0,27.95027105,-81.69732947,12105.0,1422.3685354253796,1.9400523814142985,10109,10072,186,0,9886,9877,708009,237,14,0,223,195
2020-07-22,US,Florida,Putnam,1050,11,0,29.60779729,-81.74230285,12107.0,1408.9988057057742,1.0476190476190477,1039,1006,8,0,998,984,74163,44,3,0,41,22
2020-07-22,US,Florida,Santa Rosa,2090,18,0,30.69341450000001,-87.02458128,12113.0,1133.940633596111,0.8612440191387559,2072,2018,17,0,2001,1976,179349,72,1,0,71,42
2020-07-22,US,Florida,Sarasota,4567,109,0,27.18546175,-82.33174248,12115.0,1052.930082860318,2.3866871031311585,4458,4432,108,0,4324,4338,426718,135,1,0,134,94
2020-07-22,US,Florida,Seminole,5633,51,0,28.7158582,-81.24060348,12117.0,1193.8723173373235,0.9053790165098526,5582,5519,46,0,5473,5411,467832,114,5,0,109,108
2020-07-22,US,Florida,St. Johns,2670,17,0,29.90096506,-81.43589967,12109.0,1008.7957925281104,0.6367041198501873,2653,2612,16,0,2596,2541,254261,58,1,0,57,71
2020-07-22,US,Florida,St. Lucie,3896,87,0,27.37763908,-80.47106649,12111.0,1186.7303082270018,2.2330595482546203,3809,3807,83,0,3724,3706,321128,89,4,0,85,101
2020-07-22,US,Florida,Sumter,881,21,0,28.70181754,-82.0794267,12119.0,665.3073553843831,2.3836549375709417,860,859,22,0,837,843,128754,22,-1,0,23,16
2020-07-22,US,Florida,Suwannee,934,26,0,30.19746066,-82.99099670000003,12121.0,2102.798478060203,2.78372591006424,908,926,26,0,900,895,44191,8,0,0,8,31
2020-07-22,US,Florida,Taylor,226,2,0,30.04848048,-83.60445406,12123.0,1047.800083453104,0.8849557522123894,224,221,2,0,219,214,21623,5,0,0,5,7
2020-07-22,US,Florida,Unassigned,420,0,0,0.0,0.0,90012.0,0.0,0.0,420,411,0,0,411,404,,9,0,0,9,7
2020-07-22,US,Florida,Union,161,3,0,30.04412971,-82.37497443,12125.0,1056.6384458882983,1.8633540372670807,158,145,3,0,142,142,14940,16,0,0,16,3
2020-07-22,US,Florida,Volusia,5657,89,0,29.05858895,-81.18263252,12127.0,1022.4405549410428,1.5732720523245536,5568,5530,86,0,5444,5297,547538,127,3,0,124,233
2020-07-22,US,Florida,Wakulla,341,1,0,30.16548905,-84.39895211,12129.0,1010.6997836331841,0.2932551319648094,340,309,1,0,308,297,32461,32,0,0,32,12
2020-07-22,US,Florida,Walton,898,11,0,30.64204028,-86.16935664,12131.0,1212.3503125379702,1.2249443207126949,887,866,11,0,855,822,71375,32,0,0,32,44
2020-07-22,US,Florida,Washington,367,13,0,30.61359259,-85.66002461,12133.0,1440.7411769324383,3.5422343324250685,354,333,13,0,320,310,24880,34,0,0,34,23
2020-07-22,US,Georgia,Appling,455,16,0,31.74847232,-82.28909114,13001.0,2474.7090177308824,3.5164835164835164,439,449,15,0,434,437,18507,6,1,0,5,12
2020-07-22,US,Georgia,Atkinson,246,2,0,31.29633502,-82.87545866,13003.0,3012.859767299449,0.8130081300813008,244,226,2,0,224,228,8297,20,0,0,20,-2
2020-07-22,US,Georgia,Bacon,355,5,0,31.55456473,-82.45936528,13005.0,3179.8638480831237,1.4084507042253518,350,348,5,0,343,345,11185,7,0,0,7,3
2020-07-22,US,Georgia,Baker,46,3,0,31.32669878,-84.44218806,13007.0,1514.1540487162604,6.521739130434782,43,45,3,0,42,45,3092,1,0,0,1,0
2020-07-22,US,Georgia,Baldwin,770,37,0,33.06882326,-83.24701748,13009.0,1715.3040766317663,4.805194805194804,733,755,35,0,720,745,44823,15,2,0,13,10
2020-07-22,US,Georgia,Banks,196,3,0,34.35607081,-83.49644388,13011.0,1019.0288031610687,1.5306122448979589,193,191,3,0,188,188,18988,5,0,0,5,3
2020-07-22,US,Georgia,Barrow,817,31,0,33.99148694,-83.71436292,13013.0,981.4992791926958,3.79436964504284,786,798,30,0,768,771,80809,19,1,0,18,27
2020-07-22,US,Georgia,Bartow,1214,50,0,34.23732119,-84.83887523,13015.0,1126.8076259072936,4.118616144975288,1164,1172,49,0,1123,1142,106408,42,1,0,41,30
2020-07-22,US,Georgia,Ben Hill,284,1,0,31.76095874,-83.22145359,13017.0,1700.5988023952093,0.35211267605633795,283,276,1,0,275,266,16787,8,0,0,8,10
2020-07-22,US,Georgia,Berrien,205,0,0,31.27590016,-83.22529920000002,13019.0,1056.8644635768417,0.0,205,201,0,0,201,202,19252,4,0,0,4,-1
2020-07-22,US,Georgia,Bibb,2390,47,0,32.80904227,-83.70489165,13021.0,1560.4698385338113,1.96652719665272,2343,2328,44,0,2284,2248,153095,62,3,0,59,80
2020-07-22,US,Georgia,Bleckley,103,1,0,32.43829035,-83.33035166,13023.0,800.1242911520236,0.9708737864077671,102,103,1,0,102,103,12838,0,0,0,0,0
2020-07-22,US,Georgia,Brantley,181,3,0,31.19576557,-81.97743999,13025.0,947.1976555549741,1.6574585635359116,178,179,3,0,176,174,18897,2,0,0,2,5
2020-07-22,US,Georgia,Brooks,293,12,0,30.83922642,-83.58303423,13027.0,1895.5812900304072,4.09556313993174,281,289,12,0,277,282,15513,4,0,0,4,7
2020-07-22,US,Georgia,Bryan,396,6,0,32.00979311,-81.44002948,13029.0,999.3186463774699,1.5151515151515151,390,384,5,0,379,372,38109,12,1,0,11,12
2020-07-22,US,Georgia,Bulloch,834,8,0,32.39577406,-81.74811421,13031.0,1047.6334036780222,0.9592326139088728,826,824,8,0,816,803,77296,10,0,0,10,21
2020-07-22,US,Georgia,Burke,270,7,0,33.05917989,-81.99928721,13033.0,1206.2726176115802,2.592592592592593,263,263,7,0,256,252,22423,7,0,0,7,11
2020-07-22,US,Georgia,Butts,379,36,0,33.283094500000004,-83.95435040000002,13035.0,1519.8909207571385,9.498680738786279,343,378,35,0,343,375,24193,1,1,0,0,3
2020-07-22,US,Georgia,Calhoun,178,6,0,31.53169785,-84.62725131,13037.0,2876.0704475682664,3.3707865168539324,172,178,6,0,172,177,6352,0,0,0,0,1
2020-07-22,US,Georgia,Camden,423,3,0,30.92951916,-81.66601818,13039.0,773.7899242673691,0.7092198581560284,420,410,3,0,407,394,53677,13,0,0,13,16
2020-07-22,US,Georgia,Candler,143,1,0,32.40209349,-82.07702563,13043.0,1323.7063778580025,0.6993006993006993,142,143,0,0,143,139,10836,0,1,0,-1,4
2020-07-22,US,Georgia,Carroll,1414,42,0,33.58138199,-85.07976677,13045.0,1178.411894126275,2.9702970297029703,1372,1392,42,0,1350,1373,118121,22,0,0,22,19
2020-07-22,US,Georgia,Catoosa,423,8,0,34.89872298,-85.13757014,13047.0,625.9248298313111,1.8912529550827424,415,407,8,0,399,395,67420,16,0,0,16,12
2020-07-22,US,Georgia,Charlton,207,2,0,30.78371028,-82.13951596,13049.0,1545.6989247311828,0.966183574879227,205,204,2,0,202,194,12968,3,0,0,3,10
2020-07-22,US,Georgia,Chatham,3723,43,0,32.00043026,-81.12489526,13051.0,1286.3213903189023,1.15498254096159,3680,3603,41,0,3562,3483,289195,120,2,0,118,120
2020-07-22,US,Georgia,Chattahoochee,504,1,0,32.34341231,-84.78809239,13053.0,4620.885669753369,0.1984126984126984,503,504,1,0,503,502,10684,0,0,0,0,2
2020-07-22,US,Georgia,Chattooga,101,2,0,34.47197698,-85.34535662,13055.0,407.4387833313163,1.98019801980198,99,98,2,0,96,93,24790,3,0,0,3,5
2020-07-22,US,Georgia,Cherokee,2267,50,0,34.24393976,-84.47431861,13057.0,876.0573939321338,2.205558006175562,2217,2202,50,0,2152,2125,254149,65,0,0,65,77
2020-07-22,US,Georgia,Clarke,1306,15,0,33.95436462,-83.37124007,13059.0,1017.6808409503552,1.1485451761102603,1291,1286,15,0,1271,1255,127330,20,0,0,20,31
2020-07-22,US,Georgia,Clay,68,2,0,31.62221166,-84.97713865,13061.0,2399.435426958363,2.9411764705882355,66,67,2,0,65,65,2887,1,0,0,1,2
2020-07-22,US,Georgia,Clayton,3630,88,0,33.54187245,-84.35594188,13063.0,1242.061754078616,2.4242424242424243,3542,3542,86,0,3456,3455,289615,88,2,0,86,87
2020-07-22,US,Georgia,Clinch,141,4,0,30.91395822,-82.70432472,13065.0,2130.5530371713508,2.8368794326241136,137,132,4,0,128,132,6648,9,0,0,9,0
2020-07-22,US,Georgia,Cobb,8966,274,0,33.94243204,-84.5761255,13067.0,1179.5180104743727,3.0559892928842283,8692,8759,267,0,8492,8510,756865,207,7,0,200,249
2020-07-22,US,Georgia,Coffee,1080,21,0,31.54892966,-82.85492059999999,13069.0,2495.782589605528,1.9444444444444444,1059,1071,19,0,1052,1055,43093,9,2,0,7,16
2020-07-22,US,Georgia,Colquitt,1377,20,0,31.18810588,-83.7677946,13071.0,3019.7368421052643,1.4524328249818446,1357,1361,20,0,1341,1360,45592,16,0,0,16,1
2020-07-22,US,Georgia,Columbia,1323,17,0,33.54534185,-82.263524,13073.0,844.2130250009571,1.2849584278155706,1306,1300,15,0,1285,1242,154291,23,2,0,21,58
2020-07-22,US,Georgia,Cook,301,5,0,31.16068491,-83.42947229,13075.0,1742.9067747539084,1.6611295681063123,296,298,5,0,293,295,17162,3,0,0,3,3
2020-07-22,US,Georgia,Coweta,1056,17,0,33.35334302,-84.76129976,13077.0,711.0680160798337,1.6098484848484849,1039,1042,17,0,1025,1019,145864,14,0,0,14,23
2020-07-22,US,Georgia,Crawford,68,0,0,32.71391813,-83.98061238,13079.0,548.2102547565302,0.0,68,67,0,0,67,68,12318,1,0,0,1,-1
2020-07-22,US,Georgia,Crisp,340,13,0,31.92289565,-83.76811843,13081.0,1519.756838905775,3.8235294117647056,327,340,13,0,327,339,22601,0,0,0,0,1
2020-07-22,US,Georgia,Dade,89,1,0,34.854916700000004,-85.50490424,13083.0,552.2462149416729,1.1235955056179776,88,88,1,0,87,87,16226,1,0,0,1,1
2020-07-22,US,Georgia,Dawson,210,3,0,34.44244079,-84.16964071,13085.0,804.3511567335682,1.4285714285714286,207,205,3,0,202,202,25083,5,0,0,5,3
2020-07-22,US,Georgia,DeKalb,10203,196,0,33.76944049,-84.22396017,13089.0,1343.742962240072,1.9210036263843968,10007,9950,190,0,9760,9800,756558,253,6,0,247,150
2020-07-22,US,Georgia,Decatur,417,8,0,30.87967778,-84.57619536,13087.0,1579.3061657324647,1.9184652278177456,409,398,8,0,390,383,26575,19,0,0,19,15
2020-07-22,US,Georgia,Dodge,179,2,0,32.17265114,-83.16948926,13091.0,868.7211841785976,1.11731843575419,177,174,2,0,172,168,20705,5,0,0,5,6
2020-07-22,US,Georgia,Dooly,226,14,0,32.15630737,-83.79746561,13093.0,1687.8267363704254,6.1946902654867255,212,226,14,0,212,224,13706,0,0,0,0,2
2020-07-22,US,Georgia,Dougherty,2365,158,0,31.53328528,-84.21722377,13095.0,2688.8444222111057,6.680761099365751,2207,2343,158,0,2185,2317,91243,22,0,0,22,26
2020-07-22,US,Georgia,Douglas,1853,43,0,33.70291126,-84.77026156,13097.0,1266.2033715312655,2.320561252023745,1810,1805,41,0,1764,1750,145331,48,2,0,46,55
2020-07-22,US,Georgia,Early,337,31,0,31.32155345,-84.90255207,13099.0,3307.1638861629053,9.19881305637982,306,336,31,0,305,327,10247,1,0,0,1,9
2020-07-22,US,Georgia,Echols,217,0,0,30.71101099,-82.89687287,13101.0,5416.874687968048,0.0,217,211,0,0,211,209,4000,6,0,0,6,2
2020-07-22,US,Georgia,Effingham,444,1,0,32.36616021,-81.34280942,13103.0,690.5561776782381,0.22522522522522526,443,435,1,0,434,419,62190,9,0,0,9,16
2020-07-22,US,Georgia,Elbert,247,1,0,34.11302332,-82.83936148,13105.0,1286.8604772324686,0.4048582995951417,246,246,1,0,245,235,19120,1,0,0,1,11
2020-07-22,US,Georgia,Emanuel,271,5,0,32.59221302,-82.30239915,13107.0,1196.6793252671553,1.845018450184502,266,267,5,0,262,260,22612,4,0,0,4,7
2020-07-22,US,Georgia,Evans,128,0,0,32.15328841,-81.8870105,13109.0,1201.4266941993615,0.0,128,112,0,0,112,100,10721,16,0,0,16,12
2020-07-22,US,Georgia,Fannin,206,2,0,34.86430205,-84.316964,13111.0,786.6198258744463,0.9708737864077671,204,199,2,0,197,193,25964,7,0,0,7,6
2020-07-22,US,Georgia,Fayette,702,21,0,33.41357794,-84.49089434,13113.0,613.5237412712702,2.9914529914529915,681,693,21,0,672,669,113459,9,0,0,9,24
2020-07-22,US,Georgia,Floyd,905,15,0,34.26268279,-85.21577392,13115.0,918.8003817336393,1.6574585635359116,890,889,15,0,874,867,97927,16,0,0,16,22
2020-07-22,US,Georgia,Forsyth,1454,16,0,34.22604035,-84.12315129999998,13117.0,595.2868349082096,1.1004126547455295,1438,1414,16,0,1398,1383,236612,40,0,0,40,31
2020-07-22,US,Georgia,Franklin,308,3,0,34.37525597,-83.23159927,13119.0,1319.1143089639813,0.9740259740259741,305,300,3,0,297,294,23023,8,0,0,8,6
2020-07-22,US,Georgia,Fulton,14169,350,0,33.79216944,-84.46319413,13121.0,1331.7517860550013,2.470181381890041,13819,13779,348,0,13431,13379,1050114,390,2,0,388,400
2020-07-22,US,Georgia,Gilmer,392,3,0,34.69316688,-84.45802506,13123.0,1249.6413656794925,0.7653061224489796,389,367,2,0,365,360,30816,25,1,0,24,7
2020-07-22,US,Georgia,Glascock,17,0,0,33.22879932,-82.61297636,13125.0,572.1979131605519,0.0,17,17,0,0,17,17,2995,0,0,0,0,0
2020-07-22,US,Georgia,Glynn,1948,12,0,31.23279254,-81.53811412,13127.0,2283.918773155747,0.6160164271047228,1936,1914,12,0,1902,1858,85219,34,0,0,34,56
2020-07-22,US,Georgia,Gordon,723,20,0,34.50487351,-84.87296253,13129.0,1247.3474457843795,2.7662517289073305,703,711,20,0,691,685,57685,12,0,0,12,26
2020-07-22,US,Georgia,Grady,312,4,0,30.87454847,-84.23418364,13131.0,1266.5935939593228,1.2820512820512822,308,301,4,0,297,289,24748,11,0,0,11,12
2020-07-22,US,Georgia,Greene,185,11,0,33.5769205,-83.17139104,13133.0,1009.6048897620607,5.945945945945946,174,166,10,0,156,165,17698,19,1,0,18,1
2020-07-22,US,Georgia,Gwinnett,14099,209,0,33.96044201,-84.02137802,13135.0,1505.9012016021359,1.4823746364990424,13890,13878,204,0,13674,13614,927781,221,5,0,216,264
2020-07-22,US,Georgia,Habersham,890,43,0,34.63331566,-83.53094677,13137.0,1963.4662901517825,4.831460674157303,847,876,42,0,834,855,45388,14,1,0,13,21
2020-07-22,US,Georgia,Hall,4620,69,0,34.32207823,-83.81896936,13139.0,2259.8206817614864,1.4935064935064934,4551,4528,68,0,4460,4420,202148,92,1,0,91,108
2020-07-22,US,Georgia,Hancock,246,33,0,33.2721566,-82.99766919,13141.0,2908.8329194749913,13.414634146341465,213,244,33,0,211,244,8348,2,0,0,2,0
2020-07-22,US,Georgia,Haralson,142,6,0,33.79602175,-85.21005667,13143.0,476.63802363050485,4.225352112676056,136,136,6,0,130,135,29533,6,0,0,6,1
2020-07-22,US,Georgia,Harris,530,14,0,32.73709786,-84.90538572,13145.0,1504.1434896128958,2.641509433962264,516,522,14,0,508,511,34475,8,0,0,8,11
2020-07-22,US,Georgia,Hart,175,0,0,34.34626973,-82.96567682,13147.0,667.8114863575654,0.0,175,165,0,0,165,158,26099,10,0,0,10,7
2020-07-22,US,Georgia,Heard,104,3,0,33.29686567,-85.12886832,13149.0,872.2636920238194,2.8846153846153846,101,104,3,0,101,102,11879,0,0,0,0,2
2020-07-22,US,Georgia,Henry,2301,36,0,33.4533428,-84.14814659999998,13151.0,980.981493087086,1.564537157757497,2265,2260,35,0,2225,2213,230220,41,1,0,40,47
2020-07-22,US,Georgia,Houston,1297,36,0,32.45802497,-83.66879087,13153.0,821.5984746267333,2.7756360832690823,1261,1255,34,0,1221,1239,155469,42,2,0,40,16
2020-07-22,US,Georgia,Irwin,117,1,0,31.60213036,-83.27501387,13155.0,1242.5658453695835,0.8547008547008547,116,112,1,0,111,109,9398,5,0,0,5,3
2020-07-22,US,Georgia,Jackson,667,13,0,34.13794553,-83.56814788,13157.0,913.9865985173413,1.949025487256372,654,647,13,0,634,631,70422,20,0,0,20,16
2020-07-22,US,Georgia,Jasper,103,1,0,33.31535543,-83.68844964,13159.0,724.3828679935298,0.9708737864077671,102,103,1,0,102,103,14040,0,0,0,0,0
2020-07-22,US,Georgia,Jeff Davis,232,4,0,31.80405727,-82.63724870000001,13161.0,1534.8991068475025,1.7241379310344829,228,231,4,0,227,216,15029,1,0,0,1,15
2020-07-22,US,Georgia,Jefferson,319,5,0,33.05867328,-82.41609057,13163.0,2076.552532222367,1.567398119122257,314,312,5,0,307,295,15430,7,0,0,7,17
2020-07-22,US,Georgia,Jenkins,197,15,0,32.79248718,-81.96040187,13165.0,2270.631627478101,7.614213197969542,182,194,14,0,180,193,8683,3,1,0,2,1
2020-07-22,US,Georgia,Johnson,187,2,0,32.70211082,-82.66166794,13167.0,1939.2305299180755,1.0695187165775402,185,157,2,0,155,155,9708,30,0,0,30,2
2020-07-22,US,Georgia,Jones,199,1,0,33.02512137,-83.56019163,13169.0,692.5352357751871,0.5025125628140703,198,191,1,0,190,187,28616,8,0,0,8,4
2020-07-22,US,Georgia,Lamar,173,8,0,33.07841647,-84.14263877,13171.0,906.8511820516852,4.624277456647398,165,168,7,0,161,166,19000,5,1,0,4,2
2020-07-22,US,Georgia,Lanier,185,3,0,31.03828570000001,-83.06472457,13173.0,1774.9208481243404,1.6216216216216215,182,184,3,0,181,184,10340,1,0,0,1,0
2020-07-22,US,Georgia,Laurens,537,1,0,32.46325233,-82.92221316,13175.0,1129.4325495309806,0.186219739292365,536,513,1,0,512,492,47325,24,0,0,24,21
2020-07-22,US,Georgia,Lee,457,22,0,31.779330600000005,-84.14324253,13177.0,1523.739663910376,4.814004376367615,435,454,22,0,432,449,29764,3,0,0,3,5
2020-07-22,US,Georgia,Liberty,437,2,0,31.82588896,-81.49251135,13179.0,711.3209082770408,0.4576659038901602,435,398,2,0,396,377,61497,39,0,0,39,21
2020-07-22,US,Georgia,Lincoln,91,2,0,33.79201475,-82.45024131,13181.0,1148.844842822876,2.1978021978021984,89,92,2,0,90,88,7915,-1,0,0,-1,4
2020-07-22,US,Georgia,Long,90,1,0,31.75218791,-81.74952375,13183.0,460.14622424459327,1.1111111111111112,89,88,1,0,87,83,18998,2,0,0,2,5
2020-07-22,US,Georgia,Lowndes,2344,23,0,30.83568832,-83.27056716,13185.0,1996.4908096690122,0.9812286689419796,2321,2285,22,0,2263,2248,116321,59,1,0,58,37
2020-07-22,US,Georgia,Lumpkin,222,5,0,34.57286511,-84.00425681,13187.0,660.5177030645641,2.2522522522522523,217,211,5,0,206,204,32955,11,0,0,11,7
2020-07-22,US,Georgia,Macon,153,10,0,32.35207048,-84.04234127,13193.0,1181.7409438479954,6.5359477124183005,143,151,10,0,141,150,13143,2,0,0,2,1
2020-07-22,US,Georgia,Madison,239,4,0,34.12920917,-83.21218732,13195.0,799.8661311914324,1.6736401673640169,235,235,4,0,231,228,29650,4,0,0,4,7
2020-07-22,US,Georgia,Marion,113,4,0,32.3483402,-84.52733571,13197.0,1351.8363440602946,3.5398230088495577,109,114,3,0,111,111,8351,-1,1,0,-2,3
2020-07-22,US,Georgia,McDuffie,211,8,0,33.47851918,-82.48252774,13189.0,990.0525525525528,3.791469194312796,203,206,8,0,198,201,21531,5,0,0,5,5
2020-07-22,US,Georgia,McIntosh,110,1,0,31.49683595,-81.40163426,13191.0,765.0577270830438,0.9090909090909092,109,110,1,0,109,103,14340,0,0,0,0,7
2020-07-22,US,Georgia,Meriwether,293,5,0,33.04163534,-84.68859732,13199.0,1384.2301696036286,1.706484641638225,288,290,4,0,286,282,21068,3,1,0,2,8
2020-07-22,US,Georgia,Miller,77,0,0,31.16568912,-84.73151117,13201.0,1346.6246939489329,0.0,77,74,0,0,74,72,5686,3,0,0,3,2
2020-07-22,US,Georgia,Mitchell,528,41,0,31.22483255,-84.19381821,13205.0,2415.039107167361,7.7651515151515165,487,525,41,0,484,522,22192,3,0,0,3,3
2020-07-22,US,Georgia,Monroe,324,20,0,33.014289,-83.92097166,13207.0,1174.8495177315249,6.172839506172839,304,315,20,0,295,306,27520,9,0,0,9,9
2020-07-22,US,Georgia,Montgomery,94,0,0,32.17201038,-82.53527476,13209.0,1024.8582642825993,0.0,94,91,0,0,91,86,9193,3,0,0,3,5
2020-07-22,US,Georgia,Morgan,119,0,0,33.59232073,-83.49129491,13211.0,617.3479975098567,0.0,119,112,0,0,112,115,18853,7,0,0,7,-3
2020-07-22,US,Georgia,Murray,412,2,0,34.78897608,-84.74993177,13213.0,1027.533918595371,0.4854368932038835,410,399,2,0,397,391,39921,13,0,0,13,8
2020-07-22,US,Georgia,Muscogee,3550,71,0,32.50931999,-84.87142262,13215.0,1813.3616660451853,2.0,3479,3520,67,0,3453,3435,194160,30,4,0,26,85
2020-07-22,US,Georgia,Newton,1263,22,0,33.55514538,-83.84547140000002,13217.0,1130.2620274914086,1.7418844022169435,1241,1239,21,0,1218,1202,109541,24,1,0,23,37
2020-07-22,US,Georgia,Oconee,314,15,0,33.83749973,-83.43679568,13219.0,779.5431976166832,4.777070063694269,299,304,15,0,289,294,39272,10,0,0,10,10
2020-07-22,US,Georgia,Oglethorpe,150,7,0,33.878629600000004,-83.08278123,13221.0,983.0264106428994,4.666666666666667,143,145,8,0,137,140,15054,5,-1,0,6,5
2020-07-22,US,Georgia,Out of GA,13182,71,0,0.0,0.0,80013.0,0.0,0.5386132605067516,13111,13123,68,0,13055,12787,,59,3,0,56,336
2020-07-22,US,Georgia,Paulding,1110,18,0,33.91969522,-84.86848792,13223.0,658.1014662026361,1.6216216216216215,1092,1080,17,0,1063,1057,164044,30,1,0,29,23
2020-07-22,US,Georgia,Peach,209,9,0,32.56934316,-83.82937,13225.0,758.7308502141873,4.30622009569378,200,204,10,0,194,201,27297,5,-1,0,6,3
2020-07-22,US,Georgia,Pickens,191,5,0,34.46589159,-84.46406611,13227.0,586.051363873462,2.6178010471204187,186,176,5,0,171,166,31980,15,0,0,15,10
2020-07-22,US,Georgia,Pierce,324,5,0,31.35928155,-82.21598442,13229.0,1664.5260724377088,1.5432098765432098,319,322,5,0,317,314,19389,2,0,0,2,8
2020-07-22,US,Georgia,Pike,146,3,0,33.09310242,-84.38790389,13231.0,769.9609745807404,2.054794520547945,143,141,3,0,138,141,18634,5,0,0,5,0
2020-07-22,US,Georgia,Polk,439,3,0,34.00267074,-85.18677781,13233.0,1030.2020510172952,0.683371298405467,436,431,2,0,429,417,42470,8,1,0,7,14
2020-07-22,US,Georgia,Pulaski,70,2,0,32.23334561,-83.47549959999998,13235.0,628.5355122564425,2.8571428571428568,68,70,2,0,68,70,11069,0,0,0,0,0
2020-07-22,US,Georgia,Putnam,279,16,0,33.32056115,-83.37552891,13237.0,1261.35901261359,5.734767025089606,263,276,16,0,260,274,21809,3,0,0,3,2
2020-07-22,US,Georgia,Quitman,25,1,0,31.86728114,-85.01773177,13239.0,1087.4293170943888,4.0,24,25,1,0,24,24,2279,0,0,0,0,1
2020-07-22,US,Georgia,Rabun,134,3,0,34.88389445,-83.40304637,13241.0,781.9338273910253,2.238805970149253,131,125,3,0,122,118,16867,9,0,0,9,7
2020-07-22,US,Georgia,Randolph,229,26,0,31.76622818,-84.75732369,13243.0,3378.577751549129,11.353711790393016,203,228,26,0,202,223,6833,1,0,0,1,5
2020-07-22,US,Georgia,Richmond,2437,73,0,33.35777107,-82.07026432,13245.0,1203.349825694506,2.9954862535904803,2364,2390,69,0,2321,2305,201554,47,4,0,43,85
2020-07-22,US,Georgia,Rockdale,926,12,0,33.65145002,-84.02202167,13247.0,1018.7466995247316,1.2958963282937366,914,914,11,0,903,895,90594,12,1,0,11,19
2020-07-22,US,Georgia,Schley,32,1,0,32.2654021,-84.31258912,13249.0,608.7121932661214,3.125,31,31,1,0,30,31,5236,1,0,0,1,0
2020-07-22,US,Georgia,Screven,138,8,0,32.74976524,-81.60779441,13251.0,988.1139911212946,5.797101449275362,130,136,8,0,128,136,13938,2,0,0,2,0
2020-07-22,US,Georgia,Seminole,77,2,0,30.93464824,-84.86823924,13253.0,951.7923362175526,2.5974025974025974,75,79,2,0,77,71,8315,-2,0,0,-2,8
2020-07-22,US,Georgia,Spalding,676,33,0,33.26310031,-84.28013991,13255.0,1013.4476710192945,4.881656804733729,643,664,33,0,631,659,66100,12,0,0,12,5
2020-07-22,US,Georgia,Stephens,442,6,0,34.55151201,-83.29405315,13257.0,1704.9180327868853,1.3574660633484164,436,412,6,0,406,403,26035,30,0,0,30,9
2020-07-22,US,Georgia,Stewart,235,4,0,32.07996777,-84.83208037,13259.0,3549.312792629512,1.702127659574468,231,234,4,0,230,233,6199,1,0,0,1,1
2020-07-22,US,Georgia,Sumter,680,55,0,32.03650571,-84.19821492,13261.0,2303.210947026148,8.088235294117647,625,675,53,0,622,668,29733,5,2,0,3,7
2020-07-22,US,Georgia,Talbot,108,3,0,32.69642758,-84.53351366,13263.0,1743.3414043583537,2.7777777777777777,105,107,3,0,104,106,6272,1,0,0,1,1
2020-07-22,US,Georgia,Taliaferro,5,0,0,33.56543317,-82.88136816,13265.0,325.3090435914118,0.0,5,3,0,0,3,2,1608,2,0,0,2,1
2020-07-22,US,Georgia,Tattnall,282,0,0,32.04785085,-82.05539188,13267.0,1115.2416356877322,0.0,282,277,0,0,277,267,25391,5,0,0,5,10
2020-07-22,US,Georgia,Taylor,54,2,0,32.55792548,-84.25077141,13269.0,673.3167082294265,3.703703703703704,52,54,2,0,52,52,8039,0,0,0,0,2
2020-07-22,US,Georgia,Telfair,226,5,0,31.92829517,-82.93491155,13271.0,1424.968474148802,2.2123893805309733,221,219,5,0,214,216,15876,7,0,0,7,3
2020-07-22,US,Georgia,Terrell,268,29,0,31.77527543,-84.44069698,13273.0,3141.4839995311213,10.82089552238806,239,265,29,0,236,260,8611,3,0,0,3,5
2020-07-22,US,Georgia,Thomas,755,36,0,30.86392347,-83.91847289,13275.0,1698.499471327979,4.768211920529802,719,714,34,0,680,696,44448,41,2,0,39,18
2020-07-22,US,Georgia,Tift,1089,32,0,31.45743864,-83.5236119,13277.0,2679.3622674933567,2.938475665748393,1057,1088,29,0,1059,1109,40571,1,3,0,-2,-21
2020-07-22,US,Georgia,Toombs,444,6,0,32.12059861,-82.32957247,13279.0,1654.8639582556839,1.351351351351351,438,426,6,0,420,412,26887,18,0,0,18,14
2020-07-22,US,Georgia,Towns,85,1,0,34.91369188,-83.74107459999998,13281.0,706.1560189415967,1.1764705882352942,84,84,1,0,83,84,11852,1,0,0,1,0
2020-07-22,US,Georgia,Treutlen,62,2,0,32.40422134,-82.56904553,13283.0,898.4205187653963,3.2258064516129035,60,62,2,0,60,59,6809,0,0,0,0,3
2020-07-22,US,Georgia,Troup,1957,49,0,33.03349196,-85.02812115,13285.0,2798.832985326507,2.503832396525294,1908,1939,45,0,1894,1874,70034,18,4,0,14,65
2020-07-22,US,Georgia,Turner,204,18,0,31.71612656,-83.62069378,13287.0,2554.7902316844084,8.823529411764708,186,204,18,0,186,214,7912,0,0,0,0,-10
2020-07-22,US,Georgia,Twiggs,61,1,0,32.67435595,-83.43078662,13289.0,751.231527093596,1.639344262295082,60,58,1,0,57,56,8188,3,0,0,3,2
2020-07-22,US,Georgia,Unassigned,1917,8,0,0.0,0.0,90013.0,0.0,0.4173187271778821,1909,1680,7,0,1673,1821,,237,1,0,236,-141
2020-07-22,US,Georgia,Union,147,4,0,34.82995757,-83.98967069,13291.0,599.7307331402228,2.7210884353741496,143,144,5,0,139,137,24001,3,-1,0,4,7
2020-07-22,US,Georgia,Upson,434,45,0,32.87920671,-84.30024826,13293.0,1648.936170212766,10.368663594470046,389,426,45,0,381,419,26215,8,0,0,8,7
2020-07-22,US,Georgia,Walker,419,14,0,34.73376362,-85.30165174,13295.0,600.6221241094595,3.3412887828162283,405,414,14,0,400,411,69410,5,0,0,5,3
2020-07-22,US,Georgia,Walton,675,32,0,33.78017694,-83.73552314,13297.0,713.583457549713,4.7407407407407405,643,669,32,0,637,649,93503,6,0,0,6,20
2020-07-22,US,Georgia,Ware,914,17,0,31.05449097,-82.42224148,13299.0,2557.7881009682656,1.8599562363238507,897,896,17,0,879,851,35680,18,0,0,18,45
2020-07-22,US,Georgia,Warren,44,0,0,33.41146451,-82.67795848,13301.0,837.4571754853447,0.0,44,44,0,0,44,45,5251,0,0,0,0,-1
2020-07-22,US,Georgia,Washington,254,1,0,32.96711864,-82.79357039,13303.0,1246.6869539609304,0.3937007874015748,253,250,1,0,249,244,20386,4,0,0,4,6
2020-07-22,US,Georgia,Wayne,443,1,0,31.5521809,-81.91894878,13305.0,1480.2686537240618,0.2257336343115124,442,429,0,0,429,381,29808,14,1,0,13,48
2020-07-22,US,Georgia,Webster,35,2,0,32.04066113,-84.54742852,13307.0,1342.5393172228614,5.7142857142857135,33,35,2,0,33,35,2611,0,0,0,0,0
2020-07-22,US,Georgia,Wheeler,76,0,0,32.12009104,-82.72574721,13309.0,967.536600891152,0.0,76,77,0,0,77,77,7879,-1,0,0,-1,0
2020-07-22,US,Georgia,White,236,5,0,34.64624278,-83.74905525,13311.0,766.2835249042146,2.1186440677966103,231,228,5,0,223,218,29970,8,0,0,8,10
2020-07-22,US,Georgia,Whitfield,2410,23,0,34.80987459,-84.96093476,13313.0,2303.398707802883,0.9543568464730292,2387,2347,23,0,2324,2298,104062,63,0,0,63,49
2020-07-22,US,Georgia,Wilcox,148,17,0,31.97496928,-83.43438555,13315.0,1713.9548349739432,11.486486486486484,131,148,16,0,132,147,8812,0,1,0,-1,1
2020-07-22,US,Georgia,Wilkes,150,3,0,33.78290391,-82.74286107,13317.0,1534.2129487572877,2.0,147,149,3,0,146,144,9876,1,0,0,1,5
2020-07-22,US,Georgia,Wilkinson,145,10,0,32.80291082,-83.17140684,13319.0,1619.3879830243466,6.896551724137932,135,140,9,0,131,134,9036,5,1,0,4,6
2020-07-22,US,Georgia,Worth,383,23,0,31.55162306,-83.85090513,13321.0,1891.6382673976389,6.005221932114883,360,377,22,0,355,374,20299,6,1,0,5,3
2020-07-22,US,Hawaii,Hawaii,114,0,0,19.60121157,-155.5210167,15001.0,56.572032573580856,0.0,114,114,0,0,114,114,200983,0,0,0,0,0
2020-07-22,US,Hawaii,Honolulu,1117,18,0,21.45803166,-157.97121819999995,15003.0,114.61547380723465,1.6114592658907791,1099,1100,17,0,1083,1079,980080,17,1,0,16,21
2020-07-22,US,Hawaii,Kauai,43,0,0,22.03935037,-159.5966786,15007.0,59.480170970910045,0.0,43,43,0,0,43,43,72133,0,0,0,0,0
2020-07-22,US,Hawaii,Maui,139,6,0,20.86399628,-156.56890969999995,15009.0,83.0262159756775,4.316546762589929,133,139,6,0,133,135,167207,0,0,0,0,4
2020-07-22,US,Hawaii,Out of HI,22,1,0,0.0,0.0,80015.0,0.0,4.545454545454546,21,22,1,0,21,22,,0,0,0,0,0
2020-07-22,US,Idaho,Ada,6423,40,0,43.4526575,-116.24155159999998,16001.0,1333.7154034473524,0.6227619492449011,6383,6195,35,0,6160,5979,469966,228,5,0,223,216
2020-07-22,US,Idaho,Adams,15,0,0,44.89333571,-116.4545247,16003.0,349.32463903120635,0.0,15,15,0,0,15,15,4250,0,0,0,0,0
2020-07-22,US,Idaho,Bannock,221,1,0,42.67002716,-112.2233311,16005.0,251.68549562682216,0.4524886877828054,220,213,1,0,212,199,87138,8,0,0,8,14
2020-07-22,US,Idaho,Bear Lake,3,0,0,42.28269683,-111.32892379999998,16007.0,48.979591836734684,0.0,3,3,0,0,3,3,6050,0,0,0,0,0
2020-07-22,US,Idaho,Benewah,37,0,0,47.21754179,-116.6586851,16009.0,397.935039793504,0.0,37,37,0,0,37,36,9226,0,0,0,0,1
2020-07-22,US,Idaho,Bingham,129,2,0,43.21672879999999,-112.3978437,16011.0,275.5762534447032,1.5503875968992251,127,121,2,0,119,113,46236,8,0,0,8,8
2020-07-22,US,Idaho,Blaine,562,6,0,43.4085812,-113.9752658,16013.0,2441.249294122757,1.0676156583629892,556,561,5,0,556,558,22601,1,1,0,0,3
2020-07-22,US,Idaho,Boise,25,0,0,43.98829931,-115.7309284,16015.0,319.2440301366365,0.0,25,22,0,0,22,20,7634,3,0,0,3,2
2020-07-22,US,Idaho,Bonner,103,0,0,48.29996017,-116.6017932,16017.0,225.19075624740373,0.0,103,101,0,0,101,99,44727,2,0,0,2,2
2020-07-22,US,Idaho,Bonneville,394,1,0,43.38713372,-111.6161537,16019.0,330.9200248609968,0.2538071065989848,393,370,1,0,369,358,116854,24,0,0,24,12
2020-07-22,US,Idaho,Boundary,19,0,0,48.76684761,-116.4630179,16021.0,155.1653736218865,0.0,19,19,0,0,19,13,11948,0,0,0,0,6
2020-07-22,US,Idaho,Camas,1,0,0,43.46665742,-114.8065892,16025.0,90.41591320072331,0.0,1,1,0,0,1,1,1127,0,0,0,0,0
2020-07-22,US,Idaho,Canyon,3598,22,0,43.61970148,-116.70954990000001,16027.0,1565.3755291517475,0.6114508060033352,3576,3493,20,0,3473,3317,223499,105,2,0,103,176
2020-07-22,US,Idaho,Caribou,21,0,0,42.77149116,-111.5597683,16029.0,293.5010482180293,0.0,21,21,0,0,21,21,7060,0,0,0,0,0
2020-07-22,US,Idaho,Cassia,383,1,0,42.28347888,-113.6012409,16031.0,1593.841032043279,0.2610966057441253,382,381,1,0,380,382,23864,2,0,0,2,-1
2020-07-22,US,Idaho,Clark,1,0,0,44.28496071,-112.35057040000001,16033.0,118.3431952662722,0.0,1,1,0,0,1,1,852,0,0,0,0,0
2020-07-22,US,Idaho,Clearwater,8,0,0,46.67459924,-115.6622393,16035.0,91.36592051164915,0.0,8,8,0,0,8,8,8758,0,0,0,0,0
2020-07-22,US,Idaho,Custer,7,0,0,44.24186819,-114.2855494,16037.0,162.22479721900348,0.0,7,7,0,0,7,6,4280,0,0,0,0,1
2020-07-22,US,Idaho,Elmore,131,2,0,43.3507101,-115.4701578,16039.0,476.1731670967977,1.5267175572519085,129,128,2,0,126,125,27259,3,0,0,3,3
2020-07-22,US,Idaho,Franklin,37,0,0,42.18332217,-111.81496659999999,16041.0,266.6474488325166,0.0,37,36,0,0,36,35,13726,1,0,0,1,1
2020-07-22,US,Idaho,Fremont,31,0,0,44.22800938,-111.48099429999999,16043.0,236.65928696847087,0.0,31,29,0,0,29,26,13168,2,0,0,2,3
2020-07-22,US,Idaho,Gem,107,0,0,44.06482372,-116.398376,16045.0,590.7685512367491,0.0,107,102,0,0,102,101,17634,5,0,0,5,1
2020-07-22,US,Idaho,Gooding,100,1,0,42.96927962,-114.81083059999999,16047.0,658.8049278608604,1.0,99,97,1,0,96,95,15196,3,0,0,3,2
2020-07-22,US,Idaho,Idaho,22,0,0,45.84721541,-115.4634436,16049.0,131.99736005279894,0.0,22,18,0,0,18,17,16513,4,0,0,4,1
2020-07-22,US,Idaho,Jefferson,61,1,0,43.82078483,-112.3131749,16051.0,204.21144253623922,1.639344262295082,60,59,1,0,58,54,29439,2,0,0,2,5
2020-07-22,US,Idaho,Jerome,361,6,0,42.68891267,-114.2655033,16053.0,1478.7809274127478,1.6620498614958448,355,360,6,0,354,356,24015,1,0,0,1,4
2020-07-22,US,Idaho,Kootenai,1161,1,0,47.67282258,-116.7020872,16055.0,700.6765360869539,0.08613264427217916,1160,1116,1,0,1115,1067,161505,45,0,0,45,49
2020-07-22,US,Idaho,Latah,56,0,0,46.81587887,-116.71136979999999,16057.0,139.62301785180014,0.0,56,50,0,0,50,47,40134,6,0,0,6,3
2020-07-22,US,Idaho,Lemhi,7,0,0,44.9438088,-113.9309747,16059.0,87.20568082720817,0.0,7,7,0,0,7,6,7961,0,0,0,0,1
2020-07-22,US,Idaho,Lewis,1,0,0,46.23315327,-116.434146,16061.0,26.055237102657642,0.0,1,1,0,0,1,1,3861,0,0,0,0,0
2020-07-22,US,Idaho,Lincoln,44,0,0,43.0012336,-114.1358773,16063.0,819.9776369735373,0.0,44,44,0,0,44,46,5360,0,0,0,0,-2
2020-07-22,US,Idaho,Madison,108,0,0,43.78141028,-111.65384740000002,16065.0,270.6292129200391,0.0,108,104,0,0,104,100,39304,4,0,0,4,4
2020-07-22,US,Idaho,Minidoka,328,1,0,42.85518524,-113.6357257,16067.0,1559.0094586244593,0.3048780487804878,327,325,1,0,324,317,20825,3,0,0,3,8
2020-07-22,US,Idaho,Nez Perce,120,19,0,46.32638236,-116.75009750000001,16069.0,296.9708968521085,15.833333333333336,101,118,19,0,99,116,40408,2,0,0,2,2
2020-07-22,US,Idaho,Oneida,7,0,0,42.19494279999999,-112.5407838,16071.0,154.4912822776429,0.0,7,7,0,0,7,7,4488,0,0,0,0,0
2020-07-22,US,Idaho,Owyhee,166,0,0,42.58016894,-116.16938710000001,16073.0,1404.0429670980288,0.0,166,156,0,0,156,147,11693,10,0,0,10,9
2020-07-22,US,Idaho,Payette,259,2,0,44.00545243,-116.7647695,16075.0,1081.3744728821343,0.7722007722007722,257,252,2,0,250,244,23551,7,0,0,7,8
2020-07-22,US,Idaho,Power,25,0,0,42.69254894,-112.83957420000002,16077.0,325.4784533263898,0.0,25,24,0,0,24,24,7768,1,0,0,1,0
2020-07-22,US,Idaho,Shoshone,32,0,0,47.35364087,-115.89167490000001,16079.0,248.408632199969,0.0,32,31,0,0,31,28,12796,1,0,0,1,3
2020-07-22,US,Idaho,Teton,49,0,0,43.75303583,-111.2056773,16081.0,403.55789820457915,0.0,49,49,0,0,49,48,11640,0,0,0,0,1
2020-07-22,US,Idaho,Twin Falls,960,26,0,42.35440512,-114.6685381,16083.0,1104.9978130251618,2.708333333333333,934,951,25,0,926,946,86081,9,1,0,8,5
2020-07-22,US,Idaho,Valley,40,1,0,44.76728382,-115.5676773,16085.0,351.12359550561797,2.5,39,38,1,0,37,37,11041,2,0,0,2,1
2020-07-22,US,Idaho,Washington,159,2,0,44.45275475,-116.78476880000001,16087.0,1559.7410241318426,1.2578616352201255,157,152,2,0,150,149,10161,7,0,0,7,3
2020-07-22,US,Illinois,Adams,286,1,0,39.98815591,-91.18786813,17001.0,437.0749598838542,0.34965034965034963,285,289,1,0,288,285,65691,-3,0,0,-3,4
2020-07-22,US,Illinois,Alexander,32,0,0,37.18049267,-89.32910838,17003.0,555.4591216802638,0.0,32,32,0,0,32,32,6060,0,0,0,0,0
2020-07-22,US,Illinois,Bond,29,1,0,38.88829622,-89.43534887,17005.0,176.54937294533053,3.4482758620689653,28,28,1,0,27,25,16630,1,0,0,1,3
2020-07-22,US,Illinois,Boone,663,21,0,42.32359279,-88.82345779,17007.0,1238.2339757956074,3.1674208144796383,642,659,21,0,638,656,53577,4,0,0,4,3
2020-07-22,US,Illinois,Brown,11,0,0,39.96209138,-90.75068024,17009.0,167.22408026755855,0.0,11,11,0,0,11,11,6556,0,0,0,0,0
2020-07-22,US,Illinois,Bureau,62,2,0,41.40385234,-89.5283051,17011.0,190.02084099546403,3.2258064516129035,60,57,2,0,55,53,32993,5,0,0,5,4
2020-07-22,US,Illinois,Calhoun,3,0,0,39.16840183,-90.66330078,17013.0,63.30449461911797,0.0,3,4,0,0,4,2,4802,-1,0,0,-1,2
2020-07-22,US,Illinois,Carroll,24,2,0,42.06823429,-89.93395545,17015.0,167.77350576721423,8.333333333333334,22,24,2,0,22,23,14312,0,0,0,0,1
2020-07-22,US,Illinois,Cass,160,11,0,39.96991073,-90.24734436,17017.0,1317.19766197415,6.875,149,157,11,0,146,156,12260,3,0,0,3,1
2020-07-22,US,Illinois,Champaign,1293,17,0,40.13919438,-88.20046615,17019.0,616.627481651398,1.31477184841454,1276,1263,17,0,1246,1249,209983,30,0,0,30,14
2020-07-22,US,Illinois,Christian,60,4,0,39.54581621,-89.27780482,17021.0,185.73551263001485,6.666666666666668,56,56,4,0,52,55,32661,4,0,0,4,1
2020-07-22,US,Illinois,Clark,50,0,0,39.33425789,-87.78705622,17023.0,323.8132245320898,0.0,50,50,0,0,50,50,15596,0,0,0,0,0
2020-07-22,US,Illinois,Clay,9,0,0,38.75388572,-88.48914513,17025.0,68.26456310679612,0.0,9,9,0,0,9,8,13253,0,0,0,0,1
2020-07-22,US,Illinois,Clinton,278,17,0,38.60704876,-89.42385254,17027.0,740.1096853202705,6.115107913669065,261,273,17,0,256,271,37639,5,0,0,5,2
2020-07-22,US,Illinois,Coles,261,17,0,39.51949084,-88.22358557,17029.0,515.5962940281702,6.5134099616858245,244,255,17,0,238,249,50885,6,0,0,6,6
2020-07-22,US,Illinois,Cook,100124,4801,0,41.84144849,-87.81658794,17031.0,1944.0673849124885,4.795054132875235,95323,99464,4788,0,94676,99052,5180493,660,13,0,647,412
2020-07-22,US,Illinois,Crawford,26,0,0,39.0032229,-87.75954624,17033.0,139.2832270852306,0.0,26,26,0,0,26,26,18807,0,0,0,0,0
2020-07-22,US,Illinois,Cumberland,36,1,0,39.27432424,-88.2401158,17035.0,334.3860300947427,2.7777777777777777,35,37,1,0,36,36,10808,-1,0,0,-1,1
2020-07-22,US,Illinois,De Witt,24,0,0,40.17514519,-88.90959682,17039.0,153.47231103721703,0.0,24,24,0,0,24,21,15769,0,0,0,0,3
2020-07-22,US,Illinois,DeKalb,728,24,0,41.89373302,-88.76958483,17037.0,694.0141281447516,3.2967032967032965,704,717,23,0,694,710,104143,11,1,0,10,7
2020-07-22,US,Illinois,Douglas,89,0,0,39.76768052,-88.21854195,17041.0,457.23092730542,0.0,89,84,0,0,84,80,19479,5,0,0,5,4
2020-07-22,US,Illinois,DuPage,10531,500,0,41.85116968,-88.08642662,17043.0,1141.051075877567,4.747887190200362,10031,10414,500,0,9914,10317,928589,117,0,0,117,97
2020-07-22,US,Illinois,Edgar,18,0,0,39.6809186,-87.74759563,17045.0,104.88899248295557,0.0,18,18,0,0,18,23,17360,0,0,0,0,-5
2020-07-22,US,Illinois,Edwards,6,0,0,38.41353228,-88.05720863,17047.0,93.82329945269743,0.0,6,6,0,0,6,5,6392,0,0,0,0,1
2020-07-22,US,Illinois,Effingham,48,1,0,39.05935711,-88.58969584,17049.0,141.14326040931545,2.083333333333333,47,46,1,0,45,42,34208,2,0,0,2,4
2020-07-22,US,Illinois,Fayette,39,3,0,39.00072038,-89.02452658,17051.0,182.7896512935883,7.6923076923076925,36,39,3,0,36,38,21416,0,0,0,0,1
2020-07-22,US,Illinois,Ford,33,1,0,40.59706922,-88.22350769,17053.0,254.60998379754648,3.0303030303030303,32,33,1,0,32,33,13264,0,0,0,0,0
2020-07-22,US,Illinois,Franklin,79,0,0,37.99189086,-88.92567818,17055.0,205.36016012893498,0.0,79,79,0,0,79,78,38701,0,0,0,0,1
2020-07-22,US,Illinois,Fulton,20,0,0,40.47289135,-90.20862357,17057.0,58.24111822947,0.0,20,21,0,0,21,20,34844,-1,0,0,-1,1
2020-07-22,US,Illinois,Gallatin,23,0,0,37.76430935,-88.22953869,17059.0,476.3877381938691,0.0,23,21,0,0,21,21,5058,2,0,0,2,0
2020-07-22,US,Illinois,Greene,13,0,0,39.35907414,-90.388865,17061.0,100.23903153674142,0.0,13,13,0,0,13,13,13044,0,0,0,0,0
2020-07-22,US,Illinois,Grundy,226,5,0,41.28569601,-88.41905692,17063.0,442.66854702863634,2.2123893805309733,221,215,5,0,210,213,50972,11,0,0,11,2
2020-07-22,US,Illinois,Hamilton,11,0,0,38.08163641,-88.53883373,17065.0,135.53474618038442,0.0,11,11,0,0,11,11,8163,0,0,0,0,0
2020-07-22,US,Illinois,Hancock,22,1,0,40.40423981,-91.16313899,17067.0,124.23763270838042,4.545454545454546,21,22,1,0,21,22,17844,0,0,0,0,0
2020-07-22,US,Illinois,Hardin,9,0,0,37.51810645,-88.26873022,17069.0,235.54043444124574,0.0,9,7,0,0,7,6,3910,2,0,0,2,1
2020-07-22,US,Illinois,Henderson,8,0,0,40.81908672,-90.92491462,17071.0,120.37315678603672,0.0,8,8,0,0,8,8,6709,0,0,0,0,0
2020-07-22,US,Illinois,Henry,146,1,0,41.3533994,-90.13296166,17073.0,298.48915421258147,0.6849315068493149,145,146,1,0,145,146,49090,0,0,0,0,0
2020-07-22,US,Illinois,Iroquois,201,5,0,40.74717633,-87.82466784,17075.0,741.3144500995795,2.487562189054726,196,181,5,0,176,181,27604,20,0,0,20,0
2020-07-22,US,Illinois,Jackson,434,19,0,37.78595185,-89.38232563,17077.0,764.7577092511012,4.377880184331797,415,420,19,0,401,420,57419,14,0,0,14,0
2020-07-22,US,Illinois,Jasper,49,7,0,39.01054275,-88.15437049,17079.0,509.88553590010406,14.285714285714285,42,49,7,0,42,49,9611,0,0,0,0,0
2020-07-22,US,Illinois,Jefferson,138,17,0,38.29980057,-88.9240025,17081.0,366.2031631461628,12.318840579710145,121,137,17,0,120,136,37820,1,0,0,1,1
2020-07-22,US,Illinois,Jersey,56,1,0,39.08869046,-90.35393073,17083.0,257.19928351628164,1.7857142857142858,55,54,1,0,53,54,21847,2,0,0,2,0
2020-07-22,US,Illinois,Jo Daviess,80,1,0,42.36542373,-90.21094405,17085.0,376.73651989639745,1.25,79,70,1,0,69,66,21366,10,0,0,10,4
2020-07-22,US,Illinois,Johnson,42,0,0,37.45939802,-88.88165419,17087.0,338.24595312877506,0.0,42,42,0,0,42,42,12456,0,0,0,0,0
2020-07-22,US,Illinois,Kane,8481,293,0,41.93842729,-88.42861412,17089.0,1592.9662304682736,3.4547812757929486,8188,8433,291,0,8142,8406,534216,48,2,0,46,27
2020-07-22,US,Illinois,Kankakee,1534,66,0,41.13746989,-87.86205334,17091.0,1396.2971728168066,4.302477183833116,1468,1517,66,0,1451,1516,110024,17,0,0,17,1
2020-07-22,US,Illinois,Kendall,1151,21,0,41.59081014,-88.42869583,17093.0,892.3172338941004,1.8245004344048652,1130,1132,21,0,1111,1126,127915,19,0,0,19,6
2020-07-22,US,Illinois,Knox,199,1,0,40.93148779,-90.21330340000002,17095.0,400.41047103563454,0.5025125628140703,198,196,0,0,196,193,50112,3,1,0,2,3
2020-07-22,US,Illinois,LaSalle,362,18,0,41.34426129999999,-88.88633881,17099.0,333.1216814362882,4.972375690607736,344,350,18,0,332,343,109430,12,0,0,12,7
2020-07-22,US,Illinois,Lake,11079,435,0,42.3224907,-88.00367925,17097.0,1590.5876948035636,3.926347143243975,10644,10963,434,0,10529,10896,700832,116,1,0,115,67
2020-07-22,US,Illinois,Lawrence,30,0,0,38.71987914,-87.72884035,17101.0,191.35093761959442,0.0,30,28,0,0,28,27,15765,2,0,0,2,1
2020-07-22,US,Illinois,Lee,120,2,0,41.74583951,-89.29977132,17103.0,351.94744251525117,1.6666666666666667,118,119,2,0,117,117,34223,1,0,0,1,2
2020-07-22,US,Illinois,Livingston,63,2,0,40.89188292,-88.55784752,17105.0,176.72800718132854,3.1746031746031744,61,61,2,0,59,60,35761,2,0,0,2,1
2020-07-22,US,Illinois,Logan,57,0,0,40.12581572,-89.36638784,17107.0,199.17534418897202,0.0,57,55,0,0,55,51,28925,2,0,0,2,4
2020-07-22,US,Illinois,Macon,288,22,0,39.86064913,-88.96342505,17115.0,276.89911449970674,7.638888888888888,266,282,22,0,260,282,104712,6,0,0,6,0
2020-07-22,US,Illinois,Macoupin,100,3,0,39.26119767,-89.92424028,17117.0,222.58825624360057,3.0,97,95,3,0,92,89,45313,5,0,0,5,6
2020-07-22,US,Illinois,Madison,1604,71,0,38.83042506,-89.90422563,17119.0,609.9647863221861,4.4264339152119705,1533,1540,71,0,1469,1534,264461,64,0,0,64,6
2020-07-22,US,Illinois,Marion,97,0,0,38.64963204,-88.91899208,17121.0,260.7176454777584,0.0,97,96,0,0,96,93,37620,1,0,0,1,3
2020-07-22,US,Illinois,Marshall,15,0,0,41.0327901,-89.34510444,17123.0,131.14180800839307,0.0,15,15,0,0,15,15,11534,0,0,0,0,0
2020-07-22,US,Illinois,Mason,36,0,0,40.23917274,-89.91824452,17125.0,269.48124859645185,0.0,36,36,0,0,36,36,13565,0,0,0,0,0
2020-07-22,US,Illinois,Massac,24,0,0,37.22078441,-88.71036614,17127.0,174.26662794074937,0.0,24,22,0,0,22,22,14080,2,0,0,2,0
2020-07-22,US,Illinois,McDonough,119,15,0,40.45674722,-90.67775541,17109.0,400.9163802978237,12.605042016806722,104,118,15,0,103,118,29955,1,0,0,1,0
2020-07-22,US,Illinois,McHenry,2559,110,0,42.32451172,-88.45248227,17111.0,831.4542488969179,4.298554122704181,2449,2510,109,0,2401,2480,308570,49,1,0,48,30
2020-07-22,US,Illinois,McLean,418,15,0,40.48996987,-88.84621113,17113.0,243.7076208189276,3.5885167464114827,403,408,15,0,393,404,172828,10,0,0,10,4
2020-07-22,US,Illinois,Menard,36,0,0,40.02742725,-89.80246001,17129.0,295.17874713020666,0.0,36,35,0,0,35,35,12288,1,0,0,1,0
2020-07-22,US,Illinois,Mercer,39,0,0,41.20596782,-90.74290052,17131.0,252.63976161171212,0.0,39,38,0,0,38,34,15601,1,0,0,1,4
2020-07-22,US,Illinois,Monroe,205,13,0,38.27594376,-90.17761038,17133.0,591.8526431272917,6.3414634146341475,192,199,13,0,186,198,34335,6,0,0,6,1
2020-07-22,US,Illinois,Montgomery,112,3,0,39.23198845,-89.47809254,17135.0,394.17188709790946,2.6785714285714284,109,107,2,0,105,106,28601,5,1,0,4,1
2020-07-22,US,Illinois,Morgan,146,5,0,39.71654544,-90.20255104,17137.0,433.7750311961496,3.4246575342465757,141,145,5,0,140,145,33976,1,0,0,1,0
2020-07-22,US,Illinois,Moultrie,33,0,0,39.64187451,-88.62099969,17139.0,227.5705123784567,0.0,33,33,0,0,33,30,14717,0,0,0,0,3
2020-07-22,US,Illinois,Ogle,345,5,0,42.04165196,-89.32184679,17141.0,681.2392630768319,1.4492753623188406,340,344,5,0,339,339,50923,1,0,0,1,5
2020-07-22,US,Illinois,Out of IL,3,0,0,0.0,0.0,80017.0,0.0,0.0,3,2,0,0,2,3,,1,0,0,1,-1
2020-07-22,US,Illinois,Peoria,878,32,0,40.78702156,-89.76078901,17143.0,490.0127805155738,3.644646924829157,846,852,32,0,820,838,180621,26,0,0,26,14
2020-07-22,US,Illinois,Perry,73,1,0,38.08510853,-89.36856219,17145.0,349.0151080512526,1.3698630136986298,72,70,1,0,69,68,21174,3,0,0,3,2
2020-07-22,US,Illinois,Piatt,30,0,0,40.01360584,-88.59319339,17147.0,183.55359765051395,0.0,30,31,0,0,31,30,16396,-1,0,0,-1,1
2020-07-22,US,Illinois,Pike,9,0,0,39.62265059,-90.8877017,17149.0,57.83689994216311,0.0,9,9,0,0,9,9,15611,0,0,0,0,0
2020-07-22,US,Illinois,Pope,2,0,0,37.41391284,-88.56152109,17151.0,47.8812544888676,0.0,2,2,0,0,2,2,4212,0,0,0,0,0
2020-07-22,US,Illinois,Pulaski,88,0,0,37.22631423,-89.13085001,17153.0,1649.4845360824743,0.0,88,88,0,0,88,88,5463,0,0,0,0,0
2020-07-22,US,Illinois,Putnam,3,0,0,41.2013541,-89.2869272,17155.0,52.27391531625719,0.0,3,3,0,0,3,2,5740,0,0,0,0,1
2020-07-22,US,Illinois,Randolph,374,7,0,38.05095369,-89.82512254,17157.0,1176.7667233024986,1.8716577540106951,367,369,7,0,362,370,32106,5,0,0,5,-1
2020-07-22,US,Illinois,Richland,9,0,0,38.71240969,-88.08475366,17159.0,58.015857667762525,0.0,9,9,0,0,9,10,15763,0,0,0,0,-1
2020-07-22,US,Illinois,Rock Island,1375,30,0,41.46613806,-90.57042164,17161.0,969.135671945813,2.1818181818181817,1345,1355,30,0,1325,1344,143477,20,0,0,20,11
2020-07-22,US,Illinois,Saline,60,0,0,37.75332999,-88.54119706,17165.0,255.41696820058743,0.0,60,59,0,0,59,56,23906,1,0,0,1,3
2020-07-22,US,Illinois,Sangamon,717,33,0,39.75836914,-89.65872023,17167.0,368.3118270732309,4.602510460251046,684,692,33,0,659,671,195348,25,0,0,25,21
2020-07-22,US,Illinois,Schuyler,14,0,0,40.1571798,-90.61114163,17169.0,206.85579196217486,0.0,14,14,0,0,14,14,6907,0,0,0,0,0
2020-07-22,US,Illinois,Scott,4,0,0,39.6429169,-90.47814431,17171.0,80.79175924055747,0.0,4,2,0,0,2,1,4926,2,0,0,2,1
2020-07-22,US,Illinois,Shelby,31,1,0,39.39133527,-88.80611122,17173.0,143.29296477766482,3.2258064516129035,30,29,1,0,28,29,21741,2,0,0,2,0
2020-07-22,US,Illinois,St. Clair,2883,152,0,38.46996033,-89.93063427,17163.0,1110.18691804718,5.272285813388831,2731,2794,151,0,2643,2767,261059,89,1,0,88,27
2020-07-22,US,Illinois,Stark,7,0,0,41.09309773,-89.79745866,17175.0,131.03706476974915,0.0,7,6,0,0,6,6,5427,1,0,0,1,0
2020-07-22,US,Illinois,Stephenson,292,6,0,42.35129217,-89.662598,17177.0,656.2092678322621,2.054794520547945,286,290,6,0,284,289,44753,2,0,0,2,1
2020-07-22,US,Illinois,Tazewell,243,8,0,40.50716185,-89.51404662,17179.0,184.366061470528,3.2921810699588483,235,235,8,0,227,226,132328,8,0,0,8,9
2020-07-22,US,Illinois,Unassigned,1213,193,0,0.0,0.0,90017.0,0.0,15.910964550700744,1020,1212,193,0,1019,1213,,1,0,0,1,-1
2020-07-22,US,Illinois,Union,255,21,0,37.47119609,-89.25548938,17181.0,1531.2556296162854,8.235294117647058,234,241,21,0,220,237,16841,14,0,0,14,4
2020-07-22,US,Illinois,Vermilion,141,2,0,40.18417171,-87.73384359,17183.0,186.11895773383668,1.4184397163120568,139,137,2,0,135,130,76806,4,0,0,4,7
2020-07-22,US,Illinois,Wabash,25,0,0,38.44272901,-87.84922065,17185.0,217.01388888888889,0.0,25,24,0,0,24,23,11549,1,0,0,1,1
2020-07-22,US,Illinois,Warren,158,0,0,40.84925021,-90.6147432,17187.0,938.0194728093088,0.0,158,154,0,0,154,153,17032,4,0,0,4,1
2020-07-22,US,Illinois,Washington,35,0,0,38.35309213,-89.40982703,17189.0,252.03427666162602,0.0,35,35,0,0,35,35,13995,0,0,0,0,0
2020-07-22,US,Illinois,Wayne,27,1,0,38.42955355,-88.42586459,17191.0,166.51248843663274,3.703703703703704,26,27,1,0,26,27,16332,0,0,0,0,0
2020-07-22,US,Illinois,White,33,0,0,38.08706198,-88.17657461,17193.0,243.77631676146854,0.0,33,32,0,0,32,31,13665,1,0,0,1,1
2020-07-22,US,Illinois,Whiteside,246,16,0,41.75509713,-89.91556058,17195.0,445.8541005890349,6.5040650406504055,230,241,16,0,225,234,55626,5,0,0,5,7
2020-07-22,US,Illinois,Will,7845,336,0,41.44619267,-87.97862712,17197.0,1135.7335506838288,4.282982791586998,7509,7762,336,0,7426,7687,692310,83,0,0,83,75
2020-07-22,US,Illinois,Williamson,218,4,0,37.73033511,-88.92994027,17199.0,327.3420724657267,1.834862385321101,214,211,4,0,207,213,67056,7,0,0,7,-2
2020-07-22,US,Illinois,Winnebago,3386,113,0,42.33641854,-89.16085327,17201.0,1198.2786687994565,3.3372711163614883,3273,3365,111,0,3254,3362,284081,21,2,0,19,3
2020-07-22,US,Illinois,Woodford,66,3,0,40.78579374,-89.20973757,17203.0,171.61132634753898,4.545454545454546,63,64,3,0,61,65,38463,2,0,0,2,-1
2020-07-22,US,Indiana,Adams,63,1,0,40.7457653,-84.93671406,18001.0,176.09078458227353,1.5873015873015872,62,58,1,0,57,57,35636,5,0,0,5,1
2020-07-22,US,Indiana,Allen,3217,148,0,41.09194313,-85.06800636,18003.0,848.1435490206934,4.600559527510104,3069,3203,144,0,3059,3168,375351,14,4,0,10,35
2020-07-22,US,Indiana,Bartholomew,648,45,0,39.20744865,-85.89558181,18005.0,773.4635171104933,6.9444444444444455,603,641,45,0,596,638,82753,7,0,0,7,3
2020-07-22,US,Indiana,Benton,54,0,0,40.60626947,-87.31093999,18007.0,617.2839506172841,0.0,54,54,0,0,54,53,8653,0,0,0,0,1
2020-07-22,US,Indiana,Blackford,45,2,0,40.47388153,-85.32499702,18009.0,382.71814934512673,4.4444444444444455,43,45,2,0,43,45,11930,0,0,0,0,0
2020-07-22,US,Indiana,Boone,554,45,0,40.0509304,-86.46841646,18011.0,816.59124743894,8.12274368231047,509,547,45,0,502,534,66999,7,0,0,7,13
2020-07-22,US,Indiana,Brown,58,1,0,39.19605589,-86.22868909,18013.0,384.3095679830373,1.7241379310344829,57,55,1,0,54,54,15234,3,0,0,3,1
2020-07-22,US,Indiana,Carroll,120,2,0,40.580783200000006,-86.56198812,18015.0,592.3878165572395,1.6666666666666667,118,120,2,0,118,120,20127,0,0,0,0,0
2020-07-22,US,Indiana,Cass,1677,9,0,40.76135835,-86.34830753,18017.0,4449.574146302634,0.5366726296958855,1668,1674,9,0,1665,1671,37955,3,0,0,3,3
2020-07-22,US,Indiana,Clark,821,45,0,38.48015445,-85.70510334,18019.0,693.9865767273587,5.481120584652864,776,806,45,0,761,782,117360,15,0,0,15,24
2020-07-22,US,Indiana,Clay,73,5,0,39.39561833,-87.11723506,18021.0,278.36034318398475,6.849315068493151,68,73,5,0,68,73,26170,0,0,0,0,0
2020-07-22,US,Indiana,Clinton,313,3,0,40.30319754,-86.47277257,18023.0,966.079199975308,0.9584664536741214,310,311,3,0,308,310,32250,2,0,0,2,1
2020-07-22,US,Indiana,Crawford,37,0,0,38.28814402,-86.44518825,18025.0,349.8156377044532,0.0,37,37,0,0,37,37,10558,0,0,0,0,0
2020-07-22,US,Indiana,Daviess,178,17,0,38.70186039,-87.07185406,18027.0,533.7171299211418,9.550561797752811,161,174,17,0,157,173,33147,4,0,0,4,1
2020-07-22,US,Indiana,DeKalb,180,4,0,41.39804622,-84.99906934,18033.0,414.0310523289247,2.2222222222222223,176,179,4,0,175,176,43226,1,0,0,1,3
2020-07-22,US,Indiana,Dearborn,355,25,0,39.14647946,-84.97333539,18029.0,717.7807432569049,7.042253521126762,330,346,25,0,321,334,49568,9,0,0,9,12
2020-07-22,US,Indiana,Decatur,266,32,0,39.30712658,-85.50087166,18031.0,1001.5437328212655,12.030075187969926,234,266,32,0,234,266,26794,0,0,0,0,0
2020-07-22,US,Indiana,Delaware,518,52,0,40.22787247,-85.39732772,18035.0,453.8485127261576,10.038610038610038,466,516,52,0,464,513,114772,2,0,0,2,3
2020-07-22,US,Indiana,Dubois,469,8,0,38.36597551,-86.87924170000002,18037.0,1097.4354174466494,1.7057569296375266,461,446,7,0,439,435,42565,23,1,0,22,11
2020-07-22,US,Indiana,Elkhart,4150,69,0,41.59761169,-85.85875695,18039.0,2011.233831376217,1.6626506024096386,4081,4080,68,0,4012,4046,205560,70,1,0,69,34
2020-07-22,US,Indiana,Fayette,121,7,0,39.63684962,-85.17797541,18041.0,523.7641762617957,5.785123966942148,114,120,7,0,113,119,23047,1,0,0,1,1
2020-07-22,US,Indiana,Floyd,510,44,0,38.32117957,-85.90385377,18043.0,649.4995033239093,8.627450980392156,466,501,44,0,457,492,77781,9,0,0,9,9
2020-07-22,US,Indiana,Fountain,47,2,0,40.12361933,-87.24217689,18045.0,287.53211794934543,4.25531914893617,45,43,2,0,41,43,16351,4,0,0,4,0
2020-07-22,US,Indiana,Franklin,153,8,0,39.4142482,-85.06062647,18047.0,672.2910624835223,5.2287581699346415,145,150,8,0,142,147,22736,3,0,0,3,3
2020-07-22,US,Indiana,Fulton,100,1,0,41.0469907,-86.26252745,18049.0,500.65084609992994,1.0,99,99,2,0,97,91,20092,1,-1,0,2,8
2020-07-22,US,Indiana,Gibson,170,2,0,38.30393723,-87.58054938,18051.0,505.0655099676163,1.1764705882352942,168,162,2,0,160,159,33452,8,0,0,8,3
2020-07-22,US,Indiana,Grant,421,28,0,40.51587228,-85.65468702,18053.0,640.1192050966259,6.65083135391924,393,413,28,0,385,403,65936,8,0,0,8,10
2020-07-22,US,Indiana,Greene,210,33,0,39.03630547,-86.96223202,18055.0,657.8535179500033,15.714285714285715,177,208,33,0,175,207,32006,2,0,0,2,1
2020-07-22,US,Indiana,Hamilton,2032,102,0,40.07306535,-86.05244729,18057.0,601.1638674481007,5.019685039370079,1930,1991,102,0,1889,1953,330086,41,0,0,41,38
2020-07-22,US,Indiana,Hancock,528,36,0,39.82304555,-85.77566351,18059.0,675.4682222904513,6.8181818181818175,492,519,36,0,483,511,76351,9,0,0,9,8
2020-07-22,US,Indiana,Harrison,235,22,0,38.19467379,-86.10948271,18061.0,580.0320868814019,9.361702127659576,213,236,22,0,214,233,40350,-1,0,0,-1,3
2020-07-22,US,Indiana,Hendricks,1574,104,0,39.76719009,-86.51037283,18063.0,924.1916259078979,6.6073697585768745,1470,1573,106,0,1467,1560,167009,1,-2,0,3,13
2020-07-22,US,Indiana,Henry,328,18,0,39.93029017,-85.39625719,18065.0,683.7321771033103,5.487804878048781,310,324,18,0,306,323,48271,4,0,0,4,1
2020-07-22,US,Indiana,Howard,687,60,0,40.48527731,-86.11351892,18067.0,832.2833882535374,8.733624454148472,627,683,60,0,623,673,82366,4,0,0,4,10
2020-07-22,US,Indiana,Huntington,112,2,0,40.82907273,-85.48822092,18069.0,306.68127053669224,1.7857142857142858,110,111,2,0,109,110,36240,1,0,0,1,1
2020-07-22,US,Indiana,Jackson,510,3,0,38.90915820000001,-86.03851889,18071.0,1153.0374624132394,0.5882352941176471,507,508,3,0,505,506,44111,2,0,0,2,2
2020-07-22,US,Indiana,Jasper,164,2,0,41.02078733,-87.11553319,18073.0,488.6478755735652,1.2195121951219512,162,162,2,0,160,159,33370,2,0,0,2,3
2020-07-22,US,Indiana,Jay,73,0,0,40.43781032,-85.00576229,18075.0,357.2127617929145,0.0,73,73,0,0,73,73,20764,0,0,0,0,0
2020-07-22,US,Indiana,Jefferson,136,2,0,38.78576239,-85.43633383,18077.0,420.9483719202674,1.4705882352941178,134,133,2,0,131,125,32208,3,0,0,3,8
2020-07-22,US,Indiana,Jennings,188,12,0,38.99588883,-85.62710784,18079.0,677.8438795745448,6.382978723404255,176,188,12,0,176,187,27611,0,0,0,0,1
2020-07-22,US,Indiana,Johnson,1476,118,0,39.48994426,-86.10149107,18081.0,933.1908678801519,7.994579945799456,1358,1464,118,0,1346,1444,156225,12,0,0,12,20
2020-07-22,US,Indiana,Knox,93,0,0,38.68861576,-87.4194665,18083.0,254.14002295458272,0.0,93,90,0,0,90,87,36895,3,0,0,3,3
2020-07-22,US,Indiana,Kosciusko,711,8,0,41.24521668,-85.86312322,18085.0,894.8348771647203,1.1251758087201125,703,689,8,0,681,679,79344,22,0,0,22,10
2020-07-22,US,Indiana,LaGrange,504,10,0,41.64232188,-85.42674232,18087.0,1272.2774776594133,1.984126984126984,494,500,10,0,490,499,39330,4,0,0,4,1
2020-07-22,US,Indiana,LaPorte,706,28,0,41.54366008,-86.74072188,18091.0,642.472335468841,3.966005665722379,678,699,28,0,671,695,110007,7,0,0,7,4
2020-07-22,US,Indiana,Lake,6379,258,0,41.41874274,-87.38277575,18089.0,1313.9221368794197,4.0445210848095305,6121,6277,256,0,6021,6223,484411,102,2,0,100,54
2020-07-22,US,Indiana,Lawrence,283,26,0,38.84112637,-86.48361629,18093.0,623.7601939607671,9.187279151943462,257,281,26,0,255,278,45668,2,0,0,2,3
2020-07-22,US,Indiana,Madison,720,64,0,40.16143691,-85.71964711,18095.0,555.6884748666732,8.888888888888891,656,716,64,0,652,715,129641,4,0,0,4,1
2020-07-22,US,Indiana,Marion,13094,711,0,39.78163624,-86.13826325,18097.0,1357.4791982433842,5.42996792424011,12383,12991,709,0,12282,12843,954670,103,2,0,101,148
2020-07-22,US,Indiana,Marshall,682,16,0,41.32467367,-86.26185087,18099.0,1474.3395736953607,2.3460410557184748,666,671,14,0,657,663,46248,11,2,0,9,8
2020-07-22,US,Indiana,Martin,36,0,0,38.7099921,-86.80373186,18101.0,351.0482691370064,0.0,36,35,0,0,35,35,10217,1,0,0,1,0
2020-07-22,US,Indiana,Miami,218,2,0,40.76940965,-86.04525048,18103.0,613.8078612456358,0.9174311926605504,216,214,2,0,212,209,35567,4,0,0,4,5
2020-07-22,US,Indiana,Monroe,496,29,0,39.16130004,-86.52414358,18105.0,334.16200119921035,5.846774193548387,467,490,28,0,462,484,146917,6,1,0,5,6
2020-07-22,US,Indiana,Montgomery,307,21,0,40.04034823,-86.89335024,18107.0,800.7720799207052,6.840390879478828,286,306,20,0,286,306,38346,1,1,0,0,0
2020-07-22,US,Indiana,Morgan,367,31,0,39.47899078,-86.44573375,18109.0,520.6486118401452,8.446866485013624,336,367,31,0,336,369,70116,0,0,0,0,-2
2020-07-22,US,Indiana,Newton,102,10,0,40.95610449,-87.39635768,18111.0,729.4050343249428,9.803921568627453,92,101,10,0,91,101,14011,1,0,0,1,0
2020-07-22,US,Indiana,Noble,579,28,0,41.39672484,-85.41966713,18113.0,1212.7178284182305,4.835924006908463,551,574,28,0,546,566,47532,5,0,0,5,8
2020-07-22,US,Indiana,Ohio,33,2,0,38.955304999999996,-84.96515993,18115.0,561.7021276595743,6.0606060606060606,31,33,2,0,31,32,5844,0,0,0,0,1
2020-07-22,US,Indiana,Orange,150,24,0,38.54118920000001,-86.49523093,18117.0,763.5142013641454,16.0,126,154,24,0,130,149,19489,-4,0,0,-4,5
2020-07-22,US,Indiana,Owen,60,1,0,39.31145587,-86.83900724,18119.0,288.47540747151305,1.6666666666666667,59,58,1,0,57,56,20845,2,0,0,2,2
2020-07-22,US,Indiana,Parke,35,0,0,39.77202286,-87.20375833,18121.0,206.64816673554938,0.0,35,33,0,0,33,32,16927,2,0,0,2,1
2020-07-22,US,Indiana,Perry,161,12,0,38.07809328,-86.63741946,18123.0,839.8977515780687,7.453416149068322,149,161,12,0,149,160,19102,0,0,0,0,1
2020-07-22,US,Indiana,Pike,21,0,0,38.40112197,-87.23574907,18125.0,169.50520623133426,0.0,21,21,0,0,21,20,12410,0,0,0,0,1
2020-07-22,US,Indiana,Porter,954,38,0,41.45986947,-87.06848888,18127.0,559.8952984054135,3.9832285115303994,916,942,38,0,904,921,169594,12,0,0,12,21
2020-07-22,US,Indiana,Posey,128,0,0,38.02097333,-87.86480429,18129.0,503.4018956227632,0.0,128,115,0,0,115,111,25540,13,0,0,13,4
2020-07-22,US,Indiana,Pulaski,69,1,0,41.04166107,-86.69890683,18131.0,558.5687687201488,1.4492753623188406,68,67,1,0,66,68,12469,2,0,0,2,-1
2020-07-22,US,Indiana,Putnam,197,8,0,39.66437981,-86.84517605,18133.0,524.2708111560571,4.060913705583757,189,196,8,0,188,194,37779,1,0,0,1,2
2020-07-22,US,Indiana,Randolph,85,4,0,40.15734772,-85.01139319,18135.0,344.61787958645857,4.705882352941177,81,83,4,0,79,82,24851,2,0,0,2,1
2020-07-22,US,Indiana,Ripley,160,7,0,39.10235626,-85.26212744,18137.0,564.8919644118063,4.375,153,163,7,0,156,157,28523,-3,0,0,-3,6
2020-07-22,US,Indiana,Rush,73,4,0,39.62002287,-85.4655599,18139.0,440.26295157107535,5.479452054794519,69,71,3,0,68,71,16663,2,1,0,1,0
2020-07-22,US,Indiana,Scott,202,10,0,38.68672078,-85.74627859,18143.0,846.1441796171408,4.950495049504951,192,200,9,0,191,198,23878,2,1,0,1,2
2020-07-22,US,Indiana,Shelby,480,25,0,39.52305623,-85.79158570000001,18145.0,1073.1292897225514,5.208333333333333,455,476,25,0,451,475,44593,4,0,0,4,1
2020-07-22,US,Indiana,Spencer,95,1,0,38.01519732,-87.0079644,18147.0,468.5111209745031,1.0526315789473684,94,93,1,0,92,91,20327,2,0,0,2,2
2020-07-22,US,Indiana,St. Joseph,2605,74,0,41.61756781,-86.29040834,18141.0,958.333639901996,2.8406909788867565,2531,2553,74,0,2479,2524,270771,52,0,0,52,29
2020-07-22,US,Indiana,Starke,141,4,0,41.27890281,-86.64686895,18149.0,613.1767775603392,2.8368794326241136,137,141,4,0,137,138,22935,0,0,0,0,3
2020-07-22,US,Indiana,Steuben,165,3,0,41.64423868,-85.00101094,18151.0,476.96132277273523,1.818181818181818,162,162,3,0,159,154,34586,3,0,0,3,8
2020-07-22,US,Indiana,Sullivan,65,1,0,39.08952258,-87.41414469,18153.0,314.4806231554502,1.5384615384615383,64,65,1,0,64,65,20690,0,0,0,0,0
2020-07-22,US,Indiana,Switzerland,36,0,0,38.82767338,-85.03022429,18155.0,334.85257185378106,0.0,36,36,0,0,36,36,10717,0,0,0,0,0
2020-07-22,US,Indiana,Tippecanoe,907,11,0,40.38872739,-86.89413959,18157.0,463.3887151819835,1.2127894156560088,896,889,10,0,879,886,193048,18,1,0,17,3
2020-07-22,US,Indiana,Tipton,52,2,0,40.31123252,-86.05234925,18159.0,343.2796408766834,3.8461538461538463,50,47,2,0,45,47,15128,5,0,0,5,0
2020-07-22,US,Indiana,Unassigned,0,197,0,0.0,0.0,90018.0,0.0,0.0,-197,0,194,0,-194,0,,0,3,0,-3,0
2020-07-22,US,Indiana,Union,20,0,0,39.62550777,-84.92497066,18161.0,283.5270768358378,0.0,20,18,0,0,18,17,7037,2,0,0,2,1
2020-07-22,US,Indiana,Vanderburgh,1236,6,0,38.02658833,-87.58763124,18163.0,681.1756341932532,0.4854368932038835,1230,1191,6,0,1185,1153,180974,45,0,0,45,38
2020-07-22,US,Indiana,Vermillion,20,0,0,39.8523352,-87.46160542,18165.0,129.0489095367144,0.0,20,20,0,0,20,20,15479,0,0,0,0,0
2020-07-22,US,Indiana,Vigo,317,9,0,39.42944561,-87.39169027,18167.0,296.1565051663895,2.8391167192429023,308,310,9,0,301,301,107386,7,0,0,7,9
2020-07-22,US,Indiana,Wabash,132,3,0,40.84704239,-85.79328272,18169.0,425.8614014711576,2.272727272727273,129,131,3,0,128,129,31280,1,0,0,1,2
2020-07-22,US,Indiana,Warren,17,1,0,40.34728141,-87.35602659,18171.0,205.686630369026,5.882352941176472,16,17,1,0,16,16,8263,0,0,0,0,1
2020-07-22,US,Indiana,Warrick,381,29,0,38.08922676,-87.2716085,18173.0,604.7811041620369,7.6115485564304475,352,358,29,0,329,352,62567,23,0,0,23,6
2020-07-22,US,Indiana,Washington,77,1,0,38.60219804,-86.1049363,18175.0,274.6468825795406,1.2987012987012987,76,77,1,0,76,77,27943,0,0,0,0,0
2020-07-22,US,Indiana,Wayne,219,7,0,39.863344399999995,-85.01044989,18177.0,332.4024042256086,3.1963470319634704,212,215,7,0,208,207,65936,4,0,0,4,8
2020-07-22,US,Indiana,Wells,103,1,0,40.72934187,-85.22132966,18179.0,364.0090472151541,0.9708737864077671,102,101,1,0,100,94,28206,2,0,0,2,7
2020-07-22,US,Indiana,White,307,10,0,40.74911165,-86.86492015,18181.0,1273.7532155007887,3.2573289902280136,297,306,10,0,296,302,24133,1,0,0,1,4
2020-07-22,US,Indiana,Whitley,122,6,0,41.13863784,-85.50791236,18183.0,359.20386291367333,4.918032786885246,116,120,6,0,114,116,34074,2,0,0,2,4
2020-07-22,US,Iowa,Adair,21,0,0,41.33075609,-94.47105874,19001.0,293.6241610738255,0.0,21,20,0,0,20,20,7063,1,0,0,1,0
2020-07-22,US,Iowa,Adams,12,0,0,41.02903567,-94.69932645,19003.0,333.14825097168233,0.0,12,12,0,0,12,12,3645,0,0,0,0,0
2020-07-22,US,Iowa,Allamakee,143,4,0,43.28383218,-91.37860922,19005.0,1044.787024183532,2.797202797202797,139,143,4,0,139,141,13832,0,0,0,0,2
2020-07-22,US,Iowa,Appanoose,34,3,0,40.74324454,-92.86865906,19007.0,273.61982938998875,8.823529411764708,31,34,3,0,31,34,12437,0,0,0,0,0
2020-07-22,US,Iowa,Audubon,22,1,0,41.6844628,-94.90581859,19009.0,400.2911208151383,4.545454545454546,21,22,1,0,21,21,5506,0,0,0,0,1
2020-07-22,US,Iowa,Benton,99,1,0,42.08011739,-92.06463573,19011.0,386.0401637746149,1.0101010101010102,98,97,1,0,96,94,25642,2,0,0,2,3
2020-07-22,US,Iowa,Black Hawk,2744,61,0,42.4704581,-92.30524729,19013.0,2091.017160971744,2.223032069970845,2683,2717,61,0,2656,2707,132408,27,0,0,27,10
2020-07-22,US,Iowa,Boone,194,1,0,42.03657094,-93.9313999,19015.0,739.4983609056949,0.5154639175257731,193,189,1,0,188,188,26346,5,0,0,5,1
2020-07-22,US,Iowa,Bremer,147,7,0,42.77461496,-92.31795937,19017.0,586.5453674886282,4.761904761904762,140,141,7,0,134,139,24947,6,0,0,6,2
2020-07-22,US,Iowa,Buchanan,81,1,0,42.4709188,-91.83510825,19019.0,382.5265643447462,1.2345679012345678,80,77,1,0,76,76,21199,4,0,0,4,1
2020-07-22,US,Iowa,Buena Vista,1760,12,0,42.73545875,-95.15100162,19021.0,8970.438328236494,0.6818181818181818,1748,1758,12,0,1746,1757,19874,2,0,0,2,1
2020-07-22,US,Iowa,Butler,87,2,0,42.73172833,-92.79015971,19023.0,602.5348015790568,2.2988505747126435,85,85,2,0,83,84,14539,2,0,0,2,1
2020-07-22,US,Iowa,Calhoun,71,2,0,42.38521079,-94.64046046,19025.0,734.3814646255687,2.8169014084507036,69,71,2,0,69,70,9699,0,0,0,0,1
2020-07-22,US,Iowa,Carroll,148,1,0,42.03617207,-94.86032705,19027.0,733.9449541284404,0.6756756756756757,147,145,1,0,144,135,20154,3,0,0,3,10
2020-07-22,US,Iowa,Cass,30,0,0,41.33149454,-94.92792482,19029.0,233.71766905578065,0.0,30,30,0,0,30,30,12930,0,0,0,0,0
2020-07-22,US,Iowa,Cedar,104,1,0,41.77233777,-91.13246684,19031.0,558.3293069200623,0.9615384615384616,103,103,1,0,102,103,18627,1,0,0,1,0
2020-07-22,US,Iowa,Cerro Gordo,473,16,0,43.08177563,-93.2612239,19033.0,1114.2520612485278,3.382663847780127,457,457,14,0,443,450,42647,16,2,0,14,7
2020-07-22,US,Iowa,Cherokee,92,1,0,42.73538914,-95.62389402,19035.0,818.8696039163327,1.0869565217391304,91,89,1,0,88,89,11321,3,0,0,3,0
2020-07-22,US,Iowa,Chickasaw,40,0,0,43.06001295,-92.31773347,19037.0,335.20489399145225,0.0,40,39,0,0,39,41,11964,1,0,0,1,-2
2020-07-22,US,Iowa,Clarke,154,3,0,41.02868181,-93.78499767,19039.0,1639.1697711548693,1.9480519480519483,151,152,3,0,149,152,9423,2,0,0,2,0
2020-07-22,US,Iowa,Clay,161,1,0,43.08247182,-95.15096481,19041.0,1005.2447552447552,0.6211180124223602,160,161,1,0,160,161,16134,0,0,0,0,0
2020-07-22,US,Iowa,Clayton,66,3,0,42.84443388,-91.34133693,19043.0,376.08980568693374,4.545454545454546,63,62,3,0,59,60,17556,4,0,0,4,2
2020-07-22,US,Iowa,Clinton,190,2,0,41.89981633,-90.53275096,19045.0,409.22699175084534,1.0526315789473684,188,184,2,0,182,178,46518,6,0,0,6,6
2020-07-22,US,Iowa,Crawford,688,3,0,42.03718237,-95.3819718,19047.0,4090.368608799049,0.43604651162790703,685,688,3,0,685,690,17158,0,0,0,0,-2
2020-07-22,US,Iowa,Dallas,1600,34,0,41.68560356,-94.04127625,19049.0,1712.0905695911313,2.125,1566,1581,34,0,1547,1571,90180,19,0,0,19,10
2020-07-22,US,Iowa,Davis,46,1,0,40.74773536,-92.41005468,19051.0,511.1111111111112,2.1739130434782608,45,46,1,0,45,46,9017,0,0,0,0,0
2020-07-22,US,Iowa,Decatur,15,0,0,40.73742757,-93.78645949,19053.0,190.5972045743329,0.0,15,15,0,0,15,16,7890,0,0,0,0,-1
2020-07-22,US,Iowa,Delaware,67,1,0,42.47104597,-91.3664492,19055.0,393.8627946622772,1.492537313432836,66,67,1,0,66,66,17069,0,0,0,0,1
2020-07-22,US,Iowa,Des Moines,120,2,0,40.92012606,-91.18326592,19057.0,307.952883208869,1.6666666666666667,118,117,2,0,115,115,39138,3,0,0,3,2
2020-07-22,US,Iowa,Dickinson,350,4,0,43.37787725,-95.1510206,19059.0,2028.0449646540733,1.1428571428571428,346,345,4,0,341,344,17153,5,0,0,5,1
2020-07-22,US,Iowa,Dubuque,1265,24,0,42.46815349,-90.88181925,19061.0,1299.95581177873,1.897233201581028,1241,1237,24,0,1213,1215,96854,28,0,0,28,22
2020-07-22,US,Iowa,Emmet,122,0,0,43.37782951,-94.67858943,19063.0,1324.9348392701995,0.0,122,120,0,0,120,120,9253,2,0,0,2,0
2020-07-22,US,Iowa,Fayette,66,0,0,42.86271799,-91.8441231,19065.0,335.8778625954198,0.0,66,65,0,0,65,65,19660,1,0,0,1,0
2020-07-22,US,Iowa,Floyd,95,2,0,43.06000529999999,-92.78940097,19067.0,607.3392149341516,2.1052631578947367,93,95,2,0,93,95,15761,0,0,0,0,0
2020-07-22,US,Iowa,Franklin,157,3,0,42.73270384,-93.26256925,19069.0,1559.0863952333664,1.9108280254777068,154,145,1,0,144,144,10124,12,2,0,10,1
2020-07-22,US,Iowa,Fremont,16,0,0,40.74542720000001,-95.60129045,19071.0,229.88505747126442,0.0,16,14,0,0,14,14,6993,2,0,0,2,0
2020-07-22,US,Iowa,Greene,37,0,0,42.03614551,-94.39658081,19073.0,416.2916291629163,0.0,37,37,0,0,37,37,8981,0,0,0,0,0
2020-07-22,US,Iowa,Grundy,58,1,0,42.40183723,-92.78829551,19075.0,474.16612164813597,1.7241379310344829,57,58,1,0,57,58,12304,0,0,0,0,0
2020-07-22,US,Iowa,Guthrie,112,5,0,41.68378965,-94.50111014,19077.0,1047.8061558611655,4.464285714285714,107,108,5,0,103,107,10720,4,0,0,4,1
2020-07-22,US,Iowa,Hamilton,215,1,0,42.38382428,-93.70197703,19079.0,1455.3577472415893,0.4651162790697674,214,214,1,0,213,212,14952,1,0,0,1,2
2020-07-22,US,Iowa,Hancock,93,2,0,43.08178477,-93.73454884,19081.0,874.8824082784572,2.150537634408602,91,85,2,0,83,81,10712,8,0,0,8,4
2020-07-22,US,Iowa,Hardin,113,0,0,42.38353877,-93.23654611,19083.0,670.782381574261,0.0,113,109,0,0,109,109,16868,4,0,0,4,0
2020-07-22,US,Iowa,Harrison,73,0,0,41.68330137,-95.81558439,19085.0,519.6099366502954,0.0,73,71,0,0,71,71,14134,2,0,0,2,0
2020-07-22,US,Iowa,Henry,100,3,0,40.98767962,-91.54436349,19087.0,501.1526510975243,3.0,97,100,3,0,97,100,20067,0,0,0,0,0
2020-07-22,US,Iowa,Howard,43,0,0,43.35671042,-92.31702714,19089.0,469.53483293295477,0.0,43,42,0,0,42,42,9187,1,0,0,1,0
2020-07-22,US,Iowa,Humboldt,72,1,0,42.7764426,-94.20722537,19091.0,753.2956685499057,1.3888888888888888,71,70,1,0,69,70,9547,2,0,0,2,0
2020-07-22,US,Iowa,Ida,27,0,0,42.38696136,-95.51355387,19093.0,393.5860058309038,0.0,27,26,0,0,26,25,6841,1,0,0,1,1
2020-07-22,US,Iowa,Iowa,69,1,0,41.68630265,-92.0643373,19095.0,426.3470093919921,1.4492753623188406,68,68,1,0,67,66,16141,1,0,0,1,2
2020-07-22,US,Iowa,Jackson,105,0,0,42.17178824,-90.57354837,19097.0,540.1512423478573,0.0,105,100,0,0,100,97,19432,5,0,0,5,3
2020-07-22,US,Iowa,Jasper,416,19,0,41.68576082,-93.05567785,19099.0,1118.730670969477,4.5673076923076925,397,414,18,0,396,413,37147,2,1,0,1,1
2020-07-22,US,Iowa,Jefferson,68,0,0,41.03192394,-91.94849466,19101.0,371.68625307461053,0.0,68,68,0,0,68,67,18381,0,0,0,0,1
2020-07-22,US,Iowa,Johnson,1676,10,0,41.67169354,-91.58754744,19103.0,1108.9056503903666,0.5966587112171837,1666,1651,10,0,1641,1636,151260,25,0,0,25,15
2020-07-22,US,Iowa,Jones,103,1,0,42.12118609,-91.13139641,19105.0,498.0416807697887,0.9708737864077671,102,100,1,0,99,97,20744,3,0,0,3,3
2020-07-22,US,Iowa,Keokuk,24,1,0,41.33649833,-92.1785067,19107.0,234.2377513175873,4.166666666666667,23,24,1,0,23,24,10225,0,0,0,0,0
2020-07-22,US,Iowa,Kossuth,73,0,0,43.20405458,-94.20691791,19109.0,492.8103692702356,0.0,73,71,0,0,71,71,14908,2,0,0,2,0
2020-07-22,US,Iowa,Lee,64,2,0,40.64181461,-91.48183025,19111.0,190.1536084618356,3.125,62,63,2,0,61,62,34055,1,0,0,1,1
2020-07-22,US,Iowa,Linn,1667,87,0,42.07923082,-91.59809485,19113.0,735.3135779379463,5.218956208758248,1580,1638,87,0,1551,1604,225909,29,0,0,29,34
2020-07-22,US,Iowa,Louisa,373,13,0,41.21842119,-91.26102611,19115.0,3380.154055278659,3.4852546916890086,360,372,13,0,359,371,11169,1,0,0,1,1
2020-07-22,US,Iowa,Lucas,39,4,0,41.02958964,-93.32780803,19117.0,453.4883720930232,10.256410256410255,35,38,4,0,34,38,8645,1,0,0,1,0
2020-07-22,US,Iowa,Lyon,84,0,0,43.38107862,-96.20926845,19119.0,714.5895363675032,0.0,84,79,0,0,79,75,11811,5,0,0,5,4
2020-07-22,US,Iowa,Madison,78,2,0,41.33081904,-94.01554631,19121.0,477.4146162320969,2.5641025641025643,76,77,2,0,75,73,16249,1,0,0,1,4
2020-07-22,US,Iowa,Mahaska,129,17,0,41.33521503,-92.64083907,19123.0,583.8424983027834,13.178294573643413,112,129,17,0,112,129,22000,0,0,0,0,0
2020-07-22,US,Iowa,Marion,112,0,0,41.33445101,-93.09934783,19125.0,336.8117162361291,0.0,112,110,0,0,110,105,33407,2,0,0,2,5
2020-07-22,US,Iowa,Marshall,1218,21,0,42.03586837,-92.9990819,19127.0,3093.804770250705,1.7241379310344829,1197,1206,21,0,1185,1197,39981,12,0,0,12,9
2020-07-22,US,Iowa,Mills,63,0,0,41.03299766,-95.61920963,19129.0,416.97001787014364,0.0,63,60,0,0,60,60,15063,3,0,0,3,0
2020-07-22,US,Iowa,Mitchell,70,0,0,43.35638371,-92.78887719,19131.0,661.2507084829018,0.0,70,68,0,0,68,68,10569,2,0,0,2,0
2020-07-22,US,Iowa,Monona,82,0,0,42.05220391,-95.95743843,19133.0,951.8282066163667,0.0,82,81,0,0,81,81,8679,1,0,0,1,0
2020-07-22,US,Iowa,Monroe,63,7,0,41.02988815,-92.8690667,19135.0,817.4386920980928,11.111111111111109,56,61,7,0,54,61,7790,2,0,0,2,0
2020-07-22,US,Iowa,Montgomery,25,2,0,41.03018714,-95.15642896,19137.0,252.09236664313804,8.0,23,23,2,0,21,21,10003,2,0,0,2,2
2020-07-22,US,Iowa,Muscatine,744,45,0,41.48370744,-91.1121697,19139.0,1743.8589911869492,6.048387096774193,699,739,45,0,694,732,42929,5,0,0,5,7
2020-07-22,US,Iowa,O'Brien,110,1,0,43.08310673,-95.62474482,19141.0,799.825492619792,0.9090909090909092,109,108,1,0,107,107,13840,2,0,0,2,1
2020-07-22,US,Iowa,Osceola,72,0,0,43.37824276,-95.62422844,19143.0,1208.4592145015104,0.0,72,71,0,0,71,71,6040,1,0,0,1,0
2020-07-22,US,Iowa,Page,38,0,0,40.7393172,-95.1497813,19145.0,251.53902164559474,0.0,38,38,0,0,38,32,15249,0,0,0,0,6
2020-07-22,US,Iowa,Palo Alto,61,0,0,43.08193849,-94.67824621,19147.0,686.4731037587214,0.0,61,62,0,0,62,63,8929,-1,0,0,-1,-1
2020-07-22,US,Iowa,Plymouth,391,6,0,42.737633,-96.21366621,19149.0,1553.0047265361245,1.5345268542199488,385,386,6,0,380,380,25095,5,0,0,5,6
2020-07-22,US,Iowa,Pocahontas,109,1,0,42.73420133,-94.67862564,19151.0,1646.774437226167,0.9174311926605504,108,109,1,0,108,110,6740,0,0,0,0,-1
2020-07-22,US,Iowa,Polk,8644,191,0,41.68679484,-93.57767461,19153.0,1763.5021962171613,2.209625173530773,8453,8557,189,0,8368,8465,487204,87,2,0,85,92
2020-07-22,US,Iowa,Pottawattamie,961,16,0,41.33640314,-95.53907776,19155.0,1031.0495032508636,1.6649323621227887,945,944,16,0,928,925,93533,17,0,0,17,19
2020-07-22,US,Iowa,Poweshiek,117,8,0,41.68625425,-92.53155731,19157.0,632.295719844358,6.837606837606838,109,114,8,0,106,114,18699,3,0,0,3,0
2020-07-22,US,Iowa,Ringgold,19,1,0,40.73518949,-94.24368535,19159.0,388.2304863097672,5.2631578947368425,18,18,1,0,17,17,4968,1,0,0,1,1
2020-07-22,US,Iowa,Sac,75,0,0,42.38624071,-95.10547892,19161.0,771.5255632136611,0.0,75,75,0,0,75,75,9719,0,0,0,0,0
2020-07-22,US,Iowa,Scott,1365,11,0,41.63935978,-90.61959493,19163.0,789.2773919730777,0.8058608058608059,1354,1335,11,0,1324,1318,173283,30,0,0,30,17
2020-07-22,US,Iowa,Shelby,126,0,0,41.6850066,-95.31015553,19165.0,1100.0523834468308,0.0,126,126,0,0,126,127,11578,0,0,0,0,-1
2020-07-22,US,Iowa,Sioux,545,0,0,43.08221074,-96.1767568,19167.0,1563.6207143881795,0.0,545,538,0,0,538,535,34909,7,0,0,7,3
2020-07-22,US,Iowa,Story,983,10,0,42.03621213,-93.46499005,19169.0,1012.1811835209078,1.017293997965412,973,970,10,0,960,947,98105,13,0,0,13,23
2020-07-22,US,Iowa,Tama,513,29,0,42.07991767,-92.53266945,19171.0,3043.7878248487004,5.6530214424951275,484,511,29,0,482,510,16904,2,0,0,2,1
2020-07-22,US,Iowa,Taylor,85,0,0,40.73710579,-94.69778563,19173.0,1388.6619833360562,0.0,85,83,0,0,83,81,6191,2,0,0,2,2
2020-07-22,US,Iowa,Unassigned,13,0,0,0.0,0.0,90019.0,0.0,0.0,13,16,0,0,16,22,,-3,0,0,-3,-6
2020-07-22,US,Iowa,Union,59,1,0,41.0277278,-94.24234847,19175.0,481.9867657871088,1.6949152542372878,58,56,1,0,55,56,12359,3,0,0,3,0
2020-07-22,US,Iowa,Van Buren,22,1,0,40.75326764,-91.95017958,19177.0,312.32254400908573,4.545454545454546,21,22,1,0,21,22,7020,0,0,0,0,0
2020-07-22,US,Iowa,Wapello,769,31,0,41.03064984,-92.40954728,19179.0,2199.090623123338,4.031209362808843,738,757,31,0,726,746,35205,12,0,0,12,11
2020-07-22,US,Iowa,Warren,425,1,0,41.33559454,-93.56007641,19181.0,825.7878988069792,0.2352941176470588,424,419,1,0,418,415,51056,6,0,0,6,4
2020-07-22,US,Iowa,Washington,275,9,0,41.33577126,-91.71725711,19183.0,1251.9918051445482,3.272727272727273,266,269,9,0,260,267,22141,6,0,0,6,2
2020-07-22,US,Iowa,Wayne,11,1,0,40.73969028,-93.32752197,19185.0,170.78093463747862,9.090909090909092,10,11,1,0,10,11,6401,0,0,0,0,0
2020-07-22,US,Iowa,Webster,565,5,0,42.42853483,-94.17987389,19187.0,1573.6408199643495,0.8849557522123894,560,565,5,0,560,565,36277,0,0,0,0,0
2020-07-22,US,Iowa,Winnebago,59,0,0,43.37751174,-93.73407298,19189.0,569.828085763956,0.0,59,59,0,0,59,58,10518,0,0,0,0,1
2020-07-22,US,Iowa,Winneshiek,63,1,0,43.29094334,-91.84422722,19191.0,315.14181381621734,1.5873015873015872,62,62,1,0,61,58,20029,1,0,0,1,4
2020-07-22,US,Iowa,Woodbury,3495,47,0,42.38979414,-96.0459439,19193.0,3389.682562774593,1.3447782546494993,3448,3492,46,0,3446,3482,102539,3,1,0,2,10
2020-07-22,US,Iowa,Worth,47,0,0,43.37750768,-93.26087602,19195.0,636.7700853542881,0.0,47,46,0,0,46,44,7453,1,0,0,1,2
2020-07-22,US,Iowa,Wright,423,1,0,42.73305373,-93.73515113,19197.0,3367.2982009234197,0.2364066193853428,422,419,1,0,418,417,12690,4,0,0,4,2
2020-07-22,US,Kansas,Allen,11,0,0,37.88582951,-95.30030847,20001.0,88.9320074379497,0.0,11,10,0,0,10,10,12444,1,0,0,1,0
2020-07-22,US,Kansas,Anderson,24,0,0,38.21413251,-95.29272815,20003.0,305.4212267752609,0.0,24,24,0,0,24,24,7878,0,0,0,0,0
2020-07-22,US,Kansas,Atchison,50,0,0,39.53185661,-95.30870026,20005.0,311.0806943321098,0.0,50,49,0,0,49,49,16193,1,0,0,1,0
2020-07-22,US,Kansas,Barber,4,0,0,37.2288586,-98.68460053,20007.0,90.35464196973119,0.0,4,3,0,0,3,3,4472,1,0,0,1,0
2020-07-22,US,Kansas,Barton,81,3,0,38.47889676,-98.75636726,20009.0,314.2092400791342,3.703703703703704,78,79,3,0,76,75,26111,2,0,0,2,4
2020-07-22,US,Kansas,Bourbon,59,1,0,37.85508555,-94.84865997,20011.0,405.9446814366314,1.6949152542372878,58,59,1,0,58,59,14653,0,0,0,0,0
2020-07-22,US,Kansas,Brown,27,0,0,39.82652589,-95.56421698,20013.0,282.3086574654956,0.0,27,27,0,0,27,23,9598,0,0,0,0,4
2020-07-22,US,Kansas,Butler,138,0,0,37.78134351,-96.83878537,20015.0,206.24411531736183,0.0,138,133,0,0,133,132,66765,5,0,0,5,1
2020-07-22,US,Kansas,Chase,6,0,0,38.30292938,-96.59563862,20017.0,226.5861027190332,0.0,6,6,0,0,6,6,2629,0,0,0,0,0
2020-07-22,US,Kansas,Chautauqua,5,0,0,37.14994405,-96.2454192,20019.0,153.84615384615384,0.0,5,5,0,0,5,5,3309,0,0,0,0,0
2020-07-22,US,Kansas,Cherokee,63,1,0,37.16928494,-94.8462897,20021.0,315.9636892522193,1.5873015873015872,62,63,1,0,62,62,20015,0,0,0,0,1
2020-07-22,US,Kansas,Cheyenne,2,0,0,39.78580976,-101.7318201,20023.0,75.27286413248024,0.0,2,2,0,0,2,2,2660,0,0,0,0,0
2020-07-22,US,Kansas,Clark,38,1,0,37.23577007,-99.81883015,20025.0,1905.7171514543631,2.631578947368421,37,38,1,0,37,38,2005,0,0,0,0,0
2020-07-22,US,Kansas,Clay,13,2,0,39.34948772,-97.16518128,20027.0,162.45938515371157,15.384615384615385,11,13,2,0,11,13,7997,0,0,0,0,0
2020-07-22,US,Kansas,Cloud,26,0,0,39.48028352,-97.64925343,20029.0,295.92533576143865,0.0,26,26,0,0,26,26,8729,0,0,0,0,0
2020-07-22,US,Kansas,Coffey,61,8,0,38.2365018,-95.73379515,20031.0,745.8124465093532,13.114754098360656,53,60,8,0,52,60,8233,1,0,0,1,0
2020-07-22,US,Kansas,Comanche,3,0,0,37.19114520000001,-99.27113247,20033.0,176.47058823529412,0.0,3,3,0,0,3,3,1748,0,0,0,0,0
2020-07-22,US,Kansas,Cowley,118,2,0,37.23781842,-96.83776647,20035.0,338.0313968144838,1.6949152542372878,116,118,2,0,116,118,35218,0,0,0,0,0
2020-07-22,US,Kansas,Crawford,351,1,0,37.50675523,-94.85245778,20037.0,904.2196918955124,0.2849002849002849,350,341,1,0,340,341,39019,10,0,0,10,0
2020-07-22,US,Kansas,Decatur,5,0,0,39.78468441,-100.45940809999999,20039.0,176.86593562079943,0.0,5,4,0,0,4,4,2871,1,0,0,1,0
2020-07-22,US,Kansas,Dickinson,34,1,0,38.86600962,-97.15532383,20041.0,184.12217047546844,2.9411764705882355,33,34,1,0,33,34,18717,0,0,0,0,0
2020-07-22,US,Kansas,Doniphan,39,0,0,39.79067154,-95.14056866,20043.0,513.1578947368421,0.0,39,36,0,0,36,36,7682,3,0,0,3,0
2020-07-22,US,Kansas,Douglas,542,2,0,38.88503636,-95.2925121,20045.0,443.3211460914943,0.3690036900369004,540,536,0,0,536,526,121436,6,2,0,4,10
2020-07-22,US,Kansas,Edwards,8,0,0,37.88735543,-99.31263309,20047.0,285.91851322373117,0.0,8,8,0,0,8,8,2849,0,0,0,0,0
2020-07-22,US,Kansas,Elk,1,0,0,37.45338105,-96.24369667,20049.0,39.52569169960474,0.0,1,1,0,0,1,1,2508,0,0,0,0,0
2020-07-22,US,Kansas,Ellis,97,0,0,38.91458712,-99.31751551,20051.0,339.71911883164637,0.0,97,88,0,0,88,88,28710,9,0,0,9,0
2020-07-22,US,Kansas,Ellsworth,15,0,0,38.69677695,-98.20462799,20053.0,245.8210422812193,0.0,15,15,0,0,15,14,6196,0,0,0,0,1
2020-07-22,US,Kansas,Finney,1652,10,0,38.04340344,-100.73819379999999,20055.0,4530.1231250171395,0.6053268765133172,1642,1646,10,0,1636,1628,36611,6,0,0,6,18
2020-07-22,US,Kansas,Ford,1994,8,0,37.69200114,-99.88825298,20057.0,5931.169874178292,0.4012036108324975,1986,1990,8,0,1982,1990,33888,4,0,0,4,0
2020-07-22,US,Kansas,Franklin,123,1,0,38.56443815,-95.28644341,20059.0,481.5220795490136,0.8130081300813008,122,117,1,0,116,117,25631,6,0,0,6,0
2020-07-22,US,Kansas,Geary,104,1,0,38.99871131,-96.7577178,20061.0,328.38648563309124,0.9615384615384616,103,96,1,0,95,90,32594,8,0,0,8,6
2020-07-22,US,Kansas,Gove,2,0,0,38.91588178,-100.4829321,20063.0,75.87253414264036,0.0,2,2,0,0,2,2,2612,0,0,0,0,0
2020-07-22,US,Kansas,Graham,9,0,0,39.34987223,-99.88332493,20065.0,362.61079774375503,0.0,9,9,0,0,9,9,2492,0,0,0,0,0
2020-07-22,US,Kansas,Grant,78,2,0,37.56227336,-101.3079758,20067.0,1090.909090909091,2.5641025641025643,76,78,2,0,76,78,7336,0,0,0,0,0
2020-07-22,US,Kansas,Gray,51,0,0,37.73836671,-100.4369088,20069.0,851.7034068136273,0.0,51,50,0,0,50,46,6033,1,0,0,1,4
2020-07-22,US,Kansas,Greeley,3,0,0,38.4808095,-101.8061079,20071.0,243.50649350649346,0.0,3,3,0,0,3,3,1227,0,0,0,0,0
2020-07-22,US,Kansas,Greenwood,13,0,0,37.8774388,-96.23250453,20073.0,217.31862253426948,0.0,13,11,0,0,11,11,6055,2,0,0,2,0
2020-07-22,US,Kansas,Hamilton,35,0,0,37.99978709,-101.7921066,20075.0,1378.4954706577396,0.0,35,35,0,0,35,35,2607,0,0,0,0,0
2020-07-22,US,Kansas,Harper,6,0,0,37.19175361,-98.07578384,20077.0,110.37527593818984,0.0,6,6,0,0,6,6,5506,0,0,0,0,0
2020-07-22,US,Kansas,Harvey,125,1,0,38.04293782,-97.42747573,20079.0,363.0660199250632,0.8,124,114,1,0,113,117,34210,11,0,0,11,-3
2020-07-22,US,Kansas,Haskell,33,0,0,37.562039399999996,-100.8710738,20081.0,831.6532258064516,0.0,33,33,0,0,33,33,3997,0,0,0,0,0
2020-07-22,US,Kansas,Hodgeman,10,0,0,38.08780079,-99.89829881,20083.0,557.4136008918617,0.0,10,10,0,0,10,10,1818,0,0,0,0,0
2020-07-22,US,Kansas,Jackson,131,1,0,39.41673394,-95.79356799,20085.0,994.609369068408,0.7633587786259542,130,130,1,0,129,130,13280,1,0,0,1,0
2020-07-22,US,Kansas,Jefferson,43,0,0,39.2347941,-95.38289232,20087.0,225.80475765373103,0.0,43,42,0,0,42,42,18975,1,0,0,1,0
2020-07-22,US,Kansas,Jewell,7,0,0,39.78470589,-98.21820662,20089.0,243.1399791594304,0.0,7,7,0,0,7,5,2841,0,0,0,0,2
2020-07-22,US,Kansas,Johnson,4053,96,0,38.88548175,-94.82250877,20091.0,672.8076480616731,2.368615840118431,3957,3886,95,0,3791,3828,597555,167,1,0,166,58
2020-07-22,US,Kansas,Kearny,53,1,0,38.00017981,-101.32168100000001,20093.0,1380.9275664408551,1.8867924528301887,52,52,1,0,51,52,3943,1,0,0,1,0
2020-07-22,US,Kansas,Kingman,5,0,0,37.55909527,-98.13638678,20095.0,69.91051454138703,0.0,5,5,0,0,5,5,7310,0,0,0,0,0
2020-07-22,US,Kansas,Kiowa,6,0,0,37.55848695,-99.2856537,20097.0,242.42424242424244,0.0,6,6,0,0,6,6,2516,0,0,0,0,0
2020-07-22,US,Kansas,Labette,102,0,0,37.19113093,-95.29849679,20099.0,519.9306759098787,0.0,102,89,0,0,89,92,19964,13,0,0,13,-3
2020-07-22,US,Kansas,Lane,5,0,0,38.48119447,-100.46607540000001,20101.0,325.73289902280135,0.0,5,5,0,0,5,5,1560,0,0,0,0,0
2020-07-22,US,Kansas,Leavenworth,1310,7,0,39.20183497,-95.03620809,20103.0,1602.2896841899264,0.5343511450381679,1303,1285,7,0,1278,1285,81352,25,0,0,25,0
2020-07-22,US,Kansas,Lincoln,5,0,0,39.04549684,-98.20756994,20105.0,168.8048615800135,0.0,5,5,0,0,5,5,3023,0,0,0,0,0
2020-07-22,US,Kansas,Linn,24,0,0,38.21267844,-94.84254089,20107.0,247.3461815933217,0.0,24,22,0,0,22,22,9750,2,0,0,2,0
2020-07-22,US,Kansas,Logan,2,0,0,38.91735806,-101.148475,20109.0,71.58196134574086,0.0,2,2,0,0,2,2,2844,0,0,0,0,0
2020-07-22,US,Kansas,Lyon,586,7,0,38.45576156,-96.15275715,20111.0,1765.3261033288145,1.1945392491467577,579,576,7,0,569,570,33406,10,0,0,10,6
2020-07-22,US,Kansas,Marion,34,1,0,38.35855394,-97.09852509999999,20115.0,286.09895658027597,2.9411764705882355,33,34,1,0,33,29,11950,0,0,0,0,5
2020-07-22,US,Kansas,Marshall,7,0,0,39.78359669,-96.52278974,20117.0,72.11290821056969,0.0,7,7,0,0,7,7,9722,0,0,0,0,0
2020-07-22,US,Kansas,McPherson,106,0,0,38.39184858,-97.64769869,20113.0,371.3825239997197,0.0,106,105,0,0,105,102,28537,1,0,0,1,3
2020-07-22,US,Kansas,Meade,34,0,0,37.23859987,-100.36483100000001,20119.0,843.0448797421275,0.0,34,33,0,0,33,33,4146,1,0,0,1,0
2020-07-22,US,Kansas,Miami,92,0,0,38.56383358,-94.83832189,20121.0,268.71513275111715,0.0,92,79,0,0,79,79,33680,13,0,0,13,0
2020-07-22,US,Kansas,Mitchell,25,0,0,39.39331582,-98.20906732,20123.0,418.13012209399557,0.0,25,21,0,0,21,21,6150,4,0,0,4,0
2020-07-22,US,Kansas,Montgomery,116,3,0,37.19236568,-95.74329258,20125.0,364.4475164158472,2.586206896551724,113,112,3,0,109,108,32120,4,0,0,4,4
2020-07-22,US,Kansas,Morris,6,0,0,38.68827511,-96.65128437,20127.0,106.76156583629893,0.0,6,6,0,0,6,6,5521,0,0,0,0,0
2020-07-22,US,Kansas,Morton,9,2,0,37.19141121,-101.79925190000002,20129.0,347.89331271743333,22.222222222222218,7,9,2,0,7,9,2667,0,0,0,0,0
2020-07-22,US,Kansas,Nemaha,37,0,0,39.78345387,-96.01392079,20131.0,361.6459779102727,0.0,37,37,0,0,37,37,10155,0,0,0,0,0
2020-07-22,US,Kansas,Neosho,48,0,0,37.55862897,-95.30670046,20133.0,299.86880739676394,0.0,48,49,0,0,49,49,15951,-1,0,0,-1,0
2020-07-22,US,Kansas,Ness,5,0,0,38.47974157,-99.91547333,20135.0,181.8181818181818,0.0,5,5,0,0,5,5,2840,0,0,0,0,0
2020-07-22,US,Kansas,Norton,22,0,0,39.78443827,-99.90286639,20137.0,410.37119940309645,0.0,22,22,0,0,22,22,5430,0,0,0,0,0
2020-07-22,US,Kansas,Osage,34,0,0,38.65235984,-95.72707998,20139.0,213.17950968712773,0.0,34,34,0,0,34,34,15941,0,0,0,0,0
2020-07-22,US,Kansas,Osborne,3,0,0,39.3503437,-98.76753828,20141.0,87.69365682548961,0.0,3,3,0,0,3,3,3475,0,0,0,0,0
2020-07-22,US,Kansas,Ottawa,26,0,0,39.13237408,-97.65020313,20143.0,455.82047685834505,0.0,26,26,0,0,26,26,5802,0,0,0,0,0
2020-07-22,US,Kansas,Pawnee,6,0,0,38.18108732,-99.23692334,20145.0,93.54536950420956,0.0,6,6,0,0,6,6,6562,0,0,0,0,0
2020-07-22,US,Kansas,Phillips,40,7,0,39.78465501,-99.34668865,20147.0,764.2338555598012,17.5,33,40,7,0,33,39,5317,0,0,0,0,1
2020-07-22,US,Kansas,Pottawatomie,96,0,0,39.37925655,-96.34564657,20149.0,393.7169339293769,0.0,96,96,0,0,96,96,24277,0,0,0,0,0
2020-07-22,US,Kansas,Pratt,28,0,0,37.64780729,-98.73922153,20151.0,305.54343081623745,0.0,28,28,0,0,28,28,9378,0,0,0,0,0
2020-07-22,US,Kansas,Reno,167,1,0,37.95230263,-98.08607292,20155.0,269.3635278557373,0.5988023952095808,166,166,0,0,166,165,62342,1,1,0,0,1
2020-07-22,US,Kansas,Republic,21,0,0,39.82799632,-97.65036709,20157.0,452.97670405522,0.0,21,21,0,0,21,21,4664,0,0,0,0,0
2020-07-22,US,Kansas,Rice,16,0,0,38.34616184,-98.19992118,20159.0,167.76764181608473,0.0,16,16,0,0,16,16,9531,0,0,0,0,0
2020-07-22,US,Kansas,Riley,411,3,0,39.28935726,-96.73420026,20161.0,553.6695764629809,0.7299270072992701,408,405,3,0,402,398,73703,6,0,0,6,7
2020-07-22,US,Kansas,Rooks,11,0,0,39.35022773,-99.32484567,20163.0,223.57723577235768,0.0,11,11,0,0,11,11,5013,0,0,0,0,0
2020-07-22,US,Kansas,Rush,5,0,0,38.52275276,-99.30863983,20165.0,164.69038208168644,0.0,5,4,0,0,4,4,3093,1,0,0,1,0
2020-07-22,US,Kansas,Russell,4,0,0,38.91462787,-98.76254297,20167.0,58.343057176196034,0.0,4,5,0,0,5,5,6907,-1,0,0,-1,0
2020-07-22,US,Kansas,Saline,307,3,0,38.78369175,-97.65185177,20169.0,566.1699616406021,0.977198697068404,304,296,3,0,293,296,54401,11,0,0,11,0
2020-07-22,US,Kansas,Scott,22,0,0,38.48222076,-100.90665390000001,20171.0,456.1476259589466,0.0,22,20,0,0,20,20,4897,2,0,0,2,0
2020-07-22,US,Kansas,Sedgwick,2918,33,0,37.6842718,-97.4608198,20173.0,565.4578503300119,1.1309115832762169,2885,2827,33,0,2794,2766,513607,91,0,0,91,61
2020-07-22,US,Kansas,Seward,1149,4,0,37.19324632,-100.85072009999999,20175.0,5362.142990479746,0.3481288076588337,1145,1121,4,0,1117,1105,21780,28,0,0,28,16
2020-07-22,US,Kansas,Shawnee,1223,14,0,39.04100763,-95.75572640000001,20177.0,691.4487632508832,1.144726083401472,1209,1204,14,0,1190,1191,177499,19,0,0,19,13
2020-07-22,US,Kansas,Sheridan,7,0,0,39.35018161,-100.44182590000001,20179.0,277.66759222530743,0.0,7,7,0,0,7,7,2533,0,0,0,0,0
2020-07-22,US,Kansas,Sherman,9,0,0,39.35147699,-101.71976240000001,20181.0,152.1041068108839,0.0,9,9,0,0,9,9,5899,0,0,0,0,0
2020-07-22,US,Kansas,Smith,3,0,0,39.78516566,-98.78566062,20183.0,83.72871895060004,0.0,3,3,0,0,3,3,3603,0,0,0,0,0
2020-07-22,US,Kansas,Stafford,2,0,0,38.03100851,-98.71762001,20185.0,48.12319538017324,0.0,2,2,0,0,2,2,4178,0,0,0,0,0
2020-07-22,US,Kansas,Stanton,15,0,0,37.56304714,-101.78435340000001,20187.0,747.7567298105682,0.0,15,14,0,0,14,14,1987,1,0,0,1,0
2020-07-22,US,Kansas,Stevens,40,0,0,37.1923008,-101.3118967,20189.0,729.2616226071103,0.0,40,40,0,0,40,40,5559,0,0,0,0,0
2020-07-22,US,Kansas,Sumner,76,2,0,37.23682549,-97.47721621,20191.0,332.8078472587144,2.631578947368421,74,76,2,0,74,72,22996,0,0,0,0,4
2020-07-22,US,Kansas,Thomas,23,0,0,39.35107575,-101.0553705,20193.0,295.74386010029576,0.0,23,23,0,0,23,23,7711,0,0,0,0,0
2020-07-22,US,Kansas,Trego,5,0,0,38.91467218,-99.87284448,20195.0,178.38030681412772,0.0,5,5,0,0,5,5,2793,0,0,0,0,0
2020-07-22,US,Kansas,Unassigned,0,1,0,0.0,0.0,90020.0,0.0,0.0,-1,0,1,0,-1,0,,0,0,0,0,0
2020-07-22,US,Kansas,Wabaunsee,40,0,0,38.95471985,-96.20350509,20197.0,577.1172990910403,0.0,40,40,0,0,40,40,6899,0,0,0,0,0
2020-07-22,US,Kansas,Washington,2,0,0,39.78420784,-97.08753229999999,20201.0,36.99593044765076,0.0,2,2,0,0,2,2,5420,0,0,0,0,0
2020-07-22,US,Kansas,Wichita,1,0,0,38.48178252,-101.3471509,20203.0,47.19207173194904,0.0,1,1,0,0,1,,2105,0,0,0,0,
2020-07-22,US,Kansas,Wilson,6,0,0,37.55937174,-95.74323255,20205.0,70.38123167155425,0.0,6,6,0,0,6,6,8665,0,0,0,0,0
2020-07-22,US,Kansas,Woodson,11,0,0,37.8865336,-95.74006277,20207.0,350.54174633524536,0.0,11,11,0,0,11,11,3183,0,0,0,0,0
2020-07-22,US,Kansas,Wyandotte,3822,90,0,39.11727348,-94.76378225,20209.0,2310.356708920443,2.3547880690737832,3732,3749,89,0,3660,3701,165324,73,1,0,72,48
2020-07-22,US,Kentucky,Adair,171,19,0,37.10459774,-85.28129668,21001.0,890.532236225393,11.111111111111109,152,169,19,0,150,164,19215,2,0,0,2,5
2020-07-22,US,Kentucky,Allen,205,8,0,36.75197631,-86.19457544,21003.0,961.7640159512081,3.902439024390244,197,204,7,0,197,199,21122,1,1,0,0,5
2020-07-22,US,Kentucky,Anderson,41,1,0,38.00671029,-84.99171713,21005.0,180.24354859981537,2.4390243902439024,40,41,1,0,40,36,22663,0,0,0,0,5
2020-07-22,US,Kentucky,Ballard,26,0,0,37.05842757,-88.99427697,21007.0,329.61460446247463,0.0,26,25,0,0,25,25,7979,1,0,0,1,0
2020-07-22,US,Kentucky,Barren,214,2,0,36.96469836,-85.93338945,21009.0,483.6267486270877,0.9345794392523364,212,194,2,0,192,172,44176,20,0,0,20,22
2020-07-22,US,Kentucky,Bath,24,1,0,38.14735938,-83.74588932,21011.0,192.0,4.166666666666667,23,23,1,0,22,23,12383,1,0,0,1,0
2020-07-22,US,Kentucky,Bell,174,1,0,36.73355174,-83.67766671,21013.0,668.4081130915796,0.5747126436781609,173,166,1,0,165,160,26569,8,0,0,8,6
2020-07-22,US,Kentucky,Boone,871,23,0,38.97065142,-84.72615357,21015.0,652.0388378586775,2.640642939150402,848,851,23,0,828,839,131533,20,0,0,20,12
2020-07-22,US,Kentucky,Bourbon,60,1,0,38.2054607,-84.21827874,21017.0,303.2140691328077,1.6666666666666667,59,55,1,0,54,55,20184,5,0,0,5,0
2020-07-22,US,Kentucky,Boyd,129,3,0,38.36176608,-82.68652187,21019.0,276.12483411104927,2.3255813953488373,126,126,3,0,123,122,47240,3,0,0,3,4
2020-07-22,US,Kentucky,Boyle,62,0,0,37.62680923,-84.8633779,21021.0,206.25415834996673,0.0,62,62,0,0,62,60,30100,0,0,0,0,2
2020-07-22,US,Kentucky,Bracken,24,0,0,38.69158994,-84.08532444,21023.0,289.0521498253643,0.0,24,24,0,0,24,24,8239,0,0,0,0,0
2020-07-22,US,Kentucky,Breathitt,18,0,0,37.52333168,-83.31959161,21025.0,142.51781472684087,0.0,18,18,0,0,18,16,12726,0,0,0,0,2
2020-07-22,US,Kentucky,Breckinridge,38,2,0,37.77377239,-86.42885017,21027.0,185.57405870000488,5.2631578947368425,36,38,2,0,36,38,20388,0,0,0,0,0
2020-07-22,US,Kentucky,Bullitt,221,4,0,37.97162523,-85.68955617,21029.0,270.58132131838,1.8099547511312215,217,211,4,0,207,198,81069,10,0,0,10,13
2020-07-22,US,Kentucky,Butler,283,14,0,37.20946153,-86.68748787,21031.0,2197.375572637627,4.946996466431095,269,281,14,0,267,280,12772,2,0,0,2,1
2020-07-22,US,Kentucky,Caldwell,41,0,0,37.14749129,-87.86948214,21033.0,321.6443084647368,0.0,41,41,0,0,41,41,12715,0,0,0,0,0
2020-07-22,US,Kentucky,Calloway,139,2,0,36.62093411,-88.2731593,21035.0,356.4011179200533,1.4388489208633093,137,135,2,0,133,133,39135,4,0,0,4,2
2020-07-22,US,Kentucky,Campbell,421,13,0,38.94384345,-84.37875208,21037.0,449.8632244828176,3.0878859857482186,408,409,13,0,396,396,93152,12,0,0,12,13
2020-07-22,US,Kentucky,Carlisle,16,1,0,36.85372876,-88.96692220000001,21039.0,336.13445378151266,6.25,15,15,1,0,14,14,4771,1,0,0,1,1
2020-07-22,US,Kentucky,Carroll,128,2,0,38.66599534,-85.12601074,21041.0,1204.0259618098014,1.5625,126,125,2,0,123,125,10737,3,0,0,3,0
2020-07-22,US,Kentucky,Carter,75,1,0,38.31690743,-83.05092385,21043.0,279.88207635183045,1.3333333333333333,74,72,1,0,71,70,27004,3,0,0,3,2
2020-07-22,US,Kentucky,Casey,122,7,0,37.32533118,-84.92726209,21045.0,754.9972151742062,5.737704918032787,115,115,7,0,108,103,15888,7,0,0,7,12
2020-07-22,US,Kentucky,Christian,367,4,0,36.89267803,-87.49055367,21047.0,520.8555087211365,1.0899182561307903,363,366,4,0,362,366,71671,1,0,0,1,0
2020-07-22,US,Kentucky,Clark,122,7,0,37.9689263,-84.14615986,21049.0,336.4310729945123,5.737704918032787,115,122,7,0,115,121,36249,0,0,0,0,1
2020-07-22,US,Kentucky,Clay,121,4,0,37.16451126,-83.712575,21051.0,608.0096477563943,3.3057851239669422,117,119,4,0,115,115,20105,2,0,0,2,4
2020-07-22,US,Kentucky,Clinton,14,0,0,36.72581156,-85.13377529,21053.0,137.01311411235076,0.0,14,14,0,0,14,12,10206,0,0,0,0,2
2020-07-22,US,Kentucky,Crittenden,21,1,0,37.35839237,-88.08826090000002,21055.0,238.4737678855326,4.761904761904762,20,21,1,0,20,20,8915,0,0,0,0,1
2020-07-22,US,Kentucky,Cumberland,20,0,0,36.78926125,-85.39050034,21057.0,302.3888720895071,0.0,20,20,0,0,20,16,6659,0,0,0,0,4
2020-07-22,US,Kentucky,Daviess,595,7,0,37.73028906,-87.09019479999998,21059.0,586.1433736245332,1.1764705882352942,588,586,7,0,579,575,101104,9,0,0,9,11
2020-07-22,US,Kentucky,Edmonson,84,12,0,37.21218923,-86.23955613,21061.0,691.3580246913582,14.285714285714285,72,84,12,0,72,82,12274,0,0,0,0,2
2020-07-22,US,Kentucky,Elliott,7,0,0,38.11624059,-83.09771563,21063.0,93.1222562192364,0.0,7,7,0,0,7,7,7508,0,0,0,0,0
2020-07-22,US,Kentucky,Estill,8,0,0,37.69241417,-83.95956369,21065.0,56.713455267262155,0.0,8,8,0,0,8,8,14198,0,0,0,0,0
2020-07-22,US,Kentucky,Fayette,2205,41,0,38.0368225,-84.45576892,21067.0,682.3414368470565,1.8594104308390025,2164,2173,41,0,2132,2147,323780,32,0,0,32,26
2020-07-22,US,Kentucky,Fleming,40,0,0,38.36758311,-83.69657514,21069.0,274.329607022838,0.0,40,40,0,0,40,41,14432,0,0,0,0,-1
2020-07-22,US,Kentucky,Floyd,61,1,0,37.56213922,-82.74750924,21071.0,171.40127567506815,1.639344262295082,60,61,1,0,60,57,35845,0,0,0,0,4
2020-07-22,US,Kentucky,Franklin,198,5,0,38.2379395,-84.87962551,21073.0,388.3038183208802,2.525252525252525,193,190,5,0,185,187,50815,8,0,0,8,3
2020-07-22,US,Kentucky,Fulton,36,1,0,36.55238827,-89.20140068,21075.0,603.116099849221,2.7777777777777777,35,35,1,0,34,31,6120,1,0,0,1,4
2020-07-22,US,Kentucky,Gallatin,74,8,0,38.75398691,-84.8558382,21077.0,834.3668959296426,10.810810810810812,66,73,8,0,65,72,8832,1,0,0,1,1
2020-07-22,US,Kentucky,Garrard,48,0,0,37.638866799999995,-84.53289319,21079.0,271.70836635344733,0.0,48,46,0,0,46,45,17560,2,0,0,2,1
2020-07-22,US,Kentucky,Grant,80,5,0,38.64962758,-84.62415957,21081.0,319.1192309226534,6.25,75,79,5,0,74,79,25121,1,0,0,1,0
2020-07-22,US,Kentucky,Graves,397,21,0,36.72292505,-88.65143315,21083.0,1065.3142274459292,5.289672544080606,376,390,21,0,369,387,37317,7,0,0,7,3
2020-07-22,US,Kentucky,Grayson,163,11,0,37.46231118,-86.34248968,21085.0,616.7934309607597,6.7484662576687136,152,162,11,0,151,159,26321,1,0,0,1,3
2020-07-22,US,Kentucky,Green,22,1,0,37.26484328,-85.5540745,21087.0,201.07851201901107,4.545454545454546,21,22,1,0,21,17,11049,0,0,0,0,5
2020-07-22,US,Kentucky,Greenup,63,0,0,38.54332505,-82.9215658,21089.0,179.49740725967288,0.0,63,59,0,0,59,57,35268,4,0,0,4,2
2020-07-22,US,Kentucky,Hancock,38,0,0,37.83766422,-86.78280584,21091.0,435.6798899335015,0.0,38,36,0,0,36,35,8758,2,0,0,2,1
2020-07-22,US,Kentucky,Hardin,394,7,0,37.6976111,-85.96319251,21093.0,355.0893130734152,1.7766497461928934,387,379,7,0,372,360,110356,15,0,0,15,19
2020-07-22,US,Kentucky,Harlan,107,2,0,36.85699301,-83.21899516,21095.0,411.3802383698578,1.8691588785046729,105,105,2,0,103,83,26409,2,0,0,2,22
2020-07-22,US,Kentucky,Harrison,105,0,0,38.44188174,-84.32869741,21097.0,555.9673832468495,0.0,105,99,0,0,99,95,18778,6,0,0,6,4
2020-07-22,US,Kentucky,Hart,60,0,0,37.29943898,-85.88461055,21099.0,315.2088258471237,0.0,60,59,0,0,59,57,18906,1,0,0,1,2
2020-07-22,US,Kentucky,Henderson,247,4,0,37.79344553,-87.57392021,21101.0,546.3393054633931,1.6194331983805668,243,246,4,0,242,233,45591,1,0,0,1,13
2020-07-22,US,Kentucky,Henry,64,2,0,38.44942688,-85.11587507,21103.0,396.8746124271363,3.125,62,62,2,0,60,61,16106,2,0,0,2,1
2020-07-22,US,Kentucky,Hickman,16,0,0,36.67948079999999,-88.97875928,21105.0,365.296803652968,0.0,16,16,0,0,16,14,4421,0,0,0,0,2
2020-07-22,US,Kentucky,Hopkins,359,33,0,37.30939025,-87.54670406,21107.0,803.3836100792195,9.192200557103064,326,357,33,0,324,353,45068,2,0,0,2,4
2020-07-22,US,Kentucky,Jackson,123,14,0,37.41866422,-83.99825483,21109.0,922.7999099707404,11.382113821138212,109,122,14,0,108,118,13442,1,0,0,1,4
2020-07-22,US,Kentucky,Jefferson,5519,215,0,38.18664655,-85.65931031,21111.0,719.7847557961649,3.895633266896177,5304,5441,215,0,5226,5263,770517,78,0,0,78,178
2020-07-22,US,Kentucky,Jessamine,192,0,0,37.87119786,-84.58252003,21113.0,354.79996304167054,0.0,192,186,0,0,186,179,53920,6,0,0,6,7
2020-07-22,US,Kentucky,Johnson,17,0,0,37.85106355,-82.8264322,21115.0,76.61799170722914,0.0,17,17,0,0,17,16,22386,0,0,0,0,1
2020-07-22,US,Kentucky,Kenton,1100,37,0,38.93950319,-84.53241199,21117.0,658.6905232397993,3.363636363636364,1063,1078,37,0,1041,1061,166051,22,0,0,22,17
2020-07-22,US,Kentucky,Knott,27,0,0,37.35388197,-82.94981134,21119.0,182.35850330946914,0.0,27,28,0,0,28,26,15126,-1,0,0,-1,2
2020-07-22,US,Kentucky,Knox,143,7,0,36.89225732,-83.85403396,21121.0,459.1427195376465,4.895104895104895,136,142,7,0,135,142,31304,1,0,0,1,0
2020-07-22,US,Kentucky,Larue,31,1,0,37.54567114,-85.70138352,21123.0,215.30768162244757,3.2258064516129035,30,28,1,0,27,27,14307,3,0,0,3,1
2020-07-22,US,Kentucky,Laurel,273,4,0,37.10975748,-84.11321779,21125.0,448.91717231513,1.465201465201465,269,263,4,0,259,253,60669,10,0,0,10,10
2020-07-22,US,Kentucky,Lawrence,21,0,0,38.07136018,-82.72882223,21127.0,137.1025657765881,0.0,21,20,0,0,20,16,15571,1,0,0,1,4
2020-07-22,US,Kentucky,Lee,3,0,0,37.59645942,-83.71513901,21129.0,40.52411184654871,0.0,3,3,0,0,3,3,7033,0,0,0,0,0
2020-07-22,US,Kentucky,Leslie,16,0,0,37.09246661,-83.37999606,21131.0,161.9925078465121,0.0,16,13,0,0,13,13,10143,3,0,0,3,0
2020-07-22,US,Kentucky,Letcher,26,0,0,37.12306748,-82.85346474,21133.0,120.63285853477474,0.0,26,26,0,0,26,26,21899,0,0,0,0,0
2020-07-22,US,Kentucky,Lewis,26,0,0,38.53184419,-83.37735618,21135.0,195.8568738229756,0.0,26,26,0,0,26,26,13257,0,0,0,0,0
2020-07-22,US,Kentucky,Lincoln,75,1,0,37.45475628,-84.6565327,21137.0,305.5114261273372,1.3333333333333333,74,75,1,0,74,73,24644,0,0,0,0,2
2020-07-22,US,Kentucky,Livingston,27,0,0,37.21137452,-88.34797529,21139.0,293.66978464215794,0.0,27,27,0,0,27,26,9242,0,0,0,0,1
2020-07-22,US,Kentucky,Logan,278,19,0,36.85949479,-86.877635,21141.0,1025.7545568592723,6.83453237410072,259,275,19,0,256,270,26989,3,0,0,3,5
2020-07-22,US,Kentucky,Lyon,25,3,0,37.02080035,-88.07886257,21143.0,304.50669914738125,12.0,22,25,3,0,22,25,8009,0,0,0,0,0
2020-07-22,US,Kentucky,Madison,287,1,0,37.71659336,-84.27220275,21151.0,308.64529450353274,0.3484320557491289,286,280,1,0,279,258,92368,7,0,0,7,22
2020-07-22,US,Kentucky,Magoffin,9,0,0,37.70820545,-83.0657714,21153.0,74.00707178685963,0.0,9,7,0,0,7,7,12362,2,0,0,2,0
2020-07-22,US,Kentucky,Marion,85,0,0,37.55218078,-85.26898542,21155.0,441.03149483733716,0.0,85,84,0,0,84,81,19404,1,0,0,1,3
2020-07-22,US,Kentucky,Marshall,98,2,0,36.88007070000001,-88.32803576,21157.0,315.11254019292596,2.0408163265306123,96,94,2,0,92,92,31191,4,0,0,4,2
2020-07-22,US,Kentucky,Martin,20,0,0,37.79990579,-82.51247478,21159.0,178.6511835640911,0.0,20,18,0,0,18,15,11323,2,0,0,2,3
2020-07-22,US,Kentucky,Mason,45,1,0,38.59471935,-83.82151043,21161.0,263.62038664323376,2.2222222222222223,44,44,1,0,43,44,17150,1,0,0,1,0
2020-07-22,US,Kentucky,McCracken,267,3,0,37.05350953,-88.70445755,21145.0,408.1445473722828,1.1235955056179776,264,259,3,0,256,245,65346,8,0,0,8,14
2020-07-22,US,Kentucky,McCreary,21,0,0,36.73874143,-84.48102924,21147.0,121.87336776739599,0.0,21,20,0,0,20,20,17408,1,0,0,1,0
2020-07-22,US,Kentucky,McLean,35,1,0,37.5301951,-87.26803443,21149.0,380.145541435864,2.8571428571428568,34,35,1,0,34,35,9252,0,0,0,0,0
2020-07-22,US,Kentucky,Meade,52,2,0,37.96163597,-86.21028219,21163.0,181.99636007279855,3.8461538461538463,50,51,2,0,49,50,28715,1,0,0,1,1
2020-07-22,US,Kentucky,Menifee,19,0,0,37.94090733,-83.59985712,21165.0,292.8032054245646,0.0,19,19,0,0,19,19,6451,0,0,0,0,0
2020-07-22,US,Kentucky,Mercer,34,0,0,37.81474237,-84.87488475,21167.0,155.01755345825927,0.0,34,33,0,0,33,32,21774,1,0,0,1,1
2020-07-22,US,Kentucky,Metcalfe,20,2,0,36.99459295,-85.63123699,21169.0,198.5900109224506,10.0,18,19,2,0,17,18,10030,1,0,0,1,1
2020-07-22,US,Kentucky,Monroe,65,2,0,36.71225341,-85.71596443,21171.0,610.3286384976526,3.0769230769230766,63,63,2,0,61,61,10718,2,0,0,2,2
2020-07-22,US,Kentucky,Montgomery,89,0,0,38.03253032,-83.9145241,21173.0,316.08481017153815,0.0,89,89,0,0,89,89,28203,0,0,0,0,0
2020-07-22,US,Kentucky,Morgan,24,0,0,37.92465657,-83.25558245,21175.0,180.32910060861067,0.0,24,24,0,0,24,23,13345,0,0,0,0,1
2020-07-22,US,Kentucky,Muhlenberg,584,9,0,37.21425819,-87.14632053,21177.0,1907.1255959767486,1.5410958904109588,575,580,9,0,571,574,30774,4,0,0,4,6
2020-07-22,US,Kentucky,Nelson,159,2,0,37.80335779,-85.4657193,21179.0,343.9101940172604,1.2578616352201255,157,151,2,0,149,147,45851,8,0,0,8,4
2020-07-22,US,Kentucky,Nicholas,16,0,0,38.33342292,-84.01889177,21181.0,220.11280781400467,0.0,16,16,0,0,16,17,7166,0,0,0,0,-1
2020-07-22,US,Kentucky,Ohio,300,1,0,37.47751843,-86.85368087,21183.0,1250.3125781445362,0.3333333333333333,299,294,1,0,293,292,24087,6,0,0,6,2
2020-07-22,US,Kentucky,Oldham,413,8,0,38.39791089,-85.448222,21185.0,618.2727286336623,1.937046004842615,405,409,8,0,401,398,66470,4,0,0,4,11
2020-07-22,US,Kentucky,Owen,24,0,0,38.51679143,-84.82404619,21187.0,220.16328777176412,0.0,24,23,0,0,23,22,10880,1,0,0,1,1
2020-07-22,US,Kentucky,Owsley,4,0,0,37.42823949,-83.68811419,21189.0,90.60022650056624,0.0,4,4,0,0,4,4,4472,0,0,0,0,0
2020-07-22,US,Kentucky,Pendleton,28,0,0,38.69607718,-84.35599463,21191.0,191.91226867717614,0.0,28,28,0,0,28,28,14529,0,0,0,0,0
2020-07-22,US,Kentucky,Perry,141,2,0,37.25023553,-83.22922731,21193.0,547.4027486606103,1.4184397163120568,139,128,2,0,126,123,26092,13,0,0,13,5
2020-07-22,US,Kentucky,Pike,166,3,0,37.47088263,-82.39487445,21195.0,286.8200981408528,1.8072289156626504,163,160,3,0,157,156,58402,6,0,0,6,4
2020-07-22,US,Kentucky,Powell,31,0,0,37.83218794,-83.82553961,21197.0,250.82935512581923,0.0,31,33,0,0,33,30,12442,-2,0,0,-2,3
2020-07-22,US,Kentucky,Pulaski,164,2,0,37.10466131,-84.57629079,21199.0,252.3892334446513,1.2195121951219512,162,162,2,0,160,156,64623,2,0,0,2,6
2020-07-22,US,Kentucky,Robertson,2,0,0,38.51923469,-84.05055616,21201.0,94.87666034155598,0.0,2,2,0,0,2,2,2135,0,0,0,0,0
2020-07-22,US,Kentucky,Rockcastle,44,0,0,37.36642393,-84.31176452,21203.0,263.5519616651692,0.0,44,44,0,0,44,40,16750,0,0,0,0,4
2020-07-22,US,Kentucky,Rowan,46,0,0,38.19484205,-83.42088935,21205.0,188.0621422730989,0.0,46,46,0,0,46,44,24583,0,0,0,0,2
2020-07-22,US,Kentucky,Russell,79,5,0,36.99308373,-85.06070117,21207.0,440.7744239245662,6.329113924050633,74,78,5,0,73,76,17821,1,0,0,1,2
2020-07-22,US,Kentucky,Scott,193,0,0,38.29622293,-84.5816631,21209.0,338.57273173812365,0.0,193,174,0,0,174,169,56031,19,0,0,19,5
2020-07-22,US,Kentucky,Shelby,635,22,0,38.21476019,-85.194223,21211.0,1295.2839425587467,3.4645669291338583,613,628,22,0,606,620,48518,7,0,0,7,8
2020-07-22,US,Kentucky,Simpson,113,5,0,36.74058474,-86.58047435,21213.0,608.4428171440877,4.424778761061948,108,113,4,0,109,108,18529,0,1,0,-1,5
2020-07-22,US,Kentucky,Spencer,63,0,0,38.03223971,-85.32749335,21215.0,325.5645703064441,0.0,63,63,0,0,63,62,18794,0,0,0,0,1
2020-07-22,US,Kentucky,Taylor,73,1,0,37.3677562,-85.3329931,21217.0,283.28611898017004,1.3698630136986298,72,73,1,0,72,72,25549,0,0,0,0,1
2020-07-22,US,Kentucky,Todd,30,0,0,36.8381152,-87.17878374,21219.0,244.0214738897023,0.0,30,30,0,0,30,28,12311,0,0,0,0,2
2020-07-22,US,Kentucky,Trigg,38,0,0,36.80767017,-87.87333656,21221.0,259.3679612313153,0.0,38,38,0,0,38,37,14643,0,0,0,0,1
2020-07-22,US,Kentucky,Trimble,25,0,0,38.61056487,-85.33775972,21223.0,295.12454255695906,0.0,25,25,0,0,25,25,8515,0,0,0,0,0
2020-07-22,US,Kentucky,Union,40,0,0,37.66166713,-87.94300009,21225.0,278.1447743550518,0.0,40,40,0,0,40,37,14505,0,0,0,0,3
2020-07-22,US,Kentucky,Warren,2057,19,0,36.99903045,-86.42672751,21227.0,1547.8268721406216,0.9236752552260572,2038,2013,19,0,1994,1992,131264,44,0,0,44,21
2020-07-22,US,Kentucky,Washington,43,0,0,37.75599461,-85.17407732,21229.0,355.51880942538236,0.0,43,42,0,0,42,39,12084,1,0,0,1,3
2020-07-22,US,Kentucky,Wayne,42,0,0,36.80310688,-84.8251971,21231.0,206.56076329120148,0.0,42,41,0,0,41,36,20468,1,0,0,1,5
2020-07-22,US,Kentucky,Webster,69,1,0,37.52168356,-87.67989953,21233.0,533.1478905887807,1.4492753623188406,68,66,0,0,66,63,13111,3,1,0,2,3
2020-07-22,US,Kentucky,Whitley,77,0,0,36.75700531,-84.14541217,21235.0,212.33178910213985,0.0,77,75,0,0,75,72,36242,2,0,0,2,3
2020-07-22,US,Kentucky,Wolfe,7,0,0,37.73941626,-83.49303612,21237.0,97.80634343998881,0.0,7,7,0,0,7,6,7177,0,0,0,0,1
2020-07-22,US,Kentucky,Woodford,103,0,0,38.04178222,-84.7417556,21239.0,385.2771751327897,0.0,103,100,0,0,100,98,26533,3,0,0,3,2
2020-07-22,US,Louisiana,Acadia,2011,59,0,30.2950649,-92.41419698,22001.0,3241.1959061971147,2.9338637493784185,1952,1920,53,0,1867,1844,62190,91,6,0,85,76
2020-07-22,US,Louisiana,Allen,777,16,0,30.65385745,-92.82442028,22003.0,3031.958481289265,2.0592020592020592,761,753,14,0,739,727,25605,24,2,0,22,26
2020-07-22,US,Louisiana,Ascension,2077,65,0,30.20406249,-90.91328409999998,22005.0,1640.5484818805096,3.1295137217140105,2012,2022,65,0,1957,1976,124672,55,0,0,55,46
2020-07-22,US,Louisiana,Assumption,463,18,0,29.89946234,-91.06461642,22007.0,2115.024439267279,3.887688984881209,445,462,17,0,445,452,22300,1,1,0,0,10
2020-07-22,US,Louisiana,Avoyelles,741,23,0,31.07796211,-92.00079449,22009.0,1845.8549222797928,3.10391363022942,718,699,20,0,679,655,40462,42,3,0,39,44
2020-07-22,US,Louisiana,Beauregard,529,9,0,30.64836518,-93.34173616,22011.0,1410.779529028989,1.7013232514177694,520,497,9,0,488,493,37253,32,0,0,32,4
2020-07-22,US,Louisiana,Bienville,327,28,0,32.34569994,-93.05398492,22013.0,2469.6019938071145,8.562691131498473,299,317,28,0,289,317,13308,10,0,0,10,0
2020-07-22,US,Louisiana,Bossier,1701,53,0,32.67932307,-93.60460152,22015.0,1338.9589023843073,3.115814226925338,1648,1655,52,0,1603,1602,127185,46,1,0,45,53
2020-07-22,US,Louisiana,Caddo,5254,263,0,32.57991587,-93.88375652,22017.0,2187.3074553296365,5.005709935287401,4991,5093,261,0,4832,5041,242922,161,2,0,159,52
2020-07-22,US,Louisiana,Calcasieu,4742,92,0,30.22931235,-93.35400434,22019.0,2330.954206728406,1.940109658371995,4650,4578,91,0,4487,4481,203112,164,1,0,163,97
2020-07-22,US,Louisiana,Caldwell,166,1,0,32.0902519,-92.11752148,22021.0,1673.7245412381528,0.6024096385542169,165,158,1,0,157,161,9960,8,0,0,8,-3
2020-07-22,US,Louisiana,Cameron,147,0,0,29.87592238,-93.19310676,22023.0,2108.131363831923,0.0,147,145,0,0,145,125,6968,2,0,0,2,20
2020-07-22,US,Louisiana,Catahoula,235,3,0,31.66778967,-91.84526385,22025.0,2475.247524752476,1.2765957446808511,232,233,3,0,230,235,9608,2,0,0,2,-2
2020-07-22,US,Louisiana,Claiborne,186,10,0,32.82308512,-92.99526883,22027.0,1186.9814932992979,5.376344086021504,176,178,10,0,168,170,15944,8,0,0,8,8
2020-07-22,US,Louisiana,Concordia,208,7,0,31.44817835,-91.63814433,22029.0,1080.0145386572513,3.3653846153846154,201,204,7,0,197,192,19572,4,0,0,4,12
2020-07-22,US,Louisiana,De Soto,534,23,0,32.05457447,-93.74130302,22031.0,1944.4343298255835,4.307116104868913,511,519,23,0,496,502,27436,15,0,0,15,17
2020-07-22,US,Louisiana,East Baton Rouge,8919,300,0,30.53842039,-91.09777565,22033.0,2026.7736826198307,3.3636057854019508,8619,8700,290,0,8410,8578,440956,219,10,0,209,122
2020-07-22,US,Louisiana,East Carroll,480,1,0,32.73926954,-91.23425694,22035.0,6996.064713598601,0.20833333333333331,479,483,1,0,482,484,7037,-3,0,0,-3,-1
2020-07-22,US,Louisiana,East Feliciana,419,34,0,30.84425359,-91.04976723,22037.0,2189.7047295531747,8.1145584725537,385,403,34,0,369,407,19305,16,0,0,16,-4
2020-07-22,US,Louisiana,Evangeline,562,2,0,30.72985248,-92.39915924,22039.0,1682.8866596795926,0.3558718861209965,560,520,2,0,518,494,33443,42,0,0,42,26
2020-07-22,US,Louisiana,Franklin,649,16,0,32.13675181,-91.67589857,22041.0,3242.568073944541,2.4653312788906008,633,641,15,0,626,634,20156,8,1,0,7,7
2020-07-22,US,Louisiana,Grant,184,3,0,31.59882456,-92.56124347,22043.0,821.8321497163786,1.6304347826086956,181,179,3,0,176,173,22482,5,0,0,5,6
2020-07-22,US,Louisiana,Iberia,1813,55,0,29.86803617,-91.75871777,22045.0,2596.305312902764,3.0336458907887485,1758,1715,53,0,1662,1671,70941,98,2,0,96,44
2020-07-22,US,Louisiana,Iberville,964,44,0,30.25734305,-91.3499598,22047.0,2965.150256836148,4.564315352697094,920,933,44,0,889,921,32721,31,0,0,31,12
2020-07-22,US,Louisiana,Jackson,325,18,0,32.30251776,-92.55692092,22049.0,2064.278455284553,5.538461538461538,307,320,18,0,302,318,15902,5,0,0,5,2
2020-07-22,US,Louisiana,Jefferson,12812,507,0,29.74075478,-90.11115756,22051.0,2962.3600844406733,3.95722759912582,12305,12637,504,0,12133,12486,434051,175,3,0,172,151
2020-07-22,US,Louisiana,Jefferson Davis,845,20,0,30.26896765,-92.81210004,22053.0,2693.8281050752357,2.366863905325444,825,825,17,0,808,801,31582,20,3,0,17,24
2020-07-22,US,Louisiana,LaSalle,174,1,0,31.67884782,-92.15907765,22059.0,1168.4125705076551,0.5747126436781609,173,165,1,0,164,163,14917,9,0,0,9,2
2020-07-22,US,Louisiana,Lafayette,5339,67,0,30.2049055,-92.06959876,22055.0,2184.622938745448,1.2549166510582506,5272,5125,61,0,5064,5001,242782,214,6,0,208,124
2020-07-22,US,Louisiana,Lafourche,2140,95,0,29.52470226,-90.40976986,22057.0,2192.3084803409347,4.439252336448599,2045,2095,92,0,2003,2045,98115,45,3,0,42,50
2020-07-22,US,Louisiana,Lincoln,568,20,0,32.6003154,-92.6659741,22061.0,1215.1812074793547,3.5211267605633805,548,556,20,0,536,558,47196,12,0,0,12,-2
2020-07-22,US,Louisiana,Livingston,2097,45,0,30.44143993,-90.73061664,22063.0,1489.4629552024662,2.145922746781116,2052,2043,44,0,1999,1990,139567,54,1,0,53,53
2020-07-22,US,Louisiana,Madison,499,6,0,32.36918118,-91.23973355,22065.0,4556.661492101178,1.2024048096192386,493,497,6,0,491,486,11161,2,0,0,2,11
2020-07-22,US,Louisiana,Morehouse,358,11,0,32.81686191,-91.80421614,22067.0,1439.2538393503257,3.0726256983240225,347,345,11,0,334,339,25398,13,0,0,13,6
2020-07-22,US,Louisiana,Natchitoches,548,15,0,31.72321584,-93.09816516,22069.0,1436.133969285602,2.7372262773722627,533,493,15,0,478,491,38659,55,0,0,55,2
2020-07-22,US,Louisiana,Orleans,9586,546,0,30.06971951,-89.92660315,22071.0,2457.041502624672,5.695806384310452,9040,9451,546,0,8905,9379,391006,135,0,0,135,72
2020-07-22,US,Louisiana,Ouachita,3778,98,0,32.47645559,-92.15704172,22073.0,2464.7864351933404,2.593965060878772,3680,3669,98,0,3571,3643,154475,109,0,0,109,26
2020-07-22,US,Louisiana,Plaquemines,357,18,0,29.42245447,-89.60322085,22075.0,1538.9921110488424,5.042016806722689,339,344,18,0,326,344,23410,13,0,0,13,0
2020-07-22,US,Louisiana,Pointe Coupee,555,29,0,30.71409502,-91.60209535,22077.0,2554.072710538427,5.225225225225224,526,539,28,0,511,520,21940,16,1,0,15,19
2020-07-22,US,Louisiana,Rapides,2492,94,0,31.19778499,-92.52997303,22079.0,1922.127607059113,3.7720706260032095,2398,2429,92,0,2337,2371,130562,63,2,0,61,58
2020-07-22,US,Louisiana,Red River,136,9,0,32.09530039,-93.34213308,22081.0,1610.9926557687756,6.617647058823528,127,130,9,0,121,131,8477,6,0,0,6,-1
2020-07-22,US,Louisiana,Richland,409,5,0,32.41391005,-91.76634876,22083.0,2032.6011330881624,1.2224938875305624,404,387,5,0,382,382,20192,22,0,0,22,5
2020-07-22,US,Louisiana,Sabine,417,4,0,31.56388699,-93.55433981,22085.0,1745.9387037347178,0.9592326139088728,413,388,3,0,385,379,24032,29,1,0,28,9
2020-07-22,US,Louisiana,St. Bernard,874,24,0,29.87761636,-89.51887093,22087.0,1849.9703666074,2.7459954233409607,850,839,24,0,815,830,46721,35,0,0,35,9
2020-07-22,US,Louisiana,St. Charles,1088,50,0,29.90709658,-90.35555967,22089.0,2048.9642184557442,4.595588235294118,1038,1068,50,0,1018,1032,52879,20,0,0,20,36
2020-07-22,US,Louisiana,St. Helena,200,1,0,30.82210324,-90.71013176,22091.0,1973.9439399921048,0.5,199,198,1,0,197,169,10262,2,0,0,2,29
2020-07-22,US,Louisiana,St. James,533,30,0,30.02531716,-90.80212061,22093.0,2526.545316647706,5.6285178236397755,503,519,30,0,489,518,21037,14,0,0,14,1
2020-07-22,US,Louisiana,St. John the Baptist,1191,88,0,30.12597499,-90.4753503,22095.0,2780.306744169761,7.388748950461798,1103,1175,88,0,1087,1163,43184,16,0,0,16,12
2020-07-22,US,Louisiana,St. Landry,1655,67,0,30.59724262,-92.00135806,22097.0,2015.2452389070183,4.04833836858006,1588,1552,66,0,1486,1527,82764,103,1,0,102,25
2020-07-22,US,Louisiana,St. Martin,1333,32,0,30.13112107,-91.61403569,22099.0,2494.806385805993,2.4006001500375094,1301,1287,31,0,1256,1254,53621,46,1,0,45,33
2020-07-22,US,Louisiana,St. Mary,1189,39,0,29.69262097,-91.44702164,22101.0,2409.4188214314663,3.280067283431455,1150,1137,39,0,1098,1106,49774,52,0,0,52,31
2020-07-22,US,Louisiana,St. Tammany,3954,190,0,30.40942847,-89.95642711,22103.0,1518.3223958313333,4.805260495700557,3764,3859,189,0,3670,3790,258111,95,1,0,94,69
2020-07-22,US,Louisiana,Tangipahoa,2536,53,0,30.62888673,-90.40664996,22105.0,1881.891984149364,2.089905362776025,2483,2464,47,0,2417,2447,133777,72,6,0,66,17
2020-07-22,US,Louisiana,Tensas,45,0,0,32.00760749,-91.32915234,22107.0,1038.3017997231198,0.0,45,43,0,0,43,43,4462,2,0,0,2,0
2020-07-22,US,Louisiana,Terrebonne,2173,69,0,29.37343766,-90.82626855,22109.0,1967.2101465675669,3.175333640128853,2104,2136,69,0,2067,2124,111021,37,0,0,37,12
2020-07-22,US,Louisiana,Unassigned,9,0,0,0.0,0.0,90022.0,0.0,0.0,9,6,0,0,6,8,,3,0,0,3,-2
2020-07-22,US,Louisiana,Union,519,30,0,32.83121059,-92.3749373,22111.0,2347.566491767686,5.780346820809249,489,511,30,0,481,506,22330,8,0,0,8,5
2020-07-22,US,Louisiana,Vermilion,947,12,0,29.83517605,-92.30292538,22113.0,1591.3024482868716,1.2671594508975712,935,878,12,0,866,810,59830,69,0,0,69,68
2020-07-22,US,Louisiana,Vernon,478,16,0,31.10884837,-93.18153838,22115.0,1007.8222184739294,3.3472803347280333,462,445,15,0,430,429,48860,33,1,0,32,16
2020-07-22,US,Louisiana,Washington,1033,54,0,30.85288548,-90.03866652,22117.0,2236.2211542624577,5.227492739593417,979,1008,54,0,954,1000,46582,25,0,0,25,8
2020-07-22,US,Louisiana,Webster,721,12,0,32.70847669,-93.33121835,22119.0,1880.5425143453315,1.6643550624133148,709,682,12,0,670,674,38798,39,0,0,39,8
2020-07-22,US,Louisiana,West Baton Rouge,490,33,0,30.46058217,-91.30989571,22121.0,1851.5019837521247,6.7346938775510194,457,484,33,0,451,479,26427,6,0,0,6,5
2020-07-22,US,Louisiana,West Carroll,211,5,0,32.78550125,-91.461201,22123.0,1948.291782086796,2.3696682464454977,206,206,5,0,201,205,10982,5,0,0,5,1
2020-07-22,US,Louisiana,West Feliciana,313,15,0,30.87882871,-91.4148538,22125.0,2010.5344295991777,4.792332268370607,298,307,14,0,293,289,15460,6,1,0,5,18
2020-07-22,US,Louisiana,Winn,339,5,0,31.94449367,-92.63789413,22127.0,2438.1472957422325,1.4749262536873156,334,334,5,0,329,327,14134,5,0,0,5,7
2020-07-22,US,Maine,Androscoggin,513,5,0,44.1664747,-70.20380627,23001.0,473.7848296498796,0.9746588693957114,508,513,5,0,508,512,107679,0,0,0,0,1
2020-07-22,US,Maine,Aroostook,30,1,0,46.65926321,-68.59841248,23003.0,44.73939303556781,3.333333333333333,29,30,1,0,29,28,67111,0,0,0,0,2
2020-07-22,US,Maine,Cumberland,1974,68,0,43.8370751,-70.37226999,23005.0,669.1457375009745,3.4447821681864235,1906,1963,68,0,1895,1959,293557,11,0,0,11,4
2020-07-22,US,Maine,Franklin,45,1,0,44.97330019,-70.44381045,23007.0,149.01155667406206,2.2222222222222223,44,44,1,0,43,44,29897,1,0,0,1,0
2020-07-22,US,Maine,Hancock,21,1,0,44.59816444,-68.38401854,23009.0,38.19084510884391,4.761904761904762,20,19,1,0,18,19,54811,2,0,0,2,0
2020-07-22,US,Maine,Kennebec,153,10,0,44.40759555,-69.76738544,23011.0,125.10016189432716,6.5359477124183005,143,150,10,0,140,149,122083,3,0,0,3,1
2020-07-22,US,Maine,Knox,25,1,0,44.11486325,-69.10529169,23013.0,62.858292265915715,4.0,24,25,1,0,24,25,39771,0,0,0,0,0
2020-07-22,US,Maine,Lincoln,31,0,0,44.05996956,-69.54227124,23015.0,89.50742045388924,0.0,31,31,0,0,31,31,34342,0,0,0,0,0
2020-07-22,US,Maine,Oxford,48,0,0,44.49952995,-70.75682123,23017.0,82.79430789133247,0.0,48,49,0,0,49,49,57618,-1,0,0,-1,0
2020-07-22,US,Maine,Penobscot,136,5,0,45.40194593,-68.65020455,23019.0,89.38664984094434,3.6764705882352944,131,136,5,0,131,134,151096,0,0,0,0,2
2020-07-22,US,Maine,Piscataquis,4,0,0,45.83839062,-69.2860223,23021.0,23.83080131069407,0.0,4,4,0,0,4,4,16800,0,0,0,0,0
2020-07-22,US,Maine,Sagadahoc,39,0,0,43.95415864,-69.85074999,23023.0,108.76840696117806,0.0,39,36,0,0,36,35,35634,3,0,0,3,1
2020-07-22,US,Maine,Somerset,32,0,0,45.51229767,-69.95995554,23025.0,63.38641945963077,0.0,32,33,0,0,33,33,50592,-1,0,0,-1,0
2020-07-22,US,Maine,Unassigned,3,0,0,0.0,0.0,90023.0,0.0,0.0,3,23,0,0,23,24,,-20,0,0,-20,-1
2020-07-22,US,Maine,Waldo,60,14,0,44.4858305,-69.12061935,23027.0,151.07641948885808,23.33333333333333,46,60,14,0,46,60,39694,0,0,0,0,0
2020-07-22,US,Maine,Washington,6,0,0,45.01607142,-67.62813524,23029.0,19.12106823034513,0.0,6,6,0,0,6,6,31490,0,0,0,0,0
2020-07-22,US,Maine,York,602,12,0,43.47808377,-70.71052375,23031.0,289.92347368775916,1.9933554817275747,590,601,12,0,589,599,206229,1,0,0,1,2
2020-07-22,US,Maryland,Allegany,240,18,0,39.62357628,-78.69280486,24001.0,340.83162917518746,7.5,222,240,18,0,222,239,70975,0,0,0,0,1
2020-07-22,US,Maryland,Anne Arundel,6105,214,0,39.00670238,-76.60329337,24003.0,1053.9781849822352,3.505323505323505,5891,6062,213,0,5849,6003,576031,43,1,0,42,59
2020-07-22,US,Maryland,Baltimore,10153,519,0,39.45784712,-76.62911955,24005.0,1227.1414240303611,5.111789618831873,9634,9994,517,0,9477,9828,828431,159,2,0,157,166
2020-07-22,US,Maryland,Baltimore City,9738,390,0,39.30211911,-76.61151012,24510.0,1640.8027093969574,4.004929143561307,9348,9644,389,0,9255,9505,621342,94,1,0,93,139
2020-07-22,US,Maryland,Calvert,503,27,0,38.53961642,-76.56820632,24009.0,543.63685490408,5.367793240556661,476,495,27,0,468,494,92003,8,0,0,8,1
2020-07-22,US,Maryland,Caroline,368,3,0,38.87172293,-75.82904158,24011.0,1101.5985152367841,0.8152173913043478,365,367,3,0,364,365,33304,1,0,0,1,2
2020-07-22,US,Maryland,Carroll,1311,116,0,39.56453592,-77.02373735,24013.0,778.2863452599333,8.848207475209762,1195,1296,116,0,1180,1276,168429,15,0,0,15,20
2020-07-22,US,Maryland,Cecil,570,30,0,39.56647682,-75.94627411,24015.0,554.1782120460842,5.2631578947368425,540,566,30,0,536,559,102826,4,0,0,4,7
2020-07-22,US,Maryland,Charles,1659,90,0,38.51092331,-76.98580666,24017.0,1016.18919862548,5.4249547920433985,1569,1642,90,0,1552,1619,161503,17,0,0,17,23
2020-07-22,US,Maryland,Dorchester,288,5,0,38.45413522,-76.02752426,24019.0,902.001315418585,1.7361111111111112,283,246,5,0,241,246,31998,42,0,0,42,0
2020-07-22,US,Maryland,Frederick,2797,120,0,39.47296601,-77.39999394,24021.0,1077.6468231187414,4.290311047550947,2677,2785,120,0,2665,2739,255648,12,0,0,12,46
2020-07-22,US,Maryland,Garrett,37,0,0,39.52786077,-79.27355126,24023.0,127.52464327566004,0.0,37,34,0,0,34,34,29163,3,0,0,3,0
2020-07-22,US,Maryland,Harford,1472,66,0,39.55010644,-76.30775940000002,24025.0,576.2583140529516,4.483695652173913,1406,1452,66,0,1386,1427,253956,20,0,0,20,25
2020-07-22,US,Maryland,Howard,3198,99,0,39.25305293,-76.93126208,24027.0,981.9153182474132,3.0956848030018764,3099,3177,99,0,3078,3128,323196,21,0,0,21,49
2020-07-22,US,Maryland,Kent,221,23,0,39.24976208,-76.04741541,24029.0,1137.8848728246319,10.407239819004523,198,224,23,0,201,223,19383,-3,0,0,-3,1
2020-07-22,US,Maryland,Montgomery,16593,776,0,39.13676329,-77.20358245,24031.0,1579.250928915149,4.676670885313084,15817,16520,774,0,15746,16433,1052567,73,2,0,71,87
2020-07-22,US,Maryland,Prince George's,20958,725,0,38.83070039,-76.8496441,24033.0,2304.7814482578874,3.4592995514839204,20233,20867,725,0,20142,20690,909308,91,0,0,91,177
2020-07-22,US,Maryland,Queen Anne's,340,23,0,39.06198912,-76.03530977,24035.0,674.8575852007701,6.764705882352941,317,335,23,0,312,331,50251,5,0,0,5,4
2020-07-22,US,Maryland,Somerset,110,3,0,38.1163542,-75.75118623,24039.0,429.419113054341,2.727272727272727,107,110,3,0,107,108,25675,0,0,0,0,2
2020-07-22,US,Maryland,St. Mary's,789,53,0,38.30058422,-76.60629279999998,24037.0,695.0929433530085,6.717363751584284,736,785,52,0,733,779,112664,4,1,0,3,6
2020-07-22,US,Maryland,Talbot,268,4,0,38.76618159,-76.10882561,24041.0,720.7982571743632,1.492537313432836,264,265,4,0,261,257,36968,3,0,0,3,8
2020-07-22,US,Maryland,Unassigned,0,12,0,0.0,0.0,90024.0,0.0,0.0,-12,0,16,0,-16,0,,0,-4,0,4,0
2020-07-22,US,Maryland,Washington,818,29,0,39.60835778,-77.82002295,24043.0,541.5461207952386,3.5452322738386317,789,816,29,0,787,796,150926,2,0,0,2,20
2020-07-22,US,Maryland,Wicomico,1201,42,0,38.37301947,-75.62705831,24045.0,1159.1657095426076,3.497085761865113,1159,1195,42,0,1153,1189,103195,6,0,0,6,6
2020-07-22,US,Maryland,Worcester,435,18,0,38.21274277,-75.33200012,24047.0,832.1218149820185,4.137931034482759,417,428,18,0,410,417,51823,7,0,0,7,11
2020-07-22,US,Massachusetts,Barnstable,1644,154,0,41.72980578,-70.28854339,25001.0,771.8672238133246,9.367396593673966,1490,1639,154,0,1485,1635,213413,5,0,0,5,4
2020-07-22,US,Massachusetts,Berkshire,626,45,0,42.37428441,-73.20524838,25003.0,501.02445895761286,7.18849840255591,581,625,45,0,580,624,126348,1,0,0,1,1
2020-07-22,US,Massachusetts,Bristol,8761,615,0,41.79228404,-71.10872211,25005.0,1550.0241500167194,7.019746604268919,8146,8745,613,0,8132,8719,564022,16,2,0,14,26
2020-07-22,US,Massachusetts,Dukes and Nantucket,93,1,0,41.40674725,-70.68763497,0.0,323.6921791792837,1.075268817204301,92,93,1,0,92,88,26707,0,0,0,0,5
2020-07-22,US,Massachusetts,Essex,16815,1152,0,42.6687626,-70.94687179,25009.0,2131.0868733159787,6.851025869759144,15663,16784,1146,0,15638,16757,790638,31,6,0,25,27
2020-07-22,US,Massachusetts,Franklin,390,57,0,42.58119713,-72.58602547,25011.0,555.7138785978912,14.615384615384615,333,390,57,0,333,390,70963,0,0,0,0,0
2020-07-22,US,Massachusetts,Hampden,7180,680,0,42.13440424,-72.63235561,25013.0,1539.5435403497638,9.470752089136491,6500,7152,679,0,6473,7141,470406,28,1,0,27,11
2020-07-22,US,Massachusetts,Hampshire,1063,125,0,42.33997957,-72.65898478,25015.0,660.9463408568054,11.759172154280341,938,1057,125,0,932,1049,161355,6,0,0,6,8
2020-07-22,US,Massachusetts,Middlesex,25084,1951,0,42.48607732,-71.39049229,25017.0,1556.3700169820788,7.777866369000161,23133,25011,1946,0,23065,24958,1614714,73,5,0,68,53
2020-07-22,US,Massachusetts,Norfolk,9821,972,0,42.16073095,-71.20530408,25021.0,1389.5511301333524,9.897159148762855,8849,9779,970,0,8809,9737,705388,42,2,0,40,42
2020-07-22,US,Massachusetts,Plymouth,8917,700,0,41.94070556,-70.80802823,25023.0,1710.852989819686,7.85017382527756,8217,8903,699,0,8204,8894,518132,14,1,0,13,9
2020-07-22,US,Massachusetts,Suffolk,20678,1039,0,42.327951399999996,-71.07850442,25025.0,2572.188076481484,5.024663893993616,19639,20650,1039,0,19611,20621,807252,28,0,0,28,29
2020-07-22,US,Massachusetts,Unassigned,315,6,0,0.0,0.0,90025.0,0.0,1.9047619047619049,309,311,6,0,305,317,,4,0,0,4,-6
2020-07-22,US,Massachusetts,Worcester,12933,971,0,42.35026951,-71.90493363,25027.0,1557.0259395970734,7.507925461996442,11962,12894,970,0,11924,12859,830839,39,1,0,38,35
2020-07-22,US,Michigan,Alcona,27,1,0,44.6846864,-83.59507875,26001.0,259.4906295050457,3.703703703703704,26,27,1,0,26,26,10362,0,0,0,0,1
2020-07-22,US,Michigan,Alger,4,0,0,46.41292944,-86.60260122,26003.0,43.917435221783045,0.0,4,4,0,0,4,4,9097,0,0,0,0,0
2020-07-22,US,Michigan,Allegan,443,8,0,42.59147037,-85.89102866,26005.0,375.16619947324295,1.8058690744920995,435,440,7,0,433,435,117327,3,1,0,2,5
2020-07-22,US,Michigan,Alpena,125,13,0,45.03477666,-83.62212411,26007.0,440.06336912515405,10.4,112,125,13,0,112,125,28360,0,0,0,0,0
2020-07-22,US,Michigan,Antrim,31,0,0,44.99690221,-85.15503082,26009.0,132.91030697993486,0.0,31,29,0,0,29,29,23365,2,0,0,2,0
2020-07-22,US,Michigan,Arenac,39,2,0,44.0636262,-83.89277559,26011.0,262.0439427534771,5.128205128205129,37,39,2,0,37,39,15041,0,0,0,0,0
2020-07-22,US,Michigan,Baraga,5,0,0,46.6720582,-88.36363591,26013.0,60.9087586794981,0.0,5,5,0,0,5,5,8320,0,0,0,0,0
2020-07-22,US,Michigan,Barry,160,2,0,42.59513984,-85.30834519,26015.0,259.95125913891144,1.25,158,156,2,0,154,155,61157,4,0,0,4,1
2020-07-22,US,Michigan,Bay,493,31,0,43.70639106,-83.98731479,26017.0,478.05597036634805,6.288032454361055,462,484,31,0,453,480,103923,9,0,0,9,4
2020-07-22,US,Michigan,Benzie,24,1,0,44.63899297,-86.01608482,26019.0,135.08949679162444,4.166666666666667,23,24,1,0,23,22,17753,0,0,0,0,2
2020-07-22,US,Michigan,Berrien,1155,61,0,41.95447397,-86.41313079999998,26021.0,752.9285989009198,5.2813852813852815,1094,1149,61,0,1088,1130,154141,6,0,0,6,19
2020-07-22,US,Michigan,Branch,303,2,0,41.91600556,-85.05929476,26023.0,696.2796148631569,0.6600660066006601,301,296,2,0,294,295,43622,7,0,0,7,1
2020-07-22,US,Michigan,Calhoun,676,39,0,42.24633834,-85.00493569,26025.0,503.8797248041503,5.769230769230768,637,670,39,0,631,665,134487,6,0,0,6,5
2020-07-22,US,Michigan,Cass,237,8,0,41.91522292,-85.99405727,26027.0,457.64381022264274,3.3755274261603376,229,230,8,0,222,229,51653,7,0,0,7,1
2020-07-22,US,Michigan,Charlevoix,42,2,0,45.37790017,-85.19614053,26029.0,160.65485980950925,4.761904761904762,40,41,2,0,39,40,26244,1,0,0,1,1
2020-07-22,US,Michigan,Cheboygan,32,2,0,45.44787015,-84.50122149,26031.0,126.60231049216648,6.25,30,31,2,0,29,30,25413,1,0,0,1,1
2020-07-22,US,Michigan,Chippewa,25,0,0,46.29552653,-84.54353449,26033.0,66.93619641757476,0.0,25,25,0,0,25,25,37517,0,0,0,0,0
2020-07-22,US,Michigan,Clare,42,3,0,43.98794227,-84.84819859999998,26035.0,135.70274636510499,7.142857142857142,39,39,3,0,36,39,30757,3,0,0,3,0
2020-07-22,US,Michigan,Clinton,334,12,0,42.94400871,-84.60145248,26037.0,419.6243482630818,3.5928143712574854,322,332,12,0,320,331,79332,2,0,0,2,1
2020-07-22,US,Michigan,Crawford,92,5,0,44.68255561,-84.61006219,26039.0,655.784446503671,5.434782608695652,87,87,5,0,82,86,13901,5,0,0,5,1
2020-07-22,US,Michigan,Delta,55,3,0,45.90484910000001,-86.9080745,26041.0,153.6999776436396,5.454545454545454,52,52,3,0,49,50,35857,3,0,0,3,2
2020-07-22,US,Michigan,Dickinson,35,2,0,46.00999672,-87.86961634,26043.0,138.67427394112286,5.7142857142857135,33,35,2,0,33,33,25383,0,0,0,0,2
2020-07-22,US,Michigan,Eaton,394,7,0,42.59599185,-84.83740035,26045.0,357.3112779772917,1.7766497461928934,387,389,7,0,382,381,109826,5,0,0,5,8
2020-07-22,US,Michigan,Emmet,51,2,0,45.52625509,-84.89083249,26047.0,152.626066137962,3.92156862745098,49,46,2,0,44,46,33308,5,0,0,5,0
2020-07-22,US,Michigan,Federal Correctional Institution (FCI),189,5,0,0.0,0.0,0.0,0.0,2.6455026455026456,184,188,5,0,183,188,,1,0,0,1,0
2020-07-22,US,Michigan,Genesee,3183,293,0,43.02244215,-83.70589709,26049.0,784.3514130892801,9.205152371976123,2890,3154,293,0,2861,3116,406892,29,0,0,29,38
2020-07-22,US,Michigan,Gladwin,30,2,0,43.98901072,-84.38774817,26051.0,117.88282447247437,6.666666666666668,28,30,2,0,28,30,25337,0,0,0,0,0
2020-07-22,US,Michigan,Gogebic,45,1,0,46.40862701,-89.69377193,26053.0,322.0035778175313,2.2222222222222223,44,45,1,0,44,37,15096,0,0,0,0,8
2020-07-22,US,Michigan,Grand Traverse,138,5,0,44.69565625,-85.55585247,26055.0,148.24682021313166,3.6231884057971016,133,134,5,0,129,130,92573,4,0,0,4,4
2020-07-22,US,Michigan,Gratiot,118,15,0,43.29265605,-84.60505416,26057.0,289.8479526417921,12.711864406779661,103,120,15,0,105,119,40599,-2,0,0,-2,1
2020-07-22,US,Michigan,Hillsdale,220,25,0,41.88753639,-84.59312019,26059.0,482.40324525819534,11.363636363636365,195,218,25,0,193,218,45749,2,0,0,2,0
2020-07-22,US,Michigan,Houghton,38,0,0,46.89988536,-88.68495385,26061.0,106.4903037776034,0.0,38,37,0,0,37,33,36219,1,0,0,1,4
2020-07-22,US,Michigan,Huron,108,3,0,43.83353985,-83.04078453,26063.0,348.6007553016365,2.7777777777777777,105,103,3,0,100,100,31166,5,0,0,5,3
2020-07-22,US,Michigan,Ingham,1308,29,0,42.59716886,-84.37472069,26065.0,447.3232423411284,2.217125382262997,1279,1301,29,0,1272,1286,292735,7,0,0,7,15
2020-07-22,US,Michigan,Ionia,242,5,0,42.94502238,-85.07413319,26067.0,374.05134704854936,2.066115702479338,237,240,5,0,235,235,64210,2,0,0,2,5
2020-07-22,US,Michigan,Iosco,124,11,0,44.35486835,-83.63484895,26069.0,493.49305527918176,8.870967741935484,113,123,11,0,112,123,25081,1,0,0,1,0
2020-07-22,US,Michigan,Iron,10,1,0,46.20974132,-88.53136251,26071.0,90.36688957166096,10.0,9,10,1,0,9,10,11117,0,0,0,0,0
2020-07-22,US,Michigan,Isabella,186,8,0,43.64060976,-84.84664923,26073.0,266.2010533547057,4.301075268817204,178,185,8,0,177,184,70562,1,0,0,1,1
2020-07-22,US,Michigan,Jackson,597,32,0,42.24807035,-84.42258681,26075.0,376.6323891237146,5.360134003350084,565,591,32,0,559,582,158823,6,0,0,6,9
2020-07-22,US,Michigan,Kalamazoo,1370,74,0,42.24542231,-85.53038622,26077.0,516.852406570439,5.401459854014598,1296,1351,74,0,1277,1348,264870,19,0,0,19,3
2020-07-22,US,Michigan,Kalkaska,48,4,0,44.68512729,-85.09085699,26079.0,266.10488967734784,8.333333333333334,44,45,4,0,41,45,17824,3,0,0,3,0
2020-07-22,US,Michigan,Kent,6486,150,0,43.03197711,-85.54934642,26081.0,987.282233942964,2.3126734505087883,6336,6424,149,0,6275,6357,653786,62,1,0,61,67
2020-07-22,US,Michigan,Keweenaw,2,0,0,47.63197653,-88.41434263,26083.0,94.5179584120983,0.0,2,2,0,0,2,2,2113,0,0,0,0,0
2020-07-22,US,Michigan,Lake,14,0,0,43.99050893,-85.802173,26085.0,118.11355774909306,0.0,14,14,0,0,14,14,11881,0,0,0,0,0
2020-07-22,US,Michigan,Lapeer,343,32,0,43.09052506,-83.22153148,26087.0,391.52122547285035,9.329446064139944,311,341,32,0,309,341,88028,2,0,0,2,0
2020-07-22,US,Michigan,Leelanau,56,0,0,44.94430054,-85.80150326,26089.0,257.3411148384725,0.0,56,55,0,0,55,56,21764,1,0,0,1,-1
2020-07-22,US,Michigan,Lenawee,334,11,0,41.89475156,-84.06603727,26091.0,339.25506089323625,3.2934131736526946,323,328,11,0,317,321,98266,6,0,0,6,7
2020-07-22,US,Michigan,Livingston,683,28,0,42.60302282,-83.91297209,26093.0,355.73843068829916,4.099560761346998,655,676,28,0,648,671,191224,7,0,0,7,5
2020-07-22,US,Michigan,Luce,3,0,0,46.47227431,-85.54471223,26095.0,48.16182372772515,0.0,3,3,0,0,3,3,6283,0,0,0,0,0
2020-07-22,US,Michigan,Mackinac,13,0,0,46.07028979,-85.04980537,26097.0,120.38151680711177,0.0,13,10,0,0,10,10,10787,3,0,0,3,0
2020-07-22,US,Michigan,Macomb,8586,936,0,42.69158356,-82.92752801,26099.0,982.4113358322693,10.901467505241088,7650,8504,936,0,7568,8418,874759,82,0,0,82,86
2020-07-22,US,Michigan,Manistee,31,0,0,44.33352407,-86.05626916,26101.0,126.23177783207102,0.0,31,31,0,0,31,30,24528,0,0,0,0,1
2020-07-22,US,Michigan,Marquette,107,11,0,46.4338914,-87.64043701,26103.0,160.42219523531088,10.280373831775703,96,107,11,0,96,106,66516,0,0,0,0,1
2020-07-22,US,Michigan,Mason,104,0,0,43.99509218,-86.24988902,26105.0,356.84875102937133,0.0,104,92,0,0,92,89,29100,12,0,0,12,3
2020-07-22,US,Michigan,Mecosta,48,2,0,43.64064262,-85.32463223,26107.0,110.46417968839896,4.166666666666667,46,46,2,0,44,45,43545,2,0,0,2,1
2020-07-22,US,Michigan,Menominee,61,0,0,45.58038692,-87.55370409,26109.0,267.77875329236167,0.0,61,58,0,0,58,56,22983,3,0,0,3,2
2020-07-22,US,Michigan,Michigan Department of Corrections (MDOC),4130,68,0,0.0,0.0,0.0,0.0,1.6464891041162228,4062,4130,68,0,4062,4123,,0,0,0,0,7
2020-07-22,US,Michigan,Midland,243,9,0,43.64330771,-84.38804374,26111.0,292.22184809274137,3.703703703703704,234,236,9,0,227,230,83209,7,0,0,7,6
2020-07-22,US,Michigan,Missaukee,40,1,0,44.33772443,-85.09256478,26113.0,264.58526260087314,2.5,39,40,1,0,39,40,15113,0,0,0,0,0
2020-07-22,US,Michigan,Monroe,754,21,0,41.92734151,-83.53749864,26115.0,500.9966777408638,2.7851458885941645,733,747,21,0,726,743,150439,7,0,0,7,4
2020-07-22,US,Michigan,Montcalm,160,1,0,43.31082541,-85.15252824,26117.0,250.43826696719262,0.625,159,157,1,0,156,155,63968,3,0,0,3,2
2020-07-22,US,Michigan,Montmorency,7,0,0,45.0275929,-84.12696227,26119.0,75.04288164665523,0.0,7,7,0,0,7,7,9265,0,0,0,0,0
2020-07-22,US,Michigan,Muskegon,1052,55,0,43.29123859,-86.15176712,26121.0,606.1094914902689,5.228136882129277,997,1046,55,0,991,1036,173588,6,0,0,6,10
2020-07-22,US,Michigan,Newaygo,232,0,0,43.554373999999996,-85.80070107,26123.0,473.6627194773377,0.0,232,230,0,0,230,226,48892,2,0,0,2,4
2020-07-22,US,Michigan,Oakland,13644,1121,0,42.66090111,-83.38595416,26125.0,1084.9374673978039,8.216065669891528,12523,13492,1119,0,12373,13442,1259201,152,2,0,150,50
2020-07-22,US,Michigan,Oceana,445,5,0,43.64124435,-86.26726673,26127.0,1681.339025956852,1.1235955056179776,440,442,5,0,437,437,26625,3,0,0,3,5
2020-07-22,US,Michigan,Ogemaw,48,2,0,44.33481032,-84.12725175,26129.0,228.60408629804257,4.166666666666667,46,47,2,0,45,47,20952,1,0,0,1,0
2020-07-22,US,Michigan,Ontonagon,1,0,0,46.665226200000006,-89.31390481,26131.0,17.482517482517483,0.0,1,1,0,0,1,1,5795,0,0,0,0,0
2020-07-22,US,Michigan,Osceola,63,0,0,43.98992088,-85.32566756,26133.0,268.542199488491,0.0,63,63,0,0,63,62,23341,0,0,0,0,1
2020-07-22,US,Michigan,Oscoda,23,1,0,44.68192279,-84.12939244,26135.0,279.09234316223757,4.3478260869565215,22,23,1,0,22,23,8276,0,0,0,0,0
2020-07-22,US,Michigan,Otsego,128,10,0,45.02085831,-84.59898295,26137.0,518.8908707637426,7.8125,118,128,10,0,118,127,24665,0,0,0,0,1
2020-07-22,US,Michigan,Ottawa,1524,53,0,42.95996803,-85.9969107,26139.0,522.2218414830552,3.4776902887139114,1471,1511,53,0,1458,1478,290494,13,0,0,13,33
2020-07-22,US,Michigan,Out of MI,40,0,0,0.0,0.0,80026.0,0.0,0.0,40,81,0,0,81,119,,-41,0,0,-41,-38
2020-07-22,US,Michigan,Presque Isle,14,0,0,45.34018577,-83.91498656,26141.0,111.18170266836088,0.0,14,14,0,0,14,14,12738,0,0,0,0,0
2020-07-22,US,Michigan,Roscommon,44,0,0,44.33473082,-84.61067651,26143.0,183.18830925517287,0.0,44,44,0,0,44,44,23884,0,0,0,0,0
2020-07-22,US,Michigan,Saginaw,1617,125,0,43.33433923,-84.05131209999998,26145.0,848.6451592587345,7.730364873222016,1492,1602,125,0,1477,1584,190800,15,0,0,15,18
2020-07-22,US,Michigan,Sanilac,79,6,0,43.42406072,-82.82055898,26151.0,191.8872965751761,7.594936708860758,73,81,6,0,75,81,41182,-2,0,0,-2,0
2020-07-22,US,Michigan,Schoolcraft,8,0,0,46.19235734,-86.19972234,26153.0,98.838645910551,0.0,8,8,0,0,8,7,8068,0,0,0,0,1
2020-07-22,US,Michigan,Shiawassee,296,28,0,42.95392800000001,-84.14585902,26155.0,434.5145474296116,9.459459459459461,268,296,28,0,268,296,68192,0,0,0,0,0
2020-07-22,US,Michigan,St. Clair,668,53,0,42.92655373,-82.67937954,26147.0,419.78784374842894,7.934131736526946,615,661,53,0,608,651,159337,7,0,0,7,10
2020-07-22,US,Michigan,St. Joseph,461,6,0,41.91441767,-85.52797979,26149.0,756.1839774293028,1.3015184381778742,455,453,6,0,447,450,61043,8,0,0,8,3
2020-07-22,US,Michigan,Tuscola,258,27,0,43.46606813,-83.41897025,26157.0,493.8271604938272,10.465116279069766,231,254,27,0,227,251,52516,4,0,0,4,3
2020-07-22,US,Michigan,Unassigned,33,0,0,0.0,0.0,90026.0,0.0,0.0,33,29,0,0,29,7,,4,0,0,4,22
2020-07-22,US,Michigan,Van Buren,325,9,0,42.25190229,-86.01939087,26159.0,429.4567702208069,2.769230769230769,316,313,9,0,304,311,75448,12,0,0,12,2
2020-07-22,US,Michigan,Washtenaw,2169,110,0,42.253105,-83.83853204,26161.0,590.0419204517942,5.0714615029967725,2059,2139,110,0,2029,2120,370963,30,0,0,30,19
2020-07-22,US,Michigan,Wayne,25520,2784,0,42.28098405,-83.281255,26163.0,1458.8334020257892,10.909090909090908,22736,25410,2782,0,22628,25227,1753893,110,2,0,108,183
2020-07-22,US,Michigan,Wexford,55,4,0,44.33853602,-85.57712739,26165.0,163.53959144836608,7.272727272727272,51,53,4,0,49,53,33466,2,0,0,2,0
2020-07-22,US,Minnesota,Aitkin,22,0,0,46.60962049,-93.41168259999999,27001.0,138.48671786478658,0.0,22,21,0,0,21,19,15902,1,0,0,1,2
2020-07-22,US,Minnesota,Anoka,2790,110,0,45.27476015,-93.24604565,27003.0,781.6855830842119,3.942652329749104,2680,2752,110,0,2642,2678,353813,38,0,0,38,74
2020-07-22,US,Minnesota,Becker,85,0,0,46.93479392,-95.67158144,27005.0,246.92792609592425,0.0,85,83,0,0,83,80,34371,2,0,0,2,3
2020-07-22,US,Minnesota,Beltrami,115,0,0,47.97373527,-94.93732139,27007.0,243.70602695600576,0.0,115,113,0,0,113,101,46847,2,0,0,2,12
2020-07-22,US,Minnesota,Benton,274,3,0,45.69804958,-93.99514135,27009.0,670.1068747095796,1.094890510948905,271,272,3,0,269,269,40545,2,0,0,2,3
2020-07-22,US,Minnesota,Big Stone,20,0,0,45.42712824,-96.41403739,27011.0,400.7212983370066,0.0,20,21,0,0,21,19,4989,-1,0,0,-1,2
2020-07-22,US,Minnesota,Blue Earth,710,3,0,44.03554215,-94.06699781,27013.0,1049.4730462802831,0.4225352112676056,707,701,2,0,699,679,67427,9,1,0,8,22
2020-07-22,US,Minnesota,Brown,61,2,0,44.24205652,-94.72562874,27015.0,243.92194497760715,3.278688524590164,59,60,2,0,58,56,25111,1,0,0,1,4
2020-07-22,US,Minnesota,Carlton,107,0,0,46.59180601,-92.67601019,27017.0,298.291098659084,0.0,107,105,0,0,105,103,35837,2,0,0,2,2
2020-07-22,US,Minnesota,Carver,602,2,0,44.82017001,-93.80099179999999,27019.0,572.8477766464616,0.3322259136212625,600,596,2,0,594,568,103551,6,0,0,6,28
2020-07-22,US,Minnesota,Cass,33,2,0,46.95043611,-94.32603968,27021.0,110.81634709023136,6.0606060606060606,31,34,2,0,32,32,29519,-1,0,0,-1,2
2020-07-22,US,Minnesota,Chippewa,87,1,0,45.02343421,-95.56403693,27023.0,737.2881355932202,1.1494252873563218,86,87,1,0,86,86,11924,0,0,0,0,1
2020-07-22,US,Minnesota,Chisago,135,1,0,45.5021011,-92.90861945,27025.0,238.60442920518207,0.7407407407407407,134,128,1,0,127,126,55922,7,0,0,7,2
2020-07-22,US,Minnesota,Clay,679,39,0,46.89289518,-96.48761922,27027.0,1057.270094360188,5.743740795287187,640,678,39,0,639,669,63955,1,0,0,1,9
2020-07-22,US,Minnesota,Clearwater,14,0,0,47.57992111,-95.37790562,27029.0,158.76616012701294,0.0,14,14,0,0,14,14,8810,0,0,0,0,0
2020-07-22,US,Minnesota,Cook,2,0,0,47.90504893,-90.52629546,27031.0,36.60992128866923,0.0,2,2,0,0,2,1,5393,0,0,0,0,1
2020-07-22,US,Minnesota,Cottonwood,150,0,0,44.00715262,-95.18138802,27033.0,1339.7642015005358,0.0,150,150,0,0,150,148,11277,0,0,0,0,2
2020-07-22,US,Minnesota,Crow Wing,137,12,0,46.48096553,-94.06755609,27035.0,210.5910383521636,8.75912408759124,125,136,12,0,124,128,64889,1,0,0,1,8
2020-07-22,US,Minnesota,Dakota,3194,100,0,44.67172617,-93.06299363,27037.0,744.4857011661434,3.1308703819661865,3094,3138,100,0,3038,3059,425423,56,0,0,56,79
2020-07-22,US,Minnesota,Dodge,114,0,0,44.02238415,-92.86244324,27039.0,544.5686443106907,0.0,114,113,0,0,113,112,20822,1,0,0,1,1
2020-07-22,US,Minnesota,Douglas,105,0,0,45.93348491,-95.45335469,27041.0,275.2943027188589,0.0,105,104,0,0,104,101,37964,1,0,0,1,3
2020-07-22,US,Minnesota,Faribault,72,0,0,43.67381499,-93.94787458,27043.0,527.3566249176006,0.0,72,72,0,0,72,70,13758,0,0,0,0,2
2020-07-22,US,Minnesota,Fillmore,50,0,0,43.67394126,-92.08980382,27045.0,237.33801680353162,0.0,50,48,0,0,48,45,21058,2,0,0,2,3
2020-07-22,US,Minnesota,Freeborn,331,1,0,43.67385583,-93.34884422,27047.0,1093.094679832238,0.3021148036253776,330,329,1,0,328,327,30444,2,0,0,2,2
2020-07-22,US,Minnesota,Goodhue,153,8,0,44.40849741,-92.72341949999999,27049.0,330.168321104877,5.2287581699346415,145,151,8,0,143,148,46403,2,0,0,2,3
2020-07-22,US,Minnesota,Grant,33,1,0,45.93424769,-96.01139609,27051.0,552.5787006028131,3.0303030303030303,32,33,1,0,32,33,6021,0,0,0,0,0
2020-07-22,US,Minnesota,Hennepin,15273,803,0,45.00761521,-93.47694895,27053.0,1206.547731432729,5.257644208734368,14470,15125,802,0,14323,14835,1259428,148,1,0,147,290
2020-07-22,US,Minnesota,Houston,33,0,0,43.67129565,-91.49143057,27055.0,177.41935483870967,0.0,33,33,0,0,33,33,18578,0,0,0,0,0
2020-07-22,US,Minnesota,Hubbard,12,0,0,47.10778564,-94.91693868,27057.0,55.837327253268825,0.0,12,12,0,0,12,12,21332,0,0,0,0,0
2020-07-22,US,Minnesota,Isanti,94,0,0,45.56181234,-93.29487636,27059.0,231.5499063947187,0.0,94,93,0,0,93,93,39966,1,0,0,1,0
2020-07-22,US,Minnesota,Itasca,108,12,0,47.51009045,-93.63092229,27061.0,239.3086638599601,11.111111111111109,96,103,12,0,91,96,45108,5,0,0,5,7
2020-07-22,US,Minnesota,Jackson,60,0,0,43.67423373,-95.15398258,27063.0,609.3845216331505,0.0,60,60,0,0,60,60,9911,0,0,0,0,0
2020-07-22,US,Minnesota,Kanabec,20,1,0,45.9459309,-93.29275192,27065.0,122.42149721491094,5.0,19,19,1,0,18,19,16207,1,0,0,1,0
2020-07-22,US,Minnesota,Kandiyohi,627,1,0,45.1526059,-95.00586446,27067.0,1451.4224866316351,0.1594896331738437,626,622,1,0,621,613,42855,5,0,0,5,9
2020-07-22,US,Minnesota,Kittson,2,0,0,48.77754106,-96.78317184,27069.0,46.533271288971605,0.0,2,2,0,0,2,2,4248,0,0,0,0,0
2020-07-22,US,Minnesota,Koochiching,48,3,0,48.24539665,-93.78352843,27071.0,392.50960830812005,6.25,45,46,3,0,43,37,12440,2,0,0,2,9
2020-07-22,US,Minnesota,Lac qui Parle,6,0,0,44.9973857,-96.17488219,27073.0,90.59338668277216,0.0,6,6,0,0,6,6,6658,0,0,0,0,0
2020-07-22,US,Minnesota,Lake,14,0,0,47.64270764,-91.44557998,27075.0,131.56658208814957,0.0,14,14,0,0,14,12,10658,0,0,0,0,2
2020-07-22,US,Minnesota,Le Sueur,162,1,0,44.37136597,-93.72844721,27079.0,560.8058988472324,0.6172839506172839,161,160,1,0,159,153,28494,2,0,0,2,7
2020-07-22,US,Minnesota,Lincoln,51,0,0,44.41311883,-96.26688165,27081.0,904.4156765383932,0.0,51,51,0,0,51,47,5673,0,0,0,0,4
2020-07-22,US,Minnesota,Lyon,385,3,0,44.41327865,-95.83806103,27083.0,1511.3449006830497,0.7792207792207793,382,383,3,0,380,378,25629,2,0,0,2,5
2020-07-22,US,Minnesota,Mahnomen,18,1,0,47.32557075,-95.80921485,27087.0,325.67396417586394,5.5555555555555545,17,18,1,0,17,18,5519,0,0,0,0,0
2020-07-22,US,Minnesota,Marshall,23,0,0,48.35825983,-96.37017407,27089.0,246.35818337617823,0.0,23,23,0,0,23,22,9390,0,0,0,0,1
2020-07-22,US,Minnesota,Martin,190,5,0,43.67429718,-94.55099908,27091.0,965.3000050805264,2.631578947368421,185,190,5,0,185,186,19785,0,0,0,0,4
2020-07-22,US,Minnesota,McLeod,114,0,0,44.82367677,-94.27287017,27085.0,317.61067617641316,0.0,114,112,0,0,112,111,35873,2,0,0,2,1
2020-07-22,US,Minnesota,Meeker,76,2,0,45.12328869,-94.52839455,27093.0,327.2758590991301,2.631578947368421,74,76,2,0,74,72,23141,0,0,0,0,4
2020-07-22,US,Minnesota,Mille Lacs,48,3,0,45.93705297,-93.63236823,27095.0,182.66925448110518,6.25,45,47,2,0,45,45,26139,1,1,0,0,2
2020-07-22,US,Minnesota,Morrison,74,1,0,46.01265363,-94.27341528,27097.0,221.64979332654408,1.351351351351351,73,74,1,0,73,73,33169,0,0,0,0,1
2020-07-22,US,Minnesota,Mower,1019,2,0,43.67142874,-92.75234549,27099.0,2543.5574858968603,0.19627085377821396,1017,1019,2,0,1017,1008,40011,0,0,0,0,11
2020-07-22,US,Minnesota,Murray,104,0,0,44.02216709,-95.76328482,27101.0,1269.2213814986576,0.0,104,103,0,0,103,96,8276,1,0,0,1,7
2020-07-22,US,Minnesota,Nicollet,243,13,0,44.35291112,-94.24710352,27103.0,708.9922390149968,5.349794238683128,230,238,13,0,225,226,34220,5,0,0,5,12
2020-07-22,US,Minnesota,Nobles,1713,6,0,43.67434621,-95.75329576,27105.0,7919.922326506079,0.3502626970227671,1707,1711,6,0,1705,1706,21924,2,0,0,2,5
2020-07-22,US,Minnesota,Norman,24,0,0,47.32628443,-96.45620947,27107.0,376.47058823529403,0.0,24,23,0,0,23,22,6475,1,0,0,1,1
2020-07-22,US,Minnesota,Olmsted,1448,21,0,44.00374114,-92.40209944,27109.0,914.7593386946993,1.450276243093923,1427,1436,21,0,1415,1403,156277,12,0,0,12,33
2020-07-22,US,Minnesota,Otter Tail,134,1,0,46.40846929,-95.70835255,27111.0,228.1006366390903,0.746268656716418,133,132,1,0,131,130,58812,2,0,0,2,2
2020-07-22,US,Minnesota,Pennington,60,0,0,48.06642577,-96.0370814,27113.0,424.9592747361711,0.0,60,60,0,0,60,59,14178,0,0,0,0,1
2020-07-22,US,Minnesota,Pine,119,0,0,46.12105238,-92.74070188,27115.0,402.312451401332,0.0,119,118,0,0,118,117,29483,1,0,0,1,1
2020-07-22,US,Minnesota,Pipestone,124,5,0,44.02301619,-96.25841142,27117.0,1358.7552049090511,4.032258064516129,119,122,5,0,117,113,9047,2,0,0,2,9
2020-07-22,US,Minnesota,Polk,96,3,0,47.77372465,-96.40134647,27119.0,306.08340772860606,3.125,93,95,3,0,92,95,31529,1,0,0,1,0
2020-07-22,US,Minnesota,Pope,28,0,0,45.58606667,-95.44451209,27121.0,248.91101431238326,0.0,28,27,0,0,27,24,11097,1,0,0,1,3
2020-07-22,US,Minnesota,Ramsey,5890,251,0,45.01625271,-93.09872295,27123.0,1070.2844339939784,4.261460101867572,5639,5825,250,0,5575,5719,550210,65,1,0,64,106
2020-07-22,US,Minnesota,Red Lake,5,0,0,47.87197525,-96.09561104,27125.0,123.30456226880396,0.0,5,5,0,0,5,5,3999,0,0,0,0,0
2020-07-22,US,Minnesota,Redwood,27,0,0,44.40555844,-95.25207021,27127.0,177.98286090969017,0.0,27,27,0,0,27,27,15249,0,0,0,0,0
2020-07-22,US,Minnesota,Renville,44,4,0,44.72836381,-94.94553734,27129.0,302.4470717624416,9.090909090909092,40,44,4,0,40,44,14612,0,0,0,0,0
2020-07-22,US,Minnesota,Rice,924,8,0,44.3543376,-93.29658715,27131.0,1379.6810607418024,0.8658008658008658,916,919,8,0,911,915,66523,5,0,0,5,4
2020-07-22,US,Minnesota,Rock,45,0,0,43.67482683,-96.25296832,27133.0,483.0917874396137,0.0,45,44,0,0,44,42,9414,1,0,0,1,2
2020-07-22,US,Minnesota,Roseau,34,0,0,48.77501878,-95.81079919,27135.0,224.20046158918564,0.0,34,32,0,0,32,32,15150,2,0,0,2,0
2020-07-22,US,Minnesota,Scott,1072,8,0,44.6490231,-93.53340251,27139.0,719.4003207773817,0.746268656716418,1064,1046,8,0,1038,1022,147381,26,0,0,26,24
2020-07-22,US,Minnesota,Sherburne,459,5,0,45.44447208,-93.77617511,27141.0,472.0376807420967,1.0893246187363834,454,457,5,0,452,429,96036,2,0,0,2,28
2020-07-22,US,Minnesota,Sibley,69,2,0,44.5796592,-94.23164924,27143.0,464.1775983854692,2.898550724637681,67,70,2,0,68,66,15028,-1,0,0,-1,4
2020-07-22,US,Minnesota,St. Louis,299,16,0,47.604840700000004,-92.46879855,27137.0,150.1984226653941,5.351170568561873,283,294,16,0,278,284,199754,5,0,0,5,10
2020-07-22,US,Minnesota,Stearns,2666,19,0,45.55192576,-94.61078221,27145.0,1655.1295980133475,0.7126781695423856,2647,2659,19,0,2640,2643,159256,7,0,0,7,16
2020-07-22,US,Minnesota,Steele,291,1,0,44.02240351,-93.22627088,27147.0,794.0189363966275,0.3436426116838488,290,290,1,0,289,278,36803,1,0,0,1,12
2020-07-22,US,Minnesota,Stevens,14,0,0,45.58613007,-96.00163705,27149.0,142.78429372768994,0.0,14,14,0,0,14,13,9753,0,0,0,0,1
2020-07-22,US,Minnesota,Swift,47,1,0,45.2829032,-95.68264092,27151.0,507.23073602417435,2.127659574468085,46,46,1,0,45,46,9345,1,0,0,1,0
2020-07-22,US,Minnesota,Todd,405,2,0,46.06996226,-94.89785296,27153.0,1642.0694129095034,0.4938271604938271,403,405,2,0,403,404,24582,0,0,0,0,1
2020-07-22,US,Minnesota,Traverse,9,0,0,45.77298854,-96.47062949,27155.0,276.15833077631174,0.0,9,9,0,0,9,9,3308,0,0,0,0,0
2020-07-22,US,Minnesota,Unassigned,122,40,0,0.0,0.0,90027.0,0.0,32.786885245901644,82,111,40,0,71,759,,11,0,0,11,-648
2020-07-22,US,Minnesota,Wabasha,59,0,0,44.28424356,-92.23121312,27157.0,272.80713922411803,0.0,59,56,0,0,56,55,21645,3,0,0,3,1
2020-07-22,US,Minnesota,Wadena,20,0,0,46.58589171,-94.96968506,27159.0,146.177459435755,0.0,20,20,0,0,20,19,13773,0,0,0,0,1
2020-07-22,US,Minnesota,Waseca,98,0,0,44.02211116,-93.58720034,27161.0,526.542015903718,0.0,98,95,0,0,95,92,18691,3,0,0,3,3
2020-07-22,US,Minnesota,Washington,1550,40,0,45.03864533,-92.88429635,27163.0,590.6111873190063,2.5806451612903225,1510,1515,40,0,1475,1465,259201,35,0,0,35,50
2020-07-22,US,Minnesota,Watonwan,282,0,0,43.97823903,-94.61413846,27165.0,2587.868220611177,0.0,282,280,0,0,280,279,10980,2,0,0,2,1
2020-07-22,US,Minnesota,Wilkin,23,3,0,46.35721532,-96.4684375,27167.0,370.54937973256006,13.043478260869565,20,23,3,0,20,23,6254,0,0,0,0,0
2020-07-22,US,Minnesota,Winona,193,16,0,43.98772283,-91.78081305,27169.0,382.2993423658982,8.290155440414507,177,193,16,0,177,186,50825,0,0,0,0,7
2020-07-22,US,Minnesota,Wright,652,4,0,45.17297924,-93.96234781,27171.0,471.1765683603489,0.6134969325153374,648,647,4,0,643,623,136349,5,0,0,5,24
2020-07-22,US,Minnesota,Yellow Medicine,37,0,0,44.71710183,-95.86842453,27173.0,381.0897105778144,0.0,37,37,0,0,37,35,9795,0,0,0,0,2
2020-07-22,US,Mississippi,Adams,455,22,0,31.47669768,-91.35326037,28001.0,1482.4227022448115,4.835164835164835,433,449,22,0,427,429,31192,6,0,0,6,20
2020-07-22,US,Mississippi,Alcorn,190,2,0,34.88084463,-88.57996173,28003.0,514.1666441154981,1.0526315789473684,188,179,2,0,177,161,36925,11,0,0,11,18
2020-07-22,US,Mississippi,Amite,151,4,0,31.17467303,-90.80501621,28005.0,1227.9417744165246,2.6490066225165565,147,145,4,0,141,143,12326,6,0,0,6,2
2020-07-22,US,Mississippi,Attala,432,23,0,33.08658803,-89.57838564,28007.0,2377.02211951139,5.324074074074074,409,423,23,0,400,406,18365,9,0,0,9,17
2020-07-22,US,Mississippi,Benton,84,0,0,34.81681228,-89.18945516,28009.0,1017.0722847802396,0.0,84,80,0,0,80,77,8271,4,0,0,4,3
2020-07-22,US,Mississippi,Bolivar,634,22,0,33.79696941,-90.87372121,28011.0,2070.001305994515,3.470031545741325,612,605,22,0,583,570,31333,29,0,0,29,35
2020-07-22,US,Mississippi,Calhoun,303,5,0,33.93683395,-89.33686647,28013.0,2109.880927512012,1.6501650165016502,298,270,5,0,265,249,14436,33,0,0,33,21
2020-07-22,US,Mississippi,Carroll,225,11,0,33.44834567,-89.91994479,28015.0,2261.988539258068,4.888888888888889,214,221,11,0,210,220,9911,4,0,0,4,1
2020-07-22,US,Mississippi,Chickasaw,350,19,0,33.91983202,-88.9481545,28017.0,2046.4246038706656,5.428571428571429,331,348,19,0,329,342,17171,2,0,0,2,6
2020-07-22,US,Mississippi,Choctaw,97,4,0,33.34598242,-89.24809382,28019.0,1181.4859926918393,4.123711340206185,93,95,4,0,91,91,8278,2,0,0,2,4
2020-07-22,US,Mississippi,Claiborne,359,12,0,31.97061673,-90.90702196,28021.0,3994.2145082332,3.3426183844011144,347,354,11,0,343,344,9002,5,1,0,4,10
2020-07-22,US,Mississippi,Clarke,263,25,0,32.04158545,-88.68896219999998,28023.0,1692.2977929348176,9.505703422053232,238,257,25,0,232,253,15604,6,0,0,6,4
2020-07-22,US,Mississippi,Clay,310,13,0,33.65358105,-88.77784255,28025.0,1604.8871401946576,4.193548387096774,297,309,13,0,296,299,19386,1,0,0,1,10
2020-07-22,US,Mississippi,Coahoma,465,7,0,34.22772299,-90.60415045,28027.0,2101.7899114084253,1.5053763440860215,458,443,7,0,436,422,22628,22,0,0,22,21
2020-07-22,US,Mississippi,Copiah,783,21,0,31.86977774,-90.44565118,28029.0,2789.9518973810796,2.681992337164751,762,777,20,0,757,755,28543,6,1,0,5,22
2020-07-22,US,Mississippi,Covington,498,7,0,31.63225413,-89.55389939,28031.0,2672.2472633612365,1.4056224899598393,491,476,7,0,469,469,18853,22,0,0,22,7
2020-07-22,US,Mississippi,DeSoto,2619,20,0,34.87625235,-89.99091418,28033.0,1416.0966773905755,0.7636502481863306,2599,2474,20,0,2454,2394,182001,145,0,0,145,80
2020-07-22,US,Mississippi,Forrest,1267,45,0,31.18961454,-89.25832496,28035.0,1691.6565416505334,3.551696921862668,1222,1232,45,0,1187,1197,75036,35,0,0,35,35
2020-07-22,US,Mississippi,Franklin,78,2,0,31.47786634,-90.89672989,28037.0,1011.2796577207312,2.5641025641025643,76,74,2,0,72,72,7788,4,0,0,4,2
2020-07-22,US,Mississippi,George,196,3,0,30.86259065,-88.64436789,28039.0,800.0,1.5306122448979589,193,192,3,0,189,179,24250,4,0,0,4,13
2020-07-22,US,Mississippi,Greene,170,10,0,31.21444233,-88.63922281,28041.0,1251.288090681584,5.882352941176472,160,165,10,0,155,157,13586,5,0,0,5,8
2020-07-22,US,Mississippi,Grenada,730,16,0,33.77036166,-89.80245083,28043.0,3516.716446671163,2.191780821917808,714,721,16,0,705,711,21055,9,0,0,9,10
2020-07-22,US,Mississippi,Hancock,214,14,0,30.41830223,-89.48851033,28045.0,449.2777964393685,6.542056074766355,200,212,14,0,198,204,47334,2,0,0,2,8
2020-07-22,US,Mississippi,Harrison,1573,21,0,30.51359752,-89.12467576,28047.0,755.9592464436755,1.3350286077558804,1552,1521,20,0,1501,1456,206650,52,1,0,51,65
2020-07-22,US,Mississippi,Hinds,3952,77,0,32.2656285,-90.44435448,28049.0,1704.623878536922,1.9483805668016196,3875,3835,75,0,3760,3691,237085,117,2,0,115,144
2020-07-22,US,Mississippi,Holmes,687,43,0,33.12345854,-90.08923538,28051.0,4038.8007054673717,6.259097525473071,644,675,43,0,632,640,17622,12,0,0,12,35
2020-07-22,US,Mississippi,Humphreys,227,10,0,33.12825718,-90.52252707,28053.0,2814.9801587301586,4.405286343612334,217,222,10,0,212,209,8257,5,0,0,5,13
2020-07-22,US,Mississippi,Issaquena,16,1,0,32.72531359,-90.97392828,28055.0,1205.7272042200452,6.25,15,16,1,0,15,15,1308,0,0,0,0,1
2020-07-22,US,Mississippi,Itawamba,220,9,0,34.27993475,-88.3606733,28057.0,940.5728943993159,4.090909090909091,211,208,8,0,200,191,23517,12,1,0,11,17
2020-07-22,US,Mississippi,Jackson,1368,23,0,30.54020656,-88.64184064,28059.0,952.5334744494037,1.6812865497076024,1345,1183,23,0,1160,1115,143277,185,0,0,185,68
2020-07-22,US,Mississippi,Jasper,308,6,0,32.01922104,-89.11786866,28061.0,1879.9975584447293,1.9480519480519483,302,304,6,0,298,291,16428,4,0,0,4,13
2020-07-22,US,Mississippi,Jefferson,151,4,0,31.73397872,-91.03764977,28063.0,2160.2288984263228,2.6490066225165565,147,145,3,0,142,142,7106,6,1,0,5,3
2020-07-22,US,Mississippi,Jefferson Davis,159,4,0,31.56884708,-89.82670990000004,28065.0,1428.8281811646298,2.5157232704402515,155,153,4,0,149,153,11234,6,0,0,6,0
2020-07-22,US,Mississippi,Jones,1432,53,0,31.62257767,-89.16896899999998,28067.0,2102.8517724455933,3.701117318435754,1379,1422,53,0,1369,1382,68461,10,0,0,10,40
2020-07-22,US,Mississippi,Kemper,204,15,0,32.75462946,-88.64105766,28069.0,2094.025867378362,7.352941176470589,189,201,15,0,186,198,10027,3,0,0,3,3
2020-07-22,US,Mississippi,Lafayette,633,4,0,34.35687874,-89.48490961,28071.0,1171.809918732298,0.631911532385466,629,613,4,0,609,596,54793,20,0,0,20,17
2020-07-22,US,Mississippi,Lamar,845,9,0,31.20572971,-89.5077704,28073.0,1334.0069147340669,1.0650887573964498,836,832,8,0,824,807,62447,13,1,0,12,25
2020-07-22,US,Mississippi,Lauderdale,1154,83,0,32.40419769,-88.66229662,28075.0,1556.8296795952785,7.192374350086656,1071,1115,83,0,1032,1090,75317,39,0,0,39,25
2020-07-22,US,Mississippi,Lawrence,222,3,0,31.55147224,-90.10841127,28077.0,1763.8646114730652,1.351351351351351,219,214,3,0,211,208,12455,8,0,0,8,6
2020-07-22,US,Mississippi,Leake,699,23,0,32.7536828,-89.52402044,28079.0,3067.673132625296,3.2904148783977116,676,693,23,0,670,683,22763,6,0,0,6,10
2020-07-22,US,Mississippi,Lee,879,26,0,34.291877500000005,-88.68149954,28081.0,1028.840301512243,2.957906712172924,853,863,25,0,838,820,85202,16,1,0,15,43
2020-07-22,US,Mississippi,Leflore,681,57,0,33.55545125,-90.29900733,28083.0,2416.350282084945,8.370044052863436,624,663,56,0,607,648,28919,18,1,0,17,15
2020-07-22,US,Mississippi,Lincoln,622,37,0,31.53288662,-90.45391915,28085.0,1821.2162913946067,5.948553054662379,585,618,36,0,582,602,34205,4,1,0,3,16
2020-07-22,US,Mississippi,Lowndes,714,19,0,33.47386518,-88.44191529999998,28087.0,1218.5340046079018,2.661064425770308,695,671,18,0,653,650,58930,43,1,0,42,21
2020-07-22,US,Mississippi,Madison,1852,47,0,32.63389156,-90.03513564,28089.0,1742.6979825353808,2.537796976241901,1805,1804,47,0,1757,1740,105630,48,0,0,48,64
2020-07-22,US,Mississippi,Marion,449,15,0,31.23132643,-89.8209217,28091.0,1827.2087250234,3.3407572383073503,434,433,12,0,421,414,24715,16,3,0,13,19
2020-07-22,US,Mississippi,Marshall,407,5,0,34.76216286,-89.50299462,28093.0,1153.1705105683686,1.2285012285012284,402,392,4,0,388,384,35451,15,1,0,14,8
2020-07-22,US,Mississippi,Monroe,536,44,0,33.89236763,-88.4808438,28095.0,1520.481107454896,8.208955223880597,492,525,44,0,481,518,35564,11,0,0,11,7
2020-07-22,US,Mississippi,Montgomery,237,3,0,33.49419589,-89.61729103,28097.0,2424.5524296675194,1.2658227848101269,234,229,3,0,226,224,10023,8,0,0,8,5
2020-07-22,US,Mississippi,Neshoba,1129,82,0,32.75339664,-89.11726492,28099.0,3877.3267394738646,7.263064658990258,1047,1113,82,0,1031,1086,29125,16,0,0,16,27
2020-07-22,US,Mississippi,Newton,452,10,0,32.40021118,-89.11843336,28101.0,2150.537634408602,2.2123893805309733,442,442,10,0,432,435,21443,10,0,0,10,7
2020-07-22,US,Mississippi,Noxubee,341,10,0,33.11009499,-88.56949061,28103.0,3273.4952481520586,2.9325513196480935,331,328,10,0,318,312,10535,13,0,0,13,16
2020-07-22,US,Mississippi,Oktibbeha,712,30,0,33.42491685,-88.87905132,28105.0,1435.8602052957428,4.213483146067416,682,705,27,0,678,697,49599,7,3,0,4,8
2020-07-22,US,Mississippi,Panola,617,7,0,34.36398677,-89.95064249,28107.0,1804.5156761815629,1.1345218800648298,610,596,7,0,589,576,34178,21,0,0,21,20
2020-07-22,US,Mississippi,Pearl River,391,32,0,30.77090935,-89.58677275,28109.0,704.0605023858827,8.184143222506393,359,383,32,0,351,371,55387,8,0,0,8,12
2020-07-22,US,Mississippi,Perry,143,6,0,31.17161885,-88.99281835,28111.0,1194.3539630836044,4.195804195804196,137,127,5,0,122,117,11931,16,1,0,15,10
2020-07-22,US,Mississippi,Pike,649,26,0,31.17507789,-90.40392572,28113.0,1651.9038892282626,4.0061633281972275,623,624,25,0,599,596,39563,25,1,0,24,28
2020-07-22,US,Mississippi,Pontotoc,538,6,0,34.226046000000004,-89.03636807,28115.0,1672.1576428171813,1.1152416356877324,532,533,6,0,527,495,31833,5,0,0,5,38
2020-07-22,US,Mississippi,Prentiss,219,6,0,34.61810501,-88.51986294,28117.0,871.6071002149167,2.7397260273972597,213,203,6,0,197,192,25315,16,0,0,16,11
2020-07-22,US,Mississippi,Quitman,138,1,0,34.25157572,-90.28908,28119.0,2031.8021201413428,0.7246376811594203,137,139,1,0,138,129,7051,-1,0,0,-1,10
2020-07-22,US,Mississippi,Rankin,1623,23,0,32.26469147,-89.94537876,28121.0,1045.2692389435242,1.4171287738755391,1600,1537,23,0,1514,1459,153902,86,0,0,86,78
2020-07-22,US,Mississippi,Scott,911,16,0,32.406704100000006,-89.53789439,28123.0,3239.2262836011946,1.756311745334797,895,901,16,0,885,886,28287,10,0,0,10,15
2020-07-22,US,Mississippi,Sharkey,86,0,0,32.88149103,-90.8159538,28125.0,1990.2800277713488,0.0,86,79,0,0,79,65,4377,7,0,0,7,14
2020-07-22,US,Mississippi,Simpson,576,10,0,31.91282117,-89.91716179,28127.0,2160.702228224173,1.7361111111111112,566,548,5,0,543,537,26758,28,5,0,23,11
2020-07-22,US,Mississippi,Smith,325,12,0,32.01744532,-89.50644846,28129.0,2041.970344307615,3.692307692307693,313,318,12,0,306,307,16002,7,0,0,7,11
2020-07-22,US,Mississippi,Stone,111,2,0,30.79187949,-89.11547539,28131.0,605.3664921465969,1.8018018018018016,109,109,2,0,107,104,18717,2,0,0,2,5
2020-07-22,US,Mississippi,Sunflower,699,13,0,33.60192578,-90.58882684,28133.0,2783.751493428913,1.8597997138769669,686,688,13,0,675,656,25735,11,0,0,11,32
2020-07-22,US,Mississippi,Tallahatchie,318,4,0,33.95339918,-90.1729398,28135.0,2302.845970019553,1.2578616352201255,314,301,4,0,297,293,13987,17,0,0,17,8
2020-07-22,US,Mississippi,Tate,511,19,0,34.65133709,-89.94485778,28137.0,1804.3148193919706,3.718199608610568,492,493,18,0,475,486,28759,18,1,0,17,7
2020-07-22,US,Mississippi,Tippah,212,11,0,34.76872156,-88.90988194,28139.0,962.9797865091983,5.188679245283018,201,203,11,0,192,193,21995,9,0,0,9,10
2020-07-22,US,Mississippi,Tishomingo,184,3,0,34.74023475,-88.23917219,28141.0,949.28545632771,1.6304347826086956,181,178,2,0,176,165,19454,6,1,0,5,13
2020-07-22,US,Mississippi,Tunica,168,3,0,34.64967704,-90.37481167,28143.0,1744.186046511628,1.7857142857142858,165,155,3,0,152,147,9944,13,0,0,13,8
2020-07-22,US,Mississippi,Union,353,11,0,34.49162015,-89.00776006,28145.0,1225.0563942391116,3.1161473087818696,342,338,11,0,327,325,28606,15,0,0,15,13
2020-07-22,US,Mississippi,Walthall,372,14,0,31.14971548,-90.10446654,28147.0,2603.94792104158,3.7634408602150535,358,358,13,0,345,353,14465,14,1,0,13,5
2020-07-22,US,Mississippi,Warren,762,23,0,32.35810271,-90.83352619,28149.0,1679.1168110001984,3.0183727034120733,739,748,22,0,726,727,46176,14,1,0,13,21
2020-07-22,US,Mississippi,Washington,1128,20,0,33.28392041,-90.94196237,28151.0,2568.949418114737,1.7730496453900708,1108,1105,19,0,1086,1056,45063,23,1,0,22,49
2020-07-22,US,Mississippi,Wayne,654,21,0,31.64135687,-88.69573913,28153.0,3240.3507902690385,3.2110091743119265,633,650,21,0,629,636,20298,4,0,0,4,14
2020-07-22,US,Mississippi,Webster,148,11,0,33.61300486,-89.28392912,28155.0,1527.5054185158426,7.432432432432432,137,146,11,0,135,144,9788,2,0,0,2,2
2020-07-22,US,Mississippi,Wilkinson,134,12,0,31.16078225,-91.31018819,28157.0,1552.7230590961765,8.955223880597012,122,129,11,0,118,129,8792,5,1,0,4,0
2020-07-22,US,Mississippi,Winston,458,14,0,33.08747908,-89.03391385,28159.0,2550.821498189919,3.056768558951965,444,411,13,0,398,348,18165,47,1,0,46,63
2020-07-22,US,Mississippi,Yalobusha,256,9,0,34.02824175,-89.70762049999998,28161.0,2114.304592005286,3.515625,247,245,9,0,236,237,12392,11,0,0,11,8
2020-07-22,US,Mississippi,Yazoo,653,8,0,32.77890365,-90.39656148,28163.0,2199.3937352643993,1.2251148545176107,645,640,7,0,633,619,28248,13,1,0,12,21
2020-07-22,US,Missouri,Adair,117,0,0,40.19058551,-92.60078167,29001.0,461.6659432584935,0.0,117,114,0,0,114,110,25339,3,0,0,3,4
2020-07-22,US,Missouri,Andrew,69,1,0,39.98492163,-94.80163024,29003.0,389.5663956639568,1.4492753623188406,68,68,1,0,67,66,17607,1,0,0,1,2
2020-07-22,US,Missouri,Atchison,7,0,0,40.43238737,-95.42970639,29005.0,136.10733035193468,0.0,7,6,0,0,6,6,5171,1,0,0,1,0
2020-07-22,US,Missouri,Audrain,168,1,0,39.215877,-91.84242683,29007.0,661.7299511580275,0.5952380952380952,167,163,1,0,162,158,25473,5,0,0,5,5
2020-07-22,US,Missouri,Barry,173,0,0,36.70978521,-93.82919888,29009.0,483.38875073346566,0.0,173,172,0,0,172,160,35886,1,0,0,1,12
2020-07-22,US,Missouri,Barton,51,0,0,37.50207671,-94.34757022,29011.0,433.89484430832056,0.0,51,51,0,0,51,51,11798,0,0,0,0,0
2020-07-22,US,Missouri,Bates,24,1,0,38.25271289,-94.34113157,29013.0,148.40465001236706,4.166666666666667,23,20,1,0,19,19,16320,4,0,0,4,1
2020-07-22,US,Missouri,Benton,38,0,0,38.29503305,-93.28756116,29015.0,195.4430900581186,0.0,38,33,0,0,33,32,19278,5,0,0,5,1
2020-07-22,US,Missouri,Bollinger,47,0,0,37.32449052,-90.02725304,29017.0,387.37327948570015,0.0,47,46,0,0,46,43,12169,1,0,0,1,3
2020-07-22,US,Missouri,Boone,800,2,0,38.99186229,-92.30723575,29019.0,443.30416761330576,0.25,798,758,2,0,756,750,180005,42,0,0,42,8
2020-07-22,US,Missouri,Buchanan,997,9,0,39.65816401,-94.80138942,29021.0,1141.2023259008288,0.9027081243731192,988,991,9,0,982,975,88571,6,0,0,6,16
2020-07-22,US,Missouri,Butler,154,0,0,36.71462476,-90.40421163,29023.0,362.5406092565563,0.0,154,151,0,0,151,146,42639,3,0,0,3,5
2020-07-22,US,Missouri,Caldwell,24,1,0,39.65620858,-93.98308093,29025.0,266.0753880266075,4.166666666666667,23,24,1,0,23,23,9108,0,0,0,0,1
2020-07-22,US,Missouri,Callaway,83,1,0,38.83674754,-91.92186505,29027.0,185.50387770153992,1.2048192771084338,82,81,1,0,80,81,44889,2,0,0,2,0
2020-07-22,US,Missouri,Camden,139,2,0,38.02199522,-92.76083747,29029.0,300.183565489688,1.4388489208633093,137,114,2,0,112,108,45815,25,0,0,25,6
2020-07-22,US,Missouri,Cape Girardeau,496,3,0,37.38489388,-89.6843587,29031.0,628.8749984151335,0.6048387096774194,493,473,3,0,470,445,78753,23,0,0,23,28
2020-07-22,US,Missouri,Carroll,53,0,0,39.42762566,-93.50626255,29033.0,610.6694319622077,0.0,53,49,0,0,49,48,8743,4,0,0,4,1
2020-07-22,US,Missouri,Carter,9,1,0,36.94160441,-90.96051322,29035.0,150.45135406218657,11.111111111111109,8,9,1,0,8,9,6054,0,0,0,0,0
2020-07-22,US,Missouri,Cass,349,8,0,38.64789422,-94.353399,29037.0,329.93004348648134,2.292263610315186,341,314,8,0,306,285,104954,35,0,0,35,29
2020-07-22,US,Missouri,Cedar,29,0,0,37.72391475,-93.85445441,29039.0,202.10467628406158,0.0,29,29,0,0,29,25,14165,0,0,0,0,4
2020-07-22,US,Missouri,Chariton,12,0,0,39.51499357,-92.9629191,29041.0,161.59439806086726,0.0,12,12,0,0,12,13,7451,0,0,0,0,-1
2020-07-22,US,Missouri,Christian,128,1,0,36.9711783,-93.18537118,29043.0,144.4776793272758,0.78125,127,126,1,0,125,122,86983,2,0,0,2,4
2020-07-22,US,Missouri,Clark,2,0,0,40.41040752,-91.73661677,29045.0,29.424746211563924,0.0,2,2,0,0,2,2,6842,0,0,0,0,0
2020-07-22,US,Missouri,Clay,655,13,0,39.31132056,-94.41850862,29047.0,262.05450733752616,1.984732824427481,642,646,13,0,633,630,246365,9,0,0,9,16
2020-07-22,US,Missouri,Clinton,43,0,0,39.6013098,-94.40465394,29049.0,210.91872271545586,0.0,43,42,0,0,42,38,20470,1,0,0,1,4
2020-07-22,US,Missouri,Cole,186,2,0,38.50455671,-92.27860244,29051.0,242.36106586748332,1.075268817204301,184,167,2,0,165,161,76796,19,0,0,19,6
2020-07-22,US,Missouri,Cooper,38,0,0,38.844478,-92.80896081,29053.0,214.58015698232538,0.0,38,34,0,0,34,35,17603,4,0,0,4,-1
2020-07-22,US,Missouri,Crawford,31,0,0,37.97663738,-91.30528104,29055.0,129.59866220735785,0.0,31,30,0,0,30,28,23957,1,0,0,1,2
2020-07-22,US,Missouri,Dade,9,0,0,37.431814,-93.8503345,29057.0,119.03187409072872,0.0,9,4,0,0,4,4,7569,5,0,0,5,0
2020-07-22,US,Missouri,Dallas,32,1,0,37.6811355,-93.02127031,29059.0,189.59592368764072,3.125,31,31,1,0,30,28,16762,1,0,0,1,3
2020-07-22,US,Missouri,Daviess,15,0,0,39.96145298,-93.98519678,29061.0,181.20318917612946,0.0,15,14,0,0,14,13,8313,1,0,0,1,1
2020-07-22,US,Missouri,DeKalb,22,1,0,39.89201062,-94.40476508,29063.0,175.34071889694752,4.545454545454546,21,21,1,0,20,20,12630,1,0,0,1,1
2020-07-22,US,Missouri,Dent,10,0,0,37.60663134,-91.50790473,29065.0,64.21370320426381,0.0,10,10,0,0,10,10,15441,0,0,0,0,0
2020-07-22,US,Missouri,Douglas,32,1,0,36.9325593,-92.49905109,29067.0,242.70003792188086,3.125,31,31,1,0,30,28,13373,1,0,0,1,3
2020-07-22,US,Missouri,Dunklin,168,3,0,36.27167174,-90.09122243,29069.0,576.7052281075144,1.7857142857142858,165,160,3,0,157,149,29423,8,0,0,8,11
2020-07-22,US,Missouri,Franklin,394,18,0,38.41127108,-91.07522826,29071.0,378.96640280088883,4.568527918781727,376,382,18,0,364,360,103670,12,0,0,12,22
2020-07-22,US,Missouri,Gasconade,14,0,0,38.43947277,-91.50847147,29073.0,95.19923840609276,0.0,14,14,0,0,14,19,14705,0,0,0,0,-5
2020-07-22,US,Missouri,Gentry,71,9,0,40.21097916,-94.40944419,29075.0,1080.5052503424135,12.676056338028172,62,70,9,0,61,70,6628,1,0,0,1,0
2020-07-22,US,Missouri,Greene,684,9,0,37.2575872,-93.34230916,29077.0,233.3785987730564,1.3157894736842106,675,668,9,0,659,650,291923,16,0,0,16,18
2020-07-22,US,Missouri,Grundy,24,1,0,40.11406587,-93.56509276,29079.0,243.65482233502541,4.166666666666667,23,22,1,0,21,22,9914,2,0,0,2,0
2020-07-22,US,Missouri,Harrison,37,1,0,40.35570088,-93.99222144,29081.0,443.0076628352491,2.702702702702702,36,37,1,0,36,35,8414,0,0,0,0,2
2020-07-22,US,Missouri,Henry,43,3,0,38.38482826,-93.79293734,29083.0,197.0307917888563,6.9767441860465125,40,42,3,0,39,41,21792,1,0,0,1,1
2020-07-22,US,Missouri,Hickory,3,0,0,37.94163617,-93.3203037,29085.0,31.43336127409891,0.0,3,2,0,0,2,2,9509,1,0,0,1,0
2020-07-22,US,Missouri,Holt,2,0,0,40.09799248,-95.2163888,29087.0,45.42357483533954,0.0,2,2,0,0,2,2,4404,0,0,0,0,0
2020-07-22,US,Missouri,Howard,29,0,0,39.1435761,-92.69756691,29089.0,289.97100289971,0.0,29,24,0,0,24,17,10137,5,0,0,5,7
2020-07-22,US,Missouri,Howell,68,0,0,36.77383887,-91.88683935,29091.0,169.504200214373,0.0,68,65,0,0,65,63,40076,3,0,0,3,2
2020-07-22,US,Missouri,Iron,6,0,0,37.55487945,-90.7735296,29093.0,59.25925925925926,0.0,6,4,0,0,4,4,10177,2,0,0,2,0
2020-07-22,US,Missouri,Jackson,2115,48,0,39.01002188,-94.34724536,29095.0,300.848777615144,2.269503546099291,2067,1988,48,0,1940,1954,700307,127,0,0,127,34
2020-07-22,US,Missouri,Jasper,1323,20,0,37.20351921,-94.34050458,29097.0,1090.43254648556,1.5117157974300832,1303,1290,20,0,1270,1256,120636,33,0,0,33,34
2020-07-22,US,Missouri,Jefferson,789,23,0,38.25926778,-90.53870896,29099.0,350.5404720967118,2.915082382762991,766,763,23,0,740,728,224347,26,0,0,26,35
2020-07-22,US,Missouri,Johnson,389,1,0,38.74719601,-93.80691168,29101.0,719.5442269986313,0.2570694087403599,388,381,1,0,380,355,53652,8,0,0,8,26
2020-07-22,US,Missouri,Kansas City,4102,42,0,39.0997,-94.5786,0.0,838.9525977465677,1.023890784982935,4060,3924,41,0,3883,3809,491918,178,1,0,177,115
2020-07-22,US,Missouri,Knox,4,0,0,40.12699751,-92.14780832,29103.0,101.03561505430665,0.0,4,3,0,0,3,3,3947,1,0,0,1,0
2020-07-22,US,Missouri,Laclede,151,1,0,37.65896829,-92.5888493,29105.0,422.6968619656804,0.6622516556291391,150,148,1,0,147,145,35713,3,0,0,3,3
2020-07-22,US,Missouri,Lafayette,122,2,0,39.06986886,-93.78076396,29107.0,372.99743182096125,1.639344262295082,120,120,2,0,118,119,32598,2,0,0,2,1
2020-07-22,US,Missouri,Lawrence,110,2,0,37.10626634,-93.83293097,29109.0,286.79442054490937,1.818181818181818,108,106,2,0,104,104,38359,4,0,0,4,2
2020-07-22,US,Missouri,Lewis,13,1,0,40.09673161,-91.72070156,29111.0,132.9787234042553,7.6923076923076925,12,12,1,0,11,12,9855,1,0,0,1,0
2020-07-22,US,Missouri,Lincoln,172,1,0,39.05345619,-90.95588181,29113.0,291.4612034636436,0.5813953488372093,171,160,1,0,159,153,57686,12,0,0,12,7
2020-07-22,US,Missouri,Linn,25,1,0,39.87001769,-93.10704106,29115.0,209.7315436241611,4.0,24,24,1,0,23,23,12037,1,0,0,1,1
2020-07-22,US,Missouri,Livingston,30,0,0,39.78110272,-93.54645978,29117.0,197.01845406186385,0.0,30,30,0,0,30,30,15146,0,0,0,0,0
2020-07-22,US,Missouri,Macon,36,0,0,39.83049768,-92.56453089,29121.0,238.14248858900575,0.0,36,36,0,0,36,36,15153,0,0,0,0,0
2020-07-22,US,Missouri,Madison,13,0,0,37.47865134,-90.3467143,29123.0,107.5446724023825,0.0,13,12,0,0,12,11,12188,1,0,0,1,1
2020-07-22,US,Missouri,Maries,8,0,0,38.16193985,-91.92249662,29125.0,91.98574220995742,0.0,8,8,0,0,8,7,8769,0,0,0,0,1
2020-07-22,US,Missouri,Marion,58,1,0,39.80601912,-91.62203062,29127.0,203.2947774272696,1.7241379310344829,57,53,0,0,53,50,28592,5,1,0,4,3
2020-07-22,US,Missouri,McDonald,824,1,0,36.62869595,-94.34867205,29119.0,3608.179708368,0.12135922330097088,823,822,1,0,821,819,23078,2,0,0,2,3
2020-07-22,US,Missouri,Mercer,8,0,0,40.42212303,-93.5682959,29129.0,221.1777716339508,0.0,8,8,0,0,8,8,3641,0,0,0,0,0
2020-07-22,US,Missouri,Miller,43,0,0,38.21450288,-92.42610898,29131.0,167.84417814903003,0.0,43,44,0,0,44,42,25336,-1,0,0,-1,2
2020-07-22,US,Missouri,Mississippi,121,0,0,36.82516239,-89.29505753,29133.0,918.0576631259484,0.0,121,104,0,0,104,100,13336,17,0,0,17,4
2020-07-22,US,Missouri,Moniteau,71,2,0,38.63571781,-92.57976951,29135.0,440.1190181006695,2.8169014084507036,69,71,2,0,69,71,16121,0,0,0,0,0
2020-07-22,US,Missouri,Monroe,8,0,0,39.49593978,-92.00043978,29137.0,92.5497454881999,0.0,8,8,0,0,8,7,8664,0,0,0,0,1
2020-07-22,US,Missouri,Montgomery,24,0,0,38.94022054,-91.47000721,29139.0,207.7742186823652,0.0,24,24,0,0,24,24,11534,0,0,0,0,0
2020-07-22,US,Missouri,Morgan,37,0,0,38.4181765,-92.88791859,29141.0,179.37654530469771,0.0,37,34,0,0,34,34,20358,3,0,0,3,0
2020-07-22,US,Missouri,New Madrid,114,1,0,36.59666326,-89.66070007,29143.0,667.6036542515811,0.8771929824561403,113,109,1,0,108,101,17296,5,0,0,5,8
2020-07-22,US,Missouri,Newton,699,3,0,36.90519407,-94.3394104,29145.0,1200.2884813517412,0.4291845493562232,696,678,3,0,675,659,58266,21,0,0,21,19
2020-07-22,US,Missouri,Nodaway,51,0,0,40.36079813,-94.88133008,29147.0,230.85279739272136,0.0,51,45,0,0,45,33,22304,6,0,0,6,12
2020-07-22,US,Missouri,Oregon,11,0,0,36.68710164,-91.4033755,29149.0,104.47335929338018,0.0,11,11,0,0,11,12,10541,0,0,0,0,-1
2020-07-22,US,Missouri,Osage,27,0,0,38.46036182,-91.8613635,29151.0,198.31068674256332,0.0,27,28,0,0,28,22,13714,-1,0,0,-1,6
2020-07-22,US,Missouri,Ozark,3,0,0,36.64916339,-92.44459066,29153.0,32.701111837802486,0.0,3,3,0,0,3,3,9017,0,0,0,0,0
2020-07-22,US,Missouri,Pemiscot,172,6,0,36.2130572,-89.78742322,29155.0,1088.2632078456186,3.4883720930232562,166,165,6,0,159,161,16272,7,0,0,7,4
2020-07-22,US,Missouri,Perry,184,3,0,37.70660776,-89.82741088,29157.0,961.5384615384617,1.6304347826086956,181,183,3,0,180,182,19150,1,0,0,1,1
2020-07-22,US,Missouri,Pettis,206,2,0,38.72798918,-93.28471706,29159.0,486.54904461607504,0.9708737864077671,204,204,2,0,202,199,42542,2,0,0,2,5
2020-07-22,US,Missouri,Phelps,60,0,0,37.87736118,-91.79351727,29161.0,134.61063872748076,0.0,60,59,0,0,59,57,44732,1,0,0,1,2
2020-07-22,US,Missouri,Pike,49,1,0,39.34310674,-91.16980779,29163.0,267.7303026991586,2.0408163265306123,48,50,1,0,49,47,18504,-1,0,0,-1,3
2020-07-22,US,Missouri,Platte,223,6,0,39.38154439,-94.77068479,29165.0,213.56471106514203,2.690582959641256,217,213,6,0,207,208,102985,10,0,0,10,5
2020-07-22,US,Missouri,Polk,125,0,0,37.6162296,-93.39828174,29167.0,388.8145821020872,0.0,125,114,0,0,114,93,32201,11,0,0,11,21
2020-07-22,US,Missouri,Pulaski,162,1,0,37.82462075,-92.20783203,29169.0,307.94380975915755,0.6172839506172839,161,157,1,0,156,155,52014,5,0,0,5,2
2020-07-22,US,Missouri,Putnam,4,0,0,40.47942497,-93.02042674,29171.0,85.17887563884156,0.0,4,4,0,0,4,4,4757,0,0,0,0,0
2020-07-22,US,Missouri,Ralls,15,0,0,39.52817427,-91.51838643,29173.0,145.50392860607238,0.0,15,14,0,0,14,11,10212,1,0,0,1,3
2020-07-22,US,Missouri,Randolph,23,1,0,39.44007257,-92.4971374,29175.0,92.93680297397768,4.3478260869565215,22,21,1,0,20,21,24763,2,0,0,2,0
2020-07-22,US,Missouri,Ray,39,0,0,39.3537468,-93.98905745,29177.0,169.43261795116862,0.0,39,38,0,0,38,37,22883,1,0,0,1,1
2020-07-22,US,Missouri,Reynolds,10,0,0,37.36085952,-90.97009925,29179.0,159.48963317384369,0.0,10,10,0,0,10,10,6254,0,0,0,0,0
2020-07-22,US,Missouri,Ripley,34,0,0,36.65460667,-90.85990261,29181.0,255.86995785671283,0.0,34,30,0,0,30,30,13401,4,0,0,4,0
2020-07-22,US,Missouri,Saline,351,6,0,39.13734288,-93.20259964,29195.0,1542.111506524318,1.709401709401709,345,349,6,0,343,348,22895,2,0,0,2,1
2020-07-22,US,Missouri,Schuyler,8,0,0,40.46921489,-92.52311943,29197.0,171.67381974248923,0.0,8,7,0,0,7,6,4599,1,0,0,1,1
2020-07-22,US,Missouri,Scotland,11,1,0,40.45214695,-92.14709064,29199.0,224.3982048143615,9.090909090909092,10,11,1,0,10,11,4966,0,0,0,0,0
2020-07-22,US,Missouri,Scott,266,13,0,37.05588075,-89.56474493,29201.0,694.8798328108674,4.887218045112782,253,250,13,0,237,244,38458,16,0,0,16,6
2020-07-22,US,Missouri,Shannon,35,0,0,37.15772072,-91.40190382,29203.0,428.60641685035523,0.0,35,35,0,0,35,33,8189,0,0,0,0,2
2020-07-22,US,Missouri,Shelby,8,0,0,39.79742518,-92.07634971,29205.0,134.90725126475547,0.0,8,8,0,0,8,7,6050,0,0,0,0,1
2020-07-22,US,Missouri,St. Charles,2012,79,0,38.77875681,-90.66662425,29183.0,500.4701235255782,3.926441351888668,1933,1909,79,0,1830,1774,399182,103,0,0,103,135
2020-07-22,US,Missouri,St. Clair,11,0,0,38.03699437,-93.77631447,29185.0,117.058635734809,0.0,11,10,0,0,10,11,9395,1,0,0,1,-1
2020-07-22,US,Missouri,St. Francois,214,2,0,37.81214171,-90.47598685,29187.0,318.3813136948598,0.9345794392523364,212,207,2,0,205,191,66692,7,0,0,7,16
2020-07-22,US,Missouri,St. Louis,9624,615,0,38.63770039999999,-90.4458375,29189.0,968.0096157231154,6.390274314214464,9009,9361,610,0,8751,9114,996945,263,5,0,258,247
2020-07-22,US,Missouri,St. Louis City,3635,164,0,38.63555736,-90.24349225,29510.0,1209.34472479506,4.5116918844566705,3471,3518,161,0,3357,3447,302838,117,3,0,114,71
2020-07-22,US,Missouri,Ste. Genevieve,31,1,0,37.89090059,-90.1949941,29186.0,173.24242762937297,3.2258064516129035,30,30,1,0,29,30,17888,1,0,0,1,0
2020-07-22,US,Missouri,Stoddard,177,9,0,36.85571651,-89.9444155,29207.0,609.8191214470285,5.084745762711863,168,176,9,0,167,171,29206,1,0,0,1,5
2020-07-22,US,Missouri,Stone,47,1,0,36.75000327,-93.45256475,29209.0,147.0956434651978,2.127659574468085,46,41,0,0,41,38,31749,6,1,0,5,3
2020-07-22,US,Missouri,Sullivan,125,0,0,40.2099105,-93.11150106,29211.0,2052.882246674331,0.0,125,125,0,0,125,122,6221,0,0,0,0,3
2020-07-22,US,Missouri,Taney,205,3,0,36.65465345,-93.04075153,29213.0,366.54269775425547,1.4634146341463414,202,184,3,0,181,178,55852,21,0,0,21,6
2020-07-22,US,Missouri,Texas,16,0,0,37.31728859,-91.96564727,29215.0,62.9970863847547,0.0,16,16,0,0,16,16,25571,0,0,0,0,0
2020-07-22,US,Missouri,Vernon,41,0,0,37.8457799,-94.34127305,29217.0,199.38724894227497,0.0,41,41,0,0,41,42,20528,0,0,0,0,-1
2020-07-22,US,Missouri,Warren,99,0,0,38.76529479,-91.16124662,29219.0,277.70764958343847,0.0,99,97,0,0,97,89,34711,2,0,0,2,8
2020-07-22,US,Missouri,Washington,41,1,0,37.96130078,-90.87948158,29221.0,165.79053780832996,2.4390243902439024,40,41,1,0,40,40,24943,0,0,0,0,1
2020-07-22,US,Missouri,Wayne,5,0,0,37.11303869,-90.46001416,29223.0,38.84098500737978,0.0,5,5,0,0,5,5,13122,0,0,0,0,0
2020-07-22,US,Missouri,Webster,86,1,0,37.2813734,-92.876329,29225.0,217.21559911093155,1.162790697674419,85,80,1,0,79,78,39109,6,0,0,6,2
2020-07-22,US,Missouri,Worth,5,0,0,40.47945588,-94.42328751,29227.0,248.38549428713364,0.0,5,5,0,0,5,5,2040,0,0,0,0,0
2020-07-22,US,Missouri,Wright,52,0,0,37.27029221,-92.46914488,29229.0,284.3239105473235,0.0,52,51,0,0,51,51,18378,1,0,0,1,0
2020-07-22,US,Montana,Beaverhead,13,0,0,45.13434354,-112.89846940000001,30001.0,137.52247963609437,0.0,13,12,0,0,12,9,9404,1,0,0,1,3
2020-07-22,US,Montana,Big Horn,173,5,0,45.42335905,-107.492347,30003.0,1298.8963135370525,2.8901734104046244,168,158,5,0,153,146,13338,15,0,0,15,12
2020-07-22,US,Montana,Blaine,6,0,0,48.43175214,-108.9582723,30005.0,89.8069151324652,0.0,6,6,0,0,6,4,6807,0,0,0,0,2
2020-07-22,US,Montana,Broadwater,9,0,0,46.33277565,-111.49558130000001,30007.0,144.3001443001443,0.0,9,9,0,0,9,9,6085,0,0,0,0,0
2020-07-22,US,Montana,Carbon,42,0,0,45.22850116,-109.0274047,30009.0,391.6083916083916,0.0,42,41,0,0,41,41,10714,1,0,0,1,0
2020-07-22,US,Montana,Cascade,81,2,0,47.30797024,-111.3467922,30013.0,99.55018066514269,2.469135802469136,79,81,2,0,79,80,81643,0,0,0,0,1
2020-07-22,US,Montana,Chouteau,3,0,0,47.88084126,-110.4353362,30015.0,53.23868677905946,0.0,3,3,0,0,3,,5745,0,0,0,0,
2020-07-22,US,Montana,Custer,43,0,0,46.25319932,-105.57375259999998,30017.0,377.12681985616564,0.0,43,41,0,0,41,41,11586,2,0,0,2,0
2020-07-22,US,Montana,Dawson,8,0,0,47.26584855,-104.89444170000002,30021.0,92.88285150354116,0.0,8,8,0,0,8,8,8680,0,0,0,0,0
2020-07-22,US,Montana,Deer Lodge,8,0,0,46.05953325,-113.073353,30023.0,87.527352297593,0.0,8,8,0,0,8,8,9131,0,0,0,0,0
2020-07-22,US,Montana,Fallon,1,0,0,46.33478338,-104.41835649999999,30025.0,35.137034434293746,0.0,1,1,0,0,1,1,2920,0,0,0,0,0
2020-07-22,US,Montana,Fergus,4,0,0,47.26331584,-109.2245206,30027.0,36.199095022624434,0.0,4,4,0,0,4,4,11113,0,0,0,0,0
2020-07-22,US,Montana,Flathead,149,2,0,48.29575866,-114.05205690000001,30029.0,143.53698244802806,1.342281879194631,147,142,2,0,140,132,102106,7,0,0,7,10
2020-07-22,US,Montana,Gallatin,664,1,0,45.54486106,-111.1692571,30031.0,580.2471293496689,0.15060240963855426,663,630,1,0,629,615,111876,34,0,0,34,15
2020-07-22,US,Montana,Garfield,12,0,0,47.27545948,-107.0002351,30033.0,953.8950715421304,0.0,12,11,0,0,11,11,1268,1,0,0,1,0
2020-07-22,US,Montana,Glacier,35,0,0,48.70513576,-112.9934235,30035.0,254.48992946993386,0.0,35,35,0,0,35,34,13747,0,0,0,0,1
2020-07-22,US,Montana,Golden Valley,3,0,0,46.3816474,-109.17685220000001,30037.0,365.4080389768576,0.0,3,3,0,0,3,3,826,0,0,0,0,0
2020-07-22,US,Montana,Granite,6,0,0,46.40605220000001,-113.4414186,30039.0,177.56732761171943,0.0,6,6,0,0,6,6,3378,0,0,0,0,0
2020-07-22,US,Montana,Hill,34,0,0,48.62879827,-110.1129252,30041.0,206.2606163552536,0.0,34,34,0,0,34,35,16347,0,0,0,0,-1
2020-07-22,US,Montana,Jefferson,17,0,0,46.14907081,-112.094396,30043.0,139.10481957286638,0.0,17,16,0,0,16,14,12097,1,0,0,1,2
2020-07-22,US,Montana,Judith Basin,1,0,0,47.04581276,-110.26606880000001,30045.0,49.82561036372696,0.0,1,,,,,,1952,,,,,
2020-07-22,US,Montana,Lake,116,0,0,47.64514965,-114.0898013,30047.0,380.8523212292337,0.0,116,117,0,0,117,105,30250,-1,0,0,-1,12
2020-07-22,US,Montana,Lewis and Clark,88,1,0,47.12610041,-112.39469799999999,30049.0,126.74271229404309,1.1363636363636365,87,83,1,0,82,83,68700,5,0,0,5,0
2020-07-22,US,Montana,Liberty,1,0,0,48.56084317,-111.02430700000001,30051.0,42.78990158322636,0.0,1,1,0,0,1,1,2430,0,0,0,0,0
2020-07-22,US,Montana,Lincoln,48,1,0,48.54265777,-115.4046155,30053.0,240.24024024024024,2.083333333333333,47,48,1,0,47,48,19794,0,0,0,0,0
2020-07-22,US,Montana,Madison,47,1,0,45.30080065,-111.9173017,30057.0,546.5116279069767,2.127659574468085,46,47,1,0,46,45,8768,0,0,0,0,2
2020-07-22,US,Montana,Meagher,4,0,0,46.59907074,-110.8898557,30059.0,214.8227712137487,0.0,4,4,0,0,4,4,1866,0,0,0,0,0
2020-07-22,US,Montana,Missoula,169,1,0,47.03728583,-113.92135079999998,30063.0,141.30434782608697,0.591715976331361,168,169,1,0,168,164,118791,0,0,0,0,5
2020-07-22,US,Montana,Musselshell,1,0,0,46.49684637,-108.39498,30065.0,21.58428663932657,0.0,1,1,0,0,1,1,4651,0,0,0,0,0
2020-07-22,US,Montana,Park,33,0,0,45.48965095,-110.52643940000002,30067.0,198.72335300493802,0.0,33,32,0,0,32,30,16736,1,0,0,1,2
2020-07-22,US,Montana,Pondera,8,0,0,48.22773388,-112.22527029999999,30073.0,135.34088986635086,0.0,8,7,0,0,7,5,5972,1,0,0,1,2
2020-07-22,US,Montana,Ravalli,51,1,0,46.08520862,-114.11891640000002,30081.0,116.42240788933023,1.96078431372549,50,51,1,0,50,50,43172,0,0,0,0,1
2020-07-22,US,Montana,Richland,37,0,0,47.78668011,-104.5610786,30083.0,342.4974544108118,0.0,37,34,0,0,34,34,10913,3,0,0,3,0
2020-07-22,US,Montana,Roosevelt,8,0,0,48.29607488,-105.00792679999999,30085.0,72.70083605961469,0.0,8,11,0,0,11,9,11059,-3,0,0,-3,2
2020-07-22,US,Montana,Rosebud,17,1,0,46.23397237,-106.72928799999998,30087.0,190.22043191227482,5.882352941176472,16,16,1,0,15,16,9063,1,0,0,1,0
2020-07-22,US,Montana,Sanders,5,0,0,47.67657534,-115.1329916,30089.0,41.2779658218443,0.0,5,5,0,0,5,4,11844,0,0,0,0,1
2020-07-22,US,Montana,Sheridan,3,0,0,48.72085833,-104.50382900000001,30091.0,90.66183136899366,0.0,3,2,0,0,2,2,3424,1,0,0,1,0
2020-07-22,US,Montana,Silver Bow,31,0,0,45.90018933,-112.6620092,30093.0,88.78705427466706,0.0,31,30,0,0,30,30,34993,1,0,0,1,0
2020-07-22,US,Montana,Stillwater,15,0,0,45.67071407,-109.3950061,30095.0,155.56938394523957,0.0,15,14,0,0,14,13,9534,1,0,0,1,1
2020-07-22,US,Montana,Sweet Grass,4,1,0,45.81367654,-109.9425686,30097.0,107.03773080010704,25.0,3,3,0,0,3,2,3710,1,1,0,0,1
2020-07-22,US,Montana,Teton,15,0,0,47.83741052,-112.24106880000001,30099.0,244.0214738897023,0.0,15,15,0,0,15,15,6162,0,0,0,0,0
2020-07-22,US,Montana,Toole,31,6,0,48.65577551,-111.69424140000001,30101.0,654.5608108108107,19.354838709677423,25,31,6,0,25,31,4853,0,0,0,0,0
2020-07-22,US,Montana,Treasure,2,0,0,46.20973220000001,-107.26665159999999,30103.0,287.3563218390805,0.0,2,2,0,0,2,2,679,0,0,0,0,0
2020-07-22,US,Montana,Valley,7,0,0,48.36435097,-106.6669635,30105.0,94.64575446187128,0.0,7,5,0,0,5,5,7437,2,0,0,2,0
2020-07-22,US,Montana,Wheatland,2,0,0,46.46652491,-109.84646359999999,30107.0,94.07337723424273,0.0,2,2,0,0,2,2,2236,0,0,0,0,0
2020-07-22,US,Montana,Wibaux,1,0,0,46.95925154,-104.2510927,30109.0,103.19917440660471,0.0,1,1,0,0,1,1,1034,0,0,0,0,0
2020-07-22,US,Montana,Yellowstone,756,19,0,45.93955949,-108.26914860000001,30111.0,468.6918784872908,2.513227513227513,737,731,18,0,713,717,160137,25,1,0,24,14
2020-07-22,US,Nebraska,Adams,320,11,0,40.52449420000001,-98.50117804,31001.0,1020.3105570257947,3.4375,309,320,11,0,309,320,31511,0,0,0,0,0
2020-07-22,US,Nebraska,Antelope,17,1,0,42.17695516,-98.06662829999999,31003.0,269.92696093998103,5.882352941176472,16,17,1,0,16,16,6336,0,0,0,0,1
2020-07-22,US,Nebraska,Banner,2,0,0,41.54634427,-103.7114332,31007.0,268.4563758389262,0.0,2,2,0,0,2,2,730,0,0,0,0,0
2020-07-22,US,Nebraska,Boone,7,0,0,41.70759415,-98.06737183,31011.0,134.82280431432974,0.0,7,7,0,0,7,7,5239,0,0,0,0,0
2020-07-22,US,Nebraska,Box Butte,8,0,0,42.22079243,-103.08788340000001,31013.0,74.19085597700085,0.0,8,7,0,0,7,7,10772,1,0,0,1,0
2020-07-22,US,Nebraska,Boyd,1,0,0,42.899727399999996,-98.76486568,31015.0,52.110474205315285,0.0,1,1,0,0,1,1,1955,0,0,0,0,0
2020-07-22,US,Nebraska,Buffalo,253,1,0,40.85486962,-99.07500296,31019.0,509.4746168871705,0.3952569169960474,252,242,1,0,241,237,49615,11,0,0,11,5
2020-07-22,US,Nebraska,Burt,17,0,0,41.85056773,-96.32605633,31021.0,263.1986375599938,0.0,17,17,0,0,17,17,6488,0,0,0,0,0
2020-07-22,US,Nebraska,Butler,53,0,0,41.22703692,-97.13106306,31023.0,661.1776447105789,0.0,53,53,0,0,53,53,8058,0,0,0,0,0
2020-07-22,US,Nebraska,Cass,125,1,0,40.90899107,-96.13971217,31025.0,476.2267601341055,0.8,124,115,1,0,114,110,26159,10,0,0,10,5
2020-07-22,US,Nebraska,Cedar,20,0,0,42.598885100000004,-97.25311951,31027.0,238.0385622470841,0.0,20,20,0,0,20,19,8446,0,0,0,0,1
2020-07-22,US,Nebraska,Chase,4,0,0,40.523719799999995,-101.69780259999999,31029.0,101.9367991845056,0.0,4,4,0,0,4,4,3977,0,0,0,0,0
2020-07-22,US,Nebraska,Cherry,3,0,0,42.54502621,-101.1244332,31031.0,52.73334505185446,0.0,3,3,0,0,3,3,5761,0,0,0,0,0
2020-07-22,US,Nebraska,Cheyenne,21,0,0,41.21999357,-102.9941693,31033.0,235.69023569023568,0.0,21,21,0,0,21,21,9310,0,0,0,0,0
2020-07-22,US,Nebraska,Clay,40,0,0,40.52439441,-98.05126296,31035.0,644.8492664839594,0.0,40,39,0,0,39,40,6214,1,0,0,1,-1
2020-07-22,US,Nebraska,Colfax,684,4,0,41.57486951,-97.0868542,31037.0,6387.1509944906165,0.5847953216374269,680,687,4,0,683,685,10881,-3,0,0,-3,2
2020-07-22,US,Nebraska,Cuming,42,0,0,41.91637624,-96.78730772,31039.0,474.79086592810313,0.0,42,42,0,0,42,41,8940,0,0,0,0,1
2020-07-22,US,Nebraska,Custer,40,4,0,41.39374521,-99.72805369,31041.0,371.16080541894775,10.0,36,40,4,0,36,40,10840,0,0,0,0,0
2020-07-22,US,Nebraska,Dakota,1877,37,0,42.39040144,-96.56656425,31043.0,9372.815340057923,1.9712306872669152,1840,1873,37,0,1836,1873,20083,4,0,0,4,0
2020-07-22,US,Nebraska,Dawes,4,0,0,42.71985036,-103.1313774,31045.0,46.57119571545,0.0,4,4,0,0,4,4,8716,0,0,0,0,0
2020-07-22,US,Nebraska,Dawson,892,8,0,40.87028216,-99.82014609999999,31047.0,3780.4619622801442,0.8968609865470852,884,887,8,0,879,883,23709,5,0,0,5,4
2020-07-22,US,Nebraska,Deuel,1,0,0,41.11168186,-102.33333309999999,31049.0,55.74136008918617,0.0,1,1,0,0,1,1,1825,0,0,0,0,0
2020-07-22,US,Nebraska,Dixon,56,2,0,42.49188363,-96.86782408,31051.0,993.61249112846,3.571428571428572,54,56,2,0,54,56,5709,0,0,0,0,0
2020-07-22,US,Nebraska,Dodge,727,8,0,41.58071748,-96.65598179,31053.0,1988.2401203336526,1.1004126547455295,719,724,8,0,716,723,36791,3,0,0,3,1
2020-07-22,US,Nebraska,Douglas,9022,117,0,41.29518299,-96.15085305,31055.0,1579.130690480233,1.2968299711815563,8905,8900,117,0,8783,8715,566880,122,0,0,122,185
2020-07-22,US,Nebraska,Dundy,1,0,0,40.17638677,-101.6876522,31057.0,59.06674542232722,0.0,1,1,0,0,1,2,1770,0,0,0,0,-1
2020-07-22,US,Nebraska,Fillmore,21,1,0,40.52458567,-97.59646937,31059.0,384.4745514463567,4.761904761904762,20,20,1,0,19,20,5527,1,0,0,1,0
2020-07-22,US,Nebraska,Franklin,8,0,0,40.17636348,-98.95299073,31061.0,268.5464921114468,0.0,8,8,0,0,8,8,3023,0,0,0,0,0
2020-07-22,US,Nebraska,Frontier,3,0,0,40.52993007,-100.3924658,31063.0,114.19870574800152,0.0,3,3,0,0,3,2,2608,0,0,0,0,1
2020-07-22,US,Nebraska,Furnas,12,1,0,40.17642064,-99.91247454,31065.0,256.6295979469632,8.333333333333334,11,12,1,0,11,12,4715,0,0,0,0,0
2020-07-22,US,Nebraska,Gage,71,4,0,40.26186809,-96.68946704,31067.0,330.03300330033005,5.633802816901407,67,70,4,0,66,70,21493,1,0,0,1,0
2020-07-22,US,Nebraska,Garden,4,0,0,41.61703149,-102.3313973,31069.0,217.74632553075668,0.0,4,4,0,0,4,4,1897,0,0,0,0,0
2020-07-22,US,Nebraska,Garfield,3,0,0,41.91428955,-98.99111827,31071.0,152.36160487557137,0.0,3,3,0,0,3,3,1987,0,0,0,0,0
2020-07-22,US,Nebraska,Gosper,13,0,0,40.51481965,-99.83020279,31073.0,653.2663316582915,0.0,13,13,0,0,13,13,1996,0,0,0,0,0
2020-07-22,US,Nebraska,Greeley,6,0,0,41.56742671,-98.52150266,31077.0,254.6689303904924,0.0,6,6,0,0,6,6,2356,0,0,0,0,0
2020-07-22,US,Nebraska,Hall,1658,47,0,40.87257079,-98.50218293,31079.0,2702.394340945023,2.834740651387213,1611,1657,47,0,1610,1651,61607,1,0,0,1,6
2020-07-22,US,Nebraska,Hamilton,81,12,0,40.87349452,-98.02099117,31081.0,868.7258687258687,14.814814814814815,69,80,12,0,68,80,9280,1,0,0,1,0
2020-07-22,US,Nebraska,Harlan,1,0,0,40.17658508,-99.40438879,31083.0,29.58579881656805,0.0,1,1,0,0,1,1,3401,0,0,0,0,0
2020-07-22,US,Nebraska,Hitchcock,1,0,0,40.17609175,-101.04164770000001,31087.0,36.205648081100655,0.0,1,1,0,0,1,1,2806,0,0,0,0,0
2020-07-22,US,Nebraska,Holt,4,0,0,42.45522056,-98.78402558,31089.0,39.73378364954803,0.0,4,4,0,0,4,4,10178,0,0,0,0,0
2020-07-22,US,Nebraska,Hooker,4,0,0,41.91586243,-101.1354293,31091.0,586.5102639296188,0.0,4,4,0,0,4,3,682,0,0,0,0,1
2020-07-22,US,Nebraska,Howard,51,4,0,41.2200529,-98.5166499,31093.0,791.311093871218,7.84313725490196,47,51,4,0,47,51,6468,0,0,0,0,0
2020-07-22,US,Nebraska,Jefferson,12,0,0,40.17584531,-97.142601,31095.0,170.3093954016463,0.0,12,12,0,0,12,12,7097,0,0,0,0,0
2020-07-22,US,Nebraska,Johnson,10,0,0,40.39257596,-96.26522753,31097.0,197.199763360284,0.0,10,9,0,0,9,9,5134,1,0,0,1,0
2020-07-22,US,Nebraska,Kearney,20,0,0,40.50663314,-98.94877182,31099.0,307.92917628945344,0.0,20,20,0,0,20,18,6544,0,0,0,0,2
2020-07-22,US,Nebraska,Keith,10,0,0,41.19930341,-101.66201640000001,31101.0,124.47099825740602,0.0,10,10,0,0,10,8,8021,0,0,0,0,2
2020-07-22,US,Nebraska,Kimball,15,0,0,41.19774275,-103.7148131,31105.0,412.9955947136564,0.0,15,15,0,0,15,15,3618,0,0,0,0,0
2020-07-22,US,Nebraska,Knox,26,0,0,42.63758421,-97.89178836,31107.0,312.04992798847815,0.0,26,26,0,0,26,26,8419,0,0,0,0,0
2020-07-22,US,Nebraska,Lancaster,2605,14,0,40.78416049,-96.68777155,31109.0,816.3840922623713,0.5374280230326296,2591,2541,14,0,2527,2481,317272,64,0,0,64,60
2020-07-22,US,Nebraska,Lincoln,69,2,0,41.04658298,-100.74753740000001,31111.0,197.6284584980237,2.898550724637681,67,68,2,0,66,67,35185,1,0,0,1,1
2020-07-22,US,Nebraska,Madison,394,5,0,41.91676024,-97.6005481,31119.0,1122.5391036781675,1.269035532994924,389,393,5,0,388,391,35392,1,0,0,1,2
2020-07-22,US,Nebraska,McPherson,4,0,0,41.56797682,-101.05993620000001,31117.0,809.7165991902832,0.0,4,4,0,0,4,3,492,0,0,0,0,1
2020-07-22,US,Nebraska,Merrick,41,0,0,41.16624273,-98.0374887,31121.0,528.6911669890393,0.0,41,41,0,0,41,41,7733,0,0,0,0,0
2020-07-22,US,Nebraska,Morrill,55,0,0,41.71711774,-103.0061405,31123.0,1184.8341232227488,0.0,55,55,0,0,55,53,4686,0,0,0,0,2
2020-07-22,US,Nebraska,Nance,6,0,0,41.39750195,-97.99327291,31125.0,170.50298380221653,0.0,6,6,0,0,6,6,3532,0,0,0,0,0
2020-07-22,US,Nebraska,Nemaha,10,0,0,40.38514847,-95.85433992,31127.0,143.4308663224326,0.0,10,10,0,0,10,7,6958,0,0,0,0,3
2020-07-22,US,Nebraska,Nuckolls,5,0,0,40.17637905,-98.04743961,31129.0,120.54001928640308,0.0,5,5,0,0,5,3,4195,0,0,0,0,2
2020-07-22,US,Nebraska,Otoe,36,0,0,40.64843556,-96.13374142,31131.0,224.8313764676492,0.0,36,35,0,0,35,35,15985,1,0,0,1,0
2020-07-22,US,Nebraska,Pawnee,1,0,0,40.13141096,-96.23705437,31133.0,38.270187523918864,0.0,1,1,0,0,1,1,2632,0,0,0,0,0
2020-07-22,US,Nebraska,Perkins,8,0,0,40.85082525,-101.6502942,31135.0,276.7208578346593,0.0,8,8,0,0,8,7,2929,0,0,0,0,1
2020-07-22,US,Nebraska,Phelps,32,0,0,40.51156033,-99.41461667,31137.0,354.21740092982066,0.0,32,32,0,0,32,30,8996,0,0,0,0,2
2020-07-22,US,Nebraska,Pierce,17,0,0,42.26434853,-97.60122773,31139.0,237.82876329043086,0.0,17,16,0,0,16,16,7142,1,0,0,1,0
2020-07-22,US,Nebraska,Platte,721,3,0,41.57246836,-97.52144359,31141.0,2154.1679115625934,0.4160887656033287,718,715,3,0,712,711,33363,6,0,0,6,4
2020-07-22,US,Nebraska,Polk,17,0,0,41.18813488,-97.56630712,31143.0,326.1078074045655,0.0,17,16,0,0,16,15,5278,1,0,0,1,1
2020-07-22,US,Nebraska,Red Willow,11,0,0,40.17556879999999,-100.476998,31145.0,102.57366654233496,0.0,11,11,0,0,11,10,10726,0,0,0,0,1
2020-07-22,US,Nebraska,Richardson,11,1,0,40.1247415,-95.71755036,31147.0,139.86013986013987,9.090909090909092,10,11,1,0,10,10,7937,0,0,0,0,1
2020-07-22,US,Nebraska,Rock,2,0,0,42.42252217,-99.44832069,31149.0,147.38393515106853,0.0,2,2,0,0,2,2,1360,0,0,0,0,0
2020-07-22,US,Nebraska,Saline,560,2,0,40.52418865,-97.14085859,31151.0,3937.0078740157483,0.35714285714285715,558,559,2,0,557,559,14350,1,0,0,1,0
2020-07-22,US,Nebraska,Sarpy,1612,8,0,41.11314181,-96.11156432,31153.0,861.1295113143442,0.4962779156327544,1604,1569,8,0,1561,1527,184459,43,0,0,43,42
2020-07-22,US,Nebraska,Saunders,107,2,0,41.227810299999994,-96.63773905,31155.0,495.87542867735664,1.8691588785046729,105,105,2,0,103,103,21303,2,0,0,2,2
2020-07-22,US,Nebraska,Scotts Bluff,265,5,0,41.85070896,-103.70809859999999,31157.0,744.0058397439498,1.8867924528301887,260,258,5,0,253,258,35989,7,0,0,7,0
2020-07-22,US,Nebraska,Seward,61,1,0,40.87241834,-97.139673,31159.0,352.9275630641055,1.639344262295082,60,59,1,0,58,56,17318,2,0,0,2,3
2020-07-22,US,Nebraska,Sheridan,8,0,0,42.50284406,-102.4126613,31161.0,152.49714067861228,0.0,8,8,0,0,8,8,5190,0,0,0,0,0
2020-07-22,US,Nebraska,Sherman,5,0,0,41.22045983,-98.97588642,31163.0,166.61112962345885,0.0,5,5,0,0,5,5,3038,0,0,0,0,0
2020-07-22,US,Nebraska,Sioux,5,0,0,42.48932059,-103.7576544,31165.0,428.8164665523156,0.0,5,6,0,0,6,6,1187,-1,0,0,-1,0
2020-07-22,US,Nebraska,Stanton,23,0,0,41.9169835,-97.19394708,31167.0,388.5135135135135,0.0,23,23,0,0,23,23,5970,0,0,0,0,0
2020-07-22,US,Nebraska,Thayer,22,0,0,40.17626377,-97.59504381,31169.0,439.736158305017,0.0,22,21,0,0,21,19,5039,1,0,0,1,2
2020-07-22,US,Nebraska,Thomas,1,0,0,41.91358968,-100.5556632,31171.0,138.50415512465375,0.0,1,1,0,0,1,1,720,0,0,0,0,0
2020-07-22,US,Nebraska,Thurston,181,2,0,42.15725356,-96.54157099,31173.0,2505.5370985603545,1.1049723756906078,179,183,1,0,182,183,7303,-2,1,0,-3,0
2020-07-22,US,Nebraska,Unassigned,127,2,0,0.0,0.0,90031.0,0.0,1.5748031496062993,125,120,2,0,118,125,,7,0,0,7,-5
2020-07-22,US,Nebraska,Valley,9,0,0,41.56730777,-98.98197724,31175.0,216.4502164502165,0.0,9,9,0,0,9,9,4190,0,0,0,0,0
2020-07-22,US,Nebraska,Washington,79,1,0,41.52815707,-96.22019892,31177.0,381.10859182787397,1.2658227848101269,78,78,1,0,77,76,20667,1,0,0,1,2
2020-07-22,US,Nebraska,Wayne,35,0,0,42.20934475,-97.11926964,31179.0,372.9355354288759,0.0,35,35,0,0,35,35,9403,0,0,0,0,0
2020-07-22,US,Nebraska,Webster,9,0,0,40.17642643,-98.50019851,31181.0,258.1015199311729,0.0,9,9,0,0,9,9,3533,0,0,0,0,0
2020-07-22,US,Nebraska,York,61,0,0,40.87272618,-97.59710186,31185.0,445.9390306308941,0.0,61,60,0,0,60,59,13772,1,0,0,1,1
2020-07-22,US,Nevada,Carson City,260,7,0,39.15509045,-119.7480219,32510.0,464.9831890693183,2.6923076923076925,253,258,6,0,252,252,55414,2,1,0,1,6
2020-07-22,US,Nevada,Churchill,36,1,0,39.58105744,-118.3394607,32001.0,144.52607491268216,2.7777777777777777,35,35,1,0,34,33,24440,1,0,0,1,2
2020-07-22,US,Nevada,Clark,33057,577,0,36.21458855,-115.0130241,32003.0,1458.3659613140603,1.7454699458511056,32480,32025,553,0,31472,31312,2231647,1032,24,0,1008,713
2020-07-22,US,Nevada,Douglas,109,0,0,38.912862,-119.61713329999999,32005.0,222.8810960024537,0.0,109,106,0,0,106,103,48467,3,0,0,3,3
2020-07-22,US,Nevada,Elko,343,2,0,41.14531606,-115.3577619,32007.0,649.8920004547349,0.5830903790087464,341,341,2,0,339,332,52460,2,0,0,2,9
2020-07-22,US,Nevada,Eureka,2,0,0,39.98100864,-116.26832040000001,32011.0,98.57072449482504,0.0,2,2,0,0,2,2,2003,0,0,0,0,0
2020-07-22,US,Nevada,Humboldt,91,4,0,41.40692186,-118.11094270000001,32013.0,540.6690036242646,4.395604395604397,87,92,4,0,88,92,16786,-1,0,0,-1,0
2020-07-22,US,Nevada,Lander,47,0,0,39.933223299999995,-117.03970749999999,32015.0,849.6023138105568,0.0,47,47,0,0,47,47,5575,0,0,0,0,0
2020-07-22,US,Nevada,Lincoln,3,0,0,37.64268459,-114.8790388,32017.0,57.88153579008296,0.0,3,3,0,0,3,3,5201,0,0,0,0,0
2020-07-22,US,Nevada,Lyon,161,2,0,39.01777974,-119.18704790000001,32019.0,279.95131281516257,1.2422360248447204,159,159,2,0,157,156,55808,2,0,0,2,3
2020-07-22,US,Nevada,Mineral,10,0,0,38.53841696,-118.4344506,32021.0,221.97558268590458,0.0,10,10,0,0,10,10,4514,0,0,0,0,0
2020-07-22,US,Nevada,Nye,270,5,0,38.04264256,-116.47227020000001,32023.0,580.3581024439525,1.851851851851852,265,251,5,0,246,237,45346,19,0,0,19,14
2020-07-22,US,Nevada,Pershing,13,0,0,40.44003782,-118.40056409999998,32027.0,193.3085501858736,0.0,13,13,0,0,13,13,6666,0,0,0,0,0
2020-07-22,US,Nevada,Storey,2,0,0,39.44875482,-119.5250207,32029.0,48.508367693427104,0.0,2,2,0,0,2,2,4029,0,0,0,0,0
2020-07-22,US,Nevada,Washoe,4242,105,0,40.66562265,-119.6631594,32031.0,899.6456134323323,2.4752475247524752,4137,4173,102,0,4071,4108,465735,69,3,0,66,65
2020-07-22,US,Nevada,White Pine,11,1,0,39.44157041,-114.89996599999999,32033.0,114.82254697286012,9.090909090909092,10,11,1,0,10,11,9475,0,0,0,0,0
2020-07-22,US,New Hampshire,Belknap,98,4,0,43.51637314,-71.41684235,33001.0,159.86167071758317,4.081632653061225,94,97,4,0,93,96,61022,1,0,0,1,1
2020-07-22,US,New Hampshire,Carroll,76,1,0,43.87498583,-71.20430216,33003.0,155.38744632999388,1.3157894736842106,75,73,0,0,73,71,48779,3,1,0,2,2
2020-07-22,US,New Hampshire,Cheshire,80,2,0,42.92015988,-72.25311043,33005.0,105.14556088585137,2.5,78,80,2,0,78,80,76493,0,0,0,0,0
2020-07-22,US,New Hampshire,Coos,14,0,0,44.69063265,-71.30633239,33007.0,44.355732978487474,0.0,14,14,0,0,14,13,31589,0,0,0,0,1
2020-07-22,US,New Hampshire,Grafton,99,1,0,43.93779815,-71.82057197,33009.0,110.13951004605828,1.0101010101010102,98,99,1,0,98,99,89786,0,0,0,0,0
2020-07-22,US,New Hampshire,Hillsborough,3575,267,0,42.91537785,-71.7200253,33011.0,857.2627540315327,7.468531468531468,3308,3557,267,0,3290,3549,415247,18,0,0,18,8
2020-07-22,US,New Hampshire,Merrimack,443,20,0,43.29662971,-71.6811573,33013.0,292.61977264170264,4.514672686230249,423,441,20,0,421,440,151132,2,0,0,2,1
2020-07-22,US,New Hampshire,Rockingham,1562,93,0,42.98499744,-71.12883377,33015.0,504.24671287314095,5.953905249679898,1469,1556,92,0,1464,1557,309176,6,1,0,5,-1
2020-07-22,US,New Hampshire,Strafford,310,13,0,43.291833000000004,-71.02336013,33017.0,237.306040586988,4.193548387096774,297,307,13,0,294,306,130090,3,0,0,3,1
2020-07-22,US,New Hampshire,Sullivan,38,1,0,43.36094111,-72.22203125,33019.0,88.07305428081398,2.631578947368421,37,38,1,0,37,38,43144,0,0,0,0,0
2020-07-22,US,New Jersey,Atlantic,3161,240,0,39.47538693,-74.65848483,34001.0,1198.847043653051,7.592534008225245,2921,3148,238,0,2910,3126,265429,13,2,0,11,22
2020-07-22,US,New Jersey,Bergen,20099,2031,0,40.96010917,-74.07164325,34003.0,2156.0777599704784,10.10498034728096,18068,20052,2032,0,18020,20034,936692,47,-1,0,48,18
2020-07-22,US,New Jersey,Burlington,5490,467,0,39.87681124,-74.66927768,34005.0,1232.7410637500027,8.506375227686704,5023,5478,466,0,5012,5450,445384,12,1,0,11,28
2020-07-22,US,New Jersey,Camden,7888,563,0,39.80343818,-74.96388753,34007.0,1557.4435653768924,7.137423935091277,7325,7867,560,0,7307,7845,507078,21,3,0,18,22
2020-07-22,US,New Jersey,Cape May,762,85,0,39.15008829,-74.80170244,34009.0,827.9099077564945,11.15485564304462,677,760,82,0,678,757,92560,2,3,0,-1,3
2020-07-22,US,New Jersey,Cumberland,3095,154,0,39.37199394,-75.10712559,34011.0,2069.860292789931,4.9757673667205164,2941,3088,154,0,2934,3079,150972,7,0,0,7,9
2020-07-22,US,New Jersey,Essex,19173,2089,0,40.78681335,-74.24657979,34013.0,2399.699615131888,10.895530172638605,17084,19153,2095,0,17058,19121,799767,20,-6,0,26,32
2020-07-22,US,New Jersey,Gloucester,2870,199,0,39.71581067,-75.13995546,34015.0,984.1034714507124,6.933797909407666,2671,2855,198,0,2657,2829,291408,15,1,0,14,26
2020-07-22,US,New Jersey,Hudson,19281,1491,0,40.73766234,-74.07515667,34017.0,2867.527971076353,7.733001400342307,17790,19267,1500,0,17767,19263,676061,14,-9,0,23,4
2020-07-22,US,New Jersey,Hunterdon,1102,126,0,40.56335249,-74.91284156,34019.0,886.0586471122687,11.433756805807624,976,1101,126,0,975,1100,124714,1,0,0,1,1
2020-07-22,US,New Jersey,Mercer,7858,608,0,40.28047017,-74.70479631,34021.0,2138.6386522602943,7.737337744973276,7250,7839,608,0,7231,7828,369811,19,0,0,19,11
2020-07-22,US,New Jersey,Middlesex,17379,1392,0,40.43629879,-74.41426991,34023.0,2106.387156359159,8.009666839288796,15987,17155,1400,0,15755,17168,829685,224,-8,0,232,-13
2020-07-22,US,New Jersey,Monmouth,9720,851,0,40.26549699,-74.22240686,34025.0,1570.794851283543,8.75514403292181,8869,9683,851,0,8832,9672,621354,37,0,0,37,11
2020-07-22,US,New Jersey,Morris,7010,825,0,40.86095313,-74.54553709999998,34027.0,1425.2457583181692,11.768901569186875,6185,6990,827,0,6163,6967,494228,20,-2,0,22,23
2020-07-22,US,New Jersey,Ocean,10054,1011,0,39.8895449,-74.28089251,34029.0,1655.835279469553,10.055699224189377,9043,9988,1013,0,8975,9956,601651,66,-2,0,68,32
2020-07-22,US,New Jersey,Passaic,17196,1238,0,41.03238628,-74.29954144,34031.0,3426.685743664139,7.19934868574087,15958,17181,1240,0,15941,17172,503310,15,-2,0,17,9
2020-07-22,US,New Jersey,Salem,841,81,0,39.58719656,-75.34696629999998,34033.0,1348.0804680612328,9.63139120095125,760,837,81,0,756,831,62607,4,0,0,4,6
2020-07-22,US,New Jersey,Somerset,5082,550,0,40.56465737,-74.61683016,34035.0,1544.9907884256415,10.822510822510825,4532,5072,553,0,4519,5068,331164,10,-3,0,13,4
2020-07-22,US,New Jersey,Sussex,1256,195,0,41.13891592,-74.69118243,34037.0,894.0265360742552,15.525477707006369,1061,1253,195,0,1058,1250,140799,3,0,0,3,3
2020-07-22,US,New Jersey,Unassigned,682,0,0,0.0,0.0,90034.0,0.0,0.0,682,688,0,0,688,650,,-6,0,0,-6,38
2020-07-22,US,New Jersey,Union,16351,1342,0,40.65835409,-74.30680092,34039.0,2939.024806728248,8.207449085682834,15009,16515,1346,0,15169,16517,558067,-164,-4,0,-160,-2
2020-07-22,US,New Jersey,Warren,1295,169,0,40.85951833,-74.99556527,34041.0,1230.2050975139407,13.05019305019305,1126,1286,172,0,1114,1280,105779,9,-3,0,12,6
2020-07-22,US,New Mexico,Bernalillo,4005,104,0,35.05163625,-106.6703554,35001.0,589.7329047400979,2.596754057428215,3901,3920,103,0,3817,3861,678701,85,1,0,84,59
2020-07-22,US,New Mexico,Catron,4,1,0,33.91514144,-108.4046587,35003.0,113.41083073433514,25.0,3,4,1,0,3,4,3578,0,0,0,0,0
2020-07-22,US,New Mexico,Chaves,229,4,0,33.36406072,-104.4665365,35005.0,354.40687146947306,1.7467248908296944,225,223,4,0,219,212,64689,6,0,0,6,11
2020-07-22,US,New Mexico,Cibola,278,17,0,34.91131525,-107.998876,35006.0,1042.174320524836,6.115107913669065,261,271,17,0,254,267,26746,7,0,0,7,4
2020-07-22,US,New Mexico,Colfax,11,1,0,36.60569702,-104.64726740000002,35007.0,92.11958797420652,9.090909090909092,10,11,1,0,10,11,12110,0,0,0,0,0
2020-07-22,US,New Mexico,Curry,328,1,0,34.57421077,-103.34688759999999,35009.0,670.0167504187606,0.3048780487804878,327,327,1,0,326,316,49437,1,0,0,1,11
2020-07-22,US,New Mexico,Dona Ana,1838,14,0,32.35275771,-106.83293870000001,35013.0,842.3657737345036,0.7616974972796517,1824,1786,14,0,1772,1737,217522,52,0,0,52,49
2020-07-22,US,New Mexico,Eddy,202,2,0,32.47167456,-104.3053527,35015.0,345.53540882654806,0.99009900990099,200,196,2,0,194,187,57900,6,0,0,6,9
2020-07-22,US,New Mexico,Grant,59,1,0,32.73911281,-108.3827845,35017.0,218.53470627453885,1.6949152542372878,58,55,1,0,54,53,27346,4,0,0,4,2
2020-07-22,US,New Mexico,Guadalupe,26,0,0,34.86319296,-104.790669,35019.0,604.6511627906976,0.0,26,26,0,0,26,24,4341,0,0,0,0,2
2020-07-22,US,New Mexico,Harding,1,0,0,35.85751555,-103.82209379999999,35021.0,160.0,0.0,1,1,0,0,1,1,655,0,0,0,0,0
2020-07-22,US,New Mexico,Hidalgo,81,0,0,31.91383467,-108.7151824,35023.0,1929.4902334444973,0.0,81,80,0,0,80,78,4240,1,0,0,1,2
2020-07-22,US,New Mexico,Lea,431,1,0,32.79215361,-103.4123733,35025.0,606.4443506402139,0.2320185614849188,430,411,1,0,410,379,69611,20,0,0,20,32
2020-07-22,US,New Mexico,Lincoln,44,1,0,33.74526079,-105.4586166,35027.0,224.81095442468842,2.272727272727273,43,41,1,0,40,38,19556,3,0,0,3,3
2020-07-22,US,New Mexico,Los Alamos,16,0,0,35.86631386,-106.31349850000001,35028.0,82.60622644431824,0.0,16,16,0,0,16,14,19101,0,0,0,0,2
2020-07-22,US,New Mexico,Luna,168,3,0,32.18179341,-107.75088259999998,35029.0,708.5916740478299,1.7857142857142858,165,165,3,0,162,155,23963,3,0,0,3,10
2020-07-22,US,New Mexico,McKinley,3818,208,0,35.58007720000001,-108.262245,35031.0,5349.8115375453635,5.447878470403353,3610,3783,206,0,3577,3767,72290,35,2,0,33,16
2020-07-22,US,New Mexico,Mora,6,0,0,36.01095101,-104.9497716,35033.0,132.71400132713998,0.0,6,3,0,0,3,3,4506,3,0,0,3,0
2020-07-22,US,New Mexico,Otero,120,10,0,32.61348406,-105.7417604,35035.0,177.8041191287598,8.333333333333334,110,113,10,0,103,106,66781,7,0,0,7,7
2020-07-22,US,New Mexico,Quay,28,1,0,35.10403332,-103.54817270000001,35037.0,339.2705682782019,3.571428571428572,27,26,1,0,25,24,8253,2,0,0,2,2
2020-07-22,US,New Mexico,Rio Arriba,256,1,0,36.51072137,-106.69316740000001,35039.0,657.7426068189409,0.390625,255,251,1,0,250,205,39006,5,0,0,5,46
2020-07-22,US,New Mexico,Roosevelt,95,1,0,34.02097406,-103.4799493,35041.0,513.5135135135135,1.0526315789473684,94,92,1,0,91,92,18743,3,0,0,3,0
2020-07-22,US,New Mexico,San Juan,2869,176,0,36.50838318,-108.32043700000001,35045.0,2314.49361880637,6.1345416521436045,2693,2861,176,0,2685,2842,125043,8,0,0,8,19
2020-07-22,US,New Mexico,San Miguel,36,0,0,35.48014807,-104.8163562,35047.0,131.97932323935916,0.0,36,34,0,0,34,34,27591,2,0,0,2,0
2020-07-22,US,New Mexico,Sandoval,957,32,0,35.68862401,-106.86878030000001,35043.0,652.1383596369286,3.343782654127481,925,942,32,0,910,933,145179,15,0,0,15,9
2020-07-22,US,New Mexico,Santa Fe,456,3,0,35.50708973,-105.9774716,35049.0,303.2761808483752,0.6578947368421053,453,436,3,0,433,433,150056,20,0,0,20,3
2020-07-22,US,New Mexico,Sierra,21,0,0,33.13028233,-107.1925893,35051.0,194.60661662496528,0.0,21,21,0,0,21,21,10968,0,0,0,0,0
2020-07-22,US,New Mexico,Socorro,67,5,0,34.00715494,-106.9298354,35053.0,402.71683596802313,7.462686567164179,62,67,5,0,62,67,16735,0,0,0,0,0
2020-07-22,US,New Mexico,Taos,74,1,0,36.58006022,-105.63101979999999,35055.0,226.1406350273508,1.351351351351351,73,71,1,0,70,71,32835,3,0,0,3,0
2020-07-22,US,New Mexico,Torrance,51,1,0,34.64048375,-105.8508949,35057.0,329.86223400814947,1.96078431372549,50,51,1,0,50,51,15591,0,0,0,0,0
2020-07-22,US,New Mexico,Unassigned,961,0,0,0.0,0.0,90035.0,0.0,0.0,961,955,0,0,955,955,,6,0,0,6,0
2020-07-22,US,New Mexico,Union,14,0,0,36.48126404,-103.4709624,35059.0,344.91254003449126,0.0,14,14,0,0,14,14,4118,0,0,0,0,0
2020-07-22,US,New Mexico,Valencia,278,2,0,34.71669834,-106.8103733,35061.0,362.5078239098685,0.7194244604316546,276,264,2,0,262,260,76456,14,0,0,14,4
2020-07-22,US,New York,Albany,2369,122,0,42.60060306,-73.97723916,36001.0,775.4348523433255,5.149852258336852,2247,2351,121,0,2230,2322,307117,18,1,0,17,29
2020-07-22,US,New York,Allegany,72,1,0,42.25748406,-78.02750466,36003.0,156.21270963962596,1.3888888888888888,71,72,1,0,71,71,46430,0,0,0,0,1
2020-07-22,US,New York,Broome,930,62,0,42.15903158,-75.81326086,36007.0,488.2197303767168,6.666666666666668,868,917,60,0,857,902,191659,13,2,0,11,15
2020-07-22,US,New York,Cattaraugus,147,6,0,42.24778241,-78.67923096,36009.0,193.12374371034062,4.081632653061225,141,147,6,0,141,145,76840,0,0,0,0,2
2020-07-22,US,New York,Cayuga,134,2,0,42.91261714,-76.55731592,36011.0,174.98955286251567,1.492537313432836,132,131,2,0,129,131,77145,3,0,0,3,0
2020-07-22,US,New York,Chautauqua,210,7,0,42.22769210000001,-79.36691763,36013.0,165.48072149594572,3.333333333333333,203,206,7,0,199,194,127939,4,0,0,4,12
2020-07-22,US,New York,Chemung,156,2,0,42.13891056,-76.7638805,36015.0,186.92484662576686,1.2820512820512822,154,155,2,0,153,155,84254,1,0,0,1,0
2020-07-22,US,New York,Chenango,191,6,0,42.49430041,-75.60887553,36017.0,404.60101256169634,3.141361256544503,185,188,6,0,182,184,47536,3,0,0,3,4
2020-07-22,US,New York,Clinton,114,4,0,44.74530905,-73.67875352,36019.0,141.6412996210474,3.5087719298245608,110,114,4,0,110,113,80695,0,0,0,0,1
2020-07-22,US,New York,Columbia,497,37,0,42.24819348,-73.63089095,36021.0,835.8419804577791,7.44466800804829,460,495,37,0,458,492,59916,2,0,0,2,3
2020-07-22,US,New York,Cortland,77,0,0,42.59509207,-76.07048931,36023.0,161.82930161198797,0.0,77,73,0,0,73,69,47823,4,0,0,4,4
2020-07-22,US,New York,Delaware,93,4,0,42.19837623,-74.96709306,36025.0,210.71711793361285,4.301075268817204,89,93,4,0,89,93,44527,0,0,0,0,0
2020-07-22,US,New York,Dutchess,4387,153,0,41.76486060000001,-73.74356679,36027.0,1491.0712464906976,3.487576931844085,4234,4380,152,0,4228,4376,293718,7,1,0,6,4
2020-07-22,US,New York,Erie,8135,663,0,42.76249024,-78.73063652,36029.0,885.4884391238942,8.149969268592503,7472,8106,657,0,7449,8046,919719,29,6,0,23,60
2020-07-22,US,New York,Essex,54,0,0,44.11630765,-73.77297842,36031.0,146.40097600650668,0.0,54,51,0,0,51,51,37300,3,0,0,3,0
2020-07-22,US,New York,Franklin,42,0,0,44.59040891,-74.29926032,36033.0,83.96305625524771,0.0,42,42,0,0,42,40,50293,0,0,0,0,2
2020-07-22,US,New York,Fulton,267,24,0,43.11363907,-74.41798804,36035.0,500.15922672011686,8.98876404494382,243,267,24,0,243,267,53591,0,0,0,0,0
2020-07-22,US,New York,Genesee,258,5,0,43.0022601,-78.19135193,36037.0,450.4189944134078,1.937984496124031,253,258,5,0,253,258,57511,0,0,0,0,0
2020-07-22,US,New York,Greene,272,18,0,42.275797,-74.12384884,36039.0,576.417733322031,6.617647058823528,254,272,18,0,254,272,47491,0,0,0,0,0
2020-07-22,US,New York,Hamilton,6,0,0,43.66146647,-74.49721957,36041.0,135.8695652173913,0.0,6,6,0,0,6,6,4434,0,0,0,0,0
2020-07-22,US,New York,Herkimer,211,4,0,43.42034246,-74.96145307,36043.0,344.1021543078002,1.895734597156398,207,208,4,0,204,206,61833,3,0,0,3,2
2020-07-22,US,New York,Jefferson,113,0,0,44.04200959,-75.94653457,36045.0,102.88253182074769,0.0,113,112,0,0,112,106,111755,1,0,0,1,6
2020-07-22,US,New York,Lewis,33,0,0,43.784415700000004,-75.44903992,36049.0,125.4943717675692,0.0,33,33,0,0,33,33,26447,0,0,0,0,0
2020-07-22,US,New York,Livingston,161,8,0,42.72596275,-77.77966158,36051.0,255.90488603490482,4.9689440993788825,153,160,8,0,152,159,63227,1,0,0,1,1
2020-07-22,US,New York,Madison,388,17,0,42.91653905,-75.67266639,36053.0,546.9333671642631,4.3814432989690735,371,387,17,0,370,384,70795,1,0,0,1,3
2020-07-22,US,New York,Monroe,4492,277,0,43.14638895,-77.69322942,36055.0,605.578548606711,6.166518254674977,4215,4452,277,0,4175,4422,742474,40,0,0,40,30
2020-07-22,US,New York,Montgomery,144,4,0,42.90123494,-74.44011632,36057.0,292.55805448893767,2.7777777777777777,140,144,4,0,140,143,49455,0,0,0,0,1
2020-07-22,US,New York,Nassau,42765,2193,0,40.74066522,-73.58941873,36059.0,3151.6135023037405,5.128025254296738,40572,42729,2193,0,40536,42678,1358343,36,0,0,36,51
2020-07-22,US,New York,New York City,222444,23428,0,40.76727260000001,-73.97152637,36061.0,2668.212580412884,10.532088975202747,199016,222094,23424,0,198670,221703,1628701,350,4,0,346,391
2020-07-22,US,New York,Niagara,1395,96,0,43.19898042,-78.74777412,36063.0,666.5679158643164,6.881720430107527,1299,1388,94,0,1294,1384,210433,7,2,0,5,4
2020-07-22,US,New York,Oneida,1975,111,0,43.24375382,-75.43710392,36065.0,863.6862566744362,5.620253164556963,1864,1962,104,0,1858,1942,229577,13,7,0,6,20
2020-07-22,US,New York,Onondaga,3326,194,0,43.00491923,-76.19971155,36067.0,722.214501615537,5.8328322309079965,3132,3312,191,0,3121,3290,461809,14,3,0,11,22
2020-07-22,US,New York,Ontario,333,34,0,42.85145728,-77.30874425,36069.0,303.3422301575011,10.210210210210212,299,329,33,0,296,326,109864,4,1,0,3,3
2020-07-22,US,New York,Orange,10960,489,0,41.40337468,-74.30240757,36071.0,2847.196965760898,4.461678832116788,10471,10953,484,0,10469,10938,381951,7,5,0,2,15
2020-07-22,US,New York,Orleans,288,54,0,43.2516977,-78.2320066,36073.0,713.7192704203012,18.75,234,288,54,0,234,288,40612,0,0,0,0,0
2020-07-22,US,New York,Oswego,232,3,0,43.42778894,-76.14635194,36075.0,198.0806666438988,1.293103448275862,229,231,3,0,228,229,117898,1,0,0,1,2
2020-07-22,US,New York,Otsego,101,5,0,42.63492579,-75.03151402,36077.0,169.76787185046982,4.950495049504951,96,100,5,0,95,98,59749,1,0,0,1,2
2020-07-22,US,New York,Putnam,1394,63,0,41.42630093,-73.74965532,36079.0,1417.819365337673,4.519368723098996,1331,1393,63,0,1330,1392,98892,1,0,0,1,1
2020-07-22,US,New York,Rensselaer,668,30,0,42.71348136,-73.51089874,36083.0,420.8828458737098,4.491017964071856,638,658,30,0,628,653,159442,10,0,0,10,5
2020-07-22,US,New York,Rockland,13812,673,0,41.15027894,-74.02560498,36087.0,4239.553821645298,4.872574572835216,13139,13806,672,0,13134,13798,325695,6,1,0,5,8
2020-07-22,US,New York,Saratoga,650,17,0,43.10904162,-73.86653895,36091.0,282.7771324658601,2.6153846153846154,633,646,17,0,629,639,230163,4,0,0,4,7
2020-07-22,US,New York,Schenectady,936,37,0,42.81668777,-74.05278291,36093.0,602.7083239428457,3.9529914529914536,899,926,37,0,889,915,155350,10,0,0,10,11
2020-07-22,US,New York,Schoharie,64,0,0,42.58831742,-74.44339029999998,36095.0,206.45827284751118,0.0,64,64,0,0,64,62,31097,0,0,0,0,2
2020-07-22,US,New York,Schuyler,20,0,0,42.39184015,-76.8773299,36097.0,112.31538159150897,0.0,20,20,0,0,20,20,17912,0,0,0,0,0
2020-07-22,US,New York,Seneca,80,0,0,42.78081007,-76.82497064,36099.0,235.1834430856068,0.0,80,80,0,0,80,80,34300,0,0,0,0,0
2020-07-22,US,New York,St. Lawrence,250,2,0,44.4976179,-75.06550039,36089.0,232.04009652868007,0.8,248,247,2,0,245,246,108047,3,0,0,3,1
2020-07-22,US,New York,Steuben,283,42,0,42.2689144,-77.3829924,36101.0,296.71101605175136,14.840989399293287,241,283,41,0,242,282,95796,0,1,0,-1,1
2020-07-22,US,New York,Suffolk,42621,1995,0,40.88320119,-72.8012172,36103.0,2886.426326407743,4.680791159287675,40626,42575,1995,0,40580,42496,1481093,46,0,0,46,79
2020-07-22,US,New York,Sullivan,1473,48,0,41.71579493,-74.76394559,36105.0,1952.752147629653,3.2586558044806515,1425,1473,48,0,1425,1473,75498,0,0,0,0,0
2020-07-22,US,New York,Tioga,175,24,0,42.16852837,-76.30835812,36107.0,363.04794307408247,13.714285714285715,151,174,24,0,150,173,48560,1,0,0,1,1
2020-07-22,US,New York,Tompkins,209,0,0,42.44945765,-76.47229843,36109.0,204.54100606772363,0.0,209,209,0,0,209,209,102793,0,0,0,0,0
2020-07-22,US,New York,Ulster,1909,90,0,41.89027881,-74.26252104,36111.0,1075.0508241680886,4.714510214772132,1819,1906,88,0,1818,1901,178599,3,2,0,1,5
2020-07-22,US,New York,Warren,288,33,0,43.56173026,-73.8433699,36113.0,450.3940948329789,11.458333333333336,255,288,33,0,255,287,64265,0,0,0,0,1
2020-07-22,US,New York,Washington,251,14,0,43.31153794,-73.43043448,36115.0,410.10391477681196,5.577689243027889,237,250,14,0,236,250,61197,1,0,0,1,0
2020-07-22,US,New York,Wayne,236,3,0,43.15494365,-77.02976528,36117.0,262.4613536777953,1.2711864406779658,233,232,3,0,229,228,90064,4,0,0,4,4
2020-07-22,US,New York,Westchester,35636,1442,0,41.16278376,-73.75741653,36119.0,3683.2846514646944,4.046469861937367,34194,35587,1440,0,34147,35551,967612,49,2,0,47,36
2020-07-22,US,New York,Wyoming,108,5,0,42.70145109,-78.22199579,36121.0,270.95511678667305,4.62962962962963,103,107,5,0,102,104,40085,1,0,0,1,3
2020-07-22,US,New York,Yates,51,7,0,42.63505484,-77.10369919,36123.0,204.71239914903862,13.725490196078429,44,51,7,0,44,51,24841,0,0,0,0,0
2020-07-22,US,North Carolina,Alamance,1809,40,0,36.0434701,-79.39976137,37001.0,1067.1999716829196,2.211166390270868,1769,1772,40,0,1732,1718,166436,37,0,0,37,54
2020-07-22,US,North Carolina,Alexander,225,2,0,35.922379600000006,-81.17751948,37003.0,600.0480038403073,0.8888888888888888,223,221,2,0,219,216,37353,4,0,0,4,5
2020-07-22,US,North Carolina,Alleghany,54,0,0,36.49360862,-81.12857041,37005.0,484.8702523121128,0.0,54,54,0,0,54,54,11161,0,0,0,0,0
2020-07-22,US,North Carolina,Anson,267,2,0,34.97403241,-80.09953279,37007.0,1092.2032234312362,0.7490636704119851,265,267,2,0,265,267,24877,0,0,0,0,0
2020-07-22,US,North Carolina,Ashe,79,1,0,36.43296207,-81.49862729,37009.0,290.409146050068,1.2658227848101269,78,79,1,0,78,76,27109,0,0,0,0,3
2020-07-22,US,North Carolina,Avery,65,0,0,36.07569796,-81.92308483,37011.0,370.2227031953068,0.0,65,56,0,0,56,56,17505,9,0,0,9,0
2020-07-22,US,North Carolina,Beaufort,218,1,0,35.48531943,-76.84325809,37013.0,463.88900710729035,0.4587155963302753,217,209,0,0,209,207,47079,9,1,0,8,2
2020-07-22,US,North Carolina,Bertie,190,4,0,36.0688473,-76.96545943,37015.0,1002.797276613712,2.1052631578947367,186,181,4,0,177,178,19026,9,0,0,9,3
2020-07-22,US,North Carolina,Bladen,509,5,0,34.61296243,-78.56180059,37017.0,1555.528390685166,0.9823182711198428,504,493,5,0,488,487,33190,16,0,0,16,6
2020-07-22,US,North Carolina,Brunswick,992,12,0,34.070565,-78.22814204,37019.0,694.5805909536481,1.2096774193548387,980,987,11,0,976,947,136744,5,1,0,4,40
2020-07-22,US,North Carolina,Buncombe,1248,42,0,35.61113393,-82.53305,37021.0,477.8112568962943,3.3653846153846154,1206,1223,42,0,1181,1174,259103,25,0,0,25,49
2020-07-22,US,North Carolina,Burke,1360,24,0,35.74989637,-81.70755735,37023.0,1503.0115488755046,1.7647058823529411,1336,1337,22,0,1315,1325,90382,23,2,0,21,12
2020-07-22,US,North Carolina,Cabarrus,2028,35,0,35.3877799,-80.55267168,37025.0,936.923951157988,1.7258382642998027,1993,1989,35,0,1954,1970,211342,39,0,0,39,19
2020-07-22,US,North Carolina,Caldwell,835,9,0,35.95204977,-81.54799522,37027.0,1016.0870305921292,1.0778443113772456,826,809,9,0,800,789,82029,26,0,0,26,20
2020-07-22,US,North Carolina,Camden,48,2,0,36.33804939,-76.15568396,37029.0,441.70424220115945,4.166666666666667,46,47,2,0,45,46,10710,1,0,0,1,1
2020-07-22,US,North Carolina,Carteret,188,5,0,34.8932941,-76.54120135,37031.0,270.6087256919954,2.6595744680851063,183,188,5,0,183,178,69524,0,0,0,0,10
2020-07-22,US,North Carolina,Caswell,168,2,0,36.39312665,-79.33353281,37033.0,743.2312864979649,1.1904761904761905,166,168,2,0,166,168,22698,0,0,0,0,0
2020-07-22,US,North Carolina,Catawba,1574,17,0,35.66211129,-81.2132617,37035.0,986.5184173085722,1.0800508259212198,1557,1568,17,0,1551,1530,158652,6,0,0,6,38
2020-07-22,US,North Carolina,Chatham,1124,47,0,35.70394416,-79.25541492,37037.0,1509.332617161273,4.181494661921708,1077,1116,47,0,1069,1109,73139,8,0,0,8,7
2020-07-22,US,North Carolina,Cherokee,155,2,0,35.1349263,-84.05970864,37039.0,541.7307423458689,1.2903225806451613,153,155,2,0,153,142,28383,0,0,0,0,13
2020-07-22,US,North Carolina,Chowan,72,0,0,36.12908077,-76.60118385,37041.0,516.3881517607401,0.0,72,65,0,0,65,61,14029,7,0,0,7,4
2020-07-22,US,North Carolina,Clay,41,0,0,35.05704275,-83.74353633,37043.0,365.0609918974269,0.0,41,41,0,0,41,39,11139,0,0,0,0,2
2020-07-22,US,North Carolina,Cleveland,735,11,0,35.33553364,-81.55204486,37045.0,750.4058317253207,1.4965986394557824,724,708,11,0,697,690,97645,27,0,0,27,18
2020-07-22,US,North Carolina,Columbus,714,40,0,34.26744084,-78.65801424,37047.0,1286.3010737191034,5.602240896358542,674,713,40,0,673,713,55655,1,0,0,1,0
2020-07-22,US,North Carolina,Craven,529,8,0,35.11833364,-77.08398081,37049.0,517.9216557828058,1.5122873345935728,521,529,8,0,521,514,102912,0,0,0,0,15
2020-07-22,US,North Carolina,Cumberland,2106,48,0,35.04762133,-78.82623165,37051.0,627.7029826323586,2.2792022792022792,2058,2032,47,0,1985,1935,332330,74,1,0,73,97
2020-07-22,US,North Carolina,Currituck,56,0,0,36.36123664,-75.95876401,37053.0,201.7073082880092,0.0,56,52,0,0,52,51,27072,4,0,0,4,1
2020-07-22,US,North Carolina,Dare,163,1,0,35.66520691,-75.71767334,37055.0,440.4334080899241,0.6134969325153374,162,162,1,0,161,150,36501,1,0,0,1,12
2020-07-22,US,North Carolina,Davidson,1457,16,0,35.79115496,-80.21256572,37057.0,869.2850622579933,1.0981468771448182,1441,1447,16,0,1431,1421,166614,10,0,0,10,26
2020-07-22,US,North Carolina,Davie,294,4,0,35.93099927,-80.54496571,37059.0,686.1784063856602,1.3605442176870748,290,294,4,0,290,285,42733,0,0,0,0,9
2020-07-22,US,North Carolina,Duplin,1807,35,0,34.93449805,-77.93140529,37061.0,3076.2159309511244,1.9369120088544551,1772,1787,35,0,1752,1768,58856,20,0,0,20,19
2020-07-22,US,North Carolina,Durham,5220,73,0,36.03638492,-78.87608331,37063.0,1623.6997959488378,1.3984674329501916,5147,5169,73,0,5096,5110,316739,51,0,0,51,59
2020-07-22,US,North Carolina,Edgecombe,473,10,0,35.91230639,-77.59436892,37065.0,918.9462231893068,2.1141649048625792,463,463,10,0,453,454,52005,10,0,0,10,9
2020-07-22,US,North Carolina,Forsyth,4343,41,0,36.12859861,-80.25459052,37067.0,1136.0336912593675,0.9440478931614092,4302,4297,41,0,4256,4220,379099,46,0,0,46,77
2020-07-22,US,North Carolina,Franklin,641,23,0,36.081519,-78.28708884,37069.0,919.8536270359476,3.588143525741029,618,611,23,0,588,598,67560,30,0,0,30,13
2020-07-22,US,North Carolina,Gaston,2432,22,0,35.29373559,-81.17477045,37071.0,1083.1562960686592,0.9046052631578948,2410,2359,22,0,2337,2320,222846,73,0,0,73,39
2020-07-22,US,North Carolina,Gates,34,2,0,36.44667547,-76.69749701,37073.0,294.06677045493865,5.882352941176472,32,33,2,0,31,32,11573,1,0,0,1,1
2020-07-22,US,North Carolina,Graham,15,0,0,35.3506925,-83.83369267,37075.0,177.70406349958537,0.0,15,12,0,0,12,10,8484,3,0,0,3,2
2020-07-22,US,North Carolina,Granville,1055,25,0,36.30337451,-78.65184241,37077.0,1745.4461227933755,2.3696682464454977,1030,1038,25,0,1013,1033,60115,17,0,0,17,5
2020-07-22,US,North Carolina,Greene,264,3,0,35.48544173,-77.67578087,37079.0,1253.025772461911,1.1363636363636365,261,260,3,0,257,254,21012,4,0,0,4,6
2020-07-22,US,North Carolina,Guilford,4412,134,0,36.07959451,-79.78824948,37081.0,821.3353587478173,3.0371713508612874,4278,4314,134,0,4180,4198,533670,98,0,0,98,116
2020-07-22,US,North Carolina,Halifax,499,5,0,36.25669272,-77.6556109,37083.0,997.8004399120176,1.002004008016032,494,493,5,0,488,480,50574,6,0,0,6,13
2020-07-22,US,North Carolina,Harnett,932,34,0,35.36731853,-78.87243571,37085.0,685.4150732482202,3.6480686695278974,898,902,33,0,869,888,134214,30,1,0,29,14
2020-07-22,US,North Carolina,Haywood,192,0,0,35.55269063,-82.98196486,37087.0,308.10212301619134,0.0,192,192,0,0,192,185,61971,0,0,0,0,7
2020-07-22,US,North Carolina,Henderson,1191,52,0,35.33788927,-82.4766782,37089.0,1014.3335292163828,4.36607892527288,1139,1137,52,0,1085,1126,116748,54,0,0,54,11
2020-07-22,US,North Carolina,Hertford,219,11,0,36.3607755,-76.98104134,37091.0,924.9482620264392,5.0228310502283104,208,205,11,0,194,200,23659,14,0,0,14,5
2020-07-22,US,North Carolina,Hoke,577,7,0,35.01888303,-79.23651674,37093.0,1044.6464134409964,1.2131715771230502,570,555,6,0,549,547,54764,22,1,0,21,8
2020-07-22,US,North Carolina,Hyde,35,0,0,35.42017674,-76.15180542,37095.0,708.9325501316589,0.0,35,34,0,0,34,33,5230,1,0,0,1,1
2020-07-22,US,North Carolina,Iredell,1399,13,0,35.80950511,-80.8743128,37097.0,769.5015566042924,0.9292351679771264,1386,1385,11,0,1374,1353,178435,14,2,0,12,32
2020-07-22,US,North Carolina,Jackson,308,3,0,35.28814273,-83.14093385,37099.0,700.987755473622,0.9740259740259741,305,293,3,0,290,285,43327,15,0,0,15,8
2020-07-22,US,North Carolina,Johnston,2490,41,0,35.51745004,-78.36622717,37101.0,1189.458247149361,1.6465863453815262,2449,2437,41,0,2396,2406,202675,53,0,0,53,31
2020-07-22,US,North Carolina,Jones,44,3,0,35.02254606,-77.35870791,37103.0,467.1408854443147,6.8181818181818175,41,43,3,0,40,43,9637,1,0,0,1,0
2020-07-22,US,North Carolina,Lee,1037,8,0,35.47623147,-79.17569362,37105.0,1678.5639133038735,0.7714561234329798,1029,1006,8,0,998,1000,61452,31,0,0,31,6
2020-07-22,US,North Carolina,Lenoir,462,11,0,35.24032589999999,-77.64245615,37107.0,825.7520241648645,2.380952380952381,451,459,11,0,448,453,55976,3,0,0,3,6
2020-07-22,US,North Carolina,Lincoln,589,2,0,35.48508185,-81.21740317,37109.0,684.000882581784,0.3395585738539898,587,576,2,0,574,562,83770,13,0,0,13,14
2020-07-22,US,North Carolina,Macon,407,2,0,35.14867843,-83.41696617,37113.0,1135.0326287021028,0.4914004914004914,405,401,3,0,398,382,35285,6,-1,0,7,19
2020-07-22,US,North Carolina,Madison,25,0,0,35.85402722,-82.71346418,37115.0,114.91611123879568,0.0,25,24,0,0,24,24,21763,1,0,0,1,0
2020-07-22,US,North Carolina,Martin,192,6,0,35.84326734,-77.10860251,37117.0,855.6149732620323,3.125,186,190,6,0,184,186,22671,2,0,0,2,4
2020-07-22,US,North Carolina,McDowell,416,4,0,35.67736232,-82.0482425,37111.0,909.1703820264012,0.9615384615384616,412,411,4,0,407,389,45507,5,0,0,5,22
2020-07-22,US,North Carolina,Mecklenburg,18079,179,0,35.24469268,-80.8317671,37119.0,1628.2165359578366,0.99009900990099,17900,17800,179,0,17621,17571,1093901,279,0,0,279,229
2020-07-22,US,North Carolina,Mitchell,90,1,0,36.01059309,-82.1582442,37121.0,601.4434643143544,1.1111111111111112,89,60,1,0,59,60,15000,30,0,0,30,0
2020-07-22,US,North Carolina,Montgomery,514,13,0,35.33155144,-79.90416657,37123.0,1891.583557207522,2.5291828793774314,501,472,11,0,461,472,27271,42,2,0,40,0
2020-07-22,US,North Carolina,Moore,755,18,0,35.30885257,-79.48474178,37125.0,748.4139571768437,2.384105960264901,737,720,14,0,706,716,98682,35,4,0,31,4
2020-07-22,US,North Carolina,Nash,794,10,0,35.96575634,-77.98422508,37127.0,842.0114954718022,1.2594458438287153,784,776,10,0,766,760,94016,18,0,0,18,16
2020-07-22,US,North Carolina,New Hanover,1950,14,0,34.25758282,-77.87075626,37129.0,831.6522584689923,0.7179487179487181,1936,1889,14,0,1875,1835,232274,61,0,0,61,54
2020-07-22,US,North Carolina,Northampton,272,16,0,36.41736238,-77.39769443,37131.0,1396.0888980136526,5.882352941176472,256,272,16,0,256,251,19676,0,0,0,0,21
2020-07-22,US,North Carolina,Onslow,628,8,0,34.72607366,-77.42908179,37133.0,317.271064676818,1.2738853503184713,620,628,8,0,620,585,197683,0,0,0,0,43
2020-07-22,US,North Carolina,Orange,1127,45,0,36.06092947,-79.12167935,37135.0,759.0452328995932,3.992901508429459,1082,1112,45,0,1067,1112,146027,15,0,0,15,0
2020-07-22,US,North Carolina,Pamlico,47,1,0,35.15253315,-76.66559823,37137.0,369.3226465503693,2.127659574468085,46,47,1,0,46,44,12670,0,0,0,0,3
2020-07-22,US,North Carolina,Pasquotank,278,17,0,36.26723798,-76.25134778,37139.0,698.0715146645239,6.115107913669065,261,271,17,0,254,267,39639,7,0,0,7,4
2020-07-22,US,North Carolina,Pender,518,3,0,34.52265624,-77.90352133,37141.0,821.4398985093561,0.5791505791505791,515,501,2,0,499,484,62162,17,1,0,16,17
2020-07-22,US,North Carolina,Perquimans,50,2,0,36.17847453,-76.40603143,37143.0,371.3882492757929,4.0,48,48,2,0,46,45,13422,2,0,0,2,3
2020-07-22,US,North Carolina,Person,157,1,0,36.38989032,-78.97217358,37145.0,397.5690048113448,0.6369426751592356,156,151,1,0,150,144,39507,6,0,0,6,7
2020-07-22,US,North Carolina,Pitt,1293,10,0,35.59535426,-77.37353178,37147.0,715.3843600269998,0.7733952049497294,1283,1239,10,0,1229,1215,179914,54,0,0,54,24
2020-07-22,US,North Carolina,Polk,121,5,0,35.27820615,-82.16812354,37149.0,583.864118895966,4.132231404958676,116,117,5,0,112,114,20611,4,0,0,4,3
2020-07-22,US,North Carolina,Randolph,1810,35,0,35.71015088,-79.80570339,37151.0,1259.8578657590124,1.9337016574585637,1775,1768,34,0,1734,1747,143351,42,1,0,41,21
2020-07-22,US,North Carolina,Richmond,418,8,0,35.00417719,-79.74491009,37153.0,932.4321309866381,1.9138755980861244,410,406,8,0,398,403,44887,12,0,0,12,3
2020-07-22,US,North Carolina,Robeson,2015,49,0,34.64244496,-79.10250529999998,37155.0,1542.5837320574165,2.431761786600496,1966,1994,49,0,1945,1957,131831,21,0,0,21,37
2020-07-22,US,North Carolina,Rockingham,375,4,0,36.39593137,-79.77504841,37157.0,412.0426326777277,1.0666666666666669,371,363,4,0,359,359,90690,12,0,0,12,4
2020-07-22,US,North Carolina,Rowan,1778,45,0,35.64003916,-80.52446628,37159.0,1251.3371994820109,2.530933633295838,1733,1744,45,0,1699,1712,141262,34,0,0,34,32
2020-07-22,US,North Carolina,Rutherford,524,13,0,35.40114178,-81.92112099,37161.0,781.7511823240687,2.480916030534351,511,473,11,0,462,464,66826,51,2,0,49,9
2020-07-22,US,North Carolina,Sampson,1340,8,0,34.98820368,-78.36914061,37163.0,2109.206529096032,0.5970149253731343,1332,1328,8,0,1320,1305,63626,12,0,0,12,23
2020-07-22,US,North Carolina,Scotland,203,2,0,34.8386299,-79.4757978,37165.0,582.9480515751084,0.9852216748768472,201,200,2,0,198,194,34810,3,0,0,3,6
2020-07-22,US,North Carolina,Stanly,723,8,0,35.31647813,-80.25093221,37167.0,1151.1639015380695,1.1065006915629323,715,685,6,0,679,662,62075,38,2,0,36,23
2020-07-22,US,North Carolina,Stokes,202,1,0,36.4017975,-80.23893369,37169.0,443.0699041477485,0.4950495049504951,201,200,1,0,199,199,45467,2,0,0,2,1
2020-07-22,US,North Carolina,Surry,699,4,0,36.41689489,-80.69102283,37171.0,973.7681623782788,0.5722460658082976,695,688,4,0,684,675,71948,11,0,0,11,13
2020-07-22,US,North Carolina,Swain,86,2,0,35.48665845,-83.48748932,37173.0,602.6206993202999,2.3255813953488373,84,84,2,0,82,80,14245,2,0,0,2,4
2020-07-22,US,North Carolina,Transylvania,98,1,0,35.20383864,-82.79638423,37175.0,285.00799767340413,1.020408163265306,97,98,1,0,97,90,34215,0,0,0,0,8
2020-07-22,US,North Carolina,Tyrrell,80,1,0,35.87147226,-76.17055253,37177.0,1992.03187250996,1.25,79,78,1,0,77,66,4131,2,0,0,2,12
2020-07-22,US,North Carolina,Union,2287,33,0,34.98960527,-80.52955873,37179.0,953.4768343068221,1.4429383471797117,2254,2251,32,0,2219,2215,235908,36,1,0,35,36
2020-07-22,US,North Carolina,Vance,650,40,0,36.36880673,-78.40670845,37181.0,1459.5262153362523,6.153846153846153,610,638,40,0,598,637,44582,12,0,0,12,1
2020-07-22,US,North Carolina,Wake,9252,99,0,35.78879266,-78.65249174,37183.0,832.1932501679767,1.0700389105058363,9153,9093,93,0,9000,8897,1092305,159,6,0,153,196
2020-07-22,US,North Carolina,Warren,212,6,0,36.39728256,-78.10652228,37185.0,1074.4513709391313,2.830188679245283,206,208,6,0,202,208,19807,4,0,0,4,0
2020-07-22,US,North Carolina,Washington,89,3,0,35.83810081,-76.57299037,37187.0,768.5664939550951,3.3707865168539324,86,80,3,0,77,75,11859,9,0,0,9,5
2020-07-22,US,North Carolina,Watauga,203,0,0,36.23103603,-81.70033724,37189.0,361.3578510778432,0.0,203,193,0,0,193,180,55945,10,0,0,10,13
2020-07-22,US,North Carolina,Wayne,2152,35,0,35.36438125,-78.00027268,37191.0,1747.7320902128629,1.6263940520446096,2117,2152,35,0,2117,2103,123248,0,0,0,0,49
2020-07-22,US,North Carolina,Wilkes,672,7,0,36.2084135,-81.16232895,37193.0,982.2838098579197,1.0416666666666667,665,665,7,0,658,663,68557,7,0,0,7,2
2020-07-22,US,North Carolina,Wilson,1200,29,0,35.70625477,-77.917978,37195.0,1466.9747313602525,2.4166666666666665,1171,1174,29,0,1145,1136,81455,26,0,0,26,38
2020-07-22,US,North Carolina,Yadkin,430,6,0,36.16222629,-80.66239436,37197.0,1141.5828178511695,1.3953488372093024,424,415,6,0,409,407,37543,15,0,0,15,8
2020-07-22,US,North Carolina,Yancey,92,0,0,35.90079156,-82.31237181,37199.0,509.15933366539383,0.0,92,87,0,0,87,87,17903,5,0,0,5,0
2020-07-22,US,North Dakota,Barnes,28,0,0,46.93579637,-98.06605978,38003.0,268.84301488238117,0.0,28,27,0,0,27,26,10542,1,0,0,1,1
2020-07-22,US,North Dakota,Benson,32,1,0,48.0683985,-99.35916363,38005.0,468.384074941452,3.125,31,27,1,0,26,23,6962,5,0,0,5,4
2020-07-22,US,North Dakota,Billings,1,0,0,47.02366884,-103.3762965,38007.0,107.75862068965515,0.0,1,1,0,0,1,1,919,0,0,0,0,0
2020-07-22,US,North Dakota,Bottineau,7,0,0,48.79106111,-100.8378166,38009.0,111.42948105698822,0.0,7,7,0,0,7,7,6411,0,0,0,0,0
2020-07-22,US,North Dakota,Bowman,3,0,0,46.11285362,-103.5203343,38011.0,99.2063492063492,0.0,3,1,0,0,1,1,3076,2,0,0,2,0
2020-07-22,US,North Dakota,Burke,11,0,0,48.79094471,-102.51821170000001,38013.0,520.0945626477542,0.0,11,8,0,0,8,8,2100,3,0,0,3,0
2020-07-22,US,North Dakota,Burleigh,633,2,0,46.97847375,-100.46452140000001,38015.0,661.9538619203983,0.315955766192733,631,595,1,0,594,580,95273,38,1,0,37,15
2020-07-22,US,North Dakota,Cass,2715,75,0,46.93201724,-97.24447190000001,38017.0,1492.3896373740536,2.7624309392265194,2640,2673,74,0,2599,2663,181516,42,1,0,41,10
2020-07-22,US,North Dakota,Cavalier,25,0,0,48.77286211,-98.46685243,38019.0,664.5401382243488,0.0,25,24,0,0,24,25,3829,1,0,0,1,-1
2020-07-22,US,North Dakota,Dickey,8,0,0,46.11017712,-98.50490079999999,38021.0,164.20361247947451,0.0,8,8,0,0,8,8,4903,0,0,0,0,0
2020-07-22,US,North Dakota,Divide,1,0,0,48.814938700000006,-103.48736109999999,38023.0,44.16961130742049,0.0,1,1,0,0,1,1,2283,0,0,0,0,0
2020-07-22,US,North Dakota,Dunn,27,0,0,47.35423935,-102.61604679999999,38025.0,610.3074141048825,0.0,27,27,0,0,27,27,4332,0,0,0,0,0
2020-07-22,US,North Dakota,Eddy,6,0,0,47.71701474,-98.90432337,38027.0,262.35242675994755,0.0,6,5,0,0,5,5,2313,1,0,0,1,0
2020-07-22,US,North Dakota,Emmons,10,1,0,46.28398398,-100.2389766,38029.0,308.5467448318421,10.0,9,9,1,0,8,9,3295,1,0,0,1,0
2020-07-22,US,North Dakota,Foster,3,0,0,47.457108399999996,-98.88279923,38031.0,93.45794392523364,0.0,3,3,0,0,3,3,3216,0,0,0,0,0
2020-07-22,US,North Dakota,Golden Valley,3,0,0,46.94022281,-103.8465421,38033.0,170.35775127768312,0.0,3,2,0,0,2,2,1769,1,0,0,1,0
2020-07-22,US,North Dakota,Grand Forks,555,4,0,47.92093639,-97.45450447,38035.0,799.1245626412866,0.7207207207207207,551,549,4,0,545,533,70770,6,0,0,6,16
2020-07-22,US,North Dakota,Grant,4,0,0,46.35821257,-101.63900129999999,38037.0,175.9014951627089,0.0,4,4,0,0,4,4,2374,0,0,0,0,0
2020-07-22,US,North Dakota,Griggs,4,0,0,47.45785838,-98.23850925,38039.0,179.2917974002689,0.0,4,4,0,0,4,3,2232,0,0,0,0,1
2020-07-22,US,North Dakota,Hettinger,6,0,0,46.43375068,-102.4632417,38041.0,240.09603841536614,0.0,6,6,0,0,6,6,2514,0,0,0,0,0
2020-07-22,US,North Dakota,Kidder,5,0,0,46.97830064,-99.77507857,38043.0,201.61290322580646,0.0,5,4,0,0,4,4,2450,1,0,0,1,0
2020-07-22,US,North Dakota,LaMoure,14,0,0,46.45681054,-98.53542355,38045.0,346.02076124567475,0.0,14,14,0,0,14,14,4062,0,0,0,0,0
2020-07-22,US,North Dakota,Logan,1,0,0,46.45729487,-99.47719806,38047.0,54.05405405405406,0.0,1,1,0,0,1,1,1903,0,0,0,0,0
2020-07-22,US,North Dakota,McHenry,11,1,0,48.23104458,-100.6324822,38049.0,191.4708442123585,9.090909090909092,10,11,1,0,10,11,5816,0,0,0,0,0
2020-07-22,US,North Dakota,McIntosh,11,0,0,46.11182017,-99.44145858,38051.0,440.5286343612335,0.0,11,11,0,0,11,10,2585,0,0,0,0,1
2020-07-22,US,North Dakota,McKenzie,58,0,0,47.74133370000001,-103.395905,38053.0,386.04898828541,0.0,58,56,0,0,56,52,13632,2,0,0,2,4
2020-07-22,US,North Dakota,McLean,16,0,0,47.60766714,-101.3182418,38055.0,169.31216931216932,0.0,16,14,0,0,14,14,9541,2,0,0,2,0
2020-07-22,US,North Dakota,Mercer,14,0,0,47.31213126,-101.8318399,38057.0,171.0028093318676,0.0,14,13,0,0,13,12,8267,1,0,0,1,1
2020-07-22,US,North Dakota,Morton,187,3,0,46.71681782,-101.2822377,38059.0,596.2249713046805,1.60427807486631,184,175,3,0,172,172,31095,12,0,0,12,3
2020-07-22,US,North Dakota,Mountrail,97,1,0,48.20197971,-102.3555315,38061.0,919.8672356567093,1.0309278350515465,96,93,1,0,92,91,10218,4,0,0,4,2
2020-07-22,US,North Dakota,Nelson,3,0,0,47.9226426,-98.19038437,38063.0,104.20284821118445,0.0,3,3,0,0,3,3,2869,0,0,0,0,0
2020-07-22,US,North Dakota,Oliver,4,0,0,47.11530482,-101.3406158,38065.0,204.1858090862685,0.0,4,3,0,0,3,3,1952,1,0,0,1,0
2020-07-22,US,North Dakota,Pembina,21,0,0,48.76623521,-97.5523809,38067.0,308.77812086457874,0.0,21,21,0,0,21,20,6947,0,0,0,0,1
2020-07-22,US,North Dakota,Pierce,8,0,0,48.24977025,-99.96407787,38069.0,201.2578616352201,0.0,8,8,0,0,8,8,4081,0,0,0,0,0
2020-07-22,US,North Dakota,Ramsey,26,1,0,48.26886249,-98.72223879,38071.0,225.71403767688167,3.8461538461538463,25,26,1,0,25,25,11481,0,0,0,0,1
2020-07-22,US,North Dakota,Ransom,24,0,0,46.45621782,-97.65742504,38073.0,459.94633959371413,0.0,24,23,0,0,23,23,5237,1,0,0,1,0
2020-07-22,US,North Dakota,Renville,8,0,0,48.71982533,-101.6603912,38075.0,343.79028792436617,0.0,8,8,0,0,8,8,2374,0,0,0,0,0
2020-07-22,US,North Dakota,Richland,57,0,0,46.26440649,-96.94852979,38077.0,352.35210484020524,0.0,57,53,0,0,53,52,16239,4,0,0,4,1
2020-07-22,US,North Dakota,Rolette,13,0,0,48.77245354,-99.84097493,38079.0,91.70428893905192,0.0,13,13,0,0,13,13,14301,0,0,0,0,0
2020-07-22,US,North Dakota,Sargent,9,0,0,46.10830372,-97.63217159,38081.0,230.8876346844536,0.0,9,8,0,0,8,8,3870,1,0,0,1,0
2020-07-22,US,North Dakota,Sheridan,4,0,0,47.57700669,-100.3426391,38083.0,304.18250950570336,0.0,4,4,0,0,4,4,1349,0,0,0,0,0
2020-07-22,US,North Dakota,Sioux,47,0,0,46.11323337,-101.04401490000001,38085.0,1111.111111111111,0.0,47,46,0,0,46,46,4358,1,0,0,1,0
2020-07-22,US,North Dakota,Slope,3,0,0,46.44737738,-103.4601547,38087.0,400.0,0.0,3,3,0,0,3,3,763,0,0,0,0,0
2020-07-22,US,North Dakota,Stark,124,3,0,46.80851182,-102.65763259999999,38089.0,393.78830702785103,2.419354838709677,121,122,3,0,119,121,30997,2,0,0,2,1
2020-07-22,US,North Dakota,Steele,6,0,0,47.45611548,-97.72728747,38091.0,317.46031746031747,0.0,6,6,0,0,6,6,1903,0,0,0,0,0
2020-07-22,US,North Dakota,Stutsman,84,2,0,46.97962541,-98.95637318,38093.0,405.71870170015455,2.380952380952381,82,76,2,0,74,75,20917,8,0,0,8,1
2020-07-22,US,North Dakota,Towner,4,0,0,48.68565745,-99.24564265,38095.0,182.7318410232983,0.0,4,4,0,0,4,4,2192,0,0,0,0,0
2020-07-22,US,North Dakota,Traill,33,0,0,47.45367788,-97.16323288,38097.0,410.6520657043306,0.0,33,33,0,0,33,31,8037,0,0,0,0,2
2020-07-22,US,North Dakota,Walsh,85,0,0,48.36876964,-97.72574783,38099.0,798.7971055351941,0.0,85,83,0,0,83,79,10667,2,0,0,2,4
2020-07-22,US,North Dakota,Ward,119,1,0,48.22390169,-101.54367629999999,38101.0,175.92880057953013,0.8403361344537815,118,114,1,0,113,110,67744,5,0,0,5,4
2020-07-22,US,North Dakota,Wells,12,0,0,47.58614526,-99.65904998,38103.0,312.9890453834116,0.0,12,11,0,0,11,11,3957,1,0,0,1,0
2020-07-22,US,North Dakota,Williams,177,1,0,48.34522353,-103.4793387,38105.0,470.88243901141294,0.5649717514124294,176,166,1,0,165,157,35350,11,0,0,11,9
2020-07-22,US,Ohio,Adams,39,2,0,38.84541072,-83.4718964,39001.0,140.80439020867937,5.128205128205129,37,37,2,0,35,35,27724,2,0,0,2,2
2020-07-22,US,Ohio,Allen,486,41,0,40.77285242,-84.10802343,39003.0,474.8365917284638,8.436213991769547,445,479,41,0,438,471,102663,7,0,0,7,8
2020-07-22,US,Ohio,Ashland,103,4,0,40.84772277,-82.27280781,39005.0,192.58095879141425,3.8834951456310685,99,103,4,0,99,102,53745,0,0,0,0,1
2020-07-22,US,Ohio,Ashtabula,489,44,0,41.70860332,-80.74830218,39007.0,502.8743019919581,8.997955010224949,445,480,44,0,436,478,97493,9,0,0,9,2
2020-07-22,US,Ohio,Athens,292,1,0,39.33425634,-82.04278644,39009.0,446.98210540817735,0.3424657534246575,291,284,1,0,283,274,65818,8,0,0,8,10
2020-07-22,US,Ohio,Auglaize,147,5,0,40.55998859,-84.22421429999999,39011.0,321.9730155948834,3.4013605442176873,142,138,5,0,133,135,45804,9,0,0,9,3
2020-07-22,US,Ohio,Belmont,578,26,0,40.01625942,-80.9924051,39013.0,862.6093185684862,4.498269896193771,552,577,25,0,552,575,67505,1,1,0,0,2
2020-07-22,US,Ohio,Brown,76,1,0,38.93416837,-83.86788395,39015.0,174.9861853011604,1.3157894736842106,75,73,1,0,72,68,43602,3,0,0,3,5
2020-07-22,US,Ohio,Butler,2230,52,0,39.44012838,-84.57388716,39017.0,582.0417921667092,2.3318385650224216,2178,2182,51,0,2131,2143,382378,48,1,0,47,39
2020-07-22,US,Ohio,Carroll,90,4,0,40.5789686,-81.09178213,39019.0,334.39845433603335,4.4444444444444455,86,88,4,0,84,86,27081,2,0,0,2,2
2020-07-22,US,Ohio,Champaign,77,1,0,40.13923427,-83.76875242,39021.0,198.01980198019803,1.2987012987012987,76,71,1,0,70,69,38754,6,0,0,6,2
2020-07-22,US,Ohio,Clark,951,11,0,39.91592258,-83.78498252,39023.0,709.2621734298905,1.1566771819137749,940,924,11,0,913,907,134585,27,0,0,27,17
2020-07-22,US,Ohio,Clermont,671,9,0,39.04847534,-84.15375786,39025.0,325.0528029143333,1.3412816691505216,662,643,9,0,634,630,205466,28,0,0,28,13
2020-07-22,US,Ohio,Clinton,119,4,0,39.41485808,-83.80852286,39027.0,283.5493709492947,3.361344537815126,115,111,3,0,108,106,42057,8,1,0,7,5
2020-07-22,US,Ohio,Columbiana,1477,62,0,40.76932373,-80.78094576,39029.0,1449.7021092822158,4.197698036560595,1415,1469,62,0,1407,1467,102665,8,0,0,8,2
2020-07-22,US,Ohio,Coshocton,167,4,0,40.30096166,-81.91729018,39031.0,456.2841530054645,2.395209580838323,163,166,4,0,162,165,36629,1,0,0,1,1
2020-07-22,US,Ohio,Crawford,153,5,0,40.85065156,-82.91989099,39033.0,368.7280088687521,3.2679738562091503,148,152,5,0,147,152,41550,1,0,0,1,0
2020-07-22,US,Ohio,Cuyahoga,11015,432,0,41.424119,-81.65918339,39035.0,891.8508394652298,3.9219246482069914,10583,10828,431,0,10397,10713,1243857,187,1,0,186,115
2020-07-22,US,Ohio,Darke,271,26,0,40.13412966,-84.6194517,39037.0,530.1977970379355,9.594095940959411,245,266,26,0,240,266,51323,5,0,0,5,0
2020-07-22,US,Ohio,Defiance,88,4,0,41.32398837,-84.49076944,39039.0,231.04996455483501,4.545454545454546,84,80,4,0,76,77,38165,8,0,0,8,3
2020-07-22,US,Ohio,Delaware,977,15,0,40.27942393,-83.00457058,39041.0,467.0685591628143,1.5353121801432958,962,959,15,0,944,940,204826,18,0,0,18,19
2020-07-22,US,Ohio,Erie,390,22,0,41.36796058,-82.62904521,39043.0,525.1393639081141,5.641025641025642,368,380,22,0,358,377,74615,10,0,0,10,3
2020-07-22,US,Ohio,Fairfield,970,18,0,39.75107189,-82.63088163,39045.0,615.5837892038027,1.855670103092784,952,934,18,0,916,916,155782,36,0,0,36,18
2020-07-22,US,Ohio,Fayette,64,0,0,39.56021306,-83.4562016,39047.0,224.364592462752,0.0,64,64,0,0,64,61,28666,0,0,0,0,3
2020-07-22,US,Ohio,Franklin,14736,478,0,39.96995815,-83.01115755,39049.0,1119.113943661544,3.243756786102063,14258,14432,475,0,13957,14246,1310300,304,3,0,301,186
2020-07-22,US,Ohio,Fulton,102,0,0,41.60213491,-84.12571393,39051.0,242.13075060532688,0.0,102,96,0,0,96,91,42276,6,0,0,6,5
2020-07-22,US,Ohio,Gallia,37,1,0,38.82708533,-82.31647569,39053.0,123.75409726403105,2.702702702702702,36,33,1,0,32,30,29979,4,0,0,4,3
2020-07-22,US,Ohio,Geauga,474,43,0,41.49952319,-81.17935342,39055.0,506.14528718939863,9.071729957805907,431,468,43,0,425,466,94031,6,0,0,6,2
2020-07-22,US,Ohio,Greene,503,10,0,39.69116283,-83.89032084,39057.0,297.7441294683817,1.9880715705765408,493,485,10,0,475,472,167995,18,0,0,18,13
2020-07-22,US,Ohio,Guernsey,90,6,0,40.05026529,-81.49248905,39059.0,231.5112540192926,6.666666666666668,84,89,6,0,83,89,39022,1,0,0,1,0
2020-07-22,US,Ohio,Hamilton,8071,220,0,39.19673558,-84.54502924,39061.0,987.3108958950328,2.7258084500061948,7851,8020,219,0,7801,7923,816684,51,1,0,50,97
2020-07-22,US,Ohio,Hancock,148,2,0,41.00250487,-83.66838948,39063.0,195.29445917949937,1.351351351351351,146,140,2,0,138,133,75930,8,0,0,8,7
2020-07-22,US,Ohio,Hardin,140,12,0,40.66015414,-83.65929931,39065.0,446.357404750518,8.571428571428571,128,140,12,0,128,137,31480,0,0,0,0,3
2020-07-22,US,Ohio,Harrison,14,1,0,40.29380509,-81.09068544,39067.0,93.08510638297872,7.142857142857142,13,14,1,0,13,16,15174,0,0,0,0,-2
2020-07-22,US,Ohio,Henry,78,0,0,41.3339642,-84.06830637,39069.0,288.8247056209732,0.0,78,73,0,0,73,66,27086,5,0,0,5,7
2020-07-22,US,Ohio,Highland,83,1,0,39.1839264,-83.60331456,39071.0,192.3032367183337,1.2048192771084338,82,77,1,0,76,74,43058,6,0,0,6,3
2020-07-22,US,Ohio,Hocking,98,9,0,39.49537927,-82.47991446,39073.0,346.7308236626098,9.183673469387756,89,95,9,0,86,94,28385,3,0,0,3,1
2020-07-22,US,Ohio,Holmes,297,5,0,40.56163713,-81.92635677,39075.0,675.614194722475,1.6835016835016836,292,297,5,0,292,297,43892,0,0,0,0,0
2020-07-22,US,Ohio,Huron,311,3,0,41.14651175,-82.59867951,39077.0,533.7589674939072,0.964630225080386,308,309,3,0,306,303,58504,2,0,0,2,6
2020-07-22,US,Ohio,Jackson,49,0,0,39.01914254,-82.61818559999998,39079.0,151.17391170209484,0.0,49,44,0,0,44,41,32384,5,0,0,5,3
2020-07-22,US,Ohio,Jefferson,162,2,0,40.38614126,-80.76259514,39081.0,247.99081515499427,1.2345679012345678,160,162,2,0,160,159,65767,0,0,0,0,3
2020-07-22,US,Ohio,Knox,95,2,0,40.39830217,-82.42027563,39083.0,152.43413240910112,2.1052631578947367,93,89,2,0,87,80,61893,6,0,0,6,9
2020-07-22,US,Ohio,Lake,837,25,0,41.69710807,-81.23676539,39085.0,363.67744374296655,2.986857825567503,812,823,25,0,798,812,230514,14,0,0,14,11
2020-07-22,US,Ohio,Lawrence,162,0,0,38.59743452,-82.53466552,39087.0,272.43832299076735,0.0,162,152,0,0,152,146,59866,10,0,0,10,6
2020-07-22,US,Ohio,Licking,808,17,0,40.09136236,-82.48185785,39089.0,456.853365901098,2.103960396039604,791,766,16,0,750,733,175769,42,1,0,41,33
2020-07-22,US,Ohio,Logan,91,1,0,40.38996525,-83.76784341,39091.0,199.2468032930461,1.0989010989010992,90,89,1,0,88,88,45358,2,0,0,2,1
2020-07-22,US,Ohio,Lorain,1375,75,0,41.29553751,-82.15083537,39093.0,443.78745969602966,5.454545454545454,1300,1351,75,0,1276,1344,309461,24,0,0,24,7
2020-07-22,US,Ohio,Lucas,3742,308,0,41.62101218,-83.65468618,39095.0,873.5887642757757,8.230892570817744,3434,3629,307,0,3322,3567,429899,113,1,0,112,62
2020-07-22,US,Ohio,Madison,259,9,0,39.89381073,-83.40178317,39097.0,579.0167892513023,3.474903474903475,250,257,9,0,248,253,44413,2,0,0,2,4
2020-07-22,US,Ohio,Mahoning,2187,247,0,41.01631101,-80.77287029,39099.0,956.3456837631132,11.294010059442158,1940,2148,247,0,1901,2119,229642,39,0,0,39,29
2020-07-22,US,Ohio,Marion,2805,41,0,40.58610662,-83.15736305,39101.0,4309.219117262993,1.461675579322638,2764,2794,40,0,2754,2780,65256,11,1,0,10,14
2020-07-22,US,Ohio,Medina,709,32,0,41.11770589,-81.89986209999998,39103.0,394.4454953100486,4.51339915373766,677,698,32,0,666,691,179146,11,0,0,11,7
2020-07-22,US,Ohio,Meigs,20,0,0,39.09224872,-82.0305041,39105.0,87.30955603090759,0.0,20,21,0,0,21,20,23106,-1,0,0,-1,1
2020-07-22,US,Ohio,Mercer,379,11,0,40.54043046,-84.62912742,39107.0,920.5285145244341,2.9023746701846966,368,368,11,0,357,352,40959,11,0,0,11,16
2020-07-22,US,Ohio,Miami,599,33,0,40.0543329,-84.22871271,39109.0,559.8811070503893,5.509181969949917,566,588,32,0,556,576,106222,11,1,0,10,12
2020-07-22,US,Ohio,Monroe,89,17,0,39.72984936,-81.08464734,39111.0,651.8236414237588,19.101123595505623,72,89,17,0,72,89,13790,0,0,0,0,0
2020-07-22,US,Ohio,Montgomery,3200,50,0,39.75394919,-84.29050975,39113.0,601.8578599815305,1.5625,3150,3083,49,0,3034,3018,532331,117,1,0,116,65
2020-07-22,US,Ohio,Morgan,15,0,0,39.62081738,-81.85308173,39115.0,103.39123242349052,0.0,15,15,0,0,15,14,14604,0,0,0,0,1
2020-07-22,US,Ohio,Morrow,138,1,0,40.52363560000001,-82.7892599,39117.0,390.625,0.7246376811594203,137,136,1,0,135,136,35112,2,0,0,2,0
2020-07-22,US,Ohio,Muskingum,125,1,0,39.96575964,-81.94363275,39119.0,144.98637128109957,0.8,124,120,1,0,119,119,86183,5,0,0,5,1
2020-07-22,US,Ohio,Noble,16,0,0,39.76818851,-81.45937183,39121.0,110.92623405435387,0.0,16,16,0,0,16,16,14354,0,0,0,0,0
2020-07-22,US,Ohio,Ottawa,277,24,0,41.53781826,-83.0940185,39123.0,683.5286859962986,8.664259927797834,253,271,24,0,247,267,40769,6,0,0,6,4
2020-07-22,US,Ohio,Paulding,46,0,0,41.11676341,-84.5801017,39125.0,246.35818337617823,0.0,46,45,0,0,45,43,18760,1,0,0,1,2
2020-07-22,US,Ohio,Perry,63,1,0,39.73508655,-82.23804971,39127.0,174.35102673382409,1.5873015873015872,62,62,1,0,61,62,36033,1,0,0,1,0
2020-07-22,US,Ohio,Pickaway,2290,42,0,39.64170392,-83.0243386,39129.0,3917.409377833279,1.8340611353711789,2248,2283,42,0,2241,2275,58086,7,0,0,7,8
2020-07-22,US,Ohio,Pike,43,0,0,39.07634001,-83.06769584,39131.0,154.83220509866052,0.0,43,40,0,0,40,40,28067,3,0,0,3,0
2020-07-22,US,Ohio,Portage,586,59,0,41.16793482,-81.19735782,39133.0,360.6908522398533,10.06825938566553,527,577,59,0,518,574,162927,9,0,0,9,3
2020-07-22,US,Ohio,Preble,114,2,0,39.7420247,-84.64787018,39135.0,278.8513282129054,1.7543859649122806,112,110,1,0,109,108,40997,4,1,0,3,2
2020-07-22,US,Ohio,Putnam,165,16,0,41.02094889,-84.1336111,39137.0,487.2862585275095,9.696969696969695,149,163,16,0,147,161,33780,2,0,0,2,2
2020-07-22,US,Ohio,Richland,461,8,0,40.77180308,-82.53799609999999,39139.0,380.5074533238688,1.735357917570499,453,450,8,0,442,441,121099,11,0,0,11,9
2020-07-22,US,Ohio,Ross,212,5,0,39.33705391,-83.06000914,39141.0,276.524143688206,2.358490566037736,207,201,5,0,196,194,76931,11,0,0,11,7
2020-07-22,US,Ohio,Sandusky,240,15,0,41.35624126,-83.137872,39143.0,410.13021634368914,6.25,225,234,15,0,219,230,58799,6,0,0,6,4
2020-07-22,US,Ohio,Scioto,110,0,0,38.80270163,-82.98907345,39145.0,146.055182303423,0.0,110,106,0,0,106,104,75502,4,0,0,4,2
2020-07-22,US,Ohio,Seneca,88,2,0,41.12351311,-83.12783209,39147.0,159.4838522599587,2.272727272727273,86,81,2,0,79,69,55207,7,0,0,7,12
2020-07-22,US,Ohio,Shelby,96,4,0,40.33163494,-84.20258189,39149.0,197.5715167729986,4.166666666666667,92,91,4,0,87,84,48627,5,0,0,5,7
2020-07-22,US,Ohio,Stark,1412,121,0,40.81482476,-81.36437305,39151.0,380.99760932095,8.569405099150142,1291,1391,121,0,1270,1379,371574,21,0,0,21,12
2020-07-22,US,Ohio,Summit,2712,212,0,41.12464734,-81.53123079,39153.0,501.28185459499116,7.817109144542773,2500,2667,211,0,2456,2638,541918,45,1,0,44,29
2020-07-22,US,Ohio,Trumbull,1210,85,0,41.31735028,-80.76109643,39155.0,611.1913685635487,7.024793388429752,1125,1179,84,0,1095,1171,198627,31,1,0,30,8
2020-07-22,US,Ohio,Tuscarawas,694,11,0,40.44214695,-81.47226262,39157.0,754.4544337786862,1.5850144092219018,683,691,11,0,680,685,92176,3,0,0,3,6
2020-07-22,US,Ohio,Union,162,1,0,40.30016061,-83.37239023,39159.0,274.63212856852243,0.6172839506172839,161,152,1,0,151,150,57835,10,0,0,10,2
2020-07-22,US,Ohio,Van Wert,58,1,0,40.8554138,-84.59111700000003,39161.0,205.12820512820514,1.7241379310344829,57,56,1,0,55,56,28281,2,0,0,2,0
2020-07-22,US,Ohio,Vinton,25,2,0,39.25208988,-82.4831444,39163.0,191.05846388995042,8.0,23,25,2,0,23,25,13139,0,0,0,0,0
2020-07-22,US,Ohio,Warren,1307,28,0,39.42581994,-84.16557457,39165.0,557.1137500959071,2.1423106350420813,1279,1272,28,0,1244,1256,232173,35,0,0,35,16
2020-07-22,US,Ohio,Washington,171,21,0,39.45690571,-81.49121382,39167.0,285.42337801071585,12.280701754385964,150,168,21,0,147,166,60155,3,0,0,3,2
2020-07-22,US,Ohio,Wayne,418,57,0,40.82925852,-81.88844833,39169.0,361.247947454844,13.636363636363635,361,412,57,0,355,405,115967,6,0,0,6,7
2020-07-22,US,Ohio,Williams,96,3,0,41.56052014,-84.58429552,39171.0,261.6374141502235,3.125,93,95,3,0,92,94,36804,1,0,0,1,1
2020-07-22,US,Ohio,Wood,648,54,0,41.36224827,-83.62285108,39173.0,495.3484638846633,8.333333333333334,594,626,54,0,572,616,130696,22,0,0,22,10
2020-07-22,US,Ohio,Wyandot,74,5,0,40.84339621,-83.30734173,39175.0,339.88609222855035,6.756756756756758,69,73,5,0,68,72,21935,1,0,0,1,1
2020-07-22,US,Oklahoma,Adair,205,4,0,35.88494195,-94.65859267,40001.0,923.6730647922864,1.951219512195122,201,196,4,0,192,172,22082,9,0,0,9,24
2020-07-22,US,Oklahoma,Alfalfa,1,0,0,36.73090616,-98.32408495,40003.0,17.5377060680463,0.0,1,1,0,0,1,1,5754,0,0,0,0,0
2020-07-22,US,Oklahoma,Atoka,48,0,0,34.37366573,-96.03802487,40005.0,348.8879197557785,0.0,48,47,0,0,47,47,13838,1,0,0,1,0
2020-07-22,US,Oklahoma,Beaver,33,0,0,36.7496847,-100.4758872,40007.0,621.3519111278479,0.0,33,33,0,0,33,32,5319,0,0,0,0,1
2020-07-22,US,Oklahoma,Beckham,27,0,0,35.26862449,-99.68128023,40009.0,123.51891669335285,0.0,27,27,0,0,27,27,21709,0,0,0,0,0
2020-07-22,US,Oklahoma,Blaine,24,0,0,35.87518314,-98.43307003,40011.0,254.53388482341708,0.0,24,23,0,0,23,23,9485,1,0,0,1,0
2020-07-22,US,Oklahoma,Bryan,259,1,0,33.96472458,-96.25903472,40013.0,539.6395457860193,0.3861003861003861,258,252,1,0,251,240,47192,7,0,0,7,12
2020-07-22,US,Oklahoma,Caddo,236,11,0,35.17364557,-98.37534464,40015.0,820.5270843474028,4.6610169491525415,225,232,11,0,221,226,28977,4,0,0,4,6
2020-07-22,US,Oklahoma,Canadian,717,4,0,35.5426055,-97.98465569,40017.0,483.4598735047807,0.5578800557880056,713,686,4,0,682,674,144447,31,0,0,31,12
2020-07-22,US,Oklahoma,Carter,231,3,0,34.25103751,-97.28552485,40019.0,480.13967699694456,1.2987012987012987,228,224,3,0,221,216,48177,7,0,0,7,8
2020-07-22,US,Oklahoma,Cherokee,182,1,0,35.90692775,-94.99980896,40021.0,374.046899726658,0.5494505494505495,181,169,1,0,168,150,48675,13,0,0,13,19
2020-07-22,US,Oklahoma,Choctaw,148,1,0,34.02807439,-95.54771129,40023.0,1008.7241003271538,0.6756756756756757,147,147,1,0,146,143,14668,1,0,0,1,4
2020-07-22,US,Oklahoma,Cimarron,1,0,0,36.74817177,-102.5173885,40025.0,46.79457182966776,0.0,1,1,0,0,1,1,2153,0,0,0,0,0
2020-07-22,US,Oklahoma,Cleveland,1847,40,0,35.20413532,-97.32519562,40027.0,650.3200546451935,2.165674066053059,1807,1760,40,0,1720,1693,281669,87,0,0,87,67
2020-07-22,US,Oklahoma,Coal,20,0,0,34.58840127,-96.29798747,40029.0,363.9672429481345,0.0,20,19,0,0,19,18,5520,1,0,0,1,1
2020-07-22,US,Oklahoma,Comanche,609,9,0,34.65973764,-98.47195055,40031.0,504.35200291513803,1.477832512315271,600,607,9,0,598,594,120422,2,0,0,2,13
2020-07-22,US,Oklahoma,Cotton,12,2,0,34.28845626,-98.37053567,40033.0,211.7896223085069,16.666666666666668,10,12,2,0,10,12,5776,0,0,0,0,0
2020-07-22,US,Oklahoma,Craig,44,0,0,36.76268118,-95.20916602,40035.0,311.1299674727761,0.0,44,41,0,0,41,37,14306,3,0,0,3,4
2020-07-22,US,Oklahoma,Creek,299,9,0,35.90230551,-96.37086028,40037.0,418.05318643214673,3.0100334448160537,290,287,9,0,278,272,71604,12,0,0,12,15
2020-07-22,US,Oklahoma,Custer,126,0,0,35.63853802,-99.00170785,40039.0,434.4378167775747,0.0,126,121,0,0,121,112,29036,5,0,0,5,9
2020-07-22,US,Oklahoma,Delaware,316,19,0,36.40823634,-94.80325046,40041.0,734.729940245065,6.012658227848102,297,300,19,0,281,293,42733,16,0,0,16,7
2020-07-22,US,Oklahoma,Dewey,4,0,0,35.98772922,-99.00730714,40043.0,81.78286648947045,0.0,4,6,0,0,6,7,4894,-2,0,0,-2,-1
2020-07-22,US,Oklahoma,Ellis,1,0,0,36.218019399999996,-99.75324573,40045.0,25.91344908007256,0.0,1,1,0,0,1,1,3952,0,0,0,0,0
2020-07-22,US,Oklahoma,Garfield,186,2,0,36.3791334,-97.78265517,40047.0,304.63836477987417,1.075268817204301,184,183,2,0,181,176,60913,3,0,0,3,7
2020-07-22,US,Oklahoma,Garvin,152,3,0,34.70418038,-97.30811132,40049.0,548.5186388076937,1.973684210526316,149,151,3,0,148,146,27811,1,0,0,1,5
2020-07-22,US,Oklahoma,Grady,325,5,0,35.0167709,-97.88339847,40051.0,582.0826019987821,1.5384615384615383,320,309,5,0,304,304,55551,16,0,0,16,5
2020-07-22,US,Oklahoma,Grant,5,0,0,36.796296999999996,-97.78638765,40053.0,115.39349180706208,0.0,5,5,0,0,5,5,4326,0,0,0,0,0
2020-07-22,US,Oklahoma,Greer,72,7,0,34.93535801,-99.56056120000001,40055.0,1260.5042016806724,9.722222222222221,65,71,7,0,64,71,5821,1,0,0,1,0
2020-07-22,US,Oklahoma,Harmon,4,0,0,34.7440135,-99.84741652,40057.0,150.77271013946475,0.0,4,4,0,0,4,4,2664,0,0,0,0,0
2020-07-22,US,Oklahoma,Harper,2,0,0,36.78836519,-99.6679804,40059.0,54.2299349240781,0.0,2,2,0,0,2,2,3797,0,0,0,0,0
2020-07-22,US,Oklahoma,Haskell,23,0,0,35.22257600000001,-95.11513306,40061.0,182.14936247723134,0.0,23,22,0,0,22,21,12668,1,0,0,1,1
2020-07-22,US,Oklahoma,Hughes,25,1,0,35.04912569,-96.24921145,40063.0,188.2671887943369,4.0,24,22,1,0,21,22,13335,3,0,0,3,0
2020-07-22,US,Oklahoma,Jackson,228,3,0,34.58781741,-99.41138784,40065.0,929.4741133306156,1.3157894736842106,225,219,3,0,216,215,24949,9,0,0,9,4
2020-07-22,US,Oklahoma,Jefferson,23,0,0,34.11130184,-97.83182974,40067.0,383.20559813395516,0.0,23,22,0,0,22,20,6123,1,0,0,1,2
2020-07-22,US,Oklahoma,Johnston,25,0,0,34.31440473,-96.66011537,40069.0,225.5299954894001,0.0,25,23,0,0,23,23,10949,2,0,0,2,0
2020-07-22,US,Oklahoma,Kay,156,9,0,36.81799745,-97.14421435,40071.0,358.30768524047966,5.769230769230768,147,153,9,0,144,147,44161,3,0,0,3,6
2020-07-22,US,Oklahoma,Kingfisher,70,0,0,35.94530008,-97.94193268,40073.0,444.021566761814,0.0,70,68,0,0,68,63,15816,2,0,0,2,5
2020-07-22,US,Oklahoma,Kiowa,19,1,0,34.91671958,-98.97720696,40075.0,218.19016995865871,5.2631578947368425,18,18,1,0,17,18,8729,1,0,0,1,0
2020-07-22,US,Oklahoma,Latimer,29,1,0,34.87844729,-95.25215049,40077.0,287.89834210265064,3.4482758620689653,28,27,1,0,26,25,10231,2,0,0,2,2
2020-07-22,US,Oklahoma,Le Flore,102,1,0,34.89851864,-94.70392124,40079.0,204.6015284937717,0.9803921568627452,101,100,1,0,99,89,49980,2,0,0,2,11
2020-07-22,US,Oklahoma,Lincoln,63,2,0,35.70270942,-96.8812462,40081.0,180.63480230524414,3.1746031746031744,61,60,2,0,58,58,34920,3,0,0,3,2
2020-07-22,US,Oklahoma,Logan,128,1,0,35.91899576,-97.44352845,40083.0,266.60556955697655,0.78125,127,123,1,0,122,120,47291,5,0,0,5,3
2020-07-22,US,Oklahoma,Love,57,0,0,33.95273467,-97.23906784,40085.0,555.934848337072,0.0,57,56,0,0,56,55,10134,1,0,0,1,1
2020-07-22,US,Oklahoma,Major,18,1,0,36.31149996,-98.53467076,40093.0,235.94180102241447,5.5555555555555545,17,17,1,0,16,16,7644,1,0,0,1,1
2020-07-22,US,Oklahoma,Marshall,58,0,0,34.02311222,-96.76855464,40095.0,342.5668891382672,0.0,58,51,0,0,51,51,16806,7,0,0,7,0
2020-07-22,US,Oklahoma,Mayes,202,5,0,36.30179091,-95.23175116,40097.0,491.4841849148418,2.4752475247524752,197,192,5,0,187,178,41107,10,0,0,10,14
2020-07-22,US,Oklahoma,McClain,315,4,0,35.01123903,-97.44572302,40087.0,778.2774126599793,1.2698412698412698,311,302,4,0,298,289,39985,13,0,0,13,13
2020-07-22,US,Oklahoma,McCurtain,728,17,0,34.11664328,-94.77222373,40089.0,2217.348927875244,2.3351648351648358,711,708,14,0,694,695,32703,20,3,0,17,13
2020-07-22,US,Oklahoma,McIntosh,109,1,0,35.37235506,-95.66599306,40091.0,556.2359665237802,0.9174311926605504,108,102,1,0,101,100,19815,7,0,0,7,2
2020-07-22,US,Oklahoma,Murray,39,0,0,34.48116015,-97.06826283,40099.0,277.1264122788318,0.0,39,31,0,0,31,29,13953,8,0,0,8,2
2020-07-22,US,Oklahoma,Muskogee,288,16,0,35.61318461,-95.37802952,40101.0,423.5480977101931,5.5555555555555545,272,276,14,0,262,247,68362,12,2,0,10,29
2020-07-22,US,Oklahoma,Noble,65,2,0,36.38953329,-97.22928674,40103.0,583.9547210493217,3.0769230769230766,63,61,2,0,59,59,11289,4,0,0,4,2
2020-07-22,US,Oklahoma,Nowata,45,1,0,36.79843529,-95.61902331,40105.0,446.60579595077417,2.2222222222222223,44,42,1,0,41,41,10218,3,0,0,3,1
2020-07-22,US,Oklahoma,Okfuskee,24,0,0,35.46485198,-96.32639984,40107.0,200.11673476194446,0.0,24,24,0,0,24,23,12098,0,0,0,0,1
2020-07-22,US,Oklahoma,Oklahoma,6762,85,0,35.55140095,-97.40716948,40109.0,847.9698633366522,1.2570245489500147,6677,6492,82,0,6410,6301,792582,270,3,0,267,191
2020-07-22,US,Oklahoma,Okmulgee,242,0,0,35.64661916,-95.96432828,40111.0,629.1433770960614,0.0,242,233,0,0,233,219,38335,9,0,0,9,14
2020-07-22,US,Oklahoma,Osage,257,9,0,36.62888819,-96.39635704,40113.0,547.2393160573217,3.5019455252918283,248,252,9,0,243,246,47014,5,0,0,5,6
2020-07-22,US,Oklahoma,Ottawa,233,2,0,36.83532655,-94.81011909,40115.0,748.5462781508015,0.8583690987124464,231,224,2,0,222,219,31175,9,0,0,9,5
2020-07-22,US,Oklahoma,Pawnee,86,3,0,36.31743373,-96.70331759999999,40117.0,525.1587689301417,3.4883720930232562,83,84,3,0,81,85,16390,2,0,0,2,-1
2020-07-22,US,Oklahoma,Payne,560,2,0,36.07695283,-96.97584944,40119.0,684.7305096351365,0.35714285714285715,558,551,2,0,549,528,82040,9,0,0,9,23
2020-07-22,US,Oklahoma,Pittsburg,100,3,0,34.92065823,-95.75134320000001,40121.0,229.0740825582993,3.0,97,89,3,0,86,87,43877,11,0,0,11,2
2020-07-22,US,Oklahoma,Pontotoc,115,2,0,34.72959848,-96.68337199,40123.0,300.3865844739317,1.7391304347826086,113,106,2,0,104,103,38247,9,0,0,9,3
2020-07-22,US,Oklahoma,Pottawatomie,237,6,0,35.20614018,-96.94923008,40125.0,326.48225699801634,2.5316455696202533,231,216,6,0,210,211,72679,21,0,0,21,5
2020-07-22,US,Oklahoma,Pushmataha,46,0,0,34.41635232,-95.37603505,40127.0,414.56380677721705,0.0,46,40,0,0,40,39,11179,6,0,0,6,1
2020-07-22,US,Oklahoma,Roger Mills,3,0,0,35.68711719,-99.69666167,40129.0,83.72871895060004,0.0,3,3,0,0,3,3,3656,0,0,0,0,0
2020-07-22,US,Oklahoma,Rogers,488,11,0,36.37004357,-95.60406759,40131.0,527.8015120215447,2.2540983606557377,477,465,10,0,455,439,91984,23,1,0,22,26
2020-07-22,US,Oklahoma,Seminole,102,5,0,35.16478725,-96.61686741,40133.0,420.4798417017067,4.901960784313727,97,89,4,0,85,84,24578,13,1,0,12,5
2020-07-22,US,Oklahoma,Sequoyah,111,3,0,35.49447108,-94.75463785,40135.0,267.02590873006335,2.702702702702702,108,102,3,0,99,86,41179,9,0,0,9,16
2020-07-22,US,Oklahoma,Stephens,130,1,0,34.48556989,-97.85141892,40137.0,301.32350555130614,0.7692307692307693,129,130,1,0,129,126,43265,0,0,0,0,4
2020-07-22,US,Oklahoma,Texas,1009,7,0,36.74777635,-101.4889765,40139.0,5049.291898113396,0.6937561942517344,1002,1008,7,0,1001,1007,20455,1,0,0,1,1
2020-07-22,US,Oklahoma,Tillman,36,1,0,34.37288446,-98.92426619,40141.0,496.5517241379312,2.7777777777777777,35,35,1,0,34,32,7348,1,0,0,1,3
2020-07-22,US,Oklahoma,Tulsa,6744,89,0,36.11939621,-95.94013939,40143.0,1035.0670399292765,1.319691577698695,6655,6536,86,0,6450,6316,648360,208,3,0,205,220
2020-07-22,US,Oklahoma,Wagoner,507,19,0,35.96024096,-95.51911308,40145.0,623.7006237006237,3.7475345167652865,488,488,19,0,469,464,80110,19,0,0,19,24
2020-07-22,US,Oklahoma,Washington,505,39,0,36.71380786,-95.90514104,40147.0,980.0687018456343,7.722772277227722,466,502,39,0,463,496,51843,3,0,0,3,6
2020-07-22,US,Oklahoma,Washita,12,0,0,35.29071824,-98.99180434,40149.0,109.93037742762917,0.0,12,12,0,0,12,12,11127,0,0,0,0,0
2020-07-22,US,Oklahoma,Woods,15,0,0,36.76705782,-98.86573064,40151.0,170.590242238144,0.0,15,12,0,0,12,12,8897,3,0,0,3,0
2020-07-22,US,Oklahoma,Woodward,23,0,0,36.42316318,-99.26283045,40153.0,113.7994161595171,0.0,23,21,0,0,21,18,20222,2,0,0,2,3
2020-07-22,US,Oregon,Baker,16,0,0,44.70915557,-117.6749883,41001.0,99.23096005953856,0.0,16,15,0,0,15,13,16006,1,0,0,1,2
2020-07-22,US,Oregon,Benton,132,6,0,44.49167306,-123.4316987,41003.0,141.85464197822745,4.545454545454546,126,129,6,0,123,128,92101,3,0,0,3,1
2020-07-22,US,Oregon,Clackamas,1181,33,0,45.18787398,-122.2179634,41005.0,282.40954405564975,2.79424216765453,1148,1156,33,0,1123,1141,416075,25,0,0,25,15
2020-07-22,US,Oregon,Clatsop,68,0,0,45.99712889,-123.660711,41007.0,169.0533015115354,0.0,68,67,0,0,67,64,39764,1,0,0,1,3
2020-07-22,US,Oregon,Columbia,63,0,0,45.94464254,-123.08908980000001,41009.0,120.3346449172938,0.0,63,63,0,0,63,62,52377,0,0,0,0,1
2020-07-22,US,Oregon,Coos,73,0,0,43.17406868,-124.0594514,41011.0,113.20111030130104,0.0,73,70,0,0,70,69,64389,3,0,0,3,1
2020-07-22,US,Oregon,Crook,30,1,0,44.14230227,-120.356297,41013.0,122.93066710375349,3.333333333333333,29,30,1,0,29,28,23867,0,0,0,0,2
2020-07-22,US,Oregon,Curry,11,0,0,42.45911325,-124.15728200000001,41015.0,47.982551799345686,0.0,11,10,0,0,10,10,22813,1,0,0,1,0
2020-07-22,US,Oregon,Deschutes,387,1,0,43.91570171,-121.2289121,41017.0,195.75905954717442,0.25839793281653745,386,378,1,0,377,371,191996,9,0,0,9,7
2020-07-22,US,Oregon,Douglas,92,1,0,43.27941273,-123.16729099999999,41019.0,82.89781942692376,1.0869565217391304,91,90,1,0,89,87,110283,2,0,0,2,3
2020-07-22,US,Oregon,Gilliam,2,0,0,45.37160076,-120.20488689999999,41021.0,104.60251046025104,0.0,2,2,0,0,2,2,1894,0,0,0,0,0
2020-07-22,US,Oregon,Grant,2,0,0,44.49024544,-119.0068631,41023.0,27.781636338380327,0.0,2,1,0,0,1,1,7176,1,0,0,1,0
2020-07-22,US,Oregon,Harney,5,0,0,43.06422669,-118.96663059999999,41025.0,67.63154335181929,0.0,5,5,0,0,5,3,7329,0,0,0,0,2
2020-07-22,US,Oregon,Hood River,139,0,0,45.51872811,-121.65520359999998,41027.0,594.4743820032503,0.0,139,135,0,0,135,132,23428,4,0,0,4,3
2020-07-22,US,Oregon,Jackson,257,0,0,42.43201126,-122.72893090000001,41029.0,116.31906727496559,0.0,257,247,0,0,247,242,219564,10,0,0,10,5
2020-07-22,US,Oregon,Jefferson,219,0,0,44.62806839,-121.17832,41031.0,888.1498905020682,0.0,219,214,0,0,214,206,24192,5,0,0,5,8
2020-07-22,US,Oregon,Josephine,75,1,0,42.3665549,-123.5561938,41033.0,85.72702230045607,1.3333333333333333,74,74,1,0,73,72,87393,1,0,0,1,2
2020-07-22,US,Oregon,Klamath,162,1,0,42.68762984,-121.64964609999998,41035.0,237.4043787918755,0.6172839506172839,161,156,1,0,155,155,67653,6,0,0,6,1
2020-07-22,US,Oregon,Lake,30,0,0,42.79246693,-120.38501629999999,41037.0,381.2428516965307,0.0,30,30,0,0,30,29,7879,0,0,0,0,1
2020-07-22,US,Oregon,Lane,407,3,0,43.93727035,-122.847753,41039.0,106.52581877000631,0.7371007371007371,404,401,3,0,398,398,379611,6,0,0,6,3
2020-07-22,US,Oregon,Lincoln,373,8,0,44.64252874,-123.86991200000001,41041.0,746.5673912173253,2.1447721179624666,365,371,8,0,363,371,49388,2,0,0,2,0
2020-07-22,US,Oregon,Linn,204,10,0,44.48899494,-122.53731540000001,41043.0,157.2266452920639,4.901960784313727,194,198,10,0,188,199,127335,6,0,0,6,-1
2020-07-22,US,Oregon,Malheur,530,6,0,43.1937027,-117.62273950000001,41045.0,1733.6691635864056,1.1320754716981132,524,517,6,0,511,499,30725,13,0,0,13,18
2020-07-22,US,Oregon,Marion,2238,62,0,44.90287942,-122.58151170000001,41047.0,643.4399599790695,2.770330652368186,2176,2210,62,0,2148,2170,346868,28,0,0,28,40
2020-07-22,US,Oregon,Morrow,208,1,0,45.41846568,-119.584546,41049.0,1792.6398345255536,0.4807692307692308,207,205,1,0,204,195,11372,3,0,0,3,10
2020-07-22,US,Oregon,Multnomah,3678,76,0,45.54747959,-122.4169351,41051.0,452.47922446192734,2.066340402392605,3602,3631,76,0,3555,3566,811880,47,0,0,47,65
2020-07-22,US,Oregon,Polk,212,12,0,44.90322804,-123.4128888,41053.0,246.26822326770053,5.660377358490566,200,207,12,0,195,204,85234,5,0,0,5,3
2020-07-22,US,Oregon,Sherman,8,0,0,45.41501554,-120.6827834,41055.0,449.438202247191,0.0,8,8,0,0,8,8,1708,0,0,0,0,0
2020-07-22,US,Oregon,Tillamook,23,0,0,45.46248721,-123.712066,41057.0,85.07175617694925,0.0,23,23,0,0,23,23,26787,0,0,0,0,0
2020-07-22,US,Oregon,Umatilla,1462,12,0,45.59073056,-118.7353826,41059.0,1875.561257216164,0.8207934336525308,1450,1438,10,0,1428,1381,77516,24,2,0,22,57
2020-07-22,US,Oregon,Union,385,2,0,45.30915495,-118.0068979,41061.0,1434.6934972983045,0.5194805194805194,383,385,2,0,383,383,26461,0,0,0,0,2
2020-07-22,US,Oregon,Wallowa,18,1,0,45.57894064,-117.18353799999998,41063.0,249.7225305216426,5.5555555555555545,17,18,1,0,17,18,7081,0,0,0,0,0
2020-07-22,US,Oregon,Wasco,132,3,0,45.16292781,-121.16709540000001,41065.0,494.71553856532495,2.272727272727273,129,131,3,0,128,130,26505,1,0,0,1,1
2020-07-22,US,Oregon,Washington,2319,22,0,45.55972701,-123.0955257,41067.0,385.47720049468745,0.9486847779215178,2297,2276,22,0,2254,2246,597695,43,0,0,43,30
2020-07-22,US,Oregon,Yamhill,252,9,0,45.23330449,-123.3086963,41071.0,235.29411764705884,3.571428571428572,243,248,9,0,239,241,107002,4,0,0,4,7
2020-07-22,US,Pennsylvania,Adams,424,15,0,39.87140411,-77.21610347,42001.0,411.61451911968857,3.537735849056604,409,421,15,0,406,414,102811,3,0,0,3,7
2020-07-22,US,Pennsylvania,Allegheny,6670,214,0,40.46809875,-79.98167747,42003.0,548.4994387543225,3.2083958020989507,6456,6574,211,0,6363,6435,1218452,96,3,0,93,139
2020-07-22,US,Pennsylvania,Armstrong,129,6,0,40.81665618,-79.46290811,42005.0,199.27396308025024,4.651162790697675,123,122,6,0,116,119,65263,7,0,0,7,3
2020-07-22,US,Pennsylvania,Beaver,1046,82,0,40.6825484,-80.34921611,42007.0,638.0811204850879,7.839388145315487,964,1011,81,0,930,968,164742,35,1,0,34,43
2020-07-22,US,Pennsylvania,Bedford,109,4,0,40.00522157,-78.48998442,42009.0,227.61443367858337,3.669724770642202,105,106,4,0,102,105,48176,3,0,0,3,1
2020-07-22,US,Pennsylvania,Berks,4889,362,0,40.41570541,-75.92457766,42011.0,1160.8304603432387,7.404377173246063,4527,4865,361,0,4504,4845,420152,24,1,0,23,20
2020-07-22,US,Pennsylvania,Blair,159,1,0,40.47961444,-78.34917412,42013.0,130.5107979216771,0.6289308176100629,158,149,1,0,148,142,122492,10,0,0,10,7
2020-07-22,US,Pennsylvania,Bradford,69,3,0,41.78869215,-76.51570822,42015.0,114.38423155347047,4.3478260869565215,66,68,3,0,65,67,60833,1,0,0,1,1
2020-07-22,US,Pennsylvania,Bucks,6513,573,0,40.33682119,-75.10836643,42017.0,1036.6562146847693,8.797789037309995,5940,6467,573,0,5894,6387,628195,46,0,0,46,80
2020-07-22,US,Pennsylvania,Butler,513,14,0,40.91152759,-79.91351055,42019.0,273.0858703347831,2.729044834307992,499,508,14,0,494,481,187888,5,0,0,5,27
2020-07-22,US,Pennsylvania,Cambria,182,3,0,40.49527404,-78.71377428,42021.0,139.79353570111834,1.6483516483516485,179,181,3,0,178,172,131730,1,0,0,1,9
2020-07-22,US,Pennsylvania,Cameron,5,0,0,41.43625568,-78.20376845,42023.0,112.4353496739375,0.0,5,5,0,0,5,5,4492,0,0,0,0,0
2020-07-22,US,Pennsylvania,Carbon,335,28,0,40.91545395,-75.7068525,42025.0,521.9531956000125,8.35820895522388,307,330,28,0,302,324,64227,5,0,0,5,6
2020-07-22,US,Pennsylvania,Centre,299,9,0,40.92058903,-77.82200624,42027.0,184.1303076023032,3.0100334448160537,290,294,9,0,285,288,162805,5,0,0,5,6
2020-07-22,US,Pennsylvania,Chester,4459,342,0,39.97291773,-75.74768357,42029.0,849.351129261756,7.669881139268893,4117,4422,341,0,4081,4326,522046,37,1,0,36,96
2020-07-22,US,Pennsylvania,Clarion,70,2,0,41.19265812,-79.42413524,42031.0,182.11145220875176,2.8571428571428568,68,69,2,0,67,68,38779,1,0,0,1,1
2020-07-22,US,Pennsylvania,Clearfield,105,0,0,41.00110782,-78.47592663,42033.0,132.4837549681408,0.0,105,104,0,0,104,99,79388,1,0,0,1,5
2020-07-22,US,Pennsylvania,Clinton,105,5,0,41.23255967,-77.63785995,42035.0,271.79540277490156,4.761904761904762,100,104,5,0,99,104,38684,1,0,0,1,0
2020-07-22,US,Pennsylvania,Columbia,438,35,0,41.04821986,-76.40565017,42037.0,674.2195677606059,7.9908675799086755,403,436,35,0,401,433,65456,2,0,0,2,3
2020-07-22,US,Pennsylvania,Crawford,114,1,0,41.68447709,-80.10760592,42039.0,134.70559737205923,0.8771929824561403,113,112,1,0,111,109,85063,2,0,0,2,3
2020-07-22,US,Pennsylvania,Cumberland,1058,69,0,40.1625372,-77.26130755,42041.0,417.571141019063,6.521739130434782,989,1046,69,0,977,1024,251423,12,0,0,12,22
2020-07-22,US,Pennsylvania,Dauphin,2466,152,0,40.41377078,-76.77993242,42043.0,886.0973269756629,6.163828061638282,2314,2446,151,0,2295,2420,277097,20,1,0,19,26
2020-07-22,US,Pennsylvania,Delaware,8003,675,0,39.91680171,-75.40243663,42045.0,1412.0939325660306,8.434337123578658,7328,7962,675,0,7287,7903,564751,41,0,0,41,59
2020-07-22,US,Pennsylvania,Elk,38,2,0,41.42822061,-78.64524744,42047.0,127.04781009695749,5.2631578947368425,36,38,2,0,36,37,30169,0,0,0,0,1
2020-07-22,US,Pennsylvania,Erie,813,13,0,41.99253829,-80.03301954,42049.0,301.41475857159804,1.5990159901599017,800,805,13,0,792,787,272061,8,0,0,8,18
2020-07-22,US,Pennsylvania,Fayette,288,4,0,39.92041012,-79.64291195,42051.0,222.78261676748608,1.3888888888888888,284,279,4,0,275,272,130441,9,0,0,9,7
2020-07-22,US,Pennsylvania,Forest,7,0,0,41.51095103,-79.23229292,42053.0,96.59169311439214,0.0,7,7,0,0,7,7,7279,0,0,0,0,0
2020-07-22,US,Pennsylvania,Franklin,1109,46,0,39.92956518,-77.72157791,42055.0,715.359259999871,4.147880973850317,1063,1096,46,0,1050,1074,154835,13,0,0,13,22
2020-07-22,US,Pennsylvania,Fulton,19,1,0,39.92913544,-78.11163677,42057.0,130.76393668272544,5.2631578947368425,18,19,1,0,18,19,14523,0,0,0,0,0
2020-07-22,US,Pennsylvania,Greene,91,0,0,39.85746531,-80.22357106,42059.0,251.1522645102531,0.0,91,91,0,0,91,87,36506,0,0,0,0,4
2020-07-22,US,Pennsylvania,Huntingdon,272,4,0,40.42162652,-77.97673273,42061.0,602.5163919900763,1.4705882352941178,268,271,4,0,267,269,45168,1,0,0,1,2
2020-07-22,US,Pennsylvania,Indiana,185,6,0,40.65241041,-79.08963285,42063.0,220.04686403482688,3.2432432432432434,179,181,6,0,175,180,84501,4,0,0,4,1
2020-07-22,US,Pennsylvania,Jefferson,48,1,0,41.12913106,-78.9986361,42065.0,110.53540587219344,2.083333333333333,47,48,1,0,47,47,43641,0,0,0,0,1
2020-07-22,US,Pennsylvania,Juniata,120,6,0,40.53358749,-77.39975129999998,42067.0,484.5939506521827,5.0,114,120,6,0,114,120,24704,0,0,0,0,0
2020-07-22,US,Pennsylvania,Lackawanna,1823,212,0,41.43564672,-75.60379201,42069.0,869.4449478714575,11.629182665935273,1611,1817,212,0,1605,1808,210793,6,0,0,6,9
2020-07-22,US,Pennsylvania,Lancaster,5122,393,0,40.03904563,-76.24770128,42071.0,938.5696799114572,7.672784068723155,4729,5122,392,0,4730,5084,543557,0,1,0,-1,38
2020-07-22,US,Pennsylvania,Lawrence,257,9,0,40.99206278,-80.33393706,42073.0,300.54261390214236,3.5019455252918283,248,243,9,0,234,235,86184,14,0,0,14,8
2020-07-22,US,Pennsylvania,Lebanon,1518,52,0,40.36680311,-76.45651841,42075.0,1070.5747110224056,3.4255599472990776,1466,1509,52,0,1457,1500,141314,9,0,0,9,9
2020-07-22,US,Pennsylvania,Lehigh,4600,334,0,40.6154815,-75.59435245,42077.0,1245.5390747269296,7.2608695652173925,4266,4585,333,0,4252,4564,368100,15,1,0,14,21
2020-07-22,US,Pennsylvania,Luzerne,3085,183,0,41.17823008,-75.98447579,42079.0,971.9076167943117,5.931928687196111,2902,3083,182,0,2901,3071,317646,2,1,0,1,12
2020-07-22,US,Pennsylvania,Lycoming,279,20,0,41.34310539,-77.06629984,42081.0,246.2510701771419,7.168458781362008,259,276,20,0,256,274,113664,3,0,0,3,2
2020-07-22,US,Pennsylvania,McKean,26,1,0,41.80938602,-78.56478358,42083.0,64.0,3.8461538461538463,25,25,1,0,24,25,40968,1,0,0,1,0
2020-07-22,US,Pennsylvania,Mercer,276,9,0,41.30248872,-80.25816981,42085.0,252.22985816639854,3.260869565217391,267,259,8,0,251,245,110683,17,1,0,16,14
2020-07-22,US,Pennsylvania,Mifflin,82,1,0,40.61116939,-77.61070738,42087.0,177.7276865057003,1.2195121951219512,81,83,1,0,82,82,46222,-1,0,0,-1,1
2020-07-22,US,Pennsylvania,Monroe,1534,120,0,41.05934058,-75.34031025,42089.0,900.916773848747,7.822685788787483,1414,1530,119,0,1411,1503,169507,4,1,0,3,27
2020-07-22,US,Pennsylvania,Montgomery,9282,839,0,40.21053671,-75.36652296,42091.0,1117.0817713003134,9.039000215470805,8443,9222,837,0,8385,9182,828604,60,2,0,58,40
2020-07-22,US,Pennsylvania,Montour,86,3,0,41.03023987,-76.66345939,42093.0,471.74986286341203,3.4883720930232562,83,87,3,0,84,86,18240,-1,0,0,-1,1
2020-07-22,US,Pennsylvania,Northampton,3669,288,0,40.75182733,-75.30471829,42095.0,1201.8278002522236,7.849550286181522,3381,3657,287,0,3370,3649,304807,12,1,0,11,8
2020-07-22,US,Pennsylvania,Northumberland,366,11,0,40.84785433,-76.70798222,42097.0,402.8929031405832,3.0054644808743167,355,365,11,0,354,364,91083,1,0,0,1,1
2020-07-22,US,Pennsylvania,Perry,98,5,0,40.40206612,-77.26297447,42099.0,211.7911479944675,5.1020408163265305,93,97,5,0,92,96,46139,1,0,0,1,1
2020-07-22,US,Pennsylvania,Philadelphia,28874,1673,0,40.00338507,-75.1379271,42101.0,1822.7798876813056,5.794140056798503,27201,28742,1666,0,27076,28592,1584138,132,7,0,125,150
2020-07-22,US,Pennsylvania,Pike,517,21,0,41.33155042,-75.03208106,42103.0,926.3738823487253,4.061895551257253,496,515,21,0,494,514,55933,2,0,0,2,1
2020-07-22,US,Pennsylvania,Potter,20,0,0,41.74471626,-77.89559864,42105.0,121.0214207914801,0.0,20,19,0,0,19,19,16622,1,0,0,1,0
2020-07-22,US,Pennsylvania,Schuylkill,828,49,0,40.70497338,-76.2150785,42107.0,585.7426835220963,5.9178743961352644,779,826,48,0,778,824,142067,2,1,0,1,2
2020-07-22,US,Pennsylvania,Snyder,85,2,0,40.77129231,-77.06840691,42109.0,210.5419597741009,2.3529411764705883,83,82,2,0,80,81,40540,3,0,0,3,1
2020-07-22,US,Pennsylvania,Somerset,100,1,0,39.97172723,-79.02699593,42111.0,136.15259983389382,1.0,99,97,1,0,96,94,73952,3,0,0,3,3
2020-07-22,US,Pennsylvania,Sullivan,10,0,0,41.44634738,-76.51246591,42113.0,164.85328058028355,0.0,10,10,0,0,10,10,6071,0,0,0,0,0
2020-07-22,US,Pennsylvania,Susquehanna,202,26,0,41.82147784,-75.80071959,42115.0,500.89268002380476,12.871287128712874,176,201,26,0,175,195,40589,1,0,0,1,6
2020-07-22,US,Pennsylvania,Tioga,33,2,0,41.77255149,-77.25433032,42117.0,81.29881008105245,6.0606060606060606,31,33,2,0,31,32,40763,0,0,0,0,1
2020-07-22,US,Pennsylvania,Union,113,2,0,40.96188846,-77.05996014,42119.0,251.5415266122031,1.7699115044247788,111,113,2,0,111,114,44785,0,0,0,0,-1
2020-07-22,US,Pennsylvania,Venango,53,0,0,41.40323442,-79.75845449,42121.0,104.60251046025104,0.0,53,53,0,0,53,51,51266,0,0,0,0,2
2020-07-22,US,Pennsylvania,Warren,14,1,0,41.81304978,-79.26969577,42123.0,35.72248730575897,7.142857142857142,13,14,1,0,13,13,39498,0,0,0,0,1
2020-07-22,US,Pennsylvania,Washington,603,10,0,40.19208869,-80.24582867,42125.0,291.4944529040679,1.658374792703151,593,592,10,0,582,580,207346,11,0,0,11,12
2020-07-22,US,Pennsylvania,Wayne,148,8,0,41.64938475,-75.29956506,42127.0,288.1563832479897,5.405405405405406,140,149,8,0,141,149,51276,-1,0,0,-1,0
2020-07-22,US,Pennsylvania,Westmoreland,1214,41,0,40.31377979999999,-79.46615476,42129.0,347.95169948896387,3.3772652388797364,1173,1193,40,0,1153,1174,350611,21,1,0,20,19
2020-07-22,US,Pennsylvania,Wyoming,53,7,0,41.51955538,-76.01074915,42131.0,197.80547883854595,13.20754716981132,46,52,7,0,45,52,27046,1,0,0,1,0
2020-07-22,US,Pennsylvania,York,2067,76,0,39.9210089,-76.73040131,42133.0,460.29688815253263,3.6768263183357517,1991,2052,74,0,1978,2006,448273,15,2,0,13,46
2020-07-22,US,Puerto Rico,Adjuntas,72,0,0,18.180117000000006,-66.754367,72001.0,369.5529435918492,0.0,72,72,0,0,72,72,,0,0,0,0,0
2020-07-22,US,Puerto Rico,Aguada,78,0,0,18.360255,-67.17513100000001,72003.0,185.89575538025213,0.0,78,75,0,0,75,71,,3,0,0,3,4
2020-07-22,US,Puerto Rico,Aguadilla,121,0,0,18.459681,-67.12081500000001,72005.0,198.52663702439742,0.0,121,120,0,0,120,112,,1,0,0,1,8
2020-07-22,US,Puerto Rico,Aguas Buenas,83,0,0,18.251619,-66.126806,72007.0,289.61233818346767,0.0,83,82,0,0,82,81,,1,0,0,1,1
2020-07-22,US,Puerto Rico,Aibonito,62,0,0,18.131361,-66.264131,72009.0,239.38223938223945,0.0,62,62,0,0,62,60,,0,0,0,0,2
2020-07-22,US,Puerto Rico,Anasco,92,0,0,18.287985,-67.120611,72011.0,314.41167424216536,0.0,92,92,0,0,92,89,,0,0,0,0,3
2020-07-22,US,Puerto Rico,Arecibo,193,0,0,18.406631,-66.675077,72013.0,200.1244296972211,0.0,193,189,0,0,189,186,,4,0,0,4,3
2020-07-22,US,Puerto Rico,Arroyo,67,0,0,17.998457000000005,-66.056546,72015.0,342.2733077905492,0.0,67,65,0,0,65,65,,2,0,0,2,0
2020-07-22,US,Puerto Rico,Barceloneta,40,0,0,18.445533,-66.56053100000001,72017.0,161.18633139909736,0.0,40,40,0,0,40,38,,0,0,0,0,2
2020-07-22,US,Puerto Rico,Barranquitas,135,0,0,18.201592,-66.30963,72019.0,445.2800316643578,0.0,135,135,0,0,135,131,,0,0,0,0,4
2020-07-22,US,Puerto Rico,Bayamon,792,0,0,18.34946,-66.168435,72021.0,380.5569970593323,0.0,792,785,0,0,785,758,,7,0,0,7,27
2020-07-22,US,Puerto Rico,Cabo Rojo,142,0,0,18.040993,-67.154391,72023.0,278.88524461378324,0.0,142,140,0,0,140,135,,2,0,0,2,5
2020-07-22,US,Puerto Rico,Caguas,439,0,0,18.211615,-66.050779,72025.0,307.2228870553492,0.0,439,432,0,0,432,415,,7,0,0,7,17
2020-07-22,US,Puerto Rico,Camuy,70,0,0,18.418578,-66.860206,72027.0,199.09553741573998,0.0,70,69,0,0,69,69,,1,0,0,1,0
2020-07-22,US,Puerto Rico,Canovanas,228,0,0,18.328802,-65.887612,72029.0,478.5090664875756,0.0,228,225,0,0,225,219,,3,0,0,3,6
2020-07-22,US,Puerto Rico,Carolina,647,0,0,18.374986,-65.95683100000001,72031.0,366.02889761374047,0.0,647,636,0,0,636,614,,11,0,0,11,22
2020-07-22,US,Puerto Rico,Catano,102,0,0,18.437269,-66.14330600000001,72033.0,362.4733475479744,0.0,102,101,0,0,101,96,,1,0,0,1,5
2020-07-22,US,Puerto Rico,Cayey,138,0,0,18.102851,-66.14914,72035.0,286.7890022652175,0.0,138,137,0,0,137,136,,1,0,0,1,1
2020-07-22,US,Puerto Rico,Ceiba,43,0,0,18.251818,-65.666416,72037.0,315.4574132492114,0.0,43,41,0,0,41,40,,2,0,0,2,1
2020-07-22,US,Puerto Rico,Ciales,83,0,0,18.28885,-66.516475,72039.0,441.9124693855819,0.0,83,82,0,0,82,81,,1,0,0,1,1
2020-07-22,US,Puerto Rico,Cidra,103,0,0,18.173559,-66.161179,72041.0,236.89052437902484,0.0,103,102,0,0,102,100,,1,0,0,1,2
2020-07-22,US,Puerto Rico,Coamo,75,0,0,18.097597,-66.36014,72043.0,185.13033175355446,0.0,75,75,0,0,75,67,,0,0,0,0,8
2020-07-22,US,Puerto Rico,Comerio,84,0,0,18.224687,-66.221622,72045.0,404.2737510828761,0.0,84,84,0,0,84,84,,0,0,0,0,0
2020-07-22,US,Puerto Rico,Corozal,89,0,0,18.304264,-66.327738,72047.0,239.6209143287922,0.0,89,89,0,0,89,84,,0,0,0,0,5
2020-07-22,US,Puerto Rico,Culebra,13,0,0,18.31586,-65.28813000000001,72049.0,715.0715071507152,0.0,13,11,0,0,11,11,,2,0,0,2,0
2020-07-22,US,Puerto Rico,Dorado,186,0,0,18.436115,-66.278669,72051.0,487.35752652954284,0.0,186,185,0,0,185,181,,1,0,0,1,4
2020-07-22,US,Puerto Rico,Fajardo,135,0,0,18.318373,-65.666866,72053.0,364.9339064147271,0.0,135,133,0,0,133,128,,2,0,0,2,5
2020-07-22,US,Puerto Rico,Florida,88,0,0,18.373715,-66.560488,72054.0,694.0063091482651,0.0,88,85,0,0,85,64,,3,0,0,3,21
2020-07-22,US,Puerto Rico,Guanica,51,0,0,17.982429,-66.91964300000001,72055.0,262.52123333504915,0.0,51,51,0,0,51,50,,0,0,0,0,1
2020-07-22,US,Puerto Rico,Guayama,104,0,0,18.007516,-66.13390799999999,72057.0,229.26678717869584,0.0,104,103,0,0,103,101,,1,0,0,1,2
2020-07-22,US,Puerto Rico,Guayanilla,94,0,0,18.039942,-66.79186,72059.0,435.56832398869375,0.0,94,93,0,0,93,91,,1,0,0,1,2
2020-07-22,US,Puerto Rico,Guaynabo,553,0,0,18.345114,-66.11452299999999,72061.0,564.7236632490502,0.0,553,552,0,0,552,542,,1,0,0,1,10
2020-07-22,US,Puerto Rico,Gurabo,156,0,0,18.266461,-65.97970500000001,72063.0,343.8471202803677,0.0,156,156,0,0,156,152,,0,0,0,0,4
2020-07-22,US,Puerto Rico,Hatillo,65,0,0,18.410928,-66.79632600000001,72065.0,154.9352847233809,0.0,65,64,0,0,64,62,,1,0,0,1,2
2020-07-22,US,Puerto Rico,Hormigueros,68,0,0,18.134532,-67.113972,72067.0,394.2028985507246,0.0,68,67,0,0,67,63,,1,0,0,1,4
2020-07-22,US,Puerto Rico,Humacao,125,0,0,18.145211,-65.810174,72069.0,213.79947319809804,0.0,125,123,0,0,123,121,,2,0,0,2,2
2020-07-22,US,Puerto Rico,Isabela,84,0,0,18.44981,-67.005093,72071.0,184.08538055269443,0.0,84,83,0,0,83,80,,1,0,0,1,3
2020-07-22,US,Puerto Rico,Jayuya,169,0,0,18.211446,-66.58878,72073.0,1015.5029443576492,0.0,169,169,0,0,169,168,,0,0,0,0,1
2020-07-22,US,Puerto Rico,Juana Diaz,135,0,0,18.050764,-66.49458100000001,72075.0,168.96754571510817,0.0,135,135,0,0,135,133,,0,0,0,0,2
2020-07-22,US,Puerto Rico,Juncos,75,0,0,18.223793,-65.909109,72077.0,186.15040953090096,0.0,75,74,0,0,74,71,,1,0,0,1,3
2020-07-22,US,Puerto Rico,Lajas,60,0,0,18.011661,-67.040585,72079.0,232.9825651380421,0.0,60,60,0,0,60,60,,0,0,0,0,0
2020-07-22,US,Puerto Rico,Lares,103,0,0,18.269035,-66.867236,72081.0,334.92667382044027,0.0,103,103,0,0,103,102,,0,0,0,0,1
2020-07-22,US,Puerto Rico,Las Marias,34,0,0,18.23679,-66.98362,72083.0,344.0947272543265,0.0,34,34,0,0,34,34,,0,0,0,0,0
2020-07-22,US,Puerto Rico,Las Piedras,107,0,0,18.187527,-65.86946800000001,72085.0,276.6645119586296,0.0,107,107,0,0,107,106,,0,0,0,0,1
2020-07-22,US,Puerto Rico,Loiza,65,0,0,18.425688,-65.89943000000001,72087.0,216.23419827012643,0.0,65,65,0,0,65,64,,0,0,0,0,1
2020-07-22,US,Puerto Rico,Luquillo,73,0,0,18.342114,-65.72509699999999,72089.0,363.763205102651,0.0,73,73,0,0,73,72,,0,0,0,0,1
2020-07-22,US,Puerto Rico,Manati,101,0,0,18.420473,-66.490461,72091.0,228.95745018475282,0.0,101,97,0,0,97,84,,4,0,0,4,13
2020-07-22,US,Puerto Rico,Maricao,36,0,0,18.171795,-66.942126,72093.0,573.6137667304015,0.0,36,36,0,0,36,36,,0,0,0,0,0
2020-07-22,US,Puerto Rico,Maunabo,39,0,0,18.017889,-65.922235,72095.0,319.0184049079755,0.0,39,39,0,0,39,36,,0,0,0,0,3
2020-07-22,US,Puerto Rico,Mayaguez,336,0,0,18.2013,-67.1452,72097.0,377.18904355635385,0.0,336,332,0,0,332,318,,4,0,0,4,14
2020-07-22,US,Puerto Rico,Moca,99,0,0,18.377805,-67.080952,72099.0,246.82739534767762,0.0,99,98,0,0,98,94,,1,0,0,1,4
2020-07-22,US,Puerto Rico,Morovis,134,0,0,18.316963,-66.420383,72101.0,410.91689665746696,0.0,134,133,0,0,133,120,,1,0,0,1,13
2020-07-22,US,Puerto Rico,Naguabo,64,0,0,18.230637,-65.753897,72103.0,239.5209580838324,0.0,64,64,0,0,64,61,,0,0,0,0,3
2020-07-22,US,Puerto Rico,Naranjito,125,0,0,18.288019,-66.252703,72105.0,411.15716071311095,0.0,125,124,0,0,124,116,,1,0,0,1,8
2020-07-22,US,Puerto Rico,Orocovis,119,0,0,18.215046,-66.433604,72107.0,508.04764547666815,0.0,119,119,0,0,119,116,,0,0,0,0,3
2020-07-22,US,Puerto Rico,Out of PR,481,0,0,0.0,0.0,72888.0,0.0,0.0,481,466,0,0,466,466,,15,0,0,15,0
2020-07-22,US,Puerto Rico,Patillas,77,0,0,18.03174,-66.012242,72109.0,399.43974684857596,0.0,77,75,0,0,75,70,,2,0,0,2,5
2020-07-22,US,Puerto Rico,Penuelas,48,0,0,18.059645,-66.721572,72111.0,197.677291821102,0.0,48,47,0,0,47,45,,1,0,0,1,2
2020-07-22,US,Puerto Rico,Ponce,325,0,0,18.059498,-66.613748,72113.0,195.39822157557097,0.0,325,323,0,0,323,315,,2,0,0,2,8
2020-07-22,US,Puerto Rico,Quebradillas,55,0,0,18.439692,-66.926113,72115.0,212.19954473552212,0.0,55,54,0,0,54,52,,1,0,0,1,2
2020-07-22,US,Puerto Rico,Rincon,69,0,0,18.335443,-67.23174,72117.0,453.9473684210528,0.0,69,68,0,0,68,60,,1,0,0,1,8
2020-07-22,US,Puerto Rico,Rio Grande,172,0,0,18.346329,-65.813742,72119.0,316.73541543901,0.0,172,172,0,0,172,168,,0,0,0,0,4
2020-07-22,US,Puerto Rico,Sabana Grande,94,0,0,18.08282,-66.943758,72121.0,372.0562042351079,0.0,94,94,0,0,94,92,,0,0,0,0,2
2020-07-22,US,Puerto Rico,Salinas,124,0,0,18.010386999999994,-66.256592,72123.0,398.9960743934616,0.0,124,124,0,0,124,123,,0,0,0,0,1
2020-07-22,US,Puerto Rico,San German,112,0,0,18.111484,-67.03858100000001,72125.0,315.25318771638473,0.0,112,112,0,0,112,111,,0,0,0,0,1
2020-07-22,US,Puerto Rico,San Juan,1721,0,0,18.386933,-66.061128,72127.0,435.33691181455305,0.0,1721,1701,0,0,1701,1625,,20,0,0,20,76
2020-07-22,US,Puerto Rico,San Lorenzo,98,0,0,18.147987,-65.976392,72129.0,238.68673583710847,0.0,98,96,0,0,96,93,,2,0,0,2,3
2020-07-22,US,Puerto Rico,San Sebastian,141,0,0,18.328646,-66.971214,72131.0,332.31204336554333,0.0,141,139,0,0,139,135,,2,0,0,2,4
2020-07-22,US,Puerto Rico,Santa Isabel,73,0,0,17.994525,-66.388913,72133.0,313.65472200739015,0.0,73,73,0,0,73,71,,0,0,0,0,2
2020-07-22,US,Puerto Rico,Toa Alta,292,0,0,18.362406,-66.246616,72135.0,394.2429724840008,0.0,292,288,0,0,288,279,,4,0,0,4,9
2020-07-22,US,Puerto Rico,Toa Baja,287,0,0,18.431446,-66.213553,72137.0,320.28032898481183,0.0,287,287,0,0,287,276,,0,0,0,0,11
2020-07-22,US,Puerto Rico,Trujillo Alto,281,0,0,18.336159,-65.99888399999999,72139.0,375.4576307420967,0.0,281,275,0,0,275,263,,6,0,0,6,12
2020-07-22,US,Puerto Rico,Unassigned,317,185,0,0.0,0.0,72999.0,0.0,58.3596214511041,132,361,180,0,181,324,,-44,5,0,-49,37
2020-07-22,US,Puerto Rico,Utuado,43,0,0,18.271214,-66.702984,72141.0,129.71733687290717,0.0,43,41,0,0,41,41,,2,0,0,2,0
2020-07-22,US,Puerto Rico,Vega Alta,129,0,0,18.409346,-66.33725,72143.0,322.8955470451303,0.0,129,129,0,0,129,124,,0,0,0,0,5
2020-07-22,US,Puerto Rico,Vega Baja,216,0,0,18.428262,-66.397924,72145.0,362.0394891220543,0.0,216,210,0,0,210,191,,6,0,0,6,19
2020-07-22,US,Puerto Rico,Vieques,30,0,0,18.123276,-65.44097099999999,72147.0,322.54596279969894,0.0,30,30,0,0,30,28,,0,0,0,0,2
2020-07-22,US,Puerto Rico,Villalba,64,0,0,18.127951,-66.473115,72149.0,245.4646569247881,0.0,64,64,0,0,64,64,,0,0,0,0,0
2020-07-22,US,Puerto Rico,Yabucoa,64,0,0,18.070399,-65.896289,72151.0,168.6829551145199,0.0,64,64,0,0,64,60,,0,0,0,0,4
2020-07-22,US,Puerto Rico,Yauco,151,0,0,18.080374,-66.858814,72153.0,359.1561020859596,0.0,151,149,0,0,149,145,,2,0,0,2,4
2020-07-22,US,Rhode Island,Bristol,290,0,0,41.71018079,-71.28652315,44001.0,598.1971575321272,0.0,290,283,0,0,283,283,48649,7,0,0,7,0
2020-07-22,US,Rhode Island,Kent,1351,0,0,41.67106337,-71.57641596,44003.0,822.3163635478294,0.0,1351,1316,0,0,1316,1316,163861,35,0,0,35,0
2020-07-22,US,Rhode Island,Newport,365,0,0,41.5642026,-71.26569799,44005.0,444.6772739455666,0.0,365,365,0,0,365,365,82542,0,0,0,0,0
2020-07-22,US,Rhode Island,Providence,14033,0,0,41.87064746,-71.57753536,44007.0,2196.324798765438,0.0,14033,13674,0,0,13674,13674,636084,359,0,0,359,0
2020-07-22,US,Rhode Island,Unassigned,1449,997,0,0.0,0.0,90044.0,0.0,68.80607315389923,452,1784,996,0,788,1702,,-335,1,0,-336,82
2020-07-22,US,Rhode Island,Washington,574,0,0,41.45961631,-71.61435303,44009.0,457.0900722266021,0.0,574,564,0,0,564,564,126179,10,0,0,10,0
2020-07-22,US,South Carolina,Abbeville,249,2,0,34.22333378,-82.46170658,45001.0,1015.207730256452,0.8032128514056225,247,246,2,0,244,242,24541,3,0,0,3,4
2020-07-22,US,South Carolina,Aiken,1109,20,0,33.54338026,-81.63645384,45003.0,649.0238307036848,1.8034265103697025,1089,1061,18,0,1043,1049,169401,48,2,0,46,12
2020-07-22,US,South Carolina,Allendale,132,3,0,32.98837386,-81.35321066,45005.0,1519.3370165745855,2.272727272727273,129,129,3,0,126,125,8903,3,0,0,3,4
2020-07-22,US,South Carolina,Anderson,1519,28,0,34.51828081,-82.63959517,45007.0,749.908668134559,1.8433179723502304,1491,1487,26,0,1461,1424,200482,32,2,0,30,63
2020-07-22,US,South Carolina,Bamberg,328,3,0,33.21927586,-81.05659969,45009.0,2331.864069387175,0.9146341463414634,325,320,3,0,317,311,14275,8,0,0,8,9
2020-07-22,US,South Carolina,Barnwell,231,1,0,33.26679302,-81.43584352,45011.0,1107.0641234544237,0.4329004329004329,230,225,1,0,224,214,21112,6,0,0,6,11
2020-07-22,US,South Carolina,Beaufort,2663,29,0,32.39226291,-80.72619758,45013.0,1386.0984166310986,1.088997371385655,2634,2584,29,0,2555,2521,188715,79,0,0,79,63
2020-07-22,US,South Carolina,Berkeley,3177,39,0,33.20222596,-79.94654523,45015.0,1393.9896536745252,1.2275731822474032,3138,3092,37,0,3055,2989,221091,85,2,0,83,103
2020-07-22,US,South Carolina,Calhoun,233,3,0,33.66926881,-80.77722168,45017.0,1601.0444581873153,1.2875536480686696,230,231,2,0,229,226,14520,2,1,0,1,5
2020-07-22,US,South Carolina,Charleston,9968,117,0,32.82487866,-79.96512315,45019.0,2422.910701350977,1.1737560192616372,9851,9785,103,0,9682,9623,405905,183,14,0,169,162
2020-07-22,US,South Carolina,Cherokee,379,14,0,35.05122251,-81.61828622,45021.0,661.4310645724257,3.693931398416887,365,360,11,0,349,347,57078,19,3,0,16,13
2020-07-22,US,South Carolina,Chester,397,6,0,34.69249168,-81.1583216,45023.0,1231.2368192531944,1.5113350125944585,391,379,6,0,373,368,32251,18,0,0,18,11
2020-07-22,US,South Carolina,Chesterfield,565,17,0,34.64137396,-80.15640140000002,45025.0,1237.6779846659365,3.008849557522124,548,551,17,0,534,535,45754,14,0,0,14,16
2020-07-22,US,South Carolina,Clarendon,608,48,0,33.66610974,-80.21647898,45027.0,1801.7484071714327,7.894736842105262,560,593,47,0,546,579,33700,15,1,0,14,14
2020-07-22,US,South Carolina,Colleton,617,29,0,32.87582989,-80.67641292,45029.0,1637.6038431934603,4.700162074554295,588,593,29,0,564,573,37660,24,0,0,24,20
2020-07-22,US,South Carolina,Darlington,783,22,0,34.33358335,-79.96027485,45031.0,1175.3580113482842,2.80970625798212,761,751,21,0,730,714,66802,32,1,0,31,37
2020-07-22,US,South Carolina,Dillon,462,19,0,34.39007791,-79.37741872,45033.0,1515.7977623937793,4.112554112554113,443,455,19,0,436,441,30599,7,0,0,7,14
2020-07-22,US,South Carolina,Dorchester,2246,24,0,33.0794369,-80.40502652,45035.0,1379.530615629357,1.0685663401602852,2222,2165,18,0,2147,2154,160647,81,6,0,75,11
2020-07-22,US,South Carolina,Edgefield,185,4,0,33.77221995,-81.96231108,45037.0,678.6500366837857,2.1621621621621623,181,176,4,0,172,171,27052,9,0,0,9,5
2020-07-22,US,South Carolina,Fairfield,457,23,0,34.39287073,-81.1195624,45039.0,2045.0172282633014,5.032822757111598,434,457,23,0,434,438,22402,0,0,0,0,19
2020-07-22,US,South Carolina,Florence,2194,69,0,34.02361754,-79.70189312,45041.0,1586.4866623762591,3.1449407474931634,2125,2148,66,0,2082,2080,138159,46,3,0,43,68
2020-07-22,US,South Carolina,Georgetown,1033,13,0,33.43443342,-79.33202141,45043.0,1648.0536056158264,1.2584704743465631,1020,1021,12,0,1009,986,62249,12,1,0,11,35
2020-07-22,US,South Carolina,Greenville,8832,137,0,34.89502264,-82.37295012,45045.0,1686.9706728400013,1.551177536231884,8695,8728,136,0,8592,8583,514213,104,1,0,103,145
2020-07-22,US,South Carolina,Greenwood,1056,13,0,34.15272415,-82.12715789,45047.0,1491.2937255511151,1.231060606060606,1043,1046,11,0,1035,1013,70741,10,2,0,8,33
2020-07-22,US,South Carolina,Hampton,202,4,0,32.77419582,-81.13845571,45049.0,1050.8792009156177,1.98019801980198,198,201,4,0,197,175,19351,1,0,0,1,26
2020-07-22,US,South Carolina,Horry,7086,94,0,33.9212828,-78.99555293,45051.0,2001.2370050920554,1.326559412926898,6992,6974,90,0,6884,6784,344147,112,4,0,108,190
2020-07-22,US,South Carolina,Jasper,381,5,0,32.43171982,-81.02487495,45053.0,1266.9171682239885,1.3123359580052494,376,361,4,0,357,339,28971,20,1,0,19,22
2020-07-22,US,South Carolina,Kershaw,1066,19,0,34.33988254,-80.58763164,45055.0,1601.7790867154513,1.7823639774859288,1047,1045,19,0,1026,1009,65592,21,0,0,21,36
2020-07-22,US,South Carolina,Lancaster,823,19,0,34.68270843,-80.70513032,45057.0,839.693098804228,2.3086269744835968,804,797,18,0,779,775,95380,26,1,0,25,22
2020-07-22,US,South Carolina,Laurens,1003,23,0,34.48244419,-82.00490796,45059.0,1486.0800379298596,2.2931206380857434,980,961,17,0,944,939,66994,42,6,0,36,22
2020-07-22,US,South Carolina,Lee,404,25,0,34.16393091,-80.25690731,45061.0,2400.760637033516,6.188118811881187,379,399,24,0,375,393,17142,5,1,0,4,6
2020-07-22,US,South Carolina,Lexington,3849,75,0,33.89665987,-81.27146426,45063.0,1288.3682008368198,1.9485580670303972,3774,3763,73,0,3690,3653,295032,86,2,0,84,110
2020-07-22,US,South Carolina,Marion,419,11,0,34.07859748,-79.36400756,45067.0,1366.7351665198812,2.6252983293556085,408,411,11,0,400,398,31039,8,0,0,8,13
2020-07-22,US,South Carolina,Marlboro,372,4,0,34.59905577,-79.67561152,45069.0,1424.3050769584195,1.075268817204301,368,368,4,0,364,361,26398,4,0,0,4,7
2020-07-22,US,South Carolina,McCormick,85,2,0,33.90161443,-82.30794338,45065.0,898.2352319560392,2.3529411764705883,83,85,2,0,83,79,9410,0,0,0,0,6
2020-07-22,US,South Carolina,Newberry,607,6,0,34.28629098,-81.59935761,45071.0,1579.0842872008325,0.9884678747940692,601,562,6,0,556,549,38520,45,0,0,45,13
2020-07-22,US,South Carolina,Oconee,585,2,0,34.75225169,-83.06742317,45073.0,735.4235285243758,0.3418803418803419,583,577,2,0,575,570,78374,8,0,0,8,7
2020-07-22,US,South Carolina,Orangeburg,1697,39,0,33.4391073,-80.79886287,45075.0,1969.2486219901364,2.298173246906305,1658,1638,37,0,1601,1595,86934,59,2,0,57,43
2020-07-22,US,South Carolina,Pickens,1484,16,0,34.88807695,-82.72791551,45077.0,1169.5722076857605,1.0781671159029649,1468,1470,15,0,1455,1431,124937,14,1,0,13,39
2020-07-22,US,South Carolina,Richland,6581,116,0,34.01791263,-80.90267209,45079.0,1582.8881635755329,1.7626500531834068,6465,6408,112,0,6296,6216,414576,173,4,0,169,192
2020-07-22,US,South Carolina,Saluda,366,4,0,34.00795823,-81.72713237,45081.0,1787.7204122502808,1.0928961748633879,362,361,4,0,357,350,20544,5,0,0,5,11
2020-07-22,US,South Carolina,Spartanburg,3252,68,0,34.92960077,-81.99225984,45083.0,1016.9332520287068,2.0910209102091017,3184,3166,67,0,3099,3117,313888,86,1,0,85,49
2020-07-22,US,South Carolina,Sumter,1877,35,0,33.91826534,-80.37942316,45085.0,1758.791615520844,1.8646776771443796,1842,1810,34,0,1776,1715,106512,67,1,0,66,95
2020-07-22,US,South Carolina,Union,238,0,0,34.68835752,-81.61730349,45087.0,871.2842290232829,0.0,238,224,0,0,224,203,27410,14,0,0,14,21
2020-07-22,US,South Carolina,Williamsburg,671,18,0,33.62190129,-79.72767442,45089.0,2209.5626975763957,2.6825633383010428,653,659,18,0,641,650,30606,12,0,0,12,9
2020-07-22,US,South Carolina,York,2571,17,0,34.97281497,-81.18085944,45091.0,915.0150011210803,0.661221314663555,2554,2514,16,0,2498,2438,274118,57,1,0,56,76
2020-07-22,US,South Dakota,Aurora,36,0,0,43.71757685,-98.56050467,46003.0,1308.6150490730645,0.0,36,35,0,0,35,35,2801,1,0,0,1,0
2020-07-22,US,South Dakota,Beadle,574,9,0,44.41464384,-98.27858469,46005.0,3110.60532162792,1.56794425087108,565,571,9,0,562,571,18883,3,0,0,3,0
2020-07-22,US,South Dakota,Bennett,5,0,0,43.19486375,-101.6665572,46007.0,148.5884101040119,0.0,5,5,0,0,5,5,3468,0,0,0,0,0
2020-07-22,US,South Dakota,Bon Homme,13,0,0,42.98914167,-97.88592746,46009.0,188.37849587016373,0.0,13,13,0,0,13,13,6980,0,0,0,0,0
2020-07-22,US,South Dakota,Brookings,107,0,0,44.36974375,-96.79079945,46011.0,305.04319069475724,0.0,107,105,0,0,105,104,35232,2,0,0,2,1
2020-07-22,US,South Dakota,Brown,369,2,0,45.58994323,-98.35165355,46013.0,950.0759545817348,0.5420054200542005,367,368,2,0,366,366,39316,1,0,0,1,2
2020-07-22,US,South Dakota,Brule,38,0,0,43.71756379,-99.08118954,46015.0,717.3872003020577,0.0,38,38,0,0,38,37,5229,0,0,0,0,1
2020-07-22,US,South Dakota,Buffalo,105,3,0,44.07657829,-99.20814467,46017.0,5351.681957186544,2.8571428571428568,102,104,3,0,101,104,2036,1,0,0,1,0
2020-07-22,US,South Dakota,Butte,7,1,0,44.90608745,-103.5079318,46019.0,67.12052929331671,14.285714285714285,6,7,1,0,6,5,10222,0,0,0,0,2
2020-07-22,US,South Dakota,Campbell,1,0,0,45.77074915,-100.0510181,46021.0,72.67441860465118,0.0,1,1,0,0,1,1,1377,0,0,0,0,0
2020-07-22,US,South Dakota,Charles Mix,98,0,0,43.20660134,-98.58856175,46023.0,1054.6706844597504,0.0,98,98,0,0,98,98,9338,0,0,0,0,0
2020-07-22,US,South Dakota,Clark,16,0,0,44.85834507,-97.72925109,46025.0,428.2655246252677,0.0,16,16,0,0,16,16,3739,0,0,0,0,0
2020-07-22,US,South Dakota,Clay,100,0,0,42.91296147,-96.97656917,46027.0,710.7320540156361,0.0,100,99,0,0,99,97,14041,1,0,0,1,2
2020-07-22,US,South Dakota,Codington,108,0,0,44.97788119,-97.18827677,46029.0,385.5903459602271,0.0,108,107,0,0,107,103,28015,1,0,0,1,4
2020-07-22,US,South Dakota,Corson,23,0,0,45.70889983,-101.1970473,46031.0,562.8976994615762,0.0,23,23,0,0,23,22,4165,0,0,0,0,1
2020-07-22,US,South Dakota,Custer,11,0,0,43.67741105,-103.45345209999999,46033.0,122.60365581810076,0.0,11,11,0,0,11,11,8726,0,0,0,0,0
2020-07-22,US,South Dakota,Davison,73,0,0,43.67490933,-98.14458906,46035.0,369.15297092288256,0.0,73,71,0,0,71,69,19790,2,0,0,2,2
2020-07-22,US,South Dakota,Day,20,0,0,45.367281,-97.60737498,46037.0,368.73156342182887,0.0,20,19,0,0,19,19,5505,1,0,0,1,0
2020-07-22,US,South Dakota,Deuel,5,0,0,44.75994309,-96.66943645,46039.0,114.91611123879568,0.0,5,5,0,0,5,5,4337,0,0,0,0,0
2020-07-22,US,South Dakota,Dewey,47,0,0,45.15639647,-100.8709139,46041.0,797.6917854718263,0.0,47,45,0,0,45,45,5904,2,0,0,2,0
2020-07-22,US,South Dakota,Douglas,15,0,0,43.38520741,-98.36978007,46043.0,513.5227661759671,0.0,15,15,0,0,15,15,2935,0,0,0,0,0
2020-07-22,US,South Dakota,Edmunds,10,0,0,45.41846445,-99.21545423,46045.0,261.1647949856359,0.0,10,10,0,0,10,10,3875,0,0,0,0,0
2020-07-22,US,South Dakota,Fall River,14,0,0,43.23929297,-103.5275691,46047.0,208.5505735140772,0.0,14,14,0,0,14,14,6758,0,0,0,0,0
2020-07-22,US,South Dakota,Faulk,24,1,0,45.07082625,-99.14535601,46049.0,1043.9321444106133,4.166666666666667,23,24,1,0,23,24,2330,0,0,0,0,0
2020-07-22,US,South Dakota,Grant,17,0,0,45.1723937,-96.77002276,46051.0,241.0663641520136,0.0,17,17,0,0,17,17,7147,0,0,0,0,0
2020-07-22,US,South Dakota,Gregory,6,0,0,43.19419064,-99.18883902,46053.0,143.36917562724008,0.0,6,6,0,0,6,6,4212,0,0,0,0,0
2020-07-22,US,South Dakota,Haakon,1,0,0,44.29299053,-101.539099,46055.0,52.6592943654555,0.0,1,1,0,0,1,1,1918,0,0,0,0,0
2020-07-22,US,South Dakota,Hamlin,14,0,0,44.67385954,-97.18829593,46057.0,227.125243348475,0.0,14,13,0,0,13,13,6111,1,0,0,1,0
2020-07-22,US,South Dakota,Hand,7,0,0,44.54708407,-99.00386459,46059.0,219.36696960200558,0.0,7,7,0,0,7,7,3262,0,0,0,0,0
2020-07-22,US,South Dakota,Hanson,15,0,0,43.6746384,-97.78715148,46061.0,434.40486533449183,0.0,15,15,0,0,15,14,3376,0,0,0,0,1
2020-07-22,US,South Dakota,Hughes,78,2,0,44.39091534,-99.99661148,46065.0,445.05306401917153,2.5641025641025643,76,78,2,0,76,78,17650,0,0,0,0,0
2020-07-22,US,South Dakota,Hutchinson,21,0,0,43.33449012,-97.75536441,46067.0,288.0263338362365,0.0,21,21,0,0,21,21,7380,0,0,0,0,0
2020-07-22,US,South Dakota,Hyde,3,0,0,44.54747703,-99.48572582,46069.0,230.59185242121444,0.0,3,3,0,0,3,3,1282,0,0,0,0,0
2020-07-22,US,South Dakota,Jackson,7,1,0,43.69318385,-101.6255063,46071.0,209.33014354066987,14.285714285714285,6,7,1,0,6,7,3307,0,0,0,0,0
2020-07-22,US,South Dakota,Jerauld,39,1,0,44.06637798,-98.62965972,46073.0,1937.4068554396426,2.5641025641025643,38,39,1,0,38,39,2043,0,0,0,0,0
2020-07-22,US,South Dakota,Jones,1,0,0,43.96278565,-100.6940008,46075.0,110.74197120708747,0.0,1,1,0,0,1,1,928,0,0,0,0,0
2020-07-22,US,South Dakota,Kingsbury,8,0,0,44.36956169,-97.4913945,46077.0,161.97610852399268,0.0,8,8,0,0,8,8,4919,0,0,0,0,0
2020-07-22,US,South Dakota,Lake,54,1,0,44.02193107,-97.12926365,46079.0,421.9739001328437,1.851851851851852,53,48,1,0,47,48,13057,6,0,0,6,0
2020-07-22,US,South Dakota,Lawrence,24,0,0,44.35919441,-103.79294279999999,46081.0,92.86488159727594,0.0,24,24,0,0,24,23,25741,0,0,0,0,1
2020-07-22,US,South Dakota,Lincoln,431,1,0,43.27841182,-96.72039050000001,46083.0,705.0778693888235,0.2320185614849188,430,422,1,0,421,418,58807,9,0,0,9,4
2020-07-22,US,South Dakota,Lyman,84,1,0,43.89522709,-99.85201878,46085.0,2221.6344882306266,1.1904761904761905,83,84,1,0,83,84,3821,0,0,0,0,0
2020-07-22,US,South Dakota,Marshall,6,0,0,45.75870838,-97.59855639,46091.0,121.580547112462,0.0,6,5,0,0,5,5,5112,1,0,0,1,0
2020-07-22,US,South Dakota,McCook,21,1,0,43.6742571,-97.36863144,46087.0,375.93984962406023,4.761904761904762,20,21,1,0,20,21,5546,0,0,0,0,0
2020-07-22,US,South Dakota,McPherson,6,0,0,45.76626028,-99.22118798,46089.0,252.20680958385879,0.0,6,6,0,0,6,6,2407,0,0,0,0,0
2020-07-22,US,South Dakota,Meade,60,1,0,44.56676791,-102.71627409999999,46093.0,211.7746717492588,1.6666666666666667,59,59,1,0,58,58,28294,1,0,0,1,1
2020-07-22,US,South Dakota,Mellette,17,0,0,43.58078848,-100.7563186,46095.0,824.8423095584668,0.0,17,17,0,0,17,14,2042,0,0,0,0,3
2020-07-22,US,South Dakota,Miner,11,0,0,44.02197882,-97.60992207,46097.0,496.38989169675085,0.0,11,11,0,0,11,11,2213,0,0,0,0,0
2020-07-22,US,South Dakota,Minnehaha,3907,62,0,43.67441641,-96.7910885,46099.0,2022.9477979019748,1.5868953160993091,3845,3889,62,0,3827,3869,192876,18,0,0,18,20
2020-07-22,US,South Dakota,Moody,26,0,0,44.02266214,-96.67081159,46101.0,395.37712895377126,0.0,26,26,0,0,26,26,6579,0,0,0,0,0
2020-07-22,US,South Dakota,Oglala Lakota,132,1,0,43.33749164,-102.55554980000001,46102.0,931.085561120124,0.7575757575757576,131,132,1,0,131,129,14309,0,0,0,0,3
2020-07-22,US,South Dakota,Pennington,756,24,0,44.0025835,-102.8240777,46103.0,664.4693473961768,3.1746031746031744,732,750,23,0,727,725,111729,6,1,0,5,25
2020-07-22,US,South Dakota,Perkins,4,0,0,45.49049506,-102.47555859999999,46105.0,139.61605584642234,0.0,4,4,0,0,4,4,2922,0,0,0,0,0
2020-07-22,US,South Dakota,Roberts,62,0,0,45.62975048,-96.94672673,46109.0,596.4979796036175,0.0,62,62,0,0,62,62,10447,0,0,0,0,0
2020-07-22,US,South Dakota,Sanborn,12,0,0,44.02351092,-98.09098159999999,46111.0,511.9453924914676,0.0,12,12,0,0,12,12,2429,0,0,0,0,0
2020-07-22,US,South Dakota,Spink,17,0,0,44.93837606,-98.34626602,46115.0,266.624843161857,0.0,17,17,0,0,17,16,6495,0,0,0,0,1
2020-07-22,US,South Dakota,Stanley,14,0,0,44.41381872,-100.7349153,46117.0,451.9044544867656,0.0,14,14,0,0,14,14,3022,0,0,0,0,0
2020-07-22,US,South Dakota,Sully,1,0,0,44.71571812,-100.1278092,46119.0,71.89072609633357,0.0,1,1,0,0,1,1,1392,0,0,0,0,0
2020-07-22,US,South Dakota,Todd,66,3,0,43.19338568,-100.71955030000001,46121.0,648.5211751989781,4.545454545454546,63,65,3,0,62,65,10283,1,0,0,1,0
2020-07-22,US,South Dakota,Tripp,19,0,0,43.34459388,-99.8854891,46123.0,349.2005146112847,0.0,19,19,0,0,19,19,5478,0,0,0,0,0
2020-07-22,US,South Dakota,Turner,33,0,0,43.3109081,-97.14865776,46125.0,393.6068702290077,0.0,33,33,0,0,33,33,8424,0,0,0,0,0
2020-07-22,US,South Dakota,Union,166,2,0,42.83112163,-96.6557828,46127.0,1041.928194828019,1.2048192771084338,164,166,2,0,164,164,15619,0,0,0,0,2
2020-07-22,US,South Dakota,Walworth,18,0,0,45.43019636,-100.03075140000001,46129.0,331.1867525298988,0.0,18,18,0,0,18,18,5587,0,0,0,0,0
2020-07-22,US,South Dakota,Yankton,91,2,0,43.00924485,-97.39467635,46135.0,398.8778820022793,2.1978021978021984,89,91,2,0,89,91,22869,0,0,0,0,0
2020-07-22,US,South Dakota,Ziebach,3,0,0,44.97881876,-101.6654622,46137.0,108.8534107402032,0.0,3,3,0,0,3,3,2742,0,0,0,0,0
2020-07-22,US,Tennessee,Anderson,335,3,0,36.12684348,-84.19965764,47001.0,435.1892748577516,0.8955223880597015,332,327,3,0,324,300,76482,8,0,0,8,27
2020-07-22,US,Tennessee,Bedford,696,10,0,35.51123746,-86.45549096,47003.0,1400.036207832961,1.4367816091954022,686,695,10,0,685,688,49038,1,0,0,1,7
2020-07-22,US,Tennessee,Benton,33,1,0,36.07110411,-88.06849355,47005.0,204.2079207920792,3.0303030303030303,32,32,1,0,31,30,16184,1,0,0,1,2
2020-07-22,US,Tennessee,Bledsoe,643,1,0,35.59942968,-85.20611967,47007.0,4268.454593733404,0.15552099533437014,642,643,1,0,642,641,14755,0,0,0,0,2
2020-07-22,US,Tennessee,Blount,663,6,0,35.68938198,-83.92847788,47009.0,498.166626592931,0.9049773755656108,657,592,6,0,586,538,131349,71,0,0,71,54
2020-07-22,US,Tennessee,Bradley,1284,8,0,35.15739424,-84.857186,47011.0,1187.679215613727,0.6230529595015576,1276,1271,8,0,1263,1239,106727,13,0,0,13,32
2020-07-22,US,Tennessee,Campbell,106,1,0,36.40355516,-84.15108559999999,47013.0,266.0509010591838,0.9433962264150944,105,102,1,0,101,100,39583,4,0,0,4,2
2020-07-22,US,Tennessee,Cannon,78,0,0,35.80990797,-86.05738983,47015.0,531.4075487123587,0.0,78,72,0,0,72,71,14462,6,0,0,6,1
2020-07-22,US,Tennessee,Carroll,90,2,0,35.97366108,-88.45189331,47017.0,324.1257607951885,2.2222222222222223,88,85,2,0,83,80,28020,5,0,0,5,5
2020-07-22,US,Tennessee,Carter,225,2,0,36.28969086,-82.12588974,47019.0,398.99984040006376,0.8888888888888888,223,220,2,0,218,205,56351,5,0,0,5,15
2020-07-22,US,Tennessee,Cheatham,382,4,0,36.26136216,-87.08903581,47021.0,939.3365628150588,1.0471204188481675,378,375,4,0,371,371,40439,7,0,0,7,4
2020-07-22,US,Tennessee,Chester,126,0,0,35.42527478,-88.6095842,47023.0,728.4500202347227,0.0,126,125,0,0,125,120,17276,1,0,0,1,5
2020-07-22,US,Tennessee,Claiborne,127,0,0,36.48319149,-83.65947309,47025.0,397.384148440189,0.0,127,124,0,0,124,118,31756,3,0,0,3,6
2020-07-22,US,Tennessee,Clay,39,0,0,36.55151008,-85.53930419,47027.0,512.1470781352593,0.0,39,35,0,0,35,34,7717,4,0,0,4,1
2020-07-22,US,Tennessee,Cocke,238,1,0,35.9278914,-83.11828725,47029.0,661.0376624819464,0.4201680672268908,237,231,1,0,230,217,35774,7,0,0,7,14
2020-07-22,US,Tennessee,Coffee,221,0,0,35.49090731,-86.07311784,47031.0,391.0120311394197,0.0,221,220,0,0,220,205,55700,1,0,0,1,15
2020-07-22,US,Tennessee,Crockett,115,3,0,35.81830662,-89.14916269,47033.0,808.1517919887561,2.608695652173913,112,113,3,0,110,105,14328,2,0,0,2,8
2020-07-22,US,Tennessee,Cumberland,276,6,0,35.95271721,-84.99840585,47035.0,456.0475875743557,2.1739130434782608,270,273,6,0,267,255,59673,3,0,0,3,18
2020-07-22,US,Tennessee,Davidson,16695,173,0,36.17007426,-86.78646056,47037.0,2405.120551355338,1.0362383947289608,16522,16545,172,0,16373,16223,692587,150,1,0,149,322
2020-07-22,US,Tennessee,DeKalb,184,1,0,35.97616272,-85.83689361,47041.0,897.9990239141043,0.5434782608695652,183,180,1,0,179,145,20138,4,0,0,4,35
2020-07-22,US,Tennessee,Decatur,75,0,0,35.60048904,-88.11043779,47039.0,643.0592471919747,0.0,75,69,0,0,69,59,11706,6,0,0,6,10
2020-07-22,US,Tennessee,Dickson,402,0,0,36.14669837,-87.35891709,47043.0,745.1620078594203,0.0,402,398,0,0,398,390,53446,4,0,0,4,8
2020-07-22,US,Tennessee,Dyer,383,5,0,36.05931946,-89.41542855,47045.0,1030.705885518986,1.3054830287206267,378,383,5,0,378,373,37320,0,0,0,0,10
2020-07-22,US,Tennessee,Fayette,495,8,0,35.19615831,-89.41399032,47047.0,1203.41331777405,1.616161616161616,487,495,7,0,488,473,40507,0,1,0,-1,22
2020-07-22,US,Tennessee,Fentress,46,0,0,36.38128818,-84.92870012,47049.0,248.339901743778,0.0,46,45,0,0,45,41,18217,1,0,0,1,4
2020-07-22,US,Tennessee,Franklin,168,3,0,35.15634626,-86.09201039,47051.0,398.02880970432153,1.7857142857142858,165,166,3,0,163,164,41890,2,0,0,2,2
2020-07-22,US,Tennessee,Gibson,330,1,0,35.99438059,-88.93358327,47053.0,671.6463476685732,0.30303030303030304,329,327,1,0,326,312,49045,3,0,0,3,15
2020-07-22,US,Tennessee,Giles,223,4,0,35.20222469,-87.03992678,47055.0,756.8558240564756,1.7937219730941705,219,213,2,0,211,207,29503,10,2,0,8,6
2020-07-22,US,Tennessee,Grainger,92,0,0,36.27469206,-83.51254721,47057.0,394.51114922813036,0.0,92,92,0,0,92,74,23145,0,0,0,0,18
2020-07-22,US,Tennessee,Greene,237,4,0,36.17470125,-82.84691273,47059.0,343.1351257438214,1.6877637130801688,233,238,4,0,234,223,69087,-1,0,0,-1,15
2020-07-22,US,Tennessee,Grundy,74,2,0,35.38433717,-85.72142731,47061.0,551.1283235272213,2.702702702702702,72,73,2,0,71,72,13346,1,0,0,1,1
2020-07-22,US,Tennessee,Hamblen,743,6,0,36.21990035,-83.26586179,47063.0,1144.2387655157545,0.8075370121130552,737,738,6,0,732,660,64569,5,0,0,5,78
2020-07-22,US,Tennessee,Hamilton,4523,40,0,35.17670231,-85.16652245,47065.0,1229.731052408348,0.8843687817820031,4483,4424,40,0,4384,4341,364286,99,0,0,99,83
2020-07-22,US,Tennessee,Hancock,39,0,0,36.52692871,-83.22375847,47067.0,589.1238670694864,0.0,39,37,0,0,37,30,6549,2,0,0,2,7
2020-07-22,US,Tennessee,Hardeman,579,8,0,35.20772017,-88.99161161,47069.0,2311.377245508982,1.381692573402418,571,577,7,0,570,556,25220,2,1,0,1,21
2020-07-22,US,Tennessee,Hardin,238,7,0,35.19732531,-88.18593755,47071.0,927.8029003586464,2.9411764705882355,231,231,7,0,224,203,25776,7,0,0,7,28
2020-07-22,US,Tennessee,Hawkins,155,2,0,36.44355426,-82.94885298,47073.0,272.95460148628183,1.2903225806451613,153,153,2,0,151,145,56530,2,0,0,2,8
2020-07-22,US,Tennessee,Haywood,206,4,0,35.58332824,-89.28536625,47075.0,1190.4761904761906,1.9417475728155342,202,203,4,0,199,192,17335,3,0,0,3,11
2020-07-22,US,Tennessee,Henderson,211,0,0,35.65581134,-88.38600175,47077.0,750.4356794821637,0.0,211,206,0,0,206,175,27847,5,0,0,5,31
2020-07-22,US,Tennessee,Henry,75,1,0,36.33160906,-88.30121797,47079.0,231.8750966146236,1.3333333333333333,74,69,0,0,69,63,32358,6,1,0,5,6
2020-07-22,US,Tennessee,Hickman,154,0,0,35.80609681,-87.47643507,47081.0,611.6450869806974,0.0,154,150,0,0,150,143,25063,4,0,0,4,7
2020-07-22,US,Tennessee,Houston,31,0,0,36.28872054,-87.71878828,47083.0,378.0026825996828,0.0,31,31,0,0,31,30,8263,0,0,0,0,1
2020-07-22,US,Tennessee,Humphreys,63,2,0,36.03958805,-87.77992872,47085.0,339.0377784953181,3.1746031746031744,61,62,2,0,60,62,18486,1,0,0,1,0
2020-07-22,US,Tennessee,Jackson,90,0,0,36.36380466,-85.67239905,47087.0,763.6178516884439,0.0,90,87,0,0,87,72,11758,3,0,0,3,15
2020-07-22,US,Tennessee,Jefferson,289,1,0,36.04818632,-83.45148924,47089.0,530.323882925039,0.3460207612456747,288,284,1,0,283,264,54012,5,0,0,5,20
2020-07-22,US,Tennessee,Johnson,52,0,0,36.45523950000001,-81.84886538,47091.0,292.33190915223753,0.0,52,52,0,0,52,52,17778,0,0,0,0,0
2020-07-22,US,Tennessee,Knox,2578,21,0,35.99508821,-83.94635435,47093.0,548.1455966558441,0.8145849495733126,2557,2539,18,0,2521,2413,465289,39,3,0,36,126
2020-07-22,US,Tennessee,Lake,702,0,0,36.34180170000001,-89.48921915,47095.0,10005.70125427594,0.0,702,702,0,0,702,702,7411,0,0,0,0,0
2020-07-22,US,Tennessee,Lauderdale,268,5,0,35.75893438,-89.63015909999999,47097.0,1045.5272500292592,1.8656716417910448,263,267,5,0,262,254,25825,1,0,0,1,13
2020-07-22,US,Tennessee,Lawrence,324,6,0,35.21675201,-87.39787695,47099.0,733.9948348511623,1.851851851851852,318,321,6,0,315,302,43734,3,0,0,3,19
2020-07-22,US,Tennessee,Lewis,22,0,0,35.52853208,-87.49022694,47101.0,179.32833387675254,0.0,22,21,0,0,21,19,12086,1,0,0,1,2
2020-07-22,US,Tennessee,Lincoln,152,0,0,35.13738622,-86.58910106,47103.0,442.2976197404411,0.0,152,148,0,0,148,143,34117,4,0,0,4,5
2020-07-22,US,Tennessee,Loudon,443,3,0,35.73939663,-84.31145275,47105.0,819.3386106384552,0.6772009029345373,440,437,3,0,434,408,53054,6,0,0,6,29
2020-07-22,US,Tennessee,Macon,736,9,0,36.53157855,-86.00778595,47111.0,2991.6266970165034,1.2228260869565215,727,729,9,0,720,703,24265,7,0,0,7,26
2020-07-22,US,Tennessee,Madison,530,3,0,35.61181957,-88.84076036,47113.0,540.9046374918354,0.5660377358490566,527,522,3,0,519,500,97605,8,0,0,8,22
2020-07-22,US,Tennessee,Marion,135,4,0,35.12997174,-85.62265895,47115.0,467.01490988341925,2.962962962962963,131,134,4,0,130,132,28575,1,0,0,1,2
2020-07-22,US,Tennessee,Marshall,173,2,0,35.45798777,-86.76420988,47117.0,503.27272727272725,1.1560693641618498,171,173,2,0,171,166,33683,0,0,0,0,7
2020-07-22,US,Tennessee,Maury,712,4,0,35.618741299999996,-87.07462444,47119.0,738.6888273314868,0.5617977528089888,708,689,4,0,685,665,94340,23,0,0,23,24
2020-07-22,US,Tennessee,McMinn,384,19,0,35.42812616,-84.61520715,47107.0,713.8342566085437,4.947916666666667,365,382,19,0,363,371,53285,2,0,0,2,11
2020-07-22,US,Tennessee,McNairy,178,1,0,35.17468549,-88.5647812,47109.0,692.7687397836072,0.5617977528089888,177,178,1,0,177,162,25832,0,0,0,0,16
2020-07-22,US,Tennessee,Meigs,61,0,0,35.51558739,-84.81482914,47121.0,491.064240862985,0.0,61,60,0,0,60,53,12306,1,0,0,1,7
2020-07-22,US,Tennessee,Monroe,213,7,0,35.44550387,-84.24902965,47123.0,457.6216564614889,3.286384976525821,206,213,7,0,206,185,46357,0,0,0,0,28
2020-07-22,US,Tennessee,Montgomery,1222,9,0,36.49609412,-87.38550661,47125.0,584.7085787562263,0.7364975450081833,1213,1196,9,0,1187,1173,205950,26,0,0,26,23
2020-07-22,US,Tennessee,Moore,34,0,0,35.27724699,-86.36230578,47127.0,524.0443896424167,0.0,34,32,0,0,32,32,6411,2,0,0,2,0
2020-07-22,US,Tennessee,Morgan,46,1,0,36.13248031,-84.64880098,47129.0,214.9231416156614,2.1739130434782608,45,45,1,0,44,42,21579,1,0,0,1,3
2020-07-22,US,Tennessee,Obion,191,3,0,36.35732446,-89.14921589,47131.0,635.2056935714522,1.5706806282722514,188,191,3,0,188,175,30267,0,0,0,0,16
2020-07-22,US,Tennessee,Out of TN,2268,10,0,0.0,0.0,80047.0,0.0,0.4409171075837742,2258,2179,10,0,2169,2184,,89,0,0,89,-5
2020-07-22,US,Tennessee,Overton,100,1,0,36.34117832,-85.28989535,47133.0,449.62007103997115,1.0,99,98,1,0,97,91,22068,2,0,0,2,7
2020-07-22,US,Tennessee,Perry,53,0,0,35.63708728,-87.86139634,47135.0,656.2654779593859,0.0,53,52,0,0,52,49,8064,1,0,0,1,3
2020-07-22,US,Tennessee,Pickett,13,1,0,36.55606529,-85.07763299999998,47137.0,257.52773375594296,7.6923076923076925,12,13,1,0,12,10,5082,0,0,0,0,3
2020-07-22,US,Tennessee,Polk,79,0,0,35.12245443,-84.52075859,47139.0,469.3441064638784,0.0,79,75,0,0,75,70,16898,4,0,0,4,5
2020-07-22,US,Tennessee,Putnam,1275,8,0,36.14005459,-85.50646123,47141.0,1588.8840426194781,0.6274509803921569,1267,1267,8,0,1259,1214,78843,8,0,0,8,53
2020-07-22,US,Tennessee,Rhea,409,1,0,35.60536161,-84.93076643,47143.0,1233.1534356438628,0.2444987775061125,408,409,0,0,409,401,33044,0,1,0,-1,8
2020-07-22,US,Tennessee,Roane,156,0,0,35.84923189,-84.52458689,47145.0,292.23333707991463,0.0,156,147,0,0,147,125,53140,9,0,0,9,22
2020-07-22,US,Tennessee,Robertson,1184,15,0,36.52454807,-86.87346725,47147.0,1648.7265536880511,1.266891891891892,1169,1160,15,0,1145,1143,71012,24,0,0,24,17
2020-07-22,US,Tennessee,Rutherford,4828,43,0,35.84591405,-86.4107263,47149.0,1452.9695893585324,0.8906379453189727,4785,4716,43,0,4673,4618,324890,112,0,0,112,98
2020-07-22,US,Tennessee,Scott,39,0,0,36.42325673,-84.50360494,47151.0,176.72648178357804,0.0,39,38,0,0,38,36,22039,1,0,0,1,2
2020-07-22,US,Tennessee,Sequatchie,68,0,0,35.36979721,-85.41022136,47153.0,452.5489152136297,0.0,68,64,0,0,64,61,14876,4,0,0,4,3
2020-07-22,US,Tennessee,Sevier,1174,4,0,35.78077323,-83.52244332,47155.0,1194.910941475827,0.34071550255536626,1170,1156,4,0,1152,1112,97892,18,0,0,18,44
2020-07-22,US,Tennessee,Shelby,16966,257,0,35.1864775,-89.89692423,47157.0,1810.3516346090234,1.5147942944712955,16709,16904,252,0,16652,16702,935764,62,5,0,57,202
2020-07-22,US,Tennessee,Smith,261,2,0,36.25359775,-85.95411046,47159.0,1294.8355410031254,0.7662835249042146,259,259,2,0,257,219,19942,2,0,0,2,40
2020-07-22,US,Tennessee,Stewart,48,0,0,36.50235092,-87.83920548,47161.0,349.98177178271965,0.0,48,47,0,0,47,47,13561,1,0,0,1,0
2020-07-22,US,Tennessee,Sullivan,457,6,0,36.51240691,-82.30412917,47163.0,288.6048450248818,1.312910284463895,451,444,6,0,438,427,157668,13,0,0,13,17
2020-07-22,US,Tennessee,Sumner,2670,62,0,36.46824103,-86.45917204,47165.0,1395.8375809664215,2.322097378277153,2608,2571,62,0,2509,2505,187149,99,0,0,99,66
2020-07-22,US,Tennessee,Tipton,840,8,0,35.501942,-89.73694895,47167.0,1363.6585009496907,0.9523809523809524,832,835,8,0,827,809,61581,5,0,0,5,26
2020-07-22,US,Tennessee,Trousdale,1548,6,0,36.39026213,-86.16087954,47169.0,13718.539524991138,0.3875968992248062,1542,1547,6,0,1541,1543,11012,1,0,0,1,4
2020-07-22,US,Tennessee,Unassigned,2707,2,0,0.0,0.0,90047.0,0.0,0.07388252678241597,2705,1381,1,0,1380,1337,,1326,1,0,1325,44
2020-07-22,US,Tennessee,Unicoi,75,0,0,36.10890856,-82.43709629,47171.0,419.3927193423922,0.0,75,70,0,0,70,69,17761,5,0,0,5,1
2020-07-22,US,Tennessee,Union,59,0,0,36.28590426,-83.83651902,47173.0,295.4135790106148,0.0,59,56,0,0,56,50,19688,3,0,0,3,6
2020-07-22,US,Tennessee,Van Buren,15,0,0,35.69864497,-85.45221699,47175.0,255.44959128065395,0.0,15,15,0,0,15,14,5765,0,0,0,0,1
2020-07-22,US,Tennessee,Warren,248,3,0,35.672829899999996,-85.77969117,47177.0,600.8188579596385,1.2096774193548387,245,248,3,0,245,222,40878,0,0,0,0,26
2020-07-22,US,Tennessee,Washington,502,0,0,36.29472368,-82.49454720000001,47179.0,388.01932367149766,0.0,502,490,0,0,490,470,128607,12,0,0,12,20
2020-07-22,US,Tennessee,Wayne,159,0,0,35.23868267,-87.78644456,47181.0,953.6376177052721,0.0,159,157,0,0,157,150,16558,2,0,0,2,7
2020-07-22,US,Tennessee,Weakley,109,1,0,36.29896232,-88.71990865,47183.0,327.05232837253965,0.9174311926605504,108,109,1,0,108,101,33415,0,0,0,0,8
2020-07-22,US,Tennessee,White,138,3,0,35.92929884,-85.45591799,47185.0,504.66264399341736,2.1739130434782608,135,132,3,0,129,124,27107,6,0,0,6,8
2020-07-22,US,Tennessee,Williamson,2648,19,0,35.89099229,-86.89281867,47187.0,1110.6823482039497,0.7175226586102719,2629,2599,18,0,2581,2562,231729,49,1,0,48,37
2020-07-22,US,Tennessee,Wilson,1688,19,0,36.15496772,-86.29775884,47189.0,1166.898248961336,1.1255924170616114,1669,1664,19,0,1645,1628,140625,24,0,0,24,36
2020-07-22,US,Texas,Anderson,2062,4,0,31.81534745,-95.65354823,48001.0,3571.490430414827,0.19398642095053345,2058,2051,4,0,2047,2015,58057,11,0,0,11,36
2020-07-22,US,Texas,Andrews,212,3,0,32.30468633,-102.63765479999999,48003.0,1133.3867949746057,1.4150943396226414,209,198,3,0,195,189,18128,14,0,0,14,9
2020-07-22,US,Texas,Angelina,1234,14,0,31.25457347,-94.60901487,48005.0,1423.0525283976244,1.1345218800648298,1220,1000,12,0,988,1000,87092,234,2,0,232,0
2020-07-22,US,Texas,Aransas,111,0,0,28.10556197,-96.9995047,48007.0,472.1395150999575,0.0,111,106,0,0,106,92,23792,5,0,0,5,14
2020-07-22,US,Texas,Archer,13,0,0,33.61569967,-98.68754589,48009.0,151.9934525897346,0.0,13,13,0,0,13,12,8786,0,0,0,0,1
2020-07-22,US,Texas,Armstrong,3,0,0,34.96507426,-101.35748740000001,48011.0,158.9825119236884,0.0,3,3,0,0,3,3,1892,0,0,0,0,0
2020-07-22,US,Texas,Atascosa,379,3,0,28.89333001,-98.52730485,48013.0,740.9145113678572,0.7915567282321899,376,370,2,0,368,355,50310,9,1,0,8,15
2020-07-22,US,Texas,Austin,169,0,0,29.88548725,-96.27736949,48015.0,562.7330847096431,0.0,169,165,0,0,165,160,29989,4,0,0,4,5
2020-07-22,US,Texas,Bailey,126,1,0,34.06854817,-102.8299707,48017.0,1800.0,0.7936507936507936,125,126,1,0,125,125,7027,0,0,0,0,1
2020-07-22,US,Texas,Bandera,54,0,0,29.74619598,-99.24598147,48019.0,233.6448598130841,0.0,54,51,0,0,51,48,22824,3,0,0,3,3
2020-07-22,US,Texas,Bastrop,1056,12,0,30.10370699,-97.31206354,48021.0,1190.221250408575,1.1363636363636365,1044,1046,12,0,1034,1034,86976,10,0,0,10,12
2020-07-22,US,Texas,Baylor,2,0,0,33.61640794,-99.21352901,48023.0,56.99629524080935,0.0,2,2,0,0,2,1,3582,0,0,0,0,1
2020-07-22,US,Texas,Bee,268,1,0,28.41761668,-97.74215593,48025.0,822.9694457239368,0.373134328358209,267,268,1,0,267,232,32587,0,0,0,0,36
2020-07-22,US,Texas,Bell,2875,18,0,31.03736027,-97.4785025,48027.0,792.1768744971399,0.6260869565217392,2857,2788,18,0,2770,2640,355642,87,0,0,87,148
2020-07-22,US,Texas,Bexar,33555,283,0,29.44928723,-98.52019748,48029.0,1674.773926732197,0.8433914468782596,33272,31316,262,0,31054,31316,1986049,2239,21,0,2218,0
2020-07-22,US,Texas,Blanco,76,1,0,30.26640707,-98.3999852,48031.0,636.9960606822563,1.3157894736842106,75,76,1,0,75,76,11702,0,0,0,0,0
2020-07-22,US,Texas,Bosque,83,0,0,31.89978581,-97.63613524,48035.0,444.20658282044417,0.0,83,76,0,0,76,75,18691,7,0,0,7,1
2020-07-22,US,Texas,Bowie,649,17,0,33.44626922,-94.41834132,48037.0,696.0158721647273,2.6194144838212634,632,630,17,0,613,626,94324,19,0,0,19,4
2020-07-22,US,Texas,Brazoria,5068,34,0,29.18757369,-95.44563172,48039.0,1354.124361413334,0.6708760852407262,5034,4896,34,0,4862,4767,370200,172,0,0,172,129
2020-07-22,US,Texas,Brazos,3442,42,0,30.663644800000004,-96.30205577,48041.0,1501.6731308706824,1.220220801859384,3400,3407,42,0,3365,3397,226758,35,0,0,35,10
2020-07-22,US,Texas,Brewster,162,1,0,29.81008251,-103.25203259999999,48043.0,1760.2955557970224,0.6172839506172839,161,162,1,0,161,161,9267,0,0,0,0,1
2020-07-22,US,Texas,Briscoe,9,1,0,34.53026962,-101.2084947,48045.0,582.1474773609315,11.111111111111109,8,9,1,0,8,9,1516,0,0,0,0,0
2020-07-22,US,Texas,Brooks,57,0,0,27.03103197,-98.21808402,48047.0,803.6091921612857,0.0,57,56,0,0,56,56,7114,1,0,0,1,0
2020-07-22,US,Texas,Brown,299,13,0,31.77430356,-98.99907113,48049.0,789.6682864990493,4.3478260869565215,286,289,13,0,276,273,37924,10,0,0,10,16
2020-07-22,US,Texas,Burleson,201,0,0,30.49273808,-96.62158484,48051.0,1089.844385403676,0.0,201,197,0,0,197,196,18389,4,0,0,4,1
2020-07-22,US,Texas,Burnet,361,6,0,30.78801353,-98.181887,48053.0,749.6625480220122,1.6620498614958448,355,345,6,0,339,331,47542,16,0,0,16,14
2020-07-22,US,Texas,Caldwell,904,7,0,29.83668859,-97.61814775,48055.0,2070.355441553683,0.7743362831858407,897,870,7,0,863,841,43247,34,0,0,34,29
2020-07-22,US,Texas,Calhoun,277,3,0,28.47048236,-96.61633945,48057.0,1301.0803193987788,1.083032490974729,274,258,3,0,255,217,21561,19,0,0,19,41
2020-07-22,US,Texas,Callahan,37,2,0,32.29760619,-99.37326312,48059.0,265.36613354371366,5.405405405405406,35,36,2,0,34,32,13994,1,0,0,1,4
2020-07-22,US,Texas,Cameron,6520,126,0,26.14524221,-97.48140372,48061.0,1540.777430919055,1.9325153374233128,6394,6213,111,0,6102,5891,423908,307,15,0,292,322
2020-07-22,US,Texas,Camp,175,2,0,32.97195142,-94.97790104,48063.0,1336.4899954177486,1.1428571428571428,173,170,2,0,168,167,13033,5,0,0,5,3
2020-07-22,US,Texas,Carson,10,0,0,35.40365929,-101.35426690000001,48065.0,168.74789065136684,0.0,10,10,0,0,10,10,6005,0,0,0,0,0
2020-07-22,US,Texas,Cass,96,3,0,33.07499881,-94.34646905,48067.0,319.72290681409453,3.125,93,92,3,0,89,90,30119,4,0,0,4,2
2020-07-22,US,Texas,Castro,146,1,0,34.53016752,-102.2617243,48069.0,1938.911022576361,0.6849315068493149,145,146,1,0,145,145,7665,0,0,0,0,1
2020-07-22,US,Texas,Chambers,756,5,0,29.70972016,-94.67154501,48071.0,1724.5705682414398,0.6613756613756614,751,735,5,0,730,698,42454,21,0,0,21,37
2020-07-22,US,Texas,Cherokee,583,2,0,31.837258000000002,-95.16559897,48073.0,1107.3965733389052,0.3430531732418525,581,516,2,0,514,516,52592,67,0,0,67,0
2020-07-22,US,Texas,Childress,14,0,0,34.529304100000004,-100.2077916,48075.0,191.62332329592118,0.0,14,9,0,0,9,9,7291,5,0,0,5,0
2020-07-22,US,Texas,Clay,20,0,0,33.78686685,-98.20771198,48077.0,191.00372457262915,0.0,20,19,0,0,19,19,10456,1,0,0,1,0
2020-07-22,US,Texas,Cochran,9,0,0,33.60425307,-102.82844990000001,48079.0,315.4574132492114,0.0,9,9,0,0,9,9,2836,0,0,0,0,0
2020-07-22,US,Texas,Coke,14,1,0,31.88911733,-100.5297533,48081.0,413.34514319456736,7.142857142857142,13,10,1,0,9,9,3370,4,0,0,4,1
2020-07-22,US,Texas,Coleman,7,0,0,31.76736834,-99.45240766,48083.0,85.62691131498471,0.0,7,7,0,0,7,7,8397,0,0,0,0,0
2020-07-22,US,Texas,Collin,5614,66,0,33.18820114,-96.57264368,48085.0,542.5569955447314,1.1756323477021728,5548,5456,65,0,5391,5374,1005146,158,1,0,157,82
2020-07-22,US,Texas,Collingsworth,6,0,0,34.96489496,-100.27001109999999,48087.0,205.4794520547945,0.0,6,6,0,0,6,6,2962,0,0,0,0,0
2020-07-22,US,Texas,Colorado,216,0,0,29.622097999999998,-96.5273805,48089.0,1004.9783650490857,0.0,216,215,0,0,215,197,21217,1,0,0,1,18
2020-07-22,US,Texas,Comal,1406,43,0,29.80811278,-98.27647225,48091.0,900.0761799896292,3.0583214793741114,1363,1380,37,0,1343,1300,148373,26,6,0,20,80
2020-07-22,US,Texas,Comanche,188,2,0,31.94854689,-98.55876441,48093.0,1378.8045471213788,1.0638297872340423,186,187,2,0,185,187,13534,1,0,0,1,0
2020-07-22,US,Texas,Concho,20,0,0,31.32635934,-99.86473038,48095.0,733.6757153338225,0.0,20,19,0,0,19,17,4276,1,0,0,1,2
2020-07-22,US,Texas,Cooke,156,0,0,33.63979567,-97.21240912,48097.0,378.11765276195536,0.0,156,153,0,0,153,120,40574,3,0,0,3,33
2020-07-22,US,Texas,Coryell,472,3,0,31.39078397,-97.79936155,48099.0,621.4533054206001,0.6355932203389829,469,445,3,0,442,436,74808,27,0,0,27,9
2020-07-22,US,Texas,Cottle,6,1,0,34.07783319,-100.27850620000001,48101.0,429.1845493562232,16.666666666666668,5,6,1,0,5,6,1389,0,0,0,0,0
2020-07-22,US,Texas,Crane,65,10,0,31.43052248,-102.5143314,48103.0,1355.0135501355016,15.384615384615385,55,65,10,0,55,65,4794,0,0,0,0,0
2020-07-22,US,Texas,Crockett,118,1,0,30.72367027,-101.4134238,48105.0,3406.466512702078,0.8474576271186439,117,115,1,0,114,103,3499,3,0,0,3,12
2020-07-22,US,Texas,Crosby,37,3,0,33.61431553,-101.30003640000001,48107.0,644.936377897856,8.108108108108109,34,36,3,0,33,36,5779,1,0,0,1,0
2020-07-22,US,Texas,Culberson,13,1,0,31.44506775,-104.5185739,48109.0,598.8023952095807,7.6923076923076925,12,13,1,0,12,13,2204,0,0,0,0,0
2020-07-22,US,Texas,Dallam,158,1,0,36.27787176,-102.60207249999999,48111.0,2168.2448195416496,0.6329113924050633,157,150,1,0,149,149,7200,8,0,0,8,1
2020-07-22,US,Texas,Dallas,43439,567,0,32.76670599,-96.77796049999999,48113.0,1648.2161368020531,1.3052786666359724,42872,43026,537,0,42489,42292,2637772,413,30,0,383,734
2020-07-22,US,Texas,Dawson,112,1,0,32.74255572,-101.94772420000001,48115.0,879.9497171590193,0.8928571428571429,111,106,1,0,105,106,12619,6,0,0,6,0
2020-07-22,US,Texas,DeWitt,442,11,0,29.08101855,-97.35681170000001,48123.0,2192.4603174603176,2.4886877828054303,431,307,7,0,300,306,20187,135,4,0,131,1
2020-07-22,US,Texas,Deaf Smith,486,19,0,34.96522957,-102.6054267,48117.0,2620.5111614364278,3.909465020576132,467,468,17,0,451,447,18760,18,2,0,16,21
2020-07-22,US,Texas,Delta,12,0,0,33.38570922,-95.66921122,48119.0,225.09848058525608,0.0,12,11,0,0,11,11,5349,1,0,0,1,0
2020-07-22,US,Texas,Denton,5316,45,0,33.20521901,-97.11691153,48121.0,599.1837305161027,0.8465011286681715,5271,5098,45,0,5053,4968,859064,218,0,0,218,130
2020-07-22,US,Texas,Dickens,4,0,0,33.61616822,-100.7788855,48125.0,180.91361374943463,0.0,4,4,0,0,4,4,2249,0,0,0,0,0
2020-07-22,US,Texas,Dimmit,61,0,0,28.42270064,-99.75645095,48127.0,602.5286448044251,0.0,61,60,0,0,60,56,10308,1,0,0,1,4
2020-07-22,US,Texas,Donley,37,0,0,34.96517499,-100.8140093,48129.0,1128.7370347773033,0.0,37,35,0,0,35,35,3319,2,0,0,2,0
2020-07-22,US,Texas,Duval,109,0,0,27.68184592,-98.50864568,48131.0,976.965133996594,0.0,109,106,0,0,106,105,11212,3,0,0,3,1
2020-07-22,US,Texas,Eastland,34,0,0,32.32743996,-98.83243566,48133.0,185.1851851851852,0.0,34,34,0,0,34,29,18322,0,0,0,0,5
2020-07-22,US,Texas,Ector,2659,34,0,31.86898877,-102.54294279999999,48135.0,1599.658290368962,1.2786761940579163,2625,2403,33,0,2370,2403,162124,256,1,0,255,0
2020-07-22,US,Texas,Edwards,18,0,0,29.98202582,-100.304252,48137.0,931.6770186335403,0.0,18,15,0,0,15,14,1928,3,0,0,3,1
2020-07-22,US,Texas,El Paso,12297,196,0,31.76980765,-106.23632749999999,48141.0,1465.25776954809,1.5938846873221109,12101,12041,187,0,11854,11769,840758,256,9,0,247,272
2020-07-22,US,Texas,Ellis,2129,21,0,32.34894117,-96.79371841,48139.0,1151.8942140175086,0.986378581493659,2108,2090,21,0,2069,1972,179436,39,0,0,39,118
2020-07-22,US,Texas,Erath,353,3,0,32.23602653,-98.21773417,48143.0,826.7366152981406,0.8498583569405099,350,350,2,0,348,339,42446,3,1,0,2,11
2020-07-22,US,Texas,Falls,78,0,0,31.25350609,-96.93630086,48145.0,450.9452506214951,0.0,78,75,0,0,75,68,17335,3,0,0,3,7
2020-07-22,US,Texas,Fannin,181,8,0,33.59564294,-96.10751083,48147.0,509.6581629779805,4.419889502762431,173,175,8,0,167,165,35286,6,0,0,6,10
2020-07-22,US,Texas,Fayette,309,5,0,29.87788372,-96.92076062,48149.0,1219.1272784660302,1.6181229773462784,304,247,5,0,242,247,25349,62,0,0,62,0
2020-07-22,US,Texas,Fisher,23,1,0,32.74281316,-100.40193020000001,48151.0,600.5221932114882,4.3478260869565215,22,22,1,0,21,22,3839,1,0,0,1,0
2020-07-22,US,Texas,Floyd,63,4,0,34.07227468,-101.3031546,48153.0,1102.9411764705883,6.349206349206349,59,63,4,0,59,62,5837,0,0,0,0,1
2020-07-22,US,Texas,Foard,1,0,0,33.97308618,-99.7767797,48155.0,86.5800865800866,0.0,1,2,0,0,2,1,1200,-1,0,0,-1,1
2020-07-22,US,Texas,Fort Bend,6239,78,0,29.52704478,-95.77219463,48157.0,768.6450951597168,1.2502003526206122,6161,5995,72,0,5923,5995,787858,244,6,0,238,0
2020-07-22,US,Texas,Franklin,70,1,0,33.17653242,-95.21917243,48159.0,652.6806526806528,1.4285714285714286,69,68,1,0,67,67,10766,2,0,0,2,1
2020-07-22,US,Texas,Freestone,108,0,0,31.70422788,-96.15072516,48161.0,547.7506720089264,0.0,108,106,0,0,106,96,19808,2,0,0,2,10
2020-07-22,US,Texas,Frio,382,1,0,28.86751206,-99.10804207,48163.0,1881.2173741751208,0.2617801047120419,381,380,1,0,379,376,19816,2,0,0,2,4
2020-07-22,US,Texas,Gaines,68,0,0,32.74055318,-102.6353295,48165.0,316.39679880885916,0.0,68,60,0,0,60,57,20901,8,0,0,8,3
2020-07-22,US,Texas,Galveston,7663,68,0,29.40167322,-94.90469073,48167.0,2239.732974025177,0.8873809213101919,7595,7354,66,0,7288,7354,337890,309,2,0,307,0
2020-07-22,US,Texas,Garza,82,1,0,33.17969345,-101.2984114,48169.0,1316.4231818911542,1.2195121951219512,81,82,1,0,81,60,6578,0,0,0,0,22
2020-07-22,US,Texas,Gillespie,133,0,0,30.31824095,-98.94676915,48171.0,492.81161997925005,0.0,133,124,0,0,124,123,26804,9,0,0,9,1
2020-07-22,US,Texas,Glasscock,6,0,0,31.86942909,-101.5207776,48173.0,425.83392476934,0.0,6,6,0,0,6,6,1388,0,0,0,0,0
2020-07-22,US,Texas,Goliad,52,0,0,28.65696592,-97.42760647,48175.0,679.0284669626534,0.0,52,34,0,0,34,31,7584,18,0,0,18,3
2020-07-22,US,Texas,Gonzales,499,6,0,29.45634206,-97.49424032,48177.0,2394.77851898066,1.2024048096192386,493,476,4,0,472,433,20826,23,2,0,21,43
2020-07-22,US,Texas,Gray,141,4,0,35.40081878,-100.8129222,48179.0,644.2474641323222,2.8368794326241136,137,140,4,0,136,140,21895,1,0,0,1,0
2020-07-22,US,Texas,Grayson,880,8,0,33.62744998,-96.67753461,48181.0,646.0517428714063,0.9090909090909092,872,862,8,0,854,849,133991,18,0,0,18,13
2020-07-22,US,Texas,Gregg,1122,15,0,32.47940482,-94.81591935,48183.0,905.2402275202713,1.3368983957219251,1107,1093,15,0,1078,1008,123707,29,0,0,29,85
2020-07-22,US,Texas,Grimes,766,2,0,30.54579585,-95.98902499,48185.0,2652.354570637119,0.2610966057441253,764,739,2,0,737,726,28360,27,0,0,27,13
2020-07-22,US,Texas,Guadalupe,1412,6,0,29.58165339,-97.94786822,48187.0,846.2843203653647,0.42492917847025496,1406,1364,4,0,1360,1296,163694,48,2,0,46,68
2020-07-22,US,Texas,Hale,974,21,0,34.07044901,-101.82681140000001,48189.0,2915.6438963060527,2.1560574948665296,953,934,19,0,915,934,33830,40,2,0,38,0
2020-07-22,US,Texas,Hall,4,1,0,34.5307555,-100.68138520000001,48191.0,134.9527665317139,25.0,3,2,1,0,1,2,3028,2,0,0,2,0
2020-07-22,US,Texas,Hamilton,49,1,0,31.70470573,-98.11083887,48193.0,579.1277626758067,2.0408163265306123,48,47,1,0,46,45,8484,2,0,0,2,2
2020-07-22,US,Texas,Hansford,45,2,0,36.27743284,-101.3545796,48195.0,833.4876829042415,4.4444444444444455,43,44,2,0,42,43,5463,1,0,0,1,1
2020-07-22,US,Texas,Hardeman,10,0,0,34.28944521,-99.74632408,48197.0,254.25883549453343,0.0,10,8,0,0,8,6,3922,2,0,0,2,2
2020-07-22,US,Texas,Hardin,624,5,0,30.33364686,-94.38931817,48199.0,1083.2957188986493,0.8012820512820513,619,568,5,0,563,524,57207,56,0,0,56,44
2020-07-22,US,Texas,Harris,59901,576,0,29.86,-95.39,48201.0,1270.8862639431825,0.9615866179195672,59325,58457,561,0,57896,57071,4698619,1444,15,0,1429,1386
2020-07-22,US,Texas,Harrison,527,34,0,32.54935988,-94.36934071,48203.0,791.8501044280498,6.451612903225807,493,519,33,0,486,513,66726,8,1,0,7,6
2020-07-22,US,Texas,Hartley,72,2,0,35.84008013,-102.6029022,48205.0,1291.248206599713,2.7777777777777777,70,71,2,0,69,70,5619,1,0,0,1,1
2020-07-22,US,Texas,Haskell,25,0,0,33.17823584,-99.73037358,48207.0,441.85224460940265,0.0,25,25,0,0,25,24,5813,0,0,0,0,1
2020-07-22,US,Texas,Hays,4045,22,0,30.05669873,-98.02944344,48209.0,1757.2363819610669,0.5438813349814586,4023,4004,21,0,3983,3979,222631,41,1,0,40,25
2020-07-22,US,Texas,Hemphill,27,0,0,35.83764858,-100.2703577,48211.0,706.9913589945012,0.0,27,23,0,0,23,23,3825,4,0,0,4,0
2020-07-22,US,Texas,Henderson,444,5,0,32.21128872,-95.85846587,48213.0,536.640197251532,1.1261261261261262,439,430,5,0,425,380,82299,14,0,0,14,50
2020-07-22,US,Texas,Hidalgo,13126,367,0,26.39418217,-98.18299696,48215.0,1510.9812629574758,2.7959774493371934,12759,12787,318,0,12469,12787,865939,339,49,0,290,0
2020-07-22,US,Texas,Hill,215,2,0,31.99045053,-97.13423143,48217.0,586.6462932140031,0.9302325581395348,213,210,2,0,208,204,36354,5,0,0,5,6
2020-07-22,US,Texas,Hockley,143,4,0,33.60771256,-102.3431676,48219.0,621.1719734155771,2.797202797202797,139,131,3,0,128,129,22980,12,1,0,11,2
2020-07-22,US,Texas,Hood,288,5,0,32.42990927,-97.83242024,48221.0,467.2063332414062,1.7361111111111112,283,288,5,0,283,288,60537,0,0,0,0,0
2020-07-22,US,Texas,Hopkins,137,1,0,33.14875072,-95.56351139,48223.0,369.4315607809298,0.7299270072992701,136,136,1,0,135,129,36810,1,0,0,1,7
2020-07-22,US,Texas,Houston,224,0,0,31.31925973,-95.42226208,48225.0,975.269940787182,0.0,224,217,0,0,217,217,23169,7,0,0,7,0
2020-07-22,US,Texas,Howard,104,2,0,32.30621324,-101.4356444,48227.0,283.6569932358717,1.9230769230769231,102,98,2,0,96,90,36459,6,0,0,6,8
2020-07-22,US,Texas,Hudspeth,18,0,0,31.45628381,-105.388178,48229.0,368.3995088006549,0.0,18,18,0,0,18,18,4795,0,0,0,0,0
2020-07-22,US,Texas,Hunt,898,8,0,33.12351514,-96.08551032,48231.0,910.8059313954196,0.8908685968819601,890,850,8,0,842,850,96493,48,0,0,48,0
2020-07-22,US,Texas,Hutchinson,96,1,0,35.84006574,-101.3546643,48233.0,458.4965135160952,1.0416666666666667,95,95,1,0,94,91,21198,1,0,0,1,4
2020-07-22,US,Texas,Irion,4,0,0,31.30375559,-100.982439,48235.0,260.4166666666667,0.0,4,4,0,0,4,4,1522,0,0,0,0,0
2020-07-22,US,Texas,Jack,23,0,0,33.23377248,-98.17283469,48237.0,257.4146614437605,0.0,23,19,0,0,19,14,8843,4,0,0,4,5
2020-07-22,US,Texas,Jackson,159,1,0,28.95472367,-96.57749563,48239.0,1077.2357723577236,0.6289308176100629,158,150,1,0,149,147,14874,9,0,0,9,3
2020-07-22,US,Texas,Jasper,95,1,0,30.74685667,-94.02667579,48241.0,267.3872048185989,1.0526315789473684,94,95,1,0,94,93,35872,0,0,0,0,2
2020-07-22,US,Texas,Jeff Davis,7,0,0,30.71490589,-104.1399973,48243.0,307.82761653474057,0.0,7,7,0,0,7,6,2252,0,0,0,0,1
2020-07-22,US,Texas,Jefferson,4622,49,0,29.8832777,-94.16434171,48245.0,1837.298511319142,1.0601471224578105,4573,4493,48,0,4445,4260,255001,129,1,0,128,233
2020-07-22,US,Texas,Jim Hogg,44,0,0,27.04453923,-98.69681870000001,48247.0,846.1538461538463,0.0,44,43,0,0,43,42,5248,1,0,0,1,1
2020-07-22,US,Texas,Jim Wells,449,0,0,27.73103938,-98.0904705,48249.0,1109.134924163826,0.0,449,433,0,0,433,402,40822,16,0,0,16,31
2020-07-22,US,Texas,Johnson,1085,7,0,32.37877812,-97.36615819,48251.0,617.1189361665822,0.6451612903225806,1078,1057,7,0,1050,973,171361,28,0,0,28,84
2020-07-22,US,Texas,Jones,653,0,0,32.73997145,-99.87861576,48253.0,3251.5062490663745,0.0,653,659,0,0,659,641,19817,-6,0,0,-6,18
2020-07-22,US,Texas,Karnes,171,0,0,28.90705334,-97.85960149,48255.0,1096.0835843856164,0.0,171,170,0,0,170,153,15650,1,0,0,1,17
2020-07-22,US,Texas,Kaufman,1317,5,0,32.599141700000004,-96.28734728,48257.0,967.2870426135112,0.37965072133637057,1312,1279,5,0,1274,1222,128622,38,0,0,38,57
2020-07-22,US,Texas,Kendall,129,0,0,29.94414155,-98.7113588,48259.0,271.9740254264089,0.0,129,122,0,0,122,117,45641,7,0,0,7,5
2020-07-22,US,Texas,Kenedy,3,0,0,26.92601662,-97.66413984,48261.0,742.5742574257425,0.0,3,3,0,0,3,3,442,0,0,0,0,0
2020-07-22,US,Texas,Kent,2,0,0,33.18104136,-100.7780939,48263.0,262.46719160104993,0.0,2,2,0,0,2,2,726,0,0,0,0,0
2020-07-22,US,Texas,Kerr,279,1,0,30.06040006,-99.34930144,48265.0,530.4182509505704,0.35842293906810035,278,274,1,0,273,255,52405,5,0,0,5,19
2020-07-22,US,Texas,Kimble,12,0,0,30.48678918,-99.74856473,48267.0,276.688955499193,0.0,12,12,0,0,12,11,4362,0,0,0,0,1
2020-07-22,US,Texas,Kinney,11,0,0,29.34967888,-100.41866379999999,48271.0,299.97272975184075,0.0,11,6,0,0,6,4,3767,5,0,0,5,2
2020-07-22,US,Texas,Kleberg,283,2,0,27.42435506,-97.69894948,48273.0,922.4250325945244,0.7067137809187279,281,279,2,0,277,268,31129,4,0,0,4,11
2020-07-22,US,Texas,Knox,17,0,0,33.60519951,-99.74229059999999,48275.0,463.97379912663763,0.0,17,17,0,0,17,17,3653,0,0,0,0,0
2020-07-22,US,Texas,La Salle,339,0,0,28.34453111,-99.09908775,48283.0,4507.978723404255,0.0,339,335,0,0,335,311,7531,4,0,0,4,24
2020-07-22,US,Texas,Lamar,483,15,0,33.66981763,-95.57404777,48277.0,968.7318237429553,3.1055900621118013,468,483,15,0,468,470,49728,0,0,0,0,13
2020-07-22,US,Texas,Lamb,146,4,0,34.06859623,-102.35162890000001,48279.0,1132.3974249592802,2.7397260273972597,142,131,1,0,130,119,13158,15,3,0,12,12
2020-07-22,US,Texas,Lampasas,54,0,0,31.19531316,-98.24206613,48281.0,252.00672017920482,0.0,54,50,0,0,50,48,21229,4,0,0,4,2
2020-07-22,US,Texas,Lavaca,510,1,0,29.38508402,-96.93186692,48285.0,2530.51503423638,0.19607843137254904,509,495,1,0,494,464,20110,15,0,0,15,31
2020-07-22,US,Texas,Lee,125,3,0,30.31120597,-96.97045773,48287.0,725.1000638088057,2.4,122,121,3,0,118,118,17144,4,0,0,4,3
2020-07-22,US,Texas,Leon,125,0,0,31.29872538,-95.9936328,48289.0,718.225695242473,0.0,125,120,0,0,120,119,17270,5,0,0,5,1
2020-07-22,US,Texas,Liberty,682,3,0,30.15152688,-94.81205615,48291.0,773.0760947188247,0.4398826979472141,679,669,3,0,666,650,86323,13,0,0,13,19
2020-07-22,US,Texas,Limestone,129,1,0,31.5454767,-96.58095444,48293.0,550.4117421171652,0.7751937984496124,128,121,1,0,120,118,23519,8,0,0,8,3
2020-07-22,US,Texas,Lipscomb,12,0,0,36.27783108,-100.27331509999999,48295.0,371.17228580266,0.0,12,12,0,0,12,12,3355,0,0,0,0,0
2020-07-22,US,Texas,Live Oak,106,1,0,28.35101362,-98.1246786,48297.0,868.3542229868109,0.9433962264150944,105,106,1,0,105,101,12166,0,0,0,0,5
2020-07-22,US,Texas,Llano,69,0,0,30.70645047,-98.68475262,48299.0,316.5863730213352,0.0,69,62,0,0,62,60,21646,7,0,0,7,2
2020-07-22,US,Texas,Lubbock,4656,67,0,33.61008596,-101.82047890000001,48303.0,1499.1837562667233,1.4390034364261168,4589,4556,66,0,4490,4482,307412,100,1,0,99,74
2020-07-22,US,Texas,Lynn,57,3,0,33.17657705,-101.8162849,48305.0,957.8222147538228,5.2631578947368425,54,55,3,0,52,55,5877,2,0,0,2,0
2020-07-22,US,Texas,Madison,208,0,0,30.96694679,-95.93003775,48313.0,1456.1747409689162,0.0,208,188,0,0,188,184,14422,20,0,0,20,4
2020-07-22,US,Texas,Marion,111,4,0,32.79868409,-94.35661230000001,48315.0,1126.4461132535014,3.603603603603604,107,111,2,0,109,108,9928,0,2,0,-2,3
2020-07-22,US,Texas,Martin,35,1,0,32.30600051,-101.9513518,48317.0,606.4806792583607,2.8571428571428568,34,34,1,0,33,32,5753,1,0,0,1,2
2020-07-22,US,Texas,Mason,38,0,0,30.71780434,-99.22629416,48319.0,889.0968647636874,0.0,38,38,0,0,38,38,4280,0,0,0,0,0
2020-07-22,US,Texas,Matagorda,513,5,0,28.81955746,-96.01230294,48321.0,1399.9945419316105,0.9746588693957114,508,487,5,0,482,475,36552,26,0,0,26,12
2020-07-22,US,Texas,Maverick,1390,23,0,28.7429195,-100.3157686,48323.0,2367.085589727871,1.6546762589928057,1367,1283,19,0,1264,1283,58485,107,4,0,103,0
2020-07-22,US,Texas,McCulloch,31,0,0,31.1925468,-99.34682807,48307.0,388.27655310621236,0.0,31,30,0,0,30,30,7987,1,0,0,1,0
2020-07-22,US,Texas,McLennan,3575,25,0,31.55255453,-97.20217694,48309.0,1393.0941497839242,0.6993006993006993,3550,3472,24,0,3448,3413,254607,103,1,0,102,59
2020-07-22,US,Texas,McMullen,4,0,0,28.35251708,-98.56769164,48311.0,538.3580080753701,0.0,4,4,0,0,4,4,749,0,0,0,0,0
2020-07-22,US,Texas,Medina,526,7,0,29.355730100000002,-99.11030298,48325.0,1019.6960297766748,1.3307984790874523,519,524,4,0,520,492,50921,2,3,0,-1,32
2020-07-22,US,Texas,Menard,16,0,0,30.88990665,-99.82047940000001,48327.0,748.3629560336763,0.0,16,15,0,0,15,15,2139,1,0,0,1,0
2020-07-22,US,Texas,Midland,1656,29,0,31.86904128,-102.03156820000001,48329.0,936.4820846905536,1.7512077294685993,1627,1522,29,0,1493,1522,172578,134,0,0,134,0
2020-07-22,US,Texas,Milam,257,2,0,30.78581830000001,-96.97718698,48331.0,1035.330137372598,0.7782101167315175,255,240,2,0,238,217,25131,17,0,0,17,23
2020-07-22,US,Texas,Mills,10,0,0,31.49557106,-98.59272068,48333.0,205.2123948286477,0.0,10,8,0,0,8,8,4921,2,0,0,2,0
2020-07-22,US,Texas,Mitchell,34,0,0,32.30623474,-100.9212058,48335.0,397.8935049736688,0.0,34,31,0,0,31,31,8145,3,0,0,3,0
2020-07-22,US,Texas,Montague,37,1,0,33.67521893,-97.72500958,48337.0,186.6989605409224,2.702702702702702,36,37,1,0,36,35,19596,0,0,0,0,2
2020-07-22,US,Texas,Montgomery,5294,50,0,30.30079133,-95.50572772,48339.0,871.5967144722263,0.944465432565168,5244,5169,49,0,5120,5067,590925,125,1,0,124,102
2020-07-22,US,Texas,Moore,961,15,0,35.83769242,-101.8930281,48341.0,4589.302769818529,1.5608740894901143,946,951,15,0,936,942,21485,10,0,0,10,9
2020-07-22,US,Texas,Morris,68,0,0,33.11304005,-94.73255695,48343.0,548.9183080400387,0.0,68,65,0,0,65,64,12339,3,0,0,3,1
2020-07-22,US,Texas,Motley,2,0,0,34.07408766,-100.77972199999999,48345.0,166.66666666666666,0.0,2,2,0,0,2,2,1234,0,0,0,0,0
2020-07-22,US,Texas,Nacogdoches,793,35,0,31.62017125,-94.61803994,48347.0,1216.1830562542175,4.4136191677175285,758,743,35,0,708,669,65711,50,0,0,50,74
2020-07-22,US,Texas,Navarro,626,10,0,32.04620681,-96.47428766,48349.0,1249.1768602957316,1.597444089456869,616,596,10,0,586,562,49565,30,0,0,30,34
2020-07-22,US,Texas,Newton,30,0,0,30.78548982,-93.74408813,48351.0,220.6693637366679,0.0,30,30,0,0,30,29,13746,0,0,0,0,1
2020-07-22,US,Texas,Nolan,110,1,0,32.30365282,-100.4060208,48353.0,747.5873317928504,0.9090909090909092,109,90,1,0,89,90,14751,20,0,0,20,0
2020-07-22,US,Texas,Nueces,9607,116,0,27.736286,-97.5433285,48355.0,2651.7138014982306,1.207452898927865,9491,9105,108,0,8997,8816,362265,502,8,0,494,289
2020-07-22,US,Texas,Ochiltree,63,2,0,36.27829105,-100.8158184,48357.0,640.5042700284669,3.1746031746031744,61,62,2,0,60,62,9947,1,0,0,1,0
2020-07-22,US,Texas,Oldham,12,1,0,35.40425596,-102.6027606,48359.0,568.1818181818181,8.333333333333334,11,12,1,0,11,9,2131,0,0,0,0,3
2020-07-22,US,Texas,Orange,784,8,0,30.11879481,-93.89412775,48361.0,940.0930500263803,1.020408163265306,776,766,7,0,759,720,83572,18,1,0,17,46
2020-07-22,US,Texas,Palo Pinto,108,2,0,32.75310985,-98.31319001,48363.0,370.0023981636918,1.851851851851852,106,95,2,0,93,84,28875,13,0,0,13,11
2020-07-22,US,Texas,Panola,252,24,0,32.163959600000005,-94.30552481,48365.0,1086.4878847977923,9.523809523809524,228,250,24,0,226,248,23148,2,0,0,2,2
2020-07-22,US,Texas,Parker,754,1,0,32.77757172,-97.80500621,48367.0,527.7229524489425,0.13262599469496025,753,743,1,0,742,697,138371,11,0,0,11,46
2020-07-22,US,Texas,Parmer,277,8,0,34.52993409,-102.78446679999999,48369.0,2883.9146277980212,2.888086642599278,269,269,8,0,261,261,9864,8,0,0,8,8
2020-07-22,US,Texas,Pecos,185,1,0,30.78097267,-102.72412609999999,48371.0,1169.1840990962523,0.5405405405405406,184,178,1,0,177,166,15673,7,0,0,7,12
2020-07-22,US,Texas,Polk,533,1,0,30.79472531,-94.82766240000001,48373.0,1037.9140459174732,0.18761726078799248,532,414,1,0,413,414,50031,119,0,0,119,0
2020-07-22,US,Texas,Potter,3263,41,0,35.40133773,-101.893964,48375.0,2779.0316399097223,1.256512411890898,3222,3212,41,0,3171,3159,119648,51,0,0,51,53
2020-07-22,US,Texas,Presidio,28,0,0,29.99954402,-104.24080790000001,48377.0,417.6610978520287,0.0,28,28,0,0,28,28,6948,0,0,0,0,0
2020-07-22,US,Texas,Rains,29,1,0,32.87109387,-95.79232691,48379.0,231.74045069522134,3.4482758620689653,28,28,1,0,27,25,12159,1,0,0,1,3
2020-07-22,US,Texas,Randall,1355,15,0,34.96585996,-101.8971322,48381.0,983.9303478974388,1.1070110701107012,1340,1307,13,0,1294,1260,136271,48,2,0,46,47
2020-07-22,US,Texas,Reagan,51,2,0,31.36607041,-101.52326590000001,48383.0,1325.0194855806706,3.92156862745098,49,51,1,0,50,49,3741,0,1,0,-1,2
2020-07-22,US,Texas,Real,13,0,0,29.83321503,-99.82018052,48385.0,376.59327925840086,0.0,13,10,0,0,10,8,3478,3,0,0,3,2
2020-07-22,US,Texas,Red River,129,12,0,33.61886692,-95.04841765,48387.0,1072.9435249105882,9.30232558139535,117,130,12,0,118,130,12175,-1,0,0,-1,0
2020-07-22,US,Texas,Reeves,99,2,0,31.32323325,-103.69038959999999,48389.0,619.6795192789184,2.0202020202020203,97,92,2,0,90,90,15695,7,0,0,7,2
2020-07-22,US,Texas,Refugio,118,0,0,28.323897600000002,-97.15766311,48391.0,1698.3304548071387,0.0,118,106,0,0,106,89,7032,12,0,0,12,17
2020-07-22,US,Texas,Roberts,6,0,0,35.83809685,-100.813175,48393.0,702.5761124121782,0.0,6,6,0,0,6,6,903,0,0,0,0,0
2020-07-22,US,Texas,Robertson,178,0,0,31.02539637,-96.51272246,48395.0,1042.5207918472533,0.0,178,164,0,0,164,155,17284,14,0,0,14,9
2020-07-22,US,Texas,Rockwall,610,17,0,32.89779518,-96.40771592,48397.0,581.4230567602344,2.7868852459016398,593,565,17,0,548,537,100657,45,0,0,45,28
2020-07-22,US,Texas,Runnels,47,0,0,31.8314342,-99.97616148,48399.0,457.9111457521434,0.0,47,44,0,0,44,35,10234,3,0,0,3,9
2020-07-22,US,Texas,Rusk,280,3,0,32.10773545,-94.76176432,48401.0,514.649119582399,1.0714285714285714,277,265,3,0,262,260,54450,15,0,0,15,5
2020-07-22,US,Texas,Sabine,39,1,0,31.34318809,-93.85440451,48403.0,369.94877632327825,2.5641025641025643,38,39,1,0,38,36,10589,0,0,0,0,3
2020-07-22,US,Texas,San Augustine,142,12,0,31.39457611,-94.17000399,48405.0,1723.928614786937,8.450704225352112,130,139,12,0,127,139,8232,3,0,0,3,0
2020-07-22,US,Texas,San Jacinto,127,2,0,30.57933681,-95.16260304,48407.0,440.0706885200458,1.5748031496062993,125,124,2,0,122,125,28719,3,0,0,3,-1
2020-07-22,US,Texas,San Patricio,492,0,0,28.00880118,-97.51763891,48409.0,737.2995654128579,0.0,492,440,0,0,440,402,66893,52,0,0,52,38
2020-07-22,US,Texas,San Saba,13,0,0,31.1577796,-98.81758731,48411.0,214.6985962014864,0.0,13,12,0,0,12,11,6054,1,0,0,1,1
2020-07-22,US,Texas,Schleicher,33,1,0,30.89740592,-100.5384842,48413.0,1181.5252416756175,3.0303030303030303,32,31,1,0,30,30,2895,2,0,0,2,1
2020-07-22,US,Texas,Scurry,376,1,0,32.74613808,-100.91626640000001,48415.0,2251.092618092558,0.26595744680851063,375,371,1,0,370,367,16866,5,0,0,5,4
2020-07-22,US,Texas,Shackelford,17,0,0,32.73587756,-99.35401337,48417.0,520.6738131699847,0.0,17,18,0,0,18,13,3253,-1,0,0,-1,5
2020-07-22,US,Texas,Shelby,332,14,0,31.79211404,-94.14550696,48419.0,1313.6029120835642,4.216867469879518,318,327,14,0,313,322,25418,5,0,0,5,5
2020-07-22,US,Texas,Sherman,35,0,0,36.27751473,-101.8933156,48421.0,1158.173395102581,0.0,35,34,0,0,34,34,3079,1,0,0,1,0
2020-07-22,US,Texas,Smith,1960,11,0,32.37474036,-95.27175679999999,48423.0,842.1016451057138,0.5612244897959183,1949,1907,10,0,1897,1762,230221,53,1,0,52,145
2020-07-22,US,Texas,Somervell,39,0,0,32.22236802,-97.77403489,48425.0,427.2567922874672,0.0,39,39,0,0,39,35,9016,0,0,0,0,4
2020-07-22,US,Texas,Starr,1475,19,0,26.56150059,-98.73892358,48427.0,2282.1159469620784,1.2881355932203389,1456,1432,15,0,1417,1362,64525,43,4,0,39,70
2020-07-22,US,Texas,Stephens,18,0,0,32.73553157,-98.83631615,48429.0,192.18449711723247,0.0,18,18,0,0,18,16,9433,0,0,0,0,2
2020-07-22,US,Texas,Sterling,1,0,0,31.82781912,-101.05007459999999,48431.0,77.45933384972889,0.0,1,1,0,0,1,1,1311,0,0,0,0,0
2020-07-22,US,Texas,Stonewall,4,0,0,33.17906744,-100.25384009999999,48433.0,296.2962962962963,0.0,4,4,0,0,4,4,1362,0,0,0,0,0
2020-07-22,US,Texas,Sutton,47,0,0,30.49856623,-100.5382014,48435.0,1244.7033898305085,0.0,47,46,0,0,46,39,3758,1,0,0,1,7
2020-07-22,US,Texas,Swisher,69,1,0,34.53028891,-101.73491740000001,48437.0,932.8105988914424,1.4492753623188406,68,67,1,0,66,65,7462,2,0,0,2,2
2020-07-22,US,Texas,Tarrant,23536,310,0,32.77143818,-97.29101614,48439.0,1119.42126453319,1.3171312032630864,23226,22002,299,0,21703,22002,2084931,1534,11,0,1523,0
2020-07-22,US,Texas,Taylor,960,13,0,32.30163422,-99.89007449,48441.0,695.4808235652084,1.3541666666666667,947,947,11,0,936,921,137640,13,2,0,11,26
2020-07-22,US,Texas,Terrell,2,0,0,30.22429013,-102.0766732,48443.0,257.73195876288656,0.0,2,2,0,0,2,2,823,0,0,0,0,0
2020-07-22,US,Texas,Terry,67,0,0,33.17402785,-102.3354521,48445.0,543.0817864959066,0.0,67,63,0,0,63,64,12287,4,0,0,4,-1
2020-07-22,US,Texas,Throckmorton,2,0,0,33.17751417,-99.21226795,48447.0,133.24450366422386,0.0,2,2,0,0,2,2,1515,0,0,0,0,0
2020-07-22,US,Texas,Titus,1087,6,0,33.21339719,-94.96797273,48449.0,3319.083969465649,0.5519779208831647,1081,1087,6,0,1081,1087,33033,0,0,0,0,0
2020-07-22,US,Texas,Tom Green,1690,14,0,31.40464436,-100.46244300000001,48451.0,1417.7852348993285,0.8284023668639053,1676,1635,13,0,1622,1560,118189,55,1,0,54,75
2020-07-22,US,Texas,Travis,18394,218,0,30.33432034,-97.78535620000001,48453.0,1443.8511908593246,1.1851690768728933,18176,17791,209,0,17582,17646,1248743,603,9,0,594,145
2020-07-22,US,Texas,Trinity,107,0,0,31.0879489,-95.1367187,48455.0,730.3255750460719,0.0,107,104,0,0,104,102,14740,3,0,0,3,2
2020-07-22,US,Texas,Tyler,50,0,0,30.77031716,-94.37690895,48457.0,230.71244001476558,0.0,50,49,0,0,49,49,21696,1,0,0,1,0
2020-07-22,US,Texas,Upshur,142,0,0,32.73706798,-94.93999853,48459.0,340.095322491797,0.0,142,136,0,0,136,130,41260,6,0,0,6,6
2020-07-22,US,Texas,Upton,13,0,0,31.36868194,-102.0423217,48461.0,355.48263604047025,0.0,13,13,0,0,13,13,3671,0,0,0,0,0
2020-07-22,US,Texas,Uvalde,352,5,0,29.35739637,-99.76229172,48463.0,1316.3307280954339,1.4204545454545454,347,337,5,0,332,325,26846,15,0,0,15,12
2020-07-22,US,Texas,Val Verde,964,8,0,29.89149232,-101.1525205,48465.0,1966.3437021927589,0.8298755186721992,956,964,8,0,956,964,49208,0,0,0,0,0
2020-07-22,US,Texas,Van Zandt,269,3,0,32.56483801,-95.83766469,48467.0,475.349001590387,1.1152416356877324,266,264,3,0,261,244,56019,5,0,0,5,20
2020-07-22,US,Texas,Victoria,2578,24,0,28.79780988,-96.96813006,48469.0,2799.617740324052,0.930954228083786,2554,2578,24,0,2554,2188,92035,0,0,0,0,390
2020-07-22,US,Texas,Walker,2649,28,0,30.73872995,-95.57440968,48471.0,3630.209261213359,1.0570026425066064,2621,2635,28,0,2607,2606,72480,14,0,0,14,29
2020-07-22,US,Texas,Waller,318,0,0,30.01058447,-95.99011759,48473.0,575.6072837852514,0.0,318,307,0,0,307,298,53126,11,0,0,11,9
2020-07-22,US,Texas,Ward,67,1,0,31.50999644,-103.09279090000001,48475.0,558.4264044007333,1.492537313432836,66,67,1,0,66,67,11720,0,0,0,0,0
2020-07-22,US,Texas,Washington,426,34,0,30.21498498,-96.40946246,48477.0,1187.224792375007,7.981220657276995,392,396,34,0,362,388,35108,30,0,0,30,8
2020-07-22,US,Texas,Webb,4276,71,0,27.7610369,-99.33237355,48479.0,1545.6241053742608,1.6604303086997194,4205,4131,66,0,4065,3950,275910,145,5,0,140,181
2020-07-22,US,Texas,Wharton,446,1,0,29.27765923,-96.22319248,48481.0,1073.2505534700163,0.2242152466367713,445,439,1,0,438,420,41619,7,0,0,7,19
2020-07-22,US,Texas,Wheeler,28,0,0,35.40114335,-100.26995140000001,48483.0,553.7974683544304,0.0,28,27,0,0,27,27,5191,1,0,0,1,0
2020-07-22,US,Texas,Wichita,795,9,0,33.98842886,-98.70410340000001,48485.0,601.2251380170915,1.1320754716981132,786,751,9,0,742,751,132064,44,0,0,44,0
2020-07-22,US,Texas,Wilbarger,27,0,0,34.07945812,-99.24178437,48487.0,211.4496045109249,0.0,27,27,0,0,27,23,12820,0,0,0,0,4
2020-07-22,US,Texas,Willacy,520,4,0,26.47411727,-97.61535848,48489.0,2434.684895589475,0.7692307692307693,516,497,3,0,494,474,21515,23,1,0,22,23
2020-07-22,US,Texas,Williamson,5071,79,0,30.64655664,-97.60048540000001,48491.0,858.6895966648095,1.5578781305462432,4992,4981,77,0,4904,4888,566719,90,2,0,88,93
2020-07-22,US,Texas,Wilson,379,6,0,29.1732598,-98.08693082,48493.0,742.1186606618367,1.5831134564643798,373,364,5,0,359,352,50224,15,1,0,14,12
2020-07-22,US,Texas,Winkler,58,0,0,31.85008651,-103.04851629999999,48495.0,724.0948813982521,0.0,58,56,0,0,56,55,7720,2,0,0,2,1
2020-07-22,US,Texas,Wise,250,5,0,33.21570665,-97.65460265,48497.0,357.2245084590764,2.0,245,242,5,0,237,219,68305,8,0,0,8,23
2020-07-22,US,Texas,Wood,196,5,0,32.78722382,-95.38236368,48499.0,430.4003162124772,2.5510204081632653,191,193,5,0,188,174,45129,3,0,0,3,19
2020-07-22,US,Texas,Yoakum,55,1,0,33.17320212,-102.82764329999999,48501.0,631.240674853667,1.818181818181818,54,55,0,0,55,56,8591,0,1,0,-1,-1
2020-07-22,US,Texas,Young,81,1,0,33.17659707,-98.68790885,48503.0,449.75013881177125,1.2345679012345678,80,73,1,0,72,71,18045,8,0,0,8,2
2020-07-22,US,Texas,Zapata,115,1,0,27.00156391,-99.16987152,48505.0,811.058607800268,0.8695652173913043,114,115,1,0,114,113,14190,0,0,0,0,2
2020-07-22,US,Texas,Zavala,111,0,0,28.86617238,-99.76050829,48507.0,937.5,0.0,111,105,0,0,105,95,11983,6,0,0,6,10
2020-07-22,US,Utah,Bear River,1978,5,0,41.52106798,-113.0832816,0.0,1058.7844854350224,0.2527805864509606,1973,1959,5,0,1954,1945,,19,0,0,19,14
2020-07-22,US,Utah,Central Utah,312,1,0,39.37231946,-111.5758676,0.0,380.70136906069257,0.3205128205128205,311,309,0,0,309,306,,3,1,0,2,3
2020-07-22,US,Utah,Davis,2468,9,0,40.99001837,-112.1139997,49011.0,694.2705798622148,0.3646677471636953,2459,2415,8,0,2407,2360,351713,53,1,0,52,55
2020-07-22,US,Utah,Salt Lake,17123,145,0,40.66616532,-111.9216011,49035.0,1475.5648087746256,0.8468142264790048,16978,16871,139,0,16732,16693,1152633,252,6,0,246,178
2020-07-22,US,Utah,San Juan,550,19,0,37.62762978,-109.80337140000002,49037.0,3592.8926051737653,3.4545454545454546,531,545,19,0,526,536,15449,5,0,0,5,9
2020-07-22,US,Utah,Southeast Utah,63,0,0,38.99617072,-110.7013958,0.0,156.60344527579608,0.0,63,63,0,0,63,60,,0,0,0,0,3
2020-07-22,US,Utah,Southwest Utah,2563,21,0,37.85447192,-111.4418764,0.0,1016.8940097285373,0.8193523214982442,2542,2526,21,0,2505,2497,,37,0,0,37,29
2020-07-22,US,Utah,Summit,645,1,0,40.86688146,-110.9535882,49043.0,1530.4306560683356,0.15503875968992248,644,643,1,0,642,637,41933,2,0,0,2,6
2020-07-22,US,Utah,Tooele,448,0,0,40.44862644,-113.1295715,49045.0,619.9919733182026,0.0,448,443,0,0,443,441,69907,5,0,0,5,2
2020-07-22,US,Utah,TriCounty,123,0,0,40.12491499,-109.5174415,0.0,217.23005192328068,0.0,123,115,0,0,115,109,,8,0,0,8,6
2020-07-22,US,Utah,Utah,6659,31,0,40.1166722,-111.6657662,49049.0,1046.625853654703,0.4655353656705211,6628,6516,31,0,6485,6380,622213,143,0,0,143,136
2020-07-22,US,Utah,Wasatch,497,4,0,40.33110236,-111.1691419,49051.0,1457.862779032589,0.8048289738430584,493,495,4,0,491,491,33240,2,0,0,2,4
2020-07-22,US,Utah,Weber-Morgan,2149,24,0,41.27116049,-111.9145117,0.0,789.0958628463999,1.116798510935319,2125,2112,23,0,2089,2071,,37,1,0,36,41
2020-07-22,US,Vermont,Addison,71,2,0,44.03217337,-73.14130877,50001.0,193.0554422601081,2.8169014084507036,69,71,2,0,69,71,36973,0,0,0,0,0
2020-07-22,US,Vermont,Bennington,80,1,0,43.03519828,-73.09048868,50003.0,225.5427121511136,1.25,79,80,1,0,79,79,35631,0,0,0,0,1
2020-07-22,US,Vermont,Caledonia,25,0,0,44.46548598,-72.10314651,50005.0,83.3527823158737,0.0,25,25,0,0,25,25,30302,0,0,0,0,0
2020-07-22,US,Vermont,Chittenden,695,39,0,44.46322849,-73.08359212,50007.0,424.36528386679197,5.611510791366906,656,696,39,0,657,688,164572,-1,0,0,-1,8
2020-07-22,US,Vermont,Essex,4,0,0,44.72736416,-71.73579864,50009.0,64.9034561090378,0.0,4,4,0,0,4,5,6250,0,0,0,0,-1
2020-07-22,US,Vermont,Franklin,111,6,0,44.85627605,-72.91249563,50011.0,224.6872596251164,5.405405405405406,105,111,6,0,105,110,49421,0,0,0,0,1
2020-07-22,US,Vermont,Grand Isle,13,0,0,44.797582399999996,-73.29679772,50013.0,179.68210089841045,0.0,13,13,0,0,13,13,7090,0,0,0,0,0
2020-07-22,US,Vermont,Lamoille,42,1,0,44.60353043,-72.64356694,50015.0,165.60208185474332,2.380952380952381,41,42,1,0,41,42,25300,0,0,0,0,0
2020-07-22,US,Vermont,Orange,11,0,0,44.00470222,-72.37640104,50017.0,38.07282292676173,0.0,11,11,0,0,11,11,28999,0,0,0,0,0
2020-07-22,US,Vermont,Orleans,14,0,0,44.82964024,-72.24562697,50019.0,51.78089285053815,0.0,14,14,0,0,14,14,26907,0,0,0,0,0
2020-07-22,US,Vermont,Rutland,80,1,0,43.57723578,-73.03741676,50021.0,137.47830420511764,1.25,79,80,1,0,79,80,58672,0,0,0,0,0
2020-07-22,US,Vermont,Unassigned,7,0,0,0.0,0.0,90050.0,0.0,0.0,7,7,0,0,7,10,,0,0,0,0,-3
2020-07-22,US,Vermont,Washington,45,1,0,44.27343241,-72.61604978,50023.0,77.04292146758205,2.2222222222222223,44,45,1,0,44,45,58140,0,0,0,0,0
2020-07-22,US,Vermont,Windham,100,3,0,42.986982,-72.71268875,50025.0,236.84335180711483,3.0,97,100,3,0,97,100,42756,0,0,0,0,0
2020-07-22,US,Vermont,Windsor,68,2,0,43.58010937,-72.58595157,50027.0,123.49714866877338,2.9411764705882355,66,67,2,0,65,67,55286,1,0,0,1,0
2020-07-22,US,Virginia,Accomack,1057,15,0,37.76707161,-75.63234615,51001.0,3270.8255972273796,1.4191106906338695,1042,1057,15,0,1042,1053,32412,0,0,0,0,4
2020-07-22,US,Virginia,Albemarle,647,10,0,38.02080697,-78.55481085,51003.0,591.7863349492362,1.545595054095827,637,638,10,0,628,628,108718,9,0,0,9,10
2020-07-22,US,Virginia,Alexandria,2618,56,0,38.814003,-77.08183073,51510.0,1642.1205810773513,2.1390374331550803,2562,2582,56,0,2526,2559,160530,36,0,0,36,23
2020-07-22,US,Virginia,Alleghany,56,2,0,37.78636074,-80.00222498,51005.0,376.8506056527591,3.571428571428572,54,55,2,0,53,55,14910,1,0,0,1,0
2020-07-22,US,Virginia,Amelia,60,1,0,37.34081025,-77.98584649,51007.0,456.44731837200464,1.6666666666666667,59,60,1,0,59,60,13013,0,0,0,0,0
2020-07-22,US,Virginia,Amherst,66,0,0,37.60308293,-79.14548696,51009.0,208.82771713336498,0.0,66,61,0,0,61,60,31666,5,0,0,5,1
2020-07-22,US,Virginia,Appomattox,55,0,0,37.37569884,-78.81340003,51011.0,345.6728049776884,0.0,55,54,0,0,54,54,15841,1,0,0,1,0
2020-07-22,US,Virginia,Arlington,2763,135,0,38.8767675,-77.10139853,51013.0,1166.6005184891196,4.88599348534202,2628,2750,135,0,2615,2737,237521,13,0,0,13,13
2020-07-22,US,Virginia,Augusta,230,2,0,38.16404586,-79.12461614,51015.0,304.4019164085868,0.8695652173913043,228,227,2,0,225,229,75457,3,0,0,3,-2
2020-07-22,US,Virginia,Bath,2,0,0,38.05852573,-79.73912095,51017.0,48.22763443453098,0.0,2,2,0,0,2,2,4292,0,0,0,0,0
2020-07-22,US,Virginia,Bedford,207,4,0,37.3080028,-79.5281964,51019.0,262.03526716204414,1.932367149758454,203,201,4,0,197,191,78747,6,0,0,6,10
2020-07-22,US,Virginia,Bland,7,0,0,37.13128068,-81.13599391,51021.0,111.46496815286623,0.0,7,7,0,0,7,5,6293,0,0,0,0,2
2020-07-22,US,Virginia,Botetourt,166,4,0,37.55531756,-79.80982182,51023.0,496.7234208085221,2.409638554216868,162,166,4,0,162,166,33277,0,0,0,0,0
2020-07-22,US,Virginia,Bristol,27,0,0,36.616302399999995,-82.16359122,51520.0,161.07863023505547,0.0,27,25,0,0,25,23,16482,2,0,0,2,2
2020-07-22,US,Virginia,Brunswick,162,1,0,36.76366949,-77.8593436,51025.0,998.0900745487033,0.6172839506172839,161,161,1,0,160,157,16384,1,0,0,1,4
2020-07-22,US,Virginia,Buchanan,61,0,0,37.26818323,-82.03749726,51027.0,290.42087221481614,0.0,61,54,0,0,54,54,21221,7,0,0,7,0
2020-07-22,US,Virginia,Buckingham,587,6,0,37.57242268,-78.52518834,51029.0,3423.139724749242,1.0221465076660987,581,587,6,0,581,584,16999,0,0,0,0,3
2020-07-22,US,Virginia,Buena Vista,36,0,0,37.73484642,-79.35296097,51530.0,555.7270762581044,0.0,36,31,0,0,31,29,6237,5,0,0,5,2
2020-07-22,US,Virginia,Campbell,89,1,0,37.20553386,-79.09678609,51031.0,162.15723786098206,1.1235955056179776,88,84,1,0,83,80,54973,5,0,0,5,4
2020-07-22,US,Virginia,Caroline,163,4,0,38.02679129,-77.34901405,51033.0,530.5126118795769,2.4539877300613497,159,161,4,0,157,157,30772,2,0,0,2,4
2020-07-22,US,Virginia,Carroll,281,10,0,36.73066666,-80.73455942,51035.0,943.2378906381122,3.5587188612099645,271,280,10,0,270,279,29636,1,0,0,1,1
2020-07-22,US,Virginia,Charles City,45,3,0,37.35358063,-77.05634116,51036.0,646.2731581214994,6.666666666666668,42,45,3,0,42,43,6941,0,0,0,0,2
2020-07-22,US,Virginia,Charlotte,42,0,0,37.01909701,-78.66314092,51037.0,353.53535353535347,0.0,42,40,0,0,40,39,11938,2,0,0,2,1
2020-07-22,US,Virginia,Charlottesville,371,8,0,38.03527919,-78.48569588,51540.0,784.9193923750688,2.1563342318059298,363,367,8,0,359,361,48117,4,0,0,4,6
2020-07-22,US,Virginia,Chesapeake,1850,24,0,36.67670048,-76.30545744,51550.0,755.6109216411052,1.2972972972972974,1826,1790,24,0,1766,1758,242634,60,0,0,60,32
2020-07-22,US,Virginia,Chesterfield,3564,65,0,37.37373208,-77.58680140000001,51041.0,1010.1983548846092,1.8237934904601567,3499,3538,65,0,3473,3472,348556,26,0,0,26,66
2020-07-22,US,Virginia,Clarke,64,0,0,39.11271747,-77.99199425,51043.0,437.78644230111496,0.0,64,64,0,0,64,64,14523,0,0,0,0,0
2020-07-22,US,Virginia,Colonial Heights,168,20,0,37.26420587,-77.39609676,51570.0,967.1848013816923,11.904761904761903,148,167,20,0,147,164,17833,1,0,0,1,3
2020-07-22,US,Virginia,Covington,7,0,0,37.7824656,-79.98631446,51580.0,126.39942217407007,0.0,7,7,0,0,7,7,5460,0,0,0,0,0
2020-07-22,US,Virginia,Craig,11,0,0,37.48133648,-80.21072274,51045.0,214.38316117715846,0.0,11,11,0,0,11,11,5064,0,0,0,0,0
2020-07-22,US,Virginia,Culpeper,912,12,0,38.48199985,-77.95630870000002,51047.0,1733.675506130596,1.3157894736842106,900,909,12,0,897,900,51859,3,0,0,3,9
2020-07-22,US,Virginia,Cumberland,60,0,0,37.51328851,-78.24398086,51049.0,604.1079339508659,0.0,60,60,0,0,60,60,9809,0,0,0,0,0
2020-07-22,US,Virginia,Danville,214,3,0,36.58022376,-79.40395668,51590.0,534.4121466386973,1.4018691588785046,211,196,3,0,193,196,40693,18,0,0,18,0
2020-07-22,US,Virginia,Dickenson,10,0,0,37.12560977,-82.35124171,51051.0,69.8421567257997,0.0,10,10,0,0,10,10,14523,0,0,0,0,0
2020-07-22,US,Virginia,Dinwiddie,172,2,0,37.07544585,-77.63451754,51053.0,602.5784753363229,1.162790697674419,170,169,2,0,167,168,28529,3,0,0,3,1
2020-07-22,US,Virginia,Emporia,154,15,0,36.69455571,-77.53406129,51595.0,2880.6584362139915,9.74025974025974,139,152,15,0,137,151,5121,2,0,0,2,1
2020-07-22,US,Virginia,Essex,72,0,0,37.93357639,-76.94230311,51057.0,657.354149548069,0.0,72,71,0,0,71,71,10919,1,0,0,1,0
2020-07-22,US,Virginia,Fairfax,15078,510,0,38.83677558,-77.27565836,51059.0,1313.9502863536702,3.382411460405889,14568,14994,510,0,14484,14934,1150795,84,0,0,84,60
2020-07-22,US,Virginia,Fairfax,15078,510,0,38.83677558,-77.27565836,51059.0,1313.9502863536702,3.382411460405889,14568,14994,510,0,14484,14934,24574,84,0,0,84,60
2020-07-22,US,Virginia,Fairfax City,74,7,0,38.85157547,-77.29779640000002,51600.0,308.08942920188184,9.459459459459461,67,73,7,0,66,73,24574,1,0,0,1,0
2020-07-22,US,Virginia,Falls Church,54,6,0,38.88485255,-77.17560759,51610.0,369.43285215844566,11.111111111111109,48,54,6,0,48,55,14772,0,0,0,0,-1
2020-07-22,US,Virginia,Fauquier,545,8,0,38.73564842,-77.80647472,51061.0,765.2129959843868,1.4678899082568808,537,536,8,0,528,530,70675,9,0,0,9,6
2020-07-22,US,Virginia,Floyd,27,1,0,36.9302126,-80.36738849,51063.0,171.43945647342687,3.703703703703704,26,28,1,0,27,28,15795,-1,0,0,-1,0
2020-07-22,US,Virginia,Fluvanna,151,8,0,37.84157909,-78.27715475,51065.0,553.7220388705538,5.298013245033113,143,151,8,0,143,146,26783,0,0,0,0,5
2020-07-22,US,Virginia,Franklin,132,1,0,36.99536167,-79.88023649,51067.0,235.53763248991828,0.7575757575757576,131,125,1,0,124,117,56195,7,0,0,7,8
2020-07-22,US,Virginia,Franklin,132,1,0,36.99536167,-79.88023649,51067.0,235.53763248991828,0.7575757575757576,131,125,1,0,124,117,8013,7,0,0,7,8
2020-07-22,US,Virginia,Franklin City,96,4,0,36.6831435,-76.93859681,51620.0,1204.9705033262208,4.166666666666667,92,96,4,0,92,93,8013,0,0,0,0,3
2020-07-22,US,Virginia,Frederick,607,7,0,39.20172582,-78.25974949,51069.0,679.6323043677853,1.1532125205930808,600,597,7,0,590,597,88355,10,0,0,10,0
2020-07-22,US,Virginia,Fredericksburg,302,1,0,38.2977863,-77.4922454,51630.0,1040.0881664141066,0.3311258278145696,301,300,0,0,300,296,29144,2,1,0,1,4
2020-07-22,US,Virginia,Galax,305,16,0,36.66601852,-80.91703124,51640.0,4805.419883409485,5.245901639344262,289,305,16,0,289,304,6423,0,0,0,0,1
2020-07-22,US,Virginia,Giles,18,0,0,37.31234791,-80.70636931,51071.0,107.65550239234449,0.0,18,18,0,0,18,18,16844,0,0,0,0,0
2020-07-22,US,Virginia,Gloucester,112,1,0,37.40809042,-76.53524337,51073.0,299.8821891399807,0.8928571428571429,111,109,1,0,108,99,37349,3,0,0,3,10
2020-07-22,US,Virginia,Goochland,142,6,0,37.71714806,-77.90381514,51075.0,597.8192228350104,4.225352112676056,136,141,6,0,135,139,23244,1,0,0,1,2
2020-07-22,US,Virginia,Grayson,107,4,0,36.65677234,-81.23215889,51077.0,688.1028938906752,3.7383177570093458,103,107,4,0,103,104,15631,0,0,0,0,3
2020-07-22,US,Virginia,Greene,105,2,0,38.29545894,-78.46525378,51079.0,529.7946415056258,1.9047619047619049,103,100,2,0,98,96,19779,5,0,0,5,4
2020-07-22,US,Virginia,Greensville,390,9,0,36.67878901,-77.56351439,51081.0,3440.3669724770643,2.3076923076923075,381,389,9,0,380,388,11627,1,0,0,1,1
2020-07-22,US,Virginia,Halifax,109,1,0,36.76654925,-78.93512622,51083.0,321.42962460558516,0.9174311926605504,108,108,1,0,107,105,34120,1,0,0,1,3
2020-07-22,US,Virginia,Hampton,772,4,0,37.03513786,-76.35879121,51650.0,573.9350234183332,0.5181347150259067,768,751,4,0,747,723,134313,21,0,0,21,28
2020-07-22,US,Virginia,Hanover,531,30,0,37.7583355,-77.49464673,51085.0,492.7342575580424,5.649717514124294,501,532,30,0,502,518,107239,-1,0,0,-1,14
2020-07-22,US,Virginia,Harrisonburg,1013,29,0,38.43542574,-78.87536254,51660.0,1910.743926361853,2.862783810463968,984,1010,29,0,981,1009,54033,3,0,0,3,1
2020-07-22,US,Virginia,Henrico,3112,177,0,37.53460572,-77.39326555,51087.0,940.6985109637322,5.687660668380463,2935,3097,177,0,2920,3058,329261,15,0,0,15,39
2020-07-22,US,Virginia,Henry,413,5,0,36.68542395,-79.87634026,51089.0,816.8997369305932,1.2106537530266344,408,410,5,0,405,393,50953,3,0,0,3,17
2020-07-22,US,Virginia,Highland,3,0,0,38.35799465,-79.56124594,51091.0,136.98630136986299,0.0,3,3,0,0,3,3,2210,0,0,0,0,0
2020-07-22,US,Virginia,Hopewell,236,5,0,37.29186313,-77.29754684,51670.0,1047.5387278618668,2.1186440677966103,231,234,5,0,229,231,22596,2,0,0,2,3
2020-07-22,US,Virginia,Isle of Wight,288,9,0,36.90579348,-76.70842863,51093.0,776.0920531407477,3.125,279,283,9,0,274,277,36953,5,0,0,5,6
2020-07-22,US,Virginia,James City,464,16,0,37.31156958,-76.76950618,51095.0,606.3536453092535,3.4482758620689653,448,456,16,0,440,452,76397,8,0,0,8,4
2020-07-22,US,Virginia,King George,110,4,0,38.26818502,-77.15852768,51099.0,409.897153077955,3.636363636363636,106,108,4,0,104,108,26575,2,0,0,2,0
2020-07-22,US,Virginia,King William,67,2,0,37.70965316,-77.09384941,51101.0,390.71611849778395,2.985074626865672,65,66,2,0,64,63,16939,1,0,0,1,3
2020-07-22,US,Virginia,King and Queen,32,1,0,37.71044922,-76.88689628,51097.0,455.5160142348754,3.125,31,32,1,0,31,32,7042,0,0,0,0,0
2020-07-22,US,Virginia,Lancaster,23,0,0,37.71889653,-76.46400482,51103.0,216.9197396963124,0.0,23,23,0,0,23,23,10783,0,0,0,0,0
2020-07-22,US,Virginia,Lee,52,0,0,36.70586667,-83.12606515,51105.0,222.00401314946842,0.0,52,44,0,0,44,35,23541,8,0,0,8,9
2020-07-22,US,Virginia,Lexington,26,0,0,37.78258621,-79.44262866,51678.0,349.18076819769004,0.0,26,23,0,0,23,23,7136,3,0,0,3,0
2020-07-22,US,Virginia,Loudoun,4738,106,0,39.08990083,-77.63481877,51107.0,1145.7230048991873,2.23723089911355,4632,4695,106,0,4589,4670,406850,43,0,0,43,25
2020-07-22,US,Virginia,Louisa,155,2,0,37.97850256,-77.96274807,51109.0,412.3327392194941,1.2903225806451613,153,155,2,0,153,155,36778,0,0,0,0,0
2020-07-22,US,Virginia,Lunenburg,44,0,0,36.94618528,-78.24133319,51111.0,360.77402427025254,0.0,44,44,0,0,44,43,12086,0,0,0,0,1
2020-07-22,US,Virginia,Lynchburg,294,1,0,37.40021399,-79.19888138,51680.0,357.80352448641815,0.3401360544217687,293,270,1,0,269,251,82126,24,0,0,24,19
2020-07-22,US,Virginia,Madison,52,1,0,38.41531222,-78.28220331,51113.0,392.1272905512404,1.9230769230769231,51,51,1,0,50,51,13295,1,0,0,1,0
2020-07-22,US,Virginia,Manassas,1544,20,0,38.7464321,-77.48509905,51683.0,3758.062553243276,1.2953367875647668,1524,1531,20,0,1511,1530,41641,13,0,0,13,1
2020-07-22,US,Virginia,Manassas Park,478,7,0,38.77058531,-77.44399307,51685.0,2734.8666895525807,1.4644351464435146,471,477,7,0,470,473,17307,1,0,0,1,4
2020-07-22,US,Virginia,Martinsville,145,1,0,36.68212094,-79.86352771,51690.0,1155.010355265254,0.6896551724137931,144,143,1,0,142,132,12902,2,0,0,2,11
2020-07-22,US,Virginia,Mathews,9,0,0,37.44164146,-76.34098896,51115.0,101.87910346388952,0.0,9,9,0,0,9,10,8802,0,0,0,0,-1
2020-07-22,US,Virginia,Mecklenburg,283,30,0,36.67882005,-78.36131056,51117.0,925.2296727367836,10.600706713780921,253,281,30,0,251,280,30650,2,0,0,2,1
2020-07-22,US,Virginia,Middlesex,21,1,0,37.63191998,-76.55064617,51119.0,198.45019845019849,4.761904761904762,20,20,1,0,19,20,10769,1,0,0,1,0
2020-07-22,US,Virginia,Montgomery,224,3,0,37.17746986,-80.37868691,51121.0,227.33039021667432,1.3392857142857142,221,220,3,0,217,220,98985,4,0,0,4,0
2020-07-22,US,Virginia,Nelson,29,0,0,37.78790447,-78.88498513,51125.0,194.2397856664434,0.0,29,29,0,0,29,28,14836,0,0,0,0,1
2020-07-22,US,Virginia,New Kent,98,1,0,37.50694406,-76.99828634,51127.0,424.4077779221342,1.020408163265306,97,94,1,0,93,90,22391,4,0,0,4,4
2020-07-22,US,Virginia,Newport News,1276,14,0,37.08166899,-76.51754109,51700.0,711.9542474543173,1.09717868338558,1262,1237,14,0,1223,1206,178626,39,0,0,39,31
2020-07-22,US,Virginia,Norfolk,2389,20,0,36.89934014,-76.26420872,51710.0,984.1724959009978,0.8371703641691084,2369,2329,21,0,2308,2214,244076,60,-1,0,61,115
2020-07-22,US,Virginia,Northampton,285,28,0,37.34062933,-75.87751591,51131.0,2433.817250213493,9.824561403508772,257,281,28,0,253,279,11735,4,0,0,4,2
2020-07-22,US,Virginia,Northumberland,55,1,0,37.89202088,-76.41949732,51133.0,454.733360892931,1.818181818181818,54,55,1,0,54,55,12147,0,0,0,0,0
2020-07-22,US,Virginia,Norton,5,0,0,36.93357076,-82.62750411,51720.0,125.59658377292138,0.0,5,5,0,0,5,5,3968,0,0,0,0,0
2020-07-22,US,Virginia,Nottoway,157,6,0,37.1435975,-78.05065922,51135.0,1030.7247899159663,3.8216560509554136,151,152,6,0,146,150,15420,5,0,0,5,2
2020-07-22,US,Virginia,Orange,187,3,0,38.24530219,-78.01560400000002,51137.0,504.7097244338884,1.60427807486631,184,185,3,0,182,179,36644,2,0,0,2,6
2020-07-22,US,Virginia,Page,324,23,0,38.61807452,-78.48797204,51139.0,1355.5351016651325,7.098765432098767,301,317,23,0,294,317,23933,7,0,0,7,0
2020-07-22,US,Virginia,Patrick,67,2,0,36.680163799999995,-80.2865648,51141.0,380.5088596092685,2.985074626865672,65,57,2,0,55,57,17673,10,0,0,10,0
2020-07-22,US,Virginia,Petersburg,374,9,0,37.20530399,-77.39368102,51730.0,1193.1346902316084,2.406417112299465,365,371,9,0,362,370,31567,3,0,0,3,1
2020-07-22,US,Virginia,Pittsylvania,248,2,0,36.81980341,-79.39731264,51143.0,410.90897040792663,0.8064516129032258,246,232,2,0,230,232,60949,16,0,0,16,0
2020-07-22,US,Virginia,Poquoson,30,0,0,37.14259351,-76.35798148,51735.0,244.4788525792519,0.0,30,28,0,0,28,27,12190,2,0,0,2,1
2020-07-22,US,Virginia,Portsmouth,1085,21,0,36.85914825,-76.35971629,51740.0,1149.3887582364034,1.935483870967742,1064,1046,21,0,1025,1009,94632,39,0,0,39,37
2020-07-22,US,Virginia,Powhatan,105,3,0,37.55016038,-77.91267882,51145.0,354.10764872521247,2.8571428571428568,102,105,3,0,102,103,29189,0,0,0,0,2
2020-07-22,US,Virginia,Prince Edward,242,6,0,37.22554789,-78.43597949,51147.0,1061.310411367424,2.479338842975207,236,242,6,0,236,241,22950,0,0,0,0,1
2020-07-22,US,Virginia,Prince George,293,2,0,37.18497668,-77.22922187,51149.0,763.9558835032461,0.6825938566552902,291,293,2,0,291,291,38082,0,0,0,0,2
2020-07-22,US,Virginia,Prince William,8265,165,0,38.70916224,-77.48713689,51153.0,1757.2581245282618,1.996370235934664,8100,8240,164,0,8076,8190,468011,25,1,0,24,50
2020-07-22,US,Virginia,Pulaski,61,2,0,37.06474963,-80.71229738,51155.0,179.2694037088194,3.278688524590164,59,61,2,0,59,61,34066,0,0,0,0,0
2020-07-22,US,Virginia,Radford,21,0,0,37.12222899,-80.56027320000003,51750.0,115.0747986191024,0.0,21,21,0,0,21,21,18339,0,0,0,0,0
2020-07-22,US,Virginia,Rappahannock,36,1,0,38.68295619,-78.15826963,51157.0,488.4667571234736,2.7777777777777777,35,34,1,0,33,34,7252,2,0,0,2,0
2020-07-22,US,Virginia,Richmond,319,4,0,37.937575,-76.72920628,51159.0,3535.409509032473,1.2539184952978055,315,314,4,0,310,313,9038,5,0,0,5,1
2020-07-22,US,Virginia,Richmond City,2643,35,0,37.53255773,-77.47966921,51760.0,1146.956204759673,1.3242527430949678,2608,2623,35,0,2588,2588,228783,20,0,0,20,35
2020-07-22,US,Virginia,Roanoke,377,6,0,37.26865804,-80.06396753,51161.0,400.2718026033592,1.5915119363395225,371,365,6,0,359,363,94073,12,0,0,12,2
2020-07-22,US,Virginia,Roanoke City,679,10,0,37.27791025,-79.96189766,51770.0,684.8693301594666,1.4727540500736378,669,665,10,0,655,659,99920,14,0,0,14,6
2020-07-22,US,Virginia,Rockbridge,51,0,0,37.81204314,-79.44605905,51163.0,225.93363753156424,0.0,51,47,0,0,47,47,22752,4,0,0,4,0
2020-07-22,US,Virginia,Rockingham,836,16,0,38.51006137,-78.87260325,51165.0,1020.1591252989699,1.9138755980861244,820,833,16,0,817,829,81244,3,0,0,3,4
2020-07-22,US,Virginia,Russell,35,0,0,36.93028320000001,-82.10095486,51167.0,131.64823591363876,0.0,35,31,0,0,31,30,26748,4,0,0,4,1
2020-07-22,US,Virginia,Salem,116,3,0,37.2836193,-80.06219455,51775.0,458.47990198015884,2.586206896551724,113,113,3,0,110,113,25643,3,0,0,3,0
2020-07-22,US,Virginia,Scott,30,2,0,36.71466456,-82.60171704,51169.0,139.10785495687657,6.666666666666668,28,30,2,0,28,25,21534,0,0,0,0,5
2020-07-22,US,Virginia,Shenandoah,655,40,0,38.85905135,-78.56813762,51171.0,1501.7424798239178,6.106870229007634,615,654,40,0,614,650,43497,1,0,0,1,4
2020-07-22,US,Virginia,Smyth,74,1,0,36.84455636,-81.53344948,51173.0,245.81450969970768,1.351351351351351,73,73,1,0,72,73,30472,1,0,0,1,0
2020-07-22,US,Virginia,Southampton,205,11,0,36.72231125,-77.10642712,51175.0,1162.7247461856955,5.365853658536587,194,204,11,0,193,204,17586,1,0,0,1,0
2020-07-22,US,Virginia,Spotsylvania,1197,33,0,38.18574462,-77.655399,51177.0,878.7578460521968,2.7568922305764407,1164,1168,33,0,1135,1154,134238,29,0,0,29,14
2020-07-22,US,Virginia,Stafford,1151,6,0,38.41758738,-77.45917053,51179.0,752.8682251671222,0.5212858384013901,1145,1140,6,0,1134,1128,149960,11,0,0,11,12
2020-07-22,US,Virginia,Staunton,122,0,0,38.15965544,-79.05979937,51790.0,489.3309802663244,0.0,122,118,0,0,118,117,24922,4,0,0,4,1
2020-07-22,US,Virginia,Suffolk,797,45,0,36.70155394,-76.63603554,51800.0,865.2885742823642,5.646173149309912,752,780,45,0,735,757,91185,17,0,0,17,23
2020-07-22,US,Virginia,Surry,30,1,0,37.11781893,-76.88450012,51181.0,467.1441918405481,3.333333333333333,29,29,1,0,28,26,6474,1,0,0,1,3
2020-07-22,US,Virginia,Sussex,238,7,0,36.92432914,-77.25791182,51183.0,2132.8075992472445,2.9411764705882355,231,236,7,0,229,235,11237,2,0,0,2,1
2020-07-22,US,Virginia,Tazewell,54,0,0,37.12191123,-81.56685568,51185.0,133.02130804286242,0.0,54,48,0,0,48,45,40855,6,0,0,6,3
2020-07-22,US,Virginia,Virginia Beach,2968,39,0,36.73285734,-76.04566934,51810.0,659.5936654117794,1.3140161725067383,2929,2829,38,0,2791,2720,450189,139,1,0,138,109
2020-07-22,US,Virginia,Warren,340,8,0,38.90847745,-78.20280433,51187.0,846.529230156359,2.3529411764705883,332,334,8,0,326,334,40003,6,0,0,6,0
2020-07-22,US,Virginia,Washington,118,4,0,36.72341572,-81.95666289,51191.0,219.5757350204689,3.3898305084745757,114,114,4,0,110,112,54402,4,0,0,4,2
2020-07-22,US,Virginia,Waynesboro,150,2,0,38.06451466,-78.90293905,51820.0,662.8369421122404,1.3333333333333333,148,149,2,0,147,142,22628,1,0,0,1,7
2020-07-22,US,Virginia,Westmoreland,187,2,0,38.11021557,-76.80213247,51193.0,1038.0238689980572,1.0695187165775402,185,187,2,0,185,187,17830,0,0,0,0,0
2020-07-22,US,Virginia,Williamsburg,97,6,0,37.28131268,-76.70905141,51830.0,648.6558780259463,6.185567010309278,91,96,6,0,90,94,14896,1,0,0,1,2
2020-07-22,US,Virginia,Winchester,380,4,0,39.17054517,-78.17325058,51840.0,1353.3727473466772,1.0526315789473684,376,378,4,0,374,377,28108,2,0,0,2,1
2020-07-22,US,Virginia,Wise,58,3,0,36.9746148,-82.62410519,51195.0,155.1507369660006,5.172413793103448,55,54,3,0,51,54,38012,4,0,0,4,0
2020-07-22,US,Virginia,Wythe,78,2,0,36.91582035,-81.07834059,51197.0,271.9286013108353,2.5641025641025643,76,73,1,0,72,72,28754,5,1,0,4,1
2020-07-22,US,Virginia,York,237,3,0,37.24374789,-76.54412815,51199.0,347.10017574692444,1.2658227848101269,234,234,3,0,231,226,67846,3,0,0,3,8
2020-07-22,US,Washington,Adams,318,0,0,46.98299757,-118.56017340000001,53001.0,1591.3526497522894,0.0,318,314,0,0,314,307,19759,4,0,0,4,7
2020-07-22,US,Washington,Asotin,22,2,0,46.18894415,-117.2022851,53003.0,97.42272606500751,9.090909090909092,20,21,2,0,19,21,22610,1,0,0,1,0
2020-07-22,US,Washington,Benton,2983,102,0,46.23946995,-119.51208340000001,53005.0,1459.4647487646164,3.4193764666443176,2881,2946,103,0,2843,2884,201877,37,-1,0,38,62
2020-07-22,US,Washington,Chelan,818,6,0,47.87046092,-120.6173956,53007.0,1059.5854922279793,0.7334963325183375,812,778,6,0,772,766,77036,40,0,0,40,12
2020-07-22,US,Washington,Clallam,71,0,0,48.04754642,-123.92263190000001,53009.0,91.81311505088516,0.0,71,72,0,0,72,68,76737,-1,0,0,-1,4
2020-07-22,US,Washington,Clark,1271,32,0,45.77568046,-122.48292040000001,53011.0,260.3222588844444,2.5177025963808024,1239,1260,32,0,1228,1201,481857,11,0,0,11,59
2020-07-22,US,Washington,Columbia,10,0,0,46.29442881,-117.9051983,53013.0,250.94102885821832,0.0,10,10,0,0,10,9,4059,0,0,0,0,1
2020-07-22,US,Washington,Cowlitz,367,2,0,46.19074721,-122.6782231,53015.0,331.84740444693614,0.5449591280653951,365,365,2,0,363,347,108987,2,0,0,2,18
2020-07-22,US,Washington,Douglas,576,4,0,47.7361335,-119.69293700000001,53017.0,1326.3027009601876,0.6944444444444444,572,544,4,0,540,530,42907,32,0,0,32,14
2020-07-22,US,Washington,Ferry,6,0,0,48.471143100000006,-118.5154041,53019.0,78.66789038940605,0.0,6,6,0,0,6,6,7649,0,0,0,0,0
2020-07-22,US,Washington,Franklin,2882,44,0,46.53351425,-118.9018212,53021.0,3026.6114973430517,1.5267175572519085,2838,2846,43,0,2803,2794,94347,36,1,0,35,52
2020-07-22,US,Washington,Garfield,2,0,0,46.43197502,-117.54540320000001,53023.0,89.88764044943821,0.0,2,2,0,0,2,2,2247,0,0,0,0,0
2020-07-22,US,Washington,Grant,1004,8,0,47.20753737,-119.4500749,53025.0,1027.2886333173033,0.796812749003984,996,992,8,0,984,972,97331,12,0,0,12,20
2020-07-22,US,Washington,Grays Harbor,66,2,0,47.14003705,-123.7820567,53027.0,87.92848483233637,3.0303030303030303,64,66,2,0,64,66,73901,0,0,0,0,0
2020-07-22,US,Washington,Island,219,11,0,48.14713305,-122.5216407,53029.0,257.22037561221975,5.0228310502283104,208,217,11,0,206,216,84460,2,0,0,2,1
2020-07-22,US,Washington,Jefferson,50,0,0,47.75003077,-123.56097040000002,53031.0,155.1782998665467,0.0,50,50,0,0,50,50,31729,0,0,0,0,0
2020-07-22,US,Washington,King,13627,638,0,47.49137892,-121.8346131,53033.0,604.896523498501,4.6818815586702875,12989,13450,638,0,12812,13319,2233163,177,0,0,177,131
2020-07-22,US,Washington,Kitsap,423,3,0,47.63479026,-122.6436061,53035.0,155.81660054591063,0.7092198581560284,420,407,3,0,404,399,269805,16,0,0,16,8
2020-07-22,US,Washington,Kittitas,304,4,0,47.12521214,-120.67943899999999,53037.0,634.1921351830604,1.3157894736842106,300,303,2,0,301,297,47364,1,2,0,-1,6
2020-07-22,US,Washington,Klickitat,85,3,0,45.87325839,-120.7913598,53039.0,379.041248606466,3.5294117647058822,82,83,3,0,80,83,22107,2,0,0,2,0
2020-07-22,US,Washington,Lewis,132,3,0,46.57756476,-122.39257690000001,53041.0,163.55458634319203,2.272727272727273,129,132,3,0,129,129,79604,0,0,0,0,3
2020-07-22,US,Washington,Lincoln,6,0,0,47.57705241,-118.41943880000001,53043.0,54.849620623457355,0.0,6,6,0,0,6,6,10740,0,0,0,0,0
2020-07-22,US,Washington,Mason,88,1,0,47.35007586,-123.1863685,53045.0,131.79966450994488,1.1363636363636365,87,84,1,0,83,81,65507,4,0,0,4,3
2020-07-22,US,Washington,Okanogan,506,2,0,48.54855019,-119.73872240000001,53047.0,1197.83159340009,0.3952569169960474,504,482,2,0,480,454,42132,24,0,0,24,28
2020-07-22,US,Washington,Pacific,26,1,0,46.55418369,-123.7285716,53049.0,115.7046860397846,3.8461538461538463,25,25,1,0,24,19,22036,1,0,0,1,6
2020-07-22,US,Washington,Pend Oreille,26,0,0,48.53234021,-117.2741804,53051.0,189.4491401923637,0.0,26,26,0,0,26,25,13602,0,0,0,0,1
2020-07-22,US,Washington,Pierce,4003,115,0,47.03892768,-122.14059579999999,53053.0,442.33021724237,2.872845365975518,3888,3913,115,0,3798,3834,891299,90,0,0,90,79
2020-07-22,US,Washington,San Juan,25,0,0,48.60182783,-122.96745,53055.0,142.1908770333295,0.0,25,24,0,0,24,24,17128,1,0,0,1,0
2020-07-22,US,Washington,Skagit,712,17,0,48.48171488,-121.766131,53057.0,551.0622653922062,2.3876404494382024,695,707,17,0,690,707,128206,5,0,0,5,0
2020-07-22,US,Washington,Skamania,43,1,0,46.02408726,-121.91644029999999,53059.0,355.87188612099646,2.3255813953488373,42,45,1,0,44,41,11924,-2,0,0,-2,4
2020-07-22,US,Washington,Snohomish,4512,181,0,48.04615983,-121.7170703,53061.0,548.8496903597326,4.011524822695035,4331,4454,181,0,4273,4386,814901,58,0,0,58,68
2020-07-22,US,Washington,Spokane,2896,45,0,47.62113146,-117.4046494,53063.0,553.942440483705,1.5538674033149171,2851,2820,44,0,2776,2742,514631,76,1,0,75,78
2020-07-22,US,Washington,Stevens,48,1,0,48.40035475,-117.8542701,53065.0,104.97998818975132,2.083333333333333,47,46,1,0,45,44,45260,2,0,0,2,2
2020-07-22,US,Washington,Thurston,484,5,0,46.9291895,-122.82906559999999,53067.0,166.58864994355258,1.033057851239669,479,475,5,0,470,469,286419,9,0,0,9,6
2020-07-22,US,Washington,Unassigned,146,1,0,0.0,0.0,90053.0,0.0,0.6849315068493149,145,179,1,0,178,114,,-33,0,0,-33,65
2020-07-22,US,Washington,Wahkiakum,6,0,0,46.29180039999999,-123.4250831,53069.0,133.6898395721925,0.0,6,6,0,0,6,5,4426,0,0,0,0,1
2020-07-22,US,Washington,Walla Walla,308,3,0,46.23040051,-118.4775539,53071.0,506.91244239631317,0.9740259740259741,305,300,3,0,297,297,60922,8,0,0,8,3
2020-07-22,US,Washington,Whatcom,807,37,0,48.82227976,-121.74900179999999,53073.0,352.02205481423965,4.584882280049567,770,802,37,0,765,788,225685,5,0,0,5,14
2020-07-22,US,Washington,Whitman,57,0,0,46.90022523,-117.52417630000001,53075.0,113.76337218585344,0.0,57,56,0,0,56,56,49791,1,0,0,1,0
2020-07-22,US,Washington,Yakima,9312,194,0,46.45738486,-120.73801259999999,53077.0,3711.83826079331,2.083333333333333,9118,9261,194,0,9067,9185,251446,51,0,0,51,76
2020-07-22,US,West Virginia,Barbour,26,1,0,39.1307219,-80.00350858,54001.0,158.14123228514083,3.8461538461538463,25,26,1,0,25,25,16535,0,0,0,0,1
2020-07-22,US,West Virginia,Berkeley,569,10,0,39.46704621,-78.02414609,54003.0,477.4651551132407,1.7574692442882252,559,568,10,0,558,568,117123,1,0,0,1,0
2020-07-22,US,West Virginia,Boone,61,0,0,38.01974191,-81.69888019,54005.0,284.2895092510603,0.0,61,61,0,0,61,61,21951,0,0,0,0,0
2020-07-22,US,West Virginia,Braxton,7,0,0,38.70036159,-80.72011184,54007.0,50.15404456545103,0.0,7,7,0,0,7,7,14089,0,0,0,0,0
2020-07-22,US,West Virginia,Brooke,40,0,0,40.27367263,-80.57915332,54009.0,182.3237157573272,0.0,40,39,0,0,39,39,22203,1,0,0,1,0
2020-07-22,US,West Virginia,Cabell,229,2,0,38.42424062,-82.23855912,54011.0,249.06193920278423,0.8733624454148472,227,229,2,0,227,229,93224,0,0,0,0,0
2020-07-22,US,West Virginia,Calhoun,5,0,0,38.84315422,-81.11934872,54013.0,70.33338022225348,0.0,5,5,0,0,5,5,7254,0,0,0,0,0
2020-07-22,US,West Virginia,Clay,17,1,0,38.46231092,-81.07652217,54015.0,199.8119417019276,5.882352941176472,16,17,1,0,16,16,8632,0,0,0,0,1
2020-07-22,US,West Virginia,Fayette,102,4,0,38.02974928,-81.08286634,54019.0,240.53200018865255,3.92156862745098,98,102,4,0,98,102,43018,0,0,0,0,0
2020-07-22,US,West Virginia,Gilmer,13,0,0,38.9251277,-80.85952723,54021.0,166.17665857088068,0.0,13,13,0,0,13,13,8026,0,0,0,0,0
2020-07-22,US,West Virginia,Grant,26,0,0,39.10314817,-79.19440518,54023.0,224.75795297372062,0.0,26,26,0,0,26,24,11626,0,0,0,0,2
2020-07-22,US,West Virginia,Greenbrier,80,3,0,37.9463652,-80.45335881,54025.0,230.80030004039008,3.75,77,80,3,0,77,80,34786,0,0,0,0,0
2020-07-22,US,West Virginia,Hampshire,51,1,0,39.32103553,-78.60826476,54027.0,220.06472491909386,1.96078431372549,50,51,1,0,50,50,23347,0,0,0,0,1
2020-07-22,US,West Virginia,Hancock,68,0,0,40.51943859,-80.57461608,54029.0,236.0291565428671,0.0,68,65,0,0,65,62,29094,3,0,0,3,3
2020-07-22,US,West Virginia,Hardy,50,0,0,39.00683177,-78.85855301,54031.0,362.95005807200926,0.0,50,50,0,0,50,49,13775,0,0,0,0,1
2020-07-22,US,West Virginia,Harrison,143,1,0,39.2853852,-80.37919577,54033.0,212.6204353514928,0.6993006993006993,142,142,1,0,141,141,67554,1,0,0,1,1
2020-07-22,US,West Virginia,Jackson,150,19,0,38.84263974,-81.68148753,54035.0,524.91601343785,12.666666666666664,131,149,19,0,130,149,28706,1,0,0,1,0
2020-07-22,US,West Virginia,Jefferson,274,4,0,39.30776166,-77.86014147,54037.0,479.4736289504077,1.45985401459854,270,274,4,0,270,274,56811,0,0,0,0,0
2020-07-22,US,West Virginia,Kanawha,552,20,0,38.33860077,-81.52857054,54039.0,309.8964766117985,3.6231884057971016,532,546,20,0,526,536,180454,6,0,0,6,10
2020-07-22,US,West Virginia,Lewis,25,2,0,38.9947249,-80.49988181,54041.0,157.16351291884075,8.0,23,25,2,0,23,25,16024,0,0,0,0,0
2020-07-22,US,West Virginia,Lincoln,30,0,0,38.172154,-82.07017953,54043.0,146.99397324709687,0.0,30,30,0,0,30,21,20599,0,0,0,0,9
2020-07-22,US,West Virginia,Logan,49,1,0,37.8299889,-81.93528571,54045.0,153.03413598176084,2.0408163265306123,48,47,1,0,46,46,32607,2,0,0,2,1
2020-07-22,US,West Virginia,Marion,143,2,0,39.50984542,-80.24244659,54049.0,255.02924810957344,1.3986013986013983,141,140,2,0,138,139,56097,3,0,0,3,1
2020-07-22,US,West Virginia,Marshall,86,0,0,39.86064362,-80.66591062,54051.0,281.6809144803642,0.0,86,83,0,0,83,83,30785,3,0,0,3,0
2020-07-22,US,West Virginia,Mason,30,0,0,38.77071799,-82.02524219,54053.0,113.13923668728313,0.0,30,30,0,0,30,28,26718,0,0,0,0,2
2020-07-22,US,West Virginia,McDowell,12,0,0,37.38002939,-81.65083669,54047.0,68.08896958692692,0.0,12,12,0,0,12,12,18223,0,0,0,0,0
2020-07-22,US,West Virginia,Mercer,74,0,0,37.40481169,-81.11023142,54055.0,125.94029749140543,0.0,74,74,0,0,74,72,59131,0,0,0,0,2
2020-07-22,US,West Virginia,Mineral,78,3,0,39.41561583,-78.94104895,54057.0,290.30817329164813,3.8461538461538463,75,78,3,0,75,73,26940,0,0,0,0,5
2020-07-22,US,West Virginia,Mingo,65,2,0,37.73048351,-82.13338365,54059.0,277.49316939890707,3.0769230769230766,63,62,2,0,60,55,23785,3,0,0,3,7
2020-07-22,US,West Virginia,Monongalia,767,5,0,39.63218457,-80.04766838,54061.0,726.2432299359921,0.651890482398957,762,763,5,0,758,754,106420,4,0,0,4,9
2020-07-22,US,West Virginia,Monroe,17,0,0,37.56274716,-80.54577965,54063.0,128.06026365348401,0.0,17,17,0,0,17,17,13280,0,0,0,0,0
2020-07-22,US,West Virginia,Morgan,22,0,0,39.55439028,-78.26311676,54065.0,123.01498546186536,0.0,22,22,0,0,22,21,17787,0,0,0,0,1
2020-07-22,US,West Virginia,Nicholas,23,1,0,38.29617706,-80.79759588,54067.0,93.89288047028086,4.3478260869565215,22,23,1,0,22,21,24842,0,0,0,0,2
2020-07-22,US,West Virginia,Ohio,181,3,0,40.0955451,-80.62203992,54069.0,437.08193475163597,1.6574585635359116,178,179,3,0,176,178,41755,2,0,0,2,1
2020-07-22,US,West Virginia,Pendleton,21,1,0,38.68314479,-79.35084086,54071.0,301.33448127421434,4.761904761904762,20,20,1,0,19,20,6997,1,0,0,1,0
2020-07-22,US,West Virginia,Pleasants,6,0,0,39.37091679,-81.16771771,54073.0,80.42895442359249,0.0,6,6,0,0,6,6,7507,0,0,0,0,0
2020-07-22,US,West Virginia,Pocahontas,40,0,0,38.32758728,-80.00993811,54075.0,485.0248575239481,0.0,40,39,0,0,39,38,8414,1,0,0,1,1
2020-07-22,US,West Virginia,Preston,114,2,0,39.46770987,-79.66712803,54077.0,340.99066762383364,1.7543859649122806,112,114,2,0,112,113,33839,0,0,0,0,1
2020-07-22,US,West Virginia,Putnam,117,0,0,38.50782345,-81.9082131,54079.0,207.26306465899026,0.0,117,116,0,0,116,116,56682,1,0,0,1,0
2020-07-22,US,West Virginia,Raleigh,111,0,0,37.76936795,-81.2456041,54081.0,151.3065525279099,0.0,111,111,0,0,111,101,74254,0,0,0,0,10
2020-07-22,US,West Virginia,Randolph,202,0,0,38.769899,-79.87919615,54083.0,703.9553929255968,0.0,202,202,0,0,202,199,28823,0,0,0,0,3
2020-07-22,US,West Virginia,Ritchie,3,0,0,39.18094587,-81.06356878,54085.0,31.400460540087924,0.0,3,3,0,0,3,3,9721,0,0,0,0,0
2020-07-22,US,West Virginia,Roane,12,1,0,38.71622686,-81.35243568,54087.0,87.66803039158388,8.333333333333334,11,12,1,0,11,12,13932,0,0,0,0,0
2020-07-22,US,West Virginia,Summers,2,0,0,37.65390597,-80.86009693,54089.0,15.90710252127575,0.0,2,2,0,0,2,2,12760,0,0,0,0,0
2020-07-22,US,West Virginia,Taylor,31,0,0,39.33602617,-80.0421439,54091.0,185.68433662773285,0.0,31,30,0,0,30,30,16862,1,0,0,1,0
2020-07-22,US,West Virginia,Tucker,7,0,0,39.11240885,-79.57053576,54093.0,102.35414534288635,0.0,7,7,0,0,7,7,6955,0,0,0,0,0
2020-07-22,US,West Virginia,Tyler,10,0,0,39.46811972,-80.88772676,54095.0,116.40088464672331,0.0,10,10,0,0,10,10,8746,0,0,0,0,0
2020-07-22,US,West Virginia,Upshur,34,0,0,38.89285061,-80.23689136,54097.0,140.63534083388484,0.0,34,33,0,0,33,33,24415,1,0,0,1,0
2020-07-22,US,West Virginia,Wayne,162,9,0,38.14901357,-82.42287994,54099.0,411.1466423024212,5.5555555555555545,153,162,9,0,153,153,39944,0,0,0,0,9
2020-07-22,US,West Virginia,Webster,2,0,0,38.49370949,-80.4202023,54101.0,24.648755237860488,0.0,2,2,0,0,2,2,8285,0,0,0,0,0
2020-07-22,US,West Virginia,Wetzel,42,0,0,39.6065771,-80.64016540000001,54103.0,278.7919017590441,0.0,42,42,0,0,42,42,15270,0,0,0,0,0
2020-07-22,US,West Virginia,Wirt,6,0,0,39.02775007,-81.37473928,54105.0,103.07507301151009,0.0,6,6,0,0,6,6,5830,0,0,0,0,0
2020-07-22,US,West Virginia,Wood,214,3,0,39.20967886,-81.5162836,54107.0,256.2321894681386,1.4018691588785046,211,212,3,0,209,208,84203,2,0,0,2,4
2020-07-22,US,West Virginia,Wyoming,11,0,0,37.612327,-81.54511071,54109.0,53.93743257820928,0.0,11,8,0,0,8,8,20786,3,0,0,3,0
2020-07-22,US,Wisconsin,Adams,54,2,0,43.96974651,-89.76782777,55001.0,267.06231454005933,3.703703703703704,52,54,2,0,52,52,20348,0,0,0,0,2
2020-07-22,US,Wisconsin,Ashland,11,0,0,46.31956891,-90.67837132,55003.0,70.68500192777277,0.0,11,11,0,0,11,10,15600,0,0,0,0,1
2020-07-22,US,Wisconsin,Barron,82,2,0,45.42372701,-91.84833627,55005.0,181.23950137034745,2.4390243902439024,80,78,1,0,77,74,45164,4,1,0,3,4
2020-07-22,US,Wisconsin,Bayfield,14,1,0,46.52868768,-91.19716729,55007.0,93.10986964618247,7.142857142857142,13,13,1,0,12,13,15042,1,0,0,1,0
2020-07-22,US,Wisconsin,Brown,3629,47,0,44.452655299999996,-88.00411844,55009.0,1371.804855183676,1.2951226233122073,3582,3596,46,0,3550,3510,263378,33,1,0,32,86
2020-07-22,US,Wisconsin,Buffalo,28,2,0,44.37835084,-91.75332578,55011.0,214.87222776456142,7.142857142857142,26,29,2,0,27,25,13125,-1,0,0,-1,4
2020-07-22,US,Wisconsin,Burnett,6,1,0,45.86303537,-92.36711412,55013.0,38.92565200467108,16.666666666666668,5,5,1,0,4,5,15392,1,0,0,1,0
2020-07-22,US,Wisconsin,Calumet,192,2,0,44.0816316,-88.21780273,55015.0,383.31769450378334,1.0416666666666667,190,190,2,0,188,188,50159,2,0,0,2,2
2020-07-22,US,Wisconsin,Chippewa,172,0,0,45.06939744,-91.28068855,55017.0,266.01503294255934,0.0,172,165,0,0,165,161,64135,7,0,0,7,4
2020-07-22,US,Wisconsin,Clark,147,7,0,44.73483377,-90.61207486,55019.0,422.7296255823316,4.761904761904762,140,142,7,0,135,141,34709,5,0,0,5,1
2020-07-22,US,Wisconsin,Columbia,171,1,0,43.46492199,-89.33589004,55021.0,297.225891677675,0.5847953216374269,170,166,1,0,165,159,57358,5,0,0,5,7
2020-07-22,US,Wisconsin,Crawford,49,0,0,43.23870316,-90.93073686,55023.0,303.76294092120764,0.0,49,48,0,0,48,48,16291,1,0,0,1,0
2020-07-22,US,Wisconsin,Dane,3633,33,0,43.06601594,-89.41733797,55025.0,664.5387281756738,0.9083402146985962,3600,3586,33,0,3553,3549,542364,47,0,0,47,37
2020-07-22,US,Wisconsin,Dodge,584,5,0,43.41576662,-88.70928178,55027.0,664.8527419483372,0.8561643835616438,579,577,5,0,572,570,87847,7,0,0,7,7
2020-07-22,US,Wisconsin,Door,75,3,0,44.95856458,-87.30002707,55029.0,271.07127367355787,4.0,72,74,3,0,71,74,27610,1,0,0,1,0
2020-07-22,US,Wisconsin,Douglas,77,0,0,46.43222285,-91.91595768,55031.0,178.4472769409039,0.0,77,75,0,0,75,75,43208,2,0,0,2,0
2020-07-22,US,Wisconsin,Dunn,74,0,0,44.94562799,-91.8962481,55033.0,163.11056251102102,0.0,74,71,0,0,71,68,45131,3,0,0,3,3
2020-07-22,US,Wisconsin,Eau Claire,409,2,0,44.726614,-91.28609183,55035.0,390.84150373640654,0.4889975550122249,407,407,2,0,405,402,104534,2,0,0,2,5
2020-07-22,US,Wisconsin,Florence,5,0,0,45.84963535,-88.39804137,55037.0,116.41443538998837,0.0,5,5,0,0,5,5,4321,0,0,0,0,0
2020-07-22,US,Wisconsin,Fond du Lac,458,6,0,43.75354908,-88.48885325,55039.0,442.9271877991935,1.310043668122271,452,451,6,0,445,441,103066,7,0,0,7,10
2020-07-22,US,Wisconsin,Forest,51,4,0,45.66678019,-88.77084892,55041.0,566.4149266992448,7.84313725490196,47,50,4,0,46,50,8991,1,0,0,1,0
2020-07-22,US,Wisconsin,Grant,256,14,0,42.8671731,-90.7063218,55043.0,497.6768599700616,5.46875,242,252,14,0,238,250,51554,4,0,0,4,2
2020-07-22,US,Wisconsin,Green,118,1,0,42.6794956,-89.60243287,55045.0,319.26406926406935,0.8474576271186439,117,118,1,0,117,117,36929,0,0,0,0,1
2020-07-22,US,Wisconsin,Green Lake,49,0,0,43.80025981,-89.04679553,55047.0,259.081055358748,0.0,49,48,0,0,48,47,18918,1,0,0,1,1
2020-07-22,US,Wisconsin,Iowa,54,0,0,43.00050278,-90.13469017,55049.0,228.0598023481713,0.0,54,51,0,0,51,50,23771,3,0,0,3,1
2020-07-22,US,Wisconsin,Iron,37,1,0,46.26302338,-90.24295041,55051.0,650.6066467381747,2.702702702702702,36,33,1,0,32,28,5676,4,0,0,4,5
2020-07-22,US,Wisconsin,Jackson,37,1,0,44.31864893,-90.80566792,55053.0,179.23751392723926,2.702702702702702,36,36,1,0,35,37,20478,1,0,0,1,-1
2020-07-22,US,Wisconsin,Jefferson,449,4,0,43.02054068,-88.77529134,55055.0,529.674763179936,0.8908685968819601,445,441,4,0,437,427,85129,8,0,0,8,14
2020-07-22,US,Wisconsin,Juneau,80,1,0,43.92456975,-90.11120239,55057.0,299.77142428897963,1.25,79,77,1,0,76,76,26617,3,0,0,3,1
2020-07-22,US,Wisconsin,Kenosha,2102,47,0,42.57639354,-88.04051686,55059.0,1239.6718585051988,2.235965746907707,2055,2082,47,0,2035,2027,169290,20,0,0,20,55
2020-07-22,US,Wisconsin,Kewaunee,93,1,0,44.51727459,-87.61468386,55061.0,455.1238132524225,1.075268817204301,92,91,1,0,90,92,20383,2,0,0,2,-1
2020-07-22,US,Wisconsin,La Crosse,685,1,0,43.90632465,-91.11451093,55063.0,580.4297722342732,0.145985401459854,684,685,1,0,684,674,118230,0,0,0,0,11
2020-07-22,US,Wisconsin,Lafayette,87,0,0,42.66005229,-90.1317729,55065.0,522.0522052205222,0.0,87,87,0,0,87,86,16665,0,0,0,0,1
2020-07-22,US,Wisconsin,Langlade,13,1,0,45.26271619,-89.07483625,55067.0,67.74714680285581,7.6923076923076925,12,13,1,0,12,11,19268,0,0,0,0,2
2020-07-22,US,Wisconsin,Lincoln,46,0,0,45.33737523,-89.73411273,55069.0,166.7089479215743,0.0,46,40,0,0,40,37,27689,6,0,0,6,3
2020-07-22,US,Wisconsin,Manitowoc,212,1,0,44.11946801,-87.80928853,55071.0,268.41898684493736,0.4716981132075472,211,207,1,0,206,202,79074,5,0,0,5,5
2020-07-22,US,Wisconsin,Marathon,410,3,0,44.89792533,-89.75863384,55073.0,302.1548801697963,0.7317073170731707,407,388,3,0,385,383,135428,22,0,0,22,5
2020-07-22,US,Wisconsin,Marinette,196,3,0,45.38553432,-88.03324599999998,55075.0,485.7496902106568,1.5306122448979589,193,189,3,0,186,177,40434,7,0,0,7,12
2020-07-22,US,Wisconsin,Marquette,60,1,0,43.81911946,-89.40073763,55077.0,385.257480416078,1.6666666666666667,59,58,1,0,57,58,15434,2,0,0,2,0
2020-07-22,US,Wisconsin,Menominee,10,0,0,45.00422544,-88.70950714,55078.0,219.4907813871817,0.0,10,10,0,0,10,10,4658,0,0,0,0,0
2020-07-22,US,Wisconsin,Milwaukee,16777,417,0,43.00486062,-87.96733172,55079.0,1773.9810473646698,2.4855456875484294,16360,16570,416,0,16154,16275,948201,207,1,0,206,295
2020-07-22,US,Wisconsin,Monroe,163,1,0,43.94641218,-90.61881899999999,55081.0,352.4095734330746,0.6134969325153374,162,163,1,0,162,165,46051,0,0,0,0,-2
2020-07-22,US,Wisconsin,Oconto,129,0,0,45.02715345,-88.26807503,55083.0,340.10018455048777,0.0,129,125,0,0,125,121,37830,4,0,0,4,4
2020-07-22,US,Wisconsin,Oneida,53,0,0,45.70677897,-89.51944105,55085.0,148.89731703890996,0.0,53,52,0,0,52,52,35470,1,0,0,1,0
2020-07-22,US,Wisconsin,Outagamie,858,11,0,44.41578887,-88.46565023,55087.0,456.66232003619234,1.2820512820512822,847,840,10,0,830,814,187365,18,1,0,17,26
2020-07-22,US,Wisconsin,Ozaukee,422,16,0,43.38352225,-87.94625009,55089.0,472.9828179464476,3.791469194312796,406,409,16,0,393,385,89147,13,0,0,13,24
2020-07-22,US,Wisconsin,Pepin,29,0,0,44.58307413,-91.99949611,55091.0,397.9689858652394,0.0,29,27,0,0,27,22,7289,2,0,0,2,5
2020-07-22,US,Wisconsin,Pierce,136,0,0,44.71850291,-92.4224416,55093.0,318.0988913318052,0.0,136,133,0,0,133,128,42555,3,0,0,3,5
2020-07-22,US,Wisconsin,Polk,88,2,0,45.46130348,-92.44182875,55095.0,200.99125231254138,2.272727272727273,86,84,2,0,82,81,43598,4,0,0,4,3
2020-07-22,US,Wisconsin,Portage,303,0,0,44.47558711,-89.50152965,55097.0,428.13542078788214,0.0,303,296,0,0,296,292,70942,7,0,0,7,4
2020-07-22,US,Wisconsin,Price,16,0,0,45.68051754,-90.36098879999999,55099.0,119.841210396225,0.0,16,14,0,0,14,13,13397,2,0,0,2,1
2020-07-22,US,Wisconsin,Racine,2739,69,0,42.74753117,-88.05941254,55101.0,1395.2351116340908,2.5191675794085437,2670,2715,69,0,2646,2624,196584,24,0,0,24,91
2020-07-22,US,Wisconsin,Richland,19,4,0,43.3762778,-90.43012729,55103.0,110.13215859030836,21.05263157894737,15,19,4,0,15,18,17377,0,0,0,0,1
2020-07-22,US,Wisconsin,Rock,1228,25,0,42.67151616,-89.07147900000002,55105.0,751.7416163669087,2.035830618892508,1203,1200,25,0,1175,1171,163129,28,0,0,28,29
2020-07-22,US,Wisconsin,Rusk,13,1,0,45.47498854,-91.1333012,55107.0,91.69135280011284,7.6923076923076925,12,13,1,0,12,13,14147,0,0,0,0,0
2020-07-22,US,Wisconsin,Sauk,247,3,0,43.42574087,-89.94966132,55111.0,383.29040067037033,1.214574898785425,244,232,3,0,229,230,64249,15,0,0,15,2
2020-07-22,US,Wisconsin,Sawyer,19,0,0,45.87931905,-91.14504927,55113.0,114.74815799009542,0.0,19,19,0,0,19,19,16489,0,0,0,0,0
2020-07-22,US,Wisconsin,Shawano,118,0,0,44.78902246,-88.76443896,55115.0,288.5156116286462,0.0,118,116,0,0,116,113,40796,2,0,0,2,3
2020-07-22,US,Wisconsin,Sheboygan,419,5,0,43.72099677,-87.94579284,55117.0,363.2737992023583,1.1933174224343674,414,410,5,0,405,398,115456,9,0,0,9,12
2020-07-22,US,Wisconsin,St. Croix,346,2,0,45.03437474,-92.45000068,55109.0,381.5320828784721,0.5780346820809249,344,337,2,0,335,333,89694,9,0,0,9,4
2020-07-22,US,Wisconsin,Taylor,34,0,0,45.21179252,-90.5004405,55119.0,167.13365776925727,0.0,34,34,0,0,34,33,20412,0,0,0,0,1
2020-07-22,US,Wisconsin,Trempealeau,242,1,0,44.30360275,-91.35893614,55121.0,816.2163985294612,0.4132231404958678,241,238,1,0,237,228,29442,4,0,0,4,10
2020-07-22,US,Wisconsin,Vernon,46,0,0,43.59422667,-90.8324691,55123.0,149.24404646032056,0.0,46,46,0,0,46,45,30785,0,0,0,0,1
2020-07-22,US,Wisconsin,Vilas,20,0,0,46.05467334,-89.51719204,55125.0,90.11038522189682,0.0,20,21,0,0,21,21,21938,-1,0,0,-1,0
2020-07-22,US,Wisconsin,Walworth,983,19,0,42.66858202,-88.54163073,55127.0,946.3934994415988,1.9328585961342828,964,964,18,0,946,942,103718,19,1,0,18,22
2020-07-22,US,Wisconsin,Washburn,8,0,0,45.89838588,-91.79050449,55129.0,50.89058524173028,0.0,8,8,0,0,8,7,15878,0,0,0,0,1
2020-07-22,US,Wisconsin,Washington,608,19,0,43.36863664,-88.22974712,55131.0,446.94708675772233,3.125,589,591,19,0,572,570,135693,17,0,0,17,21
2020-07-22,US,Wisconsin,Waukesha,2540,42,0,43.01833055,-88.30431188,55133.0,628.4048906723933,1.653543307086614,2498,2449,42,0,2407,2221,403072,91,0,0,91,228
2020-07-22,US,Wisconsin,Waupaca,248,14,0,44.47068056,-88.96534501,55135.0,486.369876446362,5.645161290322582,234,239,14,0,225,224,51128,9,0,0,9,15
2020-07-22,US,Wisconsin,Waushara,57,0,0,44.11324419,-89.24317107,55137.0,233.19559792169537,0.0,57,56,0,0,56,52,24263,1,0,0,1,4
2020-07-22,US,Wisconsin,Winnebago,884,15,0,44.06886922,-88.64477096,55139.0,514.2315321656476,1.6968325791855203,869,876,14,0,862,864,171020,8,1,0,7,12
2020-07-22,US,Wisconsin,Wood,140,1,0,44.45537896,-90.04158336,55141.0,191.7834490883437,0.7142857142857143,139,140,1,0,139,135,73055,0,0,0,0,5
2020-07-22,US,Wyoming,Albany,75,0,0,41.65498705,-105.72354150000001,56001.0,192.90123456790127,0.0,75,73,0,0,73,67,38601,2,0,0,2,6
2020-07-22,US,Wyoming,Big Horn,33,0,0,44.52405055,-107.9960365,56003.0,279.89821882951657,0.0,33,32,0,0,32,31,11881,1,0,0,1,1
2020-07-22,US,Wyoming,Campbell,96,0,0,44.24886082,-105.54744040000001,56005.0,207.15996633650548,0.0,96,97,0,0,97,96,46140,-1,0,0,-1,1
2020-07-22,US,Wyoming,Carbon,49,0,0,41.69357844,-106.9326084,56007.0,331.0810810810812,0.0,49,42,0,0,42,35,14971,7,0,0,7,7
2020-07-22,US,Wyoming,Converse,30,0,0,42.97272268,-105.5081848,56009.0,217.04529011720444,0.0,30,30,0,0,30,29,13640,0,0,0,0,1
2020-07-22,US,Wyoming,Crook,9,0,0,44.58855102,-104.56977049999999,56011.0,118.67088607594937,0.0,9,9,0,0,9,9,7450,0,0,0,0,0
2020-07-22,US,Wyoming,Fremont,438,0,0,43.04183996,-108.6296893,56013.0,1115.6109115916556,0.0,438,431,0,0,431,426,39531,7,0,0,7,5
2020-07-22,US,Wyoming,Goshen,11,0,0,42.08798185,-104.3534743,56015.0,83.2639467110741,0.0,11,11,0,0,11,11,13376,0,0,0,0,0
2020-07-22,US,Wyoming,Hot Springs,14,0,0,43.71930657,-108.44231740000001,56017.0,317.2445048719692,0.0,14,14,0,0,14,14,4555,0,0,0,0,0
2020-07-22,US,Wyoming,Johnson,22,1,0,44.04057166,-106.58451740000001,56019.0,260.5091770278271,4.545454545454546,21,22,1,0,21,22,8460,0,0,0,0,0
2020-07-22,US,Wyoming,Laramie,392,0,0,41.30702520000001,-104.6887497,56021.0,393.96984924623115,0.0,392,388,0,0,388,383,98976,4,0,0,4,5
2020-07-22,US,Wyoming,Lincoln,70,0,0,42.26376367,-110.6563997,56023.0,353.0005042864347,0.0,70,64,0,0,64,60,19434,6,0,0,6,4
2020-07-22,US,Wyoming,Natrona,182,0,0,42.96180148,-106.79788500000001,56025.0,227.90453054171158,0.0,182,181,0,0,181,178,79115,1,0,0,1,3
2020-07-22,US,Wyoming,Niobrara,2,0,0,43.05607708,-104.47588959999999,56027.0,84.88964346349746,0.0,2,2,0,0,2,2,2388,0,0,0,0,0
2020-07-22,US,Wyoming,Park,94,0,0,44.52157546,-109.58528249999999,56029.0,321.98396930876214,0.0,94,89,0,0,89,89,29324,5,0,0,5,0
2020-07-22,US,Wyoming,Platte,5,0,0,42.13299116,-104.96633100000001,56031.0,59.57345406886692,0.0,5,4,0,0,4,4,8566,1,0,0,1,0
2020-07-22,US,Wyoming,Sheridan,40,0,0,44.79048913,-106.8862389,56033.0,131.21207151057897,0.0,40,40,0,0,40,40,30233,0,0,0,0,0
2020-07-22,US,Wyoming,Sublette,18,0,0,42.76558279,-109.91309220000001,56035.0,183.094293561184,0.0,18,18,0,0,18,17,9813,0,0,0,0,1
2020-07-22,US,Wyoming,Sweetwater,201,0,0,41.65943896,-108.8827882,56037.0,474.69475474104337,0.0,201,194,0,0,194,181,43051,7,0,0,7,13
2020-07-22,US,Wyoming,Teton,234,0,0,43.93522482,-110.5890801,56039.0,997.27241732015,0.0,234,226,0,0,226,223,23081,8,0,0,8,3
2020-07-22,US,Wyoming,Uinta,224,0,0,41.2878183,-110.54757820000002,56041.0,1107.4854148126174,0.0,224,223,0,0,223,222,20299,1,0,0,1,1
2020-07-22,US,Wyoming,Unassigned,0,24,0,0.0,0.0,90056.0,0.0,0.0,-24,0,24,0,-24,0,,0,0,0,0,0
2020-07-22,US,Wyoming,Washakie,45,0,0,43.90451606,-107.68018700000002,56043.0,576.5534913516976,0.0,45,44,0,0,44,44,7885,1,0,0,1,0
2020-07-22,US,Wyoming,Weston,4,0,0,43.83961191,-104.56748809999999,56045.0,57.74505557961599,0.0,4,4,0,0,4,4,6967,0,0,0,0,0
