Date,Country/Region,Province/State,Admin2,Confirmed,Deaths,Recovered,Latitude,Longitude,FIPS,Incidence_Rate,Case-Fatality_Ratio,Active Cases,Previous Confirmed,Previous Deaths,Previous Recovered,Previous Active,Prev2 Confirmed,Population,Daily Confirmed,Daily Deaths,Daily Recovered,Daily Active,Previous Daily Confirmed
2020-08-10,US,Alabama,Autauga,1174,21,0,32.53952745,-86.64408227,1001.0,2101.344215933702,1.788756388415673,1153,1169,21,0,1148,1086,55601,5,0,0,5,83
2020-08-10,US,Alabama,Baldwin,3651,25,0,30.72774991,-87.72207058,1003.0,1635.5035523262586,0.6847439057792386,3626,3544,25,0,3519,3502,218022,107,0,0,107,42
2020-08-10,US,Alabama,Barbour,576,5,0,31.868263,-85.3871286,1005.0,2333.3063274730616,0.8680555555555556,571,575,5,0,570,573,24881,1,0,0,1,2
2020-08-10,US,Alabama,Bibb,442,5,0,32.99642064,-87.12511459999996,1007.0,1973.7429668661248,1.1312217194570136,437,438,5,0,433,426,22400,4,0,0,4,12
2020-08-10,US,Alabama,Blount,812,4,0,33.98210918,-86.56790593,1009.0,1404.2126379137412,0.4926108374384237,808,800,4,0,796,788,57840,12,0,0,12,12
2020-08-10,US,Alabama,Bullock,466,11,0,32.10030533,-85.71265535,1011.0,4613.404613404613,2.360515021459228,455,464,11,0,453,463,10138,2,0,0,2,1
2020-08-10,US,Alabama,Butler,767,36,0,31.75300095,-86.68057478,1013.0,3943.850267379679,4.69361147327249,731,764,36,0,728,758,19680,3,0,0,3,6
2020-08-10,US,Alabama,Calhoun,1807,17,0,33.77483727,-85.82630386,1015.0,1590.5990053254698,0.9407858328721638,1790,1784,14,0,1770,1761,114277,23,3,0,20,23
2020-08-10,US,Alabama,Chambers,844,38,0,32.91360079,-85.39072749,1017.0,2538.040536476815,4.5023696682464465,806,841,38,0,803,840,33615,3,0,0,3,1
2020-08-10,US,Alabama,Cherokee,275,8,0,34.17805983,-85.60638968,1019.0,1049.7785921514737,2.9090909090909087,267,273,7,0,266,270,26032,2,1,0,1,3
2020-08-10,US,Alabama,Chilton,809,7,0,32.85044126,-86.7173256,1021.0,1820.9237417844602,0.865265760197775,802,792,6,0,786,788,44153,17,1,0,16,4
2020-08-10,US,Alabama,Choctaw,287,12,0,32.02227341,-88.26564429999998,1023.0,2279.7680514735084,4.181184668989547,275,283,12,0,271,281,12841,4,0,0,4,2
2020-08-10,US,Alabama,Clarke,826,10,0,31.68099859,-87.83548597,1025.0,3496.740326813987,1.2106537530266344,816,662,9,0,653,662,23920,164,1,0,163,0
2020-08-10,US,Alabama,Clay,263,5,0,33.26984193,-85.85836077,1027.0,1987.1552701171136,1.9011406844106464,258,258,5,0,253,252,13275,5,0,0,5,6
2020-08-10,US,Alabama,Cleburne,127,1,0,33.67679204,-85.52005899,1029.0,851.7773306505701,0.7874015748031497,126,127,1,0,126,126,14987,0,0,0,0,1
2020-08-10,US,Alabama,Coffee,764,6,0,31.39932826,-85.98901039,1031.0,1459.6308891521148,0.7853403141361257,758,761,6,0,755,756,51909,3,0,0,3,5
2020-08-10,US,Alabama,Colbert,1207,16,0,34.69847452,-87.80168544,1033.0,2184.97130754331,1.3256006628003314,1191,1181,13,0,1168,1171,54762,26,3,0,23,10
2020-08-10,US,Alabama,Conecuh,393,10,0,31.43401703,-86.99320044,1035.0,3256.8161100522084,2.544529262086514,383,393,10,0,383,388,12277,0,0,0,0,5
2020-08-10,US,Alabama,Coosa,103,3,0,32.93690146,-86.24847739,1037.0,965.957047735159,2.9126213592233015,100,101,2,0,99,101,10715,2,1,0,1,0
2020-08-10,US,Alabama,Covington,737,20,0,31.247785399999998,-86.45050893,1039.0,1989.2574698372425,2.71370420624152,717,735,20,0,715,734,36986,2,0,0,2,1
2020-08-10,US,Alabama,Crenshaw,326,5,0,31.72941803,-86.31593104,1041.0,2367.1216961951786,1.5337423312883436,321,318,5,0,313,314,13824,8,0,0,8,4
2020-08-10,US,Alabama,Cullman,1227,12,0,34.13020303,-86.86888037,1043.0,1464.7598128163502,0.9779951100244498,1215,1225,12,0,1213,1220,83442,2,0,0,2,5
2020-08-10,US,Alabama,Dale,835,25,0,31.43037123,-85.61095742,1045.0,1698.1208818026519,2.9940119760479043,810,834,24,0,810,827,48956,1,1,0,0,7
2020-08-10,US,Alabama,Dallas,1331,23,0,32.32688101,-87.10866709999998,1047.0,3578.341757178191,1.7280240420736288,1308,1323,23,0,1300,1318,38310,8,0,0,8,5
2020-08-10,US,Alabama,DeKalb,1830,13,0,34.45946862,-85.80782906,1049.0,2558.975291205795,0.7103825136612022,1817,1819,13,0,1806,1798,71385,11,0,0,11,21
2020-08-10,US,Alabama,Elmore,1731,38,0,32.59785413,-86.14415284,1051.0,2131.537144897733,2.1952628538417103,1693,1723,38,0,1685,1715,81887,8,0,0,8,8
2020-08-10,US,Alabama,Escambia,1087,17,0,31.1256789,-87.15918694,1053.0,2967.269947861218,1.5639374425022998,1070,1082,17,0,1065,1075,36748,5,0,0,5,7
2020-08-10,US,Alabama,Etowah,2162,32,0,34.04567266,-86.04051873,1055.0,2114.053271795674,1.4801110083256244,2130,2121,31,0,2090,2104,102501,41,1,0,40,17
2020-08-10,US,Alabama,Fayette,212,5,0,33.72076938,-87.73886638,1057.0,1300.4539320328795,2.358490566037736,207,207,5,0,202,204,16433,5,0,0,5,3
2020-08-10,US,Alabama,Franklin,1288,20,0,34.44235334,-87.84289505,1059.0,4106.8809387156425,1.5527950310559009,1268,1274,20,0,1254,1270,31363,14,0,0,14,4
2020-08-10,US,Alabama,Geneva,263,1,0,31.09389027,-85.83572839,1061.0,1001.1038788017204,0.3802281368821293,262,261,1,0,260,257,26314,2,0,0,2,4
2020-08-10,US,Alabama,Greene,252,11,0,32.85504247,-87.95684022,1063.0,3106.8918752311674,4.365079365079366,241,251,11,0,240,250,8233,1,0,0,1,1
2020-08-10,US,Alabama,Hale,478,26,0,32.76039258,-87.63284988,1065.0,3262.5759333833867,5.439330543933054,452,476,26,0,450,473,14726,2,0,0,2,3
2020-08-10,US,Alabama,Henry,264,3,0,31.51148016,-85.24267944,1067.0,1534.4376634699215,1.1363636363636365,261,263,3,0,260,259,17209,1,0,0,1,4
2020-08-10,US,Alabama,Houston,1419,12,0,31.15197924,-85.29939599,1069.0,1340.1711339037795,0.8456659619450317,1407,1398,12,0,1386,1386,104722,21,0,0,21,12
2020-08-10,US,Alabama,Jackson,1014,4,0,34.78144169,-85.99750489,1071.0,1964.1266028745208,0.3944773175542407,1010,989,4,0,985,968,51736,25,0,0,25,21
2020-08-10,US,Alabama,Jefferson,13258,244,0,33.55554728,-86.89506300000002,1073.0,2013.1405326364727,1.8403982501131395,13014,13109,243,0,12866,12969,659300,149,1,0,148,140
2020-08-10,US,Alabama,Lamar,229,2,0,33.77995024,-88.09668032,1075.0,1658.8192683810214,0.8733624454148472,227,222,2,0,220,220,13844,7,0,0,7,2
2020-08-10,US,Alabama,Lauderdale,1189,19,0,34.90171875,-87.65624729,1077.0,1282.2310172653647,1.5979814970563502,1170,1167,19,0,1148,1157,92387,22,0,0,22,10
2020-08-10,US,Alabama,Lawrence,351,2,0,34.52041498,-87.31069453,1079.0,1066.0916049082737,0.5698005698005698,349,349,1,0,348,348,32957,2,1,0,1,1
2020-08-10,US,Alabama,Lee,2700,47,0,32.60154883,-85.35132246,1081.0,1640.9184281216953,1.7407407407407407,2653,2678,45,0,2633,2660,163941,22,2,0,20,18
2020-08-10,US,Alabama,Limestone,1349,13,0,34.81185586,-86.98310072,1083.0,1363.7971996158315,0.9636767976278724,1336,1333,13,0,1320,1318,96174,16,0,0,16,15
2020-08-10,US,Alabama,Lowndes,573,24,0,32.1597283,-86.65158371,1085.0,5891.4250462677355,4.18848167539267,549,572,24,0,548,571,9974,1,0,0,1,1
2020-08-10,US,Alabama,Macon,339,14,0,32.38759944,-85.69267724,1087.0,1876.245295550144,4.1297935103244825,325,335,14,0,321,334,18439,4,0,0,4,1
2020-08-10,US,Alabama,Madison,5447,34,0,34.76327133,-86.55069633,1089.0,1460.6780742754934,0.6241968055810538,5413,5378,34,0,5344,5314,366519,69,0,0,69,64
2020-08-10,US,Alabama,Marengo,565,15,0,32.24767634,-87.78796182,1091.0,2995.281768541589,2.6548672566371683,550,552,15,0,537,553,19066,13,0,0,13,-1
2020-08-10,US,Alabama,Marion,580,26,0,34.13697363,-87.88704173,1093.0,1952.2703557844425,4.482758620689656,554,574,24,0,550,570,29763,6,2,0,4,4
2020-08-10,US,Alabama,Marshall,3189,37,0,34.36975964,-86.30486727,1095.0,3295.306590613181,1.160238319222327,3152,3167,36,0,3131,3130,96109,22,1,0,21,37
2020-08-10,US,Alabama,Mobile,10517,207,0,30.78472347,-88.20842409,1097.0,2545.194937199003,1.9682418940762572,10310,9947,207,0,9740,9836,413757,570,0,0,570,111
2020-08-10,US,Alabama,Monroe,421,5,0,31.56729412,-87.36995001,1099.0,2030.57926976318,1.187648456057007,416,421,4,0,417,419,21067,0,1,0,-1,2
2020-08-10,US,Alabama,Montgomery,6835,149,0,32.2206831,-86.20969272,1101.0,3017.846577713413,2.1799561082662766,6686,6835,148,0,6687,6609,225763,0,1,0,-1,226
2020-08-10,US,Alabama,Morgan,2411,18,0,34.45500589,-86.85475946,1103.0,2014.555602904436,0.7465781833264206,2393,2393,18,0,2375,2369,119089,18,0,0,18,24
2020-08-10,US,Alabama,Perry,445,4,0,32.64048341,-87.29770589,1105.0,4987.1119578617045,0.8988764044943821,441,442,4,0,438,440,9140,3,0,0,3,2
2020-08-10,US,Alabama,Pickens,404,9,0,33.28094866,-88.08818103,1107.0,2027.094831911691,2.227722772277228,395,400,9,0,391,392,19938,4,0,0,4,8
2020-08-10,US,Alabama,Pike,708,7,0,31.80396383,-85.9408295,1109.0,2138.0684906685988,0.9887005649717514,701,709,7,0,702,703,33338,-1,0,0,-1,6
2020-08-10,US,Alabama,Randolph,403,10,0,33.29526734,-85.45708831,1111.0,1773.6114778628641,2.481389578163772,393,401,10,0,391,396,22725,2,0,0,2,5
2020-08-10,US,Alabama,Russell,1387,2,0,32.28725256,-85.18415324,1113.0,2392.988388744156,0.14419610670511895,1385,1368,2,0,1366,1358,57781,19,0,0,19,10
2020-08-10,US,Alabama,Shelby,3309,36,0,33.26879845,-86.66232561,1117.0,1519.9676622171592,1.0879419764279241,3273,3283,35,0,3248,3260,215707,26,1,0,25,23
2020-08-10,US,Alabama,St. Clair,1354,18,0,33.71902176,-86.31029372,1115.0,1512.6463490928588,1.329394387001477,1336,1338,17,0,1321,1328,88690,16,1,0,15,10
2020-08-10,US,Alabama,Sumter,364,18,0,32.59117397,-88.19916205,1119.0,2929.1059789168744,4.945054945054945,346,360,18,0,342,360,12691,4,0,0,4,0
2020-08-10,US,Alabama,Talladega,1048,14,0,33.37823223,-86.16886178,1121.0,1310.3603490960013,1.3358778625954195,1034,1026,14,0,1012,1009,79828,22,0,0,22,17
2020-08-10,US,Alabama,Tallapoosa,865,79,0,32.86698258,-85.79833053,1123.0,2142.8394480640127,9.132947976878613,786,855,79,0,776,854,40497,10,0,0,10,1
2020-08-10,US,Alabama,Tuscaloosa,4230,76,0,33.28726072,-87.52556818,1125.0,2020.4915096367413,1.7966903073286051,4154,4213,73,0,4140,4190,208911,17,3,0,14,23
2020-08-10,US,Alabama,Unassigned,3630,64,0,0.0,0.0,90001.0,0.0,1.763085399449036,3566,3599,61,0,3538,3560,,31,3,0,28,39
2020-08-10,US,Alabama,Walker,1539,64,0,33.80270512,-87.30027177,1127.0,2422.820799420664,4.158544509421701,1475,1526,64,0,1462,1520,63711,13,0,0,13,6
2020-08-10,US,Alabama,Washington,443,12,0,31.4092794,-88.20689944,1129.0,2713.463187553596,2.708803611738149,431,391,12,0,379,386,16378,52,0,0,52,5
2020-08-10,US,Alabama,Wilcox,432,10,0,31.98773215,-87.30891118,1131.0,4164.658247372989,2.314814814814815,422,429,10,0,419,426,10627,3,0,0,3,3
2020-08-10,US,Alabama,Winston,457,11,0,34.15030532,-87.37325922,1133.0,1934.0640738076086,2.4070021881838075,446,453,11,0,442,450,23660,4,0,0,4,3
2020-08-10,US,Alaska,Aleutians East,2,0,0,55.32222414,-161.9722021,2013.0,59.93407252022774,0.0,2,2,0,0,2,2,3515,0,0,0,0,0
2020-08-10,US,Alaska,Aleutians West,4,0,0,52.3233,-174.1596,2016.0,70.99751508697194,0.0,4,4,0,0,4,4,5723,0,0,0,0,0
2020-08-10,US,Alaska,Anchorage,2198,14,0,61.14998174,-149.14269860000005,2020.0,763.1944444444445,0.6369426751592356,2184,2159,14,0,2145,2100,291538,39,0,0,39,59
2020-08-10,US,Alaska,Bethel,23,0,0,60.90980451,-159.8561831,2050.0,125.09518111606657,0.0,23,22,0,0,22,22,18216,1,0,0,1,0
2020-08-10,US,Alaska,Bristol Bay,10,0,0,58.74513976,-156.701064,2060.0,1196.1722488038274,0.0,10,10,0,0,10,9,877,0,0,0,0,1
2020-08-10,US,Alaska,Denali,1,0,0,63.67264044,-150.0076108,2068.0,47.687172150691474,0.0,1,1,0,0,1,1,2059,0,0,0,0,0
2020-08-10,US,Alaska,Dillingham,1,0,0,59.79603738,-158.23819419999995,2070.0,20.34174125305126,0.0,1,1,0,0,1,1,5000,0,0,0,0,0
2020-08-10,US,Alaska,Fairbanks North Star,440,5,0,64.80726247,-146.5692662,2090.0,454.3154808000083,1.1363636363636365,435,439,5,0,434,431,98971,1,0,0,1,8
2020-08-10,US,Alaska,Haines,4,0,0,59.09893571,-135.4679843,2100.0,158.10276679841897,0.0,4,4,0,0,4,4,2474,0,0,0,0,0
2020-08-10,US,Alaska,Juneau,110,1,0,58.45031811,-134.200436,2110.0,344.02952398824044,0.9090909090909092,109,107,1,0,106,101,32113,3,0,0,3,6
2020-08-10,US,Alaska,Kenai Peninsula,328,2,0,60.24429722,-151.53888840000005,2122.0,558.697281460789,0.6097560975609756,326,322,2,0,320,316,58533,6,0,0,6,6
2020-08-10,US,Alaska,Ketchikan Gateway,36,0,0,55.57445008,-130.975561,2130.0,258.97417451981875,0.0,36,37,0,0,37,37,13918,-1,0,0,-1,0
2020-08-10,US,Alaska,Kodiak Island,6,0,0,57.65529415,-153.7493579,2150.0,46.16094783812894,0.0,6,6,0,0,6,6,13345,0,0,0,0,0
2020-08-10,US,Alaska,Kusilvak,6,0,0,62.15429159999999,-163.39678830000003,2158.0,72.1674284339668,0.0,6,6,0,0,6,6,8303,0,0,0,0,0
2020-08-10,US,Alaska,Matanuska-Susitna,349,2,0,62.31305045,-149.5741743,2170.0,322.20242436551973,0.5730659025787965,347,340,2,0,338,324,107610,9,0,0,9,16
2020-08-10,US,Alaska,Nome,19,0,0,64.90320724,-164.0353804,2180.0,189.92403038784485,0.0,19,19,0,0,19,19,10008,0,0,0,0,0
2020-08-10,US,Alaska,North Slope,18,0,0,69.31479216,-153.4836093,2185.0,183.0756712774613,0.0,18,18,0,0,18,18,9872,0,0,0,0,0
2020-08-10,US,Alaska,Northwest Arctic,40,0,0,67.04919196,-159.7503946,2188.0,524.8655032148012,0.0,40,39,0,0,39,39,7671,1,0,0,1,0
2020-08-10,US,Alaska,Petersburg,6,1,0,57.13978948,-132.9540995,2195.0,183.71096142069808,16.666666666666668,5,6,1,0,5,6,3221,0,0,0,0,0
2020-08-10,US,Alaska,Prince of Wales-Hyder,8,0,0,55.76261984,-133.0511621,2198.0,128.96985329679188,0.0,8,8,0,0,8,8,6422,0,0,0,0,0
2020-08-10,US,Alaska,Sitka,27,0,0,57.24124555,-135.3206587,2220.0,317.90886612504414,0.0,27,26,0,0,26,26,8647,1,0,0,1,0
2020-08-10,US,Alaska,Southeast Fairbanks,17,0,0,63.87692095,-143.2127643,2240.0,246.6270129116495,0.0,17,17,0,0,17,16,6918,0,0,0,0,1
2020-08-10,US,Alaska,Valdez-Cordova,53,0,0,61.47502768,-144.7126799,2261.0,575.9617474462074,0.0,53,50,0,0,50,50,9164,3,0,0,3,0
2020-08-10,US,Alaska,Wrangell,8,0,0,56.3202004,-132.05837309999998,2275.0,319.744204636291,0.0,8,9,0,0,9,9,2503,-1,0,0,-1,0
2020-08-10,US,Alaska,Yakutat,7,0,0,59.890980799999994,-140.36014509999998,2282.0,1208.9810017271154,0.0,7,7,0,0,7,7,604,0,0,0,0,0
2020-08-10,US,Alaska,Yukon-Koyukuk,53,1,0,65.50815459,-151.39073869999999,2290.0,1013.3843212237092,1.8867924528301887,52,52,1,0,51,51,5327,1,0,0,1,1
2020-08-10,US,Arizona,Apache,3194,139,0,35.39465006,-109.4892383,4001.0,4443.084285058495,4.351909830933,3055,3193,139,0,3054,3155,71818,1,0,0,1,38
2020-08-10,US,Arizona,Cochise,1611,52,0,31.87934684,-109.7516088,4003.0,1279.3634154476579,3.2278088144009933,1559,1603,52,0,1551,1600,126770,8,0,0,8,3
2020-08-10,US,Arizona,Coconino,3099,117,0,35.83883429,-111.77071780000001,4005.0,2159.943126376537,3.7754114230396896,2982,3090,117,0,2973,3076,142854,9,0,0,9,14
2020-08-10,US,Arizona,Gila,916,38,0,33.80190085,-110.8132779,4007.0,1695.7310526120925,4.148471615720524,878,912,38,0,874,905,53889,4,0,0,4,7
2020-08-10,US,Arizona,Graham,549,16,0,32.93166885,-109.8882178,4009.0,1413.6004325771814,2.914389799635701,533,545,16,0,529,539,38072,4,0,0,4,6
2020-08-10,US,Arizona,Greenlee,57,1,0,33.21498827,-109.2405279,4011.0,600.1263423878711,1.7543859649122806,56,57,1,0,56,57,9483,0,0,0,0,0
2020-08-10,US,Arizona,La Paz,477,12,0,33.72854224,-113.98100290000001,4012.0,2259.806708357021,2.5157232704402515,465,476,12,0,464,478,21098,1,0,0,1,-2
2020-08-10,US,Arizona,Maricopa,126371,2356,0,33.34835867,-112.49181540000001,4013.0,2817.376500809067,1.8643517895719743,124015,126053,2353,0,123700,125545,4410824,318,3,0,315,508
2020-08-10,US,Arizona,Mohave,3202,168,0,35.70471703,-113.7577902,4015.0,1509.0889382178425,5.246720799500312,3034,3186,168,0,3018,3150,209550,16,0,0,16,36
2020-08-10,US,Arizona,Navajo,5375,200,0,35.3997715,-110.3218983,4017.0,4845.660091594245,3.72093023255814,5175,5374,200,0,5174,5368,110445,1,0,0,1,6
2020-08-10,US,Arizona,Pima,17996,489,0,32.0971334,-111.7890033,4019.0,1718.3577633085358,2.717270504556568,17507,17880,489,0,17391,17728,1039073,116,0,0,116,152
2020-08-10,US,Arizona,Pinal,8378,156,0,32.90525627,-111.3449483,4021.0,1810.328248942823,1.862019575077584,8222,8378,156,0,8222,8356,447138,0,0,0,0,22
2020-08-10,US,Arizona,Santa Cruz,2671,53,0,31.52508998,-110.8479088,4023.0,5744.333089595251,1.98427555222763,2618,2662,53,0,2609,2658,46511,9,0,0,9,4
2020-08-10,US,Arizona,Unassigned,0,1,0,0.0,0.0,90004.0,0.0,0.0,-1,0,1,0,-1,0,,0,0,0,0,0
2020-08-10,US,Arizona,Yavapai,2018,67,0,34.59933926,-112.5538588,4025.0,858.361796519764,3.3201189296333005,1951,2004,67,0,1937,1980,231993,14,0,0,14,24
2020-08-10,US,Arizona,Yuma,11609,289,0,32.76895712,-113.90666740000002,4027.0,5430.171151660297,2.489447842191403,11320,11510,288,0,11222,11512,212128,99,1,0,98,-2
2020-08-10,US,Arkansas,Arkansas,221,1,0,34.29145151,-91.37277296,5001.0,1263.8682374471005,0.4524886877828054,220,217,1,0,216,212,17769,4,0,0,4,5
2020-08-10,US,Arkansas,Ashley,330,5,0,33.19153461,-91.7698471,5003.0,1678.7912702853946,1.5151515151515151,325,326,5,0,321,322,20046,4,0,0,4,4
2020-08-10,US,Arkansas,Baxter,71,0,0,36.28784385,-92.33782872,5005.0,169.3217590384432,0.0,71,71,0,0,71,71,41619,0,0,0,0,0
2020-08-10,US,Arkansas,Benton,4794,43,0,36.33644656,-94.25680817,5007.0,1717.4116306812687,0.8969545264914477,4751,4774,43,0,4731,4755,272608,20,0,0,20,19
2020-08-10,US,Arkansas,Boone,212,2,0,36.3084504,-93.09374925,5009.0,566.3603334045738,0.9433962264150944,210,211,1,0,210,208,37480,1,1,0,0,3
2020-08-10,US,Arkansas,Bradley,204,4,0,33.46755808,-92.15980837,5011.0,1895.3823283471152,1.96078431372549,200,190,3,0,187,186,10897,14,1,0,13,4
2020-08-10,US,Arkansas,Calhoun,17,0,0,33.55598792,-92.49974403,5013.0,327.616111004047,0.0,17,16,0,0,16,16,5277,1,0,0,1,0
2020-08-10,US,Arkansas,Carroll,359,7,0,36.34038560000001,-93.54270261,5015.0,1264.9753347427766,1.9498607242339836,352,354,7,0,347,353,28223,5,0,0,5,1
2020-08-10,US,Arkansas,Chicot,739,8,0,33.26458973,-91.29539209,5017.0,7303.814983198259,1.0825439783491204,731,733,8,0,725,729,10438,6,0,0,6,4
2020-08-10,US,Arkansas,Clark,177,1,0,34.04613432,-93.17484713,5019.0,793.010752688172,0.5649717514124294,176,177,1,0,176,177,22061,0,0,0,0,0
2020-08-10,US,Arkansas,Clay,136,4,0,36.36826212,-90.4148172,5021.0,934.6436671019172,2.9411764705882355,132,136,4,0,132,130,14847,0,0,0,0,6
2020-08-10,US,Arkansas,Cleburne,202,5,0,35.53864922,-92.02640019,5023.0,810.6264296320078,2.4752475247524752,197,200,5,0,195,194,24965,2,0,0,2,6
2020-08-10,US,Arkansas,Cleveland,102,2,0,33.89723187,-92.18537045,5025.0,1282.051282051282,1.96078431372549,100,97,2,0,95,97,8018,5,0,0,5,0
2020-08-10,US,Arkansas,Columbia,217,12,0,33.21230701,-93.22642793,5027.0,925.0969859743359,5.529953917050692,205,215,11,0,204,214,23537,2,1,0,1,1
2020-08-10,US,Arkansas,Conway,153,3,0,35.26205537,-92.70506566,5029.0,733.9537561162813,1.96078431372549,150,152,3,0,149,150,20891,1,0,0,1,2
2020-08-10,US,Arkansas,Craighead,1374,12,0,35.83018283,-90.63235729,5031.0,1245.3322698763734,0.8733624454148472,1362,1344,12,0,1332,1336,108558,30,0,0,30,8
2020-08-10,US,Arkansas,Crawford,635,4,0,35.58928601,-94.2446814,5033.0,1003.8414720900453,0.6299212598425197,631,627,4,0,623,620,63406,8,0,0,8,7
2020-08-10,US,Arkansas,Crittenden,1369,23,0,35.21247318,-90.30839406,5035.0,2854.75967052445,1.6800584368151936,1346,1356,23,0,1333,1351,48342,13,0,0,13,5
2020-08-10,US,Arkansas,Cross,204,4,0,35.29631396,-90.77185818,5037.0,1242.4630001827154,1.96078431372549,200,195,4,0,191,195,16676,9,0,0,9,0
2020-08-10,US,Arkansas,Dallas,64,0,0,33.97042763,-92.65167437,5039.0,913.1117135111999,0.0,64,63,0,0,63,61,7182,1,0,0,1,2
2020-08-10,US,Arkansas,Desha,197,2,0,33.83011025,-91.25500948,5041.0,1734.0022885309393,1.0152284263959392,195,194,2,0,192,192,11512,3,0,0,3,2
2020-08-10,US,Arkansas,Drew,209,3,0,33.59035001,-91.71777921,5043.0,1147.1540699269992,1.4354066985645932,206,203,3,0,200,198,18328,6,0,0,6,5
2020-08-10,US,Arkansas,Faulkner,1319,6,0,35.14719007,-92.33717519,5045.0,1046.7672430896696,0.4548900682335103,1313,1304,6,0,1298,1290,124806,15,0,0,15,14
2020-08-10,US,Arkansas,Franklin,127,2,0,35.51202821,-93.89299569,5047.0,716.9065763477278,1.5748031496062993,125,126,2,0,124,126,17810,1,0,0,1,0
2020-08-10,US,Arkansas,Fulton,44,0,0,36.38177105,-91.81729127,5049.0,352.6488739280276,0.0,44,42,0,0,42,40,12269,2,0,0,2,2
2020-08-10,US,Arkansas,Garland,1058,16,0,34.57692074,-93.14921604,5051.0,1064.5362525909081,1.5122873345935728,1042,1008,14,0,994,992,99154,50,2,0,48,16
2020-08-10,US,Arkansas,Grant,137,0,0,34.29017991,-92.42320562,5053.0,750.0684369011772,0.0,137,136,0,0,136,135,18188,1,0,0,1,1
2020-08-10,US,Arkansas,Greene,485,2,0,36.11735460000001,-90.55832668,5055.0,1070.0496414782128,0.4123711340206185,483,476,1,0,475,473,45325,9,1,0,8,3
2020-08-10,US,Arkansas,Hempstead,247,2,0,33.73325583,-93.66935133,5057.0,1147.1298532416868,0.8097165991902834,245,239,2,0,237,239,21741,8,0,0,8,0
2020-08-10,US,Arkansas,Hot Spring,1554,11,0,34.31709259,-92.95396325,5059.0,4601.581238340587,0.7078507078507078,1543,1546,11,0,1535,1530,33701,8,0,0,8,16
2020-08-10,US,Arkansas,Howard,342,4,0,34.09007427,-93.9934871,5061.0,2590.516588395697,1.1695906432748535,338,340,4,0,336,336,13341,2,0,0,2,4
2020-08-10,US,Arkansas,Independence,537,1,0,35.74242707,-91.57001641,5063.0,1419.6959682749505,0.186219739292365,536,517,1,0,516,492,37678,20,0,0,20,25
2020-08-10,US,Arkansas,Izard,53,1,0,36.09604046,-91.90847954,5065.0,388.8766600631008,1.8867924528301887,52,53,1,0,52,52,13593,0,0,0,0,1
2020-08-10,US,Arkansas,Jackson,117,1,0,35.59802983,-91.21494602,5067.0,699.8026197739099,0.8547008547008547,116,112,1,0,111,109,16811,5,0,0,5,3
2020-08-10,US,Arkansas,Jefferson,1574,40,0,34.26767081,-91.92619839,5069.0,2355.4411588650783,2.541296060991105,1534,1534,40,0,1494,1519,68114,40,0,0,40,15
2020-08-10,US,Arkansas,Johnson,670,2,0,35.56759135,-93.46036368,5071.0,2520.881932425314,0.29850746268656714,668,668,2,0,666,663,26742,2,0,0,2,5
2020-08-10,US,Arkansas,Lafayette,54,2,0,33.24116713,-93.60677071,5073.0,815.2173913043479,3.703703703703704,52,54,2,0,52,53,6682,0,0,0,0,1
2020-08-10,US,Arkansas,Lawrence,214,9,0,36.04188196,-91.10867198,5075.0,1304.4008289650128,4.205607476635514,205,212,9,0,203,209,16434,2,0,0,2,3
2020-08-10,US,Arkansas,Lee,896,8,0,34.78498904,-90.78383866,5077.0,10116.292198261262,0.8928571428571429,888,894,8,0,886,893,8985,2,0,0,2,1
2020-08-10,US,Arkansas,Lincoln,1223,12,0,33.95317155,-91.74002806,5079.0,9390.356265356266,0.98119378577269,1211,1219,12,0,1207,1212,13383,4,0,0,4,7
2020-08-10,US,Arkansas,Little River,181,1,0,33.70375665,-94.23468591,5081.0,1476.4662696794192,0.5524861878453039,180,181,1,0,180,180,12326,0,0,0,0,1
2020-08-10,US,Arkansas,Logan,273,1,0,35.21413234,-93.71951016,5083.0,1271.7786266654246,0.3663003663003663,272,261,1,0,260,252,21737,12,0,0,12,9
2020-08-10,US,Arkansas,Lonoke,524,2,0,34.75392199,-91.88742357,5085.0,714.7826324189391,0.3816793893129771,522,512,2,0,510,508,73657,12,0,0,12,4
2020-08-10,US,Arkansas,Madison,270,2,0,36.01038185,-93.72524943,5087.0,1628.8610038610034,0.7407407407407407,268,270,2,0,268,270,16481,0,0,0,0,0
2020-08-10,US,Arkansas,Marion,29,0,0,36.26844485,-92.68451899,5089.0,173.71510722415238,0.0,29,28,0,0,28,25,16722,1,0,0,1,3
2020-08-10,US,Arkansas,Miller,518,5,0,33.31403423,-93.89285258,5091.0,1197.4940472062324,0.9652509652509652,513,512,5,0,507,508,43592,6,0,0,6,4
2020-08-10,US,Arkansas,Mississippi,1033,14,0,35.76271485,-90.05194370000002,5093.0,2541.14289931367,1.3552758954501452,1019,1014,14,0,1000,982,41239,19,0,0,19,32
2020-08-10,US,Arkansas,Monroe,62,0,0,34.6815935,-91.20540287,5095.0,925.2350395463363,0.0,62,60,0,0,60,58,6900,2,0,0,2,2
2020-08-10,US,Arkansas,Montgomery,38,1,0,34.53704874,-93.65824478,5097.0,422.8800356109504,2.631578947368421,37,35,1,0,34,34,8924,3,0,0,3,1
2020-08-10,US,Arkansas,Nevada,143,9,0,33.66340119,-93.30632432,5099.0,1732.9132331555984,6.293706293706293,134,142,9,0,133,137,8326,1,0,0,1,5
2020-08-10,US,Arkansas,Newton,106,6,0,35.91947491,-93.21612969,5101.0,1367.212691861215,5.660377358490566,100,103,6,0,97,102,7805,3,0,0,3,1
2020-08-10,US,Arkansas,Ouachita,102,2,0,33.58839816,-92.87795984,5103.0,436.2329997433923,1.96078431372549,100,100,2,0,98,98,23606,2,0,0,2,2
2020-08-10,US,Arkansas,Perry,54,0,0,34.9459153,-92.94372564,5105.0,516.4992826398852,0.0,54,54,0,0,54,50,10352,0,0,0,0,4
2020-08-10,US,Arkansas,Phillips,325,9,0,34.43268455,-90.84800154,5107.0,1827.6909234056911,2.769230769230769,316,318,8,0,310,311,18029,7,1,0,6,7
2020-08-10,US,Arkansas,Pike,108,1,0,34.16250414,-93.65789349,5109.0,1007.6506810972197,0.925925925925926,107,101,1,0,100,101,10673,7,0,0,7,0
2020-08-10,US,Arkansas,Poinsett,286,3,0,35.57433534,-90.66268713,5111.0,1215.5729343760627,1.048951048951049,283,272,3,0,269,269,23974,14,0,0,14,3
2020-08-10,US,Arkansas,Polk,148,1,0,34.48254879,-94.22728802,5113.0,741.3344019234622,0.6756756756756757,147,142,1,0,141,140,20049,6,0,0,6,2
2020-08-10,US,Arkansas,Pope,1319,10,0,35.44871474,-93.03212219,5115.0,2058.6215507554,0.7581501137225171,1309,1313,10,0,1303,1306,64000,6,0,0,6,7
2020-08-10,US,Arkansas,Prairie,96,0,0,34.83624419,-91.55162157,5117.0,1190.7715207144631,0.0,96,91,0,0,91,90,8074,5,0,0,5,1
2020-08-10,US,Arkansas,Pulaski,5639,85,0,34.77054088,-92.31355101,5119.0,1438.8470851800535,1.5073594608973222,5554,5582,85,0,5497,5480,392680,57,0,0,57,102
2020-08-10,US,Arkansas,Randolph,219,4,0,36.3415714,-91.02455531,5121.0,1219.5121951219512,1.8264840182648399,215,213,3,0,210,209,17948,6,1,0,5,4
2020-08-10,US,Arkansas,Saline,1095,6,0,34.64916145,-92.67583224,5125.0,894.3374960183604,0.547945205479452,1089,1046,6,0,1040,1017,121421,49,0,0,49,29
2020-08-10,US,Arkansas,Scott,61,0,0,34.85588887,-94.0632176,5127.0,593.3274973251629,0.0,61,61,0,0,61,58,10319,0,0,0,0,3
2020-08-10,US,Arkansas,Searcy,32,0,0,35.9109364,-92.69936482,5129.0,406.03984265956086,0.0,32,30,0,0,30,29,7958,2,0,0,2,1
2020-08-10,US,Arkansas,Sebastian,2229,20,0,35.19605503,-94.27162713,5131.0,1743.7630547536905,0.8972633467922836,2209,2176,20,0,2156,2133,127753,53,0,0,53,43
2020-08-10,US,Arkansas,Sevier,992,10,0,33.99780401,-94.2424869,5133.0,5832.892338448874,1.0080645161290325,982,989,10,0,979,988,17139,3,0,0,3,1
2020-08-10,US,Arkansas,Sharp,112,5,0,36.16258158,-91.47819342,5135.0,642.1281963077629,4.464285714285714,107,113,5,0,108,111,17366,-1,0,0,-1,2
2020-08-10,US,Arkansas,St. Francis,1223,3,0,35.02201976,-90.74828138,5123.0,4893.174361846844,0.2452984464431725,1220,1209,3,0,1206,1193,25439,14,0,0,14,16
2020-08-10,US,Arkansas,Stone,69,1,0,35.86251946,-92.15684085,5137.0,551.7351671197824,1.4492753623188406,68,69,1,0,68,67,12457,0,0,0,0,2
2020-08-10,US,Arkansas,Unassigned,1823,0,0,0.0,0.0,90005.0,0.0,0.0,1823,1796,0,0,1796,1772,,27,0,0,27,24
2020-08-10,US,Arkansas,Union,504,18,0,33.16887091,-92.59746952,5139.0,1302.9315960912054,3.571428571428572,486,499,17,0,482,478,39126,5,1,0,4,21
2020-08-10,US,Arkansas,Van Buren,53,2,0,35.58095779,-92.51295036,5141.0,320.3384708371109,3.7735849056603774,51,53,2,0,51,53,16603,0,0,0,0,0
2020-08-10,US,Arkansas,Washington,6310,51,0,35.976844,-94.21800746,5143.0,2638.103241396899,0.8082408874801902,6259,6298,52,0,6246,6268,236961,12,-1,0,13,30
2020-08-10,US,Arkansas,White,326,2,0,35.25688493,-91.74908296,5145.0,413.95248434980255,0.6134969325153374,324,322,2,0,320,318,78727,4,0,0,4,4
2020-08-10,US,Arkansas,Woodruff,22,0,0,35.18902527,-91.2439489,5147.0,348.1012658227848,0.0,22,21,0,0,21,21,6490,1,0,0,1,0
2020-08-10,US,Arkansas,Yell,1067,17,0,35.00292371,-93.41171338,5149.0,4999.765709198256,1.5932521087160263,1050,1066,14,0,1052,1065,21535,1,3,0,-2,1
2020-08-10,US,California,Alameda,13631,209,0,37.64629437,-121.8929271,6001.0,815.5785007021359,1.5332697527694226,13422,13213,208,0,13005,13213,1666753,418,1,0,417,0
2020-08-10,US,California,Alpine,2,0,0,38.59678594,-119.82235940000001,6003.0,177.14791851195747,0.0,2,2,0,0,2,2,1101,0,0,0,0,0
2020-08-10,US,California,Amador,182,2,0,38.44583082,-120.65696000000001,6005.0,457.8385993157577,1.0989010989010992,180,164,2,0,162,164,39383,18,0,0,18,0
2020-08-10,US,California,Butte,1238,8,0,39.66727762,-121.6005252,6007.0,564.8170959824076,0.6462035541195477,1230,1095,8,0,1087,1095,231256,143,0,0,143,0
2020-08-10,US,California,Calaveras,147,1,0,38.20537103,-120.55291299999999,6009.0,320.2265548415205,0.6802721088435374,146,147,1,0,146,147,45602,0,0,0,0,0
2020-08-10,US,California,Colusa,391,4,0,39.17881957,-122.2331726,6011.0,1814.6377685988766,1.0230179028132993,387,362,4,0,358,362,21627,29,0,0,29,0
2020-08-10,US,California,Contra Costa,9404,139,0,37.91923498,-121.9289527,6013.0,815.2395351296808,1.4780944279030201,9265,9182,139,0,9043,9022,1150215,222,0,0,222,160
2020-08-10,US,California,Del Norte,100,0,0,41.74228275,-123.89740630000001,6015.0,359.55702574428307,0.0,100,99,0,0,99,99,27828,1,0,0,1,0
2020-08-10,US,California,El Dorado,755,2,0,38.77965956,-120.5233166,6017.0,391.5101922289116,0.26490066225165565,753,729,1,0,728,729,190678,26,1,0,25,0
2020-08-10,US,California,Fresno,17846,171,0,36.75733899,-119.6466953,6019.0,1786.205799013313,0.9581979154992716,17675,17290,171,0,17119,17031,994400,556,0,0,556,259
2020-08-10,US,California,Glenn,360,3,0,39.59875897,-122.3938452,6021.0,1267.9181488395027,0.8333333333333334,357,360,3,0,357,360,28047,0,0,0,0,0
2020-08-10,US,California,Humboldt,286,4,0,40.69923009,-123.876044,6023.0,210.97980200357048,1.3986013986013983,282,282,4,0,278,282,136373,4,0,0,4,0
2020-08-10,US,California,Imperial,9693,244,0,33.0393082,-115.36690420000001,6025.0,5348.894959026571,2.517280511709481,9449,9693,244,0,9449,9693,181827,0,0,0,0,0
2020-08-10,US,California,Inyo,106,3,0,36.51112084,-117.41119779999998,6027.0,587.6157214923222,2.830188679245283,103,89,3,0,86,64,17987,17,0,0,17,25
2020-08-10,US,California,Kern,24440,171,0,35.34329425,-118.72777959999999,6029.0,2714.9462009637837,0.6996726677577741,24269,23583,171,0,23412,22626,896764,857,0,0,857,957
2020-08-10,US,California,Kings,4453,56,0,36.07409056,-119.8159973,6031.0,2911.5993199947693,1.2575791601167752,4397,4453,56,0,4397,4453,151366,0,0,0,0,0
2020-08-10,US,California,Lake,240,2,0,39.10124298,-122.75362439999999,6033.0,372.7518404622123,0.8333333333333334,238,220,2,0,218,220,64382,20,0,0,20,0
2020-08-10,US,California,Lassen,683,0,0,40.67311306,-120.59350990000002,6035.0,2233.9973178948744,0.0,683,638,0,0,638,638,30802,45,0,0,45,0
2020-08-10,US,California,Los Angeles,210543,4998,0,34.30828379,-118.22824109999999,6037.0,2097.228369017284,2.373861871446688,205545,208563,4977,0,203586,206778,10105518,1980,21,0,1959,1785
2020-08-10,US,California,Madera,2463,39,0,37.21513971,-119.76655890000002,6039.0,1565.5291208756285,1.5834348355663823,2424,2302,39,0,2263,2302,157672,161,0,0,161,0
2020-08-10,US,California,Marin,5404,81,0,38.07122463,-122.72106310000001,6041.0,2087.889161058008,1.4988897113249444,5323,5327,79,0,5248,5287,259666,77,2,0,75,40
2020-08-10,US,California,Mariposa,62,2,0,37.57978556,-119.9073334,6043.0,360.4022554205662,3.2258064516129035,60,61,2,0,59,60,17471,1,0,0,1,1
2020-08-10,US,California,Mendocino,472,10,0,39.4381191,-123.39113130000001,6045.0,544.098491048888,2.1186440677966103,462,431,10,0,421,380,87606,41,0,0,41,51
2020-08-10,US,California,Merced,5736,70,0,37.18922369,-120.72090349999999,6047.0,2065.687121866897,1.2203626220362622,5666,5012,64,0,4948,5012,274765,724,6,0,718,0
2020-08-10,US,California,Modoc,5,0,0,41.58965602,-120.7244817,6049.0,56.55468838366701,0.0,5,5,0,0,5,5,8777,0,0,0,0,0
2020-08-10,US,California,Mono,158,1,0,37.93899289,-118.8872409,6051.0,1093.8798116865134,0.6329113924050633,157,154,1,0,153,153,14250,4,0,0,4,1
2020-08-10,US,California,Monterey,5446,35,0,36.21862405,-121.24133970000001,6053.0,1254.662363124077,0.6426735218508998,5411,5293,35,0,5258,5212,435594,153,0,0,153,81
2020-08-10,US,California,Napa,1074,11,0,38.50735751,-122.33283899999999,6055.0,779.7072830758507,1.0242085661080074,1063,1046,10,0,1036,1046,139417,28,1,0,27,0
2020-08-10,US,California,Nevada,357,1,0,39.30394768,-120.76272809999999,6057.0,357.87679815548086,0.2801120448179272,356,322,1,0,321,322,99696,35,0,0,35,0
2020-08-10,US,California,Orange,40527,726,0,33.70147516,-117.76459979999998,6059.0,1276.162801682279,1.7913983270412317,39801,39641,726,0,38915,39076,3185968,886,0,0,886,565
2020-08-10,US,California,Placer,2319,22,0,39.06167234,-120.72405690000001,6061.0,582.1820655789561,0.9486847779215178,2297,2186,20,0,2166,2186,393149,133,2,0,131,0
2020-08-10,US,California,Plumas,36,0,0,40.00355989,-120.8395236,6063.0,191.4180890094114,0.0,36,34,0,0,34,34,18804,2,0,0,2,0
2020-08-10,US,California,Riverside,41983,820,0,33.74314981,-115.9933578,6065.0,1699.3409554001425,1.9531715218064452,41163,40452,799,0,39653,40452,2450758,1531,21,0,1510,0
2020-08-10,US,California,Sacramento,12040,177,0,38.45106826,-121.34253740000001,6067.0,775.7442054356218,1.4700996677740863,11863,10795,161,0,10634,10795,1540975,1245,16,0,1229,0
2020-08-10,US,California,San Benito,765,4,0,36.60308176,-121.069975,6069.0,1217.9977072984336,0.5228758169934641,761,715,4,0,711,709,61537,50,0,0,50,6
2020-08-10,US,California,San Bernardino,36072,546,0,34.84060306,-116.1774685,6071.0,1654.6143843015295,1.513639387890885,35526,35712,546,0,35166,35452,2171603,360,0,0,360,260
2020-08-10,US,California,San Diego,32975,594,0,33.03484597,-116.73653259999999,6073.0,987.7693337686808,1.8013646702047006,32381,32330,593,0,31737,31779,3343364,645,1,0,644,551
2020-08-10,US,California,San Francisco,7623,67,0,37.75215114,-122.43856720000001,6075.0,864.7278823979152,0.8789190607372426,7556,7548,67,0,7481,7432,883305,75,0,0,75,116
2020-08-10,US,California,San Joaquin,12864,223,0,37.93433732,-121.2730061,6077.0,1687.861150327758,1.7335199004975124,12641,12303,211,0,12092,12303,752660,561,12,0,549,0
2020-08-10,US,California,San Luis Obispo,2254,16,0,35.38822029,-120.4039028,6079.0,796.1541586162317,0.709849157054126,2238,2093,15,0,2078,2093,284010,161,1,0,160,0
2020-08-10,US,California,San Mateo,6318,120,0,37.422880799999994,-122.32755459999998,6081.0,824.1876507521138,1.8993352326685657,6198,6110,120,0,5990,6110,769545,208,0,0,208,0
2020-08-10,US,California,Santa Barbara,6704,69,0,34.65329488,-120.0188492,6083.0,1501.4591298076816,1.0292362768496421,6635,6704,69,0,6635,6704,446527,0,0,0,0,0
2020-08-10,US,California,Santa Clara,12694,205,0,37.23104908,-121.6970462,6085.0,658.4530347765285,1.6149361903261383,12489,11687,204,0,11483,11475,1937570,1007,1,0,1006,212
2020-08-10,US,California,Santa Cruz,1243,6,0,37.05580291,-122.0066524,6087.0,454.956389337257,0.4827031375703942,1237,1238,6,0,1232,1238,274255,5,0,0,5,0
2020-08-10,US,California,Shasta,459,10,0,40.76391419,-122.0396884,6089.0,254.88671701466012,2.178649237472767,449,418,10,0,408,418,180040,41,0,0,41,0
2020-08-10,US,California,Sierra,4,0,0,39.57713498,-120.52007009999998,6091.0,133.11148086522462,0.0,4,3,0,0,3,3,2987,1,0,0,1,0
2020-08-10,US,California,Siskiyou,102,0,0,41.59198861,-122.54074340000001,6093.0,234.2727210087508,0.0,102,93,0,0,93,93,43724,9,0,0,9,0
2020-08-10,US,California,Solano,4274,41,0,38.26827353,-121.9357113,6095.0,954.778696416564,0.9592887225081892,4233,4029,40,0,3989,4029,446610,245,1,0,244,0
2020-08-10,US,California,Sonoma,3670,47,0,38.52746429,-122.88625060000001,6097.0,742.4100207146556,1.2806539509536785,3623,3556,47,0,3509,3431,499942,114,0,0,114,125
2020-08-10,US,California,Stanislaus,10264,169,0,37.55862499,-120.9970722,6099.0,1863.945084080921,1.6465315666406861,10095,9665,162,0,9503,9566,549815,599,7,0,592,99
2020-08-10,US,California,Sutter,952,7,0,39.03417539,-121.6945899,6101.0,981.7368079116437,0.7352941176470589,945,942,7,0,935,921,96807,10,0,0,10,21
2020-08-10,US,California,Tehama,276,1,0,40.12570935,-122.23701709999999,6103.0,424.0673591051564,0.3623188405797101,275,276,1,0,275,276,63916,0,0,0,0,0
2020-08-10,US,California,Trinity,5,0,0,40.64917670000001,-123.114713,6105.0,40.7000407000407,0.0,5,5,0,0,5,5,12535,0,0,0,0,0
2020-08-10,US,California,Tulare,10862,196,0,36.22026558,-118.8020203,6107.0,2329.926318386083,1.8044559013073096,10666,10475,196,0,10279,10475,465861,387,0,0,387,0
2020-08-10,US,California,Tuolumne,155,3,0,38.02644018,-119.95250929999999,6109.0,284.5185212379309,1.935483870967742,152,152,2,0,150,152,54539,3,1,0,2,0
2020-08-10,US,California,Ventura,8634,92,0,34.44465746,-119.09106129999999,6111.0,1020.5601378713626,1.065554783414408,8542,8146,89,0,8057,8146,850967,488,3,0,485,0
2020-08-10,US,California,Yolo,1834,44,0,38.68278902,-121.90182879999999,6113.0,831.7460317460318,2.3991275899672853,1790,1721,43,0,1678,1690,220408,113,1,0,112,31
2020-08-10,US,California,Yuba,646,4,0,39.26255932,-121.35356440000001,6115.0,821.1725224996187,0.6191950464396285,642,600,4,0,596,588,78041,46,0,0,46,12
2020-08-10,US,Colorado,Adams,6529,176,0,39.87432092,-104.3362578,8001.0,1261.8351400503652,2.6956654924184407,6353,6491,176,0,6315,6438,511868,38,0,0,38,53
2020-08-10,US,Colorado,Alamosa,230,9,0,37.57250606,-105.7885451,8003.0,1416.8668761165527,3.9130434782608696,221,230,9,0,221,227,16683,0,0,0,0,3
2020-08-10,US,Colorado,Arapahoe,7340,364,0,39.64977461,-104.3353617,8005.0,1117.8970133568894,4.959128065395094,6976,7311,364,0,6947,7286,651215,29,0,0,29,25
2020-08-10,US,Colorado,Archuleta,36,0,0,37.19474156,-107.0476867,8007.0,256.61130515361043,0.0,36,36,0,0,36,35,13765,0,0,0,0,1
2020-08-10,US,Colorado,Baca,15,0,0,37.31940883,-102.5603223,8009.0,418.8774085450991,0.0,15,15,0,0,15,14,3585,0,0,0,0,1
2020-08-10,US,Colorado,Bent,9,0,0,37.95474293,-103.0720195,8011.0,161.37708445400753,0.0,9,9,0,0,9,9,5882,0,0,0,0,0
2020-08-10,US,Colorado,Boulder,2059,74,0,40.09313619,-105.3546767,8013.0,631.2155881739812,3.5939776590577948,1985,2046,75,0,1971,2026,326078,13,-1,0,14,20
2020-08-10,US,Colorado,Broomfield,475,32,0,39.95998787,-105.0566324,8014.0,674.0935216064712,6.7368421052631575,443,473,32,0,441,460,69267,2,0,0,2,13
2020-08-10,US,Colorado,Chaffee,303,19,0,38.74745778,-106.19265729999998,8015.0,1488.5046178031048,6.2706270627062715,284,303,19,0,284,302,20027,0,0,0,0,1
2020-08-10,US,Colorado,Cheyenne,9,0,0,38.82777431,-102.6032558,8017.0,491.53468050245766,0.0,9,9,0,0,9,8,1876,0,0,0,0,1
2020-08-10,US,Colorado,Clear Creek,30,1,0,39.68864463,-105.6463118,8019.0,309.27835051546384,3.333333333333333,29,30,1,0,29,30,9605,0,0,0,0,0
2020-08-10,US,Colorado,Conejos,23,0,0,37.201606,-106.19174879999998,8021.0,280.31687995124923,0.0,23,23,0,0,23,23,8200,0,0,0,0,0
2020-08-10,US,Colorado,Costilla,23,0,0,37.27732493,-105.4276548,8023.0,591.7159763313608,0.0,23,23,0,0,23,22,3828,0,0,0,0,1
2020-08-10,US,Colorado,Crowley,72,1,0,38.32608609,-103.7844965,8025.0,1187.922785018974,1.3888888888888888,71,72,1,0,71,72,5858,0,0,0,0,0
2020-08-10,US,Colorado,Custer,11,0,0,38.10883162,-105.3683478,8027.0,217.04814522494078,0.0,11,11,0,0,11,11,4954,0,0,0,0,0
2020-08-10,US,Colorado,Delta,125,1,0,38.86246243,-107.8631342,8029.0,401.12958089981385,0.8,124,121,1,0,120,121,30953,4,0,0,4,0
2020-08-10,US,Colorado,Denver,10263,415,0,39.76018276,-104.8725695,8031.0,1411.2822825837345,4.0436519536198,9848,10224,414,0,9810,10173,716492,39,1,0,38,51
2020-08-10,US,Colorado,Dolores,1,0,0,37.75208676,-108.5211585,8033.0,48.661800486618006,0.0,1,1,0,0,1,1,2074,0,0,0,0,0
2020-08-10,US,Colorado,Douglas,1744,59,0,39.33133796,-104.930001,8035.0,496.64819423956436,3.38302752293578,1685,1734,59,0,1675,1726,342776,10,0,0,10,8
2020-08-10,US,Colorado,Eagle,1124,9,0,39.62754308,-106.6933637,8037.0,2038.928292851053,0.8007117437722421,1115,1123,9,0,1114,1120,54993,1,0,0,1,3
2020-08-10,US,Colorado,El Paso,5134,138,0,38.83240149,-104.5251411,8041.0,712.6566657829021,2.687962602259447,4996,5006,137,0,4869,4958,713856,128,1,0,127,48
2020-08-10,US,Colorado,Elbert,105,2,0,39.28656773,-104.1358721,8039.0,392.8317557708856,1.9047619047619049,103,105,2,0,103,104,26282,0,0,0,0,1
2020-08-10,US,Colorado,Fremont,125,0,0,38.47362326,-105.4399667,8043.0,261.29308723008427,0.0,125,125,0,0,125,123,48021,0,0,0,0,2
2020-08-10,US,Colorado,Garfield,768,4,0,39.59921777,-107.902708,8045.0,1278.6999883451824,0.5208333333333334,764,767,4,0,763,764,59770,1,0,0,1,3
2020-08-10,US,Colorado,Gilpin,16,0,0,39.85646523,-105.5252597,8047.0,256.28704148646483,0.0,16,16,0,0,16,16,6121,0,0,0,0,0
2020-08-10,US,Colorado,Grand,46,1,0,40.10603347,-106.1178042,8049.0,292.36049319944067,2.1739130434782608,45,46,1,0,45,46,15525,0,0,0,0,0
2020-08-10,US,Colorado,Gunnison,273,6,0,38.66611652,-107.0320729,8051.0,1563.394800137441,2.1978021978021984,267,272,6,0,266,269,17246,1,0,0,1,3
2020-08-10,US,Colorado,Hinsdale,3,0,0,37.82247444,-107.3004345,8053.0,365.8536585365854,0.0,3,3,0,0,3,3,811,0,0,0,0,0
2020-08-10,US,Colorado,Huerfano,8,1,0,37.68473101,-104.9612585,8055.0,115.99246049006815,12.5,7,8,1,0,7,8,6889,0,0,0,0,0
2020-08-10,US,Colorado,Jackson,9,0,0,40.66593870000001,-106.3408905,8057.0,646.5517241379309,0.0,9,9,0,0,9,9,1399,0,0,0,0,0
2020-08-10,US,Colorado,Jefferson,4210,228,0,39.58635604,-105.2517692,8059.0,722.2743578878021,5.415676959619954,3982,4177,228,0,3949,4160,580233,33,0,0,33,17
2020-08-10,US,Colorado,Kit Carson,56,3,0,39.30497777,-102.6022199,8063.0,789.0658024517403,5.357142857142857,53,51,3,0,48,51,7163,5,0,0,5,0
2020-08-10,US,Colorado,La Plata,219,2,0,37.28632032,-107.8429014,8067.0,389.5341598335142,0.9132420091324199,217,212,2,0,210,207,56310,7,0,0,7,5
2020-08-10,US,Colorado,Lake,79,0,0,39.20278823,-106.3555697,8065.0,972.0684139288793,0.0,79,77,0,0,77,77,7824,2,0,0,2,0
2020-08-10,US,Colorado,Larimer,1575,35,0,40.66671597,-105.4625784,8069.0,441.3013205416658,2.2222222222222223,1540,1554,35,0,1519,1531,350518,21,0,0,21,23
2020-08-10,US,Colorado,Las Animas,17,0,0,37.3153406,-104.0376458,8071.0,117.19288570246796,0.0,17,17,0,0,17,17,14503,0,0,0,0,0
2020-08-10,US,Colorado,Lincoln,8,0,0,38.98749519,-103.5136649,8073.0,140.3262585511314,0.0,8,8,0,0,8,8,5610,0,0,0,0,0
2020-08-10,US,Colorado,Logan,651,5,0,40.7249637,-103.110817,8075.0,2905.082779240484,0.7680491551459293,646,651,5,0,646,651,21528,0,0,0,0,0
2020-08-10,US,Colorado,Mesa,316,4,0,39.01787888,-108.469799,8077.0,204.91537513779912,1.2658227848101269,312,306,4,0,302,301,153207,10,0,0,10,5
2020-08-10,US,Colorado,Mineral,18,0,0,37.66954283,-106.9281698,8079.0,2340.702210663199,0.0,18,18,0,0,18,18,776,0,0,0,0,0
2020-08-10,US,Colorado,Moffat,32,1,0,40.61810999,-108.2070876,8081.0,240.9094331099902,3.125,31,31,1,0,30,27,13188,1,0,0,1,4
2020-08-10,US,Colorado,Montezuma,112,4,0,37.33859579,-108.5958857,8083.0,427.7584692357637,3.571428571428572,108,112,4,0,108,112,26158,0,0,0,0,0
2020-08-10,US,Colorado,Montrose,310,13,0,38.40214114,-108.26390220000002,8085.0,725.0105243463213,4.193548387096774,297,305,13,0,292,297,42214,5,0,0,5,8
2020-08-10,US,Colorado,Morgan,686,46,0,40.26279810000001,-103.8093302,8087.0,2359.9834869960096,6.705539358600582,640,685,46,0,639,684,28558,1,0,0,1,1
2020-08-10,US,Colorado,Otero,71,6,0,37.9014485,-103.7173385,8089.0,388.44512528723055,8.450704225352112,65,71,6,0,65,71,18432,0,0,0,0,0
2020-08-10,US,Colorado,Ouray,14,1,0,38.14717457,-107.7675136,8091.0,282.71405492730213,7.142857142857142,13,13,1,0,12,13,4833,1,0,0,1,0
2020-08-10,US,Colorado,Park,42,1,0,39.120926,-105.7182065,8093.0,222.870788007429,2.380952380952381,41,42,1,0,41,42,18556,0,0,0,0,0
2020-08-10,US,Colorado,Phillips,19,0,0,40.59414277,-102.3577703,8095.0,445.48651817116064,0.0,19,19,0,0,19,19,4286,0,0,0,0,0
2020-08-10,US,Colorado,Pitkin,186,2,0,39.21720112,-106.9310027,8097.0,1046.8846738335117,1.075268817204301,184,187,2,0,185,187,17950,-1,0,0,-1,0
2020-08-10,US,Colorado,Prowers,53,0,0,37.95544985,-102.3926052,8099.0,435.42556687479447,0.0,53,53,0,0,53,52,12164,0,0,0,0,1
2020-08-10,US,Colorado,Pueblo,699,34,0,38.17359144,-104.5127437,8101.0,415.0239870802262,4.8640915593705305,665,693,34,0,659,687,167529,6,0,0,6,6
2020-08-10,US,Colorado,Rio Blanco,16,0,0,39.97913541,-108.2179009,8103.0,253.0044275774826,0.0,16,16,0,0,16,16,6336,0,0,0,0,0
2020-08-10,US,Colorado,Rio Grande,89,2,0,37.5836865,-106.3847838,8105.0,789.9174580633709,2.247191011235955,87,89,2,0,87,89,11250,0,0,0,0,0
2020-08-10,US,Colorado,Routt,125,8,0,40.48596505,-106.9905548,8107.0,487.55753178875113,6.4,117,125,7,0,118,122,25733,0,1,0,-1,3
2020-08-10,US,Colorado,Saguache,106,2,0,38.08054629,-106.282466,8109.0,1553.3411488862835,1.8867924528301887,104,106,2,0,104,106,6843,0,0,0,0,0
2020-08-10,US,Colorado,San Juan,2,0,0,37.76248981,-107.67632890000002,8111.0,274.72527472527474,0.0,2,2,0,0,2,2,762,0,0,0,0,0
2020-08-10,US,Colorado,San Miguel,89,0,0,38.00450883,-108.4020725,8113.0,1088.1525858906957,0.0,89,89,0,0,89,88,8191,0,0,0,0,1
2020-08-10,US,Colorado,Sedgwick,11,1,0,40.87595412,-102.3519227,8115.0,489.32384341637015,9.090909090909092,10,11,1,0,10,11,2303,0,0,0,0,0
2020-08-10,US,Colorado,Summit,333,4,0,39.63803232,-106.1150762,8117.0,1073.812518138725,1.2012012012012012,329,328,4,0,324,327,31007,5,0,0,5,1
2020-08-10,US,Colorado,Teller,133,3,0,38.88133511,-105.1614893,8119.0,523.8695446667717,2.255639097744361,130,132,3,0,129,123,25083,1,0,0,1,9
2020-08-10,US,Colorado,Washington,49,0,0,39.97015535,-103.202587,8121.0,998.3700081499593,0.0,49,48,0,0,48,47,4909,1,0,0,1,1
2020-08-10,US,Colorado,Weld,3723,145,0,40.55499405,-104.3929621,8123.0,1147.3318294441776,3.89470856835885,3578,3709,143,0,3566,3696,314305,14,2,0,12,13
2020-08-10,US,Colorado,Yuma,63,0,0,40.00346839,-102.4258673,8125.0,628.8052699870246,0.0,63,63,0,0,63,63,10020,0,0,0,0,0
2020-08-10,US,Connecticut,Fairfield,18035,1409,0,41.26809896,-73.3881171,9001.0,1911.8401580779607,7.812586637094538,16626,17956,1408,0,16548,17956,943823,79,1,0,78,0
2020-08-10,US,Connecticut,Hartford,12800,1415,0,41.80283011,-72.73103891,9003.0,1435.4281613062396,11.0546875,11385,12761,1415,0,11346,12761,892697,39,0,0,39,0
2020-08-10,US,Connecticut,Litchfield,1615,138,0,41.7937534,-73.2451475,9005.0,895.5654261837822,8.544891640866872,1477,1610,138,0,1472,1610,181111,5,0,0,5,0
2020-08-10,US,Connecticut,Middlesex,1405,192,0,41.45949668,-72.53714864,9007.0,864.9560442266493,13.665480427046266,1213,1396,192,0,1204,1396,162682,9,0,0,9,0
2020-08-10,US,Connecticut,New Haven,13224,1106,0,41.408032500000004,-72.93620426,9009.0,1547.1063705825165,8.363581367211129,12118,13145,1104,0,12041,13145,857620,79,2,0,77,0
2020-08-10,US,Connecticut,New London,1457,103,0,41.48896435,-72.10430976,9011.0,549.3842522416537,7.069320521619767,1354,1433,103,0,1330,1433,266784,24,0,0,24,0
2020-08-10,US,Connecticut,Tolland,1056,66,0,41.85853803,-72.3308481,9013.0,700.6322941063289,6.25,990,1056,66,0,990,1056,150921,0,0,0,0,0
2020-08-10,US,Connecticut,Unassigned,237,0,0,0.0,0.0,90009.0,0.0,0.0,237,237,0,0,237,237,,0,0,0,0,0
2020-08-10,US,Connecticut,Windham,738,15,0,41.82972709,-71.98182316,9015.0,631.9467041153603,2.0325203252032518,723,726,15,0,711,726,117027,12,0,0,12,0
2020-08-10,US,Delaware,Kent,2294,108,0,39.08646628,-75.56884914,10001.0,1268.9035655415794,4.7079337401918036,2186,2287,108,0,2179,2277,178550,7,0,0,7,10
2020-08-10,US,Delaware,New Castle,7243,291,0,39.57992638,-75.64054974,10003.0,1296.2793935782001,4.017672235261632,6952,7206,291,0,6915,7161,559335,37,0,0,37,45
2020-08-10,US,Delaware,Sussex,5848,192,0,38.66143781,-75.39031349,10005.0,2496.744583199915,3.283173734610123,5656,5839,192,0,5647,5821,229286,9,0,0,9,18
2020-08-10,US,Delaware,Unassigned,249,0,0,0.0,0.0,90010.0,0.0,0.0,249,243,0,0,243,243,,6,0,0,6,0
2020-08-10,US,District of Columbia,District of Columbia,12807,591,0,38.90417773,-77.01655992,11001.0,1814.6678209958493,4.614663855703912,12216,12753,591,0,12162,12653,702455,54,0,0,54,100
2020-08-10,US,Florida,Alachua,4171,26,0,29.67866525,-82.35928158,12001.0,1550.3098017788975,0.6233517142172141,4145,4142,26,0,4116,4088,269956,29,0,0,29,54
2020-08-10,US,Florida,Baker,932,4,0,30.33060121,-82.28467476,12003.0,3190.688120506676,0.4291845493562232,928,907,4,0,903,827,28355,25,0,0,25,80
2020-08-10,US,Florida,Bay,4447,51,0,30.26548745,-85.62122584,12005.0,2545.4337311467903,1.1468405666741623,4396,4440,51,0,4389,4388,185287,7,0,0,7,52
2020-08-10,US,Florida,Bradford,508,4,0,29.95079741,-82.16611613,12007.0,1801.3545618949686,0.7874015748031497,504,494,4,0,490,469,27732,14,0,0,14,25
2020-08-10,US,Florida,Brevard,6099,151,0,28.29409504,-80.73091022,12009.0,1013.2205428429982,2.475815707493032,5948,6064,151,0,5913,5963,596849,35,0,0,35,101
2020-08-10,US,Florida,Broward,62898,821,0,26.15184651,-80.48725556,12011.0,3220.9498468335883,1.305287926484149,62077,62268,803,0,61465,61614,1951260,630,18,0,612,654
2020-08-10,US,Florida,Calhoun,475,7,0,30.40666734,-85.19394153,12013.0,3367.600141793689,1.4736842105263157,468,475,7,0,468,462,14587,0,0,0,0,13
2020-08-10,US,Florida,Charlotte,2257,91,0,26.90131002,-81.92949121,12015.0,1194.7488221904612,4.031900753212229,2166,2238,91,0,2147,2214,184998,19,0,0,19,24
2020-08-10,US,Florida,Citrus,1548,36,0,28.84804315,-82.47614748,12017.0,1034.3652485349833,2.3255813953488373,1512,1539,36,0,1503,1514,147929,9,0,0,9,25
2020-08-10,US,Florida,Clay,3298,51,0,29.98319144,-81.85609986,12019.0,1504.2052067940087,1.5463917525773196,3247,3282,51,0,3231,3245,216072,16,0,0,16,37
2020-08-10,US,Florida,Collier,10448,136,0,26.11091986,-81.34687065,12021.0,2714.457186504617,1.3016845329249618,10312,10334,136,0,10198,10265,378488,114,0,0,114,69
2020-08-10,US,Florida,Columbia,2893,15,0,30.22509788,-82.62160164,12023.0,4035.6554975866975,0.5184929139301763,2878,2873,15,0,2858,2835,70503,20,0,0,20,38
2020-08-10,US,Florida,DeSoto,1358,16,0,27.18677893,-81.80941373,12027.0,3573.5901686797715,1.1782032400589102,1342,1351,16,0,1335,1339,37489,7,0,0,7,12
2020-08-10,US,Florida,Dixie,553,4,0,29.60631086,-83.15724673,12029.0,3286.580292404612,0.7233273056057866,549,547,4,0,543,475,16700,6,0,0,6,72
2020-08-10,US,Florida,Duval,23530,189,0,30.33225875,-81.66976468,12031.0,2456.786965351265,0.8032299192520187,23341,23437,188,0,23249,23166,950181,93,1,0,92,271
2020-08-10,US,Florida,Escambia,9632,120,0,30.67652764,-87.37284571,12033.0,3025.923924653489,1.2458471760797345,9512,9508,120,0,9388,9297,315534,124,0,0,124,211
2020-08-10,US,Florida,Flagler,1078,13,0,29.45933576,-81.31508595,12035.0,936.731519538412,1.2059369202226344,1065,1070,13,0,1057,1052,112067,8,0,0,8,18
2020-08-10,US,Florida,Franklin,430,2,0,29.83791238,-84.82731662,12037.0,3546.3917525773195,0.4651162790697674,428,418,2,0,416,398,11736,12,0,0,12,20
2020-08-10,US,Florida,Gadsden,1903,21,0,30.57796289,-84.61915825,12039.0,4167.761717038984,1.1035207566999474,1882,1884,21,0,1863,1866,45894,19,0,0,19,18
2020-08-10,US,Florida,Gilchrist,366,5,0,29.72856978,-82.79880657,12041.0,1969.6480464966096,1.3661202185792352,361,363,3,0,360,355,18256,3,2,0,1,8
2020-08-10,US,Florida,Glades,405,3,0,26.95635849,-81.18996211,12043.0,2932.445152414741,0.7407407407407407,402,401,3,0,398,401,13724,4,0,0,4,0
2020-08-10,US,Florida,Gulf,659,2,0,29.93543004,-85.24270990000002,12045.0,4831.732531710536,0.30349013657056145,657,648,2,0,646,599,16164,11,0,0,11,49
2020-08-10,US,Florida,Hamilton,618,4,0,30.49673973,-82.94998918,12047.0,4283.3379539783755,0.6472491909385113,614,618,4,0,614,617,14310,0,0,0,0,1
2020-08-10,US,Florida,Hardee,976,7,0,27.49293939,-81.80956574,12049.0,3623.269109403423,0.7172131147540983,969,963,7,0,956,950,27245,13,0,0,13,13
2020-08-10,US,Florida,Hendry,1783,38,0,26.55386945,-81.16469006,12051.0,4243.015563276379,2.1312394840157043,1745,1762,38,0,1724,1750,41556,21,0,0,21,12
2020-08-10,US,Florida,Hernando,2028,48,0,28.55364461,-82.42700204,12053.0,1045.7920792079208,2.366863905325444,1980,2022,47,0,1975,1975,190865,6,1,0,5,47
2020-08-10,US,Florida,Highlands,1449,37,0,27.34254618,-81.34071957,12055.0,1364.1370350495665,2.5534851621808143,1412,1435,37,0,1398,1396,105424,14,0,0,14,39
2020-08-10,US,Florida,Hillsborough,32731,388,0,27.9276559,-82.32013172,12057.0,2223.621709167591,1.1854205493263268,32343,32587,388,0,32199,32268,1436888,144,0,0,144,319
2020-08-10,US,Florida,Holmes,507,2,0,30.86747479,-85.81319222,12059.0,2584.493041749503,0.3944773175542407,505,505,2,0,503,494,19477,2,0,0,2,11
2020-08-10,US,Florida,Indian River,2543,56,0,27.69308961,-80.60556721,12061.0,1590.1402549977176,2.2021234762092017,2487,2523,56,0,2467,2488,157413,20,0,0,20,35
2020-08-10,US,Florida,Jackson,1897,38,0,30.795459700000002,-85.21500423,12063.0,4087.128883526522,2.0031628887717448,1859,1821,38,0,1783,1817,48305,76,0,0,76,4
2020-08-10,US,Florida,Jefferson,455,5,0,30.43669112,-83.89442308,12065.0,3193.8789835743373,1.0989010989010992,450,453,5,0,448,448,14288,2,0,0,2,5
2020-08-10,US,Florida,Lafayette,148,2,0,29.98484137,-83.18166636,12067.0,1757.3023034908572,1.351351351351351,146,146,1,0,145,134,8732,2,1,0,1,12
2020-08-10,US,Florida,Lake,5177,68,0,28.76202069,-81.7125123,12069.0,1410.1732957795587,1.3135020282016612,5109,5161,68,0,5093,5073,356495,16,0,0,16,88
2020-08-10,US,Florida,Lee,16632,334,0,26.58410348,-81.88399313,12071.0,2158.3826145862126,2.0081770081770083,16298,16529,334,0,16195,16431,754610,103,0,0,103,98
2020-08-10,US,Florida,Leon,5006,25,0,30.45955727,-84.27491114,12073.0,1705.1454108221897,0.4994007191370355,4981,4965,24,0,4941,4922,292502,41,1,0,40,43
2020-08-10,US,Florida,Levy,687,5,0,29.31829741,-82.74007147,12075.0,1655.3020263595404,0.7278020378457059,682,684,4,0,680,673,40770,3,1,0,2,11
2020-08-10,US,Florida,Liberty,400,6,0,30.23766008,-84.8829258,12077.0,4788.125448886761,1.5,394,400,6,0,394,400,8457,0,0,0,0,0
2020-08-10,US,Florida,Madison,708,8,0,30.44396917,-83.47398594,12079.0,3828.4756394311357,1.1299435028248588,700,700,8,0,692,700,18529,8,0,0,8,0
2020-08-10,US,Florida,Manatee,9340,227,0,27.47196942,-82.31831044,12081.0,2316.163797913469,2.430406852248394,9113,9288,192,0,9096,9199,394855,52,35,0,17,89
2020-08-10,US,Florida,Marion,6573,89,0,29.21227113,-82.05803627,12083.0,1797.969795858077,1.3540240377301078,6484,6511,89,0,6422,6260,359977,62,0,0,62,251
2020-08-10,US,Florida,Martin,3838,94,0,27.0772071,-80.43109784,12085.0,2383.850931677019,2.4491922876498182,3744,3825,94,0,3731,3802,160912,13,0,0,13,23
2020-08-10,US,Florida,Miami-Dade,133623,1874,0,25.6112362,-80.55170587,12086.0,4918.143205223523,1.4024531704871168,131749,132461,1865,0,130596,131217,2761581,1162,9,0,1153,1244
2020-08-10,US,Florida,Monroe,1531,13,0,25.20904673,-81.07812416,12087.0,2062.563992024573,0.8491182233834096,1518,1526,13,0,1513,1514,75027,5,0,0,5,12
2020-08-10,US,Florida,Nassau,1239,11,0,30.61037141,-81.80297522,12089.0,1398.0253878702395,0.8878127522195319,1228,1233,11,0,1222,1219,85832,6,0,0,6,14
2020-08-10,US,Florida,Okaloosa,3541,41,0,30.69143028,-86.59267105,12091.0,1680.2854729569415,1.1578650098842136,3500,3502,41,0,3461,3448,207269,39,0,0,39,54
2020-08-10,US,Florida,Okeechobee,1055,12,0,27.386336199999995,-80.88944347,12093.0,2501.8971732119144,1.1374407582938388,1043,1039,12,0,1027,1027,41537,16,0,0,16,12
2020-08-10,US,Florida,Orange,31851,298,0,28.51367621,-81.31799498,12095.0,2285.7622652233445,0.9356064173809301,31553,31719,298,0,31421,31395,1380645,132,0,0,132,324
2020-08-10,US,Florida,Osceola,9769,104,0,28.06312234,-81.14882926,12097.0,2599.860013679272,1.0645920769781962,9665,9696,104,0,9592,9568,367990,73,0,0,73,128
2020-08-10,US,Florida,Palm Beach,37297,936,0,26.64676272,-80.46536002,12099.0,2491.832412461501,2.5095852213314744,36361,37020,931,0,36089,36600,1485941,277,5,0,272,420
2020-08-10,US,Florida,Pasco,7114,129,0,28.30810945,-82.40227529,12101.0,1284.2383838165026,1.813325836378971,6985,7080,128,0,6952,6982,539630,34,1,0,33,98
2020-08-10,US,Florida,Pinellas,17941,500,0,27.93130349,-82.72239666,12103.0,1840.1101132722595,2.786912658157293,17441,17879,500,0,17379,17725,975280,62,0,0,62,154
2020-08-10,US,Florida,Polk,14475,314,0,27.95027105,-81.69732947,12105.0,1997.1660248600604,2.1692573402417956,14161,14301,312,0,13989,14124,708009,174,2,0,172,177
2020-08-10,US,Florida,Putnam,1519,27,0,29.60779729,-81.74230285,12107.0,2038.3516055876867,1.7774851876234363,1492,1508,26,0,1482,1481,74163,11,1,0,10,27
2020-08-10,US,Florida,Santa Rosa,3963,38,0,30.69341450000001,-87.02458128,12113.0,2150.146761215975,0.9588695432752964,3925,3939,37,0,3902,3857,179349,24,1,0,23,82
2020-08-10,US,Florida,Sarasota,6256,147,0,27.18546175,-82.33174248,12115.0,1442.3320775945147,2.3497442455242967,6109,6231,139,0,6092,6164,426718,25,8,0,17,67
2020-08-10,US,Florida,Seminole,7152,119,0,28.7158582,-81.24060348,12117.0,1515.813032770555,1.6638702460850112,7033,7118,119,0,6999,7048,467832,34,0,0,34,70
2020-08-10,US,Florida,St. Johns,3660,36,0,29.90096506,-81.43589967,12109.0,1382.8436706565105,0.9836065573770492,3624,3635,34,0,3601,3593,254261,25,2,0,23,42
2020-08-10,US,Florida,St. Lucie,5824,166,0,27.37763908,-80.47106649,12111.0,1774.0034176370789,2.8502747252747254,5658,5772,166,0,5606,5695,321128,52,0,0,52,77
2020-08-10,US,Florida,Sumter,1307,41,0,28.70181754,-82.0794267,12119.0,987.0110255248453,3.136954858454476,1266,1303,41,0,1262,1284,128754,4,0,0,4,19
2020-08-10,US,Florida,Suwannee,1471,44,0,30.19746066,-82.99099670000003,12121.0,3311.7950334331454,2.991162474507138,1427,1454,43,0,1411,1404,44191,17,1,0,16,50
2020-08-10,US,Florida,Taylor,965,5,0,30.04848048,-83.60445406,12123.0,4474.013630673652,0.5181347150259067,960,961,4,0,957,947,21623,4,1,0,3,14
2020-08-10,US,Florida,Unassigned,697,0,0,0.0,0.0,90012.0,0.0,0.0,697,695,0,0,695,678,,2,0,0,2,17
2020-08-10,US,Florida,Union,374,5,0,30.04412971,-82.37497443,12125.0,2454.551420883376,1.3368983957219251,369,310,5,0,305,297,14940,64,0,0,64,13
2020-08-10,US,Florida,Volusia,7960,135,0,29.05858895,-81.18263252,12127.0,1438.6824849444406,1.6959798994974875,7825,7876,135,0,7741,7779,547538,84,0,0,84,97
2020-08-10,US,Florida,Wakulla,707,4,0,30.16548905,-84.39895211,12129.0,2095.4977918729073,0.5657708628005658,703,692,4,0,688,680,32461,15,0,0,15,12
2020-08-10,US,Florida,Walton,1414,15,0,30.64204028,-86.16935664,12131.0,1908.97922263774,1.0608203677510608,1399,1408,15,0,1393,1383,71375,6,0,0,6,25
2020-08-10,US,Florida,Washington,872,14,0,30.61359259,-85.66002461,12133.0,3423.232442193695,1.6055045871559632,858,867,14,0,853,839,24880,5,0,0,5,28
2020-08-10,US,Georgia,Appling,678,19,0,31.74847232,-82.28909114,13001.0,3687.588382464919,2.8023598820059004,659,671,19,0,652,645,18507,7,0,0,7,26
2020-08-10,US,Georgia,Atkinson,320,2,0,31.29633502,-82.87545866,13003.0,3919.167176974893,0.625,318,319,2,0,317,317,8297,1,0,0,1,2
2020-08-10,US,Georgia,Bacon,438,8,0,31.55456473,-82.45936528,13005.0,3923.3249731279107,1.8264840182648399,430,437,8,0,429,433,11185,1,0,0,1,4
2020-08-10,US,Georgia,Baker,63,3,0,31.32669878,-84.44218806,13007.0,2073.7327188940094,4.761904761904762,60,63,3,0,60,63,3092,0,0,0,0,0
2020-08-10,US,Georgia,Baldwin,1051,39,0,33.06882326,-83.24701748,13009.0,2341.278681220762,3.7107516650808754,1012,1048,39,0,1009,1035,44823,3,0,0,3,13
2020-08-10,US,Georgia,Banks,271,4,0,34.35607081,-83.49644388,13011.0,1408.9632941665802,1.4760147601476017,267,271,4,0,267,270,18988,0,0,0,0,1
2020-08-10,US,Georgia,Barrow,1296,32,0,33.99148694,-83.71436292,13013.0,1556.9437770302738,2.469135802469136,1264,1289,32,0,1257,1278,80809,7,0,0,7,11
2020-08-10,US,Georgia,Bartow,1885,63,0,34.23732119,-84.83887523,13015.0,1749.6148062893315,3.342175066312997,1822,1868,62,0,1806,1853,106408,17,1,0,16,15
2020-08-10,US,Georgia,Ben Hill,452,4,0,31.76095874,-83.22145359,13017.0,2706.586826347305,0.8849557522123894,448,436,4,0,432,416,16787,16,0,0,16,20
2020-08-10,US,Georgia,Berrien,295,0,0,31.27590016,-83.22529920000002,13019.0,1520.8537402691138,0.0,295,295,0,0,295,289,19252,0,0,0,0,6
2020-08-10,US,Georgia,Bibb,3645,68,0,32.80904227,-83.70489165,13021.0,2379.8797328266705,1.8655692729766804,3577,3616,68,0,3548,3554,153095,29,0,0,29,62
2020-08-10,US,Georgia,Bleckley,242,9,0,32.43829035,-83.33035166,13023.0,1879.9036743571814,3.71900826446281,233,227,9,0,218,184,12838,15,0,0,15,43
2020-08-10,US,Georgia,Brantley,251,5,0,31.19576557,-81.97743999,13025.0,1313.5171908524778,1.99203187250996,246,249,5,0,244,244,18897,2,0,0,2,5
2020-08-10,US,Georgia,Brooks,413,18,0,30.83922642,-83.58303423,13027.0,2671.9285760496864,4.358353510895884,395,412,18,0,394,408,15513,1,0,0,1,4
2020-08-10,US,Georgia,Bryan,661,8,0,32.00979311,-81.44002948,13029.0,1668.0546092310801,1.2102874432677762,653,657,8,0,649,651,38109,4,0,0,4,6
2020-08-10,US,Georgia,Bulloch,1304,14,0,32.39577406,-81.74811421,13031.0,1638.0263290121595,1.0736196319018405,1290,1262,14,0,1248,1242,77296,42,0,0,42,20
2020-08-10,US,Georgia,Burke,470,7,0,33.05917989,-81.99928721,13033.0,2099.8078899164543,1.4893617021276595,463,467,7,0,460,462,22423,3,0,0,3,5
2020-08-10,US,Georgia,Butts,497,38,0,33.283094500000004,-83.95435040000002,13035.0,1993.1023419955088,7.645875251509055,459,490,37,0,453,487,24193,7,1,0,6,3
2020-08-10,US,Georgia,Calhoun,203,6,0,31.53169785,-84.62725131,13037.0,3280.012926159315,2.955665024630542,197,203,6,0,197,203,6352,0,0,0,0,0
2020-08-10,US,Georgia,Camden,762,5,0,30.92951916,-81.66601818,13039.0,1393.9194380419274,0.6561679790026247,757,737,5,0,732,730,53677,25,0,0,25,7
2020-08-10,US,Georgia,Candler,260,4,0,32.40209349,-82.07702563,13043.0,2406.7388688327314,1.5384615384615383,256,254,4,0,250,252,10836,6,0,0,6,2
2020-08-10,US,Georgia,Carroll,1894,50,0,33.58138199,-85.07976677,13045.0,1578.438562570838,2.6399155227032733,1844,1881,49,0,1832,1862,118121,13,1,0,12,19
2020-08-10,US,Georgia,Catoosa,637,9,0,34.89872298,-85.13757014,13047.0,942.5865640722106,1.41287284144427,628,637,9,0,628,631,67420,0,0,0,0,6
2020-08-10,US,Georgia,Charlton,437,3,0,30.78371028,-82.13951596,13049.0,3263.142174432497,0.6864988558352403,434,425,3,0,422,417,12968,12,0,0,12,8
2020-08-10,US,Georgia,Chatham,5764,75,0,32.00043026,-81.12489526,13051.0,1991.5005355353626,1.30117973629424,5689,5703,75,0,5628,5665,289195,61,0,0,61,38
2020-08-10,US,Georgia,Chattahoochee,761,2,0,32.34341231,-84.78809239,13053.0,6977.170624369671,0.2628120893561104,759,761,2,0,759,759,10684,0,0,0,0,2
2020-08-10,US,Georgia,Chattooga,267,3,0,34.47197698,-85.34535662,13055.0,1077.0906450441728,1.1235955056179776,264,266,3,0,263,255,24790,1,0,0,1,11
2020-08-10,US,Georgia,Cherokee,3535,64,0,34.24393976,-84.47431861,13057.0,1366.0621471328152,1.8104667609618104,3471,3462,63,0,3399,3398,254149,73,1,0,72,64
2020-08-10,US,Georgia,Clarke,2081,18,0,33.95436462,-83.37124007,13059.0,1621.5879249752595,0.8649687650168189,2063,2047,18,0,2029,2027,127330,34,0,0,34,20
2020-08-10,US,Georgia,Clay,86,2,0,31.62221166,-84.97713865,13061.0,3034.5800988002825,2.3255813953488373,84,86,2,0,84,86,2887,0,0,0,0,0
2020-08-10,US,Georgia,Clayton,5059,110,0,33.54187245,-84.35594188,13063.0,1731.0166429431727,2.1743427554852737,4949,5006,110,0,4896,4952,289615,53,0,0,53,54
2020-08-10,US,Georgia,Clinch,200,4,0,30.91395822,-82.70432472,13065.0,3022.061045633122,2.0,196,196,4,0,192,192,6648,4,0,0,4,4
2020-08-10,US,Georgia,Cobb,13729,320,0,33.94243204,-84.5761255,13067.0,1806.112287062532,2.330832544249399,13409,13564,319,0,13245,13336,756865,165,1,0,164,228
2020-08-10,US,Georgia,Coffee,1468,29,0,31.54892966,-82.85492059999999,13069.0,3392.415594019365,1.9754768392370567,1439,1462,28,0,1434,1447,43093,6,1,0,5,15
2020-08-10,US,Georgia,Colquitt,1555,24,0,31.18810588,-83.7677946,13071.0,3410.0877192982452,1.5434083601286173,1531,1546,23,0,1523,1537,45592,9,1,0,8,9
2020-08-10,US,Georgia,Columbia,2284,24,0,33.54534185,-82.263524,13073.0,1457.4320099033912,1.0507880910683012,2260,2241,23,0,2218,2188,154291,43,1,0,42,53
2020-08-10,US,Georgia,Cook,440,6,0,31.16068491,-83.42947229,13075.0,2547.7707006369433,1.3636363636363635,434,438,6,0,432,432,17162,2,0,0,2,6
2020-08-10,US,Georgia,Coweta,1514,22,0,33.35334302,-84.76129976,13077.0,1019.4668336599127,1.4531043593130781,1492,1503,22,0,1481,1485,145864,11,0,0,11,18
2020-08-10,US,Georgia,Crawford,104,0,0,32.71391813,-83.98061238,13079.0,838.4392131570461,0.0,104,102,0,0,102,102,12318,2,0,0,2,0
2020-08-10,US,Georgia,Crisp,385,14,0,31.92289565,-83.76811843,13081.0,1720.90112640801,3.636363636363636,371,374,14,0,360,374,22601,11,0,0,11,0
2020-08-10,US,Georgia,Dade,127,1,0,34.854916700000004,-85.50490424,13083.0,788.0367336808141,0.7874015748031497,126,126,1,0,125,125,16226,1,0,0,1,1
2020-08-10,US,Georgia,Dawson,378,3,0,34.44244079,-84.16964071,13085.0,1447.832082120423,0.7936507936507936,375,377,3,0,374,369,25083,1,0,0,1,8
2020-08-10,US,Georgia,DeKalb,14047,238,0,33.76944049,-84.22396017,13089.0,1850.0007243542386,1.6943119527301205,13809,13923,237,0,13686,13752,756558,124,1,0,123,171
2020-08-10,US,Georgia,Decatur,797,11,0,30.87967778,-84.57619536,13087.0,3018.482048174519,1.3801756587202008,786,793,11,0,782,770,26575,4,0,0,4,23
2020-08-10,US,Georgia,Dodge,221,3,0,32.17265114,-83.16948926,13091.0,1072.5552050473186,1.3574660633484164,218,221,3,0,218,210,20705,0,0,0,0,11
2020-08-10,US,Georgia,Dooly,254,14,0,32.15630737,-83.79746561,13093.0,1896.938013442868,5.511811023622046,240,252,14,0,238,252,13706,2,0,0,2,0
2020-08-10,US,Georgia,Dougherty,2732,171,0,31.53328528,-84.21722377,13095.0,3106.098503797353,6.259150805270864,2561,2694,170,0,2524,2684,91243,38,1,0,37,10
2020-08-10,US,Georgia,Douglas,2678,51,0,33.70291126,-84.77026156,13097.0,1829.947452218419,1.904406273338312,2627,2635,51,0,2584,2602,145331,43,0,0,43,33
2020-08-10,US,Georgia,Early,360,32,0,31.32155345,-84.90255207,13099.0,3532.8753680078507,8.888888888888891,328,360,32,0,328,359,10247,0,0,0,0,1
2020-08-10,US,Georgia,Echols,222,2,0,30.71101099,-82.89687287,13101.0,5541.687468796806,0.9009009009009008,220,222,2,0,220,221,4000,0,0,0,0,1
2020-08-10,US,Georgia,Effingham,745,2,0,32.36616021,-81.34280942,13103.0,1158.703496329476,0.2684563758389262,743,727,2,0,725,719,62190,18,0,0,18,8
2020-08-10,US,Georgia,Elbert,360,1,0,34.11302332,-82.83936148,13105.0,1875.5861206627071,0.2777777777777778,359,358,1,0,357,354,19120,2,0,0,2,4
2020-08-10,US,Georgia,Emanuel,513,10,0,32.59221302,-82.30239915,13107.0,2265.300715358121,1.9493177387914231,503,511,9,0,502,501,22612,2,1,0,1,10
2020-08-10,US,Georgia,Evans,261,1,0,32.15328841,-81.8870105,13109.0,2449.784118640886,0.3831417624521073,260,250,1,0,249,249,10721,11,0,0,11,1
2020-08-10,US,Georgia,Fannin,335,3,0,34.86430205,-84.316964,13111.0,1279.211852756988,0.8955223880597015,332,334,3,0,331,329,25964,1,0,0,1,5
2020-08-10,US,Georgia,Fayette,1131,29,0,33.41357794,-84.49089434,13113.0,988.4549164926019,2.5641025641025643,1102,1120,28,0,1092,1100,113459,11,1,0,10,20
2020-08-10,US,Georgia,Floyd,1517,17,0,34.26268279,-85.21577392,13115.0,1540.132794574509,1.1206328279499012,1500,1504,17,0,1487,1488,97927,13,0,0,13,16
2020-08-10,US,Georgia,Forsyth,2293,22,0,34.22604035,-84.12315129999998,13117.0,938.7845340058627,0.9594417793283908,2271,2270,22,0,2248,2224,236612,23,0,0,23,46
2020-08-10,US,Georgia,Franklin,406,6,0,34.37525597,-83.23159927,13119.0,1738.8324981797934,1.477832512315271,400,401,6,0,395,396,23023,5,0,0,5,5
2020-08-10,US,Georgia,Fulton,20468,433,0,33.79216944,-84.46319413,13121.0,1923.7981196255041,2.115497361735392,20035,20276,430,0,19846,20049,1050114,192,3,0,189,227
2020-08-10,US,Georgia,Gilmer,633,4,0,34.69316688,-84.45802506,13123.0,2017.9157767222416,0.631911532385466,629,620,4,0,616,616,30816,13,0,0,13,4
2020-08-10,US,Georgia,Glascock,25,0,0,33.22879932,-82.61297636,13125.0,841.4675193537529,0.0,25,24,0,0,24,24,2995,1,0,0,1,0
2020-08-10,US,Georgia,Glynn,2557,47,0,31.23279254,-81.53811412,13127.0,2997.936500492426,1.8380915134923737,2510,2533,47,0,2486,2487,85219,24,0,0,24,46
2020-08-10,US,Georgia,Gordon,1193,23,0,34.50487351,-84.87296253,13129.0,2058.2095474699377,1.9279128248114,1170,1183,23,0,1160,1171,57685,10,0,0,10,12
2020-08-10,US,Georgia,Grady,493,5,0,30.87454847,-84.23418364,13131.0,2001.3802622498279,1.0141987829614605,488,480,5,0,475,476,24748,13,0,0,13,4
2020-08-10,US,Georgia,Greene,313,12,0,33.5769205,-83.17139104,13133.0,1708.142327002838,3.8338658146964857,301,308,12,0,296,308,17698,5,0,0,5,0
2020-08-10,US,Georgia,Gwinnett,19971,262,0,33.96044201,-84.02137802,13135.0,2133.0841121495328,1.311902258274498,19709,19808,260,0,19548,19548,927781,163,2,0,161,260
2020-08-10,US,Georgia,Habersham,1145,49,0,34.63331566,-83.53094677,13137.0,2526.032474408754,4.279475982532752,1096,1141,49,0,1092,1135,45388,4,0,0,4,6
2020-08-10,US,Georgia,Hall,6114,91,0,34.32207823,-83.81896936,13139.0,2990.5938632661737,1.4883873078181225,6023,6080,91,0,5989,6035,202148,34,0,0,34,45
2020-08-10,US,Georgia,Hancock,318,35,0,33.2721566,-82.99766919,13141.0,3760.1986520042574,11.0062893081761,283,318,35,0,283,315,8348,0,0,0,0,3
2020-08-10,US,Georgia,Haralson,222,6,0,33.79602175,-85.21005667,13143.0,745.1664876476907,2.702702702702702,216,213,6,0,207,208,29533,9,0,0,9,5
2020-08-10,US,Georgia,Harris,657,17,0,32.73709786,-84.90538572,13145.0,1864.570325803156,2.5875190258751903,640,656,17,0,639,652,34475,1,0,0,1,4
2020-08-10,US,Georgia,Hart,310,7,0,34.34626973,-82.96567682,13147.0,1182.9803472619728,2.2580645161290325,303,305,7,0,298,300,26099,5,0,0,5,5
2020-08-10,US,Georgia,Heard,143,4,0,33.29686567,-85.12886832,13149.0,1199.3625765327515,2.797202797202797,139,143,4,0,139,142,11879,0,0,0,0,1
2020-08-10,US,Georgia,Henry,3411,47,0,33.4533428,-84.14814659999998,13151.0,1454.2059421642984,1.3778950454412195,3364,3364,47,0,3317,3320,230220,47,0,0,47,44
2020-08-10,US,Georgia,Houston,1992,60,0,32.45802497,-83.66879087,13153.0,1261.8536325801485,3.0120481927710845,1932,1976,59,0,1917,1948,155469,16,1,0,15,28
2020-08-10,US,Georgia,Irwin,167,1,0,31.60213036,-83.27501387,13155.0,1773.5768903993203,0.5988023952095808,166,167,1,0,166,166,9398,0,0,0,0,1
2020-08-10,US,Georgia,Jackson,1070,16,0,34.13794553,-83.56814788,13157.0,1466.2153829288682,1.4953271028037385,1054,1063,16,0,1047,1059,70422,7,0,0,7,4
2020-08-10,US,Georgia,Jasper,164,1,0,33.31535543,-83.68844964,13159.0,1153.3863140867852,0.6097560975609756,163,162,1,0,161,161,14040,2,0,0,2,1
2020-08-10,US,Georgia,Jeff Davis,457,8,0,31.80405727,-82.63724870000001,13161.0,3023.486602712537,1.7505470459518602,449,451,8,0,443,436,15029,6,0,0,6,15
2020-08-10,US,Georgia,Jefferson,504,8,0,33.05867328,-82.41609057,13163.0,3280.822809530009,1.5873015873015872,496,497,7,0,490,485,15430,7,1,0,6,12
2020-08-10,US,Georgia,Jenkins,244,24,0,32.79248718,-81.96040187,13165.0,2812.355924389119,9.836065573770492,220,244,24,0,220,243,8683,0,0,0,0,1
2020-08-10,US,Georgia,Johnson,241,11,0,32.70211082,-82.66166794,13167.0,2499.222233744685,4.564315352697094,230,241,11,0,230,240,9708,0,0,0,0,1
2020-08-10,US,Georgia,Jones,309,3,0,33.02512137,-83.56019163,13169.0,1075.3436575604662,0.9708737864077671,306,306,3,0,303,302,28616,3,0,0,3,4
2020-08-10,US,Georgia,Lamar,275,12,0,33.07841647,-84.14263877,13171.0,1441.5264454578812,4.363636363636363,263,274,12,0,262,273,19000,1,0,0,1,1
2020-08-10,US,Georgia,Lanier,219,4,0,31.03828570000001,-83.06472457,13173.0,2101.122517509354,1.8264840182648399,215,219,4,0,215,219,10340,0,0,0,0,0
2020-08-10,US,Georgia,Laurens,951,9,0,32.46325233,-82.92221316,13175.0,2000.1682581079376,0.946372239747634,942,910,8,0,902,886,47325,41,1,0,40,24
2020-08-10,US,Georgia,Lee,544,22,0,31.779330600000005,-84.14324253,13177.0,1813.8170178714324,4.044117647058823,522,539,22,0,517,535,29764,5,0,0,5,4
2020-08-10,US,Georgia,Liberty,727,3,0,31.82588896,-81.49251135,13179.0,1183.364531618784,0.4126547455295736,724,720,3,0,717,713,61497,7,0,0,7,7
2020-08-10,US,Georgia,Lincoln,143,4,0,33.79201475,-82.45024131,13181.0,1805.3276101502336,2.797202797202797,139,141,4,0,137,137,7915,2,0,0,2,4
2020-08-10,US,Georgia,Long,129,1,0,31.75218791,-81.74952375,13183.0,659.5429214172502,0.7751937984496124,128,126,1,0,125,123,18998,3,0,0,3,3
2020-08-10,US,Georgia,Lowndes,3193,44,0,30.83568832,-83.27056716,13185.0,2719.622506515851,1.3780144065142501,3149,3178,44,0,3134,3156,116321,15,0,0,15,22
2020-08-10,US,Georgia,Lumpkin,344,6,0,34.57286511,-84.00425681,13187.0,1023.5049092531984,1.7441860465116281,338,342,6,0,336,339,32955,2,0,0,2,3
2020-08-10,US,Georgia,Macon,177,10,0,32.35207048,-84.04234127,13193.0,1367.11207229474,5.649717514124294,167,177,10,0,167,177,13143,0,0,0,0,0
2020-08-10,US,Georgia,Madison,403,6,0,34.12920917,-83.21218732,13195.0,1348.7282463186075,1.488833746898263,397,394,6,0,388,392,29650,9,0,0,9,2
2020-08-10,US,Georgia,Marion,150,5,0,32.3483402,-84.52733571,13197.0,1794.4730230888865,3.333333333333333,145,150,5,0,145,150,8351,0,0,0,0,0
2020-08-10,US,Georgia,McDuffie,356,10,0,33.47851918,-82.48252774,13189.0,1670.4204204204204,2.808988764044944,346,352,10,0,342,338,21531,4,0,0,4,14
2020-08-10,US,Georgia,McIntosh,187,2,0,31.49683595,-81.40163426,13191.0,1300.598136041174,1.0695187165775402,185,184,2,0,182,174,14340,3,0,0,3,10
2020-08-10,US,Georgia,Meriwether,396,6,0,33.04163534,-84.68859732,13199.0,1870.836679737327,1.5151515151515151,390,390,6,0,384,384,21068,6,0,0,6,6
2020-08-10,US,Georgia,Miller,143,0,0,31.16568912,-84.73151117,13201.0,2500.8744316194475,0.0,143,143,0,0,143,142,5686,0,0,0,0,1
2020-08-10,US,Georgia,Mitchell,652,41,0,31.22483255,-84.19381821,13205.0,2982.207382335453,6.288343558282207,611,650,41,0,609,648,22192,2,0,0,2,2
2020-08-10,US,Georgia,Monroe,460,25,0,33.014289,-83.92097166,13207.0,1667.9962288780912,5.434782608695652,435,461,26,0,435,453,27520,-1,-1,0,0,8
2020-08-10,US,Georgia,Montgomery,155,2,0,32.17201038,-82.53527476,13209.0,1689.9258613170514,1.2903225806451613,153,153,2,0,151,150,9193,2,0,0,2,3
2020-08-10,US,Georgia,Morgan,279,0,0,33.59232073,-83.49129491,13211.0,1447.395725254202,0.0,279,274,0,0,274,271,18853,5,0,0,5,3
2020-08-10,US,Georgia,Murray,608,2,0,34.78897608,-84.74993177,13213.0,1516.3607342378293,0.32894736842105265,606,604,2,0,602,589,39921,4,0,0,4,15
2020-08-10,US,Georgia,Muscogee,4780,98,0,32.50931999,-84.87142262,13215.0,2441.6531728721093,2.0502092050209204,4682,4748,96,0,4652,4685,194160,32,2,0,30,63
2020-08-10,US,Georgia,Newton,1823,40,0,33.55514538,-83.84547140000002,13217.0,1631.4075028636883,2.1941854086670323,1783,1787,40,0,1747,1764,109541,36,0,0,36,23
2020-08-10,US,Georgia,Oconee,441,15,0,33.83749973,-83.43679568,13219.0,1094.8361469712017,3.4013605442176873,426,437,15,0,422,432,39272,4,0,0,4,5
2020-08-10,US,Georgia,Oglethorpe,218,7,0,33.878629600000004,-83.08278123,13221.0,1428.665050134347,3.2110091743119265,211,214,7,0,207,214,15054,4,0,0,4,0
2020-08-10,US,Georgia,Out of GA,16749,91,0,0.0,0.0,80013.0,0.0,0.543316018866798,16658,16449,91,0,16358,16119,,300,0,0,300,330
2020-08-10,US,Georgia,Paulding,1694,23,0,33.91969522,-84.86848792,13223.0,1004.3458412137526,1.3577331759149942,1671,1678,22,0,1656,1651,164044,16,1,0,15,27
2020-08-10,US,Georgia,Peach,387,14,0,32.56934316,-83.82937,13225.0,1404.9226747985188,3.617571059431525,373,385,14,0,371,374,27297,2,0,0,2,11
2020-08-10,US,Georgia,Pickens,390,5,0,34.46589159,-84.46406611,13227.0,1196.6493817311527,1.2820512820512822,385,380,5,0,375,369,31980,10,0,0,10,11
2020-08-10,US,Georgia,Pierce,410,8,0,31.35928155,-82.21598442,13229.0,2106.344721294631,1.951219512195122,402,400,8,0,392,398,19389,10,0,0,10,2
2020-08-10,US,Georgia,Pike,216,4,0,33.09310242,-84.38790389,13231.0,1139.1203459550682,1.851851851851852,212,215,4,0,211,210,18634,1,0,0,1,5
2020-08-10,US,Georgia,Polk,808,11,0,34.00267074,-85.18677781,13233.0,1896.134982282402,1.3613861386138617,797,802,11,0,791,789,42470,6,0,0,6,13
2020-08-10,US,Georgia,Pulaski,123,2,0,32.23334561,-83.47549959999998,13235.0,1104.4266858220346,1.6260162601626016,121,115,2,0,113,100,11069,8,0,0,8,15
2020-08-10,US,Georgia,Putnam,430,18,0,33.32056115,-83.37552891,13237.0,1944.0300194403005,4.186046511627906,412,428,18,0,410,424,21809,2,0,0,2,4
2020-08-10,US,Georgia,Quitman,30,1,0,31.86728114,-85.01773177,13239.0,1304.9151805132667,3.333333333333333,29,29,1,0,28,29,2279,1,0,0,1,0
2020-08-10,US,Georgia,Rabun,215,3,0,34.88389445,-83.40304637,13241.0,1254.5953200676895,1.3953488372093024,212,215,3,0,212,215,16867,0,0,0,0,0
2020-08-10,US,Georgia,Randolph,272,26,0,31.76622818,-84.75732369,13243.0,4012.9831808793156,9.558823529411764,246,271,26,0,245,270,6833,1,0,0,1,1
2020-08-10,US,Georgia,Richmond,4412,90,0,33.35777107,-82.07026432,13245.0,2178.5717812737635,2.0398912058023573,4322,4355,90,0,4265,4218,201554,57,0,0,57,137
2020-08-10,US,Georgia,Rockdale,1347,18,0,33.65145002,-84.02202167,13247.0,1481.9133955289562,1.33630289532294,1329,1318,17,0,1301,1302,90594,29,1,0,28,16
2020-08-10,US,Georgia,Schley,68,1,0,32.2654021,-84.31258912,13249.0,1293.513410690508,1.4705882352941178,67,66,1,0,65,66,5236,2,0,0,2,0
2020-08-10,US,Georgia,Screven,210,9,0,32.74976524,-81.60779441,13251.0,1503.6517256193613,4.285714285714286,201,198,9,0,189,195,13938,12,0,0,12,3
2020-08-10,US,Georgia,Seminole,196,4,0,30.93464824,-84.86823924,13253.0,2422.744128553769,2.0408163265306123,192,196,4,0,192,196,8315,0,0,0,0,0
2020-08-10,US,Georgia,Spalding,949,41,0,33.26310031,-84.28013991,13255.0,1422.7246150847784,4.3203371970495255,908,937,41,0,896,931,66100,12,0,0,12,6
2020-08-10,US,Georgia,Stephens,623,12,0,34.55151201,-83.29405315,13257.0,2403.085824493732,1.9261637239165332,611,621,12,0,609,611,26035,2,0,0,2,10
2020-08-10,US,Georgia,Stewart,255,7,0,32.07996777,-84.83208037,13259.0,3851.3819664703215,2.7450980392156863,248,255,7,0,248,255,6199,0,0,0,0,0
2020-08-10,US,Georgia,Sumter,768,56,0,32.03650571,-84.19821492,13261.0,2601.273540170709,7.291666666666668,712,762,56,0,706,757,29733,6,0,0,6,5
2020-08-10,US,Georgia,Talbot,138,3,0,32.69642758,-84.53351366,13263.0,2227.6029055690074,2.1739130434782608,135,138,3,0,135,136,6272,0,0,0,0,2
2020-08-10,US,Georgia,Taliaferro,13,0,0,33.56543317,-82.88136816,13265.0,845.8035133376708,0.0,13,13,0,0,13,13,1608,0,0,0,0,0
2020-08-10,US,Georgia,Tattnall,511,1,0,32.04785085,-82.05539188,13267.0,2020.8811199873446,0.19569471624266144,510,502,1,0,501,494,25391,9,0,0,9,8
2020-08-10,US,Georgia,Taylor,88,2,0,32.55792548,-84.25077141,13269.0,1097.2568578553617,2.272727272727273,86,87,2,0,85,82,8039,1,0,0,1,5
2020-08-10,US,Georgia,Telfair,281,10,0,31.92829517,-82.93491155,13271.0,1771.7528373266073,3.5587188612099645,271,278,9,0,269,278,15876,3,1,0,2,0
2020-08-10,US,Georgia,Terrell,302,30,0,31.77527543,-84.44069698,13273.0,3540.0304770835774,9.933774834437086,272,302,30,0,272,301,8611,0,0,0,0,1
2020-08-10,US,Georgia,Thomas,1125,42,0,30.86392347,-83.91847289,13275.0,2530.876695687386,3.733333333333333,1083,1123,42,0,1081,1109,44448,2,0,0,2,14
2020-08-10,US,Georgia,Tift,1345,39,0,31.45743864,-83.5236119,13277.0,3309.22153331365,2.899628252788103,1306,1333,36,0,1297,1321,40571,12,3,0,9,12
2020-08-10,US,Georgia,Toombs,759,8,0,32.12059861,-82.32957247,13279.0,2828.922847558703,1.0540184453227932,751,755,8,0,747,741,26887,4,0,0,4,14
2020-08-10,US,Georgia,Towns,144,1,0,34.91369188,-83.74107459999998,13281.0,1196.311373265764,0.6944444444444444,143,143,1,0,142,142,11852,1,0,0,1,1
2020-08-10,US,Georgia,Treutlen,129,3,0,32.40422134,-82.56904553,13283.0,1869.2943051731634,2.3255813953488373,126,124,3,0,121,118,6809,5,0,0,5,6
2020-08-10,US,Georgia,Troup,2298,69,0,33.03349196,-85.02812115,13285.0,3286.519264323103,3.0026109660574414,2229,2290,69,0,2221,2280,70034,8,0,0,8,10
2020-08-10,US,Georgia,Turner,250,18,0,31.71612656,-83.62069378,13287.0,3130.8703819661864,7.2,232,246,18,0,228,245,7912,4,0,0,4,1
2020-08-10,US,Georgia,Twiggs,121,3,0,32.67435595,-83.43078662,13289.0,1490.1477832512314,2.479338842975207,118,118,3,0,115,116,8188,3,0,0,3,2
2020-08-10,US,Georgia,Unassigned,2856,9,0,0.0,0.0,90013.0,0.0,0.3151260504201681,2847,2763,9,0,2754,2559,,93,0,0,93,204
2020-08-10,US,Georgia,Union,264,7,0,34.82995757,-83.98967069,13291.0,1077.0674391089715,2.6515151515151514,257,263,7,0,256,260,24001,1,0,0,1,3
2020-08-10,US,Georgia,Upson,541,46,0,32.87920671,-84.30024826,13293.0,2055.471124620061,8.502772643253234,495,535,46,0,489,523,26215,6,0,0,6,12
2020-08-10,US,Georgia,Walker,710,17,0,34.73376362,-85.30165174,13295.0,1017.760639899084,2.3943661971830985,693,705,17,0,688,684,69410,5,0,0,5,21
2020-08-10,US,Georgia,Walton,1118,39,0,33.78017694,-83.73552314,13297.0,1181.905637837895,3.4883720930232562,1079,1113,39,0,1074,1103,93503,5,0,0,5,10
2020-08-10,US,Georgia,Ware,1153,29,0,31.05449097,-82.42224148,13299.0,3226.618906363687,2.515177797051171,1124,1144,29,0,1115,1135,35680,9,0,0,9,9
2020-08-10,US,Georgia,Warren,79,1,0,33.41146451,-82.67795848,13301.0,1503.6162923486868,1.2658227848101269,78,77,1,0,76,75,5251,2,0,0,2,2
2020-08-10,US,Georgia,Washington,479,2,0,32.96711864,-82.79357039,13303.0,2351.0356336507307,0.4175365344467641,477,475,2,0,473,458,20386,4,0,0,4,17
2020-08-10,US,Georgia,Wayne,785,9,0,31.5521809,-81.91894878,13305.0,2623.049420255956,1.1464968152866242,776,773,8,0,765,736,29808,12,1,0,11,37
2020-08-10,US,Georgia,Webster,39,2,0,32.04066113,-84.54742852,13307.0,1495.9723820483316,5.128205128205129,37,39,2,0,37,39,2611,0,0,0,0,0
2020-08-10,US,Georgia,Wheeler,94,1,0,32.12009104,-82.72574721,13309.0,1196.6900063653725,1.0638297872340423,93,91,1,0,90,91,7879,3,0,0,3,0
2020-08-10,US,Georgia,White,353,5,0,34.64624278,-83.74905525,13311.0,1146.1783232677444,1.4164305949008498,348,353,5,0,348,353,29970,0,0,0,0,0
2020-08-10,US,Georgia,Whitfield,3549,32,0,34.80987459,-84.96093476,13313.0,3392.0174331918797,0.9016624401239786,3517,3527,30,0,3497,3496,104062,22,2,0,20,31
2020-08-10,US,Georgia,Wilcox,184,19,0,31.97496928,-83.43438555,13315.0,2130.862767805443,10.326086956521738,165,181,19,0,162,181,8812,3,0,0,3,0
2020-08-10,US,Georgia,Wilkes,193,4,0,33.78290391,-82.74286107,13317.0,1974.0206607343769,2.0725388601036268,189,193,4,0,189,189,9876,0,0,0,0,4
2020-08-10,US,Georgia,Wilkinson,215,11,0,32.80291082,-83.17140684,13319.0,2401.161492070583,5.116279069767441,204,215,11,0,204,211,9036,0,0,0,0,4
2020-08-10,US,Georgia,Worth,449,23,0,31.55162306,-83.85090513,13321.0,2217.6124858003654,5.122494432071268,426,447,23,0,424,444,20299,2,0,0,2,3
2020-08-10,US,Hawaii,Hawaii,131,0,0,19.60121157,-155.5210167,15001.0,65.00821286964117,0.0,131,131,0,0,131,128,200983,0,0,0,0,3
2020-08-10,US,Hawaii,Honolulu,3249,27,0,21.45803166,-157.97121819999995,15003.0,333.3801919424398,0.8310249307479224,3222,3111,24,0,3087,2964,980080,138,3,0,135,147
2020-08-10,US,Hawaii,Kauai,49,0,0,22.03935037,-159.5966786,15007.0,67.77972971103704,0.0,49,48,0,0,48,47,72133,1,0,0,1,1
2020-08-10,US,Hawaii,Maui,186,6,0,20.86399628,-156.56890969999995,15009.0,111.09982857176986,3.2258064516129035,180,185,6,0,179,184,167207,1,0,0,1,1
2020-08-10,US,Hawaii,Out of HI,23,1,0,0.0,0.0,80015.0,0.0,4.3478260869565215,22,23,1,0,22,23,,0,0,0,0,0
2020-08-10,US,Idaho,Ada,9144,83,0,43.4526575,-116.24155159999998,16001.0,1898.7223492328487,0.9076990376202976,9061,8949,81,0,8868,8932,469966,195,2,0,193,17
2020-08-10,US,Idaho,Adams,19,0,0,44.89333571,-116.4545247,16003.0,442.4778761061947,0.0,19,19,0,0,19,19,4250,0,0,0,0,0
2020-08-10,US,Idaho,Bannock,400,2,0,42.67002716,-112.2233311,16005.0,455.5393586005831,0.5,398,391,2,0,389,391,87138,9,0,0,9,0
2020-08-10,US,Idaho,Bear Lake,17,0,0,42.28269683,-111.32892379999998,16007.0,277.55102040816325,0.0,17,15,0,0,15,15,6050,2,0,0,2,0
2020-08-10,US,Idaho,Benewah,64,0,0,47.21754179,-116.6586851,16009.0,688.3200688320069,0.0,64,64,0,0,64,64,9226,0,0,0,0,0
2020-08-10,US,Idaho,Bingham,254,2,0,43.21672879999999,-112.3978437,16011.0,542.6075067825939,0.7874015748031497,252,244,2,0,242,243,46236,10,0,0,10,1
2020-08-10,US,Idaho,Blaine,577,6,0,43.4085812,-113.9752658,16013.0,2506.407193432084,1.0398613518197577,571,576,6,0,570,575,22601,1,0,0,1,1
2020-08-10,US,Idaho,Boise,50,1,0,43.98829931,-115.7309284,16015.0,638.4880602732728,2.0,49,48,1,0,47,48,7634,2,0,0,2,0
2020-08-10,US,Idaho,Bonner,183,0,0,48.29996017,-116.6017932,16017.0,400.09619799296013,0.0,183,183,0,0,183,183,44727,0,0,0,0,0
2020-08-10,US,Idaho,Bonneville,1075,4,0,43.38713372,-111.6161537,16019.0,902.8909307755624,0.372093023255814,1071,1052,4,0,1048,1003,116854,23,0,0,23,49
2020-08-10,US,Idaho,Boundary,36,0,0,48.76684761,-116.4630179,16021.0,293.9975500204165,0.0,36,35,0,0,35,35,11948,1,0,0,1,0
2020-08-10,US,Idaho,Camas,1,0,0,43.46665742,-114.8065892,16025.0,90.41591320072331,0.0,1,1,0,0,1,1,1127,0,0,0,0,0
2020-08-10,US,Idaho,Canyon,5869,48,0,43.61970148,-116.70954990000001,16027.0,2553.4155032216804,0.8178565343329358,5821,5772,48,0,5724,5726,223499,97,0,0,97,46
2020-08-10,US,Idaho,Caribou,32,0,0,42.77149116,-111.5597683,16029.0,447.23969252271144,0.0,32,31,0,0,31,31,7060,1,0,0,1,0
2020-08-10,US,Idaho,Cassia,525,1,0,42.28347888,-113.6012409,16031.0,2184.769038701623,0.19047619047619047,524,518,1,0,517,516,23864,7,0,0,7,2
2020-08-10,US,Idaho,Clark,8,0,0,44.28496071,-112.35057040000001,16033.0,946.7455621301776,0.0,8,8,0,0,8,8,852,0,0,0,0,0
2020-08-10,US,Idaho,Clearwater,17,0,0,46.67459924,-115.6622393,16035.0,194.15258108725445,0.0,17,16,0,0,16,16,8758,1,0,0,1,0
2020-08-10,US,Idaho,Custer,10,0,0,44.24186819,-114.2855494,16037.0,231.74971031286208,0.0,10,10,0,0,10,10,4280,0,0,0,0,0
2020-08-10,US,Idaho,Elmore,213,3,0,43.3507101,-115.4701578,16039.0,774.235760241358,1.4084507042253518,210,212,3,0,209,212,27259,1,0,0,1,0
2020-08-10,US,Idaho,Franklin,52,0,0,42.18332217,-111.81496659999999,16041.0,374.7477659267801,0.0,52,51,0,0,51,51,13726,1,0,0,1,0
2020-08-10,US,Idaho,Fremont,85,0,0,44.22800938,-111.48099429999999,16043.0,648.9044965264524,0.0,85,84,0,0,84,79,13168,1,0,0,1,5
2020-08-10,US,Idaho,Gem,180,1,0,44.06482372,-116.398376,16045.0,993.8162544169612,0.5555555555555556,179,179,1,0,178,179,17634,1,0,0,1,0
2020-08-10,US,Idaho,Gooding,169,1,0,42.96927962,-114.81083059999999,16047.0,1113.380328084854,0.591715976331361,168,162,1,0,161,161,15196,7,0,0,7,1
2020-08-10,US,Idaho,Idaho,32,0,0,45.84721541,-115.4634436,16049.0,191.99616007679847,0.0,32,31,0,0,31,31,16513,1,0,0,1,0
2020-08-10,US,Idaho,Jefferson,201,1,0,43.82078483,-112.3131749,16051.0,672.8934417997389,0.4975124378109453,200,198,1,0,197,190,29439,3,0,0,3,8
2020-08-10,US,Idaho,Jerome,483,6,0,42.68891267,-114.2655033,16053.0,1978.5351466491888,1.2422360248447204,477,474,6,0,468,471,24015,9,0,0,9,3
2020-08-10,US,Idaho,Kootenai,1792,16,0,47.67282258,-116.7020872,16055.0,1081.4921211609144,0.8928571428571429,1776,1791,16,0,1775,1790,161505,1,0,0,1,1
2020-08-10,US,Idaho,Latah,102,0,0,46.81587887,-116.71136979999999,16057.0,254.31335394435027,0.0,102,99,0,0,99,99,40134,3,0,0,3,0
2020-08-10,US,Idaho,Lemhi,25,0,0,44.9438088,-113.9309747,16059.0,311.44886009717203,0.0,25,25,0,0,25,23,7961,0,0,0,0,2
2020-08-10,US,Idaho,Lewis,1,0,0,46.23315327,-116.434146,16061.0,26.055237102657642,0.0,1,1,0,0,1,1,3861,0,0,0,0,0
2020-08-10,US,Idaho,Lincoln,59,0,0,43.0012336,-114.1358773,16063.0,1099.5154677599699,0.0,59,56,0,0,56,56,5360,3,0,0,3,0
2020-08-10,US,Idaho,Madison,170,0,0,43.78141028,-111.65384740000002,16065.0,425.990427744506,0.0,170,165,0,0,165,162,39304,5,0,0,5,3
2020-08-10,US,Idaho,Minidoka,480,2,0,42.85518524,-113.6357257,16067.0,2281.477256523599,0.4166666666666667,478,478,2,0,476,475,20825,2,0,0,2,3
2020-08-10,US,Idaho,Nez Perce,161,19,0,46.32638236,-116.75009750000001,16069.0,398.4359532765789,11.801242236024844,142,159,19,0,140,158,40408,2,0,0,2,1
2020-08-10,US,Idaho,Oneida,14,0,0,42.19494279999999,-112.5407838,16071.0,308.9825645552858,0.0,14,13,0,0,13,13,4488,1,0,0,1,0
2020-08-10,US,Idaho,Owyhee,265,3,0,42.58016894,-116.16938710000001,16073.0,2241.393893258902,1.1320754716981132,262,263,3,0,260,262,11693,2,0,0,2,1
2020-08-10,US,Idaho,Payette,394,2,0,44.00545243,-116.7647695,16075.0,1645.025259905641,0.5076142131979695,392,384,2,0,382,384,23551,10,0,0,10,0
2020-08-10,US,Idaho,Power,57,0,0,42.69254894,-112.83957420000002,16077.0,742.0908735841687,0.0,57,55,0,0,55,55,7768,2,0,0,2,0
2020-08-10,US,Idaho,Shoshone,100,2,0,47.35364087,-115.89167490000001,16079.0,776.276975624903,2.0,98,100,2,0,98,96,12796,0,0,0,0,4
2020-08-10,US,Idaho,Teton,83,0,0,43.75303583,-111.2056773,16081.0,683.5776643057156,0.0,83,82,0,0,82,82,11640,1,0,0,1,0
2020-08-10,US,Idaho,Twin Falls,1430,32,0,42.35440512,-114.6685381,16083.0,1645.986325652064,2.2377622377622384,1398,1412,32,0,1380,1384,86081,18,0,0,18,28
2020-08-10,US,Idaho,Unassigned,5,0,0,0.0,0.0,90016.0,0.0,0.0,5,5,0,0,5,5,,0,0,0,0,0
2020-08-10,US,Idaho,Valley,61,1,0,44.76728382,-115.5676773,16085.0,535.4634831460675,1.639344262295082,60,59,1,0,58,59,11041,2,0,0,2,0
2020-08-10,US,Idaho,Washington,209,3,0,44.45275475,-116.78476880000001,16087.0,2050.2256229154405,1.4354066985645932,206,205,3,0,202,203,10161,4,0,0,4,2
2020-08-10,US,Illinois,Adams,542,5,0,39.98815591,-91.18786813,17001.0,828.3028960036678,0.922509225092251,537,519,5,0,514,517,65691,23,0,0,23,2
2020-08-10,US,Illinois,Alexander,37,0,0,37.18049267,-89.32910838,17003.0,642.2496094428051,0.0,37,37,0,0,37,37,6060,0,0,0,0,0
2020-08-10,US,Illinois,Bond,62,3,0,38.88829622,-89.43534887,17005.0,377.45038353829284,4.838709677419356,59,60,3,0,57,60,16630,2,0,0,2,0
2020-08-10,US,Illinois,Boone,766,23,0,42.32359279,-88.82345779,17007.0,1430.599133422979,3.0026109660574414,743,765,23,0,742,761,53577,1,0,0,1,4
2020-08-10,US,Illinois,Brown,14,0,0,39.96209138,-90.75068024,17009.0,212.8306476132563,0.0,14,14,0,0,14,13,6556,0,0,0,0,1
2020-08-10,US,Illinois,Bureau,215,3,0,41.40385234,-89.5283051,17011.0,658.9432389358833,1.3953488372093024,212,205,3,0,202,190,32993,10,0,0,10,15
2020-08-10,US,Illinois,Calhoun,10,0,0,39.16840183,-90.66330078,17013.0,211.01498206372653,0.0,10,9,0,0,9,9,4802,1,0,0,1,0
2020-08-10,US,Illinois,Carroll,59,4,0,42.06823429,-89.93395545,17015.0,412.4432016777352,6.779661016949151,55,56,4,0,52,54,14312,3,0,0,3,2
2020-08-10,US,Illinois,Cass,231,11,0,39.96991073,-90.24734436,17017.0,1901.7041244751792,4.761904761904762,220,231,11,0,220,230,12260,0,0,0,0,1
2020-08-10,US,Illinois,Champaign,1686,19,0,40.13919438,-88.20046615,17019.0,804.0478995083196,1.126927639383155,1667,1669,19,0,1650,1663,209983,17,0,0,17,6
2020-08-10,US,Illinois,Christian,143,4,0,39.54581621,-89.27780482,17021.0,442.6696384348688,2.797202797202797,139,142,4,0,138,137,32661,1,0,0,1,5
2020-08-10,US,Illinois,Clark,83,2,0,39.33425789,-87.78705622,17023.0,537.5299527232692,2.409638554216868,81,82,2,0,80,81,15596,1,0,0,1,1
2020-08-10,US,Illinois,Clay,23,0,0,38.75388572,-88.48914513,17025.0,174.45388349514562,0.0,23,23,0,0,23,23,13253,0,0,0,0,0
2020-08-10,US,Illinois,Clinton,411,17,0,38.60704876,-89.42385254,17027.0,1094.1909376497524,4.13625304136253,394,407,17,0,390,396,37639,4,0,0,4,11
2020-08-10,US,Illinois,Coles,487,20,0,39.51949084,-88.22358557,17029.0,962.0513225736355,4.106776180698152,467,472,20,0,452,474,50885,15,0,0,15,-2
2020-08-10,US,Illinois,Cook,111948,4928,0,41.84144849,-87.81658794,17031.0,2173.649231015373,4.402043806052809,107020,111447,4928,0,106519,110865,5180493,501,0,0,501,582
2020-08-10,US,Illinois,Crawford,29,0,0,39.0032229,-87.75954624,17033.0,155.354368671988,0.0,29,29,0,0,29,29,18807,0,0,0,0,0
2020-08-10,US,Illinois,Cumberland,57,3,0,39.27432424,-88.2401158,17035.0,529.4445476500093,5.2631578947368425,54,55,2,0,53,54,10808,2,1,0,1,1
2020-08-10,US,Illinois,De Witt,33,0,0,40.17514519,-88.90959682,17039.0,211.02442767617345,0.0,33,33,0,0,33,32,15769,0,0,0,0,1
2020-08-10,US,Illinois,DeKalb,938,30,0,41.89373302,-88.76958483,17037.0,894.2105112634297,3.1982942430703623,908,936,30,0,906,927,104143,2,0,0,2,9
2020-08-10,US,Illinois,Douglas,122,2,0,39.76768052,-88.21854195,17041.0,626.7659902388904,1.639344262295082,120,116,2,0,114,115,19479,6,0,0,6,1
2020-08-10,US,Illinois,DuPage,12312,520,0,41.85116968,-88.08642662,17043.0,1334.025339113532,4.223521767381417,11792,12233,520,0,11713,12155,928589,79,0,0,79,78
2020-08-10,US,Illinois,Edgar,29,0,0,39.6809186,-87.74759563,17045.0,168.98782122253945,0.0,29,28,0,0,28,29,17360,1,0,0,1,-1
2020-08-10,US,Illinois,Edwards,18,0,0,38.41353228,-88.05720863,17047.0,281.4698983580923,0.0,18,18,0,0,18,17,6392,0,0,0,0,1
2020-08-10,US,Illinois,Effingham,162,1,0,39.05935711,-88.58969584,17049.0,476.3585038814397,0.6172839506172839,161,155,1,0,154,150,34208,7,0,0,7,5
2020-08-10,US,Illinois,Fayette,67,3,0,39.00072038,-89.02452658,17051.0,314.02324709411323,4.477611940298506,64,66,3,0,63,65,21416,1,0,0,1,1
2020-08-10,US,Illinois,Ford,49,2,0,40.59706922,-88.22350769,17053.0,378.0572486690842,4.081632653061225,47,49,2,0,47,49,13264,0,0,0,0,0
2020-08-10,US,Illinois,Franklin,191,0,0,37.99189086,-88.92567818,17055.0,496.50367828641237,0.0,191,178,0,0,178,168,38701,13,0,0,13,10
2020-08-10,US,Illinois,Fulton,34,0,0,40.47289135,-90.20862357,17057.0,99.009900990099,0.0,34,33,0,0,33,33,34844,1,0,0,1,0
2020-08-10,US,Illinois,Gallatin,51,2,0,37.76430935,-88.22953869,17059.0,1056.338028169014,3.92156862745098,49,51,2,0,49,51,5058,0,0,0,0,0
2020-08-10,US,Illinois,Greene,58,0,0,39.35907414,-90.388865,17061.0,447.2202945485389,0.0,58,43,0,0,43,39,13044,15,0,0,15,4
2020-08-10,US,Illinois,Grundy,326,5,0,41.28569601,-88.41905692,17063.0,638.5395855368828,1.5337423312883436,321,323,5,0,318,316,50972,3,0,0,3,7
2020-08-10,US,Illinois,Hamilton,29,0,0,38.08163641,-88.53883373,17065.0,357.31887629374074,0.0,29,29,0,0,29,29,8163,0,0,0,0,0
2020-08-10,US,Illinois,Hancock,62,1,0,40.40423981,-91.16313899,17067.0,350.12423763270834,1.6129032258064515,61,53,1,0,52,53,17844,9,0,0,9,0
2020-08-10,US,Illinois,Hardin,18,0,0,37.51810645,-88.26873022,17069.0,471.08086888249153,0.0,18,18,0,0,18,18,3910,0,0,0,0,0
2020-08-10,US,Illinois,Henderson,13,0,0,40.81908672,-90.92491462,17071.0,195.60637977730968,0.0,13,12,0,0,12,12,6709,1,0,0,1,0
2020-08-10,US,Illinois,Henry,248,1,0,41.3533994,-90.13296166,17073.0,507.02267290904257,0.4032258064516129,247,234,1,0,233,234,49090,14,0,0,14,0
2020-08-10,US,Illinois,Iroquois,265,11,0,40.74717633,-87.82466784,17075.0,977.3548720218338,4.150943396226415,254,263,11,0,252,261,27604,2,0,0,2,2
2020-08-10,US,Illinois,Jackson,722,19,0,37.78595185,-89.38232563,17077.0,1272.2466960352424,2.631578947368421,703,717,19,0,698,708,57419,5,0,0,5,9
2020-08-10,US,Illinois,Jasper,59,7,0,39.01054275,-88.15437049,17079.0,613.9438085327782,11.864406779661017,52,59,7,0,52,58,9611,0,0,0,0,1
2020-08-10,US,Illinois,Jefferson,290,19,0,38.29980057,-88.9240025,17081.0,769.5573718288928,6.551724137931035,271,286,19,0,267,282,37820,4,0,0,4,4
2020-08-10,US,Illinois,Jersey,115,2,0,39.08869046,-90.35393073,17083.0,528.1771000780784,1.7391304347826086,113,105,2,0,103,104,21847,10,0,0,10,1
2020-08-10,US,Illinois,Jo Daviess,127,1,0,42.36542373,-90.21094405,17085.0,598.069225335531,0.7874015748031497,126,125,1,0,124,124,21366,2,0,0,2,1
2020-08-10,US,Illinois,Johnson,69,0,0,37.45939802,-88.88165419,17087.0,555.6897801401304,0.0,69,67,0,0,67,66,12456,2,0,0,2,1
2020-08-10,US,Illinois,Kane,9803,305,0,41.93842729,-88.42861412,17089.0,1841.2743729843744,3.1112924614913804,9498,9759,305,0,9454,9710,534216,44,0,0,44,49
2020-08-10,US,Illinois,Kankakee,1787,68,0,41.13746989,-87.86205334,17091.0,1626.5860807194479,3.8052602126468944,1719,1782,68,0,1714,1768,110024,5,0,0,5,14
2020-08-10,US,Illinois,Kendall,1379,23,0,41.59081014,-88.42869583,17093.0,1069.0751221024886,1.6678752719361856,1356,1377,23,0,1354,1364,127915,2,0,0,2,13
2020-08-10,US,Illinois,Knox,303,1,0,40.93148779,-90.21330340000002,17095.0,609.6702146924488,0.33003300330033003,302,299,1,0,298,297,50112,4,0,0,4,2
2020-08-10,US,Illinois,LaSalle,783,24,0,41.34426129999999,-88.88633881,17099.0,720.5366755928552,3.0651340996168583,759,766,24,0,742,739,109430,17,0,0,17,27
2020-08-10,US,Illinois,Lake,12741,446,0,42.3224907,-88.00367925,17097.0,1829.1973841946206,3.5005101640373595,12295,12670,446,0,12224,12617,700832,71,0,0,71,53
2020-08-10,US,Illinois,Lawrence,50,0,0,38.71987914,-87.72884035,17101.0,318.91822936599056,0.0,50,47,0,0,47,48,15765,3,0,0,3,-1
2020-08-10,US,Illinois,Lee,173,1,0,41.74583951,-89.29977132,17103.0,507.3908962928203,0.5780346820809249,172,171,1,0,170,170,34223,2,0,0,2,1
2020-08-10,US,Illinois,Livingston,116,2,0,40.89188292,-88.55784752,17105.0,325.40394973070016,1.7241379310344829,114,115,2,0,113,110,35761,1,0,0,1,5
2020-08-10,US,Illinois,Logan,122,0,0,40.12581572,-89.36638784,17107.0,426.30512265008036,0.0,122,112,0,0,112,111,28925,10,0,0,10,1
2020-08-10,US,Illinois,Macon,641,23,0,39.86064913,-88.96342505,17115.0,616.2928208135835,3.588143525741029,618,624,23,0,601,611,104712,17,0,0,17,13
2020-08-10,US,Illinois,Macoupin,181,3,0,39.26119767,-89.92424028,17117.0,402.88474380091714,1.6574585635359116,178,179,3,0,176,170,45313,2,0,0,2,9
2020-08-10,US,Illinois,Madison,2634,76,0,38.83042506,-89.90422563,17119.0,1001.6504034742134,2.885345482156416,2558,2591,76,0,2515,2530,264461,43,0,0,43,61
2020-08-10,US,Illinois,Marion,161,0,0,38.64963204,-88.91899208,17121.0,432.7375352775165,0.0,161,156,0,0,156,156,37620,5,0,0,5,0
2020-08-10,US,Illinois,Marshall,27,0,0,41.0327901,-89.34510444,17123.0,236.0552544151076,0.0,27,26,0,0,26,26,11534,1,0,0,1,0
2020-08-10,US,Illinois,Mason,53,0,0,40.23917274,-89.91824452,17125.0,396.73628265588735,0.0,53,47,0,0,47,47,13565,6,0,0,6,0
2020-08-10,US,Illinois,Massac,40,0,0,37.22078441,-88.71036614,17127.0,290.4443799012489,0.0,40,39,0,0,39,39,14080,1,0,0,1,0
2020-08-10,US,Illinois,McDonough,146,15,0,40.45674722,-90.67775541,17109.0,491.88060103766594,10.273972602739725,131,143,15,0,128,141,29955,3,0,0,3,2
2020-08-10,US,Illinois,McHenry,3218,114,0,42.32451172,-88.45248227,17111.0,1045.57240052766,3.5425730267246736,3104,3189,114,0,3075,3163,308570,29,0,0,29,26
2020-08-10,US,Illinois,McLean,655,15,0,40.48996987,-88.84621113,17113.0,381.88634362774536,2.2900763358778624,640,651,15,0,636,638,172828,4,0,0,4,13
2020-08-10,US,Illinois,Menard,56,0,0,40.02742725,-89.80246001,17129.0,459.16693998032144,0.0,56,56,0,0,56,54,12288,0,0,0,0,2
2020-08-10,US,Illinois,Mercer,76,4,0,41.20596782,-90.74290052,17131.0,492.3236380125672,5.2631578947368425,72,75,4,0,71,74,15601,1,0,0,1,1
2020-08-10,US,Illinois,Monroe,318,13,0,38.27594376,-90.17761038,17133.0,918.0933683633107,4.088050314465409,305,318,13,0,305,312,34335,0,0,0,0,6
2020-08-10,US,Illinois,Montgomery,169,7,0,39.23198845,-89.47809254,17135.0,594.7772224959527,4.142011834319527,162,170,7,0,163,165,28601,-1,0,0,-1,5
2020-08-10,US,Illinois,Morgan,268,6,0,39.71654544,-90.20255104,17137.0,796.24457781211,2.238805970149253,262,249,6,0,243,242,33976,19,0,0,19,7
2020-08-10,US,Illinois,Moultrie,74,0,0,39.64187451,-88.62099969,17139.0,510.3096338183573,0.0,74,73,0,0,73,73,14717,1,0,0,1,0
2020-08-10,US,Illinois,Ogle,411,5,0,42.04165196,-89.32184679,17141.0,811.5632960132692,1.2165450121654502,406,410,5,0,405,409,50923,1,0,0,1,1
2020-08-10,US,Illinois,Peoria,1630,35,0,40.78702156,-89.76078901,17143.0,909.7048203193456,2.147239263803681,1595,1607,35,0,1572,1574,180621,23,0,0,23,33
2020-08-10,US,Illinois,Perry,184,1,0,38.08510853,-89.36856219,17145.0,879.7093134442532,0.5434782608695652,183,184,1,0,183,156,21174,0,0,0,0,28
2020-08-10,US,Illinois,Piatt,63,0,0,40.01360584,-88.59319339,17147.0,385.4625550660794,0.0,63,61,0,0,61,61,16396,2,0,0,2,0
2020-08-10,US,Illinois,Pike,23,0,0,39.62265059,-90.8877017,17149.0,147.8054109633057,0.0,23,21,0,0,21,21,15611,2,0,0,2,0
2020-08-10,US,Illinois,Pope,9,0,0,37.41391284,-88.56152109,17151.0,215.46564519990426,0.0,9,9,0,0,9,9,4212,0,0,0,0,0
2020-08-10,US,Illinois,Pulaski,94,1,0,37.22631423,-89.13085001,17153.0,1761.9493908153702,1.0638297872340423,93,93,1,0,92,93,5463,1,0,0,1,0
2020-08-10,US,Illinois,Putnam,13,0,0,41.2013541,-89.2869272,17155.0,226.5202997037812,0.0,13,13,0,0,13,11,5740,0,0,0,0,2
2020-08-10,US,Illinois,Randolph,470,7,0,38.05095369,-89.82512254,17157.0,1478.824491850733,1.4893617021276595,463,464,7,0,457,457,32106,6,0,0,6,7
2020-08-10,US,Illinois,Richland,20,0,0,38.71240969,-88.08475366,17159.0,128.9241281505834,0.0,20,19,0,0,19,19,15763,1,0,0,1,0
2020-08-10,US,Illinois,Rock Island,1756,36,0,41.46613806,-90.57042164,17161.0,1237.6743563177074,2.050113895216401,1720,1745,36,0,1709,1731,143477,11,0,0,11,14
2020-08-10,US,Illinois,Saline,132,2,0,37.75332999,-88.54119706,17165.0,561.9173300412923,1.5151515151515151,130,132,2,0,130,131,23906,0,0,0,0,1
2020-08-10,US,Illinois,Sangamon,1274,33,0,39.75836914,-89.65872023,17167.0,654.4341250924632,2.5902668759811616,1241,1247,33,0,1214,1229,195348,27,0,0,27,18
2020-08-10,US,Illinois,Schuyler,18,0,0,40.1571798,-90.61114163,17169.0,265.9574468085106,0.0,18,18,0,0,18,18,6907,0,0,0,0,0
2020-08-10,US,Illinois,Scott,21,0,0,39.6429169,-90.47814431,17171.0,424.15673601292673,0.0,21,21,0,0,21,19,4926,0,0,0,0,2
2020-08-10,US,Illinois,Shelby,80,1,0,39.39133527,-88.80611122,17173.0,369.78829620042524,1.25,79,79,1,0,78,79,21741,1,0,0,1,0
2020-08-10,US,Illinois,St. Clair,4028,161,0,38.46996033,-89.93063427,17163.0,1551.1040256309545,3.9970208540218466,3867,4006,161,0,3845,3953,261059,22,0,0,22,53
2020-08-10,US,Illinois,Stark,7,0,0,41.09309773,-89.79745866,17175.0,131.03706476974915,0.0,7,7,0,0,7,7,5427,0,0,0,0,0
2020-08-10,US,Illinois,Stephenson,330,6,0,42.35129217,-89.662598,17177.0,741.6063643309811,1.818181818181818,324,327,6,0,321,327,44753,3,0,0,3,0
2020-08-10,US,Illinois,Tazewell,591,8,0,40.50716185,-89.51404662,17179.0,448.3964704900495,1.3536379018612519,583,518,8,0,510,497,132328,73,0,0,73,21
2020-08-10,US,Illinois,Unassigned,1358,209,0,0.0,0.0,90017.0,0.0,15.390279823269514,1149,1368,209,0,1159,1353,,-10,0,0,-10,15
2020-08-10,US,Illinois,Union,324,23,0,37.47119609,-89.25548938,17181.0,1945.595388218339,7.098765432098767,301,321,23,0,298,321,16841,3,0,0,3,0
2020-08-10,US,Illinois,Vermilion,236,2,0,40.18417171,-87.73384359,17183.0,311.5182554977692,0.8474576271186439,234,234,2,0,232,234,76806,2,0,0,2,0
2020-08-10,US,Illinois,Wabash,35,0,0,38.44272901,-87.84922065,17185.0,303.8194444444445,0.0,35,35,0,0,35,34,11549,0,0,0,0,1
2020-08-10,US,Illinois,Warren,191,0,0,40.84925021,-90.6147432,17187.0,1133.934932320114,0.0,191,190,0,0,190,190,17032,1,0,0,1,0
2020-08-10,US,Illinois,Washington,67,0,0,38.35309213,-89.40982703,17189.0,482.465615323684,0.0,67,66,0,0,66,66,13995,1,0,0,1,0
2020-08-10,US,Illinois,Wayne,62,1,0,38.42955355,-88.42586459,17191.0,382.3620104841197,1.6129032258064515,61,61,1,0,60,61,16332,1,0,0,1,0
2020-08-10,US,Illinois,White,69,0,0,38.08706198,-88.17657461,17193.0,509.71411686488887,0.0,69,68,0,0,68,67,13665,1,0,0,1,1
2020-08-10,US,Illinois,Whiteside,359,17,0,41.75509713,-89.91556058,17195.0,650.6570004531037,4.735376044568246,342,355,17,0,338,351,55626,4,0,0,4,4
2020-08-10,US,Illinois,Will,9315,344,0,41.44619267,-87.97862712,17197.0,1348.547868020378,3.6929683306494905,8971,9236,344,0,8892,9151,692310,79,0,0,79,85
2020-08-10,US,Illinois,Williamson,409,6,0,37.73033511,-88.92994027,17199.0,614.1417781581753,1.4669926650366751,403,399,6,0,393,388,67056,10,0,0,10,11
2020-08-10,US,Illinois,Winnebago,3784,131,0,42.33641854,-89.16085327,17201.0,1339.127726738672,3.4619450317124736,3653,3779,131,0,3648,3772,284081,5,0,0,5,7
2020-08-10,US,Illinois,Woodford,152,3,0,40.78579374,-89.20973757,17203.0,395.22608492160487,1.973684210526316,149,151,3,0,148,146,38463,1,0,0,1,5
2020-08-10,US,Indiana,Adams,102,2,0,40.7457653,-84.93671406,18001.0,285.09936551415717,1.96078431372549,100,101,2,0,99,96,35636,1,0,0,1,5
2020-08-10,US,Indiana,Allen,3937,163,0,41.09194313,-85.06800636,18003.0,1037.967408297939,4.1402082804165605,3774,3902,163,0,3739,3835,375351,35,0,0,35,67
2020-08-10,US,Indiana,Bartholomew,801,47,0,39.20744865,-85.89558181,18005.0,956.0868475393596,5.867665418227216,754,793,47,0,746,780,82753,8,0,0,8,13
2020-08-10,US,Indiana,Benton,62,0,0,40.60626947,-87.31093999,18007.0,708.7334247828073,0.0,62,61,0,0,61,61,8653,1,0,0,1,0
2020-08-10,US,Indiana,Blackford,65,2,0,40.47388153,-85.32499702,18009.0,552.8151046096275,3.0769230769230766,63,64,2,0,62,63,11930,1,0,0,1,1
2020-08-10,US,Indiana,Boone,683,46,0,40.0509304,-86.46841646,18011.0,1006.7361407956604,6.734992679355782,637,678,46,0,632,672,66999,5,0,0,5,6
2020-08-10,US,Indiana,Brown,74,1,0,39.19605589,-86.22868909,18013.0,490.3260005300822,1.351351351351351,73,73,1,0,72,73,15234,1,0,0,1,0
2020-08-10,US,Indiana,Carroll,193,2,0,40.580783200000006,-86.56198812,18015.0,952.7570716295602,1.0362694300518134,191,191,2,0,189,185,20127,2,0,0,2,6
2020-08-10,US,Indiana,Cass,1796,9,0,40.76135835,-86.34830753,18017.0,4765.3161399877945,0.5011135857461024,1787,1795,9,0,1786,1786,37955,1,0,0,1,9
2020-08-10,US,Indiana,Clark,1244,47,0,38.48015445,-85.70510334,18019.0,1051.54604317763,3.778135048231512,1197,1233,47,0,1186,1202,117360,11,0,0,11,31
2020-08-10,US,Indiana,Clay,124,5,0,39.39561833,-87.11723506,18021.0,472.8312678741658,4.032258064516129,119,121,5,0,116,116,26170,3,0,0,3,5
2020-08-10,US,Indiana,Clinton,440,3,0,40.30319754,-86.47277257,18023.0,1358.066606994043,0.6818181818181818,437,434,3,0,431,430,32250,6,0,0,6,4
2020-08-10,US,Indiana,Crawford,45,0,0,38.28814402,-86.44518825,18025.0,425.4514512621726,0.0,45,45,0,0,45,44,10558,0,0,0,0,1
2020-08-10,US,Indiana,Daviess,273,20,0,38.70186039,-87.07185406,18027.0,818.5661599352342,7.326007326007326,253,273,20,0,253,264,33147,0,0,0,0,9
2020-08-10,US,Indiana,DeKalb,235,4,0,41.39804622,-84.99906934,18033.0,540.5405405405405,1.702127659574468,231,232,4,0,228,230,43226,3,0,0,3,2
2020-08-10,US,Indiana,Dearborn,508,28,0,39.14647946,-84.97333539,18029.0,1027.1341340126976,5.511811023622046,480,508,28,0,480,496,49568,0,0,0,0,12
2020-08-10,US,Indiana,Decatur,338,32,0,39.30712658,-85.50087166,18031.0,1272.6382770435634,9.467455621301776,306,337,32,0,305,335,26794,1,0,0,1,2
2020-08-10,US,Indiana,Delaware,738,52,0,40.22787247,-85.39732772,18035.0,646.6027073202786,7.046070460704608,686,730,52,0,678,714,114772,8,0,0,8,16
2020-08-10,US,Indiana,Dubois,700,12,0,38.36597551,-86.87924170000002,18037.0,1637.9633096218647,1.7142857142857142,688,696,12,0,684,687,42565,4,0,0,4,9
2020-08-10,US,Indiana,Elkhart,4883,85,0,41.59761169,-85.85875695,18039.0,2366.471035809655,1.7407331558468155,4798,4843,84,0,4759,4801,205560,40,1,0,39,42
2020-08-10,US,Indiana,Fayette,190,7,0,39.63684962,-85.17797541,18041.0,822.4396156176953,3.684210526315789,183,189,7,0,182,186,23047,1,0,0,1,3
2020-08-10,US,Indiana,Floyd,791,46,0,38.32117957,-85.90385377,18043.0,1007.3609943710044,5.8154235145385575,745,779,46,0,733,772,77781,12,0,0,12,7
2020-08-10,US,Indiana,Fountain,74,2,0,40.12361933,-87.24217689,18045.0,452.71014315428846,2.702702702702702,72,74,2,0,72,73,16351,0,0,0,0,1
2020-08-10,US,Indiana,Franklin,243,14,0,39.4142482,-85.06062647,18047.0,1067.7563933561823,5.761316872427983,229,242,14,0,228,241,22736,1,0,0,1,1
2020-08-10,US,Indiana,Fulton,169,2,0,41.0469907,-86.26252745,18049.0,846.0999299088817,1.183431952662722,167,168,2,0,166,164,20092,1,0,0,1,4
2020-08-10,US,Indiana,Gibson,228,4,0,38.30393723,-87.58054938,18051.0,677.3819780742149,1.7543859649122806,224,225,4,0,221,221,33452,3,0,0,3,4
2020-08-10,US,Indiana,Grant,528,30,0,40.51587228,-85.65468702,18053.0,802.8098344204718,5.6818181818181825,498,526,30,0,496,526,65936,2,0,0,2,0
2020-08-10,US,Indiana,Greene,251,34,0,39.03630547,-86.96223202,18055.0,786.2915857402419,13.54581673306773,217,250,34,0,216,246,32006,1,0,0,1,4
2020-08-10,US,Indiana,Hamilton,2803,104,0,40.07306535,-86.05244729,18057.0,829.2629529808203,3.7103103817338567,2699,2763,104,0,2659,2723,330086,40,0,0,40,40
2020-08-10,US,Indiana,Hancock,670,38,0,39.82304555,-85.77566351,18059.0,857.1282366185651,5.6716417910447765,632,660,38,0,622,647,76351,10,0,0,10,13
2020-08-10,US,Indiana,Harrison,341,23,0,38.19467379,-86.10948271,18061.0,841.6635813896088,6.744868035190616,318,338,23,0,315,327,40350,3,0,0,3,11
2020-08-10,US,Indiana,Hendricks,1901,108,0,39.76719009,-86.51037283,18063.0,1116.1933169319657,5.681220410310362,1793,1887,108,0,1779,1871,167009,14,0,0,14,16
2020-08-10,US,Indiana,Henry,385,20,0,39.93029017,-85.39625719,18065.0,802.5514883682147,5.194805194805196,365,383,20,0,363,376,48271,2,0,0,2,7
2020-08-10,US,Indiana,Howard,905,65,0,40.48527731,-86.11351892,18067.0,1096.3849583252568,7.18232044198895,840,890,65,0,825,884,82366,15,0,0,15,6
2020-08-10,US,Indiana,Huntington,124,3,0,40.82907273,-85.48822092,18069.0,339.53997809419496,2.419354838709677,121,122,3,0,119,122,36240,2,0,0,2,0
2020-08-10,US,Indiana,Jackson,588,5,0,38.90915820000001,-86.03851889,18071.0,1329.3843684293822,0.8503401360544217,583,586,5,0,581,585,44111,2,0,0,2,1
2020-08-10,US,Indiana,Jasper,245,2,0,41.02078733,-87.11553319,18073.0,729.9922531434361,0.8163265306122449,243,243,2,0,241,234,33370,2,0,0,2,9
2020-08-10,US,Indiana,Jay,92,0,0,40.43781032,-85.00576229,18075.0,450.18594636915253,0.0,92,91,0,0,91,91,20764,1,0,0,1,0
2020-08-10,US,Indiana,Jefferson,165,2,0,38.78576239,-85.43633383,18077.0,510.70942181503034,1.2121212121212122,163,163,2,0,161,160,32208,2,0,0,2,3
2020-08-10,US,Indiana,Jennings,226,12,0,38.99588883,-85.62710784,18079.0,814.8548765098251,5.3097345132743365,214,225,12,0,213,224,27611,1,0,0,1,1
2020-08-10,US,Indiana,Johnson,1767,118,0,39.48994426,-86.10149107,18081.0,1117.1736202874176,6.677985285795133,1649,1757,118,0,1639,1741,156225,10,0,0,10,16
2020-08-10,US,Indiana,Knox,159,0,0,38.68861576,-87.4194665,18083.0,434.4974585997705,0.0,159,154,0,0,154,151,36895,5,0,0,5,3
2020-08-10,US,Indiana,Kosciusko,862,12,0,41.24521668,-85.86312322,18085.0,1084.8771647200967,1.3921113689095128,850,852,12,0,840,847,79344,10,0,0,10,5
2020-08-10,US,Indiana,LaGrange,559,10,0,41.64232188,-85.42674232,18087.0,1411.1172817690713,1.7889087656529516,549,559,10,0,549,557,39330,0,0,0,0,2
2020-08-10,US,Indiana,LaPorte,921,30,0,41.54366008,-86.74072188,18091.0,838.1260920209668,3.2573289902280136,891,911,30,0,881,894,110007,10,0,0,10,17
2020-08-10,US,Indiana,Lake,7632,275,0,41.41874274,-87.38277575,18089.0,1572.0103070487116,3.603249475890985,7357,7570,275,0,7295,7496,484411,62,0,0,62,74
2020-08-10,US,Indiana,Lawrence,350,27,0,38.84112637,-86.48361629,18093.0,771.4348688560723,7.7142857142857135,323,346,27,0,319,342,45668,4,0,0,4,4
2020-08-10,US,Indiana,Madison,987,65,0,40.16143691,-85.71964711,18095.0,761.756284296398,6.585612968591692,922,979,65,0,914,943,129641,8,0,0,8,36
2020-08-10,US,Indiana,Marion,15963,725,0,39.78163624,-86.13826325,18097.0,1654.9137346539746,4.541752803357764,15238,15860,725,0,15135,15701,954670,103,0,0,103,159
2020-08-10,US,Indiana,Marshall,790,22,0,41.32467367,-86.26185087,18099.0,1707.8127026676466,2.7848101265822787,768,784,22,0,762,774,46248,6,0,0,6,10
2020-08-10,US,Indiana,Martin,45,0,0,38.7099921,-86.80373186,18101.0,438.81033642125794,0.0,45,45,0,0,45,43,10217,0,0,0,0,2
2020-08-10,US,Indiana,Miami,274,2,0,40.76940965,-86.04525048,18103.0,771.4832751435972,0.7299270072992701,272,274,2,0,272,269,35567,0,0,0,0,5
2020-08-10,US,Indiana,Monroe,759,30,0,39.16130004,-86.52414358,18105.0,511.3487074802433,3.9525691699604737,729,756,30,0,726,746,146917,3,0,0,3,10
2020-08-10,US,Indiana,Montgomery,354,21,0,40.04034823,-86.89335024,18107.0,923.3658511137776,5.932203389830509,333,354,21,0,333,352,38346,0,0,0,0,2
2020-08-10,US,Indiana,Morgan,483,34,0,39.47899078,-86.44573375,18109.0,685.2132956915265,7.0393374741200825,449,476,34,0,442,467,70116,7,0,0,7,9
2020-08-10,US,Indiana,Newton,118,10,0,40.95610449,-87.39635768,18111.0,843.8215102974829,8.474576271186441,108,118,10,0,108,118,14011,0,0,0,0,0
2020-08-10,US,Indiana,Noble,684,29,0,41.39672484,-85.41966713,18113.0,1432.6407506702415,4.239766081871345,655,678,29,0,649,663,47532,6,0,0,6,15
2020-08-10,US,Indiana,Ohio,65,5,0,38.955304999999996,-84.96515993,18115.0,1106.3829787234042,7.6923076923076925,60,65,5,0,60,63,5844,0,0,0,0,2
2020-08-10,US,Indiana,Orange,173,24,0,38.54118920000001,-86.49523093,18117.0,880.5863789066476,13.872832369942195,149,171,24,0,147,169,19489,2,0,0,2,2
2020-08-10,US,Indiana,Owen,91,1,0,39.31145587,-86.83900724,18119.0,437.52103466512807,1.0989010989010992,90,90,1,0,89,87,20845,1,0,0,1,3
2020-08-10,US,Indiana,Parke,52,1,0,39.77202286,-87.20375833,18121.0,307.02013343567336,1.9230769230769231,51,51,1,0,50,51,16927,1,0,0,1,0
2020-08-10,US,Indiana,Perry,186,12,0,38.07809328,-86.63741946,18123.0,970.3166571026137,6.451612903225807,174,186,12,0,174,184,19102,0,0,0,0,2
2020-08-10,US,Indiana,Pike,56,0,0,38.40112197,-87.23574907,18125.0,452.01388328355796,0.0,56,53,0,0,53,53,12410,3,0,0,3,0
2020-08-10,US,Indiana,Porter,1338,39,0,41.45986947,-87.06848888,18127.0,785.2619593987874,2.914798206278027,1299,1316,39,0,1277,1294,169594,22,0,0,22,22
2020-08-10,US,Indiana,Posey,177,0,0,38.02097333,-87.86480429,18129.0,696.1104337908522,0.0,177,171,0,0,171,170,25540,6,0,0,6,1
2020-08-10,US,Indiana,Pulaski,83,1,0,41.04166107,-86.69890683,18131.0,671.9015623735125,1.2048192771084338,82,83,1,0,82,79,12469,0,0,0,0,4
2020-08-10,US,Indiana,Putnam,290,8,0,39.66437981,-86.84517605,18133.0,771.7692143921652,2.7586206896551726,282,288,8,0,280,286,37779,2,0,0,2,2
2020-08-10,US,Indiana,Randolph,123,4,0,40.15734772,-85.01139319,18135.0,498.6823434015812,3.2520325203252027,119,122,4,0,118,118,24851,1,0,0,1,4
2020-08-10,US,Indiana,Ripley,208,7,0,39.10235626,-85.26212744,18137.0,734.3595537353481,3.3653846153846154,201,208,7,0,201,199,28523,0,0,0,0,9
2020-08-10,US,Indiana,Rush,80,4,0,39.62002287,-85.4655599,18139.0,482.4799469272057,5.0,76,80,4,0,76,76,16663,0,0,0,0,4
2020-08-10,US,Indiana,Scott,268,10,0,38.68672078,-85.74627859,18143.0,1122.6071293930381,3.7313432835820897,258,268,10,0,258,266,23878,0,0,0,0,2
2020-08-10,US,Indiana,Shelby,558,27,0,39.52305623,-85.79158570000001,18145.0,1247.512799302466,4.838709677419356,531,553,27,0,526,546,44593,5,0,0,5,7
2020-08-10,US,Indiana,Spencer,136,3,0,38.01519732,-87.0079644,18147.0,670.7106573950783,2.2058823529411766,133,136,3,0,133,131,20327,0,0,0,0,5
2020-08-10,US,Indiana,St. Joseph,3546,82,0,41.61756781,-86.29040834,18141.0,1304.5109739318534,2.3124647490129724,3464,3500,81,0,3419,3423,270771,46,1,0,45,77
2020-08-10,US,Indiana,Starke,178,7,0,41.27890281,-86.64686895,18149.0,774.0813220265276,3.9325842696629216,171,178,7,0,171,177,22935,0,0,0,0,1
2020-08-10,US,Indiana,Steuben,211,3,0,41.64423868,-85.00101094,18151.0,609.9323582124068,1.4218009478672986,208,210,3,0,207,207,34586,1,0,0,1,3
2020-08-10,US,Indiana,Sullivan,134,1,0,39.08952258,-87.41414469,18153.0,648.3139000435435,0.746268656716418,133,126,1,0,125,113,20690,8,0,0,8,13
2020-08-10,US,Indiana,Switzerland,52,0,0,38.82767338,-85.03022429,18155.0,483.67593712212823,0.0,52,52,0,0,52,46,10717,0,0,0,0,6
2020-08-10,US,Indiana,Tippecanoe,1221,11,0,40.38872739,-86.89413959,18157.0,623.8121513089327,0.9009009009009008,1210,1211,11,0,1200,1189,193048,10,0,0,10,22
2020-08-10,US,Indiana,Tipton,143,11,0,40.31123252,-86.05234925,18159.0,944.0190124108792,7.6923076923076925,132,138,10,0,128,137,15128,5,1,0,4,1
2020-08-10,US,Indiana,Unassigned,0,206,0,0.0,0.0,90018.0,0.0,0.0,-206,0,206,0,-206,0,,0,0,0,0,0
2020-08-10,US,Indiana,Union,41,0,0,39.62550777,-84.92497066,18161.0,581.2305075134675,0.0,41,41,0,0,41,39,7037,0,0,0,0,2
2020-08-10,US,Indiana,Vanderburgh,1997,13,0,38.02658833,-87.58763124,18163.0,1100.5726063785814,0.6509764646970456,1984,1963,13,0,1950,1922,180974,34,0,0,34,41
2020-08-10,US,Indiana,Vermillion,55,0,0,39.8523352,-87.46160542,18165.0,354.88450122596464,0.0,55,52,0,0,52,49,15479,3,0,0,3,3
2020-08-10,US,Indiana,Vigo,668,10,0,39.42944561,-87.39169027,18167.0,624.0774304452624,1.497005988023952,658,651,10,0,641,619,107386,17,0,0,17,32
2020-08-10,US,Indiana,Wabash,170,3,0,40.84704239,-85.79328272,18169.0,548.4578655310363,1.7647058823529411,167,169,3,0,166,165,31280,1,0,0,1,4
2020-08-10,US,Indiana,Warren,23,1,0,40.34728141,-87.35602659,18171.0,278.28191167574107,4.3478260869565215,22,22,1,0,21,22,8263,1,0,0,1,0
2020-08-10,US,Indiana,Warrick,586,30,0,38.08922676,-87.2716085,18173.0,930.18825994476,5.119453924914676,556,581,30,0,551,579,62567,5,0,0,5,2
2020-08-10,US,Indiana,Washington,142,1,0,38.60219804,-86.1049363,18175.0,506.4916535882437,0.7042253521126759,141,140,1,0,139,139,27943,2,0,0,2,1
2020-08-10,US,Indiana,Wayne,377,10,0,39.863344399999995,-85.01044989,18177.0,572.2178374112077,2.6525198938992043,367,377,10,0,367,368,65936,0,0,0,0,9
2020-08-10,US,Indiana,Wells,171,2,0,40.72934187,-85.22132966,18179.0,604.3256997455471,1.1695906432748535,169,168,2,0,166,162,28206,3,0,0,3,6
2020-08-10,US,Indiana,White,372,10,0,40.74911165,-86.86492015,18181.0,1543.4403783918347,2.6881720430107525,362,369,10,0,359,361,24133,3,0,0,3,8
2020-08-10,US,Indiana,Whitley,154,6,0,41.13863784,-85.50791236,18183.0,453.4212695795548,3.8961038961038965,148,152,6,0,146,151,34074,2,0,0,2,1
2020-08-10,US,Iowa,Adair,30,0,0,41.33075609,-94.47105874,19001.0,419.4630872483222,0.0,30,30,0,0,30,29,7063,0,0,0,0,1
2020-08-10,US,Iowa,Adams,16,0,0,41.02903567,-94.69932645,19003.0,444.1976679622432,0.0,16,16,0,0,16,16,3645,0,0,0,0,0
2020-08-10,US,Iowa,Allamakee,155,4,0,43.28383218,-91.37860922,19005.0,1132.4614597793527,2.5806451612903225,151,155,4,0,151,154,13832,0,0,0,0,1
2020-08-10,US,Iowa,Appanoose,49,3,0,40.74324454,-92.86865906,19007.0,394.33446000321925,6.1224489795918355,46,49,3,0,46,48,12437,0,0,0,0,1
2020-08-10,US,Iowa,Audubon,28,1,0,41.6844628,-94.90581859,19009.0,509.4614264919942,3.571428571428572,27,28,1,0,27,28,5506,0,0,0,0,0
2020-08-10,US,Iowa,Benton,160,1,0,42.08011739,-92.06463573,19011.0,623.9032949892768,0.625,159,156,1,0,155,155,25642,4,0,0,4,1
2020-08-10,US,Iowa,Black Hawk,3134,66,0,42.4704581,-92.30524729,19013.0,2388.209833267291,2.1059349074664966,3068,3127,66,0,3061,3115,132408,7,0,0,7,12
2020-08-10,US,Iowa,Boone,259,3,0,42.03657094,-93.9313999,19015.0,987.2684302813144,1.1583011583011582,256,258,3,0,255,255,26346,1,0,0,1,3
2020-08-10,US,Iowa,Bremer,227,7,0,42.77461496,-92.31795937,19017.0,905.7537307477456,3.0837004405286343,220,226,7,0,219,224,24947,1,0,0,1,2
2020-08-10,US,Iowa,Buchanan,129,1,0,42.4709188,-91.83510825,19019.0,609.2089728453366,0.7751937984496124,128,127,1,0,126,127,21199,2,0,0,2,0
2020-08-10,US,Iowa,Buena Vista,1794,12,0,42.73545875,-95.15100162,19021.0,9143.730886850153,0.6688963210702341,1782,1794,12,0,1782,1791,19874,0,0,0,0,3
2020-08-10,US,Iowa,Butler,121,2,0,42.73172833,-92.79015971,19023.0,838.0081723111017,1.6528925619834711,119,121,2,0,119,121,14539,0,0,0,0,0
2020-08-10,US,Iowa,Calhoun,83,2,0,42.38521079,-94.64046046,19025.0,858.5022755482003,2.409638554216868,81,83,2,0,81,83,9699,0,0,0,0,0
2020-08-10,US,Iowa,Carroll,193,1,0,42.03617207,-94.86032705,19027.0,957.1038928837094,0.5181347150259067,192,192,1,0,191,188,20154,1,0,0,1,4
2020-08-10,US,Iowa,Cass,74,1,0,41.33149454,-94.92792482,19029.0,576.5035836709255,1.351351351351351,73,74,1,0,73,71,12930,0,0,0,0,3
2020-08-10,US,Iowa,Cedar,133,1,0,41.77233777,-91.13246684,19031.0,714.0172867343105,0.7518796992481203,132,133,1,0,132,131,18627,0,0,0,0,2
2020-08-10,US,Iowa,Cerro Gordo,634,17,0,43.08177563,-93.2612239,19033.0,1493.5217903415785,2.6813880126182967,617,625,17,0,608,609,42647,9,0,0,9,16
2020-08-10,US,Iowa,Cherokee,108,1,0,42.73538914,-95.62389402,19035.0,961.2817089452603,0.925925925925926,107,108,1,0,107,108,11321,0,0,0,0,0
2020-08-10,US,Iowa,Chickasaw,54,0,0,43.06001295,-92.31773347,19037.0,452.52660688846055,0.0,54,54,0,0,54,54,11964,0,0,0,0,0
2020-08-10,US,Iowa,Clarke,202,3,0,41.02868181,-93.78499767,19039.0,2150.079829696648,1.4851485148514851,199,201,3,0,198,199,9423,1,0,0,1,2
2020-08-10,US,Iowa,Clay,196,1,0,43.08247182,-95.15096481,19041.0,1223.7762237762238,0.5102040816326531,195,190,1,0,189,186,16134,6,0,0,6,4
2020-08-10,US,Iowa,Clayton,104,3,0,42.84443388,-91.34133693,19043.0,592.6263604763805,2.8846153846153846,101,104,3,0,101,104,17556,0,0,0,0,0
2020-08-10,US,Iowa,Clinton,410,3,0,41.89981633,-90.53275096,19045.0,883.0687716728769,0.7317073170731707,407,397,3,0,394,379,46518,13,0,0,13,18
2020-08-10,US,Iowa,Crawford,730,3,0,42.03718237,-95.3819718,19047.0,4340.071343638526,0.410958904109589,727,728,3,0,725,727,17158,2,0,0,2,1
2020-08-10,US,Iowa,Dallas,1888,35,0,41.68560356,-94.04127625,19049.0,2020.266872117535,1.8538135593220342,1853,1885,35,0,1850,1878,90180,3,0,0,3,7
2020-08-10,US,Iowa,Davis,60,2,0,40.74773536,-92.41005468,19051.0,666.6666666666666,3.333333333333333,58,57,2,0,55,55,9017,3,0,0,3,2
2020-08-10,US,Iowa,Decatur,23,0,0,40.73742757,-93.78645949,19053.0,292.2490470139772,0.0,23,23,0,0,23,23,7890,0,0,0,0,0
2020-08-10,US,Iowa,Delaware,115,1,0,42.47104597,-91.3664492,19055.0,676.0331550173418,0.8695652173913043,114,112,1,0,111,111,17069,3,0,0,3,1
2020-08-10,US,Iowa,Des Moines,186,2,0,40.92012606,-91.18326592,19057.0,477.326968973747,1.075268817204301,184,179,2,0,177,169,39138,7,0,0,7,10
2020-08-10,US,Iowa,Dickinson,382,4,0,43.37787725,-95.1510206,19059.0,2213.466218565303,1.0471204188481675,378,381,4,0,377,380,17153,1,0,0,1,1
2020-08-10,US,Iowa,Dubuque,1686,31,0,42.46815349,-90.88181925,19061.0,1732.5893270031138,1.8386714116251484,1655,1676,31,0,1645,1665,96854,10,0,0,10,11
2020-08-10,US,Iowa,Emmet,192,4,0,43.37782951,-94.67858943,19063.0,2085.1433536055606,2.083333333333333,188,192,4,0,188,191,9253,0,0,0,0,1
2020-08-10,US,Iowa,Fayette,84,0,0,42.86271799,-91.8441231,19065.0,427.4809160305343,0.0,84,82,0,0,82,82,19660,2,0,0,2,0
2020-08-10,US,Iowa,Floyd,157,2,0,43.06000529999999,-92.78940097,19067.0,1003.7079657332823,1.2738853503184713,155,155,2,0,153,153,15761,2,0,0,2,2
2020-08-10,US,Iowa,Franklin,241,10,0,42.73270384,-93.26256925,19069.0,2393.2472691161865,4.149377593360996,231,241,10,0,231,239,10124,0,0,0,0,2
2020-08-10,US,Iowa,Fremont,42,0,0,40.74542720000001,-95.60129045,19071.0,603.4482758620691,0.0,42,42,0,0,42,42,6993,0,0,0,0,0
2020-08-10,US,Iowa,Greene,42,0,0,42.03614551,-94.39658081,19073.0,472.54725472547256,0.0,42,41,0,0,41,41,8981,1,0,0,1,0
2020-08-10,US,Iowa,Grundy,79,1,0,42.40183723,-92.78829551,19075.0,645.8469587965991,1.2658227848101269,78,79,1,0,78,79,12304,0,0,0,0,0
2020-08-10,US,Iowa,Guthrie,132,5,0,41.68378965,-94.50111014,19077.0,1234.914397979231,3.787878787878788,127,132,5,0,127,131,10720,0,0,0,0,1
2020-08-10,US,Iowa,Hamilton,248,1,0,42.38382428,-93.70197703,19079.0,1678.7382386786703,0.4032258064516129,247,246,1,0,245,246,14952,2,0,0,2,0
2020-08-10,US,Iowa,Hancock,122,2,0,43.08178477,-93.73454884,19081.0,1147.6952022577611,1.639344262295082,120,122,2,0,120,122,10712,0,0,0,0,0
2020-08-10,US,Iowa,Hardin,184,0,0,42.38353877,-93.23654611,19083.0,1092.2474177846373,0.0,184,181,0,0,181,178,16868,3,0,0,3,3
2020-08-10,US,Iowa,Harrison,109,1,0,41.68330137,-95.81558439,19085.0,775.8559328066052,0.9174311926605504,108,107,1,0,106,106,14134,2,0,0,2,1
2020-08-10,US,Iowa,Henry,127,4,0,40.98767962,-91.54436349,19087.0,636.4638668938559,3.1496062992125986,123,125,4,0,121,120,20067,2,0,0,2,5
2020-08-10,US,Iowa,Howard,49,0,0,43.35671042,-92.31702714,19089.0,535.051321249181,0.0,49,49,0,0,49,49,9187,0,0,0,0,0
2020-08-10,US,Iowa,Humboldt,118,1,0,42.7764426,-94.20722537,19091.0,1234.5679012345681,0.8474576271186439,117,111,1,0,110,108,9547,7,0,0,7,3
2020-08-10,US,Iowa,Ida,31,0,0,42.38696136,-95.51355387,19093.0,451.8950437317784,0.0,31,29,0,0,29,29,6841,2,0,0,2,0
2020-08-10,US,Iowa,Iowa,98,1,0,41.68630265,-92.0643373,19095.0,605.5363321799307,1.020408163265306,97,97,1,0,96,97,16141,1,0,0,1,0
2020-08-10,US,Iowa,Jackson,156,1,0,42.17178824,-90.57354837,19097.0,802.510417202531,0.6410256410256411,155,156,1,0,155,151,19432,0,0,0,0,5
2020-08-10,US,Iowa,Jasper,479,26,0,41.68576082,-93.05567785,19099.0,1288.1538254672582,5.427974947807933,453,478,26,0,452,476,37147,1,0,0,1,2
2020-08-10,US,Iowa,Jefferson,86,0,0,41.03192394,-91.94849466,19101.0,470.07379065318395,0.0,86,84,0,0,84,83,18381,2,0,0,2,1
2020-08-10,US,Iowa,Johnson,2107,19,0,41.67169354,-91.58754744,19103.0,1394.071721582639,0.9017560512577124,2088,2096,19,0,2077,2067,151260,11,0,0,11,29
2020-08-10,US,Iowa,Jones,132,2,0,42.12118609,-91.13139641,19105.0,638.2670083651661,1.5151515151515151,130,130,2,0,128,130,20744,2,0,0,2,0
2020-08-10,US,Iowa,Keokuk,37,1,0,41.33649833,-92.1785067,19107.0,361.1165332812805,2.702702702702702,36,35,1,0,34,34,10225,2,0,0,2,1
2020-08-10,US,Iowa,Kossuth,90,0,0,43.20405458,-94.20691791,19109.0,607.5744278674138,0.0,90,91,0,0,91,89,14908,-1,0,0,-1,2
2020-08-10,US,Iowa,Lee,117,3,0,40.64181461,-91.48183025,19111.0,347.6245654692932,2.5641025641025643,114,114,3,0,111,113,34055,3,0,0,3,1
2020-08-10,US,Iowa,Linn,2399,88,0,42.07923082,-91.59809485,19113.0,1058.1987243390117,3.668195081283869,2311,2375,88,0,2287,2348,225909,24,0,0,24,27
2020-08-10,US,Iowa,Louisa,378,14,0,41.21842119,-91.26102611,19115.0,3425.46443135478,3.703703703703704,364,378,14,0,364,378,11169,0,0,0,0,0
2020-08-10,US,Iowa,Lucas,71,4,0,41.02958964,-93.32780803,19117.0,825.5813953488373,5.633802816901407,67,68,4,0,64,63,8645,3,0,0,3,5
2020-08-10,US,Iowa,Lyon,114,2,0,43.38107862,-96.20926845,19119.0,969.800085070183,1.7543859649122806,112,113,2,0,111,113,11811,1,0,0,1,0
2020-08-10,US,Iowa,Madison,122,2,0,41.33081904,-94.01554631,19121.0,746.7254253886646,1.639344262295082,120,121,2,0,119,118,16249,1,0,0,1,3
2020-08-10,US,Iowa,Mahaska,140,17,0,41.33521503,-92.64083907,19123.0,633.6275175379045,12.142857142857142,123,139,17,0,122,139,22000,1,0,0,1,0
2020-08-10,US,Iowa,Marion,174,0,0,41.33445101,-93.09934783,19125.0,523.2610591525577,0.0,174,173,0,0,173,169,33407,1,0,0,1,4
2020-08-10,US,Iowa,Marshall,1446,26,0,42.03586837,-92.9990819,19127.0,3672.940638573497,1.798063623789765,1420,1444,26,0,1418,1438,39981,2,0,0,2,6
2020-08-10,US,Iowa,Mills,89,0,0,41.03299766,-95.61920963,19129.0,589.0528823879807,0.0,89,89,0,0,89,89,15063,0,0,0,0,0
2020-08-10,US,Iowa,Mitchell,78,0,0,43.35638371,-92.78887719,19131.0,736.8222180238049,0.0,78,78,0,0,78,78,10569,0,0,0,0,0
2020-08-10,US,Iowa,Monona,91,0,0,42.05220391,-95.95743843,19133.0,1056.2971561230413,0.0,91,91,0,0,91,91,8679,0,0,0,0,0
2020-08-10,US,Iowa,Monroe,74,7,0,41.02988815,-92.8690667,19135.0,960.1660827818866,9.459459459459461,67,73,7,0,66,72,7790,1,0,0,1,1
2020-08-10,US,Iowa,Montgomery,59,4,0,41.03018714,-95.15642896,19137.0,594.9379852778058,6.779661016949151,55,59,4,0,55,59,10003,0,0,0,0,0
2020-08-10,US,Iowa,Muscatine,848,48,0,41.48370744,-91.1121697,19139.0,1987.624226514157,5.660377358490566,800,847,48,0,799,846,42929,1,0,0,1,1
2020-08-10,US,Iowa,O'Brien,141,4,0,43.08310673,-95.62474482,19141.0,1025.2308587217335,2.8368794326241136,137,138,2,0,136,137,13840,3,2,0,1,1
2020-08-10,US,Iowa,Osceola,83,0,0,43.37824276,-95.62422844,19143.0,1393.0849278281305,0.0,83,83,0,0,83,83,6040,0,0,0,0,0
2020-08-10,US,Iowa,Page,94,0,0,40.7393172,-95.1497813,19145.0,622.228106175945,0.0,94,94,0,0,94,94,15249,0,0,0,0,0
2020-08-10,US,Iowa,Palo Alto,86,0,0,43.08193849,-94.67824621,19147.0,967.8145397254108,0.0,86,84,0,0,84,84,8929,2,0,0,2,0
2020-08-10,US,Iowa,Plymouth,463,9,0,42.737633,-96.21366621,19149.0,1838.9800214481472,1.9438444924406049,454,462,9,0,453,457,25095,1,0,0,1,5
2020-08-10,US,Iowa,Pocahontas,116,2,0,42.73420133,-94.67862564,19151.0,1752.5305937452786,1.7241379310344829,114,115,2,0,113,115,6740,1,0,0,1,0
2020-08-10,US,Iowa,Polk,10351,207,0,41.68679484,-93.57767461,19153.0,2111.7551171961863,1.9998067819534344,10144,10309,207,0,10102,10223,487204,42,0,0,42,86
2020-08-10,US,Iowa,Pottawattamie,1325,26,0,41.33640314,-95.53907776,19155.0,1421.5823015685685,1.962264150943396,1299,1325,26,0,1299,1314,93533,0,0,0,0,11
2020-08-10,US,Iowa,Poweshiek,159,8,0,41.68625425,-92.53155731,19157.0,859.2736705577173,5.031446540880503,151,159,8,0,151,157,18699,0,0,0,0,2
2020-08-10,US,Iowa,Ringgold,22,1,0,40.73518949,-94.24368535,19159.0,449.5300367797303,4.545454545454546,21,22,1,0,21,21,4968,0,0,0,0,1
2020-08-10,US,Iowa,Sac,85,0,0,42.38624071,-95.10547892,19161.0,874.3956383088159,0.0,85,85,0,0,85,84,9719,0,0,0,0,1
2020-08-10,US,Iowa,Scott,1727,14,0,41.63935978,-90.61959493,19163.0,998.5949127747293,0.8106543138390272,1713,1718,14,0,1704,1716,173283,9,0,0,9,2
2020-08-10,US,Iowa,Shelby,184,1,0,41.6850066,-95.31015553,19165.0,1606.4257028112452,0.5434782608695652,183,184,1,0,183,183,11578,0,0,0,0,1
2020-08-10,US,Iowa,Sioux,637,3,0,43.08221074,-96.1767568,19167.0,1827.5713670922394,0.4709576138147567,634,634,3,0,631,625,34909,3,0,0,3,9
2020-08-10,US,Iowa,Story,1167,14,0,42.03621213,-93.46499005,19169.0,1201.6433786051875,1.199657240788346,1153,1166,14,0,1152,1160,98105,1,0,0,1,6
2020-08-10,US,Iowa,Tama,553,29,0,42.07991767,-92.53266945,19171.0,3281.1202088524988,5.244122965641953,524,551,29,0,522,549,16904,2,0,0,2,2
2020-08-10,US,Iowa,Taylor,98,0,0,40.73710579,-94.69778563,19173.0,1601.045580787453,0.0,98,98,0,0,98,98,6191,0,0,0,0,0
2020-08-10,US,Iowa,Unassigned,3,0,0,0.0,0.0,90019.0,0.0,0.0,3,6,0,0,6,7,,-3,0,0,-3,-1
2020-08-10,US,Iowa,Union,77,1,0,41.0277278,-94.24234847,19175.0,629.0335756882607,1.2987012987012987,76,77,1,0,76,77,12359,0,0,0,0,0
2020-08-10,US,Iowa,Van Buren,36,1,0,40.75326764,-91.95017958,19177.0,511.0732538330494,2.7777777777777777,35,37,1,0,36,34,7020,-1,0,0,-1,3
2020-08-10,US,Iowa,Wapello,904,33,0,41.03064984,-92.40954728,19179.0,2585.146844347851,3.6504424778761067,871,900,33,0,867,881,35205,4,0,0,4,19
2020-08-10,US,Iowa,Warren,569,1,0,41.33559454,-93.56007641,19181.0,1105.5842692262854,0.1757469244288225,568,564,1,0,563,557,51056,5,0,0,5,7
2020-08-10,US,Iowa,Washington,300,10,0,41.33577126,-91.71725711,19183.0,1365.809241975871,3.333333333333333,290,298,10,0,288,298,22141,2,0,0,2,0
2020-08-10,US,Iowa,Wayne,20,1,0,40.73969028,-93.32752197,19185.0,310.5107902499612,5.0,19,19,1,0,18,19,6401,1,0,0,1,0
2020-08-10,US,Iowa,Webster,813,8,0,42.42853483,-94.17987389,19187.0,2264.371657754011,0.9840098400984009,805,801,7,0,794,801,36277,12,1,0,11,0
2020-08-10,US,Iowa,Winnebago,84,0,0,43.37751174,-93.73407298,19189.0,811.2806644774968,0.0,84,84,0,0,84,79,10518,0,0,0,0,5
2020-08-10,US,Iowa,Winneshiek,97,1,0,43.29094334,-91.84422722,19191.0,485.2183482567154,1.0309278350515465,96,97,1,0,96,95,20029,0,0,0,0,2
2020-08-10,US,Iowa,Woodbury,3727,52,0,42.38979414,-96.0459439,19193.0,3614.691534037456,1.395224040783472,3675,3719,52,0,3667,3716,102539,8,0,0,8,3
2020-08-10,US,Iowa,Worth,66,0,0,43.37750768,-93.26087602,19195.0,894.187779433681,0.0,66,66,0,0,66,66,7453,0,0,0,0,0
2020-08-10,US,Iowa,Wright,473,1,0,42.73305373,-93.73515113,19197.0,3765.3239929947454,0.21141649048625796,472,472,1,0,471,465,12690,1,0,0,1,7
2020-08-10,US,Kansas,Allen,20,0,0,37.88582951,-95.30030847,20001.0,161.69455897809038,0.0,20,15,0,0,15,15,12444,5,0,0,5,0
2020-08-10,US,Kansas,Anderson,31,0,0,38.21413251,-95.29272815,20003.0,394.50241791804535,0.0,31,29,0,0,29,29,7878,2,0,0,2,0
2020-08-10,US,Kansas,Atchison,64,0,0,39.53185661,-95.30870026,20005.0,398.18328874510047,0.0,64,64,0,0,64,64,16193,0,0,0,0,0
2020-08-10,US,Kansas,Barber,4,0,0,37.2288586,-98.68460053,20007.0,90.35464196973119,0.0,4,4,0,0,4,4,4472,0,0,0,0,0
2020-08-10,US,Kansas,Barton,139,3,0,38.47889676,-98.75636726,20009.0,539.1985724814772,2.1582733812949644,136,139,3,0,136,139,26111,0,0,0,0,0
2020-08-10,US,Kansas,Bourbon,79,2,0,37.85508555,-94.84865997,20011.0,543.5530480253201,2.5316455696202533,77,73,2,0,71,73,14653,6,0,0,6,0
2020-08-10,US,Kansas,Brown,40,0,0,39.82652589,-95.56421698,20013.0,418.2350480970305,0.0,40,37,0,0,37,37,9598,3,0,0,3,0
2020-08-10,US,Kansas,Butler,278,1,0,37.78134351,-96.83878537,20015.0,415.4772757842507,0.3597122302158273,277,255,1,0,254,255,66765,23,0,0,23,0
2020-08-10,US,Kansas,Chase,48,0,0,38.30292938,-96.59563862,20017.0,1812.6888217522653,0.0,48,42,0,0,42,42,2629,6,0,0,6,0
2020-08-10,US,Kansas,Chautauqua,6,0,0,37.14994405,-96.2454192,20019.0,184.61538461538456,0.0,6,5,0,0,5,5,3309,1,0,0,1,0
2020-08-10,US,Kansas,Cherokee,129,1,0,37.16928494,-94.8462897,20021.0,646.9732684688299,0.7751937984496124,128,118,1,0,117,118,20015,11,0,0,11,0
2020-08-10,US,Kansas,Cheyenne,3,0,0,39.78580976,-101.7318201,20023.0,112.90929619872036,0.0,3,3,0,0,3,3,2660,0,0,0,0,0
2020-08-10,US,Kansas,Clark,44,1,0,37.23577007,-99.81883015,20025.0,2206.6198595787364,2.272727272727273,43,44,1,0,43,44,2005,0,0,0,0,0
2020-08-10,US,Kansas,Clay,20,2,0,39.34948772,-97.16518128,20027.0,249.9375156210947,10.0,18,20,2,0,18,20,7997,0,0,0,0,0
2020-08-10,US,Kansas,Cloud,37,0,0,39.48028352,-97.64925343,20029.0,421.1245162758935,0.0,37,32,0,0,32,32,8729,5,0,0,5,0
2020-08-10,US,Kansas,Coffey,67,8,0,38.2365018,-95.73379515,20031.0,819.1710478053552,11.940298507462687,59,67,8,0,59,67,8233,0,0,0,0,0
2020-08-10,US,Kansas,Comanche,6,0,0,37.19114520000001,-99.27113247,20033.0,352.94117647058823,0.0,6,5,0,0,5,5,1748,1,0,0,1,0
2020-08-10,US,Kansas,Cowley,173,2,0,37.23781842,-96.83776647,20035.0,495.58840380428563,1.1560693641618498,171,165,2,0,163,165,35218,8,0,0,8,0
2020-08-10,US,Kansas,Crawford,385,1,0,37.50675523,-94.85245778,20037.0,991.8079241588954,0.2597402597402597,384,380,1,0,379,380,39019,5,0,0,5,0
2020-08-10,US,Kansas,Decatur,5,0,0,39.78468441,-100.45940809999999,20039.0,176.86593562079943,0.0,5,5,0,0,5,5,2871,0,0,0,0,0
2020-08-10,US,Kansas,Dickinson,48,1,0,38.86600962,-97.15532383,20041.0,259.9371818477201,2.083333333333333,47,47,1,0,46,47,18717,1,0,0,1,0
2020-08-10,US,Kansas,Doniphan,48,0,0,39.79067154,-95.14056866,20043.0,631.578947368421,0.0,48,48,0,0,48,48,7682,0,0,0,0,0
2020-08-10,US,Kansas,Douglas,744,5,0,38.88503636,-95.2925121,20045.0,608.544156258435,0.6720430107526881,739,714,5,0,709,714,121436,30,0,0,30,0
2020-08-10,US,Kansas,Edwards,10,0,0,37.88735543,-99.31263309,20047.0,357.39814152966414,0.0,10,10,0,0,10,10,2849,0,0,0,0,0
2020-08-10,US,Kansas,Elk,1,0,0,37.45338105,-96.24369667,20049.0,39.52569169960474,0.0,1,1,0,0,1,1,2508,0,0,0,0,0
2020-08-10,US,Kansas,Ellis,145,1,0,38.91458712,-99.31751551,20051.0,507.827548768956,0.6896551724137931,144,141,1,0,140,141,28710,4,0,0,4,0
2020-08-10,US,Kansas,Ellsworth,21,0,0,38.69677695,-98.20462799,20053.0,344.14945919370695,0.0,21,21,0,0,21,21,6196,0,0,0,0,0
2020-08-10,US,Kansas,Finney,1787,10,0,38.04340344,-100.73819379999999,20055.0,4900.320838017934,0.5595970900951315,1777,1783,10,0,1773,1783,36611,4,0,0,4,0
2020-08-10,US,Kansas,Ford,2088,10,0,37.69200114,-99.88825298,20057.0,6210.77366965109,0.4789272030651341,2078,2069,8,0,2061,2069,33888,19,2,0,17,0
2020-08-10,US,Kansas,Franklin,178,1,0,38.56443815,-95.28644341,20059.0,696.8368305668649,0.5617977528089888,177,178,1,0,177,178,25631,0,0,0,0,0
2020-08-10,US,Kansas,Geary,148,2,0,38.99871131,-96.7577178,20061.0,467.3192295547837,1.351351351351351,146,140,2,0,138,140,32594,8,0,0,8,0
2020-08-10,US,Kansas,Gove,6,0,0,38.91588178,-100.4829321,20063.0,227.6176024279211,0.0,6,6,0,0,6,6,2612,0,0,0,0,0
2020-08-10,US,Kansas,Graham,17,0,0,39.34987223,-99.88332493,20065.0,684.931506849315,0.0,17,16,0,0,16,16,2492,1,0,0,1,0
2020-08-10,US,Kansas,Grant,114,2,0,37.56227336,-101.3079758,20067.0,1594.4055944055945,1.7543859649122806,112,110,2,0,108,110,7336,4,0,0,4,0
2020-08-10,US,Kansas,Gray,77,0,0,37.73836671,-100.4369088,20069.0,1285.9051436205746,0.0,77,77,0,0,77,77,6033,0,0,0,0,0
2020-08-10,US,Kansas,Greeley,4,0,0,38.4808095,-101.8061079,20071.0,324.67532467532465,0.0,4,4,0,0,4,4,1227,0,0,0,0,0
2020-08-10,US,Kansas,Greenwood,23,0,0,37.8774388,-96.23250453,20073.0,384.4867937144768,0.0,23,20,0,0,20,20,6055,3,0,0,3,0
2020-08-10,US,Kansas,Hamilton,38,0,0,37.99978709,-101.7921066,20075.0,1496.6522252855455,0.0,38,37,0,0,37,37,2607,1,0,0,1,0
2020-08-10,US,Kansas,Harper,12,0,0,37.19175361,-98.07578384,20077.0,220.7505518763797,0.0,12,10,0,0,10,10,5506,2,0,0,2,0
2020-08-10,US,Kansas,Harvey,204,1,0,38.04293782,-97.42747573,20079.0,592.5237445177031,0.4901960784313725,203,194,1,0,193,194,34210,10,0,0,10,0
2020-08-10,US,Kansas,Haskell,44,0,0,37.562039399999996,-100.8710738,20081.0,1108.8709677419354,0.0,44,44,0,0,44,44,3997,0,0,0,0,0
2020-08-10,US,Kansas,Hodgeman,11,0,0,38.08780079,-99.89829881,20083.0,613.1549609810479,0.0,11,11,0,0,11,11,1818,0,0,0,0,0
2020-08-10,US,Kansas,Jackson,148,1,0,39.41673394,-95.79356799,20085.0,1123.6808139093464,0.6756756756756757,147,146,1,0,145,146,13280,2,0,0,2,0
2020-08-10,US,Kansas,Jefferson,76,0,0,39.2347941,-95.38289232,20087.0,399.09678096938507,0.0,76,76,0,0,76,76,18975,0,0,0,0,0
2020-08-10,US,Kansas,Jewell,12,1,0,39.78470589,-98.21820662,20089.0,416.8113928447378,8.333333333333334,11,11,0,0,11,11,2841,1,1,0,0,0
2020-08-10,US,Kansas,Johnson,5800,103,0,38.88548175,-94.82250877,20091.0,962.8138067499887,1.7758620689655171,5697,5703,103,0,5600,5643,597555,97,0,0,97,60
2020-08-10,US,Kansas,Kearny,63,1,0,38.00017981,-101.32168100000001,20093.0,1641.479937467431,1.5873015873015872,62,59,1,0,58,59,3943,4,0,0,4,0
2020-08-10,US,Kansas,Kingman,21,0,0,37.55909527,-98.13638678,20095.0,293.6241610738255,0.0,21,17,0,0,17,17,7310,4,0,0,4,0
2020-08-10,US,Kansas,Kiowa,8,0,0,37.55848695,-99.2856537,20097.0,323.2323232323232,0.0,8,7,0,0,7,7,2516,1,0,0,1,0
2020-08-10,US,Kansas,Labette,138,1,0,37.19113093,-95.29849679,20099.0,703.4356203486592,0.7246376811594203,137,133,0,0,133,133,19964,5,1,0,4,0
2020-08-10,US,Kansas,Lane,5,0,0,38.48119447,-100.46607540000001,20101.0,325.73289902280135,0.0,5,5,0,0,5,5,1560,0,0,0,0,0
2020-08-10,US,Kansas,Leavenworth,1483,9,0,39.20183497,-95.03620809,20103.0,1813.8897722547028,0.6068779501011463,1474,1459,8,0,1451,1459,81352,24,1,0,23,0
2020-08-10,US,Kansas,Lincoln,6,0,0,39.04549684,-98.20756994,20105.0,202.56583389601624,0.0,6,6,0,0,6,6,3023,0,0,0,0,0
2020-08-10,US,Kansas,Linn,40,0,0,38.21267844,-94.84254089,20107.0,412.2436359888694,0.0,40,35,0,0,35,35,9750,5,0,0,5,0
2020-08-10,US,Kansas,Logan,2,0,0,38.91735806,-101.148475,20109.0,71.58196134574086,0.0,2,2,0,0,2,2,2844,0,0,0,0,0
2020-08-10,US,Kansas,Lyon,710,14,0,38.45576156,-96.15275715,20111.0,2138.876336797711,1.971830985915493,696,697,13,0,684,697,33406,13,1,0,12,0
2020-08-10,US,Kansas,Marion,48,1,0,38.35855394,-97.09852509999999,20115.0,403.9044092898014,2.083333333333333,47,48,1,0,47,48,11950,0,0,0,0,0
2020-08-10,US,Kansas,Marshall,10,0,0,39.78359669,-96.52278974,20117.0,103.01844030081385,0.0,10,9,0,0,9,9,9722,1,0,0,1,0
2020-08-10,US,Kansas,McPherson,148,1,0,38.39184858,-97.64769869,20113.0,518.5340901128162,0.6756756756756757,147,142,1,0,141,142,28537,6,0,0,6,0
2020-08-10,US,Kansas,Meade,45,0,0,37.23859987,-100.36483100000001,20119.0,1115.7946937763452,0.0,45,44,0,0,44,44,4146,1,0,0,1,0
2020-08-10,US,Kansas,Miami,134,0,0,38.56383358,-94.83832189,20121.0,391.38943248532286,0.0,134,133,0,0,133,133,33680,1,0,0,1,0
2020-08-10,US,Kansas,Mitchell,27,0,0,39.39331582,-98.20906732,20123.0,451.58053186151534,0.0,27,27,0,0,27,27,6150,0,0,0,0,0
2020-08-10,US,Kansas,Montgomery,170,5,0,37.19236568,-95.74329258,20125.0,534.1041188852932,2.9411764705882355,165,167,5,0,162,164,32120,3,0,0,3,3
2020-08-10,US,Kansas,Morris,12,0,0,38.68827511,-96.65128437,20127.0,213.52313167259786,0.0,12,11,0,0,11,11,5521,1,0,0,1,0
2020-08-10,US,Kansas,Morton,9,2,0,37.19141121,-101.79925190000002,20129.0,347.89331271743333,22.222222222222218,7,9,2,0,7,9,2667,0,0,0,0,0
2020-08-10,US,Kansas,Nemaha,49,1,0,39.78345387,-96.01392079,20131.0,478.93656534063143,2.0408163265306123,48,49,1,0,48,49,10155,0,0,0,0,0
2020-08-10,US,Kansas,Neosho,65,0,0,37.55862897,-95.30670046,20133.0,406.0723433497845,0.0,65,58,0,0,58,58,15951,7,0,0,7,0
2020-08-10,US,Kansas,Ness,6,0,0,38.47974157,-99.91547333,20135.0,218.1818181818182,0.0,6,6,0,0,6,6,2840,0,0,0,0,0
2020-08-10,US,Kansas,Norton,23,0,0,39.78443827,-99.90286639,20137.0,429.0244357396009,0.0,23,23,0,0,23,23,5430,0,0,0,0,0
2020-08-10,US,Kansas,Osage,41,0,0,38.65235984,-95.72707998,20139.0,257.0694087403599,0.0,41,40,0,0,40,40,15941,1,0,0,1,0
2020-08-10,US,Kansas,Osborne,4,0,0,39.3503437,-98.76753828,20141.0,116.92487576731949,0.0,4,4,0,0,4,4,3475,0,0,0,0,0
2020-08-10,US,Kansas,Ottawa,35,0,0,39.13237408,-97.65020313,20143.0,613.6044880785414,0.0,35,34,0,0,34,34,5802,1,0,0,1,0
2020-08-10,US,Kansas,Pawnee,8,0,0,38.18108732,-99.23692334,20145.0,124.72715933894605,0.0,8,7,0,0,7,7,6562,1,0,0,1,0
2020-08-10,US,Kansas,Phillips,51,8,0,39.78465501,-99.34668865,20147.0,974.3981658387466,15.68627450980392,43,51,8,0,43,51,5317,0,0,0,0,0
2020-08-10,US,Kansas,Pottawatomie,108,0,0,39.37925655,-96.34564657,20149.0,442.9315506705491,0.0,108,107,0,0,107,107,24277,1,0,0,1,0
2020-08-10,US,Kansas,Pratt,35,0,0,37.64780729,-98.73922153,20151.0,381.9292885202968,0.0,35,33,0,0,33,33,9378,2,0,0,2,0
2020-08-10,US,Kansas,Reno,284,1,0,37.95230263,-98.08607292,20155.0,458.0792928804155,0.35211267605633795,283,273,1,0,272,272,62342,11,0,0,11,1
2020-08-10,US,Kansas,Republic,32,0,0,39.82799632,-97.65036709,20157.0,690.2502157031925,0.0,32,32,0,0,32,32,4664,0,0,0,0,0
2020-08-10,US,Kansas,Rice,39,0,0,38.34616184,-98.19992118,20159.0,408.9336269267065,0.0,39,37,0,0,37,37,9531,2,0,0,2,0
2020-08-10,US,Kansas,Riley,483,5,0,39.28935726,-96.73420026,20161.0,650.6627869382478,1.0351966873706004,478,477,5,0,472,477,73703,6,0,0,6,0
2020-08-10,US,Kansas,Rooks,18,0,0,39.35022773,-99.32484567,20163.0,365.8536585365854,0.0,18,17,0,0,17,17,5013,1,0,0,1,0
2020-08-10,US,Kansas,Rush,6,0,0,38.52275276,-99.30863983,20165.0,197.6284584980237,0.0,6,6,0,0,6,6,3093,0,0,0,0,0
2020-08-10,US,Kansas,Russell,16,0,0,38.91462787,-98.76254297,20167.0,233.37222870478413,0.0,16,13,0,0,13,13,6907,3,0,0,3,0
2020-08-10,US,Kansas,Saline,384,5,0,38.78369175,-97.65185177,20169.0,708.1735025081143,1.3020833333333333,379,372,5,0,367,372,54401,12,0,0,12,0
2020-08-10,US,Kansas,Scott,52,0,0,38.48222076,-100.90665390000001,20171.0,1078.167115902965,0.0,52,47,0,0,47,47,4897,5,0,0,5,0
2020-08-10,US,Kansas,Sedgwick,4945,44,0,37.6842718,-97.4608198,20173.0,958.2553358060004,0.8897876643073812,4901,4878,44,0,4834,4818,513607,67,0,0,67,60
2020-08-10,US,Kansas,Seward,1220,4,0,37.19324632,-100.85072009999999,20175.0,5693.485159604256,0.3278688524590164,1216,1220,4,0,1216,1220,21780,0,0,0,0,0
2020-08-10,US,Kansas,Shawnee,1588,19,0,39.04100763,-95.75572640000001,20177.0,897.8091872791521,1.1964735516372795,1569,1550,19,0,1531,1509,177499,38,0,0,38,41
2020-08-10,US,Kansas,Sheridan,7,0,0,39.35018161,-100.44182590000001,20179.0,277.66759222530743,0.0,7,7,0,0,7,7,2533,0,0,0,0,0
2020-08-10,US,Kansas,Sherman,16,0,0,39.35147699,-101.71976240000001,20181.0,270.4073009971269,0.0,16,15,0,0,15,15,5899,1,0,0,1,0
2020-08-10,US,Kansas,Smith,3,0,0,39.78516566,-98.78566062,20183.0,83.72871895060004,0.0,3,3,0,0,3,3,3603,0,0,0,0,0
2020-08-10,US,Kansas,Stafford,5,1,0,38.03100851,-98.71762001,20185.0,120.30798845043311,20.0,4,3,1,0,2,3,4178,2,0,0,2,0
2020-08-10,US,Kansas,Stanton,20,1,0,37.56304714,-101.78435340000001,20187.0,997.0089730807578,5.0,19,18,1,0,17,18,1987,2,0,0,2,0
2020-08-10,US,Kansas,Stevens,46,0,0,37.1923008,-101.3118967,20189.0,838.6508659981769,0.0,46,45,0,0,45,45,5559,1,0,0,1,0
2020-08-10,US,Kansas,Sumner,101,3,0,37.23682549,-97.47721621,20191.0,442.28411280434403,2.9702970297029703,98,99,3,0,96,99,22996,2,0,0,2,0
2020-08-10,US,Kansas,Thomas,39,0,0,39.35107575,-101.0553705,20193.0,501.4787193005015,0.0,39,38,0,0,38,36,7711,1,0,0,1,2
2020-08-10,US,Kansas,Trego,6,1,0,38.91467218,-99.87284448,20195.0,214.05636817695327,16.666666666666668,5,6,1,0,5,6,2793,0,0,0,0,0
2020-08-10,US,Kansas,Unassigned,0,1,0,0.0,0.0,90020.0,0.0,0.0,-1,0,1,0,-1,0,,0,0,0,0,0
2020-08-10,US,Kansas,Wabaunsee,43,0,0,38.95471985,-96.20350509,20197.0,620.4010965228682,0.0,43,42,0,0,42,42,6899,1,0,0,1,0
2020-08-10,US,Kansas,Washington,1,0,0,39.78420784,-97.08753229999999,20201.0,18.49796522382538,0.0,1,1,0,0,1,1,5420,0,0,0,0,0
2020-08-10,US,Kansas,Wichita,4,0,0,38.48178252,-101.3471509,20203.0,188.76828692779614,0.0,4,4,0,0,4,4,2105,0,0,0,0,0
2020-08-10,US,Kansas,Wilson,11,0,0,37.55937174,-95.74323255,20205.0,129.03225806451613,0.0,11,11,0,0,11,11,8665,0,0,0,0,0
2020-08-10,US,Kansas,Woodson,12,0,0,37.8865336,-95.74006277,20207.0,382.4091778202677,0.0,12,11,0,0,11,11,3183,1,0,0,1,0
2020-08-10,US,Kansas,Wyandotte,4916,99,0,39.11727348,-94.76378225,20209.0,2971.667603624516,2.013832384052075,4817,4896,99,0,4797,4864,165324,20,0,0,20,32
2020-08-10,US,Kentucky,Adair,205,19,0,37.10459774,-85.28129668,21001.0,1067.597125299448,9.268292682926827,186,201,19,0,182,203,19215,4,0,0,4,-2
2020-08-10,US,Kentucky,Allen,226,8,0,36.75197631,-86.19457544,21003.0,1060.2861834388927,3.5398230088495577,218,226,8,0,218,226,21122,0,0,0,0,0
2020-08-10,US,Kentucky,Anderson,84,1,0,38.00671029,-84.99171713,21005.0,369.279465424012,1.1904761904761905,83,84,1,0,83,83,22663,0,0,0,0,1
2020-08-10,US,Kentucky,Ballard,35,0,0,37.05842757,-88.99427697,21007.0,443.71196754563897,0.0,35,35,0,0,35,36,7979,0,0,0,0,-1
2020-08-10,US,Kentucky,Barren,364,2,0,36.96469836,-85.93338945,21009.0,822.6174602815883,0.5494505494505495,362,364,2,0,362,362,44176,0,0,0,0,2
2020-08-10,US,Kentucky,Bath,37,1,0,38.14735938,-83.74588932,21011.0,296.0,2.702702702702702,36,37,1,0,36,37,12383,0,0,0,0,0
2020-08-10,US,Kentucky,Bell,312,4,0,36.73355174,-83.67766671,21013.0,1198.5248924400735,1.2820512820512822,308,312,4,0,308,312,26569,0,0,0,0,0
2020-08-10,US,Kentucky,Boone,1104,24,0,38.97065142,-84.72615357,21015.0,826.4648415568083,2.1739130434782608,1080,1104,24,0,1080,1097,131533,0,0,0,0,7
2020-08-10,US,Kentucky,Bourbon,83,1,0,38.2054607,-84.21827874,21017.0,419.44612896705075,1.2048192771084338,82,81,1,0,80,78,20184,2,0,0,2,3
2020-08-10,US,Kentucky,Boyd,191,3,0,38.36176608,-82.68652187,21019.0,408.83599469155365,1.5706806282722514,188,190,3,0,187,190,47240,1,0,0,1,0
2020-08-10,US,Kentucky,Boyle,154,0,0,37.62680923,-84.8633779,21021.0,512.3087159015303,0.0,154,154,0,0,154,155,30100,0,0,0,0,-1
2020-08-10,US,Kentucky,Bracken,34,0,0,38.69158994,-84.08532444,21023.0,409.49054558593286,0.0,34,34,0,0,34,33,8239,0,0,0,0,1
2020-08-10,US,Kentucky,Breathitt,31,0,0,37.52333168,-83.31959161,21025.0,245.4473475851148,0.0,31,31,0,0,31,28,12726,0,0,0,0,3
2020-08-10,US,Kentucky,Breckinridge,74,2,0,37.77377239,-86.42885017,21027.0,361.3810616789569,2.702702702702702,72,70,2,0,68,67,20388,4,0,0,4,3
2020-08-10,US,Kentucky,Bullitt,373,5,0,37.97162523,-85.68955617,21029.0,456.6825015916549,1.3404825737265416,368,374,5,0,369,363,81069,-1,0,0,-1,11
2020-08-10,US,Kentucky,Butler,293,15,0,37.20946153,-86.68748787,21031.0,2275.021352589487,5.119453924914676,278,293,15,0,278,294,12772,0,0,0,0,-1
2020-08-10,US,Kentucky,Caldwell,53,0,0,37.14749129,-87.86948214,21033.0,415.78410606417197,0.0,53,53,0,0,53,52,12715,0,0,0,0,1
2020-08-10,US,Kentucky,Calloway,244,4,0,36.62093411,-88.2731593,21035.0,625.6249839747699,1.639344262295082,240,242,4,0,238,230,39135,2,0,0,2,12
2020-08-10,US,Kentucky,Campbell,571,13,0,38.94384345,-84.37875208,21037.0,610.1470336809713,2.276707530647986,558,569,13,0,556,567,93152,2,0,0,2,2
2020-08-10,US,Kentucky,Carlisle,43,1,0,36.85372876,-88.96692220000001,21039.0,903.3613445378153,2.3255813953488373,42,43,1,0,42,42,4771,0,0,0,0,1
2020-08-10,US,Kentucky,Carroll,158,2,0,38.66599534,-85.12601074,21041.0,1486.2195466089734,1.2658227848101269,156,158,2,0,156,158,10737,0,0,0,0,0
2020-08-10,US,Kentucky,Carter,101,1,0,38.31690743,-83.05092385,21043.0,376.90786282046486,0.99009900990099,100,101,1,0,100,101,27004,0,0,0,0,0
2020-08-10,US,Kentucky,Casey,189,10,0,37.32533118,-84.92726209,21045.0,1169.6268333436474,5.291005291005291,179,188,10,0,178,175,15888,1,0,0,1,13
2020-08-10,US,Kentucky,Christian,502,8,0,36.89267803,-87.49055367,21047.0,712.4508593406282,1.593625498007968,494,501,8,0,493,500,71671,1,0,0,1,1
2020-08-10,US,Kentucky,Clark,166,7,0,37.9689263,-84.14615986,21049.0,457.7668698122053,4.216867469879518,159,166,7,0,159,166,36249,0,0,0,0,0
2020-08-10,US,Kentucky,Clay,152,5,0,37.16451126,-83.712575,21051.0,763.7807145369577,3.2894736842105265,147,152,5,0,147,150,20105,0,0,0,0,2
2020-08-10,US,Kentucky,Clinton,36,1,0,36.72581156,-85.13377529,21053.0,352.3194362889019,2.7777777777777777,35,32,1,0,31,29,10206,4,0,0,4,3
2020-08-10,US,Kentucky,Crittenden,31,1,0,37.35839237,-88.08826090000002,21055.0,352.03270497388144,3.2258064516129035,30,31,1,0,30,30,8915,0,0,0,0,1
2020-08-10,US,Kentucky,Cumberland,57,0,0,36.78926125,-85.39050034,21057.0,861.8082854550952,0.0,57,57,0,0,57,49,6659,0,0,0,0,8
2020-08-10,US,Kentucky,Daviess,765,9,0,37.73028906,-87.09019479999998,21059.0,753.6129089458285,1.1764705882352942,756,765,9,0,756,765,101104,0,0,0,0,0
2020-08-10,US,Kentucky,Edmonson,108,12,0,37.21218923,-86.23955613,21061.0,888.8888888888887,11.111111111111109,96,106,12,0,94,101,12274,2,0,0,2,5
2020-08-10,US,Kentucky,Elliott,11,0,0,38.11624059,-83.09771563,21063.0,146.33497405880004,0.0,11,11,0,0,11,11,7508,0,0,0,0,0
2020-08-10,US,Kentucky,Estill,22,0,0,37.69241417,-83.95956369,21065.0,155.96200198497093,0.0,22,22,0,0,22,21,14198,0,0,0,0,1
2020-08-10,US,Kentucky,Fayette,3149,47,0,38.0368225,-84.45576892,21067.0,974.464029311284,1.492537313432836,3102,3120,47,0,3073,3071,323780,29,0,0,29,49
2020-08-10,US,Kentucky,Fleming,59,0,0,38.36758311,-83.69657514,21069.0,404.6361703586859,0.0,59,59,0,0,59,58,14432,0,0,0,0,1
2020-08-10,US,Kentucky,Floyd,95,2,0,37.56213922,-82.74750924,21071.0,266.9364129365815,2.1052631578947367,93,95,2,0,93,94,35845,0,0,0,0,1
2020-08-10,US,Kentucky,Franklin,315,7,0,38.2379395,-84.87962551,21073.0,617.7560746014002,2.2222222222222223,308,302,7,0,295,296,50815,13,0,0,13,6
2020-08-10,US,Kentucky,Fulton,83,2,0,36.55238827,-89.20140068,21075.0,1390.5176746523707,2.409638554216868,81,84,2,0,82,79,6120,-1,0,0,-1,5
2020-08-10,US,Kentucky,Gallatin,80,7,0,38.75398691,-84.8558382,21077.0,902.0182658698841,8.75,73,80,7,0,73,79,8832,0,0,0,0,1
2020-08-10,US,Kentucky,Garrard,79,0,0,37.6388668,-84.53289319,21079.0,447.1866862900487,0.0,79,78,0,0,78,75,17560,1,0,0,1,3
2020-08-10,US,Kentucky,Grant,121,5,0,38.64962758,-84.62415957,21081.0,482.66783677051336,4.132231404958676,116,117,5,0,112,115,25121,4,0,0,4,2
2020-08-10,US,Kentucky,Graves,560,25,0,36.72292505,-88.65143315,21083.0,1502.7102452637796,4.464285714285714,535,558,24,0,534,558,37317,2,1,0,1,0
2020-08-10,US,Kentucky,Grayson,202,11,0,37.46231118,-86.34248968,21085.0,764.3697733378741,5.445544554455446,191,201,11,0,190,197,26321,1,0,0,1,4
2020-08-10,US,Kentucky,Green,37,2,0,37.26484328,-85.5540745,21087.0,338.17749748651863,5.405405405405406,35,36,2,0,34,31,11049,1,0,0,1,5
2020-08-10,US,Kentucky,Greenup,110,1,0,38.54332505,-82.9215658,21089.0,313.40817140577815,0.9090909090909092,109,110,1,0,109,110,35268,0,0,0,0,0
2020-08-10,US,Kentucky,Hancock,50,0,0,37.83766422,-86.78280584,21091.0,573.2630130703967,0.0,50,50,0,0,50,50,8758,0,0,0,0,0
2020-08-10,US,Kentucky,Hardin,629,8,0,37.6976111,-85.96319251,21093.0,566.8811622415689,1.2718600953895072,621,619,8,0,611,604,110356,10,0,0,10,15
2020-08-10,US,Kentucky,Harlan,232,3,0,36.85699301,-83.21899516,21095.0,891.9646289888504,1.293103448275862,229,232,3,0,229,231,26409,0,0,0,0,1
2020-08-10,US,Kentucky,Harrison,121,0,0,38.44188174,-84.32869741,21097.0,640.6862225987504,0.0,121,121,0,0,121,121,18778,0,0,0,0,0
2020-08-10,US,Kentucky,Hart,100,0,0,37.29943898,-85.88461055,21099.0,525.3480430785395,0.0,100,99,0,0,99,96,18906,1,0,0,1,3
2020-08-10,US,Kentucky,Henderson,344,3,0,37.79344553,-87.57392021,21101.0,760.8936076089361,0.8720930232558141,341,344,3,0,341,343,45591,0,0,0,0,1
2020-08-10,US,Kentucky,Henry,120,2,0,38.44942688,-85.11587507,21103.0,744.1398983008804,1.6666666666666667,118,120,2,0,118,121,16106,0,0,0,0,-1
2020-08-10,US,Kentucky,Hickman,49,0,0,36.67948079999999,-88.97875928,21105.0,1118.7214611872146,0.0,49,48,0,0,48,42,4421,1,0,0,1,6
2020-08-10,US,Kentucky,Hopkins,421,33,0,37.30939025,-87.54670406,21107.0,942.1295260260484,7.838479809976247,388,421,33,0,388,421,45068,0,0,0,0,0
2020-08-10,US,Kentucky,Jackson,150,14,0,37.41866422,-83.99825483,21109.0,1125.3657438667567,9.333333333333334,136,150,14,0,136,150,13442,0,0,0,0,0
2020-08-10,US,Kentucky,Jefferson,8188,237,0,38.18664655,-85.65931031,21111.0,1067.8741765644136,2.89447972642892,7951,8084,237,0,7847,7984,770517,104,0,0,104,100
2020-08-10,US,Kentucky,Jessamine,344,0,0,37.87119786,-84.58252003,21113.0,635.6832671163262,0.0,344,340,0,0,340,340,53920,4,0,0,4,0
2020-08-10,US,Kentucky,Johnson,49,0,0,37.85106355,-82.8264322,21115.0,220.8400937443664,0.0,49,49,0,0,49,50,22386,0,0,0,0,-1
2020-08-10,US,Kentucky,Kenton,1416,41,0,38.93950319,-84.53241199,21117.0,847.9143462795962,2.8954802259887007,1375,1410,41,0,1369,1402,166051,6,0,0,6,8
2020-08-10,US,Kentucky,Knott,60,1,0,37.35388197,-82.94981134,21119.0,405.241118465487,1.6666666666666667,59,57,1,0,56,54,15126,3,0,0,3,3
2020-08-10,US,Kentucky,Knox,235,8,0,36.89225732,-83.85403396,21121.0,754.5352384010274,3.404255319148936,227,235,8,0,227,232,31304,0,0,0,0,3
2020-08-10,US,Kentucky,Larue,56,1,0,37.54567114,-85.70138352,21123.0,388.9429087373246,1.7857142857142858,55,54,1,0,53,55,14307,2,0,0,2,-1
2020-08-10,US,Kentucky,Laurel,433,5,0,37.10975748,-84.11321779,21125.0,712.0188117672208,1.1547344110854505,428,433,5,0,428,432,60669,0,0,0,0,1
2020-08-10,US,Kentucky,Lawrence,36,0,0,38.07136018,-82.72882223,21127.0,235.03296990272247,0.0,36,36,0,0,36,36,15571,0,0,0,0,0
2020-08-10,US,Kentucky,Lee,6,0,0,37.59645942,-83.71513901,21129.0,81.04822369309741,0.0,6,6,0,0,6,7,7033,0,0,0,0,-1
2020-08-10,US,Kentucky,Leslie,31,0,0,37.09246661,-83.37999606,21131.0,313.8604839526172,0.0,31,30,0,0,30,30,10143,1,0,0,1,0
2020-08-10,US,Kentucky,Letcher,59,0,0,37.12306748,-82.85346474,21133.0,273.74379436737337,0.0,59,59,0,0,59,60,21899,0,0,0,0,-1
2020-08-10,US,Kentucky,Lewis,41,0,0,38.53184419,-83.37735618,21135.0,308.85122410546137,0.0,41,41,0,0,41,40,13257,0,0,0,0,1
2020-08-10,US,Kentucky,Lincoln,106,2,0,37.45475628,-84.6565327,21137.0,431.7894822599699,1.8867924528301887,104,105,1,0,104,102,24644,1,1,0,0,3
2020-08-10,US,Kentucky,Livingston,35,1,0,37.21137452,-88.34797529,21139.0,380.68305416576027,2.8571428571428568,34,35,1,0,34,33,9242,0,0,0,0,2
2020-08-10,US,Kentucky,Logan,328,23,0,36.85949479,-86.877635,21141.0,1210.2427865102204,7.012195121951219,305,328,23,0,305,327,26989,0,0,0,0,1
2020-08-10,US,Kentucky,Lyon,32,4,0,37.02080035,-88.07886257,21143.0,389.768574908648,12.5,28,32,4,0,28,33,8009,0,0,0,0,-1
2020-08-10,US,Kentucky,Madison,516,1,0,37.71659336,-84.27220275,21151.0,554.9162786195919,0.1937984496124031,515,505,1,0,504,492,92368,11,0,0,11,13
2020-08-10,US,Kentucky,Magoffin,39,0,0,37.70820545,-83.0657714,21153.0,320.69731107639177,0.0,39,39,0,0,39,39,12362,0,0,0,0,0
2020-08-10,US,Kentucky,Marion,124,0,0,37.55218078,-85.26898542,21155.0,643.3871218803507,0.0,124,119,0,0,119,121,19404,5,0,0,5,-2
2020-08-10,US,Kentucky,Marshall,138,2,0,36.88007070000001,-88.32803576,21157.0,443.7299035369775,1.4492753623188406,136,137,2,0,135,137,31191,1,0,0,1,0
2020-08-10,US,Kentucky,Martin,36,0,0,37.79990579,-82.51247478,21159.0,321.5721304153641,0.0,36,36,0,0,36,36,11323,0,0,0,0,0
2020-08-10,US,Kentucky,Mason,54,1,0,38.59471935,-83.82151043,21161.0,316.3444639718805,1.851851851851852,53,54,1,0,53,54,17150,0,0,0,0,0
2020-08-10,US,Kentucky,McCracken,367,4,0,37.05350953,-88.70445755,21145.0,561.0076737289431,1.0899182561307903,363,366,4,0,362,366,65346,1,0,0,1,0
2020-08-10,US,Kentucky,McCreary,41,0,0,36.73874143,-84.48102924,21147.0,237.9432418315826,0.0,41,40,0,0,40,38,17408,1,0,0,1,2
2020-08-10,US,Kentucky,McLean,42,1,0,37.5301951,-87.26803443,21149.0,456.1746497230368,2.380952380952381,41,42,1,0,41,42,9252,0,0,0,0,0
2020-08-10,US,Kentucky,Meade,94,2,0,37.96163597,-86.21028219,21163.0,328.99342013159736,2.127659574468085,92,94,2,0,92,99,28715,0,0,0,0,-5
2020-08-10,US,Kentucky,Menifee,28,0,0,37.94090733,-83.59985712,21165.0,431.4994606256742,0.0,28,28,0,0,28,28,6451,0,0,0,0,0
2020-08-10,US,Kentucky,Mercer,83,0,0,37.81474237,-84.87488475,21167.0,378.42520403045637,0.0,83,83,0,0,83,82,21774,0,0,0,0,1
2020-08-10,US,Kentucky,Metcalfe,60,2,0,36.99459295,-85.63123699,21169.0,595.7700327673517,3.333333333333333,58,60,2,0,58,58,10030,0,0,0,0,2
2020-08-10,US,Kentucky,Monroe,94,2,0,36.71225341,-85.71596443,21171.0,882.6291079812205,2.127659574468085,92,94,2,0,92,94,10718,0,0,0,0,0
2020-08-10,US,Kentucky,Montgomery,121,0,0,38.03253032,-83.9145241,21173.0,429.7332812444509,0.0,121,121,0,0,121,120,28203,0,0,0,0,1
2020-08-10,US,Kentucky,Morgan,31,0,0,37.92465657,-83.25558245,21175.0,232.92508828612216,0.0,31,31,0,0,31,31,13345,0,0,0,0,0
2020-08-10,US,Kentucky,Muhlenberg,626,11,0,37.21425819,-87.14632053,21177.0,2044.2818888380905,1.757188498402556,615,626,11,0,615,620,30774,0,0,0,0,6
2020-08-10,US,Kentucky,Nelson,218,2,0,37.80335779,-85.4657193,21179.0,471.5246685268098,0.9174311926605504,216,216,2,0,214,215,45851,2,0,0,2,1
2020-08-10,US,Kentucky,Nicholas,20,0,0,38.33342292,-84.01889177,21181.0,275.14100976750586,0.0,20,20,0,0,20,20,7166,0,0,0,0,0
2020-08-10,US,Kentucky,Ohio,356,8,0,37.47751843,-86.85368087,21183.0,1483.7042593981828,2.247191011235955,348,356,8,0,348,358,24087,0,0,0,0,-2
2020-08-10,US,Kentucky,Oldham,632,15,0,38.39791089,-85.448222,21185.0,946.1219479333523,2.373417721518988,617,632,15,0,617,620,66470,0,0,0,0,12
2020-08-10,US,Kentucky,Owen,48,0,0,38.51679143,-84.82404619,21187.0,440.3265755435281,0.0,48,48,0,0,48,48,10880,0,0,0,0,0
2020-08-10,US,Kentucky,Owsley,12,0,0,37.42823949,-83.68811419,21189.0,271.8006795016988,0.0,12,12,0,0,12,13,4472,0,0,0,0,-1
2020-08-10,US,Kentucky,Pendleton,44,0,0,38.69607718,-84.35599463,21191.0,301.5764222069912,0.0,44,44,0,0,44,45,14529,0,0,0,0,-1
2020-08-10,US,Kentucky,Perry,226,3,0,37.25023553,-83.22922731,21193.0,877.3973134560136,1.327433628318584,223,224,3,0,221,222,26092,2,0,0,2,2
2020-08-10,US,Kentucky,Pike,249,3,0,37.47088263,-82.39487445,21195.0,430.2301472112793,1.2048192771084338,246,249,3,0,246,250,58402,0,0,0,0,-1
2020-08-10,US,Kentucky,Powell,59,0,0,37.83218794,-83.82553961,21197.0,477.38490169107536,0.0,59,53,0,0,53,53,12442,6,0,0,6,0
2020-08-10,US,Kentucky,Pulaski,309,5,0,37.10466131,-84.57629079,21199.0,475.5382508194955,1.6181229773462784,304,298,5,0,293,279,64623,11,0,0,11,19
2020-08-10,US,Kentucky,Robertson,3,0,0,38.51923469,-84.05055616,21201.0,142.31499051233396,0.0,3,3,0,0,3,3,2135,0,0,0,0,0
2020-08-10,US,Kentucky,Rockcastle,71,0,0,37.36642393,-84.31176452,21203.0,425.27702905061403,0.0,71,71,0,0,71,69,16750,0,0,0,0,2
2020-08-10,US,Kentucky,Rowan,70,0,0,38.19484205,-83.42088935,21205.0,286.18152085036814,0.0,70,70,0,0,70,69,24583,0,0,0,0,1
2020-08-10,US,Kentucky,Russell,111,5,0,36.99308373,-85.06070117,21207.0,619.3159627294538,4.504504504504505,106,108,5,0,103,108,17821,3,0,0,3,0
2020-08-10,US,Kentucky,Scott,378,0,0,38.29622293,-84.5816631,21209.0,663.1113606062733,0.0,378,377,0,0,377,373,56031,1,0,0,1,4
2020-08-10,US,Kentucky,Shelby,774,21,0,38.21476019,-85.194223,21211.0,1578.8185378590078,2.713178294573644,753,773,21,0,752,770,48518,1,0,0,1,3
2020-08-10,US,Kentucky,Simpson,150,7,0,36.74058474,-86.58047435,21213.0,807.6674563859572,4.666666666666667,143,150,7,0,143,149,18529,0,0,0,0,1
2020-08-10,US,Kentucky,Spencer,121,0,0,38.03223971,-85.32749335,21215.0,625.2906826520592,0.0,121,120,0,0,120,113,18794,1,0,0,1,7
2020-08-10,US,Kentucky,Taylor,137,2,0,37.3677562,-85.3329931,21217.0,531.6465520586752,1.45985401459854,135,131,2,0,129,113,25549,6,0,0,6,18
2020-08-10,US,Kentucky,Todd,35,0,0,36.8381152,-87.17878374,21219.0,284.691719537986,0.0,35,35,0,0,35,35,12311,0,0,0,0,0
2020-08-10,US,Kentucky,Trigg,54,0,0,36.80767017,-87.87333656,21221.0,368.57552385502714,0.0,54,54,0,0,54,53,14643,0,0,0,0,1
2020-08-10,US,Kentucky,Trimble,32,0,0,38.61056487,-85.33775972,21223.0,377.7594144729076,0.0,32,32,0,0,32,33,8515,0,0,0,0,-1
2020-08-10,US,Kentucky,Union,65,0,0,37.66166713,-87.94300009,21225.0,451.9852583269591,0.0,65,65,0,0,65,65,14505,0,0,0,0,0
2020-08-10,US,Kentucky,Warren,2641,22,0,36.99903045,-86.42672751,21227.0,1987.2682398266315,0.8330177962892844,2619,2630,22,0,2608,2617,131264,11,0,0,11,13
2020-08-10,US,Kentucky,Washington,86,0,0,37.75599461,-85.17407732,21229.0,711.0376188507647,0.0,86,85,0,0,85,80,12084,1,0,0,1,5
2020-08-10,US,Kentucky,Wayne,67,0,0,36.80310688,-84.8251971,21231.0,329.51359858358336,0.0,67,66,0,0,66,54,20468,1,0,0,1,12
2020-08-10,US,Kentucky,Webster,89,1,0,37.52168356,-87.67989953,21233.0,687.6835110492967,1.1235955056179776,88,88,1,0,87,88,13111,1,0,0,1,0
2020-08-10,US,Kentucky,Whitley,163,1,0,36.75700531,-84.14541217,21235.0,449.4815795279065,0.6134969325153374,162,163,1,0,162,167,36242,0,0,0,0,-4
2020-08-10,US,Kentucky,Wolfe,14,0,0,37.73941626,-83.49303612,21237.0,195.61268687997762,0.0,14,14,0,0,14,14,7177,0,0,0,0,0
2020-08-10,US,Kentucky,Woodford,156,0,0,38.04178222,-84.7417556,21239.0,583.5265953467492,0.0,156,155,0,0,155,155,26533,1,0,0,1,0
2020-08-10,US,Louisiana,Acadia,2601,85,0,30.2950649,-92.41419698,22001.0,4192.11862357966,3.2679738562091503,2516,2598,83,0,2515,2570,62190,3,2,0,1,28
2020-08-10,US,Louisiana,Allen,1278,30,0,30.65385745,-92.82442028,22003.0,4986.927849533695,2.347417840375587,1248,1276,29,0,1247,1245,25605,2,1,0,1,31
2020-08-10,US,Louisiana,Ascension,2890,74,0,30.20406249,-90.91328409999998,22005.0,2282.708287257907,2.560553633217993,2816,2871,74,0,2797,2798,124672,19,0,0,19,73
2020-08-10,US,Louisiana,Assumption,588,20,0,29.89946234,-91.06461642,22007.0,2686.0353569960253,3.4013605442176873,568,584,20,0,564,577,22300,4,0,0,4,7
2020-08-10,US,Louisiana,Avoyelles,1070,32,0,31.07796211,-92.00079449,22009.0,2665.404543642885,2.9906542056074765,1038,1070,32,0,1038,1021,40462,0,0,0,0,49
2020-08-10,US,Louisiana,Beauregard,835,18,0,30.64836518,-93.34173616,22011.0,2226.844814251807,2.155688622754491,817,833,18,0,815,819,37253,2,0,0,2,14
2020-08-10,US,Louisiana,Bienville,382,30,0,32.34569994,-93.05398492,22013.0,2884.9784759459253,7.853403141361255,352,381,30,0,351,364,13308,1,0,0,1,17
2020-08-10,US,Louisiana,Bossier,2339,81,0,32.67932307,-93.60460152,22015.0,1841.1668857594918,3.4630183839247537,2258,2333,81,0,2252,2311,127185,6,0,0,6,22
2020-08-10,US,Louisiana,Caddo,6688,295,0,32.57991587,-93.88375652,22017.0,2784.3000116567573,4.410885167464115,6393,6668,295,0,6373,6610,242922,20,0,0,20,58
2020-08-10,US,Louisiana,Calcasieu,6815,146,0,30.22931235,-93.35400434,22019.0,3349.9478951611322,2.1423330887747616,6669,6815,146,0,6669,6752,203112,0,0,0,0,63
2020-08-10,US,Louisiana,Caldwell,221,3,0,32.0902519,-92.11752148,22021.0,2228.271828997782,1.3574660633484164,218,218,2,0,216,212,9960,3,1,0,2,6
2020-08-10,US,Louisiana,Cameron,169,0,0,29.87592238,-93.19310676,22023.0,2423.634016922415,0.0,169,168,0,0,168,167,6968,1,0,0,1,1
2020-08-10,US,Louisiana,Catahoula,295,5,0,31.66778967,-91.84526385,22025.0,3107.225616178639,1.6949152542372878,290,293,5,0,288,280,9608,2,0,0,2,13
2020-08-10,US,Louisiana,Claiborne,277,11,0,32.82308512,-92.99526883,22027.0,1767.7089980855137,3.9711191335740073,266,274,11,0,263,251,15944,3,0,0,3,23
2020-08-10,US,Louisiana,Concordia,334,9,0,31.44817835,-91.63814433,22029.0,1734.2541149592398,2.6946107784431144,325,327,9,0,318,303,19572,7,0,0,7,24
2020-08-10,US,Louisiana,De Soto,727,26,0,32.05457447,-93.74130302,22031.0,2647.1980482831445,3.576341127922971,701,722,26,0,696,710,27436,5,0,0,5,12
2020-08-10,US,Louisiana,East Baton Rouge,12244,350,0,30.53842039,-91.09777565,22033.0,2782.3541843252838,2.8585429598170533,11894,12187,347,0,11840,11946,440956,57,3,0,54,241
2020-08-10,US,Louisiana,East Carroll,520,2,0,32.73926954,-91.23425694,22035.0,7579.070106398484,0.38461538461538464,518,519,1,0,518,518,7037,1,1,0,0,1
2020-08-10,US,Louisiana,East Feliciana,591,36,0,30.84425359,-91.04976723,22037.0,3088.5811340475566,6.091370558375634,555,587,36,0,551,567,19305,4,0,0,4,20
2020-08-10,US,Louisiana,Evangeline,895,7,0,30.72985248,-92.39915924,22039.0,2680.0419224434795,0.7821229050279329,888,895,7,0,888,861,33443,0,0,0,0,34
2020-08-10,US,Louisiana,Franklin,938,18,0,32.13675181,-91.67589857,22041.0,4686.48513614789,1.9189765458422172,920,934,17,0,917,896,20156,4,1,0,3,38
2020-08-10,US,Louisiana,Grant,306,18,0,31.59882456,-92.56124347,22043.0,1366.742596810934,5.882352941176472,288,306,18,0,288,298,22482,0,0,0,0,8
2020-08-10,US,Louisiana,Iberia,2539,72,0,29.86803617,-91.75871777,22045.0,3635.9730774738646,2.835762111067349,2467,2532,72,0,2460,2450,70941,7,0,0,7,82
2020-08-10,US,Louisiana,Iberville,1250,48,0,30.25734305,-91.3499598,22047.0,3844.852511457661,3.84,1202,1237,48,0,1189,1219,32721,13,0,0,13,18
2020-08-10,US,Louisiana,Jackson,376,18,0,32.30251776,-92.55692092,22049.0,2388.211382113821,4.787234042553191,358,376,18,0,358,368,15902,0,0,0,0,8
2020-08-10,US,Louisiana,Jefferson,15350,529,0,29.74075478,-90.11115756,22051.0,3549.190391520788,3.446254071661238,14821,15279,529,0,14750,15103,434051,71,0,0,71,176
2020-08-10,US,Louisiana,Jefferson Davis,1028,28,0,30.26896765,-92.81210004,22053.0,3277.2251976536604,2.723735408560312,1000,1024,28,0,996,1005,31582,4,0,0,4,19
2020-08-10,US,Louisiana,LaSalle,305,2,0,31.67884782,-92.15907765,22059.0,2048.079505774913,0.6557377049180327,303,305,2,0,303,283,14917,0,0,0,0,22
2020-08-10,US,Louisiana,Lafayette,7643,96,0,30.2049055,-92.06959876,22055.0,3127.3783706370964,1.2560512887609578,7547,7628,93,0,7535,7468,242782,15,3,0,12,160
2020-08-10,US,Louisiana,Lafourche,2839,99,0,29.52470226,-90.40976986,22057.0,2908.3942877046325,3.4871433603381474,2740,2800,99,0,2701,2759,98115,39,0,0,39,41
2020-08-10,US,Louisiana,Lincoln,805,31,0,32.6003154,-92.6659741,22061.0,1722.2198451071845,3.8509316770186337,774,797,31,0,766,766,47196,8,0,0,8,31
2020-08-10,US,Louisiana,Livingston,2938,51,0,30.44143993,-90.73061664,22063.0,2086.8107593633026,1.735874744724302,2887,2924,51,0,2873,2845,139567,14,0,0,14,79
2020-08-10,US,Louisiana,Madison,613,6,0,32.36918118,-91.23973355,22065.0,5597.662313943932,0.9787928221859706,607,613,6,0,607,609,11161,0,0,0,0,4
2020-08-10,US,Louisiana,Morehouse,531,12,0,32.81686191,-91.80421614,22067.0,2134.7591862989466,2.2598870056497176,519,529,11,0,518,494,25398,2,1,0,1,35
2020-08-10,US,Louisiana,Natchitoches,774,17,0,31.72321584,-93.09816516,22069.0,2028.4081974946273,2.1963824289405687,757,773,17,0,756,761,38659,1,0,0,1,12
2020-08-10,US,Louisiana,Orleans,10768,562,0,30.06971951,-89.92660315,22071.0,2760.00656167979,5.219167904903418,10206,10735,562,0,10173,10637,391006,33,0,0,33,98
2020-08-10,US,Louisiana,Ouachita,4896,113,0,32.47645559,-92.15704172,22073.0,3194.1753273442546,2.3080065359477118,4783,4870,113,0,4757,4787,154475,26,0,0,26,83
2020-08-10,US,Louisiana,Plaquemines,460,19,0,29.42245447,-89.60322085,22075.0,1983.0150450489289,4.130434782608695,441,458,19,0,439,451,23410,2,0,0,2,7
2020-08-10,US,Louisiana,Pointe Coupee,794,32,0,30.71409502,-91.60209535,22077.0,3653.9346525540727,4.030226700251888,762,791,32,0,759,780,21940,3,0,0,3,11
2020-08-10,US,Louisiana,Rapides,3304,114,0,31.19778499,-92.52997303,22079.0,2548.4388498087133,3.4503631961259087,3190,3290,114,0,3176,3223,130562,14,0,0,14,67
2020-08-10,US,Louisiana,Red River,237,12,0,32.09530039,-93.34213308,22081.0,2807.3916133617627,5.063291139240507,225,238,12,0,226,212,8477,-1,0,0,-1,26
2020-08-10,US,Louisiana,Richland,602,8,0,32.41391005,-91.76634876,22083.0,2991.7503230295197,1.32890365448505,594,601,7,0,594,586,20192,1,1,0,0,15
2020-08-10,US,Louisiana,Sabine,647,10,0,31.56388699,-93.55433981,22085.0,2708.9264779768882,1.545595054095827,637,645,10,0,635,622,24032,2,0,0,2,23
2020-08-10,US,Louisiana,St. Bernard,1109,24,0,29.87761636,-89.51887093,22087.0,2347.38802810939,2.1641118124436427,1085,1103,24,0,1079,1091,46721,6,0,0,6,12
2020-08-10,US,Louisiana,St. Charles,1484,52,0,29.90709658,-90.35555967,22089.0,2794.7269303201506,3.5040431266846364,1432,1474,52,0,1422,1442,52879,10,0,0,10,32
2020-08-10,US,Louisiana,St. Helena,267,2,0,30.82210324,-90.71013176,22091.0,2635.21515988946,0.7490636704119851,265,264,2,0,262,258,10262,3,0,0,3,6
2020-08-10,US,Louisiana,St. James,719,32,0,30.02531716,-90.80212061,22093.0,3408.2290481607893,4.450625869262865,687,716,32,0,684,693,21037,3,0,0,3,23
2020-08-10,US,Louisiana,St. John the Baptist,1430,92,0,30.12597499,-90.4753503,22095.0,3338.2356374162523,6.433566433566433,1338,1424,92,0,1332,1403,43184,6,0,0,6,21
2020-08-10,US,Louisiana,St. Landry,2735,90,0,30.59724262,-92.00135806,22097.0,3330.3297452632605,3.2906764168190135,2645,2727,86,0,2641,2631,82764,8,4,0,4,96
2020-08-10,US,Louisiana,St. Martin,1714,46,0,30.13112107,-91.61403569,22099.0,3207.875577848066,2.6837806301050176,1668,1711,45,0,1666,1616,53621,3,1,0,2,95
2020-08-10,US,Louisiana,St. Mary,1611,55,0,29.69262097,-91.44702164,22101.0,3264.5699927048713,3.4140285536933583,1556,1597,54,0,1543,1543,49774,14,1,0,13,54
2020-08-10,US,Louisiana,St. Tammany,5266,214,0,30.40942847,-89.95642711,22103.0,2022.1258817520995,4.063805545005697,5052,5229,214,0,5015,5086,258111,37,0,0,37,143
2020-08-10,US,Louisiana,Tangipahoa,3498,77,0,30.62888673,-90.40664996,22105.0,2595.764258893721,2.2012578616352205,3421,3477,75,0,3402,3397,133777,21,2,0,19,80
2020-08-10,US,Louisiana,Tensas,89,0,0,32.00760749,-91.32915234,22107.0,2053.5302261190586,0.0,89,88,0,0,88,70,4462,1,0,0,1,18
2020-08-10,US,Louisiana,Terrebonne,3057,85,0,29.37343766,-90.82626855,22109.0,2767.492599197907,2.7805037618580304,2972,3035,85,0,2950,2986,111021,22,0,0,22,49
2020-08-10,US,Louisiana,Unassigned,254,118,0,0.0,0.0,90022.0,0.0,46.45669291338583,136,253,118,0,135,213,,1,0,0,1,40
2020-08-10,US,Louisiana,Union,708,33,0,32.83121059,-92.3749373,22111.0,3202.460647729329,4.6610169491525415,675,706,33,0,673,675,22330,2,0,0,2,31
2020-08-10,US,Louisiana,Vermilion,1584,26,0,29.83517605,-92.30292538,22113.0,2661.692796289761,1.6414141414141414,1558,1582,24,0,1558,1529,59830,2,2,0,0,53
2020-08-10,US,Louisiana,Vernon,770,28,0,31.10884837,-93.18153838,22115.0,1623.4793059098865,3.636363636363636,742,768,28,0,740,748,48860,2,0,0,2,20
2020-08-10,US,Louisiana,Washington,1281,58,0,30.85288548,-90.03866652,22117.0,2773.0874139498637,4.527712724434036,1223,1265,58,0,1207,1247,46582,16,0,0,16,18
2020-08-10,US,Louisiana,Webster,894,14,0,32.70847669,-93.33121835,22119.0,2331.7683881064168,1.5659955257270697,880,893,14,0,879,868,38798,1,0,0,1,25
2020-08-10,US,Louisiana,West Baton Rouge,722,37,0,30.46058217,-91.30989571,22121.0,2728.131494426601,5.124653739612189,685,720,37,0,683,701,26427,2,0,0,2,19
2020-08-10,US,Louisiana,West Carroll,294,6,0,32.78550125,-91.461201,22123.0,2714.681440443213,2.0408163265306123,288,293,6,0,287,287,10982,1,0,0,1,6
2020-08-10,US,Louisiana,West Feliciana,348,16,0,30.87882871,-91.4148538,22125.0,2235.35457348407,4.597701149425287,332,347,16,0,331,345,15460,1,0,0,1,2
2020-08-10,US,Louisiana,Winn,425,7,0,31.94449367,-92.63789413,22127.0,3056.6743383199077,1.6470588235294117,418,423,7,0,416,413,14134,2,0,0,2,10
2020-08-10,US,Maine,Androscoggin,565,8,0,44.1664747,-70.20380627,23001.0,521.8098026358322,1.4159292035398232,557,563,8,0,555,558,107679,2,0,0,2,5
2020-08-10,US,Maine,Aroostook,33,1,0,46.65926321,-68.59841248,23003.0,49.21333233912461,3.0303030303030303,32,33,1,0,32,33,67111,0,0,0,0,0
2020-08-10,US,Maine,Cumberland,2089,69,0,43.8370751,-70.37226999,23005.0,708.1283919146588,3.3030157970320726,2020,2088,69,0,2019,2082,293557,1,0,0,1,6
2020-08-10,US,Maine,Franklin,45,1,0,44.97330019,-70.44381045,23007.0,149.01155667406206,2.2222222222222223,44,45,1,0,44,45,29897,0,0,0,0,0
2020-08-10,US,Maine,Hancock,36,1,0,44.59816444,-68.38401854,23009.0,65.47002018658955,2.7777777777777777,35,35,1,0,34,35,54811,1,0,0,1,0
2020-08-10,US,Maine,Kennebec,172,11,0,44.40759555,-69.76738544,23011.0,140.6354761164985,6.395348837209302,161,170,11,0,159,170,122083,2,0,0,2,0
2020-08-10,US,Maine,Knox,27,1,0,44.11486325,-69.10529169,23013.0,67.88695564718898,3.703703703703704,26,27,1,0,26,28,39771,0,0,0,0,-1
2020-08-10,US,Maine,Lincoln,35,1,0,44.05996956,-69.54227124,23015.0,101.05676502858464,2.8571428571428568,34,35,1,0,34,35,34342,0,0,0,0,0
2020-08-10,US,Maine,Oxford,54,0,0,44.49952995,-70.75682123,23017.0,93.14359637774905,0.0,54,53,0,0,53,53,57618,1,0,0,1,0
2020-08-10,US,Maine,Penobscot,150,5,0,45.40194593,-68.65020455,23019.0,98.58821673633568,3.333333333333333,145,152,5,0,147,152,151096,-2,0,0,-2,0
2020-08-10,US,Maine,Piscataquis,4,0,0,45.83839062,-69.2860223,23021.0,23.83080131069407,0.0,4,4,0,0,4,3,16800,0,0,0,0,1
2020-08-10,US,Maine,Sagadahoc,56,0,0,43.95415864,-69.85074999,23023.0,156.1802766622044,0.0,56,56,0,0,56,55,35634,0,0,0,0,1
2020-08-10,US,Maine,Somerset,33,1,0,45.51229767,-69.95995554,23025.0,65.36724506774425,3.0303030303030303,32,33,1,0,32,33,50592,0,0,0,0,0
2020-08-10,US,Maine,Unassigned,2,0,0,0.0,0.0,90023.0,0.0,0.0,2,2,0,0,2,2,,0,0,0,0,0
2020-08-10,US,Maine,Waldo,62,14,0,44.4858305,-69.12061935,23027.0,156.11230013848672,22.580645161290327,48,62,14,0,48,62,39694,0,0,0,0,0
2020-08-10,US,Maine,Washington,13,0,0,45.01607142,-67.62813524,23029.0,41.42898116574779,0.0,13,13,0,0,13,12,31490,0,0,0,0,1
2020-08-10,US,Maine,York,675,12,0,43.47808377,-70.71052375,23031.0,325.0803068758097,1.7777777777777777,663,673,12,0,661,670,206229,2,0,0,2,3
2020-08-10,US,Maryland,Allegany,299,18,0,39.62357628,-78.69280486,24001.0,424.61940468075437,6.020066889632108,281,291,18,0,273,287,70975,8,0,0,8,4
2020-08-10,US,Maryland,Anne Arundel,7416,225,0,39.00670238,-76.60329337,24003.0,1280.3115839194522,3.033980582524272,7191,7361,225,0,7136,7295,576031,55,0,0,55,66
2020-08-10,US,Maryland,Baltimore,13400,563,0,39.45784712,-76.62911955,24005.0,1619.5897844978667,4.201492537313433,12837,13257,563,0,12694,13060,828431,143,0,0,143,197
2020-08-10,US,Maryland,Baltimore City,12704,430,0,39.30211911,-76.61151012,24510.0,2140.5583918852885,3.3847607052896724,12274,12547,428,0,12119,12375,621342,157,2,0,155,172
2020-08-10,US,Maryland,Calvert,707,28,0,38.53961642,-76.56820632,24009.0,764.1178059983788,3.96039603960396,679,697,28,0,669,685,92003,10,0,0,10,12
2020-08-10,US,Maryland,Caroline,453,3,0,38.87172293,-75.82904158,24011.0,1356.0438244626714,0.6622516556291391,450,451,3,0,448,445,33304,2,0,0,2,6
2020-08-10,US,Maryland,Carroll,1554,117,0,39.56453592,-77.02373735,24013.0,922.54537035388,7.528957528957528,1437,1546,117,0,1429,1537,168429,8,0,0,8,9
2020-08-10,US,Maryland,Cecil,706,30,0,39.56647682,-75.94627411,24015.0,686.4031889553255,4.2492917847025495,676,702,30,0,672,698,102826,4,0,0,4,4
2020-08-10,US,Maryland,Charles,2040,91,0,38.51092331,-76.98580666,24017.0,1249.5635715467026,4.46078431372549,1949,2024,91,0,1933,2000,161503,16,0,0,16,24
2020-08-10,US,Maryland,Dorchester,375,5,0,38.45413522,-76.02752426,24019.0,1174.4808794512826,1.3333333333333333,370,371,5,0,366,371,31998,4,0,0,4,0
2020-08-10,US,Maryland,Frederick,3082,121,0,39.47296601,-77.39999394,24021.0,1187.4535247951235,3.9260220635950684,2961,3067,121,0,2946,3055,255648,15,0,0,15,12
2020-08-10,US,Maryland,Garrett,49,0,0,39.52786077,-79.27355126,24023.0,168.88398704073896,0.0,49,49,0,0,49,49,29163,0,0,0,0,0
2020-08-10,US,Maryland,Harford,1994,69,0,39.55010644,-76.30775940000002,24025.0,780.6107868353163,3.4603811434302907,1925,1968,69,0,1899,1934,253956,26,0,0,26,34
2020-08-10,US,Maryland,Howard,3881,112,0,39.25305293,-76.93126208,24027.0,1191.6239368724862,2.8858541612986346,3769,3846,110,0,3736,3809,323196,35,2,0,33,37
2020-08-10,US,Maryland,Kent,243,23,0,39.24976208,-76.04741541,24029.0,1251.1584800741427,9.465020576131687,220,243,23,0,220,239,19383,0,0,0,0,4
2020-08-10,US,Maryland,Montgomery,18489,803,0,39.13676329,-77.20358245,24031.0,1759.7041176828898,4.3431229379631136,17686,18392,803,0,17589,18260,1052567,97,0,0,97,132
2020-08-10,US,Maryland,Prince George's,23832,755,0,38.83070039,-76.8496441,24033.0,2620.839368016126,3.1680093991272233,23077,23697,753,0,22944,23554,909308,135,2,0,133,143
2020-08-10,US,Maryland,Queen Anne's,434,25,0,39.06198912,-76.03530977,24035.0,861.4358587562773,5.76036866359447,409,431,25,0,406,422,50251,3,0,0,3,9
2020-08-10,US,Maryland,Somerset,139,3,0,38.1163542,-75.75118623,24039.0,542.62960649594,2.1582733812949644,136,136,3,0,133,134,25675,3,0,0,3,2
2020-08-10,US,Maryland,St. Mary's,999,52,0,38.30058422,-76.60629279999998,24037.0,880.0986697207295,5.205205205205205,947,983,52,0,931,965,112664,16,0,0,16,18
2020-08-10,US,Maryland,Talbot,402,4,0,38.76618159,-76.10882561,24041.0,1081.1973857615449,0.9950248756218906,398,400,4,0,396,394,36968,2,0,0,2,6
2020-08-10,US,Maryland,Unassigned,0,18,0,0.0,0.0,90024.0,0.0,0.0,-18,0,18,0,-18,0,,0,0,0,0,0
2020-08-10,US,Maryland,Washington,1018,31,0,39.60835778,-77.82002295,24043.0,673.9534852928521,3.0451866404715133,987,1012,31,0,981,1007,150926,6,0,0,6,5
2020-08-10,US,Maryland,Wicomico,1348,45,0,38.37301947,-75.62705831,24045.0,1301.0452759895375,3.3382789317507418,1303,1338,45,0,1293,1324,103195,10,0,0,10,14
2020-08-10,US,Maryland,Worcester,694,20,0,38.21274277,-75.33200012,24047.0,1327.569056546025,2.8818443804034577,674,694,20,0,674,682,51823,0,0,0,0,12
2020-08-10,US,Massachusetts,Barnstable,1802,158,0,41.72980578,-70.28854339,25001.0,846.049110286868,8.76803551609323,1644,1800,158,0,1642,1798,213413,2,0,0,2,2
2020-08-10,US,Massachusetts,Berkshire,668,46,0,42.37428441,-73.20524838,25003.0,534.6395185042899,6.886227544910179,622,668,46,0,622,667,126348,0,0,0,0,1
2020-08-10,US,Massachusetts,Bristol,9371,635,0,41.79228404,-71.10872211,25005.0,1657.9473016558245,6.776224522462917,8736,9355,634,0,8721,9324,564022,16,1,0,15,31
2020-08-10,US,Massachusetts,Dukes and Nantucket,103,1,0,41.40674725,-70.68763497,0.0,358.49778984372284,0.9708737864077671,102,103,1,0,102,102,26707,0,0,0,0,1
2020-08-10,US,Massachusetts,Essex,17883,1194,0,42.6687626,-70.94687179,25009.0,2266.442257241133,6.676732091930884,16689,17846,1193,0,16653,17789,790638,37,1,0,36,57
2020-08-10,US,Massachusetts,Franklin,411,61,0,42.58119713,-72.58602547,25011.0,585.6369335993161,14.841849148418493,350,411,61,0,350,411,70963,0,0,0,0,0
2020-08-10,US,Massachusetts,Hampden,7619,707,0,42.13440424,-72.63235561,25013.0,1633.6744058391157,9.279432996456226,6912,7600,707,0,6893,7582,470406,19,0,0,19,18
2020-08-10,US,Massachusetts,Hampshire,1179,129,0,42.33997957,-72.65898478,25015.0,733.0721880246222,10.94147582697201,1050,1174,129,0,1045,1170,161355,5,0,0,5,4
2020-08-10,US,Massachusetts,Middlesex,26470,2005,0,42.48607732,-71.39049229,25017.0,1642.3662234697672,7.574612769172647,24465,26420,2003,0,24417,26345,1614714,50,2,0,48,75
2020-08-10,US,Massachusetts,Norfolk,10639,997,0,42.16073095,-71.20530408,25021.0,1505.2881044179544,9.371181502020868,9642,10614,997,0,9617,10601,705388,25,0,0,25,13
2020-08-10,US,Massachusetts,Plymouth,9258,722,0,41.94070556,-70.80802823,25023.0,1776.2786788999274,7.798660617844026,8536,9245,721,0,8524,9226,518132,13,1,0,12,19
2020-08-10,US,Massachusetts,Suffolk,21929,1074,0,42.327951399999996,-71.07850442,25025.0,2727.803091651149,4.897624150668065,20855,21849,1074,0,20775,21778,807252,80,0,0,80,71
2020-08-10,US,Massachusetts,Unassigned,329,6,0,0.0,0.0,90025.0,0.0,1.82370820668693,323,325,6,0,319,316,,4,0,0,4,9
2020-08-10,US,Massachusetts,Worcester,13654,1006,0,42.35026951,-71.90493363,25027.0,1643.8283599519393,7.367804306430349,12648,13630,1005,0,12625,13602,830839,24,1,0,23,28
2020-08-10,US,Michigan,Alcona,29,1,0,44.6846864,-83.59507875,26001.0,278.71215761653053,3.4482758620689653,28,29,1,0,28,28,10362,0,0,0,0,1
2020-08-10,US,Michigan,Alger,11,0,0,46.41292944,-86.60260122,26003.0,120.77294685990341,0.0,11,11,0,0,11,11,9097,0,0,0,0,0
2020-08-10,US,Michigan,Allegan,529,6,0,42.59147037,-85.89102866,26005.0,447.9975609962654,1.1342155009451795,523,529,6,0,523,522,117327,0,0,0,0,7
2020-08-10,US,Michigan,Alpena,130,13,0,45.03477666,-83.62212411,26007.0,457.6659038901602,10.0,117,128,13,0,115,128,28360,2,0,0,2,0
2020-08-10,US,Michigan,Antrim,41,0,0,44.99690221,-85.15503082,26009.0,175.78459955410736,0.0,41,41,0,0,41,41,23365,0,0,0,0,0
2020-08-10,US,Michigan,Arenac,42,3,0,44.0636262,-83.89277559,26011.0,282.2011691191292,7.142857142857142,39,42,3,0,39,41,15041,0,0,0,0,1
2020-08-10,US,Michigan,Baraga,5,0,0,46.6720582,-88.36363591,26013.0,60.9087586794981,0.0,5,5,0,0,5,5,8320,0,0,0,0,0
2020-08-10,US,Michigan,Barry,191,2,0,42.59513984,-85.30834519,26015.0,310.3168155970756,1.0471204188481675,189,181,2,0,179,180,61157,10,0,0,10,1
2020-08-10,US,Michigan,Bay,638,31,0,43.70639106,-83.98731479,26017.0,618.6606675329208,4.858934169278998,607,628,31,0,597,620,103923,10,0,0,10,8
2020-08-10,US,Michigan,Benzie,29,1,0,44.63899297,-86.01608482,26019.0,163.2331419565462,3.4482758620689653,28,28,1,0,27,28,17753,1,0,0,1,0
2020-08-10,US,Michigan,Berrien,1376,66,0,41.95447397,-86.41313079999998,26021.0,896.9954563529573,4.796511627906976,1310,1363,66,0,1297,1357,154141,13,0,0,13,6
2020-08-10,US,Michigan,Branch,365,2,0,41.91600556,-85.05929476,26023.0,838.7526713698096,0.547945205479452,363,365,2,0,363,364,43622,0,0,0,0,1
2020-08-10,US,Michigan,Calhoun,795,42,0,42.24633834,-85.00493569,26025.0,592.5804455906798,5.283018867924528,753,789,41,0,748,789,134487,6,1,0,5,0
2020-08-10,US,Michigan,Cass,326,14,0,41.91522292,-85.99405727,26027.0,629.5016123737618,4.294478527607362,312,321,14,0,307,320,51653,5,0,0,5,1
2020-08-10,US,Michigan,Charlevoix,49,2,0,45.37790017,-85.19614053,26029.0,187.4306697777608,4.081632653061225,47,49,2,0,47,47,26244,0,0,0,0,2
2020-08-10,US,Michigan,Cheboygan,49,2,0,45.44787015,-84.50122149,26031.0,193.85978794112992,4.081632653061225,47,49,2,0,47,46,25413,0,0,0,0,3
2020-08-10,US,Michigan,Chippewa,40,0,0,46.29552653,-84.54353449,26033.0,107.09791426811962,0.0,40,40,0,0,40,39,37517,0,0,0,0,1
2020-08-10,US,Michigan,Clare,72,3,0,43.98794227,-84.84819859999998,26035.0,232.63327948303714,4.166666666666667,69,71,3,0,68,71,30757,1,0,0,1,0
2020-08-10,US,Michigan,Clinton,423,13,0,42.94400871,-84.60145248,26037.0,531.4404171116277,3.0732860520094563,410,423,13,0,410,422,79332,0,0,0,0,1
2020-08-10,US,Michigan,Crawford,106,5,0,44.68255561,-84.61006219,26039.0,755.5777318411862,4.716981132075472,101,106,5,0,101,106,13901,0,0,0,0,0
2020-08-10,US,Michigan,Delta,97,3,0,45.90484910000001,-86.9080745,26041.0,271.0708696624189,3.0927835051546397,94,96,3,0,93,90,35857,1,0,0,1,6
2020-08-10,US,Michigan,Dickinson,55,2,0,46.00999672,-87.86961634,26043.0,217.91671619319308,3.636363636363636,53,55,2,0,53,53,25383,0,0,0,0,2
2020-08-10,US,Michigan,Eaton,462,8,0,42.59599185,-84.83740035,26045.0,418.9792142779409,1.7316017316017316,454,462,8,0,454,459,109826,0,0,0,0,3
2020-08-10,US,Michigan,Emmet,62,2,0,45.52625509,-84.89083249,26047.0,185.545413736346,3.2258064516129035,60,62,2,0,60,62,33308,0,0,0,0,0
2020-08-10,US,Michigan,Federal Correctional Institution (FCI),194,5,0,0.0,0.0,0.0,0.0,2.5773195876288657,189,194,5,0,189,194,,0,0,0,0,0
2020-08-10,US,Michigan,Genesee,3664,296,0,43.02244215,-83.70589709,26049.0,902.8789122083324,8.078602620087336,3368,3648,296,0,3352,3639,406892,16,0,0,16,9
2020-08-10,US,Michigan,Gladwin,59,2,0,43.98901072,-84.38774817,26051.0,231.83622146253293,3.3898305084745757,57,58,2,0,56,58,25337,1,0,0,1,0
2020-08-10,US,Michigan,Gogebic,120,1,0,46.40862701,-89.69377193,26053.0,858.6762075134168,0.8333333333333334,119,119,1,0,118,119,15096,1,0,0,1,0
2020-08-10,US,Michigan,Grand Traverse,213,5,0,44.69565625,-85.55585247,26055.0,228.81574424200755,2.347417840375587,208,209,5,0,204,208,92573,4,0,0,4,1
2020-08-10,US,Michigan,Gratiot,156,15,0,43.29265605,-84.60505416,26057.0,383.18881874677606,9.615384615384617,141,156,15,0,141,155,40599,0,0,0,0,1
2020-08-10,US,Michigan,Hillsdale,271,25,0,41.88753639,-84.59312019,26059.0,594.2330884771408,9.22509225092251,246,267,25,0,242,265,45749,4,0,0,4,2
2020-08-10,US,Michigan,Houghton,50,0,0,46.89988536,-88.68495385,26061.0,140.1188207600045,0.0,50,50,0,0,50,50,36219,0,0,0,0,0
2020-08-10,US,Michigan,Huron,158,4,0,43.83353985,-83.04078453,26063.0,509.98999386720885,2.5316455696202533,154,156,4,0,152,156,31166,2,0,0,2,0
2020-08-10,US,Michigan,Ingham,1554,31,0,42.59716886,-84.37472069,26065.0,531.4528429649187,1.9948519948519952,1523,1551,30,0,1521,1541,292735,3,1,0,2,10
2020-08-10,US,Michigan,Ionia,274,7,0,42.94502238,-85.07413319,26067.0,423.512682195465,2.554744525547445,267,273,7,0,266,274,64210,1,0,0,1,-1
2020-08-10,US,Michigan,Iosco,134,12,0,44.35486835,-83.63484895,26069.0,533.2908823178254,8.955223880597012,122,131,12,0,119,130,25081,3,0,0,3,1
2020-08-10,US,Michigan,Iron,20,1,0,46.20974132,-88.53136251,26071.0,180.73377914332195,5.0,19,19,1,0,18,19,11117,1,0,0,1,0
2020-08-10,US,Michigan,Isabella,207,9,0,43.64060976,-84.84664923,26073.0,296.2560109915274,4.3478260869565215,198,207,9,0,198,205,70562,0,0,0,0,2
2020-08-10,US,Michigan,Jackson,711,34,0,42.24807035,-84.42258681,26075.0,448.5521418207053,4.781997187060479,677,709,34,0,675,709,158823,2,0,0,2,0
2020-08-10,US,Michigan,Kalamazoo,1648,83,0,42.24542231,-85.53038622,26077.0,621.7319460059005,5.0364077669902905,1565,1639,83,0,1556,1631,264870,9,0,0,9,8
2020-08-10,US,Michigan,Kalkaska,54,4,0,44.68512729,-85.09085699,26079.0,299.3680008870163,7.407407407407407,50,52,4,0,48,52,17824,2,0,0,2,0
2020-08-10,US,Michigan,Kent,7549,157,0,43.03197711,-85.54934642,26081.0,1149.0893592407394,2.0797456616770438,7392,7523,157,0,7366,7485,653786,26,0,0,26,38
2020-08-10,US,Michigan,Keweenaw,3,0,0,47.63197653,-88.41434263,26083.0,141.77693761814746,0.0,3,3,0,0,3,3,2113,0,0,0,0,0
2020-08-10,US,Michigan,Lake,23,0,0,43.99050893,-85.802173,26085.0,194.04370201636718,0.0,23,22,0,0,22,21,11881,1,0,0,1,1
2020-08-10,US,Michigan,Lapeer,470,33,0,43.09052506,-83.22153148,26087.0,536.4868104146929,7.0212765957446805,437,466,33,0,433,464,88028,4,0,0,4,2
2020-08-10,US,Michigan,Leelanau,72,0,0,44.94430054,-85.80150326,26089.0,330.8671476494646,0.0,72,72,0,0,72,71,21764,0,0,0,0,1
2020-08-10,US,Michigan,Lenawee,433,12,0,41.89475156,-84.06603727,26091.0,439.8126987029081,2.771362586605081,421,430,12,0,418,422,98266,3,0,0,3,8
2020-08-10,US,Michigan,Livingston,837,28,0,42.60302282,-83.91297209,26093.0,435.94885283470916,3.3452807646356035,809,829,28,0,801,826,191224,8,0,0,8,3
2020-08-10,US,Michigan,Luce,6,0,0,46.47227431,-85.54471223,26095.0,96.3236474554503,0.0,6,3,0,0,3,3,6283,3,0,0,3,0
2020-08-10,US,Michigan,Mackinac,26,0,0,46.07028979,-85.04980537,26097.0,240.7630336142236,0.0,26,27,0,0,27,27,10787,-1,0,0,-1,0
2020-08-10,US,Michigan,Macomb,10545,947,0,42.69158356,-82.92752801,26099.0,1206.5603932391427,8.980559506875297,9598,10433,946,0,9487,10339,874759,112,1,0,111,94
2020-08-10,US,Michigan,Manistee,39,0,0,44.33352407,-86.05626916,26101.0,158.8077204984119,0.0,39,35,0,0,35,35,24528,4,0,0,4,0
2020-08-10,US,Michigan,Marquette,160,11,0,46.4338914,-87.64043701,26103.0,239.8836564266331,6.875,149,159,11,0,148,153,66516,1,0,0,1,6
2020-08-10,US,Michigan,Mason,102,0,0,43.99509218,-86.24988902,26105.0,349.9862750480373,0.0,102,101,0,0,101,101,29100,1,0,0,1,0
2020-08-10,US,Michigan,Mecosta,68,2,0,43.64064262,-85.32463223,26107.0,156.49092122523192,2.9411764705882355,66,69,2,0,67,68,43545,-1,0,0,-1,1
2020-08-10,US,Michigan,Menominee,141,0,0,45.58038692,-87.55370409,26109.0,618.9640035118525,0.0,141,134,0,0,134,131,22983,7,0,0,7,3
2020-08-10,US,Michigan,Michigan Department of Corrections (MDOC),4413,69,0,0.0,0.0,0.0,0.0,1.5635622025832767,4344,4412,69,0,4343,4386,,1,0,0,1,26
2020-08-10,US,Michigan,Midland,338,10,0,43.64330771,-84.38804374,26111.0,406.4649574294097,2.9585798816568047,328,335,10,0,325,330,83209,3,0,0,3,5
2020-08-10,US,Michigan,Missaukee,41,1,0,44.33772443,-85.09256478,26113.0,271.1998941658949,2.4390243902439024,40,41,1,0,40,41,15113,0,0,0,0,0
2020-08-10,US,Michigan,Monroe,987,25,0,41.92734151,-83.53749864,26115.0,655.8139534883721,2.532928064842958,962,984,24,0,960,972,150439,3,1,0,2,12
2020-08-10,US,Michigan,Montcalm,192,1,0,43.31082541,-85.15252824,26117.0,300.5259203606311,0.5208333333333334,191,191,1,0,190,188,63968,1,0,0,1,3
2020-08-10,US,Michigan,Montmorency,9,1,0,45.0275929,-84.12696227,26119.0,96.48370497427099,11.111111111111109,8,9,1,0,8,9,9265,0,0,0,0,0
2020-08-10,US,Michigan,Muskegon,1179,59,0,43.29123859,-86.15176712,26121.0,679.2805042462234,5.0042408821034785,1120,1178,59,0,1119,1170,173588,1,0,0,1,8
2020-08-10,US,Michigan,Newaygo,251,0,0,43.554373999999996,-85.80070107,26123.0,512.4540628828094,0.0,251,250,0,0,250,250,48892,1,0,0,1,0
2020-08-10,US,Michigan,Oakland,15615,1129,0,42.66090111,-83.38595416,26125.0,1241.6665606432653,7.23022734550112,14486,15501,1129,0,14372,15427,1259201,114,0,0,114,74
2020-08-10,US,Michigan,Oceana,478,6,0,43.64124435,-86.26726673,26127.0,1806.022594173877,1.2552301255230125,472,475,6,0,469,475,26625,3,0,0,3,0
2020-08-10,US,Michigan,Ogemaw,54,2,0,44.33481032,-84.12725175,26129.0,257.17959708529787,3.703703703703704,52,54,2,0,52,54,20952,0,0,0,0,0
2020-08-10,US,Michigan,Ontonagon,14,0,0,46.665226200000006,-89.31390481,26131.0,244.75524475524475,0.0,14,12,0,0,12,11,5795,2,0,0,2,1
2020-08-10,US,Michigan,Osceola,71,0,0,43.98992088,-85.32566756,26133.0,302.64279624893436,0.0,71,71,0,0,71,71,23341,0,0,0,0,0
2020-08-10,US,Michigan,Oscoda,24,1,0,44.68192279,-84.12939244,26135.0,291.2267928649436,4.166666666666667,23,24,1,0,23,24,8276,0,0,0,0,0
2020-08-10,US,Michigan,Otsego,135,11,0,45.02085831,-84.59898295,26137.0,547.2677152586347,8.148148148148149,124,135,10,0,125,134,24665,0,1,0,-1,1
2020-08-10,US,Michigan,Ottawa,1841,56,0,42.95996803,-85.9969107,26139.0,630.8467258335332,3.041825095057034,1785,1827,56,0,1771,1800,290494,14,0,0,14,27
2020-08-10,US,Michigan,Out of MI,89,1,0,0.0,0.0,80026.0,0.0,1.1235955056179776,88,84,1,0,83,79,,5,0,0,5,5
2020-08-10,US,Michigan,Presque Isle,20,1,0,45.34018577,-83.91498656,26141.0,158.8310038119441,5.0,19,20,1,0,19,20,12738,0,0,0,0,0
2020-08-10,US,Michigan,Roscommon,53,0,0,44.33473082,-84.61067651,26143.0,220.65864523918563,0.0,53,53,0,0,53,53,23884,0,0,0,0,0
2020-08-10,US,Michigan,Saginaw,2032,130,0,43.33433923,-84.05131209999998,26145.0,1066.4483386603267,6.397637795275591,1902,2010,131,0,1879,1986,190800,22,-1,0,23,24
2020-08-10,US,Michigan,Sanilac,110,6,0,43.42406072,-82.82055898,26151.0,267.1848433325237,5.454545454545454,104,106,6,0,100,106,41182,4,0,0,4,0
2020-08-10,US,Michigan,Schoolcraft,13,0,0,46.19235734,-86.19972234,26153.0,160.6127996046454,0.0,13,13,0,0,13,13,8068,0,0,0,0,0
2020-08-10,US,Michigan,Shiawassee,343,28,0,42.95392800000001,-84.14585902,26155.0,503.50841137958366,8.16326530612245,315,341,28,0,313,340,68192,2,0,0,2,1
2020-08-10,US,Michigan,St. Clair,820,53,0,42.92655373,-82.67937954,26147.0,515.3084309486702,6.463414634146342,767,812,53,0,759,810,159337,8,0,0,8,2
2020-08-10,US,Michigan,St. Joseph,591,8,0,41.91441767,-85.52797979,26149.0,969.4245784397348,1.3536379018612519,583,588,8,0,580,587,61043,3,0,0,3,1
2020-08-10,US,Michigan,Tuscola,356,29,0,43.46606813,-83.41897025,26157.0,681.4049191310172,8.146067415730338,327,350,29,0,321,342,52516,6,0,0,6,8
2020-08-10,US,Michigan,Unassigned,7,1,0,0.0,0.0,90026.0,0.0,14.285714285714285,6,14,1,0,13,7,,-7,0,0,-7,7
2020-08-10,US,Michigan,Van Buren,454,10,0,42.25190229,-86.01939087,26159.0,599.9180728622962,2.202643171806167,444,445,9,0,436,442,75448,9,1,0,8,3
2020-08-10,US,Michigan,Washtenaw,2551,113,0,42.253105,-83.83853204,26161.0,693.9589391758998,4.429635437083497,2438,2542,113,0,2429,2522,370963,9,0,0,9,20
2020-08-10,US,Michigan,Wayne,28273,2826,0,42.28098405,-83.281255,26163.0,1616.206770198869,9.995401973614404,25447,28163,2824,0,25339,28090,1753893,110,2,0,108,73
2020-08-10,US,Michigan,Wexford,69,4,0,44.33853602,-85.57712739,26165.0,205.16785108976842,5.797101449275362,65,69,4,0,65,69,33466,0,0,0,0,0
2020-08-10,US,Minnesota,Aitkin,40,1,0,46.60962049,-93.41168259999999,27001.0,251.79403248143018,2.5,39,40,1,0,39,40,15902,0,0,0,0,0
2020-08-10,US,Minnesota,Anoka,3739,115,0,45.27476015,-93.24604565,27003.0,1047.5707509504905,3.075688686814656,3624,3683,114,0,3569,3618,353813,56,1,0,55,65
2020-08-10,US,Minnesota,Becker,161,1,0,46.93479392,-95.67158144,27005.0,467.7105423699271,0.6211180124223602,160,157,1,0,156,152,34371,4,0,0,4,5
2020-08-10,US,Minnesota,Beltrami,241,0,0,47.97373527,-94.93732139,27007.0,510.7230651860643,0.0,241,240,0,0,240,223,46847,1,0,0,1,17
2020-08-10,US,Minnesota,Benton,320,3,0,45.69804958,-93.99514135,27009.0,782.6065690038886,0.9375,317,320,3,0,317,320,40545,0,0,0,0,0
2020-08-10,US,Minnesota,Big Stone,22,0,0,45.42712824,-96.41403739,27011.0,440.79342817070733,0.0,22,22,0,0,22,22,4989,0,0,0,0,0
2020-08-10,US,Minnesota,Blue Earth,927,5,0,44.03554215,-94.06699781,27013.0,1370.2274843687642,0.5393743257820928,922,918,5,0,913,911,67427,9,0,0,9,7
2020-08-10,US,Minnesota,Brown,89,2,0,44.24205652,-94.72562874,27015.0,355.88611644273834,2.247191011235955,87,89,2,0,87,88,25111,0,0,0,0,1
2020-08-10,US,Minnesota,Carlton,138,0,0,46.59180601,-92.67601019,27017.0,384.71188425190246,0.0,138,137,0,0,137,135,35837,1,0,0,1,2
2020-08-10,US,Minnesota,Carver,873,3,0,44.82017001,-93.80099179999999,27019.0,830.7244335753502,0.3436426116838488,870,861,3,0,858,841,103551,12,0,0,12,20
2020-08-10,US,Minnesota,Cass,73,2,0,46.95043611,-94.32603968,27021.0,245.13919204808758,2.7397260273972597,71,72,2,0,70,69,29519,1,0,0,1,3
2020-08-10,US,Minnesota,Chippewa,106,1,0,45.02343421,-95.56403693,27023.0,898.3050847457628,0.9433962264150944,105,104,1,0,103,103,11924,2,0,0,2,1
2020-08-10,US,Minnesota,Chisago,204,1,0,45.5021011,-92.90861945,27025.0,360.5578041322752,0.4901960784313725,203,201,1,0,200,199,55922,3,0,0,3,2
2020-08-10,US,Minnesota,Clay,785,40,0,46.89289518,-96.48761922,27027.0,1222.3225685902028,5.095541401273885,745,784,40,0,744,779,63955,1,0,0,1,5
2020-08-10,US,Minnesota,Clearwater,14,0,0,47.57992111,-95.37790562,27029.0,158.76616012701294,0.0,14,14,0,0,14,14,8810,0,0,0,0,0
2020-08-10,US,Minnesota,Cook,5,0,0,47.90504893,-90.52629546,27031.0,91.52480322167307,0.0,5,5,0,0,5,3,5393,0,0,0,0,2
2020-08-10,US,Minnesota,Cottonwood,178,0,0,44.00715262,-95.18138802,27033.0,1589.853519113969,0.0,178,178,0,0,178,177,11277,0,0,0,0,1
2020-08-10,US,Minnesota,Crow Wing,239,14,0,46.48096553,-94.06755609,27035.0,367.38144646837287,5.857740585774058,225,235,14,0,221,232,64889,4,0,0,4,3
2020-08-10,US,Minnesota,Dakota,4480,106,0,44.67172617,-93.06299363,27037.0,1044.2379277471266,2.3660714285714284,4374,4414,106,0,4308,4334,425423,66,0,0,66,80
2020-08-10,US,Minnesota,Dodge,128,0,0,44.02238415,-92.86244324,27039.0,611.4454953663898,0.0,128,127,0,0,127,126,20822,1,0,0,1,1
2020-08-10,US,Minnesota,Douglas,143,1,0,45.93348491,-95.45335469,27041.0,374.92462179806506,0.6993006993006993,142,144,1,0,143,139,37964,-1,0,0,-1,5
2020-08-10,US,Minnesota,Faribault,87,0,0,43.67381499,-93.94787458,27043.0,637.2225884421008,0.0,87,87,0,0,87,87,13758,0,0,0,0,0
2020-08-10,US,Minnesota,Fillmore,65,0,0,43.67394126,-92.08980382,27045.0,308.53942184459106,0.0,65,63,0,0,63,64,21058,2,0,0,2,-1
2020-08-10,US,Minnesota,Freeborn,360,1,0,43.67385583,-93.34884422,27047.0,1188.8643043492618,0.2777777777777778,359,359,1,0,358,359,30444,1,0,0,1,0
2020-08-10,US,Minnesota,Goodhue,197,9,0,44.40849741,-92.72341949999999,27049.0,425.1186879585672,4.568527918781727,188,196,9,0,187,192,46403,1,0,0,1,4
2020-08-10,US,Minnesota,Grant,56,3,0,45.93424769,-96.01139609,27051.0,937.7093101138647,5.357142857142857,53,55,3,0,52,53,6021,1,0,0,1,2
2020-08-10,US,Minnesota,Hennepin,19472,835,0,45.00761521,-93.47694895,27053.0,1538.2634339329602,4.288208709942482,18637,19271,835,0,18436,19057,1259428,201,0,0,201,214
2020-08-10,US,Minnesota,Houston,40,0,0,43.67129565,-91.49143057,27055.0,215.05376344086025,0.0,40,42,0,0,42,39,18578,-2,0,0,-2,3
2020-08-10,US,Minnesota,Hubbard,34,0,0,47.10778564,-94.91693868,27057.0,158.20576055092832,0.0,34,33,0,0,33,33,21332,1,0,0,1,0
2020-08-10,US,Minnesota,Isanti,128,0,0,45.56181234,-93.29487636,27059.0,315.30200019706376,0.0,128,125,0,0,125,123,39966,3,0,0,3,2
2020-08-10,US,Minnesota,Itasca,147,12,0,47.51009045,-93.63092229,27061.0,325.72568136494573,8.16326530612245,135,147,12,0,135,138,45108,0,0,0,0,9
2020-08-10,US,Minnesota,Jackson,86,0,0,43.67423373,-95.15398258,27063.0,873.4511476741824,0.0,86,86,0,0,86,81,9911,0,0,0,0,5
2020-08-10,US,Minnesota,Kanabec,37,1,0,45.9459309,-93.29275192,27065.0,226.4797698475853,2.702702702702702,36,36,1,0,35,34,16207,1,0,0,1,2
2020-08-10,US,Minnesota,Kandiyohi,698,1,0,45.1526059,-95.00586446,27067.0,1615.7781430125697,0.14326647564469913,697,696,1,0,695,689,42855,2,0,0,2,7
2020-08-10,US,Minnesota,Kittson,3,0,0,48.77754106,-96.78317184,27069.0,69.79990693345742,0.0,3,3,0,0,3,3,4248,0,0,0,0,0
2020-08-10,US,Minnesota,Koochiching,79,3,0,48.24539665,-93.78352843,27071.0,646.0053970071143,3.79746835443038,76,77,3,0,74,77,12440,2,0,0,2,0
2020-08-10,US,Minnesota,Lac qui Parle,8,0,0,44.9973857,-96.17488219,27073.0,120.7911822436962,0.0,8,7,0,0,7,7,6658,1,0,0,1,0
2020-08-10,US,Minnesota,Lake,21,0,0,47.64270764,-91.44557998,27075.0,197.3498731322244,0.0,21,21,0,0,21,20,10658,0,0,0,0,1
2020-08-10,US,Minnesota,Lake of the Woods,4,0,0,48.77217001,-94.90274472,27077.0,106.951871657754,0.0,4,2,0,0,2,2,3758,2,0,0,2,0
2020-08-10,US,Minnesota,Le Sueur,224,1,0,44.37136597,-93.72844721,27079.0,775.4353169245682,0.44642857142857145,223,220,1,0,219,217,28494,4,0,0,4,3
2020-08-10,US,Minnesota,Lincoln,58,0,0,44.41311883,-96.26688165,27081.0,1028.551161553467,0.0,58,58,0,0,58,57,5673,0,0,0,0,1
2020-08-10,US,Minnesota,Lyon,425,3,0,44.41327865,-95.83806103,27083.0,1668.3677475072625,0.7058823529411765,422,425,3,0,422,426,25629,0,0,0,0,-1
2020-08-10,US,Minnesota,Mahnomen,27,1,0,47.32557075,-95.80921485,27087.0,488.51094626379586,3.703703703703704,26,27,1,0,26,26,5519,0,0,0,0,1
2020-08-10,US,Minnesota,Marshall,29,0,0,48.35825983,-96.37017407,27089.0,310.62553556126824,0.0,29,29,0,0,29,30,9390,0,0,0,0,-1
2020-08-10,US,Minnesota,Martin,207,5,0,43.67429718,-94.55099908,27091.0,1051.668952903521,2.415458937198068,202,207,5,0,202,207,19785,0,0,0,0,0
2020-08-10,US,Minnesota,McLeod,197,0,0,44.82367677,-94.27287017,27085.0,548.8535369013457,0.0,197,181,0,0,181,173,35873,16,0,0,16,8
2020-08-10,US,Minnesota,Meeker,86,2,0,45.12328869,-94.52839455,27093.0,370.3384721384894,2.3255813953488373,84,85,2,0,83,85,23141,1,0,0,1,0
2020-08-10,US,Minnesota,Mille Lacs,71,3,0,45.93705297,-93.63236823,27095.0,270.1982722533013,4.225352112676056,68,71,3,0,68,71,26139,0,0,0,0,0
2020-08-10,US,Minnesota,Morrison,93,1,0,46.01265363,-94.27341528,27097.0,278.5598753968729,1.075268817204301,92,92,1,0,91,89,33169,1,0,0,1,3
2020-08-10,US,Minnesota,Mower,1103,2,0,43.67142874,-92.75234549,27099.0,2753.2324896410564,0.1813236627379873,1101,1101,2,0,1099,1099,40011,2,0,0,2,2
2020-08-10,US,Minnesota,Murray,122,1,0,44.02216709,-95.76328482,27101.0,1488.8943129118868,0.819672131147541,121,122,1,0,121,122,8276,0,0,0,0,0
2020-08-10,US,Minnesota,Nicollet,342,13,0,44.35291112,-94.24710352,27103.0,997.8409289840697,3.801169590643275,329,337,13,0,324,333,34220,5,0,0,5,4
2020-08-10,US,Minnesota,Nobles,1765,6,0,43.67434621,-95.75329576,27105.0,8160.340283878128,0.339943342776204,1759,1764,6,0,1758,1762,21924,1,0,0,1,2
2020-08-10,US,Minnesota,Norman,41,0,0,47.32628443,-96.45620947,27107.0,643.1372549019608,0.0,41,40,0,0,40,39,6475,1,0,0,1,1
2020-08-10,US,Minnesota,Olmsted,1747,23,0,44.00374114,-92.40209944,27109.0,1103.6495612566569,1.3165426445334858,1724,1732,23,0,1709,1718,156277,15,0,0,15,14
2020-08-10,US,Minnesota,Otter Tail,197,3,0,46.40846929,-95.70835255,27111.0,335.34198073060287,1.5228426395939083,194,194,3,0,191,193,58812,3,0,0,3,1
2020-08-10,US,Minnesota,Pennington,75,1,0,48.06642577,-96.0370814,27113.0,531.1990934202139,1.3333333333333333,74,75,1,0,74,75,14178,0,0,0,0,0
2020-08-10,US,Minnesota,Pine,129,0,0,46.12105238,-92.74070188,27115.0,436.12022042665404,0.0,129,129,0,0,129,129,29483,0,0,0,0,0
2020-08-10,US,Minnesota,Pipestone,157,9,0,44.02301619,-96.25841142,27117.0,1720.359412667105,5.732484076433121,148,157,9,0,148,155,9047,0,0,0,0,2
2020-08-10,US,Minnesota,Polk,154,4,0,47.77372465,-96.40134647,27119.0,491.0087998979722,2.5974025974025974,150,153,4,0,149,150,31529,1,0,0,1,3
2020-08-10,US,Minnesota,Pope,48,0,0,45.58606667,-95.44451209,27121.0,426.7045959640857,0.0,48,48,0,0,48,46,11097,0,0,0,0,2
2020-08-10,US,Minnesota,Ramsey,7658,267,0,45.01625271,-93.09872295,27123.0,1391.551476320184,3.48655001305824,7391,7572,265,0,7307,7444,550210,86,2,0,84,128
2020-08-10,US,Minnesota,Red Lake,24,0,0,47.87197525,-96.09561104,27125.0,591.8618988902589,0.0,24,24,0,0,24,24,3999,0,0,0,0,0
2020-08-10,US,Minnesota,Redwood,36,0,0,44.40555844,-95.25207021,27127.0,237.31048121292025,0.0,36,36,0,0,36,36,15249,0,0,0,0,0
2020-08-10,US,Minnesota,Renville,65,5,0,44.72836381,-94.94553734,27129.0,446.7968105581523,7.6923076923076925,60,64,5,0,59,63,14612,1,0,0,1,1
2020-08-10,US,Minnesota,Rice,1038,8,0,44.3543376,-93.29658715,27131.0,1549.9014513528039,0.7707129094412332,1030,1032,8,0,1024,1029,66523,6,0,0,6,3
2020-08-10,US,Minnesota,Rock,85,0,0,43.67482683,-96.25296832,27133.0,912.5067096081588,0.0,85,85,0,0,85,83,9414,0,0,0,0,2
2020-08-10,US,Minnesota,Roseau,52,0,0,48.77501878,-95.81079919,27135.0,342.8948236069898,0.0,52,52,0,0,52,47,15150,0,0,0,0,5
2020-08-10,US,Minnesota,Scott,1574,19,0,44.6490231,-93.53340251,27139.0,1056.2836799473869,1.2071156289707752,1555,1559,19,0,1540,1532,147381,15,0,0,15,27
2020-08-10,US,Minnesota,Sherburne,732,8,0,45.44447208,-93.77617511,27141.0,752.7921183076575,1.0928961748633879,724,723,8,0,715,718,96036,9,0,0,9,5
2020-08-10,US,Minnesota,Sibley,84,2,0,44.5796592,-94.23164924,27143.0,565.0857719475277,2.380952380952381,82,83,2,0,81,83,15028,1,0,0,1,0
2020-08-10,US,Minnesota,St. Louis,570,19,0,47.604840700000004,-92.46879855,27137.0,286.3314412015874,3.333333333333333,551,553,19,0,534,521,199754,17,0,0,17,32
2020-08-10,US,Minnesota,Stearns,2906,20,0,45.55192576,-94.61078221,27145.0,1804.1285115629364,0.6882312456985548,2886,2893,20,0,2873,2886,159256,13,0,0,13,7
2020-08-10,US,Minnesota,Steele,351,2,0,44.02240351,-93.22627088,27147.0,957.7341810144886,0.5698005698005698,349,348,2,0,346,345,36803,3,0,0,3,3
2020-08-10,US,Minnesota,Stevens,18,0,0,45.58613007,-96.00163705,27149.0,183.5798062213157,0.0,18,18,0,0,18,18,9753,0,0,0,0,0
2020-08-10,US,Minnesota,Swift,55,1,0,45.2829032,-95.68264092,27151.0,593.5678825814807,1.818181818181818,54,53,1,0,52,52,9345,2,0,0,2,1
2020-08-10,US,Minnesota,Todd,426,2,0,46.06996226,-94.89785296,27153.0,1727.2137528381447,0.4694835680751174,424,426,2,0,424,424,24582,0,0,0,0,2
2020-08-10,US,Minnesota,Traverse,11,0,0,45.77298854,-96.47062949,27155.0,337.52684872660325,0.0,11,11,0,0,11,10,3308,0,0,0,0,1
2020-08-10,US,Minnesota,Unassigned,134,41,0,0.0,0.0,90027.0,0.0,30.59701492537313,93,134,41,0,93,137,,0,0,0,0,-3
2020-08-10,US,Minnesota,Wabasha,92,0,0,44.28424356,-92.23121312,27157.0,425.39418319692976,0.0,92,92,0,0,92,91,21645,0,0,0,0,1
2020-08-10,US,Minnesota,Wadena,27,0,0,46.58589171,-94.96968506,27159.0,197.33957023826926,0.0,27,27,0,0,27,26,13773,0,0,0,0,1
2020-08-10,US,Minnesota,Waseca,149,0,0,44.02211116,-93.58720034,27161.0,800.5587792821835,0.0,149,148,0,0,148,148,18691,1,0,0,1,0
2020-08-10,US,Minnesota,Washington,2155,45,0,45.03864533,-92.88429635,27163.0,821.1400701112634,2.0881670533642693,2110,2128,45,0,2083,2077,259201,27,0,0,27,51
2020-08-10,US,Minnesota,Watonwan,308,0,0,43.97823903,-94.61413846,27165.0,2826.4659998164634,0.0,308,308,0,0,308,308,10980,0,0,0,0,0
2020-08-10,US,Minnesota,Wilkin,34,3,0,46.35721532,-96.4684375,27167.0,547.7686483003062,8.823529411764708,31,34,3,0,31,34,6254,0,0,0,0,0
2020-08-10,US,Minnesota,Winona,264,16,0,43.98772283,-91.78081305,27169.0,522.9379605419539,6.0606060606060606,248,261,16,0,245,259,50825,3,0,0,3,2
2020-08-10,US,Minnesota,Wright,892,5,0,45.17297924,-93.96234781,27171.0,644.6157959776552,0.5605381165919282,887,884,5,0,879,869,136349,8,0,0,8,15
2020-08-10,US,Minnesota,Yellow Medicine,52,0,0,44.71710183,-95.86842453,27173.0,535.5855391904419,0.0,52,52,0,0,52,52,9795,0,0,0,0,0
2020-08-10,US,Mississippi,Adams,629,25,0,31.47669768,-91.35326037,28001.0,2049.3272081582118,3.97456279809221,604,623,25,0,598,617,31192,6,0,0,6,6
2020-08-10,US,Mississippi,Alcorn,434,5,0,34.88084463,-88.57996173,28003.0,1174.4648607690851,1.1520737327188941,429,428,5,0,423,419,36925,6,0,0,6,9
2020-08-10,US,Mississippi,Amite,235,6,0,31.17467303,-90.80501621,28005.0,1911.035211840286,2.5531914893617023,229,232,6,0,226,230,12326,3,0,0,3,2
2020-08-10,US,Mississippi,Attala,523,25,0,33.08658803,-89.57838564,28007.0,2877.737427093651,4.780114722753346,498,522,25,0,497,521,18365,1,0,0,1,1
2020-08-10,US,Mississippi,Benton,143,1,0,34.81681228,-89.18945516,28009.0,1731.4444848044557,0.6993006993006993,142,144,1,0,143,143,8271,-1,0,0,-1,1
2020-08-10,US,Mississippi,Bolivar,1118,34,0,33.79696941,-90.87372121,28011.0,3650.2546689303913,3.041144901610018,1084,1113,34,0,1079,1108,31333,5,0,0,5,5
2020-08-10,US,Mississippi,Calhoun,420,9,0,33.93683395,-89.33686647,28013.0,2924.587424274076,2.142857142857143,411,418,9,0,409,417,14436,2,0,0,2,1
2020-08-10,US,Mississippi,Carroll,261,11,0,33.44834567,-89.91994479,28015.0,2623.9067055393584,4.21455938697318,250,261,11,0,250,261,9911,0,0,0,0,0
2020-08-10,US,Mississippi,Chickasaw,470,19,0,33.91983202,-88.9481545,28017.0,2748.055896626323,4.042553191489361,451,462,19,0,443,459,17171,8,0,0,8,3
2020-08-10,US,Mississippi,Choctaw,135,4,0,33.34598242,-89.24809382,28019.0,1644.3361753958584,2.962962962962963,131,134,4,0,130,133,8278,1,0,0,1,1
2020-08-10,US,Mississippi,Claiborne,409,13,0,31.97061673,-90.90702196,28021.0,4550.511793502447,3.1784841075794623,396,407,13,0,394,404,9002,2,0,0,2,3
2020-08-10,US,Mississippi,Clarke,326,26,0,32.04158545,-88.68896219999998,28023.0,2097.677112154945,7.975460122699388,300,327,26,0,301,326,15604,-1,0,0,-1,1
2020-08-10,US,Mississippi,Clay,397,14,0,33.65358105,-88.77784255,28025.0,2055.290950507351,3.5264483627204033,383,396,14,0,382,394,19386,1,0,0,1,2
2020-08-10,US,Mississippi,Coahoma,772,13,0,34.22772299,-90.60415045,28027.0,3489.4232507683964,1.6839378238341969,759,760,13,0,747,743,22628,12,0,0,12,17
2020-08-10,US,Mississippi,Copiah,957,28,0,31.86977774,-90.44565118,28029.0,3409.941207910209,2.9258098223615465,929,954,28,0,926,950,28543,3,0,0,3,4
2020-08-10,US,Mississippi,Covington,621,13,0,31.63225413,-89.55389939,28031.0,3332.260141661301,2.0933977455716586,608,612,13,0,599,612,18853,9,0,0,9,0
2020-08-10,US,Mississippi,DeSoto,3680,31,0,34.87625235,-89.99091418,28033.0,1989.7807456270789,0.8423913043478259,3649,3658,31,0,3627,3632,182001,22,0,0,22,26
2020-08-10,US,Mississippi,Forrest,1820,56,0,31.18961454,-89.25832496,28035.0,2430.003871984192,3.0769230769230766,1764,1806,56,0,1750,1778,75036,14,0,0,14,28
2020-08-10,US,Mississippi,Franklin,131,2,0,31.47786634,-90.89672989,28037.0,1698.4312200181512,1.5267175572519085,129,127,2,0,125,124,7788,4,0,0,4,3
2020-08-10,US,Mississippi,George,589,5,0,30.86259065,-88.64436789,28039.0,2404.0816326530608,0.8488964346349746,584,581,5,0,576,559,24250,8,0,0,8,22
2020-08-10,US,Mississippi,Greene,255,12,0,31.21444233,-88.63922281,28041.0,1876.9321360223762,4.705882352941177,243,250,12,0,238,241,13586,5,0,0,5,9
2020-08-10,US,Mississippi,Grenada,849,21,0,33.77036166,-89.80245083,28043.0,4089.989401676462,2.4734982332155475,828,847,21,0,826,843,21055,2,0,0,2,4
2020-08-10,US,Mississippi,Hancock,395,14,0,30.41830223,-89.48851033,28045.0,829.27443735304,3.5443037974683542,381,390,14,0,376,388,47334,5,0,0,5,2
2020-08-10,US,Mississippi,Harrison,2530,36,0,30.51359752,-89.12467576,28047.0,1215.8785082660515,1.4229249011857708,2494,2520,36,0,2484,2498,206650,10,0,0,10,22
2020-08-10,US,Mississippi,Hinds,5656,118,0,32.2656285,-90.44435448,28049.0,2439.6135265700477,2.0862800565770865,5538,5613,118,0,5495,5599,237085,43,0,0,43,14
2020-08-10,US,Mississippi,Holmes,900,49,0,33.12345854,-90.08923538,28051.0,5291.005291005291,5.4444444444444455,851,892,48,0,844,890,17622,8,1,0,7,2
2020-08-10,US,Mississippi,Humphreys,294,11,0,33.12825718,-90.52252707,28053.0,3645.833333333334,3.741496598639456,283,293,11,0,282,291,8257,1,0,0,1,2
2020-08-10,US,Mississippi,Issaquena,26,2,0,32.72531359,-90.97392828,28055.0,1959.3067068575733,7.6923076923076925,24,26,1,0,25,26,1308,0,1,0,-1,0
2020-08-10,US,Mississippi,Itawamba,375,10,0,34.27993475,-88.3606733,28057.0,1603.249251817016,2.6666666666666665,365,359,10,0,349,358,23517,16,0,0,16,1
2020-08-10,US,Mississippi,Jackson,2288,43,0,30.54020656,-88.64184064,28059.0,1593.1261619446163,1.8793706293706292,2245,2276,42,0,2234,2269,143277,12,1,0,11,7
2020-08-10,US,Mississippi,Jasper,388,9,0,32.01922104,-89.11786866,28061.0,2368.308612586217,2.31958762886598,379,386,9,0,377,387,16428,2,0,0,2,-1
2020-08-10,US,Mississippi,Jefferson,195,7,0,31.73397872,-91.03764977,28063.0,2789.6995708154504,3.58974358974359,188,196,7,0,189,195,7106,-1,0,0,-1,1
2020-08-10,US,Mississippi,Jefferson Davis,233,6,0,31.56884708,-89.82670990000004,28065.0,2093.817397555715,2.5751072961373387,227,231,6,0,225,231,11234,2,0,0,2,0
2020-08-10,US,Mississippi,Jones,1916,59,0,31.62257767,-89.16896899999998,28067.0,2813.592175981673,3.079331941544885,1857,1899,58,0,1841,1885,68461,17,1,0,16,14
2020-08-10,US,Mississippi,Kemper,234,14,0,32.75462946,-88.64105766,28069.0,2401.9708478751795,5.982905982905983,220,233,14,0,219,232,10027,1,0,0,1,1
2020-08-10,US,Mississippi,Lafayette,983,17,0,34.35687874,-89.48490961,28071.0,1819.7300949665853,1.7293997965412005,966,973,16,0,957,964,54793,10,1,0,9,9
2020-08-10,US,Mississippi,Lamar,1226,14,0,31.20572971,-89.5077704,28073.0,1935.494056170374,1.1419249592169658,1212,1220,14,0,1206,1202,62447,6,0,0,6,18
2020-08-10,US,Mississippi,Lauderdale,1411,92,0,32.40419769,-88.66229662,28075.0,1903.5413153457,6.520198440822113,1319,1412,92,0,1320,1407,75317,-1,0,0,-1,5
2020-08-10,US,Mississippi,Lawrence,322,8,0,31.55147224,-90.10841127,28077.0,2558.3982202447164,2.4844720496894412,314,323,8,0,315,319,12455,-1,0,0,-1,4
2020-08-10,US,Mississippi,Leake,790,25,0,32.7536828,-89.52402044,28079.0,3467.041165628017,3.1645569620253164,765,788,25,0,763,786,22763,2,0,0,2,2
2020-08-10,US,Mississippi,Lee,1479,41,0,34.291877500000005,-88.68149954,28081.0,1731.1203708038765,2.7721433400946585,1438,1462,41,0,1421,1428,85202,17,0,0,17,34
2020-08-10,US,Mississippi,Leflore,947,65,0,33.55545125,-90.29900733,28083.0,3360.1816698009443,6.863780359028512,882,933,63,0,870,925,28919,14,2,0,12,8
2020-08-10,US,Mississippi,Lincoln,832,41,0,31.53288662,-90.45391915,28085.0,2436.0963897754223,4.927884615384615,791,817,41,0,776,809,34205,15,0,0,15,8
2020-08-10,US,Mississippi,Lowndes,1085,38,0,33.47386518,-88.44191529999998,28087.0,1851.6938305316155,3.5023041474654377,1047,1077,37,0,1040,1074,58930,8,1,0,7,3
2020-08-10,US,Mississippi,Madison,2443,68,0,32.63389156,-90.03513564,28089.0,2298.8181270701602,2.7834629553827264,2375,2422,66,0,2356,2414,105630,21,2,0,19,8
2020-08-10,US,Mississippi,Marion,684,20,0,31.23132643,-89.8209217,28091.0,2783.542912953241,2.9239766081871346,664,677,20,0,657,657,24715,7,0,0,7,20
2020-08-10,US,Mississippi,Marshall,701,9,0,34.76216286,-89.50299462,28093.0,1986.1732872442908,1.2838801711840229,692,695,9,0,686,688,35451,6,0,0,6,7
2020-08-10,US,Mississippi,Monroe,801,55,0,33.89236763,-88.4808438,28095.0,2272.2115057301708,6.866416978776529,746,796,55,0,741,778,35564,5,0,0,5,18
2020-08-10,US,Mississippi,Montgomery,326,5,0,33.49419589,-89.61729103,28097.0,3335.038363171356,1.5337423312883436,321,326,5,0,321,321,10023,0,0,0,0,5
2020-08-10,US,Mississippi,Neshoba,1286,92,0,32.75339664,-89.11726492,28099.0,4416.512123085377,7.153965785381026,1194,1286,92,0,1194,1285,29125,0,0,0,0,1
2020-08-10,US,Mississippi,Newton,543,11,0,32.40021118,-89.11843336,28101.0,2583.499857265201,2.0257826887661143,532,542,11,0,531,542,21443,1,0,0,1,0
2020-08-10,US,Mississippi,Noxubee,459,12,0,33.11009499,-88.56949061,28103.0,4406.258999712009,2.6143790849673203,447,457,11,0,446,453,10535,2,1,0,1,4
2020-08-10,US,Mississippi,Oktibbeha,1127,39,0,33.42491685,-88.87905132,28105.0,2272.773105854357,3.460514640638864,1088,1122,39,0,1083,1118,49599,5,0,0,5,4
2020-08-10,US,Mississippi,Panola,1062,14,0,34.36398677,-89.95064249,28107.0,3105.9897051941966,1.3182674199623352,1048,1059,13,0,1046,1054,34178,3,1,0,2,5
2020-08-10,US,Mississippi,Pearl River,554,39,0,30.77090935,-89.58677275,28109.0,997.5691005672098,7.03971119133574,515,550,39,0,511,540,55387,4,0,0,4,10
2020-08-10,US,Mississippi,Perry,243,7,0,31.17161885,-88.99281835,28111.0,2029.5665246805315,2.8806584362139915,236,236,7,0,229,232,11931,7,0,0,7,4
2020-08-10,US,Mississippi,Pike,938,36,0,31.17507789,-90.40392572,28113.0,2387.497454693545,3.837953091684435,902,936,36,0,900,928,39563,2,0,0,2,8
2020-08-10,US,Mississippi,Pontotoc,830,8,0,34.226046000000004,-89.03636807,28115.0,2579.722757506061,0.9638554216867471,822,827,8,0,819,821,31833,3,0,0,3,6
2020-08-10,US,Mississippi,Prentiss,417,10,0,34.61810501,-88.51986294,28117.0,1659.6354373955267,2.3980815347721824,407,412,10,0,402,417,25315,5,0,0,5,-5
2020-08-10,US,Mississippi,Quitman,270,1,0,34.25157572,-90.28908,28119.0,3975.265017667845,0.3703703703703704,269,269,1,0,268,262,7051,1,0,0,1,7
2020-08-10,US,Mississippi,Rankin,2292,35,0,32.26469147,-89.94537876,28121.0,1476.1288328148846,1.5270506108202444,2257,2283,34,0,2249,2276,153902,9,1,0,8,7
2020-08-10,US,Mississippi,Scott,1003,20,0,32.406704100000006,-89.53789439,28123.0,3566.349025743137,1.9940179461615155,983,1003,20,0,983,998,28287,0,0,0,0,5
2020-08-10,US,Mississippi,Sharkey,199,5,0,32.88149103,-90.8159538,28125.0,4605.41541309882,2.512562814070352,194,197,5,0,192,197,4377,2,0,0,2,0
2020-08-10,US,Mississippi,Simpson,803,30,0,31.91282117,-89.91716179,28127.0,3012.228974416686,3.7359900373598998,773,796,30,0,766,795,26758,7,0,0,7,1
2020-08-10,US,Mississippi,Smith,406,13,0,32.01744532,-89.50644846,28129.0,2550.8921839658205,3.2019704433497536,393,405,13,0,392,404,16002,1,0,0,1,1
2020-08-10,US,Mississippi,Stone,205,5,0,30.79187949,-89.11547539,28131.0,1118.0191972076786,2.4390243902439024,200,199,5,0,194,194,18717,6,0,0,6,5
2020-08-10,US,Mississippi,Sunflower,1054,25,0,33.60192578,-90.58882684,28133.0,4197.530864197531,2.3719165085389,1029,1039,25,0,1014,1024,25735,15,0,0,15,15
2020-08-10,US,Mississippi,Tallahatchie,530,11,0,33.95339918,-90.1729398,28135.0,3838.076616699255,2.0754716981132075,519,531,10,0,521,530,13987,-1,1,0,-2,1
2020-08-10,US,Mississippi,Tate,736,29,0,34.65133709,-89.94485778,28137.0,2598.778291726987,3.940217391304348,707,734,29,0,705,720,28759,2,0,0,2,14
2020-08-10,US,Mississippi,Tippah,367,13,0,34.76872156,-88.90988194,28139.0,1667.045196456961,3.5422343324250685,354,366,13,0,353,360,21995,1,0,0,1,6
2020-08-10,US,Mississippi,Tishomingo,421,6,0,34.74023475,-88.23917219,28141.0,2172.00639735851,1.4251781472684086,415,417,5,0,412,409,19454,4,1,0,3,8
2020-08-10,US,Mississippi,Tunica,351,7,0,34.64967704,-90.37481167,28143.0,3644.1029900332233,1.9943019943019944,344,337,7,0,330,333,9944,14,0,0,14,4
2020-08-10,US,Mississippi,Union,643,16,0,34.49162015,-89.00776006,28145.0,2231.476661461045,2.4883359253499218,627,636,16,0,620,627,28606,7,0,0,7,9
2020-08-10,US,Mississippi,Walthall,501,20,0,31.14971548,-90.10446654,28147.0,3506.929861402772,3.992015968063872,481,502,20,0,482,498,14465,-1,0,0,-1,4
2020-08-10,US,Mississippi,Warren,1095,33,0,32.35810271,-90.83352619,28149.0,2412.9040787994973,3.0136986301369864,1062,1093,33,0,1060,1089,46176,2,0,0,2,4
2020-08-10,US,Mississippi,Washington,1689,42,0,33.28392041,-90.94196237,28151.0,3846.591814889886,2.4866785079928952,1647,1663,41,0,1622,1646,45063,26,1,0,25,17
2020-08-10,US,Mississippi,Wayne,774,21,0,31.64135687,-88.69573913,28153.0,3834.9105683000544,2.713178294573644,753,767,21,0,746,764,20298,7,0,0,7,3
2020-08-10,US,Mississippi,Webster,235,12,0,33.61300486,-89.28392912,28155.0,2425.430901021777,5.1063829787234045,223,234,12,0,222,228,9788,1,0,0,1,6
2020-08-10,US,Mississippi,Wilkinson,211,13,0,31.16078225,-91.31018819,28157.0,2444.9594438006948,6.161137440758294,198,212,13,0,199,205,8792,-1,0,0,-1,7
2020-08-10,US,Mississippi,Winston,623,16,0,33.08747908,-89.03391385,28159.0,3469.785575048733,2.5682182985553768,607,620,16,0,604,620,18165,3,0,0,3,0
2020-08-10,US,Mississippi,Yalobusha,315,10,0,34.02824175,-89.70762049999998,28161.0,2601.585728444004,3.1746031746031744,305,315,10,0,305,313,12392,0,0,0,0,2
2020-08-10,US,Mississippi,Yazoo,833,12,0,32.77890365,-90.39656148,28163.0,2805.6584708656114,1.4405762304921967,821,831,12,0,819,829,28248,2,0,0,2,2
2020-08-10,US,Missouri,Adair,160,0,0,40.19058551,-92.60078167,29001.0,631.3380420628971,0.0,160,159,0,0,159,152,25339,1,0,0,1,7
2020-08-10,US,Missouri,Andrew,88,1,0,39.98492163,-94.80163024,29003.0,496.8383017163505,1.1363636363636365,87,87,1,0,86,88,17607,1,0,0,1,-1
2020-08-10,US,Missouri,Atchison,18,0,0,40.43238737,-95.42970639,29005.0,349.990278047832,0.0,18,18,0,0,18,14,5171,0,0,0,0,4
2020-08-10,US,Missouri,Audrain,203,1,0,39.215877,-91.84242683,29007.0,799.5903576492833,0.4926108374384237,202,200,1,0,199,199,25473,3,0,0,3,1
2020-08-10,US,Missouri,Barry,258,4,0,36.70978521,-93.82919888,29009.0,720.8918941574228,1.5503875968992251,254,254,4,0,250,248,35886,4,0,0,4,6
2020-08-10,US,Missouri,Barton,69,0,0,37.50207671,-94.34757022,29011.0,587.0342011230223,0.0,69,68,0,0,68,69,11798,1,0,0,1,-1
2020-08-10,US,Missouri,Bates,48,1,0,38.25271289,-94.34113157,29013.0,296.8093000247341,2.083333333333333,47,47,1,0,46,44,16320,1,0,0,1,3
2020-08-10,US,Missouri,Benton,104,1,0,38.29503305,-93.28756116,29015.0,534.8968780537983,0.9615384615384616,103,94,1,0,93,90,19278,10,0,0,10,4
2020-08-10,US,Missouri,Bollinger,68,1,0,37.32449052,-90.02725304,29017.0,560.454957553779,1.4705882352941178,67,68,1,0,67,64,12169,0,0,0,0,4
2020-08-10,US,Missouri,Boone,1397,3,0,38.99186229,-92.30723575,29019.0,774.1199026947353,0.2147458840372226,1394,1375,3,0,1372,1328,180005,22,0,0,22,47
2020-08-10,US,Missouri,Buchanan,1091,10,0,39.65816401,-94.80138942,29021.0,1248.7981319536652,0.9165902841429879,1081,1084,10,0,1074,1076,88571,7,0,0,7,8
2020-08-10,US,Missouri,Butler,283,2,0,36.71462476,-90.40421163,29023.0,666.2272235039313,0.7067137809187279,281,281,2,0,279,275,42639,2,0,0,2,6
2020-08-10,US,Missouri,Caldwell,35,1,0,39.65620858,-93.98308093,29025.0,388.0266075388026,2.8571428571428568,34,35,1,0,34,36,9108,0,0,0,0,-1
2020-08-10,US,Missouri,Callaway,159,1,0,38.83674754,-91.92186505,29027.0,355.36285005475713,0.6289308176100629,158,157,1,0,156,142,44889,2,0,0,2,15
2020-08-10,US,Missouri,Camden,356,5,0,38.02199522,-92.76083747,29029.0,768.8154626930137,1.404494382022472,351,350,5,0,345,339,45815,6,0,0,6,11
2020-08-10,US,Missouri,Cape Girardeau,663,5,0,37.38489388,-89.6843587,29031.0,840.6131531234547,0.7541478129713424,658,651,5,0,646,636,78753,12,0,0,12,15
2020-08-10,US,Missouri,Carroll,101,0,0,39.42762566,-93.50626255,29033.0,1163.7285401543954,0.0,101,101,0,0,101,100,8743,0,0,0,0,1
2020-08-10,US,Missouri,Carter,21,1,0,36.94160441,-90.96051322,29035.0,351.0531594784353,4.761904761904762,20,20,1,0,19,20,6054,1,0,0,1,0
2020-08-10,US,Missouri,Cass,755,9,0,38.64789422,-94.353399,29037.0,713.7455095481188,1.1920529801324504,746,742,9,0,733,705,104954,13,0,0,13,37
2020-08-10,US,Missouri,Cedar,40,0,0,37.72391475,-93.85445441,29039.0,278.7650707366367,0.0,40,40,0,0,40,38,14165,0,0,0,0,2
2020-08-10,US,Missouri,Chariton,18,0,0,39.51499357,-92.9629191,29041.0,242.39159709130084,0.0,18,17,0,0,17,17,7451,1,0,0,1,0
2020-08-10,US,Missouri,Christian,364,1,0,36.9711783,-93.18537118,29043.0,410.85840058694055,0.27472527472527475,363,351,1,0,350,335,86983,13,0,0,13,16
2020-08-10,US,Missouri,Clark,20,0,0,40.41040752,-91.73661677,29045.0,294.2474621156393,0.0,20,20,0,0,20,20,6842,0,0,0,0,0
2020-08-10,US,Missouri,Clay,1053,20,0,39.31132056,-94.41850862,29047.0,421.287627826588,1.8993352326685657,1033,1037,20,0,1017,1011,246365,16,0,0,16,26
2020-08-10,US,Missouri,Clinton,84,0,0,39.6013098,-94.40465394,29049.0,412.02727228135575,0.0,84,82,0,0,82,79,20470,2,0,0,2,3
2020-08-10,US,Missouri,Cole,427,3,0,38.50455671,-92.27860244,29051.0,556.3880383086846,0.7025761124121779,424,410,3,0,407,376,76796,17,0,0,17,34
2020-08-10,US,Missouri,Cooper,131,0,0,38.844478,-92.80896081,29053.0,739.7368569653846,0.0,131,125,0,0,125,116,17603,6,0,0,6,9
2020-08-10,US,Missouri,Crawford,78,0,0,37.97663738,-91.30528104,29055.0,326.0869565217391,0.0,78,73,0,0,73,71,23957,5,0,0,5,2
2020-08-10,US,Missouri,Dade,15,0,0,37.431814,-93.8503345,29057.0,198.3864568178812,0.0,15,15,0,0,15,15,7569,0,0,0,0,0
2020-08-10,US,Missouri,Dallas,69,1,0,37.6811355,-93.02127031,29059.0,408.8162104514753,1.4492753623188406,68,67,1,0,66,60,16762,2,0,0,2,7
2020-08-10,US,Missouri,Daviess,17,0,0,39.96145298,-93.98519678,29061.0,205.36361439961343,0.0,17,17,0,0,17,17,8313,0,0,0,0,0
2020-08-10,US,Missouri,DeKalb,36,1,0,39.89201062,-94.40476508,29063.0,286.9211763768232,2.7777777777777777,35,35,1,0,34,35,12630,1,0,0,1,0
2020-08-10,US,Missouri,Dent,12,0,0,37.60663134,-91.50790473,29065.0,77.05644384511655,0.0,12,11,0,0,11,10,15441,1,0,0,1,1
2020-08-10,US,Missouri,Douglas,87,2,0,36.9325593,-92.49905109,29067.0,659.8407281001138,2.2988505747126435,85,82,2,0,80,83,13373,5,0,0,5,-1
2020-08-10,US,Missouri,Dunklin,317,4,0,36.27167174,-90.09122243,29069.0,1088.1878411314408,1.2618296529968454,313,310,4,0,306,300,29423,7,0,0,7,10
2020-08-10,US,Missouri,Franklin,631,18,0,38.41127108,-91.07522826,29071.0,606.9233506785807,2.8526148969889067,613,618,18,0,600,590,103670,13,0,0,13,28
2020-08-10,US,Missouri,Gasconade,24,0,0,38.43947277,-91.50847147,29073.0,163.19869441044472,0.0,24,24,0,0,24,21,14705,0,0,0,0,3
2020-08-10,US,Missouri,Gentry,85,9,0,40.21097916,-94.40944419,29075.0,1293.5626236493683,10.588235294117649,76,83,9,0,74,83,6628,2,0,0,2,0
2020-08-10,US,Missouri,Greene,1573,10,0,37.2575872,-93.34230916,29077.0,536.7025378216632,0.6357279084551812,1563,1515,10,0,1505,1440,291923,58,0,0,58,75
2020-08-10,US,Missouri,Grundy,29,1,0,40.11406587,-93.56509276,29079.0,294.4162436548223,3.4482758620689653,28,27,1,0,26,25,9914,2,0,0,2,2
2020-08-10,US,Missouri,Harrison,60,1,0,40.35570088,-93.99222144,29081.0,718.3908045977013,1.6666666666666667,59,60,1,0,59,60,8414,0,0,0,0,0
2020-08-10,US,Missouri,Henry,82,3,0,38.38482826,-93.79293734,29083.0,375.73313782991204,3.6585365853658534,79,79,3,0,76,76,21792,3,0,0,3,3
2020-08-10,US,Missouri,Hickory,33,0,0,37.94163617,-93.3203037,29085.0,345.76697401508795,0.0,33,31,0,0,31,28,9509,2,0,0,2,3
2020-08-10,US,Missouri,Holt,8,0,0,40.09799248,-95.2163888,29087.0,181.69429934135812,0.0,8,8,0,0,8,8,4404,0,0,0,0,0
2020-08-10,US,Missouri,Howard,53,0,0,39.1435761,-92.69756691,29089.0,529.9470052994701,0.0,53,52,0,0,52,49,10137,1,0,0,1,3
2020-08-10,US,Missouri,Howell,153,2,0,36.77383887,-91.88683935,29091.0,381.38445048233916,1.30718954248366,151,153,2,0,151,152,40076,0,0,0,0,1
2020-08-10,US,Missouri,Iron,22,0,0,37.55487945,-90.7735296,29093.0,217.283950617284,0.0,22,22,0,0,22,21,10177,0,0,0,0,1
2020-08-10,US,Missouri,Jackson,4083,65,0,39.01002188,-94.34724536,29095.0,580.7874983463986,1.5919666911584618,4018,4014,64,0,3950,3909,700307,69,1,0,68,105
2020-08-10,US,Missouri,Jasper,1771,31,0,37.20351921,-94.34050458,29097.0,1459.679546353686,1.7504234895539243,1740,1761,31,0,1730,1738,120636,10,0,0,10,23
2020-08-10,US,Missouri,Jefferson,1628,24,0,38.25926778,-90.53870896,29099.0,723.2951692946095,1.4742014742014742,1604,1593,24,0,1569,1544,224347,35,0,0,35,49
2020-08-10,US,Missouri,Johnson,489,2,0,38.74719601,-93.80691168,29101.0,904.5170359957086,0.40899795501022496,487,487,2,0,485,486,53652,2,0,0,2,1
2020-08-10,US,Missouri,Kansas City,6786,63,0,39.0997,-94.5786,0.0,1387.8918401531464,0.9283819628647216,6723,6648,63,0,6585,6476,491918,138,0,0,138,172
2020-08-10,US,Missouri,Knox,27,0,0,40.12699751,-92.14780832,29103.0,681.9904016165699,0.0,27,27,0,0,27,27,3947,0,0,0,0,0
2020-08-10,US,Missouri,Laclede,202,1,0,37.65896829,-92.5888493,29105.0,565.4620272653472,0.4950495049504951,201,200,1,0,199,195,35713,2,0,0,2,5
2020-08-10,US,Missouri,Lafayette,178,2,0,39.06986886,-93.78076396,29107.0,544.2093677387795,1.1235955056179776,176,178,2,0,176,175,32598,0,0,0,0,3
2020-08-10,US,Missouri,Lawrence,230,2,0,37.10626634,-93.83293097,29109.0,599.661061139356,0.8695652173913043,228,228,2,0,226,211,38359,2,0,0,2,17
2020-08-10,US,Missouri,Lewis,46,1,0,40.09673161,-91.72070156,29111.0,470.5400981996727,2.1739130434782608,45,46,1,0,45,40,9855,0,0,0,0,6
2020-08-10,US,Missouri,Lincoln,382,1,0,39.05345619,-90.95588181,29113.0,647.3149983901852,0.2617801047120419,381,374,1,0,373,360,57686,8,0,0,8,14
2020-08-10,US,Missouri,Linn,33,1,0,39.87001769,-93.10704106,29115.0,276.8456375838926,3.0303030303030303,32,32,1,0,31,29,12037,1,0,0,1,3
2020-08-10,US,Missouri,Livingston,63,0,0,39.78110272,-93.54645978,29117.0,413.738753529914,0.0,63,61,0,0,61,60,15146,2,0,0,2,1
2020-08-10,US,Missouri,Macon,59,0,0,39.83049768,-92.56453089,29121.0,390.28907852087053,0.0,59,58,0,0,58,57,15153,1,0,0,1,1
2020-08-10,US,Missouri,Madison,25,0,0,37.47865134,-90.3467143,29123.0,206.81667769688943,0.0,25,25,0,0,25,24,12188,0,0,0,0,1
2020-08-10,US,Missouri,Maries,24,0,0,38.16193985,-91.92249662,29125.0,275.9572266298724,0.0,24,23,0,0,23,20,8769,1,0,0,1,3
2020-08-10,US,Missouri,Marion,201,1,0,39.80601912,-91.62203062,29127.0,704.521556256572,0.4975124378109453,200,193,1,0,192,181,28592,8,0,0,8,12
2020-08-10,US,Missouri,McDonald,951,7,0,36.62869595,-94.34867205,29119.0,4164.2947847790865,0.7360672975814931,944,950,7,0,943,950,23078,1,0,0,1,0
2020-08-10,US,Missouri,Mercer,11,0,0,40.42212303,-93.5682959,29129.0,304.11943599668234,0.0,11,11,0,0,11,10,3641,0,0,0,0,1
2020-08-10,US,Missouri,Miller,132,1,0,38.21450288,-92.42610898,29131.0,515.24259338772,0.7575757575757576,131,127,1,0,126,114,25336,5,0,0,5,13
2020-08-10,US,Missouri,Mississippi,140,0,0,36.82516239,-89.29505753,29133.0,1062.215477996965,0.0,140,135,0,0,135,134,13336,5,0,0,5,1
2020-08-10,US,Missouri,Moniteau,148,2,0,38.63571781,-92.57976951,29135.0,917.4311926605504,1.351351351351351,146,146,2,0,144,139,16121,2,0,0,2,7
2020-08-10,US,Missouri,Monroe,31,0,0,39.49593978,-92.00043978,29137.0,358.6302637667746,0.0,31,29,0,0,29,27,8664,2,0,0,2,2
2020-08-10,US,Missouri,Montgomery,41,0,0,38.94022054,-91.47000721,29139.0,354.9476235823738,0.0,41,41,0,0,41,41,11534,0,0,0,0,0
2020-08-10,US,Missouri,Morgan,83,0,0,38.4181765,-92.88791859,29141.0,402.38522325107874,0.0,83,81,0,0,81,78,20358,2,0,0,2,3
2020-08-10,US,Missouri,New Madrid,256,1,0,36.59666326,-89.66070007,29143.0,1499.1801358632001,0.390625,255,250,1,0,249,230,17296,6,0,0,6,20
2020-08-10,US,Missouri,Newton,874,6,0,36.90519407,-94.3394104,29145.0,1500.7898894154819,0.6864988558352403,868,869,6,0,863,868,58266,5,0,0,5,1
2020-08-10,US,Missouri,Nodaway,186,0,0,40.36079813,-94.88133008,29147.0,841.9337316675719,0.0,186,179,0,0,179,175,22304,7,0,0,7,4
2020-08-10,US,Missouri,Oregon,16,0,0,36.68710164,-91.4033755,29149.0,151.96124988128028,0.0,16,16,0,0,16,14,10541,0,0,0,0,2
2020-08-10,US,Missouri,Osage,49,1,0,38.46036182,-91.8613635,29151.0,359.89717223650393,2.0408163265306123,48,48,1,0,47,45,13714,1,0,0,1,3
2020-08-10,US,Missouri,Ozark,14,0,0,36.64916339,-92.44459066,29153.0,152.6051885764116,0.0,14,12,0,0,12,12,9017,2,0,0,2,0
2020-08-10,US,Missouri,Pemiscot,234,9,0,36.2130572,-89.78742322,29155.0,1480.5441316039228,3.8461538461538463,225,234,9,0,225,234,16272,0,0,0,0,0
2020-08-10,US,Missouri,Perry,232,4,0,37.70660776,-89.82741088,29157.0,1212.374581939799,1.7241379310344829,228,225,4,0,221,223,19150,7,0,0,7,2
2020-08-10,US,Missouri,Pettis,550,4,0,38.72798918,-93.28471706,29159.0,1299.0387113535985,0.7272727272727273,546,505,4,0,501,487,42542,45,0,0,45,18
2020-08-10,US,Missouri,Phelps,89,0,0,37.87736118,-91.79351727,29161.0,199.6724474457632,0.0,89,88,0,0,88,81,44732,1,0,0,1,7
2020-08-10,US,Missouri,Pike,106,1,0,39.34310674,-91.16980779,29163.0,579.1716752267513,0.9433962264150944,105,99,1,0,98,95,18504,7,0,0,7,4
2020-08-10,US,Missouri,Platte,367,10,0,39.38154439,-94.77068479,29165.0,351.47196843456106,2.7247956403269757,357,363,10,0,353,343,102985,4,0,0,4,20
2020-08-10,US,Missouri,Polk,210,0,0,37.6162296,-93.39828174,29167.0,653.2084979315064,0.0,210,208,0,0,208,209,32201,2,0,0,2,-1
2020-08-10,US,Missouri,Pulaski,226,1,0,37.82462075,-92.20783203,29169.0,429.6006234911703,0.4424778761061947,225,224,1,0,223,197,52014,2,0,0,2,27
2020-08-10,US,Missouri,Putnam,13,1,0,40.47942497,-93.02042674,29171.0,276.83134582623507,7.6923076923076925,12,13,1,0,12,13,4757,0,0,0,0,0
2020-08-10,US,Missouri,Ralls,34,0,0,39.52817427,-91.51838643,29173.0,329.80890484043067,0.0,34,32,0,0,32,29,10212,2,0,0,2,3
2020-08-10,US,Missouri,Randolph,71,1,0,39.44007257,-92.4971374,29175.0,286.89187005010507,1.4084507042253518,70,69,1,0,68,67,24763,2,0,0,2,2
2020-08-10,US,Missouri,Ray,119,2,0,39.3537468,-93.98905745,29177.0,516.98670605613,1.680672268907563,117,116,2,0,114,116,22883,3,0,0,3,0
2020-08-10,US,Missouri,Reynolds,16,0,0,37.36085952,-90.97009925,29179.0,255.18341307814998,0.0,16,16,0,0,16,16,6254,0,0,0,0,0
2020-08-10,US,Missouri,Ripley,52,0,0,36.65460667,-90.85990261,29181.0,391.3305237808549,0.0,52,52,0,0,52,51,13401,0,0,0,0,1
2020-08-10,US,Missouri,Saline,435,7,0,39.13734288,-93.20259964,29195.0,1911.163832872018,1.6091954022988506,428,428,7,0,421,424,22895,7,0,0,7,4
2020-08-10,US,Missouri,Schuyler,11,0,0,40.46921489,-92.52311943,29197.0,236.05150214592274,0.0,11,11,0,0,11,10,4599,0,0,0,0,1
2020-08-10,US,Missouri,Scotland,16,1,0,40.45214695,-92.14709064,29199.0,326.39738882088943,6.25,15,15,1,0,14,14,4966,1,0,0,1,1
2020-08-10,US,Missouri,Scott,400,13,0,37.05588075,-89.56474493,29201.0,1044.932079414838,3.25,387,395,13,0,382,381,38458,5,0,0,5,14
2020-08-10,US,Missouri,Shannon,43,1,0,37.15772072,-91.40190382,29203.0,526.573597844722,2.3255813953488373,42,43,1,0,42,43,8189,0,0,0,0,0
2020-08-10,US,Missouri,Shelby,38,0,0,39.79742518,-92.07634971,29205.0,640.8094435075885,0.0,38,38,0,0,38,30,6050,0,0,0,0,8
2020-08-10,US,Missouri,St. Charles,4123,87,0,38.77875681,-90.66662425,29183.0,1025.5657650576336,2.11011399466408,4036,4052,87,0,3965,3954,399182,71,0,0,71,98
2020-08-10,US,Missouri,St. Clair,23,0,0,38.03699437,-93.77631447,29185.0,244.75896562732788,0.0,23,19,0,0,19,18,9395,4,0,0,4,1
2020-08-10,US,Missouri,St. Francois,376,2,0,37.81214171,-90.47598685,29187.0,559.3989436881649,0.5319148936170213,374,368,2,0,366,350,66692,8,0,0,8,18
2020-08-10,US,Missouri,St. Louis,14941,671,0,38.63770039999999,-90.4458375,29189.0,1502.8087768619143,4.490997925172344,14270,14785,667,0,14118,14666,996945,156,4,0,152,119
2020-08-10,US,Missouri,St. Louis City,5235,176,0,38.63555736,-90.24349225,29510.0,1741.6560204407538,3.3619866284622733,5059,5200,174,0,5026,5139,302838,35,2,0,33,61
2020-08-10,US,Missouri,Ste. Genevieve,57,1,0,37.89090059,-90.1949941,29186.0,318.5425282217504,1.7543859649122806,56,56,1,0,55,53,17888,1,0,0,1,3
2020-08-10,US,Missouri,Stoddard,231,9,0,36.85571651,-89.9444155,29207.0,795.8656330749353,3.8961038961038965,222,231,9,0,222,224,29206,0,0,0,0,7
2020-08-10,US,Missouri,Stone,136,1,0,36.75000327,-93.45256475,29209.0,425.6384576865298,0.7352941176470589,135,129,1,0,128,123,31749,7,0,0,7,6
2020-08-10,US,Missouri,Sullivan,144,0,0,40.2099105,-93.11150106,29211.0,2364.920348168829,0.0,144,144,0,0,144,141,6221,0,0,0,0,3
2020-08-10,US,Missouri,Taney,616,3,0,36.65465345,-93.04075153,29213.0,1101.4161064225432,0.48701298701298706,613,589,3,0,586,548,55852,27,0,0,27,41
2020-08-10,US,Missouri,Texas,55,0,0,37.31728859,-91.96564727,29215.0,216.5524844475943,0.0,55,52,0,0,52,50,25571,3,0,0,3,2
2020-08-10,US,Missouri,Vernon,53,0,0,37.8457799,-94.34127305,29217.0,257.7444925351359,0.0,53,53,0,0,53,49,20528,0,0,0,0,4
2020-08-10,US,Missouri,Warren,203,0,0,38.76529479,-91.16124662,29219.0,569.4409380347274,0.0,203,196,0,0,196,191,34711,7,0,0,7,5
2020-08-10,US,Missouri,Washington,82,1,0,37.96130078,-90.87948158,29221.0,331.5810756166599,1.2195121951219512,81,77,1,0,76,69,24943,5,0,0,5,8
2020-08-10,US,Missouri,Wayne,57,0,0,37.11303869,-90.46001416,29223.0,442.7872290841297,0.0,57,55,0,0,55,55,13122,2,0,0,2,0
2020-08-10,US,Missouri,Webster,137,1,0,37.2813734,-92.876329,29225.0,346.0295009092746,0.7299270072992701,136,135,1,0,134,128,39109,2,0,0,2,7
2020-08-10,US,Missouri,Worth,9,0,0,40.47945588,-94.42328751,29227.0,447.0938897168405,0.0,9,9,0,0,9,9,2040,0,0,0,0,0
2020-08-10,US,Missouri,Wright,62,0,0,37.27029221,-92.46914488,29229.0,339.00158565257806,0.0,62,62,0,0,62,61,18378,0,0,0,0,1
2020-08-10,US,Montana,Beaverhead,64,0,0,45.13434354,-112.89846940000001,30001.0,677.0337459007723,0.0,64,64,0,0,64,62,9404,0,0,0,0,2
2020-08-10,US,Montana,Big Horn,437,13,0,45.42335905,-107.492347,30003.0,3281.0271041369483,2.9748283752860414,424,428,13,0,415,421,13338,9,0,0,9,7
2020-08-10,US,Montana,Blaine,10,0,0,48.43175214,-108.9582723,30005.0,149.678191887442,0.0,10,10,0,0,10,10,6807,0,0,0,0,0
2020-08-10,US,Montana,Broadwater,12,0,0,46.33277565,-111.49558130000001,30007.0,192.40019240019242,0.0,12,12,0,0,12,11,6085,0,0,0,0,1
2020-08-10,US,Montana,Carbon,71,0,0,45.22850116,-109.0274047,30009.0,662.004662004662,0.0,71,69,0,0,69,68,10714,2,0,0,2,1
2020-08-10,US,Montana,Cascade,166,4,0,47.30797024,-111.3467922,30013.0,204.01641963473685,2.409638554216868,162,166,4,0,162,164,81643,0,0,0,0,2
2020-08-10,US,Montana,Chouteau,10,0,0,47.88084126,-110.4353362,30015.0,177.4622892635315,0.0,10,10,0,0,10,10,5745,0,0,0,0,0
2020-08-10,US,Montana,Custer,61,2,0,46.25319932,-105.57375259999998,30017.0,534.9938607261884,3.278688524590164,59,61,2,0,59,61,11586,0,0,0,0,0
2020-08-10,US,Montana,Daniels,3,0,0,48.78420029,-105.54763429999998,30019.0,177.5147928994083,0.0,3,3,0,0,3,3,1747,0,0,0,0,0
2020-08-10,US,Montana,Dawson,17,0,0,47.26584855,-104.89444170000002,30021.0,197.376059445025,0.0,17,17,0,0,17,17,8680,0,0,0,0,0
2020-08-10,US,Montana,Deer Lodge,25,0,0,46.05953325,-113.073353,30023.0,273.52297592997814,0.0,25,25,0,0,25,25,9131,0,0,0,0,0
2020-08-10,US,Montana,Fallon,2,0,0,46.33478338,-104.41835649999999,30025.0,70.27406886858749,0.0,2,2,0,0,2,2,2920,0,0,0,0,0
2020-08-10,US,Montana,Fergus,14,0,0,47.26331584,-109.2245206,30027.0,126.69683257918552,0.0,14,13,0,0,13,9,11113,1,0,0,1,4
2020-08-10,US,Montana,Flathead,347,2,0,48.29575866,-114.05205690000001,30029.0,334.27740207695126,0.5763688760806917,345,330,2,0,328,330,102106,17,0,0,17,0
2020-08-10,US,Montana,Gallatin,947,3,0,45.54486106,-111.1692571,30031.0,827.5512522502054,0.3167898627243928,944,939,3,0,936,930,111876,8,0,0,8,9
2020-08-10,US,Montana,Garfield,12,0,0,47.27545948,-107.0002351,30033.0,953.8950715421304,0.0,12,12,0,0,12,12,1268,0,0,0,0,0
2020-08-10,US,Montana,Glacier,76,1,0,48.70513576,-112.9934235,30035.0,552.6067039918563,1.3157894736842106,75,74,1,0,73,72,13747,2,0,0,2,2
2020-08-10,US,Montana,Golden Valley,3,0,0,46.3816474,-109.17685220000001,30037.0,365.4080389768576,0.0,3,3,0,0,3,3,826,0,0,0,0,0
2020-08-10,US,Montana,Granite,16,0,0,46.40605220000001,-113.4414186,30039.0,473.5128736312519,0.0,16,16,0,0,16,16,3378,0,0,0,0,0
2020-08-10,US,Montana,Hill,42,2,0,48.62879827,-110.1129252,30041.0,254.79252608590144,4.761904761904762,40,42,2,0,40,42,16347,0,0,0,0,0
2020-08-10,US,Montana,Jefferson,29,0,0,46.14907081,-112.094396,30043.0,237.29645691841912,0.0,29,28,0,0,28,28,12097,1,0,0,1,0
2020-08-10,US,Montana,Judith Basin,3,0,0,47.04581276,-110.26606880000001,30045.0,149.47683109118088,0.0,3,3,0,0,3,3,1952,0,0,0,0,0
2020-08-10,US,Montana,Lake,181,1,0,47.64514965,-114.0898013,30047.0,594.2609495042352,0.5524861878453039,180,180,1,0,179,179,30250,1,0,0,1,1
2020-08-10,US,Montana,Lewis and Clark,158,1,0,47.12610041,-112.39469799999999,30049.0,227.56077889157737,0.6329113924050633,157,158,1,0,157,156,68700,0,0,0,0,2
2020-08-10,US,Montana,Liberty,1,0,0,48.56084317,-111.02430700000001,30051.0,42.78990158322636,0.0,1,1,0,0,1,1,2430,0,0,0,0,0
2020-08-10,US,Montana,Lincoln,77,2,0,48.54265777,-115.4046155,30053.0,385.38538538538535,2.5974025974025974,75,77,2,0,75,76,19794,0,0,0,0,1
2020-08-10,US,Montana,Madison,84,1,0,45.30080065,-111.9173017,30057.0,976.7441860465117,1.1904761904761905,83,84,1,0,83,87,8768,0,0,0,0,-3
2020-08-10,US,Montana,McCone,3,0,0,47.64469406,-105.79449939999999,30055.0,180.2884615384616,0.0,3,3,0,0,3,3,1675,0,0,0,0,0
2020-08-10,US,Montana,Meagher,4,0,0,46.59907074,-110.8898557,30059.0,214.8227712137487,0.0,4,4,0,0,4,4,1866,0,0,0,0,0
2020-08-10,US,Montana,Missoula,332,1,0,47.03728583,-113.92135079999998,30063.0,277.59197324414714,0.3012048192771085,331,329,1,0,328,328,118791,3,0,0,3,1
2020-08-10,US,Montana,Musselshell,3,0,0,46.49684637,-108.39498,30065.0,64.7528599179797,0.0,3,3,0,0,3,3,4651,0,0,0,0,0
2020-08-10,US,Montana,Park,55,0,0,45.48965095,-110.52643940000002,30067.0,331.20558834156327,0.0,55,55,0,0,55,55,16736,0,0,0,0,0
2020-08-10,US,Montana,Phillips,28,0,0,48.25936577,-107.9128511,30071.0,708.1436519979767,0.0,28,28,0,0,28,28,4074,0,0,0,0,0
2020-08-10,US,Montana,Pondera,11,0,0,48.22773388,-112.22527029999999,30073.0,186.09372356623246,0.0,11,11,0,0,11,11,5972,0,0,0,0,0
2020-08-10,US,Montana,Powder River,1,0,0,45.39617714,-105.636738,30075.0,59.453032104637344,0.0,1,1,0,0,1,1,1716,0,0,0,0,0
2020-08-10,US,Montana,Powell,2,0,0,46.85538891,-112.93591640000001,30077.0,29.027576197387518,0.0,2,2,0,0,2,2,6968,0,0,0,0,0
2020-08-10,US,Montana,Prairie,1,0,0,46.86048047,-105.379384,30079.0,92.85051067780873,0.0,1,1,0,0,1,1,1087,0,0,0,0,0
2020-08-10,US,Montana,Ravalli,83,1,0,46.08520862,-114.11891640000002,30081.0,189.4717618591061,1.2048192771084338,82,83,1,0,82,82,43172,0,0,0,0,1
2020-08-10,US,Montana,Richland,47,2,0,47.78668011,-104.5610786,30083.0,435.0643339813015,4.25531914893617,45,47,2,0,45,47,10913,0,0,0,0,0
2020-08-10,US,Montana,Roosevelt,23,0,0,48.29607488,-105.00792679999999,30085.0,209.01490367139226,0.0,23,23,0,0,23,23,11059,0,0,0,0,0
2020-08-10,US,Montana,Rosebud,34,1,0,46.23397237,-106.72928799999998,30087.0,380.44086382454964,2.9411764705882355,33,34,1,0,33,33,9063,0,0,0,0,1
2020-08-10,US,Montana,Sanders,9,0,0,47.67657534,-115.1329916,30089.0,74.30033847931973,0.0,9,9,0,0,9,9,11844,0,0,0,0,0
2020-08-10,US,Montana,Sheridan,5,0,0,48.72085833,-104.50382900000001,30091.0,151.1030522816561,0.0,5,5,0,0,5,5,3424,0,0,0,0,0
2020-08-10,US,Montana,Silver Bow,95,0,0,45.90018933,-112.6620092,30093.0,272.0893598739797,0.0,95,88,0,0,88,85,34993,7,0,0,7,3
2020-08-10,US,Montana,Stillwater,26,1,0,45.67071407,-109.3950061,30095.0,269.6535988384153,3.8461538461538463,25,26,1,0,25,23,9534,0,0,0,0,3
2020-08-10,US,Montana,Sweet Grass,5,1,0,45.81367654,-109.9425686,30097.0,133.7971635001338,20.0,4,5,1,0,4,5,3710,0,0,0,0,0
2020-08-10,US,Montana,Teton,15,0,0,47.83741052,-112.24106880000001,30099.0,244.0214738897023,0.0,15,15,0,0,15,15,6162,0,0,0,0,0
2020-08-10,US,Montana,Toole,45,6,0,48.65577551,-111.69424140000001,30101.0,950.1689189189192,13.333333333333336,39,45,6,0,39,45,4853,0,0,0,0,0
2020-08-10,US,Montana,Treasure,2,0,0,46.20973220000001,-107.26665159999999,30103.0,287.3563218390805,0.0,2,2,0,0,2,2,679,0,0,0,0,0
2020-08-10,US,Montana,Valley,19,0,0,48.36435097,-106.6669635,30105.0,256.89561925365064,0.0,19,15,0,0,15,14,7437,4,0,0,4,1
2020-08-10,US,Montana,Wheatland,3,0,0,46.46652491,-109.84646359999999,30107.0,141.11006585136406,0.0,3,3,0,0,3,3,2236,0,0,0,0,0
2020-08-10,US,Montana,Wibaux,3,0,0,46.95925154,-104.2510927,30109.0,309.59752321981426,0.0,3,3,0,0,3,3,1034,0,0,0,0,0
2020-08-10,US,Montana,Yellowstone,1295,30,0,45.93955949,-108.26914860000001,30111.0,802.8518288902666,2.3166023166023164,1265,1285,30,0,1255,1261,160137,10,0,0,10,24
2020-08-10,US,Nebraska,Adams,358,11,0,40.52449420000001,-98.50117804,31001.0,1141.4724356726076,3.0726256983240225,347,353,11,0,342,353,31511,5,0,0,5,0
2020-08-10,US,Nebraska,Antelope,19,1,0,42.17695516,-98.06662829999999,31003.0,301.6830739917434,5.2631578947368425,18,19,1,0,18,19,6336,0,0,0,0,0
2020-08-10,US,Nebraska,Arthur,1,0,0,41.56896142,-101.6959559,31005.0,215.98272138228938,0.0,1,1,0,0,1,1,465,0,0,0,0,0
2020-08-10,US,Nebraska,Banner,3,0,0,41.54634427,-103.7114332,31007.0,402.6845637583893,0.0,3,3,0,0,3,3,730,0,0,0,0,0
2020-08-10,US,Nebraska,Boone,8,0,0,41.70759415,-98.06737183,31011.0,154.08320493066256,0.0,8,8,0,0,8,8,5239,0,0,0,0,0
2020-08-10,US,Nebraska,Box Butte,12,0,0,42.22079243,-103.08788340000001,31013.0,111.28628396550128,0.0,12,12,0,0,12,12,10772,0,0,0,0,0
2020-08-10,US,Nebraska,Boyd,5,0,0,42.899727399999996,-98.76486568,31015.0,260.5523710265764,0.0,5,4,0,0,4,4,1955,1,0,0,1,0
2020-08-10,US,Nebraska,Buffalo,435,1,0,40.85486962,-99.07500296,31019.0,875.9741436597595,0.2298850574712644,434,415,1,0,414,406,49615,20,0,0,20,9
2020-08-10,US,Nebraska,Burt,40,0,0,41.85056773,-96.32605633,31021.0,619.2909119058678,0.0,40,33,0,0,33,31,6488,7,0,0,7,2
2020-08-10,US,Nebraska,Butler,60,0,0,41.22703692,-97.13106306,31023.0,748.502994011976,0.0,60,60,0,0,60,60,8058,0,0,0,0,0
2020-08-10,US,Nebraska,Cass,180,2,0,40.90899107,-96.13971217,31025.0,685.7665345931117,1.1111111111111112,178,178,2,0,176,176,26159,2,0,0,2,2
2020-08-10,US,Nebraska,Cedar,22,0,0,42.598885100000004,-97.25311951,31027.0,261.8424184717924,0.0,22,22,0,0,22,22,8446,0,0,0,0,0
2020-08-10,US,Nebraska,Chase,7,0,0,40.523719799999995,-101.69780259999999,31029.0,178.38939857288483,0.0,7,6,0,0,6,6,3977,1,0,0,1,0
2020-08-10,US,Nebraska,Cherry,4,0,0,42.54502621,-101.1244332,31031.0,70.31112673580594,0.0,4,4,0,0,4,4,5761,0,0,0,0,0
2020-08-10,US,Nebraska,Cheyenne,26,0,0,41.21999357,-102.9941693,31033.0,291.8069584736251,0.0,26,26,0,0,26,26,9310,0,0,0,0,0
2020-08-10,US,Nebraska,Clay,50,0,0,40.52439441,-98.05126296,31035.0,806.0615831049491,0.0,50,50,0,0,50,50,6214,0,0,0,0,0
2020-08-10,US,Nebraska,Colfax,703,4,0,41.57486951,-97.0868542,31037.0,6564.5718554486875,0.5689900426742532,699,701,4,0,697,701,10881,2,0,0,2,0
2020-08-10,US,Nebraska,Cuming,67,0,0,41.91637624,-96.78730772,31039.0,757.4044765995932,0.0,67,67,0,0,67,67,8940,0,0,0,0,0
2020-08-10,US,Nebraska,Custer,48,4,0,41.39374521,-99.72805369,31041.0,445.39296650273735,8.333333333333334,44,46,4,0,42,45,10840,2,0,0,2,1
2020-08-10,US,Nebraska,Dakota,1928,42,0,42.39040144,-96.56656425,31043.0,9627.484270448416,2.178423236514522,1886,1924,41,0,1883,1924,20083,4,1,0,3,0
2020-08-10,US,Nebraska,Dawes,10,0,0,42.71985036,-103.1313774,31045.0,116.42798928862499,0.0,10,10,0,0,10,10,8716,0,0,0,0,0
2020-08-10,US,Nebraska,Dawson,961,9,0,40.87028216,-99.82014609999999,31047.0,4072.896800169528,0.9365244536940688,952,959,9,0,950,956,23709,2,0,0,2,3
2020-08-10,US,Nebraska,Deuel,2,0,0,41.11168186,-102.33333309999999,31049.0,111.48272017837236,0.0,2,2,0,0,2,2,1825,0,0,0,0,0
2020-08-10,US,Nebraska,Dixon,57,2,0,42.49188363,-96.86782408,31051.0,1011.3555713271824,3.5087719298245608,55,58,2,0,56,58,5709,-1,0,0,-1,0
2020-08-10,US,Nebraska,Dodge,817,10,0,41.58071748,-96.65598179,31053.0,2234.377136606044,1.2239902080783354,807,806,9,0,797,799,36791,11,1,0,10,7
2020-08-10,US,Nebraska,Douglas,11354,133,0,41.29518299,-96.15085305,31055.0,1987.3032431514707,1.1713933415536375,11221,11270,132,0,11138,11190,566880,84,1,0,83,80
2020-08-10,US,Nebraska,Dundy,1,0,0,40.17638677,-101.6876522,31057.0,59.06674542232722,0.0,1,1,0,0,1,1,1770,0,0,0,0,0
2020-08-10,US,Nebraska,Fillmore,24,1,0,40.52458567,-97.59646937,31059.0,439.3994873672647,4.166666666666667,23,24,1,0,23,24,5527,0,0,0,0,0
2020-08-10,US,Nebraska,Franklin,12,0,0,40.17636348,-98.95299073,31061.0,402.81973816717016,0.0,12,12,0,0,12,12,3023,0,0,0,0,0
2020-08-10,US,Nebraska,Frontier,3,0,0,40.52993007,-100.3924658,31063.0,114.19870574800152,0.0,3,3,0,0,3,3,2608,0,0,0,0,0
2020-08-10,US,Nebraska,Furnas,15,1,0,40.17642064,-99.91247454,31065.0,320.786997433704,6.666666666666668,14,15,1,0,14,15,4715,0,0,0,0,0
2020-08-10,US,Nebraska,Gage,90,4,0,40.26186809,-96.68946704,31067.0,418.35169432436203,4.4444444444444455,86,89,4,0,85,89,21493,1,0,0,1,0
2020-08-10,US,Nebraska,Garden,4,0,0,41.61703149,-102.3313973,31069.0,217.74632553075668,0.0,4,4,0,0,4,4,1897,0,0,0,0,0
2020-08-10,US,Nebraska,Garfield,4,0,0,41.91428955,-98.99111827,31071.0,203.14880650076182,0.0,4,3,0,0,3,3,1987,1,0,0,1,0
2020-08-10,US,Nebraska,Gosper,19,0,0,40.51481965,-99.83020279,31073.0,954.7738693467336,0.0,19,19,0,0,19,19,1996,0,0,0,0,0
2020-08-10,US,Nebraska,Greeley,10,0,0,41.56742671,-98.52150266,31077.0,424.44821731748726,0.0,10,10,0,0,10,10,2356,0,0,0,0,0
2020-08-10,US,Nebraska,Hall,1746,45,0,40.87257079,-98.50218293,31079.0,2845.8266099457237,2.5773195876288657,1701,1741,45,0,1696,1741,61607,5,0,0,5,0
2020-08-10,US,Nebraska,Hamilton,100,12,0,40.87349452,-98.02099117,31081.0,1072.5010725010725,12.0,88,100,12,0,88,99,9280,0,0,0,0,1
2020-08-10,US,Nebraska,Harlan,1,0,0,40.17658508,-99.40438879,31083.0,29.58579881656805,0.0,1,1,0,0,1,1,3401,0,0,0,0,0
2020-08-10,US,Nebraska,Hitchcock,1,0,0,40.17609175,-101.04164770000001,31087.0,36.205648081100655,0.0,1,1,0,0,1,1,2806,0,0,0,0,0
2020-08-10,US,Nebraska,Holt,13,0,0,42.45522056,-98.78402558,31089.0,129.1347968610311,0.0,13,13,0,0,13,13,10178,0,0,0,0,0
2020-08-10,US,Nebraska,Hooker,4,0,0,41.91586243,-101.1354293,31091.0,586.5102639296188,0.0,4,4,0,0,4,4,682,0,0,0,0,0
2020-08-10,US,Nebraska,Howard,55,4,0,41.2200529,-98.5166499,31093.0,853.3747090768037,7.272727272727272,51,55,4,0,51,55,6468,0,0,0,0,0
2020-08-10,US,Nebraska,Jefferson,17,0,0,40.17584531,-97.142601,31095.0,241.27164348566563,0.0,17,17,0,0,17,16,7097,0,0,0,0,1
2020-08-10,US,Nebraska,Johnson,14,0,0,40.39257596,-96.26522753,31097.0,276.07966870439753,0.0,14,13,0,0,13,13,5134,1,0,0,1,0
2020-08-10,US,Nebraska,Kearney,53,0,0,40.50663314,-98.94877182,31099.0,816.0123171670517,0.0,53,52,0,0,52,51,6544,1,0,0,1,1
2020-08-10,US,Nebraska,Keith,23,0,0,41.19930341,-101.66201640000001,31101.0,286.2832959920338,0.0,23,22,0,0,22,22,8021,1,0,0,1,0
2020-08-10,US,Nebraska,Kimball,15,0,0,41.19774275,-103.7148131,31105.0,412.9955947136564,0.0,15,15,0,0,15,15,3618,0,0,0,0,0
2020-08-10,US,Nebraska,Knox,36,0,0,42.63758421,-97.89178836,31107.0,432.06913106096977,0.0,36,34,0,0,34,34,8419,2,0,0,2,0
2020-08-10,US,Nebraska,Lancaster,3312,17,0,40.78416049,-96.68777155,31109.0,1037.9516750759974,0.5132850241545893,3295,3292,17,0,3275,3269,317272,20,0,0,20,23
2020-08-10,US,Nebraska,Lincoln,125,2,0,41.04658298,-100.74753740000001,31111.0,358.02256974279663,1.6,123,123,2,0,121,109,35185,2,0,0,2,14
2020-08-10,US,Nebraska,Madison,461,5,0,41.91676024,-97.6005481,31119.0,1313.4277329838458,1.084598698481562,456,453,5,0,448,449,35392,8,0,0,8,4
2020-08-10,US,Nebraska,McPherson,5,0,0,41.56797682,-101.05993620000001,31117.0,1012.1457489878543,0.0,5,5,0,0,5,5,492,0,0,0,0,0
2020-08-10,US,Nebraska,Merrick,62,0,0,41.16624273,-98.0374887,31121.0,799.4842037395229,0.0,62,62,0,0,62,61,7733,0,0,0,0,1
2020-08-10,US,Nebraska,Morrill,58,0,0,41.71711774,-103.0061405,31123.0,1249.4614390348986,0.0,58,58,0,0,58,58,4686,0,0,0,0,0
2020-08-10,US,Nebraska,Nance,8,0,0,41.39750195,-97.99327291,31125.0,227.33731173628868,0.0,8,8,0,0,8,8,3532,0,0,0,0,0
2020-08-10,US,Nebraska,Nemaha,33,0,0,40.38514847,-95.85433992,31127.0,473.3218588640277,0.0,33,28,0,0,28,28,6958,5,0,0,5,0
2020-08-10,US,Nebraska,Nuckolls,5,0,0,40.17637905,-98.04743961,31129.0,120.54001928640308,0.0,5,5,0,0,5,5,4195,0,0,0,0,0
2020-08-10,US,Nebraska,Otoe,53,0,0,40.64843556,-96.13374142,31131.0,331.00174868848364,0.0,53,52,0,0,52,45,15985,1,0,0,1,7
2020-08-10,US,Nebraska,Pawnee,9,0,0,40.13141096,-96.23705437,31133.0,344.4316877152698,0.0,9,9,0,0,9,9,2632,0,0,0,0,0
2020-08-10,US,Nebraska,Perkins,18,7,0,40.85082525,-101.6502942,31135.0,622.6219301279834,38.888888888888886,11,18,7,0,11,19,2929,0,0,0,0,-1
2020-08-10,US,Nebraska,Phelps,40,0,0,40.51156033,-99.41461667,31137.0,442.7717511622759,0.0,40,37,0,0,37,37,8996,3,0,0,3,0
2020-08-10,US,Nebraska,Pierce,21,0,0,42.26434853,-97.60122773,31139.0,293.7884722999441,0.0,21,21,0,0,21,20,7142,0,0,0,0,1
2020-08-10,US,Nebraska,Platte,797,3,0,41.57246836,-97.52144359,31141.0,2381.23692859277,0.37641154328732745,794,792,3,0,789,792,33363,5,0,0,5,0
2020-08-10,US,Nebraska,Polk,27,0,0,41.18813488,-97.56630712,31143.0,517.9359294072511,0.0,27,26,0,0,26,26,5278,1,0,0,1,0
2020-08-10,US,Nebraska,Red Willow,17,0,0,40.17556879999999,-100.476998,31145.0,158.52293920179036,0.0,17,16,0,0,16,16,10726,1,0,0,1,0
2020-08-10,US,Nebraska,Richardson,23,1,0,40.1247415,-95.71755036,31147.0,292.4348378893833,4.3478260869565215,22,22,1,0,21,22,7937,1,0,0,1,0
2020-08-10,US,Nebraska,Rock,3,0,0,42.42252217,-99.44832069,31149.0,221.07590272660286,0.0,3,3,0,0,3,3,1360,0,0,0,0,0
2020-08-10,US,Nebraska,Saline,597,2,0,40.52418865,-97.14085859,31151.0,4197.131608548932,0.33500837520938026,595,595,2,0,593,595,14350,2,0,0,2,0
2020-08-10,US,Nebraska,Sarpy,2290,11,0,41.11314181,-96.11156432,31153.0,1223.3167375371268,0.480349344978166,2279,2258,11,0,2247,2238,184459,32,0,0,32,20
2020-08-10,US,Nebraska,Saunders,161,2,0,41.227810299999994,-96.63773905,31155.0,746.1303179163962,1.2422360248447204,159,160,2,0,158,156,21303,1,0,0,1,4
2020-08-10,US,Nebraska,Scotts Bluff,301,6,0,41.85070896,-103.70809859999999,31157.0,845.0783311808636,1.9933554817275747,295,301,6,0,295,301,35989,0,0,0,0,0
2020-08-10,US,Nebraska,Seward,122,1,0,40.87241834,-97.139673,31159.0,705.855126128211,0.819672131147541,121,119,1,0,118,118,17318,3,0,0,3,1
2020-08-10,US,Nebraska,Sheridan,11,0,0,42.50284406,-102.4126613,31161.0,209.6835684330919,0.0,11,9,0,0,9,9,5190,2,0,0,2,0
2020-08-10,US,Nebraska,Sherman,11,0,0,41.22045983,-98.97588642,31163.0,366.54448517160944,0.0,11,11,0,0,11,11,3038,0,0,0,0,0
2020-08-10,US,Nebraska,Sioux,5,0,0,42.48932059,-103.7576544,31165.0,428.8164665523156,0.0,5,5,0,0,5,5,1187,0,0,0,0,0
2020-08-10,US,Nebraska,Stanton,32,0,0,41.9169835,-97.19394708,31167.0,540.5405405405405,0.0,32,29,0,0,29,29,5970,3,0,0,3,0
2020-08-10,US,Nebraska,Thayer,27,0,0,40.17626377,-97.59504381,31169.0,539.6761942834298,0.0,27,27,0,0,27,27,5039,0,0,0,0,0
2020-08-10,US,Nebraska,Thomas,1,0,0,41.91358968,-100.5556632,31171.0,138.50415512465375,0.0,1,1,0,0,1,1,720,0,0,0,0,0
2020-08-10,US,Nebraska,Thurston,205,4,0,42.15725356,-96.54157099,31173.0,2837.763012181617,1.951219512195122,201,205,4,0,201,205,7303,0,0,0,0,0
2020-08-10,US,Nebraska,Unassigned,155,0,0,0.0,0.0,90031.0,0.0,0.0,155,136,0,0,136,139,,19,0,0,19,-3
2020-08-10,US,Nebraska,Valley,10,0,0,41.56730777,-98.98197724,31175.0,240.50024050024047,0.0,10,10,0,0,10,10,4190,0,0,0,0,0
2020-08-10,US,Nebraska,Washington,126,1,0,41.52815707,-96.22019892,31177.0,607.8440831685077,0.7936507936507936,125,125,1,0,124,118,20667,1,0,0,1,7
2020-08-10,US,Nebraska,Wayne,37,0,0,42.20934475,-97.11926964,31179.0,394.2461374533831,0.0,37,37,0,0,37,37,9403,0,0,0,0,0
2020-08-10,US,Nebraska,Webster,10,0,0,40.17642643,-98.50019851,31181.0,286.77946659019216,0.0,10,9,0,0,9,9,3533,1,0,0,1,0
2020-08-10,US,Nebraska,Wheeler,1,0,0,41.91482725,-98.52798941,31183.0,127.7139208173691,0.0,1,1,0,0,1,,805,0,0,0,0,
2020-08-10,US,Nebraska,York,80,0,0,40.87272618,-97.59710186,31185.0,584.8380729585497,0.0,80,79,0,0,79,78,13772,1,0,0,1,1
2020-08-10,US,Nevada,Carson City,355,8,0,39.15509045,-119.7480219,32510.0,634.880892767723,2.2535211267605635,347,352,8,0,344,339,55414,3,0,0,3,13
2020-08-10,US,Nevada,Churchill,69,1,0,39.58105744,-118.3394607,32001.0,277.0083102493075,1.4492753623188406,68,69,1,0,68,62,24440,0,0,0,0,7
2020-08-10,US,Nevada,Clark,49151,811,0,36.21458855,-115.0130241,32003.0,2168.3802330685594,1.6500172936461108,48340,48466,807,0,47659,47739,2231647,685,4,0,681,727
2020-08-10,US,Nevada,Douglas,205,0,0,38.912862,-119.61713329999999,32005.0,419.18004294039457,0.0,205,203,0,0,203,199,48467,2,0,0,2,4
2020-08-10,US,Nevada,Elko,553,2,0,41.14531606,-115.3577619,32007.0,1047.7850619576338,0.3616636528028933,551,544,2,0,542,535,52460,9,0,0,9,9
2020-08-10,US,Nevada,Eureka,3,0,0,39.98100864,-116.26832040000001,32011.0,147.85608674223758,0.0,3,3,0,0,3,2,2003,0,0,0,0,1
2020-08-10,US,Nevada,Humboldt,105,4,0,41.40692186,-118.11094270000001,32013.0,623.8488503356901,3.809523809523809,101,104,4,0,100,102,16786,1,0,0,1,2
2020-08-10,US,Nevada,Lander,51,1,0,39.933223299999995,-117.03970749999999,32015.0,921.9088937093277,1.96078431372549,50,51,1,0,50,51,5575,0,0,0,0,0
2020-08-10,US,Nevada,Lincoln,5,0,0,37.64268459,-114.8790388,32017.0,96.46922631680496,0.0,5,5,0,0,5,5,5201,0,0,0,0,0
2020-08-10,US,Nevada,Lyon,230,6,0,39.01777974,-119.18704790000001,32019.0,399.9304468788037,2.608695652173913,224,224,6,0,218,222,55808,6,0,0,6,2
2020-08-10,US,Nevada,Mineral,11,0,0,38.53841696,-118.4344506,32021.0,244.173140954495,0.0,11,11,0,0,11,11,4514,0,0,0,0,0
2020-08-10,US,Nevada,Nye,408,9,0,38.04264256,-116.47227020000001,32023.0,876.9855770264169,2.2058823529411766,399,408,9,0,399,405,45346,0,0,0,0,3
2020-08-10,US,Nevada,Pershing,14,0,0,40.44003782,-118.40056409999998,32027.0,208.17843866171,0.0,14,14,0,0,14,13,6666,0,0,0,0,1
2020-08-10,US,Nevada,Storey,5,0,0,39.44875482,-119.5250207,32029.0,121.2709192335678,0.0,5,4,0,0,4,4,4029,1,0,0,1,0
2020-08-10,US,Nevada,Washoe,5792,120,0,40.66562265,-119.6631594,32031.0,1228.3704368222702,2.0718232044198897,5672,5756,118,0,5638,5715,465735,36,2,0,34,41
2020-08-10,US,Nevada,White Pine,15,1,0,39.44157041,-114.89996599999999,32033.0,156.5762004175365,6.666666666666668,14,16,1,0,15,15,9475,-1,0,0,-1,1
2020-08-10,US,New Hampshire,Belknap,115,4,0,43.51637314,-71.41684235,33001.0,187.59277686247,3.4782608695652173,111,115,4,0,111,115,61022,0,0,0,0,0
2020-08-10,US,New Hampshire,Carroll,94,1,0,43.87498583,-71.20430216,33003.0,192.18973625025558,1.0638297872340423,93,94,1,0,93,93,48779,0,0,0,0,1
2020-08-10,US,New Hampshire,Cheshire,99,3,0,42.92015988,-72.25311043,33005.0,130.11763159624107,3.0303030303030303,96,97,3,0,94,97,76493,2,0,0,2,0
2020-08-10,US,New Hampshire,Coos,17,0,0,44.69063265,-71.30633239,33007.0,53.86053290244907,0.0,17,17,0,0,17,17,31589,0,0,0,0,0
2020-08-10,US,New Hampshire,Grafton,103,1,0,43.93779815,-71.82057197,33009.0,114.58959126004049,0.9708737864077671,102,103,1,0,102,103,89786,0,0,0,0,0
2020-08-10,US,New Hampshire,Hillsborough,3855,279,0,42.91537785,-71.7200253,33011.0,924.4050116899466,7.237354085603112,3576,3850,279,0,3571,3842,415247,5,0,0,5,8
2020-08-10,US,New Hampshire,Merrimack,466,21,0,43.29662971,-71.6811573,33013.0,307.81222133416117,4.5064377682403425,445,464,21,0,443,464,151132,2,0,0,2,0
2020-08-10,US,New Hampshire,Rockingham,1691,96,0,42.98499744,-71.12883377,33015.0,545.8906475470432,5.677114133648728,1595,1691,96,0,1595,1688,309176,0,0,0,0,3
2020-08-10,US,New Hampshire,Strafford,360,13,0,43.291833000000004,-71.02336013,33017.0,275.5812084235989,3.611111111111111,347,358,13,0,345,353,130090,2,0,0,2,5
2020-08-10,US,New Hampshire,Sullivan,40,1,0,43.36094111,-72.22203125,33019.0,92.70847819033052,2.5,39,40,1,0,39,40,43144,0,0,0,0,0
2020-08-10,US,New Jersey,Atlantic,3469,252,0,39.47538693,-74.65848483,34001.0,1315.6597261728675,7.2643413087345055,3217,3463,252,0,3211,3456,265429,6,0,0,6,7
2020-08-10,US,New Jersey,Bergen,20825,2038,0,40.96010917,-74.07164325,34003.0,2233.957876082652,9.786314525810324,18787,20794,2038,0,18756,20751,936692,31,0,0,31,43
2020-08-10,US,New Jersey,Burlington,6025,473,0,39.87681124,-74.66927768,34005.0,1352.8715681409412,7.850622406639004,5552,6007,473,0,5534,5977,445384,18,0,0,18,30
2020-08-10,US,New Jersey,Camden,8580,580,0,39.80343818,-74.96388753,34007.0,1694.0752777552912,6.759906759906759,8000,8562,580,0,7982,8525,507078,18,0,0,18,37
2020-08-10,US,New Jersey,Cape May,834,87,0,39.15008829,-74.80170244,34009.0,906.1376155760056,10.431654676258994,747,832,87,0,745,824,92560,2,0,0,2,8
2020-08-10,US,New Jersey,Cumberland,3348,158,0,39.37199394,-75.10712559,34011.0,2239.060504123001,4.719235364396655,3190,3338,158,0,3180,3332,150972,10,0,0,10,6
2020-08-10,US,New Jersey,Essex,19747,2111,0,40.78681335,-74.24657979,34013.0,2471.541662755405,10.690231427558617,17636,19728,2111,0,17617,19715,799767,19,0,0,19,13
2020-08-10,US,New Jersey,Gloucester,3258,212,0,39.71581067,-75.13995546,34015.0,1117.1460313541538,6.507059545733579,3046,3248,212,0,3036,3236,291408,10,0,0,10,12
2020-08-10,US,New Jersey,Hudson,19683,1505,0,40.73766234,-74.07515667,34017.0,2927.314613074833,7.646192145506276,18178,19671,1504,0,18167,19641,676061,12,1,0,11,30
2020-08-10,US,New Jersey,Hunterdon,1149,126,0,40.56335249,-74.91284156,34019.0,923.8488071978194,10.966057441253264,1023,1149,126,0,1023,1148,124714,0,0,0,0,1
2020-08-10,US,New Jersey,Mercer,8127,620,0,40.28047017,-74.70479631,34021.0,2211.849876166889,7.628891349821582,7507,8119,619,0,7500,8115,369811,8,1,0,7,4
2020-08-10,US,New Jersey,Middlesex,17932,1403,0,40.43629879,-74.41426991,34023.0,2173.4124223391696,7.824001784519295,16529,17919,1403,0,16516,17884,829685,13,0,0,13,35
2020-08-10,US,New Jersey,Monmouth,10326,856,0,40.26549699,-74.22240686,34025.0,1668.7271228759118,8.289754018981212,9470,10302,856,0,9446,10284,621354,24,0,0,24,18
2020-08-10,US,New Jersey,Morris,7261,829,0,40.86095313,-74.54553709999998,34027.0,1476.2780957415446,11.417160170775375,6432,7248,829,0,6419,7235,494228,13,0,0,13,13
2020-08-10,US,New Jersey,Ocean,10603,1018,0,39.8895449,-74.28089251,34029.0,1746.2523839482465,9.60105630481939,9585,10596,1018,0,9578,10585,601651,7,0,0,7,11
2020-08-10,US,New Jersey,Passaic,17665,1242,0,41.03238628,-74.29954144,34031.0,3520.144432532392,7.030851967166713,16423,17642,1240,0,16402,17623,503310,23,2,0,21,19
2020-08-10,US,New Jersey,Salem,898,87,0,39.58719656,-75.34696629999998,34033.0,1439.4485853971307,9.688195991091314,811,894,87,0,807,892,62607,4,0,0,4,2
2020-08-10,US,New Jersey,Somerset,5253,561,0,40.56465737,-74.61683016,34035.0,1596.9769011412625,10.679611650485436,4692,5245,561,0,4684,5231,331164,8,0,0,8,14
2020-08-10,US,New Jersey,Sussex,1333,198,0,41.13891592,-74.69118243,34037.0,948.8354877284893,14.853713428357091,1135,1330,198,0,1132,1327,140799,3,0,0,3,3
2020-08-10,US,New Jersey,Unassigned,645,0,0,0.0,0.0,90034.0,0.0,0.0,645,646,0,0,646,642,,-1,0,0,-1,4
2020-08-10,US,New Jersey,Union,16725,1350,0,40.65835409,-74.30680092,34039.0,3006.249764083538,8.071748878923767,15375,16695,1350,0,15345,16663,558067,30,0,0,30,32
2020-08-10,US,New Jersey,Warren,1345,172,0,40.85951833,-74.99556527,34041.0,1277.7033638272205,12.788104089219331,1173,1345,172,0,1173,1343,105779,0,0,0,0,2
2020-08-10,US,New Mexico,Bernalillo,5161,134,0,35.05163625,-106.6703554,35001.0,759.9529391669525,2.5963960472776595,5027,5136,134,0,5002,5089,678701,25,0,0,25,47
2020-08-10,US,New Mexico,Catron,5,1,0,33.91514144,-108.4046587,35003.0,141.7635384179189,20.0,4,5,1,0,4,5,3578,0,0,0,0,0
2020-08-10,US,New Mexico,Chaves,462,6,0,33.36406072,-104.4665365,35005.0,715.0042559777139,1.2987012987012987,456,457,6,0,451,435,64689,5,0,0,5,22
2020-08-10,US,New Mexico,Cibola,369,18,0,34.91131525,-107.998876,35006.0,1383.3177132146204,4.878048780487805,351,366,18,0,348,362,26746,3,0,0,3,4
2020-08-10,US,New Mexico,Colfax,18,1,0,36.60569702,-104.64726740000002,35007.0,150.74114395779247,5.5555555555555545,17,18,1,0,17,18,12110,0,0,0,0,0
2020-08-10,US,New Mexico,Curry,558,2,0,34.57421077,-103.34688759999999,35009.0,1139.8455693099645,0.35842293906810035,556,552,2,0,550,541,49437,6,0,0,6,11
2020-08-10,US,New Mexico,Dona Ana,2466,31,0,32.35275771,-106.83293870000001,35013.0,1130.1817181878596,1.2570965125709652,2435,2447,30,0,2417,2417,217522,19,1,0,18,30
2020-08-10,US,New Mexico,Eddy,306,4,0,32.47167456,-104.3053527,35015.0,523.4348272322956,1.30718954248366,302,301,4,0,297,293,57900,5,0,0,5,8
2020-08-10,US,New Mexico,Grant,71,2,0,32.73911281,-108.3827845,35017.0,262.98244314393656,2.8169014084507036,69,71,2,0,69,71,27346,0,0,0,0,0
2020-08-10,US,New Mexico,Guadalupe,31,0,0,34.86319296,-104.790669,35019.0,720.9302325581398,0.0,31,31,0,0,31,31,4341,0,0,0,0,0
2020-08-10,US,New Mexico,Harding,1,0,0,35.85751555,-103.82209379999999,35021.0,160.0,0.0,1,1,0,0,1,1,655,0,0,0,0,0
2020-08-10,US,New Mexico,Hidalgo,90,0,0,31.91383467,-108.7151824,35023.0,2143.8780371605526,0.0,90,90,0,0,90,90,4240,0,0,0,0,0
2020-08-10,US,New Mexico,Lea,798,5,0,32.79215361,-103.4123733,35025.0,1122.836639932461,0.6265664160401002,793,776,4,0,772,751,69611,22,1,0,21,25
2020-08-10,US,New Mexico,Lincoln,128,2,0,33.74526079,-105.4586166,35027.0,653.9955037809115,1.5625,126,128,2,0,126,125,19556,0,0,0,0,3
2020-08-10,US,New Mexico,Los Alamos,23,0,0,35.86631386,-106.31349850000001,35028.0,118.74645051370749,0.0,23,22,0,0,22,21,19101,1,0,0,1,1
2020-08-10,US,New Mexico,Luna,254,4,0,32.18179341,-107.75088259999998,35029.0,1071.3231262389806,1.5748031496062993,250,254,3,0,251,247,23963,0,1,0,-1,7
2020-08-10,US,New Mexico,McKinley,4057,226,0,35.58007720000001,-108.262245,35031.0,5684.700211582384,5.5706186837564715,3831,4046,225,0,3821,4043,72290,11,1,0,10,3
2020-08-10,US,New Mexico,Mora,6,0,0,36.01095101,-104.9497716,35033.0,132.71400132713998,0.0,6,6,0,0,6,6,4506,0,0,0,0,0
2020-08-10,US,New Mexico,Otero,203,10,0,32.61348406,-105.7417604,35035.0,300.785301526152,4.9261083743842375,193,201,10,0,191,201,66781,2,0,0,2,0
2020-08-10,US,New Mexico,Quay,34,1,0,35.10403332,-103.54817270000001,35037.0,411.97140433781664,2.9411764705882355,33,34,1,0,33,34,8253,0,0,0,0,0
2020-08-10,US,New Mexico,Rio Arriba,318,7,0,36.51072137,-106.69316740000001,35039.0,817.0396444079033,2.2012578616352205,311,318,7,0,311,316,39006,0,0,0,0,2
2020-08-10,US,New Mexico,Roosevelt,166,1,0,34.02097406,-103.4799493,35041.0,897.2972972972972,0.6024096385542169,165,164,1,0,163,161,18743,2,0,0,2,3
2020-08-10,US,New Mexico,San Juan,3047,184,0,36.50838318,-108.32043700000001,35045.0,2458.090643605092,6.038726616343945,2863,3044,184,0,2860,3040,125043,3,0,0,3,4
2020-08-10,US,New Mexico,San Miguel,44,0,0,35.48014807,-104.8163562,35047.0,161.30806173699457,0.0,44,43,0,0,43,43,27591,1,0,0,1,0
2020-08-10,US,New Mexico,Sandoval,1137,33,0,35.68862401,-106.86878030000001,35043.0,774.7976122332161,2.9023746701846966,1104,1133,33,0,1100,1126,145179,4,0,0,4,7
2020-08-10,US,New Mexico,Santa Fe,654,3,0,35.50708973,-105.9774716,35049.0,434.9618909535908,0.4587155963302753,651,650,3,0,647,637,150056,4,0,0,4,13
2020-08-10,US,New Mexico,Sierra,32,1,0,33.13028233,-107.1925893,35051.0,296.54341580947084,3.125,31,32,0,0,32,32,10968,0,1,0,-1,0
2020-08-10,US,New Mexico,Socorro,75,6,0,34.00715494,-106.9298354,35053.0,450.8024283224138,8.0,69,74,6,0,68,73,16735,1,0,0,1,1
2020-08-10,US,New Mexico,Taos,109,1,0,36.58006022,-105.63101979999999,35055.0,333.09904348623286,0.9174311926605504,108,108,1,0,107,108,32835,1,0,0,1,0
2020-08-10,US,New Mexico,Torrance,61,1,0,34.64048375,-105.8508949,35057.0,394.5411034215122,1.639344262295082,60,61,1,0,60,61,15591,0,0,0,0,0
2020-08-10,US,New Mexico,Unassigned,1302,0,0,0.0,0.0,90035.0,0.0,0.0,1302,1302,0,0,1302,1302,,0,0,0,0,0
2020-08-10,US,New Mexico,Union,30,2,0,36.48126404,-103.4709624,35059.0,739.09830007391,6.666666666666668,28,30,2,0,28,29,4118,0,0,0,0,1
2020-08-10,US,New Mexico,Valencia,428,4,0,34.71669834,-106.8103733,35061.0,558.1055706238266,0.9345794392523364,424,414,4,0,410,406,76456,14,0,0,14,8
2020-08-10,US,New York,Albany,2600,128,0,42.60060306,-73.97723916,36001.0,851.047115277605,4.9230769230769225,2472,2595,128,0,2467,2581,307117,5,0,0,5,14
2020-08-10,US,New York,Allegany,80,1,0,42.25748406,-78.02750466,36003.0,173.56967737736218,1.25,79,79,1,0,78,79,46430,1,0,0,1,0
2020-08-10,US,New York,Broome,1131,69,0,42.15903158,-75.81326086,36007.0,593.7381882323294,6.1007957559681705,1062,1126,69,0,1057,1120,191659,5,0,0,5,6
2020-08-10,US,New York,Cattaraugus,166,6,0,42.24778241,-78.67923096,36009.0,218.08531602664317,3.614457831325301,160,165,6,0,159,165,76840,1,0,0,1,0
2020-08-10,US,New York,Cayuga,152,2,0,42.91261714,-76.55731592,36011.0,198.49561220225655,1.3157894736842106,150,152,2,0,150,151,77145,0,0,0,0,1
2020-08-10,US,New York,Chautauqua,257,9,0,42.22769210000001,-79.36691763,36013.0,202.51688297360974,3.5019455252918283,248,253,9,0,244,253,127939,4,0,0,4,0
2020-08-10,US,New York,Chemung,172,3,0,42.13891056,-76.7638805,36015.0,206.0966257668712,1.7441860465116281,169,171,3,0,168,171,84254,1,0,0,1,0
2020-08-10,US,New York,Chenango,216,6,0,42.49430041,-75.60887553,36017.0,457.5592602791959,2.7777777777777777,210,216,6,0,210,215,47536,0,0,0,0,1
2020-08-10,US,New York,Clinton,128,4,0,44.74530905,-73.67875352,36019.0,159.03584518854444,3.125,124,127,4,0,123,127,80695,1,0,0,1,0
2020-08-10,US,New York,Columbia,541,37,0,42.24819348,-73.63089095,36021.0,909.8400632347252,6.839186691312385,504,540,37,0,503,539,59916,1,0,0,1,1
2020-08-10,US,New York,Cortland,95,0,0,42.59509207,-76.07048931,36023.0,199.65952796284242,0.0,95,95,0,0,95,95,47823,0,0,0,0,0
2020-08-10,US,New York,Delaware,105,4,0,42.19837623,-74.96709306,36025.0,237.9064234734338,3.809523809523809,101,105,4,0,101,105,44527,0,0,0,0,0
2020-08-10,US,New York,Dutchess,4613,153,0,41.76486060000001,-73.74356679,36027.0,1567.8850376251623,3.316713635378279,4460,4607,153,0,4454,4600,293718,6,0,0,6,7
2020-08-10,US,New York,Erie,8918,671,0,42.76249024,-78.73063652,36029.0,970.7173816972206,7.524108544516706,8247,8904,671,0,8233,8850,919719,14,0,0,14,54
2020-08-10,US,New York,Essex,55,0,0,44.11630765,-73.77297842,36031.0,149.1121051918124,0.0,55,55,0,0,55,55,37300,0,0,0,0,0
2020-08-10,US,New York,Franklin,54,0,0,44.59040891,-74.29926032,36033.0,107.95250089960415,0.0,54,54,0,0,54,54,50293,0,0,0,0,0
2020-08-10,US,New York,Fulton,297,24,0,43.11363907,-74.41798804,36035.0,556.3568926437257,8.080808080808081,273,296,24,0,272,295,53591,1,0,0,1,1
2020-08-10,US,New York,Genesee,277,5,0,43.0022601,-78.19135193,36037.0,483.5893854748603,1.8050541516245489,272,277,5,0,272,277,57511,0,0,0,0,0
2020-08-10,US,New York,Greene,293,18,0,42.275797,-74.12384884,36039.0,620.9205730270407,6.143344709897611,275,292,18,0,274,291,47491,1,0,0,1,1
2020-08-10,US,New York,Hamilton,8,0,0,43.66146647,-74.49721957,36041.0,181.15942028985503,0.0,8,8,0,0,8,8,4434,0,0,0,0,0
2020-08-10,US,New York,Herkimer,274,4,0,43.42034246,-74.96145307,36043.0,446.84355583098227,1.45985401459854,270,274,4,0,270,273,61833,0,0,0,0,1
2020-08-10,US,New York,Jefferson,142,0,0,44.04200959,-75.94653457,36045.0,129.28601343846168,0.0,142,142,0,0,142,140,111755,0,0,0,0,2
2020-08-10,US,New York,Lewis,41,0,0,43.784415700000004,-75.44903992,36049.0,155.9172497718284,0.0,41,41,0,0,41,41,26447,0,0,0,0,0
2020-08-10,US,New York,Livingston,176,8,0,42.72596275,-77.77966158,36051.0,279.7469561623804,4.545454545454546,168,176,8,0,168,176,63227,0,0,0,0,0
2020-08-10,US,New York,Madison,412,17,0,42.91653905,-75.67266639,36053.0,580.7642970919496,4.12621359223301,395,412,17,0,395,412,70795,0,0,0,0,0
2020-08-10,US,New York,Monroe,4976,285,0,43.14638895,-77.69322942,36055.0,670.8278846542728,5.727491961414791,4691,4956,285,0,4671,4922,742474,20,0,0,20,34
2020-08-10,US,New York,Montgomery,177,4,0,42.90123494,-74.44011632,36057.0,359.6026086426525,2.2598870056497176,173,176,4,0,172,172,49455,1,0,0,1,4
2020-08-10,US,New York,Nassau,43690,2195,0,40.74066522,-73.58941873,36059.0,3219.7823901707093,5.024032959487297,41495,43655,2194,0,41461,43628,1358343,35,1,0,34,27
2020-08-10,US,New York,New York City,228069,23586,0,40.76727260000001,-73.97152637,36061.0,2735.684374504083,10.341607145206057,204483,227832,23580,0,204252,227584,1628701,237,6,0,231,248
2020-08-10,US,New York,Niagara,1500,98,0,43.19898042,-78.74777412,36063.0,716.7396944777596,6.533333333333332,1402,1498,98,0,1400,1494,210433,2,0,0,2,4
2020-08-10,US,New York,Oneida,2150,115,0,43.24375382,-75.43710392,36065.0,940.215418658247,5.348837209302325,2035,2146,115,0,2031,2142,229577,4,0,0,4,4
2020-08-10,US,New York,Onondaga,3585,200,0,43.00491923,-76.19971155,36067.0,778.4542959385747,5.578800557880057,3385,3576,200,0,3376,3565,461809,9,0,0,9,11
2020-08-10,US,New York,Ontario,361,34,0,42.85145728,-77.30874425,36069.0,328.848483744318,9.418282548476457,327,360,34,0,326,357,109864,1,0,0,1,3
2020-08-10,US,New York,Orange,11168,491,0,41.40337468,-74.30240757,36071.0,2901.231360731543,4.396489971346705,10677,11159,491,0,10668,11156,381951,9,0,0,9,3
2020-08-10,US,New York,Orleans,298,54,0,43.2516977,-78.2320066,36073.0,738.5011895321173,18.12080536912752,244,298,54,0,244,298,40612,0,0,0,0,0
2020-08-10,US,New York,Oswego,253,3,0,43.42778894,-76.14635194,36075.0,216.01038215907928,1.1857707509881423,250,253,3,0,250,253,117898,0,0,0,0,0
2020-08-10,US,New York,Otsego,116,5,0,42.63492579,-75.03151402,36077.0,194.980922125292,4.310344827586206,111,116,5,0,111,116,59749,0,0,0,0,0
2020-08-10,US,New York,Putnam,1449,63,0,41.42630093,-73.74965532,36079.0,1473.7591537835638,4.3478260869565215,1386,1449,63,0,1386,1447,98892,0,0,0,0,2
2020-08-10,US,New York,Rensselaer,766,30,0,42.71348136,-73.51089874,36083.0,482.62913164560166,3.91644908616188,736,765,30,0,735,761,159442,1,0,0,1,4
2020-08-10,US,New York,Rockland,13949,674,0,41.15027894,-74.02560498,36087.0,4281.605579071116,4.8318875905082805,13275,13942,674,0,13268,13936,325695,7,0,0,7,6
2020-08-10,US,New York,Saratoga,760,17,0,43.10904162,-73.86653895,36091.0,330.63172411392867,2.236842105263158,743,757,17,0,740,755,230163,3,0,0,3,2
2020-08-10,US,New York,Schenectady,1060,37,0,42.81668777,-74.05278291,36093.0,682.5542984822824,3.4905660377358485,1023,1058,37,0,1021,1058,155350,2,0,0,2,0
2020-08-10,US,New York,Schoharie,69,0,0,42.58831742,-74.44339029999998,36095.0,222.58782541372292,0.0,69,69,0,0,69,69,31097,0,0,0,0,0
2020-08-10,US,New York,Schuyler,22,0,0,42.39184015,-76.8773299,36097.0,123.54691975065985,0.0,22,22,0,0,22,22,17912,0,0,0,0,0
2020-08-10,US,New York,Seneca,90,3,0,42.78081007,-76.82497064,36099.0,264.58137347130764,3.333333333333333,87,89,3,0,86,89,34300,1,0,0,1,0
2020-08-10,US,New York,St. Lawrence,263,4,0,44.4976179,-75.06550039,36089.0,244.10618154817158,1.520912547528517,259,263,4,0,259,263,108047,0,0,0,0,0
2020-08-10,US,New York,Steuben,298,42,0,42.2689144,-77.3829924,36101.0,312.4377483513142,14.093959731543624,256,298,42,0,256,298,95796,0,0,0,0,0
2020-08-10,US,New York,Suffolk,43844,1998,0,40.88320119,-72.8012172,36103.0,2969.2516800408507,4.557065961134934,41846,43786,1998,0,41788,43749,1481093,58,0,0,58,37
2020-08-10,US,New York,Sullivan,1489,48,0,41.71579493,-74.76394559,36105.0,1973.9633046982715,3.223640026863667,1441,1489,48,0,1441,1488,75498,0,0,0,0,1
2020-08-10,US,New York,Tioga,193,25,0,42.16852837,-76.30835812,36107.0,400.3900172188453,12.953367875647668,168,193,25,0,168,193,48560,0,0,0,0,0
2020-08-10,US,New York,Tompkins,234,0,0,42.44945765,-76.47229843,36109.0,229.00763358778636,0.0,234,234,0,0,234,234,102793,0,0,0,0,0
2020-08-10,US,New York,Ulster,2072,92,0,41.89027881,-74.26252104,36111.0,1166.8440584998846,4.440154440154441,1980,2062,92,0,1970,2057,178599,10,0,0,10,5
2020-08-10,US,New York,Warren,312,33,0,43.56173026,-73.8433699,36113.0,487.9269360690605,10.576923076923077,279,308,33,0,275,308,64265,4,0,0,4,0
2020-08-10,US,New York,Washington,260,14,0,43.31153794,-73.43043448,36115.0,424.8088360237893,5.384615384615384,246,259,14,0,245,257,61197,1,0,0,1,2
2020-08-10,US,New York,Wayne,252,3,0,43.15494365,-77.02976528,36117.0,280.25534375764585,1.1904761904761905,249,250,3,0,247,249,90064,2,0,0,2,1
2020-08-10,US,New York,Westchester,36233,1447,0,41.16278376,-73.75741653,36119.0,3744.989695154345,3.993596997212486,34786,36205,1447,0,34758,36180,967612,28,0,0,28,25
2020-08-10,US,New York,Wyoming,118,5,0,42.70145109,-78.22199579,36121.0,296.04355352617983,4.2372881355932215,113,118,5,0,113,116,40085,0,0,0,0,2
2020-08-10,US,New York,Yates,57,7,0,42.63505484,-77.10369919,36123.0,228.79621081363143,12.280701754385964,50,57,7,0,50,56,24841,0,0,0,0,1
2020-08-10,US,North Carolina,Alamance,2472,41,0,36.0434701,-79.39976137,37001.0,1458.3296462134756,1.6585760517799353,2431,2448,41,0,2407,2396,166436,24,0,0,24,52
2020-08-10,US,North Carolina,Alexander,303,2,0,35.922379600000006,-81.17751948,37003.0,808.0646451716137,0.6600660066006601,301,299,2,0,297,295,37353,4,0,0,4,4
2020-08-10,US,North Carolina,Alleghany,169,0,0,36.49360862,-81.12857041,37005.0,1517.4643081619827,0.0,169,167,0,0,167,167,11161,2,0,0,2,0
2020-08-10,US,North Carolina,Anson,328,3,0,34.97403241,-80.09953279,37007.0,1341.732798821893,0.9146341463414634,325,328,3,0,325,327,24877,0,0,0,0,1
2020-08-10,US,North Carolina,Ashe,158,1,0,36.43296207,-81.49862729,37009.0,580.818292100136,0.6329113924050633,157,157,1,0,156,157,27109,1,0,0,1,0
2020-08-10,US,North Carolina,Avery,109,0,0,36.07569796,-81.92308483,37011.0,620.8349945890527,0.0,109,99,0,0,99,99,17505,10,0,0,10,0
2020-08-10,US,North Carolina,Beaufort,428,2,0,35.48531943,-76.84325809,37013.0,910.7545644124782,0.4672897196261682,426,406,2,0,404,406,47079,22,0,0,22,0
2020-08-10,US,North Carolina,Bertie,275,5,0,36.0688473,-76.96545943,37015.0,1451.4171108882672,1.818181818181818,270,272,5,0,267,269,19026,3,0,0,3,3
2020-08-10,US,North Carolina,Bladen,625,7,0,34.61296243,-78.56180059,37017.0,1910.0299492696045,1.12,618,623,7,0,616,623,33190,2,0,0,2,0
2020-08-10,US,North Carolina,Brunswick,1259,21,0,34.070565,-78.22814204,37019.0,881.5291975913738,1.6679904686258935,1238,1249,21,0,1228,1240,136744,10,0,0,10,9
2020-08-10,US,North Carolina,Buncombe,1898,47,0,35.61113393,-82.53305,37021.0,726.6712865297809,2.476290832455216,1851,1884,47,0,1837,1850,259103,14,0,0,14,34
2020-08-10,US,North Carolina,Burke,1763,28,0,35.74989637,-81.70755735,37023.0,1948.3892357849368,1.5882019285309132,1735,1655,28,0,1627,1643,90382,108,0,0,108,12
2020-08-10,US,North Carolina,Cabarrus,2630,50,0,35.3877799,-80.55267168,37025.0,1215.0443745293435,1.9011406844106464,2580,2630,50,0,2580,2603,211342,0,0,0,0,27
2020-08-10,US,North Carolina,Caldwell,1215,16,0,35.95204977,-81.54799522,37027.0,1478.4978948136968,1.316872427983539,1199,1215,14,0,1201,1209,82029,0,2,0,-2,6
2020-08-10,US,North Carolina,Camden,73,2,0,36.33804939,-76.15568396,37029.0,671.7585350142632,2.7397260273972597,71,72,2,0,70,69,10710,1,0,0,1,3
2020-08-10,US,North Carolina,Carteret,376,6,0,34.8932941,-76.54120135,37031.0,541.2174513839908,1.5957446808510638,370,344,6,0,338,339,69524,32,0,0,32,5
2020-08-10,US,North Carolina,Caswell,196,2,0,36.39312665,-79.33353281,37033.0,867.1031675809593,1.020408163265306,194,195,2,0,193,193,22698,1,0,0,1,2
2020-08-10,US,North Carolina,Catawba,2123,29,0,35.66211129,-81.2132617,37035.0,1330.6090215667716,1.365991521431936,2094,2120,29,0,2091,2107,158652,3,0,0,3,13
2020-08-10,US,North Carolina,Chatham,1305,52,0,35.70394416,-79.25541492,37037.0,1752.3835101383108,3.984674329501916,1253,1300,52,0,1248,1295,73139,5,0,0,5,5
2020-08-10,US,North Carolina,Cherokee,290,4,0,35.1349263,-84.05970864,37039.0,1013.5607437438837,1.3793103448275863,286,273,4,0,269,269,28383,17,0,0,17,4
2020-08-10,US,North Carolina,Chowan,157,1,0,36.12908077,-76.60118385,37041.0,1126.0130531449472,0.6369426751592356,156,157,1,0,156,155,14029,0,0,0,0,2
2020-08-10,US,North Carolina,Clay,76,0,0,35.05704275,-83.74353633,37043.0,676.6984240049862,0.0,76,76,0,0,76,76,11139,0,0,0,0,0
2020-08-10,US,North Carolina,Cleveland,1193,20,0,35.33553364,-81.55204486,37045.0,1218.0056561201466,1.6764459346186085,1173,1178,20,0,1158,1167,97645,15,0,0,15,11
2020-08-10,US,North Carolina,Columbus,907,48,0,34.26744084,-78.65801424,37047.0,1633.9987028896735,5.2921719955898565,859,903,48,0,855,896,55655,4,0,0,4,7
2020-08-10,US,North Carolina,Craven,753,12,0,35.11833364,-77.08398081,37049.0,737.2306366813852,1.593625498007968,741,699,12,0,687,697,102912,54,0,0,54,2
2020-08-10,US,North Carolina,Cumberland,3162,51,0,35.04762133,-78.82623165,37051.0,942.4486377414612,1.6129032258064515,3111,3081,51,0,3030,3042,332330,81,0,0,81,39
2020-08-10,US,North Carolina,Currituck,73,0,0,36.36123664,-75.95876401,37053.0,262.93988401829773,0.0,73,73,0,0,73,73,27072,0,0,0,0,0
2020-08-10,US,North Carolina,Dare,210,2,0,35.66520691,-75.71767334,37055.0,567.4295441649327,0.9523809523809524,208,209,2,0,207,209,36501,1,0,0,1,0
2020-08-10,US,North Carolina,Davidson,1793,18,0,35.79115496,-80.21256572,37057.0,1069.7516243161167,1.003904071388734,1775,1781,18,0,1763,1758,166614,12,0,0,12,23
2020-08-10,US,North Carolina,Davie,431,7,0,35.93099927,-80.54496571,37059.0,1005.9282080007467,1.6241299303944317,424,422,6,0,416,414,42733,9,1,0,8,8
2020-08-10,US,North Carolina,Duplin,2015,48,0,34.93449805,-77.93140529,37061.0,3430.312728758448,2.3821339950372207,1967,2013,48,0,1965,2006,58856,2,0,0,2,7
2020-08-10,US,North Carolina,Durham,6200,80,0,36.03638492,-78.87608331,37063.0,1928.5323246901905,1.2903225806451613,6120,6171,80,0,6091,6114,316739,29,0,0,29,57
2020-08-10,US,North Carolina,Edgecombe,656,13,0,35.91230639,-77.59436892,37065.0,1274.479328566988,1.9817073170731707,643,646,13,0,633,632,52005,10,0,0,10,14
2020-08-10,US,North Carolina,Forsyth,5286,52,0,36.12859861,-80.25459052,37067.0,1382.7018402019382,0.983730609156262,5234,5273,52,0,5221,5213,379099,13,0,0,13,60
2020-08-10,US,North Carolina,Franklin,871,26,0,36.081519,-78.28708884,37069.0,1249.9103106837913,2.985074626865672,845,866,26,0,840,860,67560,5,0,0,5,6
2020-08-10,US,North Carolina,Gaston,3339,52,0,35.29373559,-81.17477045,37071.0,1487.1130232620285,1.5573525007487272,3287,3322,52,0,3270,3299,222846,17,0,0,17,23
2020-08-10,US,North Carolina,Gates,46,2,0,36.44667547,-76.69749701,37073.0,397.8550423802111,4.3478260869565215,44,46,2,0,44,46,11573,0,0,0,0,0
2020-08-10,US,North Carolina,Graham,39,0,0,35.3506925,-83.83369267,37075.0,462.03056509892195,0.0,39,39,0,0,39,35,8484,0,0,0,0,4
2020-08-10,US,North Carolina,Granville,1247,27,0,36.30337451,-78.65184241,37077.0,2063.1007726287576,2.1651964715316763,1220,1245,27,0,1218,1231,60115,2,0,0,2,14
2020-08-10,US,North Carolina,Greene,331,3,0,35.48544173,-77.67578087,37079.0,1571.0285253215625,0.9063444108761328,328,331,3,0,328,326,21012,0,0,0,0,5
2020-08-10,US,North Carolina,Guilford,5670,156,0,36.07959451,-79.78824948,37081.0,1055.5239084542438,2.751322751322751,5514,5651,156,0,5495,5580,533670,19,0,0,19,71
2020-08-10,US,North Carolina,Halifax,705,6,0,36.25669272,-77.6556109,37083.0,1409.7180563887225,0.851063829787234,699,700,6,0,694,698,50574,5,0,0,5,2
2020-08-10,US,North Carolina,Harnett,1303,39,0,35.36731853,-78.87243571,37085.0,958.2573395305054,2.9930928626247124,1264,1288,39,0,1249,1260,134214,15,0,0,15,28
2020-08-10,US,North Carolina,Haywood,435,12,0,35.55269063,-82.98196486,37087.0,698.0438724585588,2.7586206896551726,423,432,12,0,420,421,61971,3,0,0,3,11
2020-08-10,US,North Carolina,Henderson,1490,54,0,35.33788927,-82.4766782,37089.0,1268.981493310168,3.624161073825504,1436,1482,54,0,1428,1472,116748,8,0,0,8,10
2020-08-10,US,North Carolina,Hertford,349,11,0,36.3607755,-76.98104134,37091.0,1474.0043079782067,3.151862464183381,338,344,11,0,333,334,23659,5,0,0,5,10
2020-08-10,US,North Carolina,Hoke,720,9,0,35.01888303,-79.23651674,37093.0,1303.544917985299,1.25,711,717,9,0,708,713,54764,3,0,0,3,4
2020-08-10,US,North Carolina,Hyde,45,0,0,35.42017674,-76.15180542,37095.0,911.4847073121327,0.0,45,44,0,0,44,42,5230,1,0,0,1,2
2020-08-10,US,North Carolina,Iredell,1905,18,0,35.80950511,-80.8743128,37097.0,1047.820203953665,0.9448818897637796,1887,1820,18,0,1802,1805,178435,85,0,0,85,15
2020-08-10,US,North Carolina,Jackson,451,5,0,35.28814273,-83.14093385,37099.0,1026.4463562292322,1.1086474501108647,446,447,5,0,442,444,43327,4,0,0,4,3
2020-08-10,US,North Carolina,Johnston,3315,46,0,35.51745004,-78.36622717,37101.0,1583.5558591566794,1.38763197586727,3269,3304,46,0,3258,3275,202675,11,0,0,11,29
2020-08-10,US,North Carolina,Jones,93,4,0,35.02254606,-77.35870791,37103.0,987.3659624163923,4.301075268817204,89,93,4,0,89,82,9637,0,0,0,0,11
2020-08-10,US,North Carolina,Lee,1296,11,0,35.47623147,-79.17569362,37105.0,2097.8002233768757,0.8487654320987654,1285,1289,11,0,1278,1281,61452,7,0,0,7,8
2020-08-10,US,North Carolina,Lenoir,599,12,0,35.24032589999999,-77.64245615,37107.0,1070.6178841444887,2.003338898163606,587,573,12,0,561,568,55976,26,0,0,26,5
2020-08-10,US,North Carolina,Lincoln,850,9,0,35.48508185,-81.21740317,37109.0,987.0980478684488,1.0588235294117647,841,848,9,0,839,840,83770,2,0,0,2,8
2020-08-10,US,North Carolina,Macon,470,3,0,35.14867843,-83.41696617,37113.0,1310.7256400245412,0.6382978723404256,467,463,3,0,460,460,35285,7,0,0,7,3
2020-08-10,US,North Carolina,Madison,45,0,0,35.85402722,-82.71346418,37115.0,206.84900022983226,0.0,45,45,0,0,45,45,21763,0,0,0,0,0
2020-08-10,US,North Carolina,Martin,261,6,0,35.84326734,-77.10860251,37117.0,1163.1016042780748,2.2988505747126435,255,258,6,0,252,258,22671,3,0,0,3,0
2020-08-10,US,North Carolina,McDowell,683,14,0,35.67736232,-82.0482425,37111.0,1492.7004108750766,2.049780380673499,669,683,14,0,669,675,45507,0,0,0,0,8
2020-08-10,US,North Carolina,Mecklenburg,22315,232,0,35.24469268,-80.8317671,37119.0,2009.7158028596234,1.0396594219135111,22083,22255,228,0,22027,22066,1093901,60,4,0,56,189
2020-08-10,US,North Carolina,Mitchell,120,2,0,36.01059309,-82.1582442,37121.0,801.924619085806,1.6666666666666667,118,116,2,0,114,116,15000,4,0,0,4,0
2020-08-10,US,North Carolina,Montgomery,647,14,0,35.33155144,-79.90416657,37123.0,2381.0400029440993,2.163833075734157,633,644,14,0,630,644,27271,3,0,0,3,0
2020-08-10,US,North Carolina,Moore,1018,20,0,35.30885257,-79.48474178,37125.0,1009.1197462331482,1.9646365422396856,998,1009,20,0,989,1005,98682,9,0,0,9,4
2020-08-10,US,North Carolina,Nash,1194,12,0,35.96575634,-77.98422508,37127.0,1266.198646842987,1.0050251256281406,1182,1180,12,0,1168,1158,94016,14,0,0,14,22
2020-08-10,US,North Carolina,New Hanover,2630,20,0,34.25758282,-77.87075626,37129.0,1121.6643280889484,0.7604562737642585,2610,2566,20,0,2546,2566,232274,64,0,0,64,0
2020-08-10,US,North Carolina,Northampton,351,16,0,36.41736238,-77.39769443,37131.0,1801.5706000102653,4.558404558404559,335,350,16,0,334,349,19676,1,0,0,1,1
2020-08-10,US,North Carolina,Onslow,1079,10,0,34.72607366,-77.42908179,37133.0,545.1201891501379,0.9267840593141798,1069,1065,10,0,1055,1047,197683,14,0,0,14,18
2020-08-10,US,North Carolina,Orange,1353,47,0,36.06092947,-79.12167935,37135.0,911.2583851935666,3.4737620103473765,1306,1348,47,0,1301,1341,146027,5,0,0,5,7
2020-08-10,US,North Carolina,Pamlico,72,1,0,35.15253315,-76.66559823,37137.0,565.7708628005657,1.3888888888888888,71,68,1,0,67,67,12670,4,0,0,4,1
2020-08-10,US,North Carolina,Pasquotank,402,20,0,36.26723798,-76.25134778,37139.0,1009.4415427882684,4.975124378109452,382,401,20,0,381,395,39639,1,0,0,1,6
2020-08-10,US,North Carolina,Pender,659,3,0,34.52265624,-77.90352133,37141.0,1045.036473200127,0.4552352048558422,656,658,3,0,655,654,62162,1,0,0,1,4
2020-08-10,US,North Carolina,Perquimans,87,2,0,36.17847453,-76.40603143,37143.0,646.2155537398796,2.2988505747126435,85,86,2,0,84,85,13422,1,0,0,1,1
2020-08-10,US,North Carolina,Person,223,2,0,36.38989032,-78.97217358,37145.0,564.6999240314002,0.8968609865470852,221,223,2,0,221,208,39507,0,0,0,0,15
2020-08-10,US,North Carolina,Pitt,2036,11,0,35.59535426,-77.37353178,37147.0,1126.4675614964979,0.5402750491159135,2025,2020,11,0,2009,1962,179914,16,0,0,16,58
2020-08-10,US,North Carolina,Polk,164,5,0,35.27820615,-82.16812354,37149.0,791.3530206523837,3.0487804878048776,159,163,5,0,158,161,20611,1,0,0,1,2
2020-08-10,US,North Carolina,Randolph,2180,37,0,35.71015088,-79.80570339,37151.0,1517.3978714666555,1.6972477064220184,2143,2174,37,0,2137,2170,143351,6,0,0,6,4
2020-08-10,US,North Carolina,Richmond,521,9,0,35.00417719,-79.74491009,37153.0,1162.19411541636,1.727447216890595,512,506,9,0,497,505,44887,15,0,0,15,1
2020-08-10,US,North Carolina,Robeson,2817,53,0,34.64244496,-79.10250529999998,37155.0,2156.5550239234453,1.8814341498047569,2764,2804,53,0,2751,2784,131831,13,0,0,13,20
2020-08-10,US,North Carolina,Rockingham,567,8,0,36.39593137,-79.77504841,37157.0,623.0084606087244,1.4109347442680775,559,549,8,0,541,543,90690,18,0,0,18,6
2020-08-10,US,North Carolina,Rowan,2205,48,0,35.64003916,-80.52446628,37159.0,1551.85518833399,2.17687074829932,2157,2197,48,0,2149,2173,141262,8,0,0,8,24
2020-08-10,US,North Carolina,Rutherford,752,14,0,35.40114178,-81.92112099,37161.0,1121.9024601291976,1.8617021276595744,738,746,14,0,732,712,66826,6,0,0,6,34
2020-08-10,US,North Carolina,Sampson,1511,14,0,34.98820368,-78.36914061,37163.0,2378.366466764257,0.9265387160820648,1497,1508,14,0,1494,1500,63626,3,0,0,3,8
2020-08-10,US,North Carolina,Scotland,365,2,0,34.8386299,-79.4757978,37165.0,1048.157826723717,0.547945205479452,363,343,2,0,341,339,34810,22,0,0,22,4
2020-08-10,US,North Carolina,Stanly,1075,26,0,35.31647813,-80.25093221,37167.0,1711.6199089258987,2.4186046511627906,1049,1064,26,0,1038,1049,62075,11,0,0,11,15
2020-08-10,US,North Carolina,Stokes,296,3,0,36.4017975,-80.23893369,37169.0,649.2509486521462,1.0135135135135136,293,291,3,0,288,291,45467,5,0,0,5,0
2020-08-10,US,North Carolina,Surry,956,10,0,36.41689489,-80.69102283,37171.0,1331.791649833526,1.0460251046025104,946,954,10,0,944,928,71948,2,0,0,2,26
2020-08-10,US,North Carolina,Swain,119,2,0,35.48665845,-83.48748932,37173.0,833.8588746408801,1.680672268907563,117,119,2,0,117,119,14245,0,0,0,0,0
2020-08-10,US,North Carolina,Transylvania,145,1,0,35.20383864,-82.79638423,37175.0,421.6955067616693,0.6896551724137931,144,137,1,0,136,135,34215,8,0,0,8,2
2020-08-10,US,North Carolina,Tyrrell,98,1,0,35.87147226,-76.17055253,37177.0,2440.2390438247007,1.020408163265306,97,98,1,0,97,98,4131,0,0,0,0,0
2020-08-10,US,North Carolina,Union,3109,43,0,34.98960527,-80.52955873,37179.0,1296.1781713423304,1.38308137664844,3066,3096,43,0,3053,3072,235908,13,0,0,13,24
2020-08-10,US,North Carolina,Vance,777,41,0,36.36880673,-78.40670845,37181.0,1744.6951835634893,5.276705276705278,736,773,41,0,732,765,44582,4,0,0,4,8
2020-08-10,US,North Carolina,Wake,12110,170,0,35.78879266,-78.65249174,37183.0,1089.2628901355597,1.4037985136251032,11940,12028,170,0,11858,11906,1092305,82,0,0,82,122
2020-08-10,US,North Carolina,Warren,258,7,0,36.39728256,-78.10652228,37185.0,1307.5870457655467,2.713178294573644,251,256,7,0,249,256,19807,2,0,0,2,0
2020-08-10,US,North Carolina,Washington,133,4,0,35.83810081,-76.57299037,37187.0,1148.53195164076,3.0075187969924815,129,133,4,0,129,132,11859,0,0,0,0,1
2020-08-10,US,North Carolina,Watauga,316,0,0,36.23103603,-81.70033724,37189.0,562.5077878847216,0.0,316,292,0,0,292,287,55945,24,0,0,24,5
2020-08-10,US,North Carolina,Wayne,2424,42,0,35.36438125,-78.00027268,37191.0,1968.635030983261,1.7326732673267329,2382,2412,42,0,2370,2401,123248,12,0,0,12,11
2020-08-10,US,North Carolina,Wilkes,843,11,0,36.2084135,-81.16232895,37193.0,1232.2399579021226,1.3048635824436536,832,834,11,0,823,792,68557,9,0,0,9,42
2020-08-10,US,North Carolina,Wilson,1514,35,0,35.70625477,-77.917978,37195.0,1850.8331193995184,2.3117569352708056,1479,1490,35,0,1455,1476,81455,24,0,0,24,14
2020-08-10,US,North Carolina,Yadkin,542,6,0,36.16222629,-80.66239436,37197.0,1438.9253192449626,1.1070110701107012,536,541,6,0,535,532,37543,1,0,0,1,9
2020-08-10,US,North Carolina,Yancey,114,0,0,35.90079156,-82.31237181,37199.0,630.9148264984228,0.0,114,101,0,0,101,101,17903,13,0,0,13,0
2020-08-10,US,North Dakota,Adams,3,0,0,46.09686891,-102.5285397,38001.0,135.37906137184117,0.0,3,2,0,0,2,2,2294,1,0,0,1,0
2020-08-10,US,North Dakota,Barnes,39,0,0,46.93579637,-98.06605978,38003.0,374.4599135861738,0.0,39,37,0,0,37,37,10542,2,0,0,2,0
2020-08-10,US,North Dakota,Benson,137,2,0,48.0683985,-99.35916363,38005.0,2005.2693208430912,1.45985401459854,135,136,2,0,134,134,6962,1,0,0,1,2
2020-08-10,US,North Dakota,Billings,2,0,0,47.02366884,-103.3762965,38007.0,215.5172413793104,0.0,2,2,0,0,2,2,919,0,0,0,0,0
2020-08-10,US,North Dakota,Bottineau,19,0,0,48.79106111,-100.8378166,38009.0,302.45144858325375,0.0,19,19,0,0,19,18,6411,0,0,0,0,1
2020-08-10,US,North Dakota,Bowman,8,0,0,46.11285362,-103.5203343,38011.0,264.55026455026456,0.0,8,6,0,0,6,6,3076,2,0,0,2,0
2020-08-10,US,North Dakota,Burke,23,0,0,48.79094471,-102.5182117,38013.0,1087.4704491725768,0.0,23,23,0,0,23,23,2100,0,0,0,0,0
2020-08-10,US,North Dakota,Burleigh,1201,6,0,46.97847375,-100.4645214,38015.0,1255.9345784619245,0.4995836802664446,1195,1171,6,0,1165,1142,95273,30,0,0,30,29
2020-08-10,US,North Dakota,Cass,3046,76,0,46.93201724,-97.2444719,38017.0,1674.33474601892,2.4950755088640837,2970,3039,76,0,2963,3028,181516,7,0,0,7,11
2020-08-10,US,North Dakota,Cavalier,31,0,0,48.77286211,-98.46685243,38019.0,824.0297713981925,0.0,31,31,0,0,31,31,3829,0,0,0,0,0
2020-08-10,US,North Dakota,Dickey,13,0,0,46.11017712,-98.5049008,38021.0,266.8308702791461,0.0,13,13,0,0,13,12,4903,0,0,0,0,1
2020-08-10,US,North Dakota,Divide,2,0,0,48.814938700000006,-103.4873611,38023.0,88.33922261484098,0.0,2,2,0,0,2,2,2283,0,0,0,0,0
2020-08-10,US,North Dakota,Dunn,30,0,0,47.35423935,-102.6160468,38025.0,678.1193490054251,0.0,30,30,0,0,30,30,4332,0,0,0,0,0
2020-08-10,US,North Dakota,Eddy,18,0,0,47.71701474,-98.90432337,38027.0,787.0572802798426,0.0,18,18,0,0,18,18,2313,0,0,0,0,0
2020-08-10,US,North Dakota,Emmons,17,1,0,46.28398398,-100.2389766,38029.0,524.5294662141314,5.882352941176472,16,17,1,0,16,17,3295,0,0,0,0,0
2020-08-10,US,North Dakota,Foster,26,0,0,47.4571084,-98.88279923,38031.0,809.9688473520247,0.0,26,25,0,0,25,25,3216,1,0,0,1,0
2020-08-10,US,North Dakota,Golden Valley,5,0,0,46.94022281,-103.8465421,38033.0,283.92958546280516,0.0,5,4,0,0,4,4,1769,1,0,0,1,0
2020-08-10,US,North Dakota,Grand Forks,683,6,0,47.92093639,-97.45450447,38035.0,983.4271644756736,0.8784773060029283,677,677,6,0,671,672,70770,6,0,0,6,5
2020-08-10,US,North Dakota,Grant,4,0,0,46.35821257,-101.6390013,38037.0,175.9014951627089,0.0,4,4,0,0,4,4,2374,0,0,0,0,0
2020-08-10,US,North Dakota,Griggs,34,1,0,47.45785838,-98.23850925,38039.0,1523.9802779022864,2.9411764705882355,33,34,1,0,33,34,2232,0,0,0,0,0
2020-08-10,US,North Dakota,Hettinger,6,0,0,46.43375068,-102.4632417,38041.0,240.09603841536614,0.0,6,6,0,0,6,6,2514,0,0,0,0,0
2020-08-10,US,North Dakota,Kidder,18,0,0,46.97830064,-99.77507857,38043.0,725.8064516129033,0.0,18,14,0,0,14,13,2450,4,0,0,4,1
2020-08-10,US,North Dakota,LaMoure,16,0,0,46.45681054,-98.53542355,38045.0,395.45229856648535,0.0,16,16,0,0,16,16,4062,0,0,0,0,0
2020-08-10,US,North Dakota,Logan,7,0,0,46.45729487,-99.47719806,38047.0,378.3783783783784,0.0,7,7,0,0,7,7,1903,0,0,0,0,0
2020-08-10,US,North Dakota,McHenry,17,1,0,48.23104458,-100.6324822,38049.0,295.9094865100087,5.882352941176472,16,16,1,0,15,16,5816,1,0,0,1,0
2020-08-10,US,North Dakota,McIntosh,37,2,0,46.11182017,-99.44145858,38051.0,1481.7781337605127,5.405405405405406,35,30,2,0,28,30,2585,7,0,0,7,0
2020-08-10,US,North Dakota,McKenzie,90,1,0,47.74133370000001,-103.395905,38053.0,599.0415335463259,1.1111111111111112,89,89,1,0,88,89,13632,1,0,0,1,0
2020-08-10,US,North Dakota,McLean,72,0,0,47.60766714,-101.3182418,38055.0,761.9047619047618,0.0,72,61,0,0,61,59,9541,11,0,0,11,2
2020-08-10,US,North Dakota,Mercer,29,0,0,47.31213126,-101.8318399,38057.0,354.22010504458285,0.0,29,29,0,0,29,28,8267,0,0,0,0,1
2020-08-10,US,North Dakota,Morton,383,3,0,46.71681782,-101.2822377,38059.0,1221.145262083918,0.783289817232376,380,367,3,0,364,357,31095,16,0,0,16,10
2020-08-10,US,North Dakota,Mountrail,135,1,0,48.20197971,-102.3555315,38061.0,1280.2275960170698,0.7407407407407407,134,130,1,0,129,129,10218,5,0,0,5,1
2020-08-10,US,North Dakota,Nelson,26,0,0,47.9226426,-98.19038437,38063.0,903.0913511635983,0.0,26,25,0,0,25,25,2869,1,0,0,1,0
2020-08-10,US,North Dakota,Oliver,7,0,0,47.11530482,-101.3406158,38065.0,357.32516590096986,0.0,7,7,0,0,7,7,1952,0,0,0,0,0
2020-08-10,US,North Dakota,Pembina,27,0,0,48.76623521,-97.5523809,38067.0,397.00044111160116,0.0,27,27,0,0,27,27,6947,0,0,0,0,0
2020-08-10,US,North Dakota,Pierce,12,0,0,48.24977025,-99.96407787,38069.0,301.8867924528302,0.0,12,12,0,0,12,11,4081,0,0,0,0,1
2020-08-10,US,North Dakota,Ramsey,70,2,0,48.26886249,-98.72223879,38071.0,607.6916398992968,2.8571428571428568,68,69,2,0,67,69,11481,1,0,0,1,0
2020-08-10,US,North Dakota,Ransom,28,0,0,46.45621782,-97.65742504,38073.0,536.6040628593331,0.0,28,28,0,0,28,28,5237,0,0,0,0,0
2020-08-10,US,North Dakota,Renville,9,0,0,48.71982533,-101.6603912,38075.0,386.7640739149119,0.0,9,9,0,0,9,9,2374,0,0,0,0,0
2020-08-10,US,North Dakota,Richland,109,1,0,46.26440649,-96.94852979,38077.0,673.7961303084626,0.9174311926605504,108,109,1,0,108,105,16239,0,0,0,0,4
2020-08-10,US,North Dakota,Rolette,73,0,0,48.77245354,-99.84097493,38079.0,514.9548532731377,0.0,73,72,0,0,72,61,14301,1,0,0,1,11
2020-08-10,US,North Dakota,Sargent,10,0,0,46.10830372,-97.63217159,38081.0,256.5418163160595,0.0,10,10,0,0,10,11,3870,0,0,0,0,-1
2020-08-10,US,North Dakota,Sheridan,9,0,0,47.57700669,-100.3426391,38083.0,684.4106463878327,0.0,9,8,0,0,8,8,1349,1,0,0,1,0
2020-08-10,US,North Dakota,Sioux,83,1,0,46.11323337,-101.0440149,38085.0,1962.174940898345,1.2048192771084338,82,83,1,0,82,79,4358,0,0,0,0,4
2020-08-10,US,North Dakota,Slope,3,0,0,46.44737738,-103.4601547,38087.0,400.0,0.0,3,3,0,0,3,3,763,0,0,0,0,0
2020-08-10,US,North Dakota,Stark,264,3,0,46.80851182,-102.6576326,38089.0,838.3880085109085,1.1363636363636365,261,261,3,0,258,259,30997,3,0,0,3,2
2020-08-10,US,North Dakota,Steele,14,0,0,47.45611548,-97.72728747,38091.0,740.7407407407408,0.0,14,14,0,0,14,14,1903,0,0,0,0,0
2020-08-10,US,North Dakota,Stutsman,127,3,0,46.97962541,-98.95637318,38093.0,613.4080370942812,2.3622047244094486,124,127,2,0,125,127,20917,0,1,0,-1,0
2020-08-10,US,North Dakota,Towner,5,0,0,48.68565745,-99.24564265,38095.0,228.41480127912288,0.0,5,5,0,0,5,5,2192,0,0,0,0,0
2020-08-10,US,North Dakota,Traill,55,0,0,47.45367788,-97.16323288,38097.0,684.4201095072175,0.0,55,55,0,0,55,54,8037,0,0,0,0,1
2020-08-10,US,North Dakota,Walsh,104,0,0,48.36876964,-97.72574783,38099.0,977.3517526548256,0.0,104,104,0,0,104,104,10667,0,0,0,0,0
2020-08-10,US,North Dakota,Ward,234,1,0,48.22390169,-101.5436763,38101.0,345.9440280303366,0.4273504273504273,233,222,1,0,221,221,67744,12,0,0,12,1
2020-08-10,US,North Dakota,Wells,21,0,0,47.58614526,-99.65904998,38103.0,547.7308294209703,0.0,21,21,0,0,21,21,3957,0,0,0,0,0
2020-08-10,US,North Dakota,Williams,272,2,0,48.34522353,-103.4793387,38105.0,723.6159514751655,0.7352941176470589,270,270,2,0,268,269,35350,2,0,0,2,1
2020-08-10,US,Ohio,Adams,61,2,0,38.84541072,-83.4718964,39001.0,220.23250776229332,3.278688524590164,59,61,2,0,59,59,27724,0,0,0,0,2
2020-08-10,US,Ohio,Allen,760,44,0,40.77285242,-84.10802343,39003.0,742.5428183408078,5.789473684210527,716,740,44,0,696,732,102663,20,0,0,20,8
2020-08-10,US,Ohio,Ashland,149,3,0,40.84772277,-82.27280781,39005.0,278.58798893126914,2.0134228187919465,146,144,3,0,141,143,53745,5,0,0,5,1
2020-08-10,US,Ohio,Ashtabula,574,46,0,41.70860332,-80.74830218,39007.0,590.2859904772678,8.013937282229966,528,569,46,0,523,562,97493,5,0,0,5,7
2020-08-10,US,Ohio,Athens,359,1,0,39.33425634,-82.04278644,39009.0,549.5430679504644,0.2785515320334262,358,357,1,0,356,356,65818,2,0,0,2,1
2020-08-10,US,Ohio,Auglaize,256,6,0,40.55998859,-84.22421429999999,39011.0,560.714911512178,2.34375,250,254,6,0,248,250,45804,2,0,0,2,4
2020-08-10,US,Ohio,Belmont,621,26,0,40.01625942,-80.9924051,39013.0,926.7826761782527,4.186795491143316,595,621,26,0,595,621,67505,0,0,0,0,0
2020-08-10,US,Ohio,Brown,138,2,0,38.93416837,-83.86788395,39015.0,317.7380733100018,1.4492753623188406,136,129,2,0,127,127,43602,9,0,0,9,2
2020-08-10,US,Ohio,Butler,2944,63,0,39.44012838,-84.57388716,39017.0,768.3995677752431,2.139945652173913,2881,2929,63,0,2866,2891,382378,15,0,0,15,38
2020-08-10,US,Ohio,Carroll,110,5,0,40.5789686,-81.09178213,39019.0,408.7092219662629,4.545454545454546,105,111,5,0,106,111,27081,-1,0,0,-1,0
2020-08-10,US,Ohio,Champaign,178,2,0,40.13923427,-83.76875242,39021.0,457.76006172045777,1.1235955056179776,176,176,2,0,174,173,38754,2,0,0,2,3
2020-08-10,US,Ohio,Clark,1158,14,0,39.91592258,-83.78498252,39023.0,863.6441607064281,1.2089810017271156,1144,1146,14,0,1132,1142,134585,12,0,0,12,4
2020-08-10,US,Ohio,Clermont,941,11,0,39.04847534,-84.15375786,39025.0,455.84901273083113,1.1689691817215728,930,933,11,0,922,921,205466,8,0,0,8,12
2020-08-10,US,Ohio,Clinton,165,6,0,39.41485808,-83.80852286,39027.0,393.15669081204726,3.636363636363636,159,164,6,0,158,162,42057,1,0,0,1,2
2020-08-10,US,Ohio,Columbiana,1665,60,0,40.76932373,-80.78094576,39029.0,1634.2274962456934,3.603603603603604,1605,1658,60,0,1598,1656,102665,7,0,0,7,2
2020-08-10,US,Ohio,Coshocton,194,6,0,40.30096166,-81.91729018,39031.0,530.0546448087432,3.0927835051546397,188,193,6,0,187,192,36629,1,0,0,1,1
2020-08-10,US,Ohio,Crawford,174,5,0,40.85065156,-82.91989099,39033.0,419.3377355762279,2.8735632183908044,169,174,5,0,169,174,41550,0,0,0,0,0
2020-08-10,US,Ohio,Cuyahoga,13640,500,0,41.424119,-81.65918339,39035.0,1104.3890558607106,3.6656891495601167,13140,13514,499,0,13015,13414,1243857,126,1,0,125,100
2020-08-10,US,Ohio,Darke,402,29,0,40.13412966,-84.6194517,39037.0,786.4926730968637,7.213930348258708,373,395,29,0,366,393,51323,7,0,0,7,2
2020-08-10,US,Ohio,Defiance,148,4,0,41.32398837,-84.49076944,39039.0,388.58403129676793,2.702702702702702,144,144,4,0,140,142,38165,4,0,0,4,2
2020-08-10,US,Ohio,Delaware,1316,19,0,40.27942393,-83.00457058,39041.0,629.1322659757047,1.4437689969604863,1297,1301,19,0,1282,1292,204826,15,0,0,15,9
2020-08-10,US,Ohio,Erie,592,27,0,41.36796058,-82.62904521,39043.0,797.134624188727,4.5608108108108105,565,575,27,0,548,570,74615,17,0,0,17,5
2020-08-10,US,Ohio,Fairfield,1400,32,0,39.75107189,-82.63088163,39045.0,888.4714483353853,2.2857142857142856,1368,1387,32,0,1355,1367,155782,13,0,0,13,20
2020-08-10,US,Ohio,Fayette,115,0,0,39.56021306,-83.4562016,39047.0,403.1551270815073,0.0,115,113,0,0,113,112,28666,2,0,0,2,1
2020-08-10,US,Ohio,Franklin,18483,525,0,39.96995815,-83.01115755,39049.0,1403.6769150852551,2.840447979224152,17958,18317,524,0,17793,18182,1310300,166,1,0,165,135
2020-08-10,US,Ohio,Fulton,147,1,0,41.60213491,-84.12571393,39051.0,348.95314057826516,0.6802721088435374,146,148,1,0,147,147,42276,-1,0,0,-1,1
2020-08-10,US,Ohio,Gallia,65,1,0,38.82708533,-82.31647569,39053.0,217.4058465449194,1.5384615384615383,64,65,1,0,64,65,29979,0,0,0,0,0
2020-08-10,US,Ohio,Geauga,558,44,0,41.49952319,-81.17935342,39055.0,595.8419203622035,7.885304659498208,514,556,44,0,512,554,94031,2,0,0,2,2
2020-08-10,US,Ohio,Greene,703,12,0,39.69116283,-83.89032084,39057.0,416.1314572888118,1.7069701280227596,691,690,12,0,678,684,167995,13,0,0,13,6
2020-08-10,US,Ohio,Guernsey,118,7,0,40.05026529,-81.49248905,39059.0,303.53697749196135,5.932203389830509,111,117,7,0,110,116,39022,1,0,0,1,1
2020-08-10,US,Ohio,Hamilton,9689,255,0,39.19673558,-84.54502924,39061.0,1185.2379222310706,2.631850552172567,9434,9643,255,0,9388,9583,816684,46,0,0,46,60
2020-08-10,US,Ohio,Hancock,379,3,0,41.00250487,-83.66838948,39063.0,500.1121623583125,0.7915567282321899,376,378,3,0,375,372,75930,1,0,0,1,6
2020-08-10,US,Ohio,Hardin,169,12,0,40.66015414,-83.65929931,39065.0,538.8171528774111,7.100591715976331,157,165,12,0,153,164,31480,4,0,0,4,1
2020-08-10,US,Ohio,Harrison,26,1,0,40.29380509,-81.09068544,39067.0,172.87234042553192,3.8461538461538463,25,26,1,0,25,26,15174,0,0,0,0,0
2020-08-10,US,Ohio,Henry,117,2,0,41.3339642,-84.06830637,39069.0,433.2370584314597,1.709401709401709,115,117,2,0,115,116,27086,0,0,0,0,1
2020-08-10,US,Ohio,Highland,159,1,0,39.1839264,-83.60331456,39071.0,368.3881281712657,0.6289308176100629,158,158,1,0,157,156,43058,1,0,0,1,2
2020-08-10,US,Ohio,Hocking,118,9,0,39.49537927,-82.47991446,39073.0,417.4922162468157,7.627118644067798,109,118,9,0,109,116,28385,0,0,0,0,2
2020-08-10,US,Ohio,Holmes,328,6,0,40.56163713,-81.92635677,39075.0,746.1328480436763,1.8292682926829267,322,328,6,0,322,327,43892,0,0,0,0,1
2020-08-10,US,Ohio,Huron,401,5,0,41.14651175,-82.59867951,39077.0,688.2229773796039,1.2468827930174564,396,396,5,0,391,395,58504,5,0,0,5,1
2020-08-10,US,Ohio,Jackson,75,0,0,39.01914254,-82.61818559999998,39079.0,231.38864036034929,0.0,75,74,0,0,74,74,32384,1,0,0,1,0
2020-08-10,US,Ohio,Jefferson,234,2,0,40.38614126,-80.76259514,39081.0,358.2089552238806,0.8547008547008547,232,229,2,0,227,224,65767,5,0,0,5,5
2020-08-10,US,Ohio,Knox,206,7,0,40.39830217,-82.42027563,39083.0,330.5413818555245,3.3980582524271843,199,205,7,0,198,203,61893,1,0,0,1,2
2020-08-10,US,Ohio,Lake,1124,38,0,41.69710807,-81.23676539,39085.0,488.37926734419887,3.3807829181494666,1086,1114,38,0,1076,1111,230514,10,0,0,10,3
2020-08-10,US,Ohio,Lawrence,288,0,0,38.59743452,-82.53466552,39087.0,484.33479642803087,0.0,288,283,0,0,283,279,59866,5,0,0,5,4
2020-08-10,US,Ohio,Licking,1299,49,0,40.09136236,-82.48185785,39089.0,734.4709434474336,3.772132409545805,1250,1281,49,0,1232,1260,175769,18,0,0,18,21
2020-08-10,US,Ohio,Logan,155,2,0,40.38996525,-83.76784341,39091.0,339.37642319145215,1.2903225806451613,153,155,2,0,153,152,45358,0,0,0,0,3
2020-08-10,US,Ohio,Lorain,1802,78,0,41.29553751,-82.15083537,39093.0,581.603638088906,4.328523862375138,1724,1770,78,0,1692,1736,309461,32,0,0,32,34
2020-08-10,US,Ohio,Lucas,5377,323,0,41.62101218,-83.65468618,39095.0,1255.287756683818,6.007067137809187,5054,5348,323,0,5025,5288,429899,29,0,0,29,60
2020-08-10,US,Ohio,Madison,388,10,0,39.89381073,-83.40178317,39097.0,867.4073908475107,2.5773195876288657,378,374,10,0,364,355,44413,14,0,0,14,19
2020-08-10,US,Ohio,Mahoning,2566,254,0,41.01631101,-80.77287029,39099.0,1122.0772860247591,9.89867498051442,2312,2554,255,0,2299,2532,229642,12,-1,0,13,22
2020-08-10,US,Ohio,Marion,2929,45,0,40.58610662,-83.15736305,39101.0,4499.715791252515,1.5363605326049847,2884,2925,45,0,2880,2922,65256,4,0,0,4,3
2020-08-10,US,Ohio,Medina,930,35,0,41.11770589,-81.89986209999998,39103.0,517.3967709990766,3.7634408602150535,895,923,35,0,888,914,179146,7,0,0,7,9
2020-08-10,US,Ohio,Meigs,50,0,0,39.09224872,-82.0305041,39105.0,218.273890077269,0.0,50,40,0,0,40,38,23106,10,0,0,10,2
2020-08-10,US,Ohio,Mercer,625,13,0,40.54043046,-84.62912742,39107.0,1518.0219566695812,2.08,612,612,13,0,599,605,40959,13,0,0,13,7
2020-08-10,US,Ohio,Miami,853,38,0,40.0543329,-84.22871271,39109.0,797.2931290717564,4.454865181711607,815,839,38,0,801,832,106222,14,0,0,14,7
2020-08-10,US,Ohio,Monroe,93,18,0,39.72984936,-81.08464734,39111.0,681.1190859821297,19.354838709677423,75,93,18,0,75,91,13790,0,0,0,0,2
2020-08-10,US,Ohio,Montgomery,4398,94,0,39.75394919,-84.29050975,39113.0,827.178396312116,2.137335152341973,4304,4362,94,0,4268,4318,532331,36,0,0,36,44
2020-08-10,US,Ohio,Morgan,28,0,0,39.62081738,-81.85308173,39115.0,192.9969671905156,0.0,28,26,0,0,26,25,14604,2,0,0,2,1
2020-08-10,US,Ohio,Morrow,172,2,0,40.52363560000001,-82.7892599,39117.0,486.8659420289855,1.162790697674419,170,170,2,0,168,168,35112,2,0,0,2,2
2020-08-10,US,Ohio,Muskingum,239,1,0,39.96575964,-81.94363275,39119.0,277.2139418894624,0.41841004184100417,238,236,1,0,235,225,86183,3,0,0,3,11
2020-08-10,US,Ohio,Noble,16,0,0,39.76818851,-81.45937183,39121.0,110.92623405435387,0.0,16,16,0,0,16,17,14354,0,0,0,0,-1
2020-08-10,US,Ohio,Ottawa,390,26,0,41.53781826,-83.0940185,39123.0,962.3689080814313,6.666666666666668,364,386,26,0,360,377,40769,4,0,0,4,9
2020-08-10,US,Ohio,Paulding,70,0,0,41.11676341,-84.5801017,39125.0,374.8928877463582,0.0,70,69,0,0,69,67,18760,1,0,0,1,2
2020-08-10,US,Ohio,Perry,136,3,0,39.73508655,-82.23804971,39127.0,376.37681961587424,2.2058823529411766,133,130,3,0,127,123,36033,6,0,0,6,7
2020-08-10,US,Ohio,Pickaway,2387,42,0,39.64170392,-83.0243386,39129.0,4083.3433121781823,1.7595307917888563,2345,2387,42,0,2345,2383,58086,0,0,0,0,4
2020-08-10,US,Ohio,Pike,77,0,0,39.07634001,-83.06769584,39131.0,277.25766959527584,0.0,77,76,0,0,76,76,28067,1,0,0,1,0
2020-08-10,US,Ohio,Portage,765,61,0,41.16793482,-81.19735782,39133.0,470.86775079093474,7.973856209150328,704,758,61,0,697,754,162927,7,0,0,7,4
2020-08-10,US,Ohio,Preble,204,2,0,39.7420247,-84.64787018,39135.0,498.99711364414657,0.9803921568627452,202,203,2,0,201,201,40997,1,0,0,1,2
2020-08-10,US,Ohio,Putnam,208,17,0,41.02094889,-84.1336111,39137.0,614.2760107498302,8.173076923076923,191,205,17,0,188,205,33780,3,0,0,3,0
2020-08-10,US,Ohio,Richland,608,12,0,40.77180308,-82.53799609999999,39139.0,501.84063258332367,1.973684210526316,596,604,12,0,592,600,121099,4,0,0,4,4
2020-08-10,US,Ohio,Ross,490,4,0,39.33705391,-83.06000914,39141.0,639.1359924868913,0.8163265306122449,486,484,4,0,480,468,76931,6,0,0,6,16
2020-08-10,US,Ohio,Sandusky,384,17,0,41.35624126,-83.137872,39143.0,656.2083461499027,4.427083333333333,367,377,16,0,361,373,58799,7,1,0,6,4
2020-08-10,US,Ohio,Scioto,234,1,0,38.80270163,-82.98907345,39145.0,310.699205990918,0.4273504273504273,233,226,1,0,225,224,75502,8,0,0,8,2
2020-08-10,US,Ohio,Seneca,222,3,0,41.12351311,-83.12783209,39147.0,402.3342636558049,1.351351351351351,219,214,3,0,211,204,55207,8,0,0,8,10
2020-08-10,US,Ohio,Shelby,200,4,0,40.33163494,-84.20258189,39149.0,411.6073266104137,2.0,196,194,4,0,190,190,48627,6,0,0,6,4
2020-08-10,US,Ohio,Stark,1844,139,0,40.81482476,-81.36437305,39151.0,497.56345013302536,7.537960954446856,1705,1827,139,0,1688,1813,371574,17,0,0,17,14
2020-08-10,US,Ohio,Summit,3573,223,0,41.12464734,-81.53123079,39153.0,660.4277531223834,6.241253848306745,3350,3555,222,0,3333,3523,541918,18,1,0,17,32
2020-08-10,US,Ohio,Trumbull,1534,107,0,41.31735028,-80.76109643,39155.0,774.8492226251932,6.97522816166884,1427,1524,106,0,1418,1518,198627,10,1,0,9,6
2020-08-10,US,Ohio,Tuscarawas,788,14,0,40.44214695,-81.47226262,39157.0,856.6427864806982,1.7766497461928934,774,782,14,0,768,781,92176,6,0,0,6,1
2020-08-10,US,Ohio,Union,254,1,0,40.30016061,-83.37239023,39159.0,430.59605343459685,0.3937007874015748,253,251,1,0,250,246,57835,3,0,0,3,5
2020-08-10,US,Ohio,Van Wert,72,1,0,40.8554138,-84.59111700000003,39161.0,254.64190981432358,1.3888888888888888,71,71,1,0,70,71,28281,1,0,0,1,0
2020-08-10,US,Ohio,Vinton,31,2,0,39.25208988,-82.4831444,39163.0,236.9124952235384,6.451612903225807,29,31,2,0,29,31,13139,0,0,0,0,0
2020-08-10,US,Ohio,Warren,1803,39,0,39.42581994,-84.16557457,39165.0,768.5356476074373,2.1630615640599,1764,1789,39,0,1750,1767,232173,14,0,0,14,22
2020-08-10,US,Ohio,Washington,205,22,0,39.45690571,-81.49121382,39167.0,342.1742251005658,10.731707317073173,183,203,22,0,181,202,60155,2,0,0,2,1
2020-08-10,US,Ohio,Wayne,544,58,0,40.82925852,-81.88844833,39169.0,470.1408694149166,10.661764705882351,486,539,58,0,481,529,115967,5,0,0,5,10
2020-08-10,US,Ohio,Williams,135,3,0,41.56052014,-84.58429552,39171.0,367.92761364875184,2.2222222222222223,132,135,3,0,132,134,36804,0,0,0,0,1
2020-08-10,US,Ohio,Wood,1058,58,0,41.36224827,-83.62285108,39173.0,808.7633870215642,5.4820415879017,1000,1043,58,0,985,1030,130696,15,0,0,15,13
2020-08-10,US,Ohio,Wyandot,148,8,0,40.84339621,-83.30734173,39175.0,679.7721844571007,5.405405405405406,140,146,8,0,138,145,21935,2,0,0,2,1
2020-08-10,US,Oklahoma,Adair,341,6,0,35.88494195,-94.65859267,40001.0,1536.4512931422908,1.7595307917888563,335,340,6,0,334,339,22082,1,0,0,1,1
2020-08-10,US,Oklahoma,Alfalfa,3,0,0,36.73090616,-98.32408495,40003.0,52.6131182041389,0.0,3,3,0,0,3,3,5754,0,0,0,0,0
2020-08-10,US,Oklahoma,Atoka,70,0,0,34.37366573,-96.03802487,40005.0,508.794882977177,0.0,70,70,0,0,70,70,13838,0,0,0,0,0
2020-08-10,US,Oklahoma,Beaver,36,0,0,36.7496847,-100.4758872,40007.0,677.8384485031067,0.0,36,36,0,0,36,36,5319,0,0,0,0,0
2020-08-10,US,Oklahoma,Beckham,59,1,0,35.26862449,-99.68128023,40009.0,269.9117068484377,1.6949152542372878,58,60,1,0,59,53,21709,-1,0,0,-1,7
2020-08-10,US,Oklahoma,Blaine,42,0,0,35.87518314,-98.43307003,40011.0,445.43429844098,0.0,42,42,0,0,42,41,9485,0,0,0,0,1
2020-08-10,US,Oklahoma,Bryan,458,1,0,33.96472458,-96.25903472,40013.0,954.2660693822273,0.2183406113537118,457,452,1,0,451,453,47192,6,0,0,6,-1
2020-08-10,US,Oklahoma,Caddo,425,16,0,35.17364557,-98.37534464,40015.0,1477.6441137612128,3.7647058823529416,409,417,16,0,401,413,28977,8,0,0,8,4
2020-08-10,US,Oklahoma,Canadian,1224,7,0,35.5426055,-97.98465569,40017.0,825.320620878454,0.5718954248366013,1217,1208,7,0,1201,1194,144447,16,0,0,16,14
2020-08-10,US,Oklahoma,Carter,342,4,0,34.25103751,-97.28552485,40019.0,710.8561451643076,1.1695906432748535,338,338,4,0,334,337,48177,4,0,0,4,1
2020-08-10,US,Oklahoma,Cherokee,445,2,0,35.90692775,-94.99980896,40021.0,914.5652218591364,0.44943820224719105,443,440,2,0,438,421,48675,5,0,0,5,19
2020-08-10,US,Oklahoma,Choctaw,188,1,0,34.02807439,-95.54771129,40023.0,1281.3522355507089,0.5319148936170213,187,185,1,0,184,183,14668,3,0,0,3,2
2020-08-10,US,Oklahoma,Cimarron,1,0,0,36.74817177,-102.5173885,40025.0,46.79457182966776,0.0,1,1,0,0,1,1,2153,0,0,0,0,0
2020-08-10,US,Oklahoma,Cleveland,3017,55,0,35.20413532,-97.32519562,40027.0,1062.2715781616398,1.8230029830957903,2962,2994,55,0,2939,2967,281669,23,0,0,23,27
2020-08-10,US,Oklahoma,Coal,37,0,0,34.58840127,-96.29798747,40029.0,673.3393994540493,0.0,37,35,0,0,35,36,5520,2,0,0,2,-1
2020-08-10,US,Oklahoma,Comanche,831,10,0,34.65973764,-98.47195055,40031.0,688.2044571797696,1.203369434416366,821,831,10,0,821,803,120422,0,0,0,0,28
2020-08-10,US,Oklahoma,Cotton,18,2,0,34.28845626,-98.37053567,40033.0,317.6844334627604,11.111111111111109,16,18,2,0,16,18,5776,0,0,0,0,0
2020-08-10,US,Oklahoma,Craig,86,0,0,36.76268118,-95.20916602,40035.0,608.1176636967898,0.0,86,82,0,0,82,82,14306,4,0,0,4,0
2020-08-10,US,Oklahoma,Creek,607,14,0,35.90230551,-96.37086028,40037.0,848.6899135930204,2.306425041186161,593,596,14,0,582,588,71604,11,0,0,11,8
2020-08-10,US,Oklahoma,Custer,206,0,0,35.63853802,-99.00170785,40039.0,710.2713512395268,0.0,206,206,0,0,206,206,29036,0,0,0,0,0
2020-08-10,US,Oklahoma,Delaware,431,19,0,36.40823634,-94.80325046,40041.0,1002.115836220326,4.408352668213457,412,426,19,0,407,424,42733,5,0,0,5,2
2020-08-10,US,Oklahoma,Dewey,10,0,0,35.98772922,-99.00730714,40043.0,204.4571662236761,0.0,10,10,0,0,10,9,4894,0,0,0,0,1
2020-08-10,US,Oklahoma,Ellis,5,0,0,36.218019399999996,-99.75324573,40045.0,129.5672454003628,0.0,5,5,0,0,5,5,3952,0,0,0,0,0
2020-08-10,US,Oklahoma,Garfield,460,5,0,36.3791334,-97.78265517,40047.0,753.4067085953877,1.0869565217391304,455,452,5,0,447,447,60913,8,0,0,8,5
2020-08-10,US,Oklahoma,Garvin,227,4,0,34.70418038,-97.30811132,40049.0,819.1692829562268,1.7621145374449338,223,226,4,0,222,225,27811,1,0,0,1,1
2020-08-10,US,Oklahoma,Grady,442,7,0,35.0167709,-97.88339847,40051.0,791.6323387183438,1.5837104072398192,435,441,7,0,434,437,55551,1,0,0,1,4
2020-08-10,US,Oklahoma,Grant,15,0,0,36.796296999999996,-97.78638765,40053.0,346.1804754211862,0.0,15,15,0,0,15,15,4326,0,0,0,0,0
2020-08-10,US,Oklahoma,Greer,83,8,0,34.93535801,-99.56056120000001,40055.0,1453.081232492997,9.63855421686747,75,83,8,0,75,83,5821,0,0,0,0,0
2020-08-10,US,Oklahoma,Harmon,32,0,0,34.7440135,-99.84741652,40057.0,1206.181681115718,0.0,32,32,0,0,32,27,2664,0,0,0,0,5
2020-08-10,US,Oklahoma,Harper,10,0,0,36.78836519,-99.6679804,40059.0,271.14967462039044,0.0,10,10,0,0,10,9,3797,0,0,0,0,1
2020-08-10,US,Oklahoma,Haskell,60,0,0,35.22257600000001,-95.11513306,40061.0,475.1722499406035,0.0,60,58,0,0,58,57,12668,2,0,0,2,1
2020-08-10,US,Oklahoma,Hughes,138,2,0,35.04912569,-96.24921145,40063.0,1039.23488214474,1.4492753623188406,136,137,2,0,135,134,13335,1,0,0,1,3
2020-08-10,US,Oklahoma,Jackson,523,7,0,34.58781741,-99.41138784,40065.0,2132.083163473298,1.338432122370937,516,523,5,0,518,518,24949,0,2,0,-2,5
2020-08-10,US,Oklahoma,Jefferson,33,0,0,34.11130184,-97.83182974,40067.0,549.8167277574141,0.0,33,33,0,0,33,33,6123,0,0,0,0,0
2020-08-10,US,Oklahoma,Johnston,48,0,0,34.31440473,-96.66011537,40069.0,433.0175913396482,0.0,48,47,0,0,47,46,10949,1,0,0,1,1
2020-08-10,US,Oklahoma,Kay,244,11,0,36.81799745,-97.14421435,40071.0,560.4299692222886,4.508196721311474,233,244,11,0,233,242,44161,0,0,0,0,2
2020-08-10,US,Oklahoma,Kingfisher,139,0,0,35.94530008,-97.94193268,40073.0,881.6999682841738,0.0,139,136,0,0,136,129,15816,3,0,0,3,7
2020-08-10,US,Oklahoma,Kiowa,29,1,0,34.91671958,-98.97720696,40075.0,333.0271015158475,3.4482758620689653,28,28,1,0,27,27,8729,1,0,0,1,1
2020-08-10,US,Oklahoma,Latimer,92,1,0,34.87844729,-95.25215049,40077.0,913.332671498064,1.0869565217391304,91,88,1,0,87,87,10231,4,0,0,4,1
2020-08-10,US,Oklahoma,Le Flore,345,1,0,34.89851864,-94.70392124,40079.0,692.0345816701101,0.2898550724637681,344,340,1,0,339,326,49980,5,0,0,5,14
2020-08-10,US,Oklahoma,Lincoln,167,2,0,35.70270942,-96.8812462,40081.0,478.8255870631076,1.1976047904191616,165,164,2,0,162,165,34920,3,0,0,3,-1
2020-08-10,US,Oklahoma,Logan,222,1,0,35.91899576,-97.44352845,40083.0,462.39403470038116,0.4504504504504505,221,220,1,0,219,212,47291,2,0,0,2,8
2020-08-10,US,Oklahoma,Love,75,0,0,33.95273467,-97.23906784,40085.0,731.4932214961475,0.0,75,75,0,0,75,75,10134,0,0,0,0,0
2020-08-10,US,Oklahoma,Major,34,1,0,36.31149996,-98.53467076,40093.0,445.66784637567184,2.9411764705882355,33,34,1,0,33,34,7644,0,0,0,0,0
2020-08-10,US,Oklahoma,Marshall,107,1,0,34.02311222,-96.76855464,40095.0,631.9768472033547,0.9345794392523364,106,107,1,0,106,107,16806,0,0,0,0,0
2020-08-10,US,Oklahoma,Mayes,322,6,0,36.30179091,-95.23175116,40097.0,783.4549878345499,1.8633540372670807,316,316,6,0,310,313,41107,6,0,0,6,3
2020-08-10,US,Oklahoma,McClain,445,4,0,35.01123903,-97.44572302,40087.0,1099.4712655037802,0.8988764044943821,441,440,4,0,436,430,39985,5,0,0,5,10
2020-08-10,US,Oklahoma,McCurtain,858,28,0,34.11664328,-94.77222373,40089.0,2613.304093567252,3.2634032634032635,830,854,28,0,826,856,32703,4,0,0,4,-2
2020-08-10,US,Oklahoma,McIntosh,181,1,0,35.37235506,-95.66599306,40091.0,923.6578893651764,0.5524861878453039,180,180,1,0,179,181,19815,1,0,0,1,-1
2020-08-10,US,Oklahoma,Murray,73,0,0,34.48116015,-97.06826283,40099.0,518.7237973424286,0.0,73,73,0,0,73,71,13953,0,0,0,0,2
2020-08-10,US,Oklahoma,Muskogee,509,16,0,35.61318461,-95.37802952,40101.0,748.5624365780842,3.1434184675834973,493,506,16,0,490,503,68362,3,0,0,3,3
2020-08-10,US,Oklahoma,Noble,84,2,0,36.38953329,-97.22928674,40103.0,754.6491779714313,2.380952380952381,82,83,2,0,81,83,11289,1,0,0,1,0
2020-08-10,US,Oklahoma,Nowata,58,1,0,36.79843529,-95.61902331,40105.0,575.6252481143309,1.7241379310344829,57,57,1,0,56,57,10218,1,0,0,1,0
2020-08-10,US,Oklahoma,Okfuskee,67,1,0,35.46485198,-96.32639984,40107.0,558.659217877095,1.492537313432836,66,66,1,0,65,63,12098,1,0,0,1,3
2020-08-10,US,Oklahoma,Oklahoma,10665,112,0,35.55140095,-97.40716948,40109.0,1337.414757835758,1.0501640881387715,10553,10560,112,0,10448,10424,792582,105,0,0,105,136
2020-08-10,US,Oklahoma,Okmulgee,469,3,0,35.64661916,-95.96432828,40111.0,1219.2902638762512,0.6396588486140725,466,467,3,0,464,466,38335,2,0,0,2,1
2020-08-10,US,Oklahoma,Osage,426,11,0,36.62888819,-96.39635704,40113.0,907.097076421864,2.582159624413145,415,417,11,0,406,404,47014,9,0,0,9,13
2020-08-10,US,Oklahoma,Ottawa,371,3,0,36.83532655,-94.81011909,40115.0,1191.8912840941948,0.8086253369272237,368,369,3,0,366,368,31175,2,0,0,2,1
2020-08-10,US,Oklahoma,Pawnee,138,3,0,36.31743373,-96.70331759999999,40117.0,842.6966292134831,2.1739130434782608,135,137,3,0,134,136,16390,1,0,0,1,1
2020-08-10,US,Oklahoma,Payne,740,4,0,36.07695283,-96.97584944,40119.0,904.822459160716,0.5405405405405406,736,730,4,0,726,721,82040,10,0,0,10,9
2020-08-10,US,Oklahoma,Pittsburg,361,3,0,34.92065823,-95.75134320000001,40121.0,826.9574380354608,0.8310249307479224,358,350,3,0,347,339,43877,11,0,0,11,11
2020-08-10,US,Oklahoma,Pontotoc,201,2,0,34.72959848,-96.68337199,40123.0,525.0235085153066,0.9950248756218906,199,199,2,0,197,198,38247,2,0,0,2,1
2020-08-10,US,Oklahoma,Pottawatomie,448,9,0,35.20614018,-96.94923008,40125.0,617.1478950848579,2.008928571428572,439,447,9,0,438,442,72679,1,0,0,1,5
2020-08-10,US,Oklahoma,Pushmataha,108,0,0,34.41635232,-95.37603505,40127.0,973.3237202595527,0.0,108,108,0,0,108,109,11179,0,0,0,0,-1
2020-08-10,US,Oklahoma,Roger Mills,8,1,0,35.68711719,-99.69666167,40129.0,223.27658386826684,12.5,7,8,1,0,7,8,3656,0,0,0,0,0
2020-08-10,US,Oklahoma,Rogers,986,16,0,36.37004357,-95.60406759,40131.0,1066.4186287976293,1.6227180527383367,970,976,16,0,960,958,91984,10,0,0,10,18
2020-08-10,US,Oklahoma,Seminole,236,5,0,35.16478725,-96.61686741,40133.0,972.8749278588507,2.1186440677966103,231,235,5,0,230,234,24578,1,0,0,1,1
2020-08-10,US,Oklahoma,Sequoyah,339,4,0,35.49447108,-94.75463785,40135.0,815.5115590945178,1.1799410029498525,335,340,4,0,336,333,41179,-1,0,0,-1,7
2020-08-10,US,Oklahoma,Stephens,201,3,0,34.48556989,-97.85141892,40137.0,465.89249704471183,1.492537313432836,198,200,3,0,197,198,43265,1,0,0,1,2
2020-08-10,US,Oklahoma,Texas,1056,7,0,36.74777635,-101.4889765,40139.0,5284.491818045339,0.6628787878787878,1049,1056,7,0,1049,1055,20455,0,0,0,0,1
2020-08-10,US,Oklahoma,Tillman,58,1,0,34.37288446,-98.92426619,40141.0,800.0,1.7241379310344829,57,58,1,0,57,58,7348,0,0,0,0,0
2020-08-10,US,Oklahoma,Tulsa,10562,107,0,36.11939621,-95.94013939,40143.0,1621.0525023328912,1.0130657072524143,10455,10465,107,0,10358,10389,648360,97,0,0,97,76
2020-08-10,US,Oklahoma,Unassigned,1,0,0,0.0,0.0,90040.0,0.0,0.0,1,5,0,0,5,10,,-4,0,0,-4,-5
2020-08-10,US,Oklahoma,Wagoner,864,23,0,35.96024096,-95.51911308,40145.0,1062.8744356555007,2.662037037037037,841,860,23,0,837,848,80110,4,0,0,4,12
2020-08-10,US,Oklahoma,Washington,636,39,0,36.71380786,-95.90514104,40147.0,1234.3043452947,6.132075471698112,597,632,39,0,593,623,51843,4,0,0,4,9
2020-08-10,US,Oklahoma,Washita,28,0,0,35.29071824,-98.99180434,40149.0,256.5042139978014,0.0,28,27,0,0,27,27,11127,1,0,0,1,0
2020-08-10,US,Oklahoma,Woods,20,0,0,36.76705782,-98.86573064,40151.0,227.45365631752534,0.0,20,20,0,0,20,20,8897,0,0,0,0,0
2020-08-10,US,Oklahoma,Woodward,37,0,0,36.42316318,-99.26283045,40153.0,183.0686259957449,0.0,37,37,0,0,37,38,20222,0,0,0,0,-1
2020-08-10,US,Oregon,Baker,40,0,0,44.70915557,-117.6749883,41001.0,248.07740014884644,0.0,40,38,0,0,38,38,16006,2,0,0,2,0
2020-08-10,US,Oregon,Benton,169,6,0,44.49167306,-123.4316987,41003.0,181.61692798727609,3.5502958579881656,163,169,6,0,163,169,92101,0,0,0,0,0
2020-08-10,US,Oregon,Clackamas,1549,40,0,45.18787398,-122.2179634,41005.0,370.4084536343789,2.582311168495804,1509,1538,40,0,1498,1523,416075,11,0,0,11,15
2020-08-10,US,Oregon,Clatsop,85,0,0,45.99712889,-123.660711,41007.0,211.31662688941924,0.0,85,85,0,0,85,85,39764,0,0,0,0,0
2020-08-10,US,Oregon,Columbia,97,0,0,45.94464254,-123.08908980000001,41009.0,185.2771516980556,0.0,97,96,0,0,96,94,52377,1,0,0,1,2
2020-08-10,US,Oregon,Coos,91,0,0,43.17406868,-124.0594514,41011.0,141.11371284134788,0.0,91,91,0,0,91,91,64389,0,0,0,0,0
2020-08-10,US,Oregon,Crook,49,1,0,44.14230227,-120.356297,41013.0,200.78675626946404,2.0408163265306123,48,47,1,0,46,47,23867,2,0,0,2,0
2020-08-10,US,Oregon,Curry,15,0,0,42.45911325,-124.15728200000001,41015.0,65.43075245365321,0.0,15,15,0,0,15,15,22813,0,0,0,0,0
2020-08-10,US,Oregon,Deschutes,611,10,0,43.91570171,-121.2289121,41017.0,309.0666288974769,1.6366612111292962,601,604,10,0,594,596,191996,7,0,0,7,8
2020-08-10,US,Oregon,Douglas,151,1,0,43.27941273,-123.16729099999999,41019.0,136.06055145071184,0.6622516556291391,150,151,1,0,150,150,110283,0,0,0,0,1
2020-08-10,US,Oregon,Gilliam,4,0,0,45.37160076,-120.20488689999999,41021.0,209.20502092050208,0.0,4,4,0,0,4,4,1894,0,0,0,0,0
2020-08-10,US,Oregon,Grant,4,0,0,44.49024544,-119.0068631,41023.0,55.563272676760654,0.0,4,4,0,0,4,4,7176,0,0,0,0,0
2020-08-10,US,Oregon,Harney,10,0,0,43.06422669,-118.96663059999999,41025.0,135.26308670363858,0.0,10,10,0,0,10,10,7329,0,0,0,0,0
2020-08-10,US,Oregon,Hood River,193,0,0,45.51872811,-121.65520359999998,41027.0,825.4212642203404,0.0,193,191,0,0,191,184,23428,2,0,0,2,7
2020-08-10,US,Oregon,Jackson,473,2,0,42.43201126,-122.72893090000001,41029.0,214.08139619089002,0.4228329809725159,471,465,2,0,463,461,219564,8,0,0,8,4
2020-08-10,US,Oregon,Jefferson,371,4,0,44.62806839,-121.17832,41031.0,1504.5826912158325,1.0781671159029649,367,360,4,0,356,355,24192,11,0,0,11,5
2020-08-10,US,Oregon,Josephine,115,2,0,42.3665549,-123.5561938,41033.0,131.4481008606993,1.7391304347826086,113,115,2,0,113,114,87393,0,0,0,0,1
2020-08-10,US,Oregon,Klamath,201,2,0,42.68762984,-121.64964609999998,41035.0,294.557284797327,0.9950248756218906,199,201,2,0,199,201,67653,0,0,0,0,0
2020-08-10,US,Oregon,Lake,32,0,0,42.79246693,-120.38501629999999,41037.0,406.6590418096328,0.0,32,32,0,0,32,32,7879,0,0,0,0,0
2020-08-10,US,Oregon,Lane,590,3,0,43.93727035,-122.847753,41039.0,154.4231770867413,0.5084745762711864,587,585,3,0,582,579,379611,5,0,0,5,6
2020-08-10,US,Oregon,Lincoln,418,9,0,44.64252874,-123.86991200000001,41041.0,836.6358432408632,2.15311004784689,409,416,9,0,407,414,49388,2,0,0,2,2
2020-08-10,US,Oregon,Linn,284,10,0,44.48899494,-122.53731540000001,41043.0,218.884153249736,3.5211267605633805,274,281,10,0,271,277,127335,3,0,0,3,4
2020-08-10,US,Oregon,Malheur,804,14,0,43.1937027,-117.62273950000001,41045.0,2629.9434104216416,1.7412935323383083,790,783,14,0,769,768,30725,21,0,0,21,15
2020-08-10,US,Oregon,Marion,2938,70,0,44.90287942,-122.58151170000001,41047.0,844.6946391503602,2.382573179033356,2868,2911,70,0,2841,2883,346868,27,0,0,27,28
2020-08-10,US,Oregon,Morrow,372,3,0,45.41846568,-119.584546,41049.0,3206.0673963630097,0.8064516129032258,369,357,3,0,354,354,11372,15,0,0,15,3
2020-08-10,US,Oregon,Multnomah,4960,96,0,45.54747959,-122.4169351,41051.0,610.1949302151061,1.935483870967742,4864,4917,95,0,4822,4849,811880,43,1,0,42,68
2020-08-10,US,Oregon,Polk,319,12,0,44.90322804,-123.4128888,41053.0,370.56397746413427,3.761755485893417,307,313,12,0,301,313,85234,6,0,0,6,0
2020-08-10,US,Oregon,Sherman,16,0,0,45.41501554,-120.6827834,41055.0,898.876404494382,0.0,16,16,0,0,16,16,1708,0,0,0,0,0
2020-08-10,US,Oregon,Tillamook,34,0,0,45.46248721,-123.712066,41057.0,125.75824826157715,0.0,34,34,0,0,34,34,26787,0,0,0,0,0
2020-08-10,US,Oregon,Umatilla,2302,28,0,45.59073056,-118.7353826,41059.0,2953.1751122514434,1.2163336229365769,2274,2290,28,0,2262,2251,77516,12,0,0,12,39
2020-08-10,US,Oregon,Union,394,2,0,45.30915495,-118.0068979,41061.0,1468.2317868455375,0.5076142131979695,392,394,2,0,392,394,26461,0,0,0,0,0
2020-08-10,US,Oregon,Wallowa,19,1,0,45.57894064,-117.18353799999998,41063.0,263.59600443951166,5.2631578947368425,18,19,1,0,18,19,7081,0,0,0,0,0
2020-08-10,US,Oregon,Wasco,192,3,0,45.16292781,-121.16709540000001,41065.0,719.5862379132001,1.5625,189,192,3,0,189,189,26505,0,0,0,0,3
2020-08-10,US,Oregon,Washington,3119,25,0,45.55972701,-123.0955257,41067.0,518.457692256546,0.8015389547932029,3094,3088,25,0,3063,3047,597695,31,0,0,31,41
2020-08-10,US,Oregon,Yamhill,467,13,0,45.23330449,-123.3086963,41071.0,436.0410830999065,2.78372591006424,454,460,13,0,447,450,107002,7,0,0,7,10
2020-08-10,US,Pennsylvania,Adams,524,20,0,39.87140411,-77.21610347,42001.0,508.69341513848303,3.816793893129771,504,518,20,0,498,498,102811,6,0,0,6,20
2020-08-10,US,Pennsylvania,Allegheny,8932,247,0,40.46809875,-79.98167747,42003.0,734.5122918970926,2.7653381101656964,8685,8857,247,0,8610,8796,1218452,75,0,0,75,61
2020-08-10,US,Pennsylvania,Armstrong,216,7,0,40.81665618,-79.46290811,42005.0,333.66803120413994,3.2407407407407414,209,212,7,0,205,208,65263,4,0,0,4,4
2020-08-10,US,Pennsylvania,Beaver,1326,92,0,40.6825484,-80.34921611,42007.0,808.8867741522245,6.93815987933635,1234,1316,92,0,1224,1312,164742,10,0,0,10,4
2020-08-10,US,Pennsylvania,Bedford,143,4,0,40.00522157,-78.48998442,42009.0,298.61343133979284,2.797202797202797,139,142,4,0,138,141,48176,1,0,0,1,1
2020-08-10,US,Pennsylvania,Berks,5407,368,0,40.41570541,-75.92457766,42011.0,1283.822928835323,6.805992232291473,5039,5382,368,0,5014,5353,420152,25,0,0,25,29
2020-08-10,US,Pennsylvania,Blair,293,5,0,40.47961444,-78.34917412,42013.0,240.50103013239868,1.706484641638225,288,284,5,0,279,274,122492,9,0,0,9,10
2020-08-10,US,Pennsylvania,Bradford,86,3,0,41.78869215,-76.51570822,42015.0,142.56585382026756,3.4883720930232562,83,85,3,0,82,85,60833,1,0,0,1,0
2020-08-10,US,Pennsylvania,Bucks,7210,582,0,40.33682119,-75.10836643,42017.0,1147.5957788848746,8.072122052704577,6628,7197,582,0,6615,7173,628195,13,0,0,13,24
2020-08-10,US,Pennsylvania,Butler,671,15,0,40.91152759,-79.91351055,42019.0,357.1941890733712,2.2354694485842033,656,661,15,0,646,656,187888,10,0,0,10,5
2020-08-10,US,Pennsylvania,Cambria,341,3,0,40.49527404,-78.71377428,42021.0,261.92085535209543,0.8797653958944281,338,336,3,0,333,335,131730,5,0,0,5,1
2020-08-10,US,Pennsylvania,Cameron,7,0,0,41.43625568,-78.20376845,42023.0,157.40948954351248,0.0,7,7,0,0,7,6,4492,0,0,0,0,1
2020-08-10,US,Pennsylvania,Carbon,372,28,0,40.91545395,-75.7068525,42025.0,579.6017575021034,7.526881720430107,344,372,28,0,344,370,64227,0,0,0,0,2
2020-08-10,US,Pennsylvania,Centre,372,10,0,40.92058903,-77.82200624,42027.0,229.08519875604281,2.6881720430107525,362,372,10,0,362,370,162805,0,0,0,0,2
2020-08-10,US,Pennsylvania,Chester,5157,349,0,39.97291773,-75.74768357,42029.0,982.3062959414387,6.7675004847779725,4808,5102,349,0,4753,5102,522046,55,0,0,55,0
2020-08-10,US,Pennsylvania,Clarion,80,2,0,41.19265812,-79.42413524,42031.0,208.1273739528592,2.5,78,80,2,0,78,78,38779,0,0,0,0,2
2020-08-10,US,Pennsylvania,Clearfield,174,0,0,41.00110782,-78.47592663,42033.0,219.54450823291907,0.0,174,172,0,0,172,166,79388,2,0,0,2,6
2020-08-10,US,Pennsylvania,Clinton,122,5,0,41.23255967,-77.63785995,42035.0,315.80037274798093,4.0983606557377055,117,120,5,0,115,119,38684,2,0,0,2,1
2020-08-10,US,Pennsylvania,Columbia,477,35,0,41.04821986,-76.40565017,42037.0,734.2528169447694,7.337526205450734,442,471,35,0,436,471,65456,6,0,0,6,0
2020-08-10,US,Pennsylvania,Crawford,154,1,0,41.68447709,-80.10760592,42039.0,181.97071925699225,0.6493506493506493,153,144,1,0,143,141,85063,10,0,0,10,3
2020-08-10,US,Pennsylvania,Cumberland,1300,71,0,40.1625372,-77.26130755,42041.0,513.083632632119,5.461538461538462,1229,1286,71,0,1215,1282,251423,14,0,0,14,4
2020-08-10,US,Pennsylvania,Dauphin,2829,159,0,40.41377078,-76.77993242,42043.0,1016.532578270134,5.6203605514316015,2670,2801,159,0,2642,2774,277097,28,0,0,28,27
2020-08-10,US,Pennsylvania,Delaware,9274,699,0,39.91680171,-75.40243663,42045.0,1636.3562577305215,7.5372007763640285,8575,9226,698,0,8528,9170,564751,48,1,0,47,56
2020-08-10,US,Pennsylvania,Elk,49,2,0,41.42822061,-78.64524744,42047.0,163.82480775660318,4.081632653061225,47,48,2,0,46,48,30169,1,0,0,1,0
2020-08-10,US,Pennsylvania,Erie,1110,19,0,41.99253829,-80.03301954,42049.0,411.52568513465417,1.7117117117117118,1091,1102,19,0,1083,1094,272061,8,0,0,8,8
2020-08-10,US,Pennsylvania,Fayette,501,5,0,39.92041012,-79.64291195,42051.0,387.54892708510613,0.998003992015968,496,494,5,0,489,485,130441,7,0,0,7,9
2020-08-10,US,Pennsylvania,Forest,10,0,0,41.51095103,-79.23229292,42053.0,137.9881330205602,0.0,10,10,0,0,10,10,7279,0,0,0,0,0
2020-08-10,US,Pennsylvania,Franklin,1368,46,0,39.92956518,-77.72157791,42055.0,882.4269320827983,3.3625730994152048,1322,1350,46,0,1304,1343,154835,18,0,0,18,7
2020-08-10,US,Pennsylvania,Fulton,27,2,0,39.92913544,-78.11163677,42057.0,185.8224363386097,7.407407407407407,25,27,2,0,25,27,14523,0,0,0,0,0
2020-08-10,US,Pennsylvania,Greene,116,1,0,39.85746531,-80.22357106,42059.0,320.15013937570717,0.8620689655172413,115,116,1,0,115,114,36506,0,0,0,0,2
2020-08-10,US,Pennsylvania,Huntingdon,308,4,0,40.42162652,-77.97673273,42061.0,682.261208576998,1.2987012987012987,304,308,4,0,304,305,45168,0,0,0,0,3
2020-08-10,US,Pennsylvania,Indiana,322,6,0,40.65241041,-79.08963285,42063.0,383.0004876714284,1.8633540372670807,316,320,6,0,314,313,84501,2,0,0,2,7
2020-08-10,US,Pennsylvania,Jefferson,73,1,0,41.12913106,-78.9986361,42065.0,168.10592976396092,1.3698630136986298,72,71,1,0,70,68,43641,2,0,0,2,3
2020-08-10,US,Pennsylvania,Juniata,133,6,0,40.53358749,-77.39975129999998,42067.0,537.0916286395025,4.511278195488722,127,132,6,0,126,132,24704,1,0,0,1,0
2020-08-10,US,Pennsylvania,Lackawanna,1940,212,0,41.43564672,-75.60379201,42069.0,925.2458578555279,10.927835051546392,1728,1932,212,0,1720,1927,210793,8,0,0,8,5
2020-08-10,US,Pennsylvania,Lancaster,5975,411,0,40.03904563,-76.24770128,42071.0,1094.8757980224436,6.878661087866108,5564,5923,411,0,5512,5856,543557,52,0,0,52,67
2020-08-10,US,Pennsylvania,Lawrence,392,16,0,40.99206278,-80.33393706,42073.0,458.4151931892599,4.081632653061225,376,391,16,0,375,390,86184,1,0,0,1,1
2020-08-10,US,Pennsylvania,Lebanon,1617,54,0,40.36680311,-76.45651841,42075.0,1140.3948008716932,3.339517625231911,1563,1610,54,0,1556,1595,141314,7,0,0,7,15
2020-08-10,US,Pennsylvania,Lehigh,4975,337,0,40.6154815,-75.59435245,42077.0,1347.0775862535809,6.773869346733668,4638,4968,337,0,4631,4934,368100,7,0,0,7,34
2020-08-10,US,Pennsylvania,Luzerne,3462,184,0,41.17823008,-75.98447579,42079.0,1090.6788231254154,5.314846909300981,3278,3448,184,0,3264,3438,317646,14,0,0,14,10
2020-08-10,US,Pennsylvania,Lycoming,400,20,0,41.34310539,-77.06629984,42081.0,353.048129286225,5.0,380,391,20,0,371,381,113664,9,0,0,9,10
2020-08-10,US,Pennsylvania,McKean,34,1,0,41.80938602,-78.56478358,42083.0,83.69230769230771,2.9411764705882355,33,34,1,0,33,34,40968,0,0,0,0,0
2020-08-10,US,Pennsylvania,Mercer,442,9,0,41.30248872,-80.25816981,42085.0,403.9333235853195,2.0361990950226243,433,437,9,0,428,419,110683,5,0,0,5,18
2020-08-10,US,Pennsylvania,Mifflin,120,1,0,40.61116939,-77.61070738,42087.0,260.08929732541503,0.8333333333333334,119,120,1,0,119,120,46222,0,0,0,0,0
2020-08-10,US,Pennsylvania,Monroe,1636,124,0,41.05934058,-75.34031025,42089.0,960.8212790199153,7.579462102689487,1512,1634,124,0,1510,1624,169507,2,0,0,2,10
2020-08-10,US,Pennsylvania,Montgomery,10149,857,0,40.21053671,-75.36652296,42091.0,1221.424574114079,8.444181692777612,9292,10121,857,0,9264,10077,828604,28,0,0,28,44
2020-08-10,US,Pennsylvania,Montour,102,3,0,41.03023987,-76.66345939,42093.0,559.5172792100933,2.9411764705882355,99,102,3,0,99,101,18240,0,0,0,0,1
2020-08-10,US,Pennsylvania,Northampton,3931,292,0,40.75182733,-75.30471829,42095.0,1287.649245786724,7.428135334520477,3639,3928,292,0,3636,3918,304807,3,0,0,3,10
2020-08-10,US,Pennsylvania,Northumberland,475,13,0,40.84785433,-76.70798222,42097.0,522.8801338573143,2.736842105263158,462,466,13,0,453,460,91083,9,0,0,9,6
2020-08-10,US,Pennsylvania,Perry,124,5,0,40.40206612,-77.26297447,42099.0,267.98063623789767,4.032258064516129,119,124,5,0,119,123,46139,0,0,0,0,1
2020-08-10,US,Pennsylvania,Philadelphia,31448,1699,0,40.00338507,-75.1379271,42101.0,1985.2733222900085,5.402569320783516,29749,31120,1698,0,29422,31120,1584138,328,1,0,327,0
2020-08-10,US,Pennsylvania,Pike,526,21,0,41.33155042,-75.03208106,42103.0,942.500313569496,3.9923954372623576,505,526,21,0,505,526,55933,0,0,0,0,0
2020-08-10,US,Pennsylvania,Potter,20,0,0,41.74471626,-77.89559864,42105.0,121.0214207914801,0.0,20,20,0,0,20,20,16622,0,0,0,0,0
2020-08-10,US,Pennsylvania,Schuylkill,919,51,0,40.70497338,-76.2150785,42107.0,650.1177852135344,5.549510337323177,868,916,51,0,865,909,142067,3,0,0,3,7
2020-08-10,US,Pennsylvania,Snyder,106,2,0,40.77129231,-77.06840691,42109.0,262.55820865946697,1.8867924528301887,104,104,2,0,102,102,40540,2,0,0,2,2
2020-08-10,US,Pennsylvania,Somerset,135,3,0,39.97172723,-79.02699593,42111.0,183.80600977575668,2.2222222222222223,132,134,3,0,131,133,73952,1,0,0,1,1
2020-08-10,US,Pennsylvania,Sullivan,10,0,0,41.44634738,-76.51246591,42113.0,164.85328058028355,0.0,10,10,0,0,10,10,6071,0,0,0,0,0
2020-08-10,US,Pennsylvania,Susquehanna,214,27,0,41.82147784,-75.80071959,42115.0,530.6486808172981,12.61682242990654,187,214,27,0,187,214,40589,0,0,0,0,0
2020-08-10,US,Pennsylvania,Tioga,38,3,0,41.77255149,-77.25433032,42117.0,93.61681160848465,7.894736842105262,35,38,3,0,35,38,40763,0,0,0,0,0
2020-08-10,US,Pennsylvania,Union,238,2,0,40.96188846,-77.05996014,42119.0,529.7954277318968,0.8403361344537815,236,225,2,0,223,218,44785,13,0,0,13,7
2020-08-10,US,Pennsylvania,Venango,64,0,0,41.40323442,-79.75845449,42121.0,126.31246546143522,0.0,64,63,0,0,63,63,51266,1,0,0,1,0
2020-08-10,US,Pennsylvania,Warren,23,1,0,41.81304978,-79.26969577,42123.0,58.68694343088975,4.3478260869565215,22,23,1,0,22,23,39498,0,0,0,0,0
2020-08-10,US,Pennsylvania,Washington,855,13,0,40.19208869,-80.24582867,42125.0,413.3130302371112,1.52046783625731,842,840,12,0,828,829,207346,15,1,0,14,11
2020-08-10,US,Pennsylvania,Wayne,162,9,0,41.64938475,-75.29956506,42127.0,315.4144195011778,5.5555555555555545,153,160,9,0,151,160,51276,2,0,0,2,0
2020-08-10,US,Pennsylvania,Westmoreland,1553,46,0,40.31377979999999,-79.46615476,42129.0,445.1144887202314,2.962009014810045,1507,1537,46,0,1491,1523,350611,16,0,0,16,14
2020-08-10,US,Pennsylvania,Wyoming,61,8,0,41.51955538,-76.01074915,42131.0,227.66290960662846,13.114754098360656,53,60,8,0,52,60,27046,1,0,0,1,0
2020-08-10,US,Pennsylvania,York,2591,93,0,39.9210089,-76.73040131,42133.0,576.9856009691398,3.5893477421844846,2498,2572,93,0,2479,2501,448273,19,0,0,19,71
2020-08-10,US,Puerto Rico,Adjuntas,94,0,0,18.180117000000006,-66.754367,72001.0,482.4718985782477,0.0,94,94,0,0,94,92,,0,0,0,0,2
2020-08-10,US,Puerto Rico,Aguada,140,0,0,18.360255,-67.17513100000001,72003.0,333.6590481184013,0.0,140,135,0,0,135,123,,5,0,0,5,12
2020-08-10,US,Puerto Rico,Aguadilla,230,0,0,18.459681,-67.12081500000001,72005.0,377.36468194720175,0.0,230,223,0,0,223,221,,7,0,0,7,2
2020-08-10,US,Puerto Rico,Aguas Buenas,133,0,0,18.251619,-66.126806,72007.0,464.07760214941203,0.0,133,129,0,0,129,126,,4,0,0,4,3
2020-08-10,US,Puerto Rico,Aibonito,89,0,0,18.131361,-66.264131,72009.0,343.6293436293436,0.0,89,89,0,0,89,84,,0,0,0,0,5
2020-08-10,US,Puerto Rico,Anasco,145,0,0,18.287985,-67.120611,72011.0,495.54013875123877,0.0,145,142,0,0,142,134,,3,0,0,3,8
2020-08-10,US,Puerto Rico,Arecibo,324,0,0,18.406631,-66.675077,72013.0,335.96018249688933,0.0,324,312,0,0,312,301,,12,0,0,12,11
2020-08-10,US,Puerto Rico,Arroyo,92,0,0,17.998457000000005,-66.056546,72015.0,469.9872286079183,0.0,92,89,0,0,89,84,,3,0,0,3,5
2020-08-10,US,Puerto Rico,Barceloneta,95,0,0,18.445533,-66.56053100000001,72017.0,382.8175370728562,0.0,95,91,0,0,91,88,,4,0,0,4,3
2020-08-10,US,Puerto Rico,Barranquitas,248,0,0,18.201592,-66.30963,72019.0,817.9959100204499,0.0,248,245,0,0,245,242,,3,0,0,3,3
2020-08-10,US,Puerto Rico,Bayamon,1565,0,0,18.34946,-66.168435,72021.0,751.9844701993117,0.0,1565,1511,0,0,1511,1446,,54,0,0,54,65
2020-08-10,US,Puerto Rico,Cabo Rojo,210,0,0,18.040993,-67.154391,72023.0,412.4359251330597,0.0,210,206,0,0,206,202,,4,0,0,4,4
2020-08-10,US,Puerto Rico,Caguas,745,0,0,18.211615,-66.050779,72025.0,521.3691363467769,0.0,745,717,0,0,717,704,,28,0,0,28,13
2020-08-10,US,Puerto Rico,Camuy,143,0,0,18.418578,-66.860206,72027.0,406.7237407207258,0.0,143,139,0,0,139,138,,4,0,0,4,1
2020-08-10,US,Puerto Rico,Canovanas,388,0,0,18.328802,-65.887612,72029.0,814.3049026192075,0.0,388,373,0,0,373,359,,15,0,0,15,14
2020-08-10,US,Puerto Rico,Carolina,1302,0,0,18.374986,-65.95683100000001,72031.0,736.5836548579448,0.0,1302,1263,0,0,1263,1213,,39,0,0,39,50
2020-08-10,US,Puerto Rico,Catano,198,0,0,18.437269,-66.14330600000001,72033.0,703.6247334754797,0.0,198,189,0,0,189,182,,9,0,0,9,7
2020-08-10,US,Puerto Rico,Cayey,199,0,0,18.102851,-66.14914,72035.0,413.55805399114695,0.0,199,197,0,0,197,196,,2,0,0,2,1
2020-08-10,US,Puerto Rico,Ceiba,70,0,0,18.251818,-65.666416,72037.0,513.5353238940651,0.0,70,68,0,0,68,67,,2,0,0,2,1
2020-08-10,US,Puerto Rico,Ciales,155,0,0,18.28885,-66.516475,72039.0,825.2582259610265,0.0,155,149,0,0,149,139,,6,0,0,6,10
2020-08-10,US,Puerto Rico,Cidra,171,0,0,18.173559,-66.161179,72041.0,393.2842686292548,0.0,171,169,0,0,169,163,,2,0,0,2,6
2020-08-10,US,Puerto Rico,Coamo,152,0,0,18.097597,-66.36014,72043.0,375.19747235387047,0.0,152,149,0,0,149,145,,3,0,0,3,4
2020-08-10,US,Puerto Rico,Comerio,122,0,0,18.224687,-66.221622,72045.0,587.1594956203677,0.0,122,117,0,0,117,115,,5,0,0,5,2
2020-08-10,US,Puerto Rico,Corozal,242,0,0,18.304264,-66.327738,72047.0,651.5534973884013,0.0,242,226,0,0,226,218,,16,0,0,16,8
2020-08-10,US,Puerto Rico,Culebra,19,0,0,18.31586,-65.28813000000001,72049.0,1045.1045104510451,0.0,19,19,0,0,19,19,,0,0,0,0,0
2020-08-10,US,Puerto Rico,Dorado,325,0,0,18.436115,-66.278669,72051.0,851.5655705489322,0.0,325,315,0,0,315,306,,10,0,0,10,9
2020-08-10,US,Puerto Rico,Fajardo,256,0,0,18.318373,-65.666866,72053.0,692.0228151271863,0.0,256,240,0,0,240,232,,16,0,0,16,8
2020-08-10,US,Puerto Rico,Florida,178,0,0,18.373715,-66.560488,72054.0,1403.7854889589905,0.0,178,175,0,0,175,173,,3,0,0,3,2
2020-08-10,US,Puerto Rico,Guanica,59,0,0,17.982429,-66.91964300000001,72055.0,303.7010346425078,0.0,59,58,0,0,58,56,,1,0,0,1,2
2020-08-10,US,Puerto Rico,Guayama,162,0,0,18.007516,-66.13390799999999,72057.0,357.12711079758384,0.0,162,158,0,0,158,154,,4,0,0,4,4
2020-08-10,US,Puerto Rico,Guayanilla,129,0,0,18.039942,-66.79186,72059.0,597.7480190908668,0.0,129,128,0,0,128,123,,1,0,0,1,5
2020-08-10,US,Puerto Rico,Guaynabo,861,0,0,18.345114,-66.11452299999999,72061.0,879.2532984763693,0.0,861,846,0,0,846,821,,15,0,0,15,25
2020-08-10,US,Puerto Rico,Gurabo,261,0,0,18.266461,-65.97970500000001,72063.0,575.2826820075381,0.0,261,254,0,0,254,241,,7,0,0,7,13
2020-08-10,US,Puerto Rico,Hatillo,114,0,0,18.410928,-66.79632600000001,72065.0,271.7326532071604,0.0,114,106,0,0,106,104,,8,0,0,8,2
2020-08-10,US,Puerto Rico,Hormigueros,97,0,0,18.134532,-67.113972,72067.0,562.3188405797101,0.0,97,91,0,0,91,90,,6,0,0,6,1
2020-08-10,US,Puerto Rico,Humacao,192,0,0,18.145211,-65.810174,72069.0,328.39599083227864,0.0,192,185,0,0,185,182,,7,0,0,7,3
2020-08-10,US,Puerto Rico,Isabela,141,0,0,18.44981,-67.005093,72071.0,309.0004602134514,0.0,141,135,0,0,135,134,,6,0,0,6,1
2020-08-10,US,Puerto Rico,Jayuya,179,0,0,18.211446,-66.58878,72073.0,1075.5918759764454,0.0,179,179,0,0,179,179,,0,0,0,0,0
2020-08-10,US,Puerto Rico,Juana Diaz,197,0,0,18.050764,-66.49458100000001,72075.0,246.56745559908381,0.0,197,192,0,0,192,188,,5,0,0,5,4
2020-08-10,US,Puerto Rico,Juncos,141,0,0,18.223793,-65.909109,72077.0,349.9627699180938,0.0,141,131,0,0,131,128,,10,0,0,10,3
2020-08-10,US,Puerto Rico,Lajas,82,0,0,18.011661,-67.040585,72079.0,318.4095056886576,0.0,82,81,0,0,81,81,,1,0,0,1,0
2020-08-10,US,Puerto Rico,Lares,175,0,0,18.269035,-66.867236,72081.0,569.0501739667675,0.0,175,169,0,0,169,164,,6,0,0,6,5
2020-08-10,US,Puerto Rico,Las Marias,72,0,0,18.23679,-66.98362,72083.0,728.6711871268091,0.0,72,70,0,0,70,63,,2,0,0,2,7
2020-08-10,US,Puerto Rico,Las Piedras,158,0,0,18.187527,-65.86946800000001,72085.0,408.5326438267615,0.0,158,151,0,0,151,147,,7,0,0,7,4
2020-08-10,US,Puerto Rico,Loiza,135,0,0,18.425688,-65.89943000000001,72087.0,449.10179640718565,0.0,135,124,0,0,124,122,,11,0,0,11,2
2020-08-10,US,Puerto Rico,Luquillo,110,0,0,18.342114,-65.72509699999999,72089.0,548.1363364560493,0.0,110,106,0,0,106,102,,4,0,0,4,4
2020-08-10,US,Puerto Rico,Manati,249,0,0,18.420473,-66.490461,72091.0,564.4594563960737,0.0,249,243,0,0,243,226,,6,0,0,6,17
2020-08-10,US,Puerto Rico,Maricao,42,0,0,18.171795,-66.942126,72093.0,669.2160611854682,0.0,42,42,0,0,42,42,,0,0,0,0,0
2020-08-10,US,Puerto Rico,Maunabo,63,0,0,18.017889,-65.922235,72095.0,515.3374233128834,0.0,63,61,0,0,61,59,,2,0,0,2,2
2020-08-10,US,Puerto Rico,Mayaguez,507,0,0,18.2013,-67.1452,72097.0,569.1513246519983,0.0,507,493,0,0,493,478,,14,0,0,14,15
2020-08-10,US,Puerto Rico,Moca,177,0,0,18.377805,-67.080952,72099.0,441.2974644094842,0.0,177,173,0,0,173,171,,4,0,0,4,2
2020-08-10,US,Puerto Rico,Morovis,258,0,0,18.316963,-66.420383,72101.0,791.1683532658693,0.0,258,255,0,0,255,246,,3,0,0,3,9
2020-08-10,US,Puerto Rico,Naguabo,94,0,0,18.230637,-65.753897,72103.0,351.7964071856288,0.0,94,93,0,0,93,90,,1,0,0,1,3
2020-08-10,US,Puerto Rico,Naranjito,294,0,0,18.288019,-66.252703,72105.0,967.041641997237,0.0,294,279,0,0,279,275,,15,0,0,15,4
2020-08-10,US,Puerto Rico,Orocovis,221,0,0,18.215046,-66.433604,72107.0,943.5170558852408,0.0,221,217,0,0,217,212,,4,0,0,4,5
2020-08-10,US,Puerto Rico,Out of PR,654,0,0,0.0,0.0,72888.0,0.0,0.0,654,653,0,0,653,649,,1,0,0,1,4
2020-08-10,US,Puerto Rico,Patillas,107,0,0,18.03174,-66.012242,72109.0,555.0656222441252,0.0,107,104,0,0,104,102,,3,0,0,3,2
2020-08-10,US,Puerto Rico,Penuelas,76,0,0,18.059645,-66.721572,72111.0,312.9890453834116,0.0,76,75,0,0,75,74,,1,0,0,1,1
2020-08-10,US,Puerto Rico,Ponce,499,0,0,18.059498,-66.613748,72113.0,300.01142328064594,0.0,499,490,0,0,490,478,,9,0,0,9,12
2020-08-10,US,Puerto Rico,Quebradillas,81,0,0,18.439692,-66.926113,72115.0,312.51205679231447,0.0,81,79,0,0,79,79,,2,0,0,2,0
2020-08-10,US,Puerto Rico,Rincon,98,0,0,18.335443,-67.23174,72117.0,644.7368421052631,0.0,98,96,0,0,96,92,,2,0,0,2,4
2020-08-10,US,Puerto Rico,Rio Grande,302,0,0,18.346329,-65.813742,72119.0,556.1284619917501,0.0,302,292,0,0,292,281,,10,0,0,10,11
2020-08-10,US,Puerto Rico,Sabana Grande,130,0,0,18.08282,-66.943758,72121.0,514.5458143677024,0.0,130,130,0,0,130,122,,0,0,0,0,8
2020-08-10,US,Puerto Rico,Salinas,187,0,0,18.010386999999994,-66.256592,72123.0,601.711821867559,0.0,187,171,0,0,171,164,,16,0,0,16,7
2020-08-10,US,Puerto Rico,San German,146,0,0,18.111484,-67.03858100000001,72125.0,410.95504827314437,0.0,146,142,0,0,142,140,,4,0,0,4,2
2020-08-10,US,Puerto Rico,San Juan,3361,0,0,18.386933,-66.061128,72127.0,850.1844047697342,0.0,3361,3274,0,0,3274,3133,,87,0,0,87,141
2020-08-10,US,Puerto Rico,San Lorenzo,179,0,0,18.147987,-65.976392,72129.0,435.96862974329,0.0,179,174,0,0,174,169,,5,0,0,5,5
2020-08-10,US,Puerto Rico,San Sebastian,236,0,0,18.328646,-66.971214,72131.0,556.2102286118312,0.0,236,231,0,0,231,220,,5,0,0,5,11
2020-08-10,US,Puerto Rico,Santa Isabel,98,0,0,17.994525,-66.388913,72133.0,421.0707226948526,0.0,98,94,0,0,94,94,,4,0,0,4,0
2020-08-10,US,Puerto Rico,Toa Alta,595,0,0,18.362406,-66.246616,72135.0,803.3375637944536,0.0,595,578,0,0,578,563,,17,0,0,17,15
2020-08-10,US,Puerto Rico,Toa Baja,543,0,0,18.431446,-66.213553,72137.0,605.9659186019261,0.0,543,520,0,0,520,511,,23,0,0,23,9
2020-08-10,US,Puerto Rico,Trujillo Alto,514,0,0,18.336159,-65.99888399999999,72139.0,686.7801501830522,0.0,514,501,0,0,501,481,,13,0,0,13,20
2020-08-10,US,Puerto Rico,Unassigned,550,279,0,0.0,0.0,72999.0,0.0,50.72727272727273,271,512,279,0,233,517,,38,0,0,38,-5
2020-08-10,US,Puerto Rico,Utuado,75,0,0,18.271214,-66.702984,72141.0,226.25116896437302,0.0,75,68,0,0,68,60,,7,0,0,7,8
2020-08-10,US,Puerto Rico,Vega Alta,250,0,0,18.409346,-66.33725,72143.0,625.7665640409501,0.0,250,242,0,0,242,224,,8,0,0,8,18
2020-08-10,US,Puerto Rico,Vega Baja,418,0,0,18.428262,-66.397924,72145.0,700.6134558010124,0.0,418,406,0,0,406,393,,12,0,0,12,13
2020-08-10,US,Puerto Rico,Vieques,60,0,0,18.123276,-65.44097099999999,72147.0,645.0919255993979,0.0,60,59,0,0,59,57,,1,0,0,1,2
2020-08-10,US,Puerto Rico,Villalba,81,0,0,18.127951,-66.473115,72149.0,310.66620642043495,0.0,81,80,0,0,80,78,,1,0,0,1,2
2020-08-10,US,Puerto Rico,Yabucoa,126,0,0,18.070399,-65.896289,72151.0,332.0945678817111,0.0,126,118,0,0,118,116,,8,0,0,8,2
2020-08-10,US,Puerto Rico,Yauco,255,0,0,18.080374,-66.858814,72153.0,606.5218942511239,0.0,255,241,0,0,241,237,,14,0,0,14,4
2020-08-10,US,Rhode Island,Bristol,316,0,0,41.71018079,-71.28652315,44001.0,651.8286268281113,0.0,316,316,0,0,316,316,48649,0,0,0,0,0
2020-08-10,US,Rhode Island,Kent,1494,0,0,41.67106337,-71.57641596,44003.0,909.3565115769484,0.0,1494,1494,0,0,1494,1494,163861,0,0,0,0,0
2020-08-10,US,Rhode Island,Newport,396,0,0,41.5642026,-71.26569799,44005.0,482.44438488340927,0.0,396,396,0,0,396,396,82542,0,0,0,0,0
2020-08-10,US,Rhode Island,Providence,15047,0,0,41.87064746,-71.57753536,44007.0,2355.027381673452,0.0,15047,15047,0,0,15047,15047,636084,0,0,0,0,0
2020-08-10,US,Rhode Island,Unassigned,2074,1015,0,0.0,0.0,90044.0,0.0,48.939247830279655,1059,1878,1014,0,864,1878,,196,1,0,195,0
2020-08-10,US,Rhode Island,Washington,607,0,0,41.45961631,-71.61435303,44009.0,483.3687697587934,0.0,607,607,0,0,607,607,126179,0,0,0,0,0
2020-08-10,US,South Carolina,Abbeville,335,9,0,34.22333378,-82.46170658,45001.0,1365.8417254454275,2.6865671641791047,326,335,9,0,326,325,24541,0,0,0,0,10
2020-08-10,US,South Carolina,Aiken,1883,38,0,33.54338026,-81.63645384,45003.0,1101.9944753967882,2.01805629314923,1845,1868,38,0,1830,1843,169401,15,0,0,15,25
2020-08-10,US,South Carolina,Allendale,228,3,0,32.98837386,-81.35321066,45005.0,2624.309392265193,1.3157894736842106,225,221,3,0,218,216,8903,7,0,0,7,5
2020-08-10,US,South Carolina,Anderson,2350,63,0,34.51828081,-82.63959517,45007.0,1160.161533980391,2.6808510638297878,2287,2335,63,0,2272,2321,200482,15,0,0,15,14
2020-08-10,US,South Carolina,Bamberg,479,22,0,33.21927586,-81.05659969,45009.0,3405.3746623062707,4.592901878914405,457,473,22,0,451,468,14275,6,0,0,6,5
2020-08-10,US,South Carolina,Barnwell,420,5,0,33.26679302,-81.43584352,45011.0,2012.8438608262243,1.1904761904761905,415,413,5,0,408,409,21112,7,0,0,7,4
2020-08-10,US,South Carolina,Beaufort,4131,56,0,32.39226291,-80.72619758,45013.0,2150.1962294791847,1.3556039699830549,4075,4105,56,0,4049,4046,188715,26,0,0,26,59
2020-08-10,US,South Carolina,Berkeley,4186,67,0,33.20222596,-79.94654523,45015.0,1836.71409829448,1.6005733397037745,4119,4158,66,0,4092,4133,221091,28,1,0,27,25
2020-08-10,US,South Carolina,Calhoun,383,11,0,33.66926881,-80.77722168,45017.0,2631.7597746169176,2.8720626631853787,372,380,11,0,369,374,14520,3,0,0,3,6
2020-08-10,US,South Carolina,Charleston,12377,196,0,32.82487866,-79.96512315,45019.0,3008.4636587701684,1.5835824513209986,12181,12324,194,0,12130,12213,405905,53,2,0,51,111
2020-08-10,US,South Carolina,Cherokee,641,28,0,35.05122251,-81.61828622,45021.0,1118.6736474694592,4.3681747269890785,613,638,28,0,610,630,57078,3,0,0,3,8
2020-08-10,US,South Carolina,Chester,671,14,0,34.69249168,-81.1583216,45023.0,2081.0073191911674,2.0864381520119224,657,665,14,0,651,654,32251,6,0,0,6,11
2020-08-10,US,South Carolina,Chesterfield,777,21,0,34.64137396,-80.15640140000002,45025.0,1702.081051478642,2.702702702702702,756,769,21,0,748,758,45754,8,0,0,8,11
2020-08-10,US,South Carolina,Clarendon,846,52,0,33.66610974,-80.21647898,45027.0,2507.038079715513,6.1465721040189125,794,838,52,0,786,836,33700,8,0,0,8,2
2020-08-10,US,South Carolina,Colleton,825,34,0,32.87582989,-80.67641292,45029.0,2189.6647822278837,4.121212121212121,791,814,34,0,780,807,37660,11,0,0,11,7
2020-08-10,US,South Carolina,Darlington,1312,36,0,34.33358335,-79.96027485,45031.0,1969.4376895133448,2.7439024390243905,1276,1295,35,0,1260,1261,66802,17,1,0,16,34
2020-08-10,US,South Carolina,Dillon,644,25,0,34.39007791,-79.37741872,45033.0,2112.930214245874,3.881987577639752,619,642,24,0,618,634,30599,2,1,0,1,8
2020-08-10,US,South Carolina,Dorchester,3135,47,0,33.0794369,-80.40502652,45035.0,1925.5692252885285,1.4992025518341308,3088,3113,47,0,3066,3070,160647,22,0,0,22,43
2020-08-10,US,South Carolina,Edgefield,332,7,0,33.77221995,-81.96231108,45037.0,1217.9016874541453,2.108433734939759,325,330,7,0,323,318,27052,2,0,0,2,12
2020-08-10,US,South Carolina,Fairfield,573,23,0,34.39287073,-81.1195624,45039.0,2564.102564102564,4.013961605584642,550,567,23,0,544,564,22402,6,0,0,6,3
2020-08-10,US,South Carolina,Florence,3480,116,0,34.02361754,-79.70189312,45041.0,2516.396346886683,3.333333333333333,3364,3436,115,0,3321,3371,138159,44,1,0,43,65
2020-08-10,US,South Carolina,Georgetown,1461,19,0,33.43443342,-79.33202141,45043.0,2330.887045309509,1.3004791238877482,1442,1454,19,0,1435,1446,62249,7,0,0,7,8
2020-08-10,US,South Carolina,Greenville,11001,208,0,34.89502264,-82.37295012,45045.0,2101.2640819647713,1.890737205708572,10793,10916,208,0,10708,10819,514213,85,0,0,85,97
2020-08-10,US,South Carolina,Greenwood,1416,18,0,34.15272415,-82.12715789,45047.0,1999.6893138071769,1.2711864406779658,1398,1390,18,0,1372,1375,70741,26,0,0,26,15
2020-08-10,US,South Carolina,Hampton,441,11,0,32.77419582,-81.13845571,45049.0,2294.246176256373,2.4943310657596367,430,432,9,0,423,421,19351,9,2,0,7,11
2020-08-10,US,South Carolina,Horry,8625,156,0,33.9212828,-78.99555293,45051.0,2435.8833148347408,1.808695652173913,8469,8594,153,0,8441,8555,344147,31,3,0,28,39
2020-08-10,US,South Carolina,Jasper,597,16,0,32.43171982,-81.02487495,45053.0,1985.1694210753835,2.680067001675042,581,594,15,0,579,578,28971,3,1,0,2,16
2020-08-10,US,South Carolina,Kershaw,1407,25,0,34.33988254,-80.58763164,45055.0,2114.168081621613,1.7768301350390905,1382,1394,25,0,1369,1390,65592,13,0,0,13,4
2020-08-10,US,South Carolina,Lancaster,1227,26,0,34.68270843,-80.70513032,45057.0,1251.887523976656,2.1189894050529747,1201,1209,25,0,1184,1181,95380,18,1,0,17,28
2020-08-10,US,South Carolina,Laurens,1340,46,0,34.48244419,-82.00490796,45059.0,1985.391077593232,3.4328358208955225,1294,1330,46,0,1284,1311,66994,10,0,0,10,19
2020-08-10,US,South Carolina,Lee,566,29,0,34.16393091,-80.25690731,45061.0,3363.441882576658,5.123674911660777,537,562,29,0,533,561,17142,4,0,0,4,1
2020-08-10,US,South Carolina,Lexington,4980,111,0,33.89665987,-81.27146426,45063.0,1666.9456066945606,2.2289156626506026,4869,4955,110,0,4845,4923,295032,25,1,0,24,32
2020-08-10,US,South Carolina,Marion,558,13,0,34.07859748,-79.36400756,45067.0,1820.1389568450925,2.3297491039426523,545,554,13,0,541,549,31039,4,0,0,4,5
2020-08-10,US,South Carolina,Marlboro,507,4,0,34.59905577,-79.67561152,45069.0,1941.189983919136,0.7889546351084813,503,497,4,0,493,489,26398,10,0,0,10,8
2020-08-10,US,South Carolina,McCormick,120,2,0,33.90161443,-82.30794338,45065.0,1268.096798055585,1.6666666666666667,118,118,2,0,116,116,9410,2,0,0,2,2
2020-08-10,US,South Carolina,Newberry,854,10,0,34.28629098,-81.59935761,45071.0,2221.6441207075964,1.17096018735363,844,845,10,0,835,841,38520,9,0,0,9,4
2020-08-10,US,South Carolina,Oconee,839,10,0,34.75225169,-83.06742317,45073.0,1054.7356246700024,1.1918951132300355,829,827,9,0,818,815,78374,12,1,0,11,12
2020-08-10,US,South Carolina,Orangeburg,2441,65,0,33.4391073,-80.79886287,45075.0,2832.608064984044,2.662843097091356,2376,2420,64,0,2356,2383,86934,21,1,0,20,37
2020-08-10,US,South Carolina,Pickens,1863,27,0,34.88807695,-82.72791551,45077.0,1468.270231077205,1.4492753623188406,1836,1850,27,0,1823,1841,124937,13,0,0,13,9
2020-08-10,US,South Carolina,Richland,8836,153,0,34.01791263,-80.90267209,45079.0,2125.269687487222,1.7315527387958352,8683,8774,152,0,8622,8707,414576,62,1,0,61,67
2020-08-10,US,South Carolina,Saluda,459,8,0,34.00795823,-81.72713237,45081.0,2241.977238313877,1.7429193899782136,451,458,8,0,450,452,20544,1,0,0,1,6
2020-08-10,US,South Carolina,Spartanburg,4100,103,0,34.92960077,-81.99225984,45083.0,1282.1114186093782,2.5121951219512195,3997,4080,103,0,3977,4057,313888,20,0,0,20,23
2020-08-10,US,South Carolina,Sumter,2539,51,0,33.91826534,-80.37942316,45085.0,2379.100645608643,2.0086648286727056,2488,2517,51,0,2466,2515,106512,22,0,0,22,2
2020-08-10,US,South Carolina,Union,364,4,0,34.68835752,-81.61730349,45087.0,1332.5523502709034,1.0989010989010992,360,362,4,0,358,360,27410,2,0,0,2,2
2020-08-10,US,South Carolina,Williamsburg,1020,31,0,33.62190129,-79.72767442,45089.0,3358.7987355110645,3.0392156862745097,989,1016,31,0,985,993,30606,4,0,0,4,23
2020-08-10,US,South Carolina,York,3590,29,0,34.97281497,-81.18085944,45091.0,1277.6755558244565,0.807799442896936,3561,3568,29,0,3539,3531,274118,22,0,0,22,37
2020-08-10,US,South Dakota,Aurora,38,0,0,43.71757685,-98.56050467,46003.0,1381.315885132679,0.0,38,38,0,0,38,38,2801,0,0,0,0,0
2020-08-10,US,South Dakota,Beadle,594,9,0,44.41464384,-98.27858469,46005.0,3218.9887823118193,1.5151515151515151,585,593,9,0,584,591,18883,1,0,0,1,2
2020-08-10,US,South Dakota,Bennett,6,0,0,43.19486375,-101.6665572,46007.0,178.30609212481426,0.0,6,6,0,0,6,6,3468,0,0,0,0,0
2020-08-10,US,South Dakota,Bon Homme,13,0,0,42.98914167,-97.88592746,46009.0,188.37849587016373,0.0,13,13,0,0,13,13,6980,0,0,0,0,0
2020-08-10,US,South Dakota,Brookings,139,1,0,44.36974375,-96.79079945,46011.0,396.2710608090772,0.7194244604316546,138,137,1,0,136,133,35232,2,0,0,2,4
2020-08-10,US,South Dakota,Brown,446,3,0,45.58994323,-98.35165355,46013.0,1148.3302865676253,0.672645739910314,443,442,3,0,439,436,39316,4,0,0,4,6
2020-08-10,US,South Dakota,Brule,45,0,0,43.71756379,-99.08118954,46015.0,849.5374740419105,0.0,45,45,0,0,45,45,5229,0,0,0,0,0
2020-08-10,US,South Dakota,Buffalo,109,3,0,44.07657829,-99.20814467,46017.0,5555.555555555556,2.7522935779816518,106,109,3,0,106,109,2036,0,0,0,0,0
2020-08-10,US,South Dakota,Butte,18,1,0,44.90608745,-103.5079318,46019.0,172.59564675424298,5.5555555555555545,17,17,1,0,16,14,10222,1,0,0,1,3
2020-08-10,US,South Dakota,Campbell,3,0,0,45.77074915,-100.0510181,46021.0,218.02325581395348,0.0,3,3,0,0,3,3,1377,0,0,0,0,0
2020-08-10,US,South Dakota,Charles Mix,104,0,0,43.20660134,-98.58856175,46023.0,1119.2423590185106,0.0,104,105,0,0,105,101,9338,-1,0,0,-1,4
2020-08-10,US,South Dakota,Clark,16,0,0,44.85834507,-97.72925109,46025.0,428.2655246252677,0.0,16,16,0,0,16,16,3739,0,0,0,0,0
2020-08-10,US,South Dakota,Clay,130,0,0,42.91296147,-96.97656917,46027.0,923.951670220327,0.0,130,128,0,0,128,124,14041,2,0,0,2,4
2020-08-10,US,South Dakota,Codington,137,1,0,44.97788119,-97.18827677,46029.0,489.1284944125103,0.7299270072992701,136,133,1,0,132,129,28015,4,0,0,4,4
2020-08-10,US,South Dakota,Corson,34,0,0,45.70889983,-101.1970473,46031.0,832.1096426823299,0.0,34,33,0,0,33,32,4165,1,0,0,1,1
2020-08-10,US,South Dakota,Custer,36,0,0,43.67741105,-103.45345209999999,46033.0,401.2483281319661,0.0,36,35,0,0,35,32,8726,1,0,0,1,3
2020-08-10,US,South Dakota,Davison,97,1,0,43.67490933,-98.14458906,46035.0,490.5183312262958,1.0309278350515465,96,97,1,0,96,94,19790,0,0,0,0,3
2020-08-10,US,South Dakota,Day,23,0,0,45.367281,-97.60737498,46037.0,424.04129793510316,0.0,23,23,0,0,23,23,5505,0,0,0,0,0
2020-08-10,US,South Dakota,Deuel,11,0,0,44.75994309,-96.66943645,46039.0,252.8154447253505,0.0,11,11,0,0,11,10,4337,0,0,0,0,1
2020-08-10,US,South Dakota,Dewey,48,0,0,45.15639647,-100.8709139,46041.0,814.6639511201628,0.0,48,48,0,0,48,49,5904,0,0,0,0,-1
2020-08-10,US,South Dakota,Douglas,17,0,0,43.38520741,-98.36978007,46043.0,581.9924683327628,0.0,17,17,0,0,17,17,2935,0,0,0,0,0
2020-08-10,US,South Dakota,Edmunds,16,0,0,45.41846445,-99.21545423,46045.0,417.86367197701753,0.0,16,15,0,0,15,14,3875,1,0,0,1,1
2020-08-10,US,South Dakota,Fall River,22,0,0,43.23929297,-103.5275691,46047.0,327.7223298078356,0.0,22,22,0,0,22,22,6758,0,0,0,0,0
2020-08-10,US,South Dakota,Faulk,27,1,0,45.07082625,-99.14535601,46049.0,1174.42366246194,3.703703703703704,26,26,1,0,25,26,2330,1,0,0,1,0
2020-08-10,US,South Dakota,Grant,27,0,0,45.1723937,-96.77002276,46051.0,382.8701077708452,0.0,27,26,0,0,26,26,7147,1,0,0,1,0
2020-08-10,US,South Dakota,Gregory,7,0,0,43.19419064,-99.18883902,46053.0,167.26403823178018,0.0,7,7,0,0,7,7,4212,0,0,0,0,0
2020-08-10,US,South Dakota,Haakon,2,0,0,44.29299053,-101.539099,46055.0,105.318588730911,0.0,2,2,0,0,2,2,1918,0,0,0,0,0
2020-08-10,US,South Dakota,Hamlin,22,0,0,44.67385954,-97.18829593,46057.0,356.91109669046074,0.0,22,21,0,0,21,18,6111,1,0,0,1,3
2020-08-10,US,South Dakota,Hand,8,0,0,44.54708407,-99.00386459,46059.0,250.70510811657783,0.0,8,7,0,0,7,7,3262,1,0,0,1,0
2020-08-10,US,South Dakota,Hanson,21,0,0,43.6746384,-97.78715148,46061.0,608.1668114682883,0.0,21,21,0,0,21,21,3376,0,0,0,0,0
2020-08-10,US,South Dakota,Hughes,93,2,0,44.39091534,-99.99661148,46065.0,530.640191715166,2.150537634408602,91,93,2,0,91,92,17650,0,0,0,0,1
2020-08-10,US,South Dakota,Hutchinson,29,0,0,43.33449012,-97.75536441,46067.0,397.750651488136,0.0,29,29,0,0,29,28,7380,0,0,0,0,1
2020-08-10,US,South Dakota,Hyde,3,0,0,44.54747703,-99.48572582,46069.0,230.59185242121444,0.0,3,3,0,0,3,3,1282,0,0,0,0,0
2020-08-10,US,South Dakota,Jackson,11,1,0,43.69318385,-101.6255063,46071.0,328.9473684210526,9.090909090909092,10,11,1,0,10,11,3307,0,0,0,0,0
2020-08-10,US,South Dakota,Jerauld,39,1,0,44.06637798,-98.62965972,46073.0,1937.4068554396426,2.5641025641025643,38,39,1,0,38,39,2043,0,0,0,0,0
2020-08-10,US,South Dakota,Jones,2,0,0,43.96278565,-100.6940008,46075.0,221.4839424141749,0.0,2,2,0,0,2,2,928,0,0,0,0,0
2020-08-10,US,South Dakota,Kingsbury,14,0,0,44.36956169,-97.4913945,46077.0,283.4581899169873,0.0,14,14,0,0,14,14,4919,0,0,0,0,0
2020-08-10,US,South Dakota,Lake,94,2,0,44.02193107,-97.12926365,46079.0,734.5471594905057,2.127659574468085,92,94,2,0,92,91,13057,0,0,0,0,3
2020-08-10,US,South Dakota,Lawrence,60,0,0,44.35919441,-103.79294279999999,46081.0,232.16220399318988,0.0,60,55,0,0,55,52,25741,5,0,0,5,3
2020-08-10,US,South Dakota,Lincoln,642,2,0,43.27841182,-96.72039050000001,46083.0,1050.255202198665,0.3115264797507788,640,638,2,0,636,621,58807,4,0,0,4,17
2020-08-10,US,South Dakota,Lyman,90,2,0,43.89522709,-99.85201878,46085.0,2380.322665961386,2.2222222222222223,88,90,2,0,88,89,3821,0,0,0,0,1
2020-08-10,US,South Dakota,Marshall,9,0,0,45.75870838,-97.59855639,46091.0,182.370820668693,0.0,9,9,0,0,9,9,5112,0,0,0,0,0
2020-08-10,US,South Dakota,McCook,29,1,0,43.6742571,-97.36863144,46087.0,519.1550304332259,3.4482758620689653,28,28,1,0,27,27,5546,1,0,0,1,1
2020-08-10,US,South Dakota,McPherson,8,0,0,45.76626028,-99.22118798,46089.0,336.27574611181166,0.0,8,8,0,0,8,8,2407,0,0,0,0,0
2020-08-10,US,South Dakota,Meade,94,1,0,44.56676791,-102.71627409999999,46093.0,331.7803190738388,1.0638297872340423,93,94,1,0,93,91,28294,0,0,0,0,3
2020-08-10,US,South Dakota,Mellette,24,0,0,43.58078848,-100.7563186,46095.0,1164.4832605531294,0.0,24,24,0,0,24,24,2042,0,0,0,0,0
2020-08-10,US,South Dakota,Miner,15,0,0,44.02197882,-97.60992207,46097.0,676.8953068592058,0.0,15,15,0,0,15,15,2213,0,0,0,0,0
2020-08-10,US,South Dakota,Minnehaha,4437,68,0,43.67441641,-96.7910885,46099.0,2297.3686663145795,1.5325670498084292,4369,4422,68,0,4354,4376,192876,15,0,0,15,46
2020-08-10,US,South Dakota,Moody,32,0,0,44.02266214,-96.67081159,46101.0,486.61800486618006,0.0,32,32,0,0,32,32,6579,0,0,0,0,0
2020-08-10,US,South Dakota,Oglala Lakota,156,2,0,43.33749164,-102.55554980000001,46102.0,1100.3738449601467,1.2820512820512822,154,155,2,0,153,154,14309,1,0,0,1,1
2020-08-10,US,South Dakota,Pennington,896,32,0,44.0025835,-102.8240777,46103.0,787.5192265436168,3.571428571428572,864,891,32,0,859,881,111729,5,0,0,5,10
2020-08-10,US,South Dakota,Perkins,6,0,0,45.49049506,-102.47555859999999,46105.0,209.42408376963348,0.0,6,6,0,0,6,6,2922,0,0,0,0,0
2020-08-10,US,South Dakota,Potter,1,0,0,45.06583079,-99.95498503,46107.0,46.44681839294008,0.0,1,1,0,0,1,1,2207,0,0,0,0,0
2020-08-10,US,South Dakota,Roberts,80,1,0,45.62975048,-96.94672673,46109.0,769.6748123917645,1.25,79,80,1,0,79,81,10447,0,0,0,0,-1
2020-08-10,US,South Dakota,Sanborn,13,0,0,44.02351092,-98.09098159999999,46111.0,554.6075085324234,0.0,13,13,0,0,13,13,2429,0,0,0,0,0
2020-08-10,US,South Dakota,Spink,26,0,0,44.93837606,-98.34626602,46115.0,407.7791718946048,0.0,26,25,0,0,25,24,6495,1,0,0,1,1
2020-08-10,US,South Dakota,Stanley,14,0,0,44.41381872,-100.7349153,46117.0,451.9044544867656,0.0,14,14,0,0,14,14,3022,0,0,0,0,0
2020-08-10,US,South Dakota,Sully,3,0,0,44.71571812,-100.1278092,46119.0,215.67217828900073,0.0,3,3,0,0,3,3,1392,0,0,0,0,0
2020-08-10,US,South Dakota,Todd,69,5,0,43.19338568,-100.71955030000001,46121.0,677.9994104352952,7.246376811594202,64,69,5,0,64,69,10283,0,0,0,0,0
2020-08-10,US,South Dakota,Tripp,20,0,0,43.34459388,-99.8854891,46123.0,367.5794890645102,0.0,20,20,0,0,20,20,5478,0,0,0,0,0
2020-08-10,US,South Dakota,Turner,52,0,0,43.3109081,-97.14865776,46125.0,620.2290076335877,0.0,52,51,0,0,51,51,8424,1,0,0,1,0
2020-08-10,US,South Dakota,Union,216,4,0,42.83112163,-96.6557828,46127.0,1355.7619884509165,1.851851851851852,212,214,4,0,210,213,15619,2,0,0,2,1
2020-08-10,US,South Dakota,Walworth,18,0,0,45.43019636,-100.03075140000001,46129.0,331.1867525298988,0.0,18,18,0,0,18,18,5587,0,0,0,0,0
2020-08-10,US,South Dakota,Yankton,117,2,0,43.00924485,-97.39467635,46135.0,512.8429911457877,1.709401709401709,115,114,2,0,112,113,22869,3,0,0,3,1
2020-08-10,US,South Dakota,Ziebach,35,0,0,44.97881876,-101.6654622,46137.0,1269.956458635704,0.0,35,35,0,0,35,34,2742,0,0,0,0,1
2020-08-10,US,Tennessee,Anderson,693,6,0,36.12684348,-84.19965764,47001.0,900.2572163475279,0.8658008658008658,687,684,6,0,678,676,76482,9,0,0,9,8
2020-08-10,US,Tennessee,Bedford,928,11,0,35.51123746,-86.45549096,47003.0,1866.714943777281,1.1853448275862069,917,928,11,0,917,918,49038,0,0,0,0,10
2020-08-10,US,Tennessee,Benton,159,1,0,36.07110411,-88.06849355,47005.0,983.9108910891088,0.6289308176100629,158,155,1,0,154,148,16184,4,0,0,4,7
2020-08-10,US,Tennessee,Bledsoe,708,1,0,35.59942968,-85.20611967,47007.0,4699.946893255444,0.14124293785310735,707,705,1,0,704,695,14755,3,0,0,3,10
2020-08-10,US,Tennessee,Blount,1314,11,0,35.68938198,-83.92847788,47009.0,987.3166626592932,0.837138508371385,1303,1303,11,0,1292,1277,131349,11,0,0,11,26
2020-08-10,US,Tennessee,Bradley,1956,13,0,35.15739424,-84.857186,47011.0,1809.2683378040883,0.6646216768916156,1943,1943,12,0,1931,1903,106727,13,1,0,12,40
2020-08-10,US,Tennessee,Campbell,254,1,0,36.40355516,-84.15108559999999,47013.0,637.5181968776668,0.3937007874015748,253,248,1,0,247,247,39583,6,0,0,6,1
2020-08-10,US,Tennessee,Cannon,151,0,0,35.80990797,-86.05738983,47015.0,1028.7505109687968,0.0,151,147,0,0,147,143,14462,4,0,0,4,4
2020-08-10,US,Tennessee,Carroll,325,3,0,35.97366108,-88.45189331,47017.0,1170.4541362048476,0.9230769230769232,322,314,3,0,311,296,28020,11,0,0,11,18
2020-08-10,US,Tennessee,Carter,524,6,0,36.28969086,-82.12588974,47019.0,929.2262949761487,1.1450381679389312,518,522,6,0,516,512,56351,2,0,0,2,10
2020-08-10,US,Tennessee,Cheatham,599,7,0,36.26136216,-87.08903581,47021.0,1472.938746403718,1.1686143572621035,592,595,7,0,588,578,40439,4,0,0,4,17
2020-08-10,US,Tennessee,Chester,223,2,0,35.42527478,-88.6095842,47023.0,1289.2409088281206,0.8968609865470852,221,221,2,0,219,217,17276,2,0,0,2,4
2020-08-10,US,Tennessee,Claiborne,276,0,0,36.48319149,-83.65947309,47025.0,863.6064958227727,0.0,276,272,0,0,272,266,31756,4,0,0,4,6
2020-08-10,US,Tennessee,Clay,78,0,0,36.55151008,-85.53930419,47027.0,1024.294156270519,0.0,78,76,0,0,76,75,7717,2,0,0,2,1
2020-08-10,US,Tennessee,Cocke,478,3,0,35.9278914,-83.11828725,47029.0,1327.6302633040773,0.6276150627615062,475,475,2,0,473,457,35774,3,1,0,2,18
2020-08-10,US,Tennessee,Coffee,548,3,0,35.49090731,-86.07311784,47031.0,969.5682944090587,0.5474452554744526,545,545,3,0,542,522,55700,3,0,0,3,23
2020-08-10,US,Tennessee,Crockett,269,5,0,35.81830662,-89.14916269,47033.0,1890.3724525650034,1.858736059479554,264,269,5,0,264,266,14328,0,0,0,0,3
2020-08-10,US,Tennessee,Cumberland,458,6,0,35.95271721,-84.99840585,47035.0,756.7746199603438,1.310043668122271,452,457,6,0,451,450,59673,1,0,0,1,7
2020-08-10,US,Tennessee,Davidson,20722,217,0,36.17007426,-86.78646056,47037.0,2985.259542688549,1.0471962165814108,20505,20620,213,0,20407,20383,692587,102,4,0,98,237
2020-08-10,US,Tennessee,DeKalb,365,2,0,35.97616272,-85.83689361,47041.0,1781.3567593948267,0.547945205479452,363,360,2,0,358,349,20138,5,0,0,5,11
2020-08-10,US,Tennessee,Decatur,216,3,0,35.60048904,-88.11043779,47039.0,1852.010631912887,1.3888888888888888,213,213,3,0,210,198,11706,3,0,0,3,15
2020-08-10,US,Tennessee,Dickson,698,2,0,36.14669837,-87.35891709,47043.0,1293.8385111588934,0.28653295128939826,696,691,2,0,689,679,53446,7,0,0,7,12
2020-08-10,US,Tennessee,Dyer,663,8,0,36.05931946,-89.41542855,47045.0,1784.2245485615865,1.2066365007541475,655,650,8,0,642,628,37320,13,0,0,13,22
2020-08-10,US,Tennessee,Fayette,702,8,0,35.19615831,-89.41399032,47047.0,1706.6588870250164,1.1396011396011396,694,698,8,0,690,686,40507,4,0,0,4,12
2020-08-10,US,Tennessee,Fentress,96,0,0,36.38128818,-84.92870012,47049.0,518.2745775522324,0.0,96,93,0,0,93,92,18217,3,0,0,3,1
2020-08-10,US,Tennessee,Franklin,332,4,0,35.15634626,-86.09201039,47051.0,786.5807429871112,1.2048192771084338,328,330,4,0,326,325,41890,2,0,0,2,5
2020-08-10,US,Tennessee,Gibson,726,6,0,35.99438059,-88.93358327,47053.0,1477.621964870861,0.8264462809917356,720,717,5,0,712,693,49045,9,1,0,8,24
2020-08-10,US,Tennessee,Giles,385,13,0,35.20222469,-87.03992678,47055.0,1306.679337496606,3.3766233766233764,372,381,13,0,368,378,29503,4,0,0,4,3
2020-08-10,US,Tennessee,Grainger,200,0,0,36.27469206,-83.51254721,47057.0,857.6329331046312,0.0,200,197,0,0,197,196,23145,3,0,0,3,1
2020-08-10,US,Tennessee,Greene,504,8,0,36.17470125,-82.84691273,47059.0,729.7050775311645,1.5873015873015872,496,492,8,0,484,467,69087,12,0,0,12,25
2020-08-10,US,Tennessee,Grundy,114,2,0,35.38433717,-85.72142731,47061.0,849.0355254338274,1.7543859649122806,112,114,2,0,112,113,13346,0,0,0,0,1
2020-08-10,US,Tennessee,Hamblen,1405,14,0,36.21990035,-83.26586179,47063.0,2163.7354852619587,0.99644128113879,1391,1396,14,0,1382,1383,64569,9,0,0,9,13
2020-08-10,US,Tennessee,Hamilton,6220,53,0,35.17670231,-85.16652245,47065.0,1691.11809550739,0.8520900321543409,6167,6132,53,0,6079,6062,364286,88,0,0,88,70
2020-08-10,US,Tennessee,Hancock,81,2,0,36.52692871,-83.22375847,47067.0,1223.5649546827794,2.469135802469136,79,80,2,0,78,78,6549,1,0,0,1,2
2020-08-10,US,Tennessee,Hardeman,930,17,0,35.20772017,-88.99161161,47069.0,3712.574850299401,1.827956989247312,913,917,17,0,900,898,25220,13,0,0,13,19
2020-08-10,US,Tennessee,Hardin,482,8,0,35.19732531,-88.18593755,47071.0,1878.9957898019647,1.6597510373443984,474,471,8,0,463,462,25776,11,0,0,11,9
2020-08-10,US,Tennessee,Hawkins,483,7,0,36.44355426,-82.94885298,47073.0,850.5617581798331,1.4492753623188406,476,472,7,0,465,451,56530,11,0,0,11,21
2020-08-10,US,Tennessee,Haywood,510,6,0,35.58332824,-89.28536625,47075.0,2947.2954230235773,1.1764705882352942,504,500,6,0,494,463,17335,10,0,0,10,37
2020-08-10,US,Tennessee,Henderson,604,3,0,35.65581134,-88.38600175,47077.0,2148.1665896077106,0.4966887417218543,601,593,2,0,591,563,27847,11,1,0,10,30
2020-08-10,US,Tennessee,Henry,290,0,0,36.33160906,-88.30121797,47079.0,896.5837069098778,0.0,290,288,0,0,288,276,32358,2,0,0,2,12
2020-08-10,US,Tennessee,Hickman,273,0,0,35.80609681,-87.47643507,47081.0,1084.2799269203274,0.0,273,268,0,0,268,259,25063,5,0,0,5,9
2020-08-10,US,Tennessee,Houston,59,0,0,36.28872054,-87.71878828,47083.0,719.4244604316548,0.0,59,59,0,0,59,57,8263,0,0,0,0,2
2020-08-10,US,Tennessee,Humphreys,128,3,0,36.03958805,-87.77992872,47085.0,688.8386610698525,2.34375,125,124,3,0,121,120,18486,4,0,0,4,4
2020-08-10,US,Tennessee,Jackson,129,1,0,36.36380466,-85.67239905,47087.0,1094.5189207534365,0.7751937984496124,128,127,1,0,126,124,11758,2,0,0,2,3
2020-08-10,US,Tennessee,Jefferson,584,4,0,36.04818632,-83.45148924,47089.0,1071.657950270667,0.6849315068493149,580,568,4,0,564,559,54012,16,0,0,16,9
2020-08-10,US,Tennessee,Johnson,285,0,0,36.45523950000001,-81.84886538,47091.0,1602.2037328536096,0.0,285,280,0,0,280,265,17778,5,0,0,5,15
2020-08-10,US,Tennessee,Knox,4685,40,0,35.99508821,-83.94635435,47093.0,996.1451203772807,0.8537886872998933,4645,4600,39,0,4561,4513,465289,85,1,0,84,87
2020-08-10,US,Tennessee,Lake,792,0,0,36.34180170000001,-89.48921915,47095.0,11288.4834663626,0.0,792,787,0,0,787,782,7411,5,0,0,5,5
2020-08-10,US,Tennessee,Lauderdale,514,8,0,35.75893438,-89.63015909999999,47097.0,2005.2276362501466,1.5564202334630348,506,508,8,0,500,489,25825,6,0,0,6,19
2020-08-10,US,Tennessee,Lawrence,575,6,0,35.21675201,-87.39787695,47099.0,1302.614290245118,1.0434782608695652,569,562,6,0,556,550,43734,13,0,0,13,12
2020-08-10,US,Tennessee,Lewis,74,1,0,35.52853208,-87.49022694,47101.0,603.1953048581677,1.351351351351351,73,75,1,0,74,73,12086,-1,0,0,-1,2
2020-08-10,US,Tennessee,Lincoln,309,1,0,35.13738622,-86.58910106,47103.0,899.1445032881337,0.32362459546925565,308,302,1,0,301,280,34117,7,0,0,7,22
2020-08-10,US,Tennessee,Loudon,749,3,0,35.73939663,-84.31145275,47105.0,1385.2925945106165,0.4005340453938585,746,742,3,0,739,725,53054,7,0,0,7,17
2020-08-10,US,Tennessee,Macon,860,13,0,36.53157855,-86.00778595,47111.0,3495.650760100805,1.5116279069767442,847,860,13,0,847,858,24265,0,0,0,0,2
2020-08-10,US,Tennessee,Madison,1160,18,0,35.61181957,-88.84076036,47113.0,1183.866753755715,1.5517241379310345,1142,1102,17,0,1085,1064,97605,58,1,0,57,38
2020-08-10,US,Tennessee,Marion,227,4,0,35.12997174,-85.62265895,47115.0,785.2769225447122,1.7621145374449338,223,224,4,0,220,222,28575,3,0,0,3,2
2020-08-10,US,Tennessee,Marshall,304,4,0,35.45798777,-86.76420988,47117.0,884.3636363636364,1.3157894736842106,300,301,3,0,298,290,33683,3,1,0,2,11
2020-08-10,US,Tennessee,Maury,1272,7,0,35.618741299999996,-87.07462444,47119.0,1319.6800398393975,0.5503144654088051,1265,1257,7,0,1250,1225,94340,15,0,0,15,32
2020-08-10,US,Tennessee,McMinn,553,20,0,35.42812616,-84.61520715,47107.0,1027.9956872513662,3.6166365280289328,533,547,20,0,527,531,53285,6,0,0,6,16
2020-08-10,US,Tennessee,McNairy,381,5,0,35.17468549,-88.5647812,47109.0,1482.8364598739004,1.3123359580052494,376,378,5,0,373,371,25832,3,0,0,3,7
2020-08-10,US,Tennessee,Meigs,106,0,0,35.51558739,-84.81482914,47121.0,853.3247464176462,0.0,106,106,0,0,106,104,12306,0,0,0,0,2
2020-08-10,US,Tennessee,Monroe,452,9,0,35.44550387,-84.24902965,47123.0,971.103233430014,1.9911504424778759,443,444,9,0,435,418,46357,8,0,0,8,26
2020-08-10,US,Tennessee,Montgomery,1952,13,0,36.49609412,-87.38550661,47125.0,934.0025742488983,0.6659836065573771,1939,1939,13,0,1926,1902,205950,13,0,0,13,37
2020-08-10,US,Tennessee,Moore,61,0,0,35.27724699,-86.36230578,47127.0,940.1972872996299,0.0,61,63,0,0,63,61,6411,-2,0,0,-2,2
2020-08-10,US,Tennessee,Morgan,126,1,0,36.13248031,-84.64880098,47129.0,588.7025183385507,0.7936507936507936,125,122,1,0,121,118,21579,4,0,0,4,4
2020-08-10,US,Tennessee,Obion,579,4,0,36.35732446,-89.14921589,47131.0,1925.571186271576,0.690846286701209,575,565,4,0,561,546,30267,14,0,0,14,19
2020-08-10,US,Tennessee,Out of TN,2947,14,0,0.0,0.0,80047.0,0.0,0.4750593824228028,2933,2924,14,0,2910,2860,,23,0,0,23,64
2020-08-10,US,Tennessee,Overton,198,1,0,36.34117832,-85.28989535,47133.0,890.2477406591431,0.5050505050505051,197,195,1,0,194,180,22068,3,0,0,3,15
2020-08-10,US,Tennessee,Perry,81,0,0,35.63708728,-87.86139634,47135.0,1002.9717682020804,0.0,81,81,0,0,81,79,8064,0,0,0,0,2
2020-08-10,US,Tennessee,Pickett,37,1,0,36.55606529,-85.07763299999998,47137.0,732.9635499207608,2.702702702702702,36,35,1,0,34,31,5082,2,0,0,2,4
2020-08-10,US,Tennessee,Polk,207,3,0,35.12245443,-84.52075859,47139.0,1229.8003802281364,1.4492753623188406,204,206,3,0,203,204,16898,1,0,0,1,2
2020-08-10,US,Tennessee,Putnam,1785,18,0,36.14005459,-85.50646123,47141.0,2224.437659667269,1.0084033613445378,1767,1767,18,0,1749,1740,78843,18,0,0,18,27
2020-08-10,US,Tennessee,Rhea,538,2,0,35.60536161,-84.93076643,47143.0,1622.094250309042,0.3717472118959108,536,536,2,0,534,528,33044,2,0,0,2,8
2020-08-10,US,Tennessee,Roane,485,2,0,35.84923189,-84.52458689,47145.0,908.5459518189652,0.4123711340206185,483,475,2,0,473,461,53140,10,0,0,10,14
2020-08-10,US,Tennessee,Robertson,1567,20,0,36.52454807,-86.87346725,47147.0,2182.0561736732902,1.2763241863433312,1547,1558,19,0,1539,1535,71012,9,1,0,8,23
2020-08-10,US,Tennessee,Rutherford,6589,55,0,35.84591405,-86.4107263,47149.0,1982.9363347728606,0.8347245409015025,6534,6553,54,0,6499,6463,324890,36,1,0,35,90
2020-08-10,US,Tennessee,Scott,122,0,0,36.42325673,-84.50360494,47151.0,552.836686605039,0.0,122,119,0,0,119,118,22039,3,0,0,3,1
2020-08-10,US,Tennessee,Sequatchie,106,0,0,35.36979721,-85.41022136,47153.0,705.4438972447757,0.0,106,105,0,0,105,105,14876,1,0,0,1,0
2020-08-10,US,Tennessee,Sevier,1894,7,0,35.78077323,-83.52244332,47155.0,1927.7353689567428,0.3695881731784583,1887,1886,7,0,1879,1850,97892,8,0,0,8,36
2020-08-10,US,Tennessee,Shelby,23485,308,0,35.1864775,-89.89692423,47157.0,2505.959456489032,1.3114754098360657,23177,23238,304,0,22934,22916,935764,247,4,0,243,322
2020-08-10,US,Tennessee,Smith,455,4,0,36.25359775,-85.95411046,47159.0,2257.280349258322,0.8791208791208791,451,452,4,0,448,445,19942,3,0,0,3,7
2020-08-10,US,Tennessee,Stewart,78,0,0,36.50235092,-87.83920548,47161.0,568.7203791469194,0.0,78,74,0,0,74,74,13561,4,0,0,4,0
2020-08-10,US,Tennessee,Sullivan,1037,14,0,36.51240691,-82.30412917,47163.0,654.8867052315154,1.3500482160077143,1023,994,14,0,980,962,157668,43,0,0,43,32
2020-08-10,US,Tennessee,Sumner,3449,72,0,36.46824103,-86.45917204,47165.0,1803.0875718176733,2.0875616120614677,3377,3433,73,0,3360,3404,187149,16,-1,0,17,29
2020-08-10,US,Tennessee,Tipton,1211,10,0,35.501942,-89.73694895,47167.0,1965.9410055358042,0.8257638315441783,1201,1208,10,0,1198,1195,61581,3,0,0,3,13
2020-08-10,US,Tennessee,Trousdale,1583,6,0,36.39026213,-86.16087954,47169.0,14028.71322226161,0.3790271636133923,1577,1583,6,0,1577,1582,11012,0,0,0,0,1
2020-08-10,US,Tennessee,Unassigned,3142,4,0,0.0,0.0,90047.0,0.0,0.1273074474856779,3138,3161,10,0,3151,3128,,-19,-6,0,-13,33
2020-08-10,US,Tennessee,Unicoi,169,0,0,36.10890856,-82.43709629,47171.0,945.0315942515238,0.0,169,166,0,0,166,161,17761,3,0,0,3,5
2020-08-10,US,Tennessee,Union,162,0,0,36.28590426,-83.83651902,47173.0,811.135589825756,0.0,162,160,0,0,160,154,19688,2,0,0,2,6
2020-08-10,US,Tennessee,Van Buren,36,0,0,35.69864497,-85.45221699,47175.0,613.0790190735695,0.0,36,36,0,0,36,36,5765,0,0,0,0,0
2020-08-10,US,Tennessee,Warren,533,4,0,35.672829899999996,-85.77969117,47177.0,1291.2760132761587,0.7504690431519699,529,530,4,0,526,507,40878,3,0,0,3,23
2020-08-10,US,Tennessee,Washington,1277,2,0,36.29472368,-82.49454720000001,47179.0,987.0531400966183,0.15661707126076746,1275,1252,2,0,1250,1225,128607,25,0,0,25,27
2020-08-10,US,Tennessee,Wayne,228,2,0,35.23868267,-87.78644456,47181.0,1367.4803574641635,0.8771929824561403,226,226,2,0,224,225,16558,2,0,0,2,1
2020-08-10,US,Tennessee,Weakley,463,4,0,36.29896232,-88.71990865,47183.0,1389.2222755640905,0.8639308855291576,459,451,4,0,447,421,33415,12,0,0,12,30
2020-08-10,US,Tennessee,White,294,5,0,35.92929884,-85.45591799,47185.0,1075.150850246846,1.7006802721088434,289,293,5,0,288,281,27107,1,0,0,1,12
2020-08-10,US,Tennessee,Williamson,3577,25,0,35.89099229,-86.89281867,47187.0,1500.3439424190058,0.6989097008666479,3552,3551,25,0,3526,3478,231729,26,0,0,26,73
2020-08-10,US,Tennessee,Wilson,2321,23,0,36.15496772,-86.29775884,47189.0,1604.4850923218369,0.9909521757862991,2298,2290,23,0,2267,2262,140625,31,0,0,31,28
2020-08-10,US,Texas,Anderson,2403,14,0,31.81534745,-95.65354823,48001.0,4162.120031176929,0.5826050769870995,2389,2402,14,0,2388,2402,58057,1,0,0,1,0
2020-08-10,US,Texas,Andrews,304,7,0,32.30468633,-102.6376548,48003.0,1625.2338946805667,2.3026315789473686,297,297,7,0,290,297,18128,7,0,0,7,0
2020-08-10,US,Texas,Angelina,1796,45,0,31.25457347,-94.60901487,48005.0,2071.152626419881,2.5055679287305117,1751,1796,45,0,1751,1796,87092,0,0,0,0,0
2020-08-10,US,Texas,Aransas,177,15,0,28.10556197,-96.9995047,48007.0,752.8711186729051,8.474576271186441,162,173,15,0,158,172,23792,4,0,0,4,1
2020-08-10,US,Texas,Archer,21,0,0,33.61569967,-98.68754589,48009.0,245.5278849526482,0.0,21,21,0,0,21,21,8786,0,0,0,0,0
2020-08-10,US,Texas,Armstrong,8,0,0,34.96507426,-101.3574874,48011.0,423.9533651298357,0.0,8,8,0,0,8,8,1892,0,0,0,0,0
2020-08-10,US,Texas,Atascosa,437,18,0,28.89333001,-98.52730485,48013.0,854.2998455613551,4.118993135011442,419,437,18,0,419,437,50310,0,0,0,0,0
2020-08-10,US,Texas,Austin,249,4,0,29.88548725,-96.27736949,48015.0,829.115610015983,1.606425702811245,245,242,4,0,238,230,29989,7,0,0,7,12
2020-08-10,US,Texas,Bailey,171,4,0,34.06854817,-102.8299707,48017.0,2442.857142857143,2.3391812865497075,167,171,4,0,167,171,7027,0,0,0,0,0
2020-08-10,US,Texas,Bandera,91,3,0,29.74619598,-99.24598147,48019.0,393.73485635167884,3.2967032967032965,88,91,3,0,88,91,22824,0,0,0,0,0
2020-08-10,US,Texas,Bastrop,1365,21,0,30.10370699,-97.31206354,48021.0,1538.4962185679026,1.5384615384615383,1344,1363,21,0,1342,1358,86976,2,0,0,2,5
2020-08-10,US,Texas,Baylor,11,0,0,33.61640794,-99.21352901,48023.0,313.47962382445144,0.0,11,11,0,0,11,11,3582,0,0,0,0,0
2020-08-10,US,Texas,Bee,1207,11,0,28.41761668,-97.74215593,48025.0,3706.4332872716095,0.911350455675228,1196,1089,11,0,1078,1073,32587,118,0,0,118,16
2020-08-10,US,Texas,Bell,3831,38,0,31.03736027,-97.4785025,48027.0,1055.592906503841,0.9919081179848604,3793,3831,38,0,3793,3831,355642,0,0,0,0,0
2020-08-10,US,Texas,Bexar,42959,784,0,29.44928723,-98.52019748,48029.0,2144.139863462627,1.8249959263483784,42175,42783,782,0,42001,42531,1986049,176,2,0,174,252
2020-08-10,US,Texas,Blanco,98,5,0,30.26640707,-98.3999852,48031.0,821.3896571955411,5.1020408163265305,93,98,5,0,93,98,11702,0,0,0,0,0
2020-08-10,US,Texas,Bosque,162,2,0,31.89978581,-97.63613524,48035.0,867.005619480867,1.2345679012345678,160,161,2,0,159,161,18691,1,0,0,1,0
2020-08-10,US,Texas,Bowie,764,32,0,33.44626922,-94.41834132,48037.0,819.3468818703418,4.18848167539267,732,764,32,0,732,764,94324,0,0,0,0,0
2020-08-10,US,Texas,Brazoria,7481,93,0,29.18757369,-95.44563172,48039.0,1998.8564222046466,1.2431493115893597,7388,7357,93,0,7264,7215,370200,124,0,0,124,142
2020-08-10,US,Texas,Brazos,4069,49,0,30.663644800000004,-96.30205577,48041.0,1775.220211944453,1.2042270828213322,4020,4055,48,0,4007,4040,226758,14,1,0,13,15
2020-08-10,US,Texas,Brewster,188,2,0,29.81008251,-103.2520326,48043.0,2042.8121264804959,1.0638297872340423,186,188,2,0,186,188,9267,0,0,0,0,0
2020-08-10,US,Texas,Briscoe,12,1,0,34.53026962,-101.2084947,48045.0,776.1966364812421,8.333333333333334,11,12,1,0,11,12,1516,0,0,0,0,0
2020-08-10,US,Texas,Brooks,113,3,0,27.03103197,-98.21808402,48047.0,1593.119977442549,2.6548672566371683,110,113,3,0,110,99,7114,0,0,0,0,14
2020-08-10,US,Texas,Brown,391,16,0,31.77430356,-98.99907113,48049.0,1032.643143883372,4.092071611253196,375,391,16,0,375,391,37924,0,0,0,0,0
2020-08-10,US,Texas,Burleson,242,6,0,30.49273808,-96.62158484,48051.0,1312.1509515805456,2.479338842975207,236,242,6,0,236,240,18389,0,0,0,0,2
2020-08-10,US,Texas,Burnet,563,9,0,30.78801353,-98.181887,48053.0,1169.1413145052436,1.5985790408525755,554,557,9,0,548,552,47542,6,0,0,6,5
2020-08-10,US,Texas,Caldwell,1149,26,0,29.83668859,-97.61814775,48055.0,2631.458409673873,2.2628372497824194,1123,1145,26,0,1119,1136,43247,4,0,0,4,9
2020-08-10,US,Texas,Calhoun,544,5,0,28.47048236,-96.61633945,48057.0,2555.190230155002,0.9191176470588236,539,544,5,0,539,544,21561,0,0,0,0,0
2020-08-10,US,Texas,Callahan,46,3,0,32.29760619,-99.37326312,48059.0,329.9146525138063,6.521739130434782,43,46,3,0,43,46,13994,0,0,0,0,0
2020-08-10,US,Texas,Cameron,16590,430,0,26.14524221,-97.48140372,48061.0,3920.4750887955706,2.5919228450874017,16160,16290,430,0,15860,16290,423908,300,0,0,300,0
2020-08-10,US,Texas,Camp,233,6,0,32.97195142,-94.97790104,48063.0,1779.440965327631,2.5751072961373387,227,233,6,0,227,233,13033,0,0,0,0,0
2020-08-10,US,Texas,Carson,15,0,0,35.40365929,-101.3542669,48065.0,253.12183597705032,0.0,15,15,0,0,15,15,6005,0,0,0,0,0
2020-08-10,US,Texas,Cass,176,8,0,33.07499881,-94.34646905,48067.0,586.1586624925067,4.545454545454546,168,176,8,0,168,174,30119,0,0,0,0,2
2020-08-10,US,Texas,Castro,200,4,0,34.53016752,-102.2617243,48069.0,2656.042496679947,2.0,196,200,4,0,196,200,7665,0,0,0,0,0
2020-08-10,US,Texas,Chambers,951,3,0,29.70972016,-94.67154501,48071.0,2169.4002783037163,0.3154574132492113,948,951,3,0,948,951,42454,0,0,0,0,0
2020-08-10,US,Texas,Cherokee,1119,7,0,31.837258,-95.16559897,48073.0,2125.5176081753602,0.6255585344057194,1112,1110,7,0,1103,1107,52592,9,0,0,9,3
2020-08-10,US,Texas,Childress,40,0,0,34.529304100000004,-100.2077916,48075.0,547.4952094169176,0.0,40,40,0,0,40,40,7291,0,0,0,0,0
2020-08-10,US,Texas,Clay,40,1,0,33.78686685,-98.20771198,48077.0,382.0074491452583,2.5,39,40,1,0,39,40,10456,0,0,0,0,0
2020-08-10,US,Texas,Cochran,32,0,0,33.60425307,-102.8284499,48079.0,1121.626358219418,0.0,32,32,0,0,32,32,2836,0,0,0,0,0
2020-08-10,US,Texas,Coke,42,2,0,31.88911733,-100.5297533,48081.0,1240.0354295837026,4.761904761904762,40,42,2,0,40,42,3370,0,0,0,0,0
2020-08-10,US,Texas,Coleman,19,0,0,31.76736834,-99.45240766,48083.0,232.41590214067278,0.0,19,19,0,0,19,19,8397,0,0,0,0,0
2020-08-10,US,Texas,Collin,7833,90,0,33.18820114,-96.57264368,48085.0,757.0090748311154,1.1489850631941785,7743,7654,89,0,7565,7439,1005146,179,1,0,178,215
2020-08-10,US,Texas,Collingsworth,11,0,0,34.96489496,-100.2700111,48087.0,376.71232876712327,0.0,11,11,0,0,11,11,2962,0,0,0,0,0
2020-08-10,US,Texas,Colorado,296,2,0,29.622098,-96.5273805,48089.0,1377.192574326525,0.6756756756756757,294,281,2,0,279,278,21217,15,0,0,15,3
2020-08-10,US,Texas,Comal,1839,70,0,29.80811278,-98.27647225,48091.0,1177.2689153633917,3.8064165307232187,1769,1839,69,0,1770,1816,148373,0,1,0,-1,23
2020-08-10,US,Texas,Comanche,142,3,0,31.94854689,-98.55876441,48093.0,1041.4374770810414,2.112676056338028,139,142,3,0,139,142,13534,0,0,0,0,0
2020-08-10,US,Texas,Concho,28,0,0,31.32635934,-99.86473038,48095.0,1027.1460014673514,0.0,28,28,0,0,28,28,4276,0,0,0,0,0
2020-08-10,US,Texas,Cooke,223,3,0,33.63979567,-97.21240912,48097.0,540.5143369610006,1.345291479820628,220,223,3,0,220,223,40574,0,0,0,0,0
2020-08-10,US,Texas,Coryell,669,5,0,31.39078397,-97.79936155,48099.0,880.8310621321641,0.7473841554559043,664,668,5,0,663,667,74808,1,0,0,1,1
2020-08-10,US,Texas,Cottle,18,2,0,34.07783319,-100.2785062,48101.0,1287.5536480686694,11.111111111111109,16,18,2,0,16,18,1389,0,0,0,0,0
2020-08-10,US,Texas,Crane,70,2,0,31.43052248,-102.5143314,48103.0,1459.245361684386,2.8571428571428568,68,70,2,0,68,70,4794,0,0,0,0,0
2020-08-10,US,Texas,Crockett,155,3,0,30.72367027,-101.4134238,48105.0,4474.5958429561215,1.935483870967742,152,155,3,0,152,155,3499,0,0,0,0,0
2020-08-10,US,Texas,Crosby,63,1,0,33.61431553,-101.3000364,48107.0,1098.1349137179711,1.5873015873015872,62,63,1,0,62,63,5779,0,0,0,0,0
2020-08-10,US,Texas,Culberson,17,2,0,31.44506775,-104.5185739,48109.0,783.049286043298,11.764705882352944,15,17,2,0,15,17,2204,0,0,0,0,0
2020-08-10,US,Texas,Dallam,190,5,0,36.27787176,-102.6020725,48111.0,2607.383010841224,2.631578947368421,185,190,5,0,185,190,7200,0,0,0,0,0
2020-08-10,US,Texas,Dallas,55255,756,0,32.76670599,-96.7779605,48113.0,2096.5533884066726,1.3682019726721564,54499,54674,755,0,53919,53831,2637772,581,1,0,580,843
2020-08-10,US,Texas,Dawson,145,4,0,32.74255572,-101.9477242,48115.0,1139.220615964802,2.7586206896551726,141,145,4,0,141,145,12619,0,0,0,0,0
2020-08-10,US,Texas,DeWitt,693,19,0,29.08101855,-97.3568117,48123.0,3437.5,2.741702741702741,674,693,19,0,674,693,20187,0,0,0,0,0
2020-08-10,US,Texas,Deaf Smith,667,17,0,34.96522957,-102.6054267,48117.0,3596.4628491318877,2.548725637181409,650,667,17,0,650,667,18760,0,0,0,0,0
2020-08-10,US,Texas,Delta,16,0,0,33.38570922,-95.66921122,48119.0,300.13130744700806,0.0,16,16,0,0,16,16,5349,0,0,0,0,0
2020-08-10,US,Texas,Denton,7745,88,0,33.20521901,-97.11691153,48121.0,872.9642574957138,1.1362169141381535,7657,7644,87,0,7557,7586,859064,101,1,0,100,58
2020-08-10,US,Texas,Dickens,5,1,0,33.61616822,-100.7788855,48125.0,226.14201718679334,20.0,4,5,1,0,4,5,2249,0,0,0,0,0
2020-08-10,US,Texas,Dimmit,150,3,0,28.42270064,-99.75645095,48127.0,1481.6278150928488,2.0,147,150,3,0,147,150,10308,0,0,0,0,0
2020-08-10,US,Texas,Donley,48,0,0,34.96517499,-100.8140093,48129.0,1464.307504575961,0.0,48,48,0,0,48,48,3319,0,0,0,0,0
2020-08-10,US,Texas,Duval,177,6,0,27.68184592,-98.50864568,48131.0,1586.4479698843775,3.3898305084745757,171,176,6,0,170,173,11212,1,0,0,1,3
2020-08-10,US,Texas,Eastland,73,1,0,32.32743996,-98.83243566,48133.0,397.60348583877993,1.3698630136986298,72,73,1,0,72,73,18322,0,0,0,0,0
2020-08-10,US,Texas,Ector,3587,55,0,31.86898877,-102.5429428,48135.0,2157.944448120898,1.5333147477000282,3532,3531,56,0,3475,3531,162124,56,-1,0,57,0
2020-08-10,US,Texas,Edwards,28,0,0,29.98202582,-100.304252,48137.0,1449.2753623188407,0.0,28,28,0,0,28,28,1928,0,0,0,0,0
2020-08-10,US,Texas,El Paso,16396,300,0,31.76980765,-106.2363275,48141.0,1953.67702606412,1.8297145645279336,16096,16308,293,0,16015,16040,840758,88,7,0,81,268
2020-08-10,US,Texas,Ellis,2855,42,0,32.34894117,-96.79371841,48139.0,1544.6960925410926,1.4711033274956218,2813,2855,41,0,2814,2855,179436,0,1,0,-1,0
2020-08-10,US,Texas,Erath,527,5,0,32.23602653,-98.21773417,48143.0,1234.2498477680456,0.9487666034155596,522,527,5,0,522,527,42446,0,0,0,0,0
2020-08-10,US,Texas,Falls,128,3,0,31.25350609,-96.93630086,48145.0,740.0127189686071,2.34375,125,127,3,0,124,125,17335,1,0,0,1,2
2020-08-10,US,Texas,Fannin,246,8,0,33.59564294,-96.10751083,48147.0,692.6845750971448,3.2520325203252027,238,246,8,0,238,246,35286,0,0,0,0,0
2020-08-10,US,Texas,Fayette,388,14,0,29.87788372,-96.92076062,48149.0,1530.813540598122,3.608247422680413,374,378,14,0,364,378,25349,10,0,0,10,0
2020-08-10,US,Texas,Fisher,28,1,0,32.74281316,-100.4019302,48151.0,731.0704960835509,3.571428571428572,27,28,1,0,27,28,3839,0,0,0,0,0
2020-08-10,US,Texas,Floyd,89,6,0,34.07227468,-101.3031546,48153.0,1558.1232492997199,6.741573033707866,83,89,6,0,83,89,5837,0,0,0,0,0
2020-08-10,US,Texas,Foard,2,0,0,33.97308618,-99.7767797,48155.0,173.16017316017312,0.0,2,2,0,0,2,2,1200,0,0,0,0,0
2020-08-10,US,Texas,Fort Bend,10021,162,0,29.52704478,-95.77219463,48157.0,1234.5876740816668,1.61660512922862,9859,9533,162,0,9371,9533,787858,488,0,0,488,0
2020-08-10,US,Texas,Franklin,92,2,0,33.17653242,-95.21917243,48159.0,857.8088578088579,2.1739130434782608,90,92,2,0,90,92,10766,0,0,0,0,0
2020-08-10,US,Texas,Freestone,157,0,0,31.70422788,-96.15072516,48161.0,796.2671806055687,0.0,157,156,0,0,156,156,19808,1,0,0,1,0
2020-08-10,US,Texas,Frio,512,5,0,28.86751206,-99.10804207,48163.0,2521.422239732099,0.9765625,507,512,5,0,507,512,19816,0,0,0,0,0
2020-08-10,US,Texas,Gaines,161,3,0,32.74055318,-102.6353295,48165.0,749.1159501209752,1.8633540372670807,158,161,3,0,158,161,20901,0,0,0,0,0
2020-08-10,US,Texas,Galveston,9514,113,0,29.40167322,-94.90469073,48167.0,2780.7411607563013,1.1877233550557074,9401,9376,113,0,9263,9376,337890,138,0,0,138,0
2020-08-10,US,Texas,Garza,99,3,0,33.17969345,-101.2984114,48169.0,1589.34018301493,3.0303030303030303,96,99,3,0,96,99,6578,0,0,0,0,0
2020-08-10,US,Texas,Gillespie,175,6,0,30.31824095,-98.94676915,48171.0,648.4363420779607,3.4285714285714284,169,175,6,0,169,175,26804,0,0,0,0,0
2020-08-10,US,Texas,Glasscock,6,0,0,31.86942909,-101.5207776,48173.0,425.83392476934,0.0,6,6,0,0,6,6,1388,0,0,0,0,0
2020-08-10,US,Texas,Goliad,89,4,0,28.65696592,-97.42760647,48175.0,1162.18333768608,4.49438202247191,85,89,4,0,85,89,7584,0,0,0,0,0
2020-08-10,US,Texas,Gonzales,683,9,0,29.45634206,-97.49424032,48177.0,3277.8231031338482,1.3177159590043923,674,683,9,0,674,683,20826,0,0,0,0,0
2020-08-10,US,Texas,Gray,215,2,0,35.40081878,-100.8129222,48179.0,982.3631545280087,0.9302325581395348,213,215,2,0,213,215,21895,0,0,0,0,0
2020-08-10,US,Texas,Grayson,1139,13,0,33.62744998,-96.67753461,48181.0,836.1965171937861,1.1413520632133451,1126,1118,13,0,1105,1118,133991,21,0,0,21,0
2020-08-10,US,Texas,Gregg,1416,27,0,32.47940482,-94.81591935,48183.0,1142.4422122715719,1.9067796610169487,1389,1416,26,0,1390,1416,123707,0,1,0,-1,0
2020-08-10,US,Texas,Grimes,880,23,0,30.54579585,-95.98902499,48185.0,3047.091412742382,2.613636363636364,857,876,23,0,853,874,28360,4,0,0,4,2
2020-08-10,US,Texas,Guadalupe,1679,55,0,29.58165339,-97.94786822,48187.0,1006.3111713126398,3.275759380583681,1624,1679,55,0,1624,1679,163694,0,0,0,0,0
2020-08-10,US,Texas,Hale,1285,26,0,34.07044901,-101.8268114,48189.0,3846.614380650183,2.023346303501945,1259,1285,26,0,1259,1285,33830,0,0,0,0,0
2020-08-10,US,Texas,Hall,11,1,0,34.5307555,-100.6813852,48191.0,371.1201079622133,9.090909090909092,10,11,1,0,10,11,3028,0,0,0,0,0
2020-08-10,US,Texas,Hamilton,83,3,0,31.70470573,-98.11083887,48193.0,980.9715163692237,3.614457831325301,80,83,3,0,80,82,8484,0,0,0,0,1
2020-08-10,US,Texas,Hansford,73,2,0,36.27743284,-101.3545796,48195.0,1352.1022411557694,2.7397260273972597,71,73,2,0,71,73,5463,0,0,0,0,0
2020-08-10,US,Texas,Hardeman,18,0,0,34.28944521,-99.74632408,48197.0,457.6659038901602,0.0,18,18,0,0,18,18,3922,0,0,0,0,0
2020-08-10,US,Texas,Hardin,973,15,0,30.33364686,-94.38931817,48199.0,1689.1774591160029,1.5416238437821173,958,973,15,0,958,973,57207,0,0,0,0,0
2020-08-10,US,Texas,Harris,86563,1583,0,29.85864939,-95.39339521,48201.0,1836.5591169715647,1.8287258990561788,84980,85757,1575,0,84182,84600,4698619,806,8,0,798,1157
2020-08-10,US,Texas,Harrison,693,23,0,32.54935988,-94.36934071,48203.0,1041.2753745135458,3.3189033189033186,670,693,23,0,670,692,66726,0,0,0,0,1
2020-08-10,US,Texas,Hartley,85,0,0,35.84008013,-102.6029022,48205.0,1524.3902439024396,0.0,85,85,0,0,85,85,5619,0,0,0,0,0
2020-08-10,US,Texas,Haskell,42,0,0,33.17823584,-99.73037358,48207.0,742.3117709437964,0.0,42,42,0,0,42,42,5813,0,0,0,0,0
2020-08-10,US,Texas,Hays,5050,39,0,30.05669873,-98.02944344,48209.0,2193.830340890825,0.7722772277227723,5011,5012,38,0,4974,5012,222631,38,1,0,37,0
2020-08-10,US,Texas,Hemphill,42,0,0,35.83764858,-100.2703577,48211.0,1099.7643362136685,0.0,42,42,0,0,42,42,3825,0,0,0,0,0
2020-08-10,US,Texas,Henderson,641,12,0,32.21128872,-95.85846587,48213.0,774.7440685545765,1.87207488299532,629,641,12,0,629,641,82299,0,0,0,0,0
2020-08-10,US,Texas,Hidalgo,20148,829,0,26.39418217,-98.18299696,48215.0,2319.30904205906,4.114552312884654,19319,19741,807,0,18934,19534,865939,407,22,0,385,207
2020-08-10,US,Texas,Hill,328,7,0,31.99045053,-97.13423143,48217.0,894.9766705776419,2.1341463414634148,321,321,7,0,314,319,36354,7,0,0,7,2
2020-08-10,US,Texas,Hockley,206,4,0,33.60771256,-102.3431676,48219.0,894.8351505147473,1.9417475728155342,202,206,4,0,202,206,22980,0,0,0,0,0
2020-08-10,US,Texas,Hood,528,10,0,32.42990927,-97.83242024,48221.0,856.5449442759112,1.893939393939394,518,528,10,0,518,528,60537,0,0,0,0,0
2020-08-10,US,Texas,Hopkins,201,2,0,33.14875072,-95.56351139,48223.0,542.0127278610721,0.9950248756218906,199,199,2,0,197,198,36810,2,0,0,2,1
2020-08-10,US,Texas,Houston,314,7,0,31.31925973,-95.42226208,48225.0,1367.1194705677465,2.2292993630573252,307,314,7,0,307,314,23169,0,0,0,0,0
2020-08-10,US,Texas,Howard,173,6,0,32.30621324,-101.4356444,48227.0,471.8524983635173,3.4682080924855487,167,171,6,0,165,171,36459,2,0,0,2,0
2020-08-10,US,Texas,Hudspeth,24,2,0,31.45628381,-105.388178,48229.0,491.1993450675399,8.333333333333334,22,23,2,0,21,23,4795,1,0,0,1,0
2020-08-10,US,Texas,Hunt,1182,21,0,33.12351514,-96.08551032,48231.0,1198.855914152991,1.7766497461928934,1161,1182,21,0,1161,1182,96493,0,0,0,0,0
2020-08-10,US,Texas,Hutchinson,126,3,0,35.84006574,-101.3546643,48233.0,601.7766739898749,2.380952380952381,123,126,3,0,123,126,21198,0,0,0,0,0
2020-08-10,US,Texas,Irion,9,0,0,31.30375559,-100.982439,48235.0,585.9375,0.0,9,9,0,0,9,9,1522,0,0,0,0,0
2020-08-10,US,Texas,Jack,59,0,0,33.23377248,-98.17283469,48237.0,660.3245663122552,0.0,59,59,0,0,59,59,8843,0,0,0,0,0
2020-08-10,US,Texas,Jackson,406,7,0,28.95472367,-96.57749563,48239.0,2750.6775067750677,1.7241379310344829,399,406,7,0,399,406,14874,0,0,0,0,0
2020-08-10,US,Texas,Jasper,304,11,0,30.74685667,-94.02667579,48241.0,855.6390554195165,3.6184210526315783,293,304,11,0,293,304,35872,0,0,0,0,0
2020-08-10,US,Texas,Jeff Davis,8,0,0,30.71490589,-104.1399973,48243.0,351.8029903254178,0.0,8,8,0,0,8,8,2252,0,0,0,0,0
2020-08-10,US,Texas,Jefferson,5880,84,0,29.8832777,-94.16434171,48245.0,2337.368075845209,1.4285714285714286,5796,5880,84,0,5796,5870,255001,0,0,0,0,10
2020-08-10,US,Texas,Jim Hogg,62,1,0,27.04453923,-98.6968187,48247.0,1192.3076923076926,1.6129032258064515,61,62,1,0,61,62,5248,0,0,0,0,0
2020-08-10,US,Texas,Jim Wells,724,15,0,27.73103938,-98.0904705,48249.0,1788.449187293118,2.0718232044198897,709,724,15,0,709,717,40822,0,0,0,0,7
2020-08-10,US,Texas,Johnson,1861,30,0,32.37877812,-97.36615819,48251.0,1058.4869494986265,1.6120365394948952,1831,1861,30,0,1831,1861,171361,0,0,0,0,0
2020-08-10,US,Texas,Jones,596,0,0,32.73997145,-99.87861576,48253.0,2967.6841109396,0.0,596,596,0,0,596,596,19817,0,0,0,0,0
2020-08-10,US,Texas,Karnes,639,6,0,28.90705334,-97.85960149,48255.0,4095.891289019936,0.9389671361502347,633,632,6,0,626,632,15650,7,0,0,7,0
2020-08-10,US,Texas,Kaufman,2158,25,0,32.599141700000004,-96.28734728,48257.0,1584.9699604859204,1.1584800741427248,2133,2158,25,0,2133,2158,128622,0,0,0,0,0
2020-08-10,US,Texas,Kendall,158,4,0,29.94414155,-98.7113588,48259.0,333.1154730028884,2.5316455696202533,154,158,4,0,154,158,45641,0,0,0,0,0
2020-08-10,US,Texas,Kenedy,6,1,0,26.92601662,-97.66413984,48261.0,1485.148514851485,16.666666666666668,5,6,1,0,5,6,442,0,0,0,0,0
2020-08-10,US,Texas,Kent,3,0,0,33.18104136,-100.7780939,48263.0,393.70078740157476,0.0,3,3,0,0,3,3,726,0,0,0,0,0
2020-08-10,US,Texas,Kerr,398,6,0,30.06040006,-99.34930144,48265.0,756.6539923954373,1.5075376884422111,392,398,6,0,392,398,52405,0,0,0,0,0
2020-08-10,US,Texas,Kimble,14,1,0,30.48678918,-99.74856473,48267.0,322.80378141572515,7.142857142857142,13,13,1,0,12,13,4362,1,0,0,1,0
2020-08-10,US,Texas,Kinney,19,0,0,29.34967888,-100.4186638,48271.0,518.1347150259069,0.0,19,19,0,0,19,19,3767,0,0,0,0,0
2020-08-10,US,Texas,Kleberg,442,8,0,27.42435506,-97.69894948,48273.0,1440.677966101695,1.8099547511312215,434,434,8,0,426,431,31129,8,0,0,8,3
2020-08-10,US,Texas,Knox,60,1,0,33.60519951,-99.7422906,48275.0,1637.5545851528384,1.6666666666666667,59,60,1,0,59,60,3653,0,0,0,0,0
2020-08-10,US,Texas,La Salle,361,2,0,28.34453111,-99.09908775,48283.0,4800.531914893617,0.554016620498615,359,362,2,0,360,362,7531,-1,0,0,-1,0
2020-08-10,US,Texas,Lamar,647,18,0,33.66981763,-95.57404777,48277.0,1297.6593995066087,2.7820710973724885,629,644,18,0,626,629,49728,3,0,0,3,15
2020-08-10,US,Texas,Lamb,226,11,0,34.06859623,-102.3516289,48279.0,1752.8891646629957,4.867256637168142,215,226,11,0,215,226,13158,0,0,0,0,0
2020-08-10,US,Texas,Lampasas,104,3,0,31.19531316,-98.24206613,48281.0,485.3462759006906,2.8846153846153846,101,104,3,0,101,102,21229,0,0,0,0,2
2020-08-10,US,Texas,Lavaca,627,17,0,29.38508402,-96.93186692,48285.0,3111.044953855314,2.7113237639553427,610,627,17,0,610,627,20110,0,0,0,0,0
2020-08-10,US,Texas,Lee,173,10,0,30.31120597,-96.97045773,48287.0,1003.538488311387,5.780346820809249,163,173,10,0,163,172,17144,0,0,0,0,1
2020-08-10,US,Texas,Leon,144,2,0,31.29872538,-95.9936328,48289.0,827.3960009193289,1.3888888888888888,142,143,2,0,141,143,17270,1,0,0,1,0
2020-08-10,US,Texas,Liberty,987,34,0,30.15152688,-94.81205615,48291.0,1118.8066062866276,3.4447821681864235,953,978,34,0,944,973,86323,9,0,0,9,5
2020-08-10,US,Texas,Limestone,241,3,0,31.5454767,-96.58095444,48293.0,1028.2886034902078,1.2448132780082988,238,235,3,0,232,233,23519,6,0,0,6,2
2020-08-10,US,Texas,Lipscomb,18,0,0,36.27783108,-100.2733151,48295.0,556.7584287039901,0.0,18,18,0,0,18,18,3355,0,0,0,0,0
2020-08-10,US,Texas,Live Oak,230,2,0,28.35101362,-98.1246786,48297.0,1884.164823461948,0.8695652173913043,228,230,2,0,228,230,12166,0,0,0,0,0
2020-08-10,US,Texas,Llano,89,1,0,30.70645047,-98.68475262,48299.0,408.3505391144758,1.1235955056179776,88,89,1,0,88,89,21646,0,0,0,0,0
2020-08-10,US,Texas,Lubbock,6059,73,0,33.61008596,-101.8204789,48303.0,1950.935218904656,1.2048192771084338,5986,6018,73,0,5945,6018,307412,41,0,0,41,0
2020-08-10,US,Texas,Lynn,67,4,0,33.17657705,-101.8162849,48305.0,1125.8611997983533,5.970149253731344,63,67,4,0,63,67,5877,0,0,0,0,0
2020-08-10,US,Texas,Madison,668,2,0,30.96694679,-95.93003775,48313.0,4676.561187342481,0.2994011976047904,666,666,2,0,664,666,14422,2,0,0,2,0
2020-08-10,US,Texas,Marion,133,8,0,32.79868409,-94.3566123,48315.0,1349.7057032677085,6.015037593984963,125,133,8,0,125,133,9928,0,0,0,0,0
2020-08-10,US,Texas,Martin,55,5,0,32.30600051,-101.9513518,48317.0,953.0410674059956,9.090909090909092,50,55,5,0,50,55,5753,0,0,0,0,0
2020-08-10,US,Texas,Mason,53,0,0,30.71780434,-99.22629416,48319.0,1240.0561534861956,0.0,53,53,0,0,53,53,4280,0,0,0,0,0
2020-08-10,US,Texas,Matagorda,752,27,0,28.81955746,-96.01230294,48321.0,2052.2337144884427,3.5904255319148937,725,740,27,0,713,739,36552,12,0,0,12,1
2020-08-10,US,Texas,Maverick,2321,43,0,28.7429195,-100.3157686,48323.0,3952.522053063589,1.852649719948298,2278,2321,43,0,2278,2321,58485,0,0,0,0,0
2020-08-10,US,Texas,McCulloch,48,1,0,31.1925468,-99.34682807,48307.0,601.2024048096192,2.083333333333333,47,48,1,0,47,48,7987,0,0,0,0,0
2020-08-10,US,Texas,McLennan,4970,55,0,31.55255453,-97.20217694,48309.0,1936.693125713596,1.1066398390342052,4915,4946,55,0,4891,4889,254607,24,0,0,24,57
2020-08-10,US,Texas,McMullen,9,0,0,28.35251708,-98.56769164,48311.0,1211.305518169583,0.0,9,9,0,0,9,9,749,0,0,0,0,0
2020-08-10,US,Texas,Medina,878,26,0,29.3557301,-99.11030298,48325.0,1702.078163771712,2.9612756264236904,852,811,26,0,785,811,50921,67,0,0,67,0
2020-08-10,US,Texas,Menard,17,0,0,30.88990665,-99.8204794,48327.0,795.1356407857811,0.0,17,17,0,0,17,17,2139,0,0,0,0,0
2020-08-10,US,Texas,Midland,2676,49,0,31.86904128,-102.0315682,48329.0,1513.3007600434314,1.8310911808669657,2627,2592,48,0,2544,2592,172578,84,1,0,83,0
2020-08-10,US,Texas,Milam,346,3,0,30.78581830000001,-96.97718698,48331.0,1393.8685896144705,0.8670520231213873,343,333,3,0,330,333,25131,13,0,0,13,0
2020-08-10,US,Texas,Mills,22,0,0,31.49557106,-98.59272068,48333.0,451.46726862302484,0.0,22,22,0,0,22,22,4921,0,0,0,0,0
2020-08-10,US,Texas,Mitchell,61,1,0,32.30623474,-100.9212058,48335.0,713.867758923347,1.639344262295082,60,61,1,0,60,61,8145,0,0,0,0,0
2020-08-10,US,Texas,Montague,70,1,0,33.67521893,-97.72500958,48337.0,353.2142496720153,1.4285714285714286,69,70,1,0,69,70,19596,0,0,0,0,0
2020-08-10,US,Texas,Montgomery,6654,90,0,30.30079133,-95.50572772,48339.0,1095.5052017563646,1.3525698827772767,6564,6577,85,0,6492,6577,590925,77,5,0,72,0
2020-08-10,US,Texas,Moore,1050,13,0,35.83769242,-101.8930281,48341.0,5014.3266475644705,1.238095238095238,1037,1050,13,0,1037,1050,21485,0,0,0,0,0
2020-08-10,US,Texas,Morris,117,3,0,33.11304005,-94.73255695,48343.0,944.4623829512433,2.5641025641025643,114,116,3,0,113,115,12339,1,0,0,1,1
2020-08-10,US,Texas,Motley,6,0,0,34.07408766,-100.779722,48345.0,500.0,0.0,6,6,0,0,6,6,1234,0,0,0,0,0
2020-08-10,US,Texas,Nacogdoches,1148,42,0,31.62017125,-94.61803994,48347.0,1760.6281823201032,3.6585365853658534,1106,1147,42,0,1105,1147,65711,1,0,0,1,0
2020-08-10,US,Texas,Navarro,856,8,0,32.04620681,-96.47428766,48349.0,1708.139604493844,0.9345794392523364,848,856,8,0,848,856,49565,0,0,0,0,0
2020-08-10,US,Texas,Newton,93,4,0,30.78548982,-93.74408813,48351.0,684.0750275836705,4.301075268817204,89,93,4,0,89,93,13746,0,0,0,0,0
2020-08-10,US,Texas,Nolan,134,3,0,32.30365282,-100.4060208,48353.0,910.6972950931088,2.238805970149253,131,134,3,0,131,134,14751,0,0,0,0,0
2020-08-10,US,Texas,Nueces,15423,243,0,27.736286,-97.5433285,48355.0,4257.039862652983,1.575568955456137,15180,15244,236,0,15008,14073,362265,179,7,0,172,1171
2020-08-10,US,Texas,Ochiltree,95,2,0,36.27829105,-100.8158184,48357.0,965.8397722651483,2.1052631578947367,93,95,2,0,93,95,9947,0,0,0,0,0
2020-08-10,US,Texas,Oldham,14,1,0,35.40425596,-102.6027606,48359.0,662.8787878787879,7.142857142857142,13,14,1,0,13,14,2131,0,0,0,0,0
2020-08-10,US,Texas,Orange,1477,20,0,30.11879481,-93.89412775,48361.0,1771.068156746127,1.3540961408259986,1457,1477,20,0,1457,1412,83572,0,0,0,0,65
2020-08-10,US,Texas,Palo Pinto,265,7,0,32.75310985,-98.31319001,48363.0,907.8762547535033,2.641509433962264,258,265,7,0,258,265,28875,0,0,0,0,0
2020-08-10,US,Texas,Panola,292,18,0,32.163959600000005,-94.30552481,48365.0,1258.9462792101406,6.164383561643835,274,291,18,0,273,291,23148,1,0,0,1,0
2020-08-10,US,Texas,Parker,1225,19,0,32.77757172,-97.80500621,48367.0,857.3748232758016,1.5510204081632653,1206,1225,19,0,1206,1225,138371,0,0,0,0,0
2020-08-10,US,Texas,Parmer,340,7,0,34.52993409,-102.7844668,48369.0,3539.823008849557,2.0588235294117645,333,340,7,0,333,340,9864,0,0,0,0,0
2020-08-10,US,Texas,Pecos,244,1,0,30.78097267,-102.7241261,48371.0,1542.0590279972193,0.4098360655737705,243,243,1,0,242,244,15673,1,0,0,1,-1
2020-08-10,US,Texas,Polk,748,12,0,30.79472531,-94.8276624,48373.0,1456.584814908574,1.60427807486631,736,748,12,0,736,748,50031,0,0,0,0,0
2020-08-10,US,Texas,Potter,3689,45,0,35.40133773,-101.893964,48375.0,3141.847293786995,1.2198427758200054,3644,3661,44,0,3617,3661,119648,28,1,0,27,0
2020-08-10,US,Texas,Presidio,46,2,0,29.99954402,-104.2408079,48377.0,686.1575178997614,4.3478260869565215,44,46,2,0,44,46,6948,0,0,0,0,0
2020-08-10,US,Texas,Rains,51,1,0,32.87109387,-95.79232691,48379.0,407.54355122263047,1.96078431372549,50,51,1,0,50,51,12159,0,0,0,0,0
2020-08-10,US,Texas,Randall,1725,21,0,34.96585996,-101.8971322,48381.0,1252.605055441389,1.2173913043478262,1704,1725,21,0,1704,1725,136271,0,0,0,0,0
2020-08-10,US,Texas,Reagan,63,3,0,31.36607041,-101.5232659,48383.0,1636.7887763055344,4.761904761904762,60,63,3,0,60,63,3741,0,0,0,0,0
2020-08-10,US,Texas,Real,87,1,0,29.83321503,-99.82018052,48385.0,2520.278099652376,1.1494252873563218,86,87,1,0,86,87,3478,0,0,0,0,0
2020-08-10,US,Texas,Red River,136,11,0,33.61886692,-95.04841765,48387.0,1131.165266572403,8.088235294117647,125,136,11,0,125,136,12175,0,0,0,0,0
2020-08-10,US,Texas,Reeves,146,5,0,31.32323325,-103.6903896,48389.0,913.870806209314,3.4246575342465757,141,146,5,0,141,146,15695,0,0,0,0,0
2020-08-10,US,Texas,Refugio,226,4,0,28.3238976,-97.15766311,48391.0,3252.734599884859,1.7699115044247788,222,223,4,0,219,220,7032,3,0,0,3,3
2020-08-10,US,Texas,Roberts,6,0,0,35.83809685,-100.813175,48393.0,702.5761124121782,0.0,6,6,0,0,6,6,903,0,0,0,0,0
2020-08-10,US,Texas,Robertson,234,2,0,31.02539637,-96.51272246,48395.0,1370.5048611924565,0.8547008547008547,232,234,2,0,232,234,17284,0,0,0,0,0
2020-08-10,US,Texas,Rockwall,896,13,0,32.89779518,-96.40771592,48397.0,854.0246866510985,1.4508928571428572,883,896,13,0,883,896,100657,0,0,0,0,0
2020-08-10,US,Texas,Runnels,124,1,0,31.8314342,-99.97616148,48399.0,1208.1060015588464,0.8064516129032258,123,124,1,0,123,124,10234,0,0,0,0,0
2020-08-10,US,Texas,Rusk,370,2,0,32.10773545,-94.76176432,48401.0,680.0720508767415,0.5405405405405406,368,369,2,0,367,369,54450,1,0,0,1,0
2020-08-10,US,Texas,Sabine,51,6,0,31.34318809,-93.85440451,48403.0,483.77916903813315,11.764705882352944,45,51,6,0,45,51,10589,0,0,0,0,0
2020-08-10,US,Texas,San Augustine,162,11,0,31.39457611,-94.17000399,48405.0,1966.7354619400269,6.790123456790122,151,162,11,0,151,162,8232,0,0,0,0,0
2020-08-10,US,Texas,San Jacinto,177,8,0,30.57933681,-95.16260304,48407.0,613.3268651027411,4.519774011299434,169,177,8,0,169,177,28719,0,0,0,0,0
2020-08-10,US,Texas,San Patricio,935,26,0,28.00880118,-97.51763891,48409.0,1401.1688895549228,2.7807486631016043,909,935,26,0,909,935,66893,0,0,0,0,0
2020-08-10,US,Texas,San Saba,24,0,0,31.1577796,-98.81758731,48411.0,396.3666391412056,0.0,24,24,0,0,24,24,6054,0,0,0,0,0
2020-08-10,US,Texas,Schleicher,36,1,0,30.89740592,-100.5384842,48413.0,1288.936627282492,2.7777777777777777,35,36,1,0,35,36,2895,0,0,0,0,0
2020-08-10,US,Texas,Scurry,481,1,0,32.74613808,-100.9162664,48415.0,2879.7222055918105,0.2079002079002079,480,481,1,0,480,481,16866,0,0,0,0,0
2020-08-10,US,Texas,Shackelford,18,0,0,32.73587756,-99.35401337,48417.0,551.3016845329249,0.0,18,18,0,0,18,18,3253,0,0,0,0,0
2020-08-10,US,Texas,Shelby,401,18,0,31.79211404,-94.14550696,48419.0,1586.6107462214136,4.488778054862842,383,401,18,0,383,400,25418,0,0,0,0,1
2020-08-10,US,Texas,Sherman,40,0,0,36.27751473,-101.8933156,48421.0,1323.6267372600926,0.0,40,40,0,0,40,40,3079,0,0,0,0,0
2020-08-10,US,Texas,Smith,2524,23,0,32.37474036,-95.2717568,48423.0,1084.4206899218477,0.9112519809825672,2501,2524,23,0,2501,2524,230221,0,0,0,0,0
2020-08-10,US,Texas,Somervell,74,0,0,32.22236802,-97.77403489,48425.0,810.692375109553,0.0,74,74,0,0,74,74,9016,0,0,0,0,0
2020-08-10,US,Texas,Starr,2213,68,0,26.56150059,-98.73892358,48427.0,3423.947519069206,3.0727519204699503,2145,2161,68,0,2093,2148,64525,52,0,0,52,13
2020-08-10,US,Texas,Stephens,42,3,0,32.73553157,-98.83631615,48429.0,448.43049327354265,7.142857142857142,39,42,3,0,39,42,9433,0,0,0,0,0
2020-08-10,US,Texas,Stonewall,5,0,0,33.17906744,-100.2538401,48433.0,370.3703703703704,0.0,5,5,0,0,5,5,1362,0,0,0,0,0
2020-08-10,US,Texas,Sutton,62,1,0,30.49856623,-100.5382014,48435.0,1641.949152542373,1.6129032258064515,61,62,1,0,61,62,3758,0,0,0,0,0
2020-08-10,US,Texas,Swisher,80,2,0,34.53028891,-101.7349174,48437.0,1081.5195349466,2.5,78,80,2,0,78,80,7462,0,0,0,0,0
2020-08-10,US,Texas,Tarrant,32177,449,0,32.77143818,-97.29101614,48439.0,1530.4052527568176,1.395406656928862,31728,31687,447,0,31240,30922,2084931,490,2,0,488,765
2020-08-10,US,Texas,Taylor,1130,23,0,32.30163422,-99.89007449,48441.0,818.6388860715477,2.035398230088496,1107,1126,23,0,1103,1126,137640,4,0,0,4,0
2020-08-10,US,Texas,Terrell,2,0,0,30.22429013,-102.0766732,48443.0,257.73195876288656,0.0,2,2,0,0,2,2,823,0,0,0,0,0
2020-08-10,US,Texas,Terry,143,2,0,33.17402785,-102.3354521,48445.0,1159.1148577449949,1.3986013986013983,141,143,2,0,141,143,12287,0,0,0,0,0
2020-08-10,US,Texas,Throckmorton,4,2,0,33.17751417,-99.21226795,48447.0,266.4890073284477,50.0,2,4,2,0,2,4,1515,0,0,0,0,0
2020-08-10,US,Texas,Titus,1289,15,0,33.21339719,-94.96797273,48449.0,3935.877862595421,1.1636927851047325,1274,1289,15,0,1274,1289,33033,0,0,0,0,0
2020-08-10,US,Texas,Tom Green,2671,26,0,31.40464436,-100.462443,48451.0,2240.771812080537,0.9734181954324224,2645,2632,26,0,2606,2628,118189,39,0,0,39,4
2020-08-10,US,Texas,Travis,22953,303,0,30.33432034,-97.7853562,48453.0,1801.7134056645689,1.320088877270945,22650,22724,298,0,22426,22602,1248743,229,5,0,224,122
2020-08-10,US,Texas,Trinity,156,4,0,31.0879489,-95.1367187,48455.0,1064.773735581189,2.5641025641025643,152,156,4,0,152,156,14740,0,0,0,0,0
2020-08-10,US,Texas,Tyler,116,2,0,30.77031716,-94.37690895,48457.0,535.2528608342562,1.7241379310344829,114,116,2,0,114,116,21696,0,0,0,0,0
2020-08-10,US,Texas,Unassigned,0,239,0,0.0,0.0,90048.0,0.0,0.0,-239,0,239,0,-239,0,,0,0,0,0,0
2020-08-10,US,Texas,Upshur,226,2,0,32.73706798,-94.93999853,48459.0,541.2784710080713,0.8849557522123894,224,221,2,0,219,220,41260,5,0,0,5,1
2020-08-10,US,Texas,Upton,16,1,0,31.36868194,-102.0423217,48461.0,437.5170905113481,6.25,15,16,1,0,15,16,3671,0,0,0,0,0
2020-08-10,US,Texas,Uvalde,551,10,0,29.35739637,-99.76229172,48463.0,2060.506338581205,1.8148820326678765,541,543,10,0,533,536,26846,8,0,0,8,7
2020-08-10,US,Texas,Val Verde,1693,49,0,29.89149232,-101.1525205,48465.0,3453.340132585416,2.8942705256940333,1644,1693,49,0,1644,1693,49208,0,0,0,0,0
2020-08-10,US,Texas,Van Zandt,375,3,0,32.56483801,-95.83766469,48467.0,662.661247570242,0.8,372,375,3,0,372,375,56019,0,0,0,0,0
2020-08-10,US,Texas,Victoria,3448,42,0,28.79780988,-96.96813006,48469.0,3744.407280309282,1.2180974477958235,3406,3448,42,0,3406,3448,92035,0,0,0,0,0
2020-08-10,US,Texas,Walker,3051,41,0,30.73872995,-95.57440968,48471.0,4181.113044908251,1.3438216978039987,3010,3005,41,0,2964,2902,72480,46,0,0,46,103
2020-08-10,US,Texas,Waller,454,5,0,30.01058447,-95.99011759,48473.0,821.77895232234,1.1013215859030836,449,444,5,0,439,443,53126,10,0,0,10,1
2020-08-10,US,Texas,Ward,89,1,0,31.50999644,-103.0927909,48475.0,741.7902983830638,1.1235955056179776,88,89,1,0,88,89,11720,0,0,0,0,0
2020-08-10,US,Texas,Washington,515,39,0,30.21498498,-96.40946246,48477.0,1435.2600189510058,7.572815533980582,476,515,39,0,476,515,35108,0,0,0,0,0
2020-08-10,US,Texas,Webb,8262,174,0,27.7610369,-99.33237355,48479.0,2986.4233766609314,2.1060275962236745,8088,7888,169,0,7719,7825,275910,374,5,0,369,63
2020-08-10,US,Texas,Wharton,761,25,0,29.27765923,-96.22319248,48481.0,1831.2638367504087,3.28515111695138,736,711,25,0,686,704,41619,50,0,0,50,7
2020-08-10,US,Texas,Wheeler,33,0,0,35.40114335,-100.2699514,48483.0,652.6898734177215,0.0,33,33,0,0,33,33,5191,0,0,0,0,0
2020-08-10,US,Texas,Wichita,1001,11,0,33.98842886,-98.7041034,48485.0,757.0142932768657,1.0989010989010992,990,1001,11,0,990,1001,132064,0,0,0,0,0
2020-08-10,US,Texas,Wilbarger,69,1,0,34.07945812,-99.24178437,48487.0,540.3712115279192,1.4492753623188406,68,69,1,0,68,69,12820,0,0,0,0,0
2020-08-10,US,Texas,Willacy,699,30,0,26.47411727,-97.61535848,48489.0,3272.7783500327746,4.291845493562231,669,693,29,0,664,691,21515,6,1,0,5,2
2020-08-10,US,Texas,Williamson,6893,93,0,30.64655664,-97.6004854,48491.0,1167.2150246126075,1.3491948353402,6800,6245,93,0,6152,6245,566719,648,0,0,648,0
2020-08-10,US,Texas,Wilson,439,19,0,29.1732598,-98.08693082,48493.0,859.6044644605445,4.328018223234624,420,439,19,0,420,439,50224,0,0,0,0,0
2020-08-10,US,Texas,Winkler,84,1,0,31.85008651,-103.0485163,48495.0,1048.689138576779,1.1904761904761905,83,84,1,0,83,84,7720,0,0,0,0,0
2020-08-10,US,Texas,Wise,409,7,0,33.21570665,-97.65460265,48497.0,584.4192958390488,1.7114914425427872,402,409,7,0,402,409,68305,0,0,0,0,0
2020-08-10,US,Texas,Wood,316,7,0,32.78722382,-95.38236368,48499.0,693.9107138935858,2.2151898734177213,309,316,7,0,309,316,45129,0,0,0,0,0
2020-08-10,US,Texas,Yoakum,102,3,0,33.17320212,-102.8276433,48501.0,1170.664524274073,2.9411764705882355,99,102,3,0,99,102,8591,0,0,0,0,0
2020-08-10,US,Texas,Young,169,5,0,33.17659707,-98.68790885,48503.0,938.3675735702388,2.9585798816568047,164,169,5,0,164,169,18045,0,0,0,0,0
2020-08-10,US,Texas,Zapata,174,2,0,27.00156391,-99.16987152,48505.0,1227.166937019536,1.1494252873563218,172,172,2,0,170,172,14190,2,0,0,2,0
2020-08-10,US,Texas,Zavala,210,5,0,28.86617238,-99.76050829,48507.0,1773.6486486486488,2.380952380952381,205,210,5,0,205,210,11983,0,0,0,0,0
2020-08-10,US,Utah,Bear River,2316,7,0,41.52106798,-113.0832816,0.0,1239.7092357267502,0.3022452504317789,2309,2303,7,0,2296,2291,,13,0,0,13,12
2020-08-10,US,Utah,Central Utah,426,2,0,39.37231946,-111.5758676,0.0,519.8037923713301,0.4694835680751174,424,426,2,0,424,420,,0,0,0,0,6
2020-08-10,US,Utah,Davis,3232,21,0,40.99001837,-112.1139997,49011.0,909.190645913565,0.6497524752475248,3211,3224,21,0,3203,3194,351713,8,0,0,8,30
2020-08-10,US,Utah,Salt Lake,20748,196,0,40.66616532,-111.9216011,49035.0,1787.947126815157,0.9446693657219972,20552,20628,189,0,20439,20446,1152633,120,7,0,113,182
2020-08-10,US,Utah,San Juan,650,25,0,37.62762978,-109.80337140000002,49037.0,4246.14580611445,3.8461538461538463,625,648,25,0,623,648,15449,2,0,0,2,0
2020-08-10,US,Utah,Southeast Utah,113,1,0,38.99617072,-110.7013958,0.0,280.89189390738017,0.8849557522123894,112,112,0,0,112,110,,1,1,0,0,2
2020-08-10,US,Utah,Southwest Utah,3223,26,0,37.85447192,-111.4418764,0.0,1278.7551281135686,0.8067018305926156,3197,3210,25,0,3185,3191,,13,1,0,12,19
2020-08-10,US,Utah,Summit,713,1,0,40.86688146,-110.9535882,49043.0,1691.7783841499586,0.1402524544179523,712,710,1,0,709,706,41933,3,0,0,3,4
2020-08-10,US,Utah,Tooele,583,0,0,40.44862644,-113.1295715,49045.0,806.8199117065002,0.0,583,581,0,0,581,579,69907,2,0,0,2,2
2020-08-10,US,Utah,TriCounty,179,0,0,40.12491499,-109.5174415,0.0,316.1315389777825,0.0,179,179,0,0,179,178,,0,0,0,0,1
2020-08-10,US,Utah,Utah,8794,37,0,40.1166722,-111.6657662,49049.0,1382.1936862951584,0.4207414146008642,8757,8719,37,0,8682,8630,622213,75,0,0,75,89
2020-08-10,US,Utah,Wasatch,568,4,0,40.33110236,-111.1691419,49051.0,1666.1288903229593,0.7042253521126759,564,563,4,0,559,558,33240,5,0,0,5,5
2020-08-10,US,Utah,Weber-Morgan,2845,25,0,41.27116049,-111.9145117,0.0,1044.661577383903,0.8787346221441125,2820,2824,25,0,2799,2800,,21,0,0,21,24
2020-08-10,US,Vermont,Addison,73,2,0,44.03217337,-73.14130877,50001.0,198.493623732224,2.7397260273972597,71,73,2,0,71,73,36973,0,0,0,0,0
2020-08-10,US,Vermont,Bennington,88,1,0,43.03519828,-73.09048868,50003.0,248.09698336622498,1.1363636363636365,87,87,1,0,86,85,35631,1,0,0,1,2
2020-08-10,US,Vermont,Caledonia,28,0,0,44.46548598,-72.10314651,50005.0,93.35511619377856,0.0,28,28,0,0,28,26,30302,0,0,0,0,2
2020-08-10,US,Vermont,Chittenden,730,39,0,44.46322849,-73.08359212,50007.0,445.7361974428175,5.3424657534246585,691,729,39,0,690,728,164572,1,0,0,1,1
2020-08-10,US,Vermont,Essex,6,0,0,44.72736416,-71.73579864,50009.0,97.35518416355671,0.0,6,6,0,0,6,6,6250,0,0,0,0,0
2020-08-10,US,Vermont,Franklin,118,7,0,44.85627605,-72.91249563,50011.0,238.85672644832192,5.932203389830509,111,118,7,0,111,118,49421,0,0,0,0,0
2020-08-10,US,Vermont,Grand Isle,13,0,0,44.797582399999996,-73.29679772,50013.0,179.68210089841045,0.0,13,13,0,0,13,13,7090,0,0,0,0,0
2020-08-10,US,Vermont,Lamoille,43,1,0,44.60353043,-72.64356694,50015.0,169.5449885655706,2.3255813953488373,42,43,1,0,42,43,25300,0,0,0,0,0
2020-08-10,US,Vermont,Orange,14,0,0,44.00470222,-72.37640104,50017.0,48.45632008860584,0.0,14,14,0,0,14,14,28999,0,0,0,0,0
2020-08-10,US,Vermont,Orleans,14,0,0,44.82964024,-72.24562697,50019.0,51.78089285053815,0.0,14,14,0,0,14,14,26907,0,0,0,0,0
2020-08-10,US,Vermont,Rutland,100,1,0,43.57723578,-73.03741676,50021.0,171.84788025639702,1.0,99,99,1,0,98,99,58672,1,0,0,1,0
2020-08-10,US,Vermont,Unassigned,8,0,0,0.0,0.0,90050.0,0.0,0.0,8,8,0,0,8,8,,0,0,0,0,0
2020-08-10,US,Vermont,Washington,53,2,0,44.27343241,-72.61604978,50023.0,90.73944083959664,3.7735849056603774,51,53,2,0,51,53,58140,0,0,0,0,0
2020-08-10,US,Vermont,Windham,102,3,0,42.986982,-72.71268875,50025.0,241.58021884325703,2.9411764705882355,99,102,3,0,99,102,42756,0,0,0,0,0
2020-08-10,US,Vermont,Windsor,72,2,0,43.58010937,-72.58595157,50027.0,130.76168682576005,2.7777777777777777,70,72,2,0,70,72,55286,0,0,0,0,0
2020-08-10,US,Virginia,Accomack,1102,16,0,37.76707161,-75.63234615,51001.0,3410.075504394108,1.4519056261343013,1086,1100,16,0,1084,1095,32412,2,0,0,2,5
2020-08-10,US,Virginia,Albemarle,842,16,0,38.02080697,-78.55481085,51003.0,770.1454312631482,1.9002375296912115,826,838,16,0,822,833,108718,4,0,0,4,5
2020-08-10,US,Virginia,Alexandria,2976,60,0,38.814003,-77.08183073,51510.0,1866.6733572521769,2.0161290322580645,2916,2964,60,0,2904,2949,160530,12,0,0,12,15
2020-08-10,US,Virginia,Alleghany,62,4,0,37.78636074,-80.00222498,51005.0,417.227456258412,6.451612903225807,58,62,4,0,58,62,14910,0,0,0,0,0
2020-08-10,US,Virginia,Amelia,79,2,0,37.34081025,-77.98584649,51007.0,600.988969189806,2.5316455696202533,77,79,2,0,77,79,13013,0,0,0,0,0
2020-08-10,US,Virginia,Amherst,176,0,0,37.60308293,-79.14548696,51009.0,556.8739123556401,0.0,176,175,0,0,175,165,31666,1,0,0,1,10
2020-08-10,US,Virginia,Appomattox,87,0,0,37.37569884,-78.81340003,51011.0,546.791527873798,0.0,87,85,0,0,85,84,15841,2,0,0,2,1
2020-08-10,US,Virginia,Arlington,3091,135,0,38.8767675,-77.10139853,51013.0,1305.0894689286529,4.367518602394047,2956,3077,135,0,2942,3062,237521,14,0,0,14,15
2020-08-10,US,Virginia,Augusta,280,4,0,38.16404586,-79.12461614,51015.0,370.57624606262743,1.4285714285714286,276,276,4,0,272,275,75457,4,0,0,4,1
2020-08-10,US,Virginia,Bath,4,0,0,38.05852573,-79.73912095,51017.0,96.45526886906195,0.0,4,4,0,0,4,4,4292,0,0,0,0,0
2020-08-10,US,Virginia,Bedford,361,7,0,37.3080028,-79.5281964,51019.0,456.9793789637581,1.9390581717451525,354,359,7,0,352,347,78747,2,0,0,2,12
2020-08-10,US,Virginia,Bland,19,0,0,37.13128068,-81.13599391,51021.0,302.54777070063693,0.0,19,19,0,0,19,11,6293,0,0,0,0,8
2020-08-10,US,Virginia,Botetourt,215,7,0,37.55531756,-79.80982182,51023.0,643.3465992399532,3.255813953488372,208,214,7,0,207,212,33277,1,0,0,1,2
2020-08-10,US,Virginia,Bristol,80,0,0,36.616302399999995,-82.16359122,51520.0,477.2700155112754,0.0,80,78,0,0,78,77,16482,2,0,0,2,1
2020-08-10,US,Virginia,Brunswick,230,2,0,36.76366949,-77.8593436,51025.0,1417.0414638654431,0.8695652173913043,228,228,2,0,226,227,16384,2,0,0,2,1
2020-08-10,US,Virginia,Buchanan,80,0,0,37.26818323,-82.03749726,51027.0,380.87983241287367,0.0,80,80,0,0,80,77,21221,0,0,0,0,3
2020-08-10,US,Virginia,Buckingham,605,8,0,37.57242268,-78.52518834,51029.0,3528.108234196408,1.3223140495867771,597,605,8,0,597,605,16999,0,0,0,0,0
2020-08-10,US,Virginia,Buena Vista,50,1,0,37.73484642,-79.35296097,51530.0,771.8431614695894,2.0,49,50,1,0,49,50,6237,0,0,0,0,0
2020-08-10,US,Virginia,Campbell,213,2,0,37.20553386,-79.09678609,51031.0,388.0841760043728,0.9389671361502347,211,213,2,0,211,206,54973,0,0,0,0,7
2020-08-10,US,Virginia,Caroline,214,5,0,38.02679129,-77.34901405,51033.0,696.5012205044752,2.336448598130841,209,208,5,0,203,206,30772,6,0,0,6,2
2020-08-10,US,Virginia,Carroll,334,13,0,36.73066666,-80.73455942,51035.0,1121.143969655265,3.8922155688622753,321,334,13,0,321,327,29636,0,0,0,0,7
2020-08-10,US,Virginia,Charles City,52,5,0,37.35358063,-77.05634116,51036.0,746.8045382737323,9.615384615384617,47,52,5,0,47,52,6941,0,0,0,0,0
2020-08-10,US,Virginia,Charlotte,53,0,0,37.01909701,-78.66314092,51037.0,446.1279461279461,0.0,53,53,0,0,53,53,11938,0,0,0,0,0
2020-08-10,US,Virginia,Charlottesville,543,15,0,38.03527919,-78.48569588,51540.0,1148.8173316972031,2.7624309392265194,528,542,15,0,527,537,48117,1,0,0,1,5
2020-08-10,US,Virginia,Chesapeake,2949,37,0,36.67670048,-76.30545744,51550.0,1204.484652929524,1.2546625974906749,2912,2912,37,0,2875,2872,242634,37,0,0,37,40
2020-08-10,US,Virginia,Chesterfield,4370,80,0,37.37373208,-77.58680140000001,51041.0,1238.6551096649112,1.8306636155606408,4290,4362,80,0,4282,4350,348556,8,0,0,8,12
2020-08-10,US,Virginia,Clarke,71,0,0,39.11271747,-77.99199425,51043.0,485.66933442779936,0.0,71,71,0,0,71,71,14523,0,0,0,0,0
2020-08-10,US,Virginia,Colonial Heights,197,21,0,37.26420587,-77.39609676,51570.0,1134.139320667818,10.659898477157359,176,197,21,0,176,197,17833,0,0,0,0,0
2020-08-10,US,Virginia,Covington,13,0,0,37.7824656,-79.98631446,51580.0,234.74178403755863,0.0,13,13,0,0,13,13,5460,0,0,0,0,0
2020-08-10,US,Virginia,Craig,17,0,0,37.48133648,-80.21072274,51045.0,331.319430910154,0.0,17,17,0,0,17,17,5064,0,0,0,0,0
2020-08-10,US,Virginia,Culpeper,1008,12,0,38.48199985,-77.95630870000002,51047.0,1916.167664670659,1.1904761904761905,996,1005,12,0,993,996,51859,3,0,0,3,9
2020-08-10,US,Virginia,Cumberland,76,0,0,37.51328851,-78.24398086,51049.0,765.2033830044303,0.0,76,76,0,0,76,76,9809,0,0,0,0,0
2020-08-10,US,Virginia,Danville,411,7,0,36.58022376,-79.40395668,51590.0,1026.3709919089,1.70316301703163,404,405,7,0,398,395,40693,6,0,0,6,10
2020-08-10,US,Virginia,Dickenson,43,1,0,37.12560977,-82.35124171,51051.0,300.32127392093867,2.3255813953488373,42,41,1,0,40,40,14523,2,0,0,2,1
2020-08-10,US,Virginia,Dinwiddie,221,7,0,37.07544585,-77.63451754,51053.0,774.2432735426013,3.1674208144796383,214,219,7,0,212,217,28529,2,0,0,2,2
2020-08-10,US,Virginia,Emporia,178,15,0,36.69455571,-77.53406129,51595.0,3329.592218481108,8.426966292134832,163,175,15,0,160,174,5121,3,0,0,3,1
2020-08-10,US,Virginia,Essex,103,1,0,37.93357639,-76.94230311,51057.0,940.3816306034876,0.9708737864077671,102,102,1,0,101,99,10919,1,0,0,1,3
2020-08-10,US,Virginia,Fairfax,16445,529,0,38.83677558,-77.27565836,51059.0,1433.0755046482363,3.2167832167832167,15916,16376,529,0,15847,16302,1150795,69,0,0,69,74
2020-08-10,US,Virginia,Fairfax,16445,529,0,38.83677558,-77.27565836,51059.0,1433.0755046482363,3.2167832167832167,15916,16376,529,0,15847,16302,24574,69,0,0,69,74
2020-08-10,US,Virginia,Fairfax City,90,7,0,38.85157547,-77.29779640000002,51600.0,374.70335984012655,7.777777777777778,83,88,7,0,81,85,24574,2,0,0,2,3
2020-08-10,US,Virginia,Falls Church,61,6,0,38.88485255,-77.17560759,51610.0,417.3222959567627,9.836065573770492,55,60,6,0,54,60,14772,1,0,0,1,0
2020-08-10,US,Virginia,Fauquier,620,9,0,38.73564842,-77.80647472,51061.0,870.5175367161834,1.4516129032258065,611,616,9,0,607,614,70675,4,0,0,4,2
2020-08-10,US,Virginia,Floyd,75,2,0,36.9302126,-80.36738849,51063.0,476.22071242618586,2.6666666666666665,73,75,2,0,73,57,15795,0,0,0,0,18
2020-08-10,US,Virginia,Fluvanna,193,9,0,37.84157909,-78.27715475,51065.0,707.7374404107077,4.66321243523316,184,192,9,0,183,188,26783,1,0,0,1,4
2020-08-10,US,Virginia,Franklin,175,1,0,36.99536167,-79.88023649,51067.0,312.26580064951287,0.5714285714285714,174,172,1,0,171,168,56195,3,0,0,3,4
2020-08-10,US,Virginia,Franklin,175,1,0,36.99536167,-79.88023649,51067.0,312.26580064951287,0.5714285714285714,174,172,1,0,171,168,8013,3,0,0,3,4
2020-08-10,US,Virginia,Franklin City,182,6,0,36.6831435,-76.93859681,51620.0,2284.423245889293,3.2967032967032965,176,181,6,0,175,178,8013,1,0,0,1,3
2020-08-10,US,Virginia,Frederick,681,9,0,39.20172582,-78.25974949,51069.0,762.4869839776967,1.3215859030837005,672,681,9,0,672,680,88355,0,0,0,0,1
2020-08-10,US,Virginia,Fredericksburg,406,4,0,38.2977863,-77.4922454,51630.0,1398.2642237222758,0.9852216748768472,402,403,4,0,399,400,29144,3,0,0,3,3
2020-08-10,US,Virginia,Galax,347,24,0,36.66601852,-80.91703124,51640.0,5467.149834567512,6.916426512968299,323,347,24,0,323,346,6423,0,0,0,0,1
2020-08-10,US,Virginia,Giles,24,0,0,37.31234791,-80.70636931,51071.0,143.54066985645932,0.0,24,24,0,0,24,23,16844,0,0,0,0,1
2020-08-10,US,Virginia,Gloucester,161,2,0,37.40809042,-76.53524337,51073.0,431.0806468887223,1.2422360248447204,159,160,2,0,158,156,37349,1,0,0,1,4
2020-08-10,US,Virginia,Goochland,164,7,0,37.71714806,-77.90381514,51075.0,690.4391024291667,4.2682926829268295,157,163,7,0,156,161,23244,1,0,0,1,2
2020-08-10,US,Virginia,Grayson,157,5,0,36.65677234,-81.23215889,51077.0,1009.6463022508037,3.1847133757961785,152,157,5,0,152,152,15631,0,0,0,0,5
2020-08-10,US,Virginia,Greene,166,2,0,38.29545894,-78.46525378,51079.0,837.5800999041327,1.2048192771084338,164,163,2,0,161,154,19779,3,0,0,3,9
2020-08-10,US,Virginia,Greensville,495,11,0,36.67878901,-77.56351439,51081.0,4366.619618913197,2.2222222222222223,484,482,11,0,471,463,11627,13,0,0,13,19
2020-08-10,US,Virginia,Halifax,156,1,0,36.76654925,-78.93512622,51083.0,460.0277196190027,0.6410256410256411,155,155,1,0,154,153,34120,1,0,0,1,2
2020-08-10,US,Virginia,Hampton,1245,7,0,37.03513786,-76.35879121,51650.0,925.5817411344882,0.5622489959839357,1238,1228,7,0,1221,1210,134313,17,0,0,17,18
2020-08-10,US,Virginia,Hanover,653,32,0,37.7583355,-77.49464673,51085.0,605.9425050572537,4.900459418070443,621,644,32,0,612,641,107239,9,0,0,9,3
2020-08-10,US,Virginia,Harrisonburg,1079,31,0,38.43542574,-78.87536254,51660.0,2035.23464614456,2.8730305838739567,1048,1077,31,0,1046,1076,54033,2,0,0,2,1
2020-08-10,US,Virginia,Henrico,3904,185,0,37.53460572,-77.39326555,51087.0,1180.1050728799519,4.738729508196721,3719,3871,185,0,3686,3839,329261,33,0,0,33,32
2020-08-10,US,Virginia,Henry,591,7,0,36.68542395,-79.87634026,51089.0,1168.9775896512847,1.1844331641285957,584,588,7,0,581,579,50953,3,0,0,3,9
2020-08-10,US,Virginia,Highland,6,0,0,38.35799465,-79.56124594,51091.0,273.97260273972597,0.0,6,6,0,0,6,6,2210,0,0,0,0,0
2020-08-10,US,Virginia,Hopewell,272,5,0,37.29186313,-77.29754684,51670.0,1207.332771095033,1.8382352941176472,267,272,5,0,267,269,22596,0,0,0,0,3
2020-08-10,US,Virginia,Isle of Wight,387,9,0,36.90579348,-76.70842863,51093.0,1042.8736964078794,2.3255813953488373,378,387,9,0,378,383,36953,0,0,0,0,4
2020-08-10,US,Virginia,James City,617,16,0,37.31156958,-76.76950618,51095.0,806.2935326633823,2.593192868719611,601,608,16,0,592,602,76397,9,0,0,9,6
2020-08-10,US,Virginia,King George,145,4,0,38.26818502,-77.15852768,51099.0,540.3189745118498,2.7586206896551726,141,144,4,0,140,141,26575,1,0,0,1,3
2020-08-10,US,Virginia,King William,90,2,0,37.70965316,-77.09384941,51101.0,524.8425472358292,2.2222222222222223,88,87,2,0,85,87,16939,3,0,0,3,0
2020-08-10,US,Virginia,King and Queen,42,1,0,37.71044922,-76.88689628,51097.0,597.8647686832742,2.380952380952381,41,42,1,0,41,39,7042,0,0,0,0,3
2020-08-10,US,Virginia,Lancaster,40,0,0,37.71889653,-76.46400482,51103.0,377.251721210978,0.0,40,37,0,0,37,36,10783,3,0,0,3,1
2020-08-10,US,Virginia,Lee,121,1,0,36.70586667,-83.12606515,51105.0,516.5862613670324,0.8264462809917356,120,115,1,0,114,114,23541,6,0,0,6,1
2020-08-10,US,Virginia,Lexington,33,0,0,37.78258621,-79.44262866,51678.0,443.19097502014506,0.0,33,33,0,0,33,33,7136,0,0,0,0,0
2020-08-10,US,Virginia,Loudoun,5306,115,0,39.08990083,-77.63481877,51107.0,1283.074348669288,2.167357708254806,5191,5280,115,0,5165,5254,406850,26,0,0,26,26
2020-08-10,US,Virginia,Louisa,183,2,0,37.97850256,-77.96274807,51109.0,486.81865340108004,1.0928961748633879,181,182,2,0,180,182,36778,1,0,0,1,0
2020-08-10,US,Virginia,Lunenburg,62,1,0,36.94618528,-78.24133319,51111.0,508.36339783535584,1.6129032258064515,61,62,1,0,61,62,12086,0,0,0,0,0
2020-08-10,US,Virginia,Lynchburg,627,5,0,37.40021399,-79.19888138,51680.0,763.0707818128712,0.7974481658692185,622,617,5,0,612,591,82126,10,0,0,10,26
2020-08-10,US,Virginia,Madison,69,1,0,38.41531222,-78.28220331,51113.0,520.3227509237614,1.4492753623188406,68,69,1,0,68,68,13295,0,0,0,0,1
2020-08-10,US,Virginia,Manassas,1662,22,0,38.7464321,-77.48509905,51683.0,4045.271997079226,1.3237063778580025,1640,1653,22,0,1631,1643,41641,9,0,0,9,10
2020-08-10,US,Virginia,Manassas Park,515,7,0,38.77058531,-77.44399307,51685.0,2946.561391463554,1.3592233009708738,508,516,7,0,509,513,17307,-1,0,0,-1,3
2020-08-10,US,Virginia,Martinsville,212,3,0,36.68212094,-79.86352771,51690.0,1688.7047952843716,1.4150943396226414,209,209,3,0,206,202,12902,3,0,0,3,7
2020-08-10,US,Virginia,Mathews,18,0,0,37.44164146,-76.34098896,51115.0,203.75820692777904,0.0,18,18,0,0,18,18,8802,0,0,0,0,0
2020-08-10,US,Virginia,Mecklenburg,446,32,0,36.67882005,-78.36131056,51117.0,1458.1358093307615,7.174887892376683,414,444,32,0,412,440,30650,2,0,0,2,4
2020-08-10,US,Virginia,Middlesex,42,1,0,37.63191998,-76.55064617,51119.0,396.90039690039686,2.380952380952381,41,41,1,0,40,37,10769,1,0,0,1,4
2020-08-10,US,Virginia,Montgomery,305,3,0,37.17746986,-80.37868691,51121.0,309.53468310752527,0.9836065573770492,302,305,3,0,302,301,98985,0,0,0,0,4
2020-08-10,US,Virginia,Nelson,49,0,0,37.78790447,-78.88498513,51125.0,328.19825853985265,0.0,49,48,0,0,48,45,14836,1,0,0,1,3
2020-08-10,US,Virginia,New Kent,129,1,0,37.50694406,-76.99828634,51127.0,558.659217877095,0.7751937984496124,128,128,1,0,127,127,22391,1,0,0,1,1
2020-08-10,US,Virginia,Newport News,1847,18,0,37.08166899,-76.51754109,51700.0,1030.5481936113824,0.9745533297238764,1829,1827,18,0,1809,1816,178626,20,0,0,20,11
2020-08-10,US,Virginia,Norfolk,3703,32,0,36.89934014,-76.26420872,51710.0,1525.4879666477163,0.8641641911963273,3671,3703,31,0,3672,3700,244076,0,1,0,-1,3
2020-08-10,US,Virginia,Northampton,296,29,0,37.34062933,-75.87751591,51131.0,2527.754056362084,9.797297297297296,267,296,29,0,267,296,11735,0,0,0,0,0
2020-08-10,US,Virginia,Northumberland,74,2,0,37.89202088,-76.41949732,51133.0,611.8230673832162,2.702702702702702,72,72,2,0,70,71,12147,2,0,0,2,1
2020-08-10,US,Virginia,Norton,19,0,0,36.93357076,-82.62750411,51720.0,477.2670183371012,0.0,19,18,0,0,18,18,3968,1,0,0,1,0
2020-08-10,US,Virginia,Nottoway,182,13,0,37.1435975,-78.05065922,51135.0,1194.8529411764705,7.142857142857142,169,182,13,0,169,182,15420,0,0,0,0,0
2020-08-10,US,Virginia,Orange,231,3,0,38.24530219,-78.01560400000002,51137.0,623.4649537124504,1.2987012987012987,228,231,3,0,228,231,36644,0,0,0,0,0
2020-08-10,US,Virginia,Page,346,25,0,38.61807452,-78.48797204,51139.0,1447.5776085683206,7.22543352601156,321,345,25,0,320,343,23933,1,0,0,1,2
2020-08-10,US,Virginia,Patrick,158,4,0,36.680163799999995,-80.2865648,51141.0,897.3194002726033,2.5316455696202533,154,157,4,0,153,154,17673,1,0,0,1,3
2020-08-10,US,Virginia,Petersburg,520,19,0,37.20530399,-77.39368102,51730.0,1658.903847380846,3.6538461538461537,501,515,19,0,496,507,31567,5,0,0,5,8
2020-08-10,US,Virginia,Pittsylvania,493,2,0,36.81980341,-79.39731264,51143.0,816.847267786725,0.4056795131845842,491,487,2,0,485,424,60949,6,0,0,6,63
2020-08-10,US,Virginia,Poquoson,44,0,0,37.14259351,-76.35798148,51735.0,358.5689837829028,0.0,44,44,0,0,44,43,12190,0,0,0,0,1
2020-08-10,US,Virginia,Portsmouth,1788,25,0,36.85914825,-76.35971629,51740.0,1894.1079260153808,1.3982102908277405,1763,1759,25,0,1734,1758,94632,29,0,0,29,1
2020-08-10,US,Virginia,Powhatan,147,4,0,37.55016038,-77.91267882,51145.0,495.7507082152975,2.7210884353741496,143,147,4,0,143,144,29189,0,0,0,0,3
2020-08-10,US,Virginia,Prince Edward,410,10,0,37.22554789,-78.43597949,51147.0,1798.0878870274537,2.4390243902439024,400,410,10,0,400,411,22950,0,0,0,0,-1
2020-08-10,US,Virginia,Prince George,384,2,0,37.18497668,-77.22922187,51149.0,1001.2254582431624,0.5208333333333334,382,384,2,0,382,380,38082,0,0,0,0,4
2020-08-10,US,Virginia,Prince William,9516,176,0,38.70916224,-77.48713689,51153.0,2023.2387553552253,1.849516603614964,9340,9488,176,0,9312,9428,468011,28,0,0,28,60
2020-08-10,US,Virginia,Pulaski,89,3,0,37.06474963,-80.71229738,51155.0,261.5569988538513,3.3707865168539324,86,89,3,0,86,88,34066,0,0,0,0,1
2020-08-10,US,Virginia,Radford,54,0,0,37.12222899,-80.56027320000003,51750.0,295.9066250205492,0.0,54,53,0,0,53,51,18339,1,0,0,1,2
2020-08-10,US,Virginia,Rappahannock,43,2,0,38.68295619,-78.15826963,51157.0,583.4464043419267,4.651162790697675,41,43,2,0,41,42,7252,0,0,0,0,1
2020-08-10,US,Virginia,Richmond,321,4,0,37.937575,-76.72920628,51159.0,3557.575085891611,1.2461059190031152,317,317,4,0,313,319,9038,4,0,0,4,-2
2020-08-10,US,Virginia,Richmond City,3190,41,0,37.53255773,-77.47966921,51760.0,1384.3323091878005,1.2852664576802508,3149,3165,41,0,3124,3132,228783,25,0,0,25,33
2020-08-10,US,Virginia,Roanoke,496,4,0,37.26865804,-80.06396753,51161.0,526.6175440086637,0.8064516129032258,492,496,4,0,492,493,94073,0,0,0,0,3
2020-08-10,US,Virginia,Roanoke City,1015,15,0,37.27791025,-79.96189766,51770.0,1023.7737409600276,1.477832512315271,1000,1017,15,0,1002,1009,99920,-2,0,0,-2,8
2020-08-10,US,Virginia,Rockbridge,69,1,0,37.81204314,-79.44605905,51163.0,305.674921366234,1.4492753623188406,68,67,1,0,66,67,22752,2,0,0,2,0
2020-08-10,US,Virginia,Rockingham,946,19,0,38.51006137,-78.87260325,51165.0,1154.3905891540978,2.0084566596194504,927,938,19,0,919,938,81244,8,0,0,8,0
2020-08-10,US,Virginia,Russell,128,2,0,36.93028320000001,-82.10095486,51167.0,481.4564056270217,1.5625,126,115,2,0,113,112,26748,13,0,0,13,3
2020-08-10,US,Virginia,Salem,161,3,0,37.2836193,-80.06219455,51775.0,636.3384846448757,1.8633540372670807,158,161,3,0,158,161,25643,0,0,0,0,0
2020-08-10,US,Virginia,Scott,102,3,0,36.71466456,-82.60171704,51169.0,472.9667068533803,2.9411764705882355,99,91,3,0,88,90,21534,11,0,0,11,1
2020-08-10,US,Virginia,Shenandoah,717,44,0,38.85905135,-78.56813762,51171.0,1643.8921496698458,6.136680613668061,673,717,44,0,673,700,43497,0,0,0,0,17
2020-08-10,US,Virginia,Smyth,150,3,0,36.84455636,-81.53344948,51173.0,498.2726547967048,2.0,147,148,3,0,145,146,30472,2,0,0,2,2
2020-08-10,US,Virginia,Southampton,267,13,0,36.72231125,-77.10642712,51175.0,1514.3780840564914,4.868913857677903,254,267,13,0,254,264,17586,0,0,0,0,3
2020-08-10,US,Virginia,Spotsylvania,1499,35,0,38.18574462,-77.655399,51177.0,1100.4661747971957,2.334889926617745,1464,1486,35,0,1451,1471,134238,13,0,0,13,15
2020-08-10,US,Virginia,Stafford,1385,9,0,38.41758738,-77.45917053,51179.0,905.9274473123062,0.6498194945848376,1376,1374,9,0,1365,1366,149960,11,0,0,11,8
2020-08-10,US,Virginia,Staunton,152,0,0,38.15965544,-79.05979937,51790.0,609.6582704957484,0.0,152,151,0,0,151,151,24922,1,0,0,1,0
2020-08-10,US,Virginia,Suffolk,1297,50,0,36.70155394,-76.63603554,51800.0,1408.1295870065576,3.855050115651504,1247,1282,50,0,1232,1258,91185,15,0,0,15,24
2020-08-10,US,Virginia,Surry,52,2,0,37.11781893,-76.88450012,51181.0,809.7165991902832,3.8461538461538463,50,52,2,0,50,49,6474,0,0,0,0,3
2020-08-10,US,Virginia,Sussex,307,9,0,36.92432914,-77.25791182,51183.0,2751.142575499597,2.931596091205212,298,302,9,0,293,297,11237,5,0,0,5,5
2020-08-10,US,Virginia,Tazewell,119,0,0,37.12191123,-81.56685568,51185.0,293.13954920556716,0.0,119,117,0,0,117,117,40855,2,0,0,2,0
2020-08-10,US,Virginia,Virginia Beach,5050,54,0,36.73285734,-76.04566934,51810.0,1122.287065474894,1.0693069306930694,4996,4973,54,0,4919,4895,450189,77,0,0,77,78
2020-08-10,US,Virginia,Warren,355,6,0,38.90847745,-78.20280433,51187.0,883.8761079573748,1.6901408450704225,349,355,6,0,349,355,40003,0,0,0,0,0
2020-08-10,US,Virginia,Washington,233,5,0,36.72341572,-81.95666289,51191.0,433.5690360997396,2.145922746781116,228,229,5,0,224,217,54402,4,0,0,4,12
2020-08-10,US,Virginia,Waynesboro,174,3,0,38.06451466,-78.90293905,51820.0,768.8908528501988,1.7241379310344829,171,173,3,0,170,173,22628,1,0,0,1,0
2020-08-10,US,Virginia,Westmoreland,211,3,0,38.11021557,-76.80213247,51193.0,1171.2461837357755,1.4218009478672986,208,211,3,0,208,209,17830,0,0,0,0,2
2020-08-10,US,Virginia,Williamsburg,128,6,0,37.28131268,-76.70905141,51830.0,855.9582720342382,4.6875,122,126,6,0,120,122,14896,2,0,0,2,4
2020-08-10,US,Virginia,Winchester,399,4,0,39.17054517,-78.17325058,51840.0,1421.041384714011,1.0025062656641603,395,399,4,0,395,399,28108,0,0,0,0,0
2020-08-10,US,Virginia,Wise,141,3,0,36.9746148,-82.62410519,51195.0,377.17679158976006,2.127659574468085,138,130,3,0,127,126,38012,11,0,0,11,4
2020-08-10,US,Virginia,Wythe,115,3,0,36.91582035,-81.07834059,51197.0,400.92037372751366,2.608695652173913,112,115,3,0,112,115,28754,0,0,0,0,0
2020-08-10,US,Virginia,York,373,4,0,37.24374789,-76.54412815,51199.0,546.2800234329233,1.0723860589812333,369,366,4,0,362,361,67846,7,0,0,7,5
2020-08-10,US,Washington,Adams,452,5,0,46.98299757,-118.56017340000001,53001.0,2261.9226342391034,1.106194690265487,447,440,5,0,435,434,19759,12,0,0,12,6
2020-08-10,US,Washington,Asotin,27,2,0,46.18894415,-117.2022851,53003.0,119.5642547161456,7.407407407407407,25,27,2,0,25,27,22610,0,0,0,0,0
2020-08-10,US,Washington,Benton,3748,116,0,46.23946995,-119.51208340000001,53005.0,1833.7492049513185,3.0949839914621133,3632,3723,115,0,3608,3714,201877,25,1,0,24,9
2020-08-10,US,Washington,Chelan,1358,10,0,47.87046092,-120.6173956,53007.0,1759.0673575129529,0.7363770250368189,1348,1334,10,0,1324,1306,77036,24,0,0,24,28
2020-08-10,US,Washington,Clallam,122,0,0,48.04754642,-123.92263190000001,53009.0,157.76338079166183,0.0,122,120,0,0,120,103,76737,2,0,0,2,17
2020-08-10,US,Washington,Clark,1787,43,0,45.77568046,-122.48292040000001,53011.0,366.0077707525586,2.4062674874090653,1744,1777,43,0,1734,1767,481857,10,0,0,10,10
2020-08-10,US,Washington,Columbia,13,1,0,46.29442881,-117.9051983,53013.0,326.2233375156838,7.6923076923076925,12,13,1,0,12,13,4059,0,0,0,0,0
2020-08-10,US,Washington,Cowlitz,485,5,0,46.19074721,-122.6782231,53015.0,438.5449350320545,1.0309278350515465,480,482,5,0,477,477,108987,3,0,0,3,5
2020-08-10,US,Washington,Douglas,961,7,0,47.7361335,-119.69293700000001,53017.0,2212.807110456147,0.7284079084287199,954,948,7,0,941,938,42907,13,0,0,13,10
2020-08-10,US,Washington,Ferry,23,0,0,48.471143100000006,-118.5154041,53019.0,301.5602464927232,0.0,23,22,0,0,22,22,7649,1,0,0,1,0
2020-08-10,US,Washington,Franklin,3540,49,0,46.53351425,-118.9018212,53021.0,3717.628279179181,1.3841807909604522,3491,3507,49,0,3458,3486,94347,33,0,0,33,21
2020-08-10,US,Washington,Garfield,4,0,0,46.43197502,-117.54540320000001,53023.0,179.77528089887642,0.0,4,4,0,0,4,4,2247,0,0,0,0,0
2020-08-10,US,Washington,Grant,1540,13,0,47.20753737,-119.4500749,53025.0,1575.7216088731545,0.8441558441558441,1527,1491,13,0,1478,1459,97331,49,0,0,49,32
2020-08-10,US,Washington,Grays Harbor,122,2,0,47.14003705,-123.7820567,53027.0,162.5344719628036,1.639344262295082,120,120,2,0,118,119,73901,2,0,0,2,1
2020-08-10,US,Washington,Island,247,11,0,48.14713305,-122.5216407,53029.0,290.1069989781656,4.453441295546559,236,250,11,0,239,249,84460,-3,0,0,-3,1
2020-08-10,US,Washington,Jefferson,54,0,0,47.75003077,-123.56097040000002,53031.0,167.5925638558704,0.0,54,54,0,0,54,54,31729,0,0,0,0,0
2020-08-10,US,Washington,King,16707,676,0,47.49137892,-121.8346131,53033.0,741.6163658978099,4.046208176213563,16031,16570,675,0,15895,16439,2233163,137,1,0,136,131
2020-08-10,US,Washington,Kitsap,746,7,0,47.63479026,-122.6436061,53035.0,274.7971253126462,0.9383378016085792,739,739,7,0,732,730,269805,7,0,0,7,9
2020-08-10,US,Washington,Kittitas,375,20,0,47.12521214,-120.67943899999999,53037.0,782.3093772817357,5.333333333333333,355,373,19,0,354,373,47364,2,1,0,1,0
2020-08-10,US,Washington,Klickitat,113,3,0,45.87325839,-120.7913598,53039.0,503.9018952062429,2.6548672566371683,110,113,3,0,110,111,22107,0,0,0,0,2
2020-08-10,US,Washington,Lewis,225,3,0,46.57756476,-122.39257690000001,53041.0,278.7862267213501,1.3333333333333333,222,220,3,0,217,213,79604,5,0,0,5,7
2020-08-10,US,Washington,Lincoln,27,0,0,47.57705241,-118.41943880000001,53043.0,246.82329280555808,0.0,27,27,0,0,27,28,10740,0,0,0,0,-1
2020-08-10,US,Washington,Mason,226,1,0,47.35007586,-123.1863685,53045.0,338.4855020369039,0.4424778761061947,225,217,1,0,216,212,65507,9,0,0,9,5
2020-08-10,US,Washington,Okanogan,877,4,0,48.54855019,-119.73872240000001,53047.0,2076.0836114859267,0.4561003420752566,873,864,4,0,860,861,42132,13,0,0,13,3
2020-08-10,US,Washington,Pacific,50,2,0,46.55418369,-123.7285716,53049.0,222.5090116149704,4.0,48,51,2,0,49,49,22036,-1,0,0,-1,2
2020-08-10,US,Washington,Pend Oreille,44,0,0,48.53234021,-117.2741804,53051.0,320.6062372486156,0.0,44,41,0,0,41,40,13602,3,0,0,3,1
2020-08-10,US,Washington,Pierce,5751,142,0,47.03892768,-122.14059579999999,53053.0,635.4836570973944,2.469135802469136,5609,5682,140,0,5542,5606,891299,69,2,0,67,76
2020-08-10,US,Washington,San Juan,28,0,0,48.60182783,-122.96745,53055.0,159.2537822773291,0.0,28,28,0,0,28,28,17128,0,0,0,0,0
2020-08-10,US,Washington,Skagit,890,22,0,48.48171488,-121.766131,53057.0,688.8278317402577,2.4719101123595504,868,880,21,0,859,876,128206,10,1,0,9,4
2020-08-10,US,Washington,Skamania,57,1,0,46.02408726,-121.91644029999999,53059.0,471.737151369693,1.7543859649122806,56,57,1,0,56,57,11924,0,0,0,0,0
2020-08-10,US,Washington,Snohomish,5486,193,0,48.04615983,-121.7170703,53061.0,667.3292112840188,3.5180459351075464,5293,5465,193,0,5272,5423,814901,21,0,0,21,42
2020-08-10,US,Washington,Spokane,4504,90,0,47.62113146,-117.4046494,53063.0,861.5182154484141,1.9982238010657196,4414,4442,89,0,4353,4415,514631,62,1,0,61,27
2020-08-10,US,Washington,Stevens,110,1,0,48.40035475,-117.8542701,53065.0,240.57913960151348,0.9090909090909092,109,110,1,0,109,108,45260,0,0,0,0,2
2020-08-10,US,Washington,Thurston,732,11,0,46.9291895,-122.82906559999999,53067.0,251.9481234683481,1.5027322404371584,721,717,11,0,706,708,286419,15,0,0,15,9
2020-08-10,US,Washington,Unassigned,202,2,0,0.0,0.0,90053.0,0.0,0.99009900990099,200,208,2,0,206,192,,-6,0,0,-6,16
2020-08-10,US,Washington,Wahkiakum,5,0,0,46.29180039999999,-123.4250831,53069.0,111.40819964349377,0.0,5,5,0,0,5,5,4426,0,0,0,0,0
2020-08-10,US,Washington,Walla Walla,547,3,0,46.23040051,-118.4775539,53071.0,900.2633311389071,0.5484460694698354,544,533,3,0,530,522,60922,14,0,0,14,11
2020-08-10,US,Washington,Whatcom,990,40,0,48.82227976,-121.74900179999999,53073.0,431.84861743010816,4.040404040404041,950,989,39,0,950,982,225685,1,1,0,0,7
2020-08-10,US,Washington,Whitman,105,0,0,46.90022523,-117.52417630000001,53075.0,209.56410665815102,0.0,105,104,0,0,104,104,49791,1,0,0,1,0
2020-08-10,US,Washington,Yakima,10367,212,0,46.45738486,-120.73801259999999,53077.0,4132.369764781383,2.044950323140735,10155,10325,211,0,10114,10269,251446,42,1,0,41,56
2020-08-10,US,West Virginia,Barbour,29,1,0,39.1307219,-80.00350858,54001.0,176.38829754881093,3.4482758620689653,28,29,1,0,28,29,16535,0,0,0,0,0
2020-08-10,US,West Virginia,Berkeley,698,11,0,39.46704621,-78.02414609,54003.0,585.7129670809173,1.5759312320916905,687,696,11,0,685,693,117123,2,0,0,2,3
2020-08-10,US,West Virginia,Boone,101,0,0,38.01974191,-81.69888019,54005.0,470.7088595796244,0.0,101,101,0,0,101,100,21951,0,0,0,0,1
2020-08-10,US,West Virginia,Braxton,8,0,0,38.70036159,-80.72011184,54007.0,57.31890807480117,0.0,8,8,0,0,8,8,14089,0,0,0,0,0
2020-08-10,US,West Virginia,Brooke,64,1,0,40.27367263,-80.57915332,54009.0,291.71794521172336,1.5625,63,64,1,0,63,62,22203,0,0,0,0,2
2020-08-10,US,West Virginia,Cabell,404,3,0,38.42424062,-82.23855912,54011.0,439.3931154494535,0.7425742574257426,401,400,3,0,397,389,93224,4,0,0,4,11
2020-08-10,US,West Virginia,Calhoun,6,0,0,38.84315422,-81.11934872,54013.0,84.40005626670418,0.0,6,6,0,0,6,6,7254,0,0,0,0,0
2020-08-10,US,West Virginia,Clay,18,1,0,38.46231092,-81.07652217,54015.0,211.56558533145275,5.5555555555555545,17,18,1,0,17,18,8632,0,0,0,0,0
2020-08-10,US,West Virginia,Doddridge,6,0,0,39.27057157,-80.70671527,54017.0,71.02272727272727,0.0,6,6,0,0,6,6,8406,0,0,0,0,0
2020-08-10,US,West Virginia,Fayette,151,7,0,38.02974928,-81.08286634,54019.0,356.0816865537896,4.635761589403972,144,148,7,0,141,144,43018,3,0,0,3,4
2020-08-10,US,West Virginia,Gilmer,17,0,0,38.9251277,-80.85952723,54021.0,217.30793813115173,0.0,17,16,0,0,16,16,8026,1,0,0,1,0
2020-08-10,US,West Virginia,Grant,121,1,0,39.10314817,-79.19440518,54023.0,1045.9889349930845,0.8264462809917356,120,121,1,0,120,119,11626,0,0,0,0,2
2020-08-10,US,West Virginia,Greenbrier,93,3,0,37.9463652,-80.45335881,54025.0,268.3053487969534,3.2258064516129035,90,93,3,0,90,92,34786,0,0,0,0,1
2020-08-10,US,West Virginia,Hampshire,76,1,0,39.32103553,-78.60826476,54027.0,327.9395900755124,1.3157894736842106,75,76,1,0,75,76,23347,0,0,0,0,0
2020-08-10,US,West Virginia,Hancock,112,0,0,40.51943859,-80.57461608,54029.0,388.753904894134,0.0,112,112,0,0,112,111,29094,0,0,0,0,1
2020-08-10,US,West Virginia,Hardy,61,0,0,39.00683177,-78.85855301,54031.0,442.7990708478514,0.0,61,58,0,0,58,58,13775,3,0,0,3,0
2020-08-10,US,West Virginia,Harrison,226,1,0,39.2853852,-80.37919577,54033.0,336.02949922683484,0.4424778761061947,225,221,1,0,220,219,67554,5,0,0,5,2
2020-08-10,US,West Virginia,Jackson,165,19,0,38.84263974,-81.68148753,54035.0,577.407614781635,11.515151515151516,146,162,19,0,143,162,28706,3,0,0,3,0
2020-08-10,US,West Virginia,Jefferson,296,4,0,39.30776166,-77.86014147,54037.0,517.9715115668638,1.351351351351351,292,294,4,0,290,294,56811,2,0,0,2,0
2020-08-10,US,West Virginia,Kanawha,938,24,0,38.33860077,-81.52857054,54039.0,526.599447575846,2.55863539445629,914,935,23,0,912,911,180454,3,1,0,2,24
2020-08-10,US,West Virginia,Lewis,29,2,0,38.9947249,-80.49988181,54041.0,182.30967498585528,6.896551724137932,27,29,2,0,27,29,16024,0,0,0,0,0
2020-08-10,US,West Virginia,Lincoln,88,0,0,38.172154,-82.07017953,54043.0,431.1823215248175,0.0,88,88,0,0,88,88,20599,0,0,0,0,0
2020-08-10,US,West Virginia,Logan,234,4,0,37.8299889,-81.93528571,54045.0,730.8160779537151,1.709401709401709,230,228,3,0,225,221,32607,6,1,0,5,7
2020-08-10,US,West Virginia,Marion,191,2,0,39.50984542,-80.24244659,54049.0,340.63347125124835,1.0471204188481675,189,191,2,0,189,186,56097,0,0,0,0,5
2020-08-10,US,West Virginia,Marshall,131,1,0,39.86064362,-80.66591062,54051.0,429.0720906619501,0.7633587786259542,130,131,1,0,130,131,30785,0,0,0,0,0
2020-08-10,US,West Virginia,Mason,56,1,0,38.77071799,-82.02524219,54053.0,211.1932418162619,1.7857142857142858,55,56,1,0,55,54,26718,0,0,0,0,2
2020-08-10,US,West Virginia,McDowell,64,0,0,37.38002939,-81.65083669,54047.0,363.14117113027686,0.0,64,62,0,0,62,58,18223,2,0,0,2,4
2020-08-10,US,West Virginia,Mercer,200,11,0,37.40481169,-81.11023142,54055.0,340.3791824092038,5.5,189,196,11,0,185,182,59131,4,0,0,4,14
2020-08-10,US,West Virginia,Mineral,123,4,0,39.41561583,-78.94104895,54057.0,457.7936578829835,3.2520325203252027,119,121,4,0,117,120,26940,2,0,0,2,1
2020-08-10,US,West Virginia,Mingo,173,5,0,37.73048351,-82.13338365,54059.0,738.5587431693988,2.8901734104046244,168,173,5,0,168,172,23785,0,0,0,0,1
2020-08-10,US,West Virginia,Monongalia,945,5,0,39.63218457,-80.04766838,54061.0,894.7846835586865,0.5291005291005291,940,939,5,0,934,938,106420,6,0,0,6,1
2020-08-10,US,West Virginia,Monroe,21,0,0,37.56274716,-80.54577965,54063.0,158.19209039548022,0.0,21,21,0,0,21,21,13280,0,0,0,0,0
2020-08-10,US,West Virginia,Morgan,29,0,0,39.55439028,-78.26311676,54065.0,162.1561171997316,0.0,29,28,0,0,28,26,17787,1,0,0,1,2
2020-08-10,US,West Virginia,Nicholas,37,1,0,38.29617706,-80.79759588,54067.0,151.0450685826257,2.702702702702702,36,37,1,0,36,37,24842,0,0,0,0,0
2020-08-10,US,West Virginia,Ohio,269,4,0,40.0955451,-80.62203992,54069.0,649.5858588297798,1.4869888475836432,265,268,4,0,264,266,41755,1,0,0,1,2
2020-08-10,US,West Virginia,Pendleton,41,1,0,38.68314479,-79.35084086,54071.0,588.3197015353709,2.4390243902439024,40,40,1,0,39,39,6997,1,0,0,1,1
2020-08-10,US,West Virginia,Pleasants,13,1,0,39.37091679,-81.16771771,54073.0,174.2627345844504,7.6923076923076925,12,13,1,0,12,12,7507,0,0,0,0,1
2020-08-10,US,West Virginia,Pocahontas,41,0,0,38.32758728,-80.00993811,54075.0,497.1504789620468,0.0,41,41,0,0,41,41,8414,0,0,0,0,0
2020-08-10,US,West Virginia,Preston,125,4,0,39.46770987,-79.66712803,54077.0,373.8932759033261,3.2,121,125,4,0,121,124,33839,0,0,0,0,1
2020-08-10,US,West Virginia,Putnam,195,0,0,38.50782345,-81.9082131,54079.0,345.438441098317,0.0,195,195,0,0,195,193,56682,0,0,0,0,2
2020-08-10,US,West Virginia,Raleigh,255,1,0,37.76936795,-81.2456041,54081.0,347.596134185739,0.392156862745098,254,253,1,0,252,227,74254,2,0,0,2,26
2020-08-10,US,West Virginia,Randolph,210,0,0,38.769899,-79.87919615,54083.0,731.8348144276006,0.0,210,210,0,0,210,208,28823,0,0,0,0,2
2020-08-10,US,West Virginia,Ritchie,3,0,0,39.18094587,-81.06356878,54085.0,31.400460540087924,0.0,3,3,0,0,3,3,9721,0,0,0,0,0
2020-08-10,US,West Virginia,Roane,15,1,0,38.71622686,-81.35243568,54087.0,109.58503798947984,6.666666666666668,14,15,1,0,14,15,13932,0,0,0,0,0
2020-08-10,US,West Virginia,Summers,12,0,0,37.65390597,-80.86009693,54089.0,95.44261512765448,0.0,12,11,0,0,11,10,12760,1,0,0,1,1
2020-08-10,US,West Virginia,Taylor,56,1,0,39.33602617,-80.0421439,54091.0,335.4297693920336,1.7857142857142858,55,56,1,0,55,56,16862,0,0,0,0,0
2020-08-10,US,West Virginia,Tucker,10,0,0,39.11240885,-79.57053576,54093.0,146.22020763269484,0.0,10,10,0,0,10,10,6955,0,0,0,0,0
2020-08-10,US,West Virginia,Tyler,13,0,0,39.46811972,-80.88772676,54095.0,151.32115004074032,0.0,13,13,0,0,13,13,8746,0,0,0,0,0
2020-08-10,US,West Virginia,Upshur,40,0,0,38.89285061,-80.23689136,54097.0,165.45334215751157,0.0,40,40,0,0,40,39,24415,0,0,0,0,1
2020-08-10,US,West Virginia,Wayne,210,9,0,38.14901357,-82.42287994,54099.0,532.9678696512867,4.285714285714286,201,208,9,0,199,203,39944,2,0,0,2,5
2020-08-10,US,West Virginia,Webster,4,0,0,38.49370949,-80.4202023,54101.0,49.297510475720976,0.0,4,4,0,0,4,4,8285,0,0,0,0,0
2020-08-10,US,West Virginia,Wetzel,43,0,0,39.6065771,-80.64016540000001,54103.0,285.4298041818785,0.0,43,42,0,0,42,42,15270,1,0,0,1,0
2020-08-10,US,West Virginia,Wirt,7,0,0,39.02775007,-81.37473928,54105.0,120.25425184676172,0.0,7,6,0,0,6,6,5830,1,0,0,1,0
2020-08-10,US,West Virginia,Wood,250,5,0,39.20967886,-81.5162836,54107.0,299.33666993941426,2.0,245,247,5,0,242,245,84203,3,0,0,3,2
2020-08-10,US,West Virginia,Wyoming,34,1,0,37.612327,-81.54511071,54109.0,166.71570069628322,2.9411764705882355,33,31,1,0,30,31,20786,3,0,0,3,0
2020-08-10,US,Wisconsin,Adams,86,2,0,43.96974651,-89.76782777,55001.0,425.3214638971315,2.3255813953488373,84,85,2,0,83,85,20348,1,0,0,1,0
2020-08-10,US,Wisconsin,Ashland,25,1,0,46.31956891,-90.67837132,55003.0,160.64773165402906,4.0,24,25,1,0,24,24,15600,0,0,0,0,1
2020-08-10,US,Wisconsin,Barron,295,3,0,45.42372701,-91.84833627,55005.0,652.0201573689329,1.0169491525423728,292,293,3,0,290,291,45164,2,0,0,2,2
2020-08-10,US,Wisconsin,Bayfield,28,1,0,46.52868768,-91.19716729,55007.0,186.2197392923649,3.571428571428572,27,27,1,0,26,23,15042,1,0,0,1,4
2020-08-10,US,Wisconsin,Brown,4264,54,0,44.452655299999996,-88.00411844,55009.0,1611.8423539551377,1.2664165103189493,4210,4264,54,0,4210,4240,263378,0,0,0,0,24
2020-08-10,US,Wisconsin,Buffalo,44,2,0,44.37835084,-91.75332578,55011.0,337.65635791573936,4.545454545454546,42,43,2,0,41,43,13125,1,0,0,1,0
2020-08-10,US,Wisconsin,Burnett,22,1,0,45.86303537,-92.36711412,55013.0,142.72739068379394,4.545454545454546,21,22,1,0,21,22,15392,0,0,0,0,0
2020-08-10,US,Wisconsin,Calumet,330,2,0,44.0816316,-88.21780273,55015.0,658.8272874283775,0.6060606060606061,328,320,2,0,318,313,50159,10,0,0,10,7
2020-08-10,US,Wisconsin,Chippewa,239,0,0,45.06939744,-91.28068855,55017.0,369.63716786785864,0.0,239,230,0,0,230,227,64135,9,0,0,9,3
2020-08-10,US,Wisconsin,Clark,188,7,0,44.73483377,-90.61207486,55019.0,540.6338068671996,3.723404255319149,181,184,7,0,177,183,34709,4,0,0,4,1
2020-08-10,US,Wisconsin,Columbia,252,1,0,43.46492199,-89.33589004,55021.0,438.0171035249948,0.3968253968253968,251,248,1,0,247,245,57358,4,0,0,4,3
2020-08-10,US,Wisconsin,Crawford,75,0,0,43.23870316,-90.93073686,55023.0,464.9432769202157,0.0,75,75,0,0,75,74,16291,0,0,0,0,1
2020-08-10,US,Wisconsin,Dane,4554,38,0,43.06601594,-89.41733797,55025.0,833.0056064167405,0.8344312692138779,4516,4536,39,0,4497,4492,542364,18,-1,0,19,44
2020-08-10,US,Wisconsin,Dodge,835,5,0,43.41576662,-88.70928178,55027.0,950.6028074090095,0.5988023952095808,830,819,5,0,814,808,87847,16,0,0,16,11
2020-08-10,US,Wisconsin,Door,106,3,0,44.95856458,-87.30002707,55029.0,383.1140667919618,2.830188679245283,103,106,3,0,103,103,27610,0,0,0,0,3
2020-08-10,US,Wisconsin,Douglas,186,0,0,46.43222285,-91.91595768,55031.0,431.0544611819235,0.0,186,173,0,0,173,172,43208,13,0,0,13,1
2020-08-10,US,Wisconsin,Dunn,126,0,0,44.94562799,-91.8962481,55033.0,277.7287956268736,0.0,126,123,0,0,123,122,45131,3,0,0,3,1
2020-08-10,US,Wisconsin,Eau Claire,590,4,0,44.726614,-91.28609183,55035.0,563.8055921869924,0.6779661016949152,586,588,4,0,584,574,104534,2,0,0,2,14
2020-08-10,US,Wisconsin,Florence,8,0,0,45.84963535,-88.39804137,55037.0,186.26309662398137,0.0,8,8,0,0,8,8,4321,0,0,0,0,0
2020-08-10,US,Wisconsin,Fond du Lac,671,7,0,43.75354908,-88.48885325,55039.0,648.9173428237093,1.0432190760059612,664,657,7,0,650,635,103066,14,0,0,14,22
2020-08-10,US,Wisconsin,Forest,59,4,0,45.66678019,-88.77084892,55041.0,655.264326965793,6.779661016949151,55,59,4,0,55,59,8991,0,0,0,0,0
2020-08-10,US,Wisconsin,Grant,357,15,0,42.8671731,-90.7063218,55043.0,694.025933630125,4.201680672268908,342,356,15,0,341,352,51554,1,0,0,1,4
2020-08-10,US,Wisconsin,Green,167,1,0,42.6794956,-89.60243287,55045.0,451.8398268398269,0.5988023952095808,166,162,1,0,161,158,36929,5,0,0,5,4
2020-08-10,US,Wisconsin,Green Lake,56,0,0,43.80025981,-89.04679553,55047.0,296.09263469571187,0.0,56,56,0,0,56,55,18918,0,0,0,0,1
2020-08-10,US,Wisconsin,Iowa,82,0,0,43.00050278,-90.13469017,55049.0,346.31303319537125,0.0,82,80,0,0,80,79,23771,2,0,0,2,1
2020-08-10,US,Wisconsin,Iron,75,1,0,46.26302338,-90.24295041,55051.0,1318.7972569017054,1.3333333333333333,74,75,1,0,74,74,5676,0,0,0,0,1
2020-08-10,US,Wisconsin,Jackson,58,1,0,44.31864893,-90.80566792,55053.0,280.96691372378046,1.7241379310344829,57,58,1,0,57,58,20478,0,0,0,0,0
2020-08-10,US,Wisconsin,Jefferson,637,5,0,43.02054068,-88.77529134,55055.0,751.4539513265463,0.7849293563579278,632,631,5,0,626,624,85129,6,0,0,6,7
2020-08-10,US,Wisconsin,Juneau,138,1,0,43.92456975,-90.11120239,55057.0,517.1057068984899,0.7246376811594203,137,137,1,0,136,137,26617,1,0,0,1,0
2020-08-10,US,Wisconsin,Kenosha,2681,60,0,42.57639354,-88.04051686,55059.0,1581.1418899393134,2.2379709063782167,2621,2667,60,0,2607,2659,169290,14,0,0,14,8
2020-08-10,US,Wisconsin,Kewaunee,131,2,0,44.51727459,-87.61468386,55061.0,641.0883821082509,1.5267175572519085,129,131,2,0,129,130,20383,0,0,0,0,1
2020-08-10,US,Wisconsin,La Crosse,914,1,0,43.90632465,-91.11451093,55063.0,774.4712581344902,0.10940919037199123,913,908,1,0,907,896,118230,6,0,0,6,12
2020-08-10,US,Wisconsin,Lafayette,143,0,0,42.66005229,-90.1317729,55065.0,858.085808580858,0.0,143,139,0,0,139,130,16665,4,0,0,4,9
2020-08-10,US,Wisconsin,Langlade,65,1,0,45.26271619,-89.07483625,55067.0,338.735734014279,1.5384615384615383,64,65,1,0,64,63,19268,0,0,0,0,2
2020-08-10,US,Wisconsin,Lincoln,68,0,0,45.33737523,-89.73411273,55069.0,246.4393143188489,0.0,68,68,0,0,68,68,27689,0,0,0,0,0
2020-08-10,US,Wisconsin,Manitowoc,345,1,0,44.11946801,-87.80928853,55071.0,436.81391727124253,0.2898550724637681,344,337,1,0,336,332,79074,8,0,0,8,5
2020-08-10,US,Wisconsin,Marathon,655,9,0,44.89792533,-89.75863384,55073.0,482.7108451493088,1.3740458015267176,646,646,9,0,637,629,135428,9,0,0,9,17
2020-08-10,US,Wisconsin,Marinette,411,3,0,45.38553432,-88.03324599999998,55075.0,1018.5873605947957,0.7299270072992701,408,395,3,0,392,387,40434,16,0,0,16,8
2020-08-10,US,Wisconsin,Marquette,80,1,0,43.81911946,-89.40073763,55077.0,513.6766405547708,1.25,79,80,1,0,79,79,15434,0,0,0,0,1
2020-08-10,US,Wisconsin,Menominee,22,0,0,45.00422544,-88.70950714,55078.0,482.87971905179984,0.0,22,22,0,0,22,22,4658,0,0,0,0,0
2020-08-10,US,Wisconsin,Milwaukee,21178,456,0,43.00486062,-87.96733172,55079.0,2239.337820891041,2.1531778260458965,20722,21062,456,0,20606,20920,948201,116,0,0,116,142
2020-08-10,US,Wisconsin,Monroe,244,2,0,43.94641218,-90.61881899999999,55081.0,527.5333491881607,0.819672131147541,242,243,2,0,241,242,46051,1,0,0,1,1
2020-08-10,US,Wisconsin,Oconto,256,0,0,45.02715345,-88.26807503,55083.0,674.9274980226734,0.0,256,248,0,0,248,237,37830,8,0,0,8,11
2020-08-10,US,Wisconsin,Oneida,141,0,0,45.70677897,-89.51944105,55085.0,396.1230509903076,0.0,141,131,0,0,131,124,35470,10,0,0,10,7
2020-08-10,US,Wisconsin,Outagamie,1276,14,0,44.41578887,-88.46565023,55087.0,679.1388349256192,1.09717868338558,1262,1252,14,0,1238,1236,187365,24,0,0,24,16
2020-08-10,US,Wisconsin,Ozaukee,692,17,0,43.38352225,-87.94625009,55089.0,775.6021564429898,2.4566473988439306,675,692,17,0,675,676,89147,0,0,0,0,16
2020-08-10,US,Wisconsin,Pepin,42,0,0,44.58307413,-91.99949611,55091.0,576.3688760806916,0.0,42,42,0,0,42,42,7289,0,0,0,0,0
2020-08-10,US,Wisconsin,Pierce,224,2,0,44.71850291,-92.4224416,55093.0,523.9275857229733,0.8928571428571429,222,222,2,0,220,209,42555,2,0,0,2,13
2020-08-10,US,Wisconsin,Polk,132,2,0,45.46130348,-92.44182875,55095.0,301.48687846881217,1.5151515151515151,130,132,2,0,130,131,43598,0,0,0,0,1
2020-08-10,US,Wisconsin,Portage,420,0,0,44.47558711,-89.50152965,55097.0,593.4550387158762,0.0,420,411,0,0,411,405,70942,9,0,0,9,6
2020-08-10,US,Wisconsin,Price,33,0,0,45.68051754,-90.36098879999999,55099.0,247.17249644221405,0.0,33,32,0,0,32,33,13397,1,0,0,1,-1
2020-08-10,US,Wisconsin,Racine,3526,78,0,42.74753117,-88.05941254,55101.0,1796.1296106687853,2.212138400453772,3448,3514,78,0,3436,3499,196584,12,0,0,12,15
2020-08-10,US,Wisconsin,Richland,37,4,0,43.3762778,-90.43012729,55103.0,214.46788778112682,10.810810810810812,33,37,4,0,33,37,17377,0,0,0,0,0
2020-08-10,US,Wisconsin,Rock,1441,26,0,42.67151616,-89.07147900000002,55105.0,882.1332810950453,1.8043025676613464,1415,1432,26,0,1406,1425,163129,9,0,0,9,7
2020-08-10,US,Wisconsin,Rusk,21,1,0,45.47498854,-91.1333012,55107.0,148.11680067710537,4.761904761904762,20,20,1,0,19,20,14147,1,0,0,1,0
2020-08-10,US,Wisconsin,Sauk,444,3,0,43.42574087,-89.94966132,55111.0,688.9916514074672,0.6756756756756757,441,444,3,0,441,433,64249,0,0,0,0,11
2020-08-10,US,Wisconsin,Sawyer,69,0,0,45.87931905,-91.14504927,55113.0,416.71699480613603,0.0,69,67,0,0,67,59,16489,2,0,0,2,8
2020-08-10,US,Wisconsin,Shawano,200,0,0,44.78902246,-88.76443896,55115.0,489.0095112349935,0.0,200,196,0,0,196,190,40796,4,0,0,4,6
2020-08-10,US,Wisconsin,Sheboygan,753,9,0,43.72099677,-87.94579284,55117.0,652.8524362753598,1.195219123505976,744,746,9,0,737,742,115456,7,0,0,7,4
2020-08-10,US,Wisconsin,St. Croix,502,5,0,45.03437474,-92.45000068,55109.0,553.55232833813,0.99601593625498,497,493,5,0,488,485,89694,9,0,0,9,8
2020-08-10,US,Wisconsin,Taylor,71,1,0,45.21179252,-90.5004405,55119.0,349.01440298874303,1.4084507042253518,70,69,1,0,68,69,20412,2,0,0,2,0
2020-08-10,US,Wisconsin,Trempealeau,338,2,0,44.30360275,-91.35893614,55121.0,1140.0047219130493,0.591715976331361,336,336,2,0,334,336,29442,2,0,0,2,0
2020-08-10,US,Wisconsin,Vernon,64,0,0,43.59422667,-90.8324691,55123.0,207.6438907274025,0.0,64,64,0,0,64,62,30785,0,0,0,0,2
2020-08-10,US,Wisconsin,Vilas,55,0,0,46.05467334,-89.51719204,55125.0,247.80355936021638,0.0,55,53,0,0,53,53,21938,2,0,0,2,0
2020-08-10,US,Wisconsin,Walworth,1335,23,0,42.66858202,-88.54163073,55127.0,1285.2851696383873,1.7228464419475655,1312,1335,23,0,1312,1314,103718,0,0,0,0,21
2020-08-10,US,Wisconsin,Washburn,48,0,0,45.89838588,-91.79050449,55129.0,305.3435114503817,0.0,48,47,0,0,47,45,15878,1,0,0,1,2
2020-08-10,US,Wisconsin,Washington,1066,22,0,43.36863664,-88.22974712,55131.0,783.6276225061383,2.063789868667917,1044,1066,22,0,1044,1039,135693,0,0,0,0,27
2020-08-10,US,Wisconsin,Waukesha,4299,59,0,43.01833055,-88.30431188,55133.0,1063.5876476380388,1.3724121888811351,4240,4234,58,0,4176,4188,403072,65,1,0,64,46
2020-08-10,US,Wisconsin,Waupaca,468,15,0,44.47068056,-88.96534501,55135.0,917.8270249068444,3.2051282051282053,453,453,15,0,438,442,51128,15,0,0,15,11
2020-08-10,US,Wisconsin,Waushara,120,1,0,44.11324419,-89.24317107,55137.0,490.9381008877797,0.8333333333333334,119,116,1,0,115,115,24263,4,0,0,4,1
2020-08-10,US,Wisconsin,Winnebago,1193,18,0,44.06886922,-88.64477096,55139.0,693.9798844724182,1.5088013411567478,1175,1176,18,0,1158,1164,171020,17,0,0,17,12
2020-08-10,US,Wisconsin,Wood,305,1,0,44.45537896,-90.04158336,55141.0,417.8139426567488,0.3278688524590164,304,291,1,0,290,286,73055,14,0,0,14,5
2020-08-10,US,Wyoming,Albany,86,0,0,41.65498705,-105.72354150000001,56001.0,221.1934156378601,0.0,86,88,0,0,88,88,38601,-2,0,0,-2,0
2020-08-10,US,Wyoming,Big Horn,37,0,0,44.52405055,-107.9960365,56003.0,313.8252756573367,0.0,37,37,0,0,37,36,11881,0,0,0,0,1
2020-08-10,US,Wyoming,Campbell,124,0,0,44.24886082,-105.54744040000001,56005.0,267.5816231846529,0.0,124,123,0,0,123,123,46140,1,0,0,1,0
2020-08-10,US,Wyoming,Carbon,100,0,0,41.69357844,-106.9326084,56007.0,675.6756756756756,0.0,100,99,0,0,99,99,14971,1,0,0,1,0
2020-08-10,US,Wyoming,Converse,31,0,0,42.97272268,-105.5081848,56009.0,224.2801331211113,0.0,31,32,0,0,32,32,13640,-1,0,0,-1,0
2020-08-10,US,Wyoming,Crook,10,0,0,44.58855102,-104.56977049999999,56011.0,131.85654008438817,0.0,10,10,0,0,10,10,7450,0,0,0,0,0
2020-08-10,US,Wyoming,Fremont,497,0,0,43.04183996,-108.6296893,56013.0,1265.887267262678,0.0,497,504,0,0,504,503,39531,-7,0,0,-7,1
2020-08-10,US,Wyoming,Goshen,34,0,0,42.08798185,-104.3534743,56015.0,257.36128983422907,0.0,34,28,0,0,28,26,13376,6,0,0,6,2
2020-08-10,US,Wyoming,Hot Springs,23,0,0,43.71930657,-108.44231740000001,56017.0,521.1874008610922,0.0,23,22,0,0,22,23,4555,1,0,0,1,-1
2020-08-10,US,Wyoming,Johnson,23,1,0,44.04057166,-106.58451740000001,56019.0,272.35050325636473,4.3478260869565215,22,23,1,0,22,23,8460,0,0,0,0,0
2020-08-10,US,Wyoming,Laramie,495,0,0,41.30702520000001,-104.6887497,56021.0,497.4874371859297,0.0,495,502,0,0,502,498,98976,-7,0,0,-7,4
2020-08-10,US,Wyoming,Lincoln,103,0,0,42.26376367,-110.6563997,56023.0,519.4150277357538,0.0,103,103,0,0,103,100,19434,0,0,0,0,3
2020-08-10,US,Wyoming,Natrona,235,0,0,42.96180148,-106.79788500000001,56025.0,294.27233339177036,0.0,235,231,0,0,231,229,79115,4,0,0,4,2
2020-08-10,US,Wyoming,Niobrara,2,0,0,43.05607708,-104.47588959999999,56027.0,84.88964346349746,0.0,2,2,0,0,2,2,2388,0,0,0,0,0
2020-08-10,US,Wyoming,Park,135,0,0,44.52157546,-109.58528249999999,56029.0,462.4237857093924,0.0,135,134,0,0,134,132,29324,1,0,0,1,2
2020-08-10,US,Wyoming,Platte,5,0,0,42.13299116,-104.96633100000001,56031.0,59.57345406886692,0.0,5,5,0,0,5,5,8566,0,0,0,0,0
2020-08-10,US,Wyoming,Sheridan,73,0,0,44.79048913,-106.8862389,56033.0,239.46203050680663,0.0,73,74,0,0,74,72,30233,-1,0,0,-1,2
2020-08-10,US,Wyoming,Sublette,39,0,0,42.76558279,-109.91309220000001,56035.0,396.7043027158987,0.0,39,40,0,0,40,38,9813,-1,0,0,-1,2
2020-08-10,US,Wyoming,Sweetwater,260,0,0,41.65943896,-108.8827882,56037.0,614.0330160829417,0.0,260,259,0,0,259,257,43051,1,0,0,1,2
2020-08-10,US,Wyoming,Teton,370,0,0,43.93522482,-110.5890801,56039.0,1576.8837367882709,0.0,370,374,0,0,374,370,23081,-4,0,0,-4,4
2020-08-10,US,Wyoming,Uinta,277,0,0,41.2878183,-110.54757820000002,56041.0,1369.5243745673883,0.0,277,278,0,0,278,274,20299,-1,0,0,-1,4
2020-08-10,US,Wyoming,Unassigned,0,27,0,0.0,0.0,90056.0,0.0,0.0,-27,0,27,0,-27,0,,0,0,0,0,0
2020-08-10,US,Wyoming,Washakie,77,0,0,43.90451606,-107.68018700000002,56043.0,986.5470852017937,0.0,77,77,0,0,77,70,7885,0,0,0,0,7
2020-08-10,US,Wyoming,Weston,6,0,0,43.83961191,-104.56748809999999,56045.0,86.617583369424,0.0,6,5,0,0,5,5,6967,1,0,0,1,0
