Date,Country/Region,Province/State,Admin2,Confirmed,Deaths,Recovered,Latitude,Longitude,FIPS,Incidence_Rate,Case-Fatality_Ratio,Active Cases,Previous Confirmed,Previous Deaths,Previous Recovered,Previous Active,Prev2 Confirmed,Population,Daily Confirmed,Daily Deaths,Daily Recovered,Daily Active,Previous Daily Confirmed
2020-09-24,US,Alabama,Autauga,1738,25,0,32.53952745,-86.64408227,1001.0,0.0,1.43843498273878,1713,1715,25,0,1690,1714,55601,23,0,0,23,1
2020-09-24,US,Alabama,Baldwin,5165,50,0,30.72774991,-87.72207058,1003.0,0.0,0.968054211035818,5115,5141,49,0,5092,5124,218022,24,1,0,23,17
2020-09-24,US,Alabama,Barbour,857,7,0,31.868263,-85.3871286,1005.0,0.0,0.8168028004667445,850,851,7,0,844,848,24881,6,0,0,6,3
2020-09-24,US,Alabama,Bibb,642,10,0,32.99642064,-87.12511459999996,1007.0,0.0,1.557632398753894,632,638,10,0,628,635,22400,4,0,0,4,3
2020-09-24,US,Alabama,Blount,1594,15,0,33.98210918,-86.56790593,1009.0,0.0,0.9410288582183188,1579,1580,15,0,1565,1573,57840,14,0,0,14,7
2020-09-24,US,Alabama,Bullock,598,14,0,32.10030533,-85.71265535,1011.0,0.0,2.34113712374582,584,597,14,0,583,593,10138,1,0,0,1,4
2020-09-24,US,Alabama,Butler,913,39,0,31.75300095,-86.68057478,1013.0,0.0,4.271631982475356,874,911,39,0,872,911,19680,2,0,0,2,0
2020-09-24,US,Alabama,Calhoun,3466,41,0,33.77483727,-85.82630386,1015.0,0.0,1.1829197922677437,3425,3401,40,0,3361,3390,114277,65,1,0,64,11
2020-09-24,US,Alabama,Chambers,1151,42,0,32.91360079,-85.39072749,1017.0,0.0,3.6490008688097317,1109,1144,42,0,1102,1140,33615,7,0,0,7,4
2020-09-24,US,Alabama,Cherokee,591,15,0,34.17805983,-85.60638968,1019.0,0.0,2.538071065989848,576,583,15,0,568,575,26032,8,0,0,8,8
2020-09-24,US,Alabama,Chilton,1535,31,0,32.85044126,-86.7173256,1021.0,0.0,2.019543973941368,1504,1524,31,0,1493,1513,44153,11,0,0,11,11
2020-09-24,US,Alabama,Choctaw,346,12,0,32.02227341,-88.26564429999998,1023.0,0.0,3.4682080924855487,334,344,12,0,332,346,12841,2,0,0,2,-2
2020-09-24,US,Alabama,Clarke,1077,17,0,31.68099859,-87.83548597,1025.0,0.0,1.5784586815227484,1060,1070,17,0,1053,1063,23920,7,0,0,7,7
2020-09-24,US,Alabama,Clay,570,7,0,33.26984193,-85.85836077,1027.0,0.0,1.2280701754385963,563,554,7,0,547,553,13275,16,0,0,16,1
2020-09-24,US,Alabama,Cleburne,339,6,0,33.67679204,-85.52005899,1029.0,0.0,1.7699115044247788,333,335,6,0,329,334,14987,4,0,0,4,1
2020-09-24,US,Alabama,Coffee,1307,8,0,31.39932826,-85.98901039,1031.0,0.0,0.612088752869166,1299,1298,8,0,1290,1289,51909,9,0,0,9,9
2020-09-24,US,Alabama,Colbert,1636,26,0,34.69847452,-87.80168544,1033.0,0.0,1.5892420537897312,1610,1629,26,0,1603,1621,54762,7,0,0,7,8
2020-09-24,US,Alabama,Conecuh,531,11,0,31.43401703,-86.99320044,1035.0,0.0,2.071563088512241,520,530,11,0,519,530,12277,1,0,0,1,0
2020-09-24,US,Alabama,Coosa,167,3,0,32.93690146,-86.24847739,1037.0,0.0,1.7964071856287425,164,167,3,0,164,167,10715,0,0,0,0,0
2020-09-24,US,Alabama,Covington,1344,27,0,31.247785399999998,-86.45050893,1039.0,0.0,2.008928571428572,1317,1334,27,0,1307,1334,36986,10,0,0,10,0
2020-09-24,US,Alabama,Crenshaw,531,32,0,31.72941803,-86.31593104,1041.0,0.0,6.026365348399247,499,527,32,0,495,525,13824,4,0,0,4,2
2020-09-24,US,Alabama,Cullman,1885,19,0,34.13020303,-86.86888037,1043.0,0.0,1.0079575596816976,1866,1868,18,0,1850,1868,83442,17,1,0,16,0
2020-09-24,US,Alabama,Dale,1354,44,0,31.43037123,-85.61095742,1045.0,0.0,3.2496307237813884,1310,1346,44,0,1302,1341,48956,8,0,0,8,5
2020-09-24,US,Alabama,Dallas,1774,26,0,32.32688101,-87.10866709999998,1047.0,0.0,1.4656144306651635,1748,1759,26,0,1733,1762,38310,15,0,0,15,-3
2020-09-24,US,Alabama,DeKalb,2391,20,0,34.45946862,-85.80782906,1049.0,0.0,0.8364700961940611,2371,2375,19,0,2356,2375,71385,16,1,0,15,0
2020-09-24,US,Alabama,Elmore,2632,47,0,32.59785413,-86.14415284,1051.0,0.0,1.7857142857142858,2585,2596,47,0,2549,2586,81887,36,0,0,36,10
2020-09-24,US,Alabama,Escambia,1584,25,0,31.1256789,-87.15918694,1053.0,0.0,1.5782828282828285,1559,1577,25,0,1552,1573,36748,7,0,0,7,4
2020-09-24,US,Alabama,Etowah,3420,47,0,34.04567266,-86.04051873,1055.0,0.0,1.3742690058479532,3373,3402,47,0,3355,3384,102501,18,0,0,18,18
2020-09-24,US,Alabama,Fayette,443,8,0,33.72076938,-87.73886638,1057.0,0.0,1.8058690744920995,435,435,8,0,427,429,16433,8,0,0,8,6
2020-09-24,US,Alabama,Franklin,1755,29,0,34.44235334,-87.84289505,1059.0,0.0,1.6524216524216524,1726,1752,29,0,1723,1748,31363,3,0,0,3,4
2020-09-24,US,Alabama,Geneva,599,5,0,31.09389027,-85.83572839,1061.0,0.0,0.8347245409015025,594,586,4,0,582,584,26314,13,1,0,12,2
2020-09-24,US,Alabama,Greene,303,15,0,32.85504247,-87.95684022,1063.0,0.0,4.950495049504951,288,303,15,0,288,302,8233,0,0,0,0,1
2020-09-24,US,Alabama,Hale,628,28,0,32.76039258,-87.63284988,1065.0,0.0,4.4585987261146505,600,619,28,0,591,616,14726,9,0,0,9,3
2020-09-24,US,Alabama,Henry,486,5,0,31.51148016,-85.24267944,1067.0,0.0,1.02880658436214,481,483,5,0,478,480,17209,3,0,0,3,3
2020-09-24,US,Alabama,Houston,2781,23,0,31.15197924,-85.29939599,1069.0,0.0,0.8270406328658756,2758,2764,23,0,2741,2753,104722,17,0,0,17,11
2020-09-24,US,Alabama,Jackson,1546,11,0,34.78144169,-85.99750489,1071.0,0.0,0.7115135834411385,1535,1540,11,0,1529,1527,51736,6,0,0,6,13
2020-09-24,US,Alabama,Jefferson,19441,349,0,33.55554728,-86.89506300000002,1073.0,0.0,1.7951751453114553,19092,19306,349,0,18957,19230,659300,135,0,0,135,76
2020-09-24,US,Alabama,Lamar,363,2,0,33.77995024,-88.09668032,1075.0,0.0,0.5509641873278237,361,357,2,0,355,355,13844,6,0,0,6,2
2020-09-24,US,Alabama,Lauderdale,1682,33,0,34.90171875,-87.65624729,1077.0,0.0,1.961950059453032,1649,1673,33,0,1640,1662,92387,9,0,0,9,11
2020-09-24,US,Alabama,Lawrence,609,22,0,34.52041498,-87.31069453,1079.0,0.0,3.61247947454844,587,605,22,0,583,603,32957,4,0,0,4,2
2020-09-24,US,Alabama,Lee,5829,61,0,32.60154883,-85.35132246,1081.0,0.0,1.0464916795333676,5768,5792,61,0,5731,5765,163941,37,0,0,37,27
2020-09-24,US,Alabama,Limestone,2061,20,0,34.81185586,-86.98310072,1083.0,0.0,0.970402717127608,2041,2033,19,0,2014,2021,96174,28,1,0,27,12
2020-09-24,US,Alabama,Lowndes,653,27,0,32.1597283,-86.65158371,1085.0,0.0,4.134762633996937,626,652,27,0,625,651,9974,1,0,0,1,1
2020-09-24,US,Alabama,Macon,480,20,0,32.38759944,-85.69267724,1087.0,0.0,4.166666666666667,460,479,20,0,459,479,18439,1,0,0,1,0
2020-09-24,US,Alabama,Madison,7754,80,0,34.76327133,-86.55069633,1089.0,0.0,1.0317255610007738,7674,7709,78,0,7631,7674,366519,45,2,0,43,35
2020-09-24,US,Alabama,Marengo,708,20,0,32.24767634,-87.78796182,1091.0,0.0,2.824858757062147,688,705,19,0,686,702,19066,3,1,0,2,3
2020-09-24,US,Alabama,Marion,957,29,0,34.13697363,-87.88704173,1093.0,0.0,3.0303030303030303,928,954,29,0,925,952,29763,3,0,0,3,2
2020-09-24,US,Alabama,Marshall,3909,44,0,34.36975964,-86.30486727,1095.0,0.0,1.1256075722691226,3865,3892,44,0,3848,3889,96109,17,0,0,17,3
2020-09-24,US,Alabama,Mobile,13271,291,0,30.78472347,-88.20842409,1097.0,0.0,2.19275111144601,12980,13233,291,0,12942,13192,413757,38,0,0,38,41
2020-09-24,US,Alabama,Monroe,581,8,0,31.56729412,-87.36995001,1099.0,0.0,1.3769363166953528,573,580,8,0,572,579,21067,1,0,0,1,1
2020-09-24,US,Alabama,Montgomery,8778,179,0,32.2206831,-86.20969272,1101.0,0.0,2.039188881294145,8599,8748,177,0,8571,8711,225763,30,2,0,28,37
2020-09-24,US,Alabama,Morgan,3254,28,0,34.45500589,-86.85475946,1103.0,0.0,0.860479409956976,3226,3239,26,0,3213,3226,119089,15,2,0,13,13
2020-09-24,US,Alabama,Perry,540,7,0,32.64048341,-87.29770589,1105.0,0.0,1.2962962962962965,533,539,6,0,533,539,9140,1,1,0,0,0
2020-09-24,US,Alabama,Pickens,651,14,0,33.28094866,-88.08818103,1107.0,0.0,2.150537634408602,637,645,14,0,631,639,19938,6,0,0,6,6
2020-09-24,US,Alabama,Pike,1187,9,0,31.80396383,-85.9408295,1109.0,0.0,0.7582139848357203,1178,1179,9,0,1170,1172,33338,8,0,0,8,7
2020-09-24,US,Alabama,Randolph,637,13,0,33.29526734,-85.45708831,1111.0,0.0,2.0408163265306123,624,627,13,0,614,624,22725,10,0,0,10,3
2020-09-24,US,Alabama,Russell,1744,2,0,32.28725256,-85.18415324,1113.0,0.0,0.1146788990825688,1742,1732,2,0,1730,1730,57781,12,0,0,12,2
2020-09-24,US,Alabama,Shelby,5849,51,0,33.26879845,-86.66232561,1117.0,0.0,0.8719439220379552,5798,5787,50,0,5737,5765,215707,62,1,0,61,22
2020-09-24,US,Alabama,St. Clair,2278,37,0,33.71902176,-86.31029372,1115.0,0.0,1.6242317822651449,2241,2263,37,0,2226,2255,88690,15,0,0,15,8
2020-09-24,US,Alabama,Sumter,434,19,0,32.59117397,-88.19916205,1119.0,0.0,4.377880184331797,415,432,19,0,413,423,12691,2,0,0,2,9
2020-09-24,US,Alabama,Talladega,2127,28,0,33.37823223,-86.16886178,1121.0,0.0,1.3164080865068173,2099,2106,28,0,2078,2099,79828,21,0,0,21,7
2020-09-24,US,Alabama,Tallapoosa,1146,85,0,32.86698258,-85.79833053,1123.0,0.0,7.417102966841186,1061,1138,85,0,1053,1139,40497,8,0,0,8,-1
2020-09-24,US,Alabama,Tuscaloosa,7496,119,0,33.28726072,-87.52556818,1125.0,0.0,1.587513340448239,7377,7418,116,0,7302,7355,208911,78,3,0,75,63
2020-09-24,US,Alabama,Walker,2284,83,0,33.80270512,-87.30027177,1127.0,0.0,3.6339754816112078,2201,2253,83,0,2170,2250,63711,31,0,0,31,3
2020-09-24,US,Alabama,Washington,556,13,0,31.4092794,-88.20689944,1129.0,0.0,2.338129496402878,543,551,13,0,538,549,16378,5,0,0,5,2
2020-09-24,US,Alabama,Wilcox,531,11,0,31.98773215,-87.30891118,1131.0,0.0,2.071563088512241,520,530,11,0,519,530,10627,1,0,0,1,0
2020-09-24,US,Alabama,Winston,737,12,0,34.15030532,-87.37325922,1133.0,0.0,1.6282225237449115,725,718,12,0,706,718,23660,19,0,0,19,0
2020-09-24,US,Alaska,Aleutians East,2,0,0,55.32222414,-161.9722021,2013.0,59.93407252022774,0.0,2,2,0,0,2,2,3515,0,0,0,0,0
2020-09-24,US,Alaska,Aleutians West,8,0,0,52.3233,-174.1596,2016.0,141.9950301739439,0.0,8,8,0,0,8,8,5723,0,0,0,0,0
2020-09-24,US,Alaska,Anchorage,3996,28,0,61.14998174,-149.14269860000005,2020.0,1387.5,0.7007007007007007,3968,3926,28,0,3898,3904,291538,70,0,0,70,22
2020-09-24,US,Alaska,Bethel,102,1,0,60.90980451,-159.8561831,2050.0,554.7699336451648,0.9803921568627452,101,96,1,0,95,95,18216,6,0,0,6,1
2020-09-24,US,Alaska,Bristol Bay,10,0,0,58.74513976,-156.701064,2060.0,1196.1722488038274,0.0,10,10,0,0,10,10,877,0,0,0,0,0
2020-09-24,US,Alaska,Denali,3,0,0,63.67264044,-150.0076108,2068.0,143.06151645207441,0.0,3,2,0,0,2,2,2059,1,0,0,1,0
2020-09-24,US,Alaska,Dillingham,8,0,0,59.79603738,-158.23819419999995,2070.0,162.73393002441009,0.0,8,8,0,0,8,8,5000,0,0,0,0,0
2020-09-24,US,Alaska,Fairbanks North Star,1013,10,0,64.80726247,-146.5692662,2090.0,1045.9581410236553,0.987166831194472,1003,1001,9,0,992,987,98971,12,1,0,11,14
2020-09-24,US,Alaska,Haines,5,0,0,59.09893571,-135.4679843,2100.0,197.6284584980237,0.0,5,5,0,0,5,5,2474,0,0,0,0,0
2020-09-24,US,Alaska,Juneau,280,1,0,58.45031811,-134.200436,2110.0,875.7115156064302,0.35714285714285715,279,273,1,0,272,271,32113,7,0,0,7,2
2020-09-24,US,Alaska,Kenai Peninsula,442,2,0,60.24429722,-151.53888840000005,2122.0,752.8786536758194,0.4524886877828054,440,440,2,0,438,435,58533,2,0,0,2,5
2020-09-24,US,Alaska,Ketchikan Gateway,49,0,0,55.57445008,-130.975561,2130.0,352.49262642975333,0.0,49,49,0,0,49,49,13918,0,0,0,0,0
2020-09-24,US,Alaska,Kodiak Island,21,0,0,57.65529415,-153.7493579,2150.0,161.56331743345132,0.0,21,21,0,0,21,21,13345,0,0,0,0,0
2020-09-24,US,Alaska,Kusilvak,12,0,0,62.15429159999999,-163.39678830000003,2158.0,144.3348568679336,0.0,12,12,0,0,12,12,8303,0,0,0,0,0
2020-09-24,US,Alaska,Matanuska-Susitna,591,2,0,62.31305045,-149.5741743,2170.0,545.6207243553644,0.33840947546531297,589,587,2,0,585,584,107610,4,0,0,4,3
2020-09-24,US,Alaska,Nome,61,0,0,64.90320724,-164.0353804,2180.0,609.7560975609756,0.0,61,57,0,0,57,57,10008,4,0,0,4,0
2020-09-24,US,Alaska,North Slope,112,0,0,69.31479216,-153.4836093,2185.0,1139.1375101708709,0.0,112,96,0,0,96,93,9872,16,0,0,16,3
2020-09-24,US,Alaska,Northwest Arctic,102,0,0,67.04919196,-159.7503946,2188.0,1338.407033197743,0.0,102,98,0,0,98,98,7671,4,0,0,4,0
2020-09-24,US,Alaska,Petersburg,7,1,0,57.13978948,-132.9540995,2195.0,214.32945499081444,14.285714285714285,6,7,1,0,6,7,3221,0,0,0,0,0
2020-09-24,US,Alaska,Prince of Wales-Hyder,31,0,0,55.76261984,-133.0511621,2198.0,499.7581815250685,0.0,31,30,0,0,30,30,6422,1,0,0,1,0
2020-09-24,US,Alaska,Sitka,45,0,0,57.24124555,-135.3206587,2220.0,529.848110208407,0.0,45,44,0,0,44,44,8647,1,0,0,1,0
2020-09-24,US,Alaska,Southeast Fairbanks,24,0,0,63.87692095,-143.2127643,2240.0,348.17931234585814,0.0,24,24,0,0,24,22,6918,0,0,0,0,2
2020-09-24,US,Alaska,Unassigned,17,0,0,0.0,0.0,90002.0,0.0,0.0,17,17,0,0,17,1,,0,0,0,0,16
2020-09-24,US,Alaska,Valdez-Cordova,76,0,0,61.47502768,-144.7126799,2261.0,825.9074114322972,0.0,76,76,0,0,76,76,9164,0,0,0,0,0
2020-09-24,US,Alaska,Wrangell,13,0,0,56.3202004,-132.05837309999998,2275.0,519.5843325339728,0.0,13,13,0,0,13,13,2503,0,0,0,0,0
2020-09-24,US,Alaska,Yakutat,23,0,0,59.890980799999994,-140.36014509999998,2282.0,3972.3661485319517,0.0,23,23,0,0,23,23,604,0,0,0,0,0
2020-09-24,US,Alaska,Yukon-Koyukuk,79,1,0,65.50815459,-151.39073869999999,2290.0,1510.5162523900574,1.2658227848101269,78,79,1,0,78,79,5327,0,0,0,0,0
2020-09-24,US,Arizona,Apache,3495,164,0,35.39465006,-109.4892383,4001.0,4861.796986937833,4.69241773962804,3331,3476,164,0,3312,3462,71818,19,0,0,19,14
2020-09-24,US,Arizona,Cochise,1889,71,0,31.87934684,-109.7516088,4003.0,1500.1350042089548,3.758602435150873,1818,1886,71,0,1815,1887,126770,3,0,0,3,-1
2020-09-24,US,Arizona,Coconino,3918,133,0,35.83883429,-111.77071780000001,4005.0,2730.7703030471994,3.394589076059214,3785,3819,133,0,3686,3777,142854,99,0,0,99,42
2020-09-24,US,Arizona,Gila,1268,54,0,33.80190085,-110.8132779,4007.0,2347.3656929171757,4.2586750788643535,1214,1245,51,0,1194,1247,53889,23,3,0,20,-2
2020-09-24,US,Arizona,Graham,811,25,0,32.93166885,-109.8882178,4009.0,2088.214846666838,3.082614056720099,786,808,24,0,784,797,38072,3,1,0,2,11
2020-09-24,US,Arizona,Greenlee,59,0,0,33.21498827,-109.2405279,4011.0,621.1834070330598,0.0,59,59,2,0,57,58,9483,0,-2,0,2,1
2020-09-24,US,Arizona,La Paz,538,15,0,33.72854224,-113.98100290000001,4012.0,2548.796664771651,2.7881040892193307,523,536,15,0,521,536,21098,2,0,0,2,0
2020-09-24,US,Arizona,Maricopa,140584,3329,0,33.34835867,-112.49181540000001,4013.0,3134.248031508351,2.367979286405281,137255,140409,3304,0,137105,140314,4410824,175,25,0,150,95
2020-09-24,US,Arizona,Mohave,3947,222,0,35.70471703,-113.7577902,4015.0,1860.204259570838,5.624524955662528,3725,3930,223,0,3707,3914,209550,17,-1,0,18,16
2020-09-24,US,Arizona,Navajo,5770,233,0,35.3997715,-110.3218983,4017.0,5201.759763441636,4.038128249566724,5537,5763,233,0,5530,5751,110445,7,0,0,7,12
2020-09-24,US,Arizona,Pima,25140,617,0,32.0971334,-111.7890033,4019.0,2400.506455299877,2.454256165473349,24523,25004,613,0,24391,24798,1039073,136,4,0,132,206
2020-09-24,US,Arizona,Pinal,10462,207,0,32.90525627,-111.3449483,4021.0,2260.6414586344963,1.9785891798891224,10255,10422,206,0,10216,10397,447138,40,1,0,39,25
2020-09-24,US,Arizona,Santa Cruz,2830,63,0,31.52508998,-110.8479088,4023.0,6086.283281001333,2.2261484098939928,2767,2823,63,0,2760,2824,46511,7,0,0,7,-1
2020-09-24,US,Arizona,Unassigned,3,2,0,0.0,0.0,90004.0,0.0,66.66666666666667,1,,,,,1,,,,,,
2020-09-24,US,Arizona,Yavapai,2506,80,0,34.59933926,-112.5538588,4025.0,1065.9339257078932,3.1923383878691136,2426,2495,79,0,2416,2489,231993,11,1,0,10,6
2020-09-24,US,Arizona,Yuma,12632,344,0,32.76895712,-113.90666740000002,4027.0,5908.684812453517,2.7232425585813806,12288,12609,344,0,12265,12594,212128,23,0,0,23,15
2020-09-24,US,Arkansas,Arkansas,376,5,0,34.29145151,-91.37277296,5001.0,2150.2916619009493,1.3297872340425532,371,371,5,0,366,363,17769,5,0,0,5,8
2020-09-24,US,Arkansas,Ashley,429,10,0,33.19153461,-91.76984709999999,5003.0,2182.428651371013,2.331002331002331,419,428,9,0,419,425,20046,1,1,0,0,3
2020-09-24,US,Arkansas,Baxter,317,2,0,36.28784385,-92.33782872,5005.0,755.9858819040352,0.6309148264984227,315,302,2,0,300,290,41619,15,0,0,15,12
2020-09-24,US,Arkansas,Benton,6458,84,0,36.33644656,-94.25680817,5007.0,2313.5261391196564,1.3007122948281202,6374,6399,82,0,6317,6335,272608,59,2,0,57,64
2020-09-24,US,Arkansas,Boone,688,10,0,36.3084504,-93.09374925,5009.0,1837.9995725582392,1.4534883720930232,678,664,10,0,654,656,37480,24,0,0,24,8
2020-09-24,US,Arkansas,Bradley,340,8,0,33.46755808,-92.15980837,5011.0,3158.9705472451924,2.3529411764705883,332,340,8,0,332,336,10897,0,0,0,0,4
2020-09-24,US,Arkansas,Calhoun,34,0,0,33.55598792,-92.49974403,5013.0,655.232222008094,0.0,34,34,0,0,34,34,5277,0,0,0,0,0
2020-09-24,US,Arkansas,Carroll,639,9,0,36.34038560000001,-93.54270261,5015.0,2251.5856236786467,1.4084507042253518,630,630,9,0,621,628,28223,9,0,0,9,2
2020-09-24,US,Arkansas,Chicot,1004,19,0,33.26458973,-91.29539209,5017.0,9922.909665941886,1.8924302788844625,985,1001,19,0,982,998,10438,3,0,0,3,3
2020-09-24,US,Arkansas,Clark,329,4,0,34.04613432,-93.17484713,5019.0,1474.0143369175628,1.2158054711246202,325,322,4,0,318,316,22061,7,0,0,7,6
2020-09-24,US,Arkansas,Clay,284,7,0,36.36826212,-90.4148172,5021.0,1951.7558930657688,2.4647887323943656,277,277,7,0,270,267,14847,7,0,0,7,10
2020-09-24,US,Arkansas,Cleburne,320,8,0,35.53864922,-92.02640019,5023.0,1284.1606806051607,2.5,312,315,8,0,307,316,24965,5,0,0,5,-1
2020-09-24,US,Arkansas,Cleveland,179,10,0,33.89723187,-92.18537045,5025.0,2249.874308697838,5.58659217877095,169,179,10,0,169,179,8018,0,0,0,0,0
2020-09-24,US,Arkansas,Columbia,412,18,0,33.21230701,-93.22642793,5027.0,1756.4053374259286,4.368932038834951,394,399,18,0,381,393,23537,13,0,0,13,6
2020-09-24,US,Arkansas,Conway,257,3,0,35.26205537,-92.70506566,5029.0,1232.8504269404202,1.1673151750972763,254,255,3,0,252,252,20891,2,0,0,2,3
2020-09-24,US,Arkansas,Craighead,2814,21,0,35.83018283,-90.63235729,5031.0,2550.483993764275,0.746268656716418,2793,2759,21,0,2738,2676,108558,55,0,0,55,83
2020-09-24,US,Arkansas,Crawford,1316,15,0,35.58928601,-94.2446814,5033.0,2080.4021689299207,1.1398176291793314,1301,1303,15,0,1288,1290,63406,13,0,0,13,13
2020-09-24,US,Arkansas,Crittenden,1917,46,0,35.21247318,-90.30839406,5035.0,3997.497654050672,2.3995826812728223,1871,1903,45,0,1858,1895,48342,14,1,0,13,8
2020-09-24,US,Arkansas,Cross,428,9,0,35.29631396,-90.77185818,5037.0,2606.73609842256,2.102803738317757,419,422,8,0,414,418,16676,6,1,0,5,4
2020-09-24,US,Arkansas,Dallas,161,3,0,33.97042763,-92.65167437,5039.0,2297.0466543016128,1.8633540372670807,158,158,3,0,155,157,7182,3,0,0,3,1
2020-09-24,US,Arkansas,Desha,288,5,0,33.83011025,-91.25500948,5041.0,2534.988117243201,1.7361111111111112,283,284,5,0,279,281,11512,4,0,0,4,3
2020-09-24,US,Arkansas,Drew,353,6,0,33.59035001,-91.71777921,5043.0,1937.5377353312479,1.69971671388102,347,350,6,0,344,350,18328,3,0,0,3,0
2020-09-24,US,Arkansas,Faulkner,2391,19,0,35.14719007,-92.33717519,5045.0,1897.513630195148,0.794646591384358,2372,2363,19,0,2344,2308,124806,28,0,0,28,55
2020-09-24,US,Arkansas,Franklin,267,2,0,35.51202821,-93.89299569,5047.0,1507.1972904318375,0.7490636704119851,265,261,2,0,259,251,17810,6,0,0,6,10
2020-09-24,US,Arkansas,Fulton,139,3,0,36.38177105,-91.81729127,5049.0,1114.049851727178,2.1582733812949644,136,134,3,0,131,128,12269,5,0,0,5,6
2020-09-24,US,Arkansas,Garland,1827,50,0,34.57692074,-93.14921604,5051.0,1838.2870826877027,2.736726874657909,1777,1798,49,0,1749,1771,99154,29,1,0,28,27
2020-09-24,US,Arkansas,Grant,255,2,0,34.29017991,-92.42320562,5053.0,1396.1127840131396,0.7843137254901961,253,252,2,0,250,250,18188,3,0,0,3,2
2020-09-24,US,Arkansas,Greene,836,9,0,36.11735460000001,-90.55832668,5055.0,1844.4567015995588,1.076555023923445,827,823,8,0,815,805,45325,13,1,0,12,18
2020-09-24,US,Arkansas,Hempstead,362,4,0,33.73325583,-93.66935133,5057.0,1681.2186513096788,1.1049723756906078,358,359,4,0,355,359,21741,3,0,0,3,0
2020-09-24,US,Arkansas,Hot Spring,1875,26,0,34.31709259,-92.95396325,5059.0,5552.100914986229,1.3866666666666667,1849,1863,26,0,1837,1849,33701,12,0,0,12,14
2020-09-24,US,Arkansas,Howard,465,9,0,34.09007427,-93.9934871,5061.0,3522.193607029238,1.935483870967742,456,463,8,0,455,458,13341,2,1,0,1,5
2020-09-24,US,Arkansas,Independence,1064,17,0,35.74242707,-91.57001641,5063.0,2812.954395241243,1.5977443609022557,1047,1051,17,0,1034,1035,37678,13,0,0,13,16
2020-09-24,US,Arkansas,Izard,223,0,0,36.09604046,-91.90847954,5065.0,1636.2168904541784,0.0,223,202,0,0,202,197,13593,21,0,0,21,5
2020-09-24,US,Arkansas,Jackson,313,1,0,35.59802983,-91.21494602,5067.0,1872.12153836952,0.3194888178913738,312,302,1,0,301,293,16811,11,0,0,11,9
2020-09-24,US,Arkansas,Jefferson,3074,65,0,34.26767081,-91.92619839,5069.0,4600.143660960134,2.114508783344177,3009,2999,64,0,2935,2945,68114,75,1,0,74,54
2020-09-24,US,Arkansas,Johnson,834,5,0,35.56759135,-93.46036368,5071.0,3137.933629317481,0.5995203836930456,829,829,5,0,824,822,26742,5,0,0,5,7
2020-09-24,US,Arkansas,Lafayette,102,2,0,33.24116713,-93.60677071,5073.0,1539.855072463768,1.96078431372549,100,98,2,0,96,93,6682,4,0,0,4,5
2020-09-24,US,Arkansas,Lawrence,410,12,0,36.04188196,-91.10867198,5075.0,2499.085700353529,2.9268292682926833,398,391,12,0,379,379,16434,19,0,0,19,12
2020-09-24,US,Arkansas,Lee,1053,18,0,34.78498904,-90.78383866,5077.0,11888.901433894094,1.709401709401709,1035,1052,18,0,1034,1050,8985,1,0,0,1,2
2020-09-24,US,Arkansas,Lincoln,1948,15,0,33.95317155,-91.74002806,5079.0,14957.002457002456,0.7700205338809035,1933,1943,15,0,1928,1941,13383,5,0,0,5,2
2020-09-24,US,Arkansas,Little River,353,25,0,33.70375665,-94.23468591,5081.0,2879.5170894852763,7.0821529745042495,328,352,25,0,327,351,12326,1,0,0,1,1
2020-09-24,US,Arkansas,Logan,401,1,0,35.21413234,-93.71951016,5083.0,1868.0704369700925,0.2493765586034913,400,398,1,0,397,394,21737,3,0,0,3,4
2020-09-24,US,Arkansas,Lonoke,1121,11,0,34.75392199,-91.88742357,5085.0,1529.1437613389899,0.9812667261373772,1110,1102,11,0,1091,1052,73657,19,0,0,19,50
2020-09-24,US,Arkansas,Madison,340,2,0,36.01038185,-93.72524943,5087.0,2051.158301158301,0.5882352941176471,338,337,2,0,335,333,16481,3,0,0,3,4
2020-09-24,US,Arkansas,Marion,85,0,0,36.26844485,-92.68451899,5089.0,509.16496945010175,0.0,85,83,0,0,83,81,16722,2,0,0,2,2
2020-09-24,US,Arkansas,Miller,810,11,0,33.31403423,-93.89285258,5091.0,1872.5293016159235,1.3580246913580247,799,797,11,0,786,786,43592,13,0,0,13,11
2020-09-24,US,Arkansas,Mississippi,1648,50,0,35.76271485,-90.05194370000002,5093.0,4054.020811296155,3.033980582524272,1598,1636,50,0,1586,1619,41239,12,0,0,12,17
2020-09-24,US,Arkansas,Monroe,124,0,0,34.6815935,-91.20540287,5095.0,1850.4700790926727,0.0,124,121,0,0,121,119,6900,3,0,0,3,2
2020-09-24,US,Arkansas,Montgomery,142,4,0,34.53704874,-93.65824478,5097.0,1580.2359225461828,2.8169014084507036,138,139,4,0,135,139,8924,3,0,0,3,0
2020-09-24,US,Arkansas,Nevada,216,13,0,33.66340119,-93.30632432,5099.0,2617.547261269995,6.018518518518517,203,214,13,0,201,211,8326,2,0,0,2,3
2020-09-24,US,Arkansas,Newton,228,18,0,35.91947491,-93.21612969,5101.0,2940.797110795821,7.894736842105262,210,226,18,0,208,222,7805,2,0,0,2,4
2020-09-24,US,Arkansas,Ouachita,254,6,0,33.58839816,-92.87795984,5103.0,1086.3057052433496,2.3622047244094486,248,252,6,0,246,246,23606,2,0,0,2,6
2020-09-24,US,Arkansas,Perry,86,0,0,34.945915299999996,-92.94372564,5105.0,822.5729316116691,0.0,86,85,0,0,85,84,10352,1,0,0,1,1
2020-09-24,US,Arkansas,Phillips,472,11,0,34.43268455,-90.84800154,5107.0,2654.369587223034,2.3305084745762707,461,470,11,0,459,465,18029,2,0,0,2,5
2020-09-24,US,Arkansas,Pike,225,3,0,34.16250414,-93.65789349,5109.0,2099.272252285875,1.3333333333333333,222,223,3,0,220,223,10673,2,0,0,2,0
2020-09-24,US,Arkansas,Poinsett,637,11,0,35.57433534,-90.66268713,5111.0,2707.4124447466847,1.7268445839874411,626,632,11,0,621,622,23974,5,0,0,5,10
2020-09-24,US,Arkansas,Polk,257,4,0,34.48254879,-94.22728802,5113.0,1287.3171709076335,1.5564202334630348,253,253,4,0,249,252,20049,4,0,0,4,1
2020-09-24,US,Arkansas,Pope,2079,30,0,35.44871474,-93.03212219,5115.0,3244.787114496192,1.443001443001443,2049,2054,30,0,2024,2036,64000,25,0,0,25,18
2020-09-24,US,Arkansas,Prairie,146,1,0,34.83624419,-91.55162157,5117.0,1810.9650210865786,0.6849315068493149,145,142,1,0,141,138,8074,4,0,0,4,4
2020-09-24,US,Arkansas,Pulaski,8981,146,0,34.77054088,-92.31355101,5119.0,2291.591713424732,1.6256541587796458,8835,8881,143,0,8738,8804,392680,100,3,0,97,77
2020-09-24,US,Arkansas,Randolph,409,22,0,36.3415714,-91.02455531,5121.0,2277.536473994877,5.378973105134474,387,395,22,0,373,390,17948,14,0,0,14,5
2020-09-24,US,Arkansas,Saline,2020,23,0,34.64916145,-92.67583224,5125.0,1649.828074846656,1.1386138613861383,1997,2007,23,0,1984,1968,121421,13,0,0,13,39
2020-09-24,US,Arkansas,Scott,97,1,0,34.85588887,-94.0632176,5127.0,943.4879875498492,1.0309278350515465,96,97,1,0,96,96,10319,0,0,0,0,1
2020-09-24,US,Arkansas,Searcy,141,1,0,35.9109364,-92.69936482,5129.0,1789.1130567186906,0.7092198581560284,140,141,1,0,140,141,7958,0,0,0,0,0
2020-09-24,US,Arkansas,Sebastian,3590,59,0,35.19605503,-94.27162713,5131.0,2808.483340765253,1.6434540389972143,3531,3543,58,0,3485,3492,127753,47,1,0,46,51
2020-09-24,US,Arkansas,Sevier,1199,16,0,33.99780401,-94.2424869,5133.0,7050.038219556654,1.3344453711426187,1183,1196,16,0,1180,1194,17139,3,0,0,3,2
2020-09-24,US,Arkansas,Sharp,214,6,0,36.16258158,-91.47819342,5135.0,1226.9235179451898,2.803738317757009,208,208,6,0,202,202,17366,6,0,0,6,6
2020-09-24,US,Arkansas,St. Francis,1492,6,0,35.02201976,-90.74828138,5123.0,5969.432663839321,0.4021447721179625,1486,1491,6,0,1485,1478,25439,1,0,0,1,13
2020-09-24,US,Arkansas,Stone,335,7,0,35.86251946,-92.15684085,5137.0,2678.7142171757555,2.08955223880597,328,322,7,0,315,317,12457,13,0,0,13,5
2020-09-24,US,Arkansas,Unassigned,1778,0,0,0.0,0.0,90005.0,0.0,0.0,1778,1624,0,0,1624,1592,,154,0,0,154,32
2020-09-24,US,Arkansas,Union,874,32,0,33.16887091,-92.59746952,5139.0,2259.4488392533995,3.6613272311212817,842,858,32,0,826,849,39126,16,0,0,16,9
2020-09-24,US,Arkansas,Van Buren,173,3,0,35.58095779,-92.51295036,5141.0,1045.6331217890602,1.7341040462427746,170,172,2,0,170,169,16603,1,1,0,0,3
2020-09-24,US,Arkansas,Washington,9250,112,0,35.976844,-94.21800746,5143.0,3867.267033743473,1.2108108108108109,9138,9178,109,0,9069,9103,236961,72,3,0,69,75
2020-09-24,US,Arkansas,White,795,21,0,35.25688493,-91.74908296,5145.0,1009.4853529389356,2.641509433962264,774,768,21,0,747,744,78727,27,0,0,27,24
2020-09-24,US,Arkansas,Woodruff,49,0,0,35.18902527,-91.2439489,5147.0,775.3164556962025,0.0,49,48,0,0,48,46,6490,1,0,0,1,2
2020-09-24,US,Arkansas,Yell,1247,29,0,35.00292371,-93.41171338,5149.0,5843.212595473502,2.3255813953488373,1218,1240,29,0,1211,1234,21535,7,0,0,7,6
2020-09-24,US,California,Alameda,20951,397,0,37.64629437,-121.8929271,6001.0,1253.553309970688,1.8948976182521118,20554,20839,395,0,20444,20748,1666753,112,2,0,110,91
2020-09-24,US,California,Alpine,2,0,0,38.59678594,-119.82235940000001,6003.0,177.14791851195747,0.0,2,2,0,0,2,2,1101,0,0,0,0,0
2020-09-24,US,California,Amador,296,16,0,38.44583082,-120.65696000000001,6005.0,744.6166230629906,5.405405405405406,280,287,16,0,271,286,39383,9,0,0,9,1
2020-09-24,US,California,Butte,2790,43,0,39.66727762,-121.6005252,6007.0,1272.8915167939556,1.5412186379928314,2747,2776,40,0,2736,2769,231256,14,3,0,11,7
2020-09-24,US,California,Calaveras,314,14,0,38.20537103,-120.55291299999999,6009.0,684.0213484369896,4.4585987261146505,300,314,14,0,300,311,45602,0,0,0,0,3
2020-09-24,US,California,Colusa,524,6,0,39.17881957,-122.2331726,6011.0,2431.8930709611545,1.1450381679389312,518,522,6,0,516,519,21627,2,0,0,2,3
2020-09-24,US,California,Contra Costa,16238,204,0,37.91923498,-121.9289527,6013.0,1407.6839186979748,1.256312353738145,16034,16156,202,0,15954,16056,1150215,82,2,0,80,100
2020-09-24,US,California,Del Norte,138,1,0,41.74228275,-123.89740630000001,6015.0,496.1886955271106,0.7246376811594203,137,138,1,0,137,138,27828,0,0,0,0,0
2020-09-24,US,California,El Dorado,1088,4,0,38.77965956,-120.5233166,6017.0,564.1895220464315,0.36764705882352944,1084,1078,4,0,1074,1074,190678,10,0,0,10,4
2020-09-24,US,California,Fresno,28019,362,0,36.75733899,-119.6466953,6019.0,2804.421174635998,1.2919804418430352,27657,27944,362,0,27582,27843,994400,75,0,0,75,101
2020-09-24,US,California,Glenn,571,3,0,39.59875897,-122.3938452,6021.0,2011.0590638537667,0.5253940455341506,568,568,3,0,565,563,28047,3,0,0,3,5
2020-09-24,US,California,Humboldt,496,7,0,40.69923009,-123.876044,6023.0,365.8950412369613,1.4112903225806452,489,490,6,0,484,489,136373,6,1,0,5,1
2020-09-24,US,California,Imperial,11741,317,0,33.0393082,-115.36690420000001,6025.0,6479.044229230472,2.6999403798654287,11424,11658,317,0,11341,11606,181827,83,0,0,83,52
2020-09-24,US,California,Inyo,187,15,0,36.51112084,-117.41119779999998,6027.0,1036.6428294251343,8.021390374331549,172,187,14,0,173,187,17987,0,1,0,-1,0
2020-09-24,US,California,Kern,31712,360,0,35.34329425,-118.72777959999999,6029.0,3522.764890546789,1.1352169525731584,31352,31647,357,0,31290,31572,896764,65,3,0,62,75
2020-09-24,US,California,Kings,7569,77,0,36.07409056,-119.8159973,6031.0,4948.9996076892885,1.0173074382349054,7492,7544,77,0,7467,7534,151366,25,0,0,25,10
2020-09-24,US,California,Lake,530,11,0,39.10124298,-122.75362439999999,6033.0,823.1603143540523,2.0754716981132075,519,516,11,0,505,512,64382,14,0,0,14,4
2020-09-24,US,California,Lassen,736,0,0,40.67311306,-120.59350990000002,6035.0,2407.3528930755897,0.0,736,736,0,0,736,735,30802,0,0,0,0,1
2020-09-24,US,California,Los Angeles,264414,6455,0,34.30828379,-118.22824109999999,6037.0,2633.8398425278265,2.441247437730226,257959,263333,6423,0,256910,262133,10105518,1081,32,0,1049,1200
2020-09-24,US,California,Madera,4458,65,0,37.21513971,-119.76655890000002,6039.0,2833.5886402206875,1.4580529385374608,4393,4424,65,0,4359,4424,157672,34,0,0,34,0
2020-09-24,US,California,Marin,6641,114,0,38.07122463,-122.72106310000001,6041.0,2565.816417206927,1.7166089444360788,6527,6620,114,0,6506,6613,259666,21,0,0,21,7
2020-09-24,US,California,Mariposa,75,2,0,37.57978556,-119.9073334,6043.0,435.97047026681395,2.6666666666666665,73,75,2,0,73,75,17471,0,0,0,0,0
2020-09-24,US,California,Mendocino,894,18,0,39.4381191,-123.39113130000001,6045.0,1030.5594300798855,2.0134228187919465,876,887,18,0,869,875,87606,7,0,0,7,12
2020-09-24,US,California,Merced,8828,140,0,37.18922369,-120.72090349999999,6047.0,3179.1990780754827,1.58586316266425,8688,8803,140,0,8663,8820,274765,25,0,0,25,-17
2020-09-24,US,California,Modoc,25,0,0,41.58965602,-120.7244817,6049.0,282.7734419183351,0.0,25,25,0,0,25,25,8777,0,0,0,0,0
2020-09-24,US,California,Mono,165,2,0,37.93899289,-118.8872409,6051.0,1142.3428413181944,1.2121212121212122,163,165,2,0,163,165,14250,0,0,0,0,0
2020-09-24,US,California,Monterey,9701,70,0,36.21862405,-121.24133970000001,6053.0,2234.939328804016,0.7215750953509947,9631,9645,70,0,9575,9568,435594,56,0,0,56,77
2020-09-24,US,California,Napa,1653,13,0,38.50735751,-122.33283899999999,6055.0,1200.0522708793123,0.7864488808227466,1640,1652,13,0,1639,1641,139417,1,0,0,1,11
2020-09-24,US,California,Nevada,528,6,0,39.30394768,-120.76272809999999,6057.0,529.2967771039047,1.1363636363636365,522,525,6,0,519,524,99696,3,0,0,3,1
2020-09-24,US,California,Orange,52622,1182,0,33.70147516,-117.76459979999998,6059.0,1657.0246736774218,2.2462088100034205,51440,52538,1176,0,51362,52382,3185968,84,6,0,78,156
2020-09-24,US,California,Placer,3535,44,0,39.06167234,-120.72405690000001,6061.0,887.4573530925439,1.2446958981612446,3491,3523,43,0,3480,3507,393149,12,1,0,11,16
2020-09-24,US,California,Plumas,50,0,0,40.00355989,-120.8395236,6063.0,265.85845695751584,0.0,50,50,0,0,50,50,18804,0,0,0,0,0
2020-09-24,US,California,Riverside,57883,1179,0,33.74314981,-115.9933578,6065.0,2342.923386166459,2.0368674740424653,56704,57695,1173,0,56522,57482,2450758,188,6,0,182,213
2020-09-24,US,California,Sacramento,21872,399,0,38.45106826,-121.34253740000001,6067.0,1409.225686153481,1.824250182882224,21473,21800,393,0,21407,21628,1540975,72,6,0,66,172
2020-09-24,US,California,San Benito,1321,11,0,36.60308176,-121.069975,6069.0,2103.235256655203,0.8327024981074943,1310,1314,11,0,1303,1312,61537,7,0,0,7,2
2020-09-24,US,California,San Bernardino,53359,918,0,34.84060306,-116.1774685,6071.0,2447.5651178738444,1.7204220468899345,52441,53121,908,0,52213,52873,2171603,238,10,0,228,248
2020-09-24,US,California,San Diego,45596,773,0,33.03484597,-116.73653259999999,6073.0,1365.8326169072561,1.695324151241337,44823,45425,767,0,44658,45147,3343364,171,6,0,165,278
2020-09-24,US,California,San Francisco,10946,99,0,37.75215114,-122.43856720000001,6075.0,1241.6780008825376,0.9044399780741824,10847,10901,99,0,10802,10865,883305,45,0,0,45,36
2020-09-24,US,California,San Joaquin,20126,437,0,37.93433732,-121.2730061,6077.0,2640.6944582941896,2.1713206797177778,19689,20060,434,0,19626,20019,752660,66,3,0,63,41
2020-09-24,US,California,San Luis Obispo,3479,29,0,35.38822029,-120.4039028,6079.0,1228.8466361250535,0.8335728657660247,3450,3453,27,0,3426,3438,284010,26,2,0,24,15
2020-09-24,US,California,San Mateo,9714,144,0,37.422880799999994,-122.32755459999998,6081.0,1267.198296835396,1.4823965410747375,9570,9664,144,0,9520,9625,769545,50,0,0,50,39
2020-09-24,US,California,Santa Barbara,8973,113,0,34.65329488,-120.0188492,6083.0,2009.634959988712,1.2593335562242285,8860,8952,111,0,8841,8930,446527,21,2,0,19,22
2020-09-24,US,California,Santa Clara,20756,304,0,37.23104908,-121.6970462,6085.0,1076.6386631338921,1.4646367315475044,20452,20648,300,0,20348,20587,1937570,108,4,0,104,61
2020-09-24,US,California,Santa Cruz,2294,9,0,37.05580291,-122.0066524,6087.0,839.6379381654608,0.3923278116826504,2285,2283,8,0,2275,2276,274255,11,1,0,10,7
2020-09-24,US,California,Shasta,759,16,0,40.76391419,-122.0396884,6089.0,421.47934251443803,2.1080368906455864,743,751,14,0,737,724,180040,8,2,0,6,27
2020-09-24,US,California,Sierra,6,0,0,39.57713498,-120.52007009999998,6091.0,199.6672212978369,0.0,6,6,0,0,6,6,2987,0,0,0,0,0
2020-09-24,US,California,Siskiyou,163,0,0,41.59198861,-122.54074340000001,6093.0,374.3769953375135,0.0,163,163,0,0,163,163,43724,0,0,0,0,0
2020-09-24,US,California,Solano,6278,63,0,38.26827353,-121.9357113,6095.0,1402.4568685313966,1.0035043007327171,6215,6232,60,0,6172,6194,446610,46,3,0,43,38
2020-09-24,US,California,Sonoma,7262,120,0,38.52746429,-122.88625060000001,6097.0,1469.04129984464,1.6524373450839989,7142,7225,120,0,7105,7160,499942,37,0,0,37,65
2020-09-24,US,California,Stanislaus,16436,345,0,37.55862499,-120.9970722,6099.0,2984.7818980859333,2.0990508639571672,16091,16425,342,0,16083,16398,549815,11,3,0,8,27
2020-09-24,US,California,Sutter,1689,11,0,39.03417539,-121.6945899,6101.0,1741.757845128956,0.6512729425695678,1678,1686,10,0,1676,1679,96807,3,1,0,2,7
2020-09-24,US,California,Tehama,533,4,0,40.12570935,-122.23701709999999,6103.0,818.9416753733636,0.7504690431519699,529,529,4,0,525,513,63916,4,0,0,4,16
2020-09-24,US,California,Trinity,15,0,0,40.64917670000001,-123.114713,6105.0,122.10012210012206,0.0,15,15,0,0,15,15,12535,0,0,0,0,0
2020-09-24,US,California,Tulare,15829,259,0,36.22026558,-118.8020203,6107.0,3395.3603105996417,1.6362372859940617,15570,15782,257,0,15525,15687,465861,47,2,0,45,95
2020-09-24,US,California,Tuolumne,227,4,0,38.02644018,-119.95250929999999,6109.0,416.6819633613569,1.7621145374449338,223,226,4,0,222,226,54539,1,0,0,1,0
2020-09-24,US,California,Ventura,12591,146,0,34.44465746,-119.09106129999999,6111.0,1488.2873171112262,1.159558414740688,12445,12507,146,0,12361,12477,850967,84,0,0,84,30
2020-09-24,US,California,Yolo,2782,55,0,38.68278902,-121.90182879999999,6113.0,1261.6780045351475,1.9769949676491727,2727,2773,55,0,2718,2765,220408,9,0,0,9,8
2020-09-24,US,California,Yuba,1136,7,0,39.26255932,-121.35356440000001,6115.0,1444.043321299639,0.6161971830985915,1129,1133,7,0,1126,1130,78041,3,0,0,3,3
2020-09-24,US,Colorado,Adams,8773,224,0,39.87432092,-104.3362578,8001.0,1695.5245341800974,2.5532884988031457,8549,8684,222,0,8462,8609,511868,89,2,0,87,75
2020-09-24,US,Colorado,Alamosa,242,9,0,37.57250606,-105.7885451,8003.0,1490.7903653052426,3.71900826446281,233,242,9,0,233,241,16683,0,0,0,0,1
2020-09-24,US,Colorado,Arapahoe,9071,370,0,39.64977461,-104.3353617,8005.0,1381.5318539727994,4.0789328629699035,8701,8999,370,0,8629,8940,651215,72,0,0,72,59
2020-09-24,US,Colorado,Archuleta,55,0,0,37.19474156,-107.04768670000001,8007.0,392.0450495402381,0.0,55,55,0,0,55,51,13765,0,0,0,0,4
2020-09-24,US,Colorado,Baca,18,0,0,37.31940883,-102.5603223,8009.0,502.65289025411903,0.0,18,17,0,0,17,17,3585,1,0,0,1,0
2020-09-24,US,Colorado,Bent,11,0,0,37.95474293,-103.0720195,8011.0,197.23865877712032,0.0,11,11,0,0,11,11,5882,0,0,0,0,0
2020-09-24,US,Colorado,Boulder,4059,79,0,40.09313619,-105.3546767,8013.0,1244.343891402715,1.9462921901946293,3980,3990,79,0,3911,3824,326078,69,0,0,69,166
2020-09-24,US,Colorado,Broomfield,619,33,0,39.95998787,-105.0566324,8014.0,878.4502944724331,5.331179321486268,586,616,33,0,583,606,69267,3,0,0,3,10
2020-09-24,US,Colorado,Chaffee,327,19,0,38.74745778,-106.19265729999998,8015.0,1606.4059736686972,5.810397553516821,308,325,19,0,306,321,20027,2,0,0,2,4
2020-09-24,US,Colorado,Cheyenne,14,0,0,38.82777431,-102.6032558,8017.0,764.6095030038231,0.0,14,13,0,0,13,13,1876,1,0,0,1,0
2020-09-24,US,Colorado,Clear Creek,37,1,0,39.68864463,-105.6463118,8019.0,381.4432989690722,2.702702702702702,36,37,1,0,36,37,9605,0,0,0,0,0
2020-09-24,US,Colorado,Conejos,33,0,0,37.201606,-106.19174879999998,8021.0,402.19378427787933,0.0,33,31,0,0,31,31,8200,2,0,0,2,0
2020-09-24,US,Colorado,Costilla,32,1,0,37.27732493,-105.4276548,8023.0,823.2570105479805,3.125,31,32,1,0,31,32,3828,0,0,0,0,0
2020-09-24,US,Colorado,Crowley,73,1,0,38.32608609,-103.7844965,8025.0,1204.4217125886814,1.3698630136986298,72,73,1,0,72,73,5858,0,0,0,0,0
2020-09-24,US,Colorado,Custer,17,0,0,38.10883162,-105.3683478,8027.0,335.43804262036303,0.0,17,17,0,0,17,17,4954,0,0,0,0,0
2020-09-24,US,Colorado,Delta,187,3,0,38.86246243,-107.86313419999999,8029.0,600.0898530261215,1.60427807486631,184,187,3,0,184,187,30953,0,0,0,0,0
2020-09-24,US,Colorado,Denver,12785,434,0,39.76018276,-104.87256950000001,8031.0,1758.0867176101572,3.3946030504497458,12351,12689,434,0,12255,12588,716492,96,0,0,96,101
2020-09-24,US,Colorado,Dolores,3,0,0,37.75208676,-108.5211585,8033.0,145.98540145985402,0.0,3,3,0,0,3,3,2074,0,0,0,0,0
2020-09-24,US,Colorado,Douglas,2484,60,0,39.33133796,-104.930001,8035.0,707.3819463824989,2.415458937198068,2424,2458,60,0,2398,2428,342776,26,0,0,26,30
2020-09-24,US,Colorado,Eagle,1246,10,0,39.62754308,-106.6933637,8037.0,2260.235456309975,0.8025682182985554,1236,1244,10,0,1234,1238,54993,2,0,0,2,6
2020-09-24,US,Colorado,El Paso,6760,170,0,38.83240149,-104.5251411,8041.0,938.3636658925633,2.514792899408284,6590,6743,170,0,6573,6712,713856,17,0,0,17,31
2020-09-24,US,Colorado,Elbert,155,3,0,39.28656773,-104.13587209999999,8039.0,579.8944966141644,1.935483870967742,152,152,3,0,149,152,26282,3,0,0,3,0
2020-09-24,US,Colorado,Fremont,171,1,0,38.47362326,-105.43996670000001,8043.0,357.44894333075524,0.5847953216374269,170,170,1,0,169,169,48021,1,0,0,1,1
2020-09-24,US,Colorado,Garfield,939,5,0,39.59921777,-107.902708,8045.0,1563.4105326251645,0.5324813631522897,934,936,5,0,931,937,59770,3,0,0,3,-1
2020-09-24,US,Colorado,Gilpin,18,0,0,39.85646523,-105.5252597,8047.0,288.32292167227297,0.0,18,18,0,0,18,18,6121,0,0,0,0,0
2020-09-24,US,Colorado,Grand,72,1,0,40.10603347,-106.11780420000001,8049.0,457.60772848608116,1.3888888888888888,71,71,1,0,70,71,15525,1,0,0,1,0
2020-09-24,US,Colorado,Gunnison,296,7,0,38.66611652,-107.0320729,8051.0,1695.1093803688007,2.3648648648648654,289,296,7,0,289,296,17246,0,0,0,0,0
2020-09-24,US,Colorado,Hinsdale,3,0,0,37.82247444,-107.3004345,8053.0,365.8536585365854,0.0,3,3,0,0,3,3,811,0,0,0,0,0
2020-09-24,US,Colorado,Huerfano,19,1,0,37.68473101,-104.9612585,8055.0,275.4820936639118,5.2631578947368425,18,19,1,0,18,14,6889,0,0,0,0,5
2020-09-24,US,Colorado,Jackson,9,0,0,40.66593870000001,-106.3408905,8057.0,646.5517241379309,0.0,9,9,0,0,9,9,1399,0,0,0,0,0
2020-09-24,US,Colorado,Jefferson,5551,248,0,39.58635604,-105.2517692,8059.0,952.338470459665,4.467663484056927,5303,5500,248,0,5252,5470,580233,51,0,0,51,30
2020-09-24,US,Colorado,Kiowa,1,0,0,38.43260896,-102.7392145,8061.0,71.12375533428165,0.0,1,,,,,,1383,,,,,
2020-09-24,US,Colorado,Kit Carson,79,3,0,39.30497777,-102.60221990000001,8063.0,1113.1463998872764,3.79746835443038,76,79,3,0,76,79,7163,0,0,0,0,0
2020-09-24,US,Colorado,La Plata,259,2,0,37.28632032,-107.8429014,8067.0,460.6819515839277,0.7722007722007722,257,255,2,0,253,252,56310,4,0,0,4,3
2020-09-24,US,Colorado,Lake,92,0,0,39.20278823,-106.35556969999999,8065.0,1132.0290390057833,0.0,92,91,0,0,91,91,7824,1,0,0,1,0
2020-09-24,US,Colorado,Larimer,2449,51,0,40.66671597,-105.4625784,8069.0,686.1885295279617,2.08248264597795,2398,2424,50,0,2374,2404,350518,25,1,0,24,20
2020-09-24,US,Colorado,Las Animas,23,0,0,37.3153406,-104.03764579999999,8071.0,158.55508065628015,0.0,23,21,0,0,21,21,14503,2,0,0,2,0
2020-09-24,US,Colorado,Lincoln,9,0,0,38.98749519,-103.51366490000001,8073.0,157.8670408700228,0.0,9,9,0,0,9,8,5610,0,0,0,0,1
2020-09-24,US,Colorado,Logan,853,5,0,40.7249637,-103.110817,8075.0,3806.506314427239,0.5861664712778429,848,850,5,0,845,846,21528,3,0,0,3,4
2020-09-24,US,Colorado,Mesa,558,7,0,39.01787888,-108.469799,8077.0,361.8442383762402,1.254480286738351,551,551,7,0,544,550,153207,7,0,0,7,1
2020-09-24,US,Colorado,Mineral,20,0,0,37.66954283,-106.92816979999999,8079.0,2600.780234070221,0.0,20,20,0,0,20,20,776,0,0,0,0,0
2020-09-24,US,Colorado,Moffat,41,1,0,40.61810999,-108.2070876,8081.0,308.66521117217496,2.4390243902439024,40,40,1,0,39,40,13188,1,0,0,1,0
2020-09-24,US,Colorado,Montezuma,132,5,0,37.33859579,-108.59588570000001,8083.0,504.1439101707216,3.787878787878788,127,131,5,0,126,131,26158,1,0,0,1,0
2020-09-24,US,Colorado,Montrose,373,13,0,38.40214114,-108.26390220000002,8085.0,872.351372842509,3.4852546916890086,360,373,13,0,360,371,42214,0,0,0,0,2
2020-09-24,US,Colorado,Morgan,739,48,0,40.26279810000001,-103.8093302,8087.0,2542.314572726021,6.495263870094723,691,736,48,0,688,736,28558,3,0,0,3,0
2020-09-24,US,Colorado,Otero,93,6,0,37.9014485,-103.7173385,8089.0,508.80840354524565,6.451612903225807,87,92,6,0,86,91,18432,1,0,0,1,1
2020-09-24,US,Colorado,Ouray,25,1,0,38.14717457,-107.7675136,8091.0,504.8465266558966,4.0,24,25,1,0,24,25,4833,0,0,0,0,0
2020-09-24,US,Colorado,Park,55,1,0,39.120926000000004,-105.7182065,8093.0,291.85460334306185,1.818181818181818,54,55,1,0,54,54,18556,0,0,0,0,1
2020-09-24,US,Colorado,Phillips,34,0,0,40.59414277,-102.3577703,8095.0,797.1864009378662,0.0,34,34,0,0,34,34,4286,0,0,0,0,0
2020-09-24,US,Colorado,Pitkin,221,2,0,39.21720112,-106.9310027,8097.0,1243.8791017054089,0.9049773755656108,219,221,2,0,219,217,17950,0,0,0,0,4
2020-09-24,US,Colorado,Prowers,94,0,0,37.95544985,-102.3926052,8099.0,772.2642129477489,0.0,94,94,0,0,94,94,12164,0,0,0,0,0
2020-09-24,US,Colorado,Pueblo,1060,37,0,38.17359144,-104.5127437,8101.0,629.3639861302428,3.4905660377358485,1023,1052,37,0,1015,1037,167529,8,0,0,8,15
2020-09-24,US,Colorado,Rio Blanco,25,0,0,39.97913541,-108.2179009,8103.0,395.31941808981657,0.0,25,25,0,0,25,25,6336,0,0,0,0,0
2020-09-24,US,Colorado,Rio Grande,96,2,0,37.5836865,-106.3847838,8105.0,852.0457974616136,2.083333333333333,94,96,2,0,94,95,11250,0,0,0,0,1
2020-09-24,US,Colorado,Routt,151,8,0,40.48596505,-106.9905548,8107.0,588.9694984008113,5.298013245033113,143,148,8,0,140,148,25733,3,0,0,3,0
2020-09-24,US,Colorado,Saguache,111,2,0,38.08054629,-106.28246599999999,8109.0,1626.6119577960142,1.8018018018018016,109,111,2,0,109,111,6843,0,0,0,0,0
2020-09-24,US,Colorado,San Juan,6,0,0,37.76248981,-107.67632890000002,8111.0,824.1758241758242,0.0,6,6,0,0,6,6,762,0,0,0,0,0
2020-09-24,US,Colorado,San Miguel,96,0,0,38.00450883,-108.4020725,8113.0,1173.7376207360312,0.0,96,96,0,0,96,95,8191,0,0,0,0,1
2020-09-24,US,Colorado,Sedgwick,14,1,0,40.87595412,-102.3519227,8115.0,622.7758007117437,7.142857142857142,13,14,1,0,13,12,2303,0,0,0,0,2
2020-09-24,US,Colorado,Summit,447,4,0,39.63803232,-106.1150762,8117.0,1441.4240108348652,0.8948545861297539,443,428,4,0,424,422,31007,19,0,0,19,6
2020-09-24,US,Colorado,Teller,174,4,0,38.88133511,-105.16148929999999,8119.0,685.3631636993855,2.2988505747126435,170,174,4,0,170,174,25083,0,0,0,0,0
2020-09-24,US,Colorado,Washington,60,0,0,39.97015535,-103.202587,8121.0,1222.4938875305625,0.0,60,60,0,0,60,59,4909,0,0,0,0,1
2020-09-24,US,Colorado,Weld,4624,149,0,40.55499405,-104.39296209999999,8123.0,1424.996610085919,3.222318339100346,4475,4597,149,0,4448,4576,314305,27,0,0,27,21
2020-09-24,US,Colorado,Yuma,103,1,0,40.00346839,-102.4258673,8125.0,1028.0467112486276,0.9708737864077671,102,101,1,0,100,91,10020,2,0,0,2,10
2020-09-24,US,Connecticut,Fairfield,19985,1421,0,41.26809896,-73.3881171,9001.0,2118.5542311720583,7.110332749562173,18564,19949,1421,0,18528,19891,943823,36,0,0,36,58
2020-09-24,US,Connecticut,Hartford,14506,1434,0,41.80283011,-72.73103891,9003.0,1626.7438209303366,9.885564593961119,13072,14456,1434,0,13022,14414,892697,50,0,0,50,42
2020-09-24,US,Connecticut,Litchfield,1856,141,0,41.7937534,-73.2451475,9005.0,1029.20707801678,7.5969827586206895,1715,1849,140,0,1709,1845,181111,7,1,0,6,4
2020-09-24,US,Connecticut,Middlesex,1564,193,0,41.45949668,-72.53714864,9007.0,962.84074958753,12.340153452685422,1371,1560,193,0,1367,1556,162682,4,0,0,4,4
2020-09-24,US,Connecticut,New Haven,14319,1115,0,41.408032500000004,-72.93620426,9009.0,1675.212955260969,7.786856624065926,13204,14294,1114,0,13180,14278,857620,25,1,0,24,16
2020-09-24,US,Connecticut,New London,1830,114,0,41.48896435,-72.10430976,9011.0,690.0296373385218,6.229508196721312,1716,1803,114,0,1689,1782,266784,27,0,0,27,21
2020-09-24,US,Connecticut,Tolland,1334,66,0,41.85853803,-72.3308481,9013.0,885.0790533502301,4.94752623688156,1268,1328,66,0,1262,1323,150921,6,0,0,6,5
2020-09-24,US,Connecticut,Unassigned,130,0,0,0.0,0.0,90009.0,0.0,0.0,130,135,0,0,135,137,,-5,0,0,-5,-2
2020-09-24,US,Connecticut,Windham,948,15,0,41.82972709,-71.98182316,9015.0,811.7689369937148,1.5822784810126582,933,941,15,0,926,934,117027,7,0,0,7,7
2020-09-24,US,Delaware,Kent,2903,116,0,39.08646628,-75.56884914,10001.0,1605.7659332027924,3.9958663451601786,2787,2898,115,0,2783,2882,178550,5,1,0,4,16
2020-09-24,US,Delaware,New Castle,9865,310,0,39.57992638,-75.64054974,10003.0,1765.538619032023,3.1424227065382664,9555,9777,310,0,9467,9731,559335,88,0,0,88,46
2020-09-24,US,Delaware,Sussex,6691,204,0,38.66143781,-75.39031349,10005.0,2856.6549258191912,3.0488716185921385,6487,6673,204,0,6469,6666,229286,18,0,0,18,7
2020-09-24,US,Delaware,Unassigned,488,0,0,0.0,0.0,90010.0,0.0,0.0,488,482,0,0,482,482,,6,0,0,6,0
2020-09-24,US,District of Columbia,District of Columbia,15106,621,0,38.90417773,-77.01655992,11001.0,2140.4210278725154,4.110949291672183,14485,15050,621,0,14429,15021,702455,56,0,0,56,29
2020-09-24,US,Florida,Alachua,7862,51,0,29.67866525,-82.35928158,12001.0,2922.209460941188,0.6486899007886034,7811,7735,49,0,7686,7651,269956,127,2,0,125,84
2020-09-24,US,Florida,Baker,1435,11,0,30.33060121,-82.28467476,12003.0,4912.701129750086,0.7665505226480837,1424,1426,11,0,1415,1417,28355,9,0,0,9,9
2020-09-24,US,Florida,Bay,5968,102,0,30.26548745,-85.62122584,12005.0,3416.0441887753636,1.7091152815013404,5866,5924,101,0,5823,5896,185287,44,1,0,43,28
2020-09-24,US,Florida,Bradford,1067,8,0,29.95079741,-82.16611613,12007.0,3783.553774688841,0.7497656982193065,1059,1054,8,0,1046,1043,27732,13,0,0,13,11
2020-09-24,US,Florida,Brevard,8636,290,0,28.29409504,-80.73091022,12009.0,1434.6897209365686,3.3580361278369617,8346,8578,284,0,8294,8502,596849,58,6,0,52,76
2020-09-24,US,Florida,Broward,76329,1358,0,26.15184651,-80.48725556,12011.0,3908.7392422487346,1.7791403005410789,74971,76146,1343,0,74803,75944,1951260,183,15,0,168,202
2020-09-24,US,Florida,Calhoun,610,11,0,30.40666734,-85.19394153,12013.0,4324.707550514002,1.8032786885245904,599,608,10,0,598,608,14587,2,1,0,1,0
2020-09-24,US,Florida,Charlotte,3001,134,0,26.90131002,-81.92949121,12015.0,1588.5871579058814,4.465178273908697,2867,2978,131,0,2847,2965,184998,23,3,0,20,13
2020-09-24,US,Florida,Citrus,2702,97,0,28.84804315,-82.47614748,12017.0,1805.4618227012438,3.589933382679497,2605,2684,92,0,2592,2660,147929,18,5,0,13,24
2020-09-24,US,Florida,Clay,4920,96,0,29.98319144,-81.85609986,12019.0,2243.9932132888184,1.951219512195122,4824,4895,95,0,4800,4862,216072,25,1,0,24,33
2020-09-24,US,Florida,Collier,12588,211,0,26.11091986,-81.34687065,12021.0,3270.4428659762743,1.6761995551318716,12377,12565,208,0,12357,12520,378488,23,3,0,20,45
2020-09-24,US,Florida,Columbia,3733,54,0,30.22509788,-82.62160164,12023.0,5207.432413581452,1.4465577283686044,3679,3690,54,0,3636,3667,70503,43,0,0,43,23
2020-09-24,US,Florida,DeSoto,1555,25,0,27.18677893,-81.80941373,12027.0,4091.9975790110793,1.6077170418006432,1530,1551,24,0,1527,1550,37489,4,1,0,3,1
2020-09-24,US,Florida,Dixie,831,7,0,29.60631086,-83.15724673,12029.0,4938.7852133602755,0.8423586040914561,824,828,7,0,821,827,16700,3,0,0,3,1
2020-09-24,US,Florida,Duval,29845,367,0,30.33225875,-81.66976468,12031.0,3116.1413931537813,1.2296867146925785,29478,29717,362,0,29355,29580,950181,128,5,0,123,137
2020-09-24,US,Florida,Escambia,12142,228,0,30.67652764,-87.37284571,12033.0,3814.448535417635,1.8777796079723277,11914,12103,222,0,11881,12069,315534,39,6,0,33,34
2020-09-24,US,Florida,Flagler,1704,23,0,29.45933576,-81.31508595,12035.0,1480.6962052814974,1.3497652582159625,1681,1687,23,0,1664,1675,112067,17,0,0,17,12
2020-09-24,US,Florida,Franklin,611,3,0,29.83791238,-84.82731662,12037.0,5039.175257731959,0.4909983633387889,608,604,3,0,601,600,11736,7,0,0,7,4
2020-09-24,US,Florida,Gadsden,2750,46,0,30.57796289,-84.61915825,12039.0,6022.777047744195,1.6727272727272726,2704,2739,45,0,2694,2739,45894,11,1,0,10,0
2020-09-24,US,Florida,Gilchrist,506,12,0,29.72856978,-82.79880657,12041.0,2723.065332041761,2.3715415019762847,494,505,12,0,493,505,18256,1,0,0,1,0
2020-09-24,US,Florida,Glades,517,4,0,26.95635849,-81.18996211,12043.0,3743.392947650424,0.7736943907156673,513,513,4,0,509,505,13724,4,0,0,4,8
2020-09-24,US,Florida,Gulf,873,14,0,29.93543004,-85.24270990000002,12045.0,6400.762519246279,1.6036655211912945,859,871,14,0,857,871,16164,2,0,0,2,0
2020-09-24,US,Florida,Hamilton,841,8,0,30.49673973,-82.94998918,12047.0,5828.943720543388,0.9512485136741974,833,840,8,0,832,835,14310,1,0,0,1,5
2020-09-24,US,Florida,Hardee,1322,11,0,27.49293939,-81.80956574,12049.0,4907.747707614062,0.8320726172465961,1311,1313,11,0,1302,1306,27245,9,0,0,9,7
2020-09-24,US,Florida,Hendry,2056,42,0,26.55386945,-81.16469006,12051.0,4892.675265337204,2.0428015564202333,2014,2051,42,0,2009,2046,41556,5,0,0,5,5
2020-09-24,US,Florida,Hernando,3084,117,0,28.55364461,-82.42700204,12053.0,1590.3465346534656,3.793774319066148,2967,3064,115,0,2949,3037,190865,20,2,0,18,27
2020-09-24,US,Florida,Highlands,2121,82,0,27.34254618,-81.34071957,12055.0,1996.7802976812493,3.8661008958038665,2039,2111,82,0,2029,2104,105424,10,0,0,10,7
2020-09-24,US,Florida,Hillsborough,41351,620,0,27.9276559,-82.32013172,12057.0,2809.2322659188244,1.4993591448816233,40731,41178,614,0,40564,41016,1436888,173,6,0,167,162
2020-09-24,US,Florida,Holmes,741,7,0,30.86747479,-85.81319222,12059.0,3777.3359840954276,0.9446693657219972,734,735,6,0,729,728,19477,6,1,0,5,7
2020-09-24,US,Florida,Indian River,3145,115,0,27.69308961,-80.60556721,12061.0,1966.571412492262,3.656597774244833,3030,3129,115,0,3014,3111,157413,16,0,0,16,18
2020-09-24,US,Florida,Jackson,2773,77,0,30.795459700000002,-85.21500423,12063.0,5974.490455466023,2.7767760548142806,2696,2768,77,0,2691,2750,48305,5,0,0,5,18
2020-09-24,US,Florida,Jefferson,552,8,0,30.43669112,-83.89442308,12065.0,3874.7718657868877,1.4492753623188406,544,550,8,0,542,548,14288,2,0,0,2,2
2020-09-24,US,Florida,Lafayette,1234,12,0,29.98484137,-83.18166636,12067.0,14652.101638565662,0.9724473257698542,1222,1232,12,0,1220,1231,8732,2,0,0,2,1
2020-09-24,US,Florida,Lake,7394,184,0,28.76202069,-81.7125123,12069.0,2014.0663220000104,2.4885041925885854,7210,7365,173,0,7192,7339,356495,29,11,0,18,26
2020-09-24,US,Florida,Lee,20191,466,0,26.58410348,-81.88399313,12071.0,2620.2443104323124,2.3079589916299343,19725,20124,462,0,19662,20063,754610,67,4,0,63,61
2020-09-24,US,Florida,Leon,10278,65,0,30.45955727,-84.27491114,12073.0,3500.895831488306,0.6324187585133294,10213,10204,63,0,10141,10125,292502,74,2,0,72,79
2020-09-24,US,Florida,Levy,1017,9,0,29.31829741,-82.74007147,12075.0,2450.4252704623764,0.8849557522123894,1008,1012,9,0,1003,1009,40770,5,0,0,5,3
2020-09-24,US,Florida,Liberty,505,8,0,30.23766008,-84.8829258,12077.0,6045.008379219536,1.5841584158415842,497,497,8,0,489,496,8457,8,0,0,8,1
2020-09-24,US,Florida,Madison,1010,18,0,30.44396917,-83.47398594,12079.0,5461.5259828043045,1.7821782178217822,992,1009,18,0,991,1007,18529,1,0,0,1,2
2020-09-24,US,Florida,Manatee,11352,286,0,27.47196942,-82.31831044,12081.0,2815.106149241295,2.5193798449612403,11066,11327,282,0,11045,11279,394855,25,4,0,21,48
2020-09-24,US,Florida,Marion,9590,266,0,29.21227113,-82.05803627,12083.0,2623.236017386119,2.7737226277372264,9324,9541,263,0,9278,9491,359977,49,3,0,46,50
2020-09-24,US,Florida,Martin,4832,139,0,27.0772071,-80.43109784,12085.0,3001.242236024845,2.8766556291390737,4693,4807,138,0,4669,4780,160912,25,1,0,24,27
2020-09-24,US,Florida,Miami-Dade,168272,3163,0,25.6112362,-80.55170587,12086.0,6193.438206217289,1.8796947798801942,165109,167880,3127,0,164753,167515,2761581,392,36,0,356,365
2020-09-24,US,Florida,Monroe,1817,22,0,25.20904673,-81.07812416,12087.0,2447.8633399795226,1.2107870115575123,1795,1813,22,0,1791,1811,75027,4,0,0,4,2
2020-09-24,US,Florida,Nassau,2062,42,0,30.61037141,-81.80297522,12089.0,2326.657263751763,2.0368574199806013,2020,2053,41,0,2012,2036,85832,9,1,0,8,17
2020-09-24,US,Florida,Okaloosa,4836,109,0,30.69143028,-86.59267105,12091.0,2294.792586054722,2.2539288668320925,4727,4802,107,0,4695,4769,207269,34,2,0,32,33
2020-09-24,US,Florida,Okeechobee,1504,24,0,27.386336199999995,-80.88944347,12093.0,3566.6856383987856,1.5957446808510638,1480,1501,24,0,1477,1489,41537,3,0,0,3,12
2020-09-24,US,Florida,Orange,39560,440,0,28.51367621,-81.31799498,12095.0,2838.9926599552764,1.1122345803842264,39120,39412,438,0,38974,39232,1380645,148,2,0,146,180
2020-09-24,US,Florida,Osceola,12288,144,0,28.06312234,-81.14882926,12097.0,3270.2507777757082,1.171875,12144,12249,140,0,12109,12209,367990,39,4,0,35,40
2020-09-24,US,Florida,Palm Beach,45866,1330,0,26.64676272,-80.46536002,12099.0,3064.331861274611,2.899751449875725,44536,45743,1308,0,44435,45602,1485941,123,22,0,101,141
2020-09-24,US,Florida,Pasco,9040,206,0,28.30810945,-82.40227529,12101.0,1631.9250758646585,2.2787610619469025,8834,8988,205,0,8783,8934,539630,52,1,0,51,54
2020-09-24,US,Florida,Pinellas,21765,739,0,27.93130349,-82.72239666,12103.0,2232.316850530669,3.3953595221686195,21026,21701,736,0,20965,21620,975280,64,3,0,61,81
2020-09-24,US,Florida,Polk,19551,520,0,27.95027105,-81.69732947,12105.0,2697.519374924977,2.65971050074165,19031,19452,514,0,18938,19339,708009,99,6,0,93,113
2020-09-24,US,Florida,Putnam,2102,38,0,29.60779729,-81.74230285,12107.0,2820.681418660512,1.807802093244529,2064,2088,38,0,2050,2067,74163,14,0,0,14,21
2020-09-24,US,Florida,Santa Rosa,5259,75,0,30.69341450000001,-87.02458128,12113.0,2853.29846511098,1.426126640045636,5184,5236,74,0,5162,5227,179349,23,1,0,22,9
2020-09-24,US,Florida,Sarasota,8009,253,0,27.18546175,-82.33174248,12115.0,1846.4893877005225,3.158946185541266,7756,7948,251,0,7697,7912,426718,61,2,0,59,36
2020-09-24,US,Florida,Seminole,8909,207,0,28.7158582,-81.24060348,12117.0,1888.1960722808835,2.323493096868336,8702,8911,207,0,8704,8887,467832,-2,0,0,-2,24
2020-09-24,US,Florida,St. Johns,5196,69,0,29.90096506,-81.43589967,12109.0,1963.184620964817,1.3279445727482682,5127,5167,69,0,5098,5143,254261,29,0,0,29,24
2020-09-24,US,Florida,St. Lucie,7910,273,0,27.37763908,-80.47106649,12111.0,2409.4036802042056,3.4513274336283186,7637,7875,271,0,7604,7846,321128,35,2,0,33,29
2020-09-24,US,Florida,Sumter,2205,65,0,28.70181754,-82.0794267,12119.0,1665.1563207974625,2.947845804988662,2140,2196,65,0,2131,2180,128754,9,0,0,9,16
2020-09-24,US,Florida,Suwannee,2662,69,0,30.19746066,-82.99099670000003,12121.0,5993.200801494923,2.5920360631104438,2593,2657,66,0,2591,2640,44191,5,3,0,2,17
2020-09-24,US,Florida,Taylor,1310,12,0,30.04848048,-83.60445406,12123.0,6073.531457183922,0.916030534351145,1298,1307,12,0,1295,1302,21623,3,0,0,3,5
2020-09-24,US,Florida,Unassigned,1645,0,0,0.0,0.0,90012.0,0.0,0.0,1645,1623,0,0,1623,1613,,22,0,0,22,10
2020-09-24,US,Florida,Union,914,12,0,30.04412971,-82.37497443,12125.0,5998.55614622301,1.312910284463895,902,903,12,0,891,895,14940,11,0,0,11,8
2020-09-24,US,Florida,Volusia,10689,238,0,29.05858895,-81.18263252,12127.0,1931.9192313531566,2.226588081204977,10451,10651,232,0,10419,10614,547538,38,6,0,32,37
2020-09-24,US,Florida,Wakulla,1106,9,0,30.16548905,-84.39895211,12129.0,3278.10545659326,0.8137432188065099,1097,1106,9,0,1097,1103,32461,0,0,0,0,3
2020-09-24,US,Florida,Walton,1921,25,0,30.64204028,-86.16935664,12131.0,2593.4576284915825,1.3014055179593962,1896,1915,24,0,1891,1905,71375,6,1,0,5,10
2020-09-24,US,Florida,Washington,1068,19,0,30.61359259,-85.66002461,12133.0,4192.674596631728,1.7790262172284643,1049,1064,18,0,1046,1062,24880,4,1,0,3,2
2020-09-24,US,Georgia,Appling,1016,26,0,31.74847232,-82.28909114,13001.0,5525.94365277929,2.559055118110236,990,1015,26,0,989,1011,18507,1,0,0,1,4
2020-09-24,US,Georgia,Atkinson,441,3,0,31.29633502,-82.87545866,13003.0,5401.102265768524,0.6802721088435374,438,438,3,0,435,436,8297,3,0,0,3,2
2020-09-24,US,Georgia,Bacon,594,13,0,31.55456473,-82.45936528,13005.0,5320.673593694017,2.1885521885521886,581,596,13,0,583,593,11185,-2,0,0,-2,3
2020-09-24,US,Georgia,Baker,81,4,0,31.32669878,-84.44218806,13007.0,2666.2277814351546,4.938271604938271,77,79,4,0,75,79,3092,2,0,0,2,0
2020-09-24,US,Georgia,Baldwin,2085,56,0,33.06882326,-83.24701748,13009.0,4644.687012697706,2.6858513189448443,2029,2078,56,0,2022,2061,44823,7,0,0,7,17
2020-09-24,US,Georgia,Banks,472,7,0,34.35607081,-83.49644388,13011.0,2453.9877300613502,1.4830508474576272,465,473,7,0,466,471,18988,-1,0,0,-1,2
2020-09-24,US,Georgia,Barrow,2139,46,0,33.99148694,-83.71436292,13013.0,2569.6780394041325,2.150537634408602,2093,2124,46,0,2078,2106,80809,15,0,0,15,18
2020-09-24,US,Georgia,Bartow,2859,84,0,34.23732119,-84.83887523,13015.0,2653.659804340158,2.9380902413431267,2775,2835,84,0,2751,2821,106408,24,0,0,24,14
2020-09-24,US,Georgia,Ben Hill,754,22,0,31.76095874,-83.22145359,13017.0,4514.970059880239,2.9177718832891246,732,751,21,0,730,744,16787,3,1,0,2,7
2020-09-24,US,Georgia,Berrien,446,12,0,31.27590016,-83.22529920000002,13019.0,2299.324637830593,2.690582959641256,434,442,12,0,430,440,19252,4,0,0,4,2
2020-09-24,US,Georgia,Bibb,6005,163,0,32.80904227,-83.70489165,13021.0,3920.762083847505,2.7144046627810163,5842,5995,159,0,5836,5974,153095,10,4,0,6,21
2020-09-24,US,Georgia,Bleckley,427,20,0,32.43829035,-83.33035166,13023.0,3317.0201196302337,4.68384074941452,407,426,19,0,407,427,12838,1,1,0,0,-1
2020-09-24,US,Georgia,Brantley,343,10,0,31.19576557,-81.97743999,13025.0,1794.9657229577685,2.915451895043732,333,343,10,0,333,343,18897,0,0,0,0,0
2020-09-24,US,Georgia,Brooks,517,25,0,30.83922642,-83.58303423,13027.0,3344.7628905997276,4.835589941972921,492,515,27,0,488,513,15513,2,-2,0,4,2
2020-09-24,US,Georgia,Bryan,1137,11,0,32.00979311,-81.44002948,13029.0,2869.2558104322807,0.9674582233948988,1126,1126,11,0,1115,1101,38109,11,0,0,11,25
2020-09-24,US,Georgia,Bulloch,2845,27,0,32.39577406,-81.74811421,13031.0,3573.7614310119584,0.9490333919156416,2818,2836,27,0,2809,2796,77296,9,0,0,9,40
2020-09-24,US,Georgia,Burke,786,10,0,33.05917989,-81.99928721,13033.0,3511.593620158156,1.272264631043257,776,781,10,0,771,771,22423,5,0,0,5,10
2020-09-24,US,Georgia,Butts,633,42,0,33.283094500000004,-83.95435040000002,13035.0,2538.498556304139,6.6350710900473935,591,631,42,0,589,631,24193,2,0,0,2,0
2020-09-24,US,Georgia,Calhoun,237,8,0,31.53169785,-84.62725131,13037.0,3829.3746970431407,3.3755274261603376,229,236,8,0,228,234,6352,1,0,0,1,2
2020-09-24,US,Georgia,Camden,1264,8,0,30.92951916,-81.66601818,13039.0,2312.223319796583,0.6329113924050633,1256,1250,8,0,1242,1243,53677,14,0,0,14,7
2020-09-24,US,Georgia,Candler,444,18,0,32.40209349,-82.07702563,13043.0,4109.969452929742,4.0540540540540535,426,444,18,0,426,422,10836,0,0,0,0,22
2020-09-24,US,Georgia,Carroll,2709,65,0,33.58138199,-85.07976677,13045.0,2257.6505100340023,2.399409376153562,2644,2682,64,0,2618,2661,118121,27,1,0,26,21
2020-09-24,US,Georgia,Catoosa,1155,18,0,34.89872298,-85.13757014,13047.0,1709.0855282627995,1.5584415584415583,1137,1139,18,0,1121,1118,67420,16,0,0,16,21
2020-09-24,US,Georgia,Charlton,624,6,0,30.78371028,-82.13951596,13049.0,4659.498207885305,0.9615384615384616,618,622,6,0,616,618,12968,2,0,0,2,4
2020-09-24,US,Georgia,Chatham,8326,151,0,32.00043026,-81.12489526,13051.0,2876.688663925647,1.8135959644487152,8175,8277,149,0,8128,8199,289195,49,2,0,47,78
2020-09-24,US,Georgia,Chattahoochee,1629,1,0,32.34341231,-84.78809239,13053.0,14935.362611167142,0.061387354205033766,1628,1628,1,0,1627,1626,10684,1,0,0,1,2
2020-09-24,US,Georgia,Chattooga,752,17,0,34.47197698,-85.34535662,13055.0,3033.6036145064345,2.2606382978723403,735,739,17,0,722,729,24790,13,0,0,13,10
2020-09-24,US,Georgia,Cherokee,5912,92,0,34.24393976,-84.47431861,13057.0,2284.6278398441877,1.5561569688768606,5820,5868,91,0,5777,5811,254149,44,1,0,43,57
2020-09-24,US,Georgia,Clarke,4975,42,0,33.95436462,-83.37124007,13059.0,3876.6938619663215,0.8442211055276382,4933,4939,42,0,4897,4916,127330,36,0,0,36,23
2020-09-24,US,Georgia,Clay,120,2,0,31.62221166,-84.97713865,13061.0,4234.297812279464,1.6666666666666667,118,120,2,0,118,120,2887,0,0,0,0,0
2020-09-24,US,Georgia,Clayton,7049,161,0,33.54187245,-84.35594188,13063.0,2411.9265301653345,2.284011916583913,6888,7086,159,0,6927,7069,289615,-37,2,0,-39,17
2020-09-24,US,Georgia,Clinch,372,6,0,30.91395822,-82.70432472,13065.0,5621.033544877608,1.6129032258064515,366,370,6,0,364,368,6648,2,0,0,2,2
2020-09-24,US,Georgia,Cobb,19354,423,0,33.94243204,-84.5761255,13067.0,2546.106577595473,2.1855947091040613,18931,19283,422,0,18861,19174,756865,71,1,0,70,109
2020-09-24,US,Georgia,Coffee,2026,47,0,31.54892966,-82.85492059999999,13069.0,4681.903265315555,2.3198420533070094,1979,2009,43,0,1966,2004,43093,17,4,0,13,5
2020-09-24,US,Georgia,Colquitt,1871,33,0,31.18810588,-83.7677946,13071.0,4103.070175438596,1.7637626937466595,1838,1877,33,0,1844,1884,45592,-6,0,0,-6,-7
2020-09-24,US,Georgia,Columbia,3681,59,0,33.54534185,-82.263524,13073.0,2348.864811057085,1.6028253192067372,3622,3661,59,0,3602,3645,154291,20,0,0,20,16
2020-09-24,US,Georgia,Cook,546,13,0,31.16068491,-83.42947229,13075.0,3161.551823972206,2.380952380952381,533,544,13,0,531,542,17162,2,0,0,2,2
2020-09-24,US,Georgia,Coweta,2568,44,0,33.35334302,-84.76129976,13077.0,1729.1881300123223,1.7133956386292837,2524,2546,43,0,2503,2527,145864,22,1,0,21,19
2020-09-24,US,Georgia,Crawford,166,5,0,32.71391813,-83.98061238,13079.0,1338.2779748468233,3.0120481927710845,161,166,5,0,161,166,12318,0,0,0,0,0
2020-09-24,US,Georgia,Crisp,539,17,0,31.92289565,-83.76811843,13081.0,2409.261576971214,3.1539888682745825,522,539,17,0,522,536,22601,0,0,0,0,3
2020-09-24,US,Georgia,Dade,279,5,0,34.854916700000004,-85.50490424,13083.0,1731.1988086373792,1.7921146953405018,274,278,5,0,273,274,16226,1,0,0,1,4
2020-09-24,US,Georgia,Dawson,802,7,0,34.44244079,-84.16964071,13085.0,3071.855370001533,0.8728179551122195,795,797,7,0,790,795,25083,5,0,0,5,2
2020-09-24,US,Georgia,DeKalb,18418,357,0,33.76944049,-84.22396017,13089.0,2425.6647925647007,1.9383212075143883,18061,18302,353,0,17949,18192,756558,116,4,0,112,110
2020-09-24,US,Georgia,Decatur,1124,29,0,30.87967778,-84.57619536,13087.0,4256.930768065445,2.580071174377224,1095,1122,29,0,1093,1121,26575,2,0,0,2,1
2020-09-24,US,Georgia,Dodge,418,12,0,32.17265114,-83.16948926,13091.0,2028.6338267410824,2.8708133971291865,406,415,12,0,403,407,20705,3,0,0,3,8
2020-09-24,US,Georgia,Dooly,335,14,0,32.15630737,-83.79746561,13093.0,2501.867064973861,4.17910447761194,321,334,14,0,320,330,13706,1,0,0,1,4
2020-09-24,US,Georgia,Dougherty,3129,186,0,31.53328528,-84.21722377,13095.0,3557.460548456046,5.944391179290508,2943,3128,185,0,2943,3128,91243,1,1,0,0,0
2020-09-24,US,Georgia,Douglas,3499,71,0,33.70291126,-84.77026156,13097.0,2390.958228271937,2.0291511860531584,3428,3485,71,0,3414,3457,145331,14,0,0,14,28
2020-09-24,US,Georgia,Early,481,32,0,31.32155345,-84.90255207,13099.0,4720.314033366045,6.652806652806653,449,477,32,0,445,475,10247,4,0,0,4,2
2020-09-24,US,Georgia,Echols,239,2,0,30.71101099,-82.89687287,13101.0,5966.050923614576,0.8368200836820083,237,239,2,0,237,239,4000,0,0,0,0,0
2020-09-24,US,Georgia,Effingham,1416,23,0,32.36616021,-81.34280942,13103.0,2202.314296379246,1.6242937853107344,1393,1403,23,0,1380,1384,62190,13,0,0,13,19
2020-09-24,US,Georgia,Elbert,635,3,0,34.11302332,-82.83936148,13105.0,3308.3255183911638,0.4724409448818898,632,624,3,0,621,600,19120,11,0,0,11,24
2020-09-24,US,Georgia,Emanuel,1018,30,0,32.59221302,-82.30239915,13107.0,4495.275103771085,2.9469548133595285,988,1015,30,0,985,1000,22612,3,0,0,3,15
2020-09-24,US,Georgia,Evans,420,6,0,32.15328841,-81.8870105,13109.0,3942.181340341656,1.4285714285714286,414,419,6,0,413,415,10721,1,0,0,1,4
2020-09-24,US,Georgia,Fannin,631,21,0,34.86430205,-84.316964,13111.0,2409.500534595998,3.328050713153724,610,618,20,0,598,602,25964,13,1,0,12,16
2020-09-24,US,Georgia,Fayette,1789,49,0,33.41357794,-84.49089434,13113.0,1563.5241782539913,2.738960313024036,1740,1763,49,0,1714,1754,113459,26,0,0,26,9
2020-09-24,US,Georgia,Floyd,3100,44,0,34.26268279,-85.21577392,13115.0,3147.272025827936,1.4193548387096775,3056,3069,44,0,3025,3010,97927,31,0,0,31,59
2020-09-24,US,Georgia,Forsyth,3868,45,0,34.22604035,-84.12315129999998,13117.0,1583.6103696182633,1.1633919338159255,3823,3832,45,0,3787,3772,236612,36,0,0,36,60
2020-09-24,US,Georgia,Franklin,736,12,0,34.37525597,-83.23159927,13119.0,3152.1692577840595,1.6304347826086956,724,735,11,0,724,729,23023,1,1,0,0,6
2020-09-24,US,Georgia,Fulton,27305,569,0,33.79216944,-84.46319413,13121.0,2566.411357063435,2.0838674235488006,26736,27247,568,0,26679,27122,1050114,58,1,0,57,125
2020-09-24,US,Georgia,Gilmer,807,12,0,34.69316688,-84.45802506,13123.0,2572.603525773853,1.4869888475836432,795,801,11,0,790,796,30816,6,1,0,5,5
2020-09-24,US,Georgia,Glascock,38,2,0,33.22879932,-82.61297636,13125.0,1279.0306294177044,5.2631578947368425,36,38,2,0,36,38,2995,0,0,0,0,0
2020-09-24,US,Georgia,Glynn,3433,94,0,31.23279254,-81.53811412,13127.0,4024.996482671294,2.738129915525779,3339,3428,94,0,3334,3416,85219,5,0,0,5,12
2020-09-24,US,Georgia,Gordon,1815,36,0,34.50487351,-84.87296253,13129.0,3131.3079033176336,1.9834710743801651,1779,1812,36,0,1776,1802,57685,3,0,0,3,10
2020-09-24,US,Georgia,Grady,765,22,0,30.87454847,-84.23418364,13131.0,3105.590062111801,2.8758169934640523,743,754,22,0,732,757,24748,11,0,0,11,-3
2020-09-24,US,Georgia,Greene,498,23,0,33.5769205,-83.17139104,13133.0,2717.7472167648984,4.618473895582329,475,498,23,0,475,497,17698,0,0,0,0,1
2020-09-24,US,Georgia,Gwinnett,27051,398,0,33.96044201,-84.02137802,13135.0,2889.292389853137,1.4712949613692654,26653,26931,398,0,26533,26744,927781,120,0,0,120,187
2020-09-24,US,Georgia,Habersham,1601,66,0,34.63331566,-83.53094677,13137.0,3532.0331803741606,4.122423485321674,1535,1585,67,0,1518,1565,45388,16,-1,0,17,20
2020-09-24,US,Georgia,Hall,9035,149,0,34.32207823,-83.81896936,13139.0,4419.3679350032535,1.649142224681793,8886,8949,148,0,8801,8864,202148,86,1,0,85,85
2020-09-24,US,Georgia,Hancock,386,42,0,33.2721566,-82.99766919,13141.0,4564.266288281897,10.880829015544041,344,387,42,0,345,386,8348,-1,0,0,-1,1
2020-09-24,US,Georgia,Haralson,455,8,0,33.79602175,-85.21005667,13143.0,1527.2556390977445,1.7582417582417582,447,454,8,0,446,446,29533,1,0,0,1,8
2020-09-24,US,Georgia,Harris,783,21,0,32.73709786,-84.90538572,13145.0,2222.1591554092406,2.681992337164751,762,782,21,0,761,780,34475,1,0,0,1,2
2020-09-24,US,Georgia,Hart,497,13,0,34.34626973,-82.96567682,13147.0,1896.5846212554852,2.6156941649899395,484,492,13,0,479,488,26099,5,0,0,5,4
2020-09-24,US,Georgia,Heard,190,5,0,33.29686567,-85.12886832,13149.0,1593.5586681204395,2.631578947368421,185,189,5,0,184,189,11879,1,0,0,1,0
2020-09-24,US,Georgia,Henry,5115,100,0,33.4533428,-84.14814659999998,13151.0,2180.6694207476944,1.9550342130987293,5015,5073,100,0,4973,5026,230220,42,0,0,42,47
2020-09-24,US,Georgia,Houston,3102,80,0,32.45802497,-83.66879087,13153.0,1964.9949639877616,2.5789813023855577,3022,3083,80,0,3003,3069,155469,19,0,0,19,14
2020-09-24,US,Georgia,Irwin,291,4,0,31.60213036,-83.27501387,13155.0,3090.4842820730682,1.3745704467353952,287,288,4,0,284,288,9398,3,0,0,3,0
2020-09-24,US,Georgia,Jackson,1941,31,0,34.13794553,-83.56814788,13157.0,2659.7421105279745,1.5971148892323546,1910,1914,31,0,1883,1903,70422,27,0,0,27,11
2020-09-24,US,Georgia,Jasper,211,4,0,33.31535543,-83.68844964,13159.0,1483.9299528799493,1.895734597156398,207,211,4,0,207,210,14040,0,0,0,0,1
2020-09-24,US,Georgia,Jeff Davis,711,19,0,31.80405727,-82.63724870000001,13161.0,4703.93648693351,2.6722925457102678,692,708,19,0,689,707,15029,3,0,0,3,1
2020-09-24,US,Georgia,Jefferson,785,25,0,33.05867328,-82.41609057,13163.0,5110.01171722432,3.1847133757961785,760,777,25,0,752,774,15430,8,0,0,8,3
2020-09-24,US,Georgia,Jenkins,404,29,0,32.79248718,-81.96040187,13165.0,4656.523743660673,7.1782178217821775,375,403,29,0,374,398,8683,1,0,0,1,5
2020-09-24,US,Georgia,Johnson,414,22,0,32.70211082,-82.66166794,13167.0,4293.269729337343,5.3140096618357475,392,414,22,0,392,411,9708,0,0,0,0,3
2020-09-24,US,Georgia,Jones,542,8,0,33.02512137,-83.56019163,13169.0,1886.2014964329207,1.4760147601476017,534,538,8,0,530,535,28616,4,0,0,4,3
2020-09-24,US,Georgia,Lamar,355,18,0,33.07841647,-84.14263877,13171.0,1860.879593227447,5.070422535211269,337,354,18,0,336,353,19000,1,0,0,1,1
2020-09-24,US,Georgia,Lanier,295,5,0,31.03828570000001,-83.06472457,13173.0,2830.279190252327,1.6949152542372878,290,296,5,0,291,295,10340,-1,0,0,-1,1
2020-09-24,US,Georgia,Laurens,1621,66,0,32.46325233,-82.92221316,13175.0,3409.3299120851384,4.0715607649599015,1555,1609,64,0,1545,1595,47325,12,2,0,10,14
2020-09-24,US,Georgia,Lee,693,25,0,31.779330600000005,-84.14324253,13177.0,2310.616164310483,3.6075036075036073,668,690,25,0,665,696,29764,3,0,0,3,-6
2020-09-24,US,Georgia,Liberty,1100,22,0,31.82588896,-81.49251135,13179.0,1790.5102954341985,2.0,1078,1091,22,0,1069,1078,61497,9,0,0,9,13
2020-09-24,US,Georgia,Lincoln,213,7,0,33.79201475,-82.45024131,13181.0,2689.0544123216764,3.286384976525821,206,213,7,0,206,213,7915,0,0,0,0,0
2020-09-24,US,Georgia,Long,245,3,0,31.75218791,-81.74952375,13183.0,1252.6202771102814,1.2244897959183674,242,235,3,0,232,231,18998,10,0,0,10,4
2020-09-24,US,Georgia,Lowndes,3864,80,0,30.83568832,-83.27056716,13185.0,3291.1435531403845,2.070393374741201,3784,3848,78,0,3770,3828,116321,16,2,0,14,20
2020-09-24,US,Georgia,Lumpkin,901,14,0,34.57286511,-84.00425681,13187.0,2680.7497768521275,1.5538290788013318,887,894,14,0,880,886,32955,7,0,0,7,8
2020-09-24,US,Georgia,Macon,228,10,0,32.35207048,-84.04234127,13193.0,1761.0257202440719,4.385964912280701,218,228,10,0,218,227,13143,0,0,0,0,1
2020-09-24,US,Georgia,Madison,682,8,0,34.12920917,-83.21218732,13195.0,2282.463186077644,1.1730205278592376,674,678,8,0,670,674,29650,4,0,0,4,4
2020-09-24,US,Georgia,Marion,189,8,0,32.3483402,-84.52733571,13197.0,2261.036009091997,4.232804232804233,181,189,8,0,181,189,8351,0,0,0,0,0
2020-09-24,US,Georgia,McDuffie,585,14,0,33.47851918,-82.48252774,13189.0,2744.9324324324325,2.393162393162393,571,582,14,0,568,580,21531,3,0,0,3,2
2020-09-24,US,Georgia,McIntosh,286,7,0,31.49683595,-81.40163426,13191.0,1989.1500904159127,2.4475524475524475,279,286,7,0,279,284,14340,0,0,0,0,2
2020-09-24,US,Georgia,Meriwether,542,13,0,33.04163534,-84.68859732,13199.0,2560.58959701422,2.3985239852398523,529,537,13,0,524,535,21068,5,0,0,5,2
2020-09-24,US,Georgia,Miller,253,1,0,31.16568912,-84.73151117,13201.0,4424.623994403638,0.3952569169960474,252,246,1,0,245,246,5686,7,0,0,7,0
2020-09-24,US,Georgia,Mitchell,790,45,0,31.22483255,-84.19381821,13205.0,3613.4107853451037,5.69620253164557,745,780,45,0,735,781,22192,10,0,0,10,-1
2020-09-24,US,Georgia,Monroe,675,50,0,33.014289,-83.92097166,13207.0,2447.6031619406767,7.407407407407407,625,666,50,0,616,665,27520,9,0,0,9,1
2020-09-24,US,Georgia,Montgomery,296,5,0,32.17201038,-82.53527476,13209.0,3227.213257740951,1.6891891891891893,291,293,5,0,288,293,9193,3,0,0,3,0
2020-09-24,US,Georgia,Morgan,476,2,0,33.59232073,-83.49129491,13211.0,2469.3919900394267,0.4201680672268908,474,476,2,0,474,473,18853,0,0,0,0,3
2020-09-24,US,Georgia,Murray,809,6,0,34.78897608,-84.74993177,13213.0,2017.657621707901,0.7416563658838071,803,804,5,0,799,798,39921,5,1,0,4,6
2020-09-24,US,Georgia,Muscogee,5944,167,0,32.50931999,-84.87142262,13215.0,3036.231476893686,2.809555854643338,5777,5920,167,0,5753,5883,194160,24,0,0,24,37
2020-09-24,US,Georgia,Newton,2563,86,0,33.55514538,-83.84547140000002,13217.0,2293.635452462773,3.3554428404213814,2477,2552,85,0,2467,2540,109541,11,1,0,10,12
2020-09-24,US,Georgia,Oconee,730,26,0,33.83749973,-83.43679568,13219.0,1812.3138033763653,3.5616438356164384,704,725,26,0,699,722,39272,5,0,0,5,3
2020-09-24,US,Georgia,Oglethorpe,326,11,0,33.878629600000004,-83.08278123,13221.0,2136.4440657972345,3.3742331288343568,315,324,11,0,313,322,15054,2,0,0,2,2
2020-09-24,US,Georgia,Out of GA,17364,149,0,0.0,0.0,80013.0,0.0,0.8580972126238194,17215,17364,149,0,17215,17364,,0,0,0,0,0
2020-09-24,US,Georgia,Paulding,2751,51,0,33.91969522,-84.86848792,13223.0,1631.0244446157221,1.8538713195201744,2700,2739,50,0,2689,2728,164044,12,1,0,11,11
2020-09-24,US,Georgia,Peach,664,23,0,32.56934316,-83.82937,13225.0,2410.513323168518,3.463855421686747,641,662,23,0,639,660,27297,2,0,0,2,2
2020-09-24,US,Georgia,Pickens,613,10,0,34.46589159,-84.46406611,13227.0,1880.8873615415296,1.6313213703099512,603,611,10,0,601,610,31980,2,0,0,2,1
2020-09-24,US,Georgia,Pierce,604,19,0,31.35928155,-82.21598442,13229.0,3103.0053942974573,3.1456953642384105,585,595,17,0,578,594,19389,9,2,0,7,1
2020-09-24,US,Georgia,Pike,320,9,0,33.09310242,-84.38790389,13231.0,1687.5856977112119,2.8125,311,316,9,0,307,315,18634,4,0,0,4,1
2020-09-24,US,Georgia,Polk,1453,17,0,34.00267074,-85.18677781,13233.0,3409.75758571328,1.169993117687543,1436,1429,17,0,1412,1417,42470,24,0,0,24,12
2020-09-24,US,Georgia,Pulaski,312,22,0,32.23334561,-83.47549959999998,13235.0,2801.472568914429,7.05128205128205,290,311,22,0,289,310,11069,1,0,0,1,1
2020-09-24,US,Georgia,Putnam,679,24,0,33.32056115,-83.37552891,13237.0,3069.7590306975903,3.5346097201767304,655,678,23,0,655,675,21809,1,1,0,0,3
2020-09-24,US,Georgia,Quitman,32,1,0,31.86728114,-85.01773177,13239.0,1391.9095258808175,3.125,31,32,1,0,31,32,2279,0,0,0,0,0
2020-09-24,US,Georgia,Rabun,329,9,0,34.88389445,-83.40304637,13241.0,1919.8226060570694,2.735562310030395,320,327,9,0,318,321,16867,2,0,0,2,6
2020-09-24,US,Georgia,Randolph,331,28,0,31.76622818,-84.75732369,13243.0,4883.446444378873,8.459214501510575,303,331,28,0,303,331,6833,0,0,0,0,0
2020-09-24,US,Georgia,Richmond,6983,160,0,33.35777107,-82.07026432,13245.0,3448.088564967064,2.2912788199914083,6823,6956,159,0,6797,6921,201554,27,1,0,26,35
2020-09-24,US,Georgia,Rockdale,1833,36,0,33.65145002,-84.02202167,13247.0,2016.5903890160184,1.9639934533551555,1797,1828,36,0,1792,1818,90594,5,0,0,5,10
2020-09-24,US,Georgia,Schley,104,2,0,32.2654021,-84.31258912,13249.0,1978.3146281148945,1.9230769230769231,102,104,2,0,102,104,5236,0,0,0,0,0
2020-09-24,US,Georgia,Screven,405,10,0,32.74976524,-81.60779441,13251.0,2899.8997565516247,2.469135802469136,395,400,10,0,390,392,13938,5,0,0,5,8
2020-09-24,US,Georgia,Seminole,353,9,0,30.93464824,-84.86823924,13253.0,4363.411619283065,2.54957507082153,344,347,9,0,338,346,8315,6,0,0,6,1
2020-09-24,US,Georgia,Spalding,1314,60,0,33.26310031,-84.28013991,13255.0,1969.9263901173856,4.5662100456621015,1254,1305,59,0,1246,1295,66100,9,1,0,8,10
2020-09-24,US,Georgia,Stephens,1039,36,0,34.55151201,-83.29405315,13257.0,4007.7145612343293,3.4648700673724737,1003,1030,36,0,994,1019,26035,9,0,0,9,11
2020-09-24,US,Georgia,Stewart,505,14,0,32.07996777,-84.83208037,13259.0,7627.24663948044,2.7722772277227716,491,478,14,0,464,462,6199,27,0,0,27,16
2020-09-24,US,Georgia,Sumter,928,62,0,32.03650571,-84.19821492,13261.0,3143.205527706273,6.681034482758621,866,927,62,0,865,922,29733,1,0,0,1,5
2020-09-24,US,Georgia,Talbot,163,5,0,32.69642758,-84.53351366,13263.0,2631.1541565778853,3.0674846625766867,158,162,5,0,157,160,6272,1,0,0,1,2
2020-09-24,US,Georgia,Taliaferro,21,0,0,33.56543317,-82.88136816,13265.0,1366.2979830839295,0.0,21,21,0,0,21,21,1608,0,0,0,0,0
2020-09-24,US,Georgia,Tattnall,810,11,0,32.04785085,-82.05539188,13267.0,3203.3536344222107,1.3580246913580247,799,804,10,0,794,793,25391,6,1,0,5,11
2020-09-24,US,Georgia,Taylor,207,10,0,32.55792548,-84.25077141,13269.0,2581.0473815461346,4.8309178743961345,197,207,10,0,197,206,8039,0,0,0,0,1
2020-09-24,US,Georgia,Telfair,383,18,0,31.92829517,-82.93491155,13271.0,2414.8802017654475,4.699738903394255,365,383,18,0,365,381,15876,0,0,0,0,2
2020-09-24,US,Georgia,Terrell,327,31,0,31.77527543,-84.44069698,13273.0,3833.0793576368537,9.48012232415902,296,327,31,0,296,327,8611,0,0,0,0,0
2020-09-24,US,Georgia,Thomas,1480,63,0,30.86392347,-83.91847289,13275.0,3329.508897437628,4.256756756756757,1417,1468,62,0,1406,1472,44448,12,1,0,11,-4
2020-09-24,US,Georgia,Tift,1747,56,0,31.45743864,-83.5236119,13277.0,4298.29741167208,3.2054951345163136,1691,1735,56,0,1679,1713,40571,12,0,0,12,22
2020-09-24,US,Georgia,Toombs,1293,45,0,32.12059861,-82.32957247,13279.0,4819.232202758108,3.480278422273782,1248,1284,44,0,1240,1280,26887,9,1,0,8,4
2020-09-24,US,Georgia,Towns,316,9,0,34.91369188,-83.74107459999998,13281.0,2625.2388468887602,2.848101265822785,307,319,9,0,310,309,11852,-3,0,0,-3,10
2020-09-24,US,Georgia,Treutlen,253,8,0,32.40422134,-82.56904553,13283.0,3666.135342703956,3.1620553359683794,245,250,8,0,242,245,6809,3,0,0,3,5
2020-09-24,US,Georgia,Troup,2785,96,0,33.03349196,-85.02812115,13285.0,3983.0096393123767,3.4470377019748653,2689,2776,95,0,2681,2763,70034,9,1,0,8,13
2020-09-24,US,Georgia,Turner,295,22,0,31.71612656,-83.62069378,13287.0,3694.427050720101,7.4576271186440675,273,294,22,0,272,294,7912,1,0,0,1,0
2020-09-24,US,Georgia,Twiggs,187,7,0,32.67435595,-83.43078662,13289.0,2302.9556650246304,3.7433155080213902,180,186,7,0,179,185,8188,1,0,0,1,1
2020-09-24,US,Georgia,Unassigned,2235,7,0,0.0,0.0,90013.0,0.0,0.3131991051454139,2228,2263,6,0,2257,2342,,-28,1,0,-29,-79
2020-09-24,US,Georgia,Union,707,19,0,34.82995757,-83.98967069,13291.0,2884.419240341071,2.6874115983026874,688,701,18,0,683,675,24001,6,1,0,5,26
2020-09-24,US,Georgia,Upson,780,61,0,32.87920671,-84.30024826,13293.0,2963.525835866261,7.82051282051282,719,764,61,0,703,757,26215,16,0,0,16,7
2020-09-24,US,Georgia,Walker,1506,32,0,34.73376362,-85.30165174,13295.0,2158.799329138057,2.1248339973439574,1474,1496,31,0,1465,1481,69410,10,1,0,9,15
2020-09-24,US,Georgia,Walton,1771,53,0,33.78017694,-83.73552314,13297.0,1872.2315604748767,2.9926595143986447,1718,1758,53,0,1705,1752,93503,13,0,0,13,6
2020-09-24,US,Georgia,Ware,1479,59,0,31.05449097,-82.42224148,13299.0,4138.9153187440525,3.9891818796484113,1420,1475,56,0,1419,1472,35680,4,3,0,1,3
2020-09-24,US,Georgia,Warren,141,5,0,33.41146451,-82.67795848,13301.0,2683.669585078036,3.5460992907801416,136,140,5,0,135,138,5251,1,0,0,1,2
2020-09-24,US,Georgia,Washington,664,8,0,32.96711864,-82.79357039,13303.0,3259.0556591734558,1.2048192771084338,656,657,8,0,649,655,20386,7,0,0,7,2
2020-09-24,US,Georgia,Wayne,1110,28,0,31.5521809,-81.91894878,13305.0,3709.025294884218,2.5225225225225225,1082,1100,28,0,1072,1094,29808,10,0,0,10,6
2020-09-24,US,Georgia,Webster,43,2,0,32.04066113,-84.54742852,13307.0,1649.4054468738013,4.651162790697675,41,43,2,0,41,43,2611,0,0,0,0,0
2020-09-24,US,Georgia,Wheeler,326,11,0,32.12009104,-82.72574721,13309.0,4150.2227880331,3.3742331288343568,315,326,11,0,315,324,7879,0,0,0,0,2
2020-09-24,US,Georgia,White,795,19,0,34.64624278,-83.74905525,13311.0,2581.3364504188585,2.3899371069182394,776,761,19,0,742,736,29970,34,0,0,34,25
2020-09-24,US,Georgia,Whitfield,4517,61,0,34.80987459,-84.96093476,13313.0,4317.199984707727,1.3504538410449414,4456,4491,61,0,4430,4469,104062,26,0,0,26,22
2020-09-24,US,Georgia,Wilcox,247,20,0,31.97496928,-83.43438555,13315.0,2860.4516502605675,8.097165991902834,227,247,20,0,227,245,8812,0,0,0,0,2
2020-09-24,US,Georgia,Wilkes,263,5,0,33.78290391,-82.74286107,13317.0,2689.986703487777,1.9011406844106464,258,261,5,0,256,260,9876,2,0,0,2,1
2020-09-24,US,Georgia,Wilkinson,334,18,0,32.80291082,-83.17140684,13319.0,3730.176457449186,5.389221556886229,316,333,18,0,315,331,9036,1,0,0,1,2
2020-09-24,US,Georgia,Worth,525,30,0,31.55162306,-83.85090513,13321.0,2592.976737294414,5.7142857142857135,495,523,30,0,493,523,20299,2,0,0,2,0
2020-09-24,US,Hawaii,Hawaii,677,15,0,19.60121157,-155.5210167,15001.0,335.95847414310737,2.2156573116691285,662,672,15,0,657,659,200983,5,0,0,5,13
2020-09-24,US,Hawaii,Honolulu,10627,99,0,21.45803166,-157.97121819999995,15003.0,1090.4374576092057,0.9315893478874564,10528,10546,97,0,10449,10393,980080,81,2,0,79,153
2020-09-24,US,Hawaii,Kauai,57,0,0,22.03935037,-159.5966786,15007.0,78.84580803120635,0.0,57,57,0,0,57,57,72133,0,0,0,0,0
2020-09-24,US,Hawaii,Maui,388,9,0,20.86399628,-156.56890969999995,15009.0,231.7566316443372,2.31958762886598,379,386,9,0,377,385,167207,2,0,0,2,1
2020-09-24,US,Hawaii,Out of HI,30,1,0,0.0,0.0,80015.0,0.0,3.333333333333333,29,28,1,0,27,28,,2,0,0,2,0
2020-09-24,US,Idaho,Ada,12588,147,0,43.4526575,-116.24155159999998,16001.0,2613.857932211625,1.1677788369876072,12441,12520,147,0,12373,12455,469966,68,0,0,68,65
2020-09-24,US,Idaho,Adams,28,2,0,44.89333571,-116.4545247,16003.0,652.0726595249182,7.142857142857142,26,28,1,0,27,28,4250,0,1,0,-1,0
2020-09-24,US,Idaho,Bannock,961,4,0,42.67002716,-112.2233311,16005.0,1094.433309037901,0.4162330905306972,957,942,4,0,938,922,87138,19,0,0,19,20
2020-09-24,US,Idaho,Bear Lake,41,1,0,42.28269683,-111.32892379999998,16007.0,669.3877551020408,2.4390243902439024,40,39,1,0,38,37,6050,2,0,0,2,2
2020-09-24,US,Idaho,Benewah,141,3,0,47.21754179,-116.6586851,16009.0,1516.4551516455151,2.127659574468085,138,139,3,0,136,137,9226,2,0,0,2,2
2020-09-24,US,Idaho,Bingham,873,10,0,43.21672879999999,-112.3978437,16011.0,1864.9462733118287,1.145475372279496,863,841,10,0,831,822,46236,32,0,0,32,19
2020-09-24,US,Idaho,Blaine,643,6,0,43.4085812,-113.9752658,16013.0,2793.1019503931193,0.9331259720062208,637,642,6,0,636,641,22601,1,0,0,1,1
2020-09-24,US,Idaho,Boise,67,1,0,43.98829931,-115.7309284,16015.0,855.5740007661858,1.492537313432836,66,67,1,0,66,67,7634,0,0,0,0,0
2020-09-24,US,Idaho,Bonner,314,0,0,48.29996017,-116.6017932,16017.0,686.5038588513086,0.0,314,309,0,0,309,302,44727,5,0,0,5,7
2020-09-24,US,Idaho,Bonneville,2595,16,0,43.38713372,-111.6161537,16019.0,2179.536711965194,0.6165703275529865,2579,2558,16,0,2542,2505,116854,37,0,0,37,53
2020-09-24,US,Idaho,Boundary,57,1,0,48.76684761,-116.4630179,16021.0,465.4961208656594,1.7543859649122806,56,56,1,0,55,56,11948,1,0,0,1,0
2020-09-24,US,Idaho,Butte,27,0,0,43.72592209,-113.1735463,16023.0,1039.661147477859,0.0,27,27,0,0,27,27,2611,0,0,0,0,0
2020-09-24,US,Idaho,Camas,25,0,0,43.46665742,-114.8065892,16025.0,2260.3978300180834,0.0,25,24,0,0,24,21,1127,1,0,0,1,3
2020-09-24,US,Idaho,Canyon,8048,101,0,43.61970148,-116.70954990000001,16027.0,3501.4291991698897,1.2549701789264414,7947,8000,100,0,7900,7973,223499,48,1,0,47,27
2020-09-24,US,Idaho,Caribou,103,0,0,42.77149116,-111.5597683,16029.0,1439.552760307477,0.0,103,101,0,0,101,97,7060,2,0,0,2,4
2020-09-24,US,Idaho,Cassia,662,5,0,42.28347888,-113.6012409,16031.0,2754.889721181856,0.7552870090634441,657,656,5,0,651,650,23864,6,0,0,6,6
2020-09-24,US,Idaho,Clark,32,0,0,44.28496071,-112.35057040000001,16033.0,3786.982248520711,0.0,32,32,0,0,32,32,852,0,0,0,0,0
2020-09-24,US,Idaho,Clearwater,39,0,0,46.67459924,-115.6622393,16035.0,445.4088624942896,0.0,39,39,0,0,39,38,8758,0,0,0,0,1
2020-09-24,US,Idaho,Custer,63,1,0,44.24186819,-114.2855494,16037.0,1460.0231749710313,1.5873015873015872,62,60,1,0,59,59,4280,3,0,0,3,1
2020-09-24,US,Idaho,Elmore,338,3,0,43.3507101,-115.4701578,16039.0,1228.5994693031878,0.8875739644970414,335,334,3,0,331,326,27259,4,0,0,4,8
2020-09-24,US,Idaho,Franklin,104,0,0,42.18332217,-111.81496659999999,16041.0,749.4955318535602,0.0,104,101,0,0,101,97,13726,3,0,0,3,4
2020-09-24,US,Idaho,Fremont,177,3,0,44.22800938,-111.48099429999999,16043.0,1351.248186884495,1.6949152542372878,174,175,3,0,172,171,13168,2,0,0,2,4
2020-09-24,US,Idaho,Gem,304,2,0,44.06482372,-116.398376,16045.0,1678.4452296819788,0.6578947368421053,302,294,2,0,292,291,17634,10,0,0,10,3
2020-09-24,US,Idaho,Gooding,275,1,0,42.96927962,-114.81083059999999,16047.0,1811.7135516173666,0.3636363636363637,274,273,1,0,272,265,15196,2,0,0,2,8
2020-09-24,US,Idaho,Idaho,189,0,0,45.84721541,-115.4634436,16049.0,1133.977320453591,0.0,189,186,0,0,186,184,16513,3,0,0,3,2
2020-09-24,US,Idaho,Jefferson,535,1,0,43.82078483,-112.3131749,16051.0,1791.0347828998026,0.18691588785046728,534,518,1,0,517,504,29439,17,0,0,17,14
2020-09-24,US,Idaho,Jerome,748,7,0,42.68891267,-114.2655033,16053.0,3064.066852367688,0.9358288770053476,741,738,7,0,731,733,24015,10,0,0,10,5
2020-09-24,US,Idaho,Kootenai,2586,35,0,47.67282258,-116.7020872,16055.0,1560.6800364520782,1.3534416086620262,2551,2542,35,0,2507,2517,161505,44,0,0,44,25
2020-09-24,US,Idaho,Latah,376,0,0,46.81587887,-116.71136979999999,16057.0,937.4688341478012,0.0,376,345,0,0,345,335,40134,31,0,0,31,10
2020-09-24,US,Idaho,Lemhi,85,0,0,44.9438088,-113.9309747,16059.0,1058.926124330385,0.0,85,83,0,0,83,79,7961,2,0,0,2,4
2020-09-24,US,Idaho,Lewis,14,0,0,46.23315327,-116.434146,16061.0,364.77331943720685,0.0,14,14,0,0,14,14,3861,0,0,0,0,0
2020-09-24,US,Idaho,Lincoln,88,0,0,43.0012336,-114.1358773,16063.0,1639.955273947074,0.0,88,88,0,0,88,87,5360,0,0,0,0,1
2020-09-24,US,Idaho,Madison,605,1,0,43.78141028,-111.65384740000002,16065.0,1516.02475756133,0.1652892561983471,604,571,1,0,570,547,39304,34,0,0,34,24
2020-09-24,US,Idaho,Minidoka,659,8,0,42.85518524,-113.6357257,16067.0,3132.278150102192,1.2139605462822458,651,648,8,0,640,637,20825,11,0,0,11,11
2020-09-24,US,Idaho,Nez Perce,431,24,0,46.32638236,-116.75009750000001,16069.0,1066.620471193823,5.568445475638051,407,420,24,0,396,413,40408,11,0,0,11,7
2020-09-24,US,Idaho,Oneida,24,0,0,42.19494279999999,-112.5407838,16071.0,529.6843963804898,0.0,24,23,0,0,23,23,4488,1,0,0,1,0
2020-09-24,US,Idaho,Owyhee,326,5,0,42.58016894,-116.16938710000001,16073.0,2757.337393216612,1.5337423312883436,321,324,5,0,319,324,11693,2,0,0,2,0
2020-09-24,US,Idaho,Payette,858,7,0,44.00545243,-116.7647695,16075.0,3582.3138908605074,0.8158508158508159,851,853,7,0,846,839,23551,5,0,0,5,14
2020-09-24,US,Idaho,Power,222,1,0,42.69254894,-112.83957420000002,16077.0,2890.248665538341,0.4504504504504505,221,218,1,0,217,210,7768,4,0,0,4,8
2020-09-24,US,Idaho,Shoshone,215,18,0,47.35364087,-115.89167490000001,16079.0,1668.9954975935416,8.372093023255816,197,215,18,0,197,214,12796,0,0,0,0,1
2020-09-24,US,Idaho,Teton,160,0,0,43.75303583,-111.2056773,16081.0,1317.7400757700545,0.0,160,151,0,0,151,146,11640,9,0,0,9,5
2020-09-24,US,Idaho,Twin Falls,2162,36,0,42.35440512,-114.6685381,16083.0,2488.5471580837493,1.6651248843663276,2126,2109,35,0,2074,2090,86081,53,1,0,52,19
2020-09-24,US,Idaho,Unassigned,1,0,0,0.0,0.0,90016.0,0.0,0.0,1,3,0,0,3,3,,-2,0,0,-2,0
2020-09-24,US,Idaho,Valley,89,1,0,44.76728382,-115.5676773,16085.0,781.25,1.1235955056179776,88,88,1,0,87,87,11041,1,0,0,1,1
2020-09-24,US,Idaho,Washington,356,6,0,44.45275475,-116.78476880000001,16087.0,3492.250343339219,1.6853932584269662,350,349,6,0,343,342,10161,7,0,0,7,7
2020-09-24,US,Illinois,Adams,1055,10,0,39.98815591,-91.18786813,17001.0,1612.2870023687628,0.9478672985781992,1045,1032,10,0,1022,1020,65691,23,0,0,23,12
2020-09-24,US,Illinois,Alexander,74,1,0,37.18049267,-89.32910838,17003.0,1284.4992188856102,1.351351351351351,73,73,1,0,72,73,6060,1,0,0,1,0
2020-09-24,US,Illinois,Bond,304,5,0,38.88829622,-89.43534887,17005.0,1850.724461220017,1.6447368421052633,299,296,4,0,292,294,16630,8,1,0,7,2
2020-09-24,US,Illinois,Boone,1082,23,0,42.32359279,-88.82345779,17007.0,2020.7679665321973,2.1256931608133085,1059,1074,23,0,1051,1056,53577,8,0,0,8,18
2020-09-24,US,Illinois,Brown,45,0,0,39.96209138,-90.75068024,17009.0,684.0985101854668,0.0,45,43,0,0,43,41,6556,2,0,0,2,2
2020-09-24,US,Illinois,Bureau,612,11,0,41.40385234,-89.5283051,17011.0,1875.6895917616766,1.7973856209150327,601,597,11,0,586,587,32993,15,0,0,15,10
2020-09-24,US,Illinois,Calhoun,47,0,0,39.16840183,-90.66330078,17013.0,991.7704156995146,0.0,47,47,0,0,47,44,4802,0,0,0,0,3
2020-09-24,US,Illinois,Carroll,218,4,0,42.06823429,-89.93395545,17015.0,1523.9426773855296,1.834862385321101,214,217,4,0,213,212,14312,1,0,0,1,5
2020-09-24,US,Illinois,Cass,393,11,0,39.96991073,-90.24734436,17017.0,3235.3667572240056,2.7989821882951653,382,389,11,0,378,384,12260,4,0,0,4,5
2020-09-24,US,Illinois,Champaign,4538,20,0,40.13919438,-88.20046615,17019.0,2164.1573949992608,0.4407227853680035,4518,4472,20,0,4452,4411,209983,66,0,0,66,61
2020-09-24,US,Illinois,Christian,463,11,0,39.54581621,-89.27780482,17021.0,1433.2590391282813,2.3758099352051842,452,460,11,0,449,443,32661,3,0,0,3,17
2020-09-24,US,Illinois,Clark,156,2,0,39.33425789,-87.78705622,17023.0,1010.2972605401204,1.2820512820512822,154,154,2,0,152,151,15596,2,0,0,2,3
2020-09-24,US,Illinois,Clay,142,0,0,38.75388572,-88.48914513,17025.0,1077.0631067961162,0.0,142,142,0,0,142,141,13253,0,0,0,0,1
2020-09-24,US,Illinois,Clinton,1101,20,0,38.60704876,-89.42385254,17027.0,2931.153825674884,1.8165304268846505,1081,1088,20,0,1068,1084,37639,13,0,0,13,4
2020-09-24,US,Illinois,Coles,1417,30,0,39.51949084,-88.22358557,17029.0,2799.233519685506,2.117148906139732,1387,1396,30,0,1366,1366,50885,21,0,0,21,30
2020-09-24,US,Illinois,Cook,141430,5187,0,41.84144849,-87.81658794,17031.0,2746.089351685642,3.667538711730185,136243,140623,5180,0,135443,140078,5180493,807,7,0,800,545
2020-09-24,US,Illinois,Crawford,420,3,0,39.0032229,-87.75954624,17033.0,2249.9598221460333,0.7142857142857143,417,400,2,0,398,389,18807,20,1,0,19,11
2020-09-24,US,Illinois,Cumberland,204,4,0,39.27432424,-88.2401158,17035.0,1894.8541705368752,1.96078431372549,200,201,4,0,197,200,10808,3,0,0,3,1
2020-09-24,US,Illinois,De Witt,105,1,0,40.17514519,-88.90959682,17039.0,671.4413607878246,0.9523809523809524,104,104,1,0,103,103,15769,1,0,0,1,1
2020-09-24,US,Illinois,DeKalb,1526,38,0,41.89373302,-88.76958483,17037.0,1454.7603839957294,2.4901703800786366,1488,1484,38,0,1446,1480,104143,42,0,0,42,4
2020-09-24,US,Illinois,Douglas,293,7,0,39.76768052,-88.21854195,17041.0,1505.2658618032365,2.389078498293516,286,285,7,0,278,281,19479,8,0,0,8,4
2020-09-24,US,Illinois,DuPage,17091,554,0,41.85116968,-88.08642662,17043.0,1851.8378062694424,3.2414721198291496,16537,16955,551,0,16404,16883,928589,136,3,0,133,72
2020-09-24,US,Illinois,Edgar,112,8,0,39.6809186,-87.74759563,17045.0,652.6426198939456,7.142857142857142,104,111,7,0,104,109,17360,1,1,0,0,2
2020-09-24,US,Illinois,Edwards,64,0,0,38.41353228,-88.05720863,17047.0,1000.7818608287724,0.0,64,64,0,0,64,61,6392,0,0,0,0,3
2020-09-24,US,Illinois,Effingham,848,1,0,39.05935711,-88.58969584,17049.0,2493.5309338979064,0.1179245283018868,847,836,1,0,835,834,34208,12,0,0,12,2
2020-09-24,US,Illinois,Fayette,389,3,0,39.00072038,-89.02452658,17051.0,1823.2095988001504,0.7712082262210797,386,373,3,0,370,351,21416,16,0,0,16,22
2020-09-24,US,Illinois,Ford,100,5,0,40.59706922,-88.22350769,17053.0,771.5454054471104,5.0,95,99,5,0,94,98,13264,1,0,0,1,1
2020-09-24,US,Illinois,Franklin,514,3,0,37.99189086,-88.92567818,17055.0,1336.1407886869947,0.5836575875486382,511,505,3,0,502,499,38701,9,0,0,9,6
2020-09-24,US,Illinois,Fulton,157,0,0,40.47289135,-90.20862357,17057.0,457.1927781013396,0.0,157,153,0,0,153,148,34844,4,0,0,4,5
2020-09-24,US,Illinois,Gallatin,71,2,0,37.76430935,-88.22953869,17059.0,1470.588235294117,2.8169014084507036,69,69,2,0,67,67,5058,2,0,0,2,2
2020-09-24,US,Illinois,Greene,218,7,0,39.35907414,-90.388865,17061.0,1680.9314519238183,3.2110091743119265,211,216,7,0,209,216,13044,2,0,0,2,0
2020-09-24,US,Illinois,Grundy,654,5,0,41.28569601,-88.41905692,17063.0,1280.99659184393,0.764525993883792,649,645,5,0,640,635,50972,9,0,0,9,10
2020-09-24,US,Illinois,Hamilton,67,0,0,38.08163641,-88.53883373,17065.0,825.5298176441597,0.0,67,67,0,0,67,67,8163,0,0,0,0,0
2020-09-24,US,Illinois,Hancock,201,3,0,40.40423981,-91.16313899,17067.0,1135.0801897447482,1.492537313432836,198,199,3,0,196,194,17844,2,0,0,2,5
2020-09-24,US,Illinois,Hardin,37,0,0,37.51810645,-88.26873022,17069.0,968.3328971473436,0.0,37,37,0,0,37,36,3910,0,0,0,0,1
2020-09-24,US,Illinois,Henderson,66,0,0,40.81908672,-90.92491462,17071.0,993.0785434848027,0.0,66,64,0,0,64,63,6709,2,0,0,2,1
2020-09-24,US,Illinois,Henry,647,5,0,41.3533994,-90.13296166,17073.0,1322.7567313393167,0.7727975270479135,642,636,5,0,631,624,49090,11,0,0,11,12
2020-09-24,US,Illinois,Iroquois,359,19,0,40.74717633,-87.82466784,17075.0,1324.039241720145,5.2924791086350975,340,359,19,0,340,357,27604,0,0,0,0,2
2020-09-24,US,Illinois,Jackson,1250,24,0,37.78595185,-89.38232563,17077.0,2202.643171806167,1.92,1226,1248,24,0,1224,1242,57419,2,0,0,2,6
2020-09-24,US,Illinois,Jasper,203,9,0,39.01054275,-88.15437049,17079.0,2112.3829344432884,4.433497536945813,194,202,9,0,193,199,9611,1,0,0,1,3
2020-09-24,US,Illinois,Jefferson,584,38,0,38.29980057,-88.9240025,17081.0,1549.7293280968051,6.506849315068492,546,572,38,0,534,564,37820,12,0,0,12,8
2020-09-24,US,Illinois,Jersey,387,14,0,39.08869046,-90.35393073,17083.0,1777.4307628714462,3.617571059431525,373,385,14,0,371,385,21847,2,0,0,2,0
2020-09-24,US,Illinois,Jo Daviess,253,2,0,42.36542373,-90.21094405,17085.0,1191.4292441723571,0.7905138339920948,251,246,2,0,244,243,21366,7,0,0,7,3
2020-09-24,US,Illinois,Johnson,149,0,0,37.45939802,-88.88165419,17087.0,1199.967786099702,0.0,149,148,0,0,148,144,12456,1,0,0,1,4
2020-09-24,US,Illinois,Kane,12889,325,0,41.93842729,-88.42861412,17089.0,2420.910475711069,2.5215299868104584,12564,12790,325,0,12465,12716,534216,99,0,0,99,74
2020-09-24,US,Illinois,Kankakee,2694,77,0,41.13746989,-87.86205334,17091.0,2452.1672643862303,2.8582034149962876,2617,2676,77,0,2599,2660,110024,18,0,0,18,16
2020-09-24,US,Illinois,Kendall,1966,25,0,41.59081014,-88.42869583,17093.0,1524.1491588495232,1.2716174974567651,1941,1947,25,0,1922,1932,127915,19,0,0,19,15
2020-09-24,US,Illinois,Knox,631,3,0,40.93148779,-90.21330340000002,17095.0,1269.6432523793235,0.4754358161648177,628,627,3,0,624,613,50112,4,0,0,4,14
2020-09-24,US,Illinois,LaSalle,1658,56,0,41.34426129999999,-88.88633881,17099.0,1525.734110003773,3.3775633293124248,1602,1640,56,0,1584,1630,109430,18,0,0,18,10
2020-09-24,US,Illinois,Lake,16636,487,0,42.3224907,-88.00367925,17097.0,2388.393978766321,2.927386390959365,16149,16545,486,0,16059,16489,700832,91,1,0,90,56
2020-09-24,US,Illinois,Lawrence,252,2,0,38.71987914,-87.72884035,17101.0,1607.3478760045925,0.7936507936507936,250,251,2,0,249,250,15765,1,0,0,1,1
2020-09-24,US,Illinois,Lee,353,1,0,41.74583951,-89.29977132,17103.0,1035.3120600656966,0.28328611898017,352,347,1,0,346,333,34223,6,0,0,6,14
2020-09-24,US,Illinois,Livingston,355,6,0,40.89188292,-88.55784752,17105.0,995.8482944344704,1.6901408450704225,349,348,6,0,342,340,35761,7,0,0,7,8
2020-09-24,US,Illinois,Logan,448,1,0,40.12581572,-89.36638784,17107.0,1565.4483192396397,0.22321428571428573,447,440,1,0,439,436,28925,8,0,0,8,4
2020-09-24,US,Illinois,Macon,1454,44,0,39.86064913,-88.96342505,17115.0,1397.9559461200472,3.0261348005502064,1410,1436,42,0,1394,1417,104712,18,2,0,16,19
2020-09-24,US,Illinois,Macoupin,523,7,0,39.26119767,-89.92424028,17117.0,1164.136580154031,1.338432122370937,516,515,7,0,508,498,45313,8,0,0,8,17
2020-09-24,US,Illinois,Madison,5511,136,0,38.83042506,-89.90422563,17119.0,2095.708190412449,2.467791689348576,5375,5463,131,0,5332,5414,264461,48,5,0,43,49
2020-09-24,US,Illinois,Marion,527,0,0,38.64963204,-88.91899208,17121.0,1416.4762800698832,0.0,527,518,0,0,518,516,37620,9,0,0,9,2
2020-09-24,US,Illinois,Marshall,99,0,0,41.0327901,-89.34510444,17123.0,865.5359328553943,0.0,99,98,0,0,98,94,11534,1,0,0,1,4
2020-09-24,US,Illinois,Mason,134,1,0,40.23917274,-89.91824452,17125.0,1003.069091997904,0.746268656716418,133,129,1,0,128,128,13565,5,0,0,5,1
2020-09-24,US,Illinois,Massac,106,2,0,37.22078441,-88.71036614,17127.0,769.6776067383096,1.8867924528301887,104,97,2,0,95,96,14080,9,0,0,9,1
2020-09-24,US,Illinois,McDonough,460,15,0,40.45674722,-90.67775541,17109.0,1549.7607977899065,3.260869565217391,445,459,15,0,444,453,29955,1,0,0,1,6
2020-09-24,US,Illinois,McHenry,4506,118,0,42.32451172,-88.45248227,17111.0,1464.0612917270464,2.61873058144696,4388,4463,118,0,4345,4446,308570,43,0,0,43,17
2020-09-24,US,Illinois,McLean,3223,22,0,40.48996987,-88.84621113,17113.0,1879.1140236827841,0.6825938566552902,3201,3200,20,0,3180,3188,172828,23,2,0,21,12
2020-09-24,US,Illinois,Menard,120,0,0,40.02742725,-89.80246001,17129.0,983.9291571006888,0.0,120,120,0,0,120,119,12288,0,0,0,0,1
2020-09-24,US,Illinois,Mercer,133,5,0,41.20596782,-90.74290052,17131.0,861.5663665219928,3.7593984962406015,128,129,5,0,124,127,15601,4,0,0,4,2
2020-09-24,US,Illinois,Monroe,642,15,0,38.27594376,-90.17761038,17133.0,1853.5092531108355,2.336448598130841,627,639,15,0,624,627,34335,3,0,0,3,12
2020-09-24,US,Illinois,Montgomery,348,13,0,39.23198845,-89.47809254,17135.0,1224.7483634827902,3.7356321839080464,335,339,13,0,326,331,28601,9,0,0,9,8
2020-09-24,US,Illinois,Morgan,640,23,0,39.71654544,-90.20255104,17137.0,1901.4795888050394,3.59375,617,628,23,0,605,625,33976,12,0,0,12,3
2020-09-24,US,Illinois,Moultrie,208,3,0,39.64187451,-88.62099969,17139.0,1434.383835597545,1.4423076923076923,205,208,3,0,205,207,14717,0,0,0,0,1
2020-09-24,US,Illinois,Ogle,662,6,0,42.04165196,-89.32184679,17141.0,1307.18954248366,0.9063444108761328,656,651,6,0,645,641,50923,11,0,0,11,10
2020-09-24,US,Illinois,Out of IL,3,0,0,0.0,0.0,80017.0,0.0,0.0,3,2,0,0,2,2,,1,0,0,1,0
2020-09-24,US,Illinois,Peoria,3352,49,0,40.78702156,-89.76078901,17143.0,1870.7549433806412,1.4618138424821003,3303,3314,49,0,3265,3256,180621,38,0,0,38,58
2020-09-24,US,Illinois,Perry,342,15,0,38.08510853,-89.36856219,17145.0,1635.1118760757315,4.385964912280701,327,342,15,0,327,338,21174,0,0,0,0,4
2020-09-24,US,Illinois,Piatt,132,0,0,40.01360584,-88.59319339,17147.0,807.6358296622614,0.0,132,132,0,0,132,131,16396,0,0,0,0,1
2020-09-24,US,Illinois,Pike,121,1,0,39.62265059,-90.8877017,17149.0,777.5849881113039,0.8264462809917356,120,113,1,0,112,110,15611,8,0,0,8,3
2020-09-24,US,Illinois,Pope,26,1,0,37.41391284,-88.56152109,17151.0,622.4563083552789,3.8461538461538463,25,26,1,0,25,26,4212,0,0,0,0,0
2020-09-24,US,Illinois,Pulaski,167,1,0,37.22631423,-89.13085001,17153.0,3130.2717900656044,0.5988023952095808,166,161,1,0,160,159,5463,6,0,0,6,2
2020-09-24,US,Illinois,Putnam,55,0,0,41.2013541,-89.2869272,17155.0,958.3551141313817,0.0,55,55,0,0,55,52,5740,0,0,0,0,3
2020-09-24,US,Illinois,Randolph,928,11,0,38.05095369,-89.82512254,17157.0,2919.891762632937,1.1853448275862069,917,926,11,0,915,923,32106,2,0,0,2,3
2020-09-24,US,Illinois,Richland,176,4,0,38.71240969,-88.08475366,17159.0,1134.5323277251334,2.272727272727273,172,171,4,0,167,159,15763,5,0,0,5,12
2020-09-24,US,Illinois,Rock Island,2901,75,0,41.46613806,-90.57042164,17161.0,2044.7000613198568,2.5853154084798344,2826,2869,74,0,2795,2827,143477,32,1,0,31,42
2020-09-24,US,Illinois,Saline,307,3,0,37.75332999,-88.54119706,17165.0,1306.8834872930056,0.977198697068404,304,299,3,0,296,278,23906,8,0,0,8,21
2020-09-24,US,Illinois,Sangamon,2311,44,0,39.75836914,-89.65872023,17167.0,1187.125010273691,1.903937689311986,2267,2290,44,0,2246,2267,195348,21,0,0,21,23
2020-09-24,US,Illinois,Schuyler,48,0,0,40.157179799999994,-90.61114163,17169.0,709.2198581560284,0.0,48,46,0,0,46,45,6907,2,0,0,2,1
2020-09-24,US,Illinois,Scott,76,0,0,39.642916899999996,-90.47814431,17171.0,1535.0434255705918,0.0,76,75,0,0,75,74,4926,1,0,0,1,1
2020-09-24,US,Illinois,Shelby,366,4,0,39.39133527,-88.80611122,17173.0,1691.7814551169456,1.0928961748633879,362,360,4,0,356,352,21741,6,0,0,6,8
2020-09-24,US,Illinois,St. Clair,6421,188,0,38.46996033,-89.93063427,17163.0,2472.601526458877,2.9278928515807507,6233,6386,187,0,6199,6339,261059,35,1,0,34,47
2020-09-24,US,Illinois,Stark,54,2,0,41.09309773,-89.79745866,17175.0,1010.8573567952078,3.703703703703704,52,53,2,0,51,50,5427,1,0,0,1,3
2020-09-24,US,Illinois,Stephenson,498,6,0,42.35129217,-89.662598,17177.0,1119.1514225358444,1.2048192771084338,492,484,6,0,478,475,44753,14,0,0,14,9
2020-09-24,US,Illinois,Tazewell,1678,21,0,40.50716185,-89.51404662,17179.0,1273.1121446401069,1.2514898688915377,1657,1657,21,0,1636,1609,132328,21,0,0,21,48
2020-09-24,US,Illinois,Unassigned,2244,236,0,0.0,0.0,90017.0,0.0,10.516934046345812,2008,2238,236,0,2002,2250,,6,0,0,6,-12
2020-09-24,US,Illinois,Union,507,24,0,37.47119609,-89.25548938,17181.0,3044.496487119438,4.733727810650888,483,507,24,0,483,497,16841,0,0,0,0,10
2020-09-24,US,Illinois,Vermilion,673,4,0,40.18417171,-87.73384359,17183.0,888.3550252118588,0.5943536404160475,669,648,4,0,644,622,76806,25,0,0,25,26
2020-09-24,US,Illinois,Wabash,149,1,0,38.44272901,-87.84922065,17185.0,1293.4027777777776,0.6711409395973155,148,147,1,0,146,146,11549,2,0,0,2,1
2020-09-24,US,Illinois,Warren,319,2,0,40.84925021,-90.6147432,17187.0,1893.8494419377814,0.6269592476489029,317,314,2,0,312,307,17032,5,0,0,5,7
2020-09-24,US,Illinois,Washington,203,1,0,38.35309213,-89.40982703,17189.0,1461.7988046374307,0.4926108374384237,202,198,1,0,197,197,13995,5,0,0,5,1
2020-09-24,US,Illinois,Wayne,264,5,0,38.42955355,-88.42586459,17191.0,1628.122109158187,1.893939393939394,259,256,5,0,251,249,16332,8,0,0,8,7
2020-09-24,US,Illinois,White,164,0,0,38.08706198,-88.17657461,17193.0,1211.494422693359,0.0,164,161,0,0,161,159,13665,3,0,0,3,2
2020-09-24,US,Illinois,Whiteside,713,20,0,41.75509713,-89.91556058,17195.0,1292.2519256909832,2.8050490883590458,693,702,20,0,682,694,55626,11,0,0,11,8
2020-09-24,US,Illinois,Will,13720,376,0,41.44619267,-87.97862712,17197.0,1986.2669618077923,2.740524781341108,13344,13612,374,0,13238,13539,692310,108,2,0,106,73
2020-09-24,US,Illinois,Williamson,1371,42,0,37.73033511,-88.92994027,17199.0,2058.651290598676,3.063457330415755,1329,1351,39,0,1312,1337,67056,20,3,0,17,14
2020-09-24,US,Illinois,Winnebago,5634,149,0,42.33641854,-89.16085327,17201.0,1993.8281216822613,2.6446574369897053,5485,5531,149,0,5382,5399,284081,103,0,0,103,132
2020-09-24,US,Illinois,Woodford,412,6,0,40.78579374,-89.20973757,17203.0,1071.2707038664553,1.4563106796116505,406,408,6,0,402,402,38463,4,0,0,4,6
2020-09-24,US,Indiana,Adams,255,3,0,40.7457653,-84.93671406,18001.0,712.7484137853928,1.1764705882352942,252,252,3,0,249,245,35636,3,0,0,3,7
2020-09-24,US,Indiana,Allen,6113,201,0,41.09194313,-85.06800636,18003.0,1611.6572941136149,3.2880745951251438,5912,6060,200,0,5860,6029,375351,53,1,0,52,31
2020-09-24,US,Indiana,Bartholomew,1155,57,0,39.20744865,-85.89558181,18005.0,1378.6271022571286,4.9350649350649345,1098,1153,57,0,1096,1153,82753,2,0,0,2,0
2020-09-24,US,Indiana,Benton,88,0,0,40.60626947,-87.31093999,18007.0,1005.9442158207588,0.0,88,88,0,0,88,88,8653,0,0,0,0,0
2020-09-24,US,Indiana,Blackford,114,3,0,40.47388153,-85.32499702,18009.0,969.5526450076544,2.631578947368421,111,113,3,0,110,113,11930,1,0,0,1,0
2020-09-24,US,Indiana,Boone,960,46,0,40.0509304,-86.46841646,18011.0,1415.0317645151306,4.791666666666667,914,956,46,0,910,951,66999,4,0,0,4,5
2020-09-24,US,Indiana,Brown,104,3,0,39.19605589,-86.22868909,18013.0,689.1068115557913,2.8846153846153846,101,103,3,0,100,102,15234,1,0,0,1,1
2020-09-24,US,Indiana,Carroll,273,13,0,40.580783200000006,-86.56198812,18015.0,1347.6822826677196,4.761904761904762,260,271,13,0,258,270,20127,2,0,0,2,1
2020-09-24,US,Indiana,Cass,1939,9,0,40.76135835,-86.34830753,18017.0,5144.737191222904,0.4641567818463125,1930,1933,9,0,1924,1932,37955,6,0,0,6,1
2020-09-24,US,Indiana,Clark,2187,56,0,38.48015445,-85.70510334,18019.0,1848.6585180301267,2.5605852766346597,2131,2157,56,0,2101,2150,117360,30,0,0,30,7
2020-09-24,US,Indiana,Clay,299,5,0,39.39561833,-87.11723506,18021.0,1140.1334604385127,1.6722408026755853,294,298,5,0,293,293,26170,1,0,0,1,5
2020-09-24,US,Indiana,Clinton,595,14,0,40.30319754,-86.47277257,18023.0,1836.4764344578534,2.3529411764705883,581,595,13,0,582,592,32250,0,1,0,-1,3
2020-09-24,US,Indiana,Crawford,104,0,0,38.28814402,-86.44518825,18025.0,983.2655762503546,0.0,104,103,0,0,103,103,10558,1,0,0,1,0
2020-09-24,US,Indiana,Daviess,658,28,0,38.70186039,-87.07185406,18027.0,1972.9543342028726,4.25531914893617,630,654,28,0,626,644,33147,4,0,0,4,10
2020-09-24,US,Indiana,DeKalb,468,11,0,41.39804622,-84.99906934,18033.0,1076.480736055204,2.3504273504273505,457,463,11,0,452,456,43226,5,0,0,5,7
2020-09-24,US,Indiana,Dearborn,647,28,0,39.14647946,-84.97333539,18029.0,1308.180678555542,4.327666151468315,619,639,28,0,611,632,49568,8,0,0,8,7
2020-09-24,US,Indiana,Decatur,458,39,0,39.30712658,-85.50087166,18031.0,1724.4625174140592,8.515283842794759,419,457,39,0,418,454,26794,1,0,0,1,3
2020-09-24,US,Indiana,Delaware,1918,61,0,40.22787247,-85.39732772,18035.0,1680.4661146887454,3.1803962460896766,1857,1895,61,0,1834,1882,114772,23,0,0,23,13
2020-09-24,US,Indiana,Dubois,964,18,0,38.36597551,-86.87924170000002,18037.0,2255.709472107825,1.867219917012448,946,959,18,0,941,954,42565,5,0,0,5,5
2020-09-24,US,Indiana,Elkhart,6477,109,0,41.59761169,-85.85875695,18039.0,3138.9786809213874,1.6828778755596727,6368,6438,109,0,6329,6415,205560,39,0,0,39,23
2020-09-24,US,Indiana,Fayette,419,13,0,39.63684962,-85.17797541,18041.0,1813.6957839148126,3.102625298329356,406,418,13,0,405,418,23047,1,0,0,1,0
2020-09-24,US,Indiana,Floyd,1351,61,0,38.32117957,-85.90385377,18043.0,1720.5369195894143,4.515173945225759,1290,1321,61,0,1260,1314,77781,30,0,0,30,7
2020-09-24,US,Indiana,Fountain,120,2,0,40.12361933,-87.24217689,18045.0,734.1245564664138,1.6666666666666667,118,120,2,0,118,118,16351,0,0,0,0,2
2020-09-24,US,Indiana,Franklin,303,25,0,39.4142482,-85.06062647,18047.0,1331.3999472712892,8.250825082508253,278,303,25,0,278,299,22736,0,0,0,0,4
2020-09-24,US,Indiana,Fulton,235,2,0,41.0469907,-86.26252745,18049.0,1176.5294883348356,0.851063829787234,233,235,2,0,233,234,20092,0,0,0,0,1
2020-09-24,US,Indiana,Gibson,496,4,0,38.30393723,-87.58054938,18051.0,1473.6028996702219,0.8064516129032258,492,489,4,0,485,485,33452,7,0,0,7,4
2020-09-24,US,Indiana,Grant,903,34,0,40.51587228,-85.65468702,18053.0,1372.9872736395564,3.765227021040975,869,897,33,0,864,891,65936,6,1,0,5,6
2020-09-24,US,Indiana,Greene,422,35,0,39.03630547,-86.96223202,18055.0,1321.9723074995302,8.293838862559241,387,419,35,0,384,418,32006,3,0,0,3,1
2020-09-24,US,Indiana,Hamilton,4803,109,0,40.07306535,-86.05244729,18057.0,1420.959672910053,2.2694149489902142,4694,4761,109,0,4652,4724,330086,42,0,0,42,37
2020-09-24,US,Indiana,Hancock,917,43,0,39.82304555,-85.77566351,18059.0,1173.1143178794389,4.689203925845146,874,914,43,0,871,911,76351,3,0,0,3,3
2020-09-24,US,Indiana,Harrison,566,24,0,38.19467379,-86.10948271,18061.0,1397.0134518079724,4.2402826855123665,542,564,24,0,540,560,40350,2,0,0,2,4
2020-09-24,US,Indiana,Hendricks,2694,123,0,39.76719009,-86.51037283,18063.0,1581.8120966936954,4.565701559020044,2571,2681,122,0,2559,2673,167009,13,1,0,12,8
2020-09-24,US,Indiana,Henry,793,26,0,39.93029017,-85.39625719,18065.0,1653.0476111064788,3.278688524590164,767,781,25,0,756,770,48271,12,1,0,11,11
2020-09-24,US,Indiana,Howard,1292,63,0,40.48527731,-86.11351892,18067.0,1565.2258189571626,4.8761609907120755,1229,1290,63,0,1227,1285,82366,2,0,0,2,5
2020-09-24,US,Indiana,Huntington,225,3,0,40.82907273,-85.48822092,18069.0,616.1007667031763,1.3333333333333333,222,222,3,0,219,222,36240,3,0,0,3,0
2020-09-24,US,Indiana,Jackson,746,9,0,38.90915820000001,-86.03851889,18071.0,1686.5998960005427,1.206434316353887,737,742,9,0,733,740,44111,4,0,0,4,2
2020-09-24,US,Indiana,Jasper,390,2,0,41.02078733,-87.11553319,18073.0,1162.0284845956735,0.5128205128205128,388,386,2,0,384,386,33370,4,0,0,4,0
2020-09-24,US,Indiana,Jay,176,0,0,40.43781032,-85.00576229,18075.0,861.2252887062047,0.0,176,175,0,0,175,173,20764,1,0,0,1,2
2020-09-24,US,Indiana,Jefferson,247,3,0,38.78576239,-85.43633383,18077.0,764.516528414015,1.214574898785425,244,244,3,0,241,244,32208,3,0,0,3,0
2020-09-24,US,Indiana,Jennings,312,12,0,38.99588883,-85.62710784,18079.0,1124.93239588967,3.8461538461538463,300,312,12,0,300,312,27611,0,0,0,0,0
2020-09-24,US,Indiana,Johnson,2291,123,0,39.48994426,-86.10149107,18081.0,1448.46902324758,5.368834570056744,2168,2279,123,0,2156,2268,156225,12,0,0,12,11
2020-09-24,US,Indiana,Knox,513,9,0,38.68861576,-87.4194665,18083.0,1401.8691588785045,1.7543859649122806,504,503,9,0,494,501,36895,10,0,0,10,2
2020-09-24,US,Indiana,Kosciusko,1211,17,0,41.24521668,-85.86312322,18085.0,1524.1139750302054,1.4037985136251032,1194,1206,17,0,1189,1202,79344,5,0,0,5,4
2020-09-24,US,Indiana,LaGrange,634,11,0,41.64232188,-85.42674232,18087.0,1600.444287373151,1.7350157728706626,623,632,11,0,621,631,39330,2,0,0,2,1
2020-09-24,US,Indiana,LaPorte,1405,40,0,41.54366008,-86.74072188,18091.0,1278.5745486313338,2.846975088967972,1365,1382,39,0,1343,1377,110007,23,1,0,22,5
2020-09-24,US,Indiana,Lake,10397,321,0,41.41874274,-87.38277575,18089.0,2141.534481444635,3.0874290660767527,10076,10334,319,0,10015,10292,484411,63,2,0,61,42
2020-09-24,US,Indiana,Lawrence,510,28,0,38.84112637,-86.48361629,18093.0,1124.0908089045624,5.490196078431373,482,506,28,0,478,505,45668,4,0,0,4,1
2020-09-24,US,Indiana,Madison,1619,75,0,40.16143691,-85.71964711,18095.0,1249.5272789015892,4.6324891908585535,1544,1610,75,0,1535,1595,129641,9,0,0,9,15
2020-09-24,US,Indiana,Marion,21067,764,0,39.78163624,-86.13826325,18097.0,2184.0548548490437,3.626524896757963,20303,20936,761,0,20175,20832,954670,131,3,0,128,104
2020-09-24,US,Indiana,Marshall,997,24,0,41.32467367,-86.26185087,18099.0,2155.3028665311945,2.4072216649949847,973,994,24,0,970,989,46248,3,0,0,3,5
2020-09-24,US,Indiana,Martin,164,0,0,38.7099921,-86.80373186,18101.0,1599.2198927352508,0.0,164,164,0,0,164,164,10217,0,0,0,0,0
2020-09-24,US,Indiana,Miami,431,3,0,40.76940965,-86.04525048,18103.0,1213.5375605360964,0.6960556844547564,428,430,3,0,427,426,35567,1,0,0,1,4
2020-09-24,US,Indiana,Monroe,2531,36,0,39.16130004,-86.52414358,18105.0,1705.1694053129065,1.4223627024891348,2495,2512,36,0,2476,2474,146917,19,0,0,19,38
2020-09-24,US,Indiana,Montgomery,507,21,0,40.04034823,-86.89335024,18107.0,1322.4477020188847,4.142011834319527,486,505,21,0,484,505,38346,2,0,0,2,0
2020-09-24,US,Indiana,Morgan,709,38,0,39.47899078,-86.44573375,18109.0,1005.8306969881827,5.3596614950634685,671,706,38,0,668,700,70116,3,0,0,3,6
2020-09-24,US,Indiana,Newton,172,11,0,40.95610449,-87.39635768,18111.0,1229.9771167048054,6.395348837209302,161,172,11,0,161,171,14011,0,0,0,0,1
2020-09-24,US,Indiana,Noble,900,32,0,41.39672484,-85.41966713,18113.0,1885.0536193029486,3.555555555555556,868,894,32,0,862,891,47532,6,0,0,6,3
2020-09-24,US,Indiana,Ohio,78,7,0,38.955304999999996,-84.96515993,18115.0,1327.659574468085,8.974358974358974,71,77,7,0,70,76,5844,1,0,0,1,1
2020-09-24,US,Indiana,Orange,288,24,0,38.54118920000001,-86.49523093,18117.0,1465.9472666191587,8.333333333333334,264,286,24,0,262,285,19489,2,0,0,2,1
2020-09-24,US,Indiana,Owen,168,1,0,39.31145587,-86.83900724,18119.0,807.7311409202365,0.5952380952380952,167,167,1,0,166,165,20845,1,0,0,1,2
2020-09-24,US,Indiana,Parke,97,2,0,39.77202286,-87.20375833,18121.0,572.7106335242369,2.061855670103093,95,96,1,0,95,94,16927,1,1,0,0,2
2020-09-24,US,Indiana,Perry,216,13,0,38.07809328,-86.63741946,18123.0,1126.8193437320676,6.018518518518517,203,215,13,0,202,214,19102,1,0,0,1,1
2020-09-24,US,Indiana,Pike,143,1,0,38.40112197,-87.23574907,18125.0,1154.2497376705142,0.6993006993006993,142,141,1,0,140,140,12410,2,0,0,2,1
2020-09-24,US,Indiana,Porter,2105,46,0,41.45986947,-87.06848888,18127.0,1235.4083890391985,2.1852731591448933,2059,2090,46,0,2044,2078,169594,15,0,0,15,12
2020-09-24,US,Indiana,Posey,316,0,0,38.02097333,-87.86480429,18129.0,1242.7734298186967,0.0,316,309,0,0,309,306,25540,7,0,0,7,3
2020-09-24,US,Indiana,Pulaski,116,1,0,41.04166107,-86.69890683,18131.0,939.0431474135837,0.8620689655172413,115,115,1,0,114,115,12469,1,0,0,1,0
2020-09-24,US,Indiana,Putnam,542,11,0,39.66437981,-86.84517605,18133.0,1442.410048967426,2.029520295202952,531,538,10,0,528,537,37779,4,1,0,3,1
2020-09-24,US,Indiana,Randolph,211,7,0,40.15734772,-85.01139319,18135.0,855.463206973444,3.3175355450236967,204,209,7,0,202,208,24851,2,0,0,2,1
2020-09-24,US,Indiana,Ripley,287,8,0,39.10235626,-85.26212744,18137.0,1013.2749611636774,2.787456445993032,279,282,8,0,274,283,28523,5,0,0,5,-1
2020-09-24,US,Indiana,Rush,154,4,0,39.62002287,-85.4655599,18139.0,928.7738978348713,2.5974025974025974,150,153,4,0,149,152,16663,1,0,0,1,1
2020-09-24,US,Indiana,Scott,367,11,0,38.68672078,-85.74627859,18143.0,1537.3015540568842,2.9972752043596733,356,359,10,0,349,356,23878,8,1,0,7,3
2020-09-24,US,Indiana,Shelby,668,29,0,39.52305623,-85.79158570000001,18145.0,1493.4382615305506,4.341317365269461,639,666,29,0,637,665,44593,2,0,0,2,1
2020-09-24,US,Indiana,Spencer,228,3,0,38.01519732,-87.0079644,18147.0,1124.4266903388077,1.3157894736842106,225,222,3,0,219,215,20327,6,0,0,6,7
2020-09-24,US,Indiana,St. Joseph,6312,105,0,41.61756781,-86.29040834,18141.0,2322.073679486142,1.6634980988593155,6207,6226,103,0,6123,6156,270771,86,2,0,84,70
2020-09-24,US,Indiana,Starke,259,7,0,41.27890281,-86.64686895,18149.0,1126.331811263318,2.702702702702702,252,253,7,0,246,253,22935,6,0,0,6,0
2020-09-24,US,Indiana,Steuben,378,7,0,41.64423868,-85.00101094,18151.0,1092.6750303520841,1.851851851851852,371,374,7,0,367,370,34586,4,0,0,4,4
2020-09-24,US,Indiana,Sullivan,333,12,0,39.08952258,-87.41414469,18153.0,1611.1084232425371,3.603603603603604,321,331,12,0,319,330,20690,2,0,0,2,1
2020-09-24,US,Indiana,Switzerland,69,0,0,38.82767338,-85.03022429,18155.0,641.800762719747,0.0,69,69,0,0,69,70,10717,0,0,0,0,-1
2020-09-24,US,Indiana,Tippecanoe,2347,13,0,40.38872739,-86.89413959,18157.0,1199.0885496495207,0.5538985939497231,2334,2312,13,0,2299,2269,193048,35,0,0,35,43
2020-09-24,US,Indiana,Tipton,221,22,0,40.31123252,-86.05234925,18159.0,1458.9384737259045,9.954751131221721,199,220,22,0,198,217,15128,1,0,0,1,3
2020-09-24,US,Indiana,Unassigned,0,226,0,0.0,0.0,90018.0,0.0,0.0,-226,0,225,0,-225,0,,0,1,0,-1,0
2020-09-24,US,Indiana,Union,78,0,0,39.62550777,-84.92497066,18161.0,1105.7555996597675,0.0,78,77,0,0,77,77,7037,1,0,0,1,0
2020-09-24,US,Indiana,Vanderburgh,3536,30,0,38.02658833,-87.58763124,18163.0,1948.7354712842587,0.8484162895927602,3506,3494,30,0,3464,3445,180974,42,0,0,42,49
2020-09-24,US,Indiana,Vermillion,127,0,0,39.8523352,-87.46160542,18165.0,819.4605755581365,0.0,127,126,0,0,126,126,15479,1,0,0,1,0
2020-09-24,US,Indiana,Vigo,1803,24,0,39.42944561,-87.39169027,18167.0,1684.4485136119886,1.3311148086522462,1779,1785,24,0,1761,1781,107386,18,0,0,18,4
2020-09-24,US,Indiana,Wabash,263,8,0,40.84704239,-85.79328272,18169.0,848.4965802038972,3.041825095057034,255,262,8,0,254,261,31280,1,0,0,1,1
2020-09-24,US,Indiana,Warren,39,1,0,40.34728141,-87.35602659,18171.0,471.8693284936479,2.5641025641025643,38,39,1,0,38,39,8263,0,0,0,0,0
2020-09-24,US,Indiana,Warrick,1234,36,0,38.08922676,-87.2716085,18173.0,1958.7923426140512,2.9173419773095626,1198,1223,36,0,1187,1199,62567,11,0,0,11,24
2020-09-24,US,Indiana,Washington,263,1,0,38.60219804,-86.1049363,18175.0,938.0796119275218,0.3802281368821293,262,261,1,0,260,261,27943,2,0,0,2,0
2020-09-24,US,Indiana,Wayne,751,14,0,39.863344399999995,-85.01044989,18177.0,1139.8822172302835,1.8641810918774968,737,747,14,0,733,744,65936,4,0,0,4,3
2020-09-24,US,Indiana,Wells,251,3,0,40.72934187,-85.22132966,18179.0,887.0511733107152,1.195219123505976,248,250,3,0,247,248,28206,1,0,0,1,2
2020-09-24,US,Indiana,White,483,14,0,40.74911165,-86.86492015,18181.0,2003.983071944237,2.898550724637681,469,482,14,0,468,481,24133,1,0,0,1,1
2020-09-24,US,Indiana,Whitley,261,7,0,41.13863784,-85.50791236,18183.0,768.4607231185962,2.681992337164751,254,255,6,0,249,252,34074,6,1,0,5,3
2020-09-24,US,Iowa,Adair,69,1,0,41.33075609,-94.47105874,19001.0,964.7651006711408,1.4492753623188406,68,68,1,0,67,68,7063,1,0,0,1,0
2020-09-24,US,Iowa,Adams,33,0,0,41.02903567,-94.69932645,19003.0,916.1576901721266,0.0,33,33,0,0,33,29,3645,0,0,0,0,4
2020-09-24,US,Iowa,Allamakee,256,6,0,43.28383218,-91.37860922,19005.0,1870.3879593775118,2.34375,250,252,6,0,246,251,13832,4,0,0,4,1
2020-09-24,US,Iowa,Appanoose,133,3,0,40.74324454,-92.86865906,19007.0,1070.336391437309,2.255639097744361,130,129,3,0,126,126,12437,4,0,0,4,3
2020-09-24,US,Iowa,Audubon,81,1,0,41.6844628,-94.90581859,19009.0,1473.7991266375545,1.2345679012345678,80,74,1,0,73,70,5506,7,0,0,7,4
2020-09-24,US,Iowa,Benton,306,1,0,42.08011739,-92.06463573,19011.0,1193.2150516669915,0.32679738562091504,305,302,1,0,301,292,25642,4,0,0,4,10
2020-09-24,US,Iowa,Black Hawk,4436,88,0,42.4704581,-92.30524729,19013.0,3380.3761392385773,1.9837691614066728,4348,4421,88,0,4333,4396,132408,15,0,0,15,25
2020-09-24,US,Iowa,Boone,500,8,0,42.03657094,-93.9313999,19015.0,1905.9236105816879,1.6,492,493,8,0,485,480,26346,7,0,0,7,13
2020-09-24,US,Iowa,Bremer,483,7,0,42.77461496,-92.31795937,19017.0,1927.2204931769213,1.4492753623188406,476,475,7,0,468,471,24947,8,0,0,8,4
2020-09-24,US,Iowa,Buchanan,265,1,0,42.4709188,-91.83510825,19019.0,1251.4757969303425,0.37735849056603776,264,262,1,0,261,255,21199,3,0,0,3,7
2020-09-24,US,Iowa,Buena Vista,1972,12,0,42.73545875,-95.15100162,19021.0,10050.968399592251,0.6085192697768763,1960,1959,12,0,1947,1955,19874,13,0,0,13,4
2020-09-24,US,Iowa,Butler,267,2,0,42.73172833,-92.79015971,19023.0,1849.1585289840016,0.7490636704119851,265,265,2,0,263,263,14539,2,0,0,2,2
2020-09-24,US,Iowa,Calhoun,179,3,0,42.38521079,-94.64046046,19025.0,1851.4687629292512,1.675977653631285,176,179,2,0,177,176,9699,0,1,0,-1,3
2020-09-24,US,Iowa,Carroll,653,5,0,42.03617207,-94.86032705,19027.0,3238.2841557153483,0.7656967840735069,648,650,5,0,645,644,20154,3,0,0,3,6
2020-09-24,US,Iowa,Cass,160,2,0,41.33149454,-94.92792482,19029.0,1246.4942349641633,1.25,158,148,2,0,146,139,12930,12,0,0,12,9
2020-09-24,US,Iowa,Cedar,238,1,0,41.77233777,-91.13246684,19031.0,1277.7151446824505,0.4201680672268908,237,233,1,0,232,226,18627,5,0,0,5,7
2020-09-24,US,Iowa,Cerro Gordo,1018,21,0,43.08177563,-93.2612239,19033.0,2398.11542991755,2.06286836935167,997,1017,21,0,996,1007,42647,1,0,0,1,10
2020-09-24,US,Iowa,Cherokee,235,2,0,42.73538914,-95.62389402,19035.0,2091.6777926123723,0.851063829787234,233,222,2,0,220,212,11321,13,0,0,13,10
2020-09-24,US,Iowa,Chickasaw,247,0,0,43.06001295,-92.31773347,19037.0,2069.890220397218,0.0,247,240,0,0,240,225,11964,7,0,0,7,15
2020-09-24,US,Iowa,Clarke,264,3,0,41.02868181,-93.78499767,19039.0,2810.0053219797765,1.1363636363636365,261,262,3,0,259,261,9423,2,0,0,2,1
2020-09-24,US,Iowa,Clay,316,4,0,43.08247182,-95.15096481,19041.0,1973.0269730269727,1.2658227848101269,312,309,4,0,305,301,16134,7,0,0,7,8
2020-09-24,US,Iowa,Clayton,244,3,0,42.84443388,-91.34133693,19043.0,1390.3926149638155,1.2295081967213115,241,237,3,0,234,238,17556,7,0,0,7,-1
2020-09-24,US,Iowa,Clinton,1099,20,0,41.89981633,-90.53275096,19045.0,2367.0550733377845,1.8198362147406733,1079,1092,20,0,1072,1080,46518,7,0,0,7,12
2020-09-24,US,Iowa,Crawford,1065,5,0,42.03718237,-95.3819718,19047.0,6331.747919143876,0.4694835680751174,1060,1042,5,0,1037,1021,17158,23,0,0,23,21
2020-09-24,US,Iowa,Dallas,2751,38,0,41.68560356,-94.04127625,19049.0,2943.725723090752,1.381315885132679,2713,2741,38,0,2703,2700,90180,10,0,0,10,41
2020-09-24,US,Iowa,Davis,124,4,0,40.74773536,-92.41005468,19051.0,1377.7777777777774,3.2258064516129035,120,122,4,0,118,118,9017,2,0,0,2,4
2020-09-24,US,Iowa,Decatur,67,0,0,40.73742757,-93.78645949,19053.0,851.3341804320203,0.0,67,66,0,0,66,63,7890,1,0,0,1,3
2020-09-24,US,Iowa,Delaware,383,3,0,42.47104597,-91.3664492,19055.0,2251.484333666451,0.783289817232376,380,365,3,0,362,349,17069,18,0,0,18,16
2020-09-24,US,Iowa,Des Moines,764,7,0,40.92012606,-91.18326592,19057.0,1960.6333564297995,0.9162303664921466,757,751,7,0,744,747,39138,13,0,0,13,4
2020-09-24,US,Iowa,Dickinson,508,6,0,43.37787725,-95.1510206,19059.0,2943.562405840769,1.1811023622047243,502,503,6,0,497,487,17153,5,0,0,5,16
2020-09-24,US,Iowa,Dubuque,3101,41,0,42.46815349,-90.88181925,19061.0,3186.6900967002703,1.3221541438245727,3060,2985,41,0,2944,2891,96854,116,0,0,116,94
2020-09-24,US,Iowa,Emmet,260,10,0,43.37782951,-94.67858943,19063.0,2823.6316246741962,3.8461538461538463,250,254,10,0,244,253,9253,6,0,0,6,1
2020-09-24,US,Iowa,Fayette,211,2,0,42.86271799,-91.84412309999999,19065.0,1073.7913486005086,0.9478672985781992,209,205,2,0,203,203,19660,6,0,0,6,2
2020-09-24,US,Iowa,Floyd,336,3,0,43.06000529999999,-92.78940097,19067.0,2148.0629075565785,0.8928571428571429,333,310,3,0,307,306,15761,26,0,0,26,4
2020-09-24,US,Iowa,Franklin,346,18,0,42.73270384,-93.26256925,19069.0,3435.948361469712,5.202312138728324,328,346,18,0,328,344,10124,0,0,0,0,2
2020-09-24,US,Iowa,Fremont,110,0,0,40.74542720000001,-95.60129045,19071.0,1580.4597701149426,0.0,110,104,0,0,104,90,6993,6,0,0,6,14
2020-09-24,US,Iowa,Greene,99,0,0,42.03614551,-94.39658081,19073.0,1113.861386138614,0.0,99,99,0,0,99,94,8981,0,0,0,0,5
2020-09-24,US,Iowa,Grundy,219,3,0,42.40183723,-92.78829551,19075.0,1790.385873119686,1.3698630136986298,216,218,3,0,215,210,12304,1,0,0,1,8
2020-09-24,US,Iowa,Guthrie,241,6,0,41.68378965,-94.50111014,19077.0,2254.654317522687,2.489626556016597,235,240,6,0,234,231,10720,1,0,0,1,9
2020-09-24,US,Iowa,Hamilton,322,3,0,42.38382428,-93.70197703,19079.0,2179.6520679618225,0.9316770186335404,319,323,3,0,320,317,14952,-1,0,0,-1,6
2020-09-24,US,Iowa,Hancock,177,2,0,43.08178477,-93.73454884,19081.0,1665.0987770460958,1.1299435028248588,175,177,2,0,175,176,10712,0,0,0,0,1
2020-09-24,US,Iowa,Hardin,295,1,0,42.38353877,-93.23654611,19083.0,1751.157544817761,0.3389830508474576,294,293,1,0,292,285,16868,2,0,0,2,8
2020-09-24,US,Iowa,Harrison,207,3,0,41.68330137,-95.81558439,19085.0,1473.414477898783,1.4492753623188406,204,196,2,0,194,189,14134,11,1,0,10,7
2020-09-24,US,Iowa,Henry,685,4,0,40.98767962,-91.54436349,19087.0,3432.895660018041,0.583941605839416,681,655,4,0,651,631,20067,30,0,0,30,24
2020-09-24,US,Iowa,Howard,186,6,0,43.35671042,-92.31702714,19089.0,2031.0111378030133,3.2258064516129035,180,185,6,0,179,183,9187,1,0,0,1,2
2020-09-24,US,Iowa,Humboldt,184,3,0,42.7764426,-94.20722537,19091.0,1925.0889307386483,1.6304347826086956,181,183,3,0,180,177,9547,1,0,0,1,6
2020-09-24,US,Iowa,Ida,115,1,0,42.38696136,-95.51355387,19093.0,1676.384839650146,0.8695652173913043,114,110,0,0,110,105,6841,5,1,0,4,5
2020-09-24,US,Iowa,Iowa,198,1,0,41.68630265,-92.0643373,19095.0,1223.4305486900646,0.5050505050505051,197,197,1,0,196,193,16141,1,0,0,1,4
2020-09-24,US,Iowa,Jackson,330,3,0,42.17178824,-90.57354837,19097.0,1697.6181902361234,0.9090909090909092,327,317,3,0,314,310,19432,13,0,0,13,7
2020-09-24,US,Iowa,Jasper,817,32,0,41.68576082,-93.05567785,19099.0,2197.1224956299584,3.9167686658506735,785,802,32,0,770,783,37147,15,0,0,15,19
2020-09-24,US,Iowa,Jefferson,137,1,0,41.03192394,-91.94849466,19101.0,748.8384804591417,0.7299270072992701,136,135,1,0,134,134,18381,2,0,0,2,1
2020-09-24,US,Iowa,Johnson,5086,27,0,41.67169354,-91.58754744,19103.0,3365.091967712055,0.5308690523004326,5059,5073,27,0,5046,5028,151260,13,0,0,13,45
2020-09-24,US,Iowa,Jones,264,3,0,42.12118609,-91.13139641,19105.0,1276.5340167303325,1.1363636363636365,261,258,3,0,255,251,20744,6,0,0,6,7
2020-09-24,US,Iowa,Keokuk,105,1,0,41.33649833,-92.1785067,19107.0,1024.7901620144446,0.9523809523809524,104,101,1,0,100,95,10225,4,0,0,4,6
2020-09-24,US,Iowa,Kossuth,254,0,0,43.20405458,-94.20691791,19109.0,1714.7100519813678,0.0,254,249,0,0,249,237,14908,5,0,0,5,12
2020-09-24,US,Iowa,Lee,620,7,0,40.64181461,-91.48183025,19111.0,1842.113081974032,1.1290322580645162,613,613,7,0,606,609,34055,7,0,0,7,4
2020-09-24,US,Iowa,Linn,3941,110,0,42.07923082,-91.59809485,19113.0,1738.3748114297814,2.7911697538695766,3831,3878,109,0,3769,3832,225909,63,1,0,62,46
2020-09-24,US,Iowa,Louisa,428,15,0,41.21842119,-91.26102611,19115.0,3878.5681921159935,3.504672897196261,413,426,15,0,411,426,11169,2,0,0,2,0
2020-09-24,US,Iowa,Lucas,153,6,0,41.02958964,-93.32780803,19117.0,1779.0697674418604,3.92156862745098,147,153,6,0,147,153,8645,0,0,0,0,0
2020-09-24,US,Iowa,Lyon,307,4,0,43.38107862,-96.20926845,19119.0,2611.654615057423,1.3029315960912051,303,280,4,0,276,269,11811,27,0,0,27,11
2020-09-24,US,Iowa,Madison,212,2,0,41.33081904,-94.01554631,19121.0,1297.5884441180071,0.9433962264150944,210,209,2,0,207,207,16249,3,0,0,3,2
2020-09-24,US,Iowa,Mahaska,391,19,0,41.33521503,-92.64083907,19123.0,1769.6311382665756,4.859335038363171,372,368,19,0,349,358,22000,23,0,0,23,10
2020-09-24,US,Iowa,Marion,753,6,0,41.33445101,-93.09934783,19125.0,2264.457342194689,0.796812749003984,747,746,5,0,741,734,33407,7,1,0,6,12
2020-09-24,US,Iowa,Marshall,1770,34,0,42.03586837,-92.99908190000001,19127.0,4495.923188295359,1.9209039548022602,1736,1768,34,0,1734,1764,39981,2,0,0,2,4
2020-09-24,US,Iowa,Mills,177,1,0,41.03299766,-95.61920963,19129.0,1171.4871930637366,0.5649717514124294,176,173,1,0,172,168,15063,4,0,0,4,5
2020-09-24,US,Iowa,Mitchell,188,0,0,43.35638371,-92.78887719,19131.0,1775.9304742112226,0.0,188,186,0,0,186,183,10569,2,0,0,2,3
2020-09-24,US,Iowa,Monona,145,1,0,42.05220391,-95.95743843,19133.0,1683.1108531630875,0.6896551724137931,144,144,1,0,143,142,8679,1,0,0,1,2
2020-09-24,US,Iowa,Monroe,157,10,0,41.02988815,-92.8690667,19135.0,2037.1091215777865,6.369426751592357,147,153,10,0,143,151,7790,4,0,0,4,2
2020-09-24,US,Iowa,Montgomery,90,5,0,41.03018714,-95.15642896,19137.0,907.5325199152968,5.5555555555555545,85,90,5,0,85,90,10003,0,0,0,0,0
2020-09-24,US,Iowa,Muscatine,1091,54,0,41.48370744,-91.11216970000001,19139.0,2557.1910744421525,4.949587534372137,1037,1090,54,0,1036,1078,42929,1,0,0,1,12
2020-09-24,US,Iowa,O'Brien,347,9,0,43.08310673,-95.62474482,19141.0,2523.0858721733443,2.5936599423631126,338,334,9,0,325,322,13840,13,0,0,13,12
2020-09-24,US,Iowa,Osceola,151,0,0,43.37824276,-95.62422844,19143.0,2534.4075193017793,0.0,151,146,0,0,146,139,6040,5,0,0,5,7
2020-09-24,US,Iowa,Page,153,0,0,40.7393172,-95.1497813,19145.0,1012.7755345204207,0.0,153,150,0,0,150,142,15249,3,0,0,3,8
2020-09-24,US,Iowa,Palo Alto,183,0,0,43.08193849,-94.67824621,19147.0,2059.4193112761645,0.0,183,172,0,0,172,165,8929,11,0,0,11,7
2020-09-24,US,Iowa,Plymouth,1104,20,0,42.737633,-96.21366621,19149.0,4384.954521984351,1.8115942028985508,1084,1091,20,0,1071,1062,25095,13,0,0,13,29
2020-09-24,US,Iowa,Pocahontas,156,2,0,42.73420133,-94.67862564,19151.0,2356.8514881402025,1.2820512820512822,154,156,2,0,154,154,6740,0,0,0,0,2
2020-09-24,US,Iowa,Polk,15697,261,0,41.68679484,-93.57767461,19153.0,3202.417164972325,1.6627381028221953,15436,15571,261,0,15310,15404,487204,126,0,0,126,167
2020-09-24,US,Iowa,Pottawattamie,2068,38,0,41.33640314,-95.53907776,19155.0,2218.741282750037,1.8375241779497096,2030,2033,38,0,1995,2006,93533,35,0,0,35,27
2020-09-24,US,Iowa,Poweshiek,278,8,0,41.68625425,-92.53155731,19157.0,1502.3778642455686,2.8776978417266186,270,270,8,0,262,258,18699,8,0,0,8,12
2020-09-24,US,Iowa,Ringgold,49,2,0,40.73518949,-94.24368535,19159.0,1001.2259910093993,4.081632653061225,47,48,2,0,46,45,4968,1,0,0,1,3
2020-09-24,US,Iowa,Sac,244,0,0,42.38624071,-95.10547892,19161.0,2510.0298323217776,0.0,244,232,0,0,232,222,9719,12,0,0,12,10
2020-09-24,US,Iowa,Scott,2926,28,0,41.63935978,-90.61959493,19163.0,1691.8869222807516,0.9569377990430622,2898,2875,28,0,2847,2835,173283,51,0,0,51,40
2020-09-24,US,Iowa,Shelby,258,1,0,41.6850066,-95.31015553,19165.0,2252.488213724463,0.3875968992248062,257,250,1,0,249,250,11578,8,0,0,8,0
2020-09-24,US,Iowa,Sioux,1504,3,0,43.08221074,-96.17675679999999,19167.0,4315.019365944629,0.19946808510638295,1501,1469,3,0,1466,1416,34909,35,0,0,35,53
2020-09-24,US,Iowa,Story,3405,17,0,42.03621213,-93.46499005,19169.0,3506.0802949020253,0.4992657856093979,3388,3369,17,0,3352,3340,98105,36,0,0,36,29
2020-09-24,US,Iowa,Tama,704,31,0,42.07991767,-92.53266945,19171.0,4177.049958466833,4.403409090909091,673,699,31,0,668,695,16904,5,0,0,5,4
2020-09-24,US,Iowa,Taylor,127,1,0,40.73710579,-94.69778563,19173.0,2074.8243751021078,0.7874015748031497,126,127,1,0,126,125,6191,0,0,0,0,2
2020-09-24,US,Iowa,Unassigned,4,0,0,0.0,0.0,90019.0,0.0,0.0,4,4,0,0,4,8,,0,0,0,0,-4
2020-09-24,US,Iowa,Union,128,3,0,41.0277278,-94.24234847,19175.0,1045.6662037415244,2.34375,125,126,3,0,123,123,12359,2,0,0,2,3
2020-09-24,US,Iowa,Van Buren,113,1,0,40.75326764,-91.95017958,19177.0,1604.2021578648496,0.8849557522123894,112,112,1,0,111,111,7020,1,0,0,1,1
2020-09-24,US,Iowa,Wapello,1314,57,0,41.03064984,-92.40954728,19179.0,3757.6138865852613,4.337899543378995,1257,1296,57,0,1239,1280,35205,18,0,0,18,16
2020-09-24,US,Iowa,Warren,948,6,0,41.33559454,-93.56007641,19181.0,1841.9927719270968,0.6329113924050633,942,945,6,0,939,939,51056,3,0,0,3,6
2020-09-24,US,Iowa,Washington,453,11,0,41.33577126,-91.71725711,19183.0,2062.371955383565,2.428256070640177,442,449,11,0,438,440,22141,4,0,0,4,9
2020-09-24,US,Iowa,Wayne,85,2,0,40.73969028,-93.32752197,19185.0,1319.670858562335,2.3529411764705883,83,84,2,0,82,84,6401,1,0,0,1,0
2020-09-24,US,Iowa,Webster,1216,14,0,42.42853483,-94.17987389,19187.0,3386.8092691622105,1.1513157894736843,1202,1213,14,0,1199,1209,36277,3,0,0,3,4
2020-09-24,US,Iowa,Winnebago,289,13,0,43.37751174,-93.73407298,19189.0,2791.1918099285303,4.498269896193771,276,284,13,0,271,278,10518,5,0,0,5,6
2020-09-24,US,Iowa,Winneshiek,324,6,0,43.29094334,-91.84422722,19191.0,1620.7293281976886,1.851851851851852,318,315,6,0,309,304,20029,9,0,0,9,11
2020-09-24,US,Iowa,Woodbury,5263,63,0,42.38979414,-96.0459439,19193.0,5104.40610239848,1.1970359110773323,5200,5173,63,0,5110,5064,102539,90,0,0,90,109
2020-09-24,US,Iowa,Worth,104,0,0,43.37750768,-93.26087602,19195.0,1409.0231675924676,0.0,104,104,0,0,104,103,7453,0,0,0,0,1
2020-09-24,US,Iowa,Wright,572,1,0,42.73305373,-93.73515113,19197.0,4553.415061295972,0.17482517482517482,571,570,1,0,569,565,12690,2,0,0,2,5
2020-09-24,US,Kansas,Allen,33,0,0,37.88582951,-95.30030847,20001.0,266.79602231384916,0.0,33,33,0,0,33,32,12444,0,0,0,0,1
2020-09-24,US,Kansas,Anderson,69,0,0,38.21413251,-95.29272815,20003.0,878.086026978875,0.0,69,69,0,0,69,65,7878,0,0,0,0,4
2020-09-24,US,Kansas,Atchison,307,2,0,39.53185661,-95.30870026,20005.0,1910.0354631991531,0.6514657980456026,305,307,2,0,305,307,16193,0,0,0,0,0
2020-09-24,US,Kansas,Barber,6,0,0,37.2288586,-98.68460053,20007.0,135.5319629545968,0.0,6,6,0,0,6,5,4472,0,0,0,0,1
2020-09-24,US,Kansas,Barton,447,5,0,38.47889676,-98.75636726,20009.0,1733.969510066333,1.1185682326621924,442,447,5,0,442,447,26111,0,0,0,0,0
2020-09-24,US,Kansas,Bourbon,148,2,0,37.85508555,-94.84865997,20011.0,1018.3019127562957,1.351351351351351,146,148,2,0,146,141,14653,0,0,0,0,7
2020-09-24,US,Kansas,Brown,113,3,0,39.82652589,-95.56421698,20013.0,1181.5140108741116,2.6548672566371683,110,113,3,0,110,105,9598,0,0,0,0,8
2020-09-24,US,Kansas,Butler,521,3,0,37.78134351,-96.83878537,20015.0,778.6462614517792,0.5758157389635317,518,518,3,0,515,515,66765,3,0,0,3,3
2020-09-24,US,Kansas,Chase,81,1,0,38.30292938,-96.59563862,20017.0,3058.912386706949,1.2345679012345678,80,81,1,0,80,81,2629,0,0,0,0,0
2020-09-24,US,Kansas,Chautauqua,13,0,0,37.14994405,-96.2454192,20019.0,400.0,0.0,13,13,0,0,13,13,3309,0,0,0,0,0
2020-09-24,US,Kansas,Cherokee,474,7,0,37.16928494,-94.8462897,20021.0,2377.25061437384,1.4767932489451476,467,474,7,0,467,462,20015,0,0,0,0,12
2020-09-24,US,Kansas,Cheyenne,58,0,0,39.78580976,-101.7318201,20023.0,2182.913059841927,0.0,58,58,0,0,58,53,2660,0,0,0,0,5
2020-09-24,US,Kansas,Clark,48,1,0,37.23577007,-99.81883015,20025.0,2407.221664994985,2.083333333333333,47,48,1,0,47,48,2005,0,0,0,0,0
2020-09-24,US,Kansas,Clay,47,2,0,39.34948772,-97.16518128,20027.0,587.3531617095726,4.25531914893617,45,47,2,0,45,47,7997,0,0,0,0,0
2020-09-24,US,Kansas,Cloud,64,0,0,39.48028352,-97.64925343,20029.0,728.4315957204643,0.0,64,64,0,0,64,64,8729,0,0,0,0,0
2020-09-24,US,Kansas,Coffey,115,8,0,38.2365018,-95.73379515,20031.0,1406.039858173371,6.956521739130435,107,108,8,0,100,108,8233,7,0,0,7,0
2020-09-24,US,Kansas,Comanche,11,0,0,37.19114520000001,-99.27113247,20033.0,647.0588235294118,0.0,11,11,0,0,11,10,1748,0,0,0,0,1
2020-09-24,US,Kansas,Cowley,346,4,0,37.23781842,-96.83776647,20035.0,991.1768076085713,1.1560693641618498,342,346,4,0,342,342,35218,0,0,0,0,4
2020-09-24,US,Kansas,Crawford,978,6,0,37.50675523,-94.85245778,20037.0,2519.449739811428,0.6134969325153374,972,978,6,0,972,978,39019,0,0,0,0,0
2020-09-24,US,Kansas,Decatur,21,0,0,39.78468441,-100.45940809999999,20039.0,742.8369296073578,0.0,21,21,0,0,21,21,2871,0,0,0,0,0
2020-09-24,US,Kansas,Dickinson,161,1,0,38.86600962,-97.15532383,20041.0,871.8726307808946,0.6211180124223602,160,161,1,0,160,130,18717,0,0,0,0,31
2020-09-24,US,Kansas,Doniphan,105,0,0,39.79067154,-95.14056866,20043.0,1381.578947368421,0.0,105,105,0,0,105,105,7682,0,0,0,0,0
2020-09-24,US,Kansas,Douglas,2152,10,0,38.88503636,-95.2925121,20045.0,1760.1976132636453,0.4646840148698885,2142,2138,10,0,2128,2121,121436,14,0,0,14,17
2020-09-24,US,Kansas,Edwards,47,0,0,37.88735543,-99.31263309,20047.0,1679.771265189421,0.0,47,47,0,0,47,44,2849,0,0,0,0,3
2020-09-24,US,Kansas,Elk,1,0,0,37.45338105,-96.24369667,20049.0,39.52569169960474,0.0,1,1,0,0,1,1,2508,0,0,0,0,0
2020-09-24,US,Kansas,Ellis,926,3,0,38.91458712,-99.31751551,20051.0,3243.091794207264,0.3239740820734341,923,926,3,0,923,889,28710,0,0,0,0,37
2020-09-24,US,Kansas,Ellsworth,32,0,0,38.69677695,-98.20462799,20053.0,524.4182235332678,0.0,32,32,0,0,32,32,6196,0,0,0,0,0
2020-09-24,US,Kansas,Finney,2108,12,0,38.04340344,-100.73819379999999,20055.0,5780.5687333753785,0.5692599620493358,2096,2072,12,0,2060,2063,36611,36,0,0,36,9
2020-09-24,US,Kansas,Ford,2718,10,0,37.69200114,-99.88825298,20057.0,8084.714001011333,0.3679175864606328,2708,2718,10,0,2708,2655,33888,0,0,0,0,63
2020-09-24,US,Kansas,Franklin,328,3,0,38.56443815,-95.28644341,20059.0,1284.0588787973693,0.9146341463414634,325,328,3,0,325,320,25631,0,0,0,0,8
2020-09-24,US,Kansas,Geary,295,2,0,38.99871131,-96.7577178,20061.0,931.4808967477107,0.6779661016949152,293,290,2,0,288,286,32594,5,0,0,5,4
2020-09-24,US,Kansas,Gove,33,0,0,38.91588178,-100.4829321,20063.0,1251.896813353566,0.0,33,33,0,0,33,25,2612,0,0,0,0,8
2020-09-24,US,Kansas,Graham,37,1,0,39.34987223,-99.88332493,20065.0,1490.7332796132152,2.702702702702702,36,37,1,0,36,30,2492,0,0,0,0,7
2020-09-24,US,Kansas,Grant,268,5,0,37.56227336,-101.3079758,20067.0,3748.2517482517483,1.8656716417910448,263,254,5,0,249,248,7336,14,0,0,14,6
2020-09-24,US,Kansas,Gray,122,0,0,37.73836671,-100.4369088,20069.0,2037.408149632599,0.0,122,122,0,0,122,122,6033,0,0,0,0,0
2020-09-24,US,Kansas,Greeley,7,0,0,38.4808095,-101.8061079,20071.0,568.1818181818181,0.0,7,7,0,0,7,7,1227,0,0,0,0,0
2020-09-24,US,Kansas,Greenwood,47,0,0,37.8774388,-96.23250453,20073.0,785.6904045469742,0.0,47,47,0,0,47,47,6055,0,0,0,0,0
2020-09-24,US,Kansas,Hamilton,43,0,0,37.99978709,-101.7921066,20075.0,1693.5801496652225,0.0,43,43,0,0,43,42,2607,0,0,0,0,1
2020-09-24,US,Kansas,Harper,120,2,0,37.19175361,-98.07578384,20077.0,2207.5055187637968,1.6666666666666667,118,120,2,0,118,120,5506,0,0,0,0,0
2020-09-24,US,Kansas,Harvey,346,4,0,38.04293782,-97.42747573,20079.0,1004.9667431525747,1.1560693641618498,342,346,4,0,342,343,34210,0,0,0,0,3
2020-09-24,US,Kansas,Haskell,103,1,0,37.562039399999996,-100.8710738,20081.0,2595.766129032258,0.9708737864077671,102,103,1,0,102,103,3997,0,0,0,0,0
2020-09-24,US,Kansas,Hodgeman,22,0,0,38.08780079,-99.89829881,20083.0,1226.3099219620958,0.0,22,22,0,0,22,22,1818,0,0,0,0,0
2020-09-24,US,Kansas,Jackson,237,2,0,39.41673394,-95.79356799,20085.0,1799.4077898413184,0.8438818565400844,235,237,2,0,235,234,13280,0,0,0,0,3
2020-09-24,US,Kansas,Jefferson,187,4,0,39.2347941,-95.38289232,20087.0,981.9881321220396,2.1390374331550803,183,185,4,0,181,181,18975,2,0,0,2,4
2020-09-24,US,Kansas,Jewell,16,1,0,39.78470589,-98.21820662,20089.0,555.7485237929836,6.25,15,16,1,0,15,15,2841,0,0,0,0,1
2020-09-24,US,Kansas,Johnson,10556,146,0,38.88548175,-94.82250877,20091.0,1752.3211282849795,1.383099658961728,10410,10411,145,0,10266,10320,597555,145,1,0,144,91
2020-09-24,US,Kansas,Kearny,95,1,0,38.00017981,-101.32168100000001,20093.0,2475.247524752476,1.0526315789473684,94,82,1,0,81,80,3943,13,0,0,13,2
2020-09-24,US,Kansas,Kingman,78,1,0,37.55909527,-98.13638678,20095.0,1090.6040268456377,1.2820512820512822,77,78,1,0,77,74,7310,0,0,0,0,4
2020-09-24,US,Kansas,Kiowa,24,0,0,37.55848695,-99.2856537,20097.0,969.6969696969696,0.0,24,24,0,0,24,24,2516,0,0,0,0,0
2020-09-24,US,Kansas,Labette,233,4,0,37.19113093,-95.29849679,20099.0,1187.6847792843307,1.7167381974248928,229,233,4,0,229,226,19964,0,0,0,0,7
2020-09-24,US,Kansas,Lane,13,0,0,38.48119447,-100.46607540000001,20101.0,846.9055374592834,0.0,13,13,0,0,13,12,1560,0,0,0,0,1
2020-09-24,US,Kansas,Leavenworth,1965,11,0,39.20183497,-95.03620809,20103.0,2403.4345262848897,0.5597964376590331,1954,1965,11,0,1954,1923,81352,0,0,0,0,42
2020-09-24,US,Kansas,Lincoln,12,0,0,39.04549684,-98.20756994,20105.0,405.1316677920324,0.0,12,12,0,0,12,12,3023,0,0,0,0,0
2020-09-24,US,Kansas,Linn,70,0,0,38.21267844,-94.84254089,20107.0,721.4263629805215,0.0,70,70,0,0,70,68,9750,0,0,0,0,2
2020-09-24,US,Kansas,Logan,7,0,0,38.91735806,-101.148475,20109.0,250.53686471009303,0.0,7,7,0,0,7,7,2844,0,0,0,0,0
2020-09-24,US,Kansas,Lyon,1105,33,0,38.45576156,-96.15275715,20111.0,3328.814580509113,2.986425339366516,1072,1097,33,0,1064,1092,33406,8,0,0,8,5
2020-09-24,US,Kansas,Marion,72,1,0,38.35855394,-97.09852509999999,20115.0,605.8566139347022,1.3888888888888888,71,72,1,0,71,72,11950,0,0,0,0,0
2020-09-24,US,Kansas,Marshall,20,0,0,39.78359669,-96.52278974,20117.0,206.0368806016277,0.0,20,20,0,0,20,19,9722,0,0,0,0,1
2020-09-24,US,Kansas,McPherson,277,1,0,38.39184858,-97.64769869,20113.0,970.4996146030412,0.36101083032490977,276,277,1,0,276,273,28537,0,0,0,0,4
2020-09-24,US,Kansas,Meade,108,1,0,37.23859987,-100.36483100000001,20119.0,2677.9072650632284,0.925925925925926,107,108,1,0,107,99,4146,0,0,0,0,9
2020-09-24,US,Kansas,Miami,357,1,0,38.56383358,-94.83832189,20121.0,1042.7315477407485,0.2801120448179272,356,357,1,0,356,328,33680,0,0,0,0,29
2020-09-24,US,Kansas,Mitchell,45,0,0,39.39331582,-98.20906732,20123.0,752.6342197691922,0.0,45,45,0,0,45,45,6150,0,0,0,0,0
2020-09-24,US,Kansas,Montgomery,386,6,0,37.19236568,-95.74329258,20125.0,1212.7305287630775,1.5544041450777202,380,386,6,0,380,368,32120,0,0,0,0,18
2020-09-24,US,Kansas,Morris,29,0,0,38.68827511,-96.65128437,20127.0,516.0142348754448,0.0,29,29,0,0,29,28,5521,0,0,0,0,1
2020-09-24,US,Kansas,Morton,15,2,0,37.19141121,-101.79925190000002,20129.0,579.8221878623889,13.333333333333336,13,15,2,0,13,15,2667,0,0,0,0,0
2020-09-24,US,Kansas,Nemaha,100,1,0,39.78345387,-96.01392079,20131.0,977.421561919656,1.0,99,92,1,0,91,84,10155,8,0,0,8,8
2020-09-24,US,Kansas,Neosho,166,0,0,37.55862897,-95.30670046,20133.0,1037.0462922471418,0.0,166,166,0,0,166,166,15951,0,0,0,0,0
2020-09-24,US,Kansas,Ness,70,6,0,38.47974157,-99.91547333,20135.0,2545.454545454545,8.571428571428571,64,70,6,0,64,67,2840,0,0,0,0,3
2020-09-24,US,Kansas,Norton,30,0,0,39.78443827,-99.90286639,20137.0,559.5970900951315,0.0,30,30,0,0,30,29,5430,0,0,0,0,1
2020-09-24,US,Kansas,Osage,96,0,0,38.65235984,-95.72707998,20139.0,601.9186155871841,0.0,96,96,0,0,96,91,15941,0,0,0,0,5
2020-09-24,US,Kansas,Osborne,5,0,0,39.3503437,-98.76753828,20141.0,146.1560947091494,0.0,5,5,0,0,5,5,3475,0,0,0,0,0
2020-09-24,US,Kansas,Ottawa,52,0,0,39.13237408,-97.65020313,20143.0,911.6409537166901,0.0,52,52,0,0,52,50,5802,0,0,0,0,2
2020-09-24,US,Kansas,Pawnee,414,1,0,38.18108732,-99.23692334,20145.0,6454.630495790459,0.24154589371980675,413,414,1,0,413,336,6562,0,0,0,0,78
2020-09-24,US,Kansas,Phillips,113,8,0,39.78465501,-99.34668865,20147.0,2158.960641956439,7.079646017699115,105,111,8,0,103,103,5317,2,0,0,2,8
2020-09-24,US,Kansas,Pottawatomie,245,0,0,39.37925655,-96.34564657,20149.0,1004.7984251322642,0.0,245,230,0,0,230,230,24277,15,0,0,15,0
2020-09-24,US,Kansas,Pratt,69,0,0,37.64780729,-98.73922153,20151.0,752.9463116542993,0.0,69,69,0,0,69,67,9378,0,0,0,0,2
2020-09-24,US,Kansas,Rawlins,8,0,0,39.78525843,-101.07616170000001,20153.0,316.20553359683794,0.0,8,8,0,0,8,6,2508,0,0,0,0,2
2020-09-24,US,Kansas,Reno,1020,3,0,37.95230263,-98.08607292,20155.0,1645.2143617536044,0.29411764705882354,1017,1018,3,0,1015,994,62342,2,0,0,2,24
2020-09-24,US,Kansas,Republic,48,1,0,39.82799632,-97.65036709,20157.0,1035.3753235547886,2.083333333333333,47,48,1,0,47,45,4664,0,0,0,0,3
2020-09-24,US,Kansas,Rice,73,1,0,38.34616184,-98.19992118,20159.0,765.4398657858867,1.3698630136986298,72,73,1,0,72,67,9531,0,0,0,0,6
2020-09-24,US,Kansas,Riley,1734,8,0,39.28935726,-96.73420026,20161.0,2335.919818946007,0.46136101499423293,1726,1734,8,0,1726,1655,73703,0,0,0,0,79
2020-09-24,US,Kansas,Rooks,61,0,0,39.35022773,-99.32484567,20163.0,1239.8373983739834,0.0,61,61,0,0,61,57,5013,0,0,0,0,4
2020-09-24,US,Kansas,Rush,42,0,0,38.52275276,-99.30863983,20165.0,1383.399209486166,0.0,42,42,0,0,42,40,3093,0,0,0,0,2
2020-09-24,US,Kansas,Russell,83,0,0,38.91462787,-98.76254297,20167.0,1210.6184364060678,0.0,83,83,0,0,83,83,6907,0,0,0,0,0
2020-09-24,US,Kansas,Saline,697,11,0,38.78369175,-97.65185177,20169.0,1285.4086751254058,1.5781922525107603,686,697,11,0,686,667,54401,0,0,0,0,30
2020-09-24,US,Kansas,Scott,108,1,0,38.48222076,-100.90665390000001,20171.0,2239.270163798465,0.925925925925926,107,107,1,0,106,106,4897,1,0,0,1,1
2020-09-24,US,Kansas,Sedgwick,8254,85,0,37.6842718,-97.4608198,20173.0,1599.4822126881147,1.0298037315241095,8169,8173,85,0,8088,8131,513607,81,0,0,81,42
2020-09-24,US,Kansas,Seward,1695,5,0,37.19324632,-100.85072009999999,20175.0,7910.210938958372,0.2949852507374631,1690,1661,5,0,1656,1661,21780,34,0,0,34,0
2020-09-24,US,Kansas,Shawnee,2644,30,0,39.04100763,-95.75572640000001,20177.0,1494.8409893992932,1.13464447806354,2614,2644,30,0,2614,2612,177499,0,0,0,0,32
2020-09-24,US,Kansas,Sheridan,13,0,0,39.35018161,-100.44182590000001,20179.0,515.6683855612852,0.0,13,13,0,0,13,13,2533,0,0,0,0,0
2020-09-24,US,Kansas,Sherman,30,0,0,39.35147699,-101.71976240000001,20181.0,507.01368936961296,0.0,30,30,0,0,30,27,5899,0,0,0,0,3
2020-09-24,US,Kansas,Smith,6,0,0,39.78516566,-98.78566062,20183.0,167.45743790120008,0.0,6,6,0,0,6,5,3603,0,0,0,0,1
2020-09-24,US,Kansas,Stafford,56,1,0,38.03100851,-98.71762001,20185.0,1347.4494706448509,1.7857142857142858,55,56,1,0,55,54,4178,0,0,0,0,2
2020-09-24,US,Kansas,Stanton,48,2,0,37.56304714,-101.78435340000001,20187.0,2392.8215353938185,4.166666666666667,46,48,2,0,46,48,1987,0,0,0,0,0
2020-09-24,US,Kansas,Stevens,137,1,0,37.1923008,-101.3118967,20189.0,2497.721057429353,0.7299270072992701,136,128,1,0,127,128,5559,9,0,0,9,0
2020-09-24,US,Kansas,Sumner,183,3,0,37.23682549,-97.47721621,20191.0,801.3662637940096,1.639344262295082,180,183,3,0,180,182,22996,0,0,0,0,1
2020-09-24,US,Kansas,Thomas,126,0,0,39.35107575,-101.0553705,20193.0,1620.1620162016202,0.0,126,126,0,0,126,126,7711,0,0,0,0,0
2020-09-24,US,Kansas,Trego,53,3,0,38.91467218,-99.87284448,20195.0,1890.831252229753,5.660377358490566,50,53,3,0,50,46,2793,0,0,0,0,7
2020-09-24,US,Kansas,Wabaunsee,67,1,0,38.95471985,-96.20350509,20197.0,966.6714759774924,1.492537313432836,66,67,1,0,66,66,6899,0,0,0,0,1
2020-09-24,US,Kansas,Wallace,17,0,0,38.91686134,-101.76388759999999,20199.0,1119.8945981554677,0.0,17,17,0,0,17,17,1503,0,0,0,0,0
2020-09-24,US,Kansas,Washington,17,0,0,39.78420784,-97.08753229999999,20201.0,314.46540880503153,0.0,17,17,0,0,17,17,5420,0,0,0,0,0
2020-09-24,US,Kansas,Wichita,6,0,0,38.48178252,-101.3471509,20203.0,283.15243039169417,0.0,6,6,0,0,6,6,2105,0,0,0,0,0
2020-09-24,US,Kansas,Wilson,59,2,0,37.55937174,-95.74323255,20205.0,692.0821114369502,3.3898305084745757,57,59,2,0,57,59,8665,0,0,0,0,0
2020-09-24,US,Kansas,Woodson,15,0,0,37.8865336,-95.74006277,20207.0,478.0114722753346,0.0,15,15,0,0,15,15,3183,0,0,0,0,0
2020-09-24,US,Kansas,Wyandotte,6804,134,0,39.11727348,-94.76378225,20209.0,4112.942712583646,1.9694297472075248,6670,6757,134,0,6623,6725,165324,47,0,0,47,32
2020-09-24,US,Kentucky,Adair,307,19,0,37.10459774,-85.28129668,21001.0,1598.7917925216125,6.188925081433225,288,307,19,0,288,299,19215,0,0,0,0,8
2020-09-24,US,Kentucky,Allen,321,9,0,36.75197631,-86.19457544,21003.0,1505.9817030260376,2.803738317757009,312,315,9,0,306,312,21122,6,0,0,6,3
2020-09-24,US,Kentucky,Anderson,152,1,0,38.00671029,-84.99171713,21005.0,668.219985052974,0.6578947368421053,151,150,1,0,149,147,22663,2,0,0,2,3
2020-09-24,US,Kentucky,Ballard,55,1,0,37.05842757,-88.99427697,21007.0,697.261663286004,1.818181818181818,54,54,1,0,53,52,7979,1,0,0,1,2
2020-09-24,US,Kentucky,Barren,739,13,0,36.96469836,-85.93338945,21009.0,1670.0942394178394,1.7591339648173208,726,711,13,0,698,655,44176,28,0,0,28,56
2020-09-24,US,Kentucky,Bath,87,1,0,38.14735938,-83.74588932,21011.0,696.0,1.1494252873563218,86,87,1,0,86,83,12383,0,0,0,0,4
2020-09-24,US,Kentucky,Bell,482,13,0,36.73355174,-83.67766671,21013.0,1851.5673017824213,2.6970954356846475,469,482,12,0,470,480,26569,0,1,0,-1,2
2020-09-24,US,Kentucky,Boone,1542,25,0,38.97065142,-84.72615357,21015.0,1154.3557841309766,1.6212710765239948,1517,1540,25,0,1515,1526,131533,2,0,0,2,14
2020-09-24,US,Kentucky,Bourbon,180,1,0,38.2054607,-84.21827874,21017.0,909.6422073984234,0.5555555555555556,179,178,1,0,177,174,20184,2,0,0,2,4
2020-09-24,US,Kentucky,Boyd,419,6,0,38.36176608,-82.68652187,21019.0,896.8705852134082,1.431980906921241,413,412,6,0,406,408,47240,7,0,0,7,4
2020-09-24,US,Kentucky,Boyle,273,0,0,37.62680923,-84.8633779,21021.0,908.183632734531,0.0,273,266,0,0,266,263,30100,7,0,0,7,3
2020-09-24,US,Kentucky,Bracken,40,0,0,38.69158994,-84.08532444,21023.0,481.7535830422739,0.0,40,40,0,0,40,39,8239,0,0,0,0,1
2020-09-24,US,Kentucky,Breathitt,84,0,0,37.52333168,-83.31959161,21025.0,665.083135391924,0.0,84,84,0,0,84,83,12726,0,0,0,0,1
2020-09-24,US,Kentucky,Breckinridge,133,2,0,37.77377239,-86.42885017,21027.0,649.5092054500171,1.5037593984962403,131,126,2,0,124,124,20388,7,0,0,7,2
2020-09-24,US,Kentucky,Bullitt,852,9,0,37.97162523,-85.68955617,21029.0,1043.1460894265144,1.056338028169014,843,844,9,0,835,824,81069,8,0,0,8,20
2020-09-24,US,Kentucky,Butler,337,16,0,37.20946153,-86.68748787,21031.0,2616.662784377669,4.747774480712166,321,337,16,0,321,335,12772,0,0,0,0,2
2020-09-24,US,Kentucky,Caldwell,149,0,0,37.14749129,-87.86948214,21033.0,1168.9024868596532,0.0,149,147,0,0,147,144,12715,2,0,0,2,3
2020-09-24,US,Kentucky,Calloway,559,8,0,36.62093411,-88.2731593,21035.0,1433.2965821389193,1.4311270125223614,551,552,8,0,544,548,39135,7,0,0,7,4
2020-09-24,US,Kentucky,Campbell,851,16,0,38.94384345,-84.37875208,21037.0,909.3434775175244,1.8801410105757927,835,851,16,0,835,842,93152,0,0,0,0,9
2020-09-24,US,Kentucky,Carlisle,77,1,0,36.85372876,-88.96692220000001,21039.0,1617.6470588235293,1.2987012987012987,76,77,1,0,76,75,4771,0,0,0,0,2
2020-09-24,US,Kentucky,Carroll,196,5,0,38.66599534,-85.12601074,21041.0,1843.664754021259,2.5510204081632653,191,196,5,0,191,195,10737,0,0,0,0,1
2020-09-24,US,Kentucky,Carter,172,3,0,38.31690743,-83.05092385,21043.0,641.8628951001978,1.7441860465116281,169,165,3,0,162,163,27004,7,0,0,7,2
2020-09-24,US,Kentucky,Casey,269,15,0,37.32533118,-84.92726209,21045.0,1664.7069744414878,5.5762081784386615,254,269,15,0,254,270,15888,0,0,0,0,-1
2020-09-24,US,Kentucky,Christian,1254,20,0,36.89267803,-87.49055367,21047.0,1779.7079235321667,1.5948963317384368,1234,1195,19,0,1176,1188,71671,59,1,0,58,7
2020-09-24,US,Kentucky,Clark,309,8,0,37.9689263,-84.14615986,21049.0,852.1082094697074,2.588996763754045,301,305,8,0,297,301,36249,4,0,0,4,4
2020-09-24,US,Kentucky,Clay,306,6,0,37.16451126,-83.712575,21051.0,1537.6111753178232,1.96078431372549,300,305,6,0,299,303,20105,1,0,0,1,2
2020-09-24,US,Kentucky,Clinton,111,2,0,36.72581156,-85.13377529,21053.0,1086.3182618907808,1.8018018018018016,109,111,2,0,109,107,10206,0,0,0,0,4
2020-09-24,US,Kentucky,Crittenden,121,1,0,37.35839237,-88.08826090000002,21055.0,1374.0631387690214,0.8264462809917356,120,121,1,0,120,120,8915,0,0,0,0,1
2020-09-24,US,Kentucky,Cumberland,101,0,0,36.78926125,-85.39050034,21057.0,1527.0638040520112,0.0,101,100,0,0,100,99,6659,1,0,0,1,1
2020-09-24,US,Kentucky,Daviess,1329,14,0,37.73028906,-87.09019479999998,21059.0,1309.2177202470668,1.053423626787058,1315,1320,14,0,1306,1293,101104,9,0,0,9,27
2020-09-24,US,Kentucky,Edmonson,132,12,0,37.21218923,-86.23955613,21061.0,1086.41975308642,9.090909090909092,120,131,12,0,119,131,12274,1,0,0,1,0
2020-09-24,US,Kentucky,Elliott,39,0,0,38.11624059,-83.09771563,21063.0,518.8239989357456,0.0,39,38,0,0,38,37,7508,1,0,0,1,1
2020-09-24,US,Kentucky,Estill,151,0,0,37.69241417,-83.95956369,21065.0,1070.4664681695733,0.0,151,142,0,0,142,129,14198,9,0,0,9,13
2020-09-24,US,Kentucky,Fayette,5803,71,0,38.0368225,-84.45576892,21067.0,1795.7493687181266,1.22350508357746,5732,5729,70,0,5659,5688,323780,74,1,0,73,41
2020-09-24,US,Kentucky,Fleming,83,0,0,38.36758311,-83.69657514,21069.0,569.2339345723888,0.0,83,82,0,0,82,82,14432,1,0,0,1,0
2020-09-24,US,Kentucky,Floyd,179,2,0,37.56213922,-82.74750924,21071.0,502.9643991120852,1.11731843575419,177,176,2,0,174,176,35845,3,0,0,3,0
2020-09-24,US,Kentucky,Franklin,628,12,0,38.2379395,-84.87962551,21073.0,1231.5898884116805,1.9108280254777068,616,606,12,0,594,604,50815,22,0,0,22,2
2020-09-24,US,Kentucky,Fulton,143,2,0,36.55238827,-89.20140068,21075.0,2395.711174401072,1.3986013986013983,141,142,2,0,140,139,6120,1,0,0,1,3
2020-09-24,US,Kentucky,Gallatin,98,8,0,38.75398691,-84.8558382,21077.0,1104.9723756906078,8.16326530612245,90,98,8,0,90,97,8832,0,0,0,0,1
2020-09-24,US,Kentucky,Garrard,152,3,0,37.638866799999995,-84.53289319,21079.0,860.4098267859165,1.973684210526316,149,152,3,0,149,149,17560,0,0,0,0,3
2020-09-24,US,Kentucky,Grant,159,6,0,38.64962758,-84.62415957,21081.0,634.2494714587738,3.7735849056603774,153,158,6,0,152,156,25121,1,0,0,1,2
2020-09-24,US,Kentucky,Graves,727,29,0,36.72292505,-88.65143315,21083.0,1950.8399076906564,3.9889958734525446,698,727,29,0,698,719,37317,0,0,0,0,8
2020-09-24,US,Kentucky,Grayson,385,13,0,37.46231118,-86.34248968,21085.0,1456.8433798766416,3.3766233766233764,372,382,13,0,369,376,26321,3,0,0,3,6
2020-09-24,US,Kentucky,Green,260,8,0,37.26484328,-85.5540745,21087.0,2376.3824147701307,3.0769230769230766,252,259,8,0,251,256,11049,1,0,0,1,3
2020-09-24,US,Kentucky,Greenup,383,4,0,38.54332505,-82.9215658,21089.0,1091.2302695310277,1.0443864229765014,379,378,4,0,374,373,35268,5,0,0,5,5
2020-09-24,US,Kentucky,Hancock,79,0,0,37.83766422,-86.78280584,21091.0,905.7555606512268,0.0,79,79,0,0,79,77,8758,0,0,0,0,2
2020-09-24,US,Kentucky,Hardin,1268,11,0,37.6976111,-85.96319251,21093.0,1142.7747435966762,0.8675078864353313,1257,1254,11,0,1243,1233,110356,14,0,0,14,21
2020-09-24,US,Kentucky,Harlan,373,10,0,36.85699301,-83.21899516,21095.0,1434.0638216070745,2.680965147453083,363,367,10,0,357,367,26409,6,0,0,6,0
2020-09-24,US,Kentucky,Harrison,172,0,0,38.44188174,-84.32869741,21097.0,910.7275230329344,0.0,172,171,0,0,171,169,18778,1,0,0,1,2
2020-09-24,US,Kentucky,Hart,171,1,0,37.29943898,-85.88461055,21099.0,898.3451536643026,0.5847953216374269,170,169,1,0,168,166,18906,2,0,0,2,3
2020-09-24,US,Kentucky,Henderson,690,3,0,37.79344553,-87.57392021,21101.0,1526.21101526211,0.43478260869565216,687,686,3,0,683,673,45591,4,0,0,4,13
2020-09-24,US,Kentucky,Henry,188,2,0,38.44942688,-85.11587507,21103.0,1165.819174004713,1.0638297872340423,186,187,2,0,185,185,16106,1,0,0,1,2
2020-09-24,US,Kentucky,Hickman,77,0,0,36.67948079999999,-88.97875928,21105.0,1757.9908675799084,0.0,77,75,0,0,75,75,4421,2,0,0,2,0
2020-09-24,US,Kentucky,Hopkins,618,39,0,37.30939025,-87.54670406,21107.0,1382.9834847603274,6.310679611650484,579,612,39,0,573,609,45068,6,0,0,6,3
2020-09-24,US,Kentucky,Jackson,361,17,0,37.41866422,-83.99825483,21109.0,2708.380223572661,4.709141274238228,344,354,17,0,337,350,13442,7,0,0,7,4
2020-09-24,US,Kentucky,Jefferson,14990,302,0,38.18664655,-85.65931031,21111.0,1954.9870428310408,2.014676450967312,14688,14882,300,0,14582,14694,770517,108,2,0,106,188
2020-09-24,US,Kentucky,Jessamine,582,0,0,37.87119786,-84.58252003,21113.0,1075.4873879700638,0.0,582,581,0,0,581,580,53920,1,0,0,1,1
2020-09-24,US,Kentucky,Johnson,147,1,0,37.85106355,-82.8264322,21115.0,662.520281233099,0.6802721088435374,146,147,1,0,146,145,22386,0,0,0,0,2
2020-09-24,US,Kentucky,Kenton,1990,45,0,38.93950319,-84.53241199,21117.0,1191.631037497455,2.2613065326633164,1945,1978,45,0,1933,1963,166051,12,0,0,12,15
2020-09-24,US,Kentucky,Knott,183,1,0,37.35388197,-82.94981134,21119.0,1235.9854113197352,0.5464480874316939,182,177,1,0,176,165,15126,6,0,0,6,12
2020-09-24,US,Kentucky,Knox,465,9,0,36.89225732,-83.85403396,21121.0,1493.01653555948,1.935483870967742,456,465,9,0,456,448,31304,0,0,0,0,17
2020-09-24,US,Kentucky,Larue,113,1,0,37.54567114,-85.70138352,21123.0,784.8312265592442,0.8849557522123894,112,112,1,0,111,112,14307,1,0,0,1,0
2020-09-24,US,Kentucky,Laurel,825,6,0,37.10975748,-84.11321779,21125.0,1356.6178284248433,0.7272727272727273,819,802,6,0,796,793,60669,23,0,0,23,9
2020-09-24,US,Kentucky,Lawrence,56,0,0,38.07136018,-82.72882223,21127.0,365.6068420709016,0.0,56,55,0,0,55,55,15571,1,0,0,1,0
2020-09-24,US,Kentucky,Lee,17,0,0,37.59645942,-83.71513901,21129.0,229.6366337971093,0.0,17,18,0,0,18,18,7033,-1,0,0,-1,0
2020-09-24,US,Kentucky,Leslie,66,0,0,37.09246661,-83.37999606,21131.0,668.2190948668624,0.0,66,66,0,0,66,65,10143,0,0,0,0,1
2020-09-24,US,Kentucky,Letcher,132,2,0,37.12306748,-82.85346474,21133.0,612.4437433303948,1.5151515151515151,130,125,2,0,123,120,21899,7,0,0,7,5
2020-09-24,US,Kentucky,Lewis,220,14,0,38.53184419,-83.37735618,21135.0,1657.2504708097933,6.363636363636362,206,222,14,0,208,221,13257,-2,0,0,-2,1
2020-09-24,US,Kentucky,Lincoln,186,13,0,37.45475628,-84.6565327,21137.0,757.668336795796,6.989247311827956,173,183,13,0,170,183,24644,3,0,0,3,0
2020-09-24,US,Kentucky,Livingston,86,1,0,37.21137452,-88.34797529,21139.0,935.3926473787253,1.162790697674419,85,84,1,0,83,85,9242,2,0,0,2,-1
2020-09-24,US,Kentucky,Logan,539,27,0,36.85949479,-86.877635,21141.0,1988.7831156372226,5.009276437847866,512,540,27,0,513,532,26989,-1,0,0,-1,8
2020-09-24,US,Kentucky,Lyon,69,4,0,37.02080035,-88.07886257,21143.0,840.4384896467723,5.797101449275362,65,67,4,0,63,66,8009,2,0,0,2,1
2020-09-24,US,Kentucky,Madison,1696,6,0,37.71659336,-84.27220275,21151.0,1823.910869261295,0.35377358490566035,1690,1681,6,0,1675,1670,92368,15,0,0,15,11
2020-09-24,US,Kentucky,Magoffin,81,0,0,37.70820545,-83.0657714,21153.0,666.0636460817368,0.0,81,80,0,0,80,80,12362,1,0,0,1,0
2020-09-24,US,Kentucky,Marion,219,8,0,37.55218078,-85.26898542,21155.0,1136.3046749338453,3.6529680365296797,211,218,8,0,210,217,19404,1,0,0,1,1
2020-09-24,US,Kentucky,Marshall,290,3,0,36.88007070000001,-88.32803576,21157.0,932.475884244373,1.0344827586206895,287,285,3,0,282,280,31191,5,0,0,5,5
2020-09-24,US,Kentucky,Martin,76,3,0,37.79990579,-82.51247478,21159.0,678.8744975435462,3.947368421052632,73,75,3,0,72,74,11323,1,0,0,1,1
2020-09-24,US,Kentucky,Mason,122,2,0,38.59471935,-83.82151043,21161.0,714.7041593438781,1.639344262295082,120,122,2,0,120,122,17150,0,0,0,0,0
2020-09-24,US,Kentucky,McCracken,701,9,0,37.05350953,-88.70445755,21145.0,1071.5705157601885,1.2838801711840229,692,698,9,0,689,696,65346,3,0,0,3,2
2020-09-24,US,Kentucky,McCreary,147,0,0,36.73874143,-84.48102924,21147.0,853.1135743717717,0.0,147,144,0,0,144,143,17408,3,0,0,3,1
2020-09-24,US,Kentucky,McLean,74,1,0,37.5301951,-87.26803443,21149.0,803.7362876072552,1.351351351351351,73,74,1,0,73,73,9252,0,0,0,0,1
2020-09-24,US,Kentucky,Meade,208,3,0,37.96163597,-86.21028219,21163.0,727.9854402911943,1.4423076923076923,205,202,3,0,199,193,28715,6,0,0,6,9
2020-09-24,US,Kentucky,Menifee,44,0,0,37.94090733,-83.59985712,21165.0,678.0705809832024,0.0,44,44,0,0,44,44,6451,0,0,0,0,0
2020-09-24,US,Kentucky,Mercer,205,2,0,37.81474237,-84.87488475,21167.0,934.6646605571514,0.975609756097561,203,203,2,0,201,200,21774,2,0,0,2,3
2020-09-24,US,Kentucky,Metcalfe,110,2,0,36.99459295,-85.63123699,21169.0,1092.2450600734785,1.818181818181818,108,110,2,0,108,109,10030,0,0,0,0,1
2020-09-24,US,Kentucky,Monroe,202,4,0,36.71225341,-85.71596443,21171.0,1896.7136150234744,1.98019801980198,198,204,4,0,200,204,10718,-2,0,0,-2,0
2020-09-24,US,Kentucky,Montgomery,272,3,0,38.03253032,-83.9145241,21173.0,966.0120041197572,1.1029411764705883,269,267,3,0,264,255,28203,5,0,0,5,12
2020-09-24,US,Kentucky,Morgan,54,0,0,37.92465657,-83.25558245,21175.0,405.74047636937416,0.0,54,53,0,0,53,53,13345,1,0,0,1,0
2020-09-24,US,Kentucky,Muhlenberg,762,12,0,37.21425819,-87.14632053,21177.0,2488.407027627196,1.5748031496062993,750,755,12,0,743,750,30774,7,0,0,7,5
2020-09-24,US,Kentucky,Nelson,491,4,0,37.80335779,-85.4657193,21179.0,1062.0119827828607,0.8146639511201629,487,488,4,0,484,483,45851,3,0,0,3,5
2020-09-24,US,Kentucky,Nicholas,31,1,0,38.33342292,-84.01889177,21181.0,426.4685651396341,3.2258064516129035,30,31,1,0,30,31,7166,0,0,0,0,0
2020-09-24,US,Kentucky,Ohio,444,9,0,37.47751843,-86.85368087,21183.0,1850.4626156539127,2.0270270270270268,435,444,9,0,435,444,24087,0,0,0,0,0
2020-09-24,US,Kentucky,Oldham,1094,25,0,38.39791089,-85.448222,21185.0,1637.7490680998221,2.2851919561243146,1069,1088,25,0,1063,1073,66470,6,0,0,6,15
2020-09-24,US,Kentucky,Owen,98,2,0,38.51679143,-84.82404619,21187.0,899.0000917347032,2.0408163265306123,96,97,2,0,95,92,10880,1,0,0,1,5
2020-09-24,US,Kentucky,Owsley,37,1,0,37.42823949,-83.68811419,21189.0,838.0520951302377,2.702702702702702,36,37,1,0,36,37,4472,0,0,0,0,0
2020-09-24,US,Kentucky,Pendleton,95,0,0,38.69607718,-84.35599463,21191.0,651.1309115832762,0.0,95,92,0,0,92,92,14529,3,0,0,3,0
2020-09-24,US,Kentucky,Perry,330,9,0,37.25023553,-83.22922731,21193.0,1281.1553692056834,2.727272727272727,321,329,8,0,321,327,26092,1,1,0,0,2
2020-09-24,US,Kentucky,Pike,400,3,0,37.47088263,-82.39487445,21195.0,691.1327666044647,0.75,397,395,3,0,392,392,58402,5,0,0,5,3
2020-09-24,US,Kentucky,Powell,93,0,0,37.83218794,-83.82553961,21197.0,752.4880653774577,0.0,93,92,0,0,92,91,12442,1,0,0,1,1
2020-09-24,US,Kentucky,Pulaski,768,10,0,37.10466131,-84.57629079,21199.0,1181.920312716416,1.3020833333333333,758,761,10,0,751,752,64623,7,0,0,7,9
2020-09-24,US,Kentucky,Robertson,12,0,0,38.51923469,-84.05055616,21201.0,569.2599620493359,0.0,12,12,0,0,12,12,2135,0,0,0,0,0
2020-09-24,US,Kentucky,Rockcastle,168,1,0,37.36642393,-84.31176452,21203.0,1006.2893081761006,0.5952380952380952,167,168,1,0,167,165,16750,0,0,0,0,3
2020-09-24,US,Kentucky,Rowan,214,1,0,38.19484205,-83.42088935,21205.0,874.8977923139819,0.4672897196261682,213,209,1,0,208,209,24583,5,0,0,5,0
2020-09-24,US,Kentucky,Russell,248,6,0,36.99308373,-85.06070117,21207.0,1383.6969257378787,2.419354838709677,242,244,6,0,238,241,17821,4,0,0,4,3
2020-09-24,US,Kentucky,Scott,735,10,0,38.29622293,-84.5816631,21209.0,1289.3832011788647,1.3605442176870748,725,734,10,0,724,723,56031,1,0,0,1,11
2020-09-24,US,Kentucky,Shelby,1044,24,0,38.21476019,-85.194223,21211.0,2129.5691906005222,2.2988505747126435,1020,1040,24,0,1016,1036,48518,4,0,0,4,4
2020-09-24,US,Kentucky,Simpson,273,8,0,36.74058474,-86.58047435,21213.0,1469.9547706224425,2.93040293040293,265,270,8,0,262,266,18529,3,0,0,3,4
2020-09-24,US,Kentucky,Spencer,205,0,0,38.03223971,-85.32749335,21215.0,1059.3767763939848,0.0,205,198,0,0,198,197,18794,7,0,0,7,1
2020-09-24,US,Kentucky,Taylor,289,7,0,37.3677562,-85.3329931,21217.0,1121.502580620125,2.4221453287197234,282,287,7,0,280,287,25549,2,0,0,2,0
2020-09-24,US,Kentucky,Todd,181,8,0,36.8381152,-87.17878374,21219.0,1472.2628924678704,4.419889502762431,173,181,8,0,173,179,12311,0,0,0,0,2
2020-09-24,US,Kentucky,Trigg,169,0,0,36.80767017,-87.87333656,21221.0,1153.5048802129547,0.0,169,170,0,0,170,168,14643,-1,0,0,-1,2
2020-09-24,US,Kentucky,Trimble,61,0,0,38.61056487,-85.33775972,21223.0,720.1038838389801,0.0,61,59,0,0,59,58,8515,2,0,0,2,1
2020-09-24,US,Kentucky,Union,310,2,0,37.66166713,-87.94300009,21225.0,2155.6220012516515,0.6451612903225806,308,306,2,0,304,300,14505,4,0,0,4,6
2020-09-24,US,Kentucky,Warren,4250,48,0,36.99903045,-86.42672751,21227.0,3197.989405249217,1.1294117647058823,4202,4224,41,0,4183,4190,131264,26,7,0,19,34
2020-09-24,US,Kentucky,Washington,143,1,0,37.75599461,-85.17407732,21229.0,1182.3067383216205,0.6993006993006993,142,143,1,0,142,143,12084,0,0,0,0,0
2020-09-24,US,Kentucky,Wayne,141,0,0,36.80310688,-84.8251971,21231.0,693.4539910490338,0.0,141,136,0,0,136,130,20468,5,0,0,5,6
2020-09-24,US,Kentucky,Webster,157,3,0,37.52168356,-87.67989953,21233.0,1213.1046206150518,1.9108280254777068,154,157,3,0,154,150,13111,0,0,0,0,7
2020-09-24,US,Kentucky,Whitley,323,2,0,36.75700531,-84.14541217,21235.0,890.6904919479373,0.6191950464396285,321,314,2,0,312,299,36242,9,0,0,9,15
2020-09-24,US,Kentucky,Wolfe,32,0,0,37.73941626,-83.49303612,21237.0,447.11471286852026,0.0,32,31,0,0,31,31,7177,1,0,0,1,0
2020-09-24,US,Kentucky,Woodford,267,0,0,38.04178222,-84.7417556,21239.0,998.728211266552,0.0,267,258,0,0,258,257,26533,9,0,0,9,1
2020-09-24,US,Louisiana,Acadia,2935,96,0,30.295064899999996,-92.41419698,22001.0,4730.437585623338,3.2708688245315156,2839,2933,96,0,2837,2930,62190,2,0,0,2,3
2020-09-24,US,Louisiana,Allen,1551,46,0,30.65385745,-92.82442028,22003.0,6052.210559175869,2.9658284977433915,1505,1545,46,0,1499,1541,25605,6,0,0,6,4
2020-09-24,US,Louisiana,Ascension,3717,97,0,30.20406249,-90.91328409999998,22005.0,2935.9261950649266,2.6096314231907454,3620,3704,97,0,3607,3693,124672,13,0,0,13,11
2020-09-24,US,Louisiana,Assumption,755,24,0,29.89946234,-91.06461642,22007.0,3448.905943081632,3.178807947019868,731,758,24,0,734,758,22300,-3,0,0,-3,0
2020-09-24,US,Louisiana,Avoyelles,1497,54,0,31.07796211,-92.00079449,22009.0,3729.075328816261,3.607214428857716,1443,1491,53,0,1438,1483,40462,6,1,0,5,8
2020-09-24,US,Louisiana,Beauregard,989,37,0,30.64836518,-93.34173616,22011.0,2637.544336880284,3.741152679474217,952,984,37,0,947,985,37253,5,0,0,5,-1
2020-09-24,US,Louisiana,Bienville,474,32,0,32.34569994,-93.05398492,22013.0,3579.7900460690275,6.751054852320674,442,473,32,0,441,468,13308,1,0,0,1,5
2020-09-24,US,Louisiana,Bossier,3212,105,0,32.67932307,-93.60460152,22015.0,2528.3574335440303,3.268991282689913,3107,3181,106,0,3075,3138,127185,31,-1,0,32,43
2020-09-24,US,Louisiana,Caddo,8403,350,0,32.57991587,-93.88375652,22017.0,3498.276465004746,4.165179102701416,8053,8360,349,0,8011,8312,242922,43,1,0,42,48
2020-09-24,US,Louisiana,Calcasieu,7812,210,0,30.22931235,-93.35400434,22019.0,3840.028313572819,2.6881720430107525,7602,7794,210,0,7584,7773,203112,18,0,0,18,21
2020-09-24,US,Louisiana,Caldwell,300,3,0,32.0902519,-92.11752148,22021.0,3024.8033877797943,1.0,297,300,3,0,297,299,9960,0,0,0,0,1
2020-09-24,US,Louisiana,Cameron,226,2,0,29.87592238,-93.19310676,22023.0,3241.072709020508,0.8849557522123894,224,225,2,0,223,222,6968,1,0,0,1,3
2020-09-24,US,Louisiana,Catahoula,432,10,0,31.66778967,-91.84526385,22025.0,4550.2422582683785,2.314814814814815,422,432,10,0,422,432,9608,0,0,0,0,0
2020-09-24,US,Louisiana,Claiborne,507,22,0,32.82308512,-92.99526883,22027.0,3235.4818123803448,4.339250493096647,485,502,21,0,481,504,15944,5,1,0,4,-2
2020-09-24,US,Louisiana,Concordia,511,13,0,31.44817835,-91.63814433,22029.0,2653.3049483358427,2.5440313111545994,498,508,13,0,495,507,19572,3,0,0,3,1
2020-09-24,US,Louisiana,De Soto,894,35,0,32.05457447,-93.74130302,22031.0,3255.288934202381,3.9149888143176734,859,893,35,0,858,884,27436,1,0,0,1,9
2020-09-24,US,Louisiana,East Baton Rouge,15018,439,0,30.53842039,-91.09777565,22033.0,3412.724202890976,2.923158876015448,14579,14983,439,0,14544,14960,440956,35,0,0,35,23
2020-09-24,US,Louisiana,East Carroll,541,4,0,32.73926954,-91.23425694,22035.0,7885.147937618422,0.7393715341959335,537,542,4,0,538,542,7037,-1,0,0,-1,0
2020-09-24,US,Louisiana,East Feliciana,1731,67,0,30.84425359,-91.04976723,22037.0,9046.250326626601,3.870595031773541,1664,1723,66,0,1657,1718,19305,8,1,0,7,5
2020-09-24,US,Louisiana,Evangeline,1304,32,0,30.72985248,-92.39915924,22039.0,3904.7761640964227,2.4539877300613497,1272,1306,32,0,1274,1303,33443,-2,0,0,-2,3
2020-09-24,US,Louisiana,Franklin,1197,38,0,32.13675181,-91.67589857,22041.0,5980.51461403947,3.1746031746031744,1159,1193,38,0,1155,1191,20156,4,0,0,4,2
2020-09-24,US,Louisiana,Grant,487,30,0,31.59882456,-92.56124347,22043.0,2175.175309303676,6.160164271047227,457,486,30,0,456,487,22482,1,0,0,1,-1
2020-09-24,US,Louisiana,Iberia,2906,89,0,29.86803617,-91.75871777,22045.0,4161.535156809394,3.062629043358569,2817,2898,89,0,2809,2896,70941,8,0,0,8,2
2020-09-24,US,Louisiana,Iberville,1407,58,0,30.25734305,-91.3499598,22047.0,4327.765986896743,4.122245913290691,1349,1407,58,0,1349,1402,32721,0,0,0,0,5
2020-09-24,US,Louisiana,Jackson,633,22,0,32.30251776,-92.55692092,22049.0,4020.579268292683,3.4755134281200637,611,632,22,0,610,630,15902,1,0,0,1,2
2020-09-24,US,Louisiana,Jefferson,17432,567,0,29.74075478,-90.11115756,22051.0,4030.585466123151,3.252638825149151,16865,17386,565,0,16821,17344,434051,46,2,0,44,42
2020-09-24,US,Louisiana,Jefferson Davis,1226,39,0,30.26896765,-92.81210004,22053.0,3908.441724049987,3.1810766721044046,1187,1225,39,0,1186,1224,31582,1,0,0,1,1
2020-09-24,US,Louisiana,LaSalle,423,7,0,31.67884782,-92.15907765,22059.0,2840.451248992748,1.6548463356973997,416,421,7,0,414,420,14917,2,0,0,2,1
2020-09-24,US,Louisiana,Lafayette,8895,128,0,30.2049055,-92.06959876,22055.0,3639.674291092107,1.439010680157392,8767,8875,126,0,8749,8870,242782,20,2,0,18,5
2020-09-24,US,Louisiana,Lafourche,3618,120,0,29.52470226,-90.40976986,22057.0,3706.435552277337,3.316749585406302,3498,3599,119,0,3480,3576,98115,19,1,0,18,23
2020-09-24,US,Louisiana,Lincoln,1217,48,0,32.6003154,-92.66597409999999,22061.0,2603.654101236575,3.9441248972884138,1169,1199,47,0,1152,1191,47196,18,1,0,17,8
2020-09-24,US,Louisiana,Livingston,3746,74,0,30.44143993,-90.73061664,22063.0,2660.719232326389,1.97544046983449,3672,3730,74,0,3656,3726,139567,16,0,0,16,4
2020-09-24,US,Louisiana,Madison,867,8,0,32.36918118,-91.23973355,22065.0,7917.0851976988415,0.9227220299884659,859,866,8,0,858,866,11161,1,0,0,1,0
2020-09-24,US,Louisiana,Morehouse,774,22,0,32.81686191,-91.80421614,22067.0,3111.6828817238884,2.842377260981912,752,770,22,0,748,765,25398,4,0,0,4,5
2020-09-24,US,Louisiana,Natchitoches,1110,25,0,31.72321584,-93.09816516,22069.0,2908.9574925310553,2.2522522522522523,1085,1103,25,0,1078,1096,38659,7,0,0,7,7
2020-09-24,US,Louisiana,Orleans,12514,587,0,30.06971951,-89.92660315,22071.0,3207.533628608924,4.690746364072238,11927,12436,587,0,11849,12407,391006,78,0,0,78,29
2020-09-24,US,Louisiana,Ouachita,6163,142,0,32.47645559,-92.15704172,22073.0,4020.7725781092,2.3040726918708416,6021,6122,141,0,5981,6120,154475,41,1,0,40,2
2020-09-24,US,Louisiana,Plaquemines,670,19,0,29.42245447,-89.60322085,22075.0,2888.3045221364832,2.8358208955223883,651,666,19,0,647,665,23410,4,0,0,4,1
2020-09-24,US,Louisiana,Pointe Coupee,1056,40,0,30.71409502,-91.60209535,22077.0,4859.641049240681,3.787878787878788,1016,1053,40,0,1013,1053,21940,3,0,0,3,0
2020-09-24,US,Louisiana,Rapides,4154,148,0,31.19778499,-92.52997303,22079.0,3204.0602246081708,3.562831006259028,4006,4140,148,0,3992,4122,130562,14,0,0,14,18
2020-09-24,US,Louisiana,Red River,357,21,0,32.09530039,-93.34213308,22081.0,4228.855721393034,5.882352941176472,336,351,21,0,330,354,8477,6,0,0,6,-3
2020-09-24,US,Louisiana,Richland,751,10,0,32.41391005,-91.76634876,22083.0,3732.2333764039363,1.3315579227696406,741,749,10,0,739,748,20192,2,0,0,2,1
2020-09-24,US,Louisiana,Sabine,847,13,0,31.56388699,-93.55433981,22085.0,3546.30715123095,1.5348288075560803,834,840,13,0,827,839,24032,7,0,0,7,1
2020-09-24,US,Louisiana,St. Bernard,1394,29,0,29.87761636,-89.51887093,22087.0,2950.639234611803,2.080344332855093,1365,1383,29,0,1354,1386,46721,11,0,0,11,-3
2020-09-24,US,Louisiana,St. Charles,1784,59,0,29.90709658,-90.35555967,22089.0,3359.69868173258,3.307174887892377,1725,1777,59,0,1718,1772,52879,7,0,0,7,5
2020-09-24,US,Louisiana,St. Helena,410,4,0,30.82210324,-90.71013176,22091.0,4046.5850769838135,0.975609756097561,406,410,4,0,406,413,10262,0,0,0,0,-3
2020-09-24,US,Louisiana,St. James,807,40,0,30.02531716,-90.80212061,22093.0,3825.3697383390218,4.956629491945477,767,808,40,0,768,806,21037,-1,0,0,-1,2
2020-09-24,US,Louisiana,St. John the Baptist,1578,98,0,30.12597499,-90.4753503,22095.0,3683.731353736256,6.210392902408112,1480,1576,98,0,1478,1573,43184,2,0,0,2,3
2020-09-24,US,Louisiana,St. Landry,3279,124,0,30.59724262,-92.00135806,22097.0,3992.7426817982564,3.781640744129308,3155,3272,124,0,3148,3271,82764,7,0,0,7,1
2020-09-24,US,Louisiana,St. Martin,2091,60,0,30.13112107,-91.61403569,22099.0,3913.4584791600373,2.8694404591104736,2031,2081,60,0,2021,2073,53621,10,0,0,10,8
2020-09-24,US,Louisiana,St. Mary,1902,77,0,29.69262097,-91.44702164,22101.0,3854.259544459755,4.048370136698212,1825,1901,77,0,1824,1900,49774,1,0,0,1,1
2020-09-24,US,Louisiana,St. Tammany,6886,251,0,30.40942847,-89.95642711,22103.0,2644.2003079652404,3.645076967760674,6635,6858,251,0,6607,6842,258111,28,0,0,28,16
2020-09-24,US,Louisiana,Tangipahoa,4435,118,0,30.62888673,-90.40664996,22105.0,3291.084759346384,2.66065388951522,4317,4416,117,0,4299,4394,133777,19,1,0,18,22
2020-09-24,US,Louisiana,Tensas,159,2,0,32.00760749,-91.32915234,22107.0,3668.666359021689,1.2578616352201255,157,159,2,0,157,160,4462,0,0,0,0,-1
2020-09-24,US,Louisiana,Terrebonne,3613,113,0,29.37343766,-90.82626855,22109.0,3270.837671214275,3.1275947965679483,3500,3603,112,0,3491,3601,111021,10,1,0,9,2
2020-09-24,US,Louisiana,Unassigned,194,182,0,0.0,0.0,90022.0,0.0,93.81443298969073,12,193,182,0,11,193,,1,0,0,1,0
2020-09-24,US,Louisiana,Union,954,42,0,32.83121059,-92.3749373,22111.0,4315.180025330197,4.402515723270441,912,959,42,0,917,953,22330,-5,0,0,-5,6
2020-09-24,US,Louisiana,Vermilion,2027,61,0,29.83517605,-92.30292538,22113.0,3406.092991211709,3.0093734583127776,1966,2028,60,0,1968,2019,59830,-1,1,0,-2,9
2020-09-24,US,Louisiana,Vernon,1044,49,0,31.10884837,-93.18153838,22115.0,2201.1849290518453,4.693486590038313,995,1042,46,0,996,1040,48860,2,3,0,-1,2
2020-09-24,US,Louisiana,Washington,1612,65,0,30.85288548,-90.03866652,22117.0,3489.630687968134,4.032258064516129,1547,1608,65,0,1543,1604,46582,4,0,0,4,4
2020-09-24,US,Louisiana,Webster,1222,22,0,32.70847669,-93.33121835,22119.0,3187.271778821075,1.8003273322422257,1200,1217,22,0,1195,1211,38798,5,0,0,5,6
2020-09-24,US,Louisiana,West Baton Rouge,900,41,0,30.46058217,-91.30989571,22121.0,3400.7179293406384,4.5555555555555545,859,900,41,0,859,895,26427,0,0,0,0,5
2020-09-24,US,Louisiana,West Carroll,342,10,0,32.78550125,-91.461201,22123.0,3157.894736842105,2.9239766081871346,332,343,10,0,333,342,10982,-1,0,0,-1,1
2020-09-24,US,Louisiana,West Feliciana,711,25,0,30.87882871,-91.41485379999999,22125.0,4567.060637204522,3.516174402250352,686,711,25,0,686,711,15460,0,0,0,0,0
2020-09-24,US,Louisiana,Winn,619,18,0,31.94449367,-92.63789413,22127.0,4451.956271576525,2.9079159935379644,601,616,18,0,598,611,14134,3,0,0,3,5
2020-09-24,US,Maine,Androscoggin,698,10,0,44.1664747,-70.20380627,23001.0,644.6429066191342,1.4326647564469914,688,693,10,0,683,687,107679,5,0,0,5,6
2020-09-24,US,Maine,Aroostook,44,1,0,46.65926321,-68.59841248,23003.0,65.61777645216613,2.272727272727273,43,43,1,0,42,42,67111,1,0,0,1,1
2020-09-24,US,Maine,Cumberland,2301,70,0,43.8370751,-70.37226999,23005.0,779.9920678772759,3.0421555845284667,2231,2290,70,0,2220,2288,293557,11,0,0,11,2
2020-09-24,US,Maine,Franklin,60,1,0,44.97330019,-70.44381045,23007.0,198.6820755654161,1.6666666666666667,59,60,1,0,59,60,29897,0,0,0,0,0
2020-09-24,US,Maine,Hancock,53,1,0,44.59816444,-68.38401854,23009.0,96.38641860803465,1.8867924528301887,52,53,1,0,52,53,54811,0,0,0,0,0
2020-09-24,US,Maine,Kennebec,209,11,0,44.40759555,-69.76738544,23011.0,170.88845644388482,5.2631578947368425,198,207,11,0,196,208,122083,2,0,0,2,-1
2020-09-24,US,Maine,Knox,36,1,0,44.11486325,-69.10529169,23013.0,90.51594086291864,2.7777777777777777,35,36,1,0,35,36,39771,0,0,0,0,0
2020-09-24,US,Maine,Lincoln,42,1,0,44.05996956,-69.54227124,23015.0,121.26811803430157,2.380952380952381,41,41,1,0,40,41,34342,1,0,0,1,0
2020-09-24,US,Maine,Oxford,137,1,0,44.49952995,-70.75682123,23017.0,236.3087537731781,0.7299270072992701,136,132,1,0,131,129,57618,5,0,0,5,3
2020-09-24,US,Maine,Penobscot,253,6,0,45.40194593,-68.65020455,23019.0,166.28545889528615,2.3715415019762847,247,252,6,0,246,252,151096,1,0,0,1,0
2020-09-24,US,Maine,Piscataquis,9,0,0,45.83839062,-69.2860223,23021.0,53.61930294906166,0.0,9,9,0,0,9,9,16800,0,0,0,0,0
2020-09-24,US,Maine,Sagadahoc,65,0,0,43.95415864,-69.85074999,23023.0,181.2806782686301,0.0,65,65,0,0,65,64,35634,0,0,0,0,1
2020-09-24,US,Maine,Somerset,85,8,0,45.51229767,-69.95995554,23025.0,168.37017668964424,9.411764705882351,77,85,8,0,77,86,50592,0,0,0,0,-1
2020-09-24,US,Maine,Waldo,73,14,0,44.4858305,-69.12061935,23027.0,183.809643711444,19.17808219178082,59,73,14,0,59,73,39694,0,0,0,0,0
2020-09-24,US,Maine,Washington,16,0,0,45.01607142,-67.62813524,23029.0,50.989515280920365,0.0,16,16,0,0,16,15,31490,0,0,0,0,1
2020-09-24,US,Maine,York,1133,15,0,43.47808377,-70.71052375,23031.0,545.6533150967293,1.323918799646955,1118,1115,15,0,1100,1103,206229,18,0,0,18,12
2020-09-24,US,Maryland,Allegany,459,22,0,39.62357628,-78.69280486,24001.0,651.8404907975462,4.793028322440088,437,454,22,0,432,450,70975,5,0,0,5,4
2020-09-24,US,Maryland,Anne Arundel,9812,246,0,39.00670238,-76.60329337,24003.0,1693.9613351426196,2.5071341214838974,9566,9759,245,0,9514,9713,576031,53,1,0,52,46
2020-09-24,US,Maryland,Baltimore,17655,621,0,39.45784712,-76.62911955,24005.0,2133.869973530585,3.5174171622769754,17034,17579,621,0,16958,17523,828431,76,0,0,76,56
2020-09-24,US,Maryland,Baltimore City,15374,484,0,39.30211911,-76.61151012,24510.0,2590.439603026168,3.148172238844803,14890,15329,483,0,14846,15292,621342,45,1,0,44,37
2020-09-24,US,Maryland,Calvert,928,28,0,38.53961642,-76.56820632,24009.0,1002.9721696838693,3.0172413793103448,900,920,28,0,892,914,92003,8,0,0,8,6
2020-09-24,US,Maryland,Caroline,640,6,0,38.87172293,-75.82904158,24011.0,1915.823504759624,0.9375,634,638,5,0,633,638,33304,2,1,0,1,0
2020-09-24,US,Maryland,Carroll,1925,124,0,39.56453592,-77.02373735,24013.0,1142.7926885014278,6.441558441558442,1801,1920,125,0,1795,1917,168429,5,-1,0,6,3
2020-09-24,US,Maryland,Cecil,1034,34,0,39.56647682,-75.94627411,24015.0,1005.2987215011424,3.288201160541586,1000,1025,33,0,992,1017,102826,9,1,0,8,8
2020-09-24,US,Maryland,Charles,2737,100,0,38.51092331,-76.98580666,24017.0,1676.497791825159,3.6536353671903545,2637,2725,99,0,2626,2716,161503,12,1,0,11,9
2020-09-24,US,Maryland,Dorchester,582,10,0,38.45413522,-76.02752426,24019.0,1822.7943249083905,1.718213058419244,572,578,10,0,568,578,31998,4,0,0,4,0
2020-09-24,US,Maryland,Frederick,3975,131,0,39.47296601,-77.39999394,24021.0,1531.5145233811218,3.2955974842767297,3844,3958,131,0,3827,3938,255648,17,0,0,17,20
2020-09-24,US,Maryland,Garrett,72,1,0,39.52786077,-79.27355126,24023.0,248.1560625904736,1.3888888888888888,71,72,1,0,71,72,29163,0,0,0,0,0
2020-09-24,US,Maryland,Harford,2963,76,0,39.55010644,-76.30775940000002,24025.0,1159.954744931315,2.5649679379007764,2887,2945,76,0,2869,2945,253956,18,0,0,18,0
2020-09-24,US,Maryland,Howard,4997,123,0,39.25305293,-76.93126208,24027.0,1534.2810648162365,2.461476886131679,4874,4983,123,0,4860,4968,323196,14,0,0,14,15
2020-09-24,US,Maryland,Kent,300,24,0,39.24976208,-76.04741541,24029.0,1544.6400988569662,8.0,276,298,24,0,274,297,19383,2,0,0,2,1
2020-09-24,US,Maryland,Montgomery,22078,841,0,39.13676329,-77.20358245,24031.0,2101.2898215264663,3.8092218498052364,21237,22002,841,0,21161,21933,1052567,76,0,0,76,69
2020-09-24,US,Maryland,Prince George's,28887,822,0,38.83070039,-76.8496441,24033.0,3176.7449993236755,2.8455706719285487,28065,28784,821,0,27963,28715,909308,103,1,0,102,69
2020-09-24,US,Maryland,Queen Anne's,650,26,0,39.06198912,-76.03530977,24035.0,1290.1689128838252,4.0,624,645,26,0,619,640,50251,5,0,0,5,5
2020-09-24,US,Maryland,Somerset,252,4,0,38.1163542,-75.75118623,24039.0,983.7601499063086,1.5873015873015872,248,251,4,0,247,246,25675,1,0,0,1,5
2020-09-24,US,Maryland,St. Mary's,1262,57,0,38.30058422,-76.60629279999998,24037.0,1111.7963175050656,4.516640253565769,1205,1259,57,0,1202,1257,112664,3,0,0,3,2
2020-09-24,US,Maryland,Talbot,549,6,0,38.76618159,-76.10882561,24041.0,1476.5606089131545,1.0928961748633879,543,543,6,0,537,543,36968,6,0,0,6,0
2020-09-24,US,Maryland,Unassigned,0,12,0,0.0,0.0,90024.0,0.0,0.0,-12,0,10,0,-10,0,,0,2,0,-2,0
2020-09-24,US,Maryland,Washington,1705,37,0,39.60835778,-77.82002295,24043.0,1128.772782342154,2.1700879765395893,1668,1691,37,0,1654,1676,150926,14,0,0,14,15
2020-09-24,US,Maryland,Wicomico,1936,48,0,38.37301947,-75.62705831,24045.0,1868.5635417772587,2.479338842975207,1888,1919,48,0,1871,1914,103195,17,0,0,17,5
2020-09-24,US,Maryland,Worcester,1028,26,0,38.21274277,-75.33200012,24047.0,1966.485576555207,2.5291828793774314,1002,1020,26,0,994,1010,51823,8,0,0,8,10
2020-09-24,US,Massachusetts,Barnstable,1728,174,0,41.72980578,-70.28854339,25001.0,811.3056951030565,10.069444444444443,1554,1722,174,0,1548,1714,213413,6,0,0,6,8
2020-09-24,US,Massachusetts,Berkshire,705,49,0,42.37428441,-73.20524838,25003.0,564.2527852477909,6.950354609929078,656,706,49,0,657,704,126348,-1,0,0,-1,2
2020-09-24,US,Massachusetts,Bristol,9895,692,0,41.79228404,-71.10872211,25005.0,1750.6550581458096,6.99343102577059,9203,9858,690,0,9168,9826,564022,37,2,0,35,32
2020-09-24,US,Massachusetts,Dukes and Nantucket,151,1,0,41.40674725,-70.68763497,0.0,525.5647210330304,0.6622516556291391,150,151,1,0,150,150,26707,0,0,0,0,1
2020-09-24,US,Massachusetts,Essex,19422,1274,0,42.6687626,-70.94687179,25009.0,2461.4908863242904,6.559571619812584,18148,19305,1273,0,18032,19120,790638,117,1,0,116,185
2020-09-24,US,Massachusetts,Franklin,405,68,0,42.58119713,-72.58602547,25011.0,577.0874893131946,16.790123456790127,337,404,67,0,337,404,70963,1,1,0,0,0
2020-09-24,US,Massachusetts,Hampden,8098,774,0,42.13440424,-72.63235561,25013.0,1736.382115564399,9.557915534699926,7324,8075,773,0,7302,8025,470406,23,1,0,22,50
2020-09-24,US,Massachusetts,Hampshire,1211,143,0,42.33997957,-72.65898478,25015.0,752.9689734502269,11.808422791081753,1068,1208,142,0,1066,1205,161355,3,1,0,2,3
2020-09-24,US,Massachusetts,Middlesex,27014,2138,0,42.48607732,-71.39049229,25017.0,1676.1194242845593,7.914414747908492,24876,26943,2133,0,24810,26820,1614714,71,5,0,66,123
2020-09-24,US,Massachusetts,Norfolk,10142,1051,0,42.16073095,-71.20530408,25021.0,1434.968695836723,10.362847564582923,9091,10107,1050,0,9057,10080,705388,35,1,0,34,27
2020-09-24,US,Massachusetts,Plymouth,9592,765,0,41.94070556,-70.80802823,25023.0,1840.3613186442108,7.975396163469558,8827,9567,764,0,8803,9551,518132,25,1,0,24,16
2020-09-24,US,Massachusetts,Suffolk,23988,1132,0,42.327951399999996,-71.07850442,25025.0,2983.9272453156896,4.719026179756545,22856,23891,1131,0,22760,23822,807252,97,1,0,96,69
2020-09-24,US,Massachusetts,Unassigned,2424,5,0,0.0,0.0,90025.0,0.0,0.20627062706270627,2419,2416,5,0,2411,2429,,8,0,0,8,-13
2020-09-24,US,Massachusetts,Worcester,14218,1096,0,42.35026951,-71.90493363,25027.0,1711.7292823931946,7.708538472358981,13122,14159,1095,0,13064,14119,830839,59,1,0,58,40
2020-09-24,US,Michigan,Alcona,41,2,0,44.6846864,-83.59507875,26001.0,394.0413262854397,4.878048780487805,39,41,2,0,39,41,10362,0,0,0,0,0
2020-09-24,US,Michigan,Alger,17,0,0,46.41292944,-86.60260122,26003.0,186.649099692578,0.0,17,19,0,0,19,17,9097,-2,0,0,-2,2
2020-09-24,US,Michigan,Allegan,752,7,0,42.59147037,-85.89102866,26005.0,636.8509751780557,0.9308510638297872,745,743,7,0,736,737,117327,9,0,0,9,6
2020-09-24,US,Michigan,Alpena,153,14,0,45.03477666,-83.62212411,26007.0,538.6375638091886,9.150326797385619,139,151,14,0,137,150,28360,2,0,0,2,1
2020-09-24,US,Michigan,Antrim,70,0,0,44.99690221,-85.15503082,26009.0,300.1200480192077,0.0,70,68,0,0,68,67,23365,2,0,0,2,1
2020-09-24,US,Michigan,Arenac,69,3,0,44.0636262,-83.89277559,26011.0,463.61620640999803,4.3478260869565215,66,69,3,0,66,68,15041,0,0,0,0,1
2020-09-24,US,Michigan,Baraga,25,0,0,46.6720582,-88.36363591,26013.0,304.54379339749056,0.0,25,20,0,0,20,18,8320,5,0,0,5,2
2020-09-24,US,Michigan,Barry,289,3,0,42.59513984,-85.30834519,26015.0,469.5369618196588,1.038062283737024,286,283,3,0,280,283,61157,6,0,0,6,0
2020-09-24,US,Michigan,Bay,992,50,0,43.70639106,-83.98731479,26017.0,961.930066132692,5.040322580645161,942,985,48,0,937,976,103923,7,2,0,5,9
2020-09-24,US,Michigan,Benzie,79,2,0,44.63899297,-86.01608482,26019.0,444.6695936057638,2.5316455696202533,77,80,2,0,78,79,17753,-1,0,0,-1,1
2020-09-24,US,Michigan,Berrien,1845,74,0,41.95447397,-86.41313079999998,26021.0,1202.7300995430278,4.010840108401084,1771,1832,74,0,1758,1826,154141,13,0,0,13,6
2020-09-24,US,Michigan,Branch,598,5,0,41.91600556,-85.05929476,26023.0,1374.175609531907,0.8361204013377926,593,594,5,0,589,587,43622,4,0,0,4,7
2020-09-24,US,Michigan,Calhoun,1287,45,0,42.24633834,-85.00493569,26025.0,959.30947606944,3.4965034965034967,1242,1265,45,0,1220,1250,134487,22,0,0,22,15
2020-09-24,US,Michigan,Cass,557,16,0,41.91522292,-85.99405727,26027.0,1075.5595033502616,2.8725314183123882,541,547,16,0,531,537,51653,10,0,0,10,10
2020-09-24,US,Michigan,Charlevoix,104,3,0,45.37790017,-85.19614053,26029.0,397.8120338140229,2.8846153846153846,101,101,3,0,98,97,26244,3,0,0,3,4
2020-09-24,US,Michigan,Cheboygan,90,2,0,45.44787015,-84.50122149,26031.0,356.06899825921823,2.2222222222222223,88,90,2,0,88,89,25413,0,0,0,0,1
2020-09-24,US,Michigan,Chippewa,77,0,0,46.29552653,-84.54353449,26033.0,206.16348496613028,0.0,77,76,0,0,76,76,37517,1,0,0,1,0
2020-09-24,US,Michigan,Clare,111,4,0,43.98794227,-84.84819859999998,26035.0,358.64297253634896,3.603603603603604,107,112,4,0,108,111,30757,-1,0,0,-1,1
2020-09-24,US,Michigan,Clinton,661,13,0,42.94400871,-84.60145248,26037.0,830.454174257177,1.966717095310136,648,658,13,0,645,648,79332,3,0,0,3,10
2020-09-24,US,Michigan,Crawford,123,5,0,44.68255561,-84.61006219,26039.0,876.7552926081688,4.0650406504065035,118,123,5,0,118,121,13901,0,0,0,0,2
2020-09-24,US,Michigan,Delta,347,7,0,45.90484910000001,-86.9080745,26041.0,969.7071316789627,2.0172910662824206,340,327,7,0,320,297,35857,20,0,0,20,30
2020-09-24,US,Michigan,Dickinson,123,2,0,46.00999672,-87.86961634,26043.0,487.34101985023176,1.6260162601626016,121,114,2,0,112,115,25383,9,0,0,9,-1
2020-09-24,US,Michigan,Eaton,639,11,0,42.59599185,-84.83740035,26045.0,579.4972249428665,1.7214397496087637,628,634,10,0,624,624,109826,5,1,0,4,10
2020-09-24,US,Michigan,Emmet,155,4,0,45.52625509,-84.89083249,26047.0,463.8635343408649,2.5806451612903225,151,156,4,0,152,156,33308,-1,0,0,-1,0
2020-09-24,US,Michigan,Federal Correctional Institution (FCI),195,5,0,0.0,0.0,0.0,0.0,2.5641025641025643,190,195,5,0,190,195,,0,0,0,0,0
2020-09-24,US,Michigan,Genesee,4451,308,0,43.02244215,-83.70589709,26049.0,1096.8105999561374,6.919793304875308,4143,4393,308,0,4085,4369,406892,58,0,0,58,24
2020-09-24,US,Michigan,Gladwin,92,2,0,43.98901072,-84.38774817,26051.0,361.50732838225474,2.1739130434782608,90,91,2,0,89,91,25337,1,0,0,1,0
2020-09-24,US,Michigan,Gogebic,156,1,0,46.40862701,-89.69377193,26053.0,1116.2790697674418,0.6410256410256411,155,156,1,0,155,156,15096,0,0,0,0,0
2020-09-24,US,Michigan,Grand Traverse,478,7,0,44.69565625,-85.55585247,26055.0,513.4926091440358,1.4644351464435146,471,467,7,0,460,460,92573,11,0,0,11,7
2020-09-24,US,Michigan,Gratiot,263,15,0,43.29265605,-84.60505416,26057.0,646.0170469897572,5.70342205323194,248,262,15,0,247,254,40599,1,0,0,1,8
2020-09-24,US,Michigan,Hillsdale,335,27,0,41.88753639,-84.59312019,26059.0,734.5685780067975,8.059701492537313,308,334,27,0,307,331,45749,1,0,0,1,3
2020-09-24,US,Michigan,Houghton,415,2,0,46.89988536,-88.68495385,26061.0,1162.9862123080372,0.4819277108433735,413,388,2,0,386,344,36219,27,0,0,27,44
2020-09-24,US,Michigan,Huron,223,5,0,43.83353985,-83.04078453,26063.0,719.7960040024533,2.242152466367713,218,219,5,0,214,219,31166,4,0,0,4,0
2020-09-24,US,Michigan,Ingham,3406,47,0,42.59716886,-84.37472069,26065.0,1164.8187793684124,1.3799177921315329,3359,3362,47,0,3315,3297,292735,44,0,0,44,65
2020-09-24,US,Michigan,Ionia,355,7,0,42.94502238,-85.07413319,26067.0,548.7116867860951,1.971830985915493,348,350,7,0,343,352,64210,5,0,0,5,-2
2020-09-24,US,Michigan,Iosco,213,12,0,44.35486835,-83.63484895,26069.0,847.6937159231106,5.633802816901407,201,209,12,0,197,205,25081,4,0,0,4,4
2020-09-24,US,Michigan,Iron,125,1,0,46.20974132,-88.53136251,26071.0,1129.5861196457618,0.8,124,114,1,0,113,97,11117,11,0,0,11,17
2020-09-24,US,Michigan,Isabella,690,13,0,43.64060976,-84.84664923,26073.0,987.5200366384247,1.884057971014493,677,683,13,0,670,674,70562,7,0,0,7,9
2020-09-24,US,Michigan,Jackson,1058,44,0,42.24807035,-84.42258681,26075.0,667.4657750299666,4.158790170132325,1014,1037,44,0,993,1026,158823,21,0,0,21,11
2020-09-24,US,Michigan,Kalamazoo,2763,93,0,42.24542231,-85.53038622,26077.0,1042.3818973387758,3.3659066232356136,2670,2707,92,0,2615,2661,264870,56,1,0,55,46
2020-09-24,US,Michigan,Kalkaska,84,4,0,44.68512729,-85.09085699,26079.0,465.6835569353586,4.761904761904762,80,82,4,0,78,82,17824,2,0,0,2,0
2020-09-24,US,Michigan,Kent,9667,173,0,43.03197711,-85.54934642,26081.0,1471.485870417304,1.7895934622944036,9494,9594,174,0,9420,9522,653786,73,-1,0,74,72
2020-09-24,US,Michigan,Keweenaw,8,0,0,47.63197653,-88.41434263,26083.0,378.0718336483932,0.0,8,8,0,0,8,8,2113,0,0,0,0,0
2020-09-24,US,Michigan,Lake,32,0,0,43.99050893,-85.802173,26085.0,269.97384628364125,0.0,32,32,0,0,32,32,11881,0,0,0,0,0
2020-09-24,US,Michigan,Lapeer,601,36,0,43.09052506,-83.22153148,26087.0,686.0182405515541,5.990016638935107,565,593,36,0,557,588,88028,8,0,0,8,5
2020-09-24,US,Michigan,Leelanau,112,1,0,44.94430054,-85.80150326,26089.0,514.682229676945,0.8928571428571429,111,111,1,0,110,110,21764,1,0,0,1,1
2020-09-24,US,Michigan,Lenawee,788,18,0,41.89475156,-84.06603727,26091.0,800.3981676163777,2.2842639593908634,770,787,17,0,770,786,98266,1,1,0,0,1
2020-09-24,US,Michigan,Livingston,1346,30,0,42.60302282,-83.91297209,26093.0,701.0599234355061,2.2288261515601784,1316,1335,30,0,1305,1328,191224,11,0,0,11,7
2020-09-24,US,Michigan,Luce,13,0,0,46.47227431,-85.54471223,26095.0,208.7012361534757,0.0,13,12,0,0,12,12,6283,1,0,0,1,0
2020-09-24,US,Michigan,Mackinac,57,0,0,46.07028979,-85.04980537,26097.0,527.8266506157978,0.0,57,57,0,0,57,54,10787,0,0,0,0,3
2020-09-24,US,Michigan,Macomb,14327,1017,0,42.69158356,-82.92752801,26099.0,1639.2973687944236,7.09848537725972,13310,14229,1015,0,13214,14163,874759,98,2,0,96,66
2020-09-24,US,Michigan,Manistee,71,2,0,44.33352407,-86.05626916,26101.0,289.11149116377555,2.8169014084507036,69,71,2,0,69,71,24528,0,0,0,0,0
2020-09-24,US,Michigan,Marquette,349,12,0,46.4338914,-87.64043701,26103.0,523.2462255805933,3.4383954154727787,337,341,12,0,329,333,66516,8,0,0,8,8
2020-09-24,US,Michigan,Mason,135,0,0,43.99509218,-86.24988902,26105.0,463.21712874004936,0.0,135,136,0,0,136,134,29100,-1,0,0,-1,2
2020-09-24,US,Michigan,Mecosta,201,3,0,43.64064262,-85.32463223,26107.0,462.5687524451706,1.492537313432836,198,195,3,0,192,193,43545,6,0,0,6,2
2020-09-24,US,Michigan,Menominee,358,1,0,45.58038692,-87.55370409,26109.0,1571.5539947322213,0.2793296089385475,357,339,1,0,338,328,22983,19,0,0,19,11
2020-09-24,US,Michigan,Michigan Department of Corrections (MDOC),5591,73,0,0.0,0.0,0.0,0.0,1.305669826506886,5518,5589,73,0,5516,5588,,2,0,0,2,1
2020-09-24,US,Michigan,Midland,590,11,0,43.64330771,-84.38804374,26111.0,709.5098369329933,1.8644067796610169,579,585,11,0,574,579,83209,5,0,0,5,6
2020-09-24,US,Michigan,Missaukee,59,1,0,44.33772443,-85.09256478,26113.0,390.2632623362878,1.6949152542372878,58,59,1,0,58,59,15113,0,0,0,0,0
2020-09-24,US,Michigan,Monroe,1504,28,0,41.92734151,-83.53749864,26115.0,999.3355481727575,1.8617021276595744,1476,1486,29,0,1457,1476,150439,18,-1,0,19,10
2020-09-24,US,Michigan,Montcalm,308,5,0,43.31082541,-85.15252824,26117.0,482.0936639118458,1.6233766233766234,303,304,5,0,299,300,63968,4,0,0,4,4
2020-09-24,US,Michigan,Montmorency,14,0,0,45.0275929,-84.12696227,26119.0,150.08576329331046,0.0,14,14,0,0,14,14,9265,0,0,0,0,0
2020-09-24,US,Michigan,Muskegon,1485,69,0,43.29123859,-86.15176712,26121.0,855.5823145086017,4.646464646464646,1416,1475,70,0,1405,1469,173588,10,-1,0,11,6
2020-09-24,US,Michigan,Newaygo,354,1,0,43.554373999999996,-85.80070107,26123.0,722.7439771335239,0.2824858757062147,353,339,1,0,338,333,48892,15,0,0,15,6
2020-09-24,US,Michigan,Oakland,20346,1196,0,42.66090111,-83.38595416,26125.0,1617.8640949630405,5.878305317998624,19150,20235,1196,0,19039,20178,1259201,111,0,0,111,57
2020-09-24,US,Michigan,Oceana,515,6,0,43.64124435,-86.26726673,26127.0,1945.819322174784,1.1650485436893203,509,514,6,0,508,514,26625,1,0,0,1,0
2020-09-24,US,Michigan,Ogemaw,65,5,0,44.33481032,-84.12725175,26129.0,309.5680335285993,7.6923076923076925,60,65,5,0,60,62,20952,0,0,0,0,3
2020-09-24,US,Michigan,Ontonagon,42,0,0,46.665226200000006,-89.31390481,26131.0,734.2657342657343,0.0,42,42,0,0,42,42,5795,0,0,0,0,0
2020-09-24,US,Michigan,Osceola,93,0,0,43.98992088,-85.32566756,26133.0,396.4194373401535,0.0,93,93,0,0,93,92,23341,0,0,0,0,1
2020-09-24,US,Michigan,Oscoda,30,1,0,44.68192279,-84.12939244,26135.0,364.0334910811795,3.333333333333333,29,30,1,0,29,30,8276,0,0,0,0,0
2020-09-24,US,Michigan,Otsego,174,11,0,45.02085831,-84.59898295,26137.0,705.3672774444624,6.32183908045977,163,172,11,0,161,171,24665,2,0,0,2,1
2020-09-24,US,Michigan,Ottawa,3337,66,0,42.95996803,-85.9969107,26139.0,1143.4739403077133,1.977824393167516,3271,3296,66,0,3230,3255,290494,41,0,0,41,41
2020-09-24,US,Michigan,Out of MI,191,2,0,0.0,0.0,80026.0,0.0,1.0471204188481675,189,206,3,0,203,203,,-15,-1,0,-14,3
2020-09-24,US,Michigan,Presque Isle,26,1,0,45.34018577,-83.91498656,26141.0,206.48030495552726,3.8461538461538463,25,26,1,0,25,26,12738,0,0,0,0,0
2020-09-24,US,Michigan,Roscommon,94,4,0,44.33473082,-84.61067651,26143.0,391.3568424996877,4.25531914893617,90,93,4,0,89,92,23884,1,0,0,1,1
2020-09-24,US,Michigan,Saginaw,2902,139,0,43.33433923,-84.05131209999998,26145.0,1523.0477749961954,4.789800137835975,2763,2894,139,0,2755,2882,190800,8,0,0,8,12
2020-09-24,US,Michigan,Sanilac,146,7,0,43.42406072,-82.82055898,26151.0,354.62715569589506,4.794520547945205,139,147,7,0,140,146,41182,-1,0,0,-1,1
2020-09-24,US,Michigan,Schoolcraft,24,0,0,46.19235734,-86.19972234,26153.0,296.5159377316532,0.0,24,24,0,0,24,21,8068,0,0,0,0,3
2020-09-24,US,Michigan,Shiawassee,504,31,0,42.95392800000001,-84.14585902,26155.0,739.8490942720413,6.150793650793651,473,499,31,0,468,499,68192,5,0,0,5,0
2020-09-24,US,Michigan,St. Clair,992,56,0,42.92655373,-82.67937954,26147.0,623.3975164647327,5.645161290322582,936,980,55,0,925,978,159337,12,1,0,11,2
2020-09-24,US,Michigan,St. Joseph,758,11,0,41.91441767,-85.52797979,26149.0,1243.3567351223676,1.4511873350923483,747,735,11,0,724,736,61043,23,0,0,23,-1
2020-09-24,US,Michigan,Tuscola,502,31,0,43.46606813,-83.41897025,26157.0,960.8574983251983,6.1752988047808755,471,497,31,0,466,495,52516,5,0,0,5,2
2020-09-24,US,Michigan,Unassigned,7,0,0,0.0,0.0,90026.0,0.0,0.0,7,18,0,0,18,6,,-11,0,0,-11,12
2020-09-24,US,Michigan,Van Buren,749,17,0,42.25190229,-86.01939087,26159.0,989.7326796781056,2.2696929238985315,732,744,17,0,727,743,75448,5,0,0,5,1
2020-09-24,US,Michigan,Washtenaw,3482,115,0,42.253105,-83.83853204,26161.0,947.222668055854,3.302699597932223,3367,3419,115,0,3304,3382,370963,63,0,0,63,37
2020-09-24,US,Michigan,Wayne,34759,2970,0,42.28098405,-83.281255,26163.0,1986.974538441003,8.544549613049858,31789,34582,2968,0,31614,34421,1753893,177,2,0,175,161
2020-09-24,US,Michigan,Wexford,123,4,0,44.33853602,-85.57712739,26165.0,365.73399542089135,3.2520325203252027,119,120,4,0,116,120,33466,3,0,0,3,0
2020-09-24,US,Minnesota,Aitkin,75,1,0,46.60962049,-93.41168259999999,27001.0,472.1138109026817,1.3333333333333333,74,74,1,0,73,76,15902,1,0,0,1,-2
2020-09-24,US,Minnesota,Anoka,5935,132,0,45.27476015,-93.24604565,27003.0,1662.8329518296764,2.2240943555181127,5803,5870,132,0,5738,5836,353813,65,0,0,65,34
2020-09-24,US,Minnesota,Becker,264,2,0,46.93479392,-95.67158144,27005.0,766.929088109694,0.7575757575757576,262,257,2,0,255,251,34371,7,0,0,7,6
2020-09-24,US,Minnesota,Beltrami,405,5,0,47.97373527,-94.93732139,27007.0,858.2690514537593,1.2345679012345678,400,388,5,0,383,380,46847,17,0,0,17,8
2020-09-24,US,Minnesota,Benton,530,3,0,45.69804958,-93.99514135,27009.0,1296.1921299126905,0.5660377358490566,527,522,3,0,519,517,40545,8,0,0,8,5
2020-09-24,US,Minnesota,Big Stone,76,0,0,45.42712824,-96.41403739,27011.0,1522.7409336806256,0.0,76,73,0,0,73,71,4989,3,0,0,3,2
2020-09-24,US,Minnesota,Blue Earth,1647,6,0,44.03554215,-94.06699781,27013.0,2434.4818411600368,0.3642987249544625,1641,1632,6,0,1626,1616,67427,15,0,0,15,16
2020-09-24,US,Minnesota,Brown,182,2,0,44.24205652,-94.72562874,27015.0,727.7671145233528,1.0989010989010992,180,182,2,0,180,181,25111,0,0,0,0,1
2020-09-24,US,Minnesota,Carlton,256,1,0,46.59180601,-92.67601019,27017.0,713.6684229600513,0.390625,255,246,1,0,245,246,35837,10,0,0,10,0
2020-09-24,US,Minnesota,Carver,1389,7,0,44.82017001,-93.80099179999999,27019.0,1321.7368135580318,0.503959683225342,1382,1375,7,0,1368,1365,103551,14,0,0,14,10
2020-09-24,US,Minnesota,Cass,159,3,0,46.95043611,-94.32603968,27021.0,533.9333087074784,1.8867924528301887,156,142,3,0,139,134,29519,17,0,0,17,8
2020-09-24,US,Minnesota,Chippewa,206,1,0,45.02343421,-95.56403693,27023.0,1745.7627118644068,0.4854368932038835,205,203,1,0,202,198,11924,3,0,0,3,5
2020-09-24,US,Minnesota,Chisago,471,1,0,45.5021011,-92.90861945,27025.0,832.4643418936356,0.21231422505307854,470,466,1,0,465,462,55922,5,0,0,5,4
2020-09-24,US,Minnesota,Clay,1340,40,0,46.89289518,-96.48761922,27027.0,2086.512410077544,2.985074626865672,1300,1316,40,0,1276,1288,63955,24,0,0,24,28
2020-09-24,US,Minnesota,Clearwater,27,0,0,47.57992111,-95.37790562,27029.0,306.1918802449535,0.0,27,26,0,0,26,26,8810,1,0,0,1,0
2020-09-24,US,Minnesota,Cook,6,0,0,47.90504893,-90.52629546,27031.0,109.82976386600771,0.0,6,6,0,0,6,6,5393,0,0,0,0,0
2020-09-24,US,Minnesota,Cottonwood,224,0,0,44.00715262,-95.18138802,27033.0,2000.7145409074674,0.0,224,219,0,0,219,219,11277,5,0,0,5,0
2020-09-24,US,Minnesota,Crow Wing,481,18,0,46.48096553,-94.06755609,27035.0,739.374375528399,3.7422037422037424,463,464,18,0,446,444,64889,17,0,0,17,20
2020-09-24,US,Minnesota,Dakota,7354,125,0,44.67172617,-93.06299363,27037.0,1714.135205502761,1.6997552352461245,7229,7280,125,0,7155,7250,425423,74,0,0,74,30
2020-09-24,US,Minnesota,Dodge,218,0,0,44.02238415,-92.86244324,27039.0,1041.3681092958825,0.0,218,214,0,0,214,209,20822,4,0,0,4,5
2020-09-24,US,Minnesota,Douglas,286,2,0,45.93348491,-95.45335469,27041.0,749.8492435961301,0.6993006993006993,284,278,2,0,276,267,37964,8,0,0,8,11
2020-09-24,US,Minnesota,Faribault,136,0,0,43.67381499,-93.94787458,27043.0,996.1180692888008,0.0,136,132,0,0,132,133,13758,4,0,0,4,-1
2020-09-24,US,Minnesota,Fillmore,111,0,0,43.67394126,-92.08980382,27045.0,526.8903973038401,0.0,111,111,0,0,111,110,21058,0,0,0,0,1
2020-09-24,US,Minnesota,Freeborn,532,3,0,43.67385583,-93.34884422,27047.0,1756.877249760576,0.5639097744360902,529,529,3,0,526,526,30444,3,0,0,3,3
2020-09-24,US,Minnesota,Goodhue,351,9,0,44.40849741,-92.72341949999999,27049.0,757.4449719464825,2.5641025641025643,342,344,9,0,335,340,46403,7,0,0,7,4
2020-09-24,US,Minnesota,Grant,59,4,0,45.93424769,-96.01139609,27051.0,987.9437374413933,6.779661016949151,55,59,4,0,55,59,6021,0,0,0,0,0
2020-09-24,US,Minnesota,Hennepin,26447,926,0,45.00761521,-93.47694895,27053.0,2089.2796342042416,3.5013423072560217,25521,26264,926,0,25338,26147,1259428,183,0,0,183,117
2020-09-24,US,Minnesota,Houston,121,0,0,43.67129565,-91.49143057,27055.0,650.5376344086021,0.0,121,117,0,0,117,115,18578,4,0,0,4,2
2020-09-24,US,Minnesota,Hubbard,94,1,0,47.10778564,-94.91693868,27057.0,437.39239681727236,1.0638297872340423,93,88,1,0,87,85,21332,6,0,0,6,3
2020-09-24,US,Minnesota,Isanti,279,0,0,45.56181234,-93.29487636,27059.0,687.2598285545372,0.0,279,271,0,0,271,268,39966,8,0,0,8,3
2020-09-24,US,Minnesota,Itasca,303,14,0,47.51009045,-93.63092229,27061.0,671.3937513848881,4.62046204620462,289,299,14,0,285,289,45108,4,0,0,4,10
2020-09-24,US,Minnesota,Jackson,141,1,0,43.67423373,-95.15398258,27063.0,1432.0536258379034,0.7092198581560284,140,137,1,0,136,136,9911,4,0,0,4,1
2020-09-24,US,Minnesota,Kanabec,117,8,0,45.9459309,-93.29275192,27065.0,716.165758707229,6.837606837606838,109,116,8,0,108,114,16207,1,0,0,1,2
2020-09-24,US,Minnesota,Kandiyohi,972,2,0,45.1526059,-95.00586446,27067.0,2250.0520845389933,0.20576131687242802,970,955,2,0,953,936,42855,17,0,0,17,19
2020-09-24,US,Minnesota,Kittson,12,0,0,48.77754106,-96.78317184,27069.0,279.1996277338297,0.0,12,12,0,0,12,12,4248,0,0,0,0,0
2020-09-24,US,Minnesota,Koochiching,121,3,0,48.24539665,-93.78352843,27071.0,989.4513042767192,2.479338842975207,118,117,3,0,114,110,12440,4,0,0,4,7
2020-09-24,US,Minnesota,Lac qui Parle,50,1,0,44.9973857,-96.17488219,27073.0,754.9448890231012,2.0,49,47,1,0,46,47,6658,3,0,0,3,0
2020-09-24,US,Minnesota,Lake,58,0,0,47.64270764,-91.44557998,27075.0,545.0615543651912,0.0,58,57,0,0,57,56,10658,1,0,0,1,1
2020-09-24,US,Minnesota,Lake of the Woods,21,1,0,48.77217001,-94.90274472,27077.0,561.4973262032087,4.761904761904762,20,21,1,0,20,21,3758,0,0,0,0,0
2020-09-24,US,Minnesota,Le Sueur,452,4,0,44.37136597,-93.72844721,27079.0,1564.717693079932,0.8849557522123894,448,446,4,0,442,446,28494,6,0,0,6,0
2020-09-24,US,Minnesota,Lincoln,108,0,0,44.41311883,-96.26688165,27081.0,1915.2331973754208,0.0,108,105,0,0,105,103,5673,3,0,0,3,2
2020-09-24,US,Minnesota,Lyon,667,4,0,44.41327865,-95.83806103,27083.0,2618.355970793751,0.5997001499250375,663,661,4,0,657,655,25629,6,0,0,6,6
2020-09-24,US,Minnesota,Mahnomen,46,1,0,47.32557075,-95.80921485,27087.0,832.2779084494299,2.1739130434782608,45,46,1,0,45,46,5519,0,0,0,0,0
2020-09-24,US,Minnesota,Marshall,50,1,0,48.35825983,-96.37017407,27089.0,535.5612682090831,2.0,49,50,1,0,49,50,9390,0,0,0,0,0
2020-09-24,US,Minnesota,Martin,372,10,0,43.67429718,-94.55099908,27091.0,1889.95579942082,2.6881720430107525,362,357,10,0,347,343,19785,15,0,0,15,14
2020-09-24,US,Minnesota,McLeod,475,2,0,44.82367677,-94.27287017,27085.0,1323.3778174017218,0.42105263157894735,473,470,2,0,468,461,35873,5,0,0,5,9
2020-09-24,US,Minnesota,Meeker,194,2,0,45.12328869,-94.52839455,27093.0,835.414692963569,1.0309278350515465,192,189,2,0,187,187,23141,5,0,0,5,2
2020-09-24,US,Minnesota,Mille Lacs,154,3,0,45.93705297,-93.63236823,27095.0,586.0638581268789,1.9480519480519483,151,153,3,0,150,152,26139,1,0,0,1,1
2020-09-24,US,Minnesota,Morrison,222,1,0,46.01265363,-94.27341528,27097.0,664.9493799796322,0.4504504504504505,221,216,1,0,215,213,33169,6,0,0,6,3
2020-09-24,US,Minnesota,Mower,1312,5,0,43.67142874,-92.75234549,27099.0,3274.923868004593,0.38109756097560976,1307,1308,5,0,1303,1301,40011,4,0,0,4,7
2020-09-24,US,Minnesota,Murray,158,2,0,44.02216709,-95.76328482,27101.0,1928.2401757383448,1.2658227848101269,156,156,2,0,154,155,8276,2,0,0,2,1
2020-09-24,US,Minnesota,Nicollet,521,16,0,44.35291112,-94.24710352,27103.0,1520.1027017564334,3.071017274472169,505,515,16,0,499,513,34220,6,0,0,6,2
2020-09-24,US,Minnesota,Nobles,1954,16,0,43.67434621,-95.75329576,27105.0,9034.167090480374,0.8188331627430911,1938,1943,16,0,1927,1938,21924,11,0,0,11,5
2020-09-24,US,Minnesota,Norman,53,0,0,47.32628443,-96.45620947,27107.0,831.3725490196077,0.0,53,52,0,0,52,52,6475,1,0,0,1,0
2020-09-24,US,Minnesota,Olmsted,2367,28,0,44.00374114,-92.40209944,27109.0,1495.328283625934,1.1829319814110688,2339,2346,27,0,2319,2329,156277,21,1,0,20,17
2020-09-24,US,Minnesota,Otter Tail,422,4,0,46.40846929,-95.70835255,27111.0,718.3467810574336,0.9478672985781992,418,407,4,0,403,402,58812,15,0,0,15,5
2020-09-24,US,Minnesota,Pennington,116,1,0,48.06642577,-96.0370814,27113.0,821.5879311565974,0.8620689655172413,115,115,1,0,114,113,14178,1,0,0,1,2
2020-09-24,US,Minnesota,Pine,309,0,0,46.12105238,-92.74070188,27115.0,1044.6600628824503,0.0,309,307,0,0,307,287,29483,2,0,0,2,20
2020-09-24,US,Minnesota,Pipestone,217,10,0,44.02301619,-96.25841142,27117.0,2377.8216085908393,4.6082949308755765,207,216,10,0,206,215,9047,1,0,0,1,1
2020-09-24,US,Minnesota,Polk,298,4,0,47.77372465,-96.40134647,27119.0,950.1339114908812,1.342281879194631,294,294,4,0,290,277,31529,4,0,0,4,17
2020-09-24,US,Minnesota,Pope,92,0,0,45.58606667,-95.44451209,27121.0,817.850475597831,0.0,92,90,0,0,90,89,11097,2,0,0,2,1
2020-09-24,US,Minnesota,Ramsey,10697,319,0,45.01625271,-93.09872295,27123.0,1943.7746333503535,2.9821445265027577,10378,10635,318,0,10317,10595,550210,62,1,0,61,40
2020-09-24,US,Minnesota,Red Lake,42,1,0,47.87197525,-96.09561104,27125.0,1035.7583230579532,2.380952380952381,41,40,1,0,39,38,3999,2,0,0,2,2
2020-09-24,US,Minnesota,Redwood,154,1,0,44.40555844,-95.25207021,27127.0,1015.161502966381,0.6493506493506493,153,151,1,0,150,144,15249,3,0,0,3,7
2020-09-24,US,Minnesota,Renville,142,7,0,44.72836381,-94.94553734,27129.0,976.0791861424252,4.929577464788731,135,136,7,0,129,136,14612,6,0,0,6,0
2020-09-24,US,Minnesota,Rice,1322,8,0,44.3543376,-93.29658715,27131.0,1973.959266559159,0.6051437216338881,1314,1311,8,0,1303,1309,66523,11,0,0,11,2
2020-09-24,US,Minnesota,Rock,164,0,0,43.67482683,-96.25296832,27133.0,1760.6011808910364,0.0,164,162,0,0,162,159,9414,2,0,0,2,3
2020-09-24,US,Minnesota,Roseau,117,0,0,48.77501878,-95.81079919,27135.0,771.5133531157269,0.0,117,117,0,0,117,117,15150,0,0,0,0,0
2020-09-24,US,Minnesota,Scott,2500,33,0,44.6490231,-93.53340251,27139.0,1677.7059719621775,1.32,2467,2487,33,0,2454,2473,147381,13,0,0,13,14
2020-09-24,US,Minnesota,Sherburne,1125,14,0,45.44447208,-93.77617511,27141.0,1156.95509985808,1.2444444444444445,1111,1114,14,0,1100,1109,96036,11,0,0,11,5
2020-09-24,US,Minnesota,Sibley,186,3,0,44.5796592,-94.23164924,27143.0,1251.2613521695255,1.6129032258064515,183,189,3,0,186,187,15028,-3,0,0,-3,2
2020-09-24,US,Minnesota,St. Louis,1480,39,0,47.604840700000004,-92.46879855,27137.0,743.4570754006129,2.6351351351351346,1441,1451,38,0,1413,1419,199754,29,1,0,28,32
2020-09-24,US,Minnesota,Stearns,3909,24,0,45.55192576,-94.61078221,27145.0,2426.819804438926,0.6139677666922486,3885,3865,24,0,3841,3833,159256,44,0,0,44,32
2020-09-24,US,Minnesota,Steele,533,2,0,44.02240351,-93.22627088,27147.0,1454.337089688668,0.37523452157598497,531,530,2,0,528,526,36803,3,0,0,3,4
2020-09-24,US,Minnesota,Stevens,94,1,0,45.58613007,-96.00163705,27149.0,958.694543600204,1.0638297872340423,93,94,1,0,93,93,9753,0,0,0,0,1
2020-09-24,US,Minnesota,Swift,127,1,0,45.2829032,-95.68264092,27151.0,1370.6022015972376,0.7874015748031497,126,123,1,0,122,123,9345,4,0,0,4,0
2020-09-24,US,Minnesota,Todd,487,2,0,46.06996226,-94.89785296,27153.0,1974.5377878689587,0.4106776180698152,485,483,2,0,481,481,24582,4,0,0,4,2
2020-09-24,US,Minnesota,Traverse,29,0,0,45.77298854,-96.47062949,27155.0,889.8435102792267,0.0,29,29,0,0,29,30,3308,0,0,0,0,-1
2020-09-24,US,Minnesota,Unassigned,150,52,0,0.0,0.0,90027.0,0.0,34.666666666666664,98,218,52,0,166,220,,-68,0,0,-68,-2
2020-09-24,US,Minnesota,Wabasha,183,0,0,44.28424356,-92.23121312,27157.0,846.1645165765016,0.0,183,180,0,0,180,181,21645,3,0,0,3,-1
2020-09-24,US,Minnesota,Wadena,67,0,0,46.58589171,-94.96968506,27159.0,489.6944891097793,0.0,67,67,0,0,67,67,13773,0,0,0,0,0
2020-09-24,US,Minnesota,Waseca,612,8,0,44.02211116,-93.58720034,27161.0,3288.2011605415864,1.30718954248366,604,566,8,0,558,550,18691,46,0,0,46,16
2020-09-24,US,Minnesota,Washington,3689,55,0,45.03864533,-92.88429635,27163.0,1405.654625819235,1.4909189482244511,3634,3652,55,0,3597,3627,259201,37,0,0,37,25
2020-09-24,US,Minnesota,Watonwan,516,4,0,43.97823903,-94.61413846,27165.0,4735.24823345875,0.7751937984496124,512,514,4,0,510,511,10980,2,0,0,2,3
2020-09-24,US,Minnesota,Wilkin,61,3,0,46.35721532,-96.4684375,27167.0,982.7613984211374,4.918032786885246,58,58,3,0,55,57,6254,3,0,0,3,1
2020-09-24,US,Minnesota,Winona,863,18,0,43.98772283,-91.78081305,27169.0,1709.4524998019174,2.085747392815759,845,855,18,0,837,853,50825,8,0,0,8,2
2020-09-24,US,Minnesota,Wright,1573,7,0,45.17297924,-93.96234781,27171.0,1136.7496043417618,0.4450095359186269,1566,1553,7,0,1546,1549,136349,20,0,0,20,4
2020-09-24,US,Minnesota,Yellow Medicine,175,2,0,44.71710183,-95.86842453,27173.0,1802.451333813987,1.1428571428571428,173,169,2,0,167,162,9795,6,0,0,6,7
2020-09-24,US,Mississippi,Adams,930,37,0,31.47669768,-91.35326037,28001.0,3030.0068419509334,3.9784946236559136,893,926,37,0,889,922,31192,4,0,0,4,4
2020-09-24,US,Mississippi,Alcorn,791,11,0,34.88084463,-88.57996173,28003.0,2140.556923659784,1.390644753476612,780,786,11,0,775,776,36925,5,0,0,5,10
2020-09-24,US,Mississippi,Amite,325,10,0,31.17467303,-90.80501621,28005.0,2642.9210376514598,3.0769230769230766,315,321,10,0,311,314,12326,4,0,0,4,7
2020-09-24,US,Mississippi,Attala,654,25,0,33.08658803,-89.57838564,28007.0,3598.547375371409,3.82262996941896,629,653,25,0,628,643,18365,1,0,0,1,10
2020-09-24,US,Mississippi,Benton,225,2,0,34.81681228,-89.18945516,28009.0,2724.3007628042137,0.8888888888888888,223,223,2,0,221,223,8271,2,0,0,2,0
2020-09-24,US,Mississippi,Bolivar,1823,66,0,33.79696941,-90.87372121,28011.0,5952.070001305994,3.620405924300604,1757,1813,66,0,1747,1797,31333,10,0,0,10,16
2020-09-24,US,Mississippi,Calhoun,513,12,0,33.93683395,-89.33686647,28013.0,3572.174639649049,2.3391812865497075,501,508,12,0,496,507,14436,5,0,0,5,1
2020-09-24,US,Mississippi,Carroll,315,12,0,33.44834567,-89.91994479,28015.0,3166.783954961295,3.809523809523809,303,314,12,0,302,314,9911,1,0,0,1,0
2020-09-24,US,Mississippi,Chickasaw,670,24,0,33.91983202,-88.9481545,28017.0,3917.4413845524177,3.582089552238806,646,667,24,0,643,662,17171,3,0,0,3,5
2020-09-24,US,Mississippi,Choctaw,181,6,0,33.34598242,-89.24809382,28019.0,2204.62850182704,3.3149171270718236,175,181,6,0,175,180,8278,0,0,0,0,1
2020-09-24,US,Mississippi,Claiborne,462,16,0,31.97061673,-90.90702196,28021.0,5140.186915887851,3.463203463203463,446,459,16,0,443,456,9002,3,0,0,3,3
2020-09-24,US,Mississippi,Clarke,581,45,0,32.04158545,-88.68896219999998,28023.0,3738.498166141175,7.7452667814113605,536,570,45,0,525,563,15604,11,0,0,11,7
2020-09-24,US,Mississippi,Clay,589,18,0,33.65358105,-88.77784255,28025.0,3049.285566369849,3.0560271646859083,571,585,18,0,567,582,19386,4,0,0,4,3
2020-09-24,US,Mississippi,Coahoma,1150,28,0,34.22772299,-90.60415045,28027.0,5197.975049719761,2.4347826086956523,1122,1144,28,0,1116,1136,22628,6,0,0,6,8
2020-09-24,US,Mississippi,Copiah,1171,33,0,31.86977774,-90.44565118,28029.0,4172.456796721895,2.8181041844577286,1138,1166,33,0,1133,1164,28543,5,0,0,5,2
2020-09-24,US,Mississippi,Covington,819,22,0,31.63225413,-89.55389939,28031.0,4394.719896973599,2.686202686202686,797,813,22,0,791,808,18853,6,0,0,6,5
2020-09-24,US,Mississippi,DeSoto,5521,59,0,34.87625235,-89.99091418,28033.0,2985.2118197301893,1.0686469842419852,5462,5477,59,0,5418,5448,182001,44,0,0,44,29
2020-09-24,US,Mississippi,Forrest,2455,71,0,31.18961454,-89.25832496,28035.0,3277.834893253401,2.8920570264765786,2384,2425,71,0,2354,2409,75036,30,0,0,30,16
2020-09-24,US,Mississippi,Franklin,192,3,0,31.47786634,-90.89672989,28037.0,2489.3037728510308,1.5625,189,192,3,0,189,191,7788,0,0,0,0,1
2020-09-24,US,Mississippi,George,765,13,0,30.86259065,-88.64436789,28039.0,3122.448979591837,1.699346405228758,752,759,13,0,746,755,24250,6,0,0,6,4
2020-09-24,US,Mississippi,Greene,366,17,0,31.21444233,-88.63922281,28041.0,2693.9496540556456,4.644808743169398,349,359,17,0,342,354,13586,7,0,0,7,5
2020-09-24,US,Mississippi,Grenada,1077,36,0,33.77036166,-89.80245083,28043.0,5188.361113787455,3.3426183844011144,1041,1072,36,0,1036,1068,21055,5,0,0,5,4
2020-09-24,US,Mississippi,Hancock,577,21,0,30.41830223,-89.48851033,28045.0,1211.3705072220355,3.639514731369151,556,572,21,0,551,569,47334,5,0,0,5,3
2020-09-24,US,Mississippi,Harrison,3829,73,0,30.51359752,-89.12467576,28047.0,1840.1576316801236,1.9065030033951424,3756,3805,73,0,3732,3780,206650,24,0,0,24,25
2020-09-24,US,Mississippi,Hinds,7063,159,0,32.2656285,-90.44435448,28049.0,3046.497584541063,2.251168058898485,6904,7032,159,0,6873,7017,237085,31,0,0,31,15
2020-09-24,US,Mississippi,Holmes,1095,58,0,33.12345854,-90.08923538,28051.0,6437.389770723104,5.296803652968038,1037,1095,58,0,1037,1094,17622,0,0,0,0,1
2020-09-24,US,Mississippi,Humphreys,376,15,0,33.12825718,-90.52252707,28053.0,4662.698412698413,3.98936170212766,361,375,15,0,360,374,8257,1,0,0,1,1
2020-09-24,US,Mississippi,Issaquena,104,3,0,32.72531359,-90.97392828,28055.0,7837.226827430294,2.8846153846153846,101,104,3,0,101,103,1308,0,0,0,0,1
2020-09-24,US,Mississippi,Itawamba,794,21,0,34.27993475,-88.3606733,28057.0,3394.6130825138953,2.6448362720403025,773,787,21,0,766,780,23517,7,0,0,7,7
2020-09-24,US,Mississippi,Jackson,3456,70,0,30.54020656,-88.64184064,28059.0,2406.4003565037565,2.0254629629629632,3386,3430,69,0,3361,3418,143277,26,1,0,25,12
2020-09-24,US,Mississippi,Jasper,568,15,0,32.01922104,-89.11786866,28061.0,3467.008484404566,2.640845070422535,553,562,15,0,547,559,16428,6,0,0,6,3
2020-09-24,US,Mississippi,Jefferson,244,9,0,31.73397872,-91.03764977,28063.0,3490.701001430615,3.6885245901639343,235,244,9,0,235,243,7106,0,0,0,0,1
2020-09-24,US,Mississippi,Jefferson Davis,339,11,0,31.56884708,-89.82670990000004,28065.0,3046.369518332135,3.2448377581120944,328,335,11,0,324,329,11234,4,0,0,4,6
2020-09-24,US,Mississippi,Jones,2468,79,0,31.62257767,-89.16896899999998,28067.0,3624.1886692707567,3.2009724473257704,2389,2452,79,0,2373,2438,68461,16,0,0,16,14
2020-09-24,US,Mississippi,Kemper,288,15,0,32.75462946,-88.64105766,28069.0,2956.271812769452,5.208333333333333,273,288,15,0,273,286,10027,0,0,0,0,2
2020-09-24,US,Mississippi,Lafayette,2154,39,0,34.35687874,-89.48490961,28071.0,3987.4858845961608,1.8105849582172704,2115,2137,39,0,2098,2116,54793,17,0,0,17,21
2020-09-24,US,Mississippi,Lamar,1675,34,0,31.20572971,-89.5077704,28073.0,2644.333233348594,2.029850746268657,1641,1655,34,0,1621,1639,62447,20,0,0,20,16
2020-09-24,US,Mississippi,Lauderdale,2044,125,0,32.40419769,-88.66229662,28075.0,2757.504215851602,6.1154598825831705,1919,2038,125,0,1913,2015,75317,6,0,0,6,23
2020-09-24,US,Mississippi,Lawrence,431,12,0,31.55147224,-90.10841127,28077.0,3424.4398538058167,2.7842227378190256,419,429,12,0,417,427,12455,2,0,0,2,2
2020-09-24,US,Mississippi,Leake,953,38,0,32.7536828,-89.52402044,28079.0,4182.392697270254,3.9874081846799583,915,946,38,0,908,941,22763,7,0,0,7,5
2020-09-24,US,Mississippi,Lee,2683,68,0,34.291877500000005,-88.68149954,28081.0,3140.3623765157545,2.5344763324636603,2615,2654,68,0,2586,2633,85202,29,0,0,29,21
2020-09-24,US,Mississippi,Leflore,1395,81,0,33.55545125,-90.29900733,28083.0,4949.792428059469,5.806451612903227,1314,1383,81,0,1302,1377,28919,12,0,0,12,6
2020-09-24,US,Mississippi,Lincoln,1083,53,0,31.53288662,-90.45391915,28085.0,3171.0245073639207,4.893813481071098,1030,1075,53,0,1022,1073,34205,8,0,0,8,2
2020-09-24,US,Mississippi,Lowndes,1526,58,0,33.47386518,-88.44191529999998,28087.0,2604.317774554143,3.800786369593709,1468,1449,58,0,1391,1412,58930,77,0,0,77,37
2020-09-24,US,Mississippi,Madison,3265,86,0,32.63389156,-90.03513564,28089.0,3072.305028605841,2.6339969372128635,3179,3233,86,0,3147,3218,105630,32,0,0,32,15
2020-09-24,US,Mississippi,Marion,857,35,0,31.23132643,-89.8209217,28091.0,3487.567655556912,4.0840140023337215,822,845,35,0,810,842,24715,12,0,0,12,3
2020-09-24,US,Mississippi,Marshall,1092,17,0,34.76216286,-89.50299462,28093.0,3094.010313367711,1.5567765567765568,1075,1085,16,0,1069,1080,35451,7,1,0,6,5
2020-09-24,US,Mississippi,Monroe,1221,68,0,33.89236763,-88.4808438,28095.0,3463.633269034381,5.569205569205568,1153,1207,68,0,1139,1199,35564,14,0,0,14,8
2020-09-24,US,Mississippi,Montgomery,459,20,0,33.49419589,-89.61729103,28097.0,4695.652173913043,4.357298474945534,439,458,20,0,438,458,10023,1,0,0,1,0
2020-09-24,US,Mississippi,Neshoba,1559,104,0,32.75339664,-89.11726492,28099.0,5354.076516244248,6.670942912123157,1455,1556,104,0,1452,1548,29125,3,0,0,3,8
2020-09-24,US,Mississippi,Newton,767,23,0,32.40021118,-89.11843336,28101.0,3649.2530212199067,2.9986962190352022,744,767,23,0,744,761,21443,0,0,0,0,6
2020-09-24,US,Mississippi,Noxubee,548,16,0,33.11009499,-88.56949061,28103.0,5260.631659786887,2.9197080291970803,532,546,16,0,530,545,10535,2,0,0,2,1
2020-09-24,US,Mississippi,Oktibbeha,1773,50,0,33.42491685,-88.87905132,28105.0,3575.5339100974047,2.820078962210942,1723,1763,50,0,1713,1759,49599,10,0,0,10,4
2020-09-24,US,Mississippi,Panola,1463,28,0,34.36398677,-89.95064249,28107.0,4278.7786616752455,1.9138755980861244,1435,1455,27,0,1428,1449,34178,8,1,0,7,6
2020-09-24,US,Mississippi,Pearl River,873,53,0,30.77090935,-89.58677275,28109.0,1571.9816332042856,6.0710194730813285,820,870,53,0,817,869,55387,3,0,0,3,1
2020-09-24,US,Mississippi,Perry,419,18,0,31.17161885,-88.99281835,28111.0,3499.540633091122,4.295942720763724,401,416,18,0,398,413,11931,3,0,0,3,3
2020-09-24,US,Mississippi,Pike,1230,50,0,31.17507789,-90.40392572,28113.0,3130.7269395235185,4.0650406504065035,1180,1224,50,0,1174,1217,39563,6,0,0,6,7
2020-09-24,US,Mississippi,Pontotoc,1259,16,0,34.226046000000004,-89.03636807,28115.0,3913.097532168832,1.2708498808578237,1243,1249,16,0,1233,1241,31833,10,0,0,10,8
2020-09-24,US,Mississippi,Prentiss,844,17,0,34.61810501,-88.51986294,28117.0,3359.070285759771,2.014218009478673,827,834,17,0,817,826,25315,10,0,0,10,8
2020-09-24,US,Mississippi,Quitman,372,5,0,34.25157572,-90.28908,28119.0,5477.031802120141,1.3440860215053765,367,373,5,0,368,375,7051,-1,0,0,-1,-2
2020-09-24,US,Mississippi,Rankin,3256,77,0,32.26469147,-89.94537876,28121.0,2096.9788305607613,2.3648648648648654,3179,3225,77,0,3148,3202,153902,31,0,0,31,23
2020-09-24,US,Mississippi,Scott,1173,27,0,32.406704100000006,-89.53789439,28123.0,4170.8149623097715,2.301790281329924,1146,1171,26,0,1145,1168,28287,2,1,0,1,3
2020-09-24,US,Mississippi,Sharkey,265,13,0,32.88149103,-90.81595379999999,28125.0,6132.839620458228,4.90566037735849,252,265,13,0,252,263,4377,0,0,0,0,2
2020-09-24,US,Mississippi,Simpson,1025,44,0,31.91282117,-89.91716179,28127.0,3844.999624878085,4.2926829268292686,981,1018,44,0,974,1015,26758,7,0,0,7,3
2020-09-24,US,Mississippi,Smith,531,14,0,32.01744532,-89.50644846,28129.0,3336.265393314903,2.6365348399246704,517,529,14,0,515,526,16002,2,0,0,2,3
2020-09-24,US,Mississippi,Stone,370,12,0,30.79187949,-89.11547539,28131.0,2017.8883071553228,3.2432432432432434,358,365,12,0,353,360,18717,5,0,0,5,5
2020-09-24,US,Mississippi,Sunflower,1445,46,0,33.60192578,-90.58882684,28133.0,5754.679410593389,3.1833910034602075,1399,1439,46,0,1393,1429,25735,6,0,0,6,10
2020-09-24,US,Mississippi,Tallahatchie,763,21,0,33.95339918,-90.1729398,28135.0,5525.381997248172,2.7522935779816518,742,764,21,0,743,762,13987,-1,0,0,-1,2
2020-09-24,US,Mississippi,Tate,976,37,0,34.65133709,-89.94485778,28137.0,3446.2059955510044,3.790983606557377,939,962,37,0,925,958,28759,14,0,0,14,4
2020-09-24,US,Mississippi,Tippah,665,17,0,34.76872156,-88.90988194,28139.0,3020.6677265500794,2.556390977443609,648,654,17,0,637,650,21995,11,0,0,11,4
2020-09-24,US,Mississippi,Tishomingo,672,38,0,34.74023475,-88.23917219,28141.0,3466.955579631636,5.654761904761906,634,667,38,0,629,665,19454,5,0,0,5,2
2020-09-24,US,Mississippi,Tunica,483,13,0,34.64967704,-90.37481167,28143.0,5014.5348837209285,2.691511387163561,470,482,13,0,469,481,9944,1,0,0,1,1
2020-09-24,US,Mississippi,Union,993,24,0,34.49162015,-89.00776006,28145.0,3446.1218115564807,2.416918429003021,969,988,24,0,964,983,28606,5,0,0,5,5
2020-09-24,US,Mississippi,Walthall,598,25,0,31.14971548,-90.10446654,28147.0,4185.916281674367,4.180602006688964,573,595,25,0,570,595,14465,3,0,0,3,0
2020-09-24,US,Mississippi,Warren,1402,50,0,32.35810271,-90.83352619,28149.0,3089.3986470108634,3.5663338088445085,1352,1384,50,0,1334,1382,46176,18,0,0,18,2
2020-09-24,US,Mississippi,Washington,2219,72,0,33.28392041,-90.94196237,28151.0,5053.633651415427,3.2447048219918884,2147,2197,72,0,2125,2186,45063,22,0,0,22,11
2020-09-24,US,Mississippi,Wayne,894,21,0,31.64135687,-88.69573913,28153.0,4429.470346331072,2.348993288590604,873,888,21,0,867,877,20298,6,0,0,6,11
2020-09-24,US,Mississippi,Webster,336,13,0,33.61300486,-89.28392912,28155.0,3467.850139333265,3.8690476190476186,323,333,13,0,320,332,9788,3,0,0,3,1
2020-09-24,US,Mississippi,Wilkinson,303,18,0,31.16078225,-91.31018819,28157.0,3511.0081112398607,5.9405940594059405,285,302,18,0,284,301,8792,1,0,0,1,1
2020-09-24,US,Mississippi,Winston,737,19,0,33.08747908,-89.03391385,28159.0,4104.7062099693685,2.5780189959294435,718,735,19,0,716,731,18165,2,0,0,2,4
2020-09-24,US,Mississippi,Yalobusha,428,14,0,34.02824175,-89.70762049999998,28161.0,3534.8529897588373,3.2710280373831777,414,423,14,0,409,419,12392,5,0,0,5,4
2020-09-24,US,Mississippi,Yazoo,1055,30,0,32.77890365,-90.39656148,28163.0,3553.384978107107,2.8436018957345968,1025,1046,30,0,1016,1041,28248,9,0,0,9,5
2020-09-24,US,Missouri,Adair,330,0,0,40.19058551,-92.60078167,29001.0,1302.1347117547252,0.0,330,326,0,0,326,322,25339,4,0,0,4,4
2020-09-24,US,Missouri,Andrew,241,2,0,39.98492163,-94.80163024,29003.0,1360.6594399277326,0.8298755186721992,239,238,2,0,236,230,17607,3,0,0,3,8
2020-09-24,US,Missouri,Atchison,51,0,0,40.43238737,-95.42970639,29005.0,991.639121135524,0.0,51,50,0,0,50,44,5171,1,0,0,1,6
2020-09-24,US,Missouri,Audrain,416,2,0,39.215877,-91.84242683,29007.0,1638.5694028674966,0.4807692307692308,414,413,2,0,411,411,25473,3,0,0,3,2
2020-09-24,US,Missouri,Barry,461,6,0,36.70978521,-93.82919888,29009.0,1288.1052837464024,1.3015184381778742,455,460,6,0,454,452,35886,1,0,0,1,8
2020-09-24,US,Missouri,Barton,178,0,0,37.50207671,-94.34757022,29011.0,1514.3780840564914,0.0,178,178,0,0,178,175,11798,0,0,0,0,3
2020-09-24,US,Missouri,Bates,104,2,0,38.25271289,-94.34113157,29013.0,643.0868167202573,1.9230769230769231,102,101,2,0,99,101,16320,3,0,0,3,0
2020-09-24,US,Missouri,Benton,289,3,0,38.29503305,-93.28756116,29015.0,1486.3961322841126,1.038062283737024,286,275,3,0,272,251,19278,14,0,0,14,24
2020-09-24,US,Missouri,Bollinger,333,1,0,37.32449052,-90.02725304,29017.0,2744.5808950795354,0.3003003003003003,332,322,1,0,321,317,12169,11,0,0,11,5
2020-09-24,US,Missouri,Boone,4548,8,0,38.99186229,-92.30723575,29019.0,2520.1841928816434,0.1759014951627089,4540,4504,8,0,4496,4466,180005,44,0,0,44,38
2020-09-24,US,Missouri,Buchanan,1867,15,0,39.65816401,-94.80138942,29021.0,2137.035850006868,0.8034279592929834,1852,1834,15,0,1819,1805,88571,33,0,0,33,29
2020-09-24,US,Missouri,Butler,617,6,0,36.71462476,-90.40421163,29023.0,1452.5165968265924,0.9724473257698542,611,610,6,0,604,583,42639,7,0,0,7,27
2020-09-24,US,Missouri,Caldwell,82,1,0,39.65620858,-93.98308093,29025.0,909.0909090909092,1.2195121951219512,81,79,1,0,78,78,9108,3,0,0,3,1
2020-09-24,US,Missouri,Callaway,618,2,0,38.83674754,-91.92186505,29027.0,1381.2216436090564,0.32362459546925565,616,602,2,0,600,589,44889,16,0,0,16,13
2020-09-24,US,Missouri,Camden,902,10,0,38.02199522,-92.76083747,29029.0,1947.9537846884787,1.1086474501108647,892,884,10,0,874,863,45815,18,0,0,18,21
2020-09-24,US,Missouri,Cape Girardeau,1620,12,0,37.38489388,-89.6843587,29031.0,2053.986889984912,0.7407407407407407,1608,1588,12,0,1576,1548,78753,32,0,0,32,40
2020-09-24,US,Missouri,Carroll,138,1,0,39.42762566,-93.50626255,29033.0,1590.0449360525406,0.7246376811594203,137,137,1,0,136,136,8743,1,0,0,1,1
2020-09-24,US,Missouri,Carter,93,1,0,36.94160441,-90.96051322,29035.0,1554.6639919759275,1.075268817204301,92,87,1,0,86,83,6054,6,0,0,6,4
2020-09-24,US,Missouri,Cass,1457,22,0,38.64789422,-94.353399,29037.0,1377.3870296842506,1.5099519560741248,1435,1434,23,0,1411,1420,104954,23,-1,0,24,14
2020-09-24,US,Missouri,Cedar,102,0,0,37.72391475,-93.85445441,29039.0,710.8509303784233,0.0,102,95,0,0,95,91,14165,7,0,0,7,4
2020-09-24,US,Missouri,Chariton,47,0,0,39.51499357,-92.9629191,29041.0,632.9113924050632,0.0,47,44,0,0,44,44,7451,3,0,0,3,0
2020-09-24,US,Missouri,Christian,1344,5,0,36.9711783,-93.18537118,29043.0,1517.0156329363958,0.3720238095238095,1339,1314,5,0,1309,1279,86983,30,0,0,30,35
2020-09-24,US,Missouri,Clark,61,0,0,40.41040752,-91.73661677,29045.0,897.4547594526997,0.0,61,61,0,0,61,61,6842,0,0,0,0,0
2020-09-24,US,Missouri,Clay,1773,41,0,39.31132056,-94.41850862,29047.0,709.3475442892122,2.3124647490129724,1732,1760,41,0,1719,1743,246365,13,0,0,13,17
2020-09-24,US,Missouri,Clinton,221,0,0,39.6013098,-94.40465394,29049.0,1084.024133025948,0.0,221,210,0,0,210,206,20470,11,0,0,11,4
2020-09-24,US,Missouri,Cole,1481,11,0,38.50455671,-92.27860244,29051.0,1929.7674115577563,0.7427413909520594,1470,1434,11,0,1423,1398,76796,47,0,0,47,36
2020-09-24,US,Missouri,Cooper,410,2,0,38.844478,-92.80896081,29053.0,2315.2069569145638,0.4878048780487805,408,404,2,0,402,389,17603,6,0,0,6,15
2020-09-24,US,Missouri,Crawford,388,4,0,37.97663738,-91.30528104,29055.0,1622.0735785953175,1.0309278350515465,384,369,4,0,365,362,23957,19,0,0,19,7
2020-09-24,US,Missouri,Dade,56,0,0,37.431814,-93.8503345,29057.0,740.6427721200902,0.0,56,54,0,0,54,52,7569,2,0,0,2,2
2020-09-24,US,Missouri,Dallas,185,1,0,37.681135499999996,-93.02127031,29059.0,1096.1014338191728,0.5405405405405406,184,182,1,0,181,180,16762,3,0,0,3,2
2020-09-24,US,Missouri,Daviess,106,1,0,39.96145298,-93.98519678,29061.0,1280.5025368446484,0.9433962264150944,105,98,1,0,97,94,8313,8,0,0,8,4
2020-09-24,US,Missouri,DeKalb,127,2,0,39.89201062,-94.40476508,29063.0,1012.194149996015,1.5748031496062993,125,126,2,0,124,123,12630,1,0,0,1,3
2020-09-24,US,Missouri,Dent,139,1,0,37.60663134,-91.50790473,29065.0,892.5704745392668,0.7194244604316546,138,132,1,0,131,129,15441,7,0,0,7,3
2020-09-24,US,Missouri,Douglas,178,3,0,36.9325593,-92.49905109,29067.0,1350.0189609404624,1.6853932584269662,175,174,3,0,171,169,13373,4,0,0,4,5
2020-09-24,US,Missouri,Dunklin,769,7,0,36.27167174,-90.09122243,29069.0,2639.7995262778477,0.9102730819245772,762,764,7,0,757,751,29423,5,0,0,5,13
2020-09-24,US,Missouri,Franklin,1642,28,0,38.41127108,-91.07522826,29071.0,1579.3472928910135,1.705237515225335,1614,1610,28,0,1582,1573,103670,32,0,0,32,37
2020-09-24,US,Missouri,Gasconade,157,18,0,38.43947277,-91.50847147,29073.0,1067.591459268326,11.46496815286624,139,158,18,0,140,157,14705,-1,0,0,-1,1
2020-09-24,US,Missouri,Gentry,118,9,0,40.21097916,-94.40944419,29075.0,1795.7692893014762,7.627118644067798,109,121,9,0,112,117,6628,-3,0,0,-3,4
2020-09-24,US,Missouri,Greene,5807,25,0,37.2575872,-93.34230916,29077.0,1981.329712098156,0.4305148958153952,5782,5701,24,0,5677,5597,291923,106,1,0,105,104
2020-09-24,US,Missouri,Grundy,179,3,0,40.11406587,-93.56509276,29079.0,1817.2588832487309,1.675977653631285,176,181,3,0,178,173,9914,-2,0,0,-2,8
2020-09-24,US,Missouri,Harrison,106,1,0,40.35570088,-93.99222144,29081.0,1269.1570881226053,0.9433962264150944,105,103,1,0,102,101,8414,3,0,0,3,2
2020-09-24,US,Missouri,Henry,184,4,0,38.38482826,-93.79293734,29083.0,843.1085043988271,2.1739130434782608,180,178,4,0,174,167,21792,6,0,0,6,11
2020-09-24,US,Missouri,Hickory,89,2,0,37.94163617,-93.3203037,29085.0,932.5230511316008,2.247191011235955,87,88,2,0,86,88,9509,1,0,0,1,0
2020-09-24,US,Missouri,Holt,75,1,0,40.09799248,-95.21638879999999,29087.0,1703.384056325233,1.3333333333333333,74,75,1,0,74,75,4404,0,0,0,0,0
2020-09-24,US,Missouri,Howard,169,2,0,39.1435761,-92.69756691,29089.0,1689.8310168983105,1.183431952662722,167,167,2,0,165,165,10137,2,0,0,2,2
2020-09-24,US,Missouri,Howell,578,3,0,36.77383887,-91.88683935,29091.0,1440.7857018221698,0.5190311418685121,575,556,3,0,553,541,40076,22,0,0,22,15
2020-09-24,US,Missouri,Iron,59,0,0,37.55487945,-90.7735296,29093.0,582.7160493827159,0.0,59,57,0,0,57,54,10177,2,0,0,2,3
2020-09-24,US,Missouri,Jackson,7064,92,0,39.01002188,-94.34724536,29095.0,1037.1103723839317,1.3023782559456398,6972,7064,92,0,6972,7064,700307,0,0,0,0,0
2020-09-24,US,Missouri,Jasper,3685,49,0,37.20351921,-94.34050458,29097.0,3037.2214163259923,1.3297150610583446,3636,3634,48,0,3586,3590,120636,51,1,0,50,44
2020-09-24,US,Missouri,Jefferson,4054,57,0,38.25926778,-90.53870896,29099.0,1801.1293712041445,1.4060187469166257,3997,4021,57,0,3964,3950,224347,33,0,0,33,71
2020-09-24,US,Missouri,Johnson,1065,4,0,38.74719601,-93.80691168,29101.0,1969.9604158188747,0.3755868544600939,1061,1046,4,0,1042,1020,53652,19,0,0,19,26
2020-09-24,US,Missouri,Kansas City,10909,123,0,39.0997,-94.5786,0.0,2231.139417069065,1.127509395911633,10786,10823,122,0,10701,10710,491918,86,1,0,85,113
2020-09-24,US,Missouri,Knox,50,1,0,40.12699751,-92.14780832,29103.0,1262.945188178833,2.0,49,49,1,0,48,49,3947,1,0,0,1,0
2020-09-24,US,Missouri,Laclede,595,4,0,37.65896829,-92.5888493,29105.0,1665.5935951627805,0.6722689075630253,591,584,4,0,580,572,35713,11,0,0,11,12
2020-09-24,US,Missouri,Lafayette,489,2,0,39.06986886,-93.78076396,29107.0,1495.0470832823773,0.40899795501022496,487,486,2,0,484,476,32598,3,0,0,3,10
2020-09-24,US,Missouri,Lawrence,584,2,0,37.10626634,-93.83293097,29109.0,1522.6176508929736,0.3424657534246575,582,571,2,0,569,555,38359,13,0,0,13,16
2020-09-24,US,Missouri,Lewis,82,2,0,40.09673161,-91.72070156,29111.0,838.7888707037644,2.4390243902439024,80,81,2,0,79,77,9855,1,0,0,1,4
2020-09-24,US,Missouri,Lincoln,738,3,0,39.05345619,-90.95588181,29113.0,1250.5719078847035,0.4065040650406504,735,733,3,0,730,722,57686,5,0,0,5,11
2020-09-24,US,Missouri,Linn,72,1,0,39.87001769,-93.10704106,29115.0,604.0268456375837,1.3888888888888888,71,67,1,0,66,63,12037,5,0,0,5,4
2020-09-24,US,Missouri,Livingston,396,1,0,39.78110272,-93.54645978,29117.0,2600.6435936166017,0.2525252525252525,395,391,1,0,390,388,15146,5,0,0,5,3
2020-09-24,US,Missouri,Macon,153,0,0,39.83049768,-92.56453089,29121.0,1012.1055765032744,0.0,153,149,0,0,149,146,15153,4,0,0,4,3
2020-09-24,US,Missouri,Madison,288,0,0,37.47865134,-90.34671429999999,29123.0,2382.528127068167,0.0,288,285,0,0,285,284,12188,3,0,0,3,1
2020-09-24,US,Missouri,Maries,75,0,0,38.16193985,-91.92249662,29125.0,862.3663332183513,0.0,75,74,0,0,74,72,8769,1,0,0,1,2
2020-09-24,US,Missouri,Marion,649,14,0,39.80601912,-91.62203062,29127.0,2274.7984577637576,2.157164869029276,635,643,14,0,629,634,28592,6,0,0,6,9
2020-09-24,US,Missouri,McDonald,1051,11,0,36.62869595,-94.34867205,29119.0,4602.18067171695,1.0466222645099903,1040,1052,11,0,1041,1049,23078,-1,0,0,-1,3
2020-09-24,US,Missouri,Mercer,28,0,0,40.42212303,-93.56829590000001,29129.0,774.1222007188278,0.0,28,28,0,0,28,28,3641,0,0,0,0,0
2020-09-24,US,Missouri,Miller,475,1,0,38.21450288,-92.42610898,29131.0,1854.0926655997503,0.21052631578947367,474,463,1,0,462,454,25336,12,0,0,12,9
2020-09-24,US,Missouri,Mississippi,292,3,0,36.82516239,-89.29505753,29133.0,2215.4779969650986,1.0273972602739727,289,291,3,0,288,289,13336,1,0,0,1,2
2020-09-24,US,Missouri,Moniteau,295,4,0,38.63571781,-92.57976951,29135.0,1828.663525911232,1.3559322033898304,291,289,4,0,285,281,16121,6,0,0,6,8
2020-09-24,US,Missouri,Monroe,87,0,0,39.49593978,-92.00043978,29137.0,1006.478482184174,0.0,87,86,0,0,86,86,8664,1,0,0,1,0
2020-09-24,US,Missouri,Montgomery,82,1,0,38.94022054,-91.47000721,29139.0,709.8952471647476,1.2195121951219512,81,82,1,0,81,83,11534,0,0,0,0,-1
2020-09-24,US,Missouri,Morgan,320,1,0,38.4181765,-92.88791859,29141.0,1551.364716148737,0.3125,319,315,1,0,314,306,20358,5,0,0,5,9
2020-09-24,US,Missouri,New Madrid,516,16,0,36.59666326,-89.66070007,29143.0,3021.784961349262,3.1007751937984502,500,511,16,0,495,509,17296,5,0,0,5,2
2020-09-24,US,Missouri,Newton,1431,14,0,36.90519407,-94.3394104,29145.0,2457.242942509788,0.9783368273934312,1417,1407,14,0,1393,1379,58266,24,0,0,24,28
2020-09-24,US,Missouri,Nodaway,738,9,0,40.36079813,-94.88133008,29147.0,3340.5757740358504,1.2195121951219512,729,729,9,0,720,726,22304,9,0,0,9,3
2020-09-24,US,Missouri,Oregon,110,0,0,36.68710164,-91.4033755,29149.0,1044.7335929338021,0.0,110,102,0,0,102,101,10541,8,0,0,8,1
2020-09-24,US,Missouri,Osage,145,2,0,38.46036182,-91.8613635,29151.0,1065.0018362100625,1.3793103448275863,143,136,2,0,134,128,13714,9,0,0,9,8
2020-09-24,US,Missouri,Ozark,121,0,0,36.64916339,-92.44459066,29153.0,1318.9448441247002,0.0,121,117,0,0,117,117,9017,4,0,0,4,0
2020-09-24,US,Missouri,Pemiscot,499,9,0,36.2130572,-89.78742322,29155.0,3157.2287250869977,1.8036072144288575,490,497,9,0,488,486,16272,2,0,0,2,11
2020-09-24,US,Missouri,Perry,614,6,0,37.70660776,-89.82741088,29157.0,3208.6120401337794,0.977198697068404,608,610,4,0,606,605,19150,4,2,0,2,5
2020-09-24,US,Missouri,Pettis,1077,11,0,38.72798918,-93.28471706,29159.0,2543.7539856869557,1.021355617455896,1066,1065,10,0,1055,1043,42542,12,1,0,11,22
2020-09-24,US,Missouri,Phelps,451,8,0,37.87736118,-91.79351727,29161.0,1011.8233011015635,1.7738359201773837,443,440,7,0,433,419,44732,11,1,0,10,21
2020-09-24,US,Missouri,Pike,234,3,0,39.34310674,-91.16980779,29163.0,1278.548792481696,1.2820512820512822,231,233,3,0,230,229,18504,1,0,0,1,4
2020-09-24,US,Missouri,Platte,669,10,0,39.38154439,-94.77068479,29165.0,640.694133195426,1.4947683109118086,659,656,10,0,646,643,102985,13,0,0,13,13
2020-09-24,US,Missouri,Polk,537,3,0,37.616229600000004,-93.39828174,29167.0,1670.3474447105664,0.5586592178770949,534,503,3,0,500,493,32201,34,0,0,34,10
2020-09-24,US,Missouri,Pulaski,632,5,0,37.82462075,-92.20783203,29169.0,1201.361035603627,0.7911392405063291,627,612,5,0,607,590,52014,20,0,0,20,22
2020-09-24,US,Missouri,Putnam,33,1,0,40.47942497,-93.02042674,29171.0,702.725724020443,3.0303030303030303,32,33,1,0,32,32,4757,0,0,0,0,1
2020-09-24,US,Missouri,Ralls,145,0,0,39.52817427,-91.51838643,29173.0,1406.5379765253665,0.0,145,145,0,0,145,144,10212,0,0,0,0,1
2020-09-24,US,Missouri,Randolph,231,3,0,39.44007257,-92.49713740000001,29175.0,933.4087603038628,1.2987012987012987,228,227,3,0,224,224,24763,4,0,0,4,3
2020-09-24,US,Missouri,Ray,161,0,0,39.353746799999996,-93.98905745,29177.0,699.4526023112347,0.0,161,159,0,0,159,158,22883,2,0,0,2,1
2020-09-24,US,Missouri,Reynolds,39,0,0,37.36085952,-90.97009925,29179.0,622.0095693779904,0.0,39,38,0,0,38,37,6254,1,0,0,1,1
2020-09-24,US,Missouri,Ripley,157,0,0,36.65460667,-90.85990261,29181.0,1181.5171583383506,0.0,157,153,1,0,152,145,13401,4,-1,0,5,8
2020-09-24,US,Missouri,Saline,704,9,0,39.13734288,-93.20259964,29195.0,3093.0099731997716,1.2784090909090908,695,693,9,0,684,676,22895,11,0,0,11,17
2020-09-24,US,Missouri,Schuyler,22,0,0,40.46921489,-92.52311943,29197.0,472.1030042918455,0.0,22,22,0,0,22,22,4599,0,0,0,0,0
2020-09-24,US,Missouri,Scotland,31,1,0,40.45214695,-92.14709064,29199.0,632.3949408404733,3.2258064516129035,30,31,1,0,30,29,4966,0,0,0,0,2
2020-09-24,US,Missouri,Scott,846,16,0,37.05588075,-89.56474493,29201.0,2210.0313479623824,1.8912529550827424,830,837,16,0,821,827,38458,9,0,0,9,10
2020-09-24,US,Missouri,Shannon,93,1,0,37.15772072,-91.40190382,29203.0,1138.868479059515,1.075268817204301,92,89,1,0,88,87,8189,4,0,0,4,2
2020-09-24,US,Missouri,Shelby,63,1,0,39.79742518,-92.07634971,29205.0,1062.3946037099497,1.5873015873015872,62,61,1,0,60,60,6050,2,0,0,2,1
2020-09-24,US,Missouri,St. Charles,7459,115,0,38.77875681,-90.66662425,29183.0,1855.37109909408,1.5417616302453412,7344,7399,115,0,7284,7321,399182,60,0,0,60,78
2020-09-24,US,Missouri,St. Clair,64,0,0,38.03699437,-93.77631447,29185.0,681.068426093434,0.0,64,57,0,0,57,47,9395,7,0,0,7,10
2020-09-24,US,Missouri,St. Francois,1973,9,0,37.81214171,-90.47598685,29187.0,2935.3566912147585,0.456158134820071,1964,1959,9,0,1950,1949,66692,14,0,0,14,10
2020-09-24,US,Missouri,St. Louis,23427,795,0,38.63770039999999,-90.4458375,29189.0,2356.355077675127,3.3935202970930978,22632,23297,788,0,22509,23137,996945,130,7,0,123,160
2020-09-24,US,Missouri,St. Louis City,6964,196,0,38.63555736,-90.24349225,29510.0,2316.8849142978816,2.8144744399770247,6768,6934,195,0,6739,6886,302838,30,1,0,29,48
2020-09-24,US,Missouri,Ste. Genevieve,192,1,0,37.89090059,-90.1949941,29186.0,1072.9853582206326,0.5208333333333334,191,187,1,0,186,183,17888,5,0,0,5,4
2020-09-24,US,Missouri,Stoddard,484,12,0,36.85571651,-89.9444155,29207.0,1667.5279931093885,2.479338842975207,472,478,12,0,466,466,29206,6,0,0,6,12
2020-09-24,US,Missouri,Stone,430,4,0,36.75000327,-93.45256475,29209.0,1345.7686529794694,0.9302325581395348,426,418,4,0,414,406,31749,12,0,0,12,12
2020-09-24,US,Missouri,Sullivan,185,0,0,40.2099105,-93.11150106,29211.0,3038.265725078009,0.0,185,185,0,0,185,185,6221,0,0,0,0,0
2020-09-24,US,Missouri,Taney,1172,31,0,36.65465345,-93.04075153,29213.0,2095.551423258475,2.6450511945392488,1141,1157,31,0,1126,1142,55852,15,0,0,15,15
2020-09-24,US,Missouri,Texas,305,2,0,37.31728859,-91.96564727,29215.0,1200.8819592093867,0.6557377049180327,303,298,2,0,296,280,25571,7,0,0,7,18
2020-09-24,US,Missouri,Vernon,169,1,0,37.8457799,-94.34127305,29217.0,821.8645139327919,0.591715976331361,168,167,1,0,166,162,20528,2,0,0,2,5
2020-09-24,US,Missouri,Warren,464,0,0,38.76529479,-91.16124662,29219.0,1301.57928693652,0.0,464,460,0,0,460,451,34711,4,0,0,4,9
2020-09-24,US,Missouri,Washington,376,10,0,37.96130078,-90.87948158,29221.0,1520.4205418520016,2.6595744680851063,366,367,10,0,357,342,24943,9,0,0,9,25
2020-09-24,US,Missouri,Wayne,205,0,0,37.11303869,-90.46001416,29223.0,1592.480385302571,0.0,205,200,0,0,200,192,13122,5,0,0,5,8
2020-09-24,US,Missouri,Webster,607,3,0,37.2813734,-92.876329,29225.0,1533.1380076783194,0.4942339373970346,604,593,3,0,590,575,39109,14,0,0,14,18
2020-09-24,US,Missouri,Worth,20,0,0,40.47945588,-94.42328751,29227.0,993.5419771485347,0.0,20,20,0,0,20,19,2040,0,0,0,0,1
2020-09-24,US,Missouri,Wright,293,0,0,37.27029221,-92.46914488,29229.0,1602.0558805839576,0.0,293,278,0,0,278,259,18378,15,0,0,15,19
2020-09-24,US,Montana,Beaverhead,81,1,0,45.13434354,-112.89846940000001,30001.0,856.8708346556648,1.2345679012345678,80,78,1,0,77,77,9404,3,0,0,3,1
2020-09-24,US,Montana,Big Horn,873,22,0,45.42335905,-107.492347,30003.0,6554.546137097379,2.520045819014891,851,866,22,0,844,857,13338,7,0,0,7,9
2020-09-24,US,Montana,Blaine,21,0,0,48.43175214,-108.9582723,30005.0,314.3242029636282,0.0,21,21,0,0,21,16,6807,0,0,0,0,5
2020-09-24,US,Montana,Broadwater,17,0,0,46.33277565,-111.49558130000001,30007.0,272.5669392336059,0.0,17,17,0,0,17,17,6085,0,0,0,0,0
2020-09-24,US,Montana,Carbon,115,0,0,45.22850116,-109.0274047,30009.0,1072.2610722610723,0.0,115,115,0,0,115,112,10714,0,0,0,0,3
2020-09-24,US,Montana,Carter,3,0,0,45.5197966,-104.53955359999999,30011.0,239.6166134185304,0.0,3,,,,,,1238,,,,,
2020-09-24,US,Montana,Cascade,643,5,0,47.30797024,-111.3467922,30013.0,790.2563724405771,0.7776049766718507,638,624,5,0,619,603,81643,19,0,0,19,21
2020-09-24,US,Montana,Chouteau,28,0,0,47.88084126,-110.4353362,30015.0,496.89440993788816,0.0,28,26,0,0,26,18,5745,2,0,0,2,8
2020-09-24,US,Montana,Custer,111,2,0,46.25319932,-105.57375259999998,30017.0,973.513418698474,1.8018018018018016,109,110,2,0,108,104,11586,1,0,0,1,6
2020-09-24,US,Montana,Daniels,5,0,0,48.78420029,-105.54763429999998,30019.0,295.8579881656805,0.0,5,5,0,0,5,4,1747,0,0,0,0,1
2020-09-24,US,Montana,Dawson,76,1,0,47.26584855,-104.89444170000002,30021.0,882.3870892836411,1.3157894736842106,75,76,1,0,75,75,8680,0,0,0,0,1
2020-09-24,US,Montana,Deer Lodge,114,0,0,46.05953325,-113.073353,30023.0,1247.2647702407005,0.0,114,114,0,0,114,113,9131,0,0,0,0,1
2020-09-24,US,Montana,Fallon,5,0,0,46.33478338,-104.41835649999999,30025.0,175.68517217146874,0.0,5,5,0,0,5,5,2920,0,0,0,0,0
2020-09-24,US,Montana,Fergus,63,1,0,47.26331584,-109.2245206,30027.0,570.1357466063348,1.5873015873015872,62,60,1,0,59,58,11113,3,0,0,3,2
2020-09-24,US,Montana,Flathead,934,16,0,48.29575866,-114.05205690000001,30029.0,899.7553127950215,1.7130620985010707,918,923,16,0,907,903,102106,11,0,0,11,20
2020-09-24,US,Montana,Gallatin,1282,4,0,45.54486106,-111.1692571,30031.0,1120.2964154010174,0.31201248049922,1278,1247,4,0,1243,1234,111876,35,0,0,35,13
2020-09-24,US,Montana,Garfield,17,0,0,47.27545948,-107.0002351,30033.0,1351.3513513513512,0.0,17,16,0,0,16,16,1268,1,0,0,1,0
2020-09-24,US,Montana,Glacier,227,1,0,48.70513576,-112.9934235,30035.0,1650.5489711335708,0.4405286343612335,226,208,1,0,207,209,13747,19,0,0,19,-1
2020-09-24,US,Montana,Golden Valley,3,0,0,46.3816474,-109.17685220000001,30037.0,365.4080389768576,0.0,3,3,0,0,3,3,826,0,0,0,0,0
2020-09-24,US,Montana,Granite,22,0,0,46.40605220000001,-113.4414186,30039.0,651.0802012429713,0.0,22,22,0,0,22,22,3378,0,0,0,0,0
2020-09-24,US,Montana,Hill,146,3,0,48.62879827,-110.1129252,30041.0,885.7073525843242,2.054794520547945,143,143,3,0,140,135,16347,3,0,0,3,8
2020-09-24,US,Montana,Jefferson,68,0,0,46.14907081,-112.094396,30043.0,556.4192782914655,0.0,68,67,0,0,67,65,12097,1,0,0,1,2
2020-09-24,US,Montana,Judith Basin,6,0,0,47.04581276,-110.26606880000001,30045.0,298.95366218236165,0.0,6,6,0,0,6,6,1952,0,0,0,0,0
2020-09-24,US,Montana,Lake,265,1,0,47.64514965,-114.0898013,30047.0,870.0505614288527,0.37735849056603776,264,260,1,0,259,255,30250,5,0,0,5,5
2020-09-24,US,Montana,Lewis and Clark,241,3,0,47.12610041,-112.39469799999999,30049.0,347.102200714368,1.2448132780082988,238,235,3,0,232,227,68700,6,0,0,6,8
2020-09-24,US,Montana,Liberty,18,0,0,48.56084317,-111.02430700000001,30051.0,770.2182284980745,0.0,18,16,0,0,16,16,2430,2,0,0,2,0
2020-09-24,US,Montana,Lincoln,107,3,0,48.54265777,-115.4046155,30053.0,535.5355355355357,2.803738317757009,104,106,3,0,103,106,19794,1,0,0,1,0
2020-09-24,US,Montana,Madison,101,1,0,45.30080065,-111.9173017,30057.0,1174.4186046511627,0.99009900990099,100,97,1,0,96,97,8768,4,0,0,4,0
2020-09-24,US,Montana,McCone,19,0,0,47.64469406,-105.79449939999999,30055.0,1141.826923076923,0.0,19,19,0,0,19,19,1675,0,0,0,0,0
2020-09-24,US,Montana,Meagher,25,2,0,46.59907074,-110.8898557,30059.0,1342.6423200859292,8.0,23,25,2,0,23,25,1866,0,0,0,0,0
2020-09-24,US,Montana,Mineral,2,0,0,47.15283992,-115.00152390000001,30061.0,45.48555833522857,0.0,2,2,0,0,2,2,4316,0,0,0,0,0
2020-09-24,US,Montana,Missoula,628,3,0,47.03728583,-113.92135079999998,30063.0,525.0836120401336,0.4777070063694268,625,584,3,0,581,583,118791,44,0,0,44,1
2020-09-24,US,Montana,Musselshell,35,1,0,46.49684637,-108.39498,30065.0,755.4500323764299,2.8571428571428568,34,35,1,0,34,35,4651,0,0,0,0,0
2020-09-24,US,Montana,Park,93,0,0,45.48965095,-110.52643940000002,30067.0,560.0385402866434,0.0,93,92,0,0,92,88,16736,1,0,0,1,4
2020-09-24,US,Montana,Phillips,119,0,0,48.25936577,-107.9128511,30071.0,3009.610520991401,0.0,119,119,0,0,119,118,4074,0,0,0,0,1
2020-09-24,US,Montana,Pondera,23,0,0,48.22773388,-112.22527029999999,30073.0,389.10505836575874,0.0,23,23,0,0,23,23,5972,0,0,0,0,0
2020-09-24,US,Montana,Powder River,7,0,0,45.39617714,-105.636738,30075.0,416.1712247324614,0.0,7,5,0,0,5,3,1716,2,0,0,2,2
2020-09-24,US,Montana,Powell,12,0,0,46.85538891,-112.93591640000001,30077.0,174.1654571843251,0.0,12,10,0,0,10,10,6968,2,0,0,2,0
2020-09-24,US,Montana,Prairie,1,0,0,46.86048047,-105.379384,30079.0,92.85051067780873,0.0,1,1,0,0,1,1,1087,0,0,0,0,0
2020-09-24,US,Montana,Ravalli,132,2,0,46.08520862,-114.11891640000002,30081.0,301.32858512532533,1.5151515151515151,130,129,2,0,127,129,43172,3,0,0,3,0
2020-09-24,US,Montana,Richland,78,2,0,47.78668011,-104.5610786,30083.0,722.0216606498195,2.5641025641025643,76,77,2,0,75,77,10913,1,0,0,1,0
2020-09-24,US,Montana,Roosevelt,269,1,0,48.29607488,-105.00792679999999,30085.0,2444.565612504544,0.3717472118959108,268,213,1,0,212,199,11059,56,0,0,56,14
2020-09-24,US,Montana,Rosebud,630,18,0,46.23397237,-106.72928799999998,30087.0,7049.345417925479,2.8571428571428568,612,614,18,0,596,593,9063,16,0,0,16,21
2020-09-24,US,Montana,Sanders,46,1,0,47.67657534,-115.1329916,30089.0,379.7572855609677,2.1739130434782608,45,45,1,0,44,45,11844,1,0,0,1,0
2020-09-24,US,Montana,Sheridan,13,0,0,48.72085833,-104.50382900000001,30091.0,392.86793593230584,0.0,13,13,0,0,13,14,3424,0,0,0,0,-1
2020-09-24,US,Montana,Silver Bow,242,0,0,45.90018933,-112.6620092,30093.0,693.1118430474008,0.0,242,241,0,0,241,234,34993,1,0,0,1,7
2020-09-24,US,Montana,Stillwater,56,2,0,45.67071407,-109.3950061,30095.0,580.7923667288943,3.571428571428572,54,56,2,0,54,55,9534,0,0,0,0,1
2020-09-24,US,Montana,Sweet Grass,42,1,0,45.81367654,-109.9425686,30097.0,1123.8961734011239,2.380952380952381,41,40,1,0,39,38,3710,2,0,0,2,2
2020-09-24,US,Montana,Teton,21,0,0,47.83741052,-112.24106880000001,30099.0,341.6300634455833,0.0,21,21,0,0,21,20,6162,0,0,0,0,1
2020-09-24,US,Montana,Toole,74,6,0,48.65577551,-111.69424140000001,30101.0,1562.5,8.108108108108109,68,71,6,0,65,71,4853,3,0,0,3,0
2020-09-24,US,Montana,Treasure,3,0,0,46.20973220000001,-107.26665159999999,30103.0,431.0344827586207,0.0,3,3,0,0,3,3,679,0,0,0,0,0
2020-09-24,US,Montana,Valley,70,0,0,48.36435097,-106.6669635,30105.0,946.4575446187127,0.0,70,61,0,0,61,61,7437,9,0,0,9,0
2020-09-24,US,Montana,Wheatland,11,0,0,46.46652491,-109.84646359999999,30107.0,517.4035747883349,0.0,11,11,0,0,11,10,2236,0,0,0,0,1
2020-09-24,US,Montana,Wibaux,9,0,0,46.95925154,-104.2510927,30109.0,928.7925696594427,0.0,9,9,0,0,9,9,1034,0,0,0,0,0
2020-09-24,US,Montana,Yellowstone,2990,62,0,45.93955949,-108.26914860000001,30111.0,1853.68877867328,2.0735785953177257,2928,2927,62,0,2865,2882,160137,63,0,0,63,45
2020-09-24,US,Nebraska,Adams,534,12,0,40.52449420000001,-98.50117804,31001.0,1702.6432420367948,2.247191011235955,522,520,12,0,508,514,31511,14,0,0,14,6
2020-09-24,US,Nebraska,Antelope,67,1,0,42.17695516,-98.06662829999999,31003.0,1063.8297872340424,1.492537313432836,66,65,1,0,64,64,6336,2,0,0,2,1
2020-09-24,US,Nebraska,Arthur,1,0,0,41.56896142,-101.6959559,31005.0,215.98272138228938,0.0,1,1,0,0,1,1,465,0,0,0,0,0
2020-09-24,US,Nebraska,Banner,2,0,0,41.54634427,-103.7114332,31007.0,268.4563758389262,0.0,2,2,0,0,2,2,730,0,0,0,0,0
2020-09-24,US,Nebraska,Boone,75,0,0,41.70759415,-98.06737183,31011.0,1444.5300462249616,0.0,75,73,0,0,73,71,5239,2,0,0,2,2
2020-09-24,US,Nebraska,Box Butte,72,1,0,42.22079243,-103.08788340000001,31013.0,667.7177037930078,1.3888888888888888,71,70,1,0,69,58,10772,2,0,0,2,12
2020-09-24,US,Nebraska,Boyd,20,0,0,42.899727399999996,-98.76486568,31015.0,1042.2094841063054,0.0,20,19,0,0,19,17,1955,1,0,0,1,2
2020-09-24,US,Nebraska,Brown,27,0,0,42.43018907,-99.92904055,31017.0,913.7055837563452,0.0,27,26,0,0,26,24,2973,1,0,0,1,2
2020-09-24,US,Nebraska,Buffalo,1024,4,0,40.85486962,-99.07500296,31019.0,2062.0632715117104,0.390625,1020,1014,4,0,1010,998,49615,10,0,0,10,16
2020-09-24,US,Nebraska,Burt,75,0,0,41.85056773,-96.32605633,31021.0,1161.1704598235021,0.0,75,76,0,0,76,75,6488,-1,0,0,-1,1
2020-09-24,US,Nebraska,Butler,111,1,0,41.22703692,-97.13106306,31023.0,1384.7305389221558,0.9009009009009008,110,111,1,0,110,108,8058,0,0,0,0,3
2020-09-24,US,Nebraska,Cass,323,2,0,40.90899107,-96.13971217,31025.0,1230.5699481865286,0.6191950464396285,321,319,2,0,317,314,26159,4,0,0,4,5
2020-09-24,US,Nebraska,Cedar,80,0,0,42.598885100000004,-97.25311951,31027.0,952.154248988336,0.0,80,80,0,0,80,76,8446,0,0,0,0,4
2020-09-24,US,Nebraska,Chase,23,0,0,40.523719799999995,-101.69780259999999,31029.0,586.1365953109073,0.0,23,23,0,0,23,20,3977,0,0,0,0,3
2020-09-24,US,Nebraska,Cherry,47,4,0,42.54502621,-101.1244332,31031.0,826.1557391457197,8.51063829787234,43,46,4,0,42,46,5761,1,0,0,1,0
2020-09-24,US,Nebraska,Cheyenne,37,0,0,41.21999357,-102.9941693,31033.0,415.26374859708193,0.0,37,36,0,0,36,36,9310,1,0,0,1,0
2020-09-24,US,Nebraska,Clay,71,0,0,40.52439441,-98.05126296,31035.0,1144.6074480090276,0.0,71,71,0,0,71,72,6214,0,0,0,0,-1
2020-09-24,US,Nebraska,Colfax,768,5,0,41.57486951,-97.0868542,31037.0,7171.537958726305,0.6510416666666666,763,767,5,0,762,765,10881,1,0,0,1,2
2020-09-24,US,Nebraska,Cuming,126,0,0,41.91637624,-96.78730772,31039.0,1424.3725977843094,0.0,126,124,0,0,124,120,8940,2,0,0,2,4
2020-09-24,US,Nebraska,Custer,83,4,0,41.39374521,-99.72805369,31041.0,770.1586712443166,4.819277108433735,79,83,4,0,79,81,10840,0,0,0,0,2
2020-09-24,US,Nebraska,Dakota,2183,43,0,42.39040144,-96.56656425,31043.0,10900.82892240088,1.9697663765460376,2140,2176,43,0,2133,2159,20083,7,0,0,7,17
2020-09-24,US,Nebraska,Dawes,121,0,0,42.71985036,-103.1313774,31045.0,1408.7786703923623,0.0,121,119,0,0,119,118,8716,2,0,0,2,1
2020-09-24,US,Nebraska,Dawson,1072,12,0,40.87028216,-99.82014609999999,31047.0,4543.335452426361,1.1194029850746268,1060,1071,12,0,1059,1071,23709,1,0,0,1,0
2020-09-24,US,Nebraska,Deuel,4,0,0,41.11168186,-102.33333309999999,31049.0,222.9654403567447,0.0,4,4,0,0,4,4,1825,0,0,0,0,0
2020-09-24,US,Nebraska,Dixon,86,2,0,42.49188363,-96.86782408,31051.0,1525.904897090135,2.3255813953488373,84,85,2,0,83,86,5709,1,0,0,1,-1
2020-09-24,US,Nebraska,Dodge,1146,11,0,41.58071748,-96.65598179,31053.0,3134.1446738684526,0.9598603839441536,1135,1123,11,0,1112,1113,36791,23,0,0,23,10
2020-09-24,US,Nebraska,Douglas,15615,189,0,41.29518299,-96.15085305,31055.0,2733.110810446557,1.2103746397694524,15426,15495,190,0,15305,15349,566880,120,-1,0,121,146
2020-09-24,US,Nebraska,Dundy,11,1,0,40.17638677,-101.6876522,31057.0,649.7341996455996,9.090909090909092,10,11,1,0,10,11,1770,0,0,0,0,0
2020-09-24,US,Nebraska,Fillmore,55,1,0,40.52458567,-97.59646937,31059.0,1006.9571585499817,1.818181818181818,54,54,1,0,53,53,5527,1,0,0,1,1
2020-09-24,US,Nebraska,Franklin,24,0,0,40.17636348,-98.95299073,31061.0,805.6394763343402,0.0,24,24,0,0,24,23,3023,0,0,0,0,1
2020-09-24,US,Nebraska,Frontier,7,0,0,40.52993007,-100.3924658,31063.0,266.46364674533686,0.0,7,7,0,0,7,7,2608,0,0,0,0,0
2020-09-24,US,Nebraska,Furnas,39,1,0,40.17642064,-99.91247454,31065.0,834.0461933276305,2.5641025641025643,38,38,1,0,37,37,4715,1,0,0,1,1
2020-09-24,US,Nebraska,Gage,220,5,0,40.26186809,-96.68946704,31067.0,1022.6374750151073,2.272727272727273,215,212,5,0,207,211,21493,8,0,0,8,1
2020-09-24,US,Nebraska,Garden,9,0,0,41.61703149,-102.3313973,31069.0,489.9292324442025,0.0,9,9,0,0,9,9,1897,0,0,0,0,0
2020-09-24,US,Nebraska,Garfield,8,0,0,41.91428955,-98.99111827,31071.0,406.29761300152364,0.0,8,8,0,0,8,8,1987,0,0,0,0,0
2020-09-24,US,Nebraska,Gosper,34,0,0,40.51481965,-99.83020279,31073.0,1708.5427135678394,0.0,34,34,0,0,34,34,1996,0,0,0,0,0
2020-09-24,US,Nebraska,Grant,1,0,0,41.91528587,-101.740701,31075.0,160.5136436597111,0.0,1,1,0,0,1,1,660,0,0,0,0,0
2020-09-24,US,Nebraska,Greeley,25,0,0,41.56742671,-98.52150266,31077.0,1061.120543293718,0.0,25,25,0,0,25,22,2356,0,0,0,0,3
2020-09-24,US,Nebraska,Hall,1989,47,0,40.87257079,-98.50218293,31079.0,3241.8952618453864,2.3629964806435395,1942,1979,47,0,1932,1973,61607,10,0,0,10,6
2020-09-24,US,Nebraska,Hamilton,128,12,0,40.87349452,-98.02099117,31081.0,1372.8013728013727,9.375,116,126,12,0,114,124,9280,2,0,0,2,2
2020-09-24,US,Nebraska,Harlan,20,0,0,40.17658508,-99.40438879,31083.0,591.7159763313608,0.0,20,19,0,0,19,18,3401,1,0,0,1,1
2020-09-24,US,Nebraska,Hitchcock,4,0,0,40.17609175,-101.04164770000001,31087.0,144.82259232440262,0.0,4,4,0,0,4,4,2806,0,0,0,0,0
2020-09-24,US,Nebraska,Holt,65,1,0,42.45522056,-98.78402558,31089.0,645.6739843051555,1.5384615384615383,64,63,1,0,62,56,10178,2,0,0,2,7
2020-09-24,US,Nebraska,Hooker,7,0,0,41.91586243,-101.1354293,31091.0,1026.392961876833,0.0,7,7,0,0,7,7,682,0,0,0,0,0
2020-09-24,US,Nebraska,Howard,94,5,0,41.2200529,-98.5166499,31093.0,1458.4949573312647,5.319148936170213,89,94,5,0,89,93,6468,0,0,0,0,1
2020-09-24,US,Nebraska,Jefferson,28,0,0,40.17584531,-97.142601,31095.0,397.388589270508,0.0,28,28,0,0,28,29,7097,0,0,0,0,-1
2020-09-24,US,Nebraska,Johnson,45,0,0,40.39257596,-96.26522753,31097.0,887.3989351212779,0.0,45,42,0,0,42,41,5134,3,0,0,3,1
2020-09-24,US,Nebraska,Kearney,139,0,0,40.50663314,-98.94877182,31099.0,2140.107775211701,0.0,139,139,0,0,139,139,6544,0,0,0,0,0
2020-09-24,US,Nebraska,Keith,64,0,0,41.19930341,-101.66201640000001,31101.0,796.6143888473987,0.0,64,62,0,0,62,61,8021,2,0,0,2,1
2020-09-24,US,Nebraska,Keya Paha,5,0,0,42.87990694,-99.71343729,31103.0,620.3473945409428,0.0,5,4,0,0,4,4,810,1,0,0,1,0
2020-09-24,US,Nebraska,Kimball,15,0,0,41.19774275,-103.7148131,31105.0,412.9955947136564,0.0,15,15,0,0,15,15,3618,0,0,0,0,0
2020-09-24,US,Nebraska,Knox,157,0,0,42.63758421,-97.89178836,31107.0,1884.301488238118,0.0,157,152,0,0,152,146,8419,5,0,0,5,6
2020-09-24,US,Nebraska,Lancaster,6010,24,0,40.78416049,-96.68777155,31109.0,1883.4811495189444,0.39933444259567386,5986,5906,24,0,5882,5806,317272,104,0,0,104,100
2020-09-24,US,Nebraska,Lincoln,363,2,0,41.04658298,-100.74753740000001,31111.0,1039.697542533081,0.5509641873278237,361,362,2,0,360,362,35185,1,0,0,1,0
2020-09-24,US,Nebraska,Logan,6,0,0,41.56650314,-100.4817851,31113.0,802.1390374331551,0.0,6,6,0,0,6,7,749,0,0,0,0,-1
2020-09-24,US,Nebraska,Loup,3,0,0,41.91371961,-99.45440415,31115.0,451.8072289156627,0.0,3,3,0,0,3,3,618,0,0,0,0,0
2020-09-24,US,Nebraska,Madison,805,5,0,41.91676024,-97.6005481,31119.0,2293.512635687627,0.6211180124223602,800,800,5,0,795,793,35392,5,0,0,5,7
2020-09-24,US,Nebraska,McPherson,6,0,0,41.56797682,-101.05993620000001,31117.0,1214.5748987854256,0.0,6,6,0,0,6,6,492,0,0,0,0,0
2020-09-24,US,Nebraska,Merrick,81,1,0,41.16624273,-98.0374887,31121.0,1044.4874274661508,1.2345679012345678,80,81,1,0,80,81,7733,0,0,0,0,0
2020-09-24,US,Nebraska,Morrill,76,0,0,41.71711774,-103.0061405,31123.0,1637.2253339077984,0.0,76,76,0,0,76,76,4686,0,0,0,0,0
2020-09-24,US,Nebraska,Nance,40,0,0,41.39750195,-97.99327291,31125.0,1136.6865586814436,0.0,40,39,0,0,39,27,3532,1,0,0,1,12
2020-09-24,US,Nebraska,Nemaha,121,0,0,40.38514847,-95.85433992,31127.0,1735.5134825014347,0.0,121,119,0,0,119,119,6958,2,0,0,2,0
2020-09-24,US,Nebraska,Nuckolls,15,0,0,40.17637905,-98.04743961,31129.0,361.6200578592093,0.0,15,15,0,0,15,14,4195,0,0,0,0,1
2020-09-24,US,Nebraska,Otoe,144,1,0,40.64843556,-96.13374142,31131.0,899.3255058705969,0.6944444444444444,143,144,1,0,143,143,15985,0,0,0,0,1
2020-09-24,US,Nebraska,Pawnee,17,0,0,40.13141096,-96.23705437,31133.0,650.5931879066208,0.0,17,17,0,0,17,16,2632,0,0,0,0,1
2020-09-24,US,Nebraska,Perkins,34,10,0,40.85082525,-101.6502942,31135.0,1176.063645797302,29.411764705882355,24,34,10,0,24,33,2929,0,0,0,0,1
2020-09-24,US,Nebraska,Phelps,106,0,0,40.51156033,-99.41461667,31137.0,1173.345140580031,0.0,106,106,0,0,106,103,8996,0,0,0,0,3
2020-09-24,US,Nebraska,Pierce,103,8,0,42.26434853,-97.60122773,31139.0,1440.9625069949634,7.766990291262137,95,101,8,0,93,101,7142,2,0,0,2,0
2020-09-24,US,Nebraska,Platte,1056,3,0,41.57246836,-97.52144359,31141.0,3155.064236629818,0.2840909090909091,1053,1043,3,0,1040,1037,33363,13,0,0,13,6
2020-09-24,US,Nebraska,Polk,55,1,0,41.18813488,-97.56630712,31143.0,1055.0546710147707,1.818181818181818,54,54,1,0,53,52,5278,1,0,0,1,2
2020-09-24,US,Nebraska,Red Willow,31,0,0,40.17556879999999,-100.476998,31145.0,289.07124207385306,0.0,31,30,0,0,30,27,10726,1,0,0,1,3
2020-09-24,US,Nebraska,Richardson,53,1,0,40.1247415,-95.71755036,31147.0,673.8715829624922,1.8867924528301887,52,53,1,0,52,53,7937,0,0,0,0,0
2020-09-24,US,Nebraska,Rock,39,1,0,42.42252217,-99.44832069,31149.0,2873.986735445837,2.5641025641025643,38,40,1,0,39,39,1360,-1,0,0,-1,1
2020-09-24,US,Nebraska,Saline,714,2,0,40.52418865,-97.14085859,31151.0,5019.685039370079,0.2801120448179272,712,709,2,0,707,701,14350,5,0,0,5,8
2020-09-24,US,Nebraska,Sarpy,3520,16,0,41.11314181,-96.11156432,31153.0,1880.3820594457147,0.4545454545454545,3504,3489,15,0,3474,3439,184459,31,1,0,30,50
2020-09-24,US,Nebraska,Saunders,446,3,0,41.227810299999994,-96.63773905,31155.0,2066.9200111224395,0.672645739910314,443,436,3,0,433,423,21303,10,0,0,10,13
2020-09-24,US,Nebraska,Scotts Bluff,407,8,0,41.85070896,-103.70809859999999,31157.0,1142.6806670784435,1.9656019656019657,399,407,8,0,399,406,35989,0,0,0,0,1
2020-09-24,US,Nebraska,Seward,218,3,0,40.87241834,-97.139673,31159.0,1261.282110622541,1.3761467889908257,215,216,3,0,213,212,17318,2,0,0,2,4
2020-09-24,US,Nebraska,Sheridan,48,0,0,42.50284406,-102.4126613,31161.0,914.9828440716736,0.0,48,48,0,0,48,48,5190,0,0,0,0,0
2020-09-24,US,Nebraska,Sherman,23,1,0,41.22045983,-98.97588642,31163.0,766.4111962679108,4.3478260869565215,22,23,1,0,22,23,3038,0,0,0,0,0
2020-09-24,US,Nebraska,Sioux,7,0,0,42.48932059,-103.7576544,31165.0,600.3430531732419,0.0,7,7,0,0,7,7,1187,0,0,0,0,0
2020-09-24,US,Nebraska,Stanton,39,0,0,41.9169835,-97.19394708,31167.0,658.7837837837837,0.0,39,39,0,0,39,39,5970,0,0,0,0,0
2020-09-24,US,Nebraska,Thayer,29,0,0,40.17626377,-97.59504381,31169.0,579.6522086747951,0.0,29,29,0,0,29,29,5039,0,0,0,0,0
2020-09-24,US,Nebraska,Thomas,6,0,0,41.91358968,-100.5556632,31171.0,831.0249307479222,0.0,6,5,0,0,5,5,720,1,0,0,1,0
2020-09-24,US,Nebraska,Thurston,252,4,0,42.15725356,-96.54157099,31173.0,3488.372093023256,1.5873015873015872,248,247,4,0,243,246,7303,5,0,0,5,1
2020-09-24,US,Nebraska,Unassigned,266,0,0,0.0,0.0,90031.0,0.0,0.0,266,246,0,0,246,249,,20,0,0,20,-3
2020-09-24,US,Nebraska,Valley,30,0,0,41.56730777,-98.98197724,31175.0,721.5007215007214,0.0,30,30,0,0,30,30,4190,0,0,0,0,0
2020-09-24,US,Nebraska,Washington,260,2,0,41.52815707,-96.22019892,31177.0,1254.2814414588256,0.7692307692307693,258,253,2,0,251,249,20667,7,0,0,7,4
2020-09-24,US,Nebraska,Wayne,137,0,0,42.20934475,-97.11926964,31179.0,1459.7762386787424,0.0,137,126,0,0,126,124,9403,11,0,0,11,2
2020-09-24,US,Nebraska,Webster,17,0,0,40.17642643,-98.50019851,31181.0,487.52509320332666,0.0,17,17,0,0,17,17,3533,0,0,0,0,0
2020-09-24,US,Nebraska,Wheeler,1,0,0,41.91482725,-98.52798941,31183.0,127.7139208173691,0.0,1,1,0,0,1,1,805,0,0,0,0,0
2020-09-24,US,Nebraska,York,161,2,0,40.87272618,-97.59710186,31185.0,1176.986621829081,1.2422360248447204,159,159,2,0,157,151,13772,2,0,0,2,8
2020-09-24,US,Nevada,Carson City,536,8,0,39.15509045,-119.7480219,32510.0,958.58072823521,1.492537313432836,528,529,8,0,521,526,55414,7,0,0,7,3
2020-09-24,US,Nevada,Churchill,139,3,0,39.58105744,-118.3394607,32001.0,558.0312336906338,2.1582733812949644,136,139,3,0,136,138,24440,0,0,0,0,1
2020-09-24,US,Nevada,Clark,65175,1360,0,36.21458855,-115.0130241,32003.0,2875.306335379613,2.0866896816263907,63815,64895,1353,0,63542,64470,2231647,280,7,0,273,425
2020-09-24,US,Nevada,Douglas,296,1,0,38.912862,-119.61713329999999,32005.0,605.2550863919845,0.33783783783783783,295,296,1,0,295,294,48467,0,0,0,0,2
2020-09-24,US,Nevada,Elko,939,10,0,41.14531606,-115.3577619,32007.0,1779.1504035772482,1.064962726304579,929,925,9,0,916,912,52460,14,1,0,13,13
2020-09-24,US,Nevada,Eureka,10,0,0,39.98100864,-116.26832040000001,32011.0,492.8536224741252,0.0,10,10,0,0,10,10,2003,0,0,0,0,0
2020-09-24,US,Nevada,Humboldt,121,4,0,41.40692186,-118.11094270000001,32013.0,718.9115322916048,3.3057851239669422,117,121,4,0,117,120,16786,0,0,0,0,1
2020-09-24,US,Nevada,Lander,70,1,0,39.933223299999995,-117.03970749999999,32015.0,1265.3651482284888,1.4285714285714286,69,70,1,0,69,70,5575,0,0,0,0,0
2020-09-24,US,Nevada,Lincoln,7,0,0,37.64268459,-114.8790388,32017.0,135.05691684352692,0.0,7,7,0,0,7,7,5201,0,0,0,0,0
2020-09-24,US,Nevada,Lyon,423,7,0,39.01777974,-119.18704790000001,32019.0,735.5242566510173,1.6548463356973997,416,420,7,0,413,414,55808,3,0,0,3,6
2020-09-24,US,Nevada,Mineral,13,0,0,38.53841696,-118.4344506,32021.0,288.56825749167587,0.0,13,13,0,0,13,13,4514,0,0,0,0,0
2020-09-24,US,Nevada,Nye,500,15,0,38.04264256,-116.47227020000001,32023.0,1074.73722674806,3.0,485,498,15,0,483,495,45346,2,0,0,2,3
2020-09-24,US,Nevada,Pershing,21,0,0,40.44003782,-118.40056409999998,32027.0,312.2676579925651,0.0,21,21,0,0,21,21,6666,0,0,0,0,0
2020-09-24,US,Nevada,Storey,9,0,0,39.44875482,-119.5250207,32029.0,218.287654620422,0.0,9,9,0,0,9,9,4029,0,0,0,0,0
2020-09-24,US,Nevada,Washoe,8878,154,0,40.66562265,-119.6631594,32031.0,1882.850956165075,1.734624915521514,8724,8797,154,0,8643,8743,465735,81,0,0,81,54
2020-09-24,US,Nevada,White Pine,60,1,0,39.44157041,-114.89996599999999,32033.0,626.3048016701463,1.6666666666666667,59,57,1,0,56,56,9475,3,0,0,3,1
2020-09-24,US,New Hampshire,Belknap,146,4,0,43.51637314,-71.41684235,33001.0,238.16126453844018,2.7397260273972597,142,146,4,0,142,146,61022,0,0,0,0,0
2020-09-24,US,New Hampshire,Carroll,122,2,0,43.87498583,-71.20430216,33003.0,249.4377427928849,1.639344262295082,120,122,2,0,120,120,48779,0,0,0,0,2
2020-09-24,US,New Hampshire,Cheshire,143,3,0,42.92015988,-72.25311043,33005.0,187.9476900834593,2.097902097902098,140,143,3,0,140,143,76493,0,0,0,0,0
2020-09-24,US,New Hampshire,Coos,22,0,0,44.69063265,-71.30633239,33007.0,69.70186610905174,0.0,22,22,0,0,22,22,31589,0,0,0,0,0
2020-09-24,US,New Hampshire,Grafton,138,1,0,43.93779815,-71.82057197,33009.0,153.52780188238438,0.7246376811594203,137,137,1,0,136,137,89786,1,0,0,1,0
2020-09-24,US,New Hampshire,Hillsborough,4326,288,0,42.91537785,-71.7200253,33011.0,1037.3478808224927,6.657420249653258,4038,4310,288,0,4022,4302,415247,16,0,0,16,8
2020-09-24,US,New Hampshire,Merrimack,566,23,0,43.29662971,-71.6811573,33013.0,373.86634608398117,4.063604240282685,543,565,23,0,542,560,151132,1,0,0,1,5
2020-09-24,US,New Hampshire,Rockingham,2000,103,0,42.98499744,-71.12883377,33015.0,645.6423980449947,5.15,1897,1992,103,0,1889,1989,309176,8,0,0,8,3
2020-09-24,US,New Hampshire,Strafford,526,13,0,43.291833000000004,-71.02336013,33017.0,402.6547656411473,2.4714828897338403,513,515,13,0,502,513,130090,11,0,0,11,2
2020-09-24,US,New Hampshire,Sullivan,53,1,0,43.36094111,-72.22203125,33019.0,122.83873360218792,1.8867924528301887,52,52,1,0,51,52,43144,1,0,0,1,0
2020-09-24,US,New Hampshire,Unassigned,2,0,0,0.0,0.0,90033.0,0.0,0.0,2,3,0,0,3,6,,-1,0,0,-1,-3
2020-09-24,US,New Jersey,Atlantic,4002,256,0,39.47538693,-74.65848483,34001.0,1517.8063488451473,6.3968015992004,3746,3990,256,0,3734,3983,265429,12,0,0,12,7
2020-09-24,US,New Jersey,Bergen,22304,2044,0,40.96010917,-74.07164325,34003.0,2392.614476261583,9.164275466284074,20260,22276,2044,0,20232,22251,936692,28,0,0,28,25
2020-09-24,US,New Jersey,Burlington,7036,495,0,39.87681124,-74.66927768,34005.0,1579.8845399899853,7.035247299602046,6541,7006,494,0,6512,6974,445384,30,1,0,29,32
2020-09-24,US,New Jersey,Camden,9799,606,0,39.80343818,-74.96388753,34007.0,1934.7603317860253,6.1843045208694765,9193,9765,606,0,9159,9748,507078,34,0,0,34,17
2020-09-24,US,New Jersey,Cape May,1013,95,0,39.15008829,-74.80170244,34009.0,1100.6203891828463,9.378084896347485,918,1008,95,0,913,1004,92560,5,0,0,5,4
2020-09-24,US,New Jersey,Cumberland,3767,158,0,39.37199394,-75.10712559,34011.0,2519.277454907809,4.194319086806478,3609,3757,157,0,3600,3749,150972,10,1,0,9,8
2020-09-24,US,New Jersey,Essex,20927,2128,0,40.78681335,-74.24657979,34013.0,2619.2308895772712,10.168681607492713,18799,20898,2127,0,18771,20874,799767,29,1,0,28,24
2020-09-24,US,New Jersey,Gloucester,4428,227,0,39.71581067,-75.13995546,34015.0,1518.3310702382419,5.126467931345981,4201,4389,226,0,4163,4358,291408,39,1,0,38,31
2020-09-24,US,New Jersey,Hudson,20568,1514,0,40.73766234,-74.07515667,34017.0,3058.934459265517,7.360949047063398,19054,20547,1513,0,19034,20540,676061,21,1,0,20,7
2020-09-24,US,New Jersey,Hunterdon,1302,125,0,40.56335249,-74.91284156,34019.0,1046.8678389656752,9.600614439324117,1177,1296,125,0,1171,1292,124714,6,0,0,6,4
2020-09-24,US,New Jersey,Mercer,8609,634,0,40.28047017,-74.70479631,34021.0,2343.03132569469,7.364386107561853,7975,8596,635,0,7961,8583,369811,13,-1,0,14,13
2020-09-24,US,New Jersey,Middlesex,19260,1425,0,40.43629879,-74.41426991,34023.0,2334.370023101294,7.398753894080997,17835,19210,1425,0,17785,19158,829685,50,0,0,50,52
2020-09-24,US,New Jersey,Monmouth,11682,867,0,40.26549699,-74.22240686,34025.0,1887.862700894481,7.4216743708269135,10815,11605,865,0,10740,11584,621354,77,2,0,75,21
2020-09-24,US,New Jersey,Morris,7810,831,0,40.86095313,-74.54553709999998,34027.0,1587.8986265998435,10.640204865556976,6979,7795,831,0,6964,7775,494228,15,0,0,15,20
2020-09-24,US,New Jersey,Ocean,12548,1047,0,39.8895449,-74.28089251,34029.0,2066.582562839064,8.34395919668473,11501,12436,1044,0,11392,12382,601651,112,3,0,109,54
2020-09-24,US,New Jersey,Passaic,18909,1252,0,41.03238628,-74.29954144,34031.0,3768.0391211296346,6.6211856787773025,17657,18877,1252,0,17625,18846,503310,32,0,0,32,31
2020-09-24,US,New Jersey,Salem,1052,89,0,39.58719656,-75.34696629999998,34033.0,1686.30279714675,8.460076045627376,963,1052,90,0,962,1047,62607,0,-1,0,1,5
2020-09-24,US,New Jersey,Somerset,5740,573,0,40.56465737,-74.61683016,34035.0,1745.0309180565098,9.982578397212544,5167,5725,572,0,5153,5709,331164,15,1,0,14,16
2020-09-24,US,New Jersey,Sussex,1471,198,0,41.13891592,-74.69118243,34037.0,1047.0645179659473,13.460231135282124,1273,1461,198,0,1263,1456,140799,10,0,0,10,5
2020-09-24,US,New Jersey,Unassigned,9,0,0,0.0,0.0,90034.0,0.0,0.0,9,346,0,0,346,326,,-337,0,0,-337,20
2020-09-24,US,New Jersey,Union,17543,1356,0,40.65835409,-74.30680092,34039.0,3153.281890063828,7.729578749358717,16187,17517,1356,0,16161,17505,558067,26,0,0,26,12
2020-09-24,US,New Jersey,Warren,1437,171,0,40.85951833,-74.99556527,34041.0,1365.1001738436544,11.899791231732776,1266,1436,171,0,1265,1436,105779,1,0,0,1,0
2020-09-24,US,New Mexico,Bernalillo,6327,174,0,35.05163625,-106.6703554,35001.0,931.6454652410983,2.7501185395922243,6153,6270,173,0,6097,6247,678701,57,1,0,56,23
2020-09-24,US,New Mexico,Catron,9,1,0,33.91514144,-108.4046587,35003.0,255.17436915225403,11.111111111111109,8,9,1,0,8,9,3578,0,0,0,0,0
2020-09-24,US,New Mexico,Chaves,1082,11,0,33.36406072,-104.4665365,35005.0,1674.5337769867679,1.0166358595194085,1071,1066,11,0,1055,1044,64689,16,0,0,16,22
2020-09-24,US,New Mexico,Cibola,415,21,0,34.91131525,-107.998876,35006.0,1555.7638238050608,5.0602409638554215,394,413,20,0,393,406,26746,2,1,0,1,7
2020-09-24,US,New Mexico,Colfax,29,1,0,36.60569702,-104.64726740000002,35007.0,242.86073193199903,3.4482758620689653,28,29,1,0,28,27,12110,0,0,0,0,2
2020-09-24,US,New Mexico,Curry,769,5,0,34.57421077,-103.34688759999999,35009.0,1570.8624422927646,0.6501950585175552,764,759,5,0,754,744,49437,10,0,0,10,15
2020-09-24,US,New Mexico,De Baca,1,0,0,34.34274529,-104.4117842,35011.0,57.20823798627003,0.0,1,1,0,0,1,1,1781,0,0,0,0,0
2020-09-24,US,New Mexico,Dona Ana,3227,54,0,32.35275771,-106.83293870000001,35013.0,1478.9523132977386,1.6733808490858382,3173,3198,54,0,3144,3165,217522,29,0,0,29,33
2020-09-24,US,New Mexico,Eddy,758,7,0,32.47167456,-104.3053527,35015.0,1296.6130687649675,0.9234828496042216,751,735,7,0,728,713,57900,23,0,0,23,22
2020-09-24,US,New Mexico,Grant,119,2,0,32.73911281,-108.3827845,35017.0,440.7733906215275,1.680672268907563,117,112,2,0,110,110,27346,7,0,0,7,2
2020-09-24,US,New Mexico,Guadalupe,34,1,0,34.86319296,-104.790669,35019.0,790.6976744186046,2.9411764705882355,33,34,1,0,33,34,4341,0,0,0,0,0
2020-09-24,US,New Mexico,Harding,2,0,0,35.85751555,-103.82209379999999,35021.0,320.0,0.0,2,2,0,0,2,2,655,0,0,0,0,0
2020-09-24,US,New Mexico,Hidalgo,99,2,0,31.91383467,-108.7151824,35023.0,2358.265840876608,2.0202020202020203,97,99,2,0,97,99,4240,0,0,0,0,0
2020-09-24,US,New Mexico,Lea,1365,22,0,32.79215361,-103.4123733,35025.0,1920.6416209371048,1.6117216117216118,1343,1349,22,0,1327,1342,69611,16,0,0,16,7
2020-09-24,US,New Mexico,Lincoln,199,3,0,33.74526079,-105.4586166,35027.0,1016.758634784386,1.5075376884422111,196,196,3,0,193,189,19556,3,0,0,3,7
2020-09-24,US,New Mexico,Los Alamos,32,0,0,35.86631386,-106.31349850000001,35028.0,165.21245288863648,0.0,32,32,0,0,32,31,19101,0,0,0,0,1
2020-09-24,US,New Mexico,Luna,416,6,0,32.18179341,-107.75088259999998,35029.0,1754.6079547851032,1.4423076923076923,410,411,6,0,405,409,23963,5,0,0,5,2
2020-09-24,US,New Mexico,McKinley,4311,256,0,35.58007720000001,-108.262245,35031.0,6040.60700323679,5.938297378798423,4055,4304,256,0,4048,4300,72290,7,0,0,7,4
2020-09-24,US,New Mexico,Mora,7,0,0,36.01095101,-104.9497716,35033.0,154.83300154833,0.0,7,7,0,0,7,7,4506,0,0,0,0,0
2020-09-24,US,New Mexico,Otero,254,13,0,32.61348406,-105.7417604,35035.0,376.35205215587496,5.118110236220472,241,251,13,0,238,247,66781,3,0,0,3,4
2020-09-24,US,New Mexico,Quay,74,2,0,35.10403332,-103.54817270000001,35037.0,896.6436447352478,2.702702702702702,72,74,2,0,72,73,8253,0,0,0,0,1
2020-09-24,US,New Mexico,Rio Arriba,390,13,0,36.51072137,-106.69316740000001,35039.0,1002.0297525757304,3.333333333333333,377,386,13,0,373,386,39006,4,0,0,4,0
2020-09-24,US,New Mexico,Roosevelt,280,3,0,34.02097406,-103.4799493,35041.0,1513.5135135135135,1.0714285714285714,277,275,3,0,272,270,18743,5,0,0,5,5
2020-09-24,US,New Mexico,San Juan,3295,197,0,36.50838318,-108.32043700000001,35045.0,2658.1584084931987,5.97875569044006,3098,3280,197,0,3083,3276,125043,15,0,0,15,4
2020-09-24,US,New Mexico,San Miguel,105,0,0,35.48014807,-104.8163562,35047.0,384.93969278146426,0.0,105,103,0,0,103,103,27591,2,0,0,2,0
2020-09-24,US,New Mexico,Sandoval,1329,41,0,35.68862401,-106.86878030000001,35043.0,905.6341483359226,3.085026335590669,1288,1320,41,0,1279,1315,145179,9,0,0,9,5
2020-09-24,US,New Mexico,Santa Fe,970,6,0,35.50708973,-105.9774716,35049.0,645.1269636467631,0.6185567010309279,964,961,6,0,955,960,150056,9,0,0,9,1
2020-09-24,US,New Mexico,Sierra,44,1,0,33.13028233,-107.1925893,35051.0,407.7471967380224,2.272727272727273,43,44,1,0,43,43,10968,0,0,0,0,1
2020-09-24,US,New Mexico,Socorro,101,6,0,34.00715494,-106.9298354,35053.0,607.080603474184,5.9405940594059405,95,97,6,0,91,91,16735,4,0,0,4,6
2020-09-24,US,New Mexico,Taos,138,4,0,36.58006022,-105.63101979999999,35055.0,421.72172478073526,2.898550724637681,134,133,4,0,129,131,32835,5,0,0,5,2
2020-09-24,US,New Mexico,Torrance,66,1,0,34.64048375,-105.8508949,35057.0,426.8805381281935,1.5151515151515151,65,66,1,0,65,66,15591,0,0,0,0,0
2020-09-24,US,New Mexico,Unassigned,1374,0,0,0.0,0.0,90035.0,0.0,0.0,1374,1373,0,0,1373,1361,,1,0,0,1,12
2020-09-24,US,New Mexico,Union,31,2,0,36.48126404,-103.4709624,35059.0,763.7349100763735,6.451612903225807,29,31,2,0,29,31,4118,0,0,0,0,0
2020-09-24,US,New Mexico,Valencia,572,4,0,34.71669834,-106.8103733,35061.0,745.8794074692261,0.6993006993006993,568,567,4,0,563,558,76456,5,0,0,5,9
2020-09-24,US,New York,Albany,3053,134,0,42.60060306,-73.97723916,36001.0,999.3257088240492,4.389125450376679,2919,3043,134,0,2909,3037,307117,10,0,0,10,6
2020-09-24,US,New York,Allegany,101,1,0,42.25748406,-78.02750466,36003.0,219.13171768891968,0.99009900990099,100,99,1,0,98,99,46430,2,0,0,2,0
2020-09-24,US,New York,Bronx,52756,4944,0,40.85209301,-73.86282755,36005.0,3719.9083067563483,9.371445901887935,47812,52710,4943,0,47767,52666,1432132,46,1,0,45,44
2020-09-24,US,New York,Broome,1496,69,0,42.15903158,-75.81326086,36007.0,785.3513082188904,4.612299465240642,1427,1480,69,0,1411,1476,191659,16,0,0,16,4
2020-09-24,US,New York,Cattaraugus,258,6,0,42.24778241,-78.67923096,36009.0,338.95187671610813,2.3255813953488373,252,258,6,0,252,255,76840,0,0,0,0,3
2020-09-24,US,New York,Cayuga,205,2,0,42.91261714,-76.55731592,36011.0,267.7078980359382,0.975609756097561,203,204,2,0,202,202,77145,1,0,0,1,2
2020-09-24,US,New York,Chautauqua,554,9,0,42.22769210000001,-79.36691763,36013.0,436.5539033750187,1.624548736462094,545,551,9,0,542,547,127939,3,0,0,3,4
2020-09-24,US,New York,Chemung,387,3,0,42.13891056,-76.7638805,36015.0,463.7174079754601,0.7751937984496124,384,361,3,0,358,349,84254,26,0,0,26,12
2020-09-24,US,New York,Chenango,248,7,0,42.49430041,-75.60887553,36017.0,525.3458173575953,2.8225806451612905,241,248,7,0,241,248,47536,0,0,0,0,0
2020-09-24,US,New York,Clinton,157,5,0,44.74530905,-73.67875352,36019.0,195.06740386407398,3.1847133757961785,152,156,5,0,151,155,80695,1,0,0,1,1
2020-09-24,US,New York,Columbia,586,37,0,42.24819348,-73.63089095,36021.0,985.5199206202384,6.313993174061433,549,585,37,0,548,582,59916,1,0,0,1,3
2020-09-24,US,New York,Cortland,167,0,0,42.59509207,-76.07048931,36023.0,350.9804333662597,0.0,167,164,0,0,164,162,47823,3,0,0,3,2
2020-09-24,US,New York,Delaware,133,4,0,42.19837623,-74.96709306,36025.0,301.3481363996828,3.0075187969924815,129,132,4,0,128,131,44527,1,0,0,1,1
2020-09-24,US,New York,Dutchess,5105,153,0,41.76486060000001,-73.74356679,36027.0,1735.1079811568293,2.997061704211557,4952,5089,153,0,4936,5084,293718,16,0,0,16,5
2020-09-24,US,New York,Erie,11201,689,0,42.76249024,-78.73063652,36029.0,1219.220160617915,6.151236496741363,10512,11112,689,0,10423,11082,919719,89,0,0,89,30
2020-09-24,US,New York,Essex,164,0,0,44.11630765,-73.77297842,36031.0,444.6251863901316,0.0,164,161,0,0,161,161,37300,3,0,0,3,0
2020-09-24,US,New York,Franklin,66,0,0,44.59040891,-74.29926032,36033.0,131.94194554396066,0.0,66,65,0,0,65,65,50293,1,0,0,1,0
2020-09-24,US,New York,Fulton,333,24,0,43.11363907,-74.41798804,36035.0,623.7940917520559,7.207207207207206,309,332,24,0,308,332,53591,1,0,0,1,0
2020-09-24,US,New York,Genesee,317,5,0,43.0022601,-78.19135193,36037.0,553.4217877094973,1.5772870662460567,312,317,5,0,312,317,57511,0,0,0,0,0
2020-09-24,US,New York,Greene,321,18,0,42.275797,-74.12384884,36039.0,680.2576926337205,5.607476635514018,303,321,18,0,303,321,47491,0,0,0,0,0
2020-09-24,US,New York,Hamilton,15,0,0,43.66146647,-74.49721957,36041.0,339.67391304347825,0.0,15,15,0,0,15,15,4434,0,0,0,0,0
2020-09-24,US,New York,Herkimer,329,10,0,43.42034246,-74.96145307,36043.0,536.5384301766172,3.0395136778115504,319,327,10,0,317,322,61833,2,0,0,2,5
2020-09-24,US,New York,Jefferson,165,0,0,44.04200959,-75.94653457,36045.0,150.226705755959,0.0,165,164,0,0,164,164,111755,1,0,0,1,0
2020-09-24,US,New York,Kings,67717,7321,0,40.636182500000004,-73.94935552,36047.0,2645.295544401487,10.811170016391747,60396,67510,7319,0,60191,67391,2582830,207,2,0,205,119
2020-09-24,US,New York,Lewis,50,0,0,43.784415700000004,-75.44903992,36049.0,190.14298752661998,0.0,50,50,0,0,50,50,26447,0,0,0,0,0
2020-09-24,US,New York,Livingston,205,8,0,42.72596275,-77.77966158,36051.0,325.8416250754999,3.902439024390244,197,202,8,0,194,202,63227,3,0,0,3,0
2020-09-24,US,New York,Madison,492,17,0,42.91653905,-75.67266639,36053.0,693.534063517571,3.4552845528455283,475,489,17,0,472,489,70795,3,0,0,3,0
2020-09-24,US,New York,Monroe,5970,289,0,43.14638895,-77.69322942,36055.0,804.8316863717862,4.840871021775544,5681,5940,289,0,5651,5925,742474,30,0,0,30,15
2020-09-24,US,New York,Montgomery,232,4,0,42.90123494,-74.44011632,36057.0,471.34353223217727,1.7241379310344829,228,230,4,0,226,229,49455,2,0,0,2,1
2020-09-24,US,New York,Nassau,46434,2201,0,40.74066522,-73.58941873,36059.0,3422.004474826888,4.7400611620795114,44233,46388,2201,0,44187,46325,1358343,46,0,0,46,63
2020-09-24,US,New York,New York,33237,3174,0,40.76727260000001,-73.97152637,36061.0,2040.699794806429,9.549598339200287,30063,33187,3173,0,30014,33146,,50,1,0,49,41
2020-09-24,US,New York,Niagara,1756,101,0,43.19898042,-78.74777412,36063.0,839.0632690019638,5.7517084282460145,1655,1741,101,0,1640,1733,210433,15,0,0,15,8
2020-09-24,US,New York,Oneida,2388,123,0,43.24375382,-75.43710392,36065.0,1044.2950789562296,5.150753768844222,2265,2387,123,0,2264,2378,229577,1,0,0,1,9
2020-09-24,US,New York,Onondaga,4300,205,0,43.00491923,-76.19971155,36067.0,933.7108710002432,4.767441860465117,4095,4270,205,0,4065,4253,461809,30,0,0,30,17
2020-09-24,US,New York,Ontario,467,35,0,42.85145728,-77.30874425,36069.0,425.40787232298203,7.494646680942184,432,466,35,0,431,465,109864,1,0,0,1,1
2020-09-24,US,New York,Orange,11890,498,0,41.40337468,-74.30240757,36071.0,3088.7930586584916,4.188393608074012,11392,11851,498,0,11353,11835,381951,39,0,0,39,16
2020-09-24,US,New York,Orleans,327,54,0,43.2516977,-78.2320066,36073.0,810.3687549563838,16.513761467889907,273,325,54,0,271,325,40612,2,0,0,2,0
2020-09-24,US,New York,Oswego,470,3,0,43.42778894,-76.14635194,36075.0,401.2841091492777,0.6382978723404256,467,468,3,0,465,464,117898,2,0,0,2,4
2020-09-24,US,New York,Otsego,335,5,0,42.63492579,-75.03151402,36077.0,563.0914561376968,1.492537313432836,330,333,5,0,328,332,59749,2,0,0,2,1
2020-09-24,US,New York,Putnam,1589,63,0,41.42630093,-73.74965532,36079.0,1616.1513425549224,3.9647577092511015,1526,1587,63,0,1524,1583,98892,2,0,0,2,4
2020-09-24,US,New York,Queens,71978,7246,0,40.71088124,-73.81684712,36081.0,3193.5463547392965,10.066964905943482,64732,71881,7244,0,64637,71818,2278906,97,2,0,95,63
2020-09-24,US,New York,Rensselaer,903,42,0,42.71348136,-73.51089874,36083.0,568.9479188981437,4.651162790697675,861,902,42,0,860,901,159442,1,0,0,1,1
2020-09-24,US,New York,Richmond,15823,1085,0,40.58582155,-74.14808598,36085.0,3323.161319183523,6.8571067433482895,14738,15799,1085,0,14714,15786,476179,24,0,0,24,13
2020-09-24,US,New York,Rockland,14998,675,0,41.15027894,-74.02560498,36087.0,4603.593123156399,4.500600080010668,14323,14954,675,0,14279,14891,325695,44,0,0,44,63
2020-09-24,US,New York,Saratoga,1017,17,0,43.10904162,-73.86653895,36091.0,442.43745187350726,1.671583087512291,1000,1014,17,0,997,1006,230163,3,0,0,3,8
2020-09-24,US,New York,Schenectady,1395,48,0,42.81668777,-74.05278291,36093.0,898.2672135686644,3.4408602150537635,1347,1388,48,0,1340,1383,155350,7,0,0,7,5
2020-09-24,US,New York,Schoharie,83,0,0,42.58831742,-74.44339029999998,36095.0,267.7505725991161,0.0,83,83,0,0,83,83,31097,0,0,0,0,0
2020-09-24,US,New York,Schuyler,40,0,0,42.39184015,-76.8773299,36097.0,224.63076318301796,0.0,40,40,0,0,40,39,17912,0,0,0,0,1
2020-09-24,US,New York,Seneca,105,3,0,42.78081007,-76.82497064,36099.0,308.67826904985884,2.8571428571428568,102,105,3,0,102,105,34300,0,0,0,0,0
2020-09-24,US,New York,St. Lawrence,322,4,0,44.4976179,-75.06550039,36089.0,298.86764432894006,1.2422360248447204,318,320,4,0,316,319,108047,2,0,0,2,1
2020-09-24,US,New York,Steuben,376,42,0,42.2689144,-77.3829924,36101.0,394.2167563090408,11.170212765957446,334,366,42,0,324,360,95796,10,0,0,10,6
2020-09-24,US,New York,Suffolk,46241,2011,0,40.88320119,-72.8012172,36103.0,3131.5839553135884,4.348954391124758,44230,46208,2011,0,44197,46176,1481093,33,0,0,33,32
2020-09-24,US,New York,Sullivan,1580,48,0,41.71579493,-74.76394559,36105.0,2094.6017605260367,3.0379746835443036,1532,1576,48,0,1528,1573,75498,4,0,0,4,3
2020-09-24,US,New York,Tioga,229,25,0,42.16852837,-76.30835812,36107.0,475.07416550837087,10.91703056768559,204,225,25,0,200,225,48560,4,0,0,4,0
2020-09-24,US,New York,Tompkins,406,0,0,42.44945765,-76.47229843,36109.0,397.3380309258172,0.0,406,405,0,0,405,399,102793,1,0,0,1,6
2020-09-24,US,New York,Ulster,2254,95,0,41.89027881,-74.26252104,36111.0,1269.337117692442,4.2147293700088735,2159,2244,95,0,2149,2244,178599,10,0,0,10,0
2020-09-24,US,New York,Unassigned,0,15,0,0.0,0.0,90036.0,0.0,0.0,-15,0,16,0,-16,0,,0,-1,0,1,0
2020-09-24,US,New York,Warren,369,33,0,43.56173026,-73.8433699,36113.0,577.0674340047542,8.943089430894311,336,366,33,0,333,363,64265,3,0,0,3,3
2020-09-24,US,New York,Washington,294,14,0,43.31153794,-73.43043448,36115.0,480.36076073459253,4.761904761904762,280,289,14,0,275,288,61197,5,0,0,5,1
2020-09-24,US,New York,Wayne,314,5,0,43.15494365,-77.02976528,36117.0,349.20705531706665,1.5923566878980893,309,312,5,0,307,311,90064,2,0,0,2,1
2020-09-24,US,New York,Westchester,37948,1454,0,41.16278376,-73.75741653,36119.0,3922.249577780396,3.831558975440076,36494,37903,1454,0,36449,37866,967612,45,0,0,45,37
2020-09-24,US,New York,Wyoming,134,5,0,42.70145109,-78.22199579,36121.0,336.18505230939064,3.7313432835820897,129,132,5,0,127,132,40085,2,0,0,2,0
2020-09-24,US,New York,Yates,62,7,0,42.63505484,-77.10369919,36123.0,248.8660538674588,11.290322580645164,55,62,7,0,55,62,24841,0,0,0,0,0
2020-09-24,US,North Carolina,Alamance,3837,54,0,36.0434701,-79.39976137,37001.0,2263.596623188149,1.4073494917904612,3783,3793,54,0,3739,3771,166436,44,0,0,44,22
2020-09-24,US,North Carolina,Alexander,504,7,0,35.922379600000006,-81.17751948,37003.0,1344.107528602288,1.3888888888888888,497,495,6,0,489,491,37353,9,1,0,8,4
2020-09-24,US,North Carolina,Alleghany,224,0,0,36.49360862,-81.12857041,37005.0,2011.313639220616,0.0,224,220,0,0,220,220,11161,4,0,0,4,0
2020-09-24,US,North Carolina,Anson,563,4,0,34.97403241,-80.09953279,37007.0,2303.035261392457,0.7104795737122558,559,558,4,0,554,556,24877,5,0,0,5,2
2020-09-24,US,North Carolina,Ashe,254,1,0,36.43296207,-81.49862729,37009.0,933.7205455280667,0.3937007874015748,253,252,1,0,251,252,27109,2,0,0,2,0
2020-09-24,US,North Carolina,Avery,331,0,0,36.07569796,-81.92308483,37011.0,1885.287919348408,0.0,331,330,0,0,330,326,17505,1,0,0,1,4
2020-09-24,US,North Carolina,Beaufort,875,21,0,35.48531943,-76.84325809,37013.0,1861.9398221049496,2.4,854,869,17,0,852,866,47079,6,4,0,2,3
2020-09-24,US,North Carolina,Bertie,560,8,0,36.0688473,-76.96545943,37015.0,2955.6130258088347,1.4285714285714286,552,555,8,0,547,554,19026,5,0,0,5,1
2020-09-24,US,North Carolina,Bladen,837,14,0,34.61296243,-78.56180059,37017.0,2557.9121080618547,1.6726403823178018,823,831,14,0,817,825,33190,6,0,0,6,6
2020-09-24,US,North Carolina,Brunswick,1576,26,0,34.070565,-78.22814204,37019.0,1103.4869065957148,1.6497461928934007,1550,1555,26,0,1529,1543,136744,21,0,0,21,12
2020-09-24,US,North Carolina,Buncombe,2954,82,0,35.61113393,-82.53305,37021.0,1130.973119288184,2.7758970886932968,2872,2923,80,0,2843,2892,259103,31,2,0,29,31
2020-09-24,US,North Carolina,Burke,2049,38,0,35.74989637,-81.70755735,37023.0,2264.46372326905,1.8545632015617373,2011,2033,36,0,1997,2033,90382,16,2,0,14,0
2020-09-24,US,North Carolina,Cabarrus,3883,63,0,35.3877799,-80.55267168,37025.0,1793.9229301511182,1.6224568632500644,3820,3836,63,0,3773,3811,211342,47,0,0,47,25
2020-09-24,US,North Carolina,Caldwell,1603,18,0,35.95204977,-81.54799522,37027.0,1950.6437245978243,1.1228945726762318,1585,1581,18,0,1563,1580,82029,22,0,0,22,1
2020-09-24,US,North Carolina,Camden,111,3,0,36.33804939,-76.15568396,37029.0,1021.4410600901813,2.702702702702702,108,111,3,0,108,111,10710,0,0,0,0,0
2020-09-24,US,North Carolina,Carteret,628,5,0,34.8932941,-76.54120135,37031.0,903.9482964604956,0.7961783439490446,623,621,5,0,616,619,69524,7,0,0,7,2
2020-09-24,US,North Carolina,Caswell,329,3,0,36.39312665,-79.33353281,37033.0,1455.4946027251815,0.9118541033434652,326,325,3,0,322,324,22698,4,0,0,4,1
2020-09-24,US,North Carolina,Catawba,3032,52,0,35.66211129,-81.2132617,37035.0,1900.3328089451024,1.7150395778364116,2980,3014,52,0,2962,3006,158652,18,0,0,18,8
2020-09-24,US,North Carolina,Chatham,1636,57,0,35.70394416,-79.25541492,37037.0,2196.8577950852687,3.4841075794621026,1579,1618,57,0,1561,1613,73139,18,0,0,18,5
2020-09-24,US,North Carolina,Cherokee,599,12,0,35.1349263,-84.05970864,37039.0,2093.527191388229,2.003338898163606,587,587,10,0,577,581,28383,12,2,0,10,6
2020-09-24,US,North Carolina,Chowan,335,3,0,36.12908077,-76.60118385,37041.0,2402.6393172201106,0.8955223880597015,332,320,3,0,317,313,14029,15,0,0,15,7
2020-09-24,US,North Carolina,Clay,114,2,0,35.05704275,-83.74353633,37043.0,1015.0476360074794,1.7543859649122806,112,113,2,0,111,112,11139,1,0,0,1,1
2020-09-24,US,North Carolina,Cleveland,2118,61,0,35.33553364,-81.55204486,37045.0,2162.393947747251,2.880075542965061,2057,2095,60,0,2035,2071,97645,23,1,0,22,24
2020-09-24,US,North Carolina,Columbus,1338,56,0,34.26744084,-78.65801424,37047.0,2410.4633566332777,4.185351270553063,1282,1328,54,0,1274,1320,55655,10,2,0,8,8
2020-09-24,US,North Carolina,Craven,1317,33,0,35.11833364,-77.08398081,37049.0,1289.419320729594,2.5056947608200457,1284,1307,33,0,1274,1294,102912,10,0,0,10,13
2020-09-24,US,North Carolina,Cumberland,5300,75,0,35.04762133,-78.82623165,37051.0,1579.6893674983382,1.4150943396226414,5225,5238,75,0,5163,5178,332330,62,0,0,62,60
2020-09-24,US,North Carolina,Currituck,177,3,0,36.36123664,-75.95876401,37053.0,637.5391708388862,1.6949152542372878,174,177,1,0,176,170,27072,0,2,0,-2,7
2020-09-24,US,North Carolina,Dare,268,3,0,35.66520691,-75.71767334,37055.0,724.1481801723904,1.1194029850746268,265,265,3,0,262,264,36501,3,0,0,3,1
2020-09-24,US,North Carolina,Davidson,2683,34,0,35.79115496,-80.21256572,37057.0,1600.7493631010266,1.2672381662318302,2649,2651,34,0,2617,2638,166614,32,0,0,32,13
2020-09-24,US,North Carolina,Davie,542,6,0,35.93099927,-80.54496571,37059.0,1264.9955655137005,1.1070110701107012,536,537,6,0,531,534,42733,5,0,0,5,3
2020-09-24,US,North Carolina,Duplin,2154,53,0,34.93449805,-77.93140529,37061.0,3666.944723446996,2.460538532961931,2101,2152,53,0,2099,2146,58856,2,0,0,2,6
2020-09-24,US,North Carolina,Durham,7636,92,0,36.03638492,-78.87608331,37063.0,2375.205295376499,1.2048192771084338,7544,7589,92,0,7497,7563,316739,47,0,0,47,26
2020-09-24,US,North Carolina,Edgecombe,1313,45,0,35.91230639,-77.59436892,37065.0,2550.9014609884985,3.4272658035034267,1268,1289,44,0,1245,1284,52005,24,1,0,23,5
2020-09-24,US,North Carolina,Forsyth,6909,97,0,36.12859861,-80.25459052,37067.0,1807.2430976078685,1.4039658416558112,6812,6886,96,0,6790,6850,379099,23,1,0,22,36
2020-09-24,US,North Carolina,Franklin,1202,31,0,36.081519,-78.28708884,37069.0,1724.9049293248188,2.579034941763727,1171,1199,31,0,1168,1191,67560,3,0,0,3,8
2020-09-24,US,North Carolina,Gaston,4990,77,0,35.29373559,-81.17477045,37071.0,2222.430064713244,1.5430861723446894,4913,4923,77,0,4846,4892,222846,67,0,0,67,31
2020-09-24,US,North Carolina,Gates,129,3,0,36.44667547,-76.69749701,37073.0,1115.7239231966787,2.3255813953488373,126,134,3,0,131,128,11573,-5,0,0,-5,6
2020-09-24,US,North Carolina,Graham,134,2,0,35.3506925,-83.83369267,37075.0,1587.4896339296292,1.492537313432836,132,128,2,0,126,126,8484,6,0,0,6,2
2020-09-24,US,North Carolina,Granville,1709,49,0,36.30337451,-78.65184241,37077.0,2827.4572737951453,2.867173785839672,1660,1704,49,0,1655,1696,60115,5,0,0,5,8
2020-09-24,US,North Carolina,Greene,581,5,0,35.48544173,-77.67578087,37079.0,2757.6059613650386,0.8605851979345955,576,507,5,0,502,507,21012,74,0,0,74,0
2020-09-24,US,North Carolina,Guilford,8331,179,0,36.07959451,-79.78824948,37081.0,1550.8941236917651,2.1486016084503663,8152,8244,179,0,8065,8209,533670,87,0,0,87,35
2020-09-24,US,North Carolina,Halifax,997,19,0,36.25669272,-77.6556109,37083.0,1993.6012797440512,1.9057171514543632,978,980,18,0,962,977,50574,17,1,0,16,3
2020-09-24,US,North Carolina,Harnett,2128,52,0,35.36731853,-78.87243571,37085.0,1564.9820556568811,2.443609022556391,2076,2104,52,0,2052,2077,134214,24,0,0,24,27
2020-09-24,US,North Carolina,Haywood,590,31,0,35.55269063,-82.98196486,37087.0,946.7721488518382,5.2542372881355925,559,587,31,0,556,585,61971,3,0,0,3,2
2020-09-24,US,North Carolina,Henderson,1945,64,0,35.33788927,-82.4766782,37089.0,1656.4892647572324,3.290488431876607,1881,1927,64,0,1863,1923,116748,18,0,0,18,4
2020-09-24,US,North Carolina,Hertford,732,28,0,36.3607755,-76.98104134,37091.0,3091.607889513029,3.8251366120218577,704,718,27,0,691,707,23659,14,1,0,13,11
2020-09-24,US,North Carolina,Hoke,1106,17,0,35.01888303,-79.23651674,37093.0,2002.3898323496398,1.5370705244122966,1089,1088,17,0,1071,1077,54764,18,0,0,18,11
2020-09-24,US,North Carolina,Hyde,125,5,0,35.42017674,-76.15180542,37095.0,2531.901964755925,4.0,120,124,5,0,119,124,5230,1,0,0,1,0
2020-09-24,US,North Carolina,Iredell,2726,27,0,35.80950511,-80.8743128,37097.0,1499.4004598308084,0.9904622157006604,2699,2708,27,0,2681,2686,178435,18,0,0,18,22
2020-09-24,US,North Carolina,Jackson,537,7,0,35.28814273,-83.14093385,37099.0,1222.1767035368018,1.303538175046555,530,538,7,0,531,534,43327,-1,0,0,-1,4
2020-09-24,US,North Carolina,Johnston,4280,56,0,35.51745004,-78.36622717,37101.0,2044.5306416864512,1.308411214953271,4224,4270,55,0,4215,4263,202675,10,1,0,9,7
2020-09-24,US,North Carolina,Jones,149,11,0,35.02254606,-77.35870791,37103.0,1581.908907527339,7.3825503355704685,138,148,11,0,137,148,9637,1,0,0,1,0
2020-09-24,US,North Carolina,Lee,1601,13,0,35.47623147,-79.17569362,37105.0,2591.4954919956617,0.8119925046845722,1588,1588,13,0,1575,1583,61452,13,0,0,13,5
2020-09-24,US,North Carolina,Lenoir,953,31,0,35.24032589999999,-77.64245615,37107.0,1703.3369675954889,3.2528856243441764,922,946,29,0,917,947,55976,7,2,0,5,-1
2020-09-24,US,North Carolina,Lincoln,1535,14,0,35.48508185,-81.21740317,37109.0,1782.5829452683167,0.9120521172638436,1521,1513,14,0,1499,1500,83770,22,0,0,22,13
2020-09-24,US,North Carolina,Macon,592,2,0,35.14867843,-83.41696617,37113.0,1650.956550839422,0.33783783783783783,590,585,2,0,583,585,35285,7,0,0,7,0
2020-09-24,US,North Carolina,Madison,94,1,0,35.85402722,-82.71346418,37115.0,432.0845782578717,1.0638297872340423,93,91,1,0,90,91,21763,3,0,0,3,0
2020-09-24,US,North Carolina,Martin,429,10,0,35.84326734,-77.10860251,37117.0,1911.764705882353,2.331002331002331,419,428,10,0,418,422,22671,1,0,0,1,6
2020-09-24,US,North Carolina,McDowell,898,26,0,35.67736232,-82.0482425,37111.0,1962.584141970452,2.89532293986637,872,886,26,0,860,884,45507,12,0,0,12,2
2020-09-24,US,North Carolina,Mecklenburg,27884,345,0,35.24469268,-80.8317671,37119.0,2511.266656819975,1.2372686845502798,27539,27768,343,0,27425,27687,1093901,116,2,0,114,81
2020-09-24,US,North Carolina,Mitchell,105,3,0,36.01059309,-82.1582442,37121.0,701.6840417000802,2.8571428571428568,102,104,3,0,101,105,15000,1,0,0,1,-1
2020-09-24,US,North Carolina,Montgomery,1029,27,0,35.33155144,-79.90416657,37123.0,3786.847238067199,2.623906705539359,1002,1029,26,0,1003,1028,27271,0,1,0,-1,1
2020-09-24,US,North Carolina,Moore,1563,27,0,35.30885257,-79.48474178,37125.0,1549.3655828707376,1.727447216890595,1536,1540,27,0,1513,1536,98682,23,0,0,23,4
2020-09-24,US,North Carolina,Nash,2252,39,0,35.96575634,-77.98422508,37127.0,2388.1736622197714,1.7317939609236237,2213,2233,39,0,2194,2210,94016,19,0,0,19,23
2020-09-24,US,North Carolina,New Hanover,3966,29,0,34.25758282,-77.87075626,37129.0,1691.452747224627,0.7312153303076148,3937,3949,29,0,3920,3934,232274,17,0,0,17,15
2020-09-24,US,North Carolina,Northampton,414,17,0,36.41736238,-77.39769443,37131.0,2124.9294256531334,4.106280193236715,397,412,17,0,395,410,19676,2,0,0,2,2
2020-09-24,US,North Carolina,Onslow,1909,23,0,34.72607366,-77.42908179,37133.0,964.4434115733212,1.2048192771084338,1886,1899,23,0,1876,1877,197683,10,0,0,10,22
2020-09-24,US,North Carolina,Orange,2614,55,0,36.06092947,-79.12167935,37135.0,1760.5538942320645,2.1040550879877578,2559,2603,55,0,2548,2604,146027,11,0,0,11,-1
2020-09-24,US,North Carolina,Pamlico,236,2,0,35.15253315,-76.66559823,37137.0,1854.4711614018545,0.8474576271186439,234,235,2,0,233,235,12670,1,0,0,1,0
2020-09-24,US,North Carolina,Pasquotank,692,30,0,36.26723798,-76.25134778,37139.0,1737.6456408196066,4.335260115606936,662,688,30,0,658,683,39639,4,0,0,4,5
2020-09-24,US,North Carolina,Pender,920,5,0,34.52265624,-77.90352133,37141.0,1458.9280050745322,0.5434782608695652,915,909,5,0,904,907,62162,11,0,0,11,2
2020-09-24,US,North Carolina,Perquimans,182,3,0,36.17847453,-76.40603143,37143.0,1351.8532273638862,1.6483516483516485,179,179,3,0,176,179,13422,3,0,0,3,0
2020-09-24,US,North Carolina,Person,421,6,0,36.38989032,-78.97217358,37145.0,1066.0926816915676,1.4251781472684086,415,417,6,0,411,414,39507,4,0,0,4,3
2020-09-24,US,North Carolina,Pitt,4695,27,0,35.59535426,-77.37353178,37147.0,2597.625344413584,0.5750798722044729,4668,4640,27,0,4613,4609,179914,55,0,0,55,31
2020-09-24,US,North Carolina,Polk,261,9,0,35.27820615,-82.16812354,37149.0,1259.4093804284887,3.4482758620689653,252,260,8,0,252,259,20611,1,1,0,0,1
2020-09-24,US,North Carolina,Randolph,2714,51,0,35.71015088,-79.80570339,37151.0,1889.0907445690384,1.879145173176124,2663,2696,51,0,2645,2687,143351,18,0,0,18,9
2020-09-24,US,North Carolina,Richmond,953,15,0,35.00417719,-79.74491009,37153.0,2125.8560306944164,1.5739769150052465,938,940,15,0,925,931,44887,13,0,0,13,9
2020-09-24,US,North Carolina,Robeson,4314,72,0,34.64244496,-79.10250529999998,37155.0,3302.5837320574165,1.6689847009735743,4242,4273,72,0,4201,4263,131831,41,0,0,41,10
2020-09-24,US,North Carolina,Rockingham,1183,14,0,36.39593137,-79.77504841,37157.0,1299.857158554005,1.183431952662722,1169,1170,14,0,1156,1168,90690,13,0,0,13,2
2020-09-24,US,North Carolina,Rowan,3261,91,0,35.64003916,-80.52446628,37159.0,2295.056584651765,2.790555044464888,3170,3224,88,0,3136,3213,141262,37,3,0,34,11
2020-09-24,US,North Carolina,Rutherford,1140,32,0,35.40114178,-81.92112099,37161.0,1700.7563890256454,2.8070175438596485,1108,1135,31,0,1104,1134,66826,5,1,0,4,1
2020-09-24,US,North Carolina,Sampson,1788,24,0,34.98820368,-78.36914061,37163.0,2814.374085092317,1.342281879194631,1764,1769,24,0,1745,1765,63626,19,0,0,19,4
2020-09-24,US,North Carolina,Scotland,1034,13,0,34.8386299,-79.4757978,37165.0,2969.3018981707487,1.2572533849129597,1021,984,12,0,972,968,34810,50,1,0,49,16
2020-09-24,US,North Carolina,Stanly,1864,56,0,35.31647813,-80.25093221,37167.0,2967.8693118491865,3.004291845493562,1808,1840,56,0,1784,1830,62075,24,0,0,24,10
2020-09-24,US,North Carolina,Stokes,417,3,0,36.4017975,-80.23893369,37169.0,914.6542080673818,0.7194244604316546,414,414,3,0,411,413,45467,3,0,0,3,1
2020-09-24,US,North Carolina,Surry,1282,21,0,36.41689489,-80.69102283,37171.0,1785.9381747767575,1.6380655226209049,1261,1279,21,0,1258,1277,71948,3,0,0,3,2
2020-09-24,US,North Carolina,Swain,139,3,0,35.48665845,-83.48748932,37173.0,974.0032233200196,2.1582733812949644,136,139,3,0,136,139,14245,0,0,0,0,0
2020-09-24,US,North Carolina,Transylvania,324,7,0,35.20383864,-82.79638423,37175.0,942.2713392467647,2.1604938271604937,317,319,7,0,312,313,34215,5,0,0,5,6
2020-09-24,US,North Carolina,Tyrrell,114,3,0,35.87147226,-76.17055253,37177.0,2838.6454183266933,2.631578947368421,111,113,2,0,111,113,4131,1,1,0,0,0
2020-09-24,US,North Carolina,Union,4653,58,0,34.98960527,-80.52955873,37179.0,1939.8896851900488,1.2465076294863529,4595,4629,58,0,4571,4611,235908,24,0,0,24,18
2020-09-24,US,North Carolina,Vance,1030,44,0,36.36880673,-78.40670845,37181.0,2312.787695071292,4.271844660194175,986,1026,44,0,982,1024,44582,4,0,0,4,2
2020-09-24,US,North Carolina,Wake,17158,239,0,35.78879266,-78.65249174,37183.0,1543.317313703215,1.3929362396549714,16919,17070,235,0,16835,17010,1092305,88,4,0,84,60
2020-09-24,US,North Carolina,Warren,336,7,0,36.39728256,-78.10652228,37185.0,1702.904059601642,2.083333333333333,329,325,7,0,318,323,19807,11,0,0,11,2
2020-09-24,US,North Carolina,Washington,202,8,0,35.83810081,-76.57299037,37187.0,1744.3868739205527,3.96039603960396,194,201,8,0,193,200,11859,1,0,0,1,1
2020-09-24,US,North Carolina,Watauga,622,1,0,36.23103603,-81.70033724,37189.0,1107.2146964060023,0.1607717041800643,621,613,1,0,612,603,55945,9,0,0,9,10
2020-09-24,US,North Carolina,Wayne,3250,67,0,35.36438125,-78.00027268,37191.0,2639.4652849404292,2.0615384615384613,3183,3217,66,0,3151,3192,123248,33,1,0,32,25
2020-09-24,US,North Carolina,Wilkes,1192,33,0,36.2084135,-81.16232895,37193.0,1742.3843770098813,2.7684563758389262,1159,1175,33,0,1142,1172,68557,17,0,0,17,3
2020-09-24,US,North Carolina,Wilson,2145,49,0,35.70625477,-77.917978,37195.0,2622.217332306451,2.2843822843822843,2096,2128,47,0,2081,2116,81455,17,2,0,15,12
2020-09-24,US,North Carolina,Yadkin,728,7,0,36.16222629,-80.66239436,37197.0,1932.7262590596545,0.9615384615384616,721,716,7,0,709,713,37543,12,0,0,12,3
2020-09-24,US,North Carolina,Yancey,119,0,0,35.90079156,-82.31237181,37199.0,658.5865294150202,0.0,119,118,0,0,118,120,17903,1,0,0,1,-2
2020-09-24,US,North Dakota,Adams,19,0,0,46.09686891,-102.5285397,38001.0,857.4007220216606,0.0,19,19,0,0,19,18,2294,0,0,0,0,1
2020-09-24,US,North Dakota,Barnes,226,0,0,46.93579637,-98.06605978,38003.0,2169.9471915506483,0.0,226,215,0,0,215,214,10542,11,0,0,11,1
2020-09-24,US,North Dakota,Benson,327,6,0,48.0683985,-99.35916363,38005.0,4786.299765807962,1.834862385321101,321,325,5,0,320,325,6962,2,1,0,1,0
2020-09-24,US,North Dakota,Billings,15,0,0,47.02366884,-103.3762965,38007.0,1616.3793103448277,0.0,15,15,0,0,15,15,919,0,0,0,0,0
2020-09-24,US,North Dakota,Bottineau,64,1,0,48.79106111,-100.8378166,38009.0,1018.7838268067494,1.5625,63,52,1,0,51,51,6411,12,0,0,12,1
2020-09-24,US,North Dakota,Bowman,34,0,0,46.11285362,-103.5203343,38011.0,1124.3386243386244,0.0,34,34,0,0,34,30,3076,0,0,0,0,4
2020-09-24,US,North Dakota,Burke,32,1,0,48.79094471,-102.51821170000001,38013.0,1513.0023640661939,3.125,31,31,1,0,30,30,2100,1,0,0,1,1
2020-09-24,US,North Dakota,Burleigh,3399,40,0,46.97847375,-100.46452140000001,38015.0,3554.4726329659297,1.176816710797293,3359,3280,38,0,3242,3201,95273,119,2,0,117,79
2020-09-24,US,North Dakota,Cass,4927,77,0,46.93201724,-97.24447190000001,38017.0,2708.2886715808336,1.5628171300994518,4850,4849,77,0,4772,4767,181516,78,0,0,78,82
2020-09-24,US,North Dakota,Cavalier,53,0,0,48.77286211,-98.46685243,38019.0,1408.8250930356196,0.0,53,53,0,0,53,47,3829,0,0,0,0,6
2020-09-24,US,North Dakota,Dickey,52,0,0,46.11017712,-98.50490079999999,38021.0,1067.3234811165846,0.0,52,52,0,0,52,52,4903,0,0,0,0,0
2020-09-24,US,North Dakota,Divide,7,0,0,48.814938700000006,-103.48736109999999,38023.0,309.1872791519435,0.0,7,6,0,0,6,6,2283,1,0,0,1,0
2020-09-24,US,North Dakota,Dunn,96,1,0,47.35423935,-102.61604679999999,38025.0,2169.9819168173603,1.0416666666666667,95,96,1,0,95,86,4332,0,0,0,0,10
2020-09-24,US,North Dakota,Eddy,76,3,0,47.71701474,-98.90432337,38027.0,3323.1307389593353,3.947368421052632,73,68,3,0,65,62,2313,8,0,0,8,6
2020-09-24,US,North Dakota,Emmons,145,1,0,46.28398398,-100.2389766,38029.0,4473.9278000617105,0.6896551724137931,144,133,1,0,132,127,3295,12,0,0,12,6
2020-09-24,US,North Dakota,Foster,59,0,0,47.457108399999996,-98.88279923,38031.0,1838.006230529595,0.0,59,59,0,0,59,58,3216,0,0,0,0,1
2020-09-24,US,North Dakota,Golden Valley,41,0,0,46.94022281,-103.8465421,38033.0,2328.222600795003,0.0,41,41,0,0,41,41,1769,0,0,0,0,0
2020-09-24,US,North Dakota,Grand Forks,2148,13,0,47.92093639,-97.45450447,38035.0,3092.8280370333036,0.6052141527001862,2135,2119,13,0,2106,2110,70770,29,0,0,29,9
2020-09-24,US,North Dakota,Grant,16,0,0,46.35821257,-101.63900129999999,38037.0,703.6059806508356,0.0,16,15,0,0,15,12,2374,1,0,0,1,3
2020-09-24,US,North Dakota,Griggs,56,1,0,47.45785838,-98.23850925,38039.0,2510.085163603765,1.7857142857142858,55,56,1,0,55,56,2232,0,0,0,0,0
2020-09-24,US,North Dakota,Hettinger,56,0,0,46.43375068,-102.4632417,38041.0,2240.896358543417,0.0,56,55,0,0,55,55,2514,1,0,0,1,0
2020-09-24,US,North Dakota,Kidder,43,0,0,46.97830064,-99.77507857,38043.0,1733.8709677419354,0.0,43,43,0,0,43,42,2450,0,0,0,0,1
2020-09-24,US,North Dakota,LaMoure,53,0,0,46.45681054,-98.53542355,38045.0,1309.935739001483,0.0,53,47,0,0,47,45,4062,6,0,0,6,2
2020-09-24,US,North Dakota,Logan,44,0,0,46.45729487,-99.47719806,38047.0,2378.378378378379,0.0,44,40,0,0,40,38,1903,4,0,0,4,2
2020-09-24,US,North Dakota,McHenry,59,1,0,48.23104458,-100.6324822,38049.0,1026.9799825935595,1.6949152542372878,58,58,1,0,57,56,5816,1,0,0,1,2
2020-09-24,US,North Dakota,McIntosh,61,3,0,46.11182017,-99.44145858,38051.0,2442.9315178213856,4.918032786885246,58,61,3,0,58,56,2585,0,0,0,0,5
2020-09-24,US,North Dakota,McKenzie,210,2,0,47.74133370000001,-103.395905,38053.0,1397.7635782747604,0.9523809523809524,208,201,2,0,199,187,13632,9,0,0,9,14
2020-09-24,US,North Dakota,McLean,258,2,0,47.60766714,-101.3182418,38055.0,2730.15873015873,0.7751937984496124,256,257,2,0,255,246,9541,1,0,0,1,11
2020-09-24,US,North Dakota,Mercer,134,0,0,47.31213126,-101.8318399,38057.0,1636.7411750335898,0.0,134,125,0,0,125,120,8267,9,0,0,9,5
2020-09-24,US,North Dakota,Morton,1198,23,0,46.71681782,-101.2822377,38059.0,3819.6658589465633,1.919866444073456,1175,1155,20,0,1135,1125,31095,43,3,0,40,30
2020-09-24,US,North Dakota,Mountrail,237,2,0,48.20197971,-102.3555315,38061.0,2247.5106685633,0.8438818565400844,235,233,2,0,231,223,10218,4,0,0,4,10
2020-09-24,US,North Dakota,Nelson,46,0,0,47.9226426,-98.19038437,38063.0,1597.7770059048278,0.0,46,44,0,0,44,42,2869,2,0,0,2,2
2020-09-24,US,North Dakota,Oliver,20,0,0,47.11530482,-101.3406158,38065.0,1020.9290454313423,0.0,20,20,0,0,20,19,1952,0,0,0,0,1
2020-09-24,US,North Dakota,Pembina,70,0,0,48.76623521,-97.5523809,38067.0,1029.2604028819294,0.0,70,63,0,0,63,58,6947,7,0,0,7,5
2020-09-24,US,North Dakota,Pierce,31,0,0,48.24977025,-99.96407787,38069.0,779.874213836478,0.0,31,31,0,0,31,31,4081,0,0,0,0,0
2020-09-24,US,North Dakota,Ramsey,199,2,0,48.26886249,-98.72223879,38071.0,1727.5805191422867,1.0050251256281406,197,192,2,0,190,191,11481,7,0,0,7,1
2020-09-24,US,North Dakota,Ransom,76,0,0,46.45621782,-97.65742504,38073.0,1456.4967420467613,0.0,76,75,0,0,75,74,5237,1,0,0,1,1
2020-09-24,US,North Dakota,Renville,51,0,0,48.71982533,-101.6603912,38075.0,2191.6630855178337,0.0,51,46,0,0,46,38,2374,5,0,0,5,8
2020-09-24,US,North Dakota,Richland,226,1,0,46.26440649,-96.94852979,38077.0,1397.045187612042,0.4424778761061947,225,217,1,0,216,210,16239,9,0,0,9,7
2020-09-24,US,North Dakota,Rolette,171,4,0,48.77245354,-99.84097493,38079.0,1206.2641083521444,2.3391812865497075,167,168,4,0,164,160,14301,3,0,0,3,8
2020-09-24,US,North Dakota,Sargent,62,0,0,46.10830372,-97.63217159,38081.0,1590.5592611595694,0.0,62,58,0,0,58,56,3870,4,0,0,4,2
2020-09-24,US,North Dakota,Sheridan,10,0,0,47.57700669,-100.3426391,38083.0,760.4562737642585,0.0,10,9,0,0,9,9,1349,1,0,0,1,0
2020-09-24,US,North Dakota,Sioux,145,3,0,46.11323337,-101.04401490000001,38085.0,3427.895981087471,2.0689655172413794,142,144,3,0,141,141,4358,1,0,0,1,3
2020-09-24,US,North Dakota,Slope,7,0,0,46.44737738,-103.4601547,38087.0,933.3333333333336,0.0,7,7,0,0,7,7,763,0,0,0,0,0
2020-09-24,US,North Dakota,Stark,1422,7,0,46.80851182,-102.65763259999999,38089.0,4515.862682206483,0.4922644163150493,1415,1391,7,0,1384,1366,30997,31,0,0,31,25
2020-09-24,US,North Dakota,Steele,28,0,0,47.45611548,-97.72728747,38091.0,1481.4814814814815,0.0,28,28,0,0,28,28,1903,0,0,0,0,0
2020-09-24,US,North Dakota,Stutsman,504,3,0,46.97962541,-98.95637318,38093.0,2434.3122102009274,0.5952380952380952,501,499,3,0,496,494,20917,5,0,0,5,5
2020-09-24,US,North Dakota,Towner,18,0,0,48.68565745,-99.24564265,38095.0,822.2932846048424,0.0,18,16,0,0,16,13,2192,2,0,0,2,3
2020-09-24,US,North Dakota,Traill,112,0,0,47.45367788,-97.16323288,38097.0,1393.7282229965156,0.0,112,107,0,0,107,104,8037,5,0,0,5,3
2020-09-24,US,North Dakota,Walsh,179,1,0,48.36876964,-97.72574783,38099.0,1682.1727281270553,0.5586592178770949,178,174,1,0,173,170,10667,5,0,0,5,4
2020-09-24,US,North Dakota,Ward,979,6,0,48.22390169,-101.54367629999999,38101.0,1447.3470232551267,0.6128702757916241,973,961,4,0,957,915,67744,18,2,0,16,46
2020-09-24,US,North Dakota,Wells,33,0,0,47.58614526,-99.65904998,38103.0,860.7198748043819,0.0,33,33,0,0,33,33,3957,0,0,0,0,0
2020-09-24,US,North Dakota,Williams,917,7,0,48.34522353,-103.4793387,38105.0,2439.5434834659077,0.7633587786259542,910,905,7,0,898,848,35350,12,0,0,12,57
2020-09-24,US,Ohio,Adams,126,4,0,38.84541072,-83.4718964,39001.0,454.9064914434255,3.1746031746031744,122,126,4,0,122,123,27724,0,0,0,0,3
2020-09-24,US,Ohio,Allen,1408,69,0,40.77285242,-84.10802343,39003.0,1375.6582739787589,4.900568181818182,1339,1393,69,0,1324,1388,102663,15,0,0,15,5
2020-09-24,US,Ohio,Ashland,236,4,0,40.84772277,-82.27280781,39005.0,441.25345897838605,1.6949152542372878,232,231,4,0,227,224,53745,5,0,0,5,7
2020-09-24,US,Ohio,Ashtabula,655,48,0,41.70860332,-80.74830218,39007.0,673.5841877397394,7.32824427480916,607,653,48,0,605,651,97493,2,0,0,2,2
2020-09-24,US,Ohio,Athens,653,2,0,39.33425634,-82.04278644,39009.0,999.586694628561,0.30627871362940273,651,636,2,0,634,629,65818,17,0,0,17,7
2020-09-24,US,Ohio,Auglaize,585,9,0,40.55998859,-84.22421429999999,39011.0,1281.3211845102505,1.5384615384615383,576,576,9,0,567,570,45804,9,0,0,9,6
2020-09-24,US,Ohio,Belmont,718,27,0,40.01625942,-80.9924051,39013.0,1071.5458317165626,3.7604456824512535,691,714,27,0,687,712,67505,4,0,0,4,2
2020-09-24,US,Ohio,Brown,284,2,0,38.93416837,-83.86788395,39015.0,653.8957450727572,0.7042253521126759,282,283,2,0,281,281,43602,1,0,0,1,2
2020-09-24,US,Ohio,Butler,5838,110,0,39.44012838,-84.57388716,39017.0,1523.7488711521296,1.8842069201781435,5728,5771,106,0,5665,5727,382378,67,4,0,63,44
2020-09-24,US,Ohio,Carroll,152,7,0,40.578968599999996,-81.09178213,39019.0,564.7618339897451,4.605263157894737,145,151,7,0,144,151,27081,1,0,0,1,0
2020-09-24,US,Ohio,Champaign,302,3,0,40.13923427,-83.76875242,39021.0,776.6490934807766,0.9933774834437086,299,300,3,0,297,294,38754,2,0,0,2,6
2020-09-24,US,Ohio,Clark,1777,40,0,39.91592258,-83.78498252,39023.0,1325.2985091324028,2.250984805852561,1737,1764,39,0,1725,1759,134585,13,1,0,12,5
2020-09-24,US,Ohio,Clermont,1679,23,0,39.04847534,-84.15375786,39025.0,813.3586528959247,1.3698630136986298,1656,1665,21,0,1644,1655,205466,14,2,0,12,10
2020-09-24,US,Ohio,Clinton,286,13,0,39.41485808,-83.80852286,39027.0,681.4715974075486,4.545454545454546,273,284,13,0,271,282,42057,2,0,0,2,2
2020-09-24,US,Ohio,Columbiana,1924,80,0,40.76932373,-80.78094576,39029.0,1888.4406623283567,4.158004158004158,1844,1923,80,0,1843,1921,102665,1,0,0,1,2
2020-09-24,US,Ohio,Coshocton,233,11,0,40.30096166,-81.91729018,39031.0,636.6120218579235,4.721030042918455,222,232,11,0,221,231,36629,1,0,0,1,1
2020-09-24,US,Ohio,Crawford,231,6,0,40.85065156,-82.91989099,39033.0,556.7069937822337,2.5974025974025974,225,228,6,0,222,227,41550,3,0,0,3,1
2020-09-24,US,Ohio,Cuyahoga,17327,656,0,41.424119,-81.65918339,39035.0,1402.9141620893356,3.785998730305304,16671,17262,654,0,16608,17196,1243857,65,2,0,63,66
2020-09-24,US,Ohio,Darke,784,42,0,40.13412966,-84.6194517,39037.0,1533.8563574824411,5.357142857142857,742,780,41,0,739,768,51323,4,1,0,3,12
2020-09-24,US,Ohio,Defiance,288,11,0,41.32398837,-84.49076944,39039.0,756.1635203612781,3.8194444444444446,277,286,10,0,276,287,38165,2,1,0,1,-1
2020-09-24,US,Ohio,Delaware,2216,20,0,40.27942393,-83.00457058,39041.0,1059.3898946824938,0.9025270758122744,2196,2188,20,0,2168,2166,204826,28,0,0,28,22
2020-09-24,US,Ohio,Erie,932,46,0,41.36796058,-82.62904521,39043.0,1254.9484286214415,4.935622317596566,886,926,45,0,881,912,74615,6,1,0,5,14
2020-09-24,US,Ohio,Fairfield,2067,52,0,39.75107189,-82.63088163,39045.0,1311.7646312208867,2.5157232704402515,2015,2058,52,0,2006,2038,155782,9,0,0,9,20
2020-09-24,US,Ohio,Fayette,228,6,0,39.56021306,-83.4562016,39047.0,799.298860648554,2.631578947368421,222,227,6,0,221,226,28666,1,0,0,1,1
2020-09-24,US,Ohio,Franklin,26545,606,0,39.96995815,-83.01115755,39049.0,2015.9391717220199,2.2829158033527968,25939,26393,606,0,25787,26242,1310300,152,0,0,152,151
2020-09-24,US,Ohio,Fulton,241,1,0,41.60213491,-84.12571393,39051.0,572.0932440772921,0.4149377593360996,240,239,1,0,238,237,42276,2,0,0,2,2
2020-09-24,US,Ohio,Gallia,189,13,0,38.82708533,-82.31647569,39053.0,632.1493076459964,6.878306878306877,176,188,12,0,176,186,29979,1,1,0,0,2
2020-09-24,US,Ohio,Geauga,713,48,0,41.49952319,-81.17935342,39055.0,761.3535649072601,6.73211781206171,665,709,48,0,661,705,94031,4,0,0,4,4
2020-09-24,US,Ohio,Greene,1420,32,0,39.69116283,-83.89032084,39057.0,840.5500275250537,2.2535211267605635,1388,1397,32,0,1365,1376,167995,23,0,0,23,21
2020-09-24,US,Ohio,Guernsey,167,8,0,40.05026529,-81.49248905,39059.0,429.5819935691318,4.790419161676646,159,160,8,0,152,157,39022,7,0,0,7,3
2020-09-24,US,Ohio,Hamilton,12953,315,0,39.19673558,-84.54502924,39061.0,1584.5171644812729,2.4318690650814485,12638,12913,312,0,12601,12850,816684,40,3,0,37,63
2020-09-24,US,Ohio,Hancock,686,10,0,41.00250487,-83.66838948,39063.0,905.216209440112,1.4577259475218658,676,676,10,0,666,674,75930,10,0,0,10,2
2020-09-24,US,Ohio,Hardin,252,13,0,40.66015414,-83.65929931,39065.0,803.4433285509326,5.158730158730159,239,252,13,0,239,250,31480,0,0,0,0,2
2020-09-24,US,Ohio,Harrison,63,2,0,40.29380509,-81.09068544,39067.0,418.88297872340434,3.1746031746031744,61,62,2,0,60,62,15174,1,0,0,1,0
2020-09-24,US,Ohio,Henry,306,13,0,41.333964200000004,-84.06830637,39069.0,1133.0815374361252,4.248366013071895,293,307,13,0,294,300,27086,-1,0,0,-1,7
2020-09-24,US,Ohio,Highland,222,3,0,39.1839264,-83.60331456,39071.0,514.3532355598803,1.351351351351351,219,222,3,0,219,220,43058,0,0,0,0,2
2020-09-24,US,Ohio,Hocking,161,9,0,39.49537927,-82.47991446,39073.0,569.6292103028587,5.590062111801243,152,161,9,0,152,161,28385,0,0,0,0,0
2020-09-24,US,Ohio,Holmes,385,7,0,40.56163713,-81.92635677,39075.0,875.796178343949,1.818181818181818,378,378,7,0,371,377,43892,7,0,0,7,1
2020-09-24,US,Ohio,Huron,542,7,0,41.14651175,-82.59867951,39077.0,930.2165928671952,1.2915129151291511,535,538,7,0,531,533,58504,4,0,0,4,5
2020-09-24,US,Ohio,Jackson,246,6,0,39.01914254,-82.61818559999998,39079.0,758.9547403819455,2.4390243902439024,240,241,4,0,237,234,32384,5,2,0,3,7
2020-09-24,US,Ohio,Jefferson,335,4,0,40.38614126,-80.76259514,39081.0,512.8205128205128,1.1940298507462686,331,333,4,0,329,328,65767,2,0,0,2,5
2020-09-24,US,Ohio,Knox,282,15,0,40.39830217,-82.42027563,39083.0,452.4886877828054,5.319148936170213,267,282,15,0,267,280,61893,0,0,0,0,2
2020-09-24,US,Ohio,Lake,1608,50,0,41.69710807,-81.23676539,39085.0,698.6778130689247,3.109452736318408,1558,1596,50,0,1546,1586,230514,12,0,0,12,10
2020-09-24,US,Ohio,Lawrence,641,22,0,38.59743452,-82.53466552,39087.0,1077.9812656609993,3.43213728549142,619,627,22,0,605,616,59866,14,0,0,14,11
2020-09-24,US,Ohio,Licking,1898,63,0,40.09136236,-82.48185785,39089.0,1073.1530798023316,3.319283456269757,1835,1883,62,0,1821,1875,175769,15,1,0,14,8
2020-09-24,US,Ohio,Logan,308,3,0,40.38996525,-83.76784341,39091.0,674.373795761079,0.9740259740259741,305,305,3,0,302,301,45358,3,0,0,3,4
2020-09-24,US,Ohio,Lorain,2295,86,0,41.29553751,-82.15083537,39093.0,740.7216145471915,3.7472766884531588,2209,2293,86,0,2207,2277,309461,2,0,0,2,16
2020-09-24,US,Ohio,Lucas,7230,364,0,41.62101218,-83.65468618,39095.0,1687.8799480795988,5.0345781466113415,6866,7205,361,0,6844,7187,429899,25,3,0,22,18
2020-09-24,US,Ohio,Madison,802,12,0,39.89381073,-83.40178317,39097.0,1792.9400192260398,1.4962593516209477,790,792,12,0,780,787,44413,10,0,0,10,5
2020-09-24,US,Ohio,Mahoning,3030,281,0,41.01631101,-80.77287029,39099.0,1324.9782449941622,9.273927392739273,2749,3014,280,0,2734,3002,229642,16,1,0,15,12
2020-09-24,US,Ohio,Marion,3083,47,0,40.58610662,-83.15736305,39101.0,4736.3003702395035,1.5244891339604283,3036,3075,47,0,3028,3072,65256,8,0,0,8,3
2020-09-24,US,Ohio,Medina,1451,39,0,41.11770589,-81.89986209999998,39103.0,807.2502308813547,2.687801516195727,1412,1442,39,0,1403,1439,179146,9,0,0,9,3
2020-09-24,US,Ohio,Meigs,174,10,0,39.09224872,-82.0305041,39105.0,759.593137468896,5.747126436781608,164,174,10,0,164,172,23106,0,0,0,0,2
2020-09-24,US,Ohio,Mercer,1101,18,0,40.54043046,-84.62912742,39107.0,2674.1474788691344,1.6348773841961852,1083,1085,17,0,1068,1077,40959,16,1,0,15,8
2020-09-24,US,Ohio,Miami,1407,51,0,40.0543329,-84.22871271,39109.0,1315.11305111836,3.6247334754797436,1356,1394,51,0,1343,1380,106222,13,0,0,13,14
2020-09-24,US,Ohio,Monroe,110,18,0,39.72984936,-81.08464734,39111.0,805.6247253552073,16.363636363636363,92,110,18,0,92,109,13790,0,0,0,0,1
2020-09-24,US,Ohio,Montgomery,7667,157,0,39.75394919,-84.29050975,39113.0,1442.0138163994982,2.0477370549106557,7510,7623,157,0,7466,7583,532331,44,0,0,44,40
2020-09-24,US,Ohio,Morgan,47,0,0,39.62081738,-81.85308173,39115.0,323.9591949269368,0.0,47,47,0,0,47,47,14604,0,0,0,0,0
2020-09-24,US,Ohio,Morrow,257,2,0,40.52363560000001,-82.7892599,39117.0,727.4682971014493,0.7782101167315175,255,255,2,0,253,252,35112,2,0,0,2,3
2020-09-24,US,Ohio,Muskingum,392,2,0,39.96575964,-81.94363275,39119.0,454.67726033752825,0.5102040816326531,390,386,2,0,384,380,86183,6,0,0,6,6
2020-09-24,US,Ohio,Noble,28,0,0,39.76818851,-81.45937183,39121.0,194.12090959511931,0.0,28,27,0,0,27,27,14354,1,0,0,1,0
2020-09-24,US,Ohio,Ottawa,469,30,0,41.53781826,-83.0940185,39123.0,1157.3103022825414,6.3965884861407245,439,466,30,0,436,466,40769,3,0,0,3,0
2020-09-24,US,Ohio,Paulding,107,0,0,41.11676341,-84.5801017,39125.0,573.0505569837187,0.0,107,106,0,0,106,105,18760,1,0,0,1,1
2020-09-24,US,Ohio,Perry,293,9,0,39.73508655,-82.23804971,39127.0,810.8706481430232,3.0716723549488054,284,292,9,0,283,288,36033,1,0,0,1,4
2020-09-24,US,Ohio,Pickaway,2644,44,0,39.64170392,-83.0243386,39129.0,4522.982705236328,1.6641452344931922,2600,2641,44,0,2597,2634,58086,3,0,0,3,7
2020-09-24,US,Ohio,Pike,179,0,0,39.07634001,-83.06769584,39131.0,644.5340630851217,0.0,179,174,0,0,174,167,28067,5,0,0,5,7
2020-09-24,US,Ohio,Portage,1116,66,0,41.16793482,-81.19735782,39133.0,686.9129540950106,5.913978494623656,1050,1110,66,0,1044,1094,162927,6,0,0,6,16
2020-09-24,US,Ohio,Preble,430,15,0,39.7420247,-84.64787018,39135.0,1051.8076415048188,3.4883720930232562,415,425,15,0,410,422,40997,5,0,0,5,3
2020-09-24,US,Ohio,Putnam,579,23,0,41.02094889,-84.1336111,39137.0,1709.931779923806,3.972366148531952,556,568,23,0,545,558,33780,11,0,0,11,10
2020-09-24,US,Ohio,Richland,839,19,0,40.77180308,-82.53799609999999,39139.0,692.5070571338957,2.2646007151370684,820,815,19,0,796,808,121099,24,0,0,24,7
2020-09-24,US,Ohio,Ross,868,23,0,39.33705391,-83.06000914,39141.0,1132.1837581196355,2.6497695852534564,845,865,23,0,842,861,76931,3,0,0,3,4
2020-09-24,US,Ohio,Sandusky,558,20,0,41.35624126,-83.137872,39143.0,953.5527529990773,3.584229390681004,538,558,20,0,538,555,58799,0,0,0,0,3
2020-09-24,US,Ohio,Scioto,489,6,0,38.80270163,-82.98907345,39145.0,649.2816740579441,1.2269938650306749,483,482,6,0,476,474,75502,7,0,0,7,8
2020-09-24,US,Ohio,Seneca,464,14,0,41.12351311,-83.12783209,39147.0,840.9148573706913,3.0172413793103448,450,464,14,0,450,453,55207,0,0,0,0,11
2020-09-24,US,Ohio,Shelby,610,10,0,40.33163494,-84.20258189,39149.0,1255.4023461617614,1.639344262295082,600,597,10,0,587,590,48627,13,0,0,13,7
2020-09-24,US,Ohio,Stark,2817,170,0,40.81482476,-81.36437305,39151.0,760.106420295408,6.034788782392616,2647,2790,170,0,2620,2771,371574,27,0,0,27,19
2020-09-24,US,Ohio,Summit,5237,252,0,41.12464734,-81.53123079,39153.0,967.9989205434987,4.811915218636624,4985,5202,250,0,4952,5172,541918,35,2,0,33,30
2020-09-24,US,Ohio,Trumbull,1876,132,0,41.31735028,-80.76109643,39155.0,947.5991796902624,7.0362473347547985,1744,1861,131,0,1730,1852,198627,15,1,0,14,9
2020-09-24,US,Ohio,Tuscarawas,928,20,0,40.44214695,-81.47226262,39157.0,1008.8382053985887,2.155172413793104,908,920,20,0,900,916,92176,8,0,0,8,4
2020-09-24,US,Ohio,Union,515,2,0,40.30016061,-83.37239023,39159.0,873.0589272394385,0.3883495145631068,513,509,2,0,507,500,57835,6,0,0,6,9
2020-09-24,US,Ohio,Van Wert,116,3,0,40.8554138,-84.59111700000003,39161.0,410.2564102564103,2.586206896551724,113,114,3,0,111,114,28281,2,0,0,2,0
2020-09-24,US,Ohio,Vinton,47,3,0,39.25208988,-82.4831444,39163.0,359.18991211310663,6.382978723404255,44,45,3,0,42,45,13139,2,0,0,2,0
2020-09-24,US,Ohio,Warren,3002,49,0,39.42581994,-84.16557457,39165.0,1279.6139845355112,1.6322451698867422,2953,2978,48,0,2930,2947,232173,24,1,0,23,31
2020-09-24,US,Ohio,Washington,258,23,0,39.45690571,-81.49121382,39167.0,430.63878085827315,8.914728682170542,235,255,23,0,232,251,60155,3,0,0,3,4
2020-09-24,US,Ohio,Wayne,919,67,0,40.82925852,-81.88844833,39169.0,794.2269466770374,7.290533188248097,852,913,67,0,846,908,115967,6,0,0,6,5
2020-09-24,US,Ohio,Williams,206,3,0,41.56052014,-84.58429552,39171.0,561.4302845306879,1.4563106796116505,203,205,3,0,202,201,36804,1,0,0,1,4
2020-09-24,US,Ohio,Wood,1804,72,0,41.36224827,-83.62285108,39173.0,1379.0256618023652,3.991130820399113,1732,1752,72,0,1680,1737,130696,52,0,0,52,15
2020-09-24,US,Ohio,Wyandot,208,12,0,40.84339621,-83.30734173,39175.0,955.3555024802498,5.769230769230768,196,205,12,0,193,202,21935,3,0,0,3,3
2020-09-24,US,Oklahoma,Adair,603,10,0,35.88494195,-94.65859267,40001.0,2716.950527169505,1.658374792703151,593,599,10,0,589,590,22082,4,0,0,4,9
2020-09-24,US,Oklahoma,Alfalfa,62,0,0,36.73090616,-98.32408495,40003.0,1087.3377762188707,0.0,62,62,0,0,62,61,5754,0,0,0,0,1
2020-09-24,US,Oklahoma,Atoka,291,1,0,34.37366573,-96.03802487,40005.0,2115.133013519407,0.3436426116838488,290,289,1,0,288,281,13838,2,0,0,2,8
2020-09-24,US,Oklahoma,Beaver,51,0,0,36.7496847,-100.4758872,40007.0,960.2711353794012,0.0,51,50,0,0,50,49,5319,1,0,0,1,1
2020-09-24,US,Oklahoma,Beckham,363,1,0,35.26862449,-99.68128023,40009.0,1660.6432133217438,0.27548209366391185,362,349,1,0,348,326,21709,14,0,0,14,23
2020-09-24,US,Oklahoma,Blaine,120,1,0,35.87518314,-98.43307003,40011.0,1272.6694241170856,0.8333333333333334,119,117,1,0,116,115,9485,3,0,0,3,2
2020-09-24,US,Oklahoma,Bryan,911,4,0,33.96472458,-96.25903472,40013.0,1898.114386915304,0.4390779363336992,907,890,4,0,886,864,47192,21,0,0,21,26
2020-09-24,US,Oklahoma,Caddo,737,20,0,35.17364557,-98.37534464,40015.0,2562.4087337459146,2.71370420624152,717,727,20,0,707,714,28977,10,0,0,10,13
2020-09-24,US,Oklahoma,Canadian,2122,17,0,35.5426055,-97.98465569,40017.0,1430.825455477189,0.8011310084825636,2105,2087,17,0,2070,2044,144447,35,0,0,35,43
2020-09-24,US,Oklahoma,Carter,539,8,0,34.25103751,-97.28552485,40019.0,1120.3259129928706,1.4842300556586268,531,528,8,0,520,520,48177,11,0,0,11,8
2020-09-24,US,Oklahoma,Cherokee,1042,8,0,35.90692775,-94.99980896,40021.0,2141.5212610724047,0.7677543186180422,1034,1042,8,0,1034,1025,48675,0,0,0,0,17
2020-09-24,US,Oklahoma,Choctaw,307,2,0,34.02807439,-95.54771129,40023.0,2092.420937840785,0.6514657980456026,305,304,2,0,302,305,14668,3,0,0,3,-1
2020-09-24,US,Oklahoma,Cimarron,24,0,0,36.74817177,-102.5173885,40025.0,1123.0697239120261,0.0,24,24,0,0,24,23,2153,0,0,0,0,1
2020-09-24,US,Oklahoma,Cleveland,5847,70,0,35.20413532,-97.32519562,40027.0,2058.7013316244975,1.1971951428082777,5777,5782,68,0,5714,5658,281669,65,2,0,63,124
2020-09-24,US,Oklahoma,Coal,70,0,0,34.58840127,-96.29798747,40029.0,1273.8853503184716,0.0,70,71,0,0,71,71,5520,-1,0,0,-1,0
2020-09-24,US,Oklahoma,Comanche,1549,13,0,34.65973764,-98.47195055,40031.0,1282.8263588104248,0.8392511297611362,1536,1531,12,0,1519,1509,120422,18,1,0,17,22
2020-09-24,US,Oklahoma,Cotton,68,3,0,34.28845626,-98.37053567,40033.0,1200.141193081539,4.411764705882354,65,67,3,0,64,66,5776,1,0,0,1,1
2020-09-24,US,Oklahoma,Craig,498,1,0,36.76268118,-95.20916602,40035.0,3521.425540941875,0.2008032128514056,497,494,1,0,493,492,14306,4,0,0,4,2
2020-09-24,US,Oklahoma,Creek,1109,33,0,35.90230551,-96.37086028,40037.0,1550.571852017561,2.9756537421100084,1076,1095,33,0,1062,1083,71604,14,0,0,14,12
2020-09-24,US,Oklahoma,Custer,610,0,0,35.63853802,-99.00170785,40039.0,2103.230700272385,0.0,610,583,0,0,583,560,29036,27,0,0,27,23
2020-09-24,US,Oklahoma,Delaware,716,25,0,36.40823634,-94.80325046,40041.0,1664.7678392894506,3.4916201117318435,691,705,24,0,681,697,42733,11,1,0,10,8
2020-09-24,US,Oklahoma,Dewey,63,1,0,35.98772922,-99.00730714,40043.0,1288.0801472091596,1.5873015873015872,62,63,1,0,62,60,4894,0,0,0,0,3
2020-09-24,US,Oklahoma,Ellis,10,0,0,36.218019399999996,-99.75324573,40045.0,259.1344908007256,0.0,10,10,0,0,10,11,3952,0,0,0,0,-1
2020-09-24,US,Oklahoma,Garfield,1588,19,0,36.3791334,-97.78265517,40047.0,2600.8909853249475,1.1964735516372795,1569,1552,18,0,1534,1526,60913,36,1,0,35,26
2020-09-24,US,Oklahoma,Garvin,359,4,0,34.70418038,-97.30811132,40049.0,1295.514416657645,1.1142061281337048,355,349,4,0,345,347,27811,10,0,0,10,2
2020-09-24,US,Oklahoma,Grady,1008,11,0,35.0167709,-97.88339847,40051.0,1805.3515778916073,1.0912698412698412,997,972,11,0,961,936,55551,36,0,0,36,36
2020-09-24,US,Oklahoma,Grant,46,0,0,36.796296999999996,-97.78638765,40053.0,1061.6201246249714,0.0,46,41,0,0,41,40,4326,5,0,0,5,1
2020-09-24,US,Oklahoma,Greer,108,8,0,34.93535801,-99.56056120000001,40055.0,1890.7563025210086,7.407407407407407,100,106,8,0,98,105,5821,2,0,0,2,1
2020-09-24,US,Oklahoma,Harmon,43,0,0,34.7440135,-99.84741652,40057.0,1620.8066339992456,0.0,43,43,0,0,43,43,2664,0,0,0,0,0
2020-09-24,US,Oklahoma,Harper,29,1,0,36.78836519,-99.6679804,40059.0,786.3340563991324,3.4482758620689653,28,27,1,0,26,26,3797,2,0,0,2,1
2020-09-24,US,Oklahoma,Haskell,275,4,0,35.22257600000001,-95.11513306,40061.0,2177.8728122277653,1.4545454545454546,271,270,4,0,266,266,12668,5,0,0,5,4
2020-09-24,US,Oklahoma,Hughes,291,4,0,35.04912569,-96.24921145,40063.0,2191.4300775660818,1.3745704467353952,287,289,4,0,285,288,13335,2,0,0,2,1
2020-09-24,US,Oklahoma,Jackson,739,10,0,34.58781741,-99.41138784,40065.0,3012.637586628618,1.3531799729364005,729,729,10,0,719,709,24949,10,0,0,10,20
2020-09-24,US,Oklahoma,Jefferson,42,0,0,34.11130184,-97.83182974,40067.0,699.7667444185272,0.0,42,42,0,0,42,42,6123,0,0,0,0,0
2020-09-24,US,Oklahoma,Johnston,156,4,0,34.31440473,-96.66011537,40069.0,1407.3071718538565,2.5641025641025643,152,153,4,0,149,150,10949,3,0,0,3,3
2020-09-24,US,Oklahoma,Kay,557,13,0,36.81799745,-97.14421435,40071.0,1279.3421838394047,2.3339317773788157,544,544,13,0,531,531,44161,13,0,0,13,13
2020-09-24,US,Oklahoma,Kingfisher,335,2,0,35.94530008,-97.94193268,40073.0,2124.960355217253,0.5970149253731343,333,330,2,0,328,328,15816,5,0,0,5,2
2020-09-24,US,Oklahoma,Kiowa,71,2,0,34.91671958,-98.97720696,40075.0,815.3422140560405,2.8169014084507036,69,71,2,0,69,68,8729,0,0,0,0,3
2020-09-24,US,Oklahoma,Latimer,133,2,0,34.87844729,-95.25215049,40077.0,1320.361362056984,1.5037593984962403,131,133,2,0,131,130,10231,0,0,0,0,3
2020-09-24,US,Oklahoma,Le Flore,1063,17,0,34.89851864,-94.70392124,40079.0,2132.268870479209,1.599247412982126,1046,1046,17,0,1029,1031,49980,17,0,0,17,15
2020-09-24,US,Oklahoma,Lincoln,420,10,0,35.70270942,-96.8812462,40081.0,1204.2320153682942,2.380952380952381,410,408,10,0,398,398,34920,12,0,0,12,10
2020-09-24,US,Oklahoma,Logan,441,1,0,35.91899576,-97.44352845,40083.0,918.5395013642708,0.2267573696145125,440,433,1,0,432,422,47291,8,0,0,8,11
2020-09-24,US,Oklahoma,Love,170,1,0,33.95273467,-97.23906784,40085.0,1658.0513020579342,0.5882352941176471,169,169,1,0,168,169,10134,1,0,0,1,0
2020-09-24,US,Oklahoma,Major,85,1,0,36.31149996,-98.53467076,40093.0,1114.1696159391797,1.1764705882352942,84,78,1,0,77,80,7644,7,0,0,7,-2
2020-09-24,US,Oklahoma,Marshall,178,1,0,34.02311222,-96.76855464,40095.0,1051.325970113992,0.5617977528089888,177,178,1,0,177,173,16806,0,0,0,0,5
2020-09-24,US,Oklahoma,Mayes,590,11,0,36.30179091,-95.23175116,40097.0,1435.5231143552317,1.8644067796610169,579,565,11,0,554,562,41107,25,0,0,25,3
2020-09-24,US,Oklahoma,McClain,830,7,0,35.01123903,-97.44572302,40087.0,2050.6992143104217,0.8433734939759037,823,809,7,0,802,799,39985,21,0,0,21,10
2020-09-24,US,Oklahoma,McCurtain,1256,34,0,34.11664328,-94.77222373,40089.0,3825.5360623781676,2.707006369426752,1222,1247,34,0,1213,1238,32703,9,0,0,9,9
2020-09-24,US,Oklahoma,McIntosh,302,5,0,35.37235506,-95.66599306,40091.0,1541.1308430291895,1.6556291390728477,297,298,5,0,293,298,19815,4,0,0,4,0
2020-09-24,US,Oklahoma,Murray,132,1,0,34.48116015,-97.06826283,40099.0,937.9663184822,0.7575757575757576,131,127,1,0,126,119,13953,5,0,0,5,8
2020-09-24,US,Oklahoma,Muskogee,1757,21,0,35.61318461,-95.37802952,40101.0,2583.937526655588,1.195219123505976,1736,1731,21,0,1710,1723,68362,26,0,0,26,8
2020-09-24,US,Oklahoma,Noble,149,2,0,36.38953329,-97.22928674,40103.0,1338.6038990207528,1.342281879194631,147,142,2,0,140,143,11289,7,0,0,7,-1
2020-09-24,US,Oklahoma,Nowata,137,4,0,36.79843529,-95.61902331,40105.0,1359.6665343390234,2.9197080291970803,133,135,3,0,132,134,10218,2,1,0,1,1
2020-09-24,US,Oklahoma,Okfuskee,134,4,0,35.46485198,-96.32639984,40107.0,1117.31843575419,2.985074626865672,130,133,4,0,129,133,12098,1,0,0,1,0
2020-09-24,US,Oklahoma,Oklahoma,17319,188,0,35.55140095,-97.40716948,40109.0,2171.8411805867318,1.0855130203822392,17131,17135,186,0,16949,16961,792582,184,2,0,182,174
2020-09-24,US,Oklahoma,Okmulgee,816,7,0,35.64661916,-95.96432828,40111.0,2121.4090731834135,0.8578431372549019,809,795,5,0,790,791,38335,21,2,0,19,4
2020-09-24,US,Oklahoma,Osage,811,13,0,36.62888819,-96.39635704,40113.0,1726.891382577774,1.6029593094944512,798,804,13,0,791,796,47014,7,0,0,7,8
2020-09-24,US,Oklahoma,Ottawa,832,4,0,36.83532655,-94.81011909,40115.0,2672.9206155427764,0.4807692307692308,828,819,4,0,815,805,31175,13,0,0,13,14
2020-09-24,US,Oklahoma,Pawnee,250,3,0,36.31743373,-96.70331759999999,40117.0,1526.6243282852954,1.2,247,247,3,0,244,245,16390,3,0,0,3,2
2020-09-24,US,Oklahoma,Payne,2149,6,0,36.07695283,-96.97584944,40119.0,2627.653330724836,0.2791996277338297,2143,2101,6,0,2095,2080,82040,48,0,0,48,21
2020-09-24,US,Oklahoma,Pittsburg,903,19,0,34.92065823,-95.75134320000001,40121.0,2068.5389655014433,2.1040974529346617,884,901,19,0,882,895,43877,2,0,0,2,6
2020-09-24,US,Oklahoma,Pontotoc,375,3,0,34.72959848,-96.68337199,40123.0,979.5214711106469,0.8,372,370,3,0,367,361,38247,5,0,0,5,9
2020-09-24,US,Oklahoma,Pottawatomie,1296,10,0,35.20614018,-96.94923008,40125.0,1785.3206964954816,0.7716049382716049,1286,1256,10,0,1246,1234,72679,40,0,0,40,22
2020-09-24,US,Oklahoma,Pushmataha,151,1,0,34.41635232,-95.37603505,40127.0,1360.8507570295599,0.6622516556291391,150,149,1,0,148,149,11179,2,0,0,2,0
2020-09-24,US,Oklahoma,Roger Mills,44,1,0,35.68711719,-99.69666167,40129.0,1228.0212112754675,2.272727272727273,43,42,1,0,41,35,3656,2,0,0,2,7
2020-09-24,US,Oklahoma,Rogers,1779,49,0,36.37004357,-95.60406759,40131.0,1924.09608583264,2.7543563799887587,1730,1757,49,0,1708,1729,91984,22,0,0,22,28
2020-09-24,US,Oklahoma,Seminole,435,6,0,35.16478725,-96.61686741,40133.0,1793.2228543161013,1.3793103448275863,429,423,6,0,417,414,24578,12,0,0,12,9
2020-09-24,US,Oklahoma,Sequoyah,835,11,0,35.49447108,-94.75463785,40135.0,2008.7084125189444,1.3173652694610778,824,826,11,0,815,815,41179,9,0,0,9,11
2020-09-24,US,Oklahoma,Stephens,412,5,0,34.48556989,-97.85141892,40137.0,954.9637252856778,1.2135922330097086,407,393,5,0,388,389,43265,19,0,0,19,4
2020-09-24,US,Oklahoma,Texas,1477,8,0,36.74777635,-101.4889765,40139.0,7391.282590201671,0.5416384563303994,1469,1455,8,0,1447,1436,20455,22,0,0,22,19
2020-09-24,US,Oklahoma,Tillman,88,2,0,34.37288446,-98.92426619,40141.0,1213.7931034482758,2.272727272727273,86,87,2,0,85,82,7348,1,0,0,1,5
2020-09-24,US,Oklahoma,Tulsa,16487,156,0,36.11939621,-95.94013939,40143.0,2530.419674868621,0.9462000363923092,16331,16363,155,0,16208,16207,648360,124,1,0,123,156
2020-09-24,US,Oklahoma,Unassigned,51,0,0,0.0,0.0,90040.0,0.0,0.0,51,54,0,0,54,58,,-3,0,0,-3,-4
2020-09-24,US,Oklahoma,Wagoner,1441,26,0,35.96024096,-95.51911308,40145.0,1772.6875715041394,1.8043025676613464,1415,1430,26,0,1404,1422,80110,11,0,0,11,8
2020-09-24,US,Oklahoma,Washington,976,40,0,36.71380786,-95.90514104,40147.0,1894.1525802006713,4.0983606557377055,936,967,40,0,927,954,51843,9,0,0,9,13
2020-09-24,US,Oklahoma,Washita,72,0,0,35.29071824,-98.99180434,40149.0,659.5822645657752,0.0,72,68,0,0,68,64,11127,4,0,0,4,4
2020-09-24,US,Oklahoma,Woods,103,0,0,36.76705782,-98.86573064,40151.0,1171.3863300352552,0.0,103,99,0,0,99,99,8897,4,0,0,4,0
2020-09-24,US,Oklahoma,Woodward,1006,1,0,36.42316318,-99.26283045,40153.0,4977.487506803226,0.09940357852882704,1005,1001,1,0,1000,970,20222,5,0,0,5,31
2020-09-24,US,Oregon,Baker,92,2,0,44.70915557,-117.6749883,41001.0,570.5780203423467,2.1739130434782608,90,91,2,0,89,90,16006,1,0,0,1,1
2020-09-24,US,Oregon,Benton,294,6,0,44.49167306,-123.4316987,41003.0,315.948975315143,2.0408163265306123,288,288,6,0,282,286,92101,6,0,0,6,2
2020-09-24,US,Oregon,Clackamas,2346,61,0,45.18787398,-122.2179634,41005.0,560.9930485643982,2.6001705029838016,2285,2314,61,0,2253,2304,416075,32,0,0,32,10
2020-09-24,US,Oregon,Clatsop,131,0,0,45.99712889,-123.660711,41007.0,325.67621320604616,0.0,131,127,0,0,127,124,39764,4,0,0,4,3
2020-09-24,US,Oregon,Columbia,155,1,0,45.94464254,-123.08908980000001,41009.0,296.0614279711197,0.6451612903225806,154,155,1,0,154,154,52377,0,0,0,0,1
2020-09-24,US,Oregon,Coos,149,0,0,43.17406868,-124.0594514,41011.0,231.05432102594318,0.0,149,147,0,0,147,145,64389,2,0,0,2,2
2020-09-24,US,Oregon,Crook,62,1,0,44.14230227,-120.356297,41013.0,254.05671201442382,1.6129032258064515,61,61,1,0,60,61,23867,1,0,0,1,0
2020-09-24,US,Oregon,Curry,31,0,0,42.45911325,-124.15728200000001,41015.0,135.22355507088332,0.0,31,31,0,0,31,31,22813,0,0,0,0,0
2020-09-24,US,Oregon,Deschutes,793,12,0,43.91570171,-121.2289121,41017.0,401.1290289945977,1.5132408575031526,781,789,12,0,777,787,191996,4,0,0,4,2
2020-09-24,US,Oregon,Douglas,224,4,0,43.27941273,-123.16729099999999,41019.0,201.83816903946652,1.7857142857142858,220,221,3,0,218,221,110283,3,1,0,2,0
2020-09-24,US,Oregon,Gilliam,8,0,0,45.37160076,-120.20488689999999,41021.0,418.41004184100416,0.0,8,8,0,0,8,8,1894,0,0,0,0,0
2020-09-24,US,Oregon,Grant,9,0,0,44.49024544,-119.0068631,41023.0,125.01736352271149,0.0,9,8,0,0,8,8,7176,1,0,0,1,0
2020-09-24,US,Oregon,Harney,12,0,0,43.06422669,-118.96663059999999,41025.0,162.31570404436633,0.0,12,12,0,0,12,12,7329,0,0,0,0,0
2020-09-24,US,Oregon,Hood River,249,0,0,45.51872811,-121.65520359999998,41027.0,1064.921734667693,0.0,249,248,0,0,248,246,23428,1,0,0,1,2
2020-09-24,US,Oregon,Jackson,1109,4,0,42.43201126,-122.72893090000001,41029.0,501.93714244333404,0.3606853020739405,1105,1091,4,0,1087,1069,219564,18,0,0,18,22
2020-09-24,US,Oregon,Jefferson,521,8,0,44.62806839,-121.17832,41031.0,2112.9045340254684,1.5355086372360844,513,516,8,0,508,513,24192,5,0,0,5,3
2020-09-24,US,Oregon,Josephine,195,2,0,42.3665549,-123.5561938,41033.0,222.89025798118573,1.0256410256410255,193,194,2,0,192,190,87393,1,0,0,1,4
2020-09-24,US,Oregon,Klamath,279,2,0,42.68762984,-121.64964609999998,41035.0,408.86309680822995,0.7168458781362007,277,277,2,0,275,277,67653,2,0,0,2,0
2020-09-24,US,Oregon,Lake,29,0,0,42.79246693,-120.38501629999999,41037.0,368.5347566399797,0.0,29,28,0,0,28,28,7879,1,0,0,1,0
2020-09-24,US,Oregon,Lane,1096,16,0,43.93727035,-122.847753,41039.0,286.86068150350593,1.45985401459854,1080,1059,16,0,1043,1023,379611,37,0,0,37,36
2020-09-24,US,Oregon,Lincoln,476,13,0,44.64252874,-123.86991200000001,41041.0,952.724070293423,2.73109243697479,463,475,13,0,462,474,49388,1,0,0,1,1
2020-09-24,US,Oregon,Linn,495,13,0,44.48899494,-122.53731540000001,41043.0,381.50583048809625,2.6262626262626263,482,480,13,0,467,478,127335,15,0,0,15,2
2020-09-24,US,Oregon,Malheur,1589,26,0,43.1937027,-117.62273950000001,41045.0,5197.736416865657,1.6362492133417244,1563,1575,25,0,1550,1553,30725,14,1,0,13,22
2020-09-24,US,Oregon,Marion,4569,92,0,44.90287942,-122.58151170000001,41047.0,1313.6180416194675,2.013569708907857,4477,4522,92,0,4430,4504,346868,47,0,0,47,18
2020-09-24,US,Oregon,Morrow,494,6,0,45.41846568,-119.584546,41049.0,4257.519606998189,1.214574898785425,488,490,6,0,484,490,11372,4,0,0,4,0
2020-09-24,US,Oregon,Multnomah,7022,136,0,45.54747959,-122.4169351,41051.0,863.8687096714667,1.936770150954144,6886,6938,136,0,6802,6912,811880,84,0,0,84,26
2020-09-24,US,Oregon,Polk,515,15,0,44.90322804,-123.4128888,41053.0,598.2459197304989,2.9126213592233015,500,511,15,0,496,511,85234,4,0,0,4,0
2020-09-24,US,Oregon,Sherman,18,0,0,45.41501554,-120.6827834,41055.0,1011.2359550561798,0.0,18,18,0,0,18,18,1708,0,0,0,0,0
2020-09-24,US,Oregon,Tillamook,51,0,0,45.46248721,-123.712066,41057.0,188.63737239236573,0.0,51,51,0,0,51,49,26787,0,0,0,0,2
2020-09-24,US,Oregon,Umatilla,2939,41,0,45.59073056,-118.7353826,41059.0,3770.3656189865296,1.395032323919701,2898,2928,41,0,2887,2916,77516,11,0,0,11,12
2020-09-24,US,Oregon,Union,439,2,0,45.30915495,-118.0068979,41061.0,1635.923234581703,0.4555808656036446,437,435,2,0,433,435,26461,4,0,0,4,0
2020-09-24,US,Oregon,Wallowa,28,1,0,45.57894064,-117.18353799999998,41063.0,388.457269700333,3.571428571428572,27,28,1,0,27,28,7081,0,0,0,0,0
2020-09-24,US,Oregon,Wasco,279,3,0,45.16292781,-121.16709540000001,41065.0,1045.6487519676186,1.075268817204301,276,273,3,0,270,269,26505,6,0,0,6,4
2020-09-24,US,Oregon,Washington,4417,59,0,45.55972701,-123.0955257,41067.0,734.2185401401614,1.3357482454154403,4358,4369,59,0,4310,4355,597695,48,0,0,48,14
2020-09-24,US,Oregon,Yamhill,750,13,0,45.23330449,-123.3086963,41071.0,700.2801120448178,1.7333333333333334,737,745,14,0,731,744,107002,5,-1,0,6,1
2020-09-24,US,Pennsylvania,Adams,815,26,0,39.87140411,-77.21610347,42001.0,791.193002553175,3.1901840490797544,789,810,25,0,785,799,102811,5,1,0,4,11
2020-09-24,US,Pennsylvania,Allegheny,11927,354,0,40.46809875,-79.98167747,42003.0,980.8025196435988,2.968055672004695,11573,11867,354,0,11513,11821,1218452,60,0,0,60,46
2020-09-24,US,Pennsylvania,Armstrong,424,18,0,40.81665618,-79.46290811,42005.0,654.977987178497,4.245283018867925,406,424,18,0,406,421,65263,0,0,0,0,3
2020-09-24,US,Pennsylvania,Beaver,1856,122,0,40.6825484,-80.34921611,42007.0,1132.197475736447,6.573275862068965,1734,1845,120,0,1725,1839,164742,11,2,0,9,6
2020-09-24,US,Pennsylvania,Bedford,235,6,0,40.00522157,-78.48998442,42009.0,490.72836618777154,2.5531914893617023,229,235,6,0,229,231,48176,0,0,0,0,4
2020-09-24,US,Pennsylvania,Berks,6963,393,0,40.41570541,-75.92457766,42011.0,1653.275208707297,5.644118914261094,6570,6939,393,0,6546,6903,420152,24,0,0,24,36
2020-09-24,US,Pennsylvania,Blair,631,16,0,40.47961444,-78.34917412,42013.0,517.9390785445173,2.5356576862123608,615,609,16,0,593,599,122492,22,0,0,22,10
2020-09-24,US,Pennsylvania,Bradford,135,3,0,41.78869215,-76.51570822,42015.0,223.79523564809443,2.2222222222222223,132,132,3,0,129,130,60833,3,0,0,3,2
2020-09-24,US,Pennsylvania,Bucks,8670,607,0,40.33682119,-75.10836643,42017.0,1379.979944928136,7.0011534025374855,8063,8626,607,0,8019,8590,628195,44,0,0,44,36
2020-09-24,US,Pennsylvania,Butler,1030,23,0,40.91152759,-79.91351055,42019.0,548.3010651945937,2.2330097087378644,1007,1024,23,0,1001,1018,187888,6,0,0,6,6
2020-09-24,US,Pennsylvania,Cambria,560,7,0,40.49527404,-78.71377428,42021.0,430.13395600344114,1.25,553,553,7,0,546,549,131730,7,0,0,7,4
2020-09-24,US,Pennsylvania,Cameron,8,0,0,41.43625568,-78.20376845,42023.0,179.89655947830002,0.0,8,8,0,0,8,8,4492,0,0,0,0,0
2020-09-24,US,Pennsylvania,Carbon,458,28,0,40.91545395,-75.7068525,42025.0,713.5957121934499,6.11353711790393,430,455,28,0,427,452,64227,3,0,0,3,3
2020-09-24,US,Pennsylvania,Centre,2202,11,0,40.92058903,-77.82200624,42027.0,1356.0365797333498,0.4995458673932788,2191,2078,11,0,2067,2031,162805,124,0,0,124,47
2020-09-24,US,Pennsylvania,Chester,6741,366,0,39.97291773,-75.74768357,42029.0,1284.0269034208334,5.4294615042278584,6375,6701,367,0,6334,6660,522046,40,-1,0,41,41
2020-09-24,US,Pennsylvania,Clarion,117,3,0,41.19265812,-79.42413524,42031.0,304.3862844060565,2.5641025641025643,114,116,3,0,113,116,38779,1,0,0,1,0
2020-09-24,US,Pennsylvania,Clearfield,314,3,0,41.00110782,-78.47592663,42033.0,396.18951485710676,0.9554140127388536,311,313,2,0,311,311,79388,1,1,0,0,2
2020-09-24,US,Pennsylvania,Clinton,204,6,0,41.23255967,-77.63785995,42035.0,528.0596396769516,2.9411764705882355,198,200,6,0,194,199,38684,4,0,0,4,1
2020-09-24,US,Pennsylvania,Columbia,876,35,0,41.04821986,-76.40565017,42037.0,1348.4391355212115,3.9954337899543377,841,873,35,0,838,866,65456,3,0,0,3,7
2020-09-24,US,Pennsylvania,Crawford,297,3,0,41.68447709,-80.10760592,42039.0,350.94352999562796,1.0101010101010102,294,298,3,0,295,293,85063,-1,0,0,-1,5
2020-09-24,US,Pennsylvania,Cumberland,1801,77,0,40.1625372,-77.26130755,42041.0,710.8181710541893,4.275402554136591,1724,1783,76,0,1707,1775,251423,18,1,0,17,8
2020-09-24,US,Pennsylvania,Dauphin,3754,180,0,40.41377078,-76.77993242,42043.0,1348.908907326293,4.79488545551412,3574,3735,179,0,3556,3714,277097,19,1,0,18,21
2020-09-24,US,Pennsylvania,Delaware,11275,755,0,39.91680171,-75.40243663,42045.0,1989.4238522656487,6.696230598669622,10520,11233,753,0,10480,11193,564751,42,2,0,40,40
2020-09-24,US,Pennsylvania,Elk,71,2,0,41.42822061,-78.64524744,42047.0,237.37880307589438,2.8169014084507036,69,69,2,0,67,68,30169,2,0,0,2,1
2020-09-24,US,Pennsylvania,Erie,1514,38,0,41.99253829,-80.03301954,42049.0,561.306204769249,2.509907529722589,1476,1504,38,0,1466,1491,272061,10,0,0,10,13
2020-09-24,US,Pennsylvania,Fayette,783,7,0,39.92041012,-79.64291195,42051.0,605.6902393366029,0.8939974457215837,776,778,7,0,771,775,130441,5,0,0,5,3
2020-09-24,US,Pennsylvania,Forest,15,0,0,41.51095103,-79.23229292,42053.0,206.9821995308404,0.0,15,15,0,0,15,15,7279,0,0,0,0,0
2020-09-24,US,Pennsylvania,Franklin,1749,50,0,39.92956518,-77.72157791,42055.0,1128.1905732549815,2.8587764436821037,1699,1747,50,0,1697,1738,154835,2,0,0,2,9
2020-09-24,US,Pennsylvania,Fulton,45,2,0,39.92913544,-78.11163677,42057.0,309.7040605643496,4.4444444444444455,43,45,2,0,43,44,14523,0,0,0,0,1
2020-09-24,US,Pennsylvania,Greene,182,1,0,39.85746531,-80.22357106,42059.0,502.3045290205062,0.5494505494505495,181,181,1,0,180,179,36506,1,0,0,1,2
2020-09-24,US,Pennsylvania,Huntingdon,400,6,0,40.42162652,-77.97673273,42061.0,886.0535176324651,1.5,394,399,6,0,393,399,45168,1,0,0,1,0
2020-09-24,US,Pennsylvania,Indiana,684,12,0,40.65241041,-79.08963285,42063.0,813.5786756747113,1.7543859649122806,672,668,12,0,656,653,84501,16,0,0,16,15
2020-09-24,US,Pennsylvania,Jefferson,111,3,0,41.12913106,-78.9986361,42065.0,255.61312607944734,2.702702702702702,108,109,3,0,106,109,43641,2,0,0,2,0
2020-09-24,US,Pennsylvania,Juniata,184,7,0,40.53358749,-77.39975129999998,42067.0,743.0440576666801,3.804347826086957,177,183,7,0,176,182,24704,1,0,0,1,1
2020-09-24,US,Pennsylvania,Lackawanna,2424,217,0,41.43564672,-75.60379201,42069.0,1156.0803914648454,8.952145214521453,2207,2417,216,0,2201,2410,210793,7,1,0,6,7
2020-09-24,US,Pennsylvania,Lancaster,7733,458,0,40.03904563,-76.24770128,42071.0,1417.016660436411,5.922669080563817,7275,7700,458,0,7242,7607,543557,33,0,0,33,93
2020-09-24,US,Pennsylvania,Lawrence,509,23,0,40.99206278,-80.33393706,42073.0,595.2380952380953,4.518664047151277,486,505,23,0,482,501,86184,4,0,0,4,4
2020-09-24,US,Pennsylvania,Lebanon,1983,59,0,40.36680311,-76.45651841,42075.0,1398.5175572842102,2.9752899646999498,1924,1971,59,0,1912,1959,141314,12,0,0,12,12
2020-09-24,US,Pennsylvania,Lehigh,5551,353,0,40.6154815,-75.59435245,42077.0,1503.040739958518,6.359214555935867,5198,5530,352,0,5178,5505,368100,21,1,0,20,25
2020-09-24,US,Pennsylvania,Luzerne,4060,189,0,41.17823008,-75.98447579,42079.0,1279.0745297195801,4.655172413793104,3871,4050,189,0,3861,4039,317646,10,0,0,10,11
2020-09-24,US,Pennsylvania,Lycoming,651,25,0,41.34310539,-77.06629984,42081.0,574.5858304133311,3.840245775729647,626,641,25,0,616,633,113664,10,0,0,10,8
2020-09-24,US,Pennsylvania,McKean,57,2,0,41.80938602,-78.56478358,42083.0,140.30769230769232,3.5087719298245608,55,57,2,0,55,57,40968,0,0,0,0,0
2020-09-24,US,Pennsylvania,Mercer,710,16,0,41.30248872,-80.25816981,42085.0,648.8521713700834,2.2535211267605635,694,705,16,0,689,703,110683,5,0,0,5,2
2020-09-24,US,Pennsylvania,Mifflin,220,2,0,40.61116939,-77.61070738,42087.0,476.8303784299276,0.9090909090909092,218,218,2,0,216,215,46222,2,0,0,2,3
2020-09-24,US,Pennsylvania,Monroe,1785,133,0,41.05934058,-75.34031025,42089.0,1048.3288404954455,7.450980392156862,1652,1780,132,0,1648,1779,169507,5,1,0,4,1
2020-09-24,US,Pennsylvania,Montgomery,12059,878,0,40.21053671,-75.36652296,42091.0,1451.291648363551,7.280869060452773,11181,12028,878,0,11150,11992,828604,31,0,0,31,36
2020-09-24,US,Pennsylvania,Montour,165,5,0,41.03023987,-76.66345939,42093.0,905.1014810751508,3.0303030303030303,160,164,5,0,159,164,18240,1,0,0,1,0
2020-09-24,US,Pennsylvania,Northampton,4443,305,0,40.75182733,-75.30471829,42095.0,1455.3613836251373,6.864731037587216,4138,4421,305,0,4116,4403,304807,22,0,0,22,18
2020-09-24,US,Pennsylvania,Northumberland,927,51,0,40.84785433,-76.70798222,42097.0,1020.4418612331164,5.501618122977346,876,919,50,0,869,900,91083,8,1,0,7,19
2020-09-24,US,Pennsylvania,Perry,214,6,0,40.40206612,-77.26297447,42099.0,462.4827109266943,2.803738317757009,208,212,6,0,206,207,46139,2,0,0,2,5
2020-09-24,US,Pennsylvania,Philadelphia,36112,1791,0,40.00338507,-75.1379271,42101.0,2279.70587046988,4.9595702259636685,34321,36004,1789,0,34215,35901,1584138,108,2,0,106,103
2020-09-24,US,Pennsylvania,Pike,572,22,0,41.33155042,-75.03208106,42103.0,1024.9242953645469,3.8461538461538463,550,571,22,0,549,570,55933,1,0,0,1,1
2020-09-24,US,Pennsylvania,Potter,27,0,0,41.74471626,-77.89559864,42105.0,163.3789180684981,0.0,27,26,0,0,26,26,16622,1,0,0,1,0
2020-09-24,US,Pennsylvania,Schuylkill,1094,52,0,40.70497338,-76.2150785,42107.0,773.9160576970693,4.753199268738574,1042,1076,52,0,1024,1068,142067,18,0,0,18,8
2020-09-24,US,Pennsylvania,Snyder,285,4,0,40.77129231,-77.06840691,42109.0,705.934806301397,1.4035087719298245,281,283,4,0,279,272,40540,2,0,0,2,11
2020-09-24,US,Pennsylvania,Somerset,211,3,0,39.97172723,-79.02699593,42111.0,287.281985649516,1.4218009478672986,208,211,3,0,208,206,73952,0,0,0,0,5
2020-09-24,US,Pennsylvania,Sullivan,11,0,0,41.44634738,-76.51246591,42113.0,181.3386086383119,0.0,11,11,0,0,11,11,6071,0,0,0,0,0
2020-09-24,US,Pennsylvania,Susquehanna,293,28,0,41.82147784,-75.80071959,42115.0,726.5423527077963,9.55631399317406,265,293,28,0,265,293,40589,0,0,0,0,0
2020-09-24,US,Pennsylvania,Tioga,66,3,0,41.77255149,-77.25433032,42117.0,162.5976201621049,4.545454545454546,63,65,3,0,62,64,40763,1,0,0,1,1
2020-09-24,US,Pennsylvania,Union,454,6,0,40.96188846,-77.05996014,42119.0,1010.6181688667276,1.3215859030837005,448,453,6,0,447,462,44785,1,0,0,1,-9
2020-09-24,US,Pennsylvania,Venango,85,1,0,41.40323442,-79.75845449,42121.0,167.75874319096866,1.1764705882352942,84,83,1,0,82,83,51266,2,0,0,2,0
2020-09-24,US,Pennsylvania,Warren,42,1,0,41.81304978,-79.26969577,42123.0,107.16746191727691,2.380952380952381,41,42,1,0,41,42,39498,0,0,0,0,0
2020-09-24,US,Pennsylvania,Washington,1311,29,0,40.19208869,-80.24582867,42125.0,633.7466463635704,2.212051868802441,1282,1310,29,0,1281,1292,207346,1,0,0,1,18
2020-09-24,US,Pennsylvania,Wayne,223,10,0,41.64938475,-75.29956506,42127.0,434.181577461498,4.484304932735426,213,222,10,0,212,220,51276,1,0,0,1,2
2020-09-24,US,Pennsylvania,Westmoreland,2150,52,0,40.31377979999999,-79.46615476,42129.0,616.2241794903398,2.4186046511627906,2098,2135,52,0,2083,2096,350611,15,0,0,15,39
2020-09-24,US,Pennsylvania,Wyoming,73,8,0,41.51955538,-76.01074915,42131.0,272.44905575875197,10.958904109589039,65,72,8,0,64,72,27046,1,0,0,1,0
2020-09-24,US,Pennsylvania,York,4650,152,0,39.9210089,-76.73040131,42133.0,1035.50098205577,3.2688172043010755,4498,4606,149,0,4457,4554,448273,44,3,0,41,52
2020-09-24,US,Puerto Rico,Adjuntas,144,0,0,18.180117000000006,-66.754367,72001.0,739.1058871836988,0.0,144,143,0,0,143,143,,1,0,0,1,0
2020-09-24,US,Puerto Rico,Aguada,323,0,0,18.360255,-67.17513100000001,72003.0,769.7990895874544,0.0,323,314,0,0,314,312,,9,0,0,9,2
2020-09-24,US,Puerto Rico,Aguadilla,421,0,0,18.459681,-67.12081500000001,72005.0,690.7414395642261,0.0,421,412,0,0,412,412,,9,0,0,9,0
2020-09-24,US,Puerto Rico,Aguas Buenas,258,0,0,18.251619,-66.126806,72007.0,900.2407620642731,0.0,258,254,0,0,254,253,,4,0,0,4,1
2020-09-24,US,Puerto Rico,Aibonito,150,0,0,18.131361,-66.264131,72009.0,579.1505791505791,0.0,150,147,0,0,147,147,,3,0,0,3,0
2020-09-24,US,Puerto Rico,Anasco,219,0,0,18.287985,-67.120611,72011.0,748.4364854242848,0.0,219,219,0,0,219,219,,0,0,0,0,0
2020-09-24,US,Puerto Rico,Arecibo,774,0,0,18.406631,-66.675077,72013.0,802.5715470759021,0.0,774,756,0,0,756,744,,18,0,0,18,12
2020-09-24,US,Puerto Rico,Arroyo,162,0,0,17.998457000000005,-66.056546,72015.0,827.5862068965519,0.0,162,160,0,0,160,160,,2,0,0,2,0
2020-09-24,US,Puerto Rico,Barceloneta,223,0,0,18.445532999999998,-66.56053100000001,72017.0,898.6137975499678,0.0,223,218,0,0,218,216,,5,0,0,5,2
2020-09-24,US,Puerto Rico,Barranquitas,420,0,0,18.201592,-66.30963,72019.0,1385.3156540668908,0.0,420,414,0,0,414,414,,6,0,0,6,0
2020-09-24,US,Puerto Rico,Bayamon,3514,0,0,18.34946,-66.168435,72021.0,1688.4814238213305,0.0,3514,3444,0,0,3444,3431,,70,0,0,70,13
2020-09-24,US,Puerto Rico,Cabo Rojo,327,0,0,18.040993,-67.154391,72023.0,642.2216548500501,0.0,327,321,0,0,321,321,,6,0,0,6,0
2020-09-24,US,Puerto Rico,Caguas,1489,0,0,18.211615,-66.050779,72025.0,1042.0384483494645,0.0,1489,1440,0,0,1440,1432,,49,0,0,49,8
2020-09-24,US,Puerto Rico,Camuy,262,0,0,18.418578,-66.860206,72027.0,745.1861543274838,0.0,262,249,0,0,249,249,,13,0,0,13,0
2020-09-24,US,Puerto Rico,Canovanas,650,0,0,18.328802,-65.887612,72029.0,1364.1705842847548,0.0,650,635,0,0,635,634,,15,0,0,15,1
2020-09-24,US,Puerto Rico,Carolina,2483,0,0,18.374986,-65.95683100000001,72031.0,1404.7136828051275,0.0,2483,2415,0,0,2415,2413,,68,0,0,68,2
2020-09-24,US,Puerto Rico,Catano,425,0,0,18.437269,-66.14330600000001,72033.0,1510.3056147832267,0.0,425,407,0,0,407,406,,18,0,0,18,1
2020-09-24,US,Puerto Rico,Cayey,336,0,0,18.102851,-66.14914,72035.0,698.2688750805295,0.0,336,331,0,0,331,331,,5,0,0,5,0
2020-09-24,US,Puerto Rico,Ceiba,117,0,0,18.251818,-65.666416,72037.0,858.3376127943657,0.0,117,112,0,0,112,112,,5,0,0,5,0
2020-09-24,US,Puerto Rico,Ciales,228,0,0,18.28885,-66.516475,72039.0,1213.9282291555744,0.0,228,220,0,0,220,218,,8,0,0,8,2
2020-09-24,US,Puerto Rico,Cidra,302,0,0,18.173559,-66.161179,72041.0,694.5722171113156,0.0,302,296,0,0,296,293,,6,0,0,6,3
2020-09-24,US,Puerto Rico,Coamo,276,0,0,18.097597,-66.36014,72043.0,681.2796208530806,0.0,276,265,0,0,265,265,,11,0,0,11,0
2020-09-24,US,Puerto Rico,Comerio,244,0,0,18.224687,-66.221622,72045.0,1174.3189912407354,0.0,244,236,0,0,236,236,,8,0,0,8,0
2020-09-24,US,Puerto Rico,Corozal,578,0,0,18.304264,-66.327738,72047.0,1556.1897582251895,0.0,578,566,0,0,566,566,,12,0,0,12,0
2020-09-24,US,Puerto Rico,Culebra,22,0,0,18.31586,-65.28813000000001,72049.0,1210.1210121012102,0.0,22,22,0,0,22,22,,0,0,0,0,0
2020-09-24,US,Puerto Rico,Dorado,748,0,0,18.436115,-66.278669,72051.0,1959.9109131403118,0.0,748,723,0,0,723,721,,25,0,0,25,2
2020-09-24,US,Puerto Rico,Fajardo,494,0,0,18.318373,-65.666866,72053.0,1335.3877760657422,0.0,494,473,0,0,473,473,,21,0,0,21,0
2020-09-24,US,Puerto Rico,Florida,263,0,0,18.373715,-66.560488,72054.0,2074.1324921135647,0.0,263,251,0,0,251,250,,12,0,0,12,1
2020-09-24,US,Puerto Rico,Guanica,97,0,0,17.982429,-66.91964300000001,72055.0,499.30509085293664,0.0,97,97,0,0,97,95,,0,0,0,0,2
2020-09-24,US,Puerto Rico,Guayama,282,0,0,18.007516,-66.13390799999999,72057.0,621.6657113883867,0.0,282,279,0,0,279,279,,3,0,0,3,0
2020-09-24,US,Puerto Rico,Guayanilla,166,0,0,18.039942,-66.79186,72059.0,769.1951253417357,0.0,166,164,0,0,164,164,,2,0,0,2,0
2020-09-24,US,Puerto Rico,Guaynabo,1614,0,0,18.345114000000002,-66.11452299999999,72061.0,1648.2169846003023,0.0,1614,1555,0,0,1555,1555,,59,0,0,59,0
2020-09-24,US,Puerto Rico,Gurabo,506,0,0,18.266461,-65.97970500000001,72063.0,1115.2989927042695,0.0,506,481,0,0,481,479,,25,0,0,25,2
2020-09-24,US,Puerto Rico,Hatillo,275,0,0,18.410928,-66.79632600000001,72065.0,655.4954353681501,0.0,275,268,0,0,268,265,,7,0,0,7,3
2020-09-24,US,Puerto Rico,Hormigueros,166,0,0,18.134532,-67.113972,72067.0,962.3188405797099,0.0,166,162,0,0,162,162,,4,0,0,4,0
2020-09-24,US,Puerto Rico,Humacao,495,0,0,18.145211,-65.810174,72069.0,846.6459138644682,0.0,495,455,0,0,455,455,,40,0,0,40,0
2020-09-24,US,Puerto Rico,Isabela,254,0,0,18.44981,-67.005093,72071.0,556.639126909338,0.0,254,252,0,0,252,250,,2,0,0,2,2
2020-09-24,US,Puerto Rico,Jayuya,225,0,0,18.211446,-66.58878,72073.0,1352.0009614229061,0.0,225,225,0,0,225,225,,0,0,0,0,0
2020-09-24,US,Puerto Rico,Juana Diaz,328,0,0,18.050764,-66.49458100000001,72075.0,410.52855551522583,0.0,328,327,0,0,327,327,,1,0,0,1,0
2020-09-24,US,Puerto Rico,Juncos,361,0,0,18.223793,-65.909109,72077.0,896.0039712087365,0.0,361,343,0,0,343,342,,18,0,0,18,1
2020-09-24,US,Puerto Rico,Lajas,152,0,0,18.011661,-67.040585,72079.0,590.2224983497067,0.0,152,143,0,0,143,141,,9,0,0,9,2
2020-09-24,US,Puerto Rico,Lares,312,0,0,18.269035000000002,-66.867236,72081.0,1014.5351673007511,0.0,312,306,0,0,306,305,,6,0,0,6,1
2020-09-24,US,Puerto Rico,Las Marias,103,0,0,18.23679,-66.98362,72083.0,1042.4046149175183,0.0,103,103,0,0,103,103,,0,0,0,0,0
2020-09-24,US,Puerto Rico,Las Piedras,456,0,0,18.187527,-65.86946800000001,72085.0,1179.0562378797672,0.0,456,440,0,0,440,439,,16,0,0,16,1
2020-09-24,US,Puerto Rico,Loiza,260,0,0,18.425688,-65.89943000000001,72087.0,864.9367930805057,0.0,260,252,0,0,252,252,,8,0,0,8,0
2020-09-24,US,Puerto Rico,Luquillo,246,0,0,18.342114000000002,-65.72509699999999,72089.0,1225.8321706198924,0.0,246,230,0,0,230,230,,16,0,0,16,0
2020-09-24,US,Puerto Rico,Manati,515,0,0,18.420473,-66.490461,72091.0,1167.456305397502,0.0,515,502,0,0,502,500,,13,0,0,13,2
2020-09-24,US,Puerto Rico,Maricao,80,0,0,18.171795,-66.942126,72093.0,1274.6972594008926,0.0,80,79,0,0,79,79,,1,0,0,1,0
2020-09-24,US,Puerto Rico,Maunabo,109,0,0,18.017889,-65.922235,72095.0,891.6155419222904,0.0,109,107,0,0,107,107,,2,0,0,2,0
2020-09-24,US,Puerto Rico,Mayaguez,776,0,0,18.2013,-67.1452,72097.0,871.1270767849124,0.0,776,773,0,0,773,770,,3,0,0,3,3
2020-09-24,US,Puerto Rico,Moca,330,0,0,18.377805,-67.080952,72099.0,822.7579844922586,0.0,330,325,0,0,325,325,,5,0,0,5,0
2020-09-24,US,Puerto Rico,Morovis,503,0,0,18.316963,-66.420383,72101.0,1542.4716344679543,0.0,503,498,0,0,498,498,,5,0,0,5,0
2020-09-24,US,Puerto Rico,Naguabo,197,0,0,18.230636999999998,-65.753897,72103.0,737.2754491017964,0.0,197,190,0,0,190,190,,7,0,0,7,0
2020-09-24,US,Puerto Rico,Naranjito,585,0,0,18.288019,-66.252703,72105.0,1924.2155121373598,0.0,585,572,0,0,572,572,,13,0,0,13,0
2020-09-24,US,Puerto Rico,Orocovis,324,0,0,18.215046,-66.433604,72107.0,1383.255774238996,0.0,324,317,0,0,317,316,,7,0,0,7,1
2020-09-24,US,Puerto Rico,Out of PR,790,0,0,0.0,0.0,72888.0,0.0,0.0,790,790,0,0,790,782,,0,0,0,0,8
2020-09-24,US,Puerto Rico,Patillas,166,0,0,18.03174,-66.012242,72109.0,861.1298438553715,0.0,166,167,0,0,167,167,,-1,0,0,-1,0
2020-09-24,US,Puerto Rico,Penuelas,115,0,0,18.059645,-66.721572,72111.0,473.601844988057,0.0,115,114,0,0,114,114,,1,0,0,1,0
2020-09-24,US,Puerto Rico,Ponce,854,0,0,18.059498,-66.613748,72113.0,513.446403770885,0.0,854,827,0,0,827,825,,27,0,0,27,2
2020-09-24,US,Puerto Rico,Quebradillas,168,0,0,18.439692,-66.926113,72115.0,648.1731548285043,0.0,168,161,0,0,161,161,,7,0,0,7,0
2020-09-24,US,Puerto Rico,Rincon,172,0,0,18.335442999999998,-67.23174,72117.0,1131.578947368421,0.0,172,166,0,0,166,166,,6,0,0,6,0
2020-09-24,US,Puerto Rico,Rio Grande,558,0,0,18.346329,-65.813742,72119.0,1027.5486152033,0.0,558,544,0,0,544,544,,14,0,0,14,0
2020-09-24,US,Puerto Rico,Sabana Grande,193,0,0,18.08282,-66.943758,72121.0,763.9026320997427,0.0,193,192,0,0,192,192,,1,0,0,1,0
2020-09-24,US,Puerto Rico,Salinas,406,0,0,18.010386999999994,-66.256592,72123.0,1306.3903726108501,0.0,406,395,0,0,395,395,,11,0,0,11,0
2020-09-24,US,Puerto Rico,San German,243,0,0,18.111484,-67.03858100000001,72125.0,683.9868269203704,0.0,243,239,0,0,239,239,,4,0,0,4,0
2020-09-24,US,Puerto Rico,San Juan,6991,0,0,18.386933,-66.061128,72127.0,1768.413916615654,0.0,6991,6758,0,0,6758,6749,,233,0,0,233,9
2020-09-24,US,Puerto Rico,San Lorenzo,457,0,0,18.147987,-65.976392,72129.0,1113.0595742608018,0.0,457,438,0,0,438,438,,19,0,0,19,0
2020-09-24,US,Puerto Rico,San Sebastian,348,0,0,18.328646,-66.971214,72131.0,820.1744049021919,0.0,348,344,0,0,344,344,,4,0,0,4,0
2020-09-24,US,Puerto Rico,Santa Isabel,170,0,0,17.994525,-66.388913,72133.0,730.4288046747446,0.0,170,165,0,0,165,164,,5,0,0,5,1
2020-09-24,US,Puerto Rico,Toa Alta,1214,0,0,18.362406,-66.246616,72135.0,1639.0786595738934,0.0,1214,1187,0,0,1187,1185,,27,0,0,27,2
2020-09-24,US,Puerto Rico,Toa Baja,1258,0,0,18.431445999999998,-66.213553,72137.0,1403.876842727851,0.0,1258,1228,0,0,1228,1216,,30,0,0,30,12
2020-09-24,US,Puerto Rico,Trujillo Alto,993,0,0,18.336159,-65.99888399999999,72139.0,1326.795115042356,0.0,993,969,0,0,969,969,,24,0,0,24,0
2020-09-24,US,Puerto Rico,Unassigned,542,627,0,0.0,0.0,72999.0,0.0,115.68265682656826,-85,525,617,0,-92,570,,17,10,0,7,-45
2020-09-24,US,Puerto Rico,Utuado,132,0,0,18.271214,-66.702984,72141.0,398.2020573772965,0.0,132,129,0,0,129,129,,3,0,0,3,0
2020-09-24,US,Puerto Rico,Vega Alta,707,0,0,18.409346,-66.33725,72143.0,1769.6678431078076,0.0,707,683,0,0,683,681,,24,0,0,24,2
2020-09-24,US,Puerto Rico,Vega Baja,919,0,0,18.428262,-66.397924,72145.0,1540.343937514666,0.0,919,895,0,0,895,893,,24,0,0,24,2
2020-09-24,US,Puerto Rico,Vieques,88,0,0,18.123276,-65.44097099999999,72147.0,946.1348242124504,0.0,88,86,0,0,86,86,,2,0,0,2,0
2020-09-24,US,Puerto Rico,Villalba,128,0,0,18.127951,-66.473115,72149.0,490.9293138495762,0.0,128,128,0,0,128,128,,0,0,0,0,0
2020-09-24,US,Puerto Rico,Yabucoa,278,0,0,18.070399,-65.896289,72151.0,732.7165862786957,0.0,278,267,0,0,267,267,,11,0,0,11,0
2020-09-24,US,Puerto Rico,Yauco,383,0,0,18.080374,-66.858814,72153.0,910.9720999928644,0.0,383,375,0,0,375,374,,8,0,0,8,1
2020-09-24,US,Rhode Island,Bristol,404,0,0,41.71018079,-71.28652315,44001.0,833.3505229068255,0.0,404,404,0,0,404,382,48649,0,0,0,0,22
2020-09-24,US,Rhode Island,Kent,1867,0,0,41.67106337,-71.57641596,44003.0,1136.3913032892654,0.0,1867,1867,0,0,1867,1796,163861,0,0,0,0,71
2020-09-24,US,Rhode Island,Newport,518,0,0,41.5642026,-71.26569799,44005.0,631.0762408323384,0.0,518,518,0,0,518,502,82542,0,0,0,0,16
2020-09-24,US,Rhode Island,Providence,18437,0,0,41.87064746,-71.57753536,44007.0,2885.601105596692,0.0,18437,18437,0,0,18437,17941,636084,0,0,0,0,496
2020-09-24,US,Rhode Island,Unassigned,2282,1106,0,0.0,0.0,90044.0,0.0,48.466257668711656,1176,2148,1102,0,1046,2670,,134,4,0,130,-522
2020-09-24,US,Rhode Island,Washington,803,0,0,41.45961631,-71.61435303,44009.0,639.4483066166575,0.0,803,803,0,0,803,753,126179,0,0,0,0,50
2020-09-24,US,South Carolina,Abbeville,553,12,0,34.22333378,-82.46170658,45001.0,2254.658131854691,2.16998191681736,541,548,12,0,536,538,24541,5,0,0,5,10
2020-09-24,US,South Carolina,Aiken,4053,80,0,33.54338026,-81.63645384,45003.0,2371.950934032492,1.9738465334320257,3973,4025,79,0,3946,3999,169401,28,1,0,27,26
2020-09-24,US,South Carolina,Allendale,378,6,0,32.98837386,-81.35321066,45005.0,4350.828729281769,1.5873015873015872,372,371,6,0,365,362,8903,7,0,0,7,9
2020-09-24,US,South Carolina,Anderson,4277,171,0,34.51828081,-82.63959517,45007.0,2111.493991844311,3.998129530044424,4106,4215,170,0,4045,4134,200482,62,1,0,61,81
2020-09-24,US,South Carolina,Bamberg,635,33,0,33.21927586,-81.05659969,45009.0,4514.431963600171,5.196850393700787,602,629,33,0,596,622,14275,6,0,0,6,7
2020-09-24,US,South Carolina,Barnwell,681,16,0,33.26679302,-81.43584352,45011.0,3263.6825457682353,2.3494860499265786,665,674,16,0,658,664,21112,7,0,0,7,10
2020-09-24,US,South Carolina,Beaufort,5524,82,0,32.39226291,-80.72619758,45013.0,2875.256347529174,1.4844315713251268,5442,5508,81,0,5427,5496,188715,16,1,0,15,12
2020-09-24,US,South Carolina,Berkeley,5407,88,0,33.20222596,-79.94654523,45015.0,2372.4589415858222,1.6275198816349177,5319,5390,88,0,5302,5358,221091,17,0,0,17,32
2020-09-24,US,South Carolina,Calhoun,447,17,0,33.66926881,-80.77722168,45017.0,3071.5316429602144,3.8031319910514543,430,446,17,0,429,443,14520,1,0,0,1,3
2020-09-24,US,South Carolina,Charleston,15682,261,0,32.82487866,-79.96512315,45019.0,3811.806342153493,1.664328529524295,15421,15613,259,0,15354,15560,405905,69,2,0,67,53
2020-09-24,US,South Carolina,Cherokee,1132,35,0,35.05122251,-81.61828622,45021.0,1975.567190226876,3.091872791519435,1097,1119,35,0,1084,1101,57078,13,0,0,13,18
2020-09-24,US,South Carolina,Chester,1021,21,0,34.69249168,-81.1583216,45023.0,3166.480585535293,2.0568070519098924,1000,1019,21,0,998,1019,32251,2,0,0,2,0
2020-09-24,US,South Carolina,Chesterfield,1206,36,0,34.64137396,-80.15640140000002,45025.0,2641.8400876232204,2.985074626865672,1170,1203,36,0,1167,1189,45754,3,0,0,3,14
2020-09-24,US,South Carolina,Clarendon,1087,66,0,33.66610974,-80.21647898,45027.0,3221.217958216032,6.071757129714812,1021,1081,66,0,1015,1076,33700,6,0,0,6,5
2020-09-24,US,South Carolina,Colleton,1008,42,0,32.87582989,-80.67641292,45029.0,2675.372243012979,4.166666666666667,966,1006,42,0,964,1004,37660,2,0,0,2,2
2020-09-24,US,South Carolina,Darlington,2020,52,0,34.33358335,-79.96027485,45031.0,3032.2135158665833,2.5742574257425743,1968,1994,52,0,1942,1980,66802,26,0,0,26,14
2020-09-24,US,South Carolina,Dillon,1004,36,0,34.39007791,-79.37741872,45033.0,3294.071327799469,3.585657370517928,968,993,36,0,957,986,30599,11,0,0,11,7
2020-09-24,US,South Carolina,Dorchester,4089,88,0,33.0794369,-80.40502652,45035.0,2511.531917768674,2.1521154316458797,4001,4065,88,0,3977,4056,160647,24,0,0,24,9
2020-09-24,US,South Carolina,Edgefield,801,17,0,33.77221995,-81.96231108,45037.0,2938.371239911959,2.1223470661672907,784,797,17,0,780,794,27052,4,0,0,4,3
2020-09-24,US,South Carolina,Fairfield,759,34,0,34.39287073,-81.1195624,45039.0,3396.429050879313,4.479578392621871,725,755,34,0,721,755,22402,4,0,0,4,0
2020-09-24,US,South Carolina,Florence,4873,187,0,34.02361754,-79.70189312,45041.0,3523.6779880398863,3.8374717832957113,4686,4851,187,0,4664,4836,138159,22,0,0,22,15
2020-09-24,US,South Carolina,Georgetown,1875,45,0,33.43443342,-79.33202141,45043.0,2991.3848117421826,2.4,1830,1869,45,0,1824,1866,62249,6,0,0,6,3
2020-09-24,US,South Carolina,Greenville,14076,299,0,34.89502264,-82.37295012,45045.0,2688.6095098387523,2.124183006535948,13777,13957,298,0,13659,13859,514213,119,1,0,118,98
2020-09-24,US,South Carolina,Greenwood,2183,72,0,34.15272415,-82.12715789,45047.0,3082.8543587860645,3.298213467704993,2111,2170,72,0,2098,2150,70741,13,0,0,13,20
2020-09-24,US,South Carolina,Hampton,632,25,0,32.77419582,-81.13845571,45049.0,3287.8992820726253,3.9556962025316458,607,629,25,0,604,627,19351,3,0,0,3,2
2020-09-24,US,South Carolina,Horry,10227,196,0,33.9212828,-78.99555293,45051.0,2888.322163572742,1.9164955509924708,10031,10176,196,0,9980,10147,344147,51,0,0,51,29
2020-09-24,US,South Carolina,Jasper,790,20,0,32.43171982,-81.02487495,45053.0,2626.94110996575,2.5316455696202533,770,782,20,0,762,778,28971,8,0,0,8,4
2020-09-24,US,South Carolina,Kershaw,1918,37,0,34.33988254,-80.58763164,45055.0,2882.000270469265,1.9290928050052136,1881,1892,37,0,1855,1885,65592,26,0,0,26,7
2020-09-24,US,South Carolina,Lancaster,2111,49,0,34.68270843,-80.70513032,45057.0,2153.817899848998,2.3211747986736144,2062,2086,48,0,2038,2072,95380,25,1,0,24,14
2020-09-24,US,South Carolina,Laurens,1634,56,0,34.48244419,-82.00490796,45059.0,2420.991806557717,3.4271725826193387,1578,1626,56,0,1570,1616,66994,8,0,0,8,10
2020-09-24,US,South Carolina,Lee,705,34,0,34.16393091,-80.25690731,45061.0,4189.446161159972,4.822695035460993,671,701,34,0,667,699,17142,4,0,0,4,2
2020-09-24,US,South Carolina,Lexington,7012,157,0,33.89665987,-81.27146426,45063.0,2347.112970711297,2.2390188248716485,6855,6948,157,0,6791,6876,295032,64,0,0,64,72
2020-09-24,US,South Carolina,Marion,857,23,0,34.07859748,-79.36400756,45067.0,2795.4463907101153,2.6837806301050176,834,853,23,0,830,841,31039,4,0,0,4,12
2020-09-24,US,South Carolina,Marlboro,903,11,0,34.59905577,-79.67561152,45069.0,3457.385711003905,1.2181616832779625,892,899,11,0,888,901,26398,4,0,0,4,-2
2020-09-24,US,South Carolina,McCormick,230,6,0,33.90161443,-82.30794338,45065.0,2430.518862939872,2.608695652173913,224,228,6,0,222,227,9410,2,0,0,2,1
2020-09-24,US,South Carolina,Newberry,1218,24,0,34.28629098,-81.59935761,45071.0,3168.5744016649323,1.9704433497536944,1194,1202,23,0,1179,1188,38520,16,1,0,15,14
2020-09-24,US,South Carolina,Oconee,1373,26,0,34.75225169,-83.06742317,45073.0,1726.045307117894,1.893663510560816,1347,1363,26,0,1337,1355,78374,10,0,0,10,8
2020-09-24,US,South Carolina,Orangeburg,3072,123,0,33.4391073,-80.79886287,45075.0,3564.8389904264577,4.00390625,2949,3056,123,0,2933,3048,86934,16,0,0,16,8
2020-09-24,US,South Carolina,Pickens,2821,45,0,34.88807695,-82.72791551,45077.0,2223.290564610196,1.5951790145338531,2776,2800,45,0,2755,2774,124937,21,0,0,21,26
2020-09-24,US,South Carolina,Richland,14833,234,0,34.01791263,-80.90267209,45079.0,3567.69185994771,1.5775635407537247,14599,14691,230,0,14461,14591,414576,142,4,0,138,100
2020-09-24,US,South Carolina,Saluda,685,20,0,34.00795823,-81.72713237,45081.0,3345.8701704684217,2.9197080291970803,665,684,20,0,664,678,20544,1,0,0,1,6
2020-09-24,US,South Carolina,Spartanburg,6618,194,0,34.92960077,-81.99225984,45083.0,2069.5154556967964,2.931399214264128,6424,6565,192,0,6373,6483,313888,53,2,0,51,82
2020-09-24,US,South Carolina,Sumter,3169,77,0,33.91826534,-80.37942316,45085.0,2969.4249491665173,2.4297885768381198,3092,3150,77,0,3073,3145,106512,19,0,0,19,5
2020-09-24,US,South Carolina,Union,560,12,0,34.68835752,-81.61730349,45087.0,2050.0805388783133,2.142857142857143,548,551,12,0,539,542,27410,9,0,0,9,9
2020-09-24,US,South Carolina,Williamsburg,1325,44,0,33.62190129,-79.72767442,45089.0,4363.145416227608,3.320754716981132,1281,1319,43,0,1276,1311,30606,6,1,0,5,8
2020-09-24,US,South Carolina,York,5243,70,0,34.97281497,-81.18085944,45091.0,1865.9757490773327,1.335113484646195,5173,5187,68,0,5119,5158,274118,56,2,0,54,29
2020-09-24,US,South Dakota,Aurora,46,0,0,43.71757685,-98.56050467,46003.0,1672.119229371138,0.0,46,45,0,0,45,45,2801,1,0,0,1,0
2020-09-24,US,South Dakota,Beadle,738,9,0,44.41464384,-98.27858469,46005.0,3999.349699235896,1.2195121951219512,729,723,9,0,714,707,18883,15,0,0,15,16
2020-09-24,US,South Dakota,Bennett,63,1,0,43.19486375,-101.6665572,46007.0,1872.2139673105496,1.5873015873015872,62,62,1,0,61,62,3468,1,0,0,1,0
2020-09-24,US,South Dakota,Bon Homme,80,1,0,42.98914167,-97.88592746,46009.0,1159.2522822779308,1.25,79,79,1,0,78,77,6980,1,0,0,1,2
2020-09-24,US,South Dakota,Brookings,719,2,0,44.36974375,-96.79079945,46011.0,2049.7762066311257,0.27816411682892905,717,704,2,0,702,696,35232,15,0,0,15,8
2020-09-24,US,South Dakota,Brown,1102,4,0,45.58994323,-98.35165355,46013.0,2837.3542058240428,0.3629764065335753,1098,1067,3,0,1064,1052,39316,35,1,0,34,15
2020-09-24,US,South Dakota,Brule,108,0,0,43.71756379,-99.08118954,46015.0,2038.8899377005853,0.0,108,104,0,0,104,95,5229,4,0,0,4,9
2020-09-24,US,South Dakota,Buffalo,125,3,0,44.07657829,-99.20814467,46017.0,6371.0499490316015,2.4,122,123,3,0,120,119,2036,2,0,0,2,4
2020-09-24,US,South Dakota,Butte,86,2,0,44.90608745,-103.5079318,46019.0,824.6236456036054,2.3255813953488373,84,82,1,0,81,77,10222,4,1,0,3,5
2020-09-24,US,South Dakota,Campbell,21,0,0,45.77074915,-100.0510181,46021.0,1526.1627906976746,0.0,21,16,0,0,16,13,1377,5,0,0,5,3
2020-09-24,US,South Dakota,Charles Mix,159,0,0,43.20660134,-98.58856175,46023.0,1711.149375807146,0.0,159,156,0,0,156,150,9338,3,0,0,3,6
2020-09-24,US,South Dakota,Clark,37,0,0,44.85834507,-97.72925109,46025.0,990.3640256959314,0.0,37,34,0,0,34,32,3739,3,0,0,3,2
2020-09-24,US,South Dakota,Clay,548,5,0,42.91296147,-96.97656917,46027.0,3894.811656005686,0.9124087591240876,543,540,5,0,535,540,14041,8,0,0,8,0
2020-09-24,US,South Dakota,Codington,780,3,0,44.97788119,-97.18827677,46029.0,2784.8191652683067,0.38461538461538464,777,757,3,0,754,741,28015,23,0,0,23,16
2020-09-24,US,South Dakota,Corson,94,1,0,45.70889983,-101.1970473,46031.0,2300.5384238864417,1.0638297872340423,93,89,1,0,88,85,4165,5,0,0,5,4
2020-09-24,US,South Dakota,Custer,179,2,0,43.67741105,-103.45345209999999,46033.0,1995.095853767276,1.11731843575419,177,179,2,0,177,175,8726,0,0,0,0,4
2020-09-24,US,South Dakota,Davison,249,2,0,43.67490933,-98.14458906,46035.0,1259.165613147914,0.8032128514056225,247,230,2,0,228,225,19790,19,0,0,19,5
2020-09-24,US,South Dakota,Day,67,0,0,45.367281,-97.60737498,46037.0,1235.2507374631266,0.0,67,65,0,0,65,63,5505,2,0,0,2,2
2020-09-24,US,South Dakota,Deuel,80,0,0,44.75994309,-96.66943645,46039.0,1838.6577798207309,0.0,80,79,0,0,79,76,4337,1,0,0,1,3
2020-09-24,US,South Dakota,Dewey,134,0,0,45.15639647,-100.8709139,46041.0,2274.2701968771216,0.0,134,125,0,0,125,121,5904,9,0,0,9,4
2020-09-24,US,South Dakota,Douglas,76,0,0,43.38520741,-98.36978007,46043.0,2601.8486819582336,0.0,76,72,0,0,72,70,2935,4,0,0,4,2
2020-09-24,US,South Dakota,Edmunds,90,0,0,45.41846445,-99.21545423,46045.0,2350.4831548707234,0.0,90,90,0,0,90,86,3875,0,0,0,0,4
2020-09-24,US,South Dakota,Fall River,91,3,0,43.23929297,-103.5275691,46047.0,1355.5787278415014,3.2967032967032965,88,88,3,0,85,87,6758,3,0,0,3,1
2020-09-24,US,South Dakota,Faulk,65,1,0,45.07082625,-99.14535601,46049.0,2827.3162244454106,1.5384615384615383,64,65,1,0,64,64,2330,0,0,0,0,1
2020-09-24,US,South Dakota,Grant,106,1,0,45.1723937,-96.77002276,46051.0,1503.1196823596142,0.9433962264150944,105,98,1,0,97,94,7147,8,0,0,8,4
2020-09-24,US,South Dakota,Gregory,112,1,0,43.19419064,-99.18883902,46053.0,2676.224611708483,0.8928571428571429,111,110,1,0,109,107,4212,2,0,0,2,3
2020-09-24,US,South Dakota,Haakon,21,0,0,44.29299053,-101.539099,46055.0,1105.8451816745655,0.0,21,19,0,0,19,18,1918,2,0,0,2,1
2020-09-24,US,South Dakota,Hamlin,86,0,0,44.67385954,-97.18829593,46057.0,1395.1979234263465,0.0,86,80,0,0,80,80,6111,6,0,0,6,0
2020-09-24,US,South Dakota,Hand,36,0,0,44.54708407,-99.00386459,46059.0,1128.1729865246004,0.0,36,32,0,0,32,27,3262,4,0,0,4,5
2020-09-24,US,South Dakota,Hanson,34,0,0,43.6746384,-97.78715148,46061.0,984.6510280915146,0.0,34,32,0,0,32,32,3376,2,0,0,2,0
2020-09-24,US,South Dakota,Harding,5,0,0,45.58015551,-103.4958629,46063.0,385.20801232665633,0.0,5,5,0,0,5,3,1249,0,0,0,0,2
2020-09-24,US,South Dakota,Hughes,365,5,0,44.39091534,-99.99661148,46065.0,2082.6201072692,1.3698630136986298,360,349,4,0,345,330,17650,16,1,0,15,19
2020-09-24,US,South Dakota,Hutchinson,82,2,0,43.33449012,-97.75536441,46067.0,1124.674255931971,2.4390243902439024,80,78,2,0,76,75,7380,4,0,0,4,3
2020-09-24,US,South Dakota,Hyde,18,0,0,44.54747703,-99.48572582,46069.0,1383.5511145272867,0.0,18,18,0,0,18,16,1282,0,0,0,0,2
2020-09-24,US,South Dakota,Jackson,31,1,0,43.69318385,-101.6255063,46071.0,927.0334928229663,3.2258064516129035,30,29,1,0,28,27,3307,2,0,0,2,2
2020-09-24,US,South Dakota,Jerauld,76,1,0,44.06637798,-98.62965972,46073.0,3775.459513164431,1.3157894736842106,75,76,1,0,75,73,2043,0,0,0,0,3
2020-09-24,US,South Dakota,Jones,7,0,0,43.96278565,-100.6940008,46075.0,775.1937984496125,0.0,7,7,0,0,7,7,928,0,0,0,0,0
2020-09-24,US,South Dakota,Kingsbury,51,0,0,44.36956169,-97.4913945,46077.0,1032.5976918404535,0.0,51,47,0,0,47,47,4919,4,0,0,4,0
2020-09-24,US,South Dakota,Lake,183,7,0,44.02193107,-97.12926365,46079.0,1430.0226615613035,3.8251366120218577,176,175,7,0,168,173,13057,8,0,0,8,2
2020-09-24,US,South Dakota,Lawrence,373,4,0,44.35919441,-103.79294279999999,46081.0,1443.2750348243305,1.0723860589812333,369,362,4,0,358,342,25741,11,0,0,11,20
2020-09-24,US,South Dakota,Lincoln,1264,2,0,43.27841182,-96.72039050000001,46083.0,2067.792173799241,0.15822784810126586,1262,1251,2,0,1249,1223,58807,13,0,0,13,28
2020-09-24,US,South Dakota,Lyman,127,3,0,43.89522709,-99.85201878,46085.0,3358.899761967733,2.3622047244094486,124,120,3,0,117,112,3821,7,0,0,7,8
2020-09-24,US,South Dakota,Marshall,37,0,0,45.75870838,-97.59855639,46091.0,749.7467071935158,0.0,37,38,0,0,38,37,5112,-1,0,0,-1,1
2020-09-24,US,South Dakota,McCook,91,1,0,43.6742571,-97.36863144,46087.0,1629.072681704261,1.0989010989010992,90,88,1,0,87,85,5546,3,0,0,3,3
2020-09-24,US,South Dakota,McPherson,29,0,0,45.76626028,-99.22118798,46089.0,1218.9995796553171,0.0,29,29,0,0,29,29,2407,0,0,0,0,0
2020-09-24,US,South Dakota,Meade,500,4,0,44.56676791,-102.71627409999999,46093.0,1764.7889312438233,0.8,496,487,4,0,483,475,28294,13,0,0,13,12
2020-09-24,US,South Dakota,Mellette,30,0,0,43.58078848,-100.7563186,46095.0,1455.604075691412,0.0,30,30,0,0,30,29,2042,0,0,0,0,1
2020-09-24,US,South Dakota,Miner,19,0,0,44.02197882,-97.60992207,46097.0,857.4007220216606,0.0,19,19,0,0,19,19,2213,0,0,0,0,0
2020-09-24,US,South Dakota,Minnehaha,6453,80,0,43.67441641,-96.7910885,46099.0,3341.203516729317,1.2397334573066792,6373,6383,78,0,6305,6293,192876,70,2,0,68,90
2020-09-24,US,South Dakota,Moody,83,0,0,44.02266214,-96.67081159,46101.0,1262.1654501216544,0.0,83,78,0,0,78,75,6579,5,0,0,5,3
2020-09-24,US,South Dakota,Oglala Lakota,243,3,0,43.33749164,-102.55554980000001,46102.0,1714.0438738802286,1.2345679012345678,240,235,3,0,232,228,14309,8,0,0,8,7
2020-09-24,US,South Dakota,Pennington,2142,36,0,44.0025835,-102.8240777,46103.0,1882.663150955833,1.680672268907563,2106,2091,35,0,2056,2041,111729,51,1,0,50,50
2020-09-24,US,South Dakota,Perkins,36,0,0,45.49049506,-102.47555859999999,46105.0,1256.544502617801,0.0,36,36,0,0,36,34,2922,0,0,0,0,2
2020-09-24,US,South Dakota,Potter,42,0,0,45.06583079,-99.95498503,46107.0,1950.7663725034838,0.0,42,40,0,0,40,39,2207,2,0,0,2,1
2020-09-24,US,South Dakota,Roberts,174,1,0,45.62975048,-96.94672673,46109.0,1674.0427169520874,0.5747126436781609,173,167,1,0,166,163,10447,7,0,0,7,4
2020-09-24,US,South Dakota,Sanborn,24,0,0,44.02351092,-98.09098159999999,46111.0,1023.8907849829352,0.0,24,23,0,0,23,22,2429,1,0,0,1,1
2020-09-24,US,South Dakota,Spink,120,0,0,44.93837606,-98.34626602,46115.0,1882.0577164366373,0.0,120,115,0,0,115,113,6495,5,0,0,5,2
2020-09-24,US,South Dakota,Stanley,36,0,0,44.41381872,-100.7349153,46117.0,1162.0400258231116,0.0,36,34,0,0,34,32,3022,2,0,0,2,2
2020-09-24,US,South Dakota,Sully,9,0,0,44.71571812,-100.1278092,46119.0,647.0165348670023,0.0,9,9,0,0,9,9,1392,0,0,0,0,0
2020-09-24,US,South Dakota,Todd,118,5,0,43.19338568,-100.71955030000001,46121.0,1159.477252628476,4.2372881355932215,113,112,5,0,107,108,10283,6,0,0,6,4
2020-09-24,US,South Dakota,Tripp,126,0,0,43.34459388,-99.8854891,46123.0,2315.750781106415,0.0,126,114,0,0,114,99,5478,12,0,0,12,15
2020-09-24,US,South Dakota,Turner,149,2,0,43.3109081,-97.14865776,46125.0,1777.1946564885495,1.342281879194631,147,143,2,0,141,142,8424,6,0,0,6,1
2020-09-24,US,South Dakota,Union,375,7,0,42.83112163,-96.6557828,46127.0,2353.7534521717307,1.8666666666666667,368,367,6,0,361,360,15619,8,1,0,7,7
2020-09-24,US,South Dakota,Walworth,105,1,0,45.43019636,-100.03075140000001,46129.0,1931.9227230910763,0.9523809523809524,104,102,0,0,102,93,5587,3,1,0,2,9
2020-09-24,US,South Dakota,Yankton,382,4,0,43.00924485,-97.39467635,46135.0,1674.4104497238538,1.0471204188481675,378,372,4,0,368,360,22869,10,0,0,10,12
2020-09-24,US,South Dakota,Ziebach,60,0,0,44.97881876,-101.6654622,46137.0,2177.068214804064,0.0,60,60,0,0,60,60,2742,0,0,0,0,0
2020-09-24,US,Tennessee,Anderson,1153,12,0,36.12684348,-84.19965764,47001.0,1497.8305489880227,1.0407632263660018,1141,1153,11,0,1142,1138,76482,0,1,0,-1,15
2020-09-24,US,Tennessee,Bedford,1320,17,0,35.51123746,-86.45549096,47003.0,2655.241083821133,1.2878787878787878,1303,1317,17,0,1300,1313,49038,3,0,0,3,4
2020-09-24,US,Tennessee,Benton,334,9,0,36.07110411,-88.06849355,47005.0,2066.831683168317,2.6946107784431144,325,334,9,0,325,332,16184,0,0,0,0,2
2020-09-24,US,Tennessee,Bledsoe,849,4,0,35.59942968,-85.20611967,47007.0,5635.95326606479,0.4711425206124853,845,848,4,0,844,845,14755,1,0,0,1,3
2020-09-24,US,Tennessee,Blount,2477,23,0,35.68938198,-83.92847788,47009.0,1861.1745611925946,0.9285425918449738,2454,2461,23,0,2438,2449,131349,16,0,0,16,12
2020-09-24,US,Tennessee,Bradley,2893,17,0,35.15739424,-84.857186,47011.0,2675.978170382018,0.5876253024541997,2876,2883,17,0,2866,2868,106727,10,0,0,10,15
2020-09-24,US,Tennessee,Campbell,431,4,0,36.40355516,-84.15108559999999,47013.0,1081.7730033632852,0.9280742459396752,427,424,3,0,421,421,39583,7,1,0,6,3
2020-09-24,US,Tennessee,Cannon,280,0,0,35.80990797,-86.05738983,47015.0,1907.616841531544,0.0,280,281,0,0,281,279,14462,-1,0,0,-1,2
2020-09-24,US,Tennessee,Carroll,858,19,0,35.97366108,-88.45189331,47017.0,3089.998919580797,2.2144522144522143,839,849,18,0,831,839,28020,9,1,0,8,10
2020-09-24,US,Tennessee,Carter,1147,28,0,36.28969086,-82.12588974,47019.0,2034.0125197283253,2.4411508282476024,1119,1141,28,0,1113,1127,56351,6,0,0,6,14
2020-09-24,US,Tennessee,Cheatham,806,10,0,36.26136216,-87.08903581,47021.0,1981.9509676150199,1.2406947890818858,796,805,10,0,795,793,40439,1,0,0,1,12
2020-09-24,US,Tennessee,Chester,609,10,0,35.42527478,-88.6095842,47023.0,3520.8417644678266,1.6420361247947457,599,605,10,0,595,595,17276,4,0,0,4,10
2020-09-24,US,Tennessee,Claiborne,440,5,0,36.48319149,-83.65947309,47025.0,1376.763978847899,1.1363636363636365,435,438,4,0,434,438,31756,2,1,0,1,0
2020-09-24,US,Tennessee,Clay,220,5,0,36.55151008,-85.53930419,47027.0,2889.034799737361,2.272727272727273,215,215,5,0,210,211,7717,5,0,0,5,4
2020-09-24,US,Tennessee,Cocke,741,9,0,35.9278914,-83.11828725,47029.0,2058.104655038329,1.214574898785425,732,737,9,0,728,736,35774,4,0,0,4,1
2020-09-24,US,Tennessee,Coffee,1166,13,0,35.49090731,-86.07311784,47031.0,2062.9865534324135,1.1149228130360205,1153,1156,12,0,1144,1125,55700,10,1,0,9,31
2020-09-24,US,Tennessee,Crockett,529,19,0,35.81830662,-89.14916269,47033.0,3717.498243148278,3.5916824196597354,510,529,19,0,510,513,14328,0,0,0,0,16
2020-09-24,US,Tennessee,Cumberland,1175,18,0,35.95271721,-84.99840585,47035.0,1941.5069398545936,1.5319148936170213,1157,1169,18,0,1151,1155,59673,6,0,0,6,14
2020-09-24,US,Tennessee,Davidson,26252,298,0,36.17007426,-86.78646056,47037.0,3781.924211690946,1.1351516074965715,25954,26194,297,0,25897,26087,692587,58,1,0,57,107
2020-09-24,US,Tennessee,DeKalb,552,13,0,35.97616272,-85.83689361,47041.0,2693.997071742313,2.355072463768116,539,550,13,0,537,547,20138,2,0,0,2,3
2020-09-24,US,Tennessee,Decatur,503,7,0,35.60048904,-88.11043779,47039.0,4312.784017834178,1.3916500994035783,496,495,6,0,489,479,11706,8,1,0,7,16
2020-09-24,US,Tennessee,Dickson,1235,15,0,36.14669837,-87.35891709,47043.0,2289.241491806925,1.214574898785425,1220,1230,14,0,1216,1207,53446,5,1,0,4,23
2020-09-24,US,Tennessee,Dyer,1318,13,0,36.05931946,-89.41542855,47045.0,3546.9199924648133,0.9863429438543247,1305,1314,13,0,1301,1287,37320,4,0,0,4,27
2020-09-24,US,Tennessee,Fayette,1174,18,0,35.19615831,-89.41399032,47047.0,2854.1560304378477,1.5332197614991483,1156,1167,18,0,1149,1144,40507,7,0,0,7,23
2020-09-24,US,Tennessee,Fentress,471,3,0,36.38128818,-84.92870012,47049.0,2542.78464611564,0.6369426751592356,468,462,3,0,459,447,18217,9,0,0,9,15
2020-09-24,US,Tennessee,Franklin,951,8,0,35.15634626,-86.09201039,47051.0,2253.127369219105,0.8412197686645636,943,945,8,0,937,926,41890,6,0,0,6,19
2020-09-24,US,Tennessee,Gibson,1609,22,0,35.99438059,-88.93358327,47053.0,3274.7847678749517,1.3673088875077688,1587,1586,20,0,1566,1545,49045,23,2,0,21,41
2020-09-24,US,Tennessee,Giles,580,17,0,35.20222469,-87.03992678,47055.0,1968.5039370078741,2.931034482758621,563,576,17,0,559,569,29503,4,0,0,4,7
2020-09-24,US,Tennessee,Grainger,363,3,0,36.27469206,-83.51254721,47057.0,1556.6037735849054,0.8264462809917356,360,360,3,0,357,354,23145,3,0,0,3,6
2020-09-24,US,Tennessee,Greene,1129,43,0,36.17470125,-82.84691273,47059.0,1634.5972867711996,3.8086802480070867,1086,1118,39,0,1079,1112,69087,11,4,0,7,6
2020-09-24,US,Tennessee,Grundy,268,5,0,35.38433717,-85.72142731,47061.0,1995.978252774261,1.8656716417910448,263,263,5,0,258,256,13346,5,0,0,5,7
2020-09-24,US,Tennessee,Hamblen,1885,25,0,36.21990035,-83.26586179,47063.0,2902.947608340777,1.326259946949602,1860,1873,25,0,1848,1839,64569,12,0,0,12,34
2020-09-24,US,Tennessee,Hamilton,9287,91,0,35.17670231,-85.16652245,47065.0,2524.9861339191525,0.9798643264778722,9196,9263,92,0,9171,9211,364286,24,-1,0,25,52
2020-09-24,US,Tennessee,Hancock,106,3,0,36.52692871,-83.22375847,47067.0,1601.2084592145015,2.830188679245283,103,107,3,0,104,106,6549,-1,0,0,-1,1
2020-09-24,US,Tennessee,Hardeman,1548,26,0,35.20772017,-88.99161161,47069.0,6179.640718562873,1.6795865633074936,1522,1546,25,0,1521,1534,25220,2,1,0,1,12
2020-09-24,US,Tennessee,Hardin,1005,16,0,35.19732531,-88.18593755,47071.0,3917.8231716825203,1.592039800995025,989,991,15,0,976,972,25776,14,1,0,13,19
2020-09-24,US,Tennessee,Hawkins,783,16,0,36.44355426,-82.94885298,47073.0,1378.8609868629592,2.0434227330779056,767,780,16,0,764,773,56530,3,0,0,3,7
2020-09-24,US,Tennessee,Haywood,954,18,0,35.58332824,-89.28536625,47075.0,5513.176144244107,1.8867924528301887,936,933,16,0,917,924,17335,21,2,0,19,9
2020-09-24,US,Tennessee,Henderson,1153,22,0,35.65581134,-88.38600175,47077.0,4100.7219831418715,1.9080659150043364,1131,1151,21,0,1130,1135,27847,2,1,0,1,16
2020-09-24,US,Tennessee,Henry,613,9,0,36.33160906,-88.30121797,47079.0,1895.1924563301905,1.4681892332789561,604,612,9,0,603,607,32358,1,0,0,1,5
2020-09-24,US,Tennessee,Hickman,558,5,0,35.80609681,-87.47643507,47081.0,2216.2205099690204,0.8960573476702509,553,553,5,0,548,546,25063,5,0,0,5,7
2020-09-24,US,Tennessee,Houston,208,3,0,36.28872054,-87.71878828,47083.0,2536.276063894647,1.4423076923076923,205,198,1,0,197,193,8263,10,2,0,8,5
2020-09-24,US,Tennessee,Humphreys,244,3,0,36.03958805,-87.77992872,47085.0,1313.0986976644065,1.2295081967213115,241,243,3,0,240,235,18486,1,0,0,1,8
2020-09-24,US,Tennessee,Jackson,317,5,0,36.36380466,-85.67239905,47087.0,2689.6317665026304,1.5772870662460567,312,314,5,0,309,308,11758,3,0,0,3,6
2020-09-24,US,Tennessee,Jefferson,1097,14,0,36.04818632,-83.45148924,47089.0,2013.0287182310306,1.276207839562443,1083,1085,14,0,1071,1074,54012,12,0,0,12,11
2020-09-24,US,Tennessee,Johnson,675,2,0,36.45523950000001,-81.84886538,47091.0,3794.69305149539,0.2962962962962963,673,662,2,0,660,649,17778,13,0,0,13,13
2020-09-24,US,Tennessee,Knox,9181,75,0,35.99508821,-83.94635435,47093.0,1952.1042369655954,0.816904476636532,9106,9115,75,0,9040,9052,465289,66,0,0,66,63
2020-09-24,US,Tennessee,Lake,914,2,0,36.34180170000001,-89.48921915,47095.0,13027.366020524516,0.2188183807439825,912,919,2,0,917,915,7411,-5,0,0,-5,4
2020-09-24,US,Tennessee,Lauderdale,959,15,0,35.75893438,-89.63015909999999,47097.0,3741.2710178285797,1.5641293013555788,944,949,15,0,934,942,25825,10,0,0,10,7
2020-09-24,US,Tennessee,Lawrence,1012,11,0,35.21675201,-87.39787695,47099.0,2292.601150831408,1.0869565217391304,1001,1003,11,0,992,977,43734,9,0,0,9,26
2020-09-24,US,Tennessee,Lewis,185,1,0,35.52853208,-87.49022694,47101.0,1507.988262145419,0.5405405405405406,184,179,1,0,178,179,12086,6,0,0,6,0
2020-09-24,US,Tennessee,Lincoln,603,1,0,35.13738622,-86.58910106,47103.0,1754.6412151545132,0.16583747927031509,602,596,1,0,595,581,34117,7,0,0,7,15
2020-09-24,US,Tennessee,Loudon,1135,6,0,35.73939663,-84.31145275,47105.0,2099.2084042317083,0.5286343612334802,1129,1131,6,0,1125,1121,53054,4,0,0,4,10
2020-09-24,US,Tennessee,Macon,1035,20,0,36.53157855,-86.00778595,47111.0,4206.975042679457,1.932367149758454,1015,1033,20,0,1013,1023,24265,2,0,0,2,10
2020-09-24,US,Tennessee,Madison,2800,61,0,35.61181957,-88.84076036,47113.0,2857.609405617244,2.1785714285714284,2739,2780,60,0,2720,2750,97605,20,1,0,19,30
2020-09-24,US,Tennessee,Marion,518,7,0,35.12997174,-85.62265895,47115.0,1791.9535060711935,1.351351351351351,511,516,7,0,509,504,28575,2,0,0,2,12
2020-09-24,US,Tennessee,Marshall,741,5,0,35.45798777,-86.76420988,47117.0,2155.6363636363635,0.6747638326585695,736,733,5,0,728,720,33683,8,0,0,8,13
2020-09-24,US,Tennessee,Maury,2309,23,0,35.618741299999996,-87.07462444,47119.0,2395.551267287083,0.996102208748376,2286,2289,23,0,2266,2274,94340,20,0,0,20,15
2020-09-24,US,Tennessee,McMinn,1100,25,0,35.42812616,-84.61520715,47107.0,2044.837714243224,2.272727272727273,1075,1094,24,0,1070,1076,53285,6,1,0,5,18
2020-09-24,US,Tennessee,McNairy,842,18,0,35.17468549,-88.5647812,47109.0,3277.0296567291966,2.1377672209026133,824,824,18,0,806,816,25832,18,0,0,18,8
2020-09-24,US,Tennessee,Meigs,223,3,0,35.51558739,-84.81482914,47121.0,1795.202060859765,1.345291479820628,220,221,3,0,218,221,12306,2,0,0,2,0
2020-09-24,US,Tennessee,Monroe,1022,17,0,35.44550387,-84.24902965,47123.0,2195.7245676227312,1.6634050880626223,1005,1010,17,0,993,1003,46357,12,0,0,12,7
2020-09-24,US,Tennessee,Montgomery,3022,44,0,36.49609412,-87.38550661,47125.0,1445.9814443545956,1.455989410986102,2978,3015,43,0,2972,2971,205950,7,1,0,6,44
2020-09-24,US,Tennessee,Moore,164,1,0,35.27724699,-86.36230578,47127.0,2527.743526510481,0.6097560975609756,163,161,1,0,160,154,6411,3,0,0,3,7
2020-09-24,US,Tennessee,Morgan,311,3,0,36.13248031,-84.64880098,47129.0,1453.0673270102322,0.964630225080386,308,310,3,0,307,306,21579,1,0,0,1,4
2020-09-24,US,Tennessee,Obion,1138,9,0,36.35732446,-89.14921589,47131.0,3784.628687352423,0.7908611599297012,1129,1112,9,0,1103,1096,30267,26,0,0,26,16
2020-09-24,US,Tennessee,Out of TN,2968,25,0,0.0,0.0,80047.0,0.0,0.8423180592991913,2943,2968,25,0,2943,2968,,0,0,0,0,0
2020-09-24,US,Tennessee,Overton,713,5,0,36.34117832,-85.28989535,47133.0,3205.791106514995,0.7012622720897616,708,708,5,0,703,681,22068,5,0,0,5,27
2020-09-24,US,Tennessee,Perry,149,0,0,35.63708728,-87.86139634,47135.0,1844.9727587914806,0.0,149,149,0,0,149,150,8064,0,0,0,0,-1
2020-09-24,US,Tennessee,Pickett,110,2,0,36.55606529,-85.07763299999998,47137.0,2179.0808240887477,1.818181818181818,108,107,2,0,105,103,5082,3,0,0,3,4
2020-09-24,US,Tennessee,Polk,382,10,0,35.12245443,-84.52075859,47139.0,2269.486692015209,2.6178010471204187,372,380,10,0,370,380,16898,2,0,0,2,0
2020-09-24,US,Tennessee,Putnam,3201,39,0,36.14005459,-85.50646123,47141.0,3989.033584647017,1.218369259606373,3162,3170,38,0,3132,3088,78843,31,1,0,30,82
2020-09-24,US,Tennessee,Rhea,798,12,0,35.60536161,-84.93076643,47143.0,2406.0059697892484,1.5037593984962403,786,791,11,0,780,788,33044,7,1,0,6,3
2020-09-24,US,Tennessee,Roane,872,4,0,35.84923189,-84.52458689,47145.0,1633.5094226518302,0.4587155963302753,868,864,3,0,861,849,53140,8,1,0,7,15
2020-09-24,US,Tennessee,Robertson,2190,35,0,36.52454807,-86.87346725,47147.0,3049.5871221088105,1.5981735159817352,2155,2188,35,0,2153,2173,71012,2,0,0,2,15
2020-09-24,US,Tennessee,Rutherford,9150,88,0,35.84591405,-86.4107263,47149.0,2753.6602615224883,0.9617486338797814,9062,9113,88,0,9025,9058,324890,37,0,0,37,55
2020-09-24,US,Tennessee,Scott,207,2,0,36.42325673,-84.50360494,47151.0,938.0097879282216,0.966183574879227,205,208,2,0,206,202,22039,-1,0,0,-1,6
2020-09-24,US,Tennessee,Sequatchie,229,3,0,35.36979721,-85.41022136,47153.0,1524.0250232929584,1.310043668122271,226,226,2,0,224,223,14876,3,1,0,2,3
2020-09-24,US,Tennessee,Sevier,2570,15,0,35.78077323,-83.52244332,47155.0,2615.7760814249364,0.5836575875486382,2555,2553,15,0,2538,2537,97892,17,0,0,17,16
2020-09-24,US,Tennessee,Shelby,30460,452,0,35.1864775,-89.89692423,47157.0,3250.2246133555846,1.4839133289560078,30008,30397,449,0,29948,30244,935764,63,3,0,60,153
2020-09-24,US,Tennessee,Smith,698,10,0,36.25359775,-85.95411046,47159.0,3462.8168874336457,1.4326647564469914,688,697,10,0,687,678,19942,1,0,0,1,19
2020-09-24,US,Tennessee,Stewart,190,2,0,36.50235092,-87.83920548,47161.0,1385.3445133065984,1.0526315789473684,188,182,2,0,180,177,13561,8,0,0,8,5
2020-09-24,US,Tennessee,Sullivan,2121,33,0,36.51240691,-82.30412917,47163.0,1339.4548715487406,1.555869872701556,2088,2093,32,0,2061,2071,157668,28,1,0,27,22
2020-09-24,US,Tennessee,Sumner,4758,96,0,36.46824103,-86.45917204,47165.0,2487.413936418814,2.01765447667087,4662,4750,93,0,4657,4721,187149,8,3,0,5,29
2020-09-24,US,Tennessee,Tipton,1781,18,0,35.501942,-89.73694895,47167.0,2891.2807026088085,1.0106681639528354,1763,1766,17,0,1749,1745,61581,15,1,0,14,21
2020-09-24,US,Tennessee,Trousdale,1651,7,0,36.39026213,-86.16087954,47169.0,14631.336405529952,0.4239854633555421,1644,1651,7,0,1644,1651,11012,0,0,0,0,0
2020-09-24,US,Tennessee,Unassigned,2914,5,0,0.0,0.0,90047.0,0.0,0.17158544955387786,2909,2904,6,0,2898,2891,,10,-1,0,11,13
2020-09-24,US,Tennessee,Unicoi,283,1,0,36.10890856,-82.43709629,47171.0,1582.5085276519599,0.353356890459364,282,281,1,0,280,280,17761,2,0,0,2,1
2020-09-24,US,Tennessee,Union,347,1,0,36.28590426,-83.83651902,47173.0,1737.4324053675145,0.2881844380403458,346,345,1,0,344,339,19688,2,0,0,2,6
2020-09-24,US,Tennessee,Van Buren,160,0,0,35.69864497,-85.45221699,47175.0,2724.7956403269754,0.0,160,159,0,0,159,154,5765,1,0,0,1,5
2020-09-24,US,Tennessee,Warren,1026,7,0,35.672829899999996,-85.77969117,47177.0,2485.6457591394724,0.682261208576998,1019,1019,7,0,1012,1012,40878,7,0,0,7,7
2020-09-24,US,Tennessee,Washington,2239,35,0,36.29472368,-82.49454720000001,47179.0,1730.6280193236717,1.563197856185797,2204,2232,34,0,2198,2186,128607,7,1,0,6,46
2020-09-24,US,Tennessee,Wayne,1490,5,0,35.23868267,-87.78644456,47181.0,8936.604090445631,0.3355704697986577,1485,1489,6,0,1483,1485,16558,1,-1,0,2,4
2020-09-24,US,Tennessee,Weakley,1157,19,0,36.29896232,-88.71990865,47183.0,3471.5554488718194,1.6421780466724287,1138,1145,19,0,1126,1122,33415,12,0,0,12,23
2020-09-24,US,Tennessee,White,813,9,0,35.92929884,-85.45591799,47185.0,2973.121228743829,1.1070110701107012,804,806,9,0,797,788,27107,7,0,0,7,18
2020-09-24,US,Tennessee,Williamson,5165,36,0,35.89099229,-86.89281867,47187.0,2166.4177977618574,0.6969990319457889,5129,5139,36,0,5103,5096,231729,26,0,0,26,43
2020-09-24,US,Tennessee,Wilson,3418,44,0,36.15496772,-86.29775884,47189.0,2362.830696060336,1.2873025160912814,3374,3412,43,0,3369,3384,140625,6,1,0,5,28
2020-09-24,US,Texas,Anderson,2825,31,0,31.81534745,-95.65354823,48001.0,4893.04581276522,1.0973451327433628,2794,2822,31,0,2791,2801,58057,3,0,0,3,21
2020-09-24,US,Texas,Andrews,415,8,0,32.30468633,-102.63765479999999,48003.0,2218.658112804063,1.9277108433734942,407,415,8,0,407,412,18128,0,0,0,0,3
2020-09-24,US,Texas,Angelina,2120,80,0,31.25457347,-94.60901487,48005.0,2444.7904053508623,3.7735849056603774,2040,2120,80,0,2040,2120,87092,0,0,0,0,0
2020-09-24,US,Texas,Aransas,322,18,0,28.10556197,-96.9995047,48007.0,1369.6299447043812,5.590062111801243,304,320,18,0,302,320,23792,2,0,0,2,0
2020-09-24,US,Texas,Archer,82,1,0,33.61569967,-98.68754589,48009.0,958.7279317198644,1.2195121951219512,81,79,1,0,78,79,8786,3,0,0,3,0
2020-09-24,US,Texas,Armstrong,13,1,0,34.96507426,-101.35748740000001,48011.0,688.924218335983,7.6923076923076925,12,13,1,0,12,13,1892,0,0,0,0,0
2020-09-24,US,Texas,Atascosa,1154,30,0,28.89333001,-98.52730485,48013.0,2255.977166539597,2.599653379549393,1124,1154,30,0,1124,1150,50310,0,0,0,0,4
2020-09-24,US,Texas,Austin,488,9,0,29.88548725,-96.27736949,48015.0,1624.9334043686733,1.8442622950819672,479,485,9,0,476,483,29989,3,0,0,3,2
2020-09-24,US,Texas,Bailey,217,5,0,34.06854817,-102.8299707,48017.0,3100.0,2.3041474654377883,212,214,5,0,209,210,7027,3,0,0,3,4
2020-09-24,US,Texas,Bandera,158,8,0,29.74619598,-99.24598147,48019.0,683.6275527864312,5.063291139240507,150,158,8,0,150,153,22824,0,0,0,0,5
2020-09-24,US,Texas,Bastrop,1814,29,0,30.10370699,-97.31206354,48021.0,2044.565670682912,1.5986769570011026,1785,1811,29,0,1782,1802,86976,3,0,0,3,9
2020-09-24,US,Texas,Baylor,17,1,0,33.61640794,-99.21352901,48023.0,484.4685095468794,5.882352941176472,16,17,0,0,17,17,3582,0,1,0,-1,0
2020-09-24,US,Texas,Bee,1815,31,0,28.41761668,-97.74215593,48025.0,5573.4684477199435,1.7079889807162534,1784,1818,30,0,1788,1834,32587,-3,1,0,-4,-16
2020-09-24,US,Texas,Bell,5404,84,0,31.03736027,-97.4785025,48027.0,1489.0169842721893,1.5544041450777202,5320,5371,84,0,5287,5327,355642,33,0,0,33,44
2020-09-24,US,Texas,Bexar,53971,1271,0,29.44928723,-98.52019748,48029.0,2693.763182824121,2.354968408960368,52700,53794,1264,0,52530,56639,1986049,177,7,0,170,-2845
2020-09-24,US,Texas,Blanco,144,5,0,30.26640707,-98.3999852,48031.0,1206.9399044505908,3.4722222222222223,139,144,5,0,139,142,11702,0,0,0,0,2
2020-09-24,US,Texas,Borden,1,0,0,32.74363984,-101.43165090000001,48033.0,152.9051987767584,0.0,1,1,0,0,1,,648,0,0,0,0,
2020-09-24,US,Texas,Bosque,314,6,0,31.89978581,-97.63613524,48035.0,1680.4923735616806,1.9108280254777068,308,311,6,0,305,304,18691,3,0,0,3,7
2020-09-24,US,Texas,Bowie,1330,50,0,33.44626922,-94.41834132,48037.0,1426.3499383344952,3.7593984962406015,1280,1331,50,0,1281,1269,94324,-1,0,0,-1,62
2020-09-24,US,Texas,Brazoria,11169,163,0,29.18757369,-95.44563172,48039.0,2984.2571019387383,1.4593965440057302,11006,11144,161,0,10983,11045,370200,25,2,0,23,99
2020-09-24,US,Texas,Brazos,6249,64,0,30.663644800000004,-96.30205577,48041.0,2726.308946778296,1.024163866218595,6185,6178,62,0,6116,6122,226758,71,2,0,69,56
2020-09-24,US,Texas,Brewster,216,2,0,29.81008251,-103.25203259999999,48043.0,2347.060741062697,0.925925925925926,214,215,2,0,213,215,9267,1,0,0,1,0
2020-09-24,US,Texas,Briscoe,12,1,0,34.53026962,-101.2084947,48045.0,776.1966364812421,8.333333333333334,11,12,1,0,11,12,1516,0,0,0,0,0
2020-09-24,US,Texas,Brooks,312,22,0,27.03103197,-98.21808402,48047.0,4398.7029465670375,7.05128205128205,290,303,22,0,281,303,7114,9,0,0,9,0
2020-09-24,US,Texas,Brown,564,23,0,31.77430356,-98.99907113,48049.0,1489.5415170082401,4.078014184397163,541,563,23,0,540,555,37924,1,0,0,1,8
2020-09-24,US,Texas,Burleson,337,6,0,30.49273808,-96.62158484,48051.0,1827.2515317464624,1.7804154302670625,331,337,6,0,331,328,18389,0,0,0,0,9
2020-09-24,US,Texas,Burnet,722,12,0,30.78801353,-98.181887,48053.0,1499.3250960440243,1.6620498614958448,710,721,12,0,709,709,47542,1,0,0,1,12
2020-09-24,US,Texas,Caldwell,1523,35,0,29.83668859,-97.61814775,48055.0,3487.9992671308173,2.298095863427446,1488,1511,35,0,1476,1497,43247,12,0,0,12,14
2020-09-24,US,Texas,Calhoun,818,7,0,28.47048236,-96.61633945,48057.0,3842.179426961015,0.8557457212713936,811,818,7,0,811,816,21561,0,0,0,0,2
2020-09-24,US,Texas,Callahan,87,3,0,32.29760619,-99.37326312,48059.0,623.9690167108944,3.4482758620689653,84,86,3,0,83,86,13994,1,0,0,1,0
2020-09-24,US,Texas,Cameron,22586,895,0,26.14524221,-97.48140372,48061.0,5337.423167904566,3.9626317187638365,21691,22544,886,0,21658,22499,423908,42,9,0,33,45
2020-09-24,US,Texas,Camp,351,11,0,32.97195142,-94.97790104,48063.0,2680.617076523599,3.133903133903134,340,350,11,0,339,350,13033,1,0,0,1,0
2020-09-24,US,Texas,Carson,21,0,0,35.40365929,-101.35426690000001,48065.0,354.3705703678704,0.0,21,19,0,0,19,19,6005,2,0,0,2,0
2020-09-24,US,Texas,Cass,338,15,0,33.07499881,-94.34646905,48067.0,1125.6910677412911,4.437869822485207,323,338,15,0,323,330,30119,0,0,0,0,8
2020-09-24,US,Texas,Castro,251,5,0,34.53016752,-102.2617243,48069.0,3333.333333333333,1.99203187250996,246,250,5,0,245,250,7665,1,0,0,1,0
2020-09-24,US,Texas,Chambers,1296,8,0,29.70972016,-94.67154501,48071.0,2956.406688413897,0.6172839506172839,1288,1285,8,0,1277,1271,42454,11,0,0,11,14
2020-09-24,US,Texas,Cherokee,1546,28,0,31.837258000000002,-95.16559897,48073.0,2936.5953728678332,1.8111254851228975,1518,1534,28,0,1506,1529,52592,12,0,0,12,5
2020-09-24,US,Texas,Childress,68,0,0,34.529304100000004,-100.2077916,48075.0,930.7418560087601,0.0,68,68,0,0,68,66,7291,0,0,0,0,2
2020-09-24,US,Texas,Clay,86,2,0,33.78686685,-98.20771198,48077.0,821.3160156623054,2.3255813953488373,84,84,1,0,83,80,10456,2,1,0,1,4
2020-09-24,US,Texas,Cochran,50,1,0,33.60425307,-102.82844990000001,48079.0,1752.541184717841,2.0,49,50,1,0,49,49,2836,0,0,0,0,1
2020-09-24,US,Texas,Coke,52,3,0,31.88911733,-100.5297533,48081.0,1535.281960436965,5.769230769230768,49,52,3,0,49,52,3370,0,0,0,0,0
2020-09-24,US,Texas,Coleman,70,4,0,31.76736834,-99.45240766,48083.0,856.2691131498468,5.7142857142857135,66,70,3,0,67,70,8397,0,1,0,-1,0
2020-09-24,US,Texas,Collin,13310,141,0,33.18820114,-96.57264368,48085.0,1286.3259014428884,1.0593538692712243,13169,13210,141,0,13069,13060,1005146,100,0,0,100,150
2020-09-24,US,Texas,Collingsworth,18,0,0,34.96489496,-100.27001109999999,48087.0,616.4383561643834,0.0,18,18,0,0,18,18,2962,0,0,0,0,0
2020-09-24,US,Texas,Colorado,482,4,0,29.622097999999998,-96.5273805,48089.0,2242.590610896571,0.8298755186721992,478,480,4,0,476,480,21217,2,0,0,2,0
2020-09-24,US,Texas,Comal,2648,102,0,29.80811278,-98.27647225,48091.0,1695.1648112464713,3.8519637462235647,2546,2642,102,0,2540,2642,148373,6,0,0,6,0
2020-09-24,US,Texas,Comanche,300,3,0,31.94854689,-98.55876441,48093.0,2200.2200220022,1.0,297,299,3,0,296,294,13534,1,0,0,1,5
2020-09-24,US,Texas,Concho,129,2,0,31.32635934,-99.86473038,48095.0,4732.208363903155,1.5503875968992251,127,129,2,0,127,128,4276,0,0,0,0,1
2020-09-24,US,Texas,Cooke,425,5,0,33.63979567,-97.21240912,48097.0,1030.128220665584,1.1764705882352942,420,415,5,0,410,410,40574,10,0,0,10,5
2020-09-24,US,Texas,Coryell,1818,12,0,31.39078397,-97.79936155,48099.0,2393.648536556464,0.6600660066006601,1806,1810,12,0,1798,1799,74808,8,0,0,8,11
2020-09-24,US,Texas,Cottle,25,3,0,34.07783319,-100.27850620000001,48101.0,1788.26895565093,12.0,22,25,2,0,23,25,1389,0,1,0,-1,0
2020-09-24,US,Texas,Crane,71,2,0,31.43052248,-102.5143314,48103.0,1480.091723994163,2.8169014084507036,69,71,2,0,69,71,4794,0,0,0,0,0
2020-09-24,US,Texas,Crockett,164,6,0,30.72367027,-101.4134238,48105.0,4734.411085450346,3.6585365853658534,158,164,6,0,158,164,3499,0,0,0,0,0
2020-09-24,US,Texas,Crosby,86,3,0,33.61431553,-101.30003640000001,48107.0,1499.0413107896113,3.4883720930232562,83,86,3,0,83,87,5779,0,0,0,0,-1
2020-09-24,US,Texas,Culberson,54,2,0,31.44506775,-104.5185739,48109.0,2487.3330262551817,3.703703703703704,52,54,2,0,52,53,2204,0,0,0,0,1
2020-09-24,US,Texas,Dallam,246,9,0,36.27787176,-102.60207249999999,48111.0,3375.8748456154804,3.6585365853658534,237,244,9,0,235,238,7200,2,0,0,2,6
2020-09-24,US,Texas,Dallas,79426,1115,0,32.76670599,-96.77796049999999,48113.0,3013.679294680814,1.4038224259058747,78311,78723,1106,0,77617,78205,2637772,703,9,0,694,518
2020-09-24,US,Texas,Dawson,395,9,0,32.74255572,-101.94772420000001,48115.0,3103.3940917661853,2.278481012658228,386,380,9,0,371,374,12619,15,0,0,15,6
2020-09-24,US,Texas,DeWitt,996,34,0,29.08101855,-97.35681170000001,48123.0,4940.476190476191,3.4136546184738954,962,982,33,0,949,974,20187,14,1,0,13,8
2020-09-24,US,Texas,Deaf Smith,867,21,0,34.96522957,-102.6054267,48117.0,4674.862504043997,2.4221453287197234,846,860,21,0,839,861,18760,7,0,0,7,-1
2020-09-24,US,Texas,Delta,24,0,0,33.38570922,-95.66921122,48119.0,450.19696117051217,0.0,24,24,0,0,24,24,5349,0,0,0,0,0
2020-09-24,US,Texas,Denton,11861,152,0,33.20521901,-97.11691153,48121.0,1336.8920669020872,1.2815108338251413,11709,11770,151,0,11619,11702,859064,91,1,0,90,68
2020-09-24,US,Texas,Dickens,48,2,0,33.61616822,-100.7788855,48125.0,2170.963364993216,4.166666666666667,46,48,2,0,46,48,2249,0,0,0,0,0
2020-09-24,US,Texas,Dimmit,254,7,0,28.42270064,-99.75645095,48127.0,2508.889766890557,2.755905511811024,247,254,7,0,247,253,10308,0,0,0,0,1
2020-09-24,US,Texas,Donley,61,1,0,34.96517499,-100.8140093,48129.0,1860.890787065284,1.639344262295082,60,61,1,0,60,61,3319,0,0,0,0,0
2020-09-24,US,Texas,Duval,434,14,0,27.68184592,-98.50864568,48131.0,3889.9345702249707,3.2258064516129035,420,434,14,0,420,433,11212,0,0,0,0,1
2020-09-24,US,Texas,Eastland,171,3,0,32.32743996,-98.83243566,48133.0,931.3725490196077,1.7543859649122806,168,168,3,0,165,167,18322,3,0,0,3,1
2020-09-24,US,Texas,Ector,4752,97,0,31.86898877,-102.54294279999999,48135.0,2858.810152626292,2.041245791245791,4655,4727,96,0,4631,4686,162124,25,1,0,24,41
2020-09-24,US,Texas,Edwards,67,1,0,29.98202582,-100.304252,48137.0,3467.9089026915112,1.492537313432836,66,67,1,0,66,67,1928,0,0,0,0,0
2020-09-24,US,Texas,El Paso,23207,518,0,31.76980765,-106.23632749999999,48141.0,2765.246568911322,2.232085146722972,22689,22821,510,0,22311,22821,840758,386,8,0,378,0
2020-09-24,US,Texas,Ellis,4328,68,0,32.34894117,-96.79371841,48139.0,2341.661887396795,1.5711645101663585,4260,4298,67,0,4231,4291,179436,30,1,0,29,7
2020-09-24,US,Texas,Erath,840,12,0,32.23602653,-98.21773417,48143.0,1967.305260199541,1.4285714285714286,828,837,12,0,825,831,42446,3,0,0,3,6
2020-09-24,US,Texas,Falls,234,5,0,31.25350609,-96.93630086,48145.0,1352.8357518644852,2.1367521367521367,229,234,5,0,229,227,17335,0,0,0,0,7
2020-09-24,US,Texas,Fannin,674,15,0,33.59564294,-96.10751083,48147.0,1897.8431041279496,2.225519287833828,659,667,14,0,653,666,35286,7,1,0,6,1
2020-09-24,US,Texas,Fayette,593,18,0,29.87788372,-96.92076062,48149.0,2339.619663852284,3.0354131534569984,575,592,18,0,574,585,25349,1,0,0,1,7
2020-09-24,US,Texas,Fisher,66,3,0,32.74281316,-100.40193020000001,48151.0,1723.237597911227,4.545454545454546,63,66,3,0,63,65,3839,0,0,0,0,1
2020-09-24,US,Texas,Floyd,106,9,0,34.07227468,-101.3031546,48153.0,1855.742296918768,8.49056603773585,97,106,9,0,97,106,5837,0,0,0,0,0
2020-09-24,US,Texas,Foard,9,0,0,33.97308618,-99.7767797,48155.0,779.2207792207793,0.0,9,9,0,0,9,9,1200,0,0,0,0,0
2020-09-24,US,Texas,Fort Bend,16102,283,0,29.52704478,-95.77219463,48157.0,1983.7671617665894,1.75754564650354,15819,16049,282,0,15767,15908,787858,53,1,0,52,141
2020-09-24,US,Texas,Franklin,134,6,0,33.17653242,-95.21917243,48159.0,1249.4172494172494,4.477611940298506,128,132,6,0,126,132,10766,2,0,0,2,0
2020-09-24,US,Texas,Freestone,404,2,0,31.70422788,-96.15072516,48161.0,2048.9932545519096,0.4950495049504951,402,404,2,0,402,406,19808,0,0,0,0,-2
2020-09-24,US,Texas,Frio,973,9,0,28.86751206,-99.10804207,48163.0,4791.687186053383,0.9249743062692704,964,973,9,0,964,972,19816,0,0,0,0,1
2020-09-24,US,Texas,Gaines,335,8,0,32.74055318,-102.6353295,48165.0,1558.719523543644,2.388059701492537,327,328,8,0,320,317,20901,7,0,0,7,11
2020-09-24,US,Texas,Galveston,11519,154,0,29.40167322,-94.90469073,48167.0,3366.760293331073,1.336921607778453,11365,11497,153,0,11344,11473,337890,22,1,0,21,24
2020-09-24,US,Texas,Garza,103,4,0,33.17969345,-101.2984114,48169.0,1653.5559479852304,3.8834951456310685,99,103,4,0,99,103,6578,0,0,0,0,0
2020-09-24,US,Texas,Gillespie,310,10,0,30.31824095,-98.94676915,48171.0,1148.6586631095302,3.2258064516129035,300,310,10,0,300,309,26804,0,0,0,0,1
2020-09-24,US,Texas,Glasscock,9,0,0,31.86942909,-101.5207776,48173.0,638.7508871540099,0.0,9,8,0,0,8,8,1388,1,0,0,1,0
2020-09-24,US,Texas,Goliad,154,6,0,28.65696592,-97.42760647,48175.0,2010.9689213893967,3.8961038961038965,148,154,6,0,148,154,7584,0,0,0,0,0
2020-09-24,US,Texas,Gonzales,1057,17,0,29.45634206,-97.49424032,48177.0,5072.707203532178,1.6083254493850516,1040,1057,17,0,1040,1057,20826,0,0,0,0,0
2020-09-24,US,Texas,Gray,295,6,0,35.40081878,-100.8129222,48179.0,1347.8936306314538,2.0338983050847457,289,289,5,0,284,289,21895,6,1,0,5,0
2020-09-24,US,Texas,Grayson,1838,39,0,33.62744998,-96.67753461,48181.0,1349.3671629518692,2.121871599564744,1799,1829,37,0,1792,1796,133991,9,2,0,7,33
2020-09-24,US,Texas,Gregg,2200,63,0,32.47940482,-94.81591935,48183.0,1774.9808382750416,2.863636363636364,2137,2191,61,0,2130,2171,123707,9,2,0,7,20
2020-09-24,US,Texas,Grimes,1089,31,0,30.54579585,-95.98902499,48185.0,3770.775623268698,2.8466483011937567,1058,1079,31,0,1048,1075,28360,10,0,0,10,4
2020-09-24,US,Texas,Guadalupe,3566,76,0,29.58165339,-97.94786822,48187.0,2137.2874549737185,2.1312394840157043,3490,3566,76,0,3490,3550,163694,0,0,0,0,16
2020-09-24,US,Texas,Hale,1838,53,0,34.07044901,-101.82681140000001,48189.0,5502.005627731545,2.8835690968443966,1785,1815,53,0,1762,1807,33830,23,0,0,23,8
2020-09-24,US,Texas,Hall,28,1,0,34.5307555,-100.68138520000001,48191.0,944.6693657219972,3.571428571428572,27,28,1,0,27,27,3028,0,0,0,0,1
2020-09-24,US,Texas,Hamilton,124,4,0,31.70470573,-98.11083887,48193.0,1465.5478075877554,3.2258064516129035,120,119,4,0,115,118,8484,5,0,0,5,1
2020-09-24,US,Texas,Hansford,112,4,0,36.27743284,-101.3545796,48195.0,2074.458233006112,3.571428571428572,108,112,4,0,108,111,5463,0,0,0,0,1
2020-09-24,US,Texas,Hardeman,25,0,0,34.28944521,-99.74632408,48197.0,635.6470887363338,0.0,25,25,0,0,25,25,3922,0,0,0,0,0
2020-09-24,US,Texas,Hardin,1333,30,0,30.33364686,-94.38931817,48199.0,2314.155758480609,2.250562640660165,1303,1325,29,0,1296,1319,57207,8,1,0,7,6
2020-09-24,US,Texas,Harris,139681,2548,0,29.85864939,-95.39339521,48201.0,2963.5342353858478,1.824156470815644,137133,139017,2535,0,136482,138473,4698619,664,13,0,651,544
2020-09-24,US,Texas,Harrison,880,31,0,32.54935988,-94.36934071,48203.0,1322.2544438267246,3.522727272727273,849,878,31,0,847,871,66726,2,0,0,2,7
2020-09-24,US,Texas,Hartley,129,0,0,35.84008013,-102.6029022,48205.0,2313.486370157819,0.0,129,125,0,0,125,123,5619,4,0,0,4,2
2020-09-24,US,Texas,Haskell,62,2,0,33.17823584,-99.73037358,48207.0,1095.7935666313183,3.2258064516129035,60,62,2,0,60,62,5813,0,0,0,0,0
2020-09-24,US,Texas,Hays,5832,61,0,30.05669873,-98.02944344,48209.0,2533.5482273416424,1.0459533607681757,5771,5818,60,0,5758,5799,222631,14,1,0,13,19
2020-09-24,US,Texas,Hemphill,73,0,0,35.83764858,-100.2703577,48211.0,1911.4951557999482,0.0,73,73,0,0,73,73,3825,0,0,0,0,0
2020-09-24,US,Texas,Henderson,947,23,0,32.21128872,-95.85846587,48213.0,1144.5906909846865,2.4287222808870115,924,946,23,0,923,932,82299,1,0,0,1,14
2020-09-24,US,Texas,Hidalgo,31371,1611,0,26.39418217,-98.18299696,48215.0,3611.229102562774,5.135316056230276,29760,31162,1588,0,29574,30998,865939,209,23,0,186,164
2020-09-24,US,Texas,Hill,645,14,0,31.99045053,-97.13423143,48217.0,1759.9388796420096,2.1705426356589146,631,641,13,0,628,615,36354,4,1,0,3,26
2020-09-24,US,Texas,Hockley,342,8,0,33.60771256,-102.3431676,48219.0,1485.6001042526389,2.3391812865497075,334,338,8,0,330,331,22980,4,0,0,4,7
2020-09-24,US,Texas,Hood,935,27,0,32.42990927,-97.83242024,48221.0,1516.7983388219266,2.8877005347593583,908,920,26,0,894,917,60537,15,1,0,14,3
2020-09-24,US,Texas,Hopkins,339,8,0,33.14875072,-95.56351139,48223.0,914.1408693776292,2.359882005899705,331,337,8,0,329,336,36810,2,0,0,2,1
2020-09-24,US,Texas,Houston,371,10,0,31.31925973,-95.42226208,48225.0,1615.2908394287704,2.6954177897574123,361,372,10,0,362,368,23169,-1,0,0,-1,4
2020-09-24,US,Texas,Howard,722,12,0,32.30621324,-101.4356444,48227.0,1969.2341261182632,1.6620498614958448,710,677,12,0,665,677,36459,45,0,0,45,0
2020-09-24,US,Texas,Hudspeth,45,3,0,31.45628381,-105.388178,48229.0,920.9987720016372,6.666666666666668,42,45,3,0,42,45,4795,0,0,0,0,0
2020-09-24,US,Texas,Hunt,1599,36,0,33.12351514,-96.08551032,48231.0,1621.802543765341,2.25140712945591,1563,1595,36,0,1559,1595,96493,4,0,0,4,0
2020-09-24,US,Texas,Hutchinson,202,4,0,35.84006574,-101.3546643,48233.0,964.7530805234503,1.98019801980198,198,196,4,0,192,193,21198,6,0,0,6,3
2020-09-24,US,Texas,Irion,10,0,0,31.30375559,-100.982439,48235.0,651.0416666666666,0.0,10,10,0,0,10,10,1522,0,0,0,0,0
2020-09-24,US,Texas,Jack,131,2,0,33.23377248,-98.17283469,48237.0,1466.1443760492443,1.5267175572519085,129,131,2,0,129,129,8843,0,0,0,0,2
2020-09-24,US,Texas,Jackson,606,15,0,28.95472367,-96.57749563,48239.0,4105.6910569105685,2.4752475247524752,591,606,15,0,591,605,14874,0,0,0,0,1
2020-09-24,US,Texas,Jasper,470,25,0,30.74685667,-94.02667579,48241.0,1322.8630133130682,5.319148936170213,445,470,25,0,445,459,35872,0,0,0,0,11
2020-09-24,US,Texas,Jeff Davis,14,0,0,30.71490589,-104.1399973,48243.0,615.6552330694811,0.0,14,14,0,0,14,14,2252,0,0,0,0,0
2020-09-24,US,Texas,Jefferson,7325,132,0,29.8832777,-94.16434171,48245.0,2911.772305368394,1.8020477815699656,7193,7293,132,0,7161,7241,255001,32,0,0,32,52
2020-09-24,US,Texas,Jim Hogg,107,3,0,27.04453923,-98.69681870000001,48247.0,2057.692307692308,2.803738317757009,104,105,3,0,102,104,5248,2,0,0,2,1
2020-09-24,US,Texas,Jim Wells,1457,36,0,27.73103938,-98.0904705,48249.0,3599.130477743195,2.4708304735758406,1421,1450,35,0,1415,1441,40822,7,1,0,6,9
2020-09-24,US,Texas,Johnson,2958,49,0,32.37877812,-97.36615819,48251.0,1682.4311642218897,1.6565246788370518,2909,2905,49,0,2856,2891,171361,53,0,0,53,14
2020-09-24,US,Texas,Jones,583,0,0,32.73997145,-99.87861576,48253.0,2902.9527461036696,0.0,583,577,0,0,577,580,19817,6,0,0,6,-3
2020-09-24,US,Texas,Karnes,937,16,0,28.90705334,-97.85960149,48255.0,6006.02525479136,1.7075773745997866,921,936,16,0,920,933,15650,1,0,0,1,3
2020-09-24,US,Texas,Kaufman,3107,47,0,32.599141700000004,-96.28734728,48257.0,2281.974822627319,1.5127132281943998,3060,3088,47,0,3041,3068,128622,19,0,0,19,20
2020-09-24,US,Texas,Kendall,331,7,0,29.94414155,-98.7113588,48259.0,697.8558326832663,2.114803625377644,324,331,7,0,324,330,45641,0,0,0,0,1
2020-09-24,US,Texas,Kenedy,7,2,0,26.92601662,-97.66413984,48261.0,1732.6732673267327,28.57142857142857,5,7,2,0,5,7,442,0,0,0,0,0
2020-09-24,US,Texas,Kent,9,0,0,33.18104136,-100.7780939,48263.0,1181.1023622047244,0.0,9,9,0,0,9,9,726,0,0,0,0,0
2020-09-24,US,Texas,Kerr,590,10,0,30.06040006,-99.34930144,48265.0,1121.6730038022813,1.6949152542372878,580,590,10,0,580,589,52405,0,0,0,0,1
2020-09-24,US,Texas,Kimble,16,1,0,30.48678918,-99.74856473,48267.0,368.9186073322573,6.25,15,16,1,0,15,16,4362,0,0,0,0,0
2020-09-24,US,Texas,Kinney,44,1,0,29.34967888,-100.41866379999999,48271.0,1199.890919007363,2.272727272727273,43,44,1,0,43,44,3767,0,0,0,0,0
2020-09-24,US,Texas,Kleberg,997,41,0,27.42435506,-97.69894948,48273.0,3249.674054758801,4.112337011033099,956,997,41,0,956,997,31129,0,0,0,0,0
2020-09-24,US,Texas,Knox,67,8,0,33.60519951,-99.74229059999999,48275.0,1828.6026200873362,11.940298507462687,59,67,8,0,59,67,3653,0,0,0,0,0
2020-09-24,US,Texas,La Salle,360,11,0,28.34453111,-99.09908775,48283.0,4787.234042553191,3.055555555555556,349,362,11,0,351,362,7531,-2,0,0,-2,0
2020-09-24,US,Texas,Lamar,1118,33,0,33.66981763,-95.57404777,48277.0,2242.3233518522234,2.9516994633273703,1085,1097,31,0,1066,1074,49728,21,2,0,19,23
2020-09-24,US,Texas,Lamb,333,21,0,34.06859623,-102.35162890000001,48279.0,2582.7968665167145,6.306306306306308,312,328,21,0,307,326,13158,5,0,0,5,2
2020-09-24,US,Texas,Lampasas,245,8,0,31.19531316,-98.24206613,48281.0,1143.363823035281,3.26530612244898,237,243,8,0,235,233,21229,2,0,0,2,10
2020-09-24,US,Texas,Lavaca,973,35,0,29.38508402,-96.93186692,48285.0,4827.825741788231,3.5971223021582728,938,973,35,0,938,970,20110,0,0,0,0,3
2020-09-24,US,Texas,Lee,219,14,0,30.31120597,-96.97045773,48287.0,1270.3753117930275,6.392694063926941,205,219,14,0,205,218,17144,0,0,0,0,1
2020-09-24,US,Texas,Leon,238,6,0,31.29872538,-95.9936328,48289.0,1367.5017237416687,2.5210084033613445,232,235,6,0,229,233,17270,3,0,0,3,2
2020-09-24,US,Texas,Liberty,2257,50,0,30.15152688,-94.81205615,48291.0,2558.405785601741,2.2153300841825434,2207,2260,49,0,2211,2249,86323,-3,1,0,-4,11
2020-09-24,US,Texas,Limestone,564,12,0,31.5454767,-96.58095444,48293.0,2406.4513376285363,2.127659574468085,552,562,11,0,551,559,23519,2,1,0,1,3
2020-09-24,US,Texas,Lipscomb,32,0,0,36.27783108,-100.27331509999999,48295.0,989.7927621404268,0.0,32,32,0,0,32,32,3355,0,0,0,0,0
2020-09-24,US,Texas,Live Oak,368,9,0,28.35101362,-98.1246786,48297.0,3014.663717539117,2.4456521739130435,359,368,8,0,360,368,12166,0,1,0,-1,0
2020-09-24,US,Texas,Llano,124,2,0,30.70645047,-98.68475262,48299.0,568.9378297774717,1.6129032258064515,122,122,2,0,120,119,21646,2,0,0,2,3
2020-09-24,US,Texas,Lubbock,10855,121,0,33.61008596,-101.82047890000001,48303.0,3495.19752454366,1.114693689543989,10734,10681,119,0,10562,10515,307412,174,2,0,172,166
2020-09-24,US,Texas,Lynn,93,5,0,33.17657705,-101.8162849,48305.0,1562.762560914132,5.376344086021504,88,93,5,0,88,93,5877,0,0,0,0,0
2020-09-24,US,Texas,Madison,719,6,0,30.96694679,-95.93003775,48313.0,5033.604032483898,0.8344923504867872,713,717,6,0,711,717,14422,2,0,0,2,0
2020-09-24,US,Texas,Marion,150,14,0,32.79868409,-94.35661230000001,48315.0,1522.224477369596,9.333333333333334,136,150,14,0,136,150,9928,0,0,0,0,0
2020-09-24,US,Texas,Martin,77,6,0,32.30600051,-101.9513518,48317.0,1334.2574943683935,7.792207792207793,71,77,6,0,71,77,5753,0,0,0,0,0
2020-09-24,US,Texas,Mason,76,2,0,30.71780434,-99.22629416,48319.0,1778.193729527375,2.631578947368421,74,76,2,0,74,76,4280,0,0,0,0,0
2020-09-24,US,Texas,Matagorda,1044,46,0,28.81955746,-96.01230294,48321.0,2849.1116993695928,4.406130268199234,998,1041,44,0,997,1039,36552,3,2,0,1,2
2020-09-24,US,Texas,Maverick,3652,119,0,28.7429195,-100.3157686,48323.0,6219.1342256735115,3.258488499452355,3533,3652,114,0,3538,3535,58485,0,5,0,-5,117
2020-09-24,US,Texas,McCulloch,149,3,0,31.1925468,-99.34682807,48307.0,1866.2324649298598,2.0134228187919465,146,148,3,0,145,144,7987,1,0,0,1,4
2020-09-24,US,Texas,McLennan,7779,101,0,31.55255453,-97.20217694,48309.0,3031.2949345927677,1.2983673994086644,7678,7626,100,0,7526,7571,254607,153,1,0,152,55
2020-09-24,US,Texas,McMullen,24,0,0,28.35251708,-98.56769164,48311.0,3230.1480484522212,0.0,24,23,0,0,23,21,749,1,0,0,1,2
2020-09-24,US,Texas,Medina,1193,45,0,29.355730100000002,-99.11030298,48325.0,2312.732630272953,3.772003352891869,1148,1192,45,0,1147,1192,50921,1,0,0,1,0
2020-09-24,US,Texas,Menard,26,0,0,30.88990665,-99.82047940000001,48327.0,1216.0898035547239,0.0,26,26,0,0,26,26,2139,0,0,0,0,0
2020-09-24,US,Texas,Midland,3676,82,0,31.86904128,-102.03156820000001,48329.0,2078.80926529135,2.230685527747552,3594,3636,82,0,3554,3614,172578,40,0,0,40,22
2020-09-24,US,Texas,Milam,488,5,0,30.78581830000001,-96.97718698,48331.0,1965.9187044273456,1.024590163934426,483,488,5,0,483,483,25131,0,0,0,0,5
2020-09-24,US,Texas,Mills,59,0,0,31.49557106,-98.59272068,48333.0,1210.7531294890214,0.0,59,59,0,0,59,55,4921,0,0,0,0,4
2020-09-24,US,Texas,Mitchell,87,1,0,32.30623474,-100.9212058,48335.0,1018.1392627267408,1.1494252873563218,86,86,1,0,85,85,8145,1,0,0,1,1
2020-09-24,US,Texas,Montague,173,4,0,33.67521893,-97.72500958,48337.0,872.9437884751236,2.3121387283237,169,171,3,0,168,167,19596,2,1,0,1,4
2020-09-24,US,Texas,Montgomery,10791,158,0,30.30079133,-95.50572772,48339.0,1776.615063443482,1.4641831155592624,10633,10747,157,0,10590,10711,590925,44,1,0,43,36
2020-09-24,US,Texas,Moore,1159,20,0,35.83769242,-101.8930281,48341.0,5534.861509073544,1.7256255392579811,1139,1158,20,0,1138,1152,21485,1,0,0,1,6
2020-09-24,US,Texas,Morris,184,3,0,33.11304005,-94.73255695,48343.0,1485.3083629318694,1.6304347826086956,181,183,3,0,180,184,12339,1,0,0,1,-1
2020-09-24,US,Texas,Motley,8,0,0,34.07408766,-100.77972199999999,48345.0,666.6666666666666,0.0,8,7,0,0,7,7,1234,1,0,0,1,0
2020-09-24,US,Texas,Nacogdoches,1543,61,0,31.62017125,-94.61803994,48347.0,2366.419238083553,3.953337653920933,1482,1533,61,0,1472,1530,65711,10,0,0,10,3
2020-09-24,US,Texas,Navarro,1263,26,0,32.04620681,-96.47428766,48349.0,2520.304112705286,2.058590657165479,1237,1249,26,0,1223,1238,49565,14,0,0,14,11
2020-09-24,US,Texas,Newton,178,10,0,30.78548982,-93.74408813,48351.0,1309.3048915042295,5.617977528089888,168,178,10,0,168,172,13746,0,0,0,0,6
2020-09-24,US,Texas,Nolan,226,5,0,32.30365282,-100.4060208,48353.0,1535.9521544107654,2.2123893805309733,221,222,5,0,217,217,14751,4,0,0,4,5
2020-09-24,US,Texas,Nueces,20434,410,0,27.736286,-97.5433285,48355.0,5640.170690102514,2.0064598218655183,20024,20270,407,0,19863,20270,362265,164,3,0,161,0
2020-09-24,US,Texas,Ochiltree,133,5,0,36.27829105,-100.8158184,48357.0,1352.1756811712078,3.7593984962406015,128,133,5,0,128,127,9947,0,0,0,0,6
2020-09-24,US,Texas,Oldham,17,1,0,35.40425596,-102.6027606,48359.0,804.9242424242424,5.882352941176472,16,16,1,0,15,15,2131,1,0,0,1,1
2020-09-24,US,Texas,Orange,1961,43,0,30.11879481,-93.89412775,48361.0,2351.431723344045,2.1927587965323814,1918,1921,41,0,1880,1918,83572,40,2,0,38,3
2020-09-24,US,Texas,Palo Pinto,545,15,0,32.75310985,-98.31319001,48363.0,1867.1417314741848,2.7522935779816518,530,538,15,0,523,533,28875,7,0,0,7,5
2020-09-24,US,Texas,Panola,378,25,0,32.163959600000005,-94.30552481,48365.0,1629.7318271966888,6.613756613756614,353,376,25,0,351,370,23148,2,0,0,2,6
2020-09-24,US,Texas,Parker,1940,32,0,32.77757172,-97.80500621,48367.0,1357.8017609429025,1.649484536082474,1908,1909,31,0,1878,1887,138371,31,1,0,30,22
2020-09-24,US,Texas,Parmer,422,7,0,34.52993409,-102.78446679999999,48369.0,4393.5450286309215,1.6587677725118484,415,417,7,0,410,417,9864,5,0,0,5,0
2020-09-24,US,Texas,Pecos,364,5,0,30.78097267,-102.72412609999999,48371.0,2300.448713897491,1.3736263736263736,359,364,5,0,359,358,15673,0,0,0,0,6
2020-09-24,US,Texas,Polk,838,22,0,30.79472531,-94.82766240000001,48373.0,1631.842346114151,2.6252983293556085,816,838,22,0,816,838,50031,0,0,0,0,0
2020-09-24,US,Texas,Potter,4745,63,0,35.40133773,-101.893964,48375.0,4041.2213090320656,1.327713382507903,4682,4707,62,0,4645,4654,119648,38,1,0,37,53
2020-09-24,US,Texas,Presidio,96,6,0,29.99954402,-104.24080790000001,48377.0,1431.980906921241,6.25,90,96,6,0,90,96,6948,0,0,0,0,0
2020-09-24,US,Texas,Rains,67,3,0,32.87109387,-95.79232691,48379.0,535.4003516062011,4.477611940298506,64,67,3,0,64,65,12159,0,0,0,0,2
2020-09-24,US,Texas,Randall,2767,38,0,34.96585996,-101.8971322,48381.0,2009.2511237138103,1.3733285146367908,2729,2722,38,0,2684,2649,136271,45,0,0,45,73
2020-09-24,US,Texas,Reagan,87,6,0,31.36607041,-101.52326590000001,48383.0,2260.327357755261,6.896551724137932,81,87,6,0,81,87,3741,0,0,0,0,0
2020-09-24,US,Texas,Real,118,7,0,29.83321503,-99.82018052,48385.0,3418.308227114717,5.932203389830509,111,118,7,0,111,117,3478,0,0,0,0,1
2020-09-24,US,Texas,Red River,160,14,0,33.61886692,-95.04841765,48387.0,1330.7826665557682,8.75,146,160,14,0,146,159,12175,0,0,0,0,1
2020-09-24,US,Texas,Reeves,192,6,0,31.32323325,-103.69038959999999,48389.0,1201.8027040560844,3.125,186,190,6,0,184,189,15695,2,0,0,2,1
2020-09-24,US,Texas,Refugio,304,14,0,28.323897600000002,-97.15766311,48391.0,4375.359815774324,4.605263157894737,290,303,14,0,289,303,7032,1,0,0,1,0
2020-09-24,US,Texas,Roberts,9,0,0,35.83809685,-100.813175,48393.0,1053.864168618267,0.0,9,9,0,0,9,9,903,0,0,0,0,0
2020-09-24,US,Texas,Robertson,304,3,0,31.02539637,-96.51272246,48395.0,1780.484947873961,0.986842105263158,301,301,4,0,297,296,17284,3,-1,0,4,5
2020-09-24,US,Texas,Rockwall,1610,25,0,32.89779518,-96.40771592,48397.0,1534.5756088261926,1.5527950310559009,1585,1576,25,0,1551,1561,100657,34,0,0,34,15
2020-09-24,US,Texas,Runnels,263,5,0,31.8314342,-99.97616148,48399.0,2562.353858144973,1.9011406844106464,258,263,5,0,258,259,10234,0,0,0,0,4
2020-09-24,US,Texas,Rusk,914,11,0,32.10773545,-94.76176432,48401.0,1679.9617689225454,1.2035010940919038,903,900,10,0,890,894,54450,14,1,0,13,6
2020-09-24,US,Texas,Sabine,77,8,0,31.34318809,-93.85440451,48403.0,730.4116865869853,10.389610389610391,69,77,8,0,69,77,10589,0,0,0,0,0
2020-09-24,US,Texas,San Augustine,199,15,0,31.39457611,-94.17000399,48405.0,2415.928129173243,7.537688442211055,184,199,15,0,184,199,8232,0,0,0,0,0
2020-09-24,US,Texas,San Jacinto,226,9,0,30.57933681,-95.16260304,48407.0,783.1179181537822,3.9823008849557517,217,225,9,0,216,226,28719,1,0,0,1,-1
2020-09-24,US,Texas,San Patricio,1460,73,0,28.00880118,-97.51763891,48409.0,2187.9214745991308,5.0,1387,1459,72,0,1387,1415,66893,1,1,0,0,44
2020-09-24,US,Texas,San Saba,54,0,0,31.1577796,-98.81758731,48411.0,891.8249380677127,0.0,54,53,0,0,53,52,6054,1,0,0,1,1
2020-09-24,US,Texas,Schleicher,53,2,0,30.89740592,-100.5384842,48413.0,1897.6011457214465,3.7735849056603774,51,53,2,0,51,53,2895,0,0,0,0,0
2020-09-24,US,Texas,Scurry,646,3,0,32.74613808,-100.91626640000001,48415.0,3867.568700233491,0.4643962848297213,643,646,3,0,643,610,16866,0,0,0,0,36
2020-09-24,US,Texas,Shackelford,25,0,0,32.73587756,-99.35401337,48417.0,765.6967840735069,0.0,25,24,0,0,24,24,3253,1,0,0,1,0
2020-09-24,US,Texas,Shelby,477,27,0,31.79211404,-94.14550696,48419.0,1887.3150273007834,5.660377358490566,450,474,27,0,447,463,25418,3,0,0,3,11
2020-09-24,US,Texas,Sherman,62,0,0,36.27751473,-101.8933156,48421.0,2051.621442753144,0.0,62,61,0,0,61,60,3079,1,0,0,1,1
2020-09-24,US,Texas,Smith,3724,99,0,32.37474036,-95.27175679999999,48423.0,1599.9931257008566,2.65843179377014,3625,3702,97,0,3605,3687,230221,22,2,0,20,15
2020-09-24,US,Texas,Somervell,140,5,0,32.22236802,-97.77403489,48425.0,1533.7423312883434,3.571428571428572,135,140,5,0,135,140,9016,0,0,0,0,0
2020-09-24,US,Texas,Starr,3391,162,0,26.56150059,-98.73892358,48427.0,5246.545882134515,4.7773518136243,3229,3387,159,0,3228,3379,64525,4,3,0,1,8
2020-09-24,US,Texas,Stephens,132,4,0,32.73553157,-98.83631615,48429.0,1409.3529788597052,3.0303030303030303,128,132,4,0,128,132,9433,0,0,0,0,0
2020-09-24,US,Texas,Sterling,4,0,0,31.82781912,-101.05007459999999,48431.0,309.8373353989156,0.0,4,4,0,0,4,4,1311,0,0,0,0,0
2020-09-24,US,Texas,Stonewall,14,1,0,33.17906744,-100.25384009999999,48433.0,1037.037037037037,7.142857142857142,13,14,1,0,13,12,1362,0,0,0,0,2
2020-09-24,US,Texas,Sutton,81,3,0,30.49856623,-100.5382014,48435.0,2145.127118644068,3.703703703703704,78,81,3,0,78,81,3758,0,0,0,0,0
2020-09-24,US,Texas,Swisher,104,3,0,34.53028891,-101.73491740000001,48437.0,1405.9753954305802,2.8846153846153846,101,104,3,0,101,100,7462,0,0,0,0,4
2020-09-24,US,Texas,Tarrant,47917,701,0,32.77143818,-97.29101614,48439.0,2279.032492039296,1.4629463447210802,47216,47917,698,0,47219,47533,2084931,0,3,0,-3,384
2020-09-24,US,Texas,Taylor,1469,54,0,32.30163422,-99.89007449,48441.0,1064.2305518930118,3.675970047651464,1415,1452,52,0,1400,1442,137640,17,2,0,15,10
2020-09-24,US,Texas,Terrell,3,0,0,30.22429013,-102.0766732,48443.0,386.59793814432993,0.0,3,3,0,0,3,3,823,0,0,0,0,0
2020-09-24,US,Texas,Terry,237,4,0,33.17402785,-102.3354521,48445.0,1921.0504985004457,1.6877637130801688,233,237,4,0,233,234,12287,0,0,0,0,3
2020-09-24,US,Texas,Throckmorton,8,2,0,33.17751417,-99.21226795,48447.0,532.9780146568954,25.0,6,8,2,0,6,8,1515,0,0,0,0,0
2020-09-24,US,Texas,Titus,1557,28,0,33.21339719,-94.96797273,48449.0,4754.198473282443,1.7983301220295438,1529,1557,28,0,1529,1557,33033,0,0,0,0,0
2020-09-24,US,Texas,Tom Green,3641,66,0,31.40464436,-100.46244300000001,48451.0,3054.530201342282,1.8126888217522656,3575,3615,64,0,3551,3595,118189,26,2,0,24,20
2020-09-24,US,Texas,Travis,28904,417,0,30.33432034,-97.78535620000001,48453.0,2268.841732119056,1.4427068917796844,28487,28745,417,0,28328,28643,1248743,159,0,0,159,102
2020-09-24,US,Texas,Trinity,194,7,0,31.0879489,-95.1367187,48455.0,1324.1416968125045,3.608247422680413,187,194,7,0,187,194,14740,0,0,0,0,0
2020-09-24,US,Texas,Tyler,214,4,0,30.77031716,-94.37690895,48457.0,987.4492432631968,1.8691588785046729,210,214,4,0,210,210,21696,0,0,0,0,4
2020-09-24,US,Texas,Upshur,384,10,0,32.73706798,-94.93999853,48459.0,919.6943932172536,2.6041666666666665,374,383,10,0,373,378,41260,1,0,0,1,5
2020-09-24,US,Texas,Upton,24,2,0,31.36868194,-102.0423217,48461.0,656.2756357670221,8.333333333333334,22,23,2,0,21,23,3671,1,0,0,1,0
2020-09-24,US,Texas,Uvalde,771,32,0,29.35739637,-99.76229172,48463.0,2883.21304364085,4.150453955901427,739,764,31,0,733,755,26846,7,1,0,6,9
2020-09-24,US,Texas,Val Verde,2153,100,0,29.89149232,-101.1525205,48465.0,4391.636919938806,4.644681839294009,2053,2135,100,0,2035,2135,49208,18,0,0,18,0
2020-09-24,US,Texas,Van Zandt,585,19,0,32.56483801,-95.83766469,48467.0,1033.7515462095776,3.247863247863248,566,582,19,0,563,576,56019,3,0,0,3,6
2020-09-24,US,Texas,Victoria,4027,95,0,28.79780988,-96.96813006,48469.0,4373.181008644281,2.359076235410976,3932,4020,95,0,3925,4011,92035,7,0,0,7,9
2020-09-24,US,Texas,Walker,3689,57,0,30.73872995,-95.57440968,48471.0,5055.43298022502,1.5451341827053402,3632,3690,56,0,3634,3693,72480,-1,1,0,-2,-3
2020-09-24,US,Texas,Waller,841,13,0,30.01058447,-95.99011759,48473.0,1522.2821561742026,1.5457788347205708,828,832,13,0,819,832,53126,9,0,0,9,0
2020-09-24,US,Texas,Ward,120,1,0,31.50999644,-103.09279090000001,48475.0,1000.1666944490747,0.8333333333333334,119,120,1,0,119,120,11720,0,0,0,0,0
2020-09-24,US,Texas,Washington,636,48,0,30.21498498,-96.40946246,48477.0,1772.4764505880387,7.547169811320754,588,633,48,0,585,628,35108,3,0,0,3,5
2020-09-24,US,Texas,Webb,13474,289,0,27.7610369,-99.33237355,48479.0,4870.378670676518,2.144871604571768,13185,13369,288,0,13081,13201,275910,105,1,0,104,168
2020-09-24,US,Texas,Wharton,1355,50,0,29.27765923,-96.22319248,48481.0,3260.660313793436,3.690036900369004,1305,1350,50,0,1300,1341,41619,5,0,0,5,9
2020-09-24,US,Texas,Wheeler,47,0,0,35.40114335,-100.26995140000001,48483.0,929.5886075949367,0.0,47,46,0,0,46,46,5191,1,0,0,1,0
2020-09-24,US,Texas,Wichita,1694,22,0,33.98842886,-98.70410340000001,48485.0,1281.1011116993118,1.2987012987012987,1672,1652,22,0,1630,1645,132064,42,0,0,42,7
2020-09-24,US,Texas,Wilbarger,183,2,0,34.07945812,-99.24178437,48487.0,1433.1584305740466,1.0928961748633879,181,137,2,0,135,137,12820,46,0,0,46,0
2020-09-24,US,Texas,Willacy,1207,48,0,26.47411727,-97.61535848,48489.0,5651.278209570184,3.9768019884009935,1159,1206,48,0,1158,1205,21515,1,0,0,1,1
2020-09-24,US,Texas,Williamson,8515,143,0,30.64655664,-97.60048540000001,48491.0,1441.8737755079578,1.6793893129770991,8372,8515,142,0,8373,8476,566719,0,1,0,-1,39
2020-09-24,US,Texas,Wilson,888,26,0,29.1732598,-98.08693082,48493.0,1738.789896220873,2.927927927927928,862,888,26,0,862,882,50224,0,0,0,0,6
2020-09-24,US,Texas,Winkler,113,2,0,31.85008651,-103.04851629999999,48495.0,1410.7365792759051,1.7699115044247788,111,113,2,0,111,111,7720,0,0,0,0,2
2020-09-24,US,Texas,Wise,763,14,0,33.21570665,-97.65460265,48497.0,1090.249199817101,1.834862385321101,749,761,13,0,748,757,68305,2,1,0,1,4
2020-09-24,US,Texas,Wood,513,22,0,32.78722382,-95.38236368,48499.0,1126.5069500867392,4.288499025341131,491,513,21,0,492,507,45129,0,1,0,-1,6
2020-09-24,US,Texas,Yoakum,213,5,0,33.17320212,-102.82764329999999,48501.0,2444.6229771605645,2.347417840375587,208,203,5,0,198,203,8591,10,0,0,10,0
2020-09-24,US,Texas,Young,301,6,0,33.17659707,-98.68790885,48503.0,1671.29372570794,1.9933554817275747,295,294,6,0,288,282,18045,7,0,0,7,12
2020-09-24,US,Texas,Zapata,333,6,0,27.00156391,-99.16987152,48505.0,2348.5436208477327,1.8018018018018016,327,333,6,0,327,333,14190,0,0,0,0,0
2020-09-24,US,Texas,Zavala,347,16,0,28.86617238,-99.76050829,48507.0,2930.7432432432433,4.610951008645533,331,347,16,0,331,346,11983,0,0,0,0,1
2020-09-24,US,Utah,Bear River,3230,11,0,41.52106798,-113.08328159999999,0.0,1728.9554539712449,0.3405572755417957,3219,3197,11,0,3186,3153,,33,0,0,33,44
2020-09-24,US,Utah,Central Utah,630,3,0,39.37231946,-111.5758676,0.0,768.7239182956292,0.4761904761904762,627,616,3,0,613,613,,14,0,0,14,3
2020-09-24,US,Utah,Davis,4874,28,0,40.99001837,-112.1139997,49011.0,1371.1000025317808,0.5744768157570784,4846,4817,28,0,4789,4752,351713,57,0,0,57,65
2020-09-24,US,Utah,Salt Lake,29392,248,0,40.66616532,-111.92160109999999,49035.0,2532.8389218889088,0.8437670114316821,29144,28996,248,0,28748,28676,1152633,396,0,0,396,320
2020-09-24,US,Utah,San Juan,695,29,0,37.62762978,-109.80337140000002,49037.0,4540.109746537758,4.172661870503597,666,693,29,0,664,693,15449,2,0,0,2,0
2020-09-24,US,Utah,Southeast Utah,195,1,0,38.99617072,-110.70139579999999,0.0,484.7249496631784,0.5128205128205128,194,186,1,0,185,184,,9,0,0,9,2
2020-09-24,US,Utah,Southwest Utah,4103,30,0,37.85447192,-111.4418764,0.0,1627.9032859602764,0.7311723129417499,4073,4067,30,0,4037,4048,,36,0,0,36,19
2020-09-24,US,Utah,Summit,977,1,0,40.86688146,-110.9535882,49043.0,2318.187210819789,0.1023541453428864,976,961,1,0,960,955,41933,16,0,0,16,6
2020-09-24,US,Utah,Tooele,848,0,0,40.44862644,-113.12957150000001,49045.0,1173.5562352094548,0.0,848,838,0,0,838,836,69907,10,0,0,10,2
2020-09-24,US,Utah,TriCounty,231,2,0,40.12491499,-109.5174415,0.0,407.9686340998198,0.8658008658008658,229,230,2,0,228,230,,1,0,0,1,0
2020-09-24,US,Utah,Utah,17054,54,0,40.116672200000004,-111.66576620000001,49049.0,2680.456120772985,0.3166412571830656,17000,16486,54,0,16432,16119,622213,568,0,0,568,367
2020-09-24,US,Utah,Wasatch,733,7,0,40.33110236,-111.1691419,49051.0,2150.1275996597337,0.9549795361527968,726,724,7,0,717,713,33240,9,0,0,9,11
2020-09-24,US,Utah,Weber-Morgan,4157,30,0,41.27116049,-111.9145117,0.0,1526.41763697184,0.7216742843396681,4127,4110,30,0,4080,4072,,47,0,0,47,38
2020-09-24,US,Vermont,Addison,83,2,0,44.03217337,-73.14130877,50001.0,225.68453109280253,2.409638554216868,81,83,2,0,81,83,36973,0,0,0,0,0
2020-09-24,US,Vermont,Bennington,109,1,0,43.03519828,-73.09048868,50003.0,307.3019453058923,0.9174311926605504,108,109,1,0,108,109,35631,0,0,0,0,0
2020-09-24,US,Vermont,Caledonia,34,0,0,44.46548598,-72.10314651,50005.0,113.35978394958825,0.0,34,34,0,0,34,34,30302,0,0,0,0,0
2020-09-24,US,Vermont,Chittenden,832,39,0,44.46322849,-73.08359212,50007.0,508.0171455786633,4.6875,793,831,39,0,792,830,164572,1,0,0,1,1
2020-09-24,US,Vermont,Essex,6,0,0,44.72736416,-71.73579864,50009.0,97.35518416355671,0.0,6,6,0,0,6,6,6250,0,0,0,0,0
2020-09-24,US,Vermont,Franklin,124,7,0,44.85627605,-72.91249563,50011.0,251.00198372535527,5.645161290322582,117,123,7,0,116,123,49421,1,0,0,1,0
2020-09-24,US,Vermont,Grand Isle,14,0,0,44.797582399999996,-73.29679772,50013.0,193.503800967519,0.0,14,14,0,0,14,14,7090,0,0,0,0,0
2020-09-24,US,Vermont,Lamoille,57,1,0,44.60353043,-72.64356694,50015.0,224.74568251715164,1.7543859649122806,56,57,1,0,56,57,25300,0,0,0,0,0
2020-09-24,US,Vermont,Orange,24,0,0,44.00470222,-72.37640104,50017.0,83.06797729475288,0.0,24,24,0,0,24,24,28999,0,0,0,0,0
2020-09-24,US,Vermont,Orleans,21,0,0,44.82964024,-72.24562697,50019.0,77.67133927580724,0.0,21,21,0,0,21,21,26907,0,0,0,0,0
2020-09-24,US,Vermont,Rutland,128,1,0,43.57723578,-73.03741676,50021.0,219.96528672818818,0.78125,127,128,1,0,127,128,58672,0,0,0,0,0
2020-09-24,US,Vermont,Unassigned,8,0,0,0.0,0.0,90050.0,0.0,0.0,8,8,0,0,8,8,,0,0,0,0,0
2020-09-24,US,Vermont,Washington,77,2,0,44.27343241,-72.61604978,50023.0,131.8289989556404,2.5974025974025974,75,77,2,0,75,77,58140,0,0,0,0,0
2020-09-24,US,Vermont,Windham,123,3,0,42.986982,-72.71268875,50025.0,291.3173227227512,2.4390243902439024,120,123,3,0,120,123,42756,0,0,0,0,0
2020-09-24,US,Vermont,Windsor,84,2,0,43.58010937,-72.58595157,50027.0,152.55530129672007,2.380952380952381,82,84,2,0,82,84,55286,0,0,0,0,0
2020-09-24,US,Virginia,Accomack,1169,19,0,37.76707161,-75.63234615,51001.0,3617.40314395346,1.6253207869974338,1150,1169,19,0,1150,1167,32412,0,0,0,0,2
2020-09-24,US,Virginia,Albemarle,1215,21,0,38.02080697,-78.55481085,51003.0,1111.3143693405286,1.728395061728395,1194,1203,21,0,1182,1202,108718,12,0,0,12,1
2020-09-24,US,Virginia,Alexandria,3761,69,0,38.814003,-77.08183073,51510.0,2359.058634618762,1.8346184525392184,3692,3741,68,0,3673,3727,160530,20,1,0,19,14
2020-09-24,US,Virginia,Alleghany,77,4,0,37.78636074,-80.00222498,51005.0,518.1695827725438,5.194805194805196,73,77,4,0,73,77,14910,0,0,0,0,0
2020-09-24,US,Virginia,Amelia,124,5,0,37.34081025,-77.98584649,51007.0,943.3244579688094,4.032258064516129,119,124,5,0,119,124,13013,0,0,0,0,0
2020-09-24,US,Virginia,Amherst,388,4,0,37.60308293,-79.14548696,51009.0,1227.65385223857,1.0309278350515465,384,381,4,0,377,379,31666,7,0,0,7,2
2020-09-24,US,Virginia,Appomattox,210,3,0,37.37569884,-78.81340003,51011.0,1319.8416190057194,1.4285714285714286,207,208,3,0,205,209,15841,2,0,0,2,-1
2020-09-24,US,Virginia,Arlington,3889,148,0,38.8767675,-77.10139853,51013.0,1642.0229520102012,3.805605554127025,3741,3877,148,0,3729,3855,237521,12,0,0,12,22
2020-09-24,US,Virginia,Augusta,474,7,0,38.16404586,-79.12461614,51015.0,627.3326451203051,1.4767932489451476,467,470,7,0,463,469,75457,4,0,0,4,1
2020-09-24,US,Virginia,Bath,7,0,0,38.05852573,-79.73912095,51017.0,168.79672052085846,0.0,7,6,0,0,6,7,4292,1,0,0,1,-1
2020-09-24,US,Virginia,Bedford,730,12,0,37.3080028,-79.5281964,51019.0,924.0857247743584,1.643835616438356,718,718,12,0,706,715,78747,12,0,0,12,3
2020-09-24,US,Virginia,Bland,65,4,0,37.13128068,-81.13599391,51021.0,1035.031847133758,6.153846153846153,61,65,4,0,61,65,6293,0,0,0,0,0
2020-09-24,US,Virginia,Botetourt,293,10,0,37.55531756,-79.80982182,51023.0,876.7467608246808,3.4129692832764507,283,292,10,0,282,291,33277,1,0,0,1,1
2020-09-24,US,Virginia,Bristol,178,4,0,36.616302399999995,-82.16359122,51520.0,1061.925784512588,2.247191011235955,174,178,3,0,175,178,16482,0,1,0,-1,0
2020-09-24,US,Virginia,Brunswick,349,5,0,36.76366949,-77.8593436,51025.0,2150.206395169737,1.4326647564469914,344,347,4,0,343,346,16384,2,1,0,1,1
2020-09-24,US,Virginia,Buchanan,136,2,0,37.26818323,-82.03749726,51027.0,647.4957151018854,1.4705882352941178,134,135,2,0,133,131,21221,1,0,0,1,4
2020-09-24,US,Virginia,Buckingham,677,9,0,37.57242268,-78.52518834,51029.0,3947.982271985071,1.329394387001477,668,677,9,0,668,677,16999,0,0,0,0,0
2020-09-24,US,Virginia,Buena Vista,80,1,0,37.73484642,-79.35296097,51530.0,1234.949058351343,1.25,79,80,1,0,79,80,6237,0,0,0,0,0
2020-09-24,US,Virginia,Campbell,435,4,0,37.20553386,-79.09678609,51031.0,792.5662749385077,0.9195402298850576,431,422,4,0,418,415,54973,13,0,0,13,7
2020-09-24,US,Virginia,Caroline,347,5,0,38.02679129,-77.34901405,51033.0,1129.373474369406,1.4409221902017288,342,343,5,0,338,341,30772,4,0,0,4,2
2020-09-24,US,Virginia,Carroll,489,24,0,36.73066666,-80.73455942,51035.0,1641.4353328186364,4.9079754601227,465,488,23,0,465,486,29636,1,1,0,0,2
2020-09-24,US,Virginia,Charles City,84,5,0,37.35358063,-77.05634116,51036.0,1206.3765618267987,5.9523809523809526,79,83,5,0,78,83,6941,1,0,0,1,0
2020-09-24,US,Virginia,Charlotte,106,0,0,37.01909701,-78.66314092,51037.0,892.2558922558921,0.0,106,103,0,0,103,102,11938,3,0,0,3,1
2020-09-24,US,Virginia,Charlottesville,1119,28,0,38.03527919,-78.48569588,51540.0,2367.4522912876064,2.5022341376228776,1091,1105,28,0,1077,1093,48117,14,0,0,14,12
2020-09-24,US,Virginia,Chesapeake,4262,70,0,36.67670048,-76.30545744,51550.0,1740.7641881266975,1.6424213984045049,4192,4241,70,0,4171,4220,242634,21,0,0,21,21
2020-09-24,US,Virginia,Chesterfield,5870,94,0,37.37373208,-77.58680140000001,51041.0,1663.8227674446287,1.6013628620102214,5776,5851,94,0,5757,5829,348556,19,0,0,19,22
2020-09-24,US,Virginia,Clarke,93,0,0,39.11271747,-77.99199425,51043.0,636.1584239688077,0.0,93,93,0,0,93,93,14523,0,0,0,0,0
2020-09-24,US,Virginia,Colonial Heights,251,25,0,37.26420587,-77.39609676,51570.0,1445.0201496833622,9.9601593625498,226,250,25,0,225,249,17833,1,0,0,1,1
2020-09-24,US,Virginia,Covington,30,0,0,37.7824656,-79.98631446,51580.0,541.7118093174431,0.0,30,30,0,0,30,30,5460,0,0,0,0,0
2020-09-24,US,Virginia,Craig,29,0,0,37.48133648,-80.21072274,51045.0,565.191970376145,0.0,29,29,0,0,29,28,5064,0,0,0,0,1
2020-09-24,US,Virginia,Culpeper,1188,16,0,38.48199985,-77.95630870000002,51047.0,2258.3404619332764,1.3468013468013469,1172,1184,16,0,1168,1183,51859,4,0,0,4,1
2020-09-24,US,Virginia,Cumberland,104,2,0,37.51328851,-78.24398086,51049.0,1047.1204188481674,1.9230769230769231,102,104,2,0,102,104,9809,0,0,0,0,0
2020-09-24,US,Virginia,Danville,854,27,0,36.58022376,-79.40395668,51590.0,2132.6540805114373,3.1615925058548013,827,843,26,0,817,838,40693,11,1,0,10,5
2020-09-24,US,Virginia,Dickenson,97,1,0,37.12560977,-82.35124171,51051.0,677.468920240257,1.0309278350515465,96,93,1,0,92,91,14523,4,0,0,4,2
2020-09-24,US,Virginia,Dinwiddie,375,11,0,37.07544585,-77.63451754,51053.0,1313.7612107623318,2.933333333333333,364,373,11,0,362,371,28529,2,0,0,2,2
2020-09-24,US,Virginia,Emporia,255,26,0,36.69455571,-77.53406129,51595.0,4769.921436588104,10.196078431372547,229,250,26,0,224,248,5121,5,0,0,5,2
2020-09-24,US,Virginia,Essex,176,2,0,37.93357639,-76.94230311,51057.0,1606.8656988952798,1.1363636363636365,174,173,2,0,171,172,10919,3,0,0,3,1
2020-09-24,US,Virginia,Fairfax,20504,583,0,38.83677558,-77.27565836,51059.0,1786.7911308791388,2.8433476394849784,19921,20437,583,0,19854,20373,1150795,67,0,0,67,64
2020-09-24,US,Virginia,Fairfax,20504,583,0,38.83677558,-77.27565836,51059.0,1786.7911308791388,2.8433476394849784,19921,20437,583,0,19854,20373,24574,67,0,0,67,64
2020-09-24,US,Virginia,Fairfax City,136,7,0,38.85157547,-77.29779640000002,51600.0,566.2184104250803,5.147058823529412,129,134,7,0,127,135,24574,2,0,0,2,-1
2020-09-24,US,Virginia,Falls Church,70,6,0,38.88485255,-77.17560759,51610.0,478.8944379831703,8.571428571428571,64,69,6,0,63,68,14772,1,0,0,1,1
2020-09-24,US,Virginia,Fauquier,920,25,0,38.73564842,-77.80647472,51061.0,1291.7356996433687,2.717391304347826,895,917,25,0,892,917,70675,3,0,0,3,0
2020-09-24,US,Virginia,Floyd,198,9,0,36.9302126,-80.36738849,51063.0,1257.2226808051305,4.545454545454546,189,197,8,0,189,196,15795,1,1,0,0,1
2020-09-24,US,Virginia,Fluvanna,374,9,0,37.84157909,-78.27715475,51065.0,1371.4704803813715,2.406417112299465,365,372,9,0,363,371,26783,2,0,0,2,1
2020-09-24,US,Virginia,Franklin,194,1,0,36.99536167,-79.88023649,51067.0,346.1689447200313,0.5154639175257731,193,194,1,0,193,194,56195,0,0,0,0,0
2020-09-24,US,Virginia,Franklin,194,1,0,36.99536167,-79.88023649,51067.0,346.1689447200313,0.5154639175257731,193,194,1,0,193,194,8013,0,0,0,0,0
2020-09-24,US,Virginia,Franklin City,403,9,0,36.6831435,-76.93859681,51620.0,5058.365758754864,2.2332506203473947,394,397,9,0,388,396,8013,6,0,0,6,1
2020-09-24,US,Virginia,Frederick,865,13,0,39.20172582,-78.25974949,51069.0,968.504025169908,1.5028901734104043,852,860,13,0,847,859,88355,5,0,0,5,1
2020-09-24,US,Virginia,Fredericksburg,533,5,0,38.2977863,-77.4922454,51630.0,1835.6522937043674,0.9380863039399624,528,531,5,0,526,533,29144,2,0,0,2,-2
2020-09-24,US,Virginia,Galax,413,30,0,36.66601852,-80.91703124,51640.0,6507.011186387271,7.2639225181598075,383,413,30,0,383,411,6423,0,0,0,0,2
2020-09-24,US,Virginia,Giles,88,0,0,37.31234791,-80.70636931,51071.0,526.3157894736842,0.0,88,85,0,0,85,85,16844,3,0,0,3,0
2020-09-24,US,Virginia,Gloucester,234,2,0,37.40809042,-76.53524337,51073.0,626.5395737388883,0.8547008547008547,232,230,2,0,228,228,37349,4,0,0,4,2
2020-09-24,US,Virginia,Goochland,261,7,0,37.71714806,-77.90381514,51075.0,1098.808571548857,2.681992337164751,254,260,7,0,253,260,23244,1,0,0,1,0
2020-09-24,US,Virginia,Grayson,307,12,0,36.65677234,-81.23215889,51077.0,1974.2765273311893,3.908794788273616,295,307,10,0,297,307,15631,0,2,0,-2,0
2020-09-24,US,Virginia,Greene,213,3,0,38.29545894,-78.46525378,51079.0,1074.7262727685554,1.4084507042253518,210,212,3,0,209,212,19779,1,0,0,1,0
2020-09-24,US,Virginia,Greensville,780,11,0,36.67878901,-77.56351439,51081.0,6880.733944954129,1.4102564102564104,769,774,11,0,763,772,11627,6,0,0,6,2
2020-09-24,US,Virginia,Halifax,336,6,0,36.76654925,-78.93512622,51083.0,990.8289345640056,1.7857142857142858,330,332,6,0,326,331,34120,4,0,0,4,1
2020-09-24,US,Virginia,Hampton,1800,24,0,37.03513786,-76.35879121,51650.0,1338.1904691101033,1.3333333333333333,1776,1793,24,0,1769,1789,134313,7,0,0,7,4
2020-09-24,US,Virginia,Hanover,1265,36,0,37.7583355,-77.49464673,51085.0,1173.839615463133,2.845849802371541,1229,1248,36,0,1212,1241,107239,17,0,0,17,7
2020-09-24,US,Virginia,Harrisonburg,2564,34,0,38.43542574,-78.87536254,51660.0,4836.27584125547,1.326053042121685,2530,2541,34,0,2507,2524,54033,23,0,0,23,17
2020-09-24,US,Virginia,Henrico,5371,210,0,37.53460572,-77.39326555,51087.0,1623.5513182474954,3.9098864271085465,5161,5331,211,0,5120,5315,329261,40,-1,0,41,16
2020-09-24,US,Virginia,Henry,1035,20,0,36.68542395,-79.87634026,51089.0,2047.1942559882905,1.932367149758454,1015,1025,20,0,1005,1023,50953,10,0,0,10,2
2020-09-24,US,Virginia,Highland,6,0,0,38.35799465,-79.56124594,51091.0,273.97260273972597,0.0,6,6,0,0,6,6,2210,0,0,0,0,0
2020-09-24,US,Virginia,Hopewell,386,7,0,37.29186313,-77.29754684,51670.0,1713.3472413333927,1.8134715025906736,379,387,7,0,380,386,22596,-1,0,0,-1,1
2020-09-24,US,Virginia,Isle of Wight,718,18,0,36.90579348,-76.70842863,51093.0,1934.840604705058,2.5069637883008355,700,709,18,0,691,704,36953,9,0,0,9,5
2020-09-24,US,Virginia,James City,839,20,0,37.31156958,-76.76950618,51095.0,1096.402388824275,2.3837902264600714,819,838,20,0,818,834,76397,1,0,0,1,4
2020-09-24,US,Virginia,King George,227,4,0,38.26818502,-77.15852768,51099.0,845.8786704426889,1.7621145374449338,223,227,4,0,223,227,26575,0,0,0,0,0
2020-09-24,US,Virginia,King William,155,2,0,37.70965316,-77.09384941,51101.0,903.8954980172616,1.2903225806451613,153,154,2,0,152,153,16939,1,0,0,1,1
2020-09-24,US,Virginia,King and Queen,72,1,0,37.71044922,-76.88689628,51097.0,1024.9110320284697,1.3888888888888888,71,71,1,0,70,71,7042,1,0,0,1,0
2020-09-24,US,Virginia,Lancaster,141,0,0,37.71889653,-76.46400482,51103.0,1329.8123172686976,0.0,141,140,0,0,140,140,10783,1,0,0,1,0
2020-09-24,US,Virginia,Lee,263,7,0,36.70586667,-83.12606515,51105.0,1122.827989582889,2.661596958174905,256,262,7,0,255,262,23541,1,0,0,1,0
2020-09-24,US,Virginia,Lexington,71,1,0,37.78258621,-79.44262866,51678.0,953.5320977706152,1.4084507042253518,70,59,1,0,58,57,7136,12,0,0,12,2
2020-09-24,US,Virginia,Loudoun,6747,124,0,39.08990083,-77.63481877,51107.0,1631.530838762097,1.837853860975248,6623,6720,123,0,6597,6698,406850,27,1,0,26,22
2020-09-24,US,Virginia,Louisa,286,6,0,37.97850256,-77.96274807,51109.0,760.8204091404857,2.097902097902098,280,281,6,0,275,280,36778,5,0,0,5,1
2020-09-24,US,Virginia,Lunenburg,116,3,0,36.94618528,-78.24133319,51111.0,951.1315185306656,2.586206896551724,113,113,3,0,110,112,12086,3,0,0,3,1
2020-09-24,US,Virginia,Lynchburg,1355,12,0,37.40021399,-79.19888138,51680.0,1649.0604614935253,0.8856088560885609,1343,1336,12,0,1324,1323,82126,19,0,0,19,13
2020-09-24,US,Virginia,Madison,106,3,0,38.41531222,-78.28220331,51113.0,799.3363999698364,2.830188679245283,103,103,3,0,100,102,13295,3,0,0,3,1
2020-09-24,US,Virginia,Manassas,1910,25,0,38.7464321,-77.48509905,51683.0,4648.898624802238,1.3089005235602094,1885,1904,25,0,1879,1902,41641,6,0,0,6,2
2020-09-24,US,Virginia,Manassas Park,607,7,0,38.77058531,-77.44399307,51685.0,3472.9374070259755,1.1532125205930808,600,607,7,0,600,606,17307,0,0,0,0,1
2020-09-24,US,Virginia,Martinsville,379,16,0,36.68212094,-79.86352771,51690.0,3018.958101003664,4.221635883905013,363,378,15,0,363,377,12902,1,1,0,0,1
2020-09-24,US,Virginia,Mathews,42,0,0,37.44164146,-76.34098896,51115.0,475.43581616481765,0.0,42,41,0,0,41,39,8802,1,0,0,1,2
2020-09-24,US,Virginia,Mecklenburg,694,33,0,36.67882005,-78.36131056,51117.0,2268.937784025893,4.755043227665706,661,671,33,0,638,671,30650,23,0,0,23,0
2020-09-24,US,Virginia,Middlesex,112,10,0,37.63191998,-76.55064617,51119.0,1058.4010584010584,8.928571428571429,102,112,10,0,102,110,10769,0,0,0,0,2
2020-09-24,US,Virginia,Montgomery,1818,4,0,37.17746986,-80.37868691,51121.0,1845.029684883544,0.22002200220022006,1814,1783,4,0,1779,1766,98985,35,0,0,35,17
2020-09-24,US,Virginia,Nelson,100,2,0,37.78790447,-78.88498513,51125.0,669.7923643670463,2.0,98,99,2,0,97,98,14836,1,0,0,1,1
2020-09-24,US,Virginia,New Kent,184,3,0,37.50694406,-76.99828634,51127.0,796.8472565068641,1.6304347826086956,181,183,2,0,181,181,22391,1,1,0,0,2
2020-09-24,US,Virginia,Newport News,2704,37,0,37.08166899,-76.51754109,51700.0,1508.7180917840703,1.368343195266272,2667,2700,37,0,2663,2690,178626,4,0,0,4,10
2020-09-24,US,Virginia,Norfolk,4781,78,0,36.89934014,-76.26420872,51710.0,1969.5808718721933,1.6314578540054383,4703,4765,75,0,4690,4764,244076,16,3,0,13,1
2020-09-24,US,Virginia,Northampton,305,31,0,37.34062933,-75.87751591,51131.0,2604.611443210931,10.163934426229508,274,305,31,0,274,305,11735,0,0,0,0,0
2020-09-24,US,Virginia,Northumberland,147,6,0,37.89202088,-76.41949732,51133.0,1215.37825547747,4.081632653061225,141,147,6,0,141,146,12147,0,0,0,0,1
2020-09-24,US,Virginia,Norton,33,0,0,36.93357076,-82.62750411,51720.0,828.9374529012813,0.0,33,33,0,0,33,33,3968,0,0,0,0,0
2020-09-24,US,Virginia,Nottoway,256,18,0,37.1435975,-78.05065922,51135.0,1680.672268907563,7.03125,238,254,17,0,237,254,15420,2,1,0,1,0
2020-09-24,US,Virginia,Orange,320,4,0,38.24530219,-78.01560400000002,51137.0,863.6743947531779,1.25,316,317,4,0,313,316,36644,3,0,0,3,1
2020-09-24,US,Virginia,Page,389,29,0,38.61807452,-78.48797204,51139.0,1627.4788720609156,7.455012853470437,360,389,29,0,360,385,23933,0,0,0,0,4
2020-09-24,US,Virginia,Patrick,274,24,0,36.680163799999995,-80.2865648,51141.0,1556.1108587005906,8.75912408759124,250,271,24,0,247,271,17673,3,0,0,3,0
2020-09-24,US,Virginia,Petersburg,732,29,0,37.20530399,-77.39368102,51730.0,2335.226185159191,3.9617486338797816,703,726,29,0,697,723,31567,6,0,0,6,3
2020-09-24,US,Virginia,Pittsylvania,976,9,0,36.81980341,-79.39731264,51143.0,1617.1256254763562,0.9221311475409836,967,969,9,0,960,964,60949,7,0,0,7,5
2020-09-24,US,Virginia,Poquoson,75,2,0,37.14259351,-76.35798148,51735.0,611.1971314481298,2.6666666666666665,73,75,2,0,73,75,12190,0,0,0,0,0
2020-09-24,US,Virginia,Portsmouth,2539,58,0,36.85914825,-76.35971629,51740.0,2689.6756287209478,2.284363922804254,2481,2534,58,0,2476,2529,94632,5,0,0,5,5
2020-09-24,US,Virginia,Powhatan,220,5,0,37.55016038,-77.91267882,51145.0,741.9398354242547,2.272727272727273,215,219,5,0,214,218,29189,1,0,0,1,1
2020-09-24,US,Virginia,Prince Edward,576,12,0,37.22554789,-78.43597949,51147.0,2526.094202262959,2.083333333333333,564,568,12,0,556,567,22950,8,0,0,8,1
2020-09-24,US,Virginia,Prince George,782,5,0,37.18497668,-77.22922187,51149.0,2038.953927984773,0.639386189258312,777,774,5,0,769,763,38082,8,0,0,8,11
2020-09-24,US,Virginia,Prince William,12250,202,0,38.70916224,-77.48713689,51153.0,2604.5265608555605,1.6489795918367347,12048,12215,201,0,12014,12183,468011,35,1,0,34,32
2020-09-24,US,Virginia,Pulaski,225,5,0,37.06474963,-80.71229738,51155.0,661.2396038440063,2.2222222222222223,220,220,5,0,215,221,34066,5,0,0,5,-1
2020-09-24,US,Virginia,Radford,728,1,0,37.12222899,-80.56027320000003,51750.0,3989.259685462217,0.13736263736263735,727,725,1,0,724,718,18339,3,0,0,3,7
2020-09-24,US,Virginia,Rappahannock,64,2,0,38.68295619,-78.15826963,51157.0,868.3853459972862,3.125,62,64,2,0,62,64,7252,0,0,0,0,0
2020-09-24,US,Virginia,Richmond,343,4,0,37.937575,-76.72920628,51159.0,3801.396431342125,1.1661807580174928,339,341,4,0,337,339,9038,2,0,0,2,2
2020-09-24,US,Virginia,Richmond City,4578,61,0,37.53255773,-77.47966921,51760.0,1986.66874967453,1.3324595893403233,4517,4551,60,0,4491,4540,228783,27,1,0,26,11
2020-09-24,US,Virginia,Roanoke,824,7,0,37.26865804,-80.06396753,51161.0,874.86462956278,0.8495145631067961,817,806,7,0,799,784,94073,18,0,0,18,22
2020-09-24,US,Virginia,Roanoke City,1640,23,0,37.27791025,-79.96189766,51770.0,1654.1762908122614,1.4024390243902438,1617,1621,23,0,1598,1610,99920,19,0,0,19,11
2020-09-24,US,Virginia,Rockbridge,106,2,0,37.81204314,-79.44605905,51163.0,469.5875603597218,1.8867924528301887,104,106,2,0,104,104,22752,0,0,0,0,2
2020-09-24,US,Virginia,Rockingham,1403,21,0,38.51006137,-78.87260325,51165.0,1712.0613071704004,1.4967925873129009,1382,1390,21,0,1369,1383,81244,13,0,0,13,7
2020-09-24,US,Virginia,Russell,246,5,0,36.93028320000001,-82.10095486,51167.0,925.2990295644323,2.0325203252032518,241,242,5,0,237,236,26748,4,0,0,4,6
2020-09-24,US,Virginia,Salem,264,5,0,37.2836193,-80.06219455,51775.0,1043.437018299672,1.893939393939394,259,263,4,0,259,261,25643,1,1,0,0,2
2020-09-24,US,Virginia,Scott,181,4,0,36.71466456,-82.60171704,51169.0,839.2840582398219,2.209944751381216,177,181,4,0,177,181,21534,0,0,0,0,0
2020-09-24,US,Virginia,Shenandoah,804,58,0,38.85905135,-78.56813762,51171.0,1843.360234776229,7.213930348258708,746,801,58,0,743,800,43497,3,0,0,3,1
2020-09-24,US,Virginia,Smyth,454,9,0,36.84455636,-81.53344948,51173.0,1508.1052351846936,1.9823788546255507,445,449,8,0,441,447,30472,5,1,0,4,2
2020-09-24,US,Virginia,Southampton,746,22,0,36.72231125,-77.10642712,51175.0,4231.1837105098975,2.949061662198392,724,744,22,0,722,721,17586,2,0,0,2,23
2020-09-24,US,Virginia,Spotsylvania,2119,44,0,38.18574462,-77.655399,51177.0,1555.628968909445,2.0764511562057573,2075,2106,43,0,2063,2099,134238,13,1,0,12,7
2020-09-24,US,Virginia,Stafford,1984,18,0,38.41758738,-77.45917053,51179.0,1297.7328920343793,0.907258064516129,1966,1971,17,0,1954,1963,149960,13,1,0,12,8
2020-09-24,US,Virginia,Staunton,250,0,0,38.15965544,-79.05979937,51790.0,1002.7274185785336,0.0,250,246,0,0,246,245,24922,4,0,0,4,1
2020-09-24,US,Virginia,Suffolk,1928,72,0,36.70155394,-76.63603554,51800.0,2093.1949450644893,3.734439834024896,1856,1916,72,0,1844,1908,91185,12,0,0,12,8
2020-09-24,US,Virginia,Surry,118,3,0,37.11781893,-76.88450012,51181.0,1837.433821239489,2.5423728813559316,115,114,3,0,111,114,6474,4,0,0,4,0
2020-09-24,US,Virginia,Sussex,461,10,0,36.92432914,-77.25791182,51183.0,4131.194551483108,2.169197396963124,451,419,10,0,409,416,11237,42,0,0,42,3
2020-09-24,US,Virginia,Tazewell,283,2,0,37.12191123,-81.56685568,51185.0,697.130188446853,0.7067137809187279,281,278,2,0,276,258,40855,5,0,0,5,20
2020-09-24,US,Virginia,Virginia Beach,6734,86,0,36.73285734,-76.04566934,51810.0,1496.5309106748389,1.277101277101277,6648,6689,83,0,6606,6674,450189,45,3,0,42,15
2020-09-24,US,Virginia,Warren,415,6,0,38.90847745,-78.20280433,51187.0,1033.263619161438,1.4457831325301205,409,415,6,0,409,413,40003,0,0,0,0,2
2020-09-24,US,Virginia,Washington,550,17,0,36.72341572,-81.95666289,51191.0,1023.4462225530333,3.0909090909090913,533,544,17,0,527,544,54402,6,0,0,6,0
2020-09-24,US,Virginia,Waynesboro,257,3,0,38.06451466,-78.90293905,51820.0,1135.6606274856383,1.1673151750972763,254,257,3,0,254,255,22628,0,0,0,0,2
2020-09-24,US,Virginia,Westmoreland,269,3,0,38.11021557,-76.80213247,51193.0,1493.2001110185956,1.1152416356877324,266,266,3,0,263,265,17830,3,0,0,3,1
2020-09-24,US,Virginia,Williamsburg,178,7,0,37.28131268,-76.70905141,51830.0,1190.3169720476124,3.9325842696629216,171,177,7,0,170,176,14896,1,0,0,1,1
2020-09-24,US,Virginia,Winchester,494,4,0,39.17054517,-78.17325058,51840.0,1759.3845715506802,0.8097165991902834,490,490,4,0,486,490,28108,4,0,0,4,0
2020-09-24,US,Virginia,Wise,398,9,0,36.9746148,-82.62410519,51195.0,1064.6550571115213,2.2613065326633164,389,393,8,0,385,392,38012,5,1,0,4,1
2020-09-24,US,Virginia,Wythe,229,4,0,36.91582035,-81.07834059,51197.0,798.3544833356575,1.7467248908296944,225,227,4,0,223,223,28754,2,0,0,2,4
2020-09-24,US,Virginia,York,541,8,0,37.24374789,-76.54412815,51199.0,792.3257176332747,1.478743068391867,533,537,8,0,529,534,67846,4,0,0,4,3
2020-09-24,US,Washington,Adams,831,10,0,46.98299757,-118.56017340000001,53001.0,4158.5347545413615,1.203369434416366,821,818,10,0,808,814,19759,13,0,0,13,4
2020-09-24,US,Washington,Asotin,100,2,0,46.18894415,-117.2022851,53003.0,442.8305730227616,2.0,98,89,2,0,87,86,22610,11,0,0,11,3
2020-09-24,US,Washington,Benton,4499,130,0,46.23946995,-119.51208340000001,53005.0,2201.1840109594405,2.8895310068904196,4369,4475,130,0,4345,4435,201877,24,0,0,24,40
2020-09-24,US,Washington,Chelan,1838,15,0,47.87046092,-120.6173956,53007.0,2380.8290155440413,0.8161044613710555,1823,1836,15,0,1821,1835,77036,2,0,0,2,1
2020-09-24,US,Washington,Clallam,228,1,0,48.04754642,-123.92263190000001,53009.0,294.8364821352368,0.43859649122807015,227,225,1,0,224,224,76737,3,0,0,3,1
2020-09-24,US,Washington,Clark,2685,62,0,45.77568046,-122.48292040000001,53011.0,549.933332104432,2.3091247672253257,2623,2649,62,0,2587,2624,481857,36,0,0,36,25
2020-09-24,US,Washington,Columbia,14,1,0,46.29442881,-117.9051983,53013.0,351.3174404015057,7.142857142857142,13,14,1,0,13,14,4059,0,0,0,0,0
2020-09-24,US,Washington,Cowlitz,651,6,0,46.19074721,-122.6782231,53015.0,588.6448509399329,0.9216589861751152,645,635,6,0,629,630,108987,16,0,0,16,5
2020-09-24,US,Washington,Douglas,1182,9,0,47.7361335,-119.69293700000001,53017.0,2721.683667595385,0.7614213197969543,1173,1182,9,0,1173,1179,42907,0,0,0,0,3
2020-09-24,US,Washington,Ferry,29,0,0,48.471143100000006,-118.5154041,53019.0,380.22813688212926,0.0,29,29,0,0,29,29,7649,0,0,0,0,0
2020-09-24,US,Washington,Franklin,4230,66,0,46.53351425,-118.9018212,53021.0,4442.250740375123,1.5602836879432624,4164,4218,65,0,4153,4199,94347,12,1,0,11,19
2020-09-24,US,Washington,Garfield,11,0,0,46.43197502,-117.54540320000001,53023.0,494.3820224719101,0.0,11,11,0,0,11,11,2247,0,0,0,0,0
2020-09-24,US,Washington,Grant,2893,20,0,47.20753737,-119.4500749,53025.0,2960.1055938117115,0.691323885240235,2873,2853,20,0,2833,2803,97331,40,0,0,40,50
2020-09-24,US,Washington,Grays Harbor,468,6,0,47.14003705,-123.7820567,53027.0,623.4928924474759,1.2820512820512822,462,460,6,0,454,446,73901,8,0,0,8,14
2020-09-24,US,Washington,Island,307,12,0,48.14713305,-122.5216407,53029.0,360.5783347623354,3.908794788273616,295,301,11,0,290,299,84460,6,1,0,5,2
2020-09-24,US,Washington,Jefferson,71,0,0,47.75003077,-123.56097040000002,53031.0,220.35318581049626,0.0,71,71,0,0,71,71,31729,0,0,0,0,0
2020-09-24,US,Washington,King,21760,759,0,47.49137892,-121.8346131,53033.0,965.9168086392737,3.4880514705882355,21001,21650,759,0,20891,21559,2233163,110,0,0,110,91
2020-09-24,US,Washington,Kitsap,1158,12,0,47.63479026,-122.6436061,53035.0,426.5617575228476,1.0362694300518134,1146,1152,13,0,1139,1148,269805,6,-1,0,7,4
2020-09-24,US,Washington,Kittitas,517,22,0,47.12521214,-120.67943899999999,53037.0,1078.5438614790862,4.25531914893617,495,512,22,0,490,497,47364,5,0,0,5,15
2020-09-24,US,Washington,Klickitat,192,3,0,45.87325839,-120.7913598,53039.0,856.1872909698998,1.5625,189,191,3,0,188,192,22107,1,0,0,1,-1
2020-09-24,US,Washington,Lewis,484,4,0,46.57756476,-122.39257690000001,53041.0,599.7001499250375,0.8264462809917356,480,483,4,0,479,473,79604,1,0,0,1,10
2020-09-24,US,Washington,Lincoln,42,1,0,47.57705241,-118.41943880000001,53043.0,383.9473443642015,2.380952380952381,41,41,1,0,40,41,10740,1,0,0,1,0
2020-09-24,US,Washington,Mason,380,4,0,47.35007586,-123.1863685,53045.0,569.1349149293075,1.0526315789473684,376,378,5,0,373,375,65507,2,-1,0,3,3
2020-09-24,US,Washington,Okanogan,1044,10,0,48.54855019,-119.73872240000001,53047.0,2471.415382430225,0.9578544061302682,1034,1035,10,0,1025,1031,42132,9,0,0,9,4
2020-09-24,US,Washington,Pacific,80,3,0,46.55418369,-123.7285716,53049.0,356.01441858395265,3.75,77,80,3,0,77,80,22036,0,0,0,0,0
2020-09-24,US,Washington,Pend Oreille,60,0,0,48.53234021,-117.2741804,53051.0,437.1903235208394,0.0,60,59,0,0,59,59,13602,1,0,0,1,0
2020-09-24,US,Washington,Pierce,7736,198,0,47.03892768,-122.14059579999999,53053.0,854.8255210059891,2.559462254395036,7538,7697,200,0,7497,7655,891299,39,-2,0,41,42
2020-09-24,US,Washington,San Juan,29,0,0,48.60182783,-122.96745,53055.0,164.94141735866228,0.0,29,29,0,0,29,29,17128,0,0,0,0,0
2020-09-24,US,Washington,Skagit,1090,22,0,48.48171488,-121.766131,53057.0,843.6206029178438,2.018348623853211,1068,1088,22,0,1066,1084,128206,2,0,0,2,4
2020-09-24,US,Washington,Skamania,64,1,0,46.02408726,-121.91644029999999,53059.0,529.6697839940413,1.5625,63,64,1,0,63,63,11924,0,0,0,0,1
2020-09-24,US,Washington,Snohomish,6785,211,0,48.04615983,-121.7170703,53061.0,825.3424532559364,3.1098010316875464,6574,6762,211,0,6551,6735,814901,23,0,0,23,27
2020-09-24,US,Washington,Spokane,6561,163,0,47.62113146,-117.4046494,53063.0,1254.9780221041397,2.484377381496723,6398,6447,162,0,6285,6366,514631,114,1,0,113,81
2020-09-24,US,Washington,Stevens,162,2,0,48.40035475,-117.8542701,53065.0,354.30746014041074,1.2345679012345678,160,161,2,0,159,153,45260,1,0,0,1,8
2020-09-24,US,Washington,Thurston,1053,17,0,46.9291895,-122.82906559999999,53067.0,362.4335710548778,1.6144349477682811,1036,1038,17,0,1021,1033,286419,15,0,0,15,5
2020-09-24,US,Washington,Unassigned,292,4,0,0.0,0.0,90053.0,0.0,1.3698630136986298,288,292,4,0,288,290,,0,0,0,0,2
2020-09-24,US,Washington,Wahkiakum,6,0,0,46.29180039999999,-123.4250831,53069.0,133.6898395721925,0.0,6,6,0,0,6,6,4426,0,0,0,0,0
2020-09-24,US,Washington,Walla Walla,874,5,0,46.23040051,-118.4775539,53071.0,1438.4463462804474,0.5720823798627003,869,869,5,0,864,864,60922,5,0,0,5,5
2020-09-24,US,Washington,Whatcom,1308,42,0,48.82227976,-121.74900179999999,53073.0,570.563627877355,3.2110091743119265,1266,1302,42,0,1260,1287,225685,6,0,0,6,15
2020-09-24,US,Washington,Whitman,1193,0,0,46.90022523,-117.52417630000001,53075.0,2381.0474213635644,0.0,1193,1184,0,0,1184,1173,49791,9,0,0,9,11
2020-09-24,US,Washington,Yakima,11331,257,0,46.45738486,-120.73801259999999,53077.0,4516.627935250107,2.2681140234754213,11074,11316,257,0,11059,11301,251446,15,0,0,15,15
2020-09-24,US,West Virginia,Barbour,52,1,0,39.1307219,-80.00350858,54001.0,316.28246457028166,1.9230769230769231,51,48,1,0,47,48,16535,4,0,0,4,0
2020-09-24,US,West Virginia,Berkeley,968,13,0,39.46704621,-78.02414609,54003.0,812.2781549202408,1.3429752066115703,955,952,13,0,939,948,117123,16,0,0,16,4
2020-09-24,US,West Virginia,Boone,206,1,0,38.01974191,-81.69888019,54005.0,960.0596541921052,0.4854368932038835,205,203,1,0,202,200,21951,3,0,0,3,3
2020-09-24,US,West Virginia,Braxton,13,0,0,38.70036159,-80.72011184,54007.0,93.14322562155192,0.0,13,13,0,0,13,10,14089,0,0,0,0,3
2020-09-24,US,West Virginia,Brooke,112,1,0,40.27367263,-80.57915332,54009.0,510.506404120516,0.8928571428571429,111,112,1,0,111,112,22203,0,0,0,0,0
2020-09-24,US,West Virginia,Cabell,759,10,0,38.42424062,-82.23855912,54011.0,825.4935015498396,1.3175230566534917,749,741,10,0,731,737,93224,18,0,0,18,4
2020-09-24,US,West Virginia,Calhoun,25,0,0,38.84315422,-81.11934872,54013.0,351.6669011112674,0.0,25,25,0,0,25,24,7254,0,0,0,0,1
2020-09-24,US,West Virginia,Clay,36,2,0,38.46231092,-81.07652217,54015.0,423.1311706629055,5.5555555555555545,34,36,2,0,34,35,8632,0,0,0,0,1
2020-09-24,US,West Virginia,Doddridge,19,0,0,39.27057157,-80.70671527,54017.0,224.90530303030303,0.0,19,18,0,0,18,18,8406,1,0,0,1,0
2020-09-24,US,West Virginia,Fayette,583,13,0,38.02974928,-81.08286634,54019.0,1374.8054520586707,2.229845626072041,570,580,11,0,569,577,43018,3,2,0,1,3
2020-09-24,US,West Virginia,Gilmer,39,0,0,38.9251277,-80.85952723,54021.0,498.5299757126422,0.0,39,33,0,0,33,32,8026,6,0,0,6,1
2020-09-24,US,West Virginia,Grant,156,7,0,39.10314817,-79.19440518,54023.0,1348.5477178423234,4.487179487179487,149,152,7,0,145,152,11626,4,0,0,4,0
2020-09-24,US,West Virginia,Greenbrier,125,3,0,37.9463652,-80.45335881,54025.0,360.62546881310953,2.4,122,124,3,0,121,120,34786,1,0,0,1,4
2020-09-24,US,West Virginia,Hampshire,103,1,0,39.32103553,-78.60826476,54027.0,444.4444444444445,0.9708737864077671,102,103,1,0,102,102,23347,0,0,0,0,1
2020-09-24,US,West Virginia,Hancock,145,0,0,40.51943859,-80.57461608,54029.0,503.29746615758415,0.0,145,144,0,0,144,144,29094,1,0,0,1,0
2020-09-24,US,West Virginia,Hardy,87,1,0,39.00683177,-78.85855301,54031.0,631.5331010452961,1.1494252873563218,86,82,1,0,81,82,13775,5,0,0,5,0
2020-09-24,US,West Virginia,Harrison,346,8,0,39.2853852,-80.37919577,54033.0,514.4522421791363,2.3121387283237,338,344,8,0,336,342,67554,2,0,0,2,2
2020-09-24,US,West Virginia,Jackson,258,23,0,38.84263974,-81.68148753,54035.0,902.8555431131019,8.914728682170542,235,252,23,0,229,252,28706,6,0,0,6,0
2020-09-24,US,West Virginia,Jefferson,427,4,0,39.30776166,-77.86014147,54037.0,747.208903510307,0.936768149882904,423,425,4,0,421,422,56811,2,0,0,2,3
2020-09-24,US,West Virginia,Kanawha,2468,74,0,38.33860077,-81.52857054,54039.0,1385.5516381846355,2.9983792544570504,2394,2415,72,0,2343,2377,180454,53,2,0,51,38
2020-09-24,US,West Virginia,Lewis,38,2,0,38.9947249,-80.49988181,54041.0,238.888539636638,5.2631578947368425,36,38,2,0,36,38,16024,0,0,0,0,0
2020-09-24,US,West Virginia,Lincoln,157,2,0,38.172154,-82.07017953,54043.0,769.2684599931403,1.2738853503184713,155,157,2,0,155,156,20599,0,0,0,0,1
2020-09-24,US,West Virginia,Logan,599,39,0,37.8299889,-81.93528571,54045.0,1870.7642337362188,6.510851419031719,560,588,39,0,549,585,32607,11,0,0,11,3
2020-09-24,US,West Virginia,Marion,261,3,0,39.50984542,-80.24244659,54049.0,465.4729633328577,1.1494252873563218,258,259,3,0,256,258,56097,2,0,0,2,1
2020-09-24,US,West Virginia,Marshall,163,1,0,39.86064362,-80.66591062,54051.0,533.8835937244113,0.6134969325153374,162,163,1,0,162,160,30785,0,0,0,0,3
2020-09-24,US,West Virginia,Mason,140,6,0,38.77071799,-82.02524219,54053.0,527.9831045406547,4.285714285714286,134,138,5,0,133,138,26718,2,1,0,1,0
2020-09-24,US,West Virginia,McDowell,86,1,0,37.38002939,-81.65083669,54047.0,487.9709487063097,1.162790697674419,85,86,1,0,85,86,18223,0,0,0,0,0
2020-09-24,US,West Virginia,Mercer,407,27,0,37.40481169,-81.11023142,54055.0,692.6716362027298,6.6339066339066335,380,404,27,0,377,404,59131,3,0,0,3,0
2020-09-24,US,West Virginia,Mineral,171,4,0,39.41561583,-78.94104895,54057.0,636.4448414470746,2.3391812865497075,167,171,4,0,167,165,26940,0,0,0,0,6
2020-09-24,US,West Virginia,Mingo,367,9,0,37.73048351,-82.13338365,54059.0,1566.76912568306,2.4523160762942777,358,367,9,0,358,366,23785,0,0,0,0,1
2020-09-24,US,West Virginia,Monongalia,1959,5,0,39.63218457,-80.04766838,54061.0,1854.902851948642,0.2552322613578356,1954,1948,5,0,1943,1936,106420,11,0,0,11,12
2020-09-24,US,West Virginia,Monroe,148,7,0,37.56274716,-80.54577965,54063.0,1114.8775894538603,4.729729729729731,141,148,7,0,141,148,13280,0,0,0,0,0
2020-09-24,US,West Virginia,Morgan,53,0,0,39.55439028,-78.26311676,54065.0,296.3542831581302,0.0,53,53,0,0,53,53,17787,0,0,0,0,0
2020-09-24,US,West Virginia,Nicholas,98,3,0,38.29617706,-80.79759588,54067.0,400.0653167864141,3.0612244897959178,95,96,3,0,93,92,24842,2,0,0,2,4
2020-09-24,US,West Virginia,Ohio,362,6,0,40.0955451,-80.62203992,54069.0,874.1638695032719,1.6574585635359116,356,359,6,0,353,358,41755,3,0,0,3,1
2020-09-24,US,West Virginia,Pendleton,52,1,0,38.68314479,-79.35084086,54071.0,746.161572679007,1.9230769230769231,51,52,1,0,51,52,6997,0,0,0,0,0
2020-09-24,US,West Virginia,Pleasants,17,3,0,39.37091679,-81.16771771,54073.0,227.8820375335121,17.647058823529417,14,17,2,0,15,17,7507,0,1,0,-1,0
2020-09-24,US,West Virginia,Pocahontas,59,0,0,38.32758728,-80.00993811,54075.0,715.4116648478232,0.0,59,59,0,0,59,59,8414,0,0,0,0,0
2020-09-24,US,West Virginia,Preston,151,4,0,39.46770987,-79.66712803,54077.0,451.66307729121803,2.6490066225165565,147,150,4,0,146,149,33839,1,0,0,1,1
2020-09-24,US,West Virginia,Putnam,529,5,0,38.50782345,-81.9082131,54079.0,937.1124889282553,0.9451795841209829,524,522,5,0,517,521,56682,7,0,0,7,1
2020-09-24,US,West Virginia,Raleigh,497,8,0,37.76936795,-81.2456041,54081.0,677.4716811384795,1.6096579476861168,489,487,8,0,479,479,74254,10,0,0,10,8
2020-09-24,US,West Virginia,Randolph,240,2,0,38.769899,-79.87919615,54083.0,836.382645060115,0.8333333333333334,238,237,2,0,235,237,28823,3,0,0,3,0
2020-09-24,US,West Virginia,Ritchie,11,0,0,39.18094587,-81.06356878,54085.0,115.13502198032238,0.0,11,11,0,0,11,11,9721,0,0,0,0,0
2020-09-24,US,West Virginia,Roane,49,2,0,38.71622686,-81.35243568,54087.0,357.97779076563415,4.081632653061225,47,49,2,0,47,49,13932,0,0,0,0,0
2020-09-24,US,West Virginia,Summers,47,0,0,37.65390597,-80.86009693,54089.0,373.81690924998014,0.0,47,46,0,0,46,46,12760,1,0,0,1,0
2020-09-24,US,West Virginia,Taylor,120,6,0,39.33602617,-80.0421439,54091.0,718.7780772686432,5.0,114,120,6,0,114,119,16862,0,0,0,0,1
2020-09-24,US,West Virginia,Tucker,17,0,0,39.11240885,-79.57053576,54093.0,248.57435297558123,0.0,17,17,0,0,17,17,6955,0,0,0,0,0
2020-09-24,US,West Virginia,Tyler,15,0,0,39.46811972,-80.88772676,54095.0,174.60132697008495,0.0,15,15,0,0,15,15,8746,0,0,0,0,0
2020-09-24,US,West Virginia,Upshur,64,0,0,38.89285061,-80.23689136,54097.0,264.7253474520185,0.0,64,63,0,0,63,61,24415,1,0,0,1,2
2020-09-24,US,West Virginia,Wayne,381,11,0,38.14901357,-82.42287994,54099.0,966.9559920816204,2.8871391076115485,370,367,11,0,356,361,39944,14,0,0,14,6
2020-09-24,US,West Virginia,Webster,7,0,0,38.49370949,-80.4202023,54101.0,86.27064333251171,0.0,7,7,0,0,7,7,8285,0,0,0,0,0
2020-09-24,US,West Virginia,Wetzel,51,0,0,39.6065771,-80.64016540000001,54103.0,338.5330235645536,0.0,51,50,0,0,50,50,15270,1,0,0,1,0
2020-09-24,US,West Virginia,Wirt,12,0,0,39.02775007,-81.37473928,54105.0,206.15014602302008,0.0,12,12,0,0,12,12,5830,0,0,0,0,0
2020-09-24,US,West Virginia,Wood,356,6,0,39.20967886,-81.5162836,54107.0,426.2554179937258,1.6853932584269662,350,354,6,0,348,352,84203,2,0,0,2,2
2020-09-24,US,West Virginia,Wyoming,108,3,0,37.612327,-81.54511071,54109.0,529.567519858782,2.7777777777777777,105,103,3,0,100,103,20786,5,0,0,5,0
2020-09-24,US,Wisconsin,Adams,219,4,0,43.96974651,-89.76782777,55001.0,1083.0860534124631,1.8264840182648399,215,214,4,0,210,209,20348,5,0,0,5,5
2020-09-24,US,Wisconsin,Ashland,82,2,0,46.31956891,-90.67837132,55003.0,526.9245598252153,2.4390243902439024,80,74,2,0,72,70,15600,8,0,0,8,4
2020-09-24,US,Wisconsin,Barron,437,4,0,45.42372701,-91.84833627,55005.0,965.8739280346564,0.9153318077803204,433,425,4,0,421,422,45164,12,0,0,12,3
2020-09-24,US,Wisconsin,Bayfield,93,1,0,46.52868768,-91.19716729,55007.0,618.5155626496409,1.075268817204301,92,89,1,0,88,86,15042,4,0,0,4,3
2020-09-24,US,Wisconsin,Brown,8221,62,0,44.452655299999996,-88.00411844,55009.0,3107.635082519978,0.75416615983457,8159,8032,61,0,7971,7703,263378,189,1,0,188,329
2020-09-24,US,Wisconsin,Buffalo,130,2,0,44.37835084,-91.75332578,55011.0,997.6210574783212,1.5384615384615383,128,128,2,0,126,124,13125,2,0,0,2,4
2020-09-24,US,Wisconsin,Burnett,165,3,0,45.86303537,-92.36711412,55013.0,1070.4554301284547,1.818181818181818,162,155,3,0,152,140,15392,10,0,0,10,15
2020-09-24,US,Wisconsin,Calumet,984,2,0,44.0816316,-88.21780273,55015.0,1964.5031843318893,0.2032520325203252,982,942,2,0,940,921,50159,42,0,0,42,21
2020-09-24,US,Wisconsin,Chippewa,498,0,0,45.06939744,-91.28068855,55017.0,770.2063163104332,0.0,498,489,0,0,489,482,64135,9,0,0,9,7
2020-09-24,US,Wisconsin,Clark,359,8,0,44.73483377,-90.61207486,55019.0,1032.3805141772586,2.2284122562674096,351,347,8,0,339,331,34709,12,0,0,12,16
2020-09-24,US,Wisconsin,Columbia,558,2,0,43.46492199,-89.33589004,55021.0,969.8950149482029,0.35842293906810035,556,549,2,0,547,531,57358,9,0,0,9,18
2020-09-24,US,Wisconsin,Crawford,152,0,0,43.23870316,-90.93073686,55023.0,942.2850412249704,0.0,152,147,0,0,147,141,16291,5,0,0,5,6
2020-09-24,US,Wisconsin,Dane,9203,41,0,43.06601594,-89.41733797,55025.0,1683.388360969096,0.4455068999239378,9162,9040,41,0,8999,8947,542364,163,0,0,163,93
2020-09-24,US,Wisconsin,Dodge,1728,14,0,43.41576662,-88.70928178,55027.0,1967.235510422477,0.8101851851851852,1714,1677,14,0,1663,1653,87847,51,0,0,51,24
2020-09-24,US,Wisconsin,Door,293,3,0,44.95856458,-87.30002707,55029.0,1058.9851091513665,1.023890784982935,290,264,3,0,261,245,27610,29,0,0,29,19
2020-09-24,US,Wisconsin,Douglas,405,0,0,46.43222285,-91.91595768,55031.0,938.5863267670917,0.0,405,397,0,0,397,393,43208,8,0,0,8,4
2020-09-24,US,Wisconsin,Dunn,449,0,0,44.94562799,-91.8962481,55033.0,989.6843590195732,0.0,449,426,0,0,426,402,45131,23,0,0,23,24
2020-09-24,US,Wisconsin,Eau Claire,1734,6,0,44.726614,-91.28609183,55035.0,1657.0150794105843,0.3460207612456747,1728,1703,6,0,1697,1650,104534,31,0,0,31,53
2020-09-24,US,Wisconsin,Florence,78,1,0,45.84963535,-88.39804137,55037.0,1816.0651920838184,1.2820512820512822,77,73,1,0,72,69,4321,5,0,0,5,4
2020-09-24,US,Wisconsin,Fond du Lac,1892,13,0,43.75354908,-88.48885325,55039.0,1829.7341469783275,0.6871035940803383,1879,1840,13,0,1827,1799,103066,52,0,0,52,41
2020-09-24,US,Wisconsin,Forest,251,4,0,45.66678019,-88.77084892,55041.0,2787.64993336295,1.593625498007968,247,231,4,0,227,224,8991,20,0,0,20,7
2020-09-24,US,Wisconsin,Grant,894,19,0,42.8671731,-90.7063218,55043.0,1737.9809094266996,2.1252796420581657,875,873,19,0,854,846,51554,21,0,0,21,27
2020-09-24,US,Wisconsin,Green,466,2,0,42.6794956,-89.60243287,55045.0,1260.8225108225106,0.4291845493562232,464,458,2,0,456,449,36929,8,0,0,8,9
2020-09-24,US,Wisconsin,Green Lake,231,0,0,43.80025981,-89.04679553,55047.0,1221.3821181198116,0.0,231,215,0,0,215,212,18918,16,0,0,16,3
2020-09-24,US,Wisconsin,Iowa,174,0,0,43.00050278,-90.13469017,55049.0,734.8593631218852,0.0,174,169,0,0,169,155,23771,5,0,0,5,14
2020-09-24,US,Wisconsin,Iron,138,1,0,46.26302338,-90.24295041,55051.0,2426.586952699139,0.7246376811594203,137,137,1,0,136,137,5676,1,0,0,1,0
2020-09-24,US,Wisconsin,Jackson,125,1,0,44.31864893,-90.80566792,55053.0,605.5321416460787,0.8,124,115,1,0,114,107,20478,10,0,0,10,8
2020-09-24,US,Wisconsin,Jefferson,1298,8,0,43.02054068,-88.77529134,55055.0,1531.2201394377662,0.6163328197226502,1290,1278,8,0,1270,1243,85129,20,0,0,20,35
2020-09-24,US,Wisconsin,Juneau,354,2,0,43.92456975,-90.11120239,55057.0,1326.488552478735,0.5649717514124294,352,337,2,0,335,331,26617,17,0,0,17,6
2020-09-24,US,Wisconsin,Kenosha,3387,65,0,42.57639354,-88.04051686,55059.0,1997.511220150861,1.919102450546206,3322,3334,65,0,3269,3308,169290,53,0,0,53,26
2020-09-24,US,Wisconsin,Kewaunee,459,2,0,44.51727459,-87.61468386,55061.0,2246.2562396006656,0.4357298474945534,457,428,2,0,426,414,20383,31,0,0,31,14
2020-09-24,US,Wisconsin,La Crosse,2838,2,0,43.90632465,-91.11451093,55063.0,2404.758676789588,0.07047216349541931,2836,2785,2,0,2783,2698,118230,53,0,0,53,87
2020-09-24,US,Wisconsin,Lafayette,248,0,0,42.66005229,-90.1317729,55065.0,1488.148814881488,0.0,248,239,0,0,239,225,16665,9,0,0,9,14
2020-09-24,US,Wisconsin,Langlade,153,2,0,45.26271619,-89.07483625,55067.0,797.3318046797644,1.30718954248366,151,142,2,0,140,136,19268,11,0,0,11,6
2020-09-24,US,Wisconsin,Lincoln,176,1,0,45.33737523,-89.73411273,55069.0,637.8429311781972,0.5681818181818182,175,169,1,0,168,159,27689,7,0,0,7,10
2020-09-24,US,Wisconsin,Manitowoc,957,3,0,44.11946801,-87.80928853,55071.0,1211.6838226915336,0.31347962382445144,954,918,3,0,915,905,79074,39,0,0,39,13
2020-09-24,US,Wisconsin,Marathon,1193,14,0,44.89792533,-89.75863384,55073.0,879.1970049818707,1.173512154233026,1179,1151,14,0,1137,1112,135428,42,0,0,42,39
2020-09-24,US,Wisconsin,Marinette,816,7,0,45.38553432,-88.03324599999998,55075.0,2022.3048327137546,0.8578431372549019,809,783,7,0,776,768,40434,33,0,0,33,15
2020-09-24,US,Wisconsin,Marquette,223,1,0,43.81911946,-89.40073763,55077.0,1431.8736355464237,0.4484304932735426,222,207,1,0,206,202,15434,16,0,0,16,5
2020-09-24,US,Wisconsin,Menominee,59,0,0,45.00422544,-88.70950714,55078.0,1294.9956101843725,0.0,59,58,0,0,58,55,4658,1,0,0,1,3
2020-09-24,US,Wisconsin,Milwaukee,27672,525,0,43.00486062,-87.96733172,55079.0,2926.006052493005,1.8972246313963568,27147,27356,525,0,26831,27211,948201,316,0,0,316,145
2020-09-24,US,Wisconsin,Monroe,444,2,0,43.94641218,-90.61881899999999,55081.0,959.9377337686203,0.4504504504504505,442,423,2,0,421,408,46051,21,0,0,21,15
2020-09-24,US,Wisconsin,Oconto,765,4,0,45.02715345,-88.26807503,55083.0,2016.8731874505668,0.5228758169934641,761,729,4,0,725,703,37830,36,0,0,36,26
2020-09-24,US,Wisconsin,Oneida,398,2,0,45.70677897,-89.51944105,55085.0,1118.1345694620031,0.5025125628140703,396,366,2,0,364,356,35470,32,0,0,32,10
2020-09-24,US,Wisconsin,Outagamie,3920,28,0,44.41578887,-88.46565023,55087.0,2086.382627671182,0.7142857142857143,3892,3793,28,0,3765,3698,187365,127,0,0,127,95
2020-09-24,US,Wisconsin,Ozaukee,1284,19,0,43.38352225,-87.94625009,55089.0,1439.1230764057789,1.4797507788161994,1265,1259,19,0,1240,1240,89147,25,0,0,25,19
2020-09-24,US,Wisconsin,Pepin,59,0,0,44.58307413,-91.99949611,55091.0,809.6610402085907,0.0,59,56,0,0,56,56,7289,3,0,0,3,0
2020-09-24,US,Wisconsin,Pierce,419,6,0,44.71850291,-92.4224416,55093.0,980.0252607943116,1.431980906921241,413,414,6,0,408,408,42555,5,0,0,5,6
2020-09-24,US,Wisconsin,Polk,231,2,0,45.46130348,-92.44182875,55095.0,527.6020373204211,0.8658008658008658,229,228,2,0,226,224,43598,3,0,0,3,4
2020-09-24,US,Wisconsin,Portage,1286,4,0,44.47558711,-89.50152965,55097.0,1817.1028090205166,0.3110419906687403,1282,1270,4,0,1266,1244,70942,16,0,0,16,26
2020-09-24,US,Wisconsin,Price,69,0,0,45.68051754,-90.36098879999999,55099.0,516.8152198337203,0.0,69,57,0,0,57,55,13397,12,0,0,12,2
2020-09-24,US,Wisconsin,Racine,4656,95,0,42.74753117,-88.05941254,55101.0,2371.746871036264,2.0403780068728516,4561,4585,94,0,4491,4559,196584,71,1,0,70,26
2020-09-24,US,Wisconsin,Richland,103,4,0,43.3762778,-90.43012729,55103.0,597.0322281474613,3.8834951456310685,99,95,4,0,91,93,17377,8,0,0,8,2
2020-09-24,US,Wisconsin,Rock,2382,32,0,42.67151616,-89.07147900000002,55105.0,1458.1828421709906,1.343408900083963,2350,2327,32,0,2295,2287,163129,55,0,0,55,40
2020-09-24,US,Wisconsin,Rusk,55,1,0,45.47498854,-91.1333012,55107.0,387.92495415432364,1.818181818181818,54,52,1,0,51,52,14147,3,0,0,3,0
2020-09-24,US,Wisconsin,Sauk,858,3,0,43.42574087,-89.94966132,55111.0,1331.4298128549706,0.34965034965034963,855,832,3,0,829,822,64249,26,0,0,26,10
2020-09-24,US,Wisconsin,Sawyer,200,1,0,45.87931905,-91.14504927,55113.0,1207.8753472641624,0.5,199,196,1,0,195,196,16489,4,0,0,4,0
2020-09-24,US,Wisconsin,Shawano,688,1,0,44.78902246,-88.76443896,55115.0,1682.1927186483774,0.14534883720930233,687,643,1,0,642,606,40796,45,0,0,45,37
2020-09-24,US,Wisconsin,Sheboygan,1529,15,0,43.72099677,-87.94579284,55117.0,1325.6459164210162,0.9810333551340744,1514,1501,15,0,1486,1492,115456,28,0,0,28,9
2020-09-24,US,Wisconsin,St. Croix,868,8,0,45.03437474,-92.45000068,55109.0,957.1382888396353,0.9216589861751152,860,859,8,0,851,840,89694,9,0,0,9,19
2020-09-24,US,Wisconsin,Taylor,163,3,0,45.21179252,-90.5004405,55119.0,801.2584181290863,1.8404907975460123,160,157,3,0,154,156,20412,6,0,0,6,1
2020-09-24,US,Wisconsin,Trempealeau,596,2,0,44.30360275,-91.35893614,55121.0,2010.185841006442,0.3355704697986577,594,580,2,0,578,569,29442,16,0,0,16,11
2020-09-24,US,Wisconsin,Vernon,193,0,0,43.59422667,-90.8324691,55123.0,626.1761079748231,0.0,193,186,0,0,186,183,30785,7,0,0,7,3
2020-09-24,US,Wisconsin,Vilas,184,1,0,46.05467334,-89.51719204,55125.0,829.0155440414508,0.5434782608695652,183,177,1,0,176,174,21938,7,0,0,7,3
2020-09-24,US,Wisconsin,Walworth,2525,34,0,42.66858202,-88.54163073,55127.0,2430.9700774059384,1.3465346534653466,2491,2503,34,0,2469,2484,103718,22,0,0,22,19
2020-09-24,US,Wisconsin,Washburn,96,1,0,45.89838588,-91.79050449,55129.0,610.6870229007634,1.0416666666666667,95,95,1,0,94,94,15878,1,0,0,1,1
2020-09-24,US,Wisconsin,Washington,2442,32,0,43.36863664,-88.22974712,55131.0,1795.1394504315094,1.3104013104013104,2410,2380,32,0,2348,2324,135693,62,0,0,62,56
2020-09-24,US,Wisconsin,Waukesha,6945,87,0,43.01833055,-88.30431188,55133.0,1718.2173093384924,1.2526997840172789,6858,6838,86,0,6752,6763,403072,107,1,0,106,75
2020-09-24,US,Wisconsin,Waupaca,963,20,0,44.47068056,-88.96534501,55135.0,1888.60560894293,2.0768431983385254,943,942,19,0,923,934,51128,21,1,0,20,8
2020-09-24,US,Wisconsin,Waushara,304,2,0,44.11324419,-89.24317107,55137.0,1243.7098555823752,0.6578947368421053,302,289,2,0,287,284,24263,15,0,0,15,5
2020-09-24,US,Wisconsin,Winnebago,3168,24,0,44.06886922,-88.64477096,55139.0,1842.8568935529086,0.7575757575757576,3144,2988,23,0,2965,2944,171020,180,1,0,179,44
2020-09-24,US,Wisconsin,Wood,739,5,0,44.45537896,-90.04158336,55141.0,1012.342634830614,0.6765899864682002,734,718,4,0,714,707,73055,21,1,0,20,11
2020-09-24,US,Wyoming,Albany,461,0,0,41.65498705,-105.72354150000001,56001.0,1185.6995884773662,0.0,461,426,0,0,426,397,38601,35,0,0,35,29
2020-09-24,US,Wyoming,Big Horn,52,2,0,44.52405055,-107.9960365,56003.0,441.05173876166236,3.8461538461538463,50,52,2,0,50,51,11881,0,0,0,0,1
2020-09-24,US,Wyoming,Campbell,279,1,0,44.24886082,-105.54744040000001,56005.0,602.058652165469,0.35842293906810035,278,270,1,0,269,254,46140,9,0,0,9,16
2020-09-24,US,Wyoming,Carbon,222,2,0,41.69357844,-106.9326084,56007.0,1500.0,0.9009009009009008,220,221,2,0,219,217,14971,1,0,0,1,4
2020-09-24,US,Wyoming,Converse,112,0,0,42.97272268,-105.5081848,56009.0,810.3024164375634,0.0,112,110,0,0,110,106,13640,2,0,0,2,4
2020-09-24,US,Wyoming,Crook,38,0,0,44.58855102,-104.56977049999999,56011.0,501.0548523206752,0.0,38,38,0,0,38,35,7450,0,0,0,0,3
2020-09-24,US,Wyoming,Fremont,692,14,0,43.04183996,-108.6296893,56013.0,1762.5633580397848,2.0231213872832368,678,686,14,0,672,674,39531,6,0,0,6,12
2020-09-24,US,Wyoming,Goshen,83,2,0,42.08798185,-104.3534743,56015.0,628.2643251835593,2.409638554216868,81,81,2,0,79,80,13376,2,0,0,2,1
2020-09-24,US,Wyoming,Hot Springs,37,0,0,43.71930657,-108.44231740000001,56017.0,838.4319057330614,0.0,37,37,0,0,37,37,4555,0,0,0,0,0
2020-09-24,US,Wyoming,Johnson,33,1,0,44.04057166,-106.58451740000001,56019.0,390.7637655417407,3.0303030303030303,32,30,1,0,29,30,8460,3,0,0,3,0
2020-09-24,US,Wyoming,Laramie,672,4,0,41.30702520000001,-104.6887497,56021.0,675.3768844221106,0.5952380952380952,668,661,4,0,657,654,98976,11,0,0,11,7
2020-09-24,US,Wyoming,Lincoln,166,1,0,42.26376367,-110.6563997,56023.0,837.1154815935453,0.6024096385542169,165,160,1,0,159,144,19434,6,0,0,6,16
2020-09-24,US,Wyoming,Natrona,507,4,0,42.96180148,-106.79788500000001,56025.0,634.8769065090537,0.7889546351084813,503,485,4,0,481,463,79115,22,0,0,22,22
2020-09-24,US,Wyoming,Niobrara,4,0,0,43.05607708,-104.47588959999999,56027.0,169.77928692699493,0.0,4,3,0,0,3,3,2388,1,0,0,1,0
2020-09-24,US,Wyoming,Park,218,2,0,44.52157546,-109.58528249999999,56029.0,746.7287798862781,0.9174311926605504,216,214,2,0,212,210,29324,4,0,0,4,4
2020-09-24,US,Wyoming,Platte,25,1,0,42.13299116,-104.96633100000001,56031.0,297.8672703443345,4.0,24,23,1,0,22,21,8566,2,0,0,2,2
2020-09-24,US,Wyoming,Sheridan,270,4,0,44.79048913,-106.8862389,56033.0,885.6814826964081,1.4814814814814814,266,262,4,0,258,254,30233,8,0,0,8,8
2020-09-24,US,Wyoming,Sublette,90,1,0,42.76558279,-109.91309220000001,56035.0,915.4714678059199,1.1111111111111112,89,87,1,0,86,79,9813,3,0,0,3,8
2020-09-24,US,Wyoming,Sweetwater,328,2,0,41.65943896,-108.8827882,56037.0,774.6262664430957,0.6097560975609756,326,326,2,0,324,323,43051,2,0,0,2,3
2020-09-24,US,Wyoming,Teton,529,1,0,43.93522482,-110.5890801,56039.0,2254.5175588135016,0.1890359168241966,528,517,1,0,516,506,23081,12,0,0,12,11
2020-09-24,US,Wyoming,Uinta,347,2,0,41.2878183,-110.54757820000002,56041.0,1715.6135666963314,0.5763688760806917,345,342,2,0,340,339,20299,5,0,0,5,3
2020-09-24,US,Wyoming,Washakie,113,6,0,43.90451606,-107.68018700000002,56043.0,1447.789878283152,5.3097345132743365,107,113,6,0,107,113,7885,0,0,0,0,0
2020-09-24,US,Wyoming,Weston,27,0,0,43.83961191,-104.56748809999999,56045.0,389.779125162408,0.0,27,25,0,0,25,26,6967,2,0,0,2,-1
