Date,Country/Region,Province/State,Admin2,Confirmed,Deaths,Recovered,Latitude,Longitude,FIPS,Incidence_Rate,Case-Fatality_Ratio,Active Cases,Previous Confirmed,Previous Deaths,Previous Recovered,Previous Active,Prev2 Confirmed,Population,Daily Confirmed,Daily Deaths,Daily Recovered,Daily Active,Previous Daily Confirmed
2020-10-22,US,Alabama,Autauga,2023,30,0,32.53952745,-86.64408227,1001.0,3620.970484526303,1.4829461196243203,1993,2021,30,0,1991,2010,55601,2,0,0,2,11
2020-10-22,US,Alabama,Baldwin,6475,69,0,30.72774991,-87.72207058,1003.0,2900.543823969467,1.0656370656370655,6406,6443,69,0,6374,6405,218022,32,0,0,32,38
2020-10-22,US,Alabama,Barbour,997,9,0,31.868263,-85.3871286,1005.0,4038.726403629588,0.9027081243731192,988,996,9,0,987,988,24881,1,0,0,1,8
2020-10-22,US,Alabama,Bibb,811,14,0,32.99642064,-87.12511459999996,1007.0,3621.5057604715553,1.7262638717632552,797,801,14,0,787,791,22400,10,0,0,10,10
2020-10-22,US,Alabama,Blount,1893,25,0,33.98210918,-86.56790593,1009.0,3273.613945284128,1.3206550449022716,1868,1873,25,0,1848,1848,57840,20,0,0,20,25
2020-10-22,US,Alabama,Bullock,637,17,0,32.10030533,-85.71265535,1011.0,6306.306306306306,2.668759811616954,620,637,17,0,620,635,10138,0,0,0,0,2
2020-10-22,US,Alabama,Butler,1001,40,0,31.75300095,-86.68057478,1013.0,5147.058823529413,3.996003996003996,961,998,40,0,958,998,19680,3,0,0,3,0
2020-10-22,US,Alabama,Calhoun,4189,60,0,33.77483727,-85.82630386,1015.0,3687.337705206637,1.43232275005968,4129,4160,59,0,4101,4127,114277,29,1,0,28,33
2020-10-22,US,Alabama,Chambers,1336,43,0,32.91360079,-85.39072749,1017.0,4017.5617970770422,3.218562874251497,1293,1330,43,0,1287,1301,33615,6,0,0,6,29
2020-10-22,US,Alabama,Cherokee,726,14,0,34.17805983,-85.60638968,1019.0,2771.41548327989,1.9283746556473829,712,723,14,0,709,722,26032,3,0,0,3,1
2020-10-22,US,Alabama,Chilton,1841,32,0,32.85044126,-86.7173256,1021.0,4143.78319978392,1.7381857686040196,1809,1826,32,0,1794,1817,44153,15,0,0,15,9
2020-10-22,US,Alabama,Choctaw,388,12,0,32.02227341,-88.26564429999998,1023.0,3082.0557629676696,3.0927835051546397,376,387,12,0,375,387,12841,1,0,0,1,0
2020-10-22,US,Alabama,Clarke,1300,17,0,31.68099859,-87.83548597,1025.0,5503.344340022013,1.3076923076923077,1283,1273,17,0,1256,1271,23920,27,0,0,27,2
2020-10-22,US,Alabama,Clay,729,12,0,33.26984193,-85.85836077,1027.0,5508.122402720062,1.6460905349794241,717,722,12,0,710,719,13275,7,0,0,7,3
2020-10-22,US,Alabama,Cleburne,543,8,0,33.67679204,-85.52005899,1029.0,3641.8511066398387,1.4732965009208103,535,532,7,0,525,528,14987,11,1,0,10,4
2020-10-22,US,Alabama,Coffee,1717,10,0,31.39932826,-85.98901039,1031.0,3280.348477322227,0.5824111822946999,1707,1682,9,0,1673,1666,51909,35,1,0,34,16
2020-10-22,US,Alabama,Colbert,1967,31,0,34.69847452,-87.80168544,1033.0,3560.7610289458917,1.5760040671072701,1936,1933,30,0,1903,1922,54762,34,1,0,33,11
2020-10-22,US,Alabama,Conecuh,557,13,0,31.43401703,-86.99320044,1035.0,4615.894588547278,2.3339317773788157,544,556,13,0,543,557,12277,1,0,0,1,-1
2020-10-22,US,Alabama,Coosa,202,3,0,32.93690146,-86.24847739,1037.0,1894.4012004126416,1.4851485148514851,199,199,3,0,196,197,10715,3,0,0,3,2
2020-10-22,US,Alabama,Covington,1699,29,0,31.247785399999998,-86.45050893,1039.0,4585.818780533888,1.7068864037669218,1670,1666,29,0,1637,1660,36986,33,0,0,33,6
2020-10-22,US,Alabama,Crenshaw,602,30,0,31.72941803,-86.31593104,1041.0,4371.187917513797,4.983388704318936,572,598,30,0,568,593,13824,4,0,0,4,5
2020-10-22,US,Alabama,Cullman,2357,24,0,34.13020303,-86.86888037,1043.0,2813.723617610543,1.0182435299109036,2333,2310,24,0,2286,2276,83442,47,0,0,47,34
2020-10-22,US,Alabama,Dale,1654,51,0,31.43037123,-85.61095742,1045.0,3363.702920361181,3.083434099153567,1603,1638,51,0,1587,1634,48956,16,0,0,16,4
2020-10-22,US,Alabama,Dallas,1862,27,0,32.32688101,-87.10866709999998,1047.0,5005.914614474676,1.4500537056928031,1835,1860,27,0,1833,1856,38310,2,0,0,2,4
2020-10-22,US,Alabama,DeKalb,3302,29,0,34.45946862,-85.80782906,1049.0,4617.342301399744,0.8782556026650515,3273,3254,28,0,3226,3196,71385,48,1,0,47,58
2020-10-22,US,Alabama,Elmore,3148,52,0,32.59785413,-86.14415284,1051.0,3876.4176384390894,1.6518424396442186,3096,3128,52,0,3076,3107,81887,20,0,0,20,21
2020-10-22,US,Alabama,Escambia,1719,29,0,31.1256789,-87.15918694,1053.0,4692.490377528458,1.6870273414776034,1690,1714,28,0,1686,1713,36748,5,1,0,4,1
2020-10-22,US,Alabama,Etowah,4187,49,0,34.04567266,-86.04051873,1055.0,4094.144796026128,1.170288989730117,4138,4122,49,0,4073,4057,102501,65,0,0,65,65
2020-10-22,US,Alabama,Fayette,561,13,0,33.72076938,-87.73886638,1057.0,3441.2955465587042,2.3172905525846703,548,557,13,0,544,553,16433,4,0,0,4,4
2020-10-22,US,Alabama,Franklin,2021,31,0,34.44235334,-87.84289505,1059.0,6444.10433008099,1.533894111825829,1990,2017,31,0,1986,1997,31363,4,0,0,4,20
2020-10-22,US,Alabama,Geneva,852,7,0,31.09389027,-85.83572839,1061.0,3243.11978988238,0.8215962441314554,845,844,7,0,837,841,26314,8,0,0,8,3
2020-10-22,US,Alabama,Greene,342,16,0,32.85504247,-87.95684022,1063.0,4216.496116385156,4.678362573099415,326,340,16,0,324,339,8233,2,0,0,2,1
2020-10-22,US,Alabama,Hale,749,30,0,32.76039258,-87.63284988,1065.0,5112.279025322504,4.005340453938585,719,748,30,0,718,745,14726,1,0,0,1,3
2020-10-22,US,Alabama,Henry,639,6,0,31.51148016,-85.24267944,1067.0,3714.0366172624235,0.9389671361502347,633,638,6,0,632,637,17209,1,0,0,1,1
2020-10-22,US,Alabama,Houston,3692,32,0,31.15197924,-85.29939599,1069.0,3486.900511890595,0.866738894907909,3660,3655,32,0,3623,3646,104722,37,0,0,37,9
2020-10-22,US,Alabama,Jackson,2100,15,0,34.78144169,-85.99750489,1071.0,4067.7178166040367,0.7142857142857143,2085,2055,15,0,2040,2009,51736,45,0,0,45,46
2020-10-22,US,Alabama,Jefferson,22861,374,0,33.55554728,-86.89506300000002,1073.0,3471.293235525902,1.6359739293994138,22487,22720,374,0,22346,22563,659300,141,0,0,141,157
2020-10-22,US,Alabama,Lamar,466,5,0,33.77995024,-88.09668032,1075.0,3375.5885548714227,1.072961373390558,461,459,5,0,454,456,13844,7,0,0,7,3
2020-10-22,US,Alabama,Lauderdale,2148,41,0,34.90171875,-87.65624729,1077.0,2316.4274390967225,1.9087523277467409,2107,2125,40,0,2085,2087,92387,23,1,0,22,38
2020-10-22,US,Alabama,Lawrence,821,31,0,34.52041498,-87.31069453,1079.0,2493.621674158669,3.775883069427528,790,811,31,0,780,800,32957,10,0,0,10,11
2020-10-22,US,Alabama,Lee,6496,65,0,32.60154883,-85.35132246,1081.0,3947.928188547605,1.0006157635467978,6431,6461,65,0,6396,6449,163941,35,0,0,35,12
2020-10-22,US,Alabama,Limestone,2765,30,0,34.81185586,-86.98310072,1083.0,2795.329323156245,1.08499095840868,2735,2736,30,0,2706,2708,96174,29,0,0,29,28
2020-10-22,US,Alabama,Lowndes,703,28,0,32.1597283,-86.65158371,1085.0,7228.048529714169,3.982930298719773,675,702,28,0,674,701,9974,1,0,0,1,1
2020-10-22,US,Alabama,Macon,529,20,0,32.38759944,-85.69267724,1087.0,2927.828204560549,3.7807183364839316,509,530,20,0,510,528,18439,-1,0,0,-1,2
2020-10-22,US,Alabama,Madison,9150,94,0,34.76327133,-86.55069633,1089.0,2453.6817293227027,1.0273224043715847,9056,9078,94,0,8984,9048,366519,72,0,0,72,30
2020-10-22,US,Alabama,Marengo,992,22,0,32.24767634,-87.78796182,1091.0,5258.972591846472,2.217741935483871,970,982,22,0,960,972,19066,10,0,0,10,10
2020-10-22,US,Alabama,Marion,1062,29,0,34.13697363,-87.88704173,1093.0,3574.674341108755,2.7306967984934087,1033,1050,29,0,1021,1047,29763,12,0,0,12,3
2020-10-22,US,Alabama,Marshall,4330,49,0,34.36975964,-86.30486727,1095.0,4474.342282017898,1.1316397228637414,4281,4310,48,0,4262,4282,96109,20,1,0,19,28
2020-10-22,US,Alabama,Mobile,14468,314,0,30.78472347,-88.20842409,1097.0,3501.3673434815228,2.1703068841581423,14154,14405,314,0,14091,14335,413757,63,0,0,63,70
2020-10-22,US,Alabama,Monroe,640,10,0,31.56729412,-87.36995001,1099.0,3086.866348333574,1.5625,630,636,10,0,626,631,21067,4,0,0,4,5
2020-10-22,US,Alabama,Montgomery,9875,196,0,32.2206831,-86.20969272,1101.0,4360.092897574244,1.9848101265822784,9679,9820,196,0,9624,9759,225763,55,0,0,55,61
2020-10-22,US,Alabama,Morgan,4036,35,0,34.45500589,-86.85475946,1103.0,3372.3543813033198,0.867195242814668,4001,4000,33,0,3967,3968,119089,36,2,0,34,32
2020-10-22,US,Alabama,Perry,583,6,0,32.64048341,-87.29770589,1105.0,6533.677014457022,1.0291595197255574,577,581,6,0,575,580,9140,2,0,0,2,1
2020-10-22,US,Alabama,Pickens,824,17,0,33.28094866,-88.08818103,1107.0,4134.470647265429,2.063106796116505,807,811,17,0,794,805,19938,13,0,0,13,6
2020-10-22,US,Alabama,Pike,1323,13,0,31.80396383,-85.9408295,1109.0,3995.28900163073,0.982615268329554,1310,1313,13,0,1300,1305,33338,10,0,0,10,8
2020-10-22,US,Alabama,Randolph,812,16,0,33.29526734,-85.45708831,1111.0,3573.629081947012,1.9704433497536944,796,805,14,0,791,798,22725,7,2,0,5,7
2020-10-22,US,Alabama,Russell,1923,3,0,32.28725256,-85.18415324,1113.0,3317.748140991356,0.15600624024961,1920,1905,3,0,1902,1905,57781,18,0,0,18,0
2020-10-22,US,Alabama,Shelby,7204,62,0,33.26879845,-86.66232561,1117.0,3309.1106191031777,0.8606329816768462,7142,7153,61,0,7092,7099,215707,51,1,0,50,54
2020-10-22,US,Alabama,St. Clair,2871,42,0,33.71902176,-86.31029372,1115.0,3207.3911877737073,1.4629049111807733,2829,2838,42,0,2796,2821,88690,33,0,0,33,17
2020-10-22,US,Alabama,Sumter,470,21,0,32.59117397,-88.19916205,1119.0,3782.0873903597007,4.468085106382978,449,468,21,0,447,467,12691,2,0,0,2,1
2020-10-22,US,Alabama,Talladega,2610,35,0,33.37823223,-86.16886178,1121.0,3263.397434294431,1.3409961685823757,2575,2591,35,0,2556,2584,79828,19,0,0,19,7
2020-10-22,US,Alabama,Tallapoosa,1305,87,0,32.86698258,-85.79833053,1123.0,3232.8387048827008,6.666666666666668,1218,1295,87,0,1208,1286,40497,10,0,0,10,9
2020-10-22,US,Alabama,Tuscaloosa,10148,139,0,33.28726072,-87.52556818,1125.0,4847.268992859021,1.3697280252266455,10009,10066,137,0,9929,10023,208911,82,2,0,80,43
2020-10-22,US,Alabama,Walker,2722,93,0,33.80270512,-87.30027177,1127.0,4285.19702145747,3.416605437178545,2629,2699,93,0,2606,2688,63711,23,0,0,23,11
2020-10-22,US,Alabama,Washington,634,12,0,31.4092794,-88.20689944,1129.0,3883.376209726816,1.892744479495268,622,623,12,0,611,622,16378,11,0,0,11,1
2020-10-22,US,Alabama,Wilcox,562,12,0,31.98773215,-87.30891118,1131.0,5417.911886628748,2.1352313167259784,550,559,12,0,547,559,10627,3,0,0,3,0
2020-10-22,US,Alabama,Winston,913,13,0,34.15030532,-87.37325922,1133.0,3863.896059926362,1.4238773274917853,900,906,13,0,893,904,23660,7,0,0,7,2
2020-10-22,US,Alaska,Aleutians East,5,0,0,55.32222414,-161.9722021,2013.0,149.8351813005694,0.0,5,5,0,0,5,5,3515,0,0,0,0,0
2020-10-22,US,Alaska,Aleutians West,6,0,0,52.3233,-174.1596,2016.0,106.49627263045794,0.0,6,6,0,0,6,6,5723,0,0,0,0,0
2020-10-22,US,Alaska,Anchorage,6510,42,0,61.14998174,-149.14269860000005,2020.0,2260.4166666666665,0.6451612903225806,6468,6445,42,0,6403,6302,291538,65,0,0,65,143
2020-10-22,US,Alaska,Bethel,309,1,0,60.90980451,-159.8561831,2050.0,1680.626563689764,0.32362459546925565,308,270,1,0,269,269,18216,39,0,0,39,1
2020-10-22,US,Alaska,Bristol Bay plus Lake and Peninsula,37,0,0,58.62403337,-156.21405890000003,2164.0,920.3980099502487,0.0,37,37,0,0,37,34,,0,0,0,0,3
2020-10-22,US,Alaska,Denali,20,0,0,63.67264044,-150.0076108,2068.0,953.7434430138292,0.0,20,20,0,0,20,19,2059,0,0,0,0,1
2020-10-22,US,Alaska,Dillingham,24,0,0,59.79603738,-158.23819419999995,2070.0,488.2017900732303,0.0,24,24,0,0,24,23,5000,0,0,0,0,1
2020-10-22,US,Alaska,Fairbanks North Star,1837,13,0,64.80726247,-146.5692662,2090.0,1896.7671323400345,0.7076755579749592,1824,1832,13,0,1819,1821,98971,5,0,0,5,11
2020-10-22,US,Alaska,Haines,5,0,0,59.09893571,-135.4679843,2100.0,197.6284584980237,0.0,5,5,0,0,5,5,2474,0,0,0,0,0
2020-10-22,US,Alaska,Juneau,378,3,0,58.45031811,-134.200436,2110.0,1182.2105460686807,0.7936507936507936,375,375,3,0,372,372,32113,3,0,0,3,3
2020-10-22,US,Alaska,Kenai Peninsula,623,3,0,60.24429722,-151.53888840000005,2122.0,1061.1841657014377,0.4815409309791333,620,610,3,0,607,595,58533,13,0,0,13,15
2020-10-22,US,Alaska,Ketchikan Gateway,59,0,0,55.57445008,-130.975561,2130.0,424.4298971297029,0.0,59,59,0,0,59,58,13918,0,0,0,0,1
2020-10-22,US,Alaska,Kodiak Island,49,0,0,57.65529415,-153.7493579,2150.0,376.98107401138634,0.0,49,49,0,0,49,48,13345,0,0,0,0,1
2020-10-22,US,Alaska,Kusilvak,97,0,0,62.15429159999999,-163.39678830000003,2158.0,1166.7067596824636,0.0,97,29,0,0,29,29,8303,68,0,0,68,0
2020-10-22,US,Alaska,Matanuska-Susitna,922,2,0,62.31305045,-149.5741743,2170.0,851.2052586389948,0.2169197396963124,920,896,2,0,894,880,107610,26,0,0,26,16
2020-10-22,US,Alaska,Nome,120,0,0,64.90320724,-164.0353804,2180.0,1199.5201919232304,0.0,120,112,0,0,112,109,10008,8,0,0,8,3
2020-10-22,US,Alaska,North Slope,217,0,0,69.31479216,-153.4836093,2185.0,2207.078925956062,0.0,217,215,0,0,215,211,9872,2,0,0,2,4
2020-10-22,US,Alaska,Northwest Arctic,207,0,0,67.04919196,-159.7503946,2188.0,2716.1789791365964,0.0,207,207,0,0,207,206,7671,0,0,0,0,1
2020-10-22,US,Alaska,Petersburg,11,1,0,57.13978948,-132.9540995,2195.0,336.80342927127987,9.090909090909092,10,11,1,0,10,11,3221,0,0,0,0,0
2020-10-22,US,Alaska,Prince of Wales-Hyder,33,0,0,55.76261984,-133.0511621,2198.0,532.0006448492667,0.0,33,33,0,0,33,33,6422,0,0,0,0,0
2020-10-22,US,Alaska,Sitka,56,0,0,57.24124555,-135.3206587,2220.0,659.3665371482398,0.0,56,56,0,0,56,55,8647,0,0,0,0,1
2020-10-22,US,Alaska,Skagway,5,0,0,59.56149996,-135.33377480000001,2230.0,422.654268808115,0.0,5,4,0,0,4,3,1148,1,0,0,1,1
2020-10-22,US,Alaska,Southeast Fairbanks,51,0,0,63.87692095,-143.2127643,2240.0,739.8810387349484,0.0,51,50,0,0,50,48,6918,1,0,0,1,2
2020-10-22,US,Alaska,Unassigned,3,0,0,0.0,0.0,90002.0,0.0,0.0,3,3,0,0,3,3,,0,0,0,0,0
2020-10-22,US,Alaska,Valdez-Cordova,106,1,0,61.47502768,-144.7126799,2261.0,1151.9234948924147,0.9433962264150944,105,104,1,0,103,102,9164,2,0,0,2,2
2020-10-22,US,Alaska,Wrangell,13,0,0,56.3202004,-132.05837309999998,2275.0,519.5843325339728,0.0,13,13,0,0,13,13,2503,0,0,0,0,0
2020-10-22,US,Alaska,Yakutat,29,0,0,59.890980799999994,-140.36014509999998,2282.0,5008.635578583765,0.0,29,29,0,0,29,28,604,0,0,0,0,1
2020-10-22,US,Alaska,Yukon-Koyukuk,103,2,0,65.50815459,-151.39073869999999,2290.0,1969.4072657743784,1.9417475728155342,101,103,2,0,101,103,5327,0,0,0,0,0
2020-10-22,US,Arizona,Apache,3825,168,0,35.39465006,-109.4892383,4001.0,5320.850779695912,4.3921568627450975,3657,3810,168,0,3642,3798,71818,15,0,0,15,12
2020-10-22,US,Arizona,Cochise,2093,73,0,31.87934684,-109.7516088,4003.0,1662.1400549546545,3.4878165312947917,2020,2075,73,0,2002,2062,126770,18,0,0,18,13
2020-10-22,US,Arizona,Coconino,4888,147,0,35.83883429,-111.77071780000001,4005.0,3406.841562351892,3.007364975450082,4741,4814,147,0,4667,4789,142854,74,0,0,74,25
2020-10-22,US,Arizona,Gila,1812,67,0,33.80190085,-110.8132779,4007.0,3354.4374097523055,3.69757174392936,1745,1777,66,0,1711,1772,53889,35,1,0,34,5
2020-10-22,US,Arizona,Graham,1083,27,0,32.93166885,-109.8882178,4009.0,2788.577902515642,2.4930747922437675,1056,1063,27,0,1036,1053,38072,20,0,0,20,10
2020-10-22,US,Arizona,Greenlee,84,1,0,33.21498827,-109.2405279,4011.0,884.3967150979154,1.1904761904761905,83,82,1,0,81,82,9483,2,0,0,2,0
2020-10-22,US,Arizona,La Paz,610,16,0,33.72854224,-113.98100290000001,4012.0,2889.8995641462952,2.622950819672131,594,606,16,0,590,606,21098,4,0,0,4,0
2020-10-22,US,Arizona,Maricopa,152101,3536,0,33.34835867,-112.49181540000001,4013.0,3391.0136277275633,2.324771040295593,148565,151527,3532,0,147995,150881,4410824,574,4,0,570,646
2020-10-22,US,Arizona,Mohave,4234,230,0,35.70471703,-113.7577902,4015.0,1995.46613504508,5.43221539914974,4004,4223,230,0,3993,4211,209550,11,0,0,11,12
2020-10-22,US,Arizona,Navajo,6218,236,0,35.3997715,-110.3218983,4017.0,5605.639897587535,3.7954326149887434,5982,6197,236,0,5961,6149,110445,21,0,0,21,48
2020-10-22,US,Arizona,Pima,27208,635,0,32.0971334,-111.7890033,4019.0,2597.970550350002,2.33387239047339,26573,27128,635,0,26493,27019,1039073,80,0,0,80,109
2020-10-22,US,Arizona,Pinal,11583,217,0,32.90525627,-111.3449483,4021.0,2502.868477859241,1.8734352067685403,11366,11538,217,0,11321,11476,447138,45,0,0,45,62
2020-10-22,US,Arizona,Santa Cruz,2967,65,0,31.52508998,-110.8479088,4023.0,6380.9196094455665,2.190765082574992,2902,2961,65,0,2896,2957,46511,6,0,0,6,4
2020-10-22,US,Arizona,Unassigned,0,1,0,0.0,0.0,90004.0,0.0,0.0,-1,0,1,0,-1,0,,0,0,0,0,0
2020-10-22,US,Arizona,Yavapai,2841,87,0,34.59933926,-112.5538588,4025.0,1208.427088162859,3.0623020063357966,2754,2814,87,0,2727,2798,231993,27,0,0,27,16
2020-10-22,US,Arizona,Yuma,13359,353,0,32.76895712,-113.90666740000002,4027.0,6248.7429076604285,2.642413354292986,13006,13297,353,0,12944,13284,212128,62,0,0,62,13
2020-10-22,US,Arkansas,Arkansas,634,12,0,34.29145151,-91.37277296,5001.0,3625.757749056388,1.892744479495268,622,619,12,0,607,606,17769,15,0,0,15,13
2020-10-22,US,Arkansas,Ashley,515,11,0,33.19153461,-91.76984709999999,5003.0,2619.931830899934,2.1359223300970878,504,507,11,0,496,503,20046,8,0,0,8,4
2020-10-22,US,Arkansas,Baxter,599,7,0,36.28784385,-92.33782872,5005.0,1428.5032910426403,1.1686143572621035,592,588,7,0,581,566,41619,11,0,0,11,22
2020-10-22,US,Arkansas,Benton,7851,114,0,36.33644656,-94.25680817,5007.0,2812.557094801552,1.4520443255636224,7737,7757,112,0,7645,7698,272608,94,2,0,92,59
2020-10-22,US,Arkansas,Boone,979,29,0,36.3084504,-93.09374925,5009.0,2615.409275486215,2.96220633299285,950,972,29,0,943,959,37480,7,0,0,7,13
2020-10-22,US,Arkansas,Bradley,365,8,0,33.46755808,-92.15980837,5011.0,3391.2477933661617,2.191780821917808,357,365,8,0,357,360,10897,0,0,0,0,5
2020-10-22,US,Arkansas,Calhoun,47,0,0,33.55598792,-92.49974403,5013.0,905.762189246483,0.0,47,46,0,0,46,44,5277,1,0,0,1,2
2020-10-22,US,Arkansas,Carroll,970,12,0,36.34038560000001,-93.54270261,5015.0,3417.8999295278363,1.2371134020618555,958,955,12,0,943,944,28223,15,0,0,15,11
2020-10-22,US,Arkansas,Chicot,1041,22,0,33.26458973,-91.29539209,5017.0,10288.594583909864,2.1133525456292026,1019,1038,22,0,1016,1032,10438,3,0,0,3,6
2020-10-22,US,Arkansas,Clark,480,4,0,34.04613432,-93.17484713,5019.0,2150.537634408602,0.8333333333333334,476,475,4,0,471,471,22061,5,0,0,5,4
2020-10-22,US,Arkansas,Clay,452,12,0,36.36826212,-90.4148172,5021.0,3106.315717132843,2.6548672566371683,440,445,12,0,433,443,14847,7,0,0,7,2
2020-10-22,US,Arkansas,Cleburne,442,15,0,35.53864922,-92.02640019,5023.0,1773.7469400858786,3.3936651583710407,427,439,14,0,425,436,24965,3,1,0,2,3
2020-10-22,US,Arkansas,Cleveland,213,13,0,33.89723187,-92.18537045,5025.0,2677.224736048265,6.103286384976527,200,211,13,0,198,208,8018,2,0,0,2,3
2020-10-22,US,Arkansas,Columbia,667,19,0,33.21230701,-93.22642793,5027.0,2843.500873939549,2.8485757121439286,648,662,19,0,643,660,23537,5,0,0,5,2
2020-10-22,US,Arkansas,Conway,338,3,0,35.26205537,-92.70506566,5029.0,1621.4141801784515,0.8875739644970414,335,334,3,0,331,330,20891,4,0,0,4,4
2020-10-22,US,Arkansas,Craighead,4249,38,0,35.83018283,-90.63235729,5031.0,3851.1039408331208,0.894328077194634,4211,4168,38,0,4130,4114,108558,81,0,0,81,54
2020-10-22,US,Arkansas,Crawford,1936,25,0,35.58928601,-94.2446814,5033.0,3060.530850340673,1.2913223140495869,1911,1920,25,0,1895,1904,63406,16,0,0,16,16
2020-10-22,US,Arkansas,Crittenden,2261,51,0,35.21247318,-90.30839406,5035.0,4714.836826191221,2.255639097744361,2210,2245,51,0,2194,2217,48342,16,0,0,16,28
2020-10-22,US,Arkansas,Cross,557,22,0,35.29631396,-90.77185818,5037.0,3392.411230891041,3.949730700179533,535,554,22,0,532,551,16676,3,0,0,3,3
2020-10-22,US,Arkansas,Dallas,178,5,0,33.97042763,-92.65167437,5039.0,2539.591953203025,2.808988764044944,173,178,5,0,173,177,7182,0,0,0,0,1
2020-10-22,US,Arkansas,Desha,386,7,0,33.83011025,-91.25500948,5041.0,3397.588240471789,1.8134715025906736,379,384,7,0,377,379,11512,2,0,0,2,5
2020-10-22,US,Arkansas,Drew,417,7,0,33.59035001,-91.71777921,5043.0,2288.8193643998025,1.6786570743405276,410,412,7,0,405,406,18328,5,0,0,5,6
2020-10-22,US,Arkansas,Faulkner,3216,30,0,35.14719007,-92.33717519,5045.0,2552.239161316435,0.9328358208955224,3186,3191,29,0,3162,3158,124806,25,1,0,24,33
2020-10-22,US,Arkansas,Franklin,485,2,0,35.51202821,-93.89299569,5047.0,2737.7928309342365,0.4123711340206185,483,474,2,0,472,468,17810,11,0,0,11,6
2020-10-22,US,Arkansas,Fulton,299,9,0,36.38177105,-91.81729127,5049.0,2396.409393283641,3.0100334448160537,290,296,9,0,287,280,12269,3,0,0,3,16
2020-10-22,US,Arkansas,Garland,2340,62,0,34.57692074,-93.14921604,5051.0,2354.4563620630674,2.649572649572649,2278,2302,62,0,2240,2275,99154,38,0,0,38,27
2020-10-22,US,Arkansas,Grant,349,4,0,34.29017991,-92.42320562,5053.0,1910.7582808650425,1.146131805157593,345,343,4,0,339,337,18188,6,0,0,6,6
2020-10-22,US,Arkansas,Greene,1331,16,0,36.11735460000001,-90.55832668,5055.0,2936.569222283508,1.2021036814425243,1315,1311,16,0,1295,1276,45325,20,0,0,20,35
2020-10-22,US,Arkansas,Hempstead,526,5,0,33.73325583,-93.66935133,5057.0,2442.8757198588146,0.9505703422053232,521,517,5,0,512,513,21741,9,0,0,9,4
2020-10-22,US,Arkansas,Hot Spring,2160,32,0,34.31709259,-92.95396325,5059.0,6396.0202540641385,1.4814814814814814,2128,2123,32,0,2091,2112,33701,37,0,0,37,11
2020-10-22,US,Arkansas,Howard,556,14,0,34.09007427,-93.9934871,5061.0,4211.4831086199065,2.5179856115107917,542,546,14,0,532,544,13341,10,0,0,10,2
2020-10-22,US,Arkansas,Independence,1427,42,0,35.74242707,-91.57001641,5063.0,3772.6371447455385,2.9432375613174493,1385,1408,41,0,1367,1395,37678,19,1,0,18,13
2020-10-22,US,Arkansas,Izard,550,1,0,36.09604046,-91.90847954,5065.0,4035.5125100887813,0.18181818181818185,549,547,1,0,546,482,13593,3,0,0,3,65
2020-10-22,US,Arkansas,Jackson,658,6,0,35.59802983,-91.21494602,5067.0,3935.64208385669,0.9118541033434652,652,652,6,0,646,642,16811,6,0,0,6,10
2020-10-22,US,Arkansas,Jefferson,4064,101,0,34.26767081,-91.92619839,5069.0,6081.647312342871,2.4852362204724407,3963,4039,100,0,3939,3987,68114,25,1,0,24,52
2020-10-22,US,Arkansas,Johnson,976,7,0,35.56759135,-93.46036368,5071.0,3672.210098577771,0.7172131147540983,969,962,7,0,955,948,26742,14,0,0,14,14
2020-10-22,US,Arkansas,Lafayette,159,3,0,33.24116713,-93.60677071,5073.0,2400.3623188405795,1.8867924528301887,156,155,3,0,152,154,6682,4,0,0,4,1
2020-10-22,US,Arkansas,Lawrence,766,17,0,36.04188196,-91.10867198,5075.0,4669.023527977569,2.219321148825065,749,758,17,0,741,747,16434,8,0,0,8,11
2020-10-22,US,Arkansas,Lee,1102,18,0,34.78498904,-90.78383866,5077.0,12442.136163486508,1.6333938294010892,1084,1102,18,0,1084,1102,8985,0,0,0,0,0
2020-10-22,US,Arkansas,Lincoln,2290,17,0,33.95317155,-91.74002806,5079.0,17582.923832923832,0.74235807860262,2273,2224,17,0,2207,2222,13383,66,0,0,66,2
2020-10-22,US,Arkansas,Little River,432,38,0,33.70375665,-94.23468591,5081.0,3523.941593930989,8.796296296296298,394,426,38,0,388,420,12326,6,0,0,6,6
2020-10-22,US,Arkansas,Logan,567,3,0,35.21413234,-93.71951016,5083.0,2641.3863784589585,0.5291005291005291,564,562,2,0,560,556,21737,5,1,0,4,6
2020-10-22,US,Arkansas,Lonoke,1622,26,0,34.75392199,-91.88742357,5085.0,2212.5523469151126,1.6029593094944512,1596,1594,26,0,1568,1546,73657,28,0,0,28,48
2020-10-22,US,Arkansas,Madison,418,6,0,36.01038185,-93.72524943,5087.0,2521.718146718147,1.4354066985645932,412,417,5,0,412,416,16481,1,1,0,0,1
2020-10-22,US,Arkansas,Marion,141,2,0,36.26844485,-92.68451899,5089.0,844.6148316760512,1.4184397163120568,139,138,2,0,136,137,16722,3,0,0,3,1
2020-10-22,US,Arkansas,Miller,1271,15,0,33.31403423,-93.89285258,5091.0,2938.252768338073,1.1801730920535012,1256,1235,15,0,1220,1206,43592,36,0,0,36,29
2020-10-22,US,Arkansas,Mississippi,2144,66,0,35.76271485,-90.05194370000002,5093.0,5274.162997220241,3.0783582089552235,2078,2128,64,0,2064,2094,41239,16,2,0,14,34
2020-10-22,US,Arkansas,Monroe,206,1,0,34.6815935,-91.20540287,5095.0,3074.168034621698,0.4854368932038835,205,201,1,0,200,201,6900,5,0,0,5,0
2020-10-22,US,Arkansas,Montgomery,181,8,0,34.53704874,-93.65824478,5097.0,2014.244380146895,4.419889502762431,173,181,8,0,173,181,8924,0,0,0,0,0
2020-10-22,US,Arkansas,Nevada,286,14,0,33.66340119,-93.30632432,5099.0,3465.826466311197,4.895104895104895,272,283,14,0,269,274,8326,3,0,0,3,9
2020-10-22,US,Arkansas,Newton,292,20,0,35.91947491,-93.21612969,5101.0,3766.284019089385,6.849315068493151,272,290,19,0,271,289,7805,2,1,0,1,1
2020-10-22,US,Arkansas,Ouachita,351,9,0,33.58839816,-92.87795984,5103.0,1501.1547344110854,2.5641025641025643,342,346,8,0,338,342,23606,5,1,0,4,4
2020-10-22,US,Arkansas,Perry,132,0,0,34.945915299999996,-92.94372564,5105.0,1262.5538020086085,0.0,132,130,0,0,130,127,10352,2,0,0,2,3
2020-10-22,US,Arkansas,Phillips,710,16,0,34.43268455,-90.84800154,5107.0,3992.801709593971,2.2535211267605635,694,699,15,0,684,690,18029,11,1,0,10,9
2020-10-22,US,Arkansas,Pike,260,1,0,34.16250414,-93.65789349,5109.0,2425.8257137525657,0.38461538461538464,259,258,1,0,257,254,10673,2,0,0,2,4
2020-10-22,US,Arkansas,Poinsett,983,17,0,35.57433534,-90.66268713,5111.0,4178.000680040804,1.7293997965412005,966,965,17,0,948,937,23974,18,0,0,18,28
2020-10-22,US,Arkansas,Polk,342,5,0,34.48254879,-94.22728802,5113.0,1713.083550390703,1.4619883040935673,337,341,4,0,337,340,20049,1,1,0,0,1
2020-10-22,US,Arkansas,Pope,2645,37,0,35.44871474,-93.03212219,5115.0,4128.168310650518,1.3988657844990549,2608,2616,37,0,2579,2584,64000,29,0,0,29,32
2020-10-22,US,Arkansas,Prairie,200,4,0,34.83624419,-91.55162157,5117.0,2480.7740014884644,2.0,196,195,4,0,191,194,8074,5,0,0,5,1
2020-10-22,US,Arkansas,Pulaski,11485,200,0,34.77054088,-92.31355101,5119.0,2930.512284676878,1.74140182847192,11285,11355,199,0,11156,11260,392680,130,1,0,129,95
2020-10-22,US,Arkansas,Randolph,621,24,0,36.3415714,-91.02455531,5121.0,3458.0688272636157,3.864734299516908,597,607,24,0,583,594,17948,14,0,0,14,13
2020-10-22,US,Arkansas,Saline,2693,29,0,34.64916145,-92.67583224,5125.0,2199.4985176049718,1.076865948756034,2664,2669,28,0,2641,2629,121421,24,1,0,23,40
2020-10-22,US,Arkansas,Scott,185,1,0,34.85588887,-94.0632176,5127.0,1799.4358525435266,0.5405405405405406,184,158,1,0,157,150,10319,27,0,0,27,8
2020-10-22,US,Arkansas,Searcy,183,1,0,35.9109364,-92.69936482,5129.0,2322.040350209364,0.5464480874316939,182,179,1,0,178,178,7958,4,0,0,4,1
2020-10-22,US,Arkansas,Sebastian,4666,90,0,35.19605503,-94.27162713,5131.0,3650.246035657568,1.9288469781397344,4576,4632,90,0,4542,4598,127753,34,0,0,34,34
2020-10-22,US,Arkansas,Sevier,1301,16,0,33.99780401,-94.2424869,5133.0,7649.791262421356,1.2298232129131437,1285,1291,16,0,1275,1280,17139,10,0,0,10,11
2020-10-22,US,Arkansas,Sharp,324,10,0,36.16258158,-91.47819342,5135.0,1857.5851393188848,3.08641975308642,314,317,10,0,307,310,17366,7,0,0,7,7
2020-10-22,US,Arkansas,St. Francis,1678,10,0,35.02201976,-90.74828138,5123.0,6713.611266704009,0.5959475566150179,1668,1668,10,0,1658,1663,25439,10,0,0,10,5
2020-10-22,US,Arkansas,Stone,392,21,0,35.86251946,-92.15684085,5137.0,3134.49544218775,5.357142857142857,371,390,21,0,369,389,12457,2,0,0,2,1
2020-10-22,US,Arkansas,Unassigned,2060,0,0,0.0,0.0,90005.0,0.0,0.0,2060,1999,0,0,1999,1961,,61,0,0,61,38
2020-10-22,US,Arkansas,Union,1100,49,0,33.16887091,-92.59746952,5139.0,2843.6999121038207,4.454545454545454,1051,1089,47,0,1042,1081,39126,11,2,0,9,8
2020-10-22,US,Arkansas,Van Buren,204,3,0,35.58095779,-92.51295036,5141.0,1233.0009066183134,1.4705882352941178,201,201,3,0,198,200,16603,3,0,0,3,1
2020-10-22,US,Arkansas,Washington,11099,146,0,35.976844,-94.21800746,5143.0,4640.302357569601,1.315433822866925,10953,11042,143,0,10899,10985,236961,57,3,0,54,57
2020-10-22,US,Arkansas,White,1362,32,0,35.25688493,-91.74908296,5145.0,1729.457925412365,2.3494860499265786,1330,1347,32,0,1315,1308,78727,15,0,0,15,39
2020-10-22,US,Arkansas,Woodruff,101,0,0,35.18902527,-91.2439489,5147.0,1598.1012658227844,0.0,101,96,0,0,96,92,6490,5,0,0,5,4
2020-10-22,US,Arkansas,Yell,1330,30,0,35.00292371,-93.41171338,5149.0,6232.135326367087,2.255639097744361,1300,1327,30,0,1297,1325,21535,3,0,0,3,2
2020-10-22,US,California,Alameda,23001,456,0,37.64629437,-121.8929271,6001.0,1376.2101896155689,1.9825224990217816,22545,22932,435,0,22497,22807,1666753,69,21,0,48,125
2020-10-22,US,California,Alpine,3,0,0,38.59678594,-119.82235940000001,6003.0,265.72187776793623,0.0,3,3,0,0,3,3,1101,0,0,0,0,0
2020-10-22,US,California,Amador,313,16,0,38.44583082,-120.65696000000001,6005.0,787.3817669551217,5.1118210862619815,297,313,16,0,297,313,39383,0,0,0,0,0
2020-10-22,US,California,Butte,3041,51,0,39.66727762,-121.6005252,6007.0,1387.4061299535556,1.6770799079250247,2990,3026,51,0,2975,3026,231256,15,0,0,15,0
2020-10-22,US,California,Calaveras,339,17,0,38.20537103,-120.55291299999999,6009.0,738.4816468794249,5.014749262536873,322,339,17,0,322,333,45602,0,0,0,0,6
2020-10-22,US,California,Colusa,549,6,0,39.17881957,-122.2331726,6011.0,2547.918503736019,1.0928961748633879,543,548,6,0,542,547,21627,1,0,0,1,1
2020-10-22,US,California,Contra Costa,18342,240,0,37.91923498,-121.9289527,6013.0,1590.0811945287753,1.3084723585214262,18102,18273,238,0,18035,18214,1150215,69,2,0,67,59
2020-10-22,US,California,Del Norte,175,1,0,41.74228275,-123.89740630000001,6015.0,629.2247950524953,0.5714285714285714,174,175,1,0,174,175,27828,0,0,0,0,0
2020-10-22,US,California,El Dorado,1306,4,0,38.77965956,-120.5233166,6017.0,677.2348490741173,0.30627871362940273,1302,1302,4,0,1298,1290,190678,4,0,0,4,12
2020-10-22,US,California,Fresno,30328,430,0,36.75733899,-119.6466953,6019.0,3035.528940517525,1.4178317066737007,29898,30220,430,0,29790,30152,994400,108,0,0,108,68
2020-10-22,US,California,Glenn,649,3,0,39.59875897,-122.3938452,6021.0,2285.774662768993,0.4622496147919877,646,647,3,0,644,642,28047,2,0,0,2,5
2020-10-22,US,California,Humboldt,561,9,0,40.69923009,-123.876044,6023.0,413.8449962377728,1.60427807486631,552,560,9,0,551,558,136373,1,0,0,1,2
2020-10-22,US,California,Imperial,12668,336,0,33.0393082,-115.36690420000001,6025.0,6990.591286593271,2.6523523839595837,12332,12610,336,0,12274,12534,181827,58,0,0,58,76
2020-10-22,US,California,Inyo,220,15,0,36.51112084,-117.41119779999998,6027.0,1219.5797993236874,6.8181818181818175,205,218,15,0,203,218,17987,2,0,0,2,0
2020-10-22,US,California,Kern,33630,415,0,35.34329425,-118.72777959999999,6029.0,3735.8281807860894,1.2340172465060957,33215,33551,413,0,33138,33497,896764,79,2,0,77,54
2020-10-22,US,California,Kings,8186,83,0,36.07409056,-119.8159973,6031.0,5352.4257878906765,1.0139262154898607,8103,8173,83,0,8090,8173,151366,13,0,0,13,0
2020-10-22,US,California,Lake,678,15,0,39.10124298,-122.75362439999999,6033.0,1053.0239493057497,2.2123893805309733,663,678,15,0,663,673,64382,0,0,0,0,5
2020-10-22,US,California,Lassen,764,1,0,40.67311306,-120.59350990000002,6035.0,2498.936970529552,0.13089005235602094,763,761,1,0,760,757,30802,3,0,0,3,4
2020-10-22,US,California,Los Angeles,294065,6956,0,34.30828379,-118.22824109999999,6037.0,2929.1947979038373,2.3654634179518133,287109,290486,6944,0,283542,290009,10105518,3579,12,0,3567,477
2020-10-22,US,California,Madera,4945,74,0,37.21513971,-119.76655890000002,6039.0,3143.1349990783533,1.4964610717896865,4871,4928,73,0,4855,4920,157672,17,1,0,16,8
2020-10-22,US,California,Marin,7038,128,0,38.07122463,-122.72106310000001,6041.0,2719.2013167147047,1.8186984938903097,6910,7036,127,0,6909,7030,259666,2,1,0,1,6
2020-10-22,US,California,Mariposa,78,2,0,37.57978556,-119.9073334,6043.0,453.4092890774865,2.5641025641025643,76,78,2,0,76,78,17471,0,0,0,0,0
2020-10-22,US,California,Mendocino,1118,21,0,39.4381191,-123.39113130000001,6045.0,1288.775663120036,1.8783542039355996,1097,1111,21,0,1090,1104,87606,7,0,0,7,7
2020-10-22,US,California,Merced,9415,154,0,37.18922369,-120.72090349999999,6047.0,3390.593488908096,1.6356877323420074,9261,9386,153,0,9233,9375,274765,29,1,0,28,11
2020-10-22,US,California,Modoc,28,0,0,41.58965602,-120.7244817,6049.0,316.7062549485352,0.0,28,27,0,0,27,27,8777,1,0,0,1,0
2020-10-22,US,California,Mono,176,2,0,37.93899289,-118.8872409,6051.0,1218.499030739407,1.1363636363636365,174,175,2,0,173,175,14250,1,0,0,1,0
2020-10-22,US,California,Monterey,11225,86,0,36.21862405,-121.24133970000001,6053.0,2586.042053997019,0.7661469933184856,11139,11158,84,0,11074,11117,435594,67,2,0,65,41
2020-10-22,US,California,Napa,1918,15,0,38.50735751,-122.33283899999999,6055.0,1392.4381461261469,0.7820646506777894,1903,1908,14,0,1894,1892,139417,10,1,0,9,16
2020-10-22,US,California,Nevada,601,8,0,39.30394768,-120.76272809999999,6057.0,602.4760663625883,1.3311148086522462,593,598,8,0,590,590,99696,3,0,0,3,8
2020-10-22,US,California,Orange,57848,1434,0,33.70147516,-117.76459979999998,6059.0,1821.5872320111648,2.4789102475452918,56414,57635,1423,0,56212,57373,3185968,213,11,0,202,262
2020-10-22,US,California,Placer,4052,57,0,39.06167234,-120.72405690000001,6061.0,1017.2495600370547,1.4067127344521224,3995,4023,55,0,3968,4012,393149,29,2,0,27,11
2020-10-22,US,California,Plumas,63,0,0,40.00355989,-120.8395236,6063.0,334.98165576646994,0.0,63,61,0,0,61,54,18804,2,0,0,2,7
2020-10-22,US,California,Riverside,65386,1279,0,33.74314981,-115.9933578,6065.0,2646.621435099772,1.9560762242681917,64107,65056,1275,0,63781,64668,2450758,330,4,0,326,388
2020-10-22,US,California,Sacramento,24957,480,0,38.45106826,-121.34253740000001,6067.0,1607.9940311508976,1.9233080899146533,24477,24811,474,0,24337,24582,1540975,146,6,0,140,229
2020-10-22,US,California,San Benito,1419,15,0,36.60308176,-121.069975,6069.0,2259.2663354986626,1.0570824524312896,1404,1411,14,0,1397,1407,61537,8,1,0,7,4
2020-10-22,US,California,San Bernardino,61550,1070,0,34.84060306,-116.1774685,6071.0,2823.2844132224213,1.7384240454914703,60480,60945,1065,0,59880,60621,2171603,605,5,0,600,324
2020-10-22,US,California,San Diego,53498,866,0,33.03484597,-116.73653259999999,6073.0,1602.5377958440295,1.6187521028823508,52632,53263,863,0,52400,53000,3343364,235,3,0,232,263
2020-10-22,US,California,San Francisco,12000,138,0,37.75215114,-122.43856720000001,6075.0,1361.240271385935,1.15,11862,11969,137,0,11832,11937,883305,31,1,0,30,32
2020-10-22,US,California,San Joaquin,21473,488,0,37.93433732,-121.2730061,6077.0,2817.4317849026697,2.2726214315652213,20985,21436,484,0,20952,21196,752660,37,4,0,33,240
2020-10-22,US,California,San Luis Obispo,4092,32,0,35.38822029,-120.4039028,6079.0,1445.3694840539574,0.7820136852394917,4060,4080,32,0,4048,4049,284010,12,0,0,12,31
2020-10-22,US,California,San Mateo,10961,157,0,37.422880799999994,-122.32755459999998,6081.0,1429.87034502911,1.4323510628592282,10804,10918,157,0,10761,10889,769545,43,0,0,43,29
2020-10-22,US,California,Santa Barbara,9688,119,0,34.65329488,-120.0188492,6083.0,2169.7696971325804,1.2283236994219653,9569,9671,119,0,9552,9641,446527,17,0,0,17,30
2020-10-22,US,California,Santa Clara,23679,385,0,37.23104908,-121.6970462,6085.0,1228.2581857943453,1.6259132564719794,23294,23591,382,0,23209,23458,1937570,88,3,0,85,133
2020-10-22,US,California,Santa Cruz,2744,25,0,37.05580291,-122.0066524,6087.0,1004.3445956085544,0.9110787172011662,2719,2725,24,0,2701,2722,274255,19,1,0,18,3
2020-10-22,US,California,Shasta,1839,30,0,40.76391419,-122.0396884,6089.0,1021.2127943136383,1.6313213703099512,1809,1786,29,0,1757,1786,180040,53,1,0,52,0
2020-10-22,US,California,Sierra,6,0,0,39.57713498,-120.52007009999998,6091.0,199.6672212978369,0.0,6,6,0,0,6,6,2987,0,0,0,0,0
2020-10-22,US,California,Siskiyou,187,0,0,41.59198861,-122.54074340000001,6093.0,429.4999885160431,0.0,187,186,0,0,186,185,43724,1,0,0,1,1
2020-10-22,US,California,Solano,7249,74,0,38.26827353,-121.9357113,6095.0,1619.3707932437233,1.0208304593737068,7175,7205,74,0,7131,7171,446610,44,0,0,44,34
2020-10-22,US,California,Sonoma,9099,134,0,38.52746429,-122.88625060000001,6097.0,1840.650893319524,1.4726893065171998,8965,9016,134,0,8882,9016,499942,83,0,0,83,0
2020-10-22,US,California,Stanislaus,17455,395,0,37.55862499,-120.9970722,6099.0,3169.832564558893,2.2629619020338008,17060,17403,394,0,17009,17354,549815,52,1,0,51,49
2020-10-22,US,California,Sutter,1830,12,0,39.03417539,-121.6945899,6101.0,1887.1621412587272,0.6557377049180327,1818,1821,12,0,1809,1819,96807,9,0,0,9,2
2020-10-22,US,California,Tehama,824,8,0,40.12570935,-122.23701709999999,6103.0,1266.056173560322,0.9708737864077671,816,793,8,0,785,793,63916,31,0,0,31,0
2020-10-22,US,California,Trinity,25,0,0,40.64917670000001,-123.114713,6105.0,203.50020350020355,0.0,25,25,0,0,25,23,12535,0,0,0,0,2
2020-10-22,US,California,Tulare,17365,282,0,36.22026558,-118.8020203,6107.0,3724.836173704137,1.6239562338036282,17083,17317,279,0,17038,17206,465861,48,3,0,45,111
2020-10-22,US,California,Tuolumne,258,4,0,38.02644018,-119.95250929999999,6109.0,473.5856676089431,1.5503875968992251,254,257,4,0,253,255,54539,1,0,0,1,2
2020-10-22,US,California,Ventura,14050,160,0,34.44465746,-119.09106129999999,6111.0,1660.7447228506653,1.1387900355871887,13890,13930,160,0,13770,13930,850967,120,0,0,120,0
2020-10-22,US,California,Yolo,3119,58,0,38.68278902,-121.90182879999999,6113.0,1414.512471655329,1.8595703751202308,3061,3099,58,0,3041,3086,220408,20,0,0,20,13
2020-10-22,US,California,Yuba,1288,10,0,39.26255932,-121.35356440000001,6115.0,1637.2603854171964,0.7763975155279503,1278,1280,10,0,1270,1278,78041,8,0,0,8,2
2020-10-22,US,Colorado,Adams,12677,249,0,39.87432092,-104.3362578,8001.0,2450.035850883517,1.964187110515106,12428,12408,249,0,12159,12200,511868,269,0,0,269,208
2020-10-22,US,Colorado,Alamosa,292,9,0,37.57250606,-105.7885451,8003.0,1798.8049035914496,3.0821917808219177,283,292,9,0,283,288,16683,0,0,0,0,4
2020-10-22,US,Colorado,Arapahoe,11661,377,0,39.64977461,-104.3353617,8005.0,1775.994151601456,3.2329988851727984,11284,11529,377,0,11152,11378,651215,132,0,0,132,151
2020-10-22,US,Colorado,Archuleta,61,0,0,37.19474156,-107.04768670000001,8007.0,434.81360039917314,0.0,61,61,0,0,61,61,13765,0,0,0,0,0
2020-10-22,US,Colorado,Baca,27,0,0,37.31940883,-102.5603223,8009.0,753.9793353811784,0.0,27,25,0,0,25,25,3585,2,0,0,2,0
2020-10-22,US,Colorado,Bent,13,0,0,37.95474293,-103.0720195,8011.0,233.10023310023308,0.0,13,12,0,0,12,12,5882,1,0,0,1,0
2020-10-22,US,Colorado,Boulder,5198,84,0,40.09313619,-105.3546767,8013.0,1593.520460091479,1.6160061562139283,5114,5141,84,0,5057,5094,326078,57,0,0,57,47
2020-10-22,US,Colorado,Broomfield,862,41,0,39.95998787,-105.0566324,8014.0,1223.3023486837435,4.7563805104408345,821,846,41,0,805,824,69267,16,0,0,16,22
2020-10-22,US,Colorado,Chaffee,375,20,0,38.74745778,-106.19265729999998,8015.0,1842.208685399882,5.333333333333333,355,374,20,0,354,373,20027,1,0,0,1,1
2020-10-22,US,Colorado,Cheyenne,14,0,0,38.82777431,-102.6032558,8017.0,764.6095030038231,0.0,14,14,0,0,14,14,1876,0,0,0,0,0
2020-10-22,US,Colorado,Clear Creek,64,1,0,39.68864463,-105.6463118,8019.0,659.7938144329897,1.5625,63,63,1,0,62,63,9605,1,0,0,1,0
2020-10-22,US,Colorado,Conejos,62,0,0,37.201606,-106.19174879999998,8021.0,755.6368068251066,0.0,62,61,0,0,61,56,8200,1,0,0,1,5
2020-10-22,US,Colorado,Costilla,35,1,0,37.27732493,-105.4276548,8023.0,900.4373552868536,2.8571428571428568,34,35,1,0,34,35,3828,0,0,0,0,0
2020-10-22,US,Colorado,Crowley,83,1,0,38.32608609,-103.7844965,8025.0,1369.4109882857615,1.2048192771084338,82,83,1,0,82,81,5858,0,0,0,0,2
2020-10-22,US,Colorado,Custer,19,0,0,38.10883162,-105.3683478,8027.0,374.9013417521705,0.0,19,19,0,0,19,19,4954,0,0,0,0,0
2020-10-22,US,Colorado,Delta,198,4,0,38.86246243,-107.86313419999999,8029.0,635.3892561453051,2.0202020202020203,194,196,4,0,192,195,30953,2,0,0,2,1
2020-10-22,US,Colorado,Denver,16592,444,0,39.76018276,-104.87256950000001,8031.0,2281.5936502610652,2.6759884281581483,16148,16386,444,0,15942,16240,716492,206,0,0,206,146
2020-10-22,US,Colorado,Dolores,3,0,0,37.75208676,-108.5211585,8033.0,145.98540145985402,0.0,3,3,0,0,3,3,2074,0,0,0,0,0
2020-10-22,US,Colorado,Douglas,3472,64,0,39.33133796,-104.930001,8035.0,988.7399830273897,1.8433179723502304,3408,3434,64,0,3370,3397,342776,38,0,0,38,37
2020-10-22,US,Colorado,Eagle,1379,10,0,39.62754308,-106.6933637,8037.0,2501.4965443430624,0.7251631617113851,1369,1366,10,0,1356,1353,54993,13,0,0,13,13
2020-10-22,US,Colorado,El Paso,9172,194,0,38.83240149,-104.5251411,8041.0,1273.176263841211,2.115133013519407,8978,9003,192,0,8811,8764,713856,169,2,0,167,239
2020-10-22,US,Colorado,Elbert,191,3,0,39.28656773,-104.13587209999999,8039.0,714.5796700213251,1.5706806282722514,188,190,3,0,187,184,26282,1,0,0,1,6
2020-10-22,US,Colorado,Fremont,602,1,0,38.47362326,-105.43996670000001,8043.0,1258.3875081000854,0.16611295681063126,601,549,1,0,548,536,48021,53,0,0,53,13
2020-10-22,US,Colorado,Garfield,1107,5,0,39.59921777,-107.902708,8045.0,1843.1261550756726,0.4516711833785004,1102,1087,5,0,1082,1080,59770,20,0,0,20,7
2020-10-22,US,Colorado,Gilpin,27,0,0,39.85646523,-105.5252597,8047.0,432.4843825084093,0.0,27,26,0,0,26,25,6121,1,0,0,1,1
2020-10-22,US,Colorado,Grand,142,1,0,40.10603347,-106.11780420000001,8049.0,902.5041311808824,0.7042253521126759,141,141,1,0,140,140,15525,1,0,0,1,1
2020-10-22,US,Colorado,Gunnison,305,7,0,38.66611652,-107.0320729,8051.0,1746.6498682854199,2.295081967213114,298,304,7,0,297,301,17246,1,0,0,1,3
2020-10-22,US,Colorado,Hinsdale,3,0,0,37.82247444,-107.3004345,8053.0,365.8536585365854,0.0,3,3,0,0,3,3,811,0,0,0,0,0
2020-10-22,US,Colorado,Huerfano,29,2,0,37.68473101,-104.9612585,8055.0,420.47266927649696,6.896551724137932,27,29,2,0,27,29,6889,0,0,0,0,0
2020-10-22,US,Colorado,Jackson,9,0,0,40.66593870000001,-106.3408905,8057.0,646.5517241379309,0.0,9,9,0,0,9,9,1399,0,0,0,0,0
2020-10-22,US,Colorado,Jefferson,7599,301,0,39.58635604,-105.2517692,8059.0,1303.696637907223,3.9610475062508224,7298,7492,301,0,7191,7404,580233,107,0,0,107,88
2020-10-22,US,Colorado,Kiowa,3,0,0,38.43260896,-102.7392145,8061.0,213.3712660028449,0.0,3,3,0,0,3,3,1383,0,0,0,0,0
2020-10-22,US,Colorado,Kit Carson,114,3,0,39.30497777,-102.60221990000001,8063.0,1606.312526419614,2.631578947368421,111,109,3,0,106,107,7163,5,0,0,5,2
2020-10-22,US,Colorado,La Plata,331,2,0,37.28632032,-107.8429014,8067.0,588.7479767346721,0.6042296072507553,329,331,2,0,329,330,56310,0,0,0,0,1
2020-10-22,US,Colorado,Lake,122,0,0,39.20278823,-106.35556969999999,8065.0,1501.1689430294082,0.0,122,122,0,0,122,121,7824,0,0,0,0,1
2020-10-22,US,Colorado,Larimer,3718,55,0,40.66671597,-105.4625784,8069.0,1041.7513077929614,1.4792899408284024,3663,3640,55,0,3585,3600,350518,78,0,0,78,40
2020-10-22,US,Colorado,Las Animas,65,1,0,37.3153406,-104.03764579999999,8071.0,448.0904453329657,1.5384615384615383,64,65,1,0,64,57,14503,0,0,0,0,8
2020-10-22,US,Colorado,Lincoln,24,0,0,38.98749519,-103.51366490000001,8073.0,420.97877565339417,0.0,24,24,0,0,24,24,5610,0,0,0,0,0
2020-10-22,US,Colorado,Logan,1129,10,0,40.7249637,-103.110817,8075.0,5038.154312999242,0.8857395925597874,1119,1118,10,0,1108,1104,21528,11,0,0,11,14
2020-10-22,US,Colorado,Mesa,1117,8,0,39.01787888,-108.469799,8077.0,724.3369431294988,0.7162041181736795,1109,1091,8,0,1083,1081,153207,26,0,0,26,10
2020-10-22,US,Colorado,Mineral,21,0,0,37.66954283,-106.92816979999999,8079.0,2730.8192457737327,0.0,21,21,0,0,21,21,776,0,0,0,0,0
2020-10-22,US,Colorado,Moffat,56,1,0,40.61810999,-108.2070876,8081.0,421.5915079424829,1.7857142857142858,55,56,1,0,55,55,13188,0,0,0,0,1
2020-10-22,US,Colorado,Montezuma,187,5,0,37.33859579,-108.59588570000001,8083.0,714.2038727418553,2.6737967914438503,182,185,5,0,180,182,26158,2,0,0,2,3
2020-10-22,US,Colorado,Montrose,431,13,0,38.40214114,-108.26390220000002,8085.0,1007.9985032040787,3.016241299303944,418,428,13,0,415,422,42214,3,0,0,3,6
2020-10-22,US,Colorado,Morgan,829,48,0,40.26279810000001,-103.8093302,8087.0,2851.9333975505715,5.7901085645355845,781,827,48,0,779,822,28558,2,0,0,2,5
2020-10-22,US,Colorado,Otero,122,6,0,37.9014485,-103.7173385,8089.0,667.4690885217201,4.918032786885246,116,119,6,0,113,119,18432,3,0,0,3,0
2020-10-22,US,Colorado,Ouray,34,2,0,38.14717457,-107.7675136,8091.0,686.5912762520194,5.882352941176472,32,34,2,0,32,33,4833,0,0,0,0,1
2020-10-22,US,Colorado,Park,88,1,0,39.120926000000004,-105.7182065,8093.0,466.96736534889885,1.1363636363636365,87,85,1,0,84,82,18556,3,0,0,3,3
2020-10-22,US,Colorado,Phillips,42,0,0,40.59414277,-102.3577703,8095.0,984.759671746776,0.0,42,40,0,0,40,39,4286,2,0,0,2,1
2020-10-22,US,Colorado,Pitkin,271,2,0,39.21720112,-106.9310027,8097.0,1525.2997129509765,0.7380073800738007,269,261,2,0,259,259,17950,10,0,0,10,2
2020-10-22,US,Colorado,Prowers,138,0,0,37.95544985,-102.3926052,8099.0,1133.7495892211634,0.0,138,137,0,0,137,122,12164,1,0,0,1,15
2020-10-22,US,Colorado,Pueblo,1725,40,0,38.17359144,-104.5127437,8101.0,1024.2008264855363,2.318840579710145,1685,1697,40,0,1657,1631,167529,28,0,0,28,66
2020-10-22,US,Colorado,Rio Blanco,27,0,0,39.97913541,-108.2179009,8103.0,426.9449715370019,0.0,27,26,0,0,26,26,6336,1,0,0,1,0
2020-10-22,US,Colorado,Rio Grande,115,3,0,37.5836865,-106.3847838,8105.0,1020.679861542558,2.608695652173913,112,115,2,0,113,115,11250,0,1,0,-1,0
2020-10-22,US,Colorado,Routt,197,8,0,40.48596505,-106.9905548,8107.0,768.3906700990718,4.060913705583757,189,196,8,0,188,193,25733,1,0,0,1,3
2020-10-22,US,Colorado,Saguache,128,2,0,38.08054629,-106.28246599999999,8109.0,1875.7327080890973,1.5625,126,124,2,0,122,123,6843,4,0,0,4,1
2020-10-22,US,Colorado,San Juan,7,0,0,37.76248981,-107.67632890000002,8111.0,961.5384615384617,0.0,7,7,0,0,7,7,762,0,0,0,0,0
2020-10-22,US,Colorado,San Miguel,100,0,0,38.00450883,-108.4020725,8113.0,1222.643354933366,0.0,100,100,0,0,100,100,8191,0,0,0,0,0
2020-10-22,US,Colorado,Sedgwick,38,1,0,40.87595412,-102.3519227,8115.0,1690.3914590747333,2.631578947368421,37,34,1,0,33,33,2303,4,0,0,4,1
2020-10-22,US,Colorado,Summit,620,4,0,39.63803232,-106.1150762,8117.0,1999.2905743123406,0.6451612903225806,616,604,4,0,600,592,31007,16,0,0,16,12
2020-10-22,US,Colorado,Teller,201,4,0,38.88133511,-105.16148929999999,8119.0,791.7126201354971,1.9900497512437807,197,200,4,0,196,196,25083,1,0,0,1,4
2020-10-22,US,Colorado,Washington,83,0,0,39.97015535,-103.202587,8121.0,1691.1165444172782,0.0,83,82,0,0,82,78,4909,1,0,0,1,4
2020-10-22,US,Colorado,Weld,5639,159,0,40.55499405,-104.39296209999999,8123.0,1737.793227568014,2.8196488739138146,5480,5563,158,0,5405,5507,314305,76,1,0,75,56
2020-10-22,US,Colorado,Yuma,204,1,0,40.00346839,-102.4258673,8125.0,2036.1313504341751,0.4901960784313725,203,201,1,0,200,189,10020,3,0,0,3,12
2020-10-22,US,Connecticut,Fairfield,22088,1429,0,41.26809896,-73.3881171,9001.0,2341.487408462768,6.469576240492575,20659,21898,1429,0,20469,21754,943823,190,0,0,190,144
2020-10-22,US,Connecticut,Hartford,16911,1459,0,41.80283011,-72.73103891,9003.0,1896.4473153007666,8.627520548755248,15452,16795,1459,0,15336,16717,892697,116,0,0,116,78
2020-10-22,US,Connecticut,Litchfield,2086,143,0,41.7937534,-73.2451475,9005.0,1156.7489034175665,6.85522531160115,1943,2064,143,0,1921,2051,181111,22,0,0,22,13
2020-10-22,US,Connecticut,Middlesex,1853,196,0,41.45949668,-72.53714864,9007.0,1140.7569750547907,10.577441985968699,1657,1838,196,0,1642,1830,162682,15,0,0,15,8
2020-10-22,US,Connecticut,New Haven,15952,1122,0,41.408032500000004,-72.93620426,9009.0,1866.2614052882864,7.033600802407221,14830,15876,1121,0,14755,15792,857620,76,1,0,75,84
2020-10-22,US,Connecticut,New London,3386,135,0,41.48896435,-72.10430976,9011.0,1276.743361764063,3.987005316007088,3251,3329,134,0,3195,3281,266784,57,1,0,56,48
2020-10-22,US,Connecticut,Tolland,1655,68,0,41.85853803,-72.3308481,9013.0,1098.0553472973243,4.108761329305136,1587,1638,68,0,1570,1617,150921,17,0,0,17,21
2020-10-22,US,Connecticut,Unassigned,137,0,0,0.0,0.0,90009.0,0.0,0.0,137,153,0,0,153,141,,-16,0,0,-16,12
2020-10-22,US,Connecticut,Windham,1305,17,0,41.82972709,-71.98182316,9015.0,1117.4667328869175,1.3026819923371646,1288,1280,17,0,1263,1272,117027,25,0,0,25,8
2020-10-22,US,Delaware,Kent,3376,119,0,39.08646628,-75.56884914,10001.0,1867.4012368214355,3.5248815165876777,3257,3364,119,0,3245,3364,178550,12,0,0,12,0
2020-10-22,US,Delaware,New Castle,12401,335,0,39.57992638,-75.64054974,10003.0,2219.406428242891,2.701395048786388,12066,12311,335,0,11976,12277,559335,90,0,0,90,34
2020-10-22,US,Delaware,Sussex,7660,216,0,38.66143781,-75.39031349,10005.0,3270.3596968726647,2.8198433420365534,7444,7609,216,0,7393,7593,229286,51,0,0,51,16
2020-10-22,US,Delaware,Unassigned,91,0,0,0.0,0.0,90010.0,0.0,0.0,91,91,0,0,91,91,,0,0,0,0,0
2020-10-22,US,District of Columbia,District of Columbia,16537,642,0,38.90417773,-77.01655992,11001.0,2343.184333240288,3.8822035435689664,15895,16498,642,0,15856,16445,702455,39,0,0,39,53
2020-10-22,US,Florida,Alachua,9807,74,0,29.67866525,-82.35928158,12001.0,3645.142226335567,0.7545630671969001,9733,9616,74,0,9542,9575,269956,191,0,0,191,41
2020-10-22,US,Florida,Baker,1723,18,0,30.33060121,-82.28467476,12003.0,5898.664840807943,1.044689495066744,1705,1709,17,0,1692,1697,28355,14,1,0,13,12
2020-10-22,US,Florida,Bay,6579,132,0,30.26548745,-85.62122584,12005.0,3765.776594831287,2.0063839489284088,6447,6512,132,0,6380,6479,185287,67,0,0,67,33
2020-10-22,US,Florida,Bradford,1214,15,0,29.95079741,-82.16611613,12007.0,4304.811886103329,1.2355848434925865,1199,1207,12,0,1195,1206,27732,7,3,0,4,1
2020-10-22,US,Florida,Brevard,10747,352,0,28.29409504,-80.73091022,12009.0,1785.387960966339,3.2753326509723646,10395,10596,352,0,10244,10521,596849,151,0,0,151,75
2020-10-22,US,Florida,Broward,82250,1519,0,26.15184651,-80.48725556,12011.0,4211.94831158483,1.8468085106382977,80731,81704,1519,0,80185,81537,1951260,546,0,0,546,167
2020-10-22,US,Florida,Calhoun,697,14,0,30.40666734,-85.19394153,12013.0,4941.5101028004265,2.008608321377332,683,681,14,0,667,679,14587,16,0,0,16,2
2020-10-22,US,Florida,Charlotte,3440,156,0,26.90131002,-81.92949121,12015.0,1820.9729500820492,4.5348837209302335,3284,3404,156,0,3248,3388,184998,36,0,0,36,16
2020-10-22,US,Florida,Citrus,3091,130,0,28.84804315,-82.47614748,12017.0,2065.389524044983,4.205758654157232,2961,3070,131,0,2939,3059,147929,21,-1,0,22,11
2020-10-22,US,Florida,Clay,5868,117,0,29.98319144,-81.85609986,12019.0,2676.3723934103227,1.9938650306748469,5751,5813,117,0,5696,5792,216072,55,0,0,55,21
2020-10-22,US,Florida,Collier,13864,249,0,26.11091986,-81.34687065,12021.0,3601.955822521057,1.7960184650894402,13615,13762,249,0,13513,13716,378488,102,0,0,102,46
2020-10-22,US,Florida,Columbia,4158,71,0,30.22509788,-82.62160164,12023.0,5800.295734174037,1.7075517075517077,4087,4136,71,0,4065,4124,70503,22,0,0,22,12
2020-10-22,US,Florida,DeSoto,1641,29,0,27.18677893,-81.80941373,12027.0,4318.307412962817,1.7672151127361364,1612,1636,29,0,1607,1633,37489,5,0,0,5,3
2020-10-22,US,Florida,Dixie,879,11,0,29.60631086,-83.15724673,12029.0,5224.058005467728,1.2514220705346986,868,872,11,0,861,868,16700,7,0,0,7,4
2020-10-22,US,Florida,Duval,33676,512,0,30.33225875,-81.66976468,12031.0,3516.139304937067,1.520370590331393,33164,33260,512,0,32748,33132,950181,416,0,0,416,128
2020-10-22,US,Florida,Escambia,13130,269,0,30.67652764,-87.37284571,12033.0,4124.831928021212,2.048743335872049,12861,13060,269,0,12791,13030,315534,70,0,0,70,30
2020-10-22,US,Florida,Flagler,2035,37,0,29.45933576,-81.31508595,12035.0,1768.319705251084,1.818181818181818,1998,1998,37,0,1961,1993,112067,37,0,0,37,5
2020-10-22,US,Florida,Franklin,737,4,0,29.83791238,-84.82731662,12037.0,6078.350515463919,0.5427408412483039,733,722,4,0,718,717,11736,15,0,0,15,5
2020-10-22,US,Florida,Gadsden,3038,54,0,30.57796289,-84.61915825,12039.0,6653.526062198861,1.7774851876234363,2984,3034,54,0,2980,3034,45894,4,0,0,4,0
2020-10-22,US,Florida,Gilchrist,600,18,0,29.72856978,-82.79880657,12041.0,3228.931223764933,3.0,582,591,18,0,573,590,18256,9,0,0,9,1
2020-10-22,US,Florida,Glades,593,6,0,26.95635849,-81.18996211,12043.0,4293.678951560351,1.011804384485666,587,591,6,0,585,589,13724,2,0,0,2,2
2020-10-22,US,Florida,Gulf,931,15,0,29.93543004,-85.24270990000002,12045.0,6826.013637363443,1.6111707841031149,916,928,15,0,913,926,16164,3,0,0,3,2
2020-10-22,US,Florida,Hamilton,894,9,0,30.49673973,-82.94998918,12047.0,6196.2850013861935,1.0067114093959733,885,890,9,0,881,891,14310,4,0,0,4,-1
2020-10-22,US,Florida,Hardee,1558,16,0,27.49293939,-81.80956574,12049.0,5783.866057838661,1.0269576379974326,1542,1547,14,0,1533,1543,27245,11,2,0,9,4
2020-10-22,US,Florida,Hendry,2172,43,0,26.55386945,-81.16469006,12051.0,5168.721146066347,1.9797421731123388,2129,2169,43,0,2126,2167,41556,3,0,0,3,2
2020-10-22,US,Florida,Hernando,3531,165,0,28.55364461,-82.42700204,12053.0,1820.8539603960398,4.672897196261682,3366,3493,162,0,3331,3484,190865,38,3,0,35,9
2020-10-22,US,Florida,Highlands,2499,111,0,27.34254618,-81.34071957,12055.0,2352.642132911571,4.441776710684273,2388,2478,105,0,2373,2470,105424,21,6,0,15,8
2020-10-22,US,Florida,Hillsborough,46300,755,0,27.9276559,-82.32013172,12057.0,3145.4488141046545,1.6306695464362848,45545,45948,755,0,45193,45798,1436888,352,0,0,352,150
2020-10-22,US,Florida,Holmes,860,12,0,30.86747479,-85.81319222,12059.0,4383.9526940918595,1.3953488372093024,848,851,12,0,839,850,19477,9,0,0,9,1
2020-10-22,US,Florida,Indian River,3614,123,0,27.69308961,-80.60556721,12061.0,2259.837546819407,3.403431101272828,3491,3583,123,0,3460,3569,157413,31,0,0,31,14
2020-10-22,US,Florida,Jackson,3082,83,0,30.795459700000002,-85.21500423,12063.0,6640.237859266602,2.693056456846204,2999,3067,83,0,2984,3056,48305,15,0,0,15,11
2020-10-22,US,Florida,Jefferson,640,9,0,30.43669112,-83.89442308,12065.0,4492.489119752913,1.40625,631,633,9,0,624,631,14288,7,0,0,7,2
2020-10-22,US,Florida,Lafayette,1265,15,0,29.98484137,-83.18166636,12067.0,15020.185229161718,1.1857707509881423,1250,1265,15,0,1250,1263,8732,0,0,0,0,2
2020-10-22,US,Florida,Lake,8336,227,0,28.76202069,-81.7125123,12069.0,2270.659569947537,2.7231285988483687,8109,8266,218,0,8048,8240,356495,70,9,0,61,26
2020-10-22,US,Florida,Lee,22341,500,0,26.58410348,-81.88399313,12071.0,2899.256012053305,2.2380376885546758,21841,22198,499,0,21699,22117,754610,143,1,0,142,81
2020-10-22,US,Florida,Leon,11854,101,0,30.45955727,-84.27491114,12073.0,4037.7134837966905,0.8520330690062426,11753,11770,101,0,11669,11717,292502,84,0,0,84,53
2020-10-22,US,Florida,Levy,1111,12,0,29.31829741,-82.74007147,12075.0,2676.914921812881,1.08010801080108,1099,1104,12,0,1092,1103,40770,7,0,0,7,1
2020-10-22,US,Florida,Liberty,530,10,0,30.23766008,-84.8829258,12077.0,6344.266219774959,1.8867924528301887,520,529,10,0,519,530,8457,1,0,0,1,-1
2020-10-22,US,Florida,Madison,1068,24,0,30.44396917,-83.47398594,12079.0,5775.158167955443,2.247191011235955,1044,1067,24,0,1043,1063,18529,1,0,0,1,4
2020-10-22,US,Florida,Manatee,12761,324,0,27.47196942,-82.31831044,12081.0,3164.5145851363786,2.5389859728861373,12437,12674,323,0,12351,12648,394855,87,1,0,86,26
2020-10-22,US,Florida,Marion,10593,342,0,29.21227113,-82.05803627,12083.0,2897.595321394281,3.2285471537807986,10251,10522,339,0,10183,10509,359977,71,3,0,68,13
2020-10-22,US,Florida,Martin,5227,163,0,27.0772071,-80.43109784,12085.0,3246.5838509316773,3.1184235699253877,5064,5201,164,0,5037,5189,160912,26,-1,0,27,12
2020-10-22,US,Florida,Miami-Dade,180497,3585,0,25.6112362,-80.55170587,12086.0,6643.392934698595,1.9861825958326176,176912,179644,3572,0,176072,179286,2761581,853,13,0,840,358
2020-10-22,US,Florida,Monroe,2131,25,0,25.20904673,-81.07812416,12087.0,2870.884302419572,1.1731581417175034,2106,2101,25,0,2076,2093,75027,30,0,0,30,8
2020-10-22,US,Florida,Nassau,2387,50,0,30.61037141,-81.80297522,12089.0,2693.370944992948,2.0946795140343526,2337,2360,50,0,2310,2351,85832,27,0,0,27,9
2020-10-22,US,Florida,Okaloosa,5977,129,0,30.69143028,-86.59267105,12091.0,2836.223177594928,2.1582733812949644,5848,5894,129,0,5765,5860,207269,83,0,0,83,34
2020-10-22,US,Florida,Okeechobee,1695,37,0,27.386336199999995,-80.88944347,12093.0,4019.635742743313,2.1828908554572277,1658,1683,37,0,1646,1680,41537,12,0,0,12,3
2020-10-22,US,Florida,Orange,44435,532,0,28.51367621,-81.31799498,12095.0,3188.843246843092,1.1972544165635195,43903,44112,533,0,43579,43943,1380645,323,-1,0,324,169
2020-10-22,US,Florida,Osceola,13703,186,0,28.06312234,-81.14882926,12097.0,3646.829948556358,1.3573669999270233,13517,13628,186,0,13442,13560,367990,75,0,0,75,68
2020-10-22,US,Florida,Palm Beach,49759,1549,0,26.64676272,-80.46536002,12099.0,3324.4252623983643,3.1130046825699877,48210,49380,1553,0,47827,49298,1485941,379,-4,0,383,82
2020-10-22,US,Florida,Pasco,10406,227,0,28.30810945,-82.40227529,12101.0,1878.5190640981893,2.181433788199116,10179,10316,227,0,10089,10294,539630,90,0,0,90,22
2020-10-22,US,Florida,Pinellas,24650,812,0,27.93130349,-82.72239666,12103.0,2528.2155003712837,3.294117647058824,23838,24422,805,0,23617,24327,975280,228,7,0,221,95
2020-10-22,US,Florida,Polk,22256,593,0,27.95027105,-81.69732947,12105.0,3070.7376199851815,2.6644500359453636,21663,22061,593,0,21468,21981,708009,195,0,0,195,80
2020-10-22,US,Florida,Putnam,2323,50,0,29.60779729,-81.74230285,12107.0,3117.242119670965,2.152389151958674,2273,2294,50,0,2244,2278,74163,29,0,0,29,16
2020-10-22,US,Florida,Santa Rosa,5789,86,0,30.69341450000001,-87.02458128,12113.0,3140.8527884631035,1.4855760925893935,5703,5756,86,0,5670,5739,179349,33,0,0,33,17
2020-10-22,US,Florida,Sarasota,9235,327,0,27.18546175,-82.33174248,12115.0,2129.145897791775,3.540877097996752,8908,9156,326,0,8830,9115,426718,79,1,0,78,41
2020-10-22,US,Florida,Seminole,9894,236,0,28.7158582,-81.24060348,12117.0,2096.959472347857,2.385284010511421,9658,9818,236,0,9582,9802,467832,76,0,0,76,16
2020-10-22,US,Florida,St. Johns,6150,78,0,29.90096506,-81.43589967,12109.0,2323.6307580703665,1.2682926829268293,6072,6084,78,0,6006,6038,254261,66,0,0,66,46
2020-10-22,US,Florida,St. Lucie,8753,323,0,27.37763908,-80.47106649,12111.0,2666.183364453528,3.6901633725579797,8430,8700,321,0,8379,8663,321128,53,2,0,51,37
2020-10-22,US,Florida,Sumter,2802,83,0,28.70181754,-82.0794267,12119.0,2115.994562754871,2.9621698786581008,2719,2784,83,0,2701,2771,128754,18,0,0,18,13
2020-10-22,US,Florida,Suwannee,2949,78,0,30.19746066,-82.99099670000003,12121.0,6639.349798500572,2.6449643947100707,2871,2940,78,0,2862,2935,44191,9,0,0,9,5
2020-10-22,US,Florida,Taylor,1435,16,0,30.04848048,-83.60445406,12123.0,6653.0669015717,1.1149825783972125,1419,1432,16,0,1416,1430,21623,3,0,0,3,2
2020-10-22,US,Florida,Unassigned,1861,0,0,0.0,0.0,90012.0,0.0,0.0,1861,1912,0,0,1912,1993,,-51,0,0,-51,-81
2020-10-22,US,Florida,Union,1106,41,0,30.04412971,-82.37497443,12125.0,7258.646715232658,3.707052441229656,1065,1092,29,0,1063,1086,14940,14,12,0,2,6
2020-10-22,US,Florida,Volusia,12180,315,0,29.05858895,-81.18263252,12127.0,2201.40108877177,2.586206896551724,11865,12080,315,0,11765,12038,547538,100,0,0,100,42
2020-10-22,US,Florida,Wakulla,1283,10,0,30.16548905,-84.39895211,12129.0,3802.720886807552,0.7794232268121591,1273,1267,10,0,1257,1259,32461,16,0,0,16,8
2020-10-22,US,Florida,Walton,2305,29,0,30.64204028,-86.16935664,12131.0,3111.8791429844337,1.2581344902386118,2276,2276,29,0,2247,2265,71375,29,0,0,29,11
2020-10-22,US,Florida,Washington,1196,24,0,30.61359259,-85.66002461,12133.0,4695.167432183096,2.0066889632107023,1172,1184,24,0,1160,1181,24880,12,0,0,12,3
2020-10-22,US,Georgia,Appling,1147,36,0,31.74847232,-82.28909114,13001.0,6238.442293049059,3.1386224934612037,1111,1140,35,0,1105,1134,18507,7,1,0,6,6
2020-10-22,US,Georgia,Atkinson,476,5,0,31.29633502,-82.87545866,13003.0,5829.761175750153,1.050420168067227,471,475,5,0,470,474,8297,1,0,0,1,1
2020-10-22,US,Georgia,Bacon,629,15,0,31.55456473,-82.45936528,13005.0,5634.1812970261535,2.384737678855326,614,632,14,0,618,632,11185,-3,1,0,-4,0
2020-10-22,US,Georgia,Baker,89,6,0,31.32669878,-84.44218806,13007.0,2929.55892034233,6.741573033707866,83,88,6,0,82,88,3092,1,0,0,1,0
2020-10-22,US,Georgia,Baldwin,2267,63,0,33.06882326,-83.24701748,13009.0,5050.12252171976,2.779003087781209,2204,2260,63,0,2197,2257,44823,7,0,0,7,3
2020-10-22,US,Georgia,Banks,544,8,0,34.35607081,-83.49644388,13011.0,2828.3248414266404,1.4705882352941178,536,544,8,0,536,544,18988,0,0,0,0,0
2020-10-22,US,Georgia,Barrow,2528,50,0,33.99148694,-83.71436292,13013.0,3037.001441614608,1.9778481012658229,2478,2518,50,0,2468,2507,80809,10,0,0,10,11
2020-10-22,US,Georgia,Bartow,3484,94,0,34.23732119,-84.83887523,13015.0,3233.770814383041,2.6980482204362803,3390,3443,94,0,3349,3412,106408,41,0,0,41,31
2020-10-22,US,Georgia,Ben Hill,859,34,0,31.76095874,-83.22145359,13017.0,5143.7125748503,3.958090803259603,825,851,32,0,819,847,16787,8,2,0,6,4
2020-10-22,US,Georgia,Berrien,484,12,0,31.27590016,-83.22529920000002,13019.0,2495.231221322885,2.479338842975207,472,482,12,0,470,480,19252,2,0,0,2,2
2020-10-22,US,Georgia,Bibb,6520,190,0,32.80904227,-83.70489165,13021.0,4257.013952820273,2.914110429447853,6330,6499,190,0,6309,6483,153095,21,0,0,21,16
2020-10-22,US,Georgia,Bleckley,503,23,0,32.43829035,-83.33035166,13023.0,3907.403091742407,4.572564612326044,480,501,21,0,480,501,12838,2,2,0,0,0
2020-10-22,US,Georgia,Brantley,419,13,0,31.19576557,-81.97743999,13025.0,2192.684075566487,3.102625298329356,406,412,13,0,399,410,18897,7,0,0,7,2
2020-10-22,US,Georgia,Brooks,549,27,0,30.83922642,-83.58303423,13027.0,3551.788833538203,4.918032786885246,522,548,27,0,521,546,15513,1,0,0,1,2
2020-10-22,US,Georgia,Bryan,1285,14,0,32.00979311,-81.44002948,13029.0,3242.738536856184,1.0894941634241244,1271,1283,14,0,1269,1273,38109,2,0,0,2,10
2020-10-22,US,Georgia,Bulloch,3037,33,0,32.39577406,-81.74811421,13031.0,3814.9432217867547,1.0865986170563056,3004,3030,33,0,2997,3028,77296,7,0,0,7,2
2020-10-22,US,Georgia,Burke,873,12,0,33.05917989,-81.99928721,13033.0,3900.281463610776,1.3745704467353952,861,871,12,0,859,871,22423,2,0,0,2,0
2020-10-22,US,Georgia,Butts,728,43,0,33.283094500000004,-83.95435040000002,13035.0,2919.4738530638433,5.906593406593408,685,725,43,0,682,725,24193,3,0,0,3,0
2020-10-22,US,Georgia,Calhoun,263,9,0,31.53169785,-84.62725131,13037.0,4249.474874777831,3.4220532319391634,254,262,9,0,253,261,6352,1,0,0,1,1
2020-10-22,US,Georgia,Camden,1393,17,0,30.92951916,-81.66601818,13039.0,2548.201807339114,1.2203876525484565,1376,1390,17,0,1373,1387,53677,3,0,0,3,3
2020-10-22,US,Georgia,Candler,529,24,0,32.40209349,-82.07702563,13043.0,4896.787929278904,4.536862003780718,505,527,24,0,503,525,10836,2,0,0,2,2
2020-10-22,US,Georgia,Carroll,3243,75,0,33.58138199,-85.07976677,13045.0,2702.6801786785786,2.3126734505087883,3168,3208,75,0,3133,3194,118121,35,0,0,35,14
2020-10-22,US,Georgia,Catoosa,1368,21,0,34.89872298,-85.13757014,13047.0,2024.2675347736015,1.5350877192982455,1347,1361,20,0,1341,1350,67420,7,1,0,6,11
2020-10-22,US,Georgia,Charlton,644,10,0,30.78371028,-82.13951596,13049.0,4808.84109916368,1.5527950310559009,634,644,10,0,634,643,12968,0,0,0,0,1
2020-10-22,US,Georgia,Chatham,9245,186,0,32.00043026,-81.12489526,13051.0,3194.209307950109,2.011898323418064,9059,9220,186,0,9034,9175,289195,25,0,0,25,45
2020-10-22,US,Georgia,Chattahoochee,1735,1,0,32.34341231,-84.78809239,13053.0,15907.215549647017,0.05763688760806916,1734,1735,1,0,1734,1728,10684,0,0,0,0,7
2020-10-22,US,Georgia,Chattooga,902,28,0,34.47197698,-85.34535662,13055.0,3638.710718463835,3.1042128603104215,874,888,28,0,860,881,24790,14,0,0,14,7
2020-10-22,US,Georgia,Cherokee,6881,100,0,34.24393976,-84.47431861,13057.0,2659.087308181302,1.4532771399505886,6781,6820,100,0,6720,6778,254149,61,0,0,61,42
2020-10-22,US,Georgia,Clarke,5624,46,0,33.95436462,-83.37124007,13059.0,4382.417342652982,0.817923186344239,5578,5596,46,0,5550,5569,127330,28,0,0,28,27
2020-10-22,US,Georgia,Clay,124,3,0,31.62221166,-84.97713865,13061.0,4375.441072688779,2.419354838709677,121,124,3,0,121,122,2887,0,0,0,0,2
2020-10-22,US,Georgia,Clayton,7983,175,0,33.54187245,-84.35594188,13063.0,2731.509361655535,2.192158336464988,7808,7948,175,0,7773,7897,289615,35,0,0,35,51
2020-10-22,US,Georgia,Clinch,436,12,0,30.91395822,-82.70432472,13065.0,6588.093079480205,2.7522935779816518,424,432,12,0,420,430,6648,4,0,0,4,2
2020-10-22,US,Georgia,Cobb,21453,449,0,33.94243204,-84.5761255,13067.0,2822.23955818723,2.0929473733277395,21004,21367,449,0,20918,21255,756865,86,0,0,86,112
2020-10-22,US,Georgia,Coffee,2215,60,0,31.54892966,-82.85492059999999,13069.0,5118.665218496522,2.708803611738149,2155,2200,60,0,2140,2193,43093,15,0,0,15,7
2020-10-22,US,Georgia,Colquitt,2097,39,0,31.18810588,-83.7677946,13071.0,4598.684210526316,1.8597997138769669,2058,2094,39,0,2055,2084,45592,3,0,0,3,10
2020-10-22,US,Georgia,Columbia,4253,64,0,33.54534185,-82.263524,13073.0,2713.860918616077,1.5048201269691983,4189,4226,64,0,4162,4206,154291,27,0,0,27,20
2020-10-22,US,Georgia,Cook,578,16,0,31.16068491,-83.42947229,13075.0,3346.8442385639837,2.7681660899653977,562,575,16,0,559,573,17162,3,0,0,3,2
2020-10-22,US,Georgia,Coweta,2893,63,0,33.35334302,-84.76129976,13077.0,1948.0300857187106,2.177670238506741,2830,2881,62,0,2819,2869,145864,12,1,0,11,12
2020-10-22,US,Georgia,Crawford,191,6,0,32.71391813,-83.98061238,13079.0,1539.8258626249594,3.141361256544503,185,190,6,0,184,189,12318,1,0,0,1,1
2020-10-22,US,Georgia,Crisp,635,23,0,31.92289565,-83.76811843,13081.0,2838.369390309316,3.622047244094488,612,635,23,0,612,633,22601,0,0,0,0,2
2020-10-22,US,Georgia,Dade,337,5,0,34.854916700000004,-85.50490424,13083.0,2091.0896003971206,1.483679525222552,332,335,5,0,330,333,16226,2,0,0,2,2
2020-10-22,US,Georgia,Dawson,900,10,0,34.44244079,-84.16964071,13085.0,3447.219243143865,1.1111111111111112,890,897,10,0,887,893,25083,3,0,0,3,4
2020-10-22,US,Georgia,DeKalb,20583,393,0,33.76944049,-84.22396017,13089.0,2710.7969608730177,1.909342661419618,20190,20482,391,0,20091,20394,756558,101,2,0,99,88
2020-10-22,US,Georgia,Decatur,1273,34,0,30.87967778,-84.57619536,13087.0,4821.2392061808805,2.670856245090338,1239,1268,34,0,1234,1264,26575,5,0,0,5,4
2020-10-22,US,Georgia,Dodge,563,14,0,32.17265114,-83.16948926,13091.0,2732.346517835477,2.4866785079928952,549,544,14,0,530,530,20705,19,0,0,19,14
2020-10-22,US,Georgia,Dooly,364,16,0,32.15630737,-83.79746561,13093.0,2718.446601941748,4.395604395604397,348,362,16,0,346,359,13706,2,0,0,2,3
2020-10-22,US,Georgia,Dougherty,3282,190,0,31.53328528,-84.21722377,13095.0,3731.4111601255167,5.789152955514929,3092,3277,190,0,3087,3271,91243,5,0,0,5,6
2020-10-22,US,Georgia,Douglas,4002,72,0,33.70291126,-84.77026156,13097.0,2734.671285951497,1.7991004497751124,3930,3983,72,0,3911,3960,145331,19,0,0,19,23
2020-10-22,US,Georgia,Early,537,35,0,31.32155345,-84.90255207,13099.0,5269.872423945044,6.517690875232774,502,535,34,0,501,532,10247,2,1,0,1,3
2020-10-22,US,Georgia,Echols,244,2,0,30.71101099,-82.89687287,13101.0,6090.863704443335,0.819672131147541,242,243,2,0,241,243,4000,1,0,0,1,0
2020-10-22,US,Georgia,Effingham,1745,27,0,32.36616021,-81.34280942,13103.0,2714.0102028119945,1.5472779369627507,1718,1733,28,0,1705,1719,62190,12,-1,0,13,14
2020-10-22,US,Georgia,Elbert,758,9,0,34.11302332,-82.83936148,13105.0,3949.150776284256,1.1873350923482848,749,754,9,0,745,752,19120,4,0,0,4,2
2020-10-22,US,Georgia,Emanuel,1176,36,0,32.59221302,-82.30239915,13107.0,5192.970060937914,3.0612244897959178,1140,1171,36,0,1135,1168,22612,5,0,0,5,3
2020-10-22,US,Georgia,Evans,475,6,0,32.15328841,-81.8870105,13109.0,4458.419373005444,1.263157894736842,469,471,6,0,465,471,10721,4,0,0,4,0
2020-10-22,US,Georgia,Fannin,802,28,0,34.86430205,-84.316964,13111.0,3062.4713609286696,3.491271820448878,774,786,28,0,758,783,25964,16,0,0,16,3
2020-10-22,US,Georgia,Fayette,2087,56,0,33.41357794,-84.49089434,13113.0,1823.9658803890893,2.6832774317201724,2031,2073,55,0,2018,2062,113459,14,1,0,13,11
2020-10-22,US,Georgia,Floyd,3785,57,0,34.26268279,-85.21577392,13115.0,3842.71761863185,1.5059445178335535,3728,3710,57,0,3653,3667,97927,75,0,0,75,43
2020-10-22,US,Georgia,Forsyth,4607,52,0,34.22604035,-84.12315129999998,13117.0,1886.1667458198908,1.1287171695246363,4555,4587,52,0,4535,4575,236612,20,0,0,20,12
2020-10-22,US,Georgia,Franklin,862,17,0,34.37525597,-83.23159927,13119.0,3691.806929632961,1.9721577726218096,845,856,17,0,839,854,23023,6,0,0,6,2
2020-10-22,US,Georgia,Fulton,30264,613,0,33.79216944,-84.46319413,13121.0,2844.5293283342908,2.0255088554057625,29651,30141,612,0,29529,29996,1050114,123,1,0,122,145
2020-10-22,US,Georgia,Gilmer,1004,22,0,34.69316688,-84.45802506,13123.0,3200.6120692403333,2.191235059760956,982,997,21,0,976,984,30816,7,1,0,6,13
2020-10-22,US,Georgia,Glascock,46,2,0,33.22879932,-82.61297636,13125.0,1548.3002356109055,4.3478260869565215,44,43,2,0,41,43,2995,3,0,0,3,0
2020-10-22,US,Georgia,Glynn,3666,104,0,31.23279254,-81.53811412,13127.0,4298.17567884444,2.8368794326241136,3562,3650,103,0,3547,3640,85219,16,1,0,15,10
2020-10-22,US,Georgia,Gordon,2262,43,0,34.50487351,-84.87296253,13129.0,3902.489519176026,1.9009725906277632,2219,2235,43,0,2192,2196,57685,27,0,0,27,39
2020-10-22,US,Georgia,Grady,846,25,0,30.87454847,-84.23418364,13131.0,3434.417245158933,2.955082742316785,821,845,25,0,820,844,24748,1,0,0,1,1
2020-10-22,US,Georgia,Greene,561,25,0,33.5769205,-83.17139104,13133.0,3061.5586116568434,4.45632798573975,536,558,25,0,533,557,17698,3,0,0,3,1
2020-10-22,US,Georgia,Gwinnett,29959,438,0,33.96044201,-84.02137802,13135.0,3199.8931909212292,1.4619980640208283,29521,29916,436,0,29480,29866,927781,43,2,0,41,50
2020-10-22,US,Georgia,Habersham,1856,75,0,34.63331566,-83.53094677,13137.0,4094.5993646311326,4.040948275862069,1781,1840,75,0,1765,1838,45388,16,0,0,16,2
2020-10-22,US,Georgia,Hall,10485,172,0,34.32207823,-83.81896936,13139.0,5128.619014776879,1.6404387219837864,10313,10444,170,0,10274,10415,202148,41,2,0,39,29
2020-10-22,US,Georgia,Hancock,412,44,0,33.2721566,-82.99766919,13141.0,4871.703913917465,10.679611650485436,368,412,44,0,368,413,8348,0,0,0,0,-1
2020-10-22,US,Georgia,Haralson,616,10,0,33.79602175,-85.21005667,13143.0,2067.6691729323306,1.6233766233766234,606,610,10,0,600,604,29533,6,0,0,6,6
2020-10-22,US,Georgia,Harris,847,25,0,32.73709786,-84.90538572,13145.0,2403.7915767964582,2.9515938606847696,822,843,25,0,818,840,34475,4,0,0,4,3
2020-10-22,US,Georgia,Hart,564,16,0,34.34626973,-82.96567682,13147.0,2152.261018889525,2.8368794326241136,548,561,16,0,545,562,26099,3,0,0,3,-1
2020-10-22,US,Georgia,Heard,217,6,0,33.29686567,-85.12886832,13149.0,1820.0117420112388,2.7649769585253456,211,213,6,0,207,212,11879,4,0,0,4,1
2020-10-22,US,Georgia,Henry,5999,111,0,33.4533428,-84.14814659999998,13151.0,2557.543666679457,1.8503083847307884,5888,5974,111,0,5863,5957,230220,25,0,0,25,17
2020-10-22,US,Georgia,Houston,3514,91,0,32.45802497,-83.66879087,13153.0,2225.980755465182,2.589641434262948,3423,3482,91,0,3391,3468,155469,32,0,0,32,14
2020-10-22,US,Georgia,Irwin,351,6,0,31.60213036,-83.27501387,13155.0,3727.697536108751,1.709401709401709,345,350,6,0,344,349,9398,1,0,0,1,1
2020-10-22,US,Georgia,Jackson,2307,40,0,34.13794553,-83.56814788,13157.0,3161.2699891746715,1.7338534893801474,2267,2294,40,0,2254,2282,70422,13,0,0,13,12
2020-10-22,US,Georgia,Jasper,241,4,0,33.31535543,-83.68844964,13159.0,1694.9152542372879,1.6597510373443984,237,241,4,0,237,241,14040,0,0,0,0,0
2020-10-22,US,Georgia,Jeff Davis,782,23,0,31.80405727,-82.63724870000001,13161.0,5173.6685411842545,2.9411764705882355,759,777,22,0,755,777,15029,5,1,0,4,0
2020-10-22,US,Georgia,Jefferson,844,32,0,33.05867328,-82.41609057,13163.0,5494.076292149461,3.791469194312796,812,840,32,0,808,837,15430,4,0,0,4,3
2020-10-22,US,Georgia,Jenkins,462,32,0,32.79248718,-81.96040187,13165.0,5325.03457814661,6.926406926406926,430,462,32,0,430,462,8683,0,0,0,0,0
2020-10-22,US,Georgia,Johnson,439,22,0,32.70211082,-82.66166794,13167.0,4552.525147775587,5.0113895216400905,417,439,22,0,417,438,9708,0,0,0,0,1
2020-10-22,US,Georgia,Jones,635,15,0,33.02512137,-83.56019163,13169.0,2209.8486166695666,2.3622047244094486,620,631,15,0,616,630,28616,4,0,0,4,1
2020-10-22,US,Georgia,Lamar,402,19,0,33.07841647,-84.14263877,13171.0,2107.249567542067,4.726368159203981,383,403,19,0,384,402,19000,-1,0,0,-1,1
2020-10-22,US,Georgia,Lanier,316,7,0,31.03828570000001,-83.06472457,13173.0,3031.7566919313067,2.2151898734177213,309,314,7,0,307,314,10340,2,0,0,2,0
2020-10-22,US,Georgia,Laurens,1939,86,0,32.46325233,-82.92221316,13175.0,4078.155891137004,4.43527591542032,1853,1921,86,0,1835,1917,47325,18,0,0,18,4
2020-10-22,US,Georgia,Lee,743,27,0,31.779330600000005,-84.14324253,13177.0,2477.327287276607,3.633916554508749,716,740,27,0,713,739,29764,3,0,0,3,1
2020-10-22,US,Georgia,Liberty,1218,25,0,31.82588896,-81.49251135,13179.0,1982.5832180353214,2.052545155993432,1193,1214,24,0,1190,1212,61497,4,1,0,3,2
2020-10-22,US,Georgia,Lincoln,228,7,0,33.79201475,-82.45024131,13181.0,2878.4244413584142,3.0701754385964914,221,227,7,0,220,225,7915,1,0,0,1,2
2020-10-22,US,Georgia,Long,273,4,0,31.75218791,-81.74952375,13183.0,1395.7768802085996,1.465201465201465,269,272,4,0,268,272,18998,1,0,0,1,0
2020-10-22,US,Georgia,Lowndes,4382,85,0,30.83568832,-83.27056716,13185.0,3732.3475801918125,1.9397535371976269,4297,4357,85,0,4272,4328,116321,25,0,0,25,29
2020-10-22,US,Georgia,Lumpkin,1028,14,0,34.57286511,-84.00425681,13187.0,3058.613507884558,1.3618677042801557,1014,1022,14,0,1008,1018,32955,6,0,0,6,4
2020-10-22,US,Georgia,Macon,246,10,0,32.35207048,-84.04234127,13193.0,1900.0540665791304,4.0650406504065035,236,245,10,0,235,244,13143,1,0,0,1,1
2020-10-22,US,Georgia,Madison,769,11,0,34.12920917,-83.21218732,13195.0,2573.627844712182,1.4304291287386215,758,766,11,0,755,757,29650,3,0,0,3,9
2020-10-22,US,Georgia,Marion,196,9,0,32.3483402,-84.52733571,13197.0,2344.778083502811,4.591836734693878,187,196,9,0,187,195,8351,0,0,0,0,1
2020-10-22,US,Georgia,McDuffie,669,15,0,33.47851918,-82.48252774,13189.0,3139.0765765765764,2.242152466367713,654,667,15,0,652,666,21531,2,0,0,2,1
2020-10-22,US,Georgia,McIntosh,303,7,0,31.49683595,-81.40163426,13191.0,2107.3862846014745,2.31023102310231,296,302,7,0,295,302,14340,1,0,0,1,0
2020-10-22,US,Georgia,Meriwether,582,16,0,33.04163534,-84.68859732,13199.0,2749.5629990078896,2.7491408934707904,566,580,16,0,564,578,21068,2,0,0,2,2
2020-10-22,US,Georgia,Miller,302,2,0,31.16568912,-84.73151117,13201.0,5281.5669814620505,0.6622516556291391,300,299,2,0,297,300,5686,3,0,0,3,-1
2020-10-22,US,Georgia,Mitchell,846,45,0,31.22483255,-84.19381821,13205.0,3869.5512967113386,5.319148936170213,801,845,45,0,800,845,22192,1,0,0,1,0
2020-10-22,US,Georgia,Monroe,747,53,0,33.014289,-83.92097166,13207.0,2708.680832547683,7.095046854082999,694,749,54,0,695,747,27520,-2,-1,0,-1,2
2020-10-22,US,Georgia,Montgomery,364,9,0,32.17201038,-82.53527476,13209.0,3968.60008722198,2.4725274725274726,355,363,9,0,354,359,9193,1,0,0,1,4
2020-10-22,US,Georgia,Morgan,519,5,0,33.59232073,-83.49129491,13211.0,2692.46731687072,0.9633911368015414,514,516,5,0,511,516,18853,3,0,0,3,0
2020-10-22,US,Georgia,Murray,996,9,0,34.78897608,-84.74993177,13213.0,2484.038308060655,0.9036144578313252,987,974,8,0,966,966,39921,22,1,0,21,8
2020-10-22,US,Georgia,Muscogee,6304,173,0,32.50931999,-84.87142262,13215.0,3220.121674013761,2.7442893401015227,6131,6297,173,0,6124,6277,194160,7,0,0,7,20
2020-10-22,US,Georgia,Newton,2815,94,0,33.55514538,-83.84547140000002,13217.0,2519.150916380298,3.339253996447602,2721,2803,94,0,2709,2797,109541,12,0,0,12,6
2020-10-22,US,Georgia,Oconee,843,27,0,33.83749973,-83.43679568,13219.0,2092.850049652433,3.2028469750889683,816,838,27,0,811,835,39272,5,0,0,5,3
2020-10-22,US,Georgia,Oglethorpe,398,11,0,33.878629600000004,-83.08278123,13221.0,2608.2967429058262,2.7638190954773867,387,394,11,0,383,394,15054,4,0,0,4,0
2020-10-22,US,Georgia,Out of GA,14219,182,0,0.0,0.0,80013.0,0.0,1.2799774949011886,14037,14141,181,0,13960,14288,,78,1,0,77,-147
2020-10-22,US,Georgia,Paulding,3065,60,0,33.91969522,-84.86848792,13223.0,1817.1900846045762,1.9575856443719413,3005,3050,60,0,2990,3037,164044,15,0,0,15,13
2020-10-22,US,Georgia,Peach,749,24,0,32.56934316,-83.82937,13225.0,2719.088070863283,3.204272363150868,725,744,24,0,720,740,27297,5,0,0,5,4
2020-10-22,US,Georgia,Pickens,727,10,0,34.46589159,-84.46406611,13227.0,2230.67718081679,1.375515818431912,717,720,10,0,710,710,31980,7,0,0,7,10
2020-10-22,US,Georgia,Pierce,655,24,0,31.35928155,-82.21598442,13229.0,3365.014127921911,3.66412213740458,631,651,24,0,627,648,19389,4,0,0,4,3
2020-10-22,US,Georgia,Pike,380,12,0,33.09310242,-84.38790389,13231.0,2004.008016032064,3.1578947368421053,368,377,12,0,365,377,18634,3,0,0,3,0
2020-10-22,US,Georgia,Polk,1683,26,0,34.00267074,-85.18677781,13233.0,3949.498979184756,1.54486036838978,1657,1649,25,0,1624,1640,42470,34,1,0,33,9
2020-10-22,US,Georgia,Pulaski,330,23,0,32.23334561,-83.47549959999998,13235.0,2963.0959863518,6.96969696969697,307,329,23,0,306,327,11069,1,0,0,1,2
2020-10-22,US,Georgia,Putnam,777,27,0,33.32056115,-83.37552891,13237.0,3512.8170351281706,3.474903474903475,750,776,27,0,749,773,21809,1,0,0,1,3
2020-10-22,US,Georgia,Quitman,38,1,0,31.86728114,-85.01773177,13239.0,1652.892561983471,2.631578947368421,37,38,1,0,37,38,2279,0,0,0,0,0
2020-10-22,US,Georgia,Rabun,417,11,0,34.88389445,-83.40304637,13241.0,2433.33138822431,2.6378896882494005,406,417,11,0,406,416,16867,0,0,0,0,1
2020-10-22,US,Georgia,Randolph,338,29,0,31.76622818,-84.75732369,13243.0,4986.721746827973,8.579881656804734,309,338,29,0,309,338,6833,0,0,0,0,0
2020-10-22,US,Georgia,Richmond,7816,175,0,33.35777107,-82.07026432,13245.0,3859.41002775062,2.23899692937564,7641,7776,175,0,7601,7754,201554,40,0,0,40,22
2020-10-22,US,Georgia,Rockdale,2049,40,0,33.65145002,-84.02202167,13247.0,2254.224608343601,1.9521717911176184,2009,2044,40,0,2004,2036,90594,5,0,0,5,8
2020-10-22,US,Georgia,Schley,109,2,0,32.2654021,-84.31258912,13249.0,2073.4259083127263,1.834862385321101,107,109,2,0,107,108,5236,0,0,0,0,1
2020-10-22,US,Georgia,Screven,446,11,0,32.74976524,-81.60779441,13251.0,3193.469855363025,2.4663677130044843,435,445,11,0,434,445,13938,1,0,0,1,0
2020-10-22,US,Georgia,Seminole,386,11,0,30.93464824,-84.86823924,13253.0,4771.32262051916,2.8497409326424865,375,384,11,0,373,383,8315,2,0,0,2,1
2020-10-22,US,Georgia,Spalding,1532,62,0,33.26310031,-84.28013991,13255.0,2296.7482721916554,4.046997389033941,1470,1513,62,0,1451,1504,66100,19,0,0,19,9
2020-10-22,US,Georgia,Stephens,1258,41,0,34.55151201,-83.29405315,13257.0,4852.459016393443,3.259141494435612,1217,1255,41,0,1214,1252,26035,3,0,0,3,3
2020-10-22,US,Georgia,Stewart,534,16,0,32.07996777,-84.83208037,13259.0,8065.246941549615,2.9962546816479403,518,534,16,0,518,534,6199,0,0,0,0,0
2020-10-22,US,Georgia,Sumter,959,69,0,32.03650571,-84.19821492,13261.0,3248.2048502912885,7.194994786235663,890,958,69,0,889,958,29733,1,0,0,1,0
2020-10-22,US,Georgia,Talbot,170,7,0,32.69642758,-84.53351366,13263.0,2744.148506860371,4.117647058823529,163,169,7,0,162,168,6272,1,0,0,1,1
2020-10-22,US,Georgia,Taliaferro,25,0,0,33.56543317,-82.88136816,13265.0,1626.545217957059,0.0,25,25,0,0,25,25,1608,0,0,0,0,0
2020-10-22,US,Georgia,Tattnall,914,13,0,32.04785085,-82.05539188,13267.0,3614.6484220517277,1.4223194748358865,901,910,13,0,897,908,25391,4,0,0,4,2
2020-10-22,US,Georgia,Taylor,226,12,0,32.55792548,-84.25077141,13269.0,2817.955112219451,5.3097345132743365,214,225,12,0,213,225,8039,1,0,0,1,0
2020-10-22,US,Georgia,Telfair,435,23,0,31.92829517,-82.93491155,13271.0,2742.749054224464,5.287356321839081,412,431,23,0,408,430,15876,4,0,0,4,1
2020-10-22,US,Georgia,Terrell,338,32,0,31.77527543,-84.44069698,13273.0,3962.020865080296,9.467455621301776,306,338,32,0,306,338,8611,0,0,0,0,0
2020-10-22,US,Georgia,Thomas,1582,69,0,30.86392347,-83.91847289,13275.0,3558.975051179951,4.361567635903919,1513,1579,69,0,1510,1576,44448,3,0,0,3,3
2020-10-22,US,Georgia,Tift,1924,63,0,31.45743864,-83.5236119,13277.0,4733.786044680642,3.274428274428274,1861,1920,63,0,1857,1909,40571,4,0,0,4,11
2020-10-22,US,Georgia,Toombs,1463,57,0,32.12059861,-82.32957247,13279.0,5452.851285874021,3.8961038961038965,1406,1455,56,0,1399,1453,26887,8,1,0,7,2
2020-10-22,US,Georgia,Towns,418,12,0,34.91369188,-83.74107459999998,13281.0,3472.626069618676,2.8708133971291865,406,413,12,0,401,411,11852,5,0,0,5,2
2020-10-22,US,Georgia,Treutlen,292,11,0,32.40422134,-82.56904553,13283.0,4231.270830314447,3.767123287671233,281,295,11,0,284,295,6809,-3,0,0,-3,0
2020-10-22,US,Georgia,Troup,2995,106,0,33.03349196,-85.02812115,13285.0,4283.344297931982,3.5392320534223707,2889,2987,106,0,2881,2980,70034,8,0,0,8,7
2020-10-22,US,Georgia,Turner,332,24,0,31.71612656,-83.62069378,13287.0,4157.795867251096,7.2289156626506035,308,332,24,0,308,331,7912,0,0,0,0,1
2020-10-22,US,Georgia,Twiggs,214,9,0,32.67435595,-83.43078662,13289.0,2635.4679802955666,4.205607476635514,205,211,9,0,202,211,8188,3,0,0,3,0
2020-10-22,US,Georgia,Unassigned,1971,7,0,0.0,0.0,90013.0,0.0,0.3551496702181633,1964,1906,6,0,1900,1865,,65,1,0,64,41
2020-10-22,US,Georgia,Union,871,25,0,34.82995757,-83.98967069,13291.0,3553.506588878463,2.8702640642939152,846,863,25,0,838,862,24001,8,0,0,8,1
2020-10-22,US,Georgia,Upson,829,69,0,32.87920671,-84.30024826,13293.0,3149.696048632219,8.323281061519904,760,829,69,0,760,828,26215,0,0,0,0,1
2020-10-22,US,Georgia,Walker,1801,43,0,34.73376362,-85.30165174,13295.0,2581.671707687677,2.3875624652970573,1758,1795,43,0,1752,1781,69410,6,0,0,6,14
2020-10-22,US,Georgia,Walton,2218,66,0,33.78017694,-83.73552314,13297.0,2344.7823834744645,2.9756537421100084,2152,2143,66,0,2077,2092,93503,75,0,0,75,51
2020-10-22,US,Georgia,Ware,1720,62,0,31.05449097,-82.42224148,13299.0,4813.343034644876,3.6046511627906983,1658,1717,62,0,1655,1715,35680,3,0,0,3,2
2020-10-22,US,Georgia,Warren,163,5,0,33.41146451,-82.67795848,13301.0,3102.398172820708,3.0674846625766867,158,163,5,0,158,163,5251,0,0,0,0,0
2020-10-22,US,Georgia,Washington,742,13,0,32.96711864,-82.79357039,13303.0,3641.896534799255,1.7520215633423182,729,737,13,0,724,731,20386,5,0,0,5,6
2020-10-22,US,Georgia,Wayne,1209,30,0,31.5521809,-81.91894878,13305.0,4039.830253617135,2.481389578163772,1179,1205,30,0,1175,1203,29808,4,0,0,4,2
2020-10-22,US,Georgia,Webster,44,2,0,32.04066113,-84.54742852,13307.0,1687.7637130801688,4.545454545454546,42,44,2,0,42,44,2611,0,0,0,0,0
2020-10-22,US,Georgia,Wheeler,359,16,0,32.12009104,-82.72574721,13309.0,4570.337364735837,4.456824512534818,343,356,16,0,340,355,7879,3,0,0,3,1
2020-10-22,US,Georgia,White,993,23,0,34.64624278,-83.74905525,13311.0,3224.23533995714,2.3162134944612287,970,991,23,0,968,988,29970,2,0,0,2,3
2020-10-22,US,Georgia,Whitfield,5228,64,0,34.80987459,-84.96093476,13313.0,4996.750391864511,1.224177505738332,5164,5175,63,0,5112,5118,104062,53,1,0,52,57
2020-10-22,US,Georgia,Wilcox,251,25,0,31.97496928,-83.43438555,13315.0,2906.774753908512,9.9601593625498,226,251,25,0,226,253,8812,0,0,0,0,-2
2020-10-22,US,Georgia,Wilkes,283,6,0,33.78290391,-82.74286107,13317.0,2894.548429988749,2.120141342756184,277,282,6,0,276,282,9876,1,0,0,1,0
2020-10-22,US,Georgia,Wilkinson,361,17,0,32.80291082,-83.17140684,13319.0,4031.717668081305,4.709141274238228,344,360,17,0,343,359,9036,1,0,0,1,1
2020-10-22,US,Georgia,Worth,602,32,0,31.55162306,-83.85090513,13321.0,2973.2799920975954,5.3156146179402,570,601,32,0,569,593,20299,1,0,0,1,8
2020-10-22,US,Hawaii,Hawaii,1120,28,0,19.60121157,-155.5210167,15001.0,555.7954077404437,2.5,1092,1091,28,0,1063,1083,200983,29,0,0,29,8
2020-10-22,US,Hawaii,Honolulu,12669,159,0,21.45803166,-157.97121819999995,15003.0,1299.967267380354,1.255031967795406,12510,12617,156,0,12461,12552,980080,52,3,0,49,65
2020-10-22,US,Hawaii,Kauai,60,0,0,22.03935037,-159.5966786,15007.0,82.99558740126983,0.0,60,60,0,0,60,60,72133,0,0,0,0,0
2020-10-22,US,Hawaii,Maui,435,18,0,20.86399628,-156.56890969999995,15009.0,259.83024424042964,4.137931034482759,417,417,18,0,399,413,167207,18,0,0,18,4
2020-10-22,US,Hawaii,Out of HI,51,1,0,0.0,0.0,80015.0,0.0,1.96078431372549,50,48,1,0,47,48,,3,0,0,3,0
2020-10-22,US,Idaho,Ada,15746,160,0,43.4526575,-116.24155159999998,16001.0,3269.606530076601,1.0161310809094373,15586,15496,158,0,15338,15341,469966,250,2,0,248,155
2020-10-22,US,Idaho,Adams,32,2,0,44.89333571,-116.4545247,16003.0,745.2258965999067,6.25,30,32,2,0,30,32,4250,0,0,0,0,0
2020-10-22,US,Idaho,Bannock,2117,10,0,42.67002716,-112.2233311,16005.0,2410.942055393586,0.4723665564478035,2107,2056,10,0,2046,1941,87138,61,0,0,61,115
2020-10-22,US,Idaho,Bear Lake,66,1,0,42.28269683,-111.32892379999998,16007.0,1077.5510204081634,1.5151515151515151,65,64,1,0,63,61,6050,2,0,0,2,3
2020-10-22,US,Idaho,Benewah,168,3,0,47.21754179,-116.6586851,16009.0,1806.8401806840186,1.7857142857142858,165,167,3,0,164,167,9226,1,0,0,1,0
2020-10-22,US,Idaho,Bingham,1481,15,0,43.21672879999999,-112.3978437,16011.0,3163.786289547329,1.0128291694800808,1466,1443,15,0,1428,1405,46236,38,0,0,38,38
2020-10-22,US,Idaho,Blaine,844,6,0,43.4085812,-113.9752658,16013.0,3666.21780113809,0.7109004739336493,838,842,6,0,836,831,22601,2,0,0,2,11
2020-10-22,US,Idaho,Boise,75,2,0,43.98829931,-115.7309284,16015.0,957.7320904099092,2.6666666666666665,73,75,2,0,73,75,7634,0,0,0,0,0
2020-10-22,US,Idaho,Bonner,454,1,0,48.29996017,-116.6017932,16017.0,992.5883819060319,0.22026431718061676,453,450,1,0,449,440,44727,4,0,0,4,10
2020-10-22,US,Idaho,Bonneville,4130,25,0,43.38713372,-111.6161537,16019.0,3468.780971258672,0.6053268765133172,4105,4068,25,0,4043,4001,116854,62,0,0,62,67
2020-10-22,US,Idaho,Boundary,121,1,0,48.76684761,-116.4630179,16021.0,988.1584320130664,0.8264462809917356,120,115,1,0,114,103,11948,6,0,0,6,12
2020-10-22,US,Idaho,Butte,86,0,0,43.72592209,-113.1735463,16023.0,3311.5132845591065,0.0,86,86,0,0,86,81,2611,0,0,0,0,5
2020-10-22,US,Idaho,Camas,40,0,0,43.46665742,-114.8065892,16025.0,3616.6365280289333,0.0,40,39,0,0,39,39,1127,1,0,0,1,0
2020-10-22,US,Idaho,Canyon,9536,108,0,43.61970148,-116.70954990000001,16027.0,4148.81074096472,1.1325503355704698,9428,9438,108,0,9330,9328,223499,98,0,0,98,110
2020-10-22,US,Idaho,Caribou,246,4,0,42.77149116,-111.5597683,16029.0,3438.155136268344,1.6260162601626016,242,227,4,0,223,213,7060,19,0,0,19,14
2020-10-22,US,Idaho,Cassia,1242,8,0,42.28347888,-113.6012409,16031.0,5168.5393258426975,0.644122383252818,1234,1221,8,0,1213,1199,23864,21,0,0,21,22
2020-10-22,US,Idaho,Clark,40,0,0,44.28496071,-112.35057040000001,16033.0,4733.727810650888,0.0,40,40,0,0,40,40,852,0,0,0,0,0
2020-10-22,US,Idaho,Clearwater,130,0,0,46.67459924,-115.6622393,16035.0,1484.6962083142987,0.0,130,128,0,0,128,127,8758,2,0,0,2,1
2020-10-22,US,Idaho,Custer,93,1,0,44.24186819,-114.2855494,16037.0,2155.2723059096174,1.075268817204301,92,93,1,0,92,93,4280,0,0,0,0,0
2020-10-22,US,Idaho,Elmore,490,4,0,43.3507101,-115.4701578,16039.0,1781.1057395223734,0.8163265306122449,486,477,4,0,473,468,27259,13,0,0,13,9
2020-10-22,US,Idaho,Franklin,322,1,0,42.18332217,-111.81496659999999,16041.0,2320.553473623523,0.3105590062111801,321,309,1,0,308,286,13726,13,0,0,13,23
2020-10-22,US,Idaho,Fremont,389,3,0,44.22800938,-111.48099429999999,16043.0,2969.692342926941,0.7712082262210797,386,381,3,0,378,367,13168,8,0,0,8,14
2020-10-22,US,Idaho,Gem,408,6,0,44.06482372,-116.398376,16045.0,2252.650176678445,1.4705882352941178,402,401,5,0,396,395,17634,7,1,0,6,6
2020-10-22,US,Idaho,Gooding,501,5,0,42.96927962,-114.81083059999999,16047.0,3300.612688582911,0.998003992015968,496,485,3,0,482,470,15196,16,2,0,14,15
2020-10-22,US,Idaho,Idaho,323,1,0,45.84721541,-115.4634436,16049.0,1937.9612407751847,0.30959752321981426,322,311,1,0,310,303,16513,12,0,0,12,8
2020-10-22,US,Idaho,Jefferson,895,3,0,43.82078483,-112.3131749,16051.0,2996.217066720231,0.33519553072625696,892,878,3,0,875,869,29439,17,0,0,17,9
2020-10-22,US,Idaho,Jerome,1021,7,0,42.68891267,-114.2655033,16053.0,4182.369326560708,0.6856023506366308,1014,1006,7,0,999,981,24015,15,0,0,15,25
2020-10-22,US,Idaho,Kootenai,3677,48,0,47.67282258,-116.7020872,16055.0,2219.110786556184,1.3054120206690236,3629,3629,48,0,3581,3538,161505,48,0,0,48,91
2020-10-22,US,Idaho,Latah,862,0,0,46.81587887,-116.71136979999999,16057.0,2149.197167647352,0.0,862,847,0,0,847,835,40134,15,0,0,15,12
2020-10-22,US,Idaho,Lemhi,196,0,0,44.9438088,-113.9309747,16059.0,2441.759063161829,0.0,196,194,0,0,194,192,7961,2,0,0,2,2
2020-10-22,US,Idaho,Lewis,73,3,0,46.23315327,-116.434146,16061.0,1902.0323084940078,4.109589041095891,70,71,3,0,68,71,3861,2,0,0,2,0
2020-10-22,US,Idaho,Lincoln,150,0,0,43.0012336,-114.1358773,16063.0,2795.378307864331,0.0,150,143,0,0,143,138,5360,7,0,0,7,5
2020-10-22,US,Idaho,Madison,2236,2,0,43.78141028,-111.65384740000002,16065.0,5603.027037863031,0.08944543828264759,2234,2205,2,0,2203,2159,39304,31,0,0,31,46
2020-10-22,US,Idaho,Minidoka,1113,8,0,42.85518524,-113.6357257,16067.0,5290.175388564097,0.7187780772686433,1105,1103,8,0,1095,1095,20825,10,0,0,10,8
2020-10-22,US,Idaho,Nez Perce,725,24,0,46.32638236,-116.75009750000001,16069.0,1794.1991684814886,3.310344827586207,701,690,24,0,666,681,40408,35,0,0,35,9
2020-10-22,US,Idaho,Oneida,38,0,0,42.19494279999999,-112.5407838,16071.0,838.6669609357757,0.0,38,37,0,0,37,35,4488,1,0,0,1,2
2020-10-22,US,Idaho,Owyhee,380,5,0,42.58016894,-116.16938710000001,16073.0,3214.074262031633,1.3157894736842106,375,378,5,0,373,369,11693,2,0,0,2,9
2020-10-22,US,Idaho,Payette,1098,10,0,44.00545243,-116.7647695,16075.0,4584.359734457851,0.9107468123861566,1088,1089,10,0,1079,1082,23551,9,0,0,9,7
2020-10-22,US,Idaho,Power,353,2,0,42.69254894,-112.83957420000002,16077.0,4595.755760968625,0.56657223796034,351,342,2,0,340,339,7768,11,0,0,11,3
2020-10-22,US,Idaho,Shoshone,245,20,0,47.35364087,-115.89167490000001,16079.0,1901.8785902810125,8.16326530612245,225,241,20,0,221,237,12796,4,0,0,4,4
2020-10-22,US,Idaho,Teton,273,2,0,43.75303583,-111.2056773,16081.0,2248.394004282656,0.7326007326007326,271,268,2,0,266,267,11640,5,0,0,5,1
2020-10-22,US,Idaho,Twin Falls,3637,43,0,42.35440512,-114.6685381,16083.0,4186.330256221368,1.1822930987077265,3594,3540,42,0,3498,3430,86081,97,1,0,96,110
2020-10-22,US,Idaho,Unassigned,3,0,0,0.0,0.0,90016.0,0.0,0.0,3,4,0,0,4,3,,-1,0,0,-1,1
2020-10-22,US,Idaho,Valley,111,1,0,44.76728382,-115.5676773,16085.0,974.36797752809,0.9009009009009008,110,110,1,0,109,108,11041,1,0,0,1,2
2020-10-22,US,Idaho,Washington,434,8,0,44.45275475,-116.78476880000001,16087.0,4257.406317441632,1.8433179723502304,426,431,7,0,424,428,10161,3,1,0,2,3
2020-10-22,US,Illinois,Adams,1730,15,0,39.98815591,-91.18786813,17001.0,2643.845037059677,0.8670520231213873,1715,1701,15,0,1686,1659,65691,29,0,0,29,42
2020-10-22,US,Illinois,Alexander,113,1,0,37.18049267,-89.32910838,17003.0,1961.465023433432,0.8849557522123894,112,110,1,0,109,109,6060,3,0,0,3,1
2020-10-22,US,Illinois,Bond,483,9,0,38.88829622,-89.43534887,17005.0,2940.4602459515404,1.8633540372670807,474,480,9,0,471,471,16630,3,0,0,3,9
2020-10-22,US,Illinois,Boone,1774,25,0,42.32359279,-88.82345779,17007.0,3313.1630061258033,1.4092446448703495,1749,1709,25,0,1684,1687,53577,65,0,0,65,22
2020-10-22,US,Illinois,Brown,103,0,0,39.96209138,-90.75068024,17009.0,1565.8254788689571,0.0,103,103,0,0,103,98,6556,0,0,0,0,5
2020-10-22,US,Illinois,Bureau,879,17,0,41.40385234,-89.5283051,17011.0,2694.0051489518205,1.9340159271899888,862,866,17,0,849,855,32993,13,0,0,13,11
2020-10-22,US,Illinois,Calhoun,67,0,0,39.16840183,-90.66330078,17013.0,1413.8003798269674,0.0,67,67,0,0,67,67,4802,0,0,0,0,0
2020-10-22,US,Illinois,Carroll,383,9,0,42.06823429,-89.93395545,17015.0,2677.3855295351277,2.3498694516971277,374,372,8,0,364,367,14312,11,1,0,10,5
2020-10-22,US,Illinois,Cass,455,11,0,39.96991073,-90.24734436,17017.0,3745.7808512389893,2.417582417582417,444,453,11,0,442,450,12260,2,0,0,2,3
2020-10-22,US,Illinois,Champaign,5893,28,0,40.13919438,-88.20046615,17019.0,2810.352474378723,0.4751399966061429,5865,5819,28,0,5791,5741,209983,74,0,0,74,78
2020-10-22,US,Illinois,Christian,800,27,0,39.54581621,-89.27780482,17021.0,2476.4735017335315,3.375,773,794,26,0,768,784,32661,6,1,0,5,10
2020-10-22,US,Illinois,Clark,292,10,0,39.33425789,-87.78705622,17023.0,1891.069231267405,3.4246575342465757,282,288,10,0,278,272,15596,4,0,0,4,16
2020-10-22,US,Illinois,Clay,298,13,0,38.75388572,-88.48914513,17025.0,2260.3155339805826,4.362416107382551,285,291,12,0,279,284,13253,7,1,0,6,7
2020-10-22,US,Illinois,Clinton,1687,25,0,38.60704876,-89.42385254,17027.0,4491.241147968692,1.4819205690574986,1662,1663,25,0,1638,1631,37639,24,0,0,24,32
2020-10-22,US,Illinois,Coles,1828,38,0,39.51949084,-88.22358557,17029.0,3611.149522925268,2.078774617067834,1790,1822,38,0,1784,1798,50885,6,0,0,6,24
2020-10-22,US,Illinois,Cook,170039,5390,0,41.84144849,-87.81658794,17031.0,3301.5787829405,3.169861031880921,164649,168139,5382,0,162757,166457,5180493,1900,8,0,1892,1682
2020-10-22,US,Illinois,Crawford,639,6,0,39.0032229,-87.75954624,17033.0,3423.153157979322,0.9389671361502347,633,636,6,0,630,630,18807,3,0,0,3,6
2020-10-22,US,Illinois,Cumberland,262,6,0,39.27432424,-88.2401158,17035.0,2433.5872190228492,2.2900763358778624,256,260,6,0,254,258,10808,2,0,0,2,2
2020-10-22,US,Illinois,De Witt,248,4,0,40.17514519,-88.90959682,17039.0,1585.8805473845762,1.6129032258064515,244,246,3,0,243,233,15769,2,1,0,1,13
2020-10-22,US,Illinois,DeKalb,2213,42,0,41.89373302,-88.76958483,17037.0,2109.688551626834,1.8978761861726163,2171,2168,42,0,2126,2138,104143,45,0,0,45,30
2020-10-22,US,Illinois,Douglas,604,8,0,39.76768052,-88.21854195,17041.0,3103.0053942974573,1.3245033112582782,596,584,8,0,576,563,19479,20,0,0,20,21
2020-10-22,US,Illinois,DuPage,21776,605,0,41.85116968,-88.08642662,17043.0,2359.4652196666893,2.7782880235121232,21171,21470,603,0,20867,21231,928589,306,2,0,304,239
2020-10-22,US,Illinois,Edgar,150,8,0,39.6809186,-87.74759563,17045.0,874.0749373579628,5.333333333333333,142,146,8,0,138,147,17360,4,0,0,4,-1
2020-10-22,US,Illinois,Edwards,101,0,0,38.41353228,-88.05720863,17047.0,1579.3588741204069,0.0,101,101,0,0,101,99,6392,0,0,0,0,2
2020-10-22,US,Illinois,Effingham,1121,4,0,39.05935711,-88.58969584,17049.0,3296.283227475888,0.3568242640499554,1117,1103,3,0,1100,1095,34208,18,1,0,17,8
2020-10-22,US,Illinois,Fayette,660,22,0,39.00072038,-89.02452658,17051.0,3093.3633295838013,3.333333333333333,638,652,22,0,630,638,21416,8,0,0,8,14
2020-10-22,US,Illinois,Ford,187,11,0,40.59706922,-88.22350769,17053.0,1442.7899081860971,5.882352941176472,176,186,11,0,175,182,13264,1,0,0,1,4
2020-10-22,US,Illinois,Franklin,913,8,0,37.99189086,-88.92567818,17055.0,2373.339572123008,0.8762322015334063,905,888,8,0,880,866,38701,25,0,0,25,22
2020-10-22,US,Illinois,Fulton,460,1,0,40.47289135,-90.20862357,17057.0,1339.5457192778101,0.21739130434782608,459,446,1,0,445,429,34844,14,0,0,14,17
2020-10-22,US,Illinois,Gallatin,106,2,0,37.76430935,-88.22953869,17059.0,2195.5260977630487,1.8867924528301887,104,106,2,0,104,105,5058,0,0,0,0,1
2020-10-22,US,Illinois,Greene,280,15,0,39.35907414,-90.388865,17061.0,2158.9945254067393,5.357142857142857,265,276,15,0,261,270,13044,4,0,0,4,6
2020-10-22,US,Illinois,Grundy,923,7,0,41.28569601,-88.41905692,17063.0,1807.889685431112,0.7583965330444203,916,903,7,0,896,889,50972,20,0,0,20,14
2020-10-22,US,Illinois,Hamilton,114,2,0,38.08163641,-88.53883373,17065.0,1404.6328240512564,1.7543859649122806,112,113,2,0,111,114,8163,1,0,0,1,-1
2020-10-22,US,Illinois,Hancock,292,4,0,40.40423981,-91.16313899,17067.0,1648.9722159475946,1.3698630136986298,288,288,4,0,284,285,17844,4,0,0,4,3
2020-10-22,US,Illinois,Hardin,53,0,0,37.51810645,-88.26873022,17069.0,1387.071447265114,0.0,53,50,0,0,50,49,3910,3,0,0,3,1
2020-10-22,US,Illinois,Henderson,121,0,0,40.81908672,-90.92491462,17071.0,1820.6439963888047,0.0,121,115,0,0,115,111,6709,6,0,0,6,4
2020-10-22,US,Illinois,Henry,820,7,0,41.3533994,-90.13296166,17073.0,1676.4459346186084,0.8536585365853658,813,810,7,0,803,798,49090,10,0,0,10,12
2020-10-22,US,Illinois,Iroquois,468,19,0,40.74717633,-87.82466784,17075.0,1726.0455853064834,4.05982905982906,449,464,19,0,445,459,27604,4,0,0,4,5
2020-10-22,US,Illinois,Jackson,1491,26,0,37.78595185,-89.38232563,17077.0,2627.312775330397,1.7437961099932933,1465,1462,26,0,1436,1443,57419,29,0,0,29,19
2020-10-22,US,Illinois,Jasper,258,10,0,39.01054275,-88.15437049,17079.0,2684.703433922997,3.875968992248062,248,257,10,0,247,250,9611,1,0,0,1,7
2020-10-22,US,Illinois,Jefferson,888,45,0,38.29980057,-88.9240025,17081.0,2356.437745462265,5.067567567567568,843,886,44,0,842,867,37820,2,1,0,1,19
2020-10-22,US,Illinois,Jersey,467,21,0,39.08869046,-90.35393073,17083.0,2144.8583107518484,4.496788008565312,446,462,21,0,441,456,21847,5,0,0,5,6
2020-10-22,US,Illinois,Jo Daviess,461,7,0,42.36542373,-90.21094405,17085.0,2170.9441959029905,1.5184381778741864,454,446,7,0,439,436,21366,15,0,0,15,10
2020-10-22,US,Illinois,Johnson,332,0,0,37.45939802,-88.88165419,17087.0,2673.753724732222,0.0,332,327,0,0,327,322,12456,5,0,0,5,5
2020-10-22,US,Illinois,Kane,16038,345,0,41.93842729,-88.42861412,17089.0,3012.379719873855,2.151141040029929,15693,15802,344,0,15458,15616,534216,236,1,0,235,186
2020-10-22,US,Illinois,Kankakee,3288,78,0,41.13746989,-87.86205334,17091.0,2992.8455698967796,2.372262773722628,3210,3224,78,0,3146,3190,110024,64,0,0,64,34
2020-10-22,US,Illinois,Kendall,2555,28,0,41.59081014,-88.42869583,17093.0,1980.7737033878595,1.095890410958904,2527,2521,29,0,2492,2485,127915,34,-1,0,35,36
2020-10-22,US,Illinois,Knox,1190,16,0,40.93148779,-90.21330340000002,17095.0,2394.414374534699,1.3445378151260503,1174,1181,12,0,1169,1151,50112,9,4,0,5,30
2020-10-22,US,Illinois,LaSalle,2281,61,0,41.34426129999999,-88.88633881,17099.0,2099.034683304347,2.6742656729504604,2220,2235,60,0,2175,2207,109430,46,1,0,45,28
2020-10-22,US,Illinois,Lake,20042,507,0,42.3224907,-88.00367925,17097.0,2877.385917434156,2.5296876559225625,19535,19856,507,0,19349,19714,700832,186,0,0,186,142
2020-10-22,US,Illinois,Lawrence,323,8,0,38.71987914,-87.72884035,17101.0,2060.211761704299,2.476780185758514,315,317,8,0,309,306,15765,6,0,0,6,11
2020-10-22,US,Illinois,Lee,658,1,0,41.74583951,-89.29977132,17103.0,1929.8451431252934,0.1519756838905775,657,641,1,0,640,627,34223,17,0,0,17,14
2020-10-22,US,Illinois,Livingston,597,10,0,40.89188292,-88.55784752,17105.0,1674.7082585278274,1.6750418760469012,587,586,10,0,576,557,35761,11,0,0,11,29
2020-10-22,US,Illinois,Logan,566,4,0,40.12581572,-89.36638784,17107.0,1977.776224753652,0.7067137809187279,562,553,4,0,549,547,28925,13,0,0,13,6
2020-10-22,US,Illinois,Macon,2794,49,0,39.86064913,-88.96342505,17115.0,2686.3059927506274,1.7537580529706511,2745,2733,49,0,2684,2633,104712,61,0,0,61,100
2020-10-22,US,Illinois,Macoupin,760,10,0,39.26119767,-89.92424028,17117.0,1691.6707474513644,1.3157894736842106,750,751,10,0,741,741,45313,9,0,0,9,10
2020-10-22,US,Illinois,Madison,6957,153,0,38.83042506,-89.90422563,17119.0,2645.5891636181104,2.1992238033635187,6804,6893,153,0,6740,6832,264461,64,0,0,64,61
2020-10-22,US,Illinois,Marion,896,17,0,38.64963204,-88.91899208,17121.0,2408.2784571966126,1.8973214285714288,879,891,16,0,875,866,37620,5,1,0,4,25
2020-10-22,US,Illinois,Marshall,142,3,0,41.0327901,-89.34510444,17123.0,1241.4757824794544,2.112676056338028,139,141,3,0,138,140,11534,1,0,0,1,1
2020-10-22,US,Illinois,Mason,294,1,0,40.23917274,-89.91824452,17125.0,2200.763530204357,0.3401360544217687,293,239,1,0,238,238,13565,55,0,0,55,1
2020-10-22,US,Illinois,Massac,146,2,0,37.22078441,-88.71036614,17127.0,1060.1219866395586,1.3698630136986298,144,141,2,0,139,141,14080,5,0,0,5,0
2020-10-22,US,Illinois,McDonough,708,17,0,40.45674722,-90.67775541,17109.0,2385.284010511421,2.4011299435028253,691,687,16,0,671,668,29955,21,1,0,20,19
2020-10-22,US,Illinois,McHenry,5943,120,0,42.32451172,-88.45248227,17111.0,1930.9623295015174,2.0191822311963654,5823,5803,120,0,5683,5726,308570,140,0,0,140,77
2020-10-22,US,Illinois,McLean,3997,31,0,40.48996987,-88.84621113,17113.0,2330.3812450077835,0.7755816862646985,3966,3967,31,0,3936,3918,172828,30,0,0,30,49
2020-10-22,US,Illinois,Menard,171,1,0,40.02742725,-89.80246001,17129.0,1402.0990488684815,0.5847953216374269,170,165,1,0,164,165,12288,6,0,0,6,0
2020-10-22,US,Illinois,Mercer,237,6,0,41.20596782,-90.74290052,17131.0,1535.2723974865582,2.5316455696202533,231,229,6,0,223,225,15601,8,0,0,8,4
2020-10-22,US,Illinois,Monroe,884,28,0,38.27594376,-90.17761038,17133.0,2552.184080607443,3.1674208144796383,856,873,28,0,845,861,34335,11,0,0,11,12
2020-10-22,US,Illinois,Montgomery,587,15,0,39.23198845,-89.47809254,17135.0,2065.8830154149364,2.5553662691652472,572,570,15,0,555,555,28601,17,0,0,17,15
2020-10-22,US,Illinois,Morgan,865,24,0,39.71654544,-90.20255104,17137.0,2569.9685067443106,2.7745664739884397,841,854,24,0,830,810,33976,11,0,0,11,44
2020-10-22,US,Illinois,Moultrie,390,5,0,39.64187451,-88.62099969,17139.0,2689.469691745397,1.2820512820512822,385,380,5,0,375,378,14717,10,0,0,10,2
2020-10-22,US,Illinois,Ogle,1137,7,0,42.04165196,-89.32184679,17141.0,2245.127658314081,0.6156552330694811,1130,1121,7,0,1114,1089,50923,16,0,0,16,32
2020-10-22,US,Illinois,Out of IL,5,0,0,0.0,0.0,80017.0,0.0,0.0,5,2,0,0,2,2,,3,0,0,3,0
2020-10-22,US,Illinois,Peoria,4388,68,0,40.78702156,-89.76078901,17143.0,2448.9477003443485,1.5496809480401097,4320,4336,67,0,4269,4310,180621,52,1,0,51,26
2020-10-22,US,Illinois,Perry,415,16,0,38.08510853,-89.36856219,17145.0,1984.1269841269839,3.8554216867469884,399,412,16,0,396,409,21174,3,0,0,3,3
2020-10-22,US,Illinois,Piatt,224,0,0,40.01360584,-88.59319339,17147.0,1370.5335291238375,0.0,224,220,0,0,220,218,16396,4,0,0,4,2
2020-10-22,US,Illinois,Pike,304,4,0,39.62265059,-90.8877017,17149.0,1953.601953601953,1.3157894736842106,300,281,4,0,277,267,15611,23,0,0,23,14
2020-10-22,US,Illinois,Pope,38,1,0,37.41391284,-88.56152109,17151.0,909.7438352884843,2.631578947368421,37,37,1,0,36,36,4212,1,0,0,1,1
2020-10-22,US,Illinois,Pulaski,230,1,0,37.22631423,-89.13085001,17153.0,4311.152764761012,0.43478260869565216,229,228,1,0,227,226,5463,2,0,0,2,2
2020-10-22,US,Illinois,Putnam,88,0,0,41.2013541,-89.2869272,17155.0,1533.3681826102109,0.0,88,88,0,0,88,86,5740,0,0,0,0,2
2020-10-22,US,Illinois,Randolph,1220,15,0,38.05095369,-89.82512254,17157.0,3838.6508086338176,1.2295081967213115,1205,1195,14,0,1181,1159,32106,25,1,0,24,36
2020-10-22,US,Illinois,Richland,325,16,0,38.71240969,-88.08475366,17159.0,2095.01708244698,4.9230769230769225,309,322,15,0,307,318,15763,3,1,0,2,4
2020-10-22,US,Illinois,Rock Island,3822,89,0,41.46613806,-90.57042164,17161.0,2693.844755037744,2.3286237571951856,3733,3766,89,0,3677,3721,143477,56,0,0,56,45
2020-10-22,US,Illinois,Saline,524,9,0,37.75332999,-88.54119706,17165.0,2230.6415222851306,1.717557251908397,515,511,9,0,502,505,23906,13,0,0,13,6
2020-10-22,US,Illinois,Sangamon,3722,62,0,39.75836914,-89.65872023,17167.0,1911.9339196186409,1.6657710908113916,3660,3626,61,0,3565,3556,195348,96,1,0,95,70
2020-10-22,US,Illinois,Schuyler,84,1,0,40.157179799999994,-90.61114163,17169.0,1241.1347517730494,1.1904761904761905,83,83,1,0,82,80,6907,1,0,0,1,3
2020-10-22,US,Illinois,Scott,100,0,0,39.642916899999996,-90.47814431,17171.0,2019.7939810139367,0.0,100,98,0,0,98,95,4926,2,0,0,2,3
2020-10-22,US,Illinois,Shelby,631,11,0,39.39133527,-88.80611122,17173.0,2916.7051862808544,1.7432646592709984,620,611,10,0,601,592,21741,20,1,0,19,19
2020-10-22,US,Illinois,St. Clair,7759,216,0,38.46996033,-89.93063427,17163.0,2987.8391596004412,2.783863899987112,7543,7674,215,0,7459,7623,261059,85,1,0,84,51
2020-10-22,US,Illinois,Stark,83,2,0,41.09309773,-89.79745866,17175.0,1553.7251965555972,2.409638554216868,81,82,2,0,80,80,5427,1,0,0,1,2
2020-10-22,US,Illinois,Stephenson,865,7,0,42.35129217,-89.662598,17177.0,1943.90759135242,0.8092485549132948,858,851,7,0,844,820,44753,14,0,0,14,31
2020-10-22,US,Illinois,Tazewell,2522,52,0,40.50716185,-89.51404662,17179.0,1913.461757319636,2.061855670103093,2470,2475,49,0,2426,2445,132328,47,3,0,44,30
2020-10-22,US,Illinois,Unassigned,3631,260,0,0.0,0.0,90017.0,0.0,7.160561828697329,3371,3632,260,0,3372,3627,,-1,0,0,-1,5
2020-10-22,US,Illinois,Union,746,25,0,37.47119609,-89.25548938,17181.0,4479.673332132348,3.351206434316354,721,746,25,0,721,738,16841,0,0,0,0,8
2020-10-22,US,Illinois,Vermilion,1619,8,0,40.18417171,-87.73384359,17183.0,2137.0680324190184,0.4941321803582458,1611,1592,8,0,1584,1562,76806,27,0,0,27,30
2020-10-22,US,Illinois,Wabash,216,5,0,38.44272901,-87.84922065,17185.0,1875.0,2.314814814814815,211,215,5,0,210,210,11549,1,0,0,1,5
2020-10-22,US,Illinois,Warren,474,7,0,40.84925021,-90.6147432,17187.0,2814.0584184279273,1.4767932489451476,467,467,7,0,460,464,17032,7,0,0,7,3
2020-10-22,US,Illinois,Washington,289,1,0,38.35309213,-89.40982703,17189.0,2081.0830272917115,0.3460207612456747,288,286,1,0,285,277,13995,3,0,0,3,9
2020-10-22,US,Illinois,Wayne,473,12,0,38.42955355,-88.42586459,17191.0,2917.0521122417517,2.5369978858350954,461,461,11,0,450,440,16332,12,1,0,11,21
2020-10-22,US,Illinois,White,248,2,0,38.08706198,-88.17657461,17193.0,1832.015956268007,0.8064516129032258,246,242,1,0,241,235,13665,6,1,0,5,7
2020-10-22,US,Illinois,Whiteside,1297,25,0,41.75509713,-89.91556058,17195.0,2350.70231082918,1.927525057825752,1272,1241,25,0,1216,1167,55626,56,0,0,56,74
2020-10-22,US,Illinois,Will,17616,425,0,41.44619267,-87.97862712,17197.0,2550.297288571872,2.412579473206176,17191,17354,424,0,16930,17106,692310,262,1,0,261,248
2020-10-22,US,Illinois,Williamson,1800,59,0,37.73033511,-88.92994027,17199.0,2702.824451551872,3.2777777777777777,1741,1761,59,0,1702,1737,67056,39,0,0,39,24
2020-10-22,US,Illinois,Winnebago,9736,179,0,42.33641854,-89.16085327,17201.0,3445.4935379301564,1.8385373870172557,9557,9464,172,0,9292,9314,284081,272,7,0,265,150
2020-10-22,US,Illinois,Woodford,568,14,0,40.78579374,-89.20973757,17203.0,1476.8974752333654,2.4647887323943656,554,558,14,0,544,553,38463,10,0,0,10,5
2020-10-22,US,Indiana,Adams,483,7,0,40.7457653,-84.93671406,18001.0,1350.029348464097,1.4492753623188406,476,481,5,0,476,472,35636,2,2,0,0,9
2020-10-22,US,Indiana,Allen,8129,228,0,41.09194313,-85.06800636,18003.0,2143.1641000899026,2.80477303481363,7901,7978,222,0,7756,7880,375351,151,6,0,145,98
2020-10-22,US,Indiana,Bartholomew,1415,58,0,39.20744865,-85.89558181,18005.0,1688.9674023323264,4.098939929328623,1357,1397,58,0,1339,1397,82753,18,0,0,18,0
2020-10-22,US,Indiana,Benton,110,0,0,40.60626947,-87.31093999,18007.0,1257.4302697759488,0.0,110,108,0,0,108,107,8653,2,0,0,2,1
2020-10-22,US,Indiana,Blackford,209,3,0,40.47388153,-85.32499702,18009.0,1777.513182514033,1.4354066985645932,206,198,3,0,195,192,11930,11,0,0,11,6
2020-10-22,US,Indiana,Boone,1222,50,0,40.0509304,-86.46841646,18011.0,1801.2175169140514,4.0916530278232415,1172,1195,48,0,1147,1188,66999,27,2,0,25,7
2020-10-22,US,Indiana,Brown,139,3,0,39.19605589,-86.22868909,18013.0,921.0177577524516,2.1582733812949644,136,130,3,0,127,130,15234,9,0,0,9,0
2020-10-22,US,Indiana,Carroll,325,13,0,40.580783200000006,-86.56198812,18015.0,1604.3836698425234,4.0,312,317,13,0,304,314,20127,8,0,0,8,3
2020-10-22,US,Indiana,Cass,2240,22,0,40.76135835,-86.34830753,18017.0,5943.378704661837,0.9821428571428572,2218,2228,22,0,2206,2220,37955,12,0,0,12,8
2020-10-22,US,Indiana,Clark,2939,61,0,38.48015445,-85.70510334,18019.0,2484.319791719497,2.0755358965634567,2878,2891,61,0,2830,2854,117360,48,0,0,48,37
2020-10-22,US,Indiana,Clay,446,7,0,39.39561833,-87.11723506,18021.0,1700.6673021925644,1.5695067264573992,439,439,6,0,433,434,26170,7,1,0,6,5
2020-10-22,US,Indiana,Clinton,847,16,0,40.30319754,-86.47277257,18023.0,2614.278218463533,1.8890200708382527,831,829,16,0,813,816,32250,18,0,0,18,13
2020-10-22,US,Indiana,Crawford,158,1,0,38.28814402,-86.44518825,18025.0,1493.8073177649615,0.6329113924050633,157,153,1,0,152,149,10558,5,0,0,5,4
2020-10-22,US,Indiana,Daviess,871,33,0,38.70186039,-87.07185406,18027.0,2611.6158436028904,3.7887485648679684,838,853,33,0,820,840,33147,18,0,0,18,13
2020-10-22,US,Indiana,DeKalb,710,11,0,41.39804622,-84.99906934,18033.0,1633.122484186314,1.5492957746478873,699,699,11,0,688,694,43226,11,0,0,11,5
2020-10-22,US,Indiana,Dearborn,949,28,0,39.14647946,-84.97333539,18029.0,1918.799789720571,2.950474183350896,921,928,28,0,900,916,49568,21,0,0,21,12
2020-10-22,US,Indiana,Decatur,504,39,0,39.30712658,-85.50087166,18031.0,1897.6618095560827,7.738095238095237,465,499,39,0,460,498,26794,5,0,0,5,1
2020-10-22,US,Indiana,Delaware,2932,74,0,40.22787247,-85.39732772,18035.0,2568.8877206816487,2.52387448840382,2858,2845,74,0,2771,2820,114772,87,0,0,87,25
2020-10-22,US,Indiana,Dubois,1386,26,0,38.36597551,-86.87924170000002,18037.0,3243.167353051292,1.8759018759018762,1360,1367,26,0,1341,1351,42565,19,0,0,19,16
2020-10-22,US,Indiana,Elkhart,8759,135,0,41.59761169,-85.85875695,18039.0,4244.914970849225,1.5412718346843246,8624,8530,132,0,8398,8469,205560,229,3,0,226,61
2020-10-22,US,Indiana,Fayette,666,18,0,39.63684962,-85.17797541,18041.0,2882.8672842178166,2.702702702702702,648,614,17,0,597,585,23047,52,1,0,51,29
2020-10-22,US,Indiana,Floyd,1791,67,0,38.32117957,-85.90385377,18043.0,2280.889432261022,3.7409268565047458,1724,1773,67,0,1706,1748,77781,18,0,0,18,25
2020-10-22,US,Indiana,Fountain,294,3,0,40.12361933,-87.24217689,18045.0,1798.605163342714,1.020408163265306,291,288,3,0,285,286,16351,6,0,0,6,2
2020-10-22,US,Indiana,Franklin,372,25,0,39.4142482,-85.06062647,18047.0,1634.590034273662,6.720430107526883,347,366,25,0,341,365,22736,6,0,0,6,1
2020-10-22,US,Indiana,Fulton,352,3,0,41.0469907,-86.26252745,18049.0,1762.2909782717536,0.8522727272727273,349,347,2,0,345,336,20092,5,1,0,4,11
2020-10-22,US,Indiana,Gibson,871,11,0,38.30393723,-87.58054938,18051.0,2587.717995187023,1.2629161882893227,860,849,11,0,838,834,33452,22,0,0,22,15
2020-10-22,US,Indiana,Grant,1253,39,0,40.51587228,-85.65468702,18053.0,1905.1528835773695,3.1125299281723864,1214,1226,39,0,1187,1209,65936,27,0,0,27,17
2020-10-22,US,Indiana,Greene,533,37,0,39.03630547,-86.96223202,18055.0,1669.6948812731036,6.941838649155723,496,521,37,0,484,518,32006,12,0,0,12,3
2020-10-22,US,Indiana,Hamilton,6117,113,0,40.07306535,-86.05244729,18057.0,1809.7044179035595,1.8473107732548637,6004,6000,113,0,5887,5962,330086,117,0,0,117,38
2020-10-22,US,Indiana,Hancock,1182,45,0,39.82304555,-85.77566351,18059.0,1512.1277249002148,3.807106598984772,1137,1156,45,0,1111,1141,76351,26,0,0,26,15
2020-10-22,US,Indiana,Harrison,762,24,0,38.19467379,-86.10948271,18061.0,1880.7848944835248,3.1496062992125986,738,748,24,0,724,740,40350,14,0,0,14,8
2020-10-22,US,Indiana,Hendricks,3268,133,0,39.76719009,-86.51037283,18063.0,1918.8425879714166,4.069767441860465,3135,3221,130,0,3091,3183,167009,47,3,0,44,38
2020-10-22,US,Indiana,Henry,1254,29,0,39.93029017,-85.39625719,18065.0,2614.0248478278995,2.3125996810207337,1225,1234,29,0,1205,1226,48271,20,0,0,20,8
2020-10-22,US,Indiana,Howard,1624,66,0,40.48527731,-86.11351892,18067.0,1967.4355495251016,4.064039408866995,1558,1600,66,0,1534,1588,82366,24,0,0,24,12
2020-10-22,US,Indiana,Huntington,390,5,0,40.82907273,-85.48822092,18069.0,1067.9079956188389,1.2820512820512822,385,380,5,0,375,378,36240,10,0,0,10,2
2020-10-22,US,Indiana,Jackson,1129,15,0,38.90915820000001,-86.03851889,18071.0,2552.508421695192,1.3286093888396808,1114,1094,13,0,1081,1087,44111,35,2,0,33,7
2020-10-22,US,Indiana,Jasper,594,5,0,41.02078733,-87.11553319,18073.0,1769.8587688457185,0.8417508417508418,589,574,4,0,570,562,33370,20,1,0,19,12
2020-10-22,US,Indiana,Jay,305,6,0,40.43781032,-85.00576229,18075.0,1492.4642787238206,1.9672131147540983,299,294,6,0,288,287,20764,11,0,0,11,7
2020-10-22,US,Indiana,Jefferson,341,5,0,38.78576239,-85.43633383,18077.0,1055.466138417729,1.4662756598240467,336,330,5,0,325,330,32208,11,0,0,11,0
2020-10-22,US,Indiana,Jennings,367,13,0,38.99588883,-85.62710784,18079.0,1323.2377861907335,3.5422343324250685,354,360,13,0,347,360,27611,7,0,0,7,0
2020-10-22,US,Indiana,Johnson,3105,128,0,39.48994426,-86.10149107,18081.0,1963.114935479588,4.122383252818035,2977,3051,128,0,2923,2995,156225,54,0,0,54,56
2020-10-22,US,Indiana,Knox,756,10,0,38.68861576,-87.4194665,18083.0,2065.9124446630594,1.3227513227513228,746,721,10,0,711,703,36895,35,0,0,35,18
2020-10-22,US,Indiana,Kosciusko,1826,25,0,41.24521668,-85.86312322,18085.0,2298.1272654047525,1.3691128148959475,1801,1792,24,0,1768,1768,79344,34,1,0,33,24
2020-10-22,US,Indiana,LaGrange,801,15,0,41.64232188,-85.42674232,18087.0,2022.0124198515673,1.8726591760299625,786,777,15,0,762,767,39330,24,0,0,24,10
2020-10-22,US,Indiana,LaPorte,2228,58,0,41.54366008,-86.74072188,18091.0,2027.5189283634243,2.603231597845601,2170,2209,58,0,2151,2155,110007,19,0,0,19,54
2020-10-22,US,Indiana,Lake,13570,355,0,41.41874274,-87.38277575,18089.0,2795.096942695364,2.616064848931466,13215,13380,352,0,13028,13220,484411,190,3,0,187,160
2020-10-22,US,Indiana,Lawrence,874,36,0,38.84112637,-86.48361629,18093.0,1926.3830725148773,4.118993135011442,838,826,34,0,792,785,45668,48,2,0,46,41
2020-10-22,US,Indiana,Madison,2350,93,0,40.16143691,-85.71964711,18095.0,1813.7054388009478,3.9574468085106393,2257,2324,93,0,2231,2295,129641,26,0,0,26,29
2020-10-22,US,Indiana,Marion,25151,785,0,39.78163624,-86.13826325,18097.0,2607.4506884847533,3.121148264482525,24366,24905,785,0,24120,24697,954670,246,0,0,246,208
2020-10-22,US,Indiana,Marshall,1374,26,0,41.32467367,-86.26185087,18099.0,2970.29702970297,1.8922852983988356,1348,1342,26,0,1316,1325,46248,32,0,0,32,17
2020-10-22,US,Indiana,Martin,199,0,0,38.7099921,-86.80373186,18101.0,1940.516821062896,0.0,199,196,0,0,196,195,10217,3,0,0,3,1
2020-10-22,US,Indiana,Miami,609,5,0,40.76940965,-86.04525048,18103.0,1714.720126140331,0.8210180623973727,604,587,5,0,582,584,35567,22,0,0,22,3
2020-10-22,US,Indiana,Monroe,3257,38,0,39.16130004,-86.52414358,18105.0,2194.2855602940085,1.1667178385016888,3219,3222,38,0,3184,3207,146917,35,0,0,35,15
2020-10-22,US,Indiana,Montgomery,583,22,0,40.04034823,-86.89335024,18107.0,1520.6844384161927,3.7735849056603774,561,578,22,0,556,572,38346,5,0,0,5,6
2020-10-22,US,Indiana,Morgan,937,40,0,39.47899078,-86.44573375,18109.0,1329.2854204202076,4.268943436499466,897,930,40,0,890,922,70116,7,0,0,7,8
2020-10-22,US,Indiana,Newton,225,11,0,40.95610449,-87.39635768,18111.0,1608.9816933638447,4.888888888888889,214,222,11,0,211,218,14011,3,0,0,3,4
2020-10-22,US,Indiana,Noble,1159,33,0,41.39672484,-85.41966713,18113.0,2427.530160857909,2.8472821397756687,1126,1146,33,0,1113,1135,47532,13,0,0,13,11
2020-10-22,US,Indiana,Ohio,129,7,0,38.955304999999996,-84.96515993,18115.0,2195.744680851064,5.426356589147288,122,124,7,0,117,122,5844,5,0,0,5,2
2020-10-22,US,Indiana,Orange,404,25,0,38.54118920000001,-86.49523093,18117.0,2056.398249007432,6.188118811881187,379,388,25,0,363,387,19489,16,0,0,16,1
2020-10-22,US,Indiana,Owen,205,1,0,39.31145587,-86.83900724,18119.0,985.624308861003,0.4878048780487805,204,203,1,0,202,202,20845,2,0,0,2,1
2020-10-22,US,Indiana,Parke,232,3,0,39.77202286,-87.20375833,18121.0,1369.7821337899275,1.293103448275862,229,222,3,0,219,220,16927,10,0,0,10,2
2020-10-22,US,Indiana,Perry,310,14,0,38.07809328,-86.63741946,18123.0,1617.194428504356,4.516129032258065,296,297,14,0,283,295,19102,13,0,0,13,2
2020-10-22,US,Indiana,Pike,330,18,0,38.40112197,-87.23574907,18125.0,2663.6532407781096,5.454545454545454,312,329,15,0,314,319,12410,1,3,0,-2,10
2020-10-22,US,Indiana,Porter,3136,49,0,41.45986947,-87.06848888,18127.0,1840.494398112554,1.5625,3087,3036,48,0,2988,2978,169594,100,1,0,99,58
2020-10-22,US,Indiana,Posey,714,6,0,38.02097333,-87.86480429,18129.0,2808.0386990207257,0.8403361344537815,708,689,6,0,683,679,25540,25,0,0,25,10
2020-10-22,US,Indiana,Pulaski,152,1,0,41.04166107,-86.69890683,18131.0,1230.4703310936616,0.6578947368421053,151,148,1,0,147,147,12469,4,0,0,4,1
2020-10-22,US,Indiana,Putnam,728,16,0,39.66437981,-86.84517605,18133.0,1937.4068554396426,2.1978021978021984,712,716,16,0,700,710,37779,12,0,0,12,6
2020-10-22,US,Indiana,Randolph,352,9,0,40.15734772,-85.01139319,18135.0,1427.1234542874518,2.5568181818181817,343,343,9,0,334,339,24851,9,0,0,9,4
2020-10-22,US,Indiana,Ripley,441,8,0,39.10235626,-85.26212744,18137.0,1556.983476910041,1.8140589569161,433,427,8,0,419,422,28523,14,0,0,14,5
2020-10-22,US,Indiana,Rush,215,4,0,39.62002287,-85.4655599,18139.0,1296.6648573668656,1.8604651162790695,211,208,4,0,204,204,16663,7,0,0,7,4
2020-10-22,US,Indiana,Scott,518,13,0,38.68672078,-85.74627859,18143.0,2169.815272483559,2.509652509652509,505,510,13,0,497,508,23878,8,0,0,8,2
2020-10-22,US,Indiana,Shelby,817,30,0,39.52305623,-85.79158570000001,18145.0,1826.5554785485929,3.6719706242350063,787,803,30,0,773,794,44593,14,0,0,14,9
2020-10-22,US,Indiana,Spencer,390,6,0,38.01519732,-87.0079644,18147.0,1923.361444000592,1.5384615384615383,384,374,6,0,368,370,20327,16,0,0,16,4
2020-10-22,US,Indiana,St. Joseph,9145,161,0,41.61756781,-86.29040834,18141.0,3364.2845055292723,1.7605248769819573,8984,8985,161,0,8824,8877,270771,160,0,0,160,108
2020-10-22,US,Indiana,Starke,407,7,0,41.27890281,-86.64686895,18149.0,1769.9499891280716,1.71990171990172,400,397,7,0,390,393,22935,10,0,0,10,4
2020-10-22,US,Indiana,Steuben,627,8,0,41.64423868,-85.00101094,18151.0,1812.453026536393,1.2759170653907497,619,611,8,0,603,600,34586,16,0,0,16,11
2020-10-22,US,Indiana,Sullivan,437,14,0,39.08952258,-87.41414469,18153.0,2114.2774202912574,3.203661327231121,423,429,13,0,416,428,20690,8,1,0,7,1
2020-10-22,US,Indiana,Switzerland,92,0,0,38.82767338,-85.03022429,18155.0,855.734350292996,0.0,92,90,0,0,90,89,10717,2,0,0,2,1
2020-10-22,US,Indiana,Tippecanoe,3695,15,0,40.38872739,-86.89413959,18157.0,1887.7853391371875,0.4059539918809202,3680,3587,14,0,3573,3547,193048,108,1,0,107,40
2020-10-22,US,Indiana,Tipton,275,23,0,40.31123252,-86.05234925,18159.0,1815.4211777132293,8.363636363636363,252,270,23,0,247,268,15128,5,0,0,5,2
2020-10-22,US,Indiana,Unassigned,0,234,0,0.0,0.0,90018.0,0.0,0.0,-234,0,233,0,-233,0,,0,1,0,-1,0
2020-10-22,US,Indiana,Union,110,0,0,39.62550777,-84.92497066,18161.0,1559.398922597108,0.0,110,106,0,0,106,104,7037,4,0,0,4,2
2020-10-22,US,Indiana,Vanderburgh,5767,60,0,38.02658833,-87.58763124,18163.0,3178.2685132625347,1.0404022888850355,5707,5675,60,0,5615,5593,180974,92,0,0,92,82
2020-10-22,US,Indiana,Vermillion,241,1,0,39.8523352,-87.46160542,18165.0,1555.0393599174088,0.4149377593360996,240,225,1,0,224,218,15479,16,0,0,16,7
2020-10-22,US,Indiana,Vigo,2605,38,0,39.42944561,-87.39169027,18167.0,2433.71512920645,1.4587332053742803,2567,2560,38,0,2522,2526,107386,45,0,0,45,34
2020-10-22,US,Indiana,Wabash,411,9,0,40.84704239,-85.79328272,18169.0,1325.9775454897404,2.18978102189781,402,402,9,0,393,391,31280,9,0,0,9,11
2020-10-22,US,Indiana,Warren,78,1,0,40.34728141,-87.35602659,18171.0,943.7386569872957,1.2820512820512822,77,76,1,0,75,75,8263,2,0,0,2,1
2020-10-22,US,Indiana,Warrick,1929,65,0,38.08922676,-87.2716085,18173.0,3062.0019683164546,3.3696215655780195,1864,1900,65,0,1835,1884,62567,29,0,0,29,16
2020-10-22,US,Indiana,Washington,375,3,0,38.60219804,-86.1049363,18175.0,1337.5659865886716,0.8,372,363,2,0,361,359,27943,12,1,0,11,4
2020-10-22,US,Indiana,Wayne,1269,30,0,39.863344399999995,-85.01044989,18177.0,1926.1125614716773,2.364066193853428,1239,1221,27,0,1194,1193,65936,48,3,0,45,28
2020-10-22,US,Indiana,Wells,428,8,0,40.72934187,-85.22132966,18179.0,1512.58128357365,1.8691588785046729,420,420,5,0,415,415,28206,8,3,0,5,5
2020-10-22,US,Indiana,White,585,15,0,40.74911165,-86.86492015,18181.0,2427.184466019417,2.5641025641025643,570,572,15,0,557,568,24133,13,0,0,13,4
2020-10-22,US,Indiana,Whitley,455,6,0,41.13863784,-85.50791236,18183.0,1339.653751030503,1.3186813186813189,449,442,6,0,436,431,34074,13,0,0,13,11
2020-10-22,US,Iowa,Adair,148,1,0,41.33075609,-94.47105874,19001.0,2069.351230425056,0.6756756756756757,147,147,1,0,146,143,7063,1,0,0,1,4
2020-10-22,US,Iowa,Adams,70,0,0,41.02903567,-94.69932645,19003.0,1943.364797334814,0.0,70,70,0,0,70,70,3645,0,0,0,0,0
2020-10-22,US,Iowa,Allamakee,343,8,0,43.28383218,-91.37860922,19005.0,2506.0276174472133,2.332361516034985,335,335,8,0,327,335,13832,8,0,0,8,0
2020-10-22,US,Iowa,Appanoose,217,3,0,40.74324454,-92.86865906,19007.0,1746.3383228713985,1.3824884792626728,214,209,3,0,206,206,12437,8,0,0,8,3
2020-10-22,US,Iowa,Audubon,138,1,0,41.6844628,-94.90581859,19009.0,2510.9170305676857,0.7246376811594203,137,137,1,0,136,134,5506,1,0,0,1,3
2020-10-22,US,Iowa,Benton,538,1,0,42.08011739,-92.06463573,19011.0,2097.8748294014426,0.18587360594795535,537,529,1,0,528,521,25642,9,0,0,9,8
2020-10-22,US,Iowa,Black Hawk,5350,98,0,42.4704581,-92.30524729,19013.0,4076.873837900448,1.8317757009345796,5252,5300,98,0,5202,5265,132408,50,0,0,50,35
2020-10-22,US,Iowa,Boone,696,9,0,42.03657094,-93.9313999,19015.0,2653.0456659297097,1.293103448275862,687,686,9,0,677,681,26346,10,0,0,10,5
2020-10-22,US,Iowa,Bremer,638,9,0,42.77461496,-92.31795937,19017.0,2545.686696991461,1.4106583072100314,629,629,9,0,620,623,24947,9,0,0,9,6
2020-10-22,US,Iowa,Buchanan,419,4,0,42.4709188,-91.83510825,19019.0,1978.7485242030696,0.9546539379474941,415,405,4,0,401,403,21199,14,0,0,14,2
2020-10-22,US,Iowa,Buena Vista,2225,12,0,42.73545875,-95.15100162,19021.0,11340.46890927625,0.5393258426966292,2213,2213,12,0,2201,2204,19874,12,0,0,12,9
2020-10-22,US,Iowa,Butler,354,2,0,42.73172833,-92.79015971,19023.0,2451.6933305630578,0.5649717514124294,352,350,2,0,348,347,14539,4,0,0,4,3
2020-10-22,US,Iowa,Calhoun,285,4,0,42.38521079,-94.64046046,19025.0,2947.869259412495,1.4035087719298245,281,278,4,0,274,272,9699,7,0,0,7,6
2020-10-22,US,Iowa,Carroll,1072,12,0,42.03617207,-94.86032705,19027.0,5316.141829903298,1.1194029850746268,1060,1052,10,0,1042,1038,20154,20,2,0,18,14
2020-10-22,US,Iowa,Cass,351,2,0,41.33149454,-94.92792482,19029.0,2734.496727952633,0.5698005698005698,349,345,2,0,343,340,12930,6,0,0,6,5
2020-10-22,US,Iowa,Cedar,420,5,0,41.77233777,-91.13246684,19031.0,2254.79143179256,1.1904761904761905,415,411,5,0,406,393,18627,9,0,0,9,18
2020-10-22,US,Iowa,Cerro Gordo,1304,23,0,43.08177563,-93.2612239,19033.0,3071.849234393404,1.7638036809815951,1281,1278,23,0,1255,1263,42647,26,0,0,26,15
2020-10-22,US,Iowa,Cherokee,383,2,0,42.73538914,-95.62389402,19035.0,3408.9897641299517,0.5221932114882507,381,376,2,0,374,368,11321,7,0,0,7,8
2020-10-22,US,Iowa,Chickasaw,338,1,0,43.06001295,-92.31773347,19037.0,2832.481354227772,0.2958579881656805,337,330,1,0,329,327,11964,8,0,0,8,3
2020-10-22,US,Iowa,Clarke,328,3,0,41.02868181,-93.78499767,19039.0,3491.218733368813,0.9146341463414634,325,319,3,0,316,316,9423,9,0,0,9,3
2020-10-22,US,Iowa,Clay,504,4,0,43.08247182,-95.15096481,19041.0,3146.853146853147,0.7936507936507936,500,501,4,0,497,488,16134,3,0,0,3,13
2020-10-22,US,Iowa,Clayton,375,3,0,42.84443388,-91.34133693,19043.0,2136.8738959484867,0.8,372,358,3,0,355,353,17556,17,0,0,17,5
2020-10-22,US,Iowa,Clinton,1409,26,0,41.89981633,-90.53275096,19045.0,3034.7412177733745,1.84528034066714,1383,1382,26,0,1356,1369,46518,27,0,0,27,13
2020-10-22,US,Iowa,Crawford,1337,12,0,42.03718237,-95.3819718,19047.0,7948.870392390012,0.8975317875841436,1325,1324,12,0,1312,1321,17158,13,0,0,13,3
2020-10-22,US,Iowa,Dallas,3369,44,0,41.68560356,-94.04127625,19049.0,3605.020705595326,1.3060255268625705,3325,3337,44,0,3293,3310,90180,32,0,0,32,27
2020-10-22,US,Iowa,Davis,163,4,0,40.74773536,-92.41005468,19051.0,1811.111111111111,2.4539877300613497,159,162,4,0,158,158,9017,1,0,0,1,4
2020-10-22,US,Iowa,Decatur,143,0,0,40.73742757,-93.78645949,19053.0,1817.0266836086405,0.0,143,140,0,0,140,129,7890,3,0,0,3,11
2020-10-22,US,Iowa,Delaware,729,12,0,42.47104597,-91.3664492,19055.0,4285.4623478925405,1.6460905349794241,717,709,9,0,700,689,17069,20,3,0,17,20
2020-10-22,US,Iowa,Des Moines,1305,9,0,40.92012606,-91.18326592,19057.0,3348.98760489645,0.6896551724137931,1296,1281,9,0,1272,1240,39138,24,0,0,24,41
2020-10-22,US,Iowa,Dickinson,711,7,0,43.37787725,-95.1510206,19059.0,4119.828485340132,0.9845288326300984,704,701,7,0,694,687,17153,10,0,0,10,14
2020-10-22,US,Iowa,Dubuque,4896,54,0,42.46815349,-90.88181925,19061.0,5031.291426457439,1.1029411764705883,4842,4797,54,0,4743,4763,96854,99,0,0,99,34
2020-10-22,US,Iowa,Emmet,415,17,0,43.37782951,-94.67858943,19063.0,4506.950477845352,4.096385542168675,398,412,17,0,395,402,9253,3,0,0,3,10
2020-10-22,US,Iowa,Fayette,354,3,0,42.86271799,-91.84412309999999,19065.0,1801.526717557252,0.8474576271186439,351,348,3,0,345,346,19660,6,0,0,6,2
2020-10-22,US,Iowa,Floyd,424,11,0,43.06000529999999,-92.78940097,19067.0,2710.650811916635,2.5943396226415096,413,419,11,0,408,418,15761,5,0,0,5,1
2020-10-22,US,Iowa,Franklin,378,18,0,42.73270384,-93.26256925,19069.0,3753.723932472691,4.761904761904762,360,375,18,0,357,375,10124,3,0,0,3,0
2020-10-22,US,Iowa,Fremont,188,1,0,40.74542720000001,-95.60129045,19071.0,2701.1494252873567,0.5319148936170213,187,186,1,0,185,182,6993,2,0,0,2,4
2020-10-22,US,Iowa,Greene,182,0,0,42.03614551,-94.39658081,19073.0,2047.704770477048,0.0,182,180,0,0,180,174,8981,2,0,0,2,6
2020-10-22,US,Iowa,Grundy,289,5,0,42.40183723,-92.78829551,19075.0,2362.655330281229,1.7301038062283738,284,285,5,0,280,283,12304,4,0,0,4,2
2020-10-22,US,Iowa,Guthrie,376,15,0,41.68378965,-94.50111014,19077.0,3517.6349518196275,3.98936170212766,361,374,15,0,359,372,10720,2,0,0,2,2
2020-10-22,US,Iowa,Hamilton,461,3,0,42.38382428,-93.70197703,19079.0,3120.557774318013,0.6507592190889371,458,454,3,0,451,451,14952,7,0,0,7,3
2020-10-22,US,Iowa,Hancock,298,4,0,43.08178477,-93.73454884,19081.0,2803.3866415804328,1.342281879194631,294,292,4,0,288,286,10712,6,0,0,6,6
2020-10-22,US,Iowa,Hardin,449,5,0,42.38353877,-93.23654611,19083.0,2665.321144485337,1.11358574610245,444,444,5,0,439,431,16868,5,0,0,5,13
2020-10-22,US,Iowa,Harrison,623,8,0,41.68330137,-95.81558439,19085.0,4434.479322371699,1.2841091492776886,615,592,8,0,584,586,14134,31,0,0,31,6
2020-10-22,US,Iowa,Henry,1007,5,0,40.98767962,-91.54436349,19087.0,5046.6071965520705,0.4965243296921549,1002,999,5,0,994,986,20067,8,0,0,8,13
2020-10-22,US,Iowa,Howard,261,9,0,43.35671042,-92.31702714,19089.0,2849.9672417558418,3.4482758620689653,252,258,9,0,249,251,9187,3,0,0,3,7
2020-10-22,US,Iowa,Humboldt,308,3,0,42.7764426,-94.20722537,19091.0,3222.431471019041,0.9740259740259741,305,300,3,0,297,299,9547,8,0,0,8,1
2020-10-22,US,Iowa,Ida,184,2,0,42.38696136,-95.51355387,19093.0,2682.215743440233,1.0869565217391304,182,181,2,0,179,179,6841,3,0,0,3,2
2020-10-22,US,Iowa,Iowa,394,8,0,41.68630265,-92.0643373,19095.0,2434.5032130499258,2.0304568527918785,386,385,8,0,377,384,16141,9,0,0,9,1
2020-10-22,US,Iowa,Jackson,558,3,0,42.17178824,-90.57354837,19097.0,2870.5180307629,0.5376344086021505,555,546,3,0,543,539,19432,12,0,0,12,7
2020-10-22,US,Iowa,Jasper,1055,34,0,41.68576082,-93.05567785,19099.0,2837.165523732688,3.2227488151658767,1021,1036,34,0,1002,1030,37147,19,0,0,19,6
2020-10-22,US,Iowa,Jefferson,212,1,0,41.03192394,-91.94849466,19101.0,1158.7865537031976,0.4716981132075472,211,210,1,0,209,203,18381,2,0,0,2,7
2020-10-22,US,Iowa,Johnson,5717,30,0,41.67169354,-91.58754744,19103.0,3782.585682149001,0.5247507433968864,5687,5683,30,0,5653,5660,151260,34,0,0,34,23
2020-10-22,US,Iowa,Jones,422,3,0,42.12118609,-91.13139641,19105.0,2040.5202843189402,0.7109004739336493,419,417,3,0,414,413,20744,5,0,0,5,4
2020-10-22,US,Iowa,Keokuk,148,1,0,41.33649833,-92.1785067,19107.0,1444.466133125122,0.6756756756756757,147,145,1,0,144,142,10225,3,0,0,3,3
2020-10-22,US,Iowa,Kossuth,446,0,0,43.20405458,-94.20691791,19109.0,3010.8688314318506,0.0,446,443,0,0,443,428,14908,3,0,0,3,15
2020-10-22,US,Iowa,Lee,907,10,0,40.64181461,-91.48183025,19111.0,2694.833169920076,1.1025358324145536,897,898,10,0,888,881,34055,9,0,0,9,17
2020-10-22,US,Iowa,Linn,5245,129,0,42.07923082,-91.59809485,19113.0,2313.569115947527,2.459485224022879,5116,5173,128,0,5045,5114,225909,72,1,0,71,59
2020-10-22,US,Iowa,Louisa,507,15,0,41.21842119,-91.26102611,19115.0,4594.472134118712,2.9585798816568047,492,498,15,0,483,494,11169,9,0,0,9,4
2020-10-22,US,Iowa,Lucas,197,6,0,41.02958964,-93.32780803,19117.0,2290.6976744186045,3.045685279187817,191,191,6,0,185,189,8645,6,0,0,6,2
2020-10-22,US,Iowa,Lyon,528,7,0,43.38107862,-96.20926845,19119.0,4491.705657167163,1.3257575757575757,521,525,7,0,518,517,11811,3,0,0,3,8
2020-10-22,US,Iowa,Madison,351,2,0,41.33081904,-94.01554631,19121.0,2148.365773044436,0.5698005698005698,349,344,2,0,342,344,16249,7,0,0,7,0
2020-10-22,US,Iowa,Mahaska,659,24,0,41.33521503,-92.64083907,19123.0,2982.575243267708,3.6418816388467374,635,640,24,0,616,637,22000,19,0,0,19,3
2020-10-22,US,Iowa,Marion,957,10,0,41.33445101,-93.09934783,19125.0,2877.9358253390674,1.044932079414838,947,948,10,0,938,935,33407,9,0,0,9,13
2020-10-22,US,Iowa,Marshall,1959,36,0,42.03586837,-92.99908190000001,19127.0,4975.996342299779,1.8376722817764168,1923,1947,36,0,1911,1937,39981,12,0,0,12,10
2020-10-22,US,Iowa,Mills,355,1,0,41.03299766,-95.61920963,19129.0,2349.592957839698,0.28169014084507044,354,350,1,0,349,339,15063,5,0,0,5,11
2020-10-22,US,Iowa,Mitchell,238,0,0,43.35638371,-92.78887719,19131.0,2248.2524088418672,0.0,238,236,0,0,236,236,10569,2,0,0,2,0
2020-10-22,US,Iowa,Monona,236,1,0,42.05220391,-95.95743843,19133.0,2739.408009286129,0.42372881355932196,235,233,1,0,232,231,8679,3,0,0,3,2
2020-10-22,US,Iowa,Monroe,251,11,0,41.02988815,-92.8690667,19135.0,3256.7795510574797,4.382470119521912,240,249,11,0,238,245,7790,2,0,0,2,4
2020-10-22,US,Iowa,Montgomery,161,6,0,41.03018714,-95.15642896,19137.0,1623.474841181809,3.7267080745341614,155,159,5,0,154,158,10003,2,1,0,1,1
2020-10-22,US,Iowa,Muscatine,1393,58,0,41.48370744,-91.11216970000001,19139.0,3265.047815488468,4.16367552045944,1335,1369,58,0,1311,1361,42929,24,0,0,24,8
2020-10-22,US,Iowa,O'Brien,616,14,0,43.08310673,-95.62474482,19141.0,4479.022758670835,2.272727272727273,602,590,14,0,576,582,13840,26,0,0,26,8
2020-10-22,US,Iowa,Osceola,261,0,0,43.37824276,-95.62422844,19143.0,4380.664652567976,0.0,261,254,0,0,254,248,6040,7,0,0,7,6
2020-10-22,US,Iowa,Page,374,0,0,40.7393172,-95.1497813,19145.0,2475.673528827696,0.0,374,368,0,0,368,362,15249,6,0,0,6,6
2020-10-22,US,Iowa,Palo Alto,298,2,0,43.08193849,-94.67824621,19147.0,3353.589916722935,0.6711409395973155,296,293,2,0,291,291,8929,5,0,0,5,2
2020-10-22,US,Iowa,Plymouth,1594,26,0,42.737633,-96.21366621,19149.0,6331.1752790245055,1.6311166875784189,1568,1571,26,0,1545,1544,25095,23,0,0,23,27
2020-10-22,US,Iowa,Pocahontas,217,2,0,42.73420133,-94.67862564,19151.0,3278.440852092461,0.9216589861751152,215,214,2,0,212,211,6740,3,0,0,3,3
2020-10-22,US,Iowa,Polk,18419,283,0,41.68679484,-93.57767461,19153.0,3757.7449042253465,1.5364569194853142,18136,18245,283,0,17962,18087,487204,174,0,0,174,158
2020-10-22,US,Iowa,Pottawattamie,3091,44,0,41.33640314,-95.53907776,19155.0,3316.31010879128,1.4234875444839858,3047,3032,44,0,2988,2998,93533,59,0,0,59,34
2020-10-22,US,Iowa,Poweshiek,441,11,0,41.68625425,-92.53155731,19157.0,2383.2684824902717,2.4943310657596367,430,439,11,0,428,430,18699,2,0,0,2,9
2020-10-22,US,Iowa,Ringgold,83,2,0,40.73518949,-94.24368535,19159.0,1695.9542296689826,2.409638554216868,81,82,2,0,80,82,4968,1,0,0,1,0
2020-10-22,US,Iowa,Sac,377,4,0,42.38624071,-95.10547892,19161.0,3878.201831087337,1.0610079575596818,373,372,4,0,368,369,9719,5,0,0,5,3
2020-10-22,US,Iowa,Scott,4210,37,0,41.63935978,-90.61959493,19163.0,2434.328073411471,0.8788598574821853,4173,4134,37,0,4097,4105,173283,76,0,0,76,29
2020-10-22,US,Iowa,Shelby,360,1,0,41.6850066,-95.31015553,19165.0,3143.006809848088,0.2777777777777778,359,350,1,0,349,351,11578,10,0,0,10,-1
2020-10-22,US,Iowa,Sioux,2343,14,0,43.08221074,-96.17675679999999,19167.0,6722.134557452302,0.5975245411865129,2329,2317,14,0,2303,2304,34909,26,0,0,26,13
2020-10-22,US,Iowa,Story,3910,18,0,42.03621213,-93.46499005,19169.0,4026.0716455409456,0.4603580562659846,3892,3898,18,0,3880,3874,98105,12,0,0,12,24
2020-10-22,US,Iowa,Tama,918,37,0,42.07991767,-92.53266945,19171.0,5446.77821288715,4.030501089324619,881,911,37,0,874,907,16904,7,0,0,7,4
2020-10-22,US,Iowa,Taylor,230,2,0,40.73710579,-94.69778563,19173.0,3757.555954909329,0.8695652173913043,228,225,2,0,223,225,6191,5,0,0,5,0
2020-10-22,US,Iowa,Unassigned,14,0,0,0.0,0.0,90019.0,0.0,0.0,14,9,0,0,9,5,,5,0,0,5,4
2020-10-22,US,Iowa,Union,219,4,0,41.0277278,-94.24234847,19175.0,1789.0695204640149,1.8264840182648399,215,217,4,0,213,216,12359,2,0,0,2,1
2020-10-22,US,Iowa,Van Buren,166,2,0,40.75326764,-91.95017958,19177.0,2356.6155593412827,1.2048192771084338,164,164,2,0,162,162,7020,2,0,0,2,2
2020-10-22,US,Iowa,Wapello,1494,62,0,41.03064984,-92.40954728,19179.0,4272.355514884612,4.149933065595716,1432,1483,62,0,1421,1475,35205,11,0,0,11,8
2020-10-22,US,Iowa,Warren,1185,6,0,41.33559454,-93.56007641,19181.0,2302.4909649088722,0.5063291139240507,1179,1171,6,0,1165,1159,51056,14,0,0,14,12
2020-10-22,US,Iowa,Washington,627,11,0,41.33577126,-91.71725711,19183.0,2854.5413157295698,1.7543859649122806,616,618,11,0,607,611,22141,9,0,0,9,7
2020-10-22,US,Iowa,Wayne,113,3,0,40.73969028,-93.32752197,19185.0,1754.385964912281,2.6548672566371683,110,113,3,0,110,112,6401,0,0,0,0,1
2020-10-22,US,Iowa,Webster,1789,14,0,42.42853483,-94.17987389,19187.0,4982.731729055258,0.7825600894354388,1775,1740,14,0,1726,1728,36277,49,0,0,49,12
2020-10-22,US,Iowa,Winnebago,458,18,0,43.37751174,-93.73407298,19189.0,4423.411242032064,3.930131004366812,440,447,18,0,429,445,10518,11,0,0,11,2
2020-10-22,US,Iowa,Winneshiek,455,9,0,43.29094334,-91.84422722,19191.0,2276.024210894903,1.978021978021978,446,451,9,0,442,447,20029,4,0,0,4,4
2020-10-22,US,Iowa,Woodbury,6979,94,0,42.38979414,-96.0459439,19193.0,6768.696596739312,1.3468978363662416,6885,6896,94,0,6802,6853,102539,83,0,0,83,43
2020-10-22,US,Iowa,Worth,134,0,0,43.37750768,-93.26087602,19195.0,1815.4721582441407,0.0,134,133,0,0,133,130,7453,1,0,0,1,3
2020-10-22,US,Iowa,Wright,707,1,0,42.73305373,-93.73515113,19197.0,5628.084699888554,0.14144271570014144,706,698,1,0,697,695,12690,9,0,0,9,3
2020-10-22,US,Kansas,Allen,112,1,0,37.88582951,-95.30030847,20001.0,905.489530277306,0.8928571428571429,111,112,1,0,111,112,12444,0,0,0,0,0
2020-10-22,US,Kansas,Anderson,167,0,0,38.21413251,-95.29272815,20003.0,2125.222702977857,0.0,167,167,0,0,167,167,7878,0,0,0,0,0
2020-10-22,US,Kansas,Atchison,500,5,0,39.53185661,-95.30870026,20005.0,3110.8069433210976,1.0,495,500,5,0,495,500,16193,0,0,0,0,0
2020-10-22,US,Kansas,Barber,31,0,0,37.2288586,-98.68460053,20007.0,700.2484752654167,0.0,31,31,0,0,31,27,4472,0,0,0,0,4
2020-10-22,US,Kansas,Barton,716,7,0,38.47889676,-98.75636726,20009.0,2777.4545172427174,0.9776536312849162,709,716,7,0,709,701,26111,0,0,0,0,15
2020-10-22,US,Kansas,Bourbon,306,3,0,37.85508555,-94.84865997,20011.0,2105.4080088069354,0.9803921568627452,303,306,3,0,303,306,14653,0,0,0,0,0
2020-10-22,US,Kansas,Brown,193,5,0,39.82652589,-95.56421698,20013.0,2017.9841070681725,2.5906735751295336,188,193,5,0,188,193,9598,0,0,0,0,0
2020-10-22,US,Kansas,Butler,825,3,0,37.78134351,-96.83878537,20015.0,1232.9811241798807,0.3636363636363637,822,810,3,0,807,802,66765,15,0,0,15,8
2020-10-22,US,Kansas,Chase,90,2,0,38.30292938,-96.59563862,20017.0,3398.7915407854985,2.2222222222222223,88,90,2,0,88,90,2629,0,0,0,0,0
2020-10-22,US,Kansas,Chautauqua,21,0,0,37.14994405,-96.2454192,20019.0,646.1538461538463,0.0,21,21,0,0,21,21,3309,0,0,0,0,0
2020-10-22,US,Kansas,Cherokee,650,7,0,37.16928494,-94.8462897,20021.0,3259.9428256181354,1.0769230769230769,643,650,7,0,643,636,20015,0,0,0,0,14
2020-10-22,US,Kansas,Cheyenne,109,5,0,39.78580976,-101.7318201,20023.0,4102.371095220173,4.587155963302751,104,109,5,0,104,95,2660,0,0,0,0,14
2020-10-22,US,Kansas,Clark,63,4,0,37.23577007,-99.81883015,20025.0,3159.4784353059167,6.349206349206349,59,61,1,0,60,60,2005,2,3,0,-1,1
2020-10-22,US,Kansas,Clay,86,2,0,39.34948772,-97.16518128,20027.0,1074.7313171707074,2.3255813953488373,84,86,2,0,84,78,7997,0,0,0,0,8
2020-10-22,US,Kansas,Cloud,104,1,0,39.48028352,-97.64925343,20029.0,1183.7013430457546,0.9615384615384616,103,104,1,0,103,102,8729,0,0,0,0,2
2020-10-22,US,Kansas,Coffey,148,9,0,38.2365018,-95.73379515,20031.0,1809.5121653013816,6.081081081081082,139,148,9,0,139,148,8233,0,0,0,0,0
2020-10-22,US,Kansas,Comanche,20,0,0,37.19114520000001,-99.27113247,20033.0,1176.4705882352941,0.0,20,20,0,0,20,19,1748,0,0,0,0,1
2020-10-22,US,Kansas,Cowley,484,10,0,37.23781842,-96.83776647,20035.0,1386.5016615102554,2.066115702479338,474,484,10,0,474,480,35218,0,0,0,0,4
2020-10-22,US,Kansas,Crawford,1354,10,0,37.50675523,-94.85245778,20037.0,3488.072543665309,0.7385524372230429,1344,1354,10,0,1344,1226,39019,0,0,0,0,128
2020-10-22,US,Kansas,Decatur,72,1,0,39.78468441,-100.45940809999999,20039.0,2546.869472939512,1.3888888888888888,71,72,1,0,71,64,2871,0,0,0,0,8
2020-10-22,US,Kansas,Dickinson,275,3,0,38.86600962,-97.15532383,20041.0,1489.22343766923,1.0909090909090908,272,275,3,0,272,275,18717,0,0,0,0,0
2020-10-22,US,Kansas,Doniphan,190,0,0,39.79067154,-95.14056866,20043.0,2500.0,0.0,190,190,0,0,190,190,7682,0,0,0,0,0
2020-10-22,US,Kansas,Douglas,2787,17,0,38.88503636,-95.2925121,20045.0,2279.586778887444,0.6099748833871547,2770,2769,17,0,2752,2756,121436,18,0,0,18,13
2020-10-22,US,Kansas,Edwards,64,0,0,37.88735543,-99.31263309,20047.0,2287.34810578985,0.0,64,64,0,0,64,61,2849,0,0,0,0,3
2020-10-22,US,Kansas,Elk,13,0,0,37.45338105,-96.24369667,20049.0,513.8339920948616,0.0,13,13,0,0,13,13,2508,0,0,0,0,0
2020-10-22,US,Kansas,Ellis,1329,16,0,38.91458712,-99.31751551,20051.0,4654.502153889259,1.2039127163280663,1313,1329,16,0,1313,1306,28710,0,0,0,0,23
2020-10-22,US,Kansas,Ellsworth,178,0,0,38.69677695,-98.20462799,20053.0,2917.076368403802,0.0,178,178,0,0,178,167,6196,0,0,0,0,11
2020-10-22,US,Kansas,Finney,2851,18,0,38.04340344,-100.73819379999999,20055.0,7818.027257520498,0.6313574184496668,2833,2766,16,0,2750,2714,36611,85,2,0,83,52
2020-10-22,US,Kansas,Ford,3171,13,0,37.69200114,-99.88825298,20057.0,9432.166334513222,0.4099653106275623,3158,3171,13,0,3158,3134,33888,0,0,0,0,37
2020-10-22,US,Kansas,Franklin,506,3,0,38.56443815,-95.28644341,20059.0,1980.8957093642346,0.5928853754940712,503,506,3,0,503,495,25631,0,0,0,0,11
2020-10-22,US,Kansas,Geary,384,4,0,38.99871131,-96.7577178,20061.0,1212.5039469529522,1.0416666666666667,380,369,4,0,365,369,32594,15,0,0,15,0
2020-10-22,US,Kansas,Gove,162,10,0,38.91588178,-100.4829321,20063.0,6145.6752655538685,6.172839506172839,152,162,10,0,152,148,2612,0,0,0,0,14
2020-10-22,US,Kansas,Graham,56,1,0,39.34987223,-99.88332493,20065.0,2256.2449637389204,1.7857142857142858,55,56,1,0,55,56,2492,0,0,0,0,0
2020-10-22,US,Kansas,Grant,417,8,0,37.56227336,-101.3079758,20067.0,5832.167832167832,1.9184652278177456,409,410,8,0,402,400,7336,7,0,0,7,10
2020-10-22,US,Kansas,Gray,197,0,0,37.73836671,-100.4369088,20069.0,3289.9131596526386,0.0,197,197,0,0,197,197,6033,0,0,0,0,0
2020-10-22,US,Kansas,Greeley,27,0,0,38.4808095,-101.8061079,20071.0,2191.558441558441,0.0,27,27,0,0,27,22,1227,0,0,0,0,5
2020-10-22,US,Kansas,Greenwood,75,0,0,37.8774388,-96.23250453,20073.0,1253.7612838515547,0.0,75,75,0,0,75,75,6055,0,0,0,0,0
2020-10-22,US,Kansas,Hamilton,57,0,0,37.99978709,-101.7921066,20075.0,2244.978337928318,0.0,57,57,0,0,57,55,2607,0,0,0,0,2
2020-10-22,US,Kansas,Harper,142,2,0,37.19175361,-98.07578384,20077.0,2612.214863870493,1.4084507042253518,140,142,2,0,140,140,5506,0,0,0,0,2
2020-10-22,US,Kansas,Harvey,506,7,0,38.04293782,-97.42747573,20079.0,1469.6912486566555,1.383399209486166,499,506,7,0,499,484,34210,0,0,0,0,22
2020-10-22,US,Kansas,Haskell,103,1,0,37.562039399999996,-100.8710738,20081.0,2595.766129032258,0.9708737864077671,102,103,1,0,102,103,3997,0,0,0,0,0
2020-10-22,US,Kansas,Hodgeman,32,0,0,38.08780079,-99.89829881,20083.0,1783.7235228539575,0.0,32,32,0,0,32,32,1818,0,0,0,0,0
2020-10-22,US,Kansas,Jackson,299,4,0,39.41673394,-95.79356799,20085.0,2270.1389416141524,1.3377926421404682,295,291,4,0,287,285,13280,8,0,0,8,6
2020-10-22,US,Kansas,Jefferson,266,4,0,39.2347941,-95.38289232,20087.0,1396.8387333928479,1.5037593984962403,262,261,4,0,257,256,18975,5,0,0,5,5
2020-10-22,US,Kansas,Jewell,28,1,0,39.78470589,-98.21820662,20089.0,972.5599166377216,3.571428571428572,27,28,1,0,27,21,2841,0,0,0,0,7
2020-10-22,US,Kansas,Johnson,13377,185,0,38.88548175,-94.82250877,20091.0,2220.613843602517,1.3829707707258727,13192,13297,183,0,13114,13154,597555,80,2,0,78,143
2020-10-22,US,Kansas,Kearny,133,3,0,38.00017981,-101.32168100000001,20093.0,3465.346534653465,2.255639097744361,130,133,3,0,130,131,3943,0,0,0,0,2
2020-10-22,US,Kansas,Kingman,113,3,0,37.55909527,-98.13638678,20095.0,1579.9776286353467,2.6548672566371683,110,113,3,0,110,109,7310,0,0,0,0,4
2020-10-22,US,Kansas,Kiowa,57,0,0,37.55848695,-99.2856537,20097.0,2303.030303030303,0.0,57,57,0,0,57,43,2516,0,0,0,0,14
2020-10-22,US,Kansas,Labette,372,6,0,37.19113093,-95.29849679,20099.0,1896.217759200734,1.6129032258064515,366,361,5,0,356,340,19964,11,1,0,10,21
2020-10-22,US,Kansas,Lane,20,0,0,38.48119447,-100.46607540000001,20101.0,1302.9315960912054,0.0,20,20,0,0,20,17,1560,0,0,0,0,3
2020-10-22,US,Kansas,Leavenworth,2493,18,0,39.20183497,-95.03620809,20103.0,3049.2428875461733,0.7220216606498195,2475,2493,18,0,2475,2471,81352,0,0,0,0,22
2020-10-22,US,Kansas,Lincoln,20,1,0,39.04549684,-98.20756994,20105.0,675.219446320054,5.0,19,20,1,0,19,17,3023,0,0,0,0,3
2020-10-22,US,Kansas,Linn,109,1,0,38.21267844,-94.84254089,20107.0,1123.3639080696692,0.9174311926605504,108,109,1,0,108,109,9750,0,0,0,0,0
2020-10-22,US,Kansas,Logan,68,0,0,38.91735806,-101.148475,20109.0,2433.78668575519,0.0,68,68,0,0,68,68,2844,0,0,0,0,0
2020-10-22,US,Kansas,Lyon,1277,39,0,38.45576156,-96.15275715,20111.0,3846.9649043530653,3.0540328895849647,1238,1268,39,0,1229,1263,33406,9,0,0,9,5
2020-10-22,US,Kansas,Marion,115,1,0,38.35855394,-97.09852509999999,20115.0,967.6876472568159,0.8695652173913043,114,115,1,0,114,114,11950,0,0,0,0,1
2020-10-22,US,Kansas,Marshall,64,0,0,39.78359669,-96.52278974,20117.0,659.3180179252088,0.0,64,64,0,0,64,64,9722,0,0,0,0,0
2020-10-22,US,Kansas,McPherson,372,6,0,38.39184858,-97.64769869,20113.0,1303.3424427159975,1.6129032258064515,366,359,6,0,353,359,28537,13,0,0,13,0
2020-10-22,US,Kansas,Meade,140,1,0,37.23859987,-100.36483100000001,20119.0,3471.3612695264073,0.7142857142857143,139,140,1,0,139,140,4146,0,0,0,0,0
2020-10-22,US,Kansas,Miami,509,2,0,38.56383358,-94.83832189,20121.0,1486.6956801121594,0.3929273084479371,507,509,2,0,507,477,33680,0,0,0,0,32
2020-10-22,US,Kansas,Mitchell,59,0,0,39.39331582,-98.20906732,20123.0,986.7870881418297,0.0,59,59,0,0,59,59,6150,0,0,0,0,0
2020-10-22,US,Kansas,Montgomery,656,6,0,37.19236568,-95.74329258,20125.0,2061.0135411103083,0.9146341463414634,650,656,6,0,650,631,32120,0,0,0,0,25
2020-10-22,US,Kansas,Morris,56,0,0,38.68827511,-96.65128437,20127.0,996.44128113879,0.0,56,56,0,0,56,51,5521,0,0,0,0,5
2020-10-22,US,Kansas,Morton,41,2,0,37.19141121,-101.79925190000002,20129.0,1584.8473134905296,4.878048780487805,39,41,2,0,39,39,2667,0,0,0,0,2
2020-10-22,US,Kansas,Nemaha,258,1,0,39.78345387,-96.01392079,20131.0,2521.7476297527123,0.3875968992248062,257,258,1,0,257,258,10155,0,0,0,0,0
2020-10-22,US,Kansas,Neosho,255,0,0,37.55862897,-95.30670046,20133.0,1593.0530392953085,0.0,255,245,0,0,245,212,15951,10,0,0,10,33
2020-10-22,US,Kansas,Ness,129,9,0,38.47974157,-99.91547333,20135.0,4690.909090909091,6.9767441860465125,120,129,9,0,120,107,2840,0,0,0,0,22
2020-10-22,US,Kansas,Norton,464,10,0,39.78443827,-99.90286639,20137.0,8655.101660138034,2.155172413793104,454,464,10,0,454,336,5430,0,0,0,0,128
2020-10-22,US,Kansas,Osage,152,2,0,38.65235984,-95.72707998,20139.0,953.0378080130417,1.3157894736842106,150,152,2,0,150,147,15941,0,0,0,0,5
2020-10-22,US,Kansas,Osborne,21,0,0,39.3503437,-98.76753828,20141.0,613.8555977784274,0.0,21,21,0,0,21,21,3475,0,0,0,0,0
2020-10-22,US,Kansas,Ottawa,111,0,0,39.13237408,-97.65020313,20143.0,1946.0028050490885,0.0,111,111,0,0,111,108,5802,0,0,0,0,3
2020-10-22,US,Kansas,Pawnee,413,1,0,38.18108732,-99.23692334,20145.0,6439.0396008730895,0.2421307506053269,412,413,1,0,412,413,6562,0,0,0,0,0
2020-10-22,US,Kansas,Phillips,175,9,0,39.78465501,-99.34668865,20147.0,3343.5231180741307,5.142857142857143,166,172,9,0,163,160,5317,3,0,0,3,12
2020-10-22,US,Kansas,Pottawatomie,367,0,0,39.37925655,-96.34564657,20149.0,1505.1470286675146,0.0,367,367,0,0,367,350,24277,0,0,0,0,17
2020-10-22,US,Kansas,Pratt,105,0,0,37.64780729,-98.73922153,20151.0,1145.7878655608904,0.0,105,105,0,0,105,104,9378,0,0,0,0,1
2020-10-22,US,Kansas,Rawlins,76,0,0,39.78525843,-101.07616170000001,20153.0,3003.9525691699605,0.0,76,76,0,0,76,75,2508,0,0,0,0,1
2020-10-22,US,Kansas,Reno,1937,15,0,37.95230263,-98.08607292,20155.0,3124.2943320752283,0.7743933918430562,1922,1891,13,0,1878,1851,62342,46,2,0,44,40
2020-10-22,US,Kansas,Republic,74,1,0,39.82799632,-97.65036709,20157.0,1596.2036238136325,1.351351351351351,73,74,1,0,73,74,4664,0,0,0,0,0
2020-10-22,US,Kansas,Rice,132,1,0,38.34616184,-98.19992118,20159.0,1384.083044982699,0.7575757575757576,131,123,1,0,122,123,9531,9,0,0,9,0
2020-10-22,US,Kansas,Riley,2096,11,0,39.28935726,-96.73420026,20161.0,2823.5801271688756,0.5248091603053435,2085,2096,11,0,2085,2057,73703,0,0,0,0,39
2020-10-22,US,Kansas,Rooks,141,7,0,39.35022773,-99.32484567,20163.0,2865.853658536585,4.964539007092198,134,141,7,0,134,141,5013,0,0,0,0,0
2020-10-22,US,Kansas,Rush,98,0,0,38.52275276,-99.30863983,20165.0,3227.931488801054,0.0,98,98,0,0,98,98,3093,0,0,0,0,0
2020-10-22,US,Kansas,Russell,165,4,0,38.91462787,-98.76254297,20167.0,2406.6511085180864,2.4242424242424243,161,165,4,0,161,161,6907,0,0,0,0,4
2020-10-22,US,Kansas,Saline,1030,13,0,38.78369175,-97.65185177,20169.0,1899.5278843316607,1.2621359223300972,1017,1030,13,0,1017,992,54401,0,0,0,0,38
2020-10-22,US,Kansas,Scott,174,1,0,38.48222076,-100.90665390000001,20171.0,3607.7130416753057,0.5747126436781609,173,171,1,0,170,164,4897,3,0,0,3,7
2020-10-22,US,Kansas,Sedgwick,10465,127,0,37.6842718,-97.4608198,20173.0,2027.93571065921,1.2135690396559962,10338,10330,121,0,10209,10221,513607,135,6,0,129,109
2020-10-22,US,Kansas,Seward,2049,11,0,37.19324632,-100.85072009999999,20175.0,9562.254993466491,0.5368472425573451,2038,2031,7,0,2024,2031,21780,18,4,0,14,0
2020-10-22,US,Kansas,Shawnee,3333,77,0,39.04100763,-95.75572640000001,20177.0,1884.3816254416959,2.31023102310231,3256,3292,77,0,3215,3277,177499,41,0,0,41,15
2020-10-22,US,Kansas,Sheridan,130,0,0,39.35018161,-100.44182590000001,20179.0,5156.683855612852,0.0,130,130,0,0,130,128,2533,0,0,0,0,2
2020-10-22,US,Kansas,Sherman,159,0,0,39.35147699,-101.71976240000001,20181.0,2687.172553658949,0.0,159,159,0,0,159,145,5899,0,0,0,0,14
2020-10-22,US,Kansas,Smith,19,0,0,39.78516566,-98.78566062,20183.0,530.2818866871337,0.0,19,19,0,0,19,19,3603,0,0,0,0,0
2020-10-22,US,Kansas,Stafford,72,1,0,38.03100851,-98.71762001,20185.0,1732.435033686237,1.3888888888888888,71,72,1,0,71,66,4178,0,0,0,0,6
2020-10-22,US,Kansas,Stanton,48,2,0,37.56304714,-101.78435340000001,20187.0,2392.8215353938185,4.166666666666667,46,48,2,0,46,48,1987,0,0,0,0,0
2020-10-22,US,Kansas,Stevens,211,1,0,37.1923008,-101.3118967,20189.0,3846.8550592525066,0.4739336492890995,210,211,1,0,210,207,5559,0,0,0,0,4
2020-10-22,US,Kansas,Sumner,246,3,0,37.23682549,-97.47721621,20191.0,1077.2464529689962,1.2195121951219512,243,246,3,0,243,244,22996,0,0,0,0,2
2020-10-22,US,Kansas,Thomas,295,2,0,39.35107575,-101.0553705,20193.0,3793.2364665037926,0.6779661016949152,293,295,2,0,293,282,7711,0,0,0,0,13
2020-10-22,US,Kansas,Trego,87,3,0,38.91467218,-99.87284448,20195.0,3103.817338565823,3.4482758620689653,84,74,3,0,71,74,2793,13,0,0,13,0
2020-10-22,US,Kansas,Wabaunsee,81,1,0,38.95471985,-96.20350509,20197.0,1168.6625306593564,1.2345679012345678,80,81,1,0,80,81,6899,0,0,0,0,0
2020-10-22,US,Kansas,Wallace,33,0,0,38.91686134,-101.76388759999999,20199.0,2173.913043478261,0.0,33,33,0,0,33,28,1503,0,0,0,0,5
2020-10-22,US,Kansas,Washington,31,0,0,39.78420784,-97.08753229999999,20201.0,573.4369219385867,0.0,31,31,0,0,31,29,5420,0,0,0,0,2
2020-10-22,US,Kansas,Wichita,27,0,0,38.48178252,-101.3471509,20203.0,1274.1859367626241,0.0,27,27,0,0,27,21,2105,0,0,0,0,6
2020-10-22,US,Kansas,Wilson,106,2,0,37.55937174,-95.74323255,20205.0,1243.4017595307919,1.8867924528301887,104,106,2,0,104,106,8665,0,0,0,0,0
2020-10-22,US,Kansas,Woodson,27,0,0,37.8865336,-95.74006277,20207.0,860.4206500956022,0.0,27,27,0,0,27,27,3183,0,0,0,0,0
2020-10-22,US,Kansas,Wyandotte,8059,161,0,39.11727348,-94.76378225,20209.0,4871.576325795357,1.9977664722670307,7898,8022,158,0,7864,7956,165324,37,3,0,34,66
2020-10-22,US,Kentucky,Adair,461,21,0,37.10459774,-85.28129668,21001.0,2400.7915842099787,4.55531453362256,440,455,21,0,434,451,19215,6,0,0,6,4
2020-10-22,US,Kentucky,Allen,512,11,0,36.75197631,-86.19457544,21003.0,2402.064273985456,2.1484375,501,500,9,0,491,489,21122,12,2,0,10,11
2020-10-22,US,Kentucky,Anderson,237,1,0,38.00671029,-84.99171713,21005.0,1041.8956345891766,0.4219409282700422,236,231,1,0,230,225,22663,6,0,0,6,6
2020-10-22,US,Kentucky,Ballard,69,1,0,37.05842757,-88.99427697,21007.0,874.7464503042596,1.4492753623188406,68,69,1,0,68,68,7979,0,0,0,0,1
2020-10-22,US,Kentucky,Barren,1048,13,0,36.96469836,-85.93338945,21009.0,2368.4151054261115,1.2404580152671756,1035,1015,13,0,1002,988,44176,33,0,0,33,27
2020-10-22,US,Kentucky,Bath,108,1,0,38.14735938,-83.74588932,21011.0,864.0,0.925925925925926,107,106,1,0,105,104,12383,2,0,0,2,2
2020-10-22,US,Kentucky,Bell,647,17,0,36.73355174,-83.67766671,21013.0,2485.40258143823,2.627511591962905,630,631,17,0,614,623,26569,16,0,0,16,8
2020-10-22,US,Kentucky,Boone,2006,25,0,38.97065142,-84.72615357,21015.0,1501.7105726113746,1.2462612163509472,1981,1986,25,0,1961,1941,131533,20,0,0,20,45
2020-10-22,US,Kentucky,Bourbon,294,1,0,38.2054607,-84.21827874,21017.0,1485.748938750758,0.3401360544217687,293,287,1,0,286,284,20184,7,0,0,7,3
2020-10-22,US,Kentucky,Boyd,621,20,0,38.36176608,-82.68652187,21019.0,1329.2521083950512,3.2206119162640903,601,612,20,0,592,600,47240,9,0,0,9,12
2020-10-22,US,Kentucky,Boyle,423,0,0,37.62680923,-84.8633779,21021.0,1407.185628742515,0.0,423,416,0,0,416,406,30100,7,0,0,7,10
2020-10-22,US,Kentucky,Bracken,65,1,0,38.69158994,-84.08532444,21023.0,782.849572443695,1.5384615384615383,64,59,1,0,58,52,8239,6,0,0,6,7
2020-10-22,US,Kentucky,Breathitt,115,0,0,37.52333168,-83.31959161,21025.0,910.5304829770387,0.0,115,114,0,0,114,112,12726,1,0,0,1,2
2020-10-22,US,Kentucky,Breckinridge,187,2,0,37.77377239,-86.42885017,21027.0,913.2197099184452,1.0695187165775402,185,183,2,0,181,177,20388,4,0,0,4,6
2020-10-22,US,Kentucky,Bullitt,1298,14,0,37.97162523,-85.68955617,21029.0,1589.2061315441501,1.078582434514638,1284,1286,14,0,1272,1256,81069,12,0,0,12,30
2020-10-22,US,Kentucky,Butler,393,16,0,37.20946153,-86.68748787,21031.0,3051.479152108083,4.0712468193384215,377,394,16,0,378,393,12772,-1,0,0,-1,1
2020-10-22,US,Kentucky,Caldwell,246,0,0,37.14749129,-87.86948214,21033.0,1929.8658507884206,0.0,246,240,0,0,240,239,12715,6,0,0,6,1
2020-10-22,US,Kentucky,Calloway,884,9,0,36.62093411,-88.2731593,21035.0,2266.608548498757,1.0180995475113122,875,868,9,0,859,857,39135,16,0,0,16,11
2020-10-22,US,Kentucky,Campbell,1126,16,0,38.94384345,-84.37875208,21037.0,1203.1971277141392,1.4209591474245116,1110,1113,16,0,1097,1085,93152,13,0,0,13,28
2020-10-22,US,Kentucky,Carlisle,101,1,0,36.85372876,-88.96692220000001,21039.0,2121.848739495799,0.99009900990099,100,101,1,0,100,101,4771,0,0,0,0,0
2020-10-22,US,Kentucky,Carroll,214,5,0,38.66599534,-85.12601074,21041.0,2012.980904900762,2.336448598130841,209,214,5,0,209,212,10737,0,0,0,0,2
2020-10-22,US,Kentucky,Carter,313,4,0,38.31690743,-83.05092385,21043.0,1168.0411986416389,1.2779552715654952,309,312,4,0,308,303,27004,1,0,0,1,9
2020-10-22,US,Kentucky,Casey,309,15,0,37.32533118,-84.92726209,21045.0,1912.247044990408,4.854368932038835,294,307,15,0,292,304,15888,2,0,0,2,3
2020-10-22,US,Kentucky,Christian,1769,27,0,36.89267803,-87.49055367,21047.0,2510.6087055250423,1.5262860373092142,1742,1751,27,0,1724,1735,71671,18,0,0,18,16
2020-10-22,US,Kentucky,Clark,460,11,0,37.9689263,-84.14615986,21049.0,1268.5106030940628,2.391304347826087,449,455,11,0,444,452,36249,5,0,0,5,3
2020-10-22,US,Kentucky,Clay,462,6,0,37.16451126,-83.712575,21051.0,2321.4913823425964,1.2987012987012987,456,451,6,0,445,444,20105,11,0,0,11,7
2020-10-22,US,Kentucky,Clinton,209,3,0,36.72581156,-85.13377529,21053.0,2045.4100606772367,1.4354066985645932,206,208,3,0,205,208,10206,1,0,0,1,0
2020-10-22,US,Kentucky,Crittenden,161,1,0,37.35839237,-88.08826090000002,21055.0,1828.2988871224163,0.6211180124223602,160,154,1,0,153,153,8915,7,0,0,7,1
2020-10-22,US,Kentucky,Cumberland,129,0,0,36.78926125,-85.39050034,21057.0,1950.408224977321,0.0,129,125,0,0,125,125,6659,4,0,0,4,0
2020-10-22,US,Kentucky,Daviess,1861,27,0,37.73028906,-87.09019479999998,21059.0,1833.2988543113559,1.4508328855454058,1834,1837,27,0,1810,1822,101104,24,0,0,24,15
2020-10-22,US,Kentucky,Edmonson,174,12,0,37.21218923,-86.23955613,21061.0,1432.0987654320984,6.896551724137932,162,170,12,0,158,163,12274,4,0,0,4,7
2020-10-22,US,Kentucky,Elliott,104,0,0,38.11624059,-83.09771563,21063.0,1383.5306638286554,0.0,104,101,0,0,101,62,7508,3,0,0,3,39
2020-10-22,US,Kentucky,Estill,253,0,0,37.69241417,-83.95956369,21065.0,1793.5630228271655,0.0,253,252,0,0,252,251,14198,1,0,0,1,1
2020-10-22,US,Kentucky,Fayette,10142,86,0,38.0368225,-84.45576892,21067.0,3138.461157597663,0.8479589824492211,10056,10048,85,0,9963,10016,323780,94,1,0,93,32
2020-10-22,US,Kentucky,Fleming,155,0,0,38.36758311,-83.69657514,21069.0,1063.027227213497,0.0,155,147,0,0,147,143,14432,8,0,0,8,4
2020-10-22,US,Kentucky,Floyd,310,4,0,37.56213922,-82.74750924,21071.0,871.0556632667398,1.2903225806451613,306,301,4,0,297,298,35845,9,0,0,9,3
2020-10-22,US,Kentucky,Franklin,813,14,0,38.2379395,-84.87962551,21073.0,1594.3990115902807,1.7220172201722015,799,809,14,0,795,800,50815,4,0,0,4,9
2020-10-22,US,Kentucky,Fulton,229,3,0,36.55238827,-89.20140068,21075.0,3836.488524040879,1.310043668122271,226,224,3,0,221,217,6120,5,0,0,5,7
2020-10-22,US,Kentucky,Gallatin,121,8,0,38.75398691,-84.8558382,21077.0,1364.3026271281994,6.6115702479338845,113,121,8,0,113,117,8832,0,0,0,0,4
2020-10-22,US,Kentucky,Garrard,275,3,0,37.638866799999995,-84.53289319,21079.0,1556.6625155666254,1.0909090909090908,272,269,3,0,266,258,17560,6,0,0,6,11
2020-10-22,US,Kentucky,Grant,225,6,0,38.64962758,-84.62415957,21081.0,897.5228369699629,2.6666666666666665,219,222,6,0,216,220,25121,3,0,0,3,2
2020-10-22,US,Kentucky,Graves,859,29,0,36.72292505,-88.65143315,21083.0,2305.050179788547,3.3760186263096625,830,854,29,0,825,849,37317,5,0,0,5,5
2020-10-22,US,Kentucky,Grayson,483,15,0,37.46231118,-86.34248968,21085.0,1827.6762402088773,3.1055900621118013,468,472,15,0,457,466,26321,11,0,0,11,6
2020-10-22,US,Kentucky,Green,321,8,0,37.26484328,-85.5540745,21087.0,2933.9182890046613,2.4922118380062304,313,319,8,0,311,316,11049,2,0,0,2,3
2020-10-22,US,Kentucky,Greenup,584,10,0,38.54332505,-82.9215658,21089.0,1663.9124736452218,1.7123287671232876,574,580,8,0,572,568,35268,4,2,0,2,12
2020-10-22,US,Kentucky,Hancock,125,2,0,37.83766422,-86.78280584,21091.0,1433.1575326759914,1.6,123,124,1,0,123,120,8758,1,1,0,0,4
2020-10-22,US,Kentucky,Hardin,1824,13,0,37.6976111,-85.96319251,21093.0,1643.8652463094143,0.7127192982456141,1811,1788,12,0,1776,1711,110356,36,1,0,35,77
2020-10-22,US,Kentucky,Harlan,572,13,0,36.85699301,-83.21899516,21095.0,2199.1541714725104,2.272727272727273,559,565,13,0,552,566,26409,7,0,0,7,-1
2020-10-22,US,Kentucky,Harrison,257,1,0,38.44188174,-84.32869741,21097.0,1360.7963570899076,0.3891050583657588,256,249,1,0,248,247,18778,8,0,0,8,2
2020-10-22,US,Kentucky,Hart,323,1,0,37.29943898,-85.88461055,21099.0,1696.8741791436828,0.30959752321981426,322,304,1,0,303,288,18906,19,0,0,19,16
2020-10-22,US,Kentucky,Henderson,1248,24,0,37.79344553,-87.57392021,21101.0,2760.4512276045125,1.9230769230769231,1224,1229,23,0,1206,1222,45591,19,1,0,18,7
2020-10-22,US,Kentucky,Henry,248,2,0,38.44942688,-85.11587507,21103.0,1537.8891231551531,0.8064516129032258,246,245,2,0,243,239,16106,3,0,0,3,6
2020-10-22,US,Kentucky,Hickman,109,1,0,36.67948079999999,-88.97875928,21105.0,2488.584474885845,0.9174311926605504,108,104,1,0,103,103,4421,5,0,0,5,1
2020-10-22,US,Kentucky,Hopkins,970,42,0,37.30939025,-87.54670406,21107.0,2170.702233361679,4.3298969072164954,928,963,42,0,921,928,45068,7,0,0,7,35
2020-10-22,US,Kentucky,Jackson,431,17,0,37.41866422,-83.99825483,21109.0,3233.550904043814,3.94431554524362,414,424,17,0,407,422,13442,7,0,0,7,2
2020-10-22,US,Kentucky,Jefferson,20441,341,0,38.18664655,-85.65931031,21111.0,2665.903278352855,1.668215840712294,20100,20172,339,0,19833,19842,770517,269,2,0,267,330
2020-10-22,US,Kentucky,Jessamine,903,7,0,37.87119786,-84.58252003,21113.0,1668.6685761803567,0.7751937984496124,896,886,6,0,880,872,53920,17,1,0,16,14
2020-10-22,US,Kentucky,Johnson,272,2,0,37.85106355,-82.8264322,21115.0,1225.8878673156662,0.7352941176470589,270,269,2,0,267,260,22386,3,0,0,3,9
2020-10-22,US,Kentucky,Kenton,2471,49,0,38.93950319,-84.53241199,21117.0,1479.658439023222,1.9830028328611895,2422,2455,49,0,2406,2407,166051,16,0,0,16,48
2020-10-22,US,Kentucky,Knott,308,3,0,37.35388197,-82.94981134,21119.0,2080.2377414561665,0.9740259740259741,305,303,2,0,301,303,15126,5,1,0,4,0
2020-10-22,US,Kentucky,Knox,777,9,0,36.89225732,-83.85403396,21121.0,2494.782469096163,1.1583011583011582,768,766,9,0,757,739,31304,11,0,0,11,27
2020-10-22,US,Kentucky,Larue,236,1,0,37.54567114,-85.70138352,21123.0,1639.1165439644394,0.42372881355932196,235,227,1,0,226,220,14307,9,0,0,9,7
2020-10-22,US,Kentucky,Laurel,1333,7,0,37.10975748,-84.11321779,21125.0,2191.965533685232,0.5251312828207052,1326,1307,7,0,1300,1272,60669,26,0,0,26,35
2020-10-22,US,Kentucky,Lawrence,137,0,0,38.07136018,-82.72882223,21127.0,894.4310243520273,0.0,137,131,0,0,131,126,15571,6,0,0,6,5
2020-10-22,US,Kentucky,Lee,58,1,0,37.59645942,-83.71513901,21129.0,783.4661623666083,1.7241379310344829,57,48,0,0,48,46,7033,10,1,0,9,2
2020-10-22,US,Kentucky,Leslie,123,0,0,37.09246661,-83.37999606,21131.0,1245.3174040700615,0.0,123,121,0,0,121,120,10143,2,0,0,2,1
2020-10-22,US,Kentucky,Letcher,291,2,0,37.12306748,-82.85346474,21133.0,1350.160070523825,0.6872852233676976,289,286,2,0,284,286,21899,5,0,0,5,0
2020-10-22,US,Kentucky,Lewis,271,15,0,38.53184419,-83.37735618,21135.0,2041.4312617702446,5.535055350553505,256,266,15,0,251,264,13257,5,0,0,5,2
2020-10-22,US,Kentucky,Lincoln,297,18,0,37.45475628,-84.6565327,21137.0,1209.8252474642552,6.0606060606060606,279,291,18,0,273,283,24644,6,0,0,6,8
2020-10-22,US,Kentucky,Livingston,123,1,0,37.21137452,-88.34797529,21139.0,1337.8290189253862,0.8130081300813008,122,121,1,0,120,121,9242,2,0,0,2,0
2020-10-22,US,Kentucky,Logan,716,30,0,36.85949479,-86.877635,21141.0,2641.871448601579,4.189944134078212,686,711,30,0,681,699,26989,5,0,0,5,12
2020-10-22,US,Kentucky,Lyon,104,4,0,37.02080035,-88.07886257,21143.0,1266.7478684531059,3.8461538461538463,100,98,4,0,94,98,8009,6,0,0,6,0
2020-10-22,US,Kentucky,Madison,2245,13,0,37.71659336,-84.27220275,21151.0,2414.31597965307,0.5790645879732739,2232,2217,13,0,2204,2186,92368,28,0,0,28,31
2020-10-22,US,Kentucky,Magoffin,149,0,0,37.70820545,-83.0657714,21153.0,1225.2281884713427,0.0,149,148,0,0,148,143,12362,1,0,0,1,5
2020-10-22,US,Kentucky,Marion,391,10,0,37.55218078,-85.26898542,21155.0,2028.744876251751,2.557544757033248,381,367,10,0,357,345,19404,24,0,0,24,22
2020-10-22,US,Kentucky,Marshall,440,6,0,36.88007070000001,-88.32803576,21157.0,1414.790996784566,1.3636363636363635,434,433,6,0,427,429,31191,7,0,0,7,4
2020-10-22,US,Kentucky,Martin,153,3,0,37.79990579,-82.51247478,21159.0,1366.6815542652969,1.96078431372549,150,148,3,0,145,143,11323,5,0,0,5,5
2020-10-22,US,Kentucky,Mason,161,2,0,38.59471935,-83.82151043,21161.0,943.1751611013474,1.2422360248447204,159,160,2,0,158,158,17150,1,0,0,1,2
2020-10-22,US,Kentucky,McCracken,1008,12,0,37.05350953,-88.70445755,21145.0,1540.8603136751349,1.1904761904761905,996,994,11,0,983,977,65346,14,1,0,13,17
2020-10-22,US,Kentucky,McCreary,249,1,0,36.73874143,-84.48102924,21147.0,1445.0699320991234,0.4016064257028112,248,248,1,0,247,241,17408,1,0,0,1,7
2020-10-22,US,Kentucky,McLean,156,3,0,37.5301951,-87.26803443,21149.0,1694.3629846855654,1.9230769230769231,153,153,3,0,150,145,9252,3,0,0,3,8
2020-10-22,US,Kentucky,Meade,355,3,0,37.96163597,-86.21028219,21163.0,1242.47515049699,0.8450704225352113,352,339,3,0,336,324,28715,16,0,0,16,15
2020-10-22,US,Kentucky,Menifee,77,1,0,37.94090733,-83.59985712,21165.0,1186.623516720604,1.2987012987012987,76,76,1,0,75,76,6451,1,0,0,1,0
2020-10-22,US,Kentucky,Mercer,331,6,0,37.81474237,-84.87488475,21167.0,1509.1414763142295,1.8126888217522656,325,327,6,0,321,324,21774,4,0,0,4,3
2020-10-22,US,Kentucky,Metcalfe,175,2,0,36.99459295,-85.63123699,21169.0,1737.6625955714428,1.1428571428571428,173,174,2,0,172,167,10030,1,0,0,1,7
2020-10-22,US,Kentucky,Monroe,258,4,0,36.71225341,-85.71596443,21171.0,2422.535211267605,1.5503875968992251,254,257,4,0,253,255,10718,1,0,0,1,2
2020-10-22,US,Kentucky,Montgomery,397,4,0,38.03253032,-83.9145241,21173.0,1409.9513442483221,1.0075566750629723,393,389,4,0,385,385,28203,8,0,0,8,4
2020-10-22,US,Kentucky,Morgan,114,0,0,37.92465657,-83.25558245,21175.0,856.5632278909009,0.0,114,107,0,0,107,104,13345,7,0,0,7,3
2020-10-22,US,Kentucky,Muhlenberg,938,13,0,37.21425819,-87.14632053,21177.0,3063.157207236627,1.3859275053304905,925,928,13,0,915,925,30774,10,0,0,10,3
2020-10-22,US,Kentucky,Nelson,776,4,0,37.80335779,-85.4657193,21179.0,1678.454783379837,0.5154639175257731,772,740,4,0,736,717,45851,36,0,0,36,23
2020-10-22,US,Kentucky,Nicholas,103,2,0,38.33342292,-84.01889177,21181.0,1416.9762003026553,1.9417475728155342,101,103,1,0,102,98,7166,0,1,0,-1,5
2020-10-22,US,Kentucky,Ohio,580,9,0,37.47751843,-86.85368087,21183.0,2417.27098441277,1.5517241379310345,571,572,9,0,563,570,24087,8,0,0,8,2
2020-10-22,US,Kentucky,Oldham,1374,26,0,38.39791089,-85.448222,21185.0,2056.917019715864,1.8922852983988356,1348,1370,26,0,1344,1342,66470,4,0,0,4,28
2020-10-22,US,Kentucky,Owen,115,3,0,38.51679143,-84.82404619,21187.0,1054.9490872397027,2.608695652173913,112,115,3,0,112,115,10880,0,0,0,0,0
2020-10-22,US,Kentucky,Owsley,76,1,0,37.42823949,-83.68811419,21189.0,1721.4043035107584,1.3157894736842106,75,72,1,0,71,70,4472,4,0,0,4,2
2020-10-22,US,Kentucky,Pendleton,113,0,0,38.69607718,-84.35599463,21191.0,774.5030843043179,0.0,113,112,0,0,112,111,14529,1,0,0,1,1
2020-10-22,US,Kentucky,Perry,472,9,0,37.25023553,-83.22922731,21193.0,1832.4404068638873,1.9067796610169487,463,461,9,0,452,454,26092,11,0,0,11,7
2020-10-22,US,Kentucky,Pike,759,3,0,37.47088263,-82.39487445,21195.0,1311.4244246319718,0.3952569169960474,756,749,3,0,746,713,58402,10,0,0,10,36
2020-10-22,US,Kentucky,Powell,136,0,0,37.83218794,-83.82553961,21197.0,1100.4126547455296,0.0,136,133,0,0,133,133,12442,3,0,0,3,0
2020-10-22,US,Kentucky,Pulaski,965,13,0,37.10466131,-84.57629079,21199.0,1485.0951845981008,1.3471502590673574,952,963,13,0,950,958,64623,2,0,0,2,5
2020-10-22,US,Kentucky,Robertson,17,1,0,38.51923469,-84.05055616,21201.0,806.4516129032259,5.882352941176472,16,16,1,0,15,16,2135,1,0,0,1,0
2020-10-22,US,Kentucky,Rockcastle,308,2,0,37.36642393,-84.31176452,21203.0,1844.8637316561844,0.6493506493506493,306,295,1,0,294,288,16750,13,1,0,12,7
2020-10-22,US,Kentucky,Rowan,330,1,0,38.19484205,-83.42088935,21205.0,1349.141455437449,0.30303030303030304,329,324,1,0,323,318,24583,6,0,0,6,6
2020-10-22,US,Kentucky,Russell,364,6,0,36.99308373,-85.06070117,21207.0,2030.910003905596,1.6483516483516485,358,360,6,0,354,352,17821,4,0,0,4,8
2020-10-22,US,Kentucky,Scott,1056,18,0,38.29622293,-84.5816631,21209.0,1852.501578836573,1.7045454545454546,1038,1034,17,0,1017,1023,56031,22,1,0,21,11
2020-10-22,US,Kentucky,Shelby,1341,24,0,38.21476019,-85.194223,21211.0,2735.394908616188,1.7897091722595078,1317,1312,24,0,1288,1292,48518,29,0,0,29,20
2020-10-22,US,Kentucky,Simpson,329,8,0,36.74058474,-86.58047435,21213.0,1771.4839543398666,2.4316109422492405,321,321,8,0,313,318,18529,8,0,0,8,3
2020-10-22,US,Kentucky,Spencer,280,0,0,38.03223971,-85.32749335,21215.0,1446.9536458064185,0.0,280,269,0,0,269,265,18794,11,0,0,11,4
2020-10-22,US,Kentucky,Taylor,448,7,0,37.3677562,-85.3329931,21217.0,1738.5230315495362,1.5625,441,440,7,0,433,434,25549,8,0,0,8,6
2020-10-22,US,Kentucky,Todd,276,11,0,36.8381152,-87.17878374,21219.0,2244.9975597852613,3.985507246376812,265,274,11,0,263,274,12311,2,0,0,2,0
2020-10-22,US,Kentucky,Trigg,234,0,0,36.80767017,-87.87333656,21221.0,1597.1606033717835,0.0,234,230,0,0,230,230,14643,4,0,0,4,0
2020-10-22,US,Kentucky,Trimble,84,0,0,38.61056487,-85.33775972,21223.0,991.6184629913824,0.0,84,84,0,0,84,80,8515,0,0,0,0,4
2020-10-22,US,Kentucky,Union,493,6,0,37.66166713,-87.94300009,21225.0,3428.1343439260136,1.2170385395537526,487,485,6,0,479,484,14505,8,0,0,8,1
2020-10-22,US,Kentucky,Warren,4999,57,0,36.99903045,-86.42672751,21227.0,3761.588008668432,1.1402280456091218,4942,4962,57,0,4905,4943,131264,37,0,0,37,19
2020-10-22,US,Kentucky,Washington,214,1,0,37.75599461,-85.17407732,21229.0,1769.3261678379495,0.4672897196261682,213,212,1,0,211,200,12084,2,0,0,2,12
2020-10-22,US,Kentucky,Wayne,261,1,0,36.80310688,-84.8251971,21231.0,1283.6276004524664,0.3831417624521073,260,257,1,0,256,252,20468,4,0,0,4,5
2020-10-22,US,Kentucky,Webster,297,5,0,37.52168356,-87.67989953,21233.0,2294.8539638386646,1.6835016835016836,292,293,5,0,288,288,13111,4,0,0,4,5
2020-10-22,US,Kentucky,Whitley,742,6,0,36.75700531,-84.14541217,21235.0,2046.1063313478933,0.8086253369272237,736,737,6,0,731,713,36242,5,0,0,5,24
2020-10-22,US,Kentucky,Wolfe,58,0,0,37.73941626,-83.49303612,21237.0,810.3954170741931,0.0,58,58,0,0,58,59,7177,0,0,0,0,-1
2020-10-22,US,Kentucky,Woodford,358,0,0,38.04178222,-84.7417556,21239.0,1339.1187252188224,0.0,358,356,0,0,356,350,26533,2,0,0,2,6
2020-10-22,US,Louisiana,Acadia,3112,100,0,30.295064899999996,-92.41419698,22001.0,5015.714400838101,3.2133676092544987,3012,3091,100,0,2991,3082,62190,21,0,0,21,9
2020-10-22,US,Louisiana,Allen,1835,54,0,30.65385745,-92.82442028,22003.0,7160.416747961135,2.942779291553133,1781,1823,54,0,1769,1814,25605,12,0,0,12,9
2020-10-22,US,Louisiana,Ascension,3998,98,0,30.20406249,-90.91328409999998,22005.0,3157.8781081166467,2.4512256128064034,3900,3992,98,0,3894,3955,124672,6,0,0,6,37
2020-10-22,US,Louisiana,Assumption,794,24,0,29.89946234,-91.06461642,22007.0,3627.061349413001,3.022670025188917,770,788,24,0,764,782,22300,6,0,0,6,6
2020-10-22,US,Louisiana,Avoyelles,1692,62,0,31.07796211,-92.00079449,22009.0,4214.826624153049,3.664302600472813,1630,1679,62,0,1617,1676,40462,13,0,0,13,3
2020-10-22,US,Louisiana,Beauregard,1063,40,0,30.64836518,-93.34173616,22011.0,2834.8934581433173,3.762935089369708,1023,1056,40,0,1016,1050,37253,7,0,0,7,6
2020-10-22,US,Louisiana,Bienville,584,33,0,32.34569994,-93.05398492,22013.0,4410.543010346651,5.6506849315068495,551,581,33,0,548,578,13308,3,0,0,3,3
2020-10-22,US,Louisiana,Bossier,4082,117,0,32.67932307,-93.60460152,22015.0,3213.186501782917,2.8662420382165603,3965,4023,117,0,3906,3983,127185,59,0,0,59,40
2020-10-22,US,Louisiana,Caddo,9855,391,0,32.57991587,-93.88375652,22017.0,4102.762651746017,3.967529173008625,9464,9784,390,0,9394,9729,242922,71,1,0,70,55
2020-10-22,US,Louisiana,Calcasieu,8284,224,0,30.22931235,-93.35400434,22019.0,4072.0423130616014,2.7040077257363597,8060,8256,223,0,8033,8198,203112,28,1,0,27,58
2020-10-22,US,Louisiana,Caldwell,344,3,0,32.0902519,-92.11752148,22021.0,3468.4412179874976,0.8720930232558141,341,340,3,0,337,336,9960,4,0,0,4,4
2020-10-22,US,Louisiana,Cameron,242,2,0,29.87592238,-93.19310676,22023.0,3470.5291839954107,0.8264462809917356,240,238,2,0,236,242,6968,4,0,0,4,-4
2020-10-22,US,Louisiana,Catahoula,459,14,0,31.66778967,-91.84526385,22025.0,4834.632399410154,3.0501089324618738,445,455,14,0,441,457,9608,4,0,0,4,-2
2020-10-22,US,Louisiana,Claiborne,599,24,0,32.82308512,-92.99526883,22027.0,3822.590938098277,4.006677796327212,575,593,24,0,569,591,15944,6,0,0,6,2
2020-10-22,US,Louisiana,Concordia,593,16,0,31.44817835,-91.63814433,22029.0,3079.079910691105,2.69814502529511,577,576,16,0,560,575,19572,17,0,0,17,1
2020-10-22,US,Louisiana,De Soto,1007,35,0,32.05457447,-93.74130302,22031.0,3666.751629465098,3.475670307845085,972,1000,35,0,965,995,27436,7,0,0,7,5
2020-10-22,US,Louisiana,East Baton Rouge,15869,456,0,30.53842039,-91.09777565,22033.0,3606.1073628763415,2.8735270023315898,15413,15846,456,0,15390,15738,440956,23,0,0,23,108
2020-10-22,US,Louisiana,East Carroll,576,6,0,32.73926954,-91.23425694,22035.0,8395.277656318322,1.0416666666666667,570,575,6,0,569,573,7037,1,0,0,1,2
2020-10-22,US,Louisiana,East Feliciana,1794,76,0,30.84425359,-91.04976723,22037.0,9375.489939900706,4.23634336677815,1718,1786,75,0,1711,1786,19305,8,1,0,7,0
2020-10-22,US,Louisiana,Evangeline,1400,39,0,30.72985248,-92.39915924,22039.0,4192.244347956281,2.7857142857142856,1361,1389,39,0,1350,1388,33443,11,0,0,11,1
2020-10-22,US,Louisiana,Franklin,1299,44,0,32.13675181,-91.67589857,22041.0,6490.132400699476,3.387220939183988,1255,1287,44,0,1243,1276,20156,12,0,0,12,11
2020-10-22,US,Louisiana,Grant,528,30,0,31.59882456,-92.56124347,22043.0,2358.300951360043,5.6818181818181825,498,522,30,0,492,523,22482,6,0,0,6,-1
2020-10-22,US,Louisiana,Iberia,3060,93,0,29.86803617,-91.75871777,22045.0,4382.0707432335685,3.0392156862745097,2967,3049,93,0,2956,3043,70941,11,0,0,11,6
2020-10-22,US,Louisiana,Iberville,1462,60,0,30.25734305,-91.3499598,22047.0,4496.939497400879,4.1039671682626535,1402,1457,60,0,1397,1448,32721,5,0,0,5,9
2020-10-22,US,Louisiana,Jackson,847,22,0,32.30251776,-92.55692092,22049.0,5379.827235772358,2.5974025974025974,825,829,22,0,807,814,15902,18,0,0,18,15
2020-10-22,US,Louisiana,Jefferson,18491,581,0,29.74075478,-90.11115756,22051.0,4275.444920495823,3.1420691147044506,17910,18441,581,0,17860,18405,434051,50,0,0,50,36
2020-10-22,US,Louisiana,Jefferson Davis,1329,43,0,30.26896765,-92.81210004,22053.0,4236.801836266259,3.235515425131678,1286,1323,43,0,1280,1330,31582,6,0,0,6,-7
2020-10-22,US,Louisiana,LaSalle,485,10,0,31.67884782,-92.15907765,22059.0,3256.7821649207617,2.061855670103093,475,483,10,0,473,480,14917,2,0,0,2,3
2020-10-22,US,Louisiana,Lafayette,9378,137,0,30.2049055,-92.06959876,22055.0,3837.309218871476,1.4608658562593304,9241,9345,137,0,9208,9315,242782,33,0,0,33,30
2020-10-22,US,Louisiana,Lafourche,3862,126,0,29.52470226,-90.40976986,22057.0,3956.3996967648077,3.262558259968928,3736,3854,126,0,3728,3846,98115,8,0,0,8,8
2020-10-22,US,Louisiana,Lincoln,1630,48,0,32.6003154,-92.66597409999999,22061.0,3487.2277609002613,2.9447852760736195,1582,1622,48,0,1574,1607,47196,8,0,0,8,15
2020-10-22,US,Louisiana,Livingston,4132,79,0,30.44143993,-90.73061664,22063.0,2934.8883790637046,1.9119070667957403,4053,4135,79,0,4056,4097,139567,-3,0,0,-3,38
2020-10-22,US,Louisiana,Madison,892,8,0,32.36918118,-91.23973355,22065.0,8145.374851611725,0.8968609865470852,884,892,8,0,884,892,11161,0,0,0,0,0
2020-10-22,US,Louisiana,Morehouse,882,26,0,32.81686191,-91.80421614,22067.0,3545.871190801641,2.947845804988662,856,874,25,0,849,877,25398,8,1,0,7,-3
2020-10-22,US,Louisiana,Natchitoches,1437,28,0,31.72321584,-93.09816516,22069.0,3765.9206457361493,1.9485038274182325,1409,1422,27,0,1395,1409,38659,15,1,0,14,13
2020-10-22,US,Louisiana,Orleans,13324,592,0,30.06971951,-89.92660315,22071.0,3415.1492782152227,4.4431101771239865,12732,13289,592,0,12697,13271,391006,35,0,0,35,18
2020-10-22,US,Louisiana,Ouachita,6880,160,0,32.47645559,-92.15704172,22073.0,4488.547028621011,2.3255813953488373,6720,6845,160,0,6685,6819,154475,35,0,0,35,26
2020-10-22,US,Louisiana,Plaquemines,884,19,0,29.42245447,-89.60322085,22075.0,3810.837608311419,2.1493212669683257,865,883,19,0,864,876,23410,1,0,0,1,7
2020-10-22,US,Louisiana,Pointe Coupee,1127,40,0,30.71409502,-91.60209535,22077.0,5186.378278877129,3.5492457852706303,1087,1119,40,0,1079,1107,21940,8,0,0,8,12
2020-10-22,US,Louisiana,Rapides,4624,154,0,31.19778499,-92.52997303,22079.0,3566.580278909047,3.3304498269896183,4470,4593,154,0,4439,4561,130562,31,0,0,31,32
2020-10-22,US,Louisiana,Red River,407,24,0,32.09530039,-93.34213308,22081.0,4821.132433072731,5.896805896805898,383,405,24,0,381,403,8477,2,0,0,2,2
2020-10-22,US,Louisiana,Richland,868,16,0,32.41391005,-91.76634876,22083.0,4313.6865122751215,1.8433179723502304,852,860,16,0,844,856,20192,8,0,0,8,4
2020-10-22,US,Louisiana,Sabine,972,14,0,31.56388699,-93.55433981,22085.0,4069.6700720147373,1.4403292181069958,958,960,14,0,946,957,24032,12,0,0,12,3
2020-10-22,US,Louisiana,St. Bernard,1525,32,0,29.87761636,-89.51887093,22087.0,3227.9231225129115,2.098360655737705,1493,1524,32,0,1492,1517,46721,1,0,0,1,7
2020-10-22,US,Louisiana,St. Charles,1928,63,0,29.90709658,-90.35555967,22089.0,3630.885122410546,3.267634854771784,1865,1920,63,0,1857,1920,52879,8,0,0,8,0
2020-10-22,US,Louisiana,St. Helena,433,4,0,30.82210324,-90.71013176,22091.0,4273.588630082906,0.9237875288683602,429,430,4,0,426,431,10262,3,0,0,3,-1
2020-10-22,US,Louisiana,St. James,834,40,0,30.02531716,-90.80212061,22093.0,3953.356086461889,4.796163069544366,794,832,40,0,792,829,21037,2,0,0,2,3
2020-10-22,US,Louisiana,St. John the Baptist,1627,106,0,30.12597499,-90.4753503,22095.0,3798.118449004365,6.515058389674247,1521,1623,106,0,1517,1623,43184,4,0,0,4,0
2020-10-22,US,Louisiana,St. Landry,3597,135,0,30.59724262,-92.00135806,22097.0,4379.962008669816,3.753127606338616,3462,3565,133,0,3432,3551,82764,32,2,0,30,14
2020-10-22,US,Louisiana,St. Martin,2191,63,0,30.13112107,-91.61403569,22099.0,4100.615747412551,2.8753993610223643,2128,2183,63,0,2120,2183,53621,8,0,0,8,0
2020-10-22,US,Louisiana,St. Mary,2011,84,0,29.69262097,-91.44702164,22101.0,4075.1398232957768,4.17702635504724,1927,2001,84,0,1917,2000,49774,10,0,0,10,1
2020-10-22,US,Louisiana,St. Tammany,7602,269,0,30.40942847,-89.95642711,22103.0,2919.141844489073,3.538542488818732,7333,7580,269,0,7311,7559,258111,22,0,0,22,21
2020-10-22,US,Louisiana,Tangipahoa,4936,122,0,30.62888673,-90.40664996,22105.0,3662.862316151917,2.471636952998379,4814,4930,122,0,4808,4906,133777,6,0,0,6,24
2020-10-22,US,Louisiana,Tensas,186,2,0,32.00760749,-91.32915234,22107.0,4291.647438855561,1.075268817204301,184,186,2,0,184,186,4462,0,0,0,0,0
2020-10-22,US,Louisiana,Terrebonne,3841,123,0,29.37343766,-90.82626855,22109.0,3477.245362616671,3.202291070033845,3718,3832,123,0,3709,3819,111021,9,0,0,9,13
2020-10-22,US,Louisiana,Unassigned,245,206,0,0.0,0.0,90022.0,0.0,84.08163265306122,39,241,200,0,41,241,,4,6,0,-2,0
2020-10-22,US,Louisiana,Union,1097,51,0,32.83121059,-92.3749373,22111.0,4962.004704179481,4.649042844120328,1046,1079,50,0,1029,1075,22330,18,1,0,17,4
2020-10-22,US,Louisiana,Vermilion,2104,70,0,29.83517605,-92.30292538,22113.0,3535.480835475795,3.3269961977186315,2034,2097,70,0,2027,2097,59830,7,0,0,7,0
2020-10-22,US,Louisiana,Vernon,1113,55,0,31.10884837,-93.18153838,22115.0,2346.665542178836,4.941599281221922,1058,1108,55,0,1053,1113,48860,5,0,0,5,-5
2020-10-22,US,Louisiana,Washington,1732,70,0,30.85288548,-90.03866652,22117.0,3749.404684591073,4.041570438799076,1662,1731,70,0,1661,1725,46582,1,0,0,1,6
2020-10-22,US,Louisiana,Webster,1445,38,0,32.70847669,-93.33121835,22119.0,3768.909754825248,2.629757785467128,1407,1430,38,0,1392,1429,38798,15,0,0,15,1
2020-10-22,US,Louisiana,West Baton Rouge,955,42,0,30.46058217,-91.30989571,22121.0,3608.539580578121,4.397905759162303,913,957,42,0,915,952,26427,-2,0,0,-2,5
2020-10-22,US,Louisiana,West Carroll,371,12,0,32.78550125,-91.461201,22123.0,3425.6694367497694,3.2345013477088953,359,369,11,0,358,368,10982,2,1,0,1,1
2020-10-22,US,Louisiana,West Feliciana,740,25,0,30.87882871,-91.41485379999999,22125.0,4753.3401849948605,3.3783783783783785,715,747,25,0,722,745,15460,-7,0,0,-7,2
2020-10-22,US,Louisiana,Winn,676,19,0,31.94449367,-92.63789413,22127.0,4861.910241657077,2.8106508875739644,657,674,19,0,655,672,14134,2,0,0,2,2
2020-10-22,US,Maine,Androscoggin,840,10,0,44.1664747,-70.20380627,23001.0,775.7880251576973,1.1904761904761905,830,839,10,0,829,839,107679,1,0,0,1,0
2020-10-22,US,Maine,Aroostook,59,1,0,46.65926321,-68.59841248,23003.0,87.98747296995005,1.6949152542372878,58,59,1,0,58,56,67111,0,0,0,0,3
2020-10-22,US,Maine,Cumberland,2436,70,0,43.8370751,-70.37226999,23005.0,825.7543143629048,2.8735632183908044,2366,2431,70,0,2361,2427,293557,5,0,0,5,4
2020-10-22,US,Maine,Franklin,74,1,0,44.97330019,-70.44381045,23007.0,245.04122653067986,1.351351351351351,73,74,1,0,73,73,29897,0,0,0,0,1
2020-10-22,US,Maine,Hancock,62,1,0,44.59816444,-68.38401854,23009.0,112.75392365468201,1.6129032258064515,61,60,1,0,59,59,54811,2,0,0,2,1
2020-10-22,US,Maine,Kennebec,301,11,0,44.40759555,-69.76738544,23011.0,246.1120832038724,3.6544850498338866,290,298,11,0,287,293,122083,3,0,0,3,5
2020-10-22,US,Maine,Knox,61,1,0,44.11486325,-69.10529169,23013.0,153.3742331288344,1.639344262295082,60,61,1,0,60,62,39771,0,0,0,0,-1
2020-10-22,US,Maine,Lincoln,60,1,0,44.05996956,-69.54227124,23015.0,173.2401686204308,1.6666666666666667,59,57,1,0,56,54,34342,3,0,0,3,3
2020-10-22,US,Maine,Oxford,157,2,0,44.49952995,-70.75682123,23017.0,270.8063820612333,1.2738853503184713,155,157,2,0,155,157,57618,0,0,0,0,0
2020-10-22,US,Maine,Penobscot,284,6,0,45.40194593,-68.65020455,23019.0,186.66035702079554,2.112676056338028,278,284,6,0,278,279,151096,0,0,0,0,5
2020-10-22,US,Maine,Piscataquis,10,0,0,45.83839062,-69.2860223,23021.0,59.577003276735184,0.0,10,10,0,0,10,10,16800,0,0,0,0,0
2020-10-22,US,Maine,Sagadahoc,79,0,0,43.95415864,-69.85074999,23023.0,220.32574743418118,0.0,79,78,0,0,78,77,35634,1,0,0,1,1
2020-10-22,US,Maine,Somerset,129,8,0,45.51229767,-69.95995554,23025.0,255.52650344663655,6.2015503875969005,121,127,8,0,119,126,50592,2,0,0,2,1
2020-10-22,US,Maine,Waldo,138,14,0,44.4858305,-69.12061935,23027.0,347.47576482437364,10.144927536231883,124,132,14,0,118,127,39694,6,0,0,6,5
2020-10-22,US,Maine,Washington,29,0,0,45.01607142,-67.62813524,23029.0,92.41849644666814,0.0,29,23,0,0,23,21,31490,6,0,0,6,2
2020-10-22,US,Maine,York,1344,20,0,43.47808377,-70.71052375,23031.0,647.2710110238344,1.488095238095238,1324,1334,20,0,1314,1327,206229,10,0,0,10,7
2020-10-22,US,Maryland,Allegany,604,23,0,39.62357628,-78.69280486,24001.0,857.7596000908884,3.8079470198675494,581,594,23,0,571,587,70975,10,0,0,10,7
2020-10-22,US,Maryland,Anne Arundel,11514,266,0,39.00670238,-76.60329337,24003.0,1987.7976776225155,2.31023102310231,11248,11433,265,0,11168,11391,576031,81,1,0,80,42
2020-10-22,US,Maryland,Baltimore,19897,658,0,39.45784712,-76.62911955,24005.0,2404.8491001607504,3.3070312107352873,19239,19799,656,0,19143,19749,828431,98,2,0,96,50
2020-10-22,US,Maryland,Baltimore City,17079,498,0,39.30211911,-76.61151012,24510.0,2877.723297780923,2.915861584401897,16581,17000,497,0,16503,16937,621342,79,1,0,78,63
2020-10-22,US,Maryland,Calvert,1145,29,0,38.53961642,-76.56820632,24009.0,1237.5033774655499,2.532751091703057,1116,1141,29,0,1112,1132,92003,4,0,0,4,9
2020-10-22,US,Maryland,Caroline,721,8,0,38.87172293,-75.82904158,24011.0,2158.2949170807638,1.1095700416088763,713,713,8,0,705,710,33304,8,0,0,8,3
2020-10-22,US,Maryland,Carroll,2168,129,0,39.56453592,-77.02373735,24013.0,1287.0517135953744,5.950184501845017,2039,2159,128,0,2031,2152,168429,9,1,0,8,7
2020-10-22,US,Maryland,Cecil,1299,36,0,39.56647682,-75.94627411,24015.0,1262.942977978708,2.771362586605081,1263,1291,36,0,1255,1284,102826,8,0,0,8,7
2020-10-22,US,Maryland,Charles,3067,101,0,38.51092331,-76.98580666,24017.0,1878.6330754577136,3.2931203130094557,2966,3050,101,0,2949,3041,161503,17,0,0,17,9
2020-10-22,US,Maryland,Dorchester,735,10,0,38.45413522,-76.02752426,24019.0,2301.9825237245136,1.3605442176870748,725,715,10,0,705,711,31998,20,0,0,20,4
2020-10-22,US,Maryland,Frederick,4581,138,0,39.47296601,-77.39999394,24021.0,1764.99824694564,3.0124426981008514,4443,4559,138,0,4421,4546,255648,22,0,0,22,13
2020-10-22,US,Maryland,Garrett,115,1,0,39.52786077,-79.27355126,24023.0,396.3603777486731,0.8695652173913043,114,108,1,0,107,106,29163,7,0,0,7,2
2020-10-22,US,Maryland,Harford,3482,80,0,39.55010644,-76.30775940000002,24025.0,1363.1327782149306,2.2975301550832854,3402,3448,80,0,3368,3430,253956,34,0,0,34,18
2020-10-22,US,Maryland,Howard,5684,124,0,39.25305293,-76.93126208,24027.0,1745.2178451902114,2.181562280084448,5560,5647,124,0,5523,5628,323196,37,0,0,37,19
2020-10-22,US,Maryland,Kent,336,24,0,39.24976208,-76.04741541,24029.0,1729.9969107198026,7.142857142857142,312,334,24,0,310,332,19383,2,0,0,2,2
2020-10-22,US,Maryland,Montgomery,24772,863,0,39.13676329,-77.20358245,24031.0,2357.693244807212,3.4837720006458905,23909,24664,862,0,23802,24560,1052567,108,1,0,107,104
2020-10-22,US,Maryland,Prince George's,31844,852,0,38.83070039,-76.8496441,24033.0,3501.9305486365192,2.6755432734581084,30992,31695,848,0,30847,31617,909308,149,4,0,145,78
2020-10-22,US,Maryland,Queen Anne's,743,26,0,39.06198912,-76.03530977,24035.0,1474.7623111887415,3.499327052489906,717,742,26,0,716,740,50251,1,0,0,1,2
2020-10-22,US,Maryland,Somerset,401,6,0,38.1163542,-75.75118623,24039.0,1565.4278575890064,1.4962593516209477,395,398,5,0,393,395,25675,3,1,0,2,3
2020-10-22,US,Maryland,St. Mary's,1420,59,0,38.30058422,-76.60629279999998,24037.0,1250.9911021055416,4.154929577464789,1361,1416,59,0,1357,1409,112664,4,0,0,4,7
2020-10-22,US,Maryland,Talbot,631,6,0,38.76618159,-76.10882561,24041.0,1697.1033592426238,0.9508716323296356,625,627,6,0,621,623,36968,4,0,0,4,4
2020-10-22,US,Maryland,Unassigned,0,12,0,0.0,0.0,90024.0,0.0,0.0,-12,0,11,0,-11,0,,0,1,0,-1,0
2020-10-22,US,Maryland,Washington,2158,42,0,39.60835778,-77.82002295,24043.0,1428.6754629292484,1.946246524559777,2116,2137,42,0,2095,2116,150926,21,0,0,21,21
2020-10-22,US,Maryland,Wicomico,2397,49,0,38.37301947,-75.62705831,24045.0,2313.5055834917816,2.044221944096788,2348,2385,49,0,2336,2374,103195,12,0,0,12,11
2020-10-22,US,Maryland,Worcester,1186,30,0,38.21274277,-75.33200012,24047.0,2268.727523146377,2.5295109612141653,1156,1181,30,0,1151,1174,51823,5,0,0,5,7
2020-10-22,US,Massachusetts,Barnstable,1922,182,0,41.72980578,-70.28854339,25001.0,902.3897835579137,9.46930280957336,1740,1911,181,0,1730,1902,213413,11,1,0,10,9
2020-10-22,US,Massachusetts,Berkshire,744,51,0,42.37428441,-73.20524838,25003.0,595.4667691125625,6.854838709677418,693,742,51,0,691,742,126348,2,0,0,2,0
2020-10-22,US,Massachusetts,Bristol,11334,735,0,41.79228404,-71.10872211,25005.0,2005.247542094452,6.48491265219693,10599,11170,733,0,10437,11126,564022,164,2,0,162,44
2020-10-22,US,Massachusetts,Dukes and Nantucket,209,2,0,41.40674725,-70.68763497,0.0,727.4372628867774,0.9569377990430622,207,208,2,0,206,208,26707,1,0,0,1,0
2020-10-22,US,Massachusetts,Essex,22596,1333,0,42.6687626,-70.94687179,25009.0,2863.754920573765,5.8992742078243925,21263,22446,1331,0,21115,22315,790638,150,2,0,148,131
2020-10-22,US,Massachusetts,Franklin,456,72,0,42.58119713,-72.58602547,25011.0,649.7577657452266,15.789473684210524,384,445,72,0,373,441,70963,11,0,0,11,4
2020-10-22,US,Massachusetts,Hampden,9305,804,0,42.13440424,-72.63235561,25013.0,1995.1883903836426,8.640515851692639,8501,9219,800,0,8419,9171,470406,86,4,0,82,48
2020-10-22,US,Massachusetts,Hampshire,1430,153,0,42.33997957,-72.65898478,25015.0,889.1375987067087,10.6993006993007,1277,1420,153,0,1267,1412,161355,10,0,0,10,8
2020-10-22,US,Massachusetts,Middlesex,30656,2240,0,42.48607732,-71.39049229,25017.0,1902.092140033592,7.306889352818372,28416,30502,2232,0,28270,30367,1614714,154,8,0,146,135
2020-10-22,US,Massachusetts,Norfolk,11336,1097,0,42.16073095,-71.20530408,25021.0,1603.9050617240287,9.677134791813689,10239,11274,1094,0,10180,11238,705388,62,3,0,59,36
2020-10-22,US,Massachusetts,Plymouth,10895,814,0,41.94070556,-70.80802823,25023.0,2090.3603593232565,7.471317117944012,10081,10824,809,0,10015,10786,518132,71,5,0,66,38
2020-10-22,US,Massachusetts,Suffolk,26954,1166,0,42.327951399999996,-71.07850442,25025.0,3352.8753947906907,4.325888550864436,25788,26787,1163,0,25624,26663,807252,167,3,0,164,124
2020-10-22,US,Massachusetts,Unassigned,3600,5,0,0.0,0.0,90025.0,0.0,0.1388888888888889,3595,3537,5,0,3532,3471,,63,0,0,63,66
2020-10-22,US,Massachusetts,Worcester,15778,1156,0,42.35026951,-71.90493363,25027.0,1899.5403444647504,7.326657371022942,14622,15681,1154,0,14527,15622,830839,97,2,0,95,59
2020-10-22,US,Michigan,Alcona,52,2,0,44.6846864,-83.59507875,26001.0,499.7597308986065,3.8461538461538463,50,52,2,0,50,51,10362,0,0,0,0,1
2020-10-22,US,Michigan,Alger,103,1,0,46.41292944,-86.60260122,26003.0,1130.8739569609136,0.9708737864077671,102,101,1,0,100,98,9097,2,0,0,2,3
2020-10-22,US,Michigan,Allegan,1142,7,0,42.59147037,-85.89102866,26005.0,967.1327309219944,0.6129597197898424,1135,1109,7,0,1102,1088,117327,33,0,0,33,21
2020-10-22,US,Michigan,Alpena,157,14,0,45.03477666,-83.62212411,26007.0,552.7195916211934,8.917197452229301,143,156,14,0,142,155,28360,1,0,0,1,1
2020-10-22,US,Michigan,Antrim,107,0,0,44.99690221,-85.15503082,26009.0,458.754930543646,0.0,107,106,0,0,106,102,23365,1,0,0,1,4
2020-10-22,US,Michigan,Arenac,89,3,0,44.0636262,-83.89277559,26011.0,597.9977155143453,3.3707865168539324,86,89,3,0,86,89,15041,0,0,0,0,0
2020-10-22,US,Michigan,Baraga,78,4,0,46.6720582,-88.36363591,26013.0,950.1766354001704,5.128205128205129,74,75,4,0,71,74,8320,3,0,0,3,1
2020-10-22,US,Michigan,Barry,577,6,0,42.59513984,-85.30834519,26015.0,937.4492282696996,1.0398613518197577,571,562,6,0,556,552,61157,15,0,0,15,10
2020-10-22,US,Michigan,Bay,1288,59,0,43.70639106,-83.98731479,26017.0,1248.957585865834,4.580745341614906,1229,1260,57,0,1203,1254,103923,28,2,0,26,6
2020-10-22,US,Michigan,Benzie,111,2,0,44.63899297,-86.01608482,26019.0,624.7889226612631,1.8018018018018016,109,111,2,0,109,109,17753,0,0,0,0,2
2020-10-22,US,Michigan,Berrien,2489,81,0,41.95447397,-86.41313079999998,26021.0,1622.5448334756616,3.2543190036159104,2408,2457,81,0,2376,2418,154141,32,0,0,32,39
2020-10-22,US,Michigan,Branch,828,10,0,41.91600556,-85.05929476,26023.0,1902.7046901211027,1.207729468599034,818,812,10,0,802,799,43622,16,0,0,16,13
2020-10-22,US,Michigan,Calhoun,2493,63,0,42.24633834,-85.00493569,26025.0,1858.2428312673767,2.527075812274368,2430,2364,59,0,2305,2308,134487,129,4,0,125,56
2020-10-22,US,Michigan,Cass,895,24,0,41.91522292,-85.99405727,26027.0,1728.2329542163088,2.681564245810056,871,881,24,0,857,875,51653,14,0,0,14,6
2020-10-22,US,Michigan,Charlevoix,142,4,0,45.37790017,-85.19614053,26029.0,543.1664307845314,2.8169014084507036,138,140,4,0,136,139,26244,2,0,0,2,1
2020-10-22,US,Michigan,Cheboygan,123,2,0,45.44787015,-84.50122149,26031.0,486.62763095426493,1.6260162601626016,121,119,2,0,117,118,25413,4,0,0,4,1
2020-10-22,US,Michigan,Chippewa,117,0,0,46.29552653,-84.54353449,26033.0,313.2613992342499,0.0,117,113,0,0,113,110,37517,4,0,0,4,3
2020-10-22,US,Michigan,Clare,235,9,0,43.98794227,-84.84819859999998,26035.0,759.2891760904685,3.8297872340425534,226,221,9,0,212,219,30757,14,0,0,14,2
2020-10-22,US,Michigan,Clinton,972,14,0,42.94400871,-84.60145248,26037.0,1221.1822350650166,1.4403292181069958,958,963,14,0,949,918,79332,9,0,0,9,45
2020-10-22,US,Michigan,Crawford,144,5,0,44.68255561,-84.61006219,26039.0,1026.4452206144417,3.4722222222222223,139,140,5,0,135,139,13901,4,0,0,4,1
2020-10-22,US,Michigan,Delta,1097,22,0,45.90484910000001,-86.9080745,26041.0,3065.6159177285936,2.005469462169553,1075,1051,20,0,1031,1027,35857,46,2,0,44,24
2020-10-22,US,Michigan,Dickinson,529,15,0,46.00999672,-87.86961634,26043.0,2095.962597567257,2.8355387523629485,514,504,13,0,491,497,25383,25,2,0,23,7
2020-10-22,US,Michigan,Eaton,1031,11,0,42.59599185,-84.83740035,26045.0,934.994740087786,1.066925315227934,1020,1010,11,0,999,984,109826,21,0,0,21,26
2020-10-22,US,Michigan,Emmet,195,4,0,45.52625509,-84.89083249,26047.0,583.5702528804429,2.051282051282051,191,193,4,0,189,191,33308,2,0,0,2,2
2020-10-22,US,Michigan,Federal Correctional Institution (FCI),197,5,0,0.0,0.0,0.0,0.0,2.538071065989848,192,197,5,0,192,197,,0,0,0,0,0
2020-10-22,US,Michigan,Genesee,6276,332,0,43.02244215,-83.70589709,26049.0,1546.5251236406916,5.289993626513703,5944,6214,328,0,5886,6104,406892,62,4,0,58,110
2020-10-22,US,Michigan,Gladwin,176,2,0,43.98901072,-84.38774817,26051.0,691.5792369051828,1.1363636363636365,174,172,2,0,170,166,25337,4,0,0,4,6
2020-10-22,US,Michigan,Gogebic,336,2,0,46.40862701,-89.69377193,26053.0,2404.293381037567,0.5952380952380952,334,315,2,0,313,302,15096,21,0,0,21,13
2020-10-22,US,Michigan,Grand Traverse,703,13,0,44.69565625,-85.55585247,26055.0,755.1993812306633,1.8492176386913228,690,680,13,0,667,666,92573,23,0,0,23,14
2020-10-22,US,Michigan,Gratiot,434,16,0,43.29265605,-84.60505416,26057.0,1066.0509444621846,3.6866359447004617,418,425,16,0,409,417,40599,9,0,0,9,8
2020-10-22,US,Michigan,Hillsdale,482,28,0,41.88753639,-84.59312019,26059.0,1056.901655520228,5.809128630705394,454,470,27,0,443,462,45749,12,1,0,11,8
2020-10-22,US,Michigan,Houghton,885,8,0,46.89988536,-88.68495385,26061.0,2480.1031274520788,0.9039548022598871,877,875,7,0,868,859,36219,10,1,0,9,16
2020-10-22,US,Michigan,Huron,260,5,0,43.83353985,-83.04078453,26063.0,839.2240405409767,1.9230769230769231,255,259,5,0,254,259,31166,1,0,0,1,0
2020-10-22,US,Michigan,Ingham,4430,62,0,42.59716886,-84.37472069,26065.0,1515.0167917211002,1.3995485327313768,4368,4395,62,0,4333,4350,292735,35,0,0,35,45
2020-10-22,US,Michigan,Ionia,631,7,0,42.94502238,-85.07413319,26067.0,975.3157024282424,1.109350237717908,624,601,7,0,594,586,64210,30,0,0,30,15
2020-10-22,US,Michigan,Iosco,273,15,0,44.35486835,-83.63484895,26069.0,1086.4806781549728,5.494505494505495,258,270,15,0,255,270,25081,3,0,0,3,0
2020-10-22,US,Michigan,Iron,398,21,0,46.20974132,-88.53136251,26071.0,3596.6022049521057,5.276381909547738,377,386,21,0,365,382,11117,12,0,0,12,4
2020-10-22,US,Michigan,Isabella,960,15,0,43.64060976,-84.84664923,26073.0,1373.9409205404168,1.5625,945,948,15,0,933,938,70562,12,0,0,12,10
2020-10-22,US,Michigan,Jackson,1630,62,0,42.24807035,-84.42258681,26075.0,1028.3262885622355,3.803680981595092,1568,1603,62,0,1541,1573,158823,27,0,0,27,30
2020-10-22,US,Michigan,Kalamazoo,4469,102,0,42.24542231,-85.53038622,26077.0,1685.995186104593,2.2823897963750284,4367,4338,102,0,4236,4290,264870,131,0,0,131,48
2020-10-22,US,Michigan,Kalkaska,118,4,0,44.68512729,-85.09085699,26079.0,654.1745204568134,3.3898305084745757,114,117,4,0,113,116,17824,1,0,0,1,1
2020-10-22,US,Michigan,Kent,13162,182,0,43.03197711,-85.54934642,26081.0,2003.4857790868482,1.3827685762042243,12980,13000,180,0,12820,12814,653786,162,2,0,160,186
2020-10-22,US,Michigan,Keweenaw,18,0,0,47.63197653,-88.41434263,26083.0,850.6616257088847,0.0,18,18,0,0,18,18,2113,0,0,0,0,0
2020-10-22,US,Michigan,Lake,55,0,0,43.99050893,-85.802173,26085.0,464.01754830000846,0.0,55,55,0,0,55,55,11881,0,0,0,0,0
2020-10-22,US,Michigan,Lapeer,847,38,0,43.09052506,-83.22153148,26087.0,966.817720045202,4.4864226682408495,809,838,38,0,800,822,88028,9,0,0,9,16
2020-10-22,US,Michigan,Leelanau,138,2,0,44.94430054,-85.80150326,26089.0,634.1620329948073,1.4492753623188406,136,138,2,0,136,136,21764,0,0,0,0,2
2020-10-22,US,Michigan,Lenawee,1063,19,0,41.89475156,-84.06603727,26091.0,1079.7249393099105,1.7873941674506115,1044,1053,18,0,1035,1035,98266,10,1,0,9,18
2020-10-22,US,Michigan,Livingston,1883,33,0,42.60302282,-83.91297209,26093.0,980.754707153832,1.7525225703664364,1850,1858,33,0,1825,1817,191224,25,0,0,25,41
2020-10-22,US,Michigan,Luce,47,0,0,46.47227431,-85.54471223,26095.0,754.5352384010274,0.0,47,45,0,0,45,43,6283,2,0,0,2,2
2020-10-22,US,Michigan,Mackinac,147,0,0,46.07028979,-85.04980537,26097.0,1361.2371515881098,0.0,147,146,0,0,146,143,10787,1,0,0,1,3
2020-10-22,US,Michigan,Macomb,17557,1074,0,42.69158356,-82.92752801,26099.0,2008.8744261829893,6.117218203565528,16483,17368,1070,0,16298,17215,874759,189,4,0,185,153
2020-10-22,US,Michigan,Manistee,117,3,0,44.33352407,-86.05626916,26101.0,476.42316149523583,2.5641025641025643,114,115,3,0,112,115,24528,2,0,0,2,0
2020-10-22,US,Michigan,Marquette,909,12,0,46.4338914,-87.64043701,26103.0,1362.8390230738091,1.32013201320132,897,862,12,0,850,859,66516,47,0,0,47,3
2020-10-22,US,Michigan,Mason,197,1,0,43.99509218,-86.24988902,26105.0,675.9538841614054,0.5076142131979695,196,196,1,0,195,188,29100,1,0,0,1,8
2020-10-22,US,Michigan,Mecosta,423,4,0,43.64064262,-85.32463223,26107.0,973.465583504016,0.9456264775413712,419,413,4,0,409,404,43545,10,0,0,10,9
2020-10-22,US,Michigan,Menominee,655,3,0,45.58038692,-87.55370409,26109.0,2875.3292361720814,0.4580152671755725,652,634,3,0,631,627,22983,21,0,0,21,7
2020-10-22,US,Michigan,Michigan Department of Corrections (MDOC),6329,75,0,0.0,0.0,0.0,0.0,1.185021330383947,6254,6293,75,0,6218,6267,,36,0,0,36,26
2020-10-22,US,Michigan,Midland,890,14,0,43.64330771,-84.38804374,26111.0,1070.2775506277358,1.5730337078651686,876,858,14,0,844,840,83209,32,0,0,32,18
2020-10-22,US,Michigan,Missaukee,82,1,0,44.33772443,-85.09256478,26113.0,542.3997883317899,1.2195121951219512,81,83,1,0,82,82,15113,-1,0,0,-1,1
2020-10-22,US,Michigan,Monroe,1903,31,0,41.92734151,-83.53749864,26115.0,1264.4518272425248,1.62900683131897,1872,1867,31,0,1836,1851,150439,36,0,0,36,16
2020-10-22,US,Michigan,Montcalm,560,9,0,43.31082541,-85.15252824,26117.0,876.533934385174,1.6071428571428572,551,549,8,0,541,521,63968,11,1,0,10,28
2020-10-22,US,Michigan,Montmorency,22,0,0,45.0275929,-84.12696227,26119.0,235.84905660377356,0.0,22,21,0,0,21,21,9265,1,0,0,1,0
2020-10-22,US,Michigan,Muskegon,1897,77,0,43.29123859,-86.15176712,26121.0,1092.955993685399,4.059040590405904,1820,1851,76,0,1775,1837,173588,46,1,0,45,14
2020-10-22,US,Michigan,Newaygo,552,3,0,43.554373999999996,-85.80070107,26123.0,1126.9906084115967,0.5434782608695652,549,544,3,0,541,539,48892,8,0,0,8,5
2020-10-22,US,Michigan,Oakland,23827,1233,0,42.66090111,-83.38595416,26125.0,1894.664690390463,5.174801695555463,22594,23608,1228,0,22380,23394,1259201,219,5,0,214,214
2020-10-22,US,Michigan,Oceana,584,6,0,43.64124435,-86.26726673,26127.0,2206.521328446745,1.0273972602739727,578,576,6,0,570,574,26625,8,0,0,8,2
2020-10-22,US,Michigan,Ogemaw,95,5,0,44.33481032,-84.12725175,26129.0,452.4455874648759,5.2631578947368425,90,95,5,0,90,90,20952,0,0,0,0,5
2020-10-22,US,Michigan,Ontonagon,78,0,0,46.665226200000006,-89.31390481,26131.0,1363.6363636363635,0.0,78,74,0,0,74,73,5795,4,0,0,4,1
2020-10-22,US,Michigan,Osceola,135,0,0,43.98992088,-85.32566756,26133.0,575.4475703324807,0.0,135,131,0,0,131,126,23341,4,0,0,4,5
2020-10-22,US,Michigan,Oscoda,54,1,0,44.68192279,-84.12939244,26135.0,655.2602839461231,1.851851851851852,53,54,1,0,53,54,8276,0,0,0,0,0
2020-10-22,US,Michigan,Otsego,226,12,0,45.02085831,-84.59898295,26137.0,916.1666936922328,5.3097345132743365,214,221,11,0,210,215,24665,5,1,0,4,6
2020-10-22,US,Michigan,Ottawa,4610,72,0,42.95996803,-85.9969107,26139.0,1579.6868039612102,1.561822125813449,4538,4532,72,0,4460,4497,290494,78,0,0,78,35
2020-10-22,US,Michigan,Out of MI,276,2,0,0.0,0.0,80026.0,0.0,0.7246376811594203,274,266,2,0,264,259,,10,0,0,10,7
2020-10-22,US,Michigan,Presque Isle,43,1,0,45.34018577,-83.91498656,26141.0,341.4866581956798,2.3255813953488373,42,41,1,0,40,41,12738,2,0,0,2,0
2020-10-22,US,Michigan,Roscommon,151,5,0,44.33473082,-84.61067651,26143.0,628.6689703984346,3.3112582781456954,146,143,5,0,138,140,23884,8,0,0,8,3
2020-10-22,US,Michigan,Saginaw,3568,152,0,43.33433923,-84.05131209999998,26145.0,1872.582515915377,4.260089686098655,3416,3497,151,0,3346,3475,190800,71,1,0,70,22
2020-10-22,US,Michigan,Sanilac,175,7,0,43.42406072,-82.82055898,26151.0,425.0667962108331,4.0,168,176,7,0,169,171,41182,-1,0,0,-1,5
2020-10-22,US,Michigan,Schoolcraft,60,1,0,46.19235734,-86.19972234,26153.0,741.2898443291327,1.6666666666666667,59,56,0,0,56,54,8068,4,1,0,3,2
2020-10-22,US,Michigan,Shiawassee,663,33,0,42.95392800000001,-84.14585902,26155.0,973.2538680602447,4.977375565610861,630,650,33,0,617,636,68192,13,0,0,13,14
2020-10-22,US,Michigan,St. Clair,1404,64,0,42.92655373,-82.67937954,26147.0,882.30858177065,4.558404558404559,1340,1375,64,0,1311,1339,159337,29,0,0,29,36
2020-10-22,US,Michigan,St. Joseph,1117,15,0,41.91441767,-85.52797979,26149.0,1832.2288563742536,1.3428827215756491,1102,1095,12,0,1083,1083,61043,22,3,0,19,12
2020-10-22,US,Michigan,Tuscola,611,35,0,43.46606813,-83.41897025,26157.0,1169.4899033400325,5.728314238952537,576,608,34,0,574,600,52516,3,1,0,2,8
2020-10-22,US,Michigan,Unassigned,10,0,0,0.0,0.0,90026.0,0.0,0.0,10,9,0,0,9,22,,1,0,0,1,-13
2020-10-22,US,Michigan,Van Buren,996,18,0,42.25190229,-86.01939087,26159.0,1316.1198250459188,1.8072289156626504,978,974,18,0,956,967,75448,22,0,0,22,7
2020-10-22,US,Michigan,Washtenaw,5028,116,0,42.253105,-83.83853204,26161.0,1367.7873564000095,2.3070803500397767,4912,4967,116,0,4851,4867,370963,61,0,0,61,100
2020-10-22,US,Michigan,Wayne,39100,3040,0,42.28098405,-83.281255,26163.0,2235.1248440128666,7.774936061381074,36060,38910,3031,0,35879,38664,1753893,190,9,0,181,246
2020-10-22,US,Michigan,Wexford,160,4,0,44.33853602,-85.57712739,26165.0,475.7515387588832,2.5,156,155,4,0,151,153,33466,5,0,0,5,2
2020-10-22,US,Minnesota,Aitkin,159,2,0,46.60962049,-93.41168259999999,27001.0,1000.881279113685,1.2578616352201255,157,157,2,0,155,156,15902,2,0,0,2,1
2020-10-22,US,Minnesota,Anoka,8324,150,0,45.27476015,-93.24604565,27003.0,2332.1687432232893,1.8020182604517057,8174,8216,150,0,8066,8154,353813,108,0,0,108,62
2020-10-22,US,Minnesota,Becker,519,3,0,46.93479392,-95.67158144,27005.0,1507.7128663974668,0.5780346820809249,516,505,3,0,502,503,34371,14,0,0,14,2
2020-10-22,US,Minnesota,Beltrami,839,7,0,47.97373527,-94.93732139,27007.0,1777.9944053572942,0.834326579261025,832,813,7,0,806,797,46847,26,0,0,26,16
2020-10-22,US,Minnesota,Benton,882,7,0,45.69804958,-93.99514135,27009.0,2157.059355816968,0.7936507936507936,875,862,5,0,857,857,40545,20,2,0,18,5
2020-10-22,US,Minnesota,Big Stone,131,0,0,45.42712824,-96.41403739,27011.0,2624.724504107393,0.0,131,129,0,0,129,128,4989,2,0,0,2,1
2020-10-22,US,Minnesota,Blue Earth,2003,7,0,44.03554215,-94.06699781,27013.0,2960.696495351278,0.34947578632051923,1996,1979,7,0,1972,1971,67427,24,0,0,24,8
2020-10-22,US,Minnesota,Brown,311,3,0,44.24205652,-94.72562874,27015.0,1243.6020473448496,0.964630225080386,308,307,3,0,304,300,25111,4,0,0,4,7
2020-10-22,US,Minnesota,Carlton,403,1,0,46.59180601,-92.67601019,27017.0,1123.4702127066432,0.2481389578163772,402,392,1,0,391,386,35837,11,0,0,11,6
2020-10-22,US,Minnesota,Carver,1724,7,0,44.82017001,-93.80099179999999,27019.0,1640.5142307948502,0.4060324825986079,1717,1714,7,0,1707,1707,103551,10,0,0,10,7
2020-10-22,US,Minnesota,Cass,344,5,0,46.95043611,-94.32603968,27021.0,1155.1764666375634,1.4534883720930232,339,328,5,0,323,320,29519,16,0,0,16,8
2020-10-22,US,Minnesota,Chippewa,415,3,0,45.02343421,-95.56403693,27023.0,3516.949152542373,0.7228915662650602,412,404,3,0,401,397,11924,11,0,0,11,7
2020-10-22,US,Minnesota,Chisago,920,2,0,45.5021011,-92.90861945,27025.0,1626.0449990279078,0.21739130434782608,918,890,2,0,888,879,55922,30,0,0,30,11
2020-10-22,US,Minnesota,Clay,2153,43,0,46.89289518,-96.48761922,27027.0,3352.433745445486,1.997213190896424,2110,2093,43,0,2050,2073,63955,60,0,0,60,20
2020-10-22,US,Minnesota,Clearwater,88,0,0,47.57992111,-95.37790562,27029.0,997.9587207983667,0.0,88,88,0,0,88,84,8810,0,0,0,0,4
2020-10-22,US,Minnesota,Cook,11,0,0,47.90504893,-90.52629546,27031.0,201.35456708768075,0.0,11,11,0,0,11,11,5393,0,0,0,0,0
2020-10-22,US,Minnesota,Cottonwood,265,0,0,44.00715262,-95.18138802,27033.0,2366.91675598428,0.0,265,264,0,0,264,264,11277,1,0,0,1,0
2020-10-22,US,Minnesota,Crow Wing,947,21,0,46.48096553,-94.06755609,27035.0,1455.691338098532,2.2175290390707496,926,920,21,0,899,915,64889,27,0,0,27,5
2020-10-22,US,Minnesota,Dakota,9467,136,0,44.67172617,-93.06299363,27037.0,2206.6518888352784,1.4365691348896166,9331,9389,136,0,9253,9321,425423,78,0,0,78,68
2020-10-22,US,Minnesota,Dodge,379,0,0,44.02238415,-92.86244324,27039.0,1810.4518964364195,0.0,379,370,0,0,370,366,20822,9,0,0,9,4
2020-10-22,US,Minnesota,Douglas,632,3,0,45.93348491,-95.45335469,27041.0,1657.0095173173227,0.4746835443037974,629,624,3,0,621,612,37964,8,0,0,8,12
2020-10-22,US,Minnesota,Faribault,221,0,0,43.67381499,-93.94787458,27043.0,1618.6918625943015,0.0,221,214,0,0,214,213,13758,7,0,0,7,1
2020-10-22,US,Minnesota,Fillmore,245,0,0,43.67394126,-92.08980382,27045.0,1162.9562823373046,0.0,245,241,0,0,241,238,21058,4,0,0,4,3
2020-10-22,US,Minnesota,Freeborn,649,4,0,43.67385583,-93.34884422,27047.0,2143.258148674086,0.6163328197226502,645,647,4,0,643,638,30444,2,0,0,2,9
2020-10-22,US,Minnesota,Goodhue,542,11,0,44.40849741,-92.72341949999999,27049.0,1169.6158826068192,2.029520295202952,531,529,11,0,518,515,46403,13,0,0,13,14
2020-10-22,US,Minnesota,Grant,92,4,0,45.93424769,-96.01139609,27051.0,1540.5224380442062,4.3478260869565215,88,90,4,0,86,90,6021,2,0,0,2,0
2020-10-22,US,Minnesota,Hennepin,33024,980,0,45.00761521,-93.47694895,27053.0,2608.854336596245,2.9675387596899223,32044,32743,974,0,31769,32544,1259428,281,6,0,275,199
2020-10-22,US,Minnesota,Houston,186,1,0,43.67129565,-91.49143057,27055.0,1000.0,0.5376344086021505,185,183,1,0,182,181,18578,3,0,0,3,2
2020-10-22,US,Minnesota,Hubbard,346,2,0,47.10778564,-94.91693868,27057.0,1609.9762691359174,0.5780346820809249,344,335,2,0,333,335,21332,11,0,0,11,0
2020-10-22,US,Minnesota,Isanti,511,5,0,45.56181234,-93.29487636,27059.0,1258.7447039117155,0.9784735812133072,506,504,4,0,500,495,39966,7,1,0,6,9
2020-10-22,US,Minnesota,Itasca,696,17,0,47.51009045,-93.63092229,27061.0,1542.2113893197434,2.4425287356321843,679,688,17,0,671,684,45108,8,0,0,8,4
2020-10-22,US,Minnesota,Jackson,204,1,0,43.67423373,-95.15398258,27063.0,2071.907373552712,0.4901960784313725,203,201,1,0,200,198,9911,3,0,0,3,3
2020-10-22,US,Minnesota,Kanabec,194,10,0,45.9459309,-93.29275192,27065.0,1187.488522984636,5.154639175257731,184,191,10,0,181,189,16207,3,0,0,3,2
2020-10-22,US,Minnesota,Kandiyohi,1639,5,0,45.1526059,-95.00586446,27067.0,3794.0693071598876,0.3050640634533252,1634,1600,4,0,1596,1570,42855,39,1,0,38,30
2020-10-22,US,Minnesota,Kittson,37,0,0,48.77754106,-96.78317184,27069.0,860.8655188459749,0.0,37,33,0,0,33,27,4248,4,0,0,4,6
2020-10-22,US,Minnesota,Koochiching,164,4,0,48.24539665,-93.78352843,27071.0,1341.0744950527435,2.4390243902439024,160,163,4,0,159,162,12440,1,0,0,1,1
2020-10-22,US,Minnesota,Lac qui Parle,130,3,0,44.9973857,-96.17488219,27073.0,1962.8567114600635,2.3076923076923075,127,126,3,0,123,124,6658,4,0,0,4,2
2020-10-22,US,Minnesota,Lake,111,0,0,47.64270764,-91.44557998,27075.0,1043.1350436989003,0.0,111,108,0,0,108,105,10658,3,0,0,3,3
2020-10-22,US,Minnesota,Lake of the Woods,43,1,0,48.77217001,-94.90274472,27077.0,1149.7326203208556,2.3255813953488373,42,43,1,0,42,42,3758,0,0,0,0,1
2020-10-22,US,Minnesota,Le Sueur,598,5,0,44.37136597,-93.72844721,27079.0,2070.135355003981,0.8361204013377926,593,591,5,0,586,585,28494,7,0,0,7,6
2020-10-22,US,Minnesota,Lincoln,172,0,0,44.41311883,-96.26688165,27081.0,3050.1862032275226,0.0,172,171,0,0,171,167,5673,1,0,0,1,4
2020-10-22,US,Minnesota,Lyon,941,6,0,44.41327865,-95.83806103,27083.0,3693.962471539609,0.6376195536663124,935,933,6,0,927,928,25629,8,0,0,8,5
2020-10-22,US,Minnesota,Mahnomen,104,1,0,47.32557075,-95.80921485,27087.0,1881.6717930161026,0.9615384615384616,103,101,1,0,100,97,5519,3,0,0,3,4
2020-10-22,US,Minnesota,Marshall,97,1,0,48.35825983,-96.37017407,27089.0,1038.988860325621,1.0309278350515465,96,90,1,0,89,88,9390,7,0,0,7,2
2020-10-22,US,Minnesota,Martin,602,16,0,43.67429718,-94.55099908,27091.0,3058.4768582025104,2.6578073089701,586,599,16,0,583,589,19785,3,0,0,3,10
2020-10-22,US,Minnesota,McLeod,576,4,0,44.82367677,-94.27287017,27085.0,1604.7697322597721,0.6944444444444444,572,573,4,0,569,569,35873,3,0,0,3,4
2020-10-22,US,Minnesota,Meeker,318,3,0,45.12328869,-94.52839455,27093.0,1369.3910946516235,0.9433962264150944,315,312,3,0,309,311,23141,6,0,0,6,1
2020-10-22,US,Minnesota,Mille Lacs,376,13,0,45.93705297,-93.63236823,27095.0,1430.9091601019904,3.4574468085106385,363,364,11,0,353,360,26139,12,2,0,10,4
2020-10-22,US,Minnesota,Morrison,657,8,0,46.01265363,-94.27341528,27097.0,1967.8907326424246,1.21765601217656,649,643,8,0,635,629,33169,14,0,0,14,14
2020-10-22,US,Minnesota,Mower,1499,15,0,43.67142874,-92.75234549,27099.0,3741.7003644351257,1.0006671114076051,1484,1494,15,0,1479,1491,40011,5,0,0,5,3
2020-10-22,US,Minnesota,Murray,264,3,0,44.02216709,-95.76328482,27101.0,3221.869660727361,1.1363636363636365,261,258,3,0,255,253,8276,6,0,0,6,5
2020-10-22,US,Minnesota,Nicollet,700,17,0,44.35291112,-94.24710352,27103.0,2042.3644745287968,2.4285714285714284,683,689,17,0,672,682,34220,11,0,0,11,7
2020-10-22,US,Minnesota,Nobles,2195,16,0,43.67434621,-95.75329576,27105.0,10148.411854454667,0.7289293849658315,2179,2174,16,0,2158,2164,21924,21,0,0,21,10
2020-10-22,US,Minnesota,Norman,105,0,0,47.32628443,-96.45620947,27107.0,1647.0588235294117,0.0,105,101,0,0,101,97,6475,4,0,0,4,4
2020-10-22,US,Minnesota,Olmsted,3159,30,0,44.00374114,-92.40209944,27109.0,1995.6662644589464,0.9496676163342829,3129,3125,29,0,3096,3089,156277,34,1,0,33,36
2020-10-22,US,Minnesota,Otter Tail,789,6,0,46.40846929,-95.70835255,27111.0,1343.0701664794199,0.7604562737642585,783,783,6,0,777,772,58812,6,0,0,6,11
2020-10-22,US,Minnesota,Pennington,171,1,0,48.06642577,-96.0370814,27113.0,1211.1339329980874,0.5847953216374269,170,170,1,0,169,165,14178,1,0,0,1,5
2020-10-22,US,Minnesota,Pine,519,0,0,46.12105238,-92.74070188,27115.0,1754.6232124142127,0.0,519,516,0,0,516,511,29483,3,0,0,3,5
2020-10-22,US,Minnesota,Pipestone,336,16,0,44.02301619,-96.25841142,27117.0,3681.788297172913,4.761904761904762,320,330,16,0,314,328,9047,6,0,0,6,2
2020-10-22,US,Minnesota,Polk,557,4,0,47.77372465,-96.40134647,27119.0,1775.9214385920166,0.7181328545780971,553,527,4,0,523,502,31529,30,0,0,30,25
2020-10-22,US,Minnesota,Pope,152,0,0,45.58606667,-95.44451209,27121.0,1351.2312205529379,0.0,152,148,0,0,148,148,11097,4,0,0,4,0
2020-10-22,US,Minnesota,Ramsey,13609,355,0,45.01625271,-93.09872295,27123.0,2472.9203501229276,2.60856785950474,13254,13510,352,0,13158,13430,550210,99,3,0,96,80
2020-10-22,US,Minnesota,Red Lake,66,2,0,47.87197525,-96.09561104,27125.0,1627.620221948212,3.0303030303030303,64,61,2,0,59,59,3999,5,0,0,5,2
2020-10-22,US,Minnesota,Redwood,260,11,0,44.40555844,-95.25207021,27127.0,1713.9090309822018,4.230769230769232,249,251,11,0,240,250,15249,9,0,0,9,1
2020-10-22,US,Minnesota,Renville,237,11,0,44.72836381,-94.94553734,27129.0,1629.0899092658785,4.641350210970463,226,233,11,0,222,230,14612,4,0,0,4,3
2020-10-22,US,Minnesota,Rice,1592,9,0,44.3543376,-93.29658715,27131.0,2377.112823269426,0.5653266331658291,1583,1586,9,0,1577,1581,66523,6,0,0,6,5
2020-10-22,US,Minnesota,Rock,311,3,0,43.67482683,-96.25296832,27133.0,3338.701019860441,0.964630225080386,308,304,1,0,303,301,9414,7,2,0,5,3
2020-10-22,US,Minnesota,Roseau,216,0,0,48.77501878,-95.81079919,27135.0,1424.33234421365,0.0,216,211,0,0,211,199,15150,5,0,0,5,12
2020-10-22,US,Minnesota,Scott,3265,34,0,44.6490231,-93.53340251,27139.0,2191.0839993826044,1.0413476263399697,3231,3234,34,0,3200,3209,147381,31,0,0,31,25
2020-10-22,US,Minnesota,Sherburne,1606,21,0,45.44447208,-93.77617511,27141.0,1651.6176803307349,1.307596513075965,1585,1583,21,0,1562,1566,96036,23,0,0,23,17
2020-10-22,US,Minnesota,Sibley,242,3,0,44.5796592,-94.23164924,27143.0,1627.9852001345441,1.2396694214876034,239,240,3,0,237,238,15028,2,0,0,2,2
2020-10-22,US,Minnesota,St. Louis,2797,65,0,47.604840700000004,-92.46879855,27137.0,1405.0334053348072,2.3239184840900964,2732,2738,65,0,2673,2689,199754,59,0,0,59,49
2020-10-22,US,Minnesota,Stearns,5546,41,0,45.55192576,-94.61078221,27145.0,3443.1165606084123,0.7392715470609448,5505,5485,40,0,5445,5443,159256,61,1,0,60,42
2020-10-22,US,Minnesota,Steele,734,2,0,44.02240351,-93.22627088,27147.0,2002.783159158504,0.2724795640326976,732,733,2,0,731,724,36803,1,0,0,1,9
2020-10-22,US,Minnesota,Stevens,174,1,0,45.58613007,-96.00163705,27149.0,1774.6047934727178,0.5747126436781609,173,169,1,0,168,168,9753,5,0,0,5,1
2020-10-22,US,Minnesota,Swift,193,1,0,45.2829032,-95.68264092,27151.0,2082.883660695014,0.5181347150259067,192,192,1,0,191,192,9345,1,0,0,1,0
2020-10-22,US,Minnesota,Todd,752,5,0,46.06996226,-94.89785296,27153.0,3048.9782679208565,0.6648936170212766,747,741,5,0,736,732,24582,11,0,0,11,9
2020-10-22,US,Minnesota,Traverse,54,0,0,45.77298854,-96.47062949,27155.0,1656.9499846578706,0.0,54,54,0,0,54,53,3308,0,0,0,0,1
2020-10-22,US,Minnesota,Unassigned,265,53,0,0.0,0.0,90027.0,0.0,20.0,212,195,53,0,142,195,,70,0,0,70,0
2020-10-22,US,Minnesota,Wabasha,343,0,0,44.28424356,-92.23121312,27157.0,1585.9804873537707,0.0,343,332,0,0,332,327,21645,11,0,0,11,5
2020-10-22,US,Minnesota,Wadena,208,2,0,46.58589171,-94.96968506,27159.0,1520.2455781318522,0.9615384615384616,206,201,1,0,200,198,13773,7,1,0,6,3
2020-10-22,US,Minnesota,Waseca,919,9,0,44.02211116,-93.58720034,27161.0,4937.674618525682,0.9793253536452666,910,918,9,0,909,911,18691,1,0,0,1,7
2020-10-22,US,Minnesota,Washington,5399,68,0,45.03864533,-92.88429635,27163.0,2057.2321292485904,1.2594924986108538,5331,5345,68,0,5277,5305,259201,54,0,0,54,40
2020-10-22,US,Minnesota,Watonwan,572,4,0,43.97823903,-94.61413846,27165.0,5249.151142516289,0.6993006993006993,568,572,4,0,568,568,10980,0,0,0,0,4
2020-10-22,US,Minnesota,Wilkin,127,4,0,46.35721532,-96.4684375,27167.0,2046.0770098276141,3.1496062992125986,123,126,4,0,122,125,6254,1,0,0,1,1
2020-10-22,US,Minnesota,Winona,1225,18,0,43.98772283,-91.78081305,27169.0,2426.5113699389904,1.4693877551020411,1207,1209,18,0,1191,1199,50825,16,0,0,16,10
2020-10-22,US,Minnesota,Wright,2332,14,0,45.17297924,-93.96234781,27171.0,1685.2511616814936,0.6003430531732419,2318,2314,14,0,2300,2296,136349,18,0,0,18,18
2020-10-22,US,Minnesota,Yellow Medicine,271,5,0,44.71710183,-95.86842453,27173.0,2791.2246369348027,1.845018450184502,266,268,5,0,263,267,9795,3,0,0,3,1
2020-10-22,US,Mississippi,Adams,1067,43,0,31.47669768,-91.35326037,28001.0,3476.3626885609096,4.029990627928772,1024,1052,43,0,1009,1043,31192,15,0,0,15,9
2020-10-22,US,Mississippi,Alcorn,981,12,0,34.88084463,-88.57996173,28003.0,2654.723567775282,1.2232415902140672,969,967,12,0,955,960,36925,14,0,0,14,7
2020-10-22,US,Mississippi,Amite,421,13,0,31.17467303,-90.80501621,28005.0,3423.599251850045,3.0878859857482186,408,420,13,0,407,417,12326,1,0,0,1,3
2020-10-22,US,Mississippi,Attala,789,26,0,33.08658803,-89.57838564,28007.0,4341.366787718719,3.2953105196451205,763,781,26,0,755,776,18365,8,0,0,8,5
2020-10-22,US,Mississippi,Benton,325,5,0,34.81681228,-89.18945516,28009.0,3935.101101828309,1.5384615384615383,320,319,4,0,315,315,8271,6,1,0,5,4
2020-10-22,US,Mississippi,Bolivar,2001,77,0,33.79696941,-90.87372121,28011.0,6533.237560402246,3.8480759620189904,1924,1994,77,0,1917,1983,31333,7,0,0,7,11
2020-10-22,US,Mississippi,Calhoun,619,12,0,33.93683395,-89.33686647,28013.0,4310.2847991086965,1.9386106623586432,607,618,12,0,606,614,14436,1,0,0,1,4
2020-10-22,US,Mississippi,Carroll,476,12,0,33.44834567,-89.91994479,28015.0,4785.362420830401,2.5210084033613445,464,468,12,0,456,463,9911,8,0,0,8,5
2020-10-22,US,Mississippi,Chickasaw,836,26,0,33.91983202,-88.9481545,28017.0,4888.031339531078,3.1100478468899517,810,832,25,0,807,826,17171,4,1,0,3,6
2020-10-22,US,Mississippi,Choctaw,204,6,0,33.34598242,-89.24809382,28019.0,2484.774665042631,2.9411764705882355,198,203,6,0,197,203,8278,1,0,0,1,0
2020-10-22,US,Mississippi,Claiborne,533,16,0,31.97061673,-90.90702196,28021.0,5930.129060970183,3.00187617260788,517,534,16,0,518,532,9002,-1,0,0,-1,2
2020-10-22,US,Mississippi,Clarke,734,50,0,32.04158545,-88.68896219999998,28023.0,4722.990798532913,6.811989100817439,684,727,50,0,677,723,15604,7,0,0,7,4
2020-10-22,US,Mississippi,Clay,683,21,0,33.65358105,-88.77784255,28025.0,3535.928763719197,3.0746705710102487,662,684,21,0,663,676,19386,-1,0,0,-1,8
2020-10-22,US,Mississippi,Coahoma,1247,36,0,34.22772299,-90.60415045,28027.0,5636.412945217862,2.886928628708901,1211,1240,36,0,1204,1234,22628,7,0,0,7,6
2020-10-22,US,Mississippi,Copiah,1362,36,0,31.86977774,-90.44565118,28029.0,4853.019775521112,2.643171806167401,1326,1357,36,0,1321,1350,28543,5,0,0,5,7
2020-10-22,US,Mississippi,Covington,953,26,0,31.63225413,-89.55389939,28031.0,5113.758317235458,2.728226652675761,927,945,25,0,920,925,18853,8,1,0,7,20
2020-10-22,US,Mississippi,DeSoto,6857,79,0,34.87625235,-89.99091418,28033.0,3707.588742599151,1.1521073355694909,6778,6767,78,0,6689,6701,182001,90,1,0,89,66
2020-10-22,US,Mississippi,Forrest,2995,78,0,31.18961454,-89.25832496,28035.0,3998.825053072887,2.604340567612688,2917,2980,78,0,2902,2963,75036,15,0,0,15,17
2020-10-22,US,Mississippi,Franklin,237,3,0,31.47786634,-90.89672989,28037.0,3072.7343446129908,1.2658227848101269,234,237,3,0,234,237,7788,0,0,0,0,0
2020-10-22,US,Mississippi,George,977,18,0,30.86259065,-88.64436789,28039.0,3987.755102040816,1.8423746161719552,959,957,18,0,939,939,24250,20,0,0,20,18
2020-10-22,US,Mississippi,Greene,469,18,0,31.21444233,-88.63922281,28041.0,3452.083026645076,3.837953091684435,451,459,18,0,441,455,13586,10,0,0,10,4
2020-10-22,US,Mississippi,Grenada,1211,38,0,33.77036166,-89.80245083,28043.0,5833.895365642162,3.137902559867878,1173,1206,38,0,1168,1200,21055,5,0,0,5,6
2020-10-22,US,Mississippi,Hancock,798,27,0,30.41830223,-89.48851033,28045.0,1675.3443063486734,3.3834586466165413,771,787,27,0,760,781,47334,11,0,0,11,6
2020-10-22,US,Mississippi,Harrison,5050,83,0,30.51359752,-89.12467576,28047.0,2426.951172625913,1.6435643564356437,4967,4902,83,0,4819,4844,206650,148,0,0,148,58
2020-10-22,US,Mississippi,Hinds,7850,176,0,32.2656285,-90.44435448,28049.0,3385.9558316080047,2.242038216560509,7674,7823,176,0,7647,7796,237085,27,0,0,27,27
2020-10-22,US,Mississippi,Holmes,1141,60,0,33.12345854,-90.08923538,28051.0,6707.818930041152,5.25854513584575,1081,1137,60,0,1077,1135,17622,4,0,0,4,2
2020-10-22,US,Mississippi,Humphreys,426,16,0,33.12825718,-90.52252707,28053.0,5282.738095238095,3.755868544600939,410,419,16,0,403,412,8257,7,0,0,7,7
2020-10-22,US,Mississippi,Issaquena,107,4,0,32.72531359,-90.97392828,28055.0,8063.300678221552,3.7383177570093458,103,106,4,0,102,106,1308,1,0,0,1,0
2020-10-22,US,Mississippi,Itawamba,1121,25,0,34.27993475,-88.3606733,28057.0,4792.646430098333,2.2301516503122207,1096,1113,25,0,1088,1104,23517,8,0,0,8,9
2020-10-22,US,Mississippi,Jackson,4450,84,0,30.54020656,-88.64184064,28059.0,3098.5189775583667,1.8876404494382024,4366,4393,83,0,4310,4350,143277,57,1,0,56,43
2020-10-22,US,Mississippi,Jasper,677,17,0,32.01922104,-89.11786866,28061.0,4132.332295672343,2.5110782865583454,660,674,17,0,657,674,16428,3,0,0,3,0
2020-10-22,US,Mississippi,Jefferson,274,10,0,31.73397872,-91.03764977,28063.0,3919.8855507868384,3.6496350364963503,264,271,10,0,261,270,7106,3,0,0,3,1
2020-10-22,US,Mississippi,Jefferson Davis,400,11,0,31.56884708,-89.82670990000004,28065.0,3594.536304816679,2.75,389,400,11,0,389,398,11234,0,0,0,0,2
2020-10-22,US,Mississippi,Jones,2877,84,0,31.62257767,-89.16896899999998,28067.0,4224.793679696907,2.9197080291970803,2793,2853,84,0,2769,2837,68461,24,0,0,24,16
2020-10-22,US,Mississippi,Kemper,320,15,0,32.75462946,-88.64105766,28069.0,3284.746458632724,4.6875,305,321,15,0,306,320,10027,-1,0,0,-1,1
2020-10-22,US,Mississippi,Lafayette,2459,43,0,34.35687874,-89.48490961,28071.0,4552.102038171754,1.7486783245221635,2416,2440,42,0,2398,2426,54793,19,1,0,18,14
2020-10-22,US,Mississippi,Lamar,2212,38,0,31.20572971,-89.5077704,28073.0,3492.098574428114,1.7179023508137432,2174,2190,38,0,2152,2171,62447,22,0,0,22,19
2020-10-22,US,Mississippi,Lauderdale,2418,134,0,32.40419769,-88.66229662,28075.0,3262.057335581788,5.5417700578990905,2284,2398,134,0,2264,2376,75317,20,0,0,20,22
2020-10-22,US,Mississippi,Lawrence,507,14,0,31.55147224,-90.10841127,28077.0,4028.2853964722713,2.7613412228796843,493,504,14,0,490,499,12455,3,0,0,3,5
2020-10-22,US,Mississippi,Leake,1143,40,0,32.7536828,-89.52402044,28079.0,5016.238040902308,3.499562554680665,1103,1139,40,0,1099,1133,22763,4,0,0,4,6
2020-10-22,US,Mississippi,Lee,3507,79,0,34.291877500000005,-88.68149954,28081.0,4104.827005009598,2.2526375819788997,3428,3490,79,0,3411,3449,85202,17,0,0,17,41
2020-10-22,US,Mississippi,Leflore,1651,87,0,33.55545125,-90.29900733,28083.0,5858.141432778625,5.269533615990309,1564,1632,87,0,1545,1607,28919,19,0,0,19,25
2020-10-22,US,Mississippi,Lincoln,1385,57,0,31.53288662,-90.45391915,28085.0,4055.280648844904,4.115523465703971,1328,1368,56,0,1312,1355,34205,17,1,0,16,13
2020-10-22,US,Mississippi,Lowndes,1763,62,0,33.47386518,-88.44191529999998,28087.0,3008.7891458315557,3.5167328417470216,1701,1755,62,0,1693,1749,58930,8,0,0,8,6
2020-10-22,US,Mississippi,Madison,3779,93,0,32.63389156,-90.03513564,28089.0,3555.969587473653,2.4609685101878798,3686,3757,93,0,3664,3739,105630,22,0,0,22,18
2020-10-22,US,Mississippi,Marion,935,42,0,31.23132643,-89.8209217,28091.0,3804.989215805966,4.4919786096256695,893,933,42,0,891,929,24715,2,0,0,2,4
2020-10-22,US,Mississippi,Marshall,1392,27,0,34.76216286,-89.50299462,28093.0,3944.013146710489,1.9396551724137927,1365,1362,26,0,1336,1348,35451,30,1,0,29,14
2020-10-22,US,Mississippi,Monroe,1473,72,0,33.89236763,-88.4808438,28095.0,4178.486327016907,4.887983706720979,1401,1465,72,0,1393,1459,35564,8,0,0,8,6
2020-10-22,US,Mississippi,Montgomery,535,23,0,33.49419589,-89.61729103,28097.0,5473.145780051151,4.299065420560748,512,531,23,0,508,529,10023,4,0,0,4,2
2020-10-22,US,Mississippi,Neshoba,1831,111,0,32.75339664,-89.11726492,28099.0,6288.206607596676,6.062261059530313,1720,1820,111,0,1709,1814,29125,11,0,0,11,6
2020-10-22,US,Mississippi,Newton,852,27,0,32.40021118,-89.11843336,28101.0,4053.668284327719,3.1690140845070425,825,849,27,0,822,844,21443,3,0,0,3,5
2020-10-22,US,Mississippi,Noxubee,596,17,0,33.11009499,-88.56949061,28103.0,5721.416914658729,2.8523489932885906,579,596,17,0,579,596,10535,0,0,0,0,0
2020-10-22,US,Mississippi,Oktibbeha,1993,54,0,33.42491685,-88.87905132,28105.0,4019.198580273056,2.709483191169092,1939,1976,54,0,1922,1958,49599,17,0,0,17,18
2020-10-22,US,Mississippi,Panola,1690,38,0,34.36398677,-89.95064249,28107.0,4942.676649508658,2.2485207100591715,1652,1676,38,0,1638,1663,34178,14,0,0,14,13
2020-10-22,US,Mississippi,Pearl River,1122,59,0,30.77090935,-89.58677275,28109.0,2020.3475285855768,5.258467023172906,1063,1105,59,0,1046,1089,55387,17,0,0,17,16
2020-10-22,US,Mississippi,Perry,486,23,0,31.17161885,-88.99281835,28111.0,4059.133049361063,4.732510288065844,463,484,23,0,461,481,11931,2,0,0,2,3
2020-10-22,US,Mississippi,Pike,1377,56,0,31.17507789,-90.40392572,28113.0,3504.8869883934026,4.0668119099491635,1321,1372,56,0,1316,1372,39563,5,0,0,5,0
2020-10-22,US,Mississippi,Pontotoc,1458,19,0,34.226046000000004,-89.03636807,28115.0,4531.609374028719,1.3031550068587106,1439,1452,19,0,1433,1438,31833,6,0,0,6,14
2020-10-22,US,Mississippi,Prentiss,1037,19,0,34.61810501,-88.51986294,28117.0,4127.198917456021,1.8322082931533268,1018,1029,19,0,1010,1026,25315,8,0,0,8,3
2020-10-22,US,Mississippi,Quitman,419,6,0,34.25157572,-90.28908,28119.0,6169.022379269729,1.431980906921241,413,417,6,0,411,414,7051,2,0,0,2,3
2020-10-22,US,Mississippi,Rankin,3881,86,0,32.26469147,-89.94537876,28121.0,2499.5008726677875,2.2159237309971656,3795,3859,86,0,3773,3837,153902,22,0,0,22,22
2020-10-22,US,Mississippi,Scott,1247,29,0,32.406704100000006,-89.53789439,28123.0,4433.935428815247,2.3255813953488373,1218,1238,29,0,1209,1238,28287,9,0,0,9,0
2020-10-22,US,Mississippi,Sharkey,280,14,0,32.88149103,-90.81595379999999,28125.0,6479.981485767184,5.0,266,280,14,0,266,278,4377,0,0,0,0,2
2020-10-22,US,Mississippi,Simpson,1204,49,0,31.91282117,-89.91716179,28127.0,4516.4678520519155,4.069767441860465,1155,1195,49,0,1146,1186,26758,9,0,0,9,9
2020-10-22,US,Mississippi,Smith,589,16,0,32.01744532,-89.50644846,28129.0,3700.678562452877,2.7164685908319184,573,585,16,0,569,583,16002,4,0,0,4,2
2020-10-22,US,Mississippi,Stone,462,14,0,30.79187949,-89.11547539,28131.0,2519.633507853403,3.0303030303030303,448,455,14,0,441,450,18717,7,0,0,7,5
2020-10-22,US,Mississippi,Sunflower,1597,49,0,33.60192578,-90.58882684,28133.0,6360.015929908403,3.0682529743268634,1548,1588,49,0,1539,1576,25735,9,0,0,9,12
2020-10-22,US,Mississippi,Tallahatchie,830,25,0,33.95339918,-90.1729398,28135.0,6010.572814830907,3.0120481927710845,805,825,25,0,800,818,13987,5,0,0,5,7
2020-10-22,US,Mississippi,Tate,1149,39,0,34.65133709,-89.94485778,28137.0,4057.060132057484,3.3942558746736293,1110,1136,39,0,1097,1132,28759,13,0,0,13,4
2020-10-22,US,Mississippi,Tippah,881,21,0,34.76872156,-88.90988194,28139.0,4001.8169429934137,2.3836549375709417,860,865,21,0,844,859,21995,16,0,0,16,6
2020-10-22,US,Mississippi,Tishomingo,800,41,0,34.74023475,-88.23917219,28141.0,4127.328070990043,5.125,759,797,41,0,756,793,19454,3,0,0,3,4
2020-10-22,US,Mississippi,Tunica,528,17,0,34.64967704,-90.37481167,28143.0,5481.727574750829,3.2196969696969697,511,523,17,0,506,522,9944,5,0,0,5,1
2020-10-22,US,Mississippi,Union,1165,25,0,34.49162015,-89.00776006,28145.0,4043.0331424605242,2.145922746781116,1140,1160,25,0,1135,1152,28606,5,0,0,5,8
2020-10-22,US,Mississippi,Walthall,636,27,0,31.14971548,-90.10446654,28147.0,4451.910961780764,4.245283018867925,609,633,27,0,606,633,14465,3,0,0,3,0
2020-10-22,US,Mississippi,Warren,1536,55,0,32.35810271,-90.83352619,28149.0,3384.6764064255967,3.5807291666666665,1481,1532,55,0,1477,1527,46176,4,0,0,4,5
2020-10-22,US,Mississippi,Washington,2551,99,0,33.28392041,-90.94196237,28151.0,5809.742877314446,3.880831046648373,2452,2537,99,0,2438,2521,45063,14,0,0,14,16
2020-10-22,US,Mississippi,Wayne,998,21,0,31.64135687,-88.69573913,28153.0,4944.755487291285,2.1042084168336674,977,994,21,0,973,987,20298,4,0,0,4,7
2020-10-22,US,Mississippi,Webster,370,13,0,33.61300486,-89.28392912,28155.0,3818.763546289607,3.5135135135135136,357,366,13,0,353,366,9788,4,0,0,4,0
2020-10-22,US,Mississippi,Wilkinson,335,20,0,31.16078225,-91.31018819,28157.0,3881.80764774044,5.970149253731344,315,331,20,0,311,330,8792,4,0,0,4,1
2020-10-22,US,Mississippi,Winston,828,21,0,33.08747908,-89.03391385,28159.0,4611.5288220551365,2.5362318840579707,807,826,21,0,805,822,18165,2,0,0,2,4
2020-10-22,US,Mississippi,Yalobusha,519,14,0,34.02824175,-89.70762049999998,28161.0,4286.422200198216,2.697495183044316,505,513,14,0,499,493,12392,6,0,0,6,20
2020-10-22,US,Mississippi,Yazoo,1207,33,0,32.77890365,-90.39656148,28163.0,4065.3418659481313,2.734051367025684,1174,1199,33,0,1166,1193,28248,8,0,0,8,6
2020-10-22,US,Missouri,Adair,482,0,0,40.19058551,-92.60078167,29001.0,1901.9058517144765,0.0,482,475,0,0,475,467,25339,7,0,0,7,8
2020-10-22,US,Missouri,Andrew,414,4,0,39.98492163,-94.80163024,29003.0,2337.39837398374,0.966183574879227,410,406,4,0,402,403,17607,8,0,0,8,3
2020-10-22,US,Missouri,Atchison,74,1,0,40.43238737,-95.42970639,29005.0,1438.8489208633093,1.351351351351351,73,73,1,0,72,73,5171,1,0,0,1,0
2020-10-22,US,Missouri,Audrain,553,7,0,39.215877,-91.84242683,29007.0,2178.1944225618404,1.2658227848101269,546,535,7,0,528,535,25473,18,0,0,18,0
2020-10-22,US,Missouri,Barry,748,8,0,36.70978521,-93.82919888,29009.0,2090.027662130822,1.0695187165775402,740,735,8,0,727,731,35886,13,0,0,13,4
2020-10-22,US,Missouri,Barton,409,2,0,37.50207671,-94.34757022,29011.0,3479.6664965118257,0.4889975550122249,407,402,2,0,400,399,11798,7,0,0,7,3
2020-10-22,US,Missouri,Bates,233,5,0,38.25271289,-94.34113157,29013.0,1440.76181053673,2.145922746781116,228,229,5,0,224,225,16320,4,0,0,4,4
2020-10-22,US,Missouri,Benton,468,5,0,38.29503305,-93.28756116,29015.0,2407.035951242093,1.0683760683760684,463,465,5,0,460,462,19278,3,0,0,3,3
2020-10-22,US,Missouri,Bollinger,448,2,0,37.32449052,-90.02725304,29017.0,3692.4091321190144,0.44642857142857145,446,441,2,0,439,438,12169,7,0,0,7,3
2020-10-22,US,Missouri,Boone,5777,14,0,38.99186229,-92.30723575,29019.0,3201.2102203775844,0.24234031504240955,5763,5730,14,0,5716,5646,180005,47,0,0,47,84
2020-10-22,US,Missouri,Buchanan,2821,37,0,39.65816401,-94.80138942,29021.0,3229.0188178196972,1.3115916341722793,2784,2796,36,0,2760,2783,88571,25,1,0,24,13
2020-10-22,US,Missouri,Butler,1067,8,0,36.71462476,-90.40421163,29023.0,2511.8885069918547,0.7497656982193065,1059,1050,8,0,1042,1040,42639,17,0,0,17,10
2020-10-22,US,Missouri,Caldwell,163,1,0,39.65620858,-93.98308093,29025.0,1807.0953436807085,0.6134969325153374,162,162,1,0,161,161,9108,1,0,0,1,1
2020-10-22,US,Missouri,Callaway,1083,5,0,38.83674754,-91.92186505,29027.0,2420.490356033346,0.4616805170821791,1078,1067,5,0,1062,1021,44889,16,0,0,16,46
2020-10-22,US,Missouri,Camden,1510,28,0,38.02199522,-92.76083747,29029.0,3260.986934456322,1.854304635761589,1482,1492,28,0,1464,1478,45815,18,0,0,18,14
2020-10-22,US,Missouri,Cape Girardeau,2540,46,0,37.38489388,-89.6843587,29031.0,3220.4485805936274,1.811023622047244,2494,2504,45,0,2459,2473,78753,36,1,0,35,31
2020-10-22,US,Missouri,Carroll,174,2,0,39.42762566,-93.50626255,29033.0,2004.8392671966812,1.1494252873563218,172,173,2,0,171,172,8743,1,0,0,1,1
2020-10-22,US,Missouri,Carter,164,3,0,36.94160441,-90.96051322,29035.0,2741.5580073554,1.8292682926829267,161,157,3,0,154,155,6054,7,0,0,7,2
2020-10-22,US,Missouri,Cass,1940,28,0,38.64789422,-94.353399,29037.0,1833.9950841368882,1.443298969072165,1912,1929,28,0,1901,1909,104954,11,0,0,11,20
2020-10-22,US,Missouri,Cedar,216,2,0,37.72391475,-93.85445441,29039.0,1505.3313819778382,0.925925925925926,214,212,2,0,210,211,14165,4,0,0,4,1
2020-10-22,US,Missouri,Chariton,57,1,0,39.51499357,-92.9629191,29041.0,767.5733907891192,1.7543859649122806,56,56,1,0,55,55,7451,1,0,0,1,1
2020-10-22,US,Missouri,Christian,2154,10,0,36.9711783,-93.18537118,29043.0,2431.2884474293132,0.4642525533890437,2144,2127,10,0,2117,2107,86983,27,0,0,27,20
2020-10-22,US,Missouri,Clark,104,0,0,40.41040752,-91.73661677,29045.0,1530.086803001324,0.0,104,103,0,0,103,104,6842,1,0,0,1,-1
2020-10-22,US,Missouri,Clay,2412,45,0,39.31132056,-94.41850862,29047.0,965.0007201497913,1.8656716417910448,2367,2347,45,0,2302,2323,246365,65,0,0,65,24
2020-10-22,US,Missouri,Clinton,447,13,0,39.6013098,-94.40465394,29049.0,2192.573698925786,2.9082774049217,434,436,11,0,425,431,20470,11,2,0,9,5
2020-10-22,US,Missouri,Cole,2649,18,0,38.50455671,-92.27860244,29051.0,3451.690663886898,0.6795016987542469,2631,2600,18,0,2582,2543,76796,49,0,0,49,57
2020-10-22,US,Missouri,Cooper,586,2,0,38.844478,-92.80896081,29053.0,3309.0518945169124,0.3412969283276451,584,581,2,0,579,575,17603,5,0,0,5,6
2020-10-22,US,Missouri,Crawford,583,7,0,37.97663738,-91.30528104,29055.0,2437.290969899665,1.2006861063464838,576,563,7,0,556,561,23957,20,0,0,20,2
2020-10-22,US,Missouri,Dade,130,0,0,37.431814,-93.8503345,29057.0,1719.3492924216373,0.0,130,129,0,0,129,127,7569,1,0,0,1,2
2020-10-22,US,Missouri,Dallas,325,1,0,37.681135499999996,-93.02127031,29059.0,1925.583599952601,0.3076923076923077,324,303,1,0,302,288,16762,22,0,0,22,15
2020-10-22,US,Missouri,Daviess,206,4,0,39.96145298,-93.98519678,29061.0,2488.523798018845,1.9417475728155342,202,206,4,0,202,205,8313,0,0,0,0,1
2020-10-22,US,Missouri,DeKalb,262,2,0,39.89201062,-94.40476508,29063.0,2088.1485614091016,0.7633587786259542,260,259,2,0,257,256,12630,3,0,0,3,3
2020-10-22,US,Missouri,Dent,239,3,0,37.60663134,-91.50790473,29065.0,1534.7075065819047,1.2552301255230125,236,236,3,0,233,233,15441,3,0,0,3,3
2020-10-22,US,Missouri,Douglas,276,9,0,36.9325593,-92.49905109,29067.0,2093.287827076223,3.260869565217391,267,273,9,0,264,273,13373,3,0,0,3,0
2020-10-22,US,Missouri,Dunklin,1043,12,0,36.27167174,-90.09122243,29069.0,3580.378291167485,1.1505273250239694,1031,1028,12,0,1016,1012,29423,15,0,0,15,16
2020-10-22,US,Missouri,Franklin,2433,42,0,38.41127108,-91.07522826,29071.0,2340.1656294785844,1.7262638717632552,2391,2395,42,0,2353,2379,103670,38,0,0,38,16
2020-10-22,US,Missouri,Gasconade,235,24,0,38.43947277,-91.50847147,29073.0,1597.987216102271,10.212765957446807,211,230,24,0,206,225,14705,5,0,0,5,5
2020-10-22,US,Missouri,Gentry,176,10,0,40.21097916,-94.40944419,29075.0,2678.435550144575,5.6818181818181825,166,174,10,0,164,173,6628,2,0,0,2,1
2020-10-22,US,Missouri,Greene,8592,111,0,37.2575872,-93.34230916,29077.0,2931.562749500147,1.291899441340782,8481,8497,111,0,8386,8436,291923,95,0,0,95,61
2020-10-22,US,Missouri,Grundy,254,9,0,40.11406587,-93.56509276,29079.0,2578.680203045685,3.543307086614173,245,248,9,0,239,244,9914,6,0,0,6,4
2020-10-22,US,Missouri,Harrison,182,1,0,40.35570088,-93.99222144,29081.0,2179.1187739463603,0.5494505494505495,181,179,1,0,178,177,8414,3,0,0,3,2
2020-10-22,US,Missouri,Henry,352,5,0,38.38482826,-93.79293734,29083.0,1612.9032258064515,1.4204545454545454,347,347,5,0,342,346,21792,5,0,0,5,1
2020-10-22,US,Missouri,Hickory,190,3,0,37.94163617,-93.3203037,29085.0,1990.7795473595972,1.5789473684210529,187,183,3,0,180,181,9509,7,0,0,7,2
2020-10-22,US,Missouri,Holt,112,1,0,40.09799248,-95.21638879999999,29087.0,2543.7201907790145,0.8928571428571429,111,111,1,0,110,111,4404,1,0,0,1,0
2020-10-22,US,Missouri,Howard,235,2,0,39.1435761,-92.69756691,29089.0,2349.7650234976504,0.851063829787234,233,230,2,0,228,226,10137,5,0,0,5,4
2020-10-22,US,Missouri,Howell,1066,6,0,36.77383887,-91.88683935,29091.0,2657.2276092429643,0.5628517823639775,1060,1038,6,0,1032,1030,40076,28,0,0,28,8
2020-10-22,US,Missouri,Iron,95,0,0,37.55487945,-90.7735296,29093.0,938.2716049382716,0.0,95,93,0,0,93,92,10177,2,0,0,2,1
2020-10-22,US,Missouri,Jackson,9541,118,0,39.01002188,-94.34724536,29095.0,1357.1622634638718,1.236767634419872,9423,9384,117,0,9267,9310,700307,157,1,0,156,74
2020-10-22,US,Missouri,Jasper,4955,68,0,37.20351921,-94.34050458,29097.0,4083.970723987868,1.372351160443996,4887,4893,68,0,4825,4843,120636,62,0,0,62,50
2020-10-22,US,Missouri,Jefferson,5282,78,0,38.25926778,-90.53870896,29099.0,2346.7107396892675,1.4767133661491858,5204,5241,78,0,5163,5226,224347,41,0,0,41,15
2020-10-22,US,Missouri,Johnson,1411,10,0,38.74719601,-93.80691168,29101.0,2609.9663349487623,0.7087172218284904,1401,1393,10,0,1383,1403,53652,18,0,0,18,-10
2020-10-22,US,Missouri,Kansas City,13904,177,0,39.0997,-94.5786,0.0,2843.6852557455572,1.2730149597238205,13727,13869,175,0,13694,13792,491918,35,2,0,33,77
2020-10-22,US,Missouri,Knox,60,1,0,40.12699751,-92.14780832,29103.0,1515.5342258145997,1.6666666666666667,59,59,1,0,58,59,3947,1,0,0,1,0
2020-10-22,US,Missouri,Laclede,1118,21,0,37.65896829,-92.5888493,29105.0,3129.636368726031,1.8783542039355996,1097,1093,21,0,1072,1086,35713,25,0,0,25,7
2020-10-22,US,Missouri,Lafayette,767,24,0,39.06986886,-93.78076396,29107.0,2344.992050874404,3.1290743155149934,743,754,24,0,730,745,32598,13,0,0,13,9
2020-10-22,US,Missouri,Lawrence,1018,14,0,37.10626634,-93.83293097,29109.0,2654.152001042889,1.3752455795677798,1004,1006,14,0,992,992,38359,12,0,0,12,14
2020-10-22,US,Missouri,Lewis,179,2,0,40.09673161,-91.72070156,29111.0,1831.0147299509,1.11731843575419,177,175,2,0,173,173,9855,4,0,0,4,2
2020-10-22,US,Missouri,Lincoln,1084,5,0,39.05345619,-90.95588181,29113.0,1836.883398573196,0.4612546125461255,1079,1079,5,0,1074,1068,57686,5,0,0,5,11
2020-10-22,US,Missouri,Linn,153,2,0,39.87001769,-93.10704106,29115.0,1283.5570469798656,1.30718954248366,151,153,2,0,151,152,12037,0,0,0,0,1
2020-10-22,US,Missouri,Livingston,551,6,0,39.78110272,-93.54645978,29117.0,3618.5722729362324,1.088929219600726,545,549,6,0,543,544,15146,2,0,0,2,5
2020-10-22,US,Missouri,Macon,199,1,0,39.83049768,-92.56453089,29121.0,1316.398756367004,0.5025125628140703,198,198,1,0,197,197,15153,1,0,0,1,1
2020-10-22,US,Missouri,Madison,454,3,0,37.47865134,-90.34671429999999,29123.0,3755.7908669755125,0.6607929515418502,451,447,3,0,444,443,12188,7,0,0,7,4
2020-10-22,US,Missouri,Maries,155,0,0,38.16193985,-91.92249662,29125.0,1782.2237553179255,0.0,155,148,0,0,148,145,8769,7,0,0,7,3
2020-10-22,US,Missouri,Marion,858,14,0,39.80601912,-91.62203062,29127.0,3007.360672975815,1.6317016317016315,844,850,14,0,836,838,28592,8,0,0,8,12
2020-10-22,US,Missouri,McDonald,1195,11,0,36.62869595,-94.34867205,29119.0,5232.736348907475,0.9205020920502092,1184,1192,11,0,1181,1190,23078,3,0,0,3,2
2020-10-22,US,Missouri,Mercer,31,0,0,40.42212303,-93.56829590000001,29129.0,857.0638650815595,0.0,31,31,0,0,31,31,3641,0,0,0,0,0
2020-10-22,US,Missouri,Miller,804,7,0,38.21450288,-92.42610898,29131.0,3138.29579608884,0.8706467661691543,797,791,7,0,784,783,25336,13,0,0,13,8
2020-10-22,US,Missouri,Mississippi,406,5,0,36.82516239,-89.29505753,29133.0,3080.4248861911988,1.2315270935960592,401,402,5,0,397,398,13336,4,0,0,4,4
2020-10-22,US,Missouri,Moniteau,523,9,0,38.63571781,-92.57976951,29135.0,3242.003471361269,1.7208413001912046,514,507,9,0,498,501,16121,16,0,0,16,6
2020-10-22,US,Missouri,Monroe,142,1,0,39.49593978,-92.00043978,29137.0,1642.7579824155484,0.7042253521126759,141,139,1,0,138,135,8664,3,0,0,3,4
2020-10-22,US,Missouri,Montgomery,116,1,0,38.94022054,-91.47000721,29139.0,1004.242056964765,0.8620689655172413,115,112,1,0,111,111,11534,4,0,0,4,1
2020-10-22,US,Missouri,Morgan,622,6,0,38.4181765,-92.88791859,29141.0,3015.4651670141084,0.964630225080386,616,604,6,0,598,596,20358,18,0,0,18,8
2020-10-22,US,Missouri,New Madrid,725,20,0,36.59666326,-89.66070007,29143.0,4245.724994143829,2.7586206896551726,705,709,20,0,689,707,17296,16,0,0,16,2
2020-10-22,US,Missouri,Newton,1946,17,0,36.90519407,-94.3394104,29145.0,3341.575657668796,0.8735868448098664,1929,1915,17,0,1898,1905,58266,31,0,0,31,10
2020-10-22,US,Missouri,Nodaway,1067,10,0,40.36079813,-94.88133008,29147.0,4829.802643490856,0.9372071227741332,1057,1041,10,0,1031,1024,22304,26,0,0,26,17
2020-10-22,US,Missouri,Oregon,219,0,0,36.68710164,-91.4033755,29149.0,2079.969607750024,0.0,219,214,0,0,214,213,10541,5,0,0,5,1
2020-10-22,US,Missouri,Osage,438,3,0,38.46036182,-91.8613635,29151.0,3217.040029379361,0.6849315068493149,435,431,3,0,428,424,13714,7,0,0,7,7
2020-10-22,US,Missouri,Ozark,192,1,0,36.64916339,-92.44459066,29153.0,2092.871157619359,0.5208333333333334,191,181,1,0,180,179,9017,11,0,0,11,2
2020-10-22,US,Missouri,Pemiscot,691,12,0,36.2130572,-89.78742322,29155.0,4372.0341664030375,1.7366136034732271,679,686,12,0,674,678,16272,5,0,0,5,8
2020-10-22,US,Missouri,Perry,771,8,0,37.70660776,-89.82741088,29157.0,4029.055183946488,1.0376134889753568,763,762,7,0,755,761,19150,9,1,0,8,1
2020-10-22,US,Missouri,Pettis,1500,14,0,38.72798918,-93.28471706,29159.0,3542.8328491461766,0.9333333333333332,1486,1484,14,0,1470,1457,42542,16,0,0,16,27
2020-10-22,US,Missouri,Phelps,785,20,0,37.87736118,-91.79351727,29161.0,1761.1558566845395,2.5477707006369426,765,776,19,0,757,767,44732,9,1,0,8,9
2020-10-22,US,Missouri,Pike,321,8,0,39.34310674,-91.16980779,29163.0,1753.9066768659166,2.4922118380062304,313,309,8,0,301,307,18504,12,0,0,12,2
2020-10-22,US,Missouri,Platte,945,12,0,39.38154439,-94.77068479,29165.0,905.0163764868126,1.2698412698412698,933,926,12,0,914,921,102985,19,0,0,19,5
2020-10-22,US,Missouri,Polk,908,8,0,37.616229600000004,-93.39828174,29167.0,2824.349124389561,0.8810572687224669,900,895,8,0,887,890,32201,13,0,0,13,5
2020-10-22,US,Missouri,Pulaski,906,9,0,37.82462075,-92.20783203,29169.0,1722.2042693938074,0.9933774834437086,897,901,9,0,892,900,52014,5,0,0,5,1
2020-10-22,US,Missouri,Putnam,49,1,0,40.47942497,-93.02042674,29171.0,1043.4412265758094,2.0408163265306123,48,48,1,0,47,48,4757,1,0,0,1,0
2020-10-22,US,Missouri,Ralls,195,0,0,39.52817427,-91.51838643,29173.0,1891.5510718789408,0.0,195,194,0,0,194,193,10212,1,0,0,1,1
2020-10-22,US,Missouri,Randolph,562,3,0,39.44007257,-92.49713740000001,29175.0,2270.890577016325,0.5338078291814946,559,541,3,0,538,508,24763,21,0,0,21,33
2020-10-22,US,Missouri,Ray,257,2,0,39.353746799999996,-93.98905745,29177.0,1116.5175080371882,0.7782101167315175,255,252,2,0,250,247,22883,5,0,0,5,5
2020-10-22,US,Missouri,Reynolds,62,0,0,37.36085952,-90.97009925,29179.0,988.835725677831,0.0,62,60,0,0,60,60,6254,2,0,0,2,0
2020-10-22,US,Missouri,Ripley,241,4,0,36.65460667,-90.85990261,29181.0,1813.6664659843466,1.6597510373443984,237,233,4,0,229,229,13401,8,0,0,8,4
2020-10-22,US,Missouri,Saline,916,10,0,39.13734288,-93.20259964,29195.0,4024.427749220157,1.091703056768559,906,909,10,0,899,907,22895,7,0,0,7,2
2020-10-22,US,Missouri,Schuyler,35,0,0,40.46921489,-92.52311943,29197.0,751.0729613733905,0.0,35,35,0,0,35,35,4599,0,0,0,0,0
2020-10-22,US,Missouri,Scotland,68,1,0,40.45214695,-92.14709064,29199.0,1387.1889024887805,1.4705882352941178,67,63,1,0,62,63,4966,5,0,0,5,0
2020-10-22,US,Missouri,Scott,1337,19,0,37.05588075,-89.56474493,29201.0,3492.685475444096,1.4210919970082274,1318,1312,19,0,1293,1295,38458,25,0,0,25,17
2020-10-22,US,Missouri,Shannon,214,3,0,37.15772072,-91.40190382,29203.0,2620.6220915993144,1.4018691588785046,211,202,3,0,199,202,8189,12,0,0,12,0
2020-10-22,US,Missouri,Shelby,98,1,0,39.79742518,-92.07634971,29205.0,1652.6138279932547,1.020408163265306,97,97,1,0,96,96,6050,1,0,0,1,1
2020-10-22,US,Missouri,St. Charles,10055,144,0,38.77875681,-90.66662425,29183.0,2501.106904597261,1.4321233217304823,9911,9951,144,0,9807,9886,399182,104,0,0,104,65
2020-10-22,US,Missouri,St. Clair,115,1,0,38.03699437,-93.77631447,29185.0,1223.7948281366396,0.8695652173913043,114,114,1,0,113,108,9395,1,0,0,1,6
2020-10-22,US,Missouri,St. Francois,2699,22,0,37.81214171,-90.47598685,29187.0,4015.472736740311,0.8151167098925528,2677,2683,22,0,2661,2660,66692,16,0,0,16,23
2020-10-22,US,Missouri,St. Louis,28842,865,0,38.63770039999999,-90.4458375,29189.0,2901.011360836045,2.9990985368559735,27977,28626,860,0,27766,28380,996945,216,5,0,211,246
2020-10-22,US,Missouri,St. Louis City,8103,218,0,38.63555736,-90.24349225,29510.0,2695.8240178856595,2.690361594471184,7885,8059,218,0,7841,8008,302838,44,0,0,44,51
2020-10-22,US,Missouri,Ste. Genevieve,331,1,0,37.89090059,-90.1949941,29186.0,1849.782049849112,0.3021148036253776,330,319,1,0,318,314,17888,12,0,0,12,5
2020-10-22,US,Missouri,Stoddard,813,15,0,36.85571651,-89.9444155,29207.0,2801.0335917312664,1.845018450184502,798,792,15,0,777,782,29206,21,0,0,21,10
2020-10-22,US,Missouri,Stone,655,8,0,36.75000327,-93.45256475,29209.0,2049.949924887331,1.2213740458015268,647,646,8,0,638,640,31749,9,0,0,9,6
2020-10-22,US,Missouri,Sullivan,281,1,0,40.2099105,-93.11150106,29211.0,4614.879290523895,0.3558718861209965,280,279,1,0,278,278,6221,2,0,0,2,1
2020-10-22,US,Missouri,Taney,1626,33,0,36.65465345,-93.04075153,29213.0,2907.309397797168,2.029520295202952,1593,1591,33,0,1558,1579,55852,35,0,0,35,12
2020-10-22,US,Missouri,Texas,550,3,0,37.31728859,-91.96564727,29215.0,2165.524844475943,0.5454545454545454,547,534,3,0,531,533,25571,16,0,0,16,1
2020-10-22,US,Missouri,Vernon,305,3,0,37.8457799,-94.34127305,29217.0,1483.246607985216,0.9836065573770492,302,296,3,0,293,294,20528,9,0,0,9,2
2020-10-22,US,Missouri,Warren,587,1,0,38.76529479,-91.16124662,29219.0,1646.6100030856405,0.17035775127768313,586,582,1,0,581,577,34711,5,0,0,5,5
2020-10-22,US,Missouri,Washington,617,16,0,37.96130078,-90.87948158,29221.0,2494.945410432673,2.593192868719611,601,605,16,0,589,603,24943,12,0,0,12,2
2020-10-22,US,Missouri,Wayne,295,1,0,37.11303869,-90.46001416,29223.0,2291.618115435408,0.3389830508474576,294,294,1,0,293,293,13122,1,0,0,1,1
2020-10-22,US,Missouri,Webster,1080,11,0,37.2813734,-92.876329,29225.0,2727.823802788442,1.0185185185185186,1069,1062,11,0,1051,1053,39109,18,0,0,18,9
2020-10-22,US,Missouri,Worth,29,0,0,40.47945588,-94.42328751,29227.0,1440.635866865375,0.0,29,27,0,0,27,26,2040,2,0,0,2,1
2020-10-22,US,Missouri,Wright,572,3,0,37.27029221,-92.46914488,29229.0,3127.563016020559,0.5244755244755245,569,565,2,0,563,563,18378,7,1,0,6,2
2020-10-22,US,Montana,Beaverhead,247,1,0,45.13434354,-112.89846940000001,30001.0,2612.9271130857933,0.4048582995951417,246,240,1,0,239,237,9404,7,0,0,7,3
2020-10-22,US,Montana,Big Horn,1225,34,0,45.42335905,-107.492347,30003.0,9197.387191230573,2.7755102040816326,1191,1205,34,0,1171,1181,13338,20,0,0,20,24
2020-10-22,US,Montana,Blaine,256,2,0,48.43175214,-108.9582723,30005.0,3831.761712318515,0.78125,254,246,2,0,244,241,6807,10,0,0,10,5
2020-10-22,US,Montana,Broadwater,52,0,0,46.33277565,-111.49558130000001,30007.0,833.7341670675003,0.0,52,43,0,0,43,41,6085,9,0,0,9,2
2020-10-22,US,Montana,Carbon,216,0,0,45.22850116,-109.0274047,30009.0,2013.986013986014,0.0,216,206,0,0,206,204,10714,10,0,0,10,2
2020-10-22,US,Montana,Carter,46,0,0,45.5197966,-104.53955359999999,30011.0,3674.121405750799,0.0,46,32,0,0,32,32,1238,14,0,0,14,0
2020-10-22,US,Montana,Cascade,1627,6,0,47.30797024,-111.3467922,30013.0,1999.606715335644,0.3687768899815612,1621,1538,6,0,1532,1508,81643,89,0,0,89,30
2020-10-22,US,Montana,Chouteau,79,0,0,47.88084126,-110.4353362,30015.0,1401.9520851818988,0.0,79,68,0,0,68,62,5745,11,0,0,11,6
2020-10-22,US,Montana,Custer,233,3,0,46.25319932,-105.57375259999998,30017.0,2043.5011401508511,1.2875536480686696,230,206,3,0,203,198,11586,27,0,0,27,8
2020-10-22,US,Montana,Daniels,27,1,0,48.78420029,-105.54763429999998,30019.0,1597.6331360946745,3.703703703703704,26,23,1,0,22,22,1747,4,0,0,4,1
2020-10-22,US,Montana,Dawson,185,3,0,47.26584855,-104.89444170000002,30021.0,2147.9159410193893,1.6216216216216215,182,181,1,0,180,167,8680,4,2,0,2,14
2020-10-22,US,Montana,Deer Lodge,365,1,0,46.05953325,-113.073353,30023.0,3993.435448577681,0.273972602739726,364,358,1,0,357,353,9131,7,0,0,7,5
2020-10-22,US,Montana,Fallon,47,0,0,46.33478338,-104.41835649999999,30025.0,1651.440618411806,0.0,47,37,0,0,37,37,2920,10,0,0,10,0
2020-10-22,US,Montana,Fergus,172,2,0,47.26331584,-109.2245206,30027.0,1556.5610859728506,1.162790697674419,170,167,2,0,165,167,11113,5,0,0,5,0
2020-10-22,US,Montana,Flathead,2823,23,0,48.29575866,-114.05205690000001,30029.0,2719.4959828911624,0.8147360963513992,2800,2712,23,0,2689,2658,102106,111,0,0,111,54
2020-10-22,US,Montana,Gallatin,2500,6,0,45.54486106,-111.1692571,30031.0,2184.6653966478493,0.24,2494,2400,6,0,2394,2343,111876,100,0,0,100,57
2020-10-22,US,Montana,Garfield,29,0,0,47.27545948,-107.0002351,30033.0,2305.246422893482,0.0,29,21,0,0,21,19,1268,8,0,0,8,2
2020-10-22,US,Montana,Glacier,827,10,0,48.70513576,-112.9934235,30035.0,6013.233476332436,1.2091898428053205,817,815,10,0,805,800,13747,12,0,0,12,15
2020-10-22,US,Montana,Golden Valley,12,0,0,46.3816474,-109.17685220000001,30037.0,1461.6321559074302,0.0,12,12,0,0,12,10,826,0,0,0,0,2
2020-10-22,US,Montana,Granite,56,0,0,46.40605220000001,-113.4414186,30039.0,1657.2950577093814,0.0,56,54,0,0,54,53,3378,2,0,0,2,1
2020-10-22,US,Montana,Hill,644,16,0,48.62879827,-110.1129252,30041.0,3906.818733317156,2.4844720496894412,628,621,16,0,605,593,16347,23,0,0,23,28
2020-10-22,US,Montana,Jefferson,140,0,0,46.14907081,-112.094396,30043.0,1145.5691023647819,0.0,140,139,0,0,139,137,12097,1,0,0,1,2
2020-10-22,US,Montana,Judith Basin,15,0,0,47.04581276,-110.26606880000001,30045.0,747.3841554559042,0.0,15,15,0,0,15,15,1952,0,0,0,0,0
2020-10-22,US,Montana,Lake,485,1,0,47.64514965,-114.0898013,30047.0,1592.3566878980896,0.20618556701030927,484,476,1,0,475,455,30250,9,0,0,9,21
2020-10-22,US,Montana,Lewis and Clark,740,5,0,47.12610041,-112.39469799999999,30049.0,1065.7909897453624,0.6756756756756757,735,714,5,0,709,675,68700,26,0,0,26,39
2020-10-22,US,Montana,Liberty,28,0,0,48.56084317,-111.02430700000001,30051.0,1198.117244330338,0.0,28,28,0,0,28,28,2430,0,0,0,0,0
2020-10-22,US,Montana,Lincoln,267,3,0,48.54265777,-115.4046155,30053.0,1336.3363363363364,1.1235955056179776,264,258,3,0,255,254,19794,9,0,0,9,4
2020-10-22,US,Montana,Madison,152,1,0,45.30080065,-111.9173017,30057.0,1767.4418604651162,0.6578947368421053,151,148,1,0,147,142,8768,4,0,0,4,6
2020-10-22,US,Montana,McCone,58,0,0,47.64469406,-105.79449939999999,30055.0,3485.5769230769233,0.0,58,52,0,0,52,48,1675,6,0,0,6,4
2020-10-22,US,Montana,Meagher,57,3,0,46.59907074,-110.8898557,30059.0,3061.2244897959185,5.2631578947368425,54,56,2,0,54,55,1866,1,1,0,0,1
2020-10-22,US,Montana,Mineral,15,0,0,47.15283992,-115.00152390000001,30061.0,341.14168751421425,0.0,15,14,0,0,14,14,4316,1,0,0,1,0
2020-10-22,US,Montana,Missoula,1846,8,0,47.03728583,-113.92135079999998,30063.0,1543.478260869565,0.4333694474539545,1838,1750,8,0,1742,1705,118791,96,0,0,96,45
2020-10-22,US,Montana,Musselshell,81,1,0,46.49684637,-108.39498,30065.0,1748.327217785452,1.2345679012345678,80,75,1,0,74,72,4651,6,0,0,6,3
2020-10-22,US,Montana,Park,206,0,0,45.48965095,-110.52643940000002,30067.0,1240.5154763338553,0.0,206,203,0,0,203,190,16736,3,0,0,3,13
2020-10-22,US,Montana,Petroleum,3,0,0,47.118246299999996,-108.2508876,30069.0,616.0164271047228,0.0,3,3,0,0,3,3,513,0,0,0,0,0
2020-10-22,US,Montana,Phillips,157,0,0,48.25936577,-107.9128511,30071.0,3970.662620131513,0.0,157,146,0,0,146,144,4074,11,0,0,11,2
2020-10-22,US,Montana,Pondera,140,1,0,48.22773388,-112.22527029999999,30073.0,2368.4655726611404,0.7142857142857143,139,138,1,0,137,135,5972,2,0,0,2,3
2020-10-22,US,Montana,Powder River,47,5,0,45.39617714,-105.636738,30075.0,2794.292508917955,10.638297872340424,42,47,5,0,42,47,1716,0,0,0,0,0
2020-10-22,US,Montana,Powell,89,0,0,46.85538891,-112.93591640000001,30077.0,1291.7271407837445,0.0,89,80,0,0,80,80,6968,9,0,0,9,0
2020-10-22,US,Montana,Prairie,31,0,0,46.86048047,-105.379384,30079.0,2878.3658310120704,0.0,31,30,0,0,30,29,1087,1,0,0,1,1
2020-10-22,US,Montana,Ravalli,376,4,0,46.08520862,-114.11891640000002,30081.0,858.3299091448662,1.0638297872340423,372,359,4,0,355,345,43172,17,0,0,17,14
2020-10-22,US,Montana,Richland,240,2,0,47.78668011,-104.5610786,30083.0,2221.605109691752,0.8333333333333334,238,231,2,0,229,229,10913,9,0,0,9,2
2020-10-22,US,Montana,Roosevelt,871,17,0,48.29607488,-105.00792679999999,30085.0,7915.303525990549,1.9517795637198625,854,829,17,0,812,786,11059,42,0,0,42,43
2020-10-22,US,Montana,Rosebud,739,20,0,46.23397237,-106.72928799999998,30087.0,8268.994069598299,2.706359945872801,719,737,20,0,717,735,9063,2,0,0,2,2
2020-10-22,US,Montana,Sanders,89,2,0,47.67657534,-115.1329916,30089.0,734.7477916288284,2.247191011235955,87,88,2,0,86,88,11844,1,0,0,1,0
2020-10-22,US,Montana,Sheridan,54,0,0,48.72085833,-104.50382900000001,30091.0,1631.9129646418858,0.0,54,52,0,0,52,47,3424,2,0,0,2,5
2020-10-22,US,Montana,Silver Bow,483,0,0,45.90018933,-112.6620092,30093.0,1383.3595875698127,0.0,483,481,0,0,481,481,34993,2,0,0,2,0
2020-10-22,US,Montana,Stillwater,165,3,0,45.67071407,-109.3950061,30095.0,1711.2632233976349,1.818181818181818,162,160,3,0,157,154,9534,5,0,0,5,6
2020-10-22,US,Montana,Sweet Grass,63,2,0,45.81367654,-109.9425686,30097.0,1685.8442601016861,3.1746031746031744,61,62,2,0,60,61,3710,1,0,0,1,1
2020-10-22,US,Montana,Teton,75,0,0,47.83741052,-112.24106880000001,30099.0,1220.1073694485115,0.0,75,75,0,0,75,73,6162,0,0,0,0,2
2020-10-22,US,Montana,Toole,305,6,0,48.65577551,-111.69424140000001,30101.0,6440.033783783784,1.9672131147540983,299,304,6,0,298,301,4853,1,0,0,1,3
2020-10-22,US,Montana,Treasure,11,0,0,46.20973220000001,-107.26665159999999,30103.0,1580.4597701149426,0.0,11,11,0,0,11,11,679,0,0,0,0,0
2020-10-22,US,Montana,Valley,288,2,0,48.36435097,-106.6669635,30105.0,3893.996755002704,0.6944444444444444,286,285,2,0,283,285,7437,3,0,0,3,0
2020-10-22,US,Montana,Wheatland,60,2,0,46.46652491,-109.84646359999999,30107.0,2822.2013170272808,3.333333333333333,58,60,2,0,58,60,2236,0,0,0,0,0
2020-10-22,US,Montana,Wibaux,39,0,0,46.95925154,-104.2510927,30109.0,4024.767801857585,0.0,39,37,0,0,37,37,1034,2,0,0,2,0
2020-10-22,US,Montana,Yellowstone,5557,82,0,45.93955949,-108.26914860000001,30111.0,3445.1332920024797,1.4756163397516646,5475,5384,82,0,5302,5246,160137,173,0,0,173,138
2020-10-22,US,Nebraska,Adams,778,13,0,40.52449420000001,-98.50117804,31001.0,2480.630041768964,1.6709511568123394,765,760,13,0,747,754,31511,18,0,0,18,6
2020-10-22,US,Nebraska,Antelope,147,1,0,42.17695516,-98.06662829999999,31003.0,2334.074309304541,0.6802721088435374,146,142,1,0,141,141,6336,5,0,0,5,1
2020-10-22,US,Nebraska,Arthur,3,0,0,41.56896142,-101.6959559,31005.0,647.9481641468683,0.0,3,3,0,0,3,3,465,0,0,0,0,0
2020-10-22,US,Nebraska,Banner,3,0,0,41.54634427,-103.7114332,31007.0,402.6845637583893,0.0,3,3,0,0,3,3,730,0,0,0,0,0
2020-10-22,US,Nebraska,Blaine,2,0,0,41.91311716,-99.97677845,31009.0,430.1075268817205,0.0,2,2,0,0,2,2,476,0,0,0,0,0
2020-10-22,US,Nebraska,Boone,136,0,0,41.70759415,-98.06737183,31011.0,2619.4144838212633,0.0,136,133,0,0,133,131,5239,3,0,0,3,2
2020-10-22,US,Nebraska,Box Butte,192,1,0,42.22079243,-103.08788340000001,31013.0,1780.58054344802,0.5208333333333334,191,181,1,0,180,167,10772,11,0,0,11,14
2020-10-22,US,Nebraska,Boyd,61,0,0,42.899727399999996,-98.76486568,31015.0,3178.7389265242314,0.0,61,55,0,0,55,50,1955,6,0,0,6,5
2020-10-22,US,Nebraska,Brown,67,0,0,42.43018907,-99.92904055,31017.0,2267.3434856175973,0.0,67,66,0,0,66,64,2973,1,0,0,1,2
2020-10-22,US,Nebraska,Buffalo,1696,13,0,40.85486962,-99.07500296,31019.0,3415.292293441269,0.7665094339622641,1683,1655,13,0,1642,1598,49615,41,0,0,41,57
2020-10-22,US,Nebraska,Burt,106,1,0,41.85056773,-96.32605633,31021.0,1641.1209165505495,0.9433962264150944,105,102,1,0,101,100,6488,4,0,0,4,2
2020-10-22,US,Nebraska,Butler,247,1,0,41.22703692,-97.13106306,31023.0,3081.337325349301,0.4048582995951417,246,240,1,0,239,231,8058,7,0,0,7,9
2020-10-22,US,Nebraska,Cass,483,4,0,40.90899107,-96.13971217,31025.0,1840.1402011581838,0.8281573498964804,479,476,4,0,472,471,26159,7,0,0,7,5
2020-10-22,US,Nebraska,Cedar,133,0,0,42.598885100000004,-97.25311951,31027.0,1582.9564389431089,0.0,133,133,0,0,133,133,8446,0,0,0,0,0
2020-10-22,US,Nebraska,Chase,139,0,0,40.523719799999995,-101.69780259999999,31029.0,3542.3037716615704,0.0,139,137,0,0,137,127,3977,2,0,0,2,10
2020-10-22,US,Nebraska,Cherry,63,4,0,42.54502621,-101.1244332,31031.0,1107.4002460889437,6.349206349206349,59,63,4,0,59,62,5761,0,0,0,0,1
2020-10-22,US,Nebraska,Cheyenne,82,1,0,41.21999357,-102.9941693,31033.0,920.314253647587,1.2195121951219512,81,78,1,0,77,77,9310,4,0,0,4,1
2020-10-22,US,Nebraska,Clay,146,0,0,40.52439441,-98.05126296,31035.0,2353.699822666452,0.0,146,143,0,0,143,138,6214,3,0,0,3,5
2020-10-22,US,Nebraska,Colfax,882,7,0,41.57486951,-97.0868542,31037.0,8236.063124474742,0.7936507936507936,875,877,7,0,870,871,10881,5,0,0,5,6
2020-10-22,US,Nebraska,Cuming,256,1,0,41.91637624,-96.78730772,31039.0,2893.963373276057,0.390625,255,255,2,0,253,247,8940,1,-1,0,2,8
2020-10-22,US,Nebraska,Custer,196,4,0,41.39374521,-99.72805369,31041.0,1818.6879465528439,2.0408163265306123,192,187,4,0,183,176,10840,9,0,0,9,11
2020-10-22,US,Nebraska,Dakota,2493,44,0,42.39040144,-96.56656425,31043.0,12448.816538499952,1.7649418371440033,2449,2476,44,0,2432,2467,20083,17,0,0,17,9
2020-10-22,US,Nebraska,Dawes,206,0,0,42.71985036,-103.1313774,31045.0,2398.4165793456746,0.0,206,203,0,0,203,199,8716,3,0,0,3,4
2020-10-22,US,Nebraska,Dawson,1236,15,0,40.87028216,-99.82014609999999,31047.0,5238.397965670692,1.2135922330097086,1221,1217,15,0,1202,1210,23709,19,0,0,19,7
2020-10-22,US,Nebraska,Deuel,8,0,0,41.11168186,-102.33333309999999,31049.0,445.9308807134894,0.0,8,8,0,0,8,8,1825,0,0,0,0,0
2020-10-22,US,Nebraska,Dixon,152,2,0,42.49188363,-96.86782408,31051.0,2696.94819020582,1.3157894736842106,150,152,2,0,150,150,5709,0,0,0,0,2
2020-10-22,US,Nebraska,Dodge,1517,17,0,41.58071748,-96.65598179,31053.0,4148.776152057979,1.1206328279499012,1500,1506,17,0,1489,1498,36791,11,0,0,11,8
2020-10-22,US,Nebraska,Douglas,20992,217,0,41.29518299,-96.15085305,31055.0,3674.253098488257,1.0337271341463414,20775,20690,216,0,20474,20455,566880,302,1,0,301,235
2020-10-22,US,Nebraska,Dundy,18,1,0,40.17638677,-101.6876522,31057.0,1063.2014176018902,5.5555555555555545,17,18,1,0,17,18,1770,0,0,0,0,0
2020-10-22,US,Nebraska,Fillmore,89,1,0,40.52458567,-97.59646937,31059.0,1629.4397656536066,1.1235955056179776,88,86,1,0,85,80,5527,3,0,0,3,6
2020-10-22,US,Nebraska,Franklin,85,0,0,40.17636348,-98.95299073,31061.0,2853.3064786841223,0.0,85,80,0,0,80,80,3023,5,0,0,5,0
2020-10-22,US,Nebraska,Frontier,33,0,0,40.52993007,-100.3924658,31063.0,1256.1857632280164,0.0,33,30,0,0,30,30,2608,3,0,0,3,0
2020-10-22,US,Nebraska,Furnas,86,3,0,40.17642064,-99.91247454,31065.0,1839.1787852865696,3.4883720930232562,83,84,3,0,81,84,4715,2,0,0,2,0
2020-10-22,US,Nebraska,Gage,496,5,0,40.26186809,-96.68946704,31067.0,2305.582670943151,1.0080645161290325,491,490,5,0,485,447,21493,6,0,0,6,43
2020-10-22,US,Nebraska,Garden,18,0,0,41.61703149,-102.3313973,31069.0,979.858464888405,0.0,18,18,0,0,18,18,1897,0,0,0,0,0
2020-10-22,US,Nebraska,Garfield,22,0,0,41.91428955,-98.99111827,31071.0,1117.31843575419,0.0,22,20,0,0,20,19,1987,2,0,0,2,1
2020-10-22,US,Nebraska,Gosper,55,0,0,40.51481965,-99.83020279,31073.0,2763.8190954773872,0.0,55,54,0,0,54,54,1996,1,0,0,1,0
2020-10-22,US,Nebraska,Grant,4,0,0,41.91528587,-101.740701,31075.0,642.0545746388442,0.0,4,4,0,0,4,4,660,0,0,0,0,0
2020-10-22,US,Nebraska,Greeley,46,0,0,41.56742671,-98.52150266,31077.0,1952.4617996604413,0.0,46,45,0,0,45,45,2356,1,0,0,1,0
2020-10-22,US,Nebraska,Hall,2497,49,0,40.87257079,-98.50218293,31079.0,4069.890632894887,1.9623548257909489,2448,2467,49,0,2418,2435,61607,30,0,0,30,32
2020-10-22,US,Nebraska,Hamilton,225,12,0,40.87349452,-98.02099117,31081.0,2413.127413127413,5.333333333333333,213,223,12,0,211,216,9280,2,0,0,2,7
2020-10-22,US,Nebraska,Harlan,52,0,0,40.17658508,-99.40438879,31083.0,1538.4615384615383,0.0,52,51,0,0,51,51,3401,1,0,0,1,0
2020-10-22,US,Nebraska,Hayes,19,0,0,40.52451972,-101.0603568,31085.0,2060.737527114968,0.0,19,15,0,0,15,15,916,4,0,0,4,0
2020-10-22,US,Nebraska,Hitchcock,34,0,0,40.17609175,-101.04164770000001,31087.0,1230.992034757422,0.0,34,34,0,0,34,32,2806,0,0,0,0,2
2020-10-22,US,Nebraska,Holt,245,1,0,42.45522056,-98.78402558,31089.0,2433.694248534817,0.4081632653061225,244,238,1,0,237,234,10178,7,0,0,7,4
2020-10-22,US,Nebraska,Hooker,21,1,0,41.91586243,-101.1354293,31091.0,3079.1788856304993,4.761904761904762,20,20,1,0,19,20,682,1,0,0,1,0
2020-10-22,US,Nebraska,Howard,131,5,0,41.2200529,-98.5166499,31093.0,2032.5833979829324,3.816793893129771,126,131,5,0,126,132,6468,0,0,0,0,-1
2020-10-22,US,Nebraska,Jefferson,80,0,0,40.17584531,-97.142601,31095.0,1135.395969344309,0.0,80,79,0,0,79,76,7097,1,0,0,1,3
2020-10-22,US,Nebraska,Johnson,97,0,0,40.39257596,-96.26522753,31097.0,1912.8377045947545,0.0,97,97,0,0,97,94,5134,0,0,0,0,3
2020-10-22,US,Nebraska,Kearney,249,0,0,40.50663314,-98.94877182,31099.0,3833.718244803695,0.0,249,248,0,0,248,242,6544,1,0,0,1,6
2020-10-22,US,Nebraska,Keith,88,0,0,41.19930341,-101.66201640000001,31101.0,1095.344784665173,0.0,88,88,0,0,88,87,8021,0,0,0,0,1
2020-10-22,US,Nebraska,Keya Paha,9,0,0,42.87990694,-99.71343729,31103.0,1116.6253101736972,0.0,9,9,0,0,9,8,810,0,0,0,0,1
2020-10-22,US,Nebraska,Kimball,42,0,0,41.19774275,-103.7148131,31105.0,1156.387665198238,0.0,42,41,0,0,41,40,3618,1,0,0,1,1
2020-10-22,US,Nebraska,Knox,249,1,0,42.63758421,-97.89178836,31107.0,2988.4781565050407,0.4016064257028112,248,246,1,0,245,244,8419,3,0,0,3,2
2020-10-22,US,Nebraska,Lancaster,8411,40,0,40.78416049,-96.68777155,31109.0,2635.9334357077937,0.4755677089525621,8371,8315,32,0,8283,8237,317272,96,8,0,88,78
2020-10-22,US,Nebraska,Lincoln,745,7,0,41.04658298,-100.74753740000001,31111.0,2133.814515667068,0.9395973154362416,738,715,7,0,708,701,35185,30,0,0,30,14
2020-10-22,US,Nebraska,Logan,9,0,0,41.56650314,-100.4817851,31113.0,1203.2085561497329,0.0,9,9,0,0,9,8,749,0,0,0,0,1
2020-10-22,US,Nebraska,Loup,6,0,0,41.91371961,-99.45440415,31115.0,903.6144578313254,0.0,6,6,0,0,6,5,618,0,0,0,0,1
2020-10-22,US,Nebraska,Madison,1136,8,0,41.91676024,-97.6005481,31119.0,3236.5594461380665,0.7042253521126759,1128,1117,8,0,1109,1080,35392,19,0,0,19,37
2020-10-22,US,Nebraska,McPherson,10,0,0,41.56797682,-101.05993620000001,31117.0,2024.2914979757086,0.0,10,9,0,0,9,9,492,1,0,0,1,0
2020-10-22,US,Nebraska,Merrick,129,1,0,41.16624273,-98.0374887,31121.0,1663.4429400386844,0.7751937984496124,128,125,1,0,124,123,7733,4,0,0,4,2
2020-10-22,US,Nebraska,Morrill,102,0,0,41.71711774,-103.0061405,31123.0,2197.328737613098,0.0,102,98,0,0,98,95,4686,4,0,0,4,3
2020-10-22,US,Nebraska,Nance,76,0,0,41.39750195,-97.99327291,31125.0,2159.7044614947426,0.0,76,75,0,0,75,74,3532,1,0,0,1,1
2020-10-22,US,Nebraska,Nemaha,163,0,0,40.38514847,-95.85433992,31127.0,2337.9231210556513,0.0,163,163,0,0,163,160,6958,0,0,0,0,3
2020-10-22,US,Nebraska,Nuckolls,79,0,0,40.17637905,-98.04743961,31129.0,1904.5323047251688,0.0,79,78,0,0,78,68,4195,1,0,0,1,10
2020-10-22,US,Nebraska,Otoe,280,1,0,40.64843556,-96.13374142,31131.0,1748.6884836372726,0.35714285714285715,279,274,1,0,273,268,15985,6,0,0,6,6
2020-10-22,US,Nebraska,Pawnee,28,0,0,40.13141096,-96.23705437,31133.0,1071.5652506697284,0.0,28,28,0,0,28,27,2632,0,0,0,0,1
2020-10-22,US,Nebraska,Perkins,41,10,0,40.85082525,-101.6502942,31135.0,1418.1943964026289,24.39024390243902,31,40,10,0,30,40,2929,1,0,0,1,0
2020-10-22,US,Nebraska,Phelps,271,0,0,40.51156033,-99.41461667,31137.0,2999.778614124419,0.0,271,261,0,0,261,258,8996,10,0,0,10,3
2020-10-22,US,Nebraska,Pierce,167,8,0,42.26434853,-97.60122773,31139.0,2336.317851147174,4.790419161676646,159,164,8,0,156,161,7142,3,0,0,3,3
2020-10-22,US,Nebraska,Platte,1460,7,0,41.57246836,-97.52144359,31141.0,4362.11532715865,0.4794520547945205,1453,1446,6,0,1440,1437,33363,14,1,0,13,9
2020-10-22,US,Nebraska,Polk,182,3,0,41.18813488,-97.56630712,31143.0,3491.2718204488788,1.6483516483516485,179,181,3,0,178,174,5278,1,0,0,1,7
2020-10-22,US,Nebraska,Red Willow,180,0,0,40.17556879999999,-100.476998,31145.0,1678.4781797836627,0.0,180,175,0,0,175,170,10726,5,0,0,5,5
2020-10-22,US,Nebraska,Richardson,90,2,0,40.1247415,-95.71755036,31147.0,1144.3102352193264,2.2222222222222223,88,90,2,0,88,86,7937,0,0,0,0,4
2020-10-22,US,Nebraska,Rock,54,1,0,42.42252217,-99.44832069,31149.0,3979.3662490788506,1.851851851851852,53,53,1,0,52,52,1360,1,0,0,1,1
2020-10-22,US,Nebraska,Saline,870,2,0,40.52418865,-97.14085859,31151.0,6116.4229471316075,0.2298850574712644,868,863,2,0,861,855,14350,7,0,0,7,8
2020-10-22,US,Nebraska,Sarpy,5398,35,0,41.11314181,-96.11156432,31153.0,2883.6086241159,0.6483882919599852,5363,5303,35,0,5268,5237,184459,95,0,0,95,66
2020-10-22,US,Nebraska,Saunders,637,4,0,41.227810299999994,-96.63773905,31155.0,2952.080823060525,0.6279434850863422,633,626,4,0,622,620,21303,11,0,0,11,6
2020-10-22,US,Nebraska,Scotts Bluff,652,8,0,41.85070896,-103.70809859999999,31157.0,1830.5351226907746,1.2269938650306749,644,598,8,0,590,543,35989,54,0,0,54,55
2020-10-22,US,Nebraska,Seward,329,3,0,40.87241834,-97.139673,31159.0,1903.49456144411,0.9118541033434652,326,323,3,0,320,314,17318,6,0,0,6,9
2020-10-22,US,Nebraska,Sheridan,114,0,0,42.50284406,-102.4126613,31161.0,2173.0842546702247,0.0,114,113,0,0,113,109,5190,1,0,0,1,4
2020-10-22,US,Nebraska,Sherman,37,3,0,41.22045983,-98.97588642,31163.0,1232.9223592135954,8.108108108108109,34,36,3,0,33,35,3038,1,0,0,1,1
2020-10-22,US,Nebraska,Sioux,12,0,0,42.48932059,-103.7576544,31165.0,1029.1595197255574,0.0,12,12,0,0,12,12,1187,0,0,0,0,0
2020-10-22,US,Nebraska,Stanton,65,0,0,41.9169835,-97.19394708,31167.0,1097.972972972973,0.0,65,64,0,0,64,63,5970,1,0,0,1,1
2020-10-22,US,Nebraska,Thayer,55,0,0,40.17626377,-97.59504381,31169.0,1099.3403957625426,0.0,55,54,0,0,54,51,5039,1,0,0,1,3
2020-10-22,US,Nebraska,Thomas,10,0,0,41.91358968,-100.5556632,31171.0,1385.0415512465374,0.0,10,9,0,0,9,9,720,1,0,0,1,0
2020-10-22,US,Nebraska,Thurston,311,4,0,42.15725356,-96.54157099,31173.0,4305.094130675526,1.2861736334405145,307,308,4,0,304,305,7303,3,0,0,3,3
2020-10-22,US,Nebraska,Unassigned,418,5,0,0.0,0.0,90031.0,0.0,1.1961722488038278,413,410,3,0,407,409,,8,2,0,6,1
2020-10-22,US,Nebraska,Valley,72,1,0,41.56730777,-98.98197724,31175.0,1731.6017316017317,1.3888888888888888,71,70,1,0,69,70,4190,2,0,0,2,0
2020-10-22,US,Nebraska,Washington,429,7,0,41.52815707,-96.22019892,31177.0,2069.5643784070626,1.6317016317016315,422,423,7,0,416,420,20667,6,0,0,6,3
2020-10-22,US,Nebraska,Wayne,296,0,0,42.20934475,-97.11926964,31179.0,3153.9690996270647,0.0,296,295,0,0,295,286,9403,1,0,0,1,9
2020-10-22,US,Nebraska,Webster,107,0,0,40.17642643,-98.50019851,31181.0,3068.540292515056,0.0,107,103,0,0,103,99,3533,4,0,0,4,4
2020-10-22,US,Nebraska,Wheeler,3,0,0,41.91482725,-98.52798941,31183.0,383.1417624521073,0.0,3,3,0,0,3,3,805,0,0,0,0,0
2020-10-22,US,Nebraska,York,439,2,0,40.87272618,-97.59710186,31185.0,3209.298925360041,0.4555808656036446,437,414,2,0,412,398,13772,25,0,0,25,16
2020-10-22,US,Nevada,Carson City,689,8,0,39.15509045,-119.7480219,32510.0,1232.2054510336936,1.161103047895501,681,678,8,0,670,665,55414,11,0,0,11,13
2020-10-22,US,Nevada,Churchill,198,4,0,39.58105744,-118.3394607,32001.0,794.8934120197517,2.0202020202020203,194,195,4,0,191,189,24440,3,0,0,3,6
2020-10-22,US,Nevada,Clark,76817,1488,0,36.21458855,-115.0130241,32003.0,3388.913030530967,1.9370712212140544,75329,76244,1487,0,74757,75888,2231647,573,1,0,572,356
2020-10-22,US,Nevada,Douglas,388,1,0,38.912862,-119.61713329999999,32005.0,793.3749105408444,0.25773195876288657,387,387,1,0,386,381,48467,1,0,0,1,6
2020-10-22,US,Nevada,Elko,1288,11,0,41.14531606,-115.3577619,32007.0,2440.4107772177804,0.8540372670807453,1277,1245,11,0,1234,1227,52460,43,0,0,43,18
2020-10-22,US,Nevada,Eureka,10,0,0,39.98100864,-116.26832040000001,32011.0,492.8536224741252,0.0,10,10,0,0,10,10,2003,0,0,0,0,0
2020-10-22,US,Nevada,Humboldt,167,4,0,41.40692186,-118.11094270000001,32013.0,992.2167429148597,2.395209580838323,163,160,4,0,156,157,16786,7,0,0,7,3
2020-10-22,US,Nevada,Lander,102,2,0,39.933223299999995,-117.03970749999999,32015.0,1843.8177874186554,1.96078431372549,100,96,2,0,94,93,5575,6,0,0,6,3
2020-10-22,US,Nevada,Lincoln,44,0,0,37.64268459,-114.8790388,32017.0,848.9291915878835,0.0,44,44,0,0,44,36,5201,0,0,0,0,8
2020-10-22,US,Nevada,Lyon,569,12,0,39.01777974,-119.18704790000001,32019.0,989.393149017562,2.10896309314587,557,560,12,0,548,554,55808,9,0,0,9,6
2020-10-22,US,Nevada,Mineral,14,0,0,38.53841696,-118.4344506,32021.0,310.7658157602664,0.0,14,14,0,0,14,14,4514,0,0,0,0,0
2020-10-22,US,Nevada,Nye,601,16,0,38.04264256,-116.47227020000001,32023.0,1291.8341465511685,2.6622296173044924,585,588,16,0,572,585,45346,13,0,0,13,3
2020-10-22,US,Nevada,Pershing,22,0,0,40.44003782,-118.40056409999998,32027.0,327.13754646840147,0.0,22,23,0,0,23,25,6666,-1,0,0,-1,-2
2020-10-22,US,Nevada,Storey,21,0,0,39.44875482,-119.5250207,32029.0,509.3378607809847,0.0,21,21,0,0,21,20,4029,0,0,0,0,1
2020-10-22,US,Nevada,Washoe,11811,189,0,40.66562265,-119.6631594,32031.0,2504.883154231325,1.6002032004064008,11622,11694,186,0,11508,11551,465735,117,3,0,114,143
2020-10-22,US,Nevada,White Pine,112,1,0,39.44157041,-114.89996599999999,32033.0,1169.1022964509395,0.8928571428571429,111,105,1,0,104,104,9475,7,0,0,7,1
2020-10-22,US,New Hampshire,Belknap,202,5,0,43.51637314,-71.41684235,33001.0,329.51079066277345,2.4752475247524752,197,202,5,0,197,195,61022,0,0,0,0,7
2020-10-22,US,New Hampshire,Carroll,137,2,0,43.87498583,-71.20430216,33003.0,280.1063177264363,1.45985401459854,135,137,2,0,135,136,48779,0,0,0,0,1
2020-10-22,US,New Hampshire,Cheshire,178,3,0,42.92015988,-72.25311043,33005.0,233.94887297101928,1.6853932584269662,175,176,3,0,173,176,76493,2,0,0,2,0
2020-10-22,US,New Hampshire,Coos,36,0,0,44.69063265,-71.30633239,33007.0,114.0575990875392,0.0,36,34,0,0,34,34,31589,2,0,0,2,0
2020-10-22,US,New Hampshire,Grafton,189,1,0,43.93779815,-71.82057197,33009.0,210.26633736065682,0.5291005291005291,188,187,1,0,186,185,89786,2,0,0,2,2
2020-10-22,US,New Hampshire,Hillsborough,5228,313,0,42.91537785,-71.7200253,33011.0,1253.6418679935255,5.98699311400153,4915,5196,312,0,4884,5170,415247,32,1,0,31,26
2020-10-22,US,New Hampshire,Merrimack,814,26,0,43.29662971,-71.6811573,33013.0,537.6805754635349,3.194103194103194,788,807,26,0,781,788,151132,7,0,0,7,19
2020-10-22,US,New Hampshire,Rockingham,2452,105,0,42.98499744,-71.12883377,33015.0,791.5575800031636,4.282218597063622,2347,2426,105,0,2321,2405,309176,26,0,0,26,21
2020-10-22,US,New Hampshire,Strafford,671,14,0,43.291833000000004,-71.02336013,33017.0,513.6527523673192,2.0864381520119224,657,665,14,0,651,658,130090,6,0,0,6,7
2020-10-22,US,New Hampshire,Sullivan,72,1,0,43.36094111,-72.22203125,33019.0,166.87526074259492,1.3888888888888888,71,70,1,0,69,68,43144,2,0,0,2,2
2020-10-22,US,New Hampshire,Unassigned,15,0,0,0.0,0.0,90033.0,0.0,0.0,15,17,0,0,17,13,,-2,0,0,-2,4
2020-10-22,US,New Jersey,Atlantic,4845,264,0,39.47538693,-74.65848483,34001.0,1837.5241779497092,5.4489164086687305,4581,4816,264,0,4552,4779,265429,29,0,0,29,37
2020-10-22,US,New Jersey,Bergen,24172,2056,0,40.96010917,-74.07164325,34003.0,2593.000229563979,8.50570908489161,22116,24066,2055,0,22011,23945,936692,106,1,0,105,121
2020-10-22,US,New Jersey,Burlington,8028,508,0,39.87681124,-74.66927768,34005.0,1802.6311948606601,6.327852516193325,7520,7978,508,0,7470,7928,445384,50,0,0,50,50
2020-10-22,US,New Jersey,Camden,11071,623,0,39.80343818,-74.96388753,34007.0,2185.9099533833128,5.6273146057266725,10448,11007,620,0,10387,10946,507078,64,3,0,61,61
2020-10-22,US,New Jersey,Cape May,1083,100,0,39.15008829,-74.80170244,34009.0,1176.6751051184824,9.233610341643583,983,1080,100,0,980,1080,92560,3,0,0,3,0
2020-10-22,US,New Jersey,Cumberland,3939,161,0,39.37199394,-75.10712559,34011.0,2634.3068475927425,4.0873318101040885,3778,3933,161,0,3772,3924,150972,6,0,0,6,9
2020-10-22,US,New Jersey,Essex,23068,2139,0,40.78681335,-74.24657979,34013.0,2887.199224005757,9.27258539968788,20929,22877,2137,0,20740,22735,799767,191,2,0,189,142
2020-10-22,US,New Jersey,Gloucester,5305,240,0,39.71581067,-75.13995546,34015.0,1819.0484028034948,4.524033930254476,5065,5261,238,0,5023,5240,291408,44,2,0,42,21
2020-10-22,US,New Jersey,Hudson,22116,1525,0,40.73766234,-74.07515667,34017.0,3289.1576478566785,6.895460300235124,20591,22004,1524,0,20480,21886,676061,112,1,0,111,118
2020-10-22,US,New Jersey,Hunterdon,1509,126,0,40.56335249,-74.91284156,34019.0,1213.3053525339508,8.34990059642147,1383,1505,126,0,1379,1497,124714,4,0,0,4,8
2020-10-22,US,New Jersey,Mercer,9048,638,0,40.28047017,-74.70479631,34021.0,2462.509865824783,7.05128205128205,8410,9031,638,0,8393,9005,369811,17,0,0,17,26
2020-10-22,US,New Jersey,Middlesex,21323,1443,0,40.43629879,-74.41426991,34023.0,2584.4118381406493,6.767340430521034,19880,21229,1441,0,19788,21152,829685,94,2,0,92,77
2020-10-22,US,New Jersey,Monmouth,13555,870,0,40.26549699,-74.22240686,34025.0,2190.547758142842,6.418295831796385,12685,13477,870,0,12607,13439,621354,78,0,0,78,38
2020-10-22,US,New Jersey,Morris,8659,834,0,40.86095313,-74.54553709999998,34027.0,1760.5139830637702,9.631597182122649,7825,8596,832,0,7764,8529,494228,63,2,0,61,67
2020-10-22,US,New Jersey,Ocean,16302,1061,0,39.8895449,-74.28089251,34029.0,2684.844512225249,6.5084038768249295,15241,16238,1059,0,15179,16173,601651,64,2,0,62,65
2020-10-22,US,New Jersey,Passaic,20211,1260,0,41.03238628,-74.29954144,34031.0,4027.491600674338,6.234228885260503,18951,20160,1260,0,18900,20089,503310,51,0,0,51,71
2020-10-22,US,New Jersey,Salem,1152,88,0,39.58719656,-75.34696629999998,34033.0,1846.5977398413079,7.638888888888888,1064,1147,88,0,1059,1146,62607,5,0,0,5,1
2020-10-22,US,New Jersey,Somerset,6240,592,0,40.56465737,-74.61683016,34035.0,1897.0370955875646,9.487179487179487,5648,6216,592,0,5624,6192,331164,24,0,0,24,24
2020-10-22,US,New Jersey,Sussex,1645,197,0,41.13891592,-74.69118243,34037.0,1170.918512613177,11.975683890577507,1448,1637,197,0,1440,1628,140799,8,0,0,8,9
2020-10-22,US,New Jersey,Unassigned,428,0,0,0.0,0.0,90034.0,0.0,0.0,428,404,0,0,404,416,,24,0,0,24,-12
2020-10-22,US,New Jersey,Union,19161,1367,0,40.65835409,-74.30680092,34039.0,3444.1107162693384,7.134283179374773,17794,19044,1364,0,17680,18949,558067,117,3,0,114,95
2020-10-22,US,New Jersey,Warren,1525,171,0,40.85951833,-74.99556527,34041.0,1448.697122555027,11.21311475409836,1354,1517,171,0,1346,1515,105779,8,0,0,8,2
2020-10-22,US,New Mexico,Bernalillo,9685,189,0,35.05163625,-106.6703554,35001.0,1426.10816040146,1.9514713474445016,9496,9503,188,0,9315,9218,678701,182,1,0,181,285
2020-10-22,US,New Mexico,Catron,9,1,0,33.91514144,-108.4046587,35003.0,255.17436915225403,11.111111111111109,8,9,1,0,8,9,3578,0,0,0,0,0
2020-10-22,US,New Mexico,Chaves,1846,18,0,33.36406072,-104.4665365,35005.0,2856.9217673914727,0.9750812567713976,1828,1816,18,0,1798,1791,64689,30,0,0,30,25
2020-10-22,US,New Mexico,Cibola,532,21,0,34.91131525,-107.998876,35006.0,1994.376757263355,3.947368421052632,511,520,21,0,499,507,26746,12,0,0,12,13
2020-10-22,US,New Mexico,Colfax,42,1,0,36.60569702,-104.64726740000002,35007.0,351.7293359015158,2.380952380952381,41,41,1,0,40,41,12110,1,0,0,1,0
2020-10-22,US,New Mexico,Curry,1397,10,0,34.57421077,-103.34688759999999,35009.0,2853.6993912652692,0.7158196134574087,1387,1367,10,0,1357,1338,49437,30,0,0,30,29
2020-10-22,US,New Mexico,De Baca,1,0,0,34.34274529,-104.4117842,35011.0,57.20823798627003,0.0,1,1,0,0,1,1,1781,0,0,0,0,0
2020-10-22,US,New Mexico,Dona Ana,5170,65,0,32.35275771,-106.83293870000001,35013.0,2369.4401796558122,1.2572533849129597,5105,5073,64,0,5009,4902,217522,97,1,0,96,171
2020-10-22,US,New Mexico,Eddy,1302,20,0,32.47167456,-104.3053527,35015.0,2227.163872733493,1.5360983102918586,1282,1256,19,0,1237,1214,57900,46,1,0,45,42
2020-10-22,US,New Mexico,Grant,172,3,0,32.73911281,-108.3827845,35017.0,637.0842284613675,1.7441860465116281,169,171,3,0,168,169,27346,1,0,0,1,2
2020-10-22,US,New Mexico,Guadalupe,39,1,0,34.86319296,-104.790669,35019.0,906.9767441860464,2.5641025641025643,38,38,1,0,37,37,4341,1,0,0,1,1
2020-10-22,US,New Mexico,Harding,1,0,0,35.85751555,-103.82209379999999,35021.0,160.0,0.0,1,1,0,0,1,1,655,0,0,0,0,0
2020-10-22,US,New Mexico,Hidalgo,112,2,0,31.91383467,-108.7151824,35023.0,2667.93711291091,1.7857142857142858,110,112,2,0,110,112,4240,0,0,0,0,0
2020-10-22,US,New Mexico,Lea,1928,28,0,32.79215361,-103.4123733,35025.0,2712.8183481075,1.4522821576763485,1900,1893,28,0,1865,1855,69611,35,0,0,35,38
2020-10-22,US,New Mexico,Lincoln,336,4,0,33.74526079,-105.4586166,35027.0,1716.7381974248926,1.1904761904761905,332,315,4,0,311,309,19556,21,0,0,21,6
2020-10-22,US,New Mexico,Los Alamos,40,0,0,35.86631386,-106.31349850000001,35028.0,206.5155661107956,0.0,40,40,0,0,40,40,19101,0,0,0,0,0
2020-10-22,US,New Mexico,Luna,685,11,0,32.18179341,-107.75088259999998,35029.0,2889.198194778355,1.6058394160583942,674,661,11,0,650,648,23963,24,0,0,24,13
2020-10-22,US,New Mexico,McKinley,4509,261,0,35.58007720000001,-108.262245,35031.0,6318.046155786288,5.788423153692615,4248,4502,261,0,4241,4492,72290,7,0,0,7,10
2020-10-22,US,New Mexico,Mora,14,0,0,36.01095101,-104.9497716,35033.0,309.66600309666,0.0,14,14,0,0,14,14,4506,0,0,0,0,0
2020-10-22,US,New Mexico,Otero,418,13,0,32.61348406,-105.7417604,35035.0,619.3510149651803,3.1100478468899517,405,411,13,0,398,395,66781,7,0,0,7,16
2020-10-22,US,New Mexico,Quay,95,2,0,35.10403332,-103.54817270000001,35037.0,1151.0965709438992,2.1052631578947367,93,95,2,0,93,93,8253,0,0,0,0,2
2020-10-22,US,New Mexico,Rio Arriba,464,15,0,36.51072137,-106.69316740000001,35039.0,1192.1584748593305,3.2327586206896552,449,460,15,0,445,457,39006,4,0,0,4,3
2020-10-22,US,New Mexico,Roosevelt,418,7,0,34.02097406,-103.4799493,35041.0,2259.45945945946,1.6746411483253592,411,402,7,0,395,392,18743,16,0,0,16,10
2020-10-22,US,New Mexico,San Juan,3674,203,0,36.50838318,-108.32043700000001,35045.0,2963.9071298342988,5.525313010342949,3471,3653,203,0,3450,3629,125043,21,0,0,21,24
2020-10-22,US,New Mexico,San Miguel,152,0,0,35.48014807,-104.8163562,35047.0,557.246031455072,0.0,152,151,0,0,151,150,27591,1,0,0,1,1
2020-10-22,US,New Mexico,Sandoval,1825,45,0,35.68862401,-106.86878030000001,35043.0,1243.6285332679151,2.4657534246575343,1780,1772,45,0,1727,1748,145179,53,0,0,53,24
2020-10-22,US,New Mexico,Santa Fe,1491,13,0,35.50708973,-105.9774716,35049.0,991.633301852911,0.8718980549966465,1478,1474,13,0,1461,1411,150056,17,0,0,17,63
2020-10-22,US,New Mexico,Sierra,89,1,0,33.13028233,-107.1925893,35051.0,824.7613752200908,1.1235955056179776,88,80,1,0,79,76,10968,9,0,0,9,4
2020-10-22,US,New Mexico,Socorro,197,8,0,34.00715494,-106.9298354,35053.0,1184.1077117268735,4.060913705583757,189,191,8,0,183,188,16735,6,0,0,6,3
2020-10-22,US,New Mexico,Taos,182,4,0,36.58006022,-105.63101979999999,35055.0,556.183723986187,2.1978021978021984,178,181,4,0,177,175,32835,1,0,0,1,6
2020-10-22,US,New Mexico,Torrance,94,1,0,34.64048375,-105.8508949,35057.0,607.981372485609,1.0638297872340423,93,93,1,0,92,93,15591,1,0,0,1,0
2020-10-22,US,New Mexico,Unassigned,1586,0,0,0.0,0.0,90035.0,0.0,0.0,1586,1577,0,0,1577,1565,,9,0,0,9,12
2020-10-22,US,New Mexico,Union,39,2,0,36.48126404,-103.4709624,35059.0,960.8277900960827,5.128205128205129,37,39,2,0,37,39,4118,0,0,0,0,0
2020-10-22,US,New Mexico,Valencia,833,4,0,34.71669834,-106.8103733,35061.0,1086.2194867515127,0.4801920768307323,829,803,4,0,799,787,76456,30,0,0,30,16
2020-10-22,US,New York,Albany,3488,136,0,42.60060306,-73.97723916,36001.0,1141.712437726264,3.8990825688073394,3352,3460,136,0,3324,3436,307117,28,0,0,28,24
2020-10-22,US,New York,Allegany,243,1,0,42.25748406,-78.02750466,36003.0,527.2178950337376,0.41152263374485604,242,224,1,0,223,220,46430,19,0,0,19,4
2020-10-22,US,New York,Bronx,54706,4983,0,40.85209301,-73.86282755,36005.0,3857.40586529329,9.108690088838518,49723,54628,4980,0,49648,54523,1432132,78,3,0,75,105
2020-10-22,US,New York,Broome,3166,83,0,42.15903158,-75.81326086,36007.0,1662.0469530889084,2.621604548325964,3083,3060,83,0,2977,3003,191659,106,0,0,106,57
2020-10-22,US,New York,Cattaraugus,442,6,0,42.24778241,-78.67923096,36009.0,580.6849980950377,1.3574660633484164,436,434,6,0,428,417,76840,8,0,0,8,17
2020-10-22,US,New York,Cayuga,342,2,0,42.91261714,-76.55731592,36011.0,446.6151274550773,0.5847953216374269,340,332,2,0,330,302,77145,10,0,0,10,30
2020-10-22,US,New York,Chautauqua,858,13,0,42.22769210000001,-79.36691763,36013.0,676.1069478262925,1.5151515151515151,845,845,13,0,832,805,127939,13,0,0,13,40
2020-10-22,US,New York,Chemung,1456,3,0,42.13891056,-76.7638805,36015.0,1744.6319018404904,0.20604395604395606,1453,1381,3,0,1378,1332,84254,75,0,0,75,49
2020-10-22,US,New York,Chenango,347,7,0,42.49430041,-75.60887553,36017.0,735.0604783188934,2.0172910662824206,340,337,7,0,330,331,47536,10,0,0,10,6
2020-10-22,US,New York,Clinton,224,5,0,44.74530905,-73.67875352,36019.0,278.3127290799528,2.232142857142857,219,220,5,0,215,215,80695,4,0,0,4,5
2020-10-22,US,New York,Columbia,663,38,0,42.24819348,-73.63089095,36021.0,1115.0165654798943,5.731523378582202,625,659,38,0,621,657,59916,4,0,0,4,2
2020-10-22,US,New York,Cortland,475,0,0,42.59509207,-76.07048931,36023.0,998.2976398142116,0.0,475,451,0,0,451,436,47823,24,0,0,24,15
2020-10-22,US,New York,Delaware,164,7,0,42.19837623,-74.96709306,36025.0,371.58717571088715,4.2682926829268295,157,161,7,0,154,159,44527,3,0,0,3,2
2020-10-22,US,New York,Dutchess,5382,163,0,41.76486060000001,-73.74356679,36027.0,1829.255857901284,3.0286138981791155,5219,5366,163,0,5203,5355,293718,16,0,0,16,11
2020-10-22,US,New York,Erie,12650,713,0,42.76249024,-78.73063652,36029.0,1376.9426865294733,5.636363636363638,11937,12574,708,0,11866,12513,919719,76,5,0,71,61
2020-10-22,US,New York,Essex,195,0,0,44.11630765,-73.77297842,36031.0,528.6701911346074,0.0,195,194,0,0,194,194,37300,1,0,0,1,0
2020-10-22,US,New York,Franklin,79,0,0,44.59040891,-74.29926032,36033.0,157.93051057534686,0.0,79,78,0,0,78,77,50293,1,0,0,1,1
2020-10-22,US,New York,Fulton,360,24,0,43.11363907,-74.41798804,36035.0,674.3719910833038,6.666666666666668,336,360,24,0,336,360,53591,0,0,0,0,0
2020-10-22,US,New York,Genesee,373,5,0,43.0022601,-78.19135193,36037.0,651.1871508379887,1.3404825737265416,368,372,5,0,367,371,57511,1,0,0,1,1
2020-10-22,US,New York,Greene,487,18,0,42.275797,-74.12384884,36039.0,1032.042044587607,3.6960985626283374,469,482,18,0,464,477,47491,5,0,0,5,5
2020-10-22,US,New York,Hamilton,16,0,0,43.66146647,-74.49721957,36041.0,362.3188405797102,0.0,16,16,0,0,16,16,4434,0,0,0,0,0
2020-10-22,US,New York,Herkimer,376,10,0,43.42034246,-74.96145307,36043.0,613.1867773447055,2.6595744680851063,366,374,10,0,364,371,61833,2,0,0,2,3
2020-10-22,US,New York,Jefferson,194,0,0,44.04200959,-75.94653457,36045.0,176.63018737367298,0.0,194,193,0,0,193,192,111755,1,0,0,1,1
2020-10-22,US,New York,Kings,73935,7376,0,40.636182500000004,-73.94935552,36047.0,2888.195373027806,9.976330560627579,66559,73766,7374,0,66392,73433,2582830,169,2,0,167,333
2020-10-22,US,New York,Lewis,64,0,0,43.784415700000004,-75.44903992,36049.0,243.38302403407363,0.0,64,62,0,0,62,57,26447,2,0,0,2,5
2020-10-22,US,New York,Livingston,261,8,0,42.72596275,-77.77966158,36051.0,414.8520202180755,3.0651340996168583,253,256,8,0,248,250,63227,5,0,0,5,6
2020-10-22,US,New York,Madison,545,17,0,42.91653905,-75.67266639,36053.0,768.2440337745453,3.1192660550458715,528,541,17,0,524,537,70795,4,0,0,4,4
2020-10-22,US,New York,Monroe,6917,300,0,43.14638895,-77.69322942,36055.0,932.4992922334416,4.337140378776926,6617,6850,300,0,6550,6798,742474,67,0,0,67,52
2020-10-22,US,New York,Montgomery,259,4,0,42.90123494,-74.44011632,36057.0,526.1981674488532,1.5444015444015444,255,257,4,0,253,256,49455,2,0,0,2,1
2020-10-22,US,New York,Nassau,48941,2204,0,40.74066522,-73.58941873,36059.0,3606.760584970124,4.5033816227702745,46737,48864,2204,0,46660,48731,1358343,77,0,0,77,133
2020-10-22,US,New York,New York,35345,3191,0,40.76727260000001,-73.97152637,36061.0,2170.127696465783,9.028151082189844,32154,35249,3192,0,32057,35125,,96,-1,0,97,124
2020-10-22,US,New York,Niagara,1997,101,0,43.19898042,-78.74777412,36063.0,954.2194465813907,5.057586379569353,1896,1986,101,0,1885,1968,210433,11,0,0,11,18
2020-10-22,US,New York,Oneida,2625,128,0,43.24375382,-75.43710392,36065.0,1147.937429757162,4.876190476190477,2497,2617,128,0,2489,2599,229577,8,0,0,8,18
2020-10-22,US,New York,Onondaga,5170,207,0,43.00491923,-76.19971155,36067.0,1122.624465830525,4.003868471953578,4963,5121,207,0,4914,5052,461809,49,0,0,49,69
2020-10-22,US,New York,Ontario,617,35,0,42.85145728,-77.30874425,36069.0,562.0485165380727,5.672609400324148,582,603,35,0,568,598,109864,14,0,0,14,5
2020-10-22,US,New York,Orange,13303,505,0,41.40337468,-74.30240757,36071.0,3455.8632514158053,3.796136209877471,12798,13258,502,0,12756,13218,381951,45,3,0,42,40
2020-10-22,US,New York,Orleans,378,54,0,43.2516977,-78.2320066,36073.0,936.7565424266456,14.285714285714285,324,376,54,0,322,368,40612,2,0,0,2,8
2020-10-22,US,New York,Oswego,606,4,0,43.42778894,-76.14635194,36075.0,517.4003620094942,0.6600660066006601,602,599,4,0,595,594,117898,7,0,0,7,5
2020-10-22,US,New York,Otsego,374,5,0,42.63492579,-75.03151402,36077.0,628.6453868522348,1.3368983957219251,369,369,5,0,364,368,59749,5,0,0,5,1
2020-10-22,US,New York,Putnam,1768,63,0,41.42630093,-73.74965532,36079.0,1798.2099267697315,3.563348416289593,1705,1755,63,0,1692,1752,98892,13,0,0,13,3
2020-10-22,US,New York,Queens,75698,7289,0,40.71088124,-73.81684712,36081.0,3358.596681778533,9.629052286718276,68409,75543,7288,0,68255,75344,2278906,155,1,0,154,199
2020-10-22,US,New York,Rensselaer,1058,42,0,42.71348136,-73.51089874,36083.0,666.6078606802173,3.9697542533081287,1016,1047,42,0,1005,1040,159442,11,0,0,11,7
2020-10-22,US,New York,Richmond,16892,1093,0,40.58582155,-74.14808598,36085.0,3547.6737030681957,6.470518588681033,15799,16860,1092,0,15768,16782,476179,32,1,0,31,78
2020-10-22,US,New York,Rockland,17524,683,0,41.15027894,-74.02560498,36087.0,5378.941584890834,3.897511983565397,16841,17453,680,0,16773,17269,325695,71,3,0,68,184
2020-10-22,US,New York,Saratoga,1244,17,0,43.10904162,-73.86653895,36091.0,541.1919273654307,1.3665594855305463,1227,1229,17,0,1212,1219,230163,15,0,0,15,10
2020-10-22,US,New York,Schenectady,1522,50,0,42.81668777,-74.05278291,36093.0,980.0449455566361,3.28515111695138,1472,1516,50,0,1466,1510,155350,6,0,0,6,6
2020-10-22,US,New York,Schoharie,101,0,0,42.58831742,-74.44339029999998,36095.0,325.81696183747863,0.0,101,101,0,0,101,101,31097,0,0,0,0,0
2020-10-22,US,New York,Schuyler,109,0,0,42.39184015,-76.8773299,36097.0,612.1188296737238,0.0,109,104,0,0,104,100,17912,5,0,0,5,4
2020-10-22,US,New York,Seneca,135,3,0,42.78081007,-76.82497064,36099.0,396.87206020696135,2.2222222222222223,132,131,3,0,128,128,34300,4,0,0,4,3
2020-10-22,US,New York,St. Lawrence,376,4,0,44.4976179,-75.06550039,36089.0,348.9883051791349,1.0638297872340423,372,372,4,0,368,368,108047,4,0,0,4,4
2020-10-22,US,New York,Steuben,915,57,0,42.2689144,-77.3829924,36101.0,959.3306702733307,6.229508196721312,858,898,57,0,841,884,95796,17,0,0,17,14
2020-10-22,US,New York,Suffolk,48308,2019,0,40.88320119,-72.8012172,36103.0,3271.5676069567876,4.179431978140268,46289,48234,2016,0,46218,48121,1481093,74,3,0,71,113
2020-10-22,US,New York,Sullivan,1709,48,0,41.71579493,-74.76394559,36105.0,2265.61671439177,2.8086600351082502,1661,1694,48,0,1646,1682,75498,15,0,0,15,12
2020-10-22,US,New York,Tioga,502,30,0,42.16852837,-76.30835812,36107.0,1041.4289567039398,5.9760956175298805,472,478,25,0,453,459,48560,24,5,0,19,19
2020-10-22,US,New York,Tompkins,579,0,0,42.44945765,-76.47229843,36109.0,566.6470933646507,0.0,579,563,0,0,563,556,102793,16,0,0,16,7
2020-10-22,US,New York,Ulster,2436,95,0,41.89027881,-74.26252104,36111.0,1371.8301768849994,3.89983579638752,2341,2428,95,0,2333,2419,178599,8,0,0,8,9
2020-10-22,US,New York,Unassigned,0,23,0,0.0,0.0,90036.0,0.0,0.0,-23,0,23,0,-23,0,,0,0,0,0,0
2020-10-22,US,New York,Warren,444,33,0,43.56173026,-73.8433699,36113.0,694.357562867509,7.432432432432432,411,441,33,0,408,439,64265,3,0,0,3,2
2020-10-22,US,New York,Washington,326,14,0,43.31153794,-73.43043448,36115.0,532.6449251682898,4.294478527607362,312,326,14,0,312,326,61197,0,0,0,0,0
2020-10-22,US,New York,Wayne,400,5,0,43.15494365,-77.02976528,36117.0,444.84975199626325,1.25,395,393,5,0,388,386,90064,7,0,0,7,7
2020-10-22,US,New York,Westchester,39789,1460,0,41.16278376,-73.75741653,36119.0,4112.532635456524,3.6693558521199328,38329,39694,1460,0,38234,39616,967612,95,0,0,95,78
2020-10-22,US,New York,Wyoming,174,5,0,42.70145109,-78.22199579,36121.0,436.53879926741763,2.8735632183908044,169,172,5,0,167,167,40085,2,0,0,2,5
2020-10-22,US,New York,Yates,102,7,0,42.63505484,-77.10369919,36123.0,409.4247982980773,6.862745098039214,95,99,7,0,92,98,24841,3,0,0,3,1
2020-10-22,US,North Carolina,Alamance,4899,72,0,36.0434701,-79.39976137,37001.0,2890.1120294497637,1.4696876913655847,4827,4852,72,0,4780,4828,166436,47,0,0,47,24
2020-10-22,US,North Carolina,Alexander,751,9,0,35.922379600000006,-81.17751948,37003.0,2002.8268928180921,1.1984021304926764,742,741,9,0,732,730,37353,10,0,0,10,11
2020-10-22,US,North Carolina,Alleghany,275,2,0,36.49360862,-81.12857041,37005.0,2469.246655293167,0.7272727272727273,273,271,1,0,270,270,11161,4,1,0,3,1
2020-10-22,US,North Carolina,Anson,706,9,0,34.97403241,-80.09953279,37007.0,2887.998036488587,1.274787535410765,697,702,9,0,693,699,24877,4,0,0,4,3
2020-10-22,US,North Carolina,Ashe,377,3,0,36.43296207,-81.49862729,37009.0,1385.8765577326033,0.7957559681697612,374,370,1,0,369,370,27109,7,2,0,5,0
2020-10-22,US,North Carolina,Avery,588,0,0,36.07569796,-81.92308483,37011.0,3349.0915304436976,0.0,588,581,0,0,581,579,17505,7,0,0,7,2
2020-10-22,US,North Carolina,Beaufort,1289,39,0,35.48531943,-76.84325809,37013.0,2742.9033493637485,3.0256012412723035,1250,1281,37,0,1244,1268,47079,8,2,0,6,13
2020-10-22,US,North Carolina,Bertie,710,19,0,36.0688473,-76.96545943,37015.0,3747.295086293344,2.676056338028169,691,703,19,0,684,695,19026,7,0,0,7,8
2020-10-22,US,North Carolina,Bladen,1068,19,0,34.61296243,-78.56180059,37017.0,3263.8591773119,1.7790262172284643,1049,1060,19,0,1041,1050,33190,8,0,0,8,10
2020-10-22,US,North Carolina,Brunswick,2106,37,0,34.070565,-78.22814204,37019.0,1474.5833916818374,1.7568850902184237,2069,2079,35,0,2044,2046,136744,27,2,0,25,33
2020-10-22,US,North Carolina,Buncombe,3873,100,0,35.61113393,-82.53305,37021.0,1482.8229150315287,2.5819777949909626,3773,3815,99,0,3716,3800,259103,58,1,0,57,15
2020-10-22,US,North Carolina,Burke,2556,47,0,35.74989637,-81.70755735,37023.0,2824.777587445433,1.8388106416275434,2509,2525,46,0,2479,2510,90382,31,1,0,30,15
2020-10-22,US,North Carolina,Cabarrus,4695,87,0,35.3877799,-80.55267168,37025.0,2169.0621058613187,1.853035143769968,4608,4660,87,0,4573,4638,211342,35,0,0,35,22
2020-10-22,US,North Carolina,Caldwell,2291,19,0,35.95204977,-81.54799522,37027.0,2787.850762977926,0.8293321693583589,2272,2227,19,0,2208,2222,82029,64,0,0,64,5
2020-10-22,US,North Carolina,Camden,134,3,0,36.33804939,-76.15568396,37029.0,1233.0910094782366,2.238805970149253,131,133,3,0,130,133,10710,1,0,0,1,0
2020-10-22,US,North Carolina,Carteret,1027,5,0,34.8932941,-76.54120135,37031.0,1478.2721344982945,0.4868549172346641,1022,1016,5,0,1011,1009,69524,11,0,0,11,7
2020-10-22,US,North Carolina,Caswell,586,5,0,36.39312665,-79.33353281,37033.0,2592.461511236949,0.8532423208191127,581,577,5,0,572,573,22698,9,0,0,9,4
2020-10-22,US,North Carolina,Catawba,4115,59,0,35.66211129,-81.2132617,37035.0,2579.112634831496,1.4337788578371808,4056,4055,59,0,3996,4013,158652,60,0,0,60,42
2020-10-22,US,North Carolina,Chatham,1888,60,0,35.70394416,-79.25541492,37037.0,2535.249093594736,3.1779661016949152,1828,1873,60,0,1813,1867,73139,15,0,0,15,6
2020-10-22,US,North Carolina,Cherokee,753,14,0,35.1349263,-84.05970864,37039.0,2631.762896686705,1.8592297476759627,739,738,12,0,726,738,28383,15,2,0,13,0
2020-10-22,US,North Carolina,Chowan,496,10,0,36.12908077,-76.60118385,37041.0,3557.340601018432,2.0161290322580645,486,496,10,0,486,493,14029,0,0,0,0,3
2020-10-22,US,North Carolina,Clay,197,3,0,35.05704275,-83.74353633,37043.0,1754.0735464339773,1.5228426395939083,194,186,3,0,183,185,11139,11,0,0,11,1
2020-10-22,US,North Carolina,Cleveland,2985,81,0,35.33553364,-81.55204486,37045.0,3047.566541088548,2.7135678391959797,2904,2956,81,0,2875,2914,97645,29,0,0,29,42
2020-10-22,US,North Carolina,Columbus,1626,59,0,34.26744084,-78.65801424,37047.0,2929.307487209051,3.6285362853628538,1567,1603,59,0,1544,1591,55655,23,0,0,23,12
2020-10-22,US,North Carolina,Craven,2213,57,0,35.11833364,-77.08398081,37049.0,2166.655244323912,2.575689109805693,2156,2189,56,0,2133,2170,102912,24,1,0,23,19
2020-10-22,US,North Carolina,Cumberland,6709,91,0,35.04762133,-78.82623165,37051.0,1999.648295574784,1.3563869429125055,6618,6647,91,0,6556,6594,332330,62,0,0,62,53
2020-10-22,US,North Carolina,Currituck,221,4,0,36.36123664,-75.95876401,37053.0,796.0234844937506,1.8099547511312215,217,220,4,0,216,219,27072,1,0,0,1,1
2020-10-22,US,North Carolina,Dare,353,3,0,35.66520691,-75.71767334,37055.0,953.822043286768,0.8498583569405099,350,344,3,0,341,341,36501,9,0,0,9,3
2020-10-22,US,North Carolina,Davidson,3539,43,0,35.79115496,-80.21256572,37057.0,2111.461795011008,1.2150324950551004,3496,3509,43,0,3466,3484,166614,30,0,0,30,25
2020-10-22,US,North Carolina,Davie,730,8,0,35.93099927,-80.54496571,37059.0,1703.7763151752786,1.095890410958904,722,722,7,0,715,713,42733,8,1,0,7,9
2020-10-22,US,North Carolina,Duplin,2699,54,0,34.93449805,-77.93140529,37061.0,4594.746429240224,2.0007410151908114,2645,2687,54,0,2633,2673,58856,12,0,0,12,14
2020-10-22,US,North Carolina,Durham,8696,99,0,36.03638492,-78.87608331,37063.0,2704.9221121783708,1.138454461821527,8597,8652,99,0,8553,8631,316739,44,0,0,44,21
2020-10-22,US,North Carolina,Edgecombe,1883,52,0,35.91230639,-77.59436892,37065.0,3658.2996580665217,2.761550716941052,1831,1837,52,0,1785,1816,52005,46,0,0,46,21
2020-10-22,US,North Carolina,Forsyth,8319,115,0,36.12859861,-80.25459052,37067.0,2176.0682195686577,1.382377689626157,8204,8264,114,0,8150,8201,379099,55,1,0,54,63
2020-10-22,US,North Carolina,Franklin,1394,31,0,36.081519,-78.28708884,37069.0,2000.4305087178016,2.2238163558106168,1363,1386,31,0,1355,1376,67560,8,0,0,8,10
2020-10-22,US,North Carolina,Gaston,6956,108,0,35.29373559,-81.17477045,37071.0,3098.0407876042736,1.5526164462334675,6848,6881,107,0,6774,6786,222846,75,1,0,74,95
2020-10-22,US,North Carolina,Gates,166,3,0,36.44667547,-76.69749701,37073.0,1435.7377616329354,1.8072289156626504,163,164,3,0,161,162,11573,2,0,0,2,2
2020-10-22,US,North Carolina,Graham,239,7,0,35.3506925,-83.83369267,37075.0,2831.4180784267273,2.928870292887029,232,237,7,0,230,235,8484,2,0,0,2,2
2020-10-22,US,North Carolina,Granville,1931,50,0,36.30337451,-78.65184241,37077.0,3194.7454626673066,2.589331952356292,1881,1926,50,0,1876,1921,60115,5,0,0,5,5
2020-10-22,US,North Carolina,Greene,902,12,0,35.48544173,-77.67578087,37079.0,4281.171389244862,1.3303769401330376,890,889,12,0,877,882,21012,13,0,0,13,7
2020-10-22,US,North Carolina,Guilford,10720,200,0,36.07959451,-79.78824948,37081.0,1995.6289768305987,1.8656716417910448,10520,10619,196,0,10423,10571,533670,101,4,0,97,48
2020-10-22,US,North Carolina,Halifax,1318,25,0,36.25669272,-77.6556109,37083.0,2635.472905418916,1.896813353566009,1293,1297,25,0,1272,1285,50574,21,0,0,21,12
2020-10-22,US,North Carolina,Harnett,2791,68,0,35.36731853,-78.87243571,37085.0,2052.5681002529864,2.4364027230383374,2723,2762,68,0,2694,2736,134214,29,0,0,29,26
2020-10-22,US,North Carolina,Haywood,693,36,0,35.55269063,-82.98196486,37087.0,1112.056100261566,5.194805194805196,657,692,36,0,656,689,61971,1,0,0,1,3
2020-10-22,US,North Carolina,Henderson,2409,65,0,35.33788927,-82.4766782,37089.0,2051.662025090064,2.69821502698215,2344,2367,65,0,2302,2356,116748,42,0,0,42,11
2020-10-22,US,North Carolina,Hertford,849,34,0,36.3607755,-76.98104134,37091.0,3585.7583308696203,4.004711425206125,815,845,34,0,811,844,23659,4,0,0,4,1
2020-10-22,US,North Carolina,Hoke,1485,25,0,35.01888303,-79.23651674,37093.0,2688.561393344679,1.6835016835016836,1460,1478,24,0,1454,1462,54764,7,1,0,6,16
2020-10-22,US,North Carolina,Hyde,175,5,0,35.42017674,-76.15180542,37095.0,3544.6627506582945,2.8571428571428568,170,175,5,0,170,174,5230,0,0,0,0,1
2020-10-22,US,North Carolina,Iredell,3647,34,0,35.80950511,-80.8743128,37097.0,2005.984400954864,0.9322731011790512,3613,3619,34,0,3585,3591,178435,28,0,0,28,28
2020-10-22,US,North Carolina,Jackson,928,7,0,35.28814273,-83.14093385,37099.0,2112.067003504939,0.7543103448275862,921,910,7,0,903,865,43327,18,0,0,18,45
2020-10-22,US,North Carolina,Johnston,5285,60,0,35.51745004,-78.36622717,37101.0,2524.6131872226388,1.1352885525070957,5225,5238,60,0,5178,5206,202675,47,0,0,47,32
2020-10-22,US,North Carolina,Jones,184,15,0,35.02254606,-77.35870791,37103.0,1953.49824822168,8.152173913043477,169,176,15,0,161,173,9637,8,0,0,8,3
2020-10-22,US,North Carolina,Lee,2005,19,0,35.47623147,-79.17569362,37105.0,3245.4393887890706,0.9476309226932668,1986,1987,18,0,1969,1971,61452,18,1,0,17,16
2020-10-22,US,North Carolina,Lenoir,1325,38,0,35.24032589999999,-77.64245615,37107.0,2368.2282078321327,2.8679245283018866,1287,1311,38,0,1273,1302,55976,14,0,0,14,9
2020-10-22,US,North Carolina,Lincoln,2246,16,0,35.48508185,-81.21740317,37109.0,2608.2614300147484,0.7123775601068566,2230,2206,16,0,2190,2177,83770,40,0,0,40,29
2020-10-22,US,North Carolina,Macon,720,7,0,35.14867843,-83.41696617,37113.0,2007.920129399297,0.9722222222222222,713,709,7,0,702,707,35285,11,0,0,11,2
2020-10-22,US,North Carolina,Madison,192,1,0,35.85402722,-82.71346418,37115.0,882.5557343139508,0.5208333333333334,191,161,1,0,160,159,21763,31,0,0,31,2
2020-10-22,US,North Carolina,Martin,607,16,0,35.84326734,-77.10860251,37117.0,2704.9910873440285,2.6359143327841843,591,603,16,0,587,600,22671,4,0,0,4,3
2020-10-22,US,North Carolina,McDowell,1256,32,0,35.67736232,-82.0482425,37111.0,2744.9951918874026,2.5477707006369426,1224,1238,31,0,1207,1229,45507,18,1,0,17,9
2020-10-22,US,North Carolina,Mecklenburg,32457,380,0,35.24469268,-80.8317671,37119.0,2923.1165500073853,1.1707798009674335,32077,32264,376,0,31888,32038,1093901,193,4,0,189,226
2020-10-22,US,North Carolina,Mitchell,197,4,0,36.01059309,-82.1582442,37121.0,1316.4929163325314,2.0304568527918785,193,196,4,0,192,192,15000,1,0,0,1,4
2020-10-22,US,North Carolina,Montgomery,1157,38,0,35.33155144,-79.90416657,37123.0,4257.9030655430015,3.284356093344857,1119,1154,38,0,1116,1154,27271,3,0,0,3,0
2020-10-22,US,North Carolina,Moore,2184,40,0,35.30885257,-79.48474178,37125.0,2164.9484536082473,1.8315018315018317,2144,2160,40,0,2120,2138,98682,24,0,0,24,22
2020-10-22,US,North Carolina,Nash,3205,70,0,35.96575634,-77.98422508,37127.0,3398.7995503616194,2.18408736349454,3135,3162,65,0,3097,3146,94016,43,5,0,38,16
2020-10-22,US,North Carolina,New Hanover,5068,37,0,34.25758282,-77.87075626,37129.0,2161.442895344027,0.7300710339384373,5031,5011,37,0,4974,4937,232274,57,0,0,57,74
2020-10-22,US,North Carolina,Northampton,536,19,0,36.41736238,-77.39769443,37131.0,2751.116357850434,3.544776119402985,517,530,18,0,512,526,19676,6,1,0,5,4
2020-10-22,US,North Carolina,Onslow,3082,27,0,34.72607366,-77.42908179,37133.0,1557.0532186846383,0.8760545100584036,3055,3039,27,0,3012,2982,197683,43,0,0,43,57
2020-10-22,US,North Carolina,Orange,2989,58,0,36.06092947,-79.12167935,37135.0,2013.1199655163125,1.9404483104717296,2931,2977,58,0,2919,2967,146027,12,0,0,12,10
2020-10-22,US,North Carolina,Pamlico,304,2,0,35.15253315,-76.66559823,37137.0,2388.8103096023888,0.6578947368421053,302,302,2,0,300,301,12670,2,0,0,2,1
2020-10-22,US,North Carolina,Pasquotank,835,35,0,36.26723798,-76.25134778,37139.0,2096.7255926074727,4.1916167664670665,800,830,33,0,797,825,39639,5,2,0,3,5
2020-10-22,US,North Carolina,Pender,1228,8,0,34.52265624,-77.90352133,37141.0,1947.351728512528,0.6514657980456026,1220,1204,8,0,1196,1202,62162,24,0,0,24,2
2020-10-22,US,North Carolina,Perquimans,235,4,0,36.17847453,-76.40603143,37143.0,1745.5247715962264,1.702127659574468,231,232,4,0,228,230,13422,3,0,0,3,2
2020-10-22,US,North Carolina,Person,602,10,0,36.38989032,-78.97217358,37145.0,1524.4365662192959,1.6611295681063123,592,588,9,0,579,582,39507,14,1,0,13,6
2020-10-22,US,North Carolina,Pitt,5958,38,0,35.59535426,-77.37353178,37147.0,3296.4114594283565,0.6377979187646862,5920,5902,35,0,5867,5859,179914,56,3,0,53,43
2020-10-22,US,North Carolina,Polk,378,11,0,35.27820615,-82.16812354,37149.0,1823.9722061378118,2.9100529100529102,367,381,11,0,370,378,20611,-3,0,0,-3,3
2020-10-22,US,North Carolina,Randolph,3583,60,0,35.71015088,-79.80570339,37151.0,2493.96173094726,1.6745743790120011,3523,3542,60,0,3482,3511,143351,41,0,0,41,31
2020-10-22,US,North Carolina,Richmond,1376,24,0,35.00417719,-79.74491009,37153.0,3069.441656070848,1.7441860465116281,1352,1364,24,0,1340,1357,44887,12,0,0,12,7
2020-10-22,US,North Carolina,Robeson,5762,90,0,34.64244496,-79.10250529999998,37155.0,4411.1004784688985,1.5619576535925026,5672,5702,90,0,5612,5668,131831,60,0,0,60,34
2020-10-22,US,North Carolina,Rockingham,1786,18,0,36.39593137,-79.77504841,37157.0,1962.4217118997915,1.0078387458006721,1768,1766,18,0,1748,1762,90690,20,0,0,20,4
2020-10-22,US,North Carolina,Rowan,3995,113,0,35.64003916,-80.52446628,37159.0,2811.6378582287034,2.828535669586984,3882,3970,110,0,3860,3943,141262,25,3,0,22,27
2020-10-22,US,North Carolina,Rutherford,1655,48,0,35.40114178,-81.92112099,37161.0,2469.080547225828,2.9003021148036248,1607,1636,47,0,1589,1620,66826,19,1,0,18,16
2020-10-22,US,North Carolina,Sampson,2605,28,0,34.98820368,-78.36914061,37163.0,4100.3604539516145,1.0748560460652592,2577,2579,28,0,2551,2563,63626,26,0,0,26,16
2020-10-22,US,North Carolina,Scotland,1579,22,0,34.8386299,-79.4757978,37165.0,4534.359475059587,1.3932868904369855,1557,1576,22,0,1554,1551,34810,3,0,0,3,25
2020-10-22,US,North Carolina,Stanly,2377,60,0,35.31647813,-80.25093221,37167.0,3784.6702544342897,2.5241901556583928,2317,2374,57,0,2317,2370,62075,3,3,0,0,4
2020-10-22,US,North Carolina,Stokes,643,9,0,36.4017975,-80.23893369,37169.0,1410.3660810247634,1.3996889580093312,634,635,8,0,627,631,45467,8,1,0,7,4
2020-10-22,US,North Carolina,Surry,1677,29,0,36.41689489,-80.69102283,37171.0,2336.207737207974,1.72927847346452,1648,1661,29,0,1632,1646,71948,16,0,0,16,15
2020-10-22,US,North Carolina,Swain,237,4,0,35.48665845,-83.48748932,37173.0,1660.7105318478036,1.6877637130801688,233,227,4,0,223,225,14245,10,0,0,10,2
2020-10-22,US,North Carolina,Transylvania,400,9,0,35.20383864,-82.79638423,37175.0,1163.2979496873634,2.25,391,395,9,0,386,393,34215,5,0,0,5,2
2020-10-22,US,North Carolina,Tyrrell,127,3,0,35.87147226,-76.17055253,37177.0,3162.3505976095616,2.3622047244094486,124,127,3,0,124,127,4131,0,0,0,0,0
2020-10-22,US,North Carolina,Union,5725,62,0,34.98960527,-80.52955873,37179.0,2386.818922783802,1.0829694323144106,5663,5698,62,0,5636,5654,235908,27,0,0,27,44
2020-10-22,US,North Carolina,Vance,1170,46,0,36.36880673,-78.40670845,37181.0,2627.1471876052537,3.931623931623931,1124,1158,46,0,1112,1150,44582,12,0,0,12,8
2020-10-22,US,North Carolina,Wake,20165,268,0,35.78879266,-78.65249174,37183.0,1813.7891147467847,1.3290354574758243,19897,20015,267,0,19748,19952,1092305,150,1,0,149,63
2020-10-22,US,North Carolina,Warren,410,7,0,36.39728256,-78.10652228,37185.0,2077.948406061528,1.7073170731707317,403,405,7,0,398,401,19807,5,0,0,5,4
2020-10-22,US,North Carolina,Washington,239,8,0,35.83810081,-76.57299037,37187.0,2063.903281519862,3.3472803347280333,231,238,8,0,230,238,11859,1,0,0,1,0
2020-10-22,US,North Carolina,Watauga,1343,5,0,36.23103603,-81.70033724,37189.0,2390.6580985100663,0.372300819061802,1338,1331,2,0,1329,1316,55945,12,3,0,9,15
2020-10-22,US,North Carolina,Wayne,4313,79,0,35.36438125,-78.00027268,37191.0,3502.773468907099,1.8316716902388128,4234,4252,79,0,4173,4200,123248,61,0,0,61,52
2020-10-22,US,North Carolina,Wilkes,1606,37,0,36.2084135,-81.16232895,37193.0,2347.5413670116354,2.3038605230386047,1569,1587,37,0,1550,1569,68557,19,0,0,19,18
2020-10-22,US,North Carolina,Wilson,2797,62,0,35.70625477,-77.917978,37195.0,3419.2736030121882,2.216660707901323,2735,2757,62,0,2695,2737,81455,40,0,0,40,20
2020-10-22,US,North Carolina,Yadkin,946,9,0,36.16222629,-80.66239436,37197.0,2511.482199272573,0.9513742071881608,937,940,9,0,931,916,37543,6,0,0,6,24
2020-10-22,US,North Carolina,Yancey,285,0,0,35.90079156,-82.31237181,37199.0,1577.2870662460568,0.0,285,275,0,0,275,271,17903,10,0,0,10,4
2020-10-22,US,North Dakota,Adams,65,0,0,46.09686891,-102.5285397,38001.0,2933.2129963898915,0.0,65,62,0,0,62,59,2294,3,0,0,3,3
2020-10-22,US,North Dakota,Barnes,332,1,0,46.93579637,-98.06605978,38003.0,3187.7100336053772,0.3012048192771085,331,312,1,0,311,311,10542,20,0,0,20,1
2020-10-22,US,North Dakota,Benson,470,8,0,48.0683985,-99.35916363,38005.0,6879.3911007025745,1.702127659574468,462,462,8,0,454,458,6962,8,0,0,8,4
2020-10-22,US,North Dakota,Billings,32,0,0,47.02366884,-103.3762965,38007.0,3448.2758620689656,0.0,32,32,0,0,32,31,919,0,0,0,0,1
2020-10-22,US,North Dakota,Bottineau,220,16,0,48.79106111,-100.8378166,38009.0,3502.0694046482013,7.272727272727272,204,218,16,0,202,211,6411,2,0,0,2,7
2020-10-22,US,North Dakota,Bowman,111,2,0,46.11285362,-103.5203343,38011.0,3670.6349206349214,1.8018018018018016,109,109,2,0,107,106,3076,2,0,0,2,3
2020-10-22,US,North Dakota,Burke,60,1,0,48.79094471,-102.51821170000001,38013.0,2836.8794326241136,1.6666666666666667,59,55,1,0,54,51,2100,5,0,0,5,4
2020-10-22,US,North Dakota,Burleigh,6020,74,0,46.97847375,-100.46452140000001,38015.0,6295.35900278167,1.2292358803986712,5946,5852,74,0,5778,5812,95273,168,0,0,168,40
2020-10-22,US,North Dakota,Cass,8207,82,0,46.93201724,-97.24447190000001,38017.0,4511.249264798844,0.9991470695747532,8125,8010,81,0,7929,7915,181516,197,1,0,196,95
2020-10-22,US,North Dakota,Cavalier,66,1,0,48.77286211,-98.46685243,38019.0,1754.385964912281,1.5151515151515151,65,65,1,0,64,65,3829,1,0,0,1,0
2020-10-22,US,North Dakota,Dickey,228,1,0,46.11017712,-98.50490079999999,38021.0,4679.802955665025,0.43859649122807015,227,223,1,0,222,221,4903,5,0,0,5,2
2020-10-22,US,North Dakota,Divide,45,1,0,48.814938700000006,-103.48736109999999,38023.0,1987.6325088339224,2.2222222222222223,44,45,1,0,44,45,2283,0,0,0,0,0
2020-10-22,US,North Dakota,Dunn,195,5,0,47.35423935,-102.61604679999999,38025.0,4407.775768535263,2.5641025641025643,190,194,5,0,189,193,4332,1,0,0,1,1
2020-10-22,US,North Dakota,Eddy,167,3,0,47.71701474,-98.90432337,38027.0,7302.142544818539,1.7964071856287425,164,165,3,0,162,160,2313,2,0,0,2,5
2020-10-22,US,North Dakota,Emmons,272,8,0,46.28398398,-100.2389766,38029.0,8392.471459426102,2.9411764705882355,264,271,8,0,263,270,3295,1,0,0,1,1
2020-10-22,US,North Dakota,Foster,162,2,0,47.457108399999996,-98.88279923,38031.0,5046.728971962617,1.2345679012345678,160,160,2,0,158,151,3216,2,0,0,2,9
2020-10-22,US,North Dakota,Golden Valley,112,0,0,46.94022281,-103.8465421,38033.0,6360.022714366837,0.0,112,112,0,0,112,107,1769,0,0,0,0,5
2020-10-22,US,North Dakota,Grand Forks,3421,17,0,47.92093639,-97.45450447,38035.0,4925.775006839354,0.4969307220111079,3404,3365,15,0,3350,3337,70770,56,2,0,54,28
2020-10-22,US,North Dakota,Grant,60,3,0,46.35821257,-101.63900129999999,38037.0,2638.522427440633,5.0,57,58,2,0,56,56,2374,2,1,0,1,2
2020-10-22,US,North Dakota,Griggs,77,1,0,47.45785838,-98.23850925,38039.0,3451.367099955177,1.2987012987012987,76,74,1,0,73,73,2232,3,0,0,3,1
2020-10-22,US,North Dakota,Hettinger,112,2,0,46.43375068,-102.4632417,38041.0,4481.792717086834,1.7857142857142858,110,111,2,0,109,108,2514,1,0,0,1,3
2020-10-22,US,North Dakota,Kidder,82,2,0,46.97830064,-99.77507857,38043.0,3306.451612903226,2.4390243902439024,80,79,2,0,77,79,2450,3,0,0,3,0
2020-10-22,US,North Dakota,LaMoure,186,5,0,46.45681054,-98.53542355,38045.0,4597.132970835393,2.6881720430107525,181,175,3,0,172,173,4062,11,2,0,9,2
2020-10-22,US,North Dakota,Logan,123,0,0,46.45729487,-99.47719806,38047.0,6648.648648648647,0.0,123,121,0,0,121,116,1903,2,0,0,2,5
2020-10-22,US,North Dakota,McHenry,160,12,0,48.23104458,-100.6324822,38049.0,2785.03046127067,7.5,148,152,12,0,140,148,5816,8,0,0,8,4
2020-10-22,US,North Dakota,McIntosh,161,4,0,46.11182017,-99.44145858,38051.0,6447.737284741689,2.4844720496894412,157,159,4,0,155,151,2585,2,0,0,2,8
2020-10-22,US,North Dakota,McKenzie,476,4,0,47.74133370000001,-103.395905,38053.0,3168.2641107561235,0.8403361344537815,472,454,4,0,450,442,13632,22,0,0,22,12
2020-10-22,US,North Dakota,McLean,503,9,0,47.60766714,-101.3182418,38055.0,5322.751322751324,1.7892644135188869,494,489,9,0,480,469,9541,14,0,0,14,20
2020-10-22,US,North Dakota,Mercer,392,3,0,47.31213126,-101.8318399,38057.0,4788.078661292293,0.7653061224489796,389,384,3,0,381,379,8267,8,0,0,8,5
2020-10-22,US,North Dakota,Morton,2069,49,0,46.71681782,-101.2822377,38059.0,6596.735110317562,2.3682938617689704,2020,2013,48,0,1965,1997,31095,56,1,0,55,16
2020-10-22,US,North Dakota,Mountrail,462,6,0,48.20197971,-102.3555315,38061.0,4381.22332859175,1.2987012987012987,456,443,6,0,437,436,10218,19,0,0,19,7
2020-10-22,US,North Dakota,Nelson,151,3,0,47.9226426,-98.19038437,38063.0,5244.876693296284,1.9867549668874167,148,150,3,0,147,149,2869,1,0,0,1,1
2020-10-22,US,North Dakota,Oliver,71,1,0,47.11530482,-101.3406158,38065.0,3624.298111281266,1.4084507042253518,70,70,1,0,69,68,1952,1,0,0,1,2
2020-10-22,US,North Dakota,Pembina,183,0,0,48.76623521,-97.5523809,38067.0,2690.780767534186,0.0,183,179,0,0,179,177,6947,4,0,0,4,2
2020-10-22,US,North Dakota,Pierce,73,0,0,48.24977025,-99.96407787,38069.0,1836.477987421384,0.0,73,69,0,0,69,62,4081,4,0,0,4,7
2020-10-22,US,North Dakota,Ramsey,447,4,0,48.26886249,-98.72223879,38071.0,3880.545186214081,0.8948545861297539,443,437,4,0,433,424,11481,10,0,0,10,13
2020-10-22,US,North Dakota,Ransom,153,0,0,46.45621782,-97.65742504,38073.0,2932.1579149099266,0.0,153,138,0,0,138,137,5237,15,0,0,15,1
2020-10-22,US,North Dakota,Renville,100,2,0,48.71982533,-101.6603912,38075.0,4297.378599054577,2.0,98,98,2,0,96,97,2374,2,0,0,2,1
2020-10-22,US,North Dakota,Richland,396,3,0,46.26440649,-96.94852979,38077.0,2447.919886258268,0.7575757575757576,393,381,2,0,379,375,16239,15,1,0,14,6
2020-10-22,US,North Dakota,Rolette,305,7,0,48.77245354,-99.84097493,38079.0,2151.5237020316026,2.295081967213114,298,291,7,0,284,286,14301,14,0,0,14,5
2020-10-22,US,North Dakota,Sargent,121,2,0,46.10830372,-97.63217159,38081.0,3104.15597742432,1.6528925619834711,119,117,2,0,115,115,3870,4,0,0,4,2
2020-10-22,US,North Dakota,Sheridan,38,1,0,47.57700669,-100.3426391,38083.0,2889.7338403041826,2.631578947368421,37,38,1,0,37,38,1349,0,0,0,0,0
2020-10-22,US,North Dakota,Sioux,233,4,0,46.11323337,-101.04401490000001,38085.0,5508.274231678488,1.7167381974248928,229,218,4,0,214,218,4358,15,0,0,15,0
2020-10-22,US,North Dakota,Slope,12,0,0,46.44737738,-103.4601547,38087.0,1600.0,0.0,12,12,0,0,12,12,763,0,0,0,0,0
2020-10-22,US,North Dakota,Stark,2234,30,0,46.80851182,-102.65763259999999,38089.0,7094.5409508082175,1.3428827215756491,2204,2233,30,0,2203,2207,30997,1,0,0,1,26
2020-10-22,US,North Dakota,Steele,38,0,0,47.45611548,-97.72728747,38091.0,2010.5820105820105,0.0,38,36,0,0,36,36,1903,2,0,0,2,0
2020-10-22,US,North Dakota,Stutsman,757,6,0,46.97962541,-98.95637318,38093.0,3656.29829984544,0.7926023778071334,751,746,6,0,740,735,20917,11,0,0,11,11
2020-10-22,US,North Dakota,Towner,84,2,0,48.68565745,-99.24564265,38095.0,3837.368661489265,2.380952380952381,82,84,2,0,82,81,2192,0,0,0,0,3
2020-10-22,US,North Dakota,Traill,231,3,0,47.45367788,-97.16323288,38097.0,2874.5644599303137,1.2987012987012987,228,217,3,0,214,217,8037,14,0,0,14,0
2020-10-22,US,North Dakota,Walsh,380,2,0,48.36876964,-97.72574783,38099.0,3571.0929423926323,0.5263157894736842,378,361,2,0,359,347,10667,19,0,0,19,14
2020-10-22,US,North Dakota,Ward,2227,27,0,48.22390169,-101.54367629999999,38101.0,3292.3818394169216,1.21239335428828,2200,2132,26,0,2106,2043,67744,95,1,0,94,89
2020-10-22,US,North Dakota,Wells,89,0,0,47.58614526,-99.65904998,38103.0,2321.335419926969,0.0,89,83,0,0,83,79,3957,6,0,0,6,4
2020-10-22,US,North Dakota,Williams,1681,12,0,48.34522353,-103.4793387,38105.0,4472.052994227034,0.7138607971445569,1669,1651,12,0,1639,1633,35350,30,0,0,30,18
2020-10-22,US,Ohio,Adams,209,6,0,38.84541072,-83.4718964,39001.0,754.5671167593327,2.8708133971291865,203,204,6,0,198,203,27724,5,0,0,5,1
2020-10-22,US,Ohio,Allen,2130,73,0,40.77285242,-84.10802343,39003.0,2081.0739514025267,3.4272300469483574,2057,2080,73,0,2007,2038,102663,50,0,0,50,42
2020-10-22,US,Ohio,Ashland,398,6,0,40.84772277,-82.27280781,39005.0,744.1477825143968,1.5075376884422111,392,389,5,0,384,373,53745,9,1,0,8,16
2020-10-22,US,Ohio,Ashtabula,726,48,0,41.70860332,-80.74830218,39007.0,746.5986569451159,6.6115702479338845,678,721,48,0,673,721,97493,5,0,0,5,0
2020-10-22,US,Ohio,Athens,1205,2,0,39.33425634,-82.04278644,39009.0,1844.5665651262116,0.16597510373443985,1203,1184,2,0,1182,1174,65818,21,0,0,21,10
2020-10-22,US,Ohio,Auglaize,1006,16,0,40.55998859,-84.22421429999999,39011.0,2203.434378833012,1.5904572564612327,990,978,16,0,962,951,45804,28,0,0,28,27
2020-10-22,US,Ohio,Belmont,788,27,0,40.01625942,-80.9924051,39013.0,1176.0140882906007,3.4263959390862944,761,786,27,0,759,784,67505,2,0,0,2,2
2020-10-22,US,Ohio,Brown,379,3,0,38.93416837,-83.86788395,39015.0,872.6284766992079,0.7915567282321899,376,372,3,0,369,368,43602,7,0,0,7,4
2020-10-22,US,Ohio,Butler,8276,129,0,39.44012838,-84.57388716,39017.0,2160.079763216003,1.5587240212663125,8147,8145,128,0,8017,8028,382378,131,1,0,130,117
2020-10-22,US,Ohio,Carroll,200,7,0,40.578968599999996,-81.09178213,39019.0,743.1076763022963,3.5,193,193,7,0,186,191,27081,7,0,0,7,2
2020-10-22,US,Ohio,Champaign,398,3,0,40.13923427,-83.76875242,39021.0,1023.5309245210235,0.7537688442211056,395,395,3,0,392,387,38754,3,0,0,3,8
2020-10-22,US,Ohio,Clark,2494,56,0,39.91592258,-83.78498252,39023.0,1860.0419143366425,2.245388933440257,2438,2451,56,0,2395,2424,134585,43,0,0,43,27
2020-10-22,US,Ohio,Clermont,2459,38,0,39.04847534,-84.15375786,39025.0,1191.2143701435853,1.5453436356242376,2421,2403,38,0,2365,2349,205466,56,0,0,56,54
2020-10-22,US,Ohio,Clinton,464,13,0,39.41485808,-83.80852286,39027.0,1105.604269919939,2.8017241379310347,451,451,13,0,438,436,42057,13,0,0,13,15
2020-10-22,US,Ohio,Columbiana,2128,87,0,40.76932373,-80.78094576,39029.0,2088.670337544045,4.088345864661654,2041,2114,87,0,2027,2101,102665,14,0,0,14,13
2020-10-22,US,Ohio,Coshocton,321,12,0,40.30096166,-81.91729018,39031.0,877.0491803278688,3.7383177570093458,309,305,12,0,293,298,36629,16,0,0,16,7
2020-10-22,US,Ohio,Crawford,452,8,0,40.85065156,-82.91989099,39033.0,1089.3141177037644,1.7699115044247788,444,441,8,0,433,430,41550,11,0,0,11,11
2020-10-22,US,Ohio,Cuyahoga,19706,682,0,41.424119,-81.65918339,39035.0,1595.5345113483263,3.4608748604485937,19024,19586,682,0,18904,19436,1243857,120,0,0,120,150
2020-10-22,US,Ohio,Darke,1144,51,0,40.13412966,-84.6194517,39037.0,2238.1781542856024,4.458041958041958,1093,1123,51,0,1072,1101,51323,21,0,0,21,22
2020-10-22,US,Ohio,Defiance,460,13,0,41.32398837,-84.49076944,39039.0,1207.761178354819,2.8260869565217392,447,446,13,0,433,444,38165,14,0,0,14,2
2020-10-22,US,Ohio,Delaware,2872,27,0,40.27942393,-83.00457058,39041.0,1372.9998996065533,0.9401114206128134,2845,2835,27,0,2808,2811,204826,37,0,0,37,24
2020-10-22,US,Ohio,Erie,1155,53,0,41.36796058,-82.62904521,39043.0,1555.2204238817224,4.5887445887445875,1102,1146,53,0,1093,1138,74615,9,0,0,9,8
2020-10-22,US,Ohio,Fairfield,2644,57,0,39.75107189,-82.63088163,39045.0,1677.9417924276847,2.1558245083207264,2587,2616,57,0,2559,2578,155782,28,0,0,28,38
2020-10-22,US,Ohio,Fayette,449,8,0,39.56021306,-83.4562016,39047.0,1574.0578439964945,1.7817371937639201,441,440,8,0,432,432,28666,9,0,0,9,8
2020-10-22,US,Ohio,Franklin,31466,640,0,39.96995815,-83.01115755,39049.0,2389.660650872296,2.0339413970634967,30826,31221,639,0,30582,30978,1310300,245,1,0,244,243
2020-10-22,US,Ohio,Fulton,537,11,0,41.60213491,-84.12571393,39051.0,1274.7471870103973,2.0484171322160147,526,522,10,0,512,505,42276,15,1,0,14,17
2020-10-22,US,Ohio,Gallia,291,13,0,38.82708533,-82.31647569,39053.0,973.3092514549468,4.4673539518900345,278,282,13,0,269,279,29979,9,0,0,9,3
2020-10-22,US,Ohio,Geauga,859,50,0,41.49952319,-81.17935342,39055.0,917.2548558980876,5.820721769499418,809,844,50,0,794,836,94031,15,0,0,15,8
2020-10-22,US,Ohio,Greene,2292,42,0,39.69116283,-83.89032084,39057.0,1356.718776822129,1.8324607329842928,2250,2248,41,0,2207,2196,167995,44,1,0,43,52
2020-10-22,US,Ohio,Guernsey,321,8,0,40.05026529,-81.49248905,39059.0,825.7234726688102,2.4922118380062304,313,300,8,0,292,287,39022,21,0,0,21,13
2020-10-22,US,Ohio,Hamilton,16687,343,0,39.19673558,-84.54502924,39061.0,2041.2906603643173,2.0554922993947384,16344,16496,343,0,16153,16234,816684,191,0,0,191,262
2020-10-22,US,Ohio,Hancock,1047,25,0,41.00250487,-83.66838948,39063.0,1381.5763429792962,2.387774594078319,1022,1040,24,0,1016,1030,75930,7,1,0,6,10
2020-10-22,US,Ohio,Hardin,336,13,0,40.66015414,-83.65929931,39065.0,1071.2577714012434,3.8690476190476186,323,328,13,0,315,321,31480,8,0,0,8,7
2020-10-22,US,Ohio,Harrison,80,3,0,40.29380509,-81.09068544,39067.0,531.9148936170212,3.75,77,79,3,0,76,79,15174,1,0,0,1,0
2020-10-22,US,Ohio,Henry,473,17,0,41.333964200000004,-84.06830637,39069.0,1751.4626379323115,3.5940803382663846,456,461,17,0,444,453,27086,12,0,0,12,8
2020-10-22,US,Ohio,Highland,430,4,0,39.1839264,-83.60331456,39071.0,996.2697805889577,0.9302325581395348,426,417,4,0,413,402,43058,13,0,0,13,15
2020-10-22,US,Ohio,Hocking,197,9,0,39.49537927,-82.47991446,39073.0,696.9997169544298,4.568527918781727,188,194,9,0,185,189,28385,3,0,0,3,5
2020-10-22,US,Ohio,Holmes,617,10,0,40.56163713,-81.92635677,39075.0,1403.5486806187446,1.6207455429497568,607,590,10,0,580,570,43892,27,0,0,27,20
2020-10-22,US,Ohio,Huron,709,12,0,41.14651175,-82.59867951,39077.0,1216.8331445439878,1.6925246826516216,697,706,11,0,695,699,58504,3,1,0,2,7
2020-10-22,US,Ohio,Jackson,459,8,0,39.01914254,-82.61818559999998,39079.0,1416.0984790053376,1.7429193899782136,451,447,8,0,439,441,32384,12,0,0,12,6
2020-10-22,US,Ohio,Jefferson,469,4,0,40.38614126,-80.76259514,39081.0,717.9487179487178,0.8528784648187633,465,466,4,0,462,456,65767,3,0,0,3,10
2020-10-22,US,Ohio,Knox,384,16,0,40.39830217,-82.42027563,39083.0,616.1548088957351,4.166666666666667,368,376,16,0,360,362,61893,8,0,0,8,14
2020-10-22,US,Ohio,Lake,1936,59,0,41.69710807,-81.23676539,39085.0,841.1941828989046,3.0475206611570247,1877,1911,59,0,1852,1883,230514,25,0,0,25,28
2020-10-22,US,Ohio,Lawrence,930,25,0,38.59743452,-82.53466552,39087.0,1563.997780132183,2.6881720430107525,905,929,25,0,904,907,59866,1,0,0,1,22
2020-10-22,US,Ohio,Licking,2579,66,0,40.09136236,-82.48185785,39089.0,1458.1990478452124,2.5591314462970143,2513,2524,65,0,2459,2488,175769,55,1,0,54,36
2020-10-22,US,Ohio,Logan,423,3,0,40.38996525,-83.76784341,39091.0,926.1692065160272,0.7092198581560284,420,413,3,0,410,402,45358,10,0,0,10,11
2020-10-22,US,Ohio,Lorain,2728,89,0,41.29553751,-82.15083537,39093.0,880.474320036923,3.2624633431085046,2639,2692,89,0,2603,2666,309461,36,0,0,36,26
2020-10-22,US,Ohio,Lucas,8285,373,0,41.62101218,-83.65468618,39095.0,1934.1750165753078,4.502112251056126,7912,8223,373,0,7850,8175,429899,62,0,0,62,48
2020-10-22,US,Ohio,Madison,1054,15,0,39.89381073,-83.40178317,39097.0,2356.307706065145,1.4231499051233396,1039,1048,15,0,1033,1035,44413,6,0,0,6,13
2020-10-22,US,Ohio,Mahoning,3709,286,0,41.01631101,-80.77287029,39099.0,1621.8958121067153,7.710973308169317,3423,3660,286,0,3374,3635,229642,49,0,0,49,25
2020-10-22,US,Ohio,Marion,3388,50,0,40.58610662,-83.15736305,39101.0,5204.860737713732,1.4757969303423848,3338,3375,50,0,3325,3351,65256,13,0,0,13,24
2020-10-22,US,Ohio,Medina,1856,42,0,41.11770589,-81.89986209999998,39103.0,1032.5681795422431,2.2629310344827585,1814,1820,42,0,1778,1802,179146,36,0,0,36,18
2020-10-22,US,Ohio,Meigs,210,12,0,39.09224872,-82.0305041,39105.0,916.7503383245296,5.7142857142857135,198,210,12,0,198,210,23106,0,0,0,0,0
2020-10-22,US,Ohio,Mercer,1521,28,0,40.54043046,-84.62912742,39107.0,3694.258233751093,1.8408941485864565,1493,1505,28,0,1477,1471,40959,16,0,0,16,34
2020-10-22,US,Ohio,Miami,1999,58,0,40.0543329,-84.22871271,39109.0,1868.4513071681606,2.9014507253626816,1941,1976,58,0,1918,1956,106222,23,0,0,23,20
2020-10-22,US,Ohio,Monroe,161,18,0,39.72984936,-81.08464734,39111.0,1179.1416434744394,11.180124223602483,143,155,18,0,137,152,13790,6,0,0,6,3
2020-10-22,US,Ohio,Montgomery,10377,189,0,39.75394919,-84.29050975,39113.0,1951.712191571357,1.8213356461405033,10188,10216,189,0,10027,10083,532331,161,0,0,161,133
2020-10-22,US,Ohio,Morgan,78,0,0,39.62081738,-81.85308173,39115.0,537.6344086021505,0.0,78,77,0,0,77,74,14604,1,0,0,1,3
2020-10-22,US,Ohio,Morrow,344,2,0,40.52363560000001,-82.7892599,39117.0,973.731884057971,0.5813953488372093,342,338,2,0,336,331,35112,6,0,0,6,7
2020-10-22,US,Ohio,Muskingum,888,4,0,39.96575964,-81.94363275,39119.0,1029.9831815809314,0.4504504504504505,884,859,4,0,855,843,86183,29,0,0,29,16
2020-10-22,US,Ohio,Noble,129,0,0,39.76818851,-81.45937183,39121.0,894.342762063228,0.0,129,127,0,0,127,121,14354,2,0,0,2,6
2020-10-22,US,Ohio,Ottawa,584,30,0,41.53781826,-83.0940185,39123.0,1441.0857495373227,5.136986301369864,554,573,30,0,543,568,40769,11,0,0,11,5
2020-10-22,US,Ohio,Paulding,201,2,0,41.11676341,-84.5801017,39125.0,1076.478149100257,0.9950248756218906,199,194,2,0,192,190,18760,7,0,0,7,4
2020-10-22,US,Ohio,Perry,366,11,0,39.73508655,-82.23804971,39127.0,1012.8964410250734,3.0054644808743167,355,363,11,0,352,354,36033,3,0,0,3,9
2020-10-22,US,Ohio,Pickaway,3011,46,0,39.64170392,-83.0243386,39129.0,5150.794601159827,1.5277316506144138,2965,2994,46,0,2948,2969,58086,17,0,0,17,25
2020-10-22,US,Ohio,Pike,300,0,0,39.07634001,-83.06769584,39131.0,1080.2246867348406,0.0,300,290,0,0,290,288,28067,10,0,0,10,2
2020-10-22,US,Ohio,Portage,1620,68,0,41.16793482,-81.19735782,39133.0,997.1317075572736,4.197530864197532,1552,1589,67,0,1522,1561,162927,31,1,0,30,28
2020-10-22,US,Ohio,Preble,624,18,0,39.7420247,-84.64787018,39135.0,1526.3441123232724,2.8846153846153846,606,610,18,0,592,595,40997,14,0,0,14,15
2020-10-22,US,Ohio,Putnam,974,27,0,41.02094889,-84.1336111,39137.0,2876.465550338148,2.7720739219712525,947,937,27,0,910,915,33780,37,0,0,37,22
2020-10-22,US,Ohio,Richland,1323,24,0,40.77180308,-82.53799609999999,39139.0,1091.9986133350942,1.8140589569161,1299,1306,24,0,1282,1286,121099,17,0,0,17,20
2020-10-22,US,Ohio,Ross,1394,36,0,39.33705391,-83.06000914,39141.0,1818.2766806667887,2.5824964131994257,1358,1361,36,0,1325,1338,76931,33,0,0,33,23
2020-10-22,US,Ohio,Sandusky,711,22,0,41.35624126,-83.137872,39143.0,1215.010765918179,3.094233473980309,689,699,22,0,677,694,58799,12,0,0,12,5
2020-10-22,US,Ohio,Scioto,859,9,0,38.80270163,-82.98907345,39145.0,1140.558196351276,1.0477299185098952,850,837,9,0,828,805,75502,22,0,0,22,32
2020-10-22,US,Ohio,Seneca,601,14,0,41.12351311,-83.12783209,39147.0,1089.2022182753997,2.329450915141431,587,595,14,0,581,585,55207,6,0,0,6,10
2020-10-22,US,Ohio,Shelby,909,14,0,40.33163494,-84.20258189,39149.0,1870.7552994443301,1.54015401540154,895,888,14,0,874,868,48627,21,0,0,21,20
2020-10-22,US,Ohio,Stark,3796,181,0,40.81482476,-81.36437305,39151.0,1024.2683604690696,4.768177028451001,3615,3748,181,0,3567,3696,371574,48,0,0,48,52
2020-10-22,US,Ohio,Summit,6689,265,0,41.12464734,-81.53123079,39153.0,1236.3843382691362,3.9617282104948415,6424,6620,265,0,6355,6555,541918,69,0,0,69,65
2020-10-22,US,Ohio,Trumbull,2270,134,0,41.31735028,-80.76109643,39155.0,1146.6152120985585,5.903083700440527,2136,2247,134,0,2113,2221,198627,23,0,0,23,26
2020-10-22,US,Ohio,Tuscarawas,1290,24,0,40.44214695,-81.47226262,39157.0,1402.3720743148485,1.8604651162790695,1266,1258,22,0,1236,1236,92176,32,2,0,30,22
2020-10-22,US,Ohio,Union,758,3,0,40.30016061,-83.37239023,39159.0,1285.007120092222,0.39577836411609496,755,747,3,0,744,734,57835,11,0,0,11,13
2020-10-22,US,Ohio,Van Wert,263,3,0,40.8554138,-84.59111700000003,39161.0,930.1503094606544,1.1406844106463878,260,240,3,0,237,233,28281,23,0,0,23,7
2020-10-22,US,Ohio,Vinton,96,3,0,39.25208988,-82.4831444,39163.0,733.6645013374092,3.125,93,93,3,0,90,90,13139,3,0,0,3,3
2020-10-22,US,Ohio,Warren,4200,64,0,39.42581994,-84.16557457,39165.0,1790.2660676379571,1.5238095238095235,4136,4135,63,0,4072,4063,232173,65,1,0,64,72
2020-10-22,US,Ohio,Washington,351,24,0,39.45690571,-81.49121382,39167.0,585.8690390746274,6.837606837606838,327,344,24,0,320,333,60155,7,0,0,7,11
2020-10-22,US,Ohio,Wayne,1402,69,0,40.82925852,-81.88844833,39169.0,1211.649814190649,4.921540656205421,1333,1370,69,0,1301,1315,115967,32,0,0,32,55
2020-10-22,US,Ohio,Williams,335,4,0,41.56052014,-84.58429552,39171.0,913.0055597950508,1.1940298507462686,331,330,4,0,326,319,36804,5,0,0,5,11
2020-10-22,US,Ohio,Wood,2496,81,0,41.36224827,-83.62285108,39173.0,1908.0088979261104,3.2451923076923075,2415,2472,81,0,2391,2446,130696,24,0,0,24,26
2020-10-22,US,Ohio,Wyandot,295,13,0,40.84339621,-83.30734173,39175.0,1354.9513136138162,4.40677966101695,282,286,13,0,273,284,21935,9,0,0,9,2
2020-10-22,US,Oklahoma,Adair,752,11,0,35.88494195,-94.65859267,40001.0,3388.303144994143,1.4627659574468086,741,740,11,0,729,734,22082,12,0,0,12,6
2020-10-22,US,Oklahoma,Alfalfa,115,0,0,36.73090616,-98.32408495,40003.0,2016.8361978253245,0.0,115,115,0,0,115,112,5754,0,0,0,0,3
2020-10-22,US,Oklahoma,Atoka,419,1,0,34.37366573,-96.03802487,40005.0,3045.5007995348165,0.2386634844868735,418,414,1,0,413,409,13838,5,0,0,5,5
2020-10-22,US,Oklahoma,Beaver,86,1,0,36.7496847,-100.4758872,40007.0,1619.280738090755,1.162790697674419,85,82,1,0,81,80,5319,4,0,0,4,2
2020-10-22,US,Oklahoma,Beckham,860,10,0,35.26862449,-99.68128023,40009.0,3934.306235417905,1.162790697674419,850,848,10,0,838,843,21709,12,0,0,12,5
2020-10-22,US,Oklahoma,Blaine,197,1,0,35.87518314,-98.43307003,40011.0,2089.2989712588824,0.5076142131979695,196,194,1,0,193,194,9485,3,0,0,3,0
2020-10-22,US,Oklahoma,Bryan,1438,11,0,33.96472458,-96.25903472,40013.0,2996.1454318158144,0.7649513212795549,1427,1415,11,0,1404,1397,47192,23,0,0,23,18
2020-10-22,US,Oklahoma,Caddo,1116,26,0,35.17364557,-98.37534464,40015.0,3880.119602252973,2.3297491039426523,1090,1097,25,0,1072,1074,28977,19,1,0,18,23
2020-10-22,US,Oklahoma,Canadian,3674,21,0,35.5426055,-97.98465569,40017.0,2477.3104257413725,0.5715841045182363,3653,3607,21,0,3586,3469,144447,67,0,0,67,138
2020-10-22,US,Oklahoma,Carter,788,10,0,34.25103751,-97.28552485,40019.0,1637.8790713142525,1.269035532994924,778,779,10,0,769,761,48177,9,0,0,9,18
2020-10-22,US,Oklahoma,Cherokee,1343,8,0,35.90692775,-94.99980896,40021.0,2760.1372875434167,0.5956813104988831,1335,1324,8,0,1316,1321,48675,19,0,0,19,3
2020-10-22,US,Oklahoma,Choctaw,427,2,0,34.02807439,-95.54771129,40023.0,2910.3053435114502,0.468384074941452,425,412,2,0,410,411,14668,15,0,0,15,1
2020-10-22,US,Oklahoma,Cimarron,36,0,0,36.74817177,-102.5173885,40025.0,1684.6045858680393,0.0,36,36,0,0,36,33,2153,0,0,0,0,3
2020-10-22,US,Oklahoma,Cleveland,7941,87,0,35.20413532,-97.32519562,40027.0,2795.988930123163,1.095579901775595,7854,7843,87,0,7756,7764,281669,98,0,0,98,79
2020-10-22,US,Oklahoma,Coal,89,0,0,34.58840127,-96.29798747,40029.0,1619.6542311191993,0.0,89,86,0,0,86,82,5520,3,0,0,3,4
2020-10-22,US,Oklahoma,Comanche,2252,17,0,34.65973764,-98.47195055,40031.0,1865.025797315092,0.7548845470692718,2235,2201,17,0,2184,2171,120422,51,0,0,51,30
2020-10-22,US,Oklahoma,Cotton,93,3,0,34.28845626,-98.37053567,40033.0,1641.3695728909286,3.2258064516129035,90,90,3,0,87,89,5776,3,0,0,3,1
2020-10-22,US,Oklahoma,Craig,607,2,0,36.76268118,-95.20916602,40035.0,4292.179323999434,0.32948929159802304,605,601,2,0,599,598,14306,6,0,0,6,3
2020-10-22,US,Oklahoma,Creek,1523,37,0,35.90230551,-96.37086028,40037.0,2129.414725538995,2.4294156270518714,1486,1495,38,0,1457,1484,71604,28,-1,0,29,11
2020-10-22,US,Oklahoma,Custer,1035,3,0,35.63853802,-99.00170785,40039.0,3568.596352101507,0.2898550724637681,1032,1011,3,0,1008,999,29036,24,0,0,24,12
2020-10-22,US,Oklahoma,Delaware,1190,27,0,36.40823634,-94.80325046,40041.0,2766.8627496570484,2.26890756302521,1163,1170,27,0,1143,1146,42733,20,0,0,20,24
2020-10-22,US,Oklahoma,Dewey,88,1,0,35.98772922,-99.00730714,40043.0,1799.22306276835,1.1363636363636365,87,83,1,0,82,81,4894,5,0,0,5,2
2020-10-22,US,Oklahoma,Ellis,20,0,0,36.218019399999996,-99.75324573,40045.0,518.2689816014512,0.0,20,19,0,0,19,19,3952,1,0,0,1,0
2020-10-22,US,Oklahoma,Garfield,2310,25,0,36.3791334,-97.78265517,40047.0,3783.411949685535,1.0822510822510822,2285,2272,25,0,2247,2266,60913,38,0,0,38,6
2020-10-22,US,Oklahoma,Garvin,606,6,0,34.70418038,-97.30811132,40049.0,2186.8572047201474,0.99009900990099,600,597,6,0,591,588,27811,9,0,0,9,9
2020-10-22,US,Oklahoma,Grady,1547,16,0,35.0167709,-97.88339847,40051.0,2770.713185514203,1.0342598577892697,1531,1521,16,0,1505,1496,55551,26,0,0,26,25
2020-10-22,US,Oklahoma,Grant,84,1,0,36.796296999999996,-97.78638765,40053.0,1938.610662358643,1.1904761904761905,83,80,1,0,79,79,4326,4,0,0,4,1
2020-10-22,US,Oklahoma,Greer,144,8,0,34.93535801,-99.56056120000001,40055.0,2521.008403361345,5.5555555555555545,136,144,8,0,136,139,5821,0,0,0,0,5
2020-10-22,US,Oklahoma,Harmon,63,0,0,34.7440135,-99.84741652,40057.0,2374.67018469657,0.0,63,63,0,0,63,63,2664,0,0,0,0,0
2020-10-22,US,Oklahoma,Harper,65,1,0,36.78836519,-99.6679804,40059.0,1762.4728850325382,1.5384615384615383,64,57,1,0,56,52,3797,8,0,0,8,5
2020-10-22,US,Oklahoma,Haskell,368,5,0,35.22257600000001,-95.11513306,40061.0,2914.3897996357014,1.358695652173913,363,363,5,0,358,358,12668,5,0,0,5,5
2020-10-22,US,Oklahoma,Hughes,378,4,0,35.04912569,-96.24921145,40063.0,2846.599894570374,1.058201058201058,374,374,4,0,370,368,13335,4,0,0,4,6
2020-10-22,US,Oklahoma,Jackson,1081,12,0,34.58781741,-99.41138784,40065.0,4406.848756624541,1.1100832562442182,1069,1069,11,0,1058,1041,24949,12,1,0,11,28
2020-10-22,US,Oklahoma,Jefferson,73,0,0,34.11130184,-97.83182974,40067.0,1216.2612462512495,0.0,73,74,0,0,74,73,6123,-1,0,0,-1,1
2020-10-22,US,Oklahoma,Johnston,279,4,0,34.31440473,-96.66011537,40069.0,2516.914749661705,1.4336917562724014,275,272,4,0,268,269,10949,7,0,0,7,3
2020-10-22,US,Oklahoma,Kay,831,16,0,36.81799745,-97.14421435,40071.0,1908.6774771464009,1.9253910950661848,815,822,16,0,806,802,44161,9,0,0,9,20
2020-10-22,US,Oklahoma,Kingfisher,522,2,0,35.94530008,-97.94193268,40073.0,3311.1322549952424,0.3831417624521073,520,508,2,0,506,495,15816,14,0,0,14,13
2020-10-22,US,Oklahoma,Kiowa,166,2,0,34.91671958,-98.97720696,40075.0,1906.2930638493344,1.2048192771084338,164,158,2,0,156,155,8729,8,0,0,8,3
2020-10-22,US,Oklahoma,Latimer,198,2,0,34.87844729,-95.25215049,40077.0,1965.6507495284425,1.0101010101010102,196,189,2,0,187,190,10231,9,0,0,9,-1
2020-10-22,US,Oklahoma,Le Flore,1611,22,0,34.89851864,-94.70392124,40079.0,3231.5006117986877,1.3656114214773432,1589,1593,22,0,1571,1583,49980,18,0,0,18,10
2020-10-22,US,Oklahoma,Lincoln,757,20,0,35.70270942,-96.8812462,40081.0,2170.4848467471397,2.6420079260237785,737,737,19,0,718,723,34920,20,1,0,19,14
2020-10-22,US,Oklahoma,Logan,806,2,0,35.91899576,-97.44352845,40083.0,1678.7819458040867,0.2481389578163772,804,791,2,0,789,770,47291,15,0,0,15,21
2020-10-22,US,Oklahoma,Love,261,1,0,33.95273467,-97.23906784,40085.0,2545.596410806593,0.3831417624521073,260,259,1,0,258,252,10134,2,0,0,2,7
2020-10-22,US,Oklahoma,Major,160,2,0,36.31149996,-98.53467076,40093.0,2097.260453532573,1.25,158,153,2,0,151,146,7644,7,0,0,7,7
2020-10-22,US,Oklahoma,Marshall,268,2,0,34.02311222,-96.76855464,40095.0,1582.8952808457861,0.746268656716418,266,264,2,0,262,258,16806,4,0,0,4,6
2020-10-22,US,Oklahoma,Mayes,937,12,0,36.30179091,-95.23175116,40097.0,2279.8053527980537,1.2806830309498398,925,908,12,0,896,901,41107,29,0,0,29,7
2020-10-22,US,Oklahoma,McClain,1246,9,0,35.01123903,-97.44572302,40087.0,3078.519543410585,0.7223113964686998,1237,1231,9,0,1222,1211,39985,15,0,0,15,20
2020-10-22,US,Oklahoma,McCurtain,1577,38,0,34.11664328,-94.77222373,40089.0,4803.240740740741,2.409638554216868,1539,1557,37,0,1520,1546,32703,20,1,0,19,11
2020-10-22,US,Oklahoma,McIntosh,487,9,0,35.37235506,-95.66599306,40091.0,2485.2010614411106,1.8480492813141685,478,480,9,0,471,463,19815,7,0,0,7,17
2020-10-22,US,Oklahoma,Murray,277,2,0,34.48116015,-97.06826283,40099.0,1968.3081077240106,0.7220216606498195,275,273,2,0,271,268,13953,4,0,0,4,5
2020-10-22,US,Oklahoma,Muskogee,2255,28,0,35.61318461,-95.37802952,40101.0,3316.3227789461303,1.2416851441241683,2227,2224,28,0,2196,2207,68362,31,0,0,31,17
2020-10-22,US,Oklahoma,Noble,172,3,0,36.38953329,-97.22928674,40103.0,1545.2340310843592,1.7441860465116281,169,171,3,0,168,170,11289,1,0,0,1,1
2020-10-22,US,Oklahoma,Nowata,239,4,0,36.79843529,-95.61902331,40105.0,2371.973005160778,1.6736401673640169,235,226,4,0,222,225,10218,13,0,0,13,1
2020-10-22,US,Oklahoma,Okfuskee,336,6,0,35.46485198,-96.32639984,40107.0,2801.634286667222,1.7857142857142858,330,323,6,0,317,310,12098,13,0,0,13,13
2020-10-22,US,Oklahoma,Oklahoma,22669,222,0,35.55140095,-97.40716948,40109.0,2842.743098488401,0.9793109532842208,22447,22422,219,0,22203,22213,792582,247,3,0,244,209
2020-10-22,US,Oklahoma,Okmulgee,1153,8,0,35.64661916,-95.96432828,40111.0,2997.5302222799946,0.6938421509106678,1145,1140,8,0,1132,1121,38335,13,0,0,13,19
2020-10-22,US,Oklahoma,Osage,1368,13,0,36.62888819,-96.39635704,40113.0,2912.931456678662,0.9502923976608189,1355,1343,13,0,1330,1333,47014,25,0,0,25,10
2020-10-22,US,Oklahoma,Ottawa,1192,9,0,36.83532655,-94.81011909,40115.0,3829.472804960324,0.7550335570469798,1183,1167,9,0,1158,1143,31175,25,0,0,25,24
2020-10-22,US,Oklahoma,Pawnee,327,5,0,36.31743373,-96.70331759999999,40117.0,1996.8246213971665,1.529051987767584,322,322,5,0,317,315,16390,5,0,0,5,7
2020-10-22,US,Oklahoma,Payne,2752,11,0,36.07695283,-96.97584944,40119.0,3364.9613616355277,0.3997093023255814,2741,2718,11,0,2707,2704,82040,34,0,0,34,14
2020-10-22,US,Oklahoma,Pittsburg,1214,20,0,34.92065823,-95.75134320000001,40121.0,2780.959362257754,1.6474464579901154,1194,1202,20,0,1182,1198,43877,12,0,0,12,4
2020-10-22,US,Oklahoma,Pontotoc,722,4,0,34.72959848,-96.68337199,40123.0,1885.905339045032,0.554016620498615,718,674,4,0,670,663,38247,48,0,0,48,11
2020-10-22,US,Oklahoma,Pottawatomie,2002,14,0,35.20614018,-96.94923008,40125.0,2757.8796561604586,0.6993006993006993,1988,1965,13,0,1952,1939,72679,37,1,0,36,26
2020-10-22,US,Oklahoma,Pushmataha,260,5,0,34.41635232,-95.37603505,40127.0,2343.186733958183,1.9230769230769231,255,260,5,0,255,257,11179,0,0,0,0,3
2020-10-22,US,Oklahoma,Roger Mills,88,4,0,35.68711719,-99.69666167,40129.0,2456.042422550935,4.545454545454546,84,87,3,0,84,86,3656,1,1,0,0,1
2020-10-22,US,Oklahoma,Rogers,2349,54,0,36.37004357,-95.60406759,40131.0,2540.5855568414113,2.2988505747126435,2295,2330,54,0,2276,2292,91984,19,0,0,19,38
2020-10-22,US,Oklahoma,Seminole,742,6,0,35.16478725,-96.61686741,40133.0,3058.784730810454,0.8086253369272237,736,723,6,0,717,715,24578,19,0,0,19,8
2020-10-22,US,Oklahoma,Sequoyah,1197,13,0,35.49447108,-94.75463785,40135.0,2879.549664413385,1.086048454469507,1184,1181,13,0,1168,1163,41179,16,0,0,16,18
2020-10-22,US,Oklahoma,Stephens,662,8,0,34.48556989,-97.85141892,40137.0,1534.4320051920358,1.2084592145015105,654,640,8,0,632,636,43265,22,0,0,22,4
2020-10-22,US,Oklahoma,Texas,1758,10,0,36.74777635,-101.4889765,40139.0,8797.477856177751,0.5688282138794084,1748,1741,10,0,1731,1729,20455,17,0,0,17,12
2020-10-22,US,Oklahoma,Tillman,139,3,0,34.37288446,-98.92426619,40141.0,1917.2413793103449,2.1582733812949644,136,137,3,0,134,135,7348,2,0,0,2,2
2020-10-22,US,Oklahoma,Tulsa,21032,195,0,36.11939621,-95.94013939,40143.0,3227.9848730415997,0.9271586154431344,20837,20805,193,0,20612,20639,648360,227,2,0,225,166
2020-10-22,US,Oklahoma,Unassigned,7,0,0,0.0,0.0,90040.0,0.0,0.0,7,8,0,0,8,15,,-1,0,0,-1,-7
2020-10-22,US,Oklahoma,Wagoner,1834,28,0,35.96024096,-95.51911308,40145.0,2256.147818277996,1.5267175572519085,1806,1804,27,0,1777,1783,80110,30,1,0,29,21
2020-10-22,US,Oklahoma,Washington,1266,41,0,36.71380786,-95.90514104,40147.0,2456.9643099734117,3.238546603475513,1225,1235,41,0,1194,1218,51843,31,0,0,31,17
2020-10-22,US,Oklahoma,Washita,171,0,0,35.29071824,-98.99180434,40149.0,1566.5078783437154,0.0,171,167,0,0,167,161,11127,4,0,0,4,6
2020-10-22,US,Oklahoma,Woods,167,0,0,36.76705782,-98.86573064,40151.0,1899.2380302513363,0.0,167,163,0,0,163,154,8897,4,0,0,4,9
2020-10-22,US,Oklahoma,Woodward,1219,5,0,36.42316318,-99.26283045,40153.0,6031.369056454406,0.4101722723543889,1214,1206,5,0,1201,1198,20222,13,0,0,13,8
2020-10-22,US,Oregon,Baker,113,2,0,44.70915557,-117.6749883,41001.0,700.8186554204912,1.7699115044247788,111,113,2,0,111,112,16006,0,0,0,0,1
2020-10-22,US,Oregon,Benton,418,6,0,44.49167306,-123.4316987,41003.0,449.206366264387,1.4354066985645932,412,418,6,0,412,419,92101,0,0,0,0,-1
2020-10-22,US,Oregon,Clackamas,2990,65,0,45.18787398,-122.2179634,41005.0,714.9911403271742,2.1739130434782608,2925,2990,65,0,2925,2970,416075,0,0,0,0,20
2020-10-22,US,Oregon,Clatsop,234,0,0,45.99712889,-123.660711,41007.0,581.7422434367543,0.0,234,234,0,0,234,235,39764,0,0,0,0,-1
2020-10-22,US,Oregon,Columbia,249,1,0,45.94464254,-123.08908980000001,41009.0,475.6083584826374,0.4016064257028112,248,249,1,0,248,247,52377,0,0,0,0,2
2020-10-22,US,Oregon,Coos,229,0,0,43.17406868,-124.0594514,41011.0,355.1103323150403,0.0,229,229,0,0,229,225,64389,0,0,0,0,4
2020-10-22,US,Oregon,Crook,87,2,0,44.14230227,-120.356297,41013.0,356.49893460088515,2.2988505747126435,85,87,2,0,85,86,23867,0,0,0,0,1
2020-10-22,US,Oregon,Curry,56,1,0,42.45911325,-124.15728200000001,41015.0,244.2748091603053,1.7857142857142858,55,56,1,0,55,56,22813,0,0,0,0,0
2020-10-22,US,Oregon,Deschutes,1074,13,0,43.91570171,-121.2289121,41017.0,543.2693280456467,1.2104283054003724,1061,1074,13,0,1061,1065,191996,0,0,0,0,9
2020-10-22,US,Oregon,Douglas,331,4,0,43.27941273,-123.16729099999999,41019.0,298.2519372859975,1.2084592145015105,327,331,4,0,327,324,110283,0,0,0,0,7
2020-10-22,US,Oregon,Gilliam,11,0,0,45.37160076,-120.20488689999999,41021.0,575.3138075313808,0.0,11,11,0,0,11,11,1894,0,0,0,0,0
2020-10-22,US,Oregon,Grant,10,0,0,44.49024544,-119.0068631,41023.0,138.90818169190166,0.0,10,10,0,0,10,10,7176,0,0,0,0,0
2020-10-22,US,Oregon,Harney,17,0,0,43.06422669,-118.96663059999999,41025.0,229.94724739618562,0.0,17,17,0,0,17,15,7329,0,0,0,0,2
2020-10-22,US,Oregon,Hood River,272,1,0,45.51872811,-121.65520359999998,41027.0,1163.287999315713,0.36764705882352944,271,272,1,0,271,269,23428,0,0,0,0,3
2020-10-22,US,Oregon,Jackson,1555,6,0,42.43201126,-122.72893090000001,41029.0,703.7982475197334,0.3858520900321543,1549,1555,6,0,1549,1519,219564,0,0,0,0,36
2020-10-22,US,Oregon,Jefferson,597,9,0,44.62806839,-121.17832,41031.0,2421.120934382351,1.5075376884422111,588,597,9,0,588,597,24192,0,0,0,0,0
2020-10-22,US,Oregon,Josephine,258,3,0,42.3665549,-123.5561938,41033.0,294.90095671356886,1.162790697674419,255,258,3,0,255,257,87393,0,0,0,0,1
2020-10-22,US,Oregon,Klamath,401,3,0,42.68762984,-121.64964609999998,41035.0,587.6491104663091,0.7481296758104738,398,401,3,0,398,401,67653,0,0,0,0,0
2020-10-22,US,Oregon,Lake,34,0,0,42.79246693,-120.38501629999999,41037.0,432.0752319227348,0.0,34,34,0,0,34,35,7879,0,0,0,0,-1
2020-10-22,US,Oregon,Lane,2212,26,0,43.93727035,-122.847753,41039.0,578.9560469760538,1.1754068716094033,2186,2212,26,0,2186,2170,379611,0,0,0,0,42
2020-10-22,US,Oregon,Lincoln,509,13,0,44.64252874,-123.86991200000001,41041.0,1018.7742684440176,2.5540275049115917,496,509,13,0,496,508,49388,0,0,0,0,1
2020-10-22,US,Oregon,Linn,764,14,0,44.48899494,-122.53731540000001,41043.0,588.8292009957687,1.8324607329842928,750,764,14,0,750,758,127335,0,0,0,0,6
2020-10-22,US,Oregon,Malheur,1866,34,0,43.1937027,-117.62273950000001,41045.0,6103.823885381571,1.8220793140407288,1832,1866,34,0,1832,1858,30725,0,0,0,0,8
2020-10-22,US,Oregon,Marion,5590,106,0,44.90287942,-122.58151170000001,41047.0,1607.1623665250218,1.8962432915921288,5484,5590,106,0,5484,5547,346868,0,0,0,0,43
2020-10-22,US,Oregon,Morrow,542,6,0,45.41846568,-119.584546,41049.0,4671.205722657934,1.1070110701107012,536,542,6,0,536,542,11372,0,0,0,0,0
2020-10-22,US,Oregon,Multnomah,8743,155,0,45.54747959,-122.4169351,41051.0,1075.5915876755387,1.7728468489076976,8588,8743,155,0,8588,8689,811880,0,0,0,0,54
2020-10-22,US,Oregon,Polk,639,15,0,44.90322804,-123.4128888,41053.0,742.2895974908521,2.347417840375587,624,639,15,0,624,637,85234,0,0,0,0,2
2020-10-22,US,Oregon,Sherman,18,0,0,45.41501554,-120.6827834,41055.0,1011.2359550561798,0.0,18,18,0,0,18,18,1708,0,0,0,0,0
2020-10-22,US,Oregon,Tillamook,70,0,0,45.46248721,-123.712066,41057.0,258.9140405385412,0.0,70,70,0,0,70,69,26787,0,0,0,0,1
2020-10-22,US,Oregon,Umatilla,3295,43,0,45.59073056,-118.7353826,41059.0,4227.0686337395755,1.3050075872534144,3252,3295,43,0,3252,3276,77516,0,0,0,0,19
2020-10-22,US,Oregon,Union,458,2,0,45.30915495,-118.0068979,41061.0,1706.7262902925283,0.4366812227074236,456,458,2,0,456,456,26461,0,0,0,0,2
2020-10-22,US,Oregon,Wallowa,40,2,0,45.57894064,-117.18353799999998,41063.0,554.9389567147614,5.0,38,40,2,0,38,40,7081,0,0,0,0,0
2020-10-22,US,Oregon,Wasco,335,15,0,45.16292781,-121.16709540000001,41065.0,1255.5280713589684,4.477611940298506,320,335,15,0,320,334,26505,0,0,0,0,1
2020-10-22,US,Oregon,Washington,5469,73,0,45.55972701,-123.0955257,41067.0,909.0878868070054,1.3347961236057782,5396,5469,73,0,5396,5429,597695,0,0,0,0,40
2020-10-22,US,Oregon,Wheeler,1,0,0,44.72698162,-120.02814270000002,41069.0,75.07507507507508,0.0,1,1,0,0,1,1,1366,0,0,0,0,0
2020-10-22,US,Oregon,Yamhill,956,15,0,45.23330449,-123.3086963,41071.0,892.6237161531279,1.5690376569037656,941,956,15,0,941,951,107002,0,0,0,0,5
2020-10-22,US,Pennsylvania,Adams,1044,27,0,39.87140411,-77.21610347,42001.0,1013.5036744362144,2.586206896551724,1017,1035,27,0,1008,1030,102811,9,0,0,9,5
2020-10-22,US,Pennsylvania,Allegheny,14529,399,0,40.46809875,-79.98167747,42003.0,1194.774864417024,2.7462316745818707,14130,14396,397,0,13999,14277,1218452,133,2,0,131,119
2020-10-22,US,Pennsylvania,Armstrong,602,20,0,40.81665618,-79.46290811,42005.0,929.9451610411678,3.3222591362126246,582,590,20,0,570,587,65263,12,0,0,12,3
2020-10-22,US,Pennsylvania,Beaver,2207,139,0,40.6825484,-80.34921611,42007.0,1346.3145630120355,6.298142274580879,2068,2164,138,0,2026,2162,164742,43,1,0,42,2
2020-10-22,US,Pennsylvania,Bedford,359,6,0,40.00522157,-78.48998442,42009.0,749.6658870698295,1.6713091922005572,353,348,6,0,342,342,48176,11,0,0,11,6
2020-10-22,US,Pennsylvania,Berks,8632,418,0,40.41570541,-75.92457766,42011.0,2049.5578919375826,4.842446709916588,8214,8533,418,0,8115,8458,420152,99,0,0,99,75
2020-10-22,US,Pennsylvania,Blair,1100,27,0,40.47961444,-78.34917412,42013.0,902.9048912820427,2.4545454545454546,1073,1077,26,0,1051,1058,122492,23,1,0,22,19
2020-10-22,US,Pennsylvania,Bradford,564,9,0,41.78869215,-76.51570822,42015.0,934.96676226315,1.5957446808510638,555,530,8,0,522,502,60833,34,1,0,33,28
2020-10-22,US,Pennsylvania,Bucks,9764,623,0,40.33682119,-75.10836643,42017.0,1554.1089022235662,6.380581728799672,9141,9709,623,0,9086,9671,628195,55,0,0,55,38
2020-10-22,US,Pennsylvania,Butler,1504,27,0,40.91152759,-79.91351055,42019.0,800.6260214103581,1.7952127659574468,1477,1463,27,0,1436,1438,187888,41,0,0,41,25
2020-10-22,US,Pennsylvania,Cambria,936,7,0,40.49527404,-78.71377428,42021.0,718.9381836057515,0.7478632478632479,929,918,7,0,911,913,131730,18,0,0,18,5
2020-10-22,US,Pennsylvania,Cameron,8,0,0,41.43625568,-78.20376845,42023.0,179.89655947830002,0.0,8,8,0,0,8,8,4492,0,0,0,0,0
2020-10-22,US,Pennsylvania,Carbon,558,29,0,40.91545395,-75.7068525,42025.0,869.402636253155,5.197132616487456,529,550,29,0,521,548,64227,8,0,0,8,2
2020-10-22,US,Pennsylvania,Centre,3849,15,0,40.92058903,-77.82200624,42027.0,2370.292822612926,0.3897116134060795,3834,3778,15,0,3763,3744,162805,71,0,0,71,34
2020-10-22,US,Pennsylvania,Chester,7775,376,0,39.97291773,-75.74768357,42029.0,1480.9834110809936,4.836012861736334,7399,7730,376,0,7354,7701,522046,45,0,0,45,29
2020-10-22,US,Pennsylvania,Clarion,197,3,0,41.19265812,-79.42413524,42031.0,512.5136583589157,1.5228426395939083,194,188,3,0,185,186,38779,9,0,0,9,2
2020-10-22,US,Pennsylvania,Clearfield,423,7,0,41.00110782,-78.47592663,42033.0,533.7202700145101,1.6548463356973997,416,407,7,0,400,400,79388,16,0,0,16,7
2020-10-22,US,Pennsylvania,Clinton,247,6,0,41.23255967,-77.63785995,42035.0,639.3663284323876,2.42914979757085,241,245,6,0,239,242,38684,2,0,0,2,3
2020-10-22,US,Pennsylvania,Columbia,1037,41,0,41.04821986,-76.40565017,42037.0,1596.268702666092,3.9537126325940215,996,1029,40,0,989,1027,65456,8,1,0,7,2
2020-10-22,US,Pennsylvania,Crawford,431,3,0,41.68447709,-80.10760592,42039.0,509.28168831015375,0.6960556844547564,428,417,3,0,414,399,85063,14,0,0,14,18
2020-10-22,US,Pennsylvania,Cumberland,2385,78,0,40.1625372,-77.26130755,42041.0,941.3111260212338,3.2704402515723263,2307,2361,78,0,2283,2349,251423,24,0,0,24,12
2020-10-22,US,Pennsylvania,Dauphin,4522,192,0,40.41377078,-76.77993242,42043.0,1624.8710918831905,4.245908889871739,4330,4486,190,0,4296,4448,277097,36,2,0,34,38
2020-10-22,US,Pennsylvania,Delaware,12865,767,0,39.91680171,-75.40243663,42045.0,2269.972315689364,5.961912164788184,12098,12756,767,0,11989,12716,564751,109,0,0,109,40
2020-10-22,US,Pennsylvania,Elk,134,2,0,41.42822061,-78.64524744,42047.0,448.0106987629555,1.492537313432836,132,127,2,0,125,116,30169,7,0,0,7,11
2020-10-22,US,Pennsylvania,Erie,1926,40,0,41.99253829,-80.03301954,42049.0,714.0526752876973,2.0768431983385254,1886,1912,40,0,1872,1899,272061,14,0,0,14,13
2020-10-22,US,Pennsylvania,Fayette,957,13,0,39.92041012,-79.64291195,42051.0,740.2880703002924,1.3584117032392895,944,945,12,0,933,936,130441,12,1,0,11,9
2020-10-22,US,Pennsylvania,Forest,18,1,0,41.51095103,-79.23229292,42053.0,248.3786394370084,5.5555555555555545,17,18,1,0,17,18,7279,0,0,0,0,0
2020-10-22,US,Pennsylvania,Franklin,2047,54,0,39.92956518,-77.72157791,42055.0,1320.4151534893922,2.6380068392769904,1993,2031,54,0,1977,2020,154835,16,0,0,16,11
2020-10-22,US,Pennsylvania,Fulton,65,3,0,39.92913544,-78.11163677,42057.0,447.3503097040606,4.615384615384615,62,64,3,0,61,64,14523,1,0,0,1,0
2020-10-22,US,Pennsylvania,Greene,219,1,0,39.85746531,-80.22357106,42059.0,604.4213838213783,0.45662100456620996,218,217,1,0,216,216,36506,2,0,0,2,1
2020-10-22,US,Pennsylvania,Huntingdon,808,11,0,40.42162652,-77.97673273,42061.0,1789.8281056175792,1.3613861386138617,797,768,11,0,757,725,45168,40,0,0,40,43
2020-10-22,US,Pennsylvania,Indiana,994,16,0,40.65241041,-79.08963285,42063.0,1182.3058532465836,1.6096579476861168,978,973,15,0,958,966,84501,21,1,0,20,7
2020-10-22,US,Pennsylvania,Jefferson,152,4,0,41.12913106,-78.9986361,42065.0,350.02878526194587,2.631578947368421,148,148,3,0,145,148,43641,4,1,0,3,0
2020-10-22,US,Pennsylvania,Juniata,221,8,0,40.53358749,-77.39975129999998,42067.0,892.4605257844362,3.619909502262444,213,215,8,0,207,213,24704,6,0,0,6,2
2020-10-22,US,Pennsylvania,Lackawanna,3454,218,0,41.43564672,-75.60379201,42069.0,1647.3191716664915,6.311522872032425,3236,3400,218,0,3182,3356,210793,54,0,0,54,44
2020-10-22,US,Pennsylvania,Lancaster,9121,472,0,40.03904563,-76.24770128,42071.0,1671.3576826381104,5.174871176406096,8649,9068,470,0,8598,9023,543557,53,2,0,51,45
2020-10-22,US,Pennsylvania,Lawrence,777,29,0,40.99206278,-80.33393706,42073.0,908.6444007858546,3.732303732303732,748,753,27,0,726,741,86184,24,2,0,22,12
2020-10-22,US,Pennsylvania,Lebanon,2725,66,0,40.36680311,-76.45651841,42075.0,1921.8156044374546,2.4220183486238533,2659,2671,66,0,2605,2645,141314,54,0,0,54,26
2020-10-22,US,Pennsylvania,Lehigh,6262,363,0,40.6154815,-75.59435245,42077.0,1695.5577578130499,5.796870009581603,5899,6201,363,0,5838,6166,368100,61,0,0,61,35
2020-10-22,US,Pennsylvania,Luzerne,4936,191,0,41.17823008,-75.98447579,42079.0,1555.0521868708984,3.8695299837925448,4745,4824,191,0,4633,4781,317646,112,0,0,112,43
2020-10-22,US,Pennsylvania,Lycoming,910,31,0,41.34310539,-77.06629984,42081.0,803.1844941261618,3.4065934065934065,879,902,31,0,871,891,113664,8,0,0,8,11
2020-10-22,US,Pennsylvania,McKean,105,2,0,41.80938602,-78.56478358,42083.0,258.46153846153845,1.9047619047619049,103,102,2,0,100,101,40968,3,0,0,3,1
2020-10-22,US,Pennsylvania,Mercer,948,25,0,41.30248872,-80.25816981,42085.0,866.3547302237172,2.637130801687764,923,929,25,0,904,916,110683,19,0,0,19,13
2020-10-22,US,Pennsylvania,Mifflin,343,3,0,40.61116939,-77.61070738,42087.0,743.4219081884779,0.8746355685131195,340,331,3,0,328,324,46222,12,0,0,12,7
2020-10-22,US,Pennsylvania,Monroe,1961,134,0,41.05934058,-75.34031025,42089.0,1151.693476869226,6.833248342682304,1827,1944,134,0,1810,1940,169507,17,0,0,17,4
2020-10-22,US,Pennsylvania,Montgomery,13346,893,0,40.21053671,-75.36652296,42091.0,1606.1811376614935,6.691143413756932,12453,13270,892,0,12378,13228,828604,76,1,0,75,42
2020-10-22,US,Pennsylvania,Montour,281,9,0,41.03023987,-76.66345939,42093.0,1541.4152495885903,3.2028469750889683,272,280,7,0,273,277,18240,1,2,0,-1,3
2020-10-22,US,Pennsylvania,Northampton,5155,310,0,40.75182733,-75.30471829,42095.0,1688.5860753066806,6.0135790494665375,4845,5108,309,0,4799,5088,304807,47,1,0,46,20
2020-10-22,US,Pennsylvania,Northumberland,1387,106,0,40.84785433,-76.70798222,42097.0,1526.8099908633576,7.642393655371305,1281,1359,104,0,1255,1351,91083,28,2,0,26,8
2020-10-22,US,Pennsylvania,Perry,339,6,0,40.40206612,-77.26297447,42099.0,732.6244813278007,1.7699115044247788,333,336,6,0,330,329,46139,3,0,0,3,7
2020-10-22,US,Pennsylvania,Philadelphia,41561,1852,0,40.00338507,-75.1379271,42101.0,2623.6944971920325,4.456100671302423,39709,41323,1851,0,39472,41094,1584138,238,1,0,237,229
2020-10-22,US,Pennsylvania,Pike,614,23,0,41.33155042,-75.03208106,42103.0,1100.1809743948108,3.745928338762215,591,613,23,0,590,613,55933,1,0,0,1,0
2020-10-22,US,Pennsylvania,Potter,43,1,0,41.74471626,-77.89559864,42105.0,260.1960547016822,2.3255813953488373,42,43,1,0,42,42,16622,0,0,0,0,1
2020-10-22,US,Pennsylvania,Schuylkill,1732,78,0,40.70497338,-76.2150785,42107.0,1225.2491882370418,4.503464203233256,1654,1682,76,0,1606,1656,142067,50,2,0,48,26
2020-10-22,US,Pennsylvania,Snyder,459,16,0,40.77129231,-77.06840691,42109.0,1136.9265827801446,3.4858387799564268,443,456,15,0,441,452,40540,3,1,0,2,4
2020-10-22,US,Pennsylvania,Somerset,344,3,0,39.97172723,-79.02699593,42111.0,468.3649434285948,0.8720930232558141,341,334,3,0,331,331,73952,10,0,0,10,3
2020-10-22,US,Pennsylvania,Sullivan,17,1,0,41.44634738,-76.51246591,42113.0,280.25057698648203,5.882352941176472,16,16,1,0,15,16,6071,1,0,0,1,0
2020-10-22,US,Pennsylvania,Susquehanna,382,28,0,41.82147784,-75.80071959,42115.0,947.2326919262053,7.329842931937172,354,381,28,0,353,377,40589,1,0,0,1,4
2020-10-22,US,Pennsylvania,Tioga,163,3,0,41.77255149,-77.25433032,42117.0,401.5668497942894,1.8404907975460123,160,159,3,0,156,155,40763,4,0,0,4,4
2020-10-22,US,Pennsylvania,Union,659,8,0,40.96188846,-77.05996014,42119.0,1466.9545667030252,1.2139605462822458,651,647,8,0,639,646,44785,12,0,0,12,1
2020-10-22,US,Pennsylvania,Venango,192,1,0,41.40323442,-79.75845449,42121.0,378.9373963843057,0.5208333333333334,191,187,1,0,186,179,51266,5,0,0,5,8
2020-10-22,US,Pennsylvania,Warren,62,1,0,41.81304978,-79.26969577,42123.0,158.19958663978974,1.6129032258064515,61,60,1,0,59,59,39498,2,0,0,2,1
2020-10-22,US,Pennsylvania,Washington,1754,34,0,40.19208869,-80.24582867,42125.0,847.895970802214,1.9384264538198404,1720,1718,34,0,1684,1699,207346,36,0,0,36,19
2020-10-22,US,Pennsylvania,Wayne,282,12,0,41.64938475,-75.29956506,42127.0,549.0547302427913,4.25531914893617,270,281,12,0,269,281,51276,1,0,0,1,0
2020-10-22,US,Pennsylvania,Westmoreland,3836,78,0,40.31377979999999,-79.46615476,42129.0,1099.4585825697407,2.0333680917622523,3758,3703,76,0,3627,3614,350611,133,2,0,131,89
2020-10-22,US,Pennsylvania,Wyoming,107,8,0,41.51955538,-76.01074915,42131.0,399.3431365231022,7.4766355140186915,99,103,8,0,95,101,27046,4,0,0,4,2
2020-10-22,US,Pennsylvania,York,6065,197,0,39.9210089,-76.73040131,42133.0,1350.6050443372571,3.2481450948062656,5868,6013,196,0,5817,5971,448273,52,1,0,51,42
2020-10-22,US,Puerto Rico,Adjuntas,174,0,0,18.180117000000006,-66.754367,72001.0,893.0862803469691,0.0,174,170,0,0,170,170,,4,0,0,4,0
2020-10-22,US,Puerto Rico,Aguada,404,0,0,18.360255,-67.17513100000001,72003.0,962.8446817131007,0.0,404,400,0,0,400,400,,4,0,0,4,0
2020-10-22,US,Puerto Rico,Aguadilla,532,0,0,18.459681,-67.12081500000001,72005.0,872.8609165039624,0.0,532,528,0,0,528,527,,4,0,0,4,1
2020-10-22,US,Puerto Rico,Aguas Buenas,350,0,0,18.251619,-66.126806,72007.0,1221.2568477616107,0.0,350,349,0,0,349,345,,1,0,0,1,4
2020-10-22,US,Puerto Rico,Aibonito,195,0,0,18.131361,-66.264131,72009.0,752.8957528957527,0.0,195,194,0,0,194,194,,1,0,0,1,0
2020-10-22,US,Puerto Rico,Anasco,244,0,0,18.287985,-67.120611,72011.0,833.8744403813951,0.0,244,243,0,0,243,243,,1,0,0,1,0
2020-10-22,US,Puerto Rico,Arecibo,1004,0,0,18.406631,-66.675077,72013.0,1041.0618000829531,0.0,1004,998,0,0,998,997,,6,0,0,6,1
2020-10-22,US,Puerto Rico,Arroyo,193,0,0,17.998457000000005,-66.056546,72015.0,985.9514687100894,0.0,193,193,0,0,193,193,,0,0,0,0,0
2020-10-22,US,Puerto Rico,Barceloneta,301,0,0,18.445532999999998,-66.56053100000001,72017.0,1212.9271437782074,0.0,301,301,0,0,301,301,,0,0,0,0,0
2020-10-22,US,Puerto Rico,Barranquitas,546,0,0,18.201592,-66.30963,72019.0,1800.9103502869586,0.0,546,548,0,0,548,548,,-2,0,0,-2,0
2020-10-22,US,Puerto Rico,Bayamon,4549,0,0,18.34946,-66.168435,72021.0,2185.8002267965944,0.0,4549,4538,0,0,4538,4530,,11,0,0,11,8
2020-10-22,US,Puerto Rico,Cabo Rojo,486,0,0,18.040993,-67.154391,72023.0,954.4945695936524,0.0,486,485,0,0,485,485,,1,0,0,1,0
2020-10-22,US,Puerto Rico,Caguas,2013,0,0,18.211615,-66.050779,72025.0,1408.746404652432,0.0,2013,2008,0,0,2008,2001,,5,0,0,5,7
2020-10-22,US,Puerto Rico,Camuy,346,0,0,18.418578,-66.860206,72027.0,984.1007992263716,0.0,346,344,0,0,344,344,,2,0,0,2,0
2020-10-22,US,Puerto Rico,Canovanas,856,0,0,18.328802,-65.887612,72029.0,1796.507723304231,0.0,856,850,0,0,850,845,,6,0,0,6,5
2020-10-22,US,Puerto Rico,Carolina,3693,0,0,18.374986,-65.95683100000001,72031.0,2089.2499519127414,0.0,3693,3692,0,0,3692,3640,,1,0,0,1,52
2020-10-22,US,Puerto Rico,Catano,566,0,0,18.437269,-66.14330600000001,72033.0,2011.3717128642504,0.0,566,565,0,0,565,561,,1,0,0,1,4
2020-10-22,US,Puerto Rico,Cayey,461,0,0,18.102851,-66.14914,72035.0,958.0415220598932,0.0,461,452,0,0,452,452,,9,0,0,9,0
2020-10-22,US,Puerto Rico,Ceiba,180,0,0,18.251818,-65.666416,72037.0,1320.5194042990242,0.0,180,176,0,0,176,175,,4,0,0,4,1
2020-10-22,US,Puerto Rico,Ciales,320,0,0,18.28885,-66.516475,72039.0,1703.7589181130868,0.0,320,320,0,0,320,320,,0,0,0,0,0
2020-10-22,US,Puerto Rico,Cidra,393,0,0,18.173559,-66.161179,72041.0,903.8638454461824,0.0,393,389,0,0,389,388,,4,0,0,4,1
2020-10-22,US,Puerto Rico,Coamo,363,0,0,18.097597,-66.36014,72043.0,896.0308056872037,0.0,363,360,0,0,360,360,,3,0,0,3,0
2020-10-22,US,Puerto Rico,Comerio,273,0,0,18.224687,-66.221622,72045.0,1313.8896910193473,0.0,273,273,0,0,273,273,,0,0,0,0,0
2020-10-22,US,Puerto Rico,Corozal,815,0,0,18.304264,-66.327738,72047.0,2194.2814064939957,0.0,815,810,0,0,810,809,,5,0,0,5,1
2020-10-22,US,Puerto Rico,Culebra,22,0,0,18.31586,-65.28813000000001,72049.0,1210.1210121012102,0.0,22,22,0,0,22,22,,0,0,0,0,0
2020-10-22,US,Puerto Rico,Dorado,997,0,0,18.436115,-66.278669,72051.0,2612.341150268571,0.0,997,989,0,0,989,983,,8,0,0,8,6
2020-10-22,US,Puerto Rico,Fajardo,689,0,0,18.318373,-65.666866,72053.0,1862.5145297759038,0.0,689,682,0,0,682,682,,7,0,0,7,0
2020-10-22,US,Puerto Rico,Florida,370,0,0,18.373715,-66.560488,72054.0,2917.981072555205,0.0,370,370,0,0,370,370,,0,0,0,0,0
2020-10-22,US,Puerto Rico,Guanica,143,0,0,17.982429,-66.91964300000001,72055.0,736.0889483708241,0.0,143,141,0,0,141,141,,2,0,0,2,0
2020-10-22,US,Puerto Rico,Guayama,360,0,0,18.007516,-66.13390799999999,72057.0,793.6158017724086,0.0,360,359,0,0,359,359,,1,0,0,1,0
2020-10-22,US,Puerto Rico,Guayanilla,233,0,0,18.039942,-66.79186,72059.0,1079.6533988230387,0.0,233,233,0,0,233,233,,0,0,0,0,0
2020-10-22,US,Puerto Rico,Guaynabo,2105,0,0,18.345114000000002,-66.11452299999999,72061.0,2149.626240758139,0.0,2105,2101,0,0,2101,2096,,4,0,0,4,5
2020-10-22,US,Puerto Rico,Gurabo,689,0,0,18.266461,-65.97970500000001,72063.0,1518.658114571624,0.0,689,687,0,0,687,685,,2,0,0,2,2
2020-10-22,US,Puerto Rico,Hatillo,393,0,0,18.410928,-66.79632600000001,72065.0,936.7625676352108,0.0,393,394,0,0,394,394,,-1,0,0,-1,0
2020-10-22,US,Puerto Rico,Hormigueros,201,0,0,18.134532,-67.113972,72067.0,1165.2173913043478,0.0,201,201,0,0,201,201,,0,0,0,0,0
2020-10-22,US,Puerto Rico,Humacao,722,0,0,18.145211,-65.810174,72069.0,1234.9057571922142,0.0,722,720,0,0,720,720,,2,0,0,2,0
2020-10-22,US,Puerto Rico,Isabela,346,0,0,18.44981,-67.005093,72071.0,758.256448467051,0.0,346,346,0,0,346,345,,0,0,0,0,1
2020-10-22,US,Puerto Rico,Jayuya,276,0,0,18.211446,-66.58878,72073.0,1658.4545126787646,0.0,276,277,0,0,277,277,,-1,0,0,-1,0
2020-10-22,US,Puerto Rico,Juana Diaz,421,0,0,18.050764,-66.49458100000001,72075.0,526.9284203411894,0.0,421,421,0,0,421,421,,0,0,0,0,0
2020-10-22,US,Puerto Rico,Juncos,540,0,0,18.223793,-65.909109,72077.0,1340.2829486224866,0.0,540,535,0,0,535,533,,5,0,0,5,2
2020-10-22,US,Puerto Rico,Lajas,200,0,0,18.011661,-67.040585,72079.0,776.6085504601407,0.0,200,198,0,0,198,198,,2,0,0,2,0
2020-10-22,US,Puerto Rico,Lares,404,0,0,18.269035000000002,-66.867236,72081.0,1313.6929730432805,0.0,404,404,0,0,404,404,,0,0,0,0,0
2020-10-22,US,Puerto Rico,Las Marias,118,0,0,18.23679,-66.98362,72083.0,1194.2111122356034,0.0,118,118,0,0,118,118,,0,0,0,0,0
2020-10-22,US,Puerto Rico,Las Piedras,620,0,0,18.187527,-65.86946800000001,72085.0,1603.1027795733676,0.0,620,612,0,0,612,612,,8,0,0,8,0
2020-10-22,US,Puerto Rico,Loiza,347,0,0,18.425688,-65.89943000000001,72087.0,1154.3579507651366,0.0,347,346,0,0,346,346,,1,0,0,1,0
2020-10-22,US,Puerto Rico,Luquillo,310,0,0,18.342114000000002,-65.72509699999999,72089.0,1544.74785728523,0.0,310,309,0,0,309,309,,1,0,0,1,0
2020-10-22,US,Puerto Rico,Manati,695,0,0,18.420473,-66.490461,72091.0,1575.4992859247839,0.0,695,696,0,0,696,696,,-1,0,0,-1,0
2020-10-22,US,Puerto Rico,Maricao,91,0,0,18.171795,-66.942126,72093.0,1449.9681325685144,0.0,91,92,0,0,92,92,,-1,0,0,-1,0
2020-10-22,US,Puerto Rico,Maunabo,166,0,0,18.017889,-65.922235,72095.0,1357.8732106339467,0.0,166,168,0,0,168,168,,-2,0,0,-2,0
2020-10-22,US,Puerto Rico,Mayaguez,970,0,0,18.2013,-67.1452,72097.0,1088.9088459811405,0.0,970,963,0,0,963,962,,7,0,0,7,1
2020-10-22,US,Puerto Rico,Moca,416,0,0,18.377805,-67.080952,72099.0,1037.1737016629684,0.0,416,416,0,0,416,416,,0,0,0,0,0
2020-10-22,US,Puerto Rico,Morovis,587,0,0,18.316963,-66.420383,72101.0,1800.0613308800982,0.0,587,587,0,0,587,587,,0,0,0,0,0
2020-10-22,US,Puerto Rico,Naguabo,350,0,0,18.230636999999998,-65.753897,72103.0,1309.8802395209582,0.0,350,352,0,0,352,352,,-2,0,0,-2,0
2020-10-22,US,Puerto Rico,Naranjito,777,0,0,18.288019,-66.252703,72105.0,2555.7529109926973,0.0,777,776,0,0,776,776,,1,0,0,1,0
2020-10-22,US,Puerto Rico,Orocovis,402,0,0,18.215046,-66.433604,72107.0,1716.261793963199,0.0,402,402,0,0,402,402,,0,0,0,0,0
2020-10-22,US,Puerto Rico,Out of PR,804,0,0,0.0,0.0,72888.0,0.0,0.0,804,804,0,0,804,804,,0,0,0,0,0
2020-10-22,US,Puerto Rico,Patillas,193,0,0,18.03174,-66.012242,72109.0,1001.1931317113658,0.0,193,192,0,0,192,192,,1,0,0,1,0
2020-10-22,US,Puerto Rico,Penuelas,147,0,0,18.059645,-66.721572,72111.0,605.3867062021251,0.0,147,146,0,0,146,146,,1,0,0,1,0
2020-10-22,US,Puerto Rico,Ponce,1171,0,0,18.059498,-66.613748,72113.0,704.0348229692113,0.0,1171,1161,0,0,1161,1159,,10,0,0,10,2
2020-10-22,US,Puerto Rico,Quebradillas,242,0,0,18.439692,-66.926113,72115.0,933.6779968362976,0.0,242,242,0,0,242,242,,0,0,0,0,0
2020-10-22,US,Puerto Rico,Rincon,232,0,0,18.335442999999998,-67.23174,72117.0,1526.3157894736844,0.0,232,231,0,0,231,231,,1,0,0,1,0
2020-10-22,US,Puerto Rico,Rio Grande,780,0,0,18.346329,-65.813742,72119.0,1436.3582793164408,0.0,780,771,0,0,771,759,,9,0,0,9,12
2020-10-22,US,Puerto Rico,Sabana Grande,230,0,0,18.08282,-66.943758,72121.0,910.3502869582428,0.0,230,228,0,0,228,228,,2,0,0,2,0
2020-10-22,US,Puerto Rico,Salinas,519,0,0,18.010386999999994,-66.256592,72123.0,1669.9916339532788,0.0,519,516,0,0,516,516,,3,0,0,3,0
2020-10-22,US,Puerto Rico,San German,297,0,0,18.111484,-67.03858100000001,72125.0,835.9838995693416,0.0,297,295,0,0,295,295,,2,0,0,2,0
2020-10-22,US,Puerto Rico,San Juan,9517,0,0,18.386933,-66.061128,72127.0,2407.380238081988,0.0,9517,9481,0,0,9481,9441,,36,0,0,36,40
2020-10-22,US,Puerto Rico,San Lorenzo,667,0,0,18.147987,-65.976392,72129.0,1624.5311510546055,0.0,667,668,0,0,668,666,,-1,0,0,-1,2
2020-10-22,US,Puerto Rico,San Sebastian,620,0,0,18.328646,-66.971214,72131.0,1461.2302616073532,0.0,620,621,0,0,621,621,,-1,0,0,-1,0
2020-10-22,US,Puerto Rico,Santa Isabel,216,0,0,17.994525,-66.388913,72133.0,928.0742459396753,0.0,216,215,0,0,215,215,,1,0,0,1,0
2020-10-22,US,Puerto Rico,Toa Alta,1595,0,0,18.362406,-66.246616,72135.0,2153.484729835552,0.0,1595,1585,0,0,1585,1578,,10,0,0,10,7
2020-10-22,US,Puerto Rico,Toa Baja,1799,0,0,18.431445999999998,-66.213553,72137.0,2007.6108426608926,0.0,1799,1799,0,0,1799,1799,,0,0,0,0,0
2020-10-22,US,Puerto Rico,Trujillo Alto,1373,0,0,18.336159,-65.99888399999999,72139.0,1834.531412843056,0.0,1373,1368,0,0,1368,1362,,5,0,0,5,6
2020-10-22,US,Puerto Rico,Unassigned,917,783,0,0.0,0.0,72999.0,0.0,85.38713195201746,134,917,774,0,143,911,,0,9,0,-9,6
2020-10-22,US,Puerto Rico,Utuado,198,0,0,18.271214,-66.702984,72141.0,597.3030860659446,0.0,198,196,0,0,196,196,,2,0,0,2,0
2020-10-22,US,Puerto Rico,Vega Alta,917,0,0,18.409346,-66.33725,72143.0,2295.3117569022047,0.0,917,913,0,0,913,909,,4,0,0,4,4
2020-10-22,US,Puerto Rico,Vega Baja,1136,0,0,18.428262,-66.397924,72145.0,1904.059535382656,0.0,1136,1131,0,0,1131,1128,,5,0,0,5,3
2020-10-22,US,Puerto Rico,Vieques,102,0,0,18.123276,-65.44097099999999,72147.0,1096.6562735189764,0.0,102,102,0,0,102,102,,0,0,0,0,0
2020-10-22,US,Puerto Rico,Villalba,191,0,0,18.127951,-66.473115,72149.0,732.5585855099146,0.0,191,191,0,0,191,191,,0,0,0,0,0
2020-10-22,US,Puerto Rico,Yabucoa,449,0,0,18.070399,-65.896289,72151.0,1183.4163569753039,0.0,449,449,0,0,449,449,,0,0,0,0,0
2020-10-22,US,Puerto Rico,Yauco,508,0,0,18.080374,-66.858814,72153.0,1208.286754037533,0.0,508,505,0,0,505,502,,3,0,0,3,3
2020-10-22,US,Rhode Island,Bristol,498,18,0,41.71018079,-71.28652315,44001.0,1027.2489118999981,3.614457831325301,480,498,18,0,480,461,48649,0,0,0,0,37
2020-10-22,US,Rhode Island,Kent,2287,117,0,41.67106337,-71.57641596,44003.0,1392.033696102062,5.115872321818976,2170,2287,117,0,2170,2145,163861,0,0,0,0,142
2020-10-22,US,Rhode Island,Newport,631,10,0,41.5642026,-71.26569799,44005.0,768.7434516702809,1.584786053882726,621,631,10,0,621,582,82542,0,0,0,0,49
2020-10-22,US,Rhode Island,Providence,21543,930,0,41.87064746,-71.57753536,44007.0,3371.72558539185,4.3169475003481415,20613,21543,930,0,20613,20439,636084,0,0,0,0,1104
2020-10-22,US,Rhode Island,Unassigned,3400,21,0,0.0,0.0,90044.0,0.0,0.6176470588235294,3379,2929,17,0,2912,3903,,471,4,0,467,-974
2020-10-22,US,Rhode Island,Washington,1235,77,0,41.45961631,-71.61435303,44009.0,983.4603470380723,6.234817813765183,1158,1235,77,0,1158,1119,126179,0,0,0,0,116
2020-10-22,US,South Carolina,Abbeville,723,15,0,34.22333378,-82.46170658,45001.0,2947.7718432747583,2.074688796680498,708,718,15,0,703,716,24541,5,0,0,5,2
2020-10-22,US,South Carolina,Aiken,4864,86,0,33.54338026,-81.63645384,45003.0,2846.5752141954213,1.7680921052631582,4778,4830,86,0,4744,4816,169401,34,0,0,34,14
2020-10-22,US,South Carolina,Allendale,427,6,0,32.98837386,-81.35321066,45005.0,4914.825046040516,1.4051522248243558,421,428,6,0,422,428,8903,-1,0,0,-1,0
2020-10-22,US,South Carolina,Anderson,5382,200,0,34.51828081,-82.63959517,45007.0,2657.016755694665,3.716090672612412,5182,5329,195,0,5134,5275,200482,53,5,0,48,54
2020-10-22,US,South Carolina,Bamberg,682,35,0,33.21927586,-81.05659969,45009.0,4848.571022323333,5.131964809384164,647,678,35,0,643,673,14275,4,0,0,4,5
2020-10-22,US,South Carolina,Barnwell,858,25,0,33.26679302,-81.43584352,45011.0,4111.952458545002,2.9137529137529135,833,861,24,0,837,856,21112,-3,1,0,-4,5
2020-10-22,US,South Carolina,Beaufort,6042,90,0,32.39226291,-80.72619758,45013.0,3144.876692934697,1.4895729890764648,5952,6015,90,0,5925,6002,188715,27,0,0,27,13
2020-10-22,US,South Carolina,Berkeley,5946,93,0,33.20222596,-79.94654523,45015.0,2608.958917453172,1.5640766902119072,5853,5906,93,0,5813,5864,221091,40,0,0,40,42
2020-10-22,US,South Carolina,Calhoun,504,17,0,33.66926881,-80.77722168,45017.0,3463.203463203464,3.373015873015873,487,504,17,0,487,502,14520,0,0,0,0,2
2020-10-22,US,South Carolina,Charleston,16859,273,0,32.82487866,-79.96512315,45019.0,4097.898426372002,1.6193131265199596,16586,16770,271,0,16499,16707,405905,89,2,0,87,63
2020-10-22,US,South Carolina,Cherokee,1418,52,0,35.05122251,-81.61828622,45021.0,2474.694589877836,3.667136812411848,1366,1398,51,0,1347,1393,57078,20,1,0,19,5
2020-10-22,US,South Carolina,Chester,1190,27,0,34.69249168,-81.1583216,45023.0,3690.6091055700294,2.26890756302521,1163,1184,24,0,1160,1172,32251,6,3,0,3,12
2020-10-22,US,South Carolina,Chesterfield,1450,42,0,34.64137396,-80.15640140000002,45025.0,3176.341730558598,2.896551724137931,1408,1442,42,0,1400,1435,45754,8,0,0,8,7
2020-10-22,US,South Carolina,Clarendon,1153,68,0,33.66610974,-80.21647898,45027.0,3416.8024892576677,5.897658282740678,1085,1148,68,0,1080,1145,33700,5,0,0,5,3
2020-10-22,US,South Carolina,Colleton,1215,47,0,32.87582989,-80.67641292,45029.0,3224.7790429174293,3.8683127572016462,1168,1212,44,0,1168,1208,37660,3,3,0,0,4
2020-10-22,US,South Carolina,Darlington,2402,65,0,34.33358335,-79.96027485,45031.0,3605.6321114413518,2.7060782681099083,2337,2391,64,0,2327,2385,66802,11,1,0,10,6
2020-10-22,US,South Carolina,Dillon,1273,48,0,34.39007791,-79.37741872,45033.0,4176.646215427016,3.7706205813040063,1225,1275,48,0,1227,1269,30599,-2,0,0,-2,6
2020-10-22,US,South Carolina,Dorchester,4685,98,0,33.0794369,-80.40502652,45035.0,2877.605046404069,2.091782283884738,4587,4655,96,0,4559,4625,160647,30,2,0,28,30
2020-10-22,US,South Carolina,Edgefield,894,21,0,33.77221995,-81.96231108,45037.0,3279.5304475421863,2.348993288590604,873,886,21,0,865,883,27052,8,0,0,8,3
2020-10-22,US,South Carolina,Fairfield,848,38,0,34.39287073,-81.1195624,45039.0,3794.692799928402,4.481132075471698,810,846,38,0,808,844,22402,2,0,0,2,2
2020-10-22,US,South Carolina,Florence,5461,199,0,34.02361754,-79.70189312,45041.0,3948.8621983759117,3.6440212415308553,5262,5427,199,0,5228,5410,138159,34,0,0,34,17
2020-10-22,US,South Carolina,Georgetown,2257,50,0,33.43443342,-79.33202141,45043.0,3600.829610721123,2.2153300841825434,2207,2238,49,0,2189,2210,62249,19,1,0,18,28
2020-10-22,US,South Carolina,Greenville,16799,334,0,34.89502264,-82.37295012,45045.0,3208.720599302444,1.9882135841419133,16465,16659,334,0,16325,16560,514213,140,0,0,140,99
2020-10-22,US,South Carolina,Greenwood,2479,74,0,34.15272415,-82.12715789,45047.0,3500.8685091299376,2.985074626865672,2405,2470,74,0,2396,2468,70741,9,0,0,9,2
2020-10-22,US,South Carolina,Hampton,749,31,0,32.77419582,-81.13845571,45049.0,3896.5768390386015,4.138851802403204,718,748,31,0,717,742,19351,1,0,0,1,6
2020-10-22,US,South Carolina,Horry,12136,223,0,33.9212828,-78.99555293,45051.0,3427.4643372561645,1.8375082399472644,11913,12047,218,0,11829,11983,344147,89,5,0,84,64
2020-10-22,US,South Carolina,Jasper,895,23,0,32.43171982,-81.02487495,45053.0,2976.0915106574,2.569832402234637,872,885,23,0,862,883,28971,10,0,0,10,2
2020-10-22,US,South Carolina,Kershaw,2385,43,0,34.33988254,-80.58763164,45055.0,3583.717750296765,1.80293501048218,2342,2376,43,0,2333,2362,65592,9,0,0,9,14
2020-10-22,US,South Carolina,Lancaster,2472,61,0,34.68270843,-80.70513032,45057.0,2522.1401461045584,2.4676375404530746,2411,2461,57,0,2404,2450,95380,11,4,0,7,11
2020-10-22,US,South Carolina,Laurens,1854,60,0,34.48244419,-82.00490796,45059.0,2746.9515357148152,3.236245954692557,1794,1844,59,0,1785,1854,66994,10,1,0,9,-10
2020-10-22,US,South Carolina,Lee,768,36,0,34.16393091,-80.25690731,45061.0,4563.822201093416,4.6875,732,765,35,0,730,764,17142,3,1,0,2,1
2020-10-22,US,South Carolina,Lexington,8610,198,0,33.89665987,-81.27146426,45063.0,2882.0083682008367,2.299651567944251,8412,8571,196,0,8375,8514,295032,39,2,0,37,57
2020-10-22,US,South Carolina,Marion,1088,39,0,34.07859748,-79.36400756,45067.0,3548.9447760707176,3.584558823529412,1049,1079,39,0,1040,1074,31039,9,0,0,9,5
2020-10-22,US,South Carolina,Marlboro,1093,12,0,34.59905577,-79.67561152,45069.0,4184.853357837506,1.0978956999085088,1081,1073,12,0,1061,1065,26398,20,0,0,20,8
2020-10-22,US,South Carolina,McCormick,265,7,0,33.90161443,-82.30794338,45065.0,2800.3804290394173,2.641509433962264,258,264,7,0,257,264,9410,1,0,0,1,0
2020-10-22,US,South Carolina,Newberry,1565,43,0,34.28629098,-81.59935761,45071.0,4071.279916753381,2.747603833865815,1522,1564,40,0,1524,1555,38520,1,3,0,-2,9
2020-10-22,US,South Carolina,Oconee,2364,32,0,34.75225169,-83.06742317,45073.0,2971.8653357805547,1.3536379018612519,2332,2340,31,0,2309,2320,78374,24,1,0,23,20
2020-10-22,US,South Carolina,Orangeburg,3296,130,0,33.4391073,-80.79886287,45075.0,3824.7751668117207,3.944174757281553,3166,3289,130,0,3159,3281,86934,7,0,0,7,8
2020-10-22,US,South Carolina,Pickens,4091,57,0,34.88807695,-82.72791551,45077.0,3224.2047854733446,1.393302371058421,4034,4022,56,0,3966,3974,124937,69,1,0,68,48
2020-10-22,US,South Carolina,Richland,16851,265,0,34.01791263,-80.90267209,45079.0,4053.0692059582593,1.5726069669455818,16586,16796,265,0,16531,16729,414576,55,0,0,55,67
2020-10-22,US,South Carolina,Saluda,712,22,0,34.00795823,-81.72713237,45081.0,3477.7511844868845,3.0898876404494384,690,713,22,0,691,713,20544,-1,0,0,-1,0
2020-10-22,US,South Carolina,Spartanburg,8487,218,0,34.92960077,-81.99225984,45083.0,2653.970636521413,2.5686343819959943,8269,8342,215,0,8127,8290,313888,145,3,0,142,52
2020-10-22,US,South Carolina,Sumter,3450,88,0,33.91826534,-80.37942316,45085.0,3232.728329007412,2.550724637681159,3362,3432,85,0,3347,3423,106512,18,3,0,15,9
2020-10-22,US,South Carolina,Union,713,16,0,34.68835752,-81.61730349,45087.0,2610.1918289647087,2.244039270687237,697,708,16,0,692,698,27410,5,0,0,5,10
2020-10-22,US,South Carolina,Williamsburg,1415,48,0,33.62190129,-79.72767442,45089.0,4659.510010537408,3.3922261484098937,1367,1411,48,0,1363,1404,30606,4,0,0,4,7
2020-10-22,US,South Carolina,York,6415,100,0,34.97281497,-81.18085944,45091.0,2283.0887717587434,1.5588464536243183,6315,6357,96,0,6261,6305,274118,58,4,0,54,52
2020-10-22,US,South Dakota,Aurora,159,0,0,43.71757685,-98.56050467,46003.0,5779.716466739366,0.0,159,159,0,0,159,159,2801,0,0,0,0,0
2020-10-22,US,South Dakota,Beadle,1121,13,0,44.41464384,-98.27858469,46005.0,6074.892971332574,1.159678858162355,1108,1094,13,0,1081,1078,18883,27,0,0,27,16
2020-10-22,US,South Dakota,Bennett,143,5,0,43.19486375,-101.6665572,46007.0,4249.62852897474,3.4965034965034967,138,136,5,0,131,132,3468,7,0,0,7,4
2020-10-22,US,South Dakota,Bon Homme,354,1,0,42.98914167,-97.88592746,46009.0,5129.691349079843,0.2824858757062147,353,332,1,0,331,323,6980,22,0,0,22,9
2020-10-22,US,South Dakota,Brookings,1258,4,0,44.36974375,-96.79079945,46011.0,3586.395643869202,0.3179650238473768,1254,1242,2,0,1240,1231,35232,16,2,0,14,11
2020-10-22,US,South Dakota,Brown,1854,4,0,45.58994323,-98.35165355,46013.0,4773.552357166765,0.21574973031283712,1850,1823,4,0,1819,1807,39316,31,0,0,31,16
2020-10-22,US,South Dakota,Brule,243,2,0,43.71756379,-99.08118954,46015.0,4587.502359826317,0.8230452674897121,241,228,2,0,226,221,5229,15,0,0,15,7
2020-10-22,US,South Dakota,Buffalo,218,4,0,44.07657829,-99.20814467,46017.0,11111.111111111111,1.834862385321101,214,213,4,0,209,208,2036,5,0,0,5,5
2020-10-22,US,South Dakota,Butte,261,3,0,44.90608745,-103.5079318,46019.0,2502.636877936523,1.1494252873563218,258,248,3,0,245,239,10222,13,0,0,13,9
2020-10-22,US,South Dakota,Campbell,71,0,0,45.77074915,-100.0510181,46021.0,5159.883720930233,0.0,71,72,0,0,72,70,1377,-1,0,0,-1,2
2020-10-22,US,South Dakota,Charles Mix,332,0,0,43.20660134,-98.58856175,46023.0,3572.9659922514,0.0,332,320,0,0,320,316,9338,12,0,0,12,4
2020-10-22,US,South Dakota,Clark,88,0,0,44.85834507,-97.72925109,46025.0,2355.460385438972,0.0,88,81,0,0,81,73,3739,7,0,0,7,8
2020-10-22,US,South Dakota,Clay,735,8,0,42.91296147,-96.97656917,46027.0,5223.880597014925,1.08843537414966,727,724,8,0,716,721,14041,11,0,0,11,3
2020-10-22,US,South Dakota,Codington,1325,10,0,44.97788119,-97.18827677,46029.0,4730.622299975008,0.7547169811320755,1315,1296,10,0,1286,1285,28015,29,0,0,29,11
2020-10-22,US,South Dakota,Corson,143,1,0,45.70889983,-101.1970473,46031.0,3499.755261869799,0.6993006993006993,142,139,1,0,138,134,4165,4,0,0,4,5
2020-10-22,US,South Dakota,Custer,288,3,0,43.67741105,-103.45345209999999,46033.0,3209.986625055729,1.0416666666666667,285,283,3,0,280,281,8726,5,0,0,5,2
2020-10-22,US,South Dakota,Davison,770,5,0,43.67490933,-98.14458906,46035.0,3893.805309734513,0.6493506493506493,765,753,4,0,749,740,19790,17,1,0,16,13
2020-10-22,US,South Dakota,Day,145,2,0,45.367281,-97.60737498,46037.0,2673.30383480826,1.3793103448275863,143,141,1,0,140,140,5505,4,1,0,3,1
2020-10-22,US,South Dakota,Deuel,159,0,0,44.75994309,-96.66943645,46039.0,3654.332337393703,0.0,159,157,0,0,157,155,4337,2,0,0,2,2
2020-10-22,US,South Dakota,Dewey,277,0,0,45.15639647,-100.8709139,46041.0,4701.289884589273,0.0,277,276,0,0,276,275,5904,1,0,0,1,1
2020-10-22,US,South Dakota,Douglas,154,4,0,43.38520741,-98.36978007,46043.0,5272.1670660732625,2.5974025974025974,150,151,4,0,147,150,2935,3,0,0,3,1
2020-10-22,US,South Dakota,Edmunds,127,1,0,45.41846445,-99.21545423,46045.0,3316.7928963175764,0.7874015748031497,126,126,1,0,125,126,3875,1,0,0,1,0
2020-10-22,US,South Dakota,Fall River,178,6,0,43.23929297,-103.5275691,46047.0,2651.571577536124,3.3707865168539324,172,173,6,0,167,169,6758,5,0,0,5,4
2020-10-22,US,South Dakota,Faulk,189,1,0,45.07082625,-99.14535601,46049.0,8220.96563723358,0.5291005291005291,188,182,1,0,181,166,2330,7,0,0,7,16
2020-10-22,US,South Dakota,Grant,278,2,0,45.1723937,-96.77002276,46051.0,3942.1440726035166,0.7194244604316546,276,273,2,0,271,269,7147,5,0,0,5,4
2020-10-22,US,South Dakota,Gregory,192,9,0,43.19419064,-99.18883902,46053.0,4587.8136200716835,4.6875,183,186,8,0,178,182,4212,6,1,0,5,4
2020-10-22,US,South Dakota,Haakon,73,1,0,44.29299053,-101.539099,46055.0,3844.128488678252,1.3698630136986298,72,70,1,0,69,68,1918,3,0,0,3,2
2020-10-22,US,South Dakota,Hamlin,173,0,0,44.67385954,-97.18829593,46057.0,2806.6190785204412,0.0,173,166,0,0,166,162,6111,7,0,0,7,4
2020-10-22,US,South Dakota,Hand,95,1,0,44.54708407,-99.00386459,46059.0,2977.123158884362,1.0526315789473684,94,93,1,0,92,90,3262,2,0,0,2,3
2020-10-22,US,South Dakota,Hanson,72,1,0,43.6746384,-97.78715148,46061.0,2085.1433536055606,1.3888888888888888,71,68,1,0,67,68,3376,4,0,0,4,0
2020-10-22,US,South Dakota,Harding,39,0,0,45.58015551,-103.4958629,46063.0,3004.6224961479197,0.0,39,38,0,0,38,34,1249,1,0,0,1,4
2020-10-22,US,South Dakota,Hughes,766,5,0,44.39091534,-99.99661148,46065.0,4370.6493210087865,0.6527415143603134,761,750,5,0,745,744,17650,16,0,0,16,6
2020-10-22,US,South Dakota,Hutchinson,200,2,0,43.33449012,-97.75536441,46067.0,2743.10794129749,1.0,198,199,2,0,197,193,7380,1,0,0,1,6
2020-10-22,US,South Dakota,Hyde,37,0,0,44.54747703,-99.48572582,46069.0,2843.966179861645,0.0,37,35,0,0,35,34,1282,2,0,0,2,1
2020-10-22,US,South Dakota,Jackson,100,1,0,43.69318385,-101.6255063,46071.0,2990.4306220095696,1.0,99,94,1,0,93,85,3307,6,0,0,6,9
2020-10-22,US,South Dakota,Jerauld,154,6,0,44.06637798,-98.62965972,46073.0,7650.273224043716,3.8961038961038965,148,154,6,0,148,154,2043,0,0,0,0,0
2020-10-22,US,South Dakota,Jones,27,0,0,43.96278565,-100.6940008,46075.0,2990.033222591362,0.0,27,28,0,0,28,27,928,-1,0,0,-1,1
2020-10-22,US,South Dakota,Kingsbury,151,2,0,44.36956169,-97.4913945,46077.0,3057.299048390363,1.3245033112582782,149,149,2,0,147,148,4919,2,0,0,2,1
2020-10-22,US,South Dakota,Lake,320,8,0,44.02193107,-97.12926365,46079.0,2500.5860748612954,2.5,312,314,8,0,306,309,13057,6,0,0,6,5
2020-10-22,US,South Dakota,Lawrence,746,6,0,44.35919441,-103.79294279999999,46081.0,2886.550069648661,0.8042895442359249,740,710,5,0,705,693,25741,36,1,0,35,17
2020-10-22,US,South Dakota,Lincoln,2383,16,0,43.27841182,-96.72039050000001,46083.0,3898.377175762336,0.6714225765841376,2367,2313,16,0,2297,2273,58807,70,0,0,70,40
2020-10-22,US,South Dakota,Lyman,220,5,0,43.89522709,-99.85201878,46085.0,5818.5665167945,2.272727272727273,215,213,4,0,209,212,3821,7,1,0,6,1
2020-10-22,US,South Dakota,Marshall,60,1,0,45.75870838,-97.59855639,46091.0,1215.80547112462,1.6666666666666667,59,60,1,0,59,60,5112,0,0,0,0,0
2020-10-22,US,South Dakota,McCook,192,1,0,43.6742571,-97.36863144,46087.0,3437.164339419979,0.5208333333333334,191,188,1,0,187,187,5546,4,0,0,4,1
2020-10-22,US,South Dakota,McPherson,61,0,0,45.76626028,-99.22118798,46089.0,2564.102564102564,0.0,61,59,0,0,59,56,2407,2,0,0,2,3
2020-10-22,US,South Dakota,Meade,847,9,0,44.56676791,-102.71627409999999,46093.0,2989.552449527037,1.062573789846517,838,826,9,0,817,810,28294,21,0,0,21,16
2020-10-22,US,South Dakota,Mellette,58,1,0,43.58078848,-100.7563186,46095.0,2814.167879670063,1.7241379310344829,57,54,1,0,53,53,2042,4,0,0,4,1
2020-10-22,US,South Dakota,Miner,121,1,0,44.02197882,-97.60992207,46097.0,5460.288808664261,0.8264462809917356,120,121,1,0,120,117,2213,0,0,0,0,4
2020-10-22,US,South Dakota,Minnehaha,9701,100,0,43.67441641,-96.7910885,46099.0,5022.937442397506,1.0308215647871353,9601,9437,97,0,9340,9291,192876,264,3,0,261,146
2020-10-22,US,South Dakota,Moody,183,2,0,44.02266214,-96.67081159,46101.0,2782.8467153284673,1.0928961748633879,181,179,2,0,177,176,6579,4,0,0,4,3
2020-10-22,US,South Dakota,Oglala Lakota,710,5,0,43.33749164,-102.55554980000001,46102.0,5008.111730267336,0.7042253521126759,705,652,5,0,647,614,14309,58,0,0,58,38
2020-10-22,US,South Dakota,Pennington,3835,47,0,44.0025835,-102.8240777,46103.0,3370.6877609316634,1.225554106910039,3788,3742,45,0,3697,3687,111729,93,2,0,91,55
2020-10-22,US,South Dakota,Perkins,69,0,0,45.49049506,-102.47555859999999,46105.0,2408.376963350785,0.0,69,67,0,0,67,64,2922,2,0,0,2,3
2020-10-22,US,South Dakota,Potter,88,0,0,45.06583079,-99.95498503,46107.0,4087.320018578727,0.0,88,87,0,0,87,84,2207,1,0,0,1,3
2020-10-22,US,South Dakota,Roberts,301,4,0,45.62975048,-96.94672673,46109.0,2895.9014816240137,1.32890365448505,297,296,4,0,292,290,10447,5,0,0,5,6
2020-10-22,US,South Dakota,Sanborn,75,0,0,44.02351092,-98.09098159999999,46111.0,3199.6587030716723,0.0,75,74,0,0,74,74,2429,1,0,0,1,0
2020-10-22,US,South Dakota,Spink,232,1,0,44.93837606,-98.34626602,46115.0,3638.6449184441663,0.4310344827586207,231,227,1,0,226,223,6495,5,0,0,5,4
2020-10-22,US,South Dakota,Stanley,78,0,0,44.41381872,-100.7349153,46117.0,2517.7533892834085,0.0,78,76,0,0,76,75,3022,2,0,0,2,1
2020-10-22,US,South Dakota,Sully,39,0,0,44.71571812,-100.1278092,46119.0,2803.738317757009,0.0,39,39,0,0,39,38,1392,0,0,0,0,1
2020-10-22,US,South Dakota,Todd,381,5,0,43.19338568,-100.71955030000001,46121.0,3743.7358750122826,1.3123359580052494,376,357,5,0,352,341,10283,24,0,0,24,16
2020-10-22,US,South Dakota,Tripp,249,2,0,43.34459388,-99.8854891,46123.0,4576.3646388531515,0.8032128514056225,247,242,1,0,241,240,5478,7,1,0,6,2
2020-10-22,US,South Dakota,Turner,413,8,0,43.3109081,-97.14865776,46125.0,4926.0496183206105,1.937046004842615,405,399,8,0,391,394,8424,14,0,0,14,5
2020-10-22,US,South Dakota,Union,686,10,0,42.83112163,-96.6557828,46127.0,4305.799648506151,1.4577259475218658,676,673,10,0,663,669,15619,13,0,0,13,4
2020-10-22,US,South Dakota,Walworth,257,2,0,45.43019636,-100.03075140000001,46129.0,4728.610855565778,0.7782101167315175,255,254,1,0,253,247,5587,3,1,0,2,7
2020-10-22,US,South Dakota,Yankton,681,5,0,43.00924485,-97.39467635,46135.0,2985.0092048742,0.7342143906020558,676,652,5,0,647,642,22869,29,0,0,29,10
2020-10-22,US,South Dakota,Ziebach,82,1,0,44.97881876,-101.6654622,46137.0,2975.3265602322213,1.2195121951219512,81,81,1,0,80,81,2742,1,0,0,1,0
2020-10-22,US,Tennessee,Anderson,1611,14,0,36.12684348,-84.19965764,47001.0,2092.8057367039933,0.8690254500310366,1597,1596,13,0,1583,1567,76482,15,1,0,14,29
2020-10-22,US,Tennessee,Bedford,1617,20,0,35.51123746,-86.45549096,47003.0,3252.6703276808885,1.2368583797155226,1597,1606,20,0,1586,1596,49038,11,0,0,11,10
2020-10-22,US,Tennessee,Benton,397,9,0,36.07110411,-88.06849355,47005.0,2456.683168316832,2.267002518891688,388,396,9,0,387,391,16184,1,0,0,1,5
2020-10-22,US,Tennessee,Bledsoe,999,4,0,35.59942968,-85.20611967,47007.0,6631.704726500266,0.4004004004004004,995,994,4,0,990,924,14755,5,0,0,5,70
2020-10-22,US,Tennessee,Blount,3191,32,0,35.68938198,-83.92847788,47009.0,2397.6616975234438,1.0028204324663117,3159,3170,32,0,3138,3139,131349,21,0,0,21,31
2020-10-22,US,Tennessee,Bradley,3479,23,0,35.15739424,-84.857186,47011.0,3218.018684673018,0.6611095142282265,3456,3447,22,0,3425,3434,106727,32,1,0,31,13
2020-10-22,US,Tennessee,Campbell,911,8,0,36.40355516,-84.15108559999999,47013.0,2286.531800612419,0.8781558726673985,903,899,7,0,892,885,39583,12,1,0,11,14
2020-10-22,US,Tennessee,Cannon,396,2,0,35.80990797,-86.05738983,47015.0,2697.915247308897,0.5050505050505051,394,390,2,0,388,387,14462,6,0,0,6,3
2020-10-22,US,Tennessee,Carroll,1105,25,0,35.97366108,-88.45189331,47017.0,3979.544063096481,2.262443438914027,1080,1107,24,0,1083,1094,28020,-2,1,0,-3,13
2020-10-22,US,Tennessee,Carter,1465,32,0,36.28969086,-82.12588974,47019.0,2597.9322941604155,2.1843003412969284,1433,1439,32,0,1407,1428,56351,26,0,0,26,11
2020-10-22,US,Tennessee,Cheatham,1000,11,0,36.26136216,-87.08903581,47021.0,2458.996237735756,1.1,989,982,11,0,971,973,40439,18,0,0,18,9
2020-10-22,US,Tennessee,Chester,715,14,0,35.42527478,-88.6095842,47023.0,4133.664797363705,1.958041958041958,701,715,14,0,701,713,17276,0,0,0,0,2
2020-10-22,US,Tennessee,Claiborne,508,6,0,36.48319149,-83.65947309,47025.0,1589.536593760756,1.1811023622047243,502,506,6,0,500,504,31756,2,0,0,2,2
2020-10-22,US,Tennessee,Clay,383,14,0,36.55151008,-85.53930419,47027.0,5029.546946815496,3.655352480417754,369,379,13,0,366,371,7717,4,1,0,3,8
2020-10-22,US,Tennessee,Cocke,966,12,0,35.9278914,-83.11828725,47029.0,2683.035218309077,1.2422360248447204,954,952,12,0,940,926,35774,14,0,0,14,26
2020-10-22,US,Tennessee,Coffee,1799,20,0,35.49090731,-86.07311784,47031.0,3182.9440905874026,1.1117287381878822,1779,1783,20,0,1763,1774,55700,16,0,0,16,9
2020-10-22,US,Tennessee,Crockett,803,20,0,35.81830662,-89.14916269,47033.0,5643.007730147576,2.4906600249066004,783,802,21,0,781,783,14328,1,-1,0,2,19
2020-10-22,US,Tennessee,Cumberland,1561,24,0,35.95271721,-84.99840585,47035.0,2579.312623925975,1.5374759769378603,1537,1536,24,0,1512,1501,59673,25,0,0,25,35
2020-10-22,US,Tennessee,Davidson,30302,330,0,36.17007426,-86.78646056,47037.0,4365.376636548036,1.0890370272589267,29972,30155,328,0,29827,29914,692587,147,2,0,145,241
2020-10-22,US,Tennessee,DeKalb,690,17,0,35.97616272,-85.83689361,47041.0,3367.4963396778917,2.4637681159420293,673,686,16,0,670,677,20138,4,1,0,3,9
2020-10-22,US,Tennessee,Decatur,648,11,0,35.60048904,-88.11043779,47039.0,5556.031895738661,1.6975308641975309,637,645,11,0,634,628,11706,3,0,0,3,17
2020-10-22,US,Tennessee,Dickson,1604,19,0,36.14669837,-87.35891709,47043.0,2973.233484095796,1.1845386533665836,1585,1591,19,0,1572,1573,53446,13,0,0,13,18
2020-10-22,US,Tennessee,Dyer,2096,27,0,36.05931946,-89.41542855,47045.0,5640.625420490323,1.2881679389312977,2069,2071,26,0,2045,2037,37320,25,1,0,24,34
2020-10-22,US,Tennessee,Fayette,1605,22,0,35.19615831,-89.41399032,47047.0,3901.976515206769,1.3707165109034267,1583,1596,22,0,1574,1570,40507,9,0,0,9,26
2020-10-22,US,Tennessee,Fentress,877,8,0,36.38128818,-84.92870012,47049.0,4734.654213680289,0.9122006841505133,869,869,8,0,861,861,18217,8,0,0,8,8
2020-10-22,US,Tennessee,Franklin,1244,16,0,35.15634626,-86.09201039,47051.0,2947.3085670962846,1.2861736334405145,1228,1234,16,0,1218,1228,41890,10,0,0,10,6
2020-10-22,US,Tennessee,Gibson,2082,38,0,35.99438059,-88.93358327,47053.0,4237.477866199906,1.8251681075888568,2044,2078,38,0,2040,2059,49045,4,0,0,4,19
2020-10-22,US,Tennessee,Giles,921,34,0,35.20222469,-87.03992678,47055.0,3125.848493076297,3.691639522258415,887,911,34,0,877,901,29503,10,0,0,10,10
2020-10-22,US,Tennessee,Grainger,551,4,0,36.27469206,-83.51254721,47057.0,2362.778730703259,0.7259528130671506,547,546,4,0,542,539,23145,5,0,0,5,7
2020-10-22,US,Tennessee,Greene,1618,51,0,36.17470125,-82.84691273,47059.0,2342.5849512806035,3.1520395550061804,1567,1575,51,0,1524,1565,69087,43,0,0,43,10
2020-10-22,US,Tennessee,Grundy,535,11,0,35.38433717,-85.72142731,47061.0,3984.508825500856,2.05607476635514,524,525,10,0,515,524,13346,10,1,0,9,1
2020-10-22,US,Tennessee,Hamblen,2379,43,0,36.21990035,-83.26586179,47063.0,3663.720085009394,1.807482135350988,2336,2365,43,0,2322,2338,64569,14,0,0,14,27
2020-10-22,US,Tennessee,Hamilton,11368,105,0,35.17670231,-85.16652245,47065.0,3090.7766092810302,0.9236453201970444,11263,11289,104,0,11185,11197,364286,79,1,0,78,92
2020-10-22,US,Tennessee,Hancock,113,3,0,36.52692871,-83.22375847,47067.0,1706.9486404833838,2.6548672566371683,110,112,3,0,109,112,6549,1,0,0,1,0
2020-10-22,US,Tennessee,Hardeman,1821,32,0,35.20772017,-88.99161161,47069.0,7269.461077844311,1.7572762218561229,1789,1804,32,0,1772,1795,25220,17,0,0,17,9
2020-10-22,US,Tennessee,Hardin,1352,19,0,35.19732531,-88.18593755,47071.0,5270.54420707937,1.4053254437869822,1333,1336,19,0,1317,1322,25776,16,0,0,16,14
2020-10-22,US,Tennessee,Hawkins,1142,24,0,36.44355426,-82.94885298,47073.0,2011.0590638537667,2.1015761821366024,1118,1117,24,0,1093,1105,56530,25,0,0,25,12
2020-10-22,US,Tennessee,Haywood,1210,27,0,35.58332824,-89.28536625,47075.0,6992.602866389274,2.231404958677686,1183,1200,26,0,1174,1195,17335,10,1,0,9,5
2020-10-22,US,Tennessee,Henderson,1379,25,0,35.65581134,-88.38600175,47077.0,4904.506170644095,1.8129079042784624,1354,1373,25,0,1348,1361,27847,6,0,0,6,12
2020-10-22,US,Tennessee,Henry,756,10,0,36.33160906,-88.30121797,47079.0,2337.300973875406,1.3227513227513228,746,753,10,0,743,746,32358,3,0,0,3,7
2020-10-22,US,Tennessee,Hickman,751,13,0,35.80609681,-87.47643507,47081.0,2982.7627293669075,1.7310252996005326,738,745,13,0,732,744,25063,6,0,0,6,1
2020-10-22,US,Tennessee,Houston,399,15,0,36.28872054,-87.71878828,47083.0,4865.2603341055965,3.7593984962406015,384,392,15,0,377,392,8263,7,0,0,7,0
2020-10-22,US,Tennessee,Humphreys,424,4,0,36.03958805,-87.77992872,47085.0,2281.778064793886,0.9433962264150944,420,419,4,0,415,415,18486,5,0,0,5,4
2020-10-22,US,Tennessee,Jackson,434,5,0,36.36380466,-85.67239905,47087.0,3682.334973697608,1.1520737327188941,429,422,5,0,417,422,11758,12,0,0,12,0
2020-10-22,US,Tennessee,Jefferson,1492,20,0,36.04818632,-83.45148924,47089.0,2737.8658592531424,1.3404825737265416,1472,1483,20,0,1463,1466,54012,9,0,0,9,17
2020-10-22,US,Tennessee,Johnson,1117,7,0,36.45523950000001,-81.84886538,47091.0,6279.514279289409,0.6266786034019696,1110,1115,7,0,1108,1106,17778,2,0,0,2,9
2020-10-22,US,Tennessee,Knox,12174,88,0,35.99508821,-83.94635435,47093.0,2588.4889424702274,0.7228519796287171,12086,12081,87,0,11994,11936,465289,93,1,0,92,145
2020-10-22,US,Tennessee,Lake,975,3,0,36.34180170000001,-89.48921915,47095.0,13896.807297605474,0.3076923076923077,972,976,3,0,973,970,7411,-1,0,0,-1,6
2020-10-22,US,Tennessee,Lauderdale,1367,17,0,35.75893438,-89.63015909999999,47097.0,5332.969219365661,1.2435991221653255,1350,1345,17,0,1328,1319,25825,22,0,0,22,26
2020-10-22,US,Tennessee,Lawrence,1526,18,0,35.21675201,-87.39787695,47099.0,3457.025055502696,1.1795543905635648,1508,1505,18,0,1487,1479,43734,21,0,0,21,26
2020-10-22,US,Tennessee,Lewis,360,2,0,35.52853208,-87.49022694,47101.0,2934.4636452559503,0.5555555555555556,358,358,2,0,356,352,12086,2,0,0,2,6
2020-10-22,US,Tennessee,Lincoln,836,3,0,35.13738622,-86.58910106,47103.0,2432.6369085724264,0.3588516746411483,833,830,2,0,828,814,34117,6,1,0,5,16
2020-10-22,US,Tennessee,Loudon,1566,10,0,35.73939663,-84.31145275,47105.0,2896.3527409928242,0.6385696040868455,1556,1566,10,0,1556,1550,53054,0,0,0,0,16
2020-10-22,US,Tennessee,Macon,1286,25,0,36.53157855,-86.00778595,47111.0,5227.217299406552,1.9440124416796267,1261,1269,24,0,1245,1263,24265,17,1,0,16,6
2020-10-22,US,Tennessee,Madison,3696,79,0,35.61181957,-88.84076036,47113.0,3772.044415414761,2.1374458874458875,3617,3665,79,0,3586,3630,97605,31,0,0,31,35
2020-10-22,US,Tennessee,Marion,724,9,0,35.12997174,-85.62265895,47115.0,2504.583664856263,1.2430939226519335,715,715,9,0,706,708,28575,9,0,0,9,7
2020-10-22,US,Tennessee,Marshall,1085,9,0,35.45798777,-86.76420988,47117.0,3156.3636363636365,0.8294930875576036,1076,1063,8,0,1055,1056,33683,22,1,0,21,7
2020-10-22,US,Tennessee,Maury,3139,37,0,35.618741299999996,-87.07462444,47119.0,3256.6632429684496,1.1787193373685887,3102,3112,36,0,3076,3081,94340,27,1,0,26,31
2020-10-22,US,Tennessee,McMinn,1564,33,0,35.42812616,-84.61520715,47107.0,2907.387440978548,2.109974424552429,1531,1542,32,0,1510,1522,53285,22,1,0,21,20
2020-10-22,US,Tennessee,McNairy,1099,26,0,35.17468549,-88.5647812,47109.0,4277.263174281934,2.3657870791628755,1073,1096,26,0,1070,1091,25832,3,0,0,3,5
2020-10-22,US,Tennessee,Meigs,300,5,0,35.51558739,-84.81482914,47121.0,2415.0700370310738,1.6666666666666667,295,297,5,0,292,296,12306,3,0,0,3,1
2020-10-22,US,Tennessee,Monroe,1395,28,0,35.44550387,-84.24902965,47123.0,2997.0995810505956,2.007168458781362,1367,1382,27,0,1355,1370,46357,13,1,0,12,12
2020-10-22,US,Tennessee,Montgomery,3988,51,0,36.49609412,-87.38550661,47125.0,1908.1978822257208,1.278836509528586,3937,3933,51,0,3882,3872,205950,55,0,0,55,61
2020-10-22,US,Tennessee,Moore,254,2,0,35.27724699,-86.36230578,47127.0,3914.9198520345253,0.7874015748031497,252,249,2,0,247,245,6411,5,0,0,5,4
2020-10-22,US,Tennessee,Morgan,422,7,0,36.13248031,-84.64880098,47129.0,1971.6862122132407,1.6587677725118484,415,416,7,0,409,411,21579,6,0,0,6,5
2020-10-22,US,Tennessee,Obion,1678,20,0,36.35732446,-89.14921589,47131.0,5580.4981875020785,1.1918951132300355,1658,1664,20,0,1644,1649,30267,14,0,0,14,15
2020-10-22,US,Tennessee,Out of TN,3828,36,0,0.0,0.0,80047.0,0.0,0.9404388714733544,3792,3761,35,0,3726,3775,,67,1,0,66,-14
2020-10-22,US,Tennessee,Overton,1165,12,0,36.34117832,-85.28989535,47133.0,5238.073827615664,1.0300429184549356,1153,1152,11,0,1141,1133,22068,13,1,0,12,19
2020-10-22,US,Tennessee,Perry,261,1,0,35.63708728,-87.86139634,47135.0,3231.7979197622585,0.3831417624521073,260,253,1,0,252,208,8064,8,0,0,8,45
2020-10-22,US,Tennessee,Pickett,252,7,0,36.55606529,-85.07763299999998,47137.0,4992.076069730587,2.7777777777777777,245,250,5,0,245,249,5082,2,2,0,0,1
2020-10-22,US,Tennessee,Polk,483,13,0,35.12245443,-84.52075859,47139.0,2869.5342205323195,2.691511387163561,470,476,13,0,463,474,16898,7,0,0,7,2
2020-10-22,US,Tennessee,Putnam,4257,54,0,36.14005459,-85.50646123,47141.0,5305.003427004798,1.2684989429175475,4203,4230,54,0,4176,4156,78843,27,0,0,27,74
2020-10-22,US,Tennessee,Rhea,1063,16,0,35.60536161,-84.93076643,47143.0,3204.992914644074,1.505174035747883,1047,1059,16,0,1043,1049,33044,4,0,0,4,10
2020-10-22,US,Tennessee,Roane,1223,7,0,35.84923189,-84.52458689,47145.0,2291.034431081638,0.5723630417007359,1216,1224,7,0,1217,1201,53140,-1,0,0,-1,23
2020-10-22,US,Tennessee,Robertson,2537,41,0,36.52454807,-86.87346725,47147.0,3532.786542826508,1.6160819865983445,2496,2510,40,0,2470,2498,71012,27,1,0,26,12
2020-10-22,US,Tennessee,Rutherford,11274,110,0,35.84591405,-86.4107263,47149.0,3392.870577967709,0.9756962923540892,11164,11165,107,0,11058,11090,324890,109,3,0,106,75
2020-10-22,US,Tennessee,Scott,351,4,0,36.42325673,-84.50360494,47151.0,1590.5383360522026,1.1396011396011396,347,344,4,0,340,332,22039,7,0,0,7,12
2020-10-22,US,Tennessee,Sequatchie,329,4,0,35.36979721,-85.41022136,47153.0,2189.5381339012383,1.2158054711246202,325,330,4,0,326,329,14876,-1,0,0,-1,1
2020-10-22,US,Tennessee,Sevier,3241,21,0,35.78077323,-83.52244332,47155.0,3298.727735368957,0.6479481641468683,3220,3224,21,0,3203,3173,97892,17,0,0,17,51
2020-10-22,US,Tennessee,Shelby,34892,558,0,35.1864775,-89.89692423,47157.0,3723.1397639265615,1.599220451679468,34334,34739,553,0,34186,34523,935764,153,5,0,148,216
2020-10-22,US,Tennessee,Smith,962,12,0,36.25359775,-85.95411046,47159.0,4772.535595574738,1.2474012474012477,950,954,12,0,942,947,19942,8,0,0,8,7
2020-10-22,US,Tennessee,Stewart,312,8,0,36.50235092,-87.83920548,47161.0,2274.8815165876777,2.5641025641025643,304,312,8,0,304,311,13561,0,0,0,0,1
2020-10-22,US,Tennessee,Sullivan,3395,46,0,36.51240691,-82.30412917,47163.0,2144.0119231060708,1.3549337260677468,3349,3321,46,0,3275,3248,157668,74,0,0,74,73
2020-10-22,US,Tennessee,Sumner,5788,108,0,36.46824103,-86.45917204,47165.0,3025.883115593126,1.8659295093296475,5680,5715,107,0,5608,5664,187149,73,1,0,72,51
2020-10-22,US,Tennessee,Tipton,2260,22,0,35.501942,-89.73694895,47167.0,3668.890728745596,0.9734513274336284,2238,2235,22,0,2213,2206,61581,25,0,0,25,29
2020-10-22,US,Tennessee,Trousdale,1751,7,0,36.39026213,-86.16087954,47169.0,15517.546969159874,0.3997715591090805,1744,1744,7,0,1737,1743,11012,7,0,0,7,1
2020-10-22,US,Tennessee,Unassigned,3822,4,0,0.0,0.0,90047.0,0.0,0.10465724751439036,3818,3755,4,0,3751,3726,,67,0,0,67,29
2020-10-22,US,Tennessee,Unicoi,384,2,0,36.10890856,-82.43709629,47171.0,2147.290723033048,0.5208333333333334,382,373,2,0,371,367,17761,11,0,0,11,6
2020-10-22,US,Tennessee,Union,517,3,0,36.28590426,-83.83651902,47173.0,2588.6240737031844,0.5802707930367504,514,514,2,0,512,499,19688,3,1,0,2,15
2020-10-22,US,Tennessee,Van Buren,197,1,0,35.69864497,-85.45221699,47175.0,3354.9046321525884,0.5076142131979695,196,195,1,0,194,191,5765,2,0,0,2,4
2020-10-22,US,Tennessee,Warren,1387,10,0,35.672829899999996,-85.77969117,47177.0,3360.224822540398,0.7209805335255948,1377,1368,10,0,1358,1351,40878,19,0,0,19,17
2020-10-22,US,Tennessee,Washington,3241,46,0,36.29472368,-82.49454720000001,47179.0,2505.12077294686,1.419315026226473,3195,3182,44,0,3138,3132,128607,59,2,0,57,50
2020-10-22,US,Tennessee,Wayne,1569,7,0,35.23868267,-87.78644456,47181.0,9410.424038865229,0.4461440407903123,1562,1569,7,0,1562,1565,16558,0,0,0,0,4
2020-10-22,US,Tennessee,Weakley,1467,25,0,36.29896232,-88.71990865,47183.0,4401.70427268363,1.7041581458759374,1442,1453,25,0,1428,1444,33415,14,0,0,14,9
2020-10-22,US,Tennessee,White,1133,14,0,35.92929884,-85.45591799,47185.0,4143.35344669958,1.235657546337158,1119,1122,14,0,1108,1102,27107,11,0,0,11,20
2020-10-22,US,Tennessee,Williamson,6802,55,0,35.89099229,-86.89281867,47187.0,2853.044309850176,0.808585710085269,6747,6707,51,0,6656,6656,231729,95,4,0,91,51
2020-10-22,US,Tennessee,Wilson,4514,55,0,36.15496772,-86.29775884,47189.0,3120.4850093669847,1.2184315463003987,4459,4455,53,0,4402,4431,140625,59,2,0,57,24
2020-10-22,US,Texas,Anderson,2922,39,0,31.81534745,-95.65354823,48001.0,5061.054819433619,1.3347022587268993,2883,2922,39,0,2883,2920,58057,0,0,0,0,2
2020-10-22,US,Texas,Andrews,567,10,0,32.30468633,-102.63765479999999,48003.0,3031.2750601443463,1.7636684303350971,557,567,10,0,557,549,18128,0,0,0,0,18
2020-10-22,US,Texas,Angelina,2277,90,0,31.25457347,-94.60901487,48005.0,2625.843279709393,3.9525691699604737,2187,2277,90,0,2187,2251,87092,0,0,0,0,26
2020-10-22,US,Texas,Aransas,340,18,0,28.10556197,-96.9995047,48007.0,1446.193109315185,5.294117647058823,322,340,18,0,322,340,23792,0,0,0,0,0
2020-10-22,US,Texas,Archer,133,1,0,33.61569967,-98.68754589,48009.0,1555.0099380334384,0.7518796992481203,132,133,1,0,132,114,8786,0,0,0,0,19
2020-10-22,US,Texas,Armstrong,21,1,0,34.96507426,-101.35748740000001,48011.0,1112.8775834658188,4.761904761904762,20,21,1,0,20,18,1892,0,0,0,0,3
2020-10-22,US,Texas,Atascosa,1265,35,0,28.89333001,-98.52730485,48013.0,2472.9732371512914,2.766798418972332,1230,1265,35,0,1230,1257,50310,0,0,0,0,8
2020-10-22,US,Texas,Austin,509,9,0,29.88548725,-96.27736949,48015.0,1694.8588172615875,1.7681728880157166,500,509,9,0,500,508,29989,0,0,0,0,1
2020-10-22,US,Texas,Bailey,264,5,0,34.06854817,-102.8299707,48017.0,3771.4285714285716,1.893939393939394,259,264,5,0,259,264,7027,0,0,0,0,0
2020-10-22,US,Texas,Bandera,184,8,0,29.74619598,-99.24598147,48019.0,796.123226029768,4.3478260869565215,176,184,8,0,176,183,22824,0,0,0,0,1
2020-10-22,US,Texas,Bastrop,1949,31,0,30.10370699,-97.31206354,48021.0,2196.7246373544626,1.590559261159569,1918,1949,31,0,1918,1946,86976,0,0,0,0,3
2020-10-22,US,Texas,Baylor,43,2,0,33.61640794,-99.21352901,48023.0,1225.420347677401,4.651162790697675,41,43,2,0,41,42,3582,0,0,0,0,1
2020-10-22,US,Texas,Bee,1845,39,0,28.41761668,-97.74215593,48025.0,5665.591893136803,2.1138211382113816,1806,1845,39,0,1806,1836,32587,0,0,0,0,9
2020-10-22,US,Texas,Bell,6158,96,0,31.03736027,-97.4785025,48027.0,1696.7739802272656,1.5589477102955505,6062,6158,96,0,6062,6133,355642,0,0,0,0,25
2020-10-22,US,Texas,Bexar,64014,1385,0,29.44928723,-98.52019748,48029.0,3195.022445115031,2.163589214859249,62629,63807,1385,0,62422,63594,1986049,207,0,0,207,213
2020-10-22,US,Texas,Blanco,153,6,0,30.26640707,-98.3999852,48031.0,1282.3736484787528,3.92156862745098,147,153,6,0,147,153,11702,0,0,0,0,0
2020-10-22,US,Texas,Borden,2,0,0,32.74363984,-101.43165090000001,48033.0,305.8103975535168,0.0,2,2,0,0,2,2,648,0,0,0,0,0
2020-10-22,US,Texas,Bosque,385,10,0,31.89978581,-97.63613524,48035.0,2060.476317902061,2.5974025974025974,375,385,10,0,375,385,18691,0,0,0,0,0
2020-10-22,US,Texas,Bowie,1730,72,0,33.44626922,-94.41834132,48037.0,1855.3273633975007,4.161849710982659,1658,1730,72,0,1658,1703,94324,0,0,0,0,27
2020-10-22,US,Texas,Brazoria,12060,179,0,29.18757369,-95.44563172,48039.0,3222.324348588162,1.48424543946932,11881,12060,179,0,11881,12027,370200,0,0,0,0,33
2020-10-22,US,Texas,Brazos,7404,66,0,30.663644800000004,-96.30205577,48041.0,3230.2114645457677,0.8914100486223663,7338,7368,66,0,7302,7337,226758,36,0,0,36,31
2020-10-22,US,Texas,Brewster,246,5,0,29.81008251,-103.25203259999999,48043.0,2673.041399543627,2.0325203252032518,241,246,5,0,241,248,9267,0,0,0,0,-2
2020-10-22,US,Texas,Briscoe,20,1,0,34.53026962,-101.2084947,48045.0,1293.6610608020699,5.0,19,20,1,0,19,20,1516,0,0,0,0,0
2020-10-22,US,Texas,Brooks,341,23,0,27.03103197,-98.21808402,48047.0,4807.556746087692,6.744868035190616,318,341,23,0,318,350,7114,0,0,0,0,-9
2020-10-22,US,Texas,Brown,640,28,0,31.77430356,-98.99907113,48049.0,1690.2598774561588,4.375,612,640,28,0,612,636,37924,0,0,0,0,4
2020-10-22,US,Texas,Burleson,421,6,0,30.49273808,-96.62158484,48051.0,2282.708886840536,1.4251781472684086,415,421,6,0,415,421,18389,0,0,0,0,0
2020-10-22,US,Texas,Burnet,854,12,0,30.78801353,-98.181887,48053.0,1773.4399335479181,1.4051522248243558,842,854,12,0,842,861,47542,0,0,0,0,-7
2020-10-22,US,Texas,Caldwell,1675,37,0,29.83668859,-97.61814775,48055.0,3836.112128984976,2.2089552238805967,1638,1675,37,0,1638,1680,43247,0,0,0,0,-5
2020-10-22,US,Texas,Calhoun,880,9,0,28.47048236,-96.61633945,48057.0,4133.395960544857,1.0227272727272727,871,880,9,0,871,882,21561,0,0,0,0,-2
2020-10-22,US,Texas,Callahan,112,4,0,32.29760619,-99.37326312,48059.0,803.2704582944847,3.571428571428572,108,112,4,0,108,110,13994,0,0,0,0,2
2020-10-22,US,Texas,Cameron,23906,1072,0,26.14524221,-97.48140372,48061.0,5649.359702998609,4.484229900443403,22834,23871,1070,0,22801,23818,423908,35,2,0,33,53
2020-10-22,US,Texas,Camp,388,13,0,32.97195142,-94.97790104,48063.0,2963.189246983351,3.3505154639175267,375,388,13,0,375,388,13033,0,0,0,0,0
2020-10-22,US,Texas,Carson,52,0,0,35.40365929,-101.35426690000001,48065.0,877.4890313871077,0.0,52,52,0,0,52,50,6005,0,0,0,0,2
2020-10-22,US,Texas,Cass,477,22,0,33.07499881,-94.34646905,48067.0,1588.6231932325318,4.612159329140461,455,477,22,0,455,468,30119,0,0,0,0,9
2020-10-22,US,Texas,Castro,289,6,0,34.53016752,-102.2617243,48069.0,3837.981407702523,2.0761245674740483,283,289,6,0,283,289,7665,0,0,0,0,0
2020-10-22,US,Texas,Chambers,1524,8,0,29.70972016,-94.67154501,48071.0,3476.515272486712,0.5249343832020997,1516,1524,8,0,1516,1521,42454,0,0,0,0,3
2020-10-22,US,Texas,Cherokee,1616,32,0,31.837258000000002,-95.16559897,48073.0,3069.558940850207,1.98019801980198,1584,1616,32,0,1584,1615,52592,0,0,0,0,1
2020-10-22,US,Texas,Childress,107,0,0,34.529304100000004,-100.2077916,48075.0,1464.5496851902544,0.0,107,107,0,0,107,104,7291,0,0,0,0,3
2020-10-22,US,Texas,Clay,103,2,0,33.78686685,-98.20771198,48077.0,983.6691815490402,1.9417475728155342,101,103,2,0,101,97,10456,0,0,0,0,6
2020-10-22,US,Texas,Cochran,90,1,0,33.60425307,-102.82844990000001,48079.0,3154.5741324921137,1.1111111111111112,89,90,1,0,89,89,2836,0,0,0,0,1
2020-10-22,US,Texas,Coke,90,4,0,31.88911733,-100.5297533,48081.0,2657.2187776793617,4.4444444444444455,86,90,4,0,86,90,3370,0,0,0,0,0
2020-10-22,US,Texas,Coleman,85,4,0,31.76736834,-99.45240766,48083.0,1039.7553516819569,4.705882352941177,81,85,4,0,81,84,8397,0,0,0,0,1
2020-10-22,US,Texas,Collin,17122,173,0,33.18820114,-96.57264368,48085.0,1654.7311859132337,1.0103959817778296,16949,17122,173,0,16949,17048,1005146,0,0,0,0,74
2020-10-22,US,Texas,Collingsworth,20,0,0,34.96489496,-100.27001109999999,48087.0,684.931506849315,0.0,20,20,0,0,20,20,2962,0,0,0,0,0
2020-10-22,US,Texas,Colorado,498,4,0,29.622097999999998,-96.5273805,48089.0,2317.033452752059,0.8032128514056225,494,498,4,0,494,498,21217,0,0,0,0,0
2020-10-22,US,Texas,Comal,2823,106,0,29.80811278,-98.27647225,48091.0,1807.1942077601168,3.75487070492384,2717,2823,106,0,2717,2823,148373,0,0,0,0,0
2020-10-22,US,Texas,Comanche,348,5,0,31.94854689,-98.55876441,48093.0,2552.2552255225523,1.4367816091954022,343,348,5,0,343,343,13534,0,0,0,0,5
2020-10-22,US,Texas,Concho,141,2,0,31.32635934,-99.86473038,48095.0,5172.4137931034475,1.4184397163120568,139,141,2,0,139,141,4276,0,0,0,0,0
2020-10-22,US,Texas,Cooke,524,8,0,33.63979567,-97.21240912,48097.0,1270.087500302979,1.5267175572519085,516,524,8,0,516,505,40574,0,0,0,0,19
2020-10-22,US,Texas,Coryell,1937,13,0,31.39078397,-97.79936155,48099.0,2550.328501270556,0.6711409395973155,1924,1937,13,0,1924,1940,74808,0,0,0,0,-3
2020-10-22,US,Texas,Cottle,33,3,0,34.07783319,-100.27850620000001,48101.0,2360.5150214592277,9.090909090909092,30,33,3,0,30,33,1389,0,0,0,0,0
2020-10-22,US,Texas,Crane,73,2,0,31.43052248,-102.5143314,48103.0,1521.7844486137174,2.7397260273972597,71,73,2,0,71,73,4794,0,0,0,0,0
2020-10-22,US,Texas,Crockett,166,7,0,30.72367027,-101.4134238,48105.0,4792.147806004619,4.216867469879518,159,166,7,0,159,166,3499,0,0,0,0,0
2020-10-22,US,Texas,Crosby,108,6,0,33.61431553,-101.30003640000001,48107.0,1882.5169949450933,5.5555555555555545,102,108,6,0,102,105,5779,0,0,0,0,3
2020-10-22,US,Texas,Culberson,88,2,0,31.44506775,-104.5185739,48109.0,4053.431598341777,2.272727272727273,86,88,2,0,86,88,2204,0,0,0,0,0
2020-10-22,US,Texas,Dallam,332,10,0,36.27787176,-102.60207249999999,48111.0,4556.0587347330875,3.0120481927710845,322,332,10,0,322,332,7200,0,0,0,0,0
2020-10-22,US,Texas,Dallas,91313,1205,0,32.76670599,-96.77796049999999,48113.0,3464.710515891385,1.3196368534600769,90108,91313,1205,0,90108,90318,2637772,0,0,0,0,995
2020-10-22,US,Texas,Dawson,762,15,0,32.74255572,-101.94772420000001,48115.0,5986.800754242615,1.9685039370078738,747,762,15,0,747,749,12619,0,0,0,0,13
2020-10-22,US,Texas,DeWitt,1072,42,0,29.08101855,-97.35681170000001,48123.0,5317.460317460317,3.917910447761194,1030,1072,42,0,1030,1058,20187,0,0,0,0,14
2020-10-22,US,Texas,Deaf Smith,988,25,0,34.96522957,-102.6054267,48117.0,5327.294295265826,2.530364372469636,963,988,25,0,963,968,18760,0,0,0,0,20
2020-10-22,US,Texas,Delta,32,0,0,33.38570922,-95.66921122,48119.0,600.2626148940161,0.0,32,32,0,0,32,32,5349,0,0,0,0,0
2020-10-22,US,Texas,Denton,13773,166,0,33.20521901,-97.11691153,48121.0,1552.3998345369232,1.205256661584259,13607,13773,166,0,13607,13661,859064,0,0,0,0,112
2020-10-22,US,Texas,Dickens,51,2,0,33.61616822,-100.7788855,48125.0,2306.648575305292,3.92156862745098,49,51,2,0,49,51,2249,0,0,0,0,0
2020-10-22,US,Texas,Dimmit,283,7,0,28.42270064,-99.75645095,48127.0,2795.337811141841,2.4734982332155475,276,283,7,0,276,277,10308,0,0,0,0,6
2020-10-22,US,Texas,Donley,84,1,0,34.96517499,-100.8140093,48129.0,2562.538133007932,1.1904761904761905,83,84,1,0,83,83,3319,0,0,0,0,1
2020-10-22,US,Texas,Duval,471,21,0,27.68184592,-98.50864568,48131.0,4221.564936810971,4.4585987261146505,450,471,21,0,450,470,11212,0,0,0,0,1
2020-10-22,US,Texas,Eastland,235,6,0,32.32743996,-98.83243566,48133.0,1279.9564270152505,2.5531914893617023,229,235,6,0,229,226,18322,0,0,0,0,9
2020-10-22,US,Texas,Ector,5986,115,0,31.86898877,-102.54294279999999,48135.0,3601.1863580852228,1.921149348479786,5871,5913,115,0,5798,5832,162124,73,0,0,73,81
2020-10-22,US,Texas,Edwards,68,2,0,29.98202582,-100.304252,48137.0,3519.6687370600416,2.9411764705882355,66,68,2,0,66,66,1928,0,0,0,0,2
2020-10-22,US,Texas,El Paso,34760,579,0,31.76980765,-106.23632749999999,48141.0,4141.852489996878,1.6657077100115074,34181,34760,579,0,34181,34035,840758,0,0,0,0,725
2020-10-22,US,Texas,Ellis,4796,75,0,32.34894117,-96.79371841,48139.0,2594.873015701254,1.5638031693077563,4721,4796,75,0,4721,4729,179436,0,0,0,0,67
2020-10-22,US,Texas,Erath,991,13,0,32.23602653,-98.21773417,48143.0,2320.951801021125,1.311806256306761,978,991,13,0,978,974,42446,0,0,0,0,17
2020-10-22,US,Texas,Falls,639,5,0,31.25350609,-96.93630086,48145.0,3694.282245476094,0.7824726134585289,634,639,5,0,634,640,17335,0,0,0,0,-1
2020-10-22,US,Texas,Fannin,755,16,0,33.59564294,-96.10751083,48147.0,2125.922171537985,2.119205298013245,739,755,16,0,739,746,35286,0,0,0,0,9
2020-10-22,US,Texas,Fayette,656,22,0,29.87788372,-96.92076062,48149.0,2588.17959441332,3.3536585365853657,634,656,22,0,634,656,25349,0,0,0,0,0
2020-10-22,US,Texas,Fisher,91,3,0,32.74281316,-100.40193020000001,48151.0,2375.9791122715405,3.2967032967032965,88,91,3,0,88,88,3839,0,0,0,0,3
2020-10-22,US,Texas,Floyd,121,9,0,34.07227468,-101.3031546,48153.0,2118.347338935574,7.43801652892562,112,121,9,0,112,120,5837,0,0,0,0,1
2020-10-22,US,Texas,Foard,20,0,0,33.97308618,-99.7767797,48155.0,1731.6017316017317,0.0,20,20,0,0,20,20,1200,0,0,0,0,0
2020-10-22,US,Texas,Fort Bend,17362,303,0,29.52704478,-95.77219463,48157.0,2138.999221375701,1.7451906462389126,17059,17351,303,0,17048,17238,787858,11,0,0,11,113
2020-10-22,US,Texas,Franklin,183,7,0,33.17653242,-95.21917243,48159.0,1706.2937062937065,3.8251366120218577,176,183,7,0,176,181,10766,0,0,0,0,2
2020-10-22,US,Texas,Freestone,440,4,0,31.70422788,-96.15072516,48161.0,2231.5768118882183,0.9090909090909092,436,440,4,0,436,443,19808,0,0,0,0,-3
2020-10-22,US,Texas,Frio,1008,9,0,28.86751206,-99.10804207,48163.0,4964.050034472571,0.8928571428571429,999,1008,9,0,999,1015,19816,0,0,0,0,-7
2020-10-22,US,Texas,Gaines,493,10,0,32.74055318,-102.6353295,48165.0,2293.876791364229,2.028397565922921,483,493,10,0,483,484,20901,0,0,0,0,9
2020-10-22,US,Texas,Galveston,12172,168,0,29.40167322,-94.90469073,48167.0,3557.6183948629064,1.3802168912257642,12004,12172,168,0,12004,12123,337890,0,0,0,0,49
2020-10-22,US,Texas,Garza,121,5,0,33.17969345,-101.2984114,48169.0,1942.5268903515807,4.132231404958676,116,121,5,0,116,120,6578,0,0,0,0,1
2020-10-22,US,Texas,Gillespie,351,10,0,30.31824095,-98.94676915,48171.0,1300.578034682081,2.849002849002849,341,351,10,0,341,350,26804,0,0,0,0,1
2020-10-22,US,Texas,Glasscock,12,0,0,31.86942909,-101.5207776,48173.0,851.6678495386798,0.0,12,12,0,0,12,11,1388,0,0,0,0,1
2020-10-22,US,Texas,Goliad,157,6,0,28.65696592,-97.42760647,48175.0,2050.1436406372422,3.8216560509554136,151,157,6,0,151,157,7584,0,0,0,0,0
2020-10-22,US,Texas,Gonzales,1110,20,0,29.45634206,-97.49424032,48177.0,5327.062437011085,1.8018018018018016,1090,1110,20,0,1090,1095,20826,0,0,0,0,15
2020-10-22,US,Texas,Gray,408,10,0,35.40081878,-100.8129222,48179.0,1864.2054281275696,2.4509803921568634,398,408,10,0,398,405,21895,0,0,0,0,3
2020-10-22,US,Texas,Grayson,2340,62,0,33.62744998,-96.67753461,48181.0,1717.9103162716942,2.649572649572649,2278,2340,62,0,2278,2283,133991,0,0,0,0,57
2020-10-22,US,Texas,Gregg,2470,83,0,32.47940482,-94.81591935,48183.0,1992.819395699705,3.360323886639676,2387,2470,83,0,2387,2444,123707,0,0,0,0,26
2020-10-22,US,Texas,Grimes,1157,35,0,30.54579585,-95.98902499,48185.0,4006.2326869806093,3.025064822817632,1122,1157,35,0,1122,1156,28360,0,0,0,0,1
2020-10-22,US,Texas,Guadalupe,3806,79,0,29.58165339,-97.94786822,48187.0,2281.1318153757634,2.075669994745139,3727,3806,79,0,3727,3801,163694,0,0,0,0,5
2020-10-22,US,Texas,Hale,2407,59,0,34.07044901,-101.82681140000001,48189.0,7205.2924624318985,2.451184046530952,2348,2407,59,0,2348,2306,33830,0,0,0,0,101
2020-10-22,US,Texas,Hall,41,1,0,34.5307555,-100.68138520000001,48191.0,1383.2658569500675,2.4390243902439024,40,41,1,0,40,40,3028,0,0,0,0,1
2020-10-22,US,Texas,Hamilton,182,4,0,31.70470573,-98.11083887,48193.0,2151.0459756529967,2.1978021978021984,178,182,4,0,178,182,8484,0,0,0,0,0
2020-10-22,US,Texas,Hansford,187,6,0,36.27743284,-101.3545796,48195.0,3463.604371179848,3.2085561497326203,181,187,6,0,181,187,5463,0,0,0,0,0
2020-10-22,US,Texas,Hardeman,60,1,0,34.28944521,-99.74632408,48197.0,1525.5530129672006,1.6666666666666667,59,60,1,0,59,59,3922,0,0,0,0,1
2020-10-22,US,Texas,Hardin,1416,34,0,30.33364686,-94.38931817,48199.0,2458.247977500781,2.4011299435028253,1382,1416,34,0,1382,1409,57207,0,0,0,0,7
2020-10-22,US,Texas,Harris,156742,2750,0,29.85864939,-95.39339521,48201.0,3325.50800125177,1.7544755075219152,153992,156035,2750,0,153285,155192,4698619,707,0,0,707,843
2020-10-22,US,Texas,Harrison,1042,38,0,32.54935988,-94.36934071,48203.0,1565.6694664402808,3.646833013435701,1004,1042,38,0,1004,1017,66726,0,0,0,0,25
2020-10-22,US,Texas,Hartley,168,0,0,35.84008013,-102.6029022,48205.0,3012.9124820659968,0.0,168,168,0,0,168,168,5619,0,0,0,0,0
2020-10-22,US,Texas,Haskell,78,3,0,33.17823584,-99.73037358,48207.0,1378.5790031813365,3.8461538461538463,75,78,3,0,75,77,5813,0,0,0,0,1
2020-10-22,US,Texas,Hays,6268,74,0,30.05669873,-98.02944344,48209.0,2722.9561538027115,1.1805998723675817,6194,6246,74,0,6172,6212,222631,22,0,0,22,34
2020-10-22,US,Texas,Hemphill,133,0,0,35.83764858,-100.2703577,48211.0,3482.587064676617,0.0,133,133,0,0,133,132,3825,0,0,0,0,1
2020-10-22,US,Texas,Henderson,1203,30,0,32.21128872,-95.85846587,48213.0,1454.0048587693536,2.4937655860349133,1173,1203,30,0,1173,1185,82299,0,0,0,0,18
2020-10-22,US,Texas,Hidalgo,34343,1899,0,26.39418217,-98.18299696,48215.0,3953.3467555804214,5.529511108522843,32444,34343,1899,0,32444,34343,865939,0,0,0,0,0
2020-10-22,US,Texas,Hill,762,15,0,31.99045053,-97.13423143,48217.0,2079.183606646839,1.9685039370078738,747,762,15,0,747,763,36354,0,0,0,0,-1
2020-10-22,US,Texas,Hockley,519,12,0,33.60771256,-102.3431676,48219.0,2254.463316102689,2.3121387283237,507,519,12,0,507,501,22980,0,0,0,0,18
2020-10-22,US,Texas,Hood,1130,35,0,32.42990927,-97.83242024,48221.0,1833.1359602874616,3.0973451327433628,1095,1130,35,0,1095,1111,60537,0,0,0,0,19
2020-10-22,US,Texas,Hopkins,589,23,0,33.14875072,-95.56351139,48223.0,1588.2860532844354,3.9049235993208833,566,589,23,0,566,557,36810,0,0,0,0,32
2020-10-22,US,Texas,Houston,415,11,0,31.31925973,-95.42226208,48225.0,1806.861720654824,2.6506024096385543,404,415,11,0,404,408,23169,0,0,0,0,7
2020-10-22,US,Texas,Howard,1044,20,0,32.30621324,-101.4356444,48227.0,2847.479816713943,1.9157088122605364,1024,1044,20,0,1024,1040,36459,0,0,0,0,4
2020-10-22,US,Texas,Hudspeth,75,3,0,31.45628381,-105.388178,48229.0,1534.9979533360622,4.0,72,75,3,0,72,75,4795,0,0,0,0,0
2020-10-22,US,Texas,Hunt,1934,43,0,33.12351514,-96.08551032,48231.0,1961.5798121589548,2.2233712512926576,1891,1934,43,0,1891,1863,96493,0,0,0,0,71
2020-10-22,US,Texas,Hutchinson,294,7,0,35.84006574,-101.3546643,48233.0,1404.1455726430413,2.380952380952381,287,294,7,0,287,291,21198,0,0,0,0,3
2020-10-22,US,Texas,Irion,13,0,0,31.30375559,-100.982439,48235.0,846.3541666666665,0.0,13,13,0,0,13,13,1522,0,0,0,0,0
2020-10-22,US,Texas,Jack,149,3,0,33.23377248,-98.17283469,48237.0,1667.5993284834922,2.0134228187919465,146,149,3,0,146,148,8843,0,0,0,0,1
2020-10-22,US,Texas,Jackson,639,16,0,28.95472367,-96.57749563,48239.0,4329.2682926829275,2.503912363067293,623,639,16,0,623,637,14874,0,0,0,0,2
2020-10-22,US,Texas,Jasper,511,34,0,30.74685667,-94.02667579,48241.0,1438.2617017084635,6.6536203522504875,477,511,34,0,477,509,35872,0,0,0,0,2
2020-10-22,US,Texas,Jeff Davis,17,0,0,30.71490589,-104.1399973,48243.0,747.5813544415128,0.0,17,17,0,0,17,17,2252,0,0,0,0,0
2020-10-22,US,Texas,Jefferson,8139,148,0,29.8832777,-94.16434171,48245.0,3235.346729473496,1.8184052094851948,7991,8139,148,0,7991,8109,255001,0,0,0,0,30
2020-10-22,US,Texas,Jim Hogg,162,5,0,27.04453923,-98.69681870000001,48247.0,3115.384615384615,3.08641975308642,157,162,5,0,157,161,5248,0,0,0,0,1
2020-10-22,US,Texas,Jim Wells,1533,51,0,27.73103938,-98.0904705,48249.0,3786.868237735289,3.3268101761252447,1482,1533,51,0,1482,1533,40822,0,0,0,0,0
2020-10-22,US,Texas,Johnson,3479,63,0,32.37877812,-97.36615819,48251.0,1978.7620082244607,1.8108651911468812,3416,3479,63,0,3416,3426,171361,0,0,0,0,53
2020-10-22,US,Texas,Jones,591,2,0,32.73997145,-99.87861576,48253.0,2942.7874321565505,0.33840947546531297,589,591,2,0,589,586,19817,0,0,0,0,5
2020-10-22,US,Texas,Karnes,948,17,0,28.90705334,-97.85960149,48255.0,6076.533555541311,1.7932489451476794,931,948,17,0,931,949,15650,0,0,0,0,-1
2020-10-22,US,Texas,Kaufman,3436,54,0,32.599141700000004,-96.28734728,48257.0,2523.612967668963,1.5715948777648427,3382,3436,54,0,3382,3379,128622,0,0,0,0,57
2020-10-22,US,Texas,Kendall,377,10,0,29.94414155,-98.7113588,48259.0,794.8388184942337,2.6525198938992043,367,377,10,0,367,377,45641,0,0,0,0,0
2020-10-22,US,Texas,Kenedy,7,2,0,26.92601662,-97.66413984,48261.0,1732.6732673267327,28.57142857142857,5,7,2,0,5,7,442,0,0,0,0,0
2020-10-22,US,Texas,Kent,10,0,0,33.18104136,-100.7780939,48263.0,1312.3359580052493,0.0,10,10,0,0,10,10,726,0,0,0,0,0
2020-10-22,US,Texas,Kerr,679,13,0,30.06040006,-99.34930144,48265.0,1290.8745247148288,1.9145802650957289,666,679,13,0,666,679,52405,0,0,0,0,0
2020-10-22,US,Texas,Kimble,21,1,0,30.48678918,-99.74856473,48267.0,484.2056721235877,4.761904761904762,20,21,1,0,20,21,4362,0,0,0,0,0
2020-10-22,US,Texas,King,1,0,0,33.61643847,-100.2558057,48269.0,367.6470588235293,0.0,1,1,0,0,1,1,277,0,0,0,0,0
2020-10-22,US,Texas,Kinney,72,1,0,29.34967888,-100.41866379999999,48271.0,1963.4578674665936,1.3888888888888888,71,72,1,0,71,72,3767,0,0,0,0,0
2020-10-22,US,Texas,Kleberg,999,50,0,27.42435506,-97.69894948,48273.0,3256.19295958279,5.005005005005005,949,999,50,0,949,998,31129,0,0,0,0,1
2020-10-22,US,Texas,Knox,111,8,0,33.60519951,-99.74229059999999,48275.0,3029.475982532751,7.207207207207206,103,111,8,0,103,110,3653,0,0,0,0,1
2020-10-22,US,Texas,La Salle,369,13,0,28.34453111,-99.09908775,48283.0,4906.91489361702,3.523035230352304,356,369,13,0,356,370,7531,0,0,0,0,-1
2020-10-22,US,Texas,Lamar,1644,44,0,33.66981763,-95.57404777,48277.0,3297.298381435649,2.67639902676399,1600,1644,44,0,1600,1644,49728,0,0,0,0,0
2020-10-22,US,Texas,Lamb,482,23,0,34.06859623,-102.35162890000001,48279.0,3738.462731714884,4.771784232365144,459,482,23,0,459,469,13158,0,0,0,0,13
2020-10-22,US,Texas,Lampasas,298,9,0,31.19531316,-98.24206613,48281.0,1390.7037521000561,3.0201342281879198,289,298,9,0,289,297,21229,0,0,0,0,1
2020-10-22,US,Texas,Lavaca,1110,38,0,29.38508402,-96.93186692,48285.0,5507.59154510271,3.4234234234234235,1072,1110,38,0,1072,1103,20110,0,0,0,0,7
2020-10-22,US,Texas,Lee,235,14,0,30.31120597,-96.97045773,48287.0,1363.1881199605546,5.957446808510637,221,235,14,0,221,235,17144,0,0,0,0,0
2020-10-22,US,Texas,Leon,319,10,0,31.29872538,-95.9936328,48289.0,1832.9119742587911,3.134796238244514,309,319,10,0,309,319,17270,0,0,0,0,0
2020-10-22,US,Texas,Liberty,2266,56,0,30.15152688,-94.81205615,48291.0,2568.607669549644,2.471315092674316,2210,2266,56,0,2210,2272,86323,0,0,0,0,-6
2020-10-22,US,Texas,Limestone,659,16,0,31.5454767,-96.58095444,48293.0,2811.793318257456,2.427921092564492,643,659,16,0,643,664,23519,0,0,0,0,-5
2020-10-22,US,Texas,Lipscomb,66,1,0,36.27783108,-100.27331509999999,48295.0,2041.4475719146305,1.5151515151515151,65,66,1,0,65,65,3355,0,0,0,0,1
2020-10-22,US,Texas,Live Oak,381,10,0,28.35101362,-98.1246786,48297.0,3121.1599901695754,2.6246719160104988,371,381,10,0,371,381,12166,0,0,0,0,0
2020-10-22,US,Texas,Llano,165,2,0,30.70645047,-98.68475262,48299.0,757.0543702684101,1.2121212121212122,163,165,2,0,163,166,21646,0,0,0,0,-1
2020-10-22,US,Texas,Lubbock,16130,155,0,33.61008596,-101.82047890000001,48303.0,5193.692866963541,0.9609423434593924,15975,16130,155,0,15975,15908,307412,0,0,0,0,222
2020-10-22,US,Texas,Lynn,160,5,0,33.17657705,-101.8162849,48305.0,2688.623760712485,3.125,155,160,5,0,155,151,5877,0,0,0,0,9
2020-10-22,US,Texas,Madison,739,6,0,30.96694679,-95.93003775,48313.0,5173.62083450014,0.8119079837618404,733,739,6,0,733,742,14422,0,0,0,0,-3
2020-10-22,US,Texas,Marion,168,14,0,32.79868409,-94.35661230000001,48315.0,1704.8914146539475,8.333333333333334,154,168,14,0,154,164,9928,0,0,0,0,4
2020-10-22,US,Texas,Martin,86,7,0,32.30600051,-101.9513518,48317.0,1490.2096690348294,8.13953488372093,79,86,7,0,79,86,5753,0,0,0,0,0
2020-10-22,US,Texas,Mason,80,2,0,30.71780434,-99.22629416,48319.0,1871.7828731867105,2.5,78,80,2,0,78,80,4280,0,0,0,0,0
2020-10-22,US,Texas,Matagorda,1089,52,0,28.81955746,-96.01230294,48321.0,2971.9182381355245,4.775022956841139,1037,1089,52,0,1037,1086,36552,0,0,0,0,3
2020-10-22,US,Texas,Maverick,4084,142,0,28.7429195,-100.3157686,48323.0,6954.803991689656,3.476983349657199,3942,4084,142,0,3942,4027,58485,0,0,0,0,57
2020-10-22,US,Texas,McCulloch,194,4,0,31.1925468,-99.34682807,48307.0,2429.8597194388776,2.061855670103093,190,194,4,0,190,190,7987,0,0,0,0,4
2020-10-22,US,Texas,McLennan,9573,129,0,31.55255453,-97.20217694,48309.0,3730.374907938883,1.3475399561266062,9444,9573,129,0,9444,9503,254607,0,0,0,0,70
2020-10-22,US,Texas,McMullen,24,1,0,28.35251708,-98.56769164,48311.0,3230.1480484522212,4.166666666666667,23,24,1,0,23,24,749,0,0,0,0,0
2020-10-22,US,Texas,Medina,1257,48,0,29.355730100000002,-99.11030298,48325.0,2436.802109181141,3.8186157517899764,1209,1257,48,0,1209,1253,50921,0,0,0,0,4
2020-10-22,US,Texas,Menard,49,0,0,30.88990665,-99.82047940000001,48327.0,2291.8615528531336,0.0,49,49,0,0,49,40,2139,0,0,0,0,9
2020-10-22,US,Texas,Midland,4875,89,0,31.86904128,-102.03156820000001,48329.0,2756.853963083605,1.8256410256410256,4786,4771,89,0,4682,4666,172578,104,0,0,104,105
2020-10-22,US,Texas,Milam,539,7,0,30.78581830000001,-96.97718698,48331.0,2171.3733231277442,1.2987012987012987,532,539,7,0,532,539,25131,0,0,0,0,0
2020-10-22,US,Texas,Mills,71,1,0,31.49557106,-98.59272068,48333.0,1457.0080032833982,1.4084507042253518,70,71,1,0,70,71,4921,0,0,0,0,0
2020-10-22,US,Texas,Mitchell,154,2,0,32.30623474,-100.9212058,48335.0,1802.2235225277936,1.2987012987012987,152,154,2,0,152,146,8145,0,0,0,0,8
2020-10-22,US,Texas,Montague,245,5,0,33.67521893,-97.72500958,48337.0,1236.2498738520535,2.0408163265306123,240,245,5,0,240,238,19596,0,0,0,0,7
2020-10-22,US,Texas,Montgomery,13436,172,0,30.30079133,-95.50572772,48339.0,2212.0841434924127,1.2801428996725217,13264,13224,172,0,13052,13086,590925,212,0,0,212,138
2020-10-22,US,Texas,Moore,1289,22,0,35.83769242,-101.8930281,48341.0,6155.682903533906,1.7067494181536074,1267,1289,22,0,1267,1279,21485,0,0,0,0,10
2020-10-22,US,Texas,Morris,209,5,0,33.11304005,-94.73255695,48343.0,1687.116564417178,2.392344497607656,204,209,5,0,204,208,12339,0,0,0,0,1
2020-10-22,US,Texas,Motley,14,0,0,34.07408766,-100.77972199999999,48345.0,1166.6666666666667,0.0,14,14,0,0,14,12,1234,0,0,0,0,2
2020-10-22,US,Texas,Nacogdoches,1768,68,0,31.62017125,-94.61803994,48347.0,2711.490092632354,3.8461538461538463,1700,1768,68,0,1700,1758,65711,0,0,0,0,10
2020-10-22,US,Texas,Navarro,1393,31,0,32.04620681,-96.47428766,48349.0,2779.717837686828,2.2254127781765973,1362,1393,31,0,1362,1381,49565,0,0,0,0,12
2020-10-22,US,Texas,Newton,188,13,0,30.78548982,-93.74408813,48351.0,1382.8613460831189,6.914893617021277,175,188,13,0,175,188,13746,0,0,0,0,0
2020-10-22,US,Texas,Nolan,378,5,0,32.30365282,-100.4060208,48353.0,2568.9819219790675,1.3227513227513228,373,378,5,0,373,370,14751,0,0,0,0,8
2020-10-22,US,Texas,Nueces,21087,438,0,27.736286,-97.5433285,48355.0,5820.411047381407,2.0771091193626403,20649,21058,438,0,20620,21027,362265,29,0,0,29,31
2020-10-22,US,Texas,Ochiltree,279,5,0,36.27829105,-100.8158184,48357.0,2836.518910126068,1.7921146953405018,274,279,5,0,274,266,9947,0,0,0,0,13
2020-10-22,US,Texas,Oldham,27,2,0,35.40425596,-102.6027606,48359.0,1278.409090909091,7.407407407407407,25,27,2,0,25,25,2131,0,0,0,0,2
2020-10-22,US,Texas,Orange,2116,46,0,30.11879481,-93.89412775,48361.0,2537.2919564487506,2.1739130434782608,2070,2116,46,0,2070,2116,83572,0,0,0,0,0
2020-10-22,US,Texas,Palo Pinto,677,17,0,32.75310985,-98.31319001,48363.0,2319.366884785364,2.5110782865583454,660,677,17,0,660,662,28875,0,0,0,0,15
2020-10-22,US,Texas,Panola,455,27,0,32.163959600000005,-94.30552481,48365.0,1961.7142364404588,5.934065934065933,428,455,27,0,428,454,23148,0,0,0,0,1
2020-10-22,US,Texas,Parker,2299,44,0,32.77757172,-97.80500621,48367.0,1609.0650764988309,1.9138755980861244,2255,2299,44,0,2255,2256,138371,0,0,0,0,43
2020-10-22,US,Texas,Parmer,547,17,0,34.52993409,-102.78446679999999,48369.0,5694.9505465903185,3.107861060329068,530,547,17,0,530,538,9864,0,0,0,0,9
2020-10-22,US,Texas,Pecos,423,5,0,30.78097267,-102.72412609999999,48371.0,2673.323642798458,1.182033096926714,418,423,5,0,418,428,15673,0,0,0,0,-5
2020-10-22,US,Texas,Polk,912,31,0,30.79472531,-94.82766240000001,48373.0,1775.9429828831812,3.399122807017544,881,912,31,0,881,902,50031,0,0,0,0,10
2020-10-22,US,Texas,Potter,7540,98,0,35.40133773,-101.893964,48375.0,6421.666737639996,1.29973474801061,7442,7446,96,0,7350,7342,119648,94,2,0,92,104
2020-10-22,US,Texas,Presidio,124,7,0,29.99954402,-104.24080790000001,48377.0,1849.6420047732693,5.645161290322582,117,124,7,0,117,123,6948,0,0,0,0,1
2020-10-22,US,Texas,Rains,85,5,0,32.87109387,-95.79232691,48379.0,679.2392520377177,5.882352941176472,80,85,5,0,80,81,12159,0,0,0,0,4
2020-10-22,US,Texas,Randall,4532,49,0,34.96585996,-101.8971322,48381.0,3290.9020934842747,1.0812003530450132,4483,4532,49,0,4483,4406,136271,0,0,0,0,126
2020-10-22,US,Texas,Reagan,90,6,0,31.36607041,-101.52326590000001,48383.0,2338.269680436477,6.666666666666668,84,90,6,0,84,89,3741,0,0,0,0,1
2020-10-22,US,Texas,Real,122,8,0,29.83321503,-99.82018052,48385.0,3534.1830822711468,6.557377049180328,114,122,8,0,114,108,3478,0,0,0,0,14
2020-10-22,US,Texas,Red River,190,17,0,33.61886692,-95.04841765,48387.0,1580.3044165349747,8.947368421052632,173,190,17,0,173,186,12175,0,0,0,0,4
2020-10-22,US,Texas,Reeves,249,6,0,31.32323325,-103.69038959999999,48389.0,1558.587881822734,2.409638554216868,243,249,6,0,243,247,15695,0,0,0,0,2
2020-10-22,US,Texas,Refugio,305,16,0,28.323897600000002,-97.15766311,48391.0,4389.752446747266,5.245901639344262,289,305,16,0,289,305,7032,0,0,0,0,0
2020-10-22,US,Texas,Roberts,14,0,0,35.83809685,-100.813175,48393.0,1639.344262295082,0.0,14,14,0,0,14,14,903,0,0,0,0,0
2020-10-22,US,Texas,Robertson,402,4,0,31.02539637,-96.51272246,48395.0,2354.4570692280663,0.9950248756218906,398,402,4,0,398,403,17284,0,0,0,0,-1
2020-10-22,US,Texas,Rockwall,1838,32,0,32.89779518,-96.40771592,48397.0,1751.894390697231,1.7410228509249184,1806,1838,32,0,1806,1792,100657,0,0,0,0,46
2020-10-22,US,Texas,Runnels,287,9,0,31.8314342,-99.97616148,48399.0,2796.1808261886213,3.1358885017421603,278,287,9,0,278,287,10234,0,0,0,0,0
2020-10-22,US,Texas,Rusk,990,21,0,32.10773545,-94.76176432,48401.0,1819.652244237768,2.121212121212121,969,990,21,0,969,984,54450,0,0,0,0,6
2020-10-22,US,Texas,Sabine,89,9,0,31.34318809,-93.85440451,48403.0,844.2420793018402,10.112359550561797,80,89,9,0,80,89,10589,0,0,0,0,0
2020-10-22,US,Texas,San Augustine,214,15,0,31.39457611,-94.17000399,48405.0,2598.0332645380604,7.009345794392522,199,214,15,0,199,213,8232,0,0,0,0,1
2020-10-22,US,Texas,San Jacinto,236,11,0,30.57933681,-95.16260304,48407.0,817.7691534703212,4.6610169491525415,225,236,11,0,225,236,28719,0,0,0,0,0
2020-10-22,US,Texas,San Patricio,1549,80,0,28.00880118,-97.51763891,48409.0,2321.29476996853,5.164622336991608,1469,1549,80,0,1469,1549,66893,0,0,0,0,0
2020-10-22,US,Texas,San Saba,112,1,0,31.1577796,-98.81758731,48411.0,1849.7109826589594,0.8928571428571429,111,112,1,0,111,110,6054,0,0,0,0,2
2020-10-22,US,Texas,Schleicher,55,2,0,30.89740592,-100.5384842,48413.0,1969.2087361260294,3.636363636363636,53,55,2,0,53,55,2895,0,0,0,0,0
2020-10-22,US,Texas,Scurry,995,12,0,32.74613808,-100.91626640000001,48415.0,5957.013710111955,1.2060301507537687,983,995,12,0,983,996,16866,0,0,0,0,-1
2020-10-22,US,Texas,Shackelford,35,0,0,32.73587756,-99.35401337,48417.0,1071.9754977029097,0.0,35,35,0,0,35,34,3253,0,0,0,0,1
2020-10-22,US,Texas,Shelby,542,30,0,31.79211404,-94.14550696,48419.0,2144.4963203291927,5.535055350553505,512,542,30,0,512,539,25418,0,0,0,0,3
2020-10-22,US,Texas,Sherman,72,1,0,36.27751473,-101.8933156,48421.0,2382.528127068167,1.3888888888888888,71,72,1,0,71,72,3079,0,0,0,0,0
2020-10-22,US,Texas,Smith,4269,125,0,32.37474036,-95.27175679999999,48423.0,1834.1489402838226,2.9280862028578123,4144,4269,125,0,4144,4236,230221,0,0,0,0,33
2020-10-22,US,Texas,Somervell,156,5,0,32.22236802,-97.77403489,48425.0,1709.0271691498685,3.2051282051282053,151,156,5,0,151,154,9016,0,0,0,0,2
2020-10-22,US,Texas,Starr,3492,181,0,26.56150059,-98.73892358,48427.0,5402.812804604459,5.18327605956472,3311,3492,181,0,3311,3492,64525,0,0,0,0,0
2020-10-22,US,Texas,Stephens,154,4,0,32.73553157,-98.83631615,48429.0,1644.2451420029895,2.5974025974025974,150,154,4,0,150,151,9433,0,0,0,0,3
2020-10-22,US,Texas,Sterling,12,0,0,31.82781912,-101.05007459999999,48431.0,929.5120061967468,0.0,12,12,0,0,12,12,1311,0,0,0,0,0
2020-10-22,US,Texas,Stonewall,18,1,0,33.17906744,-100.25384009999999,48433.0,1333.3333333333333,5.5555555555555545,17,18,1,0,17,18,1362,0,0,0,0,0
2020-10-22,US,Texas,Sutton,97,3,0,30.49856623,-100.5382014,48435.0,2568.85593220339,3.0927835051546397,94,97,3,0,94,97,3758,0,0,0,0,0
2020-10-22,US,Texas,Swisher,137,3,0,34.53028891,-101.73491740000001,48437.0,1852.1022035960525,2.18978102189781,134,137,3,0,134,135,7462,0,0,0,0,2
2020-10-22,US,Texas,Tarrant,61527,796,0,32.77143818,-97.29101614,48439.0,2926.352487378211,1.2937409592536608,60731,60795,796,0,59999,60162,2084931,732,0,0,732,633
2020-10-22,US,Texas,Taylor,1785,62,0,32.30163422,-99.89007449,48441.0,1293.1596563165594,3.473389355742297,1723,1785,62,0,1723,1762,137640,0,0,0,0,23
2020-10-22,US,Texas,Terrell,4,0,0,30.22429013,-102.0766732,48443.0,515.4639175257731,0.0,4,4,0,0,4,4,823,0,0,0,0,0
2020-10-22,US,Texas,Terry,487,7,0,33.17402785,-102.3354521,48445.0,3947.4750749777095,1.4373716632443532,480,487,7,0,480,458,12287,0,0,0,0,29
2020-10-22,US,Texas,Throckmorton,17,2,0,33.17751417,-99.21226795,48447.0,1132.5782811459028,11.764705882352944,15,17,2,0,15,16,1515,0,0,0,0,1
2020-10-22,US,Texas,Titus,1695,35,0,33.21339719,-94.96797273,48449.0,5175.572519083969,2.0648967551622417,1660,1695,35,0,1660,1695,33033,0,0,0,0,0
2020-10-22,US,Texas,Tom Green,4472,75,0,31.40464436,-100.46244300000001,48451.0,3751.6778523489934,1.6771019677996422,4397,4427,75,0,4352,4374,118189,45,0,0,45,53
2020-10-22,US,Texas,Travis,31327,448,0,30.33432034,-97.78535620000001,48453.0,2459.036982497013,1.4300762920164714,30879,31228,448,0,30780,31159,1248743,99,0,0,99,69
2020-10-22,US,Texas,Trinity,205,7,0,31.0879489,-95.1367187,48455.0,1399.2218961163062,3.414634146341464,198,205,7,0,198,204,14740,0,0,0,0,1
2020-10-22,US,Texas,Tyler,259,4,0,30.77031716,-94.37690895,48457.0,1195.0904392764858,1.5444015444015444,255,259,4,0,255,259,21696,0,0,0,0,0
2020-10-22,US,Texas,Upshur,467,12,0,32.73706798,-94.93999853,48459.0,1118.4825042511916,2.569593147751606,455,467,12,0,455,463,41260,0,0,0,0,4
2020-10-22,US,Texas,Upton,27,3,0,31.36868194,-102.0423217,48461.0,738.3100902378999,11.111111111111109,24,27,3,0,24,27,3671,0,0,0,0,0
2020-10-22,US,Texas,Uvalde,824,36,0,29.35739637,-99.76229172,48463.0,3081.4105680415837,4.368932038834951,788,824,36,0,788,821,26846,0,0,0,0,3
2020-10-22,US,Texas,Val Verde,2431,124,0,29.89149232,-101.1525205,48465.0,4958.694543600204,5.100781571369806,2307,2431,124,0,2307,2421,49208,0,0,0,0,10
2020-10-22,US,Texas,Van Zandt,662,26,0,32.56483801,-95.83766469,48467.0,1169.8179890440008,3.9274924471299095,636,662,26,0,636,656,56019,0,0,0,0,6
2020-10-22,US,Texas,Victoria,4224,97,0,28.79780988,-96.96813006,48469.0,4587.116111376569,2.296401515151515,4127,4224,97,0,4127,4201,92035,0,0,0,0,23
2020-10-22,US,Texas,Walker,3854,62,0,30.73872995,-95.57440968,48471.0,5281.55020487591,1.6087182148417232,3792,3854,62,0,3792,3855,72480,0,0,0,0,-1
2020-10-22,US,Texas,Waller,951,17,0,30.01058447,-95.99011759,48473.0,1721.3915939615536,1.7875920084121977,934,951,17,0,934,951,53126,0,0,0,0,0
2020-10-22,US,Texas,Ward,157,1,0,31.50999644,-103.09279090000001,48475.0,1308.5514252375394,0.6369426751592356,156,157,1,0,156,156,11720,0,0,0,0,1
2020-10-22,US,Texas,Washington,692,48,0,30.21498498,-96.40946246,48477.0,1928.543559444847,6.9364161849710975,644,692,48,0,644,693,35108,0,0,0,0,-1
2020-10-22,US,Texas,Webb,14949,348,0,27.7610369,-99.33237355,48479.0,5403.539464742708,2.3279149106963675,14601,14909,345,0,14564,14833,275910,40,3,0,37,76
2020-10-22,US,Texas,Wharton,1415,58,0,29.27765923,-96.22319248,48481.0,3405.0437963230347,4.098939929328623,1357,1415,58,0,1357,1415,41619,0,0,0,0,0
2020-10-22,US,Texas,Wheeler,62,0,0,35.40114335,-100.26995140000001,48483.0,1226.26582278481,0.0,62,62,0,0,62,62,5191,0,0,0,0,0
2020-10-22,US,Texas,Wichita,3134,31,0,33.98842886,-98.70410340000001,48485.0,2370.112682447251,0.9891512444160816,3103,3134,31,0,3103,3023,132064,0,0,0,0,111
2020-10-22,US,Texas,Wilbarger,308,3,0,34.07945812,-99.24178437,48487.0,2412.0917847912915,0.9740259740259741,305,308,3,0,305,281,12820,0,0,0,0,27
2020-10-22,US,Texas,Willacy,1202,55,0,26.47411727,-97.61535848,48489.0,5627.867777881824,4.575707154742097,1147,1202,55,0,1147,1202,21515,0,0,0,0,0
2020-10-22,US,Texas,Williamson,9289,151,0,30.64655664,-97.60048540000001,48491.0,1572.9378157009305,1.625578641403811,9138,9263,151,0,9112,9137,566719,26,0,0,26,126
2020-10-22,US,Texas,Wilson,982,28,0,29.1732598,-98.08693082,48493.0,1922.850988838849,2.8513238289205702,954,982,28,0,954,979,50224,0,0,0,0,3
2020-10-22,US,Texas,Winkler,136,4,0,31.85008651,-103.04851629999999,48495.0,1697.8776529338327,2.9411764705882355,132,136,4,0,132,133,7720,0,0,0,0,3
2020-10-22,US,Texas,Wise,881,15,0,33.21570665,-97.65460265,48497.0,1258.859167809785,1.70261066969353,866,881,15,0,866,848,68305,0,0,0,0,33
2020-10-22,US,Texas,Wood,621,35,0,32.78722382,-95.38236368,48499.0,1363.6663079997365,5.636070853462157,586,621,35,0,586,610,45129,0,0,0,0,11
2020-10-22,US,Texas,Yoakum,289,5,0,33.17320212,-102.82764329999999,48501.0,3316.882818776541,1.7301038062283738,284,289,5,0,284,289,8591,0,0,0,0,0
2020-10-22,US,Texas,Young,497,6,0,33.17659707,-98.68790885,48503.0,2759.5780122154356,1.2072434607645874,491,497,6,0,491,470,18045,0,0,0,0,27
2020-10-22,US,Texas,Zapata,342,8,0,27.00156391,-99.16987152,48505.0,2412.017772762536,2.3391812865497075,334,342,8,0,334,342,14190,0,0,0,0,0
2020-10-22,US,Texas,Zavala,452,18,0,28.86617238,-99.76050829,48507.0,3817.567567567568,3.9823008849557517,434,452,18,0,434,443,11983,0,0,0,0,9
2020-10-22,US,Utah,Bear River,4754,15,0,41.52106798,-113.08328159999999,0.0,2544.7226712629404,0.3155237694572991,4739,4659,15,0,4644,4624,,95,0,0,95,35
2020-10-22,US,Utah,Central Utah,1150,7,0,39.37231946,-111.5758676,0.0,1403.2262000634507,0.6086956521739131,1143,1122,6,0,1116,1077,,28,1,0,27,45
2020-10-22,US,Utah,Davis,7610,40,0,40.99001837,-112.1139997,49011.0,2140.761390904155,0.5256241787122208,7570,7463,40,0,7423,7341,351713,147,0,0,147,122
2020-10-22,US,Utah,Salt Lake,42902,296,0,40.66616532,-111.92160109999999,49035.0,3697.055505813758,0.6899445247307818,42606,42276,294,0,41982,41665,1152633,626,2,0,624,611
2020-10-22,US,Utah,San Juan,785,30,0,37.62762978,-109.80337140000002,49037.0,5128.037627384374,3.8216560509554136,755,775,30,0,745,769,15449,10,0,0,10,6
2020-10-22,US,Utah,Southeast Utah,408,3,0,38.99617072,-110.70139579999999,0.0,1014.1937408337268,0.7352941176470589,405,385,3,0,382,373,,23,0,0,23,12
2020-10-22,US,Utah,Southwest Utah,5571,48,0,37.85447192,-111.4418764,0.0,2210.3458947318304,0.8616047388260636,5523,5504,47,0,5457,5423,,67,1,0,66,81
2020-10-22,US,Utah,Summit,1274,1,0,40.86688146,-110.9535882,49043.0,3022.897140823348,0.07849293563579278,1273,1252,1,0,1251,1238,41933,22,0,0,22,14
2020-10-22,US,Utah,Tooele,1300,2,0,40.44862644,-113.12957150000001,49045.0,1799.0838511465695,0.15384615384615385,1298,1272,2,0,1270,1257,69907,28,0,0,28,15
2020-10-22,US,Utah,TriCounty,372,2,0,40.12491499,-109.5174415,0.0,656.9884497191904,0.5376344086021505,370,357,2,0,355,333,,15,0,0,15,24
2020-10-22,US,Utah,Utah,26429,77,0,40.116672200000004,-111.66576620000001,49049.0,4153.968266442431,0.2913466268114571,26352,26067,75,0,25992,25772,622213,362,2,0,360,295
2020-10-22,US,Utah,Wasatch,1020,9,0,40.33110236,-111.1691419,49051.0,2991.992021354609,0.8823529411764706,1011,1008,9,0,999,994,33240,12,0,0,12,14
2020-10-22,US,Utah,Weber-Morgan,5974,33,0,41.27116049,-111.9145117,0.0,2193.605716446902,0.5523937060595916,5941,5866,33,0,5833,5777,,108,0,0,108,89
2020-10-22,US,Vermont,Addison,117,2,0,44.03217337,-73.14130877,50001.0,318.1336161187698,1.709401709401709,115,116,2,0,114,116,36973,1,0,0,1,0
2020-10-22,US,Vermont,Bennington,134,1,0,43.03519828,-73.09048868,50003.0,377.7840428531153,0.746268656716418,133,134,1,0,133,134,35631,0,0,0,0,0
2020-10-22,US,Vermont,Caledonia,38,0,0,44.46548598,-72.10314651,50005.0,126.69622912012802,0.0,38,37,0,0,37,37,30302,1,0,0,1,0
2020-10-22,US,Vermont,Chittenden,921,39,0,44.46322849,-73.08359212,50007.0,562.3603258148423,4.234527687296417,882,913,39,0,874,906,164572,8,0,0,8,7
2020-10-22,US,Vermont,Essex,6,0,0,44.72736416,-71.73579864,50009.0,97.35518416355671,0.0,6,6,0,0,6,6,6250,0,0,0,0,0
2020-10-22,US,Vermont,Franklin,133,7,0,44.85627605,-72.91249563,50011.0,269.21986964090524,5.2631578947368425,126,132,7,0,125,132,49421,1,0,0,1,0
2020-10-22,US,Vermont,Grand Isle,17,0,0,44.797582399999996,-73.29679772,50013.0,234.96890117484446,0.0,17,16,0,0,16,16,7090,1,0,0,1,0
2020-10-22,US,Vermont,Lamoille,61,1,0,44.60353043,-72.64356694,50015.0,240.51730936046056,1.639344262295082,60,61,1,0,60,61,25300,0,0,0,0,0
2020-10-22,US,Vermont,Orange,31,0,0,44.00470222,-72.37640104,50017.0,107.2961373390558,0.0,31,31,0,0,31,31,28999,0,0,0,0,0
2020-10-22,US,Vermont,Orleans,27,0,0,44.82964024,-72.24562697,50019.0,99.86315049746644,0.0,27,27,0,0,27,26,26907,0,0,0,0,1
2020-10-22,US,Vermont,Rutland,133,1,0,43.57723578,-73.03741676,50021.0,228.5576807410081,0.7518796992481203,132,133,1,0,132,133,58672,0,0,0,0,0
2020-10-22,US,Vermont,Unassigned,8,0,0,0.0,0.0,90050.0,0.0,0.0,8,8,0,0,8,8,,0,0,0,0,0
2020-10-22,US,Vermont,Washington,109,2,0,44.27343241,-72.61604978,50023.0,186.6150764436988,1.834862385321101,107,107,2,0,105,104,58140,2,0,0,2,3
2020-10-22,US,Vermont,Windham,138,3,0,42.986982,-72.71268875,50025.0,326.8438254938184,2.1739130434782608,135,137,3,0,134,136,42756,1,0,0,1,1
2020-10-22,US,Vermont,Windsor,114,2,0,43.58010937,-72.58595157,50027.0,207.0393374741201,1.7543859649122806,112,113,2,0,111,110,55286,1,0,0,1,3
2020-10-22,US,Virginia,Accomack,1204,19,0,37.76707161,-75.63234615,51001.0,3725.70862730536,1.5780730897009967,1185,1202,19,0,1183,1202,32412,2,0,0,2,0
2020-10-22,US,Virginia,Albemarle,1519,23,0,38.02080697,-78.55481085,51003.0,1389.3716271837554,1.5141540487162608,1496,1501,23,0,1478,1495,108718,18,0,0,18,6
2020-10-22,US,Virginia,Alexandria,4162,75,0,38.814003,-77.08183073,51510.0,2610.582833630228,1.8020182604517057,4087,4144,75,0,4069,4133,160530,18,0,0,18,11
2020-10-22,US,Virginia,Alleghany,95,4,0,37.78636074,-80.00222498,51005.0,639.300134589502,4.2105263157894735,91,92,4,0,88,89,14910,3,0,0,3,3
2020-10-22,US,Virginia,Amelia,139,6,0,37.34081025,-77.98584649,51007.0,1057.4362875618106,4.316546762589929,133,139,6,0,133,139,13013,0,0,0,0,0
2020-10-22,US,Virginia,Amherst,555,4,0,37.60308293,-79.14548696,51009.0,1756.0512577123875,0.7207207207207207,551,549,4,0,545,540,31666,6,0,0,6,9
2020-10-22,US,Virginia,Appomattox,281,5,0,37.37569884,-78.81340003,51011.0,1766.0737854314625,1.7793594306049825,276,271,5,0,266,269,15841,10,0,0,10,2
2020-10-22,US,Virginia,Arlington,4457,152,0,38.8767675,-77.10139853,51013.0,1881.8452808201248,3.4103657168498986,4305,4437,152,0,4285,4399,237521,20,0,0,20,38
2020-10-22,US,Virginia,Augusta,638,8,0,38.16404586,-79.12461614,51015.0,844.3844463855581,1.2539184952978055,630,633,8,0,625,622,75457,5,0,0,5,11
2020-10-22,US,Virginia,Bath,23,0,0,38.05852573,-79.73912095,51017.0,554.6177959971063,0.0,23,22,0,0,22,22,4292,1,0,0,1,0
2020-10-22,US,Virginia,Bedford,1135,17,0,37.3080028,-79.5281964,51019.0,1436.7634213957492,1.497797356828194,1118,1113,17,0,1096,1086,78747,22,0,0,22,27
2020-10-22,US,Virginia,Bland,64,5,0,37.13128068,-81.13599391,51021.0,1019.108280254777,7.8125,59,64,5,0,59,64,6293,0,0,0,0,0
2020-10-22,US,Virginia,Botetourt,370,12,0,37.55531756,-79.80982182,51023.0,1107.1546126455012,3.2432432432432434,358,363,12,0,351,357,33277,7,0,0,7,6
2020-10-22,US,Virginia,Bristol,245,7,0,36.616302399999995,-82.16359122,51520.0,1461.6394225032811,2.8571428571428568,238,240,7,0,233,236,16482,5,0,0,5,4
2020-10-22,US,Virginia,Brunswick,416,5,0,36.76366949,-77.8593436,51025.0,2562.9967346435833,1.2019230769230769,411,414,5,0,409,412,16384,2,0,0,2,2
2020-10-22,US,Virginia,Buchanan,245,2,0,37.26818323,-82.03749726,51027.0,1166.4444867644258,0.8163265306122449,243,241,2,0,239,239,21221,4,0,0,4,2
2020-10-22,US,Virginia,Buckingham,726,9,0,37.57242268,-78.52518834,51029.0,4233.72988103569,1.2396694214876034,717,725,9,0,716,725,16999,1,0,0,1,0
2020-10-22,US,Virginia,Buena Vista,121,1,0,37.73484642,-79.35296097,51530.0,1867.8604507564066,0.8264462809917356,120,121,1,0,120,121,6237,0,0,0,0,0
2020-10-22,US,Virginia,Campbell,667,8,0,37.20553386,-79.09678609,51031.0,1215.2682882390452,1.199400299850075,659,652,8,0,644,643,54973,15,0,0,15,9
2020-10-22,US,Virginia,Caroline,402,6,0,38.02679129,-77.34901405,51033.0,1308.380797396257,1.492537313432836,396,402,6,0,396,402,30772,0,0,0,0,0
2020-10-22,US,Virginia,Carroll,578,27,0,36.73066666,-80.73455942,51035.0,1940.1832768285724,4.671280276816608,551,568,27,0,541,568,29636,10,0,0,10,0
2020-10-22,US,Virginia,Charles City,97,5,0,37.35358063,-77.05634116,51036.0,1393.077696395232,5.154639175257731,92,97,5,0,92,96,6941,0,0,0,0,1
2020-10-22,US,Virginia,Charlotte,202,1,0,37.01909701,-78.66314092,51037.0,1700.3367003367002,0.4950495049504951,201,202,1,0,201,201,11938,0,0,0,0,1
2020-10-22,US,Virginia,Charlottesville,1543,32,0,38.03527919,-78.48569588,51540.0,3264.503025430542,2.0738820479585223,1511,1536,32,0,1504,1515,48117,7,0,0,7,21
2020-10-22,US,Virginia,Chesapeake,4806,78,0,36.67670048,-76.30545744,51550.0,1962.9546429227848,1.6229712858926342,4728,4780,77,0,4703,4763,242634,26,1,0,25,17
2020-10-22,US,Virginia,Chesterfield,6851,100,0,37.37373208,-77.58680140000001,51041.0,1941.8824156325643,1.4596409283316305,6751,6796,100,0,6696,6737,348556,55,0,0,55,59
2020-10-22,US,Virginia,Clarke,115,1,0,39.11271747,-77.99199425,51043.0,786.647513509816,0.8695652173913043,114,114,1,0,113,115,14523,1,0,0,1,-1
2020-10-22,US,Virginia,Colonial Heights,290,26,0,37.26420587,-77.39609676,51570.0,1669.5451928612551,8.965517241379311,264,288,26,0,262,287,17833,2,0,0,2,1
2020-10-22,US,Virginia,Covington,35,0,0,37.7824656,-79.98631446,51580.0,631.9971108703503,0.0,35,35,0,0,35,35,5460,0,0,0,0,0
2020-10-22,US,Virginia,Craig,47,0,0,37.48133648,-80.21072274,51045.0,916.0007795751317,0.0,47,45,0,0,45,42,5064,2,0,0,2,3
2020-10-22,US,Virginia,Culpeper,1335,18,0,38.48199985,-77.95630870000002,51047.0,2537.7815796977475,1.348314606741573,1317,1327,18,0,1309,1321,51859,8,0,0,8,6
2020-10-22,US,Virginia,Cumberland,114,2,0,37.51328851,-78.24398086,51049.0,1147.8050745066453,1.7543859649122806,112,113,2,0,111,113,9809,1,0,0,1,0
2020-10-22,US,Virginia,Danville,1157,41,0,36.58022376,-79.40395668,51590.0,2889.3217460793126,3.5436473638720827,1116,1141,40,0,1101,1130,40693,16,1,0,15,11
2020-10-22,US,Virginia,Dickenson,127,1,0,37.12560977,-82.35124171,51051.0,886.9953904176563,0.7874015748031497,126,123,1,0,122,121,14523,4,0,0,4,2
2020-10-22,US,Virginia,Dinwiddie,498,12,0,37.07544585,-77.63451754,51053.0,1744.6748878923768,2.409638554216868,486,492,12,0,480,485,28529,6,0,0,6,7
2020-10-22,US,Virginia,Emporia,285,28,0,36.69455571,-77.53406129,51595.0,5331.088664421998,9.824561403508772,257,279,28,0,251,278,5121,6,0,0,6,1
2020-10-22,US,Virginia,Essex,191,2,0,37.93357639,-76.94230311,51057.0,1743.8144800511277,1.0471204188481675,189,190,2,0,188,188,10919,1,0,0,1,2
2020-10-22,US,Virginia,Fairfax,23015,605,0,38.83677558,-77.27565836,51059.0,2005.6085581927127,2.6287203997393003,22410,22849,604,0,22245,22769,1150795,166,1,0,165,80
2020-10-22,US,Virginia,Fairfax,23015,605,0,38.83677558,-77.27565836,51059.0,2005.6085581927127,2.6287203997393003,22410,22849,604,0,22245,22769,24574,166,1,0,165,80
2020-10-22,US,Virginia,Fairfax City,156,8,0,38.85157547,-77.29779640000002,51600.0,649.4858237228859,5.128205128205129,148,157,8,0,149,155,24574,-1,0,0,-1,2
2020-10-22,US,Virginia,Falls Church,74,7,0,38.88485255,-77.17560759,51610.0,506.2598344393513,9.459459459459461,67,75,7,0,68,75,14772,-1,0,0,-1,0
2020-10-22,US,Virginia,Fauquier,1066,26,0,38.73564842,-77.80647472,51061.0,1496.7285389345984,2.4390243902439024,1040,1055,26,0,1029,1049,70675,11,0,0,11,6
2020-10-22,US,Virginia,Floyd,237,16,0,36.9302126,-80.36738849,51063.0,1504.8574512667471,6.751054852320674,221,233,16,0,217,233,15795,4,0,0,4,0
2020-10-22,US,Virginia,Fluvanna,415,9,0,37.84157909,-78.27715475,51065.0,1521.8188485515216,2.1686746987951806,406,412,9,0,403,410,26783,3,0,0,3,2
2020-10-22,US,Virginia,Franklin,194,1,0,36.99536167,-79.88023649,51067.0,346.1689447200313,0.5154639175257731,193,194,1,0,193,194,56195,0,0,0,0,0
2020-10-22,US,Virginia,Franklin,194,1,0,36.99536167,-79.88023649,51067.0,346.1689447200313,0.5154639175257731,193,194,1,0,193,194,8013,0,0,0,0,0
2020-10-22,US,Virginia,Franklin City,482,12,0,36.6831435,-76.93859681,51620.0,6049.956068783733,2.489626556016597,470,482,12,0,470,477,8013,0,0,0,0,5
2020-10-22,US,Virginia,Frederick,1123,13,0,39.20172582,-78.25974949,51069.0,1257.375745972031,1.157613535173642,1110,1120,13,0,1107,1107,88355,3,0,0,3,13
2020-10-22,US,Virginia,Fredericksburg,583,6,0,38.2977863,-77.4922454,51630.0,2007.8523212563714,1.0291595197255574,577,576,6,0,570,573,29144,7,0,0,7,3
2020-10-22,US,Virginia,Galax,436,30,0,36.66601852,-80.91703124,51640.0,6869.387112021427,6.8807339449541285,406,434,30,0,404,433,6423,2,0,0,2,1
2020-10-22,US,Virginia,Giles,119,0,0,37.31234791,-80.70636931,51071.0,711.7224880382776,0.0,119,117,0,0,117,114,16844,2,0,0,2,3
2020-10-22,US,Virginia,Gloucester,340,3,0,37.40809042,-76.53524337,51073.0,910.3566456035127,0.8823529411764706,337,337,3,0,334,333,37349,3,0,0,3,4
2020-10-22,US,Virginia,Goochland,319,7,0,37.71714806,-77.90381514,51075.0,1342.9882541152695,2.19435736677116,312,315,7,0,308,312,23244,4,0,0,4,3
2020-10-22,US,Virginia,Grayson,371,19,0,36.65677234,-81.23215889,51077.0,2385.852090032154,5.1212938005390845,352,367,19,0,348,365,15631,4,0,0,4,2
2020-10-22,US,Virginia,Greene,279,3,0,38.29545894,-78.46525378,51079.0,1407.7400474292347,1.075268817204301,276,271,3,0,268,269,19779,8,0,0,8,2
2020-10-22,US,Virginia,Greensville,887,14,0,36.67878901,-77.56351439,51081.0,7824.6294989414255,1.5783540022547915,873,887,14,0,873,887,11627,0,0,0,0,0
2020-10-22,US,Virginia,Halifax,467,8,0,36.76654925,-78.93512622,51083.0,1377.1342632184244,1.7130620985010707,459,464,8,0,456,459,34120,3,0,0,3,5
2020-10-22,US,Virginia,Hampton,2071,32,0,37.03513786,-76.35879121,51650.0,1539.6624786261245,1.5451472718493482,2039,2064,32,0,2032,2058,134313,7,0,0,7,6
2020-10-22,US,Virginia,Hanover,1571,42,0,37.7583355,-77.49464673,51085.0,1457.7881706660728,2.673456397199236,1529,1554,42,0,1512,1545,107239,17,0,0,17,9
2020-10-22,US,Virginia,Harrisonburg,2954,35,0,38.43542574,-78.87536254,51660.0,5571.902821789648,1.1848341232227488,2919,2945,35,0,2910,2934,54033,9,0,0,9,11
2020-10-22,US,Virginia,Henrico,6096,227,0,37.53460572,-77.39326555,51087.0,1842.7050523248433,3.723753280839895,5869,6058,227,0,5831,6006,329261,38,0,0,38,52
2020-10-22,US,Virginia,Henry,1268,31,0,36.68542395,-79.87634026,51089.0,2508.060209268747,2.4447949526813884,1237,1259,31,0,1228,1250,50953,9,0,0,9,9
2020-10-22,US,Virginia,Highland,9,0,0,38.35799465,-79.56124594,51091.0,410.958904109589,0.0,9,9,0,0,9,9,2210,0,0,0,0,0
2020-10-22,US,Virginia,Hopewell,493,7,0,37.29186313,-77.29754684,51670.0,2188.290647609748,1.4198782961460443,486,488,7,0,481,487,22596,5,0,0,5,1
2020-10-22,US,Virginia,Isle of Wight,841,24,0,36.90579348,-76.70842863,51093.0,2266.296585733919,2.8537455410225916,817,834,24,0,810,831,36953,7,0,0,7,3
2020-10-22,US,Virginia,James City,933,22,0,37.31156958,-76.76950618,51095.0,1219.2412738653736,2.3579849946409435,911,931,22,0,909,927,76397,2,0,0,2,4
2020-10-22,US,Virginia,King George,265,4,0,38.26818502,-77.15852768,51099.0,987.479505142346,1.509433962264151,261,266,4,0,262,265,26575,-1,0,0,-1,1
2020-10-22,US,Virginia,King William,197,2,0,37.70965316,-77.09384941,51101.0,1148.8220200606486,1.0152284263959392,195,196,2,0,194,191,16939,1,0,0,1,5
2020-10-22,US,Virginia,King and Queen,86,2,0,37.71044922,-76.88689628,51097.0,1224.1992882562276,2.3255813953488373,84,86,1,0,85,86,7042,0,1,0,-1,0
2020-10-22,US,Virginia,Lancaster,188,1,0,37.71889653,-76.46400482,51103.0,1773.0830896915963,0.5319148936170213,187,181,1,0,180,175,10783,7,0,0,7,6
2020-10-22,US,Virginia,Lee,422,9,0,36.70586667,-83.12606515,51105.0,1801.6479528668408,2.1327014218009483,413,413,9,0,404,400,23541,9,0,0,9,13
2020-10-22,US,Virginia,Lexington,210,1,0,37.78258621,-79.44262866,51678.0,2820.3062046736504,0.4761904761904762,209,210,1,0,209,208,7136,0,0,0,0,2
2020-10-22,US,Virginia,Loudoun,7680,130,0,39.08990083,-77.63481877,51107.0,1857.144929849252,1.6927083333333333,7550,7634,130,0,7504,7599,406850,46,0,0,46,35
2020-10-22,US,Virginia,Louisa,377,7,0,37.97850256,-77.96274807,51109.0,1002.8996302306404,1.856763925729443,370,377,7,0,370,375,36778,0,0,0,0,2
2020-10-22,US,Virginia,Lunenburg,145,3,0,36.94618528,-78.24133319,51111.0,1188.9143981633322,2.0689655172413794,142,145,3,0,142,145,12086,0,0,0,0,0
2020-10-22,US,Virginia,Lynchburg,1882,24,0,37.40021399,-79.19888138,51680.0,2290.4293642293837,1.2752391073326248,1858,1857,24,0,1833,1844,82126,25,0,0,25,13
2020-10-22,US,Virginia,Madison,125,3,0,38.41531222,-78.28220331,51113.0,942.6136792097127,2.4,122,124,3,0,121,123,13295,1,0,0,1,1
2020-10-22,US,Virginia,Manassas,2025,27,0,38.7464321,-77.48509905,51683.0,4928.80613362541,1.3333333333333333,1998,2018,27,0,1991,2013,41641,7,0,0,7,5
2020-10-22,US,Virginia,Manassas Park,639,8,0,38.77058531,-77.44399307,51685.0,3656.0247167868174,1.2519561815336464,631,634,8,0,626,632,17307,5,0,0,5,2
2020-10-22,US,Virginia,Martinsville,469,23,0,36.68212094,-79.86352771,51690.0,3735.861080133822,4.904051172707889,446,462,23,0,439,460,12902,7,0,0,7,2
2020-10-22,US,Virginia,Mathews,130,0,0,37.44164146,-76.34098896,51115.0,1471.5870500339593,0.0,130,127,0,0,127,126,8802,3,0,0,3,1
2020-10-22,US,Virginia,Mecklenburg,857,35,0,36.67882005,-78.36131056,51117.0,2801.8439206198714,4.0840140023337215,822,851,34,0,817,850,30650,6,1,0,5,1
2020-10-22,US,Virginia,Middlesex,143,11,0,37.63191998,-76.55064617,51119.0,1351.3513513513512,7.6923076923076925,132,140,11,0,129,140,10769,3,0,0,3,0
2020-10-22,US,Virginia,Montgomery,2597,5,0,37.17746986,-80.37868691,51121.0,2635.6117115745674,0.19252984212552945,2592,2565,5,0,2560,2549,98985,32,0,0,32,16
2020-10-22,US,Virginia,Nelson,135,2,0,37.78790447,-78.88498513,51125.0,904.2196918955124,1.4814814814814814,133,132,2,0,130,126,14836,3,0,0,3,6
2020-10-22,US,Virginia,New Kent,274,3,0,37.50694406,-76.99828634,51127.0,1186.6095015373955,1.094890510948905,271,272,3,0,269,268,22391,2,0,0,2,4
2020-10-22,US,Virginia,Newport News,3103,50,0,37.08166899,-76.51754109,51700.0,1731.3432835820895,1.6113438607798904,3053,3080,50,0,3030,3071,178626,23,0,0,23,9
2020-10-22,US,Virginia,Norfolk,5243,85,0,36.89934014,-76.26420872,51710.0,2159.906402682684,1.6212092313560935,5158,5219,84,0,5135,5209,244076,24,1,0,23,10
2020-10-22,US,Virginia,Northampton,316,31,0,37.34062933,-75.87751591,51131.0,2698.5482493595223,9.810126582278484,285,315,31,0,284,314,11735,1,0,0,1,1
2020-10-22,US,Virginia,Northumberland,213,7,0,37.89202088,-76.41949732,51133.0,1761.058288548987,3.286384976525821,206,212,7,0,205,208,12147,1,0,0,1,4
2020-10-22,US,Virginia,Norton,46,0,0,36.93357076,-82.62750411,51720.0,1155.4885707108767,0.0,46,45,0,0,45,45,3968,1,0,0,1,0
2020-10-22,US,Virginia,Nottoway,336,21,0,37.1435975,-78.05065922,51135.0,2205.8823529411766,6.25,315,335,20,0,315,334,15420,1,1,0,0,1
2020-10-22,US,Virginia,Orange,379,5,0,38.24530219,-78.01560400000002,51137.0,1022.9143612857953,1.3192612137203166,374,377,5,0,372,376,36644,2,0,0,2,1
2020-10-22,US,Virginia,Page,463,30,0,38.61807452,-78.48797204,51139.0,1937.0763952807295,6.479481641468682,433,460,30,0,430,459,23933,3,0,0,3,1
2020-10-22,US,Virginia,Patrick,313,26,0,36.680163799999995,-80.2865648,51141.0,1777.6010904134484,8.30670926517572,287,309,26,0,283,306,17673,4,0,0,4,3
2020-10-22,US,Virginia,Petersburg,899,29,0,37.20530399,-77.39368102,51730.0,2867.9895361449626,3.2258064516129035,870,889,29,0,860,885,31567,10,0,0,10,4
2020-10-22,US,Virginia,Pittsylvania,1242,17,0,36.81980341,-79.39731264,51143.0,2057.8586340590514,1.3687600644122384,1225,1237,17,0,1220,1227,60949,5,0,0,5,10
2020-10-22,US,Virginia,Poquoson,91,2,0,37.14259351,-76.35798148,51735.0,741.5858528237308,2.1978021978021984,89,90,2,0,88,89,12190,1,0,0,1,1
2020-10-22,US,Virginia,Portsmouth,2762,67,0,36.85914825,-76.35971629,51740.0,2925.909447234052,2.425778421433744,2695,2741,67,0,2674,2730,94632,21,0,0,21,11
2020-10-22,US,Virginia,Powhatan,290,5,0,37.55016038,-77.91267882,51145.0,978.011601241063,1.7241379310344829,285,289,5,0,284,283,29189,1,0,0,1,6
2020-10-22,US,Virginia,Prince Edward,733,13,0,37.22554789,-78.43597949,51147.0,3214.6302955881065,1.7735334242837653,720,730,13,0,717,725,22950,3,0,0,3,5
2020-10-22,US,Virginia,Prince George,1055,6,0,37.18497668,-77.22922187,51149.0,2750.7626522045207,0.5687203791469194,1049,1052,6,0,1046,1054,38082,3,0,0,3,-2
2020-10-22,US,Virginia,Prince William,13832,223,0,38.70916224,-77.48713689,51153.0,2940.882562428907,1.6122035858877963,13609,13735,222,0,13513,13674,468011,97,1,0,96,61
2020-10-22,US,Virginia,Pulaski,280,6,0,37.06474963,-80.71229738,51155.0,822.8759514503189,2.142857142857143,274,278,6,0,272,273,34066,2,0,0,2,5
2020-10-22,US,Virginia,Radford,898,1,0,37.12222899,-80.56027320000003,51750.0,4920.817579045427,0.11135857461024501,897,886,1,0,885,870,18339,12,0,0,12,16
2020-10-22,US,Virginia,Rappahannock,68,2,0,38.68295619,-78.15826963,51157.0,922.6594301221166,2.9411764705882355,66,68,2,0,66,67,7252,0,0,0,0,1
2020-10-22,US,Virginia,Richmond,365,4,0,37.937575,-76.72920628,51159.0,4045.217776792641,1.095890410958904,361,363,4,0,359,364,9038,2,0,0,2,-1
2020-10-22,US,Virginia,Richmond City,5176,69,0,37.53255773,-77.47966921,51760.0,2246.176812650801,1.333075734157651,5107,5145,68,0,5077,5134,228783,31,1,0,30,11
2020-10-22,US,Virginia,Roanoke,1364,11,0,37.26865804,-80.06396753,51161.0,1448.1982460238253,0.8064516129032258,1353,1324,11,0,1313,1303,94073,40,0,0,40,21
2020-10-22,US,Virginia,Roanoke City,2517,35,0,37.27791025,-79.96189766,51770.0,2538.7571487649147,1.3905442987683752,2482,2478,35,0,2443,2445,99920,39,0,0,39,33
2020-10-22,US,Virginia,Rockbridge,148,3,0,37.81204314,-79.44605905,51163.0,655.6505559739512,2.0270270270270268,145,148,3,0,145,147,22752,0,0,0,0,1
2020-10-22,US,Virginia,Rockingham,1709,26,0,38.51006137,-78.87260325,51165.0,2085.468833894665,1.5213575190169688,1683,1701,26,0,1675,1699,81244,8,0,0,8,2
2020-10-22,US,Virginia,Russell,448,8,0,36.93028320000001,-82.10095486,51167.0,1685.097419694576,1.7857142857142858,440,437,8,0,429,414,26748,11,0,0,11,23
2020-10-22,US,Virginia,Salem,501,6,0,37.2836193,-80.06219455,51775.0,1980.158887000514,1.1976047904191616,495,481,6,0,475,471,25643,20,0,0,20,10
2020-10-22,US,Virginia,Scott,310,5,0,36.71466456,-82.60171704,51169.0,1437.4478345543912,1.6129032258064515,305,300,5,0,295,289,21534,10,0,0,10,11
2020-10-22,US,Virginia,Shenandoah,936,60,0,38.85905135,-78.56813762,51171.0,2146.00146735143,6.410256410256411,876,931,60,0,871,930,43497,5,0,0,5,1
2020-10-22,US,Virginia,Smyth,607,24,0,36.84455636,-81.53344948,51173.0,2016.3433430773318,3.9538714991762767,583,604,24,0,580,603,30472,3,0,0,3,1
2020-10-22,US,Virginia,Southampton,907,34,0,36.72231125,-77.10642712,51175.0,5144.348023367931,3.7486218302094816,873,905,34,0,871,904,17586,2,0,0,2,1
2020-10-22,US,Virginia,Spotsylvania,2367,50,0,38.18574462,-77.655399,51177.0,1737.6940865543445,2.112378538234052,2317,2355,50,0,2305,2343,134238,12,0,0,12,12
2020-10-22,US,Virginia,Stafford,2307,20,0,38.41758738,-77.45917053,51179.0,1509.0069465339282,0.8669267446900737,2287,2287,20,0,2267,2279,149960,20,0,0,20,8
2020-10-22,US,Virginia,Staunton,367,1,0,38.15965544,-79.05979937,51790.0,1472.0038504732875,0.2724795640326976,366,363,1,0,362,360,24922,4,0,0,4,3
2020-10-22,US,Virginia,Suffolk,2266,78,0,36.70155394,-76.63603554,51800.0,2460.155469666044,3.442188879082083,2188,2263,78,0,2185,2256,91185,3,0,0,3,7
2020-10-22,US,Virginia,Surry,140,5,0,37.11781893,-76.88450012,51181.0,2180.0062285892245,3.571428571428572,135,137,5,0,132,137,6474,3,0,0,3,0
2020-10-22,US,Virginia,Sussex,639,13,0,36.92432914,-77.25791182,51183.0,5726.319562684828,2.0344287949921758,626,635,13,0,622,636,11237,4,0,0,4,-1
2020-10-22,US,Virginia,Tazewell,447,2,0,37.12191123,-81.56685568,51185.0,1101.1208276881391,0.44742729306487694,445,437,2,0,435,421,40855,10,0,0,10,16
2020-10-22,US,Virginia,Virginia Beach,7679,103,0,36.73285734,-76.04566934,51810.0,1706.54304470925,1.3413204844380777,7576,7622,103,0,7519,7593,450189,57,0,0,57,29
2020-10-22,US,Virginia,Warren,559,18,0,38.90847745,-78.20280433,51187.0,1391.79364605119,3.2200357781753133,541,544,18,0,526,529,40003,15,0,0,15,15
2020-10-22,US,Virginia,Washington,867,26,0,36.72341572,-81.95666289,51191.0,1613.3234090063265,2.9988465974625145,841,850,26,0,824,845,54402,17,0,0,17,5
2020-10-22,US,Virginia,Waynesboro,378,3,0,38.06451466,-78.90293905,51820.0,1670.3490941228458,0.7936507936507936,375,372,3,0,369,367,22628,6,0,0,6,5
2020-10-22,US,Virginia,Westmoreland,334,5,0,38.11021557,-76.80213247,51193.0,1854.0105467665835,1.497005988023952,329,334,5,0,329,331,17830,0,0,0,0,3
2020-10-22,US,Virginia,Williamsburg,210,8,0,37.28131268,-76.70905141,51830.0,1404.3065400561725,3.809523809523809,202,210,8,0,202,210,14896,0,0,0,0,0
2020-10-22,US,Virginia,Winchester,577,4,0,39.17054517,-78.17325058,51840.0,2054.9896716290327,0.6932409012131716,573,572,4,0,568,568,28108,5,0,0,5,4
2020-10-22,US,Virginia,Wise,550,9,0,36.9746148,-82.62410519,51195.0,1471.2569884706952,1.6363636363636365,541,542,9,0,533,534,38012,8,0,0,8,8
2020-10-22,US,Virginia,Wythe,323,6,0,36.91582035,-81.07834059,51197.0,1126.0633105564075,1.8575851393188851,317,320,6,0,314,313,28754,3,0,0,3,7
2020-10-22,US,Virginia,York,626,9,0,37.24374789,-76.54412815,51199.0,916.8131224370239,1.437699680511182,617,625,9,0,616,620,67846,1,0,0,1,5
2020-10-22,US,Washington,Adams,912,10,0,46.98299757,-118.56017340000001,53001.0,4563.879297402792,1.0964912280701755,902,910,10,0,900,908,19759,2,0,0,2,2
2020-10-22,US,Washington,Asotin,200,7,0,46.18894415,-117.2022851,53003.0,885.6611460455231,3.5,193,199,7,0,192,194,22610,1,0,0,1,5
2020-10-22,US,Washington,Benton,5085,134,0,46.23946995,-119.51208340000001,53005.0,2487.8907970057244,2.6352015732546707,4951,5068,134,0,4934,5033,201877,17,0,0,17,35
2020-10-22,US,Washington,Chelan,1976,16,0,47.87046092,-120.6173956,53007.0,2559.585492227979,0.8097165991902834,1960,1973,16,0,1957,1959,77036,3,0,0,3,14
2020-10-22,US,Washington,Clallam,258,1,0,48.04754642,-123.92263190000001,53009.0,333.63075610039965,0.3875968992248062,257,255,1,0,254,252,76737,3,0,0,3,3
2020-10-22,US,Washington,Clark,4108,77,0,45.77568046,-122.48292040000001,53011.0,841.3877572756078,1.8743914313534569,4031,4081,77,0,4004,4061,481857,27,0,0,27,20
2020-10-22,US,Washington,Columbia,14,1,0,46.29442881,-117.9051983,53013.0,351.3174404015057,7.142857142857142,13,14,1,0,13,14,4059,0,0,0,0,0
2020-10-22,US,Washington,Cowlitz,779,7,0,46.19074721,-122.6782231,53015.0,704.3845451339598,0.8985879332477535,772,776,7,0,769,773,108987,3,0,0,3,3
2020-10-22,US,Washington,Douglas,1227,9,0,47.7361335,-119.69293700000001,53017.0,2825.3010661078997,0.7334963325183375,1218,1225,9,0,1216,1225,42907,2,0,0,2,0
2020-10-22,US,Washington,Ferry,33,0,0,48.471143100000006,-118.5154041,53019.0,432.6733971417334,0.0,33,33,0,0,33,33,7649,0,0,0,0,0
2020-10-22,US,Washington,Franklin,4717,67,0,46.53351425,-118.9018212,53021.0,4953.687173132259,1.4203943184227263,4650,4703,67,0,4636,4672,94347,14,0,0,14,31
2020-10-22,US,Washington,Garfield,14,0,0,46.43197502,-117.54540320000001,53023.0,629.2134831460675,0.0,14,14,0,0,14,14,2247,0,0,0,0,0
2020-10-22,US,Washington,Grant,3300,26,0,47.20753737,-119.4500749,53025.0,3376.546304728188,0.7878787878787878,3274,3287,26,0,3261,3284,97331,13,0,0,13,3
2020-10-22,US,Washington,Grays Harbor,659,11,0,47.14003705,-123.7820567,53027.0,877.9525985531767,1.6691957511380882,648,656,12,0,644,643,73901,3,-1,0,4,13
2020-10-22,US,Washington,Island,371,12,0,48.14713305,-122.5216407,53029.0,435.7477595987832,3.2345013477088953,359,368,12,0,356,361,84460,3,0,0,3,7
2020-10-22,US,Washington,Jefferson,82,0,0,47.75003077,-123.56097040000002,53031.0,254.49241178113647,0.0,82,81,0,0,81,81,31729,1,0,0,1,0
2020-10-22,US,Washington,King,25712,798,0,47.49137892,-121.8346131,53033.0,1141.3443466789065,3.1036092097075296,24914,25540,800,0,24740,25329,2233163,172,-2,0,174,211
2020-10-22,US,Washington,Kitsap,1445,22,0,47.63479026,-122.6436061,53035.0,532.2812950090799,1.5224913494809689,1423,1437,21,0,1416,1425,269805,8,1,0,7,12
2020-10-22,US,Washington,Kittitas,691,22,0,47.12521214,-120.67943899999999,53037.0,1441.5354125378117,3.183791606367583,669,690,22,0,668,675,47364,1,0,0,1,15
2020-10-22,US,Washington,Klickitat,206,3,0,45.87325839,-120.7913598,53039.0,918.6176142697882,1.4563106796116505,203,206,3,0,203,205,22107,0,0,0,0,1
2020-10-22,US,Washington,Lewis,685,12,0,46.57756476,-122.39257690000001,53041.0,848.7491791294435,1.7518248175182485,673,677,12,0,665,670,79604,8,0,0,8,7
2020-10-22,US,Washington,Lincoln,73,2,0,47.57705241,-118.41943880000001,53043.0,667.3370509187313,2.7397260273972597,71,69,2,0,67,66,10740,4,0,0,4,3
2020-10-22,US,Washington,Mason,507,9,0,47.35007586,-123.1863685,53045.0,759.3457943925232,1.7751479289940828,498,503,9,0,494,499,65507,4,0,0,4,4
2020-10-22,US,Washington,Okanogan,1096,11,0,48.54855019,-119.73872240000001,53047.0,2594.512700329049,1.0036496350364963,1085,1095,11,0,1084,1092,42132,1,0,0,1,3
2020-10-22,US,Washington,Pacific,114,3,0,46.55418369,-123.7285716,53049.0,507.3205464821325,2.631578947368421,111,114,3,0,111,112,22036,0,0,0,0,2
2020-10-22,US,Washington,Pend Oreille,136,1,0,48.53234021,-117.2741804,53051.0,990.9647333139027,0.7352941176470589,135,133,1,0,132,133,13602,3,0,0,3,0
2020-10-22,US,Washington,Pierce,9547,217,0,47.03892768,-122.14059579999999,53053.0,1054.9404406727224,2.272965329422856,9330,9482,219,0,9263,9357,891299,65,-2,0,67,125
2020-10-22,US,Washington,San Juan,30,0,0,48.60182783,-122.96745,53055.0,170.62905243999546,0.0,30,30,0,0,30,30,17128,0,0,0,0,0
2020-10-22,US,Washington,Skagit,1224,23,0,48.48171488,-121.766131,53057.0,947.3317596068264,1.8790849673202612,1201,1212,23,0,1189,1210,128206,12,0,0,12,2
2020-10-22,US,Washington,Skamania,72,1,0,46.02408726,-121.91644029999999,53059.0,595.8785069932964,1.3888888888888888,71,72,1,0,71,72,11924,0,0,0,0,0
2020-10-22,US,Washington,Snohomish,8280,228,0,48.04615983,-121.7170703,53061.0,1007.1975700750412,2.753623188405797,8052,8189,227,0,7962,8102,814901,91,1,0,90,87
2020-10-22,US,Washington,Spokane,8829,193,0,47.62113146,-117.4046494,53063.0,1688.7975853006326,2.18597802695662,8636,8735,191,0,8544,8679,514631,94,2,0,92,56
2020-10-22,US,Washington,Stevens,241,5,0,48.40035475,-117.8542701,53065.0,527.0870240360431,2.074688796680498,236,238,5,0,233,237,45260,3,0,0,3,1
2020-10-22,US,Washington,Thurston,1483,22,0,46.9291895,-122.82906559999999,53067.0,510.43588402125727,1.48347943358058,1461,1449,22,0,1427,1432,286419,34,0,0,34,17
2020-10-22,US,Washington,Unassigned,357,3,0,0.0,0.0,90053.0,0.0,0.8403361344537815,354,360,3,0,357,350,,-3,0,0,-3,10
2020-10-22,US,Washington,Wahkiakum,10,0,0,46.29180039999999,-123.4250831,53069.0,222.81639928698758,0.0,10,10,0,0,10,10,4426,0,0,0,0,0
2020-10-22,US,Washington,Walla Walla,1035,6,0,46.23040051,-118.4775539,53071.0,1703.4233048057934,0.5797101449275363,1029,1016,6,0,1010,1010,60922,19,0,0,19,6
2020-10-22,US,Washington,Whatcom,1544,49,0,48.82227976,-121.74900179999999,53073.0,673.5093589010979,3.173575129533679,1495,1537,49,0,1488,1524,225685,7,0,0,7,13
2020-10-22,US,Washington,Whitman,1714,11,0,46.90022523,-117.52417630000001,53075.0,3420.884560114961,0.6417736289381564,1703,1689,10,0,1679,1689,49791,25,1,0,24,0
2020-10-22,US,Washington,Yakima,11759,270,0,46.45738486,-120.73801259999999,53077.0,4687.232185209249,2.296113615103325,11489,11748,267,0,11481,11735,251446,11,3,0,8,13
2020-10-22,US,West Virginia,Barbour,166,1,0,39.1307219,-80.00350858,54001.0,1009.6709445897452,0.6024096385542169,165,165,1,0,164,165,16535,1,0,0,1,0
2020-10-22,US,West Virginia,Berkeley,1473,17,0,39.46704621,-78.02414609,54003.0,1236.0389692123085,1.1541072640868977,1456,1461,17,0,1444,1443,117123,12,0,0,12,18
2020-10-22,US,West Virginia,Boone,318,3,0,38.01974191,-81.69888019,54005.0,1482.0338351120847,0.9433962264150944,315,307,3,0,304,302,21951,11,0,0,11,5
2020-10-22,US,West Virginia,Braxton,51,0,0,38.70036159,-80.72011184,54007.0,365.4080389768576,0.0,51,47,0,0,47,43,14089,4,0,0,4,4
2020-10-22,US,West Virginia,Brooke,199,3,0,40.27367263,-80.57915332,54009.0,907.0604858927023,1.5075376884422111,196,199,2,0,197,199,22203,0,1,0,-1,0
2020-10-22,US,West Virginia,Cabell,1266,20,0,38.42424062,-82.23855912,54011.0,1376.910109304475,1.5797788309636651,1246,1237,20,0,1217,1212,93224,29,0,0,29,25
2020-10-22,US,West Virginia,Calhoun,33,0,0,38.84315422,-81.11934872,54013.0,464.20030946687297,0.0,33,33,0,0,33,33,7254,0,0,0,0,0
2020-10-22,US,West Virginia,Clay,56,3,0,38.46231092,-81.07652217,54015.0,658.2040432534087,5.357142857142857,53,55,3,0,52,55,8632,1,0,0,1,0
2020-10-22,US,West Virginia,Doddridge,67,1,0,39.27057157,-80.70671527,54017.0,793.0871212121212,1.492537313432836,66,67,1,0,66,66,8406,0,0,0,0,1
2020-10-22,US,West Virginia,Fayette,739,20,0,38.02974928,-81.08286634,54019.0,1742.6779229354333,2.706359945872801,719,727,20,0,707,722,43018,12,0,0,12,5
2020-10-22,US,West Virginia,Gilmer,64,0,0,38.9251277,-80.85952723,54021.0,818.100472964336,0.0,64,64,0,0,64,64,8026,0,0,0,0,0
2020-10-22,US,West Virginia,Grant,179,8,0,39.10314817,-79.19440518,54023.0,1547.3720608575381,4.46927374301676,171,179,8,0,171,178,11626,0,0,0,0,1
2020-10-22,US,West Virginia,Greenbrier,165,4,0,37.9463652,-80.45335881,54025.0,476.0256188333045,2.4242424242424243,161,162,3,0,159,161,34786,3,1,0,2,1
2020-10-22,US,West Virginia,Hampshire,122,1,0,39.32103553,-78.60826476,54027.0,526.4293419633226,0.819672131147541,121,122,1,0,121,119,23347,0,0,0,0,3
2020-10-22,US,West Virginia,Hancock,198,1,0,40.51943859,-80.57461608,54029.0,687.2613675807013,0.5050505050505051,197,195,0,0,195,194,29094,3,1,0,2,1
2020-10-22,US,West Virginia,Hardy,102,1,0,39.00683177,-78.85855301,54031.0,740.4181184668988,0.9803921568627452,101,102,1,0,101,102,13775,0,0,0,0,0
2020-10-22,US,West Virginia,Harrison,629,12,0,39.2853852,-80.37919577,54033.0,935.2325443083143,1.9077901430842608,617,625,12,0,613,625,67554,4,0,0,4,0
2020-10-22,US,West Virginia,Jackson,363,24,0,38.84263974,-81.68148753,54035.0,1270.2967525195968,6.6115702479338845,339,362,24,0,338,358,28706,1,0,0,1,4
2020-10-22,US,West Virginia,Jefferson,545,4,0,39.30776166,-77.86014147,54037.0,953.6975466349353,0.7339449541284404,541,538,4,0,534,532,56811,7,0,0,7,6
2020-10-22,US,West Virginia,Kanawha,3426,101,0,38.33860077,-81.52857054,54039.0,1923.3792189710541,2.9480443666082894,3325,3394,101,0,3293,3360,180454,32,0,0,32,34
2020-10-22,US,West Virginia,Lewis,70,2,0,38.9947249,-80.49988181,54041.0,440.0578361727542,2.8571428571428568,68,68,2,0,66,66,16024,2,0,0,2,2
2020-10-22,US,West Virginia,Lincoln,221,2,0,38.172154,-82.07017953,54043.0,1082.8556029202803,0.9049773755656108,219,217,2,0,215,217,20599,4,0,0,4,0
2020-10-22,US,West Virginia,Logan,727,45,0,37.8299889,-81.93528571,54045.0,2270.526874668166,6.189821182943604,682,719,45,0,674,716,32607,8,0,0,8,3
2020-10-22,US,West Virginia,Marion,366,5,0,39.50984542,-80.24244659,54049.0,652.7322014552717,1.3661202185792352,361,362,5,0,357,359,56097,4,0,0,4,3
2020-10-22,US,West Virginia,Marshall,267,3,0,39.86064362,-80.66591062,54051.0,874.5209786774099,1.1235955056179776,264,262,2,0,260,255,30785,5,1,0,4,7
2020-10-22,US,West Virginia,Mason,168,6,0,38.77071799,-82.02524219,54053.0,633.5797254487858,3.571428571428572,162,167,6,0,161,166,26718,1,0,0,1,1
2020-10-22,US,West Virginia,McDowell,107,1,0,37.38002939,-81.65083669,54047.0,607.1266454834317,0.9345794392523364,106,106,1,0,105,106,18223,1,0,0,1,0
2020-10-22,US,West Virginia,Mercer,625,30,0,37.40481169,-81.11023142,54055.0,1063.684945028762,4.8,595,606,30,0,576,588,59131,19,0,0,19,18
2020-10-22,US,West Virginia,Mineral,204,4,0,39.41561583,-78.94104895,54057.0,759.2675301473872,1.96078431372549,200,206,4,0,202,205,26940,-2,0,0,-2,1
2020-10-22,US,West Virginia,Mingo,538,10,0,37.73048351,-82.13338365,54059.0,2296.789617486339,1.858736059479554,528,528,10,0,518,518,23785,10,0,0,10,10
2020-10-22,US,West Virginia,Monongalia,2248,5,0,39.63218457,-80.04766838,54061.0,2128.5459985607695,0.2224199288256228,2243,2239,5,0,2234,2236,106420,9,0,0,9,3
2020-10-22,US,West Virginia,Monroe,214,8,0,37.56274716,-80.54577965,54063.0,1612.0527306967983,3.7383177570093458,206,206,8,0,198,205,13280,8,0,0,8,1
2020-10-22,US,West Virginia,Morgan,114,0,0,39.55439028,-78.26311676,54065.0,637.4412883023932,0.0,114,109,0,0,109,104,17787,5,0,0,5,5
2020-10-22,US,West Virginia,Nicholas,179,3,0,38.29617706,-80.79759588,54067.0,730.731548007838,1.675977653631285,176,177,3,0,174,174,24842,2,0,0,2,3
2020-10-22,US,West Virginia,Ohio,485,8,0,40.0955451,-80.62203992,54069.0,1171.186399748859,1.649484536082474,477,467,8,0,459,462,41755,18,0,0,18,5
2020-10-22,US,West Virginia,Pendleton,73,1,0,38.68314479,-79.35084086,54071.0,1047.4960539532217,1.3698630136986298,72,73,1,0,72,72,6997,0,0,0,0,1
2020-10-22,US,West Virginia,Pleasants,23,3,0,39.37091679,-81.16771771,54073.0,308.3109919571045,13.043478260869565,20,23,3,0,20,23,7507,0,0,0,0,0
2020-10-22,US,West Virginia,Pocahontas,66,0,0,38.32758728,-80.00993811,54075.0,800.2910149145143,0.0,66,64,0,0,64,64,8414,2,0,0,2,0
2020-10-22,US,West Virginia,Preston,186,4,0,39.46770987,-79.66712803,54077.0,556.3531945441493,2.150537634408602,182,181,4,0,177,179,33839,5,0,0,5,2
2020-10-22,US,West Virginia,Putnam,810,10,0,38.50782345,-81.9082131,54079.0,1434.8981399468555,1.2345679012345678,800,804,10,0,794,802,56682,6,0,0,6,2
2020-10-22,US,West Virginia,Raleigh,702,8,0,37.76936795,-81.2456041,54081.0,956.9117105819169,1.1396011396011396,694,681,8,0,673,674,74254,21,0,0,21,7
2020-10-22,US,West Virginia,Randolph,395,1,0,38.769899,-79.87919615,54083.0,1376.5464366614392,0.2531645569620253,394,389,1,0,388,380,28823,6,0,0,6,9
2020-10-22,US,West Virginia,Ritchie,33,0,0,39.18094587,-81.06356878,54085.0,345.4050659409671,0.0,33,32,0,0,32,32,9721,1,0,0,1,0
2020-10-22,US,West Virginia,Roane,92,2,0,38.71622686,-81.35243568,54087.0,672.1215663354764,2.1739130434782608,90,92,2,0,90,91,13932,0,0,0,0,1
2020-10-22,US,West Virginia,Summers,88,1,0,37.65390597,-80.86009693,54089.0,699.912510936133,1.1363636363636365,87,82,1,0,81,81,12760,6,0,0,6,1
2020-10-22,US,West Virginia,Taylor,164,8,0,39.33602617,-80.0421439,54091.0,982.3300389338124,4.878048780487805,156,165,8,0,157,164,16862,-1,0,0,-1,1
2020-10-22,US,West Virginia,Tucker,60,0,0,39.11240885,-79.57053576,54093.0,877.321245796169,0.0,60,58,0,0,58,56,6955,2,0,0,2,2
2020-10-22,US,West Virginia,Tyler,28,1,0,39.46811972,-80.88772676,54095.0,325.92247701082533,3.571428571428572,27,25,1,0,24,24,8746,3,0,0,3,1
2020-10-22,US,West Virginia,Upshur,233,2,0,38.89285061,-80.23689136,54097.0,963.7657180675052,0.8583690987124464,231,228,1,0,227,226,24415,5,1,0,4,2
2020-10-22,US,West Virginia,Wayne,523,11,0,38.14901357,-82.42287994,54099.0,1327.3437896553473,2.103250478011472,512,513,11,0,502,507,39944,10,0,0,10,6
2020-10-22,US,West Virginia,Webster,25,0,0,38.49370949,-80.4202023,54101.0,308.1094404732561,0.0,25,26,0,0,26,25,8285,-1,0,0,-1,1
2020-10-22,US,West Virginia,Wetzel,112,1,0,39.6065771,-80.64016540000001,54103.0,743.4450713574513,0.8928571428571429,111,95,0,0,95,93,15270,17,1,0,16,2
2020-10-22,US,West Virginia,Wirt,35,0,0,39.02775007,-81.37473928,54105.0,601.2712592338088,0.0,35,32,0,0,32,30,5830,3,0,0,3,2
2020-10-22,US,West Virginia,Wood,513,6,0,39.20967886,-81.5162836,54107.0,614.238846715678,1.1695906432748535,507,505,6,0,499,504,84203,8,0,0,8,1
2020-10-22,US,West Virginia,Wyoming,202,5,0,37.612327,-81.54511071,54109.0,990.4873982543884,2.4752475247524752,197,187,5,0,182,183,20786,15,0,0,15,4
2020-10-22,US,Wisconsin,Adams,425,4,0,43.96974651,-89.76782777,55001.0,2101.8793273986153,0.9411764705882352,421,425,4,0,421,414,20348,0,0,0,0,11
2020-10-22,US,Wisconsin,Ashland,251,3,0,46.31956891,-90.67837132,55003.0,1612.9032258064515,1.195219123505976,248,246,3,0,243,239,15600,5,0,0,5,7
2020-10-22,US,Wisconsin,Barron,895,6,0,45.42372701,-91.84833627,55005.0,1978.1628503226948,0.6703910614525139,889,858,6,0,852,827,45164,37,0,0,37,31
2020-10-22,US,Wisconsin,Bayfield,192,1,0,46.52868768,-91.19716729,55007.0,1276.9353551476456,0.5208333333333334,191,186,1,0,185,184,15042,6,0,0,6,2
2020-10-22,US,Wisconsin,Brown,13966,87,0,44.452655299999996,-88.00411844,55009.0,5279.3129257358005,0.6229414291851639,13879,13645,87,0,13558,13415,263378,321,0,0,321,230
2020-10-22,US,Wisconsin,Buffalo,226,3,0,44.37835084,-91.75332578,55011.0,1734.3258383853886,1.327433628318584,223,219,3,0,216,213,13125,7,0,0,7,6
2020-10-22,US,Wisconsin,Burnett,286,6,0,45.86303537,-92.36711412,55013.0,1855.4560788893214,2.097902097902098,280,282,6,0,276,277,15392,4,0,0,4,5
2020-10-22,US,Wisconsin,Calumet,2452,11,0,44.0816316,-88.21780273,55015.0,4895.286390225399,0.44861337683523655,2441,2373,11,0,2362,2327,50159,79,0,0,79,46
2020-10-22,US,Wisconsin,Chippewa,1279,7,0,45.06939744,-91.28068855,55017.0,1978.1001577531008,0.547302580140735,1272,1215,7,0,1208,1130,64135,64,0,0,64,85
2020-10-22,US,Wisconsin,Clark,738,14,0,44.73483377,-90.61207486,55019.0,2122.275263127624,1.897018970189702,724,714,13,0,701,685,34709,24,1,0,23,29
2020-10-22,US,Wisconsin,Columbia,1575,5,0,43.46492199,-89.33589004,55021.0,2737.6068970312176,0.31746031746031744,1570,1534,4,0,1530,1504,57358,41,1,0,40,30
2020-10-22,US,Wisconsin,Crawford,308,0,0,43.23870316,-90.93073686,55023.0,1909.3670572190192,0.0,308,300,0,0,300,297,16291,8,0,0,8,3
2020-10-22,US,Wisconsin,Dane,13315,47,0,43.06601594,-89.41733797,55025.0,2435.544499218028,0.3529853548629365,13268,13121,46,0,13075,12821,542364,194,1,0,193,300
2020-10-22,US,Wisconsin,Dodge,3379,24,0,43.41576662,-88.70928178,55027.0,3846.8106421976568,0.7102693104468778,3355,3280,23,0,3257,3150,87847,99,1,0,98,130
2020-10-22,US,Wisconsin,Door,695,4,0,44.95856458,-87.30002707,55029.0,2511.9271360416365,0.5755395683453237,691,668,4,0,664,651,27610,27,0,0,27,17
2020-10-22,US,Wisconsin,Douglas,715,1,0,46.43222285,-91.91595768,55031.0,1657.010428736964,0.13986013986013987,714,707,1,0,706,701,43208,8,0,0,8,6
2020-10-22,US,Wisconsin,Dunn,929,1,0,44.94562799,-91.8962481,55033.0,2047.69881855052,0.10764262648008613,928,900,1,0,899,884,45131,29,0,0,29,16
2020-10-22,US,Wisconsin,Eau Claire,2850,12,0,44.726614,-91.28609183,55035.0,2723.4676910727594,0.42105263157894735,2838,2783,12,0,2771,2736,104534,67,0,0,67,47
2020-10-22,US,Wisconsin,Florence,198,6,0,45.84963535,-88.39804137,55037.0,4610.011641443539,3.0303030303030303,192,186,6,0,180,172,4321,12,0,0,12,14
2020-10-22,US,Wisconsin,Fond du Lac,3835,19,0,43.75354908,-88.48885325,55039.0,3708.789880370976,0.4954367666232073,3816,3741,19,0,3722,3688,103066,94,0,0,94,53
2020-10-22,US,Wisconsin,Forest,417,10,0,45.66678019,-88.77084892,55041.0,4631.274988893825,2.3980815347721824,407,413,10,0,403,401,8991,4,0,0,4,12
2020-10-22,US,Wisconsin,Grant,1688,28,0,42.8671731,-90.7063218,55043.0,3281.556795427594,1.6587677725118484,1660,1646,27,0,1619,1623,51554,42,1,0,41,23
2020-10-22,US,Wisconsin,Green,855,5,0,42.6794956,-89.60243287,55045.0,2313.3116883116877,0.5847953216374269,850,846,5,0,841,828,36929,9,0,0,9,18
2020-10-22,US,Wisconsin,Green Lake,653,2,0,43.80025981,-89.04679553,55047.0,3452.6516152910685,0.30627871362940273,651,632,2,0,630,618,18918,21,0,0,21,14
2020-10-22,US,Wisconsin,Iowa,407,1,0,43.00050278,-90.13469017,55049.0,1718.895176957513,0.2457002457002457,406,401,1,0,400,385,23771,6,0,0,6,16
2020-10-22,US,Wisconsin,Iron,177,1,0,46.26302338,-90.24295041,55051.0,3112.361526288025,0.5649717514124294,176,170,1,0,169,170,5676,7,0,0,7,0
2020-10-22,US,Wisconsin,Jackson,326,1,0,44.31864893,-90.80566792,55053.0,1579.2278254129724,0.3067484662576687,325,309,1,0,308,299,20478,17,0,0,17,10
2020-10-22,US,Wisconsin,Jefferson,2380,10,0,43.02054068,-88.77529134,55055.0,2807.630147813469,0.4201680672268908,2370,2356,10,0,2346,2308,85129,24,0,0,24,48
2020-10-22,US,Wisconsin,Juneau,707,4,0,43.92456975,-90.11120239,55057.0,2649.2299621538573,0.5657708628005658,703,693,4,0,689,675,26617,14,0,0,14,18
2020-10-22,US,Wisconsin,Kenosha,4603,74,0,42.57639354,-88.04051686,55059.0,2714.657261988311,1.6076471866174231,4529,4557,74,0,4483,4479,169290,46,0,0,46,78
2020-10-22,US,Wisconsin,Kewaunee,981,6,0,44.51727459,-87.61468386,55061.0,4800.822159146521,0.6116207951070336,975,968,5,0,963,937,20383,13,1,0,12,31
2020-10-22,US,Wisconsin,La Crosse,3961,17,0,43.90632465,-91.11451093,55063.0,3356.324566160521,0.4291845493562232,3944,3907,15,0,3892,3868,118230,54,2,0,52,39
2020-10-22,US,Wisconsin,Lafayette,478,1,0,42.66005229,-90.1317729,55065.0,2868.2868286828693,0.20920502092050208,477,471,1,0,470,466,16665,7,0,0,7,5
2020-10-22,US,Wisconsin,Langlade,774,8,0,45.26271619,-89.07483625,55067.0,4033.5608942623385,1.0335917312661498,766,754,8,0,746,704,19268,20,0,0,20,50
2020-10-22,US,Wisconsin,Lincoln,649,5,0,45.33737523,-89.73411273,55069.0,2352.045808719603,0.7704160246533128,644,617,5,0,612,603,27689,32,0,0,32,14
2020-10-22,US,Wisconsin,Manitowoc,2385,9,0,44.11946801,-87.80928853,55071.0,3019.713602005545,0.37735849056603776,2376,2347,8,0,2339,2258,79074,38,1,0,37,89
2020-10-22,US,Wisconsin,Marathon,3859,40,0,44.89792533,-89.75863384,55073.0,2843.940689207912,1.0365379632029024,3819,3699,39,0,3660,3531,135428,160,1,0,159,168
2020-10-22,US,Wisconsin,Marinette,1532,11,0,45.38553432,-88.03324599999998,55075.0,3796.778190830235,0.7180156657963447,1521,1502,11,0,1491,1478,40434,30,0,0,30,24
2020-10-22,US,Wisconsin,Marquette,556,2,0,43.81911946,-89.40073763,55077.0,3570.0526518556567,0.3597122302158273,554,537,2,0,535,528,15434,19,0,0,19,9
2020-10-22,US,Wisconsin,Menominee,257,0,0,45.00422544,-88.70950714,55078.0,5640.91308165057,0.0,257,252,0,0,252,239,4658,5,0,0,5,13
2020-10-22,US,Wisconsin,Milwaukee,37082,561,0,43.00486062,-87.96733172,55079.0,3921.008833425326,1.5128633838520036,36521,36706,559,0,36147,36059,948201,376,2,0,374,647
2020-10-22,US,Wisconsin,Monroe,1007,4,0,43.94641218,-90.61881899999999,55081.0,2177.1560763626144,0.3972194637537239,1003,989,4,0,985,960,46051,18,0,0,18,29
2020-10-22,US,Wisconsin,Oconto,1942,9,0,45.02715345,-88.26807503,55083.0,5119.957817031373,0.4634397528321319,1933,1877,8,0,1869,1817,37830,65,1,0,64,60
2020-10-22,US,Wisconsin,Oneida,1072,8,0,45.70677897,-89.51944105,55085.0,3011.658940862481,0.746268656716418,1064,1025,8,0,1017,967,35470,47,0,0,47,58
2020-10-22,US,Wisconsin,Outagamie,8294,56,0,44.41578887,-88.46565023,55087.0,4414.4024270165255,0.6751868820834338,8238,8183,55,0,8128,8026,187365,111,1,0,110,157
2020-10-22,US,Wisconsin,Ozaukee,2001,23,0,43.38352225,-87.94625009,55089.0,2242.745541968819,1.1494252873563218,1978,1992,23,0,1969,1939,89147,9,0,0,9,53
2020-10-22,US,Wisconsin,Pepin,112,0,0,44.58307413,-91.99949611,55091.0,1536.983669548511,0.0,112,102,0,0,102,93,7289,10,0,0,10,9
2020-10-22,US,Wisconsin,Pierce,639,7,0,44.71850291,-92.4224416,55093.0,1494.5969967722324,1.0954616588419406,632,619,7,0,612,612,42555,20,0,0,20,7
2020-10-22,US,Wisconsin,Polk,454,2,0,45.46130348,-92.44182875,55095.0,1036.9321426124297,0.4405286343612335,452,445,2,0,443,419,43598,9,0,0,9,26
2020-10-22,US,Wisconsin,Portage,2433,19,0,44.47558711,-89.50152965,55097.0,3437.8002599898273,0.7809288943690916,2414,2397,18,0,2379,2331,70942,36,1,0,35,66
2020-10-22,US,Wisconsin,Price,317,0,0,45.68051754,-90.36098879999999,55099.0,2374.3539809752083,0.0,317,299,0,0,299,293,13397,18,0,0,18,6
2020-10-22,US,Wisconsin,Racine,6616,106,0,42.74753117,-88.05941254,55101.0,3370.1626500807392,1.6021765417170497,6510,6575,105,0,6470,6454,196584,41,1,0,40,121
2020-10-22,US,Wisconsin,Richland,415,6,0,43.3762778,-90.43012729,55103.0,2405.5182007883145,1.4457831325301205,409,404,6,0,398,390,17377,11,0,0,11,14
2020-10-22,US,Wisconsin,Rock,4455,39,0,42.67151616,-89.07147900000002,55105.0,2727.2059453701777,0.8754208754208754,4416,4292,39,0,4253,4191,163129,163,0,0,163,101
2020-10-22,US,Wisconsin,Rusk,165,1,0,45.47498854,-91.1333012,55107.0,1163.7748624629708,0.6060606060606061,164,160,1,0,159,152,14147,5,0,0,5,8
2020-10-22,US,Wisconsin,Sauk,1535,7,0,43.42574087,-89.94966132,55111.0,2381.986902951491,0.4560260586319218,1528,1511,7,0,1504,1485,64249,24,0,0,24,26
2020-10-22,US,Wisconsin,Sawyer,353,1,0,45.87931905,-91.14504927,55113.0,2131.8999879212465,0.28328611898017,352,350,1,0,349,349,16489,3,0,0,3,1
2020-10-22,US,Wisconsin,Shawano,2135,17,0,44.78902246,-88.76443896,55115.0,5220.176532433556,0.7962529274004684,2118,2093,15,0,2078,1998,40796,42,2,0,40,95
2020-10-22,US,Wisconsin,Sheboygan,4101,22,0,43.72099677,-87.94579284,55117.0,3555.574822264609,0.5364545232870032,4079,3995,22,0,3973,3839,115456,106,0,0,106,156
2020-10-22,US,Wisconsin,St. Croix,1582,9,0,45.03437474,-92.45000068,55109.0,1744.4617199819158,0.5689001264222503,1573,1550,9,0,1541,1467,89694,32,0,0,32,83
2020-10-22,US,Wisconsin,Taylor,407,7,0,45.21179252,-90.5004405,55119.0,2000.688197414344,1.71990171990172,400,395,7,0,388,382,20412,12,0,0,12,13
2020-10-22,US,Wisconsin,Trempealeau,922,2,0,44.30360275,-91.35893614,55121.0,3109.717022496543,0.2169197396963124,920,910,2,0,908,896,29442,12,0,0,12,14
2020-10-22,US,Wisconsin,Vernon,454,2,0,43.59422667,-90.8324691,55123.0,1472.9738498475117,0.4405286343612335,452,450,3,0,447,434,30785,4,-1,0,5,16
2020-10-22,US,Wisconsin,Vilas,479,5,0,46.05467334,-89.51719204,55125.0,2158.143726064429,1.0438413361169103,474,459,4,0,455,448,21938,20,1,0,19,11
2020-10-22,US,Wisconsin,Walworth,3186,37,0,42.66858202,-88.54163073,55127.0,3067.354719451612,1.1613308223477714,3149,3157,37,0,3120,3114,103718,29,0,0,29,43
2020-10-22,US,Wisconsin,Washburn,212,2,0,45.89838588,-91.79050449,55129.0,1348.6005089058526,0.9433962264150944,210,206,2,0,204,200,15878,6,0,0,6,6
2020-10-22,US,Wisconsin,Washington,4044,43,0,43.36863664,-88.22974712,55131.0,2972.7862152109033,1.0633036597428291,4001,4028,41,0,3987,3918,135693,16,2,0,14,110
2020-10-22,US,Wisconsin,Waukesha,11116,110,0,43.01833055,-88.30431188,55133.0,2750.137308942647,0.9895645915797048,11006,10923,108,0,10815,10576,403072,193,2,0,191,347
2020-10-22,US,Wisconsin,Waupaca,2116,36,0,44.47068056,-88.96534501,55135.0,4149.833300647187,1.7013232514177694,2080,2065,36,0,2029,2031,51128,51,0,0,51,34
2020-10-22,US,Wisconsin,Waushara,867,4,0,44.11324419,-89.24317107,55137.0,3547.027778914209,0.46136101499423293,863,837,4,0,833,817,24263,30,0,0,30,20
2020-10-22,US,Wisconsin,Winnebago,7989,53,0,44.06886922,-88.64477096,55139.0,4647.280215465339,0.663412191763675,7936,7807,53,0,7754,7723,171020,182,0,0,182,84
2020-10-22,US,Wisconsin,Wood,1444,9,0,44.45537896,-90.04158336,55141.0,1978.1092891683447,0.6232686980609419,1435,1426,9,0,1417,1389,73055,18,0,0,18,37
2020-10-22,US,Wyoming,Albany,1167,2,0,41.65498705,-105.72354150000001,56001.0,3001.543209876543,0.1713796058269066,1165,1147,2,0,1145,1131,38601,20,0,0,20,16
2020-10-22,US,Wyoming,Big Horn,189,1,0,44.52405055,-107.9960365,56003.0,1603.0534351145038,0.5291005291005291,188,175,1,0,174,173,11881,14,0,0,14,2
2020-10-22,US,Wyoming,Campbell,701,2,0,44.24886082,-105.54744040000001,56005.0,1512.6993375196907,0.28530670470756064,699,676,2,0,674,637,46140,25,0,0,25,39
2020-10-22,US,Wyoming,Carbon,295,2,0,41.69357844,-106.9326084,56007.0,1993.2432432432433,0.6779661016949152,293,286,2,0,284,279,14971,9,0,0,9,7
2020-10-22,US,Wyoming,Converse,275,0,0,42.97272268,-105.5081848,56009.0,1989.5818260743745,0.0,275,269,0,0,269,253,13640,6,0,0,6,16
2020-10-22,US,Wyoming,Crook,91,0,0,44.58855102,-104.56977049999999,56011.0,1199.8945147679324,0.0,91,90,0,0,90,88,7450,1,0,0,1,2
2020-10-22,US,Wyoming,Fremont,1150,15,0,43.04183996,-108.6296893,56013.0,2929.115407147041,1.3043478260869563,1135,1113,15,0,1098,1066,39531,37,0,0,37,47
2020-10-22,US,Wyoming,Goshen,146,2,0,42.08798185,-104.3534743,56015.0,1105.1396563469837,1.3698630136986298,144,139,2,0,137,135,13376,7,0,0,7,4
2020-10-22,US,Wyoming,Hot Springs,46,0,0,43.71930657,-108.44231740000001,56017.0,1042.3748017221844,0.0,46,46,0,0,46,45,4555,0,0,0,0,1
2020-10-22,US,Wyoming,Johnson,77,2,0,44.04057166,-106.58451740000001,56019.0,911.7821195973947,2.5974025974025974,75,75,2,0,73,73,8460,2,0,0,2,2
2020-10-22,US,Wyoming,Laramie,1308,4,0,41.30702520000001,-104.6887497,56021.0,1314.572864321608,0.3058103975535168,1304,1280,4,0,1276,1227,98976,28,0,0,28,53
2020-10-22,US,Wyoming,Lincoln,321,2,0,42.26376367,-110.6563997,56023.0,1618.7594553706506,0.6230529595015576,319,314,2,0,312,312,19434,7,0,0,7,2
2020-10-22,US,Wyoming,Natrona,1136,8,0,42.96180148,-106.79788500000001,56025.0,1422.524981842771,0.7042253521126759,1128,1111,8,0,1103,1065,79115,25,0,0,25,46
2020-10-22,US,Wyoming,Niobrara,7,0,0,43.05607708,-104.47588959999999,56027.0,297.11375212224107,0.0,7,6,0,0,6,6,2388,1,0,0,1,0
2020-10-22,US,Wyoming,Park,504,3,0,44.52157546,-109.58528249999999,56029.0,1726.3821333150647,0.5952380952380952,501,481,3,0,478,462,29324,23,0,0,23,19
2020-10-22,US,Wyoming,Platte,113,1,0,42.13299116,-104.96633100000001,56031.0,1346.3600619563922,0.8849557522123894,112,106,1,0,105,98,8566,7,0,0,7,8
2020-10-22,US,Wyoming,Sheridan,598,4,0,44.79048913,-106.8862389,56033.0,1961.6204690831562,0.6688963210702341,594,577,4,0,573,539,30233,21,0,0,21,38
2020-10-22,US,Wyoming,Sublette,157,1,0,42.76558279,-109.91309220000001,56035.0,1596.9891160614386,0.6369426751592356,156,154,1,0,153,149,9813,3,0,0,3,5
2020-10-22,US,Wyoming,Sweetwater,443,2,0,41.65943896,-108.8827882,56037.0,1046.2177927874736,0.4514672686230248,441,436,2,0,434,428,43051,7,0,0,7,8
2020-10-22,US,Wyoming,Teton,727,1,0,43.93522482,-110.5890801,56039.0,3098.36345039209,0.1375515818431912,726,715,1,0,714,716,23081,12,0,0,12,-1
2020-10-22,US,Wyoming,Uinta,410,2,0,41.2878183,-110.54757820000002,56041.0,2027.0938396123802,0.4878048780487805,408,407,2,0,405,404,20299,3,0,0,3,3
2020-10-22,US,Wyoming,Unassigned,0,7,0,0.0,0.0,90056.0,0.0,0.0,-7,,,,,,,,,,,
2020-10-22,US,Wyoming,Washakie,143,7,0,43.90451606,-107.68018700000002,56043.0,1832.1588725176168,4.895104895104895,136,142,7,0,135,139,7885,1,0,0,1,3
2020-10-22,US,Wyoming,Weston,115,0,0,43.83961191,-104.56748809999999,56045.0,1660.1703479139599,0.0,115,103,0,0,103,101,6967,12,0,0,12,2
