Date,Country/Region,Province/State,Admin2,Confirmed,Deaths,Recovered,Latitude,Longitude,FIPS,Incidence_Rate,Case-Fatality_Ratio,Active Cases,Previous Confirmed,Previous Deaths,Previous Recovered,Previous Active,Prev2 Confirmed,Population,Daily Confirmed,Daily Deaths,Daily Recovered,Daily Active,Previous Daily Confirmed
2020-09-23,US,Alabama,Autauga,1715,25,0,32.53952745,-86.64408227,1001.0,3069.6808605845813,1.4577259475218658,1690,1714,25,0,1689,1691,55601,1,0,0,1,23
2020-09-23,US,Alabama,Baldwin,5141,49,0,30.72774991,-87.72207058,1003.0,2302.964602166337,0.9531219607080336,5092,5124,49,0,5075,5087,218022,17,0,0,17,37
2020-09-23,US,Alabama,Barbour,851,7,0,31.868263,-85.3871286,1005.0,3447.298063679819,0.8225616921269095,844,848,7,0,841,838,24881,3,0,0,3,10
2020-09-23,US,Alabama,Bibb,638,10,0,32.99642064,-87.12511459999996,1007.0,2848.9774046619627,1.567398119122257,628,635,10,0,625,636,22400,3,0,0,3,-1
2020-09-23,US,Alabama,Blount,1580,15,0,33.98210918,-86.56790593,1009.0,2732.334935842009,0.9493670886075948,1565,1573,14,0,1559,1560,57840,7,1,0,6,13
2020-09-23,US,Alabama,Bullock,597,14,0,32.10030533,-85.71265535,1011.0,5910.30591030591,2.345058626465661,583,593,14,0,579,591,10138,4,0,0,4,2
2020-09-23,US,Alabama,Butler,911,39,0,31.75300095,-86.68057478,1013.0,4684.286301933361,4.281009879253569,872,911,38,0,873,911,19680,0,1,0,-1,0
2020-09-23,US,Alabama,Calhoun,3401,40,0,33.77483727,-85.82630386,1015.0,2993.706262928569,1.1761246692149367,3361,3390,40,0,3350,3374,114277,11,0,0,11,16
2020-09-23,US,Alabama,Chambers,1144,42,0,32.91360079,-85.39072749,1017.0,3440.187646598905,3.6713286713286712,1102,1140,42,0,1098,1132,33615,4,0,0,4,8
2020-09-23,US,Alabama,Cherokee,583,15,0,34.17805983,-85.60638968,1019.0,2225.530615361124,2.5728987993138936,568,575,16,0,559,569,26032,8,-1,0,9,6
2020-09-23,US,Alabama,Chilton,1524,31,0,32.85044126,-86.7173256,1021.0,3430.269199603853,2.0341207349081363,1493,1513,28,0,1485,1502,44153,11,3,0,8,11
2020-09-23,US,Alabama,Choctaw,344,12,0,32.02227341,-88.26564429999998,1023.0,2732.5442846929864,3.4883720930232562,332,346,12,0,334,345,12841,-2,0,0,-2,1
2020-09-23,US,Alabama,Clarke,1070,17,0,31.68099859,-87.83548597,1025.0,4529.675726018118,1.588785046728972,1053,1063,17,0,1046,1055,23920,7,0,0,7,8
2020-09-23,US,Alabama,Clay,554,7,0,33.26984193,-85.85836077,1027.0,4185.870797128825,1.263537906137184,547,553,7,0,546,552,13275,1,0,0,1,1
2020-09-23,US,Alabama,Cleburne,335,6,0,33.67679204,-85.52005899,1029.0,2246.8142186452046,1.791044776119403,329,334,6,0,328,332,14987,1,0,0,1,2
2020-09-23,US,Alabama,Coffee,1298,8,0,31.39932826,-85.98901039,1031.0,2479.8441022505826,0.6163328197226502,1290,1289,8,0,1281,1283,51909,9,0,0,9,6
2020-09-23,US,Alabama,Colbert,1629,26,0,34.69847452,-87.80168544,1033.0,2948.896652848428,1.5960712093308778,1603,1621,26,0,1595,1609,54762,8,0,0,8,12
2020-09-23,US,Alabama,Conecuh,530,11,0,31.43401703,-86.99320044,1035.0,4392.143863429187,2.0754716981132075,519,530,11,0,519,524,12277,0,0,0,0,6
2020-09-23,US,Alabama,Coosa,167,3,0,32.93690146,-86.24847739,1037.0,1566.1633686579764,1.7964071856287425,164,167,3,0,164,165,10715,0,0,0,0,2
2020-09-23,US,Alabama,Covington,1334,27,0,31.247785399999998,-86.45050893,1039.0,3600.636994250857,2.0239880059970017,1307,1334,27,0,1307,1311,36986,0,0,0,0,23
2020-09-23,US,Alabama,Crenshaw,527,32,0,31.72941803,-86.31593104,1041.0,3826.604705198953,6.072106261859582,495,525,32,0,493,523,13824,2,0,0,2,2
2020-09-23,US,Alabama,Cullman,1868,18,0,34.13020303,-86.86888037,1043.0,2229.9684843854457,0.9635974304068522,1850,1868,19,0,1849,1862,83442,0,-1,0,1,6
2020-09-23,US,Alabama,Dale,1346,44,0,31.43037123,-85.61095742,1045.0,2737.33018791182,3.268945022288261,1302,1341,43,0,1298,1333,48956,5,1,0,4,8
2020-09-23,US,Alabama,Dallas,1759,26,0,32.32688101,-87.10866709999998,1047.0,4729.003118614904,1.4781125639567936,1733,1762,26,0,1736,1749,38310,-3,0,0,-3,13
2020-09-23,US,Alabama,DeKalb,2375,19,0,34.45946862,-85.80782906,1049.0,3321.074489952876,0.8,2356,2375,19,0,2356,2371,71385,0,0,0,0,4
2020-09-23,US,Alabama,Elmore,2596,47,0,32.59785413,-86.14415284,1051.0,3196.690022041892,1.810477657935285,2549,2586,47,0,2539,2558,81887,10,0,0,10,28
2020-09-23,US,Alabama,Escambia,1577,25,0,31.1256789,-87.15918694,1053.0,4304.8617366855015,1.5852885225110969,1552,1573,25,0,1548,1564,36748,4,0,0,4,9
2020-09-23,US,Alabama,Etowah,3402,47,0,34.04567266,-86.04051873,1055.0,3326.5537607071615,1.3815402704291593,3355,3384,47,0,3337,3365,102501,18,0,0,18,19
2020-09-23,US,Alabama,Fayette,435,8,0,33.72076938,-87.73886638,1057.0,2668.384247331616,1.839080459770115,427,429,9,0,420,426,16433,6,-1,0,7,3
2020-09-23,US,Alabama,Franklin,1752,29,0,34.44235334,-87.84289505,1059.0,5586.378419743639,1.6552511415525115,1723,1748,28,0,1720,1745,31363,4,1,0,3,3
2020-09-23,US,Alabama,Geneva,586,4,0,31.09389027,-85.83572839,1061.0,2230.596475200792,0.6825938566552902,582,584,4,0,580,581,26314,2,0,0,2,3
2020-09-23,US,Alabama,Greene,303,15,0,32.85504247,-87.95684022,1063.0,3735.667611885094,4.950495049504951,288,302,15,0,287,300,8233,1,0,0,1,2
2020-09-23,US,Alabama,Hale,619,28,0,32.76039258,-87.63284988,1065.0,4224.967579004846,4.523424878836834,591,616,28,0,588,615,14726,3,0,0,3,1
2020-09-23,US,Alabama,Henry,483,5,0,31.51148016,-85.24267944,1067.0,2807.323452484743,1.0351966873706004,478,480,5,0,475,475,17209,3,0,0,3,5
2020-09-23,US,Alabama,Houston,2764,23,0,31.15197924,-85.29939599,1069.0,2610.453145954931,0.8321273516642547,2741,2753,22,0,2731,2727,104722,11,1,0,10,26
2020-09-23,US,Alabama,Jackson,1540,11,0,34.78144169,-85.99750489,1071.0,2982.9930655096277,0.7142857142857143,1529,1527,11,0,1516,1516,51736,13,0,0,13,11
2020-09-23,US,Alabama,Jefferson,19306,349,0,33.55554728,-86.89506300000002,1073.0,2931.489751325973,1.807728167409096,18957,19230,342,0,18888,19123,659300,76,7,0,69,107
2020-09-23,US,Alabama,Lamar,357,2,0,33.77995024,-88.09668032,1075.0,2586.0195581311123,0.5602240896358543,355,355,2,0,353,353,13844,2,0,0,2,2
2020-09-23,US,Alabama,Lauderdale,1673,33,0,34.90171875,-87.65624729,1077.0,1804.1820789612743,1.9725044829647342,1640,1662,33,0,1629,1653,92387,11,0,0,11,9
2020-09-23,US,Alabama,Lawrence,605,22,0,34.52041498,-87.31069453,1079.0,1837.5653019074234,3.636363636363636,583,603,20,0,583,592,32957,2,2,0,0,11
2020-09-23,US,Alabama,Lee,5792,61,0,32.60154883,-85.35132246,1081.0,3520.073902104022,1.0531767955801106,5731,5765,60,0,5705,5751,163941,27,1,0,26,14
2020-09-23,US,Alabama,Limestone,2033,19,0,34.81185586,-86.98310072,1083.0,2055.300005054845,0.9345794392523364,2014,2021,19,0,2002,2001,96174,12,0,0,12,20
2020-09-23,US,Alabama,Lowndes,652,27,0,32.1597283,-86.65158371,1085.0,6703.68085543903,4.141104294478526,625,651,27,0,624,649,9974,1,0,0,1,2
2020-09-23,US,Alabama,Macon,479,20,0,32.38759944,-85.69267724,1087.0,2651.095860084127,4.175365344467641,459,479,20,0,459,478,18439,0,0,0,0,1
2020-09-23,US,Alabama,Madison,7709,78,0,34.76327133,-86.55069633,1089.0,2067.260377196581,1.011804384485666,7631,7674,75,0,7599,7630,366519,35,3,0,32,44
2020-09-23,US,Alabama,Marengo,705,19,0,32.24767634,-87.78796182,1091.0,3737.475481100567,2.695035460992908,686,702,19,0,683,701,19066,3,0,0,3,1
2020-09-23,US,Alabama,Marion,954,29,0,34.13697363,-87.88704173,1093.0,3211.1481369282037,3.039832285115304,925,952,28,0,924,948,29763,2,1,0,1,4
2020-09-23,US,Alabama,Marshall,3892,44,0,34.36975964,-86.30486727,1095.0,4021.741376816087,1.1305241521068858,3848,3889,43,0,3846,3879,96109,3,1,0,2,10
2020-09-23,US,Alabama,Mobile,13233,291,0,30.78472347,-88.20842409,1097.0,3202.4878391132843,2.1990478349580598,12942,13192,291,0,12901,13122,413757,41,0,0,41,70
2020-09-23,US,Alabama,Monroe,580,8,0,31.56729412,-87.36995001,1099.0,2797.4726281773023,1.3793103448275863,572,579,8,0,571,576,21067,1,0,0,1,3
2020-09-23,US,Alabama,Montgomery,8748,177,0,32.2206831,-86.20969272,1101.0,3862.490396757416,2.0233196159122087,8571,8711,175,0,8536,8688,225763,37,2,0,35,23
2020-09-23,US,Alabama,Morgan,3239,26,0,34.45500589,-86.85475946,1103.0,2706.406303528606,0.8027168879283729,3213,3226,26,0,3200,3214,119089,13,0,0,13,12
2020-09-23,US,Alabama,Perry,539,6,0,32.64048341,-87.29770589,1105.0,6040.569315252717,1.1131725417439704,533,539,6,0,533,538,9140,0,0,0,0,1
2020-09-23,US,Alabama,Pickens,645,14,0,33.28094866,-88.08818103,1107.0,3236.3271450075263,2.1705426356589146,631,639,14,0,625,638,19938,6,0,0,6,1
2020-09-23,US,Alabama,Pike,1179,9,0,31.80396383,-85.9408295,1109.0,3560.427613698135,0.7633587786259542,1170,1172,9,0,1163,1161,33338,7,0,0,7,11
2020-09-23,US,Alabama,Randolph,627,13,0,33.29526734,-85.45708831,1111.0,2759.440190124109,2.073365231259968,614,624,13,0,611,622,22725,3,0,0,3,2
2020-09-23,US,Alabama,Russell,1732,2,0,32.28725256,-85.18415324,1113.0,2988.216214351029,0.11547344110854504,1730,1730,2,0,1728,1731,57781,2,0,0,2,-1
2020-09-23,US,Alabama,Shelby,5787,50,0,33.26879845,-86.66232561,1117.0,2658.220870731551,0.8640055296353897,5737,5765,50,0,5715,5719,215707,22,0,0,22,46
2020-09-23,US,Alabama,St. Clair,2263,37,0,33.71902176,-86.31029372,1115.0,2528.152649924033,1.6349977905435262,2226,2255,35,0,2220,2243,88690,8,2,0,6,12
2020-09-23,US,Alabama,Sumter,432,19,0,32.59117397,-88.19916205,1119.0,3476.301601351895,4.398148148148149,413,423,19,0,404,418,12691,9,0,0,9,5
2020-09-23,US,Alabama,Talladega,2106,28,0,33.37823223,-86.16886178,1121.0,2633.224136637575,1.3295346628679965,2078,2099,27,0,2072,2077,79828,7,1,0,6,22
2020-09-23,US,Alabama,Tallapoosa,1138,85,0,32.86698258,-85.79833053,1123.0,2819.1344414992445,7.469244288224956,1053,1139,84,0,1055,1136,40497,-1,1,0,-2,3
2020-09-23,US,Alabama,Tuscaloosa,7418,116,0,33.28726072,-87.52556818,1125.0,3543.2638341572924,1.5637638177406308,7302,7355,114,0,7241,7323,208911,63,2,0,61,32
2020-09-23,US,Alabama,Walker,2253,83,0,33.80270512,-87.30027177,1127.0,3546.858519229861,3.6839769196626717,2170,2250,80,0,2170,2243,63711,3,3,0,0,7
2020-09-23,US,Alabama,Washington,551,13,0,31.4092794,-88.20689944,1129.0,3374.984687002327,2.3593466424682394,538,549,13,0,536,549,16378,2,0,0,2,0
2020-09-23,US,Alabama,Wilcox,530,11,0,31.98773215,-87.30891118,1131.0,5109.418683119638,2.0754716981132075,519,530,11,0,519,531,10627,0,0,0,0,-1
2020-09-23,US,Alabama,Winston,718,12,0,34.15030532,-87.37325922,1133.0,3038.638960599264,1.6713091922005572,706,718,12,0,706,716,23660,0,0,0,0,2
2020-09-23,US,Alaska,Aleutians East,2,0,0,55.32222414,-161.9722021,2013.0,59.93407252022774,0.0,2,2,0,0,2,2,3515,0,0,0,0,0
2020-09-23,US,Alaska,Aleutians West,8,0,0,52.3233,-174.1596,2016.0,141.9950301739439,0.0,8,8,0,0,8,7,5723,0,0,0,0,1
2020-09-23,US,Alaska,Anchorage,3926,28,0,61.14998174,-149.14269860000005,2020.0,1363.1944444444443,0.7131940906775344,3898,3904,28,0,3876,3873,291538,22,0,0,22,31
2020-09-23,US,Alaska,Bethel,96,1,0,60.90980451,-159.8561831,2050.0,522.1364081366256,1.0416666666666667,95,95,1,0,94,95,18216,1,0,0,1,0
2020-09-23,US,Alaska,Bristol Bay,10,0,0,58.74513976,-156.701064,2060.0,1196.1722488038274,0.0,10,10,0,0,10,10,877,0,0,0,0,0
2020-09-23,US,Alaska,Denali,2,0,0,63.67264044,-150.0076108,2068.0,95.37434430138292,0.0,2,2,0,0,2,2,2059,0,0,0,0,0
2020-09-23,US,Alaska,Dillingham,8,0,0,59.79603738,-158.23819419999995,2070.0,162.73393002441009,0.0,8,8,0,0,8,8,5000,0,0,0,0,0
2020-09-23,US,Alaska,Fairbanks North Star,1001,9,0,64.80726247,-146.5692662,2090.0,1033.5677188200189,0.8991008991008991,992,987,9,0,978,985,98971,14,0,0,14,2
2020-09-23,US,Alaska,Haines,5,0,0,59.09893571,-135.4679843,2100.0,197.6284584980237,0.0,5,5,0,0,5,5,2474,0,0,0,0,0
2020-09-23,US,Alaska,Juneau,273,1,0,58.45031811,-134.200436,2110.0,853.8187277162692,0.3663003663003663,272,271,1,0,270,272,32113,2,0,0,2,-1
2020-09-23,US,Alaska,Kenai Peninsula,440,2,0,60.24429722,-151.53888840000005,2122.0,749.4719629352048,0.4545454545454545,438,435,2,0,433,435,58533,5,0,0,5,0
2020-09-23,US,Alaska,Ketchikan Gateway,49,0,0,55.57445008,-130.975561,2130.0,352.49262642975333,0.0,49,49,0,0,49,49,13918,0,0,0,0,0
2020-09-23,US,Alaska,Kodiak Island,21,0,0,57.65529415,-153.7493579,2150.0,161.56331743345132,0.0,21,21,0,0,21,20,13345,0,0,0,0,1
2020-09-23,US,Alaska,Kusilvak,12,0,0,62.15429159999999,-163.39678830000003,2158.0,144.3348568679336,0.0,12,12,0,0,12,12,8303,0,0,0,0,0
2020-09-23,US,Alaska,Matanuska-Susitna,587,2,0,62.31305045,-149.5741743,2170.0,541.9278598927223,0.34071550255536626,585,584,2,0,582,579,107610,3,0,0,3,5
2020-09-23,US,Alaska,Nome,57,0,0,64.90320724,-164.0353804,2180.0,569.7720911635346,0.0,57,57,0,0,57,57,10008,0,0,0,0,0
2020-09-23,US,Alaska,North Slope,96,0,0,69.31479216,-153.4836093,2185.0,976.4035801464604,0.0,96,93,0,0,93,93,9872,3,0,0,3,0
2020-09-23,US,Alaska,Northwest Arctic,98,0,0,67.04919196,-159.7503946,2188.0,1285.920482876263,0.0,98,98,0,0,98,93,7671,0,0,0,0,5
2020-09-23,US,Alaska,Petersburg,7,1,0,57.13978948,-132.9540995,2195.0,214.32945499081444,14.285714285714285,6,7,1,0,6,7,3221,0,0,0,0,0
2020-09-23,US,Alaska,Prince of Wales-Hyder,30,0,0,55.76261984,-133.0511621,2198.0,483.6369498629695,0.0,30,30,0,0,30,30,6422,0,0,0,0,0
2020-09-23,US,Alaska,Sitka,44,0,0,57.24124555,-135.3206587,2220.0,518.0737077593312,0.0,44,44,0,0,44,44,8647,0,0,0,0,0
2020-09-23,US,Alaska,Southeast Fairbanks,24,0,0,63.87692095,-143.2127643,2240.0,348.17931234585814,0.0,24,22,0,0,22,22,6918,2,0,0,2,0
2020-09-23,US,Alaska,Unassigned,17,0,0,0.0,0.0,90002.0,0.0,0.0,17,1,0,0,1,1,,16,0,0,16,0
2020-09-23,US,Alaska,Valdez-Cordova,76,0,0,61.47502768,-144.7126799,2261.0,825.9074114322972,0.0,76,76,0,0,76,76,9164,0,0,0,0,0
2020-09-23,US,Alaska,Wrangell,13,0,0,56.3202004,-132.05837309999998,2275.0,519.5843325339728,0.0,13,13,0,0,13,13,2503,0,0,0,0,0
2020-09-23,US,Alaska,Yakutat,23,0,0,59.890980799999994,-140.36014509999998,2282.0,3972.3661485319517,0.0,23,23,0,0,23,23,604,0,0,0,0,0
2020-09-23,US,Alaska,Yukon-Koyukuk,79,1,0,65.50815459,-151.39073869999999,2290.0,1510.5162523900574,1.2658227848101269,78,79,1,0,78,79,5327,0,0,0,0,0
2020-09-23,US,Arizona,Apache,3476,164,0,35.39465006,-109.4892383,4001.0,4835.366617051762,4.718066743383199,3312,3462,163,0,3299,3451,71818,14,1,0,13,11
2020-09-23,US,Arizona,Cochise,1886,71,0,31.87934684,-109.7516088,4003.0,1497.7525769921062,3.76458112407211,1815,1887,70,0,1817,1881,126770,-1,1,0,-2,6
2020-09-23,US,Arizona,Coconino,3819,133,0,35.83883429,-111.77071780000001,4005.0,2661.7692157573388,3.4825870646766166,3686,3777,133,0,3644,3749,142854,42,0,0,42,28
2020-09-23,US,Arizona,Gila,1245,51,0,33.80190085,-110.8132779,4007.0,2304.787293124515,4.096385542168675,1194,1247,51,0,1196,1233,53889,-2,0,0,-2,14
2020-09-23,US,Arizona,Graham,808,24,0,32.93166885,-109.8882178,4009.0,2080.4902541390948,2.9702970297029703,784,797,24,0,773,793,38072,11,0,0,11,4
2020-09-23,US,Arizona,Greenlee,59,2,0,33.21498827,-109.2405279,4011.0,621.1834070330598,3.3898305084745757,57,58,1,0,57,58,9483,1,1,0,0,0
2020-09-23,US,Arizona,La Paz,536,15,0,33.72854224,-113.98100290000001,4012.0,2539.3215842334657,2.7985074626865667,521,536,15,0,521,535,21098,0,0,0,0,1
2020-09-23,US,Arizona,Maricopa,140409,3304,0,33.34835867,-112.49181540000001,4013.0,3130.3464964438067,2.3531255118973853,137105,140314,3275,0,137039,140006,4410824,95,29,0,66,308
2020-09-23,US,Arizona,Mohave,3930,223,0,35.70471703,-113.7577902,4015.0,1852.1922321037227,5.674300254452926,3707,3914,223,0,3691,3895,209550,16,0,0,16,19
2020-09-23,US,Arizona,Navajo,5763,233,0,35.3997715,-110.3218983,4017.0,5195.449136345606,4.043033142460524,5530,5751,233,0,5518,5747,110445,12,0,0,12,4
2020-09-23,US,Arizona,Pima,25004,613,0,32.0971334,-111.7890033,4019.0,2387.5204219696952,2.4516077427611584,24391,24798,617,0,24181,24647,1039073,206,-4,0,210,151
2020-09-23,US,Arizona,Pinal,10422,206,0,32.90525627,-111.3449483,4021.0,2251.998210847708,1.9765879869506813,10216,10397,205,0,10192,10375,447138,25,1,0,24,22
2020-09-23,US,Arizona,Santa Cruz,2823,63,0,31.52508998,-110.8479088,4023.0,6071.228870058927,2.2316684378320937,2760,2824,63,0,2761,2820,46511,-1,0,0,-1,4
2020-09-23,US,Arizona,Yavapai,2495,79,0,34.59933926,-112.5538588,4025.0,1061.2550457466857,3.1663326653306614,2416,2489,79,0,2410,2480,231993,6,0,0,6,9
2020-09-23,US,Arizona,Yuma,12609,344,0,32.76895712,-113.90666740000002,4027.0,5897.92644080323,2.7282100087239267,12265,12594,344,0,12250,12580,212128,15,0,0,15,14
2020-09-23,US,Arkansas,Arkansas,371,5,0,34.29145151,-91.37277296,5001.0,2121.697357886309,1.3477088948787062,366,363,4,0,359,359,17769,8,1,0,7,4
2020-09-23,US,Arkansas,Ashley,428,9,0,33.19153461,-91.76984709999999,5003.0,2177.3414050974206,2.102803738317757,419,425,9,0,416,425,20046,3,0,0,3,0
2020-09-23,US,Arkansas,Baxter,302,2,0,36.28784385,-92.33782872,5005.0,720.2136792902795,0.6622516556291391,300,290,1,0,289,285,41619,12,1,0,11,5
2020-09-23,US,Arkansas,Benton,6399,82,0,36.33644656,-94.25680817,5007.0,2292.389867486324,1.281450226597906,6317,6335,82,0,6253,6268,272608,64,0,0,64,67
2020-09-23,US,Arkansas,Boone,664,10,0,36.3084504,-93.09374925,5009.0,1773.8833083992306,1.5060240963855422,654,656,9,0,647,637,37480,8,1,0,7,19
2020-09-23,US,Arkansas,Bradley,340,8,0,33.46755808,-92.15980837,5011.0,3158.9705472451924,2.3529411764705883,332,336,8,0,328,336,10897,4,0,0,4,0
2020-09-23,US,Arkansas,Calhoun,34,0,0,33.55598792,-92.49974403,5013.0,655.232222008094,0.0,34,34,0,0,34,34,5277,0,0,0,0,0
2020-09-23,US,Arkansas,Carroll,630,9,0,36.34038560000001,-93.54270261,5015.0,2219.873150105708,1.4285714285714286,621,628,9,0,619,625,28223,2,0,0,2,3
2020-09-23,US,Arkansas,Chicot,1001,19,0,33.26458973,-91.29539209,5017.0,9893.259537457996,1.8981018981018982,982,998,18,0,980,995,10438,3,1,0,2,3
2020-09-23,US,Arkansas,Clark,322,4,0,34.04613432,-93.17484713,5019.0,1442.652329749104,1.2422360248447204,318,316,4,0,312,314,22061,6,0,0,6,2
2020-09-23,US,Arkansas,Clay,277,7,0,36.36826212,-90.4148172,5021.0,1903.6492337296409,2.527075812274368,270,267,7,0,260,264,14847,10,0,0,10,3
2020-09-23,US,Arkansas,Cleburne,315,8,0,35.53864922,-92.02640019,5023.0,1264.0956699707049,2.5396825396825395,307,316,8,0,308,314,24965,-1,0,0,-1,2
2020-09-23,US,Arkansas,Cleveland,179,10,0,33.89723187,-92.18537045,5025.0,2249.874308697838,5.58659217877095,169,179,10,0,169,179,8018,0,0,0,0,0
2020-09-23,US,Arkansas,Columbia,399,18,0,33.21230701,-93.22642793,5027.0,1700.984780662489,4.511278195488722,381,393,18,0,375,383,23537,6,0,0,6,10
2020-09-23,US,Arkansas,Conway,255,3,0,35.26205537,-92.70506566,5029.0,1223.256260193802,1.1764705882352942,252,252,3,0,249,248,20891,3,0,0,3,4
2020-09-23,US,Arkansas,Craighead,2759,21,0,35.83018283,-90.63235729,5031.0,2500.634448754668,0.7611453425154041,2738,2676,21,0,2655,2640,108558,83,0,0,83,36
2020-09-23,US,Arkansas,Crawford,1303,15,0,35.58928601,-94.2446814,5033.0,2059.851083674534,1.1511895625479662,1288,1290,15,0,1275,1271,63406,13,0,0,13,19
2020-09-23,US,Arkansas,Crittenden,1903,45,0,35.21247318,-90.30839406,5035.0,3968.303617975185,2.364687335785601,1858,1895,45,0,1850,1887,48342,8,0,0,8,8
2020-09-23,US,Arkansas,Cross,422,8,0,35.29631396,-90.77185818,5037.0,2570.1930690054205,1.895734597156398,414,418,8,0,410,415,16676,4,0,0,4,3
2020-09-23,US,Arkansas,Dallas,158,3,0,33.97042763,-92.65167437,5039.0,2254.2445427307753,1.8987341772151896,155,157,2,0,155,156,7182,1,1,0,0,1
2020-09-23,US,Arkansas,Desha,284,5,0,33.83011025,-91.25500948,5041.0,2499.7799489481563,1.7605633802816902,279,281,5,0,276,280,11512,3,0,0,3,1
2020-09-23,US,Arkansas,Drew,350,6,0,33.59035001,-91.71777921,5043.0,1921.0714089686594,1.7142857142857142,344,350,6,0,344,350,18328,0,0,0,0,0
2020-09-23,US,Arkansas,Faulkner,2363,19,0,35.14719007,-92.33717519,5045.0,1875.2926424722439,0.8040626322471435,2344,2308,19,0,2289,2277,124806,55,0,0,55,31
2020-09-23,US,Arkansas,Franklin,261,2,0,35.51202821,-93.89299569,5047.0,1473.3276883996616,0.7662835249042146,259,251,2,0,249,248,17810,10,0,0,10,3
2020-09-23,US,Arkansas,Fulton,134,3,0,36.38177105,-91.81729127,5049.0,1073.9761160535386,2.238805970149253,131,128,3,0,125,127,12269,6,0,0,6,1
2020-09-23,US,Arkansas,Garland,1798,49,0,34.57692074,-93.14921604,5051.0,1809.1079226450408,2.725250278086763,1749,1771,49,0,1722,1750,99154,27,0,0,27,21
2020-09-23,US,Arkansas,Grant,252,2,0,34.29017991,-92.42320562,5053.0,1379.6879277306327,0.7936507936507936,250,250,2,0,248,249,18188,2,0,0,2,1
2020-09-23,US,Arkansas,Greene,823,8,0,36.11735460000001,-90.55832668,5055.0,1815.774958632101,0.9720534629404616,815,805,8,0,797,795,45325,18,0,0,18,10
2020-09-23,US,Arkansas,Hempstead,359,4,0,33.73325583,-93.66935133,5057.0,1667.285900055731,1.1142061281337048,355,359,4,0,355,358,21741,0,0,0,0,1
2020-09-23,US,Arkansas,Hot Spring,1863,26,0,34.31709259,-92.95396325,5059.0,5516.567469130318,1.3955984970477724,1837,1849,26,0,1823,1847,33701,14,0,0,14,2
2020-09-23,US,Arkansas,Howard,463,8,0,34.09007427,-93.9934871,5061.0,3507.044387214058,1.7278617710583153,455,458,8,0,450,456,13341,5,0,0,5,2
2020-09-23,US,Arkansas,Independence,1051,17,0,35.74242707,-91.57001641,5063.0,2778.5855915399866,1.6175071360608944,1034,1035,16,0,1019,1030,37678,16,1,0,15,5
2020-09-23,US,Arkansas,Izard,202,0,0,36.09604046,-91.90847954,5065.0,1482.1336855235159,0.0,202,197,0,0,197,194,13593,5,0,0,5,3
2020-09-23,US,Arkansas,Jackson,302,1,0,35.59802983,-91.21494602,5067.0,1806.3281296728273,0.3311258278145696,301,293,1,0,292,290,16811,9,0,0,9,3
2020-09-23,US,Arkansas,Jefferson,2999,64,0,34.26767081,-91.92619839,5069.0,4487.908535855381,2.1340446815605203,2935,2945,63,0,2882,2928,68114,54,1,0,53,17
2020-09-23,US,Arkansas,Johnson,829,5,0,35.56759135,-93.46036368,5071.0,3119.121077582963,0.6031363088057901,824,822,5,0,817,819,26742,7,0,0,7,3
2020-09-23,US,Arkansas,Lafayette,98,2,0,33.24116713,-93.60677071,5073.0,1479.4685990338164,2.0408163265306123,96,93,2,0,91,92,6682,5,0,0,5,1
2020-09-23,US,Arkansas,Lawrence,391,12,0,36.04188196,-91.10867198,5075.0,2383.2744118005608,3.0690537084398977,379,379,12,0,367,374,16434,12,0,0,12,5
2020-09-23,US,Arkansas,Lee,1052,18,0,34.78498904,-90.78383866,5077.0,11877.610929208535,1.7110266159695815,1034,1050,18,0,1032,1050,8985,2,0,0,2,0
2020-09-23,US,Arkansas,Lincoln,1943,15,0,33.95317155,-91.74002806,5079.0,14918.611793611792,0.7720020586721564,1928,1941,15,0,1926,1941,13383,2,0,0,2,0
2020-09-23,US,Arkansas,Little River,352,25,0,33.70375665,-94.23468591,5081.0,2871.3598172771026,7.102272727272728,327,351,25,0,326,345,12326,1,0,0,1,6
2020-09-23,US,Arkansas,Logan,398,1,0,35.21413234,-93.71951016,5083.0,1854.094847666076,0.25125628140703515,397,394,1,0,393,393,21737,4,0,0,4,1
2020-09-23,US,Arkansas,Lonoke,1102,11,0,34.75392199,-91.88742357,5085.0,1503.2260704688376,0.998185117967332,1091,1052,11,0,1041,1042,73657,50,0,0,50,10
2020-09-23,US,Arkansas,Madison,337,2,0,36.01038185,-93.72524943,5087.0,2033.0598455598456,0.5934718100890207,335,333,2,0,331,332,16481,4,0,0,4,1
2020-09-23,US,Arkansas,Marion,83,0,0,36.26844485,-92.68451899,5089.0,497.1846172277465,0.0,83,81,0,0,81,76,16722,2,0,0,2,5
2020-09-23,US,Arkansas,Miller,797,11,0,33.31403423,-93.89285258,5091.0,1842.4763622072726,1.3801756587202008,786,786,11,0,775,774,43592,11,0,0,11,12
2020-09-23,US,Arkansas,Mississippi,1636,50,0,35.76271485,-90.05194370000002,5093.0,4024.5012422818627,3.056234718826406,1586,1619,50,0,1569,1596,41239,17,0,0,17,23
2020-09-23,US,Arkansas,Monroe,121,0,0,34.6815935,-91.20540287,5095.0,1805.7006416952693,0.0,121,119,0,0,119,119,6900,2,0,0,2,0
2020-09-23,US,Arkansas,Montgomery,139,4,0,34.53704874,-93.65824478,5097.0,1546.8506565768973,2.8776978417266186,135,139,4,0,135,139,8924,0,0,0,0,0
2020-09-23,US,Arkansas,Nevada,214,13,0,33.66340119,-93.30632432,5099.0,2593.310712554532,6.074766355140188,201,211,13,0,198,209,8326,3,0,0,3,2
2020-09-23,US,Arkansas,Newton,226,18,0,35.91947491,-93.21612969,5101.0,2915.0006449116468,7.9646017699115035,208,222,18,0,204,217,7805,4,0,0,4,5
2020-09-23,US,Arkansas,Ouachita,252,6,0,33.58839816,-92.87795984,5103.0,1077.752117013087,2.380952380952381,246,246,6,0,240,247,23606,6,0,0,6,-1
2020-09-23,US,Arkansas,Perry,85,0,0,34.945915299999996,-92.94372564,5105.0,813.0081300813008,0.0,85,84,0,0,84,83,10352,1,0,0,1,1
2020-09-23,US,Arkansas,Phillips,470,11,0,34.43268455,-90.84800154,5107.0,2643.1222584636153,2.3404255319148937,459,465,11,0,454,460,18029,5,0,0,5,5
2020-09-23,US,Arkansas,Pike,223,3,0,34.16250414,-93.65789349,5109.0,2080.612054487777,1.345291479820628,220,223,3,0,220,221,10673,0,0,0,0,2
2020-09-23,US,Arkansas,Poinsett,632,11,0,35.57433534,-90.66268713,5111.0,2686.1611696701802,1.7405063291139242,621,622,10,0,612,615,23974,10,1,0,9,7
2020-09-23,US,Arkansas,Polk,253,4,0,34.48254879,-94.22728802,5113.0,1267.2811059907833,1.5810276679841897,249,252,4,0,248,251,20049,1,0,0,1,1
2020-09-23,US,Arkansas,Pope,2054,30,0,35.44871474,-93.03212219,5115.0,3205.7685104257707,1.460564751703992,2024,2036,30,0,2006,2028,64000,18,0,0,18,8
2020-09-23,US,Arkansas,Prairie,142,1,0,34.83624419,-91.55162157,5117.0,1761.3495410568094,0.7042253521126759,141,138,1,0,137,137,8074,4,0,0,4,1
2020-09-23,US,Arkansas,Pulaski,8881,143,0,34.77054088,-92.31355101,5119.0,2266.075716170253,1.6101790338925797,8738,8804,137,0,8667,8670,392680,77,6,0,71,134
2020-09-23,US,Arkansas,Randolph,395,22,0,36.3415714,-91.02455531,5121.0,2199.576790288451,5.569620253164557,373,390,22,0,368,387,17948,5,0,0,5,3
2020-09-23,US,Arkansas,Saline,2007,23,0,34.64916145,-92.67583224,5125.0,1639.2103694144746,1.1459890383657199,1984,1968,23,0,1945,1951,121421,39,0,0,39,17
2020-09-23,US,Arkansas,Scott,97,1,0,34.85588887,-94.0632176,5127.0,943.4879875498492,1.0309278350515465,96,96,1,0,95,95,10319,1,0,0,1,1
2020-09-23,US,Arkansas,Searcy,141,1,0,35.9109364,-92.69936482,5129.0,1789.1130567186906,0.7092198581560284,140,141,0,0,141,141,7958,0,1,0,-1,0
2020-09-23,US,Arkansas,Sebastian,3543,58,0,35.19605503,-94.27162713,5131.0,2771.7148959140086,1.6370307648885123,3485,3492,57,0,3435,3459,127753,51,1,0,50,33
2020-09-23,US,Arkansas,Sevier,1196,16,0,33.99780401,-94.2424869,5133.0,7032.398424178279,1.3377926421404682,1180,1194,16,0,1178,1194,17139,2,0,0,2,0
2020-09-23,US,Arkansas,Sharp,208,6,0,36.16258158,-91.47819342,5135.0,1192.5237931429879,2.8846153846153846,202,202,6,0,196,198,17366,6,0,0,6,4
2020-09-23,US,Arkansas,St. Francis,1491,6,0,35.02201976,-90.74828138,5123.0,5965.431703608866,0.4024144869215292,1485,1478,5,0,1473,1474,25439,13,1,0,12,4
2020-09-23,US,Arkansas,Stone,322,7,0,35.86251946,-92.15684085,5137.0,2574.7641132256517,2.1739130434782608,315,317,7,0,310,309,12457,5,0,0,5,8
2020-09-23,US,Arkansas,Unassigned,1624,0,0,0.0,0.0,90005.0,0.0,0.0,1624,1592,0,0,1592,1686,,32,0,0,32,-94
2020-09-23,US,Arkansas,Union,858,32,0,33.16887091,-92.59746952,5139.0,2218.0859314409804,3.7296037296037294,826,849,31,0,818,841,39126,9,1,0,8,8
2020-09-23,US,Arkansas,Van Buren,172,2,0,35.58095779,-92.51295036,5141.0,1039.588999697794,1.162790697674419,170,169,2,0,167,169,16603,3,0,0,3,0
2020-09-23,US,Arkansas,Washington,9178,109,0,35.976844,-94.21800746,5143.0,3837.1650633186587,1.1876225757245586,9069,9103,108,0,8995,9006,236961,75,1,0,74,97
2020-09-23,US,Arkansas,White,768,21,0,35.25688493,-91.74908296,5145.0,975.2009447259152,2.734375,747,744,20,0,724,731,78727,24,1,0,23,13
2020-09-23,US,Arkansas,Woodruff,48,0,0,35.18902527,-91.2439489,5147.0,759.4936708860761,0.0,48,46,0,0,46,46,6490,2,0,0,2,0
2020-09-23,US,Arkansas,Yell,1240,29,0,35.00292371,-93.41171338,5149.0,5810.411883229464,2.338709677419355,1211,1234,29,0,1205,1233,21535,6,0,0,6,1
2020-09-23,US,California,Alameda,20839,395,0,37.64629437,-121.8929271,6001.0,1246.8520560583822,1.89548442823552,20444,20748,390,0,20358,20641,1666753,91,5,0,86,107
2020-09-23,US,California,Alpine,2,0,0,38.59678594,-119.82235940000001,6003.0,177.14791851195747,0.0,2,2,0,0,2,2,1101,0,0,0,0,0
2020-09-23,US,California,Amador,287,16,0,38.44583082,-120.65696000000001,6005.0,721.9762527671562,5.574912891986064,271,286,16,0,270,286,39383,1,0,0,1,0
2020-09-23,US,California,Butte,2776,40,0,39.66727762,-121.6005252,6007.0,1266.504247534058,1.4409221902017288,2736,2769,40,0,2729,2764,231256,7,0,0,7,5
2020-09-23,US,California,Calaveras,314,14,0,38.20537103,-120.55291299999999,6009.0,684.0213484369896,4.4585987261146505,300,311,14,0,297,311,45602,3,0,0,3,0
2020-09-23,US,California,Colusa,522,6,0,39.17881957,-122.2331726,6011.0,2422.611036339165,1.1494252873563218,516,519,6,0,513,510,21627,3,0,0,3,9
2020-09-23,US,California,Contra Costa,16156,202,0,37.91923498,-121.9289527,6013.0,1400.575279620919,1.2503094825451844,15954,16056,201,0,15855,15958,1150215,100,1,0,99,98
2020-09-23,US,California,Del Norte,138,1,0,41.74228275,-123.89740630000001,6015.0,496.1886955271106,0.7246376811594203,137,138,1,0,137,136,27828,0,0,0,0,2
2020-09-23,US,California,El Dorado,1078,4,0,38.77965956,-120.5233166,6017.0,559.003956586446,0.3710575139146568,1074,1074,4,0,1070,1073,190678,4,0,0,4,1
2020-09-23,US,California,Fresno,27944,362,0,36.75733899,-119.6466953,6019.0,2796.9144260690364,1.295448038935013,27582,27843,362,0,27481,27769,994400,101,0,0,101,74
2020-09-23,US,California,Glenn,568,3,0,39.59875897,-122.3938452,6021.0,2000.493079280104,0.528169014084507,565,563,3,0,560,550,28047,5,0,0,5,13
2020-09-23,US,California,Humboldt,490,6,0,40.69923009,-123.876044,6023.0,361.4688915445787,1.2244897959183674,484,489,6,0,483,485,136373,1,0,0,1,4
2020-09-23,US,California,Imperial,11658,317,0,33.0393082,-115.36690420000001,6025.0,6433.242281268107,2.719162806656373,11341,11606,314,0,11292,11583,181827,52,3,0,49,23
2020-09-23,US,California,Inyo,187,14,0,36.51112084,-117.41119779999998,6027.0,1036.6428294251343,7.4866310160427805,173,187,14,0,173,187,17987,0,0,0,0,0
2020-09-23,US,California,Kern,31647,357,0,35.34329425,-118.72777959999999,6029.0,3515.5442889484802,1.12806901128069,31290,31572,354,0,31218,31509,896764,75,3,0,72,63
2020-09-23,US,California,Kings,7544,77,0,36.07409056,-119.8159973,6031.0,4932.653328102524,1.0206786850477199,7467,7534,77,0,7457,7430,151366,10,0,0,10,104
2020-09-23,US,California,Lake,516,11,0,39.10124298,-122.75362439999999,6033.0,801.4164569937564,2.1317829457364343,505,512,11,0,501,492,64382,4,0,0,4,20
2020-09-23,US,California,Lassen,736,0,0,40.67311306,-120.59350990000002,6035.0,2407.3528930755897,0.0,736,735,0,0,735,735,30802,1,0,0,1,0
2020-09-23,US,California,Los Angeles,263333,6423,0,34.30828379,-118.22824109999999,6037.0,2623.0719525152986,2.439117011540521,256910,262133,6401,0,255732,261446,10105518,1200,22,0,1178,687
2020-09-23,US,California,Madera,4424,65,0,37.21513971,-119.76655890000002,6039.0,2811.9776007932523,1.4692585895117543,4359,4424,65,0,4359,4391,157672,0,0,0,0,33
2020-09-23,US,California,Marin,6620,114,0,38.07122463,-122.72106310000001,6041.0,2557.7028582908983,1.7220543806646529,6506,6613,113,0,6500,6591,259666,7,1,0,6,22
2020-09-23,US,California,Mariposa,75,2,0,37.57978556,-119.9073334,6043.0,435.97047026681395,2.6666666666666665,73,75,2,0,73,75,17471,0,0,0,0,0
2020-09-23,US,California,Mendocino,887,18,0,39.4381191,-123.39113130000001,6045.0,1022.490172797381,2.0293122886133035,869,875,18,0,857,851,87606,12,0,0,12,24
2020-09-23,US,California,Merced,8803,140,0,37.18922369,-120.72090349999999,6047.0,3170.195908959954,1.5903669203680564,8663,8820,137,0,8683,8750,274765,-17,3,0,-20,70
2020-09-23,US,California,Modoc,25,0,0,41.58965602,-120.7244817,6049.0,282.7734419183351,0.0,25,25,0,0,25,24,8777,0,0,0,0,1
2020-09-23,US,California,Mono,165,2,0,37.93899289,-118.8872409,6051.0,1142.3428413181944,1.2121212121212122,163,165,2,0,163,165,14250,0,0,0,0,0
2020-09-23,US,California,Monterey,9645,70,0,36.21862405,-121.24133970000001,6053.0,2222.0379163297325,0.7257646448937273,9575,9568,69,0,9499,9550,435594,77,1,0,76,18
2020-09-23,US,California,Napa,1652,13,0,38.50735751,-122.33283899999999,6055.0,1199.3262864444189,0.7869249394673123,1639,1641,13,0,1628,1626,139417,11,0,0,11,15
2020-09-23,US,California,Nevada,525,6,0,39.30394768,-120.76272809999999,6057.0,526.2894090521778,1.1428571428571428,519,524,6,0,518,511,99696,1,0,0,1,13
2020-09-23,US,California,Orange,52538,1176,0,33.70147516,-117.76459979999998,6059.0,1654.3795808913462,2.238379839354372,51362,52382,1150,0,51232,52201,3185968,156,26,0,130,181
2020-09-23,US,California,Placer,3523,43,0,39.06167234,-120.72405690000001,6061.0,884.4447680183969,1.220550667045132,3480,3507,42,0,3465,3488,393149,16,1,0,15,19
2020-09-23,US,California,Plumas,50,0,0,40.00355989,-120.8395236,6063.0,265.85845695751584,0.0,50,50,0,0,50,49,18804,0,0,0,0,1
2020-09-23,US,California,Riverside,57695,1173,0,33.74314981,-115.9933578,6065.0,2335.3137322680896,2.0331051217609843,56522,57482,1172,0,56310,57419,2450758,213,1,0,212,63
2020-09-23,US,California,Sacramento,21800,393,0,38.45106826,-121.34253740000001,6067.0,1404.5866842605108,1.8027522935779816,21407,21628,383,0,21245,21628,1540975,172,10,0,162,0
2020-09-23,US,California,San Benito,1314,11,0,36.60308176,-121.069975,6069.0,2092.090179594956,0.837138508371385,1303,1312,11,0,1301,1310,61537,2,0,0,2,2
2020-09-23,US,California,San Bernardino,53121,908,0,34.84060306,-116.1774685,6071.0,2436.648112344244,1.7093051712128913,52213,52873,908,0,51965,52649,2171603,248,0,0,248,224
2020-09-23,US,California,San Diego,45425,767,0,33.03484597,-116.73653259999999,6073.0,1360.7102952673945,1.6884975233902035,44658,45147,765,0,44382,44925,3343364,278,2,0,276,222
2020-09-23,US,California,San Francisco,10901,99,0,37.75215114,-122.43856720000001,6075.0,1236.57334986484,0.9081735620585268,10802,10865,99,0,10766,10807,883305,36,0,0,36,58
2020-09-23,US,California,San Joaquin,20060,434,0,37.93433732,-121.2730061,6077.0,2632.0347229147096,2.163509471585244,19626,20019,421,0,19598,19841,752660,41,13,0,28,178
2020-09-23,US,California,San Luis Obispo,3453,27,0,35.38822029,-120.4039028,6079.0,1219.662959051397,0.7819287576020851,3426,3438,27,0,3411,3393,284010,15,0,0,15,45
2020-09-23,US,California,San Mateo,9664,144,0,37.422880799999994,-122.32755459999998,6081.0,1260.6757608212133,1.4900662251655632,9520,9625,144,0,9481,9598,769545,39,0,0,39,27
2020-09-23,US,California,Santa Barbara,8952,111,0,34.65329488,-120.0188492,6083.0,2004.9317019746966,1.239946380697051,8841,8930,110,0,8820,8880,446527,22,1,0,21,50
2020-09-23,US,California,Santa Clara,20648,300,0,37.23104908,-121.6970462,6085.0,1067.8724300413105,1.4529252227818674,20348,20587,299,0,20288,20511,1937570,61,1,0,60,76
2020-09-23,US,California,Santa Cruz,2283,8,0,37.05580291,-122.0066524,6087.0,835.6117754279628,0.3504161191414805,2275,2276,8,0,2268,2218,274255,7,0,0,7,58
2020-09-23,US,California,Shasta,751,14,0,40.76391419,-122.0396884,6089.0,417.0368725011106,1.8641810918774968,737,724,14,0,710,709,180040,27,0,0,27,15
2020-09-23,US,California,Sierra,6,0,0,39.57713498,-120.52007009999998,6091.0,199.6672212978369,0.0,6,6,0,0,6,6,2987,0,0,0,0,0
2020-09-23,US,California,Siskiyou,163,0,0,41.59198861,-122.54074340000001,6093.0,374.3769953375135,0.0,163,163,0,0,163,161,43724,0,0,0,0,2
2020-09-23,US,California,Solano,6232,60,0,38.26827353,-121.9357113,6095.0,1392.1808226644894,0.962772785622593,6172,6194,57,0,6137,6175,446610,38,3,0,35,19
2020-09-23,US,California,Sonoma,7225,120,0,38.52746429,-122.88625060000001,6097.0,1461.5565121698596,1.6608996539792389,7105,7160,120,0,7040,7112,499942,65,0,0,65,48
2020-09-23,US,California,Stanislaus,16425,342,0,37.55862499,-120.9970722,6099.0,2982.7842952093847,2.0821917808219177,16083,16398,339,0,16059,16351,549815,27,3,0,24,47
2020-09-23,US,California,Sutter,1686,10,0,39.03417539,-121.6945899,6101.0,1738.6641367006632,0.5931198102016607,1676,1679,10,0,1669,1642,96807,7,0,0,7,37
2020-09-23,US,California,Tehama,529,4,0,40.12570935,-122.23701709999999,6103.0,812.7957716182166,0.7561436672967864,525,513,4,0,509,509,63916,16,0,0,16,4
2020-09-23,US,California,Trinity,15,0,0,40.64917670000001,-123.114713,6105.0,122.10012210012206,0.0,15,15,0,0,15,15,12535,0,0,0,0,0
2020-09-23,US,California,Tulare,15782,257,0,36.22026558,-118.8020203,6107.0,3385.2786923926683,1.6284374603979217,15525,15687,256,0,15431,15599,465861,95,1,0,94,88
2020-09-23,US,California,Tuolumne,226,4,0,38.02644018,-119.95250929999999,6109.0,414.8463599985315,1.7699115044247788,222,226,4,0,222,221,54539,0,0,0,0,5
2020-09-23,US,California,Ventura,12507,146,0,34.44465746,-119.09106129999999,6111.0,1478.3583095155357,1.1673462860797954,12361,12477,146,0,12331,12406,850967,30,0,0,30,71
2020-09-23,US,California,Yolo,2773,55,0,38.68278902,-121.90182879999999,6113.0,1257.5963718820865,1.9834114677244856,2718,2765,54,0,2711,2754,220408,8,1,0,7,11
2020-09-23,US,California,Yuba,1133,7,0,39.26255932,-121.35356440000001,6115.0,1440.2298266131086,0.617828773168579,1126,1130,7,0,1123,1118,78041,3,0,0,3,12
2020-09-23,US,Colorado,Adams,8684,222,0,39.87432092,-104.3362578,8001.0,1678.323840740905,2.5564256103178264,8462,8609,222,0,8387,8509,511868,75,0,0,75,100
2020-09-23,US,Colorado,Alamosa,242,9,0,37.57250606,-105.7885451,8003.0,1490.7903653052426,3.71900826446281,233,241,9,0,232,241,16683,1,0,0,1,0
2020-09-23,US,Colorado,Arapahoe,8999,370,0,39.64977461,-104.3353617,8005.0,1370.566106702813,4.111567951994666,8629,8940,369,0,8571,8873,651215,59,1,0,58,67
2020-09-23,US,Colorado,Archuleta,55,0,0,37.19474156,-107.04768670000001,8007.0,392.0450495402381,0.0,55,51,0,0,51,50,13765,4,0,0,4,1
2020-09-23,US,Colorado,Baca,17,0,0,37.31940883,-102.5603223,8009.0,474.7277296844457,0.0,17,17,0,0,17,17,3585,0,0,0,0,0
2020-09-23,US,Colorado,Bent,11,0,0,37.95474293,-103.0720195,8011.0,197.23865877712032,0.0,11,11,0,0,11,11,5882,0,0,0,0,0
2020-09-23,US,Colorado,Boulder,3990,79,0,40.09313619,-105.3546767,8013.0,1223.1909649413235,1.9799498746867168,3911,3824,79,0,3745,3673,326078,166,0,0,166,151
2020-09-23,US,Colorado,Broomfield,616,33,0,39.95998787,-105.0566324,8014.0,874.1928617043923,5.357142857142857,583,606,33,0,573,597,69267,10,0,0,10,9
2020-09-23,US,Colorado,Chaffee,325,19,0,38.74745778,-106.19265729999998,8015.0,1596.5808606798978,5.846153846153847,306,321,19,0,302,321,20027,4,0,0,4,0
2020-09-23,US,Colorado,Cheyenne,13,0,0,38.82777431,-102.6032558,8017.0,709.99453850355,0.0,13,13,0,0,13,13,1876,0,0,0,0,0
2020-09-23,US,Colorado,Clear Creek,37,1,0,39.68864463,-105.6463118,8019.0,381.4432989690722,2.702702702702702,36,37,1,0,36,37,9605,0,0,0,0,0
2020-09-23,US,Colorado,Conejos,31,0,0,37.201606,-106.19174879999998,8021.0,377.8184034125533,0.0,31,31,0,0,31,31,8200,0,0,0,0,0
2020-09-23,US,Colorado,Costilla,32,1,0,37.27732493,-105.4276548,8023.0,823.2570105479805,3.125,31,32,1,0,31,32,3828,0,0,0,0,0
2020-09-23,US,Colorado,Crowley,73,1,0,38.32608609,-103.7844965,8025.0,1204.4217125886814,1.3698630136986298,72,73,1,0,72,73,5858,0,0,0,0,0
2020-09-23,US,Colorado,Custer,17,0,0,38.10883162,-105.3683478,8027.0,335.43804262036303,0.0,17,17,0,0,17,17,4954,0,0,0,0,0
2020-09-23,US,Colorado,Delta,187,3,0,38.86246243,-107.86313419999999,8029.0,600.0898530261215,1.60427807486631,184,187,3,0,184,187,30953,0,0,0,0,0
2020-09-23,US,Colorado,Denver,12689,434,0,39.76018276,-104.87256950000001,8031.0,1744.8855971650596,3.4202852864685953,12255,12588,434,0,12154,12494,716492,101,0,0,101,94
2020-09-23,US,Colorado,Dolores,3,0,0,37.75208676,-108.5211585,8033.0,145.98540145985402,0.0,3,3,0,0,3,3,2074,0,0,0,0,0
2020-09-23,US,Colorado,Douglas,2458,60,0,39.33133796,-104.930001,8035.0,699.9777875234226,2.4410089503661507,2398,2428,60,0,2368,2399,342776,30,0,0,30,29
2020-09-23,US,Colorado,Eagle,1244,10,0,39.62754308,-106.6933637,8037.0,2256.607470023763,0.8038585209003215,1234,1238,9,0,1229,1237,54993,6,1,0,5,1
2020-09-23,US,Colorado,El Paso,6743,170,0,38.83240149,-104.5251411,8041.0,936.0038756085137,2.5211330268426515,6573,6712,169,0,6543,6687,713856,31,1,0,30,25
2020-09-23,US,Colorado,Elbert,152,3,0,39.28656773,-104.13587209999999,8039.0,568.6707321635678,1.973684210526316,149,152,3,0,149,148,26282,0,0,0,0,4
2020-09-23,US,Colorado,Fremont,170,1,0,38.47362326,-105.43996670000001,8043.0,355.3585986329145,0.5882352941176471,169,169,1,0,168,167,48021,1,0,0,1,2
2020-09-23,US,Colorado,Garfield,936,5,0,39.59921777,-107.902708,8045.0,1558.415610795691,0.5341880341880342,931,937,5,0,932,936,59770,-1,0,0,-1,1
2020-09-23,US,Colorado,Gilpin,18,0,0,39.85646523,-105.5252597,8047.0,288.32292167227297,0.0,18,18,0,0,18,18,6121,0,0,0,0,0
2020-09-23,US,Colorado,Grand,71,1,0,40.10603347,-106.11780420000001,8049.0,451.25206559044113,1.4084507042253518,70,71,1,0,70,71,15525,0,0,0,0,0
2020-09-23,US,Colorado,Gunnison,296,7,0,38.66611652,-107.0320729,8051.0,1695.1093803688007,2.3648648648648654,289,296,7,0,289,296,17246,0,0,0,0,0
2020-09-23,US,Colorado,Hinsdale,3,0,0,37.82247444,-107.3004345,8053.0,365.8536585365854,0.0,3,3,0,0,3,3,811,0,0,0,0,0
2020-09-23,US,Colorado,Huerfano,19,1,0,37.68473101,-104.9612585,8055.0,275.4820936639118,5.2631578947368425,18,14,1,0,13,13,6889,5,0,0,5,1
2020-09-23,US,Colorado,Jackson,9,0,0,40.66593870000001,-106.3408905,8057.0,646.5517241379309,0.0,9,9,0,0,9,9,1399,0,0,0,0,0
2020-09-23,US,Colorado,Jefferson,5500,248,0,39.58635604,-105.2517692,8059.0,943.588828594516,4.50909090909091,5252,5470,247,0,5223,5399,580233,30,1,0,29,71
2020-09-23,US,Colorado,Kit Carson,79,3,0,39.30497777,-102.60221990000001,8063.0,1113.1463998872764,3.79746835443038,76,79,3,0,76,79,7163,0,0,0,0,0
2020-09-23,US,Colorado,La Plata,255,2,0,37.28632032,-107.8429014,8067.0,453.56717240888634,0.7843137254901961,253,252,2,0,250,250,56310,3,0,0,3,2
2020-09-23,US,Colorado,Lake,91,0,0,39.20278823,-106.35556969999999,8065.0,1119.724375538329,0.0,91,91,0,0,91,91,7824,0,0,0,0,0
2020-09-23,US,Colorado,Larimer,2424,50,0,40.66671597,-105.4625784,8069.0,679.183746662221,2.0627062706270634,2374,2404,50,0,2354,2373,350518,20,0,0,20,31
2020-09-23,US,Colorado,Las Animas,21,0,0,37.3153406,-104.03764579999999,8071.0,144.76768233834275,0.0,21,21,0,0,21,21,14503,0,0,0,0,0
2020-09-23,US,Colorado,Lincoln,9,0,0,38.98749519,-103.51366490000001,8073.0,157.8670408700228,0.0,9,8,0,0,8,9,5610,1,0,0,1,-1
2020-09-23,US,Colorado,Logan,850,5,0,40.7249637,-103.110817,8075.0,3793.118836181891,0.5882352941176471,845,846,5,0,841,839,21528,4,0,0,4,7
2020-09-23,US,Colorado,Mesa,551,7,0,39.01787888,-108.469799,8077.0,357.3049737371116,1.2704174228675136,544,550,7,0,543,544,153207,1,0,0,1,6
2020-09-23,US,Colorado,Mineral,20,0,0,37.66954283,-106.92816979999999,8079.0,2600.780234070221,0.0,20,20,0,0,20,20,776,0,0,0,0,0
2020-09-23,US,Colorado,Moffat,40,1,0,40.61810999,-108.2070876,8081.0,301.13679138748785,2.5,39,40,1,0,39,38,13188,0,0,0,0,2
2020-09-23,US,Colorado,Montezuma,131,5,0,37.33859579,-108.59588570000001,8083.0,500.3246381239736,3.816793893129771,126,131,5,0,126,130,26158,0,0,0,0,1
2020-09-23,US,Colorado,Montrose,373,13,0,38.40214114,-108.26390220000002,8085.0,872.351372842509,3.4852546916890086,360,371,13,0,358,370,42214,2,0,0,2,1
2020-09-23,US,Colorado,Morgan,736,48,0,40.26279810000001,-103.8093302,8087.0,2531.99394523187,6.521739130434782,688,736,48,0,688,733,28558,0,0,0,0,3
2020-09-23,US,Colorado,Otero,92,6,0,37.9014485,-103.7173385,8089.0,503.33734544260864,6.521739130434782,86,91,6,0,85,91,18432,1,0,0,1,0
2020-09-23,US,Colorado,Ouray,25,1,0,38.14717457,-107.7675136,8091.0,504.8465266558966,4.0,24,25,1,0,24,25,4833,0,0,0,0,0
2020-09-23,US,Colorado,Park,55,1,0,39.120926000000004,-105.7182065,8093.0,291.85460334306185,1.818181818181818,54,54,1,0,53,51,18556,1,0,0,1,3
2020-09-23,US,Colorado,Phillips,34,0,0,40.59414277,-102.3577703,8095.0,797.1864009378662,0.0,34,34,0,0,34,34,4286,0,0,0,0,0
2020-09-23,US,Colorado,Pitkin,221,2,0,39.21720112,-106.9310027,8097.0,1243.8791017054089,0.9049773755656108,219,217,2,0,215,213,17950,4,0,0,4,4
2020-09-23,US,Colorado,Prowers,94,0,0,37.95544985,-102.3926052,8099.0,772.2642129477489,0.0,94,94,0,0,94,94,12164,0,0,0,0,0
2020-09-23,US,Colorado,Pueblo,1052,37,0,38.17359144,-104.5127437,8101.0,624.6140692537881,3.5171102661596967,1015,1037,37,0,1000,1041,167529,15,0,0,15,-4
2020-09-23,US,Colorado,Rio Blanco,25,0,0,39.97913541,-108.2179009,8103.0,395.31941808981657,0.0,25,25,0,0,25,25,6336,0,0,0,0,0
2020-09-23,US,Colorado,Rio Grande,96,2,0,37.5836865,-106.3847838,8105.0,852.0457974616136,2.083333333333333,94,95,2,0,93,95,11250,1,0,0,1,0
2020-09-23,US,Colorado,Routt,148,8,0,40.48596505,-106.9905548,8107.0,577.2681176378812,5.405405405405406,140,148,8,0,140,145,25733,0,0,0,0,3
2020-09-23,US,Colorado,Saguache,111,2,0,38.08054629,-106.28246599999999,8109.0,1626.6119577960142,1.8018018018018016,109,111,2,0,109,111,6843,0,0,0,0,0
2020-09-23,US,Colorado,San Juan,6,0,0,37.76248981,-107.67632890000002,8111.0,824.1758241758242,0.0,6,6,0,0,6,6,762,0,0,0,0,0
2020-09-23,US,Colorado,San Miguel,96,0,0,38.00450883,-108.4020725,8113.0,1173.7376207360312,0.0,96,95,0,0,95,95,8191,1,0,0,1,0
2020-09-23,US,Colorado,Sedgwick,14,1,0,40.87595412,-102.3519227,8115.0,622.7758007117437,7.142857142857142,13,12,1,0,11,12,2303,2,0,0,2,0
2020-09-23,US,Colorado,Summit,428,4,0,39.63803232,-106.1150762,8117.0,1380.1554287188414,0.9345794392523364,424,422,4,0,418,422,31007,6,0,0,6,0
2020-09-23,US,Colorado,Teller,174,4,0,38.88133511,-105.16148929999999,8119.0,685.3631636993855,2.2988505747126435,170,174,4,0,170,173,25083,0,0,0,0,1
2020-09-23,US,Colorado,Washington,60,0,0,39.97015535,-103.202587,8121.0,1222.4938875305625,0.0,60,59,0,0,59,59,4909,1,0,0,1,0
2020-09-23,US,Colorado,Weld,4597,149,0,40.55499405,-104.39296209999999,8123.0,1416.6759118868881,3.2412442897541878,4448,4576,149,0,4427,4540,314305,21,0,0,21,36
2020-09-23,US,Colorado,Yuma,101,1,0,40.00346839,-102.4258673,8125.0,1008.0846391855472,0.99009900990099,100,91,0,0,91,88,10020,10,1,0,9,3
2020-09-23,US,Connecticut,Fairfield,19949,1421,0,41.26809896,-73.3881171,9001.0,2114.7379713610903,7.123164068374353,18528,19891,1421,0,18470,19848,943823,58,0,0,58,43
2020-09-23,US,Connecticut,Hartford,14456,1434,0,41.80283011,-72.73103891,9003.0,1621.1366796752343,9.919756502490317,13022,14414,1434,0,12980,14370,892697,42,0,0,42,44
2020-09-23,US,Connecticut,Litchfield,1849,140,0,41.7937534,-73.2451475,9005.0,1025.325370287191,7.571660356949702,1709,1845,140,0,1705,1841,181111,4,0,0,4,4
2020-09-23,US,Connecticut,Middlesex,1560,193,0,41.45949668,-72.53714864,9007.0,960.3782412765644,12.371794871794872,1367,1556,193,0,1363,1552,162682,4,0,0,4,4
2020-09-23,US,Connecticut,New Haven,14294,1114,0,41.408032500000004,-72.93620426,9009.0,1672.288147391598,7.793479781726599,13180,14278,1113,0,13165,14261,857620,16,1,0,15,17
2020-09-23,US,Connecticut,New London,1803,114,0,41.48896435,-72.10430976,9011.0,679.8488721974618,6.322795341098169,1689,1782,114,0,1668,1774,266784,21,0,0,21,8
2020-09-23,US,Connecticut,Tolland,1328,66,0,41.85853803,-72.3308481,9013.0,881.0981880428076,4.96987951807229,1262,1323,66,0,1257,1312,150921,5,0,0,5,11
2020-09-23,US,Connecticut,Unassigned,135,0,0,0.0,0.0,90009.0,0.0,0.0,135,137,0,0,137,142,,-2,0,0,-2,-5
2020-09-23,US,Connecticut,Windham,941,15,0,41.82972709,-71.98182316,9015.0,805.7748625644361,1.5940488841657812,926,934,15,0,919,924,117027,7,0,0,7,10
2020-09-23,US,Delaware,Kent,2898,115,0,39.08646628,-75.56884914,10001.0,1603.0002323188742,3.968253968253968,2783,2882,115,0,2767,2875,178550,16,0,0,16,7
2020-09-23,US,Delaware,New Castle,9777,310,0,39.57992638,-75.64054974,10003.0,1749.789262876441,3.1707067607650607,9467,9731,310,0,9421,9663,559335,46,0,0,46,68
2020-09-23,US,Delaware,Sussex,6673,204,0,38.66143781,-75.39031349,10005.0,2848.9700074714483,3.0570957590289227,6469,6666,203,0,6463,6649,229286,7,1,0,6,17
2020-09-23,US,Delaware,Unassigned,482,0,0,0.0,0.0,90010.0,0.0,0.0,482,482,0,0,482,480,,0,0,0,0,2
2020-09-23,US,District of Columbia,District of Columbia,15050,621,0,38.90417773,-77.01655992,11001.0,2132.486195517103,4.12624584717608,14429,15021,621,0,14400,14978,702455,29,0,0,29,43
2020-09-23,US,Florida,Alachua,7735,49,0,29.67866525,-82.35928158,12001.0,2875.0051107072113,0.6334841628959276,7686,7651,48,0,7603,7581,269956,84,1,0,83,70
2020-09-23,US,Florida,Baker,1426,11,0,30.33060121,-82.28467476,12003.0,4881.889763779527,0.7713884992987378,1415,1417,11,0,1406,1412,28355,9,0,0,9,5
2020-09-23,US,Florida,Bay,5924,101,0,30.26548745,-85.62122584,12005.0,3390.8588763916314,1.7049291019581363,5823,5896,97,0,5799,5878,185287,28,4,0,24,18
2020-09-23,US,Florida,Bradford,1054,8,0,29.95079741,-82.16611613,12007.0,3737.456118577356,0.7590132827324478,1046,1043,7,0,1036,1033,27732,11,1,0,10,10
2020-09-23,US,Florida,Brevard,8578,284,0,28.29409504,-80.73091022,12009.0,1425.054241106286,3.3107950571228724,8294,8502,281,0,8221,8429,596849,76,3,0,73,73
2020-09-23,US,Florida,Broward,76146,1343,0,26.15184651,-80.48725556,12011.0,3899.3679773123213,1.7637170698395188,74803,75944,1328,0,74616,75801,1951260,202,15,0,187,143
2020-09-23,US,Florida,Calhoun,608,10,0,30.40666734,-85.19394153,12013.0,4310.528181495924,1.6447368421052633,598,608,10,0,598,607,14587,0,0,0,0,1
2020-09-23,US,Florida,Charlotte,2978,131,0,26.90131002,-81.92949121,12015.0,1576.4120480652161,4.398925453324379,2847,2965,131,0,2834,2957,184998,13,0,0,13,8
2020-09-23,US,Florida,Citrus,2684,92,0,28.84804315,-82.47614748,12017.0,1793.4343198113015,3.4277198211624436,2592,2660,88,0,2572,2646,147929,24,4,0,20,14
2020-09-23,US,Florida,Clay,4895,95,0,29.98319144,-81.85609986,12019.0,2232.590808749749,1.9407558733401429,4800,4862,91,0,4771,4831,216072,33,4,0,29,31
2020-09-23,US,Florida,Collier,12565,208,0,26.11091986,-81.34687065,12021.0,3264.467318953916,1.655391961798647,12357,12520,205,0,12315,12487,378488,45,3,0,42,33
2020-09-23,US,Florida,Columbia,3690,54,0,30.22509788,-82.62160164,12023.0,5147.448595262674,1.4634146341463414,3636,3667,50,0,3617,3649,70503,23,4,0,19,18
2020-09-23,US,Florida,DeSoto,1551,24,0,27.18677893,-81.80941373,12027.0,4081.4715402226257,1.5473887814313343,1527,1550,23,0,1527,1549,37489,1,1,0,0,1
2020-09-23,US,Florida,Dixie,828,7,0,29.60631086,-83.15724673,12029.0,4920.9556638535605,0.8454106280193237,821,827,7,0,820,826,16700,1,0,0,1,1
2020-09-23,US,Florida,Duval,29717,362,0,30.33225875,-81.66976468,12031.0,3102.7768061769452,1.2181579567251068,29355,29580,354,0,29226,29449,950181,137,8,0,129,131
2020-09-23,US,Florida,Escambia,12103,222,0,30.67652764,-87.37284571,12033.0,3802.1965593938094,1.8342559695943157,11881,12069,218,0,11851,12043,315534,34,4,0,30,26
2020-09-23,US,Florida,Flagler,1687,23,0,29.45933576,-81.31508595,12035.0,1465.924001355567,1.363366923532899,1664,1675,23,0,1652,1662,112067,12,0,0,12,13
2020-09-23,US,Florida,Franklin,604,3,0,29.83791238,-84.82731662,12037.0,4981.443298969072,0.4966887417218543,601,600,3,0,597,596,11736,4,0,0,4,4
2020-09-23,US,Florida,Gadsden,2739,45,0,30.57796289,-84.61915825,12039.0,5998.685939553219,1.642935377875137,2694,2739,45,0,2694,2712,45894,0,0,0,0,27
2020-09-23,US,Florida,Gilchrist,505,12,0,29.72856978,-82.79880657,12041.0,2717.683780002153,2.376237623762376,493,505,12,0,493,501,18256,0,0,0,0,4
2020-09-23,US,Florida,Glades,513,4,0,26.95635849,-81.18996211,12043.0,3714.4305263920064,0.7797270955165692,509,505,4,0,501,502,13724,8,0,0,8,3
2020-09-23,US,Florida,Gulf,871,14,0,29.93543004,-85.24270990000002,12045.0,6386.098687587067,1.6073478760045925,857,871,14,0,857,866,16164,0,0,0,0,5
2020-09-23,US,Florida,Hamilton,840,8,0,30.49673973,-82.94998918,12047.0,5822.012752980316,0.9523809523809524,832,835,8,0,827,830,14310,5,0,0,5,5
2020-09-23,US,Florida,Hardee,1313,11,0,27.49293939,-81.80956574,12049.0,4874.336414597023,0.8377760853008378,1302,1306,10,0,1296,1299,27245,7,1,0,6,7
2020-09-23,US,Florida,Hendry,2051,42,0,26.55386945,-81.16469006,12051.0,4880.7767359954305,2.04778156996587,2009,2046,42,0,2004,2046,41556,5,0,0,5,0
2020-09-23,US,Florida,Hernando,3064,115,0,28.55364461,-82.42700204,12053.0,1580.0330033003302,3.7532637075718016,2949,3037,114,0,2923,3031,190865,27,1,0,26,6
2020-09-23,US,Florida,Highlands,2111,82,0,27.34254618,-81.34071957,12055.0,1987.3659634158967,3.8844149692089056,2029,2104,81,0,2023,2081,105424,7,1,0,6,23
2020-09-23,US,Florida,Hillsborough,41178,614,0,27.9276559,-82.32013172,12057.0,2797.479293028109,1.491087473893827,40564,41016,605,0,40411,40898,1436888,162,9,0,153,118
2020-09-23,US,Florida,Holmes,735,6,0,30.86747479,-85.81319222,12059.0,3746.7502676250183,0.8163265306122449,729,728,5,0,723,727,19477,7,1,0,6,1
2020-09-23,US,Florida,Indian River,3129,115,0,27.69308961,-80.60556721,12061.0,1956.5665976751307,3.6752956216043455,3014,3111,113,0,2998,3099,157413,18,2,0,16,12
2020-09-23,US,Florida,Jackson,2768,77,0,30.795459700000002,-85.21500423,12063.0,5963.71784375404,2.7817919075144513,2691,2750,77,0,2673,2727,48305,18,0,0,18,23
2020-09-23,US,Florida,Jefferson,550,8,0,30.43669112,-83.89442308,12065.0,3860.73283728766,1.4545454545454546,542,548,8,0,540,546,14288,2,0,0,2,2
2020-09-23,US,Florida,Lafayette,1232,12,0,29.98484137,-83.18166636,12067.0,14628.35431014011,0.9740259740259741,1220,1231,12,0,1219,1230,8732,1,0,0,1,1
2020-09-23,US,Florida,Lake,7365,173,0,28.76202069,-81.7125123,12069.0,2006.1669544941958,2.3489477257298037,7192,7339,172,0,7167,7313,356495,26,1,0,25,26
2020-09-23,US,Florida,Lee,20124,462,0,26.58410348,-81.88399313,12071.0,2611.5495271724953,2.2957662492546214,19662,20063,460,0,19603,20025,754610,61,2,0,59,38
2020-09-23,US,Florida,Leon,10204,63,0,30.45955727,-84.27491114,12073.0,3475.6899264941308,0.6174049392395139,10141,10125,57,0,10068,9990,292502,79,6,0,73,135
2020-09-23,US,Florida,Levy,1012,9,0,29.31829741,-82.74007147,12075.0,2438.37794858203,0.8893280632411067,1003,1009,9,0,1000,1006,40770,3,0,0,3,3
2020-09-23,US,Florida,Liberty,497,8,0,30.23766008,-84.8829258,12077.0,5949.245870241801,1.6096579476861168,489,496,7,0,489,491,8457,1,1,0,0,5
2020-09-23,US,Florida,Madison,1009,18,0,30.44396917,-83.47398594,12079.0,5456.118531336181,1.7839444995044598,991,1007,18,0,989,1005,18529,2,0,0,2,2
2020-09-23,US,Florida,Manatee,11327,282,0,27.47196942,-82.31831044,12081.0,2808.906567341099,2.489626556016597,11045,11279,278,0,11001,11241,394855,48,4,0,44,38
2020-09-23,US,Florida,Marion,9541,263,0,29.21227113,-82.05803627,12083.0,2609.832621676847,2.7565244733256478,9278,9491,261,0,9230,9453,359977,50,2,0,48,38
2020-09-23,US,Florida,Martin,4807,138,0,27.0772071,-80.43109784,12085.0,2985.714285714286,2.8708133971291865,4669,4780,132,0,4648,4759,160912,27,6,0,21,21
2020-09-23,US,Florida,Miami-Dade,167880,3127,0,25.6112362,-80.55170587,12086.0,6179.010210015679,1.8626399809387657,164753,167515,3085,0,164430,167153,2761581,365,42,0,323,362
2020-09-23,US,Florida,Monroe,1813,22,0,25.20904673,-81.07812416,12087.0,2442.4745379102224,1.2134583563154993,1791,1811,22,0,1789,1808,75027,2,0,0,2,3
2020-09-23,US,Florida,Nassau,2053,41,0,30.61037141,-81.80297522,12089.0,2316.502115655853,1.9970774476376036,2012,2036,40,0,1996,2031,85832,17,1,0,16,5
2020-09-23,US,Florida,Okaloosa,4802,107,0,30.69143028,-86.59267105,12091.0,2278.658808567985,2.228238234069138,4695,4769,102,0,4667,4750,207269,33,5,0,28,19
2020-09-23,US,Florida,Okeechobee,1501,24,0,27.386336199999995,-80.88944347,12093.0,3559.5712388541083,1.5989340439706865,1477,1489,23,0,1466,1464,41537,12,1,0,11,25
2020-09-23,US,Florida,Orange,39412,438,0,28.51367621,-81.31799498,12095.0,2828.371554958477,1.1113366487364251,38974,39232,432,0,38800,39056,1380645,180,6,0,174,176
2020-09-23,US,Florida,Osceola,12249,140,0,28.06312234,-81.14882926,12097.0,3259.8715638814,1.1429504449342804,12109,12209,138,0,12071,12139,367990,40,2,0,38,70
2020-09-23,US,Florida,Palm Beach,45743,1308,0,26.64676272,-80.46536002,12099.0,3056.1141658371025,2.859453905515598,44435,45602,1286,0,44316,45425,1485941,141,22,0,119,177
2020-09-23,US,Florida,Pasco,8988,205,0,28.30810945,-82.40227529,12101.0,1622.5378962247296,2.2808188696039164,8783,8934,204,0,8730,8893,539630,54,1,0,53,41
2020-09-23,US,Florida,Pinellas,21701,736,0,27.93130349,-82.72239666,12103.0,2225.7527210368044,3.391548776554076,20965,21620,729,0,20891,21561,975280,81,7,0,74,59
2020-09-23,US,Florida,Polk,19452,514,0,27.95027105,-81.69732947,12105.0,2683.860001076193,2.6424018095825623,18938,19339,512,0,18827,19243,708009,113,2,0,111,96
2020-09-23,US,Florida,Putnam,2088,38,0,29.60779729,-81.74230285,12107.0,2801.894767917768,1.8199233716475096,2050,2067,38,0,2029,2060,74163,21,0,0,21,7
2020-09-23,US,Florida,Santa Rosa,5236,74,0,30.69341450000001,-87.02458128,12113.0,2840.819692588152,1.4132925897631783,5162,5227,71,0,5156,5219,179349,9,3,0,6,8
2020-09-23,US,Florida,Sarasota,7948,251,0,27.18546175,-82.33174248,12115.0,1832.425727736765,3.158027176648213,7697,7912,248,0,7664,7903,426718,36,3,0,33,9
2020-09-23,US,Florida,Seminole,8911,207,0,28.7158582,-81.24060348,12117.0,1888.6199573571607,2.322971608124789,8704,8887,200,0,8687,8860,467832,24,7,0,17,27
2020-09-23,US,Florida,St. Johns,5167,69,0,29.90096506,-81.43589967,12109.0,1952.2276629186315,1.3353977162763693,5098,5143,68,0,5075,5112,254261,24,1,0,23,31
2020-09-23,US,Florida,St. Lucie,7875,271,0,27.37763908,-80.47106649,12111.0,2398.742601973213,3.441269841269841,7604,7846,269,0,7577,7822,321128,29,2,0,27,24
2020-09-23,US,Florida,Sumter,2196,65,0,28.70181754,-82.0794267,12119.0,1658.3597643860446,2.959927140255009,2131,2180,65,0,2115,2164,128754,16,0,0,16,16
2020-09-23,US,Florida,Suwannee,2657,66,0,30.19746066,-82.99099670000003,12121.0,5981.943850327577,2.4840045163718485,2591,2640,65,0,2575,2615,44191,17,1,0,16,25
2020-09-23,US,Florida,Taylor,1307,12,0,30.04848048,-83.60445406,12123.0,6059.622606518615,0.918133129303749,1295,1302,12,0,1290,1291,21623,5,0,0,5,11
2020-09-23,US,Florida,Unassigned,1623,0,0,0.0,0.0,90012.0,0.0,0.0,1623,1613,0,0,1613,1600,,10,0,0,10,13
2020-09-23,US,Florida,Union,903,12,0,30.04412971,-82.37497443,12125.0,5926.363457373499,1.32890365448505,891,895,12,0,883,885,14940,8,0,0,8,10
2020-09-23,US,Florida,Volusia,10651,232,0,29.05858895,-81.18263252,12127.0,1925.051149138597,2.1781992301192377,10419,10614,226,0,10388,10537,547538,37,6,0,31,77
2020-09-23,US,Florida,Wakulla,1106,9,0,30.16548905,-84.39895211,12129.0,3278.10545659326,0.8137432188065099,1097,1103,9,0,1094,1098,32461,3,0,0,3,5
2020-09-23,US,Florida,Walton,1915,24,0,30.64204028,-86.16935664,12131.0,2585.3572923276315,1.2532637075718016,1891,1905,23,0,1882,1877,71375,10,1,0,9,28
2020-09-23,US,Florida,Washington,1064,18,0,30.61359259,-85.66002461,12133.0,4176.971695520749,1.6917293233082706,1046,1062,18,0,1044,1059,24880,2,0,0,2,3
2020-09-23,US,Georgia,Appling,1015,26,0,31.74847232,-82.28909114,13001.0,5520.504731861199,2.5615763546798034,989,1011,26,0,985,1010,18507,4,0,0,4,1
2020-09-23,US,Georgia,Atkinson,438,3,0,31.29633502,-82.87545866,13003.0,5364.360073484385,0.6849315068493149,435,436,3,0,433,435,8297,2,0,0,2,1
2020-09-23,US,Georgia,Bacon,596,13,0,31.55456473,-82.45936528,13005.0,5338.588319598711,2.1812080536912752,583,593,11,0,582,592,11185,3,2,0,1,1
2020-09-23,US,Georgia,Baker,79,4,0,31.32669878,-84.44218806,13007.0,2600.394996708361,5.063291139240507,75,79,4,0,75,78,3092,0,0,0,0,1
2020-09-23,US,Georgia,Baldwin,2078,56,0,33.06882326,-83.24701748,13009.0,4629.093339273782,2.694898941289701,2022,2061,56,0,2005,2058,44823,17,0,0,17,3
2020-09-23,US,Georgia,Banks,473,7,0,34.35607081,-83.49644388,13011.0,2459.18685660809,1.4799154334038056,466,471,7,0,464,470,18988,2,0,0,2,1
2020-09-23,US,Georgia,Barrow,2124,46,0,33.99148694,-83.71436292,13013.0,2551.657856799616,2.1657250470809792,2078,2106,46,0,2060,2103,80809,18,0,0,18,3
2020-09-23,US,Georgia,Bartow,2835,84,0,34.23732119,-84.83887523,13015.0,2631.3835415545122,2.962962962962963,2751,2821,82,0,2739,2808,106408,14,2,0,12,13
2020-09-23,US,Georgia,Ben Hill,751,21,0,31.76095874,-83.22145359,13017.0,4497.005988023952,2.796271637816245,730,744,21,0,723,740,16787,7,0,0,7,4
2020-09-23,US,Georgia,Berrien,442,12,0,31.27590016,-83.22529920000002,13019.0,2278.7028921998253,2.7149321266968327,430,440,12,0,428,439,19252,2,0,0,2,1
2020-09-23,US,Georgia,Bibb,5995,159,0,32.80904227,-83.70489165,13021.0,3914.2329213431785,2.6522101751459553,5836,5974,158,0,5816,5963,153095,21,1,0,20,11
2020-09-23,US,Georgia,Bleckley,426,19,0,32.43829035,-83.33035166,13023.0,3309.251922628757,4.460093896713615,407,427,19,0,408,427,12838,-1,0,0,-1,0
2020-09-23,US,Georgia,Brantley,343,10,0,31.19576557,-81.97743999,13025.0,1794.9657229577685,2.915451895043732,333,343,10,0,333,343,18897,0,0,0,0,0
2020-09-23,US,Georgia,Brooks,515,27,0,30.83922642,-83.58303423,13027.0,3331.8237691660743,5.242718446601941,488,513,27,0,486,512,15513,2,0,0,2,1
2020-09-23,US,Georgia,Bryan,1126,11,0,32.00979311,-81.44002948,13029.0,2841.496959144018,0.9769094138543516,1115,1101,11,0,1090,1067,38109,25,0,0,25,34
2020-09-23,US,Georgia,Bulloch,2836,27,0,32.39577406,-81.74811421,13031.0,3562.456034569389,0.9520451339915372,2809,2796,26,0,2770,2788,77296,40,1,0,39,8
2020-09-23,US,Georgia,Burke,781,10,0,33.05917989,-81.99928721,13033.0,3489.255238350534,1.2804097311139564,771,771,9,0,762,767,22423,10,1,0,9,4
2020-09-23,US,Georgia,Butts,631,42,0,33.283094500000004,-83.95435040000002,13035.0,2530.4780237407763,6.6561014263074485,589,631,42,0,589,630,24193,0,0,0,0,1
2020-09-23,US,Georgia,Calhoun,236,8,0,31.53169785,-84.62725131,13037.0,3813.216997899499,3.3898305084745757,228,234,7,0,227,233,6352,2,1,0,1,1
2020-09-23,US,Georgia,Camden,1250,8,0,30.92951916,-81.66601818,13039.0,2286.6132513811144,0.64,1242,1243,8,0,1235,1239,53677,7,0,0,7,4
2020-09-23,US,Georgia,Candler,444,18,0,32.40209349,-82.07702563,13043.0,4109.969452929742,4.0540540540540535,426,422,17,0,405,422,10836,22,1,0,21,0
2020-09-23,US,Georgia,Carroll,2682,64,0,33.58138199,-85.07976677,13045.0,2235.149009933996,2.38627889634601,2618,2661,63,0,2598,2649,118121,21,1,0,20,12
2020-09-23,US,Georgia,Catoosa,1139,18,0,34.89872298,-85.13757014,13047.0,1685.4098845812368,1.5803336259877083,1121,1118,17,0,1101,1108,67420,21,1,0,20,10
2020-09-23,US,Georgia,Charlton,622,6,0,30.78371028,-82.13951596,13049.0,4644.563918757467,0.964630225080386,616,618,6,0,612,614,12968,4,0,0,4,4
2020-09-23,US,Georgia,Chatham,8277,149,0,32.00043026,-81.12489526,13051.0,2859.7588363334835,1.8001691434094478,8128,8199,147,0,8052,8142,289195,78,2,0,76,57
2020-09-23,US,Georgia,Chattahoochee,1628,1,0,32.34341231,-84.78809239,13053.0,14926.194187219216,0.06142506142506143,1627,1626,1,0,1625,1626,10684,2,0,0,2,0
2020-09-23,US,Georgia,Chattooga,739,17,0,34.47197698,-85.34535662,13055.0,2981.1609988301257,2.3004059539918806,722,729,12,0,717,725,24790,10,5,0,5,4
2020-09-23,US,Georgia,Cherokee,5868,91,0,34.24393976,-84.47431861,13057.0,2267.624520332492,1.550783912747103,5777,5811,91,0,5720,5786,254149,57,0,0,57,25
2020-09-23,US,Georgia,Clarke,4939,42,0,33.95436462,-83.37124007,13059.0,3848.6414038696807,0.8503745697509617,4897,4916,42,0,4874,4890,127330,23,0,0,23,26
2020-09-23,US,Georgia,Clay,120,2,0,31.62221166,-84.97713865,13061.0,4234.297812279464,1.6666666666666667,118,120,2,0,118,120,2887,0,0,0,0,0
2020-09-23,US,Georgia,Clayton,7086,159,0,33.54187245,-84.35594188,13063.0,2424.586663746852,2.243861134631668,6927,7069,159,0,6910,7043,289615,17,0,0,17,26
2020-09-23,US,Georgia,Clinch,370,6,0,30.91395822,-82.70432472,13065.0,5590.812934421276,1.6216216216216215,364,368,6,0,362,368,6648,2,0,0,2,0
2020-09-23,US,Georgia,Cobb,19283,422,0,33.94243204,-84.5761255,13067.0,2536.76620521719,2.1884561530882123,18861,19174,421,0,18753,19092,756865,109,1,0,108,82
2020-09-23,US,Georgia,Coffee,2009,43,0,31.54892966,-82.85492059999999,13069.0,4642.6177986273215,2.1403683424589346,1966,2004,43,0,1961,1982,43093,5,0,0,5,22
2020-09-23,US,Georgia,Colquitt,1877,33,0,31.18810588,-83.7677946,13071.0,4116.228070175439,1.7581246670218431,1844,1884,33,0,1851,1911,45592,-7,0,0,-7,-27
2020-09-23,US,Georgia,Columbia,3661,59,0,33.54534185,-82.263524,13073.0,2336.102709394183,1.6115815350996996,3602,3645,58,0,3587,3637,154291,16,1,0,15,8
2020-09-23,US,Georgia,Cook,544,13,0,31.16068491,-83.42947229,13075.0,3149.9710480602203,2.389705882352941,531,542,12,0,530,542,17162,2,1,0,1,0
2020-09-23,US,Georgia,Coweta,2546,43,0,33.35334302,-84.76129976,13077.0,1714.3742130106589,1.6889238020424195,2503,2527,42,0,2485,2513,145864,19,1,0,18,14
2020-09-23,US,Georgia,Crawford,166,5,0,32.71391813,-83.98061238,13079.0,1338.2779748468233,3.0120481927710845,161,166,4,0,162,165,12318,0,1,0,-1,1
2020-09-23,US,Georgia,Crisp,539,17,0,31.92289565,-83.76811843,13081.0,2409.261576971214,3.1539888682745825,522,536,17,0,519,532,22601,3,0,0,3,4
2020-09-23,US,Georgia,Dade,278,5,0,34.854916700000004,-85.50490424,13083.0,1724.9937949863488,1.7985611510791366,273,274,5,0,269,274,16226,4,0,0,4,0
2020-09-23,US,Georgia,Dawson,797,7,0,34.44244079,-84.16964071,13085.0,3052.704151984067,0.8782936010037641,790,795,6,0,789,795,25083,2,1,0,1,0
2020-09-23,US,Georgia,DeKalb,18302,353,0,33.76944049,-84.22396017,13089.0,2410.387503177281,1.9287509561796523,17949,18192,351,0,17841,18110,756558,110,2,0,108,82
2020-09-23,US,Georgia,Decatur,1122,29,0,30.87967778,-84.57619536,13087.0,4249.356158157855,2.584670231729055,1093,1121,29,0,1092,1115,26575,1,0,0,1,6
2020-09-23,US,Georgia,Dodge,415,12,0,32.17265114,-83.16948926,13091.0,2014.074253821888,2.8915662650602414,403,407,12,0,395,401,20705,8,0,0,8,6
2020-09-23,US,Georgia,Dooly,334,14,0,32.15630737,-83.79746561,13093.0,2494.398805078417,4.1916167664670665,320,330,14,0,316,326,13706,4,0,0,4,4
2020-09-23,US,Georgia,Dougherty,3128,185,0,31.53328528,-84.21722377,13095.0,3556.3236163536308,5.914322250639386,2943,3128,183,0,2945,3126,91243,0,2,0,-2,2
2020-09-23,US,Georgia,Douglas,3485,71,0,33.70291126,-84.77026156,13097.0,2381.391662054215,2.037302725968436,3414,3457,71,0,3386,3447,145331,28,0,0,28,10
2020-09-23,US,Georgia,Early,477,32,0,31.32155345,-84.90255207,13099.0,4681.059862610402,6.708595387840671,445,475,32,0,443,474,10247,2,0,0,2,1
2020-09-23,US,Georgia,Echols,239,2,0,30.71101099,-82.89687287,13101.0,5966.050923614576,0.8368200836820083,237,239,2,0,237,239,4000,0,0,0,0,0
2020-09-23,US,Georgia,Effingham,1403,23,0,32.36616021,-81.34280942,13103.0,2182.095309194973,1.639344262295082,1380,1384,23,0,1361,1380,62190,19,0,0,19,4
2020-09-23,US,Georgia,Elbert,624,3,0,34.11302332,-82.83936148,13105.0,3251.015942482026,0.4807692307692308,621,600,3,0,597,596,19120,24,0,0,24,4
2020-09-23,US,Georgia,Emanuel,1015,30,0,32.59221302,-82.30239915,13107.0,4482.027731166652,2.955665024630542,985,1000,30,0,970,998,22612,15,0,0,15,2
2020-09-23,US,Georgia,Evans,419,6,0,32.15328841,-81.8870105,13109.0,3932.795194293223,1.431980906921241,413,415,6,0,409,415,10721,4,0,0,4,0
2020-09-23,US,Georgia,Fannin,618,20,0,34.86430205,-84.316964,13111.0,2359.859477623339,3.236245954692557,598,602,13,0,589,598,25964,16,7,0,9,4
2020-09-23,US,Georgia,Fayette,1763,49,0,33.41357794,-84.49089434,13113.0,1540.8010767254266,2.779353374929098,1714,1754,49,0,1705,1752,113459,9,0,0,9,2
2020-09-23,US,Georgia,Floyd,3069,44,0,34.26268279,-85.21577392,13115.0,3115.7993055696556,1.4336917562724014,3025,3010,41,0,2969,2984,97927,59,3,0,56,26
2020-09-23,US,Georgia,Forsyth,3832,45,0,34.22604035,-84.12315129999998,13117.0,1568.871493375694,1.1743215031315242,3787,3772,44,0,3728,3751,236612,60,1,0,59,21
2020-09-23,US,Georgia,Franklin,735,11,0,34.37525597,-83.23159927,13119.0,3147.886419118592,1.4965986394557824,724,729,11,0,718,726,23023,6,0,0,6,3
2020-09-23,US,Georgia,Fulton,27247,568,0,33.79216944,-84.46319413,13121.0,2560.9599064606273,2.084633170624289,26679,27122,565,0,26557,27080,1050114,125,3,0,122,42
2020-09-23,US,Georgia,Gilmer,801,11,0,34.69316688,-84.45802506,13123.0,2553.476362013453,1.373283395755306,790,796,11,0,785,794,30816,5,0,0,5,2
2020-09-23,US,Georgia,Glascock,38,2,0,33.22879932,-82.61297636,13125.0,1279.0306294177044,5.2631578947368425,36,38,2,0,36,37,2995,0,0,0,0,1
2020-09-23,US,Georgia,Glynn,3428,94,0,31.23279254,-81.53811412,13127.0,4019.134268161141,2.7421236872812136,3334,3416,94,0,3322,3419,85219,12,0,0,12,-3
2020-09-23,US,Georgia,Gordon,1812,36,0,34.50487351,-84.87296253,13129.0,3126.1321877749597,1.9867549668874167,1776,1802,36,0,1766,1791,57685,10,0,0,10,11
2020-09-23,US,Georgia,Grady,754,22,0,30.87454847,-84.23418364,13131.0,3060.9345187350305,2.9177718832891246,732,757,21,0,736,760,24748,-3,1,0,-4,-3
2020-09-23,US,Georgia,Greene,498,23,0,33.5769205,-83.17139104,13133.0,2717.7472167648984,4.618473895582329,475,497,23,0,474,492,17698,1,0,0,1,5
2020-09-23,US,Georgia,Gwinnett,26931,398,0,33.96044201,-84.02137802,13135.0,2876.475300400535,1.477850803906279,26533,26744,396,0,26348,26678,927781,187,2,0,185,66
2020-09-23,US,Georgia,Habersham,1585,67,0,34.63331566,-83.53094677,13137.0,3496.7349099894104,4.2271293375394325,1518,1565,67,0,1498,1563,45388,20,0,0,20,2
2020-09-23,US,Georgia,Hall,8949,148,0,34.32207823,-83.81896936,13139.0,4377.3020088925405,1.6538160688345067,8801,8864,145,0,8719,8827,202148,85,3,0,82,37
2020-09-23,US,Georgia,Hancock,387,42,0,33.2721566,-82.99766919,13141.0,4576.0908123448025,10.852713178294573,345,386,42,0,344,388,8348,1,0,0,1,-2
2020-09-23,US,Georgia,Haralson,454,8,0,33.79602175,-85.21005667,13143.0,1523.8990332975295,1.7621145374449338,446,446,8,0,438,444,29533,8,0,0,8,2
2020-09-23,US,Georgia,Harris,782,21,0,32.73709786,-84.90538572,13145.0,2219.3211488250654,2.6854219948849103,761,780,21,0,759,777,34475,2,0,0,2,3
2020-09-23,US,Georgia,Hart,492,13,0,34.34626973,-82.96567682,13147.0,1877.504293073841,2.6422764227642275,479,488,13,0,475,486,26099,4,0,0,4,2
2020-09-23,US,Georgia,Heard,189,5,0,33.29686567,-85.12886832,13149.0,1585.171517235595,2.6455026455026456,184,189,5,0,184,189,11879,0,0,0,0,0
2020-09-23,US,Georgia,Henry,5073,100,0,33.4533428,-84.14814659999998,13151.0,2162.763630782611,1.9712201852946971,4973,5026,99,0,4927,4994,230220,47,1,0,46,32
2020-09-23,US,Georgia,Houston,3083,80,0,32.45802497,-83.66879087,13153.0,1952.959211468172,2.5948751216347707,3003,3069,78,0,2991,3058,155469,14,2,0,12,11
2020-09-23,US,Georgia,Irwin,288,4,0,31.60213036,-83.27501387,13155.0,3058.623619371283,1.3888888888888888,284,288,4,0,284,285,9398,0,0,0,0,3
2020-09-23,US,Georgia,Jackson,1914,31,0,34.13794553,-83.56814788,13157.0,2622.7441522671525,1.6196447230929991,1883,1903,31,0,1872,1894,70422,11,0,0,11,9
2020-09-23,US,Georgia,Jasper,211,4,0,33.31535543,-83.68844964,13159.0,1483.9299528799493,1.895734597156398,207,210,4,0,206,210,14040,1,0,0,1,0
2020-09-23,US,Georgia,Jeff Davis,708,19,0,31.80405727,-82.63724870000001,13161.0,4684.088653655309,2.68361581920904,689,707,19,0,688,704,15029,1,0,0,1,3
2020-09-23,US,Georgia,Jefferson,777,25,0,33.05867328,-82.41609057,13163.0,5057.935164692098,3.217503217503217,752,774,23,0,751,775,15430,3,2,0,1,-1
2020-09-23,US,Georgia,Jenkins,403,29,0,32.79248718,-81.96040187,13165.0,4644.997694790226,7.196029776674937,374,398,29,0,369,398,8683,5,0,0,5,0
2020-09-23,US,Georgia,Johnson,414,22,0,32.70211082,-82.66166794,13167.0,4293.269729337343,5.3140096618357475,392,411,22,0,389,411,9708,3,0,0,3,0
2020-09-23,US,Georgia,Jones,538,8,0,33.02512137,-83.56019163,13169.0,1872.2811901861842,1.4869888475836432,530,535,8,0,527,532,28616,3,0,0,3,3
2020-09-23,US,Georgia,Lamar,354,18,0,33.07841647,-84.14263877,13171.0,1855.6376788803275,5.084745762711863,336,353,17,0,336,351,19000,1,1,0,0,2
2020-09-23,US,Georgia,Lanier,296,5,0,31.03828570000001,-83.06472457,13173.0,2839.873356998945,1.6891891891891893,291,295,5,0,290,294,10340,1,0,0,1,1
2020-09-23,US,Georgia,Laurens,1609,64,0,32.46325233,-82.92221316,13175.0,3384.091195894502,3.977625854568055,1545,1595,64,0,1531,1587,47325,14,0,0,14,8
2020-09-23,US,Georgia,Lee,690,25,0,31.779330600000005,-84.14324253,13177.0,2300.613496932516,3.6231884057971016,665,696,25,0,671,698,29764,-6,0,0,-6,-2
2020-09-23,US,Georgia,Liberty,1091,22,0,31.82588896,-81.49251135,13179.0,1775.8606657442826,2.016498625114574,1069,1078,22,0,1056,1064,61497,13,0,0,13,14
2020-09-23,US,Georgia,Lincoln,213,7,0,33.79201475,-82.45024131,13181.0,2689.0544123216764,3.286384976525821,206,213,7,0,206,212,7915,0,0,0,0,1
2020-09-23,US,Georgia,Long,235,3,0,31.75218791,-81.74952375,13183.0,1201.4929188608826,1.2765957446808511,232,231,3,0,228,231,18998,4,0,0,4,0
2020-09-23,US,Georgia,Lowndes,3848,78,0,30.83568832,-83.27056716,13185.0,3277.5156295248967,2.0270270270270268,3770,3828,76,0,3752,3818,116321,20,2,0,18,10
2020-09-23,US,Georgia,Lumpkin,894,14,0,34.57286511,-84.00425681,13187.0,2659.9226420708123,1.5659955257270697,880,886,14,0,872,881,32955,8,0,0,8,5
2020-09-23,US,Georgia,Macon,228,10,0,32.35207048,-84.04234127,13193.0,1761.0257202440719,4.385964912280701,218,227,10,0,217,227,13143,1,0,0,1,0
2020-09-23,US,Georgia,Madison,678,8,0,34.12920917,-83.21218732,13195.0,2269.076305220884,1.1799410029498525,670,674,8,0,666,667,29650,4,0,0,4,7
2020-09-23,US,Georgia,Marion,189,8,0,32.3483402,-84.52733571,13197.0,2261.036009091997,4.232804232804233,181,189,8,0,181,187,8351,0,0,0,0,2
2020-09-23,US,Georgia,McDuffie,582,14,0,33.47851918,-82.48252774,13189.0,2730.855855855856,2.405498281786941,568,580,14,0,566,580,21531,2,0,0,2,0
2020-09-23,US,Georgia,McIntosh,286,7,0,31.49683595,-81.40163426,13191.0,1989.1500904159127,2.4475524475524475,279,284,7,0,277,282,14340,2,0,0,2,2
2020-09-23,US,Georgia,Meriwether,537,13,0,33.04163534,-84.68859732,13199.0,2536.9679217650114,2.4208566108007448,524,535,13,0,522,536,21068,2,0,0,2,-1
2020-09-23,US,Georgia,Miller,246,1,0,31.16568912,-84.73151117,13201.0,4302.203567681007,0.4065040650406504,245,246,1,0,245,243,5686,0,0,0,0,3
2020-09-23,US,Georgia,Mitchell,780,45,0,31.22483255,-84.19381821,13205.0,3567.671408315419,5.769230769230768,735,781,45,0,736,782,22192,-1,0,0,-1,-1
2020-09-23,US,Georgia,Monroe,666,50,0,33.014289,-83.92097166,13207.0,2414.968453114802,7.5075075075075075,616,665,49,0,616,660,27520,1,1,0,0,5
2020-09-23,US,Georgia,Montgomery,293,5,0,32.17201038,-82.53527476,13209.0,3194.5050152638464,1.706484641638225,288,293,5,0,288,292,9193,0,0,0,0,1
2020-09-23,US,Georgia,Morgan,476,2,0,33.59232073,-83.49129491,13211.0,2469.3919900394267,0.4201680672268908,474,473,2,0,471,472,18853,3,0,0,3,1
2020-09-23,US,Georgia,Murray,804,5,0,34.78897608,-84.74993177,13213.0,2005.1875498802874,0.6218905472636815,799,798,5,0,793,796,39921,6,0,0,6,2
2020-09-23,US,Georgia,Muscogee,5920,167,0,32.50931999,-84.87142262,13215.0,3023.9721304190143,2.8209459459459465,5753,5883,166,0,5717,5874,194160,37,1,0,36,9
2020-09-23,US,Georgia,Newton,2552,85,0,33.55514538,-83.84547140000002,13217.0,2283.791523482245,3.3307210031347965,2467,2540,82,0,2458,2535,109541,12,3,0,9,5
2020-09-23,US,Georgia,Oconee,725,26,0,33.83749973,-83.43679568,13219.0,1799.9006951340616,3.5862068965517233,699,722,26,0,696,716,39272,3,0,0,3,6
2020-09-23,US,Georgia,Oglethorpe,324,11,0,33.878629600000004,-83.08278123,13221.0,2123.337046988662,3.3950617283950617,313,322,11,0,311,319,15054,2,0,0,2,3
2020-09-23,US,Georgia,Out of GA,17364,149,0,0.0,0.0,80013.0,0.0,0.8580972126238194,17215,17364,149,0,17215,17364,,0,0,0,0,0
2020-09-23,US,Georgia,Paulding,2739,50,0,33.91969522,-84.86848792,13223.0,1623.9098341702881,1.8254837531945969,2689,2728,50,0,2678,2717,164044,11,0,0,11,11
2020-09-23,US,Georgia,Peach,662,23,0,32.56934316,-83.82937,13225.0,2403.252740869818,3.474320241691843,639,660,23,0,637,659,27297,2,0,0,2,1
2020-09-23,US,Georgia,Pickens,611,10,0,34.46589159,-84.46406611,13227.0,1874.7506980454727,1.6366612111292962,601,610,10,0,600,603,31980,1,0,0,1,7
2020-09-23,US,Georgia,Pierce,595,17,0,31.35928155,-82.21598442,13229.0,3056.7685589519647,2.8571428571428568,578,594,17,0,577,591,19389,1,0,0,1,3
2020-09-23,US,Georgia,Pike,316,9,0,33.09310242,-84.38790389,13231.0,1666.490876489822,2.848101265822785,307,315,9,0,306,315,18634,1,0,0,1,0
2020-09-23,US,Georgia,Polk,1429,17,0,34.00267074,-85.18677781,13233.0,3353.436744655387,1.1896431070678797,1412,1417,17,0,1400,1409,42470,12,0,0,12,8
2020-09-23,US,Georgia,Pulaski,311,22,0,32.23334561,-83.47549959999998,13235.0,2792.493490167909,7.07395498392283,289,310,14,0,296,310,11069,1,8,0,-7,0
2020-09-23,US,Georgia,Putnam,678,23,0,33.32056115,-83.37552891,13237.0,3065.2380306523805,3.392330383480826,655,675,23,0,652,676,21809,3,0,0,3,-1
2020-09-23,US,Georgia,Quitman,32,1,0,31.86728114,-85.01773177,13239.0,1391.9095258808175,3.125,31,32,1,0,31,32,2279,0,0,0,0,0
2020-09-23,US,Georgia,Rabun,327,9,0,34.88389445,-83.40304637,13241.0,1908.1519519169046,2.7522935779816518,318,321,8,0,313,321,16867,6,1,0,5,0
2020-09-23,US,Georgia,Randolph,331,28,0,31.76622818,-84.75732369,13243.0,4883.446444378873,8.459214501510575,303,331,28,0,303,331,6833,0,0,0,0,0
2020-09-23,US,Georgia,Richmond,6956,159,0,33.35777107,-82.07026432,13245.0,3434.756416713576,2.285796434732605,6797,6921,158,0,6763,6900,201554,35,1,0,34,21
2020-09-23,US,Georgia,Rockdale,1828,36,0,33.65145002,-84.02202167,13247.0,2011.0895969019532,1.9693654266958425,1792,1818,35,0,1783,1817,90594,10,1,0,9,1
2020-09-23,US,Georgia,Schley,104,2,0,32.2654021,-84.31258912,13249.0,1978.3146281148945,1.9230769230769231,102,104,2,0,102,104,5236,0,0,0,0,0
2020-09-23,US,Georgia,Screven,400,10,0,32.74976524,-81.60779441,13251.0,2864.09852498926,2.5,390,392,10,0,382,389,13938,8,0,0,8,3
2020-09-23,US,Georgia,Seminole,347,9,0,30.93464824,-84.86823924,13253.0,4289.245982694685,2.5936599423631126,338,346,9,0,337,347,8315,1,0,0,1,-1
2020-09-23,US,Georgia,Spalding,1305,59,0,33.26310031,-84.28013991,13255.0,1956.4337436097326,4.521072796934867,1246,1295,56,0,1239,1289,66100,10,3,0,7,6
2020-09-23,US,Georgia,Stephens,1030,36,0,34.55151201,-83.29405315,13257.0,3972.9990356798457,3.4951456310679614,994,1019,34,0,985,1017,26035,11,2,0,9,2
2020-09-23,US,Georgia,Stewart,478,14,0,32.07996777,-84.83208037,13259.0,7219.4532547953495,2.928870292887029,464,462,13,0,449,462,6199,16,1,0,15,0
2020-09-23,US,Georgia,Sumter,927,62,0,32.03650571,-84.19821492,13261.0,3139.8184527841754,6.68824163969795,865,922,61,0,861,919,29733,5,1,0,4,3
2020-09-23,US,Georgia,Talbot,162,5,0,32.69642758,-84.53351366,13263.0,2615.01210653753,3.08641975308642,157,160,5,0,155,159,6272,2,0,0,2,1
2020-09-23,US,Georgia,Taliaferro,21,0,0,33.56543317,-82.88136816,13265.0,1366.2979830839295,0.0,21,21,0,0,21,21,1608,0,0,0,0,0
2020-09-23,US,Georgia,Tattnall,804,10,0,32.04785085,-82.05539188,13267.0,3179.6250889820453,1.243781094527363,794,793,10,0,783,792,25391,11,0,0,11,1
2020-09-23,US,Georgia,Taylor,207,10,0,32.55792548,-84.25077141,13269.0,2581.0473815461346,4.8309178743961345,197,206,10,0,196,205,8039,1,0,0,1,1
2020-09-23,US,Georgia,Telfair,383,18,0,31.92829517,-82.93491155,13271.0,2414.8802017654475,4.699738903394255,365,381,18,0,363,379,15876,2,0,0,2,2
2020-09-23,US,Georgia,Terrell,327,31,0,31.77527543,-84.44069698,13273.0,3833.0793576368537,9.48012232415902,296,327,31,0,296,326,8611,0,0,0,0,1
2020-09-23,US,Georgia,Thomas,1468,62,0,30.86392347,-83.91847289,13275.0,3302.512879350296,4.223433242506812,1406,1472,59,0,1413,1476,44448,-4,3,0,-7,-4
2020-09-23,US,Georgia,Tift,1735,56,0,31.45743864,-83.5236119,13277.0,4268.772758586753,3.2276657060518734,1679,1713,56,0,1657,1697,40571,22,0,0,22,16
2020-09-23,US,Georgia,Toombs,1284,44,0,32.12059861,-82.32957247,13279.0,4785.687663063734,3.4267912772585665,1240,1280,43,0,1237,1279,26887,4,1,0,3,1
2020-09-23,US,Georgia,Towns,319,9,0,34.91369188,-83.74107459999998,13281.0,2650.162000498463,2.8213166144200628,310,309,8,0,301,304,11852,10,1,0,9,5
2020-09-23,US,Georgia,Treutlen,250,8,0,32.40422134,-82.56904553,13283.0,3622.663382118533,3.2,242,245,8,0,237,244,6809,5,0,0,5,1
2020-09-23,US,Georgia,Troup,2776,95,0,33.03349196,-85.02812115,13285.0,3970.138153942965,3.422190201729107,2681,2763,94,0,2669,2758,70034,13,1,0,12,5
2020-09-23,US,Georgia,Turner,294,22,0,31.71612656,-83.62069378,13287.0,3681.903569192235,7.482993197278912,272,294,22,0,272,293,7912,0,0,0,0,1
2020-09-23,US,Georgia,Twiggs,186,7,0,32.67435595,-83.43078662,13289.0,2290.64039408867,3.7634408602150535,179,185,7,0,178,184,8188,1,0,0,1,1
2020-09-23,US,Georgia,Unassigned,2263,6,0,0.0,0.0,90013.0,0.0,0.26513477684489617,2257,2342,5,0,2337,2386,,-79,1,0,-80,-44
2020-09-23,US,Georgia,Union,701,18,0,34.82995757,-83.98967069,13291.0,2859.9404349067768,2.5677603423680457,683,675,18,0,657,675,24001,26,0,0,26,0
2020-09-23,US,Georgia,Upson,764,61,0,32.87920671,-84.30024826,13293.0,2902.7355623100293,7.984293193717277,703,757,60,0,697,755,26215,7,1,0,6,2
2020-09-23,US,Georgia,Walker,1496,31,0,34.73376362,-85.30165174,13295.0,2144.46467223807,2.072192513368984,1465,1481,30,0,1451,1470,69410,15,1,0,14,11
2020-09-23,US,Georgia,Walton,1758,53,0,33.78017694,-83.73552314,13297.0,1858.488471662808,3.0147895335608648,1705,1752,53,0,1699,1742,93503,6,0,0,6,10
2020-09-23,US,Georgia,Ware,1475,56,0,31.05449097,-82.42224148,13299.0,4127.7214977332505,3.7966101694915255,1419,1472,54,0,1418,1465,35680,3,2,0,1,7
2020-09-23,US,Georgia,Warren,140,5,0,33.41146451,-82.67795848,13301.0,2664.6364674533693,3.571428571428572,135,138,5,0,133,136,5251,2,0,0,2,2
2020-09-23,US,Georgia,Washington,657,8,0,32.96711864,-82.79357039,13303.0,3224.698144694218,1.21765601217656,649,655,8,0,647,654,20386,2,0,0,2,1
2020-09-23,US,Georgia,Wayne,1100,28,0,31.5521809,-81.91894878,13305.0,3675.610652587964,2.5454545454545454,1072,1094,27,0,1067,1092,29808,6,1,0,5,2
2020-09-23,US,Georgia,Webster,43,2,0,32.04066113,-84.54742852,13307.0,1649.4054468738013,4.651162790697675,41,43,2,0,41,43,2611,0,0,0,0,0
2020-09-23,US,Georgia,Wheeler,326,11,0,32.12009104,-82.72574721,13309.0,4150.2227880331,3.3742331288343568,315,324,11,0,313,322,7879,2,0,0,2,2
2020-09-23,US,Georgia,White,761,19,0,34.64624278,-83.74905525,13311.0,2470.939671407234,2.4967148488830486,742,736,17,0,719,727,29970,25,2,0,23,9
2020-09-23,US,Georgia,Whitfield,4491,61,0,34.80987459,-84.96093476,13313.0,4292.350040142218,1.3582720997550657,4430,4469,60,0,4409,4457,104062,22,1,0,21,12
2020-09-23,US,Georgia,Wilcox,247,20,0,31.97496928,-83.43438555,13315.0,2860.4516502605675,8.097165991902834,227,245,20,0,225,245,8812,2,0,0,2,0
2020-09-23,US,Georgia,Wilkes,261,5,0,33.78290391,-82.74286107,13317.0,2669.53053083768,1.9157088122605364,256,260,4,0,256,260,9876,1,1,0,0,0
2020-09-23,US,Georgia,Wilkinson,333,18,0,32.80291082,-83.17140684,13319.0,3719.00826446281,5.405405405405406,315,331,18,0,313,332,9036,2,0,0,2,-1
2020-09-23,US,Georgia,Worth,523,30,0,31.55162306,-83.85090513,13321.0,2583.098730676149,5.736137667304015,493,523,29,0,494,523,20299,0,1,0,-1,0
2020-09-23,US,Hawaii,Hawaii,672,15,0,19.60121157,-155.5210167,15001.0,333.47724464426614,2.232142857142857,657,659,15,0,644,651,200983,13,0,0,13,8
2020-09-23,US,Hawaii,Honolulu,10546,97,0,21.45803166,-157.97121819999995,15003.0,1082.1260400815545,0.9197800113787218,10449,10393,95,0,10298,10338,980080,153,2,0,151,55
2020-09-23,US,Hawaii,Kauai,57,0,0,22.03935037,-159.5966786,15007.0,78.84580803120635,0.0,57,57,0,0,57,57,72133,0,0,0,0,0
2020-09-23,US,Hawaii,Maui,386,9,0,20.86399628,-156.56890969999995,15009.0,230.56200983173758,2.33160621761658,377,385,9,0,376,385,167207,1,0,0,1,0
2020-09-23,US,Hawaii,Out of HI,28,1,0,0.0,0.0,80015.0,0.0,3.571428571428572,27,28,1,0,27,28,,0,0,0,0,0
2020-09-23,US,Idaho,Ada,12520,147,0,43.4526575,-116.24155159999998,16001.0,2599.7379497370152,1.1741214057507987,12373,12455,146,0,12309,12417,469966,65,1,0,64,38
2020-09-23,US,Idaho,Adams,28,1,0,44.89333571,-116.4545247,16003.0,652.0726595249182,3.571428571428572,27,28,1,0,27,28,4250,0,0,0,0,0
2020-09-23,US,Idaho,Bannock,942,4,0,42.67002716,-112.2233311,16005.0,1072.7951895043734,0.4246284501061571,938,922,4,0,918,900,87138,20,0,0,20,22
2020-09-23,US,Idaho,Bear Lake,39,1,0,42.28269683,-111.32892379999998,16007.0,636.734693877551,2.5641025641025643,38,37,1,0,36,35,6050,2,0,0,2,2
2020-09-23,US,Idaho,Benewah,139,3,0,47.21754179,-116.6586851,16009.0,1494.9451494945154,2.1582733812949644,136,137,3,0,134,137,9226,2,0,0,2,0
2020-09-23,US,Idaho,Bingham,841,10,0,43.21672879999999,-112.3978437,16011.0,1796.5862724573285,1.1890606420927468,831,822,10,0,812,766,46236,19,0,0,19,56
2020-09-23,US,Idaho,Blaine,642,6,0,43.4085812,-113.9752658,16013.0,2788.7580904391643,0.9345794392523364,636,641,6,0,635,638,22601,1,0,0,1,3
2020-09-23,US,Idaho,Boise,67,1,0,43.98829931,-115.7309284,16015.0,855.5740007661858,1.492537313432836,66,67,1,0,66,66,7634,0,0,0,0,1
2020-09-23,US,Idaho,Bonner,309,0,0,48.29996017,-116.6017932,16017.0,675.5722687422112,0.0,309,302,0,0,302,293,44727,7,0,0,7,9
2020-09-23,US,Idaho,Bonneville,2558,16,0,43.38713372,-111.6161537,16019.0,2148.46046597571,0.6254886630179828,2542,2505,16,0,2489,2464,116854,53,0,0,53,41
2020-09-23,US,Idaho,Boundary,56,1,0,48.76684761,-116.4630179,16021.0,457.32952225398117,1.7857142857142858,55,56,1,0,55,56,11948,0,0,0,0,0
2020-09-23,US,Idaho,Butte,27,0,0,43.72592209,-113.1735463,16023.0,1039.661147477859,0.0,27,27,0,0,27,27,2611,0,0,0,0,0
2020-09-23,US,Idaho,Camas,24,0,0,43.46665742,-114.8065892,16025.0,2169.9819168173603,0.0,24,21,0,0,21,21,1127,3,0,0,3,0
2020-09-23,US,Idaho,Canyon,8000,100,0,43.61970148,-116.70954990000001,16027.0,3480.545923628121,1.25,7900,7973,100,0,7873,7929,223499,27,0,0,27,44
2020-09-23,US,Idaho,Caribou,101,0,0,42.77149116,-111.5597683,16029.0,1411.6002795248078,0.0,101,97,0,0,97,96,7060,4,0,0,4,1
2020-09-23,US,Idaho,Cassia,656,5,0,42.28347888,-113.6012409,16031.0,2729.9209321681233,0.7621951219512195,651,650,5,0,645,639,23864,6,0,0,6,11
2020-09-23,US,Idaho,Clark,32,0,0,44.28496071,-112.35057040000001,16033.0,3786.982248520711,0.0,32,32,0,0,32,31,852,0,0,0,0,1
2020-09-23,US,Idaho,Clearwater,39,0,0,46.67459924,-115.6622393,16035.0,445.4088624942896,0.0,39,38,0,0,38,34,8758,1,0,0,1,4
2020-09-23,US,Idaho,Custer,60,1,0,44.24186819,-114.2855494,16037.0,1390.4982618771726,1.6666666666666667,59,59,1,0,58,57,4280,1,0,0,1,2
2020-09-23,US,Idaho,Elmore,334,3,0,43.3507101,-115.4701578,16039.0,1214.0598306132092,0.8982035928143712,331,326,3,0,323,321,27259,8,0,0,8,5
2020-09-23,US,Idaho,Franklin,101,0,0,42.18332217,-111.81496659999999,16041.0,727.8754684347074,0.0,101,97,0,0,97,85,13726,4,0,0,4,12
2020-09-23,US,Idaho,Fremont,175,3,0,44.22800938,-111.48099429999999,16043.0,1335.979845789755,1.7142857142857142,172,171,3,0,168,161,13168,4,0,0,4,10
2020-09-23,US,Idaho,Gem,294,2,0,44.06482372,-116.398376,16045.0,1623.2332155477031,0.6802721088435374,292,291,2,0,289,276,17634,3,0,0,3,15
2020-09-23,US,Idaho,Gooding,273,1,0,42.96927962,-114.81083059999999,16047.0,1798.537453060149,0.3663003663003663,272,265,1,0,264,263,15196,8,0,0,8,2
2020-09-23,US,Idaho,Idaho,186,0,0,45.84721541,-115.4634436,16049.0,1115.977680446391,0.0,186,184,0,0,184,179,16513,2,0,0,2,5
2020-09-23,US,Idaho,Jefferson,518,1,0,43.82078483,-112.3131749,16051.0,1734.123397274949,0.19305019305019305,517,504,1,0,503,489,29439,14,0,0,14,15
2020-09-23,US,Idaho,Jerome,738,7,0,42.68891267,-114.2655033,16053.0,3023.1033917745367,0.948509485094851,731,733,7,0,726,728,24015,5,0,0,5,5
2020-09-23,US,Idaho,Kootenai,2542,35,0,47.67282258,-116.7020872,16055.0,1534.1255424057165,1.3768686073957517,2507,2517,35,0,2482,2504,161505,25,0,0,25,13
2020-09-23,US,Idaho,Latah,345,0,0,46.81587887,-116.71136979999999,16057.0,860.1775206941259,0.0,345,335,0,0,335,324,40134,10,0,0,10,11
2020-09-23,US,Idaho,Lemhi,83,0,0,44.9438088,-113.9309747,16059.0,1034.0102155226111,0.0,83,79,0,0,79,76,7961,4,0,0,4,3
2020-09-23,US,Idaho,Lewis,14,0,0,46.23315327,-116.434146,16061.0,364.77331943720685,0.0,14,14,0,0,14,12,3861,0,0,0,0,2
2020-09-23,US,Idaho,Lincoln,88,0,0,43.0012336,-114.1358773,16063.0,1639.955273947074,0.0,88,87,0,0,87,87,5360,1,0,0,1,0
2020-09-23,US,Idaho,Madison,571,1,0,43.78141028,-111.65384740000002,16065.0,1430.8266720124288,0.17513134851138354,570,547,1,0,546,510,39304,24,0,0,24,37
2020-09-23,US,Idaho,Minidoka,648,8,0,42.85518524,-113.6357257,16067.0,3079.9942963068597,1.2345679012345678,640,637,7,0,630,628,20825,11,1,0,10,9
2020-09-23,US,Idaho,Nez Perce,420,24,0,46.32638236,-116.75009750000001,16069.0,1039.3981389823798,5.7142857142857135,396,413,24,0,389,402,40408,7,0,0,7,11
2020-09-23,US,Idaho,Oneida,23,0,0,42.19494279999999,-112.5407838,16071.0,507.6142131979696,0.0,23,23,0,0,23,23,4488,0,0,0,0,0
2020-09-23,US,Idaho,Owyhee,324,5,0,42.58016894,-116.16938710000001,16073.0,2740.421212890129,1.5432098765432098,319,324,5,0,319,323,11693,0,0,0,0,1
2020-09-23,US,Idaho,Payette,853,7,0,44.00545243,-116.7647695,16075.0,3561.437935785563,0.82063305978898,846,839,7,0,832,814,23551,14,0,0,14,25
2020-09-23,US,Idaho,Power,218,1,0,42.69254894,-112.83957420000002,16077.0,2838.1721130061187,0.4587155963302753,217,210,1,0,209,207,7768,8,0,0,8,3
2020-09-23,US,Idaho,Shoshone,215,18,0,47.35364087,-115.89167490000001,16079.0,1668.9954975935416,8.372093023255816,197,214,18,0,196,213,12796,1,0,0,1,1
2020-09-23,US,Idaho,Teton,151,0,0,43.75303583,-111.2056773,16081.0,1243.6171965079884,0.0,151,146,0,0,146,144,11640,5,0,0,5,2
2020-09-23,US,Idaho,Twin Falls,2109,35,0,42.35440512,-114.6685381,16083.0,2427.5420704896524,1.6595542911332386,2074,2090,35,0,2055,2072,86081,19,0,0,19,18
2020-09-23,US,Idaho,Unassigned,3,0,0,0.0,0.0,90016.0,0.0,0.0,3,3,0,0,3,3,,0,0,0,0,0
2020-09-23,US,Idaho,Valley,88,1,0,44.76728382,-115.5676773,16085.0,772.4719101123593,1.1363636363636365,87,87,1,0,86,87,11041,1,0,0,1,0
2020-09-23,US,Idaho,Washington,349,6,0,44.45275475,-116.78476880000001,16087.0,3423.5824995095154,1.7191977077363896,343,342,5,0,337,336,10161,7,1,0,6,6
2020-09-23,US,Illinois,Adams,1032,10,0,39.98815591,-91.18786813,17001.0,1577.1376174829984,0.9689922480620154,1022,1020,10,0,1010,990,65691,12,0,0,12,30
2020-09-23,US,Illinois,Alexander,73,1,0,37.18049267,-89.32910838,17003.0,1267.1411213331019,1.3698630136986298,72,73,1,0,72,71,6060,0,0,0,0,2
2020-09-23,US,Illinois,Bond,296,4,0,38.88829622,-89.43534887,17005.0,1802.021185924753,1.351351351351351,292,294,4,0,290,290,16630,2,0,0,2,4
2020-09-23,US,Illinois,Boone,1074,23,0,42.32359279,-88.82345779,17007.0,2005.8269834155087,2.141527001862197,1051,1056,23,0,1033,1033,53577,18,0,0,18,23
2020-09-23,US,Illinois,Brown,43,0,0,39.96209138,-90.75068024,17009.0,653.6941319550016,0.0,43,41,0,0,41,39,6556,2,0,0,2,2
2020-09-23,US,Illinois,Bureau,597,11,0,41.40385234,-89.5283051,17011.0,1829.7168076498715,1.8425460636515916,586,587,11,0,576,580,32993,10,0,0,10,7
2020-09-23,US,Illinois,Calhoun,47,0,0,39.16840183,-90.66330078,17013.0,991.7704156995146,0.0,47,44,0,0,44,40,4802,3,0,0,3,4
2020-09-23,US,Illinois,Carroll,217,4,0,42.06823429,-89.93395545,17015.0,1516.952114645229,1.8433179723502304,213,212,4,0,208,204,14312,5,0,0,5,8
2020-09-23,US,Illinois,Cass,389,11,0,39.96991073,-90.24734436,17017.0,3202.4368156746527,2.8277634961439593,378,384,11,0,373,384,12260,5,0,0,5,0
2020-09-23,US,Illinois,Champaign,4472,20,0,40.13919438,-88.20046615,17019.0,2132.6822103209993,0.4472271914132379,4452,4411,20,0,4391,4379,209983,61,0,0,61,32
2020-09-23,US,Illinois,Christian,460,11,0,39.54581621,-89.27780482,17021.0,1423.9722634967807,2.391304347826087,449,443,10,0,433,438,32661,17,1,0,16,5
2020-09-23,US,Illinois,Clark,154,2,0,39.33425789,-87.78705622,17023.0,997.3447315588368,1.2987012987012987,152,151,2,0,149,147,15596,3,0,0,3,4
2020-09-23,US,Illinois,Clay,142,0,0,38.75388572,-88.48914513,17025.0,1077.0631067961162,0.0,142,141,0,0,141,141,13253,1,0,0,1,0
2020-09-23,US,Illinois,Clinton,1088,20,0,38.60704876,-89.42385254,17027.0,2896.544379958469,1.8382352941176472,1068,1084,20,0,1064,1071,37639,4,0,0,4,13
2020-09-23,US,Illinois,Coles,1396,30,0,39.51949084,-88.22358557,17029.0,2757.748760395883,2.1489971346704877,1366,1366,30,0,1336,1354,50885,30,0,0,30,12
2020-09-23,US,Illinois,Cook,140623,5180,0,41.84144849,-87.81658794,17031.0,2730.420157689953,3.683607944646324,135443,140078,5172,0,134906,139583,5180493,545,8,0,537,495
2020-09-23,US,Illinois,Crawford,400,2,0,39.0032229,-87.75954624,17033.0,2142.8188782343173,0.5,398,389,2,0,387,389,18807,11,0,0,11,0
2020-09-23,US,Illinois,Cumberland,201,4,0,39.27432424,-88.2401158,17035.0,1866.98866802898,1.9900497512437807,197,200,4,0,196,196,10808,1,0,0,1,4
2020-09-23,US,Illinois,De Witt,104,1,0,40.17514519,-88.90959682,17039.0,665.0466811612737,0.9615384615384616,103,103,1,0,102,101,15769,1,0,0,1,2
2020-09-23,US,Illinois,DeKalb,1484,38,0,41.89373302,-88.76958483,17037.0,1414.7211073719934,2.5606469002695422,1446,1480,38,0,1442,1465,104143,4,0,0,4,15
2020-09-23,US,Illinois,Douglas,285,7,0,39.76768052,-88.21854195,17041.0,1464.1664526072439,2.456140350877193,278,281,6,0,275,280,19479,4,1,0,3,1
2020-09-23,US,Illinois,DuPage,16955,551,0,41.85116968,-88.08642662,17043.0,1837.1019838100985,3.249778826304925,16404,16883,551,0,16332,16799,928589,72,0,0,72,84
2020-09-23,US,Illinois,Edgar,111,7,0,39.6809186,-87.74759563,17045.0,646.8154536448925,6.306306306306308,104,109,7,0,102,109,17360,2,0,0,2,0
2020-09-23,US,Illinois,Edwards,64,0,0,38.41353228,-88.05720863,17047.0,1000.7818608287724,0.0,64,61,0,0,61,61,6392,3,0,0,3,0
2020-09-23,US,Illinois,Effingham,836,1,0,39.05935711,-88.58969584,17049.0,2458.2451187955776,0.11961722488038275,835,834,1,0,833,825,34208,2,0,0,2,9
2020-09-23,US,Illinois,Fayette,373,3,0,39.00072038,-89.02452658,17051.0,1748.2189726284216,0.8042895442359249,370,351,3,0,348,346,21416,22,0,0,22,5
2020-09-23,US,Illinois,Ford,99,5,0,40.59706922,-88.22350769,17053.0,763.8299513926395,5.05050505050505,94,98,5,0,93,98,13264,1,0,0,1,0
2020-09-23,US,Illinois,Franklin,505,3,0,37.99189086,-88.92567818,17055.0,1312.745327406483,0.594059405940594,502,499,2,0,497,494,38701,6,1,0,5,5
2020-09-23,US,Illinois,Fulton,153,0,0,40.47289135,-90.20862357,17057.0,445.5445544554456,0.0,153,148,0,0,148,145,34844,5,0,0,5,3
2020-09-23,US,Illinois,Gallatin,69,2,0,37.76430935,-88.22953869,17059.0,1429.1632145816075,2.898550724637681,67,67,2,0,65,67,5058,2,0,0,2,0
2020-09-23,US,Illinois,Greene,216,7,0,39.35907414,-90.388865,17061.0,1665.5100624566269,3.2407407407407414,209,216,7,0,209,208,13044,0,0,0,0,8
2020-09-23,US,Illinois,Grundy,645,5,0,41.28569601,-88.41905692,17063.0,1263.3681983781878,0.7751937984496124,640,635,5,0,630,627,50972,10,0,0,10,8
2020-09-23,US,Illinois,Hamilton,67,0,0,38.08163641,-88.53883373,17065.0,825.5298176441597,0.0,67,67,0,0,67,67,8163,0,0,0,0,0
2020-09-23,US,Illinois,Hancock,199,3,0,40.40423981,-91.16313899,17067.0,1123.7858594985316,1.5075376884422111,196,194,3,0,191,187,17844,5,0,0,5,7
2020-09-23,US,Illinois,Hardin,37,0,0,37.51810645,-88.26873022,17069.0,968.3328971473436,0.0,37,36,0,0,36,35,3910,1,0,0,1,1
2020-09-23,US,Illinois,Henderson,64,0,0,40.81908672,-90.92491462,17071.0,962.9852542882936,0.0,64,63,0,0,63,63,6709,1,0,0,1,0
2020-09-23,US,Illinois,Henry,636,5,0,41.3533994,-90.13296166,17073.0,1300.2678224602867,0.7861635220125787,631,624,5,0,619,622,49090,12,0,0,12,2
2020-09-23,US,Illinois,Iroquois,359,19,0,40.74717633,-87.82466784,17075.0,1324.039241720145,5.2924791086350975,340,357,19,0,338,354,27604,2,0,0,2,3
2020-09-23,US,Illinois,Jackson,1248,24,0,37.78595185,-89.38232563,17077.0,2199.118942731277,1.9230769230769231,1224,1242,24,0,1218,1241,57419,6,0,0,6,1
2020-09-23,US,Illinois,Jasper,202,9,0,39.01054275,-88.15437049,17079.0,2101.977107180021,4.455445544554456,193,199,9,0,190,198,9611,3,0,0,3,1
2020-09-23,US,Illinois,Jefferson,572,38,0,38.29980057,-88.9240025,17081.0,1517.8855747797477,6.643356643356642,534,564,38,0,526,564,37820,8,0,0,8,0
2020-09-23,US,Illinois,Jersey,385,14,0,39.08869046,-90.35393073,17083.0,1768.2450741744362,3.636363636363636,371,385,14,0,371,381,21847,0,0,0,0,4
2020-09-23,US,Illinois,Jo Daviess,246,2,0,42.36542373,-90.21094405,17085.0,1158.4647986814225,0.8130081300813008,244,243,2,0,241,243,21366,3,0,0,3,0
2020-09-23,US,Illinois,Johnson,148,0,0,37.45939802,-88.88165419,17087.0,1191.9143110252073,0.0,148,144,0,0,144,144,12456,4,0,0,4,0
2020-09-23,US,Illinois,Kane,12790,325,0,41.93842729,-88.42861412,17089.0,2402.315539168637,2.541047693510555,12465,12716,325,0,12391,12657,534216,74,0,0,74,59
2020-09-23,US,Illinois,Kankakee,2676,77,0,41.13746989,-87.86205334,17091.0,2435.7830733101528,2.8774289985052315,2599,2660,76,0,2584,2648,110024,16,1,0,15,12
2020-09-23,US,Illinois,Kendall,1947,25,0,41.59081014,-88.42869583,17093.0,1509.4193348321576,1.2840267077555214,1922,1932,25,0,1907,1909,127915,15,0,0,15,23
2020-09-23,US,Illinois,Knox,627,3,0,40.93148779,-90.21330340000002,17095.0,1261.5948007002153,0.4784688995215311,624,613,3,0,610,605,50112,14,0,0,14,8
2020-09-23,US,Illinois,LaSalle,1640,56,0,41.34426129999999,-88.88633881,17099.0,1509.170048495891,3.414634146341464,1584,1630,56,0,1574,1616,109430,10,0,0,10,14
2020-09-23,US,Illinois,Lake,16545,486,0,42.3224907,-88.00367925,17097.0,2375.3293086492417,2.9374433363553942,16059,16489,486,0,16003,16405,700832,56,0,0,56,84
2020-09-23,US,Illinois,Lawrence,251,2,0,38.71987914,-87.72884035,17101.0,1600.9695114172725,0.796812749003984,249,250,2,0,248,249,15765,1,0,0,1,1
2020-09-23,US,Illinois,Lee,347,1,0,41.74583951,-89.29977132,17103.0,1017.7146879399344,0.2881844380403458,346,333,1,0,332,330,34223,14,0,0,14,3
2020-09-23,US,Illinois,Livingston,348,6,0,40.89188292,-88.55784752,17105.0,976.2118491921003,1.7241379310344829,342,340,6,0,334,332,35761,8,0,0,8,8
2020-09-23,US,Illinois,Logan,440,1,0,40.12581572,-89.36638784,17107.0,1537.4938849675034,0.2272727272727273,439,436,1,0,435,431,28925,4,0,0,4,5
2020-09-23,US,Illinois,Macon,1436,42,0,39.86064913,-88.96342505,17115.0,1380.6497514638156,2.9247910863509747,1394,1417,40,0,1377,1396,104712,19,2,0,17,21
2020-09-23,US,Illinois,Macoupin,515,7,0,39.26119767,-89.92424028,17117.0,1146.329519654543,1.3592233009708738,508,498,7,0,491,496,45313,17,0,0,17,2
2020-09-23,US,Illinois,Madison,5463,131,0,38.83042506,-89.90422563,17119.0,2077.454880098568,2.3979498444078344,5332,5414,131,0,5283,5379,264461,49,0,0,49,35
2020-09-23,US,Illinois,Marion,518,0,0,38.64963204,-88.91899208,17121.0,1392.285983066792,0.0,518,516,0,0,516,512,37620,2,0,0,2,4
2020-09-23,US,Illinois,Marshall,98,0,0,41.0327901,-89.34510444,17123.0,856.7931456548348,0.0,98,94,0,0,94,94,11534,4,0,0,4,0
2020-09-23,US,Illinois,Mason,129,1,0,40.23917274,-89.91824452,17125.0,965.6411408039523,0.7751937984496124,128,128,1,0,127,127,13565,1,0,0,1,1
2020-09-23,US,Illinois,Massac,97,2,0,37.22078441,-88.71036614,17127.0,704.3276212605285,2.061855670103093,95,96,2,0,94,94,14080,1,0,0,1,2
2020-09-23,US,Illinois,McDonough,459,15,0,40.45674722,-90.67775541,17109.0,1546.3917525773197,3.2679738562091503,444,453,15,0,438,447,29955,6,0,0,6,6
2020-09-23,US,Illinois,McHenry,4463,118,0,42.32451172,-88.45248227,17111.0,1450.0900011047067,2.64396146090074,4345,4446,118,0,4328,4427,308570,17,0,0,17,19
2020-09-23,US,Illinois,McLean,3200,20,0,40.48996987,-88.84621113,17113.0,1865.7042742118854,0.625,3180,3188,20,0,3168,3171,172828,12,0,0,12,17
2020-09-23,US,Illinois,Menard,120,0,0,40.02742725,-89.80246001,17129.0,983.9291571006888,0.0,120,119,0,0,119,118,12288,1,0,0,1,1
2020-09-23,US,Illinois,Mercer,129,5,0,41.20596782,-90.74290052,17131.0,835.6545961002786,3.875968992248062,124,127,5,0,122,126,15601,2,0,0,2,1
2020-09-23,US,Illinois,Monroe,639,15,0,38.27594376,-90.17761038,17133.0,1844.8479949187285,2.347417840375587,624,627,15,0,612,627,34335,12,0,0,12,0
2020-09-23,US,Illinois,Montgomery,339,13,0,39.23198845,-89.47809254,17135.0,1193.0738368409939,3.834808259587021,326,331,13,0,318,326,28601,8,0,0,8,5
2020-09-23,US,Illinois,Morgan,628,23,0,39.71654544,-90.20255104,17137.0,1865.8268465149445,3.662420382165605,605,625,23,0,602,617,33976,3,0,0,3,8
2020-09-23,US,Illinois,Moultrie,208,3,0,39.64187451,-88.62099969,17139.0,1434.383835597545,1.4423076923076923,205,207,3,0,204,208,14717,1,0,0,1,-1
2020-09-23,US,Illinois,Ogle,651,6,0,42.04165196,-89.32184679,17141.0,1285.4688703275872,0.9216589861751152,645,641,6,0,635,631,50923,10,0,0,10,10
2020-09-23,US,Illinois,Out of IL,2,0,0,0.0,0.0,80017.0,0.0,0.0,2,2,0,0,2,5,,0,0,0,0,-3
2020-09-23,US,Illinois,Peoria,3314,49,0,40.78702156,-89.76078901,17143.0,1849.547100943749,1.4785757392878696,3265,3256,48,0,3208,3225,180621,58,1,0,57,31
2020-09-23,US,Illinois,Perry,342,15,0,38.08510853,-89.36856219,17145.0,1635.1118760757315,4.385964912280701,327,338,15,0,323,338,21174,4,0,0,4,0
2020-09-23,US,Illinois,Piatt,132,0,0,40.01360584,-88.59319339,17147.0,807.6358296622614,0.0,132,131,0,0,131,129,16396,1,0,0,1,2
2020-09-23,US,Illinois,Pike,113,1,0,39.62265059,-90.8877017,17149.0,726.1744103849367,0.8849557522123894,112,110,1,0,109,110,15611,3,0,0,3,0
2020-09-23,US,Illinois,Pope,26,1,0,37.41391284,-88.56152109,17151.0,622.4563083552789,3.8461538461538463,25,26,1,0,25,26,4212,0,0,0,0,0
2020-09-23,US,Illinois,Pulaski,161,1,0,37.22631423,-89.13085001,17153.0,3017.8069353327087,0.6211180124223602,160,159,1,0,158,157,5463,2,0,0,2,2
2020-09-23,US,Illinois,Putnam,55,0,0,41.2013541,-89.2869272,17155.0,958.3551141313817,0.0,55,52,0,0,52,49,5740,3,0,0,3,3
2020-09-23,US,Illinois,Randolph,926,11,0,38.05095369,-89.82512254,17157.0,2913.598892454849,1.1879049676025921,915,923,11,0,912,922,32106,3,0,0,3,1
2020-09-23,US,Illinois,Richland,171,4,0,38.71240969,-88.08475366,17159.0,1102.301295687488,2.3391812865497075,167,159,4,0,155,156,15763,12,0,0,12,3
2020-09-23,US,Illinois,Rock Island,2869,74,0,41.46613806,-90.57042164,17161.0,2022.1456311363904,2.5792959219240155,2795,2827,71,0,2756,2813,143477,42,3,0,39,14
2020-09-23,US,Illinois,Saline,299,3,0,37.75332999,-88.54119706,17165.0,1272.8278915329277,1.0033444816053512,296,278,3,0,275,266,23906,21,0,0,21,12
2020-09-23,US,Illinois,Sangamon,2290,44,0,39.75836914,-89.65872023,17167.0,1176.3376345853535,1.921397379912664,2246,2267,44,0,2223,2246,195348,23,0,0,23,21
2020-09-23,US,Illinois,Schuyler,46,0,0,40.157179799999994,-90.61114163,17169.0,679.6690307328605,0.0,46,45,0,0,45,44,6907,1,0,0,1,1
2020-09-23,US,Illinois,Scott,75,0,0,39.642916899999996,-90.47814431,17171.0,1514.845485760453,0.0,75,74,0,0,74,69,4926,1,0,0,1,5
2020-09-23,US,Illinois,Shelby,360,4,0,39.39133527,-88.80611122,17173.0,1664.0473329019135,1.1111111111111112,356,352,4,0,348,348,21741,8,0,0,8,4
2020-09-23,US,Illinois,St. Clair,6386,187,0,38.46996033,-89.93063427,17163.0,2459.123710943216,2.928280613842781,6199,6339,187,0,6152,6317,261059,47,0,0,47,22
2020-09-23,US,Illinois,Stark,53,2,0,41.09309773,-89.79745866,17175.0,992.1377761138153,3.7735849056603774,51,50,2,0,48,50,5427,3,0,0,3,0
2020-09-23,US,Illinois,Stephenson,484,6,0,42.35129217,-89.662598,17177.0,1087.6893343521058,1.2396694214876034,478,475,6,0,469,470,44753,9,0,0,9,5
2020-09-23,US,Illinois,Tazewell,1657,21,0,40.50716185,-89.51404662,17179.0,1257.179275130308,1.2673506336753169,1636,1609,20,0,1589,1576,132328,48,1,0,47,33
2020-09-23,US,Illinois,Unassigned,2238,236,0,0.0,0.0,90017.0,0.0,10.545129579982127,2002,2250,236,0,2014,2238,,-12,0,0,-12,12
2020-09-23,US,Illinois,Union,507,24,0,37.47119609,-89.25548938,17181.0,3044.496487119438,4.733727810650888,483,497,24,0,473,496,16841,10,0,0,10,1
2020-09-23,US,Illinois,Vermilion,648,4,0,40.18417171,-87.73384359,17183.0,855.355210010824,0.6172839506172839,644,622,4,0,618,619,76806,26,0,0,26,3
2020-09-23,US,Illinois,Wabash,147,1,0,38.44272901,-87.84922065,17185.0,1276.0416666666667,0.6802721088435374,146,146,1,0,145,140,11549,1,0,0,1,6
2020-09-23,US,Illinois,Warren,314,2,0,40.84925021,-90.6147432,17187.0,1864.1652814058414,0.6369426751592356,312,307,2,0,305,305,17032,7,0,0,7,2
2020-09-23,US,Illinois,Washington,198,1,0,38.35309213,-89.40982703,17189.0,1425.793907971484,0.5050505050505051,197,197,1,0,196,193,13995,1,0,0,1,4
2020-09-23,US,Illinois,Wayne,256,5,0,38.42955355,-88.42586459,17191.0,1578.7850755473328,1.953125,251,249,5,0,244,245,16332,7,0,0,7,4
2020-09-23,US,Illinois,White,161,0,0,38.08706198,-88.17657461,17193.0,1189.3329393514073,0.0,161,159,0,0,159,159,13665,2,0,0,2,0
2020-09-23,US,Illinois,Whiteside,702,20,0,41.75509713,-89.91556058,17195.0,1272.3153602174898,2.849002849002849,682,694,20,0,674,685,55626,8,0,0,8,9
2020-09-23,US,Illinois,Will,13612,374,0,41.44619267,-87.97862712,17197.0,1970.6316242075561,2.747575668527769,13238,13539,373,0,13166,13451,692310,73,1,0,72,88
2020-09-23,US,Illinois,Williamson,1351,39,0,37.73033511,-88.92994027,17199.0,2028.6199078036548,2.8867505551443373,1312,1337,37,0,1300,1325,67056,14,2,0,12,12
2020-09-23,US,Illinois,Winnebago,5531,149,0,42.33641854,-89.16085327,17201.0,1957.3772348286448,2.6939070692460687,5382,5399,149,0,5250,5320,284081,132,0,0,132,79
2020-09-23,US,Illinois,Woodford,408,6,0,40.78579374,-89.20973757,17203.0,1060.8700174211501,1.4705882352941178,402,402,6,0,396,397,38463,6,0,0,6,5
2020-09-23,US,Indiana,Adams,252,3,0,40.7457653,-84.93671406,18001.0,704.3631383290941,1.1904761904761905,249,245,3,0,242,244,35636,7,0,0,7,1
2020-09-23,US,Indiana,Allen,6060,200,0,41.09194313,-85.06800636,18003.0,1597.6841489168175,3.3003300330033003,5860,6029,200,0,5829,5998,375351,31,0,0,31,31
2020-09-23,US,Indiana,Bartholomew,1153,57,0,39.20744865,-85.89558181,18005.0,1376.2398691796275,4.943625325238508,1096,1153,57,0,1096,1151,82753,0,0,0,0,2
2020-09-23,US,Indiana,Benton,88,0,0,40.60626947,-87.31093999,18007.0,1005.9442158207588,0.0,88,88,0,0,88,88,8653,0,0,0,0,0
2020-09-23,US,Indiana,Blackford,113,3,0,40.47388153,-85.32499702,18009.0,961.0477972444294,2.6548672566371683,110,113,3,0,110,113,11930,0,0,0,0,0
2020-09-23,US,Indiana,Boone,956,46,0,40.0509304,-86.46841646,18011.0,1409.1357988296509,4.8117154811715475,910,951,46,0,905,945,66999,5,0,0,5,6
2020-09-23,US,Indiana,Brown,103,3,0,39.19605589,-86.22868909,18013.0,682.4807845216009,2.9126213592233015,100,102,3,0,99,102,15234,1,0,0,1,0
2020-09-23,US,Indiana,Carroll,271,13,0,40.580783200000006,-86.56198812,18015.0,1337.8091523917658,4.7970479704797055,258,270,13,0,257,270,20127,1,0,0,1,0
2020-09-23,US,Indiana,Cass,1933,9,0,40.76135835,-86.34830753,18017.0,5128.817426835416,0.4655975168132437,1924,1932,9,0,1923,1932,37955,1,0,0,1,0
2020-09-23,US,Indiana,Clark,2157,56,0,38.48015445,-85.70510334,18019.0,1823.2996906223057,2.5961984237366718,2101,2150,56,0,2094,2136,117360,7,0,0,7,14
2020-09-23,US,Indiana,Clay,298,5,0,39.39561833,-87.11723506,18021.0,1136.320305052431,1.6778523489932886,293,293,5,0,288,293,26170,5,0,0,5,0
2020-09-23,US,Indiana,Clinton,595,13,0,40.30319754,-86.47277257,18023.0,1836.4764344578534,2.184873949579832,582,592,12,0,580,591,32250,3,1,0,2,1
2020-09-23,US,Indiana,Crawford,103,0,0,38.28814402,-86.44518825,18025.0,973.8110995556397,0.0,103,103,0,0,103,103,10558,0,0,0,0,0
2020-09-23,US,Indiana,Daviess,654,28,0,38.70186039,-87.07185406,18027.0,1960.960690833858,4.281345565749237,626,644,27,0,617,643,33147,10,1,0,9,1
2020-09-23,US,Indiana,DeKalb,463,11,0,41.39804622,-84.99906934,18033.0,1064.9798734905119,2.3758099352051842,452,456,11,0,445,451,43226,7,0,0,7,5
2020-09-23,US,Indiana,Dearborn,639,28,0,39.14647946,-84.97333539,18029.0,1292.0053378624284,4.381846635367761,611,632,28,0,604,628,49568,7,0,0,7,4
2020-09-23,US,Indiana,Decatur,457,39,0,39.30712658,-85.50087166,18031.0,1720.697315410972,8.533916849015316,418,454,39,0,415,453,26794,3,0,0,3,1
2020-09-23,US,Indiana,Delaware,1895,61,0,40.22787247,-85.39732772,18035.0,1660.3145397993603,3.2189973614775726,1834,1882,61,0,1821,1882,114772,13,0,0,13,0
2020-09-23,US,Indiana,Dubois,959,18,0,38.36597551,-86.87924170000002,18037.0,2244.009734181954,1.8769551616266944,941,954,18,0,936,951,42565,5,0,0,5,3
2020-09-23,US,Indiana,Elkhart,6438,109,0,41.59761169,-85.85875695,18039.0,3120.0779292530324,1.6930723827275551,6329,6415,109,0,6306,6387,205560,23,0,0,23,28
2020-09-23,US,Indiana,Fayette,418,13,0,39.63684962,-85.17797541,18041.0,1809.36715435893,3.1100478468899517,405,418,13,0,405,418,23047,0,0,0,0,0
2020-09-23,US,Indiana,Floyd,1321,61,0,38.32117957,-85.90385377,18043.0,1682.331066452714,4.6177138531415585,1260,1314,61,0,1253,1309,77781,7,0,0,7,5
2020-09-23,US,Indiana,Fountain,120,2,0,40.12361933,-87.24217689,18045.0,734.1245564664138,1.6666666666666667,118,118,2,0,116,116,16351,2,0,0,2,2
2020-09-23,US,Indiana,Franklin,303,25,0,39.4142482,-85.06062647,18047.0,1331.3999472712892,8.250825082508253,278,299,25,0,274,299,22736,4,0,0,4,0
2020-09-23,US,Indiana,Fulton,235,2,0,41.0469907,-86.26252745,18049.0,1176.5294883348356,0.851063829787234,233,234,2,0,232,234,20092,1,0,0,1,0
2020-09-23,US,Indiana,Gibson,489,4,0,38.30393723,-87.58054938,18051.0,1452.8060845539085,0.8179959100204499,485,485,4,0,481,479,33452,4,0,0,4,6
2020-09-23,US,Indiana,Grant,897,33,0,40.51587228,-85.65468702,18053.0,1363.8644346120516,3.6789297658862883,864,891,33,0,858,888,65936,6,0,0,6,3
2020-09-23,US,Indiana,Greene,419,35,0,39.03630547,-86.96223202,18055.0,1312.5744001002442,8.353221957040573,384,418,35,0,383,418,32006,1,0,0,1,0
2020-09-23,US,Indiana,Hamilton,4761,109,0,40.07306535,-86.05244729,18057.0,1408.5340417915393,2.2894349926486037,4652,4724,109,0,4615,4695,330086,37,0,0,37,29
2020-09-23,US,Indiana,Hancock,914,43,0,39.82304555,-85.77566351,18059.0,1169.276430252789,4.704595185995624,871,911,43,0,868,907,76351,3,0,0,3,4
2020-09-23,US,Indiana,Harrison,564,24,0,38.19467379,-86.10948271,18061.0,1392.0770085153647,4.25531914893617,540,560,24,0,536,561,40350,4,0,0,4,-1
2020-09-23,US,Indiana,Hendricks,2681,122,0,39.76719009,-86.51037283,18063.0,1574.1790019435034,4.550540842969041,2559,2673,122,0,2551,2661,167009,8,0,0,8,12
2020-09-23,US,Indiana,Henry,781,25,0,39.93029017,-85.39625719,18065.0,1628.0330192612353,3.201024327784891,756,770,24,0,746,769,48271,11,1,0,10,1
2020-09-23,US,Indiana,Howard,1290,63,0,40.48527731,-86.11351892,18067.0,1562.802868773018,4.883720930232559,1227,1285,63,0,1222,1277,82366,5,0,0,5,8
2020-09-23,US,Indiana,Huntington,222,3,0,40.82907273,-85.48822092,18069.0,607.8860898138007,1.351351351351351,219,222,3,0,219,223,36240,0,0,0,0,-1
2020-09-23,US,Indiana,Jackson,742,9,0,38.90915820000001,-86.03851889,18071.0,1677.5564649227915,1.2129380053908356,733,740,9,0,731,740,44111,2,0,0,2,0
2020-09-23,US,Indiana,Jasper,386,2,0,41.02078733,-87.11553319,18073.0,1150.1102437280258,0.5181347150259067,384,386,2,0,384,384,33370,0,0,0,0,2
2020-09-23,US,Indiana,Jay,175,0,0,40.43781032,-85.00576229,18075.0,856.3319632021922,0.0,175,173,0,0,173,172,20764,2,0,0,2,1
2020-09-23,US,Indiana,Jefferson,244,3,0,38.78576239,-85.43633383,18077.0,755.2309025628327,1.2295081967213115,241,244,3,0,241,243,32208,0,0,0,0,1
2020-09-23,US,Indiana,Jennings,312,12,0,38.99588883,-85.62710784,18079.0,1124.93239588967,3.8461538461538463,300,312,12,0,300,310,27611,0,0,0,0,2
2020-09-23,US,Indiana,Johnson,2279,123,0,39.48994426,-86.10149107,18081.0,1440.8821056225381,5.3971039929793765,2156,2268,123,0,2145,2258,156225,11,0,0,11,10
2020-09-23,US,Indiana,Knox,503,9,0,38.68861576,-87.4194665,18083.0,1374.5422746898398,1.7892644135188869,494,501,9,0,492,491,36895,2,0,0,2,10
2020-09-23,US,Indiana,Kosciusko,1206,17,0,41.24521668,-85.86312322,18085.0,1517.8211840515505,1.4096185737976783,1189,1202,17,0,1185,1198,79344,4,0,0,4,4
2020-09-23,US,Indiana,LaGrange,632,11,0,41.64232188,-85.42674232,18087.0,1595.3955672237091,1.7405063291139242,621,631,11,0,620,630,39330,1,0,0,1,1
2020-09-23,US,Indiana,LaPorte,1382,39,0,41.54366008,-86.74072188,18091.0,1257.644146767618,2.8219971056439936,1343,1377,39,0,1338,1372,110007,5,0,0,5,5
2020-09-23,US,Indiana,Lake,10334,319,0,41.41874274,-87.38277575,18089.0,2128.557981268525,3.0868976195084192,10015,10292,318,0,9974,10264,484411,42,1,0,41,28
2020-09-23,US,Indiana,Lawrence,506,28,0,38.84112637,-86.48361629,18093.0,1115.2744104033502,5.533596837944664,478,505,28,0,477,504,45668,1,0,0,1,1
2020-09-23,US,Indiana,Madison,1610,75,0,40.16143691,-85.71964711,18095.0,1242.5811729657555,4.658385093167702,1535,1595,75,0,1520,1585,129641,15,0,0,15,10
2020-09-23,US,Indiana,Marion,20936,761,0,39.78163624,-86.13826325,18097.0,2170.473842555636,3.6348872755063053,20175,20832,759,0,20073,20746,954670,104,2,0,102,86
2020-09-23,US,Indiana,Marshall,994,24,0,41.32467367,-86.26185087,18099.0,2148.81750183752,2.414486921529175,970,989,24,0,965,988,46248,5,0,0,5,1
2020-09-23,US,Indiana,Martin,164,0,0,38.7099921,-86.80373186,18101.0,1599.2198927352508,0.0,164,164,0,0,164,164,10217,0,0,0,0,0
2020-09-23,US,Indiana,Miami,430,3,0,40.76940965,-86.04525048,18103.0,1210.7219281450614,0.6976744186046512,427,426,3,0,423,425,35567,4,0,0,4,1
2020-09-23,US,Indiana,Monroe,2512,36,0,39.16130004,-86.52414358,18105.0,1692.3688447830982,1.4331210191082802,2476,2474,36,0,2438,2422,146917,38,0,0,38,52
2020-09-23,US,Indiana,Montgomery,505,21,0,40.04034823,-86.89335024,18107.0,1317.230945797903,4.158415841584159,484,505,21,0,484,505,38346,0,0,0,0,0
2020-09-23,US,Indiana,Morgan,706,38,0,39.47899078,-86.44573375,18109.0,1001.5747137851297,5.382436260623231,668,700,38,0,662,701,70116,6,0,0,6,-1
2020-09-23,US,Indiana,Newton,172,11,0,40.95610449,-87.39635768,18111.0,1229.9771167048054,6.395348837209302,161,171,11,0,160,170,14011,1,0,0,1,1
2020-09-23,US,Indiana,Noble,894,32,0,41.39672484,-85.41966713,18113.0,1872.4865951742627,3.5794183445190155,862,891,32,0,859,886,47532,3,0,0,3,5
2020-09-23,US,Indiana,Ohio,77,7,0,38.955304999999996,-84.96515993,18115.0,1310.6382978723404,9.090909090909092,70,76,7,0,69,76,5844,1,0,0,1,0
2020-09-23,US,Indiana,Orange,286,24,0,38.54118920000001,-86.49523093,18117.0,1455.7670772676377,8.391608391608392,262,285,24,0,261,284,19489,1,0,0,1,1
2020-09-23,US,Indiana,Owen,167,1,0,39.31145587,-86.83900724,18119.0,802.9232174623779,0.5988023952095808,166,165,1,0,164,165,20845,2,0,0,2,0
2020-09-23,US,Indiana,Parke,96,1,0,39.77202286,-87.20375833,18121.0,566.8064001889354,1.0416666666666667,95,94,1,0,93,94,16927,2,0,0,2,0
2020-09-23,US,Indiana,Perry,215,13,0,38.07809328,-86.63741946,18123.0,1121.6025875110856,6.046511627906978,202,214,13,0,201,208,19102,1,0,0,1,6
2020-09-23,US,Indiana,Pike,141,1,0,38.40112197,-87.23574907,18125.0,1138.1063846961015,0.7092198581560284,140,140,1,0,139,141,12410,1,0,0,1,-1
2020-09-23,US,Indiana,Porter,2090,46,0,41.45986947,-87.06848888,18127.0,1226.6050038441451,2.200956937799043,2044,2078,45,0,2033,2070,169594,12,1,0,11,8
2020-09-23,US,Indiana,Posey,309,0,0,38.02097333,-87.86480429,18129.0,1215.2436386518268,0.0,309,306,0,0,306,302,25540,3,0,0,3,4
2020-09-23,US,Indiana,Pulaski,115,1,0,41.04166107,-86.69890683,18131.0,930.9479478669148,0.8695652173913043,114,115,1,0,114,114,12469,0,0,0,0,1
2020-09-23,US,Indiana,Putnam,538,10,0,39.66437981,-86.84517605,18133.0,1431.7649563551206,1.858736059479554,528,537,10,0,527,534,37779,1,0,0,1,3
2020-09-23,US,Indiana,Randolph,209,7,0,40.15734772,-85.01139319,18135.0,847.3545509831746,3.3492822966507183,202,208,7,0,201,207,24851,1,0,0,1,1
2020-09-23,US,Indiana,Ripley,282,8,0,39.10235626,-85.26212744,18137.0,995.6220872758086,2.8368794326241136,274,283,8,0,275,279,28523,-1,0,0,-1,4
2020-09-23,US,Indiana,Rush,153,4,0,39.62002287,-85.4655599,18139.0,922.7428984982813,2.6143790849673203,149,152,4,0,148,151,16663,1,0,0,1,1
2020-09-23,US,Indiana,Scott,359,10,0,38.68672078,-85.74627859,18143.0,1503.7908934779878,2.7855153203342615,349,356,10,0,346,354,23878,3,0,0,3,2
2020-09-23,US,Indiana,Shelby,666,29,0,39.52305623,-85.79158570000001,18145.0,1488.9668894900399,4.354354354354355,637,665,29,0,636,665,44593,1,0,0,1,0
2020-09-23,US,Indiana,Spencer,222,3,0,38.01519732,-87.0079644,18147.0,1094.83651427726,1.351351351351351,219,215,3,0,212,221,20327,7,0,0,7,-6
2020-09-23,US,Indiana,St. Joseph,6226,103,0,41.61756781,-86.29040834,18141.0,2290.435793485539,1.6543527144233858,6123,6156,102,0,6054,6109,270771,70,1,0,69,47
2020-09-23,US,Indiana,Starke,253,7,0,41.27890281,-86.64686895,18149.0,1100.2391824309632,2.766798418972332,246,253,7,0,246,253,22935,0,0,0,0,0
2020-09-23,US,Indiana,Steuben,374,7,0,41.64423868,-85.00101094,18151.0,1081.1123316181995,1.8716577540106951,367,370,7,0,363,369,34586,4,0,0,4,1
2020-09-23,US,Indiana,Sullivan,331,12,0,39.08952258,-87.41414469,18153.0,1601.4320963762154,3.625377643504532,319,330,12,0,318,330,20690,1,0,0,1,0
2020-09-23,US,Indiana,Switzerland,69,0,0,38.82767338,-85.03022429,18155.0,641.800762719747,0.0,69,70,0,0,70,69,10717,-1,0,0,-1,1
2020-09-23,US,Indiana,Tippecanoe,2312,13,0,40.38872739,-86.89413959,18157.0,1181.2069564506571,0.5622837370242214,2299,2269,13,0,2256,2233,193048,43,0,0,43,36
2020-09-23,US,Indiana,Tipton,220,22,0,40.31123252,-86.05234925,18159.0,1452.3369421705836,10.0,198,217,22,0,195,217,15128,3,0,0,3,0
2020-09-23,US,Indiana,Unassigned,0,225,0,0.0,0.0,90018.0,0.0,0.0,-225,0,225,0,-225,0,,0,0,0,0,0
2020-09-23,US,Indiana,Union,77,0,0,39.62550777,-84.92497066,18161.0,1091.5792458179756,0.0,77,77,0,0,77,77,7037,0,0,0,0,0
2020-09-23,US,Indiana,Vanderburgh,3494,30,0,38.02658833,-87.58763124,18163.0,1925.5887264330315,0.8586147681740126,3464,3445,30,0,3415,3383,180974,49,0,0,49,62
2020-09-23,US,Indiana,Vermillion,126,0,0,39.8523352,-87.46160542,18165.0,813.0081300813008,0.0,126,126,0,0,126,126,15479,0,0,0,0,0
2020-09-23,US,Indiana,Vigo,1785,24,0,39.42944561,-87.39169027,18167.0,1667.6320559053797,1.3445378151260503,1761,1781,23,0,1758,1769,107386,4,1,0,3,12
2020-09-23,US,Indiana,Wabash,262,8,0,40.84704239,-85.79328272,18169.0,845.2703574654794,3.053435114503817,254,261,8,0,253,262,31280,1,0,0,1,-1
2020-09-23,US,Indiana,Warren,39,1,0,40.34728141,-87.35602659,18171.0,471.8693284936479,2.5641025641025643,38,39,1,0,38,40,8263,0,0,0,0,-1
2020-09-23,US,Indiana,Warrick,1223,36,0,38.08922676,-87.2716085,18173.0,1941.3314708403439,2.9435813573180702,1187,1199,36,0,1163,1170,62567,24,0,0,24,29
2020-09-23,US,Indiana,Washington,261,1,0,38.60219804,-86.1049363,18175.0,930.9459266657157,0.3831417624521073,260,261,1,0,260,259,27943,0,0,0,0,2
2020-09-23,US,Indiana,Wayne,747,14,0,39.863344399999995,-85.01044989,18177.0,1133.8109404407746,1.8741633199464525,733,744,14,0,730,742,65936,3,0,0,3,2
2020-09-23,US,Indiana,Wells,250,3,0,40.72934187,-85.22132966,18179.0,883.5171048911508,1.2,247,248,2,0,246,247,28206,2,1,0,1,1
2020-09-23,US,Indiana,White,482,14,0,40.74911165,-86.86492015,18181.0,1999.8340386689904,2.904564315352697,468,481,14,0,467,480,24133,1,0,0,1,1
2020-09-23,US,Indiana,Whitley,255,6,0,41.13863784,-85.50791236,18183.0,750.7949593687433,2.3529411764705883,249,252,6,0,246,254,34074,3,0,0,3,-2
2020-09-23,US,Iowa,Adair,68,1,0,41.33075609,-94.47105874,19001.0,950.7829977628636,1.4705882352941178,67,68,1,0,67,67,7063,0,0,0,0,1
2020-09-23,US,Iowa,Adams,33,0,0,41.02903567,-94.69932645,19003.0,916.1576901721266,0.0,33,29,0,0,29,29,3645,4,0,0,4,0
2020-09-23,US,Iowa,Allamakee,252,6,0,43.28383218,-91.37860922,19005.0,1841.1631475122376,2.380952380952381,246,251,6,0,245,248,13832,1,0,0,1,3
2020-09-23,US,Iowa,Appanoose,129,3,0,40.74324454,-92.86865906,19007.0,1038.145823273781,2.3255813953488373,126,126,3,0,123,125,12437,3,0,0,3,1
2020-09-23,US,Iowa,Audubon,74,1,0,41.6844628,-94.90581859,19009.0,1346.4337700145559,1.351351351351351,73,70,1,0,69,68,5506,4,0,0,4,2
2020-09-23,US,Iowa,Benton,302,1,0,42.08011739,-92.06463573,19011.0,1177.6174692922598,0.3311258278145696,301,292,1,0,291,287,25642,10,0,0,10,5
2020-09-23,US,Iowa,Black Hawk,4421,88,0,42.4704581,-92.30524729,19013.0,3368.9456518425945,1.990499886903416,4333,4396,88,0,4308,4375,132408,25,0,0,25,21
2020-09-23,US,Iowa,Boone,493,8,0,42.03657094,-93.9313999,19015.0,1879.2406800335445,1.6227180527383367,485,480,8,0,472,478,26346,13,0,0,13,2
2020-09-23,US,Iowa,Bremer,475,7,0,42.77461496,-92.31795937,19017.0,1895.2996568510096,1.4736842105263157,468,471,7,0,464,468,24947,4,0,0,4,3
2020-09-23,US,Iowa,Buchanan,262,1,0,42.4709188,-91.83510825,19019.0,1237.3081463990554,0.3816793893129771,261,255,1,0,254,251,21199,7,0,0,7,4
2020-09-23,US,Iowa,Buena Vista,1959,12,0,42.73545875,-95.15100162,19021.0,9984.709480122325,0.6125574272588055,1947,1955,12,0,1943,1951,19874,4,0,0,4,4
2020-09-23,US,Iowa,Butler,265,2,0,42.73172833,-92.79015971,19023.0,1835.3071542350574,0.7547169811320755,263,263,2,0,261,262,14539,2,0,0,2,1
2020-09-23,US,Iowa,Calhoun,179,2,0,42.38521079,-94.64046046,19025.0,1851.4687629292512,1.11731843575419,177,176,2,0,174,172,9699,3,0,0,3,4
2020-09-23,US,Iowa,Carroll,650,5,0,42.03617207,-94.86032705,19027.0,3223.4068931316638,0.7692307692307693,645,644,5,0,639,637,20154,6,0,0,6,7
2020-09-23,US,Iowa,Cass,148,2,0,41.33149454,-94.92792482,19029.0,1153.007167341851,1.351351351351351,146,139,2,0,137,136,12930,9,0,0,9,3
2020-09-23,US,Iowa,Cedar,233,1,0,41.77233777,-91.13246684,19031.0,1250.8723895420626,0.4291845493562232,232,226,1,0,225,223,18627,7,0,0,7,3
2020-09-23,US,Iowa,Cerro Gordo,1017,21,0,43.08177563,-93.2612239,19033.0,2395.7597173144877,2.0648967551622417,996,1007,21,0,986,1002,42647,10,0,0,10,5
2020-09-23,US,Iowa,Cherokee,222,2,0,42.73538914,-95.62389402,19035.0,1975.9679572763685,0.9009009009009008,220,212,2,0,210,204,11321,10,0,0,10,8
2020-09-23,US,Iowa,Chickasaw,240,0,0,43.06001295,-92.31773347,19037.0,2011.2293639487134,0.0,240,225,0,0,225,222,11964,15,0,0,15,3
2020-09-23,US,Iowa,Clarke,262,3,0,41.02868181,-93.78499767,19039.0,2788.717402873869,1.1450381679389312,259,261,3,0,258,256,9423,1,0,0,1,5
2020-09-23,US,Iowa,Clay,309,4,0,43.08247182,-95.15096481,19041.0,1929.32067932068,1.2944983818770226,305,301,4,0,297,296,16134,8,0,0,8,5
2020-09-23,US,Iowa,Clayton,237,3,0,42.84443388,-91.34133693,19043.0,1350.5043022394439,1.2658227848101269,234,238,3,0,235,234,17556,-1,0,0,-1,4
2020-09-23,US,Iowa,Clinton,1092,20,0,41.89981633,-90.53275096,19045.0,2351.9782894311747,1.8315018315018317,1072,1080,20,0,1060,1074,46518,12,0,0,12,6
2020-09-23,US,Iowa,Crawford,1042,5,0,42.03718237,-95.3819718,19047.0,6195.005945303211,0.4798464491362764,1037,1021,5,0,1016,1014,17158,21,0,0,21,7
2020-09-23,US,Iowa,Dallas,2741,38,0,41.68560356,-94.04127625,19049.0,2933.025157030807,1.3863553447646844,2703,2700,38,0,2662,2698,90180,41,0,0,41,2
2020-09-23,US,Iowa,Davis,122,4,0,40.74773536,-92.41005468,19051.0,1355.5555555555557,3.278688524590164,118,118,4,0,114,116,9017,4,0,0,4,2
2020-09-23,US,Iowa,Decatur,66,0,0,40.73742757,-93.78645949,19053.0,838.6277001270648,0.0,66,63,0,0,63,60,7890,3,0,0,3,3
2020-09-23,US,Iowa,Delaware,365,3,0,42.47104597,-91.3664492,19055.0,2145.670448533302,0.821917808219178,362,349,3,0,346,342,17069,16,0,0,16,7
2020-09-23,US,Iowa,Des Moines,751,7,0,40.92012606,-91.18326592,19057.0,1927.271794082172,0.9320905459387484,744,747,7,0,740,740,39138,4,0,0,4,7
2020-09-23,US,Iowa,Dickinson,503,6,0,43.37787725,-95.1510206,19059.0,2914.59033491714,1.1928429423459244,497,487,6,0,481,487,17153,16,0,0,16,0
2020-09-23,US,Iowa,Dubuque,2985,41,0,42.46815349,-90.88181925,19061.0,3067.484662576687,1.3735343383584588,2944,2891,41,0,2850,2823,96854,94,0,0,94,68
2020-09-23,US,Iowa,Emmet,254,10,0,43.37782951,-94.67858943,19063.0,2758.470894874022,3.9370078740157477,244,253,10,0,243,252,9253,1,0,0,1,1
2020-09-23,US,Iowa,Fayette,205,2,0,42.86271799,-91.84412309999999,19065.0,1043.2569974554708,0.975609756097561,203,203,2,0,201,200,19660,2,0,0,2,3
2020-09-23,US,Iowa,Floyd,310,3,0,43.06000529999999,-92.78940097,19067.0,1981.8437539956528,0.967741935483871,307,306,3,0,303,302,15761,4,0,0,4,4
2020-09-23,US,Iowa,Franklin,346,18,0,42.73270384,-93.26256925,19069.0,3435.948361469712,5.202312138728324,328,344,18,0,326,342,10124,2,0,0,2,2
2020-09-23,US,Iowa,Fremont,104,0,0,40.74542720000001,-95.60129045,19071.0,1494.2528735632184,0.0,104,90,0,0,90,90,6993,14,0,0,14,0
2020-09-23,US,Iowa,Greene,99,0,0,42.03614551,-94.39658081,19073.0,1113.861386138614,0.0,99,94,0,0,94,89,8981,5,0,0,5,5
2020-09-23,US,Iowa,Grundy,218,3,0,42.40183723,-92.78829551,19075.0,1782.2105951602357,1.3761467889908257,215,210,3,0,207,206,12304,8,0,0,8,4
2020-09-23,US,Iowa,Guthrie,240,6,0,41.68378965,-94.50111014,19077.0,2245.2989054167842,2.5,234,231,5,0,226,231,10720,9,1,0,8,0
2020-09-23,US,Iowa,Hamilton,323,3,0,42.38382428,-93.70197703,19079.0,2186.4211737629457,0.9287925696594428,320,317,3,0,314,315,14952,6,0,0,6,2
2020-09-23,US,Iowa,Hancock,177,2,0,43.08178477,-93.73454884,19081.0,1665.0987770460958,1.1299435028248588,175,176,2,0,174,174,10712,1,0,0,1,2
2020-09-23,US,Iowa,Hardin,293,1,0,42.38353877,-93.23654611,19083.0,1739.2852902766235,0.3412969283276451,292,285,1,0,284,284,16868,8,0,0,8,1
2020-09-23,US,Iowa,Harrison,196,2,0,41.68330137,-95.81558439,19085.0,1395.1170901843548,1.020408163265306,194,189,2,0,187,181,14134,7,0,0,7,8
2020-09-23,US,Iowa,Henry,655,4,0,40.98767962,-91.54436349,19087.0,3282.549864688784,0.6106870229007634,651,631,4,0,627,620,20067,24,0,0,24,11
2020-09-23,US,Iowa,Howard,185,6,0,43.35671042,-92.31702714,19089.0,2020.0917230836428,3.2432432432432434,179,183,6,0,177,182,9187,2,0,0,2,1
2020-09-23,US,Iowa,Humboldt,183,3,0,42.7764426,-94.20722537,19091.0,1914.6264908976773,1.639344262295082,180,177,3,0,174,176,9547,6,0,0,6,1
2020-09-23,US,Iowa,Ida,110,0,0,42.38696136,-95.51355387,19093.0,1603.4985422740524,0.0,110,105,0,0,105,103,6841,5,0,0,5,2
2020-09-23,US,Iowa,Iowa,197,1,0,41.68630265,-92.0643373,19095.0,1217.2516065249629,0.5076142131979695,196,193,1,0,192,192,16141,4,0,0,4,1
2020-09-23,US,Iowa,Jackson,317,3,0,42.17178824,-90.57354837,19097.0,1630.7423221359124,0.946372239747634,314,310,3,0,307,304,19432,7,0,0,7,6
2020-09-23,US,Iowa,Jasper,802,32,0,41.68576082,-93.05567785,19099.0,2156.783649320963,3.990024937655861,770,783,32,0,751,772,37147,19,0,0,19,11
2020-09-23,US,Iowa,Jefferson,135,1,0,41.03192394,-91.94849466,19101.0,737.9065318393002,0.7407407407407407,134,134,1,0,133,134,18381,1,0,0,1,0
2020-09-23,US,Iowa,Johnson,5073,27,0,41.67169354,-91.58754744,19103.0,3356.490670901151,0.5322294500295683,5046,5028,27,0,5001,5011,151260,45,0,0,45,17
2020-09-23,US,Iowa,Jones,258,3,0,42.12118609,-91.13139641,19105.0,1247.521879986461,1.162790697674419,255,251,3,0,248,248,20744,7,0,0,7,3
2020-09-23,US,Iowa,Keokuk,101,1,0,41.33649833,-92.1785067,19107.0,985.7505367948468,0.99009900990099,100,95,1,0,94,91,10225,6,0,0,6,4
2020-09-23,US,Iowa,Kossuth,249,0,0,43.20405458,-94.20691791,19109.0,1680.9559170998443,0.0,249,237,0,0,237,231,14908,12,0,0,12,6
2020-09-23,US,Iowa,Lee,613,7,0,40.64181461,-91.48183025,19111.0,1821.315031048519,1.1419249592169658,606,609,7,0,602,599,34055,4,0,0,4,10
2020-09-23,US,Iowa,Linn,3878,109,0,42.07923082,-91.59809485,19113.0,1710.5855160428046,2.810727178958226,3769,3832,108,0,3724,3808,225909,46,1,0,45,24
2020-09-23,US,Iowa,Louisa,426,15,0,41.21842119,-91.26102611,19115.0,3860.4440416855455,3.5211267605633805,411,426,15,0,411,425,11169,0,0,0,0,1
2020-09-23,US,Iowa,Lucas,153,6,0,41.02958964,-93.32780803,19117.0,1779.0697674418604,3.92156862745098,147,153,6,0,147,152,8645,0,0,0,0,1
2020-09-23,US,Iowa,Lyon,280,4,0,43.38107862,-96.20926845,19119.0,2381.9651212250105,1.4285714285714286,276,269,4,0,265,260,11811,11,0,0,11,9
2020-09-23,US,Iowa,Madison,209,2,0,41.33081904,-94.01554631,19121.0,1279.2263434936956,0.9569377990430622,207,207,2,0,205,206,16249,2,0,0,2,1
2020-09-23,US,Iowa,Mahaska,368,19,0,41.33521503,-92.64083907,19123.0,1665.5351889567776,5.163043478260869,349,358,19,0,339,346,22000,10,0,0,10,12
2020-09-23,US,Iowa,Marion,746,5,0,41.33445101,-93.09934783,19125.0,2243.406609929931,0.6702412868632708,741,734,5,0,729,726,33407,12,0,0,12,8
2020-09-23,US,Iowa,Marshall,1768,34,0,42.03586837,-92.99908190000001,19127.0,4490.843049099545,1.9230769230769231,1734,1764,34,0,1730,1762,39981,4,0,0,4,2
2020-09-23,US,Iowa,Mills,173,1,0,41.03299766,-95.61920963,19129.0,1145.012906214839,0.5780346820809249,172,168,1,0,167,169,15063,5,0,0,5,-1
2020-09-23,US,Iowa,Mitchell,186,0,0,43.35638371,-92.78887719,19131.0,1757.0375968259964,0.0,186,183,0,0,183,183,10569,3,0,0,3,0
2020-09-23,US,Iowa,Monona,144,1,0,42.05220391,-95.95743843,19133.0,1671.5031921067905,0.6944444444444444,143,142,1,0,141,140,8679,2,0,0,2,2
2020-09-23,US,Iowa,Monroe,153,10,0,41.02988815,-92.8690667,19135.0,1985.208252238225,6.5359477124183005,143,151,10,0,141,150,7790,2,0,0,2,1
2020-09-23,US,Iowa,Montgomery,90,5,0,41.03018714,-95.15642896,19137.0,907.5325199152968,5.5555555555555545,85,90,5,0,85,88,10003,0,0,0,0,2
2020-09-23,US,Iowa,Muscatine,1090,54,0,41.48370744,-91.11216970000001,19139.0,2554.8471779486217,4.954128440366971,1036,1078,54,0,1024,1068,42929,12,0,0,12,10
2020-09-23,US,Iowa,O'Brien,334,9,0,43.08310673,-95.62474482,19141.0,2428.561041227369,2.6946107784431144,325,322,9,0,313,309,13840,12,0,0,12,13
2020-09-23,US,Iowa,Osceola,146,0,0,43.37824276,-95.62422844,19143.0,2450.486740516952,0.0,146,139,0,0,139,130,6040,7,0,0,7,9
2020-09-23,US,Iowa,Page,150,0,0,40.7393172,-95.1497813,19145.0,992.9171907062953,0.0,150,142,0,0,142,142,15249,8,0,0,8,0
2020-09-23,US,Iowa,Palo Alto,172,0,0,43.08193849,-94.67824621,19147.0,1935.6290794508216,0.0,172,165,0,0,165,163,8929,7,0,0,7,2
2020-09-23,US,Iowa,Plymouth,1091,20,0,42.737633,-96.21366621,19149.0,4333.320093736346,1.8331805682859759,1071,1062,20,0,1042,1058,25095,29,0,0,29,4
2020-09-23,US,Iowa,Pocahontas,156,2,0,42.73420133,-94.67862564,19151.0,2356.8514881402025,1.2820512820512822,154,154,2,0,152,154,6740,2,0,0,2,0
2020-09-23,US,Iowa,Polk,15571,261,0,41.68679484,-93.57767461,19153.0,3176.71132546245,1.6761929227409929,15310,15404,259,0,15145,15366,487204,167,2,0,165,38
2020-09-23,US,Iowa,Pottawattamie,2033,38,0,41.33640314,-95.53907776,19155.0,2181.190052142566,1.8691588785046729,1995,2006,38,0,1968,2002,93533,27,0,0,27,4
2020-09-23,US,Iowa,Poweshiek,270,8,0,41.68625425,-92.53155731,19157.0,1459.1439688715952,2.962962962962963,262,258,8,0,250,252,18699,12,0,0,12,6
2020-09-23,US,Iowa,Ringgold,48,2,0,40.73518949,-94.24368535,19159.0,980.7928075194117,4.166666666666667,46,45,2,0,43,44,4968,3,0,0,3,1
2020-09-23,US,Iowa,Sac,232,0,0,42.38624071,-95.10547892,19161.0,2386.585742207592,0.0,232,222,0,0,222,220,9719,10,0,0,10,2
2020-09-23,US,Iowa,Scott,2875,28,0,41.63935978,-90.61959493,19163.0,1662.3974373059332,0.9739130434782608,2847,2835,28,0,2807,2818,173283,40,0,0,40,17
2020-09-23,US,Iowa,Shelby,250,1,0,41.6850066,-95.31015553,19165.0,2182.643617950061,0.4,249,250,1,0,249,244,11578,0,0,0,0,6
2020-09-23,US,Iowa,Sioux,1469,3,0,43.08221074,-96.17675679999999,19167.0,4214.603356763735,0.2042205582028591,1466,1416,3,0,1413,1372,34909,53,0,0,53,44
2020-09-23,US,Iowa,Story,3369,17,0,42.03621213,-93.46499005,19169.0,3469.0116045594486,0.5046007717423567,3352,3340,17,0,3323,3315,98105,29,0,0,29,25
2020-09-23,US,Iowa,Tama,699,31,0,42.07991767,-92.53266945,19171.0,4147.383410466358,4.434907010014307,668,695,31,0,664,694,16904,4,0,0,4,1
2020-09-23,US,Iowa,Taylor,127,1,0,40.73710579,-94.69778563,19173.0,2074.8243751021078,0.7874015748031497,126,125,1,0,124,124,6191,2,0,0,2,1
2020-09-23,US,Iowa,Unassigned,4,0,0,0.0,0.0,90019.0,0.0,0.0,4,8,0,0,8,7,,-4,0,0,-4,1
2020-09-23,US,Iowa,Union,126,3,0,41.0277278,-94.24234847,19175.0,1029.3276693080632,2.380952380952381,123,123,3,0,120,122,12359,3,0,0,3,1
2020-09-23,US,Iowa,Van Buren,112,1,0,40.75326764,-91.95017958,19177.0,1590.0056785917093,0.8928571428571429,111,111,1,0,110,111,7020,1,0,0,1,0
2020-09-23,US,Iowa,Wapello,1296,57,0,41.03064984,-92.40954728,19179.0,3706.139723755326,4.398148148148149,1239,1280,57,0,1223,1271,35205,16,0,0,16,9
2020-09-23,US,Iowa,Warren,945,6,0,41.33559454,-93.56007641,19181.0,1836.1636808766955,0.6349206349206349,939,939,6,0,933,932,51056,6,0,0,6,7
2020-09-23,US,Iowa,Washington,449,11,0,41.33577126,-91.71725711,19183.0,2044.1611654905528,2.4498886414253898,438,440,11,0,429,432,22141,9,0,0,9,8
2020-09-23,US,Iowa,Wayne,84,2,0,40.73969028,-93.32752197,19185.0,1304.1453190498364,2.380952380952381,82,84,2,0,82,84,6401,0,0,0,0,0
2020-09-23,US,Iowa,Webster,1213,14,0,42.42853483,-94.17987389,19187.0,3378.4536541889483,1.1541632316570487,1199,1209,14,0,1195,1202,36277,4,0,0,4,7
2020-09-23,US,Iowa,Winnebago,284,13,0,43.37751174,-93.73407298,19189.0,2742.9012941858223,4.577464788732393,271,278,13,0,265,275,10518,6,0,0,6,3
2020-09-23,US,Iowa,Winneshiek,315,6,0,43.29094334,-91.84422722,19191.0,1575.7090690810865,1.9047619047619049,309,304,5,0,299,299,20029,11,1,0,10,5
2020-09-23,US,Iowa,Woodbury,5173,63,0,42.38979414,-96.0459439,19193.0,5017.118139408575,1.2178619756427604,5110,5064,63,0,5001,5042,102539,109,0,0,109,22
2020-09-23,US,Iowa,Worth,104,0,0,43.37750768,-93.26087602,19195.0,1409.0231675924676,0.0,104,103,0,0,103,103,7453,1,0,0,1,0
2020-09-23,US,Iowa,Wright,570,1,0,42.73305373,-93.73515113,19197.0,4537.494029613119,0.17543859649122806,569,565,1,0,564,563,12690,5,0,0,5,2
2020-09-23,US,Kansas,Allen,33,0,0,37.88582951,-95.30030847,20001.0,266.79602231384916,0.0,33,32,0,0,32,32,12444,1,0,0,1,0
2020-09-23,US,Kansas,Anderson,69,0,0,38.21413251,-95.29272815,20003.0,878.086026978875,0.0,69,65,0,0,65,65,7878,4,0,0,4,0
2020-09-23,US,Kansas,Atchison,307,2,0,39.53185661,-95.30870026,20005.0,1910.0354631991531,0.6514657980456026,305,307,2,0,305,307,16193,0,0,0,0,0
2020-09-23,US,Kansas,Barber,6,0,0,37.2288586,-98.68460053,20007.0,135.5319629545968,0.0,6,5,0,0,5,5,4472,1,0,0,1,0
2020-09-23,US,Kansas,Barton,447,5,0,38.47889676,-98.75636726,20009.0,1733.969510066333,1.1185682326621924,442,447,5,0,442,447,26111,0,0,0,0,0
2020-09-23,US,Kansas,Bourbon,148,2,0,37.85508555,-94.84865997,20011.0,1018.3019127562957,1.351351351351351,146,141,2,0,139,141,14653,7,0,0,7,0
2020-09-23,US,Kansas,Brown,113,3,0,39.82652589,-95.56421698,20013.0,1181.5140108741116,2.6548672566371683,110,105,3,0,102,96,9598,8,0,0,8,9
2020-09-23,US,Kansas,Butler,518,3,0,37.78134351,-96.83878537,20015.0,774.1626937274887,0.5791505791505791,515,515,3,0,512,494,66765,3,0,0,3,21
2020-09-23,US,Kansas,Chase,81,1,0,38.30292938,-96.59563862,20017.0,3058.912386706949,1.2345679012345678,80,81,1,0,80,81,2629,0,0,0,0,0
2020-09-23,US,Kansas,Chautauqua,13,0,0,37.14994405,-96.2454192,20019.0,400.0,0.0,13,13,0,0,13,13,3309,0,0,0,0,0
2020-09-23,US,Kansas,Cherokee,474,7,0,37.16928494,-94.8462897,20021.0,2377.25061437384,1.4767932489451476,467,462,7,0,455,462,20015,12,0,0,12,0
2020-09-23,US,Kansas,Cheyenne,58,0,0,39.78580976,-101.7318201,20023.0,2182.913059841927,0.0,58,53,0,0,53,53,2660,5,0,0,5,0
2020-09-23,US,Kansas,Clark,48,1,0,37.23577007,-99.81883015,20025.0,2407.221664994985,2.083333333333333,47,48,1,0,47,48,2005,0,0,0,0,0
2020-09-23,US,Kansas,Clay,47,2,0,39.34948772,-97.16518128,20027.0,587.3531617095726,4.25531914893617,45,47,2,0,45,47,7997,0,0,0,0,0
2020-09-23,US,Kansas,Cloud,64,0,0,39.48028352,-97.64925343,20029.0,728.4315957204643,0.0,64,64,0,0,64,64,8729,0,0,0,0,0
2020-09-23,US,Kansas,Coffey,108,8,0,38.2365018,-95.73379515,20031.0,1320.4548233280352,7.407407407407407,100,108,8,0,100,108,8233,0,0,0,0,0
2020-09-23,US,Kansas,Comanche,11,0,0,37.19114520000001,-99.27113247,20033.0,647.0588235294118,0.0,11,10,0,0,10,10,1748,1,0,0,1,0
2020-09-23,US,Kansas,Cowley,346,4,0,37.23781842,-96.83776647,20035.0,991.1768076085713,1.1560693641618498,342,342,3,0,339,342,35218,4,1,0,3,0
2020-09-23,US,Kansas,Crawford,978,6,0,37.50675523,-94.85245778,20037.0,2519.449739811428,0.6134969325153374,972,978,6,0,972,978,39019,0,0,0,0,0
2020-09-23,US,Kansas,Decatur,21,0,0,39.78468441,-100.45940809999999,20039.0,742.8369296073578,0.0,21,21,0,0,21,21,2871,0,0,0,0,0
2020-09-23,US,Kansas,Dickinson,161,1,0,38.86600962,-97.15532383,20041.0,871.8726307808946,0.6211180124223602,160,130,1,0,129,130,18717,31,0,0,31,0
2020-09-23,US,Kansas,Doniphan,105,0,0,39.79067154,-95.14056866,20043.0,1381.578947368421,0.0,105,105,0,0,105,105,7682,0,0,0,0,0
2020-09-23,US,Kansas,Douglas,2138,10,0,38.88503636,-95.2925121,20045.0,1748.7465135491045,0.4677268475210477,2128,2121,10,0,2111,2087,121436,17,0,0,17,34
2020-09-23,US,Kansas,Edwards,47,0,0,37.88735543,-99.31263309,20047.0,1679.771265189421,0.0,47,44,0,0,44,44,2849,3,0,0,3,0
2020-09-23,US,Kansas,Elk,1,0,0,37.45338105,-96.24369667,20049.0,39.52569169960474,0.0,1,1,0,0,1,1,2508,0,0,0,0,0
2020-09-23,US,Kansas,Ellis,926,3,0,38.91458712,-99.31751551,20051.0,3243.091794207264,0.3239740820734341,923,889,3,0,886,889,28710,37,0,0,37,0
2020-09-23,US,Kansas,Ellsworth,32,0,0,38.69677695,-98.20462799,20053.0,524.4182235332678,0.0,32,32,0,0,32,32,6196,0,0,0,0,0
2020-09-23,US,Kansas,Finney,2072,12,0,38.04340344,-100.73819379999999,20055.0,5681.849343241834,0.5791505791505791,2060,2063,12,0,2051,2031,36611,9,0,0,9,32
2020-09-23,US,Kansas,Ford,2718,10,0,37.69200114,-99.88825298,20057.0,8084.714001011333,0.3679175864606328,2708,2655,10,0,2645,2655,33888,63,0,0,63,0
2020-09-23,US,Kansas,Franklin,328,3,0,38.56443815,-95.28644341,20059.0,1284.0588787973693,0.9146341463414634,325,320,3,0,317,320,25631,8,0,0,8,0
2020-09-23,US,Kansas,Geary,290,2,0,38.99871131,-96.7577178,20061.0,915.6930849384275,0.6896551724137931,288,286,2,0,284,286,32594,4,0,0,4,0
2020-09-23,US,Kansas,Gove,33,0,0,38.91588178,-100.4829321,20063.0,1251.896813353566,0.0,33,25,0,0,25,25,2612,8,0,0,8,0
2020-09-23,US,Kansas,Graham,37,1,0,39.34987223,-99.88332493,20065.0,1490.7332796132152,2.702702702702702,36,30,1,0,29,30,2492,7,0,0,7,0
2020-09-23,US,Kansas,Grant,254,5,0,37.56227336,-101.3079758,20067.0,3552.4475524475524,1.9685039370078738,249,248,5,0,243,240,7336,6,0,0,6,8
2020-09-23,US,Kansas,Gray,122,0,0,37.73836671,-100.4369088,20069.0,2037.408149632599,0.0,122,122,0,0,122,122,6033,0,0,0,0,0
2020-09-23,US,Kansas,Greeley,7,0,0,38.4808095,-101.8061079,20071.0,568.1818181818181,0.0,7,7,0,0,7,7,1227,0,0,0,0,0
2020-09-23,US,Kansas,Greenwood,47,0,0,37.8774388,-96.23250453,20073.0,785.6904045469742,0.0,47,47,0,0,47,47,6055,0,0,0,0,0
2020-09-23,US,Kansas,Hamilton,43,0,0,37.99978709,-101.7921066,20075.0,1693.5801496652225,0.0,43,42,0,0,42,42,2607,1,0,0,1,0
2020-09-23,US,Kansas,Harper,120,2,0,37.19175361,-98.07578384,20077.0,2207.5055187637968,1.6666666666666667,118,120,2,0,118,120,5506,0,0,0,0,0
2020-09-23,US,Kansas,Harvey,346,4,0,38.04293782,-97.42747573,20079.0,1004.9667431525747,1.1560693641618498,342,343,4,0,339,341,34210,3,0,0,3,2
2020-09-23,US,Kansas,Haskell,103,1,0,37.562039399999996,-100.8710738,20081.0,2595.766129032258,0.9708737864077671,102,103,1,0,102,103,3997,0,0,0,0,0
2020-09-23,US,Kansas,Hodgeman,22,0,0,38.08780079,-99.89829881,20083.0,1226.3099219620958,0.0,22,22,0,0,22,22,1818,0,0,0,0,0
2020-09-23,US,Kansas,Jackson,237,2,0,39.41673394,-95.79356799,20085.0,1799.4077898413184,0.8438818565400844,235,234,2,0,232,234,13280,3,0,0,3,0
2020-09-23,US,Kansas,Jefferson,185,4,0,39.2347941,-95.38289232,20087.0,971.4855852544244,2.1621621621621623,181,181,2,0,179,180,18975,4,2,0,2,1
2020-09-23,US,Kansas,Jewell,16,1,0,39.78470589,-98.21820662,20089.0,555.7485237929836,6.25,15,15,1,0,14,15,2841,1,0,0,1,0
2020-09-23,US,Kansas,Johnson,10411,145,0,38.88548175,-94.82250877,20091.0,1728.2507831162302,1.3927576601671308,10266,10320,143,0,10177,10236,597555,91,2,0,89,84
2020-09-23,US,Kansas,Kearny,82,1,0,38.00017981,-101.32168100000001,20093.0,2136.529442417926,1.2195121951219512,81,80,1,0,79,80,3943,2,0,0,2,0
2020-09-23,US,Kansas,Kingman,78,1,0,37.55909527,-98.13638678,20095.0,1090.6040268456377,1.2820512820512822,77,74,1,0,73,74,7310,4,0,0,4,0
2020-09-23,US,Kansas,Kiowa,24,0,0,37.55848695,-99.2856537,20097.0,969.6969696969696,0.0,24,24,0,0,24,24,2516,0,0,0,0,0
2020-09-23,US,Kansas,Labette,233,4,0,37.19113093,-95.29849679,20099.0,1187.6847792843307,1.7167381974248928,229,226,4,0,222,226,19964,7,0,0,7,0
2020-09-23,US,Kansas,Lane,13,0,0,38.48119447,-100.46607540000001,20101.0,846.9055374592834,0.0,13,12,0,0,12,12,1560,1,0,0,1,0
2020-09-23,US,Kansas,Leavenworth,1965,11,0,39.20183497,-95.03620809,20103.0,2403.4345262848897,0.5597964376590331,1954,1923,11,0,1912,1923,81352,42,0,0,42,0
2020-09-23,US,Kansas,Lincoln,12,0,0,39.04549684,-98.20756994,20105.0,405.1316677920324,0.0,12,12,0,0,12,12,3023,0,0,0,0,0
2020-09-23,US,Kansas,Linn,70,0,0,38.21267844,-94.84254089,20107.0,721.4263629805215,0.0,70,68,0,0,68,68,9750,2,0,0,2,0
2020-09-23,US,Kansas,Logan,7,0,0,38.91735806,-101.148475,20109.0,250.53686471009303,0.0,7,7,0,0,7,7,2844,0,0,0,0,0
2020-09-23,US,Kansas,Lyon,1097,33,0,38.45576156,-96.15275715,20111.0,3304.7145654466035,3.00820419325433,1064,1092,33,0,1059,1088,33406,5,0,0,5,4
2020-09-23,US,Kansas,Marion,72,1,0,38.35855394,-97.09852509999999,20115.0,605.8566139347022,1.3888888888888888,71,72,1,0,71,72,11950,0,0,0,0,0
2020-09-23,US,Kansas,Marshall,20,0,0,39.78359669,-96.52278974,20117.0,206.0368806016277,0.0,20,19,0,0,19,19,9722,1,0,0,1,0
2020-09-23,US,Kansas,McPherson,277,1,0,38.39184858,-97.64769869,20113.0,970.4996146030412,0.36101083032490977,276,273,1,0,272,273,28537,4,0,0,4,0
2020-09-23,US,Kansas,Meade,108,1,0,37.23859987,-100.36483100000001,20119.0,2677.9072650632284,0.925925925925926,107,99,1,0,98,99,4146,9,0,0,9,0
2020-09-23,US,Kansas,Miami,357,1,0,38.56383358,-94.83832189,20121.0,1042.7315477407485,0.2801120448179272,356,328,1,0,327,328,33680,29,0,0,29,0
2020-09-23,US,Kansas,Mitchell,45,0,0,39.39331582,-98.20906732,20123.0,752.6342197691922,0.0,45,45,0,0,45,45,6150,0,0,0,0,0
2020-09-23,US,Kansas,Montgomery,386,6,0,37.19236568,-95.74329258,20125.0,1212.7305287630775,1.5544041450777202,380,368,5,0,363,368,32120,18,1,0,17,0
2020-09-23,US,Kansas,Morris,29,0,0,38.68827511,-96.65128437,20127.0,516.0142348754448,0.0,29,28,0,0,28,28,5521,1,0,0,1,0
2020-09-23,US,Kansas,Morton,15,2,0,37.19141121,-101.79925190000002,20129.0,579.8221878623889,13.333333333333336,13,15,2,0,13,15,2667,0,0,0,0,0
2020-09-23,US,Kansas,Nemaha,92,1,0,39.78345387,-96.01392079,20131.0,899.2278369660835,1.0869565217391304,91,84,1,0,83,84,10155,8,0,0,8,0
2020-09-23,US,Kansas,Neosho,166,0,0,37.55862897,-95.30670046,20133.0,1037.0462922471418,0.0,166,166,0,0,166,161,15951,0,0,0,0,5
2020-09-23,US,Kansas,Ness,70,6,0,38.47974157,-99.91547333,20135.0,2545.454545454545,8.571428571428571,64,67,6,0,61,67,2840,3,0,0,3,0
2020-09-23,US,Kansas,Norton,30,0,0,39.78443827,-99.90286639,20137.0,559.5970900951315,0.0,30,29,0,0,29,29,5430,1,0,0,1,0
2020-09-23,US,Kansas,Osage,96,0,0,38.65235984,-95.72707998,20139.0,601.9186155871841,0.0,96,91,0,0,91,91,15941,5,0,0,5,0
2020-09-23,US,Kansas,Osborne,5,0,0,39.3503437,-98.76753828,20141.0,146.1560947091494,0.0,5,5,0,0,5,5,3475,0,0,0,0,0
2020-09-23,US,Kansas,Ottawa,52,0,0,39.13237408,-97.65020313,20143.0,911.6409537166901,0.0,52,50,0,0,50,50,5802,2,0,0,2,0
2020-09-23,US,Kansas,Pawnee,414,1,0,38.18108732,-99.23692334,20145.0,6454.630495790459,0.24154589371980675,413,336,1,0,335,336,6562,78,0,0,78,0
2020-09-23,US,Kansas,Phillips,111,8,0,39.78465501,-99.34668865,20147.0,2120.7489491784486,7.207207207207206,103,103,8,0,95,96,5317,8,0,0,8,7
2020-09-23,US,Kansas,Pottawatomie,230,0,0,39.37925655,-96.34564657,20149.0,943.2801542057992,0.0,230,230,0,0,230,230,24277,0,0,0,0,0
2020-09-23,US,Kansas,Pratt,69,0,0,37.64780729,-98.73922153,20151.0,752.9463116542993,0.0,69,67,0,0,67,67,9378,2,0,0,2,0
2020-09-23,US,Kansas,Rawlins,8,0,0,39.78525843,-101.07616170000001,20153.0,316.20553359683794,0.0,8,6,0,0,6,6,2508,2,0,0,2,0
2020-09-23,US,Kansas,Reno,1018,3,0,37.95230263,-98.08607292,20155.0,1641.9884512403626,0.2946954813359529,1015,994,3,0,991,960,62342,24,0,0,24,34
2020-09-23,US,Kansas,Republic,48,1,0,39.82799632,-97.65036709,20157.0,1035.3753235547886,2.083333333333333,47,45,1,0,44,45,4664,3,0,0,3,0
2020-09-23,US,Kansas,Rice,73,1,0,38.34616184,-98.19992118,20159.0,765.4398657858867,1.3698630136986298,72,67,1,0,66,67,9531,6,0,0,6,0
2020-09-23,US,Kansas,Riley,1734,8,0,39.28935726,-96.73420026,20161.0,2335.919818946007,0.46136101499423293,1726,1655,8,0,1647,1655,73703,79,0,0,79,0
2020-09-23,US,Kansas,Rooks,61,0,0,39.35022773,-99.32484567,20163.0,1239.8373983739834,0.0,61,57,0,0,57,57,5013,4,0,0,4,0
2020-09-23,US,Kansas,Rush,42,0,0,38.52275276,-99.30863983,20165.0,1383.399209486166,0.0,42,40,0,0,40,40,3093,2,0,0,2,0
2020-09-23,US,Kansas,Russell,83,0,0,38.91462787,-98.76254297,20167.0,1210.6184364060678,0.0,83,83,0,0,83,83,6907,0,0,0,0,0
2020-09-23,US,Kansas,Saline,697,11,0,38.78369175,-97.65185177,20169.0,1285.4086751254058,1.5781922525107603,686,667,11,0,656,667,54401,30,0,0,30,0
2020-09-23,US,Kansas,Scott,107,1,0,38.48222076,-100.90665390000001,20171.0,2218.536180800332,0.9345794392523364,106,106,1,0,105,106,4897,1,0,0,1,0
2020-09-23,US,Kansas,Sedgwick,8173,85,0,37.6842718,-97.4608198,20173.0,1583.7858158832032,1.0400097883274195,8088,8131,85,0,8046,8090,513607,42,0,0,42,41
2020-09-23,US,Kansas,Seward,1661,5,0,37.19324632,-100.85072009999999,20175.0,7751.540041067762,0.30102347983142685,1656,1661,5,0,1656,1637,21780,0,0,0,0,24
2020-09-23,US,Kansas,Shawnee,2644,30,0,39.04100763,-95.75572640000001,20177.0,1494.8409893992932,1.13464447806354,2614,2612,30,0,2582,2577,177499,32,0,0,32,35
2020-09-23,US,Kansas,Sheridan,13,0,0,39.35018161,-100.44182590000001,20179.0,515.6683855612852,0.0,13,13,0,0,13,13,2533,0,0,0,0,0
2020-09-23,US,Kansas,Sherman,30,0,0,39.35147699,-101.71976240000001,20181.0,507.01368936961296,0.0,30,27,0,0,27,27,5899,3,0,0,3,0
2020-09-23,US,Kansas,Smith,6,0,0,39.78516566,-98.78566062,20183.0,167.45743790120008,0.0,6,5,0,0,5,5,3603,1,0,0,1,0
2020-09-23,US,Kansas,Stafford,56,1,0,38.03100851,-98.71762001,20185.0,1347.4494706448509,1.7857142857142858,55,54,1,0,53,54,4178,2,0,0,2,0
2020-09-23,US,Kansas,Stanton,48,2,0,37.56304714,-101.78435340000001,20187.0,2392.8215353938185,4.166666666666667,46,48,2,0,46,48,1987,0,0,0,0,0
2020-09-23,US,Kansas,Stevens,128,1,0,37.1923008,-101.3118967,20189.0,2333.6371923427528,0.78125,127,128,1,0,127,128,5559,0,0,0,0,0
2020-09-23,US,Kansas,Sumner,183,3,0,37.23682549,-97.47721621,20191.0,801.3662637940096,1.639344262295082,180,182,3,0,179,182,22996,1,0,0,1,0
2020-09-23,US,Kansas,Thomas,126,0,0,39.35107575,-101.0553705,20193.0,1620.1620162016202,0.0,126,126,0,0,126,126,7711,0,0,0,0,0
2020-09-23,US,Kansas,Trego,53,3,0,38.91467218,-99.87284448,20195.0,1890.831252229753,5.660377358490566,50,46,3,0,43,46,2793,7,0,0,7,0
2020-09-23,US,Kansas,Wabaunsee,67,1,0,38.95471985,-96.20350509,20197.0,966.6714759774924,1.492537313432836,66,66,1,0,65,66,6899,1,0,0,1,0
2020-09-23,US,Kansas,Wallace,17,0,0,38.91686134,-101.76388759999999,20199.0,1119.8945981554677,0.0,17,17,0,0,17,17,1503,0,0,0,0,0
2020-09-23,US,Kansas,Washington,17,0,0,39.78420784,-97.08753229999999,20201.0,314.46540880503153,0.0,17,17,0,0,17,17,5420,0,0,0,0,0
2020-09-23,US,Kansas,Wichita,6,0,0,38.48178252,-101.3471509,20203.0,283.15243039169417,0.0,6,6,0,0,6,6,2105,0,0,0,0,0
2020-09-23,US,Kansas,Wilson,59,2,0,37.55937174,-95.74323255,20205.0,692.0821114369502,3.3898305084745757,57,59,2,0,57,59,8665,0,0,0,0,0
2020-09-23,US,Kansas,Woodson,15,0,0,37.8865336,-95.74006277,20207.0,478.0114722753346,0.0,15,15,0,0,15,15,3183,0,0,0,0,0
2020-09-23,US,Kansas,Wyandotte,6757,134,0,39.11727348,-94.76378225,20209.0,4084.531732646634,1.9831286073701344,6623,6725,134,0,6591,6693,165324,32,0,0,32,32
2020-09-23,US,Kentucky,Adair,307,19,0,37.10459774,-85.28129668,21001.0,1598.7917925216125,6.188925081433225,288,299,19,0,280,295,19215,8,0,0,8,4
2020-09-23,US,Kentucky,Allen,315,9,0,36.75197631,-86.19457544,21003.0,1477.8325123152704,2.8571428571428568,306,312,9,0,303,307,21122,3,0,0,3,5
2020-09-23,US,Kentucky,Anderson,150,1,0,38.00671029,-84.99171713,21005.0,659.4276168285927,0.6666666666666666,149,147,1,0,146,144,22663,3,0,0,3,3
2020-09-23,US,Kentucky,Ballard,54,1,0,37.05842757,-88.99427697,21007.0,684.5841784989857,1.851851851851852,53,52,1,0,51,52,7979,2,0,0,2,0
2020-09-23,US,Kentucky,Barren,711,13,0,36.96469836,-85.93338945,21009.0,1606.8159732423335,1.8284106891701828,698,655,13,0,642,651,44176,56,0,0,56,4
2020-09-23,US,Kentucky,Bath,87,1,0,38.14735938,-83.74588932,21011.0,696.0,1.1494252873563218,86,83,1,0,82,79,12383,4,0,0,4,4
2020-09-23,US,Kentucky,Bell,482,12,0,36.73355174,-83.67766671,21013.0,1851.5673017824213,2.489626556016597,470,480,12,0,468,476,26569,2,0,0,2,4
2020-09-23,US,Kentucky,Boone,1540,25,0,38.97065142,-84.72615357,21015.0,1152.858565215113,1.6233766233766234,1515,1526,25,0,1501,1509,131533,14,0,0,14,17
2020-09-23,US,Kentucky,Bourbon,178,1,0,38.2054607,-84.21827874,21017.0,899.5350717606633,0.5617977528089888,177,174,1,0,173,170,20184,4,0,0,4,4
2020-09-23,US,Kentucky,Boyd,412,6,0,38.36176608,-82.68652187,21019.0,881.8870670833513,1.4563106796116505,406,408,6,0,402,401,47240,4,0,0,4,7
2020-09-23,US,Kentucky,Boyle,266,0,0,37.62680923,-84.8633779,21021.0,884.896872920825,0.0,266,263,0,0,263,256,30100,3,0,0,3,7
2020-09-23,US,Kentucky,Bracken,40,0,0,38.69158994,-84.08532444,21023.0,481.7535830422739,0.0,40,39,0,0,39,39,8239,1,0,0,1,0
2020-09-23,US,Kentucky,Breathitt,84,0,0,37.52333168,-83.31959161,21025.0,665.083135391924,0.0,84,83,0,0,83,82,12726,1,0,0,1,1
2020-09-23,US,Kentucky,Breckinridge,126,2,0,37.77377239,-86.42885017,21027.0,615.3245104263318,1.5873015873015872,124,124,2,0,122,124,20388,2,0,0,2,0
2020-09-23,US,Kentucky,Bullitt,844,9,0,37.97162523,-85.68955617,21029.0,1033.3512904647632,1.0663507109004742,835,824,9,0,815,817,81069,20,0,0,20,7
2020-09-23,US,Kentucky,Butler,337,16,0,37.20946153,-86.68748787,21031.0,2616.662784377669,4.747774480712166,321,335,16,0,319,334,12772,2,0,0,2,1
2020-09-23,US,Kentucky,Caldwell,147,0,0,37.14749129,-87.86948214,21033.0,1153.2125205930804,0.0,147,144,0,0,144,140,12715,3,0,0,3,4
2020-09-23,US,Kentucky,Calloway,552,8,0,36.62093411,-88.2731593,21035.0,1415.3483244019385,1.4492753623188406,544,548,8,0,540,536,39135,4,0,0,4,12
2020-09-23,US,Kentucky,Campbell,851,16,0,38.94384345,-84.37875208,21037.0,909.3434775175244,1.8801410105757927,835,842,16,0,826,831,93152,9,0,0,9,11
2020-09-23,US,Kentucky,Carlisle,77,1,0,36.85372876,-88.96692220000001,21039.0,1617.6470588235293,1.2987012987012987,76,75,1,0,74,75,4771,2,0,0,2,0
2020-09-23,US,Kentucky,Carroll,196,5,0,38.66599534,-85.12601074,21041.0,1843.664754021259,2.5510204081632653,191,195,5,0,190,195,10737,1,0,0,1,0
2020-09-23,US,Kentucky,Carter,165,3,0,38.31690743,-83.05092385,21043.0,615.7405679740267,1.818181818181818,162,163,3,0,160,161,27004,2,0,0,2,2
2020-09-23,US,Kentucky,Casey,269,15,0,37.32533118,-84.92726209,21045.0,1664.7069744414878,5.5762081784386615,254,270,15,0,255,269,15888,-1,0,0,-1,1
2020-09-23,US,Kentucky,Christian,1195,19,0,36.89267803,-87.49055367,21047.0,1695.9736591873514,1.5899581589958158,1176,1188,18,0,1170,1112,71671,7,1,0,6,76
2020-09-23,US,Kentucky,Clark,305,8,0,37.9689263,-84.14615986,21049.0,841.0776824862809,2.622950819672131,297,301,8,0,293,300,36249,4,0,0,4,1
2020-09-23,US,Kentucky,Clay,305,6,0,37.16451126,-83.712575,21051.0,1532.5863021958694,1.9672131147540983,299,303,6,0,297,291,20105,2,0,0,2,12
2020-09-23,US,Kentucky,Clinton,111,2,0,36.72581156,-85.13377529,21053.0,1086.3182618907808,1.8018018018018016,109,107,2,0,105,106,10206,4,0,0,4,1
2020-09-23,US,Kentucky,Crittenden,121,1,0,37.35839237,-88.08826090000002,21055.0,1374.0631387690214,0.8264462809917356,120,120,1,0,119,118,8915,1,0,0,1,2
2020-09-23,US,Kentucky,Cumberland,100,0,0,36.78926125,-85.39050034,21057.0,1511.9443604475355,0.0,100,99,0,0,99,97,6659,1,0,0,1,2
2020-09-23,US,Kentucky,Daviess,1320,14,0,37.73028906,-87.09019479999998,21059.0,1300.3516860241748,1.0606060606060606,1306,1293,14,0,1279,1281,101104,27,0,0,27,12
2020-09-23,US,Kentucky,Edmonson,131,12,0,37.21218923,-86.23955613,21061.0,1078.1893004115227,9.16030534351145,119,131,12,0,119,131,12274,0,0,0,0,0
2020-09-23,US,Kentucky,Elliott,38,0,0,38.11624059,-83.09771563,21063.0,505.5208194758548,0.0,38,37,0,0,37,35,7508,1,0,0,1,2
2020-09-23,US,Kentucky,Estill,142,0,0,37.69241417,-83.95956369,21065.0,1006.6638309939032,0.0,142,129,0,0,129,127,14198,13,0,0,13,2
2020-09-23,US,Kentucky,Fayette,5729,70,0,38.0368225,-84.45576892,21067.0,1772.849928207159,1.2218537266538665,5659,5688,70,0,5618,5573,323780,41,0,0,41,115
2020-09-23,US,Kentucky,Fleming,82,0,0,38.36758311,-83.69657514,21069.0,562.3756943968177,0.0,82,82,0,0,82,82,14432,0,0,0,0,0
2020-09-23,US,Kentucky,Floyd,176,2,0,37.56213922,-82.74750924,21071.0,494.5348281772458,1.1363636363636365,174,176,2,0,174,173,35845,0,0,0,0,3
2020-09-23,US,Kentucky,Franklin,606,12,0,38.2379395,-84.87962551,21073.0,1188.4450197093604,1.98019801980198,594,604,12,0,592,597,50815,2,0,0,2,7
2020-09-23,US,Kentucky,Fulton,142,2,0,36.55238827,-89.20140068,21075.0,2378.9579494052605,1.4084507042253518,140,139,2,0,137,140,6120,3,0,0,3,-1
2020-09-23,US,Kentucky,Gallatin,98,8,0,38.75398691,-84.8558382,21077.0,1104.9723756906078,8.16326530612245,90,97,8,0,89,96,8832,1,0,0,1,1
2020-09-23,US,Kentucky,Garrard,152,3,0,37.638866799999995,-84.53289319,21079.0,860.4098267859165,1.973684210526316,149,149,3,0,146,148,17560,3,0,0,3,1
2020-09-23,US,Kentucky,Grant,158,6,0,38.64962758,-84.62415957,21081.0,630.2604810722406,3.79746835443038,152,156,6,0,150,154,25121,2,0,0,2,2
2020-09-23,US,Kentucky,Graves,727,29,0,36.72292505,-88.65143315,21083.0,1950.8399076906564,3.9889958734525446,698,719,29,0,690,715,37317,8,0,0,8,4
2020-09-23,US,Kentucky,Grayson,382,13,0,37.46231118,-86.34248968,21085.0,1445.4913535399405,3.4031413612565444,369,376,13,0,363,376,26321,6,0,0,6,0
2020-09-23,US,Kentucky,Green,259,8,0,37.26484328,-85.5540745,21087.0,2367.24248240563,3.088803088803089,251,256,8,0,248,254,11049,3,0,0,3,2
2020-09-23,US,Kentucky,Greenup,378,4,0,38.54332505,-82.9215658,21089.0,1076.9844435580376,1.058201058201058,374,373,4,0,369,369,35268,5,0,0,5,4
2020-09-23,US,Kentucky,Hancock,79,0,0,37.83766422,-86.78280584,21091.0,905.7555606512268,0.0,79,77,0,0,77,73,8758,2,0,0,2,4
2020-09-23,US,Kentucky,Hardin,1254,11,0,37.6976111,-85.96319251,21093.0,1130.1573568377225,0.8771929824561403,1243,1233,11,0,1222,1209,110356,21,0,0,21,24
2020-09-23,US,Kentucky,Harlan,367,10,0,36.85699301,-83.21899516,21095.0,1410.9957708573625,2.7247956403269757,357,367,10,0,357,366,26409,0,0,0,0,1
2020-09-23,US,Kentucky,Harrison,171,0,0,38.44188174,-84.32869741,21097.0,905.4325955734406,0.0,171,169,0,0,169,167,18778,2,0,0,2,2
2020-09-23,US,Kentucky,Hart,169,1,0,37.29943898,-85.88461055,21099.0,887.8381928027318,0.591715976331361,168,166,1,0,165,165,18906,3,0,0,3,1
2020-09-23,US,Kentucky,Henderson,686,3,0,37.79344553,-87.57392021,21101.0,1517.3634151736346,0.43731778425655976,683,673,3,0,670,662,45591,13,0,0,13,11
2020-09-23,US,Kentucky,Henry,187,2,0,38.44942688,-85.11587507,21103.0,1159.6180081855389,1.0695187165775402,185,185,2,0,183,187,16106,2,0,0,2,-2
2020-09-23,US,Kentucky,Hickman,75,0,0,36.67948079999999,-88.97875928,21105.0,1712.3287671232874,0.0,75,75,0,0,75,74,4421,0,0,0,0,1
2020-09-23,US,Kentucky,Hopkins,612,39,0,37.30939025,-87.54670406,21107.0,1369.556460636441,6.372549019607844,573,609,39,0,570,602,45068,3,0,0,3,7
2020-09-23,US,Kentucky,Jackson,354,17,0,37.41866422,-83.99825483,21109.0,2655.863155525545,4.8022598870056505,337,350,17,0,333,345,13442,4,0,0,4,5
2020-09-23,US,Kentucky,Jefferson,14882,300,0,38.18664655,-85.65931031,21111.0,1940.9017459247195,2.0158580835909152,14582,14694,297,0,14397,14564,770517,188,3,0,185,130
2020-09-23,US,Kentucky,Jessamine,581,0,0,37.87119786,-84.58252003,21113.0,1073.6394714958883,0.0,581,580,0,0,580,576,53920,1,0,0,1,4
2020-09-23,US,Kentucky,Johnson,147,1,0,37.85106355,-82.8264322,21115.0,662.520281233099,0.6802721088435374,146,145,1,0,144,146,22386,2,0,0,2,-1
2020-09-23,US,Kentucky,Kenton,1978,45,0,38.93950319,-84.53241199,21117.0,1184.4453226984756,2.2750252780586453,1933,1963,45,0,1918,1952,166051,15,0,0,15,11
2020-09-23,US,Kentucky,Knott,177,1,0,37.35388197,-82.94981134,21119.0,1195.4612994731865,0.5649717514124294,176,165,1,0,164,158,15126,12,0,0,12,7
2020-09-23,US,Kentucky,Knox,465,9,0,36.89225732,-83.85403396,21121.0,1493.01653555948,1.935483870967742,456,448,9,0,439,448,31304,17,0,0,17,0
2020-09-23,US,Kentucky,Larue,112,1,0,37.54567114,-85.70138352,21123.0,777.8858174746492,0.8928571428571429,111,112,1,0,111,112,14307,0,0,0,0,0
2020-09-23,US,Kentucky,Laurel,802,6,0,37.10975748,-84.11321779,21125.0,1318.7969677536053,0.7481296758104738,796,793,6,0,787,765,60669,9,0,0,9,28
2020-09-23,US,Kentucky,Lawrence,55,0,0,38.07136018,-82.72882223,21127.0,359.0781484624926,0.0,55,55,0,0,55,55,15571,0,0,0,0,0
2020-09-23,US,Kentucky,Lee,18,0,0,37.59645942,-83.71513901,21129.0,243.1446710792921,0.0,18,18,0,0,18,18,7033,0,0,0,0,0
2020-09-23,US,Kentucky,Leslie,66,0,0,37.09246661,-83.37999606,21131.0,668.2190948668624,0.0,66,65,0,0,65,64,10143,1,0,0,1,1
2020-09-23,US,Kentucky,Letcher,125,2,0,37.12306748,-82.85346474,21133.0,579.9656660325709,1.6,123,120,2,0,118,119,21899,5,0,0,5,1
2020-09-23,US,Kentucky,Lewis,222,14,0,38.53184419,-83.37735618,21135.0,1672.316384180791,6.306306306306308,208,221,14,0,207,220,13257,1,0,0,1,1
2020-09-23,US,Kentucky,Lincoln,183,13,0,37.45475628,-84.6565327,21137.0,745.4478797507028,7.103825136612022,170,183,13,0,170,179,24644,0,0,0,0,4
2020-09-23,US,Kentucky,Livingston,84,1,0,37.21137452,-88.34797529,21139.0,913.6393299978247,1.1904761904761905,83,85,1,0,84,83,9242,-1,0,0,-1,2
2020-09-23,US,Kentucky,Logan,540,27,0,36.85949479,-86.877635,21141.0,1992.4728802302413,5.0,513,532,27,0,505,528,26989,8,0,0,8,4
2020-09-23,US,Kentucky,Lyon,67,4,0,37.02080035,-88.07886257,21143.0,816.0779537149817,5.970149253731344,63,66,4,0,62,66,8009,1,0,0,1,0
2020-09-23,US,Kentucky,Madison,1681,6,0,37.71659336,-84.27220275,21151.0,1807.7795820921203,0.35693039857227843,1675,1670,6,0,1664,1632,92368,11,0,0,11,38
2020-09-23,US,Kentucky,Magoffin,80,0,0,37.70820545,-83.0657714,21153.0,657.840638105419,0.0,80,80,0,0,80,80,12362,0,0,0,0,0
2020-09-23,US,Kentucky,Marion,218,8,0,37.55218078,-85.26898542,21155.0,1131.1160691122295,3.669724770642202,210,217,8,0,209,217,19404,1,0,0,1,0
2020-09-23,US,Kentucky,Marshall,285,3,0,36.88007070000001,-88.32803576,21157.0,916.3987138263666,1.0526315789473684,282,280,2,0,278,276,31191,5,1,0,4,4
2020-09-23,US,Kentucky,Martin,75,3,0,37.79990579,-82.51247478,21159.0,669.9419383653417,4.0,72,74,3,0,71,74,11323,1,0,0,1,0
2020-09-23,US,Kentucky,Mason,122,2,0,38.59471935,-83.82151043,21161.0,714.7041593438781,1.639344262295082,120,122,2,0,120,120,17150,0,0,0,0,2
2020-09-23,US,Kentucky,McCracken,698,9,0,37.05350953,-88.70445755,21145.0,1066.9846219694884,1.2893982808022924,689,696,9,0,687,691,65346,2,0,0,2,5
2020-09-23,US,Kentucky,McCreary,144,0,0,36.73874143,-84.48102924,21147.0,835.7030932621439,0.0,144,143,0,0,143,143,17408,1,0,0,1,0
2020-09-23,US,Kentucky,McLean,74,1,0,37.5301951,-87.26803443,21149.0,803.7362876072552,1.351351351351351,73,73,1,0,72,72,9252,1,0,0,1,1
2020-09-23,US,Kentucky,Meade,202,3,0,37.96163597,-86.21028219,21163.0,706.9858602827942,1.4851485148514851,199,193,3,0,190,191,28715,9,0,0,9,2
2020-09-23,US,Kentucky,Menifee,44,0,0,37.94090733,-83.59985712,21165.0,678.0705809832024,0.0,44,44,0,0,44,42,6451,0,0,0,0,2
2020-09-23,US,Kentucky,Mercer,203,2,0,37.81474237,-84.87488475,21167.0,925.5459809419597,0.9852216748768472,201,200,2,0,198,195,21774,3,0,0,3,5
2020-09-23,US,Kentucky,Metcalfe,110,2,0,36.99459295,-85.63123699,21169.0,1092.2450600734785,1.818181818181818,108,109,2,0,107,107,10030,1,0,0,1,2
2020-09-23,US,Kentucky,Monroe,204,4,0,36.71225341,-85.71596443,21171.0,1915.4929577464789,1.96078431372549,200,204,4,0,200,202,10718,0,0,0,0,2
2020-09-23,US,Kentucky,Montgomery,267,3,0,38.03253032,-83.9145241,21173.0,948.2544305146145,1.1235955056179776,264,255,3,0,252,242,28203,12,0,0,12,13
2020-09-23,US,Kentucky,Morgan,53,0,0,37.92465657,-83.25558245,21175.0,398.22676384401535,0.0,53,53,0,0,53,52,13345,0,0,0,0,1
2020-09-23,US,Kentucky,Muhlenberg,755,12,0,37.21425819,-87.14632053,21177.0,2465.5476454836394,1.5894039735099337,743,750,12,0,738,738,30774,5,0,0,5,12
2020-09-23,US,Kentucky,Nelson,488,4,0,37.80335779,-85.4657193,21179.0,1055.5231111976293,0.819672131147541,484,483,4,0,479,474,45851,5,0,0,5,9
2020-09-23,US,Kentucky,Nicholas,31,1,0,38.33342292,-84.01889177,21181.0,426.4685651396341,3.2258064516129035,30,31,1,0,30,29,7166,0,0,0,0,2
2020-09-23,US,Kentucky,Ohio,444,9,0,37.47751843,-86.85368087,21183.0,1850.4626156539127,2.0270270270270268,435,444,9,0,435,440,24087,0,0,0,0,4
2020-09-23,US,Kentucky,Oldham,1088,25,0,38.39791089,-85.448222,21185.0,1628.7668977080496,2.297794117647059,1063,1073,25,0,1048,1062,66470,15,0,0,15,11
2020-09-23,US,Kentucky,Owen,97,2,0,38.51679143,-84.82404619,21187.0,889.8266214108799,2.061855670103093,95,92,2,0,90,91,10880,5,0,0,5,1
2020-09-23,US,Kentucky,Owsley,37,1,0,37.42823949,-83.68811419,21189.0,838.0520951302377,2.702702702702702,36,37,1,0,36,37,4472,0,0,0,0,0
2020-09-23,US,Kentucky,Pendleton,92,0,0,38.69607718,-84.35599463,21191.0,630.5688827964359,0.0,92,92,0,0,92,92,14529,0,0,0,0,0
2020-09-23,US,Kentucky,Perry,329,8,0,37.25023553,-83.22922731,21193.0,1277.2730802080907,2.4316109422492405,321,327,8,0,319,326,26092,2,0,0,2,1
2020-09-23,US,Kentucky,Pike,395,3,0,37.47088263,-82.39487445,21195.0,682.4936070219089,0.7594936708860759,392,392,3,0,389,392,58402,3,0,0,3,0
2020-09-23,US,Kentucky,Powell,92,0,0,37.83218794,-83.82553961,21197.0,744.39679585727,0.0,92,91,0,0,91,91,12442,1,0,0,1,0
2020-09-23,US,Kentucky,Pulaski,761,10,0,37.10466131,-84.57629079,21199.0,1171.1476015328028,1.314060446780552,751,752,10,0,742,746,64623,9,0,0,9,6
2020-09-23,US,Kentucky,Robertson,12,0,0,38.51923469,-84.05055616,21201.0,569.2599620493359,0.0,12,12,0,0,12,12,2135,0,0,0,0,0
2020-09-23,US,Kentucky,Rockcastle,168,1,0,37.36642393,-84.31176452,21203.0,1006.2893081761006,0.5952380952380952,167,165,1,0,164,159,16750,3,0,0,3,6
2020-09-23,US,Kentucky,Rowan,209,1,0,38.19484205,-83.42088935,21205.0,854.4562551103842,0.4784688995215311,208,209,1,0,208,206,24583,0,0,0,0,3
2020-09-23,US,Kentucky,Russell,244,6,0,36.99308373,-85.06070117,21207.0,1361.3792333872675,2.459016393442623,238,241,6,0,235,240,17821,3,0,0,3,1
2020-09-23,US,Kentucky,Scott,734,10,0,38.29622293,-84.5816631,21209.0,1287.6289383201179,1.3623978201634876,724,723,10,0,713,716,56031,11,0,0,11,7
2020-09-23,US,Kentucky,Shelby,1040,24,0,38.21476019,-85.194223,21211.0,2121.4099216710183,2.3076923076923075,1016,1036,24,0,1012,1031,48518,4,0,0,4,5
2020-09-23,US,Kentucky,Simpson,270,8,0,36.74058474,-86.58047435,21213.0,1453.8014214947232,2.962962962962963,262,266,8,0,258,264,18529,4,0,0,4,2
2020-09-23,US,Kentucky,Spencer,198,0,0,38.03223971,-85.32749335,21215.0,1023.2029352488244,0.0,198,197,0,0,197,197,18794,1,0,0,1,0
2020-09-23,US,Kentucky,Taylor,287,7,0,37.3677562,-85.3329931,21217.0,1113.7413170864218,2.4390243902439024,280,287,7,0,280,286,25549,0,0,0,0,1
2020-09-23,US,Kentucky,Todd,181,8,0,36.8381152,-87.17878374,21219.0,1472.2628924678704,4.419889502762431,173,179,8,0,171,175,12311,2,0,0,2,4
2020-09-23,US,Kentucky,Trigg,170,0,0,36.80767017,-87.87333656,21221.0,1160.3303528769368,0.0,170,168,0,0,168,162,14643,2,0,0,2,6
2020-09-23,US,Kentucky,Trimble,59,0,0,38.61056487,-85.33775972,21223.0,696.4939204344232,0.0,59,58,0,0,58,57,8515,1,0,0,1,1
2020-09-23,US,Kentucky,Union,306,2,0,37.66166713,-87.94300009,21225.0,2127.8075238161464,0.6535947712418301,304,300,2,0,298,290,14505,6,0,0,6,10
2020-09-23,US,Kentucky,Warren,4224,41,0,36.99903045,-86.42672751,21227.0,3178.425234770046,0.9706439393939394,4183,4190,41,0,4149,4158,131264,34,0,0,34,32
2020-09-23,US,Kentucky,Washington,143,1,0,37.75599461,-85.17407732,21229.0,1182.3067383216205,0.6993006993006993,142,143,1,0,142,142,12084,0,0,0,0,1
2020-09-23,US,Kentucky,Wayne,136,0,0,36.80310688,-84.8251971,21231.0,668.8634239905573,0.0,136,130,0,0,130,129,20468,6,0,0,6,1
2020-09-23,US,Kentucky,Webster,157,3,0,37.52168356,-87.67989953,21233.0,1213.1046206150518,1.9108280254777068,154,150,3,0,147,149,13111,7,0,0,7,1
2020-09-23,US,Kentucky,Whitley,314,2,0,36.75700531,-84.14541217,21235.0,865.8724906243106,0.6369426751592356,312,299,2,0,297,282,36242,15,0,0,15,17
2020-09-23,US,Kentucky,Wolfe,31,0,0,37.73941626,-83.49303612,21237.0,433.1423780913791,0.0,31,31,0,0,31,31,7177,0,0,0,0,0
2020-09-23,US,Kentucky,Woodford,258,0,0,38.04178222,-84.7417556,21239.0,965.0632153811624,0.0,258,257,0,0,257,256,26533,1,0,0,1,1
2020-09-23,US,Louisiana,Acadia,2933,96,0,30.295064899999996,-92.41419698,22001.0,4727.214118784753,3.2730992158199794,2837,2930,96,0,2834,2929,62190,3,0,0,3,1
2020-09-23,US,Louisiana,Allen,1545,46,0,30.65385745,-92.82442028,22003.0,6028.797752370547,2.9773462783171523,1499,1541,46,0,1495,1534,25605,4,0,0,4,7
2020-09-23,US,Louisiana,Ascension,3704,97,0,30.20406249,-90.91328409999998,22005.0,2925.657957094563,2.6187904967602598,3607,3693,97,0,3596,3685,124672,11,0,0,11,8
2020-09-23,US,Louisiana,Assumption,758,24,0,29.89946234,-91.06461642,22007.0,3462.6102051071216,3.16622691292876,734,758,24,0,734,753,22300,0,0,0,0,5
2020-09-23,US,Louisiana,Avoyelles,1491,53,0,31.07796211,-92.00079449,22009.0,3714.1291351135906,3.5546613011401744,1438,1483,53,0,1430,1469,40462,8,0,0,8,14
2020-09-23,US,Louisiana,Beauregard,984,37,0,30.64836518,-93.34173616,22011.0,2624.209936794944,3.760162601626016,947,985,37,0,948,986,37253,-1,0,0,-1,-1
2020-09-23,US,Louisiana,Bienville,473,32,0,32.34569994,-93.05398492,22013.0,3572.237746393777,6.765327695560254,441,468,32,0,436,453,13308,5,0,0,5,15
2020-09-23,US,Louisiana,Bossier,3181,106,0,32.67932307,-93.60460152,22015.0,2503.955478238966,3.33228544482867,3075,3138,106,0,3032,3122,127185,43,0,0,43,16
2020-09-23,US,Louisiana,Caddo,8360,349,0,32.57991587,-93.88375652,22017.0,3480.3750145709478,4.174641148325359,8011,8312,349,0,7963,8270,242922,48,0,0,48,42
2020-09-23,US,Louisiana,Calcasieu,7794,210,0,30.22931235,-93.35400434,22019.0,3831.18032206689,2.6943802925327174,7584,7773,210,0,7563,7745,203112,21,0,0,21,28
2020-09-23,US,Louisiana,Caldwell,300,3,0,32.0902519,-92.11752148,22021.0,3024.8033877797943,1.0,297,299,3,0,296,301,9960,1,0,0,1,-2
2020-09-23,US,Louisiana,Cameron,225,2,0,29.87592238,-93.19310676,22023.0,3226.7316793345763,0.8888888888888888,223,222,2,0,220,223,6968,3,0,0,3,-1
2020-09-23,US,Louisiana,Catahoula,432,10,0,31.66778967,-91.84526385,22025.0,4550.2422582683785,2.314814814814815,422,432,10,0,422,429,9608,0,0,0,0,3
2020-09-23,US,Louisiana,Claiborne,502,21,0,32.82308512,-92.99526883,22027.0,3203.573707721761,4.183266932270916,481,504,21,0,483,494,15944,-2,0,0,-2,10
2020-09-23,US,Louisiana,Concordia,508,13,0,31.44817835,-91.63814433,22029.0,2637.727815566748,2.559055118110236,495,507,13,0,494,501,19572,1,0,0,1,6
2020-09-23,US,Louisiana,De Soto,893,35,0,32.05457447,-93.74130302,22031.0,3251.6476714124465,3.9193729003359454,858,884,35,0,849,880,27436,9,0,0,9,4
2020-09-23,US,Louisiana,East Baton Rouge,14983,439,0,30.53842039,-91.09777565,22033.0,3404.770723925656,2.9299873189614902,14544,14960,439,0,14521,14909,440956,23,0,0,23,51
2020-09-23,US,Louisiana,East Carroll,542,4,0,32.73926954,-91.23425694,22035.0,7899.723072438421,0.7380073800738007,538,542,4,0,538,541,7037,0,0,0,0,1
2020-09-23,US,Louisiana,East Feliciana,1723,66,0,30.84425359,-91.04976723,22037.0,9004.442121766397,3.8305281485780616,1657,1718,66,0,1652,1731,19305,5,0,0,5,-13
2020-09-23,US,Louisiana,Evangeline,1306,32,0,30.72985248,-92.39915924,22039.0,3910.7650845935023,2.4502297090352214,1274,1303,32,0,1271,1297,33443,3,0,0,3,6
2020-09-23,US,Louisiana,Franklin,1193,38,0,32.13675181,-91.67589857,22041.0,5960.5296027979,3.1852472757753563,1155,1191,37,0,1154,1193,20156,2,1,0,1,-2
2020-09-23,US,Louisiana,Grant,486,30,0,31.59882456,-92.56124347,22043.0,2170.7088302291304,6.172839506172839,456,487,30,0,457,483,22482,-1,0,0,-1,4
2020-09-23,US,Louisiana,Iberia,2898,89,0,29.86803617,-91.75871777,22045.0,4150.078762709437,3.0710835058661146,2809,2896,89,0,2807,2880,70941,2,0,0,2,16
2020-09-23,US,Louisiana,Iberville,1407,58,0,30.25734305,-91.3499598,22047.0,4327.765986896743,4.122245913290691,1349,1402,58,0,1344,1400,32721,5,0,0,5,2
2020-09-23,US,Louisiana,Jackson,632,22,0,32.30251776,-92.55692092,22049.0,4014.2276422764226,3.4810126582278484,610,630,22,0,608,628,15902,2,0,0,2,2
2020-09-23,US,Louisiana,Jefferson,17386,565,0,29.74075478,-90.11115756,22051.0,4019.949455829343,3.2497411710571726,16821,17344,565,0,16779,17299,434051,42,0,0,42,45
2020-09-23,US,Louisiana,Jefferson Davis,1225,39,0,30.26896765,-92.81210004,22053.0,3905.253761795461,3.1836734693877546,1186,1224,39,0,1185,1225,31582,1,0,0,1,-1
2020-09-23,US,Louisiana,LaSalle,421,7,0,31.67884782,-92.15907765,22059.0,2827.0212194466826,1.66270783847981,414,420,7,0,413,421,14917,1,0,0,1,-1
2020-09-23,US,Louisiana,Lafayette,8875,126,0,30.2049055,-92.06959876,22055.0,3631.4906501902697,1.419718309859155,8749,8870,124,0,8746,8822,242782,5,2,0,3,48
2020-09-23,US,Louisiana,Lafourche,3599,119,0,29.52470226,-90.40976986,22057.0,3686.9711311901983,3.306474020561267,3480,3576,119,0,3457,3548,98115,23,0,0,23,28
2020-09-23,US,Louisiana,Lincoln,1199,47,0,32.6003154,-92.66597409999999,22061.0,2565.144837619272,3.9199332777314435,1152,1191,47,0,1144,1162,47196,8,0,0,8,29
2020-09-23,US,Louisiana,Livingston,3730,74,0,30.44143993,-90.73061664,22063.0,2649.3547081092984,1.9839142091152813,3656,3726,74,0,3652,3714,139567,4,0,0,4,12
2020-09-23,US,Louisiana,Madison,866,8,0,32.36918118,-91.23973355,22065.0,7907.953611542325,0.9237875288683602,858,866,8,0,858,863,11161,0,0,0,0,3
2020-09-23,US,Louisiana,Morehouse,770,22,0,32.81686191,-91.80421614,22067.0,3095.6018332395274,2.8571428571428568,748,765,22,0,743,748,25398,5,0,0,5,17
2020-09-23,US,Louisiana,Natchitoches,1103,25,0,31.72321584,-93.09816516,22069.0,2890.612715551129,2.2665457842248413,1078,1096,25,0,1071,1087,38659,7,0,0,7,9
2020-09-23,US,Louisiana,Orleans,12436,587,0,30.06971951,-89.92660315,22071.0,3187.5410104986877,4.720167256352525,11849,12407,587,0,11820,12345,391006,29,0,0,29,62
2020-09-23,US,Louisiana,Ouachita,6122,141,0,32.47645559,-92.15704172,22073.0,3994.0239693630574,2.3031688990525967,5981,6120,141,0,5979,6092,154475,2,0,0,2,28
2020-09-23,US,Louisiana,Plaquemines,666,19,0,29.42245447,-89.60322085,22075.0,2871.060913049101,2.8528528528528527,647,665,19,0,646,664,23410,1,0,0,1,1
2020-09-23,US,Louisiana,Pointe Coupee,1053,40,0,30.71409502,-91.60209535,22077.0,4845.835250805339,3.7986704653371315,1013,1053,40,0,1013,1045,21940,0,0,0,0,8
2020-09-23,US,Louisiana,Rapides,4140,148,0,31.19778499,-92.52997303,22079.0,3193.2617549055904,3.5748792270531404,3992,4122,146,0,3976,4097,130562,18,2,0,16,25
2020-09-23,US,Louisiana,Red River,351,21,0,32.09530039,-93.34213308,22081.0,4157.782515991471,5.982905982905983,330,354,21,0,333,355,8477,-3,0,0,-3,-1
2020-09-23,US,Louisiana,Richland,749,10,0,32.41391005,-91.76634876,22083.0,3722.294006559984,1.335113484646195,739,748,10,0,738,745,20192,1,0,0,1,3
2020-09-23,US,Louisiana,Sabine,840,13,0,31.56388699,-93.55433981,22085.0,3516.998827667057,1.5476190476190477,827,839,13,0,826,835,24032,1,0,0,1,4
2020-09-23,US,Louisiana,St. Bernard,1383,29,0,29.87761636,-89.51887093,22087.0,2927.355854711709,2.0968908170643528,1354,1386,29,0,1357,1361,46721,-3,0,0,-3,25
2020-09-23,US,Louisiana,St. Charles,1777,59,0,29.90709658,-90.35555967,22089.0,3346.5160075329572,3.320202588632527,1718,1772,59,0,1713,1763,52879,5,0,0,5,9
2020-09-23,US,Louisiana,St. Helena,410,4,0,30.82210324,-90.71013176,22091.0,4046.5850769838135,0.975609756097561,406,413,4,0,409,399,10262,-3,0,0,-3,14
2020-09-23,US,Louisiana,St. James,808,40,0,30.02531716,-90.80212061,22093.0,3830.1099734546833,4.950495049504951,768,806,40,0,766,792,21037,2,0,0,2,14
2020-09-23,US,Louisiana,St. John the Baptist,1576,98,0,30.12597499,-90.4753503,22095.0,3679.062492704905,6.218274111675128,1478,1573,98,0,1475,1579,43184,3,0,0,3,-6
2020-09-23,US,Louisiana,St. Landry,3272,124,0,30.59724262,-92.00135806,22097.0,3984.218985923725,3.7897310513447433,3148,3271,124,0,3147,3260,82764,1,0,0,1,11
2020-09-23,US,Louisiana,St. Martin,2081,60,0,30.13112107,-91.61403569,22099.0,3894.742752334787,2.8832292167227296,2021,2073,61,0,2012,2058,53621,8,-1,0,9,15
2020-09-23,US,Louisiana,St. Mary,1901,77,0,29.69262097,-91.44702164,22101.0,3852.233119883278,4.050499736980536,1824,1900,77,0,1823,1891,49774,1,0,0,1,9
2020-09-23,US,Louisiana,St. Tammany,6858,251,0,30.40942847,-89.95642711,22103.0,2633.448404302297,3.659959171770196,6607,6842,251,0,6591,6828,258111,16,0,0,16,14
2020-09-23,US,Louisiana,Tangipahoa,4416,117,0,30.62888673,-90.40664996,22105.0,3276.985410884697,2.6494565217391304,4299,4394,117,0,4277,4385,133777,22,0,0,22,9
2020-09-23,US,Louisiana,Tensas,159,2,0,32.00760749,-91.32915234,22107.0,3668.666359021689,1.2578616352201255,157,160,2,0,158,159,4462,-1,0,0,-1,1
2020-09-23,US,Louisiana,Terrebonne,3603,112,0,29.37343766,-90.82626855,22109.0,3261.784702293117,3.1085206772134333,3491,3601,110,0,3491,3588,111021,2,2,0,0,13
2020-09-23,US,Louisiana,Unassigned,193,182,0,0.0,0.0,90022.0,0.0,94.30051813471502,11,193,170,0,23,196,,0,12,0,-12,-3
2020-09-23,US,Louisiana,Union,959,42,0,32.83121059,-92.3749373,22111.0,4337.79627284241,4.37956204379562,917,953,42,0,911,945,22330,6,0,0,6,8
2020-09-23,US,Louisiana,Vermilion,2028,60,0,29.83517605,-92.30292538,22113.0,3407.773352825528,2.9585798816568047,1968,2019,59,0,1960,2002,59830,9,1,0,8,17
2020-09-23,US,Louisiana,Vernon,1042,46,0,31.10884837,-93.18153838,22115.0,2196.968099685846,4.414587332053743,996,1040,46,0,994,1036,48860,2,0,0,2,4
2020-09-23,US,Louisiana,Washington,1608,65,0,30.85288548,-90.03866652,22117.0,3480.971554747369,4.04228855721393,1543,1604,65,0,1539,1598,46582,4,0,0,4,6
2020-09-23,US,Louisiana,Webster,1217,22,0,32.70847669,-93.33121835,22119.0,3174.230568596766,1.80772391125719,1195,1211,22,0,1189,1177,38798,6,0,0,6,34
2020-09-23,US,Louisiana,West Baton Rouge,900,41,0,30.46058217,-91.30989571,22121.0,3400.7179293406384,4.5555555555555545,859,895,41,0,854,889,26427,5,0,0,5,6
2020-09-23,US,Louisiana,West Carroll,343,10,0,32.78550125,-91.461201,22123.0,3167.1283471837487,2.915451895043732,333,342,10,0,332,339,10982,1,0,0,1,3
2020-09-23,US,Louisiana,West Feliciana,711,25,0,30.87882871,-91.41485379999999,22125.0,4567.060637204522,3.516174402250352,686,711,25,0,686,708,15460,0,0,0,0,3
2020-09-23,US,Louisiana,Winn,616,18,0,31.94449367,-92.63789413,22127.0,4430.379746835443,2.9220779220779223,598,611,18,0,593,606,14134,5,0,0,5,5
2020-09-23,US,Maine,Androscoggin,693,10,0,44.1664747,-70.20380627,23001.0,640.0251207551004,1.443001443001443,683,687,10,0,677,687,107679,6,0,0,6,0
2020-09-23,US,Maine,Aroostook,43,1,0,46.65926321,-68.59841248,23003.0,64.12646335098054,2.3255813953488373,42,42,1,0,41,42,67111,1,0,0,1,0
2020-09-23,US,Maine,Cumberland,2290,70,0,43.8370751,-70.37226999,23005.0,776.2632922377063,3.056768558951965,2220,2288,70,0,2218,2283,293557,2,0,0,2,5
2020-09-23,US,Maine,Franklin,60,1,0,44.97330019,-70.44381045,23007.0,198.6820755654161,1.6666666666666667,59,60,1,0,59,59,29897,0,0,0,0,1
2020-09-23,US,Maine,Hancock,53,1,0,44.59816444,-68.38401854,23009.0,96.38641860803465,1.8867924528301887,52,53,1,0,52,53,54811,0,0,0,0,0
2020-09-23,US,Maine,Kennebec,207,11,0,44.40759555,-69.76738544,23011.0,169.25316020997204,5.3140096618357475,196,208,11,0,197,206,122083,-1,0,0,-1,2
2020-09-23,US,Maine,Knox,36,1,0,44.11486325,-69.10529169,23013.0,90.51594086291864,2.7777777777777777,35,36,1,0,35,36,39771,0,0,0,0,0
2020-09-23,US,Maine,Lincoln,41,1,0,44.05996956,-69.54227124,23015.0,118.3807818906277,2.4390243902439024,40,41,1,0,40,39,34342,0,0,0,0,2
2020-09-23,US,Maine,Oxford,132,1,0,44.49952995,-70.75682123,23017.0,227.68434670116432,0.7575757575757576,131,129,1,0,128,125,57618,3,0,0,3,4
2020-09-23,US,Maine,Penobscot,252,6,0,45.40194593,-68.65020455,23019.0,165.62820411704394,2.380952380952381,246,252,6,0,246,252,151096,0,0,0,0,0
2020-09-23,US,Maine,Piscataquis,9,0,0,45.83839062,-69.2860223,23021.0,53.61930294906166,0.0,9,9,0,0,9,8,16800,0,0,0,0,1
2020-09-23,US,Maine,Sagadahoc,65,0,0,43.95415864,-69.85074999,23023.0,181.2806782686301,0.0,65,64,0,0,64,64,35634,1,0,0,1,0
2020-09-23,US,Maine,Somerset,85,8,0,45.51229767,-69.95995554,23025.0,168.37017668964424,9.411764705882351,77,86,8,0,78,86,50592,-1,0,0,-1,0
2020-09-23,US,Maine,Waldo,73,14,0,44.4858305,-69.12061935,23027.0,183.809643711444,19.17808219178082,59,73,14,0,59,73,39694,0,0,0,0,0
2020-09-23,US,Maine,Washington,16,0,0,45.01607142,-67.62813524,23029.0,50.989515280920365,0.0,16,15,0,0,15,15,31490,1,0,0,1,0
2020-09-23,US,Maine,York,1115,15,0,43.47808377,-70.71052375,23031.0,536.9845069133745,1.345291479820628,1100,1103,15,0,1088,1078,206229,12,0,0,12,25
2020-09-23,US,Maryland,Allegany,454,22,0,39.62357628,-78.69280486,24001.0,644.7398318563962,4.845814977973569,432,450,22,0,428,447,70975,4,0,0,4,3
2020-09-23,US,Maryland,Anne Arundel,9759,245,0,39.00670238,-76.60329337,24003.0,1684.8113197774994,2.510503125320217,9514,9713,245,0,9468,9677,576031,46,0,0,46,36
2020-09-23,US,Maryland,Baltimore,17579,621,0,39.45784712,-76.62911955,24005.0,2124.6842404244776,3.532624153819899,16958,17523,619,0,16904,17486,828431,56,2,0,54,37
2020-09-23,US,Maryland,Baltimore City,15329,483,0,39.30211911,-76.61151012,24510.0,2582.857335422669,3.1508904690456,14846,15292,482,0,14810,15259,621342,37,1,0,36,33
2020-09-23,US,Maryland,Calvert,920,28,0,38.53961642,-76.56820632,24009.0,994.3258578762496,3.0434782608695654,892,914,28,0,886,913,92003,6,0,0,6,1
2020-09-23,US,Maryland,Caroline,638,5,0,38.87172293,-75.82904158,24011.0,1909.8365563072505,0.7836990595611285,633,638,5,0,633,636,33304,0,0,0,0,2
2020-09-23,US,Maryland,Carroll,1920,125,0,39.56453592,-77.02373735,24013.0,1139.8243958040214,6.510416666666668,1795,1917,124,0,1793,1912,168429,3,1,0,2,5
2020-09-23,US,Maryland,Cecil,1025,33,0,39.56647682,-75.94627411,24015.0,996.5485392056779,3.2195121951219514,992,1017,33,0,984,1010,102826,8,0,0,8,7
2020-09-23,US,Maryland,Charles,2725,99,0,38.51092331,-76.98580666,24017.0,1669.1474178748847,3.63302752293578,2626,2716,99,0,2617,2703,161503,9,0,0,9,13
2020-09-23,US,Maryland,Dorchester,578,10,0,38.45413522,-76.02752426,24019.0,1810.26652886091,1.7301038062283738,568,578,10,0,568,575,31998,0,0,0,0,3
2020-09-23,US,Maryland,Frederick,3958,131,0,39.47296601,-77.39999394,24021.0,1524.964649947794,3.309752400202122,3827,3938,130,0,3808,3935,255648,20,1,0,19,3
2020-09-23,US,Maryland,Garrett,72,1,0,39.52786077,-79.27355126,24023.0,248.1560625904736,1.3888888888888888,71,72,1,0,71,72,29163,0,0,0,0,0
2020-09-23,US,Maryland,Harford,2945,76,0,39.55010644,-76.30775940000002,24025.0,1152.9081079388195,2.5806451612903225,2869,2945,76,0,2869,2937,253956,0,0,0,0,8
2020-09-23,US,Maryland,Howard,4983,123,0,39.25305293,-76.93126208,24027.0,1529.9824986950782,2.4683925346177005,4860,4968,122,0,4846,4961,323196,15,1,0,14,7
2020-09-23,US,Maryland,Kent,298,24,0,39.24976208,-76.04741541,24029.0,1534.34249819792,8.053691275167786,274,297,24,0,273,296,19383,1,0,0,1,1
2020-09-23,US,Maryland,Montgomery,22002,841,0,39.13676329,-77.20358245,24031.0,2094.0564658585613,3.822379783656032,21161,21933,841,0,21092,21877,1052567,69,0,0,69,56
2020-09-23,US,Maryland,Prince George's,28784,821,0,38.83070039,-76.8496441,24033.0,3165.417940960733,2.852279043913285,27963,28715,818,0,27897,28629,909308,69,3,0,66,86
2020-09-23,US,Maryland,Queen Anne's,645,26,0,39.06198912,-76.03530977,24035.0,1280.2445366308727,4.0310077519379846,619,640,26,0,614,638,50251,5,0,0,5,2
2020-09-23,US,Maryland,Somerset,251,4,0,38.1163542,-75.75118623,24039.0,979.8563397876328,1.593625498007968,247,246,4,0,242,246,25675,5,0,0,5,0
2020-09-23,US,Maryland,St. Mary's,1259,57,0,38.30058422,-76.60629279999998,24037.0,1109.1533785569554,4.527402700555997,1202,1257,57,0,1200,1259,112664,2,0,0,2,-2
2020-09-23,US,Maryland,Talbot,543,6,0,38.76618159,-76.10882561,24041.0,1460.4233344988031,1.1049723756906078,537,543,5,0,538,542,36968,0,1,0,-1,1
2020-09-23,US,Maryland,Unassigned,0,10,0,0.0,0.0,90024.0,0.0,0.0,-10,0,13,0,-13,0,,0,-3,0,3,0
2020-09-23,US,Maryland,Washington,1691,37,0,39.60835778,-77.82002295,24043.0,1119.5042668273206,2.1880544056771143,1654,1676,37,0,1639,1654,150926,15,0,0,15,22
2020-09-23,US,Maryland,Wicomico,1919,48,0,38.37301947,-75.62705831,24045.0,1852.1557007595866,2.5013027618551327,1871,1914,48,0,1866,1902,103195,5,0,0,5,12
2020-09-23,US,Maryland,Worcester,1020,26,0,38.21274277,-75.33200012,24047.0,1951.1821868543882,2.5490196078431366,994,1010,26,0,984,1002,51823,10,0,0,10,8
2020-09-23,US,Massachusetts,Barnstable,1722,174,0,41.72980578,-70.28854339,25001.0,808.4886614395042,10.104529616724738,1548,1714,173,0,1541,1713,213413,8,1,0,7,1
2020-09-23,US,Massachusetts,Berkshire,706,49,0,42.37428441,-73.20524838,25003.0,565.0531438084263,6.9405099150141645,657,704,49,0,655,702,126348,2,0,0,2,2
2020-09-23,US,Massachusetts,Bristol,9858,690,0,41.79228404,-71.10872211,25005.0,1744.1088997677,6.99939135727328,9168,9826,686,0,9140,9811,564022,32,4,0,28,15
2020-09-23,US,Massachusetts,Dukes and Nantucket,151,1,0,41.40674725,-70.68763497,0.0,525.5647210330304,0.6622516556291391,150,150,1,0,149,150,26707,1,0,0,1,0
2020-09-23,US,Massachusetts,Essex,19305,1273,0,42.6687626,-70.94687179,25009.0,2446.662627972939,6.5941465941465935,18032,19120,1271,0,17849,19086,790638,185,2,0,183,34
2020-09-23,US,Massachusetts,Franklin,404,67,0,42.58119713,-72.58602547,25011.0,575.6625819321744,16.584158415841586,337,404,67,0,337,403,70963,0,0,0,0,1
2020-09-23,US,Massachusetts,Hampden,8075,773,0,42.13440424,-72.63235561,25013.0,1731.4504301287384,9.572755417956657,7302,8025,773,0,7252,8011,470406,50,0,0,50,14
2020-09-23,US,Massachusetts,Hampshire,1208,142,0,42.33997957,-72.65898478,25015.0,751.1036498165765,11.754966887417217,1066,1205,141,0,1064,1206,161355,3,1,0,2,-1
2020-09-23,US,Massachusetts,Middlesex,26943,2133,0,42.48607732,-71.39049229,25017.0,1671.7141352076287,7.916713060906358,24810,26820,2127,0,24693,26784,1614714,123,6,0,117,36
2020-09-23,US,Massachusetts,Norfolk,10107,1050,0,42.16073095,-71.20530408,25021.0,1430.0166248098758,10.388839418224993,9057,10080,1048,0,9032,10065,705388,27,2,0,25,15
2020-09-23,US,Massachusetts,Plymouth,9567,764,0,41.94070556,-70.80802823,25023.0,1835.564713872932,7.985784467440159,8803,9551,762,0,8789,9540,518132,16,2,0,14,11
2020-09-23,US,Massachusetts,Suffolk,23891,1131,0,42.327951399999996,-71.07850442,25025.0,2971.8611729963786,4.734000251140597,22760,23822,1131,0,22691,23798,807252,69,0,0,69,24
2020-09-23,US,Massachusetts,Unassigned,2416,5,0,0.0,0.0,90025.0,0.0,0.206953642384106,2411,2429,5,0,2424,2413,,-13,0,0,-13,16
2020-09-23,US,Massachusetts,Worcester,14159,1095,0,42.35026951,-71.90493363,25027.0,1704.6261717122836,7.733597005438237,13064,14119,1094,0,13025,14114,830839,40,1,0,39,5
2020-09-23,US,Michigan,Alcona,41,2,0,44.6846864,-83.59507875,26001.0,394.0413262854397,4.878048780487805,39,41,2,0,39,41,10362,0,0,0,0,0
2020-09-23,US,Michigan,Alger,19,0,0,46.41292944,-86.60260122,26003.0,208.60781730346955,0.0,19,17,0,0,17,17,9097,2,0,0,2,0
2020-09-23,US,Michigan,Allegan,743,7,0,42.59147037,-85.89102866,26005.0,629.2290885070418,0.9421265141318976,736,737,7,0,730,737,117327,6,0,0,6,0
2020-09-23,US,Michigan,Alpena,151,14,0,45.03477666,-83.62212411,26007.0,531.5965499031861,9.271523178807945,137,150,14,0,136,145,28360,1,0,0,1,5
2020-09-23,US,Michigan,Antrim,68,0,0,44.99690221,-85.15503082,26009.0,291.5451895043732,0.0,68,67,0,0,67,67,23365,1,0,0,1,0
2020-09-23,US,Michigan,Arenac,69,3,0,44.0636262,-83.89277559,26011.0,463.61620640999803,4.3478260869565215,66,68,3,0,65,69,15041,1,0,0,1,-1
2020-09-23,US,Michigan,Baraga,20,0,0,46.6720582,-88.36363591,26013.0,243.63503471799243,0.0,20,18,0,0,18,14,8320,2,0,0,2,4
2020-09-23,US,Michigan,Barry,283,3,0,42.59513984,-85.30834519,26015.0,459.7887896019497,1.060070671378092,280,283,3,0,280,282,61157,0,0,0,0,1
2020-09-23,US,Michigan,Bay,985,48,0,43.70639106,-83.98731479,26017.0,955.1422531660303,4.873096446700508,937,976,48,0,928,971,103923,9,0,0,9,5
2020-09-23,US,Michigan,Benzie,80,2,0,44.63899297,-86.01608482,26019.0,450.2983226387482,2.5,78,79,2,0,77,79,17753,1,0,0,1,0
2020-09-23,US,Michigan,Berrien,1832,74,0,41.95447397,-86.41313079999998,26021.0,1194.2555785164373,4.039301310043668,1758,1826,73,0,1753,1812,154141,6,1,0,5,14
2020-09-23,US,Michigan,Branch,594,5,0,41.91600556,-85.05929476,26023.0,1364.9837994347038,0.8417508417508418,589,587,5,0,582,576,43622,7,0,0,7,11
2020-09-23,US,Michigan,Calhoun,1265,45,0,42.24633834,-85.00493569,26025.0,942.9110234870565,3.5573122529644268,1220,1250,45,0,1205,1239,134487,15,0,0,15,11
2020-09-23,US,Michigan,Cass,547,16,0,41.91522292,-85.99405727,26027.0,1056.2496379400236,2.9250457038391224,531,537,16,0,521,533,51653,10,0,0,10,4
2020-09-23,US,Michigan,Charlevoix,101,3,0,45.37790017,-85.19614053,26029.0,386.3366866847722,2.9702970297029703,98,97,3,0,94,96,26244,4,0,0,4,1
2020-09-23,US,Michigan,Cheboygan,90,2,0,45.44787015,-84.50122149,26031.0,356.06899825921823,2.2222222222222223,88,89,2,0,87,89,25413,1,0,0,1,0
2020-09-23,US,Michigan,Chippewa,76,0,0,46.29552653,-84.54353449,26033.0,203.4860371094273,0.0,76,76,0,0,76,74,37517,0,0,0,0,2
2020-09-23,US,Michigan,Clare,112,4,0,43.98794227,-84.84819859999998,26035.0,361.87399030694667,3.571428571428572,108,111,4,0,107,111,30757,1,0,0,1,0
2020-09-23,US,Michigan,Clinton,658,13,0,42.94400871,-84.60145248,26037.0,826.6850932847542,1.975683890577508,645,648,13,0,635,633,79332,10,0,0,10,15
2020-09-23,US,Michigan,Crawford,123,5,0,44.68255561,-84.61006219,26039.0,876.7552926081688,4.0650406504065035,118,121,5,0,116,119,13901,2,0,0,2,2
2020-09-23,US,Michigan,Delta,327,7,0,45.90484910000001,-86.9080745,26041.0,913.8162307176393,2.1406727828746184,320,297,5,0,292,286,35857,30,2,0,28,11
2020-09-23,US,Michigan,Dickinson,114,2,0,46.00999672,-87.86961634,26043.0,451.68192083680015,1.7543859649122806,112,115,2,0,113,108,25383,-1,0,0,-1,7
2020-09-23,US,Michigan,Eaton,634,10,0,42.59599185,-84.83740035,26045.0,574.9628178619363,1.5772870662460567,624,624,10,0,614,618,109826,10,0,0,10,6
2020-09-23,US,Michigan,Emmet,156,4,0,45.52625509,-84.89083249,26047.0,466.8562023043543,2.5641025641025643,152,156,4,0,152,154,33308,0,0,0,0,2
2020-09-23,US,Michigan,Federal Correctional Institution (FCI),195,5,0,0.0,0.0,0.0,0.0,2.5641025641025643,190,195,5,0,190,195,,0,0,0,0,0
2020-09-23,US,Michigan,Genesee,4393,308,0,43.02244215,-83.70589709,26049.0,1082.5183027650667,7.011154108809468,4085,4369,308,0,4061,4334,406892,24,0,0,24,35
2020-09-23,US,Michigan,Gladwin,91,2,0,43.98901072,-84.38774817,26051.0,357.5779008998389,2.1978021978021984,89,91,2,0,89,91,25337,0,0,0,0,0
2020-09-23,US,Michigan,Gogebic,156,1,0,46.40862701,-89.69377193,26053.0,1116.2790697674418,0.6410256410256411,155,156,1,0,155,154,15096,0,0,0,0,2
2020-09-23,US,Michigan,Grand Traverse,467,7,0,44.69565625,-85.55585247,26055.0,501.67583361980064,1.4989293361884368,460,460,7,0,453,457,92573,7,0,0,7,3
2020-09-23,US,Michigan,Gratiot,262,15,0,43.29265605,-84.60505416,26057.0,643.5607084080467,5.7251908396946565,247,254,15,0,239,250,40599,8,0,0,8,4
2020-09-23,US,Michigan,Hillsdale,334,27,0,41.88753639,-84.59312019,26059.0,732.3758359828968,8.083832335329342,307,331,27,0,304,330,45749,3,0,0,3,1
2020-09-23,US,Michigan,Houghton,388,2,0,46.89988536,-88.68495385,26061.0,1087.3220490976348,0.5154639175257731,386,344,2,0,342,337,36219,44,0,0,44,7
2020-09-23,US,Michigan,Huron,219,5,0,43.83353985,-83.04078453,26063.0,706.8848649172072,2.2831050228310503,214,219,5,0,214,218,31166,0,0,0,0,1
2020-09-23,US,Michigan,Ingham,3362,47,0,42.59716886,-84.37472069,26065.0,1149.7712085251328,1.3979773944080904,3315,3297,47,0,3250,3242,292735,65,0,0,65,55
2020-09-23,US,Michigan,Ionia,350,7,0,42.94502238,-85.07413319,26067.0,540.9833531693896,2.0,343,352,7,0,345,349,64210,-2,0,0,-2,3
2020-09-23,US,Michigan,Iosco,209,12,0,44.35486835,-83.63484895,26069.0,831.7745851076533,5.741626794258371,197,205,12,0,193,204,25081,4,0,0,4,1
2020-09-23,US,Michigan,Iron,114,1,0,46.20974132,-88.53136251,26071.0,1030.1825411169348,0.8771929824561403,113,97,1,0,96,91,11117,17,0,0,17,6
2020-09-23,US,Michigan,Isabella,683,13,0,43.64060976,-84.84664923,26073.0,977.5017174261508,1.9033674963396776,670,674,13,0,661,672,70562,9,0,0,9,2
2020-09-23,US,Michigan,Jackson,1037,44,0,42.24807035,-84.42258681,26075.0,654.2173995331525,4.243008678881389,993,1026,44,0,982,998,158823,11,0,0,11,28
2020-09-23,US,Michigan,Kalamazoo,2707,92,0,42.24542231,-85.53038622,26077.0,1021.2550836395463,3.3985962319911343,2615,2661,91,0,2570,2616,264870,46,1,0,45,45
2020-09-23,US,Michigan,Kalkaska,82,4,0,44.68512729,-85.09085699,26079.0,454.5958531988025,4.878048780487805,78,82,4,0,78,81,17824,0,0,0,0,1
2020-09-23,US,Michigan,Kent,9594,174,0,43.03197711,-85.54934642,26081.0,1460.3739982190561,1.813633520950594,9420,9522,174,0,9348,9457,653786,72,0,0,72,65
2020-09-23,US,Michigan,Keweenaw,8,0,0,47.63197653,-88.41434263,26083.0,378.0718336483932,0.0,8,8,0,0,8,7,2113,0,0,0,0,1
2020-09-23,US,Michigan,Lake,32,0,0,43.99050893,-85.802173,26085.0,269.97384628364125,0.0,32,32,0,0,32,32,11881,0,0,0,0,0
2020-09-23,US,Michigan,Lapeer,593,36,0,43.09052506,-83.22153148,26087.0,676.8865501615168,6.070826306913997,557,588,36,0,552,587,88028,5,0,0,5,1
2020-09-23,US,Michigan,Leelanau,111,1,0,44.94430054,-85.80150326,26089.0,510.086852626258,0.9009009009009008,110,110,1,0,109,110,21764,1,0,0,1,0
2020-09-23,US,Michigan,Lenawee,787,17,0,41.89475156,-84.06603727,26091.0,799.3824339011287,2.16010165184244,770,786,18,0,768,787,98266,1,-1,0,2,-1
2020-09-23,US,Michigan,Livingston,1335,30,0,42.60302282,-83.91297209,26093.0,695.3306075679054,2.247191011235955,1305,1328,30,0,1298,1332,191224,7,0,0,7,-4
2020-09-23,US,Michigan,Luce,12,0,0,46.47227431,-85.54471223,26095.0,192.6472949109006,0.0,12,12,0,0,12,12,6283,0,0,0,0,0
2020-09-23,US,Michigan,Mackinac,57,0,0,46.07028979,-85.04980537,26097.0,527.8266506157978,0.0,57,54,0,0,54,54,10787,3,0,0,3,0
2020-09-23,US,Michigan,Macomb,14229,1015,0,42.69158356,-82.92752801,26099.0,1628.0841949169994,7.1333192775318,13214,14163,1013,0,13150,14121,874759,66,2,0,64,42
2020-09-23,US,Michigan,Manistee,71,2,0,44.33352407,-86.05626916,26101.0,289.11149116377555,2.8169014084507036,69,71,2,0,69,70,24528,0,0,0,0,1
2020-09-23,US,Michigan,Marquette,341,12,0,46.4338914,-87.64043701,26103.0,511.25204275926177,3.5190615835777126,329,333,12,0,321,328,66516,8,0,0,8,5
2020-09-23,US,Michigan,Mason,136,0,0,43.99509218,-86.24988902,26105.0,466.6483667307164,0.0,136,134,0,0,134,133,29100,2,0,0,2,1
2020-09-23,US,Michigan,Mecosta,195,3,0,43.64064262,-85.32463223,26107.0,448.7607299841208,1.5384615384615383,192,193,3,0,190,193,43545,2,0,0,2,0
2020-09-23,US,Michigan,Menominee,339,1,0,45.58038692,-87.55370409,26109.0,1488.147497805092,0.2949852507374631,338,328,1,0,327,324,22983,11,0,0,11,4
2020-09-23,US,Michigan,Michigan Department of Corrections (MDOC),5589,73,0,0.0,0.0,0.0,0.0,1.3061370549293254,5516,5588,73,0,5515,5588,,1,0,0,1,0
2020-09-23,US,Michigan,Midland,585,11,0,43.64330771,-84.38804374,26111.0,703.4970417047477,1.8803418803418803,574,579,11,0,568,570,83209,6,0,0,6,9
2020-09-23,US,Michigan,Missaukee,59,1,0,44.33772443,-85.09256478,26113.0,390.2632623362878,1.6949152542372878,58,59,1,0,58,59,15113,0,0,0,0,0
2020-09-23,US,Michigan,Monroe,1486,29,0,41.92734151,-83.53749864,26115.0,987.3754152823919,1.9515477792732168,1457,1476,28,0,1448,1471,150439,10,1,0,9,5
2020-09-23,US,Michigan,Montcalm,304,5,0,43.31082541,-85.15252824,26117.0,475.83270723766594,1.6447368421052633,299,300,5,0,295,294,63968,4,0,0,4,6
2020-09-23,US,Michigan,Montmorency,14,0,0,45.0275929,-84.12696227,26119.0,150.08576329331046,0.0,14,14,0,0,14,14,9265,0,0,0,0,0
2020-09-23,US,Michigan,Muskegon,1475,70,0,43.29123859,-86.15176712,26121.0,849.8208174412039,4.7457627118644075,1405,1469,69,0,1400,1456,173588,6,1,0,5,13
2020-09-23,US,Michigan,Newaygo,339,1,0,43.554373999999996,-85.80070107,26123.0,692.1192323397305,0.2949852507374631,338,333,1,0,332,328,48892,6,0,0,6,5
2020-09-23,US,Michigan,Oakland,20235,1196,0,42.66090111,-83.38595416,26125.0,1609.037646789399,5.910551025450952,19039,20178,1195,0,18983,20089,1259201,57,1,0,56,89
2020-09-23,US,Michigan,Oceana,514,6,0,43.64124435,-86.26726673,26127.0,1942.0410322288133,1.1673151750972763,508,514,6,0,508,514,26625,0,0,0,0,0
2020-09-23,US,Michigan,Ogemaw,65,5,0,44.33481032,-84.12725175,26129.0,309.5680335285993,7.6923076923076925,60,62,5,0,57,62,20952,3,0,0,3,0
2020-09-23,US,Michigan,Ontonagon,42,0,0,46.665226200000006,-89.31390481,26131.0,734.2657342657343,0.0,42,42,0,0,42,42,5795,0,0,0,0,0
2020-09-23,US,Michigan,Osceola,93,0,0,43.98992088,-85.32566756,26133.0,396.4194373401535,0.0,93,92,0,0,92,91,23341,1,0,0,1,1
2020-09-23,US,Michigan,Oscoda,30,1,0,44.68192279,-84.12939244,26135.0,364.0334910811795,3.333333333333333,29,30,1,0,29,30,8276,0,0,0,0,0
2020-09-23,US,Michigan,Otsego,172,11,0,45.02085831,-84.59898295,26137.0,697.259607588779,6.395348837209302,161,171,11,0,160,171,24665,1,0,0,1,0
2020-09-23,US,Michigan,Ottawa,3296,66,0,42.95996803,-85.9969107,26139.0,1129.4246650447178,2.0024271844660197,3230,3255,66,0,3189,3215,290494,41,0,0,41,40
2020-09-23,US,Michigan,Out of MI,206,3,0,0.0,0.0,80026.0,0.0,1.4563106796116505,203,203,2,0,201,229,,3,1,0,2,-26
2020-09-23,US,Michigan,Presque Isle,26,1,0,45.34018577,-83.91498656,26141.0,206.48030495552726,3.8461538461538463,25,26,1,0,25,26,12738,0,0,0,0,0
2020-09-23,US,Michigan,Roscommon,93,4,0,44.33473082,-84.61067651,26143.0,387.19347183479744,4.301075268817204,89,92,4,0,88,91,23884,1,0,0,1,1
2020-09-23,US,Michigan,Saginaw,2894,139,0,43.33433923,-84.05131209999998,26145.0,1518.8491594896582,4.803040774015204,2755,2882,139,0,2743,2876,190800,12,0,0,12,6
2020-09-23,US,Michigan,Sanilac,147,7,0,43.42406072,-82.82055898,26151.0,357.0561088170998,4.761904761904762,140,146,7,0,139,146,41182,1,0,0,1,0
2020-09-23,US,Michigan,Schoolcraft,24,0,0,46.19235734,-86.19972234,26153.0,296.5159377316532,0.0,24,21,0,0,21,21,8068,3,0,0,3,0
2020-09-23,US,Michigan,Shiawassee,499,31,0,42.95392800000001,-84.14585902,26155.0,732.5093215114059,6.212424849699398,468,499,31,0,468,496,68192,0,0,0,0,3
2020-09-23,US,Michigan,St. Clair,980,55,0,42.92655373,-82.67937954,26147.0,615.85641747524,5.612244897959183,925,978,53,0,925,980,159337,2,2,0,0,-2
2020-09-23,US,Michigan,St. Joseph,735,11,0,41.91441767,-85.52797979,26149.0,1205.6295518666755,1.4965986394557824,724,736,11,0,725,732,61043,-1,0,0,-1,4
2020-09-23,US,Michigan,Tuscola,497,31,0,43.46606813,-83.41897025,26157.0,951.2872045171788,6.237424547283702,466,495,31,0,464,493,52516,2,0,0,2,2
2020-09-23,US,Michigan,Unassigned,18,0,0,0.0,0.0,90026.0,0.0,0.0,18,6,0,0,6,29,,12,0,0,12,-23
2020-09-23,US,Michigan,Van Buren,744,17,0,42.25190229,-86.01939087,26159.0,983.1256524439392,2.28494623655914,727,743,17,0,726,744,75448,1,0,0,1,-1
2020-09-23,US,Michigan,Washtenaw,3419,115,0,42.253105,-83.83853204,26161.0,930.0845209887892,3.3635565954957585,3304,3382,115,0,3267,3347,370963,37,0,0,37,35
2020-09-23,US,Michigan,Wayne,34582,2968,0,42.28098405,-83.281255,26163.0,1976.8564541087715,8.582499566248337,31614,34421,2963,0,31458,34302,1753893,161,5,0,156,119
2020-09-23,US,Michigan,Wexford,120,4,0,44.33853602,-85.57712739,26165.0,356.8136540691624,3.333333333333333,116,120,4,0,116,120,33466,0,0,0,0,0
2020-09-23,US,Minnesota,Aitkin,74,1,0,46.60962049,-93.41168259999999,27001.0,465.81896009064593,1.351351351351351,73,76,1,0,75,73,15902,-2,0,0,-2,3
2020-09-23,US,Minnesota,Anoka,5870,132,0,45.27476015,-93.24604565,27003.0,1644.6216389621234,2.2487223168654173,5738,5836,132,0,5704,5801,353813,34,0,0,34,35
2020-09-23,US,Minnesota,Becker,257,2,0,46.93479392,-95.67158144,27005.0,746.5938471370886,0.7782101167315175,255,251,2,0,249,248,34371,6,0,0,6,3
2020-09-23,US,Minnesota,Beltrami,388,5,0,47.97373527,-94.93732139,27007.0,822.2429431211325,1.2886597938144329,383,380,5,0,375,379,46847,8,0,0,8,1
2020-09-23,US,Minnesota,Benton,522,3,0,45.69804958,-93.99514135,27009.0,1276.6269656875932,0.5747126436781609,519,517,3,0,514,515,40545,5,0,0,5,2
2020-09-23,US,Minnesota,Big Stone,73,0,0,45.42712824,-96.41403739,27011.0,1462.6327389300739,0.0,73,71,0,0,71,70,4989,2,0,0,2,1
2020-09-23,US,Minnesota,Blue Earth,1632,6,0,44.03554215,-94.06699781,27013.0,2412.3098753935524,0.36764705882352944,1626,1616,6,0,1610,1611,67427,16,0,0,16,5
2020-09-23,US,Minnesota,Brown,182,2,0,44.24205652,-94.72562874,27015.0,727.7671145233528,1.0989010989010992,180,181,2,0,179,180,25111,1,0,0,1,1
2020-09-23,US,Minnesota,Carlton,246,1,0,46.59180601,-92.67601019,27017.0,685.7907501881742,0.4065040650406504,245,246,1,0,245,245,35837,0,0,0,0,1
2020-09-23,US,Minnesota,Carver,1375,7,0,44.82017001,-93.80099179999999,27019.0,1308.4147722406724,0.509090909090909,1368,1365,7,0,1358,1360,103551,10,0,0,10,5
2020-09-23,US,Minnesota,Cass,142,3,0,46.95043611,-94.32603968,27021.0,476.8460996003896,2.112676056338028,139,134,3,0,131,131,29519,8,0,0,8,3
2020-09-23,US,Minnesota,Chippewa,203,1,0,45.02343421,-95.56403693,27023.0,1720.3389830508474,0.4926108374384237,202,198,1,0,197,197,11924,5,0,0,5,1
2020-09-23,US,Minnesota,Chisago,466,1,0,45.5021011,-92.90861945,27025.0,823.627140811962,0.2145922746781116,465,462,1,0,461,458,55922,4,0,0,4,4
2020-09-23,US,Minnesota,Clay,1316,40,0,46.89289518,-96.48761922,27027.0,2049.1420385537667,3.0395136778115504,1276,1288,40,0,1248,1281,63955,28,0,0,28,7
2020-09-23,US,Minnesota,Clearwater,26,0,0,47.57992111,-95.37790562,27029.0,294.85144023588117,0.0,26,26,0,0,26,26,8810,0,0,0,0,0
2020-09-23,US,Minnesota,Cook,6,0,0,47.90504893,-90.52629546,27031.0,109.82976386600771,0.0,6,6,0,0,6,6,5393,0,0,0,0,0
2020-09-23,US,Minnesota,Cottonwood,219,0,0,44.00715262,-95.18138802,27033.0,1956.0557341907825,0.0,219,219,0,0,219,219,11277,0,0,0,0,0
2020-09-23,US,Minnesota,Crow Wing,464,18,0,46.48096553,-94.06755609,27035.0,713.2426408423642,3.8793103448275854,446,444,18,0,426,439,64889,20,0,0,20,5
2020-09-23,US,Minnesota,Dakota,7280,125,0,44.67172617,-93.06299363,27037.0,1696.8866325890808,1.717032967032967,7155,7250,125,0,7125,7216,425423,30,0,0,30,34
2020-09-23,US,Minnesota,Dodge,214,0,0,44.02238415,-92.86244324,27039.0,1022.2604375656827,0.0,214,209,0,0,209,202,20822,5,0,0,5,7
2020-09-23,US,Minnesota,Douglas,278,2,0,45.93348491,-95.45335469,27041.0,728.8744395794553,0.7194244604316546,276,267,2,0,265,262,37964,11,0,0,11,5
2020-09-23,US,Minnesota,Faribault,132,0,0,43.67381499,-93.94787458,27043.0,966.820479015601,0.0,132,133,0,0,133,132,13758,-1,0,0,-1,1
2020-09-23,US,Minnesota,Fillmore,111,0,0,43.67394126,-92.08980382,27045.0,526.8903973038401,0.0,111,110,0,0,110,111,21058,1,0,0,1,-1
2020-09-23,US,Minnesota,Freeborn,529,3,0,43.67385583,-93.34884422,27047.0,1746.970047224332,0.5671077504725898,526,526,3,0,523,522,30444,3,0,0,3,4
2020-09-23,US,Minnesota,Goodhue,344,9,0,44.40849741,-92.72341949999999,27049.0,742.3392317652136,2.6162790697674416,335,340,9,0,331,332,46403,4,0,0,4,8
2020-09-23,US,Minnesota,Grant,59,4,0,45.93424769,-96.01139609,27051.0,987.9437374413933,6.779661016949151,55,59,4,0,55,59,6021,0,0,0,0,0
2020-09-23,US,Minnesota,Hennepin,26264,926,0,45.00761521,-93.47694895,27053.0,2074.8228650788446,3.525738653670424,25338,26147,923,0,25224,26054,1259428,117,3,0,114,93
2020-09-23,US,Minnesota,Houston,117,0,0,43.67129565,-91.49143057,27055.0,629.0322580645161,0.0,117,115,0,0,115,114,18578,2,0,0,2,1
2020-09-23,US,Minnesota,Hubbard,88,1,0,47.10778564,-94.91693868,27057.0,409.4737331906379,1.1363636363636365,87,85,1,0,84,83,21332,3,0,0,3,2
2020-09-23,US,Minnesota,Isanti,271,0,0,45.56181234,-93.29487636,27059.0,667.553453542221,0.0,271,268,0,0,268,265,39966,3,0,0,3,3
2020-09-23,US,Minnesota,Itasca,299,14,0,47.51009045,-93.63092229,27061.0,662.5304675382229,4.682274247491638,285,289,13,0,276,282,45108,10,1,0,9,7
2020-09-23,US,Minnesota,Jackson,137,1,0,43.67423373,-95.15398258,27063.0,1391.4279910623604,0.7299270072992701,136,136,1,0,135,134,9911,1,0,0,1,2
2020-09-23,US,Minnesota,Kanabec,116,8,0,45.9459309,-93.29275192,27065.0,710.0446838464833,6.896551724137932,108,114,8,0,106,109,16207,2,0,0,2,5
2020-09-23,US,Minnesota,Kandiyohi,955,2,0,45.1526059,-95.00586446,27067.0,2210.699321743559,0.2094240837696335,953,936,2,0,934,933,42855,19,0,0,19,3
2020-09-23,US,Minnesota,Kittson,12,0,0,48.77754106,-96.78317184,27069.0,279.1996277338297,0.0,12,12,0,0,12,12,4248,0,0,0,0,0
2020-09-23,US,Minnesota,Koochiching,117,3,0,48.24539665,-93.78352843,27071.0,956.7421702510426,2.5641025641025643,114,110,3,0,107,111,12440,7,0,0,7,-1
2020-09-23,US,Minnesota,Lac qui Parle,47,1,0,44.9973857,-96.17488219,27073.0,709.6481956817153,2.127659574468085,46,47,1,0,46,47,6658,0,0,0,0,0
2020-09-23,US,Minnesota,Lake,57,0,0,47.64270764,-91.44557998,27075.0,535.6639413588948,0.0,57,56,0,0,56,57,10658,1,0,0,1,-1
2020-09-23,US,Minnesota,Lake of the Woods,21,1,0,48.77217001,-94.90274472,27077.0,561.4973262032087,4.761904761904762,20,21,1,0,20,21,3758,0,0,0,0,0
2020-09-23,US,Minnesota,Le Sueur,446,4,0,44.37136597,-93.72844721,27079.0,1543.9471042337384,0.8968609865470852,442,446,4,0,442,445,28494,0,0,0,0,1
2020-09-23,US,Minnesota,Lincoln,105,0,0,44.41311883,-96.26688165,27081.0,1862.032275226104,0.0,105,103,0,0,103,102,5673,2,0,0,2,1
2020-09-23,US,Minnesota,Lyon,661,4,0,44.41327865,-95.83806103,27083.0,2594.8025437701185,0.6051437216338881,657,655,4,0,651,652,25629,6,0,0,6,3
2020-09-23,US,Minnesota,Mahnomen,46,1,0,47.32557075,-95.80921485,27087.0,832.2779084494299,2.1739130434782608,45,46,1,0,45,46,5519,0,0,0,0,0
2020-09-23,US,Minnesota,Marshall,50,1,0,48.35825983,-96.37017407,27089.0,535.5612682090831,2.0,49,50,1,0,49,50,9390,0,0,0,0,0
2020-09-23,US,Minnesota,Martin,357,10,0,43.67429718,-94.55099908,27091.0,1813.7479042828838,2.8011204481792715,347,343,10,0,333,329,19785,14,0,0,14,14
2020-09-23,US,Minnesota,McLeod,470,2,0,44.82367677,-94.27287017,27085.0,1309.4475245869673,0.425531914893617,468,461,2,0,459,452,35873,9,0,0,9,9
2020-09-23,US,Minnesota,Meeker,189,2,0,45.12328869,-94.52839455,27093.0,813.8833864438893,1.058201058201058,187,187,2,0,185,183,23141,2,0,0,2,4
2020-09-23,US,Minnesota,Mille Lacs,153,3,0,45.93705297,-93.63236823,27095.0,582.2582486585227,1.96078431372549,150,152,3,0,149,150,26139,1,0,0,1,2
2020-09-23,US,Minnesota,Morrison,216,1,0,46.01265363,-94.27341528,27097.0,646.9777751153179,0.462962962962963,215,213,1,0,212,208,33169,3,0,0,3,5
2020-09-23,US,Minnesota,Mower,1308,5,0,43.67142874,-92.75234549,27099.0,3264.939344016774,0.382262996941896,1303,1301,5,0,1296,1293,40011,7,0,0,7,8
2020-09-23,US,Minnesota,Murray,156,2,0,44.02216709,-95.76328482,27101.0,1903.8320722479864,1.2820512820512822,154,155,2,0,153,157,8276,1,0,0,1,-2
2020-09-23,US,Minnesota,Nicollet,515,16,0,44.35291112,-94.24710352,27103.0,1502.5967205461866,3.1067961165048543,499,513,16,0,497,504,34220,2,0,0,2,9
2020-09-23,US,Minnesota,Nobles,1943,16,0,43.67434621,-95.75329576,27105.0,8983.309445651672,0.8234688625836336,1927,1938,16,0,1922,1936,21924,5,0,0,5,2
2020-09-23,US,Minnesota,Norman,52,0,0,47.32628443,-96.45620947,27107.0,815.686274509804,0.0,52,52,0,0,52,52,6475,0,0,0,0,0
2020-09-23,US,Minnesota,Olmsted,2346,27,0,44.00374114,-92.40209944,27109.0,1482.0617462553619,1.1508951406649617,2319,2329,27,0,2302,2319,156277,17,0,0,17,10
2020-09-23,US,Minnesota,Otter Tail,407,4,0,46.40846929,-95.70835255,27111.0,692.8131277023116,0.9828009828009828,403,402,4,0,398,400,58812,5,0,0,5,2
2020-09-23,US,Minnesota,Pennington,115,1,0,48.06642577,-96.0370814,27113.0,814.5052765776613,0.8695652173913043,114,113,1,0,112,112,14178,2,0,0,2,1
2020-09-23,US,Minnesota,Pine,307,0,0,46.12105238,-92.74070188,27115.0,1037.898509077386,0.0,307,287,0,0,287,284,29483,20,0,0,20,3
2020-09-23,US,Minnesota,Pipestone,216,10,0,44.02301619,-96.25841142,27117.0,2366.863905325444,4.62962962962963,206,215,10,0,205,215,9047,1,0,0,1,0
2020-09-23,US,Minnesota,Polk,294,4,0,47.77372465,-96.40134647,27119.0,937.380436168856,1.3605442176870748,290,277,4,0,273,275,31529,17,0,0,17,2
2020-09-23,US,Minnesota,Pope,90,0,0,45.58606667,-95.44451209,27121.0,800.0711174326607,0.0,90,89,0,0,89,89,11097,1,0,0,1,0
2020-09-23,US,Minnesota,Ramsey,10635,318,0,45.01625271,-93.09872295,27123.0,1932.508481413575,2.9901269393511987,10317,10595,318,0,10277,10572,550210,40,0,0,40,23
2020-09-23,US,Minnesota,Red Lake,40,1,0,47.87197525,-96.09561104,27125.0,986.4364981504317,2.5,39,38,1,0,37,39,3999,2,0,0,2,-1
2020-09-23,US,Minnesota,Redwood,151,1,0,44.40555844,-95.25207021,27127.0,995.385629531971,0.6622516556291391,150,144,1,0,143,142,15249,7,0,0,7,2
2020-09-23,US,Minnesota,Renville,136,7,0,44.72836381,-94.94553734,27129.0,934.8364036293648,5.147058823529412,129,136,7,0,129,136,14612,0,0,0,0,0
2020-09-23,US,Minnesota,Rice,1311,8,0,44.3543376,-93.29658715,27131.0,1957.5344920265186,0.6102212051868803,1303,1309,8,0,1301,1308,66523,2,0,0,2,1
2020-09-23,US,Minnesota,Rock,162,0,0,43.67482683,-96.25296832,27133.0,1739.1304347826087,0.0,162,159,0,0,159,155,9414,3,0,0,3,4
2020-09-23,US,Minnesota,Roseau,117,0,0,48.77501878,-95.81079919,27135.0,771.5133531157269,0.0,117,117,0,0,117,117,15150,0,0,0,0,0
2020-09-23,US,Minnesota,Scott,2487,33,0,44.6490231,-93.53340251,27139.0,1668.9819009079745,1.3268998793727382,2454,2473,33,0,2440,2458,147381,14,0,0,14,15
2020-09-23,US,Minnesota,Sherburne,1114,14,0,45.44447208,-93.77617511,27141.0,1145.6426499928011,1.2567324955116697,1100,1109,14,0,1095,1104,96036,5,0,0,5,5
2020-09-23,US,Minnesota,Sibley,189,3,0,44.5796592,-94.23164924,27143.0,1271.4429868819375,1.5873015873015872,186,187,3,0,184,184,15028,2,0,0,2,3
2020-09-23,US,Minnesota,St. Louis,1451,38,0,47.604840700000004,-92.46879855,27137.0,728.8893354096547,2.6188835286009646,1413,1419,36,0,1383,1400,199754,32,2,0,30,19
2020-09-23,US,Minnesota,Stearns,3865,24,0,45.55192576,-94.61078221,27145.0,2399.5033369548346,0.6209573091849935,3841,3833,24,0,3809,3812,159256,32,0,0,32,21
2020-09-23,US,Minnesota,Steele,530,2,0,44.02240351,-93.22627088,27147.0,1446.1513274577746,0.37735849056603776,528,526,2,0,524,522,36803,4,0,0,4,4
2020-09-23,US,Minnesota,Stevens,94,1,0,45.58613007,-96.00163705,27149.0,958.694543600204,1.0638297872340423,93,93,1,0,92,93,9753,1,0,0,1,0
2020-09-23,US,Minnesota,Swift,123,1,0,45.2829032,-95.68264092,27151.0,1327.4336283185844,0.8130081300813008,122,123,1,0,122,123,9345,0,0,0,0,0
2020-09-23,US,Minnesota,Todd,483,2,0,46.06996226,-94.89785296,27153.0,1958.3198183587413,0.4140786749482402,481,481,2,0,479,479,24582,2,0,0,2,2
2020-09-23,US,Minnesota,Traverse,29,0,0,45.77298854,-96.47062949,27155.0,889.8435102792267,0.0,29,30,0,0,30,30,3308,-1,0,0,-1,0
2020-09-23,US,Minnesota,Unassigned,218,52,0,0.0,0.0,90027.0,0.0,23.85321100917432,166,220,52,0,168,212,,-2,0,0,-2,8
2020-09-23,US,Minnesota,Wabasha,180,0,0,44.28424356,-92.23121312,27157.0,832.2929671244278,0.0,180,181,0,0,181,180,21645,-1,0,0,-1,1
2020-09-23,US,Minnesota,Wadena,67,0,0,46.58589171,-94.96968506,27159.0,489.6944891097793,0.0,67,67,0,0,67,67,13773,0,0,0,0,0
2020-09-23,US,Minnesota,Waseca,566,8,0,44.02211116,-93.58720034,27161.0,3041.0487857296366,1.413427561837456,558,550,8,0,542,533,18691,16,0,0,16,17
2020-09-23,US,Minnesota,Washington,3652,55,0,45.03864533,-92.88429635,27163.0,1391.5561652187164,1.5060240963855422,3597,3627,55,0,3572,3610,259201,25,0,0,25,17
2020-09-23,US,Minnesota,Watonwan,514,4,0,43.97823903,-94.61413846,27165.0,4716.894558135266,0.7782101167315175,510,511,4,0,507,506,10980,3,0,0,3,5
2020-09-23,US,Minnesota,Wilkin,58,3,0,46.35721532,-96.4684375,27167.0,934.428870629934,5.172413793103448,55,57,3,0,54,56,6254,1,0,0,1,1
2020-09-23,US,Minnesota,Winona,855,18,0,43.98772283,-91.78081305,27169.0,1693.6058949370097,2.1052631578947367,837,853,18,0,835,852,50825,2,0,0,2,1
2020-09-23,US,Minnesota,Wright,1553,7,0,45.17297924,-93.96234781,27171.0,1122.2963353736532,0.4507405022537025,1546,1549,7,0,1542,1540,136349,4,0,0,4,9
2020-09-23,US,Minnesota,Yellow Medicine,169,2,0,44.71710183,-95.86842453,27173.0,1740.6530023689359,1.183431952662722,167,162,2,0,160,162,9795,7,0,0,7,0
2020-09-23,US,Mississippi,Adams,926,37,0,31.47669768,-91.35326037,28001.0,3016.9745544586713,3.9956803455723535,889,922,36,0,886,921,31192,4,1,0,3,1
2020-09-23,US,Mississippi,Alcorn,786,11,0,34.88084463,-88.57996173,28003.0,2127.02622249885,1.3994910941475829,775,776,11,0,765,775,36925,10,0,0,10,1
2020-09-23,US,Mississippi,Amite,321,10,0,31.17467303,-90.80501621,28005.0,2610.392778726519,3.115264797507788,311,314,10,0,304,311,12326,7,0,0,7,3
2020-09-23,US,Mississippi,Attala,653,25,0,33.08658803,-89.57838564,28007.0,3593.045009354022,3.8284839203675354,628,643,25,0,618,641,18365,10,0,0,10,2
2020-09-23,US,Mississippi,Benton,223,2,0,34.81681228,-89.18945516,28009.0,2700.084756023732,0.8968609865470852,221,223,2,0,221,220,8271,0,0,0,0,3
2020-09-23,US,Mississippi,Bolivar,1813,66,0,33.79696941,-90.87372121,28011.0,5919.420138435417,3.6403750689464975,1747,1797,65,0,1732,1795,31333,16,1,0,15,2
2020-09-23,US,Mississippi,Calhoun,508,12,0,33.93683395,-89.33686647,28013.0,3537.3581226934057,2.3622047244094486,496,507,12,0,495,506,14436,1,0,0,1,1
2020-09-23,US,Mississippi,Carroll,314,12,0,33.44834567,-89.91994479,28015.0,3156.730672564592,3.8216560509554136,302,314,12,0,302,312,9911,0,0,0,0,2
2020-09-23,US,Mississippi,Chickasaw,667,24,0,33.91983202,-88.9481545,28017.0,3899.900602233526,3.5982008995502253,643,662,24,0,638,656,17171,5,0,0,5,6
2020-09-23,US,Mississippi,Choctaw,181,6,0,33.34598242,-89.24809382,28019.0,2204.62850182704,3.3149171270718236,175,180,6,0,174,179,8278,1,0,0,1,1
2020-09-23,US,Mississippi,Claiborne,459,16,0,31.97061673,-90.90702196,28021.0,5106.8090787716965,3.4858387799564268,443,456,16,0,440,452,9002,3,0,0,3,4
2020-09-23,US,Mississippi,Clarke,570,45,0,32.04158545,-88.68896219999998,28023.0,3667.7176500868673,7.894736842105262,525,563,42,0,521,537,15604,7,3,0,4,26
2020-09-23,US,Mississippi,Clay,585,18,0,33.65358105,-88.77784255,28025.0,3028.5773452060466,3.0769230769230766,567,582,17,0,565,581,19386,3,1,0,2,1
2020-09-23,US,Mississippi,Coahoma,1144,28,0,34.22772299,-90.60415045,28027.0,5170.855179895137,2.4475524475524475,1116,1136,27,0,1109,1128,22628,8,1,0,7,8
2020-09-23,US,Mississippi,Copiah,1166,33,0,31.86977774,-90.44565118,28029.0,4154.6410119365755,2.830188679245283,1133,1164,33,0,1131,1163,28543,2,0,0,2,1
2020-09-23,US,Mississippi,Covington,813,22,0,31.63225413,-89.55389939,28031.0,4362.5241468126205,2.7060270602706034,791,808,22,0,786,809,18853,5,0,0,5,-1
2020-09-23,US,Mississippi,DeSoto,5477,59,0,34.87625235,-89.99091418,28033.0,2961.4209629889965,1.077232061347453,5418,5448,59,0,5389,5425,182001,29,0,0,29,23
2020-09-23,US,Mississippi,Forrest,2425,71,0,31.18961454,-89.25832496,28035.0,3237.779884374541,2.927835051546392,2354,2409,71,0,2338,2395,75036,16,0,0,16,14
2020-09-23,US,Mississippi,Franklin,192,3,0,31.47786634,-90.89672989,28037.0,2489.3037728510308,1.5625,189,191,3,0,188,189,7788,1,0,0,1,2
2020-09-23,US,Mississippi,George,759,13,0,30.86259065,-88.64436789,28039.0,3097.9591836734694,1.7127799736495388,746,755,13,0,742,751,24250,4,0,0,4,4
2020-09-23,US,Mississippi,Greene,359,17,0,31.21444233,-88.63922281,28041.0,2642.4260267922864,4.735376044568246,342,354,17,0,337,346,13586,5,0,0,5,8
2020-09-23,US,Mississippi,Grenada,1072,36,0,33.77036166,-89.80245083,28043.0,5164.274014837653,3.3582089552238807,1036,1068,35,0,1033,1062,21055,4,1,0,3,6
2020-09-23,US,Mississippi,Hancock,572,21,0,30.41830223,-89.48851033,28045.0,1200.8733624454148,3.6713286713286712,551,569,21,0,548,564,47334,3,0,0,3,5
2020-09-23,US,Mississippi,Harrison,3805,73,0,30.51359752,-89.12467576,28047.0,1828.6236063052672,1.9185282522996057,3732,3780,73,0,3707,3743,206650,25,0,0,25,37
2020-09-23,US,Mississippi,Hinds,7032,159,0,32.2656285,-90.44435448,28049.0,3033.1262939958588,2.2610921501706485,6873,7017,157,0,6860,6979,237085,15,2,0,13,38
2020-09-23,US,Mississippi,Holmes,1095,58,0,33.12345854,-90.08923538,28051.0,6437.389770723104,5.296803652968038,1037,1094,58,0,1036,1092,17622,1,0,0,1,2
2020-09-23,US,Mississippi,Humphreys,375,15,0,33.12825718,-90.52252707,28053.0,4650.297619047619,4.0,360,374,15,0,359,373,8257,1,0,0,1,1
2020-09-23,US,Mississippi,Issaquena,104,3,0,32.72531359,-90.97392828,28055.0,7837.226827430294,2.8846153846153846,101,103,3,0,100,103,1308,1,0,0,1,0
2020-09-23,US,Mississippi,Itawamba,787,21,0,34.27993475,-88.3606733,28057.0,3364.685763146644,2.6683608640406606,766,780,21,0,759,770,23517,7,0,0,7,10
2020-09-23,US,Mississippi,Jackson,3430,69,0,30.54020656,-88.64184064,28059.0,2388.2966501180217,2.0116618075801753,3361,3418,69,0,3349,3399,143277,12,0,0,12,19
2020-09-23,US,Mississippi,Jasper,562,15,0,32.01922104,-89.11786866,28061.0,3430.385155343954,2.6690391459074734,547,559,15,0,544,555,16428,3,0,0,3,4
2020-09-23,US,Mississippi,Jefferson,244,9,0,31.73397872,-91.03764977,28063.0,3490.701001430615,3.6885245901639343,235,243,9,0,234,243,7106,1,0,0,1,0
2020-09-23,US,Mississippi,Jefferson Davis,335,11,0,31.56884708,-89.82670990000004,28065.0,3010.4241552839685,3.2835820895522385,324,329,11,0,318,328,11234,6,0,0,6,1
2020-09-23,US,Mississippi,Jones,2452,79,0,31.62257767,-89.16896899999998,28067.0,3600.6931187406385,3.221859706362153,2373,2438,78,0,2360,2427,68461,14,1,0,13,11
2020-09-23,US,Mississippi,Kemper,288,15,0,32.75462946,-88.64105766,28069.0,2956.271812769452,5.208333333333333,273,286,15,0,271,286,10027,2,0,0,2,0
2020-09-23,US,Mississippi,Lafayette,2137,39,0,34.35687874,-89.48490961,28071.0,3956.0154760362093,1.8249883013570425,2098,2116,39,0,2077,2092,54793,21,0,0,21,24
2020-09-23,US,Mississippi,Lamar,1655,34,0,31.20572971,-89.5077704,28073.0,2612.759105189208,2.054380664652568,1621,1639,34,0,1605,1635,62447,16,0,0,16,4
2020-09-23,US,Mississippi,Lauderdale,2038,125,0,32.40419769,-88.66229662,28075.0,2749.409780775717,6.133464180569185,1913,2015,124,0,1891,2007,75317,23,1,0,22,8
2020-09-23,US,Mississippi,Lawrence,429,12,0,31.55147224,-90.10841127,28077.0,3408.5491816303834,2.797202797202797,417,427,12,0,415,425,12455,2,0,0,2,2
2020-09-23,US,Mississippi,Leake,946,38,0,32.7536828,-89.52402044,28079.0,4151.672079346968,4.016913319238901,908,941,38,0,903,940,22763,5,0,0,5,1
2020-09-23,US,Mississippi,Lee,2654,68,0,34.291877500000005,-88.68149954,28081.0,3106.4188398333254,2.5621703089675956,2586,2633,68,0,2565,2610,85202,21,0,0,21,23
2020-09-23,US,Mississippi,Leflore,1383,81,0,33.55545125,-90.29900733,28083.0,4907.213568463258,5.856832971800434,1302,1377,81,0,1296,1370,28919,6,0,0,6,7
2020-09-23,US,Mississippi,Lincoln,1075,53,0,31.53288662,-90.45391915,28085.0,3147.6005036160805,4.930232558139535,1022,1073,53,0,1020,1068,34205,2,0,0,2,5
2020-09-23,US,Mississippi,Lowndes,1449,58,0,33.47386518,-88.44191529999998,28087.0,2472.9072446454475,4.002760524499655,1391,1412,57,0,1355,1403,58930,37,1,0,36,9
2020-09-23,US,Mississippi,Madison,3233,86,0,32.63389156,-90.03513564,28089.0,3042.193616380608,2.660068048252397,3147,3218,86,0,3132,3212,105630,15,0,0,15,6
2020-09-23,US,Mississippi,Marion,845,35,0,31.23132643,-89.8209217,28091.0,3438.7335693647497,4.142011834319527,810,842,34,0,808,841,24715,3,1,0,2,1
2020-09-23,US,Mississippi,Marshall,1085,16,0,34.76216286,-89.50299462,28093.0,3074.1769139230464,1.4746543778801844,1069,1080,15,0,1065,1076,35451,5,1,0,4,4
2020-09-23,US,Mississippi,Monroe,1207,68,0,33.89236763,-88.4808438,28095.0,3423.919210257574,5.633802816901407,1139,1199,66,0,1133,1189,35564,8,2,0,6,10
2020-09-23,US,Mississippi,Montgomery,458,20,0,33.49419589,-89.61729103,28097.0,4685.42199488491,4.366812227074236,438,458,21,0,437,455,10023,0,-1,0,1,3
2020-09-23,US,Mississippi,Neshoba,1556,104,0,32.75339664,-89.11726492,28099.0,5343.773610824919,6.683804627249358,1452,1548,104,0,1444,1540,29125,8,0,0,8,8
2020-09-23,US,Mississippi,Newton,767,23,0,32.40021118,-89.11843336,28101.0,3649.2530212199067,2.9986962190352022,744,761,23,0,738,759,21443,6,0,0,6,2
2020-09-23,US,Mississippi,Noxubee,546,16,0,33.11009499,-88.56949061,28103.0,5241.432274167227,2.93040293040293,530,545,15,0,530,543,10535,1,1,0,0,2
2020-09-23,US,Mississippi,Oktibbeha,1763,50,0,33.42491685,-88.87905132,28105.0,3555.3673341803296,2.8360748723766314,1713,1759,50,0,1709,1754,49599,4,0,0,4,5
2020-09-23,US,Mississippi,Panola,1455,27,0,34.36398677,-89.95064249,28107.0,4255.381375760412,1.855670103092784,1428,1449,27,0,1422,1445,34178,6,0,0,6,4
2020-09-23,US,Mississippi,Pearl River,870,53,0,30.77090935,-89.58677275,28109.0,1566.579634464752,6.091954022988506,817,869,52,0,817,867,55387,1,1,0,0,2
2020-09-23,US,Mississippi,Perry,416,18,0,31.17161885,-88.99281835,28111.0,3474.484256243214,4.326923076923077,398,413,18,0,395,409,11931,3,0,0,3,4
2020-09-23,US,Mississippi,Pike,1224,50,0,31.17507789,-90.40392572,28113.0,3115.455100794136,4.084967320261438,1174,1217,49,0,1168,1213,39563,7,1,0,6,4
2020-09-23,US,Mississippi,Pontotoc,1249,16,0,34.226046000000004,-89.03636807,28115.0,3882.0165350904467,1.281024819855885,1233,1241,16,0,1225,1236,31833,8,0,0,8,5
2020-09-23,US,Mississippi,Prentiss,834,17,0,34.61810501,-88.51986294,28117.0,3319.270874791053,2.0383693045563547,817,826,17,0,809,815,25315,8,0,0,8,11
2020-09-23,US,Mississippi,Quitman,373,5,0,34.25157572,-90.28908,28119.0,5491.755005889281,1.3404825737265416,368,375,5,0,370,375,7051,-2,0,0,-2,0
2020-09-23,US,Mississippi,Rankin,3225,77,0,32.26469147,-89.94537876,28121.0,2077.013737272253,2.387596899224806,3148,3202,76,0,3126,3193,153902,23,1,0,22,9
2020-09-23,US,Mississippi,Scott,1171,26,0,32.406704100000006,-89.53789439,28123.0,4163.703598350165,2.2203245089666948,1145,1168,25,0,1143,1164,28287,3,1,0,2,4
2020-09-23,US,Mississippi,Sharkey,265,13,0,32.88149103,-90.81595379999999,28125.0,6132.839620458228,4.90566037735849,252,263,13,0,250,263,4377,2,0,0,2,0
2020-09-23,US,Mississippi,Simpson,1018,44,0,31.91282117,-89.91716179,28127.0,3818.741090854528,4.322200392927308,974,1015,44,0,971,1014,26758,3,0,0,3,1
2020-09-23,US,Mississippi,Smith,529,14,0,32.01744532,-89.50644846,28129.0,3323.699421965318,2.6465028355387523,515,526,14,0,512,524,16002,3,0,0,3,2
2020-09-23,US,Mississippi,Stone,365,12,0,30.79187949,-89.11547539,28131.0,1990.6195462478186,3.287671232876712,353,360,12,0,348,357,18717,5,0,0,5,3
2020-09-23,US,Mississippi,Sunflower,1439,46,0,33.60192578,-90.58882684,28133.0,5730.784547988849,3.1966643502432244,1393,1429,45,0,1384,1421,25735,10,1,0,9,8
2020-09-23,US,Mississippi,Tallahatchie,764,21,0,33.95339918,-90.1729398,28135.0,5532.623651241945,2.74869109947644,743,762,21,0,741,757,13987,2,0,0,2,5
2020-09-23,US,Mississippi,Tate,962,37,0,34.65133709,-89.94485778,28137.0,3396.772712827937,3.8461538461538463,925,958,37,0,921,955,28759,4,0,0,4,3
2020-09-23,US,Mississippi,Tippah,654,17,0,34.76872156,-88.90988194,28139.0,2970.701794231206,2.599388379204893,637,650,17,0,633,645,21995,4,0,0,4,5
2020-09-23,US,Mississippi,Tishomingo,667,38,0,34.74023475,-88.23917219,28141.0,3441.159779187948,5.697151424287857,629,665,37,0,628,661,19454,2,1,0,1,4
2020-09-23,US,Mississippi,Tunica,482,13,0,34.64967704,-90.37481167,28143.0,5004.152823920266,2.6970954356846475,469,481,13,0,468,481,9944,1,0,0,1,0
2020-09-23,US,Mississippi,Union,988,24,0,34.49162015,-89.00776006,28145.0,3428.769737983689,2.42914979757085,964,983,24,0,959,978,28606,5,0,0,5,5
2020-09-23,US,Mississippi,Walthall,595,25,0,31.14971548,-90.10446654,28147.0,4164.916701665967,4.201680672268908,570,595,25,0,570,594,14465,0,0,0,0,1
2020-09-23,US,Mississippi,Warren,1384,50,0,32.35810271,-90.83352619,28149.0,3049.734470373064,3.61271676300578,1334,1382,50,0,1332,1381,46176,2,0,0,2,1
2020-09-23,US,Mississippi,Washington,2197,72,0,33.28392041,-90.94196237,28151.0,5003.53002801248,3.2771961766044617,2125,2186,71,0,2115,2181,45063,11,1,0,10,5
2020-09-23,US,Mississippi,Wayne,888,21,0,31.64135687,-88.69573913,28153.0,4399.74235742952,2.3648648648648654,867,877,21,0,856,877,20298,11,0,0,11,0
2020-09-23,US,Mississippi,Webster,333,13,0,33.61300486,-89.28392912,28155.0,3436.8871916606463,3.903903903903904,320,332,13,0,319,331,9788,1,0,0,1,1
2020-09-23,US,Mississippi,Wilkinson,302,18,0,31.16078225,-91.31018819,28157.0,3499.4206257242176,5.960264900662253,284,301,18,0,283,302,8792,1,0,0,1,-1
2020-09-23,US,Mississippi,Winston,735,19,0,33.08747908,-89.03391385,28159.0,4093.567251461988,2.5850340136054424,716,731,19,0,712,725,18165,4,0,0,4,6
2020-09-23,US,Mississippi,Yalobusha,423,14,0,34.02824175,-89.70762049999998,28161.0,3493.557978196233,3.309692671394799,409,419,14,0,405,418,12392,4,0,0,4,1
2020-09-23,US,Mississippi,Yazoo,1046,30,0,32.77890365,-90.39656148,28163.0,3523.0717413270463,2.8680688336520075,1016,1041,30,0,1011,1039,28248,5,0,0,5,2
2020-09-23,US,Missouri,Adair,326,0,0,40.19058551,-92.60078167,29001.0,1286.3512607031528,0.0,326,322,0,0,322,319,25339,4,0,0,4,3
2020-09-23,US,Missouri,Andrew,238,2,0,39.98492163,-94.80163024,29003.0,1343.7217705510388,0.8403361344537815,236,230,1,0,229,225,17607,8,1,0,7,5
2020-09-23,US,Missouri,Atchison,50,0,0,40.43238737,-95.42970639,29005.0,972.1952167995332,0.0,50,44,0,0,44,44,5171,6,0,0,6,0
2020-09-23,US,Missouri,Audrain,413,2,0,39.215877,-91.84242683,29007.0,1626.7527965968177,0.4842615012106538,411,411,2,0,409,411,25473,2,0,0,2,0
2020-09-23,US,Missouri,Barry,460,6,0,36.70978521,-93.82919888,29009.0,1285.3111291178855,1.3043478260869563,454,452,6,0,446,433,35886,8,0,0,8,19
2020-09-23,US,Missouri,Barton,178,0,0,37.50207671,-94.34757022,29011.0,1514.3780840564914,0.0,178,175,0,0,175,169,11798,3,0,0,3,6
2020-09-23,US,Missouri,Bates,101,2,0,38.25271289,-94.34113157,29013.0,624.5362354687112,1.98019801980198,99,101,1,0,100,101,16320,0,1,0,-1,0
2020-09-23,US,Missouri,Benton,275,3,0,38.29503305,-93.28756116,29015.0,1414.390783315332,1.0909090909090908,272,251,2,0,249,248,19278,24,1,0,23,3
2020-09-23,US,Missouri,Bollinger,322,1,0,37.32449052,-90.02725304,29017.0,2653.919063710541,0.3105590062111801,321,317,1,0,316,316,12169,5,0,0,5,1
2020-09-23,US,Missouri,Boone,4504,8,0,38.99186229,-92.30723575,29019.0,2495.802463662912,0.17761989342806395,4496,4466,6,0,4460,4453,180005,38,2,0,36,13
2020-09-23,US,Missouri,Buchanan,1834,15,0,39.65816401,-94.80138942,29021.0,2099.2628542649145,0.8178844056706652,1819,1805,14,0,1791,1772,88571,29,1,0,28,33
2020-09-23,US,Missouri,Butler,610,6,0,36.71462476,-90.40421163,29023.0,1436.037478224022,0.9836065573770492,604,583,4,0,579,576,42639,27,2,0,25,7
2020-09-23,US,Missouri,Caldwell,79,1,0,39.65620858,-93.98308093,29025.0,875.8314855875833,1.2658227848101269,78,78,1,0,77,78,9108,1,0,0,1,0
2020-09-23,US,Missouri,Callaway,602,2,0,38.83674754,-91.92186505,29027.0,1345.4618599557473,0.3322259136212625,600,589,2,0,587,584,44889,13,0,0,13,5
2020-09-23,US,Missouri,Camden,884,10,0,38.02199522,-92.76083747,29029.0,1909.0810927545624,1.1312217194570136,874,863,10,0,853,837,45815,21,0,0,21,26
2020-09-23,US,Missouri,Cape Girardeau,1588,12,0,37.38489388,-89.6843587,29031.0,2013.4143094420003,0.7556675062972292,1576,1548,10,0,1538,1532,78753,40,2,0,38,16
2020-09-23,US,Missouri,Carroll,137,1,0,39.42762566,-93.50626255,29033.0,1578.5228712985368,0.7299270072992701,136,136,1,0,135,136,8743,1,0,0,1,0
2020-09-23,US,Missouri,Carter,87,1,0,36.94160441,-90.96051322,29035.0,1454.3630892678036,1.1494252873563218,86,83,1,0,82,82,6054,4,0,0,4,1
2020-09-23,US,Missouri,Cass,1434,23,0,38.64789422,-94.353399,29037.0,1355.6437889960296,1.603905160390516,1411,1420,19,0,1401,1405,104954,14,4,0,10,15
2020-09-23,US,Missouri,Cedar,95,0,0,37.72391475,-93.85445441,29039.0,662.0670429995123,0.0,95,91,0,0,91,91,14165,4,0,0,4,0
2020-09-23,US,Missouri,Chariton,44,0,0,39.51499357,-92.9629191,29041.0,592.5127928898465,0.0,44,44,0,0,44,43,7451,0,0,0,0,1
2020-09-23,US,Missouri,Christian,1314,5,0,36.9711783,-93.18537118,29043.0,1483.1536768440658,0.38051750380517496,1309,1279,3,0,1276,1255,86983,35,2,0,33,24
2020-09-23,US,Missouri,Clark,61,0,0,40.41040752,-91.73661677,29045.0,897.4547594526997,0.0,61,61,0,0,61,60,6842,0,0,0,0,1
2020-09-23,US,Missouri,Clay,1760,41,0,39.31132056,-94.41850862,29047.0,704.1464624641925,2.3295454545454546,1719,1743,40,0,1703,1736,246365,17,1,0,16,7
2020-09-23,US,Missouri,Clinton,210,0,0,39.6013098,-94.40465394,29049.0,1030.0681807033893,0.0,210,206,0,0,206,202,20470,4,0,0,4,4
2020-09-23,US,Missouri,Cole,1434,11,0,38.50455671,-92.27860244,29051.0,1868.5256368493067,0.7670850767085077,1423,1398,7,0,1391,1386,76796,36,4,0,32,12
2020-09-23,US,Missouri,Cooper,404,2,0,38.844478,-92.80896081,29053.0,2281.325879496301,0.4950495049504951,402,389,2,0,387,381,17603,15,0,0,15,8
2020-09-23,US,Missouri,Crawford,369,4,0,37.97663738,-91.30528104,29055.0,1542.6421404682276,1.084010840108401,365,362,2,0,360,361,23957,7,2,0,5,1
2020-09-23,US,Missouri,Dade,54,0,0,37.431814,-93.8503345,29057.0,714.1912445443726,0.0,54,52,0,0,52,50,7569,2,0,0,2,2
2020-09-23,US,Missouri,Dallas,182,1,0,37.681135499999996,-93.02127031,29059.0,1078.3268159734566,0.5494505494505495,181,180,1,0,179,173,16762,2,0,0,2,7
2020-09-23,US,Missouri,Daviess,98,1,0,39.96145298,-93.98519678,29061.0,1183.8608359507127,1.020408163265306,97,94,0,0,94,91,8313,4,1,0,3,3
2020-09-23,US,Missouri,DeKalb,126,2,0,39.89201062,-94.40476508,29063.0,1004.2241173188812,1.5873015873015872,124,123,2,0,121,122,12630,3,0,0,3,1
2020-09-23,US,Missouri,Dent,132,1,0,37.60663134,-91.50790473,29065.0,847.620882296282,0.7575757575757576,131,129,1,0,128,126,15441,3,0,0,3,3
2020-09-23,US,Missouri,Douglas,174,3,0,36.9325593,-92.49905109,29067.0,1319.6814562002276,1.7241379310344829,171,169,3,0,166,165,13373,5,0,0,5,4
2020-09-23,US,Missouri,Dunklin,764,7,0,36.27167174,-90.09122243,29069.0,2622.63568020322,0.9162303664921466,757,751,6,0,745,746,29423,13,1,0,12,5
2020-09-23,US,Missouri,Franklin,1610,28,0,38.41127108,-91.07522826,29071.0,1548.5682957092154,1.7391304347826086,1582,1573,28,0,1545,1553,103670,37,0,0,37,20
2020-09-23,US,Missouri,Gasconade,158,18,0,38.43947277,-91.50847147,29073.0,1074.3914048687614,11.39240506329114,140,157,17,0,140,155,14705,1,1,0,0,2
2020-09-23,US,Missouri,Gentry,121,9,0,40.21097916,-94.40944419,29075.0,1841.4244407243955,7.43801652892562,112,117,9,0,108,117,6628,4,0,0,4,0
2020-09-23,US,Missouri,Greene,5701,24,0,37.2575872,-93.34230916,29077.0,1945.1628532239688,0.4209787756533941,5677,5597,19,0,5578,5473,291923,104,5,0,99,124
2020-09-23,US,Missouri,Grundy,181,3,0,40.11406587,-93.56509276,29079.0,1837.5634517766496,1.6574585635359116,178,173,2,0,171,172,9914,8,1,0,7,1
2020-09-23,US,Missouri,Harrison,103,1,0,40.35570088,-93.99222144,29081.0,1233.2375478927204,0.9708737864077671,102,101,1,0,100,101,8414,2,0,0,2,0
2020-09-23,US,Missouri,Henry,178,4,0,38.38482826,-93.79293734,29083.0,815.6158357771261,2.247191011235955,174,167,4,0,163,167,21792,11,0,0,11,0
2020-09-23,US,Missouri,Hickory,88,2,0,37.94163617,-93.3203037,29085.0,922.0452640402347,2.272727272727273,86,88,2,0,86,88,9509,0,0,0,0,0
2020-09-23,US,Missouri,Holt,75,1,0,40.09799248,-95.21638879999999,29087.0,1703.384056325233,1.3333333333333333,74,75,0,0,75,75,4404,0,1,0,-1,0
2020-09-23,US,Missouri,Howard,167,2,0,39.1435761,-92.69756691,29089.0,1669.83301669833,1.1976047904191616,165,165,2,0,163,164,10137,2,0,0,2,1
2020-09-23,US,Missouri,Howell,556,3,0,36.77383887,-91.88683935,29091.0,1385.9461076351672,0.5395683453237411,553,541,3,0,538,528,40076,15,0,0,15,13
2020-09-23,US,Missouri,Iron,57,0,0,37.55487945,-90.7735296,29093.0,562.9629629629627,0.0,57,54,0,0,54,54,10177,3,0,0,3,0
2020-09-23,US,Missouri,Jackson,7064,92,0,39.01002188,-94.34724536,29095.0,1026.7264665844486,1.3023782559456398,6972,7064,92,0,6972,7064,700307,0,0,0,0,0
2020-09-23,US,Missouri,Jasper,3634,48,0,37.20351921,-94.34050458,29097.0,2995.1866016088625,1.3208585580627408,3586,3590,47,0,3543,3540,120636,44,1,0,43,50
2020-09-23,US,Missouri,Jefferson,4021,57,0,38.25926778,-90.53870896,29099.0,1786.4679826373615,1.4175578214374531,3964,3950,53,0,3897,3895,224347,71,4,0,67,55
2020-09-23,US,Missouri,Johnson,1046,4,0,38.74719601,-93.80691168,29101.0,1934.81558210943,0.3824091778202677,1042,1020,4,0,1016,995,53652,26,0,0,26,25
2020-09-23,US,Missouri,Kansas City,10823,122,0,39.0997,-94.5786,0.0,2213.550454756485,1.127229049246974,10701,10710,107,0,10603,10675,491918,113,15,0,98,35
2020-09-23,US,Missouri,Knox,49,1,0,40.12699751,-92.14780832,29103.0,1237.6862844152565,2.0408163265306123,48,49,1,0,48,48,3947,0,0,0,0,1
2020-09-23,US,Missouri,Laclede,584,4,0,37.65896829,-92.5888493,29105.0,1634.8011085295188,0.6849315068493149,580,572,3,0,569,560,35713,12,1,0,11,12
2020-09-23,US,Missouri,Lafayette,486,2,0,39.06986886,-93.78076396,29107.0,1485.8750152867801,0.41152263374485604,484,476,2,0,474,464,32598,10,0,0,10,12
2020-09-23,US,Missouri,Lawrence,571,2,0,37.10626634,-93.83293097,29109.0,1488.7237648285752,0.3502626970227671,569,555,2,0,553,532,38359,16,0,0,16,23
2020-09-23,US,Missouri,Lewis,81,2,0,40.09673161,-91.72070156,29111.0,828.5597381342062,2.469135802469136,79,77,2,0,75,75,9855,4,0,0,4,2
2020-09-23,US,Missouri,Lincoln,733,3,0,39.05345619,-90.95588181,29113.0,1242.0991984816906,0.4092769440654843,730,722,3,0,719,719,57686,11,0,0,11,3
2020-09-23,US,Missouri,Linn,67,1,0,39.87001769,-93.10704106,29115.0,562.0805369127517,1.492537313432836,66,63,1,0,62,62,12037,4,0,0,4,1
2020-09-23,US,Missouri,Livingston,391,1,0,39.78110272,-93.54645978,29117.0,2567.807184606291,0.2557544757033248,390,388,1,0,387,385,15146,3,0,0,3,3
2020-09-23,US,Missouri,Macon,149,0,0,39.83049768,-92.56453089,29121.0,985.6452999933847,0.0,149,146,0,0,146,144,15153,3,0,0,3,2
2020-09-23,US,Missouri,Madison,285,0,0,37.47865134,-90.34671429999999,29123.0,2357.71012574454,0.0,285,284,0,0,284,281,12188,1,0,0,1,3
2020-09-23,US,Missouri,Maries,74,0,0,38.16193985,-91.92249662,29125.0,850.8681154421065,0.0,74,72,0,0,72,71,8769,2,0,0,2,1
2020-09-23,US,Missouri,Marion,643,14,0,39.80601912,-91.62203062,29127.0,2253.767963547143,2.177293934681182,629,634,14,0,620,631,28592,9,0,0,9,3
2020-09-23,US,Missouri,McDonald,1052,11,0,36.62869595,-94.34867205,29119.0,4606.559530586329,1.0456273764258557,1041,1049,11,0,1038,1048,23078,3,0,0,3,1
2020-09-23,US,Missouri,Mercer,28,0,0,40.42212303,-93.56829590000001,29129.0,774.1222007188278,0.0,28,28,0,0,28,28,3641,0,0,0,0,0
2020-09-23,US,Missouri,Miller,463,1,0,38.21450288,-92.42610898,29131.0,1807.2524298372305,0.2159827213822894,462,454,1,0,453,443,25336,9,0,0,9,11
2020-09-23,US,Missouri,Mississippi,291,3,0,36.82516239,-89.29505753,29133.0,2207.8907435508345,1.0309278350515465,288,289,3,0,286,289,13336,2,0,0,2,0
2020-09-23,US,Missouri,Moniteau,289,4,0,38.63571781,-92.57976951,29135.0,1791.4703694520208,1.3840830449826989,285,281,4,0,277,280,16121,8,0,0,8,1
2020-09-23,US,Missouri,Monroe,86,0,0,39.49593978,-92.00043978,29137.0,994.9097639981493,0.0,86,86,0,0,86,86,8664,0,0,0,0,0
2020-09-23,US,Missouri,Montgomery,82,1,0,38.94022054,-91.47000721,29139.0,709.8952471647476,1.2195121951219512,81,83,1,0,82,81,11534,-1,0,0,-1,2
2020-09-23,US,Missouri,Morgan,315,1,0,38.4181765,-92.88791859,29141.0,1527.124642458913,0.31746031746031744,314,306,1,0,305,302,20358,9,0,0,9,4
2020-09-23,US,Missouri,New Madrid,511,16,0,36.59666326,-89.66070007,29143.0,2992.5040993206844,3.131115459882583,495,509,15,0,494,508,17296,2,1,0,1,1
2020-09-23,US,Missouri,Newton,1407,14,0,36.90519407,-94.3394104,29145.0,2416.031320832474,0.9950248756218906,1393,1379,14,0,1365,1352,58266,28,0,0,28,27
2020-09-23,US,Missouri,Nodaway,729,9,0,40.36079813,-94.88133008,29147.0,3299.837045084193,1.2345679012345678,720,726,9,0,717,719,22304,3,0,0,3,7
2020-09-23,US,Missouri,Oregon,102,0,0,36.68710164,-91.4033755,29149.0,968.7529679931616,0.0,102,101,0,0,101,99,10541,1,0,0,1,2
2020-09-23,US,Missouri,Osage,136,2,0,38.46036182,-91.8613635,29151.0,998.8982739625412,1.4705882352941178,134,128,1,0,127,127,13714,8,1,0,7,1
2020-09-23,US,Missouri,Ozark,117,0,0,36.64916339,-92.44459066,29153.0,1275.3433616742968,0.0,117,117,0,0,117,114,9017,0,0,0,0,3
2020-09-23,US,Missouri,Pemiscot,497,9,0,36.2130572,-89.78742322,29155.0,3144.574501739956,1.8108651911468812,488,486,9,0,477,485,16272,11,0,0,11,1
2020-09-23,US,Missouri,Perry,610,4,0,37.70660776,-89.82741088,29157.0,3187.7090301003345,0.6557377049180327,606,605,4,0,601,599,19150,5,0,0,5,6
2020-09-23,US,Missouri,Pettis,1065,10,0,38.72798918,-93.28471706,29159.0,2515.411322893786,0.9389671361502347,1055,1043,10,0,1033,1026,42542,22,0,0,22,17
2020-09-23,US,Missouri,Phelps,440,7,0,37.87736118,-91.79351727,29161.0,987.1446840015255,1.5909090909090908,433,419,5,0,414,415,44732,21,2,0,19,4
2020-09-23,US,Missouri,Pike,233,3,0,39.34310674,-91.16980779,29163.0,1273.0849087531415,1.2875536480686696,230,229,3,0,226,228,18504,4,0,0,4,1
2020-09-23,US,Missouri,Platte,656,10,0,39.38154439,-94.77068479,29165.0,628.2441724606869,1.5243902439024388,646,643,10,0,633,640,102985,13,0,0,13,3
2020-09-23,US,Missouri,Polk,503,3,0,37.616229600000004,-93.39828174,29167.0,1564.5898783787986,0.5964214711729622,500,493,3,0,490,487,32201,10,0,0,10,6
2020-09-23,US,Missouri,Pulaski,612,5,0,37.82462075,-92.20783203,29169.0,1163.343281312373,0.8169934640522876,607,590,5,0,585,578,52014,22,0,0,22,12
2020-09-23,US,Missouri,Putnam,33,1,0,40.47942497,-93.02042674,29171.0,702.725724020443,3.0303030303030303,32,32,1,0,31,32,4757,1,0,0,1,0
2020-09-23,US,Missouri,Ralls,145,0,0,39.52817427,-91.51838643,29173.0,1406.5379765253665,0.0,145,144,0,0,144,144,10212,1,0,0,1,0
2020-09-23,US,Missouri,Randolph,227,3,0,39.44007257,-92.49713740000001,29175.0,917.2458380475192,1.3215859030837005,224,224,3,0,221,219,24763,3,0,0,3,5
2020-09-23,US,Missouri,Ray,159,0,0,39.353746799999996,-93.98905745,29177.0,690.7637501086107,0.0,159,158,0,0,158,158,22883,1,0,0,1,0
2020-09-23,US,Missouri,Reynolds,38,0,0,37.36085952,-90.97009925,29179.0,606.060606060606,0.0,38,37,0,0,37,35,6254,1,0,0,1,2
2020-09-23,US,Missouri,Ripley,153,1,0,36.65460667,-90.85990261,29181.0,1151.4148103552075,0.6535947712418301,152,145,0,0,145,144,13401,8,1,0,7,1
2020-09-23,US,Missouri,Saline,693,9,0,39.13734288,-93.20259964,29195.0,3044.6816923685246,1.2987012987012987,684,676,9,0,667,672,22895,17,0,0,17,4
2020-09-23,US,Missouri,Schuyler,22,0,0,40.46921489,-92.52311943,29197.0,472.1030042918455,0.0,22,22,0,0,22,22,4599,0,0,0,0,0
2020-09-23,US,Missouri,Scotland,31,1,0,40.45214695,-92.14709064,29199.0,632.3949408404733,3.2258064516129035,30,29,1,0,28,28,4966,2,0,0,2,1
2020-09-23,US,Missouri,Scott,837,16,0,37.05588075,-89.56474493,29201.0,2186.520376175549,1.911589008363202,821,827,16,0,811,824,38458,10,0,0,10,3
2020-09-23,US,Missouri,Shannon,89,1,0,37.15772072,-91.40190382,29203.0,1089.8848885623318,1.1235955056179776,88,87,1,0,86,86,8189,2,0,0,2,1
2020-09-23,US,Missouri,Shelby,61,1,0,39.79742518,-92.07634971,29205.0,1028.6677908937606,1.639344262295082,60,60,1,0,59,59,6050,1,0,0,1,1
2020-09-23,US,Missouri,St. Charles,7399,115,0,38.77875681,-90.66662425,29183.0,1840.4465427265168,1.5542640897418571,7284,7321,115,0,7206,7274,399182,78,0,0,78,47
2020-09-23,US,Missouri,St. Clair,57,0,0,38.03699437,-93.77631447,29185.0,606.5765669894647,0.0,57,47,0,0,47,46,9395,10,0,0,10,1
2020-09-23,US,Missouri,St. Francois,1959,9,0,37.81214171,-90.47598685,29187.0,2914.528007141262,0.4594180704441042,1950,1949,9,0,1940,1948,66692,10,0,0,10,1
2020-09-23,US,Missouri,St. Louis,23297,788,0,38.63770039999999,-90.4458375,29189.0,2343.2793035641544,3.3824097523286265,22509,23137,782,0,22355,22992,996945,160,6,0,154,145
2020-09-23,US,Missouri,St. Louis City,6934,195,0,38.63555736,-90.24349225,29510.0,2306.904077504525,2.812229593308336,6739,6886,195,0,6691,6858,302838,48,0,0,48,28
2020-09-23,US,Missouri,Ste. Genevieve,187,1,0,37.89090059,-90.1949941,29186.0,1045.043031183637,0.5347593582887701,186,183,1,0,182,182,17888,4,0,0,4,1
2020-09-23,US,Missouri,Stoddard,478,12,0,36.85571651,-89.9444155,29207.0,1646.8561584840656,2.510460251046025,466,466,9,0,457,458,29206,12,3,0,9,8
2020-09-23,US,Missouri,Stone,418,4,0,36.75000327,-93.45256475,29209.0,1308.2123184777165,0.9569377990430622,414,406,4,0,402,400,31749,12,0,0,12,6
2020-09-23,US,Missouri,Sullivan,185,0,0,40.2099105,-93.11150106,29211.0,3038.265725078009,0.0,185,185,0,0,185,185,6221,0,0,0,0,0
2020-09-23,US,Missouri,Taney,1157,31,0,36.65465345,-93.04075153,29213.0,2068.7312258618217,2.679343128781331,1126,1142,28,0,1114,1135,55852,15,3,0,12,7
2020-09-23,US,Missouri,Texas,298,2,0,37.31728859,-91.96564727,29215.0,1173.3207339160565,0.6711409395973155,296,280,2,0,278,279,25571,18,0,0,18,1
2020-09-23,US,Missouri,Vernon,167,1,0,37.8457799,-94.34127305,29217.0,812.1383066673151,0.5988023952095808,166,162,1,0,161,158,20528,5,0,0,5,4
2020-09-23,US,Missouri,Warren,460,0,0,38.76529479,-91.16124662,29219.0,1290.3587758422395,0.0,460,451,0,0,451,447,34711,9,0,0,9,4
2020-09-23,US,Missouri,Washington,367,10,0,37.96130078,-90.87948158,29221.0,1484.0274969672464,2.7247956403269757,357,342,10,0,332,340,24943,25,0,0,25,2
2020-09-23,US,Missouri,Wayne,200,0,0,37.11303869,-90.46001416,29223.0,1553.6394002951918,0.0,200,192,0,0,192,181,13122,8,0,0,8,11
2020-09-23,US,Missouri,Webster,593,3,0,37.2813734,-92.876329,29225.0,1497.7773287532834,0.5059021922428331,590,575,3,0,572,529,39109,18,0,0,18,46
2020-09-23,US,Missouri,Worth,20,0,0,40.47945588,-94.42328751,29227.0,993.5419771485347,0.0,20,19,0,0,19,19,2040,1,0,0,1,0
2020-09-23,US,Missouri,Wright,278,0,0,37.27029221,-92.46914488,29229.0,1520.0393679260758,0.0,278,259,0,0,259,252,18378,19,0,0,19,7
2020-09-23,US,Montana,Beaverhead,78,1,0,45.13434354,-112.89846940000001,30001.0,825.1348778165661,1.2820512820512822,77,77,1,0,76,77,9404,1,0,0,1,0
2020-09-23,US,Montana,Big Horn,866,22,0,45.42335905,-107.492347,30003.0,6501.989638861776,2.540415704387991,844,857,21,0,836,832,13338,9,1,0,8,25
2020-09-23,US,Montana,Blaine,21,0,0,48.43175214,-108.9582723,30005.0,314.3242029636282,0.0,21,16,0,0,16,16,6807,5,0,0,5,0
2020-09-23,US,Montana,Broadwater,17,0,0,46.33277565,-111.49558130000001,30007.0,272.5669392336059,0.0,17,17,0,0,17,17,6085,0,0,0,0,0
2020-09-23,US,Montana,Carbon,115,0,0,45.22850116,-109.0274047,30009.0,1072.2610722610723,0.0,115,112,0,0,112,111,10714,3,0,0,3,1
2020-09-23,US,Montana,Cascade,624,5,0,47.30797024,-111.3467922,30013.0,766.9050954944325,0.8012820512820513,619,603,5,0,598,544,81643,21,0,0,21,59
2020-09-23,US,Montana,Chouteau,26,0,0,47.88084126,-110.4353362,30015.0,461.4019520851819,0.0,26,18,0,0,18,18,5745,8,0,0,8,0
2020-09-23,US,Montana,Custer,110,2,0,46.25319932,-105.57375259999998,30017.0,964.7430275390283,1.818181818181818,108,104,2,0,102,103,11586,6,0,0,6,1
2020-09-23,US,Montana,Daniels,5,0,0,48.78420029,-105.54763429999998,30019.0,295.8579881656805,0.0,5,4,0,0,4,4,1747,1,0,0,1,0
2020-09-23,US,Montana,Dawson,76,1,0,47.26584855,-104.89444170000002,30021.0,882.3870892836411,1.3157894736842106,75,75,1,0,74,70,8680,1,0,0,1,5
2020-09-23,US,Montana,Deer Lodge,114,0,0,46.05953325,-113.073353,30023.0,1247.2647702407005,0.0,114,113,0,0,113,113,9131,1,0,0,1,0
2020-09-23,US,Montana,Fallon,5,0,0,46.33478338,-104.41835649999999,30025.0,175.68517217146874,0.0,5,5,0,0,5,5,2920,0,0,0,0,0
2020-09-23,US,Montana,Fergus,60,1,0,47.26331584,-109.2245206,30027.0,542.9864253393665,1.6666666666666667,59,58,1,0,57,56,11113,2,0,0,2,2
2020-09-23,US,Montana,Flathead,923,16,0,48.29575866,-114.05205690000001,30029.0,889.1586228156367,1.733477789815818,907,903,16,0,887,865,102106,20,0,0,20,38
2020-09-23,US,Montana,Gallatin,1247,4,0,45.54486106,-111.1692571,30031.0,1089.7110998479473,0.3207698476343224,1243,1234,4,0,1230,1207,111876,13,0,0,13,27
2020-09-23,US,Montana,Garfield,16,0,0,47.27545948,-107.0002351,30033.0,1271.8600953895073,0.0,16,16,0,0,16,16,1268,0,0,0,0,0
2020-09-23,US,Montana,Glacier,208,1,0,48.70513576,-112.9934235,30035.0,1512.3972951356068,0.4807692307692308,207,209,1,0,208,198,13747,-1,0,0,-1,11
2020-09-23,US,Montana,Golden Valley,3,0,0,46.3816474,-109.17685220000001,30037.0,365.4080389768576,0.0,3,3,0,0,3,3,826,0,0,0,0,0
2020-09-23,US,Montana,Granite,22,0,0,46.40605220000001,-113.4414186,30039.0,651.0802012429713,0.0,22,22,0,0,22,22,3378,0,0,0,0,0
2020-09-23,US,Montana,Hill,143,3,0,48.62879827,-110.1129252,30041.0,867.5078864353312,2.097902097902098,140,135,3,0,132,134,16347,8,0,0,8,1
2020-09-23,US,Montana,Jefferson,67,0,0,46.14907081,-112.094396,30043.0,548.2366418460026,0.0,67,65,0,0,65,55,12097,2,0,0,2,10
2020-09-23,US,Montana,Judith Basin,6,0,0,47.04581276,-110.26606880000001,30045.0,298.95366218236165,0.0,6,6,0,0,6,6,1952,0,0,0,0,0
2020-09-23,US,Montana,Lake,260,1,0,47.64514965,-114.0898013,30047.0,853.6345131000065,0.38461538461538464,259,255,1,0,254,254,30250,5,0,0,5,1
2020-09-23,US,Montana,Lewis and Clark,235,3,0,47.12610041,-112.39469799999999,30049.0,338.46065214886505,1.2765957446808511,232,227,3,0,224,226,68700,8,0,0,8,1
2020-09-23,US,Montana,Liberty,16,0,0,48.56084317,-111.02430700000001,30051.0,684.6384253316218,0.0,16,16,0,0,16,16,2430,0,0,0,0,0
2020-09-23,US,Montana,Lincoln,106,3,0,48.54265777,-115.4046155,30053.0,530.5305305305304,2.830188679245283,103,106,3,0,103,105,19794,0,0,0,0,1
2020-09-23,US,Montana,Madison,97,1,0,45.30080065,-111.9173017,30057.0,1127.9069767441858,1.0309278350515465,96,97,1,0,96,97,8768,0,0,0,0,0
2020-09-23,US,Montana,McCone,19,0,0,47.64469406,-105.79449939999999,30055.0,1141.826923076923,0.0,19,19,0,0,19,19,1675,0,0,0,0,0
2020-09-23,US,Montana,Meagher,25,2,0,46.59907074,-110.8898557,30059.0,1342.6423200859292,8.0,23,25,2,0,23,25,1866,0,0,0,0,0
2020-09-23,US,Montana,Mineral,2,0,0,47.15283992,-115.00152390000001,30061.0,45.48555833522857,0.0,2,2,0,0,2,2,4316,0,0,0,0,0
2020-09-23,US,Montana,Missoula,584,3,0,47.03728583,-113.92135079999998,30063.0,488.2943143812709,0.5136986301369864,581,583,3,0,580,581,118791,1,0,0,1,2
2020-09-23,US,Montana,Musselshell,35,1,0,46.49684637,-108.39498,30065.0,755.4500323764299,2.8571428571428568,34,35,1,0,34,35,4651,0,0,0,0,0
2020-09-23,US,Montana,Park,92,0,0,45.48965095,-110.52643940000002,30067.0,554.016620498615,0.0,92,88,0,0,88,88,16736,4,0,0,4,0
2020-09-23,US,Montana,Phillips,119,0,0,48.25936577,-107.9128511,30071.0,3009.610520991401,0.0,119,118,0,0,118,117,4074,1,0,0,1,1
2020-09-23,US,Montana,Pondera,23,0,0,48.22773388,-112.22527029999999,30073.0,389.10505836575874,0.0,23,23,0,0,23,21,5972,0,0,0,0,2
2020-09-23,US,Montana,Powder River,5,0,0,45.39617714,-105.636738,30075.0,297.2651605231867,0.0,5,3,0,0,3,3,1716,2,0,0,2,0
2020-09-23,US,Montana,Powell,10,0,0,46.85538891,-112.93591640000001,30077.0,145.1378809869376,0.0,10,10,0,0,10,10,6968,0,0,0,0,0
2020-09-23,US,Montana,Prairie,1,0,0,46.86048047,-105.379384,30079.0,92.85051067780873,0.0,1,1,0,0,1,1,1087,0,0,0,0,0
2020-09-23,US,Montana,Ravalli,129,2,0,46.08520862,-114.11891640000002,30081.0,294.4802081906588,1.5503875968992251,127,129,2,0,127,126,43172,0,0,0,0,3
2020-09-23,US,Montana,Richland,77,2,0,47.78668011,-104.5610786,30083.0,712.7649726927707,2.5974025974025974,75,77,2,0,75,74,10913,0,0,0,0,3
2020-09-23,US,Montana,Roosevelt,213,1,0,48.29607488,-105.00792679999999,30085.0,1935.659760087241,0.4694835680751174,212,199,1,0,198,168,11059,14,0,0,14,31
2020-09-23,US,Montana,Rosebud,614,18,0,46.23397237,-106.72928799999998,30087.0,6870.314423184514,2.931596091205212,596,593,18,0,575,592,9063,21,0,0,21,1
2020-09-23,US,Montana,Sanders,45,1,0,47.67657534,-115.1329916,30089.0,371.5016923965987,2.2222222222222223,44,45,1,0,44,45,11844,0,0,0,0,0
2020-09-23,US,Montana,Sheridan,13,0,0,48.72085833,-104.50382900000001,30091.0,392.86793593230584,0.0,13,14,0,0,14,12,3424,-1,0,0,-1,2
2020-09-23,US,Montana,Silver Bow,241,0,0,45.90018933,-112.6620092,30093.0,690.2477445224116,0.0,241,234,0,0,234,217,34993,7,0,0,7,17
2020-09-23,US,Montana,Stillwater,56,2,0,45.67071407,-109.3950061,30095.0,580.7923667288943,3.571428571428572,54,55,2,0,53,51,9534,1,0,0,1,4
2020-09-23,US,Montana,Sweet Grass,40,1,0,45.81367654,-109.9425686,30097.0,1070.3773080010703,2.5,39,38,1,0,37,37,3710,2,0,0,2,1
2020-09-23,US,Montana,Teton,21,0,0,47.83741052,-112.24106880000001,30099.0,341.6300634455833,0.0,21,20,0,0,20,20,6162,1,0,0,1,0
2020-09-23,US,Montana,Toole,71,6,0,48.65577551,-111.69424140000001,30101.0,1499.1554054054056,8.450704225352112,65,71,6,0,65,71,4853,0,0,0,0,0
2020-09-23,US,Montana,Treasure,3,0,0,46.20973220000001,-107.26665159999999,30103.0,431.0344827586207,0.0,3,3,0,0,3,3,679,0,0,0,0,0
2020-09-23,US,Montana,Valley,61,0,0,48.36435097,-106.6669635,30105.0,824.7701460248783,0.0,61,61,0,0,61,60,7437,0,0,0,0,1
2020-09-23,US,Montana,Wheatland,11,0,0,46.46652491,-109.84646359999999,30107.0,517.4035747883349,0.0,11,10,0,0,10,9,2236,1,0,0,1,1
2020-09-23,US,Montana,Wibaux,9,0,0,46.95925154,-104.2510927,30109.0,928.7925696594427,0.0,9,9,0,0,9,9,1034,0,0,0,0,0
2020-09-23,US,Montana,Yellowstone,2927,62,0,45.93955949,-108.26914860000001,30111.0,1814.631122132672,2.1182097710966863,2865,2882,61,0,2821,2863,160137,45,1,0,44,19
2020-09-23,US,Nebraska,Adams,520,12,0,40.52449420000001,-98.50117804,31001.0,1658.0046551669166,2.3076923076923075,508,514,12,0,502,510,31511,6,0,0,6,4
2020-09-23,US,Nebraska,Antelope,65,1,0,42.17695516,-98.06662829999999,31003.0,1032.0736741822802,1.5384615384615383,64,64,1,0,63,59,6336,1,0,0,1,5
2020-09-23,US,Nebraska,Arthur,1,0,0,41.56896142,-101.6959559,31005.0,215.98272138228938,0.0,1,1,0,0,1,1,465,0,0,0,0,0
2020-09-23,US,Nebraska,Banner,2,0,0,41.54634427,-103.7114332,31007.0,268.4563758389262,0.0,2,2,0,0,2,2,730,0,0,0,0,0
2020-09-23,US,Nebraska,Boone,73,0,0,41.70759415,-98.06737183,31011.0,1406.009244992296,0.0,73,71,0,0,71,63,5239,2,0,0,2,8
2020-09-23,US,Nebraska,Box Butte,70,1,0,42.22079243,-103.08788340000001,31013.0,649.1699897987572,1.4285714285714286,69,58,1,0,57,56,10772,12,0,0,12,2
2020-09-23,US,Nebraska,Boyd,19,0,0,42.899727399999996,-98.76486568,31015.0,990.0990099009905,0.0,19,17,0,0,17,17,1955,2,0,0,2,0
2020-09-23,US,Nebraska,Brown,26,0,0,42.43018907,-99.92904055,31017.0,879.8646362098139,0.0,26,24,0,0,24,24,2973,2,0,0,2,0
2020-09-23,US,Nebraska,Buffalo,1014,4,0,40.85486962,-99.07500296,31019.0,2041.9259348758533,0.3944773175542407,1010,998,4,0,994,988,49615,16,0,0,16,10
2020-09-23,US,Nebraska,Burt,76,0,0,41.85056773,-96.32605633,31021.0,1176.6527326211487,0.0,76,75,0,0,75,75,6488,1,0,0,1,0
2020-09-23,US,Nebraska,Butler,111,1,0,41.22703692,-97.13106306,31023.0,1384.7305389221558,0.9009009009009008,110,108,1,0,107,108,8058,3,0,0,3,0
2020-09-23,US,Nebraska,Cass,319,2,0,40.90899107,-96.13971217,31025.0,1215.330691862237,0.6269592476489029,317,314,2,0,312,311,26159,5,0,0,5,3
2020-09-23,US,Nebraska,Cedar,80,0,0,42.598885100000004,-97.25311951,31027.0,952.154248988336,0.0,80,76,0,0,76,74,8446,4,0,0,4,2
2020-09-23,US,Nebraska,Chase,23,0,0,40.523719799999995,-101.69780259999999,31029.0,586.1365953109073,0.0,23,20,0,0,20,20,3977,3,0,0,3,0
2020-09-23,US,Nebraska,Cherry,46,4,0,42.54502621,-101.1244332,31031.0,808.5779574617682,8.695652173913043,42,46,4,0,42,46,5761,0,0,0,0,0
2020-09-23,US,Nebraska,Cheyenne,36,0,0,41.21999357,-102.9941693,31033.0,404.040404040404,0.0,36,36,0,0,36,36,9310,0,0,0,0,0
2020-09-23,US,Nebraska,Clay,71,0,0,40.52439441,-98.05126296,31035.0,1144.6074480090276,0.0,71,72,0,0,72,71,6214,-1,0,0,-1,1
2020-09-23,US,Nebraska,Colfax,767,5,0,41.57486951,-97.0868542,31037.0,7162.200018675881,0.651890482398957,762,765,5,0,760,762,10881,2,0,0,2,3
2020-09-23,US,Nebraska,Cuming,124,0,0,41.91637624,-96.78730772,31039.0,1401.7635089305902,0.0,124,120,0,0,120,120,8940,4,0,0,4,0
2020-09-23,US,Nebraska,Custer,83,4,0,41.39374521,-99.72805369,31041.0,770.1586712443166,4.819277108433735,79,81,4,0,77,81,10840,2,0,0,2,0
2020-09-23,US,Nebraska,Dakota,2176,43,0,42.39040144,-96.56656425,31043.0,10865.874363327675,1.9761029411764703,2133,2159,43,0,2116,2155,20083,17,0,0,17,4
2020-09-23,US,Nebraska,Dawes,119,0,0,42.71985036,-103.1313774,31045.0,1385.4930725346371,0.0,119,118,0,0,118,114,8716,1,0,0,1,4
2020-09-23,US,Nebraska,Dawson,1071,12,0,40.87028216,-99.82014609999999,31047.0,4539.097266369994,1.1204481792717087,1059,1071,12,0,1059,1068,23709,0,0,0,0,3
2020-09-23,US,Nebraska,Deuel,4,0,0,41.11168186,-102.33333309999999,31049.0,222.9654403567447,0.0,4,4,0,0,4,4,1825,0,0,0,0,0
2020-09-23,US,Nebraska,Dixon,85,2,0,42.49188363,-96.86782408,31051.0,1508.1618168914124,2.3529411764705883,83,86,2,0,84,84,5709,-1,0,0,-1,2
2020-09-23,US,Nebraska,Dodge,1123,11,0,41.58071748,-96.65598179,31053.0,3071.2429919321758,0.9795191451469278,1112,1113,11,0,1102,1102,36791,10,0,0,10,11
2020-09-23,US,Nebraska,Douglas,15495,190,0,41.29518299,-96.15085305,31055.0,2712.1070770329425,1.2262020006453695,15305,15349,190,0,15159,15238,566880,146,0,0,146,111
2020-09-23,US,Nebraska,Dundy,11,1,0,40.17638677,-101.6876522,31057.0,649.7341996455996,9.090909090909092,10,11,1,0,10,11,1770,0,0,0,0,0
2020-09-23,US,Nebraska,Fillmore,54,1,0,40.52458567,-97.59646937,31059.0,988.6488465763457,1.851851851851852,53,53,1,0,52,53,5527,1,0,0,1,0
2020-09-23,US,Nebraska,Franklin,24,0,0,40.17636348,-98.95299073,31061.0,805.6394763343402,0.0,24,23,0,0,23,23,3023,1,0,0,1,0
2020-09-23,US,Nebraska,Frontier,7,0,0,40.52993007,-100.3924658,31063.0,266.46364674533686,0.0,7,7,0,0,7,7,2608,0,0,0,0,0
2020-09-23,US,Nebraska,Furnas,38,1,0,40.17642064,-99.91247454,31065.0,812.6603934987169,2.631578947368421,37,37,1,0,36,37,4715,1,0,0,1,0
2020-09-23,US,Nebraska,Gage,212,5,0,40.26186809,-96.68946704,31067.0,985.4506577418305,2.358490566037736,207,211,5,0,206,206,21493,1,0,0,1,5
2020-09-23,US,Nebraska,Garden,9,0,0,41.61703149,-102.3313973,31069.0,489.9292324442025,0.0,9,9,0,0,9,9,1897,0,0,0,0,0
2020-09-23,US,Nebraska,Garfield,8,0,0,41.91428955,-98.99111827,31071.0,406.29761300152364,0.0,8,8,0,0,8,8,1987,0,0,0,0,0
2020-09-23,US,Nebraska,Gosper,34,0,0,40.51481965,-99.83020279,31073.0,1708.5427135678394,0.0,34,34,0,0,34,33,1996,0,0,0,0,1
2020-09-23,US,Nebraska,Grant,1,0,0,41.91528587,-101.740701,31075.0,160.5136436597111,0.0,1,1,0,0,1,1,660,0,0,0,0,0
2020-09-23,US,Nebraska,Greeley,25,0,0,41.56742671,-98.52150266,31077.0,1061.120543293718,0.0,25,22,0,0,22,22,2356,3,0,0,3,0
2020-09-23,US,Nebraska,Hall,1979,47,0,40.87257079,-98.50218293,31079.0,3225.596140368034,2.374936836786256,1932,1973,47,0,1926,1963,61607,6,0,0,6,10
2020-09-23,US,Nebraska,Hamilton,126,12,0,40.87349452,-98.02099117,31081.0,1351.3513513513512,9.523809523809524,114,124,12,0,112,122,9280,2,0,0,2,2
2020-09-23,US,Nebraska,Harlan,19,0,0,40.17658508,-99.40438879,31083.0,562.1301775147929,0.0,19,18,0,0,18,17,3401,1,0,0,1,1
2020-09-23,US,Nebraska,Hitchcock,4,0,0,40.17609175,-101.04164770000001,31087.0,144.82259232440262,0.0,4,4,0,0,4,4,2806,0,0,0,0,0
2020-09-23,US,Nebraska,Holt,63,1,0,42.45522056,-98.78402558,31089.0,625.8070924803815,1.5873015873015872,62,56,0,0,56,54,10178,7,1,0,6,2
2020-09-23,US,Nebraska,Hooker,7,0,0,41.91586243,-101.1354293,31091.0,1026.392961876833,0.0,7,7,0,0,7,7,682,0,0,0,0,0
2020-09-23,US,Nebraska,Howard,94,5,0,41.2200529,-98.5166499,31093.0,1458.4949573312647,5.319148936170213,89,93,5,0,88,90,6468,1,0,0,1,3
2020-09-23,US,Nebraska,Jefferson,28,0,0,40.17584531,-97.142601,31095.0,397.388589270508,0.0,28,29,0,0,29,29,7097,-1,0,0,-1,0
2020-09-23,US,Nebraska,Johnson,42,0,0,40.39257596,-96.26522753,31097.0,828.2390061131928,0.0,42,41,0,0,41,40,5134,1,0,0,1,1
2020-09-23,US,Nebraska,Kearney,139,0,0,40.50663314,-98.94877182,31099.0,2140.107775211701,0.0,139,139,0,0,139,137,6544,0,0,0,0,2
2020-09-23,US,Nebraska,Keith,62,0,0,41.19930341,-101.66201640000001,31101.0,771.7201891959172,0.0,62,61,0,0,61,60,8021,1,0,0,1,1
2020-09-23,US,Nebraska,Keya Paha,4,0,0,42.87990694,-99.71343729,31103.0,496.27791563275434,0.0,4,4,0,0,4,4,810,0,0,0,0,0
2020-09-23,US,Nebraska,Kimball,15,0,0,41.19774275,-103.7148131,31105.0,412.9955947136564,0.0,15,15,0,0,15,15,3618,0,0,0,0,0
2020-09-23,US,Nebraska,Knox,152,0,0,42.63758421,-97.89178836,31107.0,1824.2918867018725,0.0,152,146,0,0,146,140,8419,6,0,0,6,6
2020-09-23,US,Nebraska,Lancaster,5906,24,0,40.78416049,-96.68777155,31109.0,1850.8884640696976,0.4063664070436844,5882,5806,24,0,5782,5737,317272,100,0,0,100,69
2020-09-23,US,Nebraska,Lincoln,362,2,0,41.04658298,-100.74753740000001,31111.0,1036.8333619751388,0.5524861878453039,360,362,2,0,360,358,35185,0,0,0,0,4
2020-09-23,US,Nebraska,Logan,6,0,0,41.56650314,-100.4817851,31113.0,802.1390374331551,0.0,6,7,0,0,7,6,749,-1,0,0,-1,1
2020-09-23,US,Nebraska,Loup,3,0,0,41.91371961,-99.45440415,31115.0,451.8072289156627,0.0,3,3,0,0,3,3,618,0,0,0,0,0
2020-09-23,US,Nebraska,Madison,800,5,0,41.91676024,-97.6005481,31119.0,2279.267215590188,0.625,795,793,5,0,788,786,35392,7,0,0,7,7
2020-09-23,US,Nebraska,McPherson,6,0,0,41.56797682,-101.05993620000001,31117.0,1214.5748987854256,0.0,6,6,0,0,6,6,492,0,0,0,0,0
2020-09-23,US,Nebraska,Merrick,81,1,0,41.16624273,-98.0374887,31121.0,1044.4874274661508,1.2345679012345678,80,81,1,0,80,81,7733,0,0,0,0,0
2020-09-23,US,Nebraska,Morrill,76,0,0,41.71711774,-103.0061405,31123.0,1637.2253339077984,0.0,76,76,0,0,76,75,4686,0,0,0,0,1
2020-09-23,US,Nebraska,Nance,39,0,0,41.39750195,-97.99327291,31125.0,1108.2693947144076,0.0,39,27,0,0,27,25,3532,12,0,0,12,2
2020-09-23,US,Nebraska,Nemaha,119,0,0,40.38514847,-95.85433992,31127.0,1706.8273092369477,0.0,119,119,0,0,119,116,6958,0,0,0,0,3
2020-09-23,US,Nebraska,Nuckolls,15,0,0,40.17637905,-98.04743961,31129.0,361.6200578592093,0.0,15,14,0,0,14,13,4195,1,0,0,1,1
2020-09-23,US,Nebraska,Otoe,144,1,0,40.64843556,-96.13374142,31131.0,899.3255058705969,0.6944444444444444,143,143,1,0,142,139,15985,1,0,0,1,4
2020-09-23,US,Nebraska,Pawnee,17,0,0,40.13141096,-96.23705437,31133.0,650.5931879066208,0.0,17,16,0,0,16,15,2632,1,0,0,1,1
2020-09-23,US,Nebraska,Perkins,34,10,0,40.85082525,-101.6502942,31135.0,1176.063645797302,29.411764705882355,24,33,10,0,23,33,2929,1,0,0,1,0
2020-09-23,US,Nebraska,Phelps,106,0,0,40.51156033,-99.41461667,31137.0,1173.345140580031,0.0,106,103,0,0,103,103,8996,3,0,0,3,0
2020-09-23,US,Nebraska,Pierce,101,8,0,42.26434853,-97.60122773,31139.0,1412.9826524902066,7.920792079207921,93,101,7,0,94,101,7142,0,1,0,-1,0
2020-09-23,US,Nebraska,Platte,1043,3,0,41.57246836,-97.52144359,31141.0,3116.2234837167607,0.28763183125599234,1040,1037,3,0,1034,1028,33363,6,0,0,6,9
2020-09-23,US,Nebraska,Polk,54,1,0,41.18813488,-97.56630712,31143.0,1035.8718588145025,1.851851851851852,53,52,1,0,51,51,5278,2,0,0,2,1
2020-09-23,US,Nebraska,Red Willow,30,0,0,40.17556879999999,-100.476998,31145.0,279.7463632972771,0.0,30,27,0,0,27,26,10726,3,0,0,3,1
2020-09-23,US,Nebraska,Richardson,53,1,0,40.1247415,-95.71755036,31147.0,673.8715829624922,1.8867924528301887,52,53,1,0,52,52,7937,0,0,0,0,1
2020-09-23,US,Nebraska,Rock,40,1,0,42.42252217,-99.44832069,31149.0,2947.678703021371,2.5,39,39,1,0,38,39,1360,1,0,0,1,0
2020-09-23,US,Nebraska,Saline,709,2,0,40.52418865,-97.14085859,31151.0,4984.533183352081,0.2820874471086037,707,701,2,0,699,698,14350,8,0,0,8,3
2020-09-23,US,Nebraska,Sarpy,3489,15,0,41.11314181,-96.11156432,31153.0,1863.8218765358233,0.4299226139294927,3474,3439,15,0,3424,3407,184459,50,0,0,50,32
2020-09-23,US,Nebraska,Saunders,436,3,0,41.227810299999994,-96.63773905,31155.0,2020.5765131152107,0.6880733944954128,433,423,3,0,420,413,21303,13,0,0,13,10
2020-09-23,US,Nebraska,Scotts Bluff,407,8,0,41.85070896,-103.70809859999999,31157.0,1142.6806670784435,1.9656019656019657,399,406,7,0,399,405,35989,1,1,0,0,1
2020-09-23,US,Nebraska,Seward,216,3,0,40.87241834,-97.139673,31159.0,1249.7107151122425,1.3888888888888888,213,212,3,0,209,207,17318,4,0,0,4,5
2020-09-23,US,Nebraska,Sheridan,48,0,0,42.50284406,-102.4126613,31161.0,914.9828440716736,0.0,48,48,0,0,48,47,5190,0,0,0,0,1
2020-09-23,US,Nebraska,Sherman,23,1,0,41.22045983,-98.97588642,31163.0,766.4111962679108,4.3478260869565215,22,23,1,0,22,23,3038,0,0,0,0,0
2020-09-23,US,Nebraska,Sioux,7,0,0,42.48932059,-103.7576544,31165.0,600.3430531732419,0.0,7,7,0,0,7,7,1187,0,0,0,0,0
2020-09-23,US,Nebraska,Stanton,39,0,0,41.9169835,-97.19394708,31167.0,658.7837837837837,0.0,39,39,0,0,39,39,5970,0,0,0,0,0
2020-09-23,US,Nebraska,Thayer,29,0,0,40.17626377,-97.59504381,31169.0,579.6522086747951,0.0,29,29,0,0,29,29,5039,0,0,0,0,0
2020-09-23,US,Nebraska,Thomas,5,0,0,41.91358968,-100.5556632,31171.0,692.5207756232687,0.0,5,5,0,0,5,5,720,0,0,0,0,0
2020-09-23,US,Nebraska,Thurston,247,4,0,42.15725356,-96.54157099,31173.0,3419.1583610188263,1.6194331983805668,243,246,4,0,242,245,7303,1,0,0,1,1
2020-09-23,US,Nebraska,Unassigned,246,0,0,0.0,0.0,90031.0,0.0,0.0,246,249,2,0,247,223,,-3,-2,0,-1,26
2020-09-23,US,Nebraska,Valley,30,0,0,41.56730777,-98.98197724,31175.0,721.5007215007214,0.0,30,30,0,0,30,30,4190,0,0,0,0,0
2020-09-23,US,Nebraska,Washington,253,2,0,41.52815707,-96.22019892,31177.0,1220.512325727242,0.7905138339920948,251,249,2,0,247,248,20667,4,0,0,4,1
2020-09-23,US,Nebraska,Wayne,126,0,0,42.20934475,-97.11926964,31179.0,1342.5679275439531,0.0,126,124,0,0,124,123,9403,2,0,0,2,1
2020-09-23,US,Nebraska,Webster,17,0,0,40.17642643,-98.50019851,31181.0,487.52509320332666,0.0,17,17,0,0,17,16,3533,0,0,0,0,1
2020-09-23,US,Nebraska,Wheeler,1,0,0,41.91482725,-98.52798941,31183.0,127.7139208173691,0.0,1,1,0,0,1,1,805,0,0,0,0,0
2020-09-23,US,Nebraska,York,159,2,0,40.87272618,-97.59710186,31185.0,1162.3656700051174,1.2578616352201255,157,151,2,0,149,148,13772,8,0,0,8,3
2020-09-23,US,Nevada,Carson City,529,8,0,39.15509045,-119.7480219,32510.0,946.0619500679593,1.5122873345935728,521,526,8,0,518,525,55414,3,0,0,3,1
2020-09-23,US,Nevada,Churchill,139,3,0,39.58105744,-118.3394607,32001.0,558.0312336906338,2.1582733812949644,136,138,3,0,135,138,24440,1,0,0,1,0
2020-09-23,US,Nevada,Clark,64895,1353,0,36.21458855,-115.0130241,32003.0,2862.9536576058313,2.0849063872409275,63542,64470,1343,0,63127,64288,2231647,425,10,0,415,182
2020-09-23,US,Nevada,Douglas,296,1,0,38.912862,-119.61713329999999,32005.0,605.2550863919845,0.33783783783783783,295,294,1,0,293,294,48467,2,0,0,2,0
2020-09-23,US,Nevada,Elko,925,9,0,41.14531606,-115.3577619,32007.0,1752.6241994770548,0.972972972972973,916,912,9,0,903,905,52460,13,0,0,13,7
2020-09-23,US,Nevada,Eureka,10,0,0,39.98100864,-116.26832040000001,32011.0,492.8536224741252,0.0,10,10,0,0,10,10,2003,0,0,0,0,0
2020-09-23,US,Nevada,Humboldt,121,4,0,41.40692186,-118.11094270000001,32013.0,718.9115322916048,3.3057851239669422,117,120,4,0,116,120,16786,1,0,0,1,0
2020-09-23,US,Nevada,Lander,70,1,0,39.933223299999995,-117.03970749999999,32015.0,1265.3651482284888,1.4285714285714286,69,70,1,0,69,70,5575,0,0,0,0,0
2020-09-23,US,Nevada,Lincoln,7,0,0,37.64268459,-114.8790388,32017.0,135.05691684352692,0.0,7,7,0,0,7,7,5201,0,0,0,0,0
2020-09-23,US,Nevada,Lyon,420,7,0,39.01777974,-119.18704790000001,32019.0,730.3077725612936,1.6666666666666667,413,414,7,0,407,412,55808,6,0,0,6,2
2020-09-23,US,Nevada,Mineral,13,0,0,38.53841696,-118.4344506,32021.0,288.56825749167587,0.0,13,13,0,0,13,13,4514,0,0,0,0,0
2020-09-23,US,Nevada,Nye,498,15,0,38.04264256,-116.47227020000001,32023.0,1070.438277841068,3.0120481927710845,483,495,15,0,480,495,45346,3,0,0,3,0
2020-09-23,US,Nevada,Pershing,21,0,0,40.44003782,-118.40056409999998,32027.0,312.2676579925651,0.0,21,21,0,0,21,21,6666,0,0,0,0,0
2020-09-23,US,Nevada,Storey,9,0,0,39.44875482,-119.5250207,32029.0,218.287654620422,0.0,9,9,0,0,9,9,4029,0,0,0,0,0
2020-09-23,US,Nevada,Washoe,8797,154,0,40.66562265,-119.6631594,32031.0,1865.6724331363105,1.7505967943617142,8643,8743,154,0,8589,8677,465735,54,0,0,54,66
2020-09-23,US,Nevada,White Pine,57,1,0,39.44157041,-114.89996599999999,32033.0,594.9895615866387,1.7543859649122806,56,56,1,0,55,52,9475,1,0,0,1,4
2020-09-23,US,New Hampshire,Belknap,146,4,0,43.51637314,-71.41684235,33001.0,238.16126453844018,2.7397260273972597,142,146,4,0,142,146,61022,0,0,0,0,0
2020-09-23,US,New Hampshire,Carroll,122,2,0,43.87498583,-71.20430216,33003.0,249.4377427928849,1.639344262295082,120,120,2,0,118,119,48779,2,0,0,2,1
2020-09-23,US,New Hampshire,Cheshire,143,3,0,42.92015988,-72.25311043,33005.0,187.9476900834593,2.097902097902098,140,143,3,0,140,142,76493,0,0,0,0,1
2020-09-23,US,New Hampshire,Coos,22,0,0,44.69063265,-71.30633239,33007.0,69.70186610905174,0.0,22,22,0,0,22,21,31589,0,0,0,0,1
2020-09-23,US,New Hampshire,Grafton,137,1,0,43.93779815,-71.82057197,33009.0,152.41528157888882,0.7299270072992701,136,137,1,0,136,134,89786,0,0,0,0,3
2020-09-23,US,New Hampshire,Hillsborough,4310,288,0,42.91537785,-71.7200253,33011.0,1033.511180384869,6.682134570765661,4022,4302,288,0,4014,4296,415247,8,0,0,8,6
2020-09-23,US,New Hampshire,Merrimack,565,23,0,43.29662971,-71.6811573,33013.0,373.205804836483,4.070796460176991,542,560,23,0,537,558,151132,5,0,0,5,2
2020-09-23,US,New Hampshire,Rockingham,1992,103,0,42.98499744,-71.12883377,33015.0,643.0598284528147,5.170682730923695,1889,1989,103,0,1886,1977,309176,3,0,0,3,12
2020-09-23,US,New Hampshire,Strafford,515,13,0,43.291833000000004,-71.02336013,33017.0,394.23422871709295,2.5242718446601944,502,513,13,0,500,503,130090,2,0,0,2,10
2020-09-23,US,New Hampshire,Sullivan,52,1,0,43.36094111,-72.22203125,33019.0,120.52102164742966,1.9230769230769231,51,52,1,0,51,51,43144,0,0,0,0,1
2020-09-23,US,New Hampshire,Unassigned,3,0,0,0.0,0.0,90033.0,0.0,0.0,3,6,0,0,6,5,,-3,0,0,-3,1
2020-09-23,US,New Jersey,Atlantic,3990,256,0,39.47538693,-74.65848483,34001.0,1513.2552053703494,6.416040100250625,3734,3983,256,0,3727,3971,265429,7,0,0,7,12
2020-09-23,US,New Jersey,Bergen,22276,2044,0,40.96010917,-74.07164325,34003.0,2389.610835419791,9.175794577123362,20232,22251,2044,0,20207,22197,936692,25,0,0,25,54
2020-09-23,US,New Jersey,Burlington,7006,494,0,39.87681124,-74.66927768,34005.0,1573.1482500241384,7.051099057950327,6512,6974,493,0,6481,6946,445384,32,1,0,31,28
2020-09-23,US,New Jersey,Camden,9765,606,0,39.80343818,-74.96388753,34007.0,1928.0472129697453,6.205837173579109,9159,9748,605,0,9143,9729,507078,17,1,0,16,19
2020-09-23,US,New Jersey,Cape May,1008,95,0,39.15008829,-74.80170244,34009.0,1095.187909473158,9.424603174603174,913,1004,95,0,909,999,92560,4,0,0,4,5
2020-09-23,US,New Jersey,Cumberland,3757,157,0,39.37199394,-75.10712559,34011.0,2512.5896995191506,4.17886611658238,3600,3749,157,0,3592,3744,150972,8,0,0,8,5
2020-09-23,US,New Jersey,Essex,20898,2127,0,40.78681335,-74.24657979,34013.0,2615.601239087581,10.17800746482917,18771,20874,2126,0,18748,20854,799767,24,1,0,23,20
2020-09-23,US,New Jersey,Gloucester,4389,226,0,39.71581067,-75.13995546,34015.0,1504.9582356087726,5.149236728184097,4163,4358,226,0,4132,4330,291408,31,0,0,31,28
2020-09-23,US,New Jersey,Hudson,20547,1513,0,40.73766234,-74.07515667,34017.0,3055.8112764745506,7.363605392514723,19034,20540,1513,0,19027,20506,676061,7,0,0,7,34
2020-09-23,US,New Jersey,Hunterdon,1296,125,0,40.56335249,-74.91284156,34019.0,1042.043563210073,9.645061728395063,1171,1292,125,0,1167,1288,124714,4,0,0,4,4
2020-09-23,US,New Jersey,Mercer,8596,635,0,40.28047017,-74.70479631,34021.0,2339.4932368070113,7.387156817124244,7961,8583,635,0,7948,8576,369811,13,0,0,13,7
2020-09-23,US,New Jersey,Middlesex,19210,1425,0,40.43629879,-74.41426991,34023.0,2328.30987247019,7.418011452368558,17785,19158,1425,0,17733,19116,829685,52,0,0,52,42
2020-09-23,US,New Jersey,Monmouth,11605,865,0,40.26549699,-74.22240686,34025.0,1875.4191614347242,7.453683757001293,10740,11584,865,0,10719,11544,621354,21,0,0,21,40
2020-09-23,US,New Jersey,Morris,7795,831,0,40.86095313,-74.54553709999998,34027.0,1584.848885319562,10.66067992302758,6964,7775,831,0,6944,7763,494228,20,0,0,20,12
2020-09-23,US,New Jersey,Ocean,12436,1044,0,39.8895449,-74.28089251,34029.0,2048.1368147486933,8.394982309424252,11392,12382,1043,0,11339,12317,601651,54,1,0,53,65
2020-09-23,US,New Jersey,Passaic,18877,1252,0,41.03238628,-74.29954144,34031.0,3761.66240888276,6.632409810880966,17625,18846,1253,0,17593,18832,503310,31,-1,0,32,14
2020-09-23,US,New Jersey,Salem,1052,90,0,39.58719656,-75.34696629999998,34033.0,1686.30279714675,8.555133079847911,962,1047,89,0,958,1047,62607,5,1,0,4,0
2020-09-23,US,New Jersey,Somerset,5725,572,0,40.56465737,-74.61683016,34035.0,1740.4707327305782,9.991266375545852,5153,5709,569,0,5140,5703,331164,16,3,0,13,6
2020-09-23,US,New Jersey,Sussex,1461,198,0,41.13891592,-74.69118243,34037.0,1039.9464722965663,13.5523613963039,1263,1456,198,0,1258,1453,140799,5,0,0,5,3
2020-09-23,US,New Jersey,Unassigned,346,0,0,0.0,0.0,90034.0,0.0,0.0,346,326,0,0,326,340,,20,0,0,20,-14
2020-09-23,US,New Jersey,Union,17517,1356,0,40.65835409,-74.30680092,34039.0,3148.608497306508,7.741051549922933,16161,17505,1357,0,16148,17466,558067,12,-1,0,13,39
2020-09-23,US,New Jersey,Warren,1436,171,0,40.85951833,-74.99556527,34041.0,1364.150208517389,11.908077994428972,1265,1436,171,0,1265,1433,105779,0,0,0,0,3
2020-09-23,US,New Mexico,Bernalillo,6270,173,0,35.05163625,-106.6703554,35001.0,923.2522628515393,2.7591706539074963,6097,6247,173,0,6074,6226,678701,23,0,0,23,21
2020-09-23,US,New Mexico,Catron,9,1,0,33.91514144,-108.4046587,35003.0,255.17436915225403,11.111111111111109,8,9,1,0,8,9,3578,0,0,0,0,0
2020-09-23,US,New Mexico,Chaves,1066,11,0,33.36406072,-104.4665365,35005.0,1649.7717248316953,1.0318949343339587,1055,1044,11,0,1033,1040,64689,22,0,0,22,4
2020-09-23,US,New Mexico,Cibola,413,20,0,34.91131525,-107.998876,35006.0,1548.266166822868,4.842615012106537,393,406,20,0,386,404,26746,7,0,0,7,2
2020-09-23,US,New Mexico,Colfax,29,1,0,36.60569702,-104.64726740000002,35007.0,242.86073193199903,3.4482758620689653,28,27,1,0,26,27,12110,2,0,0,2,0
2020-09-23,US,New Mexico,Curry,759,5,0,34.57421077,-103.34688759999999,35009.0,1550.4351023409731,0.6587615283267457,754,744,5,0,739,743,49437,15,0,0,15,1
2020-09-23,US,New Mexico,De Baca,1,0,0,34.34274529,-104.4117842,35011.0,57.20823798627003,0.0,1,1,0,0,1,1,1781,0,0,0,0,0
2020-09-23,US,New Mexico,Dona Ana,3198,54,0,32.35275771,-106.83293870000001,35013.0,1465.661449620752,1.6885553470919326,3144,3165,53,0,3112,3147,217522,33,1,0,32,18
2020-09-23,US,New Mexico,Eddy,735,7,0,32.47167456,-104.3053527,35015.0,1257.2699281560042,0.9523809523809524,728,713,7,0,706,699,57900,22,0,0,22,14
2020-09-23,US,New Mexico,Grant,112,2,0,32.73911281,-108.3827845,35017.0,414.84554411437887,1.7857142857142858,110,110,2,0,108,108,27346,2,0,0,2,2
2020-09-23,US,New Mexico,Guadalupe,34,1,0,34.86319296,-104.790669,35019.0,790.6976744186046,2.9411764705882355,33,34,1,0,33,34,4341,0,0,0,0,0
2020-09-23,US,New Mexico,Harding,2,0,0,35.85751555,-103.82209379999999,35021.0,320.0,0.0,2,2,0,0,2,2,655,0,0,0,0,0
2020-09-23,US,New Mexico,Hidalgo,99,2,0,31.91383467,-108.7151824,35023.0,2358.265840876608,2.0202020202020203,97,99,2,0,97,99,4240,0,0,0,0,0
2020-09-23,US,New Mexico,Lea,1349,22,0,32.79215361,-103.4123733,35025.0,1898.1286056001127,1.630837657524092,1327,1342,21,0,1321,1334,69611,7,1,0,6,8
2020-09-23,US,New Mexico,Lincoln,196,3,0,33.74526079,-105.4586166,35027.0,1001.4306151645208,1.5306122448979589,193,189,3,0,186,189,19556,7,0,0,7,0
2020-09-23,US,New Mexico,Los Alamos,32,0,0,35.86631386,-106.31349850000001,35028.0,165.21245288863648,0.0,32,31,0,0,31,31,19101,1,0,0,1,0
2020-09-23,US,New Mexico,Luna,411,6,0,32.18179341,-107.75088259999998,35029.0,1733.5189168670126,1.45985401459854,405,409,6,0,403,408,23963,2,0,0,2,1
2020-09-23,US,New Mexico,McKinley,4304,256,0,35.58007720000001,-108.262245,35031.0,6030.7985483486755,5.947955390334573,4048,4300,255,0,4045,4295,72290,4,1,0,3,5
2020-09-23,US,New Mexico,Mora,7,0,0,36.01095101,-104.9497716,35033.0,154.83300154833,0.0,7,7,0,0,7,7,4506,0,0,0,0,0
2020-09-23,US,New Mexico,Otero,251,13,0,32.61348406,-105.7417604,35035.0,371.90694917765603,5.179282868525896,238,247,13,0,234,248,66781,4,0,0,4,-1
2020-09-23,US,New Mexico,Quay,74,2,0,35.10403332,-103.54817270000001,35037.0,896.6436447352478,2.702702702702702,72,73,2,0,71,73,8253,1,0,0,1,0
2020-09-23,US,New Mexico,Rio Arriba,386,13,0,36.51072137,-106.69316740000001,35039.0,991.7525243441844,3.3678756476683938,373,386,13,0,373,386,39006,0,0,0,0,0
2020-09-23,US,New Mexico,Roosevelt,275,3,0,34.02097406,-103.4799493,35041.0,1486.4864864864865,1.0909090909090908,272,270,3,0,267,268,18743,5,0,0,5,2
2020-09-23,US,New Mexico,San Juan,3280,197,0,36.50838318,-108.32043700000001,35045.0,2646.0575356169024,6.0060975609756095,3083,3276,197,0,3079,3266,125043,4,0,0,4,10
2020-09-23,US,New Mexico,San Miguel,103,0,0,35.48014807,-104.8163562,35047.0,377.60750815705535,0.0,103,103,0,0,103,94,27591,0,0,0,0,9
2020-09-23,US,New Mexico,Sandoval,1320,41,0,35.68862401,-106.86878030000001,35043.0,899.5011857061086,3.1060606060606064,1279,1315,41,0,1274,1314,145179,5,0,0,5,1
2020-09-23,US,New Mexico,Santa Fe,961,6,0,35.50708973,-105.9774716,35049.0,639.1412495510715,0.6243496357960457,955,960,6,0,954,957,150056,1,0,0,1,3
2020-09-23,US,New Mexico,Sierra,44,1,0,33.13028233,-107.1925893,35051.0,407.7471967380224,2.272727272727273,43,43,1,0,42,42,10968,1,0,0,1,1
2020-09-23,US,New Mexico,Socorro,97,6,0,34.00715494,-106.9298354,35053.0,583.0378072969886,6.185567010309278,91,91,6,0,85,89,16735,6,0,0,6,2
2020-09-23,US,New Mexico,Taos,133,4,0,36.58006022,-105.63101979999999,35055.0,406.4419521437521,3.0075187969924815,129,131,4,0,127,131,32835,2,0,0,2,0
2020-09-23,US,New Mexico,Torrance,66,1,0,34.64048375,-105.8508949,35057.0,426.8805381281935,1.5151515151515151,65,66,1,0,65,65,15591,0,0,0,0,1
2020-09-23,US,New Mexico,Unassigned,1373,0,0,0.0,0.0,90035.0,0.0,0.0,1373,1361,0,0,1361,1361,,12,0,0,12,0
2020-09-23,US,New Mexico,Union,31,2,0,36.48126404,-103.4709624,35059.0,763.7349100763735,6.451612903225807,29,31,2,0,29,31,4118,0,0,0,0,0
2020-09-23,US,New Mexico,Valencia,567,4,0,34.71669834,-106.8103733,35061.0,739.3594825787607,0.7054673721340388,563,558,4,0,554,555,76456,9,0,0,9,3
2020-09-23,US,New York,Albany,3043,134,0,42.60060306,-73.97723916,36001.0,996.0524506883662,4.4035491291488675,2909,3037,134,0,2903,3024,307117,6,0,0,6,13
2020-09-23,US,New York,Allegany,99,1,0,42.25748406,-78.02750466,36003.0,214.7924757544857,1.0101010101010102,98,99,1,0,98,99,46430,0,0,0,0,0
2020-09-23,US,New York,Bronx,52710,4943,0,40.85209301,-73.86282755,36005.0,3716.664774606246,9.377727186492127,47767,52666,4942,0,47724,52619,1432132,44,1,0,43,47
2020-09-23,US,New York,Broome,1480,69,0,42.15903158,-75.81326086,36007.0,776.9518289866028,4.662162162162162,1411,1476,69,0,1407,1472,191659,4,0,0,4,4
2020-09-23,US,New York,Cattaraugus,258,6,0,42.24778241,-78.67923096,36009.0,338.95187671610813,2.3255813953488373,252,255,6,0,249,255,76840,3,0,0,3,0
2020-09-23,US,New York,Cayuga,204,2,0,42.91261714,-76.55731592,36011.0,266.402005850397,0.9803921568627452,202,202,2,0,200,199,77145,2,0,0,2,3
2020-09-23,US,New York,Chautauqua,551,9,0,42.22769210000001,-79.36691763,36013.0,434.1898930679338,1.6333938294010892,542,547,9,0,538,541,127939,4,0,0,4,6
2020-09-23,US,New York,Chemung,361,3,0,42.13891056,-76.7638805,36015.0,432.56326687116564,0.8310249307479224,358,349,3,0,346,338,84254,12,0,0,12,11
2020-09-23,US,New York,Chenango,248,7,0,42.49430041,-75.60887553,36017.0,525.3458173575953,2.8225806451612905,241,248,7,0,241,248,47536,0,0,0,0,0
2020-09-23,US,New York,Clinton,156,5,0,44.74530905,-73.67875352,36019.0,193.8249363235385,3.2051282051282053,151,155,5,0,150,154,80695,1,0,0,1,1
2020-09-23,US,New York,Columbia,585,37,0,42.24819348,-73.63089095,36021.0,983.8381460116716,6.3247863247863245,548,582,37,0,545,582,59916,3,0,0,3,0
2020-09-23,US,New York,Cortland,164,0,0,42.59509207,-76.07048931,36023.0,344.67539564111723,0.0,164,162,0,0,162,161,47823,2,0,0,2,1
2020-09-23,US,New York,Delaware,132,4,0,42.19837623,-74.96709306,36025.0,299.08236093803106,3.0303030303030303,128,131,4,0,127,130,44527,1,0,0,1,1
2020-09-23,US,New York,Dutchess,5089,153,0,41.76486060000001,-73.74356679,36027.0,1729.6698366517346,3.006484574572608,4936,5084,153,0,4931,5076,293718,5,0,0,5,8
2020-09-23,US,New York,Erie,11112,689,0,42.76249024,-78.73063652,36029.0,1209.5325796613047,6.2005039596832265,10423,11082,689,0,10393,11042,919719,30,0,0,30,40
2020-09-23,US,New York,Essex,161,0,0,44.11630765,-73.77297842,36031.0,436.4917988342145,0.0,161,161,0,0,161,160,37300,0,0,0,0,1
2020-09-23,US,New York,Franklin,65,0,0,44.59040891,-74.29926032,36033.0,129.94282515693095,0.0,65,65,0,0,65,65,50293,0,0,0,0,0
2020-09-23,US,New York,Fulton,332,24,0,43.11363907,-74.41798804,36035.0,621.9208362212688,7.2289156626506035,308,332,24,0,308,332,53591,0,0,0,0,0
2020-09-23,US,New York,Genesee,317,5,0,43.0022601,-78.19135193,36037.0,553.4217877094973,1.5772870662460567,312,317,5,0,312,316,57511,0,0,0,0,1
2020-09-23,US,New York,Greene,321,18,0,42.275797,-74.12384884,36039.0,680.2576926337205,5.607476635514018,303,321,18,0,303,320,47491,0,0,0,0,1
2020-09-23,US,New York,Hamilton,15,0,0,43.66146647,-74.49721957,36041.0,339.67391304347825,0.0,15,15,0,0,15,15,4434,0,0,0,0,0
2020-09-23,US,New York,Herkimer,327,10,0,43.42034246,-74.96145307,36043.0,533.2767983822306,3.058103975535168,317,322,10,0,312,321,61833,5,0,0,5,1
2020-09-23,US,New York,Jefferson,164,0,0,44.04200959,-75.94653457,36045.0,149.31624087258953,0.0,164,164,0,0,164,163,111755,0,0,0,0,1
2020-09-23,US,New York,Kings,67510,7319,0,40.636182500000004,-73.94935552,36047.0,2637.209300508652,10.841356836024294,60191,67391,7319,0,60072,67227,2582830,119,0,0,119,164
2020-09-23,US,New York,Lewis,50,0,0,43.784415700000004,-75.44903992,36049.0,190.14298752661998,0.0,50,50,0,0,50,50,26447,0,0,0,0,0
2020-09-23,US,New York,Livingston,202,8,0,42.72596275,-77.77966158,36051.0,321.07321105000483,3.96039603960396,194,202,8,0,194,201,63227,0,0,0,0,1
2020-09-23,US,New York,Madison,489,17,0,42.91653905,-75.67266639,36053.0,689.3051972766101,3.476482617586912,472,489,17,0,472,488,70795,0,0,0,0,1
2020-09-23,US,New York,Monroe,5940,289,0,43.14638895,-77.69322942,36055.0,800.7873060382599,4.865319865319865,5651,5925,289,0,5636,5911,742474,15,0,0,15,14
2020-09-23,US,New York,Montgomery,230,4,0,42.90123494,-74.44011632,36057.0,467.28022591983085,1.7391304347826086,226,229,4,0,225,227,49455,1,0,0,1,2
2020-09-23,US,New York,Nassau,46388,2201,0,40.74066522,-73.58941873,36059.0,3418.614454457287,4.744761576269724,44187,46325,2201,0,44124,46259,1358343,63,0,0,63,66
2020-09-23,US,New York,New York,33187,3173,0,40.76727260000001,-73.97152637,36061.0,2037.6298730403155,9.560972670021394,30014,33146,3173,0,29973,33105,,41,0,0,41,41
2020-09-23,US,New York,Niagara,1741,101,0,43.19898042,-78.74777412,36063.0,831.8958720571862,5.8012636415852965,1640,1733,101,0,1632,1728,210433,8,0,0,8,5
2020-09-23,US,New York,Oneida,2387,123,0,43.24375382,-75.43710392,36065.0,1043.8577694591793,5.152911604524507,2264,2378,123,0,2255,2378,229577,9,0,0,9,0
2020-09-23,US,New York,Onondaga,4270,205,0,43.00491923,-76.19971155,36067.0,927.1966091095436,4.8009367681498825,4065,4253,205,0,4048,4231,461809,17,0,0,17,22
2020-09-23,US,New York,Ontario,466,35,0,42.85145728,-77.30874425,36069.0,424.49693469488136,7.510729613733907,431,465,35,0,430,464,109864,1,0,0,1,1
2020-09-23,US,New York,Orange,11851,498,0,41.40337468,-74.30240757,36071.0,3078.6616096014964,4.202177031474137,11353,11835,498,0,11337,11822,381951,16,0,0,16,13
2020-09-23,US,New York,Orleans,325,54,0,43.2516977,-78.2320066,36073.0,805.4123711340206,16.615384615384613,271,325,54,0,271,324,40612,0,0,0,0,1
2020-09-23,US,New York,Oswego,468,3,0,43.42778894,-76.14635194,36075.0,399.57651719545095,0.6410256410256411,465,464,3,0,461,456,117898,4,0,0,4,8
2020-09-23,US,New York,Otsego,333,5,0,42.63492579,-75.03151402,36077.0,559.7297161010539,1.5015015015015014,328,332,5,0,327,332,59749,1,0,0,1,0
2020-09-23,US,New York,Putnam,1587,63,0,41.42630093,-73.74965532,36079.0,1614.1171684296175,3.9697542533081287,1524,1583,63,0,1520,1577,98892,4,0,0,4,6
2020-09-23,US,New York,Queens,71881,7244,0,40.71088124,-73.81684712,36081.0,3189.24262309338,10.077767421154409,64637,71818,7245,0,64573,71752,2278906,63,-1,0,64,66
2020-09-23,US,New York,Rensselaer,902,42,0,42.71348136,-73.51089874,36083.0,568.3178547576142,4.656319290465632,860,901,42,0,859,901,159442,1,0,0,1,0
2020-09-23,US,New York,Richmond,15799,1085,0,40.58582155,-74.14808598,36085.0,3318.1208166454194,6.867523260965884,14714,15786,1085,0,14701,15753,476179,13,0,0,13,33
2020-09-23,US,New York,Rockland,14954,675,0,41.15027894,-74.02560498,36087.0,4590.0874492386165,4.513842450180554,14279,14891,675,0,14216,14833,325695,63,0,0,63,58
2020-09-23,US,New York,Saratoga,1014,17,0,43.10904162,-73.86653895,36091.0,441.1323266467418,1.6765285996055226,997,1006,17,0,989,1004,230163,8,0,0,8,2
2020-09-23,US,New York,Schenectady,1388,48,0,42.81668777,-74.05278291,36093.0,893.7597795220832,3.4582132564841497,1340,1383,48,0,1335,1383,155350,5,0,0,5,0
2020-09-23,US,New York,Schoharie,83,0,0,42.58831742,-74.44339029999998,36095.0,267.7505725991161,0.0,83,83,0,0,83,83,31097,0,0,0,0,0
2020-09-23,US,New York,Schuyler,40,0,0,42.39184015,-76.8773299,36097.0,224.63076318301796,0.0,40,39,0,0,39,38,17912,1,0,0,1,1
2020-09-23,US,New York,Seneca,105,3,0,42.78081007,-76.82497064,36099.0,308.67826904985884,2.8571428571428568,102,105,3,0,102,105,34300,0,0,0,0,0
2020-09-23,US,New York,St. Lawrence,320,4,0,44.4976179,-75.06550039,36089.0,297.01132355671064,1.25,316,319,4,0,315,318,108047,1,0,0,1,1
2020-09-23,US,New York,Steuben,366,42,0,42.2689144,-77.3829924,36101.0,383.73226810933227,11.475409836065571,324,360,42,0,318,353,95796,6,0,0,6,7
2020-09-23,US,New York,Suffolk,46208,2011,0,40.88320119,-72.8012172,36103.0,3129.3490929506347,4.3520602493074785,44197,46176,2011,0,44165,46109,1481093,32,0,0,32,67
2020-09-23,US,New York,Sullivan,1576,48,0,41.71579493,-74.76394559,36105.0,2089.2989712588824,3.045685279187817,1528,1573,48,0,1525,1573,75498,3,0,0,3,0
2020-09-23,US,New York,Tioga,225,25,0,42.16852837,-76.30835812,36107.0,466.7759268095346,11.111111111111109,200,225,25,0,200,224,48560,0,0,0,0,1
2020-09-23,US,New York,Tompkins,405,0,0,42.44945765,-76.47229843,36109.0,396.35936582501466,0.0,405,399,0,0,399,398,102793,6,0,0,6,1
2020-09-23,US,New York,Ulster,2244,95,0,41.89027881,-74.26252104,36111.0,1263.7056309236202,4.233511586452763,2149,2244,95,0,2149,2242,178599,0,0,0,0,2
2020-09-23,US,New York,Unassigned,0,16,0,0.0,0.0,90036.0,0.0,0.0,-16,0,16,0,-16,0,,0,0,0,0,0
2020-09-23,US,New York,Warren,366,33,0,43.56173026,-73.8433699,36113.0,572.3758288502439,9.016393442622949,333,363,33,0,330,363,64265,3,0,0,3,0
2020-09-23,US,New York,Washington,289,14,0,43.31153794,-73.43043448,36115.0,472.1913600418274,4.844290657439447,275,288,14,0,274,287,61197,1,0,0,1,1
2020-09-23,US,New York,Wayne,312,5,0,43.15494365,-77.02976528,36117.0,346.9828065570853,1.6025641025641026,307,311,5,0,306,311,90064,1,0,0,1,0
2020-09-23,US,New York,Westchester,37903,1454,0,41.16278376,-73.75741653,36119.0,3917.5984438339397,3.8361079597921006,36449,37866,1454,0,36412,37837,967612,37,0,0,37,29
2020-09-23,US,New York,Wyoming,132,5,0,42.70145109,-78.22199579,36121.0,331.16736496148917,3.787878787878788,127,132,5,0,127,132,40085,0,0,0,0,0
2020-09-23,US,New York,Yates,62,7,0,42.63505484,-77.10369919,36123.0,248.8660538674588,11.290322580645164,55,62,7,0,55,62,24841,0,0,0,0,0
2020-09-23,US,North Carolina,Alamance,3793,54,0,36.0434701,-79.39976137,37001.0,2237.639299388233,1.4236751911415766,3739,3771,54,0,3717,3749,166436,22,0,0,22,22
2020-09-23,US,North Carolina,Alexander,495,6,0,35.922379600000006,-81.17751948,37003.0,1320.105608448676,1.2121212121212122,489,491,6,0,485,488,37353,4,0,0,4,3
2020-09-23,US,North Carolina,Alleghany,220,0,0,36.49360862,-81.12857041,37005.0,1975.3973242345335,0.0,220,220,0,0,220,220,11161,0,0,0,0,0
2020-09-23,US,North Carolina,Anson,558,4,0,34.97403241,-80.09953279,37007.0,2282.582017507977,0.7168458781362007,554,556,4,0,552,553,24877,2,0,0,2,3
2020-09-23,US,North Carolina,Ashe,252,1,0,36.43296207,-81.49862729,37009.0,926.3684152483182,0.3968253968253968,251,252,1,0,251,251,27109,0,0,0,0,1
2020-09-23,US,North Carolina,Avery,330,0,0,36.07569796,-81.92308483,37011.0,1879.592185453096,0.0,330,326,0,0,326,325,17505,4,0,0,4,1
2020-09-23,US,North Carolina,Beaufort,869,17,0,35.48531943,-76.84325809,37013.0,1849.1722347533728,1.9562715765247407,852,866,17,0,849,855,47079,3,0,0,3,11
2020-09-23,US,North Carolina,Bertie,555,8,0,36.0688473,-76.96545943,37015.0,2929.223623792685,1.4414414414414414,547,554,8,0,546,553,19026,1,0,0,1,1
2020-09-23,US,North Carolina,Bladen,831,14,0,34.61296243,-78.56180059,37017.0,2539.5758205488664,1.6847172081829125,817,825,14,0,811,821,33190,6,0,0,6,4
2020-09-23,US,North Carolina,Brunswick,1555,26,0,34.070565,-78.22814204,37019.0,1088.7830836017365,1.6720257234726688,1529,1543,26,0,1517,1535,136744,12,0,0,12,8
2020-09-23,US,North Carolina,Buncombe,2923,80,0,35.61113393,-82.53305,37021.0,1119.104410182587,2.7369141293191928,2843,2892,80,0,2812,2874,259103,31,0,0,31,18
2020-09-23,US,North Carolina,Burke,2033,36,0,35.74989637,-81.70755735,37023.0,2246.78123445875,1.7707820954254796,1997,2033,35,0,1998,2031,90382,0,1,0,-1,2
2020-09-23,US,North Carolina,Cabarrus,3836,63,0,35.3877799,-80.55267168,37025.0,1772.2092093895671,1.6423357664233578,3773,3811,62,0,3749,3770,211342,25,1,0,24,41
2020-09-23,US,North Carolina,Caldwell,1581,18,0,35.95204977,-81.54799522,37027.0,1923.8725693007864,1.1385199240986716,1563,1580,18,0,1562,1571,82029,1,0,0,1,9
2020-09-23,US,North Carolina,Camden,111,3,0,36.33804939,-76.15568396,37029.0,1021.4410600901813,2.702702702702702,108,111,3,0,108,109,10710,0,0,0,0,2
2020-09-23,US,North Carolina,Carteret,621,5,0,34.8932941,-76.54120135,37031.0,893.8724396528148,0.8051529790660226,616,619,5,0,614,615,69524,2,0,0,2,4
2020-09-23,US,North Carolina,Caswell,325,3,0,36.39312665,-79.33353281,37033.0,1437.7986197133248,0.9230769230769232,322,324,3,0,321,318,22698,1,0,0,1,6
2020-09-23,US,North Carolina,Catawba,3014,52,0,35.66211129,-81.2132617,37035.0,1889.0511497890961,1.7252820172528205,2962,3006,52,0,2954,2987,158652,8,0,0,8,19
2020-09-23,US,North Carolina,Chatham,1618,57,0,35.70394416,-79.25541492,37037.0,2172.686988048879,3.5228677379480837,1561,1613,57,0,1556,1604,73139,5,0,0,5,9
2020-09-23,US,North Carolina,Cherokee,587,10,0,35.1349263,-84.05970864,37039.0,2051.586746819516,1.7035775127768311,577,581,10,0,571,579,28383,6,0,0,6,2
2020-09-23,US,North Carolina,Chowan,320,3,0,36.12908077,-76.60118385,37041.0,2295.0584522699564,0.9375,317,313,3,0,310,313,14029,7,0,0,7,0
2020-09-23,US,North Carolina,Clay,113,2,0,35.05704275,-83.74353633,37043.0,1006.1437093758348,1.7699115044247788,111,112,2,0,110,112,11139,1,0,0,1,0
2020-09-23,US,North Carolina,Cleveland,2095,60,0,35.33553364,-81.55204486,37045.0,2138.911860495982,2.863961813842482,2035,2071,60,0,2011,2040,97645,24,0,0,24,31
2020-09-23,US,North Carolina,Columbus,1328,54,0,34.26744084,-78.65801424,37047.0,2392.4479354327304,4.066265060240964,1274,1320,54,0,1266,1312,55655,8,0,0,8,8
2020-09-23,US,North Carolina,Craven,1307,33,0,35.11833364,-77.08398081,37049.0,1279.6287412251932,2.5248661055853097,1274,1294,32,0,1262,1287,102912,13,1,0,12,7
2020-09-23,US,North Carolina,Cumberland,5238,75,0,35.04762133,-78.82623165,37051.0,1561.2099824445843,1.4318442153493702,5163,5178,75,0,5103,5089,332330,60,0,0,60,89
2020-09-23,US,North Carolina,Currituck,177,1,0,36.36123664,-75.95876401,37053.0,637.5391708388862,0.5649717514124294,176,170,1,0,169,166,27072,7,0,0,7,4
2020-09-23,US,North Carolina,Dare,265,3,0,35.66520691,-75.71767334,37055.0,716.0420438271773,1.1320754716981132,262,264,2,0,262,264,36501,1,1,0,0,0
2020-09-23,US,North Carolina,Davidson,2651,34,0,35.79115496,-80.21256572,37057.0,1581.6573095716815,1.2825348924933988,2617,2638,34,0,2604,2613,166614,13,0,0,13,25
2020-09-23,US,North Carolina,Davie,537,6,0,35.93099927,-80.54496571,37059.0,1253.3258647248285,1.11731843575419,531,534,6,0,528,533,42733,3,0,0,3,1
2020-09-23,US,North Carolina,Duplin,2152,53,0,34.93449805,-77.93140529,37061.0,3663.5399465450014,2.4628252788104095,2099,2146,53,0,2093,2140,58856,6,0,0,6,6
2020-09-23,US,North Carolina,Durham,7589,92,0,36.03638492,-78.87608331,37063.0,2360.585776140945,1.2122809329292397,7497,7563,91,0,7472,7523,316739,26,1,0,25,40
2020-09-23,US,North Carolina,Edgecombe,1289,44,0,35.91230639,-77.59436892,37065.0,2504.2741684799507,3.4134988363072147,1245,1284,39,0,1245,1279,52005,5,5,0,0,5
2020-09-23,US,North Carolina,Forsyth,6886,96,0,36.12859861,-80.25459052,37067.0,1801.2268012921961,1.3941330235259948,6790,6850,95,0,6755,6833,379099,36,1,0,35,17
2020-09-23,US,North Carolina,Franklin,1199,31,0,36.081519,-78.28708884,37069.0,1720.5998421468037,2.585487906588824,1168,1191,31,0,1160,1189,67560,8,0,0,8,2
2020-09-23,US,North Carolina,Gaston,4923,77,0,35.29373559,-81.17477045,37071.0,2192.589821359379,1.5640869388584198,4846,4892,77,0,4815,4861,222846,31,0,0,31,31
2020-09-23,US,North Carolina,Gates,134,3,0,36.44667547,-76.69749701,37073.0,1158.9690364988755,2.238805970149253,131,128,3,0,125,127,11573,6,0,0,6,1
2020-09-23,US,North Carolina,Graham,128,2,0,35.3506925,-83.83369267,37075.0,1516.4080085297946,1.5625,126,126,2,0,124,122,8484,2,0,0,2,4
2020-09-23,US,North Carolina,Granville,1704,49,0,36.30337451,-78.65184241,37077.0,2819.1850172890167,2.875586854460094,1655,1696,49,0,1647,1689,60115,8,0,0,8,7
2020-09-23,US,North Carolina,Greene,507,5,0,35.48544173,-77.67578087,37079.0,2406.37904029617,0.9861932938856016,502,507,5,0,502,505,21012,0,0,0,0,2
2020-09-23,US,North Carolina,Guilford,8244,179,0,36.07959451,-79.78824948,37081.0,1534.6982541969642,2.1712760795730226,8065,8209,176,0,8033,8157,533670,35,3,0,32,52
2020-09-23,US,North Carolina,Halifax,980,18,0,36.25669272,-77.6556109,37083.0,1959.608078384323,1.836734693877551,962,977,18,0,959,964,50574,3,0,0,3,13
2020-09-23,US,North Carolina,Harnett,2104,52,0,35.36731853,-78.87243571,37085.0,1547.3318820968411,2.4714828897338403,2052,2077,52,0,2025,2064,134214,27,0,0,27,13
2020-09-23,US,North Carolina,Haywood,587,31,0,35.55269063,-82.98196486,37087.0,941.9580531797102,5.281090289608177,556,585,31,0,554,580,61971,2,0,0,2,5
2020-09-23,US,North Carolina,Henderson,1927,64,0,35.33788927,-82.4766782,37089.0,1641.1592869857004,3.321224701608718,1863,1923,64,0,1859,1906,116748,4,0,0,4,17
2020-09-23,US,North Carolina,Hertford,718,27,0,36.3607755,-76.98104134,37091.0,3032.47877687207,3.7604456824512535,691,707,27,0,680,693,23659,11,0,0,11,14
2020-09-23,US,North Carolina,Hoke,1088,17,0,35.01888303,-79.23651674,37093.0,1969.801209400008,1.5625,1071,1077,17,0,1060,1068,54764,11,0,0,11,9
2020-09-23,US,North Carolina,Hyde,124,5,0,35.42017674,-76.15180542,37095.0,2511.646749037877,4.032258064516129,119,124,5,0,119,124,5230,0,0,0,0,0
2020-09-23,US,North Carolina,Iredell,2708,27,0,35.80950511,-80.8743128,37097.0,1489.4997964863644,0.9970457902511078,2681,2686,27,0,2659,2683,178435,22,0,0,22,3
2020-09-23,US,North Carolina,Jackson,538,7,0,35.28814273,-83.14093385,37099.0,1224.4526378078199,1.3011152416356877,531,534,7,0,527,532,43327,4,0,0,4,2
2020-09-23,US,North Carolina,Johnston,4270,55,0,35.51745004,-78.36622717,37101.0,2039.7537009348473,1.2880562060889928,4215,4263,55,0,4208,4254,202675,7,0,0,7,9
2020-09-23,US,North Carolina,Jones,148,11,0,35.02254606,-77.35870791,37103.0,1571.2920692217858,7.432432432432432,137,148,11,0,137,144,9637,0,0,0,0,4
2020-09-23,US,North Carolina,Lee,1588,13,0,35.47623147,-79.17569362,37105.0,2570.4527428414185,0.8186397984886651,1575,1583,13,0,1570,1572,61452,5,0,0,5,11
2020-09-23,US,North Carolina,Lenoir,946,29,0,35.24032589999999,-77.64245615,37107.0,1690.8255732899606,3.06553911205074,917,947,29,0,918,939,55976,-1,0,0,-1,8
2020-09-23,US,North Carolina,Lincoln,1513,14,0,35.48508185,-81.21740317,37109.0,1757.034525205839,0.9253139458030404,1499,1500,14,0,1486,1473,83770,13,0,0,13,27
2020-09-23,US,North Carolina,Macon,585,2,0,35.14867843,-83.41696617,37113.0,1631.435105136929,0.3418803418803419,583,585,2,0,583,583,35285,0,0,0,0,2
2020-09-23,US,North Carolina,Madison,91,1,0,35.85402722,-82.71346418,37115.0,418.2946449092163,1.0989010989010992,90,91,1,0,90,90,21763,0,0,0,0,1
2020-09-23,US,North Carolina,Martin,428,10,0,35.84326734,-77.10860251,37117.0,1907.308377896613,2.336448598130841,418,422,10,0,412,420,22671,6,0,0,6,2
2020-09-23,US,North Carolina,McDowell,886,26,0,35.67736232,-82.0482425,37111.0,1936.3580732581518,2.9345372460496613,860,884,26,0,858,883,45507,2,0,0,2,1
2020-09-23,US,North Carolina,Mecklenburg,27768,343,0,35.24469268,-80.8317671,37119.0,2500.819556970917,1.235234802650533,27425,27687,342,0,27345,27586,1093901,81,1,0,80,101
2020-09-23,US,North Carolina,Mitchell,104,3,0,36.01059309,-82.1582442,37121.0,695.0013365410318,2.8846153846153846,101,105,3,0,102,105,15000,-1,0,0,-1,0
2020-09-23,US,North Carolina,Montgomery,1029,26,0,35.33155144,-79.90416657,37123.0,3786.847238067199,2.526724975704568,1003,1028,26,0,1002,1026,27271,1,0,0,1,2
2020-09-23,US,North Carolina,Moore,1540,27,0,35.30885257,-79.48474178,37125.0,1526.5662172878667,1.7532467532467533,1513,1536,27,0,1509,1535,98682,4,0,0,4,1
2020-09-23,US,North Carolina,Nash,2233,39,0,35.96575634,-77.98422508,37127.0,2368.02477252964,1.7465293327362292,2194,2210,38,0,2172,2177,94016,23,1,0,22,33
2020-09-23,US,North Carolina,New Hanover,3949,29,0,34.25758282,-77.87075626,37129.0,1684.202445484128,0.7343631299063054,3920,3934,29,0,3905,3914,232274,15,0,0,15,20
2020-09-23,US,North Carolina,Northampton,412,17,0,36.41736238,-77.39769443,37131.0,2114.6640661089154,4.12621359223301,395,410,17,0,393,407,19676,2,0,0,2,3
2020-09-23,US,North Carolina,Onslow,1899,23,0,34.72607366,-77.42908179,37133.0,959.391324556174,1.2111637704054763,1876,1877,23,0,1854,1859,197683,22,0,0,22,18
2020-09-23,US,North Carolina,Orange,2603,55,0,36.06092947,-79.12167935,37135.0,1753.1452894743936,2.1129466000768344,2548,2604,55,0,2549,2594,146027,-1,0,0,-1,10
2020-09-23,US,North Carolina,Pamlico,235,2,0,35.15253315,-76.66559823,37137.0,1846.6132327518467,0.851063829787234,233,235,2,0,233,233,12670,0,0,0,0,2
2020-09-23,US,North Carolina,Pasquotank,688,30,0,36.26723798,-76.25134778,37139.0,1727.6014463640015,4.3604651162790695,658,683,29,0,654,677,39639,5,1,0,4,6
2020-09-23,US,North Carolina,Pender,909,5,0,34.52265624,-77.90352133,37141.0,1441.4843006660324,0.5500550055005501,904,907,5,0,902,904,62162,2,0,0,2,3
2020-09-23,US,North Carolina,Perquimans,179,3,0,36.17847453,-76.40603143,37143.0,1329.5699324073387,1.675977653631285,176,179,3,0,176,177,13422,0,0,0,0,2
2020-09-23,US,North Carolina,Person,417,6,0,36.38989032,-78.97217358,37145.0,1055.9635350721699,1.4388489208633093,411,414,6,0,408,410,39507,3,0,0,3,4
2020-09-23,US,North Carolina,Pitt,4640,27,0,35.59535426,-77.37353178,37147.0,2567.1952285578336,0.5818965517241379,4613,4609,27,0,4582,4572,179914,31,0,0,31,37
2020-09-23,US,North Carolina,Polk,260,8,0,35.27820615,-82.16812354,37149.0,1254.584057131828,3.0769230769230766,252,259,8,0,251,258,20611,1,0,0,1,1
2020-09-23,US,North Carolina,Randolph,2696,51,0,35.71015088,-79.80570339,37151.0,1876.561771318396,1.8916913946587537,2645,2687,51,0,2636,2672,143351,9,0,0,9,15
2020-09-23,US,North Carolina,Richmond,940,15,0,35.00417719,-79.74491009,37153.0,2096.8569452809566,1.5957446808510638,925,931,14,0,917,911,44887,9,1,0,8,20
2020-09-23,US,North Carolina,Robeson,4273,72,0,34.64244496,-79.10250529999998,37155.0,3271.1961722488036,1.6849988298619236,4201,4263,72,0,4191,4252,131831,10,0,0,10,11
2020-09-23,US,North Carolina,Rockingham,1170,14,0,36.39593137,-79.77504841,37157.0,1285.5730139545105,1.1965811965811963,1156,1168,14,0,1154,1158,90690,2,0,0,2,10
2020-09-23,US,North Carolina,Rowan,3224,88,0,35.64003916,-80.52446628,37159.0,2269.016384212601,2.729528535980149,3136,3213,88,0,3125,3194,141262,11,0,0,11,19
2020-09-23,US,North Carolina,Rutherford,1135,31,0,35.40114178,-81.92112099,37161.0,1693.2969311790418,2.7312775330396475,1104,1134,22,0,1112,1119,66826,1,9,0,-8,15
2020-09-23,US,North Carolina,Sampson,1769,24,0,34.98820368,-78.36914061,37163.0,2784.467425351403,1.3566986998304127,1745,1765,24,0,1741,1766,63626,4,0,0,4,-1
2020-09-23,US,North Carolina,Scotland,984,12,0,34.8386299,-79.4757978,37165.0,2825.7186342359932,1.2195121951219512,972,968,12,0,956,962,34810,16,0,0,16,6
2020-09-23,US,North Carolina,Stanly,1840,56,0,35.31647813,-80.25093221,37167.0,2929.6564022545617,3.0434782608695654,1784,1830,56,0,1774,1814,62075,10,0,0,10,16
2020-09-23,US,North Carolina,Stokes,414,3,0,36.4017975,-80.23893369,37169.0,908.0739619661776,0.7246376811594203,411,413,3,0,410,407,45467,1,0,0,1,6
2020-09-23,US,North Carolina,Surry,1279,21,0,36.41689489,-80.69102283,37171.0,1781.7589122772802,1.6419077404222049,1258,1277,21,0,1256,1275,71948,2,0,0,2,2
2020-09-23,US,North Carolina,Swain,139,3,0,35.48665845,-83.48748932,37173.0,974.0032233200196,2.1582733812949644,136,139,3,0,136,139,14245,0,0,0,0,0
2020-09-23,US,North Carolina,Transylvania,319,7,0,35.20383864,-82.79638423,37175.0,927.7301148756723,2.19435736677116,312,313,7,0,306,303,34215,6,0,0,6,10
2020-09-23,US,North Carolina,Tyrrell,113,2,0,35.87147226,-76.17055253,37177.0,2813.7450199203186,1.7699115044247788,111,113,2,0,111,112,4131,0,0,0,0,1
2020-09-23,US,North Carolina,Union,4629,58,0,34.98960527,-80.52955873,37179.0,1929.8838067364572,1.2529704039749403,4571,4611,58,0,4553,4581,235908,18,0,0,18,30
2020-09-23,US,North Carolina,Vance,1026,44,0,36.36880673,-78.40670845,37181.0,2303.8059952846074,4.288499025341131,982,1024,44,0,980,1018,44582,2,0,0,2,6
2020-09-23,US,North Carolina,Wake,17070,235,0,35.78879266,-78.65249174,37183.0,1535.4019434033034,1.3766842413591096,16835,17010,233,0,16777,16943,1092305,60,2,0,58,67
2020-09-23,US,North Carolina,Warren,325,7,0,36.39728256,-78.10652228,37185.0,1647.1542243170645,2.1538461538461537,318,323,7,0,316,316,19807,2,0,0,2,7
2020-09-23,US,North Carolina,Washington,201,8,0,35.83810081,-76.57299037,37187.0,1735.7512953367875,3.9800995024875614,193,200,8,0,192,200,11859,1,0,0,1,0
2020-09-23,US,North Carolina,Watauga,613,1,0,36.23103603,-81.70033724,37189.0,1091.193904978906,0.1631321370309951,612,603,1,0,602,595,55945,10,0,0,10,8
2020-09-23,US,North Carolina,Wayne,3217,66,0,35.36438125,-78.00027268,37191.0,2612.6645605087265,2.0516008703761273,3151,3192,66,0,3126,3165,123248,25,0,0,25,27
2020-09-23,US,North Carolina,Wilkes,1175,33,0,36.2084135,-81.16232895,37193.0,1717.534935391452,2.8085106382978724,1142,1172,32,0,1140,1160,68557,3,1,0,2,12
2020-09-23,US,North Carolina,Wilson,2128,47,0,35.70625477,-77.917978,37195.0,2601.435190278848,2.2086466165413534,2081,2116,47,0,2069,2094,81455,12,0,0,12,22
2020-09-23,US,North Carolina,Yadkin,716,7,0,36.16222629,-80.66239436,37197.0,1900.8681339103202,0.9776536312849162,709,713,7,0,706,711,37543,3,0,0,3,2
2020-09-23,US,North Carolina,Yancey,118,0,0,35.90079156,-82.31237181,37199.0,653.0521888317007,0.0,118,120,0,0,120,120,17903,-2,0,0,-2,0
2020-09-23,US,North Dakota,Adams,19,0,0,46.09686891,-102.5285397,38001.0,857.4007220216606,0.0,19,18,0,0,18,18,2294,1,0,0,1,0
2020-09-23,US,North Dakota,Barnes,215,0,0,46.93579637,-98.06605978,38003.0,2064.330292846856,0.0,215,214,0,0,214,215,10542,1,0,0,1,-1
2020-09-23,US,North Dakota,Benson,325,5,0,48.0683985,-99.35916363,38005.0,4757.025761124121,1.5384615384615383,320,325,5,0,320,322,6962,0,0,0,0,3
2020-09-23,US,North Dakota,Billings,15,0,0,47.02366884,-103.3762965,38007.0,1616.3793103448277,0.0,15,15,0,0,15,15,919,0,0,0,0,0
2020-09-23,US,North Dakota,Bottineau,52,1,0,48.79106111,-100.8378166,38009.0,827.7618592804837,1.9230769230769231,51,51,0,0,51,48,6411,1,1,0,0,3
2020-09-23,US,North Dakota,Bowman,34,0,0,46.11285362,-103.5203343,38011.0,1124.3386243386244,0.0,34,30,0,0,30,30,3076,4,0,0,4,0
2020-09-23,US,North Dakota,Burke,31,1,0,48.79094471,-102.51821170000001,38013.0,1465.7210401891255,3.2258064516129035,30,30,1,0,29,28,2100,1,0,0,1,2
2020-09-23,US,North Dakota,Burleigh,3280,38,0,46.97847375,-100.46452140000001,38015.0,3430.0294898876873,1.1585365853658536,3242,3201,36,0,3165,3121,95273,79,2,0,77,80
2020-09-23,US,North Dakota,Cass,4849,77,0,46.93201724,-97.24447190000001,38017.0,2665.413389181137,1.5879562796452875,4772,4767,77,0,4690,4722,181516,82,0,0,82,45
2020-09-23,US,North Dakota,Cavalier,53,0,0,48.77286211,-98.46685243,38019.0,1408.8250930356196,0.0,53,47,0,0,47,47,3829,6,0,0,6,0
2020-09-23,US,North Dakota,Dickey,52,0,0,46.11017712,-98.50490079999999,38021.0,1067.3234811165846,0.0,52,52,0,0,52,50,4903,0,0,0,0,2
2020-09-23,US,North Dakota,Divide,6,0,0,48.814938700000006,-103.48736109999999,38023.0,265.01766784452303,0.0,6,6,0,0,6,6,2283,0,0,0,0,0
2020-09-23,US,North Dakota,Dunn,96,1,0,47.35423935,-102.61604679999999,38025.0,2169.9819168173603,1.0416666666666667,95,86,1,0,85,79,4332,10,0,0,10,7
2020-09-23,US,North Dakota,Eddy,68,3,0,47.71701474,-98.90432337,38027.0,2973.327503279405,4.411764705882354,65,62,3,0,59,61,2313,6,0,0,6,1
2020-09-23,US,North Dakota,Emmons,133,1,0,46.28398398,-100.2389766,38029.0,4103.671706263499,0.7518796992481203,132,127,1,0,126,127,3295,6,0,0,6,0
2020-09-23,US,North Dakota,Foster,59,0,0,47.457108399999996,-98.88279923,38031.0,1838.006230529595,0.0,59,58,0,0,58,55,3216,1,0,0,1,3
2020-09-23,US,North Dakota,Golden Valley,41,0,0,46.94022281,-103.8465421,38033.0,2328.222600795003,0.0,41,41,0,0,41,41,1769,0,0,0,0,0
2020-09-23,US,North Dakota,Grand Forks,2119,13,0,47.92093639,-97.45450447,38035.0,3051.0719788052006,0.6134969325153374,2106,2110,13,0,2097,2099,70770,9,0,0,9,11
2020-09-23,US,North Dakota,Grant,15,0,0,46.35821257,-101.63900129999999,38037.0,659.6306068601582,0.0,15,12,0,0,12,12,2374,3,0,0,3,0
2020-09-23,US,North Dakota,Griggs,56,1,0,47.45785838,-98.23850925,38039.0,2510.085163603765,1.7857142857142858,55,56,1,0,55,54,2232,0,0,0,0,2
2020-09-23,US,North Dakota,Hettinger,55,0,0,46.43375068,-102.4632417,38041.0,2200.8803521408568,0.0,55,55,0,0,55,55,2514,0,0,0,0,0
2020-09-23,US,North Dakota,Kidder,43,0,0,46.97830064,-99.77507857,38043.0,1733.8709677419354,0.0,43,42,0,0,42,41,2450,1,0,0,1,1
2020-09-23,US,North Dakota,LaMoure,47,0,0,46.45681054,-98.53542355,38045.0,1161.6411270390508,0.0,47,45,0,0,45,46,4062,2,0,0,2,-1
2020-09-23,US,North Dakota,Logan,40,0,0,46.45729487,-99.47719806,38047.0,2162.162162162162,0.0,40,38,0,0,38,32,1903,2,0,0,2,6
2020-09-23,US,North Dakota,McHenry,58,1,0,48.23104458,-100.6324822,38049.0,1009.573542210618,1.7241379310344829,57,56,1,0,55,56,5816,2,0,0,2,0
2020-09-23,US,North Dakota,McIntosh,61,3,0,46.11182017,-99.44145858,38051.0,2442.9315178213856,4.918032786885246,58,56,3,0,53,54,2585,5,0,0,5,2
2020-09-23,US,North Dakota,McKenzie,201,2,0,47.74133370000001,-103.395905,38053.0,1337.8594249201278,0.9950248756218906,199,187,2,0,185,176,13632,14,0,0,14,11
2020-09-23,US,North Dakota,McLean,257,2,0,47.60766714,-101.3182418,38055.0,2719.5767195767194,0.7782101167315175,255,246,2,0,244,244,9541,11,0,0,11,2
2020-09-23,US,North Dakota,Mercer,125,0,0,47.31213126,-101.8318399,38057.0,1526.8107976059607,0.0,125,120,0,0,120,115,8267,5,0,0,5,5
2020-09-23,US,North Dakota,Morton,1155,20,0,46.71681782,-101.2822377,38059.0,3682.565999234792,1.7316017316017316,1135,1125,18,0,1107,1089,31095,30,2,0,28,36
2020-09-23,US,North Dakota,Mountrail,233,2,0,48.20197971,-102.3555315,38061.0,2209.577999051683,0.8583690987124464,231,223,2,0,221,218,10218,10,0,0,10,5
2020-09-23,US,North Dakota,Nelson,44,0,0,47.9226426,-98.19038437,38063.0,1528.3084404307046,0.0,44,42,0,0,42,43,2869,2,0,0,2,-1
2020-09-23,US,North Dakota,Oliver,20,0,0,47.11530482,-101.3406158,38065.0,1020.9290454313423,0.0,20,19,0,0,19,19,1952,1,0,0,1,0
2020-09-23,US,North Dakota,Pembina,63,0,0,48.76623521,-97.5523809,38067.0,926.3343625937364,0.0,63,58,0,0,58,57,6947,5,0,0,5,1
2020-09-23,US,North Dakota,Pierce,31,0,0,48.24977025,-99.96407787,38069.0,779.874213836478,0.0,31,31,0,0,31,31,4081,0,0,0,0,0
2020-09-23,US,North Dakota,Ramsey,192,2,0,48.26886249,-98.72223879,38071.0,1666.8113551523568,1.0416666666666667,190,191,2,0,189,190,11481,1,0,0,1,1
2020-09-23,US,North Dakota,Ransom,75,0,0,46.45621782,-97.65742504,38073.0,1437.3323112303565,0.0,75,74,0,0,74,72,5237,1,0,0,1,2
2020-09-23,US,North Dakota,Renville,46,0,0,48.71982533,-101.6603912,38075.0,1976.7941555651053,0.0,46,38,0,0,38,39,2374,8,0,0,8,-1
2020-09-23,US,North Dakota,Richland,217,1,0,46.26440649,-96.94852979,38077.0,1341.4106447425356,0.4608294930875576,216,210,1,0,209,209,16239,7,0,0,7,1
2020-09-23,US,North Dakota,Rolette,168,4,0,48.77245354,-99.84097493,38079.0,1185.1015801354401,2.380952380952381,164,160,4,0,156,161,14301,8,0,0,8,-1
2020-09-23,US,North Dakota,Sargent,58,0,0,46.10830372,-97.63217159,38081.0,1487.9425346331452,0.0,58,56,0,0,56,56,3870,2,0,0,2,0
2020-09-23,US,North Dakota,Sheridan,9,0,0,47.57700669,-100.3426391,38083.0,684.4106463878327,0.0,9,9,0,0,9,9,1349,0,0,0,0,0
2020-09-23,US,North Dakota,Sioux,144,3,0,46.11323337,-101.04401490000001,38085.0,3404.255319148936,2.083333333333333,141,141,3,0,138,142,4358,3,0,0,3,-1
2020-09-23,US,North Dakota,Slope,7,0,0,46.44737738,-103.4601547,38087.0,933.3333333333336,0.0,7,7,0,0,7,7,763,0,0,0,0,0
2020-09-23,US,North Dakota,Stark,1391,7,0,46.80851182,-102.65763259999999,38089.0,4417.415605449522,0.503235082674335,1384,1366,6,0,1360,1348,30997,25,1,0,24,18
2020-09-23,US,North Dakota,Steele,28,0,0,47.45611548,-97.72728747,38091.0,1481.4814814814815,0.0,28,28,0,0,28,28,1903,0,0,0,0,0
2020-09-23,US,North Dakota,Stutsman,499,3,0,46.97962541,-98.95637318,38093.0,2410.16228748068,0.6012024048096193,496,494,3,0,491,492,20917,5,0,0,5,2
2020-09-23,US,North Dakota,Towner,16,0,0,48.68565745,-99.24564265,38095.0,730.9273640931932,0.0,16,13,0,0,13,12,2192,3,0,0,3,1
2020-09-23,US,North Dakota,Traill,107,0,0,47.45367788,-97.16323288,38097.0,1331.5082130413139,0.0,107,104,0,0,104,100,8037,3,0,0,3,4
2020-09-23,US,North Dakota,Walsh,174,1,0,48.36876964,-97.72574783,38099.0,1635.1846630955738,0.5747126436781609,173,170,1,0,169,170,10667,4,0,0,4,0
2020-09-23,US,North Dakota,Ward,961,4,0,48.22390169,-101.54367629999999,38101.0,1420.7359441758695,0.4162330905306972,957,915,4,0,911,913,67744,46,0,0,46,2
2020-09-23,US,North Dakota,Wells,33,0,0,47.58614526,-99.65904998,38103.0,860.7198748043819,0.0,33,33,0,0,33,34,3957,0,0,0,0,-1
2020-09-23,US,North Dakota,Williams,905,7,0,48.34522353,-103.4793387,38105.0,2407.619250312591,0.7734806629834254,898,848,6,0,842,836,35350,57,1,0,56,12
2020-09-23,US,Ohio,Adams,126,4,0,38.84541072,-83.4718964,39001.0,454.9064914434255,3.1746031746031744,122,123,4,0,119,121,27724,3,0,0,3,2
2020-09-23,US,Ohio,Allen,1393,69,0,40.77285242,-84.10802343,39003.0,1361.0028236167698,4.953338119167265,1324,1388,69,0,1319,1378,102663,5,0,0,5,10
2020-09-23,US,Ohio,Ashland,231,4,0,40.84772277,-82.27280781,39005.0,431.9048687457931,1.7316017316017316,227,224,4,0,220,222,53745,7,0,0,7,2
2020-09-23,US,Ohio,Ashtabula,653,48,0,41.70860332,-80.74830218,39007.0,671.5274421283202,7.350689127105666,605,651,48,0,603,651,97493,2,0,0,2,0
2020-09-23,US,Ohio,Athens,636,2,0,39.33425634,-82.04278644,39009.0,973.5637638342492,0.31446540880503143,634,629,2,0,627,616,65818,7,0,0,7,13
2020-09-23,US,Ohio,Auglaize,576,9,0,40.55998859,-84.22421429999999,39011.0,1261.6085509024006,1.5625,567,570,9,0,561,568,45804,6,0,0,6,2
2020-09-23,US,Ohio,Belmont,714,27,0,40.01625942,-80.9924051,39013.0,1065.576217055189,3.7815126050420167,687,712,27,0,685,710,67505,2,0,0,2,2
2020-09-23,US,Ohio,Brown,283,2,0,38.93416837,-83.86788395,39015.0,651.5932952661633,0.7067137809187279,281,281,2,0,279,277,43602,2,0,0,2,4
2020-09-23,US,Ohio,Butler,5771,106,0,39.44012838,-84.57388716,39017.0,1506.2615168583316,1.836770057182464,5665,5727,102,0,5625,5693,382378,44,4,0,40,34
2020-09-23,US,Ohio,Carroll,151,7,0,40.578968599999996,-81.09178213,39019.0,561.0462956082337,4.635761589403972,144,151,7,0,144,151,27081,0,0,0,0,0
2020-09-23,US,Ohio,Champaign,300,3,0,40.13923427,-83.76875242,39021.0,771.5057220007715,1.0,297,294,3,0,291,294,38754,6,0,0,6,0
2020-09-23,US,Ohio,Clark,1764,39,0,39.91592258,-83.78498252,39023.0,1315.6030220087555,2.2108843537414966,1725,1759,38,0,1721,1742,134585,5,1,0,4,17
2020-09-23,US,Ohio,Clermont,1665,21,0,39.04847534,-84.15375786,39025.0,806.5766272017363,1.2612612612612613,1644,1655,20,0,1635,1640,205466,10,1,0,9,15
2020-09-23,US,Ohio,Clinton,284,13,0,39.41485808,-83.80852286,39027.0,676.706061761342,4.577464788732393,271,282,13,0,269,281,42057,2,0,0,2,1
2020-09-23,US,Ohio,Columbiana,1923,80,0,40.76932373,-80.78094576,39029.0,1887.459144312594,4.160166406656266,1843,1921,80,0,1841,1920,102665,2,0,0,2,1
2020-09-23,US,Ohio,Coshocton,232,11,0,40.30096166,-81.91729018,39031.0,633.879781420765,4.741379310344827,221,231,11,0,220,230,36629,1,0,0,1,1
2020-09-23,US,Ohio,Crawford,228,6,0,40.85065156,-82.91989099,39033.0,549.4770328240228,2.631578947368421,222,227,6,0,221,222,41550,1,0,0,1,5
2020-09-23,US,Ohio,Cuyahoga,17262,654,0,41.424119,-81.65918339,39035.0,1397.6513110166854,3.7886687521724016,16608,17196,644,0,16552,17155,1243857,66,10,0,56,41
2020-09-23,US,Ohio,Darke,780,41,0,40.13412966,-84.6194517,39037.0,1526.0305597401834,5.256410256410256,739,768,39,0,729,766,51323,12,2,0,10,2
2020-09-23,US,Ohio,Defiance,286,10,0,41.32398837,-84.49076944,39039.0,750.9123848032139,3.4965034965034967,276,287,10,0,277,283,38165,-1,0,0,-1,4
2020-09-23,US,Ohio,Delaware,2188,20,0,40.27942393,-83.00457058,39041.0,1046.0041017893936,0.9140767824497258,2168,2166,20,0,2146,2156,204826,22,0,0,22,10
2020-09-23,US,Ohio,Erie,926,45,0,41.36796058,-82.62904521,39043.0,1246.8693614843942,4.859611231101511,881,912,44,0,868,901,74615,14,1,0,13,11
2020-09-23,US,Ohio,Fairfield,2058,52,0,39.75107189,-82.63088163,39045.0,1306.0530290530164,2.526724975704568,2006,2038,50,0,1988,2030,155782,20,2,0,18,8
2020-09-23,US,Ohio,Fayette,227,6,0,39.56021306,-83.4562016,39047.0,795.7931638913234,2.643171806167401,221,226,6,0,220,226,28666,1,0,0,1,0
2020-09-23,US,Ohio,Franklin,26393,606,0,39.96995815,-83.01115755,39049.0,2004.3956511305055,2.2960633501307166,25787,26242,603,0,25639,26134,1310300,151,3,0,148,108
2020-09-23,US,Ohio,Fulton,239,1,0,41.60213491,-84.12571393,39051.0,567.3455823007167,0.41841004184100417,238,237,1,0,236,237,42276,2,0,0,2,0
2020-09-23,US,Ohio,Gallia,188,12,0,38.82708533,-82.31647569,39053.0,628.8046023145359,6.382978723404255,176,186,12,0,174,184,29979,2,0,0,2,2
2020-09-23,US,Ohio,Geauga,709,48,0,41.49952319,-81.17935342,39055.0,757.0822966609361,6.770098730606486,661,705,47,0,658,705,94031,4,1,0,3,0
2020-09-23,US,Ohio,Greene,1397,32,0,39.69116283,-83.89032084,39057.0,826.9354848257042,2.290622763063708,1365,1376,32,0,1344,1367,167995,21,0,0,21,9
2020-09-23,US,Ohio,Guernsey,160,8,0,40.05026529,-81.49248905,39059.0,411.5755627009647,5.0,152,157,8,0,149,156,39022,3,0,0,3,1
2020-09-23,US,Ohio,Hamilton,12913,312,0,39.19673558,-84.54502924,39061.0,1579.6240365125213,2.4161697514133045,12601,12850,309,0,12541,12786,816684,63,3,0,60,64
2020-09-23,US,Ohio,Hancock,676,10,0,41.00250487,-83.66838948,39063.0,892.0206378739296,1.4792899408284024,666,674,10,0,664,664,75930,2,0,0,2,10
2020-09-23,US,Ohio,Hardin,252,13,0,40.66015414,-83.65929931,39065.0,803.4433285509326,5.158730158730159,239,250,13,0,237,250,31480,2,0,0,2,0
2020-09-23,US,Ohio,Harrison,62,2,0,40.29380509,-81.09068544,39067.0,412.2340425531915,3.2258064516129035,60,62,2,0,60,62,15174,0,0,0,0,0
2020-09-23,US,Ohio,Henry,307,13,0,41.333964200000004,-84.06830637,39069.0,1136.78441827742,4.234527687296417,294,300,12,0,288,299,27086,7,1,0,6,1
2020-09-23,US,Ohio,Highland,222,3,0,39.1839264,-83.60331456,39071.0,514.3532355598803,1.351351351351351,219,220,3,0,217,220,43058,2,0,0,2,0
2020-09-23,US,Ohio,Hocking,161,9,0,39.49537927,-82.47991446,39073.0,569.6292103028587,5.590062111801243,152,161,9,0,152,161,28385,0,0,0,0,0
2020-09-23,US,Ohio,Holmes,378,7,0,40.56163713,-81.92635677,39075.0,859.8726114649681,1.851851851851852,371,377,7,0,370,375,43892,1,0,0,1,2
2020-09-23,US,Ohio,Huron,538,7,0,41.14651175,-82.59867951,39077.0,923.3515257611645,1.3011152416356877,531,533,7,0,526,530,58504,5,0,0,5,3
2020-09-23,US,Ohio,Jackson,241,4,0,39.01914254,-82.61818559999998,39079.0,743.528831024589,1.6597510373443984,237,234,4,0,230,233,32384,7,0,0,7,1
2020-09-23,US,Ohio,Jefferson,333,4,0,40.38614126,-80.76259514,39081.0,509.7588978185994,1.2012012012012012,329,328,4,0,324,324,65767,5,0,0,5,4
2020-09-23,US,Ohio,Knox,282,15,0,40.39830217,-82.42027563,39083.0,452.4886877828054,5.319148936170213,267,280,15,0,265,279,61893,2,0,0,2,1
2020-09-23,US,Ohio,Lake,1596,50,0,41.69710807,-81.23676539,39085.0,693.4637995385597,3.1328320802005014,1546,1586,49,0,1537,1581,230514,10,1,0,9,5
2020-09-23,US,Ohio,Lawrence,627,22,0,38.59743452,-82.53466552,39087.0,1054.4372130568588,3.5087719298245608,605,616,18,0,598,604,59866,11,4,0,7,12
2020-09-23,US,Ohio,Licking,1883,62,0,40.09136236,-82.48185785,39089.0,1064.6718910789202,3.2926181625066384,1821,1875,62,0,1813,1868,175769,8,0,0,8,7
2020-09-23,US,Ohio,Logan,305,3,0,40.38996525,-83.76784341,39091.0,667.8052198283413,0.9836065573770492,302,301,3,0,298,297,45358,4,0,0,4,4
2020-09-23,US,Ohio,Lorain,2293,86,0,41.29553751,-82.15083537,39093.0,740.0761055149063,3.7505451373746186,2207,2277,86,0,2191,2277,309461,16,0,0,16,0
2020-09-23,US,Ohio,Lucas,7205,361,0,41.62101218,-83.65468618,39095.0,1682.043572048895,5.010409437890353,6844,7187,358,0,6829,7149,429899,18,3,0,15,38
2020-09-23,US,Ohio,Madison,792,12,0,39.89381073,-83.40178317,39097.0,1770.5841586371866,1.5151515151515151,780,787,12,0,775,780,44413,5,0,0,5,7
2020-09-23,US,Ohio,Mahoning,3014,280,0,41.01631101,-80.77287029,39099.0,1317.9816602021135,9.289980092899803,2734,3002,279,0,2723,3003,229642,12,1,0,11,-1
2020-09-23,US,Ohio,Marion,3075,47,0,40.58610662,-83.15736305,39101.0,4724.010262240179,1.5284552845528456,3028,3072,47,0,3025,3068,65256,3,0,0,3,4
2020-09-23,US,Ohio,Medina,1442,39,0,41.11770589,-81.89986209999998,39103.0,802.2431653555573,2.7045769764216367,1403,1439,39,0,1400,1432,179146,3,0,0,3,7
2020-09-23,US,Ohio,Meigs,174,10,0,39.09224872,-82.0305041,39105.0,759.593137468896,5.747126436781608,164,172,10,0,162,172,23106,2,0,0,2,0
2020-09-23,US,Ohio,Mercer,1085,17,0,40.54043046,-84.62912742,39107.0,2635.286116778393,1.566820276497696,1068,1077,17,0,1060,1065,40959,8,0,0,8,12
2020-09-23,US,Ohio,Miami,1394,51,0,40.0543329,-84.22871271,39109.0,1302.9620421172665,3.6585365853658534,1343,1380,49,0,1331,1359,106222,14,2,0,12,21
2020-09-23,US,Ohio,Monroe,110,18,0,39.72984936,-81.08464734,39111.0,805.6247253552073,16.363636363636363,92,109,18,0,91,108,13790,1,0,0,1,1
2020-09-23,US,Ohio,Montgomery,7623,157,0,39.75394919,-84.29050975,39113.0,1433.738270824752,2.0595566050111507,7466,7583,152,0,7431,7540,532331,40,5,0,35,43
2020-09-23,US,Ohio,Morgan,47,0,0,39.62081738,-81.85308173,39115.0,323.9591949269368,0.0,47,47,0,0,47,47,14604,0,0,0,0,0
2020-09-23,US,Ohio,Morrow,255,2,0,40.52363560000001,-82.7892599,39117.0,721.8070652173913,0.7843137254901961,253,252,2,0,250,250,35112,3,0,0,3,2
2020-09-23,US,Ohio,Muskingum,386,2,0,39.96575964,-81.94363275,39119.0,447.71791451603553,0.5181347150259067,384,380,2,0,378,379,86183,6,0,0,6,1
2020-09-23,US,Ohio,Noble,27,0,0,39.76818851,-81.45937183,39121.0,187.1880199667221,0.0,27,27,0,0,27,27,14354,0,0,0,0,0
2020-09-23,US,Ohio,Ottawa,466,30,0,41.53781826,-83.0940185,39123.0,1149.907464528069,6.437768240343348,436,466,30,0,436,466,40769,0,0,0,0,0
2020-09-23,US,Ohio,Paulding,106,0,0,41.11676341,-84.5801017,39125.0,567.6949443016281,0.0,106,105,0,0,105,103,18760,1,0,0,1,2
2020-09-23,US,Ohio,Perry,292,9,0,39.73508655,-82.23804971,39127.0,808.1031715282007,3.0821917808219177,283,288,9,0,279,288,36033,4,0,0,4,0
2020-09-23,US,Ohio,Pickaway,2641,44,0,39.64170392,-83.0243386,39129.0,4517.850727885454,1.6660355925785688,2597,2634,44,0,2590,2634,58086,7,0,0,7,0
2020-09-23,US,Ohio,Pike,174,0,0,39.07634001,-83.06769584,39131.0,626.5303183062077,0.0,174,167,0,0,167,161,28067,7,0,0,7,6
2020-09-23,US,Ohio,Portage,1110,66,0,41.16793482,-81.19735782,39133.0,683.2198736966502,5.945945945945946,1044,1094,66,0,1028,1086,162927,16,0,0,16,8
2020-09-23,US,Ohio,Preble,425,15,0,39.7420247,-84.64787018,39135.0,1039.577320091972,3.5294117647058822,410,422,13,0,409,420,40997,3,2,0,1,2
2020-09-23,US,Ohio,Putnam,568,23,0,41.02094889,-84.1336111,39137.0,1677.4460293553054,4.049295774647887,545,558,23,0,535,548,33780,10,0,0,10,10
2020-09-23,US,Ohio,Richland,815,19,0,40.77180308,-82.53799609999999,39139.0,672.6975584792908,2.3312883435582816,796,808,19,0,789,804,121099,7,0,0,7,4
2020-09-23,US,Ohio,Ross,865,23,0,39.33705391,-83.06000914,39141.0,1128.2706806146139,2.658959537572254,842,861,23,0,838,856,76931,4,0,0,4,5
2020-09-23,US,Ohio,Sandusky,558,20,0,41.35624126,-83.137872,39143.0,953.5527529990773,3.584229390681004,538,555,20,0,535,555,58799,3,0,0,3,0
2020-09-23,US,Ohio,Scioto,482,6,0,38.80270163,-82.98907345,39145.0,639.9872533659079,1.2448132780082988,476,474,6,0,468,466,75502,8,0,0,8,8
2020-09-23,US,Ohio,Seneca,464,14,0,41.12351311,-83.12783209,39147.0,840.9148573706913,3.0172413793103448,450,453,14,0,439,448,55207,11,0,0,11,5
2020-09-23,US,Ohio,Shelby,597,10,0,40.33163494,-84.20258189,39149.0,1228.6478699320849,1.6750418760469012,587,590,9,0,581,587,48627,7,1,0,6,3
2020-09-23,US,Ohio,Stark,2790,170,0,40.81482476,-81.36437305,39151.0,752.8210552446533,6.093189964157706,2620,2771,168,0,2603,2757,371574,19,2,0,17,14
2020-09-23,US,Ohio,Summit,5202,250,0,41.12464734,-81.53123079,39153.0,961.5295750749057,4.805843906189927,4952,5172,249,0,4923,5149,541918,30,1,0,29,23
2020-09-23,US,Ohio,Trumbull,1861,131,0,41.31735028,-80.76109643,39155.0,940.0224271874084,7.039226222461043,1730,1852,131,0,1721,1853,198627,9,0,0,9,-1
2020-09-23,US,Ohio,Tuscarawas,920,20,0,40.44214695,-81.47226262,39157.0,1000.1413243175667,2.1739130434782608,900,916,20,0,896,917,92176,4,0,0,4,-1
2020-09-23,US,Ohio,Union,509,2,0,40.30016061,-83.37239023,39159.0,862.8873669220859,0.3929273084479371,507,500,2,0,498,496,57835,9,0,0,9,4
2020-09-23,US,Ohio,Van Wert,114,3,0,40.8554138,-84.59111700000003,39161.0,403.18302387267914,2.631578947368421,111,114,3,0,111,114,28281,0,0,0,0,0
2020-09-23,US,Ohio,Vinton,45,3,0,39.25208988,-82.4831444,39163.0,343.90523500191057,6.666666666666668,42,45,3,0,42,45,13139,0,0,0,0,0
2020-09-23,US,Ohio,Warren,2978,48,0,39.42581994,-84.16557457,39165.0,1269.3838927204374,1.6118200134318337,2930,2947,48,0,2899,2927,232173,31,0,0,31,20
2020-09-23,US,Ohio,Washington,255,23,0,39.45690571,-81.49121382,39167.0,425.6313531738746,9.019607843137257,232,251,23,0,228,250,60155,4,0,0,4,1
2020-09-23,US,Ohio,Wayne,913,67,0,40.82925852,-81.88844833,39169.0,789.0415694408432,7.338444687842277,846,908,66,0,842,905,115967,5,1,0,4,3
2020-09-23,US,Ohio,Williams,205,3,0,41.56052014,-84.58429552,39171.0,558.7048947999564,1.4634146341463414,202,201,3,0,198,199,36804,4,0,0,4,2
2020-09-23,US,Ohio,Wood,1752,72,0,41.36224827,-83.62285108,39173.0,1339.2754764289045,4.109589041095891,1680,1737,72,0,1665,1725,130696,15,0,0,15,12
2020-09-23,US,Ohio,Wyandot,205,12,0,40.84339621,-83.30734173,39175.0,941.5763365790924,5.853658536585367,193,202,12,0,190,201,21935,3,0,0,3,1
2020-09-23,US,Oklahoma,Adair,599,10,0,35.88494195,-94.65859267,40001.0,2698.9276381003874,1.6694490818030048,589,590,10,0,580,581,22082,9,0,0,9,9
2020-09-23,US,Oklahoma,Alfalfa,62,0,0,36.73090616,-98.32408495,40003.0,1087.3377762188707,0.0,62,61,0,0,61,59,5754,1,0,0,1,2
2020-09-23,US,Oklahoma,Atoka,289,1,0,34.37366573,-96.03802487,40005.0,2100.5960168629167,0.3460207612456747,288,281,1,0,280,269,13838,8,0,0,8,12
2020-09-23,US,Oklahoma,Beaver,50,0,0,36.7496847,-100.4758872,40007.0,941.4422895876484,0.0,50,49,0,0,49,48,5319,1,0,0,1,1
2020-09-23,US,Oklahoma,Beckham,349,1,0,35.26862449,-99.68128023,40009.0,1596.5963676288943,0.28653295128939826,348,326,1,0,325,307,21709,23,0,0,23,19
2020-09-23,US,Oklahoma,Blaine,117,1,0,35.87518314,-98.43307003,40011.0,1240.8526885141584,0.8547008547008547,116,115,1,0,114,113,9485,2,0,0,2,2
2020-09-23,US,Oklahoma,Bryan,890,4,0,33.96472458,-96.25903472,40013.0,1854.3598291488697,0.44943820224719105,886,864,4,0,860,833,47192,26,0,0,26,31
2020-09-23,US,Oklahoma,Caddo,727,20,0,35.17364557,-98.37534464,40015.0,2527.640636951533,2.751031636863824,707,714,20,0,694,701,28977,13,0,0,13,13
2020-09-23,US,Oklahoma,Canadian,2087,17,0,35.5426055,-97.98465569,40017.0,1407.2256011220045,0.8145663632007667,2070,2044,17,0,2027,1998,144447,43,0,0,43,46
2020-09-23,US,Oklahoma,Carter,528,8,0,34.25103751,-97.28552485,40019.0,1097.462118850159,1.5151515151515151,520,520,8,0,512,511,48177,8,0,0,8,9
2020-09-23,US,Oklahoma,Cherokee,1042,8,0,35.90692775,-94.99980896,40021.0,2141.5212610724047,0.7677543186180422,1034,1025,7,0,1018,995,48675,17,1,0,16,30
2020-09-23,US,Oklahoma,Choctaw,304,2,0,34.02807439,-95.54771129,40023.0,2071.9738276990183,0.6578947368421053,302,305,2,0,303,306,14668,-1,0,0,-1,-1
2020-09-23,US,Oklahoma,Cimarron,24,0,0,36.74817177,-102.5173885,40025.0,1123.0697239120261,0.0,24,23,0,0,23,23,2153,1,0,0,1,0
2020-09-23,US,Oklahoma,Cleveland,5782,68,0,35.20413532,-97.32519562,40027.0,2035.815135873584,1.176063645797302,5714,5658,68,0,5590,5620,281669,124,0,0,124,38
2020-09-23,US,Oklahoma,Coal,71,0,0,34.58840127,-96.29798747,40029.0,1292.083712465878,0.0,71,71,0,0,71,70,5520,0,0,0,0,1
2020-09-23,US,Oklahoma,Comanche,1531,12,0,34.65973764,-98.47195055,40031.0,1267.9194030592387,0.7838014369693012,1519,1509,12,0,1497,1492,120422,22,0,0,22,17
2020-09-23,US,Oklahoma,Cotton,67,3,0,34.28845626,-98.37053567,40033.0,1182.492057889163,4.477611940298506,64,66,3,0,63,65,5776,1,0,0,1,1
2020-09-23,US,Oklahoma,Craig,494,1,0,36.76268118,-95.20916602,40035.0,3493.140998444351,0.20242914979757085,493,492,1,0,491,493,14306,2,0,0,2,-1
2020-09-23,US,Oklahoma,Creek,1095,33,0,35.90230551,-96.37086028,40037.0,1530.9974553284305,3.0136986301369864,1062,1083,32,0,1051,1067,71604,12,1,0,11,16
2020-09-23,US,Oklahoma,Custer,583,0,0,35.63853802,-99.00170785,40039.0,2010.1368823914768,0.0,583,560,0,0,560,505,29036,23,0,0,23,55
2020-09-23,US,Oklahoma,Delaware,705,24,0,36.40823634,-94.80325046,40041.0,1639.1917970657305,3.404255319148936,681,697,23,0,674,683,42733,8,1,0,7,14
2020-09-23,US,Oklahoma,Dewey,63,1,0,35.98772922,-99.00730714,40043.0,1288.0801472091596,1.5873015873015872,62,60,1,0,59,60,4894,3,0,0,3,0
2020-09-23,US,Oklahoma,Ellis,10,0,0,36.218019399999996,-99.75324573,40045.0,259.1344908007256,0.0,10,11,0,0,11,11,3952,-1,0,0,-1,0
2020-09-23,US,Oklahoma,Garfield,1552,18,0,36.3791334,-97.78265517,40047.0,2541.9287211740043,1.1597938144329898,1534,1526,18,0,1508,1504,60913,26,0,0,26,22
2020-09-23,US,Oklahoma,Garvin,349,4,0,34.70418038,-97.30811132,40049.0,1259.4276641045074,1.146131805157593,345,347,4,0,343,341,27811,2,0,0,2,6
2020-09-23,US,Oklahoma,Grady,972,11,0,35.0167709,-97.88339847,40051.0,1740.8747358240494,1.131687242798354,961,936,11,0,925,897,55551,36,0,0,36,39
2020-09-23,US,Oklahoma,Grant,41,0,0,36.796296999999996,-97.78638765,40053.0,946.2266328179088,0.0,41,40,0,0,40,40,4326,1,0,0,1,0
2020-09-23,US,Oklahoma,Greer,106,8,0,34.93535801,-99.56056120000001,40055.0,1855.742296918768,7.547169811320754,98,105,8,0,97,104,5821,1,0,0,1,1
2020-09-23,US,Oklahoma,Harmon,43,0,0,34.7440135,-99.84741652,40057.0,1620.8066339992456,0.0,43,43,0,0,43,43,2664,0,0,0,0,0
2020-09-23,US,Oklahoma,Harper,27,1,0,36.78836519,-99.6679804,40059.0,732.1041214750543,3.703703703703704,26,26,1,0,25,26,3797,1,0,0,1,0
2020-09-23,US,Oklahoma,Haskell,270,4,0,35.22257600000001,-95.11513306,40061.0,2138.2751247327155,1.4814814814814814,266,266,4,0,262,257,12668,4,0,0,4,9
2020-09-23,US,Oklahoma,Hughes,289,4,0,35.04912569,-96.24921145,40063.0,2176.3687024625347,1.3840830449826989,285,288,4,0,284,280,13335,1,0,0,1,8
2020-09-23,US,Oklahoma,Jackson,729,10,0,34.58781741,-99.41138784,40065.0,2971.8711781492048,1.3717421124828533,719,709,10,0,699,702,24949,20,0,0,20,7
2020-09-23,US,Oklahoma,Jefferson,42,0,0,34.11130184,-97.83182974,40067.0,699.7667444185272,0.0,42,42,0,0,42,42,6123,0,0,0,0,0
2020-09-23,US,Oklahoma,Johnston,153,4,0,34.31440473,-96.66011537,40069.0,1380.2435723951285,2.6143790849673203,149,150,4,0,146,145,10949,3,0,0,3,5
2020-09-23,US,Oklahoma,Kay,544,13,0,36.81799745,-97.14421435,40071.0,1249.4832100693648,2.389705882352941,531,531,13,0,518,511,44161,13,0,0,13,20
2020-09-23,US,Oklahoma,Kingfisher,330,2,0,35.94530008,-97.94193268,40073.0,2093.2445290199807,0.6060606060606061,328,328,2,0,326,323,15816,2,0,0,2,5
2020-09-23,US,Oklahoma,Kiowa,71,2,0,34.91671958,-98.97720696,40075.0,815.3422140560405,2.8169014084507036,69,68,2,0,66,67,8729,3,0,0,3,1
2020-09-23,US,Oklahoma,Latimer,133,2,0,34.87844729,-95.25215049,40077.0,1320.361362056984,1.5037593984962403,131,130,2,0,128,129,10231,3,0,0,3,1
2020-09-23,US,Oklahoma,Le Flore,1046,17,0,34.89851864,-94.70392124,40079.0,2098.168615730247,1.6252390057361377,1029,1031,17,0,1014,1011,49980,15,0,0,15,20
2020-09-23,US,Oklahoma,Lincoln,408,10,0,35.70270942,-96.8812462,40081.0,1169.8253863577715,2.4509803921568634,398,398,10,0,388,394,34920,10,0,0,10,4
2020-09-23,US,Oklahoma,Logan,433,1,0,35.91899576,-97.44352845,40083.0,901.8766532669597,0.2309468822170901,432,422,1,0,421,410,47291,11,0,0,11,12
2020-09-23,US,Oklahoma,Love,169,1,0,33.95273467,-97.23906784,40085.0,1648.2980591046523,0.591715976331361,168,169,1,0,168,165,10134,0,0,0,0,4
2020-09-23,US,Oklahoma,Major,78,1,0,36.31149996,-98.53467076,40093.0,1022.4144710971292,1.2820512820512822,77,80,1,0,79,76,7644,-2,0,0,-2,4
2020-09-23,US,Oklahoma,Marshall,178,1,0,34.02311222,-96.76855464,40095.0,1051.325970113992,0.5617977528089888,177,173,1,0,172,171,16806,5,0,0,5,2
2020-09-23,US,Oklahoma,Mayes,565,11,0,36.30179091,-95.23175116,40097.0,1374.6958637469586,1.9469026548672568,554,562,11,0,551,542,41107,3,0,0,3,20
2020-09-23,US,Oklahoma,McClain,809,7,0,35.01123903,-97.44572302,40087.0,1998.8140534664228,0.865265760197775,802,799,7,0,792,779,39985,10,0,0,10,20
2020-09-23,US,Oklahoma,McCurtain,1247,34,0,34.11664328,-94.77222373,40089.0,3798.123781676413,2.72654370489174,1213,1238,34,0,1204,1230,32703,9,0,0,9,8
2020-09-23,US,Oklahoma,McIntosh,298,5,0,35.37235506,-95.66599306,40091.0,1520.7185139824453,1.6778523489932886,293,298,4,0,294,294,19815,0,1,0,-1,4
2020-09-23,US,Oklahoma,Murray,127,1,0,34.48116015,-97.06826283,40099.0,902.4372912669652,0.7874015748031497,126,119,1,0,118,116,13953,8,0,0,8,3
2020-09-23,US,Oklahoma,Muskogee,1731,21,0,35.61318461,-95.37802952,40101.0,2545.7005456123065,1.2131715771230502,1710,1723,21,0,1702,1696,68362,8,0,0,8,27
2020-09-23,US,Oklahoma,Noble,142,2,0,36.38953329,-97.22928674,40103.0,1275.7164675231336,1.4084507042253518,140,143,2,0,141,141,11289,-1,0,0,-1,2
2020-09-23,US,Oklahoma,Nowata,135,3,0,36.79843529,-95.61902331,40105.0,1339.8173878523226,2.2222222222222223,132,134,3,0,131,133,10218,1,0,0,1,1
2020-09-23,US,Oklahoma,Okfuskee,133,4,0,35.46485198,-96.32639984,40107.0,1108.9802384724424,3.0075187969924815,129,133,4,0,129,128,12098,0,0,0,0,5
2020-09-23,US,Oklahoma,Oklahoma,17135,186,0,35.55140095,-97.40716948,40109.0,2148.7671707000204,1.0854975196965275,16949,16961,185,0,16776,16749,792582,174,1,0,173,212
2020-09-23,US,Oklahoma,Okmulgee,795,5,0,35.64661916,-95.96432828,40111.0,2066.8139867411933,0.6289308176100629,790,791,5,0,786,775,38335,4,0,0,4,16
2020-09-23,US,Oklahoma,Osage,804,13,0,36.62888819,-96.39635704,40113.0,1711.9860315567576,1.6169154228855722,791,796,13,0,783,784,47014,8,0,0,8,12
2020-09-23,US,Oklahoma,Ottawa,819,4,0,36.83532655,-94.81011909,40115.0,2631.156230924921,0.4884004884004884,815,805,4,0,801,786,31175,14,0,0,14,19
2020-09-23,US,Oklahoma,Pawnee,247,3,0,36.31743373,-96.70331759999999,40117.0,1508.304836345872,1.214574898785425,244,245,3,0,242,243,16390,2,0,0,2,2
2020-09-23,US,Oklahoma,Payne,2101,6,0,36.07695283,-96.97584944,40119.0,2568.9621441846816,0.28557829604950025,2095,2080,6,0,2074,2065,82040,21,0,0,21,15
2020-09-23,US,Oklahoma,Pittsburg,901,19,0,34.92065823,-95.75134320000001,40121.0,2063.957483850277,2.108768035516093,882,895,19,0,876,894,43877,6,0,0,6,1
2020-09-23,US,Oklahoma,Pontotoc,370,3,0,34.72959848,-96.68337199,40123.0,966.4611848291714,0.8108108108108109,367,361,3,0,358,353,38247,9,0,0,9,8
2020-09-23,US,Oklahoma,Pottawatomie,1256,10,0,35.20614018,-96.94923008,40125.0,1730.218205862905,0.7961783439490446,1246,1234,9,0,1225,1217,72679,22,1,0,21,17
2020-09-23,US,Oklahoma,Pushmataha,149,1,0,34.41635232,-95.37603505,40127.0,1342.8262436914204,0.6711409395973155,148,149,1,0,148,148,11179,0,0,0,0,1
2020-09-23,US,Oklahoma,Roger Mills,42,1,0,35.68711719,-99.69666167,40129.0,1172.2020653084007,2.380952380952381,41,35,1,0,34,28,3656,7,0,0,7,7
2020-09-23,US,Oklahoma,Rogers,1757,49,0,36.37004357,-95.60406759,40131.0,1900.301755372652,2.7888446215139444,1708,1729,49,0,1680,1683,91984,28,0,0,28,46
2020-09-23,US,Oklahoma,Seminole,423,6,0,35.16478725,-96.61686741,40133.0,1743.7546376453129,1.4184397163120568,417,414,6,0,408,409,24578,9,0,0,9,5
2020-09-23,US,Oklahoma,Sequoyah,826,11,0,35.49447108,-94.75463785,40135.0,1987.0576631624526,1.3317191283292975,815,815,11,0,804,804,41179,11,0,0,11,11
2020-09-23,US,Oklahoma,Stephens,393,5,0,34.48556989,-97.85141892,40137.0,910.9241360127946,1.272264631043257,388,389,5,0,384,378,43265,4,0,0,4,11
2020-09-23,US,Oklahoma,Texas,1455,8,0,36.74777635,-101.4889765,40139.0,7281.189010659059,0.5498281786941581,1447,1436,8,0,1428,1425,20455,19,0,0,19,11
2020-09-23,US,Oklahoma,Tillman,87,2,0,34.37288446,-98.92426619,40141.0,1200.0,2.2988505747126435,85,82,2,0,80,81,7348,5,0,0,5,1
2020-09-23,US,Oklahoma,Tulsa,16363,155,0,36.11939621,-95.94013939,40143.0,2511.3881931142873,0.9472590600745584,16208,16207,153,0,16054,16034,648360,156,2,0,154,173
2020-09-23,US,Oklahoma,Unassigned,54,0,0,0.0,0.0,90040.0,0.0,0.0,54,58,0,0,58,75,,-4,0,0,-4,-17
2020-09-23,US,Oklahoma,Wagoner,1430,26,0,35.96024096,-95.51911308,40145.0,1759.1556053094516,1.818181818181818,1404,1422,26,0,1396,1398,80110,8,0,0,8,24
2020-09-23,US,Oklahoma,Washington,967,40,0,36.71380786,-95.90514104,40147.0,1876.6860092766894,4.136504653567736,927,954,40,0,914,951,51843,13,0,0,13,3
2020-09-23,US,Oklahoma,Washita,68,0,0,35.29071824,-98.99180434,40149.0,622.938805423232,0.0,68,64,0,0,64,64,11127,4,0,0,4,0
2020-09-23,US,Oklahoma,Woods,99,0,0,36.76705782,-98.86573064,40151.0,1125.8955987717502,0.0,99,99,0,0,99,96,8897,0,0,0,0,3
2020-09-23,US,Oklahoma,Woodward,1001,1,0,36.42316318,-99.26283045,40153.0,4952.748503290288,0.0999000999000999,1000,970,1,0,969,961,20222,31,0,0,31,9
2020-09-23,US,Oregon,Baker,91,2,0,44.70915557,-117.6749883,41001.0,564.3760853386257,2.1978021978021984,89,90,2,0,88,90,16006,1,0,0,1,0
2020-09-23,US,Oregon,Benton,288,6,0,44.49167306,-123.4316987,41003.0,309.5010370434053,2.083333333333333,282,286,6,0,280,280,92101,2,0,0,2,6
2020-09-23,US,Oregon,Clackamas,2314,61,0,45.18787398,-122.2179634,41005.0,553.3409694705957,2.6361279170267933,2253,2304,61,0,2243,2273,416075,10,0,0,10,31
2020-09-23,US,Oregon,Clatsop,127,0,0,45.99712889,-123.660711,41007.0,315.73190135242635,0.0,127,124,0,0,124,121,39764,3,0,0,3,3
2020-09-23,US,Oregon,Columbia,155,1,0,45.94464254,-123.08908980000001,41009.0,296.0614279711197,0.6451612903225806,154,154,1,0,153,153,52377,1,0,0,1,1
2020-09-23,US,Oregon,Coos,147,0,0,43.17406868,-124.0594514,41011.0,227.95292074371585,0.0,147,145,0,0,145,142,64389,2,0,0,2,3
2020-09-23,US,Oregon,Crook,61,1,0,44.14230227,-120.356297,41013.0,249.95902311096543,1.639344262295082,60,61,1,0,60,60,23867,0,0,0,0,1
2020-09-23,US,Oregon,Curry,31,0,0,42.45911325,-124.15728200000001,41015.0,135.22355507088332,0.0,31,31,0,0,31,30,22813,0,0,0,0,1
2020-09-23,US,Oregon,Deschutes,789,12,0,43.91570171,-121.2289121,41017.0,399.1056795419137,1.520912547528517,777,787,12,0,775,777,191996,2,0,0,2,10
2020-09-23,US,Oregon,Douglas,221,3,0,43.27941273,-123.16729099999999,41019.0,199.1349792755452,1.3574660633484164,218,221,3,0,218,211,110283,0,0,0,0,10
2020-09-23,US,Oregon,Gilliam,8,0,0,45.37160076,-120.20488689999999,41021.0,418.41004184100416,0.0,8,8,0,0,8,8,1894,0,0,0,0,0
2020-09-23,US,Oregon,Grant,8,0,0,44.49024544,-119.0068631,41023.0,111.12654535352131,0.0,8,8,0,0,8,8,7176,0,0,0,0,0
2020-09-23,US,Oregon,Harney,12,0,0,43.06422669,-118.96663059999999,41025.0,162.31570404436633,0.0,12,12,0,0,12,12,7329,0,0,0,0,0
2020-09-23,US,Oregon,Hood River,248,0,0,45.51872811,-121.65520359999998,41027.0,1060.6449405525618,0.0,248,246,0,0,246,245,23428,2,0,0,2,1
2020-09-23,US,Oregon,Jackson,1091,4,0,42.43201126,-122.72893090000001,41029.0,493.79028170034036,0.3666361136571952,1087,1069,4,0,1065,1057,219564,22,0,0,22,12
2020-09-23,US,Oregon,Jefferson,516,8,0,44.62806839,-121.17832,41031.0,2092.6271392651474,1.5503875968992251,508,513,8,0,505,513,24192,3,0,0,3,0
2020-09-23,US,Oregon,Josephine,194,2,0,42.3665549,-123.5561938,41033.0,221.74723101717967,1.0309278350515465,192,190,2,0,188,186,87393,4,0,0,4,4
2020-09-23,US,Oregon,Klamath,277,2,0,42.68762984,-121.64964609999998,41035.0,405.93217855154023,0.7220216606498195,275,277,2,0,275,275,67653,0,0,0,0,2
2020-09-23,US,Oregon,Lake,28,0,0,42.79246693,-120.38501629999999,41037.0,355.82666158342863,0.0,28,28,0,0,28,28,7879,0,0,0,0,0
2020-09-23,US,Oregon,Lane,1059,16,0,43.93727035,-122.847753,41039.0,277.1765161607781,1.5108593012275733,1043,1023,15,0,1008,991,379611,36,1,0,35,32
2020-09-23,US,Oregon,Lincoln,475,13,0,44.64252874,-123.86991200000001,41041.0,950.7225491373443,2.736842105263158,462,474,13,0,461,473,49388,1,0,0,1,1
2020-09-23,US,Oregon,Linn,480,13,0,44.48899494,-122.53731540000001,41043.0,369.9450477460328,2.708333333333333,467,478,13,0,465,468,127335,2,0,0,2,10
2020-09-23,US,Oregon,Malheur,1575,25,0,43.1937027,-117.62273950000001,41045.0,5151.941382355827,1.5873015873015872,1550,1553,25,0,1528,1539,30725,22,0,0,22,14
2020-09-23,US,Oregon,Marion,4522,92,0,44.90287942,-122.58151170000001,41047.0,1300.105227446538,2.034498009730208,4430,4504,91,0,4413,4466,346868,18,1,0,17,38
2020-09-23,US,Oregon,Morrow,490,6,0,45.41846568,-119.584546,41049.0,4223.045764026545,1.2244897959183674,484,490,6,0,484,490,11372,0,0,0,0,0
2020-09-23,US,Oregon,Multnomah,6938,136,0,45.54747959,-122.4169351,41051.0,853.5347632726622,1.960219083309311,6802,6912,133,0,6779,6853,811880,26,3,0,23,59
2020-09-23,US,Oregon,Polk,511,15,0,44.90322804,-123.4128888,41053.0,593.5993494801651,2.9354207436399222,496,511,15,0,496,503,85234,0,0,0,0,8
2020-09-23,US,Oregon,Sherman,18,0,0,45.41501554,-120.6827834,41055.0,1011.2359550561798,0.0,18,18,0,0,18,18,1708,0,0,0,0,0
2020-09-23,US,Oregon,Tillamook,51,0,0,45.46248721,-123.712066,41057.0,188.63737239236573,0.0,51,49,0,0,49,49,26787,2,0,0,2,0
2020-09-23,US,Oregon,Umatilla,2928,41,0,45.59073056,-118.7353826,41059.0,3756.254008980116,1.400273224043716,2887,2916,41,0,2875,2916,77516,12,0,0,12,0
2020-09-23,US,Oregon,Union,435,2,0,45.30915495,-118.0068979,41061.0,1621.0173281162658,0.4597701149425287,433,435,2,0,433,435,26461,0,0,0,0,0
2020-09-23,US,Oregon,Wallowa,28,1,0,45.57894064,-117.18353799999998,41063.0,388.457269700333,3.571428571428572,27,28,1,0,27,28,7081,0,0,0,0,0
2020-09-23,US,Oregon,Wasco,273,3,0,45.16292781,-121.16709540000001,41065.0,1023.1616820328313,1.0989010989010992,270,269,3,0,266,244,26505,4,0,0,4,25
2020-09-23,US,Oregon,Washington,4369,59,0,45.55972701,-123.0955257,41067.0,726.2397106344499,1.3504234378576334,4310,4355,58,0,4297,4315,597695,14,1,0,13,40
2020-09-23,US,Oregon,Yamhill,745,14,0,45.23330449,-123.3086963,41071.0,695.6115779645191,1.8791946308724832,731,744,14,0,730,738,107002,1,0,0,1,6
2020-09-23,US,Pennsylvania,Adams,810,25,0,39.87140411,-77.21610347,42001.0,786.3390577522352,3.08641975308642,785,799,25,0,774,796,102811,11,0,0,11,3
2020-09-23,US,Pennsylvania,Allegheny,11867,354,0,40.46809875,-79.98167747,42003.0,975.8684917087774,2.9830622735316425,11513,11821,351,0,11470,11779,1218452,46,3,0,43,42
2020-09-23,US,Pennsylvania,Armstrong,424,18,0,40.81665618,-79.46290811,42005.0,654.977987178497,4.245283018867925,406,421,17,0,404,418,65263,3,1,0,2,3
2020-09-23,US,Pennsylvania,Beaver,1845,120,0,40.6825484,-80.34921611,42007.0,1125.487253628095,6.5040650406504055,1725,1839,118,0,1721,1838,164742,6,2,0,4,1
2020-09-23,US,Pennsylvania,Bedford,235,6,0,40.00522157,-78.48998442,42009.0,490.72836618777154,2.5531914893617023,229,231,6,0,225,229,48176,4,0,0,4,2
2020-09-23,US,Pennsylvania,Berks,6939,393,0,40.41570541,-75.92457766,42011.0,1647.5767159586292,5.663640293990488,6546,6903,391,0,6512,6862,420152,36,2,0,34,41
2020-09-23,US,Pennsylvania,Blair,609,16,0,40.47961444,-78.34917412,42013.0,499.8809807188765,2.6272577996715927,593,599,16,0,583,589,122492,10,0,0,10,10
2020-09-23,US,Pennsylvania,Bradford,132,3,0,41.78869215,-76.51570822,42015.0,218.8220081892479,2.272727272727273,129,130,3,0,127,129,60833,2,0,0,2,1
2020-09-23,US,Pennsylvania,Bucks,8626,607,0,40.33682119,-75.10836643,42017.0,1372.976586499435,7.0368652909807565,8019,8590,606,0,7984,8573,628195,36,1,0,35,17
2020-09-23,US,Pennsylvania,Butler,1024,23,0,40.91152759,-79.91351055,42019.0,545.1070784070523,2.24609375,1001,1018,22,0,996,1001,187888,6,1,0,5,17
2020-09-23,US,Pennsylvania,Cambria,553,7,0,40.49527404,-78.71377428,42021.0,424.75728155339806,1.2658227848101269,546,549,7,0,542,547,131730,4,0,0,4,2
2020-09-23,US,Pennsylvania,Cameron,8,0,0,41.43625568,-78.20376845,42023.0,179.89655947830002,0.0,8,8,0,0,8,8,4492,0,0,0,0,0
2020-09-23,US,Pennsylvania,Carbon,455,28,0,40.91545395,-75.7068525,42025.0,708.9215044716587,6.153846153846153,427,452,28,0,424,449,64227,3,0,0,3,3
2020-09-23,US,Pennsylvania,Centre,2078,11,0,40.92058903,-77.82200624,42027.0,1279.6748468146684,0.5293551491819056,2067,2031,11,0,2020,1836,162805,47,0,0,47,195
2020-09-23,US,Pennsylvania,Chester,6701,367,0,39.97291773,-75.74768357,42029.0,1276.407696161253,5.476794508282347,6334,6660,366,0,6294,6633,522046,41,1,0,40,27
2020-09-23,US,Pennsylvania,Clarion,116,3,0,41.19265812,-79.42413524,42031.0,301.78469223164575,2.586206896551724,113,116,3,0,113,114,38779,0,0,0,0,2
2020-09-23,US,Pennsylvania,Clearfield,313,2,0,41.00110782,-78.47592663,42033.0,394.9277648097912,0.6389776357827476,311,311,2,0,309,311,79388,2,0,0,2,0
2020-09-23,US,Pennsylvania,Clinton,200,6,0,41.23255967,-77.63785995,42035.0,517.7055290950507,3.0,194,199,6,0,193,198,38684,1,0,0,1,1
2020-09-23,US,Pennsylvania,Columbia,873,35,0,41.04821986,-76.40565017,42037.0,1343.8211932762758,4.009163802978236,838,866,35,0,831,863,65456,7,0,0,7,3
2020-09-23,US,Pennsylvania,Crawford,298,3,0,41.68447709,-80.10760592,42039.0,352.1251580427513,1.0067114093959733,295,293,3,0,290,290,85063,5,0,0,5,3
2020-09-23,US,Pennsylvania,Cumberland,1783,76,0,40.1625372,-77.26130755,42041.0,703.7139361408217,4.262478968031409,1707,1775,75,0,1700,1764,251423,8,1,0,7,11
2020-09-23,US,Pennsylvania,Dauphin,3735,179,0,40.41377078,-76.77993242,42043.0,1342.0817178645987,4.792503346720214,3556,3714,176,0,3538,3704,277097,21,3,0,18,10
2020-09-23,US,Pennsylvania,Delaware,11233,753,0,39.91680171,-75.40243663,42045.0,1982.0131381374758,6.7034630107718325,10480,11193,751,0,10442,11158,564751,40,2,0,38,35
2020-09-23,US,Pennsylvania,Elk,69,2,0,41.42822061,-78.64524744,42047.0,230.6920762286861,2.898550724637681,67,68,2,0,66,67,30169,1,0,0,1,1
2020-09-23,US,Pennsylvania,Erie,1504,38,0,41.99253829,-80.03301954,42049.0,557.5987661644323,2.526595744680851,1466,1491,38,0,1453,1483,272061,13,0,0,13,8
2020-09-23,US,Pennsylvania,Fayette,778,7,0,39.92041012,-79.64291195,42051.0,601.8224855732783,0.8997429305912596,771,775,7,0,768,773,130441,3,0,0,3,2
2020-09-23,US,Pennsylvania,Forest,15,0,0,41.51095103,-79.23229292,42053.0,206.9821995308404,0.0,15,15,0,0,15,15,7279,0,0,0,0,0
2020-09-23,US,Pennsylvania,Franklin,1747,50,0,39.92956518,-77.72157791,42055.0,1126.9004754010589,2.862049227246709,1697,1738,50,0,1688,1719,154835,9,0,0,9,19
2020-09-23,US,Pennsylvania,Fulton,45,2,0,39.92913544,-78.11163677,42057.0,309.7040605643496,4.4444444444444455,43,44,2,0,42,44,14523,1,0,0,1,0
2020-09-23,US,Pennsylvania,Greene,181,1,0,39.85746531,-80.22357106,42059.0,499.544614025888,0.5524861878453039,180,179,1,0,178,176,36506,2,0,0,2,3
2020-09-23,US,Pennsylvania,Huntingdon,399,6,0,40.42162652,-77.97673273,42061.0,883.8383838383838,1.5037593984962403,393,399,6,0,393,396,45168,0,0,0,0,3
2020-09-23,US,Pennsylvania,Indiana,668,12,0,40.65241041,-79.08963285,42063.0,794.5475955419695,1.7964071856287425,656,653,12,0,641,642,84501,15,0,0,15,11
2020-09-23,US,Pennsylvania,Jefferson,109,3,0,41.12913106,-78.9986361,42065.0,251.0074841681059,2.7522935779816518,106,109,3,0,106,109,43641,0,0,0,0,0
2020-09-23,US,Pennsylvania,Juniata,183,7,0,40.53358749,-77.39975129999998,42067.0,739.0057747445785,3.8251366120218577,176,182,7,0,175,181,24704,1,0,0,1,1
2020-09-23,US,Pennsylvania,Lackawanna,2417,216,0,41.43564672,-75.60379201,42069.0,1152.7418754828925,8.936698386429457,2201,2410,216,0,2194,2401,210793,7,0,0,7,9
2020-09-23,US,Pennsylvania,Lancaster,7700,458,0,40.03904563,-76.24770128,42071.0,1410.9696476607223,5.9480519480519485,7242,7607,457,0,7150,7566,543557,93,1,0,92,41
2020-09-23,US,Pennsylvania,Lawrence,505,23,0,40.99206278,-80.33393706,42073.0,590.5603891851435,4.554455445544554,482,501,23,0,478,499,86184,4,0,0,4,2
2020-09-23,US,Pennsylvania,Lebanon,1971,59,0,40.36680311,-76.45651841,42075.0,1390.054516090357,2.993404363267377,1912,1959,59,0,1900,1945,141314,12,0,0,12,14
2020-09-23,US,Pennsylvania,Lehigh,5530,352,0,40.6154815,-75.59435245,42077.0,1497.3545833130256,6.365280289330922,5178,5505,350,0,5155,5494,368100,25,2,0,23,11
2020-09-23,US,Pennsylvania,Luzerne,4050,189,0,41.17823008,-75.98447579,42079.0,1275.9240998434234,4.666666666666667,3861,4039,189,0,3850,4027,317646,11,0,0,11,12
2020-09-23,US,Pennsylvania,Lycoming,641,25,0,41.34310539,-77.06629984,42081.0,565.7596271811756,3.9001560062402496,616,633,24,0,609,630,113664,8,1,0,7,3
2020-09-23,US,Pennsylvania,McKean,57,2,0,41.80938602,-78.56478358,42083.0,140.30769230769232,3.5087719298245608,55,57,2,0,55,56,40968,0,0,0,0,1
2020-09-23,US,Pennsylvania,Mercer,705,16,0,41.30248872,-80.25816981,42085.0,644.2827898815617,2.269503546099291,689,703,14,0,689,699,110683,2,2,0,0,4
2020-09-23,US,Pennsylvania,Mifflin,218,2,0,40.61116939,-77.61070738,42087.0,472.4955568078374,0.9174311926605504,216,215,2,0,213,211,46222,3,0,0,3,4
2020-09-23,US,Pennsylvania,Monroe,1780,132,0,41.05934058,-75.34031025,42089.0,1045.3923451439177,7.415730337078652,1648,1779,131,0,1648,1775,169507,1,1,0,0,4
2020-09-23,US,Pennsylvania,Montgomery,12028,878,0,40.21053671,-75.36652296,42091.0,1447.5608215040052,7.29963418689724,11150,11992,876,0,11116,11962,828604,36,2,0,34,30
2020-09-23,US,Pennsylvania,Montour,164,5,0,41.03023987,-76.66345939,42093.0,899.6160175534833,3.0487804878048776,159,164,5,0,159,164,18240,0,0,0,0,0
2020-09-23,US,Pennsylvania,Northampton,4421,305,0,40.75182733,-75.30471829,42095.0,1448.155002702393,6.898891653472066,4116,4403,305,0,4098,4394,304807,18,0,0,18,9
2020-09-23,US,Pennsylvania,Northumberland,919,50,0,40.84785433,-76.70798222,42097.0,1011.6354589786777,5.44069640914037,869,900,48,0,852,887,91083,19,2,0,17,13
2020-09-23,US,Pennsylvania,Perry,212,6,0,40.40206612,-77.26297447,42099.0,458.1604426002767,2.830188679245283,206,207,6,0,201,207,46139,5,0,0,5,0
2020-09-23,US,Pennsylvania,Philadelphia,36004,1789,0,40.00338507,-75.1379271,42101.0,2272.8879641226613,4.968892345294966,34215,35901,1787,0,34114,35825,1584138,103,2,0,101,76
2020-09-23,US,Pennsylvania,Pike,571,22,0,41.33155042,-75.03208106,42103.0,1023.1324696733502,3.852889667250438,549,570,22,0,548,566,55933,1,0,0,1,4
2020-09-23,US,Pennsylvania,Potter,26,0,0,41.74471626,-77.89559864,42105.0,157.3278470289241,0.0,26,26,0,0,26,26,16622,0,0,0,0,0
2020-09-23,US,Pennsylvania,Schuylkill,1076,52,0,40.70497338,-76.2150785,42107.0,761.1825210987628,4.83271375464684,1024,1068,52,0,1016,1065,142067,8,0,0,8,3
2020-09-23,US,Pennsylvania,Snyder,283,4,0,40.77129231,-77.06840691,42109.0,700.9808778361238,1.413427561837456,279,272,4,0,268,266,40540,11,0,0,11,6
2020-09-23,US,Pennsylvania,Somerset,211,3,0,39.97172723,-79.02699593,42111.0,287.281985649516,1.4218009478672986,208,206,3,0,203,206,73952,5,0,0,5,0
2020-09-23,US,Pennsylvania,Sullivan,11,0,0,41.44634738,-76.51246591,42113.0,181.3386086383119,0.0,11,11,0,0,11,11,6071,0,0,0,0,0
2020-09-23,US,Pennsylvania,Susquehanna,293,28,0,41.82147784,-75.80071959,42115.0,726.5423527077963,9.55631399317406,265,293,28,0,265,293,40589,0,0,0,0,0
2020-09-23,US,Pennsylvania,Tioga,65,3,0,41.77255149,-77.25433032,42117.0,160.13401985661847,4.615384615384615,62,64,3,0,61,64,40763,1,0,0,1,0
2020-09-23,US,Pennsylvania,Union,453,6,0,40.96188846,-77.05996014,42119.0,1008.3921376577699,1.3245033112582782,447,462,6,0,456,459,44785,-9,0,0,-9,3
2020-09-23,US,Pennsylvania,Venango,83,1,0,41.40323442,-79.75845449,42121.0,163.8114786452988,1.2048192771084338,82,83,1,0,82,81,51266,0,0,0,0,2
2020-09-23,US,Pennsylvania,Warren,42,1,0,41.81304978,-79.26969577,42123.0,107.16746191727691,2.380952380952381,41,42,1,0,41,42,39498,0,0,0,0,0
2020-09-23,US,Pennsylvania,Washington,1310,29,0,40.19208869,-80.24582867,42125.0,633.2632393106618,2.213740458015267,1281,1292,29,0,1263,1284,207346,18,0,0,18,8
2020-09-23,US,Pennsylvania,Wayne,222,10,0,41.64938475,-75.29956506,42127.0,432.23457487198476,4.504504504504505,212,220,10,0,210,218,51276,2,0,0,2,2
2020-09-23,US,Pennsylvania,Westmoreland,2135,52,0,40.31377979999999,-79.46615476,42129.0,611.9249410287791,2.4355971896955504,2083,2096,52,0,2044,2084,350611,39,0,0,39,12
2020-09-23,US,Pennsylvania,Wyoming,72,8,0,41.51955538,-76.01074915,42131.0,268.7168769127417,11.111111111111109,64,72,8,0,64,72,27046,0,0,0,0,0
2020-09-23,US,Pennsylvania,York,4606,149,0,39.9210089,-76.73040131,42133.0,1025.7026931933071,3.2349109856708638,4457,4554,143,0,4411,4520,448273,52,6,0,46,34
2020-09-23,US,Puerto Rico,Adjuntas,143,0,0,18.180117000000006,-66.754367,72001.0,733.9732074115898,0.0,143,143,0,0,143,143,,0,0,0,0,0
2020-09-23,US,Puerto Rico,Aguada,314,0,0,18.360255,-67.17513100000001,72003.0,748.3495793512715,0.0,314,312,0,0,312,312,,2,0,0,2,0
2020-09-23,US,Puerto Rico,Aguadilla,412,0,0,18.459681,-67.12081500000001,72005.0,675.974995488031,0.0,412,412,0,0,412,412,,0,0,0,0,0
2020-09-23,US,Puerto Rico,Aguas Buenas,254,0,0,18.251619,-66.126806,72007.0,886.2835409469975,0.0,254,253,0,0,253,252,,1,0,0,1,1
2020-09-23,US,Puerto Rico,Aibonito,147,0,0,18.131361,-66.264131,72009.0,567.5675675675676,0.0,147,147,0,0,147,147,,0,0,0,0,0
2020-09-23,US,Puerto Rico,Anasco,219,0,0,18.287985,-67.120611,72011.0,748.4364854242848,0.0,219,219,0,0,219,219,,0,0,0,0,0
2020-09-23,US,Puerto Rico,Arecibo,756,0,0,18.406631,-66.675077,72013.0,783.9070924927418,0.0,756,744,0,0,744,743,,12,0,0,12,1
2020-09-23,US,Puerto Rico,Arroyo,160,0,0,17.998457000000005,-66.056546,72015.0,817.3690932311623,0.0,160,160,0,0,160,160,,0,0,0,0,0
2020-09-23,US,Puerto Rico,Barceloneta,218,0,0,18.445532999999998,-66.56053100000001,72017.0,878.4655061250805,0.0,218,216,0,0,216,215,,2,0,0,2,1
2020-09-23,US,Puerto Rico,Barranquitas,414,0,0,18.201592,-66.30963,72019.0,1365.525430437364,0.0,414,414,0,0,414,414,,0,0,0,0,0
2020-09-23,US,Puerto Rico,Bayamon,3444,0,0,18.34946,-66.168435,72021.0,1654.8463356973996,0.0,3444,3431,0,0,3431,3416,,13,0,0,13,15
2020-09-23,US,Puerto Rico,Cabo Rojo,321,0,0,18.040993,-67.154391,72023.0,630.4377712748199,0.0,321,321,0,0,321,320,,0,0,0,0,1
2020-09-23,US,Puerto Rico,Caguas,1440,0,0,18.211615,-66.050779,72025.0,1007.7470554890724,0.0,1440,1432,0,0,1432,1426,,8,0,0,8,6
2020-09-23,US,Puerto Rico,Camuy,249,0,0,18.418578,-66.860206,72027.0,708.2112688074178,0.0,249,249,0,0,249,248,,0,0,0,0,1
2020-09-23,US,Puerto Rico,Canovanas,635,0,0,18.328802,-65.887612,72029.0,1332.6897246474146,0.0,635,634,0,0,634,631,,1,0,0,1,3
2020-09-23,US,Puerto Rico,Carolina,2415,0,0,18.374986,-65.95683100000001,72031.0,1366.2438759461875,0.0,2415,2413,0,0,2413,2408,,2,0,0,2,5
2020-09-23,US,Puerto Rico,Catano,407,0,0,18.437269,-66.14330600000001,72033.0,1446.3397299218195,0.0,407,406,0,0,406,406,,1,0,0,1,0
2020-09-23,US,Puerto Rico,Cayey,331,0,0,18.102851,-66.14914,72035.0,687.877969201355,0.0,331,331,0,0,331,331,,0,0,0,0,0
2020-09-23,US,Puerto Rico,Ceiba,112,0,0,18.251818,-65.666416,72037.0,821.656518230504,0.0,112,112,0,0,112,112,,0,0,0,0,0
2020-09-23,US,Puerto Rico,Ciales,220,0,0,18.28885,-66.516475,72039.0,1171.3342562027476,0.0,220,218,0,0,218,218,,2,0,0,2,0
2020-09-23,US,Puerto Rico,Cidra,296,0,0,18.173559,-66.161179,72041.0,680.7727690892365,0.0,296,293,0,0,293,293,,3,0,0,3,0
2020-09-23,US,Puerto Rico,Coamo,265,0,0,18.097597,-66.36014,72043.0,654.1271721958926,0.0,265,265,0,0,265,265,,0,0,0,0,0
2020-09-23,US,Puerto Rico,Comerio,236,0,0,18.224687,-66.221622,72045.0,1135.8167292328426,0.0,236,236,0,0,236,235,,0,0,0,0,1
2020-09-23,US,Puerto Rico,Corozal,566,0,0,18.304264,-66.327738,72047.0,1523.8813203381617,0.0,566,566,0,0,566,561,,0,0,0,0,5
2020-09-23,US,Puerto Rico,Culebra,22,0,0,18.31586,-65.28813000000001,72049.0,1210.1210121012102,0.0,22,22,0,0,22,22,,0,0,0,0,0
2020-09-23,US,Puerto Rico,Dorado,723,0,0,18.436115,-66.278669,72051.0,1894.4058692519325,0.0,723,721,0,0,721,717,,2,0,0,2,4
2020-09-23,US,Puerto Rico,Fajardo,473,0,0,18.318373,-65.666866,72053.0,1278.6202795123402,0.0,473,473,0,0,473,473,,0,0,0,0,0
2020-09-23,US,Puerto Rico,Florida,251,0,0,18.373715,-66.560488,72054.0,1979.4952681388013,0.0,251,250,0,0,250,250,,1,0,0,1,0
2020-09-23,US,Puerto Rico,Guanica,97,0,0,17.982429,-66.91964300000001,72055.0,499.30509085293664,0.0,97,95,0,0,95,95,,2,0,0,2,0
2020-09-23,US,Puerto Rico,Guayama,279,0,0,18.007516,-66.13390799999999,72057.0,615.0522463736166,0.0,279,279,0,0,279,279,,0,0,0,0,0
2020-09-23,US,Puerto Rico,Guayanilla,164,0,0,18.039942,-66.79186,72059.0,759.9277141930403,0.0,164,164,0,0,164,164,,0,0,0,0,0
2020-09-23,US,Puerto Rico,Guaynabo,1555,0,0,18.345114000000002,-66.11452299999999,72061.0,1587.966177852212,0.0,1555,1555,0,0,1555,1549,,0,0,0,0,6
2020-09-23,US,Puerto Rico,Gurabo,481,0,0,18.266461,-65.97970500000001,72063.0,1060.1952875311335,0.0,481,479,0,0,479,478,,2,0,0,2,1
2020-09-23,US,Puerto Rico,Hatillo,268,0,0,18.410928,-66.79632600000001,72065.0,638.8100970133245,0.0,268,265,0,0,265,260,,3,0,0,3,5
2020-09-23,US,Puerto Rico,Hormigueros,162,0,0,18.134532,-67.113972,72067.0,939.1304347826087,0.0,162,162,0,0,162,160,,0,0,0,0,2
2020-09-23,US,Puerto Rico,Humacao,455,0,0,18.145211,-65.810174,72069.0,778.2300824410768,0.0,455,455,0,0,455,453,,0,0,0,0,2
2020-09-23,US,Puerto Rico,Isabela,252,0,0,18.44981,-67.005093,72071.0,552.2561416580834,0.0,252,250,0,0,250,250,,2,0,0,2,0
2020-09-23,US,Puerto Rico,Jayuya,225,0,0,18.211446,-66.58878,72073.0,1352.0009614229061,0.0,225,225,0,0,225,225,,0,0,0,0,0
2020-09-23,US,Puerto Rico,Juana Diaz,327,0,0,18.050764,-66.49458100000001,72075.0,409.2769440654843,0.0,327,327,0,0,327,321,,0,0,0,0,6
2020-09-23,US,Puerto Rico,Juncos,343,0,0,18.223793,-65.909109,72077.0,851.3278729213205,0.0,343,342,0,0,342,339,,1,0,0,1,3
2020-09-23,US,Puerto Rico,Lajas,143,0,0,18.011661,-67.040585,72079.0,555.2751135790005,0.0,143,141,0,0,141,140,,2,0,0,2,1
2020-09-23,US,Puerto Rico,Lares,306,0,0,18.269035000000002,-66.867236,72081.0,995.0248756218906,0.0,306,305,0,0,305,305,,1,0,0,1,0
2020-09-23,US,Puerto Rico,Las Marias,103,0,0,18.23679,-66.98362,72083.0,1042.4046149175183,0.0,103,103,0,0,103,102,,0,0,0,0,1
2020-09-23,US,Puerto Rico,Las Piedras,440,0,0,18.187527,-65.86946800000001,72085.0,1137.6858435681966,0.0,440,439,0,0,439,436,,1,0,0,1,3
2020-09-23,US,Puerto Rico,Loiza,252,0,0,18.425688,-65.89943000000001,72087.0,838.3233532934132,0.0,252,252,0,0,252,252,,0,0,0,0,0
2020-09-23,US,Puerto Rico,Luquillo,230,0,0,18.342114000000002,-65.72509699999999,72089.0,1146.1032489535578,0.0,230,230,0,0,230,230,,0,0,0,0,0
2020-09-23,US,Puerto Rico,Manati,502,0,0,18.420473,-66.490461,72091.0,1137.9865345816427,0.0,502,500,0,0,500,500,,2,0,0,2,0
2020-09-23,US,Puerto Rico,Maricao,79,0,0,18.171795,-66.942126,72093.0,1258.7635436583812,0.0,79,79,0,0,79,79,,0,0,0,0,0
2020-09-23,US,Puerto Rico,Maunabo,107,0,0,18.017889,-65.922235,72095.0,875.2556237218814,0.0,107,107,0,0,107,107,,0,0,0,0,0
2020-09-23,US,Puerto Rico,Mayaguez,773,0,0,18.2013,-67.1452,72097.0,867.759317467445,0.0,773,770,0,0,770,770,,3,0,0,3,0
2020-09-23,US,Puerto Rico,Moca,325,0,0,18.377805,-67.080952,72099.0,810.291954424194,0.0,325,325,0,0,325,325,,0,0,0,0,0
2020-09-23,US,Puerto Rico,Morovis,498,0,0,18.316963,-66.420383,72101.0,1527.1389144434222,0.0,498,498,0,0,498,497,,0,0,0,0,1
2020-09-23,US,Puerto Rico,Naguabo,190,0,0,18.230636999999998,-65.753897,72103.0,711.0778443113772,0.0,190,190,0,0,190,190,,0,0,0,0,0
2020-09-23,US,Puerto Rico,Naranjito,572,0,0,18.288019,-66.252703,72105.0,1881.4551674231961,0.0,572,572,0,0,572,572,,0,0,0,0,0
2020-09-23,US,Puerto Rico,Orocovis,317,0,0,18.215046,-66.433604,72107.0,1353.3706186227212,0.0,317,316,0,0,316,314,,1,0,0,1,2
2020-09-23,US,Puerto Rico,Out of PR,790,0,0,0.0,0.0,72888.0,0.0,0.0,790,782,0,0,782,782,,8,0,0,8,0
2020-09-23,US,Puerto Rico,Patillas,167,0,0,18.03174,-66.012242,72109.0,866.3173730352232,0.0,167,167,0,0,167,167,,0,0,0,0,0
2020-09-23,US,Puerto Rico,Penuelas,114,0,0,18.059645,-66.721572,72111.0,469.4835680751173,0.0,114,114,0,0,114,114,,0,0,0,0,0
2020-09-23,US,Puerto Rico,Ponce,827,0,0,18.059498,-66.613748,72113.0,497.2133207476838,0.0,827,825,0,0,825,824,,2,0,0,2,1
2020-09-23,US,Puerto Rico,Quebradillas,161,0,0,18.439692,-66.926113,72115.0,621.1659400439831,0.0,161,161,0,0,161,161,,0,0,0,0,0
2020-09-23,US,Puerto Rico,Rincon,166,0,0,18.335442999999998,-67.23174,72117.0,1092.1052631578948,0.0,166,166,0,0,166,165,,0,0,0,0,1
2020-09-23,US,Puerto Rico,Rio Grande,544,0,0,18.346329,-65.813742,72119.0,1001.7678255745433,0.0,544,544,0,0,544,539,,0,0,0,0,5
2020-09-23,US,Puerto Rico,Sabana Grande,192,0,0,18.08282,-66.943758,72121.0,759.9445873738373,0.0,192,192,0,0,192,192,,0,0,0,0,0
2020-09-23,US,Puerto Rico,Salinas,395,0,0,18.010386999999994,-66.256592,72123.0,1270.9955595598171,0.0,395,395,0,0,395,394,,0,0,0,0,1
2020-09-23,US,Puerto Rico,San German,239,0,0,18.111484,-67.03858100000001,72125.0,672.7277845019281,0.0,239,239,0,0,239,239,,0,0,0,0,0
2020-09-23,US,Puerto Rico,San Juan,6758,0,0,18.386933,-66.061128,72127.0,1709.4752179214115,0.0,6758,6749,0,0,6749,6732,,9,0,0,9,17
2020-09-23,US,Puerto Rico,San Lorenzo,438,0,0,18.147987,-65.976392,72129.0,1066.783574455648,0.0,438,438,0,0,438,437,,0,0,0,0,1
2020-09-23,US,Puerto Rico,San Sebastian,344,0,0,18.328646,-66.971214,72131.0,810.7471128918219,0.0,344,344,0,0,344,344,,0,0,0,0,0
2020-09-23,US,Puerto Rico,Santa Isabel,165,0,0,17.994525,-66.388913,72133.0,708.9456045372517,0.0,165,164,0,0,164,164,,1,0,0,1,0
2020-09-23,US,Puerto Rico,Toa Alta,1187,0,0,18.362406,-66.246616,72135.0,1602.6246860907834,0.0,1187,1185,0,0,1185,1182,,2,0,0,2,3
2020-09-23,US,Puerto Rico,Toa Baja,1228,0,0,18.431445999999998,-66.213553,72137.0,1370.3980626945954,0.0,1228,1216,0,0,1216,1212,,12,0,0,12,4
2020-09-23,US,Puerto Rico,Trujillo Alto,969,0,0,18.336159,-65.99888399999999,72139.0,1294.7275593917855,0.0,969,969,0,0,969,966,,0,0,0,0,3
2020-09-23,US,Puerto Rico,Unassigned,525,617,0,0.0,0.0,72999.0,0.0,117.5238095238095,-92,570,613,0,-43,570,,-45,4,0,-49,0
2020-09-23,US,Puerto Rico,Utuado,129,0,0,18.271214,-66.702984,72141.0,389.1520106187215,0.0,129,129,0,0,129,129,,0,0,0,0,0
2020-09-23,US,Puerto Rico,Vega Alta,683,0,0,18.409346,-66.33725,72143.0,1709.5942529598758,0.0,683,681,0,0,681,678,,2,0,0,2,3
2020-09-23,US,Puerto Rico,Vega Baja,895,0,0,18.428262,-66.397924,72145.0,1500.1173276122156,0.0,895,893,0,0,893,891,,2,0,0,2,2
2020-09-23,US,Puerto Rico,Vieques,86,0,0,18.123276,-65.44097099999999,72147.0,924.6317600258037,0.0,86,86,0,0,86,86,,0,0,0,0,0
2020-09-23,US,Puerto Rico,Villalba,128,0,0,18.127951,-66.473115,72149.0,490.9293138495762,0.0,128,128,0,0,128,128,,0,0,0,0,0
2020-09-23,US,Puerto Rico,Yabucoa,267,0,0,18.070399,-65.896289,72151.0,703.7242033683877,0.0,267,267,0,0,267,265,,0,0,0,0,2
2020-09-23,US,Puerto Rico,Yauco,375,0,0,18.080374,-66.858814,72153.0,891.9439621340057,0.0,375,374,0,0,374,374,,1,0,0,1,0
2020-09-23,US,Rhode Island,Bristol,404,0,0,41.71018079,-71.28652315,44001.0,833.3505229068255,0.0,404,382,0,0,382,382,48649,22,0,0,22,0
2020-09-23,US,Rhode Island,Kent,1867,0,0,41.67106337,-71.57641596,44003.0,1136.3913032892654,0.0,1867,1796,0,0,1796,1796,163861,71,0,0,71,0
2020-09-23,US,Rhode Island,Newport,518,0,0,41.5642026,-71.26569799,44005.0,631.0762408323384,0.0,518,502,0,0,502,502,82542,16,0,0,16,0
2020-09-23,US,Rhode Island,Providence,18437,0,0,41.87064746,-71.57753536,44007.0,2885.601105596692,0.0,18437,17941,0,0,17941,17941,636084,496,0,0,496,0
2020-09-23,US,Rhode Island,Unassigned,2148,1102,0,0.0,0.0,90044.0,0.0,51.30353817504656,1046,2670,1099,0,1571,2558,,-522,3,0,-525,112
2020-09-23,US,Rhode Island,Washington,803,0,0,41.45961631,-71.61435303,44009.0,639.4483066166575,0.0,803,753,0,0,753,753,126179,50,0,0,50,0
2020-09-23,US,South Carolina,Abbeville,548,12,0,34.22333378,-82.46170658,45001.0,2234.272434459983,2.18978102189781,536,538,11,0,527,532,24541,10,1,0,9,6
2020-09-23,US,South Carolina,Aiken,4025,79,0,33.54338026,-81.63645384,45003.0,2355.564399082354,1.9627329192546583,3946,3999,78,0,3921,2681,169401,26,1,0,25,1318
2020-09-23,US,South Carolina,Allendale,371,6,0,32.98837386,-81.35321066,45005.0,4270.257826887661,1.6172506738544474,365,362,6,0,356,357,8903,9,0,0,9,5
2020-09-23,US,South Carolina,Anderson,4215,170,0,34.51828081,-82.63959517,45007.0,2080.8854747775945,4.033214709371293,4045,4134,166,0,3968,4043,200482,81,4,0,77,91
2020-09-23,US,South Carolina,Bamberg,629,33,0,33.21927586,-81.05659969,45009.0,4471.775913550406,5.246422893481716,596,622,33,0,589,614,14275,7,0,0,7,8
2020-09-23,US,South Carolina,Barnwell,674,16,0,33.26679302,-81.43584352,45011.0,3230.1351480877984,2.373887240356083,658,664,17,0,647,605,21112,10,-1,0,11,59
2020-09-23,US,South Carolina,Beaufort,5508,81,0,32.39226291,-80.72619758,45013.0,2866.9283059722466,1.4705882352941178,5427,5496,81,0,5415,5439,188715,12,0,0,12,57
2020-09-23,US,South Carolina,Berkeley,5390,88,0,33.20222596,-79.94654523,45015.0,2364.999758673494,1.6326530612244898,5302,5358,88,0,5270,5345,221091,32,0,0,32,13
2020-09-23,US,South Carolina,Calhoun,446,17,0,33.66926881,-80.77722168,45017.0,3064.6602075173505,3.8116591928251116,429,443,17,0,426,441,14520,3,0,0,3,2
2020-09-23,US,South Carolina,Charleston,15613,259,0,32.82487866,-79.96512315,45019.0,3795.0345887031294,1.6588740152437071,15354,15560,258,0,15302,15500,405905,53,1,0,52,60
2020-09-23,US,South Carolina,Cherokee,1119,35,0,35.05122251,-81.61828622,45021.0,1952.8795811518328,3.1277926720285962,1084,1101,36,0,1065,1069,57078,18,-1,0,19,32
2020-09-23,US,South Carolina,Chester,1019,21,0,34.69249168,-81.1583216,45023.0,3160.2778811561852,2.0608439646712458,998,1019,21,0,998,1016,32251,0,0,0,0,3
2020-09-23,US,South Carolina,Chesterfield,1203,36,0,34.64137396,-80.15640140000002,45025.0,2635.2683461117194,2.9925187032418954,1167,1189,35,0,1154,1186,45754,14,1,0,13,3
2020-09-23,US,South Carolina,Clarendon,1081,66,0,33.66610974,-80.21647898,45027.0,3203.437546303156,6.105457909343201,1015,1076,66,0,1010,1071,33700,5,0,0,5,5
2020-09-23,US,South Carolina,Colleton,1006,42,0,32.87582989,-80.67641292,45029.0,2670.0639647530325,4.174950298210735,964,1004,42,0,962,994,37660,2,0,0,2,10
2020-09-23,US,South Carolina,Darlington,1994,52,0,34.33358335,-79.96027485,45031.0,2993.1850250683,2.6078234704112337,1942,1980,51,0,1929,1958,66802,14,1,0,13,22
2020-09-23,US,South Carolina,Dillon,993,36,0,34.39007791,-79.37741872,45033.0,3257.980904885331,3.625377643504532,957,986,34,0,952,978,30599,7,2,0,5,8
2020-09-23,US,South Carolina,Dorchester,4065,88,0,33.0794369,-80.40502652,45035.0,2496.7907179578524,2.1648216482164817,3977,4056,87,0,3969,4039,160647,9,1,0,8,17
2020-09-23,US,South Carolina,Edgefield,797,17,0,33.77221995,-81.96231108,45037.0,2923.6977256052833,2.132998745294856,780,794,17,0,777,549,27052,3,0,0,3,245
2020-09-23,US,South Carolina,Fairfield,755,34,0,34.39287073,-81.1195624,45039.0,3378.529556540028,4.5033112582781465,721,755,34,0,721,742,22402,0,0,0,0,13
2020-09-23,US,South Carolina,Florence,4851,187,0,34.02361754,-79.70189312,45041.0,3507.769735272212,3.8548752834467117,4664,4836,185,0,4651,4816,138159,15,2,0,13,20
2020-09-23,US,South Carolina,Georgetown,1869,45,0,33.43443342,-79.33202141,45043.0,2981.8123803446074,2.407704654895666,1824,1866,44,0,1822,1860,62249,3,1,0,2,6
2020-09-23,US,South Carolina,Greenville,13957,298,0,34.89502264,-82.37295012,45045.0,2665.879719296637,2.135129325786344,13659,13859,295,0,13564,13786,514213,98,3,0,95,73
2020-09-23,US,South Carolina,Greenwood,2170,72,0,34.15272415,-82.12715789,45047.0,3064.4956292101506,3.3179723502304146,2098,2150,72,0,2078,2145,70741,20,0,0,20,5
2020-09-23,US,South Carolina,Hampton,629,25,0,32.77419582,-81.13845571,45049.0,3272.292165227344,3.97456279809221,604,627,26,0,601,610,19351,2,-1,0,3,17
2020-09-23,US,South Carolina,Horry,10176,196,0,33.9212828,-78.99555293,45051.0,2873.9186796241547,1.9261006289308176,9980,10147,195,0,9952,10116,344147,29,1,0,28,31
2020-09-23,US,South Carolina,Jasper,782,20,0,32.43171982,-81.02487495,45053.0,2600.3391746749576,2.557544757033248,762,778,20,0,758,779,28971,4,0,0,4,-1
2020-09-23,US,South Carolina,Kershaw,1892,37,0,34.33988254,-80.58763164,45055.0,2842.9324878664484,1.9556025369978856,1855,1885,37,0,1848,1864,65592,7,0,0,7,21
2020-09-23,US,South Carolina,Lancaster,2086,48,0,34.68270843,-80.70513032,45057.0,2128.3108190833773,2.3010546500479387,2038,2072,47,0,2025,2059,95380,14,1,0,13,13
2020-09-23,US,South Carolina,Laurens,1626,56,0,34.48244419,-82.00490796,45059.0,2409.1387254974593,3.4440344403444034,1570,1616,56,0,1560,1611,66994,10,0,0,10,5
2020-09-23,US,South Carolina,Lee,701,34,0,34.16393091,-80.25690731,45061.0,4165.67625386261,4.85021398002853,667,699,34,0,665,699,17142,2,0,0,2,0
2020-09-23,US,South Carolina,Lexington,6948,157,0,33.89665987,-81.27146426,45063.0,2325.6903765690377,2.259643062751871,6791,6876,157,0,6719,6767,295032,72,0,0,72,109
2020-09-23,US,South Carolina,Marion,853,23,0,34.07859748,-79.36400756,45067.0,2782.3987996216197,2.696365767878077,830,841,23,0,818,835,31039,12,0,0,12,6
2020-09-23,US,South Carolina,Marlboro,899,11,0,34.59905577,-79.67561152,45069.0,3442.0706026495136,1.2235817575083423,888,901,11,0,890,898,26398,-2,0,0,-2,3
2020-09-23,US,South Carolina,McCormick,228,6,0,33.90161443,-82.30794338,45065.0,2409.3839163056114,2.631578947368421,222,227,6,0,221,202,9410,1,0,0,1,25
2020-09-23,US,South Carolina,Newberry,1202,23,0,34.28629098,-81.59935761,45071.0,3126.951092611863,1.913477537437604,1179,1188,22,0,1166,1180,38520,14,1,0,13,8
2020-09-23,US,South Carolina,Oconee,1363,26,0,34.75225169,-83.06742317,45073.0,1713.4739647499564,1.9075568598679384,1337,1355,28,0,1327,1344,78374,8,-2,0,10,11
2020-09-23,US,South Carolina,Orangeburg,3056,123,0,33.4391073,-80.79886287,45075.0,3546.2721206846527,4.024869109947644,2933,3048,121,0,2927,3041,86934,8,2,0,6,7
2020-09-23,US,South Carolina,Pickens,2800,45,0,34.88807695,-82.72791551,45077.0,2206.7400145014344,1.6071428571428572,2755,2774,44,0,2730,2750,124937,26,1,0,25,24
2020-09-23,US,South Carolina,Richland,14691,230,0,34.01791263,-80.90267209,45079.0,3533.537457998504,1.5655843713838404,14461,14591,230,0,14361,14479,414576,100,0,0,100,112
2020-09-23,US,South Carolina,Saluda,684,20,0,34.00795823,-81.72713237,45081.0,3340.985688467738,2.9239766081871346,664,678,20,0,658,669,20544,6,0,0,6,9
2020-09-23,US,South Carolina,Spartanburg,6565,192,0,34.92960077,-81.99225984,45083.0,2052.9418202855045,2.924600152322925,6373,6483,192,0,6291,6361,313888,82,0,0,82,122
2020-09-23,US,South Carolina,Sumter,3150,77,0,33.91826534,-80.37942316,45085.0,2951.6215177893764,2.4444444444444446,3073,3145,77,0,3068,3130,106512,5,0,0,5,15
2020-09-23,US,South Carolina,Union,551,12,0,34.68835752,-81.61730349,45087.0,2017.1328159320544,2.177858439201452,539,542,11,0,531,534,27410,9,1,0,8,8
2020-09-23,US,South Carolina,Williamsburg,1319,43,0,33.62190129,-79.72767442,45089.0,4343.3877766069545,3.260045489006824,1276,1311,44,0,1267,1307,30606,8,-1,0,9,4
2020-09-23,US,South Carolina,York,5187,68,0,34.97281497,-81.18085944,45091.0,1846.0454340004053,1.3109697320223637,5119,5158,68,0,5090,5123,274118,29,0,0,29,35
2020-09-23,US,South Dakota,Aurora,45,0,0,43.71757685,-98.56050467,46003.0,1635.7688113413305,0.0,45,45,0,0,45,44,2801,0,0,0,0,1
2020-09-23,US,South Dakota,Beadle,723,9,0,44.41464384,-98.27858469,46005.0,3918.0621037229716,1.2448132780082988,714,707,9,0,698,703,18883,16,0,0,16,4
2020-09-23,US,South Dakota,Bennett,62,1,0,43.19486375,-101.6665572,46007.0,1842.496285289748,1.6129032258064515,61,62,1,0,61,62,3468,0,0,0,0,0
2020-09-23,US,South Dakota,Bon Homme,79,1,0,42.98914167,-97.88592746,46009.0,1144.7616287494566,1.2658227848101269,78,77,1,0,76,76,6980,2,0,0,2,1
2020-09-23,US,South Dakota,Brookings,704,2,0,44.36974375,-96.79079945,46011.0,2007.0131425150385,0.2840909090909091,702,696,2,0,694,680,35232,8,0,0,8,16
2020-09-23,US,South Dakota,Brown,1067,3,0,45.58994323,-98.35165355,46013.0,2747.238600375911,0.28116213683223995,1064,1052,3,0,1049,1031,39316,15,0,0,15,21
2020-09-23,US,South Dakota,Brule,104,0,0,43.71756379,-99.08118954,46015.0,1963.3754955635266,0.0,104,95,0,0,95,93,5229,9,0,0,9,2
2020-09-23,US,South Dakota,Buffalo,123,3,0,44.07657829,-99.20814467,46017.0,6269.113149847095,2.4390243902439024,120,119,3,0,116,118,2036,4,0,0,4,1
2020-09-23,US,South Dakota,Butte,82,1,0,44.90608745,-103.5079318,46019.0,786.2690574359958,1.2195121951219512,81,77,1,0,76,75,10222,5,0,0,5,2
2020-09-23,US,South Dakota,Campbell,16,0,0,45.77074915,-100.0510181,46021.0,1162.7906976744189,0.0,16,13,0,0,13,12,1377,3,0,0,3,1
2020-09-23,US,South Dakota,Charles Mix,156,0,0,43.20660134,-98.58856175,46023.0,1678.8635385277655,0.0,156,150,0,0,150,143,9338,6,0,0,6,7
2020-09-23,US,South Dakota,Clark,34,0,0,44.85834507,-97.72925109,46025.0,910.0642398286936,0.0,34,32,0,0,32,32,3739,2,0,0,2,0
2020-09-23,US,South Dakota,Clay,540,5,0,42.91296147,-96.97656917,46027.0,3837.953091684434,0.925925925925926,535,540,5,0,535,537,14041,0,0,0,0,3
2020-09-23,US,South Dakota,Codington,757,3,0,44.97788119,-97.18827677,46029.0,2702.7027027027025,0.3963011889035667,754,741,3,0,738,719,28015,16,0,0,16,22
2020-09-23,US,South Dakota,Corson,89,1,0,45.70889983,-101.1970473,46031.0,2178.1693587860987,1.1235955056179776,88,85,1,0,84,84,4165,4,0,0,4,1
2020-09-23,US,South Dakota,Custer,179,2,0,43.67741105,-103.45345209999999,46033.0,1995.095853767276,1.11731843575419,177,175,2,0,173,172,8726,4,0,0,4,3
2020-09-23,US,South Dakota,Davison,230,2,0,43.67490933,-98.14458906,46035.0,1163.0847029077115,0.8695652173913043,228,225,2,0,223,210,19790,5,0,0,5,15
2020-09-23,US,South Dakota,Day,65,0,0,45.367281,-97.60737498,46037.0,1198.3775811209441,0.0,65,63,0,0,63,61,5505,2,0,0,2,2
2020-09-23,US,South Dakota,Deuel,79,0,0,44.75994309,-96.66943645,46039.0,1815.6745575729722,0.0,79,76,0,0,76,76,4337,3,0,0,3,0
2020-09-23,US,South Dakota,Dewey,125,0,0,45.15639647,-100.8709139,46041.0,2121.5207060420908,0.0,125,121,0,0,121,117,5904,4,0,0,4,4
2020-09-23,US,South Dakota,Douglas,72,0,0,43.38520741,-98.36978007,46043.0,2464.9092776446428,0.0,72,70,0,0,70,64,2935,2,0,0,2,6
2020-09-23,US,South Dakota,Edmunds,90,0,0,45.41846445,-99.21545423,46045.0,2350.4831548707234,0.0,90,86,0,0,86,81,3875,4,0,0,4,5
2020-09-23,US,South Dakota,Fall River,88,3,0,43.23929297,-103.5275691,46047.0,1310.889319231342,3.4090909090909087,85,87,3,0,84,87,6758,1,0,0,1,0
2020-09-23,US,South Dakota,Faulk,65,1,0,45.07082625,-99.14535601,46049.0,2827.3162244454106,1.5384615384615383,64,64,1,0,63,61,2330,1,0,0,1,3
2020-09-23,US,South Dakota,Grant,98,1,0,45.1723937,-96.77002276,46051.0,1389.6766874645486,1.020408163265306,97,94,1,0,93,92,7147,4,0,0,4,2
2020-09-23,US,South Dakota,Gregory,110,1,0,43.19419064,-99.18883902,46053.0,2628.4348864994026,0.9090909090909092,109,107,1,0,106,98,4212,3,0,0,3,9
2020-09-23,US,South Dakota,Haakon,19,0,0,44.29299053,-101.539099,46055.0,1000.5265929436546,0.0,19,18,0,0,18,18,1918,1,0,0,1,0
2020-09-23,US,South Dakota,Hamlin,80,0,0,44.67385954,-97.18829593,46057.0,1297.8585334198572,0.0,80,80,0,0,80,80,6111,0,0,0,0,0
2020-09-23,US,South Dakota,Hand,32,0,0,44.54708407,-99.00386459,46059.0,1002.8204324663112,0.0,32,27,0,0,27,26,3262,5,0,0,5,1
2020-09-23,US,South Dakota,Hanson,32,0,0,43.6746384,-97.78715148,46061.0,926.730379380249,0.0,32,32,0,0,32,30,3376,0,0,0,0,2
2020-09-23,US,South Dakota,Harding,5,0,0,45.58015551,-103.4958629,46063.0,385.20801232665633,0.0,5,3,0,0,3,3,1249,2,0,0,2,0
2020-09-23,US,South Dakota,Hughes,349,4,0,44.39091534,-99.99661148,46065.0,1991.32717106014,1.146131805157593,345,330,4,0,326,320,17650,19,0,0,19,10
2020-09-23,US,South Dakota,Hutchinson,78,2,0,43.33449012,-97.75536441,46067.0,1069.8120971060214,2.5641025641025643,76,75,2,0,73,74,7380,3,0,0,3,1
2020-09-23,US,South Dakota,Hyde,18,0,0,44.54747703,-99.48572582,46069.0,1383.5511145272867,0.0,18,16,0,0,16,15,1282,2,0,0,2,1
2020-09-23,US,South Dakota,Jackson,29,1,0,43.69318385,-101.6255063,46071.0,867.2248803827753,3.4482758620689653,28,27,1,0,26,26,3307,2,0,0,2,1
2020-09-23,US,South Dakota,Jerauld,76,1,0,44.06637798,-98.62965972,46073.0,3775.459513164431,1.3157894736842106,75,73,1,0,72,68,2043,3,0,0,3,5
2020-09-23,US,South Dakota,Jones,7,0,0,43.96278565,-100.6940008,46075.0,775.1937984496125,0.0,7,7,0,0,7,7,928,0,0,0,0,0
2020-09-23,US,South Dakota,Kingsbury,47,0,0,44.36956169,-97.4913945,46077.0,951.6096375784572,0.0,47,47,0,0,47,46,4919,0,0,0,0,1
2020-09-23,US,South Dakota,Lake,175,7,0,44.02193107,-97.12926365,46079.0,1367.5080096897716,4.0,168,173,7,0,166,172,13057,2,0,0,2,1
2020-09-23,US,South Dakota,Lawrence,362,4,0,44.35919441,-103.79294279999999,46081.0,1400.7119640922458,1.1049723756906078,358,342,4,0,338,334,25741,20,0,0,20,8
2020-09-23,US,South Dakota,Lincoln,1251,2,0,43.27841182,-96.72039050000001,46083.0,2046.5253239104834,0.15987210231814547,1249,1223,2,0,1221,1212,58807,28,0,0,28,11
2020-09-23,US,South Dakota,Lyman,120,3,0,43.89522709,-99.85201878,46085.0,3173.7635546151814,2.5,117,112,3,0,109,112,3821,8,0,0,8,0
2020-09-23,US,South Dakota,Marshall,38,0,0,45.75870838,-97.59855639,46091.0,770.0101317122594,0.0,38,37,0,0,37,35,5112,1,0,0,1,2
2020-09-23,US,South Dakota,McCook,88,1,0,43.6742571,-97.36863144,46087.0,1575.3669889008233,1.1363636363636365,87,85,1,0,84,83,5546,3,0,0,3,2
2020-09-23,US,South Dakota,McPherson,29,0,0,45.76626028,-99.22118798,46089.0,1218.9995796553171,0.0,29,29,0,0,29,27,2407,0,0,0,0,2
2020-09-23,US,South Dakota,Meade,487,4,0,44.56676791,-102.71627409999999,46093.0,1718.9044190314844,0.8213552361396304,483,475,4,0,471,462,28294,12,0,0,12,13
2020-09-23,US,South Dakota,Mellette,30,0,0,43.58078848,-100.7563186,46095.0,1455.604075691412,0.0,30,29,0,0,29,29,2042,1,0,0,1,0
2020-09-23,US,South Dakota,Miner,19,0,0,44.02197882,-97.60992207,46097.0,857.4007220216606,0.0,19,19,0,0,19,19,2213,0,0,0,0,0
2020-09-23,US,South Dakota,Minnehaha,6383,78,0,43.67441641,-96.7910885,46099.0,3304.959251089917,1.2219959266802445,6305,6293,78,0,6215,6231,192876,90,0,0,90,62
2020-09-23,US,South Dakota,Moody,78,0,0,44.02266214,-96.67081159,46101.0,1186.1313868613138,0.0,78,75,0,0,75,71,6579,3,0,0,3,4
2020-09-23,US,South Dakota,Oglala Lakota,235,3,0,43.33749164,-102.55554980000001,46102.0,1657.6144459335544,1.2765957446808511,232,228,3,0,225,229,14309,7,0,0,7,-1
2020-09-23,US,South Dakota,Pennington,2091,35,0,44.0025835,-102.8240777,46103.0,1837.8378378378384,1.6738402678144428,2056,2041,35,0,2006,2004,111729,50,0,0,50,37
2020-09-23,US,South Dakota,Perkins,36,0,0,45.49049506,-102.47555859999999,46105.0,1256.544502617801,0.0,36,34,0,0,34,30,2922,2,0,0,2,4
2020-09-23,US,South Dakota,Potter,40,0,0,45.06583079,-99.95498503,46107.0,1857.8727357176035,0.0,40,39,0,0,39,39,2207,1,0,0,1,0
2020-09-23,US,South Dakota,Roberts,167,1,0,45.62975048,-96.94672673,46109.0,1606.6961708678086,0.5988023952095808,166,163,1,0,162,163,10447,4,0,0,4,0
2020-09-23,US,South Dakota,Sanborn,23,0,0,44.02351092,-98.09098159999999,46111.0,981.2286689419797,0.0,23,22,0,0,22,20,2429,1,0,0,1,2
2020-09-23,US,South Dakota,Spink,115,0,0,44.93837606,-98.34626602,46115.0,1803.638644918444,0.0,115,113,0,0,113,106,6495,2,0,0,2,7
2020-09-23,US,South Dakota,Stanley,34,0,0,44.41381872,-100.7349153,46117.0,1097.4822466107166,0.0,34,32,0,0,32,32,3022,2,0,0,2,0
2020-09-23,US,South Dakota,Sully,9,0,0,44.71571812,-100.1278092,46119.0,647.0165348670023,0.0,9,9,0,0,9,9,1392,0,0,0,0,0
2020-09-23,US,South Dakota,Todd,112,5,0,43.19338568,-100.71955030000001,46121.0,1100.5207821558417,4.464285714285714,107,108,5,0,103,105,10283,4,0,0,4,3
2020-09-23,US,South Dakota,Tripp,114,0,0,43.34459388,-99.8854891,46123.0,2095.203087667708,0.0,114,99,0,0,99,97,5478,15,0,0,15,2
2020-09-23,US,South Dakota,Turner,143,2,0,43.3109081,-97.14865776,46125.0,1705.6297709923667,1.3986013986013983,141,142,2,0,140,141,8424,1,0,0,1,1
2020-09-23,US,South Dakota,Union,367,6,0,42.83112163,-96.6557828,46127.0,2303.540045192067,1.6348773841961852,361,360,6,0,354,357,15619,7,0,0,7,3
2020-09-23,US,South Dakota,Walworth,102,0,0,45.43019636,-100.03075140000001,46129.0,1876.72493100276,0.0,102,93,0,0,93,92,5587,9,0,0,9,1
2020-09-23,US,South Dakota,Yankton,372,4,0,43.00924485,-97.39467635,46135.0,1630.577715437889,1.075268817204301,368,360,4,0,356,357,22869,12,0,0,12,3
2020-09-23,US,South Dakota,Ziebach,60,0,0,44.97881876,-101.6654622,46137.0,2177.068214804064,0.0,60,60,0,0,60,60,2742,0,0,0,0,0
2020-09-23,US,Tennessee,Anderson,1153,11,0,36.12684348,-84.19965764,47001.0,1497.8305489880227,0.9540329575021682,1142,1138,11,0,1127,1133,76482,15,0,0,15,5
2020-09-23,US,Tennessee,Bedford,1317,17,0,35.51123746,-86.45549096,47003.0,2649.2064449942677,1.2908124525436595,1300,1313,17,0,1296,1309,49038,4,0,0,4,4
2020-09-23,US,Tennessee,Benton,334,9,0,36.07110411,-88.06849355,47005.0,2066.831683168317,2.6946107784431144,325,332,9,0,323,332,16184,2,0,0,2,0
2020-09-23,US,Tennessee,Bledsoe,848,4,0,35.59942968,-85.20611967,47007.0,5629.3149229952205,0.4716981132075472,844,845,4,0,841,845,14755,3,0,0,3,0
2020-09-23,US,Tennessee,Blount,2461,23,0,35.68938198,-83.92847788,47009.0,1849.1524404905026,0.9345794392523364,2438,2449,23,0,2426,2440,131349,12,0,0,12,9
2020-09-23,US,Tennessee,Bradley,2883,17,0,35.15739424,-84.857186,47011.0,2666.728332254185,0.5896635449184877,2866,2868,17,0,2851,2858,106727,15,0,0,15,10
2020-09-23,US,Tennessee,Campbell,424,3,0,36.40355516,-84.15108559999999,47013.0,1064.2036042367351,0.7075471698113207,421,421,3,0,418,419,39583,3,0,0,3,2
2020-09-23,US,Tennessee,Cannon,281,0,0,35.80990797,-86.05738983,47015.0,1914.429758822728,0.0,281,279,0,0,279,276,14462,2,0,0,2,3
2020-09-23,US,Tennessee,Carroll,849,18,0,35.97366108,-88.45189331,47017.0,3057.5863435012793,2.120141342756184,831,839,18,0,821,832,28020,10,0,0,10,7
2020-09-23,US,Tennessee,Carter,1141,28,0,36.28969086,-82.12588974,47019.0,2023.372523984324,2.4539877300613497,1113,1127,28,0,1099,1126,56351,14,0,0,14,1
2020-09-23,US,Tennessee,Cheatham,805,10,0,36.26136216,-87.08903581,47021.0,1979.491971377284,1.2422360248447204,795,793,10,0,783,790,40439,12,0,0,12,3
2020-09-23,US,Tennessee,Chester,605,10,0,35.42527478,-88.6095842,47023.0,3497.716367000057,1.6528925619834711,595,595,9,0,586,591,17276,10,1,0,9,4
2020-09-23,US,Tennessee,Claiborne,438,4,0,36.48319149,-83.65947309,47025.0,1370.5059607622266,0.9132420091324199,434,438,4,0,434,430,31756,0,0,0,0,8
2020-09-23,US,Tennessee,Clay,215,5,0,36.55151008,-85.53930419,47027.0,2823.3749179251477,2.3255813953488373,210,211,5,0,206,210,7717,4,0,0,4,1
2020-09-23,US,Tennessee,Cocke,737,9,0,35.9278914,-83.11828725,47029.0,2046.9947783579605,1.2211668928086838,728,736,9,0,727,734,35774,1,0,0,1,2
2020-09-23,US,Tennessee,Coffee,1156,12,0,35.49090731,-86.07311784,47031.0,2045.2937013446567,1.038062283737024,1144,1125,12,0,1113,1108,55700,31,0,0,31,17
2020-09-23,US,Tennessee,Crockett,529,19,0,35.81830662,-89.14916269,47033.0,3717.498243148278,3.5916824196597354,510,513,19,0,494,513,14328,16,0,0,16,0
2020-09-23,US,Tennessee,Cumberland,1169,18,0,35.95271721,-84.99840585,47035.0,1931.5928618638463,1.5397775876817792,1151,1155,18,0,1137,1153,59673,14,0,0,14,2
2020-09-23,US,Tennessee,Davidson,26194,297,0,36.17007426,-86.78646056,47037.0,3773.5685967176837,1.1338474459799954,25897,26087,294,0,25793,26017,692587,107,3,0,104,70
2020-09-23,US,Tennessee,DeKalb,550,13,0,35.97616272,-85.83689361,47041.0,2684.236212786725,2.363636363636364,537,547,13,0,534,546,20138,3,0,0,3,1
2020-09-23,US,Tennessee,Decatur,495,6,0,35.60048904,-88.11043779,47039.0,4244.191031467032,1.2121212121212122,489,479,6,0,473,478,11706,16,0,0,16,1
2020-09-23,US,Tennessee,Dickson,1230,14,0,36.14669837,-87.35891709,47043.0,2279.9733076295693,1.1382113821138211,1216,1207,14,0,1193,1199,53446,23,0,0,23,8
2020-09-23,US,Tennessee,Dyer,1314,13,0,36.05931946,-89.41542855,47045.0,3536.155440135633,0.9893455098934549,1301,1287,12,0,1275,1279,37320,27,1,0,26,8
2020-09-23,US,Tennessee,Fayette,1167,18,0,35.19615831,-89.41399032,47047.0,2837.138064327912,1.5424164524421593,1149,1144,18,0,1126,1143,40507,23,0,0,23,1
2020-09-23,US,Tennessee,Fentress,462,3,0,36.38128818,-84.92870012,47049.0,2494.196404470118,0.6493506493506493,459,447,3,0,444,436,18217,15,0,0,15,11
2020-09-23,US,Tennessee,Franklin,945,8,0,35.15634626,-86.09201039,47051.0,2238.9120545868077,0.8465608465608465,937,926,7,0,919,913,41890,19,1,0,18,13
2020-09-23,US,Tennessee,Gibson,1586,20,0,35.99438059,-88.93358327,47053.0,3227.9730527344154,1.261034047919294,1566,1545,20,0,1525,1538,49045,41,0,0,41,7
2020-09-23,US,Tennessee,Giles,576,17,0,35.20222469,-87.03992678,47055.0,1954.92804778713,2.951388888888889,559,569,17,0,552,568,29503,7,0,0,7,1
2020-09-23,US,Tennessee,Grainger,360,3,0,36.27469206,-83.51254721,47057.0,1543.7392795883359,0.8333333333333334,357,354,3,0,351,350,23145,6,0,0,6,4
2020-09-23,US,Tennessee,Greene,1118,39,0,36.17470125,-82.84691273,47059.0,1618.6711838885751,3.4883720930232562,1079,1112,37,0,1075,1107,69087,6,2,0,4,5
2020-09-23,US,Tennessee,Grundy,263,5,0,35.38433717,-85.72142731,47061.0,1958.7398525359354,1.9011406844106464,258,256,5,0,251,249,13346,7,0,0,7,7
2020-09-23,US,Tennessee,Hamblen,1873,25,0,36.21990035,-83.26586179,47063.0,2884.467305263807,1.3347570742124932,1848,1839,25,0,1814,1838,64569,34,0,0,34,1
2020-09-23,US,Tennessee,Hamilton,9263,92,0,35.17670231,-85.16652245,47065.0,2518.460919402725,0.9931987477059268,9171,9211,89,0,9122,9144,364286,52,3,0,49,67
2020-09-23,US,Tennessee,Hancock,107,3,0,36.52692871,-83.22375847,47067.0,1616.3141993957706,2.803738317757009,104,106,3,0,103,106,6549,1,0,0,1,0
2020-09-23,US,Tennessee,Hardeman,1546,25,0,35.20772017,-88.99161161,47069.0,6171.656686626747,1.617076326002587,1521,1534,25,0,1509,1532,25220,12,0,0,12,2
2020-09-23,US,Tennessee,Hardin,991,15,0,35.19732531,-88.18593755,47071.0,3863.246530484953,1.5136226034308782,976,972,14,0,958,967,25776,19,1,0,18,5
2020-09-23,US,Tennessee,Hawkins,780,16,0,36.44355426,-82.94885298,47073.0,1373.5779945761278,2.051282051282051,764,773,16,0,757,770,56530,7,0,0,7,3
2020-09-23,US,Tennessee,Haywood,933,16,0,35.58332824,-89.28536625,47075.0,5391.816920943134,1.714898177920686,917,924,16,0,908,921,17335,9,0,0,9,3
2020-09-23,US,Tennessee,Henderson,1151,21,0,35.65581134,-88.38600175,47077.0,4093.6088487391967,1.8245004344048652,1130,1135,20,0,1115,1131,27847,16,1,0,15,4
2020-09-23,US,Tennessee,Henry,612,9,0,36.33160906,-88.30121797,47079.0,1892.1007883753284,1.4705882352941178,603,607,9,0,598,602,32358,5,0,0,5,5
2020-09-23,US,Tennessee,Hickman,553,5,0,35.80609681,-87.47643507,47081.0,2196.361903248868,0.9041591320072332,548,546,5,0,541,538,25063,7,0,0,7,8
2020-09-23,US,Tennessee,Houston,198,1,0,36.28872054,-87.71878828,47083.0,2414.3397146689426,0.5050505050505051,197,193,1,0,192,186,8263,5,0,0,5,7
2020-09-23,US,Tennessee,Humphreys,243,3,0,36.03958805,-87.77992872,47085.0,1307.717145624798,1.2345679012345678,240,235,3,0,232,232,18486,8,0,0,8,3
2020-09-23,US,Tennessee,Jackson,314,5,0,36.36380466,-85.67239905,47087.0,2664.1778381130152,1.5923566878980893,309,308,5,0,303,305,11758,6,0,0,6,3
2020-09-23,US,Tennessee,Jefferson,1085,14,0,36.04818632,-83.45148924,47089.0,1991.0083493898526,1.2903225806451613,1071,1074,14,0,1060,1066,54012,11,0,0,11,8
2020-09-23,US,Tennessee,Johnson,662,2,0,36.45523950000001,-81.84886538,47091.0,3721.610074207331,0.3021148036253776,660,649,2,0,647,648,17778,13,0,0,13,1
2020-09-23,US,Tennessee,Knox,9115,75,0,35.99508821,-83.94635435,47093.0,1938.0710292932572,0.8228195282501372,9040,9052,73,0,8979,8998,465289,63,2,0,61,54
2020-09-23,US,Tennessee,Lake,919,2,0,36.34180170000001,-89.48921915,47095.0,13098.631698973772,0.2176278563656148,917,915,2,0,913,915,7411,4,0,0,4,0
2020-09-23,US,Tennessee,Lauderdale,949,15,0,35.75893438,-89.63015909999999,47097.0,3702.258807006593,1.5806111696522656,934,942,15,0,927,936,25825,7,0,0,7,6
2020-09-23,US,Tennessee,Lawrence,1003,11,0,35.21675201,-87.39787695,47099.0,2272.2124054188753,1.0967098703888336,992,977,11,0,966,970,43734,26,0,0,26,7
2020-09-23,US,Tennessee,Lewis,179,1,0,35.52853208,-87.49022694,47101.0,1459.0805347244864,0.5586592178770949,178,179,1,0,178,177,12086,0,0,0,0,2
2020-09-23,US,Tennessee,Lincoln,596,1,0,35.13738622,-86.58910106,47103.0,1734.2722458243613,0.16778523489932887,595,581,1,0,580,579,34117,15,0,0,15,2
2020-09-23,US,Tennessee,Loudon,1131,6,0,35.73939663,-84.31145275,47105.0,2091.8103129392616,0.5305039787798409,1125,1121,6,0,1115,1115,53054,10,0,0,10,6
2020-09-23,US,Tennessee,Macon,1033,20,0,36.53157855,-86.00778595,47111.0,4198.84562230713,1.936108422071636,1013,1023,20,0,1003,1020,24265,10,0,0,10,3
2020-09-23,US,Tennessee,Madison,2780,60,0,35.61181957,-88.84076036,47113.0,2837.197909862835,2.1582733812949644,2720,2750,60,0,2690,2701,97605,30,0,0,30,49
2020-09-23,US,Tennessee,Marion,516,7,0,35.12997174,-85.62265895,47115.0,1785.0347666655136,1.3565891472868217,509,504,7,0,497,500,28575,12,0,0,12,4
2020-09-23,US,Tennessee,Marshall,733,5,0,35.45798777,-86.76420988,47117.0,2132.3636363636365,0.6821282401091405,728,720,5,0,715,717,33683,13,0,0,13,3
2020-09-23,US,Tennessee,Maury,2289,23,0,35.618741299999996,-87.07462444,47119.0,2374.8015811260857,1.0048055919615553,2266,2274,23,0,2251,2260,94340,15,0,0,15,14
2020-09-23,US,Tennessee,McMinn,1094,24,0,35.42812616,-84.61520715,47107.0,2033.684053983716,2.1937842778793417,1070,1076,24,0,1052,1068,53285,18,0,0,18,8
2020-09-23,US,Tennessee,McNairy,824,18,0,35.17468549,-88.5647812,47109.0,3206.974390908383,2.184466019417476,806,816,18,0,798,810,25832,8,0,0,8,6
2020-09-23,US,Tennessee,Meigs,221,3,0,35.51558739,-84.81482914,47121.0,1779.1015939462243,1.3574660633484164,218,221,3,0,218,221,12306,0,0,0,0,0
2020-09-23,US,Tennessee,Monroe,1010,17,0,35.44550387,-84.24902965,47123.0,2169.9430658502524,1.683168316831683,993,1003,16,0,987,1001,46357,7,1,0,6,2
2020-09-23,US,Tennessee,Montgomery,3015,43,0,36.49609412,-87.38550661,47125.0,1442.6320498772684,1.4262023217247095,2972,2971,43,0,2928,2962,205950,44,0,0,44,9
2020-09-23,US,Tennessee,Moore,161,1,0,35.27724699,-86.36230578,47127.0,2481.5043156596794,0.6211180124223602,160,154,1,0,153,154,6411,7,0,0,7,0
2020-09-23,US,Tennessee,Morgan,310,3,0,36.13248031,-84.64880098,47129.0,1448.3950848011966,0.967741935483871,307,306,3,0,303,305,21579,4,0,0,4,1
2020-09-23,US,Tennessee,Obion,1112,9,0,36.35732446,-89.14921589,47131.0,3698.160896604477,0.8093525179856115,1103,1096,9,0,1087,1088,30267,16,0,0,16,8
2020-09-23,US,Tennessee,Out of TN,2968,25,0,0.0,0.0,80047.0,0.0,0.8423180592991913,2943,2968,25,0,2943,3013,,0,0,0,0,-45
2020-09-23,US,Tennessee,Overton,708,5,0,36.34117832,-85.28989535,47133.0,3183.310102962996,0.7062146892655368,703,681,5,0,676,680,22068,27,0,0,27,1
2020-09-23,US,Tennessee,Perry,149,0,0,35.63708728,-87.86139634,47135.0,1844.9727587914806,0.0,149,150,0,0,150,146,8064,-1,0,0,-1,4
2020-09-23,US,Tennessee,Pickett,107,2,0,36.55606529,-85.07763299999998,47137.0,2119.651347068145,1.8691588785046729,105,103,2,0,101,98,5082,4,0,0,4,5
2020-09-23,US,Tennessee,Polk,380,10,0,35.12245443,-84.52075859,47139.0,2257.6045627376425,2.631578947368421,370,380,11,0,369,378,16898,0,-1,0,1,2
2020-09-23,US,Tennessee,Putnam,3170,38,0,36.14005459,-85.50646123,47141.0,3950.401894199016,1.1987381703470033,3132,3088,38,0,3050,3070,78843,82,0,0,82,18
2020-09-23,US,Tennessee,Rhea,791,11,0,35.60536161,-84.93076643,47143.0,2384.9006542647808,1.390644753476612,780,788,11,0,777,781,33044,3,0,0,3,7
2020-09-23,US,Tennessee,Roane,864,3,0,35.84923189,-84.52458689,47145.0,1618.523097673373,0.3472222222222222,861,849,3,0,846,841,53140,15,0,0,15,8
2020-09-23,US,Tennessee,Robertson,2188,35,0,36.52454807,-86.87346725,47147.0,3046.8021110383916,1.59963436928702,2153,2173,34,0,2139,2172,71012,15,1,0,14,1
2020-09-23,US,Tennessee,Rutherford,9113,88,0,35.84591405,-86.4107263,47149.0,2742.525241885731,0.9656534620871284,9025,9058,88,0,8970,9031,324890,55,0,0,55,27
2020-09-23,US,Tennessee,Scott,208,2,0,36.42325673,-84.50360494,47151.0,942.5412361790828,0.9615384615384616,206,202,2,0,200,200,22039,6,0,0,6,2
2020-09-23,US,Tennessee,Sequatchie,226,2,0,35.36979721,-85.41022136,47153.0,1504.0596299747103,0.8849557522123894,224,223,3,0,220,223,14876,3,-1,0,4,0
2020-09-23,US,Tennessee,Sevier,2553,15,0,35.78077323,-83.52244332,47155.0,2598.4732824427483,0.5875440658049353,2538,2537,15,0,2522,2518,97892,16,0,0,16,19
2020-09-23,US,Tennessee,Shelby,30397,449,0,35.1864775,-89.89692423,47157.0,3243.502218390339,1.477119452577557,29948,30244,449,0,29795,30155,935764,153,0,0,153,89
2020-09-23,US,Tennessee,Smith,697,10,0,36.25359775,-85.95411046,47159.0,3457.8558317209904,1.4347202295552368,687,678,10,0,668,678,19942,19,0,0,19,0
2020-09-23,US,Tennessee,Stewart,182,2,0,36.50235092,-87.83920548,47161.0,1327.0142180094788,1.0989010989010992,180,177,2,0,175,175,13561,5,0,0,5,2
2020-09-23,US,Tennessee,Sullivan,2093,32,0,36.51240691,-82.30412917,47163.0,1321.7722989870413,1.5289058767319637,2061,2071,31,0,2040,2054,157668,22,1,0,21,17
2020-09-23,US,Tennessee,Sumner,4750,93,0,36.46824103,-86.45917204,47165.0,2483.231651532023,1.9578947368421051,4657,4721,93,0,4628,4705,187149,29,0,0,29,16
2020-09-23,US,Tennessee,Tipton,1766,17,0,35.501942,-89.73694895,47167.0,2866.929657948993,0.9626274065685164,1749,1745,17,0,1728,1739,61581,21,0,0,21,6
2020-09-23,US,Tennessee,Trousdale,1651,7,0,36.39026213,-86.16087954,47169.0,14631.336405529952,0.4239854633555421,1644,1651,7,0,1644,1651,11012,0,0,0,0,0
2020-09-23,US,Tennessee,Unassigned,2904,6,0,0.0,0.0,90047.0,0.0,0.2066115702479339,2898,2891,6,0,2885,2891,,13,0,0,13,0
2020-09-23,US,Tennessee,Unicoi,281,1,0,36.10890856,-82.43709629,47171.0,1571.3247218028296,0.3558718861209965,280,280,1,0,279,280,17761,1,0,0,1,0
2020-09-23,US,Tennessee,Union,345,1,0,36.28590426,-83.83651902,47173.0,1727.418385740036,0.2898550724637681,344,339,1,0,338,337,19688,6,0,0,6,2
2020-09-23,US,Tennessee,Van Buren,159,0,0,35.69864497,-85.45221699,47175.0,2707.7656675749317,0.0,159,154,0,0,154,153,5765,5,0,0,5,1
2020-09-23,US,Tennessee,Warren,1019,7,0,35.672829899999996,-85.77969117,47177.0,2468.6871623422244,0.6869479882237488,1012,1012,7,0,1005,1012,40878,7,0,0,7,0
2020-09-23,US,Tennessee,Washington,2232,34,0,36.29472368,-82.49454720000001,47179.0,1725.2173913043478,1.5232974910394266,2198,2186,34,0,2152,2179,128607,46,0,0,46,7
2020-09-23,US,Tennessee,Wayne,1489,6,0,35.23868267,-87.78644456,47181.0,8930.60636957956,0.4029550033579584,1483,1485,6,0,1479,1480,16558,4,0,0,4,5
2020-09-23,US,Tennessee,Weakley,1145,19,0,36.29896232,-88.71990865,47183.0,3435.549687950072,1.6593886462882097,1126,1122,19,0,1103,1118,33415,23,0,0,23,4
2020-09-23,US,Tennessee,White,806,9,0,35.92929884,-85.45591799,47185.0,2947.5223989760466,1.1166253101736974,797,788,9,0,779,784,27107,18,0,0,18,4
2020-09-23,US,Tennessee,Williamson,5139,36,0,35.89099229,-86.89281867,47187.0,2155.512306427529,0.7005253940455342,5103,5096,36,0,5060,5089,231729,43,0,0,43,7
2020-09-23,US,Tennessee,Wilson,3412,43,0,36.15496772,-86.29775884,47189.0,2358.682953469241,1.2602579132473624,3369,3384,43,0,3341,3373,140625,28,0,0,28,11
2020-09-23,US,Texas,Anderson,2822,31,0,31.81534745,-95.65354823,48001.0,4887.849657919806,1.09851169383416,2791,2801,31,0,2770,2792,58057,21,0,0,21,9
2020-09-23,US,Texas,Andrews,415,8,0,32.30468633,-102.63765479999999,48003.0,2218.658112804063,1.9277108433734942,407,412,8,0,404,412,18128,3,0,0,3,0
2020-09-23,US,Texas,Angelina,2120,80,0,31.25457347,-94.60901487,48005.0,2444.7904053508623,3.7735849056603774,2040,2120,79,0,2041,2113,87092,0,1,0,-1,7
2020-09-23,US,Texas,Aransas,320,18,0,28.10556197,-96.9995047,48007.0,1361.122926414292,5.625,302,320,18,0,302,319,23792,0,0,0,0,1
2020-09-23,US,Texas,Archer,79,1,0,33.61569967,-98.68754589,48009.0,923.6525195837718,1.2658227848101269,78,79,1,0,78,69,8786,0,0,0,0,10
2020-09-23,US,Texas,Armstrong,13,1,0,34.96507426,-101.35748740000001,48011.0,688.924218335983,7.6923076923076925,12,13,1,0,12,12,1892,0,0,0,0,1
2020-09-23,US,Texas,Atascosa,1154,30,0,28.89333001,-98.52730485,48013.0,2255.977166539597,2.599653379549393,1124,1150,30,0,1120,1149,50310,4,0,0,4,1
2020-09-23,US,Texas,Austin,485,9,0,29.88548725,-96.27736949,48015.0,1614.9440596696854,1.855670103092784,476,483,9,0,474,491,29989,2,0,0,2,-8
2020-09-23,US,Texas,Bailey,214,5,0,34.06854817,-102.8299707,48017.0,3057.142857142857,2.336448598130841,209,210,5,0,205,206,7027,4,0,0,4,4
2020-09-23,US,Texas,Bandera,158,8,0,29.74619598,-99.24598147,48019.0,683.6275527864312,5.063291139240507,150,153,7,0,146,153,22824,5,1,0,4,0
2020-09-23,US,Texas,Bastrop,1811,29,0,30.10370699,-97.31206354,48021.0,2041.1843603124328,1.6013252346769742,1782,1802,28,0,1774,1789,86976,9,1,0,8,13
2020-09-23,US,Texas,Baylor,17,0,0,33.61640794,-99.21352901,48023.0,484.4685095468794,0.0,17,17,0,0,17,14,3582,0,0,0,0,3
2020-09-23,US,Texas,Bee,1818,30,0,28.41761668,-97.74215593,48025.0,5582.680792261631,1.6501650165016502,1788,1834,30,0,1804,1834,32587,-16,0,0,-16,0
2020-09-23,US,Texas,Bell,5371,84,0,31.03736027,-97.4785025,48027.0,1479.9241714518741,1.5639545708434184,5287,5327,82,0,5245,5306,355642,44,2,0,42,21
2020-09-23,US,Texas,Bexar,53794,1264,0,29.44928723,-98.52019748,48029.0,2684.928881377792,2.349704428003123,52530,56639,1255,0,55384,53443,1986049,-2845,9,0,-2854,3196
2020-09-23,US,Texas,Blanco,144,5,0,30.26640707,-98.3999852,48031.0,1206.9399044505908,3.4722222222222223,139,142,5,0,137,141,11702,2,0,0,2,1
2020-09-23,US,Texas,Borden,1,0,0,32.74363984,-101.43165090000001,48033.0,152.9051987767584,0.0,1,,,,,,648,,,,,
2020-09-23,US,Texas,Bosque,311,6,0,31.89978581,-97.63613524,48035.0,1664.4367139416645,1.929260450160772,305,304,6,0,298,294,18691,7,0,0,7,10
2020-09-23,US,Texas,Bowie,1331,50,0,33.44626922,-94.41834132,48037.0,1427.4223818971527,3.7565740045078884,1281,1269,50,0,1219,1255,94324,62,0,0,62,14
2020-09-23,US,Texas,Brazoria,11144,161,0,29.18757369,-95.44563172,48039.0,2977.577325096723,1.4447236180904524,10983,11045,159,0,10886,11047,370200,99,2,0,97,-2
2020-09-23,US,Texas,Brazos,6178,62,0,30.663644800000004,-96.30205577,48041.0,2695.333121010772,1.003561022984785,6116,6122,62,0,6060,6102,226758,56,0,0,56,20
2020-09-23,US,Texas,Brewster,215,2,0,29.81008251,-103.25203259999999,48043.0,2336.194719113333,0.9302325581395348,213,215,2,0,213,214,9267,0,0,0,0,1
2020-09-23,US,Texas,Briscoe,12,1,0,34.53026962,-101.2084947,48045.0,776.1966364812421,8.333333333333334,11,12,1,0,11,12,1516,0,0,0,0,0
2020-09-23,US,Texas,Brooks,303,22,0,27.03103197,-98.21808402,48047.0,4271.817284646835,7.260726072607262,281,303,22,0,281,298,7114,0,0,0,0,5
2020-09-23,US,Texas,Brown,563,23,0,31.77430356,-98.99907113,48049.0,1486.9004859497147,4.085257548845471,540,555,21,0,534,543,37924,8,2,0,6,12
2020-09-23,US,Texas,Burleson,337,6,0,30.49273808,-96.62158484,48051.0,1827.2515317464624,1.7804154302670625,331,328,6,0,322,327,18389,9,0,0,9,1
2020-09-23,US,Texas,Burnet,721,12,0,30.78801353,-98.181887,48053.0,1497.2484684871768,1.6643550624133148,709,709,12,0,697,701,47542,12,0,0,12,8
2020-09-23,US,Texas,Caldwell,1511,35,0,29.83668859,-97.61814775,48055.0,3460.5166727739092,2.316346790205162,1476,1497,35,0,1462,1488,43247,14,0,0,14,9
2020-09-23,US,Texas,Calhoun,818,7,0,28.47048236,-96.61633945,48057.0,3842.179426961015,0.8557457212713936,811,816,7,0,809,812,21561,2,0,0,2,4
2020-09-23,US,Texas,Callahan,86,3,0,32.29760619,-99.37326312,48059.0,616.7969590475508,3.4883720930232562,83,86,3,0,83,84,13994,0,0,0,0,2
2020-09-23,US,Texas,Cameron,22544,886,0,26.14524221,-97.48140372,48061.0,5327.49791451521,3.930092264017033,21658,22499,877,0,21622,22405,423908,45,9,0,36,94
2020-09-23,US,Texas,Camp,350,11,0,32.97195142,-94.97790104,48063.0,2672.979990835497,3.1428571428571432,339,350,10,0,340,349,13033,0,1,0,-1,1
2020-09-23,US,Texas,Carson,19,0,0,35.40365929,-101.35426690000001,48065.0,320.620992237597,0.0,19,19,0,0,19,18,6005,0,0,0,0,1
2020-09-23,US,Texas,Cass,338,15,0,33.07499881,-94.34646905,48067.0,1125.6910677412911,4.437869822485207,323,330,14,0,316,322,30119,8,1,0,7,8
2020-09-23,US,Texas,Castro,250,5,0,34.53016752,-102.2617243,48069.0,3320.053120849933,2.0,245,250,5,0,245,249,7665,0,0,0,0,1
2020-09-23,US,Texas,Chambers,1285,8,0,29.70972016,-94.67154501,48071.0,2931.313730410384,0.622568093385214,1277,1271,8,0,1263,1261,42454,14,0,0,14,10
2020-09-23,US,Texas,Cherokee,1534,28,0,31.837258000000002,-95.16559897,48073.0,2913.801618356569,1.8252933507170797,1506,1529,28,0,1501,1522,52592,5,0,0,5,7
2020-09-23,US,Texas,Childress,68,0,0,34.529304100000004,-100.2077916,48075.0,930.7418560087601,0.0,68,66,0,0,66,66,7291,2,0,0,2,0
2020-09-23,US,Texas,Clay,84,1,0,33.78686685,-98.20771198,48077.0,802.2156432050426,1.1904761904761905,83,80,1,0,79,76,10456,4,0,0,4,4
2020-09-23,US,Texas,Cochran,50,1,0,33.60425307,-102.82844990000001,48079.0,1752.541184717841,2.0,49,49,1,0,48,48,2836,1,0,0,1,1
2020-09-23,US,Texas,Coke,52,3,0,31.88911733,-100.5297533,48081.0,1535.281960436965,5.769230769230768,49,52,3,0,49,51,3370,0,0,0,0,1
2020-09-23,US,Texas,Coleman,70,3,0,31.76736834,-99.45240766,48083.0,856.2691131498468,4.285714285714286,67,70,3,0,67,67,8397,0,0,0,0,3
2020-09-23,US,Texas,Collin,13210,141,0,33.18820114,-96.57264368,48085.0,1276.6615445575173,1.0673732021196063,13069,13060,138,0,12922,13011,1005146,150,3,0,147,49
2020-09-23,US,Texas,Collingsworth,18,0,0,34.96489496,-100.27001109999999,48087.0,616.4383561643834,0.0,18,18,0,0,18,18,2962,0,0,0,0,0
2020-09-23,US,Texas,Colorado,480,4,0,29.622097999999998,-96.5273805,48089.0,2233.285255664635,0.8333333333333334,476,480,4,0,476,480,21217,0,0,0,0,0
2020-09-23,US,Texas,Comal,2642,102,0,29.80811278,-98.27647225,48091.0,1691.3238033660032,3.8607115821347455,2540,2642,102,0,2540,2606,148373,0,0,0,0,36
2020-09-23,US,Texas,Comanche,299,3,0,31.94854689,-98.55876441,48093.0,2192.885955262193,1.0033444816053512,296,294,3,0,291,280,13534,5,0,0,5,14
2020-09-23,US,Texas,Concho,129,2,0,31.32635934,-99.86473038,48095.0,4732.208363903155,1.5503875968992251,127,128,2,0,126,89,4276,1,0,0,1,39
2020-09-23,US,Texas,Cooke,415,5,0,33.63979567,-97.21240912,48097.0,1005.8899095910997,1.2048192771084338,410,410,5,0,405,395,40574,5,0,0,5,15
2020-09-23,US,Texas,Coryell,1810,12,0,31.39078397,-97.79936155,48099.0,2383.115429684929,0.6629834254143646,1798,1799,12,0,1787,1795,74808,11,0,0,11,4
2020-09-23,US,Texas,Cottle,25,2,0,34.07783319,-100.27850620000001,48101.0,1788.26895565093,8.0,23,25,2,0,23,25,1389,0,0,0,0,0
2020-09-23,US,Texas,Crane,71,2,0,31.43052248,-102.5143314,48103.0,1480.091723994163,2.8169014084507036,69,71,2,0,69,71,4794,0,0,0,0,0
2020-09-23,US,Texas,Crockett,164,6,0,30.72367027,-101.4134238,48105.0,4734.411085450346,3.6585365853658534,158,164,6,0,158,164,3499,0,0,0,0,0
2020-09-23,US,Texas,Crosby,86,3,0,33.61431553,-101.30003640000001,48107.0,1499.0413107896113,3.4883720930232562,83,87,3,0,84,86,5779,-1,0,0,-1,1
2020-09-23,US,Texas,Culberson,54,2,0,31.44506775,-104.5185739,48109.0,2487.3330262551817,3.703703703703704,52,53,2,0,51,51,2204,1,0,0,1,2
2020-09-23,US,Texas,Dallam,244,9,0,36.27787176,-102.60207249999999,48111.0,3348.428708659256,3.6885245901639343,235,238,8,0,230,232,7200,6,1,0,5,6
2020-09-23,US,Texas,Dallas,78723,1106,0,32.76670599,-96.77796049999999,48113.0,2987.005201258501,1.404926133404469,77617,78205,1091,0,77114,78205,2637772,518,15,0,503,0
2020-09-23,US,Texas,Dawson,380,9,0,32.74255572,-101.94772420000001,48115.0,2985.5436832181013,2.3684210526315788,371,374,9,0,365,353,12619,6,0,0,6,21
2020-09-23,US,Texas,DeWitt,982,33,0,29.08101855,-97.35681170000001,48123.0,4871.0317460317465,3.360488798370672,949,974,33,0,941,975,20187,8,0,0,8,-1
2020-09-23,US,Texas,Deaf Smith,860,21,0,34.96522957,-102.6054267,48117.0,4637.118516122076,2.4418604651162794,839,861,20,0,841,855,18760,-1,1,0,-2,6
2020-09-23,US,Texas,Delta,24,0,0,33.38570922,-95.66921122,48119.0,450.19696117051217,0.0,24,24,0,0,24,24,5349,0,0,0,0,0
2020-09-23,US,Texas,Denton,11770,151,0,33.20521901,-97.11691153,48121.0,1326.635159551266,1.2829226847918436,11619,11702,150,0,11552,11607,859064,68,1,0,67,95
2020-09-23,US,Texas,Dickens,48,2,0,33.61616822,-100.7788855,48125.0,2170.963364993216,4.166666666666667,46,48,2,0,46,48,2249,0,0,0,0,0
2020-09-23,US,Texas,Dimmit,254,7,0,28.42270064,-99.75645095,48127.0,2508.889766890557,2.755905511811024,247,253,7,0,246,248,10308,1,0,0,1,5
2020-09-23,US,Texas,Donley,61,1,0,34.96517499,-100.8140093,48129.0,1860.890787065284,1.639344262295082,60,61,1,0,60,59,3319,0,0,0,0,2
2020-09-23,US,Texas,Duval,434,14,0,27.68184592,-98.50864568,48131.0,3889.9345702249707,3.2258064516129035,420,433,14,0,419,418,11212,1,0,0,1,15
2020-09-23,US,Texas,Eastland,168,3,0,32.32743996,-98.83243566,48133.0,915.032679738562,1.7857142857142858,165,167,3,0,164,158,18322,1,0,0,1,9
2020-09-23,US,Texas,Ector,4727,96,0,31.86898877,-102.54294279999999,48135.0,2843.770116048923,2.030886397292152,4631,4686,94,0,4592,4649,162124,41,2,0,39,37
2020-09-23,US,Texas,Edwards,67,1,0,29.98202582,-100.304252,48137.0,3467.9089026915112,1.492537313432836,66,67,1,0,66,67,1928,0,0,0,0,0
2020-09-23,US,Texas,El Paso,22821,510,0,31.76980765,-106.23632749999999,48141.0,2719.2524647358678,2.2347837518075457,22311,22821,508,0,22313,22652,840758,0,2,0,-2,169
2020-09-23,US,Texas,Ellis,4298,67,0,32.34894117,-96.79371841,48139.0,2325.4304048131758,1.5588645881805492,4231,4291,67,0,4224,4192,179436,7,0,0,7,99
2020-09-23,US,Texas,Erath,837,12,0,32.23602653,-98.21773417,48143.0,1960.2791699845432,1.4336917562724014,825,831,12,0,819,804,42446,6,0,0,6,27
2020-09-23,US,Texas,Falls,234,5,0,31.25350609,-96.93630086,48145.0,1352.8357518644852,2.1367521367521367,229,227,5,0,222,223,17335,7,0,0,7,4
2020-09-23,US,Texas,Fannin,667,14,0,33.59564294,-96.10751083,48147.0,1878.1325674381933,2.098950524737631,653,666,14,0,652,656,35286,1,0,0,1,10
2020-09-23,US,Texas,Fayette,592,18,0,29.87788372,-96.92076062,48149.0,2335.674268129093,3.0405405405405403,574,585,18,0,567,579,25349,7,0,0,7,6
2020-09-23,US,Texas,Fisher,66,3,0,32.74281316,-100.40193020000001,48151.0,1723.237597911227,4.545454545454546,63,65,3,0,62,64,3839,1,0,0,1,1
2020-09-23,US,Texas,Floyd,106,9,0,34.07227468,-101.3031546,48153.0,1855.742296918768,8.49056603773585,97,106,9,0,97,106,5837,0,0,0,0,0
2020-09-23,US,Texas,Foard,9,0,0,33.97308618,-99.7767797,48155.0,779.2207792207793,0.0,9,9,0,0,9,9,1200,0,0,0,0,0
2020-09-23,US,Texas,Fort Bend,16049,282,0,29.52704478,-95.77219463,48157.0,1977.2375592592227,1.7571188236027169,15767,15908,279,0,15629,15814,787858,141,3,0,138,94
2020-09-23,US,Texas,Franklin,132,6,0,33.17653242,-95.21917243,48159.0,1230.7692307692307,4.545454545454546,126,132,6,0,126,130,10766,0,0,0,0,2
2020-09-23,US,Texas,Freestone,404,2,0,31.70422788,-96.15072516,48161.0,2048.9932545519096,0.4950495049504951,402,406,2,0,404,403,19808,-2,0,0,-2,3
2020-09-23,US,Texas,Frio,973,9,0,28.86751206,-99.10804207,48163.0,4791.687186053383,0.9249743062692704,964,972,8,0,964,970,19816,1,1,0,0,2
2020-09-23,US,Texas,Gaines,328,8,0,32.74055318,-102.6353295,48165.0,1526.1492648427322,2.4390243902439024,320,317,8,0,309,313,20901,11,0,0,11,4
2020-09-23,US,Texas,Galveston,11497,153,0,29.40167322,-94.90469073,48167.0,3360.330158210552,1.3307819431155954,11344,11473,153,0,11320,11450,337890,24,0,0,24,23
2020-09-23,US,Texas,Garza,103,4,0,33.17969345,-101.2984114,48169.0,1653.5559479852304,3.8834951456310685,99,103,4,0,99,103,6578,0,0,0,0,0
2020-09-23,US,Texas,Gillespie,310,10,0,30.31824095,-98.94676915,48171.0,1148.6586631095302,3.2258064516129035,300,309,10,0,299,309,26804,1,0,0,1,0
2020-09-23,US,Texas,Glasscock,8,0,0,31.86942909,-101.5207776,48173.0,567.7785663591201,0.0,8,8,0,0,8,7,1388,0,0,0,0,1
2020-09-23,US,Texas,Goliad,154,6,0,28.65696592,-97.42760647,48175.0,2010.9689213893967,3.8961038961038965,148,154,6,0,148,154,7584,0,0,0,0,0
2020-09-23,US,Texas,Gonzales,1057,17,0,29.45634206,-97.49424032,48177.0,5072.707203532178,1.6083254493850516,1040,1057,16,0,1041,1056,20826,0,1,0,-1,1
2020-09-23,US,Texas,Gray,289,5,0,35.40081878,-100.8129222,48179.0,1320.4788449236955,1.7301038062283738,284,289,5,0,284,283,21895,0,0,0,0,6
2020-09-23,US,Texas,Grayson,1829,37,0,33.62744998,-96.67753461,48181.0,1342.7598155815933,2.0229633679606343,1792,1796,37,0,1759,1791,133991,33,0,0,33,5
2020-09-23,US,Texas,Gregg,2191,61,0,32.47940482,-94.81591935,48183.0,1767.7195530275526,2.784116841624829,2130,2171,61,0,2110,2131,123707,20,0,0,20,40
2020-09-23,US,Texas,Grimes,1079,31,0,30.54579585,-95.98902499,48185.0,3736.149584487535,2.8730305838739567,1048,1075,31,0,1044,1067,28360,4,0,0,4,8
2020-09-23,US,Texas,Guadalupe,3566,76,0,29.58165339,-97.94786822,48187.0,2137.2874549737185,2.1312394840157043,3490,3550,76,0,3474,3545,163694,16,0,0,16,5
2020-09-23,US,Texas,Hale,1815,53,0,34.07044901,-101.82681140000001,48189.0,5433.1557205292465,2.9201101928374658,1762,1807,53,0,1754,1807,33830,8,0,0,8,0
2020-09-23,US,Texas,Hall,28,1,0,34.5307555,-100.68138520000001,48191.0,944.6693657219972,3.571428571428572,27,27,1,0,26,24,3028,1,0,0,1,3
2020-09-23,US,Texas,Hamilton,119,4,0,31.70470573,-98.11083887,48193.0,1406.453137926959,3.361344537815126,115,118,4,0,114,115,8484,1,0,0,1,3
2020-09-23,US,Texas,Hansford,112,4,0,36.27743284,-101.3545796,48195.0,2074.458233006112,3.571428571428572,108,111,4,0,107,111,5463,1,0,0,1,0
2020-09-23,US,Texas,Hardeman,25,0,0,34.28944521,-99.74632408,48197.0,635.6470887363338,0.0,25,25,0,0,25,24,3922,0,0,0,0,1
2020-09-23,US,Texas,Hardin,1325,29,0,30.33364686,-94.38931817,48199.0,2300.2673518280617,2.188679245283019,1296,1319,29,0,1290,1317,57207,6,0,0,6,2
2020-09-23,US,Texas,Harris,139017,2535,0,29.85864939,-95.39339521,48201.0,2949.4465159945476,1.8235179870087832,136482,138473,2518,0,135955,137946,4698619,544,17,0,527,527
2020-09-23,US,Texas,Harrison,878,31,0,32.54935988,-94.36934071,48203.0,1319.2493200907547,3.5307517084282463,847,871,31,0,840,868,66726,7,0,0,7,3
2020-09-23,US,Texas,Hartley,125,0,0,35.84008013,-102.6029022,48205.0,2241.750358680057,0.0,125,123,0,0,123,118,5619,2,0,0,2,5
2020-09-23,US,Texas,Haskell,62,2,0,33.17823584,-99.73037358,48207.0,1095.7935666313183,3.2258064516129035,60,62,2,0,60,62,5813,0,0,0,0,0
2020-09-23,US,Texas,Hays,5818,60,0,30.05669873,-98.02944344,48209.0,2527.4663214461034,1.0312822275696116,5758,5799,60,0,5739,5778,222631,19,0,0,19,21
2020-09-23,US,Texas,Hemphill,73,0,0,35.83764858,-100.2703577,48211.0,1911.4951557999482,0.0,73,73,0,0,73,73,3825,0,0,0,0,0
2020-09-23,US,Texas,Henderson,946,23,0,32.21128872,-95.85846587,48213.0,1143.3820418917776,2.4312896405919657,923,932,23,0,909,923,82299,14,0,0,14,9
2020-09-23,US,Texas,Hidalgo,31162,1588,0,26.39418217,-98.18299696,48215.0,3587.170357784616,5.095950195751236,29574,30998,1563,0,29435,30743,865939,164,25,0,139,255
2020-09-23,US,Texas,Hill,641,13,0,31.99045053,-97.13423143,48217.0,1749.0245300008187,2.0280811232449296,628,615,13,0,602,605,36354,26,0,0,26,10
2020-09-23,US,Texas,Hockley,338,8,0,33.60771256,-102.3431676,48219.0,1468.2246644368186,2.366863905325444,330,331,8,0,323,326,22980,7,0,0,7,5
2020-09-23,US,Texas,Hood,920,26,0,32.42990927,-97.83242024,48221.0,1492.4646756322695,2.8260869565217392,894,917,26,0,891,882,60537,3,0,0,3,35
2020-09-23,US,Texas,Hopkins,337,8,0,33.14875072,-95.56351139,48223.0,908.7477079063748,2.373887240356083,329,336,8,0,328,325,36810,1,0,0,1,11
2020-09-23,US,Texas,Houston,372,10,0,31.31925973,-95.42226208,48225.0,1619.644723092999,2.6881720430107525,362,368,10,0,358,364,23169,4,0,0,4,4
2020-09-23,US,Texas,Howard,677,12,0,32.30621324,-101.4356444,48227.0,1846.4979271219725,1.7725258493353029,665,677,12,0,665,620,36459,0,0,0,0,57
2020-09-23,US,Texas,Hudspeth,45,3,0,31.45628381,-105.388178,48229.0,920.9987720016372,6.666666666666668,42,45,3,0,42,45,4795,0,0,0,0,0
2020-09-23,US,Texas,Hunt,1595,36,0,33.12351514,-96.08551032,48231.0,1617.7455017546704,2.25705329153605,1559,1595,36,0,1559,1557,96493,0,0,0,0,38
2020-09-23,US,Texas,Hutchinson,196,4,0,35.84006574,-101.3546643,48233.0,936.0970484286943,2.0408163265306123,192,193,4,0,189,192,21198,3,0,0,3,1
2020-09-23,US,Texas,Irion,10,0,0,31.30375559,-100.982439,48235.0,651.0416666666666,0.0,10,10,0,0,10,10,1522,0,0,0,0,0
2020-09-23,US,Texas,Jack,131,2,0,33.23377248,-98.17283469,48237.0,1466.1443760492443,1.5267175572519085,129,129,2,0,127,131,8843,2,0,0,2,-2
2020-09-23,US,Texas,Jackson,606,15,0,28.95472367,-96.57749563,48239.0,4105.6910569105685,2.4752475247524752,591,605,15,0,590,604,14874,1,0,0,1,1
2020-09-23,US,Texas,Jasper,470,25,0,30.74685667,-94.02667579,48241.0,1322.8630133130682,5.319148936170213,445,459,25,0,434,459,35872,11,0,0,11,0
2020-09-23,US,Texas,Jeff Davis,14,0,0,30.71490589,-104.1399973,48243.0,615.6552330694811,0.0,14,14,0,0,14,14,2252,0,0,0,0,0
2020-09-23,US,Texas,Jefferson,7293,132,0,29.8832777,-94.16434171,48245.0,2899.0519348876037,1.8099547511312215,7161,7241,129,0,7112,7182,255001,52,3,0,49,59
2020-09-23,US,Texas,Jim Hogg,105,3,0,27.04453923,-98.69681870000001,48247.0,2019.2307692307693,2.8571428571428568,102,104,3,0,101,102,5248,1,0,0,1,2
2020-09-23,US,Texas,Jim Wells,1450,35,0,27.73103938,-98.0904705,48249.0,3581.838841954449,2.413793103448276,1415,1441,33,0,1408,1433,40822,9,2,0,7,8
2020-09-23,US,Texas,Johnson,2905,49,0,32.37877812,-97.36615819,48251.0,1652.2861839298816,1.686746987951807,2856,2891,49,0,2842,2795,171361,14,0,0,14,96
2020-09-23,US,Texas,Jones,577,0,0,32.73997145,-99.87861576,48253.0,2873.0767315640087,0.0,577,580,0,0,580,584,19817,-3,0,0,-3,-4
2020-09-23,US,Texas,Karnes,936,16,0,28.90705334,-97.85960149,48255.0,5999.6154092686365,1.709401709401709,920,933,16,0,917,935,15650,3,0,0,3,-2
2020-09-23,US,Texas,Kaufman,3088,47,0,32.599141700000004,-96.28734728,48257.0,2268.0200361355523,1.5220207253886011,3041,3068,47,0,3021,3018,128622,20,0,0,20,50
2020-09-23,US,Texas,Kendall,331,7,0,29.94414155,-98.7113588,48259.0,697.8558326832663,2.114803625377644,324,330,7,0,323,330,45641,1,0,0,1,0
2020-09-23,US,Texas,Kenedy,7,2,0,26.92601662,-97.66413984,48261.0,1732.6732673267327,28.57142857142857,5,7,2,0,5,7,442,0,0,0,0,0
2020-09-23,US,Texas,Kent,9,0,0,33.18104136,-100.7780939,48263.0,1181.1023622047244,0.0,9,9,0,0,9,8,726,0,0,0,0,1
2020-09-23,US,Texas,Kerr,590,10,0,30.06040006,-99.34930144,48265.0,1121.6730038022813,1.6949152542372878,580,589,10,0,579,586,52405,1,0,0,1,3
2020-09-23,US,Texas,Kimble,16,1,0,30.48678918,-99.74856473,48267.0,368.9186073322573,6.25,15,16,1,0,15,16,4362,0,0,0,0,0
2020-09-23,US,Texas,Kinney,44,1,0,29.34967888,-100.41866379999999,48271.0,1199.890919007363,2.272727272727273,43,44,1,0,43,44,3767,0,0,0,0,0
2020-09-23,US,Texas,Kleberg,997,41,0,27.42435506,-97.69894948,48273.0,3249.674054758801,4.112337011033099,956,997,41,0,956,992,31129,0,0,0,0,5
2020-09-23,US,Texas,Knox,67,8,0,33.60519951,-99.74229059999999,48275.0,1828.6026200873362,11.940298507462687,59,67,8,0,59,68,3653,0,0,0,0,-1
2020-09-23,US,Texas,La Salle,362,11,0,28.34453111,-99.09908775,48283.0,4813.829787234043,3.0386740331491717,351,362,11,0,351,359,7531,0,0,0,0,3
2020-09-23,US,Texas,Lamar,1097,31,0,33.66981763,-95.57404777,48277.0,2200.2045769068773,2.8258887876025525,1066,1074,31,0,1043,1046,49728,23,0,0,23,28
2020-09-23,US,Texas,Lamb,328,21,0,34.06859623,-102.35162890000001,48279.0,2544.0161327852325,6.402439024390245,307,326,21,0,305,324,13158,2,0,0,2,2
2020-09-23,US,Texas,Lampasas,243,8,0,31.19531316,-98.24206613,48281.0,1134.0302408064215,3.2921810699588483,235,233,8,0,225,231,21229,10,0,0,10,2
2020-09-23,US,Texas,Lavaca,973,35,0,29.38508402,-96.93186692,48285.0,4827.825741788231,3.5971223021582728,938,970,35,0,935,964,20110,3,0,0,3,6
2020-09-23,US,Texas,Lee,219,14,0,30.31120597,-96.97045773,48287.0,1270.3753117930275,6.392694063926941,205,218,14,0,204,217,17144,1,0,0,1,1
2020-09-23,US,Texas,Leon,235,6,0,31.29872538,-95.9936328,48289.0,1350.2643070558493,2.5531914893617023,229,233,6,0,227,230,17270,2,0,0,2,3
2020-09-23,US,Texas,Liberty,2260,49,0,30.15152688,-94.81205615,48291.0,2561.806413584375,2.168141592920354,2211,2249,49,0,2200,2242,86323,11,0,0,11,7
2020-09-23,US,Texas,Limestone,562,11,0,31.5454767,-96.58095444,48293.0,2397.9178222468745,1.9572953736654803,551,559,10,0,549,556,23519,3,1,0,2,3
2020-09-23,US,Texas,Lipscomb,32,0,0,36.27783108,-100.27331509999999,48295.0,989.7927621404268,0.0,32,32,0,0,32,32,3355,0,0,0,0,0
2020-09-23,US,Texas,Live Oak,368,8,0,28.35101362,-98.1246786,48297.0,3014.663717539117,2.1739130434782608,360,368,8,0,360,368,12166,0,0,0,0,0
2020-09-23,US,Texas,Llano,122,2,0,30.70645047,-98.68475262,48299.0,559.7614131681578,1.639344262295082,120,119,2,0,117,118,21646,3,0,0,3,1
2020-09-23,US,Texas,Lubbock,10681,119,0,33.61008596,-101.82047890000001,48303.0,3439.171327466682,1.1141278906469432,10562,10515,116,0,10399,10455,307412,166,3,0,163,60
2020-09-23,US,Texas,Lynn,93,5,0,33.17657705,-101.8162849,48305.0,1562.762560914132,5.376344086021504,88,93,5,0,88,93,5877,0,0,0,0,0
2020-09-23,US,Texas,Madison,717,6,0,30.96694679,-95.93003775,48313.0,5019.602352282274,0.8368200836820083,711,717,6,0,711,718,14422,0,0,0,0,-1
2020-09-23,US,Texas,Marion,150,14,0,32.79868409,-94.35661230000001,48315.0,1522.224477369596,9.333333333333334,136,150,14,0,136,150,9928,0,0,0,0,0
2020-09-23,US,Texas,Martin,77,6,0,32.30600051,-101.9513518,48317.0,1334.2574943683935,7.792207792207793,71,77,6,0,71,77,5753,0,0,0,0,0
2020-09-23,US,Texas,Mason,76,2,0,30.71780434,-99.22629416,48319.0,1778.193729527375,2.631578947368421,74,76,2,0,74,76,4280,0,0,0,0,0
2020-09-23,US,Texas,Matagorda,1041,44,0,28.81955746,-96.01230294,48321.0,2840.924596785197,4.226705091258405,997,1039,44,0,995,1039,36552,2,0,0,2,0
2020-09-23,US,Texas,Maverick,3652,114,0,28.7429195,-100.3157686,48323.0,6219.1342256735115,3.1215772179627597,3538,3535,112,0,3423,3535,58485,117,2,0,115,0
2020-09-23,US,Texas,McCulloch,148,3,0,31.1925468,-99.34682807,48307.0,1853.7074148296592,2.0270270270270268,145,144,3,0,141,139,7987,4,0,0,4,5
2020-09-23,US,Texas,McLennan,7626,100,0,31.55255453,-97.20217694,48309.0,2971.674401748869,1.3113034356150013,7526,7571,99,0,7472,7520,254607,55,1,0,54,51
2020-09-23,US,Texas,McMullen,23,0,0,28.35251708,-98.56769164,48311.0,3095.558546433378,0.0,23,21,0,0,21,21,749,2,0,0,2,0
2020-09-23,US,Texas,Medina,1192,45,0,29.355730100000002,-99.11030298,48325.0,2310.794044665013,3.7751677852349,1147,1192,44,0,1148,1179,50921,0,1,0,-1,13
2020-09-23,US,Texas,Menard,26,0,0,30.88990665,-99.82047940000001,48327.0,1216.0898035547239,0.0,26,26,0,0,26,26,2139,0,0,0,0,0
2020-09-23,US,Texas,Midland,3636,82,0,31.86904128,-102.03156820000001,48329.0,2056.188925081433,2.2552255225522546,3554,3614,81,0,3533,3588,172578,22,1,0,21,26
2020-09-23,US,Texas,Milam,488,5,0,30.78581830000001,-96.97718698,48331.0,1965.9187044273456,1.024590163934426,483,483,5,0,478,483,25131,5,0,0,5,0
2020-09-23,US,Texas,Mills,59,0,0,31.49557106,-98.59272068,48333.0,1210.7531294890214,0.0,59,55,0,0,55,52,4921,4,0,0,4,3
2020-09-23,US,Texas,Mitchell,86,1,0,32.30623474,-100.9212058,48335.0,1006.4365125804563,1.162790697674419,85,85,1,0,84,84,8145,1,0,0,1,1
2020-09-23,US,Texas,Montague,171,3,0,33.67521893,-97.72500958,48337.0,862.8519527702089,1.7543859649122806,168,167,3,0,164,164,19596,4,0,0,4,3
2020-09-23,US,Texas,Montgomery,10747,157,0,30.30079133,-95.50572772,48339.0,1769.3709653254655,1.4608728017121058,10590,10711,157,0,10554,10666,590925,36,0,0,36,45
2020-09-23,US,Texas,Moore,1158,20,0,35.83769242,-101.8930281,48341.0,5530.085959885387,1.7271157167530224,1138,1152,20,0,1132,1151,21485,6,0,0,6,1
2020-09-23,US,Texas,Morris,183,3,0,33.11304005,-94.73255695,48343.0,1477.2360348724576,1.639344262295082,180,184,3,0,181,182,12339,-1,0,0,-1,2
2020-09-23,US,Texas,Motley,7,0,0,34.07408766,-100.77972199999999,48345.0,583.3333333333334,0.0,7,7,0,0,7,7,1234,0,0,0,0,0
2020-09-23,US,Texas,Nacogdoches,1533,61,0,31.62017125,-94.61803994,48347.0,2351.082755659162,3.9791258969341166,1472,1530,61,0,1469,1516,65711,3,0,0,3,14
2020-09-23,US,Texas,Navarro,1249,26,0,32.04620681,-96.47428766,48349.0,2492.367250014966,2.0816653322658127,1223,1238,26,0,1212,1224,49565,11,0,0,11,14
2020-09-23,US,Texas,Newton,178,10,0,30.78548982,-93.74408813,48351.0,1309.3048915042295,5.617977528089888,168,172,9,0,163,172,13746,6,1,0,5,0
2020-09-23,US,Texas,Nolan,222,5,0,32.30365282,-100.4060208,48353.0,1508.7671605273886,2.2522522522522523,217,217,5,0,212,208,14751,5,0,0,5,9
2020-09-23,US,Texas,Nueces,20270,407,0,27.736286,-97.5433285,48355.0,5594.903586589898,2.0078934385791807,19863,20270,407,0,19863,20241,362265,0,0,0,0,29
2020-09-23,US,Texas,Ochiltree,133,5,0,36.27829105,-100.8158184,48357.0,1352.1756811712078,3.7593984962406015,128,127,5,0,122,127,9947,6,0,0,6,0
2020-09-23,US,Texas,Oldham,16,1,0,35.40425596,-102.6027606,48359.0,757.5757575757576,6.25,15,15,1,0,14,15,2131,1,0,0,1,0
2020-09-23,US,Texas,Orange,1921,41,0,30.11879481,-93.89412775,48361.0,2303.4677922202504,2.1343050494534097,1880,1918,41,0,1877,1905,83572,3,0,0,3,13
2020-09-23,US,Texas,Palo Pinto,538,15,0,32.75310985,-98.31319001,48363.0,1843.1600945561688,2.7881040892193307,523,533,15,0,518,502,28875,5,0,0,5,31
2020-09-23,US,Texas,Panola,376,25,0,32.163959600000005,-94.30552481,48365.0,1621.1089074760714,6.648936170212767,351,370,25,0,345,369,23148,6,0,0,6,1
2020-09-23,US,Texas,Parker,1909,31,0,32.77757172,-97.80500621,48367.0,1336.1049286804127,1.6238868517548457,1878,1887,31,0,1856,1822,138371,22,0,0,22,65
2020-09-23,US,Texas,Parmer,417,7,0,34.52993409,-102.78446679999999,48369.0,4341.488807912546,1.6786570743405276,410,417,7,0,410,415,9864,0,0,0,0,2
2020-09-23,US,Texas,Pecos,364,5,0,30.78097267,-102.72412609999999,48371.0,2300.448713897491,1.3736263736263736,359,358,5,0,353,357,15673,6,0,0,6,1
2020-09-23,US,Texas,Polk,838,22,0,30.79472531,-94.82766240000001,48373.0,1631.842346114151,2.6252983293556085,816,838,22,0,816,828,50031,0,0,0,0,10
2020-09-23,US,Texas,Potter,4707,62,0,35.40133773,-101.893964,48375.0,4008.857471362262,1.3171871680475886,4645,4654,62,0,4592,4558,119648,53,0,0,53,96
2020-09-23,US,Texas,Presidio,96,6,0,29.99954402,-104.24080790000001,48377.0,1431.980906921241,6.25,90,96,6,0,90,96,6948,0,0,0,0,0
2020-09-23,US,Texas,Rains,67,3,0,32.87109387,-95.79232691,48379.0,535.4003516062011,4.477611940298506,64,65,3,0,62,65,12159,2,0,0,2,0
2020-09-23,US,Texas,Randall,2722,38,0,34.96585996,-101.8971322,48381.0,1976.5744700936004,1.396032329169728,2684,2649,37,0,2612,2612,136271,73,1,0,72,37
2020-09-23,US,Texas,Reagan,87,6,0,31.36607041,-101.52326590000001,48383.0,2260.327357755261,6.896551724137932,81,87,6,0,81,87,3741,0,0,0,0,0
2020-09-23,US,Texas,Real,118,7,0,29.83321503,-99.82018052,48385.0,3418.308227114717,5.932203389830509,111,117,7,0,110,117,3478,1,0,0,1,0
2020-09-23,US,Texas,Red River,160,14,0,33.61886692,-95.04841765,48387.0,1330.7826665557682,8.75,146,159,14,0,145,159,12175,1,0,0,1,0
2020-09-23,US,Texas,Reeves,190,6,0,31.32323325,-103.69038959999999,48389.0,1189.2839258888332,3.1578947368421053,184,189,6,0,183,188,15695,1,0,0,1,1
2020-09-23,US,Texas,Refugio,303,14,0,28.323897600000002,-97.15766311,48391.0,4360.967184801381,4.62046204620462,289,303,13,0,290,303,7032,0,1,0,-1,0
2020-09-23,US,Texas,Roberts,9,0,0,35.83809685,-100.813175,48393.0,1053.864168618267,0.0,9,9,0,0,9,9,903,0,0,0,0,0
2020-09-23,US,Texas,Robertson,301,4,0,31.02539637,-96.51272246,48395.0,1762.9143727304674,1.32890365448505,297,296,4,0,292,292,17284,5,0,0,5,4
2020-09-23,US,Texas,Rockwall,1576,25,0,32.89779518,-96.40771592,48397.0,1502.16842205595,1.5862944162436547,1551,1561,25,0,1536,1543,100657,15,0,0,15,18
2020-09-23,US,Texas,Runnels,263,5,0,31.8314342,-99.97616148,48399.0,2562.353858144973,1.9011406844106464,258,259,5,0,254,244,10234,4,0,0,4,15
2020-09-23,US,Texas,Rusk,900,10,0,32.10773545,-94.76176432,48401.0,1654.2293129434256,1.1111111111111112,890,894,9,0,885,883,54450,6,1,0,5,11
2020-09-23,US,Texas,Sabine,77,8,0,31.34318809,-93.85440451,48403.0,730.4116865869853,10.389610389610391,69,77,8,0,69,77,10589,0,0,0,0,0
2020-09-23,US,Texas,San Augustine,199,15,0,31.39457611,-94.17000399,48405.0,2415.928129173243,7.537688442211055,184,199,15,0,184,199,8232,0,0,0,0,0
2020-09-23,US,Texas,San Jacinto,225,9,0,30.57933681,-95.16260304,48407.0,779.6527946221283,4.0,216,226,9,0,217,225,28719,-1,0,0,-1,1
2020-09-23,US,Texas,San Patricio,1459,72,0,28.00880118,-97.51763891,48409.0,2186.4228982466657,4.934886908841673,1387,1415,72,0,1343,1415,66893,44,0,0,44,0
2020-09-23,US,Texas,San Saba,53,0,0,31.1577796,-98.81758731,48411.0,875.3096614368291,0.0,53,52,0,0,52,52,6054,1,0,0,1,0
2020-09-23,US,Texas,Schleicher,53,2,0,30.89740592,-100.5384842,48413.0,1897.6011457214465,3.7735849056603774,51,53,2,0,51,52,2895,0,0,0,0,1
2020-09-23,US,Texas,Scurry,646,3,0,32.74613808,-100.91626640000001,48415.0,3867.568700233491,0.4643962848297213,643,610,2,0,608,610,16866,36,1,0,35,0
2020-09-23,US,Texas,Shackelford,24,0,0,32.73587756,-99.35401337,48417.0,735.0689127105666,0.0,24,24,0,0,24,24,3253,0,0,0,0,0
2020-09-23,US,Texas,Shelby,474,27,0,31.79211404,-94.14550696,48419.0,1875.445121468703,5.69620253164557,447,463,25,0,438,462,25418,11,2,0,9,1
2020-09-23,US,Texas,Sherman,61,0,0,36.27751473,-101.8933156,48421.0,2018.5307743216413,0.0,61,60,0,0,60,60,3079,1,0,0,1,0
2020-09-23,US,Texas,Smith,3702,97,0,32.37474036,-95.27175679999999,48423.0,1590.5409643782416,2.6202052944354404,3605,3687,97,0,3590,3620,230221,15,0,0,15,67
2020-09-23,US,Texas,Somervell,140,5,0,32.22236802,-97.77403489,48425.0,1533.7423312883434,3.571428571428572,135,140,5,0,135,137,9016,0,0,0,0,3
2020-09-23,US,Texas,Starr,3387,159,0,26.56150059,-98.73892358,48427.0,5240.357093125804,4.694419840566874,3228,3379,159,0,3220,3379,64525,8,0,0,8,0
2020-09-23,US,Texas,Stephens,132,4,0,32.73553157,-98.83631615,48429.0,1409.3529788597052,3.0303030303030303,128,132,4,0,128,129,9433,0,0,0,0,3
2020-09-23,US,Texas,Sterling,4,0,0,31.82781912,-101.05007459999999,48431.0,309.8373353989156,0.0,4,4,0,0,4,4,1311,0,0,0,0,0
2020-09-23,US,Texas,Stonewall,14,1,0,33.17906744,-100.25384009999999,48433.0,1037.037037037037,7.142857142857142,13,12,1,0,11,11,1362,2,0,0,2,1
2020-09-23,US,Texas,Sutton,81,3,0,30.49856623,-100.5382014,48435.0,2145.127118644068,3.703703703703704,78,81,3,0,78,81,3758,0,0,0,0,0
2020-09-23,US,Texas,Swisher,104,3,0,34.53028891,-101.73491740000001,48437.0,1405.9753954305802,2.8846153846153846,101,100,3,0,97,99,7462,4,0,0,4,1
2020-09-23,US,Texas,Tarrant,47917,698,0,32.77143818,-97.29101614,48439.0,2279.032492039296,1.4566855187094352,47219,47533,693,0,46840,47231,2084931,384,5,0,379,302
2020-09-23,US,Texas,Taylor,1452,52,0,32.30163422,-99.89007449,48441.0,1051.914745642378,3.5812672176308538,1400,1442,50,0,1392,1442,137640,10,2,0,8,0
2020-09-23,US,Texas,Terrell,3,0,0,30.22429013,-102.0766732,48443.0,386.59793814432993,0.0,3,3,0,0,3,3,823,0,0,0,0,0
2020-09-23,US,Texas,Terry,237,4,0,33.17402785,-102.3354521,48445.0,1921.0504985004457,1.6877637130801688,233,234,4,0,230,229,12287,3,0,0,3,5
2020-09-23,US,Texas,Throckmorton,8,2,0,33.17751417,-99.21226795,48447.0,532.9780146568954,25.0,6,8,2,0,6,7,1515,0,0,0,0,1
2020-09-23,US,Texas,Titus,1557,28,0,33.21339719,-94.96797273,48449.0,4754.198473282443,1.7983301220295438,1529,1557,28,0,1529,1557,33033,0,0,0,0,0
2020-09-23,US,Texas,Tom Green,3615,64,0,31.40464436,-100.46244300000001,48451.0,3032.7181208053694,1.7704011065006915,3551,3595,62,0,3533,3579,118189,20,2,0,18,16
2020-09-23,US,Texas,Travis,28745,417,0,30.33432034,-97.78535620000001,48453.0,2256.360904710845,1.4506870760132198,28328,28643,415,0,28228,28596,1248743,102,2,0,100,47
2020-09-23,US,Texas,Trinity,194,7,0,31.0879489,-95.1367187,48455.0,1324.1416968125045,3.608247422680413,187,194,7,0,187,191,14740,0,0,0,0,3
2020-09-23,US,Texas,Tyler,214,4,0,30.77031716,-94.37690895,48457.0,987.4492432631968,1.8691588785046729,210,210,4,0,206,210,21696,4,0,0,4,0
2020-09-23,US,Texas,Upshur,383,10,0,32.73706798,-94.93999853,48459.0,917.2993557349173,2.610966057441253,373,378,10,0,368,374,41260,5,0,0,5,4
2020-09-23,US,Texas,Upton,23,2,0,31.36868194,-102.0423217,48461.0,628.9308176100631,8.695652173913043,21,23,2,0,21,23,3671,0,0,0,0,0
2020-09-23,US,Texas,Uvalde,764,31,0,29.35739637,-99.76229172,48463.0,2857.036012116226,4.057591623036648,733,755,30,0,725,755,26846,9,1,0,8,0
2020-09-23,US,Texas,Val Verde,2135,100,0,29.89149232,-101.1525205,48465.0,4354.920958694544,4.68384074941452,2035,2135,99,0,2036,2135,49208,0,1,0,-1,0
2020-09-23,US,Texas,Van Zandt,582,19,0,32.56483801,-95.83766469,48467.0,1028.4502562290156,3.2646048109965635,563,576,19,0,557,568,56019,6,0,0,6,8
2020-09-23,US,Texas,Victoria,4020,95,0,28.79780988,-96.96813006,48469.0,4365.57925372486,2.3631840796019903,3925,4011,95,0,3916,3996,92035,9,0,0,9,15
2020-09-23,US,Texas,Walker,3690,56,0,30.73872995,-95.57440968,48471.0,5056.803387647147,1.5176151761517616,3634,3693,56,0,3637,3658,72480,-3,0,0,-3,35
2020-09-23,US,Texas,Waller,832,13,0,30.01058447,-95.99011759,48473.0,1505.9913839916012,1.5625,819,832,12,0,820,826,53126,0,1,0,-1,6
2020-09-23,US,Texas,Ward,120,1,0,31.50999644,-103.09279090000001,48475.0,1000.1666944490747,0.8333333333333334,119,120,1,0,119,120,11720,0,0,0,0,0
2020-09-23,US,Texas,Washington,633,48,0,30.21498498,-96.40946246,48477.0,1764.115712613567,7.582938388625592,585,628,48,0,580,627,35108,5,0,0,5,1
2020-09-23,US,Texas,Webb,13369,288,0,27.7610369,-99.33237355,48479.0,4832.424851437908,2.154237414915102,13081,13201,284,0,12917,13171,275910,168,4,0,164,30
2020-09-23,US,Texas,Wharton,1350,50,0,29.27765923,-96.22319248,48481.0,3248.628356915969,3.703703703703704,1300,1341,50,0,1291,1340,41619,9,0,0,9,1
2020-09-23,US,Texas,Wheeler,46,0,0,35.40114335,-100.26995140000001,48483.0,909.8101265822785,0.0,46,46,0,0,46,46,5191,0,0,0,0,0
2020-09-23,US,Texas,Wichita,1652,22,0,33.98842886,-98.70410340000001,48485.0,1249.3382742191636,1.3317191283292975,1630,1645,20,0,1625,1613,132064,7,2,0,5,32
2020-09-23,US,Texas,Wilbarger,137,2,0,34.07945812,-99.24178437,48487.0,1072.9109562221004,1.45985401459854,135,137,2,0,135,131,12820,0,0,0,0,6
2020-09-23,US,Texas,Willacy,1206,48,0,26.47411727,-97.61535848,48489.0,5646.5961232325135,3.9800995024875614,1158,1205,48,0,1157,1198,21515,1,0,0,1,7
2020-09-23,US,Texas,Williamson,8515,142,0,30.64655664,-97.60048540000001,48491.0,1441.8737755079578,1.667645331767469,8373,8476,142,0,8334,8458,566719,39,0,0,39,18
2020-09-23,US,Texas,Wilson,888,26,0,29.1732598,-98.08693082,48493.0,1738.789896220873,2.927927927927928,862,882,26,0,856,879,50224,6,0,0,6,3
2020-09-23,US,Texas,Winkler,113,2,0,31.85008651,-103.04851629999999,48495.0,1410.7365792759051,1.7699115044247788,111,111,1,0,110,111,7720,2,1,0,1,0
2020-09-23,US,Texas,Wise,761,13,0,33.21570665,-97.65460265,48497.0,1087.3914037494285,1.7082785808147174,748,757,13,0,744,712,68305,4,0,0,4,45
2020-09-23,US,Texas,Wood,513,21,0,32.78722382,-95.38236368,48499.0,1126.5069500867392,4.093567251461988,492,507,21,0,486,496,45129,6,0,0,6,11
2020-09-23,US,Texas,Yoakum,203,5,0,33.17320212,-102.82764329999999,48501.0,2329.851945368989,2.4630541871921183,198,203,5,0,198,201,8591,0,0,0,0,2
2020-09-23,US,Texas,Young,294,6,0,33.17659707,-98.68790885,48503.0,1632.426429761244,2.0408163265306123,288,282,6,0,276,266,18045,12,0,0,12,16
2020-09-23,US,Texas,Zapata,333,6,0,27.00156391,-99.16987152,48505.0,2348.5436208477327,1.8018018018018016,327,333,6,0,327,326,14190,0,0,0,0,7
2020-09-23,US,Texas,Zavala,347,16,0,28.86617238,-99.76050829,48507.0,2930.7432432432433,4.610951008645533,331,346,16,0,330,341,11983,1,0,0,1,5
2020-09-23,US,Utah,Bear River,3197,11,0,41.52106798,-113.08328159999999,0.0,1711.2912032031174,0.3440725680325305,3186,3153,11,0,3142,3123,,44,0,0,44,30
2020-09-23,US,Utah,Central Utah,616,3,0,39.37231946,-111.5758676,0.0,751.6411645557263,0.48701298701298706,613,613,3,0,610,610,,3,0,0,3,3
2020-09-23,US,Utah,Davis,4817,28,0,40.99001837,-112.1139997,49011.0,1355.065390274023,0.5812746522731991,4789,4752,28,0,4724,4711,351713,65,0,0,65,41
2020-09-23,US,Utah,Salt Lake,28996,248,0,40.66616532,-111.92160109999999,49035.0,2498.713846593999,0.8552903848806732,28748,28676,247,0,28429,28453,1152633,320,1,0,319,223
2020-09-23,US,Utah,San Juan,693,29,0,37.62762978,-109.80337140000002,49037.0,4527.044682518945,4.1847041847041835,664,693,29,0,664,690,15449,0,0,0,0,3
2020-09-23,US,Utah,Southeast Utah,186,1,0,38.99617072,-110.70139579999999,0.0,462.35302890949316,0.5376344086021505,185,184,1,0,183,181,,2,0,0,2,3
2020-09-23,US,Utah,Southwest Utah,4067,30,0,37.85447192,-111.4418764,0.0,1613.6199522301838,0.7376444553725104,4037,4048,30,0,4018,4028,,19,0,0,19,20
2020-09-23,US,Utah,Summit,961,1,0,40.86688146,-110.9535882,49043.0,2280.2230395064653,0.1040582726326743,960,955,1,0,954,954,41933,6,0,0,6,1
2020-09-23,US,Utah,Tooele,838,0,0,40.44862644,-113.12957150000001,49045.0,1159.7171286621735,0.0,838,836,0,0,836,833,69907,2,0,0,2,3
2020-09-23,US,Utah,TriCounty,230,2,0,40.12491499,-109.5174415,0.0,406.2025361167037,0.8695652173913043,228,230,2,0,228,231,,0,0,0,0,-1
2020-09-23,US,Utah,Utah,16486,54,0,40.116672200000004,-111.66576620000001,49049.0,2591.180931574025,0.3275506490355453,16432,16119,54,0,16065,15828,622213,367,0,0,367,291
2020-09-23,US,Utah,Wasatch,724,7,0,40.33110236,-111.1691419,49051.0,2123.7276700595467,0.9668508287292816,717,713,7,0,706,707,33240,11,0,0,11,6
2020-09-23,US,Utah,Weber-Morgan,4110,30,0,41.27116049,-111.9145117,0.0,1509.1596073981866,0.7299270072992701,4080,4072,30,0,4042,4045,,38,0,0,38,27
2020-09-23,US,Vermont,Addison,83,2,0,44.03217337,-73.14130877,50001.0,225.68453109280253,2.409638554216868,81,83,2,0,81,83,36973,0,0,0,0,0
2020-09-23,US,Vermont,Bennington,109,1,0,43.03519828,-73.09048868,50003.0,307.3019453058923,0.9174311926605504,108,109,1,0,108,109,35631,0,0,0,0,0
2020-09-23,US,Vermont,Caledonia,34,0,0,44.46548598,-72.10314651,50005.0,113.35978394958825,0.0,34,34,0,0,34,34,30302,0,0,0,0,0
2020-09-23,US,Vermont,Chittenden,831,39,0,44.46322849,-73.08359212,50007.0,507.40654804791967,4.693140794223827,792,830,39,0,791,829,164572,1,0,0,1,1
2020-09-23,US,Vermont,Essex,6,0,0,44.72736416,-71.73579864,50009.0,97.35518416355671,0.0,6,6,0,0,6,6,6250,0,0,0,0,0
2020-09-23,US,Vermont,Franklin,123,7,0,44.85627605,-72.91249563,50011.0,248.97777417918306,5.691056910569106,116,123,7,0,116,123,49421,0,0,0,0,0
2020-09-23,US,Vermont,Grand Isle,14,0,0,44.797582399999996,-73.29679772,50013.0,193.503800967519,0.0,14,14,0,0,14,14,7090,0,0,0,0,0
2020-09-23,US,Vermont,Lamoille,57,1,0,44.60353043,-72.64356694,50015.0,224.74568251715164,1.7543859649122806,56,57,1,0,56,57,25300,0,0,0,0,0
2020-09-23,US,Vermont,Orange,24,0,0,44.00470222,-72.37640104,50017.0,83.06797729475288,0.0,24,24,0,0,24,24,28999,0,0,0,0,0
2020-09-23,US,Vermont,Orleans,21,0,0,44.82964024,-72.24562697,50019.0,77.67133927580724,0.0,21,21,0,0,21,21,26907,0,0,0,0,0
2020-09-23,US,Vermont,Rutland,128,1,0,43.57723578,-73.03741676,50021.0,219.96528672818818,0.78125,127,128,1,0,127,128,58672,0,0,0,0,0
2020-09-23,US,Vermont,Unassigned,8,0,0,0.0,0.0,90050.0,0.0,0.0,8,8,0,0,8,8,,0,0,0,0,0
2020-09-23,US,Vermont,Washington,77,2,0,44.27343241,-72.61604978,50023.0,131.8289989556404,2.5974025974025974,75,77,2,0,75,77,58140,0,0,0,0,0
2020-09-23,US,Vermont,Windham,123,3,0,42.986982,-72.71268875,50025.0,291.3173227227512,2.4390243902439024,120,123,3,0,120,123,42756,0,0,0,0,0
2020-09-23,US,Vermont,Windsor,84,2,0,43.58010937,-72.58595157,50027.0,152.55530129672007,2.380952380952381,82,84,2,0,82,83,55286,0,0,0,0,1
2020-09-23,US,Virginia,Accomack,1169,19,0,37.76707161,-75.63234615,51001.0,3617.40314395346,1.6253207869974338,1150,1167,19,0,1148,1167,32412,2,0,0,2,0
2020-09-23,US,Virginia,Albemarle,1203,21,0,38.02080697,-78.55481085,51003.0,1100.3384249519802,1.745635910224439,1182,1202,21,0,1181,1199,108718,1,0,0,1,3
2020-09-23,US,Virginia,Alexandria,3741,68,0,38.814003,-77.08183073,51510.0,2346.513786787766,1.8176958032611599,3673,3727,68,0,3659,3716,160530,14,0,0,14,11
2020-09-23,US,Virginia,Alleghany,77,4,0,37.78636074,-80.00222498,51005.0,518.1695827725438,5.194805194805196,73,77,4,0,73,77,14910,0,0,0,0,0
2020-09-23,US,Virginia,Amelia,124,5,0,37.34081025,-77.98584649,51007.0,943.3244579688094,4.032258064516129,119,124,5,0,119,123,13013,0,0,0,0,1
2020-09-23,US,Virginia,Amherst,381,4,0,37.60308293,-79.14548696,51009.0,1205.5054579971525,1.0498687664041997,377,379,4,0,375,374,31666,2,0,0,2,5
2020-09-23,US,Virginia,Appomattox,208,3,0,37.37569884,-78.81340003,51011.0,1307.2716988247125,1.4423076923076923,205,209,3,0,206,208,15841,-1,0,0,-1,1
2020-09-23,US,Virginia,Arlington,3877,148,0,38.8767675,-77.10139853,51013.0,1636.9562830916816,3.8173845757028633,3729,3855,148,0,3707,3851,237521,22,0,0,22,4
2020-09-23,US,Virginia,Augusta,470,7,0,38.16404586,-79.12461614,51015.0,622.0386987479817,1.4893617021276595,463,469,7,0,462,469,75457,1,0,0,1,0
2020-09-23,US,Virginia,Bath,6,0,0,38.05852573,-79.73912095,51017.0,144.68290330359298,0.0,6,7,1,0,6,6,4292,-1,-1,0,0,1
2020-09-23,US,Virginia,Bedford,718,12,0,37.3080028,-79.5281964,51019.0,908.8952745040953,1.6713091922005572,706,715,12,0,703,710,78747,3,0,0,3,5
2020-09-23,US,Virginia,Bland,65,4,0,37.13128068,-81.13599391,51021.0,1035.031847133758,6.153846153846153,61,65,4,0,61,64,6293,0,0,0,0,1
2020-09-23,US,Virginia,Botetourt,292,10,0,37.55531756,-79.80982182,51023.0,873.7544510607738,3.4246575342465757,282,291,10,0,281,290,33277,1,0,0,1,1
2020-09-23,US,Virginia,Bristol,178,3,0,36.616302399999995,-82.16359122,51520.0,1061.925784512588,1.6853932584269662,175,178,3,0,175,176,16482,0,0,0,0,2
2020-09-23,US,Virginia,Brunswick,347,4,0,36.76366949,-77.8593436,51025.0,2137.8842954839506,1.1527377521613833,343,346,4,0,342,346,16384,1,0,0,1,0
2020-09-23,US,Virginia,Buchanan,135,2,0,37.26818323,-82.03749726,51027.0,642.7347171967244,1.4814814814814814,133,131,2,0,129,130,21221,4,0,0,4,1
2020-09-23,US,Virginia,Buckingham,677,9,0,37.57242268,-78.52518834,51029.0,3947.982271985071,1.329394387001477,668,677,9,0,668,676,16999,0,0,0,0,1
2020-09-23,US,Virginia,Buena Vista,80,1,0,37.73484642,-79.35296097,51530.0,1234.949058351343,1.25,79,80,1,0,79,79,6237,0,0,0,0,1
2020-09-23,US,Virginia,Campbell,422,4,0,37.20553386,-79.09678609,51031.0,768.8803862621844,0.9478672985781992,418,415,4,0,411,408,54973,7,0,0,7,7
2020-09-23,US,Virginia,Caroline,343,5,0,38.02679129,-77.34901405,51033.0,1116.3547599674532,1.4577259475218658,338,341,5,0,336,335,30772,2,0,0,2,6
2020-09-23,US,Virginia,Carroll,488,23,0,36.73066666,-80.73455942,51035.0,1638.0786143466144,4.713114754098362,465,486,23,0,463,481,29636,2,0,0,2,5
2020-09-23,US,Virginia,Charles City,83,5,0,37.35358063,-77.05634116,51036.0,1192.0149360907656,6.024096385542169,78,83,5,0,78,83,6941,0,0,0,0,0
2020-09-23,US,Virginia,Charlotte,103,0,0,37.01909701,-78.66314092,51037.0,867.003367003367,0.0,103,102,0,0,102,100,11938,1,0,0,1,2
2020-09-23,US,Virginia,Charlottesville,1105,28,0,38.03527919,-78.48569588,51540.0,2337.83269157534,2.5339366515837103,1077,1093,28,0,1065,1085,48117,12,0,0,12,8
2020-09-23,US,Virginia,Chesapeake,4241,70,0,36.67670048,-76.30545744,51550.0,1732.186983070231,1.6505541145956142,4171,4220,69,0,4151,4212,242634,21,1,0,20,8
2020-09-23,US,Virginia,Chesterfield,5851,94,0,37.37373208,-77.58680140000001,51041.0,1658.4373104460858,1.6065629806870618,5757,5829,93,0,5736,5797,348556,22,1,0,21,32
2020-09-23,US,Virginia,Clarke,93,0,0,39.11271747,-77.99199425,51043.0,636.1584239688077,0.0,93,93,0,0,93,93,14523,0,0,0,0,0
2020-09-23,US,Virginia,Colonial Heights,250,25,0,37.26420587,-77.39609676,51570.0,1439.2630972941854,10.0,225,249,25,0,224,245,17833,1,0,0,1,4
2020-09-23,US,Virginia,Covington,30,0,0,37.7824656,-79.98631446,51580.0,541.7118093174431,0.0,30,30,0,0,30,30,5460,0,0,0,0,0
2020-09-23,US,Virginia,Craig,29,0,0,37.48133648,-80.21072274,51045.0,565.191970376145,0.0,29,28,0,0,28,28,5064,1,0,0,1,0
2020-09-23,US,Virginia,Culpeper,1184,16,0,38.48199985,-77.95630870000002,51047.0,2250.7366219941073,1.351351351351351,1168,1183,16,0,1167,1182,51859,1,0,0,1,1
2020-09-23,US,Virginia,Cumberland,104,2,0,37.51328851,-78.24398086,51049.0,1047.1204188481674,1.9230769230769231,102,104,2,0,102,102,9809,0,0,0,0,2
2020-09-23,US,Virginia,Danville,843,26,0,36.58022376,-79.40395668,51590.0,2105.184297273,3.084223013048636,817,838,25,0,813,831,40693,5,1,0,4,7
2020-09-23,US,Virginia,Dickenson,93,1,0,37.12560977,-82.35124171,51051.0,649.5320575499371,1.075268817204301,92,91,1,0,90,89,14523,2,0,0,2,2
2020-09-23,US,Virginia,Dinwiddie,373,11,0,37.07544585,-77.63451754,51053.0,1306.7544843049327,2.949061662198392,362,371,11,0,360,370,28529,2,0,0,2,1
2020-09-23,US,Virginia,Emporia,250,26,0,36.69455571,-77.53406129,51595.0,4676.393565282454,10.4,224,248,26,0,222,248,5121,2,0,0,2,0
2020-09-23,US,Virginia,Essex,173,2,0,37.93357639,-76.94230311,51057.0,1579.4759426641103,1.1560693641618498,171,172,2,0,170,171,10919,1,0,0,1,1
2020-09-23,US,Virginia,Fairfax,20437,583,0,38.83677558,-77.27565836,51059.0,1780.9525137425362,2.8526691784508484,19854,20373,583,0,19790,20305,1150795,64,0,0,64,68
2020-09-23,US,Virginia,Fairfax,20437,583,0,38.83677558,-77.27565836,51059.0,1780.9525137425362,2.8526691784508484,19854,20373,583,0,19790,20305,24574,64,0,0,64,68
2020-09-23,US,Virginia,Fairfax City,134,7,0,38.85157547,-77.29779640000002,51600.0,557.8916690952996,5.223880597014926,127,135,7,0,128,134,24574,-1,0,0,-1,1
2020-09-23,US,Virginia,Falls Church,69,6,0,38.88485255,-77.17560759,51610.0,472.0530888691249,8.695652173913043,63,68,6,0,62,68,14772,1,0,0,1,0
2020-09-23,US,Virginia,Fauquier,917,25,0,38.73564842,-77.80647472,51061.0,1287.5235180140967,2.7262813522355507,892,917,22,0,895,911,70675,0,3,0,-3,6
2020-09-23,US,Virginia,Floyd,197,8,0,36.9302126,-80.36738849,51063.0,1250.8730713061148,4.060913705583757,189,196,8,0,188,193,15795,1,0,0,1,3
2020-09-23,US,Virginia,Fluvanna,372,9,0,37.84157909,-78.27715475,51065.0,1364.1364136413642,2.419354838709677,363,371,9,0,362,367,26783,1,0,0,1,4
2020-09-23,US,Virginia,Franklin,194,1,0,36.99536167,-79.88023649,51067.0,346.1689447200313,0.5154639175257731,193,194,1,0,193,194,56195,0,0,0,0,0
2020-09-23,US,Virginia,Franklin,194,1,0,36.99536167,-79.88023649,51067.0,346.1689447200313,0.5154639175257731,193,194,1,0,193,194,8013,0,0,0,0,0
2020-09-23,US,Virginia,Franklin City,397,9,0,36.6831435,-76.93859681,51620.0,4983.055102296975,2.267002518891688,388,396,9,0,387,387,8013,1,0,0,1,9
2020-09-23,US,Virginia,Frederick,860,13,0,39.20172582,-78.25974949,51069.0,962.9057360070764,1.5116279069767442,847,859,12,0,847,848,88355,1,1,0,0,11
2020-09-23,US,Virginia,Fredericksburg,531,5,0,38.2977863,-77.4922454,51630.0,1828.7642926022868,0.9416195856873822,526,533,6,0,527,527,29144,-2,-1,0,-1,6
2020-09-23,US,Virginia,Galax,413,30,0,36.66601852,-80.91703124,51640.0,6507.011186387271,7.2639225181598075,383,411,30,0,381,408,6423,2,0,0,2,3
2020-09-23,US,Virginia,Giles,85,0,0,37.31234791,-80.70636931,51071.0,508.3732057416268,0.0,85,85,0,0,85,84,16844,0,0,0,0,1
2020-09-23,US,Virginia,Gloucester,230,2,0,37.40809042,-76.53524337,51073.0,615.8294955553175,0.8695652173913043,228,228,2,0,226,228,37349,2,0,0,2,0
2020-09-23,US,Virginia,Goochland,260,7,0,37.71714806,-77.90381514,51075.0,1094.59857702185,2.6923076923076925,253,260,7,0,253,257,23244,0,0,0,0,3
2020-09-23,US,Virginia,Grayson,307,10,0,36.65677234,-81.23215889,51077.0,1974.2765273311893,3.2573289902280136,297,307,10,0,297,307,15631,0,0,0,0,0
2020-09-23,US,Virginia,Greene,212,3,0,38.29545894,-78.46525378,51079.0,1069.680609516121,1.4150943396226414,209,212,3,0,209,212,19779,0,0,0,0,0
2020-09-23,US,Virginia,Greensville,774,11,0,36.67878901,-77.56351439,51081.0,6827.805222300633,1.421188630490956,763,772,11,0,761,769,11627,2,0,0,2,3
2020-09-23,US,Virginia,Halifax,332,6,0,36.76654925,-78.93512622,51083.0,979.0333520096724,1.8072289156626504,326,331,6,0,325,328,34120,1,0,0,1,3
2020-09-23,US,Virginia,Hampton,1793,24,0,37.03513786,-76.35879121,51650.0,1332.986395063564,1.338538761851645,1769,1789,21,0,1768,1782,134313,4,3,0,1,7
2020-09-23,US,Virginia,Hanover,1248,36,0,37.7583355,-77.49464673,51085.0,1158.0646957296365,2.8846153846153846,1212,1241,36,0,1205,1230,107239,7,0,0,7,11
2020-09-23,US,Virginia,Harrisonburg,2541,34,0,38.43542574,-78.87536254,51660.0,4792.892711634224,1.338055883510429,2507,2524,34,0,2490,2488,54033,17,0,0,17,36
2020-09-23,US,Virginia,Henrico,5331,211,0,37.53460572,-77.39326555,51087.0,1611.4600777466767,3.9579816169574182,5120,5315,210,0,5105,5295,329261,16,1,0,15,20
2020-09-23,US,Virginia,Henry,1025,20,0,36.68542395,-79.87634026,51089.0,2027.4146013410607,1.951219512195122,1005,1023,20,0,1003,1007,50953,2,0,0,2,16
2020-09-23,US,Virginia,Highland,6,0,0,38.35799465,-79.56124594,51091.0,273.97260273972597,0.0,6,6,0,0,6,6,2210,0,0,0,0,0
2020-09-23,US,Virginia,Hopewell,387,7,0,37.29186313,-77.29754684,51670.0,1717.785964756536,1.8087855297157625,380,386,7,0,379,383,22596,1,0,0,1,3
2020-09-23,US,Virginia,Isle of Wight,709,18,0,36.90579348,-76.70842863,51093.0,1910.5877280444092,2.538787023977433,691,704,17,0,687,702,36953,5,1,0,4,2
2020-09-23,US,Virginia,James City,838,20,0,37.31156958,-76.76950618,51095.0,1095.0955921749016,2.386634844868735,818,834,19,0,815,831,76397,4,1,0,3,3
2020-09-23,US,Virginia,King George,227,4,0,38.26818502,-77.15852768,51099.0,845.8786704426889,1.7621145374449338,223,227,4,0,223,227,26575,0,0,0,0,0
2020-09-23,US,Virginia,King William,154,2,0,37.70965316,-77.09384941,51101.0,898.0639141590857,1.2987012987012987,152,153,2,0,151,151,16939,1,0,0,1,2
2020-09-23,US,Virginia,King and Queen,71,1,0,37.71044922,-76.88689628,51097.0,1010.67615658363,1.4084507042253518,70,71,1,0,70,71,7042,0,0,0,0,0
2020-09-23,US,Virginia,Lancaster,140,0,0,37.71889653,-76.46400482,51103.0,1320.3810242384234,0.0,140,140,0,0,140,140,10783,0,0,0,0,0
2020-09-23,US,Virginia,Lee,262,7,0,36.70586667,-83.12606515,51105.0,1118.5586816377063,2.6717557251908395,255,262,7,0,255,261,23541,0,0,0,0,1
2020-09-23,US,Virginia,Lexington,59,1,0,37.78258621,-79.44262866,51678.0,792.3717432178349,1.6949152542372878,58,57,1,0,56,53,7136,2,0,0,2,4
2020-09-23,US,Virginia,Loudoun,6720,123,0,39.08990083,-77.63481877,51107.0,1625.0018136180954,1.8303571428571428,6597,6698,123,0,6575,6678,406850,22,0,0,22,20
2020-09-23,US,Virginia,Louisa,281,6,0,37.97850256,-77.96274807,51109.0,747.5193530366313,2.1352313167259784,275,280,6,0,274,280,36778,1,0,0,1,0
2020-09-23,US,Virginia,Lunenburg,113,3,0,36.94618528,-78.24133319,51111.0,926.5332896031483,2.6548672566371683,110,112,3,0,109,111,12086,1,0,0,1,1
2020-09-23,US,Virginia,Lynchburg,1336,12,0,37.40021399,-79.19888138,51680.0,1625.937104468893,0.8982035928143712,1324,1323,11,0,1312,1307,82126,13,1,0,12,16
2020-09-23,US,Virginia,Madison,103,3,0,38.41531222,-78.28220331,51113.0,776.7136716688033,2.9126213592233015,100,102,3,0,99,102,13295,1,0,0,1,0
2020-09-23,US,Virginia,Manassas,1904,25,0,38.7464321,-77.48509905,51683.0,4634.294754776683,1.3130252100840336,1879,1902,25,0,1877,1890,41641,2,0,0,2,12
2020-09-23,US,Virginia,Manassas Park,607,7,0,38.77058531,-77.44399307,51685.0,3472.9374070259755,1.1532125205930808,600,606,7,0,599,607,17307,1,0,0,1,-1
2020-09-23,US,Virginia,Martinsville,378,15,0,36.68212094,-79.86352771,51690.0,3010.9925123466633,3.968253968253968,363,377,15,0,362,375,12902,1,0,0,1,2
2020-09-23,US,Virginia,Mathews,41,0,0,37.44164146,-76.34098896,51115.0,464.1159157799411,0.0,41,39,0,0,39,37,8802,2,0,0,2,2
2020-09-23,US,Virginia,Mecklenburg,671,33,0,36.67882005,-78.36131056,51117.0,2193.742439598522,4.918032786885246,638,671,33,0,638,669,30650,0,0,0,0,2
2020-09-23,US,Virginia,Middlesex,112,10,0,37.63191998,-76.55064617,51119.0,1058.4010584010584,8.928571428571429,102,110,9,0,101,110,10769,2,1,0,1,0
2020-09-23,US,Virginia,Montgomery,1783,4,0,37.17746986,-80.37868691,51121.0,1809.5093114121885,0.2243409983174425,1779,1766,4,0,1762,1760,98985,17,0,0,17,6
2020-09-23,US,Virginia,Nelson,99,2,0,37.78790447,-78.88498513,51125.0,663.0944407233758,2.0202020202020203,97,98,2,0,96,98,14836,1,0,0,1,0
2020-09-23,US,Virginia,New Kent,183,2,0,37.50694406,-76.99828634,51127.0,792.5165648954138,1.0928961748633879,181,181,2,0,179,180,22391,2,0,0,2,1
2020-09-23,US,Virginia,Newport News,2700,37,0,37.08166899,-76.51754109,51700.0,1506.4862602873486,1.3703703703703705,2663,2690,33,0,2657,2681,178626,10,4,0,6,9
2020-09-23,US,Virginia,Norfolk,4765,75,0,36.89934014,-76.26420872,51710.0,1962.989511497804,1.5739769150052465,4690,4764,72,0,4692,4745,244076,1,3,0,-2,19
2020-09-23,US,Virginia,Northampton,305,31,0,37.34062933,-75.87751591,51131.0,2604.611443210931,10.163934426229508,274,305,31,0,274,305,11735,0,0,0,0,0
2020-09-23,US,Virginia,Northumberland,147,6,0,37.89202088,-76.41949732,51133.0,1215.37825547747,4.081632653061225,141,146,6,0,140,145,12147,1,0,0,1,1
2020-09-23,US,Virginia,Norton,33,0,0,36.93357076,-82.62750411,51720.0,828.9374529012813,0.0,33,33,0,0,33,33,3968,0,0,0,0,0
2020-09-23,US,Virginia,Nottoway,254,17,0,37.1435975,-78.05065922,51135.0,1667.5420168067224,6.692913385826771,237,254,16,0,238,249,15420,0,1,0,-1,5
2020-09-23,US,Virginia,Orange,317,4,0,38.24530219,-78.01560400000002,51137.0,855.577447302367,1.2618296529968454,313,316,4,0,312,315,36644,1,0,0,1,1
2020-09-23,US,Virginia,Page,389,29,0,38.61807452,-78.48797204,51139.0,1627.4788720609156,7.455012853470437,360,385,29,0,356,384,23933,4,0,0,4,1
2020-09-23,US,Virginia,Patrick,271,24,0,36.680163799999995,-80.2865648,51141.0,1539.0731485688325,8.85608856088561,247,271,24,0,247,271,17673,0,0,0,0,0
2020-09-23,US,Virginia,Petersburg,726,29,0,37.20530399,-77.39368102,51730.0,2316.084986920181,3.9944903581267215,697,723,29,0,694,721,31567,3,0,0,3,2
2020-09-23,US,Virginia,Pittsylvania,969,9,0,36.81980341,-79.39731264,51143.0,1605.5273884083906,0.9287925696594428,960,964,9,0,955,959,60949,5,0,0,5,5
2020-09-23,US,Virginia,Poquoson,75,2,0,37.14259351,-76.35798148,51735.0,611.1971314481298,2.6666666666666665,73,75,2,0,73,76,12190,0,0,0,0,-1
2020-09-23,US,Virginia,Portsmouth,2534,58,0,36.85914825,-76.35971629,51740.0,2684.378906332761,2.2888713496448303,2476,2529,58,0,2471,2525,94632,5,0,0,5,4
2020-09-23,US,Virginia,Powhatan,219,5,0,37.55016038,-77.91267882,51145.0,738.5673816268718,2.2831050228310503,214,218,5,0,213,214,29189,1,0,0,1,4
2020-09-23,US,Virginia,Prince Edward,568,12,0,37.22554789,-78.43597949,51147.0,2491.0095605648626,2.112676056338028,556,567,12,0,555,562,22950,1,0,0,1,5
2020-09-23,US,Virginia,Prince George,774,5,0,37.18497668,-77.22922187,51149.0,2018.0950642713733,0.6459948320413437,769,763,5,0,758,722,38082,11,0,0,11,41
2020-09-23,US,Virginia,Prince William,12215,201,0,38.70916224,-77.48713689,51153.0,2597.085056395973,1.6455178059762587,12014,12183,201,0,11982,12122,468011,32,0,0,32,61
2020-09-23,US,Virginia,Pulaski,220,5,0,37.06474963,-80.71229738,51155.0,646.5453904252505,2.272727272727273,215,221,4,0,217,217,34066,-1,1,0,-2,4
2020-09-23,US,Virginia,Radford,725,1,0,37.12222899,-80.56027320000003,51750.0,3972.8204285166307,0.13793103448275862,724,718,1,0,717,716,18339,7,0,0,7,2
2020-09-23,US,Virginia,Rappahannock,64,2,0,38.68295619,-78.15826963,51157.0,868.3853459972862,3.125,62,64,2,0,62,65,7252,0,0,0,0,-1
2020-09-23,US,Virginia,Richmond,341,4,0,37.937575,-76.72920628,51159.0,3779.230854482989,1.1730205278592376,337,339,4,0,335,353,9038,2,0,0,2,-14
2020-09-23,US,Virginia,Richmond City,4551,60,0,37.53255773,-77.47966921,51760.0,1974.9518304431601,1.3183915622940012,4491,4540,58,0,4482,4516,228783,11,2,0,9,24
2020-09-23,US,Virginia,Roanoke,806,7,0,37.26865804,-80.06396753,51161.0,855.7535090140785,0.8684863523573201,799,784,7,0,777,784,94073,22,0,0,22,0
2020-09-23,US,Virginia,Roanoke City,1621,23,0,37.27791025,-79.96189766,51770.0,1635.0120532967533,1.418877236273905,1598,1610,22,0,1588,1578,99920,11,1,0,10,32
2020-09-23,US,Virginia,Rockbridge,106,2,0,37.81204314,-79.44605905,51163.0,469.5875603597218,1.8867924528301887,104,104,2,0,102,102,22752,2,0,0,2,2
2020-09-23,US,Virginia,Rockingham,1390,21,0,38.51006137,-78.87260325,51165.0,1696.1975887147946,1.5107913669064748,1369,1383,21,0,1362,1380,81244,7,0,0,7,3
2020-09-23,US,Virginia,Russell,242,5,0,36.93028320000001,-82.10095486,51167.0,910.2535168885879,2.066115702479338,237,236,5,0,231,236,26748,6,0,0,6,0
2020-09-23,US,Virginia,Salem,263,4,0,37.2836193,-80.06219455,51775.0,1039.4846053515669,1.520912547528517,259,261,4,0,257,261,25643,2,0,0,2,0
2020-09-23,US,Virginia,Scott,181,4,0,36.71466456,-82.60171704,51169.0,839.2840582398219,2.209944751381216,177,181,4,0,177,180,21534,0,0,0,0,1
2020-09-23,US,Virginia,Shenandoah,801,58,0,38.85905135,-78.56813762,51171.0,1836.4820249449745,7.240948813982523,743,800,58,0,742,799,43497,1,0,0,1,1
2020-09-23,US,Virginia,Smyth,449,8,0,36.84455636,-81.53344948,51173.0,1491.4961466914694,1.7817371937639201,441,447,8,0,439,444,30472,2,0,0,2,3
2020-09-23,US,Virginia,Southampton,744,22,0,36.72231125,-77.10642712,51175.0,4219.840054449549,2.956989247311828,722,721,22,0,699,575,17586,23,0,0,23,146
2020-09-23,US,Virginia,Spotsylvania,2106,43,0,38.18574462,-77.655399,51177.0,1546.0852329038653,2.0417853751187085,2063,2099,44,0,2055,2088,134238,7,-1,0,8,11
2020-09-23,US,Virginia,Stafford,1971,17,0,38.41758738,-77.45917053,51179.0,1289.2296019152025,0.8625063419583967,1954,1963,14,0,1949,1951,149960,8,3,0,5,12
2020-09-23,US,Virginia,Staunton,246,0,0,38.15965544,-79.05979937,51790.0,986.683779881277,0.0,246,245,0,0,245,243,24922,1,0,0,1,2
2020-09-23,US,Virginia,Suffolk,1916,72,0,36.70155394,-76.63603554,51800.0,2080.166760759109,3.757828810020877,1844,1908,72,0,1836,1897,91185,8,0,0,8,11
2020-09-23,US,Virginia,Surry,114,3,0,37.11781893,-76.88450012,51181.0,1775.1479289940826,2.631578947368421,111,114,3,0,111,110,6474,0,0,0,0,4
2020-09-23,US,Virginia,Sussex,419,10,0,36.92432914,-77.25791182,51183.0,3754.816739851241,2.386634844868735,409,416,10,0,406,404,11237,3,0,0,3,12
2020-09-23,US,Virginia,Tazewell,278,2,0,37.12191123,-81.56685568,51185.0,684.8134006651065,0.7194244604316546,276,258,2,0,256,255,40855,20,0,0,20,3
2020-09-23,US,Virginia,Virginia Beach,6689,83,0,36.73285734,-76.04566934,51810.0,1486.5303328636767,1.2408431753625355,6606,6674,81,0,6593,6656,450189,15,2,0,13,18
2020-09-23,US,Virginia,Warren,415,6,0,38.90847745,-78.20280433,51187.0,1033.263619161438,1.4457831325301205,409,413,6,0,407,413,40003,2,0,0,2,0
2020-09-23,US,Virginia,Washington,544,17,0,36.72341572,-81.95666289,51191.0,1012.2813546706365,3.125,527,544,17,0,527,539,54402,0,0,0,0,5
2020-09-23,US,Virginia,Waynesboro,257,3,0,38.06451466,-78.90293905,51820.0,1135.6606274856383,1.1673151750972763,254,255,3,0,252,255,22628,2,0,0,2,0
2020-09-23,US,Virginia,Westmoreland,266,3,0,38.11021557,-76.80213247,51193.0,1476.5473216763805,1.1278195488721805,263,265,3,0,262,259,17830,1,0,0,1,6
2020-09-23,US,Virginia,Williamsburg,177,7,0,37.28131268,-76.70905141,51830.0,1183.6297980473453,3.9548022598870056,170,176,7,0,169,175,14896,1,0,0,1,1
2020-09-23,US,Virginia,Winchester,490,4,0,39.17054517,-78.17325058,51840.0,1745.1385426312415,0.8163265306122449,486,490,4,0,486,489,28108,0,0,0,0,1
2020-09-23,US,Virginia,Wise,393,8,0,36.9746148,-82.62410519,51195.0,1051.2799935799694,2.0356234096692107,385,392,8,0,384,390,38012,1,0,0,1,2
2020-09-23,US,Virginia,Wythe,227,4,0,36.91582035,-81.07834059,51197.0,791.3819550969182,1.7621145374449338,223,223,4,0,219,222,28754,4,0,0,4,1
2020-09-23,US,Virginia,York,537,8,0,37.24374789,-76.54412815,51199.0,786.4674868189807,1.48975791433892,529,534,8,0,526,532,67846,3,0,0,3,2
2020-09-23,US,Washington,Adams,818,10,0,46.98299757,-118.56017340000001,53001.0,4093.4794575389083,1.2224938875305624,808,814,9,0,805,808,19759,4,1,0,3,6
2020-09-23,US,Washington,Asotin,89,2,0,46.18894415,-117.2022851,53003.0,394.11920999025773,2.247191011235955,87,86,2,0,84,87,22610,3,0,0,3,-1
2020-09-23,US,Washington,Benton,4475,130,0,46.23946995,-119.51208340000001,53005.0,2189.441753510446,2.9050279329608935,4345,4435,129,0,4306,4409,201877,40,1,0,39,26
2020-09-23,US,Washington,Chelan,1836,15,0,47.87046092,-120.6173956,53007.0,2378.238341968912,0.8169934640522876,1821,1835,15,0,1820,1834,77036,1,0,0,1,1
2020-09-23,US,Washington,Clallam,225,1,0,48.04754642,-123.92263190000001,53009.0,290.95705473872056,0.4444444444444444,224,224,1,0,223,223,76737,1,0,0,1,1
2020-09-23,US,Washington,Clark,2649,62,0,45.77568046,-122.48292040000001,53011.0,542.5599242996799,2.340505851264628,2587,2624,62,0,2562,2576,481857,25,0,0,25,48
2020-09-23,US,Washington,Columbia,14,1,0,46.29442881,-117.9051983,53013.0,351.3174404015057,7.142857142857142,13,14,1,0,13,14,4059,0,0,0,0,0
2020-09-23,US,Washington,Cowlitz,635,6,0,46.19074721,-122.6782231,53015.0,574.1773891656795,0.9448818897637796,629,630,6,0,624,611,108987,5,0,0,5,19
2020-09-23,US,Washington,Douglas,1182,9,0,47.7361335,-119.69293700000001,53017.0,2721.683667595385,0.7614213197969543,1173,1179,9,0,1170,1176,42907,3,0,0,3,3
2020-09-23,US,Washington,Ferry,29,0,0,48.471143100000006,-118.5154041,53019.0,380.22813688212926,0.0,29,29,0,0,29,29,7649,0,0,0,0,0
2020-09-23,US,Washington,Franklin,4218,65,0,46.53351425,-118.9018212,53021.0,4429.648610615194,1.5410146989094358,4153,4199,64,0,4135,4187,94347,19,1,0,18,12
2020-09-23,US,Washington,Garfield,11,0,0,46.43197502,-117.54540320000001,53023.0,494.3820224719101,0.0,11,11,0,0,11,11,2247,0,0,0,0,0
2020-09-23,US,Washington,Grant,2853,20,0,47.20753737,-119.4500749,53025.0,2919.177759815006,0.7010164738871364,2833,2803,20,0,2783,2788,97331,50,0,0,50,15
2020-09-23,US,Washington,Grays Harbor,460,6,0,47.14003705,-123.7820567,53027.0,612.8348942859808,1.3043478260869563,454,446,6,0,440,432,73901,14,0,0,14,14
2020-09-23,US,Washington,Island,301,11,0,48.14713305,-122.5216407,53029.0,353.53120118391837,3.6544850498338866,290,299,11,0,288,292,84460,2,0,0,2,7
2020-09-23,US,Washington,Jefferson,71,0,0,47.75003077,-123.56097040000002,53031.0,220.35318581049626,0.0,71,71,0,0,71,71,31729,0,0,0,0,0
2020-09-23,US,Washington,King,21650,759,0,47.49137892,-121.8346131,53033.0,961.0339571250123,3.505773672055428,20891,21559,757,0,20802,21516,2233163,91,2,0,89,43
2020-09-23,US,Washington,Kitsap,1152,13,0,47.63479026,-122.6436061,53035.0,424.3515929760971,1.1284722222222223,1139,1148,14,0,1134,1141,269805,4,-1,0,5,7
2020-09-23,US,Washington,Kittitas,512,22,0,47.12521214,-120.67943899999999,53037.0,1068.1130697819963,4.296875,490,497,22,0,475,494,47364,15,0,0,15,3
2020-09-23,US,Washington,Klickitat,191,3,0,45.87325839,-120.7913598,53039.0,851.7279821627648,1.5706806282722514,188,192,3,0,189,190,22107,-1,0,0,-1,2
2020-09-23,US,Washington,Lewis,483,4,0,46.57756476,-122.39257690000001,53041.0,598.4611000284982,0.8281573498964804,479,473,4,0,469,462,79604,10,0,0,10,11
2020-09-23,US,Washington,Lincoln,41,1,0,47.57705241,-118.41943880000001,53043.0,374.8057409269586,2.4390243902439024,40,41,1,0,40,40,10740,0,0,0,0,1
2020-09-23,US,Washington,Mason,378,5,0,47.35007586,-123.1863685,53045.0,566.1394680086269,1.3227513227513228,373,375,5,0,370,371,65507,3,0,0,3,4
2020-09-23,US,Washington,Okanogan,1035,10,0,48.54855019,-119.73872240000001,53047.0,2450.1100774092747,0.966183574879227,1025,1031,10,0,1021,1026,42132,4,0,0,4,5
2020-09-23,US,Washington,Pacific,80,3,0,46.55418369,-123.7285716,53049.0,356.01441858395265,3.75,77,80,3,0,77,80,22036,0,0,0,0,0
2020-09-23,US,Washington,Pend Oreille,59,0,0,48.53234021,-117.2741804,53051.0,429.90381812882543,0.0,59,59,0,0,59,58,13602,0,0,0,0,1
2020-09-23,US,Washington,Pierce,7697,200,0,47.03892768,-122.14059579999999,53053.0,850.5160335035029,2.598414966870209,7497,7655,196,0,7459,7614,891299,42,4,0,38,41
2020-09-23,US,Washington,San Juan,29,0,0,48.60182783,-122.96745,53055.0,164.94141735866228,0.0,29,29,0,0,29,29,17128,0,0,0,0,0
2020-09-23,US,Washington,Skagit,1088,22,0,48.48171488,-121.766131,53057.0,842.0726752060679,2.022058823529412,1066,1084,22,0,1062,1079,128206,4,0,0,4,5
2020-09-23,US,Washington,Skamania,64,1,0,46.02408726,-121.91644029999999,53059.0,529.6697839940413,1.5625,63,63,1,0,62,63,11924,1,0,0,1,0
2020-09-23,US,Washington,Snohomish,6762,211,0,48.04615983,-121.7170703,53061.0,822.5446822279503,3.1203785862170954,6551,6735,213,0,6522,6697,814901,27,-2,0,29,38
2020-09-23,US,Washington,Spokane,6447,162,0,47.62113146,-117.4046494,53063.0,1233.1722768641046,2.512796649604468,6285,6366,156,0,6210,6278,514631,81,6,0,75,88
2020-09-23,US,Washington,Stevens,161,2,0,48.40035475,-117.8542701,53065.0,352.12037705312423,1.2422360248447204,159,153,2,0,151,147,45260,8,0,0,8,6
2020-09-23,US,Washington,Thurston,1038,17,0,46.9291895,-122.82906559999999,53067.0,357.2706996723298,1.6377649325626205,1021,1033,17,0,1016,1027,286419,5,0,0,5,6
2020-09-23,US,Washington,Unassigned,292,4,0,0.0,0.0,90053.0,0.0,1.3698630136986298,288,290,5,0,285,299,,2,-1,0,3,-9
2020-09-23,US,Washington,Wahkiakum,6,0,0,46.29180039999999,-123.4250831,53069.0,133.6898395721925,0.0,6,6,0,0,6,6,4426,0,0,0,0,0
2020-09-23,US,Washington,Walla Walla,869,5,0,46.23040051,-118.4775539,53071.0,1430.2172481895984,0.5753739930955121,864,864,5,0,859,861,60922,5,0,0,5,3
2020-09-23,US,Washington,Whatcom,1302,42,0,48.82227976,-121.74900179999999,53073.0,567.9463635292938,3.2258064516129035,1260,1287,42,0,1245,1264,225685,15,0,0,15,23
2020-09-23,US,Washington,Whitman,1184,0,0,46.90022523,-117.52417630000001,53075.0,2363.084783650008,0.0,1184,1173,0,0,1173,1157,49791,11,0,0,11,16
2020-09-23,US,Washington,Yakima,11316,257,0,46.45738486,-120.73801259999999,53077.0,4510.648814340324,2.271120537292329,11059,11301,257,0,11044,11283,251446,15,0,0,15,18
2020-09-23,US,West Virginia,Barbour,48,1,0,39.1307219,-80.00350858,54001.0,291.9530442187215,2.083333333333333,47,48,1,0,47,46,16535,0,0,0,0,2
2020-09-23,US,West Virginia,Berkeley,952,13,0,39.46704621,-78.02414609,54003.0,798.8520697149472,1.365546218487395,939,948,13,0,935,947,117123,4,0,0,4,1
2020-09-23,US,West Virginia,Boone,203,1,0,38.01974191,-81.69888019,54005.0,946.0782029174628,0.4926108374384237,202,200,1,0,199,198,21951,3,0,0,3,2
2020-09-23,US,West Virginia,Braxton,13,0,0,38.70036159,-80.72011184,54007.0,93.14322562155192,0.0,13,10,0,0,10,10,14089,3,0,0,3,0
2020-09-23,US,West Virginia,Brooke,112,1,0,40.27367263,-80.57915332,54009.0,510.506404120516,0.8928571428571429,111,112,1,0,111,107,22203,0,0,0,0,5
2020-09-23,US,West Virginia,Cabell,741,10,0,38.42424062,-82.23855912,54011.0,805.9165805644677,1.349527665317139,731,737,10,0,727,724,93224,4,0,0,4,13
2020-09-23,US,West Virginia,Calhoun,25,0,0,38.84315422,-81.11934872,54013.0,351.6669011112674,0.0,25,24,0,0,24,24,7254,1,0,0,1,0
2020-09-23,US,West Virginia,Clay,36,2,0,38.46231092,-81.07652217,54015.0,423.1311706629055,5.5555555555555545,34,35,2,0,33,35,8632,1,0,0,1,0
2020-09-23,US,West Virginia,Doddridge,18,0,0,39.27057157,-80.70671527,54017.0,213.0681818181818,0.0,18,18,0,0,18,18,8406,0,0,0,0,0
2020-09-23,US,West Virginia,Fayette,580,11,0,38.02974928,-81.08286634,54019.0,1367.730981464887,1.8965517241379308,569,577,11,0,566,569,43018,3,0,0,3,8
2020-09-23,US,West Virginia,Gilmer,33,0,0,38.9251277,-80.85952723,54021.0,421.8330563722357,0.0,33,32,0,0,32,29,8026,1,0,0,1,3
2020-09-23,US,West Virginia,Grant,152,7,0,39.10314817,-79.19440518,54023.0,1313.969571230982,4.605263157894737,145,152,7,0,145,152,11626,0,0,0,0,0
2020-09-23,US,West Virginia,Greenbrier,124,3,0,37.9463652,-80.45335881,54025.0,357.7404650626046,2.419354838709677,121,120,3,0,117,120,34786,4,0,0,4,0
2020-09-23,US,West Virginia,Hampshire,103,1,0,39.32103553,-78.60826476,54027.0,444.4444444444445,0.9708737864077671,102,102,1,0,101,100,23347,1,0,0,1,2
2020-09-23,US,West Virginia,Hancock,144,0,0,40.51943859,-80.57461608,54029.0,499.8264491496008,0.0,144,144,0,0,144,141,29094,0,0,0,0,3
2020-09-23,US,West Virginia,Hardy,82,1,0,39.00683177,-78.85855301,54031.0,595.2380952380953,1.2195121951219512,81,82,1,0,81,82,13775,0,0,0,0,0
2020-09-23,US,West Virginia,Harrison,344,8,0,39.2853852,-80.37919577,54033.0,511.478529796598,2.3255813953488373,336,342,8,0,334,341,67554,2,0,0,2,1
2020-09-23,US,West Virginia,Jackson,252,23,0,38.84263974,-81.68148753,54035.0,881.8589025755879,9.126984126984127,229,252,23,0,229,247,28706,0,0,0,0,5
2020-09-23,US,West Virginia,Jefferson,425,4,0,39.30776166,-77.86014147,54037.0,743.70909599972,0.9411764705882352,421,422,4,0,418,419,56811,3,0,0,3,3
2020-09-23,US,West Virginia,Kanawha,2415,72,0,38.33860077,-81.52857054,54039.0,1355.7970851766186,2.9813664596273286,2343,2377,70,0,2307,2317,180454,38,2,0,36,60
2020-09-23,US,West Virginia,Lewis,38,2,0,38.9947249,-80.49988181,54041.0,238.888539636638,5.2631578947368425,36,38,2,0,36,38,16024,0,0,0,0,0
2020-09-23,US,West Virginia,Lincoln,157,2,0,38.172154,-82.07017953,54043.0,769.2684599931403,1.2738853503184713,155,156,2,0,154,156,20599,1,0,0,1,0
2020-09-23,US,West Virginia,Logan,588,39,0,37.8299889,-81.93528571,54045.0,1836.40963178113,6.632653061224491,549,585,39,0,546,582,32607,3,0,0,3,3
2020-09-23,US,West Virginia,Marion,259,3,0,39.50984542,-80.24244659,54049.0,461.90612070195465,1.1583011583011582,256,258,3,0,255,255,56097,1,0,0,1,3
2020-09-23,US,West Virginia,Marshall,163,1,0,39.86064362,-80.66591062,54051.0,533.8835937244113,0.6134969325153374,162,160,1,0,159,159,30785,3,0,0,3,1
2020-09-23,US,West Virginia,Mason,138,5,0,38.77071799,-82.02524219,54053.0,520.4404887615025,3.6231884057971016,133,138,5,0,133,136,26718,0,0,0,0,2
2020-09-23,US,West Virginia,McDowell,86,1,0,37.38002939,-81.65083669,54047.0,487.9709487063097,1.162790697674419,85,86,1,0,85,86,18223,0,0,0,0,0
2020-09-23,US,West Virginia,Mercer,404,27,0,37.40481169,-81.11023142,54055.0,687.5659484665917,6.683168316831683,377,404,27,0,377,401,59131,0,0,0,0,3
2020-09-23,US,West Virginia,Mineral,171,4,0,39.41561583,-78.94104895,54057.0,636.4448414470746,2.3391812865497075,167,165,4,0,161,164,26940,6,0,0,6,1
2020-09-23,US,West Virginia,Mingo,367,9,0,37.73048351,-82.13338365,54059.0,1566.76912568306,2.4523160762942777,358,366,9,0,357,356,23785,1,0,0,1,10
2020-09-23,US,West Virginia,Monongalia,1948,5,0,39.63218457,-80.04766838,54061.0,1844.4873688595992,0.2566735112936345,1943,1936,5,0,1931,1902,106420,12,0,0,12,34
2020-09-23,US,West Virginia,Monroe,148,7,0,37.56274716,-80.54577965,54063.0,1114.8775894538603,4.729729729729731,141,148,7,0,141,148,13280,0,0,0,0,0
2020-09-23,US,West Virginia,Morgan,53,0,0,39.55439028,-78.26311676,54065.0,296.3542831581302,0.0,53,53,0,0,53,52,17787,0,0,0,0,1
2020-09-23,US,West Virginia,Nicholas,96,3,0,38.29617706,-80.79759588,54067.0,391.90071848465055,3.125,93,92,3,0,89,88,24842,4,0,0,4,4
2020-09-23,US,West Virginia,Ohio,359,6,0,40.0955451,-80.62203992,54069.0,866.9194175460626,1.6713091922005572,353,358,6,0,352,356,41755,1,0,0,1,2
2020-09-23,US,West Virginia,Pendleton,52,1,0,38.68314479,-79.35084086,54071.0,746.161572679007,1.9230769230769231,51,52,1,0,51,52,6997,0,0,0,0,0
2020-09-23,US,West Virginia,Pleasants,17,2,0,39.37091679,-81.16771771,54073.0,227.8820375335121,11.764705882352944,15,17,2,0,15,17,7507,0,0,0,0,0
2020-09-23,US,West Virginia,Pocahontas,59,0,0,38.32758728,-80.00993811,54075.0,715.4116648478232,0.0,59,59,0,0,59,59,8414,0,0,0,0,0
2020-09-23,US,West Virginia,Preston,150,4,0,39.46770987,-79.66712803,54077.0,448.6719310839914,2.6666666666666665,146,149,4,0,145,149,33839,1,0,0,1,0
2020-09-23,US,West Virginia,Putnam,522,5,0,38.50782345,-81.9082131,54079.0,924.712134632418,0.9578544061302682,517,521,5,0,516,509,56682,1,0,0,1,12
2020-09-23,US,West Virginia,Raleigh,487,8,0,37.76936795,-81.2456041,54081.0,663.8404601900193,1.6427104722792607,479,479,8,0,471,473,74254,8,0,0,8,6
2020-09-23,US,West Virginia,Randolph,237,2,0,38.769899,-79.87919615,54083.0,825.9278619968636,0.8438818565400844,235,237,2,0,235,236,28823,0,0,0,0,1
2020-09-23,US,West Virginia,Ritchie,11,0,0,39.18094587,-81.06356878,54085.0,115.13502198032238,0.0,11,11,0,0,11,11,9721,0,0,0,0,0
2020-09-23,US,West Virginia,Roane,49,2,0,38.71622686,-81.35243568,54087.0,357.97779076563415,4.081632653061225,47,49,2,0,47,49,13932,0,0,0,0,0
2020-09-23,US,West Virginia,Summers,46,0,0,37.65390597,-80.86009693,54089.0,365.8633579893423,0.0,46,46,0,0,46,42,12760,0,0,0,0,4
2020-09-23,US,West Virginia,Taylor,120,6,0,39.33602617,-80.0421439,54091.0,718.7780772686432,5.0,114,119,6,0,113,117,16862,1,0,0,1,2
2020-09-23,US,West Virginia,Tucker,17,0,0,39.11240885,-79.57053576,54093.0,248.57435297558123,0.0,17,17,0,0,17,16,6955,0,0,0,0,1
2020-09-23,US,West Virginia,Tyler,15,0,0,39.46811972,-80.88772676,54095.0,174.60132697008495,0.0,15,15,0,0,15,15,8746,0,0,0,0,0
2020-09-23,US,West Virginia,Upshur,63,0,0,38.89285061,-80.23689136,54097.0,260.58901389808074,0.0,63,61,0,0,61,60,24415,2,0,0,2,1
2020-09-23,US,West Virginia,Wayne,367,11,0,38.14901357,-82.42287994,54099.0,931.4248007715345,2.9972752043596733,356,361,11,0,350,356,39944,6,0,0,6,5
2020-09-23,US,West Virginia,Webster,7,0,0,38.49370949,-80.4202023,54101.0,86.27064333251171,0.0,7,7,0,0,7,7,8285,0,0,0,0,0
2020-09-23,US,West Virginia,Wetzel,50,0,0,39.6065771,-80.64016540000001,54103.0,331.89512114171924,0.0,50,50,0,0,50,49,15270,0,0,0,0,1
2020-09-23,US,West Virginia,Wirt,12,0,0,39.02775007,-81.37473928,54105.0,206.15014602302008,0.0,12,12,0,0,12,10,5830,0,0,0,0,2
2020-09-23,US,West Virginia,Wood,354,6,0,39.20967886,-81.5162836,54107.0,423.86072463421067,1.6949152542372878,348,352,6,0,346,348,84203,2,0,0,2,4
2020-09-23,US,West Virginia,Wyoming,103,3,0,37.612327,-81.54511071,54109.0,505.0505050505049,2.9126213592233015,100,103,3,0,100,101,20786,0,0,0,0,2
2020-09-23,US,Wisconsin,Adams,214,4,0,43.96974651,-89.76782777,55001.0,1058.3580613254203,1.8691588785046729,210,209,4,0,205,205,20348,5,0,0,5,4
2020-09-23,US,Wisconsin,Ashland,74,2,0,46.31956891,-90.67837132,55003.0,475.517285695926,2.702702702702702,72,70,2,0,68,62,15600,4,0,0,4,8
2020-09-23,US,Wisconsin,Barron,425,4,0,45.42372701,-91.84833627,55005.0,939.3510741755812,0.9411764705882352,421,422,4,0,418,420,45164,3,0,0,3,2
2020-09-23,US,Wisconsin,Bayfield,89,1,0,46.52868768,-91.19716729,55007.0,591.9127427507317,1.1235955056179776,88,86,1,0,85,83,15042,3,0,0,3,3
2020-09-23,US,Wisconsin,Brown,8032,61,0,44.452655299999996,-88.00411844,55009.0,3036.1908506021728,0.7594621513944223,7971,7703,60,0,7643,7563,263378,329,1,0,328,140
2020-09-23,US,Wisconsin,Buffalo,128,2,0,44.37835084,-91.75332578,55011.0,982.2730412094237,1.5625,126,124,2,0,122,121,13125,4,0,0,4,3
2020-09-23,US,Wisconsin,Burnett,155,3,0,45.86303537,-92.36711412,55013.0,1005.5793434540027,1.935483870967742,152,140,3,0,137,124,15392,15,0,0,15,16
2020-09-23,US,Wisconsin,Calumet,942,2,0,44.0816316,-88.21780273,55015.0,1880.6524386591864,0.21231422505307854,940,921,2,0,919,894,50159,21,0,0,21,27
2020-09-23,US,Wisconsin,Chippewa,489,0,0,45.06939744,-91.28068855,55017.0,756.2869250518111,0.0,489,482,0,0,482,480,64135,7,0,0,7,2
2020-09-23,US,Wisconsin,Clark,347,8,0,44.73483377,-90.61207486,55019.0,997.8719733133952,2.3054755043227666,339,331,8,0,323,325,34709,16,0,0,16,6
2020-09-23,US,Wisconsin,Columbia,549,2,0,43.46492199,-89.33589004,55021.0,954.2515469651672,0.3642987249544625,547,531,2,0,529,514,57358,18,0,0,18,17
2020-09-23,US,Wisconsin,Crawford,147,0,0,43.23870316,-90.93073686,55023.0,911.2888227636228,0.0,147,141,0,0,141,141,16291,6,0,0,6,0
2020-09-23,US,Wisconsin,Dane,9040,41,0,43.06601594,-89.41733797,55025.0,1653.5728331153568,0.4535398230088496,8999,8947,41,0,8906,8895,542364,93,0,0,93,52
2020-09-23,US,Wisconsin,Dodge,1677,14,0,43.41576662,-88.70928178,55027.0,1909.174740149592,0.8348240906380441,1663,1653,10,0,1643,1626,87847,24,4,0,20,27
2020-09-23,US,Wisconsin,Door,264,3,0,44.95856458,-87.30002707,55029.0,954.1708833309241,1.1363636363636365,261,245,3,0,242,238,27610,19,0,0,19,7
2020-09-23,US,Wisconsin,Douglas,397,0,0,46.43222285,-91.91595768,55031.0,920.0463499420624,0.0,397,393,0,0,393,390,43208,4,0,0,4,3
2020-09-23,US,Wisconsin,Dunn,426,0,0,44.94562799,-91.8962481,55033.0,938.9878328337154,0.0,426,402,0,0,402,385,45131,24,0,0,24,17
2020-09-23,US,Wisconsin,Eau Claire,1703,6,0,44.726614,-91.28609183,55035.0,1627.3913957533014,0.35231943628890194,1697,1650,6,0,1644,1617,104534,53,0,0,53,33
2020-09-23,US,Wisconsin,Florence,73,1,0,45.84963535,-88.39804137,55037.0,1699.6507566938299,1.3698630136986298,72,69,1,0,68,69,4321,4,0,0,4,0
2020-09-23,US,Wisconsin,Fond du Lac,1840,13,0,43.75354908,-88.48885325,55039.0,1779.4454706343142,0.7065217391304348,1827,1799,13,0,1786,1785,103066,41,0,0,41,14
2020-09-23,US,Wisconsin,Forest,231,4,0,45.66678019,-88.77084892,55041.0,2565.5264326965794,1.7316017316017316,227,224,4,0,220,214,8991,7,0,0,7,10
2020-09-23,US,Wisconsin,Grant,873,19,0,42.8671731,-90.7063218,55043.0,1697.1558545072805,2.176403207331042,854,846,19,0,827,831,51554,27,0,0,27,15
2020-09-23,US,Wisconsin,Green,458,2,0,42.6794956,-89.60243287,55045.0,1239.1774891774894,0.4366812227074236,456,449,2,0,447,443,36929,9,0,0,9,6
2020-09-23,US,Wisconsin,Green Lake,215,0,0,43.80025981,-89.04679553,55047.0,1136.7842224924655,0.0,215,212,0,0,212,199,18918,3,0,0,3,13
2020-09-23,US,Wisconsin,Iowa,169,0,0,43.00050278,-90.13469017,55049.0,713.7427147563138,0.0,169,155,0,0,155,152,23771,14,0,0,14,3
2020-09-23,US,Wisconsin,Iron,137,1,0,46.26302338,-90.24295041,55051.0,2409.0029892737825,0.7299270072992701,136,137,1,0,136,136,5676,0,0,0,0,1
2020-09-23,US,Wisconsin,Jackson,115,1,0,44.31864893,-90.80566792,55053.0,557.0895703143923,0.8695652173913043,114,107,1,0,106,107,20478,8,0,0,8,0
2020-09-23,US,Wisconsin,Jefferson,1278,8,0,43.02054068,-88.77529134,55055.0,1507.6266087838715,0.6259780907668232,1270,1243,7,0,1236,1229,85129,35,1,0,34,14
2020-09-23,US,Wisconsin,Juneau,337,2,0,43.92456975,-90.11120239,55057.0,1262.787124817327,0.5934718100890207,335,331,2,0,329,328,26617,6,0,0,6,3
2020-09-23,US,Wisconsin,Kenosha,3334,65,0,42.57639354,-88.04051686,55059.0,1966.2540324720896,1.9496100779844032,3269,3308,65,0,3243,3299,169290,26,0,0,26,9
2020-09-23,US,Wisconsin,Kewaunee,428,2,0,44.51727459,-87.61468386,55061.0,2094.548301849858,0.4672897196261682,426,414,2,0,412,383,20383,14,0,0,14,31
2020-09-23,US,Wisconsin,La Crosse,2785,2,0,43.90632465,-91.11451093,55063.0,2359.849511930586,0.0718132854578097,2783,2698,2,0,2696,2622,118230,87,0,0,87,76
2020-09-23,US,Wisconsin,Lafayette,239,0,0,42.66005229,-90.1317729,55065.0,1434.1434143414347,0.0,239,225,0,0,225,219,16665,14,0,0,14,6
2020-09-23,US,Wisconsin,Langlade,142,2,0,45.26271619,-89.07483625,55067.0,740.0072958465787,1.4084507042253518,140,136,2,0,134,132,19268,6,0,0,6,4
2020-09-23,US,Wisconsin,Lincoln,169,1,0,45.33737523,-89.73411273,55069.0,612.4741782336098,0.591715976331361,168,159,1,0,158,143,27689,10,0,0,10,16
2020-09-23,US,Wisconsin,Manitowoc,918,3,0,44.11946801,-87.80928853,55071.0,1162.3048581304365,0.32679738562091504,915,905,2,0,903,882,79074,13,1,0,12,23
2020-09-23,US,Wisconsin,Marathon,1151,14,0,44.89792533,-89.75863384,55073.0,848.2445538425258,1.2163336229365769,1137,1112,14,0,1098,1081,135428,39,0,0,39,31
2020-09-23,US,Wisconsin,Marinette,783,7,0,45.38553432,-88.03324599999998,55075.0,1940.5204460966543,0.8939974457215837,776,768,7,0,761,750,40434,15,0,0,15,18
2020-09-23,US,Wisconsin,Marquette,207,1,0,43.81911946,-89.40073763,55077.0,1329.1383074354694,0.4830917874396135,206,202,1,0,201,195,15434,5,0,0,5,7
2020-09-23,US,Wisconsin,Menominee,58,0,0,45.00422544,-88.70950714,55078.0,1273.046532045654,0.0,58,55,0,0,55,49,4658,3,0,0,3,6
2020-09-23,US,Wisconsin,Milwaukee,27356,525,0,43.00486062,-87.96733172,55079.0,2892.592569095065,1.91914022517912,26831,27211,525,0,26686,26973,948201,145,0,0,145,238
2020-09-23,US,Wisconsin,Monroe,423,2,0,43.94641218,-90.61881899999999,55081.0,914.5352733876724,0.4728132387706856,421,408,2,0,406,399,46051,15,0,0,15,9
2020-09-23,US,Wisconsin,Oconto,729,4,0,45.02715345,-88.26807503,55083.0,1921.9615080411288,0.5486968449931413,725,703,4,0,699,685,37830,26,0,0,26,18
2020-09-23,US,Wisconsin,Oneida,366,2,0,45.70677897,-89.51944105,55085.0,1028.2343025705857,0.5464480874316939,364,356,2,0,354,341,35470,10,0,0,10,15
2020-09-23,US,Wisconsin,Outagamie,3793,28,0,44.41578887,-88.46565023,55087.0,2018.7880884583656,0.7382019509622991,3765,3698,28,0,3670,3583,187365,95,0,0,95,115
2020-09-23,US,Wisconsin,Ozaukee,1259,19,0,43.38352225,-87.94625009,55089.0,1411.1027672857288,1.5091342335186655,1240,1240,19,0,1221,1217,89147,19,0,0,19,23
2020-09-23,US,Wisconsin,Pepin,56,0,0,44.58307413,-91.99949611,55091.0,768.4918347742555,0.0,56,56,0,0,56,56,7289,0,0,0,0,0
2020-09-23,US,Wisconsin,Pierce,414,6,0,44.71850291,-92.4224416,55093.0,968.3304486129953,1.4492753623188406,408,408,6,0,402,396,42555,6,0,0,6,12
2020-09-23,US,Wisconsin,Polk,228,2,0,45.46130348,-92.44182875,55095.0,520.7500628097663,0.8771929824561403,226,224,2,0,222,220,43598,4,0,0,4,4
2020-09-23,US,Wisconsin,Portage,1270,4,0,44.47558711,-89.50152965,55097.0,1794.4949980218164,0.31496062992125984,1266,1244,4,0,1240,1218,70942,26,0,0,26,26
2020-09-23,US,Wisconsin,Price,57,0,0,45.68051754,-90.36098879999999,55099.0,426.9343120365516,0.0,57,55,0,0,55,51,13397,2,0,0,2,4
2020-09-23,US,Wisconsin,Racine,4585,94,0,42.74753117,-88.05941254,55101.0,2335.579768836184,2.050163576881134,4491,4559,94,0,4465,4512,196584,26,0,0,26,47
2020-09-23,US,Wisconsin,Richland,95,4,0,43.3762778,-90.43012729,55103.0,550.6607929515418,4.2105263157894735,91,93,4,0,89,92,17377,2,0,0,2,1
2020-09-23,US,Wisconsin,Rock,2327,32,0,42.67151616,-89.07147900000002,55105.0,1424.5136329688894,1.3751611516974644,2295,2287,32,0,2255,2268,163129,40,0,0,40,19
2020-09-23,US,Wisconsin,Rusk,52,1,0,45.47498854,-91.1333012,55107.0,366.76541120045135,1.9230769230769231,51,52,1,0,51,50,14147,0,0,0,0,2
2020-09-23,US,Wisconsin,Sauk,832,3,0,43.42574087,-89.94966132,55111.0,1291.0834548896682,0.3605769230769231,829,822,3,0,819,806,64249,10,0,0,10,16
2020-09-23,US,Wisconsin,Sawyer,196,1,0,45.87931905,-91.14504927,55113.0,1183.7178403188789,0.5102040816326531,195,196,1,0,195,195,16489,0,0,0,0,1
2020-09-23,US,Wisconsin,Shawano,643,1,0,44.78902246,-88.76443896,55115.0,1572.1655786205042,0.15552099533437014,642,606,1,0,605,588,40796,37,0,0,37,18
2020-09-23,US,Wisconsin,Sheboygan,1501,15,0,43.72099677,-87.94579284,55117.0,1301.3698630136987,0.9993337774816788,1486,1492,15,0,1477,1454,115456,9,0,0,9,38
2020-09-23,US,Wisconsin,St. Croix,859,8,0,45.03437474,-92.45000068,55109.0,947.2140439092703,0.9313154831199068,851,840,8,0,832,833,89694,19,0,0,19,7
2020-09-23,US,Wisconsin,Taylor,157,3,0,45.21179252,-90.5004405,55119.0,771.764243228629,1.9108280254777068,154,156,3,0,153,151,20412,1,0,0,1,5
2020-09-23,US,Wisconsin,Trempealeau,580,2,0,44.30360275,-91.35893614,55121.0,1956.2211204425107,0.3448275862068966,578,569,2,0,567,536,29442,11,0,0,11,33
2020-09-23,US,Wisconsin,Vernon,186,0,0,43.59422667,-90.8324691,55123.0,603.4650574265136,0.0,186,183,0,0,183,180,30785,3,0,0,3,3
2020-09-23,US,Wisconsin,Vilas,177,1,0,46.05467334,-89.51719204,55125.0,797.4769092137869,0.5649717514124294,176,174,1,0,173,172,21938,3,0,0,3,2
2020-09-23,US,Wisconsin,Walworth,2503,34,0,42.66858202,-88.54163073,55127.0,2409.789348018639,1.3583699560527367,2469,2484,34,0,2450,2458,103718,19,0,0,19,26
2020-09-23,US,Wisconsin,Washburn,95,1,0,45.89838588,-91.79050449,55129.0,604.3256997455471,1.0526315789473684,94,94,1,0,93,92,15878,1,0,0,1,2
2020-09-23,US,Wisconsin,Washington,2380,32,0,43.36863664,-88.22974712,55131.0,1749.562609347663,1.3445378151260503,2348,2324,32,0,2292,2268,135693,56,0,0,56,56
2020-09-23,US,Wisconsin,Waukesha,6838,86,0,43.01833055,-88.30431188,55133.0,1691.7451348101672,1.2576776835331969,6752,6763,85,0,6678,6664,403072,75,1,0,74,99
2020-09-23,US,Wisconsin,Waupaca,942,19,0,44.47068056,-88.96534501,55135.0,1847.4210629535205,2.0169851380042463,923,934,19,0,915,920,51128,8,0,0,8,14
2020-09-23,US,Wisconsin,Waushara,289,2,0,44.11324419,-89.24317107,55137.0,1182.3425929714028,0.6920415224913494,287,284,2,0,282,275,24263,5,0,0,5,9
2020-09-23,US,Wisconsin,Winnebago,2988,23,0,44.06886922,-88.64477096,55139.0,1738.1491155101305,0.7697456492637216,2965,2944,23,0,2921,2822,171020,44,0,0,44,122
2020-09-23,US,Wisconsin,Wood,718,4,0,44.45537896,-90.04158336,55141.0,983.5751174673628,0.5571030640668524,714,707,4,0,703,692,73055,11,0,0,11,15
2020-09-23,US,Wyoming,Albany,426,0,0,41.65498705,-105.72354150000001,56001.0,1095.679012345679,0.0,426,397,0,0,397,385,38601,29,0,0,29,12
2020-09-23,US,Wyoming,Big Horn,52,2,0,44.52405055,-107.9960365,56003.0,441.05173876166236,3.8461538461538463,50,51,1,0,50,51,11881,1,1,0,0,0
2020-09-23,US,Wyoming,Campbell,270,1,0,44.24886082,-105.54744040000001,56005.0,582.6374053214216,0.3703703703703704,269,254,1,0,253,250,46140,16,0,0,16,4
2020-09-23,US,Wyoming,Carbon,221,2,0,41.69357844,-106.9326084,56007.0,1493.2432432432431,0.9049773755656108,219,217,2,0,215,216,14971,4,0,0,4,1
2020-09-23,US,Wyoming,Converse,110,0,0,42.97272268,-105.5081848,56009.0,795.8327304297496,0.0,110,106,0,0,106,100,13640,4,0,0,4,6
2020-09-23,US,Wyoming,Crook,38,0,0,44.58855102,-104.56977049999999,56011.0,501.0548523206752,0.0,38,35,0,0,35,34,7450,3,0,0,3,1
2020-09-23,US,Wyoming,Fremont,686,14,0,43.04183996,-108.6296893,56013.0,1747.2810167851044,2.0408163265306123,672,674,14,0,660,666,39531,12,0,0,12,8
2020-09-23,US,Wyoming,Goshen,81,2,0,42.08798185,-104.3534743,56015.0,613.1254257815457,2.469135802469136,79,80,2,0,78,80,13376,1,0,0,1,0
2020-09-23,US,Wyoming,Hot Springs,37,0,0,43.71930657,-108.44231740000001,56017.0,838.4319057330614,0.0,37,37,0,0,37,37,4555,0,0,0,0,0
2020-09-23,US,Wyoming,Johnson,30,1,0,44.04057166,-106.58451740000001,56019.0,355.23978685612775,3.333333333333333,29,30,1,0,29,30,8460,0,0,0,0,0
2020-09-23,US,Wyoming,Laramie,661,4,0,41.30702520000001,-104.6887497,56021.0,664.321608040201,0.6051437216338881,657,654,4,0,650,652,98976,7,0,0,7,2
2020-09-23,US,Wyoming,Lincoln,160,1,0,42.26376367,-110.6563997,56023.0,806.8582955118508,0.625,159,144,1,0,143,142,19434,16,0,0,16,2
2020-09-23,US,Wyoming,Natrona,485,4,0,42.96180148,-106.79788500000001,56025.0,607.3280072128027,0.8247422680412371,481,463,4,0,459,451,79115,22,0,0,22,12
2020-09-23,US,Wyoming,Niobrara,3,0,0,43.05607708,-104.47588959999999,56027.0,127.33446519524618,0.0,3,3,0,0,3,3,2388,0,0,0,0,0
2020-09-23,US,Wyoming,Park,214,2,0,44.52157546,-109.58528249999999,56029.0,733.0273343837773,0.9345794392523364,212,210,2,0,208,205,29324,4,0,0,4,5
2020-09-23,US,Wyoming,Platte,23,1,0,42.13299116,-104.96633100000001,56031.0,274.0378887167878,4.3478260869565215,22,21,1,0,20,20,8566,2,0,0,2,1
2020-09-23,US,Wyoming,Sheridan,262,4,0,44.79048913,-106.8862389,56033.0,859.4390683942923,1.5267175572519085,258,254,4,0,250,253,30233,8,0,0,8,1
2020-09-23,US,Wyoming,Sublette,87,1,0,42.76558279,-109.91309220000001,56035.0,884.9557522123894,1.1494252873563218,86,79,1,0,78,71,9813,8,0,0,8,8
2020-09-23,US,Wyoming,Sweetwater,326,2,0,41.65943896,-108.8827882,56037.0,769.90293555015,0.6134969325153374,324,323,2,0,321,323,43051,3,0,0,3,0
2020-09-23,US,Wyoming,Teton,517,1,0,43.93522482,-110.5890801,56039.0,2203.375383566314,0.1934235976789168,516,506,1,0,505,504,23081,11,0,0,11,2
2020-09-23,US,Wyoming,Uinta,342,2,0,41.2878183,-110.54757820000002,56041.0,1690.8929101156928,0.5847953216374269,340,339,2,0,337,335,20299,3,0,0,3,4
2020-09-23,US,Wyoming,Washakie,113,6,0,43.90451606,-107.68018700000002,56043.0,1447.789878283152,5.3097345132743365,107,113,6,0,107,113,7885,0,0,0,0,0
2020-09-23,US,Wyoming,Weston,25,0,0,43.83961191,-104.56748809999999,56045.0,360.9065973726,0.0,25,26,0,0,26,23,6967,-1,0,0,-1,3
