Date,Country/Region,Province/State,Admin2,Confirmed,Deaths,Recovered,Latitude,Longitude,FIPS,Incidence_Rate,Case-Fatality_Ratio,Active Cases,Previous Confirmed,Previous Deaths,Previous Recovered,Previous Active,Prev2 Confirmed,Population,Daily Confirmed,Daily Deaths,Daily Recovered,Daily Active,Previous Daily Confirmed
2020-08-17,US,Alabama,Autauga,1219,22,0,32.53952745,-86.64408227,1001.0,2181.8897778732394,1.804757998359311,1197,1218,22,0,1196,1206,55601,1,0,0,1,12
2020-08-17,US,Alabama,Baldwin,3888,29,0,30.72774991,-87.72207058,1003.0,1741.670175690083,0.7458847736625515,3859,3877,29,0,3848,3839,218022,11,0,0,11,38
2020-08-17,US,Alabama,Barbour,605,6,0,31.868263,-85.3871286,1005.0,2450.781819654865,0.9917355371900828,599,604,6,0,598,598,24881,1,0,0,1,6
2020-08-17,US,Alabama,Bibb,474,5,0,32.99642064,-87.12511459999996,1007.0,2116.6383852817717,1.0548523206751057,469,469,5,0,464,469,22400,5,0,0,5,0
2020-08-17,US,Alabama,Blount,863,5,0,33.98210918,-86.56790593,1009.0,1492.4082592605405,0.5793742757821553,858,860,5,0,855,854,57840,3,0,0,3,6
2020-08-17,US,Alabama,Bullock,496,13,0,32.10030533,-85.71265535,1011.0,4910.40491040491,2.620967741935484,483,496,11,0,485,495,10138,0,2,0,-2,1
2020-08-17,US,Alabama,Butler,795,36,0,31.75300095,-86.68057478,1013.0,4087.823940765117,4.528301886792453,759,792,36,0,756,788,19680,3,0,0,3,4
2020-08-17,US,Alabama,Calhoun,1936,21,0,33.77483727,-85.82630386,1015.0,1704.1503454953568,1.084710743801653,1915,1919,19,0,1900,1903,114277,17,2,0,15,16
2020-08-17,US,Alabama,Chambers,855,38,0,32.91360079,-85.39072749,1017.0,2571.1192638479583,4.4444444444444455,817,854,38,0,816,854,33615,1,0,0,1,0
2020-08-17,US,Alabama,Cherokee,306,8,0,34.17805983,-85.60638968,1019.0,1168.117269812185,2.6143790849673203,298,302,8,0,294,299,26032,4,0,0,4,3
2020-08-17,US,Alabama,Chilton,864,9,0,32.85044126,-86.7173256,1021.0,1944.7195462321051,1.0416666666666667,855,859,9,0,850,857,44153,5,0,0,5,2
2020-08-17,US,Alabama,Choctaw,296,12,0,32.02227341,-88.26564429999998,1023.0,2351.2590356660576,4.0540540540540535,284,293,12,0,281,292,12841,3,0,0,3,1
2020-08-17,US,Alabama,Clarke,835,10,0,31.68099859,-87.83548597,1025.0,3534.8404030141387,1.1976047904191616,825,833,10,0,823,835,23920,2,0,0,2,-2
2020-08-17,US,Alabama,Clay,304,5,0,33.26984193,-85.85836077,1027.0,2296.939931998489,1.6447368421052633,299,301,5,0,296,296,13275,3,0,0,3,5
2020-08-17,US,Alabama,Cleburne,134,1,0,33.67679204,-85.52005899,1029.0,898.7256874580818,0.746268656716418,133,133,1,0,132,132,14987,1,0,0,1,1
2020-08-17,US,Alabama,Coffee,816,6,0,31.39932826,-85.98901039,1031.0,1558.9774941729395,0.7352941176470589,810,812,6,0,806,805,51909,4,0,0,4,7
2020-08-17,US,Alabama,Colbert,1276,18,0,34.69847452,-87.80168544,1033.0,2309.878532249597,1.4106583072100314,1258,1272,18,0,1254,1265,54762,4,0,0,4,7
2020-08-17,US,Alabama,Conecuh,403,10,0,31.43401703,-86.99320044,1035.0,3339.6867489848346,2.481389578163772,393,403,10,0,393,402,12277,0,0,0,0,1
2020-08-17,US,Alabama,Coosa,106,3,0,32.93690146,-86.24847739,1037.0,994.091719028416,2.830188679245283,103,106,3,0,103,106,10715,0,0,0,0,0
2020-08-17,US,Alabama,Covington,775,22,0,31.247785399999998,-86.45050893,1039.0,2091.824340737942,2.838709677419355,753,773,21,0,752,771,36986,2,1,0,1,2
2020-08-17,US,Alabama,Crenshaw,350,9,0,31.72941803,-86.31593104,1041.0,2541.388324135928,2.571428571428572,341,349,8,0,341,347,13824,1,1,0,0,2
2020-08-17,US,Alabama,Cullman,1284,12,0,34.13020303,-86.86888037,1043.0,1532.8048896953492,0.9345794392523364,1272,1274,12,0,1262,1258,83442,10,0,0,10,16
2020-08-17,US,Alabama,Dale,885,30,0,31.43037123,-85.61095742,1045.0,1799.8047669405353,3.3898305084745757,855,879,29,0,850,871,48956,6,1,0,5,8
2020-08-17,US,Alabama,Dallas,1365,25,0,32.32688101,-87.10866709999998,1047.0,3669.749435423164,1.8315018315018317,1340,1363,25,0,1338,1363,38310,2,0,0,2,0
2020-08-17,US,Alabama,DeKalb,1899,14,0,34.45946862,-85.80782906,1049.0,2655.4612448086364,0.7372301211163771,1885,1896,14,0,1882,1893,71385,3,0,0,3,3
2020-08-17,US,Alabama,Elmore,1826,39,0,32.59785413,-86.14415284,1051.0,2248.519252792178,2.135815991237678,1787,1826,39,0,1787,1800,81887,0,0,0,0,26
2020-08-17,US,Alabama,Escambia,1114,17,0,31.1256789,-87.15918694,1053.0,3040.9739852045973,1.526032315978456,1097,1113,17,0,1096,1104,36748,1,0,0,1,9
2020-08-17,US,Alabama,Etowah,2292,35,0,34.04567266,-86.04051873,1055.0,2241.170258536394,1.5270506108202444,2257,2263,34,0,2229,2228,102501,29,1,0,28,35
2020-08-17,US,Alabama,Fayette,246,5,0,33.72076938,-87.73886638,1057.0,1509.0172984909827,2.0325203252032518,241,241,5,0,236,237,16433,5,0,0,5,4
2020-08-17,US,Alabama,Franklin,1360,22,0,34.44235334,-87.84289505,1059.0,4336.458134047573,1.6176470588235294,1338,1351,22,0,1329,1325,31363,9,0,0,9,26
2020-08-17,US,Alabama,Geneva,287,2,0,31.09389027,-85.83572839,1061.0,1092.4593658406613,0.6968641114982579,285,283,2,0,281,278,26314,4,0,0,4,5
2020-08-17,US,Alabama,Greene,258,13,0,32.85504247,-87.95684022,1063.0,3180.8654913081,5.038759689922482,245,258,11,0,247,257,8233,0,2,0,-2,1
2020-08-17,US,Alabama,Hale,497,26,0,32.76039258,-87.63284988,1065.0,3392.259913999045,5.231388329979879,471,495,26,0,469,495,14726,2,0,0,2,0
2020-08-17,US,Alabama,Henry,277,3,0,31.51148016,-85.24267944,1067.0,1609.9970938680615,1.083032490974729,274,275,3,0,272,274,17209,2,0,0,2,1
2020-08-17,US,Alabama,Houston,1532,13,0,31.15197924,-85.29939599,1069.0,1446.8937118679285,0.8485639686684073,1519,1519,13,0,1506,1510,104722,13,0,0,13,9
2020-08-17,US,Alabama,Jackson,1130,5,0,34.78144169,-85.99750489,1071.0,2188.8195870297914,0.4424778761061947,1125,1124,5,0,1119,1120,51736,6,0,0,6,4
2020-08-17,US,Alabama,Jefferson,14059,262,0,33.55554728,-86.89506300000002,1073.0,2134.767140468862,1.8635749342058467,13797,13988,262,0,13726,13905,659300,71,0,0,71,83
2020-08-17,US,Alabama,Lamar,245,2,0,33.77995024,-88.09668032,1075.0,1774.7193045997824,0.8163265306122449,243,240,2,0,238,239,13844,5,0,0,5,1
2020-08-17,US,Alabama,Lauderdale,1240,21,0,34.90171875,-87.65624729,1077.0,1337.2299927746444,1.6935483870967742,1219,1238,20,0,1218,1231,92387,2,1,0,1,7
2020-08-17,US,Alabama,Lawrence,370,3,0,34.52041498,-87.31069453,1079.0,1123.8002672822258,0.8108108108108109,367,370,3,0,367,367,32957,0,0,0,0,3
2020-08-17,US,Alabama,Lee,2779,47,0,32.60154883,-85.35132246,1081.0,1688.9304858334042,1.6912558474271318,2732,2776,47,0,2729,2760,163941,3,0,0,3,16
2020-08-17,US,Alabama,Limestone,1455,13,0,34.81185586,-86.98310072,1083.0,1470.9599150786025,0.8934707903780069,1442,1449,13,0,1436,1432,96174,6,0,0,6,17
2020-08-17,US,Alabama,Lowndes,580,24,0,32.1597283,-86.65158371,1085.0,5963.397079991772,4.137931034482759,556,578,24,0,554,577,9974,2,0,0,2,1
2020-08-17,US,Alabama,Macon,346,15,0,32.38759944,-85.69267724,1087.0,1914.987823776843,4.335260115606936,331,346,15,0,331,345,18439,0,0,0,0,1
2020-08-17,US,Alabama,Madison,5735,37,0,34.76327133,-86.55069633,1089.0,1537.9087123131915,0.6451612903225806,5698,5687,35,0,5652,5661,366519,48,2,0,46,26
2020-08-17,US,Alabama,Marengo,591,17,0,32.24767634,-87.78796182,1091.0,3133.117743731114,2.8764805414551606,574,585,17,0,568,583,19066,6,0,0,6,2
2020-08-17,US,Alabama,Marion,608,27,0,34.13697363,-87.88704173,1093.0,2046.5178902016225,4.440789473684211,581,606,26,0,580,600,29763,2,1,0,1,6
2020-08-17,US,Alabama,Marshall,3253,38,0,34.36975964,-86.30486727,1095.0,3361.4400562134456,1.168152474638795,3215,3233,38,0,3195,3227,96109,20,0,0,20,6
2020-08-17,US,Alabama,Mobile,11074,228,0,30.78472347,-88.20842409,1097.0,2679.9932237845164,2.0588766480043343,10846,11022,227,0,10795,10961,413757,52,1,0,51,61
2020-08-17,US,Alabama,Monroe,432,6,0,31.56729412,-87.36995001,1099.0,2083.6347851251626,1.3888888888888888,426,432,6,0,426,432,21067,0,0,0,0,0
2020-08-17,US,Alabama,Montgomery,7165,153,0,32.2206831,-86.20969272,1101.0,3163.5509479614634,2.135380321004885,7012,7152,153,0,6999,7069,225763,13,0,0,13,83
2020-08-17,US,Alabama,Morgan,2515,21,0,34.45500589,-86.85475946,1103.0,2101.454724721965,0.8349900596421471,2494,2502,20,0,2482,2488,119089,13,1,0,12,14
2020-08-17,US,Alabama,Perry,457,4,0,32.64048341,-87.29770589,1105.0,5121.595875826516,0.8752735229759301,453,456,4,0,452,455,9140,1,0,0,1,1
2020-08-17,US,Alabama,Pickens,440,10,0,33.28094866,-88.08818103,1107.0,2207.727044656297,2.272727272727273,430,436,10,0,426,434,19938,4,0,0,4,2
2020-08-17,US,Alabama,Pike,725,7,0,31.80396383,-85.9408295,1109.0,2189.406293410642,0.9655172413793104,718,723,7,0,716,722,33338,2,0,0,2,1
2020-08-17,US,Alabama,Randolph,409,11,0,33.29526734,-85.45708831,1111.0,1800.0176040841477,2.6894865525672373,398,409,11,0,398,409,22725,0,0,0,0,0
2020-08-17,US,Alabama,Russell,1410,2,0,32.28725256,-85.18415324,1113.0,2432.670243784614,0.14184397163120568,1408,1407,2,0,1405,1405,57781,3,0,0,3,2
2020-08-17,US,Alabama,Shelby,3517,38,0,33.26879845,-86.66232561,1117.0,1615.5111115194165,1.0804663065112312,3479,3495,37,0,3458,3466,215707,22,1,0,21,29
2020-08-17,US,Alabama,St. Clair,1419,22,0,33.71902176,-86.31029372,1115.0,1585.2623111984985,1.5503875968992251,1397,1412,20,0,1392,1395,88690,7,2,0,5,17
2020-08-17,US,Alabama,Sumter,378,19,0,32.59117397,-88.19916205,1119.0,3041.7639011829083,5.026455026455026,359,374,19,0,355,373,12691,4,0,0,4,1
2020-08-17,US,Alabama,Talladega,1144,15,0,33.37823223,-86.16886178,1121.0,1430.3933581734975,1.3111888111888113,1129,1133,14,0,1119,1122,79828,11,1,0,10,11
2020-08-17,US,Alabama,Tallapoosa,889,79,0,32.86698258,-85.79833053,1123.0,2202.2939529813957,8.88638920134983,810,887,79,0,808,887,40497,2,0,0,2,0
2020-08-17,US,Alabama,Tuscaloosa,4484,85,0,33.28726072,-87.52556818,1125.0,2141.816531728404,1.895628902765388,4399,4449,80,0,4369,4411,208911,35,5,0,30,38
2020-08-17,US,Alabama,Unassigned,4409,70,0,0.0,0.0,90001.0,0.0,1.5876616012701292,4339,4354,68,0,4286,4223,,55,2,0,53,131
2020-08-17,US,Alabama,Walker,1628,66,0,33.80270512,-87.30027177,1127.0,2562.931943766628,4.0540540540540535,1562,1618,66,0,1552,1599,63711,10,0,0,10,19
2020-08-17,US,Alabama,Washington,467,13,0,31.4092794,-88.20689944,1129.0,2860.467965208869,2.78372591006424,454,465,13,0,452,464,16378,2,0,0,2,1
2020-08-17,US,Alabama,Wilcox,455,10,0,31.98773215,-87.30891118,1131.0,4386.387737395161,2.1978021978021984,445,449,10,0,439,448,10627,6,0,0,6,1
2020-08-17,US,Alabama,Winston,478,11,0,34.15030532,-87.37325922,1133.0,2022.9379152736044,2.301255230125523,467,477,11,0,466,464,23660,1,0,0,1,13
2020-08-17,US,Alaska,Aleutians East,2,0,0,55.32222414,-161.9722021,2013.0,59.93407252022774,0.0,2,2,0,0,2,2,3515,0,0,0,0,0
2020-08-17,US,Alaska,Aleutians West,5,0,0,52.3233,-174.1596,2016.0,88.74689385871494,0.0,5,5,0,0,5,5,5723,0,0,0,0,0
2020-08-17,US,Alaska,Anchorage,2497,15,0,61.14998174,-149.14269860000005,2020.0,867.0138888888887,0.6007208650380457,2482,2461,15,0,2446,2408,291538,36,0,0,36,53
2020-08-17,US,Alaska,Bethel,33,0,0,60.90980451,-159.8561831,2050.0,179.4843902969651,0.0,33,31,0,0,31,29,18216,2,0,0,2,2
2020-08-17,US,Alaska,Bristol Bay,11,0,0,58.74513976,-156.701064,2060.0,1315.7894736842104,0.0,11,11,0,0,11,11,877,0,0,0,0,0
2020-08-17,US,Alaska,Denali,1,0,0,63.67264044,-150.0076108,2068.0,47.687172150691474,0.0,1,1,0,0,1,1,2059,0,0,0,0,0
2020-08-17,US,Alaska,Dillingham,4,0,0,59.79603738,-158.23819419999995,2070.0,81.36696501220504,0.0,4,4,0,0,4,2,5000,0,0,0,0,2
2020-08-17,US,Alaska,Fairbanks North Star,495,6,0,64.80726247,-146.5692662,2090.0,511.1049159000093,1.2121212121212122,489,491,6,0,485,481,98971,4,0,0,4,10
2020-08-17,US,Alaska,Haines,5,0,0,59.09893571,-135.4679843,2100.0,197.6284584980237,0.0,5,5,0,0,5,5,2474,0,0,0,0,0
2020-08-17,US,Alaska,Juneau,148,1,0,58.45031811,-134.200436,2110.0,462.8760868205417,0.6756756756756757,147,147,1,0,146,142,32113,1,0,0,1,5
2020-08-17,US,Alaska,Kenai Peninsula,365,2,0,60.24429722,-151.53888840000005,2122.0,621.7210601621583,0.547945205479452,363,364,2,0,362,349,58533,1,0,0,1,15
2020-08-17,US,Alaska,Ketchikan Gateway,39,0,0,55.57445008,-130.975561,2130.0,280.55535572980364,0.0,39,39,0,0,39,39,13918,0,0,0,0,0
2020-08-17,US,Alaska,Kodiak Island,11,0,0,57.65529415,-153.7493579,2150.0,84.62840436990305,0.0,11,11,0,0,11,10,13345,0,0,0,0,1
2020-08-17,US,Alaska,Kusilvak,8,0,0,62.15429159999999,-163.39678830000003,2158.0,96.22323791195574,0.0,8,8,0,0,8,8,8303,0,0,0,0,0
2020-08-17,US,Alaska,Matanuska-Susitna,381,2,0,62.31305045,-149.5741743,2170.0,351.7453400666562,0.5249343832020997,379,379,2,0,377,372,107610,2,0,0,2,7
2020-08-17,US,Alaska,Nome,26,0,0,64.90320724,-164.0353804,2180.0,259.89604158336664,0.0,26,24,0,0,24,24,10008,2,0,0,2,0
2020-08-17,US,Alaska,North Slope,24,0,0,69.31479216,-153.4836093,2185.0,244.10089503661519,0.0,24,23,0,0,23,21,9872,1,0,0,1,2
2020-08-17,US,Alaska,Northwest Arctic,45,0,0,67.04919196,-159.7503946,2188.0,590.4736911166514,0.0,45,45,0,0,45,44,7671,0,0,0,0,1
2020-08-17,US,Alaska,Petersburg,7,1,0,57.13978948,-132.9540995,2195.0,214.32945499081444,14.285714285714285,6,7,1,0,6,7,3221,0,0,0,0,0
2020-08-17,US,Alaska,Prince of Wales-Hyder,15,0,0,55.76261984,-133.0511621,2198.0,241.8184749314848,0.0,15,15,0,0,15,13,6422,0,0,0,0,2
2020-08-17,US,Alaska,Sitka,31,0,0,57.24124555,-135.3206587,2220.0,365.006475921347,0.0,31,31,0,0,31,31,8647,0,0,0,0,0
2020-08-17,US,Alaska,Southeast Fairbanks,18,0,0,63.87692095,-143.2127643,2240.0,261.13448425939356,0.0,18,18,0,0,18,18,6918,0,0,0,0,0
2020-08-17,US,Alaska,Unassigned,1,0,0,0.0,0.0,90002.0,0.0,0.0,1,1,0,0,1,1,,0,0,0,0,0
2020-08-17,US,Alaska,Valdez-Cordova,62,0,0,61.47502768,-144.7126799,2261.0,673.7665724842426,0.0,62,62,0,0,62,59,9164,0,0,0,0,3
2020-08-17,US,Alaska,Wrangell,8,0,0,56.3202004,-132.05837309999998,2275.0,319.744204636291,0.0,8,8,0,0,8,8,2503,0,0,0,0,0
2020-08-17,US,Alaska,Yakutat,9,0,0,59.890980799999994,-140.36014509999998,2282.0,1554.4041450777206,0.0,9,9,0,0,9,9,604,0,0,0,0,0
2020-08-17,US,Alaska,Yukon-Koyukuk,58,1,0,65.50815459,-151.39073869999999,2290.0,1108.9866156787764,1.7241379310344829,57,57,1,0,56,57,5327,1,0,0,1,0
2020-08-17,US,Arizona,Apache,3241,142,0,35.39465006,-109.4892383,4001.0,4508.464673724039,4.381363776612156,3099,3241,142,0,3099,3241,71818,0,0,0,0,0
2020-08-17,US,Arizona,Cochise,1762,57,0,31.87934684,-109.7516088,4003.0,1399.2789186957004,3.2349602724177067,1705,1761,57,0,1704,1760,126770,1,0,0,1,1
2020-08-17,US,Arizona,Coconino,3188,120,0,35.83883429,-111.77071780000001,4005.0,2221.9744068694417,3.764115432873275,3068,3180,120,0,3060,3167,142854,8,0,0,8,13
2020-08-17,US,Arizona,Gila,1002,42,0,33.80190085,-110.8132779,4007.0,1854.9372431411755,4.1916167664670665,960,1002,42,0,960,998,53889,0,0,0,0,4
2020-08-17,US,Arizona,Graham,609,21,0,32.93166885,-109.8882178,4009.0,1568.0922831320647,3.4482758620689653,588,604,21,0,583,596,38072,5,0,0,5,8
2020-08-17,US,Arizona,Greenlee,57,1,0,33.21498827,-109.2405279,4011.0,600.1263423878711,1.7543859649122806,56,57,1,0,56,57,9483,0,0,0,0,0
2020-08-17,US,Arizona,La Paz,490,12,0,33.72854224,-113.98100290000001,4012.0,2321.394731855221,2.4489795918367347,478,490,12,0,478,490,21098,0,0,0,0,0
2020-08-17,US,Arizona,Maricopa,129562,2596,0,33.34835867,-112.49181540000001,4013.0,2888.518205900281,2.003673916734845,126966,129385,2596,0,126789,128865,4410824,177,0,0,177,520
2020-08-17,US,Arizona,Mohave,3368,184,0,35.70471703,-113.7577902,4015.0,1587.3240299555566,5.463182897862233,3184,3363,184,0,3179,3348,209550,5,0,0,5,15
2020-08-17,US,Arizona,Navajo,5455,208,0,35.3997715,-110.3218983,4017.0,4917.781544120297,3.813015582034831,5247,5452,208,0,5244,5451,110445,3,0,0,3,1
2020-08-17,US,Arizona,Pima,19743,531,0,32.0971334,-111.7890033,4019.0,1885.171000277863,2.6895608570126117,19212,19581,531,0,19050,19313,1039073,162,0,0,162,268
2020-08-17,US,Arizona,Pinal,8777,169,0,32.90525627,-111.3449483,4021.0,1896.5446456160366,1.9254870684744216,8608,8710,169,0,8541,8684,447138,67,0,0,67,26
2020-08-17,US,Arizona,Santa Cruz,2705,55,0,31.52508998,-110.8479088,4023.0,5817.454514172653,2.033271719038817,2650,2704,55,0,2649,2697,46511,1,0,0,1,7
2020-08-17,US,Arizona,Unassigned,0,1,0,0.0,0.0,90004.0,0.0,0.0,-1,0,1,0,-1,0,,0,0,0,0,0
2020-08-17,US,Arizona,Yavapai,2160,73,0,34.59933926,-112.5538588,4025.0,918.7618832917196,3.3796296296296298,2087,2146,73,0,2073,2134,231993,14,0,0,14,12
2020-08-17,US,Arizona,Yuma,11886,294,0,32.76895712,-113.90666740000002,4027.0,5559.7393667528895,2.4734982332155475,11592,11861,294,0,11567,11853,212128,25,0,0,25,8
2020-08-17,US,Arkansas,Arkansas,249,2,0,34.29145151,-91.37277296,5001.0,1423.9963399290866,0.8032128514056225,247,247,2,0,245,246,17769,2,0,0,2,1
2020-08-17,US,Arkansas,Ashley,363,6,0,33.19153461,-91.76984709999999,5003.0,1846.670397313934,1.6528925619834711,357,362,5,0,357,352,20046,1,1,0,0,10
2020-08-17,US,Arkansas,Baxter,89,0,0,36.28784385,-92.33782872,5005.0,212.24840217494992,0.0,89,86,0,0,86,81,41619,3,0,0,3,5
2020-08-17,US,Arkansas,Benton,4933,43,0,36.33644656,-94.25680817,5007.0,1767.2072536818314,0.8716805189539834,4890,4917,43,0,4874,4900,272608,16,0,0,16,17
2020-08-17,US,Arkansas,Boone,230,2,0,36.3084504,-93.09374925,5009.0,614.4475315238299,0.8695652173913043,228,230,2,0,228,225,37480,0,0,0,0,5
2020-08-17,US,Arkansas,Bradley,227,4,0,33.46755808,-92.15980837,5011.0,2109.077394778408,1.7621145374449338,223,221,4,0,217,218,10897,6,0,0,6,3
2020-08-17,US,Arkansas,Calhoun,16,0,0,33.55598792,-92.49974403,5013.0,308.3445750626325,0.0,16,16,0,0,16,16,5277,0,0,0,0,0
2020-08-17,US,Arkansas,Carroll,395,7,0,36.34038560000001,-93.54270261,5015.0,1391.8252290345313,1.7721518987341771,388,392,7,0,385,383,28223,3,0,0,3,9
2020-08-17,US,Arkansas,Chicot,925,9,0,33.26458973,-91.29539209,5017.0,9142.122949199449,0.972972972972973,916,921,9,0,912,919,10438,4,0,0,4,2
2020-08-17,US,Arkansas,Clark,192,2,0,34.04613432,-93.17484713,5019.0,860.2150537634409,1.0416666666666667,190,189,2,0,187,186,22061,3,0,0,3,3
2020-08-17,US,Arkansas,Clay,147,5,0,36.36826212,-90.4148172,5021.0,1010.23984605869,3.4013605442176873,142,146,4,0,142,145,14847,1,1,0,0,1
2020-08-17,US,Arkansas,Cleburne,228,5,0,35.53864922,-92.02640019,5023.0,914.964484931177,2.1929824561403506,223,225,5,0,220,220,24965,3,0,0,3,5
2020-08-17,US,Arkansas,Cleveland,121,2,0,33.89723187,-92.18537045,5025.0,1520.864756158874,1.6528925619834711,119,120,2,0,118,117,8018,1,0,0,1,3
2020-08-17,US,Arkansas,Columbia,244,12,0,33.21230701,-93.22642793,5027.0,1040.2012192522486,4.918032786885246,232,242,12,0,230,241,23537,2,0,0,2,1
2020-08-17,US,Arkansas,Conway,168,3,0,35.26205537,-92.70506566,5029.0,805.9100067159168,1.7857142857142858,165,162,3,0,159,162,20891,6,0,0,6,0
2020-08-17,US,Arkansas,Craighead,1498,14,0,35.83018283,-90.63235729,5031.0,1357.7203349889426,0.9345794392523364,1484,1482,13,0,1469,1473,108558,16,1,0,15,9
2020-08-17,US,Arkansas,Crawford,746,5,0,35.58928601,-94.2446814,5033.0,1179.3161231168092,0.6702412868632708,741,736,5,0,731,711,63406,10,0,0,10,25
2020-08-17,US,Arkansas,Crittenden,1493,24,0,35.21247318,-90.30839406,5035.0,3113.3354186216247,1.607501674480911,1469,1482,24,0,1458,1460,48342,11,0,0,11,22
2020-08-17,US,Arkansas,Cross,228,4,0,35.29631396,-90.77185818,5037.0,1388.6351178512698,1.7543859649122806,224,225,4,0,221,222,16676,3,0,0,3,3
2020-08-17,US,Arkansas,Dallas,68,2,0,33.97042763,-92.65167437,5039.0,970.18119560565,2.9411764705882355,66,68,2,0,66,68,7182,0,0,0,0,0
2020-08-17,US,Arkansas,Desha,211,2,0,33.83011025,-91.25500948,5041.0,1857.2308775635947,0.9478672985781992,209,210,2,0,208,210,11512,1,0,0,1,0
2020-08-17,US,Arkansas,Drew,270,3,0,33.59035001,-91.71777921,5043.0,1481.9693726329654,1.1111111111111112,267,260,3,0,257,254,18328,10,0,0,10,6
2020-08-17,US,Arkansas,Faulkner,1402,6,0,35.14719007,-92.33717519,5045.0,1112.6365995539932,0.42796005706134094,1396,1397,6,0,1391,1375,124806,5,0,0,5,22
2020-08-17,US,Arkansas,Franklin,141,2,0,35.51202821,-93.89299569,5047.0,795.9356477561389,1.4184397163120568,139,140,2,0,138,139,17810,1,0,0,1,1
2020-08-17,US,Arkansas,Fulton,49,0,0,36.38177105,-91.81729127,5049.0,392.7226096016671,0.0,49,48,0,0,48,47,12269,1,0,0,1,1
2020-08-17,US,Arkansas,Garland,1201,17,0,34.57692074,-93.14921604,5051.0,1208.4196969392067,1.4154870940882598,1184,1182,17,0,1165,1169,99154,19,0,0,19,13
2020-08-17,US,Arkansas,Grant,154,0,0,34.29017991,-92.42320562,5053.0,843.1426225020531,0.0,154,150,0,0,150,148,18188,4,0,0,4,2
2020-08-17,US,Arkansas,Greene,544,3,0,36.11735460000001,-90.55832668,5055.0,1200.2206287920576,0.5514705882352942,541,534,3,0,531,531,45325,10,0,0,10,3
2020-08-17,US,Arkansas,Hempstead,271,2,0,33.73325583,-93.66935133,5057.0,1258.5918632732678,0.7380073800738007,269,267,2,0,265,265,21741,4,0,0,4,2
2020-08-17,US,Arkansas,Hot Spring,1644,13,0,34.31709259,-92.95396325,5059.0,4868.082082259927,0.7907542579075426,1631,1643,13,0,1630,1621,33701,1,0,0,1,22
2020-08-17,US,Arkansas,Howard,376,4,0,34.09007427,-93.9934871,5061.0,2848.053325253749,1.0638297872340423,372,374,4,0,370,367,13341,2,0,0,2,7
2020-08-17,US,Arkansas,Independence,621,2,0,35.74242707,-91.57001641,5063.0,1641.7713152676804,0.322061191626409,619,614,2,0,612,604,37678,7,0,0,7,10
2020-08-17,US,Arkansas,Izard,61,0,0,36.09604046,-91.90847954,5065.0,447.5750238462104,0.0,61,61,0,0,61,62,13593,0,0,0,0,-1
2020-08-17,US,Arkansas,Jackson,124,1,0,35.59802983,-91.21494602,5067.0,741.671152580896,0.8064516129032258,123,124,1,0,123,124,16811,0,0,0,0,0
2020-08-17,US,Arkansas,Jefferson,1710,41,0,34.26767081,-91.92619839,5069.0,2558.9608523883635,2.3976608187134505,1669,1696,41,0,1655,1670,68114,14,0,0,14,26
2020-08-17,US,Arkansas,Johnson,695,2,0,35.56759135,-93.46036368,5071.0,2614.9446910979004,0.28776978417266186,693,691,2,0,689,687,26742,4,0,0,4,4
2020-08-17,US,Arkansas,Lafayette,61,2,0,33.24116713,-93.60677071,5073.0,920.8937198067633,3.278688524590164,59,59,2,0,57,59,6682,2,0,0,2,0
2020-08-17,US,Arkansas,Lawrence,231,9,0,36.04188196,-91.10867198,5075.0,1408.0214555650373,3.8961038961038965,222,230,9,0,221,229,16434,1,0,0,1,1
2020-08-17,US,Arkansas,Lee,979,8,0,34.78498904,-90.78383866,5077.0,11053.404087162695,0.8171603677221655,971,977,8,0,969,901,8985,2,0,0,2,76
2020-08-17,US,Arkansas,Lincoln,1348,12,0,33.95317155,-91.74002806,5079.0,10350.12285012285,0.8902077151335311,1336,1346,12,0,1334,1290,13383,2,0,0,2,56
2020-08-17,US,Arkansas,Little River,219,3,0,33.70375665,-94.23468591,5081.0,1786.4426135900155,1.3698630136986298,216,218,3,0,215,215,12326,1,0,0,1,3
2020-08-17,US,Arkansas,Logan,338,1,0,35.21413234,-93.71951016,5083.0,1574.5830615857635,0.2958579881656805,337,337,1,0,336,334,21737,1,0,0,1,3
2020-08-17,US,Arkansas,Lonoke,580,2,0,34.75392199,-91.88742357,5085.0,791.1716160362301,0.3448275862068966,578,573,2,0,571,564,73657,7,0,0,7,9
2020-08-17,US,Arkansas,Madison,279,2,0,36.01038185,-93.72524943,5087.0,1683.1563706563709,0.7168458781362007,277,278,2,0,276,277,16481,1,0,0,1,1
2020-08-17,US,Arkansas,Marion,34,0,0,36.26844485,-92.68451899,5089.0,203.6659877800407,0.0,34,33,0,0,33,33,16722,1,0,0,1,0
2020-08-17,US,Arkansas,Miller,538,5,0,33.31403423,-93.89285258,5091.0,1243.7293386041565,0.929368029739777,533,535,5,0,530,536,43592,3,0,0,3,-1
2020-08-17,US,Arkansas,Mississippi,1159,14,0,35.76271485,-90.05194370000002,5093.0,2851.0983739637395,1.207937877480587,1145,1154,14,0,1140,1133,41239,5,0,0,5,21
2020-08-17,US,Arkansas,Monroe,76,0,0,34.6815935,-91.20540287,5095.0,1134.1590807342188,0.0,76,76,0,0,76,73,6900,0,0,0,0,3
2020-08-17,US,Arkansas,Montgomery,44,1,0,34.53704874,-93.65824478,5097.0,489.6505675495215,2.272727272727273,43,43,1,0,42,42,8924,1,0,0,1,1
2020-08-17,US,Arkansas,Nevada,147,9,0,33.66340119,-93.30632432,5099.0,1781.3863305865243,6.1224489795918355,138,147,9,0,138,147,8326,0,0,0,0,0
2020-08-17,US,Arkansas,Newton,107,11,0,35.91947491,-93.21612969,5101.0,1380.110924803302,10.280373831775703,96,107,11,0,96,107,7805,0,0,0,0,0
2020-08-17,US,Arkansas,Ouachita,118,3,0,33.58839816,-92.87795984,5103.0,504.6617055854931,2.5423728813559316,115,118,3,0,115,113,23606,0,0,0,0,5
2020-08-17,US,Arkansas,Perry,55,0,0,34.945915299999996,-92.94372564,5105.0,526.0640841702535,0.0,55,55,0,0,55,55,10352,0,0,0,0,0
2020-08-17,US,Arkansas,Phillips,355,9,0,34.43268455,-90.84800154,5107.0,1996.4008547969852,2.5352112676056344,346,349,9,0,340,346,18029,6,0,0,6,3
2020-08-17,US,Arkansas,Pike,144,1,0,34.16250414,-93.65789349,5109.0,1343.5342414629595,0.6944444444444444,143,140,1,0,139,138,10673,4,0,0,4,2
2020-08-17,US,Arkansas,Poinsett,347,4,0,35.57433534,-90.66268713,5111.0,1474.8384903094186,1.1527377521613833,343,340,4,0,336,336,23974,7,0,0,7,4
2020-08-17,US,Arkansas,Polk,171,1,0,34.48254879,-94.22728802,5113.0,856.5417751953515,0.5847953216374269,170,161,1,0,160,159,20049,10,0,0,10,2
2020-08-17,US,Arkansas,Pope,1465,12,0,35.44871474,-93.03212219,5115.0,2286.490198526657,0.8191126279863481,1453,1449,12,0,1437,1426,64000,16,0,0,16,23
2020-08-17,US,Arkansas,Prairie,111,0,0,34.83624419,-91.55162157,5117.0,1376.8295708260978,0.0,111,109,0,0,109,108,8074,2,0,0,2,1
2020-08-17,US,Arkansas,Pulaski,6146,88,0,34.77054088,-92.31355101,5119.0,1568.2131912602606,1.4318255776114546,6058,6085,88,0,5997,6000,392680,61,0,0,61,85
2020-08-17,US,Arkansas,Randolph,265,11,0,36.3415714,-91.02455531,5121.0,1475.665441585923,4.150943396226415,254,260,11,0,249,255,17948,5,0,0,5,5
2020-08-17,US,Arkansas,Saline,1277,8,0,34.64916145,-92.67583224,5125.0,1042.9853720689007,0.6264682850430697,1269,1267,8,0,1259,1239,121421,10,0,0,10,28
2020-08-17,US,Arkansas,Scott,78,0,0,34.85588887,-94.0632176,5127.0,758.6810621534869,0.0,78,78,0,0,78,77,10319,0,0,0,0,1
2020-08-17,US,Arkansas,Searcy,34,0,0,35.9109364,-92.69936482,5129.0,431.4173328257836,0.0,34,34,0,0,34,34,7958,0,0,0,0,0
2020-08-17,US,Arkansas,Sebastian,2456,22,0,35.19605503,-94.27162713,5131.0,1921.346820311828,0.8957654723127035,2434,2435,22,0,2413,2401,127753,21,0,0,21,34
2020-08-17,US,Arkansas,Sevier,1067,11,0,33.99780401,-94.2424869,5133.0,6273.887222908214,1.0309278350515465,1056,1058,11,0,1047,1053,17139,9,0,0,9,5
2020-08-17,US,Arkansas,Sharp,128,5,0,36.16258158,-91.47819342,5135.0,733.8607957803005,3.90625,123,128,5,0,123,127,17366,0,0,0,0,1
2020-08-17,US,Arkansas,St. Francis,1243,3,0,35.02201976,-90.74828138,5123.0,4973.19356645595,0.2413515687851971,1240,1238,3,0,1235,1236,25439,5,0,0,5,2
2020-08-17,US,Arkansas,Stone,87,1,0,35.86251946,-92.15684085,5137.0,695.6660802814647,1.1494252873563218,86,86,1,0,85,84,12457,1,0,0,1,2
2020-08-17,US,Arkansas,Unassigned,774,0,0,0.0,0.0,90005.0,0.0,0.0,774,755,0,0,755,742,,19,0,0,19,13
2020-08-17,US,Arkansas,Union,561,20,0,33.16887091,-92.59746952,5139.0,1450.2869551729486,3.5650623885918,541,556,20,0,536,553,39126,5,0,0,5,3
2020-08-17,US,Arkansas,Van Buren,58,2,0,35.58095779,-92.51295036,5141.0,350.55908129344215,3.4482758620689653,56,55,2,0,53,54,16603,3,0,0,3,1
2020-08-17,US,Arkansas,Washington,6442,53,0,35.976844,-94.21800746,5143.0,2693.2901871757244,0.8227258615336852,6389,6430,53,0,6377,6400,236961,12,0,0,12,30
2020-08-17,US,Arkansas,White,408,3,0,35.25688493,-91.74908296,5145.0,518.0755018856424,0.7352941176470589,405,394,3,0,391,389,78727,14,0,0,14,5
2020-08-17,US,Arkansas,Woodruff,25,0,0,35.18902527,-91.2439489,5147.0,395.56962025316454,0.0,25,24,0,0,24,24,6490,1,0,0,1,0
2020-08-17,US,Arkansas,Yell,1088,18,0,35.00292371,-93.41171338,5149.0,5098.167845930369,1.6544117647058822,1070,1088,17,0,1071,1085,21535,0,1,0,-1,3
2020-08-17,US,California,Alameda,15123,221,0,37.64629437,-121.8929271,6001.0,904.8487760339227,1.4613502611915623,14902,14973,221,0,14752,14558,1666753,150,0,0,150,415
2020-08-17,US,California,Alpine,2,0,0,38.59678594,-119.82235940000001,6003.0,177.14791851195747,0.0,2,2,0,0,2,2,1101,0,0,0,0,0
2020-08-17,US,California,Amador,210,11,0,38.44583082,-120.65696000000001,6005.0,528.2753069027973,5.238095238095238,199,208,11,0,197,208,39383,2,0,0,2,0
2020-08-17,US,California,Butte,1370,12,0,39.66727762,-121.6005252,6007.0,625.0399204328744,0.8759124087591241,1358,1370,12,0,1358,1370,231256,0,0,0,0,0
2020-08-17,US,California,Calaveras,174,1,0,38.20537103,-120.55291299999999,6009.0,379.0436771593508,0.5747126436781609,173,174,1,0,173,174,45602,0,0,0,0,0
2020-08-17,US,California,Colusa,415,5,0,39.17881957,-122.2331726,6011.0,1926.0221840627466,1.2048192771084338,410,409,5,0,404,409,21627,6,0,0,6,0
2020-08-17,US,California,Contra Costa,11408,157,0,37.91923498,-121.9289527,6013.0,988.9677389152913,1.3762272089761571,11251,11228,157,0,11071,11013,1150215,180,0,0,180,215
2020-08-17,US,California,Del Norte,106,0,0,41.74228275,-123.89740630000001,6015.0,381.13044728894005,0.0,106,106,0,0,106,106,27828,0,0,0,0,0
2020-08-17,US,California,El Dorado,827,2,0,38.77965956,-120.5233166,6017.0,428.8462635408078,0.2418379685610641,825,827,2,0,825,827,190678,0,0,0,0,0
2020-08-17,US,California,Fresno,19900,203,0,36.75733899,-119.6466953,6019.0,1991.7906197671707,1.0201005025125631,19697,19900,203,0,19697,19157,994400,0,0,0,0,743
2020-08-17,US,California,Glenn,413,3,0,39.59875897,-122.3938452,6021.0,1454.5838763075405,0.7263922518159807,410,407,3,0,404,436,28047,6,0,0,6,-29
2020-08-17,US,California,Humboldt,309,4,0,40.69923009,-123.876044,6023.0,227.9467091577037,1.2944983818770226,305,309,4,0,305,309,136373,0,0,0,0,0
2020-08-17,US,California,Imperial,10145,257,0,33.0393082,-115.36690420000001,6025.0,5598.322434677041,2.5332676195170034,9888,10058,257,0,9801,10058,181827,87,0,0,87,0
2020-08-17,US,California,Inyo,127,5,0,36.51112084,-117.41119779999998,6027.0,704.0301568823105,3.9370078740157477,122,127,5,0,122,127,17987,0,0,0,0,0
2020-08-17,US,California,Kern,26788,204,0,35.34329425,-118.72777959999999,6029.0,2975.776547930353,0.7615350156786621,26584,26570,204,0,26366,26266,896764,218,0,0,218,304
2020-08-17,US,California,Kings,5514,66,0,36.07409056,-119.8159973,6031.0,3605.335425657121,1.1969532100108813,5448,5409,66,0,5343,5310,151366,105,0,0,105,99
2020-08-17,US,California,Lake,272,2,0,39.10124298,-122.75362439999999,6033.0,422.45208585717387,0.7352941176470589,270,268,2,0,266,268,64382,4,0,0,4,0
2020-08-17,US,California,Lassen,703,0,0,40.67311306,-120.59350990000002,6035.0,2299.4145160762764,0.0,703,703,0,0,703,695,30802,0,0,0,0,8
2020-08-17,US,California,Los Angeles,223230,5273,0,34.30828379,-118.22824109999999,6037.0,2223.604151245723,2.3621377055055324,217957,221971,5254,0,216717,220867,10105518,1259,19,0,1240,1104
2020-08-17,US,California,Madera,2924,47,0,37.21513971,-119.76655890000002,6039.0,1858.5493907593732,1.6073871409028728,2877,2924,47,0,2877,2924,157672,0,0,0,0,0
2020-08-17,US,California,Marin,5774,82,0,38.07122463,-122.72106310000001,6041.0,2230.8423419594633,1.4201593349497748,5692,5750,82,0,5668,5710,259666,24,0,0,24,40
2020-08-17,US,California,Mariposa,64,2,0,37.57978556,-119.9073334,6043.0,372.0281346276812,3.125,62,64,2,0,62,64,17471,0,0,0,0,0
2020-08-17,US,California,Mendocino,541,10,0,39.4381191,-123.39113130000001,6045.0,623.6383128335773,1.8484288354898335,531,537,10,0,527,529,87606,4,0,0,4,8
2020-08-17,US,California,Merced,6777,89,0,37.18922369,-120.72090349999999,6047.0,2440.579083837511,1.3132654566917514,6688,6777,89,0,6688,6777,274765,0,0,0,0,0
2020-08-17,US,California,Modoc,5,0,0,41.58965602,-120.7244817,6049.0,56.55468838366701,0.0,5,5,0,0,5,5,8777,0,0,0,0,0
2020-08-17,US,California,Mono,161,1,0,37.93899289,-118.8872409,6051.0,1114.6496815286623,0.6211180124223602,160,160,1,0,159,160,14250,1,0,0,1,0
2020-08-17,US,California,Monterey,6548,46,0,36.21862405,-121.24133970000001,6053.0,1508.5437300287285,0.7025045815516188,6502,6461,46,0,6415,6057,435594,87,0,0,87,404
2020-08-17,US,California,Napa,1245,13,0,38.50735751,-122.33283899999999,6055.0,903.8506214426762,1.0441767068273091,1232,1206,11,0,1195,1206,139417,39,2,0,37,0
2020-08-17,US,California,Nevada,373,2,0,39.30394768,-120.76272809999999,6057.0,373.91609443135684,0.5361930294906166,371,373,2,0,371,372,99696,0,0,0,0,1
2020-08-17,US,California,Orange,43925,810,0,33.70147516,-117.76459979999998,6059.0,1383.1631027190294,1.8440523619806488,43115,43709,810,0,42899,43367,3185968,216,0,0,216,342
2020-08-17,US,California,Placer,2625,28,0,39.06167234,-120.72405690000001,6061.0,659.002984969711,1.0666666666666669,2597,2582,28,0,2554,2582,393149,43,0,0,43,0
2020-08-17,US,California,Plumas,39,0,0,40.00355989,-120.8395236,6063.0,207.36959642686242,0.0,39,39,0,0,39,39,18804,0,0,0,0,0
2020-08-17,US,California,Riverside,45662,881,0,33.74314981,-115.9933578,6065.0,1848.255405890034,1.9293942446673384,44781,45662,881,0,44781,45662,2450758,0,0,0,0,0
2020-08-17,US,California,Sacramento,14326,218,0,38.45106826,-121.34253740000001,6067.0,923.0325155374347,1.5217087812369121,14108,13615,199,0,13416,13615,1540975,711,19,0,692,0
2020-08-17,US,California,San Benito,836,4,0,36.60308176,-121.069975,6069.0,1331.040631766654,0.4784688995215311,832,828,4,0,824,815,61537,8,0,0,8,13
2020-08-17,US,California,San Bernardino,41564,568,0,34.84060306,-116.1774685,6071.0,1906.5311673627405,1.3665672216341065,40996,41124,568,0,40556,40338,2171603,440,0,0,440,786
2020-08-17,US,California,San Diego,34678,626,0,33.03484597,-116.73653259999999,6073.0,1038.7828644861354,1.8051790760712845,34052,34344,626,0,33718,34065,3343364,334,0,0,334,279
2020-08-17,US,California,San Francisco,8346,69,0,37.75215114,-122.43856720000001,6075.0,946.742608748918,0.8267433501078361,8277,8292,69,0,8223,8157,883305,54,0,0,54,135
2020-08-17,US,California,San Joaquin,15008,269,0,37.93433732,-121.2730061,6077.0,1969.1713420490505,1.7923773987206824,14739,14651,261,0,14390,14651,752660,357,8,0,349,0
2020-08-17,US,California,San Luis Obispo,2562,19,0,35.38822029,-120.4039028,6079.0,904.945410104164,0.7416081186572991,2543,2439,18,0,2421,2439,284010,123,1,0,122,0
2020-08-17,US,California,San Mateo,7150,126,0,37.422880799999994,-122.32755459999998,6081.0,932.7226500281122,1.7622377622377623,7024,6952,126,0,6826,6952,769545,198,0,0,198,0
2020-08-17,US,California,Santa Barbara,7274,77,0,34.65329488,-120.0188492,6083.0,1629.118990188108,1.0585647511685454,7197,7274,77,0,7197,7274,446527,0,0,0,0,0
2020-08-17,US,California,Santa Clara,14429,209,0,37.23104908,-121.6970462,6085.0,748.4495697802529,1.448471827569478,14220,14207,209,0,13998,13865,1937570,222,0,0,222,342
2020-08-17,US,California,Santa Cruz,1454,7,0,37.05580291,-122.0066524,6087.0,532.1855109383521,0.4814305364511692,1447,1454,7,0,1447,1420,274255,0,0,0,0,34
2020-08-17,US,California,Shasta,488,10,0,40.76391419,-122.0396884,6089.0,270.990670812972,2.0491803278688523,478,488,10,0,478,488,180040,0,0,0,0,0
2020-08-17,US,California,Sierra,6,0,0,39.57713498,-120.52007009999998,6091.0,199.6672212978369,0.0,6,6,0,0,6,6,2987,0,0,0,0,0
2020-08-17,US,California,Siskiyou,113,0,0,41.59198861,-122.54074340000001,6093.0,259.5374262155769,0.0,113,111,0,0,111,111,43724,2,0,0,2,0
2020-08-17,US,California,Solano,4596,41,0,38.26827353,-121.9357113,6095.0,1026.7110174849154,0.8920800696257616,4555,4596,41,0,4555,4596,446610,0,0,0,0,0
2020-08-17,US,California,Sonoma,4377,57,0,38.52746429,-122.88625060000001,6097.0,885.4301527705852,1.3022618231665524,4320,4293,54,0,4239,4157,499942,84,3,0,81,136
2020-08-17,US,California,Stanislaus,12541,198,0,37.55862499,-120.9970722,6099.0,2277.4488795263865,1.5788214655928554,12343,12379,198,0,12181,11953,549815,162,0,0,162,426
2020-08-17,US,California,Sutter,1137,7,0,39.03417539,-121.6945899,6101.0,1172.515494323045,0.6156552330694811,1130,1094,7,0,1087,1091,96807,43,0,0,43,3
2020-08-17,US,California,Tehama,318,1,0,40.12570935,-122.23701709999999,6103.0,488.59934853420197,0.31446540880503143,317,318,1,0,317,318,63916,0,0,0,0,0
2020-08-17,US,California,Trinity,8,0,0,40.64917670000001,-123.114713,6105.0,65.12006512006512,0.0,8,8,0,0,8,8,12535,0,0,0,0,0
2020-08-17,US,California,Tulare,12451,206,0,36.22026558,-118.8020203,6107.0,2670.770814787804,1.6544855834872698,12245,12105,205,0,11900,12105,465861,346,1,0,345,0
2020-08-17,US,California,Tuolumne,160,2,0,38.02644018,-119.95250929999999,6109.0,293.6965380520577,1.25,158,160,2,0,158,160,54539,0,0,0,0,0
2020-08-17,US,California,Ventura,9090,95,0,34.44465746,-119.09106129999999,6111.0,1074.4604648193983,1.045104510451045,8995,9090,95,0,8995,9090,850967,0,0,0,0,0
2020-08-17,US,California,Yolo,2046,46,0,38.68278902,-121.90182879999999,6113.0,927.8911564625853,2.2482893450635384,2000,2019,46,0,1973,1966,220408,27,0,0,27,53
2020-08-17,US,California,Yuba,758,4,0,39.26255932,-121.35356440000001,6115.0,963.5429907967662,0.5277044854881267,754,758,4,0,754,740,78041,0,0,0,0,18
2020-08-17,US,Colorado,Adams,6848,184,0,39.87432092,-104.3362578,8001.0,1323.4870637256704,2.6869158878504678,6664,6816,184,0,6632,6771,511868,32,0,0,32,45
2020-08-17,US,Colorado,Alamosa,233,9,0,37.57250606,-105.7885451,8003.0,1435.3477484137252,3.862660944206009,224,233,9,0,224,233,16683,0,0,0,0,0
2020-08-17,US,Colorado,Arapahoe,7610,364,0,39.64977461,-104.3353617,8005.0,1159.0185656193362,4.783180026281209,7246,7594,364,0,7230,7547,651215,16,0,0,16,47
2020-08-17,US,Colorado,Archuleta,41,0,0,37.19474156,-107.04768670000001,8007.0,292.25176420272294,0.0,41,40,0,0,40,40,13765,1,0,0,1,0
2020-08-17,US,Colorado,Baca,15,0,0,37.31940883,-102.5603223,8009.0,418.8774085450991,0.0,15,15,0,0,15,15,3585,0,0,0,0,0
2020-08-17,US,Colorado,Bent,11,0,0,37.95474293,-103.0720195,8011.0,197.23865877712032,0.0,11,11,0,0,11,10,5882,0,0,0,0,1
2020-08-17,US,Colorado,Boulder,2141,77,0,40.09313619,-105.3546767,8013.0,656.3538486063594,3.596450256889304,2064,2136,77,0,2059,2131,326078,5,0,0,5,5
2020-08-17,US,Colorado,Broomfield,492,32,0,39.95998787,-105.0566324,8014.0,698.2189739587027,6.5040650406504055,460,489,32,0,457,489,69267,3,0,0,3,0
2020-08-17,US,Colorado,Chaffee,304,19,0,38.74745778,-106.19265729999998,8015.0,1493.4171742975045,6.25,285,304,19,0,285,304,20027,0,0,0,0,0
2020-08-17,US,Colorado,Cheyenne,9,0,0,38.82777431,-102.6032558,8017.0,491.53468050245766,0.0,9,9,0,0,9,9,1876,0,0,0,0,0
2020-08-17,US,Colorado,Clear Creek,31,1,0,39.68864463,-105.6463118,8019.0,319.5876288659793,3.2258064516129035,30,31,1,0,30,31,9605,0,0,0,0,0
2020-08-17,US,Colorado,Conejos,27,0,0,37.201606,-106.19174879999998,8021.0,329.0676416819013,0.0,27,27,0,0,27,27,8200,0,0,0,0,0
2020-08-17,US,Colorado,Costilla,24,0,0,37.27732493,-105.4276548,8023.0,617.4427579109854,0.0,24,24,0,0,24,24,3828,0,0,0,0,0
2020-08-17,US,Colorado,Crowley,73,1,0,38.32608609,-103.7844965,8025.0,1204.4217125886814,1.3698630136986298,72,73,1,0,72,73,5858,0,0,0,0,0
2020-08-17,US,Colorado,Custer,13,0,0,38.10883162,-105.3683478,8027.0,256.5114443567482,0.0,13,13,0,0,13,13,4954,0,0,0,0,0
2020-08-17,US,Colorado,Delta,133,1,0,38.86246243,-107.86313419999999,8029.0,426.801874077402,0.7518796992481203,132,133,1,0,132,132,30953,0,0,0,0,1
2020-08-17,US,Colorado,Denver,10607,420,0,39.76018276,-104.87256950000001,8031.0,1458.5862975120012,3.9596492882059016,10187,10572,420,0,10152,10508,716492,35,0,0,35,64
2020-08-17,US,Colorado,Dolores,2,0,0,37.75208676,-108.5211585,8033.0,97.32360097323601,0.0,2,1,0,0,1,1,2074,1,0,0,1,0
2020-08-17,US,Colorado,Douglas,1840,59,0,39.33133796,-104.930001,8035.0,523.9866269499992,3.2065217391304346,1781,1833,59,0,1774,1817,342776,7,0,0,7,16
2020-08-17,US,Colorado,Eagle,1154,9,0,39.62754308,-106.6933637,8037.0,2093.3480871442307,0.7798960138648181,1145,1152,9,0,1143,1148,54993,2,0,0,2,4
2020-08-17,US,Colorado,El Paso,5509,144,0,38.83240149,-104.5251411,8041.0,764.7108632251669,2.6139045198765656,5365,5478,144,0,5334,5438,713856,31,0,0,31,40
2020-08-17,US,Colorado,Elbert,111,2,0,39.28656773,-104.13587209999999,8039.0,415.27928467207914,1.8018018018018016,109,110,2,0,108,110,26282,1,0,0,1,0
2020-08-17,US,Colorado,Fremont,138,0,0,38.47362326,-105.43996670000001,8043.0,288.46756830201304,0.0,138,137,0,0,137,136,48021,1,0,0,1,1
2020-08-17,US,Colorado,Garfield,802,4,0,39.59921777,-107.902708,8045.0,1335.3091024125472,0.4987531172069826,798,797,4,0,793,792,59770,5,0,0,5,5
2020-08-17,US,Colorado,Gilpin,17,0,0,39.85646523,-105.5252597,8047.0,272.30498157936887,0.0,17,17,0,0,17,17,6121,0,0,0,0,0
2020-08-17,US,Colorado,Grand,54,1,0,40.10603347,-106.11780420000001,8049.0,343.2057963645608,1.851851851851852,53,54,1,0,53,54,15525,0,0,0,0,0
2020-08-17,US,Colorado,Gunnison,279,7,0,38.66611652,-107.0320729,8051.0,1597.7551254151874,2.508960573476702,272,279,7,0,272,279,17246,0,0,0,0,0
2020-08-17,US,Colorado,Hinsdale,3,0,0,37.82247444,-107.3004345,8053.0,365.8536585365854,0.0,3,3,0,0,3,3,811,0,0,0,0,0
2020-08-17,US,Colorado,Huerfano,8,1,0,37.68473101,-104.9612585,8055.0,115.99246049006815,12.5,7,8,1,0,7,8,6889,0,0,0,0,0
2020-08-17,US,Colorado,Jackson,9,0,0,40.66593870000001,-106.3408905,8057.0,646.5517241379309,0.0,9,9,0,0,9,9,1399,0,0,0,0,0
2020-08-17,US,Colorado,Jefferson,4429,235,0,39.58635604,-105.2517692,8059.0,759.8463494263838,5.305938135019192,4194,4414,235,0,4179,4377,580233,15,0,0,15,37
2020-08-17,US,Colorado,Kit Carson,70,3,0,39.30497777,-102.60221990000001,8063.0,986.3322530646753,4.285714285714286,67,70,3,0,67,70,7163,0,0,0,0,0
2020-08-17,US,Colorado,La Plata,233,2,0,37.28632032,-107.8429014,8067.0,414.4358869461589,0.8583690987124464,231,228,2,0,226,227,56310,5,0,0,5,1
2020-08-17,US,Colorado,Lake,79,0,0,39.20278823,-106.35556969999999,8065.0,972.0684139288793,0.0,79,79,0,0,79,79,7824,0,0,0,0,0
2020-08-17,US,Colorado,Larimer,1700,36,0,40.66671597,-105.4625784,8069.0,476.3252348703695,2.117647058823529,1664,1687,36,0,1651,1667,350518,13,0,0,13,20
2020-08-17,US,Colorado,Las Animas,18,0,0,37.3153406,-104.03764579999999,8071.0,124.08658486143663,0.0,18,18,0,0,18,18,14503,0,0,0,0,0
2020-08-17,US,Colorado,Lincoln,8,0,0,38.98749519,-103.51366490000001,8073.0,140.3262585511314,0.0,8,8,0,0,8,8,5610,0,0,0,0,0
2020-08-17,US,Colorado,Logan,658,5,0,40.7249637,-103.110817,8075.0,2936.320228479629,0.7598784194528876,653,658,5,0,653,655,21528,0,0,0,0,3
2020-08-17,US,Colorado,Mesa,368,5,0,39.01787888,-108.469799,8077.0,238.6356267427534,1.358695652173913,363,367,5,0,362,365,153207,1,0,0,1,2
2020-08-17,US,Colorado,Mineral,18,0,0,37.66954283,-106.92816979999999,8079.0,2340.702210663199,0.0,18,18,0,0,18,18,776,0,0,0,0,0
2020-08-17,US,Colorado,Moffat,32,1,0,40.61810999,-108.2070876,8081.0,240.9094331099902,3.125,31,32,1,0,31,32,13188,0,0,0,0,0
2020-08-17,US,Colorado,Montezuma,117,5,0,37.33859579,-108.59588570000001,8083.0,446.8548294695031,4.2735042735042725,112,115,5,0,110,113,26158,2,0,0,2,2
2020-08-17,US,Colorado,Montrose,323,13,0,38.40214114,-108.26390220000002,8085.0,755.4141914963283,4.0247678018575845,310,321,13,0,308,317,42214,2,0,0,2,4
2020-08-17,US,Colorado,Morgan,699,47,0,40.26279810000001,-103.8093302,8087.0,2404.706206137333,6.723891273247497,652,698,47,0,651,695,28558,1,0,0,1,3
2020-08-17,US,Colorado,Otero,78,6,0,37.9014485,-103.7173385,8089.0,426.7425320056898,7.6923076923076925,72,78,6,0,72,78,18432,0,0,0,0,0
2020-08-17,US,Colorado,Ouray,13,1,0,38.14717457,-107.7675136,8091.0,262.52019386106616,7.6923076923076925,12,13,1,0,12,13,4833,0,0,0,0,0
2020-08-17,US,Colorado,Park,42,1,0,39.120926000000004,-105.7182065,8093.0,222.870788007429,2.380952380952381,41,42,1,0,41,42,18556,0,0,0,0,0
2020-08-17,US,Colorado,Phillips,19,0,0,40.59414277,-102.3577703,8095.0,445.48651817116064,0.0,19,19,0,0,19,19,4286,0,0,0,0,0
2020-08-17,US,Colorado,Pitkin,190,2,0,39.21720112,-106.9310027,8097.0,1069.3983227331566,1.0526315789473684,188,191,2,0,189,191,17950,-1,0,0,-1,0
2020-08-17,US,Colorado,Prowers,69,0,0,37.95544985,-102.3926052,8099.0,566.8747946105817,0.0,69,69,0,0,69,62,12164,0,0,0,0,7
2020-08-17,US,Colorado,Pueblo,757,34,0,38.17359144,-104.5127437,8101.0,449.4608844345224,4.491413474240423,723,754,34,0,720,750,167529,3,0,0,3,4
2020-08-17,US,Colorado,Rio Blanco,20,0,0,39.97913541,-108.2179009,8103.0,316.25553447185325,0.0,20,20,0,0,20,20,6336,0,0,0,0,0
2020-08-17,US,Colorado,Rio Grande,92,2,0,37.5836865,-106.3847838,8105.0,816.5438892340463,2.1739130434782608,90,92,2,0,90,92,11250,0,0,0,0,0
2020-08-17,US,Colorado,Routt,128,8,0,40.48596505,-106.9905548,8107.0,499.25891255168114,6.25,120,127,8,0,119,127,25733,1,0,0,1,0
2020-08-17,US,Colorado,Saguache,107,2,0,38.08054629,-106.28246599999999,8109.0,1567.9953106682299,1.8691588785046729,105,106,2,0,104,106,6843,1,0,0,1,0
2020-08-17,US,Colorado,San Juan,2,0,0,37.76248981,-107.67632890000002,8111.0,274.72527472527474,0.0,2,2,0,0,2,2,762,0,0,0,0,0
2020-08-17,US,Colorado,San Miguel,93,0,0,38.00450883,-108.4020725,8113.0,1137.0583200880305,0.0,93,93,0,0,93,93,8191,0,0,0,0,0
2020-08-17,US,Colorado,Sedgwick,11,1,0,40.87595412,-102.3519227,8115.0,489.32384341637015,9.090909090909092,10,11,1,0,10,11,2303,0,0,0,0,0
2020-08-17,US,Colorado,Summit,345,4,0,39.63803232,-106.1150762,8117.0,1112.5084647383187,1.1594202898550725,341,344,4,0,340,344,31007,1,0,0,1,0
2020-08-17,US,Colorado,Teller,145,3,0,38.88133511,-105.16148929999999,8119.0,571.1359697494878,2.0689655172413794,142,146,3,0,143,145,25083,-1,0,0,-1,1
2020-08-17,US,Colorado,Washington,51,0,0,39.97015535,-103.202587,8121.0,1039.119804400978,0.0,51,51,0,0,51,50,4909,0,0,0,0,1
2020-08-17,US,Colorado,Weld,3836,145,0,40.55499405,-104.39296209999999,8123.0,1182.1554922771593,3.779979144942649,3691,3825,145,0,3680,3801,314305,11,0,0,11,24
2020-08-17,US,Colorado,Yuma,63,0,0,40.00346839,-102.4258673,8125.0,628.8052699870246,0.0,63,63,0,0,63,63,10020,0,0,0,0,0
2020-08-17,US,Connecticut,Fairfield,18317,1411,0,41.26809896,-73.3881171,9001.0,1941.7341932638767,7.703226510891522,16906,18160,1410,0,16750,18160,943823,157,1,0,156,0
2020-08-17,US,Connecticut,Hartford,12956,1420,0,41.80283011,-72.73103891,9003.0,1452.9224420221594,10.960172892868169,11536,12871,1419,0,11452,12871,892697,85,1,0,84,0
2020-08-17,US,Connecticut,Litchfield,1637,139,0,41.7937534,-73.2451475,9005.0,907.7650790482053,8.491142333536958,1498,1632,139,0,1493,1632,181111,5,0,0,5,0
2020-08-17,US,Connecticut,Middlesex,1425,192,0,41.45949668,-72.53714864,9007.0,877.2685857814771,13.473684210526313,1233,1414,192,0,1222,1414,162682,11,0,0,11,0
2020-08-17,US,Connecticut,New Haven,13378,1109,0,41.408032500000004,-72.93620426,9009.0,1565.1231870578422,8.289729406488265,12269,13316,1109,0,12207,13316,857620,62,0,0,62,0
2020-08-17,US,Connecticut,New London,1499,105,0,41.48896435,-72.10430976,9011.0,565.2209980166361,7.004669779853235,1394,1477,104,0,1373,1477,266784,22,1,0,21,0
2020-08-17,US,Connecticut,Tolland,1059,65,0,41.85853803,-72.3308481,9013.0,702.6227267600401,6.137865911237017,994,1056,65,0,991,1056,150921,3,0,0,3,0
2020-08-17,US,Connecticut,Unassigned,234,0,0,0.0,0.0,90009.0,0.0,0.0,234,216,0,0,216,216,,18,0,0,18,0
2020-08-17,US,Connecticut,Windham,762,15,0,41.82972709,-71.98182316,9015.0,652.497816444315,1.9685039370078738,747,755,15,0,740,755,117027,7,0,0,7,0
2020-08-17,US,Delaware,Kent,2496,108,0,39.08646628,-75.56884914,10001.0,1380.6378812518674,4.326923076923077,2388,2485,108,0,2377,2475,178550,11,0,0,11,10
2020-08-17,US,Delaware,New Castle,7580,293,0,39.57992638,-75.64054974,10003.0,1356.5922688558271,3.8654353562005284,7287,7524,293,0,7231,7490,559335,56,0,0,56,34
2020-08-17,US,Delaware,Sussex,6197,192,0,38.66143781,-75.39031349,10005.0,2645.7466111644785,3.0982733580764887,6005,6181,192,0,5989,6172,229286,16,0,0,16,9
2020-08-17,US,Delaware,Unassigned,263,0,0,0.0,0.0,90010.0,0.0,0.0,263,261,0,0,261,259,,2,0,0,2,2
2020-08-17,US,District of Columbia,District of Columbia,13273,597,0,38.90417773,-77.01655992,11001.0,1880.696961667675,4.497852783846907,12676,13220,597,0,12623,13159,702455,53,0,0,53,61
2020-08-17,US,Florida,Alachua,4670,29,0,29.67866525,-82.35928158,12001.0,1735.7820125407466,0.6209850107066381,4641,4629,28,0,4601,4544,269956,41,1,0,40,85
2020-08-17,US,Florida,Baker,1078,4,0,30.33060121,-82.28467476,12003.0,3690.516946251284,0.3710575139146568,1074,1077,4,0,1073,1070,28355,1,0,0,1,7
2020-08-17,US,Florida,Bay,4836,64,0,30.26548745,-85.62122584,12005.0,2768.0947883575172,1.3234077750206783,4772,4821,64,0,4757,4787,185287,15,0,0,15,34
2020-08-17,US,Florida,Bradford,573,4,0,29.95079741,-82.16611613,12007.0,2031.8428424523959,0.6980802792321117,569,569,4,0,565,563,27732,4,0,0,4,6
2020-08-17,US,Florida,Brevard,6538,178,0,28.29409504,-80.73091022,12009.0,1086.1511574204824,2.722545120832059,6360,6511,178,0,6333,6478,596849,27,0,0,27,33
2020-08-17,US,Florida,Broward,66826,1013,0,26.15184651,-80.48725556,12011.0,3422.0991838293958,1.515877053841319,65813,66447,980,0,65467,66011,1951260,379,33,0,346,436
2020-08-17,US,Florida,Calhoun,503,8,0,30.40666734,-85.19394153,12013.0,3566.111308046792,1.5904572564612327,495,503,8,0,495,497,14587,0,0,0,0,6
2020-08-17,US,Florida,Charlotte,2388,101,0,26.90131002,-81.92949121,12015.0,1264.094013022074,4.2294807370184255,2287,2378,100,0,2278,2369,184998,10,1,0,9,9
2020-08-17,US,Florida,Citrus,1799,40,0,28.84804315,-82.47614748,12017.0,1202.08209438917,2.2234574763757644,1759,1778,40,0,1738,1750,147929,21,0,0,21,28
2020-08-17,US,Florida,Clay,3484,65,0,29.98319144,-81.85609986,12019.0,1589.0390965646836,1.8656716417910448,3419,3461,65,0,3396,3440,216072,23,0,0,23,21
2020-08-17,US,Florida,Collier,10918,154,0,26.11091986,-81.34687065,12021.0,2836.56619087456,1.4105147462905294,10764,10891,152,0,10739,10840,378488,27,2,0,25,51
2020-08-17,US,Florida,Columbia,3045,26,0,30.22509788,-82.62160164,12023.0,4247.691320480985,0.8538587848932676,3019,3038,26,0,3012,3027,70503,7,0,0,7,11
2020-08-17,US,Florida,DeSoto,1422,20,0,27.18677893,-81.80941373,12027.0,3742.006789295018,1.4064697609001406,1402,1420,20,0,1400,1413,37489,2,0,0,2,7
2020-08-17,US,Florida,Dixie,595,4,0,29.60631086,-83.15724673,12029.0,3536.1939854986326,0.6722689075630253,591,591,4,0,587,584,16700,4,0,0,4,7
2020-08-17,US,Florida,Duval,24731,222,0,30.33225875,-81.66976468,12031.0,2582.1843790948624,0.8976588087824997,24509,24629,222,0,24407,24509,950181,102,0,0,102,120
2020-08-17,US,Florida,Escambia,10317,152,0,30.67652764,-87.37284571,12033.0,3241.1188881488843,1.4732965009208103,10165,10265,152,0,10113,10205,315534,52,0,0,52,60
2020-08-17,US,Florida,Flagler,1163,14,0,29.45933576,-81.31508595,12035.0,1010.5925391680644,1.2037833190025795,1149,1160,14,0,1146,1154,112067,3,0,0,3,6
2020-08-17,US,Florida,Franklin,472,3,0,29.83791238,-84.82731662,12037.0,3892.78350515464,0.6355932203389829,469,473,3,0,470,464,11736,-1,0,0,-1,9
2020-08-17,US,Florida,Gadsden,2046,28,0,30.57796289,-84.61915825,12039.0,4480.946123521682,1.3685239491691104,2018,2037,28,0,2009,2023,45894,9,0,0,9,14
2020-08-17,US,Florida,Gilchrist,405,7,0,29.72856978,-82.79880657,12041.0,2179.528576041331,1.728395061728395,398,402,7,0,395,399,18256,3,0,0,3,3
2020-08-17,US,Florida,Glades,422,3,0,26.95635849,-81.18996211,12043.0,3055.535442763015,0.7109004739336493,419,421,3,0,418,419,13724,1,0,0,1,2
2020-08-17,US,Florida,Gulf,756,4,0,29.93543004,-85.24270990000002,12045.0,5542.928367182345,0.5291005291005291,752,743,4,0,739,726,16164,13,0,0,13,17
2020-08-17,US,Florida,Hamilton,635,4,0,30.49673973,-82.94998918,12047.0,4401.164402550596,0.6299212598425197,631,635,4,0,631,634,14310,0,0,0,0,1
2020-08-17,US,Florida,Hardee,1012,8,0,27.49293939,-81.80956574,12049.0,3756.914281471582,0.7905138339920948,1004,1011,8,0,1003,1009,27245,1,0,0,1,2
2020-08-17,US,Florida,Hendry,1884,39,0,26.55386945,-81.16469006,12051.0,4483.365855980201,2.0700636942675157,1845,1879,39,0,1840,1878,41556,5,0,0,5,1
2020-08-17,US,Florida,Hernando,2255,60,0,28.55364461,-82.42700204,12053.0,1162.8506600660064,2.6607538802660757,2195,2225,60,0,2165,2200,190865,30,0,0,30,25
2020-08-17,US,Florida,Highlands,1632,41,0,27.34254618,-81.34071957,12055.0,1536.4193521055158,2.5122549019607843,1591,1608,41,0,1567,1581,105424,24,0,0,24,27
2020-08-17,US,Florida,Hillsborough,34368,487,0,27.9276559,-82.32013172,12057.0,2334.833365942738,1.4170158286778398,33881,34238,483,0,33755,34040,1436888,130,4,0,126,198
2020-08-17,US,Florida,Holmes,534,4,0,30.86747479,-85.81319222,12059.0,2722.1287658663405,0.7490636704119851,530,533,4,0,529,528,19477,1,0,0,1,5
2020-08-17,US,Florida,Indian River,2661,67,0,27.69308961,-80.60556721,12061.0,1663.925764274057,2.5178504321683577,2594,2652,67,0,2585,2640,157413,9,0,0,9,12
2020-08-17,US,Florida,Jackson,2036,53,0,30.795459700000002,-85.21500423,12063.0,4386.607489119662,2.6031434184675835,1983,2030,52,0,1978,2018,48305,6,1,0,5,12
2020-08-17,US,Florida,Jefferson,469,5,0,30.43669112,-83.89442308,12065.0,3292.1521830689317,1.0660980810234542,464,467,5,0,462,467,14288,2,0,0,2,0
2020-08-17,US,Florida,Lafayette,1009,2,0,29.98484137,-83.18166636,12067.0,11980.527190691048,0.19821605550049556,1007,989,2,0,987,936,8732,20,0,0,20,53
2020-08-17,US,Florida,Lake,5650,86,0,28.76202069,-81.7125123,12069.0,1539.01470371924,1.5221238938053097,5564,5619,83,0,5536,5587,356495,31,3,0,28,32
2020-08-17,US,Florida,Lee,17451,375,0,26.58410348,-81.88399313,12071.0,2264.66660697114,2.148873990029225,17076,17401,375,0,17026,17305,754610,50,0,0,50,96
2020-08-17,US,Florida,Leon,5443,27,0,30.45955727,-84.27491114,12073.0,1853.9964984229277,0.4960499724416682,5416,5402,27,0,5375,5363,292502,41,0,0,41,39
2020-08-17,US,Florida,Levy,785,6,0,29.31829741,-82.74007147,12075.0,1891.429535214322,0.7643312101910829,779,767,6,0,761,754,40770,18,0,0,18,13
2020-08-17,US,Florida,Liberty,411,7,0,30.23766008,-84.8829258,12077.0,4919.798898731146,1.70316301703163,404,411,7,0,404,411,8457,0,0,0,0,0
2020-08-17,US,Florida,Madison,766,11,0,30.44396917,-83.47398594,12079.0,4142.107824582275,1.4360313315926894,755,763,11,0,752,754,18529,3,0,0,3,9
2020-08-17,US,Florida,Manatee,9843,245,0,27.47196942,-82.31831044,12081.0,2440.899385745425,2.4890785329675906,9598,9781,245,0,9536,9735,394855,62,0,0,62,46
2020-08-17,US,Florida,Marion,7319,115,0,29.21227113,-82.05803627,12083.0,2002.0296570645469,1.571252903402104,7204,7247,113,0,7134,7161,359977,72,2,0,70,86
2020-08-17,US,Florida,Martin,3937,104,0,27.0772071,-80.43109784,12085.0,2445.341614906832,2.6416052832105663,3833,3923,104,0,3819,3913,160912,14,0,0,14,10
2020-08-17,US,Florida,Miami-Dade,146026,2081,0,25.6112362,-80.55170587,12086.0,5374.649421775968,1.4250886828373033,143945,145307,2057,0,143250,144407,2761581,719,24,0,695,900
2020-08-17,US,Florida,Monroe,1643,13,0,25.20904673,-81.07812416,12087.0,2213.4504499649734,0.7912355447352404,1630,1633,13,0,1620,1622,75027,10,0,0,10,11
2020-08-17,US,Florida,Nassau,1345,13,0,30.61037141,-81.80297522,12089.0,1517.6304654442874,0.966542750929368,1332,1334,13,0,1321,1316,85832,11,0,0,11,18
2020-08-17,US,Florida,Okaloosa,3742,50,0,30.69143028,-86.59267105,12091.0,1775.6645692755933,1.3361838588989845,3692,3728,50,0,3678,3696,207269,14,0,0,14,32
2020-08-17,US,Florida,Okeechobee,1148,12,0,27.386336199999995,-80.88944347,12093.0,2722.4435590969456,1.0452961672473868,1136,1142,12,0,1130,1125,41537,6,0,0,6,17
2020-08-17,US,Florida,Orange,33486,351,0,28.51367621,-81.31799498,12095.0,2403.0967697487963,1.048199247446694,33135,33382,351,0,33031,33180,1380645,104,0,0,104,202
2020-08-17,US,Florida,Osceola,10373,119,0,28.06312234,-81.14882926,12097.0,2760.6047621962416,1.1472091005495035,10254,10314,119,0,10195,10228,367990,59,0,0,59,86
2020-08-17,US,Florida,Palm Beach,39274,992,0,26.64676272,-80.46536002,12099.0,2623.916834249751,2.525844069868106,38282,39129,992,0,38137,38902,1485941,145,0,0,145,227
2020-08-17,US,Florida,Pasco,7490,152,0,28.30810945,-82.40227529,12101.0,1352.1149135206074,2.0293724966622158,7338,7453,149,0,7304,7406,539630,37,3,0,34,47
2020-08-17,US,Florida,Pinellas,18774,558,0,27.93130349,-82.72239666,12103.0,1925.546361215841,2.972195589645254,18216,18730,548,0,18182,18660,975280,44,10,0,34,70
2020-08-17,US,Florida,Polk,15506,360,0,27.95027105,-81.69732947,12105.0,2139.41667574992,2.3216819295756483,15146,15429,358,0,15071,15312,708009,77,2,0,75,117
2020-08-17,US,Florida,Putnam,1611,33,0,29.60779729,-81.74230285,12107.0,2161.806739040002,2.0484171322160147,1578,1611,33,0,1578,1602,74163,0,0,0,0,9
2020-08-17,US,Florida,Santa Rosa,4237,47,0,30.69341450000001,-87.02458128,12113.0,2298.8069208357524,1.1092754307292896,4190,4223,47,0,4176,4173,179349,14,0,0,14,50
2020-08-17,US,Florida,Sarasota,6728,173,0,27.18546175,-82.33174248,12115.0,1551.1525284616198,2.571343638525565,6555,6689,173,0,6516,6652,426718,39,0,0,39,37
2020-08-17,US,Florida,Seminole,7492,145,0,28.7158582,-81.24060348,12117.0,1587.8734957378354,1.9353977576081156,7347,7471,145,0,7326,7424,467832,21,0,0,21,47
2020-08-17,US,Florida,St. Johns,3978,47,0,29.90096506,-81.43589967,12109.0,1502.9923830250273,1.1814982403217698,3931,3971,46,0,3925,3948,254261,7,1,0,6,23
2020-08-17,US,Florida,St. Lucie,6283,197,0,27.37763908,-80.47106649,12111.0,1913.8158435806602,3.13544485118574,6086,6254,197,0,6057,6192,321128,29,0,0,29,62
2020-08-17,US,Florida,Sumter,1558,44,0,28.70181754,-82.0794267,12119.0,1176.5594321099534,2.82413350449294,1514,1540,44,0,1496,1475,128754,18,0,0,18,65
2020-08-17,US,Florida,Suwannee,2259,47,0,30.19746066,-82.99099670000003,12121.0,5085.890537406849,2.080566622399292,2212,2253,47,0,2206,2236,44191,6,0,0,6,17
2020-08-17,US,Florida,Taylor,1102,5,0,30.04848048,-83.60445406,12123.0,5109.184477722658,0.4537205081669691,1097,1100,5,0,1095,1092,21623,2,0,0,2,8
2020-08-17,US,Florida,Unassigned,776,0,0,0.0,0.0,90012.0,0.0,0.0,776,770,0,0,770,758,,6,0,0,6,12
2020-08-17,US,Florida,Union,489,5,0,30.04412971,-82.37497443,12125.0,3209.2931679464464,1.0224948875255624,484,488,5,0,483,481,14940,1,0,0,1,7
2020-08-17,US,Florida,Volusia,8482,169,0,29.05858895,-81.18263252,12127.0,1533.0282458918023,1.9924546097618483,8313,8452,169,0,8283,8402,547538,30,0,0,30,50
2020-08-17,US,Florida,Wakulla,781,5,0,30.16548905,-84.39895211,12129.0,2314.8285367082603,0.6402048655569782,776,773,5,0,768,764,32461,8,0,0,8,9
2020-08-17,US,Florida,Walton,1491,18,0,30.64204028,-86.16935664,12131.0,2012.933536741775,1.2072434607645874,1473,1486,18,0,1468,1476,71375,5,0,0,5,10
2020-08-17,US,Florida,Washington,933,14,0,30.61359259,-85.66002461,12133.0,3662.7016841361437,1.5005359056806002,919,929,14,0,915,922,24880,4,0,0,4,7
2020-08-17,US,Georgia,Appling,804,19,0,31.74847232,-82.28909114,13001.0,4372.89241814424,2.3631840796019903,785,789,19,0,770,778,18507,15,0,0,15,11
2020-08-17,US,Georgia,Atkinson,357,3,0,31.29633502,-82.87545866,13003.0,4372.320881812615,0.8403361344537815,354,352,3,0,349,350,8297,5,0,0,5,2
2020-08-17,US,Georgia,Bacon,472,8,0,31.55456473,-82.45936528,13005.0,4227.875313507703,1.6949152542372878,464,472,8,0,464,472,11185,0,0,0,0,0
2020-08-17,US,Georgia,Baker,72,3,0,31.32669878,-84.44218806,13007.0,2369.980250164582,4.166666666666667,69,72,3,0,69,71,3092,0,0,0,0,1
2020-08-17,US,Georgia,Baldwin,1182,44,0,33.06882326,-83.24701748,13009.0,2633.103141011361,3.7225042301184432,1138,1168,44,0,1124,1148,44823,14,0,0,14,20
2020-08-17,US,Georgia,Banks,302,6,0,34.35607081,-83.49644388,13011.0,1570.136217115525,1.9867549668874167,296,301,6,0,295,300,18988,1,0,0,1,1
2020-08-17,US,Georgia,Barrow,1438,34,0,33.99148694,-83.71436292,13013.0,1727.534839019702,2.364394993045897,1404,1433,33,0,1400,1412,80809,5,1,0,4,21
2020-08-17,US,Georgia,Bartow,2063,64,0,34.23732119,-84.83887523,13015.0,1914.830421949544,3.102278235579253,1999,2057,64,0,1993,2033,106408,6,0,0,6,24
2020-08-17,US,Georgia,Ben Hill,544,7,0,31.76095874,-83.22145359,13017.0,3257.4850299401196,1.286764705882353,537,535,7,0,528,529,16787,9,0,0,9,6
2020-08-17,US,Georgia,Berrien,338,1,0,31.27590016,-83.22529920000002,13019.0,1742.537505799866,0.2958579881656805,337,337,1,0,336,334,19252,1,0,0,1,3
2020-08-17,US,Georgia,Bibb,4134,84,0,32.80904227,-83.70489165,13021.0,2699.155779288191,2.0319303338171264,4050,4061,83,0,3978,3997,153095,73,1,0,72,64
2020-08-17,US,Georgia,Bleckley,281,10,0,32.43829035,-83.33035166,13023.0,2182.863357414744,3.5587188612099645,271,279,10,0,269,276,12838,2,0,0,2,3
2020-08-17,US,Georgia,Brantley,275,8,0,31.19576557,-81.97743999,13025.0,1439.1124600973362,2.9090909090909087,267,272,8,0,264,271,18897,3,0,0,3,1
2020-08-17,US,Georgia,Brooks,432,18,0,30.83922642,-83.58303423,13027.0,2794.850229669405,4.166666666666667,414,432,18,0,414,427,15513,0,0,0,0,5
2020-08-17,US,Georgia,Bryan,740,9,0,32.00979311,-81.44002948,13029.0,1867.4136321195144,1.2162162162162162,731,732,8,0,724,728,38109,8,1,0,7,4
2020-08-17,US,Georgia,Bulloch,1405,17,0,32.39577406,-81.74811421,13031.0,1764.8980002009848,1.209964412811388,1388,1395,17,0,1378,1380,77296,10,0,0,10,15
2020-08-17,US,Georgia,Burke,563,7,0,33.05917989,-81.99928721,13033.0,2515.301791538221,1.2433392539964476,556,546,7,0,539,538,22423,17,0,0,17,8
2020-08-17,US,Georgia,Butts,512,40,0,33.283094500000004,-83.95435040000002,13035.0,2053.256336220725,7.8125,472,511,40,0,471,507,24193,1,0,0,1,4
2020-08-17,US,Georgia,Calhoun,215,6,0,31.53169785,-84.62725131,13037.0,3473.905315883019,2.7906976744186047,209,214,6,0,208,213,6352,1,0,0,1,1
2020-08-17,US,Georgia,Camden,863,7,0,30.92951916,-81.66601818,13039.0,1578.677788753521,0.8111239860950173,856,860,7,0,853,849,53677,3,0,0,3,11
2020-08-17,US,Georgia,Candler,282,9,0,32.40209349,-82.07702563,13043.0,2610.3860038878092,3.191489361702128,273,280,9,0,271,279,10836,2,0,0,2,1
2020-08-17,US,Georgia,Carroll,2052,54,0,33.58138199,-85.07976677,13045.0,1710.114007600507,2.631578947368421,1998,2043,54,0,1989,2035,118121,9,0,0,9,8
2020-08-17,US,Georgia,Catoosa,713,17,0,34.89872298,-85.13757014,13047.0,1055.045871559633,2.3842917251051894,696,709,16,0,693,709,67420,4,1,0,3,0
2020-08-17,US,Georgia,Charlton,497,3,0,30.78371028,-82.13951596,13049.0,3711.170848267623,0.6036217303822937,494,490,3,0,487,451,12968,7,0,0,7,39
2020-08-17,US,Georgia,Chatham,6317,96,0,32.00043026,-81.12489526,13051.0,2182.565732646927,1.5197087224948551,6221,6247,96,0,6151,6216,289195,70,0,0,70,31
2020-08-17,US,Georgia,Chattahoochee,810,2,0,32.34341231,-84.78809239,13053.0,7426.423397817915,0.2469135802469136,808,810,2,0,808,810,10684,0,0,0,0,0
2020-08-17,US,Georgia,Chattooga,366,4,0,34.47197698,-85.34535662,13055.0,1476.4613336560571,1.0928961748633879,362,360,4,0,356,355,24790,6,0,0,6,5
2020-08-17,US,Georgia,Cherokee,4005,67,0,34.24393976,-84.47431861,13057.0,1547.6885146441089,1.6729088639201,3938,3981,67,0,3914,3939,254149,24,0,0,24,42
2020-08-17,US,Georgia,Clarke,2264,21,0,33.95436462,-83.37124007,13059.0,1764.1879202998496,0.9275618374558304,2243,2250,21,0,2229,2238,127330,14,0,0,14,12
2020-08-17,US,Georgia,Clay,103,2,0,31.62221166,-84.97713865,13061.0,3634.438955539873,1.9417475728155342,101,103,2,0,101,101,2887,0,0,0,0,2
2020-08-17,US,Georgia,Clayton,5570,116,0,33.54187245,-84.35594188,13063.0,1905.863352677105,2.0825852782764813,5454,5522,116,0,5406,5450,289615,48,0,0,48,72
2020-08-17,US,Georgia,Clinch,217,4,0,30.91395822,-82.70432472,13065.0,3278.936234511937,1.8433179723502304,213,216,4,0,212,214,6648,1,0,0,1,2
2020-08-17,US,Georgia,Cobb,14962,340,0,33.94243204,-84.5761255,13067.0,1968.3190355473525,2.2724234727977537,14622,14893,339,0,14554,14826,756865,69,1,0,68,67
2020-08-17,US,Georgia,Coffee,1608,33,0,31.54892966,-82.85492059999999,13069.0,3715.942966746008,2.0522388059701493,1575,1591,32,0,1559,1585,43093,17,1,0,16,6
2020-08-17,US,Georgia,Colquitt,1627,24,0,31.18810588,-83.7677946,13071.0,3567.982456140351,1.4751075599262446,1603,1623,24,0,1599,1617,45592,4,0,0,4,6
2020-08-17,US,Georgia,Columbia,2695,34,0,33.54534185,-82.263524,13073.0,1719.6931990760238,1.261595547309833,2661,2635,34,0,2601,2596,154291,60,0,0,60,39
2020-08-17,US,Georgia,Cook,472,9,0,31.16068491,-83.42947229,13075.0,2733.06311522872,1.9067796610169487,463,472,9,0,463,472,17162,0,0,0,0,0
2020-08-17,US,Georgia,Coweta,1793,26,0,33.35334302,-84.76129976,13077.0,1207.3342356355506,1.4500836586726158,1767,1768,26,0,1742,1750,145864,25,0,0,25,18
2020-08-17,US,Georgia,Crawford,120,0,0,32.71391813,-83.98061238,13079.0,967.4298613350533,0.0,120,117,0,0,117,116,12318,3,0,0,3,1
2020-08-17,US,Georgia,Crisp,416,15,0,31.92289565,-83.76811843,13081.0,1859.4671911317719,3.6057692307692313,401,415,15,0,400,411,22601,1,0,0,1,4
2020-08-17,US,Georgia,Dade,157,2,0,34.854916700000004,-85.50490424,13083.0,974.1871432117148,1.2738853503184713,155,154,2,0,152,153,16226,3,0,0,3,1
2020-08-17,US,Georgia,Dawson,486,5,0,34.44244079,-84.16964071,13085.0,1861.4983912976866,1.02880658436214,481,484,5,0,479,481,25083,2,0,0,2,3
2020-08-17,US,Georgia,DeKalb,15101,264,0,33.76944049,-84.22396017,13089.0,1988.813336546832,1.7482285941328388,14837,15030,264,0,14766,14926,756558,71,0,0,71,104
2020-08-17,US,Georgia,Decatur,850,17,0,30.87967778,-84.57619536,13087.0,3219.209210725648,2.0,833,846,17,0,829,839,26575,4,0,0,4,7
2020-08-17,US,Georgia,Dodge,254,3,0,32.17265114,-83.16948926,13091.0,1232.7105071584567,1.1811023622047243,251,253,3,0,250,250,20705,1,0,0,1,3
2020-08-17,US,Georgia,Dooly,264,14,0,32.15630737,-83.79746561,13093.0,1971.6206123973113,5.303030303030303,250,264,14,0,250,263,13706,0,0,0,0,1
2020-08-17,US,Georgia,Dougherty,2837,173,0,31.53328528,-84.21722377,13095.0,3225.4763745509117,6.0979908353894965,2664,2826,173,0,2653,2805,91243,11,0,0,11,21
2020-08-17,US,Georgia,Douglas,2892,58,0,33.70291126,-84.77026156,13097.0,1976.1792501178736,2.005532503457814,2834,2874,58,0,2816,2859,145331,18,0,0,18,15
2020-08-17,US,Georgia,Early,383,32,0,31.32155345,-84.90255207,13099.0,3758.586849852797,8.355091383812011,351,383,32,0,351,383,10247,0,0,0,0,0
2020-08-17,US,Georgia,Echols,226,2,0,30.71101099,-82.89687287,13101.0,5641.537693459811,0.8849557522123894,224,226,2,0,224,226,4000,0,0,0,0,0
2020-08-17,US,Georgia,Effingham,833,6,0,32.36616021,-81.34280942,13103.0,1295.5704864999375,0.7202881152460985,827,823,5,0,818,810,62190,10,1,0,9,13
2020-08-17,US,Georgia,Elbert,386,1,0,34.11302332,-82.83936148,13105.0,2011.045118266125,0.2590673575129533,385,385,1,0,384,383,19120,1,0,0,1,2
2020-08-17,US,Georgia,Emanuel,599,14,0,32.59221302,-82.30239915,13107.0,2645.058730018546,2.337228714524207,585,591,14,0,577,580,22612,8,0,0,8,11
2020-08-17,US,Georgia,Evans,319,3,0,32.15328841,-81.8870105,13109.0,2994.180589449972,0.9404388714733544,316,313,3,0,310,312,10721,6,0,0,6,1
2020-08-17,US,Georgia,Fannin,374,5,0,34.86430205,-84.316964,13111.0,1428.1350236749656,1.3368983957219251,369,368,5,0,363,365,25964,6,0,0,6,3
2020-08-17,US,Georgia,Fayette,1305,34,0,33.41357794,-84.49089434,13113.0,1140.52490364531,2.6053639846743293,1271,1277,34,0,1243,1263,113459,28,0,0,28,14
2020-08-17,US,Georgia,Floyd,1823,20,0,34.26268279,-85.21577392,13115.0,1850.7990009949438,1.097092704333516,1803,1805,20,0,1785,1789,97927,18,0,0,18,16
2020-08-17,US,Georgia,Forsyth,2586,27,0,34.22604035,-84.12315129999998,13117.0,1058.742610091217,1.0440835266821349,2559,2569,27,0,2542,2554,236612,17,0,0,17,15
2020-08-17,US,Georgia,Franklin,460,6,0,34.37525597,-83.23159927,13119.0,1970.1057861150366,1.3043478260869563,454,456,6,0,450,452,23023,4,0,0,4,4
2020-08-17,US,Georgia,Fulton,22107,476,0,33.79216944,-84.46319413,13121.0,2077.8485944186546,2.153164156149636,21631,21993,474,0,21519,21867,1050114,114,2,0,112,126
2020-08-17,US,Georgia,Gilmer,685,4,0,34.69316688,-84.45802506,13123.0,2183.6845293123783,0.583941605839416,681,684,4,0,680,676,30816,1,0,0,1,8
2020-08-17,US,Georgia,Glascock,29,1,0,33.22879932,-82.61297636,13125.0,976.1023224503534,3.4482758620689653,28,27,1,0,26,27,2995,2,0,0,2,0
2020-08-17,US,Georgia,Glynn,2754,56,0,31.23279254,-81.53811412,13127.0,3228.9077521924683,2.0334059549745818,2698,2750,56,0,2694,2725,85219,4,0,0,4,25
2020-08-17,US,Georgia,Gordon,1338,24,0,34.50487351,-84.87296253,13129.0,2308.3691320325033,1.7937219730941705,1314,1335,24,0,1311,1325,57685,3,0,0,3,10
2020-08-17,US,Georgia,Grady,564,8,0,30.87454847,-84.23418364,13131.0,2289.611496772622,1.4184397163120568,556,560,8,0,552,546,24748,4,0,0,4,14
2020-08-17,US,Georgia,Greene,371,13,0,33.5769205,-83.17139104,13133.0,2024.6671032525646,3.5040431266846364,358,361,13,0,348,356,17698,10,0,0,10,5
2020-08-17,US,Georgia,Gwinnett,21655,290,0,33.96044201,-84.02137802,13135.0,2312.950600801068,1.3391826368044328,21365,21534,289,0,21245,21411,927781,121,1,0,120,123
2020-08-17,US,Georgia,Habersham,1212,52,0,34.63331566,-83.53094677,13137.0,2673.8439816448995,4.29042904290429,1160,1212,52,0,1160,1206,45388,0,0,0,0,6
2020-08-17,US,Georgia,Hall,6581,105,0,34.32207823,-83.81896936,13139.0,3219.021624820853,1.5955022033125663,6476,6552,105,0,6447,6512,202148,29,0,0,29,40
2020-08-17,US,Georgia,Hancock,340,35,0,33.2721566,-82.99766919,13141.0,4020.338181388199,10.294117647058824,305,338,35,0,303,338,8348,2,0,0,2,0
2020-08-17,US,Georgia,Haralson,256,7,0,33.79602175,-85.21005667,13143.0,859.2910848549948,2.734375,249,251,7,0,244,247,29533,5,0,0,5,4
2020-08-17,US,Georgia,Harris,688,17,0,32.73709786,-84.90538572,13145.0,1952.5485299125887,2.4709302325581395,671,685,17,0,668,682,34475,3,0,0,3,3
2020-08-17,US,Georgia,Hart,351,8,0,34.34626973,-82.96567682,13147.0,1339.4390383514594,2.2792022792022792,343,350,8,0,342,345,26099,1,0,0,1,5
2020-08-17,US,Georgia,Heard,152,5,0,33.29686567,-85.12886832,13149.0,1274.8469344963514,3.2894736842105265,147,152,5,0,147,153,11879,0,0,0,0,-1
2020-08-17,US,Georgia,Henry,3786,59,0,33.4533428,-84.14814659999998,13151.0,1614.0790668525458,1.5583729529846804,3727,3735,59,0,3676,3694,230220,51,0,0,51,41
2020-08-17,US,Georgia,Houston,2251,62,0,32.45802497,-83.66879087,13153.0,1425.919943241925,2.754331408262994,2189,2218,62,0,2156,2159,155469,33,0,0,33,59
2020-08-17,US,Georgia,Irwin,180,1,0,31.60213036,-83.27501387,13155.0,1911.639762107052,0.5555555555555556,179,178,1,0,177,178,9398,2,0,0,2,0
2020-08-17,US,Georgia,Jackson,1190,17,0,34.13794553,-83.56814788,13157.0,1630.6507529769656,1.4285714285714286,1173,1188,17,0,1171,1176,70422,2,0,0,2,12
2020-08-17,US,Georgia,Jasper,183,2,0,33.31535543,-83.68844964,13159.0,1287.0103382797665,1.0928961748633879,181,176,2,0,174,176,14040,7,0,0,7,0
2020-08-17,US,Georgia,Jeff Davis,541,8,0,31.80405727,-82.63724870000001,13161.0,3579.2259345021503,1.478743068391867,533,532,8,0,524,528,15029,9,0,0,9,4
2020-08-17,US,Georgia,Jefferson,577,11,0,33.05867328,-82.41609057,13163.0,3756.0213513865374,1.9064124783362215,566,567,11,0,556,555,15430,10,0,0,10,12
2020-08-17,US,Georgia,Jenkins,264,24,0,32.79248718,-81.96040187,13165.0,3042.8769017980635,9.090909090909092,240,263,24,0,239,261,8683,1,0,0,1,2
2020-08-17,US,Georgia,Johnson,266,12,0,32.70211082,-82.66166794,13167.0,2758.477652182931,4.511278195488722,254,264,12,0,252,260,9708,2,0,0,2,4
2020-08-17,US,Georgia,Jones,353,4,0,33.02512137,-83.56019163,13169.0,1228.4670262745778,1.13314447592068,349,348,4,0,344,341,28616,5,0,0,5,7
2020-08-17,US,Georgia,Lamar,296,14,0,33.07841647,-84.14263877,13171.0,1551.6066467473922,4.729729729729731,282,294,14,0,280,292,19000,2,0,0,2,2
2020-08-17,US,Georgia,Lanier,232,5,0,31.03828570000001,-83.06472457,13173.0,2225.8466852153892,2.155172413793104,227,231,5,0,226,229,10340,1,0,0,1,2
2020-08-17,US,Georgia,Laurens,1142,19,0,32.46325233,-82.92221316,13175.0,2401.884490808901,1.6637478108581436,1123,1128,19,0,1109,1109,47325,14,0,0,14,19
2020-08-17,US,Georgia,Lee,611,23,0,31.779330600000005,-84.14324253,13177.0,2037.2099226460389,3.7643207855973815,588,607,23,0,584,603,29764,4,0,0,4,4
2020-08-17,US,Georgia,Liberty,805,7,0,31.82588896,-81.49251135,13179.0,1310.3279889313908,0.8695652173913043,798,803,7,0,796,798,61497,2,0,0,2,5
2020-08-17,US,Georgia,Lincoln,169,5,0,33.79201475,-82.45024131,13181.0,2133.5689938139126,2.9585798816568047,164,168,5,0,163,167,7915,1,0,0,1,1
2020-08-17,US,Georgia,Long,149,2,0,31.75218791,-81.74952375,13183.0,761.7976379160489,1.342281879194631,147,145,2,0,143,144,18998,4,0,0,4,1
2020-08-17,US,Georgia,Lowndes,3259,50,0,30.83568832,-83.27056716,13185.0,2775.83769142974,1.5342129487572875,3209,3256,50,0,3206,3249,116321,3,0,0,3,7
2020-08-17,US,Georgia,Lumpkin,417,9,0,34.57286511,-84.00425681,13187.0,1240.7021719726272,2.1582733812949644,408,417,9,0,408,416,32955,0,0,0,0,1
2020-08-17,US,Georgia,Macon,189,10,0,32.35207048,-84.04234127,13193.0,1459.7976365181125,5.291005291005291,179,189,10,0,179,189,13143,0,0,0,0,0
2020-08-17,US,Georgia,Madison,450,7,0,34.12920917,-83.21218732,13195.0,1506.0240963855426,1.5555555555555556,443,447,7,0,440,440,29650,3,0,0,3,7
2020-08-17,US,Georgia,Marion,162,5,0,32.3483402,-84.52733571,13197.0,1938.0308649359968,3.08641975308642,157,162,5,0,157,161,8351,0,0,0,0,1
2020-08-17,US,Georgia,McDuffie,436,10,0,33.47851918,-82.48252774,13189.0,2045.7957957957958,2.2935779816513757,426,415,10,0,405,412,21531,21,0,0,21,3
2020-08-17,US,Georgia,McIntosh,213,3,0,31.49683595,-81.40163426,13191.0,1481.4299624426208,1.4084507042253518,210,211,3,0,208,209,14340,2,0,0,2,2
2020-08-17,US,Georgia,Meriwether,440,7,0,33.04163534,-84.68859732,13199.0,2078.7074219303627,1.5909090909090908,433,436,7,0,429,430,21068,4,0,0,4,6
2020-08-17,US,Georgia,Miller,164,0,0,31.16568912,-84.73151117,13201.0,2868.135711787338,0.0,164,164,0,0,164,160,5686,0,0,0,0,4
2020-08-17,US,Georgia,Mitchell,674,41,0,31.22483255,-84.19381821,13205.0,3082.834011800759,6.083086053412463,633,673,41,0,632,664,22192,1,0,0,1,9
2020-08-17,US,Georgia,Monroe,505,30,0,33.014289,-83.92097166,13207.0,1831.169773007469,5.9405940594059405,475,501,30,0,471,490,27520,4,0,0,4,11
2020-08-17,US,Georgia,Montgomery,180,2,0,32.17201038,-82.53527476,13209.0,1962.4945486262534,1.1111111111111112,178,178,2,0,176,171,9193,2,0,0,2,7
2020-08-17,US,Georgia,Morgan,329,1,0,33.59232073,-83.49129491,13211.0,1706.78564017431,0.30395136778115506,328,320,1,0,319,318,18853,9,0,0,9,2
2020-08-17,US,Georgia,Murray,656,3,0,34.78897608,-84.74993177,13213.0,1636.073423782921,0.4573170731707317,653,655,3,0,652,651,39921,1,0,0,1,4
2020-08-17,US,Georgia,Muscogee,5092,110,0,32.50931999,-84.87142262,13215.0,2601.0246770428407,2.1602513747054197,4982,5066,109,0,4957,5029,194160,26,1,0,25,37
2020-08-17,US,Georgia,Newton,2038,50,0,33.55514538,-83.84547140000002,13217.0,1823.81156930126,2.4533856722276743,1988,2012,49,0,1963,1987,109541,26,1,0,25,25
2020-08-17,US,Georgia,Oconee,474,16,0,33.83749973,-83.43679568,13219.0,1176.7626613704072,3.3755274261603376,458,472,16,0,456,469,39272,2,0,0,2,3
2020-08-17,US,Georgia,Oglethorpe,252,8,0,33.878629600000004,-83.08278123,13221.0,1651.4843698800707,3.1746031746031744,244,252,7,0,245,250,15054,0,1,0,-1,2
2020-08-17,US,Georgia,Out of GA,17020,103,0,0.0,0.0,80013.0,0.0,0.6051703877790834,16917,16865,102,0,16763,16824,,155,1,0,154,41
2020-08-17,US,Georgia,Paulding,1894,26,0,33.91969522,-84.86848792,13223.0,1122.9226819709843,1.372756071805702,1868,1886,26,0,1860,1868,164044,8,0,0,8,18
2020-08-17,US,Georgia,Peach,464,16,0,32.56934316,-83.82937,13225.0,1684.4550932984823,3.4482758620689653,448,451,16,0,435,438,27297,13,0,0,13,13
2020-08-17,US,Georgia,Pickens,446,6,0,34.46589159,-84.46406611,13227.0,1368.4759596207539,1.345291479820628,440,444,6,0,438,442,31980,2,0,0,2,2
2020-08-17,US,Georgia,Pierce,466,9,0,31.35928155,-82.21598442,13229.0,2394.040585666581,1.931330472103004,457,442,9,0,433,439,19389,24,0,0,24,3
2020-08-17,US,Georgia,Pike,246,6,0,33.09310242,-84.38790389,13231.0,1297.3315051154939,2.4390243902439024,240,241,6,0,235,241,18634,5,0,0,5,0
2020-08-17,US,Georgia,Polk,961,11,0,34.00267074,-85.18677781,13233.0,2255.1803440264707,1.1446409989594173,950,958,11,0,947,939,42470,3,0,0,3,19
2020-08-17,US,Georgia,Pulaski,143,3,0,32.23334561,-83.47549959999998,13235.0,1284.0082607524469,2.097902097902098,140,139,3,0,136,137,11069,4,0,0,4,2
2020-08-17,US,Georgia,Putnam,489,18,0,33.32056115,-83.37552891,13237.0,2210.76902210769,3.6809815950920246,471,476,18,0,458,469,21809,13,0,0,13,7
2020-08-17,US,Georgia,Quitman,32,1,0,31.86728114,-85.01773177,13239.0,1391.9095258808175,3.125,31,32,1,0,31,31,2279,0,0,0,0,1
2020-08-17,US,Georgia,Rabun,234,3,0,34.88389445,-83.40304637,13241.0,1365.4665343992529,1.2820512820512822,231,234,3,0,231,232,16867,0,0,0,0,2
2020-08-17,US,Georgia,Randolph,287,26,0,31.76622818,-84.75732369,13243.0,4234.287400413101,9.059233449477352,261,287,26,0,261,280,6833,0,0,0,0,7
2020-08-17,US,Georgia,Richmond,5192,98,0,33.35777107,-82.07026432,13245.0,2563.722730818989,1.8875192604006163,5094,5064,97,0,4967,4961,201554,128,1,0,127,103
2020-08-17,US,Georgia,Rockdale,1487,27,0,33.65145002,-84.02202167,13247.0,1635.93557472276,1.8157363819771355,1460,1471,26,0,1445,1455,90594,16,1,0,15,16
2020-08-17,US,Georgia,Schley,79,1,0,32.2654021,-84.31258912,13249.0,1502.7582271257372,1.2658227848101269,78,79,1,0,78,78,5236,0,0,0,0,1
2020-08-17,US,Georgia,Screven,240,9,0,32.74976524,-81.60779441,13251.0,1718.4591149935559,3.75,231,228,9,0,219,228,13938,12,0,0,12,0
2020-08-17,US,Georgia,Seminole,242,6,0,30.93464824,-84.86823924,13253.0,2991.3473423980213,2.479338842975207,236,242,5,0,237,239,8315,0,1,0,-1,3
2020-08-17,US,Georgia,Spalding,1039,43,0,33.26310031,-84.28013991,13255.0,1557.6510801613122,4.138594802694898,996,1036,43,0,993,1028,66100,3,0,0,3,8
2020-08-17,US,Georgia,Stephens,700,18,0,34.55151201,-83.29405315,13257.0,2700.096432015429,2.571428571428572,682,696,17,0,679,693,26035,4,1,0,3,3
2020-08-17,US,Georgia,Stewart,275,10,0,32.07996777,-84.83208037,13259.0,4153.451140311131,3.636363636363636,265,275,10,0,265,260,6199,0,0,0,0,15
2020-08-17,US,Georgia,Sumter,789,56,0,32.03650571,-84.19821492,13261.0,2672.402113534752,7.097591888466412,733,783,56,0,727,779,29733,6,0,0,6,4
2020-08-17,US,Georgia,Talbot,147,5,0,32.69642758,-84.53351366,13263.0,2372.8813559322034,3.4013605442176873,142,147,5,0,142,146,6272,0,0,0,0,1
2020-08-17,US,Georgia,Taliaferro,17,0,0,33.56543317,-82.88136816,13265.0,1106.0507482108003,0.0,17,17,0,0,17,17,1608,0,0,0,0,0
2020-08-17,US,Georgia,Tattnall,603,2,0,32.04785085,-82.05539188,13267.0,2384.7188167365343,0.33167495854063017,601,597,2,0,595,585,25391,6,0,0,6,12
2020-08-17,US,Georgia,Taylor,107,4,0,32.55792548,-84.25077141,13269.0,1334.1645885286782,3.7383177570093458,103,105,3,0,102,103,8039,2,1,0,1,2
2020-08-17,US,Georgia,Telfair,313,12,0,31.92829517,-82.93491155,13271.0,1973.5182849936948,3.8338658146964857,301,309,12,0,297,306,15876,4,0,0,4,3
2020-08-17,US,Georgia,Terrell,308,30,0,31.77527543,-84.44069698,13273.0,3610.362208416364,9.74025974025974,278,307,30,0,277,307,8611,1,0,0,1,0
2020-08-17,US,Georgia,Thomas,1250,44,0,30.86392347,-83.91847289,13275.0,2812.085217430429,3.52,1206,1248,44,0,1204,1237,44448,2,0,0,2,11
2020-08-17,US,Georgia,Tift,1402,45,0,31.45743864,-83.5236119,13277.0,3449.46363546895,3.2097004279600565,1357,1399,45,0,1354,1395,40571,3,0,0,3,4
2020-08-17,US,Georgia,Toombs,878,9,0,32.12059861,-82.32957247,13279.0,3272.456205739844,1.0250569476082003,869,871,9,0,862,857,26887,7,0,0,7,14
2020-08-17,US,Georgia,Towns,159,2,0,34.91369188,-83.74107459999998,13281.0,1320.927141314281,1.2578616352201255,157,158,2,0,156,158,11852,1,0,0,1,0
2020-08-17,US,Georgia,Treutlen,145,3,0,32.40422134,-82.56904553,13283.0,2101.144761628749,2.0689655172413794,142,143,3,0,140,138,6809,2,0,0,2,5
2020-08-17,US,Georgia,Troup,2419,77,0,33.03349196,-85.02812115,13285.0,3459.569234289637,3.1831335262505167,2342,2413,77,0,2336,2400,70034,6,0,0,6,13
2020-08-17,US,Georgia,Turner,263,18,0,31.71612656,-83.62069378,13287.0,3293.6756418284285,6.844106463878328,245,262,18,0,244,262,7912,1,0,0,1,0
2020-08-17,US,Georgia,Twiggs,139,4,0,32.67435595,-83.43078662,13289.0,1711.8226600985226,2.8776978417266186,135,135,4,0,131,132,8188,4,0,0,4,3
2020-08-17,US,Georgia,Unassigned,2761,5,0,0.0,0.0,90013.0,0.0,0.18109380659181454,2756,2731,5,0,2726,2758,,30,0,0,30,-27
2020-08-17,US,Georgia,Union,335,7,0,34.82995757,-83.98967069,13291.0,1366.7333034147935,2.08955223880597,328,331,7,0,324,331,24001,4,0,0,4,0
2020-08-17,US,Georgia,Upson,632,49,0,32.87920671,-84.30024826,13293.0,2401.2158054711244,7.753164556962025,583,626,49,0,577,624,26215,6,0,0,6,2
2020-08-17,US,Georgia,Walker,823,17,0,34.73376362,-85.30165174,13295.0,1179.7422628689385,2.0656136087484813,806,814,17,0,797,808,69410,9,0,0,9,6
2020-08-17,US,Georgia,Walton,1280,43,0,33.78017694,-83.73552314,13297.0,1353.165667649826,3.359375,1237,1268,42,0,1226,1259,93503,12,1,0,11,9
2020-08-17,US,Georgia,Ware,1237,34,0,31.05449097,-82.42224148,13299.0,3461.68914759053,2.7485852869846403,1203,1229,34,0,1195,1210,35680,8,0,0,8,19
2020-08-17,US,Georgia,Warren,92,2,0,33.41146451,-82.67795848,13301.0,1751.0468214693567,2.1739130434782608,90,92,1,0,91,90,5251,0,1,0,-1,2
2020-08-17,US,Georgia,Washington,540,3,0,32.96711864,-82.79357039,13303.0,2650.4368312555216,0.5555555555555556,537,536,3,0,533,531,20386,4,0,0,4,5
2020-08-17,US,Georgia,Wayne,877,14,0,31.5521809,-81.91894878,13305.0,2930.464129381495,1.5963511972633981,863,871,13,0,858,863,29808,6,1,0,5,8
2020-08-17,US,Georgia,Webster,40,2,0,32.04066113,-84.54742852,13307.0,1534.3306482546989,5.0,38,39,2,0,37,39,2611,1,0,0,1,0
2020-08-17,US,Georgia,Wheeler,107,2,0,32.12009104,-82.72574721,13309.0,1362.1896880967536,1.8691588785046729,105,106,1,0,105,103,7879,1,1,0,0,3
2020-08-17,US,Georgia,White,395,6,0,34.64624278,-83.74905525,13311.0,1282.5508149879865,1.5189873417721518,389,394,6,0,388,391,29970,1,0,0,1,3
2020-08-17,US,Georgia,Whitfield,3730,40,0,34.80987459,-84.96093476,13313.0,3565.011278051765,1.0723860589812333,3690,3720,38,0,3682,3700,104062,10,2,0,8,20
2020-08-17,US,Georgia,Wilcox,199,19,0,31.97496928,-83.43438555,13315.0,2304.574406485235,9.547738693467336,180,198,19,0,179,198,8812,1,0,0,1,0
2020-08-17,US,Georgia,Wilkes,202,3,0,33.78290391,-82.74286107,13317.0,2066.0734376598143,1.4851485148514851,199,201,3,0,198,199,9876,1,0,0,1,2
2020-08-17,US,Georgia,Wilkinson,240,12,0,32.80291082,-83.17140684,13319.0,2680.366316729953,5.0,228,238,12,0,226,235,9036,2,0,0,2,3
2020-08-17,US,Georgia,Worth,472,23,0,31.55162306,-83.85090513,13321.0,2331.2095619104066,4.872881355932203,449,471,23,0,448,468,20299,1,0,0,1,3
2020-08-17,US,Hawaii,Hawaii,149,0,0,19.60121157,-155.5210167,15001.0,73.94063906546972,0.0,149,148,0,0,148,145,200983,1,0,0,1,3
2020-08-17,US,Hawaii,Honolulu,4754,33,0,21.45803166,-157.97121819999995,15003.0,487.80838180805137,0.6941522928060581,4721,4591,33,0,4558,4390,980080,163,0,0,163,201
2020-08-17,US,Hawaii,Kauai,54,0,0,22.03935037,-159.5966786,15007.0,74.69602866114285,0.0,54,54,0,0,54,54,72133,0,0,0,0,0
2020-08-17,US,Hawaii,Maui,235,6,0,20.86399628,-156.56890969999995,15009.0,140.36806298046196,2.5531914893617023,229,226,6,0,220,213,167207,9,0,0,9,13
2020-08-17,US,Hawaii,Out of HI,23,1,0,0.0,0.0,80015.0,0.0,4.3478260869565215,22,23,1,0,22,23,,0,0,0,0,0
2020-08-17,US,Idaho,Ada,10030,95,0,43.4526575,-116.24155159999998,16001.0,2082.697415004973,0.94715852442672,9935,9968,95,0,9873,9924,469966,62,0,0,62,44
2020-08-17,US,Idaho,Adams,22,0,0,44.89333571,-116.4545247,16003.0,512.342803912436,0.0,22,22,0,0,22,22,4250,0,0,0,0,0
2020-08-17,US,Idaho,Bannock,507,2,0,42.67002716,-112.2233311,16005.0,577.3961370262391,0.3944773175542407,505,487,2,0,485,489,87138,20,0,0,20,-2
2020-08-17,US,Idaho,Bear Lake,21,0,0,42.28269683,-111.32892379999998,16007.0,342.85714285714283,0.0,21,21,0,0,21,21,6050,0,0,0,0,0
2020-08-17,US,Idaho,Benewah,80,1,0,47.21754179,-116.6586851,16009.0,860.4000860400087,1.25,79,80,1,0,79,80,9226,0,0,0,0,0
2020-08-17,US,Idaho,Bingham,351,2,0,43.21672879999999,-112.3978437,16011.0,749.823759372797,0.5698005698005698,349,339,2,0,337,339,46236,12,0,0,12,0
2020-08-17,US,Idaho,Blaine,586,6,0,43.4085812,-113.9752658,16013.0,2545.50193301768,1.023890784982935,580,585,6,0,579,585,22601,1,0,0,1,0
2020-08-17,US,Idaho,Boise,54,1,0,43.98829931,-115.7309284,16015.0,689.5671050951347,1.851851851851852,53,53,1,0,52,53,7634,1,0,0,1,0
2020-08-17,US,Idaho,Bonner,192,0,0,48.29996017,-116.6017932,16017.0,419.7730601893351,0.0,192,191,0,0,191,191,44727,1,0,0,1,0
2020-08-17,US,Idaho,Bonneville,1338,6,0,43.38713372,-111.6161537,16019.0,1123.784246862979,0.4484304932735426,1332,1317,6,0,1311,1281,116854,21,0,0,21,36
2020-08-17,US,Idaho,Boundary,40,0,0,48.76684761,-116.4630179,16021.0,326.66394446712945,0.0,40,38,0,0,38,38,11948,2,0,0,2,0
2020-08-17,US,Idaho,Butte,1,0,0,43.72592209,-113.1735463,16023.0,38.50596842510589,0.0,1,1,0,0,1,1,2611,0,0,0,0,0
2020-08-17,US,Idaho,Camas,1,0,0,43.46665742,-114.8065892,16025.0,90.41591320072331,0.0,1,1,0,0,1,1,1127,0,0,0,0,0
2020-08-17,US,Idaho,Canyon,6422,58,0,43.61970148,-116.70954990000001,16027.0,2794.0082401924737,0.9031454375583928,6364,6362,56,0,6306,6308,223499,60,2,0,58,54
2020-08-17,US,Idaho,Caribou,34,0,0,42.77149116,-111.5597683,16029.0,475.1921733053808,0.0,34,34,0,0,34,34,7060,0,0,0,0,0
2020-08-17,US,Idaho,Cassia,553,1,0,42.28347888,-113.6012409,16031.0,2301.290054099043,0.18083182640144665,552,547,1,0,546,545,23864,6,0,0,6,2
2020-08-17,US,Idaho,Clark,14,0,0,44.28496071,-112.35057040000001,16033.0,1656.8047337278103,0.0,14,12,0,0,12,11,852,2,0,0,2,1
2020-08-17,US,Idaho,Clearwater,18,0,0,46.67459924,-115.6622393,16035.0,205.5733211512106,0.0,18,17,0,0,17,17,8758,1,0,0,1,0
2020-08-17,US,Idaho,Custer,11,0,0,44.24186819,-114.2855494,16037.0,254.9246813441484,0.0,11,11,0,0,11,11,4280,0,0,0,0,0
2020-08-17,US,Idaho,Elmore,234,3,0,43.3507101,-115.4701578,16039.0,850.5688633637454,1.2820512820512822,231,234,3,0,231,234,27259,0,0,0,0,0
2020-08-17,US,Idaho,Franklin,52,0,0,42.18332217,-111.81496659999999,16041.0,374.7477659267801,0.0,52,52,0,0,52,52,13726,0,0,0,0,0
2020-08-17,US,Idaho,Fremont,94,0,0,44.22800938,-111.48099429999999,16043.0,717.6120314527826,0.0,94,94,0,0,94,92,13168,0,0,0,0,2
2020-08-17,US,Idaho,Gem,195,1,0,44.06482372,-116.398376,16045.0,1076.6342756183749,0.5128205128205128,194,189,1,0,188,189,17634,6,0,0,6,0
2020-08-17,US,Idaho,Gooding,183,1,0,42.96927962,-114.81083059999999,16047.0,1205.6130179853744,0.5464480874316939,182,181,1,0,180,180,15196,2,0,0,2,1
2020-08-17,US,Idaho,Idaho,36,0,0,45.84721541,-115.4634436,16049.0,215.99568008639827,0.0,36,34,0,0,34,34,16513,2,0,0,2,0
2020-08-17,US,Idaho,Jefferson,260,1,0,43.82078483,-112.3131749,16051.0,870.4094272036423,0.38461538461538464,259,252,1,0,251,242,29439,8,0,0,8,10
2020-08-17,US,Idaho,Jerome,528,6,0,42.68891267,-114.2655033,16053.0,2162.8707193183677,1.1363636363636365,522,525,6,0,519,521,24015,3,0,0,3,4
2020-08-17,US,Idaho,Kootenai,1994,21,0,47.67282258,-116.7020872,16055.0,1203.4013892828475,1.053159478435306,1973,1989,20,0,1969,1989,161505,5,1,0,4,0
2020-08-17,US,Idaho,Latah,146,0,0,46.81587887,-116.71136979999999,16057.0,364.01715368505035,0.0,146,133,0,0,133,133,40134,13,0,0,13,0
2020-08-17,US,Idaho,Lemhi,51,0,0,44.9438088,-113.9309747,16059.0,635.355674598231,0.0,51,48,0,0,48,45,7961,3,0,0,3,3
2020-08-17,US,Idaho,Lincoln,62,0,0,43.0012336,-114.1358773,16063.0,1155.4230339172568,0.0,62,62,0,0,62,61,5360,0,0,0,0,1
2020-08-17,US,Idaho,Madison,195,0,0,43.78141028,-111.65384740000002,16065.0,488.6360788834039,0.0,195,190,0,0,190,180,39304,5,0,0,5,10
2020-08-17,US,Idaho,Minidoka,507,2,0,42.85518524,-113.6357257,16067.0,2409.8103522030515,0.3944773175542407,505,504,2,0,502,503,20825,3,0,0,3,1
2020-08-17,US,Idaho,Nez Perce,188,19,0,46.32638236,-116.75009750000001,16069.0,465.2544050683033,10.106382978723405,169,174,19,0,155,174,40408,14,0,0,14,0
2020-08-17,US,Idaho,Oneida,16,0,0,42.19494279999999,-112.5407838,16071.0,353.12293092032667,0.0,16,16,0,0,16,16,4488,0,0,0,0,0
2020-08-17,US,Idaho,Owyhee,281,4,0,42.58016894,-116.16938710000001,16073.0,2376.7233358707604,1.4234875444839858,277,279,3,0,276,276,11693,2,1,0,1,3
2020-08-17,US,Idaho,Payette,451,3,0,44.00545243,-116.7647695,16075.0,1883.01114776001,0.6651884700665188,448,447,3,0,444,443,23551,4,0,0,4,4
2020-08-17,US,Idaho,Power,67,0,0,42.69254894,-112.83957420000002,16077.0,872.2822549147246,0.0,67,66,0,0,66,66,7768,1,0,0,1,0
2020-08-17,US,Idaho,Shoshone,168,3,0,47.35364087,-115.89167490000001,16079.0,1304.1453190498364,1.7857142857142858,165,166,3,0,163,166,12796,2,0,0,2,0
2020-08-17,US,Idaho,Teton,101,0,0,43.75303583,-111.2056773,16081.0,831.8234228298468,0.0,101,97,0,0,97,98,11640,4,0,0,4,-1
2020-08-17,US,Idaho,Twin Falls,1533,33,0,42.35440512,-114.6685381,16083.0,1764.5433826745555,2.152641878669276,1500,1521,33,0,1488,1517,86081,12,0,0,12,4
2020-08-17,US,Idaho,Unassigned,3,0,0,0.0,0.0,90016.0,0.0,0.0,3,3,0,0,3,5,,0,0,0,0,-2
2020-08-17,US,Idaho,Valley,76,1,0,44.76728382,-115.5676773,16085.0,667.1348314606741,1.3157894736842106,75,76,1,0,75,74,11041,0,0,0,0,2
2020-08-17,US,Idaho,Washington,241,3,0,44.45275475,-116.78476880000001,16087.0,2364.1357661369434,1.2448132780082988,238,238,3,0,235,234,10161,3,0,0,3,4
2020-08-17,US,Illinois,Adams,665,7,0,39.98815591,-91.18786813,17001.0,1016.2756934362344,1.0526315789473684,658,643,7,0,636,620,65691,22,0,0,22,23
2020-08-17,US,Illinois,Alexander,40,0,0,37.18049267,-89.32910838,17003.0,694.3239021003299,0.0,40,40,0,0,40,39,6060,0,0,0,0,1
2020-08-17,US,Illinois,Bond,82,3,0,38.88829622,-89.43534887,17005.0,499.208571776452,3.6585365853658534,79,80,3,0,77,77,16630,2,0,0,2,3
2020-08-17,US,Illinois,Boone,771,23,0,42.32359279,-88.82345779,17007.0,1439.9372478709101,2.9831387808041505,748,769,23,0,746,764,53577,2,0,0,2,5
2020-08-17,US,Illinois,Brown,16,0,0,39.96209138,-90.75068024,17009.0,243.2350258437215,0.0,16,15,0,0,15,15,6556,1,0,0,1,0
2020-08-17,US,Illinois,Bureau,276,4,0,41.40385234,-89.5283051,17011.0,845.8992276572269,1.4492753623188406,272,277,4,0,273,269,32993,-1,0,0,-1,8
2020-08-17,US,Illinois,Calhoun,14,0,0,39.16840183,-90.66330078,17013.0,295.4209748892171,0.0,14,14,0,0,14,13,4802,0,0,0,0,1
2020-08-17,US,Illinois,Carroll,89,4,0,42.06823429,-89.93395545,17015.0,622.1600838867529,4.49438202247191,85,84,4,0,80,79,14312,5,0,0,5,5
2020-08-17,US,Illinois,Cass,258,11,0,39.96991073,-90.24734436,17017.0,2123.981229933317,4.263565891472869,247,257,11,0,246,251,12260,1,0,0,1,6
2020-08-17,US,Illinois,Champaign,1776,19,0,40.13919438,-88.20046615,17019.0,846.9686058877671,1.06981981981982,1757,1766,19,0,1747,1752,209983,10,0,0,10,14
2020-08-17,US,Illinois,Christian,157,4,0,39.54581621,-89.27780482,17021.0,486.0079247152056,2.5477707006369426,153,153,4,0,149,150,32661,4,0,0,4,3
2020-08-17,US,Illinois,Clark,96,2,0,39.33425789,-87.78705622,17023.0,621.7213911016124,2.083333333333333,94,95,2,0,93,93,15596,1,0,0,1,2
2020-08-17,US,Illinois,Clay,38,0,0,38.75388572,-88.48914513,17025.0,288.22815533980577,0.0,38,36,0,0,36,32,13253,2,0,0,2,4
2020-08-17,US,Illinois,Clinton,492,17,0,38.60704876,-89.42385254,17027.0,1309.8344071135725,3.4552845528455283,475,485,17,0,468,468,37639,7,0,0,7,17
2020-08-17,US,Illinois,Coles,630,21,0,39.51949084,-88.22358557,17029.0,1244.5427786886864,3.333333333333333,609,612,21,0,591,602,50885,18,0,0,18,10
2020-08-17,US,Illinois,Cook,116620,4964,0,41.84144849,-87.81658794,17031.0,2264.363573453861,4.256559766763848,111656,115960,4962,0,110998,115344,5180493,660,2,0,658,616
2020-08-17,US,Illinois,Crawford,37,0,0,39.0032229,-87.75954624,17033.0,198.21074623667442,0.0,37,35,0,0,35,35,18807,2,0,0,2,0
2020-08-17,US,Illinois,Cumberland,69,3,0,39.27432424,-88.2401158,17035.0,640.9065576815902,4.3478260869565215,66,66,3,0,63,62,10808,3,0,0,3,4
2020-08-17,US,Illinois,De Witt,38,0,0,40.17514519,-88.90959682,17039.0,242.99782580892696,0.0,38,36,0,0,36,37,15769,2,0,0,2,-1
2020-08-17,US,Illinois,DeKalb,993,32,0,41.89373302,-88.76958483,17037.0,946.6428973183217,3.2225579053373616,961,985,32,0,953,977,104143,8,0,0,8,8
2020-08-17,US,Illinois,Douglas,151,3,0,39.76768052,-88.21854195,17041.0,775.7513485743643,1.9867549668874167,148,146,3,0,143,140,19479,5,0,0,5,6
2020-08-17,US,Illinois,DuPage,13032,526,0,41.85116968,-88.08642662,17043.0,1412.0385168394696,4.03621853898097,12506,12892,526,0,12366,12815,928589,140,0,0,140,77
2020-08-17,US,Illinois,Edgar,35,0,0,39.6809186,-87.74759563,17045.0,203.95081871685798,0.0,35,35,0,0,35,34,17360,0,0,0,0,1
2020-08-17,US,Illinois,Edwards,27,0,0,38.41353228,-88.05720863,17047.0,422.2048475371384,0.0,27,25,0,0,25,25,6392,2,0,0,2,0
2020-08-17,US,Illinois,Effingham,252,1,0,39.05935711,-88.58969584,17049.0,741.0021171489061,0.3968253968253968,251,241,1,0,240,228,34208,11,0,0,11,13
2020-08-17,US,Illinois,Fayette,80,3,0,39.00072038,-89.02452658,17051.0,374.9531308586427,3.75,77,78,3,0,75,78,21416,2,0,0,2,0
2020-08-17,US,Illinois,Ford,60,2,0,40.59706922,-88.22350769,17053.0,462.92724326826635,3.333333333333333,58,60,2,0,58,57,13264,0,0,0,0,3
2020-08-17,US,Illinois,Franklin,249,1,0,37.99189086,-88.92567818,17055.0,647.2744287608205,0.4016064257028112,248,242,1,0,241,232,38701,7,0,0,7,10
2020-08-17,US,Illinois,Fulton,48,0,0,40.47289135,-90.20862357,17057.0,139.77868375072802,0.0,48,45,0,0,45,44,34844,3,0,0,3,1
2020-08-17,US,Illinois,Gallatin,54,2,0,37.76430935,-88.22953869,17059.0,1118.4755592377796,3.703703703703704,52,53,2,0,51,51,5058,1,0,0,1,2
2020-08-17,US,Illinois,Greene,73,0,0,39.35907414,-90.388865,17061.0,562.8807155524713,0.0,73,72,0,0,72,71,13044,1,0,0,1,1
2020-08-17,US,Illinois,Grundy,391,5,0,41.28569601,-88.41905692,17063.0,765.8557605672426,1.278772378516624,386,384,5,0,379,378,50972,7,0,0,7,6
2020-08-17,US,Illinois,Hamilton,37,0,0,38.08163641,-88.53883373,17065.0,455.8896007885658,0.0,37,37,0,0,37,34,8163,0,0,0,0,3
2020-08-17,US,Illinois,Hancock,95,1,0,40.40423981,-91.16313899,17067.0,536.480686695279,1.0526315789473684,94,92,1,0,91,85,17844,3,0,0,3,7
2020-08-17,US,Illinois,Hardin,18,0,0,37.51810645,-88.26873022,17069.0,471.08086888249153,0.0,18,18,0,0,18,18,3910,0,0,0,0,0
2020-08-17,US,Illinois,Henderson,24,0,0,40.81908672,-90.92491462,17071.0,361.1194703581102,0.0,24,23,0,0,23,22,6709,1,0,0,1,1
2020-08-17,US,Illinois,Henry,313,1,0,41.3533994,-90.13296166,17073.0,639.9116799214933,0.3194888178913738,312,297,1,0,296,285,49090,16,0,0,16,12
2020-08-17,US,Illinois,Iroquois,280,14,0,40.74717633,-87.82466784,17075.0,1032.676845909862,5.0,266,280,14,0,266,279,27604,0,0,0,0,1
2020-08-17,US,Illinois,Jackson,778,20,0,37.78595185,-89.38232563,17077.0,1370.9251101321586,2.570694087403599,758,772,20,0,752,760,57419,6,0,0,6,12
2020-08-17,US,Illinois,Jasper,72,7,0,39.01054275,-88.15437049,17079.0,749.2195629552548,9.722222222222221,65,66,7,0,59,64,9611,6,0,0,6,2
2020-08-17,US,Illinois,Jefferson,356,22,0,38.29980057,-88.9240025,17081.0,944.69801507271,6.179775280898878,334,353,20,0,333,345,37820,3,2,0,1,8
2020-08-17,US,Illinois,Jersey,157,2,0,39.08869046,-90.35393073,17083.0,721.0765627152896,1.2738853503184713,155,151,2,0,149,145,21847,6,0,0,6,6
2020-08-17,US,Illinois,Jo Daviess,145,2,0,42.36542373,-90.21094405,17085.0,682.8349423122204,1.3793103448275863,143,141,1,0,140,140,21366,4,1,0,3,1
2020-08-17,US,Illinois,Johnson,79,0,0,37.45939802,-88.88165419,17087.0,636.2245308850769,0.0,79,78,0,0,78,77,12456,1,0,0,1,1
2020-08-17,US,Illinois,Kane,10314,304,0,41.93842729,-88.42861412,17089.0,1937.2542979660143,2.9474500678689157,10010,10184,304,0,9880,10157,534216,130,0,0,130,27
2020-08-17,US,Illinois,Kankakee,1900,70,0,41.13746989,-87.86205334,17091.0,1729.4423913637106,3.684210526315789,1830,1886,70,0,1816,1874,110024,14,0,0,14,12
2020-08-17,US,Illinois,Kendall,1479,23,0,41.59081014,-88.42869583,17093.0,1146.600511667571,1.5551048005409058,1456,1461,23,0,1438,1458,127915,18,0,0,18,3
2020-08-17,US,Illinois,Knox,370,1,0,40.93148779,-90.21330340000002,17095.0,744.4817803175115,0.2702702702702703,369,361,1,0,360,351,50112,9,0,0,9,10
2020-08-17,US,Illinois,LaSalle,960,33,0,41.34426129999999,-88.88633881,17099.0,883.4166137536923,3.4375,927,953,30,0,923,932,109430,7,3,0,4,21
2020-08-17,US,Illinois,Lake,13375,450,0,42.3224907,-88.00367925,17097.0,1920.219371603724,3.364485981308411,12925,13282,450,0,12832,13231,700832,93,0,0,93,51
2020-08-17,US,Illinois,Lawrence,65,0,0,38.71987914,-87.72884035,17101.0,414.59369817578767,0.0,65,62,0,0,62,58,15765,3,0,0,3,4
2020-08-17,US,Illinois,Lee,198,1,0,41.74583951,-89.29977132,17103.0,580.7132801501642,0.5050505050505051,197,194,1,0,193,192,34223,4,0,0,4,2
2020-08-17,US,Illinois,Livingston,151,3,0,40.89188292,-88.55784752,17105.0,423.58617594254935,1.9867549668874167,148,150,3,0,147,143,35761,1,0,0,1,7
2020-08-17,US,Illinois,Logan,201,1,0,40.12581572,-89.36638784,17107.0,702.3551610874275,0.4975124378109453,200,196,1,0,195,190,28925,5,0,0,5,6
2020-08-17,US,Illinois,Macon,762,23,0,39.86064913,-88.96342505,17115.0,732.6289071138075,3.0183727034120733,739,755,23,0,732,741,104712,7,0,0,7,14
2020-08-17,US,Illinois,Macoupin,245,3,0,39.26119767,-89.92424028,17117.0,545.3412277968214,1.2244897959183674,242,241,3,0,238,235,45313,4,0,0,4,6
2020-08-17,US,Illinois,Madison,3152,85,0,38.83042506,-89.90422563,17119.0,1198.6340439448445,2.6967005076142128,3067,3111,85,0,3026,3051,264461,41,0,0,41,60
2020-08-17,US,Illinois,Marion,188,0,0,38.64963204,-88.91899208,17121.0,505.30842628678937,0.0,188,182,0,0,182,179,37620,6,0,0,6,3
2020-08-17,US,Illinois,Marshall,35,0,0,41.0327901,-89.34510444,17123.0,305.9975520195838,0.0,35,35,0,0,35,35,11534,0,0,0,0,0
2020-08-17,US,Illinois,Mason,63,0,0,40.23917274,-89.91824452,17125.0,471.5921850437906,0.0,63,61,0,0,61,62,13565,2,0,0,2,-1
2020-08-17,US,Illinois,Massac,45,0,0,37.22078441,-88.71036614,17127.0,326.749927388905,0.0,45,43,0,0,43,43,14080,2,0,0,2,0
2020-08-17,US,Illinois,McDonough,157,15,0,40.45674722,-90.67775541,17109.0,528.9400983761202,9.554140127388537,142,158,15,0,143,155,29955,-1,0,0,-1,3
2020-08-17,US,Illinois,McHenry,3417,115,0,42.32451172,-88.45248227,17111.0,1110.2302338729066,3.3655253146034534,3302,3389,115,0,3274,3364,308570,28,0,0,28,25
2020-08-17,US,Illinois,McLean,782,16,0,40.48996987,-88.84621113,17113.0,455.93148201052963,2.0460358056265986,766,773,15,0,758,756,172828,9,1,0,8,17
2020-08-17,US,Illinois,Menard,62,0,0,40.02742725,-89.80246001,17129.0,508.36339783535584,0.0,62,61,0,0,61,61,12288,1,0,0,1,0
2020-08-17,US,Illinois,Mercer,81,4,0,41.20596782,-90.74290052,17131.0,524.7133510397098,4.938271604938271,77,79,4,0,75,78,15601,2,0,0,2,1
2020-08-17,US,Illinois,Monroe,358,13,0,38.27594376,-90.17761038,17133.0,1033.5768109247338,3.6312849162011163,345,354,13,0,341,353,34335,4,0,0,4,1
2020-08-17,US,Illinois,Montgomery,192,7,0,39.23198845,-89.47809254,17135.0,675.7232350249877,3.6458333333333335,185,190,7,0,183,183,28601,2,0,0,2,7
2020-08-17,US,Illinois,Morgan,402,11,0,39.71654544,-90.20255104,17137.0,1194.366866718165,2.736318407960199,391,392,11,0,381,368,33976,10,0,0,10,24
2020-08-17,US,Illinois,Moultrie,113,0,0,39.64187451,-88.62099969,17139.0,779.256602992897,0.0,113,111,0,0,111,105,14717,2,0,0,2,6
2020-08-17,US,Illinois,Ogle,437,5,0,42.04165196,-89.32184679,17141.0,862.9030665639873,1.1441647597254003,432,433,5,0,428,432,50923,4,0,0,4,1
2020-08-17,US,Illinois,Out of IL,2,0,0,0.0,0.0,80017.0,0.0,0.0,2,,,,,,,,,,,
2020-08-17,US,Illinois,Peoria,1917,37,0,40.78702156,-89.76078901,17143.0,1069.8798408295615,1.9300991131977048,1880,1890,37,0,1853,1866,180621,27,0,0,27,24
2020-08-17,US,Illinois,Perry,213,3,0,38.08510853,-89.36856219,17145.0,1018.3591508892714,1.4084507042253518,210,210,3,0,207,198,21174,3,0,0,3,12
2020-08-17,US,Illinois,Piatt,70,0,0,40.01360584,-88.59319339,17147.0,428.2917278511992,0.0,70,69,0,0,69,67,16396,1,0,0,1,2
2020-08-17,US,Illinois,Pike,35,0,0,39.62265059,-90.8877017,17149.0,224.92127755285648,0.0,35,34,0,0,34,33,15611,1,0,0,1,1
2020-08-17,US,Illinois,Pope,11,0,0,37.41391284,-88.56152109,17151.0,263.3468996887718,0.0,11,11,0,0,11,11,4212,0,0,0,0,0
2020-08-17,US,Illinois,Pulaski,101,1,0,37.22631423,-89.13085001,17153.0,1893.1583880037488,0.99009900990099,100,101,1,0,100,101,5463,0,0,0,0,0
2020-08-17,US,Illinois,Putnam,13,0,0,41.2013541,-89.2869272,17155.0,226.5202997037812,0.0,13,13,0,0,13,13,5740,0,0,0,0,0
2020-08-17,US,Illinois,Randolph,539,7,0,38.05095369,-89.82512254,17157.0,1695.9285129947766,1.2987012987012987,532,523,7,0,516,505,32106,16,0,0,16,18
2020-08-17,US,Illinois,Richland,42,0,0,38.71240969,-88.08475366,17159.0,270.7406691162251,0.0,42,41,0,0,41,31,15763,1,0,0,1,10
2020-08-17,US,Illinois,Rock Island,1884,41,0,41.46613806,-90.57042164,17161.0,1327.8920770515722,2.1762208067940554,1843,1869,40,0,1829,1850,143477,15,1,0,14,19
2020-08-17,US,Illinois,Saline,140,2,0,37.75332999,-88.54119706,17165.0,595.9729258013708,1.4285714285714286,138,138,2,0,136,137,23906,2,0,0,2,1
2020-08-17,US,Illinois,Sangamon,1462,35,0,39.75836914,-89.65872023,17167.0,751.0068217309116,2.3939808481532148,1427,1447,35,0,1412,1422,195348,15,0,0,15,25
2020-08-17,US,Illinois,Schuyler,19,0,0,40.157179799999994,-90.61114163,17169.0,280.73286052009456,0.0,19,19,0,0,19,18,6907,0,0,0,0,1
2020-08-17,US,Illinois,Scott,35,0,0,39.642916899999996,-90.47814431,17171.0,706.9278933548778,0.0,35,35,0,0,35,35,4926,0,0,0,0,0
2020-08-17,US,Illinois,Shelby,109,2,0,39.39133527,-88.80611122,17173.0,503.83655357307936,1.834862385321101,107,108,2,0,106,101,21741,1,0,0,1,7
2020-08-17,US,Illinois,St. Clair,4484,162,0,38.46996033,-89.93063427,17163.0,1726.7007077778546,3.6128456735057983,4322,4425,162,0,4263,4370,261059,59,0,0,59,55
2020-08-17,US,Illinois,Stark,7,0,0,41.09309773,-89.79745866,17175.0,131.03706476974915,0.0,7,7,0,0,7,7,5427,0,0,0,0,0
2020-08-17,US,Illinois,Stephenson,348,6,0,42.35129217,-89.662598,17177.0,782.0576205672165,1.7241379310344829,342,345,6,0,339,342,44753,3,0,0,3,3
2020-08-17,US,Illinois,Tazewell,724,9,0,40.50716185,-89.51404662,17179.0,549.3046440521082,1.2430939226519335,715,700,9,0,691,671,132328,24,0,0,24,29
2020-08-17,US,Illinois,Unassigned,1378,211,0,0.0,0.0,90017.0,0.0,15.312046444121913,1167,1372,211,0,1161,1368,,6,0,0,6,4
2020-08-17,US,Illinois,Union,363,23,0,37.47119609,-89.25548938,17181.0,2179.787425689065,6.336088154269973,340,361,23,0,338,344,16841,2,0,0,2,17
2020-08-17,US,Illinois,Vermilion,273,2,0,40.18417171,-87.73384359,17183.0,360.3579819953008,0.7326007326007326,271,267,2,0,265,264,76806,6,0,0,6,3
2020-08-17,US,Illinois,Wabash,70,1,0,38.44272901,-87.84922065,17185.0,607.6388888888888,1.4285714285714286,69,63,0,0,63,58,11549,7,1,0,6,5
2020-08-17,US,Illinois,Warren,205,0,0,40.84925021,-90.6147432,17187.0,1217.0505818095464,0.0,205,203,0,0,203,199,17032,2,0,0,2,4
2020-08-17,US,Illinois,Washington,75,1,0,38.35309213,-89.40982703,17189.0,540.0734499891985,1.3333333333333333,74,73,1,0,72,73,13995,2,0,0,2,0
2020-08-17,US,Illinois,Wayne,75,2,0,38.42955355,-88.42586459,17191.0,462.53469010175763,2.6666666666666665,73,72,2,0,70,73,16332,3,0,0,3,-1
2020-08-17,US,Illinois,White,87,0,0,38.08706198,-88.17657461,17193.0,642.683016916599,0.0,87,84,0,0,84,80,13665,3,0,0,3,4
2020-08-17,US,Illinois,Whiteside,399,17,0,41.75509713,-89.91556058,17195.0,723.1536021748981,4.260651629072681,382,391,17,0,374,388,55626,8,0,0,8,3
2020-08-17,US,Illinois,Will,10013,351,0,41.44619267,-87.97862712,17197.0,1449.5984758441273,3.505442924198542,9662,9874,351,0,9523,9804,692310,139,0,0,139,70
2020-08-17,US,Illinois,Williamson,552,7,0,37.73033511,-88.92994027,17199.0,828.866165142574,1.2681159420289856,545,534,7,0,527,512,67056,18,0,0,18,22
2020-08-17,US,Illinois,Winnebago,3885,135,0,42.33641854,-89.16085327,17201.0,1374.8708293815384,3.474903474903475,3750,3861,134,0,3727,3853,284081,24,1,0,23,8
2020-08-17,US,Illinois,Woodford,188,3,0,40.78579374,-89.20973757,17203.0,488.8322629293534,1.5957446808510638,185,186,3,0,183,184,38463,2,0,0,2,2
2020-08-17,US,Indiana,Adams,139,2,0,40.7457653,-84.93671406,18001.0,388.5177628085083,1.4388489208633093,137,135,2,0,133,132,35636,4,0,0,4,3
2020-08-17,US,Indiana,Allen,4314,166,0,41.09194313,-85.06800636,18003.0,1137.3612901694971,3.847936949466852,4148,4277,166,0,4111,4225,375351,37,0,0,37,52
2020-08-17,US,Indiana,Bartholomew,924,47,0,39.20744865,-85.89558181,18005.0,1102.901681805703,5.086580086580087,877,910,47,0,863,888,82753,14,0,0,14,22
2020-08-17,US,Indiana,Benton,69,0,0,40.60626947,-87.31093999,18007.0,788.7517146776407,0.0,69,69,0,0,69,68,8653,0,0,0,0,1
2020-08-17,US,Indiana,Blackford,67,2,0,40.47388153,-85.32499702,18009.0,569.8248001360778,2.985074626865672,65,67,2,0,65,66,11930,0,0,0,0,1
2020-08-17,US,Indiana,Boone,740,46,0,40.0509304,-86.46841646,18011.0,1090.7536518137463,6.216216216216216,694,734,46,0,688,726,66999,6,0,0,6,8
2020-08-17,US,Indiana,Brown,79,2,0,39.19605589,-86.22868909,18013.0,523.4561357010336,2.5316455696202533,77,79,2,0,77,78,15234,0,0,0,0,1
2020-08-17,US,Indiana,Carroll,230,7,0,40.580783200000006,-86.56198812,18015.0,1135.409981734709,3.0434782608695654,223,227,6,0,221,225,20127,3,1,0,2,2
2020-08-17,US,Indiana,Cass,1820,9,0,40.76135835,-86.34830753,18017.0,4828.995197537744,0.4945054945054945,1811,1821,9,0,1812,1818,37955,-1,0,0,-1,3
2020-08-17,US,Indiana,Clark,1421,50,0,38.48015445,-85.70510334,18019.0,1201.163124883772,3.518648838845883,1371,1410,50,0,1360,1385,117360,11,0,0,11,25
2020-08-17,US,Indiana,Clay,175,5,0,39.39561833,-87.11723506,18021.0,667.302192564347,2.8571428571428568,170,169,5,0,164,163,26170,6,0,0,6,6
2020-08-17,US,Indiana,Clinton,478,4,0,40.30319754,-86.47277257,18023.0,1475.354177598074,0.8368200836820083,474,474,4,0,470,474,32250,4,0,0,4,0
2020-08-17,US,Indiana,Crawford,52,0,0,38.28814402,-86.44518825,18025.0,491.6327881251773,0.0,52,52,0,0,52,52,10558,0,0,0,0,0
2020-08-17,US,Indiana,Daviess,320,21,0,38.70186039,-87.07185406,18027.0,959.4914695211536,6.5625,299,314,20,0,294,309,33147,6,1,0,5,5
2020-08-17,US,Indiana,DeKalb,254,4,0,41.39804622,-84.99906934,18033.0,584.2438182863715,1.5748031496062993,250,252,4,0,248,250,43226,2,0,0,2,2
2020-08-17,US,Indiana,Dearborn,536,28,0,39.14647946,-84.97333539,18029.0,1083.7478264385943,5.223880597014926,508,535,28,0,507,533,49568,1,0,0,1,2
2020-08-17,US,Indiana,Decatur,359,32,0,39.30712658,-85.50087166,18031.0,1351.7075191084002,8.913649025069637,327,358,32,0,326,358,26794,1,0,0,1,0
2020-08-17,US,Indiana,Delaware,806,53,0,40.22787247,-85.39732772,18035.0,706.1812765584615,6.575682382133995,753,802,53,0,749,796,114772,4,0,0,4,6
2020-08-17,US,Indiana,Dubois,747,13,0,38.36597551,-86.87924170000002,18037.0,1747.9408461250464,1.7402945113788488,734,743,13,0,730,741,42565,4,0,0,4,2
2020-08-17,US,Indiana,Elkhart,5153,92,0,41.59761169,-85.85875695,18039.0,2497.32239351365,1.785367746943528,5061,5120,92,0,5028,5102,205560,33,0,0,33,18
2020-08-17,US,Indiana,Fayette,223,7,0,39.63684962,-85.17797541,18041.0,965.2843909618216,3.1390134529147984,216,220,7,0,213,215,23047,3,0,0,3,5
2020-08-17,US,Indiana,Floyd,902,50,0,38.32117957,-85.90385377,18043.0,1148.7226509767966,5.543237250554324,852,890,50,0,840,877,77781,12,0,0,12,13
2020-08-17,US,Indiana,Fountain,76,2,0,40.12361933,-87.24217689,18045.0,464.9455524287287,2.631578947368421,74,76,2,0,74,76,16351,0,0,0,0,0
2020-08-17,US,Indiana,Franklin,253,19,0,39.4142482,-85.06062647,18047.0,1111.696985675367,7.509881422924901,234,253,19,0,234,253,22736,0,0,0,0,0
2020-08-17,US,Indiana,Fulton,180,2,0,41.0469907,-86.26252745,18049.0,901.171522979874,1.1111111111111112,178,178,2,0,176,177,20092,2,0,0,2,1
2020-08-17,US,Indiana,Gibson,249,4,0,38.30393723,-87.58054938,18051.0,739.7724234231558,1.606425702811245,245,247,4,0,243,246,33452,2,0,0,2,1
2020-08-17,US,Indiana,Grant,544,30,0,40.51587228,-85.65468702,18053.0,827.137405160486,5.514705882352941,514,540,30,0,510,538,65936,4,0,0,4,2
2020-08-17,US,Indiana,Greene,273,34,0,39.03630547,-86.96223202,18055.0,855.2095733350038,12.454212454212456,239,266,34,0,232,263,32006,7,0,0,7,3
2020-08-17,US,Indiana,Hamilton,3169,105,0,40.07306535,-86.05244729,18057.0,937.5434527278695,3.3133480593247078,3064,3144,105,0,3039,3103,330086,25,0,0,25,41
2020-08-17,US,Indiana,Hancock,720,41,0,39.82304555,-85.77566351,18059.0,921.0930303960699,5.6944444444444455,679,719,40,0,679,711,76351,1,1,0,0,8
2020-08-17,US,Indiana,Harrison,389,24,0,38.19467379,-86.10948271,18061.0,960.138220412193,6.169665809768637,365,381,24,0,357,372,40350,8,0,0,8,9
2020-08-17,US,Indiana,Hendricks,2018,109,0,39.76719009,-86.51037283,18063.0,1184.8911696836965,5.401387512388504,1909,2015,109,0,1906,1996,167009,3,0,0,3,19
2020-08-17,US,Indiana,Henry,504,21,0,39.93029017,-85.39625719,18065.0,1050.6128575002085,4.166666666666667,483,504,21,0,483,502,48271,0,0,0,0,2
2020-08-17,US,Indiana,Howard,982,61,0,40.48527731,-86.11351892,18067.0,1189.668540414809,6.211812627291242,921,979,65,0,914,965,82366,3,-4,0,7,14
2020-08-17,US,Indiana,Huntington,137,3,0,40.82907273,-85.48822092,18069.0,375.13691128148963,2.18978102189781,134,136,3,0,133,131,36240,1,0,0,1,5
2020-08-17,US,Indiana,Jackson,632,5,0,38.90915820000001,-86.03851889,18071.0,1428.862110284642,0.7911392405063291,627,628,5,0,623,621,44111,4,0,0,4,7
2020-08-17,US,Indiana,Jasper,272,2,0,41.02078733,-87.11553319,18073.0,810.4403790000598,0.7352941176470589,270,271,2,0,269,270,33370,1,0,0,1,1
2020-08-17,US,Indiana,Jay,102,0,0,40.43781032,-85.00576229,18075.0,499.1192014092777,0.0,102,100,0,0,100,99,20764,2,0,0,2,1
2020-08-17,US,Indiana,Jefferson,184,2,0,38.78576239,-85.43633383,18077.0,569.5183855391854,1.0869565217391304,182,184,2,0,182,180,32208,0,0,0,0,4
2020-08-17,US,Indiana,Jennings,237,12,0,38.99588883,-85.62710784,18079.0,854.5159545700377,5.063291139240507,225,235,12,0,223,235,27611,2,0,0,2,0
2020-08-17,US,Indiana,Johnson,1848,119,0,39.48994426,-86.10149107,18081.0,1168.3853142564506,6.4393939393939394,1729,1845,119,0,1726,1833,156225,3,0,0,3,12
2020-08-17,US,Indiana,Knox,196,3,0,38.68861576,-87.4194665,18083.0,535.6069300978303,1.5306122448979589,193,184,3,0,181,184,36895,12,0,0,12,0
2020-08-17,US,Indiana,Kosciusko,886,12,0,41.24521668,-85.86312322,18085.0,1115.0825614176401,1.3544018058690743,874,882,12,0,870,881,79344,4,0,0,4,1
2020-08-17,US,Indiana,LaGrange,574,10,0,41.64232188,-85.42674232,18087.0,1448.9826828898874,1.7421602787456445,564,573,10,0,563,572,39330,1,0,0,1,1
2020-08-17,US,Indiana,LaPorte,1010,30,0,41.54366008,-86.74072188,18091.0,919.1176470588236,2.9702970297029703,980,1000,30,0,970,979,110007,10,0,0,10,21
2020-08-17,US,Indiana,Lake,8171,284,0,41.41874274,-87.38277575,18089.0,1683.0314752220938,3.475706767837474,7887,8095,283,0,7812,8032,484411,76,1,0,75,63
2020-08-17,US,Indiana,Lawrence,368,27,0,38.84112637,-86.48361629,18093.0,811.1086621115276,7.336956521739131,341,364,27,0,337,362,45668,4,0,0,4,2
2020-08-17,US,Indiana,Madison,1106,66,0,40.16143691,-85.71964711,18095.0,853.5992405590844,5.967450271247738,1040,1100,66,0,1034,1079,129641,6,0,0,6,21
2020-08-17,US,Indiana,Marion,16706,735,0,39.78163624,-86.13826325,18097.0,1731.9419188829984,4.399616904106309,15971,16640,735,0,15905,16539,954670,66,0,0,66,101
2020-08-17,US,Indiana,Marshall,814,23,0,41.32467367,-86.26185087,18099.0,1759.6956202170434,2.8255528255528257,791,808,23,0,785,807,46248,6,0,0,6,1
2020-08-17,US,Indiana,Martin,56,0,0,38.7099921,-86.80373186,18101.0,546.0750853242321,0.0,56,54,0,0,54,54,10217,2,0,0,2,0
2020-08-17,US,Indiana,Miami,286,2,0,40.76940965,-86.04525048,18103.0,805.2708638360176,0.6993006993006993,284,286,2,0,284,284,35567,0,0,0,0,2
2020-08-17,US,Indiana,Monroe,804,33,0,39.16130004,-86.52414358,18105.0,541.6658245245266,4.104477611940299,771,802,33,0,769,794,146917,2,0,0,2,8
2020-08-17,US,Indiana,Montgomery,370,21,0,40.04034823,-86.89335024,18107.0,965.0999008816318,5.6756756756756745,349,369,21,0,348,368,38346,1,0,0,1,1
2020-08-17,US,Indiana,Morgan,512,35,0,39.47899078,-86.44573375,18109.0,726.3544666543713,6.8359375,477,507,35,0,472,505,70116,5,0,0,5,2
2020-08-17,US,Indiana,Newton,122,10,0,40.95610449,-87.39635768,18111.0,872.4256292906176,8.196721311475411,112,122,10,0,112,122,14011,0,0,0,0,0
2020-08-17,US,Indiana,Noble,741,29,0,41.39672484,-85.41966713,18113.0,1552.0274798927614,3.9136302294197027,712,737,29,0,708,724,47532,4,0,0,4,13
2020-08-17,US,Indiana,Ohio,68,7,0,38.955304999999996,-84.96515993,18115.0,1157.4468085106382,10.294117647058824,61,68,7,0,61,64,5844,0,0,0,0,4
2020-08-17,US,Indiana,Orange,193,24,0,38.54118920000001,-86.49523093,18117.0,982.3882724218672,12.43523316062176,169,190,24,0,166,190,19489,3,0,0,3,0
2020-08-17,US,Indiana,Owen,115,1,0,39.31145587,-86.83900724,18119.0,552.9111976537333,0.8695652173913043,114,115,1,0,114,114,20845,0,0,0,0,1
2020-08-17,US,Indiana,Parke,64,1,0,39.77202286,-87.20375833,18121.0,377.8709334592903,1.5625,63,61,1,0,60,60,16927,3,0,0,3,1
2020-08-17,US,Indiana,Perry,194,13,0,38.07809328,-86.63741946,18123.0,1012.0507068704679,6.7010309278350535,181,192,13,0,179,191,19102,2,0,0,2,1
2020-08-17,US,Indiana,Pike,73,0,0,38.40112197,-87.23574907,18125.0,589.2323835660667,0.0,73,73,0,0,73,73,12410,0,0,0,0,0
2020-08-17,US,Indiana,Porter,1469,39,0,41.45986947,-87.06848888,18127.0,862.1448567689229,2.6548672566371683,1430,1450,39,0,1411,1438,169594,19,0,0,19,12
2020-08-17,US,Indiana,Posey,190,0,0,38.02097333,-87.86480429,18129.0,747.2371888150391,0.0,190,188,0,0,188,186,25540,2,0,0,2,2
2020-08-17,US,Indiana,Pulaski,86,1,0,41.04166107,-86.69890683,18131.0,696.187161013519,1.162790697674419,85,87,1,0,86,85,12469,-1,0,0,-1,2
2020-08-17,US,Indiana,Putnam,343,8,0,39.66437981,-86.84517605,18133.0,912.8166915052161,2.332361516034985,335,341,8,0,333,340,37779,2,0,0,2,1
2020-08-17,US,Indiana,Randolph,138,5,0,40.15734772,-85.01139319,18135.0,559.4972633286033,3.6231884057971016,133,135,5,0,130,134,24851,3,0,0,3,1
2020-08-17,US,Indiana,Ripley,226,8,0,39.10235626,-85.26212744,18137.0,797.9098997316762,3.5398230088495577,218,225,8,0,217,223,28523,1,0,0,1,2
2020-08-17,US,Indiana,Rush,105,4,0,39.62002287,-85.4655599,18139.0,633.2549303419578,3.809523809523809,101,103,4,0,99,101,16663,2,0,0,2,2
2020-08-17,US,Indiana,Scott,290,10,0,38.68672078,-85.74627859,18143.0,1214.761445985004,3.4482758620689653,280,289,10,0,279,287,23878,1,0,0,1,2
2020-08-17,US,Indiana,Shelby,582,28,0,39.52305623,-85.79158570000001,18145.0,1301.1692637885935,4.810996563573883,554,582,28,0,554,580,44593,0,0,0,0,2
2020-08-17,US,Indiana,Spencer,141,3,0,38.01519732,-87.0079644,18147.0,695.369137446368,2.127659574468085,138,141,3,0,138,140,20327,0,0,0,0,1
2020-08-17,US,Indiana,St. Joseph,3884,85,0,41.61756781,-86.29040834,18141.0,1428.8552235621314,2.188465499485067,3799,3844,83,0,3761,3808,270771,40,2,0,38,36
2020-08-17,US,Indiana,Starke,186,7,0,41.27890281,-86.64686895,18149.0,808.8714938030008,3.7634408602150535,179,185,7,0,178,184,22935,1,0,0,1,1
2020-08-17,US,Indiana,Steuben,225,3,0,41.64423868,-85.00101094,18151.0,650.4018037810025,1.3333333333333333,222,222,3,0,219,222,34586,3,0,0,3,0
2020-08-17,US,Indiana,Sullivan,193,1,0,39.08952258,-87.41414469,18153.0,933.765542600029,0.5181347150259067,192,180,1,0,179,173,20690,13,0,0,13,7
2020-08-17,US,Indiana,Switzerland,60,0,0,38.82767338,-85.03022429,18155.0,558.0876197563017,0.0,60,59,0,0,59,59,10717,1,0,0,1,0
2020-08-17,US,Indiana,Tippecanoe,1352,12,0,40.38872739,-86.89413959,18157.0,690.7404001389655,0.8875739644970414,1340,1337,12,0,1325,1316,193048,15,0,0,15,21
2020-08-17,US,Indiana,Tipton,164,17,0,40.31123252,-86.05234925,18159.0,1082.6511750726168,10.365853658536585,147,162,17,0,145,160,15128,2,0,0,2,2
2020-08-17,US,Indiana,Unassigned,0,209,0,0.0,0.0,90018.0,0.0,0.0,-209,0,209,0,-209,0,,0,0,0,0,0
2020-08-17,US,Indiana,Union,47,0,0,39.62550777,-84.92497066,18161.0,666.2886305642189,0.0,47,47,0,0,47,42,7037,0,0,0,0,5
2020-08-17,US,Indiana,Vanderburgh,2200,15,0,38.02658833,-87.58763124,18163.0,1212.448539826179,0.6818181818181818,2185,2181,15,0,2166,2149,180974,19,0,0,19,32
2020-08-17,US,Indiana,Vermillion,68,0,0,39.8523352,-87.46160542,18165.0,438.76629242482903,0.0,68,65,0,0,65,64,15479,3,0,0,3,1
2020-08-17,US,Indiana,Vigo,860,13,0,39.42944561,-87.39169027,18167.0,803.452979315757,1.5116279069767442,847,840,13,0,827,812,107386,20,0,0,20,28
2020-08-17,US,Indiana,Wabash,184,5,0,40.84704239,-85.79328272,18169.0,593.6249838688863,2.717391304347826,179,183,5,0,178,182,31280,1,0,0,1,1
2020-08-17,US,Indiana,Warren,27,1,0,40.34728141,-87.35602659,18171.0,326.67876588021784,3.703703703703704,26,27,1,0,26,25,8263,0,0,0,0,2
2020-08-17,US,Indiana,Warrick,633,30,0,38.08922676,-87.2716085,18173.0,1004.7938029778724,4.739336492890995,603,630,30,0,600,622,62567,3,0,0,3,8
2020-08-17,US,Indiana,Washington,162,1,0,38.60219804,-86.1049363,18175.0,577.8285062063062,0.6172839506172839,161,159,1,0,158,159,27943,3,0,0,3,0
2020-08-17,US,Indiana,Wayne,435,10,0,39.863344399999995,-85.01044989,18177.0,660.2513508590856,2.2988505747126435,425,430,10,0,420,424,65936,5,0,0,5,6
2020-08-17,US,Indiana,Wells,183,2,0,40.72934187,-85.22132966,18179.0,646.7345207803222,1.0928961748633879,181,181,2,0,179,180,28206,2,0,0,2,1
2020-08-17,US,Indiana,White,397,11,0,40.74911165,-86.86492015,18181.0,1647.1662102730065,2.7707808564231735,386,394,11,0,383,387,24133,3,0,0,3,7
2020-08-17,US,Indiana,Whitley,170,6,0,41.13863784,-85.50791236,18183.0,500.5299729124956,3.5294117647058822,164,167,6,0,161,164,34074,3,0,0,3,3
2020-08-17,US,Iowa,Adair,40,0,0,41.33075609,-94.47105874,19001.0,559.2841163310962,0.0,40,38,0,0,38,38,7063,2,0,0,2,0
2020-08-17,US,Iowa,Adams,17,0,0,41.02903567,-94.69932645,19003.0,471.9600222098833,0.0,17,17,0,0,17,17,3645,0,0,0,0,0
2020-08-17,US,Iowa,Allamakee,163,4,0,43.28383218,-91.37860922,19005.0,1190.9110835099,2.4539877300613497,159,163,4,0,159,163,13832,0,0,0,0,0
2020-08-17,US,Iowa,Appanoose,58,3,0,40.74324454,-92.86865906,19007.0,466.7632383711572,5.172413793103448,55,56,3,0,53,54,12437,2,0,0,2,2
2020-08-17,US,Iowa,Audubon,30,1,0,41.6844628,-94.90581859,19009.0,545.8515283842795,3.333333333333333,29,30,1,0,29,30,5506,0,0,0,0,0
2020-08-17,US,Iowa,Benton,172,1,0,42.08011739,-92.06463573,19011.0,670.6960421134726,0.5813953488372093,171,171,1,0,170,171,25642,1,0,0,1,0
2020-08-17,US,Iowa,Black Hawk,3322,67,0,42.4704581,-92.30524729,19013.0,2531.471941963605,2.01685731487056,3255,3297,66,0,3231,3284,132408,25,1,0,24,13
2020-08-17,US,Iowa,Boone,295,3,0,42.03657094,-93.9313999,19015.0,1124.4949302431958,1.0169491525423728,292,293,3,0,290,289,26346,2,0,0,2,4
2020-08-17,US,Iowa,Bremer,245,7,0,42.77461496,-92.31795937,19017.0,977.5756124810472,2.8571428571428568,238,243,7,0,236,243,24947,2,0,0,2,0
2020-08-17,US,Iowa,Buchanan,149,1,0,42.4709188,-91.83510825,19019.0,703.6599763872491,0.6711409395973155,148,150,1,0,149,146,21199,-1,0,0,-1,4
2020-08-17,US,Iowa,Buena Vista,1806,12,0,42.73545875,-95.15100162,19021.0,9204.892966360856,0.6644518272425249,1794,1804,12,0,1792,1802,19874,2,0,0,2,2
2020-08-17,US,Iowa,Butler,141,2,0,42.73172833,-92.79015971,19023.0,976.5219198005403,1.4184397163120568,139,140,2,0,138,138,14539,1,0,0,1,2
2020-08-17,US,Iowa,Calhoun,97,2,0,42.38521079,-94.64046046,19025.0,1003.30988829127,2.061855670103093,95,95,2,0,93,93,9699,2,0,0,2,2
2020-08-17,US,Iowa,Carroll,223,2,0,42.03617207,-94.86032705,19027.0,1105.8765187205554,0.8968609865470852,221,223,2,0,221,222,20154,0,0,0,0,1
2020-08-17,US,Iowa,Cass,95,2,0,41.33149454,-94.92792482,19029.0,740.1059520099719,2.1052631578947367,93,94,2,0,92,94,12930,1,0,0,1,0
2020-08-17,US,Iowa,Cedar,137,1,0,41.77233777,-91.13246684,19031.0,735.4914908466205,0.7299270072992701,136,137,1,0,136,137,18627,0,0,0,0,0
2020-08-17,US,Iowa,Cerro Gordo,687,19,0,43.08177563,-93.2612239,19033.0,1618.374558303887,2.7656477438136826,668,686,19,0,667,678,42647,1,0,0,1,8
2020-08-17,US,Iowa,Cherokee,114,1,0,42.73538914,-95.62389402,19035.0,1014.6862483311079,0.8771929824561403,113,113,1,0,112,112,11321,1,0,0,1,1
2020-08-17,US,Iowa,Chickasaw,68,0,0,43.06001295,-92.31773347,19037.0,569.8483197854689,0.0,68,68,0,0,68,66,11964,0,0,0,0,2
2020-08-17,US,Iowa,Clarke,212,3,0,41.02868181,-93.78499767,19039.0,2256.519425226184,1.4150943396226414,209,212,3,0,209,211,9423,0,0,0,0,1
2020-08-17,US,Iowa,Clay,219,1,0,43.08247182,-95.15096481,19041.0,1367.3826173826176,0.45662100456620996,218,215,1,0,214,212,16134,4,0,0,4,3
2020-08-17,US,Iowa,Clayton,122,3,0,42.84443388,-91.34133693,19043.0,695.1963074819078,2.459016393442623,119,120,3,0,117,118,17556,2,0,0,2,2
2020-08-17,US,Iowa,Clinton,537,4,0,41.89981633,-90.53275096,19045.0,1156.6047082642315,0.74487895716946,533,508,4,0,504,473,46518,29,0,0,29,35
2020-08-17,US,Iowa,Crawford,757,3,0,42.03718237,-95.3819718,19047.0,4500.5945303210465,0.3963011889035667,754,754,3,0,751,753,17158,3,0,0,3,1
2020-08-17,US,Iowa,Dallas,1996,35,0,41.68560356,-94.04127625,19049.0,2135.8329855649367,1.7535070140280562,1961,1990,35,0,1955,1986,90180,6,0,0,6,4
2020-08-17,US,Iowa,Davis,69,2,0,40.74773536,-92.41005468,19051.0,766.6666666666665,2.898550724637681,67,65,2,0,63,62,9017,4,0,0,4,3
2020-08-17,US,Iowa,Decatur,30,0,0,40.73742757,-93.78645949,19053.0,381.19440914866584,0.0,30,29,0,0,29,29,7890,1,0,0,1,0
2020-08-17,US,Iowa,Delaware,139,1,0,42.47104597,-91.3664492,19055.0,817.1183351948738,0.7194244604316546,138,136,1,0,135,131,17069,3,0,0,3,5
2020-08-17,US,Iowa,Des Moines,271,2,0,40.92012606,-91.18326592,19057.0,695.4602612466962,0.7380073800738007,269,250,2,0,248,242,39138,21,0,0,21,8
2020-08-17,US,Iowa,Dickinson,392,4,0,43.37787725,-95.1510206,19059.0,2271.410360412562,1.020408163265306,388,390,4,0,386,389,17153,2,0,0,2,1
2020-08-17,US,Iowa,Dubuque,1816,31,0,42.46815349,-90.88181925,19061.0,1866.1816238657505,1.7070484581497798,1785,1797,31,0,1766,1795,96854,19,0,0,19,2
2020-08-17,US,Iowa,Emmet,200,5,0,43.37782951,-94.67858943,19063.0,2172.0243266724588,2.5,195,199,4,0,195,198,9253,1,1,0,0,1
2020-08-17,US,Iowa,Fayette,105,0,0,42.86271799,-91.84412309999999,19065.0,534.3511450381678,0.0,105,102,0,0,102,99,19660,3,0,0,3,3
2020-08-17,US,Iowa,Floyd,179,3,0,43.06000529999999,-92.78940097,19067.0,1144.3549418232965,1.675977653631285,176,178,3,0,175,177,15761,1,0,0,1,1
2020-08-17,US,Iowa,Franklin,271,15,0,42.73270384,-93.26256925,19069.0,2691.1618669314803,5.535055350553505,256,265,13,0,252,265,10124,6,2,0,4,0
2020-08-17,US,Iowa,Fremont,46,0,0,40.74542720000001,-95.60129045,19071.0,660.919540229885,0.0,46,46,0,0,46,45,6993,0,0,0,0,1
2020-08-17,US,Iowa,Greene,42,0,0,42.03614551,-94.39658081,19073.0,472.54725472547256,0.0,42,42,0,0,42,42,8981,0,0,0,0,0
2020-08-17,US,Iowa,Grundy,91,1,0,42.40183723,-92.78829551,19075.0,743.9502943100066,1.0989010989010992,90,91,1,0,90,89,12304,0,0,0,0,2
2020-08-17,US,Iowa,Guthrie,147,5,0,41.68378965,-94.50111014,19077.0,1375.2455795677802,3.4013605442176873,142,147,5,0,142,146,10720,0,0,0,0,1
2020-08-17,US,Iowa,Hamilton,264,1,0,42.38382428,-93.70197703,19079.0,1787.0439314966488,0.3787878787878788,263,262,1,0,261,258,14952,2,0,0,2,4
2020-08-17,US,Iowa,Hancock,128,2,0,43.08178477,-93.73454884,19081.0,1204.1392285983068,1.5625,126,127,2,0,125,126,10712,1,0,0,1,1
2020-08-17,US,Iowa,Hardin,193,0,0,42.38353877,-93.23654611,19083.0,1145.6725632197556,0.0,193,194,0,0,194,193,16868,-1,0,0,-1,1
2020-08-17,US,Iowa,Harrison,118,1,0,41.68330137,-95.81558439,19085.0,839.9174318456827,0.8474576271186439,117,117,1,0,116,116,14134,1,0,0,1,1
2020-08-17,US,Iowa,Henry,166,4,0,40.98767962,-91.54436349,19087.0,831.9134008218904,2.409638554216868,162,166,4,0,162,148,20067,0,0,0,0,18
2020-08-17,US,Iowa,Howard,67,0,0,43.35671042,-92.31702714,19089.0,731.6007861978597,0.0,67,65,0,0,65,56,9187,2,0,0,2,9
2020-08-17,US,Iowa,Humboldt,135,2,0,42.7764426,-94.20722537,19091.0,1412.4293785310736,1.4814814814814814,133,133,1,0,132,133,9547,2,1,0,1,0
2020-08-17,US,Iowa,Ida,34,0,0,42.38696136,-95.51355387,19093.0,495.6268221574344,0.0,34,34,0,0,34,33,6841,0,0,0,0,1
2020-08-17,US,Iowa,Iowa,100,1,0,41.68630265,-92.0643373,19095.0,617.8942165101333,1.0,99,99,1,0,98,99,16141,1,0,0,1,0
2020-08-17,US,Iowa,Jackson,171,1,0,42.17178824,-90.57354837,19097.0,879.6748803950819,0.5847953216374269,170,169,1,0,168,169,19432,2,0,0,2,0
2020-08-17,US,Iowa,Jasper,501,28,0,41.68576082,-93.05567785,19099.0,1347.3174667204519,5.588822355289421,473,498,28,0,470,495,37147,3,0,0,3,3
2020-08-17,US,Iowa,Jefferson,94,0,0,41.03192394,-91.94849466,19101.0,513.8015851325499,0.0,94,91,0,0,91,91,18381,3,0,0,3,0
2020-08-17,US,Iowa,Johnson,2208,21,0,41.67169354,-91.58754744,19103.0,1460.8971814211984,0.9510869565217392,2187,2191,21,0,2170,2182,151260,17,0,0,17,9
2020-08-17,US,Iowa,Jones,138,2,0,42.12118609,-91.13139641,19105.0,667.2791451090372,1.4492753623188406,136,139,2,0,137,136,20744,-1,0,0,-1,3
2020-08-17,US,Iowa,Keokuk,43,1,0,41.33649833,-92.1785067,19107.0,419.6759711106773,2.3255813953488373,42,43,1,0,42,42,10225,0,0,0,0,1
2020-08-17,US,Iowa,Kossuth,106,0,0,43.20405458,-94.20691791,19109.0,715.5876594882872,0.0,106,106,0,0,106,103,14908,0,0,0,0,3
2020-08-17,US,Iowa,Lee,167,5,0,40.64181461,-91.48183025,19111.0,496.18207208010216,2.9940119760479043,162,154,5,0,149,149,34055,13,0,0,13,5
2020-08-17,US,Iowa,Linn,2568,89,0,42.07923082,-91.59809485,19113.0,1132.7446119643946,3.4657320872274138,2479,2549,89,0,2460,2531,225909,19,0,0,19,18
2020-08-17,US,Iowa,Louisa,378,14,0,41.21842119,-91.26102611,19115.0,3425.46443135478,3.703703703703704,364,378,14,0,364,378,11169,0,0,0,0,0
2020-08-17,US,Iowa,Lucas,78,4,0,41.02958964,-93.32780803,19117.0,906.9767441860464,5.128205128205129,74,75,4,0,71,75,8645,3,0,0,3,0
2020-08-17,US,Iowa,Lyon,130,2,0,43.38107862,-96.20926845,19119.0,1105.9123777116122,1.5384615384615383,128,128,2,0,126,127,11811,2,0,0,2,1
2020-08-17,US,Iowa,Madison,136,2,0,41.33081904,-94.01554631,19121.0,832.4152283021177,1.4705882352941178,134,134,2,0,132,133,16249,2,0,0,2,1
2020-08-17,US,Iowa,Mahaska,147,17,0,41.33521503,-92.64083907,19123.0,665.3088934147997,11.564625850340136,130,146,17,0,129,145,22000,1,0,0,1,1
2020-08-17,US,Iowa,Marion,209,0,0,41.33445101,-93.09934783,19125.0,628.5147204763481,0.0,209,209,0,0,209,198,33407,0,0,0,0,11
2020-08-17,US,Iowa,Marshall,1515,27,0,42.03586837,-92.99908190000001,19127.0,3848.205440829079,1.7821782178217822,1488,1509,27,0,1482,1494,39981,6,0,0,6,15
2020-08-17,US,Iowa,Mills,99,1,0,41.03299766,-95.61920963,19129.0,655.2385995102256,1.0101010101010102,98,98,1,0,97,97,15063,1,0,0,1,1
2020-08-17,US,Iowa,Mitchell,83,0,0,43.35638371,-92.78887719,19131.0,784.0544114868692,0.0,83,83,0,0,83,83,10569,0,0,0,0,0
2020-08-17,US,Iowa,Monona,93,1,0,42.05220391,-95.95743843,19133.0,1079.5124782356356,1.075268817204301,92,93,1,0,92,93,8679,0,0,0,0,0
2020-08-17,US,Iowa,Monroe,79,8,0,41.02988815,-92.8690667,19135.0,1025.0421694563383,10.126582278481012,71,78,8,0,70,77,7790,1,0,0,1,1
2020-08-17,US,Iowa,Montgomery,64,4,0,41.03018714,-95.15642896,19137.0,645.3564586064334,6.25,60,64,4,0,60,64,10003,0,0,0,0,0
2020-08-17,US,Iowa,Muscatine,892,48,0,41.48370744,-91.11216970000001,19139.0,2090.7556722295144,5.381165919282512,844,891,48,0,843,887,42929,1,0,0,1,4
2020-08-17,US,Iowa,O'Brien,150,5,0,43.08310673,-95.62474482,19141.0,1090.6711262997164,3.333333333333333,145,149,5,0,144,147,13840,1,0,0,1,2
2020-08-17,US,Iowa,Osceola,89,0,0,43.37824276,-95.62422844,19143.0,1493.7898623699227,0.0,89,89,0,0,89,89,6040,0,0,0,0,0
2020-08-17,US,Iowa,Page,102,0,0,40.7393172,-95.1497813,19145.0,675.1836896802806,0.0,102,101,0,0,101,101,15249,1,0,0,1,0
2020-08-17,US,Iowa,Palo Alto,103,0,0,43.08193849,-94.67824621,19147.0,1159.1267161827593,0.0,103,102,0,0,102,99,8929,1,0,0,1,3
2020-08-17,US,Iowa,Plymouth,523,13,0,42.737633,-96.21366621,19149.0,2077.292767208166,2.48565965583174,510,509,12,0,497,503,25095,14,1,0,13,6
2020-08-17,US,Iowa,Pocahontas,122,2,0,42.73420133,-94.67862564,19151.0,1843.1787279045166,1.639344262295082,120,122,2,0,120,122,6740,0,0,0,0,0
2020-08-17,US,Iowa,Polk,11036,211,0,41.68679484,-93.57767461,19153.0,2251.5051177062232,1.9119246103660748,10825,10983,211,0,10772,10921,487204,53,0,0,53,62
2020-08-17,US,Iowa,Pottawattamie,1427,30,0,41.33640314,-95.53907776,19155.0,1531.0173164817716,2.102312543798178,1397,1426,29,0,1397,1416,93533,1,1,0,0,10
2020-08-17,US,Iowa,Poweshiek,163,8,0,41.68625425,-92.53155731,19157.0,880.8906182447037,4.9079754601227,155,163,8,0,155,162,18699,0,0,0,0,1
2020-08-17,US,Iowa,Ringgold,25,1,0,40.73518949,-94.24368535,19159.0,510.82958724969353,4.0,24,24,1,0,23,24,4968,1,0,0,1,0
2020-08-17,US,Iowa,Sac,90,0,0,42.38624071,-95.10547892,19161.0,925.8306758563933,0.0,90,90,0,0,90,88,9719,0,0,0,0,2
2020-08-17,US,Iowa,Scott,1863,16,0,41.63935978,-90.61959493,19163.0,1077.2335393742446,0.8588298443370908,1847,1853,15,0,1838,1842,173283,10,1,0,9,11
2020-08-17,US,Iowa,Shelby,193,1,0,41.6850066,-95.31015553,19165.0,1685.0008730574473,0.5181347150259067,192,194,1,0,193,194,11578,-1,0,0,-1,0
2020-08-17,US,Iowa,Sioux,698,3,0,43.08221074,-96.17675679999999,19167.0,2002.5821259503657,0.4297994269340974,695,693,3,0,690,689,34909,5,0,0,5,4
2020-08-17,US,Iowa,Story,1413,15,0,42.03621213,-93.46499005,19169.0,1454.9460959461273,1.0615711252653928,1398,1398,15,0,1383,1382,98105,15,0,0,15,16
2020-08-17,US,Iowa,Tama,562,29,0,42.07991767,-92.53266945,19171.0,3334.519995253352,5.160142348754448,533,562,29,0,533,562,16904,0,0,0,0,0
2020-08-17,US,Iowa,Taylor,104,0,0,40.73710579,-94.69778563,19173.0,1699.0687796111747,0.0,104,104,0,0,104,104,6191,0,0,0,0,0
2020-08-17,US,Iowa,Unassigned,6,0,0,0.0,0.0,90019.0,0.0,0.0,6,,,,,1,,,,,,
2020-08-17,US,Iowa,Union,88,3,0,41.0277278,-94.24234847,19175.0,718.8955150722978,3.4090909090909087,85,88,2,0,86,87,12359,0,1,0,-1,1
2020-08-17,US,Iowa,Van Buren,42,1,0,40.75326764,-91.95017958,19177.0,596.2521294718911,2.380952380952381,41,42,1,0,41,40,7020,0,0,0,0,2
2020-08-17,US,Iowa,Wapello,959,38,0,41.03064984,-92.40954728,19179.0,2742.429008550431,3.962460896767466,921,955,37,0,918,947,35205,4,1,0,3,8
2020-08-17,US,Iowa,Warren,606,3,0,41.33559454,-93.56007641,19181.0,1177.476392181246,0.4950495049504951,603,603,2,0,601,603,51056,3,1,0,2,0
2020-08-17,US,Iowa,Washington,310,10,0,41.33577126,-91.71725711,19183.0,1411.3362167083994,3.2258064516129035,300,309,10,0,299,308,22141,1,0,0,1,1
2020-08-17,US,Iowa,Wayne,26,2,0,40.73969028,-93.32752197,19185.0,403.6640273249495,7.6923076923076925,24,25,1,0,24,21,6401,1,1,0,0,4
2020-08-17,US,Iowa,Webster,899,8,0,42.42853483,-94.17987389,19187.0,2503.8992869875224,0.8898776418242491,891,884,8,0,876,880,36277,15,0,0,15,4
2020-08-17,US,Iowa,Winnebago,117,0,0,43.37751174,-93.73407298,19189.0,1129.9980683793706,0.0,117,119,0,0,119,113,10518,-2,0,0,-2,6
2020-08-17,US,Iowa,Winneshiek,113,1,0,43.29094334,-91.84422722,19191.0,565.2543644640089,0.8849557522123894,112,109,1,0,108,108,20029,4,0,0,4,1
2020-08-17,US,Iowa,Woodbury,3828,54,0,42.38979414,-96.0459439,19193.0,3712.648025837237,1.4106583072100314,3774,3807,54,0,3753,3803,102539,21,0,0,21,4
2020-08-17,US,Iowa,Worth,71,0,0,43.37750768,-93.26087602,19195.0,961.9292778756267,0.0,71,71,0,0,71,71,7453,0,0,0,0,0
2020-08-17,US,Iowa,Wright,497,1,0,42.73305373,-93.73515113,19197.0,3956.376373188983,0.2012072434607646,496,496,1,0,495,488,12690,1,0,0,1,8
2020-08-17,US,Kansas,Allen,20,0,0,37.88582951,-95.30030847,20001.0,161.69455897809038,0.0,20,22,0,0,22,22,12444,-2,0,0,-2,0
2020-08-17,US,Kansas,Anderson,31,0,0,38.21413251,-95.29272815,20003.0,394.50241791804535,0.0,31,30,0,0,30,30,7878,1,0,0,1,0
2020-08-17,US,Kansas,Atchison,99,0,0,39.53185661,-95.30870026,20005.0,615.9397747775773,0.0,99,83,0,0,83,83,16193,16,0,0,16,0
2020-08-17,US,Kansas,Barber,6,0,0,37.2288586,-98.68460053,20007.0,135.5319629545968,0.0,6,4,0,0,4,4,4472,2,0,0,2,0
2020-08-17,US,Kansas,Barton,186,3,0,38.47889676,-98.75636726,20009.0,721.5175142557896,1.6129032258064515,183,149,3,0,146,149,26111,37,0,0,37,0
2020-08-17,US,Kansas,Bourbon,82,2,0,37.85508555,-94.84865997,20011.0,564.1943030136233,2.4390243902439024,80,78,2,0,76,78,14653,4,0,0,4,0
2020-08-17,US,Kansas,Brown,53,0,0,39.82652589,-95.56421698,20013.0,554.1614387285655,0.0,53,47,0,0,47,47,9598,6,0,0,6,0
2020-08-17,US,Kansas,Butler,330,2,0,37.78134351,-96.83878537,20015.0,493.19244967195226,0.6060606060606061,328,333,2,0,331,333,66765,-3,0,0,-3,0
2020-08-17,US,Kansas,Chase,58,0,0,38.30292938,-96.59563862,20017.0,2190.332326283988,0.0,58,46,0,0,46,46,2629,12,0,0,12,0
2020-08-17,US,Kansas,Chautauqua,6,0,0,37.14994405,-96.2454192,20019.0,184.61538461538456,0.0,6,6,0,0,6,6,3309,0,0,0,0,0
2020-08-17,US,Kansas,Cherokee,168,0,0,37.16928494,-94.8462897,20021.0,842.5698380059181,0.0,168,157,1,0,156,157,20015,11,-1,0,12,0
2020-08-17,US,Kansas,Cheyenne,5,0,0,39.78580976,-101.7318201,20023.0,188.1821603312006,0.0,5,5,0,0,5,5,2660,0,0,0,0,0
2020-08-17,US,Kansas,Clark,45,1,0,37.23577007,-99.81883015,20025.0,2256.7703109327986,2.2222222222222223,44,45,1,0,44,45,2005,0,0,0,0,0
2020-08-17,US,Kansas,Clay,21,2,0,39.34948772,-97.16518128,20027.0,262.4343914021494,9.523809523809524,19,22,2,0,20,22,7997,-1,0,0,-1,0
2020-08-17,US,Kansas,Cloud,42,0,0,39.48028352,-97.64925343,20029.0,478.0332346915548,0.0,42,41,0,0,41,41,8729,1,0,0,1,0
2020-08-17,US,Kansas,Coffey,71,8,0,38.2365018,-95.73379515,20031.0,868.0767820026898,11.267605633802814,63,70,8,0,62,70,8233,1,0,0,1,0
2020-08-17,US,Kansas,Comanche,9,0,0,37.19114520000001,-99.27113247,20033.0,529.4117647058823,0.0,9,9,0,0,9,9,1748,0,0,0,0,0
2020-08-17,US,Kansas,Cowley,198,2,0,37.23781842,-96.83776647,20035.0,567.2052251632864,1.0101010101010102,196,182,2,0,180,182,35218,16,0,0,16,0
2020-08-17,US,Kansas,Crawford,400,1,0,37.50675523,-94.85245778,20037.0,1030.4497913339173,0.25,399,415,1,0,414,415,39019,-15,0,0,-15,0
2020-08-17,US,Kansas,Decatur,6,0,0,39.78468441,-100.45940809999999,20039.0,212.2391227449593,0.0,6,5,0,0,5,5,2871,1,0,0,1,0
2020-08-17,US,Kansas,Dickinson,53,1,0,38.86600962,-97.15532383,20041.0,287.0139716235243,1.8867924528301887,52,47,1,0,46,47,18717,6,0,0,6,0
2020-08-17,US,Kansas,Doniphan,50,0,0,39.79067154,-95.14056866,20043.0,657.8947368421052,0.0,50,46,0,0,46,46,7682,4,0,0,4,0
2020-08-17,US,Kansas,Douglas,839,5,0,38.88503636,-95.2925121,20045.0,686.2480471785308,0.5959475566150179,834,805,5,0,800,805,121436,34,0,0,34,0
2020-08-17,US,Kansas,Edwards,12,0,0,37.88735543,-99.31263309,20047.0,428.87776983559684,0.0,12,16,0,0,16,16,2849,-4,0,0,-4,0
2020-08-17,US,Kansas,Elk,1,0,0,37.45338105,-96.24369667,20049.0,39.52569169960474,0.0,1,1,0,0,1,1,2508,0,0,0,0,0
2020-08-17,US,Kansas,Ellis,161,1,0,38.91458712,-99.31751551,20051.0,563.8636920813925,0.6211180124223602,160,153,1,0,152,153,28710,8,0,0,8,0
2020-08-17,US,Kansas,Ellsworth,22,0,0,38.69677695,-98.20462799,20053.0,360.53752867912164,0.0,22,21,0,0,21,21,6196,1,0,0,1,0
2020-08-17,US,Kansas,Finney,1820,11,0,38.04340344,-100.73819379999999,20055.0,4990.813612307017,0.6043956043956044,1809,1730,11,0,1719,1730,36611,90,0,0,90,0
2020-08-17,US,Kansas,Ford,2180,10,0,37.69200114,-99.88825298,20057.0,6484.428448198935,0.4587155963302753,2170,2206,10,0,2196,2206,33888,-26,0,0,-26,0
2020-08-17,US,Kansas,Franklin,237,2,0,38.56443815,-95.28644341,20059.0,927.8108362041968,0.8438818565400844,235,222,1,0,221,222,25631,15,1,0,14,0
2020-08-17,US,Kansas,Geary,174,2,0,38.99871131,-96.7577178,20061.0,549.4158509630565,1.1494252873563218,172,223,2,0,221,223,32594,-49,0,0,-49,0
2020-08-17,US,Kansas,Gove,6,0,0,38.91588178,-100.4829321,20063.0,227.6176024279211,0.0,6,5,0,0,5,5,2612,1,0,0,1,0
2020-08-17,US,Kansas,Graham,23,0,0,39.34987223,-99.88332493,20065.0,926.6720386784853,0.0,23,18,0,0,18,18,2492,5,0,0,5,0
2020-08-17,US,Kansas,Grant,130,2,0,37.56227336,-101.3079758,20067.0,1818.1818181818185,1.5384615384615383,128,102,2,0,100,102,7336,28,0,0,28,0
2020-08-17,US,Kansas,Gray,90,0,0,37.73836671,-100.4369088,20069.0,1503.0060120240478,0.0,90,77,0,0,77,77,6033,13,0,0,13,0
2020-08-17,US,Kansas,Greeley,4,0,0,38.4808095,-101.8061079,20071.0,324.67532467532465,0.0,4,4,0,0,4,4,1227,0,0,0,0,0
2020-08-17,US,Kansas,Greenwood,23,0,0,37.8774388,-96.23250453,20073.0,384.4867937144768,0.0,23,23,0,0,23,23,6055,0,0,0,0,0
2020-08-17,US,Kansas,Hamilton,42,0,0,37.99978709,-101.7921066,20075.0,1654.1945647892871,0.0,42,43,0,0,43,43,2607,-1,0,0,-1,0
2020-08-17,US,Kansas,Harper,24,0,0,37.19175361,-98.07578384,20077.0,441.5011037527594,0.0,24,21,0,0,21,21,5506,3,0,0,3,0
2020-08-17,US,Kansas,Harvey,246,2,0,38.04293782,-97.42747573,20079.0,714.5139272125242,0.8130081300813008,244,224,1,0,223,224,34210,22,1,0,21,0
2020-08-17,US,Kansas,Haskell,44,0,0,37.562039399999996,-100.8710738,20081.0,1108.8709677419354,0.0,44,49,0,0,49,49,3997,-5,0,0,-5,0
2020-08-17,US,Kansas,Hodgeman,11,0,0,38.08780079,-99.89829881,20083.0,613.1549609810479,0.0,11,11,0,0,11,11,1818,0,0,0,0,0
2020-08-17,US,Kansas,Jackson,166,1,0,39.41673394,-95.79356799,20085.0,1260.3446966821045,0.6024096385542169,165,164,1,0,163,164,13280,2,0,0,2,0
2020-08-17,US,Kansas,Jefferson,95,0,0,39.2347941,-95.38289232,20087.0,498.8709762117313,0.0,95,89,0,0,89,89,18975,6,0,0,6,0
2020-08-17,US,Kansas,Jewell,14,1,0,39.78470589,-98.21820662,20089.0,486.2799583188608,7.142857142857142,13,13,1,0,12,13,2841,1,0,0,1,0
2020-08-17,US,Kansas,Johnson,6582,108,0,38.88548175,-94.82250877,20091.0,1092.6276682807631,1.6408386508659982,6474,6357,108,0,6249,6357,597555,225,0,0,225,0
2020-08-17,US,Kansas,Kearny,67,1,0,38.00017981,-101.32168100000001,20093.0,1745.7008858780616,1.492537313432836,66,66,1,0,65,66,3943,1,0,0,1,0
2020-08-17,US,Kansas,Kingman,27,0,0,37.55909527,-98.13638678,20095.0,377.51677852349,0.0,27,25,0,0,25,25,7310,2,0,0,2,0
2020-08-17,US,Kansas,Kiowa,8,0,0,37.55848695,-99.2856537,20097.0,323.2323232323232,0.0,8,8,0,0,8,8,2516,0,0,0,0,0
2020-08-17,US,Kansas,Labette,159,1,0,37.19113093,-95.29849679,20099.0,810.4801712712814,0.6289308176100629,158,153,1,0,152,153,19964,6,0,0,6,0
2020-08-17,US,Kansas,Lane,6,0,0,38.48119447,-100.46607540000001,20101.0,390.8794788273616,0.0,6,6,0,0,6,6,1560,0,0,0,0,0
2020-08-17,US,Kansas,Leavenworth,1548,9,0,39.20183497,-95.03620809,20103.0,1893.3926955160348,0.5813953488372093,1539,1549,9,0,1540,1549,81352,-1,0,0,-1,0
2020-08-17,US,Kansas,Lincoln,6,0,0,39.04549684,-98.20756994,20105.0,202.56583389601624,0.0,6,6,0,0,6,6,3023,0,0,0,0,0
2020-08-17,US,Kansas,Linn,50,0,0,38.21267844,-94.84254089,20107.0,515.3045449860866,0.0,50,50,0,0,50,50,9750,0,0,0,0,0
2020-08-17,US,Kansas,Logan,2,0,0,38.91735806,-101.148475,20109.0,71.58196134574086,0.0,2,2,0,0,2,2,2844,0,0,0,0,0
2020-08-17,US,Kansas,Lyon,762,14,0,38.45576156,-96.15275715,20111.0,2295.526434704021,1.837270341207349,748,703,14,0,689,703,33406,59,0,0,59,0
2020-08-17,US,Kansas,Marion,59,1,0,38.35855394,-97.09852509999999,20115.0,496.4658364187142,1.6949152542372878,58,59,1,0,58,59,11950,0,0,0,0,0
2020-08-17,US,Kansas,Marshall,15,0,0,39.78359669,-96.52278974,20117.0,154.52766045122078,0.0,15,14,0,0,14,14,9722,1,0,0,1,0
2020-08-17,US,Kansas,McPherson,169,1,0,38.39184858,-97.64769869,20113.0,592.1098731693644,0.591715976331361,168,164,1,0,163,164,28537,5,0,0,5,0
2020-08-17,US,Kansas,Meade,52,0,0,37.23859987,-100.36483100000001,20119.0,1289.3627572526655,0.0,52,59,0,0,59,59,4146,-7,0,0,-7,0
2020-08-17,US,Kansas,Miami,150,0,0,38.56383358,-94.83832189,20121.0,438.1224990507346,0.0,150,152,0,0,152,152,33680,-2,0,0,-2,0
2020-08-17,US,Kansas,Mitchell,28,0,0,39.39331582,-98.20906732,20123.0,468.3057367452751,0.0,28,28,0,0,28,28,6150,0,0,0,0,0
2020-08-17,US,Kansas,Montgomery,193,5,0,37.19236568,-95.74329258,20125.0,606.3652643815389,2.5906735751295336,188,168,5,0,163,168,32120,25,0,0,25,0
2020-08-17,US,Kansas,Morris,12,0,0,38.68827511,-96.65128437,20127.0,213.52313167259786,0.0,12,13,0,0,13,13,5521,-1,0,0,-1,0
2020-08-17,US,Kansas,Morton,10,2,0,37.19141121,-101.79925190000002,20129.0,386.54812524159263,20.0,8,10,2,0,8,10,2667,0,0,0,0,0
2020-08-17,US,Kansas,Nemaha,50,1,0,39.78345387,-96.01392079,20131.0,488.710780959828,2.0,49,50,1,0,49,50,10155,0,0,0,0,0
2020-08-17,US,Kansas,Neosho,66,0,0,37.55862897,-95.30670046,20133.0,412.3196101705504,0.0,66,67,0,0,67,67,15951,-1,0,0,-1,0
2020-08-17,US,Kansas,Ness,8,0,0,38.47974157,-99.91547333,20135.0,290.90909090909093,0.0,8,7,0,0,7,7,2840,1,0,0,1,0
2020-08-17,US,Kansas,Norton,23,0,0,39.78443827,-99.90286639,20137.0,429.0244357396009,0.0,23,23,0,0,23,23,5430,0,0,0,0,0
2020-08-17,US,Kansas,Osage,50,0,0,38.65235984,-95.72707998,20139.0,313.49927895165837,0.0,50,47,0,0,47,47,15941,3,0,0,3,0
2020-08-17,US,Kansas,Osborne,4,0,0,39.3503437,-98.76753828,20141.0,116.92487576731949,0.0,4,4,0,0,4,4,3475,0,0,0,0,0
2020-08-17,US,Kansas,Ottawa,39,0,0,39.13237408,-97.65020313,20143.0,683.7307152875176,0.0,39,37,0,0,37,37,5802,2,0,0,2,0
2020-08-17,US,Kansas,Pawnee,65,0,0,38.18108732,-99.23692334,20145.0,1013.4081696289368,0.0,65,63,0,0,63,63,6562,2,0,0,2,0
2020-08-17,US,Kansas,Phillips,51,8,0,39.78465501,-99.34668865,20147.0,974.3981658387466,15.68627450980392,43,48,8,0,40,48,5317,3,0,0,3,0
2020-08-17,US,Kansas,Pottawatomie,119,0,0,39.37925655,-96.34564657,20149.0,488.044949349957,0.0,119,119,0,0,119,119,24277,0,0,0,0,0
2020-08-17,US,Kansas,Pratt,35,0,0,37.64780729,-98.73922153,20151.0,381.9292885202968,0.0,35,35,0,0,35,35,9378,0,0,0,0,0
2020-08-17,US,Kansas,Reno,491,1,0,37.95230263,-98.08607292,20155.0,791.961031001,0.20366598778004075,490,418,1,0,417,418,62342,73,0,0,73,0
2020-08-17,US,Kansas,Republic,32,0,0,39.82799632,-97.65036709,20157.0,690.2502157031925,0.0,32,31,0,0,31,31,4664,1,0,0,1,0
2020-08-17,US,Kansas,Rice,41,0,0,38.34616184,-98.19992118,20159.0,429.9045821537171,0.0,41,39,0,0,39,39,9531,2,0,0,2,0
2020-08-17,US,Kansas,Riley,512,5,0,39.28935726,-96.73420026,20161.0,689.7294967130078,0.9765625,507,451,5,0,446,451,73703,61,0,0,61,0
2020-08-17,US,Kansas,Rooks,19,0,0,39.35022773,-99.32484567,20163.0,386.1788617886178,0.0,19,18,0,0,18,18,5013,1,0,0,1,0
2020-08-17,US,Kansas,Rush,10,0,0,38.52275276,-99.30863983,20165.0,329.3807641633729,0.0,10,10,0,0,10,10,3093,0,0,0,0,0
2020-08-17,US,Kansas,Russell,17,0,0,38.91462787,-98.76254297,20167.0,247.9579929988332,0.0,17,19,0,0,19,19,6907,-2,0,0,-2,0
2020-08-17,US,Kansas,Saline,416,7,0,38.78369175,-97.65185177,20169.0,767.1879610504573,1.6826923076923077,409,385,7,0,378,385,54401,31,0,0,31,0
2020-08-17,US,Kansas,Scott,79,0,0,38.48222076,-100.90665390000001,20171.0,1637.9846568525809,0.0,79,54,0,0,54,54,4897,25,0,0,25,0
2020-08-17,US,Kansas,Sedgwick,5429,47,0,37.6842718,-97.4608198,20173.0,1052.0461512822599,0.8657211272794253,5382,5718,47,0,5671,5718,513607,-289,0,0,-289,0
2020-08-17,US,Kansas,Seward,1306,4,0,37.19324632,-100.85072009999999,20175.0,6094.8291954452125,0.30627871362940273,1302,1189,4,0,1185,1189,21780,117,0,0,117,0
2020-08-17,US,Kansas,Shawnee,1788,19,0,39.04100763,-95.75572640000001,20177.0,1010.8833922261484,1.0626398210290828,1769,1720,19,0,1701,1720,177499,68,0,0,68,0
2020-08-17,US,Kansas,Sheridan,9,0,0,39.35018161,-100.44182590000001,20179.0,357.0011900039666,0.0,9,7,0,0,7,7,2533,2,0,0,2,0
2020-08-17,US,Kansas,Sherman,17,0,0,39.35147699,-101.71976240000001,20181.0,287.30775730944737,0.0,17,17,0,0,17,17,5899,0,0,0,0,0
2020-08-17,US,Kansas,Smith,3,0,0,39.78516566,-98.78566062,20183.0,83.72871895060004,0.0,3,3,0,0,3,3,3603,0,0,0,0,0
2020-08-17,US,Kansas,Stafford,12,1,0,38.03100851,-98.71762001,20185.0,288.7391722810395,8.333333333333334,11,7,1,0,6,7,4178,5,0,0,5,0
2020-08-17,US,Kansas,Stanton,20,1,0,37.56304714,-101.78435340000001,20187.0,997.0089730807578,5.0,19,40,1,0,39,40,1987,-20,0,0,-20,0
2020-08-17,US,Kansas,Stevens,46,0,0,37.1923008,-101.3118967,20189.0,838.6508659981769,0.0,46,46,0,0,46,46,5559,0,0,0,0,0
2020-08-17,US,Kansas,Sumner,107,3,0,37.23682549,-97.47721621,20191.0,468.5584165352951,2.803738317757009,104,104,3,0,101,104,22996,3,0,0,3,0
2020-08-17,US,Kansas,Thomas,51,0,0,39.35107575,-101.0553705,20193.0,655.7798637006557,0.0,51,45,0,0,45,45,7711,6,0,0,6,0
2020-08-17,US,Kansas,Trego,7,1,0,38.91467218,-99.87284448,20195.0,249.73242953977882,14.285714285714285,6,7,1,0,6,7,2793,0,0,0,0,0
2020-08-17,US,Kansas,Wabaunsee,45,0,0,38.95471985,-96.20350509,20197.0,649.2569614774203,0.0,45,43,0,0,43,43,6899,2,0,0,2,0
2020-08-17,US,Kansas,Washington,2,0,0,39.78420784,-97.08753229999999,20201.0,36.99593044765076,0.0,2,1,0,0,1,1,5420,1,0,0,1,0
2020-08-17,US,Kansas,Wichita,4,0,0,38.48178252,-101.3471509,20203.0,188.76828692779614,0.0,4,4,0,0,4,4,2105,0,0,0,0,0
2020-08-17,US,Kansas,Wilson,16,0,0,37.55937174,-95.74323255,20205.0,187.68328445747798,0.0,16,14,0,0,14,14,8665,2,0,0,2,0
2020-08-17,US,Kansas,Woodson,12,0,0,37.8865336,-95.74006277,20207.0,382.4091778202677,0.0,12,12,0,0,12,12,3183,0,0,0,0,0
2020-08-17,US,Kansas,Wyandotte,5405,107,0,39.11727348,-94.76378225,20209.0,3267.2626927564093,1.9796484736355229,5298,5329,107,0,5222,5329,165324,76,0,0,76,0
2020-08-17,US,Kentucky,Adair,233,19,0,37.10459774,-85.28129668,21001.0,1213.4152692427874,8.15450643776824,214,224,19,0,205,224,19215,9,0,0,9,0
2020-08-17,US,Kentucky,Allen,236,8,0,36.75197631,-86.19457544,21003.0,1107.201501290171,3.3898305084745757,228,234,8,0,226,234,21122,2,0,0,2,0
2020-08-17,US,Kentucky,Anderson,92,1,0,38.00671029,-84.99171713,21005.0,404.4489383215368,1.0869565217391304,91,90,1,0,89,90,22663,2,0,0,2,0
2020-08-17,US,Kentucky,Ballard,37,0,0,37.05842757,-88.99427697,21007.0,469.06693711967546,0.0,37,37,0,0,37,37,7979,0,0,0,0,0
2020-08-17,US,Kentucky,Barren,432,3,0,36.96469836,-85.93338945,21009.0,976.293249564962,0.6944444444444444,429,429,3,0,426,429,44176,3,0,0,3,0
2020-08-17,US,Kentucky,Bath,41,1,0,38.14735938,-83.74588932,21011.0,328.0,2.4390243902439024,40,41,1,0,40,41,12383,0,0,0,0,0
2020-08-17,US,Kentucky,Bell,350,5,0,36.73355174,-83.67766671,21013.0,1344.499078057775,1.4285714285714286,345,338,5,0,333,338,26569,12,0,0,12,0
2020-08-17,US,Kentucky,Boone,1157,24,0,38.97065142,-84.72615357,21015.0,866.1411428271985,2.0743301642178045,1133,1149,24,0,1125,1149,131533,8,0,0,8,0
2020-08-17,US,Kentucky,Bourbon,99,1,0,38.2054607,-84.21827874,21017.0,500.3032140691328,1.0101010101010102,98,97,1,0,96,97,20184,2,0,0,2,0
2020-08-17,US,Kentucky,Boyd,203,4,0,38.36176608,-82.68652187,21019.0,434.52202577165116,1.9704433497536944,199,201,3,0,198,201,47240,2,1,0,1,0
2020-08-17,US,Kentucky,Boyle,172,0,0,37.62680923,-84.8633779,21021.0,572.1889554224882,0.0,172,168,0,0,168,168,30100,4,0,0,4,0
2020-08-17,US,Kentucky,Bracken,37,0,0,38.69158994,-84.08532444,21023.0,445.6220643141034,0.0,37,37,0,0,37,37,8239,0,0,0,0,0
2020-08-17,US,Kentucky,Breathitt,33,0,0,37.52333168,-83.31959161,21025.0,261.2826603325416,0.0,33,33,0,0,33,33,12726,0,0,0,0,0
2020-08-17,US,Kentucky,Breckinridge,87,2,0,37.77377239,-86.42885017,21027.0,424.86692386580063,2.2988505747126435,85,84,2,0,82,84,20388,3,0,0,3,0
2020-08-17,US,Kentucky,Bullitt,448,5,0,37.97162523,-85.68955617,21029.0,548.5087418580733,1.1160714285714286,443,440,5,0,435,440,81069,8,0,0,8,0
2020-08-17,US,Kentucky,Butler,304,15,0,37.20946153,-86.68748787,21031.0,2360.431710536532,4.934210526315789,289,303,15,0,288,303,12772,1,0,0,1,0
2020-08-17,US,Kentucky,Caldwell,57,0,0,37.14749129,-87.86948214,21033.0,447.16403859731696,0.0,57,55,0,0,55,55,12715,2,0,0,2,0
2020-08-17,US,Kentucky,Calloway,294,5,0,36.62093411,-88.2731593,21035.0,753.8268249532064,1.7006802721088434,289,289,4,0,285,289,39135,5,1,0,4,0
2020-08-17,US,Kentucky,Campbell,622,13,0,38.94384345,-84.37875208,21037.0,664.6435288083433,2.090032154340836,609,612,13,0,599,612,93152,10,0,0,10,0
2020-08-17,US,Kentucky,Carlisle,50,1,0,36.85372876,-88.96692220000001,21039.0,1050.420168067227,2.0,49,50,1,0,49,50,4771,0,0,0,0,0
2020-08-17,US,Kentucky,Carroll,170,2,0,38.66599534,-85.12601074,21041.0,1599.096980528643,1.1764705882352942,168,170,2,0,168,170,10737,0,0,0,0,0
2020-08-17,US,Kentucky,Carter,105,2,0,38.31690743,-83.05092385,21043.0,391.8349068925626,1.9047619047619049,103,105,2,0,103,105,27004,0,0,0,0,0
2020-08-17,US,Kentucky,Casey,213,11,0,37.32533118,-84.92726209,21045.0,1318.1508756729995,5.164319248826291,202,213,11,0,202,213,15888,0,0,0,0,0
2020-08-17,US,Kentucky,Christian,540,10,0,36.89267803,-87.49055367,21047.0,766.3814024779665,1.851851851851852,530,532,10,0,522,532,71671,8,0,0,8,0
2020-08-17,US,Kentucky,Clark,189,7,0,37.9689263,-84.14615986,21049.0,521.1923999669084,3.703703703703704,182,186,7,0,179,186,36249,3,0,0,3,0
2020-08-17,US,Kentucky,Clay,190,5,0,37.16451126,-83.712575,21051.0,954.7258931711974,2.631578947368421,185,185,5,0,180,185,20105,5,0,0,5,0
2020-08-17,US,Kentucky,Clinton,48,1,0,36.72581156,-85.13377529,21053.0,469.75924838520257,2.083333333333333,47,42,1,0,41,42,10206,6,0,0,6,0
2020-08-17,US,Kentucky,Crittenden,34,1,0,37.35839237,-88.08826090000002,21055.0,386.1003861003861,2.9411764705882355,33,34,1,0,33,34,8915,0,0,0,0,0
2020-08-17,US,Kentucky,Cumberland,67,0,0,36.78926125,-85.39050034,21057.0,1013.0027214998488,0.0,67,66,0,0,66,66,6659,1,0,0,1,0
2020-08-17,US,Kentucky,Daviess,827,9,0,37.73028906,-87.09019479999998,21059.0,814.6900335924188,1.0882708585247884,818,824,9,0,815,824,101104,3,0,0,3,0
2020-08-17,US,Kentucky,Edmonson,115,12,0,37.21218923,-86.23955613,21061.0,946.5020576131687,10.434782608695652,103,115,12,0,103,115,12274,0,0,0,0,0
2020-08-17,US,Kentucky,Elliott,15,0,0,38.11624059,-83.09771563,21063.0,199.5476918983637,0.0,15,15,0,0,15,15,7508,0,0,0,0,0
2020-08-17,US,Kentucky,Estill,27,0,0,37.69241417,-83.95956369,21065.0,191.40791152700984,0.0,27,27,0,0,27,27,14198,0,0,0,0,0
2020-08-17,US,Kentucky,Fayette,3460,50,0,38.0368225,-84.45576892,21067.0,1070.7035698371046,1.4450867052023122,3410,3385,49,0,3336,3385,323780,75,1,0,74,0
2020-08-17,US,Kentucky,Fleming,64,0,0,38.36758311,-83.69657514,21069.0,438.9273712365407,0.0,64,64,0,0,64,64,14432,0,0,0,0,0
2020-08-17,US,Kentucky,Floyd,119,2,0,37.56213922,-82.74750924,21071.0,334.37298041529687,1.680672268907563,117,119,2,0,117,119,35845,0,0,0,0,0
2020-08-17,US,Kentucky,Franklin,357,11,0,38.2379395,-84.87962551,21073.0,700.1235512149202,3.0812324929971986,346,349,9,0,340,349,50815,8,2,0,6,0
2020-08-17,US,Kentucky,Fulton,101,2,0,36.55238827,-89.20140068,21075.0,1692.075724576981,1.98019801980198,99,98,2,0,96,98,6120,3,0,0,3,0
2020-08-17,US,Kentucky,Gallatin,82,7,0,38.75398691,-84.8558382,21077.0,924.5687225166307,8.536585365853659,75,82,7,0,75,82,8832,0,0,0,0,0
2020-08-17,US,Kentucky,Garrard,93,0,0,37.638866799999995,-84.53289319,21079.0,526.4349598098041,0.0,93,91,0,0,91,91,17560,2,0,0,2,0
2020-08-17,US,Kentucky,Grant,128,6,0,38.64962758,-84.62415957,21081.0,510.59076947624567,4.6875,122,127,6,0,121,127,25121,1,0,0,1,0
2020-08-17,US,Kentucky,Graves,582,26,0,36.72292505,-88.65143315,21083.0,1561.745290613428,4.4673539518900345,556,580,26,0,554,580,37317,2,0,0,2,0
2020-08-17,US,Kentucky,Grayson,220,11,0,37.46231118,-86.34248968,21085.0,832.4819313580807,5.0,209,219,11,0,208,219,26321,1,0,0,1,0
2020-08-17,US,Kentucky,Green,57,2,0,37.26484328,-85.5540745,21087.0,520.9761447765286,3.5087719298245608,55,57,2,0,55,57,11049,0,0,0,0,0
2020-08-17,US,Kentucky,Greenup,147,1,0,38.54332505,-82.9215658,21089.0,418.82728360590346,0.6802721088435374,146,139,1,0,138,139,35268,8,0,0,8,0
2020-08-17,US,Kentucky,Hancock,54,0,0,37.83766422,-86.78280584,21091.0,619.1240541160282,0.0,54,52,0,0,52,52,8758,2,0,0,2,0
2020-08-17,US,Kentucky,Hardin,750,8,0,37.6976111,-85.96319251,21093.0,675.9314335153842,1.0666666666666669,742,744,8,0,736,744,110356,6,0,0,6,0
2020-08-17,US,Kentucky,Harlan,257,3,0,36.85699301,-83.21899516,21095.0,988.081507112649,1.1673151750972763,254,253,3,0,250,253,26409,4,0,0,4,0
2020-08-17,US,Kentucky,Harrison,123,0,0,38.44188174,-84.32869741,21097.0,651.276077517738,0.0,123,123,0,0,123,123,18778,0,0,0,0,0
2020-08-17,US,Kentucky,Hart,110,0,0,37.29943898,-85.88461055,21099.0,577.8828473863937,0.0,110,109,0,0,109,109,18906,1,0,0,1,0
2020-08-17,US,Kentucky,Henderson,376,3,0,37.79344553,-87.57392021,21101.0,831.6744083167441,0.7978723404255319,373,371,3,0,368,371,45591,5,0,0,5,0
2020-08-17,US,Kentucky,Henry,146,3,0,38.44942688,-85.11587507,21103.0,905.3702095994048,2.054794520547945,143,142,2,0,140,142,16106,4,1,0,3,0
2020-08-17,US,Kentucky,Hickman,62,0,0,36.67948079999999,-88.97875928,21105.0,1415.5251141552512,0.0,62,58,0,0,58,58,4421,4,0,0,4,0
2020-08-17,US,Kentucky,Hopkins,440,35,0,37.30939025,-87.54670406,21107.0,984.6484357516896,7.954545454545454,405,439,35,0,404,439,45068,1,0,0,1,0
2020-08-17,US,Kentucky,Jackson,158,14,0,37.41866422,-83.99825483,21109.0,1185.385250206317,8.860759493670884,144,155,14,0,141,155,13442,3,0,0,3,0
2020-08-17,US,Kentucky,Jefferson,9629,251,0,38.18664655,-85.65931031,21111.0,1255.80855473116,2.6067089001973205,9378,9350,251,0,9099,9350,770517,279,0,0,279,0
2020-08-17,US,Kentucky,Jessamine,377,0,0,37.87119786,-84.58252003,21113.0,696.6645107641135,0.0,377,372,0,0,372,372,53920,5,0,0,5,0
2020-08-17,US,Kentucky,Johnson,84,0,0,37.85106355,-82.8264322,21115.0,378.5830178474851,0.0,84,83,0,0,83,83,22386,1,0,0,1,0
2020-08-17,US,Kentucky,Kenton,1526,41,0,38.93950319,-84.53241199,21117.0,913.7833986035761,2.6867627785058983,1485,1507,41,0,1466,1507,166051,19,0,0,19,0
2020-08-17,US,Kentucky,Knott,79,1,0,37.35388197,-82.94981134,21119.0,533.5674726462245,1.2658227848101269,78,75,1,0,74,75,15126,4,0,0,4,0
2020-08-17,US,Kentucky,Knox,269,8,0,36.89225732,-83.85403396,21121.0,863.7020388505379,2.9739776951672865,261,268,8,0,260,268,31304,1,0,0,1,0
2020-08-17,US,Kentucky,Larue,67,1,0,37.54567114,-85.70138352,21123.0,465.3424086678705,1.492537313432836,66,66,1,0,65,66,14307,1,0,0,1,0
2020-08-17,US,Kentucky,Laurel,480,5,0,37.10975748,-84.11321779,21125.0,789.3049183562724,1.0416666666666667,475,480,5,0,475,480,60669,0,0,0,0,0
2020-08-17,US,Kentucky,Lawrence,38,0,0,38.07136018,-82.72882223,21127.0,248.0903571195404,0.0,38,38,0,0,38,38,15571,0,0,0,0,0
2020-08-17,US,Kentucky,Lee,7,0,0,37.59645942,-83.71513901,21129.0,94.55626097528031,0.0,7,5,0,0,5,5,7033,2,0,0,2,0
2020-08-17,US,Kentucky,Leslie,38,0,0,37.09246661,-83.37999606,21131.0,384.73220613546624,0.0,38,34,0,0,34,34,10143,4,0,0,4,0
2020-08-17,US,Kentucky,Letcher,67,0,0,37.12306748,-82.85346474,21133.0,310.86159699345797,0.0,67,65,0,0,65,65,21899,2,0,0,2,0
2020-08-17,US,Kentucky,Lewis,86,1,0,38.53184419,-83.37735618,21135.0,647.834274952919,1.162790697674419,85,84,1,0,83,84,13257,2,0,0,2,0
2020-08-17,US,Kentucky,Lincoln,121,2,0,37.45475628,-84.6565327,21137.0,492.8917674854373,1.6528925619834711,119,119,2,0,117,119,24644,2,0,0,2,0
2020-08-17,US,Kentucky,Livingston,37,1,0,37.21137452,-88.34797529,21139.0,402.43637154666084,2.702702702702702,36,36,1,0,35,36,9242,1,0,0,1,0
2020-08-17,US,Kentucky,Logan,359,23,0,36.85949479,-86.877635,21141.0,1324.6254888938086,6.406685236768802,336,354,23,0,331,354,26989,5,0,0,5,0
2020-08-17,US,Kentucky,Lyon,32,4,0,37.02080035,-88.07886257,21143.0,389.768574908648,12.5,28,32,4,0,28,32,8009,0,0,0,0,0
2020-08-17,US,Kentucky,Madison,676,1,0,37.71659336,-84.27220275,21151.0,726.9833417574499,0.14792899408284024,675,630,1,0,629,630,92368,46,0,0,46,0
2020-08-17,US,Kentucky,Magoffin,53,0,0,37.70820545,-83.0657714,21153.0,435.81942274484004,0.0,53,49,0,0,49,49,12362,4,0,0,4,0
2020-08-17,US,Kentucky,Marion,142,0,0,37.55218078,-85.26898542,21155.0,736.7820266694339,0.0,142,129,0,0,129,129,19404,13,0,0,13,0
2020-08-17,US,Kentucky,Marshall,155,2,0,36.88007070000001,-88.32803576,21157.0,498.39228295819936,1.2903225806451613,153,155,2,0,153,155,31191,0,0,0,0,0
2020-08-17,US,Kentucky,Martin,42,0,0,37.79990579,-82.51247478,21159.0,375.1674854845914,0.0,42,41,0,0,41,41,11323,1,0,0,1,0
2020-08-17,US,Kentucky,Mason,59,1,0,38.59471935,-83.82151043,21161.0,345.6356180433509,1.6949152542372878,58,56,1,0,55,56,17150,3,0,0,3,0
2020-08-17,US,Kentucky,McCracken,409,5,0,37.05350953,-88.70445755,21145.0,625.2101867987404,1.2224938875305624,404,401,5,0,396,401,65346,8,0,0,8,0
2020-08-17,US,Kentucky,McCreary,54,0,0,36.73874143,-84.48102924,21147.0,313.3886599733038,0.0,54,52,0,0,52,52,17408,2,0,0,2,0
2020-08-17,US,Kentucky,McLean,44,1,0,37.5301951,-87.26803443,21149.0,477.89725209080046,2.272727272727273,43,44,1,0,43,44,9252,0,0,0,0,0
2020-08-17,US,Kentucky,Meade,103,3,0,37.96163597,-86.21028219,21163.0,360.49279014419716,2.9126213592233015,100,103,3,0,100,103,28715,0,0,0,0,0
2020-08-17,US,Kentucky,Menifee,28,0,0,37.94090733,-83.59985712,21165.0,431.4994606256742,0.0,28,28,0,0,28,28,6451,0,0,0,0,0
2020-08-17,US,Kentucky,Mercer,92,0,0,37.81474237,-84.87488475,21167.0,419.4592622988191,0.0,92,91,0,0,91,91,21774,1,0,0,1,0
2020-08-17,US,Kentucky,Metcalfe,66,2,0,36.99459295,-85.63123699,21169.0,655.347036044087,3.0303030303030303,64,65,2,0,63,65,10030,1,0,0,1,0
2020-08-17,US,Kentucky,Monroe,107,2,0,36.71225341,-85.71596443,21171.0,1004.6948356807512,1.8691588785046729,105,104,2,0,102,104,10718,3,0,0,3,0
2020-08-17,US,Kentucky,Montgomery,141,0,0,38.03253032,-83.9145241,21173.0,500.7635756650211,0.0,141,139,0,0,139,139,28203,2,0,0,2,0
2020-08-17,US,Kentucky,Morgan,36,0,0,37.92465657,-83.25558245,21175.0,270.49365091291605,0.0,36,35,0,0,35,35,13345,1,0,0,1,0
2020-08-17,US,Kentucky,Muhlenberg,639,11,0,37.21425819,-87.14632053,21177.0,2086.735027104696,1.7214397496087637,628,633,11,0,622,633,30774,6,0,0,6,0
2020-08-17,US,Kentucky,Nelson,255,2,0,37.80335779,-85.4657193,21179.0,551.5540847446629,0.7843137254901961,253,253,2,0,251,253,45851,2,0,0,2,0
2020-08-17,US,Kentucky,Nicholas,21,1,0,38.33342292,-84.01889177,21181.0,288.8980602558812,4.761904761904762,20,21,1,0,20,21,7166,0,0,0,0,0
2020-08-17,US,Kentucky,Ohio,365,9,0,37.47751843,-86.85368087,21183.0,1521.213636742519,2.4657534246575343,356,365,9,0,356,365,24087,0,0,0,0,0
2020-08-17,US,Kentucky,Oldham,675,17,0,38.39791089,-85.448222,21185.0,1010.4941690743872,2.5185185185185186,658,663,16,0,647,663,66470,12,1,0,11,0
2020-08-17,US,Kentucky,Owen,65,0,0,38.51679143,-84.82404619,21187.0,596.2755710485278,0.0,65,65,0,0,65,65,10880,0,0,0,0,0
2020-08-17,US,Kentucky,Owsley,16,0,0,37.42823949,-83.68811419,21189.0,362.400906002265,0.0,16,15,0,0,15,15,4472,1,0,0,1,0
2020-08-17,US,Kentucky,Pendleton,51,0,0,38.69607718,-84.35599463,21191.0,349.5544893762851,0.0,51,51,0,0,51,51,14529,0,0,0,0,0
2020-08-17,US,Kentucky,Perry,256,4,0,37.25023553,-83.22922731,21193.0,993.8659833838028,1.5625,252,254,3,0,251,254,26092,2,1,0,1,0
2020-08-17,US,Kentucky,Pike,270,3,0,37.47088263,-82.39487445,21195.0,466.5146174580137,1.1111111111111112,267,270,3,0,267,270,58402,0,0,0,0,0
2020-08-17,US,Kentucky,Powell,69,0,0,37.83218794,-83.82553961,21197.0,558.2975968929525,0.0,69,68,0,0,68,68,12442,1,0,0,1,0
2020-08-17,US,Kentucky,Pulaski,385,5,0,37.10466131,-84.57629079,21199.0,592.4991150987242,1.2987012987012987,380,376,5,0,371,376,64623,9,0,0,9,0
2020-08-17,US,Kentucky,Robertson,3,0,0,38.51923469,-84.05055616,21201.0,142.31499051233396,0.0,3,3,0,0,3,3,2135,0,0,0,0,0
2020-08-17,US,Kentucky,Rockcastle,92,0,0,37.36642393,-84.31176452,21203.0,551.0631925726267,0.0,92,86,0,0,86,86,16750,6,0,0,6,0
2020-08-17,US,Kentucky,Rowan,88,0,0,38.19484205,-83.42088935,21205.0,359.7710547833197,0.0,88,88,0,0,88,88,24583,0,0,0,0,0
2020-08-17,US,Kentucky,Russell,140,5,0,36.99308373,-85.06070117,21207.0,781.1192322713831,3.571428571428572,135,139,5,0,134,139,17821,1,0,0,1,0
2020-08-17,US,Kentucky,Scott,437,0,0,38.29622293,-84.5816631,21209.0,766.6128692723317,0.0,437,426,0,0,426,426,56031,11,0,0,11,0
2020-08-17,US,Kentucky,Shelby,820,21,0,38.21476019,-85.194223,21211.0,1672.650130548303,2.5609756097560976,799,817,21,0,796,817,48518,3,0,0,3,0
2020-08-17,US,Kentucky,Simpson,173,7,0,36.74058474,-86.58047435,21213.0,931.5097996984707,4.0462427745664735,166,167,7,0,160,167,18529,6,0,0,6,0
2020-08-17,US,Kentucky,Spencer,141,0,0,38.03223971,-85.32749335,21215.0,728.6445144953749,0.0,141,138,0,0,138,138,18794,3,0,0,3,0
2020-08-17,US,Kentucky,Taylor,158,3,0,37.3677562,-85.3329931,21217.0,613.1398191625598,1.8987341772151896,155,153,3,0,150,153,25549,5,0,0,5,0
2020-08-17,US,Kentucky,Todd,38,0,0,36.8381152,-87.17878374,21219.0,309.09386692695625,0.0,38,35,0,0,35,35,12311,3,0,0,3,0
2020-08-17,US,Kentucky,Trigg,60,0,0,36.80767017,-87.87333656,21221.0,409.52835983891885,0.0,60,59,0,0,59,59,14643,1,0,0,1,0
2020-08-17,US,Kentucky,Trimble,35,0,0,38.61056487,-85.33775972,21223.0,413.17435957974266,0.0,35,35,0,0,35,35,8515,0,0,0,0,0
2020-08-17,US,Kentucky,Union,76,0,0,37.66166713,-87.94300009,21225.0,528.4750712745985,0.0,76,73,0,0,73,73,14505,3,0,0,3,0
2020-08-17,US,Kentucky,Warren,2802,22,0,36.99903045,-86.42672751,21227.0,2108.415603178425,0.7851534618129907,2780,2773,22,0,2751,2773,131264,29,0,0,29,0
2020-08-17,US,Kentucky,Washington,102,0,0,37.75599461,-85.17407732,21229.0,843.3236874741629,0.0,102,101,0,0,101,101,12084,1,0,0,1,0
2020-08-17,US,Kentucky,Wayne,80,0,0,36.80310688,-84.8251971,21231.0,393.4490729356218,0.0,80,77,0,0,77,77,20468,3,0,0,3,0
2020-08-17,US,Kentucky,Webster,95,1,0,37.52168356,-87.67989953,21233.0,734.0441971874518,1.0526315789473684,94,92,1,0,91,92,13111,3,0,0,3,0
2020-08-17,US,Kentucky,Whitley,170,1,0,36.75700531,-84.14541217,21235.0,468.7844694462828,0.5882352941176471,169,170,1,0,169,170,36242,0,0,0,0,0
2020-08-17,US,Kentucky,Wolfe,18,0,0,37.73941626,-83.49303612,21237.0,251.50202598854267,0.0,18,16,0,0,16,16,7177,2,0,0,2,0
2020-08-17,US,Kentucky,Woodford,183,0,0,38.04178222,-84.7417556,21239.0,684.5215830029176,0.0,183,177,0,0,177,177,26533,6,0,0,6,0
2020-08-17,US,Louisiana,Acadia,2701,90,0,30.295064899999996,-92.41419698,22001.0,4353.291965508905,3.3320992225101813,2611,2696,90,0,2606,2684,62190,5,0,0,5,12
2020-08-17,US,Louisiana,Allen,1382,33,0,30.65385745,-92.82442028,22003.0,5392.7498341592855,2.3878437047756877,1349,1378,32,0,1346,1367,25605,4,1,0,3,11
2020-08-17,US,Louisiana,Ascension,3084,81,0,30.20406249,-90.91328409999998,22005.0,2435.941992354112,2.626459143968872,3003,3064,81,0,2983,3016,124672,20,0,0,20,48
2020-08-17,US,Louisiana,Assumption,616,20,0,29.89946234,-91.06461642,22007.0,2813.941802567265,3.2467532467532467,596,613,20,0,593,606,22300,3,0,0,3,7
2020-08-17,US,Louisiana,Avoyelles,1149,37,0,31.07796211,-92.00079449,22009.0,2862.196094061379,3.2201914708442123,1112,1143,37,0,1106,1138,40462,6,0,0,6,5
2020-08-17,US,Louisiana,Beauregard,886,27,0,30.64836518,-93.34173616,22011.0,2362.8556951222768,3.0474040632054176,859,884,25,0,859,878,37253,2,2,0,0,6
2020-08-17,US,Louisiana,Bienville,399,30,0,32.34569994,-93.05398492,22013.0,3013.3675704251946,7.518796992481202,369,395,30,0,365,390,13308,4,0,0,4,5
2020-08-17,US,Louisiana,Bossier,2471,84,0,32.67932307,-93.60460152,22015.0,1945.07198576815,3.39943342776204,2387,2464,84,0,2380,2445,127185,7,0,0,7,19
2020-08-17,US,Louisiana,Caddo,6949,300,0,32.57991587,-93.88375652,22017.0,2892.9576526619044,4.317167937832782,6649,6936,299,0,6637,6887,242922,13,1,0,12,49
2020-08-17,US,Louisiana,Calcasieu,7045,157,0,30.22931235,-93.35400434,22019.0,3463.005564403547,2.2285308729595457,6888,7044,156,0,6888,7013,203112,1,1,0,0,31
2020-08-17,US,Louisiana,Caldwell,245,3,0,32.0902519,-92.11752148,22021.0,2470.256100020165,1.2244897959183674,242,242,3,0,239,234,9960,3,0,0,3,8
2020-08-17,US,Louisiana,Cameron,174,0,0,29.87592238,-93.19310676,22023.0,2495.339165352072,0.0,174,174,0,0,174,173,6968,0,0,0,0,1
2020-08-17,US,Louisiana,Catahoula,321,5,0,31.66778967,-91.84526385,22025.0,3381.082789129977,1.557632398753894,316,319,5,0,314,312,9608,2,0,0,2,7
2020-08-17,US,Louisiana,Claiborne,303,12,0,32.82308512,-92.99526883,22027.0,1933.6311423101467,3.96039603960396,291,299,12,0,287,292,15944,4,0,0,4,7
2020-08-17,US,Louisiana,Concordia,376,9,0,31.44817835,-91.63814433,22029.0,1952.3339737265685,2.3936170212765955,367,367,9,0,358,356,19572,9,0,0,9,11
2020-08-17,US,Louisiana,De Soto,780,28,0,32.05457447,-93.74130302,22031.0,2840.184976149729,3.58974358974359,752,775,28,0,747,765,27436,5,0,0,5,10
2020-08-17,US,Louisiana,East Baton Rouge,12875,384,0,30.53842039,-91.09777565,22033.0,2925.744047957205,2.9825242718446603,12491,12824,383,0,12441,12716,440956,51,1,0,50,108
2020-08-17,US,Louisiana,East Carroll,525,2,0,32.73926954,-91.23425694,22035.0,7651.9457804984695,0.3809523809523809,523,524,2,0,522,520,7037,1,0,0,1,4
2020-08-17,US,Louisiana,East Feliciana,637,40,0,30.84425359,-91.04976723,22037.0,3328.978311993729,6.2794348508634235,597,626,40,0,586,619,19305,11,0,0,11,7
2020-08-17,US,Louisiana,Evangeline,966,17,0,30.72985248,-92.39915924,22039.0,2892.648600089834,1.7598343685300206,949,967,13,0,954,958,33443,-1,4,0,-5,9
2020-08-17,US,Louisiana,Franklin,996,22,0,32.13675181,-91.67589857,22041.0,4976.267799150637,2.208835341365462,974,993,22,0,971,980,20156,3,0,0,3,13
2020-08-17,US,Louisiana,Grant,359,24,0,31.59882456,-92.56124347,22043.0,1603.4659877618476,6.685236768802228,335,357,22,0,335,350,22482,2,2,0,0,7
2020-08-17,US,Louisiana,Iberia,2627,79,0,29.86803617,-91.75871777,22045.0,3761.993412573393,3.0072325846973733,2548,2616,78,0,2538,2602,70941,11,1,0,10,14
2020-08-17,US,Louisiana,Iberville,1288,51,0,30.25734305,-91.3499598,22047.0,3961.7360278059728,3.959627329192547,1237,1290,50,0,1240,1279,32721,-2,1,0,-3,11
2020-08-17,US,Louisiana,Jackson,403,19,0,32.30251776,-92.55692092,22049.0,2559.7052845528456,4.714640198511166,384,402,19,0,383,397,15902,1,0,0,1,5
2020-08-17,US,Louisiana,Jefferson,15815,531,0,29.74075478,-90.11115756,22051.0,3656.7065825342843,3.3575719253872904,15284,15789,531,0,15258,15703,434051,26,0,0,26,86
2020-08-17,US,Louisiana,Jefferson Davis,1080,30,0,30.26896765,-92.81210004,22053.0,3442.9992348890587,2.7777777777777777,1050,1078,30,0,1048,1071,31582,2,0,0,2,7
2020-08-17,US,Louisiana,LaSalle,350,4,0,31.67884782,-92.15907765,22059.0,2350.255170561375,1.1428571428571428,346,349,4,0,345,339,14917,1,0,0,1,10
2020-08-17,US,Louisiana,Lafayette,7976,101,0,30.2049055,-92.06959876,22055.0,3263.6359916526867,1.26629889669007,7875,7947,101,0,7846,7916,242782,29,0,0,29,31
2020-08-17,US,Louisiana,Lafourche,3014,105,0,29.52470226,-90.40976986,22057.0,3087.6718503493353,3.4837425348374254,2909,2985,104,0,2881,2949,98115,29,1,0,28,36
2020-08-17,US,Louisiana,Lincoln,856,35,0,32.6003154,-92.66597409999999,22061.0,1831.3294253562105,4.0887850467289715,821,857,35,0,822,839,47196,-1,0,0,-1,18
2020-08-17,US,Louisiana,Livingston,3119,57,0,30.44143993,-90.73061664,22063.0,2215.3719395691423,1.8275088169285028,3062,3100,56,0,3044,3071,139567,19,1,0,18,29
2020-08-17,US,Louisiana,Madison,646,6,0,32.36918118,-91.23973355,22065.0,5899.004657108941,0.9287925696594428,640,640,6,0,634,631,11161,6,0,0,6,9
2020-08-17,US,Louisiana,Morehouse,553,14,0,32.81686191,-91.80421614,22067.0,2223.204952962933,2.5316455696202533,539,554,14,0,540,549,25398,-1,0,0,-1,5
2020-08-17,US,Louisiana,Natchitoches,843,18,0,31.72321584,-93.09816516,22069.0,2209.23528486818,2.1352313167259784,825,825,18,0,807,823,38659,18,0,0,18,2
2020-08-17,US,Louisiana,Orleans,11027,568,0,30.06971951,-89.92660315,22071.0,2826.3923064304468,5.150993017139748,10459,10992,568,0,10424,10939,391006,35,0,0,35,53
2020-08-17,US,Louisiana,Ouachita,5161,117,0,32.47645559,-92.15704172,22073.0,3367.0626765571283,2.267002518891688,5044,5144,117,0,5027,5067,154475,17,0,0,17,77
2020-08-17,US,Louisiana,Plaquemines,478,19,0,29.42245447,-89.60322085,22075.0,2060.6112859421482,3.97489539748954,459,472,19,0,453,469,23410,6,0,0,6,3
2020-08-17,US,Louisiana,Pointe Coupee,850,33,0,30.71409502,-91.60209535,22077.0,3911.6428900138058,3.882352941176471,817,844,33,0,811,838,21940,6,0,0,6,6
2020-08-17,US,Louisiana,Rapides,3472,128,0,31.19778499,-92.52997303,22079.0,2678.0204862396645,3.6866359447004617,3344,3472,127,0,3345,3447,130562,0,1,0,-1,25
2020-08-17,US,Louisiana,Red River,290,16,0,32.09530039,-93.34213308,22081.0,3435.204927742241,5.517241379310344,274,291,16,0,275,276,8477,-1,0,0,-1,15
2020-08-17,US,Louisiana,Richland,642,8,0,32.41391005,-91.76634876,22083.0,3190.537719908558,1.2461059190031152,634,641,8,0,633,635,20192,1,0,0,1,6
2020-08-17,US,Louisiana,Sabine,705,11,0,31.56388699,-93.55433981,22085.0,2951.7668732205657,1.5602836879432624,694,699,11,0,688,682,24032,6,0,0,6,17
2020-08-17,US,Louisiana,St. Bernard,1141,24,0,29.87761636,-89.51887093,22087.0,2415.1214969096604,2.1034180543383,1117,1136,24,0,1112,1126,46721,5,0,0,5,10
2020-08-17,US,Louisiana,St. Charles,1545,54,0,29.90709658,-90.35555967,22089.0,2909.6045197740114,3.4951456310679614,1491,1542,54,0,1488,1526,52879,3,0,0,3,16
2020-08-17,US,Louisiana,St. Helena,294,2,0,30.82210324,-90.71013176,22091.0,2901.697591788393,0.6802721088435374,292,288,2,0,286,280,10262,6,0,0,6,8
2020-08-17,US,Louisiana,St. James,741,32,0,30.02531716,-90.80212061,22093.0,3512.5142207053473,4.318488529014846,709,737,32,0,705,734,21037,4,0,0,4,3
2020-08-17,US,Louisiana,St. John the Baptist,1465,93,0,30.12597499,-90.4753503,22095.0,3419.940705464902,6.348122866894197,1372,1462,93,0,1369,1455,43184,3,0,0,3,7
2020-08-17,US,Louisiana,St. Landry,2908,96,0,30.59724262,-92.00135806,22097.0,3540.986800448103,3.3012379642365888,2812,2895,96,0,2799,2866,82764,13,0,0,13,29
2020-08-17,US,Louisiana,St. Martin,1790,48,0,30.13112107,-91.61403569,22099.0,3350.1151017199754,2.681564245810056,1742,1783,47,0,1736,1784,53621,7,1,0,6,-1
2020-08-17,US,Louisiana,St. Mary,1685,61,0,29.69262097,-91.44702164,22101.0,3414.525411364189,3.6201780415430265,1624,1677,61,0,1616,1666,49774,8,0,0,8,11
2020-08-17,US,Louisiana,St. Tammany,5600,221,0,30.40942847,-89.95642711,22103.0,2150.380732588636,3.946428571428572,5379,5552,220,0,5332,5480,258111,48,1,0,47,72
2020-08-17,US,Louisiana,Tangipahoa,3756,83,0,30.62888673,-90.40664996,22105.0,2787.218569583995,2.2097976570820017,3673,3710,83,0,3627,3664,133777,46,0,0,46,46
2020-08-17,US,Louisiana,Tensas,117,0,0,32.00760749,-91.32915234,22107.0,2699.5846792801112,0.0,117,116,0,0,116,94,4462,1,0,0,1,22
2020-08-17,US,Louisiana,Terrebonne,3212,90,0,29.37343766,-90.82626855,22109.0,2907.81361747585,2.8019925280199254,3122,3196,90,0,3106,3160,111021,16,0,0,16,36
2020-08-17,US,Louisiana,Unassigned,236,123,0,0.0,0.0,90022.0,0.0,52.11864406779661,113,235,123,0,112,238,,1,0,0,1,-3
2020-08-17,US,Louisiana,Union,754,35,0,32.83121059,-92.3749373,22111.0,3410.5301248416863,4.641909814323609,719,752,35,0,717,737,22330,2,0,0,2,15
2020-08-17,US,Louisiana,Vermilion,1735,30,0,29.83517605,-92.30292538,22113.0,2915.427399976475,1.7291066282420748,1705,1724,30,0,1694,1714,59830,11,0,0,11,10
2020-08-17,US,Louisiana,Vernon,814,31,0,31.10884837,-93.18153838,22115.0,1716.24955196188,3.8083538083538078,783,810,31,0,779,806,48860,4,0,0,4,4
2020-08-17,US,Louisiana,Washington,1346,59,0,30.85288548,-90.03866652,22117.0,2913.798328787288,4.383358098068351,1287,1335,59,0,1276,1320,46582,11,0,0,11,15
2020-08-17,US,Louisiana,Webster,949,17,0,32.70847669,-93.33121835,22119.0,2475.221700573813,1.7913593256059008,932,949,17,0,932,939,38798,0,0,0,0,10
2020-08-17,US,Louisiana,West Baton Rouge,757,37,0,30.46058217,-91.30989571,22121.0,2860.3816361231816,4.8877146631439885,720,756,37,0,719,754,26427,1,0,0,1,2
2020-08-17,US,Louisiana,West Carroll,306,8,0,32.78550125,-91.461201,22123.0,2825.4847645429363,2.6143790849673203,298,307,8,0,299,307,10982,-1,0,0,-1,0
2020-08-17,US,Louisiana,West Feliciana,408,18,0,30.87882871,-91.41485379999999,22125.0,2620.7605344296,4.411764705882354,390,406,18,0,388,399,15460,2,0,0,2,7
2020-08-17,US,Louisiana,Winn,492,9,0,31.94449367,-92.63789413,22127.0,3538.5500575373994,1.8292682926829267,483,479,9,0,470,467,14134,13,0,0,13,12
2020-08-17,US,Maine,Androscoggin,580,9,0,44.1664747,-70.20380627,23001.0,535.6631602279339,1.5517241379310345,571,577,9,0,568,575,107679,3,0,0,3,2
2020-08-17,US,Maine,Aroostook,33,1,0,46.65926321,-68.59841248,23003.0,49.21333233912461,3.0303030303030303,32,33,1,0,32,33,67111,0,0,0,0,0
2020-08-17,US,Maine,Cumberland,2130,69,0,43.8370751,-70.37226999,23005.0,722.0265556621457,3.2394366197183104,2061,2126,69,0,2057,2122,293557,4,0,0,4,4
2020-08-17,US,Maine,Franklin,47,1,0,44.97330019,-70.44381045,23007.0,155.6342925262426,2.127659574468085,46,47,1,0,46,47,29897,0,0,0,0,0
2020-08-17,US,Maine,Hancock,40,1,0,44.59816444,-68.38401854,23009.0,72.74446687398842,2.5,39,40,1,0,39,40,54811,0,0,0,0,0
2020-08-17,US,Maine,Kennebec,172,11,0,44.40759555,-69.76738544,23011.0,140.6354761164985,6.395348837209302,161,172,11,0,161,171,122083,0,0,0,0,1
2020-08-17,US,Maine,Knox,28,1,0,44.11486325,-69.10529169,23013.0,70.40128733782561,3.571428571428572,27,28,1,0,27,27,39771,0,0,0,0,1
2020-08-17,US,Maine,Lincoln,35,1,0,44.05996956,-69.54227124,23015.0,101.05676502858464,2.8571428571428568,34,35,1,0,34,35,34342,0,0,0,0,0
2020-08-17,US,Maine,Oxford,59,0,0,44.49952995,-70.75682123,23017.0,101.76800344976284,0.0,59,58,0,0,58,57,57618,1,0,0,1,1
2020-08-17,US,Maine,Penobscot,191,5,0,45.40194593,-68.65020455,23019.0,125.53566264426745,2.6178010471204187,186,178,5,0,173,170,151096,13,0,0,13,8
2020-08-17,US,Maine,Piscataquis,12,0,0,45.83839062,-69.2860223,23021.0,71.49240393208221,0.0,12,11,0,0,11,11,16800,1,0,0,1,0
2020-08-17,US,Maine,Sagadahoc,58,0,0,43.95415864,-69.85074999,23023.0,161.75814368585452,0.0,58,58,0,0,58,58,35634,0,0,0,0,0
2020-08-17,US,Maine,Somerset,40,1,0,45.51229767,-69.95995554,23025.0,79.23302432453845,2.5,39,37,1,0,36,36,50592,3,0,0,3,1
2020-08-17,US,Maine,Unassigned,1,0,0,0.0,0.0,90023.0,0.0,0.0,1,2,0,0,2,2,,-1,0,0,-1,0
2020-08-17,US,Maine,Waldo,63,14,0,44.4858305,-69.12061935,23027.0,158.63024046330102,22.222222222222218,49,63,14,0,49,62,39694,0,0,0,0,1
2020-08-17,US,Maine,Washington,15,0,0,45.01607142,-67.62813524,23029.0,47.802670575862855,0.0,15,14,0,0,14,14,31490,1,0,0,1,0
2020-08-17,US,Maine,York,693,13,0,43.47808377,-70.71052375,23031.0,333.74911505916464,1.8759018759018762,680,689,13,0,676,684,206229,4,0,0,4,5
2020-08-17,US,Maryland,Allegany,343,19,0,39.62357628,-78.69280486,24001.0,487.10520336287215,5.539358600583091,324,341,19,0,322,338,70975,2,0,0,2,3
2020-08-17,US,Maryland,Anne Arundel,7700,229,0,39.00670238,-76.60329337,24003.0,1329.3418549325486,2.9740259740259742,7471,7648,229,0,7419,7618,576031,52,0,0,52,30
2020-08-17,US,Maryland,Baltimore,14043,574,0,39.45784712,-76.62911955,24005.0,1697.3059211719062,4.087445702485224,13469,13941,575,0,13366,13847,828431,102,-1,0,103,94
2020-08-17,US,Maryland,Baltimore City,13507,444,0,39.30211911,-76.61151012,24510.0,2275.859744898819,3.287184422891834,13063,13425,443,0,12982,13341,621342,82,1,0,81,84
2020-08-17,US,Maryland,Calvert,742,28,0,38.53961642,-76.56820632,24009.0,801.9454201567144,3.7735849056603774,714,737,28,0,709,733,92003,5,0,0,5,4
2020-08-17,US,Maryland,Caroline,465,3,0,38.87172293,-75.82904158,24011.0,1391.9655151769143,0.6451612903225806,462,461,3,0,458,460,33304,4,0,0,4,1
2020-08-17,US,Maryland,Carroll,1613,119,0,39.56453592,-77.02373735,24013.0,957.5712241832742,7.3775573465592075,1494,1608,118,0,1490,1603,168429,5,1,0,4,5
2020-08-17,US,Maryland,Cecil,736,30,0,39.56647682,-75.94627411,24015.0,715.5704632735402,4.076086956521738,706,726,30,0,696,724,102826,10,0,0,10,2
2020-08-17,US,Maryland,Charles,2175,93,0,38.51092331,-76.98580666,24017.0,1332.255278487293,4.275862068965517,2082,2165,93,0,2072,2152,161503,10,0,0,10,13
2020-08-17,US,Maryland,Dorchester,413,5,0,38.45413522,-76.02752426,24019.0,1293.4949419023458,1.2106537530266344,408,408,5,0,403,402,31998,5,0,0,5,6
2020-08-17,US,Maryland,Frederick,3231,121,0,39.47296601,-77.39999394,24021.0,1244.8612390048813,3.744970597338285,3110,3216,121,0,3095,3196,255648,15,0,0,15,20
2020-08-17,US,Maryland,Garrett,58,0,0,39.52786077,-79.27355126,24023.0,199.90349486454812,0.0,58,58,0,0,58,58,29163,0,0,0,0,0
2020-08-17,US,Maryland,Harford,2167,69,0,39.55010644,-76.30775940000002,24025.0,848.3367979298547,3.1841255191508995,2098,2150,69,0,2081,2125,253956,17,0,0,17,25
2020-08-17,US,Maryland,Howard,4089,116,0,39.25305293,-76.93126208,24027.0,1255.4883478154072,2.8368794326241136,3973,4071,116,0,3955,4040,323196,18,0,0,18,31
2020-08-17,US,Maryland,Kent,246,23,0,39.24976208,-76.04741541,24029.0,1266.6048810627126,9.349593495934961,223,244,23,0,221,242,19383,2,0,0,2,2
2020-08-17,US,Maryland,Montgomery,19071,810,0,39.13676329,-77.20358245,24031.0,1815.0963939818482,4.247286455875413,18261,19003,810,0,18193,18925,1052567,68,0,0,68,78
2020-08-17,US,Maryland,Prince George's,24719,768,0,38.83070039,-76.8496441,24033.0,2718.384035665937,3.106921801043732,23951,24654,768,0,23886,24588,909308,65,0,0,65,66
2020-08-17,US,Maryland,Queen Anne's,487,26,0,39.06198912,-76.03530977,24035.0,966.6342470375737,5.338809034907596,461,482,26,0,456,470,50251,5,0,0,5,12
2020-08-17,US,Maryland,Somerset,154,3,0,38.1163542,-75.75118623,24039.0,601.1867582760774,1.9480519480519483,151,151,3,0,148,147,25675,3,0,0,3,4
2020-08-17,US,Maryland,St. Mary's,1061,52,0,38.30058422,-76.60629279999998,24037.0,934.7194079816755,4.901036757775684,1009,1048,52,0,996,1040,112664,13,0,0,13,8
2020-08-17,US,Maryland,Talbot,421,4,0,38.76618159,-76.10882561,24041.0,1132.2987547403245,0.9501187648456056,417,420,4,0,416,418,36968,1,0,0,1,2
2020-08-17,US,Maryland,Unassigned,0,9,0,0.0,0.0,90024.0,0.0,0.0,-9,0,8,0,-8,0,,0,1,0,-1,0
2020-08-17,US,Maryland,Washington,1138,31,0,39.60835778,-77.82002295,24043.0,753.39790399142,2.7240773286467492,1107,1125,31,0,1094,1117,150926,13,0,0,13,8
2020-08-17,US,Maryland,Wicomico,1405,45,0,38.37301947,-75.62705831,24045.0,1356.0598017546738,3.2028469750889683,1360,1401,45,0,1356,1390,103195,4,0,0,4,11
2020-08-17,US,Maryland,Worcester,731,20,0,38.21274277,-75.33200012,24047.0,1398.3472339123114,2.735978112175103,711,729,20,0,709,719,51823,2,0,0,2,10
2020-08-17,US,Massachusetts,Barnstable,1803,158,0,41.72980578,-70.28854339,25001.0,846.51861589746,8.763172490293954,1645,1803,158,0,1645,1803,213413,0,0,0,0,0
2020-08-17,US,Massachusetts,Berkshire,667,46,0,42.37428441,-73.20524838,25003.0,533.8391599436547,6.896551724137932,621,667,46,0,621,667,126348,0,0,0,0,0
2020-08-17,US,Massachusetts,Bristol,9408,637,0,41.79228404,-71.10872211,25005.0,1664.4934600339334,6.770833333333332,8771,9408,637,0,8771,9408,564022,0,0,0,0,0
2020-08-17,US,Massachusetts,Dukes and Nantucket,103,1,0,41.40674725,-70.68763497,0.0,358.49778984372284,0.9708737864077671,102,103,1,0,102,103,26707,0,0,0,0,0
2020-08-17,US,Massachusetts,Essex,17930,1194,0,42.6687626,-70.94687179,25009.0,2272.3989080318465,6.659230340211935,16736,17930,1194,0,16736,17930,790638,0,0,0,0,0
2020-08-17,US,Massachusetts,Franklin,411,61,0,42.58119713,-72.58602547,25011.0,585.6369335993161,14.841849148418493,350,411,61,0,350,411,70963,0,0,0,0,0
2020-08-17,US,Massachusetts,Hampden,7637,709,0,42.13440424,-72.63235561,25013.0,1637.5339857452848,9.283750163676837,6928,7637,709,0,6928,7637,470406,0,0,0,0,0
2020-08-17,US,Massachusetts,Hampshire,1184,130,0,42.33997957,-72.65898478,25015.0,736.1810607473732,10.979729729729732,1054,1184,130,0,1054,1184,161355,0,0,0,0,0
2020-08-17,US,Massachusetts,Middlesex,26565,2006,0,42.48607732,-71.39049229,25017.0,1648.26062434735,7.551289290419725,24559,26565,2006,0,24559,26565,1614714,0,0,0,0,0
2020-08-17,US,Massachusetts,Norfolk,10682,997,0,42.16073095,-71.20530408,25021.0,1511.3720773937955,9.333458153903763,9685,10682,997,0,9685,10682,705388,0,0,0,0,0
2020-08-17,US,Massachusetts,Plymouth,9288,723,0,41.94070556,-70.80802823,25023.0,1782.034604625462,7.784237726098191,8565,9288,723,0,8565,9288,518132,0,0,0,0,0
2020-08-17,US,Massachusetts,Suffolk,22017,1076,0,42.327951399999996,-71.07850442,25025.0,2738.749631487224,4.8871326702093825,20941,22017,1076,0,20941,22017,807252,0,0,0,0,0
2020-08-17,US,Massachusetts,Unassigned,2460,97,0,0.0,0.0,90025.0,0.0,3.9430894308943087,2363,2212,93,0,2119,1818,,248,4,0,244,394
2020-08-17,US,Massachusetts,Worcester,13686,1007,0,42.35026951,-71.90493363,25027.0,1647.6808945585356,7.3578839690194355,12679,13686,1007,0,12679,13686,830839,0,0,0,0,0
2020-08-17,US,Michigan,Alcona,29,1,0,44.6846864,-83.59507875,26001.0,278.71215761653053,3.4482758620689653,28,29,1,0,28,29,10362,0,0,0,0,0
2020-08-17,US,Michigan,Alger,17,0,0,46.41292944,-86.60260122,26003.0,186.649099692578,0.0,17,17,0,0,17,17,9097,0,0,0,0,0
2020-08-17,US,Michigan,Allegan,572,6,0,42.59147037,-85.89102866,26005.0,484.41324175777646,1.048951048951049,566,571,6,0,565,564,117327,1,0,0,1,7
2020-08-17,US,Michigan,Alpena,130,13,0,45.03477666,-83.62212411,26007.0,457.6659038901602,10.0,117,129,13,0,116,129,28360,1,0,0,1,0
2020-08-17,US,Michigan,Antrim,43,0,0,44.99690221,-85.15503082,26009.0,184.35945806894188,0.0,43,43,0,0,43,42,23365,0,0,0,0,1
2020-08-17,US,Michigan,Arenac,49,3,0,44.0636262,-83.89277559,26011.0,329.23469730565074,6.1224489795918355,46,49,3,0,46,48,15041,0,0,0,0,1
2020-08-17,US,Michigan,Baraga,5,0,0,46.6720582,-88.36363591,26013.0,60.9087586794981,0.0,5,5,0,0,5,5,8320,0,0,0,0,0
2020-08-17,US,Michigan,Barry,200,2,0,42.59513984,-85.30834519,26015.0,324.9390739236393,1.0,198,198,2,0,196,197,61157,2,0,0,2,1
2020-08-17,US,Michigan,Bay,712,35,0,43.70639106,-83.98731479,26017.0,690.4175474662062,4.915730337078652,677,707,35,0,672,704,103923,5,0,0,5,3
2020-08-17,US,Michigan,Benzie,35,1,0,44.63899297,-86.01608482,26019.0,197.00551615445232,2.8571428571428568,34,36,1,0,35,36,17753,-1,0,0,-1,0
2020-08-17,US,Michigan,Berrien,1467,68,0,41.95447397,-86.41313079999998,26021.0,956.3171035390905,4.635310156782549,1399,1462,69,0,1393,1453,154141,5,-1,0,6,9
2020-08-17,US,Michigan,Branch,383,2,0,41.91600556,-85.05929476,26023.0,880.1158168072247,0.5221932114882507,381,382,2,0,380,379,43622,1,0,0,1,3
2020-08-17,US,Michigan,Calhoun,849,43,0,42.24633834,-85.00493569,26025.0,632.8311928383488,5.064782096584215,806,839,43,0,796,835,134487,10,0,0,10,4
2020-08-17,US,Michigan,Cass,363,15,0,41.91522292,-85.99405727,26027.0,700.9481143916428,4.132231404958676,348,361,15,0,346,359,51653,2,0,0,2,2
2020-08-17,US,Michigan,Charlevoix,58,2,0,45.37790017,-85.19614053,26029.0,221.85671116551282,3.4482758620689653,56,54,2,0,52,54,26244,4,0,0,4,0
2020-08-17,US,Michigan,Cheboygan,57,2,0,45.44787015,-84.50122149,26031.0,225.5103655641716,3.5087719298245608,55,56,2,0,54,56,25413,1,0,0,1,0
2020-08-17,US,Michigan,Chippewa,44,0,0,46.29552653,-84.54353449,26033.0,117.80770569493158,0.0,44,44,0,0,44,44,37517,0,0,0,0,0
2020-08-17,US,Michigan,Clare,84,3,0,43.98794227,-84.84819859999998,26035.0,271.40549273020997,3.571428571428572,81,81,3,0,78,80,30757,3,0,0,3,1
2020-08-17,US,Michigan,Clinton,440,13,0,42.94400871,-84.60145248,26037.0,552.798542622024,2.9545454545454546,427,439,13,0,426,436,79332,1,0,0,1,3
2020-08-17,US,Michigan,Crawford,110,5,0,44.68255561,-84.61006219,26039.0,784.0900990804762,4.545454545454546,105,110,5,0,105,109,13901,0,0,0,0,1
2020-08-17,US,Michigan,Delta,116,3,0,45.90484910000001,-86.9080745,26041.0,324.1672255756763,2.586206896551724,113,114,3,0,111,113,35857,2,0,0,2,1
2020-08-17,US,Michigan,Dickinson,59,2,0,46.00999672,-87.86961634,26043.0,233.76520464360715,3.3898305084745757,57,60,2,0,58,59,25383,-1,0,0,-1,1
2020-08-17,US,Michigan,Eaton,474,8,0,42.59599185,-84.83740035,26045.0,429.86179127217315,1.6877637130801688,466,473,8,0,465,473,109826,1,0,0,1,0
2020-08-17,US,Michigan,Emmet,79,2,0,45.52625509,-84.89083249,26047.0,236.42076911566662,2.5316455696202533,77,74,2,0,72,74,33308,5,0,0,5,0
2020-08-17,US,Michigan,Federal Correctional Institution (FCI),195,5,0,0.0,0.0,0.0,0.0,2.5641025641025643,190,195,5,0,190,195,,0,0,0,0,0
2020-08-17,US,Michigan,Genesee,3758,298,0,43.02244215,-83.70589709,26049.0,926.0422904145503,7.929749866950504,3460,3741,298,0,3443,3733,406892,17,0,0,17,8
2020-08-17,US,Michigan,Gladwin,68,2,0,43.98901072,-84.38774817,26051.0,267.20106880427517,2.9411764705882355,66,68,2,0,66,66,25337,0,0,0,0,2
2020-08-17,US,Michigan,Gogebic,135,1,0,46.40862701,-89.69377193,26053.0,966.010733452594,0.7407407407407407,134,135,1,0,134,133,15096,0,0,0,0,2
2020-08-17,US,Michigan,Grand Traverse,245,5,0,44.69565625,-85.55585247,26055.0,263.19181849432795,2.0408163265306123,240,240,5,0,235,237,92573,5,0,0,5,3
2020-08-17,US,Michigan,Gratiot,166,15,0,43.29265605,-84.60505416,26057.0,407.75220456387706,9.036144578313252,151,166,15,0,151,165,40599,0,0,0,0,1
2020-08-17,US,Michigan,Hillsdale,283,25,0,41.88753639,-84.59312019,26059.0,620.5459927639513,8.8339222614841,258,283,25,0,258,282,45749,0,0,0,0,1
2020-08-17,US,Michigan,Houghton,55,0,0,46.89988536,-88.68495385,26061.0,154.1307028360049,0.0,55,54,0,0,54,53,36219,1,0,0,1,1
2020-08-17,US,Michigan,Huron,176,4,0,43.83353985,-83.04078453,26063.0,568.090119750815,2.272727272727273,172,173,4,0,169,170,31166,3,0,0,3,3
2020-08-17,US,Michigan,Ingham,1641,33,0,42.59716886,-84.37472069,26065.0,561.2059944050395,2.010968921389397,1608,1624,33,0,1591,1610,292735,17,0,0,17,14
2020-08-17,US,Michigan,Ionia,277,7,0,42.94502238,-85.07413319,26067.0,428.1496823654883,2.527075812274368,270,277,7,0,270,278,64210,0,0,0,0,-1
2020-08-17,US,Michigan,Iosco,136,12,0,44.35486835,-83.63484895,26069.0,541.2504477255542,8.823529411764708,124,136,12,0,124,136,25081,0,0,0,0,0
2020-08-17,US,Michigan,Iron,24,1,0,46.20974132,-88.53136251,26071.0,216.88053497198624,4.166666666666667,23,23,1,0,22,21,11117,1,0,0,1,2
2020-08-17,US,Michigan,Isabella,227,9,0,43.64060976,-84.84664923,26073.0,324.8797801694527,3.9647577092511015,218,225,9,0,216,224,70562,2,0,0,2,1
2020-08-17,US,Michigan,Jackson,745,35,0,42.24807035,-84.42258681,26075.0,470.00189262507104,4.697986577181208,710,742,35,0,707,737,158823,3,0,0,3,5
2020-08-17,US,Michigan,Kalamazoo,1754,86,0,42.24542231,-85.53038622,26077.0,661.7219862222994,4.903078677309008,1668,1746,85,0,1661,1728,264870,8,1,0,7,18
2020-08-17,US,Michigan,Kalkaska,56,4,0,44.68512729,-85.09085699,26079.0,310.45570462357244,7.142857142857142,52,56,4,0,52,56,17824,0,0,0,0,0
2020-08-17,US,Michigan,Kent,7802,158,0,43.03197711,-85.54934642,26081.0,1187.6003683661745,2.025121763650346,7644,7777,158,0,7619,7743,653786,25,0,0,25,34
2020-08-17,US,Michigan,Keweenaw,3,0,0,47.63197653,-88.41434263,26083.0,141.77693761814746,0.0,3,4,0,0,4,3,2113,-1,0,0,-1,1
2020-08-17,US,Michigan,Lake,28,0,0,43.99050893,-85.802173,26085.0,236.22711549818612,0.0,28,27,0,0,27,28,11881,1,0,0,1,-1
2020-08-17,US,Michigan,Lapeer,506,33,0,43.09052506,-83.22153148,26087.0,577.5794171698608,6.521739130434782,473,498,33,0,465,491,88028,8,0,0,8,7
2020-08-17,US,Michigan,Leelanau,76,0,0,44.94430054,-85.80150326,26089.0,349.2486558522126,0.0,76,75,0,0,75,74,21764,1,0,0,1,1
2020-08-17,US,Michigan,Lenawee,476,13,0,41.89475156,-84.06603727,26091.0,483.4892484586241,2.73109243697479,463,476,13,0,463,470,98266,0,0,0,0,6
2020-08-17,US,Michigan,Livingston,923,28,0,42.60302282,-83.91297209,26093.0,480.74168598140574,3.0335861321776814,895,917,28,0,889,905,191224,6,0,0,6,12
2020-08-17,US,Michigan,Luce,4,0,0,46.47227431,-85.54471223,26095.0,64.21576497030021,0.0,4,4,0,0,4,15,6283,0,0,0,0,-11
2020-08-17,US,Michigan,Mackinac,27,0,0,46.07028979,-85.04980537,26097.0,250.0231502916937,0.0,27,27,0,0,27,27,10787,0,0,0,0,0
2020-08-17,US,Michigan,Macomb,11405,955,0,42.69158356,-82.92752801,26099.0,1304.9617150206184,8.373520385795704,10450,11316,955,0,10361,11221,874759,89,0,0,89,95
2020-08-17,US,Michigan,Manistee,43,1,0,44.33352407,-86.05626916,26101.0,175.09569183158237,2.3255813953488373,42,42,1,0,41,42,24528,1,0,0,1,0
2020-08-17,US,Michigan,Marquette,196,11,0,46.4338914,-87.64043701,26103.0,293.8574791226256,5.612244897959183,185,196,11,0,185,194,66516,0,0,0,0,2
2020-08-17,US,Michigan,Mason,107,0,0,43.99509218,-86.24988902,26105.0,367.1424650013725,0.0,107,107,0,0,107,104,29100,0,0,0,0,3
2020-08-17,US,Michigan,Mecosta,74,2,0,43.64064262,-85.32463223,26107.0,170.29894368628172,2.702702702702702,72,74,2,0,72,73,43545,0,0,0,0,1
2020-08-17,US,Michigan,Menominee,182,0,0,45.58038692,-87.55370409,26109.0,798.9464442493414,0.0,182,181,0,0,181,176,22983,1,0,0,1,5
2020-08-17,US,Michigan,Michigan Department of Corrections (MDOC),4899,69,0,0.0,0.0,0.0,0.0,1.4084507042253518,4830,4894,69,0,4825,4713,,5,0,0,5,181
2020-08-17,US,Michigan,Midland,360,10,0,43.64330771,-84.38804374,26111.0,432.92125643369087,2.7777777777777777,350,358,10,0,348,357,83209,2,0,0,2,1
2020-08-17,US,Michigan,Missaukee,42,1,0,44.33772443,-85.09256478,26113.0,277.81452573091684,2.380952380952381,41,42,1,0,41,42,15113,0,0,0,0,0
2020-08-17,US,Michigan,Monroe,1074,23,0,41.92734151,-83.53749864,26115.0,713.6212624584717,2.141527001862197,1051,1064,25,0,1039,1056,150439,10,-2,0,12,8
2020-08-17,US,Michigan,Montcalm,204,3,0,43.31082541,-85.15252824,26117.0,319.30879038317056,1.4705882352941178,201,204,2,0,202,204,63968,0,1,0,-1,0
2020-08-17,US,Michigan,Montmorency,8,0,0,45.0275929,-84.12696227,26119.0,85.76329331046313,0.0,8,8,0,0,8,8,9265,0,0,0,0,0
2020-08-17,US,Michigan,Muskegon,1227,63,0,43.29123859,-86.15176712,26121.0,706.9356901697338,5.134474327628362,1164,1222,63,0,1159,1377,173588,5,0,0,5,-155
2020-08-17,US,Michigan,Newaygo,268,0,0,43.554373999999996,-85.80070107,26123.0,547.1621069824419,0.0,268,266,0,0,266,264,48892,2,0,0,2,2
2020-08-17,US,Michigan,Oakland,16547,1142,0,42.66090111,-83.38595416,26125.0,1315.7769182814031,6.901553151628693,15405,16469,1141,0,15328,16378,1259201,78,1,0,77,91
2020-08-17,US,Michigan,Oceana,488,6,0,43.64124435,-86.26726673,26127.0,1843.8054936335807,1.2295081967213115,482,485,6,0,479,485,26625,3,0,0,3,0
2020-08-17,US,Michigan,Ogemaw,55,3,0,44.33481032,-84.12725175,26129.0,261.9421822165071,5.454545454545454,52,54,3,0,51,54,20952,1,0,0,1,0
2020-08-17,US,Michigan,Ontonagon,29,0,0,46.665226200000006,-89.31390481,26131.0,506.993006993007,0.0,29,26,0,0,26,23,5795,3,0,0,3,3
2020-08-17,US,Michigan,Osceola,71,0,0,43.98992088,-85.32566756,26133.0,302.64279624893436,0.0,71,71,0,0,71,71,23341,0,0,0,0,0
2020-08-17,US,Michigan,Oscoda,27,1,0,44.68192279,-84.12939244,26135.0,327.63014197306154,3.703703703703704,26,26,1,0,25,26,8276,1,0,0,1,0
2020-08-17,US,Michigan,Otsego,136,11,0,45.02085831,-84.59898295,26137.0,551.3215501864763,8.088235294117647,125,136,11,0,125,136,24665,0,0,0,0,0
2020-08-17,US,Michigan,Ottawa,1930,59,0,42.95996803,-85.9969107,26139.0,661.3439331117431,3.0569948186528504,1871,1926,59,0,1867,1910,290494,4,0,0,4,16
2020-08-17,US,Michigan,Out of MI,128,1,0,0.0,0.0,80026.0,0.0,0.78125,127,127,1,0,126,129,,1,0,0,1,-2
2020-08-17,US,Michigan,Presque Isle,21,1,0,45.34018577,-83.91498656,26141.0,166.77255400254128,4.761904761904762,20,21,1,0,20,21,12738,0,0,0,0,0
2020-08-17,US,Michigan,Roscommon,58,2,0,44.33473082,-84.61067651,26143.0,241.4754985636372,3.4482758620689653,56,57,2,0,55,57,23884,1,0,0,1,0
2020-08-17,US,Michigan,Saginaw,2188,128,0,43.33433923,-84.05131209999998,26145.0,1148.3213410377928,5.850091407678245,2060,2178,128,0,2050,2158,190800,10,0,0,10,20
2020-08-17,US,Michigan,Sanilac,117,6,0,43.42406072,-82.82055898,26151.0,284.187515180957,5.128205128205129,111,115,6,0,109,113,41182,2,0,0,2,2
2020-08-17,US,Michigan,Schoolcraft,13,0,0,46.19235734,-86.19972234,26153.0,160.6127996046454,0.0,13,13,0,0,13,13,8068,0,0,0,0,0
2020-08-17,US,Michigan,Shiawassee,354,28,0,42.95392800000001,-84.14585902,26155.0,519.6559114529813,7.909604519774011,326,354,28,0,326,354,68192,0,0,0,0,0
2020-08-17,US,Michigan,St. Clair,842,53,0,42.92655373,-82.67937954,26147.0,529.1337790960736,6.294536817102138,789,841,53,0,788,841,159337,1,0,0,1,0
2020-08-17,US,Michigan,St. Joseph,637,10,0,41.91441767,-85.52797979,26149.0,1044.8789449511187,1.5698587127158556,627,622,10,0,612,622,61043,15,0,0,15,0
2020-08-17,US,Michigan,Tuscola,386,29,0,43.46606813,-83.41897025,26157.0,738.8266819791368,7.512953367875648,357,385,29,0,356,383,52516,1,0,0,1,2
2020-08-17,US,Michigan,Unassigned,15,1,0,0.0,0.0,90026.0,0.0,6.666666666666668,14,15,1,0,14,7,,0,0,0,0,8
2020-08-17,US,Michigan,Van Buren,509,13,0,42.25190229,-86.01939087,26159.0,672.5953724381252,2.5540275049115917,496,508,13,0,495,497,75448,1,0,0,1,11
2020-08-17,US,Michigan,Washtenaw,2657,114,0,42.253105,-83.83853204,26161.0,722.7945517014372,4.290553255551373,2543,2651,114,0,2537,2665,370963,6,0,0,6,-14
2020-08-17,US,Michigan,Wayne,29217,2839,0,42.28098405,-83.281255,26163.0,1670.1698866374404,9.716945613854946,26378,29111,2839,0,26272,29062,1753893,106,0,0,106,49
2020-08-17,US,Michigan,Wexford,74,4,0,44.33853602,-85.57712739,26165.0,220.03508667598348,5.405405405405406,70,72,4,0,68,71,33466,2,0,0,2,1
2020-08-17,US,Minnesota,Aitkin,44,1,0,46.60962049,-93.41168259999999,27001.0,276.97343572957317,2.272727272727273,43,42,1,0,41,42,15902,2,0,0,2,0
2020-08-17,US,Minnesota,Anoka,4064,115,0,45.27476015,-93.24604565,27003.0,1138.627315288257,2.8297244094488185,3949,4013,115,0,3898,3955,353813,51,0,0,51,58
2020-08-17,US,Minnesota,Becker,166,1,0,46.93479392,-95.67158144,27005.0,482.2357144932168,0.6024096385542169,165,165,1,0,164,164,34371,1,0,0,1,1
2020-08-17,US,Minnesota,Beltrami,275,1,0,47.97373527,-94.93732139,27007.0,582.7752818513181,0.3636363636363637,274,271,0,0,271,269,46847,4,1,0,3,2
2020-08-17,US,Minnesota,Benton,332,3,0,45.69804958,-93.99514135,27009.0,811.9543153415344,0.9036144578313252,329,332,3,0,329,331,40545,0,0,0,0,1
2020-08-17,US,Minnesota,Big Stone,25,0,0,45.42712824,-96.41403739,27011.0,500.9016229212583,0.0,25,25,0,0,25,25,4989,0,0,0,0,0
2020-08-17,US,Minnesota,Blue Earth,994,5,0,44.03554215,-94.06699781,27013.0,1469.2622647923965,0.5030181086519114,989,982,6,0,976,977,67427,12,-1,0,13,5
2020-08-17,US,Minnesota,Brown,99,2,0,44.24205652,-94.72562874,27015.0,395.87332053742796,2.0202020202020203,97,99,2,0,97,96,25111,0,0,0,0,3
2020-08-17,US,Minnesota,Carlton,158,1,0,46.59180601,-92.67601019,27017.0,440.46722979565664,0.6329113924050633,157,156,1,0,155,151,35837,2,0,0,2,5
2020-08-17,US,Minnesota,Carver,964,3,0,44.82017001,-93.80099179999999,27019.0,917.3177021381875,0.3112033195020747,961,954,3,0,951,928,103551,10,0,0,10,26
2020-08-17,US,Minnesota,Cass,81,3,0,46.95043611,-94.32603968,27021.0,272.0037610396588,3.703703703703704,78,80,3,0,77,79,29519,1,0,0,1,1
2020-08-17,US,Minnesota,Chippewa,124,1,0,45.02343421,-95.56403693,27023.0,1050.8474576271187,0.8064516129032258,123,124,1,0,123,121,11924,0,0,0,0,3
2020-08-17,US,Minnesota,Chisago,221,1,0,45.5021011,-92.90861945,27025.0,390.60428780996483,0.4524886877828054,220,214,1,0,213,212,55922,7,0,0,7,2
2020-08-17,US,Minnesota,Clay,799,40,0,46.89289518,-96.48761922,27027.0,1244.1219519790725,5.006257822277847,759,797,40,0,757,797,63955,2,0,0,2,0
2020-08-17,US,Minnesota,Clearwater,14,0,0,47.57992111,-95.37790562,27029.0,158.76616012701294,0.0,14,14,0,0,14,14,8810,0,0,0,0,0
2020-08-17,US,Minnesota,Cook,6,0,0,47.90504893,-90.52629546,27031.0,109.82976386600771,0.0,6,6,0,0,6,6,5393,0,0,0,0,0
2020-08-17,US,Minnesota,Cottonwood,187,0,0,44.00715262,-95.18138802,27033.0,1670.2393712040014,0.0,187,182,0,0,182,180,11277,5,0,0,5,2
2020-08-17,US,Minnesota,Crow Wing,271,14,0,46.48096553,-94.06755609,27035.0,416.5705941126738,5.166051660516605,257,268,14,0,254,268,64889,3,0,0,3,0
2020-08-17,US,Minnesota,Dakota,4881,106,0,44.67172617,-93.06299363,27037.0,1137.7065458334207,2.171686129891416,4775,4810,106,0,4704,4740,425423,71,0,0,71,70
2020-08-17,US,Minnesota,Dodge,137,0,0,44.02238415,-92.86244324,27039.0,654.4377567593389,0.0,137,137,0,0,137,136,20822,0,0,0,0,1
2020-08-17,US,Minnesota,Douglas,147,1,0,45.93348491,-95.45335469,27041.0,385.4120238064026,0.6802721088435374,146,147,1,0,146,147,37964,0,0,0,0,0
2020-08-17,US,Minnesota,Faribault,96,0,0,43.67381499,-93.94787458,27043.0,703.1421665568007,0.0,96,95,0,0,95,94,13758,1,0,0,1,1
2020-08-17,US,Minnesota,Fillmore,76,0,0,43.67394126,-92.08980382,27045.0,360.753785541368,0.0,76,74,0,0,74,74,21058,2,0,0,2,0
2020-08-17,US,Minnesota,Freeborn,370,1,0,43.67385583,-93.34884422,27047.0,1221.888312803408,0.2702702702702703,369,367,1,0,366,366,30444,3,0,0,3,1
2020-08-17,US,Minnesota,Goodhue,215,9,0,44.40849741,-92.72341949999999,27049.0,463.9620198532586,4.186046511627906,206,213,9,0,204,210,46403,2,0,0,2,3
2020-08-17,US,Minnesota,Grant,57,4,0,45.93424769,-96.01139609,27051.0,954.4541192230407,7.0175438596491215,53,57,4,0,53,57,6021,0,0,0,0,0
2020-08-17,US,Minnesota,Hennepin,20625,851,0,45.00761521,-93.47694895,27053.0,1629.3489792968007,4.126060606060606,19774,20469,848,0,19621,20251,1259428,156,3,0,153,218
2020-08-17,US,Minnesota,Houston,59,0,0,43.67129565,-91.49143057,27055.0,317.2043010752688,0.0,59,57,0,0,57,52,18578,2,0,0,2,5
2020-08-17,US,Minnesota,Hubbard,37,0,0,47.10778564,-94.91693868,27057.0,172.16509236424545,0.0,37,37,0,0,37,37,21332,0,0,0,0,0
2020-08-17,US,Minnesota,Isanti,148,0,0,45.56181234,-93.29487636,27059.0,364.5679377278548,0.0,148,147,0,0,147,146,39966,1,0,0,1,1
2020-08-17,US,Minnesota,Itasca,148,12,0,47.51009045,-93.63092229,27061.0,327.941502326612,8.108108108108109,136,147,12,0,135,146,45108,1,0,0,1,1
2020-08-17,US,Minnesota,Jackson,84,0,0,43.67423373,-95.15398258,27063.0,853.1383302864107,0.0,84,83,0,0,83,82,9911,1,0,0,1,1
2020-08-17,US,Minnesota,Kanabec,43,3,0,45.9459309,-93.29275192,27065.0,263.2062190120585,6.9767441860465125,40,41,3,0,38,40,16207,2,0,0,2,1
2020-08-17,US,Minnesota,Kandiyohi,739,1,0,45.1526059,-95.00586446,27067.0,1710.6877474015603,0.13531799729364005,738,739,1,0,738,728,42855,0,0,0,0,11
2020-08-17,US,Minnesota,Kittson,3,0,0,48.77754106,-96.78317184,27069.0,69.79990693345742,0.0,3,3,0,0,3,3,4248,0,0,0,0,0
2020-08-17,US,Minnesota,Koochiching,84,3,0,48.24539665,-93.78352843,27071.0,686.89181453921,3.571428571428572,81,84,3,0,81,84,12440,0,0,0,0,0
2020-08-17,US,Minnesota,Lac qui Parle,10,0,0,44.9973857,-96.17488219,27073.0,150.98897780462028,0.0,10,10,0,0,10,9,6658,0,0,0,0,1
2020-08-17,US,Minnesota,Lake,25,0,0,47.64270764,-91.44557998,27075.0,234.9403251574101,0.0,25,25,0,0,25,24,10658,0,0,0,0,1
2020-08-17,US,Minnesota,Lake of the Woods,7,0,0,48.77217001,-94.90274472,27077.0,187.16577540106945,0.0,7,7,0,0,7,7,3758,0,0,0,0,0
2020-08-17,US,Minnesota,Le Sueur,255,2,0,44.37136597,-93.72844721,27079.0,882.7500259632361,0.7843137254901961,253,248,1,0,247,246,28494,7,1,0,6,2
2020-08-17,US,Minnesota,Lincoln,61,0,0,44.41311883,-96.26688165,27081.0,1081.752083702784,0.0,61,61,0,0,61,61,5673,0,0,0,0,0
2020-08-17,US,Minnesota,Lyon,432,3,0,44.41327865,-95.83806103,27083.0,1695.8467457014997,0.6944444444444444,429,430,3,0,427,429,25629,2,0,0,2,1
2020-08-17,US,Minnesota,Mahnomen,28,1,0,47.32557075,-95.80921485,27087.0,506.6039442735661,3.571428571428572,27,28,1,0,27,28,5519,0,0,0,0,0
2020-08-17,US,Minnesota,Marshall,30,0,0,48.35825983,-96.37017407,27089.0,321.3367609254499,0.0,30,30,0,0,30,30,9390,0,0,0,0,0
2020-08-17,US,Minnesota,Martin,212,6,0,43.67429718,-94.55099908,27091.0,1077.0715846161663,2.830188679245283,206,211,6,0,205,211,19785,1,0,0,1,0
2020-08-17,US,Minnesota,McLeod,271,0,0,44.82367677,-94.27287017,27085.0,755.0218705597192,0.0,271,260,0,0,260,249,35873,11,0,0,11,11
2020-08-17,US,Minnesota,Meeker,90,2,0,45.12328869,-94.52839455,27093.0,387.5635173542331,2.2222222222222223,88,90,2,0,88,88,23141,0,0,0,0,2
2020-08-17,US,Minnesota,Mille Lacs,79,3,0,45.93705297,-93.63236823,27095.0,300.6431480001522,3.79746835443038,76,78,3,0,75,74,26139,1,0,0,1,4
2020-08-17,US,Minnesota,Morrison,104,1,0,46.01265363,-94.27341528,27097.0,311.507817648116,0.9615384615384616,103,103,1,0,102,97,33169,1,0,0,1,6
2020-08-17,US,Minnesota,Mower,1126,2,0,43.67142874,-92.75234549,27099.0,2810.6435025710152,0.17761989342806395,1124,1126,2,0,1124,1125,40011,0,0,0,0,1
2020-08-17,US,Minnesota,Murray,129,1,0,44.02216709,-95.76328482,27101.0,1574.3226751281425,0.7751937984496124,128,129,1,0,128,127,8276,0,0,0,0,2
2020-08-17,US,Minnesota,Nicollet,378,13,0,44.35291112,-94.24710352,27103.0,1102.8768162455508,3.4391534391534386,365,375,13,0,362,371,34220,3,0,0,3,4
2020-08-17,US,Minnesota,Nobles,1799,9,0,43.67434621,-95.75329576,27105.0,8317.536640621387,0.5002779321845471,1790,1792,9,0,1783,1783,21924,7,0,0,7,9
2020-08-17,US,Minnesota,Norman,43,0,0,47.32628443,-96.45620947,27107.0,674.5098039215686,0.0,43,40,0,0,40,40,6475,3,0,0,3,0
2020-08-17,US,Minnesota,Olmsted,1843,23,0,44.00374114,-92.40209944,27109.0,1164.296589236416,1.2479652740097666,1820,1835,23,0,1812,1825,156277,8,0,0,8,10
2020-08-17,US,Minnesota,Otter Tail,223,4,0,46.40846929,-95.70835255,27111.0,379.60031321281446,1.7937219730941705,219,217,4,0,213,211,58812,6,0,0,6,6
2020-08-17,US,Minnesota,Pennington,75,1,0,48.06642577,-96.0370814,27113.0,531.1990934202139,1.3333333333333333,74,75,1,0,74,75,14178,0,0,0,0,0
2020-08-17,US,Minnesota,Pine,133,0,0,46.12105238,-92.74070188,27115.0,449.64332803678286,0.0,133,132,0,0,132,132,29483,1,0,0,1,0
2020-08-17,US,Minnesota,Pipestone,164,9,0,44.02301619,-96.25841142,27117.0,1797.063335524874,5.487804878048781,155,163,9,0,154,161,9047,1,0,0,1,2
2020-08-17,US,Minnesota,Polk,161,4,0,47.77372465,-96.40134647,27119.0,513.3273817115163,2.4844720496894412,157,161,4,0,157,160,31529,0,0,0,0,1
2020-08-17,US,Minnesota,Pope,48,0,0,45.58606667,-95.44451209,27121.0,426.7045959640857,0.0,48,48,0,0,48,48,11097,0,0,0,0,0
2020-08-17,US,Minnesota,Ramsey,8132,274,0,45.01625271,-93.09872295,27123.0,1477.6830249981376,3.3694048204623708,7858,8054,274,0,7780,7969,550210,78,0,0,78,85
2020-08-17,US,Minnesota,Red Lake,26,0,0,47.87197525,-96.09561104,27125.0,641.1837237977805,0.0,26,26,0,0,26,24,3999,0,0,0,0,2
2020-08-17,US,Minnesota,Redwood,38,0,0,44.40555844,-95.25207021,27127.0,250.49439683586024,0.0,38,38,0,0,38,37,15249,0,0,0,0,1
2020-08-17,US,Minnesota,Renville,69,5,0,44.72836381,-94.94553734,27129.0,474.2919989001925,7.246376811594202,64,69,5,0,64,68,14612,0,0,0,0,1
2020-08-17,US,Minnesota,Rice,1067,8,0,44.3543376,-93.29658715,27131.0,1593.2031296661291,0.7497656982193065,1059,1065,8,0,1057,1055,66523,2,0,0,2,10
2020-08-17,US,Minnesota,Rock,90,0,0,43.67482683,-96.25296832,27133.0,966.1835748792273,0.0,90,90,0,0,90,90,9414,0,0,0,0,0
2020-08-17,US,Minnesota,Roseau,56,0,0,48.77501878,-95.81079919,27135.0,369.2713484998352,0.0,56,56,0,0,56,54,15150,0,0,0,0,2
2020-08-17,US,Minnesota,Scott,1734,24,0,44.6490231,-93.53340251,27139.0,1163.6568621529664,1.3840830449826989,1710,1717,23,0,1694,1695,147381,17,1,0,16,22
2020-08-17,US,Minnesota,Sherburne,782,10,0,45.44447208,-93.77617511,27141.0,804.2123449680166,1.278772378516624,772,780,10,0,770,769,96036,2,0,0,2,11
2020-08-17,US,Minnesota,Sibley,91,2,0,44.5796592,-94.23164924,27143.0,612.1762529431552,2.1978021978021984,89,89,2,0,87,88,15028,2,0,0,2,1
2020-08-17,US,Minnesota,St. Louis,677,21,0,47.604840700000004,-92.46879855,27137.0,340.08137840960467,3.10192023633678,656,670,21,0,649,650,199754,7,0,0,7,20
2020-08-17,US,Minnesota,Stearns,2962,21,0,45.55192576,-94.61078221,27145.0,1838.8949247245075,0.7089804186360568,2941,2957,20,0,2937,2950,159256,5,1,0,4,7
2020-08-17,US,Minnesota,Steele,369,2,0,44.02240351,-93.22627088,27147.0,1006.8487543998473,0.5420054200542005,367,367,2,0,365,365,36803,2,0,0,2,2
2020-08-17,US,Minnesota,Stevens,22,0,0,45.58613007,-96.00163705,27149.0,224.37531871494136,0.0,22,22,0,0,22,22,9753,0,0,0,0,0
2020-08-17,US,Minnesota,Swift,58,1,0,45.2829032,-95.68264092,27151.0,625.9443125404705,1.7241379310344829,57,58,1,0,57,57,9345,0,0,0,0,1
2020-08-17,US,Minnesota,Todd,435,2,0,46.06996226,-94.89785296,27153.0,1763.7041842361334,0.4597701149425287,433,435,2,0,433,432,24582,0,0,0,0,3
2020-08-17,US,Minnesota,Traverse,16,0,0,45.77298854,-96.47062949,27155.0,490.948143602332,0.0,16,16,0,0,16,16,3308,0,0,0,0,0
2020-08-17,US,Minnesota,Unassigned,148,46,0,0.0,0.0,90027.0,0.0,31.08108108108108,102,146,46,0,100,146,,2,0,0,2,0
2020-08-17,US,Minnesota,Wabasha,101,0,0,44.28424356,-92.23121312,27157.0,467.0088315531512,0.0,101,101,0,0,101,99,21645,0,0,0,0,2
2020-08-17,US,Minnesota,Wadena,30,0,0,46.58589171,-94.96968506,27159.0,219.2661891536325,0.0,30,29,0,0,29,29,13773,1,0,0,1,0
2020-08-17,US,Minnesota,Waseca,172,1,0,44.02211116,-93.58720034,27161.0,924.1349666881582,0.5813953488372093,171,169,1,0,168,166,18691,3,0,0,3,3
2020-08-17,US,Minnesota,Washington,2392,48,0,45.03864533,-92.88429635,27163.0,911.446425849718,2.0066889632107023,2344,2354,48,0,2306,2300,259201,38,0,0,38,54
2020-08-17,US,Minnesota,Watonwan,393,2,0,43.97823903,-94.61413846,27165.0,3606.497201064513,0.5089058524173028,391,391,2,0,389,390,10980,2,0,0,2,1
2020-08-17,US,Minnesota,Wilkin,39,3,0,46.35721532,-96.4684375,27167.0,628.3228612856452,7.6923076923076925,36,39,3,0,36,38,6254,0,0,0,0,1
2020-08-17,US,Minnesota,Winona,279,17,0,43.98772283,-91.78081305,27169.0,552.6503446636558,6.093189964157706,262,279,17,0,262,274,50825,0,0,0,0,5
2020-08-17,US,Minnesota,Wright,985,5,0,45.17297924,-93.96234781,27171.0,711.8234966793616,0.5076142131979695,980,976,5,0,971,957,136349,9,0,0,9,19
2020-08-17,US,Minnesota,Yellow Medicine,54,0,0,44.71710183,-95.86842453,27173.0,556.1849830054589,0.0,54,54,0,0,54,54,9795,0,0,0,0,0
2020-08-17,US,Mississippi,Adams,669,28,0,31.47669768,-91.35326037,28001.0,2179.6500830808327,4.185351270553063,641,668,28,0,640,664,31192,1,0,0,1,4
2020-08-17,US,Mississippi,Alcorn,457,5,0,34.88084463,-88.57996173,28003.0,1236.706086109382,1.0940919037199124,452,457,5,0,452,451,36925,0,0,0,0,6
2020-08-17,US,Mississippi,Amite,249,6,0,31.17467303,-90.80501621,28005.0,2024.88411807758,2.409638554216868,243,248,6,0,242,246,12326,1,0,0,1,2
2020-08-17,US,Mississippi,Attala,551,25,0,33.08658803,-89.57838564,28007.0,3031.8036755804997,4.537205081669692,526,551,25,0,526,549,18365,0,0,0,0,2
2020-08-17,US,Mississippi,Benton,167,1,0,34.81681228,-89.18945516,28009.0,2022.0365661702388,0.5988023952095808,166,166,1,0,165,165,8271,1,0,0,1,1
2020-08-17,US,Mississippi,Bolivar,1224,40,0,33.79696941,-90.87372121,28011.0,3996.3432153584963,3.2679738562091503,1184,1221,40,0,1181,1219,31333,3,0,0,3,2
2020-08-17,US,Mississippi,Calhoun,435,9,0,33.93683395,-89.33686647,28013.0,3029.036975141007,2.0689655172413794,426,433,9,0,424,433,14436,2,0,0,2,0
2020-08-17,US,Mississippi,Carroll,268,11,0,33.44834567,-89.91994479,28015.0,2694.2796823162757,4.104477611940299,257,267,11,0,256,265,9911,1,0,0,1,2
2020-08-17,US,Mississippi,Chickasaw,513,19,0,33.91983202,-88.9481545,28017.0,2999.4737765304326,3.703703703703704,494,513,19,0,494,508,17171,0,0,0,0,5
2020-08-17,US,Mississippi,Choctaw,141,4,0,33.34598242,-89.24809382,28019.0,1717.4177831912302,2.8368794326241136,137,141,4,0,137,141,8278,0,0,0,0,0
2020-08-17,US,Mississippi,Claiborne,414,14,0,31.97061673,-90.90702196,28021.0,4606.141522029373,3.3816425120772946,400,414,14,0,400,414,9002,0,0,0,0,0
2020-08-17,US,Mississippi,Clarke,372,28,0,32.04158545,-88.68896219999998,28023.0,2393.6683611093235,7.526881720430107,344,369,28,0,341,368,15604,3,0,0,3,1
2020-08-17,US,Mississippi,Clay,420,14,0,33.65358105,-88.77784255,28025.0,2174.363222199213,3.333333333333333,406,417,14,0,403,417,19386,3,0,0,3,0
2020-08-17,US,Mississippi,Coahoma,830,13,0,34.22772299,-90.60415045,28027.0,3751.5819924064363,1.5662650602409638,817,817,13,0,804,812,22628,13,0,0,13,5
2020-08-17,US,Mississippi,Copiah,987,30,0,31.86977774,-90.44565118,28029.0,3516.835916622127,3.0395136778115504,957,985,30,0,955,986,28543,2,0,0,2,-1
2020-08-17,US,Mississippi,Covington,666,16,0,31.63225413,-89.55389939,28031.0,3573.7282678686406,2.4024024024024024,650,664,16,0,648,656,18853,2,0,0,2,8
2020-08-17,US,Mississippi,DeSoto,3913,34,0,34.87625235,-89.99091418,28033.0,2115.7641460974883,0.8688985433171479,3879,3911,34,0,3877,3888,182001,2,0,0,2,23
2020-08-17,US,Mississippi,Forrest,1924,57,0,31.18961454,-89.25832496,28035.0,2568.861236097574,2.9625779625779627,1867,1914,57,0,1857,1905,75036,10,0,0,10,9
2020-08-17,US,Mississippi,Franklin,153,2,0,31.47786634,-90.89672989,28037.0,1983.663943990665,1.30718954248366,151,152,2,0,150,150,7788,1,0,0,1,2
2020-08-17,US,Mississippi,George,639,10,0,30.86259065,-88.64436789,28039.0,2608.1632653061224,1.5649452269170578,629,638,9,0,629,637,24250,1,1,0,0,1
2020-08-17,US,Mississippi,Greene,276,13,0,31.21444233,-88.63922281,28041.0,2031.503017812454,4.710144927536232,263,276,13,0,263,275,13586,0,0,0,0,1
2020-08-17,US,Mississippi,Grenada,870,27,0,33.77036166,-89.80245083,28043.0,4191.155217265633,3.103448275862069,843,869,27,0,842,866,21055,1,0,0,1,3
2020-08-17,US,Mississippi,Hancock,432,16,0,30.41830223,-89.48851033,28045.0,906.9533087000335,3.703703703703704,416,425,15,0,410,422,47334,7,1,0,6,3
2020-08-17,US,Mississippi,Harrison,2804,38,0,30.51359752,-89.12467576,28047.0,1347.5586312956555,1.3552068473609131,2766,2788,37,0,2751,2755,206650,16,1,0,15,33
2020-08-17,US,Mississippi,Hinds,5917,129,0,32.2656285,-90.44435448,28049.0,2552.191166321601,2.180158864289336,5788,5902,128,0,5774,5878,237085,15,1,0,14,24
2020-08-17,US,Mississippi,Holmes,957,50,0,33.12345854,-90.08923538,28051.0,5626.102292768959,5.224660397074191,907,951,50,0,901,945,17622,6,0,0,6,6
2020-08-17,US,Mississippi,Humphreys,313,12,0,33.12825718,-90.52252707,28053.0,3881.448412698413,3.8338658146964857,301,312,12,0,300,310,8257,1,0,0,1,2
2020-08-17,US,Mississippi,Issaquena,28,2,0,32.72531359,-90.97392828,28055.0,2110.022607385079,7.142857142857142,26,28,2,0,26,27,1308,0,0,0,0,1
2020-08-17,US,Mississippi,Itawamba,427,10,0,34.27993475,-88.3606733,28057.0,1825.5664814023087,2.34192037470726,417,424,10,0,414,422,23517,3,0,0,3,2
2020-08-17,US,Mississippi,Jackson,2482,47,0,30.54020656,-88.64184064,28059.0,1728.2076634381726,1.8936341659951648,2435,2462,47,0,2415,2449,143277,20,0,0,20,13
2020-08-17,US,Mississippi,Jasper,432,11,0,32.01922104,-89.11786866,28061.0,2636.879692364036,2.5462962962962963,421,429,11,0,418,424,16428,3,0,0,3,5
2020-08-17,US,Mississippi,Jefferson,198,8,0,31.73397872,-91.03764977,28063.0,2832.618025751073,4.040404040404041,190,198,8,0,190,198,7106,0,0,0,0,0
2020-08-17,US,Mississippi,Jefferson Davis,255,7,0,31.56884708,-89.82670990000004,28065.0,2291.516894320633,2.7450980392156863,248,254,6,0,248,253,11234,1,1,0,0,1
2020-08-17,US,Mississippi,Jones,2002,65,0,31.62257767,-89.16896899999998,28067.0,2939.88076008106,3.2467532467532467,1937,1987,65,0,1922,1978,68461,15,0,0,15,9
2020-08-17,US,Mississippi,Kemper,251,14,0,32.75462946,-88.64105766,28069.0,2576.473003490043,5.577689243027889,237,250,14,0,236,248,10027,1,0,0,1,2
2020-08-17,US,Mississippi,Lafayette,1072,21,0,34.35687874,-89.48490961,28071.0,1984.4869397804473,1.958955223880597,1051,1065,21,0,1044,1062,54793,7,0,0,7,3
2020-08-17,US,Mississippi,Lamar,1297,22,0,31.20572971,-89.5077704,28073.0,2047.5822111361954,1.6962220508866614,1275,1291,20,0,1271,1284,62447,6,2,0,4,7
2020-08-17,US,Mississippi,Lauderdale,1497,98,0,32.40419769,-88.66229662,28075.0,2019.5615514333886,6.546426185704743,1399,1493,98,0,1395,1488,75317,4,0,0,4,5
2020-08-17,US,Mississippi,Lawrence,342,8,0,31.55147224,-90.10841127,28077.0,2717.3049419990466,2.3391812865497075,334,342,8,0,334,341,12455,0,0,0,0,1
2020-08-17,US,Mississippi,Leake,813,27,0,32.7536828,-89.52402044,28079.0,3567.980338804529,3.3210332103321027,786,811,27,0,784,811,22763,2,0,0,2,0
2020-08-17,US,Mississippi,Lee,1737,43,0,34.291877500000005,-88.68149954,28081.0,2033.100800599279,2.4755325273459987,1694,1724,43,0,1681,1700,85202,13,0,0,13,24
2020-08-17,US,Mississippi,Leflore,998,70,0,33.55545125,-90.29900733,28083.0,3541.141823084838,7.014028056112225,928,990,70,0,920,976,28919,8,0,0,8,14
2020-08-17,US,Mississippi,Lincoln,879,45,0,31.53288662,-90.45391915,28085.0,2573.7124117939857,5.119453924914676,834,876,45,0,831,871,34205,3,0,0,3,5
2020-08-17,US,Mississippi,Lowndes,1140,42,0,33.47386518,-88.44191529999998,28087.0,1945.5584947521122,3.684210526315789,1098,1140,42,0,1098,1136,58930,0,0,0,0,4
2020-08-17,US,Mississippi,Madison,2556,74,0,32.63389156,-90.03513564,28089.0,2405.149051490515,2.8951486697965567,2482,2556,74,0,2482,2538,105630,0,0,0,0,18
2020-08-17,US,Mississippi,Marion,713,22,0,31.23132643,-89.8209217,28091.0,2901.558621250967,3.085553997194951,691,708,21,0,687,707,24715,5,1,0,4,1
2020-08-17,US,Mississippi,Marshall,770,10,0,34.76216286,-89.50299462,28093.0,2181.6739389131303,1.2987012987012987,760,768,10,0,758,766,35451,2,0,0,2,2
2020-08-17,US,Mississippi,Monroe,883,55,0,33.89236763,-88.4808438,28095.0,2504.822421422898,6.2287655719139305,828,873,55,0,818,868,35564,10,0,0,10,5
2020-08-17,US,Mississippi,Montgomery,369,10,0,33.49419589,-89.61729103,28097.0,3774.936061381074,2.710027100271003,359,366,10,0,356,365,10023,3,0,0,3,1
2020-08-17,US,Mississippi,Neshoba,1328,96,0,32.75339664,-89.11726492,28099.0,4560.752798955972,7.2289156626506035,1232,1328,96,0,1232,1328,29125,0,0,0,0,0
2020-08-17,US,Mississippi,Newton,588,12,0,32.40021118,-89.11843336,28101.0,2797.6020553811018,2.0408163265306123,576,587,12,0,575,587,21443,1,0,0,1,0
2020-08-17,US,Mississippi,Noxubee,486,12,0,33.11009499,-88.56949061,28103.0,4665.450705577421,2.469135802469136,474,484,12,0,472,482,10535,2,0,0,2,2
2020-08-17,US,Mississippi,Oktibbeha,1183,42,0,33.42491685,-88.87905132,28105.0,2385.7059309899773,3.5502958579881656,1141,1178,41,0,1137,1171,49599,5,1,0,4,7
2020-08-17,US,Mississippi,Panola,1143,18,0,34.36398677,-89.95064249,28107.0,3342.8872250818904,1.5748031496062993,1125,1140,18,0,1122,1139,34178,3,0,0,3,1
2020-08-17,US,Mississippi,Pearl River,613,42,0,30.77090935,-89.58677275,28109.0,1103.8084091113712,6.851549755301795,571,601,41,0,560,596,55387,12,1,0,11,5
2020-08-17,US,Mississippi,Perry,262,8,0,31.17161885,-88.99281835,28111.0,2188.256911383947,3.053435114503817,254,260,8,0,252,256,11931,2,0,0,2,4
2020-08-17,US,Mississippi,Pike,984,38,0,31.17507789,-90.40392572,28113.0,2504.581551618815,3.8617886178861784,946,982,38,0,944,977,39563,2,0,0,2,5
2020-08-17,US,Mississippi,Pontotoc,892,9,0,34.226046000000004,-89.03636807,28115.0,2772.4249393920563,1.0089686098654709,883,888,9,0,879,884,31833,4,0,0,4,4
2020-08-17,US,Mississippi,Prentiss,498,11,0,34.61810501,-88.51986294,28117.0,1982.01066624214,2.208835341365462,487,497,11,0,486,497,25315,1,0,0,1,0
2020-08-17,US,Mississippi,Quitman,279,1,0,34.25157572,-90.28908,28119.0,4107.7738515901065,0.35842293906810035,278,278,1,0,277,278,7051,1,0,0,1,0
2020-08-17,US,Mississippi,Rankin,2437,42,0,32.26469147,-89.94537876,28121.0,1569.5139465837146,1.7234304472712352,2395,2429,42,0,2387,2411,153902,8,0,0,8,18
2020-08-17,US,Mississippi,Scott,1033,21,0,32.406704100000006,-89.53789439,28123.0,3673.01948513725,2.0329138431752183,1012,1032,21,0,1011,1029,28287,1,0,0,1,3
2020-08-17,US,Mississippi,Sharkey,219,7,0,32.88149103,-90.81595379999999,28125.0,5068.271233510762,3.1963470319634704,212,218,7,0,211,215,4377,1,0,0,1,3
2020-08-17,US,Mississippi,Simpson,861,36,0,31.91282117,-89.91716179,28127.0,3229.799684897592,4.181184668989547,825,858,36,0,822,852,26758,3,0,0,3,6
2020-08-17,US,Mississippi,Smith,422,13,0,32.01744532,-89.50644846,28129.0,2651.419954762503,3.080568720379147,409,421,13,0,408,421,16002,1,0,0,1,0
2020-08-17,US,Mississippi,Stone,256,6,0,30.79187949,-89.11547539,28131.0,1396.1605584642236,2.34375,250,255,6,0,249,249,18717,1,0,0,1,6
2020-08-17,US,Mississippi,Sunflower,1116,29,0,33.60192578,-90.58882684,28133.0,4444.444444444444,2.598566308243728,1087,1115,29,0,1086,1106,25735,1,0,0,1,9
2020-08-17,US,Mississippi,Tallahatchie,568,11,0,33.95339918,-90.1729398,28135.0,4113.259468462597,1.9366197183098592,557,568,11,0,557,565,13987,0,0,0,0,3
2020-08-17,US,Mississippi,Tate,774,30,0,34.65133709,-89.94485778,28137.0,2732.954344832457,3.875968992248062,744,773,30,0,743,768,28759,1,0,0,1,5
2020-08-17,US,Mississippi,Tippah,443,14,0,34.76872156,-88.90988194,28139.0,2012.2643652055415,3.160270880361174,429,438,14,0,424,434,21995,5,0,0,5,4
2020-08-17,US,Mississippi,Tishomingo,476,12,0,34.74023475,-88.23917219,28141.0,2455.760202239076,2.5210084033613445,464,469,12,0,457,467,19454,7,0,0,7,2
2020-08-17,US,Mississippi,Tunica,381,9,0,34.64967704,-90.37481167,28143.0,3955.564784053156,2.3622047244094486,372,381,8,0,373,375,9944,0,1,0,-1,6
2020-08-17,US,Mississippi,Union,772,19,0,34.49162015,-89.00776006,28145.0,2679.160159639077,2.461139896373057,753,763,19,0,744,761,28606,9,0,0,9,2
2020-08-17,US,Mississippi,Walthall,525,22,0,31.14971548,-90.10446654,28147.0,3674.9265014699695,4.190476190476192,503,525,22,0,503,525,14465,0,0,0,0,0
2020-08-17,US,Mississippi,Warren,1182,37,0,32.35810271,-90.83352619,28149.0,2604.614265882197,3.130287648054145,1145,1179,37,0,1142,1173,46176,3,0,0,3,6
2020-08-17,US,Mississippi,Washington,1818,46,0,33.28392041,-90.94196237,28151.0,4140.381243025347,2.5302530253025304,1772,1817,46,0,1771,1811,45063,1,0,0,1,6
2020-08-17,US,Mississippi,Wayne,810,21,0,31.64135687,-88.69573913,28153.0,4013.2785017093593,2.592592592592593,789,809,21,0,788,808,20298,1,0,0,1,1
2020-08-17,US,Mississippi,Webster,257,13,0,33.61300486,-89.28392912,28155.0,2652.4925172876456,5.058365758754863,244,257,13,0,244,257,9788,0,0,0,0,0
2020-08-17,US,Mississippi,Wilkinson,234,14,0,31.16078225,-91.31018819,28157.0,2711.4716106604865,5.982905982905983,220,234,14,0,220,233,8792,0,0,0,0,1
2020-08-17,US,Mississippi,Winston,653,18,0,33.08747908,-89.03391385,28159.0,3636.8699526594255,2.7565084226646253,635,652,18,0,634,652,18165,1,0,0,1,0
2020-08-17,US,Mississippi,Yalobusha,326,10,0,34.02824175,-89.70762049999998,28161.0,2692.434753881731,3.0674846625766867,316,326,10,0,316,324,12392,0,0,0,0,2
2020-08-17,US,Mississippi,Yazoo,891,14,0,32.77890365,-90.39656148,28163.0,3001.010441226002,1.5712682379349046,877,890,14,0,876,887,28248,1,0,0,1,3
2020-08-17,US,Missouri,Adair,184,0,0,40.19058551,-92.60078167,29001.0,726.0387483723317,0.0,184,183,0,0,183,178,25339,1,0,0,1,5
2020-08-17,US,Missouri,Andrew,101,1,0,39.98492163,-94.80163024,29003.0,570.2348690153567,0.99009900990099,100,98,1,0,97,96,17607,3,0,0,3,2
2020-08-17,US,Missouri,Atchison,20,0,0,40.43238737,-95.42970639,29005.0,388.8780867198133,0.0,20,20,0,0,20,20,5171,0,0,0,0,0
2020-08-17,US,Missouri,Audrain,226,1,0,39.215877,-91.84242683,29007.0,890.1843390578226,0.4424778761061947,225,227,1,0,226,220,25473,-1,0,0,-1,7
2020-08-17,US,Missouri,Barry,296,4,0,36.70978521,-93.82919888,29009.0,827.0697700410741,1.351351351351351,292,293,4,0,289,283,35886,3,0,0,3,10
2020-08-17,US,Missouri,Barton,73,0,0,37.50207671,-94.34757022,29011.0,621.0651693040668,0.0,73,72,0,0,72,71,11798,1,0,0,1,1
2020-08-17,US,Missouri,Bates,54,1,0,38.25271289,-94.34113157,29013.0,333.91046252782587,1.851851851851852,53,54,1,0,53,54,16320,0,0,0,0,0
2020-08-17,US,Missouri,Benton,118,1,0,38.29503305,-93.28756116,29015.0,606.9022270225787,0.8474576271186439,117,117,2,0,115,117,19278,1,-1,0,2,0
2020-08-17,US,Missouri,Bollinger,82,1,0,37.32449052,-90.02725304,29017.0,675.8427429324981,1.2195121951219512,81,81,1,0,80,81,12169,1,0,0,1,0
2020-08-17,US,Missouri,Boone,1610,3,0,38.99186229,-92.30723575,29019.0,892.1496373217778,0.18633540372670807,1607,1594,3,0,1591,1534,180005,16,0,0,16,60
2020-08-17,US,Missouri,Buchanan,1141,10,0,39.65816401,-94.80138942,29021.0,1306.0299436838973,0.8764241893076249,1131,1129,10,0,1119,1123,88571,12,0,0,12,6
2020-08-17,US,Missouri,Butler,321,2,0,36.71462476,-90.40421163,29023.0,755.685295917887,0.6230529595015576,319,317,2,0,315,311,42639,4,0,0,4,6
2020-08-17,US,Missouri,Caldwell,36,1,0,39.65620858,-93.98308093,29025.0,399.1130820399113,2.7777777777777777,35,36,1,0,35,36,9108,0,0,0,0,0
2020-08-17,US,Missouri,Callaway,202,1,0,38.83674754,-91.92186505,29027.0,451.46726862302484,0.4950495049504951,201,198,1,0,197,179,44889,4,0,0,4,19
2020-08-17,US,Missouri,Camden,412,7,0,38.02199522,-92.76083747,29029.0,889.7527264874202,1.699029126213592,405,408,7,0,401,398,45815,4,0,0,4,10
2020-08-17,US,Missouri,Cape Girardeau,770,6,0,37.38489388,-89.6843587,29031.0,976.2777193138162,0.7792207792207793,764,742,5,0,737,735,78753,28,1,0,27,7
2020-08-17,US,Missouri,Carroll,104,0,0,39.42762566,-93.50626255,29033.0,1198.2947344164074,0.0,104,104,0,0,104,102,8743,0,0,0,0,2
2020-08-17,US,Missouri,Carter,23,1,0,36.94160441,-90.96051322,29035.0,384.4867937144768,4.3478260869565215,22,23,1,0,22,22,6054,0,0,0,0,1
2020-08-17,US,Missouri,Cass,883,9,0,38.64789422,-94.353399,29037.0,834.7513707695216,1.0192525481313703,874,863,9,0,854,857,104954,20,0,0,20,6
2020-08-17,US,Missouri,Cedar,45,0,0,37.72391475,-93.85445441,29039.0,313.6107045787163,0.0,45,45,0,0,45,44,14165,0,0,0,0,1
2020-08-17,US,Missouri,Chariton,21,0,0,39.51499357,-92.9629191,29041.0,282.79019660651767,0.0,21,21,0,0,21,21,7451,0,0,0,0,0
2020-08-17,US,Missouri,Christian,453,1,0,36.9711783,-93.18537118,29043.0,511.315536994187,0.22075055187637968,452,441,1,0,440,424,86983,12,0,0,12,17
2020-08-17,US,Missouri,Clark,29,0,0,40.41040752,-91.73661677,29045.0,426.65882006767686,0.0,29,29,0,0,29,28,6842,0,0,0,0,1
2020-08-17,US,Missouri,Clay,1158,30,0,39.31132056,-94.41850862,29047.0,463.29636564405394,2.5906735751295336,1128,1143,30,0,1113,1133,246365,15,0,0,15,10
2020-08-17,US,Missouri,Clinton,101,0,0,39.6013098,-94.40465394,29049.0,495.4137440525825,0.0,101,97,0,0,97,95,20470,4,0,0,4,2
2020-08-17,US,Missouri,Cole,597,3,0,38.50455671,-92.27860244,29051.0,777.9008404456316,0.5025125628140703,594,589,3,0,586,527,76796,8,0,0,8,62
2020-08-17,US,Missouri,Cooper,162,0,0,38.844478,-92.80896081,29053.0,914.7890902930716,0.0,162,159,0,0,159,158,17603,3,0,0,3,1
2020-08-17,US,Missouri,Crawford,115,0,0,37.97663738,-91.30528104,29055.0,480.76923076923083,0.0,115,111,0,0,111,102,23957,4,0,0,4,9
2020-08-17,US,Missouri,Dade,17,0,0,37.431814,-93.8503345,29057.0,224.83798439359882,0.0,17,17,0,0,17,17,7569,0,0,0,0,0
2020-08-17,US,Missouri,Dallas,78,1,0,37.681135499999996,-93.02127031,29059.0,462.14006398862426,1.2820512820512822,77,76,1,0,75,75,16762,2,0,0,2,1
2020-08-17,US,Missouri,Daviess,19,0,0,39.96145298,-93.98519678,29061.0,229.52403962309742,0.0,19,19,0,0,19,19,8313,0,0,0,0,0
2020-08-17,US,Missouri,DeKalb,44,1,0,39.89201062,-94.40476508,29063.0,350.68143779389504,2.272727272727273,43,41,1,0,40,41,12630,3,0,0,3,0
2020-08-17,US,Missouri,Dent,23,0,0,37.60663134,-91.50790473,29065.0,147.69151736980672,0.0,23,23,0,0,23,20,15441,0,0,0,0,3
2020-08-17,US,Missouri,Douglas,94,2,0,36.9325593,-92.49905109,29067.0,712.9313613955252,2.127659574468085,92,94,2,0,92,92,13373,0,0,0,0,2
2020-08-17,US,Missouri,Dunklin,398,4,0,36.27167174,-90.09122243,29069.0,1366.2421475404208,1.0050251256281406,394,388,4,0,384,378,29423,10,0,0,10,10
2020-08-17,US,Missouri,Franklin,762,19,0,38.41127108,-91.07522826,29071.0,732.9248703915665,2.493438320209974,743,742,19,0,723,729,103670,20,0,0,20,13
2020-08-17,US,Missouri,Gasconade,38,0,0,38.43947277,-91.50847147,29073.0,258.3979328165375,0.0,38,37,0,0,37,34,14705,1,0,0,1,3
2020-08-17,US,Missouri,Gentry,87,9,0,40.21097916,-94.40944419,29075.0,1323.9993912646478,10.344827586206897,78,87,9,0,78,87,6628,0,0,0,0,0
2020-08-17,US,Missouri,Greene,1940,10,0,37.2575872,-93.34230916,29077.0,661.9217567539903,0.5154639175257731,1930,1902,10,0,1892,1836,291923,38,0,0,38,66
2020-08-17,US,Missouri,Grundy,31,1,0,40.11406587,-93.56509276,29079.0,314.7208121827411,3.2258064516129035,30,30,1,0,29,30,9914,1,0,0,1,0
2020-08-17,US,Missouri,Harrison,62,1,0,40.35570088,-93.99222144,29081.0,742.337164750958,1.6129032258064515,61,62,1,0,61,60,8414,0,0,0,0,2
2020-08-17,US,Missouri,Henry,95,3,0,38.38482826,-93.79293734,29083.0,435.300586510264,3.1578947368421053,92,95,3,0,92,94,21792,0,0,0,0,1
2020-08-17,US,Missouri,Hickory,43,0,0,37.94163617,-93.3203037,29085.0,450.5448449287512,0.0,43,40,0,0,40,40,9509,3,0,0,3,0
2020-08-17,US,Missouri,Holt,46,0,0,40.09799248,-95.21638879999999,29087.0,1044.7422212128097,0.0,46,46,0,0,46,41,4404,0,0,0,0,5
2020-08-17,US,Missouri,Howard,71,0,0,39.1435761,-92.69756691,29089.0,709.9290070992903,0.0,71,69,0,0,69,68,10137,2,0,0,2,1
2020-08-17,US,Missouri,Howell,177,2,0,36.77383887,-91.88683935,29091.0,441.2094623227061,1.1299435028248588,175,176,2,0,174,173,40076,1,0,0,1,3
2020-08-17,US,Missouri,Iron,27,0,0,37.55487945,-90.7735296,29093.0,266.6666666666667,0.0,27,25,0,0,25,24,10177,2,0,0,2,1
2020-08-17,US,Missouri,Jackson,4640,66,0,39.01002188,-94.34724536,29095.0,660.0181220492992,1.4224137931034482,4574,4560,66,0,4494,4523,700307,80,0,0,80,37
2020-08-17,US,Missouri,Jasper,1968,32,0,37.20351921,-94.34050458,29097.0,1622.0493208492678,1.6260162601626016,1936,1947,32,0,1915,1938,120636,21,0,0,21,9
2020-08-17,US,Missouri,Jefferson,1998,30,0,38.25926778,-90.53870896,29099.0,887.6804350433844,1.5015015015015014,1968,1944,27,0,1917,1887,224347,54,3,0,51,57
2020-08-17,US,Missouri,Johnson,517,3,0,38.74719601,-93.80691168,29101.0,956.3094225148905,0.5802707930367504,514,513,3,0,510,507,53652,4,0,0,4,6
2020-08-17,US,Missouri,Kansas City,7773,66,0,39.0997,-94.5786,0.0,1589.7558611126447,0.8490930142802007,7707,7649,66,0,7583,7535,491918,124,0,0,124,114
2020-08-17,US,Missouri,Knox,36,0,0,40.12699751,-92.14780832,29103.0,909.3205354887598,0.0,36,36,0,0,36,35,3947,0,0,0,0,1
2020-08-17,US,Missouri,Laclede,238,1,0,37.65896829,-92.5888493,29105.0,666.2374380651122,0.4201680672268908,237,235,1,0,234,221,35713,3,0,0,3,14
2020-08-17,US,Missouri,Lafayette,199,2,0,39.06986886,-93.78076396,29107.0,608.4138437079614,1.0050251256281406,197,198,2,0,196,198,32598,1,0,0,1,0
2020-08-17,US,Missouri,Lawrence,271,2,0,37.10626634,-93.83293097,29109.0,706.5571633424588,0.7380073800738007,269,264,2,0,262,252,38359,7,0,0,7,12
2020-08-17,US,Missouri,Lewis,54,1,0,40.09673161,-91.72070156,29111.0,552.3731587561375,1.851851851851852,53,54,1,0,53,54,9855,0,0,0,0,0
2020-08-17,US,Missouri,Lincoln,449,1,0,39.05345619,-90.95588181,29113.0,760.849304390558,0.22271714922049002,448,439,1,0,438,430,57686,10,0,0,10,9
2020-08-17,US,Missouri,Linn,41,1,0,39.87001769,-93.10704106,29115.0,343.9597315436242,2.4390243902439024,40,41,1,0,40,39,12037,0,0,0,0,2
2020-08-17,US,Missouri,Livingston,65,0,0,39.78110272,-93.54645978,29117.0,426.8733171340383,0.0,65,64,0,0,64,64,15146,1,0,0,1,0
2020-08-17,US,Missouri,Macon,69,0,0,39.83049768,-92.56453089,29121.0,456.43976979559443,0.0,69,69,0,0,69,67,15153,0,0,0,0,2
2020-08-17,US,Missouri,Madison,38,0,0,37.47865134,-90.34671429999999,29123.0,314.361350099272,0.0,38,35,0,0,35,34,12188,3,0,0,3,1
2020-08-17,US,Missouri,Maries,31,0,0,38.16193985,-91.92249662,29125.0,356.4447510635852,0.0,31,28,0,0,28,27,8769,3,0,0,3,1
2020-08-17,US,Missouri,Marion,272,1,0,39.80601912,-91.62203062,29127.0,953.3824044865054,0.36764705882352944,271,269,1,0,268,264,28592,3,0,0,3,5
2020-08-17,US,Missouri,McDonald,962,8,0,36.62869595,-94.34867205,29119.0,4212.462232342252,0.8316008316008316,954,959,8,0,951,958,23078,3,0,0,3,1
2020-08-17,US,Missouri,Mercer,15,0,0,40.42212303,-93.56829590000001,29129.0,414.7083218136577,0.0,15,15,0,0,15,15,3641,0,0,0,0,0
2020-08-17,US,Missouri,Miller,159,1,0,38.21450288,-92.42610898,29131.0,620.6331238533901,0.6289308176100629,158,157,1,0,156,145,25336,2,0,0,2,12
2020-08-17,US,Missouri,Mississippi,174,0,0,36.82516239,-89.29505753,29133.0,1320.1820940819425,0.0,174,172,0,0,172,170,13336,2,0,0,2,2
2020-08-17,US,Missouri,Moniteau,164,2,0,38.63571781,-92.57976951,29135.0,1016.6129432184478,1.2195121951219512,162,163,2,0,161,161,16121,1,0,0,1,2
2020-08-17,US,Missouri,Monroe,37,0,0,39.49593978,-92.00043978,29137.0,428.04257288292456,0.0,37,37,0,0,37,36,8664,0,0,0,0,1
2020-08-17,US,Missouri,Montgomery,45,0,0,38.94022054,-91.47000721,29139.0,389.57666002943466,0.0,45,44,0,0,44,44,11534,1,0,0,1,0
2020-08-17,US,Missouri,Morgan,98,0,0,38.4181765,-92.88791859,29141.0,475.1054443205508,0.0,98,95,0,0,95,94,20358,3,0,0,3,1
2020-08-17,US,Missouri,New Madrid,304,3,0,36.59666326,-89.66070007,29143.0,1780.2764113375495,0.986842105263158,301,299,3,0,296,294,17296,5,0,0,5,5
2020-08-17,US,Missouri,Newton,962,6,0,36.90519407,-94.3394104,29145.0,1651.8991688989634,0.6237006237006237,956,946,6,0,940,944,58266,16,0,0,16,2
2020-08-17,US,Missouri,Nodaway,232,0,0,40.36079813,-94.88133008,29147.0,1050.1539018649285,0.0,232,226,0,0,226,221,22304,6,0,0,6,5
2020-08-17,US,Missouri,Oregon,25,0,0,36.68710164,-91.4033755,29149.0,237.43945293950043,0.0,25,21,0,0,21,21,10541,4,0,0,4,0
2020-08-17,US,Missouri,Osage,62,1,0,38.46036182,-91.8613635,29151.0,455.38009548292325,1.6129032258064515,61,62,1,0,61,58,13714,0,0,0,0,4
2020-08-17,US,Missouri,Ozark,16,0,0,36.64916339,-92.44459066,29153.0,174.40592980161327,0.0,16,16,0,0,16,16,9017,0,0,0,0,0
2020-08-17,US,Missouri,Pemiscot,268,9,0,36.2130572,-89.78742322,29155.0,1695.665928503638,3.3582089552238807,259,263,9,0,254,255,16272,5,0,0,5,8
2020-08-17,US,Missouri,Perry,263,4,0,37.70660776,-89.82741088,29157.0,1374.3729096989964,1.520912547528517,259,256,4,0,252,255,19150,7,0,0,7,1
2020-08-17,US,Missouri,Pettis,656,5,0,38.72798918,-93.28471706,29159.0,1549.3988993599282,0.7621951219512195,651,651,5,0,646,639,42542,5,0,0,5,12
2020-08-17,US,Missouri,Phelps,128,0,0,37.87736118,-91.79351727,29161.0,287.16936261862566,0.0,128,123,0,0,123,115,44732,5,0,0,5,8
2020-08-17,US,Missouri,Pike,145,1,0,39.34310674,-91.16980779,29163.0,792.2631406403673,0.6896551724137931,144,144,1,0,143,141,18504,1,0,0,1,3
2020-08-17,US,Missouri,Platte,412,10,0,39.38154439,-94.77068479,29165.0,394.5679863625045,2.4271844660194173,402,407,10,0,397,404,102985,5,0,0,5,3
2020-08-17,US,Missouri,Polk,243,0,0,37.616229600000004,-93.39828174,29167.0,755.8555476064572,0.0,243,238,0,0,238,234,32201,5,0,0,5,4
2020-08-17,US,Missouri,Pulaski,275,1,0,37.82462075,-92.20783203,29169.0,522.7441215047427,0.3636363636363637,274,273,1,0,272,271,52014,2,0,0,2,2
2020-08-17,US,Missouri,Putnam,14,1,0,40.47942497,-93.02042674,29171.0,298.12606473594553,7.142857142857142,13,14,1,0,13,13,4757,0,0,0,0,1
2020-08-17,US,Missouri,Ralls,58,0,0,39.52817427,-91.51838643,29173.0,562.6151906101464,0.0,58,57,0,0,57,54,10212,1,0,0,1,3
2020-08-17,US,Missouri,Randolph,84,1,0,39.44007257,-92.49713740000001,29175.0,339.4213673832229,1.1904761904761905,83,82,1,0,81,82,24763,2,0,0,2,0
2020-08-17,US,Missouri,Ray,119,0,0,39.353746799999996,-93.98905745,29177.0,516.98670605613,0.0,119,119,0,0,119,119,22883,0,0,0,0,0
2020-08-17,US,Missouri,Reynolds,16,0,0,37.36085952,-90.97009925,29179.0,255.18341307814998,0.0,16,16,0,0,16,16,6254,0,0,0,0,0
2020-08-17,US,Missouri,Ripley,74,0,0,36.65460667,-90.85990261,29181.0,556.8934376881397,0.0,74,75,0,0,75,72,13401,-1,0,0,-1,3
2020-08-17,US,Missouri,Saline,483,7,0,39.13734288,-93.20259964,29195.0,2122.050876499275,1.4492753623188406,476,483,7,0,476,481,22895,0,0,0,0,2
2020-08-17,US,Missouri,Schuyler,13,0,0,40.46921489,-92.52311943,29197.0,278.9699570815451,0.0,13,13,0,0,13,10,4599,0,0,0,0,3
2020-08-17,US,Missouri,Scotland,19,1,0,40.45214695,-92.14709064,29199.0,387.59689922480624,5.2631578947368425,18,19,1,0,18,18,4966,0,0,0,0,1
2020-08-17,US,Missouri,Scott,492,13,0,37.05588075,-89.56474493,29201.0,1285.2664576802506,2.6422764227642275,479,476,13,0,463,461,38458,16,0,0,16,15
2020-08-17,US,Missouri,Shannon,44,1,0,37.15772072,-91.40190382,29203.0,538.8194954690179,2.272727272727273,43,44,1,0,43,44,8189,0,0,0,0,0
2020-08-17,US,Missouri,Shelby,43,0,0,39.79742518,-92.07634971,29205.0,725.1264755480607,0.0,43,42,0,0,42,42,6050,1,0,0,1,0
2020-08-17,US,Missouri,St. Charles,4760,95,0,38.77875681,-90.66662425,29183.0,1184.0148051599167,1.9957983193277309,4665,4649,91,0,4558,4610,399182,111,4,0,107,39
2020-08-17,US,Missouri,St. Clair,23,0,0,38.03699437,-93.77631447,29185.0,244.75896562732788,0.0,23,23,0,0,23,23,9395,0,0,0,0,0
2020-08-17,US,Missouri,St. Francois,599,4,0,37.81214171,-90.47598685,29187.0,891.170125715986,0.667779632721202,595,571,2,0,569,498,66692,28,2,0,26,73
2020-08-17,US,Missouri,St. Louis,16764,701,0,38.63770039999999,-90.4458375,29189.0,1686.1713630488682,4.181579575280364,16063,16614,678,0,15936,16409,996945,150,23,0,127,205
2020-08-17,US,Missouri,St. Louis City,5652,181,0,38.63555736,-90.24349225,29510.0,1880.3896518684128,3.2024062278839347,5471,5614,181,0,5433,5553,302838,38,0,0,38,61
2020-08-17,US,Missouri,Ste. Genevieve,72,1,0,37.89090059,-90.1949941,29186.0,402.3695093327372,1.3888888888888888,71,69,1,0,68,68,17888,3,0,0,3,1
2020-08-17,US,Missouri,Stoddard,244,9,0,36.85571651,-89.9444155,29207.0,840.6546080964688,3.6885245901639343,235,242,9,0,233,242,29206,2,0,0,2,0
2020-08-17,US,Missouri,Stone,196,1,0,36.75000327,-93.45256475,29209.0,613.4201301952929,0.5102040816326531,195,191,1,0,190,168,31749,5,0,0,5,23
2020-08-17,US,Missouri,Sullivan,155,0,0,40.2099105,-93.11150106,29211.0,2545.5739858761704,0.0,155,155,0,0,155,153,6221,0,0,0,0,2
2020-08-17,US,Missouri,Taney,763,3,0,36.65465345,-93.04075153,29213.0,1364.2540409097412,0.3931847968545216,760,739,3,0,736,708,55852,24,0,0,24,31
2020-08-17,US,Missouri,Texas,68,1,0,37.31728859,-91.96564727,29215.0,267.7376171352075,1.4705882352941178,67,67,1,0,66,65,25571,1,0,0,1,2
2020-08-17,US,Missouri,Vernon,63,0,0,37.8457799,-94.34127305,29217.0,306.37552886252007,0.0,63,63,0,0,63,62,20528,0,0,0,0,1
2020-08-17,US,Missouri,Warren,264,0,0,38.76529479,-91.16124662,29219.0,740.5537322225027,0.0,264,248,0,0,248,238,34711,16,0,0,16,10
2020-08-17,US,Missouri,Washington,143,1,0,37.96130078,-90.87948158,29221.0,578.245046502224,0.6993006993006993,142,133,1,0,132,126,24943,10,0,0,10,7
2020-08-17,US,Missouri,Wayne,68,0,0,37.11303869,-90.46001416,29223.0,528.2373961003651,0.0,68,66,0,0,66,65,13122,2,0,0,2,1
2020-08-17,US,Missouri,Webster,157,1,0,37.2813734,-92.876329,29225.0,396.544756516468,0.6369426751592356,156,154,1,0,153,149,39109,3,0,0,3,5
2020-08-17,US,Missouri,Worth,9,0,0,40.47945588,-94.42328751,29227.0,447.0938897168405,0.0,9,9,0,0,9,9,2040,0,0,0,0,0
2020-08-17,US,Missouri,Wright,73,0,0,37.27029221,-92.46914488,29229.0,399.14702826835816,0.0,73,74,0,0,74,73,18378,-1,0,0,-1,1
2020-08-17,US,Montana,Beaverhead,68,0,0,45.13434354,-112.89846940000001,30001.0,719.3483550195705,0.0,68,68,0,0,68,68,9404,0,0,0,0,0
2020-08-17,US,Montana,Big Horn,529,14,0,45.42335905,-107.492347,30003.0,3971.7696523763047,2.6465028355387523,515,519,14,0,505,510,13338,10,0,0,10,9
2020-08-17,US,Montana,Blaine,14,0,0,48.43175214,-108.9582723,30005.0,209.54946864241882,0.0,14,15,0,0,15,15,6807,-1,0,0,-1,0
2020-08-17,US,Montana,Broadwater,14,0,0,46.33277565,-111.49558130000001,30007.0,224.46689113355785,0.0,14,14,0,0,14,14,6085,0,0,0,0,0
2020-08-17,US,Montana,Carbon,77,0,0,45.22850116,-109.0274047,30009.0,717.9487179487178,0.0,77,75,0,0,75,75,10714,2,0,0,2,0
2020-08-17,US,Montana,Cascade,183,4,0,47.30797024,-111.3467922,30013.0,224.9096674286557,2.1857923497267757,179,182,4,0,178,181,81643,1,0,0,1,1
2020-08-17,US,Montana,Chouteau,10,0,0,47.88084126,-110.4353362,30015.0,177.4622892635315,0.0,10,10,0,0,10,10,5745,0,0,0,0,0
2020-08-17,US,Montana,Custer,61,2,0,46.25319932,-105.57375259999998,30017.0,534.9938607261884,3.278688524590164,59,61,2,0,59,61,11586,0,0,0,0,0
2020-08-17,US,Montana,Daniels,3,0,0,48.78420029,-105.54763429999998,30019.0,177.5147928994083,0.0,3,3,0,0,3,3,1747,0,0,0,0,0
2020-08-17,US,Montana,Dawson,30,0,0,47.26584855,-104.89444170000002,30021.0,348.31069313827936,0.0,30,30,0,0,30,30,8680,0,0,0,0,0
2020-08-17,US,Montana,Deer Lodge,30,0,0,46.05953325,-113.073353,30023.0,328.2275711159737,0.0,30,30,0,0,30,30,9131,0,0,0,0,0
2020-08-17,US,Montana,Fallon,2,0,0,46.33478338,-104.41835649999999,30025.0,70.27406886858749,0.0,2,2,0,0,2,2,2920,0,0,0,0,0
2020-08-17,US,Montana,Fergus,23,0,0,47.26331584,-109.2245206,30027.0,208.1447963800905,0.0,23,23,0,0,23,23,11113,0,0,0,0,0
2020-08-17,US,Montana,Flathead,407,3,0,48.29575866,-114.05205690000001,30029.0,392.077529237231,0.7371007371007371,404,392,3,0,389,385,102106,15,0,0,15,7
2020-08-17,US,Montana,Gallatin,992,3,0,45.54486106,-111.1692571,30031.0,866.8752293898666,0.3024193548387097,989,991,3,0,988,988,111876,1,0,0,1,3
2020-08-17,US,Montana,Garfield,12,0,0,47.27545948,-107.0002351,30033.0,953.8950715421304,0.0,12,12,0,0,12,12,1268,0,0,0,0,0
2020-08-17,US,Montana,Glacier,88,1,0,48.70513576,-112.9934235,30035.0,639.8603940958336,1.1363636363636365,87,88,1,0,87,87,13747,0,0,0,0,1
2020-08-17,US,Montana,Golden Valley,3,0,0,46.3816474,-109.17685220000001,30037.0,365.4080389768576,0.0,3,3,0,0,3,3,826,0,0,0,0,0
2020-08-17,US,Montana,Granite,18,0,0,46.40605220000001,-113.4414186,30039.0,532.7019828351583,0.0,18,18,0,0,18,18,3378,0,0,0,0,0
2020-08-17,US,Montana,Hill,48,2,0,48.62879827,-110.1129252,30041.0,291.1914583838874,4.166666666666667,46,48,2,0,46,48,16347,0,0,0,0,0
2020-08-17,US,Montana,Jefferson,31,0,0,46.14907081,-112.094396,30043.0,253.66172980934456,0.0,31,31,0,0,31,31,12097,0,0,0,0,0
2020-08-17,US,Montana,Judith Basin,3,0,0,47.04581276,-110.26606880000001,30045.0,149.47683109118088,0.0,3,3,0,0,3,3,1952,0,0,0,0,0
2020-08-17,US,Montana,Lake,187,1,0,47.64514965,-114.0898013,30047.0,613.9602074988509,0.5347593582887701,186,187,1,0,186,187,30250,0,0,0,0,0
2020-08-17,US,Montana,Lewis and Clark,178,2,0,47.12610041,-112.39469799999999,30049.0,256.36594077658714,1.1235955056179776,176,178,2,0,176,176,68700,0,0,0,0,2
2020-08-17,US,Montana,Liberty,1,0,0,48.56084317,-111.02430700000001,30051.0,42.78990158322636,0.0,1,1,0,0,1,1,2430,0,0,0,0,0
2020-08-17,US,Montana,Lincoln,78,2,0,48.54265777,-115.4046155,30053.0,390.3903903903904,2.5641025641025643,76,78,2,0,76,78,19794,0,0,0,0,0
2020-08-17,US,Montana,Madison,86,1,0,45.30080065,-111.9173017,30057.0,1000.0,1.162790697674419,85,85,1,0,84,84,8768,1,0,0,1,1
2020-08-17,US,Montana,McCone,5,0,0,47.64469406,-105.79449939999999,30055.0,300.48076923076917,0.0,5,5,0,0,5,5,1675,0,0,0,0,0
2020-08-17,US,Montana,Meagher,4,0,0,46.59907074,-110.8898557,30059.0,214.8227712137487,0.0,4,4,0,0,4,4,1866,0,0,0,0,0
2020-08-17,US,Montana,Mineral,2,0,0,47.15283992,-115.00152390000001,30061.0,45.48555833522857,0.0,2,2,0,0,2,2,4316,0,0,0,0,0
2020-08-17,US,Montana,Missoula,385,2,0,47.03728583,-113.92135079999998,30063.0,321.9063545150502,0.5194805194805194,383,384,2,0,382,378,118791,1,0,0,1,6
2020-08-17,US,Montana,Musselshell,4,0,0,46.49684637,-108.39498,30065.0,86.33714655730628,0.0,4,4,0,0,4,4,4651,0,0,0,0,0
2020-08-17,US,Montana,Park,63,0,0,45.48965095,-110.52643940000002,30067.0,379.3809466457907,0.0,63,63,0,0,63,63,16736,0,0,0,0,0
2020-08-17,US,Montana,Phillips,93,0,0,48.25936577,-107.9128511,30071.0,2352.0485584218513,0.0,93,92,0,0,92,91,4074,1,0,0,1,1
2020-08-17,US,Montana,Pondera,11,0,0,48.22773388,-112.22527029999999,30073.0,186.09372356623246,0.0,11,11,0,0,11,11,5972,0,0,0,0,0
2020-08-17,US,Montana,Powder River,1,0,0,45.39617714,-105.636738,30075.0,59.453032104637344,0.0,1,1,0,0,1,1,1716,0,0,0,0,0
2020-08-17,US,Montana,Powell,2,0,0,46.85538891,-112.93591640000001,30077.0,29.027576197387518,0.0,2,2,0,0,2,2,6968,0,0,0,0,0
2020-08-17,US,Montana,Prairie,1,0,0,46.86048047,-105.379384,30079.0,92.85051067780873,0.0,1,1,0,0,1,1,1087,0,0,0,0,0
2020-08-17,US,Montana,Ravalli,85,2,0,46.08520862,-114.11891640000002,30081.0,194.03734648221703,2.3529411764705883,83,85,2,0,83,85,43172,0,0,0,0,0
2020-08-17,US,Montana,Richland,50,2,0,47.78668011,-104.5610786,30083.0,462.8343978524484,4.0,48,50,2,0,48,48,10913,0,0,0,0,2
2020-08-17,US,Montana,Roosevelt,35,0,0,48.29607488,-105.00792679999999,30085.0,318.06615776081424,0.0,35,35,0,0,35,30,11059,0,0,0,0,5
2020-08-17,US,Montana,Rosebud,78,1,0,46.23397237,-106.72928799999998,30087.0,872.7760993622021,1.2820512820512822,77,78,1,0,77,71,9063,0,0,0,0,7
2020-08-17,US,Montana,Sanders,18,0,0,47.67657534,-115.1329916,30089.0,148.60067695863947,0.0,18,18,0,0,18,11,11844,0,0,0,0,7
2020-08-17,US,Montana,Sheridan,5,0,0,48.72085833,-104.50382900000001,30091.0,151.1030522816561,0.0,5,5,0,0,5,5,3424,0,0,0,0,0
2020-08-17,US,Montana,Silver Bow,105,0,0,45.90018933,-112.6620092,30093.0,300.73034512387227,0.0,105,105,0,0,105,103,34993,0,0,0,0,2
2020-08-17,US,Montana,Stillwater,31,1,0,45.67071407,-109.3950061,30095.0,321.5100601534952,3.2258064516129035,30,31,1,0,30,31,9534,0,0,0,0,0
2020-08-17,US,Montana,Sweet Grass,6,1,0,45.81367654,-109.9425686,30097.0,160.55659620016056,16.666666666666668,5,6,1,0,5,5,3710,0,0,0,0,1
2020-08-17,US,Montana,Teton,15,0,0,47.83741052,-112.24106880000001,30099.0,244.0214738897023,0.0,15,15,0,0,15,15,6162,0,0,0,0,0
2020-08-17,US,Montana,Toole,46,6,0,48.65577551,-111.69424140000001,30101.0,971.2837837837835,13.043478260869565,40,46,6,0,40,45,4853,0,0,0,0,1
2020-08-17,US,Montana,Treasure,2,0,0,46.20973220000001,-107.26665159999999,30103.0,287.3563218390805,0.0,2,2,0,0,2,2,679,0,0,0,0,0
2020-08-17,US,Montana,Valley,30,0,0,48.36435097,-106.6669635,30105.0,405.6246619794484,0.0,30,30,0,0,30,30,7437,0,0,0,0,0
2020-08-17,US,Montana,Wheatland,3,0,0,46.46652491,-109.84646359999999,30107.0,141.11006585136406,0.0,3,3,0,0,3,3,2236,0,0,0,0,0
2020-08-17,US,Montana,Wibaux,3,0,0,46.95925154,-104.2510927,30109.0,309.59752321981426,0.0,3,3,0,0,3,3,1034,0,0,0,0,0
2020-08-17,US,Montana,Yellowstone,1533,32,0,45.93955949,-108.26914860000001,30111.0,950.4029758214508,2.0874103065883887,1501,1522,32,0,1490,1487,160137,11,0,0,11,35
2020-08-17,US,Nebraska,Adams,370,11,0,40.52449420000001,-98.50117804,31001.0,1179.734081561075,2.972972972972973,359,365,11,0,354,364,31511,5,0,0,5,1
2020-08-17,US,Nebraska,Antelope,21,1,0,42.17695516,-98.06662829999999,31003.0,333.4391870435058,4.761904761904762,20,21,1,0,20,21,6336,0,0,0,0,0
2020-08-17,US,Nebraska,Arthur,1,0,0,41.56896142,-101.6959559,31005.0,215.98272138228938,0.0,1,1,0,0,1,1,465,0,0,0,0,0
2020-08-17,US,Nebraska,Banner,2,0,0,41.54634427,-103.7114332,31007.0,268.4563758389262,0.0,2,2,0,0,2,2,730,0,0,0,0,0
2020-08-17,US,Nebraska,Boone,14,0,0,41.70759415,-98.06737183,31011.0,269.6456086286595,0.0,14,11,0,0,11,11,5239,3,0,0,3,0
2020-08-17,US,Nebraska,Box Butte,17,0,0,42.22079243,-103.08788340000001,31013.0,157.65556895112678,0.0,17,16,0,0,16,16,10772,1,0,0,1,0
2020-08-17,US,Nebraska,Boyd,8,0,0,42.899727399999996,-98.76486568,31015.0,416.8837936425222,0.0,8,8,0,0,8,8,1955,0,0,0,0,0
2020-08-17,US,Nebraska,Brown,2,0,0,42.43018907,-99.92904055,31017.0,67.68189509306261,0.0,2,2,0,0,2,2,2973,0,0,0,0,0
2020-08-17,US,Nebraska,Buffalo,512,1,0,40.85486962,-99.07500296,31019.0,1031.031635755855,0.1953125,511,500,1,0,499,494,49615,12,0,0,12,6
2020-08-17,US,Nebraska,Burt,54,0,0,41.85056773,-96.32605633,31021.0,836.0427310729215,0.0,54,53,0,0,53,52,6488,1,0,0,1,1
2020-08-17,US,Nebraska,Butler,66,0,0,41.22703692,-97.13106306,31023.0,823.3532934131737,0.0,66,66,0,0,66,66,8058,0,0,0,0,0
2020-08-17,US,Nebraska,Cass,215,2,0,40.90899107,-96.13971217,31025.0,819.1100274306613,0.9302325581395348,213,214,2,0,212,213,26159,1,0,0,1,1
2020-08-17,US,Nebraska,Cedar,29,0,0,42.598885100000004,-97.25311951,31027.0,345.1559152582717,0.0,29,28,0,0,28,27,8446,1,0,0,1,1
2020-08-17,US,Nebraska,Chase,9,0,0,40.523719799999995,-101.69780259999999,31029.0,229.3577981651376,0.0,9,9,0,0,9,7,3977,0,0,0,0,2
2020-08-17,US,Nebraska,Cherry,4,0,0,42.54502621,-101.1244332,31031.0,70.31112673580594,0.0,4,4,0,0,4,4,5761,0,0,0,0,0
2020-08-17,US,Nebraska,Cheyenne,26,0,0,41.21999357,-102.9941693,31033.0,291.8069584736251,0.0,26,26,0,0,26,26,9310,0,0,0,0,0
2020-08-17,US,Nebraska,Clay,50,0,0,40.52439441,-98.05126296,31035.0,806.0615831049491,0.0,50,50,0,0,50,50,6214,0,0,0,0,0
2020-08-17,US,Nebraska,Colfax,709,4,0,41.57486951,-97.0868542,31037.0,6620.599495751238,0.5641748942172073,705,708,4,0,704,707,10881,1,0,0,1,1
2020-08-17,US,Nebraska,Cuming,73,0,0,41.91637624,-96.78730772,31039.0,825.2317431607506,0.0,73,72,0,0,72,72,8940,1,0,0,1,0
2020-08-17,US,Nebraska,Custer,59,4,0,41.39374521,-99.72805369,31041.0,547.462187992948,6.779661016949151,55,57,4,0,53,57,10840,2,0,0,2,0
2020-08-17,US,Nebraska,Dakota,1944,42,0,42.39040144,-96.56656425,31043.0,9707.380405472884,2.1604938271604937,1902,1943,42,0,1901,1939,20083,1,0,0,1,4
2020-08-17,US,Nebraska,Dawes,17,0,0,42.71985036,-103.1313774,31045.0,197.9275817906625,0.0,17,16,0,0,16,15,8716,1,0,0,1,1
2020-08-17,US,Nebraska,Dawson,980,9,0,40.87028216,-99.82014609999999,31047.0,4153.422335240517,0.9183673469387756,971,977,9,0,968,973,23709,3,0,0,3,4
2020-08-17,US,Nebraska,Deuel,2,0,0,41.11168186,-102.33333309999999,31049.0,111.48272017837236,0.0,2,2,0,0,2,2,1825,0,0,0,0,0
2020-08-17,US,Nebraska,Dixon,57,2,0,42.49188363,-96.86782408,31051.0,1011.3555713271824,3.5087719298245608,55,57,2,0,55,57,5709,0,0,0,0,0
2020-08-17,US,Nebraska,Dodge,849,10,0,41.58071748,-96.65598179,31053.0,2321.892520169561,1.1778563015312131,839,843,10,0,833,837,36791,6,0,0,6,6
2020-08-17,US,Nebraska,Douglas,12137,143,0,41.29518299,-96.15085305,31055.0,2124.352603675304,1.1782153744747466,11994,12065,143,0,11922,12035,566880,72,0,0,72,30
2020-08-17,US,Nebraska,Dundy,3,0,0,40.17638677,-101.6876522,31057.0,177.2002362669817,0.0,3,2,0,0,2,1,1770,1,0,0,1,1
2020-08-17,US,Nebraska,Fillmore,29,1,0,40.52458567,-97.59646937,31059.0,530.9410472354449,3.4482758620689653,28,29,1,0,28,29,5527,0,0,0,0,0
2020-08-17,US,Nebraska,Franklin,15,0,0,40.17636348,-98.95299073,31061.0,503.5246727089627,0.0,15,15,0,0,15,15,3023,0,0,0,0,0
2020-08-17,US,Nebraska,Frontier,4,0,0,40.52993007,-100.3924658,31063.0,152.26494099733537,0.0,4,4,0,0,4,4,2608,0,0,0,0,0
2020-08-17,US,Nebraska,Furnas,17,1,0,40.17642064,-99.91247454,31065.0,363.5585970915312,5.882352941176472,16,17,1,0,16,17,4715,0,0,0,0,0
2020-08-17,US,Nebraska,Gage,100,4,0,40.26186809,-96.68946704,31067.0,464.8352159159578,4.0,96,97,4,0,93,96,21493,3,0,0,3,1
2020-08-17,US,Nebraska,Garden,4,0,0,41.61703149,-102.3313973,31069.0,217.74632553075668,0.0,4,4,0,0,4,4,1897,0,0,0,0,0
2020-08-17,US,Nebraska,Garfield,6,0,0,41.91428955,-98.99111827,31071.0,304.7232097511427,0.0,6,6,0,0,6,6,1987,0,0,0,0,0
2020-08-17,US,Nebraska,Gosper,22,0,0,40.51481965,-99.83020279,31073.0,1105.5276381909548,0.0,22,22,0,0,22,22,1996,0,0,0,0,0
2020-08-17,US,Nebraska,Greeley,10,0,0,41.56742671,-98.52150266,31077.0,424.44821731748726,0.0,10,10,0,0,10,10,2356,0,0,0,0,0
2020-08-17,US,Nebraska,Hall,1773,45,0,40.87257079,-98.50218293,31079.0,2889.8342379345754,2.538071065989848,1728,1770,45,0,1725,1767,61607,3,0,0,3,3
2020-08-17,US,Nebraska,Hamilton,104,12,0,40.87349452,-98.02099117,31081.0,1115.4011154011155,11.538461538461537,92,103,12,0,91,103,9280,1,0,0,1,0
2020-08-17,US,Nebraska,Harlan,2,0,0,40.17658508,-99.40438879,31083.0,59.1715976331361,0.0,2,2,0,0,2,2,3401,0,0,0,0,0
2020-08-17,US,Nebraska,Hitchcock,1,0,0,40.17609175,-101.04164770000001,31087.0,36.205648081100655,0.0,1,1,0,0,1,1,2806,0,0,0,0,0
2020-08-17,US,Nebraska,Holt,14,0,0,42.45522056,-98.78402558,31089.0,139.0682427734181,0.0,14,14,0,0,14,14,10178,0,0,0,0,0
2020-08-17,US,Nebraska,Hooker,4,0,0,41.91586243,-101.1354293,31091.0,586.5102639296188,0.0,4,4,0,0,4,4,682,0,0,0,0,0
2020-08-17,US,Nebraska,Howard,57,5,0,41.2200529,-98.5166499,31093.0,884.4065166795965,8.771929824561402,52,57,5,0,52,56,6468,0,0,0,0,1
2020-08-17,US,Nebraska,Jefferson,19,0,0,40.17584531,-97.142601,31095.0,269.6565427192733,0.0,19,19,0,0,19,19,7097,0,0,0,0,0
2020-08-17,US,Nebraska,Johnson,19,0,0,40.39257596,-96.26522753,31097.0,374.6795503845395,0.0,19,17,0,0,17,14,5134,2,0,0,2,3
2020-08-17,US,Nebraska,Kearney,84,0,0,40.50663314,-98.94877182,31099.0,1293.3025404157045,0.0,84,83,0,0,83,82,6544,1,0,0,1,1
2020-08-17,US,Nebraska,Keith,41,0,0,41.19930341,-101.66201640000001,31101.0,510.3310928553648,0.0,41,38,0,0,38,37,8021,3,0,0,3,1
2020-08-17,US,Nebraska,Kimball,15,0,0,41.19774275,-103.7148131,31105.0,412.9955947136564,0.0,15,15,0,0,15,15,3618,0,0,0,0,0
2020-08-17,US,Nebraska,Knox,43,0,0,42.63758421,-97.89178836,31107.0,516.0825732117139,0.0,43,42,0,0,42,42,8419,1,0,0,1,0
2020-08-17,US,Nebraska,Lancaster,3451,19,0,40.78416049,-96.68777155,31109.0,1081.51305274374,0.5505650536076501,3432,3446,19,0,3427,3424,317272,5,0,0,5,22
2020-08-17,US,Nebraska,Lincoln,200,2,0,41.04658298,-100.74753740000001,31111.0,572.8361115884745,1.0,198,194,2,0,192,190,35185,6,0,0,6,4
2020-08-17,US,Nebraska,Madison,492,5,0,41.91676024,-97.6005481,31119.0,1401.7493375879653,1.0162601626016259,487,490,5,0,485,490,35392,2,0,0,2,0
2020-08-17,US,Nebraska,McPherson,6,0,0,41.56797682,-101.05993620000001,31117.0,1214.5748987854256,0.0,6,6,0,0,6,6,492,0,0,0,0,0
2020-08-17,US,Nebraska,Merrick,63,0,0,41.16624273,-98.0374887,31121.0,812.3791102514508,0.0,63,63,0,0,63,62,7733,0,0,0,0,1
2020-08-17,US,Nebraska,Morrill,63,0,0,41.71711774,-103.0061405,31123.0,1357.1736320551486,0.0,63,63,0,0,63,63,4686,0,0,0,0,0
2020-08-17,US,Nebraska,Nance,11,0,0,41.39750195,-97.99327291,31125.0,312.588803637397,0.0,11,10,0,0,10,10,3532,1,0,0,1,0
2020-08-17,US,Nebraska,Nemaha,52,0,0,40.38514847,-95.85433992,31127.0,745.8405048766493,0.0,52,50,0,0,50,50,6958,2,0,0,2,0
2020-08-17,US,Nebraska,Nuckolls,6,0,0,40.17637905,-98.04743961,31129.0,144.64802314368367,0.0,6,6,0,0,6,6,4195,0,0,0,0,0
2020-08-17,US,Nebraska,Otoe,70,0,0,40.64843556,-96.13374142,31131.0,437.17212090931815,0.0,70,64,0,0,64,63,15985,6,0,0,6,1
2020-08-17,US,Nebraska,Pawnee,9,0,0,40.13141096,-96.23705437,31133.0,344.4316877152698,0.0,9,9,0,0,9,9,2632,0,0,0,0,0
2020-08-17,US,Nebraska,Perkins,24,7,0,40.85082525,-101.6502942,31135.0,830.1625735039778,29.16666666666667,17,24,7,0,17,21,2929,0,0,0,0,3
2020-08-17,US,Nebraska,Phelps,49,0,0,40.51156033,-99.41461667,31137.0,542.395395173788,0.0,49,45,0,0,45,43,8996,4,0,0,4,2
2020-08-17,US,Nebraska,Pierce,48,0,0,42.26434853,-97.60122773,31139.0,671.5165081141577,0.0,48,45,0,0,45,44,7142,3,0,0,3,1
2020-08-17,US,Nebraska,Platte,821,3,0,41.57246836,-97.52144359,31141.0,2452.94293397072,0.3654080389768575,818,817,3,0,814,815,33363,4,0,0,4,2
2020-08-17,US,Nebraska,Polk,28,0,0,41.18813488,-97.56630712,31143.0,537.1187416075196,0.0,28,28,0,0,28,28,5278,0,0,0,0,0
2020-08-17,US,Nebraska,Red Willow,18,0,0,40.17556879999999,-100.476998,31145.0,167.84781797836632,0.0,18,18,0,0,18,18,10726,0,0,0,0,0
2020-08-17,US,Nebraska,Richardson,28,1,0,40.1247415,-95.71755036,31147.0,356.00762873490135,3.571428571428572,27,27,1,0,26,27,7937,1,0,0,1,0
2020-08-17,US,Nebraska,Rock,3,0,0,42.42252217,-99.44832069,31149.0,221.07590272660286,0.0,3,3,0,0,3,3,1360,0,0,0,0,0
2020-08-17,US,Nebraska,Saline,604,2,0,40.52418865,-97.14085859,31151.0,4246.344206974129,0.3311258278145696,602,603,2,0,601,602,14350,1,0,0,1,1
2020-08-17,US,Nebraska,Sarpy,2506,11,0,41.11314181,-96.11156432,31153.0,1338.7038184576593,0.4389465283320032,2495,2488,11,0,2477,2471,184459,18,0,0,18,17
2020-08-17,US,Nebraska,Saunders,181,2,0,41.227810299999994,-96.63773905,31155.0,838.8173139308554,1.1049723756906078,179,177,2,0,175,174,21303,4,0,0,4,3
2020-08-17,US,Nebraska,Scotts Bluff,315,6,0,41.85070896,-103.70809859999999,31157.0,884.3843000729968,1.9047619047619049,309,313,6,0,307,312,35989,2,0,0,2,1
2020-08-17,US,Nebraska,Seward,134,1,0,40.87241834,-97.139673,31159.0,775.2834991900023,0.746268656716418,133,133,1,0,132,131,17318,1,0,0,1,2
2020-08-17,US,Nebraska,Sheridan,12,0,0,42.50284406,-102.4126613,31161.0,228.7457110179184,0.0,12,12,0,0,12,12,5190,0,0,0,0,0
2020-08-17,US,Nebraska,Sherman,15,0,0,41.22045983,-98.97588642,31163.0,499.8333888703766,0.0,15,14,0,0,14,14,3038,1,0,0,1,0
2020-08-17,US,Nebraska,Sioux,5,0,0,42.48932059,-103.7576544,31165.0,428.8164665523156,0.0,5,5,0,0,5,5,1187,0,0,0,0,0
2020-08-17,US,Nebraska,Stanton,33,0,0,41.9169835,-97.19394708,31167.0,557.4324324324324,0.0,33,33,0,0,33,32,5970,0,0,0,0,1
2020-08-17,US,Nebraska,Thayer,27,0,0,40.17626377,-97.59504381,31169.0,539.6761942834298,0.0,27,27,0,0,27,27,5039,0,0,0,0,0
2020-08-17,US,Nebraska,Thomas,2,0,0,41.91358968,-100.5556632,31171.0,277.0083102493075,0.0,2,2,0,0,2,2,720,0,0,0,0,0
2020-08-17,US,Nebraska,Thurston,211,4,0,42.15725356,-96.54157099,31173.0,2920.8194905869323,1.895734597156398,207,211,4,0,207,211,7303,0,0,0,0,0
2020-08-17,US,Nebraska,Unassigned,159,1,0,0.0,0.0,90031.0,0.0,0.6289308176100629,158,154,0,0,154,155,,5,1,0,4,-1
2020-08-17,US,Nebraska,Valley,13,0,0,41.56730777,-98.98197724,31175.0,312.6503126503126,0.0,13,13,0,0,13,13,4190,0,0,0,0,0
2020-08-17,US,Nebraska,Washington,148,1,0,41.52815707,-96.22019892,31177.0,713.9755897534856,0.6756756756756757,147,147,1,0,146,146,20667,1,0,0,1,1
2020-08-17,US,Nebraska,Wayne,39,0,0,42.20934475,-97.11926964,31179.0,415.55673947789023,0.0,39,40,0,0,40,40,9403,-1,0,0,-1,0
2020-08-17,US,Nebraska,Webster,10,0,0,40.17642643,-98.50019851,31181.0,286.77946659019216,0.0,10,10,0,0,10,10,3533,0,0,0,0,0
2020-08-17,US,Nebraska,Wheeler,1,0,0,41.91482725,-98.52798941,31183.0,127.7139208173691,0.0,1,1,0,0,1,1,805,0,0,0,0,0
2020-08-17,US,Nebraska,York,93,0,0,40.87272618,-97.59710186,31185.0,679.8742598143139,0.0,93,94,0,0,94,93,13772,-1,0,0,-1,1
2020-08-17,US,Nevada,Carson City,388,8,0,39.15509045,-119.7480219,32510.0,693.8979898419058,2.061855670103093,380,388,8,0,380,382,55414,0,0,0,0,6
2020-08-17,US,Nevada,Churchill,82,1,0,39.58105744,-118.3394607,32001.0,329.1982817455538,1.2195121951219512,81,82,1,0,81,82,24440,0,0,0,0,0
2020-08-17,US,Nevada,Clark,53458,913,0,36.21458855,-115.0130241,32003.0,2358.39088725314,1.7078828238991357,52545,52867,910,0,51957,52239,2231647,591,3,0,588,628
2020-08-17,US,Nevada,Douglas,216,1,0,38.912862,-119.61713329999999,32005.0,441.67263061036704,0.462962962962963,215,216,1,0,215,215,48467,0,0,0,0,1
2020-08-17,US,Nevada,Elko,640,3,0,41.14531606,-115.3577619,32007.0,1212.6264731516922,0.46875,637,640,3,0,637,623,52460,0,0,0,0,17
2020-08-17,US,Nevada,Eureka,5,0,0,39.98100864,-116.26832040000001,32011.0,246.4268112370626,0.0,5,5,0,0,5,4,2003,0,0,0,0,1
2020-08-17,US,Nevada,Humboldt,104,4,0,41.40692186,-118.11094270000001,32013.0,617.9074327134455,3.8461538461538463,100,104,4,0,100,104,16786,0,0,0,0,0
2020-08-17,US,Nevada,Lander,52,1,0,39.933223299999995,-117.03970749999999,32015.0,939.9855386840204,1.9230769230769231,51,52,1,0,51,52,5575,0,0,0,0,0
2020-08-17,US,Nevada,Lincoln,5,0,0,37.64268459,-114.8790388,32017.0,96.46922631680496,0.0,5,5,0,0,5,5,5201,0,0,0,0,0
2020-08-17,US,Nevada,Lyon,271,6,0,39.01777974,-119.18704790000001,32019.0,471.22239610502515,2.2140221402214024,265,269,6,0,263,266,55808,2,0,0,2,3
2020-08-17,US,Nevada,Mineral,11,0,0,38.53841696,-118.4344506,32021.0,244.173140954495,0.0,11,11,0,0,11,11,4514,0,0,0,0,0
2020-08-17,US,Nevada,Nye,441,12,0,38.04264256,-116.47227020000001,32023.0,947.918233991789,2.7210884353741496,429,439,12,0,427,428,45346,2,0,0,2,11
2020-08-17,US,Nevada,Pershing,14,0,0,40.44003782,-118.40056409999998,32027.0,208.17843866171,0.0,14,14,0,0,14,14,6666,0,0,0,0,0
2020-08-17,US,Nevada,Storey,6,0,0,39.44875482,-119.5250207,32029.0,145.52510308028138,0.0,6,6,0,0,6,6,4029,0,0,0,0,0
2020-08-17,US,Nevada,Washoe,6258,127,0,40.66562265,-119.6631594,32031.0,1327.1999643704708,2.0294023649728348,6131,6191,125,0,6066,6161,465735,67,2,0,65,30
2020-08-17,US,Nevada,White Pine,16,1,0,39.44157041,-114.89996599999999,32033.0,167.0146137787056,6.25,15,16,1,0,15,16,9475,0,0,0,0,0
2020-08-17,US,New Hampshire,Belknap,121,4,0,43.51637314,-71.41684235,33001.0,197.38022609007717,3.3057851239669422,117,121,4,0,117,120,61022,0,0,0,0,1
2020-08-17,US,New Hampshire,Carroll,96,1,0,43.87498583,-71.20430216,33003.0,196.27887957472907,1.0416666666666667,95,96,1,0,95,96,48779,0,0,0,0,0
2020-08-17,US,New Hampshire,Cheshire,107,3,0,42.92015988,-72.25311043,33005.0,140.6321876848262,2.803738317757009,104,106,3,0,103,106,76493,1,0,0,1,0
2020-08-17,US,New Hampshire,Coos,17,0,0,44.69063265,-71.30633239,33007.0,53.86053290244907,0.0,17,17,0,0,17,17,31589,0,0,0,0,0
2020-08-17,US,New Hampshire,Grafton,107,1,0,43.93779815,-71.82057197,33009.0,119.03967247402264,0.9345794392523364,106,107,1,0,106,107,89786,0,0,0,0,0
2020-08-17,US,New Hampshire,Hillsborough,3942,281,0,42.91537785,-71.7200253,33011.0,945.2670703195253,7.128361237950278,3661,3935,281,0,3654,3931,415247,7,0,0,7,4
2020-08-17,US,New Hampshire,Merrimack,474,23,0,43.29662971,-71.6811573,33013.0,313.0965513141468,4.852320675105485,451,472,23,0,449,472,151132,2,0,0,2,0
2020-08-17,US,New Hampshire,Rockingham,1729,96,0,42.98499744,-71.12883377,33015.0,558.157853109898,5.552342394447658,1633,1723,96,0,1627,1721,309176,6,0,0,6,2
2020-08-17,US,New Hampshire,Strafford,367,13,0,43.291833000000004,-71.02336013,33017.0,280.93973192072445,3.5422343324250685,354,367,13,0,354,367,130090,0,0,0,0,0
2020-08-17,US,New Hampshire,Sullivan,44,1,0,43.36094111,-72.22203125,33019.0,101.97932600936356,2.272727272727273,43,44,1,0,43,43,43144,0,0,0,0,1
2020-08-17,US,New Jersey,Atlantic,3602,253,0,39.47538693,-74.65848483,34001.0,1366.1015663518792,7.0238756246529706,3349,3585,253,0,3332,3566,265429,17,0,0,17,19
2020-08-17,US,New Jersey,Bergen,21277,2036,0,40.96010917,-74.07164325,34003.0,2282.445221100148,9.569018188654416,19241,21195,2036,0,19159,21120,936692,82,0,0,82,75
2020-08-17,US,New Jersey,Burlington,6159,477,0,39.87681124,-74.66927768,34005.0,1382.960329988391,7.744763760350707,5682,6145,477,0,5668,6128,445384,14,0,0,14,17
2020-08-17,US,New Jersey,Camden,8820,583,0,39.80343818,-74.96388753,34007.0,1741.4619988113834,6.6099773242630375,8237,8793,582,0,8211,8774,507078,27,1,0,26,19
2020-08-17,US,New Jersey,Cape May,848,89,0,39.15008829,-74.80170244,34009.0,921.3485587631328,10.495283018867925,759,847,89,0,758,846,92560,1,0,0,1,1
2020-08-17,US,New Jersey,Cumberland,3438,158,0,39.37199394,-75.10712559,34011.0,2299.2503026209315,4.5956951716114025,3280,3427,158,0,3269,3420,150972,11,0,0,11,7
2020-08-17,US,New Jersey,Essex,19938,2111,0,40.78681335,-74.24657979,34013.0,2495.4472918426736,10.587822248971813,17827,19927,2110,0,17817,19911,799767,11,1,0,10,16
2020-08-17,US,New Jersey,Gloucester,3445,215,0,39.71581067,-75.13995546,34015.0,1181.2670589364825,6.2409288824383164,3230,3413,215,0,3198,3400,291408,32,0,0,32,13
2020-08-17,US,New Jersey,Hudson,19911,1508,0,40.73766234,-74.07515667,34017.0,2961.2234548053143,7.573702978253228,18403,19892,1508,0,18384,19866,676061,19,0,0,19,26
2020-08-17,US,New Jersey,Hunterdon,1163,124,0,40.56335249,-74.91284156,34019.0,935.1054506275577,10.662080825451419,1039,1161,124,0,1037,1158,124714,2,0,0,2,3
2020-08-17,US,New Jersey,Mercer,8199,622,0,40.28047017,-74.70479631,34021.0,2231.445445390959,7.586291011098916,7577,8190,622,0,7568,8182,369811,9,0,0,9,8
2020-08-17,US,New Jersey,Middlesex,18119,1415,0,40.43629879,-74.41426991,34023.0,2196.077385699499,7.8094817594790005,16704,18099,1415,0,16684,18070,829685,20,0,0,20,29
2020-08-17,US,New Jersey,Monmouth,10496,858,0,40.26549699,-74.22240686,34025.0,1696.1998723325173,8.174542682926829,9638,10474,858,0,9616,10459,621354,22,0,0,22,15
2020-08-17,US,New Jersey,Morris,7350,830,0,40.86095313,-74.54553709999998,34027.0,1494.373227337881,11.29251700680272,6520,7341,830,0,6511,7332,494228,9,0,0,9,9
2020-08-17,US,New Jersey,Ocean,10763,1020,0,39.8895449,-74.28089251,34029.0,1772.6034526487765,9.476911641735576,9743,10752,1020,0,9732,10740,601651,11,0,0,11,12
2020-08-17,US,New Jersey,Passaic,17963,1244,0,41.03238628,-74.29954144,34031.0,3579.5275653314093,6.9253465456772245,16719,17950,1244,0,16706,17915,503310,13,0,0,13,35
2020-08-17,US,New Jersey,Salem,933,87,0,39.58719656,-75.34696629999998,34033.0,1495.551815340226,9.32475884244373,846,930,87,0,843,924,62607,3,0,0,3,6
2020-08-17,US,New Jersey,Somerset,5317,566,0,40.56465737,-74.61683016,34035.0,1616.4336918652375,10.645100620650744,4751,5307,565,0,4742,5300,331164,10,1,0,9,7
2020-08-17,US,New Jersey,Sussex,1353,198,0,41.13891592,-74.69118243,34037.0,963.0715790672513,14.634146341463413,1155,1351,198,0,1153,1349,140799,2,0,0,2,2
2020-08-17,US,New Jersey,Unassigned,426,0,0,0.0,0.0,90034.0,0.0,0.0,426,442,0,0,442,773,,-16,0,0,-16,-331
2020-08-17,US,New Jersey,Union,16879,1350,0,40.65835409,-74.30680092,34039.0,3033.930628876894,7.9981041530896375,15529,16869,1349,0,15520,16847,558067,10,1,0,9,22
2020-08-17,US,New Jersey,Warren,1368,172,0,40.85951833,-74.99556527,34041.0,1299.552566331329,12.57309941520468,1196,1365,172,0,1193,1362,105779,3,0,0,3,3
2020-08-17,US,New Mexico,Bernalillo,5365,139,0,35.05163625,-106.6703554,35001.0,789.9917687716918,2.590866728797763,5226,5337,137,0,5200,5318,678701,28,2,0,26,19
2020-08-17,US,New Mexico,Catron,6,1,0,33.91514144,-108.4046587,35003.0,170.1162461015027,16.666666666666668,5,6,1,0,5,6,3578,0,0,0,0,0
2020-08-17,US,New Mexico,Chaves,544,6,0,33.36406072,-104.4665365,35005.0,841.9097732724599,1.1029411764705883,538,538,6,0,532,527,64689,6,0,0,6,11
2020-08-17,US,New Mexico,Cibola,383,19,0,34.91131525,-107.998876,35006.0,1435.8013120899716,4.9608355091383824,364,381,19,0,362,380,26746,2,0,0,2,1
2020-08-17,US,New Mexico,Colfax,18,1,0,36.60569702,-104.64726740000002,35007.0,150.74114395779247,5.5555555555555545,17,18,1,0,17,18,12110,0,0,0,0,0
2020-08-17,US,New Mexico,Curry,597,3,0,34.57421077,-103.34688759999999,35009.0,1219.5121951219512,0.5025125628140703,594,594,2,0,592,591,49437,3,1,0,2,3
2020-08-17,US,New Mexico,Dona Ana,2640,35,0,32.35275771,-106.83293870000001,35013.0,1209.9269002497765,1.3257575757575757,2605,2630,35,0,2595,2618,217522,10,0,0,10,12
2020-08-17,US,New Mexico,Eddy,376,5,0,32.47167456,-104.3053527,35015.0,643.1748203900103,1.3297872340425532,371,373,5,0,368,364,57900,3,0,0,3,9
2020-08-17,US,New Mexico,Grant,72,2,0,32.73911281,-108.3827845,35017.0,266.6864212163864,2.7777777777777777,70,72,2,0,70,72,27346,0,0,0,0,0
2020-08-17,US,New Mexico,Guadalupe,32,0,0,34.86319296,-104.790669,35019.0,744.1860465116278,0.0,32,32,0,0,32,32,4341,0,0,0,0,0
2020-08-17,US,New Mexico,Harding,2,0,0,35.85751555,-103.82209379999999,35021.0,320.0,0.0,2,2,0,0,2,1,655,0,0,0,0,1
2020-08-17,US,New Mexico,Hidalgo,93,0,0,31.91383467,-108.7151824,35023.0,2215.340638399238,0.0,93,90,0,0,90,90,4240,3,0,0,3,0
2020-08-17,US,New Mexico,Lea,930,6,0,32.79215361,-103.4123733,35025.0,1308.5690164626426,0.6451612903225806,924,922,6,0,916,903,69611,8,0,0,8,19
2020-08-17,US,New Mexico,Lincoln,157,2,0,33.74526079,-105.4586166,35027.0,802.1663601062743,1.2738853503184713,155,155,2,0,153,151,19556,2,0,0,2,4
2020-08-17,US,New Mexico,Los Alamos,24,0,0,35.86631386,-106.31349850000001,35028.0,123.90933966647735,0.0,24,24,0,0,24,24,19101,0,0,0,0,0
2020-08-17,US,New Mexico,Luna,257,5,0,32.18179341,-107.75088259999998,35029.0,1083.976548989835,1.9455252918287935,252,257,5,0,252,257,23963,0,0,0,0,0
2020-08-17,US,New Mexico,McKinley,4125,233,0,35.58007720000001,-108.262245,35031.0,5779.982344781201,5.6484848484848476,3892,4121,233,0,3888,4120,72290,4,0,0,4,1
2020-08-17,US,New Mexico,Mora,6,0,0,36.01095101,-104.9497716,35033.0,132.71400132713998,0.0,6,6,0,0,6,6,4506,0,0,0,0,0
2020-08-17,US,New Mexico,Otero,209,11,0,32.61348406,-105.7417604,35035.0,309.67550748259015,5.2631578947368425,198,209,10,0,199,207,66781,0,1,0,-1,2
2020-08-17,US,New Mexico,Quay,50,1,0,35.10403332,-103.54817270000001,35037.0,605.840300496789,2.0,49,50,1,0,49,47,8253,0,0,0,0,3
2020-08-17,US,New Mexico,Rio Arriba,326,10,0,36.51072137,-106.69316740000001,35039.0,837.5941008709951,3.0674846625766867,316,326,10,0,316,327,39006,0,0,0,0,-1
2020-08-17,US,New Mexico,Roosevelt,175,1,0,34.02097406,-103.4799493,35041.0,945.945945945946,0.5714285714285714,174,175,1,0,174,175,18743,0,0,0,0,0
2020-08-17,US,New Mexico,San Juan,3104,187,0,36.50838318,-108.32043700000001,35045.0,2504.07396053502,6.0244845360824755,2917,3102,187,0,2915,3093,125043,2,0,0,2,9
2020-08-17,US,New Mexico,San Miguel,55,0,0,35.48014807,-104.8163562,35047.0,201.63507717124318,0.0,55,53,0,0,53,53,27591,2,0,0,2,0
2020-08-17,US,New Mexico,Sandoval,1161,33,0,35.68862401,-106.86878030000001,35043.0,791.1521792460545,2.842377260981912,1128,1158,33,0,1125,1158,145179,3,0,0,3,0
2020-08-17,US,New Mexico,Santa Fe,701,3,0,35.50708973,-105.9774716,35049.0,466.2206201199803,0.42796005706134094,698,695,3,0,692,686,150056,6,0,0,6,9
2020-08-17,US,New Mexico,Sierra,34,1,0,33.13028233,-107.1925893,35051.0,315.0773792975628,2.9411764705882355,33,34,1,0,33,34,10968,0,0,0,0,0
2020-08-17,US,New Mexico,Socorro,75,6,0,34.00715494,-106.9298354,35053.0,450.8024283224138,8.0,69,75,6,0,69,75,16735,0,0,0,0,0
2020-08-17,US,New Mexico,Taos,115,1,0,36.58006022,-105.63101979999999,35055.0,351.43477065061273,0.8695652173913043,114,115,1,0,114,115,32835,0,0,0,0,0
2020-08-17,US,New Mexico,Torrance,63,1,0,34.64048375,-105.8508949,35057.0,407.4768773041847,1.5873015873015872,62,63,1,0,62,63,15591,0,0,0,0,0
2020-08-17,US,New Mexico,Unassigned,1311,0,0,0.0,0.0,90035.0,0.0,0.0,1311,1305,0,0,1305,1305,,6,0,0,6,0
2020-08-17,US,New Mexico,Union,30,2,0,36.48126404,-103.4709624,35059.0,739.09830007391,6.666666666666668,28,30,2,0,28,30,4118,0,0,0,0,0
2020-08-17,US,New Mexico,Valencia,464,4,0,34.71669834,-106.8103733,35061.0,605.0490298351763,0.8620689655172413,460,460,4,0,456,456,76456,4,0,0,4,4
2020-08-17,US,New York,Albany,2657,129,0,42.60060306,-73.97723916,36001.0,869.7046866509987,4.855099736544974,2528,2654,129,0,2525,2643,307117,3,0,0,3,11
2020-08-17,US,New York,Allegany,80,1,0,42.25748406,-78.02750466,36003.0,173.56967737736218,1.25,79,80,1,0,79,80,46430,0,0,0,0,0
2020-08-17,US,New York,Broome,1172,69,0,42.15903158,-75.81326086,36007.0,615.2618537650666,5.887372013651878,1103,1166,69,0,1097,1165,191659,6,0,0,6,1
2020-08-17,US,New York,Cattaraugus,171,6,0,42.24778241,-78.67923096,36009.0,224.65415084672279,3.5087719298245608,165,171,6,0,165,170,76840,0,0,0,0,1
2020-08-17,US,New York,Cayuga,164,2,0,42.91261714,-76.55731592,36011.0,214.16631842875046,1.2195121951219512,162,164,2,0,162,163,77145,0,0,0,0,1
2020-08-17,US,New York,Chautauqua,265,9,0,42.22769210000001,-79.36691763,36013.0,208.82091045916957,3.39622641509434,256,263,9,0,254,263,127939,2,0,0,2,0
2020-08-17,US,New York,Chemung,190,3,0,42.13891056,-76.7638805,36015.0,227.66487730061348,1.5789473684210529,187,189,3,0,186,188,84254,1,0,0,1,1
2020-08-17,US,New York,Chenango,218,6,0,42.49430041,-75.60887553,36017.0,461.79592009659586,2.7522935779816518,212,218,6,0,212,218,47536,0,0,0,0,0
2020-08-17,US,New York,Clinton,133,4,0,44.74530905,-73.67875352,36019.0,165.24818289122197,3.0075187969924815,129,132,4,0,128,131,80695,1,0,0,1,1
2020-08-17,US,New York,Columbia,552,37,0,42.24819348,-73.63089095,36021.0,928.3395839289618,6.702898550724638,515,552,37,0,515,551,59916,0,0,0,0,1
2020-08-17,US,New York,Cortland,97,0,0,42.59509207,-76.07048931,36023.0,203.86288644627052,0.0,97,97,0,0,97,97,47823,0,0,0,0,0
2020-08-17,US,New York,Delaware,107,4,0,42.19837623,-74.96709306,36025.0,242.43797439673733,3.7383177570093458,103,107,4,0,103,107,44527,0,0,0,0,0
2020-08-17,US,New York,Dutchess,4700,153,0,41.76486060000001,-73.74356679,36027.0,1597.4549483716155,3.2553191489361697,4547,4686,153,0,4533,4668,293718,14,0,0,14,18
2020-08-17,US,New York,Erie,9157,674,0,42.76249024,-78.73063652,36029.0,996.732346288568,7.360489243201924,8483,9147,674,0,8473,9114,919719,10,0,0,10,33
2020-08-17,US,New York,Essex,59,0,0,44.11630765,-73.77297842,36031.0,159.95662193303508,0.0,59,59,0,0,59,59,37300,0,0,0,0,0
2020-08-17,US,New York,Franklin,54,0,0,44.59040891,-74.29926032,36033.0,107.95250089960415,0.0,54,54,0,0,54,54,50293,0,0,0,0,0
2020-08-17,US,New York,Fulton,303,24,0,43.11363907,-74.41798804,36035.0,567.5964258284473,7.920792079207921,279,303,24,0,279,303,53591,0,0,0,0,0
2020-08-17,US,New York,Genesee,285,5,0,43.0022601,-78.19135193,36037.0,497.5558659217877,1.7543859649122806,280,285,5,0,280,284,57511,0,0,0,0,1
2020-08-17,US,New York,Greene,298,18,0,42.275797,-74.12384884,36039.0,631.5164872425192,6.040268456375839,280,298,18,0,280,297,47491,0,0,0,0,1
2020-08-17,US,New York,Hamilton,11,0,0,43.66146647,-74.49721957,36041.0,249.09420289855072,0.0,11,11,0,0,11,8,4434,0,0,0,0,3
2020-08-17,US,New York,Herkimer,284,4,0,43.42034246,-74.96145307,36043.0,463.1517148029159,1.4084507042253518,280,283,4,0,279,282,61833,1,0,0,1,1
2020-08-17,US,New York,Jefferson,143,0,0,44.04200959,-75.94653457,36045.0,130.19647832183114,0.0,143,143,0,0,143,143,111755,0,0,0,0,0
2020-08-17,US,New York,Lewis,47,0,0,43.784415700000004,-75.44903992,36049.0,178.73440827502282,0.0,47,47,0,0,47,47,26447,0,0,0,0,0
2020-08-17,US,New York,Livingston,178,8,0,42.72596275,-77.77966158,36051.0,282.9258988460438,4.49438202247191,170,178,8,0,170,178,63227,0,0,0,0,0
2020-08-17,US,New York,Madison,421,17,0,42.91653905,-75.67266639,36053.0,593.450895814832,4.0380047505938235,404,421,17,0,404,421,70795,0,0,0,0,0
2020-08-17,US,New York,Monroe,5183,285,0,43.14638895,-77.69322942,36055.0,698.7341089556062,5.498745900057881,4898,5165,285,0,4880,5143,742474,18,0,0,18,22
2020-08-17,US,New York,Montgomery,188,4,0,42.90123494,-74.44011632,36057.0,381.9507933605575,2.127659574468085,184,187,4,0,183,184,49455,1,0,0,1,3
2020-08-17,US,New York,Nassau,43955,2195,0,40.74066522,-73.58941873,36059.0,3239.3118553434088,4.993743601410533,41760,43929,2195,0,41734,43891,1358343,26,0,0,26,38
2020-08-17,US,New York,New York City,230458,23634,0,40.76727260000001,-73.97152637,36061.0,2764.340395141215,10.255230888057694,206824,230223,23628,0,206595,229916,1628701,235,6,0,229,307
2020-08-17,US,New York,Niagara,1532,98,0,43.19898042,-78.74777412,36063.0,732.030141293285,6.396866840731072,1434,1532,98,0,1434,1529,210433,0,0,0,0,3
2020-08-17,US,New York,Oneida,2201,117,0,43.24375382,-75.43710392,36065.0,962.5182030078148,5.315765561108587,2084,2198,117,0,2081,2195,229577,3,0,0,3,3
2020-08-17,US,New York,Onondaga,3680,203,0,43.00491923,-76.19971155,36067.0,799.0827919257895,5.516304347826088,3477,3674,203,0,3471,3663,461809,6,0,0,6,11
2020-08-17,US,New York,Ontario,369,34,0,42.85145728,-77.30874425,36069.0,336.1359847691228,9.214092140921409,335,368,34,0,334,367,109864,1,0,0,1,1
2020-08-17,US,New York,Orange,11256,491,0,41.40337468,-74.30240757,36071.0,2924.092066296046,4.362117981520966,10765,11254,491,0,10763,11229,381951,2,0,0,2,25
2020-08-17,US,New York,Orleans,302,54,0,43.2516977,-78.2320066,36073.0,748.4139571768437,17.880794701986755,248,301,54,0,247,300,40612,1,0,0,1,1
2020-08-17,US,New York,Oswego,272,3,0,43.42778894,-76.14635194,36075.0,232.23250572043304,1.1029411764705883,269,271,3,0,268,271,117898,1,0,0,1,0
2020-08-17,US,New York,Otsego,118,5,0,42.63492579,-75.03151402,36077.0,198.342662161935,4.2372881355932215,113,118,5,0,113,118,59749,0,0,0,0,0
2020-08-17,US,New York,Putnam,1463,63,0,41.42630093,-73.74965532,36079.0,1487.9983726606995,4.30622009569378,1400,1461,63,0,1398,1459,98892,2,0,0,2,2
2020-08-17,US,New York,Rensselaer,795,38,0,42.71348136,-73.51089874,36083.0,500.90099172095717,4.779874213836479,757,795,38,0,757,789,159442,0,0,0,0,6
2020-08-17,US,New York,Rockland,14011,674,0,41.15027894,-74.02560498,36087.0,4300.636301409808,4.810506030975662,13337,14007,674,0,13333,13997,325695,4,0,0,4,10
2020-08-17,US,New York,Saratoga,795,17,0,43.10904162,-73.86653895,36091.0,345.8581850928596,2.1383647798742142,778,792,17,0,775,783,230163,3,0,0,3,9
2020-08-17,US,New York,Schenectady,1121,37,0,42.81668777,-74.05278291,36093.0,721.8333666024893,3.3006244424620874,1084,1119,37,0,1082,1101,155350,2,0,0,2,18
2020-08-17,US,New York,Schoharie,69,0,0,42.58831742,-74.44339029999998,36095.0,222.58782541372295,0.0,69,69,0,0,69,69,31097,0,0,0,0,0
2020-08-17,US,New York,Schuyler,23,0,0,42.39184015,-76.8773299,36097.0,129.16268883023528,0.0,23,23,0,0,23,23,17912,0,0,0,0,0
2020-08-17,US,New York,Seneca,94,3,0,42.78081007,-76.82497064,36099.0,276.34054562558794,3.191489361702128,91,93,3,0,90,93,34300,1,0,0,1,0
2020-08-17,US,New York,St. Lawrence,263,4,0,44.4976179,-75.06550039,36089.0,244.10618154817158,1.520912547528517,259,263,4,0,259,263,108047,0,0,0,0,0
2020-08-17,US,New York,Steuben,307,42,0,42.2689144,-77.3829924,36101.0,321.8737877310519,13.680781758957655,265,306,42,0,264,306,95796,1,0,0,1,0
2020-08-17,US,New York,Suffolk,44185,1998,0,40.88320119,-72.8012172,36103.0,2992.345257791373,4.521896571234582,42187,44159,1998,0,42161,44109,1481093,26,0,0,26,50
2020-08-17,US,New York,Sullivan,1493,48,0,41.71579493,-74.76394559,36105.0,1979.2660939654252,3.215003348961822,1445,1493,48,0,1445,1493,75498,0,0,0,0,0
2020-08-17,US,New York,Tioga,196,25,0,42.16852837,-76.30835812,36107.0,406.6136962429724,12.755102040816329,171,195,25,0,170,195,48560,1,0,0,1,0
2020-08-17,US,New York,Tompkins,238,0,0,42.44945765,-76.47229843,36109.0,232.92229399099628,0.0,238,238,0,0,238,238,102793,0,0,0,0,0
2020-08-17,US,New York,Ulster,2098,92,0,41.89027881,-74.26252104,36111.0,1181.4859240988217,4.3851286939942815,2006,2095,92,0,2003,2089,178599,3,0,0,3,6
2020-08-17,US,New York,Warren,312,33,0,43.56173026,-73.8433699,36113.0,487.9269360690605,10.576923076923077,279,312,33,0,279,312,64265,0,0,0,0,0
2020-08-17,US,New York,Washington,261,14,0,43.31153794,-73.43043448,36115.0,426.4427161623423,5.363984674329502,247,261,14,0,247,261,61197,0,0,0,0,0
2020-08-17,US,New York,Wayne,269,3,0,43.15494365,-77.02976528,36117.0,299.16145821748705,1.1152416356877324,266,269,3,0,266,269,90064,0,0,0,0,0
2020-08-17,US,New York,Westchester,36486,1447,0,41.16278376,-73.75741653,36119.0,3771.139403786643,3.9659047305815935,35039,36453,1447,0,35006,36435,967612,33,0,0,33,18
2020-08-17,US,New York,Wyoming,118,5,0,42.70145109,-78.22199579,36121.0,296.04355352617983,4.2372881355932215,113,118,5,0,113,118,40085,0,0,0,0,0
2020-08-17,US,New York,Yates,59,7,0,42.63505484,-77.10369919,36123.0,236.82414803516238,11.864406779661017,52,59,7,0,52,59,24841,0,0,0,0,0
2020-08-17,US,North Carolina,Alamance,2653,42,0,36.0434701,-79.39976137,37001.0,1565.1086372994946,1.5831134564643798,2611,2639,42,0,2597,2612,166436,14,0,0,14,27
2020-08-17,US,North Carolina,Alexander,342,2,0,35.922379600000006,-81.17751948,37003.0,912.072965837267,0.5847953216374269,340,338,2,0,336,332,37353,4,0,0,4,6
2020-08-17,US,North Carolina,Alleghany,180,0,0,36.49360862,-81.12857041,37005.0,1616.234174373709,0.0,180,179,0,0,179,177,11161,1,0,0,1,2
2020-08-17,US,North Carolina,Anson,377,3,0,34.97403241,-80.09953279,37007.0,1542.1745888897979,0.7957559681697612,374,374,3,0,371,366,24877,3,0,0,3,8
2020-08-17,US,North Carolina,Ashe,174,1,0,36.43296207,-81.49862729,37009.0,639.6353343381245,0.5747126436781609,173,174,1,0,173,168,27109,0,0,0,0,6
2020-08-17,US,North Carolina,Avery,108,0,0,36.07569796,-81.92308483,37011.0,615.1392606937404,0.0,108,107,0,0,107,106,17505,1,0,0,1,1
2020-08-17,US,North Carolina,Beaufort,460,2,0,35.48531943,-76.84325809,37013.0,978.8483636208878,0.43478260869565216,458,448,2,0,446,435,47079,12,0,0,12,13
2020-08-17,US,North Carolina,Bertie,323,5,0,36.0688473,-76.96545943,37015.0,1704.7553702433106,1.547987616099071,318,317,5,0,312,313,19026,6,0,0,6,4
2020-08-17,US,North Carolina,Bladen,653,7,0,34.61296243,-78.56180059,37017.0,1995.599290996883,1.0719754977029097,646,652,7,0,645,651,33190,1,0,0,1,1
2020-08-17,US,North Carolina,Brunswick,1312,22,0,34.070565,-78.22814204,37019.0,918.6388460999859,1.6768292682926829,1290,1310,22,0,1288,1302,136744,2,0,0,2,8
2020-08-17,US,North Carolina,Buncombe,2092,54,0,35.61113393,-82.53305,37021.0,800.9464338357753,2.5812619502868066,2038,2079,54,0,2025,2033,259103,13,0,0,13,46
2020-08-17,US,North Carolina,Burke,1716,27,0,35.74989637,-81.70755735,37023.0,1896.4469249046804,1.573426573426573,1689,1710,27,0,1683,1702,90382,6,0,0,6,8
2020-08-17,US,North Carolina,Cabarrus,2809,50,0,35.3877799,-80.55267168,37025.0,1297.7413110467398,1.77999288002848,2759,2803,50,0,2753,2767,211342,6,0,0,6,36
2020-08-17,US,North Carolina,Caldwell,1283,13,0,35.95204977,-81.54799522,37027.0,1561.2451020954513,1.0132501948558068,1270,1277,13,0,1264,1265,82029,6,0,0,6,12
2020-08-17,US,North Carolina,Camden,78,2,0,36.33804939,-76.15568396,37029.0,717.7693935768841,2.5641025641025643,76,76,2,0,74,76,10710,2,0,0,2,0
2020-08-17,US,North Carolina,Carteret,381,5,0,34.8932941,-76.54120135,37031.0,548.4144919609057,1.3123359580052494,376,377,5,0,372,374,69524,4,0,0,4,3
2020-08-17,US,North Carolina,Caswell,203,2,0,36.39312665,-79.33353281,37033.0,898.0711378517078,0.9852216748768472,201,201,2,0,199,200,22698,2,0,0,2,1
2020-08-17,US,North Carolina,Catawba,2266,33,0,35.66211129,-81.2132617,37035.0,1420.2355359728238,1.4563106796116505,2233,2265,33,0,2232,2242,158652,1,0,0,1,23
2020-08-17,US,North Carolina,Chatham,1363,55,0,35.70394416,-79.25541492,37037.0,1830.267221700013,4.035216434336022,1308,1353,55,0,1298,1338,73139,10,0,0,10,15
2020-08-17,US,North Carolina,Cherokee,294,4,0,35.1349263,-84.05970864,37039.0,1027.5408919334545,1.3605442176870748,290,294,4,0,290,285,28383,0,0,0,0,9
2020-08-17,US,North Carolina,Chowan,167,2,0,36.12908077,-76.60118385,37041.0,1197.7336297783834,1.1976047904191616,165,166,2,0,164,165,14029,1,0,0,1,1
2020-08-17,US,North Carolina,Clay,76,1,0,35.05704275,-83.74353633,37043.0,676.6984240049862,1.3157894736842106,75,76,1,0,75,75,11139,0,0,0,0,1
2020-08-17,US,North Carolina,Cleveland,1332,24,0,35.33553364,-81.55204486,37045.0,1359.9191399430306,1.8018018018018016,1308,1322,24,0,1298,1304,97645,10,0,0,10,18
2020-08-17,US,North Carolina,Columbus,973,48,0,34.26744084,-78.65801424,37047.0,1752.900482813288,4.933196300102775,925,973,48,0,925,968,55655,0,0,0,0,5
2020-08-17,US,North Carolina,Craven,785,18,0,35.11833364,-77.08398081,37049.0,768.5604910954677,2.2929936305732483,767,784,18,0,766,780,102912,1,0,0,1,4
2020-08-17,US,North Carolina,Cumberland,3434,56,0,35.04762133,-78.82623165,37051.0,1023.5194882998668,1.6307513104251599,3378,3425,56,0,3369,3384,332330,9,0,0,9,41
2020-08-17,US,North Carolina,Currituck,83,0,0,36.36123664,-75.95876401,37053.0,298.9590462125851,0.0,83,83,0,0,83,80,27072,0,0,0,0,3
2020-08-17,US,North Carolina,Dare,215,2,0,35.66520691,-75.71767334,37055.0,580.9397714069551,0.9302325581395348,213,212,2,0,210,212,36501,3,0,0,3,0
2020-08-17,US,North Carolina,Davidson,1886,23,0,35.79115496,-80.21256572,37057.0,1125.2379048857758,1.2195121951219512,1863,1879,23,0,1856,1864,166614,7,0,0,7,15
2020-08-17,US,North Carolina,Davie,439,5,0,35.93099927,-80.54496571,37059.0,1024.5997292629418,1.1389521640091116,434,437,5,0,432,436,42733,2,0,0,2,1
2020-08-17,US,North Carolina,Duplin,2025,49,0,34.93449805,-77.93140529,37061.0,3447.3366132684155,2.4197530864197527,1976,2027,49,0,1978,2023,58856,-2,0,0,-2,4
2020-08-17,US,North Carolina,Durham,6428,79,0,36.03638492,-78.87608331,37063.0,1999.4525456626689,1.2289981331673927,6349,6409,80,0,6329,6377,316739,19,-1,0,20,32
2020-08-17,US,North Carolina,Edgecombe,745,13,0,35.91230639,-77.59436892,37065.0,1447.3888716195208,1.74496644295302,732,736,13,0,723,725,52005,9,0,0,9,11
2020-08-17,US,North Carolina,Forsyth,5561,56,0,36.12859861,-80.25459052,37067.0,1454.6358178893265,1.0070131271354072,5505,5552,56,0,5496,5513,379099,9,0,0,9,39
2020-08-17,US,North Carolina,Franklin,932,26,0,36.081519,-78.28708884,37069.0,1337.4470833034368,2.7896995708154506,906,929,26,0,903,921,67560,3,0,0,3,8
2020-08-17,US,North Carolina,Gaston,3579,57,0,35.29373559,-81.17477045,37071.0,1594.0034472161724,1.592623637887678,3522,3570,57,0,3513,3539,222846,9,0,0,9,31
2020-08-17,US,North Carolina,Gates,57,2,0,36.44667547,-76.69749701,37073.0,492.9942916450441,3.5087719298245608,55,55,2,0,53,51,11573,2,0,0,2,4
2020-08-17,US,North Carolina,Graham,49,0,0,35.3506925,-83.83369267,37075.0,580.4999407653123,0.0,49,46,0,0,46,46,8484,3,0,0,3,0
2020-08-17,US,North Carolina,Granville,1360,29,0,36.30337451,-78.65184241,37077.0,2250.053769667289,2.1323529411764706,1331,1353,29,0,1324,1341,60115,7,0,0,7,12
2020-08-17,US,North Carolina,Greene,343,3,0,35.48544173,-77.67578087,37079.0,1627.9842422516494,0.8746355685131195,340,342,3,0,339,341,21012,1,0,0,1,1
2020-08-17,US,North Carolina,Guilford,5974,158,0,36.07959451,-79.78824948,37081.0,1112.1163719763058,2.6447941078004686,5816,5959,158,0,5801,5911,533670,15,0,0,15,48
2020-08-17,US,North Carolina,Halifax,755,8,0,36.25669272,-77.6556109,37083.0,1509.6980603879224,1.0596026490066226,747,754,8,0,746,752,50574,1,0,0,1,2
2020-08-17,US,North Carolina,Harnett,1414,40,0,35.36731853,-78.87243571,37085.0,1039.8893922456903,2.8288543140028284,1374,1412,40,0,1372,1398,134214,2,0,0,2,14
2020-08-17,US,North Carolina,Haywood,463,24,0,35.55269063,-82.98196486,37087.0,742.9754320650868,5.183585313174946,439,460,24,0,436,457,61971,3,0,0,3,3
2020-08-17,US,North Carolina,Henderson,1568,56,0,35.33788927,-82.4766782,37089.0,1335.4113969868076,3.571428571428572,1512,1558,56,0,1502,1542,116748,10,0,0,10,16
2020-08-17,US,North Carolina,Hertford,404,11,0,36.3607755,-76.98104134,37091.0,1706.2972504962622,2.722772277227723,393,401,11,0,390,394,23659,3,0,0,3,7
2020-08-17,US,North Carolina,Hoke,782,11,0,35.01888303,-79.23651674,37093.0,1415.7946192562551,1.4066496163682864,771,780,11,0,769,773,54764,2,0,0,2,7
2020-08-17,US,North Carolina,Hyde,58,0,0,35.42017674,-76.15180542,37095.0,1174.802511646749,0.0,58,57,0,0,57,54,5230,1,0,0,1,3
2020-08-17,US,North Carolina,Iredell,2013,17,0,35.80950511,-80.8743128,37097.0,1107.2241840203294,0.8445106805762543,1996,2010,17,0,1993,1963,178435,3,0,0,3,47
2020-08-17,US,North Carolina,Jackson,460,7,0,35.28814273,-83.14093385,37099.0,1046.9297646683963,1.5217391304347827,453,460,7,0,453,458,43327,0,0,0,0,2
2020-08-17,US,North Carolina,Johnston,3444,45,0,35.51745004,-78.36622717,37101.0,1645.1783948523687,1.3066202090592334,3399,3435,45,0,3390,3424,202675,9,0,0,9,11
2020-08-17,US,North Carolina,Jones,114,4,0,35.02254606,-77.35870791,37103.0,1210.3195668329972,3.5087719298245608,110,113,4,0,109,100,9637,1,0,0,1,13
2020-08-17,US,North Carolina,Lee,1339,11,0,35.47623147,-79.17569362,37105.0,2167.4031628870653,0.8215085884988798,1328,1335,11,0,1324,1328,61452,4,0,0,4,7
2020-08-17,US,North Carolina,Lenoir,646,11,0,35.24032589999999,-77.64245615,37107.0,1154.6229601958928,1.7027863777089782,635,642,11,0,631,632,55976,4,0,0,4,10
2020-08-17,US,North Carolina,Lincoln,933,10,0,35.48508185,-81.21740317,37109.0,1083.4852690132504,1.0718113612004287,923,930,10,0,920,926,83770,3,0,0,3,4
2020-08-17,US,North Carolina,Macon,480,2,0,35.14867843,-83.41696617,37113.0,1338.6134195995317,0.4166666666666667,478,478,2,0,476,475,35285,2,0,0,2,3
2020-08-17,US,North Carolina,Madison,49,1,0,35.85402722,-82.71346418,37115.0,225.23557802803955,2.0408163265306123,48,49,1,0,48,49,21763,0,0,0,0,0
2020-08-17,US,North Carolina,Martin,285,6,0,35.84326734,-77.10860251,37117.0,1270.0534759358286,2.1052631578947367,279,282,6,0,276,277,22671,3,0,0,3,5
2020-08-17,US,North Carolina,McDowell,714,20,0,35.67736232,-82.0482425,37111.0,1560.4510883818516,2.8011204481792715,694,713,20,0,693,709,45507,1,0,0,1,4
2020-08-17,US,North Carolina,Mecklenburg,23164,258,0,35.24469268,-80.8317671,37119.0,2086.1777664100523,1.1137972716283888,22906,23110,257,0,22853,22989,1093901,54,1,0,53,121
2020-08-17,US,North Carolina,Mitchell,80,3,0,36.01059309,-82.1582442,37121.0,534.6164127238707,3.75,77,80,3,0,77,80,15000,0,0,0,0,0
2020-08-17,US,North Carolina,Montgomery,714,16,0,35.33155144,-79.90416657,37123.0,2627.608287638465,2.2408963585434174,698,701,16,0,685,686,27271,13,0,0,13,15
2020-08-17,US,North Carolina,Moore,1105,20,0,35.30885257,-79.48474178,37125.0,1095.360824742268,1.8099547511312215,1085,1093,20,0,1073,1081,98682,12,0,0,12,12
2020-08-17,US,North Carolina,Nash,1335,14,0,35.96575634,-77.98422508,37127.0,1415.7246177013299,1.0486891385767791,1321,1333,14,0,1319,1315,94016,2,0,0,2,18
2020-08-17,US,North Carolina,New Hanover,2710,21,0,34.25758282,-77.87075626,37129.0,1155.7833951030611,0.7749077490774908,2689,2704,21,0,2683,2692,232274,6,0,0,6,12
2020-08-17,US,North Carolina,Northampton,319,16,0,36.41736238,-77.39769443,37131.0,1637.3248473027768,5.015673981191223,303,319,16,0,303,318,19676,0,0,0,0,1
2020-08-17,US,North Carolina,Onslow,1208,12,0,34.72607366,-77.42908179,37133.0,610.2921116713314,0.9933774834437086,1196,1200,12,0,1188,1194,197683,8,0,0,8,6
2020-08-17,US,North Carolina,Orange,1475,48,0,36.06092947,-79.12167935,37135.0,993.4265470513752,3.254237288135593,1427,1447,48,0,1399,1430,146027,28,0,0,28,17
2020-08-17,US,North Carolina,Pamlico,74,1,0,35.15253315,-76.66559823,37137.0,581.4867201005815,1.351351351351351,73,74,1,0,73,73,12670,0,0,0,0,1
2020-08-17,US,North Carolina,Pasquotank,456,20,0,36.26723798,-76.25134778,37139.0,1145.0381679389313,4.385964912280701,436,447,20,0,427,443,39639,9,0,0,9,4
2020-08-17,US,North Carolina,Pender,696,3,0,34.52265624,-77.90352133,37141.0,1103.7107516650808,0.4310344827586207,693,696,3,0,693,692,62162,0,0,0,0,4
2020-08-17,US,North Carolina,Perquimans,93,2,0,36.17847453,-76.40603143,37143.0,690.7821436529747,2.150537634408602,91,93,2,0,91,93,13422,0,0,0,0,0
2020-08-17,US,North Carolina,Person,247,2,0,36.38989032,-78.97217358,37145.0,625.4748037477842,0.8097165991902834,245,247,2,0,245,243,39507,0,0,0,0,4
2020-08-17,US,North Carolina,Pitt,2308,14,0,35.59535426,-77.37353178,37147.0,1276.958316274026,0.6065857885615251,2294,2278,14,0,2264,2241,179914,30,0,0,30,37
2020-08-17,US,North Carolina,Polk,182,6,0,35.27820615,-82.16812354,37149.0,878.2088399922795,3.2967032967032965,176,177,6,0,171,172,20611,5,0,0,5,5
2020-08-17,US,North Carolina,Randolph,2256,39,0,35.71015088,-79.80570339,37151.0,1570.2979807471445,1.7287234042553192,2217,2250,39,0,2211,2243,143351,6,0,0,6,7
2020-08-17,US,North Carolina,Richmond,569,9,0,35.00417719,-79.74491009,37153.0,1269.2676615583662,1.5817223198594024,560,562,9,0,553,553,44887,7,0,0,7,9
2020-08-17,US,North Carolina,Robeson,3039,56,0,34.64244496,-79.10250529999998,37155.0,2326.507177033493,1.8427114182296809,2983,3023,56,0,2967,3003,131831,16,0,0,16,20
2020-08-17,US,North Carolina,Rockingham,594,6,0,36.39593137,-79.77504841,37157.0,652.6755301615208,1.0101010101010102,588,592,6,0,586,585,90690,2,0,0,2,7
2020-08-17,US,North Carolina,Rowan,2367,51,0,35.64003916,-80.52446628,37159.0,1665.8690389054666,2.1546261089987326,2316,2359,51,0,2308,2340,141262,8,0,0,8,19
2020-08-17,US,North Carolina,Rutherford,837,14,0,35.40114178,-81.92112099,37161.0,1248.7132435214608,1.6726403823178018,823,820,14,0,806,812,66826,17,0,0,17,8
2020-08-17,US,North Carolina,Sampson,1518,19,0,34.98820368,-78.36914061,37163.0,2389.384709826699,1.2516469038208171,1499,1513,19,0,1494,1510,63626,5,0,0,5,3
2020-08-17,US,North Carolina,Scotland,436,5,0,34.8386299,-79.4757978,37165.0,1252.0460615110705,1.1467889908256879,431,432,5,0,427,415,34810,4,0,0,4,17
2020-08-17,US,North Carolina,Stanly,1237,31,0,35.31647813,-80.25093221,37167.0,1969.557048689616,2.506063055780113,1206,1235,31,0,1204,1224,62075,2,0,0,2,11
2020-08-17,US,North Carolina,Stokes,303,3,0,36.4017975,-80.23893369,37169.0,664.6048562216226,0.99009900990099,300,304,3,0,301,301,45467,-1,0,0,-1,3
2020-08-17,US,North Carolina,Surry,1007,10,0,36.41689489,-80.69102283,37171.0,1402.8391123246454,0.99304865938431,997,1005,10,0,995,998,71948,2,0,0,2,7
2020-08-17,US,North Carolina,Swain,121,2,0,35.48665845,-83.48748932,37173.0,847.8733095087939,1.6528925619834711,119,120,2,0,118,120,14245,1,0,0,1,0
2020-08-17,US,North Carolina,Transylvania,161,1,0,35.20383864,-82.79638423,37175.0,468.2274247491639,0.6211180124223602,160,161,1,0,160,155,34215,0,0,0,0,6
2020-08-17,US,North Carolina,Tyrrell,103,2,0,35.87147226,-76.17055253,37177.0,2564.741035856573,1.9417475728155342,101,101,2,0,99,101,4131,2,0,0,2,0
2020-08-17,US,North Carolina,Union,3384,44,0,34.98960527,-80.52955873,37179.0,1410.8288619563996,1.3002364066193854,3340,3375,44,0,3331,3326,235908,9,0,0,9,49
2020-08-17,US,North Carolina,Vance,820,41,0,36.36880673,-78.40670845,37181.0,1841.2484562703492,5.0,779,816,41,0,775,810,44582,4,0,0,4,6
2020-08-17,US,North Carolina,Wake,12754,183,0,35.78879266,-78.65249174,37183.0,1147.189009148549,1.4348439705190528,12571,12714,182,0,12532,12603,1092305,40,1,0,39,111
2020-08-17,US,North Carolina,Warren,271,6,0,36.39728256,-78.10652228,37185.0,1373.4732147382292,2.2140221402214024,265,271,6,0,265,267,19807,0,0,0,0,4
2020-08-17,US,North Carolina,Washington,144,4,0,35.83810081,-76.57299037,37187.0,1243.5233160621765,2.7777777777777777,140,142,4,0,138,140,11859,2,0,0,2,2
2020-08-17,US,North Carolina,Watauga,344,0,0,36.23103603,-81.70033724,37189.0,612.3502501023551,0.0,344,339,0,0,339,331,55945,5,0,0,5,8
2020-08-17,US,North Carolina,Wayne,2532,42,0,35.36438125,-78.00027268,37191.0,2056.346492759744,1.6587677725118484,2490,2527,42,0,2485,2515,123248,5,0,0,5,12
2020-08-17,US,North Carolina,Wilkes,914,18,0,36.2084135,-81.16232895,37193.0,1336.022919955563,1.9693654266958425,896,910,18,0,892,905,68557,4,0,0,4,5
2020-08-17,US,North Carolina,Wilson,1563,36,0,35.70625477,-77.917978,37195.0,1910.7345875967287,2.3032629558541267,1527,1562,36,0,1526,1552,81455,1,0,0,1,10
2020-08-17,US,North Carolina,Yadkin,565,6,0,36.16222629,-80.66239436,37197.0,1499.9867257811875,1.0619469026548674,559,563,6,0,557,562,37543,2,0,0,2,1
2020-08-17,US,North Carolina,Yancey,80,0,0,35.90079156,-82.31237181,37199.0,442.74724666555977,0.0,80,80,0,0,80,80,17903,0,0,0,0,0
2020-08-17,US,North Dakota,Adams,3,0,0,46.09686891,-102.5285397,38001.0,135.37906137184117,0.0,3,3,0,0,3,3,2294,0,0,0,0,0
2020-08-17,US,North Dakota,Barnes,46,0,0,46.93579637,-98.06605978,38003.0,441.6706673067691,0.0,46,45,0,0,45,43,10542,1,0,0,1,2
2020-08-17,US,North Dakota,Benson,173,2,0,48.0683985,-99.35916363,38005.0,2532.201405152225,1.1560693641618498,171,168,2,0,166,165,6962,5,0,0,5,3
2020-08-17,US,North Dakota,Billings,3,0,0,47.02366884,-103.3762965,38007.0,323.27586206896547,0.0,3,3,0,0,3,3,919,0,0,0,0,0
2020-08-17,US,North Dakota,Bottineau,22,0,0,48.79106111,-100.8378166,38009.0,350.2069404648201,0.0,22,22,0,0,22,22,6411,0,0,0,0,0
2020-08-17,US,North Dakota,Bowman,11,0,0,46.11285362,-103.5203343,38011.0,363.7566137566138,0.0,11,11,0,0,11,11,3076,0,0,0,0,0
2020-08-17,US,North Dakota,Burke,23,0,0,48.79094471,-102.51821170000001,38013.0,1087.4704491725768,0.0,23,23,0,0,23,23,2100,0,0,0,0,0
2020-08-17,US,North Dakota,Burleigh,1409,11,0,46.97847375,-100.46452140000001,38015.0,1473.4486436743146,0.7806955287437899,1398,1388,9,0,1379,1344,95273,21,2,0,19,44
2020-08-17,US,North Dakota,Cass,3135,76,0,46.93201724,-97.24447190000001,38017.0,1723.2565426031895,2.4242424242424243,3059,3128,76,0,3052,3117,181516,7,0,0,7,11
2020-08-17,US,North Dakota,Cavalier,31,0,0,48.77286211,-98.46685243,38019.0,824.0297713981925,0.0,31,31,0,0,31,31,3829,0,0,0,0,0
2020-08-17,US,North Dakota,Dickey,14,0,0,46.11017712,-98.50490079999999,38021.0,287.3563218390805,0.0,14,14,0,0,14,14,4903,0,0,0,0,0
2020-08-17,US,North Dakota,Divide,4,0,0,48.814938700000006,-103.48736109999999,38023.0,176.67844522968196,0.0,4,4,0,0,4,4,2283,0,0,0,0,0
2020-08-17,US,North Dakota,Dunn,32,0,0,47.35423935,-102.61604679999999,38025.0,723.3273056057866,0.0,32,32,0,0,32,31,4332,0,0,0,0,1
2020-08-17,US,North Dakota,Eddy,20,0,0,47.71701474,-98.90432337,38027.0,874.5080891998251,0.0,20,20,0,0,20,19,2313,0,0,0,0,1
2020-08-17,US,North Dakota,Emmons,23,1,0,46.28398398,-100.2389766,38029.0,709.6575131132367,4.3478260869565215,22,23,1,0,22,23,3295,0,0,0,0,0
2020-08-17,US,North Dakota,Foster,27,0,0,47.457108399999996,-98.88279923,38031.0,841.1214953271028,0.0,27,26,0,0,26,26,3216,1,0,0,1,0
2020-08-17,US,North Dakota,Golden Valley,12,0,0,46.94022281,-103.8465421,38033.0,681.4310051107325,0.0,12,12,0,0,12,11,1769,0,0,0,0,1
2020-08-17,US,North Dakota,Grand Forks,799,8,0,47.92093639,-97.45450447,38035.0,1150.4513973880867,1.0012515644555695,791,789,8,0,781,775,70770,10,0,0,10,14
2020-08-17,US,North Dakota,Grant,4,0,0,46.35821257,-101.63900129999999,38037.0,175.9014951627089,0.0,4,4,0,0,4,4,2374,0,0,0,0,0
2020-08-17,US,North Dakota,Griggs,37,1,0,47.45785838,-98.23850925,38039.0,1658.4491259524875,2.702702702702702,36,37,1,0,36,37,2232,0,0,0,0,0
2020-08-17,US,North Dakota,Hettinger,8,0,0,46.43375068,-102.4632417,38041.0,320.1280512204882,0.0,8,7,0,0,7,7,2514,1,0,0,1,0
2020-08-17,US,North Dakota,Kidder,23,0,0,46.97830064,-99.77507857,38043.0,927.4193548387095,0.0,23,22,0,0,22,22,2450,1,0,0,1,0
2020-08-17,US,North Dakota,LaMoure,16,0,0,46.45681054,-98.53542355,38045.0,395.45229856648535,0.0,16,16,0,0,16,16,4062,0,0,0,0,0
2020-08-17,US,North Dakota,Logan,7,0,0,46.45729487,-99.47719806,38047.0,378.3783783783784,0.0,7,7,0,0,7,7,1903,0,0,0,0,0
2020-08-17,US,North Dakota,McHenry,24,1,0,48.23104458,-100.6324822,38049.0,417.75456919060053,4.166666666666667,23,24,1,0,23,21,5816,0,0,0,0,3
2020-08-17,US,North Dakota,McIntosh,41,2,0,46.11182017,-99.44145858,38051.0,1641.9703644373249,4.878048780487805,39,41,2,0,39,41,2585,0,0,0,0,0
2020-08-17,US,North Dakota,McKenzie,94,2,0,47.74133370000001,-103.395905,38053.0,625.6656017039403,2.127659574468085,92,93,2,0,91,92,13632,1,0,0,1,1
2020-08-17,US,North Dakota,McLean,102,0,0,47.60766714,-101.3182418,38055.0,1079.3650793650793,0.0,102,102,0,0,102,98,9541,0,0,0,0,4
2020-08-17,US,North Dakota,Mercer,34,0,0,47.31213126,-101.8318399,38057.0,415.2925369488214,0.0,34,34,0,0,34,34,8267,0,0,0,0,0
2020-08-17,US,North Dakota,Morton,455,4,0,46.71681782,-101.2822377,38059.0,1450.7078178803727,0.8791208791208791,451,452,4,0,448,440,31095,3,0,0,3,12
2020-08-17,US,North Dakota,Mountrail,155,1,0,48.20197971,-102.3555315,38061.0,1469.890943575154,0.6451612903225806,154,155,1,0,154,151,10218,0,0,0,0,4
2020-08-17,US,North Dakota,Nelson,27,0,0,47.9226426,-98.19038437,38063.0,937.8256339006599,0.0,27,27,0,0,27,27,2869,0,0,0,0,0
2020-08-17,US,North Dakota,Oliver,7,0,0,47.11530482,-101.3406158,38065.0,357.32516590096986,0.0,7,7,0,0,7,7,1952,0,0,0,0,0
2020-08-17,US,North Dakota,Pembina,27,0,0,48.76623521,-97.5523809,38067.0,397.00044111160116,0.0,27,27,0,0,27,27,6947,0,0,0,0,0
2020-08-17,US,North Dakota,Pierce,16,0,0,48.24977025,-99.96407787,38069.0,402.5157232704403,0.0,16,16,0,0,16,16,4081,0,0,0,0,0
2020-08-17,US,North Dakota,Ramsey,89,2,0,48.26886249,-98.72223879,38071.0,772.6365135862487,2.247191011235955,87,87,2,0,85,85,11481,2,0,0,2,2
2020-08-17,US,North Dakota,Ransom,28,0,0,46.45621782,-97.65742504,38073.0,536.6040628593331,0.0,28,28,0,0,28,28,5237,0,0,0,0,0
2020-08-17,US,North Dakota,Renville,10,0,0,48.71982533,-101.6603912,38075.0,429.7378599054577,0.0,10,10,0,0,10,10,2374,0,0,0,0,0
2020-08-17,US,North Dakota,Richland,117,1,0,46.26440649,-96.94852979,38077.0,723.2490573035792,0.8547008547008547,116,117,2,0,115,115,16239,0,-1,0,1,2
2020-08-17,US,North Dakota,Rolette,88,0,0,48.77245354,-99.84097493,38079.0,620.7674943566591,0.0,88,88,0,0,88,88,14301,0,0,0,0,0
2020-08-17,US,North Dakota,Sargent,10,0,0,46.10830372,-97.63217159,38081.0,256.5418163160595,0.0,10,10,0,0,10,10,3870,0,0,0,0,0
2020-08-17,US,North Dakota,Sheridan,9,0,0,47.57700669,-100.3426391,38083.0,684.4106463878327,0.0,9,9,0,0,9,9,1349,0,0,0,0,0
2020-08-17,US,North Dakota,Sioux,97,2,0,46.11323337,-101.04401490000001,38085.0,2293.144208037825,2.061855670103093,95,97,2,0,95,93,4358,0,0,0,0,4
2020-08-17,US,North Dakota,Slope,4,0,0,46.44737738,-103.4601547,38087.0,533.3333333333334,0.0,4,4,0,0,4,4,763,0,0,0,0,0
2020-08-17,US,North Dakota,Stark,395,6,0,46.80851182,-102.65763259999999,38089.0,1254.4063006129124,1.5189873417721518,389,391,6,0,385,375,30997,4,0,0,4,16
2020-08-17,US,North Dakota,Steele,16,0,0,47.45611548,-97.72728747,38091.0,846.5608465608466,0.0,16,16,0,0,16,16,1903,0,0,0,0,0
2020-08-17,US,North Dakota,Stutsman,130,3,0,46.97962541,-98.95637318,38093.0,627.8979907264297,2.3076923076923075,127,130,3,0,127,130,20917,0,0,0,0,0
2020-08-17,US,North Dakota,Towner,6,0,0,48.68565745,-99.24564265,38095.0,274.09776153494744,0.0,6,5,0,0,5,5,2192,1,0,0,1,0
2020-08-17,US,North Dakota,Traill,64,0,0,47.45367788,-97.16323288,38097.0,796.4161274265804,0.0,64,64,0,0,64,62,8037,0,0,0,0,2
2020-08-17,US,North Dakota,Walsh,116,0,0,48.36876964,-97.72574783,38099.0,1090.1231087303825,0.0,116,116,0,0,116,114,10667,0,0,0,0,2
2020-08-17,US,North Dakota,Ward,277,1,0,48.22390169,-101.54367629999999,38101.0,409.51493916411636,0.36101083032490977,276,276,1,0,275,263,67744,1,0,0,1,13
2020-08-17,US,North Dakota,Wells,24,0,0,47.58614526,-99.65904998,38103.0,625.9780907668231,0.0,24,24,0,0,24,24,3957,0,0,0,0,0
2020-08-17,US,North Dakota,Williams,303,2,0,48.34522353,-103.4793387,38105.0,806.0868871212323,0.6600660066006601,301,302,2,0,300,301,35350,1,0,0,1,1
2020-08-17,US,Ohio,Adams,72,2,0,38.84541072,-83.4718964,39001.0,259.9465665391004,2.7777777777777777,70,70,2,0,68,69,27724,2,0,0,2,1
2020-08-17,US,Ohio,Allen,888,46,0,40.77285242,-84.10802343,39003.0,867.6026614297857,5.180180180180179,842,875,46,0,829,872,102663,13,0,0,13,3
2020-08-17,US,Ohio,Ashland,162,3,0,40.84772277,-82.27280781,39005.0,302.89432353601075,1.851851851851852,159,161,3,0,158,160,53745,1,0,0,1,1
2020-08-17,US,Ohio,Ashtabula,588,46,0,41.70860332,-80.74830218,39007.0,604.6832097572012,7.82312925170068,542,588,46,0,542,583,97493,0,0,0,0,5
2020-08-17,US,Ohio,Athens,368,2,0,39.33425634,-82.04278644,39009.0,563.3199136651002,0.5434782608695652,366,367,2,0,365,366,65818,1,0,0,1,1
2020-08-17,US,Ohio,Auglaize,301,8,0,40.55998859,-84.22421429999999,39011.0,659.278079551428,2.6578073089701,293,291,8,0,283,291,45804,10,0,0,10,0
2020-08-17,US,Ohio,Belmont,640,26,0,40.01625942,-80.9924051,39013.0,955.1383458197772,4.0625,614,638,26,0,612,638,67505,2,0,0,2,0
2020-08-17,US,Ohio,Brown,165,2,0,38.93416837,-83.86788395,39015.0,379.90421808804564,1.2121212121212122,163,158,2,0,156,157,43602,7,0,0,7,1
2020-08-17,US,Ohio,Butler,3218,69,0,39.44012838,-84.57388716,39017.0,839.9150166782379,2.144188937228092,3149,3197,69,0,3128,3164,382378,21,0,0,21,33
2020-08-17,US,Ohio,Carroll,117,5,0,40.578968599999996,-81.09178213,39019.0,434.71799063684335,4.2735042735042725,112,116,5,0,111,116,27081,1,0,0,1,0
2020-08-17,US,Ohio,Champaign,205,2,0,40.13923427,-83.76875242,39021.0,527.1955767005272,0.975609756097561,203,202,2,0,200,198,38754,3,0,0,3,4
2020-08-17,US,Ohio,Clark,1261,16,0,39.91592258,-83.78498252,39023.0,940.4622509937874,1.2688342585249799,1245,1244,16,0,1228,1249,134585,17,0,0,17,-5
2020-08-17,US,Ohio,Clermont,1043,11,0,39.04847534,-84.15375786,39025.0,505.2609142170636,1.0546500479386385,1032,1034,11,0,1023,1029,205466,9,0,0,9,5
2020-08-17,US,Ohio,Clinton,186,6,0,39.41485808,-83.80852286,39027.0,443.19481509721686,3.2258064516129035,180,185,6,0,179,183,42057,1,0,0,1,2
2020-08-17,US,Ohio,Columbiana,1729,62,0,40.76932373,-80.78094576,39029.0,1697.044649254537,3.585887796414112,1667,1721,62,0,1659,1712,102665,8,0,0,8,9
2020-08-17,US,Ohio,Coshocton,203,9,0,40.30096166,-81.91729018,39031.0,554.6448087431694,4.433497536945813,194,202,9,0,193,201,36629,1,0,0,1,1
2020-08-17,US,Ohio,Crawford,183,5,0,40.85065156,-82.91989099,39033.0,441.02761845086036,2.7322404371584703,178,183,5,0,178,183,41550,0,0,0,0,0
2020-08-17,US,Ohio,Cuyahoga,14418,528,0,41.424119,-81.65918339,39035.0,1167.3813348533529,3.6620890553474825,13890,14335,528,0,13807,14278,1243857,83,0,0,83,57
2020-08-17,US,Ohio,Darke,476,30,0,40.13412966,-84.6194517,39037.0,931.2699313286247,6.302521008403361,446,459,30,0,429,450,51323,17,0,0,17,9
2020-08-17,US,Ohio,Defiance,172,4,0,41.32398837,-84.49076944,39039.0,451.59765799354113,2.3255813953488373,168,169,4,0,165,164,38165,3,0,0,3,5
2020-08-17,US,Ohio,Delaware,1434,19,0,40.27942393,-83.00457058,39041.0,685.5438217394837,1.3249651324965133,1415,1412,19,0,1393,1404,204826,22,0,0,22,8
2020-08-17,US,Ohio,Erie,637,31,0,41.36796058,-82.62904521,39043.0,857.7276277165863,4.8665620094191535,606,632,30,0,602,630,74615,5,1,0,4,2
2020-08-17,US,Ohio,Fairfield,1514,35,0,39.75107189,-82.63088163,39045.0,960.8184091284096,2.3117569352708056,1479,1498,35,0,1463,1492,155782,16,0,0,16,6
2020-08-17,US,Ohio,Fayette,134,0,0,39.56021306,-83.4562016,39047.0,469.76336546888695,0.0,134,130,0,0,130,129,28666,4,0,0,4,1
2020-08-17,US,Ohio,Franklin,19683,537,0,39.96995815,-83.01115755,39049.0,1494.8099723866833,2.7282426459381197,19146,19553,537,0,19016,19437,1310300,130,0,0,130,116
2020-08-17,US,Ohio,Fulton,165,1,0,41.60213491,-84.12571393,39051.0,391.6820965674405,0.6060606060606061,164,163,1,0,162,162,42276,2,0,0,2,1
2020-08-17,US,Ohio,Gallia,89,2,0,38.82708533,-82.31647569,39053.0,297.6787744999665,2.247191011235955,87,89,2,0,87,88,29979,0,0,0,0,1
2020-08-17,US,Ohio,Geauga,574,46,0,41.49952319,-81.17935342,39055.0,612.9269933474998,8.013937282229966,528,570,45,0,525,565,94031,4,1,0,3,5
2020-08-17,US,Ohio,Greene,806,13,0,39.69116283,-83.89032084,39057.0,477.1009311163333,1.6129032258064515,793,799,13,0,786,773,167995,7,0,0,7,26
2020-08-17,US,Ohio,Guernsey,121,7,0,40.05026529,-81.49248905,39059.0,311.2540192926045,5.785123966942148,114,121,7,0,114,121,39022,0,0,0,0,0
2020-08-17,US,Ohio,Hamilton,10184,270,0,39.19673558,-84.54502924,39061.0,1245.7903808443825,2.65121759622938,9914,10142,269,0,9873,10101,816684,42,1,0,41,41
2020-08-17,US,Ohio,Hancock,433,3,0,41.00250487,-83.66838948,39063.0,571.3682488156975,0.6928406466512702,430,428,3,0,425,428,75930,5,0,0,5,0
2020-08-17,US,Ohio,Hardin,189,12,0,40.66015414,-83.65929931,39065.0,602.5824964131995,6.349206349206349,177,187,12,0,175,186,31480,2,0,0,2,1
2020-08-17,US,Ohio,Harrison,26,1,0,40.29380509,-81.09068544,39067.0,172.87234042553192,3.8461538461538463,25,26,1,0,25,26,15174,0,0,0,0,0
2020-08-17,US,Ohio,Henry,128,2,0,41.333964200000004,-84.06830637,39069.0,473.9687476856994,1.5625,126,128,2,0,126,128,27086,0,0,0,0,0
2020-08-17,US,Ohio,Highland,174,2,0,39.1839264,-83.60331456,39071.0,403.14172516855484,1.1494252873563218,172,171,2,0,169,171,43058,3,0,0,3,0
2020-08-17,US,Ohio,Hocking,126,9,0,39.49537927,-82.47991446,39073.0,445.796773280498,7.142857142857142,117,125,9,0,116,124,28385,1,0,0,1,1
2020-08-17,US,Ohio,Holmes,338,7,0,40.56163713,-81.92635677,39075.0,768.8808007279346,2.0710059171597632,331,335,6,0,329,333,43892,3,1,0,2,2
2020-08-17,US,Ohio,Huron,420,5,0,41.14651175,-82.59867951,39077.0,720.8320461332512,1.1904761904761905,415,418,5,0,413,418,58504,2,0,0,2,0
2020-08-17,US,Ohio,Jackson,83,0,0,39.01914254,-82.61818559999998,39079.0,256.0700953321198,0.0,83,83,0,0,83,81,32384,0,0,0,0,2
2020-08-17,US,Ohio,Jefferson,250,3,0,40.38614126,-80.76259514,39081.0,382.70187523918884,1.2,247,250,3,0,247,250,65767,0,0,0,0,0
2020-08-17,US,Ohio,Knox,225,9,0,40.39830217,-82.42027563,39083.0,361.02820833734484,4.0,216,226,9,0,217,223,61893,-1,0,0,-1,3
2020-08-17,US,Ohio,Lake,1187,43,0,41.69710807,-81.23676539,39085.0,515.7528383786156,3.622577927548441,1144,1176,43,0,1133,1170,230514,11,0,0,11,6
2020-08-17,US,Ohio,Lawrence,355,5,0,38.59743452,-82.53466552,39087.0,597.0099053192741,1.4084507042253518,350,344,4,0,340,336,59866,11,1,0,10,8
2020-08-17,US,Ohio,Licking,1431,55,0,40.09136236,-82.48185785,39089.0,809.1054042134546,3.843466107617051,1376,1419,55,0,1364,1409,175769,12,0,0,12,10
2020-08-17,US,Ohio,Logan,186,2,0,40.38996525,-83.76784341,39091.0,407.2517078297425,1.075268817204301,184,184,2,0,182,181,45358,2,0,0,2,3
2020-08-17,US,Ohio,Lorain,1937,77,0,41.29553751,-82.15083537,39093.0,625.1754977681525,3.9752194114610218,1860,1915,77,0,1838,1906,309461,22,0,0,22,9
2020-08-17,US,Ohio,Lucas,5744,329,0,41.62101218,-83.65468618,39095.0,1340.9657568145524,5.727715877437325,5415,5704,329,0,5375,5673,429899,40,0,0,40,31
2020-08-17,US,Ohio,Madison,595,10,0,39.89381073,-83.40178317,39097.0,1330.1737050367751,1.680672268907563,585,592,10,0,582,592,44413,3,0,0,3,0
2020-08-17,US,Ohio,Mahoning,2691,260,0,41.01631101,-80.77287029,39099.0,1176.738104712637,9.661835748792269,2431,2681,260,0,2421,2675,229642,10,0,0,10,6
2020-08-17,US,Ohio,Marion,2966,45,0,40.58610662,-83.15736305,39101.0,4556.55754074939,1.517194875252866,2921,2964,45,0,2919,2961,65256,2,0,0,2,3
2020-08-17,US,Ohio,Medina,1002,36,0,41.11770589,-81.89986209999998,39103.0,557.4532952054566,3.5928143712574854,966,996,36,0,960,993,179146,6,0,0,6,3
2020-08-17,US,Ohio,Meigs,69,0,0,39.09224872,-82.0305041,39105.0,301.2179683066312,0.0,69,67,0,0,67,66,23106,2,0,0,2,1
2020-08-17,US,Ohio,Mercer,694,14,0,40.54043046,-84.62912742,39107.0,1685.611580685903,2.0172910662824206,680,694,14,0,680,682,40959,0,0,0,0,12
2020-08-17,US,Ohio,Miami,921,39,0,40.0543329,-84.22871271,39109.0,860.8522530774768,4.234527687296417,882,911,39,0,872,905,106222,10,0,0,10,6
2020-08-17,US,Ohio,Monroe,98,18,0,39.72984936,-81.08464734,39111.0,717.7383916800937,18.367346938775512,80,96,18,0,78,96,13790,2,0,0,2,0
2020-08-17,US,Ohio,Montgomery,4716,105,0,39.75394919,-84.29050975,39113.0,886.9880211477805,2.2264631043257,4611,4693,105,0,4588,4651,532331,23,0,0,23,42
2020-08-17,US,Ohio,Morgan,33,0,0,39.62081738,-81.85308173,39115.0,227.46071133167908,0.0,33,33,0,0,33,33,14604,0,0,0,0,0
2020-08-17,US,Ohio,Morrow,191,2,0,40.52363560000001,-82.7892599,39117.0,540.6476449275361,1.0471204188481675,189,190,2,0,188,189,35112,1,0,0,1,1
2020-08-17,US,Ohio,Muskingum,267,1,0,39.96575964,-81.94363275,39119.0,309.69088905642866,0.3745318352059925,266,267,1,0,266,266,86183,0,0,0,0,1
2020-08-17,US,Ohio,Noble,20,0,0,39.76818851,-81.45937183,39121.0,138.65779256794232,0.0,20,19,0,0,19,19,14354,1,0,0,1,0
2020-08-17,US,Ohio,Ottawa,413,27,0,41.53781826,-83.0940185,39123.0,1019.1239975323874,6.5375302663438255,386,411,27,0,384,411,40769,2,0,0,2,0
2020-08-17,US,Ohio,Paulding,75,0,0,41.11676341,-84.5801017,39125.0,401.67095115681235,0.0,75,75,0,0,75,74,18760,0,0,0,0,1
2020-08-17,US,Ohio,Perry,180,3,0,39.73508655,-82.23804971,39127.0,498.14579066806886,1.6666666666666667,177,179,3,0,176,175,36033,1,0,0,1,4
2020-08-17,US,Ohio,Pickaway,2421,42,0,39.64170392,-83.0243386,39129.0,4141.505722154746,1.7348203221809169,2379,2418,42,0,2376,2416,58086,3,0,0,3,2
2020-08-17,US,Ohio,Pike,85,0,0,39.07634001,-83.06769584,39131.0,306.0636612415382,0.0,85,84,0,0,84,82,28067,1,0,0,1,2
2020-08-17,US,Ohio,Portage,791,65,0,41.16793482,-81.19735782,39133.0,486.87109918382924,8.217446270543617,726,789,65,0,724,786,162927,2,0,0,2,3
2020-08-17,US,Ohio,Preble,259,2,0,39.7420247,-84.64787018,39135.0,633.5306491854608,0.7722007722007722,257,256,2,0,254,250,40997,3,0,0,3,6
2020-08-17,US,Ohio,Putnam,227,17,0,41.02094889,-84.1336111,39137.0,670.3877617317859,7.488986784140969,210,225,17,0,208,224,33780,2,0,0,2,1
2020-08-17,US,Ohio,Richland,652,12,0,40.77180308,-82.53799609999999,39139.0,538.1580467834326,1.8404907975460123,640,644,12,0,632,640,121099,8,0,0,8,4
2020-08-17,US,Ohio,Ross,560,6,0,39.33705391,-83.06000914,39141.0,730.4411342707327,1.0714285714285714,554,547,6,0,541,535,76931,13,0,0,13,12
2020-08-17,US,Ohio,Sandusky,450,17,0,41.35624126,-83.137872,39143.0,768.9941556444171,3.7777777777777777,433,442,17,0,425,435,58799,8,0,0,8,7
2020-08-17,US,Ohio,Scioto,274,1,0,38.80270163,-82.98907345,39145.0,363.81018137398087,0.36496350364963503,273,269,1,0,268,268,75502,5,0,0,5,1
2020-08-17,US,Ohio,Seneca,251,4,0,41.12351311,-83.12783209,39147.0,454.8914422414729,1.593625498007968,247,250,4,0,246,248,55207,1,0,0,1,2
2020-08-17,US,Ohio,Shelby,257,4,0,40.33163494,-84.20258189,39149.0,528.9154146943815,1.5564202334630348,253,242,4,0,238,239,48627,15,0,0,15,3
2020-08-17,US,Ohio,Stark,2023,143,0,40.81482476,-81.36437305,39151.0,545.862722136177,7.068709836875928,1880,2008,143,0,1865,2001,371574,15,0,0,15,7
2020-08-17,US,Ohio,Summit,3818,228,0,41.12464734,-81.53123079,39153.0,705.7131714025355,5.9717129387113665,3590,3788,228,0,3560,3779,541918,30,0,0,30,9
2020-08-17,US,Ohio,Trumbull,1637,112,0,41.31735028,-80.76109643,39155.0,826.8762564781233,6.841783750763593,1525,1629,112,0,1517,1604,198627,8,0,0,8,25
2020-08-17,US,Ohio,Tuscarawas,816,14,0,40.44214695,-81.47226262,39157.0,887.0818702642764,1.7156862745098038,802,812,14,0,798,808,92176,4,0,0,4,4
2020-08-17,US,Ohio,Union,293,1,0,40.30016061,-83.37239023,39159.0,496.7111954973892,0.3412969283276451,292,289,1,0,288,287,57835,4,0,0,4,2
2020-08-17,US,Ohio,Van Wert,74,2,0,40.8554138,-84.59111700000003,39161.0,261.71529619805483,2.702702702702702,72,74,2,0,72,73,28281,0,0,0,0,1
2020-08-17,US,Ohio,Vinton,33,2,0,39.25208988,-82.4831444,39163.0,252.19717233473443,6.0606060606060606,31,32,2,0,30,32,13139,1,0,0,1,0
2020-08-17,US,Ohio,Warren,1962,40,0,39.42581994,-84.16557457,39165.0,836.3100058823027,2.038735983690112,1922,1946,40,0,1906,1937,232173,16,0,0,16,9
2020-08-17,US,Ohio,Washington,213,22,0,39.45690571,-81.49121382,39167.0,355.52736559229515,10.328638497652582,191,213,22,0,191,212,60155,0,0,0,0,1
2020-08-17,US,Ohio,Wayne,604,60,0,40.82925852,-81.88844833,39169.0,521.9946417768558,9.933774834437086,544,593,60,0,533,588,115967,11,0,0,11,5
2020-08-17,US,Ohio,Williams,142,3,0,41.56052014,-84.58429552,39171.0,387.0053417638722,2.112676056338028,139,141,3,0,138,139,36804,1,0,0,1,2
2020-08-17,US,Ohio,Wood,1162,58,0,41.36224827,-83.62285108,39173.0,888.2637577684857,4.991394148020653,1104,1146,58,0,1088,1136,130696,16,0,0,16,10
2020-08-17,US,Ohio,Wyandot,159,10,0,40.84339621,-83.30734173,39175.0,730.2957927613447,6.289308176100628,149,159,9,0,150,159,21935,0,1,0,-1,0
2020-08-17,US,Oklahoma,Adair,383,6,0,35.88494195,-94.65859267,40001.0,1725.6916283680273,1.566579634464752,377,378,6,0,372,376,22082,5,0,0,5,2
2020-08-17,US,Oklahoma,Alfalfa,6,0,0,36.73090616,-98.32408495,40003.0,105.2262364082778,0.0,6,6,0,0,6,5,5754,0,0,0,0,1
2020-08-17,US,Oklahoma,Atoka,88,1,0,34.37366573,-96.03802487,40005.0,639.6278528855937,1.1363636363636365,87,84,1,0,83,83,13838,4,0,0,4,1
2020-08-17,US,Oklahoma,Beaver,40,0,0,36.7496847,-100.4758872,40007.0,753.1538316701185,0.0,40,39,0,0,39,39,5319,1,0,0,1,0
2020-08-17,US,Oklahoma,Beckham,101,1,0,35.26862449,-99.68128023,40009.0,462.0522439269866,0.99009900990099,100,102,1,0,101,76,21709,-1,0,0,-1,26
2020-08-17,US,Oklahoma,Blaine,46,0,0,35.87518314,-98.43307003,40011.0,487.8566125782161,0.0,46,46,0,0,46,45,9485,0,0,0,0,1
2020-08-17,US,Oklahoma,Bryan,512,2,0,33.96472458,-96.25903472,40013.0,1066.7777893530576,0.390625,510,512,2,0,510,505,47192,0,0,0,0,7
2020-08-17,US,Oklahoma,Caddo,470,19,0,35.17364557,-98.37534464,40015.0,1634.1005493359296,4.042553191489361,451,464,19,0,445,463,28977,6,0,0,6,1
2020-08-17,US,Oklahoma,Canadian,1339,9,0,35.5426055,-97.98465569,40017.0,902.8629994740604,0.6721433905899925,1330,1331,9,0,1322,1314,144447,8,0,0,8,17
2020-08-17,US,Oklahoma,Carter,370,5,0,34.25103751,-97.28552485,40019.0,769.0548938912099,1.351351351351351,365,367,5,0,362,365,48177,3,0,0,3,2
2020-08-17,US,Oklahoma,Cherokee,535,2,0,35.90692775,-94.99980896,40021.0,1099.5334689767146,0.37383177570093457,533,521,2,0,519,504,48675,14,0,0,14,17
2020-08-17,US,Oklahoma,Choctaw,209,1,0,34.02807439,-95.54771129,40023.0,1424.4820065430752,0.4784688995215311,208,209,1,0,208,208,14668,0,0,0,0,1
2020-08-17,US,Oklahoma,Cimarron,11,0,0,36.74817177,-102.5173885,40025.0,514.7402901263454,0.0,11,11,0,0,11,11,2153,0,0,0,0,0
2020-08-17,US,Oklahoma,Cleveland,3215,58,0,35.20413532,-97.32519562,40027.0,1131.9864513721154,1.8040435458786936,3157,3192,57,0,3135,3179,281669,23,1,0,22,13
2020-08-17,US,Oklahoma,Coal,46,0,0,34.58840127,-96.29798747,40029.0,837.1246587807096,0.0,46,46,0,0,46,46,5520,0,0,0,0,0
2020-08-17,US,Oklahoma,Comanche,884,11,0,34.65973764,-98.47195055,40031.0,732.0971602249292,1.2443438914027152,873,884,11,0,873,884,120422,0,0,0,0,0
2020-08-17,US,Oklahoma,Cotton,21,2,0,34.28845626,-98.37053567,40033.0,370.63183903988715,9.523809523809524,19,21,2,0,19,21,5776,0,0,0,0,0
2020-08-17,US,Oklahoma,Craig,94,1,0,36.76268118,-95.20916602,40035.0,664.6867486918399,1.0638297872340423,93,94,1,0,93,93,14306,0,0,0,0,1
2020-08-17,US,Oklahoma,Creek,681,15,0,35.90230551,-96.37086028,40037.0,952.1545818069964,2.202643171806167,666,681,15,0,666,678,71604,0,0,0,0,3
2020-08-17,US,Oklahoma,Custer,241,0,0,35.63853802,-99.00170785,40039.0,830.948522566631,0.0,241,232,0,0,232,227,29036,9,0,0,9,5
2020-08-17,US,Oklahoma,Delaware,473,20,0,36.40823634,-94.80325046,40041.0,1099.7698156199865,4.228329809725159,453,469,20,0,449,467,42733,4,0,0,4,2
2020-08-17,US,Oklahoma,Dewey,13,0,0,35.98772922,-99.00730714,40043.0,265.794316090779,0.0,13,13,0,0,13,12,4894,0,0,0,0,1
2020-08-17,US,Oklahoma,Ellis,5,0,0,36.218019399999996,-99.75324573,40045.0,129.5672454003628,0.0,5,5,0,0,5,5,3952,0,0,0,0,0
2020-08-17,US,Oklahoma,Garfield,617,8,0,36.3791334,-97.78265517,40047.0,1010.5476939203354,1.2965964343598055,609,609,8,0,601,571,60913,8,0,0,8,38
2020-08-17,US,Oklahoma,Garvin,242,4,0,34.70418038,-97.30811132,40049.0,873.2994117859332,1.6528925619834711,238,242,4,0,238,241,27811,0,0,0,0,1
2020-08-17,US,Oklahoma,Grady,472,7,0,35.0167709,-97.88339847,40051.0,845.3630404413083,1.4830508474576272,465,469,7,0,462,464,55551,3,0,0,3,5
2020-08-17,US,Oklahoma,Grant,17,0,0,36.796296999999996,-97.78638765,40053.0,392.33787214401116,0.0,17,17,0,0,17,17,4326,0,0,0,0,0
2020-08-17,US,Oklahoma,Greer,85,8,0,34.93535801,-99.56056120000001,40055.0,1488.095238095238,9.411764705882351,77,85,8,0,77,84,5821,0,0,0,0,1
2020-08-17,US,Oklahoma,Harmon,32,0,0,34.7440135,-99.84741652,40057.0,1206.181681115718,0.0,32,32,0,0,32,32,2664,0,0,0,0,0
2020-08-17,US,Oklahoma,Harper,13,0,0,36.78836519,-99.6679804,40059.0,352.49457700650765,0.0,13,11,0,0,11,11,3797,2,0,0,2,0
2020-08-17,US,Oklahoma,Haskell,88,1,0,35.22257600000001,-95.11513306,40061.0,696.9192999128851,1.1363636363636365,87,88,1,0,87,88,12668,0,0,0,0,0
2020-08-17,US,Oklahoma,Hughes,179,2,0,35.04912569,-96.24921145,40063.0,1347.9930717674526,1.11731843575419,177,178,2,0,176,177,13335,1,0,0,1,1
2020-08-17,US,Oklahoma,Jackson,538,7,0,34.58781741,-99.41138784,40065.0,2193.232776192417,1.3011152416356877,531,537,7,0,530,537,24949,1,0,0,1,0
2020-08-17,US,Oklahoma,Jefferson,34,0,0,34.11130184,-97.83182974,40067.0,566.47784071976,0.0,34,33,0,0,33,33,6123,1,0,0,1,0
2020-08-17,US,Oklahoma,Johnston,55,0,0,34.31440473,-96.66011537,40069.0,496.1659900766802,0.0,55,54,0,0,54,53,10949,1,0,0,1,1
2020-08-17,US,Oklahoma,Kay,267,11,0,36.81799745,-97.14421435,40071.0,613.2573843538978,4.119850187265918,256,266,11,0,255,265,44161,1,0,0,1,1
2020-08-17,US,Oklahoma,Kingfisher,160,0,0,35.94530008,-97.94193268,40073.0,1014.906438312718,0.0,160,157,0,0,157,155,15816,3,0,0,3,2
2020-08-17,US,Oklahoma,Kiowa,33,1,0,34.91671958,-98.97720696,40075.0,378.96187413872315,3.0303030303030303,32,32,1,0,31,31,8729,1,0,0,1,1
2020-08-17,US,Oklahoma,Latimer,100,2,0,34.87844729,-95.25215049,40077.0,992.7529038022436,2.0,98,101,2,0,99,98,10231,-1,0,0,-1,3
2020-08-17,US,Oklahoma,Le Flore,436,1,0,34.89851864,-94.70392124,40079.0,874.5712394439653,0.22935779816513766,435,430,1,0,429,423,49980,6,0,0,6,7
2020-08-17,US,Oklahoma,Lincoln,248,3,0,35.70270942,-96.8812462,40081.0,711.0703328841357,1.2096774193548387,245,243,3,0,240,242,34920,5,0,0,5,1
2020-08-17,US,Oklahoma,Logan,244,1,0,35.91899576,-97.44352845,40083.0,508.2168669679865,0.4098360655737705,243,244,1,0,243,242,47291,0,0,0,0,2
2020-08-17,US,Oklahoma,Love,83,0,0,33.95273467,-97.23906784,40085.0,809.5191651224033,0.0,83,82,0,0,82,82,10134,1,0,0,1,0
2020-08-17,US,Oklahoma,Major,40,1,0,36.31149996,-98.53467076,40093.0,524.3151133831433,2.5,39,40,1,0,39,39,7644,0,0,0,0,1
2020-08-17,US,Oklahoma,Marshall,121,1,0,34.02311222,-96.76855464,40095.0,714.6654066505228,0.8264462809917356,120,121,1,0,120,121,16806,0,0,0,0,0
2020-08-17,US,Oklahoma,Mayes,368,8,0,36.30179091,-95.23175116,40097.0,895.3771289537713,2.1739130434782608,360,366,8,0,358,365,41107,2,0,0,2,1
2020-08-17,US,Oklahoma,McClain,483,4,0,35.01123903,-97.44572302,40087.0,1193.3586994119682,0.8281573498964804,479,480,4,0,476,479,39985,3,0,0,3,1
2020-08-17,US,Oklahoma,McCurtain,896,28,0,34.11664328,-94.77222373,40089.0,2729.044834307992,3.125,868,895,28,0,867,886,32703,1,0,0,1,9
2020-08-17,US,Oklahoma,McIntosh,207,2,0,35.37235506,-95.66599306,40091.0,1056.338028169014,0.966183574879227,205,207,2,0,205,205,19815,0,0,0,0,2
2020-08-17,US,Oklahoma,Murray,82,0,0,34.48116015,-97.06826283,40099.0,582.6760463298515,0.0,82,81,0,0,81,79,13953,1,0,0,1,2
2020-08-17,US,Oklahoma,Muskogee,588,16,0,35.61318461,-95.37802952,40101.0,864.7440328249776,2.7210884353741496,572,578,16,0,562,572,68362,10,0,0,10,6
2020-08-17,US,Oklahoma,Noble,92,2,0,36.38953329,-97.22928674,40103.0,826.5205282544246,2.1739130434782608,90,91,2,0,89,91,11289,1,0,0,1,0
2020-08-17,US,Oklahoma,Nowata,63,1,0,36.79843529,-95.61902331,40105.0,625.2481143310838,1.5873015873015872,62,62,1,0,61,62,10218,1,0,0,1,0
2020-08-17,US,Oklahoma,Okfuskee,83,1,0,35.46485198,-96.32639984,40107.0,692.0703743850577,1.2048192771084338,82,83,1,0,82,82,12098,0,0,0,0,1
2020-08-17,US,Oklahoma,Oklahoma,11715,132,0,35.55140095,-97.40716948,40109.0,1469.0870968631891,1.1267605633802815,11583,11600,131,0,11469,11458,792582,115,1,0,114,142
2020-08-17,US,Oklahoma,Okmulgee,508,3,0,35.64661916,-95.96432828,40111.0,1320.6811386975173,0.5905511811023622,505,505,3,0,502,504,38335,3,0,0,3,1
2020-08-17,US,Oklahoma,Osage,564,12,0,36.62888819,-96.39635704,40113.0,1200.9454251219045,2.127659574468085,552,558,12,0,546,559,47014,6,0,0,6,-1
2020-08-17,US,Oklahoma,Ottawa,418,3,0,36.83532655,-94.81011909,40115.0,1342.8855977125968,0.7177033492822966,415,417,3,0,414,417,31175,1,0,0,1,0
2020-08-17,US,Oklahoma,Pawnee,168,3,0,36.31743373,-96.70331759999999,40117.0,1025.8915486077183,1.7857142857142858,165,166,3,0,163,166,16390,2,0,0,2,0
2020-08-17,US,Oklahoma,Payne,800,4,0,36.07695283,-96.97584944,40119.0,978.1864423359093,0.5,796,794,4,0,790,792,82040,6,0,0,6,2
2020-08-17,US,Oklahoma,Pittsburg,437,4,0,34.92065823,-95.75134320000001,40121.0,1001.0537407797682,0.9153318077803204,433,433,4,0,429,428,43877,4,0,0,4,5
2020-08-17,US,Oklahoma,Pontotoc,215,2,0,34.72959848,-96.68337199,40123.0,561.5923101034375,0.9302325581395348,213,211,2,0,209,211,38247,4,0,0,4,0
2020-08-17,US,Oklahoma,Pottawatomie,595,9,0,35.20614018,-96.94923008,40125.0,819.6495481595769,1.512605042016807,586,590,9,0,581,502,72679,5,0,0,5,88
2020-08-17,US,Oklahoma,Pushmataha,116,0,0,34.41635232,-95.37603505,40127.0,1045.4217736121125,0.0,116,117,0,0,117,116,11179,-1,0,0,-1,1
2020-08-17,US,Oklahoma,Roger Mills,9,1,0,35.68711719,-99.69666167,40129.0,251.18615685180012,11.111111111111109,8,9,1,0,8,9,3656,0,0,0,0,0
2020-08-17,US,Oklahoma,Rogers,1139,21,0,36.37004357,-95.60406759,40131.0,1231.8973815420889,1.843722563652327,1118,1131,21,0,1110,1108,91984,8,0,0,8,23
2020-08-17,US,Oklahoma,Seminole,257,5,0,35.16478725,-96.61686741,40133.0,1059.4443070327316,1.9455252918287935,252,257,5,0,252,257,24578,0,0,0,0,0
2020-08-17,US,Oklahoma,Sequoyah,439,4,0,35.49447108,-94.75463785,40135.0,1056.0754408333132,0.9111617312072892,435,433,4,0,429,425,41179,6,0,0,6,8
2020-08-17,US,Oklahoma,Stephens,218,3,0,34.48556989,-97.85141892,40137.0,505.2963400783442,1.3761467889908257,215,217,3,0,214,215,43265,1,0,0,1,2
2020-08-17,US,Oklahoma,Texas,1079,7,0,36.74777635,-101.4889765,40139.0,5399.589651203523,0.6487488415199258,1072,1078,7,0,1071,1077,20455,1,0,0,1,1
2020-08-17,US,Oklahoma,Tillman,59,1,0,34.37288446,-98.92426619,40141.0,813.7931034482757,1.6949152542372878,58,59,1,0,58,59,7348,0,0,0,0,0
2020-08-17,US,Oklahoma,Tulsa,11443,116,0,36.11939621,-95.94013939,40143.0,1756.268110603605,1.013720178274928,11327,11375,114,0,11261,11312,648360,68,2,0,66,63
2020-08-17,US,Oklahoma,Unassigned,2,0,0,0.0,0.0,90040.0,0.0,0.0,2,7,0,0,7,4,,-5,0,0,-5,3
2020-08-17,US,Oklahoma,Wagoner,968,23,0,35.96024096,-95.51911308,40145.0,1190.8130251325515,2.3760330578512403,945,960,23,0,937,954,80110,8,0,0,8,6
2020-08-17,US,Oklahoma,Washington,705,39,0,36.71380786,-95.90514104,40147.0,1368.214722378559,5.531914893617022,666,696,39,0,657,690,51843,9,0,0,9,6
2020-08-17,US,Oklahoma,Washita,35,0,0,35.29071824,-98.99180434,40149.0,320.63026749725174,0.0,35,35,0,0,35,32,11127,0,0,0,0,3
2020-08-17,US,Oklahoma,Woods,21,0,0,36.76705782,-98.86573064,40151.0,238.8263391334016,0.0,21,21,0,0,21,21,8897,0,0,0,0,0
2020-08-17,US,Oklahoma,Woodward,52,0,0,36.42316318,-99.26283045,40153.0,257.2856365345604,0.0,52,52,0,0,52,49,20222,0,0,0,0,3
2020-08-17,US,Oregon,Baker,53,0,0,44.70915557,-117.6749883,41001.0,328.7025551972216,0.0,53,53,0,0,53,53,16006,0,0,0,0,0
2020-08-17,US,Oregon,Benton,186,6,0,44.49167306,-123.4316987,41003.0,199.886086423866,3.2258064516129035,180,186,6,0,180,186,92101,0,0,0,0,0
2020-08-17,US,Oregon,Clackamas,1699,50,0,45.18787398,-122.2179634,41005.0,406.27757438657824,2.942907592701589,1649,1689,50,0,1639,1664,416075,10,0,0,10,25
2020-08-17,US,Oregon,Clatsop,92,0,0,45.99712889,-123.660711,41007.0,228.71917263325372,0.0,92,91,0,0,91,90,39764,1,0,0,1,1
2020-08-17,US,Oregon,Columbia,113,1,0,45.94464254,-123.08908980000001,41009.0,215.83833135959046,0.8849557522123894,112,110,1,0,109,106,52377,3,0,0,3,4
2020-08-17,US,Oregon,Coos,93,0,0,43.17406868,-124.0594514,41011.0,144.2151131235753,0.0,93,93,0,0,93,93,64389,0,0,0,0,0
2020-08-17,US,Oregon,Crook,53,1,0,44.14230227,-120.356297,41013.0,217.17751188329785,1.8867924528301887,52,52,1,0,51,52,23867,1,0,0,1,0
2020-08-17,US,Oregon,Curry,19,0,0,42.45911325,-124.15728200000001,41015.0,82.87895310796074,0.0,19,19,0,0,19,19,22813,0,0,0,0,0
2020-08-17,US,Oregon,Deschutes,645,11,0,43.91570171,-121.2289121,41017.0,326.2650992452906,1.7054263565891472,634,639,11,0,628,637,191996,6,0,0,6,2
2020-08-17,US,Oregon,Douglas,162,1,0,43.27941273,-123.16729099999999,41019.0,145.9722472517571,0.6172839506172839,161,160,1,0,159,160,110283,2,0,0,2,0
2020-08-17,US,Oregon,Gilliam,4,0,0,45.37160076,-120.20488689999999,41021.0,209.20502092050208,0.0,4,4,0,0,4,4,1894,0,0,0,0,0
2020-08-17,US,Oregon,Grant,4,0,0,44.49024544,-119.0068631,41023.0,55.563272676760654,0.0,4,4,0,0,4,4,7176,0,0,0,0,0
2020-08-17,US,Oregon,Harney,11,0,0,43.06422669,-118.96663059999999,41025.0,148.7893953740024,0.0,11,11,0,0,11,11,7329,0,0,0,0,0
2020-08-17,US,Oregon,Hood River,218,0,0,45.51872811,-121.65520359999998,41027.0,932.3411170986227,0.0,218,218,0,0,218,216,23428,0,0,0,0,2
2020-08-17,US,Oregon,Jackson,576,2,0,42.43201126,-122.72893090000001,41029.0,260.6995437757984,0.3472222222222222,574,559,2,0,557,542,219564,17,0,0,17,17
2020-08-17,US,Oregon,Jefferson,413,5,0,44.62806839,-121.17832,41031.0,1674.9128072025305,1.2106537530266344,408,411,5,0,406,408,24192,2,0,0,2,3
2020-08-17,US,Oregon,Josephine,140,2,0,42.3665549,-123.5561938,41033.0,160.0237749608513,1.4285714285714286,138,139,2,0,137,138,87393,1,0,0,1,1
2020-08-17,US,Oregon,Klamath,210,2,0,42.68762984,-121.64964609999998,41035.0,307.74641695243116,0.9523809523809524,208,210,2,0,208,208,67653,0,0,0,0,2
2020-08-17,US,Oregon,Lake,32,0,0,42.79246693,-120.38501629999999,41037.0,406.6590418096328,0.0,32,32,0,0,32,32,7879,0,0,0,0,0
2020-08-17,US,Oregon,Lane,629,4,0,43.93727035,-122.847753,41039.0,164.6308108263734,0.6359300476947536,625,625,4,0,621,621,379611,4,0,0,4,4
2020-08-17,US,Oregon,Lincoln,440,9,0,44.64252874,-123.86991200000001,41041.0,880.6693086745928,2.0454545454545454,431,438,9,0,429,437,49388,2,0,0,2,1
2020-08-17,US,Oregon,Linn,338,11,0,44.48899494,-122.53731540000001,41043.0,260.5029711211647,3.2544378698224854,327,333,11,0,322,328,127335,5,0,0,5,5
2020-08-17,US,Oregon,Malheur,916,15,0,43.1937027,-117.62273950000001,41045.0,2996.3036865002778,1.6375545851528384,901,905,15,0,890,894,30725,11,0,0,11,11
2020-08-17,US,Oregon,Marion,3234,73,0,44.90287942,-122.58151170000001,41047.0,929.7966177713632,2.2572665429808287,3161,3204,73,0,3131,3165,346868,30,0,0,30,39
2020-08-17,US,Oregon,Morrow,407,3,0,45.41846568,-119.584546,41049.0,3507.7135223649047,0.7371007371007371,404,407,3,0,404,400,11372,0,0,0,0,7
2020-08-17,US,Oregon,Multnomah,5387,102,0,45.54747959,-122.4169351,41051.0,662.7258244090275,1.89344718767403,5285,5330,102,0,5228,5264,811880,57,0,0,57,66
2020-08-17,US,Oregon,Polk,367,12,0,44.90322804,-123.4128888,41053.0,426.322820468142,3.2697547683923704,355,364,12,0,352,356,85234,3,0,0,3,8
2020-08-17,US,Oregon,Sherman,16,0,0,45.41501554,-120.6827834,41055.0,898.876404494382,0.0,16,16,0,0,16,16,1708,0,0,0,0,0
2020-08-17,US,Oregon,Tillamook,35,0,0,45.46248721,-123.712066,41057.0,129.4570202692706,0.0,35,35,0,0,35,35,26787,0,0,0,0,0
2020-08-17,US,Oregon,Umatilla,2456,32,0,45.59073056,-118.7353826,41059.0,3150.7376523412445,1.3029315960912051,2424,2450,32,0,2418,2435,77516,6,0,0,6,15
2020-08-17,US,Oregon,Union,398,2,0,45.30915495,-118.0068979,41061.0,1483.1376933109743,0.5025125628140703,396,398,2,0,396,398,26461,0,0,0,0,0
2020-08-17,US,Oregon,Wallowa,21,1,0,45.57894064,-117.18353799999998,41063.0,291.34295227524973,4.761904761904762,20,21,1,0,20,21,7081,0,0,0,0,0
2020-08-17,US,Oregon,Wasco,203,3,0,45.16292781,-121.16709540000001,41065.0,760.8125327936436,1.477832512315271,200,202,3,0,199,201,26505,1,0,0,1,1
2020-08-17,US,Oregon,Washington,3358,27,0,45.55972701,-123.0955257,41067.0,558.1856141704012,0.8040500297796307,3331,3337,27,0,3310,3310,597695,21,0,0,21,27
2020-08-17,US,Oregon,Yamhill,523,13,0,45.23330449,-123.3086963,41071.0,488.32866479925286,2.48565965583174,510,517,13,0,504,514,107002,6,0,0,6,3
2020-08-17,US,Pennsylvania,Adams,548,22,0,39.87140411,-77.21610347,42001.0,531.9923501829937,4.014598540145985,526,548,22,0,526,547,102811,0,0,0,0,1
2020-08-17,US,Pennsylvania,Allegheny,9504,270,0,40.46809875,-79.98167747,42003.0,781.5500248757241,2.8409090909090913,9234,9433,270,0,9163,9359,1218452,71,0,0,71,74
2020-08-17,US,Pennsylvania,Armstrong,244,9,0,40.81665618,-79.46290811,42005.0,376.9212945083803,3.6885245901639343,235,242,9,0,233,244,65263,2,0,0,2,-2
2020-08-17,US,Pennsylvania,Beaver,1410,94,0,40.6825484,-80.34921611,42007.0,860.1284702523652,6.666666666666668,1316,1407,94,0,1313,1401,164742,3,0,0,3,6
2020-08-17,US,Pennsylvania,Bedford,154,4,0,40.00522157,-78.48998442,42009.0,321.58369528900766,2.5974025974025974,150,153,4,0,149,151,48176,1,0,0,1,2
2020-08-17,US,Pennsylvania,Berks,5601,375,0,40.41570541,-75.92457766,42011.0,1329.8857452203893,6.695232994108196,5226,5589,375,0,5214,5563,420152,12,0,0,12,26
2020-08-17,US,Pennsylvania,Blair,354,8,0,40.47961444,-78.34917412,42013.0,290.5712104671302,2.2598870056497176,346,351,8,0,343,338,122492,3,0,0,3,13
2020-08-17,US,Pennsylvania,Bradford,93,3,0,41.78869215,-76.51570822,42015.0,154.17005122424283,3.2258064516129035,90,92,3,0,89,92,60833,1,0,0,1,0
2020-08-17,US,Pennsylvania,Bucks,7441,583,0,40.33682119,-75.10836643,42017.0,1184.3634106355548,7.834968418223357,6858,7419,583,0,6836,7382,628195,22,0,0,22,37
2020-08-17,US,Pennsylvania,Butler,723,17,0,40.91152759,-79.91351055,42019.0,384.8754078987294,2.351313969571231,706,718,17,0,701,712,187888,5,0,0,5,6
2020-08-17,US,Pennsylvania,Cambria,393,3,0,40.49527404,-78.71377428,42021.0,301.8618655524149,0.7633587786259542,390,383,3,0,380,370,131730,10,0,0,10,13
2020-08-17,US,Pennsylvania,Cameron,8,0,0,41.43625568,-78.20376845,42023.0,179.89655947830002,0.0,8,8,0,0,8,8,4492,0,0,0,0,0
2020-08-17,US,Pennsylvania,Carbon,397,28,0,40.91545395,-75.7068525,42025.0,618.5534885170297,7.052896725440807,369,390,28,0,362,386,64227,7,0,0,7,4
2020-08-17,US,Pennsylvania,Centre,393,11,0,40.92058903,-77.82200624,42027.0,242.01742771807739,2.7989821882951653,382,392,11,0,381,391,162805,1,0,0,1,1
2020-08-17,US,Pennsylvania,Chester,5347,350,0,39.97291773,-75.74768357,42029.0,1018.4975304244472,6.545726575649898,4997,5293,350,0,4943,5293,522046,54,0,0,54,0
2020-08-17,US,Pennsylvania,Clarion,90,2,0,41.19265812,-79.42413524,42031.0,234.1432956969665,2.2222222222222223,88,89,2,0,87,88,38779,1,0,0,1,1
2020-08-17,US,Pennsylvania,Clearfield,194,1,0,41.00110782,-78.47592663,42033.0,244.7795091792316,0.5154639175257731,193,194,1,0,193,187,79388,0,0,0,0,7
2020-08-17,US,Pennsylvania,Clinton,128,5,0,41.23255967,-77.63785995,42035.0,331.3315386208325,3.90625,123,128,5,0,123,128,38684,0,0,0,0,0
2020-08-17,US,Pennsylvania,Columbia,492,35,0,41.04821986,-76.40565017,42037.0,757.3425281694477,7.113821138211383,457,491,35,0,456,485,65456,1,0,0,1,6
2020-08-17,US,Pennsylvania,Crawford,169,1,0,41.68447709,-80.10760592,42039.0,199.6951399638422,0.591715976331361,168,168,1,0,167,166,85063,1,0,0,1,2
2020-08-17,US,Pennsylvania,Cumberland,1373,71,0,40.1625372,-77.26130755,42041.0,541.8952520029995,5.17115804806992,1302,1369,71,0,1298,1362,251423,4,0,0,4,7
2020-08-17,US,Pennsylvania,Dauphin,2995,160,0,40.41377078,-76.77993242,42043.0,1076.1806546196717,5.342237061769616,2835,2982,160,0,2822,2963,277097,13,0,0,13,19
2020-08-17,US,Pennsylvania,Delaware,9731,713,0,39.91680171,-75.40243663,42045.0,1716.9918852680296,7.32709896207995,9018,9691,713,0,8978,9635,564751,40,0,0,40,56
2020-08-17,US,Pennsylvania,Elk,58,2,0,41.42822061,-78.64524744,42047.0,193.91507856904045,3.4482758620689653,56,56,2,0,54,56,30169,2,0,0,2,0
2020-08-17,US,Pennsylvania,Erie,1217,27,0,41.99253829,-80.03301954,42049.0,451.1952782061929,2.218570254724733,1190,1211,27,0,1184,1200,272061,6,0,0,6,11
2020-08-17,US,Pennsylvania,Fayette,628,6,0,39.92041012,-79.64291195,42051.0,485.7898726735461,0.9554140127388536,622,624,6,0,618,613,130441,4,0,0,4,11
2020-08-17,US,Pennsylvania,Forest,12,0,0,41.51095103,-79.23229292,42053.0,165.58575962467228,0.0,12,12,0,0,12,12,7279,0,0,0,0,0
2020-08-17,US,Pennsylvania,Franklin,1417,46,0,39.92956518,-77.72157791,42055.0,914.0343295038929,3.246294989414256,1371,1416,46,0,1370,1415,154835,1,0,0,1,1
2020-08-17,US,Pennsylvania,Fulton,28,2,0,39.92913544,-78.11163677,42057.0,192.70474879559532,7.142857142857142,26,28,2,0,26,28,14523,0,0,0,0,0
2020-08-17,US,Pennsylvania,Greene,126,1,0,39.85746531,-80.22357106,42059.0,347.7492893218889,0.7936507936507936,125,126,1,0,125,126,36506,0,0,0,0,0
2020-08-17,US,Pennsylvania,Huntingdon,336,5,0,40.42162652,-77.97673273,42061.0,744.2849548112706,1.488095238095238,331,333,5,0,328,327,45168,3,0,0,3,6
2020-08-17,US,Pennsylvania,Indiana,359,8,0,40.65241041,-79.08963285,42063.0,427.00986047839376,2.2284122562674096,351,358,8,0,350,356,84501,1,0,0,1,2
2020-08-17,US,Pennsylvania,Jefferson,78,1,0,41.12913106,-78.9986361,42065.0,179.6200345423143,1.2820512820512822,77,75,1,0,74,75,43641,3,0,0,3,0
2020-08-17,US,Pennsylvania,Juniata,139,6,0,40.53358749,-77.39975129999998,42067.0,561.3213261721116,4.316546762589929,133,139,6,0,133,137,24704,0,0,0,0,2
2020-08-17,US,Pennsylvania,Lackawanna,1966,212,0,41.43564672,-75.60379201,42069.0,937.6460600742104,10.783316378433367,1754,1963,212,0,1751,1960,210793,3,0,0,3,3
2020-08-17,US,Pennsylvania,Lancaster,6228,421,0,40.03904563,-76.24770128,42071.0,1141.2362293027245,6.759794476557483,5807,6212,421,0,5791,6182,543557,16,0,0,16,30
2020-08-17,US,Pennsylvania,Lawrence,429,16,0,40.99206278,-80.33393706,42073.0,501.68397417906266,3.7296037296037294,413,423,16,0,407,422,86184,6,0,0,6,1
2020-08-17,US,Pennsylvania,Lebanon,1651,55,0,40.36680311,-76.45651841,42075.0,1164.3734175876102,3.3313143549364024,1596,1650,55,0,1595,1644,141314,1,0,0,1,6
2020-08-17,US,Pennsylvania,Lehigh,5073,341,0,40.6154815,-75.59435245,42077.0,1373.6129839325458,6.721860831854918,4732,5070,341,0,4729,5059,368100,3,0,0,3,11
2020-08-17,US,Pennsylvania,Luzerne,3621,185,0,41.17823008,-75.98447579,42079.0,1140.7706581563054,5.109085887876279,3436,3607,185,0,3422,3598,317646,14,0,0,14,9
2020-08-17,US,Pennsylvania,Lycoming,444,20,0,41.34310539,-77.06629984,42081.0,391.88342350770967,4.504504504504505,424,442,20,0,422,440,113664,2,0,0,2,2
2020-08-17,US,Pennsylvania,McKean,34,1,0,41.80938602,-78.56478358,42083.0,83.69230769230771,2.9411764705882355,33,34,1,0,33,34,40968,0,0,0,0,0
2020-08-17,US,Pennsylvania,Mercer,495,12,0,41.30248872,-80.25816981,42085.0,452.3687673636497,2.4242424242424243,483,493,12,0,481,490,110683,2,0,0,2,3
2020-08-17,US,Pennsylvania,Mifflin,126,1,0,40.61116939,-77.61070738,42087.0,273.0937621916858,0.7936507936507936,125,125,1,0,124,124,46222,1,0,0,1,1
2020-08-17,US,Pennsylvania,Monroe,1669,125,0,41.05934058,-75.34031025,42089.0,980.2021483399992,7.489514679448773,1544,1667,125,0,1542,1663,169507,2,0,0,2,4
2020-08-17,US,Pennsylvania,Montgomery,10433,859,0,40.21053671,-75.36652296,42091.0,1255.6037621176656,8.233489887855843,9574,10405,859,0,9546,10361,828604,28,0,0,28,44
2020-08-17,US,Pennsylvania,Montour,113,3,0,41.03023987,-76.66345939,42093.0,619.8573779484367,2.6548672566371683,110,112,3,0,109,110,18240,1,0,0,1,2
2020-08-17,US,Pennsylvania,Northampton,4013,295,0,40.75182733,-75.30471829,42095.0,1314.5093928624076,7.351108896087714,3718,4008,295,0,3713,3999,304807,5,0,0,5,9
2020-08-17,US,Pennsylvania,Northumberland,575,18,0,40.84785433,-76.70798222,42097.0,632.9601620378015,3.1304347826086962,557,563,18,0,545,537,91083,12,0,0,12,26
2020-08-17,US,Pennsylvania,Perry,145,5,0,40.40206612,-77.26297447,42099.0,313.3644536652835,3.4482758620689653,140,140,5,0,135,135,46139,5,0,0,5,5
2020-08-17,US,Pennsylvania,Philadelphia,32348,1717,0,40.00338507,-75.1379271,42101.0,2042.0892085168273,5.307901570421666,30631,32186,1717,0,30469,32186,1584138,162,0,0,162,0
2020-08-17,US,Pennsylvania,Pike,528,21,0,41.33155042,-75.03208106,42103.0,946.0839649518897,3.977272727272727,507,528,21,0,507,527,55933,0,0,0,0,1
2020-08-17,US,Pennsylvania,Potter,21,0,0,41.74471626,-77.89559864,42105.0,127.0724918310541,0.0,21,21,0,0,21,21,16622,0,0,0,0,0
2020-08-17,US,Pennsylvania,Schuylkill,950,51,0,40.70497338,-76.2150785,42107.0,672.0477649106176,5.368421052631579,899,947,51,0,896,942,142067,3,0,0,3,5
2020-08-17,US,Pennsylvania,Snyder,124,2,0,40.77129231,-77.06840691,42109.0,307.14356484692365,1.6129032258064515,122,122,2,0,120,118,40540,2,0,0,2,4
2020-08-17,US,Pennsylvania,Somerset,143,3,0,39.97172723,-79.02699593,42111.0,194.69821776246812,2.097902097902098,140,142,3,0,139,142,73952,1,0,0,1,0
2020-08-17,US,Pennsylvania,Sullivan,10,0,0,41.44634738,-76.51246591,42113.0,164.85328058028355,0.0,10,10,0,0,10,10,6071,0,0,0,0,0
2020-08-17,US,Pennsylvania,Susquehanna,221,27,0,41.82147784,-75.80071959,42115.0,548.0063479468361,12.217194570135744,194,221,27,0,194,220,40589,0,0,0,0,1
2020-08-17,US,Pennsylvania,Tioga,41,3,0,41.77255149,-77.25433032,42117.0,101.00761252494397,7.317073170731707,38,41,3,0,38,41,40763,0,0,0,0,0
2020-08-17,US,Pennsylvania,Union,305,2,0,40.96188846,-77.05996014,42119.0,678.9395187320526,0.6557377049180327,303,306,2,0,304,292,44785,-1,0,0,-1,14
2020-08-17,US,Pennsylvania,Venango,67,0,0,41.40323442,-79.75845449,42121.0,132.23336227994,0.0,67,67,0,0,67,68,51266,0,0,0,0,-1
2020-08-17,US,Pennsylvania,Warren,23,1,0,41.81304978,-79.26969577,42123.0,58.68694343088975,4.3478260869565215,22,23,1,0,22,23,39498,0,0,0,0,0
2020-08-17,US,Pennsylvania,Washington,910,17,0,40.19208869,-80.24582867,42125.0,439.9004181471008,1.868131868131868,893,903,17,0,886,899,207346,7,0,0,7,4
2020-08-17,US,Pennsylvania,Wayne,164,10,0,41.64938475,-75.29956506,42127.0,319.30842468020484,6.097560975609755,154,164,10,0,154,162,51276,0,0,0,0,2
2020-08-17,US,Pennsylvania,Westmoreland,1627,48,0,40.31377979999999,-79.46615476,42129.0,466.32406513059647,2.9502151198524893,1579,1620,48,0,1572,1609,350611,7,0,0,7,11
2020-08-17,US,Pennsylvania,Wyoming,63,8,0,41.51955538,-76.01074915,42131.0,235.12726729864886,12.698412698412698,55,63,8,0,55,63,27046,0,0,0,0,0
2020-08-17,US,Pennsylvania,York,2907,105,0,39.9210089,-76.73040131,42133.0,647.3551300722846,3.6119711042311664,2802,2884,105,0,2779,2854,448273,23,0,0,23,30
2020-08-17,US,Puerto Rico,Adjuntas,102,0,0,18.180117000000006,-66.754367,72001.0,523.5333367551199,0.0,102,101,0,0,101,100,,1,0,0,1,1
2020-08-17,US,Puerto Rico,Aguada,165,0,0,18.360255,-67.17513100000001,72003.0,393.24102099668727,0.0,165,161,0,0,161,160,,4,0,0,4,1
2020-08-17,US,Puerto Rico,Aguadilla,256,0,0,18.459681,-67.12081500000001,72005.0,420.02329816732015,0.0,256,250,0,0,250,247,,6,0,0,6,3
2020-08-17,US,Puerto Rico,Aguas Buenas,155,0,0,18.251619,-66.126806,72007.0,540.8423182944276,0.0,155,153,0,0,153,149,,2,0,0,2,4
2020-08-17,US,Puerto Rico,Aibonito,100,0,0,18.131361,-66.264131,72009.0,386.1003861003861,0.0,100,100,0,0,100,98,,0,0,0,0,2
2020-08-17,US,Puerto Rico,Anasco,161,0,0,18.287985,-67.120611,72011.0,550.2204299237893,0.0,161,156,0,0,156,153,,5,0,0,5,3
2020-08-17,US,Puerto Rico,Arecibo,389,0,0,18.406631,-66.675077,72013.0,403.3596018249689,0.0,389,384,0,0,384,377,,5,0,0,5,7
2020-08-17,US,Puerto Rico,Arroyo,107,0,0,17.998457000000005,-66.056546,72015.0,546.6155810983397,0.0,107,105,0,0,105,102,,2,0,0,2,3
2020-08-17,US,Puerto Rico,Barceloneta,110,0,0,18.445532999999998,-66.56053100000001,72017.0,443.2624113475178,0.0,110,104,0,0,104,104,,6,0,0,6,0
2020-08-17,US,Puerto Rico,Barranquitas,280,0,0,18.201592,-66.30963,72019.0,923.5437693779272,0.0,280,275,0,0,275,273,,5,0,0,5,2
2020-08-17,US,Puerto Rico,Bayamon,1944,0,0,18.34946,-66.168435,72021.0,934.0944473274519,0.0,1944,1864,0,0,1864,1830,,80,0,0,80,34
2020-08-17,US,Puerto Rico,Cabo Rojo,241,0,0,18.040993,-67.154391,72023.0,473.3193236050828,0.0,241,241,0,0,241,239,,0,0,0,0,2
2020-08-17,US,Puerto Rico,Caguas,875,0,0,18.211615,-66.050779,72025.0,612.3463010784293,0.0,875,852,0,0,852,842,,23,0,0,23,10
2020-08-17,US,Puerto Rico,Camuy,164,0,0,18.418578,-66.860206,72027.0,466.45240194544783,0.0,164,158,0,0,158,157,,6,0,0,6,1
2020-08-17,US,Puerto Rico,Canovanas,432,0,0,18.328802,-65.887612,72029.0,906.6487575554063,0.0,432,425,0,0,425,423,,7,0,0,7,2
2020-08-17,US,Puerto Rico,Carolina,1533,0,0,18.374986,-65.95683100000001,72031.0,867.2678516875798,0.0,1533,1493,0,0,1493,1473,,40,0,0,40,20
2020-08-17,US,Puerto Rico,Catano,233,0,0,18.437269,-66.14330600000001,72033.0,828.0028429282161,0.0,233,230,0,0,230,225,,3,0,0,3,5
2020-08-17,US,Puerto Rico,Cayey,227,0,0,18.102851,-66.14914,72035.0,471.74712691452436,0.0,227,223,0,0,223,222,,4,0,0,4,1
2020-08-17,US,Puerto Rico,Ceiba,76,0,0,18.251818,-65.666416,72037.0,557.5526373706991,0.0,76,75,0,0,75,75,,1,0,0,1,0
2020-08-17,US,Puerto Rico,Ciales,171,0,0,18.28885,-66.516475,72039.0,910.4461718666807,0.0,171,170,0,0,170,168,,1,0,0,1,2
2020-08-17,US,Puerto Rico,Cidra,198,0,0,18.173559,-66.161179,72041.0,455.38178472861085,0.0,198,195,0,0,195,194,,3,0,0,3,1
2020-08-17,US,Puerto Rico,Coamo,179,0,0,18.097597,-66.36014,72043.0,441.8443917851502,0.0,179,178,0,0,178,176,,1,0,0,1,2
2020-08-17,US,Puerto Rico,Comerio,141,0,0,18.224687,-66.221622,72045.0,678.6023678891135,0.0,141,138,0,0,138,137,,3,0,0,3,1
2020-08-17,US,Puerto Rico,Corozal,296,0,0,18.304264,-66.327738,72047.0,796.9414678800281,0.0,296,281,0,0,281,275,,15,0,0,15,6
2020-08-17,US,Puerto Rico,Culebra,19,0,0,18.31586,-65.28813000000001,72049.0,1045.1045104510451,0.0,19,19,0,0,19,19,,0,0,0,0,0
2020-08-17,US,Puerto Rico,Dorado,382,0,0,18.436115,-66.278669,72051.0,1000.9170706144373,0.0,382,365,0,0,365,362,,17,0,0,17,3
2020-08-17,US,Puerto Rico,Fajardo,293,0,0,18.318373,-65.666866,72053.0,792.0417376260374,0.0,293,290,0,0,290,288,,3,0,0,3,2
2020-08-17,US,Puerto Rico,Florida,194,0,0,18.373715,-66.560488,72054.0,1529.9684542586751,0.0,194,192,0,0,192,192,,2,0,0,2,0
2020-08-17,US,Puerto Rico,Guanica,70,0,0,17.982429,-66.91964300000001,72055.0,360.32326144026354,0.0,70,68,0,0,68,66,,2,0,0,2,2
2020-08-17,US,Puerto Rico,Guayama,191,0,0,18.007516,-66.13390799999999,72057.0,421.057272607028,0.0,191,189,0,0,189,185,,2,0,0,2,4
2020-08-17,US,Puerto Rico,Guayanilla,136,0,0,18.039942,-66.79186,72059.0,630.1839581113016,0.0,136,135,0,0,135,135,,1,0,0,1,0
2020-08-17,US,Puerto Rico,Guaynabo,1013,0,0,18.345114000000002,-66.11452299999999,72061.0,1034.4757158612802,0.0,1013,988,0,0,988,983,,25,0,0,25,5
2020-08-17,US,Puerto Rico,Gurabo,299,0,0,18.266461,-65.97970500000001,72063.0,659.0403138707047,0.0,299,295,0,0,295,294,,4,0,0,4,1
2020-08-17,US,Puerto Rico,Hatillo,123,0,0,18.410928,-66.79632600000001,72065.0,293.1852310919362,0.0,123,121,0,0,121,121,,2,0,0,2,0
2020-08-17,US,Puerto Rico,Hormigueros,111,0,0,18.134532,-67.113972,72067.0,643.4782608695652,0.0,111,109,0,0,109,108,,2,0,0,2,1
2020-08-17,US,Puerto Rico,Humacao,227,0,0,18.145211,-65.810174,72069.0,388.25984332774607,0.0,227,223,0,0,223,220,,4,0,0,4,3
2020-08-17,US,Puerto Rico,Isabela,157,0,0,18.44981,-67.005093,72071.0,344.06434222348844,0.0,157,155,0,0,155,153,,2,0,0,2,2
2020-08-17,US,Puerto Rico,Jayuya,184,0,0,18.211446,-66.58878,72073.0,1105.6363417858431,0.0,184,183,0,0,183,183,,1,0,0,1,0
2020-08-17,US,Puerto Rico,Juana Diaz,224,0,0,18.050764,-66.49458100000001,72075.0,280.36096474210547,0.0,224,220,0,0,220,216,,4,0,0,4,4
2020-08-17,US,Puerto Rico,Juncos,178,0,0,18.223793,-65.909109,72077.0,441.7969719533383,0.0,178,169,0,0,169,169,,9,0,0,9,0
2020-08-17,US,Puerto Rico,Lajas,92,0,0,18.011661,-67.040585,72079.0,357.23993321166466,0.0,92,92,0,0,92,92,,0,0,0,0,0
2020-08-17,US,Puerto Rico,Lares,203,0,0,18.269035000000002,-66.867236,72081.0,660.0982018014503,0.0,203,202,0,0,202,198,,1,0,0,1,4
2020-08-17,US,Puerto Rico,Las Marias,80,0,0,18.23679,-66.98362,72083.0,809.6346523631212,0.0,80,79,0,0,79,76,,1,0,0,1,3
2020-08-17,US,Puerto Rico,Las Piedras,198,0,0,18.187527,-65.86946800000001,72085.0,511.9586296056884,0.0,198,185,0,0,185,184,,13,0,0,13,1
2020-08-17,US,Puerto Rico,Loiza,156,0,0,18.425688,-65.89943000000001,72087.0,518.9620758483034,0.0,156,153,0,0,153,151,,3,0,0,3,2
2020-08-17,US,Puerto Rico,Luquillo,137,0,0,18.342114000000002,-65.72509699999999,72089.0,682.6788917679887,0.0,137,132,0,0,132,132,,5,0,0,5,0
2020-08-17,US,Puerto Rico,Manati,296,0,0,18.420473,-66.490461,72091.0,671.0040124226417,0.0,296,288,0,0,288,287,,8,0,0,8,1
2020-08-17,US,Puerto Rico,Maricao,44,0,0,18.171795,-66.942126,72093.0,701.0834926704907,0.0,44,44,0,0,44,43,,0,0,0,0,1
2020-08-17,US,Puerto Rico,Maunabo,72,0,0,18.017889,-65.922235,72095.0,588.9570552147239,0.0,72,72,0,0,72,72,,0,0,0,0,0
2020-08-17,US,Puerto Rico,Mayaguez,563,0,0,18.2013,-67.1452,72097.0,632.0161652447239,0.0,563,557,0,0,557,549,,6,0,0,6,8
2020-08-17,US,Puerto Rico,Moca,206,0,0,18.377805,-67.080952,72099.0,513.6004388042584,0.0,206,195,0,0,195,187,,11,0,0,11,8
2020-08-17,US,Puerto Rico,Morovis,310,0,0,18.316963,-66.420383,72101.0,950.628641521006,0.0,310,305,0,0,305,300,,5,0,0,5,5
2020-08-17,US,Puerto Rico,Naguabo,106,0,0,18.230636999999998,-65.753897,72103.0,396.7065868263473,0.0,106,103,0,0,103,102,,3,0,0,3,1
2020-08-17,US,Puerto Rico,Naranjito,356,0,0,18.288019,-66.252703,72105.0,1170.97559371094,0.0,356,343,0,0,343,342,,13,0,0,13,1
2020-08-17,US,Puerto Rico,Orocovis,242,0,0,18.215046,-66.433604,72107.0,1033.1725227340648,0.0,242,239,0,0,239,238,,3,0,0,3,1
2020-08-17,US,Puerto Rico,Out of PR,682,0,0,0.0,0.0,72888.0,0.0,0.0,682,682,0,0,682,683,,0,0,0,0,-1
2020-08-17,US,Puerto Rico,Patillas,116,0,0,18.03174,-66.012242,72109.0,601.7533848627899,0.0,116,113,0,0,113,113,,3,0,0,3,0
2020-08-17,US,Puerto Rico,Penuelas,84,0,0,18.059645,-66.721572,72111.0,345.93526068692864,0.0,84,84,0,0,84,83,,0,0,0,0,1
2020-08-17,US,Puerto Rico,Ponce,569,0,0,18.059498,-66.613748,72113.0,342.0971940815382,0.0,569,564,0,0,564,552,,5,0,0,5,12
2020-08-17,US,Puerto Rico,Quebradillas,86,0,0,18.439692,-66.926113,72115.0,331.80292449554383,0.0,86,84,0,0,84,81,,2,0,0,2,3
2020-08-17,US,Puerto Rico,Rincon,112,0,0,18.335442999999998,-67.23174,72117.0,736.8421052631578,0.0,112,111,0,0,111,107,,1,0,0,1,4
2020-08-17,US,Puerto Rico,Rio Grande,361,0,0,18.346329,-65.813742,72119.0,664.7760754272248,0.0,361,354,0,0,354,349,,7,0,0,7,5
2020-08-17,US,Puerto Rico,Sabana Grande,135,0,0,18.08282,-66.943758,72121.0,534.3360379972294,0.0,135,133,0,0,133,133,,2,0,0,2,0
2020-08-17,US,Puerto Rico,Salinas,240,0,0,18.010386999999994,-66.256592,72123.0,772.2504665679903,0.0,240,232,0,0,232,222,,8,0,0,8,10
2020-08-17,US,Puerto Rico,San German,164,0,0,18.111484,-67.03858100000001,72125.0,461.6207391561348,0.0,164,161,0,0,161,159,,3,0,0,3,2
2020-08-17,US,Puerto Rico,San Juan,4142,0,0,18.386933,-66.061128,72127.0,1047.7428755002202,0.0,4142,3991,0,0,3991,3933,,151,0,0,151,58
2020-08-17,US,Puerto Rico,San Lorenzo,208,0,0,18.147987,-65.976392,72129.0,506.6004189195772,0.0,208,204,0,0,204,200,,4,0,0,4,4
2020-08-17,US,Puerto Rico,San Sebastian,253,0,0,18.328646,-66.971214,72131.0,596.2762196559038,0.0,253,253,0,0,253,251,,0,0,0,0,2
2020-08-17,US,Puerto Rico,Santa Isabel,110,0,0,17.994525,-66.388913,72133.0,472.6304030248346,0.0,110,108,0,0,108,108,,2,0,0,2,0
2020-08-17,US,Puerto Rico,Toa Alta,709,0,0,18.362406,-66.246616,72135.0,957.2543407231387,0.0,709,679,0,0,679,678,,30,0,0,30,1
2020-08-17,US,Puerto Rico,Toa Baja,687,0,0,18.431445999999998,-66.213553,72137.0,766.6640627615529,0.0,687,663,0,0,663,658,,24,0,0,24,5
2020-08-17,US,Puerto Rico,Trujillo Alto,605,0,0,18.336159,-65.99888399999999,72139.0,808.3696320247989,0.0,605,591,0,0,591,588,,14,0,0,14,3
2020-08-17,US,Puerto Rico,Unassigned,592,335,0,0.0,0.0,72999.0,0.0,56.58783783783784,257,516,335,0,181,516,,76,0,0,76,0
2020-08-17,US,Puerto Rico,Utuado,81,0,0,18.271214,-66.702984,72141.0,244.35126248152284,0.0,81,81,0,0,81,80,,0,0,0,0,1
2020-08-17,US,Puerto Rico,Vega Alta,329,0,0,18.409346,-66.33725,72143.0,823.5087982778903,0.0,329,314,0,0,314,303,,15,0,0,15,11
2020-08-17,US,Puerto Rico,Vega Baja,503,0,0,18.428262,-66.397924,72145.0,843.0826992055245,0.0,503,484,0,0,484,478,,19,0,0,19,6
2020-08-17,US,Puerto Rico,Vieques,73,0,0,18.123276,-65.44097099999999,72147.0,784.8618428126007,0.0,73,70,0,0,70,69,,3,0,0,3,1
2020-08-17,US,Puerto Rico,Villalba,89,0,0,18.127951,-66.473115,72149.0,341.34928853603344,0.0,89,88,0,0,88,85,,1,0,0,1,3
2020-08-17,US,Puerto Rico,Yabucoa,157,0,0,18.070399,-65.896289,72151.0,413.8003742653067,0.0,157,152,0,0,152,150,,5,0,0,5,2
2020-08-17,US,Puerto Rico,Yauco,276,0,0,18.080374,-66.858814,72153.0,656.4707561306283,0.0,276,272,0,0,272,270,,4,0,0,4,2
2020-08-17,US,Rhode Island,Bristol,322,0,0,41.71018079,-71.28652315,44001.0,664.205119742569,0.0,322,322,0,0,322,322,48649,0,0,0,0,0
2020-08-17,US,Rhode Island,Kent,1544,0,0,41.67106337,-71.57641596,44003.0,939.7901297689481,0.0,1544,1544,0,0,1544,1544,163861,0,0,0,0,0
2020-08-17,US,Rhode Island,Newport,405,0,0,41.5642026,-71.26569799,44005.0,493.40902999439584,0.0,405,405,0,0,405,405,82542,0,0,0,0,0
2020-08-17,US,Rhode Island,Providence,15644,0,0,41.87064746,-71.57753536,44007.0,2448.464701196217,0.0,15644,15644,0,0,15644,15644,636084,0,0,0,0,0
2020-08-17,US,Rhode Island,Unassigned,2036,1023,0,0.0,0.0,90044.0,0.0,50.24557956777996,1013,1799,1021,0,778,1799,,237,2,0,235,0
2020-08-17,US,Rhode Island,Washington,621,0,0,41.45961631,-71.61435303,44009.0,494.5173081057837,0.0,621,621,0,0,621,621,126179,0,0,0,0,0
2020-08-17,US,South Carolina,Abbeville,363,8,0,34.22333378,-82.46170658,45001.0,1480.0016308557915,2.203856749311295,355,362,8,0,354,360,24541,1,0,0,1,2
2020-08-17,US,South Carolina,Aiken,2137,46,0,33.54338026,-81.63645384,45003.0,1250.6437567301841,2.1525503041647167,2091,2121,46,0,2075,2096,169401,16,0,0,16,25
2020-08-17,US,South Carolina,Allendale,253,6,0,32.98837386,-81.35321066,45005.0,2912.062615101289,2.3715415019762847,247,250,6,0,244,244,8903,3,0,0,3,6
2020-08-17,US,South Carolina,Anderson,2605,76,0,34.51828081,-82.63959517,45007.0,1286.0514025612415,2.9174664107485606,2529,2599,76,0,2523,2591,200482,6,0,0,6,8
2020-08-17,US,South Carolina,Bamberg,490,27,0,33.21927586,-81.05659969,45009.0,3483.5774207308405,5.510204081632653,463,490,27,0,463,485,14275,0,0,0,0,5
2020-08-17,US,South Carolina,Barnwell,460,9,0,33.26679302,-81.43584352,45011.0,2204.543276143008,1.9565217391304348,451,459,9,0,450,453,21112,1,0,0,1,6
2020-08-17,US,South Carolina,Beaufort,4372,60,0,32.39226291,-80.72619758,45013.0,2275.637355430404,1.372369624885636,4312,4359,60,0,4299,4331,188715,13,0,0,13,28
2020-08-17,US,South Carolina,Berkeley,4462,74,0,33.20222596,-79.94654523,45015.0,1957.8161267534565,1.6584491259524876,4388,4449,73,0,4376,4422,221091,13,1,0,12,27
2020-08-17,US,South Carolina,Calhoun,392,14,0,33.66926881,-80.77722168,45017.0,2693.602693602693,3.571428571428572,378,396,14,0,382,392,14520,-4,0,0,-4,4
2020-08-17,US,South Carolina,Charleston,12911,214,0,32.82487866,-79.96512315,45019.0,3138.2624463425427,1.6575013554333513,12697,12879,214,0,12665,12821,405905,32,0,0,32,58
2020-08-17,US,South Carolina,Cherokee,718,31,0,35.05122251,-81.61828622,45021.0,1253.0541012216404,4.3175487465181055,687,717,31,0,686,717,57078,1,0,0,1,0
2020-08-17,US,South Carolina,Chester,753,14,0,34.69249168,-81.1583216,45023.0,2335.3181987346484,1.8592297476759627,739,744,14,0,730,736,32251,9,0,0,9,8
2020-08-17,US,South Carolina,Chesterfield,837,22,0,34.64137396,-80.15640140000002,45025.0,1833.5158817086526,2.6284348864994027,815,826,22,0,804,817,45754,11,0,0,11,9
2020-08-17,US,South Carolina,Clarendon,909,59,0,33.66610974,-80.21647898,45027.0,2693.7324048007113,6.490649064906489,850,902,57,0,845,898,33700,7,2,0,5,4
2020-08-17,US,South Carolina,Colleton,850,36,0,32.87582989,-80.67641292,45029.0,2256.0182604772144,4.235294117647058,814,850,36,0,814,847,37660,0,0,0,0,3
2020-08-17,US,South Carolina,Darlington,1459,38,0,34.33358335,-79.96027485,45031.0,2190.098772103636,2.6045236463331047,1421,1445,38,0,1407,1425,66802,14,0,0,14,20
2020-08-17,US,South Carolina,Dillon,679,26,0,34.39007791,-79.37741872,45033.0,2227.7633780635847,3.8291605301914577,653,679,26,0,653,671,30599,0,0,0,0,8
2020-08-17,US,South Carolina,Dorchester,3282,58,0,33.0794369,-80.40502652,45035.0,2015.8590741298083,1.7672151127361364,3224,3271,58,0,3213,3242,160647,11,0,0,11,29
2020-08-17,US,South Carolina,Edgefield,368,7,0,33.77221995,-81.96231108,45037.0,1349.9633162142336,1.9021739130434785,361,366,7,0,359,359,27052,2,0,0,2,7
2020-08-17,US,South Carolina,Fairfield,587,24,0,34.39287073,-81.1195624,45039.0,2626.750794290061,4.088586030664395,563,585,24,0,561,583,22402,2,0,0,2,2
2020-08-17,US,South Carolina,Florence,3791,131,0,34.02361754,-79.70189312,45041.0,2741.2811928297165,3.4555526246372987,3660,3753,130,0,3623,3721,138159,38,1,0,37,32
2020-08-17,US,South Carolina,Georgetown,1543,26,0,33.43443342,-79.33202141,45043.0,2461.7102744097,1.685029163966299,1517,1535,25,0,1510,1521,62249,8,1,0,7,14
2020-08-17,US,South Carolina,Greenville,11277,229,0,34.89502264,-82.37295012,45045.0,2153.981915491021,2.0306819189500755,11048,11252,227,0,11025,11238,514213,25,2,0,23,14
2020-08-17,US,South Carolina,Greenwood,1569,20,0,34.15272415,-82.12715789,45047.0,2215.7574388160033,1.2746972594008923,1549,1544,20,0,1524,1541,70741,25,0,0,25,3
2020-08-17,US,South Carolina,Hampton,480,15,0,32.77419582,-81.13845571,45049.0,2497.138695245032,3.125,465,473,13,0,460,468,19351,7,2,0,5,5
2020-08-17,US,South Carolina,Horry,8889,169,0,33.9212828,-78.99555293,45051.0,2510.442525862726,1.9012262346720663,8720,8865,169,0,8696,8839,344147,24,0,0,24,26
2020-08-17,US,South Carolina,Jasper,635,19,0,32.43171982,-81.02487495,45053.0,2111.528613706648,2.9921259842519685,616,632,19,0,613,625,28971,3,0,0,3,7
2020-08-17,US,South Carolina,Kershaw,1461,29,0,34.33988254,-80.58763164,45055.0,2195.308860873616,1.9849418206707732,1432,1455,27,0,1428,1450,65592,6,2,0,4,5
2020-08-17,US,South Carolina,Lancaster,1392,27,0,34.68270843,-80.70513032,45057.0,1420.2342570297517,1.9396551724137927,1365,1375,27,0,1348,1353,95380,17,0,0,17,22
2020-08-17,US,South Carolina,Laurens,1379,49,0,34.48244419,-82.00490796,45059.0,2043.1748477619901,3.5532994923857872,1330,1377,49,0,1328,1373,66994,2,0,0,2,4
2020-08-17,US,South Carolina,Lee,588,30,0,34.16393091,-80.25690731,45061.0,3494.1763727121465,5.1020408163265305,558,586,30,0,556,581,17142,2,0,0,2,5
2020-08-17,US,South Carolina,Lexington,5235,121,0,33.89665987,-81.27146426,45063.0,1752.3012552301254,2.311365807067813,5114,5216,120,0,5096,5179,295032,19,1,0,18,37
2020-08-17,US,South Carolina,Marion,590,14,0,34.07859748,-79.36400756,45067.0,1924.5196855530548,2.3728813559322037,576,586,14,0,572,579,31039,4,0,0,4,7
2020-08-17,US,South Carolina,Marlboro,554,5,0,34.59905577,-79.67561152,45069.0,2121.1425070832374,0.9025270758122744,549,552,5,0,547,542,26398,2,0,0,2,10
2020-08-17,US,South Carolina,McCormick,141,2,0,33.90161443,-82.30794338,45065.0,1490.0137377153126,1.4184397163120568,139,140,2,0,138,140,9410,1,0,0,1,0
2020-08-17,US,South Carolina,Newberry,895,13,0,34.28629098,-81.59935761,45071.0,2328.303850156088,1.4525139664804467,882,892,12,0,880,890,38520,3,1,0,2,2
2020-08-17,US,South Carolina,Oconee,882,13,0,34.75225169,-83.06742317,45073.0,1108.7923968521359,1.473922902494331,869,877,13,0,864,872,78374,5,0,0,5,5
2020-08-17,US,South Carolina,Orangeburg,2596,78,0,33.4391073,-80.79886287,45075.0,3012.4746156077754,3.00462249614792,2518,2578,77,0,2501,2550,86934,18,1,0,17,28
2020-08-17,US,South Carolina,Pickens,1934,30,0,34.88807695,-82.72791551,45077.0,1524.2268528734905,1.5511892450879008,1904,1929,29,0,1900,1923,124937,5,1,0,4,6
2020-08-17,US,South Carolina,Richland,9404,170,0,34.01791263,-80.90267209,45079.0,2261.8872952840466,1.807741386643981,9234,9365,168,0,9197,9315,414576,39,2,0,37,50
2020-08-17,US,South Carolina,Saluda,491,10,0,34.00795823,-81.72713237,45081.0,2398.280662335759,2.0366598778004072,481,485,10,0,475,482,20544,6,0,0,6,3
2020-08-17,US,South Carolina,Spartanburg,4400,115,0,34.92960077,-81.99225984,45083.0,1375.924449239333,2.613636363636364,4285,4389,114,0,4275,4360,313888,11,1,0,10,29
2020-08-17,US,South Carolina,Sumter,2643,56,0,33.91826534,-80.37942316,45085.0,2476.5510068308954,2.1188043889519483,2587,2632,56,0,2576,2629,106512,11,0,0,11,3
2020-08-17,US,South Carolina,Union,403,4,0,34.68835752,-81.61730349,45087.0,1475.3258163713574,0.9925558312655088,399,400,4,0,396,399,27410,3,0,0,3,1
2020-08-17,US,South Carolina,Williamsburg,1087,32,0,33.62190129,-79.72767442,45089.0,3579.425711275026,2.9438822447102115,1055,1086,31,0,1055,1070,30606,1,1,0,0,16
2020-08-17,US,South Carolina,York,3807,32,0,34.97281497,-81.18085944,45091.0,1354.9055267475505,0.8405568689256633,3775,3774,32,0,3742,3752,274118,33,0,0,33,22
2020-08-17,US,South Dakota,Aurora,40,0,0,43.71757685,-98.56050467,46003.0,1454.0167211922933,0.0,40,40,0,0,40,40,2801,0,0,0,0,0
2020-08-17,US,South Dakota,Beadle,598,9,0,44.41464384,-98.27858469,46005.0,3240.665474448599,1.5050167224080269,589,598,9,0,589,598,18883,0,0,0,0,0
2020-08-17,US,South Dakota,Bennett,6,0,0,43.19486375,-101.6665572,46007.0,178.30609212481426,0.0,6,6,0,0,6,6,3468,0,0,0,0,0
2020-08-17,US,South Dakota,Bon Homme,26,0,0,42.98914167,-97.88592746,46009.0,376.75699174032746,0.0,26,24,0,0,24,17,6980,2,0,0,2,7
2020-08-17,US,South Dakota,Brookings,156,1,0,44.36974375,-96.79079945,46011.0,444.7358668073097,0.6410256410256411,155,154,1,0,153,151,35232,2,0,0,2,3
2020-08-17,US,South Dakota,Brown,485,3,0,45.58994323,-98.35165355,46013.0,1248.7448183526867,0.6185567010309279,482,473,3,0,470,466,39316,12,0,0,12,7
2020-08-17,US,South Dakota,Brule,47,0,0,43.71756379,-99.08118954,46015.0,887.2946951104399,0.0,47,47,0,0,47,47,5229,0,0,0,0,0
2020-08-17,US,South Dakota,Buffalo,109,3,0,44.07657829,-99.20814467,46017.0,5555.555555555556,2.7522935779816518,106,109,3,0,106,109,2036,0,0,0,0,0
2020-08-17,US,South Dakota,Butte,20,1,0,44.90608745,-103.5079318,46019.0,191.77294083804776,5.0,19,20,1,0,19,19,10222,0,0,0,0,1
2020-08-17,US,South Dakota,Campbell,3,0,0,45.77074915,-100.0510181,46021.0,218.02325581395348,0.0,3,3,0,0,3,3,1377,0,0,0,0,0
2020-08-17,US,South Dakota,Charles Mix,113,0,0,43.20660134,-98.58856175,46023.0,1216.0998708566508,0.0,113,113,0,0,113,112,9338,0,0,0,0,1
2020-08-17,US,South Dakota,Clark,17,0,0,44.85834507,-97.72925109,46025.0,455.0321199143468,0.0,17,17,0,0,17,17,3739,0,0,0,0,0
2020-08-17,US,South Dakota,Clay,141,0,0,42.91296147,-96.97656917,46027.0,1002.1321961620469,0.0,141,142,0,0,142,137,14041,-1,0,0,-1,5
2020-08-17,US,South Dakota,Codington,169,1,0,44.97788119,-97.18827677,46029.0,603.3774858081331,0.591715976331361,168,163,1,0,162,156,28015,6,0,0,6,7
2020-08-17,US,South Dakota,Corson,47,0,0,45.70889983,-101.1970473,46031.0,1150.2692119432209,0.0,47,47,0,0,47,46,4165,0,0,0,0,1
2020-08-17,US,South Dakota,Custer,47,0,0,43.67741105,-103.45345209999999,46033.0,523.8519839500668,0.0,47,45,0,0,45,39,8726,2,0,0,2,6
2020-08-17,US,South Dakota,Davison,101,1,0,43.67490933,-98.14458906,46035.0,510.7458912768647,0.99009900990099,100,100,1,0,99,100,19790,1,0,0,1,0
2020-08-17,US,South Dakota,Day,28,0,0,45.367281,-97.60737498,46037.0,516.2241887905603,0.0,28,26,0,0,26,25,5505,2,0,0,2,1
2020-08-17,US,South Dakota,Deuel,24,0,0,44.75994309,-96.66943645,46039.0,551.5973339462191,0.0,24,19,0,0,19,15,4337,5,0,0,5,4
2020-08-17,US,South Dakota,Dewey,59,0,0,45.15639647,-100.8709139,46041.0,1001.3577732518668,0.0,59,58,0,0,58,57,5904,1,0,0,1,1
2020-08-17,US,South Dakota,Douglas,20,0,0,43.38520741,-98.36978007,46043.0,684.6970215679562,0.0,20,19,0,0,19,19,2935,1,0,0,1,0
2020-08-17,US,South Dakota,Edmunds,19,0,0,45.41846445,-99.21545423,46045.0,496.2131104727083,0.0,19,19,0,0,19,19,3875,0,0,0,0,0
2020-08-17,US,South Dakota,Fall River,23,0,0,43.23929297,-103.5275691,46047.0,342.6187993445553,0.0,23,23,0,0,23,23,6758,0,0,0,0,0
2020-08-17,US,South Dakota,Faulk,29,1,0,45.07082625,-99.14535601,46049.0,1261.418007829491,3.4482758620689653,28,29,1,0,28,29,2330,0,0,0,0,0
2020-08-17,US,South Dakota,Grant,33,0,0,45.1723937,-96.77002276,46051.0,467.9523539421441,0.0,33,33,0,0,33,32,7147,0,0,0,0,1
2020-08-17,US,South Dakota,Gregory,8,0,0,43.19419064,-99.18883902,46053.0,191.15890083632016,0.0,8,7,0,0,7,7,4212,1,0,0,1,0
2020-08-17,US,South Dakota,Haakon,2,0,0,44.29299053,-101.539099,46055.0,105.318588730911,0.0,2,2,0,0,2,2,1918,0,0,0,0,0
2020-08-17,US,South Dakota,Hamlin,31,0,0,44.67385954,-97.18829593,46057.0,502.9201817001947,0.0,31,30,0,0,30,27,6111,1,0,0,1,3
2020-08-17,US,South Dakota,Hand,12,0,0,44.54708407,-99.00386459,46059.0,376.0576621748668,0.0,12,12,0,0,12,10,3262,0,0,0,0,2
2020-08-17,US,South Dakota,Hanson,22,0,0,43.6746384,-97.78715148,46061.0,637.1271358239213,0.0,22,22,0,0,22,22,3376,0,0,0,0,0
2020-08-17,US,South Dakota,Harding,2,0,0,45.58015551,-103.4958629,46063.0,154.08320493066256,0.0,2,2,0,0,2,2,1249,0,0,0,0,0
2020-08-17,US,South Dakota,Hughes,100,3,0,44.39091534,-99.99661148,46065.0,570.5808513066303,3.0,97,98,3,0,95,97,17650,2,0,0,2,1
2020-08-17,US,South Dakota,Hutchinson,31,0,0,43.33449012,-97.75536441,46067.0,425.1817309011108,0.0,31,31,0,0,31,31,7380,0,0,0,0,0
2020-08-17,US,South Dakota,Hyde,4,0,0,44.54747703,-99.48572582,46069.0,307.455803228286,0.0,4,4,0,0,4,4,1282,0,0,0,0,0
2020-08-17,US,South Dakota,Jackson,12,1,0,43.69318385,-101.6255063,46071.0,358.85167464114835,8.333333333333334,11,12,1,0,11,11,3307,0,0,0,0,1
2020-08-17,US,South Dakota,Jerauld,39,1,0,44.06637798,-98.62965972,46073.0,1937.4068554396426,2.5641025641025643,38,39,1,0,38,39,2043,0,0,0,0,0
2020-08-17,US,South Dakota,Jones,2,0,0,43.96278565,-100.6940008,46075.0,221.48394241417492,0.0,2,2,0,0,2,2,928,0,0,0,0,0
2020-08-17,US,South Dakota,Kingsbury,15,0,0,44.36956169,-97.4913945,46077.0,303.70520348248635,0.0,15,15,0,0,15,14,4919,0,0,0,0,1
2020-08-17,US,South Dakota,Lake,103,4,0,44.02193107,-97.12926365,46079.0,804.8761428459793,3.8834951456310685,99,101,4,0,97,100,13057,2,0,0,2,1
2020-08-17,US,South Dakota,Lawrence,74,1,0,44.35919441,-103.79294279999999,46081.0,286.3333849249342,1.351351351351351,73,73,1,0,72,69,25741,1,0,0,1,4
2020-08-17,US,South Dakota,Lincoln,711,2,0,43.27841182,-96.72039050000001,46083.0,1163.133097762073,0.2812939521800281,709,708,2,0,706,694,58807,3,0,0,3,14
2020-08-17,US,South Dakota,Lyman,91,3,0,43.89522709,-99.85201878,46085.0,2406.770695583179,3.2967032967032965,88,91,3,0,88,91,3821,0,0,0,0,0
2020-08-17,US,South Dakota,Marshall,12,0,0,45.75870838,-97.59855639,46091.0,243.161094224924,0.0,12,12,0,0,12,12,5112,0,0,0,0,0
2020-08-17,US,South Dakota,McCook,36,1,0,43.6742571,-97.36863144,46087.0,644.468313641246,2.7777777777777777,35,36,1,0,35,33,5546,0,0,0,0,3
2020-08-17,US,South Dakota,McPherson,8,0,0,45.76626028,-99.22118798,46089.0,336.27574611181166,0.0,8,8,0,0,8,8,2407,0,0,0,0,0
2020-08-17,US,South Dakota,Meade,106,1,0,44.56676791,-102.71627409999999,46093.0,374.1352534236905,0.9433962264150944,105,104,1,0,103,97,28294,2,0,0,2,7
2020-08-17,US,South Dakota,Mellette,24,0,0,43.58078848,-100.7563186,46095.0,1164.4832605531294,0.0,24,24,0,0,24,24,2042,0,0,0,0,0
2020-08-17,US,South Dakota,Miner,15,0,0,44.02197882,-97.60992207,46097.0,676.8953068592058,0.0,15,15,0,0,15,15,2213,0,0,0,0,0
2020-08-17,US,South Dakota,Minnehaha,4655,68,0,43.67441641,-96.7910885,46099.0,2410.2436650201416,1.4607948442534908,4587,4629,68,0,4561,4584,192876,26,0,0,26,45
2020-08-17,US,South Dakota,Moody,33,0,0,44.02266214,-96.67081159,46101.0,501.8248175182482,0.0,33,33,0,0,33,33,6579,0,0,0,0,0
2020-08-17,US,South Dakota,Oglala Lakota,158,2,0,43.33749164,-102.55554980000001,46102.0,1114.4812019468152,1.2658227848101269,156,158,2,0,156,158,14309,0,0,0,0,0
2020-08-17,US,South Dakota,Pennington,951,33,0,44.0025835,-102.8240777,46103.0,835.8602504943968,3.470031545741325,918,942,33,0,909,930,111729,9,0,0,9,12
2020-08-17,US,South Dakota,Perkins,6,0,0,45.49049506,-102.47555859999999,46105.0,209.42408376963348,0.0,6,6,0,0,6,6,2922,0,0,0,0,0
2020-08-17,US,South Dakota,Potter,2,0,0,45.06583079,-99.95498503,46107.0,92.89363678588016,0.0,2,2,0,0,2,2,2207,0,0,0,0,0
2020-08-17,US,South Dakota,Roberts,87,1,0,45.62975048,-96.94672673,46109.0,837.0213584760437,1.1494252873563218,86,87,1,0,86,83,10447,0,0,0,0,4
2020-08-17,US,South Dakota,Sanborn,13,0,0,44.02351092,-98.09098159999999,46111.0,554.6075085324234,0.0,13,13,0,0,13,13,2429,0,0,0,0,0
2020-08-17,US,South Dakota,Spink,27,0,0,44.93837606,-98.34626602,46115.0,423.4629861982434,0.0,27,27,0,0,27,26,6495,0,0,0,0,1
2020-08-17,US,South Dakota,Stanley,16,0,0,44.41381872,-100.7349153,46117.0,516.4622336991607,0.0,16,15,0,0,15,15,3022,1,0,0,1,0
2020-08-17,US,South Dakota,Sully,4,0,0,44.71571812,-100.1278092,46119.0,287.56290438533426,0.0,4,4,0,0,4,4,1392,0,0,0,0,0
2020-08-17,US,South Dakota,Todd,75,5,0,43.19338568,-100.71955030000001,46121.0,736.9558809079297,6.666666666666668,70,75,5,0,70,75,10283,0,0,0,0,0
2020-08-17,US,South Dakota,Tripp,20,0,0,43.34459388,-99.8854891,46123.0,367.5794890645102,0.0,20,20,0,0,20,20,5478,0,0,0,0,0
2020-08-17,US,South Dakota,Turner,60,0,0,43.3109081,-97.14865776,46125.0,715.6488549618323,0.0,60,59,0,0,59,59,8424,1,0,0,1,0
2020-08-17,US,South Dakota,Union,223,4,0,42.83112163,-96.6557828,46127.0,1399.6987195581219,1.7937219730941705,219,223,4,0,219,223,15619,0,0,0,0,0
2020-08-17,US,South Dakota,Walworth,18,0,0,45.43019636,-100.03075140000001,46129.0,331.1867525298988,0.0,18,18,0,0,18,18,5587,0,0,0,0,0
2020-08-17,US,South Dakota,Yankton,157,3,0,43.00924485,-97.39467635,46135.0,688.1739282896467,1.9108280254777068,154,153,3,0,150,141,22869,4,0,0,4,12
2020-08-17,US,South Dakota,Ziebach,35,0,0,44.97881876,-101.6654622,46137.0,1269.956458635704,0.0,35,35,0,0,35,35,2742,0,0,0,0,0
2020-08-17,US,Tennessee,Anderson,772,6,0,36.12684348,-84.19965764,47001.0,1002.8839408662216,0.7772020725388601,766,759,6,0,753,754,76482,13,0,0,13,5
2020-08-17,US,Tennessee,Bedford,987,12,0,35.51123746,-86.45549096,47003.0,1985.396174038984,1.2158054711246202,975,984,12,0,972,964,49038,3,0,0,3,20
2020-08-17,US,Tennessee,Benton,187,2,0,36.07110411,-88.06849355,47005.0,1157.1782178217825,1.0695187165775402,185,183,2,0,181,180,16184,4,0,0,4,3
2020-08-17,US,Tennessee,Bledsoe,751,2,0,35.59942968,-85.20611967,47007.0,4985.395645246946,0.2663115845539281,749,749,2,0,747,746,14755,2,0,0,2,3
2020-08-17,US,Tennessee,Blount,1507,15,0,35.68938198,-83.92847788,47009.0,1132.333493628276,0.99535500995355,1492,1477,15,0,1462,1465,131349,30,0,0,30,12
2020-08-17,US,Tennessee,Bradley,2175,16,0,35.15739424,-84.857186,47011.0,2011.8397928036252,0.7356321839080459,2159,2166,16,0,2150,2126,106727,9,0,0,9,40
2020-08-17,US,Tennessee,Campbell,275,2,0,36.40355516,-84.15108559999999,47013.0,690.2263942573164,0.7272727272727273,273,271,1,0,270,267,39583,4,1,0,3,4
2020-08-17,US,Tennessee,Cannon,166,0,0,35.80990797,-86.05738983,47015.0,1130.944270336558,0.0,166,163,0,0,163,163,14462,3,0,0,3,0
2020-08-17,US,Tennessee,Carroll,401,6,0,35.97366108,-88.45189331,47017.0,1444.1603342096735,1.4962593516209477,395,394,6,0,388,384,28020,7,0,0,7,10
2020-08-17,US,Tennessee,Carter,643,6,0,36.28969086,-82.12588974,47019.0,1140.2528772321825,0.9331259720062208,637,634,6,0,628,608,56351,9,0,0,9,26
2020-08-17,US,Tennessee,Cheatham,648,9,0,36.26136216,-87.08903581,47021.0,1593.4295620527698,1.3888888888888888,639,637,9,0,628,631,40439,11,0,0,11,6
2020-08-17,US,Tennessee,Chester,278,2,0,35.42527478,-88.6095842,47023.0,1607.2151240099438,0.7194244604316546,276,274,2,0,272,268,17276,4,0,0,4,6
2020-08-17,US,Tennessee,Claiborne,313,1,0,36.48319149,-83.65947309,47025.0,979.3798304077098,0.3194888178913738,312,306,1,0,305,305,31756,7,0,0,7,1
2020-08-17,US,Tennessee,Clay,91,0,0,36.55151008,-85.53930419,47027.0,1195.009848982272,0.0,91,89,0,0,89,87,7717,2,0,0,2,2
2020-08-17,US,Tennessee,Cocke,557,5,0,35.9278914,-83.11828725,47029.0,1547.050327741362,0.8976660682226212,552,547,5,0,542,535,35774,10,0,0,10,12
2020-08-17,US,Tennessee,Coffee,617,4,0,35.49090731,-86.07311784,47031.0,1091.648973814579,0.6482982171799028,613,608,4,0,604,595,55700,9,0,0,9,13
2020-08-17,US,Tennessee,Crockett,308,7,0,35.81830662,-89.14916269,47033.0,2164.4413211524948,2.272727272727273,301,303,7,0,296,297,14328,5,0,0,5,6
2020-08-17,US,Tennessee,Cumberland,592,7,0,35.95271721,-84.99840585,47035.0,978.1890284203567,1.1824324324324325,585,567,7,0,560,561,59673,25,0,0,25,6
2020-08-17,US,Tennessee,Davidson,22005,230,0,36.17007426,-86.78646056,47037.0,3170.09150839019,1.0452169961372415,21775,21893,227,0,21666,21677,692587,112,3,0,109,216
2020-08-17,US,Tennessee,DeKalb,390,2,0,35.97616272,-85.83689361,47041.0,1903.367496339678,0.5128205128205128,388,387,2,0,385,389,20138,3,0,0,3,-2
2020-08-17,US,Tennessee,Decatur,244,3,0,35.60048904,-88.11043779,47039.0,2092.0860841978906,1.2295081967213115,241,239,3,0,236,239,11706,5,0,0,5,0
2020-08-17,US,Tennessee,Dickson,784,4,0,36.14669837,-87.35891709,47043.0,1453.2512790094165,0.5102040816326531,780,777,4,0,773,766,53446,7,0,0,7,11
2020-08-17,US,Tennessee,Dyer,747,9,0,36.05931946,-89.41542855,47045.0,2010.2801474743674,1.2048192771084338,738,737,9,0,728,728,37320,10,0,0,10,9
2020-08-17,US,Tennessee,Fayette,759,8,0,35.19615831,-89.41399032,47047.0,1845.2337539202103,1.0540184453227932,751,755,8,0,747,749,40507,4,0,0,4,6
2020-08-17,US,Tennessee,Fentress,124,0,0,36.38128818,-84.92870012,47049.0,669.4379960049667,0.0,124,122,0,0,122,119,18217,2,0,0,2,3
2020-08-17,US,Tennessee,Franklin,383,4,0,35.15634626,-86.09201039,47051.0,907.4109173616375,1.0443864229765014,379,380,4,0,376,366,41890,3,0,0,3,14
2020-08-17,US,Tennessee,Gibson,832,9,0,35.99438059,-88.93358327,47053.0,1693.362912909857,1.0817307692307692,823,819,9,0,810,806,49045,13,0,0,13,13
2020-08-17,US,Tennessee,Giles,416,14,0,35.20222469,-87.03992678,47055.0,1411.8924789573716,3.3653846153846154,402,415,13,0,402,407,29503,1,1,0,0,8
2020-08-17,US,Tennessee,Grainger,223,1,0,36.27469206,-83.51254721,47057.0,956.2607204116638,0.4484304932735426,222,219,1,0,218,218,23145,4,0,0,4,1
2020-08-17,US,Tennessee,Greene,609,9,0,36.17470125,-82.84691273,47059.0,881.7269686834904,1.477832512315271,600,605,9,0,596,563,69087,4,0,0,4,42
2020-08-17,US,Tennessee,Grundy,130,2,0,35.38433717,-85.72142731,47061.0,968.1984061964696,1.5384615384615383,128,130,2,0,128,128,13346,0,0,0,0,2
2020-08-17,US,Tennessee,Hamblen,1507,15,0,36.21990035,-83.26586179,47063.0,2320.818061416207,0.99535500995355,1492,1494,15,0,1479,1487,64569,13,0,0,13,7
2020-08-17,US,Tennessee,Hamilton,6862,60,0,35.17670231,-85.16652245,47065.0,1865.6675838218189,0.8743806470416788,6802,6801,59,0,6742,6644,364286,61,1,0,60,157
2020-08-17,US,Tennessee,Hancock,84,2,0,36.52692871,-83.22375847,47067.0,1268.882175226586,2.380952380952381,82,84,2,0,82,84,6549,0,0,0,0,0
2020-08-17,US,Tennessee,Hardeman,1082,18,0,35.20772017,-88.99161161,47069.0,4319.361277445109,1.6635859519408502,1064,1056,18,0,1038,1033,25220,26,0,0,26,23
2020-08-17,US,Tennessee,Hardin,517,8,0,35.19732531,-88.18593755,47071.0,2015.4373927958834,1.5473887814313343,509,510,8,0,502,505,25776,7,0,0,7,5
2020-08-17,US,Tennessee,Hawkins,579,10,0,36.44355426,-82.94885298,47073.0,1019.6175113584334,1.7271157167530224,569,572,10,0,562,540,56530,7,0,0,7,32
2020-08-17,US,Tennessee,Haywood,619,7,0,35.58332824,-89.28536625,47075.0,3577.207582061951,1.1308562197092085,612,608,7,0,601,594,17335,11,0,0,11,14
2020-08-17,US,Tennessee,Henderson,695,3,0,35.65581134,-88.38600175,47077.0,2471.814204929402,0.4316546762589928,692,684,3,0,681,678,27847,11,0,0,11,6
2020-08-17,US,Tennessee,Henry,336,1,0,36.33160906,-88.30121797,47079.0,1038.8004328335137,0.2976190476190476,335,328,1,0,327,324,32358,8,0,0,8,4
2020-08-17,US,Tennessee,Hickman,305,1,0,35.80609681,-87.47643507,47081.0,1211.3750099293034,0.3278688524590164,304,305,1,0,304,297,25063,0,0,0,0,8
2020-08-17,US,Tennessee,Houston,67,0,0,36.28872054,-87.71878828,47083.0,816.9735398122183,0.0,67,66,0,0,66,65,8263,1,0,0,1,1
2020-08-17,US,Tennessee,Humphreys,140,3,0,36.03958805,-87.77992872,47085.0,753.4172855451512,2.142857142857143,137,140,3,0,137,139,18486,0,0,0,0,1
2020-08-17,US,Tennessee,Jackson,153,1,0,36.36380466,-85.67239905,47087.0,1298.1503478703544,0.6535947712418301,152,149,1,0,148,144,11758,4,0,0,4,5
2020-08-17,US,Tennessee,Jefferson,651,4,0,36.04818632,-83.45148924,47089.0,1194.6050096339113,0.6144393241167435,647,650,4,0,646,647,54012,1,0,0,1,3
2020-08-17,US,Tennessee,Johnson,349,1,0,36.45523950000001,-81.84886538,47091.0,1961.9968518102087,0.28653295128939826,348,349,0,0,349,321,17778,0,1,0,-1,28
2020-08-17,US,Tennessee,Knox,5297,43,0,35.99508821,-83.94635435,47093.0,1126.271227884409,0.8117802529733812,5254,5231,42,0,5189,5123,465289,66,1,0,65,108
2020-08-17,US,Tennessee,Lake,804,1,0,36.34180170000001,-89.48921915,47095.0,11459.52109464082,0.12437810945273632,803,801,1,0,800,799,7411,3,0,0,3,2
2020-08-17,US,Tennessee,Lauderdale,569,9,0,35.75893438,-89.63015909999999,47097.0,2219.794795771076,1.5817223198594024,560,565,9,0,556,564,25825,4,0,0,4,1
2020-08-17,US,Tennessee,Lawrence,646,7,0,35.21675201,-87.39787695,47099.0,1463.4588373884287,1.08359133126935,639,639,7,0,632,623,43734,7,0,0,7,16
2020-08-17,US,Tennessee,Lewis,89,1,0,35.52853208,-87.49022694,47101.0,725.4646234104988,1.1235955056179776,88,88,1,0,87,84,12086,1,0,0,1,4
2020-08-17,US,Tennessee,Lincoln,349,1,0,35.13738622,-86.58910106,47103.0,1015.5386137461444,0.28653295128939826,348,344,1,0,343,338,34117,5,0,0,5,6
2020-08-17,US,Tennessee,Loudon,815,3,0,35.73939663,-84.31145275,47105.0,1507.3611008359844,0.3680981595092024,812,809,3,0,806,799,53054,6,0,0,6,10
2020-08-17,US,Tennessee,Macon,871,13,0,36.53157855,-86.00778595,47111.0,3540.362572148606,1.492537313432836,858,864,13,0,851,866,24265,7,0,0,7,-2
2020-08-17,US,Tennessee,Madison,1373,26,0,35.61181957,-88.84076036,47113.0,1401.2491835401693,1.893663510560816,1347,1330,26,0,1304,1302,97605,43,0,0,43,28
2020-08-17,US,Tennessee,Marion,258,5,0,35.12997174,-85.62265895,47115.0,892.5173833327568,1.937984496124031,253,256,5,0,251,243,28575,2,0,0,2,13
2020-08-17,US,Tennessee,Marshall,372,4,0,35.45798777,-86.76420988,47117.0,1082.1818181818182,1.075268817204301,368,369,4,0,365,340,33683,3,0,0,3,29
2020-08-17,US,Tennessee,Maury,1445,10,0,35.618741299999996,-87.07462444,47119.0,1499.1648251320194,0.6920415224913494,1435,1433,10,0,1423,1382,94340,12,0,0,12,51
2020-08-17,US,Tennessee,McMinn,617,20,0,35.42812616,-84.61520715,47107.0,1146.9680633527905,3.2414910858995136,597,609,20,0,589,596,53285,8,0,0,8,13
2020-08-17,US,Tennessee,McNairy,430,6,0,35.17468549,-88.5647812,47109.0,1673.5424612750055,1.3953488372093024,424,419,6,0,413,415,25832,11,0,0,11,4
2020-08-17,US,Tennessee,Meigs,121,1,0,35.51558739,-84.81482914,47121.0,974.0782482691997,0.8264462809917356,120,121,0,0,121,115,12306,0,1,0,-1,6
2020-08-17,US,Tennessee,Monroe,524,10,0,35.44550387,-84.24902965,47123.0,1125.7922440648833,1.9083969465648856,514,511,10,0,501,497,46357,13,0,0,13,14
2020-08-17,US,Tennessee,Montgomery,2169,16,0,36.49609412,-87.38550661,47125.0,1037.833803046035,0.7376671277086215,2153,2150,16,0,2134,2118,205950,19,0,0,19,32
2020-08-17,US,Tennessee,Moore,77,0,0,35.27724699,-86.36230578,47127.0,1186.806411837238,0.0,77,75,0,0,75,72,6411,2,0,0,2,3
2020-08-17,US,Tennessee,Morgan,145,1,0,36.13248031,-84.64880098,47129.0,677.4751203102369,0.6896551724137931,144,141,1,0,140,140,21579,4,0,0,4,1
2020-08-17,US,Tennessee,Obion,681,4,0,36.35732446,-89.14921589,47131.0,2264.790980744288,0.5873715124816447,677,665,4,0,661,653,30267,16,0,0,16,12
2020-08-17,US,Tennessee,Out of TN,3016,21,0,0.0,0.0,80047.0,0.0,0.6962864721485411,2995,3088,22,0,3066,2988,,-72,-1,0,-71,100
2020-08-17,US,Tennessee,Overton,280,1,0,36.34117832,-85.28989535,47133.0,1258.9361989119195,0.35714285714285715,279,272,1,0,271,270,22068,8,0,0,8,2
2020-08-17,US,Tennessee,Perry,91,0,0,35.63708728,-87.86139634,47135.0,1126.7954432887568,0.0,91,90,0,0,90,87,8064,1,0,0,1,3
2020-08-17,US,Tennessee,Pickett,38,1,0,36.55606529,-85.07763299999998,47137.0,752.7733755942947,2.631578947368421,37,38,1,0,37,40,5082,0,0,0,0,-2
2020-08-17,US,Tennessee,Polk,270,8,0,35.12245443,-84.52075859,47139.0,1604.087452471483,2.962962962962963,262,268,8,0,260,244,16898,2,0,0,2,24
2020-08-17,US,Tennessee,Putnam,1959,20,0,36.14005459,-85.50646123,47141.0,2441.273599601221,1.0209290454313424,1939,1931,20,0,1911,1936,78843,28,0,0,28,-5
2020-08-17,US,Tennessee,Rhea,583,2,0,35.60536161,-84.93076643,47143.0,1757.7712786806162,0.3430531732418525,581,581,2,0,579,576,33044,2,0,0,2,5
2020-08-17,US,Tennessee,Roane,542,2,0,35.84923189,-84.52458689,47145.0,1015.3235172904724,0.3690036900369004,540,533,2,0,531,524,53140,9,0,0,9,9
2020-08-17,US,Tennessee,Robertson,1647,21,0,36.52454807,-86.87346725,47147.0,2293.456616490051,1.275045537340619,1626,1638,21,0,1617,1630,71012,9,0,0,9,8
2020-08-17,US,Tennessee,Rutherford,7137,59,0,35.84591405,-86.4107263,47149.0,2147.855003987541,0.8266778758582037,7078,7080,59,0,7021,6999,324890,57,0,0,57,81
2020-08-17,US,Tennessee,Scott,144,2,0,36.42325673,-84.50360494,47151.0,652.5285481239804,1.3888888888888888,142,142,2,0,140,137,22039,2,0,0,2,5
2020-08-17,US,Tennessee,Sequatchie,124,1,0,35.36979721,-85.41022136,47153.0,825.2362571542659,0.8064516129032258,123,122,1,0,121,118,14876,2,0,0,2,4
2020-08-17,US,Tennessee,Sevier,2055,10,0,35.78077323,-83.52244332,47155.0,2091.6030534351144,0.4866180048661801,2045,2038,9,0,2029,2021,97892,17,1,0,16,17
2020-08-17,US,Tennessee,Shelby,24798,334,0,35.1864775,-89.89692423,47157.0,2646.0627039393235,1.3468828131300912,24464,24692,327,0,24365,24440,935764,106,7,0,99,252
2020-08-17,US,Tennessee,Smith,483,4,0,36.25359775,-85.95411046,47159.0,2396.1899092126805,0.8281573498964804,479,479,4,0,475,480,19942,4,0,0,4,-1
2020-08-17,US,Tennessee,Stewart,84,0,0,36.50235092,-87.83920548,47161.0,612.4681006197594,0.0,84,82,0,0,82,82,13561,2,0,0,2,0
2020-08-17,US,Tennessee,Sullivan,1202,18,0,36.51240691,-82.30412917,47163.0,759.0875792558162,1.4975041597337768,1184,1197,16,0,1181,1171,157668,5,2,0,3,26
2020-08-17,US,Tennessee,Sumner,3649,76,0,36.46824103,-86.45917204,47165.0,1907.6446939874427,2.0827624006577143,3573,3636,75,0,3561,3622,187149,13,1,0,12,14
2020-08-17,US,Tennessee,Tipton,1268,12,0,35.501942,-89.73694895,47167.0,2058.4749752431044,0.946372239747634,1256,1256,12,0,1244,1253,61581,12,0,0,12,3
2020-08-17,US,Tennessee,Trousdale,1587,6,0,36.39026213,-86.16087954,47169.0,14064.161644806803,0.3780718336483932,1581,1585,6,0,1579,1584,11012,2,0,0,2,1
2020-08-17,US,Tennessee,Unassigned,3172,5,0,0.0,0.0,90047.0,0.0,0.15762925598991173,3167,3182,4,0,3178,3066,,-10,1,0,-11,116
2020-08-17,US,Tennessee,Unicoi,184,0,0,36.10890856,-82.43709629,47171.0,1028.9101381200023,0.0,184,184,0,0,184,179,17761,0,0,0,0,5
2020-08-17,US,Tennessee,Union,179,0,0,36.28590426,-83.83651902,47173.0,896.2547566593231,0.0,179,177,0,0,177,177,19688,2,0,0,2,0
2020-08-17,US,Tennessee,Van Buren,45,0,0,35.69864497,-85.45221699,47175.0,766.3487738419618,0.0,45,45,0,0,45,44,5765,0,0,0,0,1
2020-08-17,US,Tennessee,Warren,626,6,0,35.672829899999996,-85.77969117,47177.0,1516.583085011023,0.9584664536741214,620,592,6,0,586,590,40878,34,0,0,34,2
2020-08-17,US,Tennessee,Washington,1466,2,0,36.29472368,-82.49454720000001,47179.0,1133.1400966183576,0.1364256480218281,1464,1455,2,0,1453,1405,128607,11,0,0,11,50
2020-08-17,US,Tennessee,Wayne,239,2,0,35.23868267,-87.78644456,47181.0,1433.4552869909437,0.8368200836820083,237,236,2,0,234,233,16558,3,0,0,3,3
2020-08-17,US,Tennessee,Weakley,625,5,0,36.29896232,-88.71990865,47183.0,1875.3000480076807,0.8,620,603,5,0,598,585,33415,22,0,0,22,18
2020-08-17,US,Tennessee,White,345,6,0,35.92929884,-85.45591799,47185.0,1261.6566099835436,1.7391304347826086,339,336,6,0,330,335,27107,9,0,0,9,1
2020-08-17,US,Tennessee,Williamson,3893,26,0,35.89099229,-86.89281867,47187.0,1632.8876063285406,0.6678653994348831,3867,3861,26,0,3835,3812,231729,32,0,0,32,49
2020-08-17,US,Tennessee,Wilson,2501,25,0,36.15496772,-86.29775884,47189.0,1728.917370054681,0.9996001599360256,2476,2484,24,0,2460,2457,140625,17,1,0,16,27
2020-08-17,US,Texas,Anderson,2434,17,0,31.81534745,-95.65354823,48001.0,4215.813631246211,0.6984387838948234,2417,2434,17,0,2417,2434,58057,0,0,0,0,0
2020-08-17,US,Texas,Andrews,338,7,0,32.30468633,-102.63765479999999,48003.0,1807.0034750066827,2.0710059171597632,331,338,7,0,331,338,18128,0,0,0,0,0
2020-08-17,US,Texas,Angelina,1906,54,0,31.25457347,-94.60901487,48005.0,2198.004958772992,2.833158447009444,1852,1906,54,0,1852,1906,87092,0,0,0,0,0
2020-08-17,US,Texas,Aransas,187,16,0,28.10556197,-96.9995047,48007.0,795.4062101233518,8.556149732620321,171,187,16,0,171,186,23792,0,0,0,0,1
2020-08-17,US,Texas,Archer,33,0,0,33.61569967,-98.68754589,48009.0,385.8295334970186,0.0,33,33,0,0,33,33,8786,0,0,0,0,0
2020-08-17,US,Texas,Armstrong,8,0,0,34.96507426,-101.35748740000001,48011.0,423.9533651298357,0.0,8,8,0,0,8,8,1892,0,0,0,0,0
2020-08-17,US,Texas,Atascosa,517,19,0,28.89333001,-98.52730485,48013.0,1010.6934099661798,3.67504835589942,498,517,19,0,498,517,50310,0,0,0,0,0
2020-08-17,US,Texas,Austin,332,4,0,29.88548725,-96.27736949,48015.0,1105.4874800213106,1.2048192771084338,328,331,4,0,327,328,29989,1,0,0,1,3
2020-08-17,US,Texas,Bailey,187,4,0,34.06854817,-102.8299707,48017.0,2671.428571428572,2.1390374331550803,183,187,4,0,183,187,7027,0,0,0,0,0
2020-08-17,US,Texas,Bandera,100,3,0,29.74619598,-99.24598147,48019.0,432.6756663205262,3.0,97,100,3,0,97,100,22824,0,0,0,0,0
2020-08-17,US,Texas,Bastrop,1452,23,0,30.10370699,-97.31206354,48021.0,1636.5542193117906,1.5840220385674932,1429,1448,23,0,1425,1435,86976,4,0,0,4,13
2020-08-17,US,Texas,Baylor,13,0,0,33.61640794,-99.21352901,48023.0,370.4759190652608,0.0,13,13,0,0,13,13,3582,0,0,0,0,0
2020-08-17,US,Texas,Bee,1387,17,0,28.41761668,-97.74215593,48025.0,4259.173959772762,1.225666906993511,1370,1382,17,0,1365,1374,32587,5,0,0,5,8
2020-08-17,US,Texas,Bell,4281,49,0,31.03736027,-97.4785025,48027.0,1179.5858085990455,1.1445923849567858,4232,4281,49,0,4232,4281,355642,0,0,0,0,0
2020-08-17,US,Texas,Bexar,44122,892,0,29.44928723,-98.52019748,48029.0,2202.186714208851,2.021667195503377,43230,44052,892,0,43160,43993,1986049,70,0,0,70,59
2020-08-17,US,Texas,Blanco,126,5,0,30.26640707,-98.3999852,48031.0,1056.072416394267,3.968253968253968,121,116,5,0,111,115,11702,10,0,0,10,1
2020-08-17,US,Texas,Bosque,180,2,0,31.89978581,-97.63613524,48035.0,963.3395772009634,1.1111111111111112,178,180,2,0,178,179,18691,0,0,0,0,1
2020-08-17,US,Texas,Bowie,791,39,0,33.44626922,-94.41834132,48037.0,848.3028580620946,4.9304677623261695,752,790,39,0,751,790,94324,1,0,0,1,0
2020-08-17,US,Texas,Brazoria,8233,111,0,29.18757369,-95.44563172,48039.0,2199.784109612466,1.3482327219725494,8122,8148,111,0,8037,8025,370200,85,0,0,85,123
2020-08-17,US,Texas,Brazos,4192,51,0,30.663644800000004,-96.30205577,48041.0,1828.8825579924176,1.2166030534351144,4141,4185,51,0,4134,4173,226758,7,0,0,7,12
2020-08-17,US,Texas,Brewster,187,2,0,29.81008251,-103.25203259999999,48043.0,2031.9461045311316,1.0695187165775402,185,187,2,0,185,187,9267,0,0,0,0,0
2020-08-17,US,Texas,Briscoe,12,1,0,34.53026962,-101.2084947,48045.0,776.1966364812421,8.333333333333334,11,12,1,0,11,12,1516,0,0,0,0,0
2020-08-17,US,Texas,Brooks,148,6,0,27.03103197,-98.21808402,48047.0,2086.5642182433385,4.0540540540540535,142,147,6,0,141,145,7114,1,0,0,1,2
2020-08-17,US,Texas,Brown,408,18,0,31.77430356,-98.99907113,48049.0,1077.5406718783013,4.411764705882354,390,408,18,0,390,408,37924,0,0,0,0,0
2020-08-17,US,Texas,Burleson,251,6,0,30.49273808,-96.62158484,48051.0,1360.9499539120536,2.3904382470119523,245,250,6,0,244,248,18389,1,0,0,1,2
2020-08-17,US,Texas,Burnet,577,11,0,30.78801353,-98.181887,48053.0,1198.214100301111,1.9064124783362215,566,576,11,0,565,574,47542,1,0,0,1,2
2020-08-17,US,Texas,Caldwell,1183,29,0,29.83668859,-97.61814775,48055.0,2709.3257603517773,2.4513947590870666,1154,1179,29,0,1150,1175,43247,4,0,0,4,4
2020-08-17,US,Texas,Calhoun,555,7,0,28.47048236,-96.61633945,48057.0,2606.857679661813,1.2612612612612613,548,555,7,0,548,555,21561,0,0,0,0,0
2020-08-17,US,Texas,Callahan,52,3,0,32.29760619,-99.37326312,48059.0,372.94699849386797,5.769230769230768,49,52,3,0,49,52,13994,0,0,0,0,0
2020-08-17,US,Texas,Cameron,18005,565,0,26.14524221,-97.48140372,48061.0,4254.8616017941085,3.1380172174396,17440,17816,560,0,17256,17816,423908,189,5,0,184,0
2020-08-17,US,Texas,Camp,253,6,0,32.97195142,-94.97790104,48063.0,1932.1826790896594,2.3715415019762847,247,256,6,0,250,248,13033,-3,0,0,-3,8
2020-08-17,US,Texas,Carson,17,0,0,35.40365929,-101.35426690000001,48065.0,286.87141410732363,0.0,17,17,0,0,17,17,6005,0,0,0,0,0
2020-08-17,US,Texas,Cass,203,9,0,33.07499881,-94.34646905,48067.0,676.0807300339707,4.433497536945813,194,199,9,0,190,199,30119,4,0,0,4,0
2020-08-17,US,Texas,Castro,209,4,0,34.53016752,-102.2617243,48069.0,2775.5644090305445,1.9138755980861244,205,209,4,0,205,209,7665,0,0,0,0,0
2020-08-17,US,Texas,Chambers,1028,5,0,29.70972016,-94.67154501,48071.0,2345.050984328307,0.4863813229571984,1023,1028,5,0,1023,1028,42454,0,0,0,0,0
2020-08-17,US,Texas,Cherokee,1234,11,0,31.837258000000002,-95.16559897,48073.0,2343.9577555749725,0.8914100486223663,1223,1232,11,0,1221,1232,52592,2,0,0,2,0
2020-08-17,US,Texas,Childress,53,0,0,34.529304100000004,-100.2077916,48075.0,725.4311524774158,0.0,53,53,0,0,53,53,7291,0,0,0,0,0
2020-08-17,US,Texas,Clay,47,1,0,33.78686685,-98.20771198,48077.0,448.85875274567854,2.127659574468085,46,47,1,0,46,47,10456,0,0,0,0,0
2020-08-17,US,Texas,Cochran,33,0,0,33.60425307,-102.82844990000001,48079.0,1156.677181913775,0.0,33,33,0,0,33,33,2836,0,0,0,0,0
2020-08-17,US,Texas,Coke,43,2,0,31.88911733,-100.5297533,48081.0,1269.5600826690284,4.651162790697675,41,42,2,0,40,42,3370,1,0,0,1,0
2020-08-17,US,Texas,Coleman,33,0,0,31.76736834,-99.45240766,48083.0,403.6697247706422,0.0,33,33,0,0,33,33,8397,0,0,0,0,0
2020-08-17,US,Texas,Collin,10169,100,0,33.18820114,-96.57264368,48085.0,982.7684516733832,0.9833808634083979,10069,10007,98,0,9909,10007,1005146,162,2,0,160,0
2020-08-17,US,Texas,Collingsworth,13,0,0,34.96489496,-100.27001109999999,48087.0,445.2054794520548,0.0,13,13,0,0,13,13,2962,0,0,0,0,0
2020-08-17,US,Texas,Colorado,362,2,0,29.622097999999998,-96.5273805,48089.0,1684.2692969804125,0.5524861878453039,360,360,2,0,358,359,21217,2,0,0,2,1
2020-08-17,US,Texas,Comal,2132,80,0,29.80811278,-98.27647225,48091.0,1364.8381335262372,3.75234521575985,2052,2132,80,0,2052,2062,148373,0,0,0,0,70
2020-08-17,US,Texas,Comanche,172,3,0,31.94854689,-98.55876441,48093.0,1261.4594792812613,1.7441860465116281,169,172,3,0,169,172,13534,0,0,0,0,0
2020-08-17,US,Texas,Concho,34,0,0,31.32635934,-99.86473038,48095.0,1247.2487160674982,0.0,34,34,0,0,34,33,4276,0,0,0,0,1
2020-08-17,US,Texas,Cooke,265,3,0,33.63979567,-97.21240912,48097.0,642.3152434738348,1.1320754716981132,262,265,3,0,262,265,40574,0,0,0,0,0
2020-08-17,US,Texas,Coryell,727,6,0,31.39078397,-97.79936155,48099.0,957.1960869507973,0.8253094910591472,721,717,6,0,711,716,74808,10,0,0,10,1
2020-08-17,US,Texas,Cottle,18,2,0,34.07783319,-100.27850620000001,48101.0,1287.5536480686694,11.111111111111109,16,18,2,0,16,18,1389,0,0,0,0,0
2020-08-17,US,Texas,Crane,70,2,0,31.43052248,-102.5143314,48103.0,1459.245361684386,2.8571428571428568,68,70,2,0,68,70,4794,0,0,0,0,0
2020-08-17,US,Texas,Crockett,157,4,0,30.72367027,-101.4134238,48105.0,4532.332563510393,2.5477707006369426,153,157,4,0,153,157,3499,0,0,0,0,0
2020-08-17,US,Texas,Crosby,65,1,0,33.61431553,-101.30003640000001,48107.0,1132.9963395502875,1.5384615384615383,64,65,1,0,64,65,5779,0,0,0,0,0
2020-08-17,US,Texas,Culberson,21,2,0,31.44506775,-104.5185739,48109.0,967.2961768770152,9.523809523809524,19,21,2,0,19,21,2204,0,0,0,0,0
2020-08-17,US,Texas,Dallam,196,6,0,36.27787176,-102.60207249999999,48111.0,2689.7214217098945,3.0612244897959178,190,196,6,0,190,196,7200,0,0,0,0,0
2020-08-17,US,Texas,Dallas,65278,829,0,32.76670599,-96.77796049999999,48113.0,2476.8584216525337,1.2699531235638346,64449,63428,825,0,62603,58067,2637772,1850,4,0,1846,5361
2020-08-17,US,Texas,Dawson,172,5,0,32.74255572,-101.94772420000001,48115.0,1351.3513513513512,2.9069767441860463,167,172,5,0,167,172,12619,0,0,0,0,0
2020-08-17,US,Texas,DeWitt,745,21,0,29.08101855,-97.35681170000001,48123.0,3695.436507936509,2.8187919463087248,724,745,21,0,724,745,20187,0,0,0,0,0
2020-08-17,US,Texas,Deaf Smith,726,18,0,34.96522957,-102.6054267,48117.0,3914.590747330961,2.479338842975207,708,726,18,0,708,726,18760,0,0,0,0,0
2020-08-17,US,Texas,Delta,17,0,0,33.38570922,-95.66921122,48119.0,318.88951416244606,0.0,17,17,0,0,17,17,5349,0,0,0,0,0
2020-08-17,US,Texas,Denton,8427,105,0,33.20521901,-97.11691153,48121.0,949.8347059930773,1.245995016019936,8322,8300,104,0,8196,8300,859064,127,1,0,126,0
2020-08-17,US,Texas,Dickens,5,1,0,33.61616822,-100.7788855,48125.0,226.14201718679334,20.0,4,5,1,0,4,5,2249,0,0,0,0,0
2020-08-17,US,Texas,Dimmit,164,4,0,28.42270064,-99.75645095,48127.0,1619.913077834848,2.4390243902439024,160,164,4,0,160,164,10308,0,0,0,0,0
2020-08-17,US,Texas,Donley,49,0,0,34.96517499,-100.8140093,48129.0,1494.8139109212937,0.0,49,49,0,0,49,49,3319,0,0,0,0,0
2020-08-17,US,Texas,Duval,198,7,0,27.68184592,-98.50864568,48131.0,1774.670610379134,3.5353535353535355,191,195,7,0,188,195,11212,3,0,0,3,0
2020-08-17,US,Texas,Eastland,92,1,0,32.32743996,-98.83243566,48133.0,501.0893246187363,1.0869565217391304,91,92,1,0,91,92,18322,0,0,0,0,0
2020-08-17,US,Texas,Ector,3814,60,0,31.86898877,-102.54294279999999,48135.0,2294.507980243408,1.5731515469323545,3754,3771,59,0,3712,3771,162124,43,1,0,42,0
2020-08-17,US,Texas,Edwards,30,0,0,29.98202582,-100.304252,48137.0,1552.7950310559006,0.0,30,30,0,0,30,30,1928,0,0,0,0,0
2020-08-17,US,Texas,El Paso,18486,361,0,31.76980765,-106.23632749999999,48141.0,2202.7124605892486,1.9528291680190413,18125,18350,358,0,17992,18079,840758,136,3,0,133,271
2020-08-17,US,Texas,Ellis,3255,51,0,32.34894117,-96.79371841,48139.0,1761.1158603226818,1.566820276497696,3204,3255,51,0,3204,3255,179436,0,0,0,0,0
2020-08-17,US,Texas,Erath,580,7,0,32.23602653,-98.21773417,48143.0,1358.3774415663495,1.206896551724138,573,580,7,0,573,580,42446,0,0,0,0,0
2020-08-17,US,Texas,Falls,145,3,0,31.25350609,-96.93630086,48145.0,838.2956582066254,2.0689655172413794,142,145,3,0,142,143,17335,0,0,0,0,2
2020-08-17,US,Texas,Fannin,321,9,0,33.59564294,-96.10751083,48147.0,903.8688967731036,2.803738317757009,312,321,9,0,312,321,35286,0,0,0,0,0
2020-08-17,US,Texas,Fayette,408,14,0,29.87788372,-96.92076062,48149.0,1609.7214550619424,3.431372549019608,394,405,14,0,391,405,25349,3,0,0,3,0
2020-08-17,US,Texas,Fisher,31,1,0,32.74281316,-100.40193020000001,48151.0,809.3994778067885,3.2258064516129035,30,31,1,0,30,31,3839,0,0,0,0,0
2020-08-17,US,Texas,Floyd,94,6,0,34.07227468,-101.3031546,48153.0,1645.6582633053222,6.382978723404255,88,94,6,0,88,94,5837,0,0,0,0,0
2020-08-17,US,Texas,Foard,3,0,0,33.97308618,-99.7767797,48155.0,259.7402597402597,0.0,3,3,0,0,3,3,1200,0,0,0,0,0
2020-08-17,US,Texas,Fort Bend,12623,194,0,29.52704478,-95.77219463,48157.0,1555.1541971792115,1.5368771290501466,12429,12228,194,0,12034,12228,787858,395,0,0,395,0
2020-08-17,US,Texas,Franklin,98,3,0,33.17653242,-95.21917243,48159.0,913.7529137529136,3.0612244897959178,95,95,3,0,92,95,10766,3,0,0,3,0
2020-08-17,US,Texas,Freestone,185,0,0,31.70422788,-96.15072516,48161.0,938.2766140893648,0.0,185,182,0,0,182,181,19808,3,0,0,3,1
2020-08-17,US,Texas,Frio,571,6,0,28.86751206,-99.10804207,48163.0,2811.9767556387274,1.0507880910683012,565,571,6,0,565,571,19816,0,0,0,0,0
2020-08-17,US,Texas,Gaines,199,4,0,32.74055318,-102.6353295,48165.0,925.9259259259261,2.010050251256281,195,199,4,0,195,199,20901,0,0,0,0,0
2020-08-17,US,Texas,Galveston,10033,125,0,29.40167322,-94.90469073,48167.0,2932.433893826778,1.2458885677265026,9908,9937,125,0,9812,9937,337890,96,0,0,96,0
2020-08-17,US,Texas,Garza,101,3,0,33.17969345,-101.2984114,48169.0,1621.4480655000802,2.9702970297029703,98,101,3,0,98,101,6578,0,0,0,0,0
2020-08-17,US,Texas,Gillespie,188,6,0,30.31824095,-98.94676915,48171.0,696.6058989180376,3.191489361702128,182,188,6,0,182,188,26804,0,0,0,0,0
2020-08-17,US,Texas,Glasscock,6,0,0,31.86942909,-101.5207776,48173.0,425.83392476934,0.0,6,6,0,0,6,6,1388,0,0,0,0,0
2020-08-17,US,Texas,Goliad,119,6,0,28.65696592,-97.42760647,48175.0,1553.9305301645334,5.042016806722689,113,119,6,0,113,119,7584,0,0,0,0,0
2020-08-17,US,Texas,Gonzales,721,11,0,29.45634206,-97.49424032,48177.0,3460.1910063828773,1.5256588072122053,710,721,11,0,710,721,20826,0,0,0,0,0
2020-08-17,US,Texas,Gray,226,2,0,35.40081878,-100.8129222,48179.0,1032.6235949922323,0.8849557522123894,224,226,2,0,224,226,21895,0,0,0,0,0
2020-08-17,US,Texas,Grayson,1272,16,0,33.62744998,-96.67753461,48181.0,933.8384283323056,1.2578616352201255,1256,1260,16,0,1244,1251,133991,12,0,0,12,9
2020-08-17,US,Texas,Gregg,1646,32,0,32.47940482,-94.81591935,48183.0,1328.008390818508,1.9441069258809236,1614,1646,32,0,1614,1646,123707,0,0,0,0,0
2020-08-17,US,Texas,Grimes,933,27,0,30.54579585,-95.98902499,48185.0,3230.6094182825486,2.893890675241157,906,932,27,0,905,926,28360,1,0,0,1,6
2020-08-17,US,Texas,Guadalupe,1799,59,0,29.58165339,-97.94786822,48187.0,1078.2333515136622,3.2795997776542523,1740,1799,59,0,1740,1799,163694,0,0,0,0,0
2020-08-17,US,Texas,Hale,1478,31,0,34.07044901,-101.82681140000001,48189.0,4424.354906304257,2.0974289580514207,1447,1478,31,0,1447,1478,33830,0,0,0,0,0
2020-08-17,US,Texas,Hall,15,1,0,34.5307555,-100.68138520000001,48191.0,506.07287449392715,6.666666666666668,14,15,1,0,14,15,3028,0,0,0,0,0
2020-08-17,US,Texas,Hamilton,92,3,0,31.70470573,-98.11083887,48193.0,1087.3419217586577,3.260869565217391,89,92,3,0,89,92,8484,0,0,0,0,0
2020-08-17,US,Texas,Hansford,93,2,0,36.27743284,-101.3545796,48195.0,1722.5412113354325,2.150537634408602,91,93,2,0,91,93,5463,0,0,0,0,0
2020-08-17,US,Texas,Hardeman,22,0,0,34.28944521,-99.74632408,48197.0,559.3694380879734,0.0,22,22,0,0,22,22,3922,0,0,0,0,0
2020-08-17,US,Texas,Hardin,1124,18,0,30.33364686,-94.38931817,48199.0,1951.3211346828234,1.6014234875444842,1106,1124,18,0,1106,1124,57207,0,0,0,0,0
2020-08-17,US,Texas,Harris,92944,1838,0,29.85864939,-95.39339521,48201.0,1971.9412516641648,1.9775348597004647,91106,92253,1829,0,90424,91698,4698619,691,9,0,682,555
2020-08-17,US,Texas,Harrison,735,24,0,32.54935988,-94.36934071,48203.0,1104.382972968912,3.26530612244898,711,735,24,0,711,735,66726,0,0,0,0,0
2020-08-17,US,Texas,Hartley,94,0,0,35.84008013,-102.6029022,48205.0,1685.7962697274033,0.0,94,94,0,0,94,94,5619,0,0,0,0,0
2020-08-17,US,Texas,Haskell,52,0,0,33.17823584,-99.73037358,48207.0,919.0526687875574,0.0,52,52,0,0,52,52,5813,0,0,0,0,0
2020-08-17,US,Texas,Hays,5150,46,0,30.05669873,-98.02944344,48209.0,2237.2725258589608,0.8932038834951457,5104,5111,46,0,5065,5111,222631,39,0,0,39,0
2020-08-17,US,Texas,Hemphill,45,0,0,35.83764858,-100.2703577,48211.0,1178.318931657502,0.0,45,45,0,0,45,45,3825,0,0,0,0,0
2020-08-17,US,Texas,Henderson,697,12,0,32.21128872,-95.85846587,48213.0,842.4284177574725,1.721664275466284,685,697,12,0,685,697,82299,0,0,0,0,0
2020-08-17,US,Texas,Hidalgo,22013,955,0,26.39418217,-98.18299696,48215.0,2533.995927280429,4.338345523099987,21058,22013,955,0,21058,21806,865939,0,0,0,0,207
2020-08-17,US,Texas,Hill,341,7,0,31.99045053,-97.13423143,48217.0,930.448306911512,2.0527859237536656,334,340,7,0,333,340,36354,1,0,0,1,0
2020-08-17,US,Texas,Hockley,223,5,0,33.60771256,-102.3431676,48219.0,968.6807697319838,2.242152466367713,218,223,5,0,218,223,22980,0,0,0,0,0
2020-08-17,US,Texas,Hood,657,13,0,32.42990927,-97.83242024,48221.0,1065.8144477069575,1.9786910197869099,644,657,13,0,644,657,60537,0,0,0,0,0
2020-08-17,US,Texas,Hopkins,217,3,0,33.14875072,-95.56351139,48223.0,585.1580196311078,1.3824884792626728,214,217,3,0,214,216,36810,0,0,0,0,1
2020-08-17,US,Texas,Houston,323,8,0,31.31925973,-95.42226208,48225.0,1406.3044235458026,2.476780185758514,315,323,8,0,315,323,23169,0,0,0,0,0
2020-08-17,US,Texas,Howard,201,7,0,32.30621324,-101.4356444,48227.0,548.2216888500982,3.4825870646766166,194,201,7,0,194,201,36459,0,0,0,0,0
2020-08-17,US,Texas,Hudspeth,35,2,0,31.45628381,-105.388178,48229.0,716.3323782234958,5.7142857142857135,33,35,2,0,33,35,4795,0,0,0,0,0
2020-08-17,US,Texas,Hunt,1284,21,0,33.12351514,-96.08551032,48231.0,1302.3104854250764,1.6355140186915889,1263,1284,21,0,1263,1261,96493,0,0,0,0,23
2020-08-17,US,Texas,Hutchinson,133,3,0,35.84006574,-101.3546643,48233.0,635.2087114337567,2.255639097744361,130,133,3,0,130,133,21198,0,0,0,0,0
2020-08-17,US,Texas,Irion,9,0,0,31.30375559,-100.982439,48235.0,585.9375,0.0,9,9,0,0,9,9,1522,0,0,0,0,0
2020-08-17,US,Texas,Jack,99,0,0,33.23377248,-98.17283469,48237.0,1108.0022383883604,0.0,99,99,0,0,99,99,8843,0,0,0,0,0
2020-08-17,US,Texas,Jackson,418,11,0,28.95472367,-96.57749563,48239.0,2831.9783197831985,2.631578947368421,407,418,11,0,407,418,14874,0,0,0,0,0
2020-08-17,US,Texas,Jasper,362,15,0,30.74685667,-94.02667579,48241.0,1018.8859804666612,4.143646408839779,347,359,15,0,344,359,35872,3,0,0,3,0
2020-08-17,US,Texas,Jeff Davis,8,0,0,30.71490589,-104.1399973,48243.0,351.8029903254178,0.0,8,8,0,0,8,8,2252,0,0,0,0,0
2020-08-17,US,Texas,Jefferson,6247,95,0,29.8832777,-94.16434171,48245.0,2483.254824796772,1.5207299503761806,6152,6247,94,0,6153,6237,255001,0,1,0,-1,10
2020-08-17,US,Texas,Jim Hogg,65,2,0,27.04453923,-98.69681870000001,48247.0,1250.0,3.0769230769230766,63,65,2,0,63,65,5248,0,0,0,0,0
2020-08-17,US,Texas,Jim Wells,841,19,0,27.73103938,-98.0904705,48249.0,2077.4665283335808,2.2592152199762188,822,824,19,0,805,816,40822,17,0,0,17,8
2020-08-17,US,Texas,Johnson,2159,34,0,32.37877812,-97.36615819,48251.0,1227.9813669895402,1.5748031496062993,2125,2159,34,0,2125,2159,171361,0,0,0,0,0
2020-08-17,US,Texas,Jones,600,0,0,32.73997145,-99.87861576,48253.0,2987.6014539660414,0.0,600,600,0,0,600,600,19817,0,0,0,0,0
2020-08-17,US,Texas,Karnes,672,10,0,28.90705334,-97.85960149,48255.0,4307.41619126979,1.488095238095238,662,672,10,0,662,672,15650,0,0,0,0,0
2020-08-17,US,Texas,Kaufman,2446,32,0,32.599141700000004,-96.28734728,48257.0,1796.4951452032258,1.3082583810302535,2414,2446,32,0,2414,2446,128622,0,0,0,0,0
2020-08-17,US,Texas,Kendall,180,4,0,29.94414155,-98.7113588,48259.0,379.4986401298729,2.2222222222222223,176,180,4,0,176,180,45641,0,0,0,0,0
2020-08-17,US,Texas,Kenedy,6,1,0,26.92601662,-97.66413984,48261.0,1485.148514851485,16.666666666666668,5,6,1,0,5,6,442,0,0,0,0,0
2020-08-17,US,Texas,Kent,3,0,0,33.18104136,-100.7780939,48263.0,393.70078740157476,0.0,3,3,0,0,3,3,726,0,0,0,0,0
2020-08-17,US,Texas,Kerr,416,6,0,30.06040006,-99.34930144,48265.0,790.8745247148289,1.4423076923076923,410,416,6,0,410,416,52405,0,0,0,0,0
2020-08-17,US,Texas,Kimble,16,1,0,30.48678918,-99.74856473,48267.0,368.9186073322573,6.25,15,16,1,0,15,16,4362,0,0,0,0,0
2020-08-17,US,Texas,Kinney,21,0,0,29.34967888,-100.41866379999999,48271.0,572.6752113444232,0.0,21,21,0,0,21,21,3767,0,0,0,0,0
2020-08-17,US,Texas,Kleberg,498,18,0,27.42435506,-97.69894948,48273.0,1623.2073011734028,3.614457831325301,480,489,18,0,471,480,31129,9,0,0,9,9
2020-08-17,US,Texas,Knox,62,5,0,33.60519951,-99.74229059999999,48275.0,1692.1397379912664,8.064516129032258,57,62,5,0,57,62,3653,0,0,0,0,0
2020-08-17,US,Texas,La Salle,364,2,0,28.34453111,-99.09908775,48283.0,4840.425531914893,0.5494505494505495,362,364,2,0,362,364,7531,0,0,0,0,0
2020-08-17,US,Texas,Lamar,730,19,0,33.66981763,-95.57404777,48277.0,1464.1288433382138,2.602739726027397,711,705,19,0,686,705,49728,25,0,0,25,0
2020-08-17,US,Texas,Lamb,246,17,0,34.06859623,-102.35162890000001,48279.0,1908.012099588924,6.9105691056910565,229,246,17,0,229,246,13158,0,0,0,0,0
2020-08-17,US,Texas,Lampasas,131,5,0,31.19531316,-98.24206613,48281.0,611.3496359902931,3.816793893129771,126,128,5,0,123,128,21229,3,0,0,3,0
2020-08-17,US,Texas,Lavaca,641,25,0,29.38508402,-96.93186692,48285.0,3180.510072442195,3.9001560062402496,616,641,25,0,616,641,20110,0,0,0,0,0
2020-08-17,US,Texas,Lee,181,12,0,30.31120597,-96.97045773,48287.0,1049.9448923951502,6.629834254143647,169,180,12,0,168,178,17144,1,0,0,1,2
2020-08-17,US,Texas,Leon,158,3,0,31.29872538,-95.9936328,48289.0,907.8372787864861,1.8987341772151896,155,158,3,0,155,158,17270,0,0,0,0,0
2020-08-17,US,Texas,Liberty,1115,36,0,30.15152688,-94.81205615,48291.0,1263.900066879017,3.2286995515695067,1079,1115,36,0,1079,1107,86323,0,0,0,0,8
2020-08-17,US,Texas,Limestone,308,3,0,31.5454767,-96.58095444,48293.0,1314.1613687758672,0.9740259740259741,305,298,3,0,295,297,23519,10,0,0,10,1
2020-08-17,US,Texas,Lipscomb,22,0,0,36.27783108,-100.27331509999999,48295.0,680.4825239715435,0.0,22,22,0,0,22,22,3355,0,0,0,0,0
2020-08-17,US,Texas,Live Oak,240,5,0,28.35101362,-98.1246786,48297.0,1966.0850331776846,2.083333333333333,235,240,5,0,235,240,12166,0,0,0,0,0
2020-08-17,US,Texas,Llano,92,1,0,30.70645047,-98.68475262,48299.0,422.1151640284469,1.0869565217391304,91,92,1,0,91,90,21646,0,0,0,0,2
2020-08-17,US,Texas,Lubbock,6542,80,0,33.61008596,-101.82047890000001,48303.0,2106.456214239026,1.2228676245796393,6462,6528,80,0,6448,6495,307412,14,0,0,14,33
2020-08-17,US,Texas,Lynn,74,4,0,33.17657705,-101.8162849,48305.0,1243.4884893295246,5.405405405405406,70,74,4,0,70,74,5877,0,0,0,0,0
2020-08-17,US,Texas,Madison,684,3,0,30.96694679,-95.93003775,48313.0,4788.5746289554745,0.43859649122807015,681,684,3,0,681,684,14422,0,0,0,0,0
2020-08-17,US,Texas,Marion,136,9,0,32.79868409,-94.35661230000001,48315.0,1380.1501928151004,6.617647058823528,127,136,9,0,127,136,9928,0,0,0,0,0
2020-08-17,US,Texas,Martin,67,5,0,32.30600051,-101.9513518,48317.0,1160.9773002945765,7.462686567164179,62,67,5,0,62,67,5753,0,0,0,0,0
2020-08-17,US,Texas,Mason,60,0,0,30.71780434,-99.22629416,48319.0,1403.8371548900327,0.0,60,60,0,0,60,60,4280,0,0,0,0,0
2020-08-17,US,Texas,Matagorda,832,35,0,28.81955746,-96.01230294,48321.0,2270.5564500723194,4.206730769230768,797,831,35,0,796,830,36552,1,0,0,1,1
2020-08-17,US,Texas,Maverick,2596,54,0,28.7429195,-100.3157686,48323.0,4420.830353189605,2.0801232665639446,2542,2596,54,0,2542,2596,58485,0,0,0,0,0
2020-08-17,US,Texas,McCulloch,58,1,0,31.1925468,-99.34682807,48307.0,726.4529058116233,1.7241379310344829,57,57,1,0,56,55,7987,1,0,0,1,2
2020-08-17,US,Texas,McLennan,5356,62,0,31.55255453,-97.20217694,48309.0,2087.108326221734,1.157580283793876,5294,5322,62,0,5260,5296,254607,34,0,0,34,26
2020-08-17,US,Texas,McMullen,10,0,0,28.35251708,-98.56769164,48311.0,1345.8950201884254,0.0,10,10,0,0,10,10,749,0,0,0,0,0
2020-08-17,US,Texas,Medina,987,32,0,29.355730100000002,-99.11030298,48325.0,1913.3839950372208,3.2421479229989867,955,987,32,0,955,987,50921,0,0,0,0,0
2020-08-17,US,Texas,Menard,18,0,0,30.88990665,-99.82047940000001,48327.0,841.9083255378857,0.0,18,18,0,0,18,18,2139,0,0,0,0,0
2020-08-17,US,Texas,Midland,2948,60,0,31.86904128,-102.03156820000001,48329.0,1667.1190734708648,2.03527815468114,2888,2888,53,0,2835,2888,172578,60,7,0,53,0
2020-08-17,US,Texas,Milam,366,3,0,30.78581830000001,-96.97718698,48331.0,1474.4390283205096,0.819672131147541,363,366,3,0,363,366,25131,0,0,0,0,0
2020-08-17,US,Texas,Mills,26,0,0,31.49557106,-98.59272068,48333.0,533.5522265544839,0.0,26,26,0,0,26,26,4921,0,0,0,0,0
2020-08-17,US,Texas,Mitchell,70,1,0,32.30623474,-100.9212058,48335.0,819.1925102399063,1.4285714285714286,69,70,1,0,69,70,8145,0,0,0,0,0
2020-08-17,US,Texas,Montague,86,2,0,33.67521893,-97.72500958,48337.0,433.9489353113332,2.3255813953488373,84,86,2,0,84,86,19596,0,0,0,0,0
2020-08-17,US,Texas,Montgomery,7160,103,0,30.30079133,-95.50572772,48339.0,1178.812330113551,1.4385474860335197,7057,6957,103,0,6854,6957,590925,203,0,0,203,0
2020-08-17,US,Texas,Moore,1082,14,0,35.83769242,-101.8930281,48341.0,5167.144221585482,1.2939001848428835,1068,1082,14,0,1068,1082,21485,0,0,0,0,0
2020-08-17,US,Texas,Morris,134,3,0,33.11304005,-94.73255695,48343.0,1081.6919599612531,2.238805970149253,131,134,3,0,131,133,12339,0,0,0,0,1
2020-08-17,US,Texas,Motley,6,0,0,34.07408766,-100.77972199999999,48345.0,500.0,0.0,6,6,0,0,6,6,1234,0,0,0,0,0
2020-08-17,US,Texas,Nacogdoches,1204,43,0,31.62017125,-94.61803994,48347.0,1846.512483896693,3.571428571428572,1161,1202,43,0,1159,1200,65711,2,0,0,2,2
2020-08-17,US,Texas,Navarro,942,11,0,32.04620681,-96.47428766,48349.0,1879.7517610200946,1.167728237791932,931,942,11,0,931,942,49565,0,0,0,0,0
2020-08-17,US,Texas,Newton,124,4,0,30.78548982,-93.74408813,48351.0,912.1000367782273,3.2258064516129035,120,124,4,0,120,124,13746,0,0,0,0,0
2020-08-17,US,Texas,Nolan,140,3,0,32.30365282,-100.4060208,48353.0,951.4747859181732,2.142857142857143,137,140,3,0,137,140,14751,0,0,0,0,0
2020-08-17,US,Texas,Nueces,17124,290,0,27.736286,-97.5433285,48355.0,4726.548052134453,1.6935295491707545,16834,17044,287,0,16757,16878,362265,80,3,0,77,166
2020-08-17,US,Texas,Ochiltree,100,2,0,36.27829105,-100.8158184,48357.0,1016.6734444896301,2.0,98,100,2,0,98,100,9947,0,0,0,0,0
2020-08-17,US,Texas,Oldham,14,1,0,35.40425596,-102.6027606,48359.0,662.8787878787879,7.142857142857142,13,14,1,0,13,14,2131,0,0,0,0,0
2020-08-17,US,Texas,Orange,1579,29,0,30.11879481,-93.89412775,48361.0,1893.3761811118038,1.8366054464851167,1550,1579,29,0,1550,1539,83572,0,0,0,0,40
2020-08-17,US,Texas,Palo Pinto,347,10,0,32.75310985,-98.31319001,48363.0,1188.804001507417,2.8818443804034577,337,347,10,0,337,347,28875,0,0,0,0,0
2020-08-17,US,Texas,Panola,301,18,0,32.163959600000005,-94.30552481,48365.0,1297.7494179529187,5.980066445182724,283,301,18,0,283,301,23148,0,0,0,0,0
2020-08-17,US,Texas,Parker,1401,20,0,32.77757172,-97.80500621,48367.0,980.5568387015497,1.4275517487508922,1381,1401,20,0,1381,1401,138371,0,0,0,0,0
2020-08-17,US,Texas,Parmer,360,7,0,34.52993409,-102.78446679999999,48369.0,3748.0478917230607,1.9444444444444444,353,360,7,0,353,360,9864,0,0,0,0,0
2020-08-17,US,Texas,Pecos,258,2,0,30.78097267,-102.72412609999999,48371.0,1630.5378246855844,0.7751937984496124,256,258,2,0,256,258,15673,0,0,0,0,0
2020-08-17,US,Texas,Polk,769,14,0,30.79472531,-94.82766240000001,48373.0,1497.478238856542,1.820546163849155,755,769,14,0,755,769,50031,0,0,0,0,0
2020-08-17,US,Texas,Potter,3823,47,0,35.40133773,-101.893964,48375.0,3255.972405569987,1.2294009939837824,3776,3802,46,0,3756,3802,119648,21,1,0,20,0
2020-08-17,US,Texas,Presidio,49,4,0,29.99954402,-104.24080790000001,48377.0,730.9069212410501,8.16326530612245,45,49,4,0,45,49,6948,0,0,0,0,0
2020-08-17,US,Texas,Rains,54,1,0,32.87109387,-95.79232691,48379.0,431.5167012945501,1.851851851851852,53,54,1,0,53,54,12159,0,0,0,0,0
2020-08-17,US,Texas,Randall,1899,25,0,34.96585996,-101.8971322,48381.0,1378.9547827728686,1.3164823591363877,1874,1899,25,0,1874,1899,136271,0,0,0,0,0
2020-08-17,US,Texas,Reagan,66,4,0,31.36607041,-101.52326590000001,48383.0,1714.7310989867499,6.0606060606060606,62,66,4,0,62,66,3741,0,0,0,0,0
2020-08-17,US,Texas,Real,91,3,0,29.83321503,-99.82018052,48385.0,2636.1529548088065,3.2967032967032965,88,91,2,0,89,91,3478,0,1,0,-1,0
2020-08-17,US,Texas,Red River,141,12,0,33.61886692,-95.04841765,48387.0,1172.7522249022709,8.51063829787234,129,141,12,0,129,140,12175,0,0,0,0,1
2020-08-17,US,Texas,Reeves,152,5,0,31.32323325,-103.69038959999999,48389.0,951.4271407110666,3.2894736842105265,147,152,5,0,147,152,15695,0,0,0,0,0
2020-08-17,US,Texas,Refugio,246,9,0,28.323897600000002,-97.15766311,48391.0,3540.5872193436962,3.6585365853658534,237,243,9,0,234,243,7032,3,0,0,3,0
2020-08-17,US,Texas,Roberts,6,0,0,35.83809685,-100.813175,48393.0,702.5761124121782,0.0,6,6,0,0,6,6,903,0,0,0,0,0
2020-08-17,US,Texas,Robertson,239,3,0,31.02539637,-96.51272246,48395.0,1399.789153098278,1.2552301255230125,236,239,3,0,236,239,17284,0,0,0,0,0
2020-08-17,US,Texas,Rockwall,1105,16,0,32.89779518,-96.40771592,48397.0,1053.2335700328838,1.4479638009049771,1089,1105,15,0,1090,1105,100657,0,1,0,-1,0
2020-08-17,US,Texas,Runnels,152,2,0,31.8314342,-99.97616148,48399.0,1480.904130943102,1.3157894736842106,150,152,2,0,150,152,10234,0,0,0,0,0
2020-08-17,US,Texas,Rusk,398,2,0,32.10773545,-94.76176432,48401.0,731.5369628349814,0.5025125628140703,396,398,2,0,396,398,54450,0,0,0,0,0
2020-08-17,US,Texas,Sabine,66,6,0,31.34318809,-93.85440451,48403.0,626.0671599317018,9.090909090909092,60,65,6,0,59,65,10589,1,0,0,1,0
2020-08-17,US,Texas,San Augustine,178,11,0,31.39457611,-94.17000399,48405.0,2160.9809396624983,6.179775280898878,167,178,11,0,167,178,8232,0,0,0,0,0
2020-08-17,US,Texas,San Jacinto,187,8,0,30.57933681,-95.16260304,48407.0,647.9781004192798,4.2780748663101615,179,187,8,0,179,183,28719,0,0,0,0,4
2020-08-17,US,Texas,San Patricio,1114,35,0,28.00880118,-97.51763891,48409.0,1669.4140566461856,3.141831238779174,1079,1114,34,0,1080,1114,66893,0,1,0,-1,0
2020-08-17,US,Texas,San Saba,27,0,0,31.1577796,-98.81758731,48411.0,445.91246903385627,0.0,27,27,0,0,27,26,6054,0,0,0,0,1
2020-08-17,US,Texas,Schleicher,36,1,0,30.89740592,-100.5384842,48413.0,1288.936627282492,2.7777777777777777,35,36,1,0,35,36,2895,0,0,0,0,0
2020-08-17,US,Texas,Scurry,505,2,0,32.74613808,-100.91626640000001,48415.0,3023.4089684487817,0.3960396039603961,503,505,2,0,503,505,16866,0,0,0,0,0
2020-08-17,US,Texas,Shackelford,19,0,0,32.73587756,-99.35401337,48417.0,581.9295558958653,0.0,19,19,0,0,19,19,3253,0,0,0,0,0
2020-08-17,US,Texas,Shelby,411,18,0,31.79211404,-94.14550696,48419.0,1626.1770989950146,4.37956204379562,393,411,18,0,393,411,25418,0,0,0,0,0
2020-08-17,US,Texas,Sherman,44,0,0,36.27751473,-101.8933156,48421.0,1455.989410986102,0.0,44,44,0,0,44,44,3079,0,0,0,0,0
2020-08-17,US,Texas,Smith,2750,34,0,32.37474036,-95.27175679999999,48423.0,1181.5201653268946,1.2363636363636363,2716,2750,34,0,2716,2750,230221,0,0,0,0,0
2020-08-17,US,Texas,Somervell,85,0,0,32.22236802,-97.77403489,48425.0,931.2007011393514,0.0,85,85,0,0,85,85,9016,0,0,0,0,0
2020-08-17,US,Texas,Starr,2443,94,0,26.56150059,-98.73892358,48427.0,3779.802887070073,3.8477282030290634,2349,2422,93,0,2329,2411,64525,21,1,0,20,11
2020-08-17,US,Texas,Stephens,131,3,0,32.73553157,-98.83631615,48429.0,1398.6760623531925,2.2900763358778624,128,131,3,0,128,131,9433,0,0,0,0,0
2020-08-17,US,Texas,Sterling,1,0,0,31.82781912,-101.05007459999999,48431.0,77.45933384972889,0.0,1,1,0,0,1,1,1311,0,0,0,0,0
2020-08-17,US,Texas,Stonewall,7,0,0,33.17906744,-100.25384009999999,48433.0,518.5185185185185,0.0,7,7,0,0,7,7,1362,0,0,0,0,0
2020-08-17,US,Texas,Sutton,68,1,0,30.49856623,-100.5382014,48435.0,1800.8474576271187,1.4705882352941178,67,68,1,0,67,67,3758,0,0,0,0,1
2020-08-17,US,Texas,Swisher,83,3,0,34.53028891,-101.73491740000001,48437.0,1122.0765175070974,3.614457831325301,80,83,3,0,80,83,7462,0,0,0,0,0
2020-08-17,US,Texas,Tarrant,35997,504,0,32.77143818,-97.29101614,48439.0,1712.0924226462118,1.400116676389699,35493,35310,504,0,34806,33874,2084931,687,0,0,687,1436
2020-08-17,US,Texas,Taylor,1158,29,0,32.30163422,-99.89007449,48441.0,838.9237434255327,2.5043177892918824,1129,1156,29,0,1127,1148,137640,2,0,0,2,8
2020-08-17,US,Texas,Terrell,2,0,0,30.22429013,-102.0766732,48443.0,257.73195876288656,0.0,2,2,0,0,2,2,823,0,0,0,0,0
2020-08-17,US,Texas,Terry,173,2,0,33.17402785,-102.3354521,48445.0,1402.2858069222666,1.1560693641618498,171,173,2,0,171,173,12287,0,0,0,0,0
2020-08-17,US,Texas,Throckmorton,4,2,0,33.17751417,-99.21226795,48447.0,266.4890073284477,50.0,2,4,2,0,2,4,1515,0,0,0,0,0
2020-08-17,US,Texas,Titus,1397,17,0,33.21339719,-94.96797273,48449.0,4265.6488549618325,1.2168933428775948,1380,1397,17,0,1380,1397,33033,0,0,0,0,0
2020-08-17,US,Texas,Tom Green,2923,34,0,31.40464436,-100.46244300000001,48451.0,2452.181208053691,1.163188504960657,2889,2903,34,0,2869,2869,118189,20,0,0,20,34
2020-08-17,US,Texas,Travis,24409,335,0,30.33432034,-97.78535620000001,48453.0,1916.0032465850416,1.3724445901102051,24074,24144,335,0,23809,24008,1248743,265,0,0,265,136
2020-08-17,US,Texas,Trinity,163,4,0,31.0879489,-95.1367187,48455.0,1112.5520442290629,2.4539877300613497,159,163,4,0,159,163,14740,0,0,0,0,0
2020-08-17,US,Texas,Tyler,152,3,0,30.77031716,-94.37690895,48457.0,701.3658176448874,1.973684210526316,149,146,3,0,143,146,21696,6,0,0,6,0
2020-08-17,US,Texas,Upshur,269,2,0,32.73706798,-94.93999853,48459.0,644.2650827485452,0.7434944237918215,267,267,2,0,265,267,41260,2,0,0,2,0
2020-08-17,US,Texas,Upton,16,1,0,31.36868194,-102.0423217,48461.0,437.5170905113481,6.25,15,16,1,0,15,16,3671,0,0,0,0,0
2020-08-17,US,Texas,Uvalde,604,12,0,29.35739637,-99.76229172,48463.0,2258.703862981938,1.9867549668874167,592,595,12,0,583,591,26846,9,0,0,9,4
2020-08-17,US,Texas,Val Verde,1693,49,0,29.89149232,-101.1525205,48465.0,3453.340132585416,2.8942705256940333,1644,1693,49,0,1644,1693,49208,0,0,0,0,0
2020-08-17,US,Texas,Van Zandt,446,8,0,32.56483801,-95.83766469,48467.0,788.1251104435413,1.7937219730941705,438,446,8,0,438,446,56019,0,0,0,0,0
2020-08-17,US,Texas,Victoria,3584,57,0,28.79780988,-96.96813006,48469.0,3892.098518743756,1.5904017857142858,3527,3584,57,0,3527,3584,92035,0,0,0,0,0
2020-08-17,US,Texas,Walker,3190,44,0,30.73872995,-95.57440968,48471.0,4371.599676583848,1.3793103448275863,3146,3189,43,0,3146,3190,72480,1,1,0,0,-1
2020-08-17,US,Texas,Waller,526,5,0,30.01058447,-95.99011759,48473.0,952.1051297831516,0.9505703422053232,521,526,5,0,521,521,53126,0,0,0,0,5
2020-08-17,US,Texas,Ward,99,1,0,31.50999644,-103.09279090000001,48475.0,825.1375229204867,1.0101010101010102,98,99,1,0,98,99,11720,0,0,0,0,0
2020-08-17,US,Texas,Washington,526,41,0,30.21498498,-96.40946246,48477.0,1465.9160581907363,7.79467680608365,485,526,41,0,485,526,35108,0,0,0,0,0
2020-08-17,US,Texas,Webb,9646,202,0,27.7610369,-99.33237355,48479.0,3486.6908607203272,2.094132282811528,9444,9552,193,0,9359,9435,275910,94,9,0,85,117
2020-08-17,US,Texas,Wharton,1020,30,0,29.27765923,-96.22319248,48481.0,2454.519203003176,2.9411764705882355,990,1019,30,0,989,1008,41619,1,0,0,1,11
2020-08-17,US,Texas,Wheeler,36,0,0,35.40114335,-100.26995140000001,48483.0,712.0253164556963,0.0,36,36,0,0,36,36,5191,0,0,0,0,0
2020-08-17,US,Texas,Wichita,1117,12,0,33.98842886,-98.70410340000001,48485.0,844.7402253648945,1.0743061772605194,1105,1117,12,0,1105,1117,132064,0,0,0,0,0
2020-08-17,US,Texas,Wilbarger,78,1,0,34.07945812,-99.24178437,48487.0,610.8544130315609,1.2820512820512822,77,78,1,0,77,78,12820,0,0,0,0,0
2020-08-17,US,Texas,Willacy,774,30,0,26.47411727,-97.61535848,48489.0,3623.9348253581798,3.875968992248062,744,767,30,0,737,760,21515,7,0,0,7,7
2020-08-17,US,Texas,Williamson,7482,103,0,30.64655664,-97.60048540000001,48491.0,1266.9523885320662,1.376637262763967,7379,7330,103,0,7227,7330,566719,152,0,0,152,0
2020-08-17,US,Texas,Wilson,499,20,0,29.1732598,-98.08693082,48493.0,977.0902682592521,4.008016032064128,479,499,20,0,479,499,50224,0,0,0,0,0
2020-08-17,US,Texas,Winkler,88,1,0,31.85008651,-103.04851629999999,48495.0,1098.6267166042446,1.1363636363636365,87,88,1,0,87,88,7720,0,0,0,0,0
2020-08-17,US,Texas,Wise,536,10,0,33.21570665,-97.65460265,48497.0,765.8893461362597,1.8656716417910448,526,536,10,0,526,536,68305,0,0,0,0,0
2020-08-17,US,Texas,Wood,360,9,0,32.78722382,-95.38236368,48499.0,790.5311930433255,2.5,351,360,9,0,351,360,45129,0,0,0,0,0
2020-08-17,US,Texas,Yoakum,124,3,0,33.17320212,-102.82764329999999,48501.0,1423.16079421554,2.419354838709677,121,124,3,0,121,124,8591,0,0,0,0,0
2020-08-17,US,Texas,Young,200,6,0,33.17659707,-98.68790885,48503.0,1110.494169905608,3.0,194,200,6,0,194,200,18045,0,0,0,0,0
2020-08-17,US,Texas,Zapata,204,3,0,27.00156391,-99.16987152,48505.0,1438.7474434022145,1.4705882352941178,201,203,3,0,200,195,14190,1,0,0,1,8
2020-08-17,US,Texas,Zavala,243,6,0,28.86617238,-99.76050829,48507.0,2052.364864864865,2.469135802469136,237,243,6,0,237,243,11983,0,0,0,0,0
2020-08-17,US,Utah,Bear River,2398,7,0,41.52106798,-113.08328159999999,0.0,1283.6022224839148,0.2919099249374479,2391,2393,7,0,2386,2384,,5,0,0,5,9
2020-08-17,US,Utah,Central Utah,455,2,0,39.37231946,-111.5758676,0.0,555.1894965468433,0.4395604395604396,453,454,3,0,451,447,,1,-1,0,2,7
2020-08-17,US,Utah,Davis,3422,21,0,40.99001837,-112.1139997,49011.0,962.6393534394244,0.6136762127410871,3401,3414,21,0,3393,3388,351713,8,0,0,8,26
2020-08-17,US,Utah,Salt Lake,21870,212,0,40.66616532,-111.92160109999999,49035.0,1884.6348401507364,0.9693644261545497,21658,21771,211,0,21560,21621,1152633,99,1,0,98,150
2020-08-17,US,Utah,San Juan,653,26,0,37.62762978,-109.80337140000002,49037.0,4265.743402142671,3.981623277182236,627,653,26,0,627,653,15449,0,0,0,0,0
2020-08-17,US,Utah,Southeast Utah,119,1,0,38.99617072,-110.70139579999999,0.0,295.80650774317036,0.8403361344537815,118,117,1,0,116,117,,2,0,0,2,0
2020-08-17,US,Utah,Southwest Utah,3341,26,0,37.85447192,-111.4418764,0.0,1325.5727220066494,0.7782101167315175,3315,3321,26,0,3295,3312,,20,0,0,20,9
2020-08-17,US,Utah,Summit,746,1,0,40.86688146,-110.9535882,49043.0,1770.0794874836872,0.13404825737265416,745,733,1,0,732,729,41933,13,0,0,13,4
2020-08-17,US,Utah,Tooele,619,0,0,40.44862644,-113.12957150000001,49045.0,856.6406952767128,0.0,619,618,0,0,618,613,69907,1,0,0,1,5
2020-08-17,US,Utah,TriCounty,191,0,0,40.12491499,-109.5174415,0.0,337.3247147751757,0.0,191,190,0,0,190,190,,1,0,0,1,0
2020-08-17,US,Utah,Utah,9478,39,0,40.116672200000004,-111.66576620000001,49049.0,1489.701132443201,0.4114792150242667,9439,9398,38,0,9360,9304,622213,80,1,0,79,94
2020-08-17,US,Utah,Wasatch,600,4,0,40.33110236,-111.1691419,49051.0,1759.995306679182,0.6666666666666666,596,598,4,0,594,592,33240,2,0,0,2,6
2020-08-17,US,Utah,Weber-Morgan,3002,25,0,41.27116049,-111.9145117,0.0,1102.3107400022766,0.832778147901399,2977,2992,25,0,2967,2971,,10,0,0,10,21
2020-08-17,US,Vermont,Addison,76,2,0,44.03217337,-73.14130877,50001.0,206.65089594039762,2.631578947368421,74,76,2,0,74,75,36973,0,0,0,0,1
2020-08-17,US,Vermont,Bennington,92,1,0,43.03519828,-73.09048868,50003.0,259.37411897378064,1.0869565217391304,91,92,1,0,91,92,35631,0,0,0,0,0
2020-08-17,US,Vermont,Caledonia,29,0,0,44.46548598,-72.10314651,50005.0,96.6892274864135,0.0,29,29,0,0,29,29,30302,0,0,0,0,0
2020-08-17,US,Vermont,Chittenden,763,39,0,44.46322849,-73.08359212,50007.0,465.885915957356,5.111402359108781,724,756,39,0,717,752,164572,7,0,0,7,4
2020-08-17,US,Vermont,Essex,6,0,0,44.72736416,-71.73579864,50009.0,97.35518416355671,0.0,6,6,0,0,6,6,6250,0,0,0,0,0
2020-08-17,US,Vermont,Franklin,121,7,0,44.85627605,-72.91249563,50011.0,244.9293550868386,5.785123966942148,114,121,7,0,114,120,49421,0,0,0,0,1
2020-08-17,US,Vermont,Grand Isle,13,0,0,44.797582399999996,-73.29679772,50013.0,179.68210089841045,0.0,13,13,0,0,13,13,7090,0,0,0,0,0
2020-08-17,US,Vermont,Lamoille,45,1,0,44.60353043,-72.64356694,50015.0,177.43080198722495,2.2222222222222223,44,43,1,0,42,43,25300,2,0,0,2,0
2020-08-17,US,Vermont,Orange,18,0,0,44.00470222,-72.37640104,50017.0,62.300982971064656,0.0,18,17,0,0,17,17,28999,1,0,0,1,0
2020-08-17,US,Vermont,Orleans,15,0,0,44.82964024,-72.24562697,50019.0,55.479528054148034,0.0,15,15,0,0,15,15,26907,0,0,0,0,0
2020-08-17,US,Vermont,Rutland,101,1,0,43.57723578,-73.03741676,50021.0,173.56635905896096,0.99009900990099,100,101,1,0,100,101,58672,0,0,0,0,0
2020-08-17,US,Vermont,Unassigned,8,0,0,0.0,0.0,90050.0,0.0,0.0,8,8,0,0,8,8,,0,0,0,0,0
2020-08-17,US,Vermont,Washington,58,2,0,44.27343241,-72.61604978,50023.0,99.29976544710577,3.4482758620689653,56,58,2,0,56,58,58140,0,0,0,0,0
2020-08-17,US,Vermont,Windham,107,3,0,42.986982,-72.71268875,50025.0,253.42238643361281,2.803738317757009,104,105,3,0,102,105,42756,2,0,0,2,0
2020-08-17,US,Vermont,Windsor,75,2,0,43.58010937,-72.58595157,50027.0,136.21009044350006,2.6666666666666665,73,75,2,0,73,75,55286,0,0,0,0,0
2020-08-17,US,Virginia,Accomack,1127,17,0,37.76707161,-75.63234615,51001.0,3487.436563931179,1.5084294587400178,1110,1123,17,0,1106,1120,32412,4,0,0,4,3
2020-08-17,US,Virginia,Albemarle,913,16,0,38.02080697,-78.55481085,51003.0,835.0864355620598,1.7524644030668126,897,906,16,0,890,890,108718,7,0,0,7,16
2020-08-17,US,Virginia,Alexandria,3130,61,0,38.814003,-77.08183073,51510.0,1963.2686855508443,1.94888178913738,3069,3104,61,0,3043,3082,160530,26,0,0,26,22
2020-08-17,US,Virginia,Alleghany,60,4,0,37.78636074,-80.00222498,51005.0,403.7685060565277,6.666666666666668,56,60,4,0,56,59,14910,0,0,0,0,1
2020-08-17,US,Virginia,Amelia,85,2,0,37.34081025,-77.98584649,51007.0,646.6337010270065,2.3529411764705883,83,85,2,0,83,83,13013,0,0,0,0,2
2020-08-17,US,Virginia,Amherst,217,1,0,37.60308293,-79.14548696,51009.0,686.6002214839424,0.4608294930875576,216,219,1,0,218,206,31666,-2,0,0,-2,13
2020-08-17,US,Virginia,Appomattox,103,0,0,37.37569884,-78.81340003,51011.0,647.3508893218527,0.0,103,103,0,0,103,102,15841,0,0,0,0,1
2020-08-17,US,Virginia,Arlington,3246,135,0,38.8767675,-77.10139853,51013.0,1370.53394245953,4.1589648798521255,3111,3229,135,0,3094,3196,237521,17,0,0,17,33
2020-08-17,US,Virginia,Augusta,313,4,0,38.16404586,-79.12461614,51015.0,414.2513036342943,1.2779552715654952,309,310,4,0,306,306,75457,3,0,0,3,4
2020-08-17,US,Virginia,Bath,4,0,0,38.05852573,-79.73912095,51017.0,96.45526886906195,0.0,4,4,0,0,4,4,4292,0,0,0,0,0
2020-08-17,US,Virginia,Bedford,418,8,0,37.3080028,-79.5281964,51019.0,529.1340177475093,1.9138755980861244,410,414,8,0,406,397,78747,4,0,0,4,17
2020-08-17,US,Virginia,Bland,37,0,0,37.13128068,-81.13599391,51021.0,589.171974522293,0.0,37,31,0,0,31,30,6293,6,0,0,6,1
2020-08-17,US,Virginia,Botetourt,223,7,0,37.55531756,-79.80982182,51023.0,667.2850773512074,3.1390134529147984,216,220,7,0,213,220,33277,3,0,0,3,0
2020-08-17,US,Virginia,Bristol,100,1,0,36.616302399999995,-82.16359122,51520.0,596.5875193890944,1.0,99,92,0,0,92,92,16482,8,1,0,7,0
2020-08-17,US,Virginia,Brunswick,248,2,0,36.76366949,-77.8593436,51025.0,1527.9403610375207,0.8064516129032258,246,247,2,0,245,247,16384,1,0,0,1,0
2020-08-17,US,Virginia,Buchanan,84,1,0,37.26818323,-82.03749726,51027.0,399.9238240335174,1.1904761904761905,83,84,1,0,83,83,21221,0,0,0,0,1
2020-08-17,US,Virginia,Buckingham,620,8,0,37.57242268,-78.52518834,51029.0,3615.581992069046,1.2903225806451613,612,617,8,0,609,616,16999,3,0,0,3,1
2020-08-17,US,Virginia,Buena Vista,65,1,0,37.73484642,-79.35296097,51530.0,1003.3961099104663,1.5384615384615383,64,65,1,0,64,64,6237,0,0,0,0,1
2020-08-17,US,Virginia,Campbell,253,3,0,37.20553386,-79.09678609,51031.0,460.9638334699826,1.1857707509881423,250,251,3,0,248,244,54973,2,0,0,2,7
2020-08-17,US,Virginia,Caroline,229,5,0,38.02679129,-77.34901405,51033.0,745.3213995117983,2.183406113537118,224,228,5,0,223,224,30772,1,0,0,1,4
2020-08-17,US,Virginia,Carroll,344,14,0,36.73066666,-80.73455942,51035.0,1154.7111543754825,4.069767441860465,330,341,14,0,327,340,29636,3,0,0,3,1
2020-08-17,US,Virginia,Charles City,56,5,0,37.35358063,-77.05634116,51036.0,804.2510412178659,8.928571428571429,51,55,5,0,50,54,6941,1,0,0,1,1
2020-08-17,US,Virginia,Charlotte,58,0,0,37.01909701,-78.66314092,51037.0,488.2154882154882,0.0,58,58,0,0,58,57,11938,0,0,0,0,1
2020-08-17,US,Virginia,Charlottesville,560,15,0,38.03527919,-78.48569588,51540.0,1184.7839884906698,2.6785714285714284,545,560,15,0,545,558,48117,0,0,0,0,2
2020-08-17,US,Virginia,Chesapeake,3303,41,0,36.67670048,-76.30545744,51550.0,1349.0718238813895,1.241295791704511,3262,3258,41,0,3217,3197,242634,45,0,0,45,61
2020-08-17,US,Virginia,Chesterfield,4623,80,0,37.37373208,-77.58680140000001,51041.0,1310.3667212770904,1.7304780445598096,4543,4621,80,0,4541,4596,348556,2,0,0,2,25
2020-08-17,US,Virginia,Clarke,74,0,0,39.11271747,-77.99199425,51043.0,506.1905739106642,0.0,74,74,0,0,74,73,14523,0,0,0,0,1
2020-08-17,US,Virginia,Colonial Heights,207,22,0,37.26420587,-77.39609676,51570.0,1191.7098445595855,10.628019323671495,185,206,22,0,184,205,17833,1,0,0,1,1
2020-08-17,US,Virginia,Covington,13,0,0,37.7824656,-79.98631446,51580.0,234.74178403755863,0.0,13,13,0,0,13,13,5460,0,0,0,0,0
2020-08-17,US,Virginia,Craig,19,0,0,37.48133648,-80.21072274,51045.0,370.2981874878191,0.0,19,19,0,0,19,19,5064,0,0,0,0,0
2020-08-17,US,Virginia,Culpeper,1041,12,0,38.48199985,-77.95630870000002,51047.0,1978.8993441688053,1.1527377521613833,1029,1039,12,0,1027,1033,51859,2,0,0,2,6
2020-08-17,US,Virginia,Cumberland,84,0,0,37.51328851,-78.24398086,51049.0,845.7511075312123,0.0,84,81,0,0,81,80,9809,3,0,0,3,1
2020-08-17,US,Virginia,Danville,477,9,0,36.58022376,-79.40395668,51590.0,1191.1896913395265,1.8867924528301887,468,465,8,0,457,451,40693,12,1,0,11,14
2020-08-17,US,Virginia,Dickenson,52,1,0,37.12560977,-82.35124171,51051.0,363.1792149741584,1.9230769230769231,51,52,1,0,51,52,14523,0,0,0,0,0
2020-08-17,US,Virginia,Dinwiddie,240,7,0,37.07544585,-77.63451754,51053.0,840.8071748878923,2.9166666666666665,233,238,7,0,231,232,28529,2,0,0,2,6
2020-08-17,US,Virginia,Emporia,192,15,0,36.69455571,-77.53406129,51595.0,3591.470258136925,7.8125,177,188,15,0,173,188,5121,4,0,0,4,0
2020-08-17,US,Virginia,Essex,109,1,0,37.93357639,-76.94230311,51057.0,995.1611430658268,0.9174311926605504,108,108,1,0,107,108,10919,1,0,0,1,0
2020-08-17,US,Virginia,Fairfax,17070,535,0,38.83677558,-77.27565836,51059.0,1487.5402167434106,3.1341534856473343,16535,16995,533,0,16462,16882,1150795,75,2,0,73,113
2020-08-17,US,Virginia,Fairfax,17070,535,0,38.83677558,-77.27565836,51059.0,1487.5402167434106,3.1341534856473343,16535,16995,533,0,16462,16882,24574,75,2,0,73,113
2020-08-17,US,Virginia,Fairfax City,103,7,0,38.85157547,-77.29779640000002,51600.0,428.8271784837005,6.7961165048543695,96,103,7,0,96,98,24574,0,0,0,0,5
2020-08-17,US,Virginia,Falls Church,63,6,0,38.88485255,-77.17560759,51610.0,431.0049941848533,9.523809523809524,57,62,6,0,56,62,14772,1,0,0,1,0
2020-08-17,US,Virginia,Fauquier,642,9,0,38.73564842,-77.80647472,51061.0,901.4068686641768,1.4018691588785046,633,638,9,0,629,632,70675,4,0,0,4,6
2020-08-17,US,Virginia,Floyd,114,2,0,36.9302126,-80.36738849,51063.0,723.8554828878024,1.7543859649122806,112,112,2,0,110,111,15795,2,0,0,2,1
2020-08-17,US,Virginia,Fluvanna,203,9,0,37.84157909,-78.27715475,51065.0,744.4077741107443,4.433497536945813,194,202,9,0,193,201,26783,1,0,0,1,1
2020-08-17,US,Virginia,Franklin,182,1,0,36.99536167,-79.88023649,51067.0,324.7564326754934,0.5494505494505495,181,182,1,0,181,182,56195,0,0,0,0,0
2020-08-17,US,Virginia,Franklin,182,1,0,36.99536167,-79.88023649,51067.0,324.7564326754934,0.5494505494505495,181,182,1,0,181,182,8013,0,0,0,0,0
2020-08-17,US,Virginia,Franklin City,212,6,0,36.6831435,-76.93859681,51620.0,2660.9765281787368,2.830188679245283,206,210,6,0,204,205,8013,2,0,0,2,5
2020-08-17,US,Virginia,Frederick,701,10,0,39.20172582,-78.25974949,51069.0,784.8801406290238,1.4265335235378032,691,698,10,0,688,695,88355,3,0,0,3,3
2020-08-17,US,Virginia,Fredericksburg,428,4,0,38.2977863,-77.4922454,51630.0,1474.0322358451574,0.9345794392523364,424,428,4,0,424,426,29144,0,0,0,0,2
2020-08-17,US,Virginia,Galax,354,27,0,36.66601852,-80.91703124,51640.0,5577.438159760518,7.627118644067798,327,353,27,0,326,353,6423,1,0,0,1,0
2020-08-17,US,Virginia,Giles,33,0,0,37.31234791,-80.70636931,51071.0,197.36842105263162,0.0,33,32,0,0,32,29,16844,1,0,0,1,3
2020-08-17,US,Virginia,Gloucester,179,2,0,37.40809042,-76.53524337,51073.0,479.27599871479066,1.11731843575419,177,175,2,0,173,175,37349,4,0,0,4,0
2020-08-17,US,Virginia,Goochland,173,7,0,37.71714806,-77.90381514,51075.0,728.3290531722307,4.0462427745664735,166,172,7,0,165,171,23244,1,0,0,1,1
2020-08-17,US,Virginia,Grayson,165,5,0,36.65677234,-81.23215889,51077.0,1061.0932475884244,3.0303030303030303,160,165,5,0,160,164,15631,0,0,0,0,1
2020-08-17,US,Virginia,Greene,179,2,0,38.29545894,-78.46525378,51079.0,903.1737221857812,1.11731843575419,177,177,2,0,175,176,19779,2,0,0,2,1
2020-08-17,US,Virginia,Greensville,572,11,0,36.67878901,-77.56351439,51081.0,5045.871559633028,1.9230769230769231,561,570,11,0,559,569,11627,2,0,0,2,1
2020-08-17,US,Virginia,Halifax,170,2,0,36.76654925,-78.93512622,51083.0,501.3122585591696,1.1764705882352942,168,169,2,0,167,167,34120,1,0,0,1,2
2020-08-17,US,Virginia,Hampton,1349,9,0,37.03513786,-76.35879121,51650.0,1002.899412683072,0.6671608598962194,1340,1337,9,0,1328,1321,134313,12,0,0,12,16
2020-08-17,US,Virginia,Hanover,703,33,0,37.7583355,-77.49464673,51085.0,652.339327802832,4.694167852062589,670,700,33,0,667,695,107239,3,0,0,3,5
2020-08-17,US,Virginia,Harrisonburg,1106,31,0,38.43542574,-78.87536254,51660.0,2086.1626678738494,2.8028933092224237,1075,1099,31,0,1068,1093,54033,7,0,0,7,6
2020-08-17,US,Virginia,Henrico,4149,187,0,37.53460572,-77.39326555,51087.0,1254.1639209474695,4.507110147023378,3962,4109,187,0,3922,4068,329261,40,0,0,40,41
2020-08-17,US,Virginia,Henry,672,9,0,36.68542395,-79.87634026,51089.0,1329.1927922938467,1.3392857142857142,663,672,9,0,663,672,50953,0,0,0,0,0
2020-08-17,US,Virginia,Highland,6,0,0,38.35799465,-79.56124594,51091.0,273.97260273972597,0.0,6,6,0,0,6,6,2210,0,0,0,0,0
2020-08-17,US,Virginia,Hopewell,297,5,0,37.29186313,-77.29754684,51670.0,1318.3008566736207,1.6835016835016836,292,291,5,0,286,286,22596,6,0,0,6,5
2020-08-17,US,Virginia,Isle of Wight,437,9,0,36.90579348,-76.70842863,51093.0,1177.6119000781482,2.059496567505721,428,431,9,0,422,429,36953,6,0,0,6,2
2020-08-17,US,Virginia,James City,651,17,0,37.31156958,-76.76950618,51095.0,850.7246187420775,2.6113671274961603,634,641,17,0,624,637,76397,10,0,0,10,4
2020-08-17,US,Virginia,King George,169,4,0,38.26818502,-77.15852768,51099.0,629.751080637949,2.366863905325444,165,167,4,0,163,164,26575,2,0,0,2,3
2020-08-17,US,Virginia,King William,105,2,0,37.70965316,-77.09384941,51101.0,612.3163051084674,1.9047619047619049,103,102,2,0,100,101,16939,3,0,0,3,1
2020-08-17,US,Virginia,King and Queen,42,1,0,37.71044922,-76.88689628,51097.0,597.8647686832742,2.380952380952381,41,42,1,0,41,42,7042,0,0,0,0,0
2020-08-17,US,Virginia,Lancaster,49,0,0,37.71889653,-76.46400482,51103.0,462.1333584834481,0.0,49,49,0,0,49,49,10783,0,0,0,0,0
2020-08-17,US,Virginia,Lee,150,2,0,36.70586667,-83.12606515,51105.0,640.3961917773129,1.3333333333333333,148,148,2,0,146,144,23541,2,0,0,2,4
2020-08-17,US,Virginia,Lexington,37,0,0,37.78258621,-79.44262866,51678.0,496.91109320440506,0.0,37,36,0,0,36,35,7136,1,0,0,1,1
2020-08-17,US,Virginia,Loudoun,5528,115,0,39.08990083,-77.63481877,51107.0,1336.7574442977432,2.0803183791606368,5413,5511,115,0,5396,5482,406850,17,0,0,17,29
2020-08-17,US,Virginia,Louisa,209,2,0,37.97850256,-77.96274807,51109.0,555.9841451411244,0.9569377990430622,207,204,2,0,202,203,36778,5,0,0,5,1
2020-08-17,US,Virginia,Lunenburg,70,1,0,36.94618528,-78.24133319,51111.0,573.9586749754018,1.4285714285714286,69,68,1,0,67,67,12086,2,0,0,2,1
2020-08-17,US,Virginia,Lynchburg,735,5,0,37.40021399,-79.19888138,51680.0,894.5088112160453,0.6802721088435374,730,736,5,0,731,719,82126,-1,0,0,-1,17
2020-08-17,US,Virginia,Madison,76,1,0,38.41531222,-78.28220331,51113.0,573.1091169595053,1.3157894736842106,75,72,1,0,71,72,13295,4,0,0,4,0
2020-08-17,US,Virginia,Manassas,1716,22,0,38.7464321,-77.48509905,51683.0,4176.706827309237,1.2820512820512822,1694,1710,22,0,1688,1696,41641,6,0,0,6,14
2020-08-17,US,Virginia,Manassas Park,538,7,0,38.77058531,-77.44399307,51685.0,3078.15539535416,1.3011152416356877,531,535,7,0,528,530,17307,3,0,0,3,5
2020-08-17,US,Virginia,Martinsville,241,3,0,36.68212094,-79.86352771,51690.0,1919.7068663374225,1.2448132780082988,238,240,3,0,237,240,12902,1,0,0,1,0
2020-08-17,US,Virginia,Mathews,23,0,0,37.44164146,-76.34098896,51115.0,260.3577088521621,0.0,23,23,0,0,23,23,8802,0,0,0,0,0
2020-08-17,US,Virginia,Mecklenburg,459,32,0,36.67882005,-78.36131056,51117.0,1500.637525746232,6.9716775599128535,427,459,32,0,427,458,30650,0,0,0,0,1
2020-08-17,US,Virginia,Middlesex,52,1,0,37.63191998,-76.55064617,51119.0,491.40049140049143,1.9230769230769231,51,51,1,0,50,51,10769,1,0,0,1,0
2020-08-17,US,Virginia,Montgomery,332,3,0,37.17746986,-80.37868691,51121.0,336.93611407114224,0.9036144578313252,329,327,3,0,324,321,98985,5,0,0,5,6
2020-08-17,US,Virginia,Nelson,70,0,0,37.78790447,-78.88498513,51125.0,468.85465505693236,0.0,70,67,0,0,67,61,14836,3,0,0,3,6
2020-08-17,US,Virginia,New Kent,136,1,0,37.50694406,-76.99828634,51127.0,588.9740591572474,0.7352941176470589,135,135,1,0,134,134,22391,1,0,0,1,1
2020-08-17,US,Virginia,Newport News,1993,20,0,37.08166899,-76.51754109,51700.0,1112.0100432417353,1.0035122930255895,1973,1980,20,0,1960,1960,178626,13,0,0,13,20
2020-08-17,US,Virginia,Norfolk,4002,34,0,36.89934014,-76.26420872,51710.0,1648.6640136441156,0.8495752123938031,3968,3982,34,0,3948,3944,244076,20,0,0,20,38
2020-08-17,US,Virginia,Northampton,299,29,0,37.34062933,-75.87751591,51131.0,2553.3731853116988,9.698996655518394,270,299,29,0,270,298,11735,0,0,0,0,1
2020-08-17,US,Virginia,Northumberland,81,3,0,37.89202088,-76.41949732,51133.0,669.6982224059527,3.703703703703704,78,79,3,0,76,79,12147,2,0,0,2,0
2020-08-17,US,Virginia,Norton,23,0,0,36.93357076,-82.62750411,51720.0,577.7442853554384,0.0,23,23,0,0,23,23,3968,0,0,0,0,0
2020-08-17,US,Virginia,Nottoway,183,14,0,37.1435975,-78.05065922,51135.0,1201.4180672268908,7.6502732240437155,169,183,14,0,169,183,15420,0,0,0,0,0
2020-08-17,US,Virginia,Orange,236,3,0,38.24530219,-78.01560400000002,51137.0,636.9598661304689,1.2711864406779658,233,235,3,0,232,233,36644,1,0,0,1,2
2020-08-17,US,Virginia,Page,353,25,0,38.61807452,-78.48797204,51139.0,1476.8638607647895,7.0821529745042495,328,353,25,0,328,352,23933,0,0,0,0,1
2020-08-17,US,Virginia,Patrick,176,5,0,36.680163799999995,-80.2865648,51141.0,999.5456610631533,2.8409090909090913,171,176,5,0,171,176,17673,0,0,0,0,0
2020-08-17,US,Virginia,Petersburg,544,19,0,37.20530399,-77.39368102,51730.0,1735.468640336885,3.492647058823529,525,541,19,0,522,537,31567,3,0,0,3,4
2020-08-17,US,Virginia,Pittsylvania,571,2,0,36.81980341,-79.39731264,51143.0,946.0847665440567,0.3502626970227671,569,567,2,0,565,560,60949,4,0,0,4,7
2020-08-17,US,Virginia,Poquoson,48,0,0,37.14259351,-76.35798148,51735.0,391.16616412680304,0.0,48,46,0,0,46,45,12190,2,0,0,2,1
2020-08-17,US,Virginia,Portsmouth,1995,25,0,36.85914825,-76.35971629,51740.0,2113.39223288629,1.2531328320802004,1970,1965,25,0,1940,1964,94632,30,0,0,30,1
2020-08-17,US,Virginia,Powhatan,167,4,0,37.55016038,-77.91267882,51145.0,563.1997841629568,2.395209580838323,163,167,4,0,163,161,29189,0,0,0,0,6
2020-08-17,US,Virginia,Prince Edward,449,10,0,37.22554789,-78.43597949,51147.0,1969.125515305675,2.2271714922049,439,447,10,0,437,447,22950,2,0,0,2,0
2020-08-17,US,Virginia,Prince George,459,2,0,37.18497668,-77.22922187,51149.0,1196.7773055562798,0.4357298474945534,457,456,2,0,454,454,38082,3,0,0,3,2
2020-08-17,US,Virginia,Prince William,9924,178,0,38.70916224,-77.48713689,51153.0,2109.9854359127007,1.7936316001612254,9746,9890,178,0,9712,9824,468011,34,0,0,34,66
2020-08-17,US,Virginia,Pulaski,91,3,0,37.06474963,-80.71229738,51155.0,267.4346842213536,3.2967032967032965,88,91,3,0,88,91,34066,0,0,0,0,0
2020-08-17,US,Virginia,Radford,68,0,0,37.12222899,-80.56027320000003,51750.0,372.623157433284,0.0,68,67,0,0,67,65,18339,1,0,0,1,2
2020-08-17,US,Virginia,Rappahannock,46,2,0,38.68295619,-78.15826963,51157.0,624.1519674355495,4.3478260869565215,44,46,2,0,44,45,7252,0,0,0,0,1
2020-08-17,US,Virginia,Richmond,327,4,0,37.937575,-76.72920628,51159.0,3624.0718164690243,1.2232415902140672,323,324,4,0,320,323,9038,3,0,0,3,1
2020-08-17,US,Virginia,Richmond City,3404,42,0,37.53255773,-77.47966921,51760.0,1477.199743095697,1.2338425381903644,3362,3354,42,0,3312,3339,228783,50,0,0,50,15
2020-08-17,US,Virginia,Roanoke,522,4,0,37.26865804,-80.06396753,51161.0,554.2224959123437,0.7662835249042146,518,514,4,0,510,515,94073,8,0,0,8,-1
2020-08-17,US,Virginia,Roanoke City,1082,15,0,37.27791025,-79.96189766,51770.0,1091.352894304187,1.3863216266173752,1067,1064,15,0,1049,1056,99920,18,0,0,18,8
2020-08-17,US,Virginia,Rockbridge,80,1,0,37.81204314,-79.44605905,51163.0,354.40570593186544,1.25,79,80,1,0,79,75,22752,0,0,0,0,5
2020-08-17,US,Virginia,Rockingham,979,20,0,38.51006137,-78.87260325,51165.0,1194.6600283106359,2.042900919305413,959,975,20,0,955,968,81244,4,0,0,4,7
2020-08-17,US,Virginia,Russell,157,3,0,36.93028320000001,-82.10095486,51167.0,590.5363725268937,1.9108280254777068,154,150,3,0,147,145,26748,7,0,0,7,5
2020-08-17,US,Virginia,Salem,170,3,0,37.2836193,-80.06219455,51775.0,671.9102011778191,1.7647058823529411,167,165,3,0,162,165,25643,5,0,0,5,0
2020-08-17,US,Virginia,Scott,120,3,0,36.71466456,-82.60171704,51169.0,556.4314198275064,2.5,117,118,3,0,115,114,21534,2,0,0,2,4
2020-08-17,US,Virginia,Shenandoah,743,47,0,38.85905135,-78.56813762,51171.0,1703.503301540719,6.325706594885599,696,742,47,0,695,736,43497,1,0,0,1,6
2020-08-17,US,Virginia,Smyth,171,3,0,36.84455636,-81.53344948,51173.0,568.0308264682434,1.7543859649122806,168,169,3,0,166,164,30472,2,0,0,2,5
2020-08-17,US,Virginia,Southampton,309,13,0,36.72231125,-77.10642712,51175.0,1752.5948613238047,4.207119741100324,296,303,13,0,290,301,17586,6,0,0,6,2
2020-08-17,US,Virginia,Spotsylvania,1621,35,0,38.18574462,-77.655399,51177.0,1190.030466541864,2.15916101172116,1586,1607,35,0,1572,1598,134238,14,0,0,14,9
2020-08-17,US,Virginia,Stafford,1506,10,0,38.41758738,-77.45917053,51179.0,985.0734553446448,0.6640106241699867,1496,1496,10,0,1486,1480,149960,10,0,0,10,16
2020-08-17,US,Virginia,Staunton,159,0,0,38.15965544,-79.05979937,51790.0,637.7346382159474,0.0,159,158,0,0,158,158,24922,1,0,0,1,0
2020-08-17,US,Virginia,Suffolk,1438,53,0,36.70155394,-76.63603554,51800.0,1561.21075259478,3.6856745479833104,1385,1425,53,0,1372,1401,91185,13,0,0,13,24
2020-08-17,US,Virginia,Surry,52,2,0,37.11781893,-76.88450012,51181.0,809.7165991902832,3.8461538461538463,50,51,2,0,49,51,6474,1,0,0,1,0
2020-08-17,US,Virginia,Sussex,317,9,0,36.92432914,-77.25791182,51183.0,2840.7563401738507,2.8391167192429023,308,316,9,0,307,316,11237,1,0,0,1,0
2020-08-17,US,Virginia,Tazewell,131,0,0,37.12191123,-81.56685568,51185.0,322.69983988175886,0.0,131,131,0,0,131,130,40855,0,0,0,0,1
2020-08-17,US,Virginia,Virginia Beach,5444,55,0,36.73285734,-76.04566934,51810.0,1209.8476800881824,1.0102865540044086,5389,5394,55,0,5339,5322,450189,50,0,0,50,72
2020-08-17,US,Virginia,Warren,367,6,0,38.90847745,-78.20280433,51187.0,913.7536101981874,1.6348773841961852,361,367,6,0,361,367,40003,0,0,0,0,0
2020-08-17,US,Virginia,Washington,288,6,0,36.72341572,-81.95666289,51191.0,535.9136583550428,2.083333333333333,282,283,6,0,277,261,54402,5,0,0,5,22
2020-08-17,US,Virginia,Waynesboro,195,3,0,38.06451466,-78.90293905,51820.0,861.6880247459125,1.5384615384615383,192,188,3,0,185,187,22628,7,0,0,7,1
2020-08-17,US,Virginia,Westmoreland,217,3,0,38.11021557,-76.80213247,51193.0,1204.5517624202055,1.3824884792626728,214,216,3,0,213,216,17830,1,0,0,1,0
2020-08-17,US,Virginia,Williamsburg,136,6,0,37.28131268,-76.70905141,51830.0,909.4556640363784,4.411764705882354,130,135,6,0,129,133,14896,1,0,0,1,2
2020-08-17,US,Virginia,Winchester,421,4,0,39.17054517,-78.17325058,51840.0,1499.3945437709235,0.9501187648456056,417,421,4,0,417,416,28108,0,0,0,0,5
2020-08-17,US,Virginia,Wise,244,5,0,36.9746148,-82.62410519,51195.0,652.7031003397267,2.0491803278688523,239,238,5,0,233,229,38012,6,0,0,6,9
2020-08-17,US,Virginia,Wythe,127,3,0,36.91582035,-81.07834059,51197.0,442.7555431599498,2.3622047244094486,124,125,3,0,122,125,28754,2,0,0,2,0
2020-08-17,US,Virginia,York,409,4,0,37.24374789,-76.54412815,51199.0,599.00410076157,0.9779951100244498,405,406,4,0,402,400,67846,3,0,0,3,6
2020-08-17,US,Washington,Adams,504,6,0,46.98299757,-118.56017340000001,53001.0,2522.1438222489114,1.1904761904761905,498,504,6,0,498,494,19759,0,0,0,0,10
2020-08-17,US,Washington,Asotin,41,2,0,46.18894415,-117.2022851,53003.0,181.5605349393322,4.878048780487805,39,41,2,0,39,39,22610,0,0,0,0,2
2020-08-17,US,Washington,Benton,3860,121,0,46.23946995,-119.51208340000001,53005.0,1888.54640637996,3.1347150259067362,3739,3851,121,0,3730,3845,201877,9,0,0,9,6
2020-08-17,US,Washington,Chelan,1548,10,0,47.87046092,-120.6173956,53007.0,2005.1813471502594,0.6459948320413437,1538,1544,10,0,1534,1501,77036,4,0,0,4,43
2020-08-17,US,Washington,Clallam,169,1,0,48.04754642,-123.92263190000001,53009.0,218.5410766704168,0.591715976331361,168,163,1,0,162,152,76737,6,0,0,6,11
2020-08-17,US,Washington,Clark,1938,49,0,45.77568046,-122.48292040000001,53011.0,396.9351201558247,2.5283797729618165,1889,1933,49,0,1884,1927,481857,5,0,0,5,6
2020-08-17,US,Washington,Columbia,13,1,0,46.29442881,-117.9051983,53013.0,326.2233375156838,7.6923076923076925,12,13,1,0,12,13,4059,0,0,0,0,0
2020-08-17,US,Washington,Cowlitz,506,5,0,46.19074721,-122.6782231,53015.0,457.533478610762,0.9881422924901184,501,505,5,0,500,504,108987,1,0,0,1,1
2020-08-17,US,Washington,Douglas,1034,7,0,47.7361335,-119.69293700000001,53017.0,2380.897556932004,0.6769825918762089,1027,1031,7,0,1024,1011,42907,3,0,0,3,20
2020-08-17,US,Washington,Ferry,22,0,0,48.471143100000006,-118.5154041,53019.0,288.4489314278223,0.0,22,22,0,0,22,22,7649,0,0,0,0,0
2020-08-17,US,Washington,Franklin,3735,54,0,46.53351425,-118.9018212,53021.0,3922.4128877780345,1.4457831325301205,3681,3713,53,0,3660,3705,94347,22,1,0,21,8
2020-08-17,US,Washington,Garfield,4,0,0,46.43197502,-117.54540320000001,53023.0,179.77528089887642,0.0,4,4,0,0,4,4,2247,0,0,0,0,0
2020-08-17,US,Washington,Grant,1833,14,0,47.20753737,-119.4500749,53025.0,1875.5179928990208,0.7637752318603382,1819,1821,13,0,1808,1746,97331,12,1,0,11,75
2020-08-17,US,Washington,Grays Harbor,144,3,0,47.14003705,-123.7820567,53027.0,191.8439669069157,2.083333333333333,141,142,3,0,139,138,73901,2,0,0,2,4
2020-08-17,US,Washington,Island,254,12,0,48.14713305,-122.5216407,53029.0,298.3286548196521,4.724409448818896,242,253,12,0,241,250,84460,1,0,0,1,3
2020-08-17,US,Washington,Jefferson,59,0,0,47.75003077,-123.56097040000002,53031.0,183.1103938425251,0.0,59,59,0,0,59,57,31729,0,0,0,0,2
2020-08-17,US,Washington,King,17745,694,0,47.49137892,-121.8346131,53033.0,787.6927283687459,3.910960834037757,17051,17623,694,0,16929,17491,2233163,122,0,0,122,132
2020-08-17,US,Washington,Kitsap,812,7,0,47.63479026,-122.6436061,53035.0,299.10893532690176,0.8620689655172413,805,806,7,0,799,801,269805,6,0,0,6,5
2020-08-17,US,Washington,Kittitas,448,20,0,47.12521214,-120.67943899999999,53037.0,934.5989360592469,4.464285714285714,428,446,20,0,426,445,47364,2,0,0,2,1
2020-08-17,US,Washington,Klickitat,134,3,0,45.87325839,-120.7913598,53039.0,597.5473801560759,2.238805970149253,131,134,3,0,131,133,22107,0,0,0,0,1
2020-08-17,US,Washington,Lewis,262,4,0,46.57756476,-122.39257690000001,53041.0,324.63107289330543,1.5267175572519085,258,261,4,0,257,257,79604,1,0,0,1,4
2020-08-17,US,Washington,Lincoln,31,0,0,47.57705241,-118.41943880000001,53043.0,283.3897065545296,0.0,31,31,0,0,31,31,10740,0,0,0,0,0
2020-08-17,US,Washington,Mason,264,1,0,47.35007586,-123.1863685,53045.0,395.39899352983457,0.3787878787878788,263,262,1,0,261,257,65507,2,0,0,2,5
2020-08-17,US,Washington,Okanogan,925,6,0,48.54855019,-119.73872240000001,53047.0,2189.7119049309945,0.6486486486486487,919,924,6,0,918,907,42132,1,0,0,1,17
2020-08-17,US,Washington,Pacific,58,2,0,46.55418369,-123.7285716,53049.0,258.1104534733657,3.4482758620689653,56,58,2,0,56,57,22036,0,0,0,0,1
2020-08-17,US,Washington,Pend Oreille,50,0,0,48.53234021,-117.2741804,53051.0,364.32526960069947,0.0,50,50,0,0,50,48,13602,0,0,0,0,2
2020-08-17,US,Washington,Pierce,6177,147,0,47.03892768,-122.14059579999999,53053.0,682.5565205860902,2.379796017484216,6030,6150,146,0,6004,6094,891299,27,1,0,26,56
2020-08-17,US,Washington,San Juan,29,0,0,48.60182783,-122.96745,53055.0,164.94141735866228,0.0,29,30,0,0,30,30,17128,-1,0,0,-1,0
2020-08-17,US,Washington,Skagit,934,23,0,48.48171488,-121.766131,53057.0,722.8822413993266,2.462526766595289,911,932,23,0,909,922,128206,2,0,0,2,10
2020-08-17,US,Washington,Skamania,58,1,0,46.02408726,-121.91644029999999,53059.0,480.01324174459984,1.7241379310344829,57,58,1,0,57,58,11924,0,0,0,0,0
2020-08-17,US,Washington,Snohomish,5741,203,0,48.04615983,-121.7170703,53061.0,698.3479770290834,3.5359693433199797,5538,5730,204,0,5526,5716,814901,11,-1,0,12,14
2020-08-17,US,Washington,Spokane,4806,109,0,47.62113146,-117.4046494,53063.0,919.2843124878059,2.267998335414066,4697,4791,106,0,4685,4758,514631,15,3,0,12,33
2020-08-17,US,Washington,Stevens,116,1,0,48.40035475,-117.8542701,53065.0,253.7016381252324,0.8620689655172413,115,117,1,0,116,117,45260,-1,0,0,-1,0
2020-08-17,US,Washington,Thurston,798,11,0,46.9291895,-122.82906559999999,53067.0,274.6647575515599,1.3784461152882206,787,790,11,0,779,781,286419,8,0,0,8,9
2020-08-17,US,Washington,Unassigned,224,4,0,0.0,0.0,90053.0,0.0,1.7857142857142858,220,253,5,0,248,250,,-29,-1,0,-28,3
2020-08-17,US,Washington,Wahkiakum,5,0,0,46.29180039999999,-123.4250831,53069.0,111.40819964349377,0.0,5,5,0,0,5,5,4426,0,0,0,0,0
2020-08-17,US,Washington,Walla Walla,642,4,0,46.23040051,-118.4775539,53071.0,1056.6161948650426,0.6230529595015576,638,638,4,0,634,587,60922,4,0,0,4,51
2020-08-17,US,Washington,Whatcom,1029,39,0,48.82227976,-121.74900179999999,53073.0,448.8608356925063,3.7900874635568513,990,1024,39,0,985,1018,225685,5,0,0,5,6
2020-08-17,US,Washington,Whitman,124,0,0,46.90022523,-117.52417630000001,53075.0,247.48523072010212,0.0,124,124,0,0,124,124,49791,0,0,0,0,0
2020-08-17,US,Washington,Yakima,10645,221,0,46.45738486,-120.73801259999999,53077.0,4243.182805642696,2.0760920620009395,10424,10625,221,0,10404,10590,251446,20,0,0,20,35
2020-08-17,US,West Virginia,Barbour,33,1,0,39.1307219,-80.00350858,54001.0,200.717717900371,3.0303030303030303,32,33,1,0,32,31,16535,0,0,0,0,2
2020-08-17,US,West Virginia,Berkeley,738,11,0,39.46704621,-78.02414609,54003.0,619.2781800941505,1.4905149051490514,727,734,11,0,723,733,117123,4,0,0,4,1
2020-08-17,US,West Virginia,Boone,120,0,0,38.01974191,-81.69888019,54005.0,559.2580509856923,0.0,120,118,0,0,118,117,21951,2,0,0,2,1
2020-08-17,US,West Virginia,Braxton,8,0,0,38.70036159,-80.72011184,54007.0,57.31890807480117,0.0,8,8,0,0,8,8,14089,0,0,0,0,0
2020-08-17,US,West Virginia,Brooke,77,1,0,40.27367263,-80.57915332,54009.0,350.97315283285485,1.2987012987012987,76,76,1,0,75,74,22203,1,0,0,1,2
2020-08-17,US,West Virginia,Cabell,459,3,0,38.42424062,-82.23855912,54011.0,499.21148512697806,0.6535947712418301,456,450,3,0,447,447,93224,9,0,0,9,3
2020-08-17,US,West Virginia,Calhoun,7,0,0,38.84315422,-81.11934872,54013.0,98.46673231115489,0.0,7,7,0,0,7,6,7254,0,0,0,0,1
2020-08-17,US,West Virginia,Clay,18,1,0,38.46231092,-81.07652217,54015.0,211.56558533145275,5.5555555555555545,17,18,1,0,17,18,8632,0,0,0,0,0
2020-08-17,US,West Virginia,Doddridge,6,0,0,39.27057157,-80.70671527,54017.0,71.02272727272727,0.0,6,6,0,0,6,6,8406,0,0,0,0,0
2020-08-17,US,West Virginia,Fayette,170,7,0,38.02974928,-81.08286634,54019.0,400.8866669810877,4.117647058823529,163,170,7,0,163,166,43018,0,0,0,0,4
2020-08-17,US,West Virginia,Gilmer,18,0,0,38.9251277,-80.85952723,54021.0,230.09075802121947,0.0,18,18,0,0,18,18,8026,0,0,0,0,0
2020-08-17,US,West Virginia,Grant,131,4,0,39.10314817,-79.19440518,54023.0,1132.4343015214386,3.053435114503817,127,131,4,0,127,131,11626,0,0,0,0,0
2020-08-17,US,West Virginia,Greenbrier,96,3,0,37.9463652,-80.45335881,54025.0,276.9603600484681,3.125,93,96,3,0,93,95,34786,0,0,0,0,1
2020-08-17,US,West Virginia,Hampshire,89,1,0,39.32103553,-78.60826476,54027.0,384.03451995685,1.1235955056179776,88,88,1,0,87,86,23347,1,0,0,1,2
2020-08-17,US,West Virginia,Hancock,114,0,0,40.51943859,-80.57461608,54029.0,395.6959389101008,0.0,114,113,0,0,113,112,29094,1,0,0,1,1
2020-08-17,US,West Virginia,Hardy,63,0,0,39.00683177,-78.85855301,54031.0,457.31707317073165,0.0,63,63,0,0,63,63,13775,0,0,0,0,0
2020-08-17,US,West Virginia,Harrison,248,1,0,39.2853852,-80.37919577,54033.0,368.7403354347568,0.4032258064516129,247,248,1,0,247,243,67554,0,0,0,0,5
2020-08-17,US,West Virginia,Jackson,168,19,0,38.84263974,-81.68148753,54035.0,587.9059350503918,11.309523809523812,149,168,19,0,149,166,28706,0,0,0,0,2
2020-08-17,US,West Virginia,Jefferson,305,4,0,39.30776166,-77.86014147,54037.0,533.720645364505,1.3114754098360657,301,305,4,0,301,304,56811,0,0,0,0,1
2020-08-17,US,West Virginia,Kanawha,1095,24,0,38.33860077,-81.52857054,54039.0,614.7402932788393,2.191780821917808,1071,1080,24,0,1056,1066,180454,15,0,0,15,14
2020-08-17,US,West Virginia,Lewis,28,2,0,38.9947249,-80.49988181,54041.0,176.02313446910165,7.142857142857142,26,28,2,0,26,28,16024,0,0,0,0,0
2020-08-17,US,West Virginia,Lincoln,108,0,0,38.172154,-82.07017953,54043.0,529.1783036895488,0.0,108,108,0,0,108,105,20599,0,0,0,0,3
2020-08-17,US,West Virginia,Logan,362,11,0,37.8299889,-81.93528571,54045.0,1130.5787188856614,3.0386740331491717,351,356,11,0,345,354,32607,6,0,0,6,2
2020-08-17,US,West Virginia,Marion,199,2,0,39.50984542,-80.24244659,54049.0,354.90084177486085,1.0050251256281406,197,199,2,0,197,199,56097,0,0,0,0,0
2020-08-17,US,West Virginia,Marshall,130,1,0,39.86064362,-80.66591062,54051.0,425.79673119124817,0.7692307692307693,129,130,1,0,129,130,30785,0,0,0,0,0
2020-08-17,US,West Virginia,Mason,74,1,0,38.77071799,-82.02524219,54053.0,279.07678382863185,1.351351351351351,73,73,1,0,72,70,26718,1,0,0,1,3
2020-08-17,US,West Virginia,McDowell,67,0,0,37.38002939,-81.65083669,54047.0,380.1634135270086,0.0,67,67,0,0,67,66,18223,0,0,0,0,1
2020-08-17,US,West Virginia,Mercer,243,18,0,37.40481169,-81.11023142,54055.0,413.5607066271827,7.407407407407407,225,240,18,0,222,227,59131,3,0,0,3,13
2020-08-17,US,West Virginia,Mineral,127,4,0,39.41561583,-78.94104895,54057.0,472.6812565133243,3.1496062992125986,123,127,4,0,123,127,26940,0,0,0,0,0
2020-08-17,US,West Virginia,Mingo,202,5,0,37.73048351,-82.13338365,54059.0,862.3633879781421,2.4752475247524752,197,201,5,0,196,200,23785,1,0,0,1,1
2020-08-17,US,West Virginia,Monongalia,992,5,0,39.63218457,-80.04766838,54061.0,939.2872022118698,0.5040322580645161,987,989,5,0,984,986,106420,3,0,0,3,3
2020-08-17,US,West Virginia,Monroe,21,0,0,37.56274716,-80.54577965,54063.0,158.19209039548022,0.0,21,21,0,0,21,21,13280,0,0,0,0,0
2020-08-17,US,West Virginia,Morgan,33,0,0,39.55439028,-78.26311676,54065.0,184.522478192798,0.0,33,33,0,0,33,32,17787,0,0,0,0,1
2020-08-17,US,West Virginia,Nicholas,40,1,0,38.29617706,-80.79759588,54067.0,163.29196603527106,2.5,39,40,1,0,39,40,24842,0,0,0,0,0
2020-08-17,US,West Virginia,Ohio,283,4,0,40.0955451,-80.62203992,54069.0,683.3933012967569,1.413427561837456,279,279,4,0,275,278,41755,4,0,0,4,1
2020-08-17,US,West Virginia,Pendleton,43,1,0,38.68314479,-79.35084086,54071.0,617.0182235614866,2.3255813953488373,42,43,1,0,42,42,6997,0,0,0,0,1
2020-08-17,US,West Virginia,Pleasants,14,2,0,39.37091679,-81.16771771,54073.0,187.66756032171585,14.285714285714285,12,14,2,0,12,14,7507,0,0,0,0,0
2020-08-17,US,West Virginia,Pocahontas,42,0,0,38.32758728,-80.00993811,54075.0,509.2761004001455,0.0,42,42,0,0,42,42,8414,0,0,0,0,0
2020-08-17,US,West Virginia,Preston,130,4,0,39.46770987,-79.66712803,54077.0,388.8490069394592,3.0769230769230766,126,130,4,0,126,128,33839,0,0,0,0,2
2020-08-17,US,West Virginia,Putnam,225,0,0,38.50782345,-81.9082131,54079.0,398.58281665190435,0.0,225,218,0,0,218,216,56682,7,0,0,7,2
2020-08-17,US,West Virginia,Raleigh,304,1,0,37.76936795,-81.2456041,54081.0,414.3891168331948,0.32894736842105265,303,297,1,0,296,292,74254,7,0,0,7,5
2020-08-17,US,West Virginia,Randolph,214,0,0,38.769899,-79.87919615,54083.0,745.7745251786024,0.0,214,214,0,0,214,213,28823,0,0,0,0,1
2020-08-17,US,West Virginia,Ritchie,3,0,0,39.18094587,-81.06356878,54085.0,31.400460540087924,0.0,3,3,0,0,3,3,9721,0,0,0,0,0
2020-08-17,US,West Virginia,Roane,20,1,0,38.71622686,-81.35243568,54087.0,146.11338398597312,5.0,19,19,1,0,18,19,13932,1,0,0,1,0
2020-08-17,US,West Virginia,Summers,19,0,0,37.65390597,-80.86009693,54089.0,151.1174739521196,0.0,19,19,0,0,19,18,12760,0,0,0,0,1
2020-08-17,US,West Virginia,Taylor,81,1,0,39.33602617,-80.0421439,54091.0,485.1752021563343,1.2345679012345678,80,74,1,0,73,61,16862,7,0,0,7,13
2020-08-17,US,West Virginia,Tucker,11,0,0,39.11240885,-79.57053576,54093.0,160.84222839596433,0.0,11,11,0,0,11,11,6955,0,0,0,0,0
2020-08-17,US,West Virginia,Tyler,15,0,0,39.46811972,-80.88772676,54095.0,174.60132697008495,0.0,15,15,0,0,15,15,8746,0,0,0,0,0
2020-08-17,US,West Virginia,Upshur,40,0,0,38.89285061,-80.23689136,54097.0,165.45334215751157,0.0,40,40,0,0,40,40,24415,0,0,0,0,0
2020-08-17,US,West Virginia,Wayne,221,9,0,38.14901357,-82.42287994,54099.0,560.8852342520685,4.072398190045249,212,221,9,0,212,218,39944,0,0,0,0,3
2020-08-17,US,West Virginia,Webster,4,0,0,38.49370949,-80.4202023,54101.0,49.297510475720976,0.0,4,4,0,0,4,4,8285,0,0,0,0,0
2020-08-17,US,West Virginia,Wetzel,45,0,0,39.6065771,-80.64016540000001,54103.0,298.70560902754727,0.0,45,45,0,0,45,45,15270,0,0,0,0,0
2020-08-17,US,West Virginia,Wirt,7,0,0,39.02775007,-81.37473928,54105.0,120.25425184676172,0.0,7,7,0,0,7,7,5830,0,0,0,0,0
2020-08-17,US,West Virginia,Wood,283,5,0,39.20967886,-81.5162836,54107.0,338.84911037141694,1.7667844522968197,278,283,5,0,278,275,84203,0,0,0,0,8
2020-08-17,US,West Virginia,Wyoming,48,2,0,37.612327,-81.54511071,54109.0,235.36334215945863,4.166666666666667,46,47,2,0,45,46,20786,1,0,0,1,1
2020-08-17,US,Wisconsin,Adams,94,2,0,43.96974651,-89.76782777,55001.0,464.88625123639963,2.127659574468085,92,94,2,0,92,94,20348,0,0,0,0,0
2020-08-17,US,Wisconsin,Ashland,30,1,0,46.31956891,-90.67837132,55003.0,192.77727798483485,3.333333333333333,29,30,1,0,29,30,15600,0,0,0,0,0
2020-08-17,US,Wisconsin,Barron,328,3,0,45.42372701,-91.84833627,55005.0,724.9580054813898,0.9146341463414634,325,326,3,0,323,323,45164,2,0,0,2,3
2020-08-17,US,Wisconsin,Bayfield,37,1,0,46.52868768,-91.19716729,55007.0,246.0760840649109,2.702702702702702,36,34,1,0,33,32,15042,3,0,0,3,2
2020-08-17,US,Wisconsin,Brown,4505,55,0,44.452655299999996,-88.00411844,55009.0,1702.943199945566,1.2208657047724751,4450,4505,55,0,4450,4469,263378,0,0,0,0,36
2020-08-17,US,Wisconsin,Buffalo,47,2,0,44.37835084,-91.75332578,55011.0,360.67838231908524,4.25531914893617,45,47,2,0,45,47,13125,0,0,0,0,0
2020-08-17,US,Wisconsin,Burnett,28,1,0,45.86303537,-92.36711412,55013.0,181.65304268846504,3.571428571428572,27,27,1,0,26,27,15392,1,0,0,1,0
2020-08-17,US,Wisconsin,Calumet,402,2,0,44.0816316,-88.21780273,55015.0,802.5714228672963,0.4975124378109453,400,403,2,0,401,387,50159,-1,0,0,-1,16
2020-08-17,US,Wisconsin,Chippewa,279,0,0,45.06939744,-91.28068855,55017.0,431.50112901729096,0.0,279,274,0,0,274,266,64135,5,0,0,5,8
2020-08-17,US,Wisconsin,Clark,200,8,0,44.73483377,-90.61207486,55019.0,575.1423477310634,4.0,192,197,8,0,189,195,34709,3,0,0,3,2
2020-08-17,US,Wisconsin,Columbia,291,2,0,43.46492199,-89.33589004,55021.0,505.80546478481534,0.6872852233676976,289,288,2,0,286,287,57358,3,0,0,3,1
2020-08-17,US,Wisconsin,Crawford,90,0,0,43.23870316,-90.93073686,55023.0,557.9319323042589,0.0,90,86,0,0,86,84,16291,4,0,0,4,2
2020-08-17,US,Wisconsin,Dane,4874,39,0,43.06601594,-89.41733797,55025.0,891.5391580314433,0.8001641362330735,4835,4849,39,0,4810,4783,542364,25,0,0,25,66
2020-08-17,US,Wisconsin,Dodge,942,5,0,43.41576662,-88.70928178,55027.0,1072.4165803344756,0.5307855626326964,937,930,5,0,925,920,87847,12,0,0,12,10
2020-08-17,US,Wisconsin,Door,118,3,0,44.95856458,-87.30002707,55029.0,426.4854705797312,2.5423728813559316,115,114,3,0,111,115,27610,4,0,0,4,-1
2020-08-17,US,Wisconsin,Douglas,225,0,0,46.43222285,-91.91595768,55031.0,521.4368482039397,0.0,225,223,0,0,223,218,43208,2,0,0,2,5
2020-08-17,US,Wisconsin,Dunn,142,0,0,44.94562799,-91.8962481,55033.0,312.9959442779052,0.0,142,139,0,0,139,139,45131,3,0,0,3,0
2020-08-17,US,Wisconsin,Eau Claire,668,4,0,44.726614,-91.28609183,55035.0,638.3426026795099,0.5988023952095808,664,658,4,0,654,654,104534,10,0,0,10,4
2020-08-17,US,Wisconsin,Florence,16,0,0,45.84963535,-88.39804137,55037.0,372.52619324796274,0.0,16,16,0,0,16,15,4321,0,0,0,0,1
2020-08-17,US,Wisconsin,Fond du Lac,791,8,0,43.75354908,-88.48885325,55039.0,764.9681343868166,1.011378002528445,783,763,8,0,755,757,103066,28,0,0,28,6
2020-08-17,US,Wisconsin,Forest,61,4,0,45.66678019,-88.77084892,55041.0,677.4766770324301,6.557377049180328,57,61,4,0,57,60,8991,0,0,0,0,1
2020-08-17,US,Wisconsin,Grant,398,16,0,42.8671731,-90.7063218,55043.0,773.7319932347052,4.0201005025125625,382,396,16,0,380,391,51554,2,0,0,2,5
2020-08-17,US,Wisconsin,Green,220,1,0,42.6794956,-89.60243287,55045.0,595.2380952380953,0.4545454545454545,219,214,1,0,213,210,36929,6,0,0,6,4
2020-08-17,US,Wisconsin,Green Lake,63,0,0,43.80025981,-89.04679553,55047.0,333.10421403267594,0.0,63,62,0,0,62,62,18918,1,0,0,1,0
2020-08-17,US,Wisconsin,Iowa,100,0,0,43.00050278,-90.13469017,55049.0,422.3329673114283,0.0,100,100,0,0,100,97,23771,0,0,0,0,3
2020-08-17,US,Wisconsin,Iron,85,1,0,46.26302338,-90.24295041,55051.0,1494.6368911552663,1.1764705882352942,84,80,1,0,79,78,5676,5,0,0,5,2
2020-08-17,US,Wisconsin,Jackson,62,1,0,44.31864893,-90.80566792,55053.0,300.3439422564549,1.6129032258064515,61,62,1,0,61,60,20478,0,0,0,0,2
2020-08-17,US,Wisconsin,Jefferson,732,5,0,43.02054068,-88.77529134,55055.0,863.5232219325461,0.6830601092896175,727,718,5,0,713,701,85129,14,0,0,14,17
2020-08-17,US,Wisconsin,Juneau,152,1,0,43.92456975,-90.11120239,55057.0,569.5657061490614,0.6578947368421053,151,152,1,0,151,151,26617,0,0,0,0,1
2020-08-17,US,Wisconsin,Kenosha,2792,60,0,42.57639354,-88.04051686,55059.0,1646.605056587305,2.1489971346704877,2732,2780,60,0,2720,2771,169290,12,0,0,12,9
2020-08-17,US,Wisconsin,Kewaunee,143,2,0,44.51727459,-87.61468386,55061.0,699.8140354311441,1.3986013986013983,141,143,2,0,141,142,20383,0,0,0,0,1
2020-08-17,US,Wisconsin,La Crosse,973,1,0,43.90632465,-91.11451093,55063.0,824.4644793926249,0.1027749229188078,972,967,1,0,966,959,118230,6,0,0,6,8
2020-08-17,US,Wisconsin,Lafayette,172,0,0,42.66005229,-90.1317729,55065.0,1032.1032103210318,0.0,172,171,0,0,171,169,16665,1,0,0,1,2
2020-08-17,US,Wisconsin,Langlade,74,1,0,45.26271619,-89.07483625,55067.0,385.63760487779456,1.351351351351351,73,74,1,0,73,73,19268,0,0,0,0,1
2020-08-17,US,Wisconsin,Lincoln,73,0,0,45.33737523,-89.73411273,55069.0,264.5598521364114,0.0,73,73,0,0,73,73,27689,0,0,0,0,0
2020-08-17,US,Wisconsin,Manitowoc,406,1,0,44.11946801,-87.80928853,55071.0,514.0476823539839,0.24630541871921185,405,399,1,0,398,391,79074,7,0,0,7,8
2020-08-17,US,Wisconsin,Marathon,703,12,0,44.89792533,-89.75863384,55073.0,518.0850750228458,1.7069701280227596,691,697,12,0,685,691,135428,6,0,0,6,6
2020-08-17,US,Wisconsin,Marinette,501,5,0,45.38553432,-88.03324599999998,55075.0,1241.6356877323421,0.998003992015968,496,495,5,0,490,485,40434,6,0,0,6,10
2020-08-17,US,Wisconsin,Marquette,81,1,0,43.81911946,-89.40073763,55077.0,520.0975985617054,1.2345679012345678,80,81,1,0,80,81,15434,0,0,0,0,0
2020-08-17,US,Wisconsin,Menominee,26,0,0,45.00422544,-88.70950714,55078.0,570.6760316066725,0.0,26,26,0,0,26,26,4658,0,0,0,0,0
2020-08-17,US,Wisconsin,Milwaukee,22334,466,0,43.00486062,-87.96733172,55079.0,2361.571956359453,2.0865048804513298,21868,22212,466,0,21746,22054,948201,122,0,0,122,158
2020-08-17,US,Wisconsin,Monroe,254,2,0,43.94641218,-90.61881899999999,55081.0,549.1535684171838,0.7874015748031497,252,254,2,0,252,252,46051,0,0,0,0,2
2020-08-17,US,Wisconsin,Oconto,290,1,0,45.02715345,-88.26807503,55083.0,764.5663063538096,0.3448275862068966,289,276,1,0,275,272,37830,14,0,0,14,4
2020-08-17,US,Wisconsin,Oneida,179,0,0,45.70677897,-89.51944105,55085.0,502.87961792386574,0.0,179,176,0,0,176,173,35470,3,0,0,3,3
2020-08-17,US,Wisconsin,Outagamie,1401,14,0,44.41578887,-88.46565023,55087.0,745.6688932059503,0.9992862241256244,1387,1388,14,0,1374,1369,187365,13,0,0,13,19
2020-08-17,US,Wisconsin,Ozaukee,784,18,0,43.38352225,-87.94625009,55089.0,878.7168940047746,2.295918367346939,766,783,18,0,765,770,89147,1,0,0,1,13
2020-08-17,US,Wisconsin,Pepin,46,0,0,44.58307413,-91.99949611,55091.0,631.2611499931385,0.0,46,46,0,0,46,44,7289,0,0,0,0,2
2020-08-17,US,Wisconsin,Pierce,247,4,0,44.71850291,-92.4224416,55093.0,577.7237217570288,1.6194331983805668,243,244,4,0,240,239,42555,3,0,0,3,5
2020-08-17,US,Wisconsin,Polk,143,2,0,45.46130348,-92.44182875,55095.0,326.61078500787977,1.3986013986013983,141,143,2,0,141,140,43598,0,0,0,0,3
2020-08-17,US,Wisconsin,Portage,470,0,0,44.47558711,-89.50152965,55097.0,664.1044480868139,0.0,470,467,0,0,467,457,70942,3,0,0,3,10
2020-08-17,US,Wisconsin,Price,33,0,0,45.68051754,-90.36098879999999,55099.0,247.17249644221405,0.0,33,33,0,0,33,32,13397,0,0,0,0,1
2020-08-17,US,Wisconsin,Racine,3689,81,0,42.74753117,-88.05941254,55101.0,1879.1611269872808,2.1957169964760097,3608,3676,81,0,3595,3665,196584,13,0,0,13,11
2020-08-17,US,Wisconsin,Richland,38,4,0,43.3762778,-90.43012729,55103.0,220.26431718061679,10.526315789473683,34,38,4,0,34,38,17377,0,0,0,0,0
2020-08-17,US,Wisconsin,Rock,1494,26,0,42.67151616,-89.07147900000002,55105.0,914.5781554170695,1.7402945113788488,1468,1484,26,0,1458,1477,163129,10,0,0,10,7
2020-08-17,US,Wisconsin,Rusk,23,1,0,45.47498854,-91.1333012,55107.0,162.2231626463535,4.3478260869565215,22,22,1,0,21,22,14147,1,0,0,1,0
2020-08-17,US,Wisconsin,Sauk,513,3,0,43.42574087,-89.94966132,55111.0,796.0646783153844,0.5847953216374269,510,512,3,0,509,502,64249,1,0,0,1,10
2020-08-17,US,Wisconsin,Sawyer,113,0,0,45.87931905,-91.14504927,55113.0,682.4495712042518,0.0,113,110,0,0,110,101,16489,3,0,0,3,9
2020-08-17,US,Wisconsin,Shawano,221,0,0,44.78902246,-88.76443896,55115.0,540.3555099146679,0.0,221,217,0,0,217,214,40796,4,0,0,4,3
2020-08-17,US,Wisconsin,Sheboygan,850,8,0,43.72099677,-87.94579284,55117.0,736.9516212935669,0.9411764705882352,842,842,8,0,834,835,115456,8,0,0,8,7
2020-08-17,US,Wisconsin,St. Croix,544,6,0,45.03437474,-92.45000068,55109.0,599.8654713464995,1.1029411764705883,538,536,6,0,530,534,89694,8,0,0,8,2
2020-08-17,US,Wisconsin,Taylor,78,2,0,45.21179252,-90.5004405,55119.0,383.4242737059432,2.5641025641025643,76,78,2,0,76,76,20412,0,0,0,0,2
2020-08-17,US,Wisconsin,Trempealeau,370,2,0,44.30360275,-91.35893614,55121.0,1247.934163040912,0.5405405405405406,368,371,2,0,369,370,29442,-1,0,0,-1,1
2020-08-17,US,Wisconsin,Vernon,77,0,0,43.59422667,-90.8324691,55123.0,249.82155603140615,0.0,77,74,0,0,74,71,30785,3,0,0,3,3
2020-08-17,US,Wisconsin,Vilas,74,0,0,46.05467334,-89.51719204,55125.0,333.40842532101817,0.0,74,74,0,0,74,73,21938,0,0,0,0,1
2020-08-17,US,Wisconsin,Walworth,1516,25,0,42.66858202,-88.54163073,55127.0,1459.5448068702585,1.6490765171503958,1491,1499,25,0,1474,1479,103718,17,0,0,17,20
2020-08-17,US,Wisconsin,Washburn,50,0,0,45.89838588,-91.79050449,55129.0,318.06615776081424,0.0,50,50,0,0,50,49,15878,0,0,0,0,1
2020-08-17,US,Wisconsin,Washington,1259,23,0,43.36863664,-88.22974712,55131.0,925.5039181381128,1.8268467037331213,1236,1259,23,0,1236,1207,135693,0,0,0,0,52
2020-08-17,US,Wisconsin,Waukesha,4854,65,0,43.01833055,-88.30431188,55133.0,1200.8965902849593,1.3391017717346518,4789,4810,65,0,4745,4746,403072,44,0,0,44,64
2020-08-17,US,Wisconsin,Waupaca,531,16,0,44.47068056,-88.96534501,55135.0,1041.3806628750738,3.0131826741996237,515,526,16,0,510,520,51128,5,0,0,5,6
2020-08-17,US,Wisconsin,Waushara,128,1,0,44.11324419,-89.24317107,55137.0,523.6673076136317,0.78125,127,128,1,0,127,127,24263,0,0,0,0,1
2020-08-17,US,Wisconsin,Winnebago,1288,19,0,44.06886922,-88.64477096,55139.0,749.2423228838849,1.4751552795031055,1269,1280,19,0,1261,1263,171020,8,0,0,8,17
2020-08-17,US,Wisconsin,Wood,381,2,0,44.45537896,-90.04158336,55141.0,521.9249578761353,0.5249343832020997,379,379,2,0,377,372,73055,2,0,0,2,7
2020-08-17,US,Wyoming,Albany,103,0,0,41.65498705,-105.72354150000001,56001.0,264.917695473251,0.0,103,95,0,0,95,93,38601,8,0,0,8,2
2020-08-17,US,Wyoming,Big Horn,39,0,0,44.52405055,-107.9960365,56003.0,330.7888040712468,0.0,39,37,0,0,37,37,11881,2,0,0,2,0
2020-08-17,US,Wyoming,Campbell,148,0,0,44.24886082,-105.54744040000001,56005.0,319.37161476877924,0.0,148,148,0,0,148,148,46140,0,0,0,0,0
2020-08-17,US,Wyoming,Carbon,169,0,0,41.69357844,-106.9326084,56007.0,1141.8918918918919,0.0,169,167,0,0,167,129,14971,2,0,0,2,38
2020-08-17,US,Wyoming,Converse,33,0,0,42.97272268,-105.5081848,56009.0,238.7498191289249,0.0,33,31,0,0,31,31,13640,2,0,0,2,0
2020-08-17,US,Wyoming,Crook,11,0,0,44.58855102,-104.56977049999999,56011.0,145.042194092827,0.0,11,11,0,0,11,11,7450,0,0,0,0,0
2020-08-17,US,Wyoming,Fremont,533,0,0,43.04183996,-108.6296893,56013.0,1357.5813147907593,0.0,533,523,0,0,523,520,39531,10,0,0,10,3
2020-08-17,US,Wyoming,Goshen,39,0,0,42.08798185,-104.3534743,56015.0,295.2085383392628,0.0,39,39,0,0,39,37,13376,0,0,0,0,2
2020-08-17,US,Wyoming,Hot Springs,23,0,0,43.71930657,-108.44231740000001,56017.0,521.1874008610922,0.0,23,23,0,0,23,23,4555,0,0,0,0,0
2020-08-17,US,Wyoming,Johnson,25,1,0,44.04057166,-106.58451740000001,56019.0,296.03315571343984,4.0,24,25,1,0,24,25,8460,0,0,0,0,0
2020-08-17,US,Wyoming,Laramie,523,0,0,41.30702520000001,-104.6887497,56021.0,525.6281407035176,0.0,523,517,0,0,517,512,98976,6,0,0,6,5
2020-08-17,US,Wyoming,Lincoln,104,0,0,42.26376367,-110.6563997,56023.0,524.457892082703,0.0,104,102,0,0,102,101,19434,2,0,0,2,1
2020-08-17,US,Wyoming,Natrona,248,0,0,42.96180148,-106.79788500000001,56025.0,310.55122843046405,0.0,248,248,0,0,248,247,79115,0,0,0,0,1
2020-08-17,US,Wyoming,Niobrara,2,0,0,43.05607708,-104.47588959999999,56027.0,84.88964346349746,0.0,2,2,0,0,2,2,2388,0,0,0,0,0
2020-08-17,US,Wyoming,Park,146,0,0,44.52157546,-109.58528249999999,56029.0,500.10276084126883,0.0,146,144,0,0,144,144,29324,2,0,0,2,0
2020-08-17,US,Wyoming,Platte,6,0,0,42.13299116,-104.96633100000001,56031.0,71.4881448826403,0.0,6,6,0,0,6,6,8566,0,0,0,0,0
2020-08-17,US,Wyoming,Sheridan,86,0,0,44.79048913,-106.8862389,56033.0,282.1059537477448,0.0,86,83,0,0,83,81,30233,3,0,0,3,2
2020-08-17,US,Wyoming,Sublette,40,0,0,42.76558279,-109.91309220000001,56035.0,406.87620791374223,0.0,40,40,0,0,40,40,9813,0,0,0,0,0
2020-08-17,US,Wyoming,Sweetwater,278,0,0,41.65943896,-108.8827882,56037.0,656.5429941194529,0.0,278,276,0,0,276,275,43051,2,0,0,2,1
2020-08-17,US,Wyoming,Teton,390,0,0,43.93522482,-110.5890801,56039.0,1662.1206955335833,0.0,390,389,0,0,389,385,23081,1,0,0,1,4
2020-08-17,US,Wyoming,Uinta,277,0,0,41.2878183,-110.54757820000002,56041.0,1369.5243745673883,0.0,277,276,0,0,276,276,20299,1,0,0,1,0
2020-08-17,US,Wyoming,Unassigned,0,29,0,0.0,0.0,90056.0,0.0,0.0,-29,0,29,0,-29,0,,0,0,0,0,0
2020-08-17,US,Wyoming,Washakie,100,0,0,43.90451606,-107.68018700000002,56043.0,1281.2299807815502,0.0,100,97,0,0,97,97,7885,3,0,0,3,0
2020-08-17,US,Wyoming,Weston,8,0,0,43.83961191,-104.56748809999999,56045.0,115.490111159232,0.0,8,7,0,0,7,7,6967,1,0,0,1,0
