Date,Country/Region,Province/State,Admin2,Confirmed,Deaths,Recovered,Latitude,Longitude,FIPS,Incidence_Rate,Case-Fatality_Ratio,Active Cases,Previous Confirmed,Previous Deaths,Previous Recovered,Previous Active,Prev2 Confirmed,Population,Daily Confirmed,Daily Deaths,Daily Recovered,Daily Active,Previous Daily Confirmed
2020-07-31,US,Alabama,Autauga,972,20,0,32.53952745,-86.64408227,1001.0,1739.784137894002,2.05761316872428,952,963,20,0,943,949,55601,9,0,0,9,14
2020-07-31,US,Alabama,Baldwin,3056,21,0,30.72774991,-87.72207058,1003.0,1368.9670928263615,0.68717277486911,3035,2984,20,0,2964,2865,218022,72,1,0,71,119
2020-07-31,US,Alabama,Barbour,550,5,0,31.868263,-85.3871286,1005.0,2227.983472413514,0.9090909090909092,545,539,5,0,534,538,24881,11,0,0,11,1
2020-07-31,US,Alabama,Bibb,355,2,0,32.99642064,-87.12511459999996,1007.0,1585.2460480485845,0.5633802816901409,353,344,2,0,342,336,22400,11,0,0,11,8
2020-07-31,US,Alabama,Blount,685,3,0,33.98210918,-86.56790593,1009.0,1184.588247501124,0.4379562043795621,682,658,3,0,655,623,57840,27,0,0,27,35
2020-07-31,US,Alabama,Bullock,430,11,0,32.10030533,-85.71265535,1011.0,4257.004257004257,2.5581395348837206,419,428,11,0,417,425,10138,2,0,0,2,3
2020-07-31,US,Alabama,Butler,739,35,0,31.75300095,-86.68057478,1013.0,3799.876593994241,4.7361299052774015,704,733,35,0,698,728,19680,6,0,0,6,5
2020-07-31,US,Alabama,Calhoun,1409,9,0,33.77483727,-85.82630386,1015.0,1240.262312398222,0.63875088715401,1400,1297,8,0,1289,1253,114277,112,1,0,111,44
2020-07-31,US,Alabama,Chambers,806,38,0,32.91360079,-85.39072749,1017.0,2423.768569194684,4.714640198511166,768,800,38,0,762,796,33615,6,0,0,6,4
2020-07-31,US,Alabama,Cherokee,219,7,0,34.17805983,-85.60638968,1019.0,836.0054970224463,3.1963470319634704,212,217,7,0,210,211,26032,2,0,0,2,6
2020-07-31,US,Alabama,Chilton,660,5,0,32.85044126,-86.7173256,1021.0,1485.5496533717474,0.7575757575757576,655,650,5,0,645,637,44153,10,0,0,10,13
2020-07-31,US,Alabama,Choctaw,271,12,0,32.02227341,-88.26564429999998,1023.0,2152.6729684645325,4.428044280442805,259,265,12,0,253,265,12841,6,0,0,6,0
2020-07-31,US,Alabama,Clarke,473,9,0,31.68099859,-87.83548597,1025.0,2002.3706714080088,1.9027484143763211,464,469,9,0,460,453,23920,4,0,0,4,16
2020-07-31,US,Alabama,Clay,194,5,0,33.26984193,-85.85836077,1027.0,1465.8103513411409,2.5773195876288657,189,189,5,0,184,182,13275,5,0,0,5,7
2020-07-31,US,Alabama,Cleburne,111,1,0,33.67679204,-85.52005899,1029.0,744.466800804829,0.9009009009009008,110,110,1,0,109,109,14987,1,0,0,1,1
2020-07-31,US,Alabama,Coffee,689,5,0,31.39932826,-85.98901039,1031.0,1316.3425165259255,0.7256894049346879,684,672,5,0,667,664,51909,17,0,0,17,8
2020-07-31,US,Alabama,Colbert,1041,11,0,34.69847452,-87.80168544,1033.0,1884.469868394852,1.0566762728146013,1030,1007,11,0,996,950,54762,34,0,0,34,57
2020-07-31,US,Alabama,Conecuh,358,10,0,31.43401703,-86.99320044,1035.0,2966.768873788017,2.793296089385475,348,354,10,0,344,350,12277,4,0,0,4,4
2020-07-31,US,Alabama,Coosa,89,2,0,32.93690146,-86.24847739,1037.0,834.6619150332926,2.247191011235955,87,89,2,0,87,88,10715,0,0,0,0,1
2020-07-31,US,Alabama,Covington,680,20,0,31.247785399999998,-86.45050893,1039.0,1835.407163486194,2.9411764705882355,660,659,20,0,639,651,36986,21,0,0,21,8
2020-07-31,US,Alabama,Crenshaw,276,3,0,31.72941803,-86.31593104,1041.0,2004.0662213186167,1.0869565217391304,273,271,3,0,268,264,13824,5,0,0,5,7
2020-07-31,US,Alabama,Cullman,1075,11,0,34.13020303,-86.86888037,1043.0,1283.3062744723522,1.0232558139534884,1064,1050,11,0,1039,1018,83442,25,0,0,25,32
2020-07-31,US,Alabama,Dale,749,18,0,31.43037123,-85.61095742,1045.0,1523.2245993654926,2.403204272363151,731,738,18,0,720,729,48956,11,0,0,11,9
2020-07-31,US,Alabama,Dallas,1259,23,0,32.32688101,-87.10866709999998,1047.0,3384.7725561888374,1.8268467037331213,1236,1233,23,0,1210,1227,38310,26,0,0,26,6
2020-07-31,US,Alabama,DeKalb,1628,11,0,34.45946862,-85.80782906,1049.0,2276.5091661655924,0.6756756756756757,1617,1594,10,0,1584,1537,71385,34,1,0,33,57
2020-07-31,US,Alabama,Elmore,1544,35,0,32.59785413,-86.14415284,1051.0,1901.2671009370886,2.266839378238342,1509,1514,35,0,1479,1486,81887,30,0,0,30,28
2020-07-31,US,Alabama,Escambia,943,15,0,31.1256789,-87.15918694,1053.0,2574.1817486965306,1.5906680805938491,928,909,15,0,894,872,36748,34,0,0,34,37
2020-07-31,US,Alabama,Etowah,1857,19,0,34.04567266,-86.04051873,1055.0,1815.8172644424453,1.0231556273559506,1838,1797,19,0,1778,1743,102501,60,0,0,60,54
2020-07-31,US,Alabama,Fayette,163,5,0,33.72076938,-87.73886638,1057.0,999.8773156667894,3.0674846625766867,158,162,5,0,157,156,16433,1,0,0,1,6
2020-07-31,US,Alabama,Franklin,1162,20,0,34.44235334,-87.84289505,1059.0,3705.120846884765,1.721170395869191,1142,1144,20,0,1124,1117,31363,18,0,0,18,27
2020-07-31,US,Alabama,Geneva,210,0,0,31.09389027,-85.83572839,1061.0,799.3605115907277,0.0,210,204,0,0,204,198,26314,6,0,0,6,6
2020-07-31,US,Alabama,Greene,239,11,0,32.85504247,-87.95684022,1063.0,2946.6157070644804,4.602510460251046,228,238,11,0,227,237,8233,1,0,0,1,1
2020-07-31,US,Alabama,Hale,446,25,0,32.76039258,-87.63284988,1065.0,3044.1608081359636,5.605381165919282,421,438,25,0,413,432,14726,8,0,0,8,6
2020-07-31,US,Alabama,Henry,233,3,0,31.51148016,-85.24267944,1067.0,1354.2574832897415,1.2875536480686696,230,231,3,0,228,227,17209,2,0,0,2,4
2020-07-31,US,Alabama,Houston,1242,12,0,31.15197924,-85.29939599,1069.0,1173.0039100130334,0.966183574879227,1230,1219,12,0,1207,1187,104722,23,0,0,23,32
2020-07-31,US,Alabama,Jackson,749,3,0,34.78144169,-85.99750489,1071.0,1450.8193545887732,0.4005340453938585,746,720,3,0,717,690,51736,29,0,0,29,30
2020-07-31,US,Alabama,Jefferson,11194,223,0,33.55554728,-86.89506300000002,1073.0,1699.7356405440244,1.9921386457030552,10971,10939,220,0,10719,10690,659300,255,3,0,252,249
2020-07-31,US,Alabama,Lamar,191,2,0,33.77995024,-88.09668032,1075.0,1383.5566823614633,1.0471204188481675,189,189,2,0,187,177,13844,2,0,0,2,12
2020-07-31,US,Alabama,Lauderdale,1014,10,0,34.90171875,-87.65624729,1077.0,1093.5090424786206,0.9861932938856016,1004,990,10,0,980,946,92387,24,0,0,24,44
2020-07-31,US,Alabama,Lawrence,295,0,0,34.52041498,-87.31069453,1079.0,896.0029158060989,0.0,295,281,0,0,281,267,32957,14,0,0,14,14
2020-07-31,US,Alabama,Lee,2430,40,0,32.60154883,-85.35132246,1081.0,1476.826585309526,1.6460905349794241,2390,2386,40,0,2346,2356,163941,44,0,0,44,30
2020-07-31,US,Alabama,Limestone,1146,11,0,34.81185586,-86.98310072,1083.0,1158.5704898144872,0.9598603839441536,1135,1117,11,0,1106,1080,96174,29,0,0,29,37
2020-07-31,US,Alabama,Lowndes,546,24,0,32.1597283,-86.65158371,1085.0,5613.818630475013,4.395604395604397,522,547,24,0,523,541,9974,-1,0,0,-1,6
2020-07-31,US,Alabama,Macon,300,12,0,32.38759944,-85.69267724,1087.0,1660.3940668585346,4.0,288,298,12,0,286,295,18439,2,0,0,2,3
2020-07-31,US,Alabama,Madison,4720,25,0,34.76327133,-86.55069633,1089.0,1265.7243456178317,0.5296610169491526,4695,4658,25,0,4633,4501,366519,62,0,0,62,157
2020-07-31,US,Alabama,Marengo,504,14,0,32.24767634,-87.78796182,1091.0,2671.8973652123204,2.7777777777777777,490,502,14,0,488,496,19066,2,0,0,2,6
2020-07-31,US,Alabama,Marion,523,24,0,34.13697363,-87.88704173,1093.0,1760.4093035780404,4.588910133843212,499,510,24,0,486,496,29763,13,0,0,13,14
2020-07-31,US,Alabama,Marshall,2823,28,0,34.36975964,-86.30486727,1095.0,2917.1058342116685,0.991852639036486,2795,2795,28,0,2767,2727,96109,28,0,0,28,68
2020-07-31,US,Alabama,Mobile,8084,187,0,30.78472347,-88.20842409,1097.0,1956.3902132087808,2.3132112815437904,7897,7879,181,0,7698,7683,413757,205,6,0,199,196
2020-07-31,US,Alabama,Monroe,384,3,0,31.56729412,-87.36995001,1099.0,1852.1198090001446,0.78125,381,376,3,0,373,370,21067,8,0,0,8,6
2020-07-31,US,Alabama,Montgomery,6047,141,0,32.2206831,-86.20969272,1101.0,2669.9222026968555,2.331734744501406,5906,5957,139,0,5818,5885,225763,90,2,0,88,72
2020-07-31,US,Alabama,Morgan,2129,14,0,34.45500589,-86.85475946,1103.0,1778.9252918222912,0.6575857209957726,2115,2098,14,0,2084,2031,119089,31,0,0,31,67
2020-07-31,US,Alabama,Perry,417,3,0,32.64048341,-87.29770589,1105.0,4673.316149277149,0.7194244604316546,414,411,3,0,408,403,9140,6,0,0,6,8
2020-07-31,US,Alabama,Pickens,355,9,0,33.28094866,-88.08818103,1107.0,1781.2343201204214,2.5352112676056344,346,347,9,0,338,340,19938,8,0,0,8,7
2020-07-31,US,Alabama,Pike,640,7,0,31.80396383,-85.9408295,1109.0,1932.7172797004287,1.09375,633,631,7,0,624,616,33338,9,0,0,9,15
2020-07-31,US,Alabama,Randolph,384,10,0,33.29526734,-85.45708831,1111.0,1689.9920781621336,2.6041666666666665,374,378,10,0,368,378,22725,6,0,0,6,0
2020-07-31,US,Alabama,Russell,1161,1,0,32.28725256,-85.18415324,1113.0,2003.0710305205225,0.08613264427217916,1160,1143,1,0,1142,1121,57781,18,0,0,18,22
2020-07-31,US,Alabama,Shelby,2911,31,0,33.26879845,-86.66232561,1117.0,1337.1489467253402,1.0649261422191687,2880,2836,31,0,2805,2784,215707,75,0,0,75,52
2020-07-31,US,Alabama,St. Clair,1151,9,0,33.71902176,-86.31029372,1115.0,1285.861113593708,0.7819287576020851,1142,1112,9,0,1103,1097,88690,39,0,0,39,15
2020-07-31,US,Alabama,Sumter,360,17,0,32.59117397,-88.19916205,1119.0,2896.9180011265794,4.722222222222221,343,352,17,0,335,350,12691,8,0,0,8,2
2020-07-31,US,Alabama,Talladega,847,12,0,33.37823223,-86.16886178,1121.0,1059.0412363399937,1.4167650531286895,835,816,12,0,804,790,79828,31,0,0,31,26
2020-07-31,US,Alabama,Tallapoosa,798,78,0,32.86698258,-85.79833053,1123.0,1976.8622885029847,9.774436090225564,720,781,78,0,703,771,40497,17,0,0,17,10
2020-07-31,US,Alabama,Tuscaloosa,3805,61,0,33.28726072,-87.52556818,1125.0,1817.4870435384878,1.6031537450722733,3744,3755,61,0,3694,3694,208911,50,0,0,50,61
2020-07-31,US,Alabama,Unassigned,2445,49,0,0.0,0.0,90001.0,0.0,2.0040899795501024,2396,2267,49,0,2218,2210,,178,0,0,178,57
2020-07-31,US,Alabama,Walker,1441,61,0,33.80270512,-87.30027177,1127.0,2268.541112388029,4.233171408743928,1380,1420,60,0,1360,1407,63711,21,1,0,20,13
2020-07-31,US,Alabama,Washington,301,10,0,31.4092794,-88.20689944,1129.0,1843.684919759892,3.3222591362126246,291,296,10,0,286,294,16378,5,0,0,5,2
2020-07-31,US,Alabama,Wilcox,397,9,0,31.98773215,-87.30891118,1131.0,3827.243806034898,2.267002518891688,388,395,9,0,386,392,10627,2,0,0,2,3
2020-07-31,US,Alabama,Winston,418,10,0,34.15030532,-87.37325922,1133.0,1769.0126539421897,2.392344497607656,408,411,10,0,401,401,23660,7,0,0,7,10
2020-07-31,US,Alaska,Aleutians East,1,0,0,55.32222414,-161.9722021,2013.0,29.96703626011388,0.0,1,1,0,0,1,1,3515,0,0,0,0,0
2020-07-31,US,Alaska,Aleutians West,5,0,0,52.3233,-174.1596,2016.0,88.74689385871494,0.0,5,4,0,0,4,3,5723,1,0,0,1,1
2020-07-31,US,Alaska,Anchorage,1659,11,0,61.14998174,-149.14269860000005,2020.0,576.0416666666666,0.6630500301386377,1648,1576,10,0,1566,1534,291538,83,1,0,82,42
2020-07-31,US,Alaska,Bethel,19,0,0,60.90980451,-159.8561831,2050.0,103.33949744370716,0.0,19,19,0,0,19,18,18216,0,0,0,0,1
2020-07-31,US,Alaska,Bristol Bay,6,0,0,58.74513976,-156.701064,2060.0,717.7033492822967,0.0,6,6,0,0,6,6,877,0,0,0,0,0
2020-07-31,US,Alaska,Denali,1,0,0,63.67264044,-150.0076108,2068.0,47.687172150691474,0.0,1,1,0,0,1,1,2059,0,0,0,0,0
2020-07-31,US,Alaska,Dillingham,1,0,0,59.79603738,-158.23819419999995,2070.0,20.34174125305126,0.0,1,1,0,0,1,1,5000,0,0,0,0,0
2020-07-31,US,Alaska,Fairbanks North Star,398,5,0,64.80726247,-146.5692662,2090.0,410.9490030872802,1.256281407035176,393,386,5,0,381,380,98971,12,0,0,12,6
2020-07-31,US,Alaska,Haines,4,0,0,59.09893571,-135.4679843,2100.0,158.10276679841897,0.0,4,4,0,0,4,4,2474,0,0,0,0,0
2020-07-31,US,Alaska,Juneau,87,1,0,58.45031811,-134.200436,2110.0,272.0960780634265,1.1494252873563218,86,87,2,0,85,85,32113,0,-1,0,1,2
2020-07-31,US,Alaska,Kenai Peninsula,293,2,0,60.24429722,-151.53888840000005,2122.0,499.080193500034,0.6825938566552902,291,292,2,0,290,287,58533,1,0,0,1,5
2020-07-31,US,Alaska,Ketchikan Gateway,34,0,0,55.57445008,-130.975561,2130.0,244.5867203798288,0.0,34,34,0,0,34,34,13918,0,0,0,0,0
2020-07-31,US,Alaska,Kodiak Island,6,0,0,57.65529415,-153.7493579,2150.0,46.16094783812894,0.0,6,6,0,0,6,5,13345,0,0,0,0,1
2020-07-31,US,Alaska,Kusilvak,4,0,0,62.15429159999999,-163.39678830000003,2158.0,48.11161895597787,0.0,4,4,0,0,4,4,8303,0,0,0,0,0
2020-07-31,US,Alaska,Matanuska-Susitna,267,2,0,62.31305045,-149.5741743,2170.0,246.4987028813575,0.7490636704119851,265,259,2,0,257,245,107610,8,0,0,8,14
2020-07-31,US,Alaska,Nome,17,0,0,64.90320724,-164.0353804,2180.0,169.93202718912434,0.0,17,17,0,0,17,17,10008,0,0,0,0,0
2020-07-31,US,Alaska,North Slope,13,0,0,69.31479216,-153.4836093,2185.0,132.2213181448332,0.0,13,13,0,0,13,12,9872,0,0,0,0,1
2020-07-31,US,Alaska,Northwest Arctic,28,0,0,67.04919196,-159.7503946,2188.0,367.40585225036085,0.0,28,28,0,0,28,19,7671,0,0,0,0,9
2020-07-31,US,Alaska,Petersburg,6,1,0,57.13978948,-132.9540995,2195.0,183.71096142069808,16.666666666666668,5,6,1,0,5,6,3221,0,0,0,0,0
2020-07-31,US,Alaska,Prince of Wales-Hyder,5,0,0,55.76261984,-133.0511621,2198.0,80.60615831049492,0.0,5,5,0,0,5,7,6422,0,0,0,0,-2
2020-07-31,US,Alaska,Sitka,21,0,0,57.24124555,-135.3206587,2220.0,247.2624514305899,0.0,21,21,0,0,21,21,8647,0,0,0,0,0
2020-07-31,US,Alaska,Southeast Fairbanks,14,0,0,63.87692095,-143.2127643,2240.0,203.10459886841724,0.0,14,14,0,0,14,14,6918,0,0,0,0,0
2020-07-31,US,Alaska,Valdez-Cordova,44,0,0,61.47502768,-144.7126799,2261.0,478.15692240817214,0.0,44,42,0,0,42,42,9164,2,0,0,2,0
2020-07-31,US,Alaska,Wrangell,5,0,0,56.3202004,-132.05837309999998,2275.0,199.84012789768192,0.0,5,5,0,0,5,5,2503,0,0,0,0,0
2020-07-31,US,Alaska,Yakutat,7,0,0,59.890980799999994,-140.36014509999998,2282.0,1208.9810017271154,0.0,7,6,0,0,6,5,604,1,0,0,1,1
2020-07-31,US,Alaska,Yukon-Koyukuk,45,1,0,65.50815459,-151.39073869999999,2290.0,860.4206500956022,2.2222222222222223,44,42,1,0,41,42,5327,3,0,0,3,0
2020-07-31,US,Arizona,Apache,2994,130,0,35.39465006,-109.4892383,4001.0,4164.8698652051135,4.342017368069472,2864,2969,129,0,2840,2950,71818,25,1,0,24,19
2020-07-31,US,Arizona,Cochise,1503,48,0,31.87934684,-109.7516088,4003.0,1193.5960356411113,3.1936127744510983,1455,1467,47,0,1420,1442,126770,36,1,0,35,25
2020-07-31,US,Arizona,Coconino,2947,117,0,35.83883429,-111.77071780000001,4005.0,2054.002063062812,3.970139124533424,2830,2933,117,0,2816,2903,142854,14,0,0,14,30
2020-07-31,US,Arizona,Gila,809,29,0,33.80190085,-110.8132779,4007.0,1497.6489318375354,3.5846724351050683,780,778,29,0,749,730,53889,31,0,0,31,48
2020-07-31,US,Arizona,Graham,451,9,0,32.93166885,-109.8882178,4009.0,1161.2637433375392,1.9955654101995568,442,435,8,0,427,442,38072,16,1,0,15,-7
2020-07-31,US,Arizona,Greenlee,55,1,0,33.21498827,-109.2405279,4011.0,579.0692777426826,1.818181818181818,54,54,1,0,53,52,9483,1,0,0,1,2
2020-07-31,US,Arizona,La Paz,469,10,0,33.72854224,-113.98100290000001,4012.0,2221.9063862042826,2.1321961620469083,459,468,10,0,458,466,21098,1,0,0,1,2
2020-07-31,US,Arizona,Maricopa,117293,2054,0,33.34835867,-112.49181540000001,4013.0,2614.9871561465675,1.7511701465560603,115239,114852,2011,0,112841,113148,4410824,2441,43,0,2398,1704
2020-07-31,US,Arizona,Mohave,2918,149,0,35.70471703,-113.7577902,4015.0,1375.24094994368,5.106237148732008,2769,2865,149,0,2716,2828,209550,53,0,0,53,37
2020-07-31,US,Arizona,Navajo,5202,187,0,35.3997715,-110.3218983,4017.0,4689.697450506653,3.594771241830065,5015,5182,187,0,4995,5130,110445,20,0,0,20,52
2020-07-31,US,Arizona,Pima,16167,459,0,32.0971334,-111.7890033,4019.0,1543.7147121254225,2.8391167192429023,15708,15884,450,0,15434,15601,1039073,283,9,0,274,283
2020-07-31,US,Arizona,Pinal,7990,136,0,32.90525627,-111.3449483,4021.0,1726.4887454109758,1.702127659574468,7854,7875,132,0,7743,7720,447138,115,4,0,111,155
2020-07-31,US,Arizona,Santa Cruz,2599,50,0,31.52508998,-110.8479088,4023.0,5589.487719901931,1.9238168526356287,2549,2577,50,0,2527,2543,46511,22,0,0,22,34
2020-07-31,US,Arizona,Unassigned,0,1,0,0.0,0.0,90004.0,0.0,0.0,-1,,,,,,,,,,,
2020-07-31,US,Arizona,Yavapai,1733,60,0,34.59933926,-112.5538588,4025.0,737.1362702521068,3.462204270051933,1673,1698,59,0,1639,1661,231993,35,1,0,34,37
2020-07-31,US,Arizona,Yuma,10880,254,0,32.76895712,-113.90666740000002,4027.0,5089.1775458751,2.334558823529412,10626,10761,247,0,10514,10657,212128,119,7,0,112,104
2020-07-31,US,Arkansas,Arkansas,189,1,0,34.29145151,-91.37277296,5001.0,1080.8646917534027,0.5291005291005291,188,183,1,0,182,181,17769,6,0,0,6,2
2020-07-31,US,Arkansas,Ashley,230,4,0,33.19153461,-91.7698471,5003.0,1170.0666429261842,1.7391304347826086,226,214,4,0,210,197,20046,16,0,0,16,17
2020-07-31,US,Arkansas,Baxter,62,0,0,36.28784385,-92.33782872,5005.0,147.85843747018984,0.0,62,61,0,0,61,56,41619,1,0,0,1,5
2020-07-31,US,Arkansas,Benton,4458,38,0,36.33644656,-94.25680817,5007.0,1597.0423549389018,0.8524001794526693,4420,4408,35,0,4373,4355,272608,50,3,0,47,53
2020-07-31,US,Arkansas,Boone,157,1,0,36.3084504,-93.09374925,5009.0,419.4272280401795,0.6369426751592356,156,142,1,0,141,130,37480,15,0,0,15,12
2020-07-31,US,Arkansas,Bradley,138,3,0,33.46755808,-92.15980837,5011.0,1282.1703985877546,2.1739130434782608,135,134,3,0,131,123,10897,4,0,0,4,11
2020-07-31,US,Arkansas,Calhoun,12,0,0,33.55598792,-92.49974403,5013.0,231.2584312969744,0.0,12,12,0,0,12,10,5277,0,0,0,0,2
2020-07-31,US,Arkansas,Carroll,331,6,0,36.34038560000001,-93.54270261,5015.0,1166.3143058491894,1.8126888217522656,325,331,6,0,325,331,28223,0,0,0,0,0
2020-07-31,US,Arkansas,Chicot,506,6,0,33.26458973,-91.29539209,5017.0,5000.98833761613,1.1857707509881423,500,498,5,0,493,483,10438,8,1,0,7,15
2020-07-31,US,Arkansas,Clark,152,0,0,34.04613432,-93.17484713,5019.0,681.0035842293906,0.0,152,153,0,0,153,148,22061,-1,0,0,-1,5
2020-07-31,US,Arkansas,Clay,102,4,0,36.36826212,-90.4148172,5021.0,700.982750326438,3.92156862745098,98,103,4,0,99,104,14847,-1,0,0,-1,-1
2020-07-31,US,Arkansas,Cleburne,178,5,0,35.53864922,-92.02640019,5023.0,714.3143785866208,2.808988764044944,173,175,5,0,170,175,24965,3,0,0,3,0
2020-07-31,US,Arkansas,Cleveland,63,1,0,33.89723187,-92.18537045,5025.0,791.8552036199095,1.5873015873015872,62,63,1,0,62,63,8018,0,0,0,0,0
2020-07-31,US,Arkansas,Columbia,184,6,0,33.21230701,-93.22642793,5027.0,784.4140341902204,3.260869565217391,178,178,6,0,172,172,23537,6,0,0,6,6
2020-07-31,US,Arkansas,Conway,134,3,0,35.26205537,-92.70506566,5029.0,642.8091720234097,2.238805970149253,131,133,3,0,130,129,20891,1,0,0,1,4
2020-07-31,US,Arkansas,Craighead,1088,11,0,35.83018283,-90.63235729,5031.0,986.1146358264148,1.0110294117647058,1077,1062,11,0,1051,1031,108558,26,0,0,26,31
2020-07-31,US,Arkansas,Crawford,514,3,0,35.58928601,-94.2446814,5033.0,812.5582939437533,0.5836575875486382,511,495,3,0,492,487,63406,19,0,0,19,8
2020-07-31,US,Arkansas,Crittenden,1172,17,0,35.21247318,-90.30839406,5035.0,2443.95787717652,1.4505119453924915,1155,1135,17,0,1118,1127,48342,37,0,0,37,8
2020-07-31,US,Arkansas,Cross,157,1,0,35.29631396,-90.77185818,5037.0,956.209269748462,0.6369426751592356,156,157,1,0,156,156,16676,0,0,0,0,1
2020-07-31,US,Arkansas,Dallas,56,0,0,33.97042763,-92.65167437,5039.0,798.9727493222998,0.0,56,55,0,0,55,51,7182,1,0,0,1,4
2020-07-31,US,Arkansas,Desha,142,2,0,33.83011025,-91.25500948,5041.0,1249.8899744740781,1.4084507042253518,140,138,2,0,136,136,11512,4,0,0,4,2
2020-07-31,US,Arkansas,Drew,155,2,0,33.59035001,-91.71777921,5043.0,850.7601954004061,1.2903225806451613,153,152,2,0,150,149,18328,3,0,0,3,3
2020-07-31,US,Arkansas,Faulkner,1175,5,0,35.14719007,-92.33717519,5045.0,932.4878776575904,0.425531914893617,1170,1158,5,0,1153,1138,124806,17,0,0,17,20
2020-07-31,US,Arkansas,Franklin,104,2,0,35.51202821,-93.89299569,5047.0,587.0731018910528,1.9230769230769231,102,101,2,0,99,96,17810,3,0,0,3,5
2020-07-31,US,Arkansas,Fulton,27,0,0,36.38177105,-91.81729127,5049.0,216.39817263765326,0.0,27,26,0,0,26,26,12269,1,0,0,1,0
2020-07-31,US,Arkansas,Garland,814,7,0,34.57692074,-93.14921604,5051.0,819.0288370595456,0.85995085995086,807,786,7,0,779,735,99154,28,0,0,28,51
2020-07-31,US,Arkansas,Grant,124,0,0,34.29017991,-92.42320562,5053.0,678.8940596769778,0.0,124,122,0,0,122,122,18188,2,0,0,2,0
2020-07-31,US,Arkansas,Greene,293,1,0,36.11735460000001,-90.55832668,5055.0,646.4423607280751,0.3412969283276451,292,280,1,0,279,269,45325,13,0,0,13,11
2020-07-31,US,Arkansas,Hempstead,200,2,0,33.73325583,-93.66935133,5057.0,928.8500835965076,1.0,198,192,2,0,190,190,21741,8,0,0,8,2
2020-07-31,US,Arkansas,Hot Spring,1436,8,0,34.31709259,-92.95396325,5059.0,4252.169020757455,0.5571030640668524,1428,1429,7,0,1422,1419,33701,7,1,0,6,10
2020-07-31,US,Arkansas,Howard,291,2,0,34.09007427,-93.9934871,5061.0,2204.21148310862,0.6872852233676976,289,287,2,0,285,282,13341,4,0,0,4,5
2020-07-31,US,Arkansas,Independence,331,0,0,35.74242707,-91.57001641,5063.0,875.0826173165898,0.0,331,299,0,0,299,266,37678,32,0,0,32,33
2020-07-31,US,Arkansas,Izard,43,1,0,36.09604046,-91.90847954,5065.0,315.5037053342138,2.3255813953488373,42,38,1,0,37,37,13593,5,0,0,5,1
2020-07-31,US,Arkansas,Jackson,57,1,0,35.59802983,-91.21494602,5067.0,340.9294814283151,1.7543859649122806,56,56,1,0,55,55,16811,1,0,0,1,1
2020-07-31,US,Arkansas,Jefferson,1293,37,0,34.26767081,-91.92619839,5069.0,1934.9335568059385,2.8615622583139984,1256,1270,37,0,1233,1239,68114,23,0,0,23,31
2020-07-31,US,Arkansas,Johnson,612,0,0,35.56759135,-93.46036368,5071.0,2302.656332304914,0.0,612,606,0,0,606,597,26742,6,0,0,6,9
2020-07-31,US,Arkansas,Lafayette,48,2,0,33.24116713,-93.60677071,5073.0,724.6376811594204,4.166666666666667,46,48,2,0,46,48,6682,0,0,0,0,0
2020-07-31,US,Arkansas,Lawrence,179,9,0,36.04188196,-91.10867198,5075.0,1091.064244788492,5.027932960893856,170,173,9,0,164,169,16434,6,0,0,6,4
2020-07-31,US,Arkansas,Lee,882,6,0,34.78498904,-90.78383866,5077.0,9958.22513266343,0.6802721088435374,876,879,6,0,873,878,8985,3,0,0,3,1
2020-07-31,US,Arkansas,Lincoln,1165,11,0,33.95317155,-91.74002806,5079.0,8945.02457002457,0.944206008583691,1154,1161,11,0,1150,1155,13383,4,0,0,4,6
2020-07-31,US,Arkansas,Little River,149,1,0,33.70375665,-94.23468591,5081.0,1215.4335590178646,0.6711409395973155,148,145,1,0,144,138,12326,4,0,0,4,7
2020-07-31,US,Arkansas,Logan,139,0,0,35.21413234,-93.71951016,5083.0,647.5356377527252,0.0,139,134,0,0,134,130,21737,5,0,0,5,4
2020-07-31,US,Arkansas,Lonoke,405,2,0,34.75392199,-91.88742357,5085.0,552.4560422321953,0.4938271604938271,403,393,2,0,391,383,73657,12,0,0,12,10
2020-07-31,US,Arkansas,Madison,253,1,0,36.01038185,-93.72524943,5087.0,1526.3030888030887,0.3952569169960474,252,253,1,0,252,246,16481,0,0,0,0,7
2020-07-31,US,Arkansas,Marion,23,0,0,36.26844485,-92.68451899,5089.0,137.77405055708638,0.0,23,22,0,0,22,21,16722,1,0,0,1,1
2020-07-31,US,Arkansas,Miller,451,4,0,33.31403423,-93.89285258,5091.0,1042.605821023187,0.8869179600886918,447,442,4,0,438,438,43592,9,0,0,9,4
2020-07-31,US,Arkansas,Mississippi,677,9,0,35.76271485,-90.05194370000002,5093.0,1665.3956852229956,1.329394387001477,668,648,8,0,640,625,41239,29,1,0,28,23
2020-07-31,US,Arkansas,Monroe,49,0,0,34.6815935,-91.20540287,5095.0,731.2341441575884,0.0,49,48,0,0,48,48,6900,1,0,0,1,0
2020-07-31,US,Arkansas,Montgomery,25,0,0,34.53704874,-93.65824478,5097.0,278.2105497440463,0.0,25,24,0,0,24,24,8924,1,0,0,1,0
2020-07-31,US,Arkansas,Nevada,129,9,0,33.66340119,-93.30632432,5099.0,1563.2573921473581,6.9767441860465125,120,128,9,0,119,128,8326,1,0,0,1,0
2020-07-31,US,Arkansas,Newton,91,3,0,35.91947491,-93.21612969,5101.0,1173.739197729911,3.2967032967032965,88,89,3,0,86,90,7805,2,0,0,2,-1
2020-07-31,US,Arkansas,Ouachita,75,1,0,33.58839816,-92.87795984,5103.0,320.7595586348473,1.3333333333333333,74,74,1,0,73,72,23606,1,0,0,1,2
2020-07-31,US,Arkansas,Perry,49,0,0,34.9459153,-92.94372564,5105.0,468.67527498804395,0.0,49,48,0,0,48,46,10352,1,0,0,1,2
2020-07-31,US,Arkansas,Phillips,270,6,0,34.43268455,-90.84800154,5107.0,1518.3893825216512,2.2222222222222223,264,265,6,0,259,260,18029,5,0,0,5,5
2020-07-31,US,Arkansas,Pike,77,1,0,34.16250414,-93.65789349,5109.0,718.4176152267212,1.2987012987012987,76,69,1,0,68,65,10673,8,0,0,8,4
2020-07-31,US,Arkansas,Poinsett,151,3,0,35.57433534,-90.66268713,5111.0,641.7885073104386,1.9867549668874167,148,141,3,0,138,133,23974,10,0,0,10,8
2020-07-31,US,Arkansas,Polk,125,1,0,34.48254879,-94.22728802,5113.0,626.1270286515727,0.8,124,125,0,0,125,124,20049,0,1,0,-1,1
2020-07-31,US,Arkansas,Pope,1161,9,0,35.44871474,-93.03212219,5115.0,1812.0239730303408,0.7751937984496124,1152,1150,8,0,1142,1119,64000,11,1,0,10,31
2020-07-31,US,Arkansas,Prairie,59,0,0,34.83624419,-91.55162157,5117.0,731.8283304390967,0.0,59,57,0,0,57,57,8074,2,0,0,2,0
2020-07-31,US,Arkansas,Pulaski,4733,77,0,34.77054088,-92.31355101,5119.0,1207.6721500544766,1.6268751320515529,4656,4654,76,0,4578,4575,392680,79,1,0,78,79
2020-07-31,US,Arkansas,Randolph,164,2,0,36.3415714,-91.02455531,5121.0,913.2420091324201,1.2195121951219512,162,155,2,0,153,152,17948,9,0,0,9,3
2020-07-31,US,Arkansas,Saline,855,4,0,34.64916145,-92.67583224,5125.0,698.3183188088568,0.4678362573099415,851,827,4,0,823,809,121421,28,0,0,28,18
2020-07-31,US,Arkansas,Scott,41,0,0,34.85588887,-94.0632176,5127.0,398.79389164478164,0.0,41,35,0,0,35,34,10319,6,0,0,6,1
2020-07-31,US,Arkansas,Searcy,25,0,0,35.9109364,-92.69936482,5129.0,317.218627077782,0.0,25,25,0,0,25,25,7958,0,0,0,0,0
2020-07-31,US,Arkansas,Sebastian,1689,14,0,35.19605503,-94.27162713,5131.0,1321.3170926330115,0.8288928359976317,1675,1601,14,0,1587,1543,127753,88,0,0,88,58
2020-07-31,US,Arkansas,Sevier,929,10,0,33.99780401,-94.2424869,5133.0,5462.456635503028,1.0764262648008611,919,927,10,0,917,918,17139,2,0,0,2,9
2020-07-31,US,Arkansas,Sharp,99,5,0,36.16258158,-91.47819342,5135.0,567.5954592363262,5.05050505050505,94,97,5,0,92,94,17366,2,0,0,2,3
2020-07-31,US,Arkansas,St. Francis,1112,3,0,35.02201976,-90.74828138,5123.0,4449.067776266304,0.2697841726618705,1109,1104,3,0,1101,1086,25439,8,0,0,8,18
2020-07-31,US,Arkansas,Stone,52,1,0,35.86251946,-92.15684085,5137.0,415.8004158004158,1.9230769230769231,51,50,1,0,49,45,12457,2,0,0,2,5
2020-07-31,US,Arkansas,Unassigned,1554,0,0,0.0,0.0,90005.0,0.0,0.0,1554,1584,0,0,1584,1545,,-30,0,0,-30,39
2020-07-31,US,Arkansas,Union,428,16,0,33.16887091,-92.59746952,5139.0,1106.457783982214,3.7383177570093458,412,396,16,0,380,379,39126,32,0,0,32,17
2020-07-31,US,Arkansas,Van Buren,50,2,0,35.58095779,-92.51295036,5141.0,302.2061045633122,4.0,48,50,2,0,48,49,16603,0,0,0,0,1
2020-07-31,US,Arkansas,Washington,5896,45,0,35.976844,-94.21800746,5143.0,2465.0169114542177,0.7632293080054274,5851,5855,43,0,5812,5812,236961,41,2,0,39,43
2020-07-31,US,Arkansas,White,250,2,0,35.25688493,-91.74908296,5145.0,317.44822419463384,0.8,248,243,2,0,241,241,78727,7,0,0,7,2
2020-07-31,US,Arkansas,Woodruff,18,0,0,35.18902527,-91.2439489,5147.0,284.81012658227854,0.0,18,17,0,0,17,17,6490,1,0,0,1,0
2020-07-31,US,Arkansas,Yell,1004,14,0,35.00292371,-93.41171338,5149.0,4704.55929900192,1.3944223107569722,990,991,14,0,977,982,21535,13,0,0,13,9
2020-07-31,US,California,Alameda,11139,182,0,37.64629437,-121.8929271,6001.0,666.4756011533336,1.6338989137265465,10957,11131,182,0,10949,10773,1666753,8,0,0,8,358
2020-07-31,US,California,Alpine,2,0,0,38.59678594,-119.82235940000001,6003.0,177.14791851195747,0.0,2,2,0,0,2,2,1101,0,0,0,0,0
2020-07-31,US,California,Amador,115,0,0,38.44583082,-120.65696000000001,6005.0,289.29362044677003,0.0,115,110,0,0,110,89,39383,5,0,0,5,21
2020-07-31,US,California,Butte,941,7,0,39.66727762,-121.6005252,6007.0,429.3157409688575,0.7438894792773645,934,907,7,0,900,883,231256,34,0,0,34,24
2020-07-31,US,California,Calaveras,125,1,0,38.20537103,-120.55291299999999,6009.0,272.3014922121773,0.8,124,108,1,0,107,108,45602,17,0,0,17,0
2020-07-31,US,California,Colusa,323,4,0,39.17881957,-122.2331726,6011.0,1499.048591451246,1.238390092879257,319,312,4,0,308,304,21627,11,0,0,11,8
2020-07-31,US,California,Contra Costa,7670,119,0,37.91923498,-121.9289527,6013.0,664.9178258660836,1.5514993481095176,7551,7577,116,0,7461,7714,1150215,93,3,0,90,-137
2020-07-31,US,California,Del Norte,88,0,0,41.74228275,-123.89740630000001,6015.0,316.41018265496916,0.0,88,88,0,0,88,88,27828,0,0,0,0,0
2020-07-31,US,California,El Dorado,637,1,0,38.77965956,-120.5233166,6017.0,330.32051980108173,0.15698587127158556,636,613,1,0,612,589,190678,24,0,0,24,24
2020-07-31,US,California,Fresno,14439,138,0,36.75733899,-119.6466953,6019.0,1445.1992341114665,0.9557448576771244,14301,14312,120,0,14192,13336,994400,127,18,0,109,976
2020-07-31,US,California,Glenn,325,1,0,39.59875897,-122.3938452,6021.0,1144.64832881344,0.3076923076923077,324,315,1,0,314,311,28047,10,0,0,10,4
2020-07-31,US,California,Humboldt,233,4,0,40.69923009,-123.876044,6023.0,171.88214638752416,1.7167381974248928,229,231,4,0,227,228,136373,2,0,0,2,3
2020-07-31,US,California,Imperial,9366,210,0,33.0393082,-115.36690420000001,6025.0,5168.446320668819,2.242152466367713,9156,9298,200,0,9098,9241,181827,68,10,0,58,57
2020-07-31,US,California,Inyo,50,1,0,36.51112084,-117.41119779999998,6027.0,277.1772271190199,2.0,49,50,1,0,49,47,17987,0,0,0,0,3
2020-07-31,US,California,Kern,19335,140,0,35.34329425,-118.72777959999999,6029.0,2147.851260050522,0.7240755107318335,19195,18411,139,0,18272,17344,896764,924,1,0,923,1067
2020-07-31,US,California,Kings,4146,54,0,36.07409056,-119.8159973,6031.0,2710.867006669282,1.3024602026049203,4092,4106,51,0,4055,4036,151366,40,3,0,37,70
2020-07-31,US,California,Lake,195,1,0,39.10124298,-122.75362439999999,6033.0,302.8608703755475,0.5128205128205128,194,183,1,0,182,181,64382,12,0,0,12,2
2020-07-31,US,California,Lassen,631,0,0,40.67311306,-120.59350990000002,6035.0,2063.9126026232293,0.0,631,631,0,0,631,558,30802,0,0,0,0,73
2020-07-31,US,California,Los Angeles,188541,4624,0,34.30828379,-118.22824109999999,6037.0,1878.065449446848,2.452516959175988,183917,186036,4559,0,181477,183456,10105518,2505,65,0,2440,2580
2020-07-31,US,California,Madera,1943,30,0,37.21513971,-119.76655890000002,6039.0,1235.0073413972173,1.5440041173443129,1913,1886,28,0,1858,1850,157672,57,2,0,55,36
2020-07-31,US,California,Marin,4987,70,0,38.07122463,-122.72106310000001,6041.0,1926.7770625825844,1.4036494886705435,4917,4934,64,0,4870,4817,259666,53,6,0,47,117
2020-07-31,US,California,Mariposa,53,2,0,37.57978556,-119.9073334,6043.0,308.0857989885485,3.7735849056603774,51,53,2,0,51,51,17471,0,0,0,0,2
2020-07-31,US,California,Mendocino,312,9,0,39.4381191,-123.39113130000001,6045.0,359.65832459163795,2.8846153846153846,303,293,6,0,287,280,87606,19,3,0,16,13
2020-07-31,US,California,Merced,4065,39,0,37.18922369,-120.72090349999999,6047.0,1463.9152981849606,0.9594095940959408,4026,4065,39,0,4026,3906,274765,0,0,0,0,159
2020-07-31,US,California,Modoc,2,0,0,41.58965602,-120.7244817,6049.0,22.621875353466802,0.0,2,2,0,0,2,2,8777,0,0,0,0,0
2020-07-31,US,California,Mono,142,1,0,37.93899289,-118.8872409,6051.0,983.1071725283856,0.7042253521126759,141,128,1,0,127,125,14250,14,0,0,14,3
2020-07-31,US,California,Monterey,4542,26,0,36.21862405,-121.24133970000001,6053.0,1046.3967046106422,0.5724350506384852,4516,4457,26,0,4431,4288,435594,85,0,0,85,169
2020-07-31,US,California,Napa,888,8,0,38.50735751,-122.33283899999999,6055.0,644.6741781856198,0.9009009009009008,880,865,8,0,857,860,139417,23,0,0,23,5
2020-07-31,US,California,Nevada,299,1,0,39.30394768,-120.76272809999999,6057.0,299.7343491554308,0.33444816053511706,298,293,1,0,292,288,99696,6,0,0,6,5
2020-07-31,US,California,Orange,36196,618,0,33.70147516,-117.76459979999998,6059.0,1139.783077200182,1.7073709802188086,35578,35778,604,0,35174,35272,3185968,418,14,0,404,506
2020-07-31,US,California,Placer,1876,15,0,39.06167234,-120.72405690000001,6061.0,470.9674665916868,0.7995735607675906,1861,1822,15,0,1807,1790,393149,54,0,0,54,32
2020-07-31,US,California,Plumas,33,0,0,40.00355989,-120.8395236,6063.0,175.46658159196045,0.0,33,32,0,0,32,31,18804,1,0,0,1,1
2020-07-31,US,California,Riverside,37011,695,0,33.74314981,-115.9933578,6065.0,1498.0898959177443,1.8778201075355976,36316,36629,688,0,35941,36159,2450758,382,7,0,375,470
2020-07-31,US,California,Sacramento,9820,133,0,38.45106826,-121.34253740000001,6067.0,632.708313735698,1.3543788187372712,9687,9664,127,0,9537,9514,1540975,156,6,0,150,150
2020-07-31,US,California,San Benito,622,4,0,36.60308176,-121.069975,6069.0,990.3197044962424,0.6430868167202572,618,609,4,0,605,601,61537,13,0,0,13,8
2020-07-31,US,California,San Bernardino,32230,409,0,34.84060306,-116.1774685,6071.0,1478.3827236094007,1.269004033509153,31821,31688,419,0,31269,32309,2171603,542,-10,0,552,-621
2020-07-31,US,California,San Diego,29048,561,0,33.03484597,-116.73653259999999,6073.0,870.135666635713,1.931286147066924,28487,28688,558,0,28130,28287,3343364,360,3,0,357,401
2020-07-31,US,California,San Francisco,6575,59,0,37.75215114,-122.43856720000001,6075.0,745.8462320302104,0.8973384030418251,6516,6423,58,0,6365,6197,883305,152,1,0,151,226
2020-07-31,US,California,San Joaquin,11483,168,0,37.93433732,-121.2730061,6077.0,1506.6627479177273,1.4630323086301489,11315,11342,151,0,11191,11209,752660,141,17,0,124,133
2020-07-31,US,California,San Luis Obispo,1783,15,0,35.38822029,-120.4039028,6079.0,629.7883162434522,0.8412787436904094,1768,1740,14,0,1726,1710,284010,43,1,0,42,30
2020-07-31,US,California,San Mateo,5469,119,0,37.422880799999994,-122.32755459999998,6081.0,713.434989231293,2.1759005302614742,5350,5398,118,0,5280,5306,769545,71,1,0,70,92
2020-07-31,US,California,Santa Barbara,6167,60,0,34.65329488,-120.0188492,6083.0,1381.1901034492798,0.9729203826820172,6107,6094,32,0,6062,6021,446527,73,28,0,45,73
2020-07-31,US,California,Santa Clara,9913,191,0,37.23104908,-121.6970462,6085.0,514.1992227619132,1.9267628366791083,9722,9731,190,0,9541,9612,1937570,182,1,0,181,119
2020-07-31,US,California,Santa Cruz,1109,4,0,37.05580291,-122.0066524,6087.0,405.91040689864684,0.3606853020739405,1105,1076,4,0,1072,1030,274255,33,0,0,33,46
2020-07-31,US,California,Shasta,369,9,0,40.76391419,-122.0396884,6089.0,204.90892936472682,2.4390243902439024,360,360,9,0,351,348,180040,9,0,0,9,12
2020-07-31,US,California,Sierra,2,0,0,39.57713498,-120.52007009999998,6091.0,66.55574043261231,0.0,2,2,0,0,2,2,2987,0,0,0,0,0
2020-07-31,US,California,Siskiyou,72,0,0,41.59198861,-122.54074340000001,6093.0,165.36897953558878,0.0,72,72,0,0,72,67,43724,0,0,0,0,5
2020-07-31,US,California,Solano,3611,37,0,38.26827353,-121.9357113,6095.0,806.6696005522258,1.0246469122126836,3574,3520,37,0,3483,3462,446610,91,0,0,91,58
2020-07-31,US,California,Sonoma,2842,32,0,38.52746429,-122.88625060000001,6097.0,574.9126100466079,1.1259676284306823,2810,2748,31,0,2717,2662,499942,94,1,0,93,86
2020-07-31,US,California,Stanislaus,8890,104,0,37.55862499,-120.9970722,6099.0,1614.4263247739075,1.1698537682789651,8786,8745,104,0,8641,8492,549815,145,0,0,145,253
2020-07-31,US,California,Sutter,755,6,0,39.03417539,-121.6945899,6101.0,778.5832877870703,0.7947019867549668,749,731,6,0,725,731,96807,24,0,0,24,0
2020-07-31,US,California,Tehama,227,1,0,40.12570935,-122.23701709999999,6103.0,348.78003810460336,0.4405286343612335,226,227,1,0,226,219,63916,0,0,0,0,8
2020-07-31,US,California,Trinity,5,0,0,40.64917670000001,-123.114713,6105.0,40.7000407000407,0.0,5,5,0,0,5,4,12535,0,0,0,0,1
2020-07-31,US,California,Tulare,9454,178,0,36.22026558,-118.8020203,6107.0,2027.906777206963,1.8828009308229319,9276,9241,173,0,9068,9076,465861,213,5,0,208,165
2020-07-31,US,California,Tuolumne,141,2,0,38.02644018,-119.95250929999999,6109.0,258.82007415837586,1.4184397163120568,139,134,2,0,132,132,54539,7,0,0,7,2
2020-07-31,US,California,Ventura,7344,76,0,34.44465746,-119.09106129999999,6111.0,868.0789497946823,1.0348583877995643,7268,7103,74,0,7029,6997,850967,241,2,0,239,106
2020-07-31,US,California,Yolo,1510,41,0,38.68278902,-121.90182879999999,6113.0,684.8072562358277,2.7152317880794703,1469,1494,41,0,1453,1477,220408,16,0,0,16,17
2020-07-31,US,California,Yuba,465,4,0,39.26255932,-121.35356440000001,6115.0,591.0916764122643,0.8602150537634409,461,441,4,0,437,441,78041,24,0,0,24,0
2020-07-31,US,Colorado,Adams,5957,171,0,39.87432092,-104.3362578,8001.0,1151.2868631153356,2.8705724357898266,5786,5868,168,0,5700,5794,511868,89,3,0,86,74
2020-07-31,US,Colorado,Alamosa,224,9,0,37.57250606,-105.7885451,8003.0,1379.9051315222077,4.017857142857143,215,222,8,0,214,221,16683,2,1,0,1,1
2020-07-31,US,Colorado,Arapahoe,6877,362,0,39.64977461,-104.3353617,8005.0,1047.3811663290635,5.263923222335321,6515,6798,362,0,6436,6749,651215,79,0,0,79,49
2020-07-31,US,Colorado,Archuleta,32,0,0,37.19474156,-107.0476867,8007.0,228.0989379143204,0.0,32,31,0,0,31,30,13765,1,0,0,1,1
2020-07-31,US,Colorado,Baca,14,0,0,37.31940883,-102.5603223,8009.0,390.9522479754258,0.0,14,14,0,0,14,14,3585,0,0,0,0,0
2020-07-31,US,Colorado,Bent,5,0,0,37.95474293,-103.0720195,8011.0,89.65393580778195,0.0,5,5,0,0,5,5,5882,0,0,0,0,0
2020-07-31,US,Colorado,Boulder,1872,75,0,40.09313619,-105.3546767,8013.0,573.8880918220947,4.006410256410256,1797,1840,75,0,1765,1825,326078,32,0,0,32,15
2020-07-31,US,Colorado,Broomfield,398,32,0,39.95998787,-105.0566324,8014.0,564.8194138934223,8.040201005025125,366,392,32,0,360,387,69267,6,0,0,6,5
2020-07-31,US,Colorado,Chaffee,286,19,0,38.74745778,-106.19265729999998,8015.0,1404.9911573983102,6.643356643356642,267,281,19,0,262,281,20027,5,0,0,5,0
2020-07-31,US,Colorado,Cheyenne,8,0,0,38.82777431,-102.6032558,8017.0,436.9197160021846,0.0,8,8,0,0,8,8,1876,0,0,0,0,0
2020-07-31,US,Colorado,Clear Creek,26,1,0,39.68864463,-105.6463118,8019.0,268.0412371134021,3.8461538461538463,25,26,1,0,25,26,9605,0,0,0,0,0
2020-07-31,US,Colorado,Conejos,23,0,0,37.201606,-106.19174879999998,8021.0,280.31687995124923,0.0,23,23,0,0,23,21,8200,0,0,0,0,2
2020-07-31,US,Colorado,Costilla,22,0,0,37.27732493,-105.4276548,8023.0,565.9891947517366,0.0,22,22,0,0,22,22,3828,0,0,0,0,0
2020-07-31,US,Colorado,Crowley,72,1,0,38.32608609,-103.7844965,8025.0,1187.922785018974,1.3888888888888888,71,72,1,0,71,72,5858,0,0,0,0,0
2020-07-31,US,Colorado,Custer,10,0,0,38.10883162,-105.3683478,8027.0,197.3164956590371,0.0,10,10,0,0,10,10,4954,0,0,0,0,0
2020-07-31,US,Colorado,Delta,104,1,0,38.86246243,-107.8631342,8029.0,333.7398113086452,0.9615384615384616,103,101,1,0,100,100,30953,3,0,0,3,1
2020-07-31,US,Colorado,Denver,9623,410,0,39.76018276,-104.8725695,8031.0,1323.274812949749,4.260625584537046,9213,9529,408,0,9121,9482,716492,94,2,0,92,47
2020-07-31,US,Colorado,Dolores,1,0,0,37.75208676,-108.5211585,8033.0,48.661800486618006,0.0,1,1,0,0,1,1,2074,0,0,0,0,0
2020-07-31,US,Colorado,Douglas,1616,58,0,39.33133796,-104.930001,8035.0,460.1969506256514,3.5891089108910887,1558,1594,58,0,1536,1577,342776,22,0,0,22,17
2020-07-31,US,Colorado,Eagle,1026,9,0,39.62754308,-106.6933637,8037.0,1861.156964826673,0.8771929824561403,1017,1006,9,0,997,1002,54993,20,0,0,20,4
2020-07-31,US,Colorado,El Paso,4473,135,0,38.83240149,-104.5251411,8041.0,620.9024670913362,3.0181086519114686,4338,4381,130,0,4251,4327,713856,92,5,0,87,54
2020-07-31,US,Colorado,Elbert,85,2,0,39.28656773,-104.1358721,8039.0,318.00665943357404,2.3529411764705883,83,83,2,0,81,82,26282,2,0,0,2,1
2020-07-31,US,Colorado,Fremont,102,0,0,38.47362326,-105.4399667,8043.0,213.21515917974875,0.0,102,101,0,0,101,95,48021,1,0,0,1,6
2020-07-31,US,Colorado,Garfield,691,4,0,39.59921777,-107.902708,8045.0,1150.4969947220327,0.5788712011577424,687,682,4,0,678,664,59770,9,0,0,9,18
2020-07-31,US,Colorado,Gilpin,13,0,0,39.85646523,-105.5252597,8047.0,208.23322120775268,0.0,13,13,0,0,13,13,6121,0,0,0,0,0
2020-07-31,US,Colorado,Grand,42,1,0,40.10603347,-106.1178042,8049.0,266.93784161688063,2.380952380952381,41,41,1,0,40,41,15525,1,0,0,1,0
2020-07-31,US,Colorado,Gunnison,246,6,0,38.66611652,-107.0320729,8051.0,1408.7733363875845,2.4390243902439024,240,246,6,0,240,244,17246,0,0,0,0,2
2020-07-31,US,Colorado,Hinsdale,3,0,0,37.82247444,-107.3004345,8053.0,365.8536585365854,0.0,3,3,0,0,3,3,811,0,0,0,0,0
2020-07-31,US,Colorado,Huerfano,6,1,0,37.68473101,-104.9612585,8055.0,86.99434536755109,16.666666666666668,5,6,1,0,5,6,6889,0,0,0,0,0
2020-07-31,US,Colorado,Jackson,8,0,0,40.66593870000001,-106.3408905,8057.0,574.7126436781608,0.0,8,8,0,0,8,8,1399,0,0,0,0,0
2020-07-31,US,Colorado,Jefferson,3874,227,0,39.58635604,-105.2517692,8059.0,664.6296585409373,5.859576664945793,3647,3821,226,0,3595,3782,580233,53,1,0,52,39
2020-07-31,US,Colorado,Kit Carson,42,3,0,39.30497777,-102.6022199,8063.0,591.7993518388051,7.142857142857142,39,42,3,0,39,42,7163,0,0,0,0,0
2020-07-31,US,Colorado,La Plata,197,2,0,37.28632032,-107.8429014,8067.0,350.4028743707866,1.0152284263959392,195,197,2,0,195,196,56310,0,0,0,0,1
2020-07-31,US,Colorado,Lake,70,0,0,39.20278823,-106.3555697,8065.0,861.3264427217915,0.0,70,69,0,0,69,68,7824,1,0,0,1,1
2020-07-31,US,Colorado,Larimer,1359,35,0,40.66671597,-105.4625784,8069.0,380.779996581666,2.5754231052244303,1324,1335,34,0,1301,1314,350518,24,1,0,23,21
2020-07-31,US,Colorado,Las Animas,15,0,0,37.3153406,-104.0376458,8071.0,103.40548738453056,0.0,15,15,0,0,15,14,14503,0,0,0,0,1
2020-07-31,US,Colorado,Lincoln,6,0,0,38.98749519,-103.5136649,8073.0,105.24469391334854,0.0,6,6,0,0,6,6,5610,0,0,0,0,0
2020-07-31,US,Colorado,Logan,647,5,0,40.7249637,-103.110817,8075.0,2887.2328082466865,0.7727975270479135,642,647,5,0,642,647,21528,0,0,0,0,0
2020-07-31,US,Colorado,Mesa,255,3,0,39.01787888,-108.469799,8077.0,165.35892613967962,1.1764705882352942,252,250,2,0,248,244,153207,5,1,0,4,6
2020-07-31,US,Colorado,Mineral,18,0,0,37.66954283,-106.9281698,8079.0,2340.702210663199,0.0,18,18,0,0,18,18,776,0,0,0,0,0
2020-07-31,US,Colorado,Moffat,24,1,0,40.61810999,-108.2070876,8081.0,180.68207483249267,4.166666666666667,23,24,1,0,23,24,13188,0,0,0,0,0
2020-07-31,US,Colorado,Montezuma,107,4,0,37.33859579,-108.5958857,8083.0,408.6621090020242,3.7383177570093458,103,107,4,0,103,103,26158,0,0,0,0,4
2020-07-31,US,Colorado,Montrose,274,13,0,38.40214114,-108.26390220000002,8085.0,640.815753777071,4.744525547445256,261,265,13,0,252,265,42214,9,0,0,9,0
2020-07-31,US,Colorado,Morgan,674,46,0,40.26279810000001,-103.8093302,8087.0,2318.700977019403,6.824925816023739,628,673,46,0,627,673,28558,1,0,0,1,0
2020-07-31,US,Colorado,Otero,52,5,0,37.9014485,-103.7173385,8089.0,284.4950213371266,9.615384615384617,47,49,4,0,45,44,18432,3,1,0,2,5
2020-07-31,US,Colorado,Ouray,12,1,0,38.14717457,-107.7675136,8091.0,242.3263327948304,8.333333333333334,11,12,1,0,11,12,4833,0,0,0,0,0
2020-07-31,US,Colorado,Park,42,1,0,39.120926,-105.7182065,8093.0,222.870788007429,2.380952380952381,41,41,1,0,40,41,18556,1,0,0,1,0
2020-07-31,US,Colorado,Phillips,19,0,0,40.59414277,-102.3577703,8095.0,445.48651817116064,0.0,19,19,0,0,19,19,4286,0,0,0,0,0
2020-07-31,US,Colorado,Pitkin,166,2,0,39.21720112,-106.9310027,8097.0,934.3164293352844,1.2048192771084338,164,162,2,0,160,160,17950,4,0,0,4,2
2020-07-31,US,Colorado,Prowers,47,0,0,37.95544985,-102.3926052,8099.0,386.1321064738744,0.0,47,47,0,0,47,46,12164,0,0,0,0,1
2020-07-31,US,Colorado,Pueblo,597,34,0,38.17359144,-104.5127437,8101.0,354.4625469054292,5.695142378559464,563,590,34,0,556,577,167529,7,0,0,7,13
2020-07-31,US,Colorado,Rio Blanco,6,0,0,39.97913541,-108.2179009,8103.0,94.87666034155598,0.0,6,6,0,0,6,6,6336,0,0,0,0,0
2020-07-31,US,Colorado,Rio Grande,87,2,0,37.5836865,-106.3847838,8105.0,772.1665039495872,2.2988505747126435,85,87,2,0,85,87,11250,0,0,0,0,0
2020-07-31,US,Colorado,Routt,99,6,0,40.48596505,-106.9905548,8107.0,386.1455651766909,6.0606060606060606,93,98,6,0,92,96,25733,1,0,0,1,2
2020-07-31,US,Colorado,Saguache,107,2,0,38.08054629,-106.282466,8109.0,1567.9953106682299,1.8691588785046729,105,107,2,0,105,107,6843,0,0,0,0,0
2020-07-31,US,Colorado,San Juan,2,0,0,37.76248981,-107.67632890000002,8111.0,274.72527472527474,0.0,2,2,0,0,2,2,762,0,0,0,0,0
2020-07-31,US,Colorado,San Miguel,73,0,0,38.00450883,-108.4020725,8113.0,892.5296491013571,0.0,73,73,0,0,73,73,8191,0,0,0,0,0
2020-07-31,US,Colorado,Sedgwick,11,1,0,40.87595412,-102.3519227,8115.0,489.32384341637015,9.090909090909092,10,11,1,0,10,11,2303,0,0,0,0,0
2020-07-31,US,Colorado,Summit,322,4,0,39.63803232,-106.1150762,8117.0,1038.341233755764,1.2422360248447204,318,321,4,0,317,320,31007,1,0,0,1,1
2020-07-31,US,Colorado,Teller,110,3,0,38.88133511,-105.1614893,8119.0,433.2755632582322,2.727272727272727,107,105,2,0,103,106,25083,5,1,0,4,-1
2020-07-31,US,Colorado,Washington,47,0,0,39.97015535,-103.202587,8121.0,957.6202118989404,0.0,47,46,0,0,46,46,4909,1,0,0,1,0
2020-07-31,US,Colorado,Weld,3503,141,0,40.55499405,-104.3929621,8123.0,1079.5335478224424,4.025121324578932,3362,3477,141,0,3336,3462,314305,26,0,0,26,15
2020-07-31,US,Colorado,Yuma,62,0,0,40.00346839,-102.4258673,8125.0,618.8242339554846,0.0,62,57,0,0,57,57,10020,5,0,0,5,0
2020-07-31,US,Connecticut,Fairfield,17793,1406,0,41.26809896,-73.3881171,9001.0,1886.1864115709,7.901983926263138,16387,17786,1406,0,16380,17733,943823,7,0,0,7,53
2020-07-31,US,Connecticut,Hartford,12645,1412,0,41.80283011,-72.73103891,9003.0,1418.0460234154218,11.166468960063266,11233,12561,1411,0,11150,12542,892697,84,1,0,83,19
2020-07-31,US,Connecticut,Litchfield,1597,138,0,41.7937534,-73.2451475,9005.0,885.5838920219818,8.641202254226675,1459,1599,138,0,1461,1593,181111,-2,0,0,-2,6
2020-07-31,US,Connecticut,Middlesex,1377,191,0,41.45949668,-72.53714864,9007.0,847.7184860498904,13.870733478576614,1186,1377,191,0,1186,1375,162682,0,0,0,0,2
2020-07-31,US,Connecticut,New Haven,13041,1101,0,41.408032500000004,-72.93620426,9009.0,1525.6967769787204,8.442604094778007,11940,13013,1101,0,11912,12983,857620,28,0,0,28,30
2020-07-31,US,Connecticut,New London,1402,103,0,41.48896435,-72.10430976,9011.0,528.6456565839385,7.3466476462196875,1299,1396,103,0,1293,1387,266784,6,0,0,6,9
2020-07-31,US,Connecticut,Tolland,1019,66,0,41.85853803,-72.3308481,9013.0,676.0836247105581,6.47693817468106,953,1011,66,0,945,1001,150921,8,0,0,8,10
2020-07-31,US,Connecticut,Unassigned,243,0,0,0.0,0.0,90009.0,0.0,0.0,243,242,0,0,242,250,,1,0,0,1,-8
2020-07-31,US,Connecticut,Windham,693,15,0,41.82972709,-71.98182316,9015.0,593.41336849857,2.1645021645021645,678,685,15,0,670,676,117027,8,0,0,8,9
2020-07-31,US,Delaware,Kent,2167,97,0,39.08646628,-75.56884914,10001.0,1198.6547630900625,4.476234425473004,2070,2151,95,0,2056,2142,178550,16,2,0,14,9
2020-07-31,US,Delaware,New Castle,6794,287,0,39.57992638,-75.64054974,10003.0,1215.9218831934684,4.224315572564027,6507,6743,285,0,6458,6682,559335,51,2,0,49,61
2020-07-31,US,Delaware,Sussex,5608,191,0,38.66143781,-75.39031349,10005.0,2394.279005230015,3.4058487874465047,5417,5583,191,0,5392,5575,229286,25,0,0,25,8
2020-07-31,US,Delaware,Unassigned,219,10,0,0.0,0.0,90010.0,0.0,4.5662100456621015,209,212,10,0,202,203,,7,0,0,7,9
2020-07-31,US,District of Columbia,District of Columbia,12057,584,0,38.90417773,-77.01655992,11001.0,1708.39774480729,4.8436592850626194,11473,12057,584,0,11473,11999,702455,0,0,0,0,58
2020-07-31,US,Florida,Alachua,3526,21,0,29.67866525,-82.35928158,12001.0,1310.571172637831,0.5955757231990925,3505,3448,20,0,3428,3353,269956,78,1,0,77,95
2020-07-31,US,Florida,Baker,356,4,0,30.33060121,-82.28467476,12003.0,1218.760698390962,1.1235955056179776,352,343,4,0,339,329,28355,13,0,0,13,14
2020-07-31,US,Florida,Bay,3475,21,0,30.26548745,-85.62122584,12005.0,1989.0672848516074,0.60431654676259,3454,3357,21,0,3336,3257,185287,118,0,0,118,100
2020-07-31,US,Florida,Bradford,325,3,0,29.95079741,-82.16611613,12007.0,1152.4414027871353,0.9230769230769232,322,316,3,0,313,307,27732,9,0,0,9,9
2020-07-31,US,Florida,Brevard,5420,114,0,28.29409504,-80.73091022,12009.0,900.4189772436548,2.1033210332103316,5306,5333,108,0,5225,5254,596849,87,6,0,81,79
2020-07-31,US,Florida,Broward,55411,709,0,26.15184651,-80.48725556,12011.0,2837.5473300088397,1.27952933533053,54702,54312,676,0,53636,52970,1951260,1099,33,0,1066,1342
2020-07-31,US,Florida,Calhoun,281,7,0,30.40666734,-85.19394153,12013.0,1992.2013470400568,2.491103202846975,274,278,7,0,271,271,14587,3,0,0,3,7
2020-07-31,US,Florida,Charlotte,1946,86,0,26.90131002,-81.92949121,12015.0,1030.1201630406013,4.419321685508736,1860,1889,85,0,1804,1807,184998,57,1,0,56,82
2020-07-31,US,Florida,Citrus,1205,27,0,28.84804315,-82.47614748,12017.0,805.1744990210948,2.2406639004149382,1178,1192,26,0,1166,1160,147929,13,1,0,12,32
2020-07-31,US,Florida,Clay,2808,48,0,29.98319144,-81.85609986,12019.0,1280.7180778282525,1.709401709401709,2760,2758,47,0,2711,2697,216072,50,1,0,49,61
2020-07-31,US,Florida,Collier,9581,122,0,26.11091986,-81.34687065,12021.0,2489.2050444009124,1.2733535121594823,9459,9355,121,0,9234,9178,378488,226,1,0,225,177
2020-07-31,US,Florida,Columbia,2476,10,0,30.22509788,-82.62160164,12023.0,3453.951957146445,0.4038772213247173,2466,2437,10,0,2427,2323,70503,39,0,0,39,114
2020-07-31,US,Florida,DeSoto,1264,14,0,27.18677893,-81.80941373,12027.0,3326.2282571511278,1.1075949367088609,1250,1251,14,0,1237,1240,37489,13,0,0,13,11
2020-07-31,US,Florida,Dixie,252,4,0,29.60631086,-83.15724673,12029.0,1497.682158564127,1.5873015873015872,248,247,4,0,243,241,16700,5,0,0,5,6
2020-07-31,US,Florida,Duval,21038,153,0,30.33225875,-81.66976468,12031.0,2196.59516264598,0.7272554425325601,20885,20816,152,0,20664,20398,950181,222,1,0,221,418
2020-07-31,US,Florida,Escambia,7738,95,0,30.67652764,-87.37284571,12033.0,2430.917704419508,1.2277074179374516,7643,7598,92,0,7506,7429,315534,140,3,0,137,169
2020-07-31,US,Florida,Flagler,901,10,0,29.45933576,-81.31508595,12035.0,782.9268080743129,1.109877913429523,891,867,10,0,857,850,112067,34,0,0,34,17
2020-07-31,US,Florida,Franklin,108,1,0,29.83791238,-84.82731662,12037.0,890.7216494845361,0.925925925925926,107,105,1,0,104,103,11736,3,0,0,3,2
2020-07-31,US,Florida,Gadsden,1347,18,0,30.57796289,-84.61915825,12039.0,2950.0657030223388,1.33630289532294,1329,1315,17,0,1298,1267,45894,32,1,0,31,48
2020-07-31,US,Florida,Gilchrist,309,3,0,29.72856978,-82.79880657,12041.0,1662.8995802389404,0.9708737864077671,306,305,3,0,302,334,18256,4,0,0,4,-29
2020-07-31,US,Florida,Glades,389,3,0,26.95635849,-81.18996211,12043.0,2816.595467381073,0.7712082262210797,386,389,3,0,386,390,13724,0,0,0,0,-1
2020-07-31,US,Florida,Gulf,336,1,0,29.93543004,-85.24270990000002,12045.0,2463.523718747709,0.2976190476190476,335,301,1,0,300,286,16164,35,0,0,35,15
2020-07-31,US,Florida,Hamilton,570,3,0,30.49673973,-82.94998918,12047.0,3950.651510950929,0.5263157894736842,567,567,3,0,564,564,14310,3,0,0,3,3
2020-07-31,US,Florida,Hardee,833,7,0,27.49293939,-81.80956574,12049.0,3092.400787021569,0.8403361344537815,826,819,7,0,812,812,27245,14,0,0,14,7
2020-07-31,US,Florida,Hendry,1632,36,0,26.55386945,-81.16469006,12051.0,3883.6799771548244,2.2058823529411766,1596,1618,35,0,1583,1606,41556,14,1,0,13,12
2020-07-31,US,Florida,Hernando,1674,32,0,28.55364461,-82.42700204,12053.0,863.2425742574256,1.911589008363202,1642,1617,29,0,1588,1579,190865,57,3,0,54,38
2020-07-31,US,Florida,Highlands,1163,26,0,27.34254618,-81.34071957,12055.0,1094.8870750604872,2.2355975924333618,1137,1132,26,0,1106,1115,105424,31,0,0,31,17
2020-07-31,US,Florida,Hillsborough,29116,335,0,27.9276559,-82.32013172,12057.0,1978.0321311332846,1.1505701332600633,28781,28742,331,0,28411,28268,1436888,374,4,0,370,474
2020-07-31,US,Florida,Holmes,422,2,0,30.86747479,-85.81319222,12059.0,2151.195391752052,0.4739336492890995,420,413,2,0,411,402,19477,9,0,0,9,11
2020-07-31,US,Florida,Indian River,2204,45,0,27.69308961,-80.60556721,12061.0,1378.16324105976,2.041742286751361,2159,2167,41,0,2126,2118,157413,37,4,0,33,49
2020-07-31,US,Florida,Jackson,1566,31,0,30.795459700000002,-85.21500423,12063.0,3373.9819881932176,1.9795657726692208,1535,1553,28,0,1525,1544,48305,13,3,0,10,9
2020-07-31,US,Florida,Jefferson,229,5,0,30.43669112,-83.89442308,12065.0,1607.4687631615893,2.183406113537118,224,192,5,0,187,188,14288,37,0,0,37,4
2020-07-31,US,Florida,Lafayette,102,1,0,29.98484137,-83.18166636,12067.0,1211.1137497031586,0.9803921568627452,101,100,1,0,99,95,8732,2,0,0,2,5
2020-07-31,US,Florida,Lake,4516,51,0,28.76202069,-81.7125123,12069.0,1230.1221950435554,1.129317980513729,4465,4408,51,0,4357,4326,356495,108,0,0,108,82
2020-07-31,US,Florida,Lee,15416,295,0,26.58410348,-81.88399313,12071.0,2000.578787064758,1.9135962636222104,15121,15137,286,0,14851,14877,754610,279,9,0,270,260
2020-07-31,US,Florida,Leon,4171,14,0,30.45955727,-84.27491114,12073.0,1420.7274287933185,0.33565092304003835,4157,4102,14,0,4088,4004,292502,69,0,0,69,98
2020-07-31,US,Florida,Levy,575,3,0,29.31829741,-82.74007147,12075.0,1385.4420162397898,0.5217391304347826,572,546,3,0,543,509,40770,29,0,0,29,37
2020-07-31,US,Florida,Liberty,370,2,0,30.23766008,-84.8829258,12077.0,4429.016040220254,0.5405405405405406,368,356,2,0,354,348,8457,14,0,0,14,8
2020-07-31,US,Florida,Madison,604,7,0,30.44396917,-83.47398594,12079.0,3266.1006867463375,1.1589403973509933,597,583,7,0,576,564,18529,21,0,0,21,19
2020-07-31,US,Florida,Manatee,8517,182,0,27.47196942,-82.31831044,12081.0,2112.073561758995,2.13690266525772,8335,8337,176,0,8161,8187,394855,180,6,0,174,150
2020-07-31,US,Florida,Marion,4892,60,0,29.21227113,-82.05803627,12083.0,1338.1512614236594,1.226492232215863,4832,4682,56,0,4626,4314,359977,210,4,0,206,368
2020-07-31,US,Florida,Martin,3591,75,0,27.0772071,-80.43109784,12085.0,2230.4347826086955,2.088554720133668,3516,3561,73,0,3488,3527,160912,30,2,0,28,34
2020-07-31,US,Florida,Miami-Dade,118462,1611,0,25.6112362,-80.55170587,12086.0,4360.1257296811855,1.3599297665074033,116851,115916,1515,0,114401,113143,2761581,2546,96,0,2450,2773
2020-07-31,US,Florida,Monroe,1300,8,0,25.20904673,-81.07812416,12087.0,1751.3606725224984,0.6153846153846154,1292,1230,6,0,1224,1198,75027,70,2,0,68,32
2020-07-31,US,Florida,Nassau,1054,10,0,30.61037141,-81.80297522,12089.0,1189.280677009873,0.9487666034155596,1044,1037,10,0,1027,1009,85832,17,0,0,17,28
2020-07-31,US,Florida,Okaloosa,2765,28,0,30.69143028,-86.59267105,12091.0,1312.0557279655307,1.0126582278481011,2737,2704,24,0,2680,2577,207269,61,4,0,57,127
2020-07-31,US,Florida,Okeechobee,893,6,0,27.386336199999995,-80.88944347,12093.0,2117.7195977992787,0.6718924972004481,887,878,2,0,876,858,41537,15,4,0,11,20
2020-07-31,US,Florida,Orange,29011,216,0,28.51367621,-81.31799498,12095.0,2081.95187204152,0.7445451725207679,28795,28591,212,0,28379,28191,1380645,420,4,0,416,400
2020-07-31,US,Florida,Osceola,8470,71,0,28.06312234,-81.14882926,12097.0,2254.152350891947,0.8382526564344747,8399,8281,64,0,8217,8130,367990,189,7,0,182,151
2020-07-31,US,Florida,Palm Beach,33274,815,0,26.64676272,-80.46536002,12099.0,2223.0536421761526,2.4493598605517817,32459,32696,806,0,31890,32171,1485941,578,9,0,569,525
2020-07-31,US,Florida,Pasco,6299,96,0,28.30810945,-82.40227529,12101.0,1137.1123952291466,1.52405143673599,6203,6201,94,0,6107,6101,539630,98,2,0,96,100
2020-07-31,US,Florida,Pinellas,16356,432,0,27.93130349,-82.72239666,12103.0,1677.5453437757694,2.641232575201761,15924,16114,418,0,15696,15800,975280,242,14,0,228,314
2020-07-31,US,Florida,Polk,12488,268,0,27.95027105,-81.69732947,12105.0,1723.0127335718435,2.146060217809097,12220,12281,262,0,12019,12059,708009,207,6,0,201,222
2020-07-31,US,Florida,Putnam,1301,15,0,29.60779729,-81.74230285,12107.0,1745.816615450678,1.1529592621060722,1286,1261,15,0,1246,1223,74163,40,0,0,40,38
2020-07-31,US,Florida,Santa Rosa,3336,22,0,30.69341450000001,-87.02458128,12113.0,1809.964571137141,0.6594724220623501,3314,3279,22,0,3257,3125,179349,57,0,0,57,154
2020-07-31,US,Florida,Sarasota,5588,120,0,27.18546175,-82.33174248,12115.0,1288.3234734012385,2.1474588403722263,5468,5443,119,0,5324,5349,426718,145,1,0,144,94
2020-07-31,US,Florida,Seminole,6487,82,0,28.7158582,-81.24060348,12117.0,1374.8712449080804,1.2640665947279173,6405,6419,72,0,6347,6333,467832,68,10,0,58,86
2020-07-31,US,Florida,St. Johns,3216,26,0,29.90096506,-81.43589967,12109.0,1215.088864708016,0.8084577114427861,3190,3168,24,0,3144,3136,254261,48,2,0,46,32
2020-07-31,US,Florida,St. Lucie,5002,120,0,27.37763908,-80.47106649,12111.0,1523.6203803263504,2.3990403838464616,4882,4903,118,0,4785,4805,321128,99,2,0,97,98
2020-07-31,US,Florida,Sumter,1077,30,0,28.70181754,-82.0794267,12119.0,813.3212505663797,2.7855153203342615,1047,1058,27,0,1031,1045,128754,19,3,0,16,13
2020-07-31,US,Florida,Suwannee,1131,32,0,30.19746066,-82.99099670000003,12121.0,2546.322354053629,2.8293545534924847,1099,1082,32,0,1050,1060,44191,49,0,0,49,22
2020-07-31,US,Florida,Taylor,330,3,0,30.04848048,-83.60445406,12123.0,1529.9735731837359,0.9090909090909092,327,319,3,0,316,288,21623,11,0,0,11,31
2020-07-31,US,Florida,Unassigned,570,0,0,0.0,0.0,90012.0,0.0,0.0,570,559,0,0,559,528,,11,0,0,11,31
2020-07-31,US,Florida,Union,215,4,0,30.04412971,-82.37497443,12125.0,1411.0389184222613,1.8604651162790695,211,206,4,0,202,200,14940,9,0,0,9,6
2020-07-31,US,Florida,Volusia,6834,112,0,29.05858895,-81.18263252,12127.0,1235.170364586722,1.6388645010242904,6722,6707,109,0,6598,6572,547538,127,3,0,124,135
2020-07-31,US,Florida,Wakulla,572,3,0,30.16548905,-84.39895211,12129.0,1695.3673789975992,0.5244755244755245,569,565,2,0,563,543,32461,7,1,0,6,22
2020-07-31,US,Florida,Walton,1205,13,0,30.64204028,-86.16935664,12131.0,1626.8175129267865,1.0788381742738589,1192,1149,12,0,1137,1119,71375,56,1,0,55,30
2020-07-31,US,Florida,Washington,495,14,0,30.61359259,-85.66002461,12133.0,1943.2340124838065,2.8282828282828283,481,488,13,0,475,469,24880,7,1,0,6,19
2020-07-31,US,Georgia,Appling,555,16,0,31.74847232,-82.28909114,13001.0,3018.601109539867,2.8828828828828827,539,544,16,0,528,536,18507,11,0,0,11,8
2020-07-31,US,Georgia,Atkinson,283,2,0,31.29633502,-82.87545866,13003.0,3466.013472137171,0.7067137809187279,281,276,2,0,274,274,8297,7,0,0,7,2
2020-07-31,US,Georgia,Bacon,404,6,0,31.55456473,-82.45936528,13005.0,3618.774632748119,1.4851485148514851,398,399,6,0,393,396,11185,5,0,0,5,3
2020-07-31,US,Georgia,Baker,55,3,0,31.32669878,-84.44218806,13007.0,1810.401579986833,5.454545454545454,52,55,3,0,52,53,3092,0,0,0,0,2
2020-07-31,US,Georgia,Baldwin,917,38,0,33.06882326,-83.24701748,13009.0,2042.7712185341945,4.143947655398037,879,913,38,0,875,884,44823,4,0,0,4,29
2020-07-31,US,Georgia,Banks,235,3,0,34.35607081,-83.49644388,13011.0,1221.7947384839347,1.2765957446808511,232,228,3,0,225,223,18988,7,0,0,7,5
2020-07-31,US,Georgia,Barrow,1061,32,0,33.99148694,-83.71436292,13013.0,1274.6275828928399,3.0160226201696516,1029,1030,32,0,998,1004,80809,31,0,0,31,26
2020-07-31,US,Georgia,Bartow,1545,55,0,34.23732119,-84.83887523,13015.0,1434.0344168260035,3.559870550161812,1490,1495,55,0,1440,1440,106408,50,0,0,50,55
2020-07-31,US,Georgia,Ben Hill,335,3,0,31.76095874,-83.22145359,13017.0,2005.988023952096,0.8955223880597015,332,327,3,0,324,319,16787,8,0,0,8,8
2020-07-31,US,Georgia,Berrien,256,0,0,31.27590016,-83.22529920000002,13019.0,1319.7917203691293,0.0,256,252,0,0,252,244,19252,4,0,0,4,8
2020-07-31,US,Georgia,Bibb,3052,59,0,32.80904227,-83.70489165,13021.0,1992.700396320164,1.9331585845347312,2993,2997,58,0,2939,2894,153095,55,1,0,54,103
2020-07-31,US,Georgia,Bleckley,127,3,0,32.43829035,-83.33035166,13023.0,986.5610191874466,2.3622047244094486,124,123,3,0,120,118,12838,4,0,0,4,5
2020-07-31,US,Georgia,Brantley,219,4,0,31.19576557,-81.97743999,13025.0,1146.0568318593332,1.8264840182648399,215,218,4,0,214,217,18897,1,0,0,1,1
2020-07-31,US,Georgia,Brooks,364,15,0,30.83922642,-83.58303423,13027.0,2354.9201009251474,4.12087912087912,349,355,15,0,340,346,15513,9,0,0,9,9
2020-07-31,US,Georgia,Bryan,530,7,0,32.00979311,-81.44002948,13029.0,1337.4719257072195,1.320754716981132,523,518,6,0,512,497,38109,12,1,0,11,21
2020-07-31,US,Georgia,Bulloch,1055,11,0,32.39577406,-81.74811421,13031.0,1325.2436941010953,1.042654028436019,1044,1032,11,0,1021,1002,77296,23,0,0,23,30
2020-07-31,US,Georgia,Burke,390,7,0,33.05917989,-81.99928721,13033.0,1742.3937809945044,1.794871794871795,383,380,7,0,373,372,22423,10,0,0,10,8
2020-07-31,US,Georgia,Butts,460,37,0,33.283094500000004,-83.95435040000002,13035.0,1844.7224895733082,8.043478260869565,423,444,36,0,408,432,24193,16,1,0,15,12
2020-07-31,US,Georgia,Calhoun,189,6,0,31.53169785,-84.62725131,13037.0,3053.8051381483283,3.1746031746031744,183,185,6,0,179,183,6352,4,0,0,4,2
2020-07-31,US,Georgia,Camden,607,4,0,30.92951916,-81.66601818,13039.0,1110.3793948706689,0.6589785831960461,603,591,4,0,587,568,53677,16,0,0,16,23
2020-07-31,US,Georgia,Candler,211,4,0,32.40209349,-82.07702563,13043.0,1953.161158937332,1.895734597156398,207,205,4,0,201,197,10836,6,0,0,6,8
2020-07-31,US,Georgia,Carroll,1687,46,0,33.58138199,-85.07976677,13045.0,1405.9270618041205,2.7267338470657974,1641,1675,43,0,1632,1653,118121,12,3,0,9,22
2020-07-31,US,Georgia,Catoosa,527,9,0,34.89872298,-85.13757014,13047.0,779.8165137614682,1.7077798861480076,518,513,9,0,504,491,67420,14,0,0,14,22
2020-07-31,US,Georgia,Charlton,348,3,0,30.78371028,-82.13951596,13049.0,2598.566308243728,0.8620689655172413,345,349,3,0,346,296,12968,-1,0,0,-1,53
2020-07-31,US,Georgia,Chatham,4808,67,0,32.00043026,-81.12489526,13051.0,1661.196144145389,1.3935108153078204,4741,4707,66,0,4641,4590,289195,101,1,0,100,117
2020-07-31,US,Georgia,Chattahoochee,594,1,0,32.34341231,-84.78809239,13053.0,5446.043825066471,0.16835016835016836,593,578,1,0,577,552,10684,16,0,0,16,26
2020-07-31,US,Georgia,Chattooga,175,2,0,34.47197698,-85.34535662,13055.0,705.9582879503006,1.1428571428571428,173,166,2,0,164,158,24790,9,0,0,9,8
2020-07-31,US,Georgia,Cherokee,2743,54,0,34.24393976,-84.47431861,13057.0,1060.0023959222951,1.9686474662777982,2689,2687,53,0,2634,2623,254149,56,1,0,55,64
2020-07-31,US,Georgia,Clarke,1665,17,0,33.95436462,-83.37124007,13059.0,1297.4261869696331,1.021021021021021,1648,1591,16,0,1575,1557,127330,74,1,0,73,34
2020-07-31,US,Georgia,Clay,72,2,0,31.62221166,-84.97713865,13061.0,2540.5786873676784,2.7777777777777777,70,70,2,0,68,69,2887,2,0,0,2,1
2020-07-31,US,Georgia,Clayton,4413,97,0,33.54187245,-84.35594188,13063.0,1509.9775539253255,2.198051212327215,4316,4339,95,0,4244,4248,289615,74,2,0,72,91
2020-07-31,US,Georgia,Clinch,169,4,0,30.91395822,-82.70432472,13065.0,2553.6415835599882,2.366863905325444,165,168,4,0,164,166,6648,1,0,0,1,2
2020-07-31,US,Georgia,Cobb,11206,297,0,33.94243204,-84.5761255,13067.0,1474.2001812821563,2.65036587542388,10909,10920,297,0,10623,10653,756865,286,0,0,286,267
2020-07-31,US,Georgia,Coffee,1299,24,0,31.54892966,-82.85492059999999,13069.0,3001.871836942204,1.8475750577367205,1275,1281,24,0,1257,1245,43093,18,0,0,18,36
2020-07-31,US,Georgia,Colquitt,1454,21,0,31.18810588,-83.7677946,13071.0,3188.59649122807,1.4442916093535076,1433,1445,21,0,1424,1437,45592,9,0,0,9,8
2020-07-31,US,Georgia,Columbia,1793,19,0,33.54534185,-82.263524,13073.0,1144.1224140791505,1.0596765197992193,1774,1739,19,0,1720,1689,154291,54,0,0,54,50
2020-07-31,US,Georgia,Cook,394,6,0,31.16068491,-83.42947229,13075.0,2281.4128546612624,1.5228426395939083,388,381,6,0,375,367,17162,13,0,0,13,14
2020-07-31,US,Georgia,Coweta,1296,19,0,33.35334302,-84.76129976,13077.0,872.6743833707048,1.4660493827160497,1277,1275,18,0,1257,1258,145864,21,1,0,20,17
2020-07-31,US,Georgia,Crawford,88,0,0,32.71391813,-83.98061238,13079.0,709.448564979039,0.0,88,87,0,0,87,86,12318,1,0,0,1,1
2020-07-31,US,Georgia,Crisp,358,14,0,31.92289565,-83.76811843,13081.0,1600.2145539066696,3.910614525139665,344,356,14,0,342,350,22601,2,0,0,2,6
2020-07-31,US,Georgia,Dade,107,1,0,34.854916700000004,-85.50490424,13083.0,663.9364606602135,0.9345794392523364,106,105,1,0,104,102,16226,2,0,0,2,3
2020-07-31,US,Georgia,Dawson,290,3,0,34.44244079,-84.16964071,13085.0,1110.7706450130227,1.0344827586206895,287,265,3,0,262,256,25083,25,0,0,25,9
2020-07-31,US,Georgia,DeKalb,12127,222,0,33.76944049,-84.22396017,13089.0,1597.1352448383175,1.8306258761441407,11905,11916,213,0,11703,11679,756558,211,9,0,202,237
2020-07-31,US,Georgia,Decatur,604,8,0,30.87967778,-84.57619536,13087.0,2287.5321920921074,1.3245033112582782,596,588,8,0,580,564,26575,16,0,0,16,24
2020-07-31,US,Georgia,Dodge,186,2,0,32.17265114,-83.16948926,13091.0,902.693520990051,1.075268817204301,184,183,2,0,181,178,20705,3,0,0,3,5
2020-07-31,US,Georgia,Dooly,239,14,0,32.15630737,-83.79746561,13093.0,1784.9141150112023,5.857740585774058,225,238,14,0,224,236,13706,1,0,0,1,2
2020-07-31,US,Georgia,Dougherty,2571,168,0,31.53328528,-84.21722377,13095.0,2923.0524353085634,6.534422403733956,2403,2554,167,0,2387,2523,91243,17,1,0,16,31
2020-07-31,US,Georgia,Douglas,2245,48,0,33.70291126,-84.77026156,13097.0,1534.0672256274645,2.138084632516704,2197,2203,47,0,2156,2158,145331,42,1,0,41,45
2020-07-31,US,Georgia,Early,342,31,0,31.32155345,-84.90255207,13099.0,3356.231599607458,9.064327485380117,311,339,31,0,308,335,10247,3,0,0,3,4
2020-07-31,US,Georgia,Echols,220,1,0,30.71101099,-82.89687287,13101.0,5491.762356465302,0.4545454545454545,219,221,1,0,220,220,4000,-1,0,0,-1,1
2020-07-31,US,Georgia,Effingham,614,1,0,32.36616021,-81.34280942,13103.0,954.9583177802664,0.16286644951140064,613,587,1,0,586,571,62190,27,0,0,27,16
2020-07-31,US,Georgia,Elbert,318,1,0,34.11302332,-82.83936148,13105.0,1656.7677399187244,0.31446540880503143,317,314,1,0,313,306,19120,4,0,0,4,8
2020-07-31,US,Georgia,Emanuel,391,7,0,32.59221302,-82.30239915,13107.0,1726.574229444493,1.7902813299232736,384,387,7,0,380,374,22612,4,0,0,4,13
2020-07-31,US,Georgia,Evans,202,1,0,32.15328841,-81.8870105,13109.0,1896.001501783368,0.4950495049504951,201,195,1,0,194,193,10721,7,0,0,7,2
2020-07-31,US,Georgia,Fannin,266,2,0,34.86430205,-84.316964,13111.0,1015.7323965174893,0.7518796992481203,264,259,2,0,257,252,25964,7,0,0,7,7
2020-07-31,US,Georgia,Fayette,918,24,0,33.41357794,-84.49089434,13113.0,802.3002770470456,2.6143790849673203,894,898,24,0,874,873,113459,20,0,0,20,25
2020-07-31,US,Georgia,Floyd,1206,15,0,34.26268279,-85.21577392,13115.0,1224.3903429511258,1.243781094527363,1191,1168,15,0,1153,1138,97927,38,0,0,38,30
2020-07-31,US,Georgia,Forsyth,1858,19,0,34.22604035,-84.12315129999998,13117.0,760.6897794081523,1.022604951560818,1839,1796,19,0,1777,1730,236612,62,0,0,62,66
2020-07-31,US,Georgia,Franklin,350,4,0,34.37525597,-83.23159927,13119.0,1498.9935329136151,1.1428571428571428,346,346,4,0,342,339,23023,4,0,0,4,7
2020-07-31,US,Georgia,Fulton,17646,389,0,33.79216944,-84.46319413,13121.0,1658.5568506405928,2.2044656012694097,17257,17286,383,0,16903,16867,1050114,360,6,0,354,419
2020-07-31,US,Georgia,Gilmer,484,3,0,34.69316688,-84.45802506,13123.0,1542.9245433389651,0.6198347107438017,481,470,3,0,467,463,30816,14,0,0,14,7
2020-07-31,US,Georgia,Glascock,21,0,0,33.22879932,-82.61297636,13125.0,706.8327162571526,0.0,21,21,0,0,21,19,2995,0,0,0,0,2
2020-07-31,US,Georgia,Glynn,2250,28,0,31.23279254,-81.53811412,13127.0,2637.99652956901,1.2444444444444445,2222,2236,26,0,2210,2209,85219,14,2,0,12,27
2020-07-31,US,Georgia,Gordon,985,23,0,34.50487351,-84.87296253,13129.0,1699.3599365112232,2.3350253807106602,962,958,23,0,935,923,57685,27,0,0,27,35
2020-07-31,US,Georgia,Grady,394,4,0,30.87454847,-84.23418364,13131.0,1599.4803718588885,1.0152284263959392,390,387,4,0,383,375,24748,7,0,0,7,12
2020-07-31,US,Georgia,Greene,236,11,0,33.5769205,-83.17139104,13133.0,1287.9283999126828,4.6610169491525415,225,225,11,0,214,222,17698,11,0,0,11,3
2020-07-31,US,Georgia,Gwinnett,17130,238,0,33.96044201,-84.02137802,13135.0,1829.639519359145,1.389375364856976,16892,16711,228,0,16483,16255,927781,419,10,0,409,456
2020-07-31,US,Georgia,Habersham,1011,48,0,34.63331566,-83.53094677,13137.0,2230.409459936463,4.747774480712166,963,1002,47,0,955,983,45388,9,1,0,8,19
2020-07-31,US,Georgia,Hall,5372,77,0,34.32207823,-83.81896936,13139.0,2627.65296589236,1.4333581533879374,5295,5272,72,0,5200,5165,202148,100,5,0,95,107
2020-07-31,US,Georgia,Hancock,280,34,0,33.2721566,-82.99766919,13141.0,3310.866737613811,12.142857142857142,246,280,34,0,246,275,8348,0,0,0,0,5
2020-07-31,US,Georgia,Haralson,189,6,0,33.79602175,-85.21005667,13143.0,634.3984962406015,3.1746031746031744,183,184,6,0,178,179,29533,5,0,0,5,5
2020-07-31,US,Georgia,Harris,607,15,0,32.73709786,-84.90538572,13145.0,1722.6699965943924,2.4711696869851734,592,599,15,0,584,591,34475,8,0,0,8,8
2020-07-31,US,Georgia,Hart,255,1,0,34.34626973,-82.96567682,13147.0,973.0967372638812,0.392156862745098,254,241,1,0,240,230,26099,14,0,0,14,11
2020-07-31,US,Georgia,Heard,128,3,0,33.29686567,-85.12886832,13149.0,1073.5553132600855,2.34375,125,127,3,0,124,125,11879,1,0,0,1,2
2020-07-31,US,Georgia,Henry,2895,40,0,33.4533428,-84.14814659999998,13151.0,1234.22052259327,1.381692573402418,2855,2841,39,0,2802,2751,230220,54,1,0,53,90
2020-07-31,US,Georgia,Houston,1714,46,0,32.45802497,-83.66879087,13153.0,1085.7515693987823,2.6837806301050176,1668,1627,44,0,1583,1572,155469,87,2,0,85,55
2020-07-31,US,Georgia,Irwin,152,1,0,31.60213036,-83.27501387,13155.0,1614.2735768903992,0.6578947368421053,151,150,1,0,149,141,9398,2,0,0,2,9
2020-07-31,US,Georgia,Jackson,912,13,0,34.13794553,-83.56814788,13157.0,1249.70881236554,1.4254385964912282,899,884,13,0,871,849,70422,28,0,0,28,35
2020-07-31,US,Georgia,Jasper,121,1,0,33.31535543,-83.68844964,13159.0,850.9740488079332,0.8264462809917356,120,120,1,0,119,116,14040,1,0,0,1,4
2020-07-31,US,Georgia,Jeff Davis,349,6,0,31.80405727,-82.63724870000001,13161.0,2308.9646046973207,1.7191977077363896,343,338,5,0,333,330,15029,11,1,0,10,8
2020-07-31,US,Georgia,Jefferson,417,5,0,33.05867328,-82.41609057,13163.0,2714.490300742091,1.1990407673860912,412,400,5,0,395,394,15430,17,0,0,17,6
2020-07-31,US,Georgia,Jenkins,225,22,0,32.79248718,-81.96040187,13165.0,2593.3609958506217,9.777777777777779,203,223,20,0,203,217,8683,2,2,0,0,6
2020-07-31,US,Georgia,Johnson,215,9,0,32.70211082,-82.66166794,13167.0,2229.5965985689104,4.186046511627906,206,216,8,0,208,213,9708,-1,1,0,-2,3
2020-07-31,US,Georgia,Jones,253,3,0,33.02512137,-83.56019163,13169.0,880.4593701061424,1.1857707509881423,250,242,2,0,240,235,28616,11,1,0,10,7
2020-07-31,US,Georgia,Lamar,219,9,0,33.07841647,-84.14263877,13171.0,1147.9792420191854,4.109589041095891,210,217,9,0,208,212,19000,2,0,0,2,5
2020-07-31,US,Georgia,Lanier,212,4,0,31.03828570000001,-83.06472457,13173.0,2033.963350283028,1.8867924528301887,208,207,4,0,203,206,10340,5,0,0,5,1
2020-07-31,US,Georgia,Laurens,706,4,0,32.46325233,-82.92221316,13175.0,1484.8778025491104,0.56657223796034,702,669,3,0,666,637,47325,37,1,0,36,32
2020-07-31,US,Georgia,Lee,501,22,0,31.779330600000005,-84.14324253,13177.0,1670.4454521205655,4.391217564870258,479,496,22,0,474,490,29764,5,0,0,5,6
2020-07-31,US,Georgia,Liberty,575,2,0,31.82588896,-81.49251135,13179.0,935.948563522422,0.3478260869565217,573,562,2,0,560,548,61497,13,0,0,13,14
2020-07-31,US,Georgia,Lincoln,124,4,0,33.79201475,-82.45024131,13181.0,1565.458906703699,3.2258064516129035,120,117,4,0,113,115,7915,7,0,0,7,2
2020-07-31,US,Georgia,Long,114,1,0,31.75218791,-81.74952375,13183.0,582.8518840431515,0.8771929824561403,113,111,1,0,110,105,18998,3,0,0,3,6
2020-07-31,US,Georgia,Lowndes,2894,31,0,30.83568832,-83.27056716,13185.0,2464.9506839514165,1.0711817553559089,2863,2825,26,0,2799,2744,116321,69,5,0,64,81
2020-07-31,US,Georgia,Lumpkin,291,6,0,34.57286511,-84.00425681,13187.0,865.8137459089556,2.061855670103093,285,275,6,0,269,259,32955,16,0,0,16,16
2020-07-31,US,Georgia,Macon,171,10,0,32.35207048,-84.04234127,13193.0,1320.769290183054,5.847953216374268,161,170,10,0,160,166,13143,1,0,0,1,4
2020-07-31,US,Georgia,Madison,321,4,0,34.12920917,-83.21218732,13195.0,1074.29718875502,1.2461059190031152,317,304,4,0,300,294,29650,17,0,0,17,10
2020-07-31,US,Georgia,Marion,136,4,0,32.3483402,-84.52733571,13197.0,1626.9888742672574,2.9411764705882355,132,131,4,0,127,128,8351,5,0,0,5,3
2020-07-31,US,Georgia,McDuffie,280,9,0,33.47851918,-82.48252774,13189.0,1313.8138138138138,3.2142857142857144,271,272,9,0,263,261,21531,8,0,0,8,11
2020-07-31,US,Georgia,McIntosh,145,2,0,31.49683595,-81.40163426,13191.0,1008.4851857003757,1.3793103448275863,143,141,2,0,139,135,14340,4,0,0,4,6
2020-07-31,US,Georgia,Meriwether,347,5,0,33.04163534,-84.68859732,13199.0,1639.344262295082,1.4409221902017288,342,344,5,0,339,338,21068,3,0,0,3,6
2020-07-31,US,Georgia,Miller,125,0,0,31.16568912,-84.73151117,13201.0,2186.0790486183982,0.0,125,124,0,0,124,120,5686,1,0,0,1,4
2020-07-31,US,Georgia,Mitchell,604,41,0,31.22483255,-84.19381821,13205.0,2762.658372592965,6.788079470198675,563,594,41,0,553,572,22192,10,0,0,10,22
2020-07-31,US,Georgia,Monroe,408,23,0,33.014289,-83.92097166,13207.0,1479.4401334396982,5.637254901960786,385,404,23,0,381,399,27520,4,0,0,4,5
2020-07-31,US,Georgia,Montgomery,124,0,0,32.17201038,-82.53527476,13209.0,1351.9406890536416,0.0,124,117,0,0,117,115,9193,7,0,0,7,2
2020-07-31,US,Georgia,Morgan,191,0,0,33.59232073,-83.49129491,13211.0,990.8694749948123,0.0,191,183,0,0,183,177,18853,8,0,0,8,6
2020-07-31,US,Georgia,Murray,520,2,0,34.78897608,-84.74993177,13213.0,1296.8874700718275,0.38461538461538464,518,507,2,0,505,495,39921,13,0,0,13,12
2020-07-31,US,Georgia,Muscogee,4201,81,0,32.50931999,-84.87142262,13215.0,2145.8964391706554,1.9281123542013807,4120,4137,80,0,4057,4044,194160,64,1,0,63,93
2020-07-31,US,Georgia,Newton,1533,32,0,33.55514538,-83.84547140000002,13217.0,1371.885738831615,2.0874103065883887,1501,1503,29,0,1474,1455,109541,30,3,0,27,48
2020-07-31,US,Georgia,Oconee,378,15,0,33.83749973,-83.43679568,13219.0,938.4309831181728,3.968253968253968,363,368,15,0,353,359,39272,10,0,0,10,9
2020-07-31,US,Georgia,Oglethorpe,181,7,0,33.878629600000004,-83.08278123,13221.0,1186.1852021757652,3.867403314917127,174,177,7,0,170,175,15054,4,0,0,4,2
2020-07-31,US,Georgia,Out of GA,15010,78,0,0.0,0.0,80013.0,0.0,0.5196535642904729,14932,14741,75,0,14666,14776,,269,3,0,266,-35
2020-07-31,US,Georgia,Paulding,1370,19,0,33.91969522,-84.86848792,13223.0,812.2513591870372,1.3868613138686132,1351,1343,18,0,1325,1306,164044,27,1,0,26,37
2020-07-31,US,Georgia,Peach,308,12,0,32.56934316,-83.82937,13225.0,1118.1296739998547,3.8961038961038965,296,294,11,0,283,280,27297,14,1,0,13,14
2020-07-31,US,Georgia,Pickens,274,5,0,34.46589159,-84.46406611,13227.0,840.7228989598358,1.8248175182481752,269,266,5,0,261,252,31980,8,0,0,8,14
2020-07-31,US,Georgia,Pierce,373,6,0,31.35928155,-82.21598442,13229.0,1916.2599537631647,1.6085790884718498,367,370,6,0,364,364,19389,3,0,0,3,6
2020-07-31,US,Georgia,Pike,186,4,0,33.09310242,-84.38790389,13231.0,980.909186794642,2.150537634408602,182,180,3,0,177,178,18634,6,1,0,5,2
2020-07-31,US,Georgia,Polk,637,6,0,34.00267074,-85.18677781,13233.0,1494.8489897449135,0.9419152276295132,631,614,6,0,608,584,42470,23,0,0,23,30
2020-07-31,US,Georgia,Pulaski,81,2,0,32.23334561,-83.47549959999998,13235.0,727.3053784681691,2.469135802469136,79,78,2,0,76,78,11069,3,0,0,3,0
2020-07-31,US,Georgia,Putnam,364,17,0,33.32056115,-83.37552891,13237.0,1645.64401645644,4.670329670329671,347,355,17,0,338,343,21809,9,0,0,9,12
2020-07-31,US,Georgia,Quitman,29,1,0,31.86728114,-85.01773177,13239.0,1261.418007829491,3.4482758620689653,28,29,1,0,28,27,2279,0,0,0,0,2
2020-07-31,US,Georgia,Rabun,186,3,0,34.88389445,-83.40304637,13241.0,1085.3708350353038,1.6129032258064515,183,176,3,0,173,172,16867,10,0,0,10,4
2020-07-31,US,Georgia,Randolph,257,26,0,31.76622818,-84.75732369,13243.0,3791.67896134553,10.116731517509725,231,246,26,0,220,241,6833,11,0,0,11,5
2020-07-31,US,Georgia,Richmond,3482,79,0,33.35777107,-82.07026432,13245.0,1719.353341431379,2.268811028144744,3403,3334,77,0,3257,3200,201554,148,2,0,146,134
2020-07-31,US,Georgia,Rockdale,1122,15,0,33.65145002,-84.02202167,13247.0,1234.377750396057,1.3368983957219251,1107,1090,15,0,1075,1057,90594,32,0,0,32,33
2020-07-31,US,Georgia,Schley,49,1,0,32.2654021,-84.31258912,13249.0,932.0905459387483,2.0408163265306123,48,47,1,0,46,46,5236,2,0,0,2,1
2020-07-31,US,Georgia,Screven,167,9,0,32.74976524,-81.60779441,13251.0,1195.761134183016,5.389221556886229,158,165,9,0,156,161,13938,2,0,0,2,4
2020-07-31,US,Georgia,Seminole,135,2,0,30.93464824,-84.86823924,13253.0,1668.7268232385659,1.4814814814814814,133,129,2,0,127,115,8315,6,0,0,6,14
2020-07-31,US,Georgia,Spalding,837,38,0,33.26310031,-84.28013991,13255.0,1254.8161252117595,4.540023894862603,799,823,38,0,785,802,66100,14,0,0,14,21
2020-07-31,US,Georgia,Stephens,542,10,0,34.55151201,-83.29405315,13257.0,2090.646094503375,1.845018450184502,532,528,10,0,518,506,26035,14,0,0,14,22
2020-07-31,US,Georgia,Stewart,245,5,0,32.07996777,-84.83208037,13259.0,3700.347379549917,2.0408163265306123,240,245,5,0,240,244,6199,0,0,0,0,1
2020-07-31,US,Georgia,Sumter,717,56,0,32.03650571,-84.19821492,13261.0,2428.5327191437477,7.810320781032077,661,713,56,0,657,708,29733,4,0,0,4,5
2020-07-31,US,Georgia,Talbot,122,3,0,32.69642758,-84.53351366,13263.0,1969.3301049233253,2.459016393442623,119,123,3,0,120,123,6272,-1,0,0,-1,0
2020-07-31,US,Georgia,Taliaferro,12,0,0,33.56543317,-82.88136816,13265.0,780.7417046193884,0.0,12,9,0,0,9,7,1608,3,0,0,3,2
2020-07-31,US,Georgia,Tattnall,394,1,0,32.04785085,-82.05539188,13267.0,1558.1744839041367,0.2538071065989848,393,378,1,0,377,365,25391,16,0,0,16,13
2020-07-31,US,Georgia,Taylor,69,2,0,32.55792548,-84.25077141,13269.0,860.3491271820449,2.898550724637681,67,68,2,0,66,65,8039,1,0,0,1,3
2020-07-31,US,Georgia,Telfair,251,6,0,31.92829517,-82.93491155,13271.0,1582.5977301387134,2.3904382470119523,245,236,6,0,230,238,15876,15,0,0,15,-2
2020-07-31,US,Georgia,Terrell,289,30,0,31.77527543,-84.44069698,13273.0,3387.645059195873,10.380622837370241,259,288,29,0,259,285,8611,1,1,0,0,3
2020-07-31,US,Georgia,Thomas,943,39,0,30.86392347,-83.91847289,13275.0,2121.4370880295155,4.135737009544009,904,912,39,0,873,902,44448,31,0,0,31,10
2020-07-31,US,Georgia,Tift,1220,34,0,31.45743864,-83.5236119,13277.0,3001.6730636748352,2.7868852459016398,1186,1208,34,0,1174,1189,40571,12,0,0,12,19
2020-07-31,US,Georgia,Toombs,592,6,0,32.12059861,-82.32957247,13279.0,2206.485277674245,1.0135135135135136,586,571,6,0,565,558,26887,21,0,0,21,13
2020-07-31,US,Georgia,Towns,107,1,0,34.91369188,-83.74107459999998,13281.0,888.9258120794217,0.9345794392523364,106,107,1,0,106,107,11852,0,0,0,0,0
2020-07-31,US,Georgia,Treutlen,89,3,0,32.40422134,-82.56904553,13283.0,1289.6681640341976,3.3707865168539324,86,82,3,0,79,78,6809,7,0,0,7,4
2020-07-31,US,Georgia,Troup,2158,58,0,33.03349196,-85.02812115,13285.0,3086.2961585767,2.687673772011121,2100,2140,54,0,2086,2130,70034,18,4,0,14,10
2020-07-31,US,Georgia,Turner,222,18,0,31.71612656,-83.62069378,13287.0,2780.2128991859736,8.108108108108109,204,216,18,0,198,214,7912,6,0,0,6,2
2020-07-31,US,Georgia,Twiggs,93,3,0,32.67435595,-83.43078662,13289.0,1145.320197044335,3.2258064516129035,90,87,3,0,84,76,8188,6,0,0,6,11
2020-07-31,US,Georgia,Unassigned,2311,6,0,0.0,0.0,90013.0,0.0,0.2596278667243617,2305,2279,7,0,2272,2429,,32,-1,0,33,-150
2020-07-31,US,Georgia,Union,197,6,0,34.82995757,-83.98967069,13291.0,803.7207784260128,3.045685279187817,191,197,6,0,191,184,24001,0,0,0,0,13
2020-07-31,US,Georgia,Upson,471,45,0,32.87920671,-84.30024826,13293.0,1789.5136778115502,9.554140127388537,426,460,45,0,415,457,26215,11,0,0,11,3
2020-07-31,US,Georgia,Walker,539,14,0,34.73376362,-85.30165174,13295.0,772.6380069093046,2.5974025974025974,525,521,14,0,507,504,69410,18,0,0,18,17
2020-07-31,US,Georgia,Walton,900,34,0,33.78017694,-83.73552314,13297.0,951.444610066284,3.7777777777777777,866,880,32,0,848,840,93503,20,2,0,18,40
2020-07-31,US,Georgia,Ware,1055,23,0,31.05449097,-82.42224148,13299.0,2952.370291599037,2.1800947867298577,1032,1046,23,0,1023,1038,35680,9,0,0,9,8
2020-07-31,US,Georgia,Warren,53,0,0,33.41146451,-82.67795848,13301.0,1008.7552341073468,0.0,53,50,0,0,50,46,5251,3,0,0,3,4
2020-07-31,US,Georgia,Washington,400,2,0,32.96711864,-82.79357039,13303.0,1963.2865416707568,0.5,398,387,1,0,386,376,20386,13,1,0,12,11
2020-07-31,US,Georgia,Wayne,559,4,0,31.5521809,-81.91894878,13305.0,1867.8785043606103,0.7155635062611807,555,552,4,0,548,541,29808,7,0,0,7,11
2020-07-31,US,Georgia,Webster,36,2,0,32.04066113,-84.54742852,13307.0,1380.8975834292291,5.5555555555555545,34,36,2,0,34,36,2611,0,0,0,0,0
2020-07-31,US,Georgia,Wheeler,84,1,0,32.12009104,-82.72574721,13309.0,1069.3825588796944,1.1904761904761905,83,84,1,0,83,82,7879,0,0,0,0,2
2020-07-31,US,Georgia,White,292,5,0,34.64624278,-83.74905525,13311.0,948.1135138645368,1.7123287671232876,287,285,5,0,280,278,29970,7,0,0,7,7
2020-07-31,US,Georgia,Whitfield,3061,25,0,34.80987459,-84.96093476,13313.0,2925.6030890392626,0.8167265599477295,3036,2961,24,0,2937,2881,104062,100,1,0,99,80
2020-07-31,US,Georgia,Wilcox,161,18,0,31.97496928,-83.43438555,13315.0,1864.504921829763,11.180124223602483,143,155,18,0,137,154,8812,6,0,0,6,1
2020-07-31,US,Georgia,Wilkes,176,3,0,33.78290391,-82.74286107,13317.0,1800.1431932085507,1.7045454545454546,173,169,3,0,166,168,9876,7,0,0,7,1
2020-07-31,US,Georgia,Wilkinson,172,10,0,32.80291082,-83.17140684,13319.0,1920.9291936564664,5.813953488372092,162,167,10,0,157,162,9036,5,0,0,5,5
2020-07-31,US,Georgia,Worth,418,23,0,31.55162306,-83.85090513,13321.0,2064.5033832172667,5.502392344497608,395,415,23,0,392,408,20299,3,0,0,3,7
2020-07-31,US,Hawaii,Hawaii,115,0,0,19.60121157,-155.5210167,15001.0,57.06827847334911,0.0,115,115,0,0,115,116,200983,0,0,0,0,-1
2020-07-31,US,Hawaii,Honolulu,1755,19,0,21.45803166,-157.97121819999995,15003.0,180.08071309910184,1.0826210826210827,1736,1637,19,0,1618,1516,980080,118,0,0,118,121
2020-07-31,US,Hawaii,Kauai,47,0,0,22.03935037,-159.5966786,15007.0,65.01321013099471,0.0,47,47,0,0,47,47,72133,0,0,0,0,0
2020-07-31,US,Hawaii,Maui,171,6,0,20.86399628,-156.56890969999995,15009.0,102.14016497727232,3.5087719298245608,165,167,6,0,161,163,167207,4,0,0,4,4
2020-07-31,US,Hawaii,Out of HI,23,1,0,0.0,0.0,80015.0,0.0,4.3478260869565215,22,23,1,0,22,23,,0,0,0,0,0
2020-07-31,US,Idaho,Ada,7828,60,0,43.4526575,-116.24155159999998,16001.0,1625.4591589889264,0.7664793050587634,7768,7681,55,0,7626,7515,469966,147,5,0,142,166
2020-07-31,US,Idaho,Adams,18,0,0,44.89333571,-116.4545247,16003.0,419.18956683744767,0.0,18,18,0,0,18,18,4250,0,0,0,0,0
2020-07-31,US,Idaho,Bannock,301,2,0,42.67002716,-112.2233311,16005.0,342.7933673469388,0.6644518272425249,299,299,2,0,297,290,87138,2,0,0,2,9
2020-07-31,US,Idaho,Bear Lake,6,0,0,42.28269683,-111.32892379999998,16007.0,97.95918367346935,0.0,6,6,0,0,6,6,6050,0,0,0,0,0
2020-07-31,US,Idaho,Benewah,50,0,0,47.21754179,-116.6586851,16009.0,537.7500537750053,0.0,50,49,0,0,49,49,9226,1,0,0,1,0
2020-07-31,US,Idaho,Bingham,176,2,0,43.21672879999999,-112.3978437,16011.0,375.98000469975005,1.1363636363636365,174,173,2,0,171,164,46236,3,0,0,3,9
2020-07-31,US,Idaho,Blaine,568,6,0,43.4085812,-113.9752658,16013.0,2467.312453846488,1.056338028169014,562,567,6,0,561,567,22601,1,0,0,1,0
2020-07-31,US,Idaho,Boise,38,1,0,43.98829931,-115.7309284,16015.0,485.2509258076874,2.631578947368421,37,35,1,0,34,34,7634,3,0,0,3,1
2020-07-31,US,Idaho,Bonner,145,0,0,48.29996017,-116.6017932,16017.0,317.0161131638208,0.0,145,143,0,0,143,141,44727,2,0,0,2,2
2020-07-31,US,Idaho,Bonneville,685,2,0,43.38713372,-111.6161537,16019.0,575.3305000755909,0.291970802919708,683,636,1,0,635,603,116854,49,1,0,48,33
2020-07-31,US,Idaho,Boundary,33,0,0,48.76684761,-116.4630179,16021.0,269.49775418538184,0.0,33,33,0,0,33,32,11948,0,0,0,0,1
2020-07-31,US,Idaho,Camas,1,0,0,43.46665742,-114.8065892,16025.0,90.41591320072331,0.0,1,1,0,0,1,1,1127,0,0,0,0,0
2020-07-31,US,Idaho,Canyon,4706,37,0,43.61970148,-116.70954990000001,16027.0,2047.4311395742425,0.7862303442413939,4669,4595,34,0,4561,4449,223499,111,3,0,108,146
2020-07-31,US,Idaho,Caribou,23,0,0,42.77149116,-111.5597683,16029.0,321.45352900069884,0.0,23,22,0,0,22,22,7060,1,0,0,1,0
2020-07-31,US,Idaho,Cassia,461,1,0,42.28347888,-113.6012409,16031.0,1918.435289221806,0.2169197396963124,460,448,1,0,447,435,23864,13,0,0,13,13
2020-07-31,US,Idaho,Clark,1,0,0,44.28496071,-112.35057040000001,16033.0,118.3431952662722,0.0,1,1,0,0,1,1,852,0,0,0,0,0
2020-07-31,US,Idaho,Clearwater,15,0,0,46.67459924,-115.6622393,16035.0,171.31110095934216,0.0,15,15,0,0,15,15,8758,0,0,0,0,0
2020-07-31,US,Idaho,Custer,7,0,0,44.24186819,-114.2855494,16037.0,162.22479721900348,0.0,7,7,0,0,7,7,4280,0,0,0,0,0
2020-07-31,US,Idaho,Elmore,197,3,0,43.3507101,-115.4701578,16039.0,716.0772054814438,1.5228426395939083,194,186,2,0,184,184,27259,11,1,0,10,2
2020-07-31,US,Idaho,Franklin,47,0,0,42.18332217,-111.81496659999999,16041.0,338.7143268953589,0.0,47,47,0,0,47,45,13726,0,0,0,0,2
2020-07-31,US,Idaho,Fremont,45,0,0,44.22800938,-111.48099429999999,16043.0,343.53767463165127,0.0,45,44,0,0,44,42,13168,1,0,0,1,2
2020-07-31,US,Idaho,Gem,150,0,0,44.06482372,-116.398376,16045.0,828.1802120141342,0.0,150,144,0,0,144,140,17634,6,0,0,6,4
2020-07-31,US,Idaho,Gooding,131,1,0,42.96927962,-114.81083059999999,16047.0,863.0344554977271,0.7633587786259542,130,128,1,0,127,126,15196,3,0,0,3,2
2020-07-31,US,Idaho,Idaho,29,0,0,45.84721541,-115.4634436,16049.0,173.99652006959857,0.0,29,27,0,0,27,27,16513,2,0,0,2,0
2020-07-31,US,Idaho,Jefferson,131,1,0,43.82078483,-112.3131749,16051.0,438.55244216798894,0.7633587786259542,130,122,1,0,121,109,29439,9,0,0,9,13
2020-07-31,US,Idaho,Jerome,414,6,0,42.68891267,-114.2655033,16053.0,1695.8872685564475,1.4492753623188406,408,409,6,0,403,398,24015,5,0,0,5,11
2020-07-31,US,Idaho,Kootenai,1538,8,0,47.67282258,-116.7020872,16055.0,928.2002691660077,0.5201560468140443,1530,1499,8,0,1491,1426,161505,39,0,0,39,73
2020-07-31,US,Idaho,Latah,78,0,0,46.81587887,-116.71136979999999,16057.0,194.4749177221502,0.0,78,74,0,0,74,73,40134,4,0,0,4,1
2020-07-31,US,Idaho,Lemhi,12,0,0,44.9438088,-113.9309747,16059.0,149.4954528466426,0.0,12,11,0,0,11,11,7961,1,0,0,1,0
2020-07-31,US,Idaho,Lewis,1,0,0,46.23315327,-116.434146,16061.0,26.055237102657642,0.0,1,1,0,0,1,1,3861,0,0,0,0,0
2020-07-31,US,Idaho,Lincoln,50,0,0,43.0012336,-114.1358773,16063.0,931.7927692881103,0.0,50,50,0,0,50,50,5360,0,0,0,0,0
2020-07-31,US,Idaho,Madison,131,0,0,43.78141028,-111.65384740000002,16065.0,328.2632119678252,0.0,131,131,0,0,131,128,39304,0,0,0,0,3
2020-07-31,US,Idaho,Minidoka,419,2,0,42.85518524,-113.6357257,16067.0,1991.5395218403921,0.47732696897374705,417,416,2,0,414,409,20825,3,0,0,3,7
2020-07-31,US,Idaho,Nez Perce,130,19,0,46.32638236,-116.75009750000001,16069.0,321.7184715897842,14.615384615384615,111,129,19,0,110,124,40408,1,0,0,1,5
2020-07-31,US,Idaho,Oneida,8,0,0,42.19494279999999,-112.5407838,16071.0,176.5614654601633,0.0,8,8,0,0,8,8,4488,0,0,0,0,0
2020-07-31,US,Idaho,Owyhee,227,0,0,42.58016894,-116.16938710000001,16073.0,1919.9864670557388,0.0,227,223,0,0,223,206,11693,4,0,0,4,17
2020-07-31,US,Idaho,Payette,323,2,0,44.00545243,-116.7647695,16075.0,1348.5866978414265,0.6191950464396285,321,311,2,0,309,302,23551,12,0,0,12,9
2020-07-31,US,Idaho,Power,41,0,0,42.69254894,-112.83957420000002,16077.0,533.7846634552793,0.0,41,40,0,0,40,35,7768,1,0,0,1,5
2020-07-31,US,Idaho,Shoshone,67,1,0,47.35364087,-115.89167490000001,16079.0,520.105573668685,1.492537313432836,66,60,1,0,59,59,12796,7,0,0,7,1
2020-07-31,US,Idaho,Teton,57,0,0,43.75303583,-111.2056773,16081.0,469.4449019930819,0.0,57,55,0,0,55,54,11640,2,0,0,2,1
2020-07-31,US,Idaho,Twin Falls,1199,31,0,42.35440512,-114.6685381,16083.0,1380.0962268928845,2.585487906588824,1168,1171,30,0,1141,1146,86081,28,1,0,27,25
2020-07-31,US,Idaho,Valley,46,1,0,44.76728382,-115.5676773,16085.0,403.7921348314607,2.1739130434782608,45,46,1,0,45,45,11041,0,0,0,0,1
2020-07-31,US,Idaho,Washington,183,2,0,44.45275475,-116.78476880000001,16087.0,1795.1736315479693,1.0928961748633879,181,181,2,0,179,177,10161,2,0,0,2,4
2020-07-31,US,Illinois,Adams,393,1,0,39.98815591,-91.18786813,17001.0,600.5960113089325,0.2544529262086514,392,363,1,0,362,351,65691,30,0,0,30,12
2020-07-31,US,Illinois,Alexander,35,0,0,37.18049267,-89.32910838,17003.0,607.5334143377886,0.0,35,35,0,0,35,35,6060,0,0,0,0,0
2020-07-31,US,Illinois,Bond,48,2,0,38.88829622,-89.43534887,17005.0,292.2196517715816,4.166666666666667,46,45,2,0,43,42,16630,3,0,0,3,3
2020-07-31,US,Illinois,Boone,722,23,0,42.32359279,-88.82345779,17007.0,1348.4237262811896,3.185595567867036,699,712,23,0,689,710,53577,10,0,0,10,2
2020-07-31,US,Illinois,Brown,13,0,0,39.96209138,-90.75068024,17009.0,197.6284584980237,0.0,13,13,0,0,13,13,6556,0,0,0,0,0
2020-07-31,US,Illinois,Bureau,123,2,0,41.40385234,-89.5283051,17011.0,376.97682971680763,1.6260162601626016,121,108,2,0,106,91,32993,15,0,0,15,17
2020-07-31,US,Illinois,Calhoun,6,0,0,39.16840183,-90.66330078,17013.0,126.60898923823594,0.0,6,6,0,0,6,6,4802,0,0,0,0,0
2020-07-31,US,Illinois,Carroll,43,3,0,42.06823429,-89.93395545,17015.0,300.59419783292554,6.9767441860465125,40,43,3,0,40,39,14312,0,0,0,0,4
2020-07-31,US,Illinois,Cass,192,11,0,39.96991073,-90.24734436,17017.0,1580.63719436898,5.729166666666668,181,189,11,0,178,183,12260,3,0,0,3,6
2020-07-31,US,Illinois,Champaign,1486,19,0,40.13919438,-88.20046615,17019.0,708.6685519984359,1.2786002691790042,1467,1453,19,0,1434,1442,209983,33,0,0,33,11
2020-07-31,US,Illinois,Christian,101,4,0,39.54581621,-89.27780482,17021.0,312.6547795938584,3.96039603960396,97,97,4,0,93,89,32661,4,0,0,4,8
2020-07-31,US,Illinois,Clark,66,0,0,39.33425789,-87.78705622,17023.0,427.4334563823586,0.0,66,65,0,0,65,63,15596,1,0,0,1,2
2020-07-31,US,Illinois,Clay,12,0,0,38.75388572,-88.48914513,17025.0,91.01941747572815,0.0,12,12,0,0,12,10,13253,0,0,0,0,2
2020-07-31,US,Illinois,Clinton,330,17,0,38.60704876,-89.42385254,17027.0,878.5474681859326,5.151515151515151,313,321,17,0,304,319,37639,9,0,0,9,2
2020-07-31,US,Illinois,Coles,367,19,0,39.51949084,-88.22358557,17029.0,724.9955552043617,5.177111716621253,348,366,19,0,347,361,50885,1,0,0,1,5
2020-07-31,US,Illinois,Cook,105493,4886,0,41.84144849,-87.81658794,17031.0,2048.315095647129,4.63158692993848,100607,104687,4872,0,99815,104001,5180493,806,14,0,792,686
2020-07-31,US,Illinois,Crawford,29,0,0,39.0032229,-87.75954624,17033.0,155.354368671988,0.0,29,29,0,0,29,30,18807,0,0,0,0,-1
2020-07-31,US,Illinois,Cumberland,46,2,0,39.27432424,-88.2401158,17035.0,427.2710384543935,4.3478260869565215,44,43,2,0,41,39,10808,3,0,0,3,4
2020-07-31,US,Illinois,De Witt,27,0,0,40.17514519,-88.90959682,17039.0,172.65634991686917,0.0,27,26,0,0,26,26,15769,1,0,0,1,0
2020-07-31,US,Illinois,DeKalb,808,29,0,41.89373302,-88.76958483,17037.0,770.2794169518671,3.5891089108910887,779,801,28,0,773,794,104143,7,1,0,6,7
2020-07-31,US,Illinois,Douglas,103,2,0,39.76768052,-88.21854195,17041.0,529.1548933984074,1.9417475728155342,101,103,2,0,101,103,19479,0,0,0,0,0
2020-07-31,US,Illinois,DuPage,11267,510,0,41.85116968,-88.08642662,17043.0,1220.7978797751919,4.526493299014822,10757,11177,509,0,10668,11084,928589,90,1,0,89,93
2020-07-31,US,Illinois,Edgar,25,0,0,39.6809186,-87.74759563,17045.0,145.67915622632714,0.0,25,25,0,0,25,26,17360,0,0,0,0,-1
2020-07-31,US,Illinois,Edwards,12,0,0,38.41353228,-88.05720863,17047.0,187.64659890539485,0.0,12,12,0,0,12,10,6392,0,0,0,0,2
2020-07-31,US,Illinois,Effingham,83,1,0,39.05935711,-88.58969584,17049.0,244.0602211244413,1.2048192771084338,82,81,1,0,80,73,34208,2,0,0,2,8
2020-07-31,US,Illinois,Fayette,53,3,0,39.00072038,-89.02452658,17051.0,248.40644919385082,5.660377358490566,50,52,3,0,49,51,21416,1,0,0,1,1
2020-07-31,US,Illinois,Ford,38,1,0,40.59706922,-88.22350769,17053.0,293.187254069902,2.631578947368421,37,38,1,0,37,38,13264,0,0,0,0,0
2020-07-31,US,Illinois,Franklin,116,0,0,37.99189086,-88.92567818,17055.0,301.54150094881595,0.0,116,110,0,0,110,107,38701,6,0,0,6,3
2020-07-31,US,Illinois,Fulton,24,0,0,40.47289135,-90.20862357,17057.0,69.88934187536401,0.0,24,25,0,0,25,24,34844,-1,0,0,-1,1
2020-07-31,US,Illinois,Gallatin,42,0,0,37.76430935,-88.22953869,17059.0,869.9254349627174,0.0,42,42,0,0,42,41,5058,0,0,0,0,1
2020-07-31,US,Illinois,Greene,17,0,0,39.35907414,-90.388865,17061.0,131.08181047112342,0.0,17,17,0,0,17,17,13044,0,0,0,0,0
2020-07-31,US,Illinois,Grundy,269,5,0,41.28569601,-88.41905692,17063.0,526.8930935871822,1.858736059479554,264,260,5,0,255,259,50972,9,0,0,9,1
2020-07-31,US,Illinois,Hamilton,19,0,0,38.08163641,-88.53883373,17065.0,234.10547067520943,0.0,19,17,0,0,17,14,8163,2,0,0,2,3
2020-07-31,US,Illinois,Hancock,28,1,0,40.40423981,-91.16313899,17067.0,158.1206234470296,3.571428571428572,27,28,1,0,27,27,17844,0,0,0,0,1
2020-07-31,US,Illinois,Hardin,16,0,0,37.51810645,-88.26873022,17069.0,418.73855011777016,0.0,16,16,0,0,16,16,3910,0,0,0,0,0
2020-07-31,US,Illinois,Henderson,9,0,0,40.81908672,-90.92491462,17071.0,135.4198013842913,0.0,9,9,0,0,9,9,6709,0,0,0,0,0
2020-07-31,US,Illinois,Henry,194,1,0,41.3533994,-90.13296166,17073.0,396.622574775622,0.5154639175257731,193,186,1,0,185,179,49090,8,0,0,8,7
2020-07-31,US,Illinois,Iroquois,240,7,0,40.74717633,-87.82466784,17075.0,885.1515822084532,2.9166666666666665,233,240,7,0,233,240,27604,0,0,0,0,0
2020-07-31,US,Illinois,Jackson,616,19,0,37.78595185,-89.38232563,17077.0,1085.4625550660794,3.0844155844155843,597,591,19,0,572,572,57419,25,0,0,25,19
2020-07-31,US,Illinois,Jasper,50,7,0,39.01054275,-88.15437049,17079.0,520.2913631633713,14.0,43,50,7,0,43,50,9611,0,0,0,0,0
2020-07-31,US,Illinois,Jefferson,176,17,0,38.29980057,-88.9240025,17081.0,467.04171531684517,9.659090909090908,159,171,17,0,154,169,37820,5,0,0,5,2
2020-07-31,US,Illinois,Jersey,62,1,0,39.08869046,-90.35393073,17083.0,284.75634960731185,1.6129032258064515,61,61,1,0,60,59,21847,1,0,0,1,2
2020-07-31,US,Illinois,Jo Daviess,110,1,0,42.36542373,-90.21094405,17085.0,518.0127148575465,0.9090909090909092,109,108,1,0,107,106,21366,2,0,0,2,2
2020-07-31,US,Illinois,Johnson,53,0,0,37.45939802,-88.88165419,17087.0,426.83417894821616,0.0,53,51,0,0,51,51,12456,2,0,0,2,0
2020-07-31,US,Illinois,Kane,9069,293,0,41.93842729,-88.42861412,17089.0,1703.408883871804,3.2307861947292977,8776,8964,295,0,8669,8884,534216,105,-2,0,107,80
2020-07-31,US,Illinois,Kankakee,1659,68,0,41.13746989,-87.86205334,17091.0,1510.076277511787,4.0988547317661235,1591,1643,68,0,1575,1634,110024,16,0,0,16,9
2020-07-31,US,Illinois,Kendall,1262,23,0,41.59081014,-88.42869583,17093.0,978.370416311342,1.8225039619651344,1239,1247,22,0,1225,1232,127915,15,1,0,14,15
2020-07-31,US,Illinois,Knox,241,1,0,40.93148779,-90.21330340000002,17095.0,484.9192136662709,0.4149377593360996,240,235,1,0,234,227,50112,6,0,0,6,8
2020-07-31,US,Illinois,LaSalle,480,18,0,41.34426129999999,-88.88633881,17099.0,441.70830687684617,3.75,462,463,18,0,445,442,109430,17,0,0,17,21
2020-07-31,US,Illinois,Lake,11855,440,0,42.3224907,-88.00367925,17097.0,1701.9963103074506,3.7115141290594686,11415,11752,440,0,11312,11649,700832,103,0,0,103,103
2020-07-31,US,Illinois,Lawrence,40,0,0,38.71987914,-87.72884035,17101.0,255.13458349279244,0.0,40,41,0,0,41,39,15765,-1,0,0,-1,2
2020-07-31,US,Illinois,Lee,136,2,0,41.74583951,-89.29977132,17103.0,398.8737681839512,1.4705882352941178,134,136,2,0,134,131,34223,0,0,0,0,5
2020-07-31,US,Illinois,Livingston,85,2,0,40.89188292,-88.55784752,17105.0,238.44254937163376,2.3529411764705883,83,83,2,0,81,79,35761,2,0,0,2,4
2020-07-31,US,Illinois,Logan,79,0,0,40.12581572,-89.36638784,17107.0,276.0500384373471,0.0,79,74,0,0,74,70,28925,5,0,0,5,4
2020-07-31,US,Illinois,Macon,434,23,0,39.86064913,-88.96342505,17115.0,417.27158226691915,5.299539170506913,411,424,23,0,401,406,104712,10,0,0,10,18
2020-07-31,US,Illinois,Macoupin,127,3,0,39.26119767,-89.92424028,17117.0,282.6870854293728,2.3622047244094486,124,123,3,0,120,122,45313,4,0,0,4,1
2020-07-31,US,Illinois,Madison,2099,72,0,38.83042506,-89.90422563,17119.0,798.2020489340828,3.4302048594568837,2027,2047,72,0,1975,1975,264461,52,0,0,52,72
2020-07-31,US,Illinois,Marion,130,0,0,38.64963204,-88.91899208,17121.0,349.4154011557586,0.0,130,125,0,0,125,122,37620,5,0,0,5,3
2020-07-31,US,Illinois,Marshall,18,0,0,41.0327901,-89.34510444,17123.0,157.37016961007168,0.0,18,18,0,0,18,17,11534,0,0,0,0,1
2020-07-31,US,Illinois,Mason,42,0,0,40.23917274,-89.91824452,17125.0,314.3947900291938,0.0,42,42,0,0,42,41,13565,0,0,0,0,1
2020-07-31,US,Illinois,Massac,33,0,0,37.22078441,-88.71036614,17127.0,239.6166134185304,0.0,33,33,0,0,33,32,14080,0,0,0,0,1
2020-07-31,US,Illinois,McDonough,123,15,0,40.45674722,-90.67775541,17109.0,414.3925611481706,12.19512195121951,108,123,15,0,108,121,29955,0,0,0,0,2
2020-07-31,US,Illinois,McHenry,2866,112,0,42.32451172,-88.45248227,17111.0,931.2027656657158,3.9078855547801816,2754,2824,112,0,2712,2783,308570,42,0,0,42,41
2020-07-31,US,Illinois,McLean,536,15,0,40.48996987,-88.84621113,17113.0,312.50546593049086,2.7985074626865667,521,520,15,0,505,504,172828,16,0,0,16,16
2020-07-31,US,Illinois,Menard,44,0,0,40.02742725,-89.80246001,17129.0,360.77402427025254,0.0,44,43,0,0,43,40,12288,1,0,0,1,3
2020-07-31,US,Illinois,Mercer,65,0,0,41.20596782,-90.74290052,17131.0,421.06626935285345,0.0,65,54,0,0,54,52,15601,11,0,0,11,2
2020-07-31,US,Illinois,Monroe,261,13,0,38.27594376,-90.17761038,17133.0,753.5294627132837,4.980842911877394,248,248,13,0,235,239,34335,13,0,0,13,9
2020-07-31,US,Illinois,Montgomery,138,6,0,39.23198845,-89.47809254,17135.0,485.6760751742098,4.3478260869565215,132,133,6,0,127,132,28601,5,0,0,5,1
2020-07-31,US,Illinois,Morgan,184,5,0,39.71654544,-90.20255104,17137.0,546.6753817814487,2.717391304347826,179,176,5,0,171,167,33976,8,0,0,8,9
2020-07-31,US,Illinois,Moultrie,52,0,0,39.64187451,-88.62099969,17139.0,358.59595889938623,0.0,52,52,0,0,52,51,14717,0,0,0,0,1
2020-07-31,US,Illinois,Ogle,368,5,0,42.04165196,-89.32184679,17141.0,726.6552139486207,1.358695652173913,363,365,5,0,360,363,50923,3,0,0,3,2
2020-07-31,US,Illinois,Out of IL,3,0,0,0.0,0.0,80017.0,0.0,0.0,3,3,0,0,3,2,,0,0,0,0,1
2020-07-31,US,Illinois,Peoria,1252,34,0,40.78702156,-89.76078901,17143.0,698.7425981839391,2.7156549520766773,1218,1189,34,0,1155,1106,180621,63,0,0,63,83
2020-07-31,US,Illinois,Perry,101,1,0,38.08510853,-89.36856219,17145.0,482.88391661885635,0.99009900990099,100,99,1,0,98,94,21174,2,0,0,2,5
2020-07-31,US,Illinois,Piatt,37,0,0,40.01360584,-88.59319339,17147.0,226.38277043563386,0.0,37,34,0,0,34,34,16396,3,0,0,3,0
2020-07-31,US,Illinois,Pike,13,0,0,39.62265059,-90.8877017,17149.0,83.5421888053467,0.0,13,12,0,0,12,11,15611,1,0,0,1,1
2020-07-31,US,Illinois,Pope,7,0,0,37.41391284,-88.56152109,17151.0,167.58439071103663,0.0,7,7,0,0,7,7,4212,0,0,0,0,0
2020-07-31,US,Illinois,Pulaski,90,0,0,37.22631423,-89.13085001,17153.0,1686.9728209934397,0.0,90,90,0,0,90,90,5463,0,0,0,0,0
2020-07-31,US,Illinois,Putnam,7,0,0,41.2013541,-89.2869272,17155.0,121.97246907126677,0.0,7,7,0,0,7,7,5740,0,0,0,0,0
2020-07-31,US,Illinois,Randolph,417,7,0,38.05095369,-89.82512254,17157.0,1312.0634321313948,1.6786570743405276,410,416,7,0,409,415,32106,1,0,0,1,1
2020-07-31,US,Illinois,Richland,12,0,0,38.71240969,-88.08475366,17159.0,77.35447689035003,0.0,12,12,0,0,12,12,15763,0,0,0,0,0
2020-07-31,US,Illinois,Rock Island,1549,30,0,41.46613806,-90.57042164,17161.0,1091.7753860684104,1.9367333763718528,1519,1524,30,0,1494,1478,143477,25,0,0,25,46
2020-07-31,US,Illinois,Saline,102,1,0,37.75332999,-88.54119706,17165.0,434.2088459409987,0.9803921568627452,101,94,1,0,93,86,23906,8,0,0,8,8
2020-07-31,US,Illinois,Sangamon,953,33,0,39.75836914,-89.65872023,17167.0,489.5413824278787,3.4627492130115427,920,906,33,0,873,875,195348,47,0,0,47,31
2020-07-31,US,Illinois,Schuyler,15,0,0,40.1571798,-90.61114163,17169.0,221.6312056737589,0.0,15,15,0,0,15,15,6907,0,0,0,0,0
2020-07-31,US,Illinois,Scott,9,0,0,39.6429169,-90.47814431,17171.0,181.78145829125432,0.0,9,7,0,0,7,6,4926,2,0,0,2,1
2020-07-31,US,Illinois,Shelby,53,1,0,39.39133527,-88.80611122,17173.0,244.98474623278167,1.8867924528301887,52,52,1,0,51,46,21741,1,0,0,1,6
2020-07-31,US,Illinois,St. Clair,3507,155,0,38.46996033,-89.93063427,17163.0,1350.4771146692544,4.4197319646421445,3352,3419,154,0,3265,3340,261059,88,1,0,87,79
2020-07-31,US,Illinois,Stark,7,0,0,41.09309773,-89.79745866,17175.0,131.03706476974915,0.0,7,8,0,0,8,7,5427,-1,0,0,-1,1
2020-07-31,US,Illinois,Stephenson,313,6,0,42.35129217,-89.662598,17177.0,703.40240010787,1.9169329073482428,307,312,6,0,306,311,44753,1,0,0,1,1
2020-07-31,US,Illinois,Tazewell,335,8,0,40.50716185,-89.51404662,17179.0,254.1672040848843,2.388059701492537,327,321,8,0,313,304,132328,14,0,0,14,17
2020-07-31,US,Illinois,Unassigned,1344,197,0,0.0,0.0,90017.0,0.0,14.657738095238097,1147,1291,192,0,1099,1297,,53,5,0,48,-6
2020-07-31,US,Illinois,Union,276,21,0,37.47119609,-89.25548938,17181.0,1657.3590344082147,7.608695652173912,255,276,21,0,255,275,16841,0,0,0,0,1
2020-07-31,US,Illinois,Vermilion,189,2,0,40.18417171,-87.73384359,17183.0,249.4786029198237,1.058201058201058,187,188,2,0,186,188,76806,1,0,0,1,0
2020-07-31,US,Illinois,Wabash,29,0,0,38.44272901,-87.84922065,17185.0,251.73611111111111,0.0,29,26,0,0,26,26,11549,3,0,0,3,0
2020-07-31,US,Illinois,Warren,179,0,0,40.84925021,-90.6147432,17187.0,1062.6929470434577,0.0,179,175,0,0,175,175,17032,4,0,0,4,0
2020-07-31,US,Illinois,Washington,56,0,0,38.35309213,-89.40982703,17189.0,403.2548426586016,0.0,56,53,0,0,53,52,13995,3,0,0,3,1
2020-07-31,US,Illinois,Wayne,40,1,0,38.42955355,-88.42586459,17191.0,246.68516805427075,2.5,39,35,1,0,34,34,16332,5,0,0,5,1
2020-07-31,US,Illinois,White,56,0,0,38.08706198,-88.17657461,17193.0,413.6810223830982,0.0,56,55,0,0,55,50,13665,1,0,0,1,5
2020-07-31,US,Illinois,Whiteside,304,16,0,41.75509713,-89.91556058,17195.0,550.9741730856366,5.2631578947368425,288,302,16,0,286,297,55626,2,0,0,2,5
2020-07-31,US,Illinois,Will,8443,339,0,41.44619267,-87.97862712,17197.0,1222.3069940629148,4.015160487978207,8104,8352,338,0,8014,8260,692310,91,1,0,90,92
2020-07-31,US,Illinois,Williamson,301,5,0,37.73033511,-88.92994027,17199.0,451.97231106506297,1.6611295681063123,296,289,5,0,284,280,67056,12,0,0,12,9
2020-07-31,US,Illinois,Winnebago,3641,122,0,42.33641854,-89.16085327,17201.0,1288.5211556700592,3.3507278220269163,3519,3610,122,0,3488,3582,284081,31,0,0,31,28
2020-07-31,US,Illinois,Woodford,87,3,0,40.78579374,-89.20973757,17203.0,226.21493018539226,3.4482758620689653,84,84,3,0,81,78,38463,3,0,0,3,6
2020-07-31,US,Indiana,Adams,74,2,0,40.7457653,-84.93671406,18001.0,206.83679458870225,2.702702702702702,72,73,1,0,72,73,35636,1,1,0,0,0
2020-07-31,US,Indiana,Allen,3509,157,0,41.09194313,-85.06800636,18003.0,925.1276697275764,4.4742091764035345,3352,3480,155,0,3325,3441,375351,29,2,0,27,39
2020-07-31,US,Indiana,Bartholomew,723,47,0,39.20744865,-85.89558181,18005.0,862.9847575168002,6.500691562932228,676,715,47,0,668,702,82753,8,0,0,8,13
2020-07-31,US,Indiana,Benton,59,0,0,40.60626947,-87.31093999,18007.0,674.4398719707361,0.0,59,56,0,0,56,56,8653,3,0,0,3,0
2020-07-31,US,Indiana,Blackford,51,2,0,40.47388153,-85.32499702,18009.0,433.74723592447685,3.92156862745098,49,51,2,0,49,51,11930,0,0,0,0,0
2020-07-31,US,Indiana,Boone,613,46,0,40.0509304,-86.46841646,18011.0,903.5567412997656,7.504078303425776,567,609,45,0,564,598,66999,4,1,0,3,11
2020-07-31,US,Indiana,Brown,68,1,0,39.19605589,-86.22868909,18013.0,450.56983832494035,1.4705882352941178,67,67,1,0,66,66,15234,1,0,0,1,1
2020-07-31,US,Indiana,Carroll,128,2,0,40.580783200000006,-86.56198812,18015.0,631.8803376610555,1.5625,126,125,2,0,123,123,20127,3,0,0,3,2
2020-07-31,US,Indiana,Cass,1740,9,0,40.76135835,-86.34830753,18017.0,4616.731672371248,0.5172413793103449,1731,1740,9,0,1731,1732,37955,0,0,0,0,8
2020-07-31,US,Indiana,Clark,1023,45,0,38.48015445,-85.70510334,18019.0,864.7360146066845,4.3988269794721395,978,994,45,0,949,967,117360,29,0,0,29,27
2020-07-31,US,Indiana,Clay,94,5,0,39.39561833,-87.11723506,18021.0,358.43660629170637,5.319148936170213,89,92,5,0,87,89,26170,2,0,0,2,3
2020-07-31,US,Indiana,Clinton,341,3,0,40.30319754,-86.47277257,18023.0,1052.5016204203832,0.8797653958944281,338,332,3,0,329,328,32250,9,0,0,9,4
2020-07-31,US,Indiana,Crawford,40,0,0,38.28814402,-86.44518825,18025.0,378.1790677885979,0.0,40,40,0,0,40,40,10558,0,0,0,0,0
2020-07-31,US,Indiana,Daviess,235,19,0,38.70186039,-87.07185406,18027.0,704.6265479295973,8.085106382978722,216,224,19,0,205,221,33147,11,0,0,11,3
2020-07-31,US,Indiana,DeKalb,212,4,0,41.39804622,-84.99906934,18033.0,487.6365727429557,1.8867924528301887,208,209,4,0,205,207,43226,3,0,0,3,2
2020-07-31,US,Indiana,Dearborn,447,28,0,39.14647946,-84.97333539,18029.0,903.7971612277084,6.263982102908278,419,441,27,0,414,423,49568,6,1,0,5,18
2020-07-31,US,Indiana,Decatur,306,32,0,39.30712658,-85.50087166,18031.0,1152.1518129447645,10.45751633986928,274,304,32,0,272,290,26794,2,0,0,2,14
2020-07-31,US,Indiana,Delaware,614,52,0,40.22787247,-85.39732772,18035.0,537.9594340035923,8.469055374592834,562,597,52,0,545,579,114772,17,0,0,17,18
2020-07-31,US,Indiana,Dubois,605,12,0,38.36597551,-86.87924170000002,18037.0,1415.6682890303257,1.9834710743801651,593,587,10,0,577,581,42565,18,2,0,16,6
2020-07-31,US,Indiana,Elkhart,4521,76,0,41.59761169,-85.85875695,18039.0,2191.0332895546694,1.68104401681044,4445,4467,75,0,4392,4423,205560,54,1,0,53,44
2020-07-31,US,Indiana,Fayette,149,7,0,39.63684962,-85.17797541,18041.0,644.9658038265085,4.697986577181208,142,143,7,0,136,138,23047,6,0,0,6,5
2020-07-31,US,Indiana,Floyd,658,44,0,38.32117957,-85.90385377,18043.0,837.981712131632,6.6869300911854115,614,636,44,0,592,618,77781,22,0,0,22,18
2020-07-31,US,Indiana,Fountain,61,2,0,40.12361933,-87.24217689,18045.0,373.179982870427,3.278688524590164,59,60,2,0,58,58,16351,1,0,0,1,2
2020-07-31,US,Indiana,Franklin,191,9,0,39.4142482,-85.06062647,18047.0,839.2653132964232,4.712041884816754,182,187,8,0,179,181,22736,4,1,0,3,6
2020-07-31,US,Indiana,Fulton,134,1,0,41.0469907,-86.26252745,18049.0,670.8721337739061,0.746268656716418,133,130,1,0,129,125,20092,4,0,0,4,5
2020-07-31,US,Indiana,Gibson,194,3,0,38.30393723,-87.58054938,18051.0,576.3688760806916,1.5463917525773196,191,193,3,0,190,189,33452,1,0,0,1,4
2020-07-31,US,Indiana,Grant,493,29,0,40.51587228,-85.65468702,18053.0,749.5932734266904,5.882352941176472,464,488,29,0,459,475,65936,5,0,0,5,13
2020-07-31,US,Indiana,Greene,233,34,0,39.03630547,-86.96223202,18055.0,729.9041413445273,14.59227467811159,199,231,34,0,197,229,32006,2,0,0,2,2
2020-07-31,US,Indiana,Hamilton,2410,104,0,40.07306535,-86.05244729,18057.0,712.9945475147258,4.315352697095436,2306,2366,104,0,2262,2316,330086,44,0,0,44,50
2020-07-31,US,Indiana,Hancock,597,37,0,39.82304555,-85.77566351,18059.0,763.7396377034081,6.197654941373536,560,591,37,0,554,587,76351,6,0,0,6,4
2020-07-31,US,Indiana,Harrison,269,22,0,38.19467379,-86.10948271,18061.0,663.9516228557325,8.178438661710038,247,268,22,0,246,266,40350,1,0,0,1,2
2020-07-31,US,Indiana,Hendricks,1711,105,0,39.76719009,-86.51037283,18063.0,1004.6327013522321,6.13676212741087,1606,1683,105,0,1578,1673,167009,28,0,0,28,10
2020-07-31,US,Indiana,Henry,356,18,0,39.93029017,-85.39625719,18065.0,742.0995580755441,5.056179775280898,338,354,18,0,336,348,48271,2,0,0,2,6
2020-07-31,US,Indiana,Howard,786,64,0,40.48527731,-86.11351892,18067.0,952.219422368676,8.142493638676845,722,777,63,0,714,763,82366,9,1,0,8,14
2020-07-31,US,Indiana,Huntington,119,3,0,40.82907273,-85.48822092,18069.0,325.8488499452355,2.5210084033613445,116,119,3,0,116,116,36240,0,0,0,0,3
2020-07-31,US,Indiana,Jackson,543,4,0,38.90915820000001,-86.03851889,18071.0,1227.6457688046844,0.7366482504604052,539,539,4,0,535,534,44111,4,0,0,4,5
2020-07-31,US,Indiana,Jasper,197,2,0,41.02078733,-87.11553319,18073.0,586.9733627316608,1.0152284263959392,195,194,2,0,192,189,33370,3,0,0,3,5
2020-07-31,US,Indiana,Jay,80,0,0,40.43781032,-85.00576229,18075.0,391.46604032100197,0.0,80,77,0,0,77,76,20764,3,0,0,3,1
2020-07-31,US,Indiana,Jefferson,145,2,0,38.78576239,-85.43633383,18077.0,448.80524947381446,1.3793103448275863,143,145,2,0,143,145,32208,0,0,0,0,0
2020-07-31,US,Indiana,Jennings,206,12,0,38.99588883,-85.62710784,18079.0,742.7438254912565,5.825242718446603,194,203,12,0,191,196,27611,3,0,0,3,7
2020-07-31,US,Indiana,Johnson,1616,118,0,39.48994426,-86.10149107,18081.0,1021.704906838974,7.301980198019803,1498,1600,118,0,1482,1586,156225,16,0,0,16,14
2020-07-31,US,Indiana,Knox,125,0,0,38.68861576,-87.4194665,18083.0,341.5860523583102,0.0,125,120,0,0,120,118,36895,5,0,0,5,2
2020-07-31,US,Indiana,Kosciusko,796,12,0,41.24521668,-85.86312322,18085.0,1001.8123238018526,1.5075376884422111,784,788,11,0,777,769,79344,8,1,0,7,19
2020-07-31,US,Indiana,LaGrange,536,10,0,41.64232188,-85.42674232,18087.0,1353.0570000504872,1.8656716417910448,526,535,10,0,525,531,39330,1,0,0,1,4
2020-07-31,US,Indiana,LaPorte,800,29,0,41.54366008,-86.74072188,18091.0,728.0139778683749,3.625,771,787,29,0,758,770,110007,13,0,0,13,17
2020-07-31,US,Indiana,Lake,6935,267,0,41.41874274,-87.38277575,18089.0,1428.4449003384188,3.850036049026676,6668,6878,266,0,6612,6821,484411,57,1,0,56,57
2020-07-31,US,Indiana,Lawrence,317,27,0,38.84112637,-86.48361629,18093.0,698.6995812210713,8.517350157728707,290,311,27,0,284,307,45668,6,0,0,6,4
2020-07-31,US,Indiana,Madison,812,64,0,40.16143691,-85.71964711,18095.0,626.6931133218594,7.881773399014778,748,789,64,0,725,785,129641,23,0,0,23,4
2020-07-31,US,Indiana,Marion,14432,718,0,39.78163624,-86.13826325,18097.0,1496.1921329653674,4.975055432372505,13714,14270,717,0,13553,14096,954670,162,1,0,161,174
2020-07-31,US,Indiana,Marshall,732,22,0,41.32467367,-86.26185087,18099.0,1582.4289852566046,3.0054644808743167,710,722,21,0,701,720,46248,10,1,0,9,2
2020-07-31,US,Indiana,Martin,42,0,0,38.7099921,-86.80373186,18101.0,409.55631399317406,0.0,42,42,0,0,42,42,10217,0,0,0,0,0
2020-07-31,US,Indiana,Miami,247,2,0,40.76940965,-86.04525048,18103.0,695.4612005856516,0.8097165991902834,245,244,2,0,242,238,35567,3,0,0,3,6
2020-07-31,US,Indiana,Monroe,661,30,0,39.16130004,-86.52414358,18105.0,445.3247636949155,4.53857791225416,631,652,30,0,622,636,146917,9,0,0,9,16
2020-07-31,US,Indiana,Montgomery,334,21,0,40.04034823,-86.89335024,18107.0,871.1982889039598,6.2874251497005975,313,326,21,0,305,324,38346,8,0,0,8,2
2020-07-31,US,Indiana,Morgan,410,32,0,39.47899078,-86.44573375,18109.0,581.6510377505709,7.804878048780488,378,408,32,0,376,402,70116,2,0,0,2,6
2020-07-31,US,Indiana,Newton,108,10,0,40.95610449,-87.39635768,18111.0,772.3112128146453,9.25925925925926,98,108,10,0,98,108,14011,0,0,0,0,0
2020-07-31,US,Indiana,Noble,617,28,0,41.39672484,-85.41966713,18113.0,1292.308981233244,4.538087520259318,589,613,28,0,585,608,47532,4,0,0,4,5
2020-07-31,US,Indiana,Ohio,43,4,0,38.955304999999996,-84.96515993,18115.0,731.9148936170212,9.30232558139535,39,42,3,0,39,40,5844,1,1,0,0,2
2020-07-31,US,Indiana,Orange,158,24,0,38.54118920000001,-86.49523093,18117.0,804.2349587702331,15.189873417721516,134,158,24,0,134,158,19489,0,0,0,0,0
2020-07-31,US,Indiana,Owen,73,1,0,39.31145587,-86.83900724,18119.0,350.97841242367423,1.3698630136986298,72,72,1,0,71,70,20845,1,0,0,1,2
2020-07-31,US,Indiana,Parke,45,1,0,39.77202286,-87.20375833,18121.0,265.6905000885635,2.2222222222222223,44,44,1,0,43,40,16927,1,0,0,1,4
2020-07-31,US,Indiana,Perry,170,12,0,38.07809328,-86.63741946,18123.0,886.8485575669049,7.0588235294117645,158,170,12,0,158,165,19102,0,0,0,0,5
2020-07-31,US,Indiana,Pike,37,0,0,38.40112197,-87.23574907,18125.0,298.6520300266365,0.0,37,32,0,0,32,30,12410,5,0,0,5,2
2020-07-31,US,Indiana,Porter,1130,39,0,41.45986947,-87.06848888,18127.0,663.1883513607098,3.4513274336283186,1091,1121,39,0,1082,1102,169594,9,0,0,9,19
2020-07-31,US,Indiana,Posey,155,0,0,38.02097333,-87.86480429,18129.0,609.5882329806898,0.0,155,153,0,0,153,150,25540,2,0,0,2,3
2020-07-31,US,Indiana,Pulaski,71,1,0,41.04166107,-86.69890683,18131.0,574.7591678134868,1.4084507042253518,70,70,1,0,69,69,12469,1,0,0,1,1
2020-07-31,US,Indiana,Putnam,217,8,0,39.66437981,-86.84517605,18133.0,577.4962742175858,3.6866359447004617,209,213,8,0,205,212,37779,4,0,0,4,1
2020-07-31,US,Indiana,Randolph,101,4,0,40.15734772,-85.01139319,18135.0,409.48712750861534,3.96039603960396,97,100,4,0,96,98,24851,1,0,0,1,2
2020-07-31,US,Indiana,Ripley,185,7,0,39.10235626,-85.26212744,18137.0,653.156333851151,3.783783783783784,178,182,7,0,175,179,28523,3,0,0,3,3
2020-07-31,US,Indiana,Rush,79,4,0,39.62002287,-85.4655599,18139.0,476.44894759061583,5.063291139240507,75,80,4,0,76,79,16663,-1,0,0,-1,1
2020-07-31,US,Indiana,Scott,243,10,0,38.68672078,-85.74627859,18143.0,1017.886315083986,4.11522633744856,233,236,10,0,226,233,23878,7,0,0,7,3
2020-07-31,US,Indiana,Shelby,500,26,0,39.52305623,-85.79158570000001,18145.0,1117.8430101276576,5.2,474,499,26,0,473,498,44593,1,0,0,1,1
2020-07-31,US,Indiana,Spencer,110,3,0,38.01519732,-87.0079644,18147.0,542.4865611283719,2.727272727272727,107,110,3,0,107,109,20327,0,0,0,0,1
2020-07-31,US,Indiana,St. Joseph,3015,79,0,41.61756781,-86.29040834,18141.0,1109.1654219978957,2.6202321724709785,2936,2967,78,0,2889,2893,270771,48,1,0,47,74
2020-07-31,US,Indiana,Starke,156,7,0,41.27890281,-86.64686895,18149.0,678.4083496412263,4.487179487179487,149,154,7,0,147,152,22935,2,0,0,2,2
2020-07-31,US,Indiana,Steuben,193,3,0,41.64423868,-85.00101094,18151.0,557.9002139099266,1.5544041450777202,190,191,3,0,188,189,34586,2,0,0,2,2
2020-07-31,US,Indiana,Sullivan,69,1,0,39.08952258,-87.41414469,18153.0,333.8332768880933,1.4492753623188406,68,69,1,0,68,66,20690,0,0,0,0,3
2020-07-31,US,Indiana,Switzerland,40,0,0,38.82767338,-85.03022429,18155.0,372.0584131708678,0.0,40,39,0,0,39,38,10717,1,0,0,1,1
2020-07-31,US,Indiana,Tippecanoe,1053,11,0,40.38872739,-86.89413959,18157.0,537.9805039543866,1.0446343779677112,1042,1031,11,0,1020,1019,193048,22,0,0,22,12
2020-07-31,US,Indiana,Tipton,96,5,0,40.31123252,-86.05234925,18159.0,633.7470293108001,5.208333333333333,91,90,5,0,85,89,15128,6,0,0,6,1
2020-07-31,US,Indiana,Unassigned,0,200,0,0.0,0.0,90018.0,0.0,0.0,-200,0,200,0,-200,0,,0,0,0,0,0
2020-07-31,US,Indiana,Union,28,0,0,39.62550777,-84.92497066,18161.0,396.93790757017297,0.0,28,28,0,0,28,24,7037,0,0,0,0,4
2020-07-31,US,Indiana,Vanderburgh,1621,10,0,38.02658833,-87.58763124,18163.0,893.3541286628346,0.6169031462060457,1611,1579,8,0,1571,1529,180974,42,2,0,40,50
2020-07-31,US,Indiana,Vermillion,30,0,0,39.8523352,-87.46160542,18165.0,193.57336430507164,0.0,30,26,0,0,26,24,15479,4,0,0,4,2
2020-07-31,US,Indiana,Vigo,424,10,0,39.42944561,-87.39169027,18167.0,396.12100375567553,2.358490566037736,414,406,10,0,396,393,107386,18,0,0,18,13
2020-07-31,US,Indiana,Wabash,151,3,0,40.84704239,-85.79328272,18169.0,487.1596335010969,1.9867549668874167,148,148,3,0,145,147,31280,3,0,0,3,1
2020-07-31,US,Indiana,Warren,19,1,0,40.34728141,-87.35602659,18171.0,229.88505747126442,5.2631578947368425,18,19,1,0,18,19,8263,0,0,0,0,0
2020-07-31,US,Indiana,Warrick,471,29,0,38.08922676,-87.2716085,18173.0,747.6427823105496,6.157112526539279,442,458,29,0,429,446,62567,13,0,0,13,12
2020-07-31,US,Indiana,Washington,104,1,0,38.60219804,-86.1049363,18175.0,370.95163361392497,0.9615384615384616,103,99,1,0,98,96,27943,5,0,0,5,3
2020-07-31,US,Indiana,Wayne,304,9,0,39.863344399999995,-85.01044989,18177.0,461.41703600267135,2.9605263157894735,295,292,8,0,284,281,65936,12,1,0,11,11
2020-07-31,US,Indiana,Wells,124,2,0,40.72934187,-85.22132966,18179.0,438.2244840260108,1.6129032258064515,122,120,2,0,118,117,28206,4,0,0,4,3
2020-07-31,US,Indiana,White,341,10,0,40.74911165,-86.86492015,18181.0,1414.820346859182,2.9325513196480935,331,334,10,0,324,332,24133,7,0,0,7,2
2020-07-31,US,Indiana,Whitley,143,6,0,41.13863784,-85.50791236,18183.0,421.03403603815804,4.195804195804196,137,141,6,0,135,140,34074,2,0,0,2,1
2020-07-31,US,Iowa,Adair,20,0,0,41.33075609,-94.47105874,19001.0,279.6420581655481,0.0,20,20,0,0,20,20,7063,0,0,0,0,0
2020-07-31,US,Iowa,Adams,15,0,0,41.02903567,-94.69932645,19003.0,416.43531371460296,0.0,15,15,0,0,15,15,3645,0,0,0,0,0
2020-07-31,US,Iowa,Allamakee,148,4,0,43.28383218,-91.37860922,19005.0,1081.3180390151238,2.702702702702702,144,146,4,0,142,146,13832,2,0,0,2,0
2020-07-31,US,Iowa,Appanoose,40,3,0,40.74324454,-92.86865906,19007.0,321.90568163528087,7.5,37,40,3,0,37,37,12437,0,0,0,0,3
2020-07-31,US,Iowa,Audubon,28,1,0,41.6844628,-94.90581859,19009.0,509.4614264919942,3.571428571428572,27,28,1,0,27,27,5506,0,0,0,0,1
2020-07-31,US,Iowa,Benton,130,1,0,42.08011739,-92.06463573,19011.0,506.92142717878716,0.7692307692307693,129,122,1,0,121,120,25642,8,0,0,8,2
2020-07-31,US,Iowa,Black Hawk,2970,62,0,42.4704581,-92.30524729,19013.0,2263.236504404548,2.087542087542088,2908,2947,62,0,2885,2918,132408,23,0,0,23,29
2020-07-31,US,Iowa,Boone,226,2,0,42.03657094,-93.9313999,19015.0,861.4774719829228,0.8849557522123894,224,224,2,0,222,221,26346,2,0,0,2,3
2020-07-31,US,Iowa,Bremer,181,7,0,42.77461496,-92.31795937,19017.0,722.2089218737531,3.867403314917127,174,179,7,0,172,174,24947,2,0,0,2,5
2020-07-31,US,Iowa,Buchanan,105,1,0,42.4709188,-91.83510825,19019.0,495.8677685950413,0.9523809523809524,104,103,1,0,102,95,21199,2,0,0,2,8
2020-07-31,US,Iowa,Buena Vista,1782,12,0,42.73545875,-95.15100162,19021.0,9082.56880733945,0.6734006734006734,1770,1782,12,0,1770,1779,19874,0,0,0,0,3
2020-07-31,US,Iowa,Butler,111,2,0,42.73172833,-92.79015971,19023.0,768.7512985663827,1.8018018018018016,109,105,2,0,103,102,14539,6,0,0,6,3
2020-07-31,US,Iowa,Calhoun,81,2,0,42.38521079,-94.64046046,19025.0,837.8154737277617,2.469135802469136,79,81,2,0,79,78,9699,0,0,0,0,3
2020-07-31,US,Iowa,Carroll,175,1,0,42.03617207,-94.86032705,19027.0,867.8403173816017,0.5714285714285714,174,174,1,0,173,173,20154,1,0,0,1,1
2020-07-31,US,Iowa,Cass,42,1,0,41.33149454,-94.92792482,19029.0,327.2047366780928,2.380952380952381,41,40,0,0,40,37,12930,2,1,0,1,3
2020-07-31,US,Iowa,Cedar,117,1,0,41.77233777,-91.13246684,19031.0,628.12047028507,0.8547008547008547,116,116,1,0,115,115,18627,1,0,0,1,1
2020-07-31,US,Iowa,Cerro Gordo,572,17,0,43.08177563,-93.2612239,19033.0,1347.4676089517081,2.9720279720279716,555,567,17,0,550,558,42647,5,0,0,5,9
2020-07-31,US,Iowa,Cherokee,97,1,0,42.73538914,-95.62389402,19035.0,863.3733867378728,1.0309278350515465,96,97,1,0,96,97,11321,0,0,0,0,0
2020-07-31,US,Iowa,Chickasaw,48,0,0,43.06001295,-92.31773347,19037.0,402.2458727897428,0.0,48,48,0,0,48,48,11964,0,0,0,0,0
2020-07-31,US,Iowa,Clarke,174,3,0,41.02868181,-93.78499767,19039.0,1852.0489622139442,1.7241379310344829,171,171,3,0,168,166,9423,3,0,0,3,5
2020-07-31,US,Iowa,Clay,168,1,0,43.08247182,-95.15096481,19041.0,1048.951048951049,0.5952380952380952,167,168,1,0,167,168,16134,0,0,0,0,0
2020-07-31,US,Iowa,Clayton,94,3,0,42.84443388,-91.34133693,19043.0,535.6430565844207,3.191489361702128,91,89,3,0,86,84,17556,5,0,0,5,5
2020-07-31,US,Iowa,Clinton,288,3,0,41.89981633,-90.53275096,19045.0,620.3019664433867,1.0416666666666667,285,280,2,0,278,270,46518,8,1,0,7,10
2020-07-31,US,Iowa,Crawford,707,3,0,42.03718237,-95.3819718,19047.0,4203.32936979786,0.4243281471004243,704,708,3,0,705,700,17158,-1,0,0,-1,8
2020-07-31,US,Iowa,Dallas,1739,35,0,41.68560356,-94.04127625,19049.0,1860.828437824361,2.012650948821161,1704,1722,35,0,1687,1706,90180,17,0,0,17,16
2020-07-31,US,Iowa,Davis,49,1,0,40.74773536,-92.41005468,19051.0,544.4444444444445,2.0408163265306123,48,49,1,0,48,49,9017,0,0,0,0,0
2020-07-31,US,Iowa,Decatur,21,0,0,40.73742757,-93.78645949,19053.0,266.83608640406607,0.0,21,20,0,0,20,17,7890,1,0,0,1,3
2020-07-31,US,Iowa,Delaware,85,1,0,42.47104597,-91.3664492,19055.0,499.6766797954265,1.1764705882352942,84,82,1,0,81,81,17069,3,0,0,3,1
2020-07-31,US,Iowa,Des Moines,144,2,0,40.92012606,-91.18326592,19057.0,369.5434598506429,1.3888888888888888,142,137,2,0,135,131,39138,7,0,0,7,6
2020-07-31,US,Iowa,Dickinson,371,4,0,43.37787725,-95.1510206,19059.0,2149.727662533318,1.0781671159029649,367,367,4,0,363,365,17153,4,0,0,4,2
2020-07-31,US,Iowa,Dubuque,1484,28,0,42.46815349,-90.88181925,19061.0,1525.007450339633,1.8867924528301887,1456,1452,28,0,1424,1416,96854,32,0,0,32,36
2020-07-31,US,Iowa,Emmet,178,1,0,43.37782951,-94.67858943,19063.0,1933.101650738488,0.5617977528089888,177,171,1,0,170,162,9253,7,0,0,7,9
2020-07-31,US,Iowa,Fayette,77,0,0,42.86271799,-91.8441231,19065.0,391.85750636132315,0.0,77,75,0,0,75,75,19660,2,0,0,2,0
2020-07-31,US,Iowa,Floyd,109,2,0,43.06000529999999,-92.78940097,19067.0,696.8418360823424,1.834862385321101,107,105,2,0,103,101,15761,4,0,0,4,4
2020-07-31,US,Iowa,Franklin,209,4,0,42.73270384,-93.26256925,19069.0,2075.4716981132074,1.9138755980861244,205,204,4,0,200,185,10124,5,0,0,5,19
2020-07-31,US,Iowa,Fremont,32,0,0,40.74542720000001,-95.60129045,19071.0,459.77011494252883,0.0,32,31,0,0,31,27,6993,1,0,0,1,4
2020-07-31,US,Iowa,Greene,38,0,0,42.03614551,-94.39658081,19073.0,427.5427542754276,0.0,38,37,0,0,37,37,8981,1,0,0,1,0
2020-07-31,US,Iowa,Grundy,72,1,0,42.40183723,-92.78829551,19075.0,588.6200130804447,1.3888888888888888,71,71,1,0,70,68,12304,1,0,0,1,3
2020-07-31,US,Iowa,Guthrie,124,5,0,41.68378965,-94.50111014,19077.0,1160.071101132005,4.032258064516129,119,123,5,0,118,122,10720,1,0,0,1,1
2020-07-31,US,Iowa,Hamilton,237,1,0,42.38382428,-93.70197703,19079.0,1604.2780748663101,0.4219409282700422,236,237,1,0,236,235,14952,0,0,0,0,2
2020-07-31,US,Iowa,Hancock,114,2,0,43.08178477,-93.73454884,19081.0,1072.4365004703668,1.7543859649122806,112,108,2,0,106,107,10712,6,0,0,6,1
2020-07-31,US,Iowa,Hardin,161,0,0,42.38353877,-93.23654611,19083.0,955.7164905615576,0.0,161,155,0,0,155,148,16868,6,0,0,6,7
2020-07-31,US,Iowa,Harrison,90,0,0,41.68330137,-95.81558439,19085.0,640.6149903907751,0.0,90,89,0,0,89,88,14134,1,0,0,1,1
2020-07-31,US,Iowa,Henry,109,3,0,40.98767962,-91.54436349,19087.0,546.2563896963015,2.7522935779816518,106,108,3,0,105,107,20067,1,0,0,1,1
2020-07-31,US,Iowa,Howard,47,0,0,43.35671042,-92.31702714,19089.0,513.2124918104388,0.0,47,47,0,0,47,47,9187,0,0,0,0,0
2020-07-31,US,Iowa,Humboldt,87,1,0,42.7764426,-94.20722537,19091.0,910.2322661644696,1.1494252873563218,86,86,1,0,85,83,9547,1,0,0,1,3
2020-07-31,US,Iowa,Ida,29,0,0,42.38696136,-95.51355387,19093.0,422.7405247813411,0.0,29,29,0,0,29,29,6841,0,0,0,0,0
2020-07-31,US,Iowa,Iowa,87,1,0,41.68630265,-92.0643373,19095.0,537.5679683638161,1.1494252873563218,86,83,1,0,82,81,16141,4,0,0,4,2
2020-07-31,US,Iowa,Jackson,132,1,0,42.17178824,-90.57354837,19097.0,679.0472760944492,0.7575757575757576,131,130,1,0,129,129,19432,2,0,0,2,1
2020-07-31,US,Iowa,Jasper,450,24,0,41.68576082,-93.05567785,19099.0,1210.1653892698669,5.333333333333333,426,445,24,0,421,443,37147,5,0,0,5,2
2020-07-31,US,Iowa,Jefferson,75,0,0,41.03192394,-91.94849466,19101.0,409.94807324405576,0.0,75,75,0,0,75,72,18381,0,0,0,0,3
2020-07-31,US,Iowa,Johnson,1881,15,0,41.67169354,-91.58754744,19103.0,1244.5414847161571,0.7974481658692185,1866,1856,14,0,1842,1822,151260,25,1,0,24,34
2020-07-31,US,Iowa,Jones,122,1,0,42.12118609,-91.13139641,19105.0,589.9134471253808,0.819672131147541,121,119,1,0,118,115,20744,3,0,0,3,4
2020-07-31,US,Iowa,Keokuk,28,1,0,41.33649833,-92.1785067,19107.0,273.27737653718526,3.571428571428572,27,28,1,0,27,27,10225,0,0,0,0,1
2020-07-31,US,Iowa,Kossuth,76,0,0,43.20405458,-94.20691791,19109.0,513.0628501991494,0.0,76,76,0,0,76,74,14908,0,0,0,0,2
2020-07-31,US,Iowa,Lee,89,3,0,40.64181461,-91.48183025,19111.0,264.4323617672401,3.3707865168539324,86,87,2,0,85,83,34055,2,1,0,1,4
2020-07-31,US,Iowa,Linn,2005,87,0,42.07923082,-91.59809485,19113.0,884.4053531887114,4.339152119700748,1918,1970,87,0,1883,1932,225909,35,0,0,35,38
2020-07-31,US,Iowa,Louisa,378,14,0,41.21842119,-91.26102611,19115.0,3425.46443135478,3.703703703703704,364,377,14,0,363,375,11169,1,0,0,1,2
2020-07-31,US,Iowa,Lucas,42,4,0,41.02958964,-93.32780803,19117.0,488.37209302325584,9.523809523809524,38,41,4,0,37,40,8645,1,0,0,1,1
2020-07-31,US,Iowa,Lyon,99,0,0,43.38107862,-96.20926845,19119.0,842.1948107188431,0.0,99,98,0,0,98,94,11811,1,0,0,1,4
2020-07-31,US,Iowa,Madison,93,2,0,41.33081904,-94.01554631,19121.0,569.225119353654,2.150537634408602,91,93,2,0,91,91,16249,0,0,0,0,2
2020-07-31,US,Iowa,Mahaska,133,17,0,41.33521503,-92.64083907,19123.0,601.9461416610092,12.781954887218044,116,133,17,0,116,133,22000,0,0,0,0,0
2020-07-31,US,Iowa,Marion,147,0,0,41.33445101,-93.09934783,19125.0,442.06537755991934,0.0,147,142,0,0,142,141,33407,5,0,0,5,1
2020-07-31,US,Iowa,Marshall,1373,24,0,42.03586837,-92.9990819,19127.0,3487.5155579262873,1.7479970866715222,1349,1364,24,0,1340,1348,39981,9,0,0,9,16
2020-07-31,US,Iowa,Mills,76,0,0,41.03299766,-95.61920963,19129.0,503.0114501290622,0.0,76,75,0,0,75,72,15063,1,0,0,1,3
2020-07-31,US,Iowa,Mitchell,76,0,0,43.35638371,-92.78887719,19131.0,717.9293406385792,0.0,76,76,0,0,76,76,10569,0,0,0,0,0
2020-07-31,US,Iowa,Monona,89,0,0,42.05220391,-95.95743843,19133.0,1033.081834010447,0.0,89,89,0,0,89,89,8679,0,0,0,0,0
2020-07-31,US,Iowa,Monroe,66,7,0,41.02988815,-92.8690667,19135.0,856.3643441027639,10.606060606060606,59,66,7,0,59,66,7790,0,0,0,0,0
2020-07-31,US,Iowa,Montgomery,42,3,0,41.03018714,-95.15642896,19137.0,423.51517596047205,7.142857142857142,39,41,3,0,38,40,10003,1,0,0,1,1
2020-07-31,US,Iowa,Muscatine,807,47,0,41.48370744,-91.1121697,19139.0,1891.5244702793923,5.824039653035936,760,795,47,0,748,789,42929,12,0,0,12,6
2020-07-31,US,Iowa,O'Brien,116,1,0,43.08310673,-95.62474482,19141.0,843.4523376717807,0.8620689655172413,115,115,1,0,114,114,13840,1,0,0,1,1
2020-07-31,US,Iowa,Osceola,77,0,0,43.37824276,-95.62422844,19143.0,1292.3799932863374,0.0,77,77,0,0,77,75,6040,0,0,0,0,2
2020-07-31,US,Iowa,Page,69,0,0,40.7393172,-95.1497813,19145.0,456.7419077248957,0.0,69,66,0,0,66,65,15249,3,0,0,3,1
2020-07-31,US,Iowa,Palo Alto,74,0,0,43.08193849,-94.67824621,19147.0,832.7706504614,0.0,74,74,0,0,74,69,8929,0,0,0,0,5
2020-07-31,US,Iowa,Plymouth,435,8,0,42.737633,-96.21366621,19149.0,1727.7674067601386,1.839080459770115,427,429,8,0,421,423,25095,6,0,0,6,6
2020-07-31,US,Iowa,Pocahontas,113,1,0,42.73420133,-94.67862564,19151.0,1707.2065266656596,0.8849557522123894,112,113,1,0,112,112,6740,0,0,0,0,1
2020-07-31,US,Iowa,Polk,9479,201,0,41.68679484,-93.57767461,19153.0,1933.8543866199066,2.120476843548897,9278,9388,201,0,9187,9262,487204,91,0,0,91,126
2020-07-31,US,Iowa,Pottawattamie,1153,21,0,41.33640314,-95.53907776,19155.0,1237.0448254404225,1.8213356461405033,1132,1137,21,0,1116,1092,93533,16,0,0,16,45
2020-07-31,US,Iowa,Poweshiek,137,8,0,41.68625425,-92.53155731,19157.0,740.3804582792909,5.8394160583941614,129,136,8,0,128,135,18699,1,0,0,1,1
2020-07-31,US,Iowa,Ringgold,21,1,0,40.73518949,-94.24368535,19159.0,429.09685328974257,4.761904761904762,20,22,1,0,21,21,4968,-1,0,0,-1,1
2020-07-31,US,Iowa,Sac,79,0,0,42.38624071,-95.10547892,19161.0,812.6735932517232,0.0,79,79,0,0,79,77,9719,0,0,0,0,2
2020-07-31,US,Iowa,Scott,1557,12,0,41.63935978,-90.61959493,19163.0,900.2966295253349,0.7707129094412332,1545,1542,11,0,1531,1525,173283,15,1,0,14,17
2020-07-31,US,Iowa,Shelby,155,1,0,41.6850066,-95.31015553,19165.0,1353.2390431290378,0.6451612903225806,154,149,1,0,148,143,11578,6,0,0,6,6
2020-07-31,US,Iowa,Sioux,588,2,0,43.08221074,-96.1767568,19167.0,1686.98895423899,0.3401360544217687,586,578,2,0,576,574,34909,10,0,0,10,4
2020-07-31,US,Iowa,Story,1088,13,0,42.03621213,-93.46499005,19169.0,1120.2981970200892,1.1948529411764706,1075,1084,13,0,1071,1075,98105,4,0,0,4,9
2020-07-31,US,Iowa,Tama,534,29,0,42.07991767,-92.53266945,19171.0,3168.387326450693,5.430711610486891,505,532,29,0,503,529,16904,2,0,0,2,3
2020-07-31,US,Iowa,Taylor,93,0,0,40.73710579,-94.69778563,19173.0,1519.3595817676846,0.0,93,93,0,0,93,94,6191,0,0,0,0,-1
2020-07-31,US,Iowa,Unassigned,5,0,0,0.0,0.0,90019.0,0.0,0.0,5,7,0,0,7,1,,-2,0,0,-2,6
2020-07-31,US,Iowa,Union,66,1,0,41.0277278,-94.24234847,19175.0,539.1716363042235,1.5151515151515151,65,67,1,0,66,66,12359,-1,0,0,-1,1
2020-07-31,US,Iowa,Van Buren,29,1,0,40.75326764,-91.95017958,19177.0,411.69789892106763,3.4482758620689653,28,28,1,0,27,25,7020,1,0,0,1,3
2020-07-31,US,Iowa,Wapello,827,31,0,41.03064984,-92.40954728,19179.0,2364.95181446424,3.748488512696493,796,821,31,0,790,812,35205,6,0,0,6,9
2020-07-31,US,Iowa,Warren,503,1,0,41.33559454,-93.56007641,19181.0,977.3442661174366,0.1988071570576541,502,499,1,0,498,486,51056,4,0,0,4,13
2020-07-31,US,Iowa,Washington,284,10,0,41.33577126,-91.71725711,19183.0,1292.9660824038242,3.5211267605633805,274,284,10,0,274,281,22141,0,0,0,0,3
2020-07-31,US,Iowa,Wayne,15,1,0,40.73969028,-93.32752197,19185.0,232.8830926874709,6.666666666666668,14,15,1,0,14,14,6401,0,0,0,0,1
2020-07-31,US,Iowa,Webster,699,5,0,42.42853483,-94.17987389,19187.0,1946.8582887700527,0.7153075822603719,694,684,5,0,679,668,36277,15,0,0,15,16
2020-07-31,US,Iowa,Winnebago,71,0,0,43.37751174,-93.73407298,19189.0,685.7253235464556,0.0,71,71,0,0,71,69,10518,0,0,0,0,2
2020-07-31,US,Iowa,Winneshiek,77,1,0,43.29094334,-91.84422722,19191.0,385.1733279975989,1.2987012987012987,76,74,1,0,73,73,20029,3,0,0,3,1
2020-07-31,US,Iowa,Woodbury,3620,49,0,42.38979414,-96.0459439,19193.0,3510.9158447050154,1.3535911602209945,3571,3612,47,0,3565,3585,102539,8,2,0,6,27
2020-07-31,US,Iowa,Worth,59,0,0,43.37750768,-93.26087602,19195.0,799.3496816149574,0.0,59,56,0,0,56,55,7453,3,0,0,3,1
2020-07-31,US,Iowa,Wright,439,1,0,42.73305373,-93.73515113,19197.0,3494.6664543862444,0.2277904328018223,438,439,1,0,438,437,12690,0,0,0,0,2
2020-07-31,US,Kansas,Allen,14,0,0,37.88582951,-95.30030847,20001.0,113.18619128466328,0.0,14,14,0,0,14,14,12444,0,0,0,0,0
2020-07-31,US,Kansas,Anderson,27,0,0,38.21413251,-95.29272815,20003.0,343.5988801221685,0.0,27,26,0,0,26,26,7878,1,0,0,1,0
2020-07-31,US,Kansas,Atchison,61,0,0,39.53185661,-95.30870026,20005.0,379.5184470851739,0.0,61,59,0,0,59,59,16193,2,0,0,2,0
2020-07-31,US,Kansas,Barber,4,0,0,37.2288586,-98.68460053,20007.0,90.35464196973119,0.0,4,4,0,0,4,4,4472,0,0,0,0,0
2020-07-31,US,Kansas,Barton,109,3,0,38.47889676,-98.75636726,20009.0,422.82477985957564,2.7522935779816518,106,104,3,0,101,99,26111,5,0,0,5,5
2020-07-31,US,Kansas,Bourbon,65,1,0,37.85508555,-94.84865997,20011.0,447.22719141323785,1.5384615384615383,64,65,1,0,64,65,14653,0,0,0,0,0
2020-07-31,US,Kansas,Brown,32,0,0,39.82652589,-95.56421698,20013.0,334.58803847762437,0.0,32,32,0,0,32,32,9598,0,0,0,0,0
2020-07-31,US,Kansas,Butler,200,0,0,37.78134351,-96.83878537,20015.0,298.9045149526984,0.0,200,187,0,0,187,181,66765,13,0,0,13,6
2020-07-31,US,Kansas,Chase,6,0,0,38.30292938,-96.59563862,20017.0,226.5861027190332,0.0,6,6,0,0,6,6,2629,0,0,0,0,0
2020-07-31,US,Kansas,Chautauqua,5,0,0,37.14994405,-96.2454192,20019.0,153.84615384615384,0.0,5,5,0,0,5,5,3309,0,0,0,0,0
2020-07-31,US,Kansas,Cherokee,73,1,0,37.16928494,-94.8462897,20021.0,366.11665580019064,1.3698630136986298,72,73,1,0,72,72,20015,0,0,0,0,1
2020-07-31,US,Kansas,Cheyenne,2,0,0,39.78580976,-101.7318201,20023.0,75.27286413248024,0.0,2,2,0,0,2,2,2660,0,0,0,0,0
2020-07-31,US,Kansas,Clark,43,1,0,37.23577007,-99.81883015,20025.0,2156.469408224674,2.3255813953488373,42,42,1,0,41,42,2005,1,0,0,1,0
2020-07-31,US,Kansas,Clay,17,2,0,39.34948772,-97.16518128,20027.0,212.44688827793053,11.764705882352944,15,17,2,0,15,17,7997,0,0,0,0,0
2020-07-31,US,Kansas,Cloud,29,0,0,39.48028352,-97.64925343,20029.0,330.07056681083543,0.0,29,28,0,0,28,28,8729,1,0,0,1,0
2020-07-31,US,Kansas,Coffey,65,8,0,38.2365018,-95.73379515,20031.0,794.7181807066878,12.307692307692307,57,64,8,0,56,64,8233,1,0,0,1,0
2020-07-31,US,Kansas,Comanche,3,0,0,37.19114520000001,-99.27113247,20033.0,176.47058823529412,0.0,3,3,0,0,3,3,1748,0,0,0,0,0
2020-07-31,US,Kansas,Cowley,151,2,0,37.23781842,-96.83776647,20035.0,432.56560100836487,1.3245033112582782,149,146,2,0,144,146,35218,5,0,0,5,0
2020-07-31,US,Kansas,Crawford,368,1,0,37.50675523,-94.85245778,20037.0,948.0138080272037,0.2717391304347826,367,366,1,0,365,366,39019,2,0,0,2,0
2020-07-31,US,Kansas,Decatur,5,0,0,39.78468441,-100.45940809999999,20039.0,176.86593562079943,0.0,5,5,0,0,5,5,2871,0,0,0,0,0
2020-07-31,US,Kansas,Dickinson,40,1,0,38.86600962,-97.15532383,20041.0,216.61431820643344,2.5,39,40,1,0,39,40,18717,0,0,0,0,0
2020-07-31,US,Kansas,Doniphan,44,0,0,39.79067154,-95.14056866,20043.0,578.9473684210526,0.0,44,44,0,0,44,44,7682,0,0,0,0,0
2020-07-31,US,Kansas,Douglas,650,3,0,38.88503636,-95.2925121,20045.0,531.6582010322348,0.4615384615384616,647,635,3,0,632,630,121436,15,0,0,15,5
2020-07-31,US,Kansas,Edwards,10,0,0,37.88735543,-99.31263309,20047.0,357.39814152966414,0.0,10,10,0,0,10,10,2849,0,0,0,0,0
2020-07-31,US,Kansas,Elk,1,0,0,37.45338105,-96.24369667,20049.0,39.52569169960474,0.0,1,1,0,0,1,1,2508,0,0,0,0,0
2020-07-31,US,Kansas,Ellis,128,1,0,38.91458712,-99.31751551,20051.0,448.2891464994922,0.78125,127,125,1,0,124,125,28710,3,0,0,3,0
2020-07-31,US,Kansas,Ellsworth,18,0,0,38.69677695,-98.20462799,20053.0,294.9852507374631,0.0,18,18,0,0,18,18,6196,0,0,0,0,0
2020-07-31,US,Kansas,Finney,1737,10,0,38.04340344,-100.73819379999999,20055.0,4763.2105739435665,0.5757052389176741,1727,1716,10,0,1706,1708,36611,21,0,0,21,8
2020-07-31,US,Kansas,Ford,2026,8,0,37.69200114,-99.88825298,20057.0,6026.354144977541,0.3948667324777888,2018,2017,8,0,2009,2017,33888,9,0,0,9,0
2020-07-31,US,Kansas,Franklin,149,1,0,38.56443815,-95.28644341,20059.0,583.3072345756342,0.6711409395973155,148,142,1,0,141,142,25631,7,0,0,7,0
2020-07-31,US,Kansas,Geary,128,2,0,38.99871131,-96.7577178,20061.0,404.1679823176509,1.5625,126,126,2,0,124,124,32594,2,0,0,2,2
2020-07-31,US,Kansas,Gove,3,0,0,38.91588178,-100.4829321,20063.0,113.80880121396058,0.0,3,3,0,0,3,3,2612,0,0,0,0,0
2020-07-31,US,Kansas,Graham,16,0,0,39.34987223,-99.88332493,20065.0,644.64141821112,0.0,16,15,0,0,15,15,2492,1,0,0,1,0
2020-07-31,US,Kansas,Grant,92,2,0,37.56227336,-101.3079758,20067.0,1286.7132867132864,2.1739130434782608,90,92,2,0,90,89,7336,0,0,0,0,3
2020-07-31,US,Kansas,Gray,71,0,0,37.73836671,-100.4369088,20069.0,1185.7047428189712,0.0,71,71,0,0,71,71,6033,0,0,0,0,0
2020-07-31,US,Kansas,Greeley,3,0,0,38.4808095,-101.8061079,20071.0,243.50649350649346,0.0,3,3,0,0,3,3,1227,0,0,0,0,0
2020-07-31,US,Kansas,Greenwood,15,0,0,37.8774388,-96.23250453,20073.0,250.7522567703109,0.0,15,15,0,0,15,15,6055,0,0,0,0,0
2020-07-31,US,Kansas,Hamilton,37,0,0,37.99978709,-101.7921066,20075.0,1457.26664040961,0.0,37,36,0,0,36,36,2607,1,0,0,1,0
2020-07-31,US,Kansas,Harper,8,0,0,37.19175361,-98.07578384,20077.0,147.16703458425312,0.0,8,8,0,0,8,8,5506,0,0,0,0,0
2020-07-31,US,Kansas,Harvey,157,1,0,38.04293782,-97.42747573,20079.0,456.01092102587927,0.6369426751592356,156,147,1,0,146,147,34210,10,0,0,10,0
2020-07-31,US,Kansas,Haskell,44,0,0,37.562039399999996,-100.8710738,20081.0,1108.8709677419354,0.0,44,46,0,0,46,46,3997,-2,0,0,-2,0
2020-07-31,US,Kansas,Hodgeman,11,0,0,38.08780079,-99.89829881,20083.0,613.1549609810479,0.0,11,11,0,0,11,11,1818,0,0,0,0,0
2020-07-31,US,Kansas,Jackson,144,1,0,39.41673394,-95.79356799,20085.0,1093.3110621820667,0.6944444444444444,143,142,1,0,141,136,13280,2,0,0,2,6
2020-07-31,US,Kansas,Jefferson,59,0,0,39.2347941,-95.38289232,20087.0,309.8251325946542,0.0,59,53,0,0,53,53,18975,6,0,0,6,0
2020-07-31,US,Kansas,Jewell,9,0,0,39.78470589,-98.21820662,20089.0,312.6085446335533,0.0,9,8,0,0,8,8,2841,1,0,0,1,0
2020-07-31,US,Kansas,Johnson,4883,98,0,38.88548175,-94.82250877,20091.0,810.5896238552061,2.006962932623387,4785,4781,98,0,4683,4717,597555,102,0,0,102,64
2020-07-31,US,Kansas,Kearny,57,1,0,38.00017981,-101.32168100000001,20093.0,1485.148514851485,1.7543859649122806,56,54,1,0,53,54,3943,3,0,0,3,0
2020-07-31,US,Kansas,Kingman,9,0,0,37.55909527,-98.13638678,20095.0,125.83892617449663,0.0,9,8,0,0,8,8,7310,1,0,0,1,0
2020-07-31,US,Kansas,Kiowa,6,0,0,37.55848695,-99.2856537,20097.0,242.42424242424244,0.0,6,6,0,0,6,6,2516,0,0,0,0,0
2020-07-31,US,Kansas,Labette,107,0,0,37.19113093,-95.29849679,20099.0,545.4174737485981,0.0,107,107,0,0,107,107,19964,0,0,0,0,0
2020-07-31,US,Kansas,Lane,5,0,0,38.48119447,-100.46607540000001,20101.0,325.73289902280135,0.0,5,5,0,0,5,5,1560,0,0,0,0,0
2020-07-31,US,Kansas,Leavenworth,1392,8,0,39.20183497,-95.03620809,20103.0,1702.585679688838,0.5747126436781609,1384,1376,8,0,1368,1376,81352,16,0,0,16,0
2020-07-31,US,Kansas,Lincoln,6,0,0,39.04549684,-98.20756994,20105.0,202.56583389601624,0.0,6,6,0,0,6,6,3023,0,0,0,0,0
2020-07-31,US,Kansas,Linn,30,0,0,38.21267844,-94.84254089,20107.0,309.1827269916521,0.0,30,29,0,0,29,29,9750,1,0,0,1,0
2020-07-31,US,Kansas,Logan,2,0,0,38.91735806,-101.148475,20109.0,71.58196134574086,0.0,2,2,0,0,2,2,2844,0,0,0,0,0
2020-07-31,US,Kansas,Lyon,644,11,0,38.45576156,-96.15275715,20111.0,1940.051212532008,1.708074534161491,633,640,11,0,629,629,33406,4,0,0,4,11
2020-07-31,US,Kansas,Marion,48,1,0,38.35855394,-97.09852509999999,20115.0,403.9044092898014,2.083333333333333,47,48,1,0,47,48,11950,0,0,0,0,0
2020-07-31,US,Kansas,Marshall,9,0,0,39.78359669,-96.52278974,20117.0,92.71659627073248,0.0,9,9,0,0,9,9,9722,0,0,0,0,0
2020-07-31,US,Kansas,McPherson,129,1,0,38.39184858,-97.64769869,20113.0,451.96552449022494,0.7751937984496124,128,124,1,0,123,124,28537,5,0,0,5,0
2020-07-31,US,Kansas,Meade,39,0,0,37.23859987,-100.36483100000001,20119.0,967.0220679394992,0.0,39,36,0,0,36,36,4146,3,0,0,3,0
2020-07-31,US,Kansas,Miami,117,0,0,38.56383358,-94.83832189,20121.0,341.73554925957296,0.0,117,117,0,0,117,117,33680,0,0,0,0,0
2020-07-31,US,Kansas,Mitchell,27,0,0,39.39331582,-98.20906732,20123.0,451.58053186151534,0.0,27,27,0,0,27,27,6150,0,0,0,0,0
2020-07-31,US,Kansas,Montgomery,152,5,0,37.19236568,-95.74329258,20125.0,477.55191806214464,3.2894736842105265,147,145,4,0,141,134,32120,7,1,0,6,11
2020-07-31,US,Kansas,Morris,9,0,0,38.68827511,-96.65128437,20127.0,160.14234875444842,0.0,9,7,0,0,7,7,5521,2,0,0,2,0
2020-07-31,US,Kansas,Morton,9,2,0,37.19141121,-101.79925190000002,20129.0,347.89331271743333,22.222222222222218,7,9,2,0,7,9,2667,0,0,0,0,0
2020-07-31,US,Kansas,Nemaha,47,0,0,39.78345387,-96.01392079,20131.0,459.3881341022383,0.0,47,45,0,0,45,45,10155,2,0,0,2,0
2020-07-31,US,Kansas,Neosho,50,0,0,37.55862897,-95.30670046,20133.0,312.36334103829574,0.0,50,48,0,0,48,48,15951,2,0,0,2,0
2020-07-31,US,Kansas,Ness,5,0,0,38.47974157,-99.91547333,20135.0,181.8181818181818,0.0,5,5,0,0,5,5,2840,0,0,0,0,0
2020-07-31,US,Kansas,Norton,22,0,0,39.78443827,-99.90286639,20137.0,410.37119940309645,0.0,22,22,0,0,22,22,5430,0,0,0,0,0
2020-07-31,US,Kansas,Osage,38,0,0,38.65235984,-95.72707998,20139.0,238.25945200326044,0.0,38,37,0,0,37,37,15941,1,0,0,1,0
2020-07-31,US,Kansas,Osborne,4,0,0,39.3503437,-98.76753828,20141.0,116.92487576731949,0.0,4,3,0,0,3,3,3475,1,0,0,1,0
2020-07-31,US,Kansas,Ottawa,30,0,0,39.13237408,-97.65020313,20143.0,525.9467040673212,0.0,30,30,0,0,30,30,5802,0,0,0,0,0
2020-07-31,US,Kansas,Pawnee,7,0,0,38.18108732,-99.23692334,20145.0,109.13626442157779,0.0,7,7,0,0,7,7,6562,0,0,0,0,0
2020-07-31,US,Kansas,Phillips,47,8,0,39.78465501,-99.34668865,20147.0,897.9747802827666,17.02127659574468,39,44,8,0,36,44,5317,3,0,0,3,0
2020-07-31,US,Kansas,Pottawatomie,102,0,0,39.37925655,-96.34564657,20149.0,418.32424229996315,0.0,102,101,0,0,101,101,24277,1,0,0,1,0
2020-07-31,US,Kansas,Pratt,33,0,0,37.64780729,-98.73922153,20151.0,360.10475774770845,0.0,33,33,0,0,33,33,9378,0,0,0,0,0
2020-07-31,US,Kansas,Reno,214,1,0,37.95230263,-98.08607292,20155.0,345.1724249169328,0.4672897196261682,213,211,1,0,210,207,62342,3,0,0,3,4
2020-07-31,US,Kansas,Republic,27,0,0,39.82799632,-97.65036709,20157.0,582.3986194995688,0.0,27,25,0,0,25,25,4664,2,0,0,2,0
2020-07-31,US,Kansas,Rice,27,0,0,38.34616184,-98.19992118,20159.0,283.10789556464294,0.0,27,22,0,0,22,22,9531,5,0,0,5,0
2020-07-31,US,Kansas,Riley,449,5,0,39.28935726,-96.73420026,20161.0,604.8604375471493,1.11358574610245,444,445,5,0,440,441,73703,4,0,0,4,4
2020-07-31,US,Kansas,Rooks,15,0,0,39.35022773,-99.32484567,20163.0,304.8780487804878,0.0,15,14,0,0,14,14,5013,1,0,0,1,0
2020-07-31,US,Kansas,Rush,5,0,0,38.52275276,-99.30863983,20165.0,164.69038208168644,0.0,5,5,0,0,5,5,3093,0,0,0,0,0
2020-07-31,US,Kansas,Russell,10,0,0,38.91462787,-98.76254297,20167.0,145.85764294049008,0.0,10,9,0,0,9,9,6907,1,0,0,1,0
2020-07-31,US,Kansas,Saline,340,5,0,38.78369175,-97.65185177,20169.0,627.028622012393,1.4705882352941178,335,329,5,0,324,329,54401,11,0,0,11,0
2020-07-31,US,Kansas,Scott,28,0,0,38.48222076,-100.90665390000001,20171.0,580.5515239477504,0.0,28,28,0,0,28,27,4897,0,0,0,0,1
2020-07-31,US,Kansas,Sedgwick,4072,39,0,37.6842718,-97.4608198,20173.0,789.083059130846,0.9577603143418468,4033,3962,39,0,3923,3870,513607,110,0,0,110,92
2020-07-31,US,Kansas,Seward,1188,4,0,37.19324632,-100.85072009999999,20175.0,5544.147843942506,0.3367003367003367,1184,1169,4,0,1165,1169,21780,19,0,0,19,0
2020-07-31,US,Kansas,Shawnee,1389,19,0,39.04100763,-95.75572640000001,20177.0,785.3003533568906,1.3678905687544995,1370,1379,19,0,1360,1367,177499,10,0,0,10,12
2020-07-31,US,Kansas,Sheridan,7,0,0,39.35018161,-100.44182590000001,20179.0,277.66759222530743,0.0,7,7,0,0,7,7,2533,0,0,0,0,0
2020-07-31,US,Kansas,Sherman,14,0,0,39.35147699,-101.71976240000001,20181.0,236.60638837248607,0.0,14,14,0,0,14,12,5899,0,0,0,0,2
2020-07-31,US,Kansas,Smith,3,0,0,39.78516566,-98.78566062,20183.0,83.72871895060004,0.0,3,3,0,0,3,3,3603,0,0,0,0,0
2020-07-31,US,Kansas,Stafford,3,0,0,38.03100851,-98.71762001,20185.0,72.18479307025987,0.0,3,3,0,0,3,3,4178,0,0,0,0,0
2020-07-31,US,Kansas,Stanton,16,1,0,37.56304714,-101.78435340000001,20187.0,797.6071784646061,6.25,15,16,1,0,15,16,1987,0,0,0,0,0
2020-07-31,US,Kansas,Stevens,43,0,0,37.1923008,-101.3118967,20189.0,783.9562443026434,0.0,43,43,0,0,43,43,5559,0,0,0,0,0
2020-07-31,US,Kansas,Sumner,97,3,0,37.23682549,-97.47721621,20191.0,424.7679103170433,3.0927835051546397,94,92,3,0,89,92,22996,5,0,0,5,0
2020-07-31,US,Kansas,Thomas,32,0,0,39.35107575,-101.0553705,20193.0,411.46971840041147,0.0,32,32,0,0,32,32,7711,0,0,0,0,0
2020-07-31,US,Kansas,Trego,5,1,0,38.91467218,-99.87284448,20195.0,178.38030681412772,20.0,4,5,1,0,4,5,2793,0,0,0,0,0
2020-07-31,US,Kansas,Unassigned,0,1,0,0.0,0.0,90020.0,0.0,0.0,-1,0,1,0,-1,0,,0,0,0,0,0
2020-07-31,US,Kansas,Wabaunsee,39,0,0,38.95471985,-96.20350509,20197.0,562.6893666137644,0.0,39,40,0,0,40,40,6899,-1,0,0,-1,0
2020-07-31,US,Kansas,Washington,2,0,0,39.78420784,-97.08753229999999,20201.0,36.99593044765076,0.0,2,2,0,0,2,2,5420,0,0,0,0,0
2020-07-31,US,Kansas,Wichita,3,0,0,38.48178252,-101.3471509,20203.0,141.57621519584708,0.0,3,3,0,0,3,3,2105,0,0,0,0,0
2020-07-31,US,Kansas,Wilson,8,0,0,37.55937174,-95.74323255,20205.0,93.84164222873899,0.0,8,8,0,0,8,8,8665,0,0,0,0,0
2020-07-31,US,Kansas,Woodson,11,0,0,37.8865336,-95.74006277,20207.0,350.54174633524536,0.0,11,11,0,0,11,11,3183,0,0,0,0,0
2020-07-31,US,Kansas,Wyandotte,4373,95,0,39.11727348,-94.76378225,20209.0,2643.4301120118,2.172421678481592,4278,4325,95,0,4230,4268,165324,48,0,0,48,57
2020-07-31,US,Kentucky,Adair,201,19,0,37.10459774,-85.28129668,21001.0,1046.765961878971,9.452736318407961,182,197,19,0,178,192,19215,4,0,0,4,5
2020-07-31,US,Kentucky,Allen,216,8,0,36.75197631,-86.19457544,21003.0,1013.3708655876144,3.703703703703704,208,215,8,0,207,214,21122,1,0,0,1,1
2020-07-31,US,Kentucky,Anderson,72,1,0,38.00671029,-84.99171713,21005.0,316.5252560777245,1.3888888888888888,71,67,1,0,66,60,22663,5,0,0,5,7
2020-07-31,US,Kentucky,Ballard,30,0,0,37.05842757,-88.99427697,21007.0,380.3245436105477,0.0,30,30,0,0,30,29,7979,0,0,0,0,1
2020-07-31,US,Kentucky,Barren,315,2,0,36.96469836,-85.93338945,21009.0,711.8804944744514,0.6349206349206349,313,302,2,0,300,290,44176,13,0,0,13,12
2020-07-31,US,Kentucky,Bath,32,1,0,38.14735938,-83.74588932,21011.0,256.0,3.125,31,32,1,0,31,31,12383,0,0,0,0,1
2020-07-31,US,Kentucky,Bell,267,2,0,36.73355174,-83.67766671,21013.0,1025.660725261217,0.7490636704119851,265,262,2,0,260,260,26569,5,0,0,5,2
2020-07-31,US,Kentucky,Boone,984,24,0,38.97065142,-84.72615357,21015.0,736.6317066049812,2.4390243902439024,960,965,24,0,941,957,131533,19,0,0,19,8
2020-07-31,US,Kentucky,Bourbon,68,1,0,38.2054607,-84.21827874,21017.0,343.6426116838488,1.4705882352941178,67,66,1,0,65,66,20184,2,0,0,2,0
2020-07-31,US,Kentucky,Boyd,165,3,0,38.36176608,-82.68652187,21019.0,353.1829273513422,1.818181818181818,162,164,3,0,161,157,47240,1,0,0,1,7
2020-07-31,US,Kentucky,Boyle,129,0,0,37.62680923,-84.8633779,21021.0,429.1417165668663,0.0,129,125,0,0,125,121,30100,4,0,0,4,4
2020-07-31,US,Kentucky,Bracken,29,0,0,38.69158994,-84.08532444,21023.0,349.27134770564857,0.0,29,28,0,0,28,28,8239,1,0,0,1,0
2020-07-31,US,Kentucky,Breathitt,24,0,0,37.52333168,-83.31959161,21025.0,190.02375296912118,0.0,24,24,0,0,24,22,12726,0,0,0,0,2
2020-07-31,US,Kentucky,Breckinridge,49,2,0,37.77377239,-86.42885017,21027.0,239.29286516579566,4.081632653061225,47,48,2,0,46,43,20388,1,0,0,1,5
2020-07-31,US,Kentucky,Bullitt,300,4,0,37.97162523,-85.68955617,21029.0,367.3049610656742,1.3333333333333333,296,284,4,0,280,277,81069,16,0,0,16,7
2020-07-31,US,Kentucky,Butler,291,15,0,37.20946153,-86.68748787,21031.0,2259.492196599115,5.154639175257731,276,290,15,0,275,287,12772,1,0,0,1,3
2020-07-31,US,Kentucky,Caldwell,45,0,0,37.14749129,-87.86948214,21033.0,353.02424099788175,0.0,45,45,0,0,45,43,12715,0,0,0,0,2
2020-07-31,US,Kentucky,Calloway,175,2,0,36.62093411,-88.2731593,21035.0,448.7064434245276,1.1428571428571428,173,166,2,0,164,157,39135,9,0,0,9,9
2020-07-31,US,Kentucky,Campbell,494,13,0,38.94384345,-84.37875208,21037.0,527.8680116259189,2.631578947368421,481,483,13,0,470,475,93152,11,0,0,11,8
2020-07-31,US,Kentucky,Carlisle,22,1,0,36.85372876,-88.96692220000001,21039.0,462.18487394957987,4.545454545454546,21,18,1,0,17,18,4771,4,0,0,4,0
2020-07-31,US,Kentucky,Carroll,140,2,0,38.66599534,-85.12601074,21041.0,1316.9033957294705,1.4285714285714286,138,138,2,0,136,136,10737,2,0,0,2,2
2020-07-31,US,Kentucky,Carter,94,1,0,38.31690743,-83.05092385,21043.0,350.78553569429414,1.0638297872340423,93,91,1,0,90,90,27004,3,0,0,3,1
2020-07-31,US,Kentucky,Casey,148,10,0,37.32533118,-84.92726209,21045.0,915.8982610310044,6.756756756756758,138,144,10,0,134,141,15888,4,0,0,4,3
2020-07-31,US,Kentucky,Christian,470,6,0,36.89267803,-87.49055367,21047.0,667.0356651197118,1.2765957446808511,464,469,6,0,463,455,71671,1,0,0,1,14
2020-07-31,US,Kentucky,Clark,148,7,0,37.9689263,-84.14615986,21049.0,408.12949838678543,4.729729729729731,141,143,7,0,136,137,36249,5,0,0,5,6
2020-07-31,US,Kentucky,Clay,142,5,0,37.16451126,-83.712575,21051.0,713.5319833174212,3.5211267605633805,137,141,5,0,136,139,20105,1,0,0,1,2
2020-07-31,US,Kentucky,Clinton,23,0,0,36.72581156,-85.13377529,21053.0,225.09297318457627,0.0,23,22,0,0,22,18,10206,1,0,0,1,4
2020-07-31,US,Kentucky,Crittenden,26,1,0,37.35839237,-88.08826090000002,21055.0,295.25323642970704,3.8461538461538463,25,23,1,0,22,23,8915,3,0,0,3,0
2020-07-31,US,Kentucky,Cumberland,33,0,0,36.78926125,-85.39050034,21057.0,498.9416389476866,0.0,33,32,0,0,32,31,6659,1,0,0,1,1
2020-07-31,US,Kentucky,Daviess,689,7,0,37.73028906,-87.09019479999998,21059.0,678.744175508073,1.0159651669085632,682,685,7,0,678,671,101104,4,0,0,4,14
2020-07-31,US,Kentucky,Edmonson,89,12,0,37.21218923,-86.23955613,21061.0,732.5102880658436,13.483146067415731,77,89,12,0,77,88,12274,0,0,0,0,1
2020-07-31,US,Kentucky,Elliott,7,0,0,38.11624059,-83.09771563,21063.0,93.1222562192364,0.0,7,7,0,0,7,7,7508,0,0,0,0,0
2020-07-31,US,Kentucky,Estill,12,0,0,37.69241417,-83.95956369,21065.0,85.07018290089323,0.0,12,11,0,0,11,11,14198,1,0,0,1,0
2020-07-31,US,Kentucky,Fayette,2654,46,0,38.0368225,-84.45576892,21067.0,821.2853394068428,1.7332328560663148,2608,2604,45,0,2559,2562,323780,50,1,0,49,42
2020-07-31,US,Kentucky,Fleming,53,0,0,38.36758311,-83.69657514,21069.0,363.48672930526016,0.0,53,49,0,0,49,46,14432,4,0,0,4,3
2020-07-31,US,Kentucky,Floyd,80,1,0,37.56213922,-82.74750924,21071.0,224.78855826238444,1.25,79,78,1,0,77,75,35845,2,0,0,2,3
2020-07-31,US,Kentucky,Franklin,245,5,0,38.2379395,-84.87962551,21073.0,480.47694691220016,2.0408163265306123,240,238,5,0,233,227,50815,7,0,0,7,11
2020-07-31,US,Kentucky,Fulton,49,1,0,36.55238827,-89.20140068,21075.0,820.9080247947729,2.0408163265306123,48,47,1,0,46,46,6120,2,0,0,2,1
2020-07-31,US,Kentucky,Gallatin,77,8,0,38.75398691,-84.8558382,21077.0,868.1925808997631,10.389610389610391,69,77,8,0,69,77,8832,0,0,0,0,0
2020-07-31,US,Kentucky,Garrard,67,0,0,37.6388668,-84.53289319,21079.0,379.25959470168686,0.0,67,67,0,0,67,64,17560,0,0,0,0,3
2020-07-31,US,Kentucky,Grant,93,5,0,38.64962758,-84.62415957,21081.0,370.9761059475846,5.376344086021504,88,90,5,0,85,89,25121,3,0,0,3,1
2020-07-31,US,Kentucky,Graves,494,22,0,36.72292505,-88.65143315,21083.0,1325.6051092148339,4.453441295546559,472,471,22,0,449,456,37317,23,0,0,23,15
2020-07-31,US,Kentucky,Grayson,175,11,0,37.46231118,-86.34248968,21085.0,662.2015363075642,6.2857142857142865,164,171,11,0,160,169,26321,4,0,0,4,2
2020-07-31,US,Kentucky,Green,29,2,0,37.26484328,-85.5540745,21087.0,265.05803857051455,6.896551724137932,27,28,2,0,26,25,11049,1,0,0,1,3
2020-07-31,US,Kentucky,Greenup,88,1,0,38.54332505,-82.9215658,21089.0,250.7265371246225,1.1363636363636365,87,80,1,0,79,74,35268,8,0,0,8,6
2020-07-31,US,Kentucky,Hancock,43,0,0,37.83766422,-86.78280584,21091.0,493.00619124054117,0.0,43,43,0,0,43,42,8758,0,0,0,0,1
2020-07-31,US,Kentucky,Hardin,511,8,0,37.6976111,-85.96319251,21093.0,460.5346167018151,1.5655577299412915,503,495,8,0,487,477,110356,16,0,0,16,18
2020-07-31,US,Kentucky,Harlan,193,3,0,36.85699301,-83.21899516,21095.0,742.0222991157248,1.5544041450777202,190,178,3,0,175,177,26409,15,0,0,15,1
2020-07-31,US,Kentucky,Harrison,113,0,0,38.44188174,-84.32869741,21097.0,598.3268029228,0.0,113,113,0,0,113,111,18778,0,0,0,0,2
2020-07-31,US,Kentucky,Hart,76,0,0,37.29943898,-85.88461055,21099.0,399.26451273969,0.0,76,73,0,0,73,72,18906,3,0,0,3,1
2020-07-31,US,Kentucky,Henderson,314,4,0,37.79344553,-87.57392021,21101.0,694.5366069453661,1.2738853503184713,310,310,4,0,306,295,45591,4,0,0,4,15
2020-07-31,US,Kentucky,Henry,88,2,0,38.44942688,-85.11587507,21103.0,545.7025920873124,2.272727272727273,86,87,2,0,85,83,16106,1,0,0,1,4
2020-07-31,US,Kentucky,Hickman,33,0,0,36.67948079999999,-88.97875928,21105.0,753.4246575342465,0.0,33,24,0,0,24,20,4421,9,0,0,9,4
2020-07-31,US,Kentucky,Hopkins,396,33,0,37.30939025,-87.54670406,21107.0,886.1835921765207,8.333333333333334,363,390,33,0,357,386,45068,6,0,0,6,4
2020-07-31,US,Kentucky,Jackson,140,14,0,37.41866422,-83.99825483,21109.0,1050.3413609423062,10.0,126,137,14,0,123,133,13442,3,0,0,3,4
2020-07-31,US,Kentucky,Jefferson,6888,232,0,38.18664655,-85.65931031,21111.0,898.3289360253641,3.368176538908246,6656,6687,231,0,6456,6549,770517,201,1,0,200,138
2020-07-31,US,Kentucky,Jessamine,264,0,0,37.87119786,-84.58252003,21113.0,487.8499491822969,0.0,264,258,0,0,258,251,53920,6,0,0,6,7
2020-07-31,US,Kentucky,Johnson,32,0,0,37.85106355,-82.8264322,21115.0,144.22210203713718,0.0,32,29,0,0,29,29,22386,3,0,0,3,0
2020-07-31,US,Kentucky,Kenton,1269,37,0,38.93950319,-84.53241199,21117.0,759.8893399920958,2.9156816390858946,1232,1252,37,0,1215,1239,166051,17,0,0,17,13
2020-07-31,US,Kentucky,Knott,38,1,0,37.35388197,-82.94981134,21119.0,256.65270836147505,2.631578947368421,37,34,1,0,33,32,15126,4,0,0,4,2
2020-07-31,US,Kentucky,Knox,194,8,0,36.89225732,-83.85403396,21121.0,622.892920211912,4.123711340206185,186,188,8,0,180,179,31304,6,0,0,6,9
2020-07-31,US,Kentucky,Larue,46,1,0,37.54567114,-85.70138352,21123.0,319.4888178913738,2.1739130434782608,45,45,1,0,44,44,14307,1,0,0,1,1
2020-07-31,US,Kentucky,Laurel,367,4,0,37.10975748,-84.11321779,21125.0,603.4893854932334,1.0899182561307903,363,361,4,0,357,341,60669,6,0,0,6,20
2020-07-31,US,Kentucky,Lawrence,32,0,0,38.07136018,-82.72882223,21127.0,208.9181954690866,0.0,32,32,0,0,32,32,15571,0,0,0,0,0
2020-07-31,US,Kentucky,Lee,3,0,0,37.59645942,-83.71513901,21129.0,40.52411184654871,0.0,3,3,0,0,3,3,7033,0,0,0,0,0
2020-07-31,US,Kentucky,Leslie,25,0,0,37.09246661,-83.37999606,21131.0,253.11329351017517,0.0,25,23,0,0,23,21,10143,2,0,0,2,2
2020-07-31,US,Kentucky,Letcher,46,0,0,37.12306748,-82.85346474,21133.0,213.42736509998608,0.0,46,45,0,0,45,41,21899,1,0,0,1,4
2020-07-31,US,Kentucky,Lewis,33,0,0,38.53184419,-83.37735618,21135.0,248.5875706214689,0.0,33,31,0,0,31,29,13257,2,0,0,2,2
2020-07-31,US,Kentucky,Lincoln,96,1,0,37.45475628,-84.6565327,21137.0,391.0546254429917,1.0416666666666667,95,92,1,0,91,90,24644,4,0,0,4,2
2020-07-31,US,Kentucky,Livingston,32,1,0,37.21137452,-88.34797529,21139.0,348.0530780944094,3.125,31,32,1,0,31,32,9242,0,0,0,0,0
2020-07-31,US,Kentucky,Logan,297,22,0,36.85949479,-86.877635,21141.0,1095.8600841266327,7.407407407407407,275,297,22,0,275,294,26989,0,0,0,0,3
2020-07-31,US,Kentucky,Lyon,29,4,0,37.02080035,-88.07886257,21143.0,353.2277710109622,13.79310344827586,25,29,4,0,25,28,8009,0,0,0,0,1
2020-07-31,US,Kentucky,Madison,370,1,0,37.71659336,-84.27220275,21151.0,397.9050835062966,0.2702702702702703,369,344,1,0,343,338,92368,26,0,0,26,6
2020-07-31,US,Kentucky,Magoffin,18,0,0,37.70820545,-83.0657714,21153.0,148.01414357371925,0.0,18,16,0,0,16,16,12362,2,0,0,2,0
2020-07-31,US,Kentucky,Marion,101,0,0,37.55218078,-85.26898542,21155.0,524.049187983189,0.0,101,97,0,0,97,97,19404,4,0,0,4,0
2020-07-31,US,Kentucky,Marshall,120,2,0,36.88007070000001,-88.32803576,21157.0,385.85209003215436,1.6666666666666667,118,115,2,0,113,113,31191,5,0,0,5,2
2020-07-31,US,Kentucky,Martin,29,0,0,37.79990579,-82.51247478,21159.0,259.04421616793206,0.0,29,29,0,0,29,29,11323,0,0,0,0,0
2020-07-31,US,Kentucky,Mason,52,1,0,38.59471935,-83.82151043,21161.0,304.6280023432924,1.9230769230769231,51,48,1,0,47,48,17150,4,0,0,4,0
2020-07-31,US,Kentucky,McCracken,325,4,0,37.05350953,-88.70445755,21145.0,496.8051606591458,1.2307692307692308,321,313,4,0,309,306,65346,12,0,0,12,7
2020-07-31,US,Kentucky,McCreary,33,0,0,36.73874143,-84.48102924,21147.0,191.51529220590803,0.0,33,28,0,0,28,27,17408,5,0,0,5,1
2020-07-31,US,Kentucky,McLean,38,1,0,37.5301951,-87.26803443,21149.0,412.7294449875095,2.631578947368421,37,38,1,0,37,38,9252,0,0,0,0,0
2020-07-31,US,Kentucky,Meade,81,2,0,37.96163597,-86.21028219,21163.0,283.49433011339767,2.469135802469136,79,78,2,0,76,77,28715,3,0,0,3,1
2020-07-31,US,Kentucky,Menifee,29,0,0,37.94090733,-83.59985712,21165.0,446.9101556480197,0.0,29,28,0,0,28,26,6451,1,0,0,1,2
2020-07-31,US,Kentucky,Mercer,70,0,0,37.81474237,-84.87488475,21167.0,319.1537865317102,0.0,70,51,0,0,51,38,21774,19,0,0,19,13
2020-07-31,US,Kentucky,Metcalfe,46,2,0,36.99459295,-85.63123699,21169.0,456.7570251216363,4.3478260869565215,44,42,2,0,40,38,10030,4,0,0,4,4
2020-07-31,US,Kentucky,Monroe,87,2,0,36.71225341,-85.71596443,21171.0,816.9014084507041,2.2988505747126435,85,86,2,0,84,83,10718,1,0,0,1,3
2020-07-31,US,Kentucky,Montgomery,110,0,0,38.03253032,-83.9145241,21173.0,390.66661931313706,0.0,110,104,0,0,104,103,28203,6,0,0,6,1
2020-07-31,US,Kentucky,Morgan,28,0,0,37.92465657,-83.25558245,21175.0,210.3839507100459,0.0,28,28,0,0,28,28,13345,0,0,0,0,0
2020-07-31,US,Kentucky,Muhlenberg,609,9,0,37.21425819,-87.14632053,21177.0,1988.766246489452,1.477832512315271,600,607,9,0,598,604,30774,2,0,0,2,3
2020-07-31,US,Kentucky,Nelson,186,2,0,37.80335779,-85.4657193,21179.0,402.31003828434234,1.075268817204301,184,181,2,0,179,178,45851,5,0,0,5,3
2020-07-31,US,Kentucky,Nicholas,20,0,0,38.33342292,-84.01889177,21181.0,275.14100976750586,0.0,20,20,0,0,20,20,7166,0,0,0,0,0
2020-07-31,US,Kentucky,Ohio,339,6,0,37.47751843,-86.85368087,21183.0,1412.8532133033261,1.7699115044247788,333,336,6,0,330,336,24087,3,0,0,3,0
2020-07-31,US,Kentucky,Oldham,542,10,0,38.39791089,-85.448222,21185.0,811.3893920567673,1.845018450184502,532,530,10,0,520,518,66470,12,0,0,12,12
2020-07-31,US,Kentucky,Owen,42,0,0,38.51679143,-84.82404619,21187.0,385.28575360058716,0.0,42,42,0,0,42,41,10880,0,0,0,0,1
2020-07-31,US,Kentucky,Owsley,9,0,0,37.42823949,-83.68811419,21189.0,203.85050962627412,0.0,9,9,0,0,9,9,4472,0,0,0,0,0
2020-07-31,US,Kentucky,Pendleton,34,0,0,38.69607718,-84.35599463,21191.0,233.03632625085675,0.0,34,33,0,0,33,32,14529,1,0,0,1,1
2020-07-31,US,Kentucky,Perry,177,3,0,37.25023553,-83.22922731,21193.0,687.1651525739576,1.6949152542372878,174,170,2,0,168,167,26092,7,1,0,6,3
2020-07-31,US,Kentucky,Pike,212,3,0,37.47088263,-82.39487445,21195.0,366.3003663003663,1.4150943396226414,209,211,3,0,208,206,58402,1,0,0,1,5
2020-07-31,US,Kentucky,Powell,42,0,0,37.83218794,-83.82553961,21197.0,339.8333198478841,0.0,42,41,0,0,41,40,12442,1,0,0,1,1
2020-07-31,US,Kentucky,Pulaski,236,2,0,37.10466131,-84.57629079,21199.0,363.19426276181537,0.8474576271186439,234,222,2,0,220,211,64623,14,0,0,14,11
2020-07-31,US,Kentucky,Robertson,3,0,0,38.51923469,-84.05055616,21201.0,142.31499051233396,0.0,3,3,0,0,3,3,2135,0,0,0,0,0
2020-07-31,US,Kentucky,Rockcastle,60,0,0,37.36642393,-84.31176452,21203.0,359.3890386343216,0.0,60,56,0,0,56,52,16750,4,0,0,4,4
2020-07-31,US,Kentucky,Rowan,67,0,0,38.19484205,-83.42088935,21205.0,273.9165985282093,0.0,67,67,0,0,67,64,24583,0,0,0,0,3
2020-07-31,US,Kentucky,Russell,95,5,0,36.99308373,-85.06070117,21207.0,530.04519332701,5.2631578947368425,90,93,5,0,88,90,17821,2,0,0,2,3
2020-07-31,US,Kentucky,Scott,311,0,0,38.29622293,-84.5816631,21209.0,545.5757490702407,0.0,311,298,0,0,298,286,56031,13,0,0,13,12
2020-07-31,US,Kentucky,Shelby,699,22,0,38.21476019,-85.194223,21211.0,1425.8322454308097,3.1473533619456364,677,688,22,0,666,671,48518,11,0,0,11,17
2020-07-31,US,Kentucky,Simpson,136,6,0,36.74058474,-86.58047435,21213.0,732.2851604566014,4.411764705882354,130,134,6,0,128,130,18529,2,0,0,2,4
2020-07-31,US,Kentucky,Spencer,94,0,0,38.03223971,-85.32749335,21215.0,485.7630096635832,0.0,94,87,0,0,87,84,18794,7,0,0,7,3
2020-07-31,US,Kentucky,Taylor,100,2,0,37.3677562,-85.3329931,21217.0,388.06317668516436,2.0,98,95,1,0,94,91,25549,5,1,0,4,4
2020-07-31,US,Kentucky,Todd,31,0,0,36.8381152,-87.17878374,21219.0,252.155523019359,0.0,31,31,0,0,31,31,12311,0,0,0,0,0
2020-07-31,US,Kentucky,Trigg,48,0,0,36.80767017,-87.87333656,21221.0,327.62268787113516,0.0,48,48,0,0,48,45,14643,0,0,0,0,3
2020-07-31,US,Kentucky,Trimble,32,0,0,38.61056487,-85.33775972,21223.0,377.7594144729076,0.0,32,32,0,0,32,28,8515,0,0,0,0,4
2020-07-31,US,Kentucky,Union,53,0,0,37.66166713,-87.94300009,21225.0,368.54182602044375,0.0,53,52,0,0,52,50,14505,1,0,0,1,2
2020-07-31,US,Kentucky,Warren,2372,22,0,36.99903045,-86.42672751,21227.0,1784.8543221767395,0.9274873524451941,2350,2327,22,0,2305,2305,131264,45,0,0,45,22
2020-07-31,US,Kentucky,Washington,55,0,0,37.75599461,-85.17407732,21229.0,454.733360892931,0.0,55,54,0,0,54,53,12084,1,0,0,1,1
2020-07-31,US,Kentucky,Wayne,50,0,0,36.80310688,-84.8251971,21231.0,245.90567058476367,0.0,50,54,0,0,54,54,20468,-4,0,0,-4,0
2020-07-31,US,Kentucky,Webster,79,1,0,37.52168356,-87.67989953,21233.0,610.4157008190388,1.2658227848101269,78,77,1,0,76,74,13111,2,0,0,2,3
2020-07-31,US,Kentucky,Whitley,114,1,0,36.75700531,-84.14541217,21235.0,314.361350099272,0.8771929824561403,113,112,1,0,111,106,36242,2,0,0,2,6
2020-07-31,US,Kentucky,Wolfe,9,0,0,37.73941626,-83.49303612,21237.0,125.75101299427135,0.0,9,9,0,0,9,9,7177,0,0,0,0,0
2020-07-31,US,Kentucky,Woodford,127,0,0,38.04178222,-84.7417556,21239.0,475.05049749382806,0.0,127,127,0,0,127,120,26533,0,0,0,0,7
2020-07-31,US,Louisiana,Acadia,2331,71,0,30.2950649,-92.41419698,22001.0,3756.950600370699,3.0459030459030463,2260,2299,71,0,2228,2266,62190,32,0,0,32,33
2020-07-31,US,Louisiana,Allen,1036,19,0,30.65385745,-92.82442028,22003.0,4042.611308385687,1.833976833976834,1017,1029,19,0,1010,1021,25605,7,0,0,7,8
2020-07-31,US,Louisiana,Ascension,2458,68,0,30.20406249,-90.91328409999998,22005.0,1941.4868408581087,2.7664768104149715,2390,2444,67,0,2377,2383,124672,14,1,0,13,61
2020-07-31,US,Louisiana,Assumption,537,19,0,29.89946234,-91.06461642,22007.0,2453.062902562697,3.538175046554935,518,531,19,0,512,521,22300,6,0,0,6,10
2020-07-31,US,Louisiana,Avoyelles,907,26,0,31.07796211,-92.00079449,22009.0,2259.3662813870073,2.8665931642778393,881,895,26,0,869,867,40462,12,0,0,12,28
2020-07-31,US,Louisiana,Beauregard,743,14,0,30.64836518,-93.34173616,22011.0,1981.491852681548,1.8842530282637957,729,697,13,0,684,678,37253,46,1,0,45,19
2020-07-31,US,Louisiana,Bienville,348,30,0,32.34569994,-93.05398492,22013.0,2628.200286987388,8.620689655172415,318,348,29,0,319,345,13308,0,1,0,-1,3
2020-07-31,US,Louisiana,Bossier,2054,67,0,32.67932307,-93.60460152,22015.0,1616.8263289226145,3.2619279454722494,1987,2017,66,0,1951,1978,127185,37,1,0,36,39
2020-07-31,US,Louisiana,Caddo,6144,277,0,32.57991587,-93.88375652,22017.0,2557.825848029175,4.508463541666667,5867,6007,276,0,5731,5933,242922,137,1,0,136,74
2020-07-31,US,Louisiana,Calcasieu,6278,121,0,30.22931235,-93.35400434,22019.0,3085.9828152342748,1.9273654029945844,6157,5913,117,0,5796,5810,203112,365,4,0,361,103
2020-07-31,US,Louisiana,Caldwell,190,1,0,32.0902519,-92.11752148,22021.0,1915.7088122605364,0.5263157894736842,189,186,1,0,185,185,9960,4,0,0,4,1
2020-07-31,US,Louisiana,Cameron,164,0,0,29.87592238,-93.19310676,22023.0,2351.928868492758,0.0,164,158,0,0,158,158,6968,6,0,0,6,0
2020-07-31,US,Louisiana,Catahoula,249,4,0,31.66778967,-91.84526385,22025.0,2622.70907941858,1.606425702811245,245,249,3,0,246,246,9608,0,1,0,-1,3
2020-07-31,US,Louisiana,Claiborne,216,11,0,32.82308512,-92.99526883,22027.0,1378.4301212507978,5.092592592592593,205,214,11,0,203,208,15944,2,0,0,2,6
2020-07-31,US,Louisiana,Concordia,261,7,0,31.44817835,-91.63814433,22029.0,1355.2105509112625,2.681992337164751,254,250,7,0,243,242,19572,11,0,0,11,8
2020-07-31,US,Louisiana,De Soto,633,24,0,32.05457447,-93.74130302,22031.0,2304.919346029203,3.791469194312796,609,623,24,0,599,601,27436,10,0,0,10,22
2020-07-31,US,Louisiana,East Baton Rouge,10690,326,0,30.53842039,-91.09777565,22033.0,2429.219718265051,3.0495790458372314,10364,10576,325,0,10251,10345,440956,114,1,0,113,231
2020-07-31,US,Louisiana,East Carroll,493,1,0,32.73926954,-91.23425694,22035.0,7185.5414662585645,0.2028397565922921,492,492,1,0,491,492,7037,1,0,0,1,0
2020-07-31,US,Louisiana,East Feliciana,490,35,0,30.84425359,-91.04976723,22037.0,2560.7525476874835,7.142857142857142,455,486,35,0,451,484,19305,4,0,0,4,2
2020-07-31,US,Louisiana,Evangeline,699,2,0,30.72985248,-92.39915924,22039.0,2093.1277137295997,0.2861230329041488,697,686,2,0,684,667,33443,13,0,0,13,19
2020-07-31,US,Louisiana,Franklin,785,16,0,32.13675181,-91.67589857,22041.0,3922.0584561578817,2.0382165605095537,769,759,16,0,743,745,20156,26,0,0,26,14
2020-07-31,US,Louisiana,Grant,270,8,0,31.59882456,-92.56124347,22043.0,1205.9493501272946,2.962962962962963,262,266,8,0,258,260,22482,4,0,0,4,6
2020-07-31,US,Louisiana,Iberia,2160,62,0,29.86803617,-91.75871777,22045.0,3093.2264069884004,2.8703703703703702,2098,2126,61,0,2065,2111,70941,34,1,0,33,15
2020-07-31,US,Louisiana,Iberville,1100,47,0,30.25734305,-91.3499598,22047.0,3383.4702100827412,4.2727272727272725,1053,1083,47,0,1036,1066,32721,17,0,0,17,17
2020-07-31,US,Louisiana,Jackson,349,18,0,32.30251776,-92.55692092,22049.0,2216.7174796747972,5.1575931232091685,331,347,18,0,329,345,15902,2,0,0,2,2
2020-07-31,US,Louisiana,Jefferson,14155,513,0,29.74075478,-90.11115756,22051.0,3272.885341496857,3.624161073825504,13642,14026,513,0,13513,13872,434051,129,0,0,129,154
2020-07-31,US,Louisiana,Jefferson Davis,944,24,0,30.26896765,-92.81210004,22053.0,3009.4363682734,2.5423728813559316,920,934,24,0,910,924,31582,10,0,0,10,10
2020-07-31,US,Louisiana,LaSalle,219,2,0,31.67884782,-92.15907765,22059.0,1470.588235294117,0.9132420091324199,217,213,2,0,211,208,14917,6,0,0,6,5
2020-07-31,US,Louisiana,Lafayette,6155,84,0,30.2049055,-92.06959876,22055.0,2518.5154875404073,1.3647441104792852,6071,6096,83,0,6013,6023,242782,59,1,0,58,73
2020-07-31,US,Louisiana,Lafourche,2516,96,0,29.52470226,-90.40976986,22057.0,2577.499129223267,3.8155802861685215,2420,2468,96,0,2372,2446,98115,48,0,0,48,22
2020-07-31,US,Louisiana,Lincoln,695,23,0,32.6003154,-92.6659741,22061.0,1486.8854563347738,3.309352517985612,672,672,23,0,649,662,47196,23,0,0,23,10
2020-07-31,US,Louisiana,Livingston,2561,48,0,30.44143993,-90.73061664,22063.0,1819.0341574981,1.87426786411558,2513,2521,48,0,2473,2463,139567,40,0,0,40,58
2020-07-31,US,Louisiana,Madison,551,6,0,32.36918118,-91.23973355,22065.0,5031.503972239978,1.088929219600726,545,536,6,0,530,533,11161,15,0,0,15,3
2020-07-31,US,Louisiana,Morehouse,428,11,0,32.81686191,-91.80421614,22067.0,1720.6721878266462,2.5700934579439254,417,422,11,0,411,420,25398,6,0,0,6,2
2020-07-31,US,Louisiana,Natchitoches,662,17,0,31.72321584,-93.09816516,22069.0,1734.8917658158184,2.5679758308157097,645,654,16,0,638,648,38659,8,1,0,7,6
2020-07-31,US,Louisiana,Orleans,10255,560,0,30.06971951,-89.92660315,22071.0,2628.516650262467,5.460750853242321,9695,10204,560,0,9644,10120,391006,51,0,0,51,84
2020-07-31,US,Louisiana,Ouachita,4372,105,0,32.47645559,-92.15704172,22073.0,2852.315059466724,2.4016468435498632,4267,4304,104,0,4200,4246,154475,68,1,0,67,58
2020-07-31,US,Louisiana,Plaquemines,420,19,0,29.42245447,-89.60322085,22075.0,1810.578954175109,4.523809523809524,401,419,18,0,401,417,23410,1,1,0,0,2
2020-07-31,US,Louisiana,Pointe Coupee,706,32,0,30.71409502,-91.60209535,22077.0,3248.964565117349,4.53257790368272,674,683,32,0,651,676,21940,23,0,0,23,7
2020-07-31,US,Louisiana,Rapides,2945,102,0,31.19778499,-92.52997303,22079.0,2271.535233864001,3.4634974533106964,2843,2901,101,0,2800,2817,130562,44,1,0,43,84
2020-07-31,US,Louisiana,Red River,179,10,0,32.09530039,-93.34213308,22081.0,2120.3506278133145,5.58659217877095,169,171,10,0,161,171,8477,8,0,0,8,0
2020-07-31,US,Louisiana,Richland,513,6,0,32.41391005,-91.76634876,22083.0,2549.448364973661,1.1695906432748535,507,500,6,0,494,487,20192,13,0,0,13,13
2020-07-31,US,Louisiana,Sabine,518,7,0,31.56388699,-93.55433981,22085.0,2168.8159437280187,1.351351351351351,511,506,7,0,499,497,24032,12,0,0,12,9
2020-07-31,US,Louisiana,St. Bernard,1001,23,0,29.87761636,-89.51887093,22087.0,2118.787570908475,2.2977022977022976,978,998,23,0,975,990,46721,3,0,0,3,8
2020-07-31,US,Louisiana,St. Charles,1340,50,0,29.90709658,-90.35555967,22089.0,2523.540489642185,3.7313432835820897,1290,1320,50,0,1270,1298,52879,20,0,0,20,22
2020-07-31,US,Louisiana,St. Helena,238,1,0,30.82210324,-90.71013176,22091.0,2348.993288590604,0.4201680672268908,237,234,1,0,233,230,10262,4,0,0,4,4
2020-07-31,US,Louisiana,St. James,624,31,0,30.02531716,-90.80212061,22093.0,2957.906712172924,4.967948717948718,593,611,30,0,581,604,21037,13,1,0,12,7
2020-07-31,US,Louisiana,St. John the Baptist,1334,88,0,30.12597499,-90.4753503,22095.0,3114.130307911385,6.5967016491754125,1246,1325,88,0,1237,1316,43184,9,0,0,9,9
2020-07-31,US,Louisiana,St. Landry,2082,72,0,30.59724262,-92.00135806,22097.0,2535.190687253422,3.4582132564841497,2010,2054,70,0,1984,2034,82764,28,2,0,26,20
2020-07-31,US,Louisiana,St. Martin,1468,42,0,30.13112107,-91.61403569,22099.0,2747.468697946885,2.8610354223433236,1426,1461,43,0,1418,1453,53621,7,-1,0,8,8
2020-07-31,US,Louisiana,St. Mary,1381,48,0,29.69262097,-91.44702164,22101.0,2798.492340115101,3.4757422157856626,1333,1356,47,0,1309,1342,49774,25,1,0,24,14
2020-07-31,US,Louisiana,St. Tammany,4621,201,0,30.40942847,-89.95642711,22103.0,1774.4481009450155,4.349707855442545,4420,4568,201,0,4367,4487,258111,53,0,0,53,81
2020-07-31,US,Louisiana,Tangipahoa,3037,62,0,30.62888673,-90.40664996,22105.0,2253.669540954897,2.041488310833059,2975,3001,61,0,2940,2955,133777,36,1,0,35,46
2020-07-31,US,Louisiana,Tensas,56,0,0,32.00760749,-91.32915234,22107.0,1292.1089063221045,0.0,56,54,0,0,54,54,4462,2,0,0,2,0
2020-07-31,US,Louisiana,Terrebonne,2693,74,0,29.37343766,-90.82626855,22109.0,2437.964530467767,2.747864834756777,2619,2653,73,0,2580,2601,111021,40,1,0,39,52
2020-07-31,US,Louisiana,Unassigned,10,114,0,0.0,0.0,90022.0,0.0,1140.0,-104,10,114,0,-104,10,,0,0,0,0,0
2020-07-31,US,Louisiana,Union,596,32,0,32.83121059,-92.3749373,22111.0,2695.8567034557627,5.369127516778524,564,573,32,0,541,561,22330,23,0,0,23,12
2020-07-31,US,Louisiana,Vermilion,1224,17,0,29.83517605,-92.30292538,22113.0,2056.762615314816,1.3888888888888888,1207,1204,16,0,1188,1184,59830,20,1,0,19,20
2020-07-31,US,Louisiana,Vernon,663,21,0,31.10884837,-93.18153838,22115.0,1397.8789348289022,3.1674208144796383,642,654,21,0,633,631,48860,9,0,0,9,23
2020-07-31,US,Louisiana,Washington,1166,58,0,30.85288548,-90.03866652,22117.0,2524.137333852881,4.974271012006861,1108,1151,58,0,1093,1133,46582,15,0,0,15,18
2020-07-31,US,Louisiana,Webster,811,13,0,32.70847669,-93.33121835,22119.0,2115.2842983828896,1.6029593094944512,798,800,13,0,787,791,38798,11,0,0,11,9
2020-07-31,US,Louisiana,West Baton Rouge,613,36,0,30.46058217,-91.30989571,22121.0,2316.2667674286795,5.8727569331158245,577,609,35,0,574,593,26427,4,1,0,3,16
2020-07-31,US,Louisiana,West Carroll,247,5,0,32.78550125,-91.461201,22123.0,2280.701754385965,2.0242914979757085,242,242,5,0,237,234,10982,5,0,0,5,8
2020-07-31,US,Louisiana,West Feliciana,322,15,0,30.87882871,-91.4148538,22125.0,2068.345323741007,4.658385093167702,307,321,15,0,306,321,15460,1,0,0,1,0
2020-07-31,US,Louisiana,Winn,374,7,0,31.94449367,-92.63789413,22127.0,2689.8734177215188,1.8716577540106951,367,371,7,0,364,364,14134,3,0,0,3,7
2020-07-31,US,Maine,Androscoggin,548,7,0,44.1664747,-70.20380627,23001.0,506.10933069811693,1.2773722627737227,541,547,6,0,541,545,107679,1,1,0,0,2
2020-07-31,US,Maine,Aroostook,32,1,0,46.65926321,-68.59841248,23003.0,47.722019237938994,3.125,31,32,1,0,31,31,67111,0,0,0,0,1
2020-07-31,US,Maine,Cumberland,2039,68,0,43.8370751,-70.37226999,23005.0,691.179411734796,3.3349681216282487,1971,2032,68,0,1964,2029,293557,7,0,0,7,3
2020-07-31,US,Maine,Franklin,45,1,0,44.97330019,-70.44381045,23007.0,149.01155667406206,2.2222222222222223,44,45,1,0,44,45,29897,0,0,0,0,0
2020-07-31,US,Maine,Hancock,27,1,0,44.59816444,-68.38401854,23009.0,49.10251513994217,3.703703703703704,26,27,1,0,26,23,54811,0,0,0,0,4
2020-07-31,US,Maine,Kennebec,164,11,0,44.40759555,-69.76738544,23011.0,134.09429118084742,6.7073170731707314,153,162,11,0,151,160,122083,2,0,0,2,2
2020-07-31,US,Maine,Knox,26,1,0,44.11486325,-69.10529169,23013.0,65.37262395655236,3.8461538461538463,25,25,1,0,24,25,39771,1,0,0,1,0
2020-07-31,US,Maine,Lincoln,33,1,0,44.05996956,-69.54227124,23015.0,95.28209274123694,3.0303030303030303,32,33,1,0,32,33,34342,0,0,0,0,0
2020-07-31,US,Maine,Oxford,54,0,0,44.49952995,-70.75682123,23017.0,93.14359637774905,0.0,54,51,0,0,51,51,57618,3,0,0,3,0
2020-07-31,US,Maine,Penobscot,145,5,0,45.40194593,-68.65020455,23019.0,95.30194284512449,3.4482758620689653,140,141,5,0,136,141,151096,4,0,0,4,0
2020-07-31,US,Maine,Piscataquis,3,0,0,45.83839062,-69.2860223,23021.0,17.873100983020553,0.0,3,3,0,0,3,3,16800,0,0,0,0,0
2020-07-31,US,Maine,Sagadahoc,46,0,0,43.95415864,-69.85074999,23023.0,128.29094154395358,0.0,46,45,0,0,45,43,35634,1,0,0,1,2
2020-07-31,US,Maine,Somerset,34,1,0,45.51229767,-69.95995554,23025.0,67.34807067585771,2.9411764705882355,33,34,1,0,33,34,50592,0,0,0,0,0
2020-07-31,US,Maine,Unassigned,2,0,0,0.0,0.0,90023.0,0.0,0.0,2,1,0,0,1,1,,1,0,0,1,0
2020-07-31,US,Maine,Waldo,62,14,0,44.4858305,-69.12061935,23027.0,156.11230013848672,22.580645161290327,48,62,14,0,48,62,39694,0,0,0,0,0
2020-07-31,US,Maine,Washington,7,0,0,45.01607142,-67.62813524,23029.0,22.307912935402666,0.0,7,7,0,0,7,7,31490,0,0,0,0,0
2020-07-31,US,Maine,York,645,12,0,43.47808377,-70.71052375,23031.0,310.6322932368848,1.8604651162790695,633,641,12,0,629,633,206229,4,0,0,4,8
2020-07-31,US,Maryland,Allegany,266,18,0,39.62357628,-78.69280486,24001.0,377.7550556691661,6.7669172932330826,248,264,18,0,246,260,70975,2,0,0,2,4
2020-07-31,US,Maryland,Anne Arundel,6770,216,0,39.00670238,-76.60329337,24003.0,1168.7849815445916,3.190546528803545,6554,6684,216,0,6468,6599,576031,86,0,0,86,85
2020-07-31,US,Maryland,Baltimore,11818,547,0,39.45784712,-76.62911955,24005.0,1428.3814979996853,4.6285327466576405,11271,11615,545,0,11070,11423,828431,203,2,0,201,192
2020-07-31,US,Maryland,Baltimore City,11192,407,0,39.30211911,-76.61151012,24510.0,1885.7942004077568,3.636526090064332,10785,11004,406,0,10598,10826,621342,188,1,0,187,178
2020-07-31,US,Maryland,Calvert,588,28,0,38.53961642,-76.56820632,24009.0,635.5039178600379,4.761904761904762,560,565,27,0,538,559,92003,23,1,0,22,6
2020-07-31,US,Maryland,Caroline,423,3,0,38.87172293,-75.82904158,24011.0,1266.239597677064,0.7092198581560284,420,418,3,0,415,418,33304,5,0,0,5,0
2020-07-31,US,Maryland,Carroll,1449,116,0,39.56453592,-77.02373735,24013.0,860.2112237083475,8.00552104899931,1333,1435,116,0,1319,1414,168429,14,0,0,14,21
2020-07-31,US,Maryland,Cecil,622,30,0,39.56647682,-75.94627411,24015.0,604.7348208643235,4.823151125401928,592,619,30,0,589,612,102826,3,0,0,3,7
2020-07-31,US,Maryland,Charles,1832,91,0,38.51092331,-76.98580666,24017.0,1122.1570897419406,4.967248908296943,1741,1819,90,0,1729,1796,161503,13,1,0,12,23
2020-07-31,US,Maryland,Dorchester,340,5,0,38.45413522,-76.02752426,24019.0,1064.8626640358295,1.4705882352941178,335,326,5,0,321,319,31998,14,0,0,14,7
2020-07-31,US,Maryland,Frederick,2986,121,0,39.47296601,-77.39999394,24021.0,1150.4660042304477,4.0522438044206295,2865,2964,121,0,2843,2947,255648,22,0,0,22,17
2020-07-31,US,Maryland,Garrett,45,0,0,39.52786077,-79.27355126,24023.0,155.097539119046,0.0,45,45,0,0,45,45,29163,0,0,0,0,0
2020-07-31,US,Maryland,Harford,1750,67,0,39.55010644,-76.30775940000002,24025.0,685.0897076037128,3.8285714285714287,1683,1716,67,0,1649,1676,253956,34,0,0,34,40
2020-07-31,US,Maryland,Howard,3530,106,0,39.25305293,-76.93126208,24027.0,1083.8527434063067,3.002832861189802,3424,3472,105,0,3367,3441,323196,58,1,0,57,31
2020-07-31,US,Maryland,Kent,232,23,0,39.24976208,-76.04741541,24029.0,1194.5216764493873,9.913793103448276,209,229,23,0,206,224,19383,3,0,0,3,5
2020-07-31,US,Maryland,Montgomery,17568,789,0,39.13676329,-77.20358245,24031.0,1672.047268075775,4.491120218579235,16779,17397,789,0,16608,17305,1052567,171,0,0,171,92
2020-07-31,US,Maryland,Prince George's,22416,737,0,38.83070039,-76.8496441,24033.0,2465.119808385762,3.2878301213418992,21679,22183,734,0,21449,22044,909308,233,3,0,230,139
2020-07-31,US,Maryland,Queen Anne's,383,25,0,39.06198912,-76.03530977,24035.0,760.2072209761618,6.527415143603133,358,378,25,0,353,376,50251,5,0,0,5,2
2020-07-31,US,Maryland,Somerset,119,3,0,38.1163542,-75.75118623,24039.0,464.5534041224235,2.5210084033613445,116,117,3,0,114,116,25675,2,0,0,2,1
2020-07-31,US,Maryland,St. Mary's,896,52,0,38.30058422,-76.60629279999998,24037.0,789.3577658356091,5.803571428571429,844,874,53,0,821,863,112664,22,-1,0,23,11
2020-07-31,US,Maryland,Talbot,340,4,0,38.76618159,-76.10882561,24041.0,914.4455501465802,1.1764705882352942,336,330,4,0,326,323,36968,10,0,0,10,7
2020-07-31,US,Maryland,Unassigned,0,13,0,0.0,0.0,90024.0,0.0,0.0,-13,0,16,0,-16,0,,0,-3,0,3,0
2020-07-31,US,Maryland,Washington,952,30,0,39.60835778,-77.82002295,24043.0,630.2590550086396,3.1512605042016806,922,936,30,0,906,931,150926,16,0,0,16,5
2020-07-31,US,Maryland,Wicomico,1279,44,0,38.37301947,-75.62705831,24045.0,1234.448744800162,3.4401876465989054,1235,1269,44,0,1225,1260,103195,10,0,0,10,9
2020-07-31,US,Maryland,Worcester,550,18,0,38.21274277,-75.33200012,24047.0,1052.1080419312877,3.272727272727273,532,518,18,0,500,508,51823,32,0,0,32,10
2020-07-31,US,Massachusetts,Barnstable,1745,156,0,41.72980578,-70.28854339,25001.0,819.2872904831212,8.939828080229226,1589,1742,155,0,1587,1731,213413,3,1,0,2,11
2020-07-31,US,Massachusetts,Berkshire,653,46,0,42.37428441,-73.20524838,25003.0,522.6341400947623,7.044410413476263,607,648,45,0,603,648,126348,5,1,0,4,0
2020-07-31,US,Massachusetts,Bristol,9073,623,0,41.79228404,-71.10872211,25005.0,1605.22418823213,6.866527058304862,8450,9029,622,0,8407,8987,564022,44,1,0,43,42
2020-07-31,US,Massachusetts,Dukes and Nantucket,98,1,0,41.40674725,-70.68763497,0.0,341.09498451150324,1.020408163265306,97,98,1,0,97,98,26707,0,0,0,0,0
2020-07-31,US,Massachusetts,Essex,17232,1177,0,42.6687626,-70.94687179,25009.0,2183.9363069272044,6.8303156917363035,16055,17169,1175,0,15994,17119,790638,63,2,0,61,50
2020-07-31,US,Massachusetts,Franklin,402,60,0,42.58119713,-72.58602547,25011.0,572.812767170134,14.92537313432836,342,398,60,0,338,397,70963,4,0,0,4,1
2020-07-31,US,Massachusetts,Hampden,7404,696,0,42.13440424,-72.63235561,25013.0,1587.5738680709821,9.40032414910859,6708,7381,692,0,6689,7353,470406,23,4,0,19,28
2020-07-31,US,Massachusetts,Hampshire,1126,127,0,42.33997957,-72.65898478,25015.0,700.1181371634648,11.278863232682061,999,1107,127,0,980,1102,161355,19,0,0,19,5
2020-07-31,US,Massachusetts,Middlesex,25706,1978,0,42.48607732,-71.39049229,25017.0,1594.9628311489926,7.694701626079516,23728,25617,1971,0,23646,25535,1614714,89,7,0,82,82
2020-07-31,US,Massachusetts,Norfolk,10236,984,0,42.16073095,-71.20530408,25021.0,1448.2685437373987,9.613130128956623,9252,10160,979,0,9181,10103,705388,76,5,0,71,57
2020-07-31,US,Massachusetts,Plymouth,9086,710,0,41.94070556,-70.80802823,25023.0,1743.27803807353,7.814219678626459,8376,9058,707,0,8351,9043,518132,28,3,0,25,15
2020-07-31,US,Massachusetts,Suffolk,21222,1055,0,42.327951399999996,-71.07850442,25025.0,2639.857595468133,4.971256243520875,20167,21113,1054,0,20059,21030,807252,109,1,0,108,83
2020-07-31,US,Massachusetts,Unassigned,307,6,0,0.0,0.0,90025.0,0.0,1.954397394136808,301,335,6,0,329,334,,-28,0,0,-28,1
2020-07-31,US,Massachusetts,Worcester,13322,990,0,42.35026951,-71.90493363,25027.0,1603.8583134085059,7.431316619126258,12332,13243,986,0,12257,13204,830839,79,4,0,75,39
2020-07-31,US,Michigan,Alcona,28,1,0,44.6846864,-83.59507875,26001.0,269.1013935607881,3.571428571428572,27,28,1,0,27,28,10362,0,0,0,0,0
2020-07-31,US,Michigan,Alger,8,0,0,46.41292944,-86.60260122,26003.0,87.83487044356609,0.0,8,6,0,0,6,5,9097,2,0,0,2,1
2020-07-31,US,Michigan,Allegan,495,7,0,42.59147037,-85.89102866,26005.0,419.20376690576813,1.414141414141414,488,485,7,0,478,482,117327,10,0,0,10,3
2020-07-31,US,Michigan,Alpena,125,13,0,45.03477666,-83.62212411,26007.0,440.06336912515405,10.4,112,125,13,0,112,126,28360,0,0,0,0,-1
2020-07-31,US,Michigan,Antrim,36,0,0,44.99690221,-85.15503082,26009.0,154.3474532670211,0.0,36,34,0,0,34,34,23365,2,0,0,2,0
2020-07-31,US,Michigan,Arenac,40,3,0,44.0636262,-83.89277559,26011.0,268.76301820869446,7.5,37,40,3,0,37,40,15041,0,0,0,0,0
2020-07-31,US,Michigan,Baraga,5,0,0,46.6720582,-88.36363591,26013.0,60.9087586794981,0.0,5,5,0,0,5,5,8320,0,0,0,0,0
2020-07-31,US,Michigan,Barry,170,2,0,42.59513984,-85.30834519,26015.0,276.19821283509344,1.1764705882352942,168,169,2,0,167,168,61157,1,0,0,1,1
2020-07-31,US,Michigan,Bay,539,31,0,43.70639106,-83.98731479,26017.0,522.6615984329849,5.751391465677179,508,536,31,0,505,534,103923,3,0,0,3,2
2020-07-31,US,Michigan,Benzie,27,1,0,44.63899297,-86.01608482,26019.0,151.9756838905775,3.703703703703704,26,28,1,0,27,30,17753,-1,0,0,-1,-2
2020-07-31,US,Michigan,Berrien,1269,64,0,41.95447397,-86.41313079999998,26021.0,827.2436294417897,5.043341213553981,1205,1260,64,0,1196,1254,154141,9,0,0,9,6
2020-07-31,US,Michigan,Branch,319,2,0,41.91600556,-85.05929476,26023.0,733.0468552519702,0.6269592476489029,317,313,2,0,311,310,43622,6,0,0,6,3
2020-07-31,US,Michigan,Calhoun,728,41,0,42.24633834,-85.00493569,26025.0,542.6397036352388,5.631868131868132,687,717,41,0,676,708,134487,11,0,0,11,9
2020-07-31,US,Michigan,Cass,284,9,0,41.91522292,-85.99405727,26027.0,548.4001776507617,3.1690140845070425,275,272,9,0,263,268,51653,12,0,0,12,4
2020-07-31,US,Michigan,Charlevoix,42,2,0,45.37790017,-85.19614053,26029.0,160.65485980950925,4.761904761904762,40,42,2,0,40,43,26244,0,0,0,0,-1
2020-07-31,US,Michigan,Cheboygan,37,2,0,45.44787015,-84.50122149,26031.0,146.3839215065675,5.405405405405406,35,37,2,0,35,36,25413,0,0,0,0,1
2020-07-31,US,Michigan,Chippewa,29,0,0,46.29552653,-84.54353449,26033.0,77.64598784438672,0.0,29,27,0,0,27,27,37517,2,0,0,2,0
2020-07-31,US,Michigan,Clare,58,3,0,43.98794227,-84.84819859999998,26035.0,187.3990306946688,5.172413793103448,55,56,3,0,53,54,30757,2,0,0,2,2
2020-07-31,US,Michigan,Clinton,404,13,0,42.94400871,-84.60145248,26037.0,507.5695709529492,3.2178217821782185,391,397,13,0,384,388,79332,7,0,0,7,9
2020-07-31,US,Michigan,Crawford,93,5,0,44.68255561,-84.61006219,26039.0,662.9125383134933,5.376344086021504,88,93,5,0,88,93,13901,0,0,0,0,0
2020-07-31,US,Michigan,Delta,72,3,0,45.90484910000001,-86.9080745,26041.0,201.20724346076457,4.166666666666667,69,65,3,0,62,63,35857,7,0,0,7,2
2020-07-31,US,Michigan,Dickinson,44,2,0,46.00999672,-87.86961634,26043.0,174.33337295455445,4.545454545454546,42,44,2,0,42,43,25383,0,0,0,0,1
2020-07-31,US,Michigan,Eaton,447,7,0,42.59599185,-84.83740035,26045.0,405.3759930351506,1.5659955257270697,440,442,7,0,435,433,109826,5,0,0,5,9
2020-07-31,US,Michigan,Emmet,58,2,0,45.52625509,-84.89083249,26047.0,173.57474188238808,3.4482758620689653,56,56,2,0,54,56,33308,2,0,0,2,0
2020-07-31,US,Michigan,Federal Correctional Institution (FCI),193,5,0,0.0,0.0,0.0,0.0,2.5906735751295336,188,193,5,0,188,193,,0,0,0,0,0
2020-07-31,US,Michigan,Genesee,3463,294,0,43.02244215,-83.70589709,26049.0,853.3487098737596,8.489748772740397,3169,3415,294,0,3121,3374,406892,48,0,0,48,41
2020-07-31,US,Michigan,Gladwin,51,2,0,43.98901072,-84.38774817,26051.0,200.40080160320642,3.92156862745098,49,49,2,0,47,45,25337,2,0,0,2,4
2020-07-31,US,Michigan,Gogebic,83,1,0,46.40862701,-89.69377193,26053.0,593.9177101967798,1.2048192771084338,82,78,1,0,77,67,15096,5,0,0,5,11
2020-07-31,US,Michigan,Grand Traverse,191,5,0,44.69565625,-85.55585247,26055.0,205.18219319353733,2.6178010471204187,186,188,5,0,183,173,92573,3,0,0,3,15
2020-07-31,US,Michigan,Gratiot,143,15,0,43.29265605,-84.60505416,26057.0,351.2564171845446,10.48951048951049,128,142,15,0,127,135,40599,1,0,0,1,7
2020-07-31,US,Michigan,Hillsdale,246,25,0,41.88753639,-84.59312019,26059.0,539.4145378796185,10.16260162601626,221,244,25,0,219,238,45749,2,0,0,2,6
2020-07-31,US,Michigan,Houghton,47,0,0,46.89988536,-88.68495385,26061.0,131.7116915144042,0.0,47,47,0,0,47,47,36219,0,0,0,0,0
2020-07-31,US,Michigan,Huron,146,4,0,43.83353985,-83.04078453,26063.0,471.2565766114715,2.7397260273972597,142,143,3,0,140,142,31166,3,1,0,2,1
2020-07-31,US,Michigan,Ingham,1459,30,0,42.59716886,-84.37472069,26065.0,498.96376955329237,2.0562028786840303,1429,1438,31,0,1407,1430,292735,21,-1,0,22,8
2020-07-31,US,Michigan,Ionia,265,5,0,42.94502238,-85.07413319,26067.0,409.60168168539496,1.8867924528301887,260,264,5,0,259,259,64210,1,0,0,1,5
2020-07-31,US,Michigan,Iosco,129,12,0,44.35486835,-83.63484895,26069.0,513.3919687985036,9.30232558139535,117,128,12,0,116,128,25081,1,0,0,1,0
2020-07-31,US,Michigan,Iron,17,1,0,46.20974132,-88.53136251,26071.0,153.6237122718236,5.882352941176472,16,16,1,0,15,15,11117,1,0,0,1,1
2020-07-31,US,Michigan,Isabella,199,8,0,43.64060976,-84.84664923,26073.0,284.80650332035725,4.0201005025125625,191,200,8,0,192,200,70562,-1,0,0,-1,0
2020-07-31,US,Michigan,Jackson,671,33,0,42.24807035,-84.42258681,26075.0,423.31714087439275,4.918032786885246,638,666,33,0,633,652,158823,5,0,0,5,14
2020-07-31,US,Michigan,Kalamazoo,1522,80,0,42.24542231,-85.53038622,26077.0,574.1966151826338,5.256241787122208,1442,1489,78,0,1411,1469,264870,33,2,0,31,20
2020-07-31,US,Michigan,Kalkaska,48,4,0,44.68512729,-85.09085699,26079.0,266.10488967734784,8.333333333333334,44,48,4,0,44,47,17824,0,0,0,0,1
2020-07-31,US,Michigan,Kent,7053,154,0,43.03197711,-85.54934642,26081.0,1073.5895152636026,2.1834680277895933,6899,6991,154,0,6837,6945,653786,62,0,0,62,46
2020-07-31,US,Michigan,Keweenaw,3,0,0,47.63197653,-88.41434263,26083.0,141.77693761814746,0.0,3,3,0,0,3,3,2113,0,0,0,0,0
2020-07-31,US,Michigan,Lake,16,0,0,43.99050893,-85.802173,26085.0,134.98692314182065,0.0,16,16,0,0,16,16,11881,0,0,0,0,0
2020-07-31,US,Michigan,Lapeer,404,32,0,43.09052506,-83.22153148,26087.0,461.15036469688494,7.920792079207921,372,399,32,0,367,393,88028,5,0,0,5,6
2020-07-31,US,Michigan,Leelanau,64,0,0,44.94430054,-85.80150326,26089.0,294.1041312439686,0.0,64,62,0,0,62,62,21764,2,0,0,2,0
2020-07-31,US,Michigan,Lenawee,388,12,0,41.89475156,-84.06603727,26091.0,394.10468151669363,3.0927835051546397,376,387,12,0,375,378,98266,1,0,0,1,9
2020-07-31,US,Michigan,Livingston,760,28,0,42.60302282,-83.91297209,26093.0,395.8436417615042,3.684210526315789,732,745,28,0,717,737,191224,15,0,0,15,8
2020-07-31,US,Michigan,Luce,3,0,0,46.47227431,-85.54471223,26095.0,48.16182372772515,0.0,3,3,0,0,3,3,6283,0,0,0,0,0
2020-07-31,US,Michigan,Mackinac,20,0,0,46.07028979,-85.04980537,26097.0,185.20233354940268,0.0,20,20,0,0,20,19,10787,0,0,0,0,1
2020-07-31,US,Michigan,Macomb,9448,936,0,42.69158356,-82.92752801,26099.0,1081.0414978969575,9.906858594411517,8512,9314,936,0,8378,9166,874759,134,0,0,134,148
2020-07-31,US,Michigan,Manistee,31,0,0,44.33352407,-86.05626916,26101.0,126.23177783207102,0.0,31,31,0,0,31,31,24528,0,0,0,0,0
2020-07-31,US,Michigan,Marquette,127,11,0,46.4338914,-87.64043701,26103.0,190.40765228863998,8.661417322834646,116,122,11,0,111,122,66516,5,0,0,5,0
2020-07-31,US,Michigan,Mason,95,0,0,43.99509218,-86.24988902,26105.0,325.9676091133681,0.0,95,94,0,0,94,94,29100,1,0,0,1,0
2020-07-31,US,Michigan,Mecosta,55,2,0,43.64064262,-85.32463223,26107.0,126.57353922629049,3.636363636363636,53,55,2,0,53,52,43545,0,0,0,0,3
2020-07-31,US,Michigan,Menominee,86,0,0,45.58038692,-87.55370409,26109.0,377.5241439859526,0.0,86,86,0,0,86,77,22983,0,0,0,0,9
2020-07-31,US,Michigan,Michigan Department of Corrections (MDOC),4140,69,0,0.0,0.0,0.0,0.0,1.6666666666666667,4071,4129,69,0,4060,4128,,11,0,0,11,1
2020-07-31,US,Michigan,Midland,292,9,0,43.64330771,-84.38804374,26111.0,351.14724132954933,3.0821917808219177,283,289,9,0,280,285,83209,3,0,0,3,4
2020-07-31,US,Michigan,Missaukee,40,1,0,44.33772443,-85.09256478,26113.0,264.58526260087314,2.5,39,40,1,0,39,40,15113,0,0,0,0,0
2020-07-31,US,Michigan,Monroe,867,22,0,41.92734151,-83.53749864,26115.0,576.0797342192691,2.5374855824682814,845,854,21,0,833,833,150439,13,1,0,12,21
2020-07-31,US,Michigan,Montcalm,174,1,0,43.31082541,-85.15252824,26117.0,272.351615326822,0.5747126436781609,173,175,1,0,174,173,63968,-1,0,0,-1,2
2020-07-31,US,Michigan,Montmorency,8,0,0,45.0275929,-84.12696227,26119.0,85.76329331046313,0.0,8,7,0,0,7,7,9265,1,0,0,1,0
2020-07-31,US,Michigan,Muskegon,1125,57,0,43.29123859,-86.15176712,26121.0,648.1684200822742,5.066666666666666,1068,1107,57,0,1050,1103,173588,18,0,0,18,4
2020-07-31,US,Michigan,Newaygo,247,0,0,43.554373999999996,-85.80070107,26123.0,504.2874642711311,0.0,247,246,0,0,246,246,48892,1,0,0,1,0
2020-07-31,US,Michigan,Oakland,14614,1126,0,42.66090111,-83.38595416,26125.0,1162.0694919782695,7.704940468044341,13488,14494,1126,0,13368,14362,1259201,120,0,0,120,132
2020-07-31,US,Michigan,Oceana,461,6,0,43.64124435,-86.26726673,26127.0,1741.7916650923792,1.3015184381778742,455,462,6,0,456,461,26625,-1,0,0,-1,1
2020-07-31,US,Michigan,Ogemaw,50,2,0,44.33481032,-84.12725175,26129.0,238.12925656046104,4.0,48,50,2,0,48,50,20952,0,0,0,0,0
2020-07-31,US,Michigan,Ontonagon,4,0,0,46.665226200000006,-89.31390481,26131.0,69.93006993006993,0.0,4,4,0,0,4,3,5795,0,0,0,0,1
2020-07-31,US,Michigan,Osceola,66,0,0,43.98992088,-85.32566756,26133.0,281.3299232736573,0.0,66,65,0,0,65,65,23341,1,0,0,1,0
2020-07-31,US,Michigan,Oscoda,24,1,0,44.68192279,-84.12939244,26135.0,291.2267928649436,4.166666666666667,23,24,1,0,23,24,8276,0,0,0,0,0
2020-07-31,US,Michigan,Otsego,131,10,0,45.02085831,-84.59898295,26137.0,531.0523755472677,7.633587786259542,121,131,10,0,121,132,24665,0,0,0,0,-1
2020-07-31,US,Michigan,Ottawa,1672,54,0,42.95996803,-85.9969107,26139.0,572.9362985299659,3.229665071770335,1618,1657,54,0,1603,1641,290494,15,0,0,15,16
2020-07-31,US,Michigan,Out of MI,66,0,0,0.0,0.0,80026.0,0.0,0.0,66,97,0,0,97,194,,-31,0,0,-31,-97
2020-07-31,US,Michigan,Presque Isle,15,1,0,45.34018577,-83.91498656,26141.0,119.12325285895807,6.666666666666668,14,14,1,0,13,14,12738,1,0,0,1,0
2020-07-31,US,Michigan,Roscommon,47,0,0,44.33473082,-84.61067651,26143.0,195.67842124984384,0.0,47,47,0,0,47,46,23884,0,0,0,0,1
2020-07-31,US,Michigan,Saginaw,1822,129,0,43.33433923,-84.05131209999998,26145.0,956.2346816137378,7.080131723380901,1693,1807,129,0,1678,1792,190800,15,0,0,15,15
2020-07-31,US,Michigan,Sanilac,92,6,0,43.42406072,-82.82055898,26151.0,223.463687150838,6.521739130434782,86,90,6,0,84,90,41182,2,0,0,2,0
2020-07-31,US,Michigan,Schoolcraft,8,0,0,46.19235734,-86.19972234,26153.0,98.838645910551,0.0,8,8,0,0,8,8,8068,0,0,0,0,0
2020-07-31,US,Michigan,Shiawassee,321,28,0,42.95392800000001,-84.14585902,26155.0,471.21341123278825,8.722741433021806,293,315,28,0,287,307,68192,6,0,0,6,8
2020-07-31,US,Michigan,St. Clair,754,53,0,42.92655373,-82.67937954,26147.0,473.8323865064602,7.0291777188328926,701,746,53,0,693,742,159337,8,0,0,8,4
2020-07-31,US,Michigan,St. Joseph,549,7,0,41.91441767,-85.52797979,26149.0,900.5314611902106,1.275045537340619,542,551,7,0,544,543,61043,-2,0,0,-2,8
2020-07-31,US,Michigan,Tuscola,300,27,0,43.46606813,-83.41897025,26157.0,574.2176284811944,9.0,273,297,27,0,270,292,52516,3,0,0,3,5
2020-07-31,US,Michigan,Unassigned,4,0,0,0.0,0.0,90026.0,0.0,0.0,4,6,0,0,6,3,,-2,0,0,-2,3
2020-07-31,US,Michigan,Van Buren,394,11,0,42.25190229,-86.01939087,26159.0,520.6337460523014,2.7918781725888326,383,385,11,0,374,374,75448,9,0,0,9,11
2020-07-31,US,Michigan,Washtenaw,2374,112,0,42.253105,-83.83853204,26161.0,645.8089069398616,4.717775905644481,2262,2345,112,0,2233,2326,370963,29,0,0,29,19
2020-07-31,US,Michigan,Wayne,27067,2802,0,42.28098405,-83.281255,26163.0,1547.2666023758636,10.352089259984485,24265,26924,2798,0,24126,26689,1753893,143,4,0,139,235
2020-07-31,US,Michigan,Wexford,63,4,0,44.33853602,-85.57712739,26165.0,187.32716838631023,6.349206349206349,59,62,4,0,58,61,33466,1,0,0,1,1
2020-07-31,US,Minnesota,Aitkin,27,0,0,46.60962049,-93.41168259999999,27001.0,169.96097192496538,0.0,27,25,0,0,25,25,15902,2,0,0,2,0
2020-07-31,US,Minnesota,Anoka,3245,112,0,45.27476015,-93.24604565,27003.0,909.1647731570853,3.4514637904468413,3133,3190,112,0,3078,3130,353813,55,0,0,55,60
2020-07-31,US,Minnesota,Becker,134,1,0,46.93479392,-95.67158144,27005.0,389.2746129041629,0.746268656716418,133,129,1,0,128,120,34371,5,0,0,5,9
2020-07-31,US,Minnesota,Beltrami,184,0,0,47.97373527,-94.93732139,27007.0,389.92964312960925,0.0,184,180,0,0,180,164,46847,4,0,0,4,16
2020-07-31,US,Minnesota,Benton,299,3,0,45.69804958,-93.99514135,27009.0,731.2480129130084,1.0033444816053512,296,294,3,0,291,292,40545,5,0,0,5,2
2020-07-31,US,Minnesota,Big Stone,22,0,0,45.42712824,-96.41403739,27011.0,440.79342817070733,0.0,22,22,0,0,22,22,4989,0,0,0,0,0
2020-07-31,US,Minnesota,Blue Earth,824,4,0,44.03554215,-94.06699781,27013.0,1217.9799861055678,0.4854368932038835,820,801,4,0,797,794,67427,23,0,0,23,7
2020-07-31,US,Minnesota,Brown,79,2,0,44.24205652,-94.72562874,27015.0,315.8989123480486,2.5316455696202533,77,78,2,0,76,76,25111,1,0,0,1,2
2020-07-31,US,Minnesota,Carlton,121,0,0,46.59180601,-92.67601019,27017.0,337.31984053971166,0.0,121,120,0,0,120,116,35837,1,0,0,1,4
2020-07-31,US,Minnesota,Carver,744,2,0,44.82017001,-93.80099179999999,27019.0,707.97133857968,0.26881720430107525,742,723,2,0,721,710,103551,21,0,0,21,13
2020-07-31,US,Minnesota,Cass,54,2,0,46.95043611,-94.32603968,27021.0,181.3358406931059,3.703703703703704,52,50,2,0,48,46,29519,4,0,0,4,4
2020-07-31,US,Minnesota,Chippewa,93,1,0,45.02343421,-95.56403693,27023.0,788.1355932203389,1.075268817204301,92,92,1,0,91,92,11924,1,0,0,1,0
2020-07-31,US,Minnesota,Chisago,167,1,0,45.5021011,-92.90861945,27025.0,295.162516127892,0.5988023952095808,166,160,1,0,159,158,55922,7,0,0,7,2
2020-07-31,US,Minnesota,Clay,740,39,0,46.89289518,-96.48761922,27027.0,1152.253121983121,5.270270270270269,701,734,39,0,695,725,63955,6,0,0,6,9
2020-07-31,US,Minnesota,Clearwater,14,0,0,47.57992111,-95.37790562,27029.0,158.76616012701294,0.0,14,14,0,0,14,14,8810,0,0,0,0,0
2020-07-31,US,Minnesota,Cook,2,0,0,47.90504893,-90.52629546,27031.0,36.60992128866923,0.0,2,2,0,0,2,2,5393,0,0,0,0,0
2020-07-31,US,Minnesota,Cottonwood,167,0,0,44.00715262,-95.18138802,27033.0,1491.6041443372633,0.0,167,165,0,0,165,162,11277,2,0,0,2,3
2020-07-31,US,Minnesota,Crow Wing,192,13,0,46.48096553,-94.06755609,27035.0,295.13488586580587,6.770833333333332,179,183,13,0,170,170,64889,9,0,0,9,13
2020-07-31,US,Minnesota,Dakota,3797,102,0,44.67172617,-93.06299363,27037.0,885.0382615303214,2.6863313141954173,3695,3710,102,0,3608,3656,425423,87,0,0,87,54
2020-07-31,US,Minnesota,Dodge,122,0,0,44.02238415,-92.86244324,27039.0,582.7839877710901,0.0,122,121,0,0,121,119,20822,1,0,0,1,2
2020-07-31,US,Minnesota,Douglas,124,0,0,45.93348491,-95.45335469,27041.0,325.10946225846214,0.0,124,120,0,0,120,119,37964,4,0,0,4,1
2020-07-31,US,Minnesota,Faribault,80,0,0,43.67381499,-93.94787458,27043.0,585.9518054640006,0.0,80,78,0,0,78,76,13758,2,0,0,2,2
2020-07-31,US,Minnesota,Fillmore,59,0,0,43.67394126,-92.08980382,27045.0,280.05885982816733,0.0,59,58,0,0,58,56,21058,1,0,0,1,2
2020-07-31,US,Minnesota,Freeborn,353,1,0,43.67385583,-93.34884422,27047.0,1165.7474984313596,0.28328611898017,352,352,1,0,351,349,30444,1,0,0,1,3
2020-07-31,US,Minnesota,Goodhue,169,8,0,44.40849741,-92.72341949999999,27049.0,364.6957272334916,4.733727810650888,161,163,8,0,155,161,46403,6,0,0,6,2
2020-07-31,US,Minnesota,Grant,44,1,0,45.93424769,-96.01139609,27051.0,736.7716008037511,2.272727272727273,43,44,1,0,43,43,6021,0,0,0,0,1
2020-07-31,US,Minnesota,Hennepin,17316,813,0,45.00761521,-93.47694895,27053.0,1367.9421539638013,4.695079695079696,16503,17092,810,0,16282,16881,1259428,224,3,0,221,211
2020-07-31,US,Minnesota,Houston,37,0,0,43.67129565,-91.49143057,27055.0,198.92473118279568,0.0,37,37,0,0,37,37,18578,0,0,0,0,0
2020-07-31,US,Minnesota,Hubbard,27,0,0,47.10778564,-94.91693868,27057.0,125.63398631985486,0.0,27,25,0,0,25,22,21332,2,0,0,2,3
2020-07-31,US,Minnesota,Isanti,102,0,0,45.56181234,-93.29487636,27059.0,251.25628140703517,0.0,102,102,0,0,102,101,39966,0,0,0,0,1
2020-07-31,US,Minnesota,Itasca,125,12,0,47.51009045,-93.63092229,27061.0,276.9776202082872,9.6,113,123,12,0,111,122,45108,2,0,0,2,1
2020-07-31,US,Minnesota,Jackson,68,0,0,43.67423373,-95.15398258,27063.0,690.6357911842372,0.0,68,69,0,0,69,67,9911,-1,0,0,-1,2
2020-07-31,US,Minnesota,Kanabec,23,1,0,45.9459309,-93.29275192,27065.0,140.78472179714757,4.3478260869565215,22,23,1,0,22,23,16207,0,0,0,0,0
2020-07-31,US,Minnesota,Kandiyohi,662,1,0,45.1526059,-95.00586446,27067.0,1532.4428806222365,0.1510574018126888,661,653,1,0,652,650,42855,9,0,0,9,3
2020-07-31,US,Minnesota,Kittson,3,0,0,48.77754106,-96.78317184,27069.0,69.79990693345742,0.0,3,3,0,0,3,3,4248,0,0,0,0,0
2020-07-31,US,Minnesota,Koochiching,68,3,0,48.24539665,-93.78352843,27071.0,556.0552784365034,4.411764705882354,65,66,3,0,63,61,12440,2,0,0,2,5
2020-07-31,US,Minnesota,Lac qui Parle,6,0,0,44.9973857,-96.17488219,27073.0,90.59338668277216,0.0,6,6,0,0,6,6,6658,0,0,0,0,0
2020-07-31,US,Minnesota,Lake,15,0,0,47.64270764,-91.44557998,27075.0,140.96419509444598,0.0,15,14,0,0,14,14,10658,1,0,0,1,0
2020-07-31,US,Minnesota,Lake of the Woods,1,0,0,48.77217001,-94.90274472,27077.0,26.73796791443851,0.0,1,1,0,0,1,1,3758,0,0,0,0,0
2020-07-31,US,Minnesota,Le Sueur,196,1,0,44.37136597,-93.72844721,27079.0,678.5059023089973,0.5102040816326531,195,196,1,0,195,190,28494,0,0,0,0,6
2020-07-31,US,Minnesota,Lincoln,53,0,0,44.41311883,-96.26688165,27081.0,939.8829579712717,0.0,53,53,0,0,53,53,5673,0,0,0,0,0
2020-07-31,US,Minnesota,Lyon,414,3,0,44.41327865,-95.83806103,27083.0,1625.1864646306037,0.7246376811594203,411,414,3,0,411,412,25629,0,0,0,0,2
2020-07-31,US,Minnesota,Mahnomen,22,1,0,47.32557075,-95.80921485,27087.0,398.04595621494485,4.545454545454546,21,20,1,0,19,20,5519,2,0,0,2,0
2020-07-31,US,Minnesota,Marshall,27,0,0,48.35825983,-96.37017407,27089.0,289.2030848329049,0.0,27,27,0,0,27,26,9390,0,0,0,0,1
2020-07-31,US,Minnesota,Martin,202,5,0,43.67429718,-94.55099908,27091.0,1026.2663211908755,2.4752475247524752,197,198,5,0,193,199,19785,4,0,0,4,-1
2020-07-31,US,Minnesota,McLeod,125,0,0,44.82367677,-94.27287017,27085.0,348.2573203688742,0.0,125,121,0,0,121,119,35873,4,0,0,4,2
2020-07-31,US,Minnesota,Meeker,83,2,0,45.12328869,-94.52839455,27093.0,357.4196882266816,2.409638554216868,81,83,2,0,81,82,23141,0,0,0,0,1
2020-07-31,US,Minnesota,Mille Lacs,54,3,0,45.93705297,-93.63236823,27095.0,205.50291129124332,5.5555555555555545,51,53,3,0,50,52,26139,1,0,0,1,1
2020-07-31,US,Minnesota,Morrison,81,1,0,46.01265363,-94.27341528,27097.0,242.61666566824417,1.2345679012345678,80,80,1,0,79,80,33169,1,0,0,1,0
2020-07-31,US,Minnesota,Mower,1064,2,0,43.67142874,-92.75234549,27099.0,2655.883380759822,0.18796992481203006,1062,1059,2,0,1057,1054,40011,5,0,0,5,5
2020-07-31,US,Minnesota,Murray,120,1,0,44.02216709,-95.76328482,27101.0,1464.486209421528,0.8333333333333334,119,119,1,0,118,118,8276,1,0,0,1,1
2020-07-31,US,Minnesota,Nicollet,298,13,0,44.35291112,-94.24710352,27103.0,869.4637334422595,4.362416107382551,285,287,13,0,274,281,34220,11,0,0,11,6
2020-07-31,US,Minnesota,Nobles,1738,6,0,43.67434621,-95.75329576,27105.0,8035.507882934949,0.34522439585730724,1732,1737,6,0,1731,1734,21924,1,0,0,1,3
2020-07-31,US,Minnesota,Norman,34,0,0,47.32628443,-96.45620947,27107.0,533.3333333333334,0.0,34,33,0,0,33,32,6475,1,0,0,1,1
2020-07-31,US,Minnesota,Olmsted,1588,23,0,44.00374114,-92.40209944,27109.0,1003.202921165181,1.4483627204030227,1565,1567,22,0,1545,1547,156277,21,1,0,20,20
2020-07-31,US,Minnesota,Otter Tail,164,3,0,46.40846929,-95.70835255,27111.0,279.16794334933445,1.8292682926829267,161,162,3,0,159,159,58812,2,0,0,2,3
2020-07-31,US,Minnesota,Pennington,70,1,0,48.06642577,-96.0370814,27113.0,495.785820525533,1.4285714285714286,69,69,1,0,68,65,14178,1,0,0,1,4
2020-07-31,US,Minnesota,Pine,124,0,0,46.12105238,-92.74070188,27115.0,419.216335913993,0.0,124,123,0,0,123,122,29483,1,0,0,1,1
2020-07-31,US,Minnesota,Pipestone,142,9,0,44.02301619,-96.25841142,27117.0,1555.9938636861716,6.338028169014086,133,140,9,0,131,138,9047,2,0,0,2,2
2020-07-31,US,Minnesota,Polk,125,3,0,47.77372465,-96.40134647,27119.0,398.5461038132891,2.4,122,124,3,0,121,121,31529,1,0,0,1,3
2020-07-31,US,Minnesota,Pope,38,0,0,45.58606667,-95.44451209,27121.0,337.80780513823447,0.0,38,35,0,0,35,35,11097,3,0,0,3,0
2020-07-31,US,Minnesota,Ramsey,6686,259,0,45.01625271,-93.09872295,27123.0,1214.9272878919758,3.8737660783727192,6427,6607,258,0,6349,6503,550210,79,1,0,78,104
2020-07-31,US,Minnesota,Red Lake,16,0,0,47.87197525,-96.09561104,27125.0,394.5745992601727,0.0,16,13,0,0,13,10,3999,3,0,0,3,3
2020-07-31,US,Minnesota,Redwood,30,0,0,44.40555844,-95.25207021,27127.0,197.7587343441002,0.0,30,30,0,0,30,30,15249,0,0,0,0,0
2020-07-31,US,Minnesota,Renville,56,5,0,44.72836381,-94.94553734,27129.0,384.9326367885621,8.928571428571429,51,54,5,0,49,53,14612,2,0,0,2,1
2020-07-31,US,Minnesota,Rice,975,8,0,44.3543376,-93.29658715,27131.0,1455.8322881204085,0.8205128205128205,967,970,8,0,962,961,66523,5,0,0,5,9
2020-07-31,US,Minnesota,Rock,72,0,0,43.67482683,-96.25296832,27133.0,772.9468599033818,0.0,72,70,0,0,70,64,9414,2,0,0,2,6
2020-07-31,US,Minnesota,Roseau,42,0,0,48.77501878,-95.81079919,27135.0,276.9535113748764,0.0,42,42,0,0,42,41,15150,0,0,0,0,1
2020-07-31,US,Minnesota,Scott,1296,12,0,44.6490231,-93.53340251,27139.0,869.7227758651932,0.925925925925926,1284,1272,11,0,1261,1249,147381,24,1,0,23,23
2020-07-31,US,Minnesota,Sherburne,615,6,0,45.44447208,-93.77617511,27141.0,632.4687879224173,0.975609756097561,609,602,6,0,596,595,96036,13,0,0,13,7
2020-07-31,US,Minnesota,Sibley,76,2,0,44.5796592,-94.23164924,27143.0,511.26807938109647,2.631578947368421,74,76,2,0,74,76,15028,0,0,0,0,0
2020-07-31,US,Minnesota,St. Louis,383,18,0,47.604840700000004,-92.46879855,27137.0,192.39463505299642,4.699738903394255,365,366,18,0,348,348,199754,17,0,0,17,18
2020-07-31,US,Minnesota,Stearns,2791,20,0,45.55192576,-94.61078221,27145.0,1732.733198820425,0.7165890361877463,2771,2763,20,0,2743,2758,159256,28,0,0,28,5
2020-07-31,US,Minnesota,Steele,321,1,0,44.02240351,-93.22627088,27147.0,875.8765587055583,0.3115264797507788,320,318,1,0,317,315,36803,3,0,0,3,3
2020-07-31,US,Minnesota,Stevens,15,0,0,45.58613007,-96.00163705,27149.0,152.98317185109642,0.0,15,15,0,0,15,15,9753,0,0,0,0,0
2020-07-31,US,Minnesota,Swift,51,1,0,45.2829032,-95.68264092,27151.0,550.3993093028275,1.96078431372549,50,51,1,0,50,51,9345,0,0,0,0,0
2020-07-31,US,Minnesota,Todd,413,2,0,46.06996226,-94.89785296,27153.0,1674.5053519299383,0.4842615012106538,411,413,2,0,411,412,24582,0,0,0,0,1
2020-07-31,US,Minnesota,Traverse,10,0,0,45.77298854,-96.47062949,27155.0,306.84258975145747,0.0,10,10,0,0,10,9,3308,0,0,0,0,1
2020-07-31,US,Minnesota,Unassigned,116,40,0,0.0,0.0,90027.0,0.0,34.48275862068966,76,118,40,0,78,114,,-2,0,0,-2,4
2020-07-31,US,Minnesota,Wabasha,78,0,0,44.28424356,-92.23121312,27157.0,360.6602857539187,0.0,78,74,0,0,74,74,21645,4,0,0,4,0
2020-07-31,US,Minnesota,Wadena,23,0,0,46.58589171,-94.96968506,27159.0,168.10407835111826,0.0,23,23,0,0,23,23,13773,0,0,0,0,0
2020-07-31,US,Minnesota,Waseca,128,0,0,44.02211116,-93.58720034,27161.0,687.7283473028152,0.0,128,123,0,0,123,119,18691,5,0,0,5,4
2020-07-31,US,Minnesota,Washington,1817,43,0,45.03864533,-92.88429635,27163.0,692.3487273281512,2.3665382498624106,1774,1792,43,0,1749,1760,259201,25,0,0,25,32
2020-07-31,US,Minnesota,Watonwan,299,0,0,43.97823903,-94.61413846,27165.0,2743.874460860787,0.0,299,298,0,0,298,297,10980,1,0,0,1,1
2020-07-31,US,Minnesota,Wilkin,26,3,0,46.35721532,-96.4684375,27167.0,418.8819075237635,11.538461538461537,23,25,3,0,22,25,6254,1,0,0,1,0
2020-07-31,US,Minnesota,Winona,240,16,0,43.98772283,-91.78081305,27169.0,475.39814594723083,6.666666666666668,224,239,16,0,223,231,50825,1,0,0,1,8
2020-07-31,US,Minnesota,Wright,770,5,0,45.17297924,-93.96234781,27171.0,556.4508552721911,0.6493506493506493,765,759,5,0,754,744,136349,11,0,0,11,15
2020-07-31,US,Minnesota,Yellow Medicine,47,0,0,44.71710183,-95.86842453,27173.0,484.0869296528994,0.0,47,47,0,0,47,46,9795,0,0,0,0,1
2020-07-31,US,Mississippi,Adams,565,23,0,31.47669768,-91.35326037,28001.0,1840.8106082820184,4.070796460176991,542,552,23,0,529,539,31192,13,0,0,13,13
2020-07-31,US,Mississippi,Alcorn,335,3,0,34.88084463,-88.57996173,28003.0,906.5569777825888,0.8955223880597015,332,331,3,0,328,312,36925,4,0,0,4,19
2020-07-31,US,Mississippi,Amite,193,4,0,31.17467303,-90.80501621,28005.0,1569.4884931284053,2.0725388601036268,189,192,4,0,188,188,12326,1,0,0,1,4
2020-07-31,US,Mississippi,Attala,486,23,0,33.08658803,-89.57838564,28007.0,2674.149884450313,4.732510288065844,463,480,23,0,457,475,18365,6,0,0,6,5
2020-07-31,US,Mississippi,Benton,118,0,0,34.81681228,-89.18945516,28009.0,1428.744400048432,0.0,118,115,0,0,115,107,8271,3,0,0,3,8
2020-07-31,US,Mississippi,Bolivar,917,32,0,33.79696941,-90.87372121,28011.0,2993.992425231813,3.489640130861505,885,889,29,0,860,860,31333,28,3,0,25,29
2020-07-31,US,Mississippi,Calhoun,366,8,0,33.93683395,-89.33686647,28013.0,2548.5690411531227,2.1857923497267757,358,364,8,0,356,355,14436,2,0,0,2,9
2020-07-31,US,Mississippi,Carroll,240,11,0,33.44834567,-89.91994479,28015.0,2412.7877752086056,4.583333333333333,229,237,11,0,226,236,9911,3,0,0,3,1
2020-07-31,US,Mississippi,Chickasaw,420,19,0,33.91983202,-88.9481545,28017.0,2455.7095246447993,4.523809523809524,401,413,19,0,394,398,17171,7,0,0,7,15
2020-07-31,US,Mississippi,Choctaw,124,4,0,33.34598242,-89.24809382,28019.0,1510.353227771011,3.2258064516129035,120,120,4,0,116,117,8278,4,0,0,4,3
2020-07-31,US,Mississippi,Claiborne,398,12,0,31.97061673,-90.90702196,28021.0,4428.126390743213,3.0150753768844223,386,390,12,0,378,387,9002,8,0,0,8,3
2020-07-31,US,Mississippi,Clarke,297,25,0,32.04158545,-88.68896219999998,28023.0,1911.0739334663147,8.417508417508419,272,288,25,0,263,284,15604,9,0,0,9,4
2020-07-31,US,Mississippi,Clay,363,14,0,33.65358105,-88.77784255,28025.0,1879.2710706150344,3.8567493112947657,349,360,13,0,347,355,19386,3,1,0,2,5
2020-07-31,US,Mississippi,Coahoma,632,10,0,34.22772299,-90.60415045,28027.0,2856.6262881938173,1.5822784810126582,622,626,7,0,619,593,22628,6,3,0,3,33
2020-07-31,US,Mississippi,Copiah,897,23,0,31.86977774,-90.44565118,28029.0,3196.151790486371,2.5641025641025643,874,885,23,0,862,862,28543,12,0,0,12,23
2020-07-31,US,Mississippi,Covington,575,11,0,31.63225413,-89.55389939,28031.0,3085.4260570937968,1.9130434782608696,564,569,10,0,559,558,18853,6,1,0,5,11
2020-07-31,US,Mississippi,DeSoto,3113,26,0,34.87625235,-89.99091418,28033.0,1683.2031144394282,0.8352071956312239,3087,3062,26,0,3036,2970,182001,51,0,0,51,92
2020-07-31,US,Mississippi,Forrest,1564,50,0,31.18961454,-89.25832496,28035.0,2088.2011295512507,3.1969309462915603,1514,1540,50,0,1490,1491,75036,24,0,0,24,49
2020-07-31,US,Mississippi,Franklin,111,3,0,31.47786634,-90.89672989,28037.0,1439.128743679502,2.702702702702702,108,101,3,0,98,95,7788,10,0,0,10,6
2020-07-31,US,Mississippi,George,525,5,0,30.86259065,-88.64436789,28039.0,2142.8571428571427,0.9523809523809524,520,517,5,0,512,378,24250,8,0,0,8,139
2020-07-31,US,Mississippi,Greene,223,11,0,31.21444233,-88.63922281,28041.0,1641.395554247019,4.932735426008969,212,219,10,0,209,211,13586,4,1,0,3,8
2020-07-31,US,Mississippi,Grenada,796,20,0,33.77036166,-89.80245083,28043.0,3834.666152808556,2.512562814070352,776,789,19,0,770,781,21055,7,1,0,6,8
2020-07-31,US,Mississippi,Hancock,323,14,0,30.41830223,-89.48851033,28045.0,678.1155525697012,4.3343653250774,309,310,14,0,296,298,47334,13,0,0,13,12
2020-07-31,US,Mississippi,Harrison,2048,31,0,30.51359752,-89.12467576,28047.0,984.2368319876973,1.513671875,2017,1982,29,0,1953,1944,206650,66,2,0,64,38
2020-07-31,US,Mississippi,Hinds,5091,102,0,32.2656285,-90.44435448,28049.0,2195.9109730848863,2.0035356511490865,4989,5001,97,0,4904,4838,237085,90,5,0,85,163
2020-07-31,US,Mississippi,Holmes,825,46,0,33.12345854,-90.08923538,28051.0,4850.088183421517,5.575757575757576,779,809,45,0,764,799,17622,16,1,0,15,10
2020-07-31,US,Mississippi,Humphreys,262,11,0,33.12825718,-90.52252707,28053.0,3249.0079365079364,4.198473282442748,251,257,11,0,246,255,8257,5,0,0,5,2
2020-07-31,US,Mississippi,Issaquena,20,1,0,32.72531359,-90.97392828,28055.0,1507.1590052750564,5.0,19,20,1,0,19,19,1308,0,0,0,0,1
2020-07-31,US,Mississippi,Itawamba,297,10,0,34.27993475,-88.3606733,28057.0,1269.7734074390764,3.3670033670033668,287,288,9,0,279,275,23517,9,1,0,8,13
2020-07-31,US,Mississippi,Jackson,1837,34,0,30.54020656,-88.64184064,28059.0,1279.096485792072,1.850843767011432,1803,1820,34,0,1786,1772,143277,17,0,0,17,48
2020-07-31,US,Mississippi,Jasper,368,8,0,32.01922104,-89.11786866,28061.0,2246.2308490508453,2.1739130434782608,360,360,8,0,352,356,16428,8,0,0,8,4
2020-07-31,US,Mississippi,Jefferson,188,6,0,31.73397872,-91.03764977,28063.0,2689.556509298999,3.191489361702128,182,185,5,0,180,178,7106,3,1,0,2,7
2020-07-31,US,Mississippi,Jefferson Davis,191,5,0,31.56884708,-89.82670990000004,28065.0,1716.391085549964,2.6178010471204187,186,190,5,0,185,187,11234,1,0,0,1,3
2020-07-31,US,Mississippi,Jones,1705,57,0,31.62257767,-89.16896899999998,28067.0,2503.744603365737,3.343108504398827,1648,1674,57,0,1617,1635,68461,31,0,0,31,39
2020-07-31,US,Mississippi,Kemper,223,15,0,32.75462946,-88.64105766,28069.0,2289.05768835968,6.726457399103139,208,222,15,0,207,218,10027,1,0,0,1,4
2020-07-31,US,Mississippi,Lafayette,837,7,0,34.35687874,-89.48490961,28071.0,1549.4548214517115,0.8363201911589009,830,821,6,0,815,787,54793,16,1,0,15,34
2020-07-31,US,Mississippi,Lamar,1080,12,0,31.20572971,-89.5077704,28073.0,1705.0029206068548,1.1111111111111112,1068,1063,12,0,1051,1011,62447,17,0,0,17,52
2020-07-31,US,Mississippi,Lauderdale,1316,88,0,32.40419769,-88.66229662,28075.0,1775.379426644182,6.6869300911854115,1228,1281,88,0,1193,1259,75317,35,0,0,35,22
2020-07-31,US,Mississippi,Lawrence,300,5,0,31.55147224,-90.10841127,28077.0,2383.600826314953,1.6666666666666667,295,297,4,0,293,284,12455,3,1,0,2,13
2020-07-31,US,Mississippi,Leake,755,25,0,32.7536828,-89.52402044,28079.0,3313.4380760115864,3.3112582781456954,730,740,25,0,715,738,22763,15,0,0,15,2
2020-07-31,US,Mississippi,Lee,1162,29,0,34.291877500000005,-88.68149954,28081.0,1360.0824008614634,2.4956970740103266,1133,1115,28,0,1087,1069,85202,47,1,0,46,46
2020-07-31,US,Mississippi,Leflore,814,59,0,33.55545125,-90.29900733,28083.0,2888.2659759429444,7.248157248157248,755,791,59,0,732,785,28919,23,0,0,23,6
2020-07-31,US,Mississippi,Lincoln,730,38,0,31.53288662,-90.45391915,28085.0,2137.4403419904547,5.205479452054795,692,716,38,0,678,698,34205,14,0,0,14,18
2020-07-31,US,Mississippi,Lowndes,941,30,0,33.47386518,-88.44191529999998,28087.0,1605.9390732997697,3.1880977683315623,911,922,26,0,896,885,58930,19,4,0,15,37
2020-07-31,US,Mississippi,Madison,2250,50,0,32.63389156,-90.03513564,28089.0,2117.208672086721,2.2222222222222223,2200,2211,50,0,2161,2167,105630,39,0,0,39,44
2020-07-31,US,Mississippi,Marion,581,17,0,31.23132643,-89.8209217,28091.0,2364.383673137183,2.9259896729776247,564,569,16,0,553,550,24715,12,1,0,11,19
2020-07-31,US,Mississippi,Marshall,536,8,0,34.76216286,-89.50299462,28093.0,1518.6717289057626,1.492537313432836,528,526,8,0,518,500,35451,10,0,0,10,26
2020-07-31,US,Mississippi,Monroe,675,50,0,33.89236763,-88.4808438,28095.0,1914.7849767389084,7.407407407407407,625,649,49,0,600,620,35564,26,1,0,25,29
2020-07-31,US,Mississippi,Montgomery,276,3,0,33.49419589,-89.61729103,28097.0,2823.529411764706,1.0869565217391304,273,266,3,0,263,258,10023,10,0,0,10,8
2020-07-31,US,Mississippi,Neshoba,1186,87,0,32.75339664,-89.11726492,28099.0,4073.0819424411015,7.335581787521079,1099,1167,85,0,1082,1165,29125,19,2,0,17,2
2020-07-31,US,Mississippi,Newton,514,11,0,32.40021118,-89.11843336,28101.0,2445.522885146065,2.140077821011673,503,509,11,0,498,498,21443,5,0,0,5,11
2020-07-31,US,Mississippi,Noxubee,411,10,0,33.11009499,-88.56949061,28103.0,3945.4737448401647,2.4330900243309004,401,403,10,0,393,389,10535,8,0,0,8,14
2020-07-31,US,Mississippi,Oktibbeha,1039,34,0,33.42491685,-88.87905132,28105.0,2095.3072377840967,3.272377285851781,1005,1024,31,0,993,1011,49599,15,3,0,12,13
2020-07-31,US,Mississippi,Panola,877,11,0,34.36398677,-89.95064249,28107.0,2564.927468413664,1.2542759407069557,866,867,11,0,856,826,34178,10,0,0,10,41
2020-07-31,US,Mississippi,Pearl River,471,36,0,30.77090935,-89.58677275,28109.0,848.1138021067795,7.643312101910827,435,462,35,0,427,452,55387,9,1,0,8,10
2020-07-31,US,Mississippi,Perry,209,7,0,31.17161885,-88.99281835,28111.0,1745.5942537375765,3.3492822966507183,202,205,7,0,198,196,11931,4,0,0,4,9
2020-07-31,US,Mississippi,Pike,808,30,0,31.17507789,-90.40392572,28113.0,2056.607615556913,3.712871287128713,778,803,30,0,773,781,39563,5,0,0,5,22
2020-07-31,US,Mississippi,Pontotoc,699,7,0,34.226046000000004,-89.03636807,28115.0,2172.5616957792013,1.0014306151645207,692,673,6,0,667,649,31833,26,1,0,25,24
2020-07-31,US,Mississippi,Prentiss,318,6,0,34.61810501,-88.51986294,28117.0,1265.6212688052215,1.8867924528301887,312,307,6,0,301,282,25315,11,0,0,11,25
2020-07-31,US,Mississippi,Quitman,211,1,0,34.25157572,-90.28908,28119.0,3106.595995288574,0.4739336492890995,210,204,1,0,203,195,7051,7,0,0,7,9
2020-07-31,US,Mississippi,Rankin,2091,28,0,32.26469147,-89.94537876,28121.0,1346.6777440732656,1.3390722142515543,2063,2048,27,0,2021,1988,153902,43,1,0,42,60
2020-07-31,US,Mississippi,Scott,947,17,0,32.406704100000006,-89.53789439,28123.0,3367.230834874129,1.795142555438226,930,944,17,0,927,941,28287,3,0,0,3,3
2020-07-31,US,Mississippi,Sharkey,139,1,0,32.88149103,-90.8159538,28125.0,3216.847951862995,0.7194244604316546,138,136,1,0,135,122,4377,3,0,0,3,14
2020-07-31,US,Mississippi,Simpson,696,24,0,31.91282117,-89.91716179,28127.0,2610.8485257708758,3.4482758620689653,672,685,17,0,668,665,26758,11,7,0,4,20
2020-07-31,US,Mississippi,Smith,367,12,0,32.01744532,-89.50644846,28129.0,2305.855742648907,3.2697547683923704,355,366,12,0,354,361,16002,1,0,0,1,5
2020-07-31,US,Mississippi,Stone,144,3,0,30.79187949,-89.11547539,28131.0,785.3403141361258,2.083333333333333,141,138,3,0,135,134,18717,6,0,0,6,4
2020-07-31,US,Mississippi,Sunflower,893,21,0,33.60192578,-90.58882684,28133.0,3556.352050975707,2.351623740201568,872,873,20,0,853,854,25735,20,1,0,19,19
2020-07-31,US,Mississippi,Tallahatchie,399,10,0,33.95339918,-90.1729398,28135.0,2889.419943515099,2.506265664160401,389,395,9,0,386,371,13987,4,1,0,3,24
2020-07-31,US,Mississippi,Tate,621,21,0,34.65133709,-89.94485778,28137.0,2192.7191836446455,3.3816425120772946,600,594,21,0,573,587,28759,27,0,0,27,7
2020-07-31,US,Mississippi,Tippah,285,12,0,34.76872156,-88.90988194,28139.0,1294.571882807177,4.2105263157894735,273,269,12,0,257,264,21995,16,0,0,16,5
2020-07-31,US,Mississippi,Tishomingo,299,3,0,34.74023475,-88.23917219,28141.0,1542.5888665325283,1.0033444816053512,296,293,3,0,290,246,19454,6,0,0,6,47
2020-07-31,US,Mississippi,Tunica,228,5,0,34.64967704,-90.37481167,28143.0,2367.109634551495,2.1929824561403506,223,224,5,0,219,209,9944,4,0,0,4,15
2020-07-31,US,Mississippi,Union,503,13,0,34.49162015,-89.00776006,28145.0,1745.61860142287,2.584493041749503,490,467,13,0,454,452,28606,36,0,0,36,15
2020-07-31,US,Mississippi,Walthall,425,18,0,31.14971548,-90.10446654,28147.0,2974.940501189976,4.235294117647058,407,420,17,0,403,416,14465,5,1,0,4,4
2020-07-31,US,Mississippi,Warren,946,25,0,32.35810271,-90.83352619,28149.0,2084.5728388532652,2.6427061310782243,921,930,24,0,906,897,46176,16,1,0,15,33
2020-07-31,US,Mississippi,Washington,1419,32,0,33.28392041,-90.94196237,28151.0,3231.6837094900816,2.2551092318534183,1387,1389,28,0,1361,1322,45063,30,4,0,26,67
2020-07-31,US,Mississippi,Wayne,729,21,0,31.64135687,-88.69573913,28153.0,3611.950651538423,2.8806584362139915,708,717,21,0,696,708,20298,12,0,0,12,9
2020-07-31,US,Mississippi,Webster,181,12,0,33.61300486,-89.28392912,28155.0,1868.0978429146453,6.629834254143647,169,176,12,0,164,175,9788,5,0,0,5,1
2020-07-31,US,Mississippi,Wilkinson,178,12,0,31.16078225,-91.31018819,28157.0,2062.5724217844727,6.741573033707866,166,173,12,0,161,160,8792,5,0,0,5,13
2020-07-31,US,Mississippi,Winston,560,14,0,33.08747908,-89.03391385,28159.0,3118.9083820662768,2.5,546,544,14,0,530,527,18165,16,0,0,16,17
2020-07-31,US,Mississippi,Yalobusha,308,10,0,34.02824175,-89.70762049999998,28161.0,2543.772712256359,3.2467532467532467,298,303,10,0,293,298,12392,5,0,0,5,5
2020-07-31,US,Mississippi,Yazoo,757,11,0,32.77890365,-90.39656148,28163.0,2549.6800269450987,1.4531043593130781,746,747,11,0,736,726,28248,10,0,0,10,21
2020-07-31,US,Missouri,Adair,132,0,0,40.19058551,-92.60078167,29001.0,520.85388470189,0.0,132,130,0,0,130,128,25339,2,0,0,2,2
2020-07-31,US,Missouri,Andrew,81,1,0,39.98492163,-94.80163024,29003.0,457.31707317073165,1.2345679012345678,80,80,1,0,79,80,17607,1,0,0,1,0
2020-07-31,US,Missouri,Atchison,11,0,0,40.43238737,-95.42970639,29005.0,213.88294769589734,0.0,11,11,0,0,11,11,5171,0,0,0,0,0
2020-07-31,US,Missouri,Audrain,192,1,0,39.215877,-91.84242683,29007.0,756.2628013234599,0.5208333333333334,191,190,1,0,189,187,25473,2,0,0,2,3
2020-07-31,US,Missouri,Barry,218,0,0,36.70978521,-93.82919888,29009.0,609.125709016737,0.0,218,213,0,0,213,213,35886,5,0,0,5,0
2020-07-31,US,Missouri,Barton,65,0,0,37.50207671,-94.34757022,29011.0,553.0032329419771,0.0,65,64,0,0,64,62,11798,1,0,0,1,2
2020-07-31,US,Missouri,Bates,36,1,0,38.25271289,-94.34113157,29013.0,222.60697501855057,2.7777777777777777,35,34,1,0,33,32,16320,2,0,0,2,2
2020-07-31,US,Missouri,Benton,71,1,0,38.29503305,-93.28756116,29015.0,365.1699840559584,1.4084507042253518,70,66,1,0,65,63,19278,5,0,0,5,3
2020-07-31,US,Missouri,Bollinger,56,0,0,37.32449052,-90.02725304,29017.0,461.5511415148768,0.0,56,55,0,0,55,53,12169,1,0,0,1,2
2020-07-31,US,Missouri,Boone,1152,3,0,38.99186229,-92.30723575,29019.0,638.3580013631603,0.2604166666666667,1149,1125,3,0,1122,1069,180005,27,0,0,27,56
2020-07-31,US,Missouri,Buchanan,1054,10,0,39.65816401,-94.80138942,29021.0,1206.4465912732933,0.9487666034155596,1044,1049,10,0,1039,1039,88571,5,0,0,5,10
2020-07-31,US,Missouri,Butler,236,2,0,36.71462476,-90.40421163,29023.0,555.5817128866706,0.8474576271186439,234,227,2,0,225,215,42639,9,0,0,9,12
2020-07-31,US,Missouri,Caldwell,30,1,0,39.65620858,-93.98308093,29025.0,332.59423503325945,3.333333333333333,29,29,1,0,28,29,9108,1,0,0,1,0
2020-07-31,US,Missouri,Callaway,118,1,0,38.83674754,-91.92186505,29027.0,263.72840444315307,0.8474576271186439,117,106,1,0,105,102,44889,12,0,0,12,4
2020-07-31,US,Missouri,Camden,285,4,0,38.02199522,-92.76083747,29029.0,615.4842889536768,1.4035087719298245,281,277,4,0,273,262,45815,8,0,0,8,15
2020-07-31,US,Missouri,Cape Girardeau,594,3,0,37.38489388,-89.6843587,29031.0,753.1285263278011,0.5050505050505051,591,578,3,0,575,565,78753,16,0,0,16,13
2020-07-31,US,Missouri,Carroll,95,0,0,39.42762566,-93.50626255,29033.0,1094.596151630372,0.0,95,89,0,0,89,84,8743,6,0,0,6,5
2020-07-31,US,Missouri,Carter,18,1,0,36.94160441,-90.96051322,29035.0,300.9027081243732,5.5555555555555545,17,14,1,0,13,10,6054,4,0,0,4,4
2020-07-31,US,Missouri,Cass,621,9,0,38.64789422,-94.353399,29037.0,587.0674985819627,1.4492753623188406,612,592,9,0,583,559,104954,29,0,0,29,33
2020-07-31,US,Missouri,Cedar,34,0,0,37.72391475,-93.85445441,29039.0,236.9503101261412,0.0,34,34,0,0,34,32,14165,0,0,0,0,2
2020-07-31,US,Missouri,Chariton,14,0,0,39.51499357,-92.9629191,29041.0,188.52679773767846,0.0,14,14,0,0,14,14,7451,0,0,0,0,0
2020-07-31,US,Missouri,Christian,265,1,0,36.9711783,-93.18537118,29043.0,299.1139454822507,0.37735849056603776,264,249,1,0,248,230,86983,16,0,0,16,19
2020-07-31,US,Missouri,Clark,11,0,0,40.41040752,-91.73661677,29045.0,161.8361041636016,0.0,11,8,0,0,8,3,6842,3,0,0,3,5
2020-07-31,US,Missouri,Clay,882,19,0,39.31132056,-94.41850862,29047.0,352.87339766671465,2.1541950113378685,863,857,19,0,838,826,246365,25,0,0,25,31
2020-07-31,US,Missouri,Clinton,61,0,0,39.6013098,-94.40465394,29049.0,299.2102810614608,0.0,61,59,0,0,59,57,20470,2,0,0,2,2
2020-07-31,US,Missouri,Cole,288,2,0,38.50455671,-92.27860244,29051.0,375.2687471496514,0.6944444444444444,286,269,2,0,267,250,76796,19,0,0,19,19
2020-07-31,US,Missouri,Cooper,86,0,0,38.844478,-92.80896081,29053.0,485.6287763284207,0.0,86,77,0,0,77,73,17603,9,0,0,9,4
2020-07-31,US,Missouri,Crawford,47,0,0,37.97663738,-91.30528104,29055.0,196.4882943143813,0.0,47,40,0,0,40,36,23957,7,0,0,7,4
2020-07-31,US,Missouri,Dade,14,0,0,37.431814,-93.8503345,29057.0,185.16069303002246,0.0,14,14,0,0,14,14,7569,0,0,0,0,0
2020-07-31,US,Missouri,Dallas,47,1,0,37.6811355,-93.02127031,29059.0,278.4690129162223,2.127659574468085,46,46,1,0,45,44,16762,1,0,0,1,2
2020-07-31,US,Missouri,Daviess,17,0,0,39.96145298,-93.98519678,29061.0,205.36361439961343,0.0,17,17,0,0,17,18,8313,0,0,0,0,-1
2020-07-31,US,Missouri,DeKalb,32,1,0,39.89201062,-94.40476508,29063.0,255.04104566828724,3.125,31,31,1,0,30,29,12630,1,0,0,1,2
2020-07-31,US,Missouri,Dent,9,0,0,37.60663134,-91.50790473,29065.0,57.792332883837396,0.0,9,9,0,0,9,9,15441,0,0,0,0,0
2020-07-31,US,Missouri,Douglas,68,2,0,36.9325593,-92.49905109,29067.0,515.737580583997,2.9411764705882355,66,61,2,0,59,56,13373,7,0,0,7,5
2020-07-31,US,Missouri,Dunklin,239,4,0,36.27167174,-90.09122243,29069.0,820.4318423672377,1.6736401673640169,235,234,4,0,230,228,29423,5,0,0,5,6
2020-07-31,US,Missouri,Franklin,509,18,0,38.41127108,-91.07522826,29071.0,489.5784239229756,3.536345776031433,491,490,18,0,472,484,103670,19,0,0,19,6
2020-07-31,US,Missouri,Gasconade,19,0,0,38.43947277,-91.50847147,29073.0,129.19896640826875,0.0,19,19,0,0,19,14,14705,0,0,0,0,5
2020-07-31,US,Missouri,Gentry,79,9,0,40.21097916,-94.40944419,29075.0,1202.2523208035307,11.39240506329114,70,82,9,0,73,81,6628,-3,0,0,-3,1
2020-07-31,US,Missouri,Greene,1182,10,0,37.2575872,-93.34230916,29077.0,403.29459612536937,0.8460236886632826,1172,1126,10,0,1116,1030,291923,56,0,0,56,96
2020-07-31,US,Missouri,Grundy,24,1,0,40.11406587,-93.56509276,29079.0,243.65482233502541,4.166666666666667,23,24,1,0,23,24,9914,0,0,0,0,0
2020-07-31,US,Missouri,Harrison,59,1,0,40.35570088,-93.99222144,29081.0,706.4176245210726,1.6949152542372878,58,58,1,0,57,53,8414,1,0,0,1,5
2020-07-31,US,Missouri,Henry,69,3,0,38.38482826,-93.79293734,29083.0,316.16568914956014,4.3478260869565215,66,64,3,0,61,62,21792,5,0,0,5,2
2020-07-31,US,Missouri,Hickory,16,0,0,37.94163617,-93.3203037,29085.0,167.64459346186086,0.0,16,16,0,0,16,15,9509,0,0,0,0,1
2020-07-31,US,Missouri,Holt,6,0,0,40.09799248,-95.2163888,29087.0,136.2707245060186,0.0,6,6,0,0,6,5,4404,0,0,0,0,1
2020-07-31,US,Missouri,Howard,43,0,0,39.1435761,-92.69756691,29089.0,429.95700429957003,0.0,43,42,0,0,42,40,10137,1,0,0,1,2
2020-07-31,US,Missouri,Howell,127,1,0,36.77383887,-91.88683935,29091.0,316.5740209886083,0.7874015748031497,126,123,1,0,122,121,40076,4,0,0,4,2
2020-07-31,US,Missouri,Iron,12,0,0,37.55487945,-90.7735296,29093.0,118.51851851851852,0.0,12,10,0,0,10,10,10177,2,0,0,2,0
2020-07-31,US,Missouri,Jackson,3320,57,0,39.01002188,-94.34724536,29095.0,472.25434594906767,1.716867469879518,3263,3189,56,0,3133,2957,700307,131,1,0,130,232
2020-07-31,US,Missouri,Jasper,1626,24,0,37.20351921,-94.34050458,29097.0,1340.1687986285112,1.4760147601476017,1602,1608,23,0,1585,1592,120636,18,1,0,17,16
2020-07-31,US,Missouri,Jefferson,1295,24,0,38.25926778,-90.53870896,29099.0,575.3484301207121,1.8532818532818531,1271,1231,24,0,1207,1133,224347,64,0,0,64,98
2020-07-31,US,Missouri,Johnson,454,2,0,38.74719601,-93.80691168,29101.0,839.7765528467315,0.4405286343612335,452,445,1,0,444,437,53652,9,1,0,8,8
2020-07-31,US,Missouri,Kansas City,5798,51,0,39.0997,-94.5786,0.0,1185.8232963760602,0.8796136598827182,5747,5672,49,0,5623,5428,491918,126,2,0,124,244
2020-07-31,US,Missouri,Knox,9,0,0,40.12699751,-92.14780832,29103.0,227.33013387218998,0.0,9,9,0,0,9,6,3947,0,0,0,0,3
2020-07-31,US,Missouri,Laclede,188,1,0,37.65896829,-92.5888493,29105.0,526.2715897321053,0.5319148936170213,187,187,1,0,186,184,35713,1,0,0,1,3
2020-07-31,US,Missouri,Lafayette,150,2,0,39.06986886,-93.78076396,29107.0,458.60339977987036,1.3333333333333333,148,145,2,0,143,137,32598,5,0,0,5,8
2020-07-31,US,Missouri,Lawrence,182,2,0,37.10626634,-93.83293097,29109.0,474.5144049015774,1.0989010989010992,180,172,2,0,170,159,38359,10,0,0,10,13
2020-07-31,US,Missouri,Lewis,27,1,0,40.09673161,-91.72070156,29111.0,276.1865793780688,3.703703703703704,26,26,1,0,25,28,9855,1,0,0,1,-2
2020-07-31,US,Missouri,Lincoln,288,1,0,39.05345619,-90.95588181,29113.0,488.0280616135428,0.3472222222222222,287,272,1,0,271,258,57686,16,0,0,16,14
2020-07-31,US,Missouri,Linn,30,1,0,39.87001769,-93.10704106,29115.0,251.6778523489933,3.333333333333333,29,30,1,0,29,30,12037,0,0,0,0,0
2020-07-31,US,Missouri,Livingston,51,0,0,39.78110272,-93.54645978,29117.0,334.9313719051685,0.0,51,47,0,0,47,47,15146,4,0,0,4,0
2020-07-31,US,Missouri,Macon,52,0,0,39.83049768,-92.56453089,29121.0,343.9835946285638,0.0,52,47,0,0,47,47,15153,5,0,0,5,0
2020-07-31,US,Missouri,Madison,17,0,0,37.47865134,-90.3467143,29123.0,140.63534083388484,0.0,17,16,0,0,16,16,12188,1,0,0,1,0
2020-07-31,US,Missouri,Maries,11,0,0,38.16193985,-91.92249662,29125.0,126.4803955386915,0.0,11,11,0,0,11,10,8769,0,0,0,0,1
2020-07-31,US,Missouri,Marion,139,1,0,39.80601912,-91.62203062,29127.0,487.2064493515597,0.7194244604316546,138,127,1,0,126,111,28592,12,0,0,12,16
2020-07-31,US,Missouri,McDonald,925,7,0,36.62869595,-94.34867205,29119.0,4050.444454175242,0.7567567567567568,918,916,7,0,909,910,23078,9,0,0,9,6
2020-07-31,US,Missouri,Mercer,8,0,0,40.42212303,-93.5682959,29129.0,221.1777716339508,0.0,8,8,0,0,8,8,3641,0,0,0,0,0
2020-07-31,US,Missouri,Miller,89,0,0,38.21450288,-92.42610898,29131.0,347.39841523868995,0.0,89,82,0,0,82,81,25336,7,0,0,7,1
2020-07-31,US,Missouri,Mississippi,129,0,0,36.82516239,-89.29505753,29133.0,978.7556904400607,0.0,129,129,0,0,129,128,13336,0,0,0,0,1
2020-07-31,US,Missouri,Moniteau,111,2,0,38.63571781,-92.57976951,29135.0,688.0733944954128,1.8018018018018016,109,106,2,0,104,102,16121,5,0,0,5,4
2020-07-31,US,Missouri,Monroe,14,0,0,39.49593978,-92.00043978,29137.0,161.96205460434985,0.0,14,13,0,0,13,12,8664,1,0,0,1,1
2020-07-31,US,Missouri,Montgomery,33,0,0,38.94022054,-91.47000721,29139.0,285.68955068825215,0.0,33,33,0,0,33,31,11534,0,0,0,0,2
2020-07-31,US,Missouri,Morgan,62,0,0,38.4181765,-92.88791859,29141.0,300.57691375381785,0.0,62,61,0,0,61,55,20358,1,0,0,1,6
2020-07-31,US,Missouri,New Madrid,171,1,0,36.59666326,-89.66070007,29143.0,1001.405481377372,0.5847953216374269,170,161,1,0,160,149,17296,10,0,0,10,12
2020-07-31,US,Missouri,Newton,794,5,0,36.90519407,-94.3394104,29145.0,1363.417817157772,0.6297229219143576,789,781,4,0,777,778,58266,13,1,0,12,3
2020-07-31,US,Missouri,Nodaway,147,0,0,40.36079813,-94.88133008,29147.0,665.3992395437263,0.0,147,137,0,0,137,125,22304,10,0,0,10,12
2020-07-31,US,Missouri,Oregon,13,0,0,36.68710164,-91.4033755,29149.0,123.46851552854021,0.0,13,13,0,0,13,12,10541,0,0,0,0,1
2020-07-31,US,Missouri,Osage,36,0,0,38.46036182,-91.8613635,29151.0,264.41424899008445,0.0,36,32,0,0,32,32,13714,4,0,0,4,0
2020-07-31,US,Missouri,Ozark,6,0,0,36.64916339,-92.44459066,29153.0,65.40222367560497,0.0,6,6,0,0,6,5,9017,0,0,0,0,1
2020-07-31,US,Missouri,Pemiscot,199,8,0,36.2130572,-89.78742322,29155.0,1259.0952230306864,4.0201005025125625,191,194,8,0,186,192,16272,5,0,0,5,2
2020-07-31,US,Missouri,Perry,201,4,0,37.70660776,-89.82741088,29157.0,1050.376254180602,1.9900497512437807,197,194,4,0,190,191,19150,7,0,0,7,3
2020-07-31,US,Missouri,Pettis,405,3,0,38.72798918,-93.28471706,29159.0,956.564869269468,0.7407407407407407,402,382,3,0,379,351,42542,23,0,0,23,31
2020-07-31,US,Missouri,Phelps,72,0,0,37.87736118,-91.79351727,29161.0,161.5327664729769,0.0,72,69,0,0,69,66,44732,3,0,0,3,3
2020-07-31,US,Missouri,Pike,68,1,0,39.34310674,-91.16980779,29163.0,371.5440935416895,1.4705882352941178,67,67,1,0,66,65,18504,1,0,0,1,2
2020-07-31,US,Missouri,Platte,301,7,0,39.38154439,-94.77068479,29165.0,288.26447547357736,2.3255813953488373,294,295,7,0,288,283,102985,6,0,0,6,12
2020-07-31,US,Missouri,Polk,187,0,0,37.6162296,-93.39828174,29167.0,581.6666148247224,0.0,187,186,0,0,186,184,32201,1,0,0,1,2
2020-07-31,US,Missouri,Pulaski,178,1,0,37.82462075,-92.20783203,29169.0,338.35801319216074,0.5617977528089888,177,176,1,0,175,174,52014,2,0,0,2,2
2020-07-31,US,Missouri,Putnam,8,1,0,40.47942497,-93.02042674,29171.0,170.35775127768312,12.5,7,7,0,0,7,6,4757,1,1,0,0,1
2020-07-31,US,Missouri,Ralls,20,0,0,39.52817427,-91.51838643,29173.0,194.00523814142983,0.0,20,24,0,0,24,23,10212,-4,0,0,-4,1
2020-07-31,US,Missouri,Randolph,52,1,0,39.44007257,-92.4971374,29175.0,210.11798933247127,1.9230769230769231,51,50,1,0,49,48,24763,2,0,0,2,2
2020-07-31,US,Missouri,Ray,87,0,0,39.3537468,-93.98905745,29177.0,377.9650708141455,0.0,87,79,0,0,79,72,22883,8,0,0,8,7
2020-07-31,US,Missouri,Reynolds,17,0,0,37.36085952,-90.97009925,29179.0,271.13237639553427,0.0,17,16,0,0,16,15,6254,1,0,0,1,1
2020-07-31,US,Missouri,Ripley,41,0,0,36.65460667,-90.85990261,29181.0,308.54906682721247,0.0,41,39,0,0,39,38,13401,2,0,0,2,1
2020-07-31,US,Missouri,Saline,407,7,0,39.13734288,-93.20259964,29195.0,1788.1463907561179,1.71990171990172,400,399,6,0,393,389,22895,8,1,0,7,10
2020-07-31,US,Missouri,Schuyler,9,0,0,40.46921489,-92.52311943,29197.0,193.13304721030042,0.0,9,9,0,0,9,9,4599,0,0,0,0,0
2020-07-31,US,Missouri,Scotland,12,1,0,40.45214695,-92.14709064,29199.0,244.79804161566707,8.333333333333334,11,12,1,0,11,12,4966,0,0,0,0,0
2020-07-31,US,Missouri,Scott,342,13,0,37.05588075,-89.56474493,29201.0,893.4169278996865,3.801169590643275,329,330,13,0,317,313,38458,12,0,0,12,17
2020-07-31,US,Missouri,Shannon,43,1,0,37.15772072,-91.40190382,29203.0,526.573597844722,2.3255813953488373,42,43,1,0,42,41,8189,0,0,0,0,2
2020-07-31,US,Missouri,Shelby,14,0,0,39.79742518,-92.07634971,29205.0,236.0876897133221,0.0,14,11,0,0,11,11,6050,3,0,0,3,0
2020-07-31,US,Missouri,St. Charles,3432,87,0,38.77875681,-90.66662425,29183.0,853.6846242245447,2.534965034965035,3345,3288,87,0,3201,3111,399182,144,0,0,144,177
2020-07-31,US,Missouri,St. Clair,17,0,0,38.03699437,-93.77631447,29185.0,180.9088006810684,0.0,17,15,0,0,15,15,9395,2,0,0,2,0
2020-07-31,US,Missouri,St. Francois,285,2,0,37.81214171,-90.47598685,29187.0,424.0124972104441,0.7017543859649122,283,272,2,0,270,261,66692,13,0,0,13,11
2020-07-31,US,Missouri,St. Louis,12880,650,0,38.63770039999999,-90.4458375,29189.0,1295.507465764103,5.046583850931676,12230,12548,648,0,11900,12018,996945,332,2,0,330,530
2020-07-31,US,Missouri,St. Louis City,4491,169,0,38.63555736,-90.24349225,29510.0,1494.131267965506,3.763081718993543,4322,4411,169,0,4242,4236,302838,80,0,0,80,175
2020-07-31,US,Missouri,Ste. Genevieve,46,1,0,37.89090059,-90.1949941,29186.0,257.0694087403599,2.1739130434782608,45,45,1,0,44,43,17888,1,0,0,1,2
2020-07-31,US,Missouri,Stoddard,208,9,0,36.85571651,-89.9444155,29207.0,716.6236003445306,4.326923076923077,199,205,9,0,196,202,29206,3,0,0,3,3
2020-07-31,US,Missouri,Stone,80,1,0,36.75000327,-93.45256475,29209.0,250.37556334501755,1.25,79,79,1,0,78,71,31749,1,0,0,1,8
2020-07-31,US,Missouri,Sullivan,134,0,0,40.2099105,-93.11150106,29211.0,2200.6897684348824,0.0,134,132,0,0,132,130,6221,2,0,0,2,2
2020-07-31,US,Missouri,Taney,391,3,0,36.65465345,-93.04075153,29213.0,699.1131454727507,0.7672634271099744,388,374,3,0,371,304,55852,17,0,0,17,70
2020-07-31,US,Missouri,Texas,32,0,0,37.31728859,-91.96564727,29215.0,125.9941727695094,0.0,32,31,0,0,31,25,25571,1,0,0,1,6
2020-07-31,US,Missouri,Vernon,44,0,0,37.8457799,-94.34127305,29217.0,213.97655984049013,0.0,44,46,0,0,46,46,20528,-2,0,0,-2,0
2020-07-31,US,Missouri,Warren,153,0,0,38.76529479,-91.16124662,29219.0,429.1845493562232,0.0,153,144,0,0,144,136,34711,9,0,0,9,8
2020-07-31,US,Missouri,Washington,55,1,0,37.96130078,-90.87948158,29221.0,222.40194096239387,1.818181818181818,54,54,1,0,53,50,24943,1,0,0,1,4
2020-07-31,US,Missouri,Wayne,31,0,0,37.11303869,-90.46001416,29223.0,240.8141070457547,0.0,31,24,0,0,24,17,13122,7,0,0,7,7
2020-07-31,US,Missouri,Webster,111,1,0,37.2813734,-92.876329,29225.0,280.35966861992324,0.9009009009009008,110,107,1,0,106,103,39109,4,0,0,4,4
2020-07-31,US,Missouri,Worth,8,0,0,40.47945588,-94.42328751,29227.0,397.4167908594138,0.0,8,8,0,0,8,7,2040,0,0,0,0,1
2020-07-31,US,Missouri,Wright,56,0,0,37.27029221,-92.46914488,29229.0,306.1949805894253,0.0,56,54,0,0,54,55,18378,2,0,0,2,-1
2020-07-31,US,Montana,Beaverhead,45,0,0,45.13434354,-112.89846940000001,30001.0,476.0393525864805,0.0,45,33,0,0,33,32,9404,12,0,0,12,1
2020-07-31,US,Montana,Big Horn,312,9,0,45.42335905,-107.492347,30003.0,2342.518207072603,2.8846153846153846,303,301,6,0,295,271,13338,11,3,0,8,30
2020-07-31,US,Montana,Blaine,7,0,0,48.43175214,-108.9582723,30005.0,104.77473432120941,0.0,7,7,0,0,7,7,6807,0,0,0,0,0
2020-07-31,US,Montana,Broadwater,10,0,0,46.33277565,-111.49558130000001,30007.0,160.333493666827,0.0,10,10,0,0,10,10,6085,0,0,0,0,0
2020-07-31,US,Montana,Carbon,57,0,0,45.22850116,-109.0274047,30009.0,531.4685314685315,0.0,57,50,0,0,50,48,10714,7,0,0,7,2
2020-07-31,US,Montana,Cascade,136,2,0,47.30797024,-111.3467922,30013.0,167.14598235135068,1.4705882352941178,134,135,2,0,133,132,81643,1,0,0,1,3
2020-07-31,US,Montana,Chouteau,6,0,0,47.88084126,-110.4353362,30015.0,106.47737355811891,0.0,6,3,0,0,3,3,5745,3,0,0,3,0
2020-07-31,US,Montana,Custer,52,2,0,46.25319932,-105.57375259999998,30017.0,456.060340291177,3.8461538461538463,50,52,2,0,50,52,11586,0,0,0,0,0
2020-07-31,US,Montana,Daniels,2,0,0,48.78420029,-105.54763429999998,30019.0,118.3431952662722,0.0,2,2,0,0,2,2,1747,0,0,0,0,0
2020-07-31,US,Montana,Dawson,14,0,0,47.26584855,-104.89444170000002,30021.0,162.54499013119704,0.0,14,14,0,0,14,12,8680,0,0,0,0,2
2020-07-31,US,Montana,Deer Lodge,20,0,0,46.05953325,-113.073353,30023.0,218.81838074398246,0.0,20,20,0,0,20,18,9131,0,0,0,0,2
2020-07-31,US,Montana,Fallon,2,0,0,46.33478338,-104.41835649999999,30025.0,70.27406886858749,0.0,2,2,0,0,2,2,2920,0,0,0,0,0
2020-07-31,US,Montana,Fergus,6,0,0,47.26331584,-109.2245206,30027.0,54.29864253393665,0.0,6,6,0,0,6,5,11113,0,0,0,0,1
2020-07-31,US,Montana,Flathead,237,2,0,48.29575866,-114.05205690000001,30029.0,228.31050228310505,0.8438818565400844,235,220,2,0,218,213,102106,17,0,0,17,7
2020-07-31,US,Montana,Gallatin,849,2,0,45.54486106,-111.1692571,30031.0,741.9123687016098,0.23557126030624265,847,833,2,0,831,813,111876,16,0,0,16,20
2020-07-31,US,Montana,Garfield,12,0,0,47.27545948,-107.0002351,30033.0,953.8950715421304,0.0,12,12,0,0,12,12,1268,0,0,0,0,0
2020-07-31,US,Montana,Glacier,53,1,0,48.70513576,-112.9934235,30035.0,385.3704646258998,1.8867924528301887,52,52,1,0,51,52,13747,1,0,0,1,0
2020-07-31,US,Montana,Golden Valley,3,0,0,46.3816474,-109.17685220000001,30037.0,365.4080389768576,0.0,3,3,0,0,3,3,826,0,0,0,0,0
2020-07-31,US,Montana,Granite,6,0,0,46.40605220000001,-113.4414186,30039.0,177.56732761171943,0.0,6,6,0,0,6,6,3378,0,0,0,0,0
2020-07-31,US,Montana,Hill,40,0,0,48.62879827,-110.1129252,30041.0,242.6595486532395,0.0,40,43,0,0,43,43,16347,-3,0,0,-3,0
2020-07-31,US,Montana,Jefferson,22,0,0,46.14907081,-112.094396,30043.0,180.01800180018,0.0,22,21,0,0,21,20,12097,1,0,0,1,1
2020-07-31,US,Montana,Judith Basin,3,0,0,47.04581276,-110.26606880000001,30045.0,149.47683109118088,0.0,3,3,0,0,3,1,1952,0,0,0,0,2
2020-07-31,US,Montana,Lake,165,1,0,47.64514965,-114.0898013,30047.0,541.7295948519272,0.6060606060606061,164,160,1,0,159,160,30250,5,0,0,5,0
2020-07-31,US,Montana,Lewis and Clark,122,1,0,47.12610041,-112.39469799999999,30049.0,175.71148749855973,0.819672131147541,121,119,1,0,118,113,68700,3,0,0,3,6
2020-07-31,US,Montana,Liberty,1,0,0,48.56084317,-111.02430700000001,30051.0,42.78990158322636,0.0,1,1,0,0,1,1,2430,0,0,0,0,0
2020-07-31,US,Montana,Lincoln,68,2,0,48.54265777,-115.4046155,30053.0,340.3403403403404,2.9411764705882355,66,60,2,0,58,60,19794,8,0,0,8,0
2020-07-31,US,Montana,Madison,73,1,0,45.30080065,-111.9173017,30057.0,848.8372093023256,1.3698630136986298,72,69,1,0,68,68,8768,4,0,0,4,1
2020-07-31,US,Montana,McCone,1,0,0,47.64469406,-105.79449939999999,30055.0,60.09615384615386,0.0,1,1,0,0,1,1,1675,0,0,0,0,0
2020-07-31,US,Montana,Meagher,4,0,0,46.59907074,-110.8898557,30059.0,214.8227712137487,0.0,4,4,0,0,4,4,1866,0,0,0,0,0
2020-07-31,US,Montana,Missoula,247,1,0,47.03728583,-113.92135079999998,30063.0,206.5217391304348,0.4048582995951417,246,234,1,0,233,224,118791,13,0,0,13,10
2020-07-31,US,Montana,Musselshell,2,0,0,46.49684637,-108.39498,30065.0,43.16857327865314,0.0,2,2,0,0,2,2,4651,0,0,0,0,0
2020-07-31,US,Montana,Park,47,0,0,45.48965095,-110.52643940000002,30067.0,283.0302300373359,0.0,47,47,0,0,47,44,16736,0,0,0,0,3
2020-07-31,US,Montana,Pondera,9,0,0,48.22773388,-112.22527029999999,30073.0,152.25850109964472,0.0,9,9,0,0,9,9,5972,0,0,0,0,0
2020-07-31,US,Montana,Powder River,1,0,0,45.39617714,-105.636738,30075.0,59.453032104637344,0.0,1,1,0,0,1,1,1716,0,0,0,0,0
2020-07-31,US,Montana,Powell,2,0,0,46.85538891,-112.93591640000001,30077.0,29.027576197387518,0.0,2,2,0,0,2,1,6968,0,0,0,0,1
2020-07-31,US,Montana,Ravalli,65,1,0,46.08520862,-114.11891640000002,30081.0,148.38150025110716,1.5384615384615383,64,64,1,0,63,63,43172,1,0,0,1,1
2020-07-31,US,Montana,Richland,45,1,0,47.78668011,-104.5610786,30083.0,416.5509580672036,2.2222222222222223,44,45,0,0,45,45,10913,0,1,0,-1,0
2020-07-31,US,Montana,Roosevelt,17,0,0,48.29607488,-105.00792679999999,30085.0,154.4892766266812,0.0,17,17,0,0,17,14,11059,0,0,0,0,3
2020-07-31,US,Montana,Rosebud,22,1,0,46.23397237,-106.72928799999998,30087.0,246.16761776882626,4.545454545454546,21,20,1,0,19,20,9063,2,0,0,2,0
2020-07-31,US,Montana,Sanders,9,0,0,47.67657534,-115.1329916,30089.0,74.30033847931973,0.0,9,9,0,0,9,9,11844,0,0,0,0,0
2020-07-31,US,Montana,Sheridan,3,0,0,48.72085833,-104.50382900000001,30091.0,90.66183136899366,0.0,3,3,0,0,3,3,3424,0,0,0,0,0
2020-07-31,US,Montana,Silver Bow,61,0,0,45.90018933,-112.6620092,30093.0,174.71001002434483,0.0,61,51,0,0,51,47,34993,10,0,0,10,4
2020-07-31,US,Montana,Stillwater,18,0,0,45.67071407,-109.3950061,30095.0,186.6832607342875,0.0,18,18,0,0,18,17,9534,0,0,0,0,1
2020-07-31,US,Montana,Sweet Grass,4,1,0,45.81367654,-109.9425686,30097.0,107.03773080010704,25.0,3,4,1,0,3,4,3710,0,0,0,0,0
2020-07-31,US,Montana,Teton,15,0,0,47.83741052,-112.24106880000001,30099.0,244.0214738897023,0.0,15,15,0,0,15,15,6162,0,0,0,0,0
2020-07-31,US,Montana,Toole,31,6,0,48.65577551,-111.69424140000001,30101.0,654.5608108108107,19.354838709677423,25,31,6,0,25,31,4853,0,0,0,0,0
2020-07-31,US,Montana,Treasure,2,0,0,46.20973220000001,-107.26665159999999,30103.0,287.3563218390805,0.0,2,2,0,0,2,2,679,0,0,0,0,0
2020-07-31,US,Montana,Valley,11,0,0,48.36435097,-106.6669635,30105.0,148.72904272579774,0.0,11,11,0,0,11,8,7437,0,0,0,0,3
2020-07-31,US,Montana,Wheatland,3,0,0,46.46652491,-109.84646359999999,30107.0,141.11006585136406,0.0,3,3,0,0,3,2,2236,0,0,0,0,1
2020-07-31,US,Montana,Wibaux,1,0,0,46.95925154,-104.2510927,30109.0,103.19917440660471,0.0,1,1,0,0,1,1,1034,0,0,0,0,0
2020-07-31,US,Montana,Yellowstone,1022,26,0,45.93955949,-108.26914860000001,30111.0,633.6019838809673,2.5440313111545994,996,983,25,0,958,950,160137,39,1,0,38,33
2020-07-31,US,Nebraska,Adams,339,11,0,40.52449420000001,-98.50117804,31001.0,1080.8914963492014,3.2448377581120944,328,336,11,0,325,331,31511,3,0,0,3,5
2020-07-31,US,Nebraska,Antelope,18,1,0,42.17695516,-98.06662829999999,31003.0,285.8050174658622,5.5555555555555545,17,18,1,0,17,18,6336,0,0,0,0,0
2020-07-31,US,Nebraska,Banner,2,0,0,41.54634427,-103.7114332,31007.0,268.4563758389262,0.0,2,2,0,0,2,2,730,0,0,0,0,0
2020-07-31,US,Nebraska,Boone,7,0,0,41.70759415,-98.06737183,31011.0,134.82280431432974,0.0,7,7,0,0,7,7,5239,0,0,0,0,0
2020-07-31,US,Nebraska,Box Butte,10,0,0,42.22079243,-103.08788340000001,31013.0,92.73856997125105,0.0,10,10,0,0,10,10,10772,0,0,0,0,0
2020-07-31,US,Nebraska,Boyd,1,0,0,42.899727399999996,-98.76486568,31015.0,52.110474205315285,0.0,1,1,0,0,1,1,1955,0,0,0,0,0
2020-07-31,US,Nebraska,Buffalo,329,1,0,40.85486962,-99.07500296,31019.0,662.5183753196802,0.30395136778115506,328,319,1,0,318,305,49615,10,0,0,10,14
2020-07-31,US,Nebraska,Burt,19,0,0,41.85056773,-96.32605633,31021.0,294.1631831552872,0.0,19,18,0,0,18,16,6488,1,0,0,1,2
2020-07-31,US,Nebraska,Butler,56,0,0,41.22703692,-97.13106306,31023.0,698.6027944111778,0.0,56,54,0,0,54,53,8058,2,0,0,2,1
2020-07-31,US,Nebraska,Cass,154,1,0,40.90899107,-96.13971217,31025.0,586.7113684852179,0.6493506493506493,153,152,1,0,151,147,26159,2,0,0,2,5
2020-07-31,US,Nebraska,Cedar,21,0,0,42.598885100000004,-97.25311951,31027.0,249.94049035943826,0.0,21,21,0,0,21,21,8446,0,0,0,0,0
2020-07-31,US,Nebraska,Chase,6,0,0,40.523719799999995,-101.69780259999999,31029.0,152.9051987767584,0.0,6,4,0,0,4,4,3977,2,0,0,2,0
2020-07-31,US,Nebraska,Cherry,4,0,0,42.54502621,-101.1244332,31031.0,70.31112673580594,0.0,4,4,0,0,4,4,5761,0,0,0,0,0
2020-07-31,US,Nebraska,Cheyenne,26,0,0,41.21999357,-102.9941693,31033.0,291.8069584736251,0.0,26,25,0,0,25,24,9310,1,0,0,1,1
2020-07-31,US,Nebraska,Clay,47,0,0,40.52439441,-98.05126296,31035.0,757.6978881186521,0.0,47,46,0,0,46,45,6214,1,0,0,1,1
2020-07-31,US,Nebraska,Colfax,692,4,0,41.57486951,-97.0868542,31037.0,6461.854514894015,0.5780346820809249,688,692,4,0,688,690,10881,0,0,0,0,2
2020-07-31,US,Nebraska,Cuming,57,0,0,41.91637624,-96.78730772,31039.0,644.359032330997,0.0,57,52,0,0,52,49,8940,5,0,0,5,3
2020-07-31,US,Nebraska,Custer,43,4,0,41.39374521,-99.72805369,31041.0,398.9978658253688,9.30232558139535,39,43,4,0,39,43,10840,0,0,0,0,0
2020-07-31,US,Nebraska,Dakota,1901,41,0,42.39040144,-96.56656425,31043.0,9492.659542594627,2.156759600210416,1860,1896,41,0,1855,1892,20083,5,0,0,5,4
2020-07-31,US,Nebraska,Dawes,8,0,0,42.71985036,-103.1313774,31045.0,93.1423914309,0.0,8,5,0,0,5,4,8716,3,0,0,3,1
2020-07-31,US,Nebraska,Dawson,942,9,0,40.87028216,-99.82014609999999,31047.0,3992.3712650985376,0.9554140127388536,933,939,9,0,930,927,23709,3,0,0,3,12
2020-07-31,US,Nebraska,Deuel,1,0,0,41.11168186,-102.33333309999999,31049.0,55.74136008918617,0.0,1,1,0,0,1,1,1825,0,0,0,0,0
2020-07-31,US,Nebraska,Dixon,56,2,0,42.49188363,-96.86782408,31051.0,993.61249112846,3.571428571428572,54,56,2,0,54,56,5709,0,0,0,0,0
2020-07-31,US,Nebraska,Dodge,755,8,0,41.58071748,-96.65598179,31053.0,2064.81608095173,1.0596026490066226,747,750,8,0,742,750,36791,5,0,0,5,0
2020-07-31,US,Nebraska,Douglas,10241,131,0,41.29518299,-96.15085305,31055.0,1792.4936157401978,1.2791719558636852,10110,10050,127,0,9923,9894,566880,191,4,0,187,156
2020-07-31,US,Nebraska,Dundy,1,0,0,40.17638677,-101.6876522,31057.0,59.06674542232722,0.0,1,1,0,0,1,1,1770,0,0,0,0,0
2020-07-31,US,Nebraska,Fillmore,22,1,0,40.52458567,-97.59646937,31059.0,402.7828634199927,4.545454545454546,21,22,1,0,21,22,5527,0,0,0,0,0
2020-07-31,US,Nebraska,Franklin,9,0,0,40.17636348,-98.95299073,31061.0,302.1148036253776,0.0,9,9,0,0,9,9,3023,0,0,0,0,0
2020-07-31,US,Nebraska,Frontier,3,0,0,40.52993007,-100.3924658,31063.0,114.19870574800152,0.0,3,3,0,0,3,3,2608,0,0,0,0,0
2020-07-31,US,Nebraska,Furnas,15,1,0,40.17642064,-99.91247454,31065.0,320.786997433704,6.666666666666668,14,15,1,0,14,14,4715,0,0,0,0,1
2020-07-31,US,Nebraska,Gage,81,4,0,40.26186809,-96.68946704,31067.0,376.5165248919258,4.938271604938271,77,78,4,0,74,77,21493,3,0,0,3,1
2020-07-31,US,Nebraska,Garden,4,0,0,41.61703149,-102.3313973,31069.0,217.74632553075668,0.0,4,4,0,0,4,4,1897,0,0,0,0,0
2020-07-31,US,Nebraska,Garfield,3,0,0,41.91428955,-98.99111827,31071.0,152.36160487557137,0.0,3,3,0,0,3,3,1987,0,0,0,0,0
2020-07-31,US,Nebraska,Gosper,15,0,0,40.51481965,-99.83020279,31073.0,753.7688442211055,0.0,15,15,0,0,15,14,1996,0,0,0,0,1
2020-07-31,US,Nebraska,Greeley,8,0,0,41.56742671,-98.52150266,31077.0,339.55857385398986,0.0,8,8,0,0,8,8,2356,0,0,0,0,0
2020-07-31,US,Nebraska,Hall,1708,45,0,40.87257079,-98.50218293,31079.0,2783.8899483317855,2.6346604215456675,1663,1701,46,0,1655,1696,61607,7,-1,0,8,5
2020-07-31,US,Nebraska,Hamilton,96,12,0,40.87349452,-98.02099117,31081.0,1029.6010296010297,12.5,84,92,12,0,80,90,9280,4,0,0,4,2
2020-07-31,US,Nebraska,Harlan,1,0,0,40.17658508,-99.40438879,31083.0,29.58579881656805,0.0,1,1,0,0,1,1,3401,0,0,0,0,0
2020-07-31,US,Nebraska,Hitchcock,1,0,0,40.17609175,-101.04164770000001,31087.0,36.205648081100655,0.0,1,1,0,0,1,1,2806,0,0,0,0,0
2020-07-31,US,Nebraska,Holt,7,0,0,42.45522056,-98.78402558,31089.0,69.53412138670905,0.0,7,7,0,0,7,6,10178,0,0,0,0,1
2020-07-31,US,Nebraska,Hooker,4,0,0,41.91586243,-101.1354293,31091.0,586.5102639296188,0.0,4,4,0,0,4,4,682,0,0,0,0,0
2020-07-31,US,Nebraska,Howard,55,4,0,41.2200529,-98.5166499,31093.0,853.3747090768037,7.272727272727272,51,55,4,0,51,53,6468,0,0,0,0,2
2020-07-31,US,Nebraska,Jefferson,14,0,0,40.17584531,-97.142601,31095.0,198.69429463525398,0.0,14,14,0,0,14,12,7097,0,0,0,0,2
2020-07-31,US,Nebraska,Johnson,11,0,0,40.39257596,-96.26522753,31097.0,216.9197396963124,0.0,11,12,0,0,12,11,5134,-1,0,0,-1,1
2020-07-31,US,Nebraska,Kearney,28,0,0,40.50663314,-98.94877182,31099.0,431.1008468052348,0.0,28,25,0,0,25,23,6544,3,0,0,3,2
2020-07-31,US,Nebraska,Keith,18,0,0,41.19930341,-101.66201640000001,31101.0,224.04779686333083,0.0,18,18,0,0,18,18,8021,0,0,0,0,0
2020-07-31,US,Nebraska,Kimball,15,0,0,41.19774275,-103.7148131,31105.0,412.9955947136564,0.0,15,15,0,0,15,15,3618,0,0,0,0,0
2020-07-31,US,Nebraska,Knox,30,0,0,42.63758421,-97.89178836,31107.0,360.0576092174748,0.0,30,29,0,0,29,28,8419,1,0,0,1,1
2020-07-31,US,Nebraska,Lancaster,3028,15,0,40.78416049,-96.68777155,31109.0,948.9485725030555,0.4953764861294584,3013,2967,14,0,2953,2923,317272,61,1,0,60,44
2020-07-31,US,Nebraska,Lincoln,95,2,0,41.04658298,-100.74753740000001,31111.0,272.0971530045254,2.1052631578947367,93,88,2,0,86,83,35185,7,0,0,7,5
2020-07-31,US,Nebraska,Madison,414,5,0,41.91676024,-97.6005481,31119.0,1179.5207840679222,1.207729468599034,409,407,5,0,402,404,35392,7,0,0,7,3
2020-07-31,US,Nebraska,McPherson,4,0,0,41.56797682,-101.05993620000001,31117.0,809.7165991902832,0.0,4,4,0,0,4,4,492,0,0,0,0,0
2020-07-31,US,Nebraska,Merrick,47,0,0,41.16624273,-98.0374887,31121.0,606.060606060606,0.0,47,46,0,0,46,46,7733,1,0,0,1,0
2020-07-31,US,Nebraska,Morrill,58,0,0,41.71711774,-103.0061405,31123.0,1249.4614390348986,0.0,58,58,0,0,58,58,4686,0,0,0,0,0
2020-07-31,US,Nebraska,Nance,8,0,0,41.39750195,-97.99327291,31125.0,227.33731173628868,0.0,8,8,0,0,8,8,3532,0,0,0,0,0
2020-07-31,US,Nebraska,Nemaha,19,0,0,40.38514847,-95.85433992,31127.0,272.5186460126219,0.0,19,16,0,0,16,15,6958,3,0,0,3,1
2020-07-31,US,Nebraska,Nuckolls,5,0,0,40.17637905,-98.04743961,31129.0,120.54001928640308,0.0,5,5,0,0,5,5,4195,0,0,0,0,0
2020-07-31,US,Nebraska,Otoe,42,0,0,40.64843556,-96.13374142,31131.0,262.3032725455908,0.0,42,40,0,0,40,39,15985,2,0,0,2,1
2020-07-31,US,Nebraska,Pawnee,7,0,0,40.13141096,-96.23705437,31133.0,267.8913126674321,0.0,7,6,0,0,6,6,2632,1,0,0,1,0
2020-07-31,US,Nebraska,Perkins,15,1,0,40.85082525,-101.6502942,31135.0,518.8516084399862,6.666666666666668,14,12,1,0,11,11,2929,3,0,0,3,1
2020-07-31,US,Nebraska,Phelps,34,0,0,40.51156033,-99.41461667,31137.0,376.3559884879345,0.0,34,33,0,0,33,33,8996,1,0,0,1,0
2020-07-31,US,Nebraska,Pierce,17,0,0,42.26434853,-97.60122773,31139.0,237.82876329043086,0.0,17,18,0,0,18,17,7142,-1,0,0,-1,1
2020-07-31,US,Nebraska,Platte,766,3,0,41.57246836,-97.52144359,31141.0,2288.616671646251,0.391644908616188,763,754,3,0,751,749,33363,12,0,0,12,5
2020-07-31,US,Nebraska,Polk,24,0,0,41.18813488,-97.56630712,31143.0,460.3874928064455,0.0,24,22,0,0,22,23,5278,2,0,0,2,-1
2020-07-31,US,Nebraska,Red Willow,15,0,0,40.17556879999999,-100.476998,31145.0,139.87318164863856,0.0,15,14,0,0,14,13,10726,1,0,0,1,1
2020-07-31,US,Nebraska,Richardson,20,1,0,40.1247415,-95.71755036,31147.0,254.29116338207248,5.0,19,18,1,0,17,18,7937,2,0,0,2,0
2020-07-31,US,Nebraska,Rock,2,0,0,42.42252217,-99.44832069,31149.0,147.38393515106853,0.0,2,2,0,0,2,2,1360,0,0,0,0,0
2020-07-31,US,Nebraska,Saline,581,2,0,40.52418865,-97.14085859,31151.0,4084.645669291337,0.3442340791738382,579,578,2,0,576,576,14350,3,0,0,3,2
2020-07-31,US,Nebraska,Sarpy,1978,9,0,41.11314181,-96.11156432,31153.0,1056.646509540802,0.45500505561172905,1969,1918,9,0,1909,1880,184459,60,0,0,60,38
2020-07-31,US,Nebraska,Saunders,128,2,0,41.227810299999994,-96.63773905,31155.0,593.1967744925388,1.5625,126,123,2,0,121,122,21303,5,0,0,5,1
2020-07-31,US,Nebraska,Scotts Bluff,284,6,0,41.85070896,-103.70809859999999,31157.0,797.3496546689876,2.112676056338028,278,278,6,0,272,273,35989,6,0,0,6,5
2020-07-31,US,Nebraska,Seward,94,1,0,40.87241834,-97.139673,31159.0,543.8555889840313,1.0638297872340423,93,77,1,0,76,70,17318,17,0,0,17,7
2020-07-31,US,Nebraska,Sheridan,9,0,0,42.50284406,-102.4126613,31161.0,171.55928326343883,0.0,9,9,0,0,9,9,5190,0,0,0,0,0
2020-07-31,US,Nebraska,Sherman,7,0,0,41.22045983,-98.97588642,31163.0,233.2555814728424,0.0,7,7,0,0,7,6,3038,0,0,0,0,1
2020-07-31,US,Nebraska,Sioux,5,0,0,42.48932059,-103.7576544,31165.0,428.8164665523156,0.0,5,5,0,0,5,5,1187,0,0,0,0,0
2020-07-31,US,Nebraska,Stanton,26,0,0,41.9169835,-97.19394708,31167.0,439.1891891891892,0.0,26,26,0,0,26,26,5970,0,0,0,0,0
2020-07-31,US,Nebraska,Thayer,25,0,0,40.17626377,-97.59504381,31169.0,499.7001798920648,0.0,25,25,0,0,25,25,5039,0,0,0,0,0
2020-07-31,US,Nebraska,Thomas,1,0,0,41.91358968,-100.5556632,31171.0,138.50415512465375,0.0,1,1,0,0,1,1,720,0,0,0,0,0
2020-07-31,US,Nebraska,Thurston,200,4,0,42.15725356,-96.54157099,31173.0,2768.549280177187,2.0,196,198,4,0,194,199,7303,2,0,0,2,-1
2020-07-31,US,Nebraska,Unassigned,145,0,0,0.0,0.0,90031.0,0.0,0.0,145,149,0,0,149,149,,-4,0,0,-4,0
2020-07-31,US,Nebraska,Valley,10,0,0,41.56730777,-98.98197724,31175.0,240.50024050024047,0.0,10,9,0,0,9,9,4190,1,0,0,1,0
2020-07-31,US,Nebraska,Washington,101,1,0,41.52815707,-96.22019892,31177.0,487.2400984128517,0.99009900990099,100,99,1,0,98,95,20667,2,0,0,2,4
2020-07-31,US,Nebraska,Wayne,35,0,0,42.20934475,-97.11926964,31179.0,372.9355354288759,0.0,35,35,0,0,35,35,9403,0,0,0,0,0
2020-07-31,US,Nebraska,Webster,9,0,0,40.17642643,-98.50019851,31181.0,258.1015199311729,0.0,9,9,0,0,9,10,3533,0,0,0,0,-1
2020-07-31,US,Nebraska,York,69,0,0,40.87272618,-97.59710186,31185.0,504.42283792674897,0.0,69,67,0,0,67,66,13772,2,0,0,2,1
2020-07-31,US,Nevada,Carson City,305,7,0,39.15509045,-119.7480219,32510.0,545.461048715931,2.295081967213114,298,302,7,0,295,300,55414,3,0,0,3,2
2020-07-31,US,Nevada,Churchill,44,1,0,39.58105744,-118.3394607,32001.0,176.64298044883373,2.272727272727273,43,44,1,0,43,43,24440,0,0,0,0,1
2020-07-31,US,Nevada,Clark,41245,687,0,36.21458855,-115.0130241,32003.0,1819.5935527845365,1.6656564432052368,40558,40193,664,0,39529,39345,2231647,1052,23,0,1029,848
2020-07-31,US,Nevada,Douglas,162,0,0,38.912862,-119.61713329999999,32005.0,331.2544729577753,0.0,162,158,0,0,158,149,48467,4,0,0,4,9
2020-07-31,US,Nevada,Elko,461,2,0,41.14531606,-115.3577619,32007.0,873.4700064420781,0.4338394793926248,459,443,2,0,441,426,52460,18,0,0,18,17
2020-07-31,US,Nevada,Eureka,2,0,0,39.98100864,-116.26832040000001,32011.0,98.57072449482504,0.0,2,2,0,0,2,2,2003,0,0,0,0,0
2020-07-31,US,Nevada,Humboldt,96,4,0,41.40692186,-118.11094270000001,32013.0,570.3760917354881,4.166666666666667,92,95,4,0,91,95,16786,1,0,0,1,0
2020-07-31,US,Nevada,Lander,49,1,0,39.933223299999995,-117.03970749999999,32015.0,885.7556037599421,2.0408163265306123,48,49,1,0,48,49,5575,0,0,0,0,0
2020-07-31,US,Nevada,Lincoln,3,0,0,37.64268459,-114.8790388,32017.0,57.88153579008296,0.0,3,3,0,0,3,3,5201,0,0,0,0,0
2020-07-31,US,Nevada,Lyon,194,5,0,39.01777974,-119.18704790000001,32019.0,337.3326378021214,2.5773195876288657,189,188,3,0,185,183,55808,6,2,0,4,5
2020-07-31,US,Nevada,Mineral,11,0,0,38.53841696,-118.4344506,32021.0,244.173140954495,0.0,11,11,0,0,11,11,4514,0,0,0,0,0
2020-07-31,US,Nevada,Nye,342,9,0,38.04264256,-116.47227020000001,32023.0,735.1202630956731,2.631578947368421,333,343,7,0,336,311,45346,-1,2,0,-3,32
2020-07-31,US,Nevada,Pershing,13,0,0,40.44003782,-118.40056409999998,32027.0,193.3085501858736,0.0,13,13,0,0,13,13,6666,0,0,0,0,0
2020-07-31,US,Nevada,Storey,4,0,0,39.44875482,-119.5250207,32029.0,97.01673538685421,0.0,4,4,0,0,4,4,4029,0,0,0,0,0
2020-07-31,US,Nevada,Washoe,5144,113,0,40.66562265,-119.6631594,32031.0,1090.9422525921543,2.1967340590979783,5031,4965,111,0,4854,4861,465735,179,2,0,177,104
2020-07-31,US,Nevada,White Pine,13,1,0,39.44157041,-114.89996599999999,32033.0,135.69937369519832,7.6923076923076925,12,11,1,0,10,11,9475,2,0,0,2,0
2020-07-31,US,New Hampshire,Belknap,104,4,0,43.51637314,-71.41684235,33001.0,169.64911994519028,3.8461538461538463,100,104,4,0,100,102,61022,0,0,0,0,2
2020-07-31,US,New Hampshire,Carroll,86,1,0,43.87498583,-71.20430216,33003.0,175.83316295236145,1.162790697674419,85,86,1,0,85,84,48779,0,0,0,0,2
2020-07-31,US,New Hampshire,Cheshire,85,2,0,42.92015988,-72.25311043,33005.0,111.71715844121708,2.3529411764705883,83,85,2,0,83,85,76493,0,0,0,0,0
2020-07-31,US,New Hampshire,Coos,16,0,0,44.69063265,-71.30633239,33007.0,50.69226626112854,0.0,16,16,0,0,16,16,31589,0,0,0,0,0
2020-07-31,US,New Hampshire,Grafton,103,1,0,43.93779815,-71.82057197,33009.0,114.58959126004049,0.9708737864077671,102,103,1,0,102,103,89786,0,0,0,0,0
2020-07-31,US,New Hampshire,Hillsborough,3743,277,0,42.91537785,-71.7200253,33011.0,897.5481086265811,7.400480897675661,3466,3717,277,0,3440,3701,415247,26,0,0,26,16
2020-07-31,US,New Hampshire,Merrimack,457,21,0,43.29662971,-71.6811573,33013.0,301.86735010667735,4.595185995623632,436,456,21,0,435,452,151132,1,0,0,1,4
2020-07-31,US,New Hampshire,Rockingham,1624,95,0,42.98499744,-71.12883377,33015.0,524.2616272125358,5.849753694581281,1529,1613,95,0,1518,1609,309176,11,0,0,11,4
2020-07-31,US,New Hampshire,Strafford,325,13,0,43.291833000000004,-71.02336013,33017.0,248.78859093797126,4.0,312,323,13,0,310,323,130090,2,0,0,2,0
2020-07-31,US,New Hampshire,Sullivan,39,1,0,43.36094111,-72.22203125,33019.0,90.39076623557224,2.5641025641025643,38,38,1,0,37,38,43144,1,0,0,1,0
2020-07-31,US,New Hampshire,Unassigned,1,0,0,0.0,0.0,90033.0,0.0,0.0,1,3,0,0,3,,,-2,0,0,-2,
2020-07-31,US,New Jersey,Atlantic,3364,250,0,39.47538693,-74.65848483,34001.0,1275.8372207683847,7.431629013079668,3114,3331,250,0,3081,3323,265429,33,0,0,33,8
2020-07-31,US,New Jersey,Bergen,20472,2040,0,40.96010917,-74.07164325,34003.0,2196.090546898633,9.964830011723327,18432,20412,2040,0,18372,20391,936692,60,0,0,60,21
2020-07-31,US,New Jersey,Burlington,5781,469,0,39.87681124,-74.66927768,34005.0,1298.0830764187187,8.112783255492129,5312,5732,469,0,5263,5721,445384,49,0,0,49,11
2020-07-31,US,New Jersey,Camden,8301,573,0,39.80343818,-74.96388753,34007.0,1638.988214527584,6.902782797253343,7728,8240,571,0,7669,8225,507078,61,2,0,59,15
2020-07-31,US,New Jersey,Cape May,806,86,0,39.15008829,-74.80170244,34009.0,875.7157292017514,10.669975186104221,720,803,86,0,717,802,92560,3,0,0,3,1
2020-07-31,US,New Jersey,Cumberland,3215,157,0,39.37199394,-75.10712559,34011.0,2150.1133574538376,4.883359253499222,3058,3184,157,0,3027,3178,150972,31,0,0,31,6
2020-07-31,US,New Jersey,Essex,19488,2102,0,40.78681335,-74.24657979,34013.0,2439.1251290716227,10.786124794745483,17386,19441,2100,0,17341,19428,799767,47,2,0,45,13
2020-07-31,US,New Jersey,Gloucester,3059,207,0,39.71581067,-75.13995546,34015.0,1048.910285424296,6.7669172932330826,2852,3031,206,0,2825,3017,291408,28,1,0,27,14
2020-07-31,US,New Jersey,Hudson,19478,1500,0,40.73766234,-74.07515667,34017.0,2896.826400115409,7.700995995482082,17978,19434,1499,0,17935,19430,676061,44,1,0,43,4
2020-07-31,US,New Jersey,Hunterdon,1130,126,0,40.56335249,-74.91284156,34019.0,908.5719339717458,11.150442477876108,1004,1125,126,0,999,1125,124714,5,0,0,5,0
2020-07-31,US,New Jersey,Mercer,8020,614,0,40.28047017,-74.70479631,34021.0,2182.7286830144517,7.655860349127183,7406,8000,612,0,7388,7984,369811,20,2,0,18,16
2020-07-31,US,New Jersey,Middlesex,17673,1404,0,40.43629879,-74.41426991,34023.0,2142.0208420700505,7.944321846885079,16269,17626,1403,0,16223,17615,829685,47,1,0,46,11
2020-07-31,US,New Jersey,Monmouth,10057,858,0,40.26549699,-74.22240686,34025.0,1625.2555369710485,8.531371184249776,9199,10004,858,0,9146,9985,621354,53,0,0,53,19
2020-07-31,US,New Jersey,Morris,7136,828,0,40.86095313,-74.54553709999998,34027.0,1450.863585072533,11.603139013452914,6308,7109,828,0,6281,7102,494228,27,0,0,27,7
2020-07-31,US,New Jersey,Ocean,10414,1014,0,39.8895449,-74.28089251,34029.0,1715.1251840457455,9.736892644516995,9400,10356,1014,0,9342,10330,601651,58,0,0,58,26
2020-07-31,US,New Jersey,Passaic,17429,1242,0,41.03238628,-74.29954144,34031.0,3473.116179711693,7.126054277353837,16187,17384,1242,0,16142,17370,503310,45,0,0,45,14
2020-07-31,US,New Jersey,Salem,865,83,0,39.58719656,-75.34696629999998,34033.0,1386.5512543079267,9.595375722543352,782,867,83,0,784,866,62607,-2,0,0,-2,1
2020-07-31,US,New Jersey,Somerset,5177,554,0,40.56465737,-74.61683016,34035.0,1573.871962156542,10.701178288584122,4623,5170,554,0,4616,5163,331164,7,0,0,7,7
2020-07-31,US,New Jersey,Sussex,1295,195,0,41.13891592,-74.69118243,34037.0,921.7869141848413,15.057915057915055,1100,1293,195,0,1098,1290,140799,2,0,0,2,3
2020-07-31,US,New Jersey,Unassigned,648,0,0,0.0,0.0,90034.0,0.0,0.0,648,646,0,0,646,489,,2,0,0,2,157
2020-07-31,US,New Jersey,Union,16523,1347,0,40.65835409,-74.30680092,34039.0,2969.9410972766705,8.152272589723419,15176,16456,1346,0,15110,16439,558067,67,1,0,66,17
2020-07-31,US,New Jersey,Warren,1329,170,0,40.85951833,-74.99556527,34041.0,1262.503918606971,12.791572610985705,1159,1326,170,0,1156,1327,105779,3,0,0,3,-1
2020-07-31,US,New Mexico,Bernalillo,4735,120,0,35.05163625,-106.6703554,35001.0,697.2247949923503,2.5343189017951424,4615,4688,117,0,4571,4627,678701,47,3,0,44,61
2020-07-31,US,New Mexico,Catron,4,1,0,33.91514144,-108.4046587,35003.0,113.41083073433514,25.0,3,4,1,0,3,4,3578,0,0,0,0,0
2020-07-31,US,New Mexico,Chaves,334,5,0,33.36406072,-104.4665365,35005.0,516.9078387371353,1.497005988023952,329,317,5,0,312,300,64689,17,0,0,17,17
2020-07-31,US,New Mexico,Cibola,331,17,0,34.91131525,-107.998876,35006.0,1240.8622305529525,5.135951661631419,314,318,17,0,301,306,26746,13,0,0,13,12
2020-07-31,US,New Mexico,Colfax,13,1,0,36.60569702,-104.64726740000002,35007.0,108.8686039695168,7.6923076923076925,12,13,1,0,12,13,12110,0,0,0,0,0
2020-07-31,US,New Mexico,Curry,453,2,0,34.57421077,-103.34688759999999,35009.0,925.358499816154,0.44150110375275936,451,431,2,0,429,426,49437,22,0,0,22,5
2020-07-31,US,New Mexico,Dona Ana,2171,21,0,32.35275771,-106.83293870000001,35013.0,994.9815531978276,0.9672961768770152,2150,2139,19,0,2120,2118,217522,32,2,0,30,21
2020-07-31,US,New Mexico,Eddy,242,3,0,32.47167456,-104.3053527,35015.0,413.9582620595279,1.2396694214876034,239,239,3,0,236,236,57900,3,0,0,3,3
2020-07-31,US,New Mexico,Grant,66,2,0,32.73911281,-108.3827845,35017.0,244.46255278168755,3.0303030303030303,64,66,2,0,64,65,27346,0,0,0,0,1
2020-07-31,US,New Mexico,Guadalupe,31,0,0,34.86319296,-104.790669,35019.0,720.9302325581398,0.0,31,31,0,0,31,31,4341,0,0,0,0,0
2020-07-31,US,New Mexico,Harding,1,0,0,35.85751555,-103.82209379999999,35021.0,160.0,0.0,1,1,0,0,1,1,655,0,0,0,0,0
2020-07-31,US,New Mexico,Hidalgo,85,0,0,31.91383467,-108.7151824,35023.0,2024.7737017627442,0.0,85,85,0,0,85,85,4240,0,0,0,0,0
2020-07-31,US,New Mexico,Lea,605,3,0,32.79215361,-103.4123733,35025.0,851.2733924299986,0.4958677685950413,602,596,3,0,593,581,69611,9,0,0,9,15
2020-07-31,US,New Mexico,Lincoln,97,1,0,33.74526079,-105.4586166,35027.0,495.605967708972,1.0309278350515465,96,91,1,0,90,88,19556,6,0,0,6,3
2020-07-31,US,New Mexico,Los Alamos,20,0,0,35.86631386,-106.31349850000001,35028.0,103.2577830553978,0.0,20,18,0,0,18,17,19101,2,0,0,2,1
2020-07-31,US,New Mexico,Luna,223,3,0,32.18179341,-107.75088259999998,35029.0,940.571091146822,1.345291479820628,220,220,3,0,217,218,23963,3,0,0,3,2
2020-07-31,US,New Mexico,McKinley,3988,219,0,35.58007720000001,-108.262245,35031.0,5588.0168705424085,5.49147442326981,3769,3977,219,0,3758,3942,72290,11,0,0,11,35
2020-07-31,US,New Mexico,Mora,6,0,0,36.01095101,-104.9497716,35033.0,132.71400132713998,0.0,6,6,0,0,6,6,4506,0,0,0,0,0
2020-07-31,US,New Mexico,Otero,182,10,0,32.61348406,-105.7417604,35035.0,269.66958067861907,5.494505494505495,172,178,10,0,168,176,66781,4,0,0,4,2
2020-07-31,US,New Mexico,Quay,31,1,0,35.10403332,-103.54817270000001,35037.0,375.6209863080092,3.2258064516129035,30,31,1,0,30,31,8253,0,0,0,0,0
2020-07-31,US,New Mexico,Rio Arriba,293,4,0,36.51072137,-106.69316740000001,35039.0,752.806967960741,1.3651877133105803,289,292,4,0,288,285,39006,1,0,0,1,7
2020-07-31,US,New Mexico,Roosevelt,139,1,0,34.02097406,-103.4799493,35041.0,751.3513513513514,0.7194244604316546,138,134,1,0,133,131,18743,5,0,0,5,3
2020-07-31,US,New Mexico,San Juan,2994,180,0,36.50838318,-108.32043700000001,35045.0,2415.3342261088433,6.012024048096192,2814,2986,179,0,2807,2964,125043,8,1,0,7,22
2020-07-31,US,New Mexico,San Miguel,41,0,0,35.48014807,-104.8163562,35047.0,150.30978480038127,0.0,41,41,0,0,41,40,27591,0,0,0,0,1
2020-07-31,US,New Mexico,Sandoval,1070,33,0,35.68862401,-106.86878030000001,35043.0,729.1411126557091,3.0841121495327104,1037,1063,33,0,1030,1049,145179,7,0,0,7,14
2020-07-31,US,New Mexico,Santa Fe,561,3,0,35.50708973,-105.9774716,35049.0,373.10951196477737,0.5347593582887701,558,550,3,0,547,535,150056,11,0,0,11,15
2020-07-31,US,New Mexico,Sierra,28,0,0,33.13028233,-107.1925893,35051.0,259.475488833287,0.0,28,28,0,0,28,28,10968,0,0,0,0,0
2020-07-31,US,New Mexico,Socorro,73,6,0,34.00715494,-106.9298354,35053.0,438.78103023381624,8.219178082191782,67,73,5,0,68,71,16735,0,1,0,-1,2
2020-07-31,US,New Mexico,Taos,94,1,0,36.58006022,-105.63101979999999,35055.0,287.25972557528337,1.0638297872340423,93,91,1,0,90,89,32835,3,0,0,3,2
2020-07-31,US,New Mexico,Torrance,59,1,0,34.64048375,-105.8508949,35057.0,381.6053295388397,1.6949152542372878,58,59,1,0,58,59,15591,0,0,0,0,0
2020-07-31,US,New Mexico,Unassigned,1251,0,0,0.0,0.0,90035.0,0.0,0.0,1251,1251,0,0,1251,1248,,0,0,0,0,3
2020-07-31,US,New Mexico,Union,25,0,0,36.48126404,-103.4709624,35059.0,615.9152500615917,0.0,25,25,0,0,25,24,4118,0,0,0,0,1
2020-07-31,US,New Mexico,Valencia,354,4,0,34.71669834,-106.8103733,35061.0,461.61068224494056,1.1299435028248588,350,346,4,0,342,342,76456,8,0,0,8,4
2020-07-31,US,New York,Albany,2503,126,0,42.60060306,-73.97723916,36001.0,819.296511361479,5.033959248901319,2377,2493,126,0,2367,2480,307117,10,0,0,10,13
2020-07-31,US,New York,Allegany,74,1,0,42.25748406,-78.02750466,36003.0,160.55195157406,1.351351351351351,73,74,1,0,73,74,46430,0,0,0,0,0
2020-07-31,US,New York,Broome,1037,64,0,42.15903158,-75.81326086,36007.0,544.3912477426402,6.171648987463838,973,1029,64,0,965,1015,191659,8,0,0,8,14
2020-07-31,US,New York,Cattaraugus,158,6,0,42.24778241,-78.67923096,36009.0,207.57518031451585,3.79746835443038,152,157,6,0,151,157,76840,1,0,0,1,0
2020-07-31,US,New York,Cayuga,143,2,0,42.91261714,-76.55731592,36011.0,186.74258253238614,1.3986013986013983,141,141,2,0,139,141,77145,2,0,0,2,0
2020-07-31,US,New York,Chautauqua,228,9,0,42.22769210000001,-79.36691763,36013.0,179.66478333845538,3.947368421052632,219,224,9,0,215,223,127939,4,0,0,4,1
2020-07-31,US,New York,Chemung,163,3,0,42.13891056,-76.7638805,36015.0,195.3125,1.8404907975460123,160,162,3,0,159,161,84254,1,0,0,1,1
2020-07-31,US,New York,Chenango,207,6,0,42.49430041,-75.60887553,36017.0,438.49429110089613,2.898550724637681,201,206,6,0,200,205,47536,1,0,0,1,1
2020-07-31,US,New York,Clinton,126,4,0,44.74530905,-73.67875352,36019.0,156.55091010747344,3.1746031746031744,122,125,4,0,121,123,80695,1,0,0,1,2
2020-07-31,US,New York,Columbia,516,37,0,42.24819348,-73.63089095,36021.0,867.7956980205513,7.170542635658915,479,513,37,0,476,510,59916,3,0,0,3,3
2020-07-31,US,New York,Cortland,91,0,0,42.59509207,-76.07048931,36023.0,191.25281099598573,0.0,91,90,0,0,90,90,47823,1,0,0,1,0
2020-07-31,US,New York,Delaware,102,4,0,42.19837623,-74.96709306,36025.0,231.10909708847853,3.92156862745098,98,101,4,0,97,101,44527,1,0,0,1,0
2020-07-31,US,New York,Dutchess,4490,153,0,41.76486060000001,-73.74356679,36027.0,1526.0793017422454,3.4075723830734965,4337,4468,153,0,4315,4453,293718,22,0,0,22,15
2020-07-31,US,New York,Erie,8492,669,0,42.76249024,-78.73063652,36029.0,924.347612174568,7.8780028261893555,7823,8434,669,0,7765,8410,919719,58,0,0,58,24
2020-07-31,US,New York,Essex,55,0,0,44.11630765,-73.77297842,36031.0,149.1121051918124,0.0,55,55,0,0,55,55,37300,0,0,0,0,0
2020-07-31,US,New York,Franklin,50,0,0,44.59040891,-74.29926032,36033.0,99.95601935148537,0.0,50,48,0,0,48,48,50293,2,0,0,2,0
2020-07-31,US,New York,Fulton,275,24,0,43.11363907,-74.41798804,36035.0,515.1452709664127,8.727272727272727,251,275,24,0,251,270,53591,0,0,0,0,5
2020-07-31,US,New York,Genesee,270,5,0,43.0022601,-78.19135193,36037.0,471.3687150837989,1.851851851851852,265,270,5,0,265,267,57511,0,0,0,0,3
2020-07-31,US,New York,Greene,289,18,0,42.275797,-74.12384884,36039.0,612.443841654658,6.228373702422147,271,287,18,0,269,285,47491,2,0,0,2,2
2020-07-31,US,New York,Hamilton,7,0,0,43.66146647,-74.49721957,36041.0,158.5144927536232,0.0,7,7,0,0,7,7,4434,0,0,0,0,0
2020-07-31,US,New York,Herkimer,239,4,0,43.42034246,-74.96145307,36043.0,389.7649994292144,1.6736401673640169,235,239,4,0,235,236,61833,0,0,0,0,3
2020-07-31,US,New York,Jefferson,129,0,0,44.04200959,-75.94653457,36045.0,117.44996995465885,0.0,129,128,0,0,128,128,111755,1,0,0,1,0
2020-07-31,US,New York,Lewis,34,0,0,43.784415700000004,-75.44903992,36049.0,129.29723151810163,0.0,34,34,0,0,34,34,26447,0,0,0,0,0
2020-07-31,US,New York,Livingston,165,8,0,42.72596275,-77.77966158,36051.0,262.26277140223164,4.848484848484849,157,164,8,0,156,163,63227,1,0,0,1,1
2020-07-31,US,New York,Madison,398,17,0,42.91653905,-75.67266639,36053.0,561.0295879674659,4.271356783919598,381,396,17,0,379,393,70795,2,0,0,2,3
2020-07-31,US,New York,Monroe,4710,277,0,43.14638895,-77.69322942,36055.0,634.9677123636708,5.881104033970276,4433,4677,277,0,4400,4656,742474,33,0,0,33,21
2020-07-31,US,New York,Montgomery,154,4,0,42.90123494,-74.44011632,36057.0,312.87458605066945,2.5974025974025974,150,152,4,0,148,152,49455,2,0,0,2,0
2020-07-31,US,New York,Nassau,43203,2194,0,40.74066522,-73.58941873,36059.0,3183.892391909937,5.078351040437005,41009,43158,2194,0,40964,43100,1358343,45,0,0,45,58
2020-07-31,US,New York,New York City,225148,23531,0,40.76727260000001,-73.97152637,36061.0,2700.6470215191243,10.451347558050703,201617,224863,23525,0,201338,224551,1628701,285,6,0,279,312
2020-07-31,US,New York,Niagara,1440,96,0,43.19898042,-78.74777412,36063.0,688.0701066986493,6.666666666666668,1344,1434,96,0,1338,1430,210433,6,0,0,6,4
2020-07-31,US,New York,Oneida,2070,112,0,43.24375382,-75.43710392,36065.0,905.2306588942192,5.410628019323672,1958,2062,112,0,1950,2053,229577,8,0,0,8,9
2020-07-31,US,New York,Onondaga,3464,194,0,43.00491923,-76.19971155,36067.0,752.1801063127541,5.600461893764434,3270,3459,194,0,3265,3437,461809,5,0,0,5,22
2020-07-31,US,New York,Ontario,349,34,0,42.85145728,-77.30874425,36069.0,317.9172322071108,9.742120343839543,315,349,34,0,315,347,109864,0,0,0,0,2
2020-07-31,US,New York,Orange,11082,489,0,41.40337468,-74.30240757,36071.0,2878.890216657141,4.412560909583108,10593,11072,489,0,10583,11034,381951,10,0,0,10,38
2020-07-31,US,New York,Orleans,293,54,0,43.2516977,-78.2320066,36073.0,726.1102299762092,18.430034129692828,239,291,54,0,237,291,40612,2,0,0,2,0
2020-07-31,US,New York,Oswego,241,3,0,43.42778894,-76.14635194,36075.0,205.76483043611896,1.2448132780082988,238,240,3,0,237,239,117898,1,0,0,1,1
2020-07-31,US,New York,Otsego,112,5,0,42.63492579,-75.03151402,36077.0,188.2574420520061,4.464285714285714,107,107,5,0,102,107,59749,5,0,0,5,0
2020-07-31,US,New York,Putnam,1421,63,0,41.42630093,-73.74965532,36079.0,1445.280716029292,4.433497536945813,1358,1418,63,0,1355,1416,98892,3,0,0,3,2
2020-07-31,US,New York,Rensselaer,724,30,0,42.71348136,-73.51089874,36083.0,456.16643774336234,4.143646408839779,694,718,30,0,688,694,159442,6,0,0,6,24
2020-07-31,US,New York,Rockland,13864,674,0,41.15027894,-74.02560498,36087.0,4255.515072639038,4.861511829197923,13190,13860,674,0,13186,13852,325695,4,0,0,4,8
2020-07-31,US,New York,Saratoga,715,17,0,43.10904162,-73.86653895,36091.0,311.05484571244614,2.377622377622377,698,709,17,0,692,701,230163,6,0,0,6,8
2020-07-31,US,New York,Schenectady,1023,37,0,42.81668777,-74.05278291,36093.0,658.7292899503539,3.6168132942326494,986,1018,37,0,981,1010,155350,5,0,0,5,8
2020-07-31,US,New York,Schoharie,68,0,0,42.58831742,-74.44339029999998,36095.0,219.36191490048063,0.0,68,68,0,0,68,68,31097,0,0,0,0,0
2020-07-31,US,New York,Schuyler,21,0,0,42.39184015,-76.8773299,36097.0,117.93115067108441,0.0,21,20,0,0,20,20,17912,1,0,0,1,0
2020-07-31,US,New York,Seneca,84,3,0,42.78081007,-76.82497064,36099.0,246.94261523988712,3.571428571428572,81,84,3,0,81,84,34300,0,0,0,0,0
2020-07-31,US,New York,St. Lawrence,260,4,0,44.4976179,-75.06550039,36089.0,241.32170038982738,1.5384615384615383,256,260,4,0,256,259,108047,0,0,0,0,1
2020-07-31,US,New York,Steuben,290,42,0,42.2689144,-77.3829924,36101.0,304.0501577915474,14.482758620689655,248,290,42,0,248,290,95796,0,0,0,0,0
2020-07-31,US,New York,Suffolk,43224,1996,0,40.88320119,-72.8012172,36103.0,2927.263356858081,4.61780492319082,41228,43170,1996,0,41174,43084,1481093,54,0,0,54,86
2020-07-31,US,New York,Sullivan,1480,48,0,41.71579493,-74.76394559,36105.0,1962.0320288471733,3.2432432432432434,1432,1479,48,0,1431,1476,75498,1,0,0,1,3
2020-07-31,US,New York,Tioga,187,24,0,42.16852837,-76.30835812,36107.0,387.94265917059096,12.834224598930481,163,184,24,0,160,183,48560,3,0,0,3,1
2020-07-31,US,New York,Tompkins,228,0,0,42.44945765,-76.47229843,36109.0,223.13564298297126,0.0,228,227,0,0,227,225,102793,1,0,0,1,2
2020-07-31,US,New York,Ulster,2021,91,0,41.89027881,-74.26252104,36111.0,1138.1234759788929,4.5027214250371115,1930,2010,91,0,1919,1973,178599,11,0,0,11,37
2020-07-31,US,New York,Warren,300,33,0,43.56173026,-73.8433699,36113.0,469.16051545101965,11.0,267,298,33,0,265,298,64265,2,0,0,2,0
2020-07-31,US,New York,Washington,254,14,0,43.31153794,-73.43043448,36115.0,415.00555519247115,5.511811023622046,240,254,14,0,240,254,61197,0,0,0,0,0
2020-07-31,US,New York,Wayne,245,3,0,43.15494365,-77.02976528,36117.0,272.47047309771125,1.2244897959183674,242,243,3,0,240,243,90064,2,0,0,2,0
2020-07-31,US,New York,Westchester,35933,1445,0,41.16278376,-73.75741653,36119.0,3713.982135511305,4.0213731110678195,34488,35913,1445,0,34468,35874,967612,20,0,0,20,39
2020-07-31,US,New York,Wyoming,112,5,0,42.70145109,-78.22199579,36121.0,280.9904914824757,4.464285714285714,107,111,5,0,106,111,40085,1,0,0,1,0
2020-07-31,US,New York,Yates,53,7,0,42.63505484,-77.10369919,36123.0,212.74033637056962,13.20754716981132,46,52,7,0,45,52,24841,1,0,0,1,0
2020-07-31,US,North Carolina,Alamance,2148,41,0,36.0434701,-79.39976137,37001.0,1267.1893527777283,1.9087523277467409,2107,2101,41,0,2060,2066,166436,47,0,0,47,35
2020-07-31,US,North Carolina,Alexander,295,2,0,35.922379600000006,-81.17751948,37003.0,786.7296050350694,0.6779661016949152,293,295,2,0,293,258,37353,0,0,0,0,37
2020-07-31,US,North Carolina,Alleghany,67,0,0,36.49360862,-81.12857041,37005.0,601.5982760168806,0.0,67,66,0,0,66,64,11161,1,0,0,1,2
2020-07-31,US,North Carolina,Anson,301,2,0,34.97403241,-80.09953279,37007.0,1231.2852818457006,0.6644518272425249,299,298,2,0,296,295,24877,3,0,0,3,3
2020-07-31,US,North Carolina,Ashe,114,1,0,36.43296207,-81.49862729,37009.0,419.0714259456678,0.8771929824561403,113,109,1,0,108,100,27109,5,0,0,5,9
2020-07-31,US,North Carolina,Avery,82,0,0,36.07569796,-81.92308483,37011.0,467.05017941561766,0.0,82,82,0,0,82,82,17505,0,0,0,0,0
2020-07-31,US,North Carolina,Beaufort,335,2,0,35.48531943,-76.84325809,37013.0,712.8569604630377,0.5970149253731343,333,331,2,0,329,324,47079,4,0,0,4,7
2020-07-31,US,North Carolina,Bertie,232,4,0,36.0688473,-76.96545943,37015.0,1224.4682535493746,1.7241379310344829,228,226,4,0,222,222,19026,6,0,0,6,4
2020-07-31,US,North Carolina,Bladen,563,7,0,34.61296243,-78.56180059,37017.0,1720.5549783020597,1.2433392539964476,556,563,6,0,557,549,33190,0,1,0,-1,14
2020-07-31,US,North Carolina,Brunswick,1165,16,0,34.070565,-78.22814204,37019.0,815.712085142137,1.3733905579399142,1149,1150,16,0,1134,1121,136744,15,0,0,15,29
2020-07-31,US,North Carolina,Buncombe,1605,46,0,35.61113393,-82.53305,37021.0,614.4928424026863,2.866043613707165,1559,1576,46,0,1530,1538,259103,29,0,0,29,38
2020-07-31,US,North Carolina,Burke,1537,25,0,35.74989637,-81.70755735,37023.0,1698.6240813394486,1.6265452179570592,1512,1526,25,0,1501,1526,90382,11,0,0,11,0
2020-07-31,US,North Carolina,Cabarrus,2342,42,0,35.3877799,-80.55267168,37025.0,1081.9900856074992,1.7933390264731002,2300,2316,41,0,2275,2248,211342,26,1,0,25,68
2020-07-31,US,North Carolina,Caldwell,1085,12,0,35.95204977,-81.54799522,37027.0,1320.3047044221082,1.1059907834101383,1073,1066,12,0,1054,1022,82029,19,0,0,19,44
2020-07-31,US,North Carolina,Camden,56,2,0,36.33804939,-76.15568396,37029.0,515.3216159013527,3.571428571428572,54,55,2,0,53,53,10710,1,0,0,1,2
2020-07-31,US,North Carolina,Carteret,284,5,0,34.8932941,-76.54120135,37031.0,408.79190476875914,1.7605633802816902,279,279,5,0,274,279,69524,5,0,0,5,0
2020-07-31,US,North Carolina,Caswell,183,2,0,36.39312665,-79.33353281,37033.0,809.5912227924263,1.0928961748633879,181,179,2,0,177,173,22698,4,0,0,4,6
2020-07-31,US,North Carolina,Catawba,1859,24,0,35.66211129,-81.2132617,37035.0,1165.1446872786755,1.2910166756320602,1835,1829,24,0,1805,1801,158652,30,0,0,30,28
2020-07-31,US,North Carolina,Chatham,1208,50,0,35.70394416,-79.25541492,37037.0,1622.1297166644283,4.139072847682119,1158,1200,49,0,1151,1193,73139,8,1,0,7,7
2020-07-31,US,North Carolina,Cherokee,231,3,0,35.1349263,-84.05970864,37039.0,807.3535579477142,1.2987012987012987,228,231,3,0,228,231,28383,0,0,0,0,0
2020-07-31,US,North Carolina,Chowan,120,1,0,36.12908077,-76.60118385,37041.0,860.6469196012335,0.8333333333333334,119,109,1,0,108,109,14029,11,0,0,11,0
2020-07-31,US,North Carolina,Clay,65,0,0,35.05704275,-83.74353633,37043.0,578.755231056896,0.0,65,65,0,0,65,65,11139,0,0,0,0,0
2020-07-31,US,North Carolina,Cleveland,964,14,0,35.33553364,-81.55204486,37045.0,984.2057439227336,1.4522821576763485,950,936,13,0,923,910,97645,28,1,0,27,26
2020-07-31,US,North Carolina,Columbus,807,45,0,34.26744084,-78.65801424,37047.0,1453.8444908841968,5.5762081784386615,762,799,44,0,755,775,55655,8,1,0,7,24
2020-07-31,US,North Carolina,Craven,621,10,0,35.11833364,-77.08398081,37049.0,607.9949872232937,1.6103059581320451,611,620,9,0,611,620,102912,1,1,0,0,0
2020-07-31,US,North Carolina,Cumberland,2636,50,0,35.04762133,-78.82623165,37051.0,785.6719193821924,1.896813353566009,2586,2560,50,0,2510,2494,332330,76,0,0,76,66
2020-07-31,US,North Carolina,Currituck,70,0,0,36.36123664,-75.95876401,37053.0,252.13413536001158,0.0,70,70,0,0,70,69,27072,0,0,0,0,1
2020-07-31,US,North Carolina,Dare,189,1,0,35.66520691,-75.71767334,37055.0,510.6865897484397,0.5291005291005291,188,188,1,0,187,187,36501,1,0,0,1,1
2020-07-31,US,North Carolina,Davidson,1620,17,0,35.79115496,-80.21256572,37057.0,966.5352099230948,1.0493827160493827,1603,1606,17,0,1589,1578,166614,14,0,0,14,28
2020-07-31,US,North Carolina,Davie,349,4,0,35.93099927,-80.54496571,37059.0,814.5451150632498,1.146131805157593,345,341,4,0,337,326,42733,8,0,0,8,15
2020-07-31,US,North Carolina,Duplin,1913,42,0,34.93449805,-77.93140529,37061.0,3256.66910675678,2.1955044432828017,1871,1900,42,0,1858,1890,58856,13,0,0,13,10
2020-07-31,US,North Carolina,Durham,5761,77,0,36.03638492,-78.87608331,37063.0,1791.9797939580953,1.336573511543135,5684,5687,77,0,5610,5629,316739,74,0,0,74,58
2020-07-31,US,North Carolina,Edgecombe,564,11,0,35.91230639,-77.59436892,37065.0,1095.7413739508859,1.9503546099290783,553,560,11,0,549,549,52005,4,0,0,4,11
2020-07-31,US,North Carolina,Forsyth,4833,49,0,36.12859861,-80.25459052,37067.0,1264.206960593259,1.0138630250362093,4784,4791,49,0,4742,4703,379099,42,0,0,42,88
2020-07-31,US,North Carolina,Franklin,762,25,0,36.081519,-78.28708884,37069.0,1093.4921432159,3.2808398950131235,737,747,25,0,722,731,67560,15,0,0,15,16
2020-07-31,US,North Carolina,Gaston,2939,33,0,35.29373559,-81.17477045,37071.0,1308.9623166717886,1.122830894862198,2906,2863,33,0,2830,2805,222846,76,0,0,76,58
2020-07-31,US,North Carolina,Gates,41,2,0,36.44667547,-76.69749701,37073.0,354.6099290780142,4.878048780487805,39,38,2,0,36,37,11573,3,0,0,3,1
2020-07-31,US,North Carolina,Graham,23,0,0,35.3506925,-83.83369267,37075.0,272.4795640326976,0.0,23,23,0,0,23,22,8484,0,0,0,0,1
2020-07-31,US,North Carolina,Granville,1144,25,0,36.30337451,-78.65184241,37077.0,1892.692288602485,2.185314685314685,1119,1138,25,0,1113,1126,60115,6,0,0,6,12
2020-07-31,US,North Carolina,Greene,297,3,0,35.48544173,-77.67578087,37079.0,1409.6539940196494,1.0101010101010102,294,287,3,0,284,284,21012,10,0,0,10,3
2020-07-31,US,North Carolina,Guilford,5093,142,0,36.07959451,-79.78824948,37081.0,948.1099234140147,2.788140585116827,4951,5042,142,0,4900,4932,533670,51,0,0,51,110
2020-07-31,US,North Carolina,Halifax,610,6,0,36.25669272,-77.6556109,37083.0,1219.756048790242,0.9836065573770492,604,595,6,0,589,585,50574,15,0,0,15,10
2020-07-31,US,North Carolina,Harnett,1094,36,0,35.36731853,-78.87243571,37085.0,804.5537447784903,3.2906764168190135,1058,1074,36,0,1038,1058,134214,20,0,0,20,16
2020-07-31,US,North Carolina,Haywood,276,3,0,35.55269063,-82.98196486,37087.0,442.89680183577525,1.0869565217391304,273,268,2,0,266,255,61971,8,1,0,7,13
2020-07-31,US,North Carolina,Henderson,1344,53,0,35.33788927,-82.4766782,37089.0,1144.6383402744063,3.9434523809523814,1291,1325,53,0,1272,1321,116748,19,0,0,19,4
2020-07-31,US,North Carolina,Hertford,273,11,0,36.3607755,-76.98104134,37091.0,1153.0176964987118,4.029304029304028,262,265,11,0,254,248,23659,8,0,0,8,17
2020-07-31,US,North Carolina,Hoke,659,8,0,35.01888303,-79.23651674,37093.0,1193.1056957671,1.2139605462822458,651,648,8,0,640,645,54764,11,0,0,11,3
2020-07-31,US,North Carolina,Hyde,37,0,0,35.42017674,-76.15180542,37095.0,749.4429815677538,0.0,37,37,0,0,37,37,5230,0,0,0,0,0
2020-07-31,US,North Carolina,Iredell,1661,18,0,35.80950511,-80.8743128,37097.0,913.6112119512007,1.0836845273931366,1643,1605,18,0,1587,1602,178435,56,0,0,56,3
2020-07-31,US,North Carolina,Jackson,389,3,0,35.28814273,-83.14093385,37099.0,885.3384314261003,0.7712082262210797,386,382,3,0,379,376,43327,7,0,0,7,6
2020-07-31,US,North Carolina,Johnston,2929,44,0,35.51745004,-78.36622717,37101.0,1399.1659461447698,1.5022191874359851,2885,2895,44,0,2851,2832,202675,34,0,0,34,63
2020-07-31,US,North Carolina,Jones,58,3,0,35.02254606,-77.35870791,37103.0,615.7766217220511,5.172413793103448,55,55,3,0,52,55,9637,3,0,0,3,0
2020-07-31,US,North Carolina,Lee,1141,9,0,35.47623147,-79.17569362,37105.0,1846.9059065378203,0.7887817703768624,1132,1124,9,0,1115,1115,61452,17,0,0,17,9
2020-07-31,US,North Carolina,Lenoir,522,12,0,35.24032589999999,-77.64245615,37107.0,932.992546783678,2.2988505747126435,510,511,12,0,499,507,55976,11,0,0,11,4
2020-07-31,US,North Carolina,Lincoln,721,3,0,35.48508185,-81.21740317,37109.0,837.291402956649,0.4160887656033287,718,710,2,0,708,692,83770,11,1,0,10,18
2020-07-31,US,North Carolina,Macon,445,2,0,35.14867843,-83.41696617,37113.0,1241.0061910870654,0.44943820224719105,443,445,2,0,443,445,35285,0,0,0,0,0
2020-07-31,US,North Carolina,Madison,38,0,0,35.85402722,-82.71346418,37115.0,174.67248908296943,0.0,38,36,0,0,36,34,21763,2,0,0,2,2
2020-07-31,US,North Carolina,Martin,236,6,0,35.84326734,-77.10860251,37117.0,1051.6934046345814,2.5423728813559316,230,235,6,0,229,217,22671,1,0,0,1,18
2020-07-31,US,North Carolina,McDowell,573,8,0,35.67736232,-82.0482425,37111.0,1252.2947810123262,1.3961605584642234,565,539,8,0,531,493,45507,34,0,0,34,46
2020-07-31,US,North Carolina,Mecklenburg,20502,199,0,35.24469268,-80.8317671,37119.0,1846.434837115304,0.9706370110233148,20303,20261,195,0,20066,19924,1093901,241,4,0,237,337
2020-07-31,US,North Carolina,Mitchell,108,2,0,36.01059309,-82.1582442,37121.0,721.7321571772252,1.851851851851852,106,108,2,0,106,108,15000,0,0,0,0,0
2020-07-31,US,North Carolina,Montgomery,569,14,0,35.33155144,-79.90416657,37123.0,2093.9903580760315,2.460456942003515,555,563,14,0,549,561,27271,6,0,0,6,2
2020-07-31,US,North Carolina,Moore,872,20,0,35.30885257,-79.48474178,37125.0,864.3933386201428,2.2935779816513757,852,858,20,0,838,851,98682,14,0,0,14,7
2020-07-31,US,North Carolina,Nash,994,11,0,35.96575634,-77.98422508,37127.0,1054.1050711573946,1.1066398390342052,983,963,11,0,952,937,94016,31,0,0,31,26
2020-07-31,US,North Carolina,New Hanover,2285,19,0,34.25758282,-77.87075626,37129.0,974.5258515905882,0.8315098468271335,2266,2283,18,0,2265,2283,232274,2,1,0,1,0
2020-07-31,US,North Carolina,Northampton,307,16,0,36.41736238,-77.39769443,37131.0,1575.7326900374685,5.2117263843648205,291,307,16,0,291,307,19676,0,0,0,0,0
2020-07-31,US,North Carolina,Onslow,890,10,0,34.72607366,-77.42908179,37133.0,449.6357445260637,1.1235955056179776,880,838,10,0,828,838,197683,52,0,0,52,0
2020-07-31,US,North Carolina,Orange,1266,45,0,36.06092947,-79.12167935,37135.0,852.6630566556212,3.5545023696682465,1221,1250,45,0,1205,1241,146027,16,0,0,16,9
2020-07-31,US,North Carolina,Pamlico,54,1,0,35.15253315,-76.66559823,37137.0,424.32814710042436,1.851851851851852,53,54,1,0,53,54,12670,0,0,0,0,0
2020-07-31,US,North Carolina,Pasquotank,346,17,0,36.26723798,-76.25134778,37139.0,868.8228204098033,4.913294797687861,329,336,17,0,319,314,39639,10,0,0,10,22
2020-07-31,US,North Carolina,Pender,610,3,0,34.52265624,-77.90352133,37141.0,967.3326990168094,0.4918032786885246,607,597,3,0,594,582,62162,13,0,0,13,15
2020-07-31,US,North Carolina,Perquimans,64,2,0,36.17847453,-76.40603143,37143.0,475.3769590730149,3.125,62,62,2,0,60,58,13422,2,0,0,2,4
2020-07-31,US,North Carolina,Person,189,2,0,36.38989032,-78.97217358,37145.0,478.6021777665232,1.058201058201058,187,187,2,0,185,186,39507,2,0,0,2,1
2020-07-31,US,North Carolina,Pitt,1699,11,0,35.59535426,-77.37353178,37147.0,940.0139425258104,0.6474396703943496,1688,1639,11,0,1628,1579,179914,60,0,0,60,60
2020-07-31,US,North Carolina,Polk,132,5,0,35.27820615,-82.16812354,37149.0,636.9426751592358,3.787878787878788,127,131,5,0,126,127,20611,1,0,0,1,4
2020-07-31,US,North Carolina,Randolph,2026,36,0,35.71015088,-79.80570339,37151.0,1410.2055447667176,1.7769002961500493,1990,1999,36,0,1963,1961,143351,27,0,0,27,38
2020-07-31,US,North Carolina,Richmond,475,8,0,35.00417719,-79.74491009,37153.0,1059.5819670302708,1.6842105263157894,467,471,8,0,463,471,44887,4,0,0,4,0
2020-07-31,US,North Carolina,Robeson,2563,51,0,34.64244496,-79.10250529999998,37155.0,1962.1052631578948,1.9898556379243075,2512,2531,50,0,2481,2459,131831,32,1,0,31,72
2020-07-31,US,North Carolina,Rockingham,450,7,0,36.39593137,-79.77504841,37157.0,494.4511592132732,1.5555555555555556,443,446,7,0,439,446,90690,4,0,0,4,0
2020-07-31,US,North Carolina,Rowan,1957,48,0,35.64003916,-80.52446628,37159.0,1377.3154664714825,2.452733776188043,1909,1940,46,0,1894,1914,141262,17,2,0,15,26
2020-07-31,US,North Carolina,Rutherford,628,13,0,35.40114178,-81.92112099,37161.0,936.9079055334256,2.0700636942675157,615,619,13,0,606,608,66826,9,0,0,9,11
2020-07-31,US,North Carolina,Sampson,1411,12,0,34.98820368,-78.36914061,37163.0,2220.9629944436574,0.8504606661941885,1399,1402,11,0,1391,1394,63626,9,1,0,8,8
2020-07-31,US,North Carolina,Scotland,263,2,0,34.8386299,-79.4757978,37165.0,755.2479682968152,0.7604562737642585,261,259,2,0,257,242,34810,4,0,0,4,17
2020-07-31,US,North Carolina,Stanly,866,11,0,35.31647813,-80.25093221,37167.0,1378.8491545393756,1.2702078521939957,855,854,10,0,844,854,62075,12,1,0,11,0
2020-07-31,US,North Carolina,Stokes,248,3,0,36.4017975,-80.23893369,37169.0,543.9670110328793,1.2096774193548387,245,240,3,0,237,240,45467,8,0,0,8,0
2020-07-31,US,North Carolina,Surry,845,7,0,36.41689489,-80.69102283,37171.0,1177.1589373528552,0.8284023668639053,838,832,7,0,825,802,71948,13,0,0,13,30
2020-07-31,US,North Carolina,Swain,103,2,0,35.48665845,-83.48748932,37173.0,721.7433956975685,1.9417475728155342,101,99,2,0,97,99,14245,4,0,0,4,0
2020-07-31,US,North Carolina,Transylvania,121,1,0,35.20383864,-82.79638423,37175.0,351.89762978042745,0.8264462809917356,120,116,1,0,115,113,34215,5,0,0,5,3
2020-07-31,US,North Carolina,Tyrrell,91,1,0,35.87147226,-76.17055253,37177.0,2265.93625498008,1.0989010989010992,90,91,1,0,90,91,4131,0,0,0,0,0
2020-07-31,US,North Carolina,Union,2720,39,0,34.98960527,-80.52955873,37179.0,1133.9995580737016,1.4338235294117647,2681,2671,39,0,2632,2611,235908,49,0,0,49,60
2020-07-31,US,North Carolina,Vance,721,40,0,36.36880673,-78.40670845,37181.0,1618.9513865499046,5.547850208044382,681,710,40,0,670,703,44582,11,0,0,11,7
2020-07-31,US,North Carolina,Wake,10859,128,0,35.78879266,-78.65249174,37183.0,976.7387055311348,1.178745740860116,10731,10684,126,0,10558,10464,1092305,175,2,0,173,220
2020-07-31,US,North Carolina,Warren,238,6,0,36.39728256,-78.10652228,37185.0,1206.2237088844965,2.5210084033613445,232,235,6,0,229,231,19807,3,0,0,3,4
2020-07-31,US,North Carolina,Washington,114,3,0,35.83810081,-76.57299037,37187.0,984.4559585492227,2.631578947368421,111,114,3,0,111,110,11859,0,0,0,0,4
2020-07-31,US,North Carolina,Watauga,251,0,0,36.23103603,-81.70033724,37189.0,446.8020720223579,0.0,251,251,0,0,251,243,55945,0,0,0,0,8
2020-07-31,US,North Carolina,Wayne,2285,37,0,35.36438125,-78.00027268,37191.0,1855.7471311042711,1.6192560175054704,2248,2285,37,0,2248,2272,123248,0,0,0,0,13
2020-07-31,US,North Carolina,Wilkes,723,9,0,36.2084135,-81.16232895,37193.0,1056.8321347132082,1.2448132780082988,714,721,9,0,712,713,68557,2,0,0,2,8
2020-07-31,US,North Carolina,Wilson,1370,33,0,35.70625477,-77.917978,37195.0,1674.7961516362882,2.4087591240875907,1337,1358,33,0,1325,1338,81455,12,0,0,12,20
2020-07-31,US,North Carolina,Yadkin,480,6,0,36.16222629,-80.66239436,37197.0,1274.3250059733984,1.25,474,476,6,0,470,461,37543,4,0,0,4,15
2020-07-31,US,North Carolina,Yancey,94,0,0,35.90079156,-82.31237181,37199.0,520.2280148320327,0.0,94,94,0,0,94,94,17903,0,0,0,0,0
2020-07-31,US,North Dakota,Adams,2,0,0,46.09686891,-102.5285397,38001.0,90.25270758122744,0.0,2,2,0,0,2,2,2294,0,0,0,0,0
2020-07-31,US,North Dakota,Barnes,31,0,0,46.93579637,-98.06605978,38003.0,297.6476236197792,0.0,31,31,0,0,31,31,10542,0,0,0,0,0
2020-07-31,US,North Dakota,Benson,86,1,0,48.0683985,-99.35916363,38005.0,1258.782201405152,1.162790697674419,85,74,1,0,73,70,6962,12,0,0,12,4
2020-07-31,US,North Dakota,Billings,2,0,0,47.02366884,-103.3762965,38007.0,215.5172413793104,0.0,2,1,0,0,1,1,919,1,0,0,1,0
2020-07-31,US,North Dakota,Bottineau,11,0,0,48.79106111,-100.8378166,38009.0,175.10347023241005,0.0,11,10,0,0,10,10,6411,1,0,0,1,0
2020-07-31,US,North Dakota,Bowman,6,0,0,46.11285362,-103.5203343,38011.0,198.4126984126984,0.0,6,6,0,0,6,6,3076,0,0,0,0,0
2020-07-31,US,North Dakota,Burke,17,0,0,48.79094471,-102.5182117,38013.0,803.7825059101656,0.0,17,15,0,0,15,14,2100,2,0,0,2,1
2020-07-31,US,North Dakota,Burleigh,915,4,0,46.97847375,-100.4645214,38015.0,956.8527387948883,0.4371584699453552,911,877,4,0,873,866,95273,38,0,0,38,11
2020-07-31,US,North Dakota,Cass,2897,76,0,46.93201724,-97.2444719,38017.0,1592.431962973346,2.6234035208836732,2821,2872,76,0,2796,2850,181516,25,0,0,25,22
2020-07-31,US,North Dakota,Cavalier,31,0,0,48.77286211,-98.46685243,38019.0,824.0297713981925,0.0,31,30,0,0,30,29,3829,1,0,0,1,1
2020-07-31,US,North Dakota,Dickey,11,0,0,46.11017712,-98.5049008,38021.0,225.7799671592775,0.0,11,10,0,0,10,10,4903,1,0,0,1,0
2020-07-31,US,North Dakota,Divide,1,0,0,48.814938700000006,-103.4873611,38023.0,44.16961130742049,0.0,1,1,0,0,1,1,2283,0,0,0,0,0
2020-07-31,US,North Dakota,Dunn,28,0,0,47.35423935,-102.6160468,38025.0,632.9113924050632,0.0,28,27,0,0,27,26,4332,1,0,0,1,1
2020-07-31,US,North Dakota,Eddy,13,0,0,47.71701474,-98.90432337,38027.0,568.4302579798863,0.0,13,13,0,0,13,13,2313,0,0,0,0,0
2020-07-31,US,North Dakota,Emmons,15,1,0,46.28398398,-100.2389766,38029.0,462.8201172477632,6.666666666666668,14,15,1,0,14,14,3295,0,0,0,0,1
2020-07-31,US,North Dakota,Foster,12,0,0,47.4571084,-98.88279923,38031.0,373.8317757009346,0.0,12,12,0,0,12,11,3216,0,0,0,0,1
2020-07-31,US,North Dakota,Golden Valley,4,0,0,46.94022281,-103.8465421,38033.0,227.14366837024414,0.0,4,4,0,0,4,4,1769,0,0,0,0,0
2020-07-31,US,North Dakota,Grand Forks,619,4,0,47.92093639,-97.45450447,38035.0,891.2758635584801,0.6462035541195477,615,608,4,0,604,607,70770,11,0,0,11,1
2020-07-31,US,North Dakota,Grant,4,0,0,46.35821257,-101.6390013,38037.0,175.9014951627089,0.0,4,4,0,0,4,4,2374,0,0,0,0,0
2020-07-31,US,North Dakota,Griggs,25,0,0,47.45785838,-98.23850925,38039.0,1120.573733751681,0.0,25,21,0,0,21,20,2232,4,0,0,4,1
2020-07-31,US,North Dakota,Hettinger,6,0,0,46.43375068,-102.4632417,38041.0,240.09603841536614,0.0,6,6,0,0,6,6,2514,0,0,0,0,0
2020-07-31,US,North Dakota,Kidder,11,0,0,46.97830064,-99.77507857,38043.0,443.5483870967742,0.0,11,10,0,0,10,10,2450,1,0,0,1,0
2020-07-31,US,North Dakota,LaMoure,14,0,0,46.45681054,-98.53542355,38045.0,346.02076124567475,0.0,14,14,0,0,14,14,4062,0,0,0,0,0
2020-07-31,US,North Dakota,Logan,4,0,0,46.45729487,-99.47719806,38047.0,216.21621621621625,0.0,4,3,0,0,3,3,1903,1,0,0,1,0
2020-07-31,US,North Dakota,McHenry,14,1,0,48.23104458,-100.6324822,38049.0,243.69016536118363,7.142857142857142,13,14,1,0,13,14,5816,0,0,0,0,0
2020-07-31,US,North Dakota,McIntosh,18,1,0,46.11182017,-99.44145858,38051.0,720.8650380456547,5.5555555555555545,17,16,1,0,15,16,2585,2,0,0,2,0
2020-07-31,US,North Dakota,McKenzie,73,1,0,47.74133370000001,-103.395905,38053.0,485.8892438764643,1.3698630136986298,72,73,1,0,72,71,13632,0,0,0,0,2
2020-07-31,US,North Dakota,McLean,35,0,0,47.60766714,-101.3182418,38055.0,370.3703703703704,0.0,35,30,0,0,30,29,9541,5,0,0,5,1
2020-07-31,US,North Dakota,Mercer,23,0,0,47.31213126,-101.8318399,38057.0,280.9331867594968,0.0,23,20,0,0,20,20,8267,3,0,0,3,0
2020-07-31,US,North Dakota,Morton,262,3,0,46.71681782,-101.2822377,38059.0,835.352633592654,1.1450381679389312,259,254,3,0,251,252,31095,8,0,0,8,2
2020-07-31,US,North Dakota,Mountrail,108,1,0,48.20197971,-102.3555315,38061.0,1024.1820768136556,0.925925925925926,107,108,1,0,107,107,10218,0,0,0,0,1
2020-07-31,US,North Dakota,Nelson,13,0,0,47.9226426,-98.19038437,38063.0,451.5456755817992,0.0,13,11,0,0,11,10,2869,2,0,0,2,1
2020-07-31,US,North Dakota,Oliver,6,0,0,47.11530482,-101.3406158,38065.0,306.27871362940283,0.0,6,6,0,0,6,6,1952,0,0,0,0,0
2020-07-31,US,North Dakota,Pembina,27,0,0,48.76623521,-97.5523809,38067.0,397.00044111160116,0.0,27,27,0,0,27,28,6947,0,0,0,0,-1
2020-07-31,US,North Dakota,Pierce,11,0,0,48.24977025,-99.96407787,38069.0,276.7295597484277,0.0,11,8,0,0,8,8,4081,3,0,0,3,0
2020-07-31,US,North Dakota,Ramsey,37,2,0,48.26886249,-98.72223879,38071.0,321.20843823248543,5.405405405405406,35,35,2,0,33,34,11481,2,0,0,2,1
2020-07-31,US,North Dakota,Ransom,26,0,0,46.45621782,-97.65742504,38073.0,498.27520122652356,0.0,26,26,0,0,26,25,5237,0,0,0,0,1
2020-07-31,US,North Dakota,Renville,9,0,0,48.71982533,-101.6603912,38075.0,386.7640739149119,0.0,9,9,0,0,9,9,2374,0,0,0,0,0
2020-07-31,US,North Dakota,Richland,87,0,0,46.26440649,-96.94852979,38077.0,537.8005810718921,0.0,87,82,0,0,82,77,16239,5,0,0,5,5
2020-07-31,US,North Dakota,Rolette,29,0,0,48.77245354,-99.84097493,38079.0,204.57110609480813,0.0,29,22,0,0,22,21,14301,7,0,0,7,1
2020-07-31,US,North Dakota,Sargent,8,0,0,46.10830372,-97.63217159,38081.0,205.2334530528476,0.0,8,9,0,0,9,8,3870,-1,0,0,-1,1
2020-07-31,US,North Dakota,Sheridan,5,0,0,47.57700669,-100.3426391,38083.0,380.22813688212926,0.0,5,5,0,0,5,5,1349,0,0,0,0,0
2020-07-31,US,North Dakota,Sioux,57,0,0,46.11323337,-101.0440149,38085.0,1347.517730496454,0.0,57,57,0,0,57,56,4358,0,0,0,0,1
2020-07-31,US,North Dakota,Slope,3,0,0,46.44737738,-103.4601547,38087.0,400.0,0.0,3,3,0,0,3,3,763,0,0,0,0,0
2020-07-31,US,North Dakota,Stark,182,3,0,46.80851182,-102.6576326,38089.0,577.9796119279748,1.6483516483516485,179,166,3,0,163,164,30997,16,0,0,16,2
2020-07-31,US,North Dakota,Steele,10,0,0,47.45611548,-97.72728747,38091.0,529.1005291005291,0.0,10,10,0,0,10,10,1903,0,0,0,0,0
2020-07-31,US,North Dakota,Stutsman,105,2,0,46.97962541,-98.95637318,38093.0,507.1483771251932,1.9047619047619049,103,104,2,0,102,103,20917,1,0,0,1,1
2020-07-31,US,North Dakota,Towner,6,0,0,48.68565745,-99.24564265,38095.0,274.09776153494744,0.0,6,5,0,0,5,5,2192,1,0,0,1,0
2020-07-31,US,North Dakota,Traill,41,0,0,47.45367788,-97.16323288,38097.0,510.20408163265313,0.0,41,42,0,0,42,42,8037,-1,0,0,-1,0
2020-07-31,US,North Dakota,Walsh,96,0,0,48.36876964,-97.72574783,38099.0,902.1708486044544,0.0,96,94,0,0,94,94,10667,2,0,0,2,0
2020-07-31,US,North Dakota,Ward,174,1,0,48.22390169,-101.5436763,38101.0,257.2404310994811,0.5747126436781609,173,165,1,0,164,164,67744,9,0,0,9,1
2020-07-31,US,North Dakota,Wells,15,0,0,47.58614526,-99.65904998,38103.0,391.2363067292645,0.0,15,14,0,0,14,14,3957,1,0,0,1,0
2020-07-31,US,North Dakota,Williams,224,2,0,48.34522353,-103.4793387,38105.0,595.9190188619011,0.8928571428571429,222,220,2,0,218,210,35350,4,0,0,4,10
2020-07-31,US,Ohio,Adams,53,2,0,38.84541072,-83.4718964,39001.0,191.34955592461552,3.7735849056603774,51,53,2,0,51,51,27724,0,0,0,0,2
2020-07-31,US,Ohio,Allen,628,42,0,40.77285242,-84.10802343,39003.0,613.5748551552988,6.6878980891719735,586,603,42,0,561,583,102663,25,0,0,25,20
2020-07-31,US,Ohio,Ashland,126,3,0,40.84772277,-82.27280781,39005.0,235.5844738613417,2.380952380952381,123,123,3,0,120,121,53745,3,0,0,3,2
2020-07-31,US,Ohio,Ashtabula,534,45,0,41.70860332,-80.74830218,39007.0,549.1510782488867,8.426966292134832,489,530,44,0,486,525,97493,4,1,0,3,5
2020-07-31,US,Ohio,Athens,339,1,0,39.33425634,-82.04278644,39009.0,518.9278552512743,0.2949852507374631,338,334,1,0,333,330,65818,5,0,0,5,4
2020-07-31,US,Ohio,Auglaize,200,5,0,40.55998859,-84.22421429999999,39011.0,438.05852461888907,2.5,195,192,5,0,187,189,45804,8,0,0,8,3
2020-07-31,US,Ohio,Belmont,589,26,0,40.01625942,-80.9924051,39013.0,879.0257588872638,4.414261460101868,563,588,26,0,562,588,67505,1,0,0,1,0
2020-07-31,US,Ohio,Brown,107,1,0,38.93416837,-83.86788395,39015.0,246.36212930558116,0.9345794392523364,106,99,1,0,98,96,43602,8,0,0,8,3
2020-07-31,US,Ohio,Butler,2619,59,0,39.44012838,-84.57388716,39017.0,683.5728491859245,2.252768232149676,2560,2605,58,0,2547,2517,382378,14,1,0,13,88
2020-07-31,US,Ohio,Carroll,107,5,0,40.5789686,-81.09178213,39019.0,397.56260682172854,4.672897196261682,102,104,5,0,99,103,27081,3,0,0,3,1
2020-07-31,US,Ohio,Champaign,102,1,0,40.13923427,-83.76875242,39021.0,262.3119454802623,0.9803921568627452,101,95,1,0,94,92,38754,7,0,0,7,3
2020-07-31,US,Ohio,Clark,1058,13,0,39.91592258,-83.78498252,39023.0,789.0634905245257,1.2287334593572778,1045,1046,13,0,1033,1031,134585,12,0,0,12,15
2020-07-31,US,Ohio,Clermont,802,10,0,39.04847534,-84.15375786,39025.0,388.51318619567115,1.2468827930174564,792,792,10,0,782,754,205466,10,0,0,10,38
2020-07-31,US,Ohio,Clinton,144,6,0,39.41485808,-83.80852286,39027.0,343.11856652687766,4.166666666666667,138,142,6,0,136,134,42057,2,0,0,2,8
2020-07-31,US,Ohio,Columbiana,1565,60,0,40.76932373,-80.78094576,39029.0,1536.0756946693757,3.8338658146964857,1505,1547,60,0,1487,1523,102665,18,0,0,18,24
2020-07-31,US,Ohio,Coshocton,185,6,0,40.30096166,-81.91729018,39031.0,505.46448087431696,3.2432432432432434,179,182,5,0,177,180,36629,3,1,0,2,2
2020-07-31,US,Ohio,Crawford,163,5,0,40.85065156,-82.91989099,39033.0,392.8278787294549,3.0674846625766867,158,160,5,0,155,160,41550,3,0,0,3,0
2020-07-31,US,Ohio,Cuyahoga,12399,470,0,41.424119,-81.65918339,39035.0,1003.9090838428853,3.7906282764739085,11929,12212,465,0,11747,12088,1243857,187,5,0,182,124
2020-07-31,US,Ohio,Darke,312,27,0,40.13412966,-84.6194517,39037.0,610.4122238960732,8.653846153846152,285,308,26,0,282,304,51323,4,1,0,3,4
2020-07-31,US,Ohio,Defiance,127,4,0,41.32398837,-84.49076944,39039.0,333.44710793709135,3.1496062992125986,123,124,4,0,120,120,38165,3,0,0,3,4
2020-07-31,US,Ohio,Delaware,1168,18,0,40.27942393,-83.00457058,39041.0,558.3787892550329,1.5410958904109588,1150,1141,17,0,1124,1112,204826,27,1,0,26,29
2020-07-31,US,Ohio,Erie,499,26,0,41.36796058,-82.62904521,39043.0,671.9090835644844,5.210420841683367,473,488,25,0,463,468,74615,11,1,0,10,20
2020-07-31,US,Ohio,Fairfield,1216,22,0,39.75107189,-82.63088163,39045.0,771.7009151255918,1.8092105263157892,1194,1177,22,0,1155,1141,155782,39,0,0,39,36
2020-07-31,US,Ohio,Fayette,88,0,0,39.56021306,-83.4562016,39047.0,308.50131463628395,0.0,88,80,0,0,80,76,28666,8,0,0,8,4
2020-07-31,US,Ohio,Franklin,16842,511,0,39.96995815,-83.01115755,39049.0,1279.0524592255513,3.0340814630091435,16331,16630,507,0,16123,16311,1310300,212,4,0,208,319
2020-07-31,US,Ohio,Fulton,137,1,0,41.60213491,-84.12571393,39051.0,325.21483169539005,0.7299270072992701,136,133,0,0,133,127,42276,4,1,0,3,6
2020-07-31,US,Ohio,Gallia,49,1,0,38.82708533,-82.31647569,39053.0,163.89056124155462,2.0408163265306123,48,49,1,0,48,49,29979,0,0,0,0,0
2020-07-31,US,Ohio,Geauga,519,43,0,41.49952319,-81.17935342,39055.0,554.1970549605442,8.285163776493256,476,515,43,0,472,513,94031,4,0,0,4,2
2020-07-31,US,Ohio,Greene,610,11,0,39.69116283,-83.89032084,39057.0,361.0813498523118,1.8032786885245904,599,599,11,0,588,587,167995,11,0,0,11,12
2020-07-31,US,Ohio,Guernsey,107,6,0,40.05026529,-81.49248905,39059.0,275.2411575562701,5.607476635514018,101,103,6,0,97,102,39022,4,0,0,4,1
2020-07-31,US,Ohio,Hamilton,8977,245,0,39.19673558,-84.54502924,39061.0,1098.1402443872762,2.729196836359585,8732,8872,241,0,8631,8702,816684,105,4,0,101,170
2020-07-31,US,Ohio,Hancock,303,2,0,41.00250487,-83.66838948,39063.0,399.8258184553264,0.6600660066006601,301,291,2,0,289,279,75930,12,0,0,12,12
2020-07-31,US,Ohio,Hardin,149,12,0,40.66015414,-83.65929931,39065.0,475.05180934162286,8.053691275167786,137,147,12,0,135,146,31480,2,0,0,2,1
2020-07-31,US,Ohio,Harrison,19,1,0,40.29380509,-81.09068544,39067.0,126.32978723404257,5.2631578947368425,18,19,1,0,18,18,15174,0,0,0,0,1
2020-07-31,US,Ohio,Henry,101,1,0,41.3339642,-84.06830637,39069.0,373.9909649707472,0.99009900990099,100,99,1,0,98,98,27086,2,0,0,2,1
2020-07-31,US,Ohio,Highland,118,1,0,39.1839264,-83.60331456,39071.0,273.39496304534185,0.8474576271186439,117,114,1,0,113,106,43058,4,0,0,4,8
2020-07-31,US,Ohio,Hocking,106,9,0,39.49537927,-82.47991446,39073.0,375.0353806962921,8.49056603773585,97,104,9,0,95,103,28385,2,0,0,2,1
2020-07-31,US,Ohio,Holmes,318,6,0,40.56163713,-81.92635677,39075.0,723.3848953594177,1.8867924528301887,312,315,5,0,310,315,43892,3,1,0,2,0
2020-07-31,US,Ohio,Huron,369,4,0,41.14651175,-82.59867951,39077.0,633.3024405313563,1.084010840108401,365,359,4,0,355,349,58504,10,0,0,10,10
2020-07-31,US,Ohio,Jackson,64,0,0,39.01914254,-82.61818559999998,39079.0,197.4516397741647,0.0,64,63,0,0,63,62,32384,1,0,0,1,1
2020-07-31,US,Ohio,Jefferson,196,3,0,40.38614126,-80.76259514,39081.0,300.0382701875239,1.5306122448979589,193,191,2,0,189,189,65767,5,1,0,4,2
2020-07-31,US,Ohio,Knox,154,2,0,40.39830217,-82.42027563,39083.0,247.1037514842271,1.2987012987012987,152,142,2,0,140,139,61893,12,0,0,12,3
2020-07-31,US,Ohio,Lake,1008,34,0,41.69710807,-81.23676539,39085.0,437.9771365506692,3.373015873015873,974,983,33,0,950,971,230514,25,1,0,24,12
2020-07-31,US,Ohio,Lawrence,206,0,0,38.59743452,-82.53466552,39087.0,346.4339168894943,0.0,206,199,0,0,199,198,59866,7,0,0,7,1
2020-07-31,US,Ohio,Licking,1081,40,0,40.09136236,-82.48185785,39089.0,611.2110006671867,3.700277520814061,1041,1059,31,0,1028,1014,175769,22,9,0,13,45
2020-07-31,US,Ohio,Logan,114,1,0,40.38996525,-83.76784341,39091.0,249.6058854440357,0.8771929824561403,113,109,1,0,108,107,45358,5,0,0,5,2
2020-07-31,US,Ohio,Lorain,1584,76,0,41.29553751,-82.15083537,39093.0,511.24315356982635,4.797979797979798,1508,1563,75,0,1488,1534,309461,21,1,0,20,29
2020-07-31,US,Ohio,Lucas,4658,314,0,41.62101218,-83.65468618,39095.0,1087.4335820407705,6.741090596822671,4344,4521,313,0,4208,4407,429899,137,1,0,136,114
2020-07-31,US,Ohio,Madison,313,10,0,39.89381073,-83.40178317,39097.0,699.7384364311107,3.194888178913738,303,308,9,0,299,299,44413,5,1,0,4,9
2020-07-31,US,Ohio,Mahoning,2371,250,0,41.01631101,-80.77287029,39099.0,1036.8064088716694,10.544074230282579,2121,2349,249,0,2100,2321,229642,22,1,0,21,28
2020-07-31,US,Ohio,Marion,2860,44,0,40.58610662,-83.15736305,39101.0,4393.713609758346,1.5384615384615383,2816,2855,42,0,2813,2841,65256,5,2,0,3,14
2020-07-31,US,Ohio,Medina,812,33,0,41.11770589,-81.89986209999998,39103.0,451.7485785497313,4.064039408866995,779,795,33,0,762,786,179146,17,0,0,17,9
2020-07-31,US,Ohio,Meigs,23,0,0,39.09224872,-82.0305041,39105.0,100.40598943554373,0.0,23,23,0,0,23,23,23106,0,0,0,0,0
2020-07-31,US,Ohio,Mercer,498,13,0,40.54043046,-84.62912742,39107.0,1209.5598950743224,2.6104417670682727,485,476,13,0,463,470,40959,22,0,0,22,6
2020-07-31,US,Ohio,Miami,747,36,0,40.0543329,-84.22871271,39109.0,698.2156710628392,4.819277108433735,711,728,36,0,692,711,106222,19,0,0,19,17
2020-07-31,US,Ohio,Monroe,89,18,0,39.72984936,-81.08464734,39111.0,651.8236414237588,20.224719101123604,71,89,17,0,72,89,13790,0,1,0,-1,0
2020-07-31,US,Ohio,Montgomery,3926,70,0,39.75394919,-84.29050975,39113.0,738.4043619648403,1.7829852266938357,3856,3845,70,0,3775,3747,532331,81,0,0,81,98
2020-07-31,US,Ohio,Morgan,17,0,0,39.62081738,-81.85308173,39115.0,117.17673007995589,0.0,17,17,0,0,17,17,14604,0,0,0,0,0
2020-07-31,US,Ohio,Morrow,157,2,0,40.52363560000001,-82.7892599,39117.0,444.4067028985508,1.2738853503184713,155,155,2,0,153,151,35112,2,0,0,2,4
2020-07-31,US,Ohio,Muskingum,172,1,0,39.96575964,-81.94363275,39119.0,199.50124688279305,0.5813953488372093,171,163,1,0,162,158,86183,9,0,0,9,5
2020-07-31,US,Ohio,Noble,16,0,0,39.76818851,-81.45937183,39121.0,110.92623405435387,0.0,16,16,0,0,16,16,14354,0,0,0,0,0
2020-07-31,US,Ohio,Ottawa,341,25,0,41.53781826,-83.0940185,39123.0,841.4558914250463,7.331378299120233,316,335,25,0,310,324,40769,6,0,0,6,11
2020-07-31,US,Ohio,Paulding,58,0,0,41.11676341,-84.5801017,39125.0,310.62553556126824,0.0,58,57,0,0,57,56,18760,1,0,0,1,1
2020-07-31,US,Ohio,Perry,100,1,0,39.73508655,-82.23804971,39127.0,276.74766148226047,1.0,99,84,1,0,83,80,36033,16,0,0,16,4
2020-07-31,US,Ohio,Pickaway,2345,42,0,39.64170392,-83.0243386,39129.0,4011.495629265956,1.791044776119403,2303,2342,42,0,2300,2332,58086,3,0,0,3,10
2020-07-31,US,Ohio,Pike,61,0,0,39.07634001,-83.06769584,39131.0,219.64568630275096,0.0,61,61,0,0,61,55,28067,0,0,0,0,6
2020-07-31,US,Ohio,Portage,704,60,0,41.16793482,-81.19735782,39133.0,433.3214334076053,8.522727272727273,644,693,60,0,633,686,162927,11,0,0,11,7
2020-07-31,US,Ohio,Preble,154,2,0,39.7420247,-84.64787018,39135.0,376.69389951567916,1.2987012987012987,152,140,2,0,138,131,40997,14,0,0,14,9
2020-07-31,US,Ohio,Putnam,188,17,0,41.02094889,-84.1336111,39137.0,555.2110097161926,9.04255319148936,171,181,17,0,164,177,33780,7,0,0,7,4
2020-07-31,US,Ohio,Richland,525,10,0,40.77180308,-82.53799609999999,39139.0,433.3327830694818,1.9047619047619049,515,509,10,0,499,496,121099,16,0,0,16,13
2020-07-31,US,Ohio,Ross,374,5,0,39.33705391,-83.06000914,39141.0,487.8303289593823,1.3368983957219251,369,359,5,0,354,327,76931,15,0,0,15,32
2020-07-31,US,Ohio,Sandusky,315,17,0,41.35624126,-83.137872,39143.0,538.295908951092,5.396825396825397,298,298,16,0,282,293,58799,17,1,0,16,5
2020-07-31,US,Ohio,Scioto,179,1,0,38.80270163,-82.98907345,39145.0,237.6716148392065,0.5586592178770949,178,167,1,0,166,155,75502,12,0,0,12,12
2020-07-31,US,Ohio,Seneca,140,3,0,41.12351311,-83.12783209,39147.0,253.72431041357063,2.142857142857143,137,129,3,0,126,120,55207,11,0,0,11,9
2020-07-31,US,Ohio,Shelby,148,4,0,40.33163494,-84.20258189,39149.0,304.58942169170615,2.702702702702702,144,138,4,0,134,135,48627,10,0,0,10,3
2020-07-31,US,Ohio,Stark,1643,131,0,40.81482476,-81.36437305,39151.0,443.3279547551848,7.973219720024345,1512,1619,127,0,1492,1587,371574,24,4,0,20,32
2020-07-31,US,Ohio,Summit,3188,216,0,41.12464734,-81.53123079,39153.0,589.2649529678582,6.775407779171895,2972,3131,216,0,2915,3067,541918,57,0,0,57,64
2020-07-31,US,Ohio,Trumbull,1393,100,0,41.31735028,-80.76109643,39155.0,703.6277490983665,7.178750897343862,1293,1374,98,0,1276,1347,198627,19,2,0,17,27
2020-07-31,US,Ohio,Tuscarawas,736,13,0,40.44214695,-81.47226262,39157.0,800.1130594540532,1.766304347826087,723,730,13,0,717,730,92176,6,0,0,6,0
2020-07-31,US,Ohio,Union,209,1,0,40.30016061,-83.37239023,39159.0,354.30935105445184,0.4784688995215311,208,204,1,0,203,197,57835,5,0,0,5,7
2020-07-31,US,Ohio,Van Wert,65,1,0,40.8554138,-84.59111700000003,39161.0,229.88505747126442,1.5384615384615383,64,65,1,0,64,63,28281,0,0,0,0,2
2020-07-31,US,Ohio,Vinton,29,2,0,39.25208988,-82.4831444,39163.0,221.62781811234242,6.896551724137932,27,29,2,0,27,28,13139,0,0,0,0,1
2020-07-31,US,Ohio,Warren,1551,35,0,39.42581994,-84.16557457,39165.0,661.1196835491597,2.2566086395873635,1516,1517,34,0,1483,1481,232173,34,1,0,33,36
2020-07-31,US,Ohio,Washington,192,21,0,39.45690571,-81.49121382,39167.0,320.4753718015056,10.9375,171,191,21,0,170,190,60155,1,0,0,1,1
2020-07-31,US,Ohio,Wayne,485,58,0,40.82925852,-81.88844833,39169.0,419.1513265923429,11.958762886597938,427,472,58,0,414,463,115967,13,0,0,13,9
2020-07-31,US,Ohio,Williams,117,3,0,41.56052014,-84.58429552,39171.0,318.8705984955849,2.5641025641025643,114,112,3,0,109,110,36804,5,0,0,5,2
2020-07-31,US,Ohio,Wood,880,58,0,41.36224827,-83.62285108,39173.0,672.6954447816414,6.590909090909091,822,852,58,0,794,809,130696,28,0,0,28,43
2020-07-31,US,Ohio,Wyandot,119,5,0,40.84339621,-83.30734173,39175.0,546.5735807459122,4.201680672268908,114,114,5,0,109,113,21935,5,0,0,5,1
2020-07-31,US,Oklahoma,Adair,283,5,0,35.88494195,-94.65859267,40001.0,1275.119401640083,1.7667844522968197,278,274,5,0,269,268,22082,9,0,0,9,6
2020-07-31,US,Oklahoma,Alfalfa,4,0,0,36.73090616,-98.32408495,40003.0,70.1508242721852,0.0,4,4,0,0,4,4,5754,0,0,0,0,0
2020-07-31,US,Oklahoma,Atoka,60,0,0,34.37366573,-96.03802487,40005.0,436.1098996947232,0.0,60,60,0,0,60,57,13838,0,0,0,0,3
2020-07-31,US,Oklahoma,Beaver,36,0,0,36.7496847,-100.4758872,40007.0,677.8384485031067,0.0,36,36,0,0,36,36,5319,0,0,0,0,0
2020-07-31,US,Oklahoma,Beckham,42,0,0,35.26862449,-99.68128023,40009.0,192.1405370785489,0.0,42,41,0,0,41,40,21709,1,0,0,1,1
2020-07-31,US,Oklahoma,Blaine,45,0,0,35.87518314,-98.43307003,40011.0,477.2510340439071,0.0,45,39,0,0,39,38,9485,6,0,0,6,1
2020-07-31,US,Oklahoma,Bryan,374,1,0,33.96472458,-96.25903472,40013.0,779.2478383164912,0.26737967914438504,373,368,1,0,367,359,47192,6,0,0,6,9
2020-07-31,US,Oklahoma,Caddo,348,14,0,35.17364557,-98.37534464,40015.0,1209.9297684444753,4.022988505747127,334,332,14,0,318,328,28977,16,0,0,16,4
2020-07-31,US,Oklahoma,Canadian,1009,5,0,35.5426055,-97.98465569,40017.0,680.3500869823204,0.4955401387512389,1004,988,5,0,983,941,144447,21,0,0,21,47
2020-07-31,US,Oklahoma,Carter,289,3,0,34.25103751,-97.28552485,40019.0,600.6942279312424,1.038062283737024,286,285,3,0,282,277,48177,4,0,0,4,8
2020-07-31,US,Oklahoma,Cherokee,301,1,0,35.90692775,-94.99980896,40021.0,618.6160264710113,0.3322259136212625,300,292,1,0,291,274,48675,9,0,0,9,18
2020-07-31,US,Oklahoma,Choctaw,160,1,0,34.02807439,-95.54771129,40023.0,1090.5125408942204,0.625,159,161,1,0,160,158,14668,-1,0,0,-1,3
2020-07-31,US,Oklahoma,Cimarron,1,0,0,36.74817177,-102.5173885,40025.0,46.79457182966776,0.0,1,1,0,0,1,1,2153,0,0,0,0,0
2020-07-31,US,Oklahoma,Cleveland,2555,49,0,35.20413532,-97.32519562,40027.0,899.6035406705304,1.9178082191780816,2506,2487,47,0,2440,2382,281669,68,2,0,66,105
2020-07-31,US,Oklahoma,Coal,28,0,0,34.58840127,-96.29798747,40029.0,509.5541401273885,0.0,28,27,0,0,27,27,5520,1,0,0,1,0
2020-07-31,US,Oklahoma,Comanche,756,10,0,34.65973764,-98.47195055,40031.0,626.0921415498265,1.3227513227513228,746,751,10,0,741,735,120422,5,0,0,5,16
2020-07-31,US,Oklahoma,Cotton,17,2,0,34.28845626,-98.37053567,40033.0,300.0352982703848,11.764705882352944,15,17,2,0,15,16,5776,0,0,0,0,1
2020-07-31,US,Oklahoma,Craig,69,0,0,36.76268118,-95.20916602,40035.0,487.908358082308,0.0,69,68,0,0,68,64,14306,1,0,0,1,4
2020-07-31,US,Oklahoma,Creek,473,13,0,35.90230551,-96.37086028,40037.0,661.3349738541988,2.748414376321353,460,468,12,0,456,441,71604,5,1,0,4,27
2020-07-31,US,Oklahoma,Custer,185,0,0,35.63853802,-99.00170785,40039.0,637.8650484432644,0.0,185,173,0,0,173,161,29036,12,0,0,12,12
2020-07-31,US,Oklahoma,Delaware,390,19,0,36.40823634,-94.80325046,40041.0,906.7869515682763,4.871794871794871,371,385,19,0,366,381,42733,5,0,0,5,4
2020-07-31,US,Oklahoma,Dewey,7,0,0,35.98772922,-99.00730714,40043.0,143.1200163565733,0.0,7,7,0,0,7,7,4894,0,0,0,0,0
2020-07-31,US,Oklahoma,Ellis,3,0,0,36.218019399999996,-99.75324573,40045.0,77.74034724021767,0.0,3,3,0,0,3,3,3952,0,0,0,0,0
2020-07-31,US,Oklahoma,Garfield,330,4,0,36.3791334,-97.78265517,40047.0,540.4874213836479,1.2121212121212122,326,324,4,0,320,322,60913,6,0,0,6,2
2020-07-31,US,Oklahoma,Garvin,197,4,0,34.70418038,-97.30811132,40049.0,710.9090252968135,2.0304568527918785,193,196,4,0,192,190,27811,1,0,0,1,6
2020-07-31,US,Oklahoma,Grady,397,6,0,35.0167709,-97.88339847,40051.0,711.036286133897,1.5113350125944585,391,391,6,0,385,387,55551,6,0,0,6,4
2020-07-31,US,Oklahoma,Grant,11,0,0,36.796296999999996,-97.78638765,40053.0,253.86568197553657,0.0,11,9,0,0,9,9,4326,2,0,0,2,0
2020-07-31,US,Oklahoma,Greer,80,7,0,34.93535801,-99.56056120000001,40055.0,1400.5602240896355,8.75,73,79,7,0,72,79,5821,1,0,0,1,0
2020-07-31,US,Oklahoma,Harmon,22,0,0,34.7440135,-99.84741652,40057.0,829.2499057670561,0.0,22,15,0,0,15,12,2664,7,0,0,7,3
2020-07-31,US,Oklahoma,Harper,5,0,0,36.78836519,-99.6679804,40059.0,135.57483731019522,0.0,5,5,0,0,5,5,3797,0,0,0,0,0
2020-07-31,US,Oklahoma,Haskell,35,0,0,35.22257600000001,-95.11513306,40061.0,277.18381246535205,0.0,35,32,0,0,32,30,12668,3,0,0,3,2
2020-07-31,US,Oklahoma,Hughes,100,1,0,35.04912569,-96.24921145,40063.0,753.0687551773477,1.0,99,96,1,0,95,92,13335,4,0,0,4,4
2020-07-31,US,Oklahoma,Jackson,468,3,0,34.58781741,-99.41138784,40065.0,1907.8679168365268,0.6410256410256411,465,442,3,0,439,424,24949,26,0,0,26,18
2020-07-31,US,Oklahoma,Jefferson,29,0,0,34.11130184,-97.83182974,40067.0,483.1722759080306,0.0,29,27,0,0,27,28,6123,2,0,0,2,-1
2020-07-31,US,Oklahoma,Johnston,39,0,0,34.31440473,-96.66011537,40069.0,351.82679296346413,0.0,39,37,0,0,37,36,10949,2,0,0,2,1
2020-07-31,US,Oklahoma,Kay,207,10,0,36.81799745,-97.14421435,40071.0,475.4467361844825,4.8309178743961345,197,205,10,0,195,199,44161,2,0,0,2,6
2020-07-31,US,Oklahoma,Kingfisher,101,0,0,35.94530008,-97.94193268,40073.0,640.6596891849033,0.0,101,96,0,0,96,96,15816,5,0,0,5,0
2020-07-31,US,Oklahoma,Kiowa,24,1,0,34.91671958,-98.97720696,40075.0,275.6086357372531,4.166666666666667,23,24,1,0,23,24,8729,0,0,0,0,0
2020-07-31,US,Oklahoma,Latimer,64,1,0,34.87844729,-95.25215049,40077.0,635.3618584334359,1.5625,63,58,1,0,57,57,10231,6,0,0,6,1
2020-07-31,US,Oklahoma,Le Flore,218,1,0,34.89851864,-94.70392124,40079.0,437.2856197219826,0.4587155963302753,217,184,1,0,183,167,49980,34,0,0,34,17
2020-07-31,US,Oklahoma,Lincoln,118,2,0,35.70270942,-96.8812462,40081.0,338.3318519368065,1.6949152542372878,116,112,2,0,110,106,34920,6,0,0,6,6
2020-07-31,US,Oklahoma,Logan,170,1,0,35.91899576,-97.44352845,40083.0,354.0855220678595,0.5882352941176471,169,164,1,0,163,164,47291,6,0,0,6,0
2020-07-31,US,Oklahoma,Love,64,0,0,33.95273467,-97.23906784,40085.0,624.2075490100458,0.0,64,64,0,0,64,62,10134,0,0,0,0,2
2020-07-31,US,Oklahoma,Major,26,1,0,36.31149996,-98.53467076,40093.0,340.8048236990432,3.8461538461538463,25,23,1,0,22,22,7644,3,0,0,3,1
2020-07-31,US,Oklahoma,Marshall,93,0,0,34.02311222,-96.76855464,40095.0,549.2882877561868,0.0,93,83,0,0,83,78,16806,10,0,0,10,5
2020-07-31,US,Oklahoma,Mayes,271,6,0,36.30179091,-95.23175116,40097.0,659.367396593674,2.2140221402214024,265,270,6,0,264,259,41107,1,0,0,1,11
2020-07-31,US,Oklahoma,McClain,383,4,0,35.01123903,-97.44572302,40087.0,946.2865049167367,1.0443864229765014,379,379,4,0,375,367,39985,4,0,0,4,12
2020-07-31,US,Oklahoma,McCurtain,815,25,0,34.11664328,-94.77222373,40089.0,2482.334307992203,3.0674846625766867,790,814,25,0,789,809,32703,1,0,0,1,5
2020-07-31,US,Oklahoma,McIntosh,143,1,0,35.37235506,-95.66599306,40091.0,729.7407634211063,0.6993006993006993,142,141,1,0,140,141,19815,2,0,0,2,0
2020-07-31,US,Oklahoma,Murray,59,0,0,34.48116015,-97.06826283,40099.0,419.2425211397712,0.0,59,59,0,0,59,58,13953,0,0,0,0,1
2020-07-31,US,Oklahoma,Muskogee,416,16,0,35.61318461,-95.37802952,40101.0,611.7916966925011,3.8461538461538463,400,411,16,0,395,396,68362,5,0,0,5,15
2020-07-31,US,Oklahoma,Noble,77,2,0,36.38953329,-97.22928674,40103.0,691.761746473812,2.5974025974025974,75,74,2,0,72,73,11289,3,0,0,3,1
2020-07-31,US,Oklahoma,Nowata,51,1,0,36.79843529,-95.61902331,40105.0,506.15323541087736,1.96078431372549,50,51,1,0,50,51,10218,0,0,0,0,0
2020-07-31,US,Oklahoma,Okfuskee,53,0,0,35.46485198,-96.32639984,40107.0,441.92445593262744,0.0,53,48,0,0,48,49,12098,5,0,0,5,-1
2020-07-31,US,Oklahoma,Oklahoma,8910,97,0,35.55140095,-97.40716948,40109.0,1117.3338483184816,1.0886644219977553,8813,8669,96,0,8573,8444,792582,241,1,0,240,225
2020-07-31,US,Oklahoma,Okmulgee,370,2,0,35.64661916,-95.96432828,40111.0,961.9134277914987,0.5405405405405406,368,369,2,0,367,353,38335,1,0,0,1,16
2020-07-31,US,Oklahoma,Osage,351,11,0,36.62888819,-96.39635704,40113.0,747.3968869109724,3.133903133903134,340,346,11,0,335,340,47014,5,0,0,5,6
2020-07-31,US,Oklahoma,Ottawa,327,2,0,36.83532655,-94.81011909,40115.0,1050.5349053876057,0.6116207951070336,325,311,2,0,309,304,31175,16,0,0,16,7
2020-07-31,US,Oklahoma,Pawnee,116,3,0,36.31743373,-96.70331759999999,40117.0,708.3536883243771,2.586206896551724,113,113,3,0,110,115,16390,3,0,0,3,-2
2020-07-31,US,Oklahoma,Payne,651,3,0,36.07695283,-96.97584944,40119.0,795.9992174508461,0.4608294930875576,648,638,3,0,635,635,82040,13,0,0,13,3
2020-07-31,US,Oklahoma,Pittsburg,171,3,0,34.92065823,-95.75134320000001,40121.0,391.7166811746919,1.7543859649122806,168,160,3,0,157,159,43877,11,0,0,11,1
2020-07-31,US,Oklahoma,Pontotoc,164,2,0,34.72959848,-96.68337199,40123.0,428.3773900323896,1.2195121951219512,162,164,2,0,162,159,38247,0,0,0,0,5
2020-07-31,US,Oklahoma,Pottawatomie,359,6,0,35.20614018,-96.94923008,40125.0,494.5448534273749,1.6713091922005572,353,347,6,0,341,329,72679,12,0,0,12,18
2020-07-31,US,Oklahoma,Pushmataha,89,0,0,34.41635232,-95.37603505,40127.0,802.0908435472243,0.0,89,83,0,0,83,79,11179,6,0,0,6,4
2020-07-31,US,Oklahoma,Roger Mills,8,0,0,35.68711719,-99.69666167,40129.0,223.27658386826684,0.0,8,8,0,0,8,7,3656,0,0,0,0,1
2020-07-31,US,Oklahoma,Rogers,756,14,0,36.37004357,-95.60406759,40131.0,817.6597194432128,1.851851851851852,742,745,13,0,732,701,91984,11,1,0,10,44
2020-07-31,US,Oklahoma,Seminole,187,5,0,35.16478725,-96.61686741,40133.0,770.8797097864623,2.6737967914438503,182,179,5,0,174,175,24578,8,0,0,8,4
2020-07-31,US,Oklahoma,Sequoyah,220,4,0,35.49447108,-94.75463785,40135.0,529.2405398253508,1.818181818181818,216,214,4,0,210,199,41179,6,0,0,6,15
2020-07-31,US,Oklahoma,Stephens,168,2,0,34.48556989,-97.85141892,40137.0,389.40268409707255,1.1904761904761905,166,168,2,0,166,164,43265,0,0,0,0,4
2020-07-31,US,Oklahoma,Texas,1031,7,0,36.74777635,-101.4889765,40139.0,5159.385477656007,0.6789524733268671,1024,1029,7,0,1022,1026,20455,2,0,0,2,3
2020-07-31,US,Oklahoma,Tillman,53,1,0,34.37288446,-98.92426619,40141.0,731.0344827586208,1.8867924528301887,52,54,1,0,53,51,7348,-1,0,0,-1,3
2020-07-31,US,Oklahoma,Tulsa,8710,98,0,36.11939621,-95.94013939,40143.0,1336.808113550415,1.1251435132032146,8612,8636,98,0,8538,8319,648360,74,0,0,74,317
2020-07-31,US,Oklahoma,Unassigned,31,0,0,0.0,0.0,90040.0,0.0,0.0,31,30,0,0,30,18,,1,0,0,1,12
2020-07-31,US,Oklahoma,Wagoner,686,22,0,35.96024096,-95.51911308,40145.0,843.9026190505481,3.206997084548105,664,673,22,0,651,640,80110,13,0,0,13,33
2020-07-31,US,Oklahoma,Washington,557,39,0,36.71380786,-95.90514104,40147.0,1080.9866671841946,7.001795332136445,518,556,39,0,517,547,51843,1,0,0,1,9
2020-07-31,US,Oklahoma,Washita,24,0,0,35.29071824,-98.99180434,40149.0,219.86075485525842,0.0,24,23,0,0,23,23,11127,1,0,0,1,0
2020-07-31,US,Oklahoma,Woods,15,0,0,36.76705782,-98.86573064,40151.0,170.590242238144,0.0,15,15,0,0,15,15,8897,0,0,0,0,0
2020-07-31,US,Oklahoma,Woodward,32,0,0,36.42316318,-99.26283045,40153.0,158.32962248280643,0.0,32,30,0,0,30,31,20222,2,0,0,2,-1
2020-07-31,US,Oregon,Baker,28,0,0,44.70915557,-117.6749883,41001.0,173.6541801041925,0.0,28,25,0,0,25,22,16006,3,0,0,3,3
2020-07-31,US,Oregon,Benton,151,6,0,44.49167306,-123.4316987,41003.0,162.27311317206326,3.9735099337748334,145,148,6,0,142,141,92101,3,0,0,3,7
2020-07-31,US,Oregon,Clackamas,1361,36,0,45.18787398,-122.2179634,41005.0,325.452488958289,2.6451138868479056,1325,1339,36,0,1303,1319,416075,22,0,0,22,20
2020-07-31,US,Oregon,Clatsop,73,0,0,45.99712889,-123.660711,41007.0,181.4836913285601,0.0,73,73,0,0,73,71,39764,0,0,0,0,2
2020-07-31,US,Oregon,Columbia,73,0,0,45.94464254,-123.08908980000001,41009.0,139.43538220575314,0.0,73,73,0,0,73,70,52377,0,0,0,0,3
2020-07-31,US,Oregon,Coos,84,0,0,43.17406868,-124.0594514,41011.0,130.2588118535519,0.0,84,84,0,0,84,80,64389,0,0,0,0,4
2020-07-31,US,Oregon,Crook,42,1,0,44.14230227,-120.356297,41013.0,172.10293394525485,2.380952380952381,41,40,1,0,39,39,23867,2,0,0,2,1
2020-07-31,US,Oregon,Curry,14,0,0,42.45911325,-124.15728200000001,41015.0,61.06870229007634,0.0,14,14,0,0,14,14,22813,0,0,0,0,0
2020-07-31,US,Oregon,Deschutes,517,7,0,43.91570171,-121.2289121,41017.0,261.5179167594036,1.3539651837524178,510,509,5,0,504,494,191996,8,2,0,6,15
2020-07-31,US,Oregon,Douglas,125,1,0,43.27941273,-123.16729099999999,41019.0,112.63290683005951,0.8,124,123,1,0,122,121,110283,2,0,0,2,2
2020-07-31,US,Oregon,Gilliam,4,0,0,45.37160076,-120.20488689999999,41021.0,209.20502092050208,0.0,4,3,0,0,3,3,1894,1,0,0,1,0
2020-07-31,US,Oregon,Grant,2,0,0,44.49024544,-119.0068631,41023.0,27.781636338380327,0.0,2,2,0,0,2,2,7176,0,0,0,0,0
2020-07-31,US,Oregon,Harney,8,0,0,43.06422669,-118.96663059999999,41025.0,108.21046936291086,0.0,8,8,0,0,8,8,7329,0,0,0,0,0
2020-07-31,US,Oregon,Hood River,165,0,0,45.51872811,-121.65520359999998,41027.0,705.6710289966643,0.0,165,162,0,0,162,157,23428,3,0,0,3,5
2020-07-31,US,Oregon,Jackson,352,1,0,42.43201126,-122.72893090000001,41029.0,159.3163878629879,0.2840909090909091,351,335,1,0,334,325,219564,17,0,0,17,10
2020-07-31,US,Oregon,Jefferson,299,3,0,44.62806839,-121.17832,41031.0,1212.5882066672075,1.0033444816053512,296,293,3,0,290,281,24192,6,0,0,6,12
2020-07-31,US,Oregon,Josephine,98,1,0,42.3665549,-123.5561938,41033.0,112.01664247259592,1.020408163265306,97,98,1,0,97,98,87393,0,0,0,0,0
2020-07-31,US,Oregon,Klamath,194,1,0,42.68762984,-121.64964609999998,41035.0,284.29907089891265,0.5154639175257731,193,185,1,0,184,184,67653,9,0,0,9,1
2020-07-31,US,Oregon,Lake,32,0,0,42.79246693,-120.38501629999999,41037.0,406.6590418096328,0.0,32,32,0,0,32,31,7879,0,0,0,0,1
2020-07-31,US,Oregon,Lane,501,3,0,43.93727035,-122.847753,41039.0,131.12883342450408,0.5988023952095808,498,484,3,0,481,474,379611,17,0,0,17,10
2020-07-31,US,Oregon,Lincoln,391,9,0,44.64252874,-123.86991200000001,41041.0,782.5947720267403,2.301790281329924,382,385,8,0,377,383,49388,6,1,0,5,2
2020-07-31,US,Oregon,Linn,238,10,0,44.48899494,-122.53731540000001,41043.0,183.43108617407447,4.201680672268908,228,233,10,0,223,229,127335,5,0,0,5,4
2020-07-31,US,Oregon,Malheur,646,9,0,43.1937027,-117.62273950000001,41045.0,2113.113735239279,1.3931888544891642,637,634,9,0,625,616,30725,12,0,0,12,18
2020-07-31,US,Oregon,Marion,2575,67,0,44.90287942,-122.58151170000001,41047.0,740.3297126658194,2.601941747572816,2508,2533,67,0,2466,2495,346868,42,0,0,42,38
2020-07-31,US,Oregon,Morrow,289,2,0,45.41846568,-119.584546,41049.0,2490.7351547013704,0.6920415224913494,287,271,2,0,269,260,11372,18,0,0,18,11
2020-07-31,US,Oregon,Multnomah,4335,92,0,45.54747959,-122.4169351,41051.0,533.3054480811461,2.1222606689734715,4243,4260,90,0,4170,4201,811880,75,2,0,73,59
2020-07-31,US,Oregon,Polk,282,12,0,44.90322804,-123.4128888,41053.0,327.58320264854507,4.25531914893617,270,276,12,0,264,269,85234,6,0,0,6,7
2020-07-31,US,Oregon,Sherman,9,0,0,45.41501554,-120.6827834,41055.0,505.6179775280899,0.0,9,8,0,0,8,8,1708,1,0,0,1,0
2020-07-31,US,Oregon,Tillamook,24,0,0,45.46248721,-123.712066,41057.0,88.7705281846427,0.0,24,24,0,0,24,24,26787,0,0,0,0,0
2020-07-31,US,Oregon,Umatilla,1943,23,0,45.59073056,-118.7353826,41059.0,2492.623476587556,1.1837364899639733,1920,1902,22,0,1880,1802,77516,41,1,0,40,100
2020-07-31,US,Oregon,Union,388,2,0,45.30915495,-118.0068979,41061.0,1445.872927147382,0.5154639175257731,386,386,2,0,384,386,26461,2,0,0,2,0
2020-07-31,US,Oregon,Wallowa,19,1,0,45.57894064,-117.18353799999998,41063.0,263.59600443951166,5.2631578947368425,18,19,1,0,18,19,7081,0,0,0,0,0
2020-07-31,US,Oregon,Wasco,154,3,0,45.16292781,-121.16709540000001,41065.0,577.1681283262125,1.9480519480519483,151,152,3,0,149,150,26505,2,0,0,2,2
2020-07-31,US,Oregon,Washington,2740,22,0,45.55972701,-123.0955257,41067.0,455.4581842843655,0.8029197080291971,2718,2700,22,0,2678,2638,597695,40,0,0,40,62
2020-07-31,US,Oregon,Yamhill,336,10,0,45.23330449,-123.3086963,41071.0,313.72549019607845,2.9761904761904763,326,318,10,0,308,307,107002,18,0,0,18,11
2020-07-31,US,Pennsylvania,Adams,462,20,0,39.87140411,-77.21610347,42001.0,448.5044996068305,4.329004329004329,442,461,19,0,442,454,102811,1,1,0,0,7
2020-07-31,US,Pennsylvania,Allegheny,8094,230,0,40.46809875,-79.98167747,42003.0,665.6003684074193,2.8416110699283417,7864,7850,227,0,7623,7718,1218452,244,3,0,241,132
2020-07-31,US,Pennsylvania,Armstrong,179,6,0,40.81665618,-79.46290811,42005.0,276.51193326639384,3.35195530726257,173,178,6,0,172,174,65263,1,0,0,1,4
2020-07-31,US,Pennsylvania,Beaver,1212,88,0,40.6825484,-80.34921611,42007.0,739.3444723020332,7.260726072607262,1124,1189,88,0,1101,1176,164742,23,0,0,23,13
2020-07-31,US,Pennsylvania,Bedford,128,4,0,40.00522157,-78.48998442,42009.0,267.2903441363181,3.125,124,127,4,0,123,124,48176,1,0,0,1,3
2020-07-31,US,Pennsylvania,Berks,5152,365,0,40.41570541,-75.92457766,42011.0,1223.2764433807256,7.0846273291925455,4787,5125,364,0,4761,5100,420152,27,1,0,26,25
2020-07-31,US,Pennsylvania,Blair,204,3,0,40.47961444,-78.34917412,42013.0,167.44781620139705,1.4705882352941178,201,201,3,0,198,199,122492,3,0,0,3,2
2020-07-31,US,Pennsylvania,Bradford,80,3,0,41.78869215,-76.51570822,42015.0,132.61939890257443,3.75,77,80,3,0,77,80,60833,0,0,0,0,0
2020-07-31,US,Pennsylvania,Bucks,6902,578,0,40.33682119,-75.10836643,42017.0,1098.572269883967,8.374384236453201,6324,6847,577,0,6270,6796,628195,55,1,0,54,51
2020-07-31,US,Pennsylvania,Butler,597,15,0,40.91152759,-79.91351055,42019.0,317.80168536036155,2.512562814070352,582,593,15,0,578,586,187888,4,0,0,4,7
2020-07-31,US,Pennsylvania,Cambria,250,3,0,40.49527404,-78.71377428,42021.0,192.02408750153614,1.2,247,239,3,0,236,235,131730,11,0,0,11,4
2020-07-31,US,Pennsylvania,Cameron,5,0,0,41.43625568,-78.20376845,42023.0,112.4353496739375,0.0,5,5,0,0,5,5,4492,0,0,0,0,0
2020-07-31,US,Pennsylvania,Carbon,356,28,0,40.91545395,-75.7068525,42025.0,554.6726496525506,7.865168539325843,328,356,28,0,328,356,64227,0,0,0,0,0
2020-07-31,US,Pennsylvania,Centre,357,10,0,40.92058903,-77.82200624,42027.0,219.84789235458942,2.8011204481792715,347,353,10,0,343,370,162805,4,0,0,4,-17
2020-07-31,US,Pennsylvania,Chester,4885,349,0,39.97291773,-75.74768357,42029.0,930.4956865762904,7.14431934493347,4536,4836,346,0,4490,4796,522046,49,3,0,46,40
2020-07-31,US,Pennsylvania,Clarion,75,2,0,41.19265812,-79.42413524,42031.0,195.11941308080543,2.6666666666666665,73,73,2,0,71,72,38779,2,0,0,2,1
2020-07-31,US,Pennsylvania,Clearfield,131,0,0,41.00110782,-78.47592663,42033.0,165.28925619834712,0.0,131,122,0,0,122,120,79388,9,0,0,9,2
2020-07-31,US,Pennsylvania,Clinton,113,5,0,41.23255967,-77.63785995,42035.0,292.50362393870364,4.424778761061948,108,113,5,0,108,112,38684,0,0,0,0,1
2020-07-31,US,Pennsylvania,Columbia,457,35,0,41.04821986,-76.40565017,42037.0,703.4665353118651,7.658643326039388,422,456,35,0,421,453,65456,1,0,0,1,3
2020-07-31,US,Pennsylvania,Crawford,124,1,0,41.68447709,-80.10760592,42039.0,146.52187784329251,0.8064516129032258,123,122,1,0,121,120,85063,2,0,0,2,2
2020-07-31,US,Pennsylvania,Cumberland,1203,70,0,40.1625372,-77.26130755,42041.0,474.7997000434148,5.8187863674147975,1133,1189,70,0,1119,1180,251423,14,0,0,14,9
2020-07-31,US,Pennsylvania,Dauphin,2640,155,0,40.41377078,-76.77993242,42043.0,948.6200094143352,5.871212121212121,2485,2628,155,0,2473,2604,277097,12,0,0,12,24
2020-07-31,US,Pennsylvania,Delaware,8669,685,0,39.91680171,-75.40243663,42045.0,1529.606685169926,7.9017187680239935,7984,8610,684,0,7926,8551,564751,59,1,0,58,59
2020-07-31,US,Pennsylvania,Elk,43,2,0,41.42822061,-78.64524744,42047.0,143.76462721497828,4.651162790697675,41,42,2,0,40,42,30169,1,0,0,1,0
2020-07-31,US,Pennsylvania,Erie,923,16,0,41.99253829,-80.03301954,42049.0,342.1965832245818,1.733477789815818,907,905,15,0,890,891,272061,18,1,0,17,14
2020-07-31,US,Pennsylvania,Fayette,387,4,0,39.92041012,-79.64291195,42051.0,299.36414128130946,1.0335917312661498,383,363,4,0,359,352,130441,24,0,0,24,11
2020-07-31,US,Pennsylvania,Forest,9,0,0,41.51095103,-79.23229292,42053.0,124.1893197185042,0.0,9,9,0,0,9,9,7279,0,0,0,0,0
2020-07-31,US,Pennsylvania,Franklin,1268,46,0,39.92956518,-77.72157791,42055.0,817.9220393866875,3.6277602523659302,1222,1259,46,0,1213,1231,154835,9,0,0,9,28
2020-07-31,US,Pennsylvania,Fulton,22,2,0,39.92913544,-78.11163677,42057.0,151.41087405368202,9.090909090909092,20,22,2,0,20,22,14523,0,0,0,0,0
2020-07-31,US,Pennsylvania,Greene,107,0,0,39.85746531,-80.22357106,42059.0,295.31090442414376,0.0,107,105,0,0,105,103,36506,2,0,0,2,2
2020-07-31,US,Pennsylvania,Huntingdon,287,4,0,40.42162652,-77.97673273,42061.0,635.7433989012936,1.3937282229965158,283,287,4,0,283,287,45168,0,0,0,0,0
2020-07-31,US,Pennsylvania,Indiana,256,6,0,40.65241041,-79.08963285,42063.0,304.49728212386856,2.34375,250,250,6,0,244,241,84501,6,0,0,6,9
2020-07-31,US,Pennsylvania,Jefferson,57,1,0,41.12913106,-78.9986361,42065.0,131.2607944732297,1.7543859649122806,56,57,1,0,56,57,43641,0,0,0,0,0
2020-07-31,US,Pennsylvania,Juniata,125,6,0,40.53358749,-77.39975129999998,42067.0,504.7853652626903,4.8,119,125,6,0,119,125,24704,0,0,0,0,0
2020-07-31,US,Pennsylvania,Lackawanna,1894,212,0,41.43564672,-75.60379201,42069.0,903.3070385455516,11.19324181626188,1682,1885,212,0,1673,1878,210793,9,0,0,9,7
2020-07-31,US,Pennsylvania,Lancaster,5525,406,0,40.03904563,-76.24770128,42071.0,1012.4165328994144,7.34841628959276,5119,5488,406,0,5082,5414,543557,37,0,0,37,74
2020-07-31,US,Pennsylvania,Lawrence,338,11,0,40.99206278,-80.33393706,42073.0,395.26616147441285,3.2544378698224854,327,324,11,0,313,319,86184,14,0,0,14,5
2020-07-31,US,Pennsylvania,Lebanon,1563,54,0,40.36680311,-76.45651841,42075.0,1102.3111154993546,3.45489443378119,1509,1562,54,0,1508,1559,141314,1,0,0,1,3
2020-07-31,US,Pennsylvania,Lehigh,4810,334,0,40.6154815,-75.59435245,42077.0,1302.4006411818539,6.943866943866943,4476,4795,335,0,4460,4775,368100,15,-1,0,16,20
2020-07-31,US,Pennsylvania,Luzerne,3252,183,0,41.17823008,-75.98447579,42079.0,1024.5197957261266,5.6273062730627315,3069,3239,183,0,3056,3225,317646,13,0,0,13,14
2020-07-31,US,Pennsylvania,Lycoming,325,20,0,41.34310539,-77.06629984,42081.0,286.85160504505785,6.153846153846153,305,314,20,0,294,306,113664,11,0,0,11,8
2020-07-31,US,Pennsylvania,McKean,28,1,0,41.80938602,-78.56478358,42083.0,68.92307692307692,3.571428571428572,27,26,1,0,25,26,40968,2,0,0,2,0
2020-07-31,US,Pennsylvania,Mercer,331,9,0,41.30248872,-80.25816981,42085.0,302.49305454013745,2.7190332326283992,322,318,9,0,309,308,110683,13,0,0,13,10
2020-07-31,US,Pennsylvania,Mifflin,100,1,0,40.61116939,-77.61070738,42087.0,216.7410811045125,1.0,99,98,1,0,97,93,46222,2,0,0,2,5
2020-07-31,US,Pennsylvania,Monroe,1580,123,0,41.05934058,-75.34031025,42089.0,927.9325310828032,7.7848101265822764,1457,1573,123,0,1450,1570,169507,7,0,0,7,3
2020-07-31,US,Pennsylvania,Montgomery,9761,848,0,40.21053671,-75.36652296,42091.0,1174.7290637429821,8.687634463681999,8913,9723,847,0,8876,9673,828604,38,1,0,37,50
2020-07-31,US,Pennsylvania,Montour,93,3,0,41.03023987,-76.66345939,42093.0,510.14810751508486,3.2258064516129035,90,93,3,0,90,92,18240,0,0,0,0,1
2020-07-31,US,Pennsylvania,Northampton,3827,290,0,40.75182733,-75.30471829,42095.0,1253.5827177882961,7.577737130911943,3537,3816,289,0,3527,3806,304807,11,1,0,10,10
2020-07-31,US,Pennsylvania,Northumberland,401,11,0,40.84785433,-76.70798222,42097.0,441.42091300375375,2.743142144638404,390,400,11,0,389,398,91083,1,0,0,1,2
2020-07-31,US,Pennsylvania,Perry,113,5,0,40.40206612,-77.26297447,42099.0,244.20816044260036,4.424778761061948,108,111,5,0,106,111,46139,2,0,0,2,0
2020-07-31,US,Pennsylvania,Philadelphia,30354,1690,0,40.00338507,-75.1379271,42101.0,1916.210456143186,5.567635237530474,28664,30213,1691,0,28522,30077,1584138,141,-1,0,142,136
2020-07-31,US,Pennsylvania,Pike,524,21,0,41.33155042,-75.03208106,42103.0,938.9166621871024,4.00763358778626,503,524,21,0,503,524,55933,0,0,0,0,0
2020-07-31,US,Pennsylvania,Potter,20,0,0,41.74471626,-77.89559864,42105.0,121.0214207914801,0.0,20,20,0,0,20,20,16622,0,0,0,0,0
2020-07-31,US,Pennsylvania,Schuylkill,880,49,0,40.70497338,-76.2150785,42107.0,622.5284559172037,5.568181818181818,831,875,49,0,826,867,142067,5,0,0,5,8
2020-07-31,US,Pennsylvania,Snyder,93,2,0,40.77129231,-77.06840691,42109.0,230.35767363519267,2.150537634408602,91,92,2,0,90,92,40540,1,0,0,1,0
2020-07-31,US,Pennsylvania,Somerset,120,2,0,39.97172723,-79.02699593,42111.0,163.38311980067257,1.6666666666666667,118,117,2,0,115,114,73952,3,0,0,3,3
2020-07-31,US,Pennsylvania,Sullivan,10,0,0,41.44634738,-76.51246591,42113.0,164.85328058028355,0.0,10,10,0,0,10,10,6071,0,0,0,0,0
2020-07-31,US,Pennsylvania,Susquehanna,209,26,0,41.82147784,-75.80071959,42115.0,518.2503471533425,12.440191387559807,183,208,26,0,182,206,40589,1,0,0,1,2
2020-07-31,US,Pennsylvania,Tioga,35,2,0,41.77255149,-77.25433032,42117.0,86.22601069202534,5.7142857142857135,33,34,2,0,32,34,40763,1,0,0,1,0
2020-07-31,US,Pennsylvania,Union,132,2,0,40.96188846,-77.05996014,42119.0,293.8361195823965,1.5151515151515151,130,135,2,0,133,129,44785,-3,0,0,-3,6
2020-07-31,US,Pennsylvania,Venango,62,0,0,41.40323442,-79.75845449,42121.0,122.36520091576536,0.0,62,60,0,0,60,60,51266,2,0,0,2,0
2020-07-31,US,Pennsylvania,Warren,15,1,0,41.81304978,-79.26969577,42123.0,38.27409354188462,6.666666666666668,14,15,1,0,14,15,39498,0,0,0,0,0
2020-07-31,US,Pennsylvania,Washington,740,11,0,40.19208869,-80.24582867,42125.0,357.72121915258737,1.4864864864864864,729,723,11,0,712,710,207346,17,0,0,17,13
2020-07-31,US,Pennsylvania,Wayne,158,8,0,41.64938475,-75.29956506,42127.0,307.62640914312414,5.063291139240507,150,157,8,0,149,156,51276,1,0,0,1,1
2020-07-31,US,Pennsylvania,Westmoreland,1409,46,0,40.31377979999999,-79.46615476,42129.0,403.8417994892505,3.26472675656494,1363,1382,45,0,1337,1351,350611,27,1,0,26,31
2020-07-31,US,Pennsylvania,Wyoming,57,8,0,41.51955538,-76.01074915,42131.0,212.7341942225872,14.035087719298243,49,57,8,0,49,57,27046,0,0,0,0,0
2020-07-31,US,Pennsylvania,York,2269,86,0,39.9210089,-76.73040131,42133.0,505.2799415665682,3.7902159541648297,2183,2243,85,0,2158,2223,448273,26,1,0,25,20
2020-07-31,US,Puerto Rico,Adjuntas,82,0,0,18.180117000000006,-66.754367,72001.0,420.87974131293953,0.0,82,78,0,0,78,77,,4,0,0,4,1
2020-07-31,US,Puerto Rico,Aguada,99,0,0,18.360255,-67.17513100000001,72003.0,235.94461259801238,0.0,99,97,0,0,97,96,,2,0,0,2,1
2020-07-31,US,Puerto Rico,Aguadilla,168,0,0,18.459681,-67.12081500000001,72005.0,275.6402894223039,0.0,168,166,0,0,166,160,,2,0,0,2,6
2020-07-31,US,Puerto Rico,Aguas Buenas,102,0,0,18.251619,-66.126806,72007.0,355.9091384905265,0.0,102,102,0,0,102,99,,0,0,0,0,3
2020-07-31,US,Puerto Rico,Aibonito,73,0,0,18.131361,-66.264131,72009.0,281.8532818532818,0.0,73,73,0,0,73,71,,0,0,0,0,2
2020-07-31,US,Puerto Rico,Anasco,108,0,0,18.287985,-67.120611,72011.0,369.0919654147158,0.0,108,108,0,0,108,105,,0,0,0,0,3
2020-07-31,US,Puerto Rico,Arecibo,240,0,0,18.406631,-66.675077,72013.0,248.8593944421402,0.0,240,237,0,0,237,230,,3,0,0,3,7
2020-07-31,US,Puerto Rico,Arroyo,76,0,0,17.998457000000005,-66.056546,72015.0,388.2503192848021,0.0,76,76,0,0,76,72,,0,0,0,0,4
2020-07-31,US,Puerto Rico,Barceloneta,67,0,0,18.445533,-66.56053100000001,72017.0,269.9871050934881,0.0,67,65,0,0,65,63,,2,0,0,2,2
2020-07-31,US,Puerto Rico,Barranquitas,187,0,0,18.201592,-66.30963,72019.0,616.7953031202586,0.0,187,172,0,0,172,164,,15,0,0,15,8
2020-07-31,US,Puerto Rico,Bayamon,1064,0,0,18.34946,-66.168435,72021.0,511.25333948374947,0.0,1064,1053,0,0,1053,1028,,11,0,0,11,25
2020-07-31,US,Puerto Rico,Cabo Rojo,163,0,0,18.040993,-67.154391,72023.0,320.1288371270892,0.0,163,160,0,0,160,160,,3,0,0,3,0
2020-07-31,US,Puerto Rico,Caguas,563,0,0,18.211615,-66.050779,72025.0,394.0011057224637,0.0,563,560,0,0,560,542,,3,0,0,3,18
2020-07-31,US,Puerto Rico,Camuy,96,0,0,18.418578,-66.860206,72027.0,273.04530845587186,0.0,96,96,0,0,96,88,,0,0,0,0,8
2020-07-31,US,Puerto Rico,Canovanas,282,0,0,18.328802,-65.887612,72029.0,591.8401611820012,0.0,282,280,0,0,280,269,,2,0,0,2,11
2020-07-31,US,Puerto Rico,Carolina,848,0,0,18.374986,-65.95683100000001,72031.0,479.7411208291375,0.0,848,841,0,0,841,813,,7,0,0,7,28
2020-07-31,US,Puerto Rico,Catano,147,0,0,18.437269,-66.14330600000001,72033.0,522.3880597014926,0.0,147,145,0,0,145,137,,2,0,0,2,8
2020-07-31,US,Puerto Rico,Cayey,165,0,0,18.102851,-66.14914,72035.0,342.89989401276006,0.0,165,163,0,0,163,159,,2,0,0,2,4
2020-07-31,US,Puerto Rico,Ceiba,55,0,0,18.251818,-65.666416,72037.0,403.4920402024797,0.0,55,53,0,0,53,51,,2,0,0,2,2
2020-07-31,US,Puerto Rico,Ciales,115,0,0,18.28885,-66.516475,72039.0,612.2883611968906,0.0,115,115,0,0,115,111,,0,0,0,0,4
2020-07-31,US,Puerto Rico,Cidra,134,0,0,18.173559,-66.161179,72041.0,308.18767249310025,0.0,134,132,0,0,132,129,,2,0,0,2,3
2020-07-31,US,Puerto Rico,Coamo,110,0,0,18.097597,-66.36014,72043.0,271.52448657187995,0.0,110,110,0,0,110,102,,0,0,0,0,8
2020-07-31,US,Puerto Rico,Comerio,99,0,0,18.224687,-66.221622,72045.0,476.4654923476754,0.0,99,97,0,0,97,95,,2,0,0,2,2
2020-07-31,US,Puerto Rico,Corozal,145,0,0,18.304264,-66.327738,72047.0,390.393624468257,0.0,145,141,0,0,141,129,,4,0,0,4,12
2020-07-31,US,Puerto Rico,Culebra,17,0,0,18.31586,-65.28813000000001,72049.0,935.093509350935,0.0,17,17,0,0,17,16,,0,0,0,0,1
2020-07-31,US,Puerto Rico,Dorado,228,0,0,18.436115,-66.278669,72051.0,597.4060002620201,0.0,228,226,0,0,226,224,,2,0,0,2,2
2020-07-31,US,Puerto Rico,Fajardo,180,0,0,18.318373,-65.666866,72053.0,486.5785418863028,0.0,180,176,0,0,176,168,,4,0,0,4,8
2020-07-31,US,Puerto Rico,Florida,136,0,0,18.373715,-66.560488,72054.0,1072.5552050473186,0.0,136,130,0,0,130,125,,6,0,0,6,5
2020-07-31,US,Puerto Rico,Guanica,52,0,0,17.982429,-66.91964300000001,72055.0,267.66870849848146,0.0,52,52,0,0,52,52,,0,0,0,0,0
2020-07-31,US,Puerto Rico,Guayama,128,0,0,18.007516,-66.13390799999999,72057.0,282.1745072968564,0.0,128,127,0,0,127,122,,1,0,0,1,5
2020-07-31,US,Puerto Rico,Guayanilla,113,0,0,18.039942,-66.79186,72059.0,523.6087299013021,0.0,113,112,0,0,112,111,,1,0,0,1,1
2020-07-31,US,Puerto Rico,Guaynabo,668,0,0,18.345114,-66.11452299999999,72061.0,682.1616764021078,0.0,668,663,0,0,663,647,,5,0,0,5,16
2020-07-31,US,Puerto Rico,Gurabo,197,0,0,18.266461,-65.97970500000001,72063.0,434.21719676431036,0.0,197,196,0,0,196,187,,1,0,0,1,9
2020-07-31,US,Puerto Rico,Hatillo,80,0,0,18.410928,-66.79632600000001,72065.0,190.68958119800732,0.0,80,76,0,0,76,74,,4,0,0,4,2
2020-07-31,US,Puerto Rico,Hormigueros,79,0,0,18.134532,-67.113972,72067.0,457.9710144927536,0.0,79,79,0,0,79,77,,0,0,0,0,2
2020-07-31,US,Puerto Rico,Humacao,152,0,0,18.145211,-65.810174,72069.0,259.98015940888723,0.0,152,150,0,0,150,148,,2,0,0,2,2
2020-07-31,US,Puerto Rico,Isabela,115,0,0,18.44981,-67.005093,72071.0,252.02165194714118,0.0,115,111,0,0,111,106,,4,0,0,4,5
2020-07-31,US,Puerto Rico,Jayuya,177,0,0,18.211446,-66.58878,72073.0,1063.574089652686,0.0,177,176,0,0,176,175,,1,0,0,1,1
2020-07-31,US,Puerto Rico,Juana Diaz,166,0,0,18.050764,-66.49458100000001,72075.0,207.76750065709598,0.0,166,163,0,0,163,159,,3,0,0,3,4
2020-07-31,US,Puerto Rico,Juncos,97,0,0,18.223793,-65.909109,72077.0,240.75452965996524,0.0,97,94,0,0,94,92,,3,0,0,3,2
2020-07-31,US,Puerto Rico,Lajas,70,0,0,18.011661,-67.040585,72079.0,271.8129926610492,0.0,70,69,0,0,69,66,,1,0,0,1,3
2020-07-31,US,Puerto Rico,Lares,124,0,0,18.269035,-66.867236,72081.0,403.2126946964524,0.0,124,121,0,0,121,117,,3,0,0,3,4
2020-07-31,US,Puerto Rico,Las Marias,48,0,0,18.23679,-66.98362,72083.0,485.7807914178727,0.0,48,48,0,0,48,46,,0,0,0,0,2
2020-07-31,US,Puerto Rico,Las Piedras,125,0,0,18.187527,-65.86946800000001,72085.0,323.20620555914667,0.0,125,123,0,0,123,120,,2,0,0,2,3
2020-07-31,US,Puerto Rico,Loiza,77,0,0,18.425688,-65.89943000000001,72087.0,256.15435795076513,0.0,77,76,0,0,76,74,,1,0,0,1,2
2020-07-31,US,Puerto Rico,Luquillo,88,0,0,18.342114,-65.72509699999999,72089.0,438.5090691648396,0.0,88,86,0,0,86,86,,2,0,0,2,0
2020-07-31,US,Puerto Rico,Manati,179,0,0,18.420473,-66.490461,72091.0,405.77607507990837,0.0,179,178,0,0,178,169,,1,0,0,1,9
2020-07-31,US,Puerto Rico,Maricao,41,0,0,18.171795,-66.942126,72093.0,653.2823454429572,0.0,41,40,0,0,40,39,,1,0,0,1,1
2020-07-31,US,Puerto Rico,Maunabo,50,0,0,18.017889,-65.922235,72095.0,408.9979550102248,0.0,50,49,0,0,49,46,,1,0,0,1,3
2020-07-31,US,Puerto Rico,Mayaguez,418,0,0,18.2013,-67.1452,72097.0,469.24113156713065,0.0,418,414,0,0,414,403,,4,0,0,4,11
2020-07-31,US,Puerto Rico,Moca,144,0,0,18.377805,-67.080952,72099.0,359.0216659602583,0.0,144,141,0,0,141,137,,3,0,0,3,4
2020-07-31,US,Puerto Rico,Morovis,197,0,0,18.316963,-66.420383,72101.0,604.1091689665748,0.0,197,194,0,0,194,184,,3,0,0,3,10
2020-07-31,US,Puerto Rico,Naguabo,81,0,0,18.230637,-65.753897,72103.0,303.1437125748503,0.0,81,81,0,0,81,77,,0,0,0,0,4
2020-07-31,US,Puerto Rico,Naranjito,207,0,0,18.288019,-66.252703,72105.0,680.8762581409117,0.0,207,199,0,0,199,194,,8,0,0,8,5
2020-07-31,US,Puerto Rico,Orocovis,162,0,0,18.215046,-66.433604,72107.0,691.6278871194977,0.0,162,159,0,0,159,156,,3,0,0,3,3
2020-07-31,US,Puerto Rico,Out of PR,616,0,0,0.0,0.0,72888.0,0.0,0.0,616,585,0,0,585,555,,31,0,0,31,30
2020-07-31,US,Puerto Rico,Patillas,92,0,0,18.03174,-66.012242,72109.0,477.25268454635057,0.0,92,92,0,0,92,90,,0,0,0,0,2
2020-07-31,US,Puerto Rico,Penuelas,57,0,0,18.059645,-66.721572,72111.0,234.74178403755863,0.0,57,55,0,0,55,54,,2,0,0,2,1
2020-07-31,US,Puerto Rico,Ponce,395,0,0,18.059498,-66.613748,72113.0,237.4839923764632,0.0,395,389,0,0,389,385,,6,0,0,6,4
2020-07-31,US,Puerto Rico,Quebradillas,65,0,0,18.439692,-66.926113,72115.0,250.78128014198086,0.0,65,64,0,0,64,62,,1,0,0,1,2
2020-07-31,US,Puerto Rico,Rincon,81,0,0,18.335443,-67.23174,72117.0,532.8947368421053,0.0,81,80,0,0,80,79,,1,0,0,1,1
2020-07-31,US,Puerto Rico,Rio Grande,225,0,0,18.346329,-65.813742,72119.0,414.3341190335887,0.0,225,220,0,0,220,211,,5,0,0,5,9
2020-07-31,US,Puerto Rico,Sabana Grande,104,0,0,18.08282,-66.943758,72121.0,411.6366514941618,0.0,104,104,0,0,104,103,,0,0,0,0,1
2020-07-31,US,Puerto Rico,Salinas,132,0,0,18.010386999999994,-66.256592,72123.0,424.73775661239466,0.0,132,131,0,0,131,130,,1,0,0,1,1
2020-07-31,US,Puerto Rico,San German,121,0,0,18.111484,-67.03858100000001,72125.0,340.58603315787985,0.0,121,120,0,0,120,117,,1,0,0,1,3
2020-07-31,US,Puerto Rico,San Juan,2291,0,0,18.386933,-66.061128,72127.0,579.5217111953173,0.0,2291,2267,0,0,2267,2170,,24,0,0,24,97
2020-07-31,US,Puerto Rico,San Lorenzo,127,0,0,18.147987,-65.976392,72129.0,309.3185250133957,0.0,127,124,0,0,124,121,,3,0,0,3,3
2020-07-31,US,Puerto Rico,San Sebastian,170,0,0,18.328646,-66.971214,72131.0,400.6599104407258,0.0,170,166,0,0,166,158,,4,0,0,4,8
2020-07-31,US,Puerto Rico,Santa Isabel,82,0,0,17.994525,-66.388913,72133.0,352.3244822548767,0.0,82,81,0,0,81,81,,1,0,0,1,0
2020-07-31,US,Puerto Rico,Toa Alta,410,0,0,18.362406,-66.246616,72135.0,553.5603380768504,0.0,410,398,0,0,398,384,,12,0,0,12,14
2020-07-31,US,Puerto Rico,Toa Baja,395,0,0,18.431446,-66.213553,72137.0,440.8039371045319,0.0,395,388,0,0,388,364,,7,0,0,7,24
2020-07-31,US,Puerto Rico,Trujillo Alto,372,0,0,18.336159,-65.99888399999999,72139.0,497.04711258384316,0.0,372,367,0,0,367,353,,5,0,0,5,14
2020-07-31,US,Puerto Rico,Unassigned,354,219,0,0.0,0.0,72999.0,0.0,61.864406779661024,135,405,214,0,191,431,,-51,5,0,-56,-26
2020-07-31,US,Puerto Rico,Utuado,57,0,0,18.271214,-66.702984,72141.0,171.95088841292346,0.0,57,54,0,0,54,54,,3,0,0,3,0
2020-07-31,US,Puerto Rico,Vega Alta,167,0,0,18.409346,-66.33725,72143.0,418.0120647793547,0.0,167,165,0,0,165,163,,2,0,0,2,2
2020-07-31,US,Puerto Rico,Vega Baja,290,0,0,18.428262,-66.397924,72145.0,486.0715363212765,0.0,290,282,0,0,282,269,,8,0,0,8,13
2020-07-31,US,Puerto Rico,Vieques,37,0,0,18.123276,-65.44097099999999,72147.0,397.806687452962,0.0,37,36,0,0,36,35,,1,0,0,1,1
2020-07-31,US,Puerto Rico,Villalba,71,0,0,18.127951,-66.473115,72149.0,272.3123537759368,0.0,71,71,0,0,71,71,,0,0,0,0,0
2020-07-31,US,Puerto Rico,Yabucoa,92,0,0,18.070399,-65.896289,72151.0,242.4817479771224,0.0,92,91,0,0,91,88,,1,0,0,1,3
2020-07-31,US,Puerto Rico,Yauco,194,0,0,18.080374,-66.858814,72153.0,461.4323430773256,0.0,194,191,0,0,191,186,,3,0,0,3,5
2020-07-31,US,Rhode Island,Bristol,304,0,0,41.71018079,-71.28652315,44001.0,627.0756409991958,0.0,304,304,0,0,304,304,48649,0,0,0,0,0
2020-07-31,US,Rhode Island,Kent,1421,0,0,41.67106337,-71.57641596,44003.0,864.9234290166289,0.0,1421,1421,0,0,1421,1421,163861,0,0,0,0,0
2020-07-31,US,Rhode Island,Newport,380,0,0,41.5642026,-71.26569799,44005.0,462.9516824638777,0.0,380,380,0,0,380,380,82542,0,0,0,0,0
2020-07-31,US,Rhode Island,Providence,14549,0,0,41.87064746,-71.57753536,44007.0,2277.084693026321,0.0,14549,14549,0,0,14549,14549,636084,0,0,0,0,0
2020-07-31,US,Rhode Island,Unassigned,1778,1007,0,0.0,0.0,90044.0,0.0,56.636670416197965,771,1706,1007,0,699,1556,,72,0,0,72,150
2020-07-31,US,Rhode Island,Washington,590,0,0,41.45961631,-71.61435303,44009.0,469.83125890887663,0.0,590,590,0,0,590,590,126179,0,0,0,0,0
2020-07-31,US,South Carolina,Abbeville,282,7,0,34.22333378,-82.46170658,45001.0,1149.753333061524,2.482269503546099,275,285,7,0,278,279,24541,-3,0,0,-3,6
2020-07-31,US,South Carolina,Aiken,1491,24,0,33.54338026,-81.63645384,45003.0,872.5829860948546,1.6096579476861168,1467,1444,24,0,1420,1403,169401,47,0,0,47,41
2020-07-31,US,South Carolina,Allendale,173,3,0,32.98837386,-81.35321066,45005.0,1991.2523020257827,1.7341040462427746,170,172,3,0,169,163,8903,1,0,0,1,9
2020-07-31,US,South Carolina,Anderson,1939,43,0,34.51828081,-82.63959517,45007.0,957.2566869736077,2.21763795771016,1896,1882,41,0,1841,1816,200482,57,2,0,55,66
2020-07-31,US,South Carolina,Bamberg,423,16,0,33.21927586,-81.05659969,45009.0,3007.25152850846,3.7825059101654848,407,414,15,0,399,387,14275,9,1,0,8,27
2020-07-31,US,South Carolina,Barnwell,320,4,0,33.26679302,-81.43584352,45011.0,1533.5953225342664,1.25,316,313,4,0,309,300,21112,7,0,0,7,13
2020-07-31,US,South Carolina,Beaufort,3503,47,0,32.39226291,-80.72619758,45013.0,1823.3205983697856,1.3417071081929774,3456,3398,44,0,3354,3285,188715,105,3,0,102,113
2020-07-31,US,South Carolina,Berkeley,3760,57,0,33.20222596,-79.94654523,45015.0,1649.7957500208418,1.5159574468085106,3703,3731,57,0,3674,3636,221091,29,0,0,29,95
2020-07-31,US,South Carolina,Calhoun,295,7,0,33.66926881,-80.77722168,45017.0,2027.073455644884,2.3728813559322037,288,284,6,0,278,280,14520,11,1,0,10,4
2020-07-31,US,South Carolina,Charleston,11345,162,0,32.82487866,-79.96512315,45019.0,2757.6165636864807,1.4279418245923314,11183,11260,158,0,11102,11125,405905,85,4,0,81,135
2020-07-31,US,South Carolina,Cherokee,528,25,0,35.05122251,-81.61828622,45021.0,921.4659685863876,4.7348484848484835,503,515,24,0,491,512,57078,13,1,0,12,3
2020-07-31,US,South Carolina,Chester,532,11,0,34.69249168,-81.1583216,45023.0,1649.9193648430717,2.0676691729323307,521,523,10,0,513,499,32251,9,1,0,8,24
2020-07-31,US,South Carolina,Chesterfield,670,19,0,34.64137396,-80.15640140000002,45025.0,1467.6889375684555,2.8358208955223883,651,660,19,0,641,649,45754,10,0,0,10,11
2020-07-31,US,South Carolina,Clarendon,749,50,0,33.66610974,-80.21647898,45027.0,2219.5880871240183,6.675567423230975,699,740,50,0,690,712,33700,9,0,0,9,28
2020-07-31,US,South Carolina,Colleton,739,31,0,32.87582989,-80.67641292,45029.0,1961.4088170501896,4.194857916102841,708,727,31,0,696,703,37660,12,0,0,12,24
2020-07-31,US,South Carolina,Darlington,1023,33,0,34.33358335,-79.96027485,45031.0,1535.6210033324326,3.2258064516129035,990,994,33,0,961,945,66802,29,0,0,29,49
2020-07-31,US,South Carolina,Dillon,541,23,0,34.39007791,-79.37741872,45033.0,1774.9926178680405,4.251386321626617,518,536,23,0,513,521,30599,5,0,0,5,15
2020-07-31,US,South Carolina,Dorchester,2702,39,0,33.0794369,-80.40502652,45035.0,1659.6134120349611,1.4433752775721689,2663,2653,37,0,2616,2660,160647,49,2,0,47,-7
2020-07-31,US,South Carolina,Edgefield,273,6,0,33.77221995,-81.96231108,45037.0,1001.4673514306676,2.1978021978021984,267,264,6,0,258,258,27052,9,0,0,9,6
2020-07-31,US,South Carolina,Fairfield,525,23,0,34.39287073,-81.1195624,45039.0,2349.308632031145,4.380952380952381,502,517,23,0,494,508,22402,8,0,0,8,9
2020-07-31,US,South Carolina,Florence,2853,93,0,34.02361754,-79.70189312,45041.0,2063.011143007961,3.2597266035751837,2760,2789,91,0,2698,2676,138159,64,2,0,62,113
2020-07-31,US,South Carolina,Georgetown,1237,18,0,33.43443342,-79.33202141,45043.0,1973.5162731333758,1.4551333872271626,1219,1211,17,0,1194,1188,62249,26,1,0,25,23
2020-07-31,US,South Carolina,Greenville,10034,184,0,34.89502264,-82.37295012,45045.0,1916.5606579796845,1.8337651983256928,9850,9876,175,0,9701,9737,514213,158,9,0,149,139
2020-07-31,US,South Carolina,Greenwood,1197,15,0,34.15272415,-82.12715789,45047.0,1690.4153309514056,1.2531328320802004,1182,1174,15,0,1159,1170,70741,23,0,0,23,4
2020-07-31,US,South Carolina,Hampton,320,8,0,32.77419582,-81.13845571,45049.0,1664.7591301633545,2.5,312,309,8,0,301,304,19351,11,0,0,11,5
2020-07-31,US,South Carolina,Horry,7975,126,0,33.9212828,-78.99555293,45051.0,2252.3094998037172,1.5799373040752351,7849,7873,121,0,7752,7792,344147,102,5,0,97,81
2020-07-31,US,South Carolina,Jasper,483,11,0,32.43171982,-81.02487495,45053.0,1606.0918431815915,2.2774327122153206,472,474,11,0,463,466,28971,9,0,0,9,8
2020-07-31,US,South Carolina,Kershaw,1260,22,0,34.33988254,-80.58763164,45055.0,1893.2848492133853,1.746031746031746,1238,1246,22,0,1224,1216,65592,14,0,0,14,30
2020-07-31,US,South Carolina,Lancaster,1018,21,0,34.68270843,-80.70513032,45057.0,1038.6483287760682,2.06286836935167,997,1003,21,0,982,984,95380,15,0,0,15,19
2020-07-31,US,South Carolina,Laurens,1189,34,0,34.48244419,-82.00490796,45059.0,1761.6641725808606,2.8595458368376785,1155,1176,33,0,1143,1155,66994,13,1,0,12,21
2020-07-31,US,South Carolina,Lee,487,26,0,34.16393091,-80.25690731,45061.0,2893.9862134537675,5.338809034907596,461,485,26,0,459,479,17142,2,0,0,2,6
2020-07-31,US,South Carolina,Lexington,4531,97,0,33.89665987,-81.27146426,45063.0,1516.652719665272,2.1408077687044798,4434,4488,97,0,4391,4429,295032,43,0,0,43,59
2020-07-31,US,South Carolina,Marion,511,12,0,34.07859748,-79.36400756,45067.0,1666.8297615552729,2.348336594911937,499,498,12,0,486,486,31039,13,0,0,13,12
2020-07-31,US,South Carolina,Marlboro,423,4,0,34.59905577,-79.67561152,45069.0,1619.5727084769126,0.9456264775413712,419,409,4,0,405,399,26398,14,0,0,14,10
2020-07-31,US,South Carolina,McCormick,99,2,0,33.90161443,-82.30794338,45065.0,1046.1798583958578,2.0202020202020203,97,100,2,0,98,99,9410,-1,0,0,-1,1
2020-07-31,US,South Carolina,Newberry,745,8,0,34.28629098,-81.59935761,45071.0,1938.0853277835583,1.0738255033557047,737,737,8,0,729,722,38520,8,0,0,8,15
2020-07-31,US,South Carolina,Oconee,716,6,0,34.75225169,-83.06742317,45073.0,900.1081135443643,0.8379888268156425,710,699,6,0,693,676,78374,17,0,0,17,23
2020-07-31,US,South Carolina,Orangeburg,2120,57,0,33.4391073,-80.79886287,45075.0,2460.110240789092,2.688679245283019,2063,2061,52,0,2009,2028,86934,59,5,0,54,33
2020-07-31,US,South Carolina,Pickens,1683,22,0,34.88807695,-82.72791551,45077.0,1326.408373002112,1.30718954248366,1661,1653,20,0,1633,1616,124937,30,2,0,28,37
2020-07-31,US,South Carolina,Richland,7780,131,0,34.01791263,-80.90267209,45079.0,1871.276388484675,1.6838046272493574,7649,7617,129,0,7488,7395,414576,163,2,0,161,222
2020-07-31,US,South Carolina,Saluda,398,7,0,34.00795823,-81.72713237,45081.0,1944.0238362721634,1.7587939698492463,391,395,7,0,388,394,20544,3,0,0,3,1
2020-07-31,US,South Carolina,Spartanburg,3656,82,0,34.92960077,-81.99225984,45083.0,1143.2681332770455,2.2428884026258205,3574,3609,81,0,3528,3544,313888,47,1,0,46,65
2020-07-31,US,South Carolina,Sumter,2227,43,0,33.91826534,-80.37942316,45085.0,2086.749561941886,1.9308486753480016,2184,2201,42,0,2159,2164,106512,26,1,0,25,37
2020-07-31,US,South Carolina,Union,324,2,0,34.68835752,-81.61730349,45087.0,1186.1180260653098,0.6172839506172839,322,307,2,0,305,302,27410,17,0,0,17,5
2020-07-31,US,South Carolina,Williamsburg,860,24,0,33.62190129,-79.72767442,45089.0,2831.928345626976,2.7906976744186047,836,848,23,0,825,812,30606,12,1,0,11,36
2020-07-31,US,South Carolina,York,3077,27,0,34.97281497,-81.18085944,45091.0,1095.0996337804604,0.8774780630484238,3050,3022,27,0,2995,2972,274118,55,0,0,55,50
2020-07-31,US,South Dakota,Aurora,37,0,0,43.71757685,-98.56050467,46003.0,1344.9654671028716,0.0,37,37,0,0,37,37,2801,0,0,0,0,0
2020-07-31,US,South Dakota,Beadle,586,9,0,44.41464384,-98.27858469,46005.0,3175.635398038259,1.5358361774744027,577,585,9,0,576,585,18883,1,0,0,1,0
2020-07-31,US,South Dakota,Bennett,5,0,0,43.19486375,-101.6665572,46007.0,148.5884101040119,0.0,5,5,0,0,5,5,3468,0,0,0,0,0
2020-07-31,US,South Dakota,Bon Homme,13,0,0,42.98914167,-97.88592746,46009.0,188.37849587016373,0.0,13,13,0,0,13,13,6980,0,0,0,0,0
2020-07-31,US,South Dakota,Brookings,113,0,0,44.36974375,-96.79079945,46011.0,322.14841634119216,0.0,113,112,0,0,112,111,35232,1,0,0,1,1
2020-07-31,US,South Dakota,Brown,397,3,0,45.58994323,-98.35165355,46013.0,1022.1684389402403,0.7556675062972292,394,395,3,0,392,390,39316,2,0,0,2,5
2020-07-31,US,South Dakota,Brule,40,0,0,43.71756379,-99.08118954,46015.0,755.1444213705871,0.0,40,39,0,0,39,38,5229,1,0,0,1,1
2020-07-31,US,South Dakota,Buffalo,106,3,0,44.07657829,-99.20814467,46017.0,5402.650356778797,2.830188679245283,103,105,3,0,102,105,2036,1,0,0,1,0
2020-07-31,US,South Dakota,Butte,10,1,0,44.90608745,-103.5079318,46019.0,95.88647041902388,10.0,9,10,1,0,9,10,10222,0,0,0,0,0
2020-07-31,US,South Dakota,Campbell,2,0,0,45.77074915,-100.0510181,46021.0,145.3488372093023,0.0,2,1,0,0,1,1,1377,1,0,0,1,0
2020-07-31,US,South Dakota,Charles Mix,99,0,0,43.20660134,-98.58856175,46023.0,1065.4326302195436,0.0,99,99,0,0,99,99,9338,0,0,0,0,0
2020-07-31,US,South Dakota,Clark,16,0,0,44.85834507,-97.72925109,46025.0,428.2655246252677,0.0,16,16,0,0,16,16,3739,0,0,0,0,0
2020-07-31,US,South Dakota,Clay,113,0,0,42.91296147,-96.97656917,46027.0,803.1272210376687,0.0,113,111,0,0,111,110,14041,2,0,0,2,1
2020-07-31,US,South Dakota,Codington,117,0,0,44.97788119,-97.18827677,46029.0,417.72287479024595,0.0,117,117,0,0,117,117,28015,0,0,0,0,0
2020-07-31,US,South Dakota,Corson,26,0,0,45.70889983,-101.1970473,46031.0,636.3191385217817,0.0,26,26,0,0,26,26,4165,0,0,0,0,0
2020-07-31,US,South Dakota,Custer,18,0,0,43.67741105,-103.45345209999999,46033.0,200.62416406598305,0.0,18,13,0,0,13,13,8726,5,0,0,5,0
2020-07-31,US,South Dakota,Davison,86,0,0,43.67490933,-98.14458906,46035.0,434.8925410872314,0.0,86,84,0,0,84,83,19790,2,0,0,2,1
2020-07-31,US,South Dakota,Day,21,0,0,45.367281,-97.60737498,46037.0,387.1681415929203,0.0,21,21,0,0,21,21,5505,0,0,0,0,0
2020-07-31,US,South Dakota,Deuel,9,0,0,44.75994309,-96.66943645,46039.0,206.84900022983226,0.0,9,9,0,0,9,9,4337,0,0,0,0,0
2020-07-31,US,South Dakota,Dewey,58,0,0,45.15639647,-100.8709139,46041.0,984.3856076035304,0.0,58,56,0,0,56,54,5904,2,0,0,2,2
2020-07-31,US,South Dakota,Douglas,16,0,0,43.38520741,-98.36978007,46043.0,547.757617254365,0.0,16,16,0,0,16,16,2935,0,0,0,0,0
2020-07-31,US,South Dakota,Edmunds,13,0,0,45.41846445,-99.21545423,46045.0,339.5142334813267,0.0,13,10,0,0,10,10,3875,3,0,0,3,0
2020-07-31,US,South Dakota,Fall River,14,0,0,43.23929297,-103.5275691,46047.0,208.5505735140772,0.0,14,14,0,0,14,14,6758,0,0,0,0,0
2020-07-31,US,South Dakota,Faulk,26,1,0,45.07082625,-99.14535601,46049.0,1130.9264897781645,3.8461538461538463,25,26,1,0,25,26,2330,0,0,0,0,0
2020-07-31,US,South Dakota,Grant,18,0,0,45.1723937,-96.77002276,46051.0,255.24673851389682,0.0,18,18,0,0,18,18,7147,0,0,0,0,0
2020-07-31,US,South Dakota,Gregory,7,0,0,43.19419064,-99.18883902,46053.0,167.26403823178018,0.0,7,7,0,0,7,7,4212,0,0,0,0,0
2020-07-31,US,South Dakota,Haakon,1,0,0,44.29299053,-101.539099,46055.0,52.6592943654555,0.0,1,1,0,0,1,1,1918,0,0,0,0,0
2020-07-31,US,South Dakota,Hamlin,14,0,0,44.67385954,-97.18829593,46057.0,227.125243348475,0.0,14,14,0,0,14,14,6111,0,0,0,0,0
2020-07-31,US,South Dakota,Hand,7,0,0,44.54708407,-99.00386459,46059.0,219.36696960200558,0.0,7,7,0,0,7,7,3262,0,0,0,0,0
2020-07-31,US,South Dakota,Hanson,20,0,0,43.6746384,-97.78715148,46061.0,579.2064871126556,0.0,20,20,0,0,20,20,3376,0,0,0,0,0
2020-07-31,US,South Dakota,Hughes,83,2,0,44.39091534,-99.99661148,46065.0,473.5821065845031,2.409638554216868,81,83,2,0,81,83,17650,0,0,0,0,0
2020-07-31,US,South Dakota,Hutchinson,26,0,0,43.33449012,-97.75536441,46067.0,356.6040323686737,0.0,26,25,0,0,25,24,7380,1,0,0,1,1
2020-07-31,US,South Dakota,Hyde,3,0,0,44.54747703,-99.48572582,46069.0,230.59185242121444,0.0,3,3,0,0,3,3,1282,0,0,0,0,0
2020-07-31,US,South Dakota,Jackson,8,1,0,43.69318385,-101.6255063,46071.0,239.2344497607656,12.5,7,7,1,0,6,7,3307,1,0,0,1,0
2020-07-31,US,South Dakota,Jerauld,39,1,0,44.06637798,-98.62965972,46073.0,1937.4068554396426,2.5641025641025643,38,39,1,0,38,39,2043,0,0,0,0,0
2020-07-31,US,South Dakota,Jones,2,0,0,43.96278565,-100.6940008,46075.0,221.4839424141749,0.0,2,1,0,0,1,1,928,1,0,0,1,0
2020-07-31,US,South Dakota,Kingsbury,12,0,0,44.36956169,-97.4913945,46077.0,242.96416278598903,0.0,12,11,0,0,11,11,4919,1,0,0,1,0
2020-07-31,US,South Dakota,Lake,78,2,0,44.02193107,-97.12926365,46079.0,609.5178557474408,2.5641025641025643,76,79,2,0,77,78,13057,-1,0,0,-1,1
2020-07-31,US,South Dakota,Lawrence,26,0,0,44.35919441,-103.79294279999999,46081.0,100.60362173038229,0.0,26,26,0,0,26,26,25741,0,0,0,0,0
2020-07-31,US,South Dakota,Lincoln,542,2,0,43.27841182,-96.72039050000001,46083.0,886.6640492082187,0.3690036900369004,540,523,2,0,521,521,58807,19,0,0,19,2
2020-07-31,US,South Dakota,Lyman,87,2,0,43.89522709,-99.85201878,46085.0,2300.9785770960066,2.2988505747126435,85,85,2,0,83,85,3821,2,0,0,2,0
2020-07-31,US,South Dakota,Marshall,8,0,0,45.75870838,-97.59855639,46091.0,162.10739614994938,0.0,8,8,0,0,8,8,5112,0,0,0,0,0
2020-07-31,US,South Dakota,McCook,24,1,0,43.6742571,-97.36863144,46087.0,429.6455424274973,4.166666666666667,23,24,1,0,23,24,5546,0,0,0,0,0
2020-07-31,US,South Dakota,McPherson,6,0,0,45.76626028,-99.22118798,46089.0,252.20680958385879,0.0,6,6,0,0,6,6,2407,0,0,0,0,0
2020-07-31,US,South Dakota,Meade,71,1,0,44.56676791,-102.71627409999999,46093.0,250.60002823662293,1.4084507042253518,70,69,1,0,68,68,28294,2,0,0,2,1
2020-07-31,US,South Dakota,Mellette,24,0,0,43.58078848,-100.7563186,46095.0,1164.4832605531294,0.0,24,24,0,0,24,23,2042,0,0,0,0,1
2020-07-31,US,South Dakota,Miner,14,0,0,44.02197882,-97.60992207,46097.0,631.7689530685917,0.0,14,13,0,0,13,13,2213,1,0,0,1,0
2020-07-31,US,South Dakota,Minnehaha,4150,63,0,43.67441641,-96.7910885,46099.0,2148.7671771930372,1.5180722891566265,4087,4133,63,0,4070,4118,192876,17,0,0,17,15
2020-07-31,US,South Dakota,Moody,30,0,0,44.02266214,-96.67081159,46101.0,456.2043795620438,0.0,30,30,0,0,30,29,6579,0,0,0,0,1
2020-07-31,US,South Dakota,Oglala Lakota,141,1,0,43.33749164,-102.55554980000001,46102.0,994.5686675601326,0.7092198581560284,140,140,1,0,139,139,14309,1,0,0,1,1
2020-07-31,US,South Dakota,Pennington,811,27,0,44.0025835,-102.8240777,46103.0,712.8103713469568,3.3292231812577064,784,804,26,0,778,796,111729,7,1,0,6,8
2020-07-31,US,South Dakota,Perkins,6,0,0,45.49049506,-102.47555859999999,46105.0,209.42408376963348,0.0,6,6,0,0,6,6,2922,0,0,0,0,0
2020-07-31,US,South Dakota,Potter,1,0,0,45.06583079,-99.95498503,46107.0,46.44681839294008,0.0,1,1,0,0,1,1,2207,0,0,0,0,0
2020-07-31,US,South Dakota,Roberts,69,1,0,45.62975048,-96.94672673,46109.0,663.8445256878969,1.4492753623188406,68,69,1,0,68,67,10447,0,0,0,0,2
2020-07-31,US,South Dakota,Sanborn,13,0,0,44.02351092,-98.09098159999999,46111.0,554.6075085324234,0.0,13,13,0,0,13,13,2429,0,0,0,0,0
2020-07-31,US,South Dakota,Spink,19,0,0,44.93837606,-98.34626602,46115.0,297.99247176913417,0.0,19,19,0,0,19,19,6495,0,0,0,0,0
2020-07-31,US,South Dakota,Stanley,14,0,0,44.41381872,-100.7349153,46117.0,451.9044544867656,0.0,14,14,0,0,14,14,3022,0,0,0,0,0
2020-07-31,US,South Dakota,Sully,1,0,0,44.71571812,-100.1278092,46119.0,71.89072609633357,0.0,1,1,0,0,1,1,1392,0,0,0,0,0
2020-07-31,US,South Dakota,Todd,66,4,0,43.19338568,-100.71955030000001,46121.0,648.5211751989781,6.0606060606060606,62,66,4,0,62,66,10283,0,0,0,0,0
2020-07-31,US,South Dakota,Tripp,20,0,0,43.34459388,-99.8854891,46123.0,367.5794890645102,0.0,20,20,0,0,20,20,5478,0,0,0,0,0
2020-07-31,US,South Dakota,Turner,44,0,0,43.3109081,-97.14865776,46125.0,524.8091603053434,0.0,44,42,0,0,42,42,8424,2,0,0,2,0
2020-07-31,US,South Dakota,Union,191,3,0,42.83112163,-96.6557828,46127.0,1198.8450916394675,1.5706806282722514,188,187,3,0,184,187,15619,4,0,0,4,0
2020-07-31,US,South Dakota,Walworth,18,0,0,45.43019636,-100.03075140000001,46129.0,331.1867525298988,0.0,18,18,0,0,18,18,5587,0,0,0,0,0
2020-07-31,US,South Dakota,Yankton,101,2,0,43.00924485,-97.39467635,46135.0,442.71061628824407,1.98019801980198,99,101,2,0,99,101,22869,0,0,0,0,0
2020-07-31,US,South Dakota,Ziebach,8,0,0,44.97881876,-101.6654622,46137.0,290.2757619738752,0.0,8,8,0,0,8,8,2742,0,0,0,0,0
2020-07-31,US,Tennessee,Anderson,571,5,0,36.12684348,-84.19965764,47001.0,741.7703759515706,0.8756567425569177,566,550,5,0,545,536,76482,21,0,0,21,14
2020-07-31,US,Tennessee,Bedford,823,10,0,35.51123746,-86.45549096,47003.0,1655.5025848369642,1.2150668286755772,813,808,10,0,798,806,49038,15,0,0,15,2
2020-07-31,US,Tennessee,Benton,80,1,0,36.07110411,-88.06849355,47005.0,495.04950495049513,1.25,79,70,1,0,69,55,16184,10,0,0,10,15
2020-07-31,US,Tennessee,Bledsoe,659,1,0,35.59942968,-85.20611967,47007.0,4374.668082846521,0.15174506828528073,658,656,1,0,655,654,14755,3,0,0,3,2
2020-07-31,US,Tennessee,Blount,1043,7,0,35.68938198,-83.92847788,47009.0,783.6919932676124,0.6711409395973155,1036,972,7,0,965,957,131349,71,0,0,71,15
2020-07-31,US,Tennessee,Bradley,1651,10,0,35.15739424,-84.857186,47011.0,1527.1482749051886,0.6056935190793459,1641,1593,10,0,1583,1555,106727,58,0,0,58,38
2020-07-31,US,Tennessee,Campbell,190,1,0,36.40355516,-84.15108559999999,47013.0,476.88369057778226,0.5263157894736842,189,165,1,0,164,160,39583,25,0,0,25,5
2020-07-31,US,Tennessee,Cannon,110,0,0,35.80990797,-86.05738983,47015.0,749.4209020302492,0.0,110,107,0,0,107,105,14462,3,0,0,3,2
2020-07-31,US,Tennessee,Carroll,191,3,0,35.97366108,-88.45189331,47017.0,687.8668923542334,1.5706806282722514,188,181,3,0,178,154,28020,10,0,0,10,27
2020-07-31,US,Tennessee,Carter,390,5,0,36.28969086,-82.12588974,47019.0,691.5997233601106,1.2820512820512822,385,354,4,0,350,333,56351,36,1,0,35,21
2020-07-31,US,Tennessee,Cheatham,516,5,0,36.26136216,-87.08903581,47021.0,1268.8420586716502,0.9689922480620154,511,494,4,0,490,466,40439,22,1,0,21,28
2020-07-31,US,Tennessee,Chester,181,1,0,35.42527478,-88.6095842,47023.0,1046.4242354165463,0.5524861878453039,180,171,1,0,170,169,17276,10,0,0,10,2
2020-07-31,US,Tennessee,Claiborne,206,0,0,36.48319149,-83.65947309,47025.0,644.5758628242436,0.0,206,195,0,0,195,178,31756,11,0,0,11,17
2020-07-31,US,Tennessee,Clay,58,0,0,36.55151008,-85.53930419,47027.0,761.6546290216678,0.0,58,53,0,0,53,52,7717,5,0,0,5,1
2020-07-31,US,Tennessee,Cocke,369,1,0,35.9278914,-83.11828725,47029.0,1024.8861237640263,0.27100271002710025,368,348,1,0,347,342,35774,21,0,0,21,6
2020-07-31,US,Tennessee,Coffee,370,2,0,35.49090731,-86.07311784,47031.0,654.6355272469923,0.5405405405405406,368,353,0,0,353,333,55700,17,2,0,15,20
2020-07-31,US,Tennessee,Crockett,216,3,0,35.81830662,-89.14916269,47033.0,1517.9198875614898,1.3888888888888888,213,199,3,0,196,179,14328,17,0,0,17,20
2020-07-31,US,Tennessee,Cumberland,365,6,0,35.95271721,-84.99840585,47035.0,603.1064111037672,1.643835616438356,359,356,6,0,350,346,59673,9,0,0,9,10
2020-07-31,US,Tennessee,Davidson,18978,198,0,36.17007426,-86.78646056,47037.0,2734.014844182187,1.0433133101485932,18780,18676,195,0,18481,18545,692587,302,3,0,299,131
2020-07-31,US,Tennessee,DeKalb,295,1,0,35.97616272,-85.83689361,47041.0,1439.7266959492435,0.3389830508474576,294,289,1,0,288,269,20138,6,0,0,6,20
2020-07-31,US,Tennessee,Decatur,150,1,0,35.60048904,-88.11043779,47039.0,1286.1184943839494,0.6666666666666666,149,133,1,0,132,120,11706,17,0,0,17,13
2020-07-31,US,Tennessee,Dickson,575,1,0,36.14669837,-87.35891709,47043.0,1065.8411803959368,0.17391304347826084,574,550,1,0,549,534,53446,25,0,0,25,16
2020-07-31,US,Tennessee,Dyer,515,6,0,36.05931946,-89.41542855,47045.0,1385.9361123819265,1.1650485436893203,509,487,5,0,482,459,37320,28,1,0,27,28
2020-07-31,US,Tennessee,Fayette,596,8,0,35.19615831,-89.41399032,47047.0,1448.9582573602704,1.342281879194631,588,584,8,0,576,574,40507,12,0,0,12,10
2020-07-31,US,Tennessee,Fentress,71,0,0,36.38128818,-84.92870012,47049.0,383.30723964800524,0.0,71,66,0,0,66,63,18217,5,0,0,5,3
2020-07-31,US,Tennessee,Franklin,258,4,0,35.15634626,-86.09201039,47051.0,611.2585291887792,1.5503875968992251,254,242,4,0,238,232,41890,16,0,0,16,10
2020-07-31,US,Tennessee,Gibson,537,2,0,35.99438059,-88.93358327,47053.0,1092.9517839334053,0.37243947858473,535,500,1,0,499,474,49045,37,1,0,36,26
2020-07-31,US,Tennessee,Giles,321,8,0,35.20222469,-87.03992678,47055.0,1089.4651099647026,2.4922118380062304,313,308,8,0,300,304,29503,13,0,0,13,4
2020-07-31,US,Tennessee,Grainger,162,0,0,36.27469206,-83.51254721,47057.0,694.6826758147513,0.0,162,147,0,0,147,140,23145,15,0,0,15,7
2020-07-31,US,Tennessee,Greene,344,5,0,36.17470125,-82.84691273,47059.0,498.05267196571543,1.4534883720930232,339,324,5,0,319,316,69087,20,0,0,20,8
2020-07-31,US,Tennessee,Grundy,97,2,0,35.38433717,-85.72142731,47061.0,722.4249646235197,2.061855670103093,95,94,2,0,92,89,13346,3,0,0,3,5
2020-07-31,US,Tennessee,Hamblen,1183,13,0,36.21990035,-83.26586179,47063.0,1821.8498783380048,1.0989010989010992,1170,1125,13,0,1112,1101,64569,58,0,0,58,24
2020-07-31,US,Tennessee,Hamilton,5483,47,0,35.17670231,-85.16652245,47065.0,1490.739633065437,0.8571949662593471,5436,5395,45,0,5350,5344,364286,88,2,0,86,51
2020-07-31,US,Tennessee,Hancock,71,1,0,36.52692871,-83.22375847,47067.0,1072.5075528700906,1.4084507042253518,70,69,2,0,67,70,6549,2,-1,0,3,-1
2020-07-31,US,Tennessee,Hardeman,760,11,0,35.20772017,-88.99161161,47069.0,3033.932135728543,1.4473684210526316,749,747,11,0,736,732,25220,13,0,0,13,15
2020-07-31,US,Tennessee,Hardin,386,7,0,35.19732531,-88.18593755,47071.0,1504.7559644472167,1.8134715025906736,379,363,7,0,356,350,25776,23,0,0,23,13
2020-07-31,US,Tennessee,Hawkins,291,4,0,36.44355426,-82.94885298,47073.0,512.4502518226324,1.3745704467353952,287,267,3,0,264,254,56530,24,1,0,23,13
2020-07-31,US,Tennessee,Haywood,363,5,0,35.58332824,-89.28536625,47075.0,2097.7808599167824,1.3774104683195592,358,342,5,0,337,319,17335,21,0,0,21,23
2020-07-31,US,Tennessee,Henderson,420,0,0,35.65581134,-88.38600175,47077.0,1493.7582245616532,0.0,420,392,0,0,392,373,27847,28,0,0,28,19
2020-07-31,US,Tennessee,Henry,177,0,0,36.33160906,-88.30121797,47079.0,547.2252280105116,0.0,177,160,0,0,160,151,32358,17,0,0,17,9
2020-07-31,US,Tennessee,Hickman,208,0,0,35.80609681,-87.47643507,47081.0,826.1180395583445,0.0,208,203,0,0,203,198,25063,5,0,0,5,5
2020-07-31,US,Tennessee,Houston,54,0,0,36.28872054,-87.71878828,47083.0,658.4562858188026,0.0,54,50,0,0,50,48,8263,4,0,0,4,2
2020-07-31,US,Tennessee,Humphreys,99,3,0,36.03958805,-87.77992872,47085.0,532.7736519212142,3.0303030303030303,96,92,3,0,89,87,18486,7,0,0,7,5
2020-07-31,US,Tennessee,Jackson,105,1,0,36.36380466,-85.67239905,47087.0,890.8874936365179,0.9523809523809524,104,103,0,0,103,103,11758,2,1,0,1,0
2020-07-31,US,Tennessee,Jefferson,474,2,0,36.04818632,-83.45148924,47089.0,869.8045692265346,0.4219409282700422,472,451,2,0,449,441,54012,23,0,0,23,10
2020-07-31,US,Tennessee,Johnson,116,0,0,36.45523950000001,-81.84886538,47091.0,652.1250281088375,0.0,116,92,0,0,92,81,17778,24,0,0,24,11
2020-07-31,US,Tennessee,Knox,3705,30,0,35.99508821,-83.94635435,47093.0,787.773248878938,0.8097165991902834,3675,3575,28,0,3547,3444,465289,130,2,0,128,131
2020-07-31,US,Tennessee,Lake,736,0,0,36.34180170000001,-89.48921915,47095.0,10490.3078677309,0.0,736,726,0,0,726,722,7411,10,0,0,10,4
2020-07-31,US,Tennessee,Lauderdale,411,6,0,35.75893438,-89.63015909999999,47097.0,1603.4018647836774,1.45985401459854,405,389,6,0,383,371,25825,22,0,0,22,18
2020-07-31,US,Tennessee,Lawrence,444,6,0,35.21675201,-87.39787695,47099.0,1005.8447736849259,1.351351351351351,438,421,6,0,415,408,43734,23,0,0,23,13
2020-07-31,US,Tennessee,Lewis,47,1,0,35.52853208,-87.49022694,47101.0,383.1105314639713,2.127659574468085,46,41,1,0,40,39,12086,6,0,0,6,2
2020-07-31,US,Tennessee,Lincoln,234,1,0,35.13738622,-86.58910106,47103.0,680.9055461793632,0.4273504273504273,233,226,1,0,225,218,34117,8,0,0,8,8
2020-07-31,US,Tennessee,Loudon,606,3,0,35.73939663,-84.31145275,47105.0,1120.810830805652,0.4950495049504951,603,590,3,0,587,575,53054,16,0,0,16,15
2020-07-31,US,Tennessee,Macon,820,13,0,36.53157855,-86.00778595,47111.0,3333.062352654256,1.5853658536585369,807,803,13,0,790,794,24265,17,0,0,17,9
2020-07-31,US,Tennessee,Madison,769,12,0,35.61181957,-88.84076036,47113.0,784.8220117570215,1.5604681404421326,757,739,11,0,728,700,97605,30,1,0,29,39
2020-07-31,US,Tennessee,Marion,195,4,0,35.12997174,-85.62265895,47115.0,674.5770920538278,2.051282051282051,191,190,4,0,186,183,28575,5,0,0,5,7
2020-07-31,US,Tennessee,Marshall,258,2,0,35.45798777,-86.76420988,47117.0,750.5454545454545,0.7751937984496124,256,242,2,0,240,234,33683,16,0,0,16,8
2020-07-31,US,Tennessee,Maury,1010,5,0,35.618741299999996,-87.07462444,47119.0,1047.8591511303391,0.4950495049504951,1005,971,5,0,966,953,94340,39,0,0,39,18
2020-07-31,US,Tennessee,McMinn,462,20,0,35.42812616,-84.61520715,47107.0,858.8318399821543,4.329004329004329,442,452,20,0,432,442,53285,10,0,0,10,10
2020-07-31,US,Tennessee,McNairy,300,5,0,35.17468549,-88.5647812,47109.0,1167.5877636802365,1.6666666666666667,295,283,5,0,278,268,25832,17,0,0,17,15
2020-07-31,US,Tennessee,Meigs,92,0,0,35.51558739,-84.81482914,47121.0,740.6214780228627,0.0,92,87,0,0,87,84,12306,5,0,0,5,3
2020-07-31,US,Tennessee,Monroe,333,9,0,35.44550387,-84.24902965,47123.0,715.4366741862714,2.702702702702702,324,305,9,0,296,297,46357,28,0,0,28,8
2020-07-31,US,Tennessee,Montgomery,1646,11,0,36.49609412,-87.38550661,47125.0,787.5861870971754,0.6682867557715675,1635,1568,11,0,1557,1524,205950,78,0,0,78,44
2020-07-31,US,Tennessee,Moore,42,0,0,35.27724699,-86.36230578,47127.0,647.3489519112208,0.0,42,41,0,0,41,37,6411,1,0,0,1,4
2020-07-31,US,Tennessee,Morgan,70,1,0,36.13248031,-84.64880098,47129.0,327.0569546325282,1.4285714285714286,69,65,1,0,64,64,21579,5,0,0,5,1
2020-07-31,US,Tennessee,Obion,377,4,0,36.35732446,-89.14921589,47131.0,1253.7829658452224,1.0610079575596818,373,352,4,0,348,330,30267,25,0,0,25,22
2020-07-31,US,Tennessee,Out of TN,2815,13,0,0.0,0.0,80047.0,0.0,0.4618117229129662,2802,2705,12,0,2693,2688,,110,1,0,109,17
2020-07-31,US,Tennessee,Overton,125,1,0,36.34117832,-85.28989535,47133.0,562.025088799964,0.8,124,123,1,0,122,118,22068,2,0,0,2,5
2020-07-31,US,Tennessee,Perry,69,0,0,35.63708728,-87.86139634,47135.0,854.3833580980684,0.0,69,68,0,0,68,64,8064,1,0,0,1,4
2020-07-31,US,Tennessee,Pickett,21,1,0,36.55606529,-85.07763299999998,47137.0,416.0063391442155,4.761904761904762,20,19,1,0,18,22,5082,2,0,0,2,-3
2020-07-31,US,Tennessee,Polk,140,1,0,35.12245443,-84.52075859,47139.0,831.7490494296577,0.7142857142857143,139,134,1,0,133,123,16898,6,0,0,6,11
2020-07-31,US,Tennessee,Putnam,1518,13,0,36.14005459,-85.50646123,47141.0,1891.706648389308,0.8563899868247694,1505,1502,13,0,1489,1465,78843,16,0,0,16,37
2020-07-31,US,Tennessee,Rhea,481,1,0,35.60536161,-84.93076643,47143.0,1450.2366810383814,0.2079002079002079,480,466,1,0,465,454,33044,15,0,0,15,12
2020-07-31,US,Tennessee,Roane,330,1,0,35.84923189,-84.52458689,47145.0,618.1859053613578,0.30303030303030304,329,302,1,0,301,294,53140,28,0,0,28,8
2020-07-31,US,Tennessee,Robertson,1409,16,0,36.52454807,-86.87346725,47147.0,1962.040299110189,1.13555713271824,1393,1374,16,0,1358,1344,71012,35,0,0,35,30
2020-07-31,US,Tennessee,Rutherford,5899,51,0,35.84591405,-86.4107263,47149.0,1775.2832658711648,0.8645533141210374,5848,5753,49,0,5704,5682,324890,146,2,0,144,71
2020-07-31,US,Tennessee,Scott,91,0,0,36.42325673,-84.50360494,47151.0,412.3617908283487,0.0,91,80,0,0,80,68,22039,11,0,0,11,12
2020-07-31,US,Tennessee,Sequatchie,93,0,0,35.36979721,-85.41022136,47153.0,618.9271928656995,0.0,93,89,0,0,89,88,14876,4,0,0,4,1
2020-07-31,US,Tennessee,Sevier,1644,5,0,35.78077323,-83.52244332,47155.0,1673.2824427480914,0.3041362530413625,1639,1572,5,0,1567,1541,97892,72,0,0,72,31
2020-07-31,US,Tennessee,Shelby,20586,279,0,35.1864775,-89.89692423,47157.0,2196.6225834057145,1.3552900029146022,20307,20082,275,0,19807,19522,935764,504,4,0,500,560
2020-07-31,US,Tennessee,Smith,340,3,0,36.25359775,-85.95411046,47159.0,1686.7589423029224,0.8823529411764706,337,332,2,0,330,322,19942,8,1,0,7,10
2020-07-31,US,Tennessee,Stewart,65,0,0,36.50235092,-87.83920548,47161.0,473.93364928909966,0.0,65,63,0,0,63,63,13561,2,0,0,2,0
2020-07-31,US,Tennessee,Sullivan,729,8,0,36.51240691,-82.30412917,47163.0,460.37840705282036,1.0973936899862826,721,684,7,0,677,650,157668,45,1,0,44,34
2020-07-31,US,Tennessee,Sumner,3106,69,0,36.46824103,-86.45917204,47165.0,1623.772107296519,2.2215067611075336,3037,3044,68,0,2976,3014,187149,62,1,0,61,30
2020-07-31,US,Tennessee,Tipton,1065,9,0,35.501942,-89.73694895,47167.0,1728.9241708469297,0.8450704225352113,1056,1040,9,0,1031,1026,61581,25,0,0,25,14
2020-07-31,US,Tennessee,Trousdale,1570,6,0,36.39026213,-86.16087954,47169.0,13913.50584898972,0.3821656050955414,1564,1567,6,0,1561,1565,11012,3,0,0,3,2
2020-07-31,US,Tennessee,Unassigned,2887,4,0,0.0,0.0,90047.0,0.0,0.13855213023900242,2883,2853,4,0,2849,2931,,34,0,0,34,-78
2020-07-31,US,Tennessee,Unicoi,129,0,0,36.10890856,-82.43709629,47171.0,721.3554772689148,0.0,129,122,0,0,122,120,17761,7,0,0,7,2
2020-07-31,US,Tennessee,Union,110,0,0,36.28590426,-83.83651902,47173.0,550.7710795113159,0.0,110,105,0,0,105,102,19688,5,0,0,5,3
2020-07-31,US,Tennessee,Van Buren,30,0,0,35.69864497,-85.45221699,47175.0,510.8991825613079,0.0,30,28,0,0,28,29,5765,2,0,0,2,-1
2020-07-31,US,Tennessee,Warren,375,4,0,35.672829899999996,-85.77969117,47177.0,908.4962569954213,1.0666666666666669,371,349,3,0,346,339,40878,26,1,0,25,10
2020-07-31,US,Tennessee,Washington,943,2,0,36.29472368,-82.49454720000001,47179.0,728.8888888888887,0.2120890774125133,941,870,2,0,868,840,128607,73,0,0,73,30
2020-07-31,US,Tennessee,Wayne,206,1,0,35.23868267,-87.78644456,47181.0,1235.530498410604,0.4854368932038835,205,197,1,0,196,191,16558,9,0,0,9,6
2020-07-31,US,Tennessee,Weakley,229,3,0,36.29896232,-88.71990865,47183.0,687.1099375900144,1.310043668122271,226,196,2,0,194,182,33415,33,1,0,32,14
2020-07-31,US,Tennessee,White,186,3,0,35.92929884,-85.45591799,47185.0,680.1974766867801,1.6129032258064515,183,181,3,0,178,175,27107,5,0,0,5,6
2020-07-31,US,Tennessee,Williamson,3132,22,0,35.89099229,-86.89281867,47187.0,1313.6922638122244,0.70242656449553,3110,3056,22,0,3034,3021,231729,76,0,0,76,35
2020-07-31,US,Tennessee,Wilson,2001,20,0,36.15496772,-86.29775884,47189.0,1383.2721541301144,0.9995002498750624,1981,1973,20,0,1953,1941,140625,28,0,0,28,32
2020-07-31,US,Texas,Anderson,2196,8,0,31.81534745,-95.65354823,48001.0,3803.585346843336,0.3642987249544625,2188,2174,7,0,2167,2172,58057,22,1,0,21,2
2020-07-31,US,Texas,Andrews,255,6,0,32.30468633,-102.63765479999999,48003.0,1363.2718524458699,2.3529411764705883,249,253,6,0,247,238,18128,2,0,0,2,15
2020-07-31,US,Texas,Angelina,1606,32,0,31.25457347,-94.60901487,48005.0,1852.0440523554169,1.99252801992528,1574,1606,32,0,1574,1566,87092,0,0,0,0,40
2020-07-31,US,Texas,Aransas,153,12,0,28.10556197,-96.9995047,48007.0,650.7868991918333,7.84313725490196,141,149,12,0,137,136,23792,4,0,0,4,13
2020-07-31,US,Texas,Archer,17,0,0,33.61569967,-98.68754589,48009.0,198.7606687711914,0.0,17,17,0,0,17,15,8786,0,0,0,0,2
2020-07-31,US,Texas,Armstrong,5,0,0,34.96507426,-101.35748740000001,48011.0,264.9708532061473,0.0,5,5,0,0,5,5,1892,0,0,0,0,0
2020-07-31,US,Texas,Atascosa,405,15,0,28.89333001,-98.52730485,48013.0,791.7424197994252,3.703703703703704,390,405,13,0,392,396,50310,0,2,0,-2,9
2020-07-31,US,Texas,Austin,212,3,0,29.88548725,-96.27736949,48015.0,705.9136920618007,1.4150943396226414,209,211,3,0,208,209,29989,1,0,0,1,2
2020-07-31,US,Texas,Bailey,156,4,0,34.06854817,-102.8299707,48017.0,2228.5714285714284,2.5641025641025643,152,151,3,0,148,148,7027,5,1,0,4,3
2020-07-31,US,Texas,Bandera,83,3,0,29.74619598,-99.24598147,48019.0,359.1208030460366,3.614457831325301,80,83,1,0,82,79,22824,0,2,0,-2,4
2020-07-31,US,Texas,Bastrop,1289,18,0,30.10370699,-97.31206354,48021.0,1452.8363558491035,1.3964313421256789,1271,1277,18,0,1259,1273,86976,12,0,0,12,4
2020-07-31,US,Texas,Baylor,6,0,0,33.61640794,-99.21352901,48023.0,170.98888572242802,0.0,6,5,0,0,5,5,3582,1,0,0,1,0
2020-07-31,US,Texas,Bee,498,9,0,28.41761668,-97.74215593,48025.0,1529.2491939198526,1.8072289156626504,489,482,7,0,475,461,32587,16,2,0,14,21
2020-07-31,US,Texas,Bell,3467,30,0,31.03736027,-97.4785025,48027.0,955.2964256979424,0.8653014133256418,3437,3375,29,0,3346,3231,355642,92,1,0,91,144
2020-07-31,US,Texas,Bexar,40803,578,0,29.44928723,-98.52019748,48029.0,2036.531084263264,1.4165625076587507,40225,40253,545,0,39708,38930,1986049,550,33,0,517,1323
2020-07-31,US,Texas,Blanco,96,3,0,30.26640707,-98.3999852,48031.0,804.6266029670606,3.125,93,93,2,0,91,92,11702,3,1,0,2,1
2020-07-31,US,Texas,Bosque,121,2,0,31.89978581,-97.63613524,48035.0,647.5782713406477,1.6528925619834711,119,112,2,0,110,111,18691,9,0,0,9,1
2020-07-31,US,Texas,Bowie,693,28,0,33.44626922,-94.41834132,48037.0,743.2033889216583,4.040404040404041,665,693,26,0,667,693,94324,0,2,0,-2,0
2020-07-31,US,Texas,Brazoria,6384,67,0,29.18757369,-95.44563172,48039.0,1705.7478143770172,1.049498746867168,6317,6218,62,0,6156,6032,370200,166,5,0,161,186
2020-07-31,US,Texas,Brazos,3850,42,0,30.663644800000004,-96.30205577,48041.0,1679.6750592249066,1.0909090909090908,3808,3813,42,0,3771,3781,226758,37,0,0,37,32
2020-07-31,US,Texas,Brewster,180,2,0,29.81008251,-103.25203259999999,48043.0,1955.8839508855808,1.1111111111111112,178,180,2,0,178,177,9267,0,0,0,0,3
2020-07-31,US,Texas,Briscoe,11,1,0,34.53026962,-101.2084947,48045.0,711.5135834411383,9.090909090909092,10,11,1,0,10,11,1516,0,0,0,0,0
2020-07-31,US,Texas,Brooks,84,1,0,27.03103197,-98.21808402,48047.0,1184.2661779218947,1.1904761904761905,83,81,1,0,80,80,7114,3,0,0,3,1
2020-07-31,US,Texas,Brown,351,13,0,31.77430356,-98.99907113,48049.0,927.001901542362,3.703703703703704,338,348,13,0,335,343,37924,3,0,0,3,5
2020-07-31,US,Texas,Burleson,229,5,0,30.49273808,-96.62158484,48051.0,1241.6635037683675,2.183406113537118,224,228,5,0,223,228,18389,1,0,0,1,0
2020-07-31,US,Texas,Burnet,539,7,0,30.78801353,-98.181887,48053.0,1119.3022531408992,1.2987012987012987,532,536,7,0,529,533,47542,3,0,0,3,3
2020-07-31,US,Texas,Caldwell,1064,23,0,29.83668859,-97.61814775,48055.0,2436.7900329791128,2.1616541353383463,1041,1056,22,0,1034,1053,43247,8,1,0,7,3
2020-07-31,US,Texas,Calhoun,453,3,0,28.47048236,-96.61633945,48057.0,2127.7595115077497,0.6622516556291391,450,453,3,0,450,439,21561,0,0,0,0,14
2020-07-31,US,Texas,Callahan,40,3,0,32.29760619,-99.37326312,48059.0,286.8823065337445,7.5,37,38,3,0,35,38,13994,2,0,0,2,0
2020-07-31,US,Texas,Cameron,10155,325,0,26.14524221,-97.48140372,48061.0,2399.784480212117,3.200393894633186,9830,9424,304,0,9120,8777,423908,731,21,0,710,647
2020-07-31,US,Texas,Camp,211,4,0,32.97195142,-94.97790104,48063.0,1611.4250801893998,1.895734597156398,207,199,4,0,195,197,13033,12,0,0,12,2
2020-07-31,US,Texas,Carson,13,0,0,35.40365929,-101.35426690000001,48065.0,219.37225784677693,0.0,13,13,0,0,13,12,6005,0,0,0,0,1
2020-07-31,US,Texas,Cass,149,6,0,33.07499881,-94.34646905,48067.0,496.2365949510424,4.026845637583893,143,143,5,0,138,141,30119,6,1,0,5,2
2020-07-31,US,Texas,Castro,167,3,0,34.53016752,-102.2617243,48069.0,2217.795484727756,1.7964071856287425,164,163,2,0,161,161,7665,4,1,0,3,2
2020-07-31,US,Texas,Chambers,870,2,0,29.70972016,-94.67154501,48071.0,1984.6248602778478,0.2298850574712644,868,870,2,0,868,850,42454,0,0,0,0,20
2020-07-31,US,Texas,Cherokee,760,4,0,31.837258000000002,-95.16559897,48073.0,1443.6044523800479,0.5263157894736842,756,746,4,0,742,717,52592,14,0,0,14,29
2020-07-31,US,Texas,Childress,33,0,0,34.529304100000004,-100.2077916,48075.0,451.683547768957,0.0,33,33,0,0,33,28,7291,0,0,0,0,5
2020-07-31,US,Texas,Clay,33,1,0,33.78686685,-98.20771198,48077.0,315.1561455448381,3.0303030303030303,32,32,1,0,31,32,10456,1,0,0,1,0
2020-07-31,US,Texas,Cochran,21,0,0,33.60425307,-102.82844990000001,48079.0,736.0672975814932,0.0,21,20,0,0,20,18,2836,1,0,0,1,2
2020-07-31,US,Texas,Coke,37,1,0,31.88911733,-100.5297533,48081.0,1092.4121641570712,2.702702702702702,36,37,1,0,36,35,3370,0,0,0,0,2
2020-07-31,US,Texas,Coleman,12,0,0,31.76736834,-99.45240766,48083.0,146.7889908256881,0.0,12,11,0,0,11,9,8397,1,0,0,1,2
2020-07-31,US,Texas,Collin,6253,71,0,33.18820114,-96.57264368,48085.0,604.3122360422526,1.1354549816088275,6182,6177,67,0,6110,6147,1005146,76,4,0,72,30
2020-07-31,US,Texas,Collingsworth,7,0,0,34.96489496,-100.27001109999999,48087.0,239.72602739726028,0.0,7,7,0,0,7,6,2962,0,0,0,0,1
2020-07-31,US,Texas,Colorado,238,2,0,29.622097999999998,-96.5273805,48089.0,1107.3372726003815,0.8403361344537815,236,238,2,0,236,237,21217,0,0,0,0,1
2020-07-31,US,Texas,Comal,1662,59,0,29.80811278,-98.27647225,48091.0,1063.9591828895902,3.5499398315282797,1603,1635,58,0,1577,1602,148373,27,1,0,26,33
2020-07-31,US,Texas,Comanche,230,3,0,31.94854689,-98.55876441,48093.0,1686.8353502016867,1.3043478260869563,227,229,3,0,226,227,13534,1,0,0,1,2
2020-07-31,US,Texas,Concho,24,1,0,31.32635934,-99.86473038,48095.0,880.4108584005869,4.166666666666667,23,23,1,0,22,23,4276,1,0,0,1,0
2020-07-31,US,Texas,Cooke,197,2,0,33.63979567,-97.21240912,48097.0,477.4947281673413,1.0152284263959392,195,189,2,0,187,189,40574,8,0,0,8,0
2020-07-31,US,Texas,Coryell,603,5,0,31.39078397,-97.79936155,48099.0,793.9329304419955,0.8291873963515755,598,589,5,0,584,585,74808,14,0,0,14,4
2020-07-31,US,Texas,Cottle,14,2,0,34.07783319,-100.27850620000001,48101.0,1001.4306151645208,14.285714285714285,12,11,2,0,9,9,1389,3,0,0,3,2
2020-07-31,US,Texas,Crane,72,2,0,31.43052248,-102.5143314,48103.0,1500.93808630394,2.7777777777777777,70,72,2,0,70,66,4794,0,0,0,0,6
2020-07-31,US,Texas,Crockett,153,2,0,30.72367027,-101.4134238,48105.0,4416.859122401847,1.30718954248366,151,150,2,0,148,141,3499,3,0,0,3,9
2020-07-31,US,Texas,Crosby,52,1,0,33.61431553,-101.30003640000001,48107.0,906.3970716402299,1.9230769230769231,51,51,1,0,50,51,5779,1,0,0,1,0
2020-07-31,US,Texas,Culberson,15,2,0,31.44506775,-104.5185739,48109.0,690.9258406264395,13.333333333333336,13,15,2,0,13,15,2204,0,0,0,0,0
2020-07-31,US,Texas,Dallam,178,5,0,36.27787176,-102.60207249999999,48111.0,2442.706189103884,2.808988764044944,173,177,5,0,172,173,7200,1,0,0,1,4
2020-07-31,US,Texas,Dallas,49976,671,0,32.76670599,-96.77796049999999,48113.0,1896.251056719064,1.3426444693452857,49305,49269,664,0,48605,48732,2637772,707,7,0,700,537
2020-07-31,US,Texas,Dawson,133,4,0,32.74255572,-101.94772420000001,48115.0,1044.9402891263355,3.0075187969924815,129,133,4,0,129,128,12619,0,0,0,0,5
2020-07-31,US,Texas,DeWitt,528,14,0,29.08101855,-97.35681170000001,48123.0,2619.0476190476197,2.6515151515151514,514,522,13,0,509,522,20187,6,1,0,5,0
2020-07-31,US,Texas,Deaf Smith,581,17,0,34.96522957,-102.6054267,48117.0,3132.750997519681,2.9259896729776247,564,565,17,0,548,538,18760,16,0,0,16,27
2020-07-31,US,Texas,Delta,14,0,0,33.38570922,-95.66921122,48119.0,262.61489401613204,0.0,14,13,0,0,13,13,5349,1,0,0,1,0
2020-07-31,US,Texas,Denton,6681,71,0,33.20521901,-97.11691153,48121.0,753.0373407784202,1.0627151624008382,6610,6493,68,0,6425,6331,859064,188,3,0,185,162
2020-07-31,US,Texas,Dickens,4,1,0,33.61616822,-100.7788855,48125.0,180.91361374943463,25.0,3,4,1,0,3,4,2249,0,0,0,0,0
2020-07-31,US,Texas,Dimmit,121,1,0,28.42270064,-99.75645095,48127.0,1195.1797708415645,0.8264462809917356,120,121,0,0,121,119,10308,0,1,0,-1,2
2020-07-31,US,Texas,Donley,43,0,0,34.96517499,-100.8140093,48129.0,1311.7754728492982,0.0,43,43,0,0,43,43,3319,0,0,0,0,0
2020-07-31,US,Texas,Duval,150,3,0,27.68184592,-98.50864568,48131.0,1344.447432105405,2.0,147,148,2,0,146,146,11212,2,1,0,1,2
2020-07-31,US,Texas,Eastland,52,1,0,32.32743996,-98.83243566,48133.0,283.2244008714597,1.9230769230769231,51,49,1,0,48,45,18322,3,0,0,3,4
2020-07-31,US,Texas,Ector,3287,49,0,31.86898877,-102.54294279999999,48135.0,1977.4640091924705,1.4907210222087008,3238,3266,49,0,3217,3138,162124,21,0,0,21,128
2020-07-31,US,Texas,Edwards,24,0,0,29.98202582,-100.304252,48137.0,1242.2360248447205,0.0,24,24,0,0,24,22,1928,0,0,0,0,2
2020-07-31,US,Texas,El Paso,14276,237,0,31.76980765,-106.23632749999999,48141.0,1701.0669202300182,1.6601288876435976,14039,13939,232,0,13707,13807,840758,337,5,0,332,132
2020-07-31,US,Texas,Ellis,2452,33,0,32.34894117,-96.79371841,48139.0,1326.6531765011416,1.3458401305057095,2419,2407,33,0,2374,2387,179436,45,0,0,45,20
2020-07-31,US,Texas,Erath,457,5,0,32.23602653,-98.21773417,48143.0,1070.307742751417,1.0940919037199124,452,447,5,0,442,430,42446,10,0,0,10,17
2020-07-31,US,Texas,Falls,109,2,0,31.25350609,-96.93630086,48145.0,630.1670809967046,1.834862385321101,107,108,2,0,106,106,17335,1,0,0,1,2
2020-07-31,US,Texas,Fannin,214,8,0,33.59564294,-96.10751083,48147.0,602.5792645154024,3.7383177570093458,206,211,7,0,204,206,35286,3,1,0,2,5
2020-07-31,US,Texas,Fayette,367,13,0,29.87788372,-96.92076062,48149.0,1447.9602304111102,3.5422343324250685,354,365,13,0,352,363,25349,2,0,0,2,2
2020-07-31,US,Texas,Fisher,24,1,0,32.74281316,-100.40193020000001,48151.0,626.6318537859007,4.166666666666667,23,23,1,0,22,23,3839,1,0,0,1,0
2020-07-31,US,Texas,Floyd,83,5,0,34.07227468,-101.3031546,48153.0,1453.081232492997,6.024096385542169,78,82,4,0,78,76,5837,1,1,0,0,6
2020-07-31,US,Texas,Foard,2,0,0,33.97308618,-99.7767797,48155.0,173.16017316017312,0.0,2,2,0,0,2,2,1200,0,0,0,0,0
2020-07-31,US,Texas,Fort Bend,7082,140,0,29.52704478,-95.77219463,48157.0,872.5027350410503,1.976842699802316,6942,6960,136,0,6824,6852,787858,122,4,0,118,108
2020-07-31,US,Texas,Franklin,83,1,0,33.17653242,-95.21917243,48159.0,773.8927738927739,1.2048192771084338,82,84,1,0,83,80,10766,-1,0,0,-1,4
2020-07-31,US,Texas,Freestone,138,0,0,31.70422788,-96.15072516,48161.0,699.9036364558502,0.0,138,137,0,0,137,138,19808,1,0,0,1,-1
2020-07-31,US,Texas,Frio,458,5,0,28.86751206,-99.10804207,48163.0,2255.490987885354,1.091703056768559,453,458,5,0,453,447,19816,0,0,0,0,11
2020-07-31,US,Texas,Gaines,119,0,0,32.74055318,-102.6353295,48165.0,553.6943979155035,0.0,119,114,0,0,114,106,20901,5,0,0,5,8
2020-07-31,US,Texas,Galveston,8721,95,0,29.40167322,-94.90469073,48167.0,2548.9640175484233,1.0893246187363834,8626,8605,92,0,8513,8494,337890,116,3,0,113,111
2020-07-31,US,Texas,Garza,96,2,0,33.17969345,-101.2984114,48169.0,1541.1783592872048,2.083333333333333,94,95,2,0,93,95,6578,1,0,0,1,0
2020-07-31,US,Texas,Gillespie,171,2,0,30.31824095,-98.94676915,48171.0,633.6149399733215,1.1695906432748535,169,171,2,0,169,165,26804,0,0,0,0,6
2020-07-31,US,Texas,Glasscock,6,0,0,31.86942909,-101.5207776,48173.0,425.83392476934,0.0,6,6,0,0,6,6,1388,0,0,0,0,0
2020-07-31,US,Texas,Goliad,77,3,0,28.65696592,-97.42760647,48175.0,1005.4844606946983,3.8961038961038965,74,77,3,0,74,77,7584,0,0,0,0,0
2020-07-31,US,Texas,Gonzales,613,7,0,29.45634206,-97.49424032,48177.0,2941.882228727744,1.1419249592169658,606,613,7,0,606,606,20826,0,0,0,0,7
2020-07-31,US,Texas,Gray,179,2,0,35.40081878,-100.8129222,48179.0,817.8744402814584,1.11731843575419,177,167,2,0,165,160,21895,12,0,0,12,7
2020-07-31,US,Texas,Grayson,987,11,0,33.62744998,-96.67753461,48181.0,724.6057616069069,1.1144883485309016,976,972,11,0,961,963,133991,15,0,0,15,9
2020-07-31,US,Texas,Gregg,1285,19,0,32.47940482,-94.81591935,48183.0,1036.7501714470127,1.4785992217898831,1266,1270,19,0,1251,1264,123707,15,0,0,15,6
2020-07-31,US,Texas,Grimes,838,19,0,30.54579585,-95.98902499,48185.0,2901.662049861496,2.2673031026252985,819,832,19,0,813,828,28360,6,0,0,6,4
2020-07-31,US,Texas,Guadalupe,1593,39,0,29.58165339,-97.94786822,48187.0,954.7669421685736,2.4482109227871938,1554,1593,37,0,1556,1542,163694,0,2,0,-2,51
2020-07-31,US,Texas,Hale,1173,22,0,34.07044901,-101.82681140000001,48189.0,3511.345267317249,1.8755328218243816,1151,1162,20,0,1142,1162,33830,11,2,0,9,0
2020-07-31,US,Texas,Hall,8,1,0,34.5307555,-100.68138520000001,48191.0,269.9055330634278,12.5,7,8,1,0,7,7,3028,0,0,0,0,1
2020-07-31,US,Texas,Hamilton,55,2,0,31.70470573,-98.11083887,48193.0,650.0413662687625,3.636363636363636,53,54,1,0,53,54,8484,1,1,0,0,0
2020-07-31,US,Texas,Hansford,59,2,0,36.27743284,-101.3545796,48195.0,1092.7949620300055,3.3898305084745757,57,59,2,0,57,59,5463,0,0,0,0,0
2020-07-31,US,Texas,Hardeman,15,0,0,34.28944521,-99.74632408,48197.0,381.38825324180016,0.0,15,14,0,0,14,14,3922,1,0,0,1,0
2020-07-31,US,Texas,Hardin,800,10,0,30.33364686,-94.38931817,48199.0,1388.8406652546787,1.25,790,800,10,0,790,786,57207,0,0,0,0,14
2020-07-31,US,Texas,Harris,72961,730,0,29.86,-95.39,48201.0,1547.9730338985748,1.0005345321473116,72231,70847,707,0,70140,69123,4698619,2114,23,0,2091,1724
2020-07-31,US,Texas,Harrison,609,22,0,32.54935988,-94.36934071,48203.0,915.0601776028128,3.61247947454844,587,604,22,0,582,596,66726,5,0,0,5,8
2020-07-31,US,Texas,Hartley,82,2,0,35.84008013,-102.6029022,48205.0,1470.588235294117,2.4390243902439024,80,82,2,0,80,81,5619,0,0,0,0,1
2020-07-31,US,Texas,Haskell,34,0,0,33.17823584,-99.73037358,48207.0,600.9190526687876,0.0,34,33,0,0,33,30,5813,1,0,0,1,3
2020-07-31,US,Texas,Hays,4297,31,0,30.05669873,-98.02944344,48209.0,1866.710688080768,0.7214335582964859,4266,4297,29,0,4268,4276,222631,0,2,0,-2,21
2020-07-31,US,Texas,Hemphill,41,0,0,35.83764858,-100.2703577,48211.0,1073.579471065724,0.0,41,40,0,0,40,38,3825,1,0,0,1,2
2020-07-31,US,Texas,Henderson,570,9,0,32.21128872,-95.85846587,48213.0,688.9299829580478,1.5789473684210529,561,542,8,0,534,526,82299,28,1,0,27,16
2020-07-31,US,Texas,Hidalgo,17006,644,0,26.39418217,-98.18299696,48215.0,1957.6220751070264,3.786898741620605,16362,16375,616,0,15759,16088,865939,631,28,0,603,287
2020-07-31,US,Texas,Hill,306,3,0,31.99045053,-97.13423143,48217.0,834.9477475510927,0.9803921568627452,303,301,1,0,300,300,36354,5,2,0,3,1
2020-07-31,US,Texas,Hockley,181,4,0,33.60771256,-102.3431676,48219.0,786.2386516658702,2.209944751381216,177,177,4,0,173,171,22980,4,0,0,4,6
2020-07-31,US,Texas,Hood,425,7,0,32.42990927,-97.83242024,48221.0,689.4537903736027,1.6470588235294117,418,402,7,0,395,380,60537,23,0,0,23,22
2020-07-31,US,Texas,Hopkins,163,1,0,33.14875072,-95.56351139,48223.0,439.54265990723763,0.6134969325153374,162,159,1,0,158,157,36810,4,0,0,4,2
2020-07-31,US,Texas,Houston,241,4,0,31.31925973,-95.42226208,48225.0,1049.2859630790663,1.6597510373443984,237,240,4,0,236,238,23169,1,0,0,1,2
2020-07-31,US,Texas,Howard,150,3,0,32.30621324,-101.4356444,48227.0,409.1206633209688,2.0,147,149,3,0,146,132,36459,1,0,0,1,17
2020-07-31,US,Texas,Hudspeth,19,2,0,31.45628381,-105.388178,48229.0,388.8661481784692,10.526315789473683,17,19,2,0,17,19,4795,0,0,0,0,0
2020-07-31,US,Texas,Hunt,1022,20,0,33.12351514,-96.08551032,48231.0,1036.5742337261902,1.9569471624266144,1002,1010,20,0,990,1010,96493,12,0,0,12,0
2020-07-31,US,Texas,Hutchinson,111,2,0,35.84006574,-101.3546643,48233.0,530.136593752985,1.8018018018018016,109,110,2,0,108,109,21198,1,0,0,1,1
2020-07-31,US,Texas,Irion,8,0,0,31.30375559,-100.982439,48235.0,520.8333333333334,0.0,8,8,0,0,8,7,1522,0,0,0,0,1
2020-07-31,US,Texas,Jack,39,0,0,33.23377248,-98.17283469,48237.0,436.48573027420264,0.0,39,28,0,0,28,26,8843,11,0,0,11,2
2020-07-31,US,Texas,Jackson,319,4,0,28.95472367,-96.57749563,48239.0,2161.246612466125,1.2539184952978055,315,319,4,0,315,272,14874,0,0,0,0,47
2020-07-31,US,Texas,Jasper,286,5,0,30.74685667,-94.02667579,48241.0,804.9762166117821,1.7482517482517483,281,286,5,0,281,281,35872,0,0,0,0,5
2020-07-31,US,Texas,Jeff Davis,8,0,0,30.71490589,-104.1399973,48243.0,351.8029903254178,0.0,8,8,0,0,8,8,2252,0,0,0,0,0
2020-07-31,US,Texas,Jefferson,5431,65,0,29.8832777,-94.16434171,48245.0,2158.8853775366206,1.1968329957650523,5366,5369,64,0,5305,5321,255001,62,1,0,61,48
2020-07-31,US,Texas,Jim Hogg,52,1,0,27.04453923,-98.69681870000001,48247.0,1000.0,1.9230769230769231,51,50,1,0,49,49,5248,2,0,0,2,1
2020-07-31,US,Texas,Jim Wells,584,5,0,27.73103938,-98.0904705,48249.0,1442.6164715182056,0.8561643835616438,579,573,5,0,568,560,40822,11,0,0,11,13
2020-07-31,US,Texas,Johnson,1499,23,0,32.37877812,-97.36615819,48251.0,852.5910463720801,1.534356237491661,1476,1432,22,0,1410,1403,171361,67,1,0,66,29
2020-07-31,US,Texas,Jones,624,0,0,32.73997145,-99.87861576,48253.0,3107.105512124683,0.0,624,621,0,0,621,621,19817,3,0,0,3,0
2020-07-31,US,Texas,Karnes,266,3,0,28.90705334,-97.85960149,48255.0,1705.018909044292,1.1278195488721805,263,266,3,0,263,239,15650,0,0,0,0,27
2020-07-31,US,Texas,Kaufman,1738,19,0,32.599141700000004,-96.28734728,48257.0,1276.4957327731834,1.093210586881473,1719,1681,19,0,1662,1617,128622,57,0,0,57,64
2020-07-31,US,Texas,Kendall,145,2,0,29.94414155,-98.7113588,48259.0,305.70723788239764,1.3793103448275863,143,145,1,0,144,139,45641,0,1,0,-1,6
2020-07-31,US,Texas,Kenedy,5,1,0,26.92601662,-97.66413984,48261.0,1237.6237623762374,20.0,4,5,1,0,4,5,442,0,0,0,0,0
2020-07-31,US,Texas,Kent,2,0,0,33.18104136,-100.7780939,48263.0,262.46719160104993,0.0,2,2,0,0,2,2,726,0,0,0,0,0
2020-07-31,US,Texas,Kerr,348,6,0,30.06040006,-99.34930144,48265.0,661.5969581749049,1.7241379310344829,342,348,5,0,343,336,52405,0,1,0,-1,12
2020-07-31,US,Texas,Kimble,13,0,0,30.48678918,-99.74856473,48267.0,299.7463684574591,0.0,13,13,0,0,13,13,4362,0,0,0,0,0
2020-07-31,US,Texas,Kinney,17,0,0,29.34967888,-100.41866379999999,48271.0,463.5942187073902,0.0,17,17,0,0,17,16,3767,0,0,0,0,1
2020-07-31,US,Texas,Kleberg,341,4,0,27.42435506,-97.69894948,48273.0,1111.4732724902215,1.1730205278592376,337,328,4,0,324,315,31129,13,0,0,13,13
2020-07-31,US,Texas,Knox,44,0,0,33.60519951,-99.74229059999999,48275.0,1200.8733624454148,0.0,44,44,0,0,44,44,3653,0,0,0,0,0
2020-07-31,US,Texas,La Salle,357,1,0,28.34453111,-99.09908775,48283.0,4747.340425531916,0.2801120448179272,356,357,1,0,356,350,7531,0,0,0,0,7
2020-07-31,US,Texas,Lamar,605,16,0,33.66981763,-95.57404777,48277.0,1213.4218496159172,2.6446280991735542,589,605,16,0,589,592,49728,0,0,0,0,13
2020-07-31,US,Texas,Lamb,202,7,0,34.06859623,-102.35162890000001,48279.0,1566.7416427518808,3.4653465346534653,195,196,5,0,191,194,13158,6,2,0,4,2
2020-07-31,US,Texas,Lampasas,83,1,0,31.19531316,-98.24206613,48281.0,387.3436624976666,1.2048192771084338,82,83,1,0,82,82,21229,0,0,0,0,1
2020-07-31,US,Texas,Lavaca,593,14,0,29.38508402,-96.93186692,48285.0,2942.3439515728887,2.360876897133221,579,593,13,0,580,582,20110,0,1,0,-1,11
2020-07-31,US,Texas,Lee,151,8,0,30.31120597,-96.97045773,48287.0,875.9208770810371,5.298013245033113,143,148,8,0,140,146,17144,3,0,0,3,2
2020-07-31,US,Texas,Leon,137,1,0,31.29872538,-95.9936328,48289.0,787.1753619857504,0.7299270072992701,136,137,1,0,136,135,17270,0,0,0,0,2
2020-07-31,US,Texas,Liberty,828,25,0,30.15152688,-94.81205615,48291.0,938.5733232070187,3.0193236714975846,803,815,24,0,791,813,86323,13,1,0,12,2
2020-07-31,US,Texas,Limestone,199,3,0,31.5454767,-96.58095444,48293.0,849.0847804753167,1.5075376884422111,196,169,3,0,166,163,23519,30,0,0,30,6
2020-07-31,US,Texas,Lipscomb,15,0,0,36.27783108,-100.27331509999999,48295.0,463.96535725332507,0.0,15,15,0,0,15,15,3355,0,0,0,0,0
2020-07-31,US,Texas,Live Oak,207,1,0,28.35101362,-98.1246786,48297.0,1695.7483411157532,0.4830917874396135,206,207,1,0,206,126,12166,0,0,0,0,81
2020-07-31,US,Texas,Llano,86,1,0,30.70645047,-98.68475262,48299.0,394.5859142005047,1.162790697674419,85,85,0,0,85,85,21646,1,1,0,0,0
2020-07-31,US,Texas,Lubbock,5433,63,0,33.61008596,-101.82047890000001,48303.0,1749.3697052828836,1.1595803423522917,5370,5328,63,0,5265,5254,307412,105,0,0,105,74
2020-07-31,US,Texas,Lynn,63,4,0,33.17657705,-101.8162849,48305.0,1058.645605780541,6.349206349206349,59,63,4,0,59,62,5877,0,0,0,0,1
2020-07-31,US,Texas,Madison,645,0,0,30.96694679,-95.93003775,48313.0,4515.541865023802,0.0,645,637,0,0,637,633,14422,8,0,0,8,4
2020-07-31,US,Texas,Marion,123,7,0,32.79868409,-94.35661230000001,48315.0,1248.2240714430686,5.691056910569106,116,122,7,0,115,122,9928,1,0,0,1,0
2020-07-31,US,Texas,Martin,45,3,0,32.30600051,-101.9513518,48317.0,779.7608733321782,6.666666666666668,42,44,2,0,42,44,5753,1,1,0,0,0
2020-07-31,US,Texas,Mason,39,0,0,30.71780434,-99.22629416,48319.0,912.4941506785212,0.0,39,39,0,0,39,39,4280,0,0,0,0,0
2020-07-31,US,Texas,Matagorda,654,21,0,28.81955746,-96.01230294,48321.0,1784.7883633981933,3.2110091743119265,633,644,20,0,624,641,36552,10,1,0,9,3
2020-07-31,US,Texas,Maverick,1989,39,0,28.7429195,-100.3157686,48323.0,3387.1462143659955,1.96078431372549,1950,1852,36,0,1816,1802,58485,137,3,0,134,50
2020-07-31,US,Texas,McCulloch,38,1,0,31.1925468,-99.34682807,48307.0,475.9519038076152,2.631578947368421,37,35,1,0,34,34,7987,3,0,0,3,1
2020-07-31,US,Texas,McLennan,4263,39,0,31.55255453,-97.20217694,48309.0,1661.1917092388446,0.9148486980999296,4224,4192,39,0,4153,4108,254607,71,0,0,71,84
2020-07-31,US,Texas,McMullen,7,0,0,28.35251708,-98.56769164,48311.0,942.1265141318976,0.0,7,7,0,0,7,7,749,0,0,0,0,0
2020-07-31,US,Texas,Medina,588,23,0,29.355730100000002,-99.11030298,48325.0,1139.8883374689826,3.91156462585034,565,582,20,0,562,571,50921,6,3,0,3,11
2020-07-31,US,Texas,Menard,16,0,0,30.88990665,-99.82047940000001,48327.0,748.3629560336763,0.0,16,16,0,0,16,16,2139,0,0,0,0,0
2020-07-31,US,Texas,Midland,2179,42,0,31.86904128,-102.03156820000001,48329.0,1232.2430329352153,1.92748967416246,2137,2115,40,0,2075,2069,172578,64,2,0,62,46
2020-07-31,US,Texas,Milam,302,3,0,30.78581830000001,-96.97718698,48331.0,1216.6136244611853,0.9933774834437086,299,297,3,0,294,293,25131,5,0,0,5,4
2020-07-31,US,Texas,Mills,15,0,0,31.49557106,-98.59272068,48333.0,307.8185922429715,0.0,15,14,0,0,14,14,4921,1,0,0,1,0
2020-07-31,US,Texas,Mitchell,49,0,0,32.30623474,-100.9212058,48335.0,573.4347571679343,0.0,49,47,0,0,47,42,8145,2,0,0,2,5
2020-07-31,US,Texas,Montague,54,1,0,33.67521893,-97.72500958,48337.0,272.4795640326976,1.851851851851852,53,49,1,0,48,47,19596,5,0,0,5,2
2020-07-31,US,Texas,Montgomery,6196,71,0,30.30079133,-95.50572772,48339.0,1020.1007258915593,1.145900581020013,6125,6077,69,0,6008,5990,590925,119,2,0,117,87
2020-07-31,US,Texas,Moore,1008,12,0,35.83769242,-101.8930281,48341.0,4813.753581661891,1.1904761904761905,996,1008,12,0,996,1000,21485,0,0,0,0,8
2020-07-31,US,Texas,Morris,91,1,0,33.11304005,-94.73255695,48343.0,734.5818534065222,1.0989010989010992,90,85,1,0,84,84,12339,6,0,0,6,1
2020-07-31,US,Texas,Motley,4,0,0,34.07408766,-100.77972199999999,48345.0,333.3333333333333,0.0,4,4,0,0,4,4,1234,0,0,0,0,0
2020-07-31,US,Texas,Nacogdoches,1010,35,0,31.62017125,-94.61803994,48347.0,1548.9847248635053,3.4653465346534653,975,957,33,0,924,936,65711,53,2,0,51,21
2020-07-31,US,Texas,Navarro,763,8,0,32.04620681,-96.47428766,48349.0,1522.5590166224329,1.0484927916120577,755,751,8,0,743,734,49565,12,0,0,12,17
2020-07-31,US,Texas,Newton,83,4,0,30.78548982,-93.74408813,48351.0,610.5185730047813,4.819277108433735,79,83,4,0,79,83,13746,0,0,0,0,0
2020-07-31,US,Texas,Nolan,129,3,0,32.30365282,-100.4060208,48353.0,876.7160527388883,2.3255813953488373,126,127,3,0,124,127,14751,2,0,0,2,0
2020-07-31,US,Texas,Nueces,12301,176,0,27.736286,-97.5433285,48355.0,3395.30878237012,1.4307779855296316,12125,11390,166,0,11224,11160,362265,911,10,0,901,230
2020-07-31,US,Texas,Ochiltree,82,2,0,36.27829105,-100.8158184,48357.0,833.6722244814964,2.4390243902439024,80,78,2,0,76,78,9947,4,0,0,4,0
2020-07-31,US,Texas,Oldham,13,1,0,35.40425596,-102.6027606,48359.0,615.530303030303,7.6923076923076925,12,13,1,0,12,13,2131,0,0,0,0,0
2020-07-31,US,Texas,Orange,999,15,0,30.11879481,-93.89412775,48361.0,1197.8991798167779,1.5015015015015014,984,999,15,0,984,945,83572,0,0,0,0,54
2020-07-31,US,Texas,Palo Pinto,192,6,0,32.75310985,-98.31319001,48363.0,657.7820411798965,3.125,186,166,5,0,161,158,28875,26,1,0,25,8
2020-07-31,US,Texas,Panola,269,17,0,32.163959600000005,-94.30552481,48365.0,1159.7827024230405,6.319702602230484,252,267,17,0,250,261,23148,2,0,0,2,6
2020-07-31,US,Texas,Parker,1057,12,0,32.77757172,-97.80500621,48367.0,739.7919903694061,1.1352885525070957,1045,1026,12,0,1014,1029,138371,31,0,0,31,-3
2020-07-31,US,Texas,Parmer,312,7,0,34.52993409,-102.78446679999999,48369.0,3248.308172826653,2.243589743589744,305,305,7,0,298,299,9864,7,0,0,7,6
2020-07-31,US,Texas,Pecos,208,1,0,30.78097267,-102.72412609999999,48371.0,1314.5421222271375,0.4807692307692308,207,208,1,0,207,208,15673,0,0,0,0,0
2020-07-31,US,Texas,Polk,656,9,0,30.79472531,-94.82766240000001,48373.0,1277.4326718984285,1.3719512195121952,647,656,8,0,648,648,50031,0,1,0,-1,8
2020-07-31,US,Texas,Potter,3481,39,0,35.40133773,-101.893964,48375.0,2964.6978665417537,1.1203677104280378,3442,3454,37,0,3417,3419,119648,27,2,0,25,35
2020-07-31,US,Texas,Presidio,41,0,0,29.99954402,-104.24080790000001,48377.0,611.5751789976134,0.0,41,42,0,0,42,35,6948,-1,0,0,-1,7
2020-07-31,US,Texas,Rains,45,1,0,32.87109387,-95.79232691,48379.0,359.59725107879166,2.2222222222222223,44,42,1,0,41,41,12159,3,0,0,3,1
2020-07-31,US,Texas,Randall,1558,17,0,34.96585996,-101.8971322,48381.0,1131.338363117498,1.0911424903722722,1541,1528,16,0,1512,1505,136271,30,1,0,29,23
2020-07-31,US,Texas,Reagan,55,3,0,31.36607041,-101.52326590000001,48383.0,1428.9425824889581,5.454545454545454,52,55,3,0,52,55,3741,0,0,0,0,0
2020-07-31,US,Texas,Real,76,0,0,29.83321503,-99.82018052,48385.0,2201.62224797219,0.0,76,76,0,0,76,74,3478,0,0,0,0,2
2020-07-31,US,Texas,Red River,134,11,0,33.61886692,-95.04841765,48387.0,1114.5304832404559,8.208955223880597,123,133,11,0,122,133,12175,1,0,0,1,0
2020-07-31,US,Texas,Reeves,129,3,0,31.32323325,-103.69038959999999,48389.0,807.4611917876814,2.3255813953488373,126,128,3,0,125,119,15695,1,0,0,1,9
2020-07-31,US,Texas,Refugio,183,0,0,28.323897600000002,-97.15766311,48391.0,2633.851468048359,0.0,183,182,0,0,182,179,7032,1,0,0,1,3
2020-07-31,US,Texas,Roberts,6,0,0,35.83809685,-100.813175,48393.0,702.5761124121782,0.0,6,6,0,0,6,6,903,0,0,0,0,0
2020-07-31,US,Texas,Robertson,212,1,0,31.02539637,-96.51272246,48395.0,1241.6539768068408,0.4716981132075472,211,204,1,0,203,202,17284,8,0,0,8,2
2020-07-31,US,Texas,Rockwall,725,17,0,32.89779518,-96.40771592,48397.0,691.0356002478196,2.3448275862068964,708,718,17,0,701,699,100657,7,0,0,7,19
2020-07-31,US,Texas,Runnels,105,1,0,31.8314342,-99.97616148,48399.0,1022.9929851909587,0.9523809523809524,104,101,1,0,100,100,10234,4,0,0,4,1
2020-07-31,US,Texas,Rusk,323,2,0,32.10773545,-94.76176432,48401.0,593.684520089696,0.6191950464396285,321,328,2,0,326,325,54450,-5,0,0,-5,3
2020-07-31,US,Texas,Sabine,39,6,0,31.34318809,-93.85440451,48403.0,369.94877632327825,15.384615384615385,33,39,6,0,33,39,10589,0,0,0,0,0
2020-07-31,US,Texas,San Augustine,153,11,0,31.39457611,-94.17000399,48405.0,1857.4723807211358,7.189542483660131,142,153,10,0,143,153,8232,0,1,0,-1,0
2020-07-31,US,Texas,San Jacinto,143,7,0,30.57933681,-95.16260304,48407.0,495.51266502650816,4.895104895104895,136,143,7,0,136,138,28719,0,0,0,0,5
2020-07-31,US,Texas,San Patricio,768,15,0,28.00880118,-97.51763891,48409.0,1150.9066386932413,1.953125,753,694,15,0,679,694,66893,74,0,0,74,0
2020-07-31,US,Texas,San Saba,21,0,0,31.1577796,-98.81758731,48411.0,346.82080924855484,0.0,21,21,0,0,21,21,6054,0,0,0,0,0
2020-07-31,US,Texas,Schleicher,34,1,0,30.89740592,-100.5384842,48413.0,1217.329036877909,2.9411764705882355,33,34,1,0,33,34,2895,0,0,0,0,0
2020-07-31,US,Texas,Scurry,433,1,0,32.74613808,-100.91626640000001,48415.0,2592.348679877867,0.2309468822170901,432,415,1,0,414,403,16866,18,0,0,18,12
2020-07-31,US,Texas,Shackelford,17,0,0,32.73587756,-99.35401337,48417.0,520.6738131699847,0.0,17,17,0,0,17,16,3253,0,0,0,0,1
2020-07-31,US,Texas,Shelby,376,16,0,31.79211404,-94.14550696,48419.0,1487.69486428741,4.25531914893617,360,371,16,0,355,366,25418,5,0,0,5,5
2020-07-31,US,Texas,Sherman,37,0,0,36.27751473,-101.8933156,48421.0,1224.3547319655854,0.0,37,37,0,0,37,36,3079,0,0,0,0,1
2020-07-31,US,Texas,Smith,2292,15,0,32.37474036,-95.27175679999999,48423.0,984.7433523379062,0.6544502617801047,2277,2251,15,0,2236,2222,230221,41,0,0,41,29
2020-07-31,US,Texas,Somervell,56,0,0,32.22236802,-97.77403489,48425.0,613.4969325153372,0.0,56,51,0,0,51,49,9016,5,0,0,5,2
2020-07-31,US,Texas,Starr,1792,49,0,26.56150059,-98.73892358,48427.0,2772.577475902403,2.734375,1743,1784,38,0,1746,1761,64525,8,11,0,-3,23
2020-07-31,US,Texas,Stephens,29,2,0,32.73553157,-98.83631615,48429.0,309.6305786888746,6.896551724137932,27,28,2,0,26,28,9433,1,0,0,1,0
2020-07-31,US,Texas,Sterling,1,0,0,31.82781912,-101.05007459999999,48431.0,77.45933384972889,0.0,1,1,0,0,1,1,1311,0,0,0,0,0
2020-07-31,US,Texas,Stonewall,4,0,0,33.17906744,-100.25384009999999,48433.0,296.2962962962963,0.0,4,4,0,0,4,4,1362,0,0,0,0,0
2020-07-31,US,Texas,Sutton,58,1,0,30.49856623,-100.5382014,48435.0,1536.0169491525423,1.7241379310344829,57,59,1,0,58,58,3758,-1,0,0,-1,1
2020-07-31,US,Texas,Swisher,75,2,0,34.53028891,-101.73491740000001,48437.0,1013.9245640124376,2.6666666666666665,73,74,2,0,72,73,7462,1,0,0,1,1
2020-07-31,US,Texas,Tarrant,27823,365,0,32.77143818,-97.29101614,48439.0,1323.319928751995,1.311864284944111,27458,27151,359,0,26792,26315,2084931,672,6,0,666,836
2020-07-31,US,Texas,Taylor,1077,19,0,32.30163422,-99.89007449,48441.0,780.2425489372183,1.7641597028783658,1058,1068,18,0,1050,1049,137640,9,1,0,8,19
2020-07-31,US,Texas,Terrell,2,0,0,30.22429013,-102.0766732,48443.0,257.73195876288656,0.0,2,2,0,0,2,2,823,0,0,0,0,0
2020-07-31,US,Texas,Terry,110,1,0,33.17402785,-102.3354521,48445.0,891.6268136499957,0.9090909090909092,109,105,1,0,104,104,12287,5,0,0,5,1
2020-07-31,US,Texas,Throckmorton,3,0,0,33.17751417,-99.21226795,48447.0,199.86675549633568,0.0,3,2,0,0,2,2,1515,1,0,0,1,0
2020-07-31,US,Texas,Titus,1289,14,0,33.21339719,-94.96797273,48449.0,3935.877862595421,1.0861132660977502,1275,1276,14,0,1262,1265,33033,13,0,0,13,11
2020-07-31,US,Texas,Tom Green,2310,24,0,31.40464436,-100.46244300000001,48451.0,1937.919463087248,1.0389610389610389,2286,2175,19,0,2156,2131,118189,135,5,0,130,44
2020-07-31,US,Texas,Travis,20465,229,0,30.33432034,-97.78535620000001,48453.0,1606.4159302455191,1.11898363058881,20236,20187,220,0,19967,19952,1248743,278,9,0,269,235
2020-07-31,US,Texas,Trinity,129,2,0,31.0879489,-95.1367187,48455.0,880.4859736536755,1.5503875968992251,127,129,2,0,127,122,14740,0,0,0,0,7
2020-07-31,US,Texas,Tyler,112,1,0,30.77031716,-94.37690895,48457.0,516.795865633075,0.8928571428571429,111,112,1,0,111,109,21696,0,0,0,0,3
2020-07-31,US,Texas,Unassigned,0,55,0,0.0,0.0,90048.0,0.0,0.0,-55,0,168,0,-168,0,,0,-113,0,113,0
2020-07-31,US,Texas,Upshur,188,2,0,32.73706798,-94.93999853,48459.0,450.26704667928055,1.0638297872340423,186,180,2,0,178,176,41260,8,0,0,8,4
2020-07-31,US,Texas,Upton,15,1,0,31.36868194,-102.0423217,48461.0,410.1722723543888,6.666666666666668,14,15,1,0,14,13,3671,0,0,0,0,2
2020-07-31,US,Texas,Uvalde,471,7,0,29.35739637,-99.76229172,48463.0,1761.3402640140607,1.4861995753715498,464,456,3,0,453,448,26846,15,4,0,11,8
2020-07-31,US,Texas,Val Verde,1396,22,0,29.89149232,-101.1525205,48465.0,2847.5267720550733,1.5759312320916905,1374,1396,22,0,1374,1396,49208,0,0,0,0,0
2020-07-31,US,Texas,Van Zandt,328,3,0,32.56483801,-95.83766469,48467.0,579.6077045414385,0.9146341463414634,325,321,2,0,319,319,56019,7,1,0,6,2
2020-07-31,US,Texas,Victoria,3203,28,0,28.79780988,-96.96813006,48469.0,3478.3458581295345,0.8741804558226662,3175,3120,27,0,3093,2960,92035,83,1,0,82,160
2020-07-31,US,Texas,Walker,2792,38,0,30.73872995,-95.57440968,48471.0,3826.1775225774627,1.3610315186246418,2754,2772,39,0,2733,2757,72480,20,-1,0,21,15
2020-07-31,US,Texas,Waller,393,2,0,30.01058447,-95.99011759,48473.0,711.3637186402635,0.5089058524173028,391,391,2,0,389,388,53126,2,0,0,2,3
2020-07-31,US,Texas,Ward,83,1,0,31.50999644,-103.09279090000001,48475.0,691.7819636606102,1.2048192771084338,82,82,1,0,81,81,11720,1,0,0,1,1
2020-07-31,US,Texas,Washington,465,38,0,30.21498498,-96.40946246,48477.0,1295.9143860431411,8.172043010752688,427,452,37,0,415,452,35108,13,1,0,12,0
2020-07-31,US,Texas,Webb,5878,72,0,27.7610369,-99.33237355,48479.0,2124.690947471914,1.2249064307587614,5806,5676,72,0,5604,5396,275910,202,0,0,202,280
2020-07-31,US,Texas,Wharton,610,20,0,29.27765923,-96.22319248,48481.0,1467.8987390509192,3.278688524590164,590,591,19,0,572,590,41619,19,1,0,18,1
2020-07-31,US,Texas,Wheeler,31,0,0,35.40114335,-100.26995140000001,48483.0,613.132911392405,0.0,31,31,0,0,31,31,5191,0,0,0,0,0
2020-07-31,US,Texas,Wichita,902,10,0,33.98842886,-98.70410340000001,48485.0,682.1447477879452,1.1086474501108647,892,886,9,0,877,874,132064,16,1,0,15,12
2020-07-31,US,Texas,Wilbarger,49,1,0,34.07945812,-99.24178437,48487.0,383.74187485316,2.0408163265306123,48,43,1,0,42,41,12820,6,0,0,6,2
2020-07-31,US,Texas,Willacy,580,18,0,26.47411727,-97.61535848,48489.0,2715.6100758497987,3.103448275862069,562,577,18,0,559,572,21515,3,0,0,3,5
2020-07-31,US,Texas,Williamson,5715,79,0,30.64655664,-97.60048540000001,48491.0,967.7402967736908,1.3823272090988628,5636,5616,79,0,5537,5551,566719,99,0,0,99,65
2020-07-31,US,Texas,Wilson,414,16,0,29.1732598,-98.08693082,48493.0,810.6520462110827,3.864734299516908,398,414,16,0,398,412,50224,0,0,0,0,2
2020-07-31,US,Texas,Winkler,66,1,0,31.85008651,-103.04851629999999,48495.0,823.9700374531834,1.5151515151515151,65,66,1,0,65,65,7720,0,0,0,0,1
2020-07-31,US,Texas,Wise,309,5,0,33.21570665,-97.65460265,48497.0,441.5294924554184,1.6181229773462784,304,303,5,0,298,299,68305,6,0,0,6,4
2020-07-31,US,Texas,Wood,284,5,0,32.78722382,-95.38236368,48499.0,623.6412745119568,1.7605633802816902,279,276,5,0,271,262,45129,8,0,0,8,14
2020-07-31,US,Texas,Yoakum,77,1,0,33.17320212,-102.82764329999999,48501.0,883.7369447951338,1.2987012987012987,76,78,1,0,77,68,8591,-1,0,0,-1,10
2020-07-31,US,Texas,Young,133,3,0,33.17659707,-98.68790885,48503.0,738.4786229872293,2.255639097744361,130,116,3,0,113,114,18045,17,0,0,17,2
2020-07-31,US,Texas,Zapata,156,2,0,27.00156391,-99.16987152,48505.0,1100.2186331899288,1.2820512820512822,154,153,1,0,152,127,14190,3,1,0,2,26
2020-07-31,US,Texas,Zavala,170,5,0,28.86617238,-99.76050829,48507.0,1435.8108108108108,2.9411764705882355,165,170,5,0,165,169,11983,0,0,0,0,1
2020-07-31,US,Utah,Bear River,2152,6,0,41.52106798,-113.0832816,0.0,1151.9232622124207,0.2788104089219331,2146,2141,5,0,2136,2113,,11,1,0,10,28
2020-07-31,US,Utah,Central Utah,369,2,0,39.37231946,-111.5758676,0.0,450.2525807160114,0.5420054200542005,367,363,2,0,361,357,,6,0,0,6,6
2020-07-31,US,Utah,Davis,2909,13,0,40.99001837,-112.1139997,49011.0,818.3278431196042,0.446888965280165,2896,2859,13,0,2846,2819,351713,50,0,0,50,40
2020-07-31,US,Utah,Salt Lake,19036,173,0,40.66616532,-111.9216011,49035.0,1640.416498267463,0.9088043706661064,18863,18817,171,0,18646,18575,1152633,219,2,0,217,242
2020-07-31,US,Utah,San Juan,613,23,0,37.62762978,-109.80337140000002,49037.0,4004.442121766397,3.752039151712888,590,606,22,0,584,596,15449,7,1,0,6,10
2020-07-31,US,Utah,Southeast Utah,83,0,0,38.99617072,-110.7013958,0.0,206.3188247284297,0.0,83,82,0,0,82,79,,1,0,0,1,3
2020-07-31,US,Utah,Southwest Utah,2901,24,0,37.85447192,-111.4418764,0.0,1150.9986430832955,0.827300930713547,2877,2855,24,0,2831,2827,,46,0,0,46,28
2020-07-31,US,Utah,Summit,687,1,0,40.86688146,-110.9535882,49043.0,1630.0866057658084,0.14556040756914118,686,683,1,0,682,679,41933,4,0,0,4,4
2020-07-31,US,Utah,Tooele,527,0,0,40.44862644,-113.1295715,49045.0,729.3209150417249,0.0,527,524,0,0,524,518,69907,3,0,0,3,6
2020-07-31,US,Utah,TriCounty,153,0,0,40.12491499,-109.5174415,0.0,270.2129914167638,0.0,153,151,0,0,151,146,,2,0,0,2,5
2020-07-31,US,Utah,Utah,7688,33,0,40.1166722,-111.6657662,49049.0,1208.3585467633816,0.4292403746097815,7655,7584,33,0,7551,7483,622213,104,0,0,104,101
2020-07-31,US,Utah,Wasatch,525,4,0,40.33110236,-111.1691419,49051.0,1539.9958933442845,0.7619047619047619,521,523,4,0,519,522,33240,2,0,0,2,1
2020-07-31,US,Utah,Weber-Morgan,2553,25,0,41.27116049,-111.9145117,0.0,937.4414787561,0.9792401096748924,2528,2508,25,0,2483,2480,,45,0,0,45,28
2020-07-31,US,Vermont,Addison,71,2,0,44.03217337,-73.14130877,50001.0,193.0554422601081,2.8169014084507036,69,71,2,0,69,71,36973,0,0,0,0,0
2020-07-31,US,Vermont,Bennington,83,1,0,43.03519828,-73.09048868,50003.0,234.0005638567804,1.2048192771084338,82,83,1,0,82,83,35631,0,0,0,0,0
2020-07-31,US,Vermont,Caledonia,26,0,0,44.46548598,-72.10314651,50005.0,86.68689360850867,0.0,26,26,0,0,26,26,30302,0,0,0,0,0
2020-07-31,US,Vermont,Chittenden,715,39,0,44.46322849,-73.08359212,50007.0,436.57723448166377,5.454545454545454,676,715,39,0,676,715,164572,0,0,0,0,0
2020-07-31,US,Vermont,Essex,4,0,0,44.72736416,-71.73579864,50009.0,64.9034561090378,0.0,4,4,0,0,4,4,6250,0,0,0,0,0
2020-07-31,US,Vermont,Franklin,117,6,0,44.85627605,-72.91249563,50011.0,236.8325169021497,5.128205128205129,111,115,6,0,109,115,49421,2,0,0,2,0
2020-07-31,US,Vermont,Grand Isle,13,0,0,44.797582399999996,-73.29679772,50013.0,179.68210089841045,0.0,13,13,0,0,13,13,7090,0,0,0,0,0
2020-07-31,US,Vermont,Lamoille,42,1,0,44.60353043,-72.64356694,50015.0,165.60208185474332,2.380952380952381,41,42,1,0,41,42,25300,0,0,0,0,0
2020-07-31,US,Vermont,Orange,15,0,0,44.00470222,-72.37640104,50017.0,51.917485809220544,0.0,15,15,0,0,15,15,28999,0,0,0,0,0
2020-07-31,US,Vermont,Orleans,14,0,0,44.82964024,-72.24562697,50019.0,51.78089285053815,0.0,14,14,0,0,14,14,26907,0,0,0,0,0
2020-07-31,US,Vermont,Rutland,89,1,0,43.57723578,-73.03741676,50021.0,152.94461342819338,1.1235955056179776,88,84,1,0,83,84,58672,5,0,0,5,0
2020-07-31,US,Vermont,Unassigned,7,0,0,0.0,0.0,90050.0,0.0,0.0,7,7,0,0,7,7,,0,0,0,0,0
2020-07-31,US,Vermont,Washington,47,2,0,44.27343241,-72.61604978,50023.0,80.4670513105857,4.25531914893617,45,47,2,0,45,47,58140,0,0,0,0,0
2020-07-31,US,Vermont,Windham,101,3,0,42.986982,-72.71268875,50025.0,239.211785325186,2.9702970297029703,98,101,3,0,98,101,42756,0,0,0,0,0
2020-07-31,US,Vermont,Windsor,70,2,0,43.58010937,-72.58595157,50027.0,127.12941774726671,2.8571428571428568,68,70,2,0,68,69,55286,0,0,0,0,1
2020-07-31,US,Virginia,Accomack,1074,15,0,37.76707161,-75.63234615,51001.0,3323.4311177125883,1.3966480446927374,1059,1074,15,0,1059,1072,32412,0,0,0,0,2
2020-07-31,US,Virginia,Albemarle,735,11,0,38.02080697,-78.55481085,51003.0,672.2765937985914,1.4965986394557824,724,733,10,0,723,724,108718,2,1,0,1,9
2020-07-31,US,Virginia,Alexandria,2798,58,0,38.814003,-77.08183073,51510.0,1755.0242115563135,2.0729092208720514,2740,2779,57,0,2722,2759,160530,19,1,0,18,20
2020-07-31,US,Virginia,Alleghany,56,3,0,37.78636074,-80.00222498,51005.0,376.8506056527591,5.357142857142857,53,56,3,0,53,56,14910,0,0,0,0,0
2020-07-31,US,Virginia,Amelia,72,1,0,37.34081025,-77.98584649,51007.0,547.7367820464054,1.3888888888888888,71,72,1,0,71,71,13013,0,0,0,0,1
2020-07-31,US,Virginia,Amherst,105,0,0,37.60308293,-79.14548696,51009.0,332.2259136212625,0.0,105,101,0,0,101,99,31666,4,0,0,4,2
2020-07-31,US,Virginia,Appomattox,68,0,0,37.37569884,-78.81340003,51011.0,427.3772861542329,0.0,68,67,0,0,67,67,15841,1,0,0,1,0
2020-07-31,US,Virginia,Arlington,2897,136,0,38.8767675,-77.10139853,51013.0,1223.1783214125874,4.694511563686572,2761,2874,135,0,2739,2857,237521,23,1,0,22,17
2020-07-31,US,Virginia,Augusta,249,4,0,38.16404586,-79.12461614,51015.0,329.5481616771222,1.606425702811245,245,246,4,0,242,245,75457,3,0,0,3,1
2020-07-31,US,Virginia,Bath,4,0,0,38.05852573,-79.73912095,51017.0,96.45526886906195,0.0,4,4,0,0,4,4,4292,0,0,0,0,0
2020-07-31,US,Virginia,Bedford,286,6,0,37.3080028,-79.5281964,51019.0,362.0390647746117,2.097902097902098,280,261,5,0,256,255,78747,25,1,0,24,6
2020-07-31,US,Virginia,Bland,7,0,0,37.13128068,-81.13599391,51021.0,111.46496815286623,0.0,7,7,0,0,7,7,6293,0,0,0,0,0
2020-07-31,US,Virginia,Botetourt,185,5,0,37.55531756,-79.80982182,51023.0,553.5773063227506,2.702702702702702,180,183,5,0,178,182,33277,2,0,0,2,1
2020-07-31,US,Virginia,Bristol,57,0,0,36.616302399999995,-82.16359122,51520.0,340.05488605178385,0.0,57,50,0,0,50,48,16482,7,0,0,7,2
2020-07-31,US,Virginia,Brunswick,197,1,0,36.76366949,-77.8593436,51025.0,1213.726819049966,0.5076142131979695,196,197,1,0,196,188,16384,0,0,0,0,9
2020-07-31,US,Virginia,Buchanan,71,0,0,37.26818323,-82.03749726,51027.0,338.03085126642543,0.0,71,69,0,0,69,67,21221,2,0,0,2,2
2020-07-31,US,Virginia,Buckingham,593,6,0,37.57242268,-78.52518834,51029.0,3458.129227898297,1.011804384485666,587,592,6,0,586,592,16999,1,0,0,1,0
2020-07-31,US,Virginia,Buena Vista,47,0,0,37.73484642,-79.35296097,51530.0,725.532571781414,0.0,47,47,0,0,47,47,6237,0,0,0,0,0
2020-07-31,US,Virginia,Campbell,144,2,0,37.20553386,-79.09678609,51031.0,262.3667668761957,1.3888888888888888,142,132,2,0,130,131,54973,12,0,0,12,1
2020-07-31,US,Virginia,Caroline,183,4,0,38.02679129,-77.34901405,51033.0,595.606183889341,2.1857923497267757,179,179,4,0,175,177,30772,4,0,0,4,2
2020-07-31,US,Virginia,Carroll,307,14,0,36.73066666,-80.73455942,51035.0,1030.5125709106778,4.5602605863192185,293,305,11,0,294,303,29636,2,3,0,-1,2
2020-07-31,US,Virginia,Charles City,49,3,0,37.35358063,-77.05634116,51036.0,703.7196610656326,6.1224489795918355,46,47,3,0,44,46,6941,2,0,0,2,1
2020-07-31,US,Virginia,Charlotte,50,0,0,37.01909701,-78.66314092,51037.0,420.87542087542084,0.0,50,49,0,0,49,48,11938,1,0,0,1,1
2020-07-31,US,Virginia,Charlottesville,466,11,0,38.03527919,-78.48569588,51540.0,985.909533279736,2.360515021459228,455,451,9,0,442,443,48117,15,2,0,13,8
2020-07-31,US,Virginia,Chesapeake,2450,28,0,36.67670048,-76.30545744,51550.0,1000.6739232544368,1.1428571428571428,2422,2391,27,0,2364,2348,242634,59,1,0,58,43
2020-07-31,US,Virginia,Chesterfield,3937,72,0,37.37373208,-77.58680140000001,51041.0,1115.923379119166,1.8288036576073152,3865,3877,71,0,3806,3829,348556,60,1,0,59,48
2020-07-31,US,Virginia,Clarke,69,0,0,39.11271747,-77.99199425,51043.0,471.9885081058896,0.0,69,66,0,0,66,66,14523,3,0,0,3,0
2020-07-31,US,Virginia,Colonial Heights,178,21,0,37.26420587,-77.39609676,51570.0,1024.75532527346,11.797752808988767,157,177,21,0,156,175,17833,1,0,0,1,2
2020-07-31,US,Virginia,Covington,12,0,0,37.7824656,-79.98631446,51580.0,216.68472372697724,0.0,12,11,0,0,11,11,5460,1,0,0,1,0
2020-07-31,US,Virginia,Craig,15,0,0,37.48133648,-80.21072274,51045.0,292.34067433248885,0.0,15,15,0,0,15,15,5064,0,0,0,0,0
2020-07-31,US,Virginia,Culpeper,942,12,0,38.48199985,-77.95630870000002,51047.0,1790.7043056743655,1.2738853503184713,930,938,12,0,926,934,51859,4,0,0,4,4
2020-07-31,US,Virginia,Cumberland,65,0,0,37.51328851,-78.24398086,51049.0,654.4502617801047,0.0,65,64,0,0,64,63,9809,1,0,0,1,1
2020-07-31,US,Virginia,Danville,300,5,0,36.58022376,-79.40395668,51590.0,749.1759065028467,1.6666666666666667,295,291,5,0,286,278,40693,9,0,0,9,13
2020-07-31,US,Virginia,Dickenson,22,0,0,37.12560977,-82.35124171,51051.0,153.65274479675932,0.0,22,21,0,0,21,18,14523,1,0,0,1,3
2020-07-31,US,Virginia,Dinwiddie,197,4,0,37.07544585,-77.63451754,51053.0,690.1625560538116,2.0304568527918785,193,196,4,0,192,195,28529,1,0,0,1,1
2020-07-31,US,Virginia,Emporia,163,15,0,36.69455571,-77.53406129,51595.0,3049.00860456416,9.202453987730062,148,163,15,0,148,164,5121,0,0,0,0,-1
2020-07-31,US,Virginia,Essex,75,1,0,37.93357639,-76.94230311,51057.0,684.7439057792386,1.3333333333333333,74,74,1,0,73,74,10919,1,0,0,1,0
2020-07-31,US,Virginia,Fairfax,15616,520,0,38.83677558,-77.27565836,51059.0,1360.8335105251967,3.3299180327868854,15096,15606,519,0,15087,15570,1150795,10,1,0,9,36
2020-07-31,US,Virginia,Fairfax,15616,520,0,38.83677558,-77.27565836,51059.0,1360.8335105251967,3.3299180327868854,15096,15606,519,0,15087,15570,24574,10,1,0,9,36
2020-07-31,US,Virginia,Fairfax City,79,7,0,38.85157547,-77.29779640000002,51600.0,328.9062825263333,8.860759493670884,72,81,7,0,74,79,24574,-2,0,0,-2,2
2020-07-31,US,Virginia,Falls Church,60,6,0,38.88485255,-77.17560759,51610.0,410.4809468427173,10.0,54,61,6,0,55,54,14772,-1,0,0,-1,7
2020-07-31,US,Virginia,Fauquier,571,8,0,38.73564842,-77.80647472,51061.0,801.7185701047429,1.4010507880910683,563,571,8,0,563,570,70675,0,0,0,0,1
2020-07-31,US,Virginia,Floyd,32,1,0,36.9302126,-80.36738849,51063.0,203.187503968506,3.125,31,31,1,0,30,31,15795,1,0,0,1,0
2020-07-31,US,Virginia,Fluvanna,173,8,0,37.84157909,-78.27715475,51065.0,634.3967730106344,4.624277456647398,165,170,8,0,162,170,26783,3,0,0,3,0
2020-07-31,US,Virginia,Franklin,151,1,0,36.99536167,-79.88023649,51067.0,269.4407765604368,0.6622516556291391,150,150,1,0,149,150,56195,1,0,0,1,0
2020-07-31,US,Virginia,Franklin,151,1,0,36.99536167,-79.88023649,51067.0,269.4407765604368,0.6622516556291391,150,150,1,0,149,150,8013,1,0,0,1,0
2020-07-31,US,Virginia,Franklin City,119,6,0,36.6831435,-76.93859681,51620.0,1493.6613530814611,5.042016806722689,113,117,6,0,111,115,8013,2,0,0,2,2
2020-07-31,US,Virginia,Frederick,651,7,0,39.20172582,-78.25974949,51069.0,728.8972490007054,1.075268817204301,644,649,7,0,642,644,88355,2,0,0,2,5
2020-07-31,US,Virginia,Fredericksburg,348,2,0,38.2977863,-77.4922454,51630.0,1198.5121917619506,0.5747126436781609,346,345,2,0,343,340,29144,3,0,0,3,5
2020-07-31,US,Virginia,Galax,331,19,0,36.66601852,-80.91703124,51640.0,5215.062234126359,5.740181268882174,312,329,17,0,312,327,6423,2,2,0,0,2
2020-07-31,US,Virginia,Giles,23,0,0,37.31234791,-80.70636931,51071.0,137.55980861244018,0.0,23,21,0,0,21,20,16844,2,0,0,2,1
2020-07-31,US,Virginia,Gloucester,141,2,0,37.40809042,-76.53524337,51073.0,377.5302559708686,1.4184397163120568,139,140,2,0,138,138,37349,1,0,0,1,2
2020-07-31,US,Virginia,Goochland,150,7,0,37.71714806,-77.90381514,51075.0,631.4991790510672,4.666666666666667,143,149,7,0,142,149,23244,1,0,0,1,0
2020-07-31,US,Virginia,Grayson,128,4,0,36.65677234,-81.23215889,51077.0,823.1511254019293,3.125,124,124,4,0,120,123,15631,4,0,0,4,1
2020-07-31,US,Virginia,Greene,134,2,0,38.29545894,-78.46525378,51079.0,676.1188758262274,1.492537313432836,132,134,2,0,132,134,19779,0,0,0,0,0
2020-07-31,US,Virginia,Greensville,417,9,0,36.67878901,-77.56351439,51081.0,3678.546224417784,2.1582733812949644,408,415,9,0,406,411,11627,2,0,0,2,4
2020-07-31,US,Virginia,Halifax,130,1,0,36.76654925,-78.93512622,51083.0,383.3564330158357,0.7692307692307693,129,130,1,0,129,128,34120,0,0,0,0,2
2020-07-31,US,Virginia,Hampton,1007,5,0,37.03513786,-76.35879121,51650.0,748.6432235521522,0.4965243296921549,1002,973,5,0,968,963,134313,34,0,0,34,10
2020-07-31,US,Virginia,Hanover,584,31,0,37.7583355,-77.49464673,51085.0,541.9148896683555,5.308219178082191,553,583,30,0,553,579,107239,1,1,0,0,4
2020-07-31,US,Virginia,Harrisonburg,1039,29,0,38.43542574,-78.87536254,51660.0,1959.785725064132,2.791145332050048,1010,1037,29,0,1008,1037,54033,2,0,0,2,0
2020-07-31,US,Virginia,Henrico,3541,180,0,37.53460572,-77.39326555,51087.0,1070.377065335018,5.083309799491669,3361,3509,178,0,3331,3466,329261,32,2,0,30,43
2020-07-31,US,Virginia,Henry,477,5,0,36.68542395,-79.87634026,51089.0,943.4895266728644,1.0482180293501049,472,467,5,0,462,461,50953,10,0,0,10,6
2020-07-31,US,Virginia,Highland,3,0,0,38.35799465,-79.56124594,51091.0,136.98630136986299,0.0,3,3,0,0,3,3,2210,0,0,0,0,0
2020-07-31,US,Virginia,Hopewell,254,5,0,37.29186313,-77.29754684,51670.0,1127.43574947845,1.9685039370078738,249,253,5,0,248,253,22596,1,0,0,1,0
2020-07-31,US,Virginia,Isle of Wight,325,9,0,36.90579348,-76.70842863,51093.0,875.7983238567464,2.769230769230769,316,323,9,0,314,318,36953,2,0,0,2,5
2020-07-31,US,Virginia,James City,538,16,0,37.31156958,-76.76950618,51095.0,703.0565973628844,2.9739776951672865,522,531,16,0,515,525,76397,7,0,0,7,6
2020-07-31,US,Virginia,King George,122,4,0,38.26818502,-77.15852768,51099.0,454.61320614100464,3.278688524590164,118,121,4,0,117,119,26575,1,0,0,1,2
2020-07-31,US,Virginia,King William,77,2,0,37.70965316,-77.09384941,51101.0,449.03195707954285,2.5974025974025974,75,76,2,0,74,76,16939,1,0,0,1,0
2020-07-31,US,Virginia,King and Queen,35,1,0,37.71044922,-76.88689628,51097.0,498.220640569395,2.8571428571428568,34,35,1,0,34,35,7042,0,0,0,0,0
2020-07-31,US,Virginia,Lancaster,29,0,0,37.71889653,-76.46400482,51103.0,273.507497877959,0.0,29,29,0,0,29,29,10783,0,0,0,0,0
2020-07-31,US,Virginia,Lee,91,1,0,36.70586667,-83.12606515,51105.0,388.5070230115698,1.0989010989010992,90,86,0,0,86,83,23541,5,1,0,4,3
2020-07-31,US,Virginia,Lexington,28,0,0,37.78258621,-79.44262866,51678.0,376.04082728982,0.0,28,28,0,0,28,28,7136,0,0,0,0,0
2020-07-31,US,Virginia,Loudoun,4995,110,0,39.08990083,-77.63481877,51107.0,1207.8696516402365,2.2022022022022023,4885,4985,109,0,4876,4965,406850,10,1,0,9,20
2020-07-31,US,Virginia,Louisa,165,2,0,37.97850256,-77.96274807,51109.0,438.93485142720334,1.2121212121212122,163,165,2,0,163,165,36778,0,0,0,0,0
2020-07-31,US,Virginia,Lunenburg,55,1,0,36.94618528,-78.24133319,51111.0,450.96753033781573,1.818181818181818,54,54,1,0,53,53,12086,1,0,0,1,1
2020-07-31,US,Virginia,Lynchburg,429,2,0,37.40021399,-79.19888138,51680.0,522.1010612403855,0.4662004662004662,427,396,2,0,394,392,82126,33,0,0,33,4
2020-07-31,US,Virginia,Madison,60,1,0,38.41531222,-78.28220331,51113.0,452.45456602066207,1.6666666666666667,59,58,1,0,57,58,13295,2,0,0,2,0
2020-07-31,US,Virginia,Manassas,1604,20,0,38.7464321,-77.48509905,51683.0,3904.101253498844,1.2468827930174564,1584,1596,20,0,1576,1586,41641,8,0,0,8,10
2020-07-31,US,Virginia,Manassas Park,497,7,0,38.77058531,-77.44399307,51685.0,2843.574779723081,1.4084507042253518,490,495,7,0,488,493,17307,2,0,0,2,2
2020-07-31,US,Virginia,Martinsville,159,3,0,36.68212094,-79.86352771,51690.0,1266.5285964632787,1.8867924528301887,156,159,3,0,156,156,12902,0,0,0,0,3
2020-07-31,US,Virginia,Mathews,12,0,0,37.44164146,-76.34098896,51115.0,135.83880461851936,0.0,12,12,0,0,12,12,8802,0,0,0,0,0
2020-07-31,US,Virginia,Mecklenburg,303,32,0,36.67882005,-78.36131056,51117.0,990.6169287605844,10.561056105610561,271,303,31,0,272,303,30650,0,1,0,-1,0
2020-07-31,US,Virginia,Middlesex,26,1,0,37.63191998,-76.55064617,51119.0,245.70024570024572,3.8461538461538463,25,26,1,0,25,25,10769,0,0,0,0,1
2020-07-31,US,Virginia,Montgomery,273,3,0,37.17746986,-80.37868691,51121.0,277.0589130765718,1.0989010989010992,270,264,3,0,261,260,98985,9,0,0,9,4
2020-07-31,US,Virginia,Nelson,32,0,0,37.78790447,-78.88498513,51125.0,214.3335565974548,0.0,32,32,0,0,32,33,14836,0,0,0,0,-1
2020-07-31,US,Virginia,New Kent,115,1,0,37.50694406,-76.99828634,51127.0,498.02953531679015,0.8695652173913043,114,113,1,0,112,112,22391,2,0,0,2,1
2020-07-31,US,Virginia,Newport News,1573,16,0,37.08166899,-76.51754109,51700.0,877.6677360859254,1.01716465352829,1557,1544,16,0,1528,1519,178626,29,0,0,29,25
2020-07-31,US,Virginia,Norfolk,3180,24,0,36.89934014,-76.26420872,51710.0,1310.0328744098672,0.7547169811320755,3156,3080,22,0,3058,2937,244076,100,2,0,98,143
2020-07-31,US,Virginia,Northampton,292,28,0,37.34062933,-75.87751591,51131.0,2493.5952177625963,9.58904109589041,264,292,28,0,264,297,11735,0,0,0,0,-5
2020-07-31,US,Virginia,Northumberland,63,2,0,37.89202088,-76.41949732,51133.0,520.8763952046302,3.1746031746031744,61,62,2,0,60,60,12147,1,0,0,1,2
2020-07-31,US,Virginia,Norton,11,0,0,36.93357076,-82.62750411,51720.0,276.312484300427,0.0,11,10,0,0,10,10,3968,1,0,0,1,0
2020-07-31,US,Virginia,Nottoway,172,9,0,37.1435975,-78.05065922,51135.0,1129.2016806722686,5.232558139534883,163,169,8,0,161,168,15420,3,1,0,2,1
2020-07-31,US,Virginia,Orange,207,3,0,38.24530219,-78.01560400000002,51137.0,558.6893741059621,1.4492753623188406,204,205,3,0,202,204,36644,2,0,0,2,1
2020-07-31,US,Virginia,Page,330,24,0,38.61807452,-78.48797204,51139.0,1380.6376035478202,7.272727272727272,306,331,24,0,307,330,23933,-1,0,0,-1,1
2020-07-31,US,Virginia,Patrick,108,3,0,36.680163799999995,-80.2865648,51141.0,613.3575647432987,2.7777777777777777,105,106,3,0,103,104,17673,2,0,0,2,2
2020-07-31,US,Virginia,Petersburg,442,11,0,37.20530399,-77.39368102,51730.0,1410.0682702737192,2.4886877828054303,431,426,10,0,416,411,31567,16,1,0,15,15
2020-07-31,US,Virginia,Pittsylvania,316,2,0,36.81980341,-79.39731264,51143.0,523.5775590681645,0.6329113924050633,314,309,2,0,307,296,60949,7,0,0,7,13
2020-07-31,US,Virginia,Poquoson,36,0,0,37.14259351,-76.35798148,51735.0,293.3746230951022,0.0,36,35,0,0,35,34,12190,1,0,0,1,1
2020-07-31,US,Virginia,Portsmouth,1462,22,0,36.85914825,-76.35971629,51740.0,1548.761626305642,1.5047879616963065,1440,1417,22,0,1395,1390,94632,45,0,0,45,27
2020-07-31,US,Virginia,Powhatan,122,4,0,37.55016038,-77.91267882,51145.0,411.4393632807231,3.278688524590164,118,120,4,0,116,118,29189,2,0,0,2,2
2020-07-31,US,Virginia,Prince Edward,323,9,0,37.22554789,-78.43597949,51147.0,1416.5424085606526,2.7863777089783284,314,300,9,0,291,289,22950,23,0,0,23,11
2020-07-31,US,Virginia,Prince George,329,2,0,37.18497668,-77.22922187,51149.0,857.8207702135428,0.6079027355623101,327,328,2,0,326,327,38082,1,0,0,1,1
2020-07-31,US,Virginia,Prince William,8838,170,0,38.70916224,-77.48713689,51153.0,1879.0861832523624,1.923512106811496,8668,8784,169,0,8615,8724,468011,54,1,0,53,60
2020-07-31,US,Virginia,Pulaski,74,3,0,37.06474963,-80.71229738,51155.0,217.47435859758426,4.0540540540540535,71,74,3,0,71,74,34066,0,0,0,0,0
2020-07-31,US,Virginia,Radford,27,0,0,37.12222899,-80.56027320000003,51750.0,147.95331251027451,0.0,27,25,0,0,25,26,18339,2,0,0,2,-1
2020-07-31,US,Virginia,Rappahannock,40,2,0,38.68295619,-78.15826963,51157.0,542.7408412483039,5.0,38,40,2,0,38,40,7252,0,0,0,0,0
2020-07-31,US,Virginia,Richmond,316,4,0,37.937575,-76.72920628,51159.0,3502.161143743766,1.2658227848101269,312,317,4,0,313,315,9038,-1,0,0,-1,2
2020-07-31,US,Virginia,Richmond City,2893,39,0,37.53255773,-77.47966921,51760.0,1255.4461976427294,1.3480815762184584,2854,2857,38,0,2819,2831,228783,36,1,0,35,26
2020-07-31,US,Virginia,Roanoke,430,7,0,37.26865804,-80.06396753,51161.0,456.5434353300915,1.627906976744186,423,425,7,0,418,414,94073,5,0,0,5,11
2020-07-31,US,Virginia,Roanoke City,814,11,0,37.27791025,-79.96189766,51770.0,821.0362809275491,1.351351351351351,803,805,10,0,795,780,99920,9,1,0,8,25
2020-07-31,US,Virginia,Rockbridge,66,0,0,37.81204314,-79.44605905,51163.0,292.3847073937892,0.0,66,65,0,0,65,63,22752,1,0,0,1,2
2020-07-31,US,Virginia,Rockingham,890,17,0,38.51006137,-78.87260325,51165.0,1086.0545711914872,1.9101123595505616,873,883,17,0,866,878,81244,7,0,0,7,5
2020-07-31,US,Virginia,Russell,60,1,0,36.93028320000001,-82.10095486,51167.0,225.68269013766644,1.6666666666666667,59,60,1,0,59,59,26748,0,0,0,0,1
2020-07-31,US,Virginia,Salem,131,3,0,37.2836193,-80.06219455,51775.0,517.7660962017311,2.2900763358778624,128,129,3,0,126,128,25643,2,0,0,2,1
2020-07-31,US,Virginia,Scott,51,3,0,36.71466456,-82.60171704,51169.0,236.48335342669014,5.882352941176472,48,47,3,0,44,45,21534,4,0,0,4,2
2020-07-31,US,Virginia,Shenandoah,667,42,0,38.85905135,-78.56813762,51171.0,1529.2553191489362,6.296851574212892,625,665,40,0,625,665,43497,2,2,0,0,0
2020-07-31,US,Virginia,Smyth,107,3,0,36.84455636,-81.53344948,51173.0,355.43449375498267,2.803738317757009,104,102,3,0,99,97,30472,5,0,0,5,5
2020-07-31,US,Virginia,Southampton,234,12,0,36.72231125,-77.10642712,51175.0,1327.2077590607453,5.128205128205129,222,229,12,0,217,229,17586,5,0,0,5,0
2020-07-31,US,Virginia,Spotsylvania,1305,33,0,38.18574462,-77.655399,51177.0,958.0442682523953,2.528735632183908,1272,1291,33,0,1258,1271,134238,14,0,0,14,20
2020-07-31,US,Virginia,Stafford,1243,7,0,38.41758738,-77.45917053,51179.0,813.0453552412973,0.5631536604987932,1236,1237,7,0,1230,1227,149960,6,0,0,6,10
2020-07-31,US,Virginia,Staunton,140,0,0,38.15965544,-79.05979937,51790.0,561.5273544039788,0.0,140,140,0,0,140,139,24922,0,0,0,0,1
2020-07-31,US,Virginia,Suffolk,1034,49,0,36.70155394,-76.63603554,51800.0,1122.5952143136321,4.738878143133462,985,1001,48,0,953,989,91185,33,1,0,32,12
2020-07-31,US,Virginia,Surry,35,2,0,37.11781893,-76.88450012,51181.0,545.0015571473061,5.7142857142857135,33,35,2,0,33,35,6474,0,0,0,0,0
2020-07-31,US,Virginia,Sussex,276,9,0,36.92432914,-77.25791182,51183.0,2473.339905009409,3.260869565217391,267,276,8,0,268,271,11237,0,1,0,-1,5
2020-07-31,US,Virginia,Tazewell,87,0,0,37.12191123,-81.56685568,51185.0,214.31210740238944,0.0,87,81,0,0,81,80,40855,6,0,0,6,1
2020-07-31,US,Virginia,Virginia Beach,4055,45,0,36.73285734,-76.04566934,51810.0,901.1631783169693,1.1097410604192357,4010,3979,43,0,3936,3908,450189,76,2,0,74,71
2020-07-31,US,Virginia,Warren,348,7,0,38.90847745,-78.20280433,51187.0,866.4475649835672,2.0114942528735638,341,345,7,0,338,344,40003,3,0,0,3,1
2020-07-31,US,Virginia,Washington,170,4,0,36.72341572,-81.95666289,51191.0,316.3379233345739,2.3529411764705883,166,164,4,0,160,157,54402,6,0,0,6,7
2020-07-31,US,Virginia,Waynesboro,166,2,0,38.06451466,-78.90293905,51820.0,733.5395492708792,1.2048192771084338,164,165,2,0,163,165,22628,1,0,0,1,0
2020-07-31,US,Virginia,Westmoreland,193,2,0,38.11021557,-76.80213247,51193.0,1071.3294476824867,1.0362694300518134,191,193,2,0,191,192,17830,0,0,0,0,1
2020-07-31,US,Virginia,Williamsburg,107,6,0,37.28131268,-76.70905141,51830.0,715.5276180286211,5.607476635514018,101,106,6,0,100,105,14896,1,0,0,1,1
2020-07-31,US,Virginia,Winchester,391,4,0,39.17054517,-78.17325058,51840.0,1392.5493268751334,1.0230179028132993,387,390,4,0,386,390,28108,1,0,0,1,0
2020-07-31,US,Virginia,Wise,79,3,0,36.9746148,-82.62410519,51195.0,211.32600379851803,3.79746835443038,76,75,3,0,72,74,38012,4,0,0,4,1
2020-07-31,US,Virginia,Wythe,100,3,0,36.91582035,-81.07834059,51197.0,348.6264119369684,3.0,97,98,3,0,95,95,28754,2,0,0,2,3
2020-07-31,US,Virginia,York,301,3,0,37.24374789,-76.54412815,51199.0,440.83186877562974,0.9966777408637874,298,293,3,0,290,290,67846,8,0,0,8,3
2020-07-31,US,Washington,Adams,374,3,0,46.98299757,-118.56017340000001,53001.0,1871.5908522243908,0.8021390374331551,371,374,3,0,371,371,19759,0,0,0,0,3
2020-07-31,US,Washington,Asotin,24,2,0,46.18894415,-117.2022851,53003.0,106.27933752546276,8.333333333333334,22,24,2,0,22,22,22610,0,0,0,0,2
2020-07-31,US,Washington,Benton,3434,107,0,46.23946995,-119.51208340000001,53005.0,1680.1213366603065,3.115899825276645,3327,3434,107,0,3327,3390,201877,0,0,0,0,44
2020-07-31,US,Washington,Chelan,1019,9,0,47.87046092,-120.6173956,53007.0,1319.9481865284974,0.8832188420019627,1010,1019,9,0,1010,998,77036,0,0,0,0,21
2020-07-31,US,Washington,Clallam,91,0,0,48.04754642,-123.92263190000001,53009.0,117.67596436099363,0.0,91,91,0,0,91,88,76737,0,0,0,0,3
2020-07-31,US,Washington,Clark,1411,39,0,45.77568046,-122.48292040000001,53011.0,288.99662256959164,2.7639971651311126,1372,1411,39,0,1372,1398,481857,0,0,0,0,13
2020-07-31,US,Washington,Columbia,13,0,0,46.29442881,-117.9051983,53013.0,326.2233375156838,0.0,13,13,0,0,13,13,4059,0,0,0,0,0
2020-07-31,US,Washington,Cowlitz,426,5,0,46.19074721,-122.6782231,53015.0,385.19616973949525,1.1737089201877935,421,426,5,0,421,420,108987,0,0,0,0,6
2020-07-31,US,Washington,Douglas,726,7,0,47.7361335,-119.69293700000001,53017.0,1671.6940293352368,0.9641873278236914,719,726,7,0,719,706,42907,0,0,0,0,20
2020-07-31,US,Washington,Ferry,12,0,0,48.471143100000006,-118.5154041,53019.0,157.3357807788121,0.0,12,12,0,0,12,12,7649,0,0,0,0,0
2020-07-31,US,Washington,Franklin,3210,46,0,46.53351425,-118.9018212,53021.0,3371.069710781122,1.4330218068535825,3164,3210,46,0,3164,3173,94347,0,0,0,0,37
2020-07-31,US,Washington,Garfield,2,0,0,46.43197502,-117.54540320000001,53023.0,89.88764044943821,0.0,2,2,0,0,2,2,2247,0,0,0,0,0
2020-07-31,US,Washington,Grant,1186,12,0,47.20753737,-119.4500749,53025.0,1213.5102780023124,1.011804384485666,1174,1186,12,0,1174,1174,97331,0,0,0,0,12
2020-07-31,US,Washington,Grays Harbor,92,2,0,47.14003705,-123.7820567,53027.0,122.56697885719616,2.1739130434782608,90,92,2,0,90,90,73901,0,0,0,0,2
2020-07-31,US,Washington,Island,234,11,0,48.14713305,-122.5216407,53029.0,274.8382095582622,4.700854700854701,223,234,11,0,223,232,84460,0,0,0,0,2
2020-07-31,US,Washington,Jefferson,51,0,0,47.75003077,-123.56097040000002,53031.0,158.2818658638776,0.0,51,51,0,0,51,51,31729,0,0,0,0,0
2020-07-31,US,Washington,King,15025,649,0,47.49137892,-121.8346131,53033.0,666.9531272888366,4.319467554076539,14376,15025,649,0,14376,14856,2233163,0,0,0,0,169
2020-07-31,US,Washington,Kitsap,598,3,0,47.63479026,-122.6436061,53035.0,220.27973315946704,0.5016722408026756,595,598,3,0,595,575,269805,0,0,0,0,23
2020-07-31,US,Washington,Kittitas,326,17,0,47.12521214,-120.67943899999999,53037.0,680.0876186502555,5.214723926380368,309,326,17,0,309,326,47364,0,0,0,0,0
2020-07-31,US,Washington,Klickitat,100,3,0,45.87325839,-120.7913598,53039.0,445.9308807134894,3.0,97,100,3,0,97,100,22107,0,0,0,0,0
2020-07-31,US,Washington,Lewis,166,3,0,46.57756476,-122.39257690000001,53041.0,205.68228282552937,1.8072289156626504,163,166,3,0,163,160,79604,0,0,0,0,6
2020-07-31,US,Washington,Lincoln,10,0,0,47.57705241,-118.41943880000001,53043.0,91.41603437242891,0.0,10,10,0,0,10,10,10740,0,0,0,0,0
2020-07-31,US,Washington,Mason,145,1,0,47.35007586,-123.1863685,53045.0,217.16990174934105,0.6896551724137931,144,145,1,0,144,134,65507,0,0,0,0,11
2020-07-31,US,Washington,Okanogan,689,2,0,48.54855019,-119.73872240000001,53047.0,1631.039462159411,0.2902757619738752,687,689,2,0,687,673,42132,0,0,0,0,16
2020-07-31,US,Washington,Pacific,33,2,0,46.55418369,-123.7285716,53049.0,146.85594766588048,6.0606060606060606,31,33,2,0,31,32,22036,0,0,0,0,1
2020-07-31,US,Washington,Pend Oreille,36,0,0,48.53234021,-117.2741804,53051.0,262.31419411250357,0.0,36,36,0,0,36,35,13602,0,0,0,0,1
2020-07-31,US,Washington,Pierce,4836,125,0,47.03892768,-122.14059579999999,53053.0,534.3764503082941,2.5847808105872616,4711,4836,125,0,4711,4736,891299,0,0,0,0,100
2020-07-31,US,Washington,San Juan,28,0,0,48.60182783,-122.96745,53055.0,159.2537822773291,0.0,28,28,0,0,28,28,17128,0,0,0,0,0
2020-07-31,US,Washington,Skagit,783,20,0,48.48171488,-121.766131,53057.0,606.0136991602493,2.554278416347382,763,783,20,0,763,766,128206,0,0,0,0,17
2020-07-31,US,Washington,Skamania,47,1,0,46.02408726,-121.91644029999999,53059.0,388.976247620624,2.127659574468085,46,47,1,0,46,47,11924,0,0,0,0,0
2020-07-31,US,Washington,Snohomish,4949,186,0,48.04615983,-121.7170703,53061.0,602.0073398914707,3.758335017175187,4763,4949,186,0,4763,4903,814901,0,0,0,0,46
2020-07-31,US,Washington,Spokane,3613,57,0,47.62113146,-117.4046494,53063.0,691.0891013355063,1.5776363133130362,3556,3613,57,0,3556,3511,514631,0,0,0,0,102
2020-07-31,US,Washington,Stevens,82,1,0,48.40035475,-117.8542701,53065.0,179.3408131574918,1.2195121951219512,81,82,1,0,81,69,45260,0,0,0,0,13
2020-07-31,US,Washington,Thurston,603,7,0,46.9291895,-122.82906559999999,53067.0,207.54742957843442,1.1608623548922057,596,603,7,0,596,578,286419,0,0,0,0,25
2020-07-31,US,Washington,Unassigned,186,0,0,0.0,0.0,90053.0,0.0,0.0,186,186,0,0,186,151,,0,0,0,0,35
2020-07-31,US,Washington,Wahkiakum,5,0,0,46.29180039999999,-123.4250831,53069.0,111.40819964349377,0.0,5,5,0,0,5,5,4426,0,0,0,0,0
2020-07-31,US,Washington,Walla Walla,395,3,0,46.23040051,-118.4775539,53071.0,650.0987491770902,0.7594936708860759,392,395,3,0,392,383,60922,0,0,0,0,12
2020-07-31,US,Washington,Whatcom,894,37,0,48.82227976,-121.74900179999999,53073.0,389.972387861128,4.138702460850112,857,894,37,0,857,879,225685,0,0,0,0,15
2020-07-31,US,Washington,Whitman,84,0,0,46.90022523,-117.52417630000001,53075.0,167.65128532652085,0.0,84,84,0,0,84,84,49791,0,0,0,0,0
2020-07-31,US,Washington,Yakima,9865,204,0,46.45738486,-120.73801259999999,53077.0,3932.2685183339777,2.0679168778509878,9661,9865,204,0,9661,9804,251446,0,0,0,0,61
2020-07-31,US,West Virginia,Barbour,29,1,0,39.1307219,-80.00350858,54001.0,176.38829754881093,3.4482758620689653,28,29,1,0,28,29,16535,0,0,0,0,0
2020-07-31,US,West Virginia,Berkeley,642,11,0,39.46704621,-78.02414609,54003.0,538.721668862391,1.7133956386292837,631,634,11,0,623,631,117123,8,0,0,8,3
2020-07-31,US,West Virginia,Boone,75,0,0,38.01974191,-81.69888019,54005.0,349.53628186605766,0.0,75,70,0,0,70,69,21951,5,0,0,5,1
2020-07-31,US,West Virginia,Braxton,8,0,0,38.70036159,-80.72011184,54007.0,57.31890807480117,0.0,8,8,0,0,8,8,14089,0,0,0,0,0
2020-07-31,US,West Virginia,Brooke,60,1,0,40.27367263,-80.57915332,54009.0,273.4855736359907,1.6666666666666667,59,54,1,0,53,53,22203,6,0,0,6,1
2020-07-31,US,West Virginia,Cabell,312,2,0,38.42424062,-82.23855912,54011.0,339.33329707977595,0.6410256410256411,310,306,2,0,304,291,93224,6,0,0,6,15
2020-07-31,US,West Virginia,Calhoun,6,0,0,38.84315422,-81.11934872,54013.0,84.40005626670418,0.0,6,6,0,0,6,6,7254,0,0,0,0,0
2020-07-31,US,West Virginia,Clay,17,1,0,38.46231092,-81.07652217,54015.0,199.8119417019276,5.882352941176472,16,17,1,0,16,17,8632,0,0,0,0,0
2020-07-31,US,West Virginia,Doddridge,4,0,0,39.27057157,-80.70671527,54017.0,47.34848484848485,0.0,4,4,0,0,4,3,8406,0,0,0,0,1
2020-07-31,US,West Virginia,Fayette,125,5,0,38.02974928,-81.08286634,54019.0,294.7696080743291,4.0,120,124,5,0,119,122,43018,1,0,0,1,2
2020-07-31,US,West Virginia,Gilmer,16,0,0,38.9251277,-80.85952723,54021.0,204.525118241084,0.0,16,14,0,0,14,14,8026,2,0,0,2,0
2020-07-31,US,West Virginia,Grant,67,0,0,39.10314817,-79.19440518,54023.0,579.1839557399724,0.0,67,66,0,0,66,66,11626,1,0,0,1,0
2020-07-31,US,West Virginia,Greenbrier,85,3,0,37.9463652,-80.45335881,54025.0,245.22531879291444,3.5294117647058822,82,83,3,0,80,83,34786,2,0,0,2,0
2020-07-31,US,West Virginia,Hampshire,71,1,0,39.32103553,-78.60826476,54027.0,306.3646170442287,1.4084507042253518,70,70,1,0,69,67,23347,1,0,0,1,3
2020-07-31,US,West Virginia,Hancock,96,0,0,40.51943859,-80.57461608,54029.0,333.21763276640047,0.0,96,92,0,0,92,93,29094,4,0,0,4,-1
2020-07-31,US,West Virginia,Hardy,54,0,0,39.00683177,-78.85855301,54031.0,391.98606271777015,0.0,54,54,0,0,54,52,13775,0,0,0,0,2
2020-07-31,US,West Virginia,Harrison,179,1,0,39.2853852,-80.37919577,54033.0,266.1472582371833,0.5586592178770949,178,176,1,0,175,171,67554,3,0,0,3,5
2020-07-31,US,West Virginia,Jackson,157,19,0,38.84263974,-81.68148753,54035.0,549.4120940649498,12.101910828025478,138,157,19,0,138,157,28706,0,0,0,0,0
2020-07-31,US,West Virginia,Jefferson,287,4,0,39.30776166,-77.86014147,54037.0,502.2223777692227,1.3937282229965158,283,285,4,0,281,285,56811,2,0,0,2,0
2020-07-31,US,West Virginia,Kanawha,789,20,0,38.33860077,-81.52857054,54039.0,442.94985515708163,2.534854245880862,769,747,20,0,727,723,180454,42,0,0,42,24
2020-07-31,US,West Virginia,Lewis,26,2,0,38.9947249,-80.49988181,54041.0,163.45005343559436,7.6923076923076925,24,25,2,0,23,25,16024,1,0,0,1,0
2020-07-31,US,West Virginia,Lincoln,59,0,0,38.172154,-82.07017953,54043.0,289.0881473859572,0.0,59,55,0,0,55,56,20599,4,0,0,4,-1
2020-07-31,US,West Virginia,Logan,131,3,0,37.8299889,-81.93528571,54045.0,409.13207782878914,2.2900763358778624,128,108,1,0,107,103,32607,23,2,0,21,5
2020-07-31,US,West Virginia,Marion,170,2,0,39.50984542,-80.24244659,54049.0,303.18162362676566,1.1764705882352942,168,169,2,0,167,162,56097,1,0,0,1,7
2020-07-31,US,West Virginia,Marshall,122,0,0,39.86064362,-80.66591062,54051.0,399.59385542563285,0.0,122,118,0,0,118,116,30785,4,0,0,4,2
2020-07-31,US,West Virginia,Mason,45,1,0,38.77071799,-82.02524219,54053.0,169.70885503092472,2.2222222222222223,44,45,1,0,44,41,26718,0,0,0,0,4
2020-07-31,US,West Virginia,McDowell,26,0,0,37.38002939,-81.65083669,54047.0,147.52610077167498,0.0,26,20,0,0,20,19,18223,6,0,0,6,1
2020-07-31,US,West Virginia,Mercer,136,3,0,37.40481169,-81.11023142,54055.0,231.45784403825863,2.2058823529411766,133,126,3,0,123,125,59131,10,0,0,10,1
2020-07-31,US,West Virginia,Mineral,107,4,0,39.41561583,-78.94104895,54057.0,398.2432633616197,3.7383177570093458,103,104,4,0,100,103,26940,3,0,0,3,1
2020-07-31,US,West Virginia,Mingo,117,2,0,37.73048351,-82.13338365,54059.0,499.4877049180328,1.709401709401709,115,112,2,0,110,111,23785,5,0,0,5,1
2020-07-31,US,West Virginia,Monongalia,885,5,0,39.63218457,-80.04766838,54061.0,837.9729576184525,0.5649717514124294,880,867,5,0,862,855,106420,18,0,0,18,12
2020-07-31,US,West Virginia,Monroe,19,0,0,37.56274716,-80.54577965,54063.0,143.1261770244821,0.0,19,19,0,0,19,19,13280,0,0,0,0,0
2020-07-31,US,West Virginia,Morgan,26,0,0,39.55439028,-78.26311676,54065.0,145.38134645493182,0.0,26,25,0,0,25,25,17787,1,0,0,1,0
2020-07-31,US,West Virginia,Nicholas,32,1,0,38.29617706,-80.79759588,54067.0,130.63357282821684,3.125,31,29,1,0,28,28,24842,3,0,0,3,1
2020-07-31,US,West Virginia,Ohio,246,4,0,40.0955451,-80.62203992,54069.0,594.0450604911739,1.6260162601626016,242,243,3,0,240,241,41755,3,1,0,2,2
2020-07-31,US,West Virginia,Pendleton,37,1,0,38.68314479,-79.35084086,54071.0,530.9226574831397,2.702702702702702,36,35,1,0,34,37,6997,2,0,0,2,-2
2020-07-31,US,West Virginia,Pleasants,7,0,0,39.37091679,-81.16771771,54073.0,93.83378016085793,0.0,7,7,0,0,7,7,7507,0,0,0,0,0
2020-07-31,US,West Virginia,Pocahontas,41,0,0,38.32758728,-80.00993811,54075.0,497.1504789620468,0.0,41,41,0,0,41,41,8414,0,0,0,0,0
2020-07-31,US,West Virginia,Preston,123,3,0,39.46770987,-79.66712803,54077.0,367.9109834888729,2.4390243902439024,120,120,3,0,117,120,33839,3,0,0,3,0
2020-07-31,US,West Virginia,Putnam,158,0,0,38.50782345,-81.9082131,54079.0,279.8937112488928,0.0,158,150,0,0,150,153,56682,8,0,0,8,-3
2020-07-31,US,West Virginia,Raleigh,164,1,0,37.76936795,-81.2456041,54081.0,223.55202355474972,0.6097560975609756,163,154,0,0,154,147,74254,10,1,0,9,7
2020-07-31,US,West Virginia,Randolph,207,0,0,38.769899,-79.87919615,54083.0,721.3800313643492,0.0,207,206,0,0,206,206,28823,1,0,0,1,0
2020-07-31,US,West Virginia,Ritchie,3,0,0,39.18094587,-81.06356878,54085.0,31.400460540087924,0.0,3,3,0,0,3,3,9721,0,0,0,0,0
2020-07-31,US,West Virginia,Roane,14,1,0,38.71622686,-81.35243568,54087.0,102.27936879018118,7.142857142857142,13,14,1,0,13,14,13932,0,0,0,0,0
2020-07-31,US,West Virginia,Summers,7,0,0,37.65390597,-80.86009693,54089.0,55.67485882446513,0.0,7,5,0,0,5,5,12760,2,0,0,2,0
2020-07-31,US,West Virginia,Taylor,52,0,0,39.33602617,-80.0421439,54091.0,311.47050014974536,0.0,52,45,0,0,45,43,16862,7,0,0,7,2
2020-07-31,US,West Virginia,Tucker,9,0,0,39.11240885,-79.57053576,54093.0,131.59818686942535,0.0,9,9,0,0,9,9,6955,0,0,0,0,0
2020-07-31,US,West Virginia,Tyler,12,0,0,39.46811972,-80.88772676,54095.0,139.68106157606798,0.0,12,11,0,0,11,11,8746,1,0,0,1,0
2020-07-31,US,West Virginia,Upshur,38,0,0,38.89285061,-80.23689136,54097.0,157.180675049636,0.0,38,38,0,0,38,38,24415,0,0,0,0,0
2020-07-31,US,West Virginia,Wayne,179,9,0,38.14901357,-82.42287994,54099.0,454.2916603218112,5.027932960893856,170,178,9,0,169,178,39944,1,0,0,1,0
2020-07-31,US,West Virginia,Webster,3,0,0,38.49370949,-80.4202023,54101.0,36.973132856790734,0.0,3,3,0,0,3,3,8285,0,0,0,0,0
2020-07-31,US,West Virginia,Wetzel,41,0,0,39.6065771,-80.64016540000001,54103.0,272.15399933620984,0.0,41,41,0,0,41,41,15270,0,0,0,0,0
2020-07-31,US,West Virginia,Wirt,6,0,0,39.02775007,-81.37473928,54105.0,103.07507301151009,0.0,6,6,0,0,6,6,5830,0,0,0,0,0
2020-07-31,US,West Virginia,Wood,231,4,0,39.20967886,-81.5162836,54107.0,276.5870830240188,1.7316017316017316,227,230,4,0,226,229,84203,1,0,0,1,1
2020-07-31,US,West Virginia,Wyoming,21,1,0,37.612327,-81.54511071,54109.0,102.97146219476316,4.761904761904762,20,18,1,0,17,17,20786,3,0,0,3,1
2020-07-31,US,Wisconsin,Adams,69,2,0,43.96974651,-89.76782777,55001.0,341.24629080118694,2.898550724637681,67,66,2,0,64,65,20348,3,0,0,3,1
2020-07-31,US,Wisconsin,Ashland,15,0,0,46.31956891,-90.67837132,55003.0,96.38863899241743,0.0,15,15,0,0,15,15,15600,0,0,0,0,0
2020-07-31,US,Wisconsin,Barron,228,3,0,45.42372701,-91.84833627,55005.0,503.9342233224295,1.3157894736842106,225,207,3,0,204,145,45164,21,0,0,21,62
2020-07-31,US,Wisconsin,Bayfield,18,1,0,46.52868768,-91.19716729,55007.0,119.71268954509178,5.5555555555555545,17,18,1,0,17,19,15042,0,0,0,0,-1
2020-07-31,US,Wisconsin,Brown,3919,51,0,44.452655299999996,-88.00411844,55009.0,1481.4282798194613,1.3013523858127074,3868,3896,50,0,3846,3855,263378,23,1,0,22,41
2020-07-31,US,Wisconsin,Buffalo,41,2,0,44.37835084,-91.75332578,55011.0,314.6343335123936,4.878048780487805,39,41,2,0,39,40,13125,0,0,0,0,1
2020-07-31,US,Wisconsin,Burnett,13,1,0,45.86303537,-92.36711412,55013.0,84.33891267678733,7.6923076923076925,12,13,1,0,12,13,15392,0,0,0,0,0
2020-07-31,US,Wisconsin,Calumet,236,2,0,44.0816316,-88.21780273,55015.0,471.1613328275669,0.8474576271186439,234,230,2,0,228,224,50159,6,0,0,6,6
2020-07-31,US,Wisconsin,Chippewa,208,0,0,45.06939744,-91.28068855,55017.0,321.6925979770485,0.0,208,203,0,0,203,198,64135,5,0,0,5,5
2020-07-31,US,Wisconsin,Clark,168,7,0,44.73483377,-90.61207486,55019.0,483.1195720940933,4.166666666666667,161,167,7,0,160,166,34709,1,0,0,1,1
2020-07-31,US,Wisconsin,Columbia,213,1,0,43.46492199,-89.33589004,55021.0,370.22874226517416,0.4694835680751174,212,210,1,0,209,204,57358,3,0,0,3,6
2020-07-31,US,Wisconsin,Crawford,56,0,0,43.23870316,-90.93073686,55023.0,347.15764676709443,0.0,56,55,0,0,55,54,16291,1,0,0,1,1
2020-07-31,US,Wisconsin,Dane,4086,37,0,43.06601594,-89.41733797,55025.0,747.4002871802376,0.9055310817425356,4049,4007,35,0,3972,3970,542364,79,2,0,77,37
2020-07-31,US,Wisconsin,Dodge,655,5,0,43.41576662,-88.70928178,55027.0,745.6824417400017,0.7633587786259542,650,642,5,0,637,634,87847,13,0,0,13,8
2020-07-31,US,Wisconsin,Door,84,3,0,44.95856458,-87.30002707,55029.0,303.59982651438486,3.571428571428572,81,84,3,0,81,82,27610,0,0,0,0,2
2020-07-31,US,Wisconsin,Douglas,113,0,0,46.43222285,-91.91595768,55031.0,261.87717265353416,0.0,113,110,0,0,110,102,43208,3,0,0,3,8
2020-07-31,US,Wisconsin,Dunn,102,0,0,44.94562799,-91.8962481,55033.0,224.82807265032622,0.0,102,101,0,0,101,98,45131,1,0,0,1,3
2020-07-31,US,Wisconsin,Eau Claire,474,3,0,44.726614,-91.28609183,55035.0,452.95567914683784,0.6329113924050633,471,462,3,0,459,448,104534,12,0,0,12,14
2020-07-31,US,Wisconsin,Florence,7,0,0,45.84963535,-88.39804137,55037.0,162.98020954598368,0.0,7,7,0,0,7,5,4321,0,0,0,0,2
2020-07-31,US,Wisconsin,Fond du Lac,529,6,0,43.75354908,-88.48885325,55039.0,511.5905728073653,1.1342155009451795,523,522,6,0,516,513,103066,7,0,0,7,9
2020-07-31,US,Wisconsin,Forest,58,4,0,45.66678019,-88.77084892,55041.0,644.1581519324742,6.896551724137932,54,57,4,0,53,57,8991,1,0,0,1,0
2020-07-31,US,Wisconsin,Grant,318,14,0,42.8671731,-90.7063218,55043.0,618.207974494061,4.402515723270441,304,313,14,0,299,303,51554,5,0,0,5,10
2020-07-31,US,Wisconsin,Green,123,1,0,42.6794956,-89.60243287,55045.0,332.7922077922078,0.8130081300813008,122,121,1,0,120,121,36929,2,0,0,2,0
2020-07-31,US,Wisconsin,Green Lake,52,0,0,43.80025981,-89.04679553,55047.0,274.9431607888754,0.0,52,50,0,0,50,50,18918,2,0,0,2,0
2020-07-31,US,Wisconsin,Iowa,62,0,0,43.00050278,-90.13469017,55049.0,261.8464397330856,0.0,62,62,0,0,62,56,23771,0,0,0,0,6
2020-07-31,US,Wisconsin,Iron,71,1,0,46.26302338,-90.24295041,55051.0,1248.4614032002814,1.4084507042253518,70,69,1,0,68,68,5676,2,0,0,2,1
2020-07-31,US,Wisconsin,Jackson,46,1,0,44.31864893,-90.80566792,55053.0,222.8358281257569,2.1739130434782608,45,45,1,0,44,43,20478,1,0,0,1,2
2020-07-31,US,Wisconsin,Jefferson,544,5,0,43.02054068,-88.77529134,55055.0,641.7440337859359,0.9191176470588236,539,542,5,0,537,535,85129,2,0,0,2,7
2020-07-31,US,Wisconsin,Juneau,119,1,0,43.92456975,-90.11120239,55057.0,445.90999362985724,0.8403361344537815,118,117,1,0,116,114,26617,2,0,0,2,3
2020-07-31,US,Wisconsin,Kenosha,2426,52,0,42.57639354,-88.04051686,55059.0,1430.7535341263615,2.1434460016488046,2374,2374,51,0,2323,2341,169290,52,1,0,51,33
2020-07-31,US,Wisconsin,Kewaunee,109,2,0,44.51727459,-87.61468386,55061.0,533.4246843496134,1.834862385321101,107,109,2,0,107,106,20383,0,0,0,0,3
2020-07-31,US,Wisconsin,La Crosse,788,1,0,43.90632465,-91.11451093,55063.0,667.7060737527115,0.12690355329949238,787,775,1,0,774,762,118230,13,0,0,13,13
2020-07-31,US,Wisconsin,Lafayette,103,0,0,42.66005229,-90.1317729,55065.0,618.0618061806181,0.0,103,102,0,0,102,101,16665,1,0,0,1,1
2020-07-31,US,Wisconsin,Langlade,43,1,0,45.26271619,-89.07483625,55067.0,224.08671634790767,2.3255813953488373,42,42,1,0,41,38,19268,1,0,0,1,4
2020-07-31,US,Wisconsin,Lincoln,60,0,0,45.33737523,-89.73411273,55069.0,217.4464538107491,0.0,60,60,0,0,60,56,27689,0,0,0,0,4
2020-07-31,US,Wisconsin,Manitowoc,287,1,0,44.11946801,-87.80928853,55071.0,363.37853407781614,0.3484320557491289,286,281,1,0,280,272,79074,6,0,0,6,9
2020-07-31,US,Wisconsin,Marathon,547,5,0,44.89792533,-89.75863384,55073.0,403.1188279338502,0.9140767824497258,542,532,5,0,527,518,135428,15,0,0,15,14
2020-07-31,US,Wisconsin,Marinette,280,3,0,45.38553432,-88.03324599999998,55075.0,693.9281288723668,1.0714285714285714,277,272,3,0,269,257,40434,8,0,0,8,15
2020-07-31,US,Wisconsin,Marquette,69,1,0,43.81911946,-89.40073763,55077.0,443.04610247848984,1.4492753623188406,68,67,1,0,66,67,15434,2,0,0,2,0
2020-07-31,US,Wisconsin,Menominee,18,0,0,45.00422544,-88.70950714,55078.0,395.0834064969271,0.0,18,18,0,0,18,18,4658,0,0,0,0,0
2020-07-31,US,Wisconsin,Milwaukee,19248,438,0,43.00486062,-87.96733172,55079.0,2035.2617988719776,2.275561097256858,18810,19069,433,0,18636,18769,948201,179,5,0,174,300
2020-07-31,US,Wisconsin,Monroe,205,1,0,43.94641218,-90.61881899999999,55081.0,443.21449419497117,0.4878048780487805,204,200,1,0,199,192,46051,5,0,0,5,8
2020-07-31,US,Wisconsin,Oconto,164,0,0,45.02715345,-88.26807503,55083.0,432.3754284207752,0.0,164,164,0,0,164,154,37830,0,0,0,0,10
2020-07-31,US,Wisconsin,Oneida,81,0,0,45.70677897,-89.51944105,55085.0,227.5600505689001,0.0,81,79,0,0,79,74,35470,2,0,0,2,5
2020-07-31,US,Wisconsin,Outagamie,1061,12,0,44.41578887,-88.46565023,55087.0,564.70713468345,1.1310084825636193,1049,1037,12,0,1025,1008,187365,24,0,0,24,29
2020-07-31,US,Wisconsin,Ozaukee,528,16,0,43.38352225,-87.94625009,55089.0,591.7889286154605,3.0303030303030303,512,514,16,0,498,494,89147,14,0,0,14,20
2020-07-31,US,Wisconsin,Pepin,40,0,0,44.58307413,-91.99949611,55091.0,548.9227391244682,0.0,40,40,0,0,40,41,7289,0,0,0,0,-1
2020-07-31,US,Wisconsin,Pierce,164,0,0,44.71850291,-92.4224416,55093.0,383.5898395471769,0.0,164,160,0,0,160,159,42555,4,0,0,4,1
2020-07-31,US,Wisconsin,Polk,111,2,0,45.46130348,-92.44182875,55095.0,253.5230568942284,1.8018018018018016,109,108,2,0,106,105,43598,3,0,0,3,3
2020-07-31,US,Wisconsin,Portage,337,0,0,44.47558711,-89.50152965,55097.0,476.17701916011976,0.0,337,330,0,0,330,327,70942,7,0,0,7,3
2020-07-31,US,Wisconsin,Price,19,0,0,45.68051754,-90.36098879999999,55099.0,142.3114373455172,0.0,19,18,0,0,18,18,13397,1,0,0,1,0
2020-07-31,US,Wisconsin,Racine,3095,77,0,42.74753117,-88.05941254,55101.0,1576.5800184401282,2.4878836833602587,3018,3058,75,0,2983,3011,196584,37,2,0,35,47
2020-07-31,US,Wisconsin,Richland,25,4,0,43.3762778,-90.43012729,55103.0,144.91073498724785,16.0,21,25,4,0,21,22,17377,0,0,0,0,3
2020-07-31,US,Wisconsin,Rock,1342,26,0,42.67151616,-89.07147900000002,55105.0,821.5287045312634,1.9374068554396424,1316,1330,26,0,1304,1325,163129,12,0,0,12,5
2020-07-31,US,Wisconsin,Rusk,14,1,0,45.47498854,-91.1333012,55107.0,98.74453378473692,7.142857142857142,13,13,1,0,12,13,14147,1,0,0,1,0
2020-07-31,US,Wisconsin,Sauk,347,3,0,43.42574087,-89.94966132,55111.0,538.4687005369169,0.8645533141210374,344,338,3,0,335,319,64249,9,0,0,9,19
2020-07-31,US,Wisconsin,Sawyer,34,0,0,45.87931905,-91.14504927,55113.0,205.3388090349076,0.0,34,31,0,0,31,27,16489,3,0,0,3,4
2020-07-31,US,Wisconsin,Shawano,147,0,0,44.78902246,-88.76443896,55115.0,359.4219907577202,0.0,147,143,0,0,143,139,40796,4,0,0,4,4
2020-07-31,US,Wisconsin,Sheboygan,578,5,0,43.72099677,-87.94579284,55117.0,501.1271024796255,0.8650519031141869,573,573,5,0,568,558,115456,5,0,0,5,15
2020-07-31,US,Wisconsin,St. Croix,439,2,0,45.03437474,-92.45000068,55109.0,484.0826138255759,0.4555808656036446,437,433,2,0,431,424,89694,6,0,0,6,9
2020-07-31,US,Wisconsin,Taylor,47,0,0,45.21179252,-90.5004405,55119.0,231.03770338691442,0.0,47,44,0,0,44,42,20412,3,0,0,3,2
2020-07-31,US,Wisconsin,Trempealeau,301,2,0,44.30360275,-91.35893614,55121.0,1015.211305608958,0.6644518272425249,299,285,1,0,284,281,29442,16,1,0,15,4
2020-07-31,US,Wisconsin,Vernon,55,0,0,43.59422667,-90.8324691,55123.0,178.44396859386154,0.0,55,54,0,0,54,51,30785,1,0,0,1,3
2020-07-31,US,Wisconsin,Vilas,29,0,0,46.05467334,-89.51719204,55125.0,130.66005857175043,0.0,29,28,0,0,28,25,21938,1,0,0,1,3
2020-07-31,US,Wisconsin,Walworth,1179,21,0,42.66858202,-88.54163073,55127.0,1135.0945430739016,1.7811704834605595,1158,1142,21,0,1121,1103,103718,37,0,0,37,39
2020-07-31,US,Wisconsin,Washburn,21,0,0,45.89838588,-91.79050449,55129.0,133.587786259542,0.0,21,17,0,0,17,14,15878,4,0,0,4,3
2020-07-31,US,Wisconsin,Washington,805,22,0,43.36863664,-88.22974712,55131.0,591.7638237499449,2.732919254658385,783,791,22,0,769,747,135693,14,0,0,14,44
2020-07-31,US,Wisconsin,Waukesha,3488,53,0,43.01833055,-88.30431188,55133.0,862.9434089233495,1.5194954128440368,3435,3380,51,0,3329,3284,403072,108,2,0,106,96
2020-07-31,US,Wisconsin,Waupaca,350,14,0,44.47068056,-88.96534501,55135.0,686.4090998234947,4.0,336,344,14,0,330,334,51128,6,0,0,6,10
2020-07-31,US,Wisconsin,Waushara,99,0,0,44.11324419,-89.24317107,55137.0,405.0239332324183,0.0,99,95,0,0,95,89,24263,4,0,0,4,6
2020-07-31,US,Wisconsin,Winnebago,1014,17,0,44.06886922,-88.64477096,55139.0,589.8538163076547,1.6765285996055226,997,997,16,0,981,978,171020,17,1,0,16,19
2020-07-31,US,Wisconsin,Wood,216,1,0,44.45537896,-90.04158336,55141.0,295.89446430773023,0.462962962962963,215,204,1,0,203,189,73055,12,0,0,12,15
2020-07-31,US,Wyoming,Albany,84,0,0,41.65498705,-105.72354150000001,56001.0,216.04938271604942,0.0,84,83,0,0,83,80,38601,1,0,0,1,3
2020-07-31,US,Wyoming,Big Horn,35,0,0,44.52405055,-107.9960365,56003.0,296.86174724342663,0.0,35,35,0,0,35,35,11881,0,0,0,0,0
2020-07-31,US,Wyoming,Campbell,115,0,0,44.24886082,-105.54744040000001,56005.0,248.16037634060555,0.0,115,115,0,0,115,113,46140,0,0,0,0,2
2020-07-31,US,Wyoming,Carbon,75,0,0,41.69357844,-106.9326084,56007.0,506.75675675675683,0.0,75,71,0,0,71,70,14971,4,0,0,4,1
2020-07-31,US,Wyoming,Converse,30,0,0,42.97272268,-105.5081848,56009.0,217.04529011720444,0.0,30,30,0,0,30,30,13640,0,0,0,0,0
2020-07-31,US,Wyoming,Crook,9,0,0,44.58855102,-104.56977049999999,56011.0,118.67088607594937,0.0,9,9,0,0,9,9,7450,0,0,0,0,0
2020-07-31,US,Wyoming,Fremont,468,0,0,43.04183996,-108.6296893,56013.0,1192.0226178650569,0.0,468,464,0,0,464,459,39531,4,0,0,4,5
2020-07-31,US,Wyoming,Goshen,14,0,0,42.08798185,-104.3534743,56015.0,105.97229581409431,0.0,14,14,0,0,14,14,13376,0,0,0,0,0
2020-07-31,US,Wyoming,Hot Springs,18,0,0,43.71930657,-108.44231740000001,56017.0,407.8857919782462,0.0,18,18,0,0,18,17,4555,0,0,0,0,1
2020-07-31,US,Wyoming,Johnson,22,1,0,44.04057166,-106.58451740000001,56019.0,260.5091770278271,4.545454545454546,21,22,1,0,21,22,8460,0,0,0,0,0
2020-07-31,US,Wyoming,Laramie,456,0,0,41.30702520000001,-104.6887497,56021.0,458.2914572864322,0.0,456,449,0,0,449,442,98976,7,0,0,7,7
2020-07-31,US,Wyoming,Lincoln,89,0,0,42.26376367,-110.6563997,56023.0,448.81492687846696,0.0,89,90,0,0,90,89,19434,-1,0,0,-1,1
2020-07-31,US,Wyoming,Natrona,215,0,0,42.96180148,-106.79788500000001,56025.0,269.22787948608783,0.0,215,214,0,0,214,210,79115,1,0,0,1,4
2020-07-31,US,Wyoming,Niobrara,2,0,0,43.05607708,-104.47588959999999,56027.0,84.88964346349746,0.0,2,2,0,0,2,2,2388,0,0,0,0,0
2020-07-31,US,Wyoming,Park,115,0,0,44.52157546,-109.58528249999999,56029.0,393.91655819688975,0.0,115,111,0,0,111,108,29324,4,0,0,4,3
2020-07-31,US,Wyoming,Platte,5,0,0,42.13299116,-104.96633100000001,56031.0,59.57345406886692,0.0,5,5,0,0,5,5,8566,0,0,0,0,0
2020-07-31,US,Wyoming,Sheridan,58,0,0,44.79048913,-106.8862389,56033.0,190.25750369033955,0.0,58,56,0,0,56,45,30233,2,0,0,2,11
2020-07-31,US,Wyoming,Sublette,34,0,0,42.76558279,-109.91309220000001,56035.0,345.8447767266809,0.0,34,32,0,0,32,31,9813,2,0,0,2,1
2020-07-31,US,Wyoming,Sweetwater,240,0,0,41.65943896,-108.8827882,56037.0,566.7997071534846,0.0,240,237,0,0,237,234,43051,3,0,0,3,3
2020-07-31,US,Wyoming,Teton,335,0,0,43.93522482,-110.5890801,56039.0,1427.7190589839756,0.0,335,331,0,0,331,318,23081,4,0,0,4,13
2020-07-31,US,Wyoming,Uinta,254,0,0,41.2878183,-110.54757820000002,56041.0,1255.80935429645,0.0,254,247,0,0,247,245,20299,7,0,0,7,2
2020-07-31,US,Wyoming,Unassigned,0,25,0,0.0,0.0,90056.0,0.0,0.0,-25,0,25,0,-25,0,,0,0,0,0,0
2020-07-31,US,Wyoming,Washakie,48,0,0,43.90451606,-107.68018700000002,56043.0,614.9903907751443,0.0,48,46,0,0,46,45,7885,2,0,0,2,1
2020-07-31,US,Wyoming,Weston,5,0,0,43.83961191,-104.56748809999999,56045.0,72.18131947452,0.0,5,5,0,0,5,5,6967,0,0,0,0,0
