Date,Country/Region,Province/State,Admin2,Confirmed,Deaths,Recovered,Latitude,Longitude,FIPS,Incidence_Rate,Case-Fatality_Ratio,Active Cases,Previous Confirmed,Previous Deaths,Previous Recovered,Previous Active,Prev2 Confirmed,Population,Daily Confirmed,Daily Deaths,Daily Recovered,Daily Active,Previous Daily Confirmed
2020-09-21,US,Alabama,Autauga,1691,24,0,32.53952745,-86.64408227,1001.0,3026.723227550162,1.4192785334121822,1667,1690,24,0,1666,1673,55601,1,0,0,1,17
2020-09-21,US,Alabama,Baldwin,5087,49,0,30.72774991,-87.72207058,1003.0,2278.774738615085,0.9632396304305092,5038,5061,49,0,5012,5047,218022,26,0,0,26,14
2020-09-21,US,Alabama,Barbour,838,7,0,31.868263,-85.3871286,1005.0,3394.6366361500445,0.8353221957040573,831,835,7,0,828,830,24881,3,0,0,3,5
2020-09-21,US,Alabama,Bibb,636,10,0,32.99642064,-87.12511459999996,1007.0,2840.0464410109853,1.572327044025157,626,632,10,0,622,628,22400,4,0,0,4,4
2020-09-21,US,Alabama,Blount,1560,14,0,33.98210918,-86.56790593,1009.0,2697.7484176667936,0.8974358974358975,1546,1551,14,0,1537,1542,57840,9,0,0,9,9
2020-09-21,US,Alabama,Bullock,591,14,0,32.10030533,-85.71265535,1011.0,5850.90585090585,2.368866328257192,577,587,14,0,573,585,10138,4,0,0,4,2
2020-09-21,US,Alabama,Butler,911,38,0,31.75300095,-86.68057478,1013.0,4684.286301933361,4.171240395170143,873,909,38,0,871,908,19680,2,0,0,2,1
2020-09-21,US,Alabama,Calhoun,3374,39,0,33.77483727,-85.82630386,1015.0,2969.9397033581267,1.1558980438648487,3335,3338,39,0,3299,3320,114277,36,0,0,36,18
2020-09-21,US,Alabama,Chambers,1132,42,0,32.91360079,-85.39072749,1017.0,3404.1017621940223,3.7102473498233217,1090,1130,42,0,1088,1123,33615,2,0,0,2,7
2020-09-21,US,Alabama,Cherokee,569,16,0,34.17805983,-85.60638968,1019.0,2172.087341578867,2.81195079086116,553,565,16,0,549,555,26032,4,0,0,4,10
2020-09-21,US,Alabama,Chilton,1502,27,0,32.85044126,-86.7173256,1021.0,3380.7508778247948,1.7976031957390146,1475,1485,27,0,1458,1471,44153,17,0,0,17,14
2020-09-21,US,Alabama,Choctaw,345,12,0,32.02227341,-88.26564429999998,1023.0,2740.487727381047,3.4782608695652173,333,345,12,0,333,344,12841,0,0,0,0,1
2020-09-21,US,Alabama,Clarke,1055,17,0,31.68099859,-87.83548597,1025.0,4466.1755990178635,1.6113744075829384,1038,1049,17,0,1032,1049,23920,6,0,0,6,0
2020-09-21,US,Alabama,Clay,552,7,0,33.26984193,-85.85836077,1027.0,4170.759350207783,1.2681159420289856,545,542,7,0,535,536,13275,10,0,0,10,6
2020-09-21,US,Alabama,Cleburne,332,6,0,33.67679204,-85.52005899,1029.0,2226.693494299128,1.8072289156626504,326,323,6,0,317,320,14987,9,0,0,9,3
2020-09-21,US,Alabama,Coffee,1283,8,0,31.39932826,-85.98901039,1031.0,2451.186427725345,0.6235385814497272,1275,1277,8,0,1269,1270,51909,6,0,0,6,7
2020-09-21,US,Alabama,Colbert,1609,26,0,34.69847452,-87.80168544,1033.0,2912.691660179939,1.615910503418272,1583,1606,26,0,1580,1593,54762,3,0,0,3,13
2020-09-21,US,Alabama,Conecuh,524,11,0,31.43401703,-86.99320044,1035.0,4342.421480069612,2.099236641221374,513,523,11,0,512,523,12277,1,0,0,1,0
2020-09-21,US,Alabama,Coosa,165,3,0,32.93690146,-86.24847739,1037.0,1547.4069211291385,1.818181818181818,162,164,3,0,161,161,10715,1,0,0,1,3
2020-09-21,US,Alabama,Covington,1311,27,0,31.247785399999998,-86.45050893,1039.0,3538.557046074119,2.059496567505721,1284,1309,27,0,1282,1302,36986,2,0,0,2,7
2020-09-21,US,Alabama,Crenshaw,523,31,0,31.72941803,-86.31593104,1041.0,3797.560267208829,5.927342256214149,492,523,31,0,492,522,13824,0,0,0,0,1
2020-09-21,US,Alabama,Cullman,1862,18,0,34.13020303,-86.86888037,1043.0,2222.805844713972,0.9667024704618691,1844,1845,17,0,1828,1830,83442,17,1,0,16,15
2020-09-21,US,Alabama,Dale,1333,43,0,31.43037123,-85.61095742,1045.0,2710.8923777759696,3.2258064516129035,1290,1330,43,0,1287,1327,48956,3,0,0,3,3
2020-09-21,US,Alabama,Dallas,1749,26,0,32.32688101,-87.10866709999998,1047.0,4702.118507366385,1.486563750714694,1723,1748,26,0,1722,1736,38310,1,0,0,1,12
2020-09-21,US,Alabama,DeKalb,2371,19,0,34.45946862,-85.80782906,1049.0,3315.4811013382177,0.8013496415014761,2352,2355,19,0,2336,2346,71385,16,0,0,16,9
2020-09-21,US,Alabama,Elmore,2558,47,0,32.59785413,-86.14415284,1051.0,3149.8971788841136,1.8373729476153244,2511,2549,47,0,2502,2519,81887,9,0,0,9,30
2020-09-21,US,Alabama,Escambia,1564,25,0,31.1256789,-87.15918694,1053.0,4269.374607594245,1.59846547314578,1539,1562,25,0,1537,1557,36748,2,0,0,2,5
2020-09-21,US,Alabama,Etowah,3365,47,0,34.04567266,-86.04051873,1055.0,3290.374310634803,1.3967310549777117,3318,3355,47,0,3308,3334,102501,10,0,0,10,21
2020-09-21,US,Alabama,Fayette,426,9,0,33.72076938,-87.73886638,1057.0,2613.1762973868235,2.112676056338028,417,421,9,0,412,418,16433,5,0,0,5,3
2020-09-21,US,Alabama,Franklin,1745,28,0,34.44235334,-87.84289505,1059.0,5564.058414641922,1.6045845272206305,1717,1743,28,0,1715,1741,31363,2,0,0,2,2
2020-09-21,US,Alabama,Geneva,581,4,0,31.09389027,-85.83572839,1061.0,2211.564082067679,0.6884681583476764,577,572,4,0,568,563,26314,9,0,0,9,9
2020-09-21,US,Alabama,Greene,300,15,0,32.85504247,-87.95684022,1063.0,3698.680803846628,5.0,285,300,15,0,285,300,8233,0,0,0,0,0
2020-09-21,US,Alabama,Hale,615,28,0,32.76039258,-87.63284988,1065.0,4197.66568834892,4.5528455284552845,587,615,28,0,587,612,14726,0,0,0,0,3
2020-09-21,US,Alabama,Henry,475,4,0,31.51148016,-85.24267944,1067.0,2760.8253414705027,0.8421052631578947,471,472,4,0,468,467,17209,3,0,0,3,5
2020-09-21,US,Alabama,Houston,2727,22,0,31.15197924,-85.29939599,1069.0,2575.508585028617,0.8067473414008067,2705,2708,22,0,2686,2699,104722,19,0,0,19,9
2020-09-21,US,Alabama,Jackson,1516,11,0,34.78144169,-85.99750489,1071.0,2936.504861891295,0.7255936675461742,1505,1506,11,0,1495,1494,51736,10,0,0,10,12
2020-09-21,US,Alabama,Jefferson,19123,337,0,33.55554728,-86.89506300000002,1073.0,2903.7023989747527,1.7622757935470377,18786,19015,337,0,18678,18911,659300,108,0,0,108,104
2020-09-21,US,Alabama,Lamar,353,2,0,33.77995024,-88.09668032,1075.0,2557.044549076421,0.56657223796034,351,346,2,0,344,345,13844,7,0,0,7,1
2020-09-21,US,Alabama,Lauderdale,1653,33,0,34.90171875,-87.65624729,1077.0,1782.6138532713605,1.996370235934664,1620,1646,33,0,1613,1641,92387,7,0,0,7,5
2020-09-21,US,Alabama,Lawrence,592,20,0,34.52041498,-87.31069453,1079.0,1798.0804276515612,3.3783783783783785,572,585,20,0,565,582,32957,7,0,0,7,3
2020-09-21,US,Alabama,Lee,5751,59,0,32.60154883,-85.35132246,1081.0,3495.156251899211,1.0259085376456272,5692,5713,59,0,5654,5705,163941,38,0,0,38,8
2020-09-21,US,Alabama,Limestone,2001,19,0,34.81185586,-86.98310072,1083.0,2022.9489966132533,0.9495252373813092,1982,1995,19,0,1976,1973,96174,6,0,0,6,22
2020-09-21,US,Alabama,Lowndes,649,27,0,32.1597283,-86.65158371,1085.0,6672.835698128727,4.160246533127888,622,648,27,0,621,645,9974,1,0,0,1,3
2020-09-21,US,Alabama,Macon,478,20,0,32.38759944,-85.69267724,1087.0,2645.561213194598,4.184100418410042,458,477,20,0,457,476,18439,1,0,0,1,1
2020-09-21,US,Alabama,Madison,7630,75,0,34.76327133,-86.55069633,1089.0,2046.0755841237408,0.982961992136304,7555,7583,75,0,7508,7507,366519,47,0,0,47,76
2020-09-21,US,Alabama,Marengo,701,19,0,32.24767634,-87.78796182,1091.0,3716.2699464560246,2.7104136947218262,682,699,19,0,680,699,19066,2,0,0,2,0
2020-09-21,US,Alabama,Marion,948,28,0,34.13697363,-87.88704173,1093.0,3190.952236695951,2.9535864978902957,920,942,28,0,914,937,29763,6,0,0,6,5
2020-09-21,US,Alabama,Marshall,3879,43,0,34.36975964,-86.30486727,1095.0,4008.3080166160335,1.1085331270946122,3836,3835,43,0,3792,3821,96109,44,0,0,44,14
2020-09-21,US,Alabama,Mobile,13122,290,0,30.78472347,-88.20842409,1097.0,3175.624984874519,2.2100289590001525,12832,13066,289,0,12777,13039,413757,56,1,0,55,27
2020-09-21,US,Alabama,Monroe,576,8,0,31.56729412,-87.36995001,1099.0,2778.179713500217,1.3888888888888888,568,575,8,0,567,575,21067,1,0,0,1,0
2020-09-21,US,Alabama,Montgomery,8688,173,0,32.2206831,-86.20969272,1101.0,3835.9986930759524,1.9912523020257824,8515,8674,173,0,8501,8628,225763,14,0,0,14,46
2020-09-21,US,Alabama,Morgan,3214,26,0,34.45500589,-86.85475946,1103.0,2685.517091553238,0.8089607965152458,3188,3197,26,0,3171,3181,119089,17,0,0,17,16
2020-09-21,US,Alabama,Perry,538,6,0,32.64048341,-87.29770589,1105.0,6029.362322088983,1.1152416356877324,532,537,6,0,531,537,9140,1,0,0,1,0
2020-09-21,US,Alabama,Pickens,638,14,0,33.28094866,-88.08818103,1107.0,3201.204214751631,2.19435736677116,624,635,14,0,621,631,19938,3,0,0,3,4
2020-09-21,US,Alabama,Pike,1161,9,0,31.80396383,-85.9408295,1109.0,3506.0699402065593,0.7751937984496124,1152,1155,9,0,1146,1151,33338,6,0,0,6,4
2020-09-21,US,Alabama,Randolph,622,12,0,33.29526734,-85.45708831,1111.0,2737.435084939706,1.929260450160772,610,608,12,0,596,607,22725,14,0,0,14,1
2020-09-21,US,Alabama,Russell,1731,2,0,32.28725256,-85.18415324,1113.0,2986.4909163057923,0.11554015020219527,1729,1713,2,0,1711,1711,57781,18,0,0,18,2
2020-09-21,US,Alabama,Shelby,5719,50,0,33.26879845,-86.66232561,1117.0,2626.9855123058123,0.8742787200559539,5669,5684,50,0,5634,5645,215707,35,0,0,35,39
2020-09-21,US,Alabama,St. Clair,2243,35,0,33.71902176,-86.31029372,1115.0,2505.809276968452,1.560410164957646,2208,2234,35,0,2199,2213,88690,9,0,0,9,21
2020-09-21,US,Alabama,Sumter,418,19,0,32.59117397,-88.19916205,1119.0,3363.643679085861,4.545454545454546,399,418,19,0,399,418,12691,0,0,0,0,0
2020-09-21,US,Alabama,Talladega,2077,26,0,33.37823223,-86.16886178,1121.0,2596.964165145415,1.2518054886856045,2051,2069,26,0,2043,2050,79828,8,0,0,8,19
2020-09-21,US,Alabama,Tallapoosa,1136,83,0,32.86698258,-85.79833053,1123.0,2814.179899422796,7.306338028169013,1053,1136,83,0,1053,1131,40497,0,0,0,0,5
2020-09-21,US,Alabama,Tuscaloosa,7323,114,0,33.28726072,-87.52556818,1125.0,3497.886365264742,1.5567390413764852,7209,7240,114,0,7126,7180,208911,83,0,0,83,60
2020-09-21,US,Alabama,Walker,2243,80,0,33.80270512,-87.30027177,1127.0,3531.1156940224487,3.5666518056174765,2163,2226,80,0,2146,2207,63711,17,0,0,17,19
2020-09-21,US,Alabama,Washington,549,13,0,31.4092794,-88.20689944,1129.0,3362.734288864388,2.3679417122040074,536,546,13,0,533,544,16378,3,0,0,3,2
2020-09-21,US,Alabama,Wilcox,531,11,0,31.98773215,-87.30891118,1131.0,5119.059095729297,2.071563088512241,520,531,11,0,520,530,10627,0,0,0,0,1
2020-09-21,US,Alabama,Winston,716,12,0,34.15030532,-87.37325922,1133.0,3030.1747852215503,1.675977653631285,704,709,12,0,697,699,23660,7,0,0,7,10
2020-09-21,US,Alaska,Aleutians East,2,0,0,55.32222414,-161.9722021,2013.0,59.93407252022774,0.0,2,2,0,0,2,2,3515,0,0,0,0,0
2020-09-21,US,Alaska,Aleutians West,7,0,0,52.3233,-174.1596,2016.0,124.24565140220093,0.0,7,7,0,0,7,7,5723,0,0,0,0,0
2020-09-21,US,Alaska,Anchorage,3873,28,0,61.14998174,-149.14269860000005,2020.0,1344.7916666666667,0.7229537825974697,3845,3838,28,0,3810,3803,291538,35,0,0,35,35
2020-09-21,US,Alaska,Bethel,95,1,0,60.90980451,-159.8561831,2050.0,516.6974872185358,1.0526315789473684,94,95,1,0,94,90,18216,0,0,0,0,5
2020-09-21,US,Alaska,Bristol Bay,10,0,0,58.74513976,-156.701064,2060.0,1196.1722488038274,0.0,10,10,0,0,10,10,877,0,0,0,0,0
2020-09-21,US,Alaska,Denali,2,0,0,63.67264044,-150.0076108,2068.0,95.37434430138292,0.0,2,2,0,0,2,2,2059,0,0,0,0,0
2020-09-21,US,Alaska,Dillingham,8,0,0,59.79603738,-158.23819419999995,2070.0,162.73393002441009,0.0,8,7,0,0,7,7,5000,1,0,0,1,0
2020-09-21,US,Alaska,Fairbanks North Star,985,9,0,64.80726247,-146.5692662,2090.0,1017.0471558818367,0.9137055837563453,976,966,9,0,957,946,98971,19,0,0,19,20
2020-09-21,US,Alaska,Haines,5,0,0,59.09893571,-135.4679843,2100.0,197.6284584980237,0.0,5,5,0,0,5,5,2474,0,0,0,0,0
2020-09-21,US,Alaska,Juneau,272,1,0,58.45031811,-134.200436,2110.0,850.6911865891037,0.36764705882352944,271,267,1,0,266,262,32113,5,0,0,5,5
2020-09-21,US,Alaska,Kenai Peninsula,435,2,0,60.24429722,-151.53888840000005,2122.0,740.9552360836682,0.4597701149425287,433,436,2,0,434,435,58533,-1,0,0,-1,1
2020-09-21,US,Alaska,Ketchikan Gateway,49,0,0,55.57445008,-130.975561,2130.0,352.49262642975333,0.0,49,49,0,0,49,49,13918,0,0,0,0,0
2020-09-21,US,Alaska,Kodiak Island,20,0,0,57.65529415,-153.7493579,2150.0,153.86982612709647,0.0,20,20,0,0,20,20,13345,0,0,0,0,0
2020-09-21,US,Alaska,Kusilvak,12,0,0,62.15429159999999,-163.39678830000003,2158.0,144.3348568679336,0.0,12,11,0,0,11,11,8303,1,0,0,1,0
2020-09-21,US,Alaska,Matanuska-Susitna,579,2,0,62.31305045,-149.5741743,2170.0,534.5421309674382,0.3454231433506045,577,579,2,0,577,575,107610,0,0,0,0,4
2020-09-21,US,Alaska,Nome,57,0,0,64.90320724,-164.0353804,2180.0,569.7720911635346,0.0,57,57,0,0,57,51,10008,0,0,0,0,6
2020-09-21,US,Alaska,North Slope,93,0,0,69.31479216,-153.4836093,2185.0,945.8909682668836,0.0,93,86,0,0,86,83,9872,7,0,0,7,3
2020-09-21,US,Alaska,Northwest Arctic,93,0,0,67.04919196,-159.7503946,2188.0,1220.312294974413,0.0,93,91,0,0,91,82,7671,2,0,0,2,9
2020-09-21,US,Alaska,Petersburg,7,1,0,57.13978948,-132.9540995,2195.0,214.32945499081444,14.285714285714285,6,7,1,0,6,7,3221,0,0,0,0,0
2020-09-21,US,Alaska,Prince of Wales-Hyder,30,0,0,55.76261984,-133.0511621,2198.0,483.6369498629695,0.0,30,30,0,0,30,30,6422,0,0,0,0,0
2020-09-21,US,Alaska,Sitka,44,0,0,57.24124555,-135.3206587,2220.0,518.0737077593312,0.0,44,44,0,0,44,42,8647,0,0,0,0,2
2020-09-21,US,Alaska,Southeast Fairbanks,22,0,0,63.87692095,-143.2127643,2240.0,319.16436965036996,0.0,22,22,0,0,22,22,6918,0,0,0,0,0
2020-09-21,US,Alaska,Unassigned,1,0,0,0.0,0.0,90002.0,0.0,0.0,1,1,0,0,1,1,,0,0,0,0,0
2020-09-21,US,Alaska,Valdez-Cordova,76,0,0,61.47502768,-144.7126799,2261.0,825.9074114322972,0.0,76,76,0,0,76,75,9164,0,0,0,0,1
2020-09-21,US,Alaska,Wrangell,13,0,0,56.3202004,-132.05837309999998,2275.0,519.5843325339728,0.0,13,13,0,0,13,13,2503,0,0,0,0,0
2020-09-21,US,Alaska,Yakutat,23,0,0,59.890980799999994,-140.36014509999998,2282.0,3972.3661485319517,0.0,23,22,0,0,22,21,604,1,0,0,1,1
2020-09-21,US,Alaska,Yukon-Koyukuk,79,1,0,65.50815459,-151.39073869999999,2290.0,1510.5162523900574,1.2658227848101269,78,79,1,0,78,78,5327,0,0,0,0,1
2020-09-21,US,Arizona,Apache,3451,163,0,35.39465006,-109.4892383,4001.0,4800.589814570089,4.723268617791946,3288,3451,163,0,3288,3455,71818,0,0,0,0,-4
2020-09-21,US,Arizona,Cochise,1881,69,0,31.87934684,-109.7516088,4003.0,1493.7818649640253,3.6682615629984046,1812,1881,69,0,1812,1878,126770,0,0,0,0,3
2020-09-21,US,Arizona,Coconino,3749,133,0,35.83883429,-111.77071780000001,4005.0,2612.9805681786497,3.547612696719125,3616,3744,133,0,3611,3713,142854,5,0,0,5,31
2020-09-21,US,Arizona,Gila,1233,51,0,33.80190085,-110.8132779,4007.0,2282.572475841386,4.13625304136253,1182,1233,51,0,1182,1232,53889,0,0,0,0,1
2020-09-21,US,Arizona,Graham,793,24,0,32.93166885,-109.8882178,4009.0,2041.8672915003733,3.0264817150063053,769,792,24,0,768,788,38072,1,0,0,1,4
2020-09-21,US,Arizona,Greenlee,58,1,0,33.21498827,-109.2405279,4011.0,610.6548747104654,1.7241379310344829,57,58,1,0,57,58,9483,0,0,0,0,0
2020-09-21,US,Arizona,La Paz,535,15,0,33.72854224,-113.98100290000001,4012.0,2534.584043964374,2.803738317757009,520,535,15,0,520,533,21098,0,0,0,0,2
2020-09-21,US,Arizona,Maricopa,140006,3262,0,33.34835867,-112.49181540000001,4013.0,3121.361818552312,2.3299001471365512,136744,139856,3261,0,136595,139586,4410824,150,1,0,149,270
2020-09-21,US,Arizona,Mohave,3895,222,0,35.70471703,-113.7577902,4015.0,1835.6968814361328,5.699614890885751,3673,3896,222,0,3674,3895,209550,-1,0,0,-1,1
2020-09-21,US,Arizona,Navajo,5747,232,0,35.3997715,-110.3218983,4017.0,5181.024845840395,4.036888811553855,5515,5748,232,0,5516,5744,110445,-1,0,0,-1,4
2020-09-21,US,Arizona,Pima,24647,615,0,32.0971334,-111.7890033,4019.0,2353.432084477967,2.495232685519536,24032,24610,615,0,23995,24511,1039073,37,0,0,37,99
2020-09-21,US,Arizona,Pinal,10375,204,0,32.90525627,-111.3449483,4021.0,2241.842394698232,1.966265060240964,10171,10361,203,0,10158,10342,447138,14,1,0,13,19
2020-09-21,US,Arizona,Santa Cruz,2820,63,0,31.52508998,-110.8479088,4023.0,6064.776979655039,2.234042553191489,2757,2819,63,0,2756,2816,46511,1,0,0,1,3
2020-09-21,US,Arizona,Unassigned,1,1,0,0.0,0.0,90004.0,0.0,100.0,0,4,2,0,2,3,,-3,-1,0,-2,1
2020-09-21,US,Arizona,Yavapai,2480,79,0,34.59933926,-112.5538588,4025.0,1054.874754890493,3.1854838709677415,2401,2480,79,0,2401,2466,231993,0,0,0,0,14
2020-09-21,US,Arizona,Yuma,12580,344,0,32.76895712,-113.90666740000002,4027.0,5884.3615374180845,2.7344992050874404,12236,12553,344,0,12209,12531,212128,27,0,0,27,22
2020-09-21,US,Arkansas,Arkansas,359,4,0,34.29145151,-91.37277296,5001.0,2053.0710282511723,1.1142061281337048,355,354,4,0,350,348,17769,5,0,0,5,6
2020-09-21,US,Arkansas,Ashley,425,9,0,33.19153461,-91.76984709999999,5003.0,2162.0796662766447,2.117647058823529,416,422,9,0,413,418,20046,3,0,0,3,4
2020-09-21,US,Arkansas,Baxter,285,1,0,36.28784385,-92.33782872,5005.0,679.6718496613565,0.3508771929824561,284,273,1,0,272,266,41619,12,0,0,12,7
2020-09-21,US,Arkansas,Benton,6268,80,0,36.33644656,-94.25680817,5007.0,2245.4601796224847,1.2763241863433312,6188,6226,79,0,6147,6172,272608,42,1,0,41,54
2020-09-21,US,Arkansas,Boone,637,9,0,36.3084504,-93.09374925,5009.0,1701.7525112203464,1.41287284144427,628,626,8,0,618,606,37480,11,1,0,10,20
2020-09-21,US,Arkansas,Bradley,336,8,0,33.46755808,-92.15980837,5011.0,3121.806187865837,2.380952380952381,328,335,7,0,328,334,10897,1,1,0,0,1
2020-09-21,US,Arkansas,Calhoun,34,0,0,33.55598792,-92.49974403,5013.0,655.232222008094,0.0,34,34,0,0,34,34,5277,0,0,0,0,0
2020-09-21,US,Arkansas,Carroll,625,9,0,36.34038560000001,-93.54270261,5015.0,2202.2551092318536,1.44,616,612,9,0,603,604,28223,13,0,0,13,8
2020-09-21,US,Arkansas,Chicot,995,17,0,33.26458973,-91.29539209,5017.0,9833.959280490217,1.7085427135678393,978,994,17,0,977,992,10438,1,0,0,1,2
2020-09-21,US,Arkansas,Clark,314,4,0,34.04613432,-93.17484713,5019.0,1406.810035842294,1.2738853503184713,310,310,4,0,306,307,22061,4,0,0,4,3
2020-09-21,US,Arkansas,Clay,264,7,0,36.36826212,-90.4148172,5021.0,1814.3082949625448,2.6515151515151514,257,260,7,0,253,258,14847,4,0,0,4,2
2020-09-21,US,Arkansas,Cleburne,314,8,0,35.53864922,-92.02640019,5023.0,1260.0826678438139,2.5477707006369426,306,314,8,0,306,311,24965,0,0,0,0,3
2020-09-21,US,Arkansas,Cleveland,179,10,0,33.89723187,-92.18537045,5025.0,2249.874308697838,5.58659217877095,169,179,10,0,169,178,8018,0,0,0,0,1
2020-09-21,US,Arkansas,Columbia,383,18,0,33.21230701,-93.22642793,5027.0,1632.774864645948,4.699738903394255,365,376,18,0,358,374,23537,7,0,0,7,2
2020-09-21,US,Arkansas,Conway,248,3,0,35.26205537,-92.70506566,5029.0,1189.676676580639,1.2096774193548387,245,246,3,0,243,245,20891,2,0,0,2,1
2020-09-21,US,Arkansas,Craighead,2640,21,0,35.83018283,-90.63235729,5031.0,2392.7781604611537,0.7954545454545454,2619,2600,20,0,2580,2584,108558,40,1,0,39,16
2020-09-21,US,Arkansas,Crawford,1271,15,0,35.58928601,-94.2446814,5033.0,2009.2637968920435,1.1801730920535012,1256,1250,15,0,1235,1233,63406,21,0,0,21,17
2020-09-21,US,Arkansas,Crittenden,1887,45,0,35.21247318,-90.30839406,5035.0,3934.9390053174848,2.384737678855326,1842,1871,45,0,1826,1868,48342,16,0,0,16,3
2020-09-21,US,Arkansas,Cross,415,8,0,35.29631396,-90.77185818,5037.0,2527.559534685425,1.9277108433734942,407,405,7,0,398,402,16676,10,1,0,9,3
2020-09-21,US,Arkansas,Dallas,156,2,0,33.97042763,-92.65167437,5039.0,2225.7098016835503,1.2820512820512822,154,156,2,0,154,156,7182,0,0,0,0,0
2020-09-21,US,Arkansas,Desha,280,5,0,33.83011025,-91.25500948,5041.0,2464.5717806531115,1.7857142857142858,275,280,5,0,275,278,11512,0,0,0,0,2
2020-09-21,US,Arkansas,Drew,350,6,0,33.59035001,-91.71777921,5043.0,1921.0714089686594,1.7142857142857142,344,348,6,0,342,347,18328,2,0,0,2,1
2020-09-21,US,Arkansas,Faulkner,2277,19,0,35.14719007,-92.33717519,5045.0,1807.0424658947518,0.8344312692138779,2258,2260,17,0,2243,2201,124806,17,2,0,15,59
2020-09-21,US,Arkansas,Franklin,248,2,0,35.51202821,-93.89299569,5047.0,1399.9435506632794,0.8064516129032258,246,236,2,0,234,233,17810,12,0,0,12,3
2020-09-21,US,Arkansas,Fulton,127,3,0,36.38177105,-91.81729127,5049.0,1017.8728861104432,2.3622047244094486,124,122,3,0,119,119,12269,5,0,0,5,3
2020-09-21,US,Arkansas,Garland,1750,49,0,34.57692074,-93.14921604,5051.0,1760.8113818847726,2.8,1701,1746,48,0,1698,1736,99154,4,1,0,3,10
2020-09-21,US,Arkansas,Grant,249,2,0,34.29017991,-92.42320562,5053.0,1363.2630714481247,0.8032128514056225,247,247,2,0,245,245,18188,2,0,0,2,2
2020-09-21,US,Arkansas,Greene,795,7,0,36.11735460000001,-90.55832668,5055.0,1753.9988968560394,0.8805031446540881,788,788,7,0,781,785,45325,7,0,0,7,3
2020-09-21,US,Arkansas,Hempstead,358,4,0,33.73325583,-93.66935133,5057.0,1662.6416496377485,1.11731843575419,354,355,4,0,351,355,21741,3,0,0,3,0
2020-09-21,US,Arkansas,Hot Spring,1847,26,0,34.31709259,-92.95396325,5059.0,5469.189541322437,1.4076881429344883,1821,1839,25,0,1814,1831,33701,8,1,0,7,8
2020-09-21,US,Arkansas,Howard,456,8,0,34.09007427,-93.9934871,5061.0,3454.022117860931,1.7543859649122806,448,456,8,0,448,455,13341,0,0,0,0,1
2020-09-21,US,Arkansas,Independence,1030,14,0,35.74242707,-91.57001641,5063.0,2723.0667547918038,1.3592233009708738,1016,1025,14,0,1011,1013,37678,5,0,0,5,12
2020-09-21,US,Arkansas,Izard,194,0,0,36.09604046,-91.90847954,5065.0,1423.4353217404066,0.0,194,149,0,0,149,147,13593,45,0,0,45,2
2020-09-21,US,Arkansas,Jackson,290,1,0,35.59802983,-91.21494602,5067.0,1734.5535020037084,0.3448275862068966,289,287,1,0,286,287,16811,3,0,0,3,0
2020-09-21,US,Arkansas,Jefferson,2928,63,0,34.26767081,-91.92619839,5069.0,4381.659284089547,2.151639344262295,2865,2891,62,0,2829,2844,68114,37,1,0,36,47
2020-09-21,US,Arkansas,Johnson,819,5,0,35.56759135,-93.46036368,5071.0,3081.4959741139287,0.6105006105006106,814,816,5,0,811,815,26742,3,0,0,3,1
2020-09-21,US,Arkansas,Lafayette,92,2,0,33.24116713,-93.60677071,5073.0,1388.888888888889,2.1739130434782608,90,90,2,0,88,88,6682,2,0,0,2,2
2020-09-21,US,Arkansas,Lawrence,374,11,0,36.04188196,-91.10867198,5075.0,2279.6537852005363,2.9411764705882355,363,363,11,0,352,359,16434,11,0,0,11,4
2020-09-21,US,Arkansas,Lee,1050,18,0,34.78498904,-90.78383866,5077.0,11855.029919837418,1.7142857142857142,1032,1046,18,0,1028,1044,8985,4,0,0,4,2
2020-09-21,US,Arkansas,Lincoln,1941,15,0,33.95317155,-91.74002806,5079.0,14903.255528255528,0.7727975270479135,1926,1930,15,0,1915,1917,13383,11,0,0,11,13
2020-09-21,US,Arkansas,Little River,345,25,0,33.70375665,-94.23468591,5081.0,2814.2589118198875,7.246376811594202,320,344,24,0,320,344,12326,1,1,0,0,0
2020-09-21,US,Arkansas,Logan,393,1,0,35.21413234,-93.71951016,5083.0,1830.8021988260505,0.2544529262086514,392,391,1,0,390,389,21737,2,0,0,2,2
2020-09-21,US,Arkansas,Lonoke,1042,11,0,34.75392199,-91.88742357,5085.0,1421.3807308788826,1.055662188099808,1031,1033,10,0,1023,1027,73657,9,1,0,8,6
2020-09-21,US,Arkansas,Madison,332,2,0,36.01038185,-93.72524943,5087.0,2002.8957528957528,0.6024096385542169,330,332,2,0,330,331,16481,0,0,0,0,1
2020-09-21,US,Arkansas,Marion,76,0,0,36.26844485,-92.68451899,5089.0,455.2533844495028,0.0,76,76,0,0,76,75,16722,0,0,0,0,1
2020-09-21,US,Arkansas,Miller,774,11,0,33.31403423,-93.89285258,5091.0,1789.3057770996606,1.421188630490956,763,770,11,0,759,768,43592,4,0,0,4,2
2020-09-21,US,Arkansas,Mississippi,1596,50,0,35.76271485,-90.05194370000002,5093.0,3926.102678900888,3.1328320802005014,1546,1588,50,0,1538,1584,41239,8,0,0,8,4
2020-09-21,US,Arkansas,Monroe,119,0,0,34.6815935,-91.20540287,5095.0,1775.8543500970004,0.0,119,118,0,0,118,114,6900,1,0,0,1,4
2020-09-21,US,Arkansas,Montgomery,139,4,0,34.53704874,-93.65824478,5097.0,1546.8506565768973,2.8776978417266186,135,136,4,0,132,136,8924,3,0,0,3,0
2020-09-21,US,Arkansas,Nevada,209,13,0,33.66340119,-93.30632432,5099.0,2532.719340765875,6.2200956937799035,196,208,13,0,195,201,8326,1,0,0,1,7
2020-09-21,US,Arkansas,Newton,217,18,0,35.91947491,-93.21612969,5101.0,2798.916548432865,8.294930875576037,199,214,18,0,196,209,7805,3,0,0,3,5
2020-09-21,US,Arkansas,Ouachita,247,6,0,33.58839816,-92.87795984,5103.0,1056.3681464374306,2.42914979757085,241,244,6,0,238,243,23606,3,0,0,3,1
2020-09-21,US,Arkansas,Perry,83,0,0,34.945915299999996,-92.94372564,5105.0,793.8785270205643,0.0,83,81,0,0,81,80,10352,2,0,0,2,1
2020-09-21,US,Arkansas,Phillips,460,11,0,34.43268455,-90.84800154,5107.0,2586.885614666517,2.391304347826087,449,456,11,0,445,453,18029,4,0,0,4,3
2020-09-21,US,Arkansas,Pike,221,3,0,34.16250414,-93.65789349,5109.0,2061.951856689681,1.3574660633484164,218,218,3,0,215,218,10673,3,0,0,3,0
2020-09-21,US,Arkansas,Poinsett,615,9,0,35.57433534,-90.66268713,5111.0,2613.906834410065,1.4634146341463414,606,606,9,0,597,603,23974,9,0,0,9,3
2020-09-21,US,Arkansas,Polk,251,4,0,34.48254879,-94.22728802,5113.0,1257.2630735323582,1.593625498007968,247,251,4,0,247,251,20049,0,0,0,0,0
2020-09-21,US,Arkansas,Pope,2028,30,0,35.44871474,-93.03212219,5115.0,3165.189162192533,1.4792899408284024,1998,2017,29,0,1988,2002,64000,11,1,0,10,15
2020-09-21,US,Arkansas,Prairie,137,1,0,34.83624419,-91.55162157,5117.0,1699.330191019598,0.7299270072992701,136,136,1,0,135,136,8074,1,0,0,1,0
2020-09-21,US,Arkansas,Pulaski,8670,137,0,34.77054088,-92.31355101,5119.0,2212.2369619633027,1.580161476355248,8533,8596,136,0,8460,8556,392680,74,1,0,73,40
2020-09-21,US,Arkansas,Randolph,387,22,0,36.3415714,-91.02455531,5121.0,2155.0283995990644,5.684754521963824,365,383,22,0,361,379,17948,4,0,0,4,4
2020-09-21,US,Arkansas,Saline,1951,21,0,34.64916145,-92.67583224,5125.0,1593.4725613989237,1.0763710917478215,1930,1938,20,0,1918,1927,121421,13,1,0,12,11
2020-09-21,US,Arkansas,Scott,95,1,0,34.85588887,-94.0632176,5127.0,924.0346269818112,1.0526315789473684,94,95,1,0,94,95,10319,0,0,0,0,0
2020-09-21,US,Arkansas,Searcy,141,0,0,35.9109364,-92.69936482,5129.0,1789.1130567186906,0.0,141,141,0,0,141,139,7958,0,0,0,0,2
2020-09-21,US,Arkansas,Sebastian,3459,56,0,35.19605503,-94.27162713,5131.0,2706.001079584125,1.6189650187915583,3403,3434,56,0,3378,3410,127753,25,0,0,25,24
2020-09-21,US,Arkansas,Sevier,1194,16,0,33.99780401,-94.2424869,5133.0,7020.638560592696,1.340033500837521,1178,1194,16,0,1178,1193,17139,0,0,0,0,1
2020-09-21,US,Arkansas,Sharp,198,6,0,36.16258158,-91.47819342,5135.0,1135.190918472652,3.0303030303030303,192,191,6,0,185,188,17366,7,0,0,7,3
2020-09-21,US,Arkansas,St. Francis,1474,5,0,35.02201976,-90.74828138,5123.0,5897.415379691125,0.33921302578019,1469,1468,5,0,1463,1465,25439,6,0,0,6,3
2020-09-21,US,Arkansas,Stone,309,7,0,35.86251946,-92.15684085,5137.0,2470.814009275548,2.26537216828479,302,302,7,0,295,302,12457,7,0,0,7,0
2020-09-21,US,Arkansas,Unassigned,1686,0,0,0.0,0.0,90005.0,0.0,0.0,1686,1691,0,0,1691,1649,,-5,0,0,-5,42
2020-09-21,US,Arkansas,Union,841,31,0,33.16887091,-92.59746952,5139.0,2174.137841890285,3.6860879904875152,810,840,31,0,809,839,39126,1,0,0,1,1
2020-09-21,US,Arkansas,Van Buren,169,2,0,35.58095779,-92.51295036,5141.0,1021.4566334239952,1.183431952662722,167,169,2,0,167,168,16603,0,0,0,0,1
2020-09-21,US,Arkansas,Washington,9006,107,0,35.976844,-94.21800746,5143.0,3765.254800637159,1.1880968243393293,8899,8950,107,0,8843,8914,236961,56,0,0,56,36
2020-09-21,US,Arkansas,White,731,20,0,35.25688493,-91.74908296,5145.0,928.2186075451094,2.735978112175103,711,718,19,0,699,714,78727,13,1,0,12,4
2020-09-21,US,Arkansas,Woodruff,46,0,0,35.18902527,-91.2439489,5147.0,727.8481012658227,0.0,46,45,0,0,45,41,6490,1,0,0,1,4
2020-09-21,US,Arkansas,Yell,1233,29,0,35.00292371,-93.41171338,5149.0,5777.6111709854285,2.3519870235198703,1204,1232,29,0,1203,1228,21535,1,0,0,1,4
2020-09-21,US,California,Alameda,20641,374,0,37.64629437,-121.8929271,6001.0,1235.0051964634133,1.811927716680393,20267,20558,374,0,20184,20494,1666753,83,0,0,83,64
2020-09-21,US,California,Alpine,2,0,0,38.59678594,-119.82235940000001,6003.0,177.14791851195747,0.0,2,2,0,0,2,2,1101,0,0,0,0,0
2020-09-21,US,California,Amador,286,16,0,38.44583082,-120.65696000000001,6005.0,719.4606560676193,5.594405594405594,270,286,16,0,270,286,39383,0,0,0,0,0
2020-09-21,US,California,Butte,2764,35,0,39.66727762,-121.6005252,6007.0,1261.029445311288,1.2662807525325614,2729,2748,35,0,2713,2738,231256,16,0,0,16,10
2020-09-21,US,California,Calaveras,311,14,0,38.20537103,-120.55291299999999,6009.0,677.4861126238973,4.501607717041801,297,311,14,0,297,311,45602,0,0,0,0,0
2020-09-21,US,California,Colusa,510,6,0,39.17881957,-122.2331726,6011.0,2366.9188286072313,1.1764705882352942,504,509,6,0,503,509,21627,1,0,0,1,0
2020-09-21,US,California,Contra Costa,15958,201,0,37.91923498,-121.9289527,6013.0,1383.4105169714426,1.2595563353803734,15757,15837,199,0,15638,15734,1150215,121,2,0,119,103
2020-09-21,US,California,Del Norte,136,1,0,41.74228275,-123.89740630000001,6015.0,488.99755501222495,0.7352941176470589,135,136,1,0,135,136,27828,0,0,0,0,0
2020-09-21,US,California,El Dorado,1073,4,0,38.77965956,-120.5233166,6017.0,556.4111738564532,0.3727865796831314,1069,1068,4,0,1064,1064,190678,5,0,0,5,4
2020-09-21,US,California,Fresno,27769,355,0,36.75733899,-119.6466953,6019.0,2779.3986794127923,1.2784039756563077,27414,27668,355,0,27313,27560,994400,101,0,0,101,108
2020-09-21,US,California,Glenn,550,3,0,39.59875897,-122.3938452,6021.0,1937.097171838129,0.5454545454545454,547,550,3,0,547,550,28047,0,0,0,0,0
2020-09-21,US,California,Humboldt,485,6,0,40.69923009,-123.876044,6023.0,357.7804334675931,1.2371134020618555,479,482,6,0,476,482,136373,3,0,0,3,0
2020-09-21,US,California,Imperial,11583,314,0,33.0393082,-115.36690420000001,6025.0,6391.854978892476,2.7108693775360444,11269,11558,314,0,11244,11558,181827,25,0,0,25,0
2020-09-21,US,California,Inyo,187,14,0,36.51112084,-117.41119779999998,6027.0,1036.6428294251343,7.4866310160427805,173,187,14,0,173,187,17987,0,0,0,0,0
2020-09-21,US,California,Kern,31509,354,0,35.34329425,-118.72777959999999,6029.0,3500.214396324381,1.1234885270874988,31155,31379,354,0,31025,31261,896764,130,0,0,130,118
2020-09-21,US,California,Kings,7430,77,0,36.07409056,-119.8159973,6031.0,4858.114293186871,1.0363391655450875,7353,7283,77,0,7206,7268,151366,147,0,0,147,15
2020-09-21,US,California,Lake,492,10,0,39.10124298,-122.75362439999999,6033.0,764.1412729475353,2.0325203252032518,482,465,10,0,455,459,64382,27,0,0,27,6
2020-09-21,US,California,Lassen,735,0,0,40.67311306,-120.59350990000002,6035.0,2404.0820331665195,0.0,735,731,0,0,731,731,30802,4,0,0,4,0
2020-09-21,US,California,Los Angeles,261446,6366,0,34.30828379,-118.22824109999999,6037.0,2604.275459958739,2.4349196392371657,255080,260797,6353,0,254444,259817,10105518,649,13,0,636,980
2020-09-21,US,California,Madera,4391,62,0,37.21513971,-119.76655890000002,6039.0,2791.0021801725065,1.4119790480528354,4329,4296,58,0,4238,4296,157672,95,4,0,91,0
2020-09-21,US,California,Marin,6591,112,0,38.07122463,-122.72106310000001,6041.0,2546.498419787811,1.699286906387498,6479,6557,112,0,6445,6557,259666,34,0,0,34,0
2020-09-21,US,California,Mariposa,75,2,0,37.57978556,-119.9073334,6043.0,435.97047026681395,2.6666666666666665,73,75,2,0,73,75,17471,0,0,0,0,0
2020-09-21,US,California,Mendocino,851,18,0,39.4381191,-123.39113130000001,6045.0,980.9911353444996,2.1151586368977675,833,849,18,0,831,833,87606,2,0,0,2,16
2020-09-21,US,California,Merced,8750,134,0,37.18922369,-120.72090349999999,6047.0,3151.109190435033,1.5314285714285714,8616,8750,134,0,8616,8750,274765,0,0,0,0,0
2020-09-21,US,California,Modoc,24,0,0,41.58965602,-120.7244817,6049.0,271.4625042416016,0.0,24,24,0,0,24,23,8777,0,0,0,0,1
2020-09-21,US,California,Mono,165,2,0,37.93899289,-118.8872409,6051.0,1142.3428413181944,1.2121212121212122,163,165,2,0,163,164,14250,0,0,0,0,1
2020-09-21,US,California,Monterey,9550,67,0,36.21862405,-121.24133970000001,6053.0,2200.151591596573,0.7015706806282722,9483,9467,67,0,9400,9360,435594,83,0,0,83,107
2020-09-21,US,California,Napa,1626,13,0,38.50735751,-122.33283899999999,6055.0,1180.450691137182,0.7995079950799509,1613,1614,13,0,1601,1604,139417,12,0,0,12,10
2020-09-21,US,California,Nevada,511,6,0,39.30394768,-120.76272809999999,6057.0,512.2550248107864,1.1741682974559686,505,506,6,0,500,506,99696,5,0,0,5,0
2020-09-21,US,California,Orange,52201,1128,0,33.70147516,-117.76459979999998,6059.0,1643.7677205472064,2.1608781440968565,51073,52063,1128,0,50935,51873,3185968,138,0,0,138,190
2020-09-21,US,California,Placer,3488,41,0,39.06167234,-120.72405690000001,6061.0,875.6580615521341,1.1754587155963303,3447,3466,41,0,3425,3428,393149,22,0,0,22,38
2020-09-21,US,California,Plumas,49,0,0,40.00355989,-120.8395236,6063.0,260.5412878183655,0.0,49,49,0,0,49,49,18804,0,0,0,0,0
2020-09-21,US,California,Riverside,57419,1162,0,33.74314981,-115.9933578,6065.0,2324.1421127151652,2.0237203713056653,56257,56681,1153,0,55528,56681,2450758,738,9,0,729,0
2020-09-21,US,California,Sacramento,21628,383,0,38.45106826,-121.34253740000001,6067.0,1393.5046241828588,1.7708525984834471,21245,21297,375,0,20922,21171,1540975,331,8,0,323,126
2020-09-21,US,California,San Benito,1310,11,0,36.60308176,-121.069975,6069.0,2085.7215641319576,0.8396946564885496,1299,1301,11,0,1290,1290,61537,9,0,0,9,11
2020-09-21,US,California,San Bernardino,52649,908,0,34.84060306,-116.1774685,6071.0,2414.997580369573,1.7246291477520939,51741,52471,908,0,51563,52287,2171603,178,0,0,178,184
2020-09-21,US,California,San Diego,44925,760,0,33.03484597,-116.73653259999999,6073.0,1345.7327466128274,1.6917084028937115,44165,44577,760,0,43817,44293,3343364,348,0,0,348,284
2020-09-21,US,California,San Francisco,10807,99,0,37.75215114,-122.43856720000001,6075.0,1225.910301072317,0.9160729157027852,10708,10745,99,0,10646,10696,883305,62,0,0,62,49
2020-09-21,US,California,San Joaquin,19841,415,0,37.93433732,-121.2730061,6077.0,2603.300146428253,2.0916284461468675,19426,19793,414,0,19379,19793,752660,48,1,0,47,0
2020-09-21,US,California,San Luis Obispo,3393,27,0,35.38822029,-120.4039028,6079.0,1198.4698581121893,0.7957559681697612,3366,3369,27,0,3342,3360,284010,24,0,0,24,9
2020-09-21,US,California,San Mateo,9598,143,0,37.422880799999994,-122.32755459999998,6081.0,1252.0660132824926,1.4898937278599709,9455,9522,143,0,9379,9522,769545,76,0,0,76,0
2020-09-21,US,California,Santa Barbara,8880,110,0,34.65329488,-120.0188492,6083.0,1988.8062459266425,1.2387387387387387,8770,8862,110,0,8752,8846,446527,18,0,0,18,16
2020-09-21,US,California,Santa Clara,20511,297,0,37.23104908,-121.6970462,6085.0,1063.9302187097348,1.44800351031154,20214,20410,296,0,20114,20252,1937570,101,1,0,100,158
2020-09-21,US,California,Santa Cruz,2218,8,0,37.05580291,-122.0066524,6087.0,811.8208137972937,0.3606853020739405,2210,2218,8,0,2210,2189,274255,0,0,0,0,29
2020-09-21,US,California,Shasta,709,14,0,40.76391419,-122.0396884,6089.0,393.71390493114166,1.9746121297602257,695,687,14,0,673,668,180040,22,0,0,22,19
2020-09-21,US,California,Sierra,6,0,0,39.57713498,-120.52007009999998,6091.0,199.6672212978369,0.0,6,6,0,0,6,6,2987,0,0,0,0,0
2020-09-21,US,California,Siskiyou,161,0,0,41.59198861,-122.54074340000001,6093.0,369.78341257263605,0.0,161,161,0,0,161,161,43724,0,0,0,0,0
2020-09-21,US,California,Solano,6175,55,0,38.26827353,-121.9357113,6095.0,1379.4474614815826,0.8906882591093117,6120,6085,55,0,6030,6085,446610,90,0,0,90,0
2020-09-21,US,California,Sonoma,7112,114,0,38.52746429,-122.88625060000001,6097.0,1438.6975660279647,1.602924634420697,6998,7060,114,0,6946,6998,499942,52,0,0,52,62
2020-09-21,US,California,Stanislaus,16351,337,0,37.55862499,-120.9970722,6099.0,2969.345875858061,2.0610360222616357,16014,16319,335,0,15984,16289,549815,32,2,0,30,30
2020-09-21,US,California,Sutter,1642,10,0,39.03417539,-121.6945899,6101.0,1693.2897464190326,0.6090133982947625,1632,1642,10,0,1632,1642,96807,0,0,0,0,0
2020-09-21,US,California,Tehama,509,4,0,40.12570935,-122.23701709999999,6103.0,782.0662528424805,0.7858546168958742,505,498,4,0,494,490,63916,11,0,0,11,8
2020-09-21,US,California,Trinity,15,0,0,40.64917670000001,-123.114713,6105.0,122.10012210012206,0.0,15,15,0,0,15,15,12535,0,0,0,0,0
2020-09-21,US,California,Tulare,15599,256,0,36.22026558,-118.8020203,6107.0,3346.0247321399847,1.6411308417206232,15343,15599,256,0,15343,15599,465861,0,0,0,0,0
2020-09-21,US,California,Tuolumne,221,4,0,38.02644018,-119.95250929999999,6109.0,405.6683431844047,1.8099547511312215,217,221,4,0,217,221,54539,0,0,0,0,0
2020-09-21,US,California,Ventura,12406,143,0,34.44465746,-119.09106129999999,6111.0,1466.419859906431,1.1526680638400777,12263,12328,143,0,12185,12236,850967,78,0,0,78,92
2020-09-21,US,California,Yolo,2754,54,0,38.68278902,-121.90182879999999,6113.0,1248.9795918367347,1.96078431372549,2700,2747,54,0,2693,2740,220408,7,0,0,7,7
2020-09-21,US,California,Yuba,1118,7,0,39.26255932,-121.35356440000001,6115.0,1421.1623531804544,0.6261180679785331,1111,1118,7,0,1111,1118,78041,0,0,0,0,0
2020-09-21,US,Colorado,Adams,8509,221,0,39.87432092,-104.3362578,8001.0,1644.5022525177756,2.597249970619344,8288,8448,221,0,8227,8410,511868,61,0,0,61,38
2020-09-21,US,Colorado,Alamosa,241,9,0,37.57250606,-105.7885451,8003.0,1484.6300745395185,3.734439834024896,232,241,9,0,232,241,16683,0,0,0,0,0
2020-09-21,US,Colorado,Arapahoe,8873,369,0,39.64977461,-104.3353617,8005.0,1351.3760489803376,4.158683647019046,8504,8838,369,0,8469,8802,651215,35,0,0,35,36
2020-09-21,US,Colorado,Archuleta,50,0,0,37.19474156,-107.04768670000001,8007.0,356.40459049112565,0.0,50,48,0,0,48,48,13765,2,0,0,2,0
2020-09-21,US,Colorado,Baca,17,0,0,37.31940883,-102.5603223,8009.0,474.7277296844457,0.0,17,17,0,0,17,17,3585,0,0,0,0,0
2020-09-21,US,Colorado,Bent,11,0,0,37.95474293,-103.0720195,8011.0,197.23865877712032,0.0,11,11,0,0,11,11,5882,0,0,0,0,0
2020-09-21,US,Colorado,Boulder,3673,79,0,40.09313619,-105.3546767,8013.0,1126.0101288795693,2.150830383882385,3594,3475,79,0,3396,3324,326078,198,0,0,198,151
2020-09-21,US,Colorado,Broomfield,597,33,0,39.95998787,-105.0566324,8014.0,847.2291208401332,5.527638190954773,564,595,33,0,562,593,69267,2,0,0,2,2
2020-09-21,US,Colorado,Chaffee,321,19,0,38.74745778,-106.19265729999998,8015.0,1576.9306347022991,5.919003115264799,302,321,19,0,302,321,20027,0,0,0,0,0
2020-09-21,US,Colorado,Cheyenne,13,0,0,38.82777431,-102.6032558,8017.0,709.99453850355,0.0,13,13,0,0,13,13,1876,0,0,0,0,0
2020-09-21,US,Colorado,Clear Creek,37,1,0,39.68864463,-105.6463118,8019.0,381.4432989690722,2.702702702702702,36,37,1,0,36,37,9605,0,0,0,0,0
2020-09-21,US,Colorado,Conejos,31,0,0,37.201606,-106.19174879999998,8021.0,377.8184034125533,0.0,31,31,0,0,31,31,8200,0,0,0,0,0
2020-09-21,US,Colorado,Costilla,32,1,0,37.27732493,-105.4276548,8023.0,823.2570105479805,3.125,31,32,1,0,31,32,3828,0,0,0,0,0
2020-09-21,US,Colorado,Crowley,73,1,0,38.32608609,-103.7844965,8025.0,1204.4217125886814,1.3698630136986298,72,73,1,0,72,73,5858,0,0,0,0,0
2020-09-21,US,Colorado,Custer,17,0,0,38.10883162,-105.3683478,8027.0,335.43804262036303,0.0,17,17,0,0,17,17,4954,0,0,0,0,0
2020-09-21,US,Colorado,Delta,187,3,0,38.86246243,-107.86313419999999,8029.0,600.0898530261215,1.60427807486631,184,186,3,0,183,185,30953,1,0,0,1,1
2020-09-21,US,Colorado,Denver,12494,430,0,39.76018276,-104.87256950000001,8031.0,1718.0708212609545,3.4416519929566194,12064,12422,431,0,11991,12313,716492,72,-1,0,73,109
2020-09-21,US,Colorado,Dolores,3,0,0,37.75208676,-108.5211585,8033.0,145.98540145985402,0.0,3,3,0,0,3,3,2074,0,0,0,0,0
2020-09-21,US,Colorado,Douglas,2399,60,0,39.33133796,-104.930001,8035.0,683.1760424201348,2.501042100875365,2339,2371,60,0,2311,2359,342776,28,0,0,28,12
2020-09-21,US,Colorado,Eagle,1237,9,0,39.62754308,-106.6933637,8037.0,2243.909518022022,0.7275666936135813,1228,1231,9,0,1222,1230,54993,6,0,0,6,1
2020-09-21,US,Colorado,El Paso,6687,168,0,38.83240149,-104.5251411,8041.0,928.2304487904687,2.512337371018394,6519,6663,167,0,6496,6642,713856,24,1,0,23,21
2020-09-21,US,Colorado,Elbert,148,3,0,39.28656773,-104.13587209999999,8039.0,553.7057128961053,2.0270270270270268,145,147,3,0,144,146,26282,1,0,0,1,1
2020-09-21,US,Colorado,Fremont,167,1,0,38.47362326,-105.43996670000001,8043.0,349.0875645393925,0.5988023952095808,166,167,1,0,166,167,48021,0,0,0,0,0
2020-09-21,US,Colorado,Garfield,936,5,0,39.59921777,-107.902708,8045.0,1558.415610795691,0.5341880341880342,931,929,5,0,924,925,59770,7,0,0,7,4
2020-09-21,US,Colorado,Gilpin,18,0,0,39.85646523,-105.5252597,8047.0,288.32292167227297,0.0,18,18,0,0,18,18,6121,0,0,0,0,0
2020-09-21,US,Colorado,Grand,71,1,0,40.10603347,-106.11780420000001,8049.0,451.25206559044113,1.4084507042253518,70,71,1,0,70,71,15525,0,0,0,0,0
2020-09-21,US,Colorado,Gunnison,296,7,0,38.66611652,-107.0320729,8051.0,1695.1093803688007,2.3648648648648654,289,296,7,0,289,296,17246,0,0,0,0,0
2020-09-21,US,Colorado,Hinsdale,3,0,0,37.82247444,-107.3004345,8053.0,365.8536585365854,0.0,3,3,0,0,3,3,811,0,0,0,0,0
2020-09-21,US,Colorado,Huerfano,13,1,0,37.68473101,-104.9612585,8055.0,188.48774829636073,7.6923076923076925,12,13,1,0,12,13,6889,0,0,0,0,0
2020-09-21,US,Colorado,Jackson,9,0,0,40.66593870000001,-106.3408905,8057.0,646.5517241379309,0.0,9,9,0,0,9,9,1399,0,0,0,0,0
2020-09-21,US,Colorado,Jefferson,5399,247,0,39.58635604,-105.2517692,8059.0,926.2611064694164,4.5749212817188365,5152,5364,247,0,5117,5317,580233,35,0,0,35,47
2020-09-21,US,Colorado,Kit Carson,79,3,0,39.30497777,-102.60221990000001,8063.0,1113.1463998872764,3.79746835443038,76,79,3,0,76,79,7163,0,0,0,0,0
2020-09-21,US,Colorado,La Plata,250,2,0,37.28632032,-107.8429014,8067.0,444.6736984400848,0.8,248,250,2,0,248,250,56310,0,0,0,0,0
2020-09-21,US,Colorado,Lake,91,0,0,39.20278823,-106.35556969999999,8065.0,1119.724375538329,0.0,91,90,0,0,90,90,7824,1,0,0,1,0
2020-09-21,US,Colorado,Larimer,2373,50,0,40.66671597,-105.4625784,8069.0,664.8939896161098,2.1070375052675936,2323,2350,49,0,2301,2328,350518,23,1,0,22,22
2020-09-21,US,Colorado,Las Animas,21,0,0,37.3153406,-104.03764579999999,8071.0,144.76768233834275,0.0,21,21,0,0,21,21,14503,0,0,0,0,0
2020-09-21,US,Colorado,Lincoln,9,0,0,38.98749519,-103.51366490000001,8073.0,157.8670408700228,0.0,9,9,0,0,9,9,5610,0,0,0,0,0
2020-09-21,US,Colorado,Logan,839,5,0,40.7249637,-103.110817,8075.0,3744.031415948949,0.5959475566150179,834,834,5,0,829,828,21528,5,0,0,5,6
2020-09-21,US,Colorado,Mesa,544,7,0,39.01787888,-108.469799,8077.0,352.76570909798335,1.286764705882353,537,539,6,0,533,533,153207,5,1,0,4,6
2020-09-21,US,Colorado,Mineral,20,0,0,37.66954283,-106.92816979999999,8079.0,2600.780234070221,0.0,20,20,0,0,20,20,776,0,0,0,0,0
2020-09-21,US,Colorado,Moffat,38,1,0,40.61810999,-108.2070876,8081.0,286.0799518181134,2.631578947368421,37,38,1,0,37,38,13188,0,0,0,0,0
2020-09-21,US,Colorado,Montezuma,130,5,0,37.33859579,-108.59588570000001,8083.0,496.50536607722574,3.8461538461538463,125,130,5,0,125,129,26158,0,0,0,0,1
2020-09-21,US,Colorado,Montrose,370,13,0,38.40214114,-108.26390220000002,8085.0,865.3351419617381,3.5135135135135136,357,370,13,0,357,368,42214,0,0,0,0,2
2020-09-21,US,Colorado,Morgan,733,48,0,40.26279810000001,-103.8093302,8087.0,2521.673317737719,6.548431105047749,685,732,48,0,684,732,28558,1,0,0,1,0
2020-09-21,US,Colorado,Otero,91,6,0,37.9014485,-103.7173385,8089.0,497.8662873399716,6.593406593406592,85,91,6,0,85,91,18432,0,0,0,0,0
2020-09-21,US,Colorado,Ouray,25,1,0,38.14717457,-107.7675136,8091.0,504.8465266558966,4.0,24,25,1,0,24,25,4833,0,0,0,0,0
2020-09-21,US,Colorado,Park,51,1,0,39.120926000000004,-105.7182065,8093.0,270.62881400902097,1.96078431372549,50,51,1,0,50,50,18556,0,0,0,0,1
2020-09-21,US,Colorado,Phillips,34,0,0,40.59414277,-102.3577703,8095.0,797.1864009378662,0.0,34,34,0,0,34,34,4286,0,0,0,0,0
2020-09-21,US,Colorado,Pitkin,213,2,0,39.21720112,-106.9310027,8097.0,1198.851803906118,0.9389671361502347,211,219,2,0,217,219,17950,-6,0,0,-6,0
2020-09-21,US,Colorado,Prowers,94,0,0,37.95544985,-102.3926052,8099.0,772.2642129477489,0.0,94,94,0,0,94,93,12164,0,0,0,0,1
2020-09-21,US,Colorado,Pueblo,1041,36,0,38.17359144,-104.5127437,8101.0,618.0829335486627,3.4582132564841497,1005,1035,34,0,1001,1024,167529,6,2,0,4,11
2020-09-21,US,Colorado,Rio Blanco,25,0,0,39.97913541,-108.2179009,8103.0,395.31941808981657,0.0,25,25,0,0,25,24,6336,0,0,0,0,1
2020-09-21,US,Colorado,Rio Grande,95,2,0,37.5836865,-106.3847838,8105.0,843.1703204047217,2.1052631578947367,93,95,2,0,93,95,11250,0,0,0,0,0
2020-09-21,US,Colorado,Routt,145,8,0,40.48596505,-106.9905548,8107.0,565.5667368749513,5.517241379310344,137,144,8,0,136,143,25733,1,0,0,1,1
2020-09-21,US,Colorado,Saguache,111,2,0,38.08054629,-106.28246599999999,8109.0,1626.6119577960142,1.8018018018018016,109,111,2,0,109,111,6843,0,0,0,0,0
2020-09-21,US,Colorado,San Juan,6,0,0,37.76248981,-107.67632890000002,8111.0,824.1758241758242,0.0,6,6,0,0,6,6,762,0,0,0,0,0
2020-09-21,US,Colorado,San Miguel,95,0,0,38.00450883,-108.4020725,8113.0,1161.5111871866975,0.0,95,95,0,0,95,95,8191,0,0,0,0,0
2020-09-21,US,Colorado,Sedgwick,12,1,0,40.87595412,-102.3519227,8115.0,533.8078291814946,8.333333333333334,11,12,1,0,11,12,2303,0,0,0,0,0
2020-09-21,US,Colorado,Summit,422,4,0,39.63803232,-106.1150762,8117.0,1360.8074554190448,0.9478672985781992,418,423,4,0,419,417,31007,-1,0,0,-1,6
2020-09-21,US,Colorado,Teller,173,4,0,38.88133511,-105.16148929999999,8119.0,681.4242949424926,2.3121387283237,169,173,4,0,169,172,25083,0,0,0,0,1
2020-09-21,US,Colorado,Washington,59,0,0,39.97015535,-103.202587,8121.0,1202.1189894050528,0.0,59,58,0,0,58,57,4909,1,0,0,1,1
2020-09-21,US,Colorado,Weld,4540,149,0,40.55499405,-104.39296209999999,8123.0,1399.109993466711,3.2819383259911894,4391,4507,149,0,4358,4492,314305,33,0,0,33,15
2020-09-21,US,Colorado,Yuma,88,0,0,40.00346839,-102.4258673,8125.0,878.3311707755264,0.0,88,87,0,0,87,84,10020,1,0,0,1,3
2020-09-21,US,Connecticut,Fairfield,19848,1420,0,41.26809896,-73.3881171,9001.0,2104.0312424469853,7.154373236598146,18428,19716,1420,0,18296,19716,943823,132,0,0,132,0
2020-09-21,US,Connecticut,Hartford,14370,1434,0,41.80283011,-72.73103891,9003.0,1611.4923967164582,9.979123173277662,12936,14253,1434,0,12819,14253,892697,117,0,0,117,0
2020-09-21,US,Connecticut,Litchfield,1841,140,0,41.7937534,-73.2451475,9005.0,1020.8891328819459,7.604562737642587,1701,1822,140,0,1682,1822,181111,19,0,0,19,0
2020-09-21,US,Connecticut,Middlesex,1552,193,0,41.45949668,-72.53714864,9007.0,955.4532246546332,12.435567010309276,1359,1542,193,0,1349,1542,162682,10,0,0,10,0
2020-09-21,US,Connecticut,New Haven,14261,1112,0,41.408032500000004,-72.93620426,9009.0,1668.427401004028,7.797489657106794,13149,14164,1111,0,13053,14164,857620,97,1,0,96,0
2020-09-21,US,Connecticut,New London,1774,114,0,41.48896435,-72.10430976,9011.0,668.9139763052117,6.4261555806087935,1660,1717,114,0,1603,1717,266784,57,0,0,57,0
2020-09-21,US,Connecticut,Tolland,1312,66,0,41.85853803,-72.3308481,9013.0,870.4825472230146,5.030487804878049,1246,1293,65,0,1228,1293,150921,19,1,0,18,0
2020-09-21,US,Connecticut,Unassigned,142,1,0,0.0,0.0,90009.0,0.0,0.7042253521126759,141,121,0,0,121,121,,21,1,0,20,0
2020-09-21,US,Connecticut,Windham,924,15,0,41.82972709,-71.98182316,9015.0,791.21782466476,1.6233766233766234,909,899,15,0,884,899,117027,25,0,0,25,0
2020-09-21,US,Delaware,Kent,2875,115,0,39.08646628,-75.56884914,10001.0,1590.2780082528516,4.0,2760,2865,113,0,2752,2852,178550,10,2,0,8,13
2020-09-21,US,Delaware,New Castle,9663,309,0,39.57992638,-75.64054974,10003.0,1729.3866878567096,3.1977646693573423,9354,9590,307,0,9283,9521,559335,73,2,0,71,69
2020-09-21,US,Delaware,Sussex,6649,203,0,38.66143781,-75.39031349,10005.0,2838.723449674458,3.053090690329373,6446,6631,201,0,6430,6600,229286,18,2,0,16,31
2020-09-21,US,Delaware,Unassigned,480,0,0,0.0,0.0,90010.0,0.0,0.0,480,480,0,0,480,476,,0,0,0,0,4
2020-09-21,US,District of Columbia,District of Columbia,14978,621,0,38.90417773,-77.01655992,11001.0,2122.284268203001,4.146080918680732,14357,14955,620,0,14335,14902,702455,23,1,0,22,53
2020-09-21,US,Florida,Alachua,7581,46,0,29.67866525,-82.35928158,12001.0,2817.7651899510493,0.6067801081651497,7535,7502,46,0,7456,7382,269956,79,0,0,79,120
2020-09-21,US,Florida,Baker,1412,11,0,30.33060121,-82.28467476,12003.0,4833.9609722697705,0.7790368271954674,1401,1410,11,0,1399,1401,28355,2,0,0,2,9
2020-09-21,US,Florida,Bay,5878,94,0,30.26548745,-85.62122584,12005.0,3364.5287770813648,1.5991833957128274,5784,5839,94,0,5745,5802,185287,39,0,0,39,37
2020-09-21,US,Florida,Bradford,1033,7,0,29.95079741,-82.16611613,12007.0,3662.990674089571,0.6776379477250726,1026,1027,7,0,1020,1017,27732,6,0,0,6,10
2020-09-21,US,Florida,Brevard,8429,277,0,28.29409504,-80.73091022,12009.0,1400.3010256802152,3.2862735793095266,8152,8395,277,0,8118,8352,596849,34,0,0,34,43
2020-09-21,US,Florida,Broward,75801,1322,0,26.15184651,-80.48725556,12011.0,3881.70083849777,1.7440403160908169,74479,75682,1320,0,74362,75499,1951260,119,2,0,117,183
2020-09-21,US,Florida,Calhoun,607,10,0,30.40666734,-85.19394153,12013.0,4303.438496986884,1.6474464579901154,597,607,10,0,597,607,14587,0,0,0,0,0
2020-09-21,US,Florida,Charlotte,2957,131,0,26.90131002,-81.92949121,12015.0,1565.2956434280875,4.4301657084883335,2826,2953,131,0,2822,2943,184998,4,0,0,4,10
2020-09-21,US,Florida,Citrus,2646,86,0,28.84804315,-82.47614748,12017.0,1768.0429248214248,3.2501889644746784,2560,2623,86,0,2537,2606,147929,23,0,0,23,17
2020-09-21,US,Florida,Clay,4831,91,0,29.98319144,-81.85609986,12019.0,2203.400653129732,1.8836679776443797,4740,4811,91,0,4720,4765,216072,20,0,0,20,46
2020-09-21,US,Florida,Collier,12487,202,0,26.11091986,-81.34687065,12021.0,3244.2024203563506,1.6176823896852728,12285,12466,202,0,12264,12423,378488,21,0,0,21,43
2020-09-21,US,Florida,Columbia,3649,50,0,30.22509788,-82.62160164,12023.0,5090.254721981977,1.3702384214853385,3599,3644,50,0,3594,3627,70503,5,0,0,5,17
2020-09-21,US,Florida,DeSoto,1549,23,0,27.18677893,-81.80941373,12027.0,4076.208520828399,1.4848289218850872,1526,1549,23,0,1526,1545,37489,0,0,0,0,4
2020-09-21,US,Florida,Dixie,826,6,0,29.60631086,-83.15724673,12029.0,4909.069297515749,0.7263922518159807,820,823,6,0,817,822,16700,3,0,0,3,1
2020-09-21,US,Florida,Duval,29449,353,0,30.33225875,-81.66976468,12031.0,3074.7947021941936,1.1986824679955177,29096,29381,353,0,29028,29241,950181,68,0,0,68,140
2020-09-21,US,Florida,Escambia,12043,217,0,30.67652764,-87.37284571,12033.0,3783.3473655110015,1.8018766088184008,11826,12033,217,0,11816,12015,315534,10,0,0,10,18
2020-09-21,US,Florida,Flagler,1662,23,0,29.45933576,-81.31508595,12035.0,1444.200172052728,1.383874849578821,1639,1653,23,0,1630,1642,112067,9,0,0,9,11
2020-09-21,US,Florida,Franklin,596,3,0,29.83791238,-84.82731662,12037.0,4915.463917525774,0.5033557046979866,593,596,3,0,593,592,11736,0,0,0,0,4
2020-09-21,US,Florida,Gadsden,2712,44,0,30.57796289,-84.61915825,12039.0,5939.553219448095,1.6224188790560472,2668,2705,44,0,2661,2693,45894,7,0,0,7,12
2020-09-21,US,Florida,Gilchrist,501,12,0,29.72856978,-82.79880657,12041.0,2696.15757184372,2.395209580838323,489,501,12,0,489,502,18256,0,0,0,0,-1
2020-09-21,US,Florida,Glades,502,4,0,26.95635849,-81.18996211,12043.0,3634.783867931359,0.796812749003984,498,500,4,0,496,497,13724,2,0,0,2,3
2020-09-21,US,Florida,Gulf,866,14,0,29.93543004,-85.24270990000002,12045.0,6349.4391084390345,1.6166281755196306,852,866,14,0,852,865,16164,0,0,0,0,1
2020-09-21,US,Florida,Hamilton,830,8,0,30.49673973,-82.94998918,12047.0,5752.703077349598,0.9638554216867471,822,827,8,0,819,826,14310,3,0,0,3,1
2020-09-21,US,Florida,Hardee,1299,10,0,27.49293939,-81.80956574,12049.0,4822.363292126071,0.7698229407236336,1289,1297,10,0,1287,1274,27245,2,0,0,2,23
2020-09-21,US,Florida,Hendry,2046,42,0,26.55386945,-81.16469006,12051.0,4868.878206653658,2.0527859237536656,2004,2046,42,0,2004,2043,41556,0,0,0,0,3
2020-09-21,US,Florida,Hernando,3031,113,0,28.55364461,-82.42700204,12053.0,1563.0156765676568,3.72814252721874,2918,3023,112,0,2911,2999,190865,8,1,0,7,24
2020-09-21,US,Florida,Highlands,2081,81,0,27.34254618,-81.34071957,12055.0,1959.1229606198401,3.892359442575685,2000,2078,81,0,1997,2068,105424,3,0,0,3,10
2020-09-21,US,Florida,Hillsborough,40898,604,0,27.9276559,-82.32013172,12057.0,2778.4571403726172,1.4768448334881898,40294,40751,604,0,40147,40587,1436888,147,0,0,147,164
2020-09-21,US,Florida,Holmes,727,5,0,30.86747479,-85.81319222,12059.0,3705.969312331141,0.687757909215956,722,727,5,0,722,727,19477,0,0,0,0,0
2020-09-21,US,Florida,Indian River,3099,110,0,27.69308961,-80.60556721,12061.0,1937.8075698930109,3.549532107131333,2989,3087,110,0,2977,3072,157413,12,0,0,12,15
2020-09-21,US,Florida,Jackson,2727,76,0,30.795459700000002,-85.21500423,12063.0,5875.382427715776,2.786945361202787,2651,2722,76,0,2646,2706,48305,5,0,0,5,16
2020-09-21,US,Florida,Jefferson,546,8,0,30.43669112,-83.89442308,12065.0,3832.654780289204,1.465201465201465,538,546,8,0,538,544,14288,0,0,0,0,2
2020-09-21,US,Florida,Lafayette,1230,12,0,29.98484137,-83.18166636,12067.0,14604.606981714556,0.975609756097561,1218,1230,12,0,1218,1230,8732,0,0,0,0,0
2020-09-21,US,Florida,Lake,7313,169,0,28.76202069,-81.7125123,12069.0,1992.0025713803186,2.310953097224121,7144,7293,169,0,7124,7262,356495,20,0,0,20,31
2020-09-21,US,Florida,Lee,20025,458,0,26.58410348,-81.88399313,12071.0,2598.7020116094823,2.2871410736579274,19567,19964,458,0,19506,19884,754610,61,0,0,61,80
2020-09-21,US,Florida,Leon,9990,57,0,30.45955727,-84.27491114,12073.0,3402.797174213678,0.5705705705705706,9933,9938,57,0,9881,9838,292502,52,0,0,52,100
2020-09-21,US,Florida,Levy,1006,9,0,29.31829741,-82.74007147,12075.0,2423.921162325615,0.8946322067594433,997,1004,9,0,995,1001,40770,2,0,0,2,3
2020-09-21,US,Florida,Liberty,491,7,0,30.23766008,-84.8829258,12077.0,5877.423988508499,1.4256619144602851,484,491,7,0,484,490,8457,0,0,0,0,1
2020-09-21,US,Florida,Madison,1005,18,0,30.44396917,-83.47398594,12079.0,5434.488725463689,1.791044776119403,987,1004,18,0,986,1001,18529,1,0,0,1,3
2020-09-21,US,Florida,Manatee,11241,277,0,27.47196942,-82.31831044,12081.0,2787.580005604423,2.4641935770838894,10964,11210,277,0,10933,11158,394855,31,0,0,31,52
2020-09-21,US,Florida,Marion,9453,260,0,29.21227113,-82.05803627,12083.0,2585.761217137746,2.7504495927218877,9193,9431,260,0,9171,9401,359977,22,0,0,22,30
2020-09-21,US,Florida,Martin,4759,132,0,27.0772071,-80.43109784,12085.0,2955.9006211180126,2.7736919520907755,4627,4739,132,0,4607,4722,160912,20,0,0,20,17
2020-09-21,US,Florida,Miami-Dade,167153,3055,0,25.6112362,-80.55170587,12086.0,6152.252166039736,1.8276668680789456,164098,166881,3055,0,163826,166516,2761581,272,0,0,272,365
2020-09-21,US,Florida,Monroe,1808,22,0,25.20904673,-81.07812416,12087.0,2435.7385353235973,1.2168141592920354,1786,1809,22,0,1787,1804,75027,-1,0,0,-1,5
2020-09-21,US,Florida,Nassau,2031,37,0,30.61037141,-81.80297522,12089.0,2291.678420310296,1.8217626784835057,1994,2024,37,0,1987,2010,85832,7,0,0,7,14
2020-09-21,US,Florida,Okaloosa,4750,102,0,30.69143028,-86.59267105,12091.0,2253.9836194706218,2.147368421052632,4648,4746,102,0,4644,4733,207269,4,0,0,4,13
2020-09-21,US,Florida,Okeechobee,1464,23,0,27.386336199999995,-80.88944347,12093.0,3471.826977803073,1.5710382513661203,1441,1453,23,0,1430,1443,41537,11,0,0,11,10
2020-09-21,US,Florida,Orange,39056,431,0,28.51367621,-81.31799498,12095.0,2802.823491587798,1.1035436296599754,38625,38971,431,0,38540,38818,1380645,85,0,0,85,153
2020-09-21,US,Florida,Osceola,12139,137,0,28.06312234,-81.14882926,12097.0,3230.596858025661,1.128593788615207,12002,12107,137,0,11970,12049,367990,32,0,0,32,58
2020-09-21,US,Florida,Palm Beach,45425,1277,0,26.64676272,-80.46536002,12099.0,3034.868416657202,2.811227297743533,44148,45329,1277,0,44052,45156,1485941,96,0,0,96,173
2020-09-21,US,Florida,Pasco,8893,205,0,28.30810945,-82.40227529,12101.0,1605.3882411133195,2.3051838524682333,8688,8865,199,0,8666,8816,539630,28,6,0,22,49
2020-09-21,US,Florida,Pinellas,21561,728,0,27.93130349,-82.72239666,12103.0,2211.393687768976,3.3764667687027505,20833,21498,721,0,20777,21440,975280,63,7,0,56,58
2020-09-21,US,Florida,Polk,19243,507,0,27.95027105,-81.69732947,12105.0,2655.023545173205,2.6347243153354465,18736,19126,507,0,18619,19035,708009,117,0,0,117,91
2020-09-21,US,Florida,Putnam,2060,38,0,29.60779729,-81.74230285,12107.0,2764.321466432281,1.8446601941747571,2022,2054,38,0,2016,2042,74163,6,0,0,6,12
2020-09-21,US,Florida,Santa Rosa,5219,71,0,30.69341450000001,-87.02458128,12113.0,2831.5962520278003,1.3604138723893466,5148,5215,70,0,5145,5200,179349,4,1,0,3,15
2020-09-21,US,Florida,Sarasota,7903,247,0,27.18546175,-82.33174248,12115.0,1822.0508966159607,3.1253954194609643,7656,7877,246,0,7631,7848,426718,26,1,0,25,29
2020-09-21,US,Florida,Seminole,8860,200,0,28.7158582,-81.24060348,12117.0,1877.8108879120693,2.2573363431151243,8660,8836,200,0,8636,8794,467832,24,0,0,24,42
2020-09-21,US,Florida,St. Johns,5112,67,0,29.90096506,-81.43589967,12109.0,1931.4472252448315,1.310641627543036,5045,5102,66,0,5036,5070,254261,10,1,0,9,32
2020-09-21,US,Florida,St. Lucie,7822,265,0,27.37763908,-80.47106649,12111.0,2382.5986835091394,3.3878803375095883,7557,7808,263,0,7545,7787,321128,14,2,0,12,21
2020-09-21,US,Florida,Sumter,2164,65,0,28.70181754,-82.0794267,12119.0,1634.1942304787797,3.00369685767098,2099,2163,65,0,2098,2154,128754,1,0,0,1,9
2020-09-21,US,Florida,Suwannee,2615,65,0,30.19746066,-82.99099670000003,12121.0,5887.385460521872,2.48565965583174,2550,2609,65,0,2544,2595,44191,6,0,0,6,14
2020-09-21,US,Florida,Taylor,1291,12,0,30.04848048,-83.60445406,12123.0,5985.442069636979,0.9295120061967468,1279,1286,12,0,1274,1286,21623,5,0,0,5,0
2020-09-21,US,Florida,Unassigned,1600,0,0,0.0,0.0,90012.0,0.0,0.0,1600,1598,0,0,1598,1592,,2,0,0,2,6
2020-09-21,US,Florida,Union,885,12,0,30.04412971,-82.37497443,12125.0,5808.2299665288465,1.3559322033898304,873,884,12,0,872,874,14940,1,0,0,1,10
2020-09-21,US,Florida,Volusia,10537,220,0,29.05858895,-81.18263252,12127.0,1904.4469024949206,2.0878808009869982,10317,10519,220,0,10299,10495,547538,18,0,0,18,24
2020-09-21,US,Florida,Wakulla,1098,9,0,30.16548905,-84.39895211,12129.0,3254.394024719168,0.819672131147541,1089,1086,9,0,1077,1079,32461,12,0,0,12,7
2020-09-21,US,Florida,Walton,1877,22,0,30.64204028,-86.16935664,12131.0,2534.055163289277,1.1720831113478956,1855,1875,22,0,1853,1870,71375,2,0,0,2,5
2020-09-21,US,Florida,Washington,1059,18,0,30.61359259,-85.66002461,12133.0,4157.343069132022,1.69971671388102,1041,1059,18,0,1041,1056,24880,0,0,0,0,3
2020-09-21,US,Georgia,Appling,1010,26,0,31.74847232,-82.28909114,13001.0,5493.310127270749,2.5742574257425743,984,1007,26,0,981,1001,18507,3,0,0,3,6
2020-09-21,US,Georgia,Atkinson,435,3,0,31.29633502,-82.87545866,13003.0,5327.6178812002445,0.6896551724137931,432,435,3,0,432,435,8297,0,0,0,0,0
2020-09-21,US,Georgia,Bacon,592,10,0,31.55456473,-82.45936528,13005.0,5302.758867789323,1.6891891891891893,582,592,10,0,582,589,11185,0,0,0,0,3
2020-09-21,US,Georgia,Baker,78,3,0,31.32669878,-84.44218806,13007.0,2567.478604344964,3.8461538461538463,75,78,3,0,75,78,3092,0,0,0,0,0
2020-09-21,US,Georgia,Baldwin,2058,55,0,33.06882326,-83.24701748,13009.0,4584.539986633994,2.672497570456754,2003,2056,55,0,2001,2048,44823,2,0,0,2,8
2020-09-21,US,Georgia,Banks,470,7,0,34.35607081,-83.49644388,13011.0,2443.589476967869,1.4893617021276595,463,469,7,0,462,467,18988,1,0,0,1,2
2020-09-21,US,Georgia,Barrow,2103,46,0,33.99148694,-83.71436292,13013.0,2526.4296011532915,2.1873514027579652,2057,2086,46,0,2040,2079,80809,17,0,0,17,7
2020-09-21,US,Georgia,Bartow,2808,82,0,34.23732119,-84.83887523,13015.0,2606.32274592066,2.9202279202279198,2726,2801,82,0,2719,2790,106408,7,0,0,7,11
2020-09-21,US,Georgia,Ben Hill,740,20,0,31.76095874,-83.22145359,13017.0,4431.1377245508975,2.702702702702702,720,738,20,0,718,736,16787,2,0,0,2,2
2020-09-21,US,Georgia,Berrien,439,11,0,31.27590016,-83.22529920000002,13019.0,2263.236582976749,2.5056947608200457,428,438,11,0,427,438,19252,1,0,0,1,0
2020-09-21,US,Georgia,Bibb,5963,157,0,32.80904227,-83.70489165,13021.0,3893.3396013293377,2.6329029012242158,5806,5954,157,0,5797,5941,153095,9,0,0,9,13
2020-09-21,US,Georgia,Bleckley,427,19,0,32.43829035,-83.33035166,13023.0,3317.0201196302337,4.4496487119437935,408,426,19,0,407,425,12838,1,0,0,1,1
2020-09-21,US,Georgia,Brantley,343,10,0,31.19576557,-81.97743999,13025.0,1794.9657229577685,2.915451895043732,333,342,10,0,332,341,18897,1,0,0,1,1
2020-09-21,US,Georgia,Brooks,512,27,0,30.83922642,-83.58303423,13027.0,3312.4150870155922,5.2734375,485,510,27,0,483,510,15513,2,0,0,2,0
2020-09-21,US,Georgia,Bryan,1067,11,0,32.00979311,-81.44002948,13029.0,2692.6085749615163,1.0309278350515465,1056,1059,11,0,1048,1055,38109,8,0,0,8,4
2020-09-21,US,Georgia,Bulloch,2788,25,0,32.39577406,-81.74811421,13031.0,3502.160586875691,0.896700143472023,2763,2782,25,0,2757,2758,77296,6,0,0,6,24
2020-09-21,US,Georgia,Burke,767,9,0,33.05917989,-81.99928721,13033.0,3426.707769289193,1.1734028683181226,758,766,9,0,757,760,22423,1,0,0,1,6
2020-09-21,US,Georgia,Butts,630,42,0,33.283094500000004,-83.95435040000002,13035.0,2526.4677574590946,6.666666666666668,588,630,42,0,588,625,24193,0,0,0,0,5
2020-09-21,US,Georgia,Calhoun,233,7,0,31.53169785,-84.62725131,13037.0,3764.743900468573,3.004291845493562,226,233,7,0,226,233,6352,0,0,0,0,0
2020-09-21,US,Georgia,Camden,1239,7,0,30.92951916,-81.66601818,13039.0,2266.491054768961,0.5649717514124294,1232,1234,7,0,1227,1227,53677,5,0,0,5,7
2020-09-21,US,Georgia,Candler,422,17,0,32.40209349,-82.07702563,13043.0,3906.322317874664,4.028436018957346,405,416,17,0,399,412,10836,6,0,0,6,4
2020-09-21,US,Georgia,Carroll,2649,63,0,33.58138199,-85.07976677,13045.0,2207.647176478432,2.3782559456398644,2586,2644,63,0,2581,2624,118121,5,0,0,5,20
2020-09-21,US,Georgia,Catoosa,1108,17,0,34.89872298,-85.13757014,13047.0,1639.5383249482095,1.5342960288808665,1091,1101,17,0,1084,1096,67420,7,0,0,7,5
2020-09-21,US,Georgia,Charlton,614,6,0,30.78371028,-82.13951596,13049.0,4584.826762246117,0.977198697068404,608,613,6,0,607,610,12968,1,0,0,1,3
2020-09-21,US,Georgia,Chatham,8142,146,0,32.00043026,-81.12489526,13051.0,2813.1154337836438,1.7931712110046671,7996,8114,146,0,7968,8074,289195,28,0,0,28,40
2020-09-21,US,Georgia,Chattahoochee,1626,1,0,32.34341231,-84.78809239,13053.0,14907.857339323371,0.06150061500615006,1625,1624,1,0,1623,1622,10684,2,0,0,2,2
2020-09-21,US,Georgia,Chattooga,725,12,0,34.47197698,-85.34535662,13055.0,2924.684335794102,1.6551724137931034,713,723,12,0,711,714,24790,2,0,0,2,9
2020-09-21,US,Georgia,Cherokee,5786,91,0,34.24393976,-84.47431861,13057.0,2235.9365157879693,1.5727618389215348,5695,5770,91,0,5679,5738,254149,16,0,0,16,32
2020-09-21,US,Georgia,Clarke,4890,41,0,33.95436462,-83.37124007,13059.0,3810.4588914603637,0.8384458077709611,4849,4874,41,0,4833,4855,127330,16,0,0,16,19
2020-09-21,US,Georgia,Clay,120,2,0,31.62221166,-84.97713865,13061.0,4234.297812279464,1.6666666666666667,118,120,2,0,118,120,2887,0,0,0,0,0
2020-09-21,US,Georgia,Clayton,7043,158,0,33.54187245,-84.35594188,13063.0,2409.873535530494,2.2433622036064182,6885,7015,158,0,6857,7010,289615,28,0,0,28,5
2020-09-21,US,Georgia,Clinch,368,6,0,30.91395822,-82.70432472,13065.0,5560.592323964944,1.6304347826086956,362,365,6,0,359,362,6648,3,0,0,3,3
2020-09-21,US,Georgia,Cobb,19092,421,0,33.94243204,-84.5761255,13067.0,2511.639287974205,2.2051120888330193,18671,19041,421,0,18620,19000,756865,51,0,0,51,41
2020-09-21,US,Georgia,Coffee,1982,43,0,31.54892966,-82.85492059999999,13069.0,4580.223233887182,2.169525731584258,1939,1981,43,0,1938,1976,43093,1,0,0,1,5
2020-09-21,US,Georgia,Colquitt,1911,33,0,31.18810588,-83.7677946,13071.0,4190.789473684211,1.7268445839874411,1878,1907,33,0,1874,1905,45592,4,0,0,4,2
2020-09-21,US,Georgia,Columbia,3637,57,0,33.54534185,-82.263524,13073.0,2320.7881873987008,1.5672257354962882,3580,3625,57,0,3568,3617,154291,12,0,0,12,8
2020-09-21,US,Georgia,Cook,542,12,0,31.16068491,-83.42947229,13075.0,3138.390272148234,2.2140221402214024,530,542,12,0,530,540,17162,0,0,0,0,2
2020-09-21,US,Georgia,Coweta,2513,41,0,33.35334302,-84.76129976,13077.0,1692.1533375081644,1.631516116195782,2472,2505,41,0,2464,2499,145864,8,0,0,8,6
2020-09-21,US,Georgia,Crawford,165,4,0,32.71391813,-83.98061238,13079.0,1330.2160593356982,2.4242424242424243,161,165,4,0,161,165,12318,0,0,0,0,0
2020-09-21,US,Georgia,Crisp,532,17,0,31.92289565,-83.76811843,13081.0,2377.972465581977,3.1954887218045114,515,531,17,0,514,529,22601,1,0,0,1,2
2020-09-21,US,Georgia,Dade,274,5,0,34.854916700000004,-85.50490424,13083.0,1700.1737403822287,1.8248175182481752,269,273,5,0,268,271,16226,1,0,0,1,2
2020-09-21,US,Georgia,Dawson,795,6,0,34.44244079,-84.16964071,13085.0,3045.0436647770807,0.7547169811320755,789,792,6,0,786,790,25083,3,0,0,3,2
2020-09-21,US,Georgia,DeKalb,18110,349,0,33.76944049,-84.22396017,13089.0,2385.100955225689,1.9271120927664276,17761,18072,349,0,17723,18006,756558,38,0,0,38,66
2020-09-21,US,Georgia,Decatur,1115,27,0,30.87967778,-84.57619536,13087.0,4222.845023481291,2.42152466367713,1088,1108,27,0,1081,1100,26575,7,0,0,7,8
2020-09-21,US,Georgia,Dodge,401,11,0,32.17265114,-83.16948926,13091.0,1946.1295801989806,2.743142144638404,390,401,11,0,390,392,20705,0,0,0,0,9
2020-09-21,US,Georgia,Dooly,326,14,0,32.15630737,-83.79746561,13093.0,2434.652725914862,4.294478527607362,312,325,14,0,311,322,13706,1,0,0,1,3
2020-09-21,US,Georgia,Dougherty,3126,182,0,31.53328528,-84.21722377,13095.0,3554.049752148802,5.82213691618682,2944,3124,182,0,2942,3122,91243,2,0,0,2,2
2020-09-21,US,Georgia,Douglas,3447,70,0,33.70291126,-84.77026156,13097.0,2355.425268034686,2.0307513780098643,3377,3440,70,0,3370,3432,145331,7,0,0,7,8
2020-09-21,US,Georgia,Early,474,32,0,31.32155345,-84.90255207,13099.0,4651.61923454367,6.751054852320674,442,469,32,0,437,465,10247,5,0,0,5,4
2020-09-21,US,Georgia,Echols,239,2,0,30.71101099,-82.89687287,13101.0,5966.050923614576,0.8368200836820083,237,239,2,0,237,239,4000,0,0,0,0,0
2020-09-21,US,Georgia,Effingham,1380,23,0,32.36616021,-81.34280942,13103.0,2146.3232549458758,1.6666666666666667,1357,1376,23,0,1353,1365,62190,4,0,0,4,11
2020-09-21,US,Georgia,Elbert,596,3,0,34.11302332,-82.83936148,13105.0,3105.137021986037,0.5033557046979866,593,594,3,0,591,594,19120,2,0,0,2,0
2020-09-21,US,Georgia,Emanuel,998,29,0,32.59221302,-82.30239915,13107.0,4406.959286408196,2.9058116232464934,969,993,29,0,964,978,22612,5,0,0,5,15
2020-09-21,US,Georgia,Evans,415,6,0,32.15328841,-81.8870105,13109.0,3895.250610099493,1.4457831325301205,409,414,6,0,408,412,10721,1,0,0,1,2
2020-09-21,US,Georgia,Fannin,598,12,0,34.86430205,-84.316964,13111.0,2283.488620742325,2.0066889632107023,586,597,12,0,585,594,25964,1,0,0,1,3
2020-09-21,US,Georgia,Fayette,1752,49,0,33.41357794,-84.49089434,13113.0,1531.187456847956,2.7968036529680367,1703,1745,49,0,1696,1734,113459,7,0,0,7,11
2020-09-21,US,Georgia,Floyd,2984,40,0,34.26268279,-85.21577392,13115.0,3029.5031371195355,1.3404825737265416,2944,2975,40,0,2935,2963,97927,9,0,0,9,12
2020-09-21,US,Georgia,Forsyth,3751,42,0,34.22604035,-84.12315129999998,13117.0,1535.7090218299136,1.119701412956545,3709,3731,42,0,3689,3705,236612,20,0,0,20,26
2020-09-21,US,Georgia,Franklin,726,11,0,34.37525597,-83.23159927,13119.0,3109.3408711293846,1.5151515151515151,715,713,11,0,702,709,23023,13,0,0,13,4
2020-09-21,US,Georgia,Fulton,27080,564,0,33.79216944,-84.46319413,13121.0,2545.2634883456444,2.082717872968981,26516,26992,564,0,26428,26910,1050114,88,0,0,88,82
2020-09-21,US,Georgia,Gilmer,794,11,0,34.69316688,-84.45802506,13123.0,2531.161337626319,1.3853904282115868,783,794,11,0,783,792,30816,0,0,0,0,2
2020-09-21,US,Georgia,Glascock,37,2,0,33.22879932,-82.61297636,13125.0,1245.3719286435546,5.405405405405406,35,37,2,0,35,37,2995,0,0,0,0,0
2020-09-21,US,Georgia,Glynn,3419,94,0,31.23279254,-81.53811412,13127.0,4008.582282042864,2.749341912840012,3325,3417,94,0,3323,3408,85219,2,0,0,2,9
2020-09-21,US,Georgia,Gordon,1791,36,0,34.50487351,-84.87296253,13129.0,3089.9021789762432,2.010050251256281,1755,1783,36,0,1747,1778,57685,8,0,0,8,5
2020-09-21,US,Georgia,Grady,760,21,0,30.87454847,-84.23418364,13131.0,3085.2920878496325,2.763157894736842,739,752,21,0,731,749,24748,8,0,0,8,3
2020-09-21,US,Georgia,Greene,492,23,0,33.5769205,-83.17139104,13133.0,2685.003274394237,4.674796747967481,469,492,23,0,469,492,17698,0,0,0,0,0
2020-09-21,US,Georgia,Gwinnett,26678,391,0,33.96044201,-84.02137802,13135.0,2849.452603471296,1.4656271084788963,26287,26618,391,0,26227,26550,927781,60,0,0,60,68
2020-09-21,US,Georgia,Habersham,1563,66,0,34.63331566,-83.53094677,13137.0,3448.199788210378,4.222648752399232,1497,1557,66,0,1491,1553,45388,6,0,0,6,4
2020-09-21,US,Georgia,Hall,8827,144,0,34.32207823,-83.81896936,13139.0,4317.627090456414,1.6313583323892602,8683,8785,144,0,8641,8757,202148,42,0,0,42,28
2020-09-21,US,Georgia,Hancock,388,41,0,33.2721566,-82.99766919,13141.0,4587.915336407708,10.56701030927835,347,387,41,0,346,386,8348,1,0,0,1,1
2020-09-21,US,Georgia,Haralson,444,8,0,33.79602175,-85.21005667,13143.0,1490.3329752953814,1.8018018018018016,436,438,8,0,430,433,29533,6,0,0,6,5
2020-09-21,US,Georgia,Harris,777,21,0,32.73709786,-84.90538572,13145.0,2205.1311159041893,2.702702702702702,756,777,21,0,756,774,34475,0,0,0,0,3
2020-09-21,US,Georgia,Hart,486,13,0,34.34626973,-82.96567682,13147.0,1854.607899255867,2.674897119341564,473,484,13,0,471,483,26099,2,0,0,2,1
2020-09-21,US,Georgia,Heard,189,5,0,33.29686567,-85.12886832,13149.0,1585.171517235595,2.6455026455026456,184,189,5,0,184,189,11879,0,0,0,0,0
2020-09-21,US,Georgia,Henry,4994,98,0,33.4533428,-84.14814659999998,13151.0,2129.0836925149533,1.9623548257909489,4896,4977,98,0,4879,4947,230220,17,0,0,17,30
2020-09-21,US,Georgia,Houston,3058,77,0,32.45802497,-83.66879087,13153.0,1937.1226949950274,2.5179856115107917,2981,3043,77,0,2966,3027,155469,15,0,0,15,16
2020-09-21,US,Georgia,Irwin,285,4,0,31.60213036,-83.27501387,13155.0,3026.762956669498,1.4035087719298245,281,284,4,0,280,283,9398,1,0,0,1,1
2020-09-21,US,Georgia,Jackson,1894,30,0,34.13794553,-83.56814788,13157.0,2595.3382572591363,1.5839493136219642,1864,1883,30,0,1853,1874,70422,11,0,0,11,9
2020-09-21,US,Georgia,Jasper,210,4,0,33.31535543,-83.68844964,13159.0,1476.8971095013715,1.9047619047619049,206,210,4,0,206,209,14040,0,0,0,0,1
2020-09-21,US,Georgia,Jeff Davis,704,19,0,31.80405727,-82.63724870000001,13161.0,4657.624875951042,2.698863636363636,685,703,19,0,684,702,15029,1,0,0,1,1
2020-09-21,US,Georgia,Jefferson,775,23,0,33.05867328,-82.41609057,13163.0,5044.916026559042,2.967741935483871,752,767,23,0,744,767,15430,8,0,0,8,0
2020-09-21,US,Georgia,Jenkins,398,29,0,32.79248718,-81.96040187,13165.0,4587.367450437991,7.286432160804019,369,396,29,0,367,396,8683,2,0,0,2,0
2020-09-21,US,Georgia,Johnson,411,22,0,32.70211082,-82.66166794,13167.0,4262.159079124754,5.35279805352798,389,410,22,0,388,410,9708,1,0,0,1,0
2020-09-21,US,Georgia,Jones,532,8,0,33.02512137,-83.56019163,13169.0,1851.4007308160776,1.5037593984962403,524,532,8,0,524,528,28616,0,0,0,0,4
2020-09-21,US,Georgia,Lamar,351,17,0,33.07841647,-84.14263877,13171.0,1839.9119358389685,4.843304843304844,334,351,17,0,334,350,19000,0,0,0,0,1
2020-09-21,US,Georgia,Lanier,294,5,0,31.03828570000001,-83.06472457,13173.0,2820.685023505709,1.7006802721088434,289,294,5,0,289,292,10340,0,0,0,0,2
2020-09-21,US,Georgia,Laurens,1587,62,0,32.46325233,-82.92221316,13175.0,3337.8202162116686,3.906742281033397,1525,1586,62,0,1524,1578,47325,1,0,0,1,8
2020-09-21,US,Georgia,Lee,698,25,0,31.779330600000005,-84.14324253,13177.0,2327.287276607095,3.5816618911174785,673,693,25,0,668,690,29764,5,0,0,5,3
2020-09-21,US,Georgia,Liberty,1064,22,0,31.82588896,-81.49251135,13179.0,1731.9117766745346,2.0676691729323307,1042,1062,22,0,1040,1060,61497,2,0,0,2,2
2020-09-21,US,Georgia,Lincoln,212,7,0,33.79201475,-82.45024131,13181.0,2676.429743719227,3.30188679245283,205,210,7,0,203,207,7915,2,0,0,2,3
2020-09-21,US,Georgia,Long,231,3,0,31.75218791,-81.74952375,13183.0,1181.0419755611229,1.2987012987012987,228,230,3,0,227,230,18998,1,0,0,1,0
2020-09-21,US,Georgia,Lowndes,3818,76,0,30.83568832,-83.27056716,13185.0,3251.9632727458556,1.990570979570456,3742,3814,76,0,3738,3803,116321,4,0,0,4,11
2020-09-21,US,Georgia,Lumpkin,881,14,0,34.57286511,-84.00425681,13187.0,2621.243677476941,1.5891032917139614,867,874,14,0,860,872,32955,7,0,0,7,2
2020-09-21,US,Georgia,Macon,227,10,0,32.35207048,-84.04234127,13193.0,1753.3019232254574,4.405286343612334,217,227,10,0,217,227,13143,0,0,0,0,0
2020-09-21,US,Georgia,Madison,667,8,0,34.12920917,-83.21218732,13195.0,2232.2623828647925,1.199400299850075,659,664,8,0,656,659,29650,3,0,0,3,5
2020-09-21,US,Georgia,Marion,187,8,0,32.3483402,-84.52733571,13197.0,2237.1097021174787,4.2780748663101615,179,187,8,0,179,185,8351,0,0,0,0,2
2020-09-21,US,Georgia,McDuffie,580,13,0,33.47851918,-82.48252774,13189.0,2721.4714714714714,2.2413793103448274,567,579,13,0,566,579,21531,1,0,0,1,0
2020-09-21,US,Georgia,McIntosh,282,7,0,31.49683595,-81.40163426,13191.0,1961.3298094310755,2.482269503546099,275,282,7,0,275,282,14340,0,0,0,0,0
2020-09-21,US,Georgia,Meriwether,536,12,0,33.04163534,-84.68859732,13199.0,2532.24358671517,2.238805970149253,524,534,12,0,522,532,21068,2,0,0,2,2
2020-09-21,US,Georgia,Miller,243,1,0,31.16568912,-84.73151117,13201.0,4249.737670514166,0.41152263374485604,242,241,1,0,240,241,5686,2,0,0,2,0
2020-09-21,US,Georgia,Mitchell,782,45,0,31.22483255,-84.19381821,13205.0,3576.8192837213555,5.7544757033248075,737,779,45,0,734,775,22192,3,0,0,3,4
2020-09-21,US,Georgia,Monroe,660,48,0,33.014289,-83.92097166,13207.0,2393.2119805642183,7.272727272727272,612,659,48,0,611,656,27520,1,0,0,1,3
2020-09-21,US,Georgia,Montgomery,292,5,0,32.17201038,-82.53527476,13209.0,3183.602267771478,1.7123287671232876,287,292,5,0,287,291,9193,0,0,0,0,1
2020-09-21,US,Georgia,Morgan,472,2,0,33.59232073,-83.49129491,13211.0,2448.6407968458193,0.42372881355932196,470,470,2,0,468,468,18853,2,0,0,2,2
2020-09-21,US,Georgia,Murray,796,5,0,34.78897608,-84.74993177,13213.0,1985.2354349561053,0.628140703517588,791,795,5,0,790,793,39921,1,0,0,1,2
2020-09-21,US,Georgia,Muscogee,5874,163,0,32.50931999,-84.87142262,13215.0,3000.475049675893,2.7749404153898536,5711,5864,163,0,5701,5849,194160,10,0,0,10,15
2020-09-21,US,Georgia,Newton,2535,80,0,33.55514538,-83.84547140000002,13217.0,2268.578178694158,3.1558185404339247,2455,2529,80,0,2449,2519,109541,6,0,0,6,10
2020-09-21,US,Georgia,Oconee,716,26,0,33.83749973,-83.43679568,13219.0,1777.5571002979145,3.6312849162011163,690,708,26,0,682,706,39272,8,0,0,8,2
2020-09-21,US,Georgia,Oglethorpe,319,11,0,33.878629600000004,-83.08278123,13221.0,2090.5694999672323,3.4482758620689653,308,317,11,0,306,314,15054,2,0,0,2,3
2020-09-21,US,Georgia,Out of GA,17364,149,0,0.0,0.0,80013.0,0.0,0.8580972126238194,17215,17059,149,0,16910,16962,,305,0,0,305,97
2020-09-21,US,Georgia,Paulding,2717,49,0,33.91969522,-84.86848792,13223.0,1610.8663816869928,1.8034596981965405,2668,2716,49,0,2667,2707,164044,1,0,0,1,9
2020-09-21,US,Georgia,Peach,659,21,0,32.56934316,-83.82937,13225.0,2392.361867421768,3.1866464339908958,638,658,21,0,637,655,27297,1,0,0,1,3
2020-09-21,US,Georgia,Pickens,603,10,0,34.46589159,-84.46406611,13227.0,1850.2040440612438,1.658374792703151,593,602,10,0,592,600,31980,1,0,0,1,2
2020-09-21,US,Georgia,Pierce,591,17,0,31.35928155,-82.21598442,13229.0,3036.218854353969,2.8764805414551606,574,591,17,0,574,589,19389,0,0,0,0,2
2020-09-21,US,Georgia,Pike,315,9,0,33.09310242,-84.38790389,13231.0,1661.2171711844742,2.8571428571428568,306,314,9,0,305,311,18634,1,0,0,1,3
2020-09-21,US,Georgia,Polk,1409,17,0,34.00267074,-85.18677781,13233.0,3306.502710440476,1.20652945351313,1392,1400,17,0,1383,1396,42470,9,0,0,9,4
2020-09-21,US,Georgia,Pulaski,310,13,0,32.23334561,-83.47549959999998,13235.0,2783.514411421388,4.193548387096774,297,311,13,0,298,310,11069,-1,0,0,-1,1
2020-09-21,US,Georgia,Putnam,676,23,0,33.32056115,-83.37552891,13237.0,3056.1960305619605,3.4023668639053253,653,676,23,0,653,674,21809,0,0,0,0,2
2020-09-21,US,Georgia,Quitman,32,1,0,31.86728114,-85.01773177,13239.0,1391.9095258808175,3.125,31,32,1,0,31,31,2279,0,0,0,0,1
2020-09-21,US,Georgia,Rabun,321,7,0,34.88389445,-83.40304637,13241.0,1873.1399894964115,2.1806853582554515,314,320,7,0,313,316,16867,1,0,0,1,4
2020-09-21,US,Georgia,Randolph,331,28,0,31.76622818,-84.75732369,13243.0,4883.446444378873,8.459214501510575,303,331,28,0,303,331,6833,0,0,0,0,0
2020-09-21,US,Georgia,Richmond,6900,153,0,33.35777107,-82.07026432,13245.0,3407.104553669304,2.217391304347826,6747,6867,153,0,6714,6834,201554,33,0,0,33,33
2020-09-21,US,Georgia,Rockdale,1817,35,0,33.65145002,-84.02202167,13247.0,1998.9878542510119,1.9262520638414966,1782,1811,35,0,1776,1806,90594,6,0,0,6,5
2020-09-21,US,Georgia,Schley,104,2,0,32.2654021,-84.31258912,13249.0,1978.3146281148945,1.9230769230769231,102,104,2,0,102,104,5236,0,0,0,0,0
2020-09-21,US,Georgia,Screven,389,9,0,32.74976524,-81.60779441,13251.0,2785.335815552055,2.3136246786632397,380,380,9,0,371,372,13938,9,0,0,9,8
2020-09-21,US,Georgia,Seminole,347,9,0,30.93464824,-84.86823924,13253.0,4289.245982694685,2.5936599423631126,338,344,9,0,335,343,8315,3,0,0,3,1
2020-09-21,US,Georgia,Spalding,1289,56,0,33.26310031,-84.28013991,13255.0,1932.446816485016,4.3444530643910015,1233,1279,56,0,1223,1278,66100,10,0,0,10,1
2020-09-21,US,Georgia,Stephens,1017,33,0,34.55151201,-83.29405315,13257.0,3922.8543876567023,3.2448377581120944,984,1000,33,0,967,992,26035,17,0,0,17,8
2020-09-21,US,Georgia,Stewart,462,13,0,32.07996777,-84.83208037,13259.0,6977.7979157227,2.813852813852814,449,462,13,0,449,462,6199,0,0,0,0,0
2020-09-21,US,Georgia,Sumter,919,60,0,32.03650571,-84.19821492,13261.0,3112.721853407397,6.528835690968443,859,919,60,0,859,918,29733,0,0,0,0,1
2020-09-21,US,Georgia,Talbot,159,5,0,32.69642758,-84.53351366,13263.0,2566.5859564164653,3.1446540880503147,154,158,5,0,153,158,6272,1,0,0,1,0
2020-09-21,US,Georgia,Taliaferro,21,0,0,33.56543317,-82.88136816,13265.0,1366.2979830839295,0.0,21,21,0,0,21,21,1608,0,0,0,0,0
2020-09-21,US,Georgia,Tattnall,792,9,0,32.04785085,-82.05539188,13267.0,3132.1679981017164,1.1363636363636365,783,788,9,0,779,779,25391,4,0,0,4,9
2020-09-21,US,Georgia,Taylor,205,9,0,32.55792548,-84.25077141,13269.0,2556.1097256857856,4.390243902439025,196,204,9,0,195,204,8039,1,0,0,1,0
2020-09-21,US,Georgia,Telfair,379,17,0,31.92829517,-82.93491155,13271.0,2389.6595208070617,4.485488126649076,362,379,17,0,362,377,15876,0,0,0,0,2
2020-09-21,US,Georgia,Terrell,326,31,0,31.77527543,-84.44069698,13273.0,3821.357402414723,9.509202453987731,295,326,31,0,295,326,8611,0,0,0,0,0
2020-09-21,US,Georgia,Thomas,1476,58,0,30.86392347,-83.91847289,13275.0,3320.5102247418504,3.9295392953929538,1418,1474,58,0,1416,1471,44448,2,0,0,2,3
2020-09-21,US,Georgia,Tift,1697,56,0,31.45743864,-83.5236119,13277.0,4175.278023816552,3.2999410724808484,1641,1693,56,0,1637,1688,40571,4,0,0,4,5
2020-09-21,US,Georgia,Toombs,1279,43,0,32.12059861,-82.32957247,13279.0,4767.051807677973,3.3620015637216576,1236,1277,43,0,1234,1277,26887,2,0,0,2,0
2020-09-21,US,Georgia,Towns,304,8,0,34.91369188,-83.74107459999998,13281.0,2525.546232449946,2.631578947368421,296,297,8,0,289,297,11852,7,0,0,7,0
2020-09-21,US,Georgia,Treutlen,244,8,0,32.40422134,-82.56904553,13283.0,3535.719460947689,3.278688524590164,236,244,8,0,236,244,6809,0,0,0,0,0
2020-09-21,US,Georgia,Troup,2758,93,0,33.03349196,-85.02812115,13285.0,3944.395183204141,3.3720087019579403,2665,2754,93,0,2661,2752,70034,4,0,0,4,2
2020-09-21,US,Georgia,Turner,293,22,0,31.71612656,-83.62069378,13287.0,3669.380087664371,7.508532423208192,271,293,22,0,271,292,7912,0,0,0,0,1
2020-09-21,US,Georgia,Twiggs,184,7,0,32.67435595,-83.43078662,13289.0,2266.009852216749,3.804347826086957,177,184,7,0,177,183,8188,0,0,0,0,1
2020-09-21,US,Georgia,Unassigned,2386,5,0,0.0,0.0,90013.0,0.0,0.2095557418273261,2381,2386,5,0,2381,2399,,0,0,0,0,-13
2020-09-21,US,Georgia,Union,675,17,0,34.82995757,-83.98967069,13291.0,2753.865611358165,2.5185185185185186,658,666,17,0,649,660,24001,9,0,0,9,6
2020-09-21,US,Georgia,Upson,755,59,0,32.87920671,-84.30024826,13293.0,2868.5410334346507,7.81456953642384,696,751,59,0,692,749,26215,4,0,0,4,2
2020-09-21,US,Georgia,Walker,1470,30,0,34.73376362,-85.30165174,13295.0,2107.194564298104,2.0408163265306123,1440,1465,29,0,1436,1426,69410,5,1,0,4,39
2020-09-21,US,Georgia,Walton,1742,53,0,33.78017694,-83.73552314,13297.0,1841.5739008171847,3.0424799081515497,1689,1739,52,0,1687,1733,93503,3,1,0,2,6
2020-09-21,US,Georgia,Ware,1465,53,0,31.05449097,-82.42224148,13299.0,4099.736945206246,3.6177474402730376,1412,1463,53,0,1410,1461,35680,2,0,0,2,2
2020-09-21,US,Georgia,Warren,136,5,0,33.41146451,-82.67795848,13301.0,2588.503996954701,3.6764705882352944,131,135,5,0,130,131,5251,1,0,0,1,4
2020-09-21,US,Georgia,Washington,654,8,0,32.96711864,-82.79357039,13303.0,3209.9734956316875,1.2232415902140672,646,654,8,0,646,650,20386,0,0,0,0,4
2020-09-21,US,Georgia,Wayne,1092,27,0,31.5521809,-81.91894878,13305.0,3648.8789387509614,2.4725274725274726,1065,1089,27,0,1062,1087,29808,3,0,0,3,2
2020-09-21,US,Georgia,Webster,43,2,0,32.04066113,-84.54742852,13307.0,1649.4054468738013,4.651162790697675,41,43,2,0,41,43,2611,0,0,0,0,0
2020-09-21,US,Georgia,Wheeler,322,11,0,32.12009104,-82.72574721,13309.0,4099.299809038829,3.4161490683229814,311,322,11,0,311,322,7879,0,0,0,0,0
2020-09-21,US,Georgia,White,727,17,0,34.64624278,-83.74905525,13311.0,2360.54289239561,2.3383768913342498,710,723,17,0,706,721,29970,4,0,0,4,2
2020-09-21,US,Georgia,Whitfield,4457,60,0,34.80987459,-84.96093476,13313.0,4259.853958787323,1.3461969934933813,4397,4451,60,0,4391,4436,104062,6,0,0,6,15
2020-09-21,US,Georgia,Wilcox,245,20,0,31.97496928,-83.43438555,13315.0,2837.2900984365947,8.16326530612245,225,245,20,0,225,243,8812,0,0,0,0,2
2020-09-21,US,Georgia,Wilkes,260,4,0,33.78290391,-82.74286107,13317.0,2659.302444512632,1.5384615384615383,256,260,4,0,256,259,9876,0,0,0,0,1
2020-09-21,US,Georgia,Wilkinson,332,17,0,32.80291082,-83.17140684,13319.0,3707.840071476435,5.120481927710842,315,332,17,0,315,332,9036,0,0,0,0,0
2020-09-21,US,Georgia,Worth,523,29,0,31.55162306,-83.85090513,13321.0,2583.098730676149,5.544933078393881,494,522,29,0,493,520,20299,1,0,0,1,2
2020-09-21,US,Hawaii,Hawaii,651,15,0,19.60121157,-155.5210167,15001.0,323.05608074913283,2.3041474654377883,636,644,15,0,629,639,200983,7,0,0,7,5
2020-09-21,US,Hawaii,Honolulu,10338,95,0,21.45803166,-157.97121819999995,15003.0,1060.7831407512906,0.9189398336235248,10243,10289,95,0,10194,10218,980080,49,0,0,49,71
2020-09-21,US,Hawaii,Kauai,57,0,0,22.03935037,-159.5966786,15007.0,78.84580803120635,0.0,57,57,0,0,57,57,72133,0,0,0,0,0
2020-09-21,US,Hawaii,Maui,385,9,0,20.86399628,-156.56890969999995,15009.0,229.9646989254377,2.3376623376623376,376,385,9,0,376,384,167207,0,0,0,0,1
2020-09-21,US,Hawaii,Out of HI,28,1,0,0.0,0.0,80015.0,0.0,3.571428571428572,27,28,1,0,27,28,,0,0,0,0,0
2020-09-21,US,Idaho,Ada,12417,145,0,43.4526575,-116.24155159999998,16001.0,2578.350329224003,1.1677538858017231,12272,12351,145,0,12206,12321,469966,66,0,0,66,30
2020-09-21,US,Idaho,Adams,28,1,0,44.89333571,-116.4545247,16003.0,652.0726595249182,3.571428571428572,27,28,1,0,27,28,4250,0,0,0,0,0
2020-09-21,US,Idaho,Bannock,900,4,0,42.67002716,-112.2233311,16005.0,1024.963556851312,0.4444444444444444,896,893,4,0,889,870,87138,7,0,0,7,23
2020-09-21,US,Idaho,Bear Lake,35,1,0,42.28269683,-111.32892379999998,16007.0,571.4285714285714,2.8571428571428568,34,35,0,0,35,32,6050,0,1,0,-1,3
2020-09-21,US,Idaho,Benewah,137,3,0,47.21754179,-116.6586851,16009.0,1473.4351473435147,2.18978102189781,134,136,3,0,133,136,9226,1,0,0,1,0
2020-09-21,US,Idaho,Bingham,766,10,0,43.21672879999999,-112.3978437,16011.0,1636.3675204545941,1.3054830287206267,756,747,10,0,737,718,46236,19,0,0,19,29
2020-09-21,US,Idaho,Blaine,638,6,0,43.4085812,-113.9752658,16013.0,2771.382650623344,0.9404388714733544,632,631,6,0,625,630,22601,7,0,0,7,1
2020-09-21,US,Idaho,Boise,66,1,0,43.98829931,-115.7309284,16015.0,842.8042395607202,1.5151515151515151,65,66,1,0,65,66,7634,0,0,0,0,0
2020-09-21,US,Idaho,Bonner,293,0,0,48.29996017,-116.6017932,16017.0,640.5911803931,0.0,293,283,0,0,283,283,44727,10,0,0,10,0
2020-09-21,US,Idaho,Bonneville,2464,15,0,43.38713372,-111.6161537,16019.0,2069.5100031916145,0.6087662337662337,2449,2452,15,0,2437,2417,116854,12,0,0,12,35
2020-09-21,US,Idaho,Boundary,56,1,0,48.76684761,-116.4630179,16021.0,457.32952225398117,1.7857142857142858,55,56,1,0,55,56,11948,0,0,0,0,0
2020-09-21,US,Idaho,Butte,27,0,0,43.72592209,-113.1735463,16023.0,1039.661147477859,0.0,27,27,0,0,27,26,2611,0,0,0,0,1
2020-09-21,US,Idaho,Camas,21,0,0,43.46665742,-114.8065892,16025.0,1898.73417721519,0.0,21,20,0,0,20,20,1127,1,0,0,1,0
2020-09-21,US,Idaho,Canyon,7929,99,0,43.61970148,-116.70954990000001,16027.0,3449.656078555921,1.2485811577752557,7830,7896,99,0,7797,7873,223499,33,0,0,33,23
2020-09-21,US,Idaho,Caribou,96,0,0,42.77149116,-111.5597683,16029.0,1341.7190775681345,0.0,96,96,0,0,96,94,7060,0,0,0,0,2
2020-09-21,US,Idaho,Cassia,639,5,0,42.28347888,-113.6012409,16031.0,2659.176029962546,0.7824726134585289,634,634,5,0,629,632,23864,5,0,0,5,2
2020-09-21,US,Idaho,Clark,31,0,0,44.28496071,-112.35057040000001,16033.0,3668.639053254438,0.0,31,31,0,0,31,31,852,0,0,0,0,0
2020-09-21,US,Idaho,Clearwater,34,0,0,46.67459924,-115.6622393,16035.0,388.3051621745089,0.0,34,30,0,0,30,30,8758,4,0,0,4,0
2020-09-21,US,Idaho,Custer,57,1,0,44.24186819,-114.2855494,16037.0,1320.9733487833141,1.7543859649122806,56,57,0,0,57,57,4280,0,1,0,-1,0
2020-09-21,US,Idaho,Elmore,321,3,0,43.3507101,-115.4701578,16039.0,1166.806004870779,0.9345794392523364,318,319,3,0,316,318,27259,2,0,0,2,1
2020-09-21,US,Idaho,Franklin,85,0,0,42.18332217,-111.81496659999999,16041.0,612.5684635341597,0.0,85,85,0,0,85,79,13726,0,0,0,0,6
2020-09-21,US,Idaho,Fremont,161,3,0,44.22800938,-111.48099429999999,16043.0,1229.1014581265745,1.8633540372670807,158,161,3,0,158,156,13168,0,0,0,0,5
2020-09-21,US,Idaho,Gem,276,2,0,44.06482372,-116.398376,16045.0,1523.851590106007,0.7246376811594203,274,271,2,0,269,270,17634,5,0,0,5,1
2020-09-21,US,Idaho,Gooding,263,1,0,42.96927962,-114.81083059999999,16047.0,1732.6569602740628,0.3802281368821293,262,263,1,0,262,263,15196,0,0,0,0,0
2020-09-21,US,Idaho,Idaho,179,0,0,45.84721541,-115.4634436,16049.0,1073.9785204295913,0.0,179,88,0,0,88,88,16513,91,0,0,91,0
2020-09-21,US,Idaho,Jefferson,489,1,0,43.82078483,-112.3131749,16051.0,1637.0392688560812,0.20449897750511248,488,483,1,0,482,471,29439,6,0,0,6,12
2020-09-21,US,Idaho,Jerome,728,7,0,42.68891267,-114.2655033,16053.0,2982.139931181386,0.9615384615384616,721,724,7,0,717,721,24015,4,0,0,4,3
2020-09-21,US,Idaho,Kootenai,2504,35,0,47.67282258,-116.7020872,16055.0,1511.1921157293134,1.3977635782747604,2469,2474,33,0,2441,2474,161505,30,2,0,28,0
2020-09-21,US,Idaho,Latah,324,0,0,46.81587887,-116.71136979999999,16057.0,807.8188889997008,0.0,324,310,0,0,310,310,40134,14,0,0,14,0
2020-09-21,US,Idaho,Lemhi,76,0,0,44.9438088,-113.9309747,16059.0,946.8045346954027,0.0,76,72,0,0,72,73,7961,4,0,0,4,-1
2020-09-21,US,Idaho,Lewis,12,0,0,46.23315327,-116.434146,16061.0,312.66284523189165,0.0,12,12,0,0,12,12,3861,0,0,0,0,0
2020-09-21,US,Idaho,Lincoln,87,0,0,43.0012336,-114.1358773,16063.0,1621.319418561312,0.0,87,87,0,0,87,87,5360,0,0,0,0,0
2020-09-21,US,Idaho,Madison,510,1,0,43.78141028,-111.65384740000002,16065.0,1277.971283233518,0.19607843137254904,509,486,1,0,485,462,39304,24,0,0,24,24
2020-09-21,US,Idaho,Minidoka,628,7,0,42.85518524,-113.6357257,16067.0,2984.932743951709,1.1146496815286624,621,620,7,0,613,617,20825,8,0,0,8,3
2020-09-21,US,Idaho,Nez Perce,402,24,0,46.32638236,-116.75009750000001,16069.0,994.8525044545636,5.970149253731344,378,390,24,0,366,390,40408,12,0,0,12,0
2020-09-21,US,Idaho,Oneida,23,0,0,42.19494279999999,-112.5407838,16071.0,507.6142131979696,0.0,23,23,0,0,23,23,4488,0,0,0,0,0
2020-09-21,US,Idaho,Owyhee,323,5,0,42.58016894,-116.16938710000001,16073.0,2731.9631227268883,1.547987616099071,318,323,5,0,318,323,11693,0,0,0,0,0
2020-09-21,US,Idaho,Payette,814,6,0,44.00545243,-116.7647695,16075.0,3398.6054862009937,0.7371007371007371,808,812,6,0,806,805,23551,2,0,0,2,7
2020-09-21,US,Idaho,Power,207,1,0,42.69254894,-112.83957420000002,16077.0,2694.961593542508,0.4830917874396135,206,205,1,0,204,194,7768,2,0,0,2,11
2020-09-21,US,Idaho,Shoshone,213,18,0,47.35364087,-115.89167490000001,16079.0,1653.4699580810434,8.450704225352112,195,212,18,0,194,212,12796,1,0,0,1,0
2020-09-21,US,Idaho,Teton,144,0,0,43.75303583,-111.2056773,16081.0,1185.9660681930486,0.0,144,143,0,0,143,142,11640,1,0,0,1,1
2020-09-21,US,Idaho,Twin Falls,2072,35,0,42.35440512,-114.6685381,16083.0,2384.953613112641,1.6891891891891893,2037,2037,35,0,2002,2020,86081,35,0,0,35,17
2020-09-21,US,Idaho,Unassigned,3,0,0,0.0,0.0,90016.0,0.0,0.0,3,3,0,0,3,3,,0,0,0,0,0
2020-09-21,US,Idaho,Valley,87,1,0,44.76728382,-115.5676773,16085.0,763.6938202247189,1.1494252873563218,86,86,1,0,85,86,11041,1,0,0,1,0
2020-09-21,US,Idaho,Washington,336,5,0,44.45275475,-116.78476880000001,16087.0,3296.05650382578,1.488095238095238,331,333,5,0,328,328,10161,3,0,0,3,5
2020-09-21,US,Illinois,Adams,990,10,0,39.98815591,-91.18786813,17001.0,1512.9517842133414,1.0101010101010102,980,981,10,0,971,971,65691,9,0,0,9,10
2020-09-21,US,Illinois,Alexander,71,1,0,37.18049267,-89.32910838,17003.0,1232.4249262280855,1.4084507042253518,70,71,1,0,70,69,6060,0,0,0,0,2
2020-09-21,US,Illinois,Bond,290,4,0,38.88829622,-89.43534887,17005.0,1765.4937294533054,1.3793103448275863,286,288,4,0,284,286,16630,2,0,0,2,2
2020-09-21,US,Illinois,Boone,1033,23,0,42.32359279,-88.82345779,17007.0,1929.2544449424768,2.226524685382381,1010,1026,23,0,1003,1012,53577,7,0,0,7,14
2020-09-21,US,Illinois,Brown,39,0,0,39.96209138,-90.75068024,17009.0,592.8853754940711,0.0,39,37,0,0,37,36,6556,2,0,0,2,1
2020-09-21,US,Illinois,Bureau,580,11,0,41.40385234,-89.5283051,17011.0,1777.6143189898246,1.8965517241379308,569,573,11,0,562,567,32993,7,0,0,7,6
2020-09-21,US,Illinois,Calhoun,40,0,0,39.16840183,-90.66330078,17013.0,844.0599282549061,0.0,40,37,0,0,37,35,4802,3,0,0,3,2
2020-09-21,US,Illinois,Carroll,204,4,0,42.06823429,-89.93395545,17015.0,1426.074799021321,1.96078431372549,200,204,4,0,200,204,14312,0,0,0,0,0
2020-09-21,US,Illinois,Cass,384,11,0,39.96991073,-90.24734436,17017.0,3161.27438873796,2.864583333333333,373,384,11,0,373,380,12260,0,0,0,0,4
2020-09-21,US,Illinois,Champaign,4379,20,0,40.13919438,-88.20046615,17019.0,2088.3308137289027,0.4567252797442338,4359,4330,20,0,4310,4320,209983,49,0,0,49,10
2020-09-21,US,Illinois,Christian,438,10,0,39.54581621,-89.27780482,17021.0,1355.8692421991084,2.2831050228310503,428,427,10,0,417,427,32661,11,0,0,11,0
2020-09-21,US,Illinois,Clark,147,2,0,39.33425789,-87.78705622,17023.0,952.0108801243442,1.3605442176870748,145,147,2,0,145,146,15596,0,0,0,0,1
2020-09-21,US,Illinois,Clay,141,0,0,38.75388572,-88.48914513,17025.0,1069.478155339806,0.0,141,138,0,0,138,138,13253,3,0,0,3,0
2020-09-21,US,Illinois,Clinton,1071,20,0,38.60704876,-89.42385254,17027.0,2851.285874021617,1.8674136321195145,1051,1064,20,0,1044,1051,37639,7,0,0,7,13
2020-09-21,US,Illinois,Coles,1354,28,0,39.51949084,-88.22358557,17029.0,2674.779241816637,2.06794682422452,1326,1349,28,0,1321,1342,50885,5,0,0,5,7
2020-09-21,US,Illinois,Cook,139583,5167,0,41.84144849,-87.81658794,17031.0,2710.226896530701,3.7017401832601387,134416,139088,5162,0,133926,138576,5180493,495,5,0,490,512
2020-09-21,US,Illinois,Crawford,389,1,0,39.0032229,-87.75954624,17033.0,2083.8913590828734,0.2570694087403599,388,352,1,0,351,348,18807,37,0,0,37,4
2020-09-21,US,Illinois,Cumberland,196,4,0,39.27432424,-88.2401158,17035.0,1820.5461638491547,2.0408163265306123,192,196,4,0,192,193,10808,0,0,0,0,3
2020-09-21,US,Illinois,De Witt,101,1,0,40.17514519,-88.90959682,17039.0,645.8626422816218,0.99009900990099,100,100,1,0,99,97,15769,1,0,0,1,3
2020-09-21,US,Illinois,DeKalb,1465,38,0,41.89373302,-88.76958483,17037.0,1396.6081012803036,2.5938566552901023,1427,1440,38,0,1402,1424,104143,25,0,0,25,16
2020-09-21,US,Illinois,Douglas,280,6,0,39.76768052,-88.21854195,17041.0,1438.4793218597486,2.142857142857143,274,275,6,0,269,273,19479,5,0,0,5,2
2020-09-21,US,Illinois,DuPage,16799,550,0,41.85116968,-88.08642662,17043.0,1820.1991286361454,3.2740044050241086,16249,16694,550,0,16144,16622,928589,105,0,0,105,72
2020-09-21,US,Illinois,Edgar,109,7,0,39.6809186,-87.74759563,17045.0,635.1611211467863,6.422018348623853,102,109,7,0,102,109,17360,0,0,0,0,0
2020-09-21,US,Illinois,Edwards,61,0,0,38.41353228,-88.05720863,17047.0,953.8702111024236,0.0,61,60,0,0,60,60,6392,1,0,0,1,0
2020-09-21,US,Illinois,Effingham,825,1,0,39.05935711,-88.58969584,17049.0,2425.899788285109,0.12121212121212123,824,820,1,0,819,809,34208,5,0,0,5,11
2020-09-21,US,Illinois,Fayette,346,3,0,39.00072038,-89.02452658,17051.0,1621.6722909636294,0.8670520231213873,343,339,3,0,336,306,21416,7,0,0,7,33
2020-09-21,US,Illinois,Ford,98,5,0,40.59706922,-88.22350769,17053.0,756.1144973381682,5.1020408163265305,93,98,4,0,94,94,13264,0,1,0,-1,4
2020-09-21,US,Illinois,Franklin,494,2,0,37.99189086,-88.92567818,17055.0,1284.1508747303023,0.4048582995951417,492,489,2,0,487,477,38701,5,0,0,5,12
2020-09-21,US,Illinois,Fulton,145,0,0,40.47289135,-90.20862357,17057.0,422.2481071636576,0.0,145,144,0,0,144,144,34844,1,0,0,1,0
2020-09-21,US,Illinois,Gallatin,67,2,0,37.76430935,-88.22953869,17059.0,1387.738193869097,2.985074626865672,65,67,2,0,65,68,5058,0,0,0,0,-1
2020-09-21,US,Illinois,Greene,208,6,0,39.35907414,-90.388865,17061.0,1603.8245045878634,2.8846153846153846,202,208,6,0,202,207,13044,0,0,0,0,1
2020-09-21,US,Illinois,Grundy,627,5,0,41.28569601,-88.41905692,17063.0,1228.1114114467034,0.7974481658692185,622,627,5,0,622,625,50972,0,0,0,0,2
2020-09-21,US,Illinois,Hamilton,67,0,0,38.08163641,-88.53883373,17065.0,825.5298176441597,0.0,67,67,0,0,67,65,8163,0,0,0,0,2
2020-09-21,US,Illinois,Hancock,187,3,0,40.40423981,-91.16313899,17067.0,1056.0198780212334,1.60427807486631,184,192,3,0,189,183,17844,-5,0,0,-5,9
2020-09-21,US,Illinois,Hardin,35,0,0,37.51810645,-88.26873022,17069.0,915.9905783826224,0.0,35,34,0,0,34,34,3910,1,0,0,1,0
2020-09-21,US,Illinois,Henderson,63,0,0,40.81908672,-90.92491462,17071.0,947.9386096900392,0.0,63,62,0,0,62,62,6709,1,0,0,1,0
2020-09-21,US,Illinois,Henry,622,5,0,41.3533994,-90.13296166,17073.0,1271.6455747960665,0.8038585209003215,617,616,5,0,611,614,49090,6,0,0,6,2
2020-09-21,US,Illinois,Iroquois,354,19,0,40.74717633,-87.82466784,17075.0,1305.5985837574685,5.367231638418079,335,352,19,0,333,348,27604,2,0,0,2,4
2020-09-21,US,Illinois,Jackson,1241,24,0,37.78595185,-89.38232563,17077.0,2186.7841409691628,1.93392425463336,1217,1236,24,0,1212,1225,57419,5,0,0,5,11
2020-09-21,US,Illinois,Jasper,198,9,0,39.01054275,-88.15437049,17079.0,2060.353798126951,4.545454545454546,189,196,9,0,187,192,9611,2,0,0,2,4
2020-09-21,US,Illinois,Jefferson,564,37,0,38.29980057,-88.9240025,17081.0,1496.656405901709,6.560283687943263,527,557,37,0,520,555,37820,7,0,0,7,2
2020-09-21,US,Illinois,Jersey,381,13,0,39.08869046,-90.35393073,17083.0,1749.873696780416,3.4120734908136483,368,380,13,0,367,378,21847,1,0,0,1,2
2020-09-21,US,Illinois,Jo Daviess,243,2,0,42.36542373,-90.21094405,17085.0,1144.3371791853074,0.8230452674897121,241,236,2,0,234,235,21366,7,0,0,7,1
2020-09-21,US,Illinois,Johnson,144,0,0,37.45939802,-88.88165419,17087.0,1159.7004107272287,0.0,144,144,0,0,144,144,12456,0,0,0,0,0
2020-09-21,US,Illinois,Kane,12657,325,0,41.93842729,-88.42861412,17089.0,2377.334462803553,2.5677490716599514,12332,12616,325,0,12291,12554,534216,41,0,0,41,62
2020-09-21,US,Illinois,Kankakee,2648,76,0,41.13746989,-87.86205334,17091.0,2410.2965538584767,2.8700906344410875,2572,2642,76,0,2566,2631,110024,6,0,0,6,11
2020-09-21,US,Illinois,Kendall,1909,25,0,41.59081014,-88.42869583,17093.0,1479.9596867974262,1.3095861707700367,1884,1903,25,0,1878,1879,127915,6,0,0,6,24
2020-09-21,US,Illinois,Knox,605,3,0,40.93148779,-90.21330340000002,17095.0,1217.32831646512,0.4958677685950413,602,598,3,0,595,581,50112,7,0,0,7,17
2020-09-21,US,Illinois,LaSalle,1616,55,0,41.34426129999999,-88.88633881,17099.0,1487.0846331520486,3.4034653465346536,1561,1608,55,0,1553,1590,109430,8,0,0,8,18
2020-09-21,US,Illinois,Lake,16405,485,0,42.3224907,-88.00367925,17097.0,2355.229816161428,2.9564157269125273,15920,16299,485,0,15814,16285,700832,106,0,0,106,14
2020-09-21,US,Illinois,Lawrence,249,2,0,38.71987914,-87.72884035,17101.0,1588.212782242633,0.8032128514056225,247,245,2,0,243,242,15765,4,0,0,4,3
2020-09-21,US,Illinois,Lee,330,1,0,41.74583951,-89.29977132,17103.0,967.8554669169403,0.30303030303030304,329,326,1,0,325,325,34223,4,0,0,4,1
2020-09-21,US,Illinois,Livingston,332,5,0,40.89188292,-88.55784752,17105.0,931.3285457809696,1.5060240963855422,327,313,5,0,308,312,35761,19,0,0,19,1
2020-09-21,US,Illinois,Logan,431,1,0,40.12581572,-89.36638784,17107.0,1506.0451464113494,0.2320185614849188,430,430,1,0,429,428,28925,1,0,0,1,2
2020-09-21,US,Illinois,Macon,1396,40,0,39.86064913,-88.96342505,17115.0,1342.1915411166342,2.8653295128939833,1356,1374,39,0,1335,1358,104712,22,1,0,21,16
2020-09-21,US,Illinois,Macoupin,496,7,0,39.26119767,-89.92424028,17117.0,1104.037750968259,1.4112903225806452,489,495,7,0,488,486,45313,1,0,0,1,9
2020-09-21,US,Illinois,Madison,5379,130,0,38.83042506,-89.90422563,17119.0,2045.5115870492764,2.4168060977876933,5249,5341,130,0,5211,5291,264461,38,0,0,38,50
2020-09-21,US,Illinois,Marion,512,0,0,38.64963204,-88.91899208,17121.0,1376.159118398065,0.0,512,495,0,0,495,491,37620,17,0,0,17,4
2020-09-21,US,Illinois,Marshall,94,0,0,41.0327901,-89.34510444,17123.0,821.8219968525966,0.0,94,94,0,0,94,92,11534,0,0,0,0,2
2020-09-21,US,Illinois,Mason,127,1,0,40.23917274,-89.91824452,17125.0,950.6699603263718,0.7874015748031497,126,127,1,0,126,122,13565,0,0,0,0,5
2020-09-21,US,Illinois,Massac,94,2,0,37.22078441,-88.71036614,17127.0,682.5442927679351,2.127659574468085,92,94,2,0,92,93,14080,0,0,0,0,1
2020-09-21,US,Illinois,McDonough,447,15,0,40.45674722,-90.67775541,17109.0,1505.9632100262784,3.355704697986577,432,445,15,0,430,444,29955,2,0,0,2,1
2020-09-21,US,Illinois,McHenry,4427,118,0,42.32451172,-88.45248227,17111.0,1438.3931066301898,2.6654619381070703,4309,4406,118,0,4288,4385,308570,21,0,0,21,21
2020-09-21,US,Illinois,McLean,3171,19,0,40.48996987,-88.84621113,17113.0,1848.7963292268405,0.5991800693787449,3152,3147,19,0,3128,3120,172828,24,0,0,24,27
2020-09-21,US,Illinois,Menard,118,0,0,40.02742725,-89.80246001,17129.0,967.5303378156772,0.0,118,115,0,0,115,115,12288,3,0,0,3,0
2020-09-21,US,Illinois,Mercer,126,5,0,41.20596782,-90.74290052,17131.0,816.220768283993,3.968253968253968,121,126,5,0,121,127,15601,0,0,0,0,-1
2020-09-21,US,Illinois,Monroe,627,15,0,38.27594376,-90.17761038,17133.0,1810.2029621503016,2.392344497607656,612,627,15,0,612,625,34335,0,0,0,0,2
2020-09-21,US,Illinois,Montgomery,326,13,0,39.23198845,-89.47809254,17135.0,1147.3217428028436,3.987730061349693,313,322,13,0,309,318,28601,4,0,0,4,4
2020-09-21,US,Illinois,Morgan,617,21,0,39.71654544,-90.20255104,17137.0,1833.1451660823584,3.4035656401944894,596,615,21,0,594,612,33976,2,0,0,2,3
2020-09-21,US,Illinois,Moultrie,208,3,0,39.64187451,-88.62099969,17139.0,1434.383835597545,1.4423076923076923,205,207,3,0,204,207,14717,1,0,0,1,0
2020-09-21,US,Illinois,Ogle,631,6,0,42.04165196,-89.32184679,17141.0,1245.9767391347275,0.9508716323296356,625,622,6,0,616,619,50923,9,0,0,9,3
2020-09-21,US,Illinois,Out of IL,5,0,0,0.0,0.0,80017.0,0.0,0.0,5,2,0,0,2,2,,3,0,0,3,0
2020-09-21,US,Illinois,Peoria,3225,48,0,40.78702156,-89.76078901,17143.0,1799.8761015520793,1.4883720930232558,3177,3208,48,0,3160,3174,180621,17,0,0,17,34
2020-09-21,US,Illinois,Perry,338,15,0,38.08510853,-89.36856219,17145.0,1615.9877605660736,4.437869822485207,323,337,15,0,322,332,21174,1,0,0,1,5
2020-09-21,US,Illinois,Piatt,129,0,0,40.01360584,-88.59319339,17147.0,789.28046989721,0.0,129,129,0,0,129,129,16396,0,0,0,0,0
2020-09-21,US,Illinois,Pike,110,1,0,39.62265059,-90.8877017,17149.0,706.8954437375488,0.9090909090909092,109,108,1,0,107,108,15611,2,0,0,2,0
2020-09-21,US,Illinois,Pope,26,1,0,37.41391284,-88.56152109,17151.0,622.4563083552789,3.8461538461538463,25,26,1,0,25,26,4212,0,0,0,0,0
2020-09-21,US,Illinois,Pulaski,157,1,0,37.22631423,-89.13085001,17153.0,2942.8303655107784,0.6369426751592356,156,156,1,0,155,156,5463,1,0,0,1,0
2020-09-21,US,Illinois,Putnam,49,0,0,41.2013541,-89.2869272,17155.0,853.8072834988674,0.0,49,43,0,0,43,42,5740,6,0,0,6,1
2020-09-21,US,Illinois,Randolph,922,11,0,38.05095369,-89.82512254,17157.0,2901.013152098672,1.193058568329718,911,915,11,0,904,911,32106,7,0,0,7,4
2020-09-21,US,Illinois,Richland,156,4,0,38.71240969,-88.08475366,17159.0,1005.6081995745503,2.5641025641025643,152,144,4,0,140,144,15763,12,0,0,12,0
2020-09-21,US,Illinois,Rock Island,2813,71,0,41.46613806,-90.57042164,17161.0,1982.6753783153247,2.5239957340917165,2742,2789,71,0,2718,2771,143477,24,0,0,24,18
2020-09-21,US,Illinois,Saline,266,3,0,37.75332999,-88.54119706,17165.0,1132.3485590226046,1.1278195488721805,263,256,3,0,253,245,23906,10,0,0,10,11
2020-09-21,US,Illinois,Sangamon,2246,44,0,39.75836914,-89.65872023,17167.0,1153.7355140955044,1.959038290293856,2202,2232,44,0,2188,2222,195348,14,0,0,14,10
2020-09-21,US,Illinois,Schuyler,44,0,0,40.157179799999994,-90.61114163,17169.0,650.1182033096927,0.0,44,44,0,0,44,44,6907,0,0,0,0,0
2020-09-21,US,Illinois,Scott,69,0,0,39.642916899999996,-90.47814431,17171.0,1393.6578468996163,0.0,69,69,0,0,69,67,4926,0,0,0,0,2
2020-09-21,US,Illinois,Shelby,348,4,0,39.39133527,-88.80611122,17173.0,1608.57908847185,1.1494252873563218,344,346,4,0,342,345,21741,2,0,0,2,1
2020-09-21,US,Illinois,St. Clair,6317,183,0,38.46996033,-89.93063427,17163.0,2432.553160355198,2.8969447522558176,6134,6278,183,0,6095,6239,261059,39,0,0,39,39
2020-09-21,US,Illinois,Stark,50,2,0,41.09309773,-89.79745866,17175.0,935.9790340696367,4.0,48,50,2,0,48,50,5427,0,0,0,0,0
2020-09-21,US,Illinois,Stephenson,470,6,0,42.35129217,-89.662598,17177.0,1056.2272461683674,1.2765957446808511,464,463,6,0,457,461,44753,7,0,0,7,2
2020-09-21,US,Illinois,Tazewell,1576,18,0,40.50716185,-89.51404662,17179.0,1195.7239213067987,1.1421319796954317,1558,1556,18,0,1538,1538,132328,20,0,0,20,18
2020-09-21,US,Illinois,Unassigned,2238,236,0,0.0,0.0,90017.0,0.0,10.545129579982127,2002,2238,236,0,2002,2241,,0,0,0,0,-3
2020-09-21,US,Illinois,Union,496,24,0,37.47119609,-89.25548938,17181.0,2978.442322704617,4.838709677419356,472,496,24,0,472,495,16841,0,0,0,0,1
2020-09-21,US,Illinois,Vermilion,619,4,0,40.18417171,-87.73384359,17183.0,817.0754243776234,0.6462035541195477,615,588,4,0,584,588,76806,31,0,0,31,0
2020-09-21,US,Illinois,Wabash,140,1,0,38.44272901,-87.84922065,17185.0,1215.2777777777776,0.7142857142857143,139,139,1,0,138,137,11549,1,0,0,1,2
2020-09-21,US,Illinois,Warren,305,2,0,40.84925021,-90.6147432,17187.0,1810.7337924483493,0.6557377049180327,303,304,2,0,302,300,17032,1,0,0,1,4
2020-09-21,US,Illinois,Washington,193,1,0,38.35309213,-89.40982703,17189.0,1389.789011305537,0.5181347150259067,192,193,1,0,192,189,13995,0,0,0,0,4
2020-09-21,US,Illinois,Wayne,245,5,0,38.42955355,-88.42586459,17191.0,1510.9466543324083,2.0408163265306123,240,240,5,0,235,240,16332,5,0,0,5,0
2020-09-21,US,Illinois,White,159,0,0,38.08706198,-88.17657461,17193.0,1174.5586171234395,0.0,159,156,0,0,156,156,13665,3,0,0,3,0
2020-09-21,US,Illinois,Whiteside,685,20,0,41.75509713,-89.91556058,17195.0,1241.5043044857273,2.9197080291970803,665,678,20,0,658,676,55626,7,0,0,7,2
2020-09-21,US,Illinois,Will,13451,372,0,41.44619267,-87.97862712,17197.0,1947.3233894516488,2.7655936361608804,13079,13416,372,0,13044,13330,692310,35,0,0,35,86
2020-09-21,US,Illinois,Williamson,1325,34,0,37.73033511,-88.92994027,17199.0,1989.579110170128,2.5660377358490565,1291,1315,34,0,1281,1296,67056,10,0,0,10,19
2020-09-21,US,Illinois,Winnebago,5320,149,0,42.33641854,-89.16085327,17201.0,1882.7060005945386,2.800751879699248,5171,5274,149,0,5125,5218,284081,46,0,0,46,56
2020-09-21,US,Illinois,Woodford,397,6,0,40.78579374,-89.20973757,17203.0,1032.26812969656,1.5113350125944585,391,389,6,0,383,386,38463,8,0,0,8,3
2020-09-21,US,Indiana,Adams,244,3,0,40.7457653,-84.93671406,18001.0,682.0024037789642,1.2295081967213115,241,244,3,0,241,240,35636,0,0,0,0,4
2020-09-21,US,Indiana,Allen,5998,200,0,41.09194313,-85.06800636,18003.0,1581.338205479055,3.334444814938313,5798,5965,200,0,5765,5921,375351,33,0,0,33,44
2020-09-21,US,Indiana,Bartholomew,1151,57,0,39.20744865,-85.89558181,18005.0,1373.852636102126,4.9522154648132055,1094,1149,57,0,1092,1145,82753,2,0,0,2,4
2020-09-21,US,Indiana,Benton,88,0,0,40.60626947,-87.31093999,18007.0,1005.9442158207588,0.0,88,88,0,0,88,88,8653,0,0,0,0,0
2020-09-21,US,Indiana,Blackford,113,3,0,40.47388153,-85.32499702,18009.0,961.0477972444294,2.6548672566371683,110,113,2,0,111,114,11930,0,1,0,-1,-1
2020-09-21,US,Indiana,Boone,945,46,0,40.0509304,-86.46841646,18011.0,1392.9218931945816,4.867724867724868,899,944,46,0,898,944,66999,1,0,0,1,0
2020-09-21,US,Indiana,Brown,102,3,0,39.19605589,-86.22868909,18013.0,675.8547574874108,2.9411764705882355,99,101,3,0,98,101,15234,1,0,0,1,0
2020-09-21,US,Indiana,Carroll,270,13,0,40.580783200000006,-86.56198812,18015.0,1332.8725872537887,4.814814814814816,257,270,13,0,257,269,20127,0,0,0,0,1
2020-09-21,US,Indiana,Cass,1932,9,0,40.76135835,-86.34830753,18017.0,5126.164132770835,0.4658385093167702,1923,1931,9,0,1922,1927,37955,1,0,0,1,4
2020-09-21,US,Indiana,Clark,2136,56,0,38.48015445,-85.70510334,18019.0,1805.5485114368314,2.621722846441948,2080,2117,56,0,2061,2101,117360,19,0,0,19,16
2020-09-21,US,Indiana,Clay,293,5,0,39.39561833,-87.11723506,18021.0,1117.254528122021,1.706484641638225,288,292,5,0,287,292,26170,1,0,0,1,0
2020-09-21,US,Indiana,Clinton,591,12,0,40.30319754,-86.47277257,18023.0,1824.1303743942715,2.0304568527918785,579,591,12,0,579,591,32250,0,0,0,0,0
2020-09-21,US,Indiana,Crawford,103,0,0,38.28814402,-86.44518825,18025.0,973.8110995556397,0.0,103,103,0,0,103,102,10558,0,0,0,0,1
2020-09-21,US,Indiana,Daviess,643,27,0,38.70186039,-87.07185406,18027.0,1927.9781715690685,4.199066874027993,616,641,27,0,614,639,33147,2,0,0,2,2
2020-09-21,US,Indiana,DeKalb,451,11,0,41.39804622,-84.99906934,18033.0,1037.3778033352498,2.4390243902439024,440,450,11,0,439,442,43226,1,0,0,1,8
2020-09-21,US,Indiana,Dearborn,628,28,0,39.14647946,-84.97333539,18029.0,1269.764244409398,4.4585987261146505,600,626,28,0,598,621,49568,2,0,0,2,5
2020-09-21,US,Indiana,Decatur,453,39,0,39.30712658,-85.50087166,18031.0,1705.6365073986221,8.609271523178807,414,453,39,0,414,453,26794,0,0,0,0,0
2020-09-21,US,Indiana,Delaware,1882,61,0,40.22787247,-85.39732772,18035.0,1648.9245192097076,3.2412327311370883,1821,1870,61,0,1809,1842,114772,12,0,0,12,28
2020-09-21,US,Indiana,Dubois,951,18,0,38.36597551,-86.87924170000002,18037.0,2225.2901535005617,1.892744479495268,933,949,18,0,931,940,42565,2,0,0,2,9
2020-09-21,US,Indiana,Elkhart,6387,109,0,41.59761169,-85.85875695,18039.0,3095.3615616867223,1.7065915140128385,6278,6368,109,0,6259,6321,205560,19,0,0,19,47
2020-09-21,US,Indiana,Fayette,418,13,0,39.63684962,-85.17797541,18041.0,1809.36715435893,3.1100478468899517,405,418,13,0,405,417,23047,0,0,0,0,1
2020-09-21,US,Indiana,Floyd,1309,61,0,38.32117957,-85.90385377,18043.0,1667.0487251980335,4.6600458365164235,1248,1303,61,0,1242,1300,77781,6,0,0,6,3
2020-09-21,US,Indiana,Fountain,116,2,0,40.12361933,-87.24217689,18045.0,709.6537379175334,1.7241379310344829,114,115,2,0,113,115,16351,1,0,0,1,0
2020-09-21,US,Indiana,Franklin,299,25,0,39.4142482,-85.06062647,18047.0,1313.8237103436156,8.361204013377927,274,297,25,0,272,293,22736,2,0,0,2,4
2020-09-21,US,Indiana,Fulton,234,2,0,41.0469907,-86.26252745,18049.0,1171.522979873836,0.8547008547008547,232,235,2,0,233,230,20092,-1,0,0,-1,5
2020-09-21,US,Indiana,Gibson,479,4,0,38.30393723,-87.58054938,18051.0,1423.0963486734604,0.8350730688935282,475,474,4,0,470,464,33452,5,0,0,5,10
2020-09-21,US,Indiana,Grant,888,33,0,40.51587228,-85.65468702,18053.0,1350.1801760707933,3.716216216216216,855,882,33,0,849,867,65936,6,0,0,6,15
2020-09-21,US,Indiana,Greene,418,35,0,39.03630547,-86.96223202,18055.0,1309.4417643004824,8.373205741626794,383,418,35,0,383,415,32006,0,0,0,0,3
2020-09-21,US,Indiana,Hamilton,4695,109,0,40.07306535,-86.05244729,18057.0,1389.0080500338747,2.3216187433439828,4586,4676,109,0,4567,4646,330086,19,0,0,19,30
2020-09-21,US,Indiana,Hancock,907,42,0,39.82304555,-85.77566351,18059.0,1160.3213591239382,4.630650496141125,865,905,42,0,863,900,76351,2,0,0,2,5
2020-09-21,US,Indiana,Harrison,561,24,0,38.19467379,-86.10948271,18061.0,1384.6723435764532,4.2780748663101615,537,560,24,0,536,556,40350,1,0,0,1,4
2020-09-21,US,Indiana,Hendricks,2661,122,0,39.76719009,-86.51037283,18063.0,1562.4357792508993,4.584742577978203,2539,2650,122,0,2528,2638,167009,11,0,0,11,12
2020-09-21,US,Indiana,Henry,769,24,0,39.93029017,-85.39625719,18065.0,1603.0184274159924,3.120936280884265,745,763,24,0,739,754,48271,6,0,0,6,9
2020-09-21,US,Indiana,Howard,1277,63,0,40.48527731,-86.11351892,18067.0,1547.0536925760807,4.9334377447141735,1214,1275,63,0,1212,1270,82366,2,0,0,2,5
2020-09-21,US,Indiana,Huntington,223,3,0,40.82907273,-85.48822092,18069.0,610.6243154435925,1.345291479820628,220,221,3,0,218,217,36240,2,0,0,2,4
2020-09-21,US,Indiana,Jackson,740,9,0,38.90915820000001,-86.03851889,18071.0,1673.0347493839167,1.2162162162162162,731,734,9,0,725,731,44111,6,0,0,6,3
2020-09-21,US,Indiana,Jasper,384,2,0,41.02078733,-87.11553319,18073.0,1144.1511232942019,0.5208333333333334,382,382,2,0,380,380,33370,2,0,0,2,2
2020-09-21,US,Indiana,Jay,172,0,0,40.43781032,-85.00576229,18075.0,841.6519866901547,0.0,172,170,0,0,170,168,20764,2,0,0,2,2
2020-09-21,US,Indiana,Jefferson,243,3,0,38.78576239,-85.43633383,18077.0,752.1356939457719,1.2345679012345678,240,243,3,0,240,240,32208,0,0,0,0,3
2020-09-21,US,Indiana,Jennings,310,12,0,38.99588883,-85.62710784,18079.0,1117.7212907878134,3.870967741935484,298,309,12,0,297,308,27611,1,0,0,1,1
2020-09-21,US,Indiana,Johnson,2258,122,0,39.48994426,-86.10149107,18081.0,1427.604999778715,5.403011514614704,2136,2257,122,0,2135,2250,156225,1,0,0,1,7
2020-09-21,US,Indiana,Knox,491,9,0,38.68861576,-87.4194665,18083.0,1341.750013663442,1.8329938900203664,482,486,9,0,477,476,36895,5,0,0,5,10
2020-09-21,US,Indiana,Kosciusko,1198,17,0,41.24521668,-85.86312322,18085.0,1507.7527184857029,1.4190317195325544,1181,1190,17,0,1173,1187,79344,8,0,0,8,3
2020-09-21,US,Indiana,LaGrange,630,11,0,41.64232188,-85.42674232,18087.0,1590.3468470742664,1.746031746031746,619,630,11,0,619,629,39330,0,0,0,0,1
2020-09-21,US,Indiana,LaPorte,1372,37,0,41.54366008,-86.74072188,18091.0,1248.5439720442632,2.6967930029154514,1335,1367,37,0,1330,1356,110007,5,0,0,5,11
2020-09-21,US,Indiana,Lake,10264,319,0,41.41874274,-87.38277575,18089.0,2114.1396477395137,3.1079501169134836,9945,10217,318,0,9899,10172,484411,47,1,0,46,45
2020-09-21,US,Indiana,Lawrence,504,28,0,38.84112637,-86.48361629,18093.0,1110.8662111527442,5.5555555555555545,476,503,28,0,475,500,45668,1,0,0,1,3
2020-09-21,US,Indiana,Madison,1585,75,0,40.16143691,-85.71964711,18095.0,1223.2864342551072,4.731861198738169,1510,1577,75,0,1502,1565,129641,8,0,0,8,12
2020-09-21,US,Indiana,Marion,20746,758,0,39.78163624,-86.13826325,18097.0,2150.776191137716,3.653716379061024,19988,20699,758,0,19941,20645,954670,47,0,0,47,54
2020-09-21,US,Indiana,Marshall,988,24,0,41.32467367,-86.26185087,18099.0,2135.8467724501706,2.42914979757085,964,985,24,0,961,980,46248,3,0,0,3,5
2020-09-21,US,Indiana,Martin,164,0,0,38.7099921,-86.80373186,18101.0,1599.2198927352508,0.0,164,162,0,0,162,159,10217,2,0,0,2,3
2020-09-21,US,Indiana,Miami,425,3,0,40.76940965,-86.04525048,18103.0,1196.6437661898865,0.7058823529411765,422,424,3,0,421,422,35567,1,0,0,1,2
2020-09-21,US,Indiana,Monroe,2422,36,0,39.16130004,-86.52414358,18105.0,1631.7346106945315,1.4863748967795212,2386,2408,36,0,2372,2368,146917,14,0,0,14,40
2020-09-21,US,Indiana,Montgomery,505,21,0,40.04034823,-86.89335024,18107.0,1317.230945797903,4.158415841584159,484,505,21,0,484,502,38346,0,0,0,0,3
2020-09-21,US,Indiana,Morgan,701,38,0,39.47899078,-86.44573375,18109.0,994.4814084467081,5.4208273894436525,663,696,38,0,658,694,70116,5,0,0,5,2
2020-09-21,US,Indiana,Newton,170,11,0,40.95610449,-87.39635768,18111.0,1215.675057208238,6.470588235294117,159,170,11,0,159,170,14011,0,0,0,0,0
2020-09-21,US,Indiana,Noble,886,32,0,41.39672484,-85.41966713,18113.0,1855.730563002681,3.611738148984199,854,881,32,0,849,876,47532,5,0,0,5,5
2020-09-21,US,Indiana,Ohio,76,7,0,38.955304999999996,-84.96515993,18115.0,1293.6170212765958,9.210526315789474,69,76,7,0,69,76,5844,0,0,0,0,0
2020-09-21,US,Indiana,Orange,284,24,0,38.54118920000001,-86.49523093,18117.0,1445.586887916115,8.450704225352112,260,282,24,0,258,282,19489,2,0,0,2,0
2020-09-21,US,Indiana,Owen,165,1,0,39.31145587,-86.83900724,18119.0,793.3073705466609,0.6060606060606061,164,164,1,0,163,164,20845,1,0,0,1,0
2020-09-21,US,Indiana,Parke,94,1,0,39.77202286,-87.20375833,18121.0,554.9979335183326,1.0638297872340423,93,93,2,0,91,93,16927,1,-1,0,2,0
2020-09-21,US,Indiana,Perry,208,13,0,38.07809328,-86.63741946,18123.0,1085.085293964213,6.25,195,209,13,0,196,202,19102,-1,0,0,-1,7
2020-09-21,US,Indiana,Pike,141,1,0,38.40112197,-87.23574907,18125.0,1138.1063846961015,0.7092198581560284,140,141,1,0,140,136,12410,0,0,0,0,5
2020-09-21,US,Indiana,Porter,2070,45,0,41.45986947,-87.06848888,18127.0,1214.8671569174064,2.1739130434782608,2025,2052,44,0,2008,2033,169594,18,1,0,17,19
2020-09-21,US,Indiana,Posey,302,0,0,38.02097333,-87.86480429,18129.0,1187.713847484957,0.0,302,302,0,0,302,294,25540,0,0,0,0,8
2020-09-21,US,Indiana,Pulaski,114,1,0,41.04166107,-86.69890683,18131.0,922.852748320246,0.8771929824561403,113,114,1,0,113,113,12469,0,0,0,0,1
2020-09-21,US,Indiana,Putnam,534,9,0,39.66437981,-86.84517605,18133.0,1421.1198637428147,1.6853932584269662,525,532,9,0,523,520,37779,2,0,0,2,12
2020-09-21,US,Indiana,Randolph,207,7,0,40.15734772,-85.01139319,18135.0,839.2458949929048,3.3816425120772946,200,206,7,0,199,206,24851,1,0,0,1,0
2020-09-21,US,Indiana,Ripley,279,8,0,39.10235626,-85.26212744,18137.0,985.0303629430873,2.867383512544803,271,278,8,0,270,278,28523,1,0,0,1,0
2020-09-21,US,Indiana,Rush,151,4,0,39.62002287,-85.4655599,18139.0,910.680899825101,2.6490066225165565,147,151,4,0,147,149,16663,0,0,0,0,2
2020-09-21,US,Indiana,Scott,354,10,0,38.68672078,-85.74627859,18143.0,1482.8467306161774,2.824858757062147,344,353,10,0,343,353,23878,1,0,0,1,0
2020-09-21,US,Indiana,Shelby,665,29,0,39.52305623,-85.79158570000001,18145.0,1486.7312034697848,4.360902255639099,636,665,29,0,636,663,44593,0,0,0,0,2
2020-09-21,US,Indiana,Spencer,221,4,0,38.01519732,-87.0079644,18147.0,1089.904818267002,1.8099547511312215,217,219,4,0,215,215,20327,2,0,0,2,4
2020-09-21,US,Indiana,St. Joseph,6109,100,0,41.61756781,-86.29040834,18141.0,2247.3935532289042,1.636929120969062,6009,6045,97,0,5948,6007,270771,64,3,0,61,38
2020-09-21,US,Indiana,Starke,253,7,0,41.27890281,-86.64686895,18149.0,1100.2391824309632,2.766798418972332,246,251,7,0,244,248,22935,2,0,0,2,3
2020-09-21,US,Indiana,Steuben,369,7,0,41.64423868,-85.00101094,18151.0,1066.6589582008444,1.897018970189702,362,367,7,0,360,364,34586,2,0,0,2,3
2020-09-21,US,Indiana,Sullivan,330,12,0,39.08952258,-87.41414469,18153.0,1596.5939329430548,3.636363636363636,318,329,12,0,317,328,20690,1,0,0,1,1
2020-09-21,US,Indiana,Switzerland,69,0,0,38.82767338,-85.03022429,18155.0,641.800762719747,0.0,69,68,0,0,68,68,10717,1,0,0,1,0
2020-09-21,US,Indiana,Tippecanoe,2233,13,0,40.38872739,-86.89413959,18157.0,1140.8456460875075,0.5821764442454097,2220,2210,13,0,2197,2184,193048,23,0,0,23,26
2020-09-21,US,Indiana,Tipton,217,22,0,40.31123252,-86.05234925,18159.0,1432.5323475046216,10.138248847926267,195,217,22,0,195,215,15128,0,0,0,0,2
2020-09-21,US,Indiana,Unassigned,0,225,0,0.0,0.0,90018.0,0.0,0.0,-225,0,225,0,-225,0,,0,0,0,0,0
2020-09-21,US,Indiana,Union,77,0,0,39.62550777,-84.92497066,18161.0,1091.5792458179756,0.0,77,77,0,0,77,77,7037,0,0,0,0,0
2020-09-21,US,Indiana,Vanderburgh,3383,30,0,38.02658833,-87.58763124,18163.0,1864.4151864690743,0.8867868755542418,3353,3341,29,0,3312,3271,180974,42,1,0,41,70
2020-09-21,US,Indiana,Vermillion,126,0,0,39.8523352,-87.46160542,18165.0,813.0081300813008,0.0,126,126,0,0,126,125,15479,0,0,0,0,1
2020-09-21,US,Indiana,Vigo,1769,22,0,39.42944561,-87.39169027,18167.0,1652.6840934995048,1.2436404748445449,1747,1766,22,0,1744,1757,107386,3,0,0,3,9
2020-09-21,US,Indiana,Wabash,262,8,0,40.84704239,-85.79328272,18169.0,845.2703574654794,3.053435114503817,254,263,8,0,255,260,31280,-1,0,0,-1,3
2020-09-21,US,Indiana,Warren,40,1,0,40.34728141,-87.35602659,18171.0,483.96854204476716,2.5,39,40,1,0,39,40,8263,0,0,0,0,0
2020-09-21,US,Indiana,Warrick,1170,35,0,38.08922676,-87.2716085,18173.0,1857.2018159306645,2.9914529914529915,1135,1141,35,0,1106,1119,62567,29,0,0,29,22
2020-09-21,US,Indiana,Washington,259,1,0,38.60219804,-86.1049363,18175.0,923.8122414039093,0.3861003861003861,258,258,1,0,257,257,27943,1,0,0,1,1
2020-09-21,US,Indiana,Wayne,742,14,0,39.863344399999995,-85.01044989,18177.0,1126.2218444538887,1.8867924528301887,728,739,14,0,725,737,65936,3,0,0,3,2
2020-09-21,US,Indiana,Wells,247,2,0,40.72934187,-85.22132966,18179.0,872.9148996324568,0.8097165991902834,245,247,2,0,245,247,28206,0,0,0,0,0
2020-09-21,US,Indiana,White,480,14,0,40.74911165,-86.86492015,18181.0,1991.5359721184964,2.9166666666666665,466,479,14,0,465,478,24133,1,0,0,1,1
2020-09-21,US,Indiana,Whitley,254,6,0,41.13863784,-85.50791236,18183.0,747.8506654104345,2.3622047244094486,248,252,6,0,246,247,34074,2,0,0,2,5
2020-09-21,US,Iowa,Adair,67,1,0,41.33075609,-94.47105874,19001.0,936.800894854586,1.492537313432836,66,66,1,0,65,64,7063,1,0,0,1,2
2020-09-21,US,Iowa,Adams,29,0,0,41.02903567,-94.69932645,19003.0,805.1082731815657,0.0,29,28,0,0,28,28,3645,1,0,0,1,0
2020-09-21,US,Iowa,Allamakee,248,6,0,43.28383218,-91.37860922,19005.0,1811.9383356469643,2.419354838709677,242,245,5,0,240,242,13832,3,1,0,2,3
2020-09-21,US,Iowa,Appanoose,125,3,0,40.74324454,-92.86865906,19007.0,1005.9552551102527,2.4,122,123,3,0,120,120,12437,2,0,0,2,3
2020-09-21,US,Iowa,Audubon,68,1,0,41.6844628,-94.90581859,19009.0,1237.2634643377,1.4705882352941178,67,64,1,0,63,59,5506,4,0,0,4,5
2020-09-21,US,Iowa,Benton,287,1,0,42.08011739,-92.06463573,19011.0,1119.126535387015,0.3484320557491289,286,286,1,0,285,281,25642,1,0,0,1,5
2020-09-21,US,Iowa,Black Hawk,4375,86,0,42.4704581,-92.30524729,19013.0,3333.8921571615806,1.9657142857142855,4289,4349,86,0,4263,4336,132408,26,0,0,26,13
2020-09-21,US,Iowa,Boone,478,8,0,42.03657094,-93.9313999,19015.0,1822.0629717160932,1.6736401673640169,470,467,7,0,460,462,26346,11,1,0,10,5
2020-09-21,US,Iowa,Bremer,468,7,0,42.77461496,-92.31795937,19017.0,1867.3689250658367,1.4957264957264955,461,462,7,0,455,463,24947,6,0,0,6,-1
2020-09-21,US,Iowa,Buchanan,251,1,0,42.4709188,-91.83510825,19019.0,1185.3600944510035,0.398406374501992,250,242,1,0,241,235,21199,9,0,0,9,7
2020-09-21,US,Iowa,Buena Vista,1951,12,0,42.73545875,-95.15100162,19021.0,9943.934760448521,0.6150691952844695,1939,1947,12,0,1935,1941,19874,4,0,0,4,6
2020-09-21,US,Iowa,Butler,262,2,0,42.73172833,-92.79015971,19023.0,1814.5300921116425,0.7633587786259542,260,259,2,0,257,258,14539,3,0,0,3,1
2020-09-21,US,Iowa,Calhoun,172,2,0,42.38521079,-94.64046046,19025.0,1779.0649565577164,1.162790697674419,170,170,2,0,168,169,9699,2,0,0,2,1
2020-09-21,US,Iowa,Carroll,637,5,0,42.03617207,-94.86032705,19027.0,3158.938755269031,0.7849293563579278,632,634,5,0,629,630,20154,3,0,0,3,4
2020-09-21,US,Iowa,Cass,136,2,0,41.33149454,-94.92792482,19029.0,1059.5200997195386,1.4705882352941178,134,133,2,0,131,129,12930,3,0,0,3,4
2020-09-21,US,Iowa,Cedar,223,1,0,41.77233777,-91.13246684,19031.0,1197.1868792612875,0.4484304932735426,222,221,1,0,220,219,18627,2,0,0,2,2
2020-09-21,US,Iowa,Cerro Gordo,1002,21,0,43.08177563,-93.2612239,19033.0,2360.4240282685514,2.0958083832335332,981,996,21,0,975,993,42647,6,0,0,6,3
2020-09-21,US,Iowa,Cherokee,204,2,0,42.73538914,-95.62389402,19035.0,1815.754339118825,0.9803921568627452,202,194,2,0,192,185,11321,10,0,0,10,9
2020-09-21,US,Iowa,Chickasaw,222,0,0,43.06001295,-92.31773347,19037.0,1860.38716165256,0.0,222,221,0,0,221,207,11964,1,0,0,1,14
2020-09-21,US,Iowa,Clarke,256,3,0,41.02868181,-93.78499767,19039.0,2724.853645556147,1.171875,253,255,3,0,252,255,9423,1,0,0,1,0
2020-09-21,US,Iowa,Clay,296,3,0,43.08247182,-95.15096481,19041.0,1848.151848151848,1.0135135135135136,293,292,3,0,289,288,16134,4,0,0,4,4
2020-09-21,US,Iowa,Clayton,234,3,0,42.84443388,-91.34133693,19043.0,1333.4093110718559,1.2820512820512822,231,232,3,0,229,230,17556,2,0,0,2,2
2020-09-21,US,Iowa,Clinton,1074,19,0,41.89981633,-90.53275096,19045.0,2313.209416528463,1.7690875232774674,1055,1070,18,0,1052,1062,46518,4,1,0,3,8
2020-09-21,US,Iowa,Crawford,1014,5,0,42.03718237,-95.3819718,19047.0,6028.5374554102245,0.4930966469428008,1009,1001,4,0,997,994,17158,13,1,0,12,7
2020-09-21,US,Iowa,Dallas,2698,38,0,41.68560356,-94.04127625,19049.0,2887.012722973045,1.4084507042253518,2660,2690,38,0,2652,2675,90180,8,0,0,8,15
2020-09-21,US,Iowa,Davis,116,4,0,40.74773536,-92.41005468,19051.0,1288.888888888889,3.4482758620689653,112,114,4,0,110,113,9017,2,0,0,2,1
2020-09-21,US,Iowa,Decatur,60,0,0,40.73742757,-93.78645949,19053.0,762.3888182973317,0.0,60,59,0,0,59,58,7890,1,0,0,1,1
2020-09-21,US,Iowa,Delaware,342,3,0,42.47104597,-91.3664492,19055.0,2010.4638175298335,0.8771929824561403,339,335,3,0,332,329,17069,7,0,0,7,6
2020-09-21,US,Iowa,Des Moines,740,7,0,40.92012606,-91.18326592,19057.0,1899.0427797880252,0.945945945945946,733,741,7,0,734,737,39138,-1,0,0,-1,4
2020-09-21,US,Iowa,Dickinson,487,6,0,43.37787725,-95.1510206,19059.0,2821.879707961525,1.2320328542094456,481,485,6,0,479,483,17153,2,0,0,2,2
2020-09-21,US,Iowa,Dubuque,2823,41,0,42.46815349,-90.88181925,19061.0,2901.0081080247865,1.4523556500177115,2782,2798,40,0,2758,2760,96854,25,1,0,24,38
2020-09-21,US,Iowa,Emmet,252,10,0,43.37782951,-94.67858943,19063.0,2736.750651607298,3.968253968253968,242,252,10,0,242,252,9253,0,0,0,0,0
2020-09-21,US,Iowa,Fayette,200,2,0,42.86271799,-91.84412309999999,19065.0,1017.8117048346055,1.0,198,191,1,0,190,187,19660,9,1,0,8,4
2020-09-21,US,Iowa,Floyd,302,3,0,43.06000529999999,-92.78940097,19067.0,1930.6993990538294,0.9933774834437086,299,298,3,0,295,296,15761,4,0,0,4,2
2020-09-21,US,Iowa,Franklin,342,18,0,42.73270384,-93.26256925,19069.0,3396.2264150943397,5.2631578947368425,324,336,17,0,319,335,10124,6,1,0,5,1
2020-09-21,US,Iowa,Fremont,90,0,0,40.74542720000001,-95.60129045,19071.0,1293.1034482758619,0.0,90,87,0,0,87,82,6993,3,0,0,3,5
2020-09-21,US,Iowa,Greene,89,0,0,42.03614551,-94.39658081,19073.0,1001.3501350135016,0.0,89,87,0,0,87,84,8981,2,0,0,2,3
2020-09-21,US,Iowa,Grundy,206,2,0,42.40183723,-92.78829551,19075.0,1684.107259646828,0.9708737864077671,204,205,2,0,203,201,12304,1,0,0,1,4
2020-09-21,US,Iowa,Guthrie,231,5,0,41.68378965,-94.50111014,19077.0,2161.1001964636544,2.1645021645021645,226,223,5,0,218,217,10720,8,0,0,8,6
2020-09-21,US,Iowa,Hamilton,315,3,0,42.38382428,-93.70197703,19079.0,2132.2683273539565,0.9523809523809524,312,314,3,0,311,314,14952,1,0,0,1,0
2020-09-21,US,Iowa,Hancock,174,2,0,43.08178477,-93.73454884,19081.0,1636.8767638758234,1.1494252873563218,172,172,2,0,170,172,10712,2,0,0,2,0
2020-09-21,US,Iowa,Hardin,284,1,0,42.38353877,-93.23654611,19083.0,1685.8601448415054,0.35211267605633795,283,276,1,0,275,276,16868,8,0,0,8,0
2020-09-21,US,Iowa,Harrison,181,2,0,41.68330137,-95.81558439,19085.0,1288.3479251192255,1.1049723756906078,179,178,2,0,176,177,14134,3,0,0,3,1
2020-09-21,US,Iowa,Henry,620,4,0,40.98767962,-91.54436349,19087.0,3107.146436804651,0.6451612903225806,616,607,4,0,603,603,20067,13,0,0,13,4
2020-09-21,US,Iowa,Howard,182,6,0,43.35671042,-92.31702714,19089.0,1987.3334789255296,3.2967032967032965,176,182,5,0,177,182,9187,0,1,0,-1,0
2020-09-21,US,Iowa,Humboldt,176,3,0,42.7764426,-94.20722537,19091.0,1841.389412010881,1.7045454545454546,173,173,3,0,170,171,9547,3,0,0,3,2
2020-09-21,US,Iowa,Ida,103,0,0,42.38696136,-95.51355387,19093.0,1501.4577259475213,0.0,103,97,0,0,97,96,6841,6,0,0,6,1
2020-09-21,US,Iowa,Iowa,192,1,0,41.68630265,-92.0643373,19095.0,1186.3568956994566,0.5208333333333334,191,185,1,0,184,182,16141,7,0,0,7,3
2020-09-21,US,Iowa,Jackson,304,3,0,42.17178824,-90.57354837,19097.0,1563.8664540357015,0.986842105263158,301,300,3,0,297,296,19432,4,0,0,4,4
2020-09-21,US,Iowa,Jasper,772,32,0,41.68576082,-93.05567785,19099.0,2076.1059567029715,4.1450777202072535,740,766,32,0,734,756,37147,6,0,0,6,10
2020-09-21,US,Iowa,Jefferson,134,1,0,41.03192394,-91.94849466,19101.0,732.4405575293796,0.746268656716418,133,134,1,0,133,133,18381,0,0,0,0,1
2020-09-21,US,Iowa,Johnson,5011,27,0,41.67169354,-91.58754744,19103.0,3315.4691014953028,0.5388146078627021,4984,4995,27,0,4968,4985,151260,16,0,0,16,10
2020-09-21,US,Iowa,Jones,248,3,0,42.12118609,-91.13139641,19105.0,1199.1683187466756,1.2096774193548387,245,244,3,0,241,243,20744,4,0,0,4,1
2020-09-21,US,Iowa,Keokuk,91,1,0,41.33649833,-92.1785067,19107.0,888.1514737458521,1.0989010989010992,90,91,1,0,90,90,10225,0,0,0,0,1
2020-09-21,US,Iowa,Kossuth,231,0,0,43.20405458,-94.20691791,19109.0,1559.441031526362,0.0,231,219,0,0,219,217,14908,12,0,0,12,2
2020-09-21,US,Iowa,Lee,599,7,0,40.64181461,-91.48183025,19111.0,1779.7189291974923,1.1686143572621035,592,596,7,0,589,594,34055,3,0,0,3,2
2020-09-21,US,Iowa,Linn,3808,108,0,42.07923082,-91.59809485,19113.0,1679.7085211683857,2.8361344537815127,3700,3783,106,0,3677,3762,225909,25,2,0,23,21
2020-09-21,US,Iowa,Louisa,425,15,0,41.21842119,-91.26102611,19115.0,3851.3819664703215,3.5294117647058822,410,425,15,0,410,425,11169,0,0,0,0,0
2020-09-21,US,Iowa,Lucas,152,6,0,41.02958964,-93.32780803,19117.0,1767.4418604651162,3.947368421052632,146,142,6,0,136,138,8645,10,0,0,10,4
2020-09-21,US,Iowa,Lyon,260,3,0,43.38107862,-96.20926845,19119.0,2211.8247554232244,1.1538461538461535,257,248,3,0,245,241,11811,12,0,0,12,7
2020-09-21,US,Iowa,Madison,206,2,0,41.33081904,-94.01554631,19121.0,1260.8642428693845,0.9708737864077671,204,205,2,0,203,201,16249,1,0,0,1,4
2020-09-21,US,Iowa,Mahaska,346,19,0,41.33521503,-92.64083907,19123.0,1565.9651504865353,5.491329479768787,327,340,19,0,321,336,22000,6,0,0,6,4
2020-09-21,US,Iowa,Marion,726,5,0,41.33445101,-93.09934783,19125.0,2183.261660602051,0.6887052341597796,721,715,4,0,711,707,33407,11,1,0,10,8
2020-09-21,US,Iowa,Marshall,1762,34,0,42.03586837,-92.99908190000001,19127.0,4475.6026315121035,1.9296254256526677,1728,1761,34,0,1727,1759,39981,1,0,0,1,2
2020-09-21,US,Iowa,Mills,169,1,0,41.03299766,-95.61920963,19129.0,1118.5386193659408,0.591715976331361,168,168,1,0,167,165,15063,1,0,0,1,3
2020-09-21,US,Iowa,Mitchell,183,0,0,43.35638371,-92.78887719,19131.0,1728.698280748158,0.0,183,183,0,0,183,181,10569,0,0,0,0,2
2020-09-21,US,Iowa,Monona,140,1,0,42.05220391,-95.95743843,19133.0,1625.0725478816018,0.7142857142857143,139,138,1,0,137,132,8679,2,0,0,2,6
2020-09-21,US,Iowa,Monroe,150,10,0,41.02988815,-92.8690667,19135.0,1946.2826002335541,6.666666666666668,140,148,10,0,138,146,7790,2,0,0,2,2
2020-09-21,US,Iowa,Montgomery,88,5,0,41.03018714,-95.15642896,19137.0,887.3651305838458,5.6818181818181825,83,86,5,0,81,86,10003,2,0,0,2,0
2020-09-21,US,Iowa,Muscatine,1068,54,0,41.48370744,-91.11216970000001,19139.0,2503.2814550909434,5.056179775280898,1014,1064,52,0,1012,1060,42929,4,2,0,2,4
2020-09-21,US,Iowa,O'Brien,309,9,0,43.08310673,-95.62474482,19141.0,2246.7825201774162,2.9126213592233015,300,304,9,0,295,298,13840,5,0,0,5,6
2020-09-21,US,Iowa,Osceola,130,0,0,43.37824276,-95.62422844,19143.0,2181.9402484055054,0.0,130,126,0,0,126,125,6040,4,0,0,4,1
2020-09-21,US,Iowa,Page,142,0,0,40.7393172,-95.1497813,19145.0,939.9616072019594,0.0,142,142,0,0,142,141,15249,0,0,0,0,1
2020-09-21,US,Iowa,Palo Alto,163,0,0,43.08193849,-94.67824621,19147.0,1834.346162502813,0.0,163,160,0,0,160,159,8929,3,0,0,3,1
2020-09-21,US,Iowa,Plymouth,1058,20,0,42.737633,-96.21366621,19149.0,4202.248083568336,1.8903591682419658,1038,1052,20,0,1032,1034,25095,6,0,0,6,18
2020-09-21,US,Iowa,Pocahontas,154,2,0,42.73420133,-94.67862564,19151.0,2326.6354434204563,1.2987012987012987,152,152,2,0,150,151,6740,2,0,0,2,1
2020-09-21,US,Iowa,Polk,15366,259,0,41.68679484,-93.57767461,19153.0,3134.888332609081,1.6855395027983862,15107,15318,256,0,15062,15227,487204,48,3,0,45,91
2020-09-21,US,Iowa,Pottawattamie,2002,38,0,41.33640314,-95.53907776,19155.0,2147.930390747377,1.8981018981018982,1964,2000,37,0,1963,1976,93533,2,1,0,1,24
2020-09-21,US,Iowa,Poweshiek,252,8,0,41.68625425,-92.53155731,19157.0,1361.8677042801555,3.1746031746031744,244,249,8,0,241,243,18699,3,0,0,3,6
2020-09-21,US,Iowa,Ringgold,44,2,0,40.73518949,-94.24368535,19159.0,899.0600735594604,4.545454545454546,42,41,2,0,39,41,4968,3,0,0,3,0
2020-09-21,US,Iowa,Sac,220,0,0,42.38624071,-95.10547892,19161.0,2263.1416520934063,0.0,220,214,0,0,214,209,9719,6,0,0,6,5
2020-09-21,US,Iowa,Scott,2818,27,0,41.63935978,-90.61959493,19163.0,1629.4386011576069,0.9581263307310148,2791,2797,27,0,2770,2765,173283,21,0,0,21,32
2020-09-21,US,Iowa,Shelby,244,1,0,41.6850066,-95.31015553,19165.0,2130.26017111926,0.4098360655737705,243,242,1,0,241,242,11578,2,0,0,2,0
2020-09-21,US,Iowa,Sioux,1372,3,0,43.08221074,-96.17675679999999,19167.0,3936.3075598909772,0.21865889212827988,1369,1350,3,0,1347,1320,34909,22,0,0,22,30
2020-09-21,US,Iowa,Story,3315,17,0,42.03621213,-93.46499005,19169.0,3413.408569045584,0.5128205128205128,3298,3286,17,0,3269,3279,98105,29,0,0,29,7
2020-09-21,US,Iowa,Tama,694,31,0,42.07991767,-92.53266945,19171.0,4117.716862465883,4.46685878962536,663,690,31,0,659,687,16904,4,0,0,4,3
2020-09-21,US,Iowa,Taylor,124,1,0,40.73710579,-94.69778563,19173.0,2025.8127756902468,0.8064516129032258,123,123,1,0,122,119,6191,1,0,0,1,4
2020-09-21,US,Iowa,Unassigned,7,0,0,0.0,0.0,90019.0,0.0,0.0,7,16,0,0,16,23,,-9,0,0,-9,-7
2020-09-21,US,Iowa,Union,122,3,0,41.0277278,-94.24234847,19175.0,996.6506004411405,2.459016393442623,119,122,3,0,119,120,12359,0,0,0,0,2
2020-09-21,US,Iowa,Van Buren,111,1,0,40.75326764,-91.95017958,19177.0,1575.809199318569,0.9009009009009008,110,110,1,0,109,109,7020,1,0,0,1,1
2020-09-21,US,Iowa,Wapello,1271,57,0,41.03064984,-92.40954728,19179.0,3634.6478309359723,4.484657749803303,1214,1267,57,0,1210,1257,35205,4,0,0,4,10
2020-09-21,US,Iowa,Warren,932,6,0,41.33559454,-93.56007641,19181.0,1810.9042863249524,0.6437768240343348,926,928,6,0,922,927,51056,4,0,0,4,1
2020-09-21,US,Iowa,Washington,432,11,0,41.33577126,-91.71725711,19183.0,1966.7653084452536,2.5462962962962963,421,431,11,0,420,430,22141,1,0,0,1,1
2020-09-21,US,Iowa,Wayne,84,2,0,40.73969028,-93.32752197,19185.0,1304.1453190498364,2.380952380952381,82,82,2,0,80,81,6401,2,0,0,2,1
2020-09-21,US,Iowa,Webster,1202,14,0,42.42853483,-94.17987389,19187.0,3347.8163992869877,1.1647254575707155,1188,1193,14,0,1179,1189,36277,9,0,0,9,4
2020-09-21,US,Iowa,Winnebago,275,11,0,43.37751174,-93.73407298,19189.0,2655.9783658489473,4.0,264,271,11,0,260,266,10518,4,0,0,4,5
2020-09-21,US,Iowa,Winneshiek,299,5,0,43.29094334,-91.84422722,19191.0,1495.6730528737933,1.6722408026755853,294,298,5,0,293,293,20029,1,0,0,1,5
2020-09-21,US,Iowa,Woodbury,5042,63,0,42.38979414,-96.0459439,19193.0,4890.065659945493,1.2495041650138834,4979,4989,61,0,4928,4944,102539,53,2,0,51,45
2020-09-21,US,Iowa,Worth,103,0,0,43.37750768,-93.26087602,19195.0,1395.474867904078,0.0,103,102,0,0,102,102,7453,1,0,0,1,0
2020-09-21,US,Iowa,Wright,563,1,0,42.73305373,-93.73515113,19197.0,4481.770418723133,0.17761989342806395,562,562,1,0,561,562,12690,1,0,0,1,0
2020-09-21,US,Kansas,Allen,32,0,0,37.88582951,-95.30030847,20001.0,258.7112943649446,0.0,32,32,0,0,32,32,12444,0,0,0,0,0
2020-09-21,US,Kansas,Anderson,65,0,0,38.21413251,-95.29272815,20003.0,827.1824891829982,0.0,65,56,0,0,56,56,7878,9,0,0,9,0
2020-09-21,US,Kansas,Atchison,307,1,0,39.53185661,-95.30870026,20005.0,1910.0354631991531,0.3257328990228013,306,307,1,0,306,307,16193,0,0,0,0,0
2020-09-21,US,Kansas,Barber,5,0,0,37.2288586,-98.68460053,20007.0,112.943302462164,0.0,5,5,0,0,5,5,4472,0,0,0,0,0
2020-09-21,US,Kansas,Barton,447,5,0,38.47889676,-98.75636726,20009.0,1733.969510066333,1.1185682326621924,442,433,5,0,428,433,26111,14,0,0,14,0
2020-09-21,US,Kansas,Bourbon,141,2,0,37.85508555,-94.84865997,20011.0,970.1389844502548,1.4184397163120568,139,130,2,0,128,130,14653,11,0,0,11,0
2020-09-21,US,Kansas,Brown,96,3,0,39.82652589,-95.56421698,20013.0,1003.7641154328733,3.125,93,96,3,0,93,90,9598,0,0,0,0,6
2020-09-21,US,Kansas,Butler,494,3,0,37.78134351,-96.83878537,20015.0,738.2941519331648,0.6072874493927125,491,488,3,0,485,488,66765,6,0,0,6,0
2020-09-21,US,Kansas,Chase,81,1,0,38.30292938,-96.59563862,20017.0,3058.912386706949,1.2345679012345678,80,81,1,0,80,81,2629,0,0,0,0,0
2020-09-21,US,Kansas,Chautauqua,13,0,0,37.14994405,-96.2454192,20019.0,400.0,0.0,13,13,0,0,13,13,3309,0,0,0,0,0
2020-09-21,US,Kansas,Cherokee,462,7,0,37.16928494,-94.8462897,20021.0,2317.067054516275,1.5151515151515151,455,442,7,0,435,442,20015,20,0,0,20,0
2020-09-21,US,Kansas,Cheyenne,53,0,0,39.78580976,-101.7318201,20023.0,1994.7308995107267,0.0,53,24,0,0,24,24,2660,29,0,0,29,0
2020-09-21,US,Kansas,Clark,48,1,0,37.23577007,-99.81883015,20025.0,2407.221664994985,2.083333333333333,47,48,1,0,47,48,2005,0,0,0,0,0
2020-09-21,US,Kansas,Clay,47,2,0,39.34948772,-97.16518128,20027.0,587.3531617095726,4.25531914893617,45,46,2,0,44,46,7997,1,0,0,1,0
2020-09-21,US,Kansas,Cloud,64,0,0,39.48028352,-97.64925343,20029.0,728.4315957204643,0.0,64,64,0,0,64,64,8729,0,0,0,0,0
2020-09-21,US,Kansas,Coffey,108,8,0,38.2365018,-95.73379515,20031.0,1320.4548233280352,7.407407407407407,100,108,8,0,100,108,8233,0,0,0,0,0
2020-09-21,US,Kansas,Comanche,10,0,0,37.19114520000001,-99.27113247,20033.0,588.2352941176471,0.0,10,10,0,0,10,10,1748,0,0,0,0,0
2020-09-21,US,Kansas,Cowley,342,3,0,37.23781842,-96.83776647,20035.0,979.718116191131,0.8771929824561403,339,321,3,0,318,321,35218,21,0,0,21,0
2020-09-21,US,Kansas,Crawford,978,6,0,37.50675523,-94.85245778,20037.0,2519.449739811428,0.6134969325153374,972,951,6,0,945,951,39019,27,0,0,27,0
2020-09-21,US,Kansas,Decatur,21,0,0,39.78468441,-100.45940809999999,20039.0,742.8369296073578,0.0,21,15,0,0,15,15,2871,6,0,0,6,0
2020-09-21,US,Kansas,Dickinson,130,1,0,38.86600962,-97.15532383,20041.0,703.9965341709088,0.7692307692307693,129,112,1,0,111,112,18717,18,0,0,18,0
2020-09-21,US,Kansas,Doniphan,105,0,0,39.79067154,-95.14056866,20043.0,1381.578947368421,0.0,105,105,0,0,105,105,7682,0,0,0,0,0
2020-09-21,US,Kansas,Douglas,2087,10,0,38.88503636,-95.2925121,20045.0,1707.0317931604218,0.4791566842357451,2077,1999,10,0,1989,1999,121436,88,0,0,88,0
2020-09-21,US,Kansas,Edwards,44,0,0,37.88735543,-99.31263309,20047.0,1572.5518227305215,0.0,44,44,0,0,44,44,2849,0,0,0,0,0
2020-09-21,US,Kansas,Elk,1,0,0,37.45338105,-96.24369667,20049.0,39.52569169960474,0.0,1,1,0,0,1,1,2508,0,0,0,0,0
2020-09-21,US,Kansas,Ellis,889,3,0,38.91458712,-99.31751551,20051.0,3113.508212797254,0.3374578177727784,886,775,3,0,772,775,28710,114,0,0,114,0
2020-09-21,US,Kansas,Ellsworth,32,0,0,38.69677695,-98.20462799,20053.0,524.4182235332678,0.0,32,26,0,0,26,26,6196,6,0,0,6,0
2020-09-21,US,Kansas,Finney,2031,12,0,38.04340344,-100.73819379999999,20055.0,5569.418926700853,0.5908419497784343,2019,2031,12,0,2019,2031,36611,0,0,0,0,0
2020-09-21,US,Kansas,Ford,2655,10,0,37.69200114,-99.88825298,20057.0,7897.319967875309,0.3766478342749529,2645,2593,10,0,2583,2593,33888,62,0,0,62,0
2020-09-21,US,Kansas,Franklin,320,3,0,38.56443815,-95.28644341,20059.0,1252.740369558409,0.9375,317,304,3,0,301,304,25631,16,0,0,16,0
2020-09-21,US,Kansas,Geary,286,2,0,38.99871131,-96.7577178,20061.0,903.0628354910008,0.6993006993006993,284,281,2,0,279,281,32594,5,0,0,5,0
2020-09-21,US,Kansas,Gove,25,0,0,38.91588178,-100.4829321,20063.0,948.4066767830043,0.0,25,25,0,0,25,25,2612,0,0,0,0,0
2020-09-21,US,Kansas,Graham,30,1,0,39.34987223,-99.88332493,20065.0,1208.70265914585,3.333333333333333,29,30,1,0,29,30,2492,0,0,0,0,0
2020-09-21,US,Kansas,Grant,240,5,0,37.56227336,-101.3079758,20067.0,3356.643356643357,2.083333333333333,235,236,5,0,231,215,7336,4,0,0,4,21
2020-09-21,US,Kansas,Gray,122,0,0,37.73836671,-100.4369088,20069.0,2037.408149632599,0.0,122,122,0,0,122,122,6033,0,0,0,0,0
2020-09-21,US,Kansas,Greeley,7,0,0,38.4808095,-101.8061079,20071.0,568.1818181818181,0.0,7,6,0,0,6,6,1227,1,0,0,1,0
2020-09-21,US,Kansas,Greenwood,47,0,0,37.8774388,-96.23250453,20073.0,785.6904045469742,0.0,47,47,0,0,47,47,6055,0,0,0,0,0
2020-09-21,US,Kansas,Hamilton,42,0,0,37.99978709,-101.7921066,20075.0,1654.1945647892871,0.0,42,42,0,0,42,42,2607,0,0,0,0,0
2020-09-21,US,Kansas,Harper,120,2,0,37.19175361,-98.07578384,20077.0,2207.5055187637968,1.6666666666666667,118,119,2,0,117,119,5506,1,0,0,1,0
2020-09-21,US,Kansas,Harvey,341,4,0,38.04293782,-97.42747573,20079.0,990.4441023555723,1.1730205278592376,337,335,4,0,331,335,34210,6,0,0,6,0
2020-09-21,US,Kansas,Haskell,103,1,0,37.562039399999996,-100.8710738,20081.0,2595.766129032258,0.9708737864077671,102,103,1,0,102,103,3997,0,0,0,0,0
2020-09-21,US,Kansas,Hodgeman,22,0,0,38.08780079,-99.89829881,20083.0,1226.3099219620958,0.0,22,21,0,0,21,21,1818,1,0,0,1,0
2020-09-21,US,Kansas,Jackson,234,2,0,39.41673394,-95.79356799,20085.0,1776.6304760458584,0.8547008547008547,232,231,2,0,229,231,13280,3,0,0,3,0
2020-09-21,US,Kansas,Jefferson,180,2,0,39.2347941,-95.38289232,20087.0,945.2292180853856,1.1111111111111112,178,177,2,0,175,177,18975,3,0,0,3,0
2020-09-21,US,Kansas,Jewell,15,1,0,39.78470589,-98.21820662,20089.0,521.0142410559222,6.666666666666668,14,15,1,0,14,15,2841,0,0,0,0,0
2020-09-21,US,Kansas,Johnson,10236,141,0,38.88548175,-94.82250877,20091.0,1699.2003665332559,1.3774912075029309,10095,10180,141,0,10039,10083,597555,56,0,0,56,97
2020-09-21,US,Kansas,Kearny,80,1,0,38.00017981,-101.32168100000001,20093.0,2084.4189682126107,1.25,79,79,1,0,78,79,3943,1,0,0,1,0
2020-09-21,US,Kansas,Kingman,74,1,0,37.55909527,-98.13638678,20095.0,1034.675615212528,1.351351351351351,73,73,1,0,72,69,7310,1,0,0,1,4
2020-09-21,US,Kansas,Kiowa,24,0,0,37.55848695,-99.2856537,20097.0,969.6969696969696,0.0,24,17,0,0,17,17,2516,7,0,0,7,0
2020-09-21,US,Kansas,Labette,226,4,0,37.19113093,-95.29849679,20099.0,1152.0032623101233,1.7699115044247788,222,225,4,0,221,225,19964,1,0,0,1,0
2020-09-21,US,Kansas,Lane,12,0,0,38.48119447,-100.46607540000001,20101.0,781.7589576547231,0.0,12,12,0,0,12,12,1560,0,0,0,0,0
2020-09-21,US,Kansas,Leavenworth,1923,11,0,39.20183497,-95.03620809,20103.0,2352.0634066391062,0.5720228809152366,1912,1877,10,0,1867,1877,81352,46,1,0,45,0
2020-09-21,US,Kansas,Lincoln,12,0,0,39.04549684,-98.20756994,20105.0,405.1316677920324,0.0,12,12,0,0,12,12,3023,0,0,0,0,0
2020-09-21,US,Kansas,Linn,68,0,0,38.21267844,-94.84254089,20107.0,700.8141811810782,0.0,68,66,0,0,66,66,9750,2,0,0,2,0
2020-09-21,US,Kansas,Logan,7,0,0,38.91735806,-101.148475,20109.0,250.53686471009303,0.0,7,7,0,0,7,7,2844,0,0,0,0,0
2020-09-21,US,Kansas,Lyon,1088,27,0,38.45576156,-96.15275715,20111.0,3277.6020485012805,2.481617647058824,1061,1073,27,0,1046,1073,33406,15,0,0,15,0
2020-09-21,US,Kansas,Marion,72,1,0,38.35855394,-97.09852509999999,20115.0,605.8566139347022,1.3888888888888888,71,72,1,0,71,72,11950,0,0,0,0,0
2020-09-21,US,Kansas,Marshall,19,0,0,39.78359669,-96.52278974,20117.0,195.73503657154632,0.0,19,19,0,0,19,19,9722,0,0,0,0,0
2020-09-21,US,Kansas,McPherson,273,1,0,38.39184858,-97.64769869,20113.0,956.4851797351273,0.3663003663003663,272,269,1,0,268,269,28537,4,0,0,4,0
2020-09-21,US,Kansas,Meade,99,1,0,37.23859987,-100.36483100000001,20119.0,2454.7483263079603,1.0101010101010102,98,95,1,0,94,95,4146,4,0,0,4,0
2020-09-21,US,Kansas,Miami,328,1,0,38.56383358,-94.83832189,20121.0,958.0278645909397,0.3048780487804878,327,314,1,0,313,314,33680,14,0,0,14,0
2020-09-21,US,Kansas,Mitchell,45,0,0,39.39331582,-98.20906732,20123.0,752.6342197691922,0.0,45,44,0,0,44,44,6150,1,0,0,1,0
2020-09-21,US,Kansas,Montgomery,368,5,0,37.19236568,-95.74329258,20125.0,1156.178327939929,1.358695652173913,363,358,5,0,353,358,32120,10,0,0,10,0
2020-09-21,US,Kansas,Morris,28,0,0,38.68827511,-96.65128437,20127.0,498.220640569395,0.0,28,27,0,0,27,27,5521,1,0,0,1,0
2020-09-21,US,Kansas,Morton,15,2,0,37.19141121,-101.79925190000002,20129.0,579.8221878623889,13.333333333333336,13,14,2,0,12,14,2667,1,0,0,1,0
2020-09-21,US,Kansas,Nemaha,84,1,0,39.78345387,-96.01392079,20131.0,821.034112012511,1.1904761904761905,83,75,1,0,74,75,10155,9,0,0,9,0
2020-09-21,US,Kansas,Neosho,161,0,0,37.55862897,-95.30670046,20133.0,1005.8099581433124,0.0,161,161,0,0,161,161,15951,0,0,0,0,0
2020-09-21,US,Kansas,Ness,67,6,0,38.47974157,-99.91547333,20135.0,2436.3636363636365,8.955223880597012,61,64,6,0,58,64,2840,3,0,0,3,0
2020-09-21,US,Kansas,Norton,29,0,0,39.78443827,-99.90286639,20137.0,540.9438537586271,0.0,29,28,0,0,28,28,5430,1,0,0,1,0
2020-09-21,US,Kansas,Osage,91,0,0,38.65235984,-95.72707998,20139.0,570.5686876920183,0.0,91,90,0,0,90,90,15941,1,0,0,1,0
2020-09-21,US,Kansas,Osborne,5,0,0,39.3503437,-98.76753828,20141.0,146.1560947091494,0.0,5,5,0,0,5,5,3475,0,0,0,0,0
2020-09-21,US,Kansas,Ottawa,50,0,0,39.13237408,-97.65020313,20143.0,876.577840112202,0.0,50,48,0,0,48,48,5802,2,0,0,2,0
2020-09-21,US,Kansas,Pawnee,336,1,0,38.18108732,-99.23692334,20145.0,5238.540692235734,0.2976190476190476,335,328,1,0,327,328,6562,8,0,0,8,0
2020-09-21,US,Kansas,Phillips,96,8,0,39.78465501,-99.34668865,20147.0,1834.1612533435232,8.333333333333334,88,86,8,0,78,86,5317,10,0,0,10,0
2020-09-21,US,Kansas,Pottawatomie,230,0,0,39.37925655,-96.34564657,20149.0,943.2801542057992,0.0,230,219,0,0,219,219,24277,11,0,0,11,0
2020-09-21,US,Kansas,Pratt,67,0,0,37.64780729,-98.73922153,20151.0,731.1217808817113,0.0,67,63,0,0,63,63,9378,4,0,0,4,0
2020-09-21,US,Kansas,Rawlins,6,0,0,39.78525843,-101.07616170000001,20153.0,237.15415019762847,0.0,6,4,0,0,4,4,2508,2,0,0,2,0
2020-09-21,US,Kansas,Reno,960,3,0,37.95230263,-98.08607292,20155.0,1548.437046356334,0.3125,957,957,3,0,954,955,62342,3,0,0,3,2
2020-09-21,US,Kansas,Republic,45,1,0,39.82799632,-97.65036709,20157.0,970.6643658326144,2.2222222222222223,44,42,1,0,41,42,4664,3,0,0,3,0
2020-09-21,US,Kansas,Rice,67,1,0,38.34616184,-98.19992118,20159.0,702.5270001048548,1.492537313432836,66,66,1,0,65,66,9531,1,0,0,1,0
2020-09-21,US,Kansas,Riley,1655,8,0,39.28935726,-96.73420026,20161.0,2229.496713007867,0.4833836858006042,1647,1588,8,0,1580,1588,73703,67,0,0,67,0
2020-09-21,US,Kansas,Rooks,57,0,0,39.35022773,-99.32484567,20163.0,1158.5365853658534,0.0,57,54,0,0,54,54,5013,3,0,0,3,0
2020-09-21,US,Kansas,Rush,40,0,0,38.52275276,-99.30863983,20165.0,1317.5230566534915,0.0,40,40,0,0,40,40,3093,0,0,0,0,0
2020-09-21,US,Kansas,Russell,83,0,0,38.91462787,-98.76254297,20167.0,1210.6184364060678,0.0,83,75,0,0,75,75,6907,8,0,0,8,0
2020-09-21,US,Kansas,Saline,667,11,0,38.78369175,-97.65185177,20169.0,1230.0826202419596,1.6491754122938531,656,637,9,0,628,637,54401,30,2,0,28,0
2020-09-21,US,Kansas,Scott,106,1,0,38.48222076,-100.90665390000001,20171.0,2197.802197802198,0.9433962264150944,105,102,1,0,101,102,4897,4,0,0,4,0
2020-09-21,US,Kansas,Sedgwick,8090,82,0,37.6842718,-97.4608198,20173.0,1567.7018537250844,1.0135970333745363,8008,8049,81,0,7968,7996,513607,41,1,0,40,53
2020-09-21,US,Kansas,Seward,1637,5,0,37.19324632,-100.85072009999999,20175.0,7639.537054321448,0.30543677458766033,1632,1637,5,0,1632,1637,21780,0,0,0,0,0
2020-09-21,US,Kansas,Shawnee,2577,30,0,39.04100763,-95.75572640000001,20177.0,1456.9611307420496,1.1641443538998837,2547,2537,28,0,2509,2537,177499,40,2,0,38,0
2020-09-21,US,Kansas,Sheridan,13,0,0,39.35018161,-100.44182590000001,20179.0,515.6683855612852,0.0,13,12,0,0,12,12,2533,1,0,0,1,0
2020-09-21,US,Kansas,Sherman,27,0,0,39.35147699,-101.71976240000001,20181.0,456.3123204326517,0.0,27,24,0,0,24,24,5899,3,0,0,3,0
2020-09-21,US,Kansas,Smith,5,0,0,39.78516566,-98.78566062,20183.0,139.54786491766677,0.0,5,5,0,0,5,5,3603,0,0,0,0,0
2020-09-21,US,Kansas,Stafford,54,1,0,38.03100851,-98.71762001,20185.0,1299.3262752646774,1.851851851851852,53,53,1,0,52,53,4178,1,0,0,1,0
2020-09-21,US,Kansas,Stanton,48,2,0,37.56304714,-101.78435340000001,20187.0,2392.8215353938185,4.166666666666667,46,48,2,0,46,48,1987,0,0,0,0,0
2020-09-21,US,Kansas,Stevens,128,1,0,37.1923008,-101.3118967,20189.0,2333.6371923427528,0.78125,127,121,1,0,120,121,5559,7,0,0,7,0
2020-09-21,US,Kansas,Sumner,182,3,0,37.23682549,-97.47721621,20191.0,796.9872131721843,1.6483516483516485,179,169,3,0,166,169,22996,13,0,0,13,0
2020-09-21,US,Kansas,Thomas,126,0,0,39.35107575,-101.0553705,20193.0,1620.1620162016202,0.0,126,126,0,0,126,120,7711,0,0,0,0,6
2020-09-21,US,Kansas,Trego,46,3,0,38.91467218,-99.87284448,20195.0,1641.0988226899753,6.521739130434782,43,46,3,0,43,46,2793,0,0,0,0,0
2020-09-21,US,Kansas,Wabaunsee,66,1,0,38.95471985,-96.20350509,20197.0,952.2435435002163,1.5151515151515151,65,66,1,0,65,66,6899,0,0,0,0,0
2020-09-21,US,Kansas,Wallace,17,0,0,38.91686134,-101.76388759999999,20199.0,1119.8945981554677,0.0,17,16,0,0,16,16,1503,1,0,0,1,0
2020-09-21,US,Kansas,Washington,17,0,0,39.78420784,-97.08753229999999,20201.0,314.46540880503153,0.0,17,16,0,0,16,16,5420,1,0,0,1,0
2020-09-21,US,Kansas,Wichita,6,0,0,38.48178252,-101.3471509,20203.0,283.15243039169417,0.0,6,5,0,0,5,5,2105,1,0,0,1,0
2020-09-21,US,Kansas,Wilson,59,2,0,37.55937174,-95.74323255,20205.0,692.0821114369502,3.3898305084745757,57,58,2,0,56,58,8665,1,0,0,1,0
2020-09-21,US,Kansas,Woodson,15,0,0,37.8865336,-95.74006277,20207.0,478.0114722753346,0.0,15,13,0,0,13,13,3183,2,0,0,2,0
2020-09-21,US,Kansas,Wyandotte,6693,133,0,39.11727348,-94.76378225,20209.0,4045.844440817511,1.9871507545196476,6560,6684,133,0,6551,6659,165324,9,0,0,9,25
2020-09-21,US,Kentucky,Adair,295,19,0,37.10459774,-85.28129668,21001.0,1536.2983022601813,6.4406779661016955,276,294,19,0,275,294,19215,1,0,0,1,0
2020-09-21,US,Kentucky,Allen,307,9,0,36.75197631,-86.19457544,21003.0,1440.3002580342481,2.931596091205212,298,302,9,0,293,300,21122,5,0,0,5,2
2020-09-21,US,Kentucky,Anderson,144,1,0,38.00671029,-84.99171713,21005.0,633.050512155449,0.6944444444444444,143,143,1,0,142,143,22663,1,0,0,1,0
2020-09-21,US,Kentucky,Ballard,52,1,0,37.05842757,-88.99427697,21007.0,659.2292089249493,1.9230769230769231,51,52,1,0,51,52,7979,0,0,0,0,0
2020-09-21,US,Kentucky,Barren,651,13,0,36.96469836,-85.93338945,21009.0,1471.2196885805329,1.996927803379416,638,647,13,0,634,637,44176,4,0,0,4,10
2020-09-21,US,Kentucky,Bath,79,1,0,38.14735938,-83.74588932,21011.0,632.0,1.2658227848101269,78,79,1,0,78,79,12383,0,0,0,0,0
2020-09-21,US,Kentucky,Bell,476,12,0,36.73355174,-83.67766671,21013.0,1828.518746158574,2.5210084033613445,464,472,12,0,460,470,26569,4,0,0,4,2
2020-09-21,US,Kentucky,Boone,1509,25,0,38.97065142,-84.72615357,21015.0,1129.6516720192242,1.656726308813784,1484,1504,25,0,1479,1496,131533,5,0,0,5,8
2020-09-21,US,Kentucky,Bourbon,170,1,0,38.2054607,-84.21827874,21017.0,859.1065292096222,0.5882352941176471,169,169,1,0,168,166,20184,1,0,0,1,3
2020-09-21,US,Kentucky,Boyd,401,6,0,38.36176608,-82.68652187,21019.0,858.3415385932617,1.4962593516209477,395,398,6,0,392,390,47240,3,0,0,3,8
2020-09-21,US,Kentucky,Boyle,256,0,0,37.62680923,-84.8633779,21021.0,851.6300731869594,0.0,256,253,0,0,253,250,30100,3,0,0,3,3
2020-09-21,US,Kentucky,Bracken,39,0,0,38.69158994,-84.08532444,21023.0,469.70974346621705,0.0,39,39,0,0,39,39,8239,0,0,0,0,0
2020-09-21,US,Kentucky,Breathitt,82,0,0,37.52333168,-83.31959161,21025.0,649.2478226444972,0.0,82,82,0,0,82,82,12726,0,0,0,0,0
2020-09-21,US,Kentucky,Breckinridge,124,2,0,37.77377239,-86.42885017,21027.0,605.557454705279,1.6129032258064515,122,124,2,0,122,124,20388,0,0,0,0,0
2020-09-21,US,Kentucky,Bullitt,817,9,0,37.97162523,-85.68955617,21029.0,1000.2938439688527,1.1015911872705018,808,814,9,0,805,804,81069,3,0,0,3,10
2020-09-21,US,Kentucky,Butler,334,16,0,37.20946153,-86.68748787,21031.0,2593.3690503921107,4.790419161676646,318,334,16,0,318,333,12772,0,0,0,0,1
2020-09-21,US,Kentucky,Caldwell,140,0,0,37.14749129,-87.86948214,21033.0,1098.2976386600772,0.0,140,139,0,0,139,137,12715,1,0,0,1,2
2020-09-21,US,Kentucky,Calloway,536,8,0,36.62093411,-88.2731593,21035.0,1374.3237352888389,1.492537313432836,528,534,8,0,526,517,39135,2,0,0,2,17
2020-09-21,US,Kentucky,Campbell,831,16,0,38.94384345,-84.37875208,21037.0,887.9723029577707,1.9253910950661848,815,831,16,0,815,825,93152,0,0,0,0,6
2020-09-21,US,Kentucky,Carlisle,75,1,0,36.85372876,-88.96692220000001,21039.0,1575.6302521008404,1.3333333333333333,74,75,1,0,74,74,4771,0,0,0,0,1
2020-09-21,US,Kentucky,Carroll,195,5,0,38.66599534,-85.12601074,21041.0,1834.2583011946194,2.5641025641025643,190,195,5,0,190,195,10737,0,0,0,0,0
2020-09-21,US,Kentucky,Carter,161,3,0,38.31690743,-83.05092385,21043.0,600.8135239019292,1.8633540372670807,158,158,3,0,155,155,27004,3,0,0,3,3
2020-09-21,US,Kentucky,Casey,269,15,0,37.32533118,-84.92726209,21045.0,1664.7069744414878,5.5762081784386615,254,267,15,0,252,266,15888,2,0,0,2,1
2020-09-21,US,Kentucky,Christian,1112,18,0,36.89267803,-87.49055367,21047.0,1578.1779991768494,1.6187050359712232,1094,1110,18,0,1092,1107,71671,2,0,0,2,3
2020-09-21,US,Kentucky,Clark,300,8,0,37.9689263,-84.14615986,21049.0,827.2895237569975,2.6666666666666665,292,298,8,0,290,298,36249,2,0,0,2,0
2020-09-21,US,Kentucky,Clay,291,6,0,37.16451126,-83.712575,21051.0,1462.238078488518,2.061855670103093,285,290,6,0,284,289,20105,1,0,0,1,1
2020-09-21,US,Kentucky,Clinton,106,2,0,36.72581156,-85.13377529,21053.0,1037.3850068506556,1.8867924528301887,104,106,2,0,104,101,10206,0,0,0,0,5
2020-09-21,US,Kentucky,Crittenden,118,1,0,37.35839237,-88.08826090000002,21055.0,1339.9954576425164,0.8474576271186439,117,118,1,0,117,118,8915,0,0,0,0,0
2020-09-21,US,Kentucky,Cumberland,97,0,0,36.78926125,-85.39050034,21057.0,1466.5860296341095,0.0,97,97,0,0,97,97,6659,0,0,0,0,0
2020-09-21,US,Kentucky,Daviess,1281,14,0,37.73028906,-87.09019479999998,21059.0,1261.9322043916422,1.0928961748633879,1267,1275,14,0,1261,1266,101104,6,0,0,6,9
2020-09-21,US,Kentucky,Edmonson,131,12,0,37.21218923,-86.23955613,21061.0,1078.1893004115227,9.16030534351145,119,130,12,0,118,130,12274,1,0,0,1,0
2020-09-21,US,Kentucky,Elliott,35,0,0,38.11624059,-83.09771563,21063.0,465.6112810961821,0.0,35,35,0,0,35,35,7508,0,0,0,0,0
2020-09-21,US,Kentucky,Estill,127,0,0,37.69241417,-83.95956369,21065.0,900.3261023677867,0.0,127,126,0,0,126,125,14198,1,0,0,1,1
2020-09-21,US,Kentucky,Fayette,5573,70,0,38.0368225,-84.45576892,21067.0,1724.5754319948508,1.256055984209582,5503,5446,70,0,5376,5378,323780,127,0,0,127,68
2020-09-21,US,Kentucky,Fleming,82,0,0,38.36758311,-83.69657514,21069.0,562.3756943968177,0.0,82,82,0,0,82,82,14432,0,0,0,0,0
2020-09-21,US,Kentucky,Floyd,173,2,0,37.56213922,-82.74750924,21071.0,486.10525724240637,1.1560693641618498,171,172,2,0,170,170,35845,1,0,0,1,2
2020-09-21,US,Kentucky,Franklin,597,12,0,38.2379395,-84.87962551,21073.0,1170.7948461493206,2.010050251256281,585,595,11,0,584,594,50815,2,1,0,1,1
2020-09-21,US,Kentucky,Fulton,140,2,0,36.55238827,-89.20140068,21075.0,2345.451499413637,1.4285714285714286,138,140,2,0,138,139,6120,0,0,0,0,1
2020-09-21,US,Kentucky,Gallatin,96,8,0,38.75398691,-84.8558382,21077.0,1082.4219190438607,8.333333333333334,88,96,8,0,88,96,8832,0,0,0,0,0
2020-09-21,US,Kentucky,Garrard,148,3,0,37.638866799999995,-84.53289319,21079.0,837.7674629231293,2.0270270270270268,145,148,3,0,145,147,17560,0,0,0,0,1
2020-09-21,US,Kentucky,Grant,154,6,0,38.64962758,-84.62415957,21081.0,614.3045195261078,3.8961038961038965,148,153,6,0,147,153,25121,1,0,0,1,0
2020-09-21,US,Kentucky,Graves,715,29,0,36.72292505,-88.65143315,21083.0,1918.6389738635755,4.055944055944056,686,712,29,0,683,707,37317,3,0,0,3,5
2020-09-21,US,Kentucky,Grayson,376,13,0,37.46231118,-86.34248968,21085.0,1422.787300866538,3.4574468085106385,363,366,13,0,353,364,26321,10,0,0,10,2
2020-09-21,US,Kentucky,Green,254,8,0,37.26484328,-85.5540745,21087.0,2321.542820583128,3.1496062992125986,246,252,8,0,244,250,11049,2,0,0,2,2
2020-09-21,US,Kentucky,Greenup,369,4,0,38.54332505,-82.9215658,21089.0,1051.3419568066556,1.084010840108401,365,365,4,0,361,352,35268,4,0,0,4,13
2020-09-21,US,Kentucky,Hancock,73,0,0,37.83766422,-86.78280584,21091.0,836.9639990827792,0.0,73,73,0,0,73,73,8758,0,0,0,0,0
2020-09-21,US,Kentucky,Hardin,1209,10,0,37.6976111,-85.96319251,21093.0,1089.6014708267994,0.8271298593879239,1199,1206,10,0,1196,1197,110356,3,0,0,3,9
2020-09-21,US,Kentucky,Harlan,366,10,0,36.85699301,-83.21899516,21095.0,1407.1510957324106,2.7322404371584703,356,366,10,0,356,366,26409,0,0,0,0,0
2020-09-21,US,Kentucky,Harrison,167,0,0,38.44188174,-84.32869741,21097.0,884.2528857354654,0.0,167,167,0,0,167,167,18778,0,0,0,0,0
2020-09-21,US,Kentucky,Hart,165,1,0,37.29943898,-85.88461055,21099.0,866.8242710795903,0.6060606060606061,164,165,1,0,164,162,18906,0,0,0,0,3
2020-09-21,US,Kentucky,Henderson,662,3,0,37.79344553,-87.57392021,21101.0,1464.277814642778,0.4531722054380665,659,655,3,0,652,648,45591,7,0,0,7,7
2020-09-21,US,Kentucky,Henry,187,2,0,38.44942688,-85.11587507,21103.0,1159.6180081855389,1.0695187165775402,185,186,2,0,184,186,16106,1,0,0,1,0
2020-09-21,US,Kentucky,Hickman,74,0,0,36.67948079999999,-88.97875928,21105.0,1689.4977168949772,0.0,74,74,0,0,74,74,4421,0,0,0,0,0
2020-09-21,US,Kentucky,Hopkins,602,39,0,37.30939025,-87.54670406,21107.0,1347.1780870966295,6.4784053156146175,563,595,39,0,556,594,45068,7,0,0,7,1
2020-09-21,US,Kentucky,Jackson,345,17,0,37.41866422,-83.99825483,21109.0,2588.341210893541,4.9275362318840585,328,345,17,0,328,343,13442,0,0,0,0,2
2020-09-21,US,Kentucky,Jefferson,14564,296,0,38.18664655,-85.65931031,21111.0,1899.4283717005521,2.0324086789343587,14268,14504,296,0,14208,14424,770517,60,0,0,60,80
2020-09-21,US,Kentucky,Jessamine,576,0,0,37.87119786,-84.58252003,21113.0,1064.3998891250114,0.0,576,575,0,0,575,571,53920,1,0,0,1,4
2020-09-21,US,Kentucky,Johnson,146,1,0,37.85106355,-82.8264322,21115.0,658.0133405444384,0.6849315068493149,145,146,1,0,145,145,22386,0,0,0,0,1
2020-09-21,US,Kentucky,Kenton,1952,45,0,38.93950319,-84.53241199,21117.0,1168.876273967353,2.305327868852459,1907,1947,45,0,1902,1939,166051,5,0,0,5,8
2020-09-21,US,Kentucky,Knott,158,1,0,37.35388197,-82.94981134,21119.0,1067.134945292449,0.6329113924050633,157,147,1,0,146,139,15126,11,0,0,11,8
2020-09-21,US,Kentucky,Knox,448,9,0,36.89225732,-83.85403396,21121.0,1438.4331353347247,2.008928571428572,439,448,9,0,439,440,31304,0,0,0,0,8
2020-09-21,US,Kentucky,Larue,112,1,0,37.54567114,-85.70138352,21123.0,777.8858174746492,0.8928571428571429,111,112,1,0,111,112,14307,0,0,0,0,0
2020-09-21,US,Kentucky,Laurel,765,6,0,37.10975748,-84.11321779,21125.0,1257.9547136303092,0.7843137254901961,759,762,6,0,756,761,60669,3,0,0,3,1
2020-09-21,US,Kentucky,Lawrence,55,0,0,38.07136018,-82.72882223,21127.0,359.0781484624926,0.0,55,55,0,0,55,54,15571,0,0,0,0,1
2020-09-21,US,Kentucky,Lee,18,0,0,37.59645942,-83.71513901,21129.0,243.1446710792921,0.0,18,18,0,0,18,18,7033,0,0,0,0,0
2020-09-21,US,Kentucky,Leslie,64,0,0,37.09246661,-83.37999606,21131.0,647.9700313860484,0.0,64,60,0,0,60,53,10143,4,0,0,4,7
2020-09-21,US,Kentucky,Letcher,119,2,0,37.12306748,-82.85346474,21133.0,552.1273140630075,1.680672268907563,117,117,2,0,115,116,21899,2,0,0,2,1
2020-09-21,US,Kentucky,Lewis,220,14,0,38.53184419,-83.37735618,21135.0,1657.2504708097933,6.363636363636362,206,218,14,0,204,217,13257,2,0,0,2,1
2020-09-21,US,Kentucky,Lincoln,179,13,0,37.45475628,-84.6565327,21137.0,729.1539370239113,7.2625698324022325,166,179,13,0,166,179,24644,0,0,0,0,0
2020-09-21,US,Kentucky,Livingston,83,1,0,37.21137452,-88.34797529,21139.0,902.7626713073744,1.2048192771084338,82,82,1,0,81,81,9242,1,0,0,1,1
2020-09-21,US,Kentucky,Logan,528,27,0,36.85949479,-86.877635,21141.0,1948.1957051140134,5.113636363636363,501,548,27,0,521,545,26989,-20,0,0,-20,3
2020-09-21,US,Kentucky,Lyon,66,4,0,37.02080035,-88.07886257,21143.0,803.8976857490865,6.0606060606060606,62,66,4,0,62,66,8009,0,0,0,0,0
2020-09-21,US,Kentucky,Madison,1632,6,0,37.71659336,-84.27220275,21151.0,1755.084044006151,0.36764705882352944,1626,1615,6,0,1609,1601,92368,17,0,0,17,14
2020-09-21,US,Kentucky,Magoffin,80,0,0,37.70820545,-83.0657714,21153.0,657.840638105419,0.0,80,80,0,0,80,79,12362,0,0,0,0,1
2020-09-21,US,Kentucky,Marion,217,7,0,37.55218078,-85.26898542,21155.0,1125.9274632906138,3.2258064516129035,210,216,7,0,209,215,19404,1,0,0,1,1
2020-09-21,US,Kentucky,Marshall,276,2,0,36.88007070000001,-88.32803576,21157.0,887.459807073955,0.7246376811594203,274,271,2,0,269,260,31191,5,0,0,5,11
2020-09-21,US,Kentucky,Martin,74,3,0,37.79990579,-82.51247478,21159.0,661.0093791871371,4.0540540540540535,71,74,3,0,71,74,11323,0,0,0,0,0
2020-09-21,US,Kentucky,Mason,120,2,0,38.59471935,-83.82151043,21161.0,702.9876977152901,1.6666666666666667,118,120,2,0,118,120,17150,0,0,0,0,0
2020-09-21,US,Kentucky,McCracken,691,6,0,37.05350953,-88.70445755,21145.0,1056.2842031245225,0.8683068017366136,685,682,6,0,676,682,65346,9,0,0,9,0
2020-09-21,US,Kentucky,McCreary,143,0,0,36.73874143,-84.48102924,21147.0,829.8995995589345,0.0,143,143,0,0,143,140,17408,0,0,0,0,3
2020-09-21,US,Kentucky,McLean,72,1,0,37.5301951,-87.26803443,21149.0,782.0136852394917,1.3888888888888888,71,72,1,0,71,72,9252,0,0,0,0,0
2020-09-21,US,Kentucky,Meade,191,3,0,37.96163597,-86.21028219,21163.0,668.4866302673946,1.5706806282722514,188,189,3,0,186,188,28715,2,0,0,2,1
2020-09-21,US,Kentucky,Menifee,42,0,0,37.94090733,-83.59985712,21165.0,647.2491909385112,0.0,42,42,0,0,42,42,6451,0,0,0,0,0
2020-09-21,US,Kentucky,Mercer,195,2,0,37.81474237,-84.87488475,21167.0,889.0712624811928,1.0256410256410255,193,195,2,0,193,193,21774,0,0,0,0,2
2020-09-21,US,Kentucky,Metcalfe,107,2,0,36.99459295,-85.63123699,21169.0,1062.4565584351108,1.8691588785046729,105,106,2,0,104,106,10030,1,0,0,1,0
2020-09-21,US,Kentucky,Monroe,202,4,0,36.71225341,-85.71596443,21171.0,1896.7136150234744,1.98019801980198,198,200,4,0,196,200,10718,2,0,0,2,0
2020-09-21,US,Kentucky,Montgomery,242,3,0,38.03253032,-83.9145241,21173.0,859.4665624889018,1.2396694214876034,239,240,3,0,237,237,28203,2,0,0,2,3
2020-09-21,US,Kentucky,Morgan,52,0,0,37.92465657,-83.25558245,21175.0,390.7130513186565,0.0,52,52,0,0,52,52,13345,0,0,0,0,0
2020-09-21,US,Kentucky,Muhlenberg,738,12,0,37.21425819,-87.14632053,21177.0,2410.032003135001,1.6260162601626016,726,736,12,0,724,732,30774,2,0,0,2,4
2020-09-21,US,Kentucky,Nelson,474,4,0,37.80335779,-85.4657193,21179.0,1025.2417104665499,0.8438818565400844,470,474,4,0,470,473,45851,0,0,0,0,1
2020-09-21,US,Kentucky,Nicholas,29,1,0,38.33342292,-84.01889177,21181.0,398.95446416288354,3.4482758620689653,28,29,1,0,28,29,7166,0,0,0,0,0
2020-09-21,US,Kentucky,Ohio,440,9,0,37.47751843,-86.85368087,21183.0,1833.791781278653,2.0454545454545454,431,440,9,0,431,438,24087,0,0,0,0,2
2020-09-21,US,Kentucky,Oldham,1062,25,0,38.39791089,-85.448222,21185.0,1589.8441593437024,2.3540489642184563,1037,1060,25,0,1035,1059,66470,2,0,0,2,1
2020-09-21,US,Kentucky,Owen,91,2,0,38.51679143,-84.82404619,21187.0,834.7857994679387,2.1978021978021984,89,91,2,0,89,91,10880,0,0,0,0,0
2020-09-21,US,Kentucky,Owsley,37,1,0,37.42823949,-83.68811419,21189.0,838.0520951302377,2.702702702702702,36,37,1,0,36,37,4472,0,0,0,0,0
2020-09-21,US,Kentucky,Pendleton,92,0,0,38.69607718,-84.35599463,21191.0,630.5688827964359,0.0,92,92,0,0,92,92,14529,0,0,0,0,0
2020-09-21,US,Kentucky,Perry,326,8,0,37.25023553,-83.22922731,21193.0,1265.6262132153115,2.4539877300613497,318,326,8,0,318,326,26092,0,0,0,0,0
2020-09-21,US,Kentucky,Pike,392,3,0,37.47088263,-82.39487445,21195.0,677.3101112723755,0.7653061224489796,389,387,3,0,384,381,58402,5,0,0,5,6
2020-09-21,US,Kentucky,Powell,91,0,0,37.83218794,-83.82553961,21197.0,736.3055263370823,0.0,91,91,0,0,91,90,12442,0,0,0,0,1
2020-09-21,US,Kentucky,Pulaski,746,10,0,37.10466131,-84.57629079,21199.0,1148.0632204250605,1.3404825737265416,736,740,10,0,730,728,64623,6,0,0,6,12
2020-09-21,US,Kentucky,Robertson,12,0,0,38.51923469,-84.05055616,21201.0,569.2599620493359,0.0,12,12,0,0,12,12,2135,0,0,0,0,0
2020-09-21,US,Kentucky,Rockcastle,159,1,0,37.36642393,-84.31176452,21203.0,952.3809523809523,0.6289308176100629,158,159,1,0,158,159,16750,0,0,0,0,0
2020-09-21,US,Kentucky,Rowan,206,1,0,38.19484205,-83.42088935,21205.0,842.1913327882255,0.4854368932038835,205,204,1,0,203,203,24583,2,0,0,2,1
2020-09-21,US,Kentucky,Russell,240,6,0,36.99308373,-85.06070117,21207.0,1339.0615410366568,2.5,234,239,6,0,233,238,17821,1,0,0,1,1
2020-09-21,US,Kentucky,Scott,716,10,0,38.29622293,-84.5816631,21209.0,1256.0522068626765,1.3966480446927374,706,715,9,0,706,715,56031,1,1,0,0,0
2020-09-21,US,Kentucky,Shelby,1031,24,0,38.21476019,-85.194223,21211.0,2103.0515665796343,2.327837051406401,1007,1030,25,0,1005,1026,48518,1,-1,0,2,4
2020-09-21,US,Kentucky,Simpson,264,8,0,36.74058474,-86.58047435,21213.0,1421.494723239285,3.0303030303030303,256,264,8,0,256,264,18529,0,0,0,0,0
2020-09-21,US,Kentucky,Spencer,197,0,0,38.03223971,-85.32749335,21215.0,1018.0352436566586,0.0,197,197,0,0,197,197,18794,0,0,0,0,0
2020-09-21,US,Kentucky,Taylor,286,6,0,37.3677562,-85.3329931,21217.0,1109.86068531957,2.097902097902098,280,285,6,0,279,281,25549,1,0,0,1,4
2020-09-21,US,Kentucky,Todd,175,8,0,36.8381152,-87.17878374,21219.0,1423.45859768993,4.571428571428571,167,178,8,0,170,178,12311,-3,0,0,-3,0
2020-09-21,US,Kentucky,Trigg,162,0,0,36.80767017,-87.87333656,21221.0,1105.7265715650808,0.0,162,162,0,0,162,161,14643,0,0,0,0,1
2020-09-21,US,Kentucky,Trimble,57,0,0,38.61056487,-85.33775972,21223.0,672.8839570298667,0.0,57,57,0,0,57,57,8515,0,0,0,0,0
2020-09-21,US,Kentucky,Union,290,2,0,37.66166713,-87.94300009,21225.0,2016.5496140741254,0.6896551724137931,288,289,2,0,287,285,14505,1,0,0,1,4
2020-09-21,US,Kentucky,Warren,4158,41,0,36.99903045,-86.42672751,21227.0,3128.7623404767637,0.986050986050986,4117,4143,41,0,4102,4125,131264,15,0,0,15,18
2020-09-21,US,Kentucky,Washington,142,1,0,37.75599461,-85.17407732,21229.0,1174.038859032658,0.7042253521126759,141,142,1,0,141,141,12084,0,0,0,0,1
2020-09-21,US,Kentucky,Wayne,129,0,0,36.80310688,-84.8251971,21231.0,634.4366301086902,0.0,129,126,0,0,126,125,20468,3,0,0,3,1
2020-09-21,US,Kentucky,Webster,149,3,0,37.52168356,-87.67989953,21233.0,1151.290372430845,2.0134228187919465,146,148,3,0,145,147,13111,1,0,0,1,1
2020-09-21,US,Kentucky,Whitley,282,2,0,36.75700531,-84.14541217,21235.0,777.6307081403046,0.7092198581560284,280,277,2,0,275,277,36242,5,0,0,5,0
2020-09-21,US,Kentucky,Wolfe,31,0,0,37.73941626,-83.49303612,21237.0,433.1423780913791,0.0,31,30,0,0,30,30,7177,1,0,0,1,0
2020-09-21,US,Kentucky,Woodford,256,0,0,38.04178222,-84.7417556,21239.0,957.5821051844092,0.0,256,252,0,0,252,252,26533,4,0,0,4,0
2020-09-21,US,Louisiana,Acadia,2929,96,0,30.295064899999996,-92.41419698,22001.0,4720.767185107583,3.2775691362239674,2833,2920,96,0,2824,2917,62190,9,0,0,9,3
2020-09-21,US,Louisiana,Allen,1534,46,0,30.65385745,-92.82442028,22003.0,5985.874273227455,2.9986962190352022,1488,1529,45,0,1484,1530,25605,5,1,0,4,-1
2020-09-21,US,Louisiana,Ascension,3685,96,0,30.20406249,-90.91328409999998,22005.0,2910.6505323686456,2.605156037991859,3589,3684,96,0,3588,3657,124672,1,0,0,1,27
2020-09-21,US,Louisiana,Assumption,753,24,0,29.89946234,-91.06461642,22007.0,3439.769768397972,3.187250996015936,729,750,24,0,726,740,22300,3,0,0,3,10
2020-09-21,US,Louisiana,Avoyelles,1469,53,0,31.07796211,-92.00079449,22009.0,3659.326424870466,3.607896528250511,1416,1468,53,0,1415,1461,40462,1,0,0,1,7
2020-09-21,US,Louisiana,Beauregard,986,37,0,30.64836518,-93.34173616,22011.0,2629.54369682908,3.752535496957404,949,983,37,0,946,980,37253,3,0,0,3,3
2020-09-21,US,Louisiana,Bienville,453,32,0,32.34569994,-93.05398492,22013.0,3421.1917528887548,7.064017660044151,421,454,32,0,422,452,13308,-1,0,0,-1,2
2020-09-21,US,Louisiana,Bossier,3122,106,0,32.67932307,-93.60460152,22015.0,2457.5130471744897,3.395259449071108,3016,3119,106,0,3013,3068,127185,3,0,0,3,51
2020-09-21,US,Louisiana,Caddo,8270,348,0,32.57991587,-93.88375652,22017.0,3442.9068625002087,4.207980652962515,7922,8236,347,0,7889,8188,242922,34,1,0,33,48
2020-09-21,US,Louisiana,Calcasieu,7745,209,0,30.22931235,-93.35400434,22019.0,3807.09412296742,2.6985151710781152,7536,7744,209,0,7535,7708,203112,1,0,0,1,36
2020-09-21,US,Louisiana,Caldwell,301,3,0,32.0902519,-92.11752148,22021.0,3034.88606573906,0.9966777408637874,298,300,3,0,297,298,9960,1,0,0,1,2
2020-09-21,US,Louisiana,Cameron,223,2,0,29.87592238,-93.19310676,22023.0,3198.049619962713,0.8968609865470852,221,221,2,0,219,220,6968,2,0,0,2,1
2020-09-21,US,Louisiana,Catahoula,429,10,0,31.66778967,-91.84526385,22025.0,4518.643353697073,2.331002331002331,419,430,10,0,420,426,9608,-1,0,0,-1,4
2020-09-21,US,Louisiana,Claiborne,494,21,0,32.82308512,-92.99526883,22027.0,3152.520740268028,4.251012145748988,473,493,20,0,473,485,15944,1,1,0,0,8
2020-09-21,US,Louisiana,Concordia,501,13,0,31.44817835,-91.63814433,22029.0,2601.3811724388597,2.594810379241517,488,499,13,0,486,499,19572,2,0,0,2,0
2020-09-21,US,Louisiana,De Soto,880,35,0,32.05457447,-93.74130302,22031.0,3204.311255143284,3.977272727272727,845,882,35,0,847,876,27436,-2,0,0,-2,6
2020-09-21,US,Louisiana,East Baton Rouge,14909,437,0,30.53842039,-91.09777565,22033.0,3387.9547969704063,2.9311154336306937,14472,14890,437,0,14453,14813,440956,19,0,0,19,77
2020-09-21,US,Louisiana,East Carroll,541,4,0,32.73926954,-91.23425694,22035.0,7885.147937618422,0.7393715341959335,537,541,4,0,537,541,7037,0,0,0,0,0
2020-09-21,US,Louisiana,East Feliciana,1731,66,0,30.84425359,-91.04976723,22037.0,9046.250326626601,3.812824956672444,1665,1731,66,0,1665,1713,19305,0,0,0,0,18
2020-09-21,US,Louisiana,Evangeline,1297,32,0,30.72985248,-92.39915924,22039.0,3883.81494235664,2.4672320740169624,1265,1296,31,0,1265,1288,33443,1,1,0,0,8
2020-09-21,US,Louisiana,Franklin,1193,37,0,32.13675181,-91.67589857,22041.0,5960.5296027979,3.1014249790444257,1156,1188,36,0,1152,1179,20156,5,1,0,4,9
2020-09-21,US,Louisiana,Grant,483,30,0,31.59882456,-92.56124347,22043.0,2157.3093930054943,6.211180124223603,453,483,30,0,453,479,22482,0,0,0,0,4
2020-09-21,US,Louisiana,Iberia,2880,89,0,29.86803617,-91.75871777,22045.0,4124.3018759845345,3.0902777777777777,2791,2869,89,0,2780,2868,70941,11,0,0,11,1
2020-09-21,US,Louisiana,Iberville,1400,58,0,30.25734305,-91.3499598,22047.0,4306.234812832578,4.142857142857143,1342,1401,58,0,1343,1403,32721,-1,0,0,-1,-2
2020-09-21,US,Louisiana,Jackson,628,22,0,32.30251776,-92.55692092,22049.0,3988.8211382113823,3.5031847133757963,606,628,22,0,606,611,15902,0,0,0,0,17
2020-09-21,US,Louisiana,Jefferson,17299,565,0,29.74075478,-90.11115756,22051.0,3999.833523317141,3.2660847447829355,16734,17274,565,0,16709,17198,434051,25,0,0,25,76
2020-09-21,US,Louisiana,Jefferson Davis,1225,39,0,30.26896765,-92.81210004,22053.0,3905.253761795461,3.1836734693877546,1186,1228,38,0,1190,1219,31582,-3,1,0,-4,9
2020-09-21,US,Louisiana,LaSalle,421,7,0,31.67884782,-92.15907765,22059.0,2827.0212194466826,1.66270783847981,414,418,7,0,411,417,14917,3,0,0,3,1
2020-09-21,US,Louisiana,Lafayette,8822,123,0,30.2049055,-92.06959876,22055.0,3609.804001800401,1.3942416685558832,8699,8829,122,0,8707,8778,242782,-7,1,0,-8,51
2020-09-21,US,Louisiana,Lafourche,3548,119,0,29.52470226,-90.40976986,22057.0,3634.7245272194564,3.3540022547914314,3429,3540,119,0,3421,3523,98115,8,0,0,8,17
2020-09-21,US,Louisiana,Lincoln,1162,47,0,32.6003154,-92.66597409999999,22061.0,2485.98690685037,4.0447504302925985,1115,1139,47,0,1092,1097,47196,23,0,0,23,42
2020-09-21,US,Louisiana,Livingston,3714,73,0,30.44143993,-90.73061664,22063.0,2637.990183892208,1.9655358104469571,3641,3710,73,0,3637,3677,139567,4,0,0,4,33
2020-09-21,US,Louisiana,Madison,863,8,0,32.36918118,-91.23973355,22065.0,7880.558853072779,0.9269988412514484,855,862,8,0,854,861,11161,1,0,0,1,1
2020-09-21,US,Louisiana,Morehouse,748,20,0,32.81686191,-91.80421614,22067.0,3007.156066575541,2.6737967914438503,728,747,20,0,727,743,25398,1,0,0,1,4
2020-09-21,US,Louisiana,Natchitoches,1087,25,0,31.72321584,-93.09816516,22069.0,2848.681796739871,2.2999080036798527,1062,1085,25,0,1060,1071,38659,2,0,0,2,14
2020-09-21,US,Louisiana,Orleans,12345,587,0,30.06971951,-89.92660315,22071.0,3164.216289370079,4.754961522883758,11758,12343,587,0,11756,12287,391006,2,0,0,2,56
2020-09-21,US,Louisiana,Ouachita,6092,141,0,32.47645559,-92.15704172,22073.0,3974.451816621977,2.314510833880499,5951,6077,141,0,5936,6010,154475,15,0,0,15,67
2020-09-21,US,Louisiana,Plaquemines,664,19,0,29.42245447,-89.60322085,22075.0,2862.439108505411,2.8614457831325297,645,665,19,0,646,661,23410,-1,0,0,-1,4
2020-09-21,US,Louisiana,Pointe Coupee,1045,40,0,30.71409502,-91.60209535,22077.0,4809.01978831109,3.827751196172249,1005,1041,40,0,1001,1037,21940,4,0,0,4,4
2020-09-21,US,Louisiana,Rapides,4097,146,0,31.19778499,-92.52997303,22079.0,3160.095026533383,3.563583109592385,3951,4088,146,0,3942,4067,130562,9,0,0,9,21
2020-09-21,US,Louisiana,Red River,355,21,0,32.09530039,-93.34213308,22081.0,4205.164652925847,5.915492957746478,334,355,21,0,334,351,8477,0,0,0,0,4
2020-09-21,US,Louisiana,Richland,745,10,0,32.41391005,-91.76634876,22083.0,3702.4152668720794,1.342281879194631,735,744,10,0,734,746,20192,1,0,0,1,-2
2020-09-21,US,Louisiana,Sabine,835,13,0,31.56388699,-93.55433981,22085.0,3496.0643108357067,1.5568862275449102,822,835,13,0,822,825,24032,0,0,0,0,10
2020-09-21,US,Louisiana,St. Bernard,1361,29,0,29.87761636,-89.51887093,22087.0,2880.789094911522,2.13078618662748,1332,1359,29,0,1330,1350,46721,2,0,0,2,9
2020-09-21,US,Louisiana,St. Charles,1763,59,0,29.90709658,-90.35555967,22089.0,3320.15065913371,3.3465683494044245,1704,1763,59,0,1704,1756,52879,0,0,0,0,7
2020-09-21,US,Louisiana,St. Helena,399,4,0,30.82210324,-90.71013176,22091.0,3938.018160284248,1.0025062656641603,395,398,4,0,394,399,10262,1,0,0,1,-1
2020-09-21,US,Louisiana,St. James,792,40,0,30.02531716,-90.80212061,22093.0,3754.266211604096,5.05050505050505,752,791,40,0,751,792,21037,1,0,0,1,-1
2020-09-21,US,Louisiana,St. John the Baptist,1579,98,0,30.12597499,-90.4753503,22095.0,3686.0657842519317,6.206459784673843,1481,1579,98,0,1481,1574,43184,0,0,0,0,5
2020-09-21,US,Louisiana,St. Landry,3260,124,0,30.59724262,-92.00135806,22097.0,3969.6069358531013,3.803680981595092,3136,3260,124,0,3136,3248,82764,0,0,0,0,12
2020-09-21,US,Louisiana,St. Martin,2058,61,0,30.13112107,-91.61403569,22099.0,3851.696580636709,2.9640427599611274,1997,2056,60,0,1996,2062,53621,2,1,0,1,-6
2020-09-21,US,Louisiana,St. Mary,1891,77,0,29.69262097,-91.44702164,22101.0,3831.968874118505,4.0719196192490745,1814,1889,77,0,1812,1865,49774,2,0,0,2,24
2020-09-21,US,Louisiana,St. Tammany,6828,251,0,30.40942847,-89.95642711,22103.0,2621.928507520573,3.676039835969537,6577,6814,251,0,6563,6779,258111,14,0,0,14,35
2020-09-21,US,Louisiana,Tangipahoa,4385,117,0,30.62888673,-90.40664996,22105.0,3253.981210762997,2.66818700114025,4268,4376,117,0,4259,4365,133777,9,0,0,9,11
2020-09-21,US,Louisiana,Tensas,159,2,0,32.00760749,-91.32915234,22107.0,3668.666359021689,1.2578616352201255,157,160,2,0,158,158,4462,-1,0,0,-1,2
2020-09-21,US,Louisiana,Terrebonne,3588,110,0,29.37343766,-90.82626855,22109.0,3248.205248911381,3.06577480490524,3478,3585,110,0,3475,3566,111021,3,0,0,3,19
2020-09-21,US,Louisiana,Unassigned,196,170,0,0.0,0.0,90022.0,0.0,86.73469387755102,26,195,170,0,25,190,,1,0,0,1,5
2020-09-21,US,Louisiana,Union,945,42,0,32.83121059,-92.3749373,22111.0,4274.4707798082145,4.4444444444444455,903,942,42,0,900,940,22330,3,0,0,3,2
2020-09-21,US,Louisiana,Vermilion,2002,58,0,29.83517605,-92.30292538,22113.0,3364.083950866226,2.897102897102897,1944,2007,57,0,1950,1991,59830,-5,1,0,-6,16
2020-09-21,US,Louisiana,Vernon,1036,46,0,31.10884837,-93.18153838,22115.0,2184.3176115878478,4.440154440154441,990,1035,46,0,989,1024,48860,1,0,0,1,11
2020-09-21,US,Louisiana,Washington,1598,65,0,30.85288548,-90.03866652,22117.0,3459.3237216954576,4.067584480600751,1533,1595,65,0,1530,1587,46582,3,0,0,3,8
2020-09-21,US,Louisiana,Webster,1177,22,0,32.70847669,-93.33121835,22119.0,3069.9008868022947,1.8691588785046729,1155,1179,22,0,1157,1174,38798,-2,0,0,-2,5
2020-09-21,US,Louisiana,West Baton Rouge,889,41,0,30.46058217,-91.30989571,22121.0,3359.153599093142,4.611923509561304,848,886,41,0,845,878,26427,3,0,0,3,8
2020-09-21,US,Louisiana,West Carroll,339,9,0,32.78550125,-91.461201,22123.0,3130.193905817175,2.6548672566371683,330,341,9,0,332,336,10982,-2,0,0,-2,5
2020-09-21,US,Louisiana,West Feliciana,708,25,0,30.87882871,-91.41485379999999,22125.0,4547.7903391572445,3.5310734463276834,683,682,25,0,657,678,15460,26,0,0,26,4
2020-09-21,US,Louisiana,Winn,606,18,0,31.94449367,-92.63789413,22127.0,4358.457997698504,2.9702970297029703,588,608,18,0,590,603,14134,-2,0,0,-2,5
2020-09-21,US,Maine,Androscoggin,687,10,0,44.1664747,-70.20380627,23001.0,634.4837777182596,1.4556040756914117,677,682,10,0,672,674,107679,5,0,0,5,8
2020-09-21,US,Maine,Aroostook,42,1,0,46.65926321,-68.59841248,23003.0,62.63515024979496,2.380952380952381,41,42,1,0,41,41,67111,0,0,0,0,1
2020-09-21,US,Maine,Cumberland,2283,70,0,43.8370751,-70.37226999,23005.0,773.8904350125251,3.0661410424879545,2213,2282,70,0,2212,2273,293557,1,0,0,1,9
2020-09-21,US,Maine,Franklin,59,1,0,44.97330019,-70.44381045,23007.0,195.37070763932581,1.6949152542372878,58,59,1,0,58,58,29897,0,0,0,0,1
2020-09-21,US,Maine,Hancock,53,1,0,44.59816444,-68.38401854,23009.0,96.38641860803465,1.8867924528301887,52,53,1,0,52,53,54811,0,0,0,0,0
2020-09-21,US,Maine,Kennebec,206,11,0,44.40759555,-69.76738544,23011.0,168.43551209301566,5.339805825242719,195,206,11,0,195,205,122083,0,0,0,0,1
2020-09-21,US,Maine,Knox,36,1,0,44.11486325,-69.10529169,23013.0,90.51594086291864,2.7777777777777777,35,35,1,0,34,35,39771,1,0,0,1,0
2020-09-21,US,Maine,Lincoln,39,1,0,44.05996956,-69.54227124,23015.0,112.60610960328,2.5641025641025643,38,39,1,0,38,39,34342,0,0,0,0,0
2020-09-21,US,Maine,Oxford,125,1,0,44.49952995,-70.75682123,23017.0,215.610176800345,0.8,124,121,0,0,121,114,57618,4,1,0,3,7
2020-09-21,US,Maine,Penobscot,252,6,0,45.40194593,-68.65020455,23019.0,165.62820411704394,2.380952380952381,246,252,6,0,246,252,151096,0,0,0,0,0
2020-09-21,US,Maine,Piscataquis,8,0,0,45.83839062,-69.2860223,23021.0,47.66160262138814,0.0,8,8,0,0,8,8,16800,0,0,0,0,0
2020-09-21,US,Maine,Sagadahoc,64,0,0,43.95415864,-69.85074999,23023.0,178.491744756805,0.0,64,64,0,0,64,64,35634,0,0,0,0,0
2020-09-21,US,Maine,Somerset,86,8,0,45.51229767,-69.95995554,23025.0,170.35100229775767,9.30232558139535,78,86,8,0,78,85,50592,0,0,0,0,1
2020-09-21,US,Maine,Waldo,73,14,0,44.4858305,-69.12061935,23027.0,183.809643711444,19.17808219178082,59,73,14,0,59,73,39694,0,0,0,0,0
2020-09-21,US,Maine,Washington,15,0,0,45.01607142,-67.62813524,23029.0,47.802670575862855,0.0,15,15,0,0,15,15,31490,0,0,0,0,0
2020-09-21,US,Maine,York,1078,15,0,43.47808377,-70.71052375,23031.0,519.1652900920338,1.391465677179963,1063,1060,15,0,1045,1045,206229,18,0,0,18,15
2020-09-21,US,Maryland,Allegany,447,22,0,39.62357628,-78.69280486,24001.0,634.7989093387866,4.921700223713646,425,444,22,0,422,443,70975,3,0,0,3,1
2020-09-21,US,Maryland,Anne Arundel,9677,244,0,39.00670238,-76.60329337,24003.0,1670.6546922314649,2.5214425958458198,9433,9622,244,0,9378,9559,576031,55,0,0,55,63
2020-09-21,US,Maryland,Baltimore,17486,619,0,39.45784712,-76.62911955,24005.0,2113.4438038604253,3.5399748370124677,16867,17423,619,0,16804,17365,828431,63,0,0,63,58
2020-09-21,US,Maryland,Baltimore City,15259,483,0,39.30211911,-76.61151012,24510.0,2571.062696928339,3.165345042270136,14776,15226,482,0,14744,15204,621342,33,1,0,32,22
2020-09-21,US,Maryland,Calvert,913,28,0,38.53961642,-76.56820632,24009.0,986.7603350445828,3.0668127053669223,885,907,28,0,879,905,92003,6,0,0,6,2
2020-09-21,US,Maryland,Caroline,636,4,0,38.87172293,-75.82904158,24011.0,1903.8496078548765,0.6289308176100629,632,634,4,0,630,632,33304,2,0,0,2,2
2020-09-21,US,Maryland,Carroll,1912,124,0,39.56453592,-77.02373735,24013.0,1135.0751274881713,6.485355648535565,1788,1909,124,0,1785,1900,168429,3,0,0,3,9
2020-09-21,US,Maryland,Cecil,1010,33,0,39.56647682,-75.94627411,24015.0,981.9649020465704,3.267326732673267,977,997,33,0,964,985,102826,13,0,0,13,12
2020-09-21,US,Maryland,Charles,2703,99,0,38.51092331,-76.98580666,24017.0,1655.6717322993811,3.6625971143174247,2604,2694,98,0,2596,2686,161503,9,1,0,8,8
2020-09-21,US,Maryland,Dorchester,575,10,0,38.45413522,-76.02752426,24019.0,1800.8706818253,1.7391304347826086,565,571,10,0,561,568,31998,4,0,0,4,3
2020-09-21,US,Maryland,Frederick,3935,129,0,39.47296601,-77.39999394,24021.0,1516.1030564791733,3.2782719186785263,3806,3914,129,0,3785,3896,255648,21,0,0,21,18
2020-09-21,US,Maryland,Garrett,72,1,0,39.52786077,-79.27355126,24023.0,248.1560625904736,1.3888888888888888,71,72,1,0,71,72,29163,0,0,0,0,0
2020-09-21,US,Maryland,Harford,2937,76,0,39.55010644,-76.30775940000002,24025.0,1149.7762692754882,2.5876744977868573,2861,2931,76,0,2855,2915,253956,6,0,0,6,16
2020-09-21,US,Maryland,Howard,4961,120,0,39.25305293,-76.93126208,24027.0,1523.2276090761154,2.41886716387825,4841,4941,120,0,4821,4912,323196,20,0,0,20,29
2020-09-21,US,Maryland,Kent,296,24,0,39.24976208,-76.04741541,24029.0,1524.0448975388733,8.108108108108109,272,295,24,0,271,295,19383,1,0,0,1,0
2020-09-21,US,Maryland,Montgomery,21877,838,0,39.13676329,-77.20358245,24031.0,2082.1594992995065,3.830506925081136,21039,21814,838,0,20976,21760,1052567,63,0,0,63,54
2020-09-21,US,Maryland,Prince George's,28629,816,0,38.83070039,-76.8496441,24033.0,3148.372367696109,2.8502567326836425,27813,28555,816,0,27739,28495,909308,74,0,0,74,60
2020-09-21,US,Maryland,Queen Anne's,638,26,0,39.06198912,-76.03530977,24035.0,1266.3504098767391,4.075235109717869,612,637,26,0,611,634,50251,1,0,0,1,3
2020-09-21,US,Maryland,Somerset,246,4,0,38.1163542,-75.75118623,24039.0,960.3372891942537,1.6260162601626016,242,244,4,0,240,244,25675,2,0,0,2,0
2020-09-21,US,Maryland,St. Mary's,1259,57,0,38.30058422,-76.60629279999998,24037.0,1109.1533785569554,4.527402700555997,1202,1253,57,0,1196,1248,112664,6,0,0,6,5
2020-09-21,US,Maryland,Talbot,542,5,0,38.76618159,-76.10882561,24041.0,1457.733788763078,0.922509225092251,537,539,5,0,534,528,36968,3,0,0,3,11
2020-09-21,US,Maryland,Unassigned,0,10,0,0.0,0.0,90024.0,0.0,0.0,-10,0,9,0,-9,0,,0,1,0,-1,0
2020-09-21,US,Maryland,Washington,1654,37,0,39.60835778,-77.82002295,24043.0,1095.0089043952626,2.237001209189843,1617,1646,36,0,1610,1627,150926,8,1,0,7,19
2020-09-21,US,Maryland,Wicomico,1902,48,0,38.37301947,-75.62705831,24045.0,1835.7478597419145,2.5236593059936907,1854,1893,48,0,1845,1879,103195,9,0,0,9,14
2020-09-21,US,Maryland,Worcester,1002,26,0,38.21274277,-75.33200012,24047.0,1916.749560027546,2.594810379241517,976,995,26,0,969,992,51823,7,0,0,7,3
2020-09-21,US,Massachusetts,Barnstable,1713,172,0,41.72980578,-70.28854339,25001.0,804.2631109441758,10.040863981319324,1541,1706,172,0,1534,1705,213413,7,0,0,7,1
2020-09-21,US,Massachusetts,Berkshire,702,49,0,42.37428441,-73.20524838,25003.0,561.8517095658855,6.980056980056981,653,701,49,0,652,701,126348,1,0,0,1,0
2020-09-21,US,Massachusetts,Bristol,9811,685,0,41.79228404,-71.10872211,25005.0,1735.7935093955066,6.981959025583528,9126,9788,685,0,9103,9746,564022,23,0,0,23,42
2020-09-21,US,Massachusetts,Dukes and Nantucket,150,1,0,41.40674725,-70.68763497,0.0,522.0841599665866,0.6666666666666666,149,150,1,0,149,150,26707,0,0,0,0,0
2020-09-21,US,Massachusetts,Essex,19086,1269,0,42.6687626,-70.94687179,25009.0,2418.9071700332306,6.648852562087394,17817,19074,1268,0,17806,19022,790638,12,1,0,11,52
2020-09-21,US,Massachusetts,Franklin,403,67,0,42.58119713,-72.58602547,25011.0,574.2376745511542,16.62531017369727,336,403,67,0,336,403,70963,0,0,0,0,0
2020-09-21,US,Massachusetts,Hampden,8011,772,0,42.13440424,-72.63235561,25013.0,1717.7274793512477,9.636749469479463,7239,7986,772,0,7214,7966,470406,25,0,0,25,20
2020-09-21,US,Massachusetts,Hampshire,1206,141,0,42.33997957,-72.65898478,25015.0,749.8601007274762,11.691542288557216,1065,1206,141,0,1065,1205,161355,0,0,0,0,1
2020-09-21,US,Massachusetts,Middlesex,26784,2123,0,42.48607732,-71.39049229,25017.0,1661.8487695283054,7.926373954599762,24661,26732,2122,0,24610,26644,1614714,52,1,0,51,88
2020-09-21,US,Massachusetts,Norfolk,10065,1048,0,42.16073095,-71.20530408,25021.0,1424.074139577659,10.412319920516644,9017,10044,1047,0,8997,10015,705388,21,1,0,20,29
2020-09-21,US,Massachusetts,Plymouth,9540,761,0,41.94070556,-70.80802823,25023.0,1830.3843807199512,7.976939203354298,8779,9533,760,0,8773,9516,518132,7,1,0,6,17
2020-09-21,US,Massachusetts,Suffolk,23798,1131,0,42.327951399999996,-71.07850442,25025.0,2960.2926706696167,4.752500210101688,22667,23741,1131,0,22610,23674,807252,57,0,0,57,67
2020-09-21,US,Massachusetts,Unassigned,2413,5,0,0.0,0.0,90025.0,0.0,0.20721094073767096,2408,2397,5,0,2392,2384,,16,0,0,16,13
2020-09-21,US,Massachusetts,Worcester,14114,1093,0,42.35026951,-71.90493363,25027.0,1699.2085449217575,7.744083888337821,13021,14079,1090,0,12989,14050,830839,35,3,0,32,29
2020-09-21,US,Michigan,Alcona,41,2,0,44.6846864,-83.59507875,26001.0,394.0413262854397,4.878048780487805,39,41,2,0,39,41,10362,0,0,0,0,0
2020-09-21,US,Michigan,Alger,17,0,0,46.41292944,-86.60260122,26003.0,186.649099692578,0.0,17,17,0,0,17,17,9097,0,0,0,0,0
2020-09-21,US,Michigan,Allegan,737,7,0,42.59147037,-85.89102866,26005.0,624.1478307263658,0.949796472184532,730,729,7,0,722,729,117327,8,0,0,8,0
2020-09-21,US,Michigan,Alpena,145,14,0,45.03477666,-83.62212411,26007.0,510.4735081851787,9.655172413793103,131,139,14,0,125,139,28360,6,0,0,6,0
2020-09-21,US,Michigan,Antrim,67,0,0,44.99690221,-85.15503082,26009.0,287.2577602469558,0.0,67,66,0,0,66,66,23365,1,0,0,1,0
2020-09-21,US,Michigan,Arenac,69,3,0,44.0636262,-83.89277559,26011.0,463.61620640999803,4.3478260869565215,66,69,3,0,66,69,15041,0,0,0,0,0
2020-09-21,US,Michigan,Baraga,14,0,0,46.6720582,-88.36363591,26013.0,170.54452430259468,0.0,14,13,0,0,13,13,8320,1,0,0,1,0
2020-09-21,US,Michigan,Barry,282,2,0,42.59513984,-85.30834519,26015.0,458.16409423233137,0.7092198581560284,280,272,2,0,270,272,61157,10,0,0,10,0
2020-09-21,US,Michigan,Bay,971,48,0,43.70639106,-83.98731479,26017.0,941.5666272327057,4.943357363542741,923,956,48,0,908,956,103923,15,0,0,15,0
2020-09-21,US,Michigan,Benzie,79,2,0,44.63899297,-86.01608482,26019.0,444.6695936057638,2.5316455696202533,77,69,2,0,67,69,17753,10,0,0,10,0
2020-09-21,US,Michigan,Berrien,1812,72,0,41.95447397,-86.41313079999998,26021.0,1181.2178538601445,3.9735099337748334,1740,1784,72,0,1712,1784,154141,28,0,0,28,0
2020-09-21,US,Michigan,Branch,576,4,0,41.91600556,-85.05929476,26023.0,1323.6206539972884,0.6944444444444444,572,568,4,0,564,568,43622,8,0,0,8,0
2020-09-21,US,Michigan,Calhoun,1239,45,0,42.24633834,-85.00493569,26025.0,923.5310340715124,3.6319612590799033,1194,1222,44,0,1178,1222,134487,17,1,0,16,0
2020-09-21,US,Michigan,Cass,533,16,0,41.91522292,-85.99405727,26027.0,1029.2158263656904,3.00187617260788,517,514,16,0,498,514,51653,19,0,0,19,0
2020-09-21,US,Michigan,Charlevoix,96,3,0,45.37790017,-85.19614053,26029.0,367.2111081360211,3.125,93,94,3,0,91,94,26244,2,0,0,2,0
2020-09-21,US,Michigan,Cheboygan,89,2,0,45.44787015,-84.50122149,26031.0,352.11267605633805,2.247191011235955,87,88,2,0,86,88,25413,1,0,0,1,0
2020-09-21,US,Michigan,Chippewa,74,0,0,46.29552653,-84.54353449,26033.0,198.13114139602126,0.0,74,75,0,0,75,75,37517,-1,0,0,-1,0
2020-09-21,US,Michigan,Clare,111,4,0,43.98794227,-84.84819859999998,26035.0,358.64297253634896,3.603603603603604,107,108,4,0,104,108,30757,3,0,0,3,0
2020-09-21,US,Michigan,Clinton,633,13,0,42.94400871,-84.60145248,26037.0,795.27608518123,2.0537124802527646,620,620,13,0,607,620,79332,13,0,0,13,0
2020-09-21,US,Michigan,Crawford,119,5,0,44.68255561,-84.61006219,26039.0,848.2429253688788,4.201680672268908,114,118,5,0,113,118,13901,1,0,0,1,0
2020-09-21,US,Michigan,Delta,286,5,0,45.90484910000001,-86.9080745,26041.0,799.239883746926,1.7482517482517483,281,261,5,0,256,261,35857,25,0,0,25,0
2020-09-21,US,Michigan,Dickinson,108,2,0,46.00999672,-87.86961634,26043.0,427.9091881611792,1.851851851851852,106,97,2,0,95,97,25383,11,0,0,11,0
2020-09-21,US,Michigan,Eaton,618,10,0,42.59599185,-84.83740035,26045.0,560.45271520296,1.6181229773462784,608,610,10,0,600,610,109826,8,0,0,8,0
2020-09-21,US,Michigan,Emmet,154,4,0,45.52625509,-84.89083249,26047.0,460.8708663773754,2.5974025974025974,150,152,4,0,148,152,33308,2,0,0,2,0
2020-09-21,US,Michigan,Federal Correctional Institution (FCI),195,5,0,0.0,0.0,0.0,0.0,2.5641025641025643,190,195,5,0,190,195,,0,0,0,0,0
2020-09-21,US,Michigan,Genesee,4334,306,0,43.02244215,-83.70589709,26049.0,1067.9795866569084,7.060452238117214,4028,4267,306,0,3961,4267,406892,67,0,0,67,0
2020-09-21,US,Michigan,Gladwin,91,2,0,43.98901072,-84.38774817,26051.0,357.5779008998389,2.1978021978021984,89,91,2,0,89,91,25337,0,0,0,0,0
2020-09-21,US,Michigan,Gogebic,154,1,0,46.40862701,-89.69377193,26053.0,1101.9677996422183,0.6493506493506493,153,153,1,0,152,153,15096,1,0,0,1,0
2020-09-21,US,Michigan,Grand Traverse,457,7,0,44.69565625,-85.55585247,26055.0,490.9333104159505,1.5317286652078774,450,455,7,0,448,455,92573,2,0,0,2,0
2020-09-21,US,Michigan,Gratiot,250,15,0,43.29265605,-84.60505416,26057.0,614.0846454275257,6.0,235,244,15,0,229,244,40599,6,0,0,6,0
2020-09-21,US,Michigan,Hillsdale,330,27,0,41.88753639,-84.59312019,26059.0,723.6048678872929,8.181818181818182,303,325,27,0,298,325,45749,5,0,0,5,0
2020-09-21,US,Michigan,Houghton,337,1,0,46.89988536,-88.68495385,26061.0,944.4008519224304,0.2967359050445104,336,300,1,0,299,300,36219,37,0,0,37,0
2020-09-21,US,Michigan,Huron,218,5,0,43.83353985,-83.04078453,26063.0,703.6570801458959,2.2935779816513757,213,214,5,0,209,214,31166,4,0,0,4,0
2020-09-21,US,Michigan,Ingham,3242,47,0,42.59716886,-84.37472069,26065.0,1108.7323789525524,1.4497223935842072,3195,3158,45,0,3113,3158,292735,84,2,0,82,0
2020-09-21,US,Michigan,Ionia,349,7,0,42.94502238,-85.07413319,26067.0,539.4376864460485,2.005730659025788,342,349,7,0,342,349,64210,0,0,0,0,0
2020-09-21,US,Michigan,Iosco,204,12,0,44.35486835,-83.63484895,26069.0,811.8756715883313,5.882352941176472,192,190,12,0,178,190,25081,14,0,0,14,0
2020-09-21,US,Michigan,Iron,91,1,0,46.20974132,-88.53136251,26071.0,822.3386951021146,1.0989010989010992,90,66,1,0,65,66,11117,25,0,0,25,0
2020-09-21,US,Michigan,Isabella,672,12,0,43.64060976,-84.84664923,26073.0,961.7586443782916,1.7857142857142858,660,652,12,0,640,652,70562,20,0,0,20,0
2020-09-21,US,Michigan,Jackson,998,44,0,42.24807035,-84.42258681,26075.0,629.6132736104977,4.408817635270541,954,980,44,0,936,980,158823,18,0,0,18,0
2020-09-21,US,Michigan,Kalamazoo,2616,91,0,42.24542231,-85.53038622,26077.0,986.924011378298,3.478593272171254,2525,2580,91,0,2489,2580,264870,36,0,0,36,0
2020-09-21,US,Michigan,Kalkaska,81,4,0,44.68512729,-85.09085699,26079.0,449.0520013305244,4.938271604938271,77,79,4,0,75,79,17824,2,0,0,2,0
2020-09-21,US,Michigan,Kent,9457,174,0,43.03197711,-85.54934642,26081.0,1439.5202106689194,1.8399069472348528,9283,9342,174,0,9168,9342,653786,115,0,0,115,0
2020-09-21,US,Michigan,Keweenaw,7,0,0,47.63197653,-88.41434263,26083.0,330.812854442344,0.0,7,7,0,0,7,7,2113,0,0,0,0,0
2020-09-21,US,Michigan,Lake,32,0,0,43.99050893,-85.802173,26085.0,269.97384628364125,0.0,32,32,0,0,32,32,11881,0,0,0,0,0
2020-09-21,US,Michigan,Lapeer,587,36,0,43.09052506,-83.22153148,26087.0,670.0377823689887,6.132879045996593,551,580,36,0,544,580,88028,7,0,0,7,0
2020-09-21,US,Michigan,Leelanau,110,1,0,44.94430054,-85.80150326,26089.0,505.491475575571,0.9090909090909092,109,108,1,0,107,108,21764,2,0,0,2,0
2020-09-21,US,Michigan,Lenawee,787,16,0,41.89475156,-84.06603727,26091.0,799.3824339011287,2.0330368487928845,771,779,16,0,763,779,98266,8,0,0,8,0
2020-09-21,US,Michigan,Livingston,1332,30,0,42.60302282,-83.91297209,26093.0,693.7680668767416,2.2522522522522523,1302,1312,30,0,1282,1312,191224,20,0,0,20,0
2020-09-21,US,Michigan,Luce,12,0,0,46.47227431,-85.54471223,26095.0,192.6472949109006,0.0,12,12,0,0,12,12,6283,0,0,0,0,0
2020-09-21,US,Michigan,Mackinac,54,0,0,46.07028979,-85.04980537,26097.0,500.0463005833874,0.0,54,54,0,0,54,54,10787,0,0,0,0,0
2020-09-21,US,Michigan,Macomb,14121,1010,0,42.69158356,-82.92752801,26099.0,1615.726819623512,7.152467955527228,13111,13971,1009,0,12962,13971,874759,150,1,0,149,0
2020-09-21,US,Michigan,Manistee,70,2,0,44.33352407,-86.05626916,26101.0,285.03949833048296,2.8571428571428568,68,69,2,0,67,69,24528,1,0,0,1,0
2020-09-21,US,Michigan,Marquette,328,12,0,46.4338914,-87.64043701,26103.0,491.76149567459777,3.6585365853658534,316,315,12,0,303,315,66516,13,0,0,13,0
2020-09-21,US,Michigan,Mason,133,0,0,43.99509218,-86.24988902,26105.0,456.35465275871536,0.0,133,133,0,0,133,133,29100,0,0,0,0,0
2020-09-21,US,Michigan,Mecosta,193,3,0,43.64064262,-85.32463223,26107.0,444.1580558304375,1.5544041450777202,190,186,3,0,183,186,43545,7,0,0,7,0
2020-09-21,US,Michigan,Menominee,324,1,0,45.58038692,-87.55370409,26109.0,1422.3002633889378,0.308641975308642,323,302,1,0,301,302,22983,22,0,0,22,0
2020-09-21,US,Michigan,Michigan Department of Corrections (MDOC),5588,73,0,0.0,0.0,0.0,0.0,1.306370794559771,5515,5563,73,0,5490,5563,,25,0,0,25,0
2020-09-21,US,Michigan,Midland,570,11,0,43.64330771,-84.38804374,26111.0,685.4586560200106,1.9298245614035088,559,553,11,0,542,553,83209,17,0,0,17,0
2020-09-21,US,Michigan,Missaukee,59,1,0,44.33772443,-85.09256478,26113.0,390.2632623362878,1.6949152542372878,58,58,1,0,57,58,15113,1,0,0,1,0
2020-09-21,US,Michigan,Monroe,1471,28,0,41.92734151,-83.53749864,26115.0,977.4086378737544,1.903467029231815,1443,1458,28,0,1430,1458,150439,13,0,0,13,0
2020-09-21,US,Michigan,Montcalm,294,5,0,43.31082541,-85.15252824,26117.0,460.1803155522163,1.7006802721088434,289,289,5,0,284,289,63968,5,0,0,5,0
2020-09-21,US,Michigan,Montmorency,14,0,0,45.0275929,-84.12696227,26119.0,150.08576329331046,0.0,14,14,0,0,14,14,9265,0,0,0,0,0
2020-09-21,US,Michigan,Muskegon,1456,69,0,43.29123859,-86.15176712,26121.0,838.8739730131477,4.739010989010988,1387,1444,69,0,1375,1444,173588,12,0,0,12,0
2020-09-21,US,Michigan,Newaygo,328,1,0,43.554373999999996,-85.80070107,26123.0,669.6610861576154,0.3048780487804878,327,317,1,0,316,317,48892,11,0,0,11,0
2020-09-21,US,Michigan,Oakland,20089,1194,0,42.66090111,-83.38595416,26125.0,1597.4280843267727,5.9435511971725825,18895,19884,1193,0,18691,19884,1259201,205,1,0,204,0
2020-09-21,US,Michigan,Oceana,514,6,0,43.64124435,-86.26726673,26127.0,1942.0410322288133,1.1673151750972763,508,513,6,0,507,513,26625,1,0,0,1,0
2020-09-21,US,Michigan,Ogemaw,62,5,0,44.33481032,-84.12725175,26129.0,295.28027813497164,8.064516129032258,57,61,5,0,56,61,20952,1,0,0,1,0
2020-09-21,US,Michigan,Ontonagon,42,0,0,46.665226200000006,-89.31390481,26131.0,734.2657342657343,0.0,42,42,0,0,42,42,5795,0,0,0,0,0
2020-09-21,US,Michigan,Osceola,91,0,0,43.98992088,-85.32566756,26133.0,387.89428815004266,0.0,91,89,0,0,89,89,23341,2,0,0,2,0
2020-09-21,US,Michigan,Oscoda,30,1,0,44.68192279,-84.12939244,26135.0,364.0334910811795,3.333333333333333,29,30,1,0,29,30,8276,0,0,0,0,0
2020-09-21,US,Michigan,Otsego,171,11,0,45.02085831,-84.59898295,26137.0,693.2057726609372,6.432748538011697,160,168,11,0,157,168,24665,3,0,0,3,0
2020-09-21,US,Michigan,Ottawa,3215,66,0,42.95996803,-85.9969107,26139.0,1101.6687797690436,2.0528771384136864,3149,3146,65,0,3081,3146,290494,69,1,0,68,0
2020-09-21,US,Michigan,Out of MI,229,2,0,0.0,0.0,80026.0,0.0,0.8733624454148472,227,204,2,0,202,204,,25,0,0,25,0
2020-09-21,US,Michigan,Presque Isle,26,1,0,45.34018577,-83.91498656,26141.0,206.48030495552726,3.8461538461538463,25,26,1,0,25,26,12738,0,0,0,0,0
2020-09-21,US,Michigan,Roscommon,91,4,0,44.33473082,-84.61067651,26143.0,378.86673050501685,4.395604395604397,87,88,4,0,84,88,23884,3,0,0,3,0
2020-09-21,US,Michigan,Saginaw,2876,140,0,43.33433923,-84.05131209999998,26145.0,1509.402274599951,4.8678720445062575,2736,2863,138,0,2725,2863,190800,13,2,0,11,0
2020-09-21,US,Michigan,Sanilac,146,7,0,43.42406072,-82.82055898,26151.0,354.62715569589506,4.794520547945205,139,144,7,0,137,144,41182,2,0,0,2,0
2020-09-21,US,Michigan,Schoolcraft,21,0,0,46.19235734,-86.19972234,26153.0,259.45144551519644,0.0,21,21,0,0,21,21,8068,0,0,0,0,0
2020-09-21,US,Michigan,Shiawassee,496,31,0,42.95392800000001,-84.14585902,26155.0,728.1054578550247,6.25,465,491,31,0,460,491,68192,5,0,0,5,0
2020-09-21,US,Michigan,St. Clair,980,53,0,42.92655373,-82.67937954,26147.0,615.85641747524,5.408163265306122,927,977,53,0,924,977,159337,3,0,0,3,0
2020-09-21,US,Michigan,St. Joseph,732,11,0,41.91441767,-85.52797979,26149.0,1200.7086149202808,1.5027322404371584,721,726,11,0,715,726,61043,6,0,0,6,0
2020-09-21,US,Michigan,Tuscola,493,31,0,43.46606813,-83.41897025,26157.0,943.6309694707628,6.288032454361055,462,488,31,0,457,488,52516,5,0,0,5,0
2020-09-21,US,Michigan,Unassigned,29,0,0,0.0,0.0,90026.0,0.0,0.0,29,4,0,0,4,4,,25,0,0,25,0
2020-09-21,US,Michigan,Van Buren,744,17,0,42.25190229,-86.01939087,26159.0,983.1256524439392,2.28494623655914,727,738,17,0,721,738,75448,6,0,0,6,0
2020-09-21,US,Michigan,Washtenaw,3347,115,0,42.253105,-83.83853204,26161.0,910.4980671978584,3.435912757693457,3232,3305,115,0,3190,3305,370963,42,0,0,42,0
2020-09-21,US,Michigan,Wayne,34302,2959,0,42.28098405,-83.281255,26163.0,1960.850444995636,8.626319165063261,31343,34082,2955,0,31127,34082,1753893,220,4,0,216,0
2020-09-21,US,Michigan,Wexford,120,4,0,44.33853602,-85.57712739,26165.0,356.8136540691624,3.333333333333333,116,119,4,0,115,119,33466,1,0,0,1,0
2020-09-21,US,Minnesota,Aitkin,73,1,0,46.60962049,-93.41168259999999,27001.0,459.52410927861007,1.3698630136986298,72,71,1,0,70,70,15902,2,0,0,2,1
2020-09-21,US,Minnesota,Anoka,5801,132,0,45.27476015,-93.24604565,27003.0,1625.2896299181052,2.2754697465954146,5669,5753,132,0,5621,5664,353813,48,0,0,48,89
2020-09-21,US,Minnesota,Becker,248,2,0,46.93479392,-95.67158144,27005.0,720.4485373151672,0.8064516129032258,246,244,2,0,242,242,34371,4,0,0,4,2
2020-09-21,US,Minnesota,Beltrami,379,5,0,47.97373527,-94.93732139,27007.0,803.1702975332712,1.3192612137203166,374,376,4,0,372,371,46847,3,1,0,2,5
2020-09-21,US,Minnesota,Benton,515,3,0,45.69804958,-93.99514135,27009.0,1259.5074469906328,0.5825242718446602,512,511,3,0,508,500,40545,4,0,0,4,11
2020-09-21,US,Minnesota,Big Stone,70,0,0,45.42712824,-96.41403739,27011.0,1402.5245441795232,0.0,70,68,0,0,68,66,4989,2,0,0,2,2
2020-09-21,US,Minnesota,Blue Earth,1611,6,0,44.03554215,-94.06699781,27013.0,2381.2691233204737,0.37243947858473,1605,1598,6,0,1592,1578,67427,13,0,0,13,20
2020-09-21,US,Minnesota,Brown,180,2,0,44.24205652,-94.72562874,27015.0,719.7696737044148,1.1111111111111112,178,173,2,0,171,168,25111,7,0,0,7,5
2020-09-21,US,Minnesota,Carlton,245,1,0,46.59180601,-92.67601019,27017.0,683.0029829109866,0.4081632653061225,244,239,1,0,238,235,35837,6,0,0,6,4
2020-09-21,US,Minnesota,Carver,1360,7,0,44.82017001,-93.80099179999999,27019.0,1294.1411565435012,0.5147058823529411,1353,1351,7,0,1344,1330,103551,9,0,0,9,21
2020-09-21,US,Minnesota,Cass,131,3,0,46.95043611,-94.32603968,27021.0,439.9073172369792,2.2900763358778624,128,125,3,0,122,123,29519,6,0,0,6,2
2020-09-21,US,Minnesota,Chippewa,197,1,0,45.02343421,-95.56403693,27023.0,1669.4915254237287,0.5076142131979695,196,192,1,0,191,189,11924,5,0,0,5,3
2020-09-21,US,Minnesota,Chisago,458,1,0,45.5021011,-92.90861945,27025.0,809.4876190812846,0.2183406113537118,457,444,1,0,443,433,55922,14,0,0,14,11
2020-09-21,US,Minnesota,Clay,1281,40,0,46.89289518,-96.48761922,27027.0,1994.643580081592,3.1225604996096803,1241,1261,40,0,1221,1232,63955,20,0,0,20,29
2020-09-21,US,Minnesota,Clearwater,26,0,0,47.57992111,-95.37790562,27029.0,294.85144023588117,0.0,26,26,0,0,26,25,8810,0,0,0,0,1
2020-09-21,US,Minnesota,Cook,6,0,0,47.90504893,-90.52629546,27031.0,109.82976386600771,0.0,6,6,0,0,6,6,5393,0,0,0,0,0
2020-09-21,US,Minnesota,Cottonwood,219,0,0,44.00715262,-95.18138802,27033.0,1956.0557341907825,0.0,219,219,0,0,219,216,11277,0,0,0,0,3
2020-09-21,US,Minnesota,Crow Wing,439,18,0,46.48096553,-94.06755609,27035.0,674.813619245254,4.100227790432802,421,433,18,0,415,419,64889,6,0,0,6,14
2020-09-21,US,Minnesota,Dakota,7216,125,0,44.67172617,-93.06299363,27037.0,1681.9689479069787,1.7322616407982256,7091,7125,125,0,7000,7048,425423,91,0,0,91,77
2020-09-21,US,Minnesota,Dodge,202,0,0,44.02238415,-92.86244324,27039.0,964.9374223750837,0.0,202,199,0,0,199,190,20822,3,0,0,3,9
2020-09-21,US,Minnesota,Douglas,262,2,0,45.93348491,-95.45335469,27041.0,686.9248315461052,0.7633587786259542,260,249,1,0,248,236,37964,13,1,0,12,13
2020-09-21,US,Minnesota,Faribault,132,0,0,43.67381499,-93.94787458,27043.0,966.820479015601,0.0,132,132,0,0,132,130,13758,0,0,0,0,2
2020-09-21,US,Minnesota,Fillmore,111,0,0,43.67394126,-92.08980382,27045.0,526.8903973038401,0.0,111,108,0,0,108,105,21058,3,0,0,3,3
2020-09-21,US,Minnesota,Freeborn,522,3,0,43.67385583,-93.34884422,27047.0,1723.8532413064295,0.5747126436781609,519,516,3,0,513,511,30444,6,0,0,6,5
2020-09-21,US,Minnesota,Goodhue,332,9,0,44.40849741,-92.72341949999999,27049.0,716.4436771687527,2.710843373493976,323,330,9,0,321,324,46403,2,0,0,2,6
2020-09-21,US,Minnesota,Grant,59,4,0,45.93424769,-96.01139609,27051.0,987.9437374413933,6.779661016949151,55,58,4,0,54,57,6021,1,0,0,1,1
2020-09-21,US,Minnesota,Hennepin,26054,922,0,45.00761521,-93.47694895,27053.0,2058.233130016913,3.5388040224149844,25132,25857,922,0,24935,25628,1259428,197,0,0,197,229
2020-09-21,US,Minnesota,Houston,114,0,0,43.67129565,-91.49143057,27055.0,612.9032258064517,0.0,114,110,0,0,110,107,18578,4,0,0,4,3
2020-09-21,US,Minnesota,Hubbard,83,0,0,47.10778564,-94.91693868,27057.0,386.2081801684426,0.0,83,82,0,0,82,76,21332,1,0,0,1,6
2020-09-21,US,Minnesota,Isanti,265,0,0,45.56181234,-93.29487636,27059.0,652.7736722829835,0.0,265,258,0,0,258,244,39966,7,0,0,7,14
2020-09-21,US,Minnesota,Itasca,282,13,0,47.51009045,-93.63092229,27061.0,624.8615111898959,4.609929078014185,269,277,13,0,264,271,45108,5,0,0,5,6
2020-09-21,US,Minnesota,Jackson,134,1,0,43.67423373,-95.15398258,27063.0,1360.9587649807029,0.746268656716418,133,133,1,0,132,128,9911,1,0,0,1,5
2020-09-21,US,Minnesota,Kanabec,109,8,0,45.9459309,-93.29275192,27065.0,667.1971598212647,7.339449541284404,101,105,8,0,97,103,16207,4,0,0,4,2
2020-09-21,US,Minnesota,Kandiyohi,933,2,0,45.1526059,-95.00586446,27067.0,2159.7722169494664,0.21436227224008572,931,931,2,0,929,918,42855,2,0,0,2,13
2020-09-21,US,Minnesota,Kittson,12,0,0,48.77754106,-96.78317184,27069.0,279.1996277338297,0.0,12,12,0,0,12,12,4248,0,0,0,0,0
2020-09-21,US,Minnesota,Koochiching,111,3,0,48.24539665,-93.78352843,27071.0,907.6784692125276,2.702702702702702,108,105,3,0,102,103,12440,6,0,0,6,2
2020-09-21,US,Minnesota,Lac qui Parle,47,0,0,44.9973857,-96.17488219,27073.0,709.6481956817153,0.0,47,46,0,0,46,43,6658,1,0,0,1,3
2020-09-21,US,Minnesota,Lake,57,0,0,47.64270764,-91.44557998,27075.0,535.6639413588948,0.0,57,53,0,0,53,53,10658,4,0,0,4,0
2020-09-21,US,Minnesota,Lake of the Woods,21,1,0,48.77217001,-94.90274472,27077.0,561.4973262032087,4.761904761904762,20,20,1,0,19,20,3758,1,0,0,1,0
2020-09-21,US,Minnesota,Le Sueur,445,4,0,44.37136597,-93.72844721,27079.0,1540.4853394260394,0.8988764044943821,441,444,4,0,440,443,28494,1,0,0,1,1
2020-09-21,US,Minnesota,Lincoln,102,0,0,44.41311883,-96.26688165,27081.0,1808.8313530767864,0.0,102,102,0,0,102,101,5673,0,0,0,0,1
2020-09-21,US,Minnesota,Lyon,652,4,0,44.41327865,-95.83806103,27083.0,2559.472403234671,0.6134969325153374,648,646,4,0,642,638,25629,6,0,0,6,8
2020-09-21,US,Minnesota,Mahnomen,46,1,0,47.32557075,-95.80921485,27087.0,832.2779084494299,2.1739130434782608,45,45,1,0,44,45,5519,1,0,0,1,0
2020-09-21,US,Minnesota,Marshall,50,1,0,48.35825983,-96.37017407,27089.0,535.5612682090831,2.0,49,49,1,0,48,48,9390,1,0,0,1,1
2020-09-21,US,Minnesota,Martin,329,9,0,43.67429718,-94.55099908,27091.0,1671.4931666920695,2.735562310030395,320,319,9,0,310,304,19785,10,0,0,10,15
2020-09-21,US,Minnesota,McLeod,452,2,0,44.82367677,-94.27287017,27085.0,1259.298470453849,0.4424778761061947,450,446,2,0,444,440,35873,6,0,0,6,6
2020-09-21,US,Minnesota,Meeker,183,2,0,45.12328869,-94.52839455,27093.0,788.0458186202737,1.0928961748633879,181,177,2,0,175,171,23141,6,0,0,6,6
2020-09-21,US,Minnesota,Mille Lacs,150,3,0,45.93705297,-93.63236823,27095.0,570.8414202534536,2.0,147,145,3,0,142,141,26139,5,0,0,5,4
2020-09-21,US,Minnesota,Morrison,208,1,0,46.01265363,-94.27341528,27097.0,623.015635296232,0.4807692307692308,207,203,1,0,202,195,33169,5,0,0,5,8
2020-09-21,US,Minnesota,Mower,1293,5,0,43.67142874,-92.75234549,27099.0,3227.497379062453,0.3866976024748647,1288,1286,4,0,1282,1274,40011,7,1,0,6,12
2020-09-21,US,Minnesota,Murray,157,2,0,44.02216709,-95.76328482,27101.0,1916.0361239931656,1.2738853503184713,155,154,2,0,152,152,8276,3,0,0,3,2
2020-09-21,US,Minnesota,Nicollet,504,16,0,44.35291112,-94.24710352,27103.0,1470.5024216607342,3.1746031746031744,488,499,16,0,483,496,34220,5,0,0,5,3
2020-09-21,US,Minnesota,Nobles,1936,16,0,43.67434621,-95.75329576,27105.0,8950.945489851589,0.8264462809917356,1920,1931,16,0,1915,1926,21924,5,0,0,5,5
2020-09-21,US,Minnesota,Norman,52,0,0,47.32628443,-96.45620947,27107.0,815.686274509804,0.0,52,51,0,0,51,51,6475,1,0,0,1,0
2020-09-21,US,Minnesota,Olmsted,2319,27,0,44.00374114,-92.40209944,27109.0,1465.0047696360543,1.1642949547218628,2292,2287,27,0,2260,2263,156277,32,0,0,32,24
2020-09-21,US,Minnesota,Otter Tail,400,4,0,46.40846929,-95.70835255,27111.0,680.8974228032548,1.0,396,392,4,0,388,379,58812,8,0,0,8,13
2020-09-21,US,Minnesota,Pennington,112,1,0,48.06642577,-96.0370814,27113.0,793.2573128408528,0.8928571428571429,111,112,1,0,111,108,14178,0,0,0,0,4
2020-09-21,US,Minnesota,Pine,284,0,0,46.12105238,-92.74070188,27115.0,960.1406403191452,0.0,284,281,0,0,281,239,29483,3,0,0,3,42
2020-09-21,US,Minnesota,Pipestone,215,9,0,44.02301619,-96.25841142,27117.0,2355.9062020600477,4.186046511627906,206,212,9,0,203,209,9047,3,0,0,3,3
2020-09-21,US,Minnesota,Polk,275,4,0,47.77372465,-96.40134647,27119.0,876.8014283892361,1.4545454545454546,271,273,4,0,269,270,31529,2,0,0,2,3
2020-09-21,US,Minnesota,Pope,89,0,0,45.58606667,-95.44451209,27121.0,791.1814383500757,0.0,89,88,0,0,88,86,11097,1,0,0,1,2
2020-09-21,US,Minnesota,Ramsey,10572,318,0,45.01625271,-93.09872295,27123.0,1921.0606173487838,3.0079455164585696,10254,10492,318,0,10174,10410,550210,80,0,0,80,82
2020-09-21,US,Minnesota,Red Lake,39,0,0,47.87197525,-96.09561104,27125.0,961.7755856966706,0.0,39,39,0,0,39,37,3999,0,0,0,0,2
2020-09-21,US,Minnesota,Redwood,142,0,0,44.40555844,-95.25207021,27127.0,936.058009228741,0.0,142,140,0,0,140,129,15249,2,0,0,2,11
2020-09-21,US,Minnesota,Renville,136,7,0,44.72836381,-94.94553734,27129.0,934.8364036293648,5.147058823529412,129,128,6,0,122,125,14612,8,1,0,7,3
2020-09-21,US,Minnesota,Rice,1308,8,0,44.3543376,-93.29658715,27131.0,1953.0550080630712,0.6116207951070336,1300,1301,8,0,1293,1297,66523,7,0,0,7,4
2020-09-21,US,Minnesota,Rock,155,0,0,43.67482683,-96.25296832,27133.0,1663.9828234031131,0.0,155,152,0,0,152,146,9414,3,0,0,3,6
2020-09-21,US,Minnesota,Roseau,117,0,0,48.77501878,-95.81079919,27135.0,771.5133531157269,0.0,117,116,0,0,116,110,15150,1,0,0,1,6
2020-09-21,US,Minnesota,Scott,2458,33,0,44.6490231,-93.53340251,27139.0,1649.5205116332131,1.342554922701383,2425,2426,33,0,2393,2386,147381,32,0,0,32,40
2020-09-21,US,Minnesota,Sherburne,1104,14,0,45.44447208,-93.77617511,27141.0,1135.3586046607293,1.2681159420289856,1090,1093,14,0,1079,1078,96036,11,0,0,11,15
2020-09-21,US,Minnesota,Sibley,184,3,0,44.5796592,-94.23164924,27143.0,1237.806929027918,1.6304347826086956,181,179,3,0,176,176,15028,5,0,0,5,3
2020-09-21,US,Minnesota,St. Louis,1400,34,0,47.604840700000004,-92.46879855,27137.0,703.2702064600392,2.4285714285714284,1366,1352,34,0,1318,1317,199754,48,0,0,48,35
2020-09-21,US,Minnesota,Stearns,3812,23,0,45.55192576,-94.61078221,27145.0,2366.599410212633,0.6033578174186779,3789,3770,23,0,3747,3715,159256,42,0,0,42,55
2020-09-21,US,Minnesota,Steele,522,2,0,44.02240351,-93.22627088,27147.0,1424.3226281753934,0.3831417624521073,520,521,2,0,519,516,36803,1,0,0,1,5
2020-09-21,US,Minnesota,Stevens,93,1,0,45.58613007,-96.00163705,27149.0,948.4956654767976,1.075268817204301,92,93,1,0,92,91,9753,0,0,0,0,2
2020-09-21,US,Minnesota,Swift,123,1,0,45.2829032,-95.68264092,27151.0,1327.4336283185844,0.8130081300813008,122,114,1,0,113,111,9345,9,0,0,9,3
2020-09-21,US,Minnesota,Todd,479,2,0,46.06996226,-94.89785296,27153.0,1942.1018488485238,0.4175365344467641,477,479,2,0,477,473,24582,0,0,0,0,6
2020-09-21,US,Minnesota,Traverse,30,0,0,45.77298854,-96.47062949,27155.0,920.5277692543724,0.0,30,30,0,0,30,29,3308,0,0,0,0,1
2020-09-21,US,Minnesota,Unassigned,212,52,0,0.0,0.0,90027.0,0.0,24.52830188679245,160,209,52,0,157,187,,3,0,0,3,22
2020-09-21,US,Minnesota,Wabasha,180,0,0,44.28424356,-92.23121312,27157.0,832.2929671244278,0.0,180,174,0,0,174,170,21645,6,0,0,6,4
2020-09-21,US,Minnesota,Wadena,67,0,0,46.58589171,-94.96968506,27159.0,489.6944891097793,0.0,67,65,0,0,65,62,13773,2,0,0,2,3
2020-09-21,US,Minnesota,Waseca,533,8,0,44.02211116,-93.58720034,27161.0,2863.743821190629,1.50093808630394,525,532,8,0,524,425,18691,1,0,0,1,107
2020-09-21,US,Minnesota,Washington,3610,55,0,45.03864533,-92.88429635,27163.0,1375.55250723975,1.5235457063711912,3555,3573,55,0,3518,3526,259201,37,0,0,37,47
2020-09-21,US,Minnesota,Watonwan,506,4,0,43.97823903,-94.61413846,27165.0,4643.479856841334,0.7905138339920948,502,505,4,0,501,498,10980,1,0,0,1,7
2020-09-21,US,Minnesota,Wilkin,56,3,0,46.35721532,-96.4684375,27167.0,902.2071854357982,5.357142857142857,53,55,3,0,52,55,6254,1,0,0,1,0
2020-09-21,US,Minnesota,Winona,852,18,0,43.98772283,-91.78081305,27169.0,1687.6634181126694,2.112676056338028,834,850,18,0,832,843,50825,2,0,0,2,7
2020-09-21,US,Minnesota,Wright,1540,7,0,45.17297924,-93.96234781,27171.0,1112.9017105443822,0.4545454545454545,1533,1533,7,0,1526,1508,136349,7,0,0,7,25
2020-09-21,US,Minnesota,Yellow Medicine,162,2,0,44.71710183,-95.86842453,27173.0,1668.5549490163767,1.2345679012345678,160,158,2,0,156,148,9795,4,0,0,4,10
2020-09-21,US,Mississippi,Adams,921,36,0,31.47669768,-91.35326037,28001.0,3000.6841950933435,3.908794788273616,885,919,36,0,883,917,31192,2,0,0,2,2
2020-09-21,US,Mississippi,Alcorn,775,11,0,34.88084463,-88.57996173,28003.0,2097.258679944795,1.4193548387096775,764,773,11,0,762,768,36925,2,0,0,2,5
2020-09-21,US,Mississippi,Amite,311,10,0,31.17467303,-90.80501621,28005.0,2529.072131414166,3.2154340836012865,301,311,10,0,301,312,12326,0,0,0,0,-1
2020-09-21,US,Mississippi,Attala,641,25,0,33.08658803,-89.57838564,28007.0,3527.0166171453725,3.9001560062402496,616,641,25,0,616,641,18365,0,0,0,0,0
2020-09-21,US,Mississippi,Benton,220,1,0,34.81681228,-89.18945516,28009.0,2663.760745853009,0.4545454545454545,219,219,1,0,218,218,8271,1,0,0,1,1
2020-09-21,US,Mississippi,Bolivar,1795,65,0,33.79696941,-90.87372121,28011.0,5860.650385268383,3.62116991643454,1730,1794,65,0,1729,1790,31333,1,0,0,1,4
2020-09-21,US,Mississippi,Calhoun,506,12,0,33.93683395,-89.33686647,28013.0,3523.4315159111493,2.3715415019762847,494,506,12,0,494,506,14436,0,0,0,0,0
2020-09-21,US,Mississippi,Carroll,312,12,0,33.44834567,-89.91994479,28015.0,3136.624107771188,3.8461538461538463,300,312,12,0,300,312,9911,0,0,0,0,0
2020-09-21,US,Mississippi,Chickasaw,656,24,0,33.91983202,-88.9481545,28017.0,3835.584400397591,3.6585365853658534,632,655,24,0,631,652,17171,1,0,0,1,3
2020-09-21,US,Mississippi,Choctaw,179,5,0,33.34598242,-89.24809382,28019.0,2180.2679658952497,2.793296089385475,174,179,5,0,174,178,8278,0,0,0,0,1
2020-09-21,US,Mississippi,Claiborne,452,16,0,31.97061673,-90.90702196,28021.0,5028.927458834001,3.5398230088495577,436,452,16,0,436,451,9002,0,0,0,0,1
2020-09-21,US,Mississippi,Clarke,537,39,0,32.04158545,-88.68896219999998,28023.0,3455.3761019239428,7.2625698324022325,498,535,39,0,496,535,15604,2,0,0,2,0
2020-09-21,US,Mississippi,Clay,581,17,0,33.65358105,-88.77784255,28025.0,3007.869124042245,2.9259896729776247,564,578,17,0,561,571,19386,3,0,0,3,7
2020-09-21,US,Mississippi,Coahoma,1128,27,0,34.22772299,-90.60415045,28027.0,5098.53552702947,2.3936170212765955,1101,1123,27,0,1096,1123,22628,5,0,0,5,0
2020-09-21,US,Mississippi,Copiah,1163,33,0,31.86977774,-90.44565118,28029.0,4143.951541065384,2.8374892519346515,1130,1162,33,0,1129,1159,28543,1,0,0,1,3
2020-09-21,US,Mississippi,Covington,809,22,0,31.63225413,-89.55389939,28031.0,4341.060313371968,2.719406674907293,787,805,22,0,783,806,18853,4,0,0,4,-1
2020-09-21,US,Mississippi,DeSoto,5425,55,0,34.87625235,-89.99091418,28033.0,2933.3044959312238,1.0138248847926268,5370,5411,55,0,5356,5393,182001,14,0,0,14,18
2020-09-21,US,Mississippi,Forrest,2395,70,0,31.18961454,-89.25832496,28035.0,3197.7248754956813,2.9227557411273484,2325,2390,70,0,2320,2382,75036,5,0,0,5,8
2020-09-21,US,Mississippi,Franklin,189,3,0,31.47786634,-90.89672989,28037.0,2450.408401400233,1.5873015873015872,186,189,3,0,186,189,7788,0,0,0,0,0
2020-09-21,US,Mississippi,George,751,13,0,30.86259065,-88.64436789,28039.0,3065.30612244898,1.7310252996005326,738,749,13,0,736,744,24250,2,0,0,2,5
2020-09-21,US,Mississippi,Greene,346,17,0,31.21444233,-88.63922281,28041.0,2546.739290446048,4.913294797687861,329,345,17,0,328,343,13586,1,0,0,1,2
2020-09-21,US,Mississippi,Grenada,1062,35,0,33.77036166,-89.80245083,28043.0,5116.099816938048,3.2956685499058382,1027,1061,35,0,1026,1053,21055,1,0,0,1,8
2020-09-21,US,Mississippi,Hancock,564,21,0,30.41830223,-89.48851033,28045.0,1184.0779308028216,3.723404255319149,543,561,21,0,540,561,47334,3,0,0,3,0
2020-09-21,US,Mississippi,Harrison,3743,72,0,30.51359752,-89.12467576,28047.0,1798.8273740868897,1.9235907026449373,3671,3732,72,0,3660,3727,206650,11,0,0,11,5
2020-09-21,US,Mississippi,Hinds,6979,155,0,32.2656285,-90.44435448,28049.0,3010.265700483092,2.2209485599656107,6824,6974,155,0,6819,6956,237085,5,0,0,5,18
2020-09-21,US,Mississippi,Holmes,1092,58,0,33.12345854,-90.08923538,28051.0,6419.753086419753,5.311355311355311,1034,1092,58,0,1034,1091,17622,0,0,0,0,1
2020-09-21,US,Mississippi,Humphreys,373,15,0,33.12825718,-90.52252707,28053.0,4625.496031746032,4.021447721179625,358,373,15,0,358,373,8257,0,0,0,0,0
2020-09-21,US,Mississippi,Issaquena,103,3,0,32.72531359,-90.97392828,28055.0,7761.86887716654,2.9126213592233015,100,103,3,0,100,103,1308,0,0,0,0,0
2020-09-21,US,Mississippi,Itawamba,770,21,0,34.27993475,-88.3606733,28057.0,3292.0051303976056,2.727272727272727,749,762,21,0,741,752,23517,8,0,0,8,10
2020-09-21,US,Mississippi,Jackson,3399,67,0,30.54020656,-88.64184064,28059.0,2366.711461735031,1.9711679905854664,3332,3388,67,0,3321,3378,143277,11,0,0,11,10
2020-09-21,US,Mississippi,Jasper,555,15,0,32.01922104,-89.11786866,28061.0,3387.657938106574,2.702702702702702,540,554,15,0,539,549,16428,1,0,0,1,5
2020-09-21,US,Mississippi,Jefferson,243,9,0,31.73397872,-91.03764977,28063.0,3476.3948497854076,3.703703703703704,234,242,9,0,233,239,7106,1,0,0,1,3
2020-09-21,US,Mississippi,Jefferson Davis,328,11,0,31.56884708,-89.82670990000004,28065.0,2947.519769949677,3.3536585365853657,317,325,11,0,314,325,11234,3,0,0,3,0
2020-09-21,US,Mississippi,Jones,2427,78,0,31.62257767,-89.16896899999998,28067.0,3563.981321037329,3.2138442521631645,2349,2420,78,0,2342,2399,68461,7,0,0,7,21
2020-09-21,US,Mississippi,Kemper,286,15,0,32.75462946,-88.64105766,28069.0,2935.742147402997,5.244755244755245,271,286,15,0,271,286,10027,0,0,0,0,0
2020-09-21,US,Mississippi,Lafayette,2092,39,0,34.35687874,-89.48490961,28071.0,3872.711453377515,1.8642447418738048,2053,2084,39,0,2045,2072,54793,8,0,0,8,12
2020-09-21,US,Mississippi,Lamar,1635,34,0,31.20572971,-89.5077704,28073.0,2581.184977029821,2.079510703363914,1601,1631,34,0,1597,1621,62447,4,0,0,4,10
2020-09-21,US,Mississippi,Lauderdale,2007,124,0,32.40419769,-88.66229662,28075.0,2707.5885328836425,6.178375685102142,1883,1999,124,0,1875,1994,75317,8,0,0,8,5
2020-09-21,US,Mississippi,Lawrence,425,12,0,31.55147224,-90.10841127,28077.0,3376.767837279517,2.8235294117647056,413,425,12,0,413,425,12455,0,0,0,0,0
2020-09-21,US,Mississippi,Leake,940,37,0,32.7536828,-89.52402044,28079.0,4125.340121127008,3.9361702127659575,903,939,37,0,902,939,22763,1,0,0,1,0
2020-09-21,US,Mississippi,Lee,2610,67,0,34.291877500000005,-88.68149954,28081.0,3054.9183014186056,2.5670498084291187,2543,2606,67,0,2539,2585,85202,4,0,0,4,21
2020-09-21,US,Mississippi,Leflore,1370,80,0,33.55545125,-90.29900733,28083.0,4861.086470567363,5.8394160583941614,1290,1369,80,0,1289,1362,28919,1,0,0,1,7
2020-09-21,US,Mississippi,Lincoln,1068,53,0,31.53288662,-90.45391915,28085.0,3127.10450033672,4.962546816479402,1015,1067,53,0,1014,1062,34205,1,0,0,1,5
2020-09-21,US,Mississippi,Lowndes,1403,57,0,33.47386518,-88.44191529999998,28087.0,2394.402252751941,4.06272273699216,1346,1399,57,0,1342,1398,58930,4,0,0,4,1
2020-09-21,US,Mississippi,Madison,3212,86,0,32.63389156,-90.03513564,28089.0,3022.433002107799,2.6774595267745958,3126,3208,86,0,3122,3200,105630,4,0,0,4,8
2020-09-21,US,Mississippi,Marion,841,33,0,31.23132643,-89.8209217,28091.0,3422.455540634029,3.923900118906064,808,841,33,0,808,841,24715,0,0,0,0,0
2020-09-21,US,Mississippi,Marshall,1076,15,0,34.76216286,-89.50299462,28093.0,3048.676828922763,1.3940520446096654,1061,1076,15,0,1061,1075,35451,0,0,0,0,1
2020-09-21,US,Mississippi,Monroe,1189,65,0,33.89236763,-88.4808438,28095.0,3372.8582775445366,5.466778805719092,1124,1188,65,0,1123,1183,35564,1,0,0,1,5
2020-09-21,US,Mississippi,Montgomery,455,20,0,33.49419589,-89.61729103,28097.0,4654.731457800512,4.395604395604397,435,455,20,0,435,454,10023,0,0,0,0,1
2020-09-21,US,Mississippi,Neshoba,1540,103,0,32.75339664,-89.11726492,28099.0,5288.824781921835,6.688311688311687,1437,1536,103,0,1433,1534,29125,4,0,0,4,2
2020-09-21,US,Mississippi,Newton,759,23,0,32.40021118,-89.11843336,28101.0,3611.190408221524,3.0303030303030303,736,757,23,0,734,756,21443,2,0,0,2,1
2020-09-21,US,Mississippi,Noxubee,543,15,0,33.11009499,-88.56949061,28103.0,5212.633195737736,2.7624309392265194,528,543,15,0,528,543,10535,0,0,0,0,0
2020-09-21,US,Mississippi,Oktibbeha,1754,50,0,33.42491685,-88.87905132,28105.0,3537.217415854963,2.8506271379703536,1704,1750,50,0,1700,1747,49599,4,0,0,4,3
2020-09-21,US,Mississippi,Panola,1445,27,0,34.36398677,-89.95064249,28107.0,4226.134768366869,1.868512110726644,1418,1440,27,0,1413,1440,34178,5,0,0,5,0
2020-09-21,US,Mississippi,Pearl River,867,50,0,30.77090935,-89.58677275,28109.0,1561.1776357252186,5.767012687427912,817,865,50,0,815,862,55387,2,0,0,2,3
2020-09-21,US,Mississippi,Perry,409,18,0,31.17161885,-88.99281835,28111.0,3416.0193769314287,4.400977995110026,391,407,18,0,389,406,11931,2,0,0,2,1
2020-09-21,US,Mississippi,Pike,1213,48,0,31.17507789,-90.40392572,28113.0,3087.4567297902668,3.9571310799670236,1165,1212,48,0,1164,1209,39563,1,0,0,1,3
2020-09-21,US,Mississippi,Pontotoc,1236,16,0,34.226046000000004,-89.03636807,28115.0,3841.6112388885435,1.2944983818770226,1220,1234,16,0,1218,1225,31833,2,0,0,2,9
2020-09-21,US,Mississippi,Prentiss,815,17,0,34.61810501,-88.51986294,28117.0,3243.6519939504897,2.085889570552147,798,811,17,0,794,808,25315,4,0,0,4,3
2020-09-21,US,Mississippi,Quitman,375,5,0,34.25157572,-90.28908,28119.0,5521.201413427561,1.3333333333333333,370,374,5,0,369,373,7051,1,0,0,1,1
2020-09-21,US,Mississippi,Rankin,3193,75,0,32.26469147,-89.94537876,28121.0,2056.4046087163733,2.348888192922017,3118,3190,75,0,3115,3188,153902,3,0,0,3,2
2020-09-21,US,Mississippi,Scott,1164,25,0,32.406704100000006,-89.53789439,28123.0,4138.813824491537,2.147766323024055,1139,1164,25,0,1139,1161,28287,0,0,0,0,3
2020-09-21,US,Mississippi,Sharkey,263,12,0,32.88149103,-90.81595379999999,28125.0,6086.554038417033,4.56273764258555,251,263,12,0,251,263,4377,0,0,0,0,0
2020-09-21,US,Mississippi,Simpson,1014,43,0,31.91282117,-89.91716179,28127.0,3803.7362142696375,4.240631163708088,971,1011,43,0,968,1012,26758,3,0,0,3,-1
2020-09-21,US,Mississippi,Smith,524,14,0,32.01744532,-89.50644846,28129.0,3292.2844935913545,2.6717557251908395,510,523,14,0,509,521,16002,1,0,0,1,2
2020-09-21,US,Mississippi,Stone,357,11,0,30.79187949,-89.11547539,28131.0,1946.989528795812,3.0812324929971986,346,355,11,0,344,350,18717,2,0,0,2,5
2020-09-21,US,Mississippi,Sunflower,1421,44,0,33.60192578,-90.58882684,28133.0,5659.099960175229,3.096410978184377,1377,1417,44,0,1373,1411,25735,4,0,0,4,6
2020-09-21,US,Mississippi,Tallahatchie,757,18,0,33.95339918,-90.1729398,28135.0,5481.932073285538,2.3778071334214004,739,754,18,0,736,749,13987,3,0,0,3,5
2020-09-21,US,Mississippi,Tate,955,37,0,34.65133709,-89.94485778,28137.0,3372.0560714664034,3.87434554973822,918,951,37,0,914,951,28759,4,0,0,4,0
2020-09-21,US,Mississippi,Tippah,645,16,0,34.76872156,-88.90988194,28139.0,2929.8205768794005,2.48062015503876,629,642,16,0,626,642,21995,3,0,0,3,0
2020-09-21,US,Mississippi,Tishomingo,661,37,0,34.74023475,-88.23917219,28141.0,3410.204818655523,5.597579425113463,624,658,37,0,621,657,19454,3,0,0,3,1
2020-09-21,US,Mississippi,Tunica,481,13,0,34.64967704,-90.37481167,28143.0,4993.770764119601,2.702702702702702,468,479,13,0,466,479,9944,2,0,0,2,0
2020-09-21,US,Mississippi,Union,978,24,0,34.49162015,-89.00776006,28145.0,3394.065590838105,2.4539877300613497,954,978,24,0,954,978,28606,0,0,0,0,0
2020-09-21,US,Mississippi,Walthall,594,25,0,31.14971548,-90.10446654,28147.0,4157.9168416631655,4.2087542087542085,569,593,25,0,568,593,14465,1,0,0,1,0
2020-09-21,US,Mississippi,Warren,1381,50,0,32.35810271,-90.83352619,28149.0,3043.123774266764,3.620564808110065,1331,1381,50,0,1331,1380,46176,0,0,0,0,1
2020-09-21,US,Mississippi,Washington,2181,71,0,33.28392041,-90.94196237,28151.0,4967.091029173974,3.255387436955525,2110,2179,71,0,2108,2174,45063,2,0,0,2,5
2020-09-21,US,Mississippi,Wayne,877,21,0,31.64135687,-88.69573913,28153.0,4345.241044443344,2.394526795895097,856,877,21,0,856,874,20298,0,0,0,0,3
2020-09-21,US,Mississippi,Webster,331,13,0,33.61300486,-89.28392912,28155.0,3416.245226545567,3.9274924471299095,318,331,13,0,318,331,9788,0,0,0,0,0
2020-09-21,US,Mississippi,Wilkinson,302,17,0,31.16078225,-91.31018819,28157.0,3499.4206257242176,5.629139072847681,285,302,17,0,285,302,8792,0,0,0,0,0
2020-09-21,US,Mississippi,Winston,725,19,0,33.08747908,-89.03391385,28159.0,4037.8724589250905,2.6206896551724137,706,724,19,0,705,723,18165,1,0,0,1,1
2020-09-21,US,Mississippi,Yalobusha,418,14,0,34.02824175,-89.70762049999998,28161.0,3452.26296663363,3.3492822966507183,404,417,14,0,403,416,12392,1,0,0,1,1
2020-09-21,US,Mississippi,Yazoo,1039,29,0,32.77890365,-90.39656148,28163.0,3499.4947793869987,2.791145332050048,1010,1038,29,0,1009,1036,28248,1,0,0,1,2
2020-09-21,US,Missouri,Adair,319,0,0,40.19058551,-92.60078167,29001.0,1258.730221362901,0.0,319,319,0,0,319,318,25339,0,0,0,0,1
2020-09-21,US,Missouri,Andrew,225,1,0,39.98492163,-94.80163024,29003.0,1270.3252032520325,0.4444444444444444,224,221,1,0,220,213,17607,4,0,0,4,8
2020-09-21,US,Missouri,Atchison,44,0,0,40.43238737,-95.42970639,29005.0,855.5317907835894,0.0,44,44,0,0,44,44,5171,0,0,0,0,0
2020-09-21,US,Missouri,Audrain,411,2,0,39.215877,-91.84242683,29007.0,1618.8750590830316,0.4866180048661801,409,405,2,0,403,402,25473,6,0,0,6,3
2020-09-21,US,Missouri,Barry,433,6,0,36.70978521,-93.82919888,29009.0,1209.8689541479225,1.3856812933025404,427,434,6,0,428,431,35886,-1,0,0,-1,3
2020-09-21,US,Missouri,Barton,169,0,0,37.50207671,-94.34757022,29011.0,1437.8084056491407,0.0,169,166,0,0,166,165,11798,3,0,0,3,1
2020-09-21,US,Missouri,Bates,101,1,0,38.25271289,-94.34113157,29013.0,624.5362354687112,0.99009900990099,100,99,1,0,98,98,16320,2,0,0,2,1
2020-09-21,US,Missouri,Benton,248,2,0,38.29503305,-93.28756116,29015.0,1275.5233245898264,0.8064516129032258,246,245,2,0,243,239,19278,3,0,0,3,6
2020-09-21,US,Missouri,Bollinger,316,1,0,37.32449052,-90.02725304,29017.0,2604.4671556910903,0.3164556962025317,315,311,1,0,310,306,12169,5,0,0,5,5
2020-09-21,US,Missouri,Boone,4453,6,0,38.99186229,-92.30723575,29019.0,2467.541822977563,0.13474062429822592,4447,4403,6,0,4397,4365,180005,50,0,0,50,38
2020-09-21,US,Missouri,Buchanan,1772,13,0,39.65816401,-94.80138942,29021.0,2028.295407719427,0.7336343115124153,1759,1750,13,0,1737,1712,88571,22,0,0,22,38
2020-09-21,US,Missouri,Butler,576,4,0,36.71462476,-90.40421163,29023.0,1355.9960450115354,0.6944444444444444,572,559,4,0,555,541,42639,17,0,0,17,18
2020-09-21,US,Missouri,Caldwell,78,1,0,39.65620858,-93.98308093,29025.0,864.7450110864745,1.2820512820512822,77,78,1,0,77,76,9108,0,0,0,0,2
2020-09-21,US,Missouri,Callaway,584,2,0,38.83674754,-91.92186505,29027.0,1305.2321033457747,0.3424657534246575,582,580,2,0,578,569,44889,4,0,0,4,11
2020-09-21,US,Missouri,Camden,837,10,0,38.02199522,-92.76083747,29029.0,1807.5801749271136,1.1947431302270013,827,809,10,0,799,780,45815,28,0,0,28,29
2020-09-21,US,Missouri,Cape Girardeau,1532,10,0,37.38489388,-89.6843587,29031.0,1942.4122934919046,0.6527415143603134,1522,1501,10,0,1491,1461,78753,31,0,0,31,40
2020-09-21,US,Missouri,Carroll,136,1,0,39.42762566,-93.50626255,29033.0,1567.0008065445327,0.7352941176470589,135,134,1,0,133,133,8743,2,0,0,2,1
2020-09-21,US,Missouri,Carter,82,1,0,36.94160441,-90.96051322,29035.0,1370.7790036776998,1.2195121951219512,81,77,1,0,76,71,6054,5,0,0,5,6
2020-09-21,US,Missouri,Cass,1405,17,0,38.64789422,-94.353399,29037.0,1328.2283985630556,1.209964412811388,1388,1389,17,0,1372,1380,104954,16,0,0,16,9
2020-09-21,US,Missouri,Cedar,91,0,0,37.72391475,-93.85445441,29039.0,634.1905359258485,0.0,91,87,0,0,87,87,14165,4,0,0,4,0
2020-09-21,US,Missouri,Chariton,43,0,0,39.51499357,-92.9629191,29041.0,579.0465930514409,0.0,43,44,0,0,44,44,7451,-1,0,0,-1,0
2020-09-21,US,Missouri,Christian,1255,3,0,36.9711783,-93.18537118,29043.0,1416.5584965291496,0.23904382470119526,1252,1235,3,0,1232,1204,86983,20,0,0,20,31
2020-09-21,US,Missouri,Clark,60,0,0,40.41040752,-91.73661677,29045.0,882.7423863469177,0.0,60,60,0,0,60,59,6842,0,0,0,0,1
2020-09-21,US,Missouri,Clay,1736,40,0,39.31132056,-94.41850862,29047.0,694.5444652487719,2.3041474654377883,1696,1724,40,0,1684,1714,246365,12,0,0,12,10
2020-09-21,US,Missouri,Clinton,202,0,0,39.6013098,-94.40465394,29049.0,990.827488105165,0.0,202,196,0,0,196,197,20470,6,0,0,6,-1
2020-09-21,US,Missouri,Cole,1386,7,0,38.50455671,-92.27860244,29051.0,1805.980845657697,0.5050505050505051,1379,1374,7,0,1367,1354,76796,12,0,0,12,20
2020-09-21,US,Missouri,Cooper,381,2,0,38.844478,-92.80896081,29053.0,2151.4484160596307,0.5249343832020997,379,377,2,0,375,373,17603,4,0,0,4,4
2020-09-21,US,Missouri,Crawford,361,2,0,37.97663738,-91.30528104,29055.0,1509.1973244147155,0.554016620498615,359,349,2,0,347,345,23957,12,0,0,12,4
2020-09-21,US,Missouri,Dade,50,0,0,37.431814,-93.8503345,29057.0,661.2881893929374,0.0,50,48,0,0,48,47,7569,2,0,0,2,1
2020-09-21,US,Missouri,Dallas,173,1,0,37.681135499999996,-93.02127031,29059.0,1025.0029624363076,0.5780346820809249,172,167,1,0,166,167,16762,6,0,0,6,0
2020-09-21,US,Missouri,Daviess,91,0,0,39.96145298,-93.98519678,29061.0,1099.299347668519,0.0,91,86,0,0,86,83,8313,5,0,0,5,3
2020-09-21,US,Missouri,DeKalb,122,2,0,39.89201062,-94.40476508,29063.0,972.3439866103453,1.639344262295082,120,112,2,0,110,111,12630,10,0,0,10,1
2020-09-21,US,Missouri,Dent,126,0,0,37.60663134,-91.50790473,29065.0,809.0926603737238,0.0,126,120,0,0,120,120,15441,6,0,0,6,0
2020-09-21,US,Missouri,Douglas,165,3,0,36.9325593,-92.49905109,29067.0,1251.4220705346984,1.818181818181818,162,164,3,0,161,162,13373,1,0,0,1,2
2020-09-21,US,Missouri,Dunklin,746,6,0,36.27167174,-90.09122243,29069.0,2560.8458343345583,0.8042895442359249,740,744,6,0,738,730,29423,2,0,0,2,14
2020-09-21,US,Missouri,Franklin,1553,28,0,38.41127108,-91.07522826,29071.0,1493.7432069791375,1.80296200901481,1525,1529,26,0,1503,1496,103670,24,2,0,22,33
2020-09-21,US,Missouri,Gasconade,155,16,0,38.43947277,-91.50847147,29073.0,1053.9915680674555,10.322580645161288,139,154,15,0,139,154,14705,1,1,0,0,0
2020-09-21,US,Missouri,Gentry,117,9,0,40.21097916,-94.40944419,29075.0,1780.5509054938364,7.6923076923076925,108,120,9,0,111,116,6628,-3,0,0,-3,4
2020-09-21,US,Missouri,Greene,5473,19,0,37.2575872,-93.34230916,29077.0,1867.369986966283,0.3471587794628175,5454,5386,19,0,5367,5286,291923,87,0,0,87,100
2020-09-21,US,Missouri,Grundy,172,2,0,40.11406587,-93.56509276,29079.0,1746.1928934010152,1.162790697674419,170,170,2,0,168,163,9914,2,0,0,2,7
2020-09-21,US,Missouri,Harrison,101,1,0,40.35570088,-93.99222144,29081.0,1209.2911877394636,0.99009900990099,100,100,1,0,99,100,8414,1,0,0,1,0
2020-09-21,US,Missouri,Henry,167,4,0,38.38482826,-93.79293734,29083.0,765.2126099706744,2.395209580838323,163,162,4,0,158,161,21792,5,0,0,5,1
2020-09-21,US,Missouri,Hickory,88,2,0,37.94163617,-93.3203037,29085.0,922.0452640402347,2.272727272727273,86,87,2,0,85,86,9509,1,0,0,1,1
2020-09-21,US,Missouri,Holt,75,0,0,40.09799248,-95.21638879999999,29087.0,1703.384056325233,0.0,75,75,0,0,75,75,4404,0,0,0,0,0
2020-09-21,US,Missouri,Howard,164,2,0,39.1435761,-92.69756691,29089.0,1639.8360163983602,1.2195121951219512,162,162,2,0,160,162,10137,2,0,0,2,0
2020-09-21,US,Missouri,Howell,528,3,0,36.77383887,-91.88683935,29091.0,1316.1502604880725,0.5681818181818182,525,505,3,0,502,498,40076,23,0,0,23,7
2020-09-21,US,Missouri,Iron,54,0,0,37.55487945,-90.7735296,29093.0,533.3333333333334,0.0,54,47,0,0,47,47,10177,7,0,0,7,0
2020-09-21,US,Missouri,Jackson,7064,92,0,39.01002188,-94.34724536,29095.0,1015.7735796452687,1.3023782559456398,6972,7064,92,0,6972,6987,700307,0,0,0,0,77
2020-09-21,US,Missouri,Jasper,3540,45,0,37.20351921,-94.34050458,29097.0,2917.710668600818,1.2711864406779658,3495,3521,43,0,3478,3492,120636,19,2,0,17,29
2020-09-21,US,Missouri,Jefferson,3895,52,0,38.25926778,-90.53870896,29099.0,1730.4881353823735,1.3350449293966624,3843,3840,50,0,3790,3783,224347,55,2,0,53,57
2020-09-21,US,Missouri,Johnson,995,4,0,38.74719601,-93.80691168,29101.0,1840.4794495209203,0.4020100502512563,991,984,4,0,980,975,53652,11,0,0,11,9
2020-09-21,US,Missouri,Kansas City,10675,106,0,39.0997,-94.5786,0.0,2183.28107775344,0.9929742388758782,10569,10545,103,0,10442,10470,491918,130,3,0,127,75
2020-09-21,US,Missouri,Knox,48,1,0,40.12699751,-92.14780832,29103.0,1212.4273806516796,2.083333333333333,47,48,1,0,47,48,3947,0,0,0,0,0
2020-09-21,US,Missouri,Laclede,560,3,0,37.65896829,-92.5888493,29105.0,1567.6175013296756,0.5357142857142857,557,513,3,0,510,498,35713,47,0,0,47,15
2020-09-21,US,Missouri,Lafayette,464,2,0,39.06986886,-93.78076396,29107.0,1418.6131833190655,0.4310344827586207,462,440,2,0,438,408,32598,24,0,0,24,32
2020-09-21,US,Missouri,Lawrence,532,2,0,37.10626634,-93.83293097,29109.0,1387.04210663538,0.3759398496240601,530,524,2,0,522,507,38359,8,0,0,8,17
2020-09-21,US,Missouri,Lewis,75,2,0,40.09673161,-91.72070156,29111.0,767.1849427168576,2.6666666666666665,73,73,2,0,71,71,9855,2,0,0,2,2
2020-09-21,US,Missouri,Lincoln,719,3,0,39.05345619,-90.95588181,29113.0,1218.3756121532545,0.4172461752433936,716,711,3,0,708,704,57686,8,0,0,8,7
2020-09-21,US,Missouri,Linn,62,1,0,39.87001769,-93.10704106,29115.0,520.1342281879195,1.6129032258064515,61,62,1,0,61,59,12037,0,0,0,0,3
2020-09-21,US,Missouri,Livingston,385,1,0,39.78110272,-93.54645978,29117.0,2528.4034937939186,0.2597402597402597,384,380,1,0,379,377,15146,5,0,0,5,3
2020-09-21,US,Missouri,Macon,144,0,0,39.83049768,-92.56453089,29121.0,952.569954356023,0.0,144,144,0,0,144,139,15153,0,0,0,0,5
2020-09-21,US,Missouri,Madison,281,0,0,37.47865134,-90.34671429999999,29123.0,2324.619457313038,0.0,281,271,0,0,271,269,12188,10,0,0,10,2
2020-09-21,US,Missouri,Maries,71,0,0,38.16193985,-91.92249662,29125.0,816.3734621133724,0.0,71,69,0,0,69,67,8769,2,0,0,2,2
2020-09-21,US,Missouri,Marion,631,14,0,39.80601912,-91.62203062,29127.0,2211.706975113915,2.218700475435816,617,628,14,0,614,626,28592,3,0,0,3,2
2020-09-21,US,Missouri,McDonald,1048,11,0,36.62869595,-94.34867205,29119.0,4589.044095108815,1.049618320610687,1037,1043,11,0,1032,1042,23078,5,0,0,5,1
2020-09-21,US,Missouri,Mercer,28,0,0,40.42212303,-93.56829590000001,29129.0,774.1222007188278,0.0,28,28,0,0,28,28,3641,0,0,0,0,0
2020-09-21,US,Missouri,Miller,443,1,0,38.21450288,-92.42610898,29131.0,1729.1853702330304,0.2257336343115124,442,442,1,0,441,429,25336,1,0,0,1,13
2020-09-21,US,Missouri,Mississippi,289,3,0,36.82516239,-89.29505753,29133.0,2192.7162367223063,1.038062283737024,286,284,3,0,281,282,13336,5,0,0,5,2
2020-09-21,US,Missouri,Moniteau,280,4,0,38.63571781,-92.57976951,29135.0,1735.6806347632034,1.4285714285714286,276,277,4,0,273,275,16121,3,0,0,3,2
2020-09-21,US,Missouri,Monroe,86,0,0,39.49593978,-92.00043978,29137.0,994.9097639981493,0.0,86,86,0,0,86,86,8664,0,0,0,0,0
2020-09-21,US,Missouri,Montgomery,81,1,0,38.94022054,-91.47000721,29139.0,701.2379880529825,1.2345679012345678,80,79,1,0,78,78,11534,2,0,0,2,1
2020-09-21,US,Missouri,Morgan,302,1,0,38.4181765,-92.88791859,29141.0,1464.1004508653707,0.3311258278145696,301,299,1,0,298,280,20358,3,0,0,3,19
2020-09-21,US,Missouri,New Madrid,508,14,0,36.59666326,-89.66070007,29143.0,2974.935582103537,2.755905511811024,494,507,14,0,493,503,17296,1,0,0,1,4
2020-09-21,US,Missouri,Newton,1352,14,0,36.90519407,-94.3394104,29145.0,2321.588021155299,1.0355029585798816,1338,1347,14,0,1333,1324,58266,5,0,0,5,23
2020-09-21,US,Missouri,Nodaway,719,9,0,40.36079813,-94.88133008,29147.0,3254.5717906934638,1.2517385257301807,710,718,9,0,709,713,22304,1,0,0,1,5
2020-09-21,US,Missouri,Oregon,99,0,0,36.68710164,-91.4033755,29149.0,940.2602336404216,0.0,99,97,0,0,97,99,10541,2,0,0,2,-2
2020-09-21,US,Missouri,Osage,127,1,0,38.46036182,-91.8613635,29151.0,932.7947117150204,0.7874015748031497,126,127,1,0,126,125,13714,0,0,0,0,2
2020-09-21,US,Missouri,Ozark,114,0,0,36.64916339,-92.44459066,29153.0,1242.6422498364946,0.0,114,112,0,0,112,110,9017,2,0,0,2,2
2020-09-21,US,Missouri,Pemiscot,485,9,0,36.2130572,-89.78742322,29155.0,3068.649161657703,1.855670103092784,476,466,9,0,457,463,16272,19,0,0,19,3
2020-09-21,US,Missouri,Perry,599,4,0,37.70660776,-89.82741088,29157.0,3130.225752508361,0.667779632721202,595,575,4,0,571,570,19150,24,0,0,24,5
2020-09-21,US,Missouri,Pettis,1026,9,0,38.72798918,-93.28471706,29159.0,2423.297668815985,0.8771929824561403,1017,1004,9,0,995,992,42542,22,0,0,22,12
2020-09-21,US,Missouri,Phelps,415,1,0,37.87736118,-91.79351727,29161.0,931.0569178650752,0.24096385542168675,414,411,1,0,410,401,44732,4,0,0,4,10
2020-09-21,US,Missouri,Pike,228,3,0,39.34310674,-91.16980779,29163.0,1245.7654901103706,1.3157894736842106,225,226,3,0,223,225,18504,2,0,0,2,1
2020-09-21,US,Missouri,Platte,640,10,0,39.38154439,-94.77068479,29165.0,612.9211438640848,1.5625,630,631,10,0,621,625,102985,9,0,0,9,6
2020-09-21,US,Missouri,Polk,487,2,0,37.616229600000004,-93.39828174,29167.0,1514.8216118697314,0.4106776180698152,485,463,2,0,461,463,32201,24,0,0,24,0
2020-09-21,US,Missouri,Pulaski,578,5,0,37.82462075,-92.20783203,29169.0,1098.7130990172411,0.8650519031141869,573,556,5,0,551,537,52014,22,0,0,22,19
2020-09-21,US,Missouri,Putnam,32,1,0,40.47942497,-93.02042674,29171.0,681.4310051107325,3.125,31,32,1,0,31,31,4757,0,0,0,0,1
2020-09-21,US,Missouri,Ralls,144,0,0,39.52817427,-91.51838643,29173.0,1396.8377146182947,0.0,144,140,0,0,140,139,10212,4,0,0,4,1
2020-09-21,US,Missouri,Randolph,219,2,0,39.44007257,-92.49713740000001,29175.0,884.9199935348311,0.9132420091324199,217,217,2,0,215,207,24763,2,0,0,2,10
2020-09-21,US,Missouri,Ray,158,0,0,39.353746799999996,-93.98905745,29177.0,686.4193240072988,0.0,158,156,0,0,156,157,22883,2,0,0,2,-1
2020-09-21,US,Missouri,Reynolds,35,0,0,37.36085952,-90.97009925,29179.0,558.2137161084529,0.0,35,32,0,0,32,30,6254,3,0,0,3,2
2020-09-21,US,Missouri,Ripley,144,0,0,36.65460667,-90.85990261,29181.0,1083.6845273931367,0.0,144,139,0,0,139,138,13401,5,0,0,5,1
2020-09-21,US,Missouri,Saline,672,9,0,39.13734288,-93.20259964,29195.0,2952.4186107816,1.3392857142857142,663,665,9,0,656,660,22895,7,0,0,7,5
2020-09-21,US,Missouri,Schuyler,22,0,0,40.46921489,-92.52311943,29197.0,472.1030042918455,0.0,22,22,0,0,22,22,4599,0,0,0,0,0
2020-09-21,US,Missouri,Scotland,28,1,0,40.45214695,-92.14709064,29199.0,571.1954304365564,3.571428571428572,27,28,1,0,27,28,4966,0,0,0,0,0
2020-09-21,US,Missouri,Scott,824,16,0,37.05588075,-89.56474493,29201.0,2152.5600835945665,1.9417475728155342,808,814,16,0,798,802,38458,10,0,0,10,12
2020-09-21,US,Missouri,Shannon,86,1,0,37.15772072,-91.40190382,29203.0,1053.147195689444,1.162790697674419,85,84,1,0,83,81,8189,2,0,0,2,3
2020-09-21,US,Missouri,Shelby,59,1,0,39.79742518,-92.07634971,29205.0,994.9409780775716,1.6949152542372878,58,59,1,0,58,59,6050,0,0,0,0,0
2020-09-21,US,Missouri,St. Charles,7274,108,0,38.77875681,-90.66662425,29183.0,1809.3537169607634,1.4847401704701677,7166,7150,108,0,7042,7066,399182,124,0,0,124,84
2020-09-21,US,Missouri,St. Clair,46,0,0,38.03699437,-93.77631447,29185.0,489.51793125465576,0.0,46,42,0,0,42,41,9395,4,0,0,4,1
2020-09-21,US,Missouri,St. Francois,1948,9,0,37.81214171,-90.47598685,29187.0,2898.162612512088,0.4620123203285421,1939,1913,8,0,1905,1895,66692,35,1,0,34,18
2020-09-21,US,Missouri,St. Louis,22992,782,0,38.63770039999999,-90.4458375,29189.0,2312.601525842256,3.4011830201809325,22210,22833,782,0,22051,22729,996945,159,0,0,159,104
2020-09-21,US,Missouri,St. Louis City,6858,195,0,38.63555736,-90.24349225,29510.0,2281.619290961354,2.8433945756780403,6663,6830,195,0,6635,6797,302838,28,0,0,28,33
2020-09-21,US,Missouri,Ste. Genevieve,182,1,0,37.89090059,-90.1949941,29186.0,1017.1007041466412,0.5494505494505495,181,179,1,0,178,175,17888,3,0,0,3,4
2020-09-21,US,Missouri,Stoddard,458,9,0,36.85571651,-89.9444155,29207.0,1577.9500430663222,1.965065502183406,449,445,9,0,436,439,29206,13,0,0,13,6
2020-09-21,US,Missouri,Stone,400,4,0,36.75000327,-93.45256475,29209.0,1251.8778167250875,1.0,396,395,4,0,391,387,31749,5,0,0,5,8
2020-09-21,US,Missouri,Sullivan,185,0,0,40.2099105,-93.11150106,29211.0,3038.265725078009,0.0,185,185,0,0,185,185,6221,0,0,0,0,0
2020-09-21,US,Missouri,Taney,1135,28,0,36.65465345,-93.04075153,29213.0,2029.3949363467318,2.466960352422908,1107,1127,28,0,1099,1116,55852,8,0,0,8,11
2020-09-21,US,Missouri,Texas,279,2,0,37.31728859,-91.96564727,29215.0,1098.5116938341603,0.7168458781362007,277,278,2,0,276,270,25571,1,0,0,1,8
2020-09-21,US,Missouri,Vernon,158,1,0,37.8457799,-94.34127305,29217.0,768.3703739726692,0.6329113924050633,157,154,1,0,153,151,20528,4,0,0,4,3
2020-09-21,US,Missouri,Warren,447,0,0,38.76529479,-91.16124662,29219.0,1253.8921147858287,0.0,447,441,0,0,441,437,34711,6,0,0,6,4
2020-09-21,US,Missouri,Washington,340,6,0,37.96130078,-90.87948158,29221.0,1374.8483623129807,1.7647058823529411,334,339,5,0,334,329,24943,1,1,0,0,10
2020-09-21,US,Missouri,Wayne,181,0,0,37.11303869,-90.46001416,29223.0,1406.0436572671485,0.0,181,180,0,0,180,168,13122,1,0,0,1,12
2020-09-21,US,Missouri,Webster,529,2,0,37.2813734,-92.876329,29225.0,1336.1285108102647,0.3780718336483932,527,521,2,0,519,500,39109,8,0,0,8,21
2020-09-21,US,Missouri,Worth,19,0,0,40.47945588,-94.42328751,29227.0,943.8648782911076,0.0,19,19,0,0,19,19,2040,0,0,0,0,0
2020-09-21,US,Missouri,Wright,252,0,0,37.27029221,-92.46914488,29229.0,1377.877412652414,0.0,252,248,0,0,248,231,18378,4,0,0,4,17
2020-09-21,US,Montana,Beaverhead,77,1,0,45.13434354,-112.89846940000001,30001.0,814.5562255368666,1.2987012987012987,76,76,1,0,75,76,9404,1,0,0,1,0
2020-09-21,US,Montana,Big Horn,832,21,0,45.42335905,-107.492347,30003.0,6246.715218860275,2.5240384615384617,811,832,21,0,811,832,13338,0,0,0,0,0
2020-09-21,US,Montana,Blaine,16,0,0,48.43175214,-108.9582723,30005.0,239.4851070199072,0.0,16,16,0,0,16,16,6807,0,0,0,0,0
2020-09-21,US,Montana,Broadwater,17,0,0,46.33277565,-111.49558130000001,30007.0,272.5669392336059,0.0,17,17,0,0,17,17,6085,0,0,0,0,0
2020-09-21,US,Montana,Carbon,111,0,0,45.22850116,-109.0274047,30009.0,1034.9650349650349,0.0,111,107,0,0,107,107,10714,4,0,0,4,0
2020-09-21,US,Montana,Cascade,544,5,0,47.30797024,-111.3467922,30013.0,668.5839294054027,0.9191176470588236,539,526,5,0,521,522,81643,18,0,0,18,4
2020-09-21,US,Montana,Chouteau,18,0,0,47.88084126,-110.4353362,30015.0,319.43212067435667,0.0,18,18,0,0,18,18,5745,0,0,0,0,0
2020-09-21,US,Montana,Custer,103,2,0,46.25319932,-105.57375259999998,30017.0,903.3502894229083,1.9417475728155342,101,102,2,0,100,101,11586,1,0,0,1,1
2020-09-21,US,Montana,Daniels,4,0,0,48.78420029,-105.54763429999998,30019.0,236.6863905325444,0.0,4,3,0,0,3,3,1747,1,0,0,1,0
2020-09-21,US,Montana,Dawson,70,1,0,47.26584855,-104.89444170000002,30021.0,812.7249506559851,1.4285714285714286,69,67,1,0,66,67,8680,3,0,0,3,0
2020-09-21,US,Montana,Deer Lodge,113,0,0,46.05953325,-113.073353,30023.0,1236.3238512035014,0.0,113,113,0,0,113,113,9131,0,0,0,0,0
2020-09-21,US,Montana,Fallon,5,0,0,46.33478338,-104.41835649999999,30025.0,175.68517217146874,0.0,5,5,0,0,5,5,2920,0,0,0,0,0
2020-09-21,US,Montana,Fergus,56,1,0,47.26331584,-109.2245206,30027.0,506.7873303167421,1.7857142857142858,55,55,1,0,54,54,11113,1,0,0,1,1
2020-09-21,US,Montana,Flathead,865,16,0,48.29575866,-114.05205690000001,30029.0,833.2851665606997,1.8497109826589595,849,863,16,0,847,826,102106,2,0,0,2,37
2020-09-21,US,Montana,Gallatin,1207,4,0,45.54486106,-111.1692571,30031.0,1054.7564535015815,0.33140016570008285,1203,1204,4,0,1200,1200,111876,3,0,0,3,4
2020-09-21,US,Montana,Garfield,16,0,0,47.27545948,-107.0002351,30033.0,1271.8600953895073,0.0,16,16,0,0,16,16,1268,0,0,0,0,0
2020-09-21,US,Montana,Glacier,198,1,0,48.70513576,-112.9934235,30035.0,1439.6858867156257,0.5050505050505051,197,182,1,0,181,176,13747,16,0,0,16,6
2020-09-21,US,Montana,Golden Valley,3,0,0,46.3816474,-109.17685220000001,30037.0,365.4080389768576,0.0,3,3,0,0,3,3,826,0,0,0,0,0
2020-09-21,US,Montana,Granite,22,0,0,46.40605220000001,-113.4414186,30039.0,651.0802012429713,0.0,22,22,0,0,22,22,3378,0,0,0,0,0
2020-09-21,US,Montana,Hill,134,3,0,48.62879827,-110.1129252,30041.0,812.9094879883522,2.238805970149253,131,131,3,0,128,131,16347,3,0,0,3,0
2020-09-21,US,Montana,Jefferson,55,0,0,46.14907081,-112.094396,30043.0,450.04500450045,0.0,55,55,0,0,55,55,12097,0,0,0,0,0
2020-09-21,US,Montana,Judith Basin,6,0,0,47.04581276,-110.26606880000001,30045.0,298.95366218236165,0.0,6,6,0,0,6,6,1952,0,0,0,0,0
2020-09-21,US,Montana,Lake,254,1,0,47.64514965,-114.0898013,30047.0,833.935255105391,0.3937007874015748,253,251,1,0,250,251,30250,3,0,0,3,0
2020-09-21,US,Montana,Lewis and Clark,226,3,0,47.12610041,-112.39469799999999,30049.0,325.4983293006107,1.327433628318584,223,223,3,0,220,222,68700,3,0,0,3,1
2020-09-21,US,Montana,Liberty,16,0,0,48.56084317,-111.02430700000001,30051.0,684.6384253316218,0.0,16,16,0,0,16,16,2430,0,0,0,0,0
2020-09-21,US,Montana,Lincoln,105,3,0,48.54265777,-115.4046155,30053.0,525.5255255255255,2.8571428571428568,102,105,3,0,102,105,19794,0,0,0,0,0
2020-09-21,US,Montana,Madison,97,1,0,45.30080065,-111.9173017,30057.0,1127.9069767441858,1.0309278350515465,96,97,1,0,96,97,8768,0,0,0,0,0
2020-09-21,US,Montana,McCone,19,0,0,47.64469406,-105.79449939999999,30055.0,1141.826923076923,0.0,19,19,0,0,19,19,1675,0,0,0,0,0
2020-09-21,US,Montana,Meagher,25,2,0,46.59907074,-110.8898557,30059.0,1342.6423200859292,8.0,23,25,1,0,24,24,1866,0,1,0,-1,1
2020-09-21,US,Montana,Mineral,2,0,0,47.15283992,-115.00152390000001,30061.0,45.48555833522857,0.0,2,2,0,0,2,2,4316,0,0,0,0,0
2020-09-21,US,Montana,Missoula,581,3,0,47.03728583,-113.92135079999998,30063.0,485.7859531772575,0.5163511187607573,578,571,3,0,568,571,118791,10,0,0,10,0
2020-09-21,US,Montana,Musselshell,35,1,0,46.49684637,-108.39498,30065.0,755.4500323764299,2.8571428571428568,34,33,1,0,32,32,4651,2,0,0,2,1
2020-09-21,US,Montana,Park,88,0,0,45.48965095,-110.52643940000002,30067.0,529.9289413465011,0.0,88,88,0,0,88,86,16736,0,0,0,0,2
2020-09-21,US,Montana,Phillips,117,0,0,48.25936577,-107.9128511,30071.0,2959.028831562974,0.0,117,117,0,0,117,117,4074,0,0,0,0,0
2020-09-21,US,Montana,Pondera,21,0,0,48.22773388,-112.22527029999999,30073.0,355.2698358991709,0.0,21,21,0,0,21,21,5972,0,0,0,0,0
2020-09-21,US,Montana,Powder River,3,0,0,45.39617714,-105.636738,30075.0,178.359096313912,0.0,3,3,0,0,3,3,1716,0,0,0,0,0
2020-09-21,US,Montana,Powell,10,0,0,46.85538891,-112.93591640000001,30077.0,145.1378809869376,0.0,10,10,0,0,10,10,6968,0,0,0,0,0
2020-09-21,US,Montana,Prairie,1,0,0,46.86048047,-105.379384,30079.0,92.85051067780873,0.0,1,1,0,0,1,1,1087,0,0,0,0,0
2020-09-21,US,Montana,Ravalli,126,2,0,46.08520862,-114.11891640000002,30081.0,287.6318312559923,1.5873015873015872,124,126,2,0,124,126,43172,0,0,0,0,0
2020-09-21,US,Montana,Richland,74,2,0,47.78668011,-104.5610786,30083.0,684.9949088216238,2.702702702702702,72,73,2,0,71,73,10913,1,0,0,1,0
2020-09-21,US,Montana,Roosevelt,168,1,0,48.29607488,-105.00792679999999,30085.0,1526.7175572519086,0.5952380952380952,167,151,1,0,150,147,11059,17,0,0,17,4
2020-09-21,US,Montana,Rosebud,592,17,0,46.23397237,-106.72928799999998,30087.0,6624.1468054156885,2.871621621621621,575,584,17,0,567,558,9063,8,0,0,8,26
2020-09-21,US,Montana,Sanders,45,1,0,47.67657534,-115.1329916,30089.0,371.5016923965987,2.2222222222222223,44,45,1,0,44,44,11844,0,0,0,0,1
2020-09-21,US,Montana,Sheridan,12,0,0,48.72085833,-104.50382900000001,30091.0,362.64732547597464,0.0,12,9,0,0,9,9,3424,3,0,0,3,0
2020-09-21,US,Montana,Silver Bow,217,0,0,45.90018933,-112.6620092,30093.0,621.5093799226694,0.0,217,210,0,0,210,209,34993,7,0,0,7,1
2020-09-21,US,Montana,Stillwater,51,2,0,45.67071407,-109.3950061,30095.0,528.9359054138146,3.92156862745098,49,51,2,0,49,51,9534,0,0,0,0,0
2020-09-21,US,Montana,Sweet Grass,37,1,0,45.81367654,-109.9425686,30097.0,990.0990099009905,2.702702702702702,36,37,1,0,36,37,3710,0,0,0,0,0
2020-09-21,US,Montana,Teton,20,0,0,47.83741052,-112.24106880000001,30099.0,325.36196518626974,0.0,20,20,0,0,20,20,6162,0,0,0,0,0
2020-09-21,US,Montana,Toole,71,6,0,48.65577551,-111.69424140000001,30101.0,1499.1554054054056,8.450704225352112,65,70,6,0,64,70,4853,1,0,0,1,0
2020-09-21,US,Montana,Treasure,3,0,0,46.20973220000001,-107.26665159999999,30103.0,431.0344827586207,0.0,3,3,0,0,3,3,679,0,0,0,0,0
2020-09-21,US,Montana,Valley,60,0,0,48.36435097,-106.6669635,30105.0,811.2493239588968,0.0,60,60,0,0,60,58,7437,0,0,0,0,2
2020-09-21,US,Montana,Wheatland,9,0,0,46.46652491,-109.84646359999999,30107.0,423.3301975540922,0.0,9,9,0,0,9,9,2236,0,0,0,0,0
2020-09-21,US,Montana,Wibaux,9,0,0,46.95925154,-104.2510927,30109.0,928.7925696594427,0.0,9,9,0,0,9,9,1034,0,0,0,0,0
2020-09-21,US,Montana,Yellowstone,2863,59,0,45.93955949,-108.26914860000001,30111.0,1774.9535027898326,2.0607754104086617,2804,2841,57,0,2784,2797,160137,22,2,0,20,44
2020-09-21,US,Nebraska,Adams,510,12,0,40.52449420000001,-98.50117804,31001.0,1626.1199502598606,2.3529411764705883,498,508,12,0,496,506,31511,2,0,0,2,2
2020-09-21,US,Nebraska,Antelope,59,1,0,42.17695516,-98.06662829999999,31003.0,936.8053350269928,1.6949152542372878,58,55,1,0,54,53,6336,4,0,0,4,2
2020-09-21,US,Nebraska,Arthur,1,0,0,41.56896142,-101.6959559,31005.0,215.98272138228938,0.0,1,1,0,0,1,1,465,0,0,0,0,0
2020-09-21,US,Nebraska,Banner,2,0,0,41.54634427,-103.7114332,31007.0,268.4563758389262,0.0,2,2,0,0,2,2,730,0,0,0,0,0
2020-09-21,US,Nebraska,Boone,63,0,0,41.70759415,-98.06737183,31011.0,1213.4052388289674,0.0,63,63,0,0,63,63,5239,0,0,0,0,0
2020-09-21,US,Nebraska,Box Butte,56,0,0,42.22079243,-103.08788340000001,31013.0,519.3359918390058,0.0,56,53,0,0,53,53,10772,3,0,0,3,0
2020-09-21,US,Nebraska,Boyd,17,0,0,42.899727399999996,-98.76486568,31015.0,885.8780614903595,0.0,17,17,0,0,17,17,1955,0,0,0,0,0
2020-09-21,US,Nebraska,Brown,24,0,0,42.43018907,-99.92904055,31017.0,812.1827411167512,0.0,24,24,0,0,24,17,2973,0,0,0,0,7
2020-09-21,US,Nebraska,Buffalo,988,4,0,40.85486962,-99.07500296,31019.0,1989.5688596226266,0.4048582995951417,984,966,4,0,962,953,49615,22,0,0,22,13
2020-09-21,US,Nebraska,Burt,75,0,0,41.85056773,-96.32605633,31021.0,1161.1704598235021,0.0,75,75,0,0,75,75,6488,0,0,0,0,0
2020-09-21,US,Nebraska,Butler,108,1,0,41.22703692,-97.13106306,31023.0,1347.3053892215567,0.925925925925926,107,107,1,0,106,106,8058,1,0,0,1,1
2020-09-21,US,Nebraska,Cass,311,2,0,40.90899107,-96.13971217,31025.0,1184.8521792136544,0.6430868167202572,309,304,2,0,302,304,26159,7,0,0,7,0
2020-09-21,US,Nebraska,Cedar,74,0,0,42.598885100000004,-97.25311951,31027.0,880.7426803142108,0.0,74,73,0,0,73,73,8446,1,0,0,1,0
2020-09-21,US,Nebraska,Chase,20,0,0,40.523719799999995,-101.69780259999999,31029.0,509.683995922528,0.0,20,20,0,0,20,20,3977,0,0,0,0,0
2020-09-21,US,Nebraska,Cherry,46,4,0,42.54502621,-101.1244332,31031.0,808.5779574617682,8.695652173913043,42,45,4,0,41,42,5761,1,0,0,1,3
2020-09-21,US,Nebraska,Cheyenne,36,0,0,41.21999357,-102.9941693,31033.0,404.040404040404,0.0,36,36,0,0,36,36,9310,0,0,0,0,0
2020-09-21,US,Nebraska,Clay,71,0,0,40.52439441,-98.05126296,31035.0,1144.6074480090276,0.0,71,68,0,0,68,66,6214,3,0,0,3,2
2020-09-21,US,Nebraska,Colfax,762,5,0,41.57486951,-97.0868542,31037.0,7115.510318423756,0.6561679790026247,757,760,5,0,755,758,10881,2,0,0,2,2
2020-09-21,US,Nebraska,Cuming,120,0,0,41.91637624,-96.78730772,31039.0,1356.5453312231516,0.0,120,121,0,0,121,119,8940,-1,0,0,-1,2
2020-09-21,US,Nebraska,Custer,81,4,0,41.39374521,-99.72805369,31041.0,751.6006309733693,4.938271604938271,77,81,4,0,77,80,10840,0,0,0,0,1
2020-09-21,US,Nebraska,Dakota,2155,43,0,42.39040144,-96.56656425,31043.0,10761.01068610806,1.9953596287703017,2112,2150,43,0,2107,2140,20083,5,0,0,5,10
2020-09-21,US,Nebraska,Dawes,114,0,0,42.71985036,-103.1313774,31045.0,1327.2790778903247,0.0,114,114,0,0,114,114,8716,0,0,0,0,0
2020-09-21,US,Nebraska,Dawson,1068,12,0,40.87028216,-99.82014609999999,31047.0,4526.38270820089,1.1235955056179776,1056,1067,12,0,1055,1067,23709,1,0,0,1,0
2020-09-21,US,Nebraska,Deuel,4,0,0,41.11168186,-102.33333309999999,31049.0,222.9654403567447,0.0,4,4,0,0,4,4,1825,0,0,0,0,0
2020-09-21,US,Nebraska,Dixon,84,2,0,42.49188363,-96.86782408,31051.0,1490.4187366926901,2.380952380952381,82,84,2,0,82,83,5709,0,0,0,0,1
2020-09-21,US,Nebraska,Dodge,1102,11,0,41.58071748,-96.65598179,31053.0,3013.8110214686176,0.998185117967332,1091,1084,11,0,1073,1076,36791,18,0,0,18,8
2020-09-21,US,Nebraska,Douglas,15238,182,0,41.29518299,-96.15085305,31055.0,2667.124081305452,1.1943824648904056,15056,15184,177,0,15007,15107,566880,54,5,0,49,77
2020-09-21,US,Nebraska,Dundy,11,1,0,40.17638677,-101.6876522,31057.0,649.7341996455996,9.090909090909092,10,11,1,0,10,11,1770,0,0,0,0,0
2020-09-21,US,Nebraska,Fillmore,53,1,0,40.52458567,-97.59646937,31059.0,970.3405346027097,1.8867924528301887,52,52,1,0,51,51,5527,1,0,0,1,1
2020-09-21,US,Nebraska,Franklin,23,0,0,40.17636348,-98.95299073,31061.0,772.0711648204095,0.0,23,23,0,0,23,22,3023,0,0,0,0,1
2020-09-21,US,Nebraska,Frontier,7,0,0,40.52993007,-100.3924658,31063.0,266.46364674533686,0.0,7,7,0,0,7,7,2608,0,0,0,0,0
2020-09-21,US,Nebraska,Furnas,37,1,0,40.17642064,-99.91247454,31065.0,791.2745936698033,2.702702702702702,36,34,1,0,33,33,4715,3,0,0,3,1
2020-09-21,US,Nebraska,Gage,206,5,0,40.26186809,-96.68946704,31067.0,957.560544786873,2.4271844660194173,201,201,5,0,196,201,21493,5,0,0,5,0
2020-09-21,US,Nebraska,Garden,9,0,0,41.61703149,-102.3313973,31069.0,489.9292324442025,0.0,9,9,0,0,9,9,1897,0,0,0,0,0
2020-09-21,US,Nebraska,Garfield,8,0,0,41.91428955,-98.99111827,31071.0,406.29761300152364,0.0,8,7,0,0,7,6,1987,1,0,0,1,1
2020-09-21,US,Nebraska,Gosper,33,0,0,40.51481965,-99.83020279,31073.0,1658.2914572864322,0.0,33,33,0,0,33,32,1996,0,0,0,0,1
2020-09-21,US,Nebraska,Grant,1,0,0,41.91528587,-101.740701,31075.0,160.5136436597111,0.0,1,1,0,0,1,1,660,0,0,0,0,0
2020-09-21,US,Nebraska,Greeley,22,0,0,41.56742671,-98.52150266,31077.0,933.786078098472,0.0,22,22,0,0,22,22,2356,0,0,0,0,0
2020-09-21,US,Nebraska,Hall,1963,47,0,40.87257079,-98.50218293,31079.0,3199.5175460042706,2.3942944472745795,1916,1959,47,0,1912,1958,61607,4,0,0,4,1
2020-09-21,US,Nebraska,Hamilton,122,12,0,40.87349452,-98.02099117,31081.0,1308.4513084513085,9.836065573770492,110,121,12,0,109,119,9280,1,0,0,1,2
2020-09-21,US,Nebraska,Harlan,17,0,0,40.17658508,-99.40438879,31083.0,502.9585798816568,0.0,17,16,0,0,16,14,3401,1,0,0,1,2
2020-09-21,US,Nebraska,Hitchcock,4,0,0,40.17609175,-101.04164770000001,31087.0,144.82259232440262,0.0,4,4,0,0,4,4,2806,0,0,0,0,0
2020-09-21,US,Nebraska,Holt,54,0,0,42.45522056,-98.78402558,31089.0,536.4060792688983,0.0,54,50,0,0,50,50,10178,4,0,0,4,0
2020-09-21,US,Nebraska,Hooker,7,0,0,41.91586243,-101.1354293,31091.0,1026.392961876833,0.0,7,7,0,0,7,7,682,0,0,0,0,0
2020-09-21,US,Nebraska,Howard,90,5,0,41.2200529,-98.5166499,31093.0,1396.4313421256784,5.5555555555555545,85,89,5,0,84,88,6468,1,0,0,1,1
2020-09-21,US,Nebraska,Jefferson,29,0,0,40.17584531,-97.142601,31095.0,411.58103888731193,0.0,29,29,0,0,29,29,7097,0,0,0,0,0
2020-09-21,US,Nebraska,Johnson,40,0,0,40.39257596,-96.26522753,31097.0,788.7990534411357,0.0,40,40,0,0,40,40,5134,0,0,0,0,0
2020-09-21,US,Nebraska,Kearney,137,0,0,40.50663314,-98.94877182,31099.0,2109.314857582756,0.0,137,137,0,0,137,137,6544,0,0,0,0,0
2020-09-21,US,Nebraska,Keith,60,0,0,41.19930341,-101.66201640000001,31101.0,746.8259895444362,0.0,60,60,0,0,60,60,8021,0,0,0,0,0
2020-09-21,US,Nebraska,Keya Paha,4,0,0,42.87990694,-99.71343729,31103.0,496.27791563275434,0.0,4,4,0,0,4,4,810,0,0,0,0,0
2020-09-21,US,Nebraska,Kimball,15,0,0,41.19774275,-103.7148131,31105.0,412.9955947136564,0.0,15,15,0,0,15,15,3618,0,0,0,0,0
2020-09-21,US,Nebraska,Knox,140,0,0,42.63758421,-97.89178836,31107.0,1680.2688430148826,0.0,140,132,0,0,132,132,8419,8,0,0,8,0
2020-09-21,US,Nebraska,Lancaster,5737,24,0,40.78416049,-96.68777155,31109.0,1797.9253502146728,0.4183371099877985,5713,5681,24,0,5657,5605,317272,56,0,0,56,76
2020-09-21,US,Nebraska,Lincoln,358,2,0,41.04658298,-100.74753740000001,31111.0,1025.3766397433694,0.5586592178770949,356,357,2,0,355,356,35185,1,0,0,1,1
2020-09-21,US,Nebraska,Logan,6,0,0,41.56650314,-100.4817851,31113.0,802.1390374331551,0.0,6,6,0,0,6,6,749,0,0,0,0,0
2020-09-21,US,Nebraska,Loup,3,0,0,41.91371961,-99.45440415,31115.0,451.8072289156627,0.0,3,3,0,0,3,3,618,0,0,0,0,0
2020-09-21,US,Nebraska,Madison,786,5,0,41.91676024,-97.6005481,31119.0,2239.38003931736,0.6361323155216285,781,780,5,0,775,775,35392,6,0,0,6,5
2020-09-21,US,Nebraska,McPherson,6,0,0,41.56797682,-101.05993620000001,31117.0,1214.5748987854256,0.0,6,6,0,0,6,6,492,0,0,0,0,0
2020-09-21,US,Nebraska,Merrick,81,1,0,41.16624273,-98.0374887,31121.0,1044.4874274661508,1.2345679012345678,80,81,1,0,80,81,7733,0,0,0,0,0
2020-09-21,US,Nebraska,Morrill,75,0,0,41.71711774,-103.0061405,31123.0,1615.6828953037484,0.0,75,75,0,0,75,75,4686,0,0,0,0,0
2020-09-21,US,Nebraska,Nance,25,0,0,41.39750195,-97.99327291,31125.0,710.4290991759023,0.0,25,25,0,0,25,24,3532,0,0,0,0,1
2020-09-21,US,Nebraska,Nemaha,116,0,0,40.38514847,-95.85433992,31127.0,1663.7980493402179,0.0,116,116,0,0,116,114,6958,0,0,0,0,2
2020-09-21,US,Nebraska,Nuckolls,13,0,0,40.17637905,-98.04743961,31129.0,313.404050144648,0.0,13,13,0,0,13,13,4195,0,0,0,0,0
2020-09-21,US,Nebraska,Otoe,139,1,0,40.64843556,-96.13374142,31131.0,868.0989258056458,0.7194244604316546,138,137,1,0,136,135,15985,2,0,0,2,2
2020-09-21,US,Nebraska,Pawnee,15,0,0,40.13141096,-96.23705437,31133.0,574.052812858783,0.0,15,15,0,0,15,15,2632,0,0,0,0,0
2020-09-21,US,Nebraska,Perkins,33,10,0,40.85082525,-101.6502942,31135.0,1141.4735385679696,30.303030303030305,23,33,9,0,24,33,2929,0,1,0,-1,0
2020-09-21,US,Nebraska,Phelps,103,0,0,40.51156033,-99.41461667,31137.0,1140.1372592428606,0.0,103,102,0,0,102,102,8996,1,0,0,1,0
2020-09-21,US,Nebraska,Pierce,101,7,0,42.26434853,-97.60122773,31139.0,1412.9826524902066,6.9306930693069315,94,99,7,0,92,100,7142,2,0,0,2,-1
2020-09-21,US,Nebraska,Platte,1028,3,0,41.57246836,-97.52144359,31141.0,3071.407230355542,0.2918287937743191,1025,1019,3,0,1016,1010,33363,9,0,0,9,9
2020-09-21,US,Nebraska,Polk,51,1,0,41.18813488,-97.56630712,31143.0,978.3234222136964,1.96078431372549,50,51,1,0,50,49,5278,0,0,0,0,2
2020-09-21,US,Nebraska,Red Willow,26,0,0,40.17556879999999,-100.476998,31145.0,242.44684819097355,0.0,26,25,0,0,25,25,10726,1,0,0,1,0
2020-09-21,US,Nebraska,Richardson,52,1,0,40.1247415,-95.71755036,31147.0,661.1570247933885,1.9230769230769231,51,51,1,0,50,50,7937,1,0,0,1,1
2020-09-21,US,Nebraska,Rock,39,1,0,42.42252217,-99.44832069,31149.0,2873.986735445837,2.5641025641025643,38,37,0,0,37,37,1360,2,1,0,1,0
2020-09-21,US,Nebraska,Saline,698,2,0,40.52418865,-97.14085859,31151.0,4907.199100112486,0.28653295128939826,696,695,2,0,693,692,14350,3,0,0,3,3
2020-09-21,US,Nebraska,Sarpy,3407,15,0,41.11314181,-96.11156432,31153.0,1820.017521741917,0.44027003228646905,3392,3381,15,0,3366,3356,184459,26,0,0,26,25
2020-09-21,US,Nebraska,Saunders,413,3,0,41.227810299999994,-96.63773905,31155.0,1913.986467698582,0.7263922518159807,410,405,3,0,402,401,21303,8,0,0,8,4
2020-09-21,US,Nebraska,Scotts Bluff,405,7,0,41.85070896,-103.70809859999999,31157.0,1137.0655286652816,1.728395061728395,398,405,7,0,398,405,35989,0,0,0,0,0
2020-09-21,US,Nebraska,Seward,207,3,0,40.87241834,-97.139673,31159.0,1197.6394353158992,1.4492753623188406,204,206,3,0,203,203,17318,1,0,0,1,3
2020-09-21,US,Nebraska,Sheridan,47,0,0,42.50284406,-102.4126613,31161.0,895.9207014868471,0.0,47,47,0,0,47,47,5190,0,0,0,0,0
2020-09-21,US,Nebraska,Sherman,23,1,0,41.22045983,-98.97588642,31163.0,766.4111962679108,4.3478260869565215,22,23,1,0,22,23,3038,0,0,0,0,0
2020-09-21,US,Nebraska,Sioux,7,0,0,42.48932059,-103.7576544,31165.0,600.3430531732419,0.0,7,7,0,0,7,7,1187,0,0,0,0,0
2020-09-21,US,Nebraska,Stanton,39,0,0,41.9169835,-97.19394708,31167.0,658.7837837837837,0.0,39,39,0,0,39,39,5970,0,0,0,0,0
2020-09-21,US,Nebraska,Thayer,29,0,0,40.17626377,-97.59504381,31169.0,579.6522086747951,0.0,29,29,0,0,29,29,5039,0,0,0,0,0
2020-09-21,US,Nebraska,Thomas,5,0,0,41.91358968,-100.5556632,31171.0,692.5207756232687,0.0,5,5,0,0,5,5,720,0,0,0,0,0
2020-09-21,US,Nebraska,Thurston,245,4,0,42.15725356,-96.54157099,31173.0,3391.4728682170544,1.6326530612244898,241,245,4,0,241,244,7303,0,0,0,0,1
2020-09-21,US,Nebraska,Unassigned,223,2,0,0.0,0.0,90031.0,0.0,0.8968609865470852,221,196,0,0,196,194,,27,2,0,25,2
2020-09-21,US,Nebraska,Valley,30,0,0,41.56730777,-98.98197724,31175.0,721.5007215007214,0.0,30,30,0,0,30,30,4190,0,0,0,0,0
2020-09-21,US,Nebraska,Washington,248,2,0,41.52815707,-96.22019892,31177.0,1196.3915287761106,0.8064516129032258,246,244,2,0,242,242,20667,4,0,0,4,2
2020-09-21,US,Nebraska,Wayne,123,0,0,42.20934475,-97.11926964,31179.0,1310.6020245071925,0.0,123,121,0,0,121,115,9403,2,0,0,2,6
2020-09-21,US,Nebraska,Webster,16,0,0,40.17642643,-98.50019851,31181.0,458.8471465443074,0.0,16,15,0,0,15,15,3533,1,0,0,1,0
2020-09-21,US,Nebraska,Wheeler,1,0,0,41.91482725,-98.52798941,31183.0,127.7139208173691,0.0,1,1,0,0,1,1,805,0,0,0,0,0
2020-09-21,US,Nebraska,York,148,2,0,40.87272618,-97.59710186,31185.0,1081.9504349733168,1.351351351351351,146,148,1,0,147,148,13772,0,1,0,-1,0
2020-09-21,US,Nevada,Carson City,525,8,0,39.15509045,-119.7480219,32510.0,938.9083625438158,1.5238095238095235,517,524,8,0,516,523,55414,1,0,0,1,1
2020-09-21,US,Nevada,Churchill,138,3,0,39.58105744,-118.3394607,32001.0,554.016620498615,2.1739130434782608,135,137,3,0,134,137,24440,1,0,0,1,0
2020-09-21,US,Nevada,Clark,64288,1328,0,36.21458855,-115.0130241,32003.0,2836.174816860523,2.0657043305126934,62960,64160,1329,0,62831,63877,2231647,128,-1,0,129,283
2020-09-21,US,Nevada,Douglas,294,1,0,38.912862,-119.61713329999999,32005.0,601.165524997444,0.3401360544217687,293,292,1,0,291,286,48467,2,0,0,2,6
2020-09-21,US,Nevada,Elko,905,9,0,41.14531606,-115.3577619,32007.0,1714.7296221910644,0.994475138121547,896,904,9,0,895,904,52460,1,0,0,1,0
2020-09-21,US,Nevada,Eureka,10,0,0,39.98100864,-116.26832040000001,32011.0,492.8536224741252,0.0,10,10,0,0,10,10,2003,0,0,0,0,0
2020-09-21,US,Nevada,Humboldt,120,4,0,41.40692186,-118.11094270000001,32013.0,712.9701146693602,3.333333333333333,116,118,4,0,114,118,16786,2,0,0,2,0
2020-09-21,US,Nevada,Lander,70,1,0,39.933223299999995,-117.03970749999999,32015.0,1265.3651482284888,1.4285714285714286,69,70,1,0,69,70,5575,0,0,0,0,0
2020-09-21,US,Nevada,Lincoln,7,0,0,37.64268459,-114.8790388,32017.0,135.05691684352692,0.0,7,7,0,0,7,7,5201,0,0,0,0,0
2020-09-21,US,Nevada,Lyon,412,7,0,39.01777974,-119.18704790000001,32019.0,716.397148322031,1.699029126213592,405,407,7,0,400,407,55808,5,0,0,5,0
2020-09-21,US,Nevada,Mineral,13,0,0,38.53841696,-118.4344506,32021.0,288.56825749167587,0.0,13,13,0,0,13,13,4514,0,0,0,0,0
2020-09-21,US,Nevada,Nye,495,15,0,38.04264256,-116.47227020000001,32023.0,1063.9898544805794,3.0303030303030303,480,495,15,0,480,492,45346,0,0,0,0,3
2020-09-21,US,Nevada,Pershing,21,0,0,40.44003782,-118.40056409999998,32027.0,312.2676579925651,0.0,21,21,0,0,21,21,6666,0,0,0,0,0
2020-09-21,US,Nevada,Storey,9,0,0,39.44875482,-119.5250207,32029.0,218.287654620422,0.0,9,9,0,0,9,9,4029,0,0,0,0,0
2020-09-21,US,Nevada,Washoe,8677,154,0,40.66562265,-119.6631594,32031.0,1840.2227693899927,1.7748069609311974,8523,8585,153,0,8432,8493,465735,92,1,0,91,92
2020-09-21,US,Nevada,White Pine,52,1,0,39.44157041,-114.89996599999999,32033.0,542.7974947807933,1.9230769230769231,51,52,1,0,51,52,9475,0,0,0,0,0
2020-09-21,US,New Hampshire,Belknap,146,4,0,43.51637314,-71.41684235,33001.0,238.16126453844018,2.7397260273972597,142,145,4,0,141,143,61022,1,0,0,1,2
2020-09-21,US,New Hampshire,Carroll,119,2,0,43.87498583,-71.20430216,33003.0,243.30402780617462,1.680672268907563,117,119,2,0,117,119,48779,0,0,0,0,0
2020-09-21,US,New Hampshire,Cheshire,142,3,0,42.92015988,-72.25311043,33005.0,186.63337057238616,2.112676056338028,139,142,3,0,139,142,76493,0,0,0,0,0
2020-09-21,US,New Hampshire,Coos,21,0,0,44.69063265,-71.30633239,33007.0,66.53359946773121,0.0,21,21,0,0,21,21,31589,0,0,0,0,0
2020-09-21,US,New Hampshire,Grafton,134,1,0,43.93779815,-71.82057197,33009.0,149.0777206684022,0.746268656716418,133,134,1,0,133,132,89786,0,0,0,0,2
2020-09-21,US,New Hampshire,Hillsborough,4296,288,0,42.91537785,-71.7200253,33011.0,1030.1540675019482,6.70391061452514,4008,4294,288,0,4006,4289,415247,2,0,0,2,5
2020-09-21,US,New Hampshire,Merrimack,558,23,0,43.29662971,-71.6811573,33013.0,368.5820161039956,4.121863799283154,535,558,23,0,535,557,151132,0,0,0,0,1
2020-09-21,US,New Hampshire,Rockingham,1977,103,0,42.98499744,-71.12883377,33015.0,638.2175104674774,5.209914011127972,1874,1975,103,0,1872,1971,309176,2,0,0,2,4
2020-09-21,US,New Hampshire,Strafford,503,13,0,43.291833000000004,-71.02336013,33017.0,385.0481884363063,2.584493041749503,490,502,13,0,489,493,130090,1,0,0,1,9
2020-09-21,US,New Hampshire,Sullivan,51,1,0,43.36094111,-72.22203125,33019.0,118.20330969267141,1.96078431372549,50,51,1,0,50,50,43144,0,0,0,0,1
2020-09-21,US,New Hampshire,Unassigned,5,0,0,0.0,0.0,90033.0,0.0,0.0,5,6,0,0,6,3,,-1,0,0,-1,3
2020-09-21,US,New Jersey,Atlantic,3971,256,0,39.47538693,-74.65848483,34001.0,1506.049228201919,6.446738856711156,3715,3965,256,0,3709,3956,265429,6,0,0,6,9
2020-09-21,US,New Jersey,Bergen,22197,2044,0,40.96010917,-74.07164325,34003.0,2381.13627733045,9.208451592557553,20153,22168,2044,0,20124,22145,936692,29,0,0,29,23
2020-09-21,US,New Jersey,Burlington,6946,491,0,39.87681124,-74.66927768,34005.0,1559.6756700924445,7.068816585084941,6455,6930,490,0,6440,6901,445384,16,1,0,15,29
2020-09-21,US,New Jersey,Camden,9729,605,0,39.80343818,-74.96388753,34007.0,1920.939204811332,6.218521944701407,9124,9707,605,0,9102,9667,507078,22,0,0,22,40
2020-09-21,US,New Jersey,Cape May,999,95,0,39.15008829,-74.80170244,34009.0,1085.4094459957194,9.50950950950951,904,997,95,0,902,995,92560,2,0,0,2,2
2020-09-21,US,New Jersey,Cumberland,3744,157,0,39.37199394,-75.10712559,34011.0,2503.8956175138933,4.193376068376068,3587,3735,157,0,3578,3728,150972,9,0,0,9,7
2020-09-21,US,New Jersey,Essex,20854,2125,0,40.78681335,-74.24657979,34013.0,2610.094183172189,10.189891627505515,18729,20833,2125,0,18708,20803,799767,21,0,0,21,30
2020-09-21,US,New Jersey,Gloucester,4330,224,0,39.71581067,-75.13995546,34015.0,1484.7275370667544,5.1732101616628166,4106,4313,224,0,4089,4281,291408,17,0,0,17,32
2020-09-21,US,New Jersey,Hudson,20506,1513,0,40.73766234,-74.07515667,34017.0,3049.713633882667,7.378328294157808,18993,20482,1513,0,18969,20468,676061,24,0,0,24,14
2020-09-21,US,New Jersey,Hunterdon,1288,125,0,40.56335249,-74.91284156,34019.0,1035.6111955359368,9.704968944099381,1163,1286,125,0,1161,1282,124714,2,0,0,2,4
2020-09-21,US,New Jersey,Mercer,8576,636,0,40.28047017,-74.70479631,34021.0,2334.050023133658,7.416044776119403,7940,8567,635,0,7932,8563,369811,9,1,0,8,4
2020-09-21,US,New Jersey,Middlesex,19116,1425,0,40.43629879,-74.41426991,34023.0,2316.9167892837145,7.454488386691778,17691,19089,1425,0,17664,19050,829685,27,0,0,27,39
2020-09-21,US,New Jersey,Monmouth,11544,865,0,40.26549699,-74.22240686,34025.0,1865.5612925120602,7.493069993069992,10679,11500,865,0,10635,11438,621354,44,0,0,44,62
2020-09-21,US,New Jersey,Morris,7763,831,0,40.86095313,-74.54553709999998,34027.0,1578.342770588295,10.704624500837305,6932,7742,831,0,6911,7718,494228,21,0,0,21,24
2020-09-21,US,New Jersey,Ocean,12317,1042,0,39.8895449,-74.28089251,34029.0,2028.538207402674,8.459852236745961,11275,12241,1042,0,11199,12182,601651,76,0,0,76,59
2020-09-21,US,New Jersey,Passaic,18832,1251,0,41.03238628,-74.29954144,34031.0,3752.6951572855933,6.642948173322005,17581,18822,1251,0,17571,18799,503310,10,0,0,10,23
2020-09-21,US,New Jersey,Salem,1047,89,0,39.58719656,-75.34696629999998,34033.0,1678.288050012022,8.500477554918815,958,1044,89,0,955,1039,62607,3,0,0,3,5
2020-09-21,US,New Jersey,Somerset,5703,569,0,40.56465737,-74.61683016,34035.0,1733.7824609192114,9.977204979835175,5134,5691,569,0,5122,5685,331164,12,0,0,12,6
2020-09-21,US,New Jersey,Sussex,1453,198,0,41.13891592,-74.69118243,34037.0,1034.2520357610615,13.626978664831386,1255,1452,198,0,1254,1450,140799,1,0,0,1,2
2020-09-21,US,New Jersey,Unassigned,340,0,0,0.0,0.0,90034.0,0.0,0.0,340,330,0,0,330,316,,10,0,0,10,14
2020-09-21,US,New Jersey,Union,17466,1357,0,40.65835409,-74.30680092,34039.0,3139.44145766715,7.769380510706514,16109,17440,1357,0,16083,17415,558067,26,0,0,26,25
2020-09-21,US,New Jersey,Warren,1433,171,0,40.85951833,-74.99556527,34041.0,1361.3003125385926,11.933007676203768,1262,1428,171,0,1257,1428,105779,5,0,0,5,0
2020-09-21,US,New Mexico,Bernalillo,6226,172,0,35.05163625,-106.6703554,35001.0,916.773299603458,2.762608416318664,6054,6206,171,0,6035,6198,678701,20,1,0,19,8
2020-09-21,US,New Mexico,Catron,9,1,0,33.91514144,-108.4046587,35003.0,255.17436915225403,11.111111111111109,8,9,1,0,8,9,3578,0,0,0,0,0
2020-09-21,US,New Mexico,Chaves,1040,11,0,33.36406072,-104.4665365,35005.0,1609.5333900797034,1.0576923076923077,1029,1028,11,0,1017,1014,64689,12,0,0,12,14
2020-09-21,US,New Mexico,Cibola,404,20,0,34.91131525,-107.998876,35006.0,1514.526710402999,4.950495049504951,384,406,20,0,386,406,26746,-2,0,0,-2,0
2020-09-21,US,New Mexico,Colfax,27,1,0,36.60569702,-104.64726740000002,35007.0,226.11171593668868,3.703703703703704,26,27,1,0,26,27,12110,0,0,0,0,0
2020-09-21,US,New Mexico,Curry,743,5,0,34.57421077,-103.34688759999999,35009.0,1517.7513584181067,0.6729475100942126,738,740,5,0,735,740,49437,3,0,0,3,0
2020-09-21,US,New Mexico,De Baca,1,0,0,34.34274529,-104.4117842,35011.0,57.20823798627003,0.0,1,1,0,0,1,1,1781,0,0,0,0,0
2020-09-21,US,New Mexico,Dona Ana,3147,53,0,32.35275771,-106.83293870000001,35013.0,1442.2878617750173,1.6841436288528755,3094,3129,53,0,3076,3117,217522,18,0,0,18,12
2020-09-21,US,New Mexico,Eddy,699,6,0,32.47167456,-104.3053527,35015.0,1195.6893602463222,0.8583690987124464,693,694,6,0,688,686,57900,5,0,0,5,8
2020-09-21,US,New Mexico,Grant,108,2,0,32.73911281,-108.3827845,35017.0,400.0296318245796,1.851851851851852,106,108,2,0,106,109,27346,0,0,0,0,-1
2020-09-21,US,New Mexico,Guadalupe,34,1,0,34.86319296,-104.790669,35019.0,790.6976744186046,2.9411764705882355,33,34,1,0,33,34,4341,0,0,0,0,0
2020-09-21,US,New Mexico,Harding,2,0,0,35.85751555,-103.82209379999999,35021.0,320.0,0.0,2,2,0,0,2,2,655,0,0,0,0,0
2020-09-21,US,New Mexico,Hidalgo,99,2,0,31.91383467,-108.7151824,35023.0,2358.265840876608,2.0202020202020203,97,99,2,0,97,99,4240,0,0,0,0,0
2020-09-21,US,New Mexico,Lea,1334,21,0,32.79215361,-103.4123733,35025.0,1877.0226537216834,1.5742128935532234,1313,1327,21,0,1306,1320,69611,7,0,0,7,7
2020-09-21,US,New Mexico,Lincoln,189,3,0,33.74526079,-105.4586166,35027.0,965.6652360515021,1.5873015873015872,186,189,3,0,186,186,19556,0,0,0,0,3
2020-09-21,US,New Mexico,Los Alamos,31,0,0,35.86631386,-106.31349850000001,35028.0,160.0495637358666,0.0,31,31,0,0,31,31,19101,0,0,0,0,0
2020-09-21,US,New Mexico,Luna,408,6,0,32.18179341,-107.75088259999998,35029.0,1720.8654941161585,1.4705882352941178,402,401,6,0,395,401,23963,7,0,0,7,0
2020-09-21,US,New Mexico,McKinley,4295,255,0,35.58007720000001,-108.262245,35031.0,6018.1876777782445,5.937136204889407,4040,4292,255,0,4037,4292,72290,3,0,0,3,0
2020-09-21,US,New Mexico,Mora,7,0,0,36.01095101,-104.9497716,35033.0,154.83300154833,0.0,7,7,0,0,7,7,4506,0,0,0,0,0
2020-09-21,US,New Mexico,Otero,248,13,0,32.61348406,-105.7417604,35035.0,367.4618461994369,5.241935483870968,235,247,13,0,234,247,66781,1,0,0,1,0
2020-09-21,US,New Mexico,Quay,73,2,0,35.10403332,-103.54817270000001,35037.0,884.526838725312,2.7397260273972597,71,73,2,0,71,71,8253,0,0,0,0,2
2020-09-21,US,New Mexico,Rio Arriba,386,13,0,36.51072137,-106.69316740000001,35039.0,991.7525243441844,3.3678756476683938,373,384,13,0,371,383,39006,2,0,0,2,1
2020-09-21,US,New Mexico,Roosevelt,268,3,0,34.02097406,-103.4799493,35041.0,1448.6486486486488,1.1194029850746268,265,267,3,0,264,266,18743,1,0,0,1,1
2020-09-21,US,New Mexico,San Juan,3266,197,0,36.50838318,-108.32043700000001,35045.0,2634.763387599025,6.03184323331292,3069,3262,197,0,3065,3257,125043,4,0,0,4,5
2020-09-21,US,New Mexico,San Miguel,94,0,0,35.48014807,-104.8163562,35047.0,344.61267734721565,0.0,94,94,0,0,94,93,27591,0,0,0,0,1
2020-09-21,US,New Mexico,Sandoval,1314,41,0,35.68862401,-106.86878030000001,35043.0,895.4125439528989,3.1202435312024352,1273,1313,40,0,1273,1313,145179,1,1,0,0,0
2020-09-21,US,New Mexico,Santa Fe,957,5,0,35.50708973,-105.9774716,35049.0,636.4809321752085,0.522466039707419,952,942,5,0,937,939,150056,15,0,0,15,3
2020-09-21,US,New Mexico,Sierra,42,1,0,33.13028233,-107.1925893,35051.0,389.2132332499305,2.380952380952381,41,42,1,0,41,42,10968,0,0,0,0,0
2020-09-21,US,New Mexico,Socorro,89,6,0,34.00715494,-106.9298354,35053.0,534.9522149425978,6.741573033707866,83,89,6,0,83,88,16735,0,0,0,0,1
2020-09-21,US,New Mexico,Taos,131,4,0,36.58006022,-105.63101979999999,35055.0,400.3300430889589,3.053435114503817,127,129,4,0,125,129,32835,2,0,0,2,0
2020-09-21,US,New Mexico,Torrance,65,1,0,34.64048375,-105.8508949,35057.0,420.4126511868572,1.5384615384615383,64,65,1,0,64,65,15591,0,0,0,0,0
2020-09-21,US,New Mexico,Unassigned,1361,0,0,0.0,0.0,90035.0,0.0,0.0,1361,1361,0,0,1361,1361,,0,0,0,0,0
2020-09-21,US,New Mexico,Union,31,2,0,36.48126404,-103.4709624,35059.0,763.7349100763735,6.451612903225807,29,31,2,0,29,31,4118,0,0,0,0,0
2020-09-21,US,New Mexico,Valencia,555,4,0,34.71669834,-106.8103733,35061.0,723.7116628416438,0.7207207207207207,551,550,4,0,546,548,76456,5,0,0,5,2
2020-09-21,US,New York,Albany,3024,134,0,42.60060306,-73.97723916,36001.0,989.8332602305684,4.431216931216931,2890,3016,134,0,2882,3006,307117,8,0,0,8,10
2020-09-21,US,New York,Allegany,99,1,0,42.25748406,-78.02750466,36003.0,214.7924757544857,1.0101010101010102,98,98,1,0,97,96,46430,1,0,0,1,2
2020-09-21,US,New York,Bronx,52619,4942,0,40.85209301,-73.86282755,36005.0,3710.248221874521,9.392044698682987,47677,52578,4941,0,47637,52526,1432132,41,1,0,40,52
2020-09-21,US,New York,Broome,1472,69,0,42.15903158,-75.81326086,36007.0,772.752089370459,4.6875,1403,1465,69,0,1396,1459,191659,7,0,0,7,6
2020-09-21,US,New York,Cattaraugus,255,6,0,42.24778241,-78.67923096,36009.0,335.0105758240603,2.3529411764705883,249,254,6,0,248,253,76840,1,0,0,1,1
2020-09-21,US,New York,Cayuga,199,2,0,42.91261714,-76.55731592,36011.0,259.8725449226912,1.0050251256281406,197,199,2,0,197,196,77145,0,0,0,0,3
2020-09-21,US,New York,Chautauqua,541,9,0,42.22769210000001,-79.36691763,36013.0,426.309858710984,1.6635859519408502,532,537,9,0,528,536,127939,4,0,0,4,1
2020-09-21,US,New York,Chemung,338,3,0,42.13891056,-76.7638805,36015.0,405.00383435582825,0.8875739644970414,335,330,3,0,327,322,84254,8,0,0,8,8
2020-09-21,US,New York,Chenango,248,7,0,42.49430041,-75.60887553,36017.0,525.3458173575953,2.8225806451612905,241,248,7,0,241,248,47536,0,0,0,0,0
2020-09-21,US,New York,Clinton,154,5,0,44.74530905,-73.67875352,36019.0,191.34000124246757,3.2467532467532467,149,154,5,0,149,154,80695,0,0,0,0,0
2020-09-21,US,New York,Columbia,582,37,0,42.24819348,-73.63089095,36021.0,978.7928221859706,6.3573883161512015,545,581,37,0,544,580,59916,1,0,0,1,1
2020-09-21,US,New York,Cortland,161,0,0,42.59509207,-76.07048931,36023.0,338.37035791597486,0.0,161,159,0,0,159,155,47823,2,0,0,2,4
2020-09-21,US,New York,Delaware,130,4,0,42.19837623,-74.96709306,36025.0,294.5508100147275,3.0769230769230766,126,130,4,0,126,130,44527,0,0,0,0,0
2020-09-21,US,New York,Dutchess,5076,153,0,41.76486060000001,-73.74356679,36027.0,1725.251344241345,3.0141843971631204,4923,5059,153,0,4906,5053,293718,17,0,0,17,6
2020-09-21,US,New York,Erie,11042,689,0,42.76249024,-78.73063652,36029.0,1201.9131339650944,6.2398116283282015,10353,10999,689,0,10310,10917,919719,43,0,0,43,82
2020-09-21,US,New York,Essex,160,0,0,44.11630765,-73.77297842,36031.0,433.7806696489088,0.0,160,160,0,0,160,158,37300,0,0,0,0,2
2020-09-21,US,New York,Franklin,65,0,0,44.59040891,-74.29926032,36033.0,129.94282515693095,0.0,65,65,0,0,65,64,50293,0,0,0,0,1
2020-09-21,US,New York,Fulton,332,24,0,43.11363907,-74.41798804,36035.0,621.9208362212688,7.2289156626506035,308,332,24,0,308,332,53591,0,0,0,0,0
2020-09-21,US,New York,Genesee,316,5,0,43.0022601,-78.19135193,36037.0,551.6759776536313,1.5822784810126582,311,314,5,0,309,314,57511,2,0,0,2,0
2020-09-21,US,New York,Greene,320,18,0,42.275797,-74.12384884,36039.0,678.1385097906248,5.625,302,319,18,0,301,319,47491,1,0,0,1,0
2020-09-21,US,New York,Hamilton,15,0,0,43.66146647,-74.49721957,36041.0,339.67391304347825,0.0,15,15,0,0,15,15,4434,0,0,0,0,0
2020-09-21,US,New York,Herkimer,321,10,0,43.42034246,-74.96145307,36043.0,523.4919029990705,3.115264797507788,311,321,10,0,311,319,61833,0,0,0,0,2
2020-09-21,US,New York,Jefferson,163,0,0,44.04200959,-75.94653457,36045.0,148.40577598922007,0.0,163,163,0,0,163,161,111755,0,0,0,0,2
2020-09-21,US,New York,Kings,67227,7318,0,40.636182500000004,-73.94935552,36047.0,2626.154194123761,10.88550731105062,59909,67136,7318,0,59818,66971,2582830,91,0,0,91,165
2020-09-21,US,New York,Lewis,50,0,0,43.784415700000004,-75.44903992,36049.0,190.14298752661998,0.0,50,50,0,0,50,50,26447,0,0,0,0,0
2020-09-21,US,New York,Livingston,201,8,0,42.72596275,-77.77966158,36051.0,319.48373970817306,3.9800995024875614,193,201,8,0,193,201,63227,0,0,0,0,0
2020-09-21,US,New York,Madison,488,17,0,42.91653905,-75.67266639,36053.0,687.8955751962898,3.4836065573770494,471,487,17,0,470,486,70795,1,0,0,1,1
2020-09-21,US,New York,Monroe,5911,289,0,43.14638895,-77.69322942,36055.0,796.8777383825177,4.889189646421925,5622,5894,289,0,5605,5876,742474,17,0,0,17,18
2020-09-21,US,New York,Montgomery,227,4,0,42.90123494,-74.44011632,36057.0,461.18526645131135,1.7621145374449338,223,227,4,0,223,223,49455,0,0,0,0,4
2020-09-21,US,New York,Nassau,46259,2201,0,40.74066522,-73.58941873,36059.0,3409.107658203407,4.757993039192374,44058,46218,2201,0,44017,46154,1358343,41,0,0,41,64
2020-09-21,US,New York,New York,33105,3174,0,40.76727260000001,-73.97152637,36061.0,2032.595201343889,9.587675577707293,29931,33070,3174,0,29896,33011,,35,0,0,35,59
2020-09-21,US,New York,Niagara,1728,101,0,43.19898042,-78.74777412,36063.0,825.6841280383791,5.844907407407407,1627,1724,101,0,1623,1714,210433,4,0,0,4,10
2020-09-21,US,New York,Oneida,2378,123,0,43.24375382,-75.43710392,36065.0,1039.9219839857262,5.172413793103448,2255,2375,123,0,2252,2373,229577,3,0,0,3,2
2020-09-21,US,New York,Onondaga,4231,205,0,43.00491923,-76.19971155,36067.0,918.7280686516347,4.845190262349327,4026,4220,205,0,4015,4201,461809,11,0,0,11,19
2020-09-21,US,New York,Ontario,464,35,0,42.85145728,-77.30874425,36069.0,422.67505943868025,7.543103448275862,429,461,35,0,426,456,109864,3,0,0,3,5
2020-09-21,US,New York,Orange,11822,498,0,41.40337468,-74.30240757,36071.0,3071.127967995012,4.212485197090172,11324,11812,498,0,11314,11790,381951,10,0,0,10,22
2020-09-21,US,New York,Orleans,324,54,0,43.2516977,-78.2320066,36073.0,802.934179222839,16.666666666666668,270,323,54,0,269,323,40612,1,0,0,1,0
2020-09-21,US,New York,Oswego,456,3,0,43.42778894,-76.14635194,36075.0,389.3309654724907,0.6578947368421053,453,447,3,0,444,424,117898,9,0,0,9,23
2020-09-21,US,New York,Otsego,332,5,0,42.63492579,-75.03151402,36077.0,558.0488460827324,1.5060240963855422,327,332,5,0,327,325,59749,0,0,0,0,7
2020-09-21,US,New York,Putnam,1577,63,0,41.42630093,-73.74965532,36079.0,1603.946297803092,3.994927076727965,1514,1574,63,0,1511,1573,98892,3,0,0,3,1
2020-09-21,US,New York,Queens,71752,7244,0,40.71088124,-73.81684712,36081.0,3183.5191036879883,10.09588582896644,64508,71682,7243,0,64439,71577,2278906,70,1,0,69,105
2020-09-21,US,New York,Rensselaer,901,42,0,42.71348136,-73.51089874,36083.0,567.6877906170847,4.661487236403995,859,899,42,0,857,896,159442,2,0,0,2,3
2020-09-21,US,New York,Richmond,15753,1085,0,40.58582155,-74.14808598,36085.0,3308.459853447389,6.887576969466133,14668,15730,1085,0,14645,15713,476179,23,0,0,23,17
2020-09-21,US,New York,Rockland,14833,675,0,41.15027894,-74.02560498,36087.0,4552.946845964721,4.550664059866514,14158,14823,675,0,14148,14801,325695,10,0,0,10,22
2020-09-21,US,New York,Saratoga,1004,17,0,43.10904162,-73.86653895,36091.0,436.7819092241901,1.6932270916334662,987,998,17,0,981,990,230163,6,0,0,6,8
2020-09-21,US,New York,Schenectady,1383,48,0,42.81668777,-74.05278291,36093.0,890.5401837745253,3.470715835140998,1335,1380,48,0,1332,1377,155350,3,0,0,3,3
2020-09-21,US,New York,Schoharie,83,0,0,42.58831742,-74.44339029999998,36095.0,267.7505725991161,0.0,83,83,0,0,83,83,31097,0,0,0,0,0
2020-09-21,US,New York,Schuyler,38,0,0,42.39184015,-76.8773299,36097.0,213.39922502386705,0.0,38,38,0,0,38,37,17912,0,0,0,0,1
2020-09-21,US,New York,Seneca,105,3,0,42.78081007,-76.82497064,36099.0,308.67826904985884,2.8571428571428568,102,105,3,0,102,105,34300,0,0,0,0,0
2020-09-21,US,New York,St. Lawrence,318,4,0,44.4976179,-75.06550039,36089.0,295.1550027844812,1.2578616352201255,314,318,4,0,314,315,108047,0,0,0,0,3
2020-09-21,US,New York,Steuben,353,42,0,42.2689144,-77.3829924,36101.0,370.10243344971116,11.898016997167137,311,350,42,0,308,344,95796,3,0,0,3,6
2020-09-21,US,New York,Suffolk,46109,2011,0,40.88320119,-72.8012172,36103.0,3122.6445058617733,4.36140449803726,44098,46061,2011,0,44050,46010,1481093,48,0,0,48,51
2020-09-21,US,New York,Sullivan,1573,48,0,41.71579493,-74.76394559,36105.0,2085.321879308516,3.0514939605848697,1525,1571,48,0,1523,1570,75498,2,0,0,2,1
2020-09-21,US,New York,Tioga,224,25,0,42.16852837,-76.30835812,36107.0,464.70136713482566,11.160714285714288,199,224,25,0,199,222,48560,0,0,0,0,2
2020-09-21,US,New York,Tompkins,398,0,0,42.44945765,-76.47229843,36109.0,389.5087101193972,0.0,398,397,0,0,397,394,102793,1,0,0,1,3
2020-09-21,US,New York,Ulster,2242,95,0,41.89027881,-74.26252104,36111.0,1262.5793335698559,4.2372881355932215,2147,2242,95,0,2147,2239,178599,0,0,0,0,3
2020-09-21,US,New York,Unassigned,0,19,0,0.0,0.0,90036.0,0.0,0.0,-19,0,16,0,-16,0,,0,3,0,-3,0
2020-09-21,US,New York,Warren,363,33,0,43.56173026,-73.8433699,36113.0,567.6842236957337,9.090909090909092,330,360,33,0,327,356,64265,3,0,0,3,4
2020-09-21,US,New York,Washington,287,14,0,43.31153794,-73.43043448,36115.0,468.92359976472125,4.878048780487805,273,287,14,0,273,287,61197,0,0,0,0,0
2020-09-21,US,New York,Wayne,311,5,0,43.15494365,-77.02976528,36117.0,345.87068217709464,1.6077170418006432,306,310,5,0,305,309,90064,1,0,0,1,1
2020-09-21,US,New York,Westchester,37837,1454,0,41.16278376,-73.75741653,36119.0,3910.7767807124706,3.8427993762719033,36383,37801,1454,0,36347,37755,967612,36,0,0,36,46
2020-09-21,US,New York,Wyoming,132,5,0,42.70145109,-78.22199579,36121.0,331.16736496148917,3.787878787878788,127,132,5,0,127,132,40085,0,0,0,0,0
2020-09-21,US,New York,Yates,62,7,0,42.63505484,-77.10369919,36123.0,248.8660538674588,11.290322580645164,55,62,7,0,55,62,24841,0,0,0,0,0
2020-09-21,US,North Carolina,Alamance,3749,54,0,36.0434701,-79.39976137,37001.0,2211.6819755883166,1.440384102427314,3695,3728,54,0,3674,3695,166436,21,0,0,21,33
2020-09-21,US,North Carolina,Alexander,488,5,0,35.922379600000006,-81.17751948,37003.0,1301.4374483291995,1.024590163934426,483,485,5,0,480,483,37353,3,0,0,3,2
2020-09-21,US,North Carolina,Alleghany,220,0,0,36.49360862,-81.12857041,37005.0,1975.3973242345335,0.0,220,220,0,0,220,219,11161,0,0,0,0,1
2020-09-21,US,North Carolina,Anson,553,4,0,34.97403241,-80.09953279,37007.0,2262.128773623497,0.7233273056057866,549,552,4,0,548,549,24877,1,0,0,1,3
2020-09-21,US,North Carolina,Ashe,251,1,0,36.43296207,-81.49862729,37009.0,922.6923501084441,0.398406374501992,250,248,1,0,247,247,27109,3,0,0,3,1
2020-09-21,US,North Carolina,Avery,325,0,0,36.07569796,-81.92308483,37011.0,1851.1135159765336,0.0,325,324,0,0,324,321,17505,1,0,0,1,3
2020-09-21,US,North Carolina,Beaufort,855,17,0,35.48531943,-76.84325809,37013.0,1819.3811975996937,1.9883040935672516,838,849,17,0,832,818,47079,6,0,0,6,31
2020-09-21,US,North Carolina,Bertie,553,7,0,36.0688473,-76.96545943,37015.0,2918.667862986225,1.2658227848101269,546,551,7,0,544,540,19026,2,0,0,2,11
2020-09-21,US,North Carolina,Bladen,821,12,0,34.61296243,-78.56180059,37017.0,2509.015341360553,1.4616321559074301,809,820,12,0,808,818,33190,1,0,0,1,2
2020-09-21,US,North Carolina,Brunswick,1535,26,0,34.070565,-78.22814204,37019.0,1074.7794426550904,1.6938110749185669,1509,1529,26,0,1503,1523,136744,6,0,0,6,6
2020-09-21,US,North Carolina,Buncombe,2874,79,0,35.61113393,-82.53305,37021.0,1100.3441925640623,2.7487821851078635,2795,2861,79,0,2782,2844,259103,13,0,0,13,17
2020-09-21,US,North Carolina,Burke,2031,35,0,35.74989637,-81.70755735,37023.0,2244.5709233574626,1.7232890201870998,1996,2025,34,0,1991,2018,90382,6,1,0,5,7
2020-09-21,US,North Carolina,Cabarrus,3770,61,0,35.3877799,-80.55267168,37025.0,1741.7176015116445,1.6180371352785146,3709,3761,61,0,3700,3739,211342,9,0,0,9,22
2020-09-21,US,North Carolina,Caldwell,1571,18,0,35.95204977,-81.54799522,37027.0,1911.703862347587,1.1457670273711011,1553,1560,18,0,1542,1557,82029,11,0,0,11,3
2020-09-21,US,North Carolina,Camden,109,3,0,36.33804939,-76.15568396,37029.0,1003.0367166651332,2.7522935779816518,106,109,3,0,106,107,10710,0,0,0,0,2
2020-09-21,US,North Carolina,Carteret,615,5,0,34.8932941,-76.54120135,37031.0,885.2359909605168,0.8130081300813008,610,610,5,0,605,608,69524,5,0,0,5,2
2020-09-21,US,North Carolina,Caswell,318,3,0,36.39312665,-79.33353281,37033.0,1406.8306494425765,0.9433962264150944,315,317,3,0,314,315,22698,1,0,0,1,2
2020-09-21,US,North Carolina,Catawba,2987,51,0,35.66211129,-81.2132617,37035.0,1872.1286610550856,1.7073987278205558,2936,2972,51,0,2921,2958,158652,15,0,0,15,14
2020-09-21,US,North Carolina,Chatham,1604,57,0,35.70394416,-79.25541492,37037.0,2153.8874714650196,3.5536159600997506,1547,1598,57,0,1541,1589,73139,6,0,0,6,9
2020-09-21,US,North Carolina,Cherokee,579,10,0,35.1349263,-84.05970864,37039.0,2023.6264504403744,1.7271157167530224,569,573,10,0,563,567,28383,6,0,0,6,6
2020-09-21,US,North Carolina,Chowan,313,3,0,36.12908077,-76.60118385,37041.0,2244.854048626551,0.9584664536741214,310,311,3,0,308,306,14029,2,0,0,2,5
2020-09-21,US,North Carolina,Clay,112,2,0,35.05704275,-83.74353633,37043.0,997.2397827441902,1.7857142857142858,110,112,2,0,110,109,11139,0,0,0,0,3
2020-09-21,US,North Carolina,Cleveland,2040,60,0,35.33553364,-81.55204486,37045.0,2082.7590431559925,2.9411764705882355,1980,2022,60,0,1962,1994,97645,18,0,0,18,28
2020-09-21,US,North Carolina,Columbus,1312,54,0,34.26744084,-78.65801424,37047.0,2363.6232615118547,4.115853658536587,1258,1309,54,0,1255,1305,55655,3,0,0,3,4
2020-09-21,US,North Carolina,Craven,1287,30,0,35.11833364,-77.08398081,37049.0,1260.0475822163914,2.331002331002331,1257,1267,30,0,1237,1247,102912,20,0,0,20,20
2020-09-21,US,North Carolina,Cumberland,5089,75,0,35.04762133,-78.82623165,37051.0,1516.799847396046,1.4737669483199056,5014,5065,75,0,4990,5018,332330,24,0,0,24,47
2020-09-21,US,North Carolina,Currituck,166,1,0,36.36123664,-75.95876401,37053.0,597.9180924251702,0.6024096385542169,165,166,1,0,165,150,27072,0,0,0,0,16
2020-09-21,US,North Carolina,Dare,264,2,0,35.66520691,-75.71767334,37055.0,713.3399983787727,0.7575757575757576,262,261,2,0,259,258,36501,3,0,0,3,3
2020-09-21,US,North Carolina,Davidson,2613,34,0,35.79115496,-80.21256572,37057.0,1558.9854960055843,1.3011863758132416,2579,2598,34,0,2564,2575,166614,15,0,0,15,23
2020-09-21,US,North Carolina,Davie,533,6,0,35.93099927,-80.54496571,37059.0,1243.9901040937311,1.125703564727955,527,531,6,0,525,527,42733,2,0,0,2,4
2020-09-21,US,North Carolina,Duplin,2140,53,0,34.93449805,-77.93140529,37061.0,3643.111285133041,2.4766355140186915,2087,2139,53,0,2086,2137,58856,1,0,0,1,2
2020-09-21,US,North Carolina,Durham,7523,90,0,36.03638492,-78.87608331,37063.0,2340.056238491017,1.1963312508307855,7433,7506,90,0,7416,7486,316739,17,0,0,17,20
2020-09-21,US,North Carolina,Edgecombe,1279,37,0,35.91230639,-77.59436892,37065.0,2484.846129934722,2.8928850664581702,1242,1272,37,0,1235,1254,52005,7,0,0,7,18
2020-09-21,US,North Carolina,Forsyth,6833,94,0,36.12859861,-80.25459052,37067.0,1787.3631619560806,1.3756768622859652,6739,6814,94,0,6720,6786,379099,19,0,0,19,28
2020-09-21,US,North Carolina,Franklin,1189,32,0,36.081519,-78.28708884,37069.0,1706.249551553419,2.691337258200168,1157,1184,32,0,1152,1177,67560,5,0,0,5,7
2020-09-21,US,North Carolina,Gaston,4861,75,0,35.29373559,-81.17477045,37071.0,2164.976461837892,1.542892408969348,4786,4840,75,0,4765,4806,222846,21,0,0,21,34
2020-09-21,US,North Carolina,Gates,127,3,0,36.44667547,-76.69749701,37073.0,1098.4258778758,2.3622047244094486,124,127,3,0,124,121,11573,0,0,0,0,6
2020-09-21,US,North Carolina,Graham,122,1,0,35.3506925,-83.83369267,37075.0,1445.326383129961,0.819672131147541,121,122,1,0,121,122,8484,0,0,0,0,0
2020-09-21,US,North Carolina,Granville,1689,48,0,36.30337451,-78.65184241,37077.0,2794.368247770627,2.841918294849023,1641,1684,48,0,1636,1680,60115,5,0,0,5,4
2020-09-21,US,North Carolina,Greene,505,5,0,35.48544173,-77.67578087,37079.0,2396.886420807822,0.99009900990099,500,502,5,0,497,498,21012,3,0,0,3,4
2020-09-21,US,North Carolina,Guilford,8157,176,0,36.07959451,-79.78824948,37081.0,1518.5023847021635,2.1576560009807526,7981,8124,176,0,7948,8064,533670,33,0,0,33,60
2020-09-21,US,North Carolina,Halifax,964,18,0,36.25669272,-77.6556109,37083.0,1927.6144771045788,1.867219917012448,946,963,18,0,945,957,50574,1,0,0,1,6
2020-09-21,US,North Carolina,Harnett,2064,51,0,35.36731853,-78.87243571,37085.0,1517.914926163441,2.4709302325581395,2013,2057,51,0,2006,2003,134214,7,0,0,7,54
2020-09-21,US,North Carolina,Haywood,580,31,0,35.55269063,-82.98196486,37087.0,930.7251632780783,5.344827586206896,549,580,31,0,549,577,61971,0,0,0,0,3
2020-09-21,US,North Carolina,Henderson,1906,64,0,35.33788927,-82.4766782,37089.0,1623.274312918913,3.3578174186778598,1842,1902,64,0,1838,1894,116748,4,0,0,4,8
2020-09-21,US,North Carolina,Hertford,693,26,0,36.3607755,-76.98104134,37091.0,2926.8910757274994,3.7518037518037524,667,691,26,0,665,681,23659,2,0,0,2,10
2020-09-21,US,North Carolina,Hoke,1068,16,0,35.01888303,-79.23651674,37093.0,1933.5916283448605,1.49812734082397,1052,1066,16,0,1050,1058,54764,2,0,0,2,8
2020-09-21,US,North Carolina,Hyde,124,4,0,35.42017674,-76.15180542,37095.0,2511.646749037877,3.2258064516129035,120,124,4,0,120,124,5230,0,0,0,0,0
2020-09-21,US,North Carolina,Iredell,2683,27,0,35.80950511,-80.8743128,37097.0,1475.7488751746366,1.0063361908311592,2656,2670,27,0,2643,2653,178435,13,0,0,13,17
2020-09-21,US,North Carolina,Jackson,532,7,0,35.28814273,-83.14093385,37099.0,1210.7970321817106,1.3157894736842106,525,531,7,0,524,529,43327,1,0,0,1,2
2020-09-21,US,North Carolina,Johnston,4254,55,0,35.51745004,-78.36622717,37101.0,2032.110595732281,1.2929007992477668,4199,4233,55,0,4178,4217,202675,21,0,0,21,16
2020-09-21,US,North Carolina,Jones,144,11,0,35.02254606,-77.35870791,37103.0,1528.8247159995751,7.638888888888888,133,144,11,0,133,143,9637,0,0,0,0,1
2020-09-21,US,North Carolina,Lee,1572,13,0,35.47623147,-79.17569362,37105.0,2544.553974651581,0.8269720101781171,1559,1572,13,0,1559,1569,61452,0,0,0,0,3
2020-09-21,US,North Carolina,Lenoir,939,27,0,35.24032589999999,-77.64245615,37107.0,1678.3141789844321,2.8753993610223643,912,939,27,0,912,937,55976,0,0,0,0,2
2020-09-21,US,North Carolina,Lincoln,1473,14,0,35.48508185,-81.21740317,37109.0,1710.582852364971,0.9504412763068568,1459,1457,14,0,1443,1437,83770,16,0,0,16,20
2020-09-21,US,North Carolina,Macon,583,2,0,35.14867843,-83.41696617,37113.0,1625.8575492219309,0.3430531732418525,581,583,2,0,581,582,35285,0,0,0,0,1
2020-09-21,US,North Carolina,Madison,90,1,0,35.85402722,-82.71346418,37115.0,413.6980004596645,1.1111111111111112,89,90,1,0,89,89,21763,0,0,0,0,1
2020-09-21,US,North Carolina,Martin,420,10,0,35.84326734,-77.10860251,37117.0,1871.6577540106955,2.380952380952381,410,419,10,0,409,418,22671,1,0,0,1,1
2020-09-21,US,North Carolina,McDowell,883,26,0,35.67736232,-82.0482425,37111.0,1929.8015560800766,2.9445073612684034,857,882,26,0,856,880,45507,1,0,0,1,2
2020-09-21,US,North Carolina,Mecklenburg,27586,341,0,35.24469268,-80.8317671,37119.0,2484.428417552569,1.2361342710070329,27245,27531,339,0,27192,27431,1093901,55,2,0,53,100
2020-09-21,US,North Carolina,Mitchell,105,3,0,36.01059309,-82.1582442,37121.0,701.6840417000802,2.8571428571428568,102,104,3,0,101,102,15000,1,0,0,1,2
2020-09-21,US,North Carolina,Montgomery,1026,25,0,35.33155144,-79.90416657,37123.0,3775.806867110735,2.4366471734892787,1001,1025,25,0,1000,1020,27271,1,0,0,1,5
2020-09-21,US,North Carolina,Moore,1535,27,0,35.30885257,-79.48474178,37125.0,1521.6098334655035,1.758957654723127,1508,1524,27,0,1497,1505,98682,11,0,0,11,19
2020-09-21,US,North Carolina,Nash,2177,36,0,35.96575634,-77.98422508,37127.0,2308.638571337674,1.6536518144235186,2141,2119,36,0,2083,2091,94016,58,0,0,58,28
2020-09-21,US,North Carolina,New Hanover,3914,29,0,34.25758282,-77.87075626,37129.0,1669.275353665454,0.7409299948901379,3885,3900,29,0,3871,3875,232274,14,0,0,14,25
2020-09-21,US,North Carolina,Northampton,407,17,0,36.41736238,-77.39769443,37131.0,2089.0006672483705,4.176904176904176,390,407,17,0,390,401,19676,0,0,0,0,6
2020-09-21,US,North Carolina,Onslow,1859,23,0,34.72607366,-77.42908179,37133.0,939.182976487587,1.2372243141473909,1836,1851,23,0,1828,1825,197683,8,0,0,8,26
2020-09-21,US,North Carolina,Orange,2594,54,0,36.06092947,-79.12167935,37135.0,1747.0837037635708,2.0817270624518116,2540,2581,54,0,2527,2570,146027,13,0,0,13,11
2020-09-21,US,North Carolina,Pamlico,233,2,0,35.15253315,-76.66559823,37137.0,1830.8973754518308,0.8583690987124464,231,231,2,0,229,228,12670,2,0,0,2,3
2020-09-21,US,North Carolina,Pasquotank,677,29,0,36.26723798,-76.25134778,37139.0,1699.979911611089,4.283604135893649,648,677,29,0,648,658,39639,0,0,0,0,19
2020-09-21,US,North Carolina,Pender,904,5,0,34.52265624,-77.90352133,37141.0,1433.5553441167142,0.5530973451327433,899,898,5,0,893,888,62162,6,0,0,6,10
2020-09-21,US,North Carolina,Perquimans,177,3,0,36.17847453,-76.40603143,37143.0,1314.714402436307,1.6949152542372878,174,177,3,0,174,171,13422,0,0,0,0,6
2020-09-21,US,North Carolina,Person,410,6,0,36.38989032,-78.97217358,37145.0,1038.2375284882248,1.4634146341463414,404,407,6,0,401,405,39507,3,0,0,3,2
2020-09-21,US,North Carolina,Pitt,4572,27,0,35.59535426,-77.37353178,37147.0,2529.572539863452,0.5905511811023622,4545,4542,27,0,4515,4498,179914,30,0,0,30,44
2020-09-21,US,North Carolina,Polk,258,8,0,35.27820615,-82.16812354,37149.0,1244.933410538506,3.1007751937984502,250,257,8,0,249,257,20611,1,0,0,1,0
2020-09-21,US,North Carolina,Randolph,2672,51,0,35.71015088,-79.80570339,37151.0,1859.856473650873,1.908682634730539,2621,2654,50,0,2604,2645,143351,18,1,0,17,9
2020-09-21,US,North Carolina,Richmond,911,13,0,35.00417719,-79.74491009,37153.0,2032.166677820161,1.4270032930845225,898,898,13,0,885,896,44887,13,0,0,13,2
2020-09-21,US,North Carolina,Robeson,4252,72,0,34.64244496,-79.10250529999998,37155.0,3255.119617224881,1.6933207902163687,4180,4235,72,0,4163,4218,131831,17,0,0,17,17
2020-09-21,US,North Carolina,Rockingham,1158,13,0,36.39593137,-79.77504841,37157.0,1272.3876497088233,1.1226252158894643,1145,1150,13,0,1137,1131,90690,8,0,0,8,19
2020-09-21,US,North Carolina,Rowan,3194,87,0,35.64003916,-80.52446628,37159.0,2247.902708180846,2.7238572323105825,3107,3178,87,0,3091,3155,141262,16,0,0,16,23
2020-09-21,US,North Carolina,Rutherford,1119,22,0,35.40114178,-81.92112099,37161.0,1669.42666606991,1.9660411081322609,1097,1111,22,0,1089,1091,66826,8,0,0,8,20
2020-09-21,US,North Carolina,Sampson,1766,24,0,34.98820368,-78.36914061,37163.0,2779.745321181785,1.359003397508494,1742,1761,24,0,1737,1751,63626,5,0,0,5,10
2020-09-21,US,North Carolina,Scotland,962,12,0,34.8386299,-79.4757978,37165.0,2762.5419981047007,1.2474012474012477,950,957,12,0,945,907,34810,5,0,0,5,50
2020-09-21,US,North Carolina,Stanly,1814,56,0,35.31647813,-80.25093221,37167.0,2888.259083527052,3.0871003307607503,1758,1801,56,0,1745,1781,62075,13,0,0,13,20
2020-09-21,US,North Carolina,Stokes,407,3,0,36.4017975,-80.23893369,37169.0,892.720054396701,0.7371007371007371,404,407,3,0,404,404,45467,0,0,0,0,3
2020-09-21,US,North Carolina,Surry,1275,21,0,36.41689489,-80.69102283,37171.0,1776.1865622779767,1.6470588235294117,1254,1275,21,0,1254,1271,71948,0,0,0,0,4
2020-09-21,US,North Carolina,Swain,139,3,0,35.48665845,-83.48748932,37173.0,974.0032233200196,2.1582733812949644,136,139,3,0,136,139,14245,0,0,0,0,0
2020-09-21,US,North Carolina,Transylvania,303,7,0,35.20383864,-82.79638423,37175.0,881.1981968881779,2.31023102310231,296,302,7,0,295,302,34215,1,0,0,1,0
2020-09-21,US,North Carolina,Tyrrell,112,2,0,35.87147226,-76.17055253,37177.0,2788.8446215139447,1.7857142857142858,110,111,2,0,109,112,4131,1,0,0,1,-1
2020-09-21,US,North Carolina,Union,4581,58,0,34.98960527,-80.52955873,37179.0,1909.8720498292746,1.2660991049989083,4523,4567,58,0,4509,4553,235908,14,0,0,14,14
2020-09-21,US,North Carolina,Vance,1018,43,0,36.36880673,-78.40670845,37181.0,2285.8425957112386,4.2239685658153245,975,1017,43,0,974,1014,44582,1,0,0,1,3
2020-09-21,US,North Carolina,Wake,16943,228,0,35.78879266,-78.65249174,37183.0,1523.9786249022945,1.3456884849200257,16715,16880,228,0,16652,16812,1092305,63,0,0,63,68
2020-09-21,US,North Carolina,Warren,316,7,0,36.39728256,-78.10652228,37185.0,1601.540722720592,2.2151898734177213,309,316,7,0,309,313,19807,0,0,0,0,3
2020-09-21,US,North Carolina,Washington,200,8,0,35.83810081,-76.57299037,37187.0,1727.1157167530225,4.0,192,200,8,0,192,200,11859,0,0,0,0,0
2020-09-21,US,North Carolina,Watauga,595,1,0,36.23103603,-81.70033724,37189.0,1059.152322124713,0.16806722689075632,594,589,1,0,588,578,55945,6,0,0,6,11
2020-09-21,US,North Carolina,Wayne,3165,64,0,35.36438125,-78.00027268,37191.0,2570.43311594968,2.022116903633491,3101,3159,64,0,3095,3135,123248,6,0,0,6,24
2020-09-21,US,North Carolina,Wilkes,1160,32,0,36.2084135,-81.16232895,37193.0,1695.6089574928376,2.7586206896551726,1128,1157,32,0,1125,1152,68557,3,0,0,3,5
2020-09-21,US,North Carolina,Wilson,2094,46,0,35.70625477,-77.917978,37195.0,2559.8709062236403,2.1967526265520534,2048,2073,46,0,2027,2053,81455,21,0,0,21,20
2020-09-21,US,North Carolina,Yadkin,711,7,0,36.16222629,-80.66239436,37197.0,1887.5939150980967,0.9845288326300984,704,709,7,0,702,707,37543,2,0,0,2,2
2020-09-21,US,North Carolina,Yancey,120,0,0,35.90079156,-82.31237181,37199.0,664.1208699983398,0.0,120,119,0,0,119,119,17903,1,0,0,1,0
2020-09-21,US,North Dakota,Adams,18,0,0,46.09686891,-102.5285397,38001.0,812.2743682310469,0.0,18,17,0,0,17,17,2294,1,0,0,1,0
2020-09-21,US,North Dakota,Barnes,215,0,0,46.93579637,-98.06605978,38003.0,2064.330292846856,0.0,215,213,0,0,213,212,10542,2,0,0,2,1
2020-09-21,US,North Dakota,Benson,322,5,0,48.0683985,-99.35916363,38005.0,4713.11475409836,1.5527950310559009,317,320,5,0,315,317,6962,2,0,0,2,3
2020-09-21,US,North Dakota,Billings,15,0,0,47.02366884,-103.3762965,38007.0,1616.3793103448277,0.0,15,14,0,0,14,13,919,1,0,0,1,1
2020-09-21,US,North Dakota,Bottineau,48,0,0,48.79106111,-100.8378166,38009.0,764.0878701050619,0.0,48,47,0,0,47,42,6411,1,0,0,1,5
2020-09-21,US,North Dakota,Bowman,30,0,0,46.11285362,-103.5203343,38011.0,992.0634920634919,0.0,30,29,0,0,29,29,3076,1,0,0,1,0
2020-09-21,US,North Dakota,Burke,28,1,0,48.79094471,-102.51821170000001,38013.0,1323.8770685579195,3.571428571428572,27,28,1,0,27,28,2100,0,0,0,0,0
2020-09-21,US,North Dakota,Burleigh,3121,36,0,46.97847375,-100.46452140000001,38015.0,3263.7567188839857,1.1534764498558154,3085,3080,36,0,3044,3002,95273,41,0,0,41,78
2020-09-21,US,North Dakota,Cass,4722,77,0,46.93201724,-97.24447190000001,38017.0,2595.6036345047078,1.6306649724692928,4645,4676,77,0,4599,4603,181516,46,0,0,46,73
2020-09-21,US,North Dakota,Cavalier,47,0,0,48.77286211,-98.46685243,38019.0,1249.3354598617755,0.0,47,46,0,0,46,46,3829,1,0,0,1,0
2020-09-21,US,North Dakota,Dickey,50,0,0,46.11017712,-98.50490079999999,38021.0,1026.272577996716,0.0,50,48,0,0,48,45,4903,2,0,0,2,3
2020-09-21,US,North Dakota,Divide,6,0,0,48.814938700000006,-103.48736109999999,38023.0,265.01766784452303,0.0,6,6,0,0,6,6,2283,0,0,0,0,0
2020-09-21,US,North Dakota,Dunn,79,1,0,47.35423935,-102.61604679999999,38025.0,1785.7142857142858,1.2658227848101269,78,76,1,0,75,76,4332,3,0,0,3,0
2020-09-21,US,North Dakota,Eddy,61,3,0,47.71701474,-98.90432337,38027.0,2667.249672059467,4.918032786885246,58,61,3,0,58,61,2313,0,0,0,0,0
2020-09-21,US,North Dakota,Emmons,127,1,0,46.28398398,-100.2389766,38029.0,3918.5436593643935,0.7874015748031497,126,116,1,0,115,108,3295,11,0,0,11,8
2020-09-21,US,North Dakota,Foster,55,0,0,47.457108399999996,-98.88279923,38031.0,1713.3956386292834,0.0,55,53,0,0,53,53,3216,2,0,0,2,0
2020-09-21,US,North Dakota,Golden Valley,41,0,0,46.94022281,-103.8465421,38033.0,2328.222600795003,0.0,41,41,0,0,41,41,1769,0,0,0,0,0
2020-09-21,US,North Dakota,Grand Forks,2099,12,0,47.92093639,-97.45450447,38035.0,3022.2746972685773,0.5717008099094807,2087,2058,12,0,2046,2046,70770,41,0,0,41,12
2020-09-21,US,North Dakota,Grant,12,0,0,46.35821257,-101.63900129999999,38037.0,527.7044854881267,0.0,12,12,0,0,12,11,2374,0,0,0,0,1
2020-09-21,US,North Dakota,Griggs,54,1,0,47.45785838,-98.23850925,38039.0,2420.439264903631,1.851851851851852,53,50,1,0,49,50,2232,4,0,0,4,0
2020-09-21,US,North Dakota,Hettinger,55,0,0,46.43375068,-102.4632417,38041.0,2200.8803521408568,0.0,55,55,0,0,55,54,2514,0,0,0,0,1
2020-09-21,US,North Dakota,Kidder,41,0,0,46.97830064,-99.77507857,38043.0,1653.225806451613,0.0,41,41,0,0,41,41,2450,0,0,0,0,0
2020-09-21,US,North Dakota,LaMoure,46,0,0,46.45681054,-98.53542355,38045.0,1136.9253583786456,0.0,46,46,0,0,46,44,4062,0,0,0,0,2
2020-09-21,US,North Dakota,Logan,32,0,0,46.45729487,-99.47719806,38047.0,1729.7297297297296,0.0,32,30,0,0,30,26,1903,2,0,0,2,4
2020-09-21,US,North Dakota,McHenry,56,1,0,48.23104458,-100.6324822,38049.0,974.7606614447343,1.7857142857142858,55,56,1,0,55,56,5816,0,0,0,0,0
2020-09-21,US,North Dakota,McIntosh,54,3,0,46.11182017,-99.44145858,38051.0,2162.595114136964,5.5555555555555545,51,53,3,0,50,53,2585,1,0,0,1,0
2020-09-21,US,North Dakota,McKenzie,176,2,0,47.74133370000001,-103.395905,38053.0,1171.4589989350372,1.1363636363636365,174,168,2,0,166,163,13632,8,0,0,8,5
2020-09-21,US,North Dakota,McLean,244,2,0,47.60766714,-101.3182418,38055.0,2582.010582010582,0.819672131147541,242,239,2,0,237,237,9541,5,0,0,5,2
2020-09-21,US,North Dakota,Mercer,115,0,0,47.31213126,-101.8318399,38057.0,1404.6659337974838,0.0,115,108,0,0,108,107,8267,7,0,0,7,1
2020-09-21,US,North Dakota,Morton,1089,17,0,46.71681782,-101.2822377,38059.0,3472.1336564213752,1.561065197428834,1072,1072,17,0,1055,1052,31095,17,0,0,17,20
2020-09-21,US,North Dakota,Mountrail,218,2,0,48.20197971,-102.3555315,38061.0,2067.33048838312,0.9174311926605504,216,218,2,0,216,203,10218,0,0,0,0,15
2020-09-21,US,North Dakota,Nelson,43,0,0,47.9226426,-98.19038437,38063.0,1493.5741576936434,0.0,43,40,0,0,40,38,2869,3,0,0,3,2
2020-09-21,US,North Dakota,Oliver,19,0,0,47.11530482,-101.3406158,38065.0,969.8825931597754,0.0,19,19,0,0,19,17,1952,0,0,0,0,2
2020-09-21,US,North Dakota,Pembina,57,0,0,48.76623521,-97.5523809,38067.0,838.1120423467137,0.0,57,52,0,0,52,50,6947,5,0,0,5,2
2020-09-21,US,North Dakota,Pierce,31,0,0,48.24977025,-99.96407787,38069.0,779.874213836478,0.0,31,31,0,0,31,31,4081,0,0,0,0,0
2020-09-21,US,North Dakota,Ramsey,190,2,0,48.26886249,-98.72223879,38071.0,1649.44873686952,1.0526315789473684,188,189,2,0,187,185,11481,1,0,0,1,4
2020-09-21,US,North Dakota,Ransom,72,0,0,46.45621782,-97.65742504,38073.0,1379.8390187811426,0.0,72,71,0,0,71,71,5237,1,0,0,1,0
2020-09-21,US,North Dakota,Renville,39,0,0,48.71982533,-101.6603912,38075.0,1675.9776536312854,0.0,39,39,0,0,39,34,2374,0,0,0,0,5
2020-09-21,US,North Dakota,Richland,209,1,0,46.26440649,-96.94852979,38077.0,1291.9577177474189,0.4784688995215311,208,208,1,0,207,205,16239,1,0,0,1,3
2020-09-21,US,North Dakota,Rolette,161,4,0,48.77245354,-99.84097493,38079.0,1135.7223476297968,2.4844720496894412,157,159,3,0,156,156,14301,2,1,0,1,3
2020-09-21,US,North Dakota,Sargent,56,0,0,46.10830372,-97.63217159,38081.0,1436.6341713699333,0.0,56,55,0,0,55,49,3870,1,0,0,1,6
2020-09-21,US,North Dakota,Sheridan,9,0,0,47.57700669,-100.3426391,38083.0,684.4106463878327,0.0,9,9,0,0,9,9,1349,0,0,0,0,0
2020-09-21,US,North Dakota,Sioux,142,3,0,46.11323337,-101.04401490000001,38085.0,3356.9739952718683,2.112676056338028,139,142,3,0,139,140,4358,0,0,0,0,2
2020-09-21,US,North Dakota,Slope,7,0,0,46.44737738,-103.4601547,38087.0,933.3333333333336,0.0,7,7,0,0,7,7,763,0,0,0,0,0
2020-09-21,US,North Dakota,Stark,1348,6,0,46.80851182,-102.65763259999999,38089.0,4280.859982851154,0.4451038575667656,1342,1331,6,0,1325,1297,30997,17,0,0,17,34
2020-09-21,US,North Dakota,Steele,28,0,0,47.45611548,-97.72728747,38091.0,1481.4814814814815,0.0,28,27,0,0,27,27,1903,1,0,0,1,0
2020-09-21,US,North Dakota,Stutsman,492,3,0,46.97962541,-98.95637318,38093.0,2376.352395672334,0.6097560975609756,489,479,3,0,476,475,20917,13,0,0,13,4
2020-09-21,US,North Dakota,Towner,12,0,0,48.68565745,-99.24564265,38095.0,548.1955230698949,0.0,12,12,0,0,12,12,2192,0,0,0,0,0
2020-09-21,US,North Dakota,Traill,100,0,0,47.45367788,-97.16323288,38097.0,1244.4001991040316,0.0,100,98,0,0,98,96,8037,2,0,0,2,2
2020-09-21,US,North Dakota,Walsh,170,1,0,48.36876964,-97.72574783,38099.0,1597.5942110703882,0.5882352941176471,169,170,1,0,169,169,10667,0,0,0,0,1
2020-09-21,US,North Dakota,Ward,913,4,0,48.22390169,-101.54367629999999,38101.0,1349.7730666311852,0.4381161007667032,909,898,4,0,894,870,67744,15,0,0,15,28
2020-09-21,US,North Dakota,Wells,34,0,0,47.58614526,-99.65904998,38103.0,886.8022952529994,0.0,34,34,0,0,34,33,3957,0,0,0,0,1
2020-09-21,US,North Dakota,Williams,836,5,0,48.34522353,-103.4793387,38105.0,2224.0549096810237,0.5980861244019139,831,811,5,0,806,794,35350,25,0,0,25,17
2020-09-21,US,Ohio,Adams,121,4,0,38.84541072,-83.4718964,39001.0,436.85464654487686,3.3057851239669422,117,121,4,0,117,120,27724,0,0,0,0,1
2020-09-21,US,Ohio,Allen,1378,68,0,40.77285242,-84.10802343,39003.0,1346.3473732547802,4.934687953555878,1310,1367,67,0,1300,1365,102663,11,1,0,10,2
2020-09-21,US,Ohio,Ashland,222,4,0,40.84772277,-82.27280781,39005.0,415.0774063271258,1.8018018018018016,218,223,4,0,219,222,53745,-1,0,0,-1,1
2020-09-21,US,Ohio,Ashtabula,651,48,0,41.70860332,-80.74830218,39007.0,669.4706965169013,7.3732718894009235,603,643,48,0,595,641,97493,8,0,0,8,2
2020-09-21,US,Ohio,Athens,616,2,0,39.33425634,-82.04278644,39009.0,942.948551135059,0.3246753246753247,614,597,2,0,595,588,65818,19,0,0,19,9
2020-09-21,US,Ohio,Auglaize,568,9,0,40.55998859,-84.22421429999999,39011.0,1244.086209917645,1.5845070422535212,559,565,9,0,556,562,45804,3,0,0,3,3
2020-09-21,US,Ohio,Belmont,710,27,0,40.01625942,-80.9924051,39013.0,1059.6066023938156,3.8028169014084505,683,707,27,0,680,705,67505,3,0,0,3,2
2020-09-21,US,Ohio,Brown,277,2,0,38.93416837,-83.86788395,39015.0,637.7785964265979,0.7220216606498195,275,275,2,0,273,273,43602,2,0,0,2,2
2020-09-21,US,Ohio,Butler,5693,99,0,39.44012838,-84.57388716,39017.0,1485.903104396895,1.7389776919023363,5594,5632,99,0,5533,5586,382378,61,0,0,61,46
2020-09-21,US,Ohio,Carroll,151,7,0,40.578968599999996,-81.09178213,39019.0,561.0462956082337,4.635761589403972,144,150,7,0,143,149,27081,1,0,0,1,1
2020-09-21,US,Ohio,Champaign,294,3,0,40.13923427,-83.76875242,39021.0,756.0756075607561,1.020408163265306,291,293,3,0,290,287,38754,1,0,0,1,6
2020-09-21,US,Ohio,Clark,1742,38,0,39.91592258,-83.78498252,39023.0,1299.1952745687372,2.1814006888633752,1704,1723,38,0,1685,1707,134585,19,0,0,19,16
2020-09-21,US,Ohio,Clermont,1640,20,0,39.04847534,-84.15375786,39025.0,794.4658670335417,1.2195121951219512,1620,1626,20,0,1606,1611,205466,14,0,0,14,15
2020-09-21,US,Ohio,Clinton,281,13,0,39.41485808,-83.80852286,39027.0,669.5577582920321,4.6263345195729535,268,278,13,0,265,278,42057,3,0,0,3,0
2020-09-21,US,Ohio,Columbiana,1920,80,0,40.76932373,-80.78094576,39029.0,1884.5145902653048,4.166666666666667,1840,1919,80,0,1839,1918,102665,1,0,0,1,1
2020-09-21,US,Ohio,Coshocton,230,11,0,40.30096166,-81.91729018,39031.0,628.4153005464483,4.782608695652174,219,230,11,0,219,230,36629,0,0,0,0,0
2020-09-21,US,Ohio,Crawford,222,6,0,40.85065156,-82.91989099,39033.0,535.0171109076011,2.702702702702702,216,218,6,0,212,217,41550,4,0,0,4,1
2020-09-21,US,Ohio,Cuyahoga,17155,644,0,41.424119,-81.65918339,39035.0,1388.9878484817084,3.7540075779656075,16511,17092,642,0,16450,17041,1243857,63,2,0,61,51
2020-09-21,US,Ohio,Darke,766,39,0,40.13412966,-84.6194517,39037.0,1498.6402676422827,5.091383812010443,727,760,39,0,721,759,51323,6,0,0,6,1
2020-09-21,US,Ohio,Defiance,283,10,0,41.32398837,-84.49076944,39039.0,743.0356814661169,3.53356890459364,273,281,10,0,271,279,38165,2,0,0,2,2
2020-09-21,US,Ohio,Delaware,2156,20,0,40.27942393,-83.00457058,39041.0,1030.706052768708,0.927643784786642,2136,2135,20,0,2115,2116,204826,21,0,0,21,19
2020-09-21,US,Ohio,Erie,901,44,0,41.36796058,-82.62904521,39043.0,1213.2065817466944,4.8834628190899005,857,899,44,0,855,896,74615,2,0,0,2,3
2020-09-21,US,Ohio,Fairfield,2030,50,0,39.75107189,-82.63088163,39045.0,1288.2836000863088,2.4630541871921183,1980,2020,50,0,1970,1999,155782,10,0,0,10,21
2020-09-21,US,Ohio,Fayette,226,6,0,39.56021306,-83.4562016,39047.0,792.2874671340927,2.6548672566371683,220,225,6,0,219,225,28666,1,0,0,1,0
2020-09-21,US,Ohio,Franklin,26134,603,0,39.96995815,-83.01115755,39049.0,1984.7260995962808,2.3073390984923856,25531,25977,603,0,25374,25846,1310300,157,0,0,157,131
2020-09-21,US,Ohio,Fulton,237,1,0,41.60213491,-84.12571393,39051.0,562.5979205241418,0.4219409282700422,236,234,1,0,233,232,42276,3,0,0,3,2
2020-09-21,US,Ohio,Gallia,184,12,0,38.82708533,-82.31647569,39053.0,615.4257809886949,6.521739130434782,172,180,12,0,168,179,29979,4,0,0,4,1
2020-09-21,US,Ohio,Geauga,705,47,0,41.49952319,-81.17935342,39055.0,752.811028414612,6.666666666666668,658,703,47,0,656,701,94031,2,0,0,2,2
2020-09-21,US,Ohio,Greene,1367,28,0,39.69116283,-83.89032084,39057.0,809.1773856526397,2.04828090709583,1339,1352,28,0,1324,1338,167995,15,0,0,15,14
2020-09-21,US,Ohio,Guernsey,156,7,0,40.05026529,-81.49248905,39059.0,401.28617363344046,4.487179487179487,149,156,7,0,149,155,39022,0,0,0,0,1
2020-09-21,US,Ohio,Hamilton,12786,309,0,39.19673558,-84.54502924,39061.0,1564.0883552117318,2.4167057719380574,12477,12756,308,0,12448,12698,816684,30,1,0,29,58
2020-09-21,US,Ohio,Hancock,664,9,0,41.00250487,-83.66838948,39063.0,876.1859519945108,1.355421686746988,655,657,9,0,648,655,75930,7,0,0,7,2
2020-09-21,US,Ohio,Hardin,250,13,0,40.66015414,-83.65929931,39065.0,797.0667941973538,5.2,237,250,13,0,237,249,31480,0,0,0,0,1
2020-09-21,US,Ohio,Harrison,62,2,0,40.29380509,-81.09068544,39067.0,412.2340425531915,3.2258064516129035,60,61,1,0,60,60,15174,1,1,0,0,1
2020-09-21,US,Ohio,Henry,299,12,0,41.333964200000004,-84.06830637,39069.0,1107.1613715470637,4.013377926421405,287,297,12,0,285,294,27086,2,0,0,2,3
2020-09-21,US,Ohio,Highland,220,3,0,39.1839264,-83.60331456,39071.0,509.71942262690857,1.3636363636363635,217,220,3,0,217,220,43058,0,0,0,0,0
2020-09-21,US,Ohio,Hocking,161,9,0,39.49537927,-82.47991446,39073.0,569.6292103028587,5.590062111801243,152,161,9,0,152,159,28385,0,0,0,0,2
2020-09-21,US,Ohio,Holmes,375,7,0,40.56163713,-81.92635677,39075.0,853.0482256596905,1.8666666666666667,368,371,7,0,364,370,43892,4,0,0,4,1
2020-09-21,US,Ohio,Huron,530,7,0,41.14651175,-82.59867951,39077.0,909.6213915491023,1.320754716981132,523,523,7,0,516,521,58504,7,0,0,7,2
2020-09-21,US,Ohio,Jackson,233,4,0,39.01914254,-82.61818559999998,39079.0,718.8473760528183,1.7167381974248928,229,231,4,0,227,228,32384,2,0,0,2,3
2020-09-21,US,Ohio,Jefferson,324,4,0,40.38614126,-80.76259514,39081.0,495.9816303099885,1.2345679012345678,320,318,4,0,314,318,65767,6,0,0,6,0
2020-09-21,US,Ohio,Knox,279,15,0,40.39830217,-82.42027563,39083.0,447.6749783383075,5.376344086021504,264,278,15,0,263,278,61893,1,0,0,1,0
2020-09-21,US,Ohio,Lake,1581,49,0,41.69710807,-81.23676539,39085.0,686.9462826256034,3.0993042378241618,1532,1576,49,0,1527,1572,230514,5,0,0,5,4
2020-09-21,US,Ohio,Lawrence,604,18,0,38.59743452,-82.53466552,39087.0,1015.7576980643423,2.9801324503311264,586,594,18,0,576,588,59866,10,0,0,10,6
2020-09-21,US,Ohio,Licking,1868,62,0,40.09136236,-82.48185785,39089.0,1056.1907023555086,3.3190578158458246,1806,1857,62,0,1795,1853,175769,11,0,0,11,4
2020-09-21,US,Ohio,Logan,297,3,0,40.38996525,-83.76784341,39091.0,650.2890173410402,1.0101010101010102,294,293,3,0,290,291,45358,4,0,0,4,2
2020-09-21,US,Ohio,Lorain,2277,86,0,41.29553751,-82.15083537,39093.0,734.9120332566254,3.776899429073342,2191,2263,86,0,2177,2253,309461,14,0,0,14,10
2020-09-21,US,Ohio,Lucas,7149,357,0,41.62101218,-83.65468618,39095.0,1668.9700897401178,4.993705413344523,6792,7119,357,0,6762,7091,429899,30,0,0,30,28
2020-09-21,US,Ohio,Madison,780,12,0,39.89381073,-83.40178317,39097.0,1743.7571259305628,1.5384615384615383,768,780,12,0,768,776,44413,0,0,0,0,4
2020-09-21,US,Ohio,Mahoning,3003,279,0,41.01631101,-80.77287029,39099.0,1313.1715081575805,9.290709290709293,2724,2991,279,0,2712,2988,229642,12,0,0,12,3
2020-09-21,US,Ohio,Marion,3068,47,0,40.58610662,-83.15736305,39101.0,4713.256417740771,1.5319426336375488,3021,3063,47,0,3016,3057,65256,5,0,0,5,6
2020-09-21,US,Ohio,Medina,1432,39,0,41.11770589,-81.89986209999998,39103.0,796.6797592157823,2.7234636871508378,1393,1430,38,0,1392,1420,179146,2,1,0,1,10
2020-09-21,US,Ohio,Meigs,172,10,0,39.09224872,-82.0305041,39105.0,750.8621818658052,5.813953488372092,162,172,9,0,163,170,23106,0,1,0,-1,2
2020-09-21,US,Ohio,Mercer,1065,17,0,40.54043046,-84.62912742,39107.0,2586.7094141649663,1.596244131455399,1048,1053,17,0,1036,1044,40959,12,0,0,12,9
2020-09-21,US,Ohio,Miami,1359,49,0,40.0543329,-84.22871271,39109.0,1270.2477871143226,3.6055923473142015,1310,1350,49,0,1301,1341,106222,9,0,0,9,9
2020-09-21,US,Ohio,Monroe,108,18,0,39.72984936,-81.08464734,39111.0,790.9770030760217,16.666666666666668,90,106,18,0,88,106,13790,2,0,0,2,0
2020-09-21,US,Ohio,Montgomery,7540,152,0,39.75394919,-84.29050975,39113.0,1418.1275825814816,2.0159151193633957,7388,7501,152,0,7349,7443,532331,39,0,0,39,58
2020-09-21,US,Ohio,Morgan,47,0,0,39.62081738,-81.85308173,39115.0,323.9591949269368,0.0,47,47,0,0,47,46,14604,0,0,0,0,1
2020-09-21,US,Ohio,Morrow,250,2,0,40.52363560000001,-82.7892599,39117.0,707.6539855072464,0.8,248,249,2,0,247,247,35112,1,0,0,1,2
2020-09-21,US,Ohio,Muskingum,379,2,0,39.96575964,-81.94363275,39119.0,439.5986777242939,0.5277044854881267,377,371,2,0,369,367,86183,8,0,0,8,4
2020-09-21,US,Ohio,Noble,27,0,0,39.76818851,-81.45937183,39121.0,187.1880199667221,0.0,27,27,0,0,27,26,14354,0,0,0,0,1
2020-09-21,US,Ohio,Ottawa,466,30,0,41.53781826,-83.0940185,39123.0,1149.907464528069,6.437768240343348,436,465,30,0,435,464,40769,1,0,0,1,1
2020-09-21,US,Ohio,Paulding,103,0,0,41.11676341,-84.5801017,39125.0,551.6281062553556,0.0,103,101,0,0,101,101,18760,2,0,0,2,0
2020-09-21,US,Ohio,Perry,288,9,0,39.73508655,-82.23804971,39127.0,797.0332650689102,3.125,279,285,9,0,276,284,36033,3,0,0,3,1
2020-09-21,US,Ohio,Pickaway,2634,44,0,39.64170392,-83.0243386,39129.0,4505.87611406675,1.6704631738800304,2590,2633,44,0,2589,2628,58086,1,0,0,1,5
2020-09-21,US,Ohio,Pike,161,0,0,39.07634001,-83.06769584,39131.0,579.7205818810313,0.0,161,158,0,0,158,153,28067,3,0,0,3,5
2020-09-21,US,Ohio,Portage,1086,66,0,41.16793482,-81.19735782,39133.0,668.4475521032092,6.077348066298343,1020,1074,66,0,1008,1064,162927,12,0,0,12,10
2020-09-21,US,Ohio,Preble,420,13,0,39.7420247,-84.64787018,39135.0,1027.3469986791254,3.095238095238096,407,420,13,0,407,418,40997,0,0,0,0,2
2020-09-21,US,Ohio,Putnam,548,23,0,41.02094889,-84.1336111,39137.0,1618.381028321668,4.197080291970803,525,541,23,0,518,537,33780,7,0,0,7,4
2020-09-21,US,Ohio,Richland,804,19,0,40.77180308,-82.53799609999999,39139.0,663.6182049292636,2.3631840796019903,785,784,19,0,765,781,121099,20,0,0,20,3
2020-09-21,US,Ohio,Ross,856,22,0,39.33705391,-83.06000914,39141.0,1116.5314480995487,2.5700934579439254,834,856,22,0,834,849,76931,0,0,0,0,7
2020-09-21,US,Ohio,Sandusky,555,20,0,41.35624126,-83.137872,39143.0,948.4261252947812,3.603603603603604,535,554,20,0,534,554,58799,1,0,0,1,0
2020-09-21,US,Ohio,Scioto,466,6,0,38.80270163,-82.98907345,39145.0,618.7428632126829,1.2875536480686696,460,464,6,0,458,459,75502,2,0,0,2,5
2020-09-21,US,Ohio,Seneca,448,14,0,41.12351311,-83.12783209,39147.0,811.917793323426,3.125,434,439,14,0,425,435,55207,9,0,0,9,4
2020-09-21,US,Ohio,Shelby,587,9,0,40.33163494,-84.20258189,39149.0,1208.067503601564,1.5332197614991483,578,581,9,0,572,561,48627,6,0,0,6,20
2020-09-21,US,Ohio,Stark,2757,168,0,40.81482476,-81.36437305,39151.0,743.9167201826198,6.093579978237214,2589,2739,168,0,2571,2723,371574,18,0,0,18,16
2020-09-21,US,Ohio,Summit,5149,249,0,41.12464734,-81.53123079,39153.0,951.733137651036,4.835890464167798,4900,5096,249,0,4847,5073,541918,53,0,0,53,23
2020-09-21,US,Ohio,Trumbull,1853,131,0,41.31735028,-80.76109643,39155.0,935.9814925192196,7.069616837560713,1722,1848,131,0,1717,1847,198627,5,0,0,5,1
2020-09-21,US,Ohio,Tuscarawas,917,20,0,40.44214695,-81.47226262,39157.0,996.8799939121832,2.1810250817884405,897,912,20,0,892,910,92176,5,0,0,5,2
2020-09-21,US,Ohio,Union,496,2,0,40.30016061,-83.37239023,39159.0,840.8489862344884,0.4032258064516129,494,493,2,0,491,483,57835,3,0,0,3,10
2020-09-21,US,Ohio,Van Wert,114,3,0,40.8554138,-84.59111700000003,39161.0,403.18302387267914,2.631578947368421,111,111,3,0,108,110,28281,3,0,0,3,1
2020-09-21,US,Ohio,Vinton,45,3,0,39.25208988,-82.4831444,39163.0,343.90523500191057,6.666666666666668,42,45,3,0,42,45,13139,0,0,0,0,0
2020-09-21,US,Ohio,Warren,2927,48,0,39.42581994,-84.16557457,39165.0,1247.6449476134046,1.6399043389135637,2879,2910,48,0,2862,2893,232173,17,0,0,17,17
2020-09-21,US,Ohio,Washington,250,23,0,39.45690571,-81.49121382,39167.0,417.28564036654365,9.2,227,248,23,0,225,246,60155,2,0,0,2,2
2020-09-21,US,Ohio,Wayne,905,66,0,40.82925852,-81.88844833,39169.0,782.1277331259183,7.292817679558011,839,901,66,0,835,898,115967,4,0,0,4,3
2020-09-21,US,Ohio,Williams,199,3,0,41.56052014,-84.58429552,39171.0,542.3525564155674,1.5075376884422111,196,198,3,0,195,197,36804,1,0,0,1,1
2020-09-21,US,Ohio,Wood,1725,72,0,41.36224827,-83.62285108,39173.0,1318.6359571003768,4.173913043478262,1653,1706,71,0,1635,1679,130696,19,1,0,18,27
2020-09-21,US,Ohio,Wyandot,201,12,0,40.84339621,-83.30734173,39175.0,923.2041153775493,5.970149253731344,189,201,12,0,189,201,21935,0,0,0,0,0
2020-09-21,US,Oklahoma,Adair,581,10,0,35.88494195,-94.65859267,40001.0,2617.824637289357,1.721170395869191,571,580,10,0,570,574,22082,1,0,0,1,6
2020-09-21,US,Oklahoma,Alfalfa,59,0,0,36.73090616,-98.32408495,40003.0,1034.7246580147316,0.0,59,59,0,0,59,56,5754,0,0,0,0,3
2020-09-21,US,Oklahoma,Atoka,269,1,0,34.37366573,-96.03802487,40005.0,1955.2260502980084,0.3717472118959108,268,269,1,0,268,269,13838,0,0,0,0,0
2020-09-21,US,Oklahoma,Beaver,48,0,0,36.7496847,-100.4758872,40007.0,903.7845980041423,0.0,48,48,0,0,48,48,5319,0,0,0,0,0
2020-09-21,US,Oklahoma,Beckham,307,1,0,35.26862449,-99.68128023,40009.0,1404.4558305503454,0.3257328990228013,306,295,1,0,294,263,21709,12,0,0,12,32
2020-09-21,US,Oklahoma,Blaine,113,1,0,35.87518314,-98.43307003,40011.0,1198.4303743769224,0.8849557522123894,112,110,1,0,109,108,9485,3,0,0,3,2
2020-09-21,US,Oklahoma,Bryan,833,4,0,33.96472458,-96.25903472,40013.0,1735.5974580685488,0.4801920768307323,829,823,4,0,819,820,47192,10,0,0,10,3
2020-09-21,US,Oklahoma,Caddo,701,20,0,35.17364557,-98.37534464,40015.0,2437.243585286141,2.8530670470756063,681,696,20,0,676,695,28977,5,0,0,5,1
2020-09-21,US,Oklahoma,Canadian,1998,16,0,35.5426055,-97.98465569,40017.0,1347.2145429045352,0.8008008008008008,1982,1951,16,0,1935,1928,144447,47,0,0,47,23
2020-09-21,US,Oklahoma,Carter,511,8,0,34.25103751,-97.28552485,40019.0,1062.1271642659683,1.5655577299412915,503,507,8,0,499,502,48177,4,0,0,4,5
2020-09-21,US,Oklahoma,Cherokee,995,7,0,35.90692775,-94.99980896,40021.0,2044.926732022114,0.7035175879396985,988,999,7,0,992,973,48675,-4,0,0,-4,26
2020-09-21,US,Oklahoma,Choctaw,306,2,0,34.02807439,-95.54771129,40023.0,2085.605234460196,0.6535947712418301,304,299,2,0,297,299,14668,7,0,0,7,0
2020-09-21,US,Oklahoma,Cimarron,23,0,0,36.74817177,-102.5173885,40025.0,1076.2751520823583,0.0,23,23,0,0,23,23,2153,0,0,0,0,0
2020-09-21,US,Oklahoma,Cleveland,5620,68,0,35.20413532,-97.32519562,40027.0,1978.7756941559217,1.209964412811388,5552,5559,68,0,5491,5512,281669,61,0,0,61,47
2020-09-21,US,Oklahoma,Coal,70,0,0,34.58840127,-96.29798747,40029.0,1273.8853503184716,0.0,70,70,0,0,70,71,5520,0,0,0,0,-1
2020-09-21,US,Oklahoma,Comanche,1492,12,0,34.65973764,-98.47195055,40031.0,1235.6209989316685,0.8042895442359249,1480,1481,12,0,1469,1479,120422,11,0,0,11,2
2020-09-21,US,Oklahoma,Cotton,65,3,0,34.28845626,-98.37053567,40033.0,1147.1937875044125,4.615384615384615,62,65,3,0,62,64,5776,0,0,0,0,1
2020-09-21,US,Oklahoma,Craig,493,1,0,36.76268118,-95.20916602,40035.0,3486.069862819969,0.2028397565922921,492,497,1,0,496,404,14306,-4,0,0,-4,93
2020-09-21,US,Oklahoma,Creek,1067,30,0,35.90230551,-96.37086028,40037.0,1491.8486619501693,2.8116213683223994,1037,1061,30,0,1031,1051,71604,6,0,0,6,10
2020-09-21,US,Oklahoma,Custer,505,0,0,35.63853802,-99.00170785,40039.0,1741.1991862910736,0.0,505,493,0,0,493,475,29036,12,0,0,12,18
2020-09-21,US,Oklahoma,Delaware,683,23,0,36.40823634,-94.80325046,40041.0,1588.0397126182893,3.367496339677892,660,683,23,0,660,673,42733,0,0,0,0,10
2020-09-21,US,Oklahoma,Dewey,60,1,0,35.98772922,-99.00730714,40043.0,1226.742997342057,1.6666666666666667,59,59,1,0,58,58,4894,1,0,0,1,1
2020-09-21,US,Oklahoma,Ellis,11,0,0,36.218019399999996,-99.75324573,40045.0,285.0479398807981,0.0,11,11,0,0,11,8,3952,0,0,0,0,3
2020-09-21,US,Oklahoma,Garfield,1504,18,0,36.3791334,-97.78265517,40047.0,2463.3123689727468,1.1968085106382977,1486,1476,18,0,1458,1464,60913,28,0,0,28,12
2020-09-21,US,Oklahoma,Garvin,341,5,0,34.70418038,-97.30811132,40049.0,1230.558262061997,1.4662756598240467,336,336,5,0,331,332,27811,5,0,0,5,4
2020-09-21,US,Oklahoma,Grady,897,10,0,35.0167709,-97.88339847,40051.0,1606.5479815166384,1.1148272017837235,887,876,10,0,866,855,55551,21,0,0,21,21
2020-09-21,US,Oklahoma,Grant,40,0,0,36.796296999999996,-97.78638765,40053.0,923.1479344564966,0.0,40,39,0,0,39,38,4326,1,0,0,1,1
2020-09-21,US,Oklahoma,Greer,104,8,0,34.93535801,-99.56056120000001,40055.0,1820.7282913165266,7.6923076923076925,96,104,8,0,96,104,5821,0,0,0,0,0
2020-09-21,US,Oklahoma,Harmon,43,0,0,34.7440135,-99.84741652,40057.0,1620.8066339992456,0.0,43,43,0,0,43,43,2664,0,0,0,0,0
2020-09-21,US,Oklahoma,Harper,26,1,0,36.78836519,-99.6679804,40059.0,704.9891540130153,3.8461538461538463,25,26,1,0,25,26,3797,0,0,0,0,0
2020-09-21,US,Oklahoma,Haskell,257,4,0,35.22257600000001,-95.11513306,40061.0,2035.3211372455846,1.5564202334630348,253,254,4,0,250,253,12668,3,0,0,3,1
2020-09-21,US,Oklahoma,Hughes,280,4,0,35.04912569,-96.24921145,40063.0,2108.5925144965736,1.4285714285714286,276,277,4,0,273,276,13335,3,0,0,3,1
2020-09-21,US,Oklahoma,Jackson,702,10,0,34.58781741,-99.41138784,40065.0,2861.80187525479,1.4245014245014245,692,699,10,0,689,698,24949,3,0,0,3,1
2020-09-21,US,Oklahoma,Jefferson,42,0,0,34.11130184,-97.83182974,40067.0,699.7667444185272,0.0,42,42,0,0,42,42,6123,0,0,0,0,0
2020-09-21,US,Oklahoma,Johnston,145,4,0,34.31440473,-96.66011537,40069.0,1308.0739738385205,2.7586206896551726,141,138,4,0,134,139,10949,7,0,0,7,-1
2020-09-21,US,Oklahoma,Kay,511,13,0,36.81799745,-97.14421435,40071.0,1173.6873535761865,2.5440313111545994,498,500,13,0,487,491,44161,11,0,0,11,9
2020-09-21,US,Oklahoma,Kingfisher,323,2,0,35.94530008,-97.94193268,40073.0,2048.8423723437995,0.6191950464396285,321,321,2,0,319,318,15816,2,0,0,2,3
2020-09-21,US,Oklahoma,Kiowa,67,2,0,34.91671958,-98.97720696,40075.0,769.4074414331649,2.985074626865672,65,66,2,0,64,65,8729,1,0,0,1,1
2020-09-21,US,Oklahoma,Latimer,129,2,0,34.87844729,-95.25215049,40077.0,1280.6512459048945,1.5503875968992251,127,129,2,0,127,129,10231,0,0,0,0,0
2020-09-21,US,Oklahoma,Le Flore,1011,17,0,34.89851864,-94.70392124,40079.0,2027.962208894149,1.6815034619188922,994,992,17,0,975,978,49980,19,0,0,19,14
2020-09-21,US,Oklahoma,Lincoln,394,10,0,35.70270942,-96.8812462,40081.0,1129.6843191788284,2.538071065989848,384,392,10,0,382,388,34920,2,0,0,2,4
2020-09-21,US,Oklahoma,Logan,410,1,0,35.91899576,-97.44352845,40083.0,853.9709649871904,0.24390243902439024,409,397,1,0,396,394,47291,13,0,0,13,3
2020-09-21,US,Oklahoma,Love,165,1,0,33.95273467,-97.23906784,40085.0,1609.2850872915244,0.6060606060606061,164,164,1,0,163,164,10134,1,0,0,1,0
2020-09-21,US,Oklahoma,Major,76,1,0,36.31149996,-98.53467076,40093.0,996.1987154279724,1.3157894736842106,75,70,1,0,69,70,7644,6,0,0,6,0
2020-09-21,US,Oklahoma,Marshall,171,1,0,34.02311222,-96.76855464,40095.0,1009.9816903904083,0.5847953216374269,170,171,1,0,170,170,16806,0,0,0,0,1
2020-09-21,US,Oklahoma,Mayes,542,10,0,36.30179091,-95.23175116,40097.0,1318.734793187348,1.845018450184502,532,537,10,0,527,530,41107,5,0,0,5,7
2020-09-21,US,Oklahoma,McClain,779,6,0,35.01123903,-97.44572302,40087.0,1924.6923951178535,0.7702182284980744,773,778,6,0,772,776,39985,1,0,0,1,2
2020-09-21,US,Oklahoma,McCurtain,1230,33,0,34.11664328,-94.77222373,40089.0,3746.345029239766,2.6829268292682933,1197,1222,33,0,1189,1212,32703,8,0,0,8,10
2020-09-21,US,Oklahoma,McIntosh,294,4,0,35.37235506,-95.66599306,40091.0,1500.3061849357016,1.3605442176870748,290,293,4,0,289,291,19815,1,0,0,1,2
2020-09-21,US,Oklahoma,Murray,116,1,0,34.48116015,-97.06826283,40099.0,824.2734313934482,0.8620689655172413,115,114,1,0,113,113,13953,2,0,0,2,1
2020-09-21,US,Oklahoma,Muskogee,1696,21,0,35.61318461,-95.37802952,40101.0,2494.227686515581,1.2382075471698113,1675,1686,21,0,1665,1678,68362,10,0,0,10,8
2020-09-21,US,Oklahoma,Noble,141,2,0,36.38953329,-97.22928674,40103.0,1266.7325487377593,1.4184397163120568,139,140,2,0,138,140,11289,1,0,0,1,0
2020-09-21,US,Oklahoma,Nowata,133,3,0,36.79843529,-95.61902331,40105.0,1319.9682413656212,2.255639097744361,130,133,3,0,130,131,10218,0,0,0,0,2
2020-09-21,US,Oklahoma,Okfuskee,128,4,0,35.46485198,-96.32639984,40107.0,1067.2892520637038,3.125,124,127,4,0,123,127,12098,1,0,0,1,0
2020-09-21,US,Oklahoma,Oklahoma,16749,183,0,35.55140095,-97.40716948,40109.0,2100.361910828984,1.092602543435429,16566,16560,182,0,16378,16435,792582,189,1,0,188,125
2020-09-21,US,Oklahoma,Okmulgee,775,5,0,35.64661916,-95.96432828,40111.0,2014.8186663200315,0.6451612903225806,770,771,5,0,766,769,38335,4,0,0,4,2
2020-09-21,US,Oklahoma,Osage,784,13,0,36.62888819,-96.39635704,40113.0,1669.3993143538532,1.6581632653061225,771,779,13,0,766,771,47014,5,0,0,5,8
2020-09-21,US,Oklahoma,Ottawa,786,4,0,36.83532655,-94.81011909,40115.0,2525.1389468949787,0.5089058524173028,782,786,4,0,782,770,31175,0,0,0,0,16
2020-09-21,US,Oklahoma,Pawnee,243,3,0,36.31743373,-96.70331759999999,40117.0,1483.8788470933073,1.2345679012345678,240,243,3,0,240,239,16390,0,0,0,0,4
2020-09-21,US,Oklahoma,Payne,2065,6,0,36.07695283,-96.97584944,40119.0,2524.943754279566,0.29055690072639223,2059,2042,6,0,2036,2008,82040,23,0,0,23,34
2020-09-21,US,Oklahoma,Pittsburg,894,19,0,34.92065823,-95.75134320000001,40121.0,2047.9222980711968,2.1252796420581657,875,865,19,0,846,865,43877,29,0,0,29,0
2020-09-21,US,Oklahoma,Pontotoc,353,3,0,34.72959848,-96.68337199,40123.0,922.0562114721556,0.8498583569405099,350,350,3,0,347,345,38247,3,0,0,3,5
2020-09-21,US,Oklahoma,Pottawatomie,1217,9,0,35.20614018,-96.94923008,40125.0,1676.4932774961428,0.7395234182415776,1208,1203,9,0,1194,1177,72679,14,0,0,14,26
2020-09-21,US,Oklahoma,Pushmataha,148,1,0,34.41635232,-95.37603505,40127.0,1333.8139870223504,0.6756756756756757,147,147,1,0,146,145,11179,1,0,0,1,2
2020-09-21,US,Oklahoma,Roger Mills,28,1,0,35.68711719,-99.69666167,40129.0,781.4680435389339,3.571428571428572,27,28,1,0,27,26,3656,0,0,0,0,2
2020-09-21,US,Oklahoma,Rogers,1683,48,0,36.37004357,-95.60406759,40131.0,1820.2662801890567,2.8520499108734403,1635,1671,47,0,1624,1663,91984,12,1,0,11,8
2020-09-21,US,Oklahoma,Seminole,409,5,0,35.16478725,-96.61686741,40133.0,1686.041718196059,1.2224938875305624,404,408,5,0,403,399,24578,1,0,0,1,9
2020-09-21,US,Oklahoma,Sequoyah,804,11,0,35.49447108,-94.75463785,40135.0,1934.1336091799176,1.3681592039800996,793,792,11,0,781,776,41179,12,0,0,12,16
2020-09-21,US,Oklahoma,Stephens,378,5,0,34.48556989,-97.85141892,40137.0,876.1560392184132,1.3227513227513228,373,376,5,0,371,374,43265,2,0,0,2,2
2020-09-21,US,Oklahoma,Texas,1425,8,0,36.74777635,-101.4889765,40139.0,7131.061402191863,0.5614035087719298,1417,1412,8,0,1404,1403,20455,13,0,0,13,9
2020-09-21,US,Oklahoma,Tillman,81,2,0,34.37288446,-98.92426619,40141.0,1117.2413793103447,2.469135802469136,79,81,2,0,79,81,7348,0,0,0,0,0
2020-09-21,US,Oklahoma,Tulsa,16034,152,0,36.11939621,-95.94013939,40143.0,2460.8933745886748,0.9479855307471624,15882,15975,152,0,15823,15905,648360,59,0,0,59,70
2020-09-21,US,Oklahoma,Unassigned,75,0,0,0.0,0.0,90040.0,0.0,0.0,75,70,0,0,70,70,,5,0,0,5,0
2020-09-21,US,Oklahoma,Wagoner,1398,24,0,35.96024096,-95.51911308,40145.0,1719.789885470359,1.7167381974248928,1374,1390,24,0,1366,1388,80110,8,0,0,8,2
2020-09-21,US,Oklahoma,Washington,951,40,0,36.71380786,-95.90514104,40147.0,1845.634327634056,4.206098843322819,911,952,40,0,912,948,51843,-1,0,0,-1,4
2020-09-21,US,Oklahoma,Washita,64,0,0,35.29071824,-98.99180434,40149.0,586.2953462806888,0.0,64,58,0,0,58,57,11127,6,0,0,6,1
2020-09-21,US,Oklahoma,Woods,96,0,0,36.76705782,-98.86573064,40151.0,1091.7775503241214,0.0,96,96,0,0,96,93,8897,0,0,0,0,3
2020-09-21,US,Oklahoma,Woodward,961,0,0,36.42316318,-99.26283045,40153.0,4754.836475186779,0.0,961,572,0,0,572,309,20222,389,0,0,389,263
2020-09-21,US,Oregon,Baker,90,2,0,44.70915557,-117.6749883,41001.0,558.1741503349044,2.2222222222222223,88,90,2,0,88,90,16006,0,0,0,0,0
2020-09-21,US,Oregon,Benton,280,6,0,44.49167306,-123.4316987,41003.0,300.9037860144219,2.142857142857143,274,285,6,0,279,279,92101,-5,0,0,-5,6
2020-09-21,US,Oregon,Clackamas,2273,61,0,45.18787398,-122.2179634,41005.0,543.5367431316612,2.6836779586449624,2212,2256,61,0,2195,2237,416075,17,0,0,17,19
2020-09-21,US,Oregon,Clatsop,121,0,0,45.99712889,-123.660711,41007.0,300.8154335719968,0.0,121,117,0,0,117,113,39764,4,0,0,4,4
2020-09-21,US,Oregon,Columbia,153,1,0,45.94464254,-123.08908980000001,41009.0,292.2412805134278,0.6535947712418301,152,154,1,0,153,150,52377,-1,0,0,-1,4
2020-09-21,US,Oregon,Coos,142,0,0,43.17406868,-124.0594514,41011.0,220.1994200381472,0.0,142,138,0,0,138,136,64389,4,0,0,4,2
2020-09-21,US,Oregon,Crook,60,1,0,44.14230227,-120.356297,41013.0,245.86133420750699,1.6666666666666667,59,60,1,0,59,60,23867,0,0,0,0,0
2020-09-21,US,Oregon,Curry,30,0,0,42.45911325,-124.15728200000001,41015.0,130.86150490730645,0.0,30,27,0,0,27,27,22813,3,0,0,3,0
2020-09-21,US,Oregon,Deschutes,777,12,0,43.91570171,-121.2289121,41017.0,393.03563118386177,1.5444015444015444,765,769,12,0,757,760,191996,8,0,0,8,9
2020-09-21,US,Oregon,Douglas,211,3,0,43.27941273,-123.16729099999999,41019.0,190.1243467291404,1.4218009478672986,208,209,3,0,206,206,110283,2,0,0,2,3
2020-09-21,US,Oregon,Gilliam,8,0,0,45.37160076,-120.20488689999999,41021.0,418.41004184100416,0.0,8,8,0,0,8,7,1894,0,0,0,0,1
2020-09-21,US,Oregon,Grant,8,0,0,44.49024544,-119.0068631,41023.0,111.12654535352131,0.0,8,8,0,0,8,8,7176,0,0,0,0,0
2020-09-21,US,Oregon,Harney,12,0,0,43.06422669,-118.96663059999999,41025.0,162.31570404436633,0.0,12,12,0,0,12,12,7329,0,0,0,0,0
2020-09-21,US,Oregon,Hood River,245,0,0,45.51872811,-121.65520359999998,41027.0,1047.814558207168,0.0,245,245,0,0,245,241,23428,0,0,0,0,4
2020-09-21,US,Oregon,Jackson,1057,4,0,42.43201126,-122.72893090000001,41029.0,478.4017669635745,0.3784295175023652,1053,1039,4,0,1035,1034,219564,18,0,0,18,5
2020-09-21,US,Oregon,Jefferson,513,8,0,44.62806839,-121.17832,41031.0,2080.4607024089546,1.5594541910331383,505,513,8,0,505,511,24192,0,0,0,0,2
2020-09-21,US,Oregon,Josephine,186,2,0,42.3665549,-123.5561938,41033.0,212.60301530513104,1.075268817204301,184,183,2,0,181,183,87393,3,0,0,3,0
2020-09-21,US,Oregon,Klamath,275,2,0,42.68762984,-121.64964609999998,41035.0,403.0012602948504,0.7272727272727273,273,273,2,0,271,272,67653,2,0,0,2,1
2020-09-21,US,Oregon,Lake,28,0,0,42.79246693,-120.38501629999999,41037.0,355.82666158342863,0.0,28,28,0,0,28,28,7879,0,0,0,0,0
2020-09-21,US,Oregon,Lane,991,15,0,43.93727035,-122.847753,41039.0,259.378590666035,1.5136226034308782,976,964,15,0,949,944,379611,27,0,0,27,20
2020-09-21,US,Oregon,Lincoln,473,13,0,44.64252874,-123.86991200000001,41041.0,946.7195068251872,2.748414376321353,460,472,13,0,459,472,49388,1,0,0,1,0
2020-09-21,US,Oregon,Linn,468,13,0,44.48899494,-122.53731540000001,41043.0,360.696421552382,2.7777777777777777,455,466,13,0,453,458,127335,2,0,0,2,8
2020-09-21,US,Oregon,Malheur,1539,23,0,43.1937027,-117.62273950000001,41045.0,5034.182722187694,1.4944769330734242,1516,1527,23,0,1504,1512,30725,12,0,0,12,15
2020-09-21,US,Oregon,Marion,4466,90,0,44.90287942,-122.58151170000001,41047.0,1284.0048531128348,2.015226153157188,4376,4447,90,0,4357,4427,346868,19,0,0,19,20
2020-09-21,US,Oregon,Morrow,490,6,0,45.41846568,-119.584546,41049.0,4223.045764026545,1.2244897959183674,484,488,6,0,482,485,11372,2,0,0,2,3
2020-09-21,US,Oregon,Multnomah,6853,133,0,45.54747959,-122.4169351,41051.0,843.0777937024437,1.9407558733401429,6720,6818,130,0,6688,6779,811880,35,3,0,32,39
2020-09-21,US,Oregon,Polk,503,15,0,44.90322804,-123.4128888,41053.0,584.306208979497,2.982107355864811,488,502,15,0,487,501,85234,1,0,0,1,1
2020-09-21,US,Oregon,Sherman,18,0,0,45.41501554,-120.6827834,41055.0,1011.2359550561798,0.0,18,18,0,0,18,18,1708,0,0,0,0,0
2020-09-21,US,Oregon,Tillamook,49,0,0,45.46248721,-123.712066,41057.0,181.23982837697883,0.0,49,48,0,0,48,48,26787,1,0,0,1,0
2020-09-21,US,Oregon,Umatilla,2916,41,0,45.59073056,-118.7353826,41059.0,3740.8595253367534,1.4060356652949246,2875,2913,41,0,2872,2905,77516,3,0,0,3,8
2020-09-21,US,Oregon,Union,435,2,0,45.30915495,-118.0068979,41061.0,1621.0173281162658,0.4597701149425287,433,435,2,0,433,435,26461,0,0,0,0,0
2020-09-21,US,Oregon,Wallowa,28,1,0,45.57894064,-117.18353799999998,41063.0,388.457269700333,3.571428571428572,27,28,1,0,27,28,7081,0,0,0,0,0
2020-09-21,US,Oregon,Wasco,244,3,0,45.16292781,-121.16709540000001,41065.0,914.4741773480248,1.2295081967213115,241,234,3,0,231,234,26505,10,0,0,10,0
2020-09-21,US,Oregon,Washington,4315,58,0,45.55972701,-123.0955257,41067.0,717.2635274405244,1.3441483198146005,4257,4289,58,0,4231,4264,597695,26,0,0,26,25
2020-09-21,US,Oregon,Yamhill,738,14,0,45.23330449,-123.3086963,41071.0,689.0756302521007,1.897018970189702,724,738,14,0,724,735,107002,0,0,0,0,3
2020-09-21,US,Pennsylvania,Adams,796,25,0,39.87140411,-77.21610347,42001.0,772.7480123096042,3.1407035175879403,771,788,25,0,763,782,102811,8,0,0,8,6
2020-09-21,US,Pennsylvania,Allegheny,11779,349,0,40.46809875,-79.98167747,42003.0,968.6319174043724,2.9629000764071654,11430,11737,347,0,11390,11663,1218452,42,2,0,40,74
2020-09-21,US,Pennsylvania,Armstrong,418,17,0,40.81665618,-79.46290811,42005.0,645.7094307561597,4.066985645933015,401,411,17,0,394,410,65263,7,0,0,7,1
2020-09-21,US,Pennsylvania,Beaver,1838,118,0,40.6825484,-80.34921611,42007.0,1121.2171122864168,6.4200217627856375,1720,1836,116,0,1720,1834,164742,2,2,0,0,2
2020-09-21,US,Pennsylvania,Bedford,229,6,0,40.00522157,-78.48998442,42009.0,478.1991313063816,2.6200873362445414,223,228,6,0,222,224,48176,1,0,0,1,4
2020-09-21,US,Pennsylvania,Berks,6862,391,0,40.41570541,-75.92457766,42011.0,1629.2940517233194,5.698047216554941,6471,6833,388,0,6445,6801,420152,29,3,0,26,32
2020-09-21,US,Pennsylvania,Blair,589,16,0,40.47961444,-78.34917412,42013.0,483.464528150112,2.7164685908319184,573,584,15,0,569,559,122492,5,1,0,4,25
2020-09-21,US,Pennsylvania,Bradford,129,3,0,41.78869215,-76.51570822,42015.0,213.8487807304013,2.3255813953488373,126,121,3,0,118,120,60833,8,0,0,8,1
2020-09-21,US,Pennsylvania,Bucks,8573,603,0,40.33682119,-75.10836643,42017.0,1364.5407229375905,7.0337104864108255,7970,8537,600,0,7937,8499,628195,36,3,0,33,38
2020-09-21,US,Pennsylvania,Butler,1001,22,0,40.91152759,-79.91351055,42019.0,532.863462388144,2.1978021978021984,979,996,22,0,974,983,187888,5,0,0,5,13
2020-09-21,US,Pennsylvania,Cambria,547,7,0,40.49527404,-78.71377428,42021.0,420.1487034533612,1.279707495429616,540,547,7,0,540,540,131730,0,0,0,0,7
2020-09-21,US,Pennsylvania,Cameron,8,0,0,41.43625568,-78.20376845,42023.0,179.89655947830002,0.0,8,8,0,0,8,8,4492,0,0,0,0,0
2020-09-21,US,Pennsylvania,Carbon,449,28,0,40.91545395,-75.7068525,42025.0,699.5730890280763,6.23608017817372,421,447,28,0,419,444,64227,2,0,0,2,3
2020-09-21,US,Pennsylvania,Centre,1836,11,0,40.92058903,-77.82200624,42027.0,1130.6463035378886,0.599128540305011,1825,1799,11,0,1788,1727,162805,37,0,0,37,72
2020-09-21,US,Pennsylvania,Chester,6633,366,0,39.97291773,-75.74768357,42029.0,1263.4550438199658,5.517865219357756,6267,6510,364,0,6146,6510,522046,123,2,0,121,0
2020-09-21,US,Pennsylvania,Clarion,114,3,0,41.19265812,-79.42413524,42031.0,296.58150788282427,2.631578947368421,111,114,3,0,111,115,38779,0,0,0,0,-1
2020-09-21,US,Pennsylvania,Clearfield,311,2,0,41.00110782,-78.47592663,42033.0,392.4042647151599,0.6430868167202572,309,308,2,0,306,297,79388,3,0,0,3,11
2020-09-21,US,Pennsylvania,Clinton,198,6,0,41.23255967,-77.63785995,42035.0,512.5284738041004,3.0303030303030303,192,190,5,0,185,186,38684,8,1,0,7,4
2020-09-21,US,Pennsylvania,Columbia,863,35,0,41.04821986,-76.40565017,42037.0,1328.4280524598241,4.055619930475087,828,860,35,0,825,859,65456,3,0,0,3,1
2020-09-21,US,Pennsylvania,Crawford,290,3,0,41.68447709,-80.10760592,42039.0,342.6721336657647,1.0344827586206895,287,291,3,0,288,288,85063,-1,0,0,-1,3
2020-09-21,US,Pennsylvania,Cumberland,1764,75,0,40.1625372,-77.26130755,42041.0,696.2150215100446,4.2517006802721085,1689,1760,75,0,1685,1752,251423,4,0,0,4,8
2020-09-21,US,Pennsylvania,Dauphin,3704,175,0,40.41377078,-76.77993242,42043.0,1330.942619269203,4.724622030237581,3529,3695,174,0,3521,3684,277097,9,1,0,8,11
2020-09-21,US,Pennsylvania,Delaware,11158,751,0,39.91680171,-75.40243663,42045.0,1968.7797200514515,6.730596881161499,10407,11125,749,0,10376,11104,564751,33,2,0,31,21
2020-09-21,US,Pennsylvania,Elk,67,2,0,41.42822061,-78.64524744,42047.0,224.00534938147774,2.985074626865672,65,67,2,0,65,67,30169,0,0,0,0,0
2020-09-21,US,Pennsylvania,Erie,1483,37,0,41.99253829,-80.03301954,42049.0,549.8131450943173,2.4949426837491573,1446,1475,37,0,1438,1466,272061,8,0,0,8,9
2020-09-21,US,Pennsylvania,Fayette,773,7,0,39.92041012,-79.64291195,42051.0,597.9547318099542,0.9055627425614488,766,770,7,0,763,766,130441,3,0,0,3,4
2020-09-21,US,Pennsylvania,Forest,15,0,0,41.51095103,-79.23229292,42053.0,206.9821995308404,0.0,15,14,0,0,14,14,7279,1,0,0,1,0
2020-09-21,US,Pennsylvania,Franklin,1719,50,0,39.92956518,-77.72157791,42055.0,1108.839105446148,2.908667830133799,1669,1714,49,0,1665,1710,154835,5,1,0,4,4
2020-09-21,US,Pennsylvania,Fulton,44,2,0,39.92913544,-78.11163677,42057.0,302.8217481073641,4.545454545454546,42,44,2,0,42,44,14523,0,0,0,0,0
2020-09-21,US,Pennsylvania,Greene,176,1,0,39.85746531,-80.22357106,42059.0,485.74503905279715,0.5681818181818182,175,169,1,0,168,168,36506,7,0,0,7,1
2020-09-21,US,Pennsylvania,Huntingdon,396,6,0,40.42162652,-77.97673273,42061.0,877.1929824561405,1.5151515151515151,390,396,6,0,390,395,45168,0,0,0,0,1
2020-09-21,US,Pennsylvania,Indiana,642,12,0,40.65241041,-79.08963285,42063.0,763.6220903262642,1.8691588785046729,630,632,12,0,620,611,84501,10,0,0,10,21
2020-09-21,US,Pennsylvania,Jefferson,109,3,0,41.12913106,-78.9986361,42065.0,251.0074841681059,2.7522935779816518,106,109,2,0,107,107,43641,0,1,0,-1,2
2020-09-21,US,Pennsylvania,Juniata,181,7,0,40.53358749,-77.39975129999998,42067.0,730.9292089003758,3.867403314917127,174,181,7,0,174,178,24704,0,0,0,0,3
2020-09-21,US,Pennsylvania,Lackawanna,2401,216,0,41.43564672,-75.60379201,42069.0,1145.110981809857,8.996251561849231,2185,2396,216,0,2180,2375,210793,5,0,0,5,21
2020-09-21,US,Pennsylvania,Lancaster,7566,455,0,40.03904563,-76.24770128,42071.0,1386.415110935198,6.013745704467354,7111,7549,455,0,7094,7514,543557,17,0,0,17,35
2020-09-21,US,Pennsylvania,Lawrence,499,22,0,40.99206278,-80.33393706,42073.0,583.5438301057162,4.408817635270541,477,499,22,0,477,499,86184,0,0,0,0,0
2020-09-21,US,Pennsylvania,Lebanon,1945,59,0,40.36680311,-76.45651841,42075.0,1371.717926837009,3.033419023136247,1886,1935,59,0,1876,1931,141314,10,0,0,10,4
2020-09-21,US,Pennsylvania,Lehigh,5494,350,0,40.6154815,-75.59435245,42077.0,1487.6068862064676,6.3705860939206405,5144,5484,349,0,5135,5469,368100,10,1,0,9,15
2020-09-21,US,Pennsylvania,Luzerne,4027,189,0,41.17823008,-75.98447579,42079.0,1268.6781111282635,4.693320089396574,3838,4024,189,0,3835,4013,317646,3,0,0,3,11
2020-09-21,US,Pennsylvania,Lycoming,630,24,0,41.34310539,-77.06629984,42081.0,556.0508036258043,3.809523809523809,606,627,23,0,604,623,113664,3,1,0,2,4
2020-09-21,US,Pennsylvania,McKean,56,2,0,41.80938602,-78.56478358,42083.0,137.84615384615384,3.571428571428572,54,55,2,0,53,53,40968,1,0,0,1,2
2020-09-21,US,Pennsylvania,Mercer,699,14,0,41.30248872,-80.25816981,42085.0,638.7995320953356,2.0028612303290414,685,695,14,0,681,688,110683,4,0,0,4,7
2020-09-21,US,Pennsylvania,Mifflin,211,2,0,40.61116939,-77.61070738,42087.0,457.3236811305215,0.9478672985781992,209,210,2,0,208,209,46222,1,0,0,1,1
2020-09-21,US,Pennsylvania,Monroe,1775,130,0,41.05934058,-75.34031025,42089.0,1042.4558497923897,7.323943661971831,1645,1773,129,0,1644,1772,169507,2,1,0,1,1
2020-09-21,US,Pennsylvania,Montgomery,11962,874,0,40.21053671,-75.36652296,42091.0,1439.6177707707764,7.306470489884635,11088,11932,874,0,11058,11897,828604,30,0,0,30,35
2020-09-21,US,Pennsylvania,Montour,164,5,0,41.03023987,-76.66345939,42093.0,899.6160175534833,3.0487804878048776,159,164,5,0,159,162,18240,0,0,0,0,2
2020-09-21,US,Pennsylvania,Northampton,4394,305,0,40.75182733,-75.30471829,42095.0,1439.3108079335702,6.941283568502502,4089,4390,304,0,4086,4364,304807,4,1,0,3,26
2020-09-21,US,Pennsylvania,Northumberland,887,48,0,40.84785433,-76.70798222,42097.0,976.4098499609216,5.411499436302142,839,863,49,0,814,861,91083,24,-1,0,25,2
2020-09-21,US,Pennsylvania,Perry,207,6,0,40.40206612,-77.26297447,42099.0,447.3547717842324,2.898550724637681,201,205,6,0,199,204,46139,2,0,0,2,1
2020-09-21,US,Pennsylvania,Philadelphia,35825,1785,0,40.00338507,-75.1379271,42101.0,2261.5879156397727,4.982554082344731,34040,35583,1784,0,33799,35583,1584138,242,1,0,241,0
2020-09-21,US,Pennsylvania,Pike,566,22,0,41.33155042,-75.03208106,42103.0,1014.1733412173663,3.886925795053004,544,566,22,0,544,565,55933,0,0,0,0,1
2020-09-21,US,Pennsylvania,Potter,26,0,0,41.74471626,-77.89559864,42105.0,157.3278470289241,0.0,26,25,0,0,25,25,16622,1,0,0,1,0
2020-09-21,US,Pennsylvania,Schuylkill,1065,52,0,40.70497338,-76.2150785,42107.0,753.4009153997978,4.882629107981222,1013,1061,52,0,1009,1058,142067,4,0,0,4,3
2020-09-21,US,Pennsylvania,Snyder,266,4,0,40.77129231,-77.06840691,42109.0,658.8724858813039,1.5037593984962403,262,261,3,0,258,255,40540,5,1,0,4,6
2020-09-21,US,Pennsylvania,Somerset,206,3,0,39.97172723,-79.02699593,42111.0,280.47435565782126,1.4563106796116505,203,205,3,0,202,203,73952,1,0,0,1,2
2020-09-21,US,Pennsylvania,Sullivan,11,0,0,41.44634738,-76.51246591,42113.0,181.3386086383119,0.0,11,11,0,0,11,11,6071,0,0,0,0,0
2020-09-21,US,Pennsylvania,Susquehanna,293,28,0,41.82147784,-75.80071959,42115.0,726.5423527077963,9.55631399317406,265,293,28,0,265,293,40589,0,0,0,0,0
2020-09-21,US,Pennsylvania,Tioga,64,3,0,41.77255149,-77.25433032,42117.0,157.67041955113203,4.6875,61,64,3,0,61,61,40763,0,0,0,0,3
2020-09-21,US,Pennsylvania,Union,459,6,0,40.96188846,-77.05996014,42119.0,1021.7483249115152,1.30718954248366,453,452,6,0,446,451,44785,7,0,0,7,1
2020-09-21,US,Pennsylvania,Venango,81,1,0,41.40323442,-79.75845449,42121.0,159.86421409962895,1.2345679012345678,80,81,1,0,80,80,51266,0,0,0,0,1
2020-09-21,US,Pennsylvania,Warren,42,1,0,41.81304978,-79.26969577,42123.0,107.16746191727691,2.380952380952381,41,42,1,0,41,42,39498,0,0,0,0,0
2020-09-21,US,Pennsylvania,Washington,1284,29,0,40.19208869,-80.24582867,42125.0,620.6946559350301,2.2585669781931466,1255,1280,29,0,1251,1275,207346,4,0,0,4,5
2020-09-21,US,Pennsylvania,Wayne,218,10,0,41.64938475,-75.29956506,42127.0,424.4465645139308,4.587155963302751,208,216,10,0,206,214,51276,2,0,0,2,2
2020-09-21,US,Pennsylvania,Westmoreland,2084,51,0,40.31377979999999,-79.46615476,42129.0,597.3075302594733,2.44721689059501,2033,2068,50,0,2018,2046,350611,16,1,0,15,22
2020-09-21,US,Pennsylvania,Wyoming,72,8,0,41.51955538,-76.01074915,42131.0,268.7168769127417,11.111111111111109,64,72,8,0,64,72,27046,0,0,0,0,0
2020-09-21,US,Pennsylvania,York,4520,142,0,39.9210089,-76.73040131,42133.0,1006.5514922348559,3.1415929203539825,4378,4490,142,0,4348,4453,448273,30,0,0,30,37
2020-09-21,US,Puerto Rico,Adjuntas,143,0,0,18.180117000000006,-66.754367,72001.0,733.9732074115898,0.0,143,142,0,0,142,142,,1,0,0,1,0
2020-09-21,US,Puerto Rico,Aguada,312,0,0,18.360255,-67.17513100000001,72003.0,743.5830215210086,0.0,312,310,0,0,310,305,,2,0,0,2,5
2020-09-21,US,Puerto Rico,Aguadilla,412,0,0,18.459681,-67.12081500000001,72005.0,675.974995488031,0.0,412,407,0,0,407,406,,5,0,0,5,1
2020-09-21,US,Puerto Rico,Aguas Buenas,252,0,0,18.251619,-66.126806,72007.0,879.3049303883597,0.0,252,249,0,0,249,245,,3,0,0,3,4
2020-09-21,US,Puerto Rico,Aibonito,147,0,0,18.131361,-66.264131,72009.0,567.5675675675676,0.0,147,147,0,0,147,145,,0,0,0,0,2
2020-09-21,US,Puerto Rico,Anasco,219,0,0,18.287985,-67.120611,72011.0,748.4364854242848,0.0,219,218,0,0,218,217,,1,0,0,1,1
2020-09-21,US,Puerto Rico,Arecibo,743,0,0,18.406631,-66.675077,72013.0,770.4272086271257,0.0,743,708,0,0,708,691,,35,0,0,35,17
2020-09-21,US,Puerto Rico,Arroyo,160,0,0,17.998457000000005,-66.056546,72015.0,817.3690932311623,0.0,160,159,0,0,159,159,,1,0,0,1,0
2020-09-21,US,Puerto Rico,Barceloneta,215,0,0,18.445532999999998,-66.56053100000001,72017.0,866.3765312701483,0.0,215,212,0,0,212,203,,3,0,0,3,9
2020-09-21,US,Puerto Rico,Barranquitas,414,0,0,18.201592,-66.30963,72019.0,1365.525430437364,0.0,414,412,0,0,412,406,,2,0,0,2,6
2020-09-21,US,Puerto Rico,Bayamon,3416,0,0,18.34946,-66.168435,72021.0,1641.3923004478272,0.0,3416,3367,0,0,3367,3242,,49,0,0,49,125
2020-09-21,US,Puerto Rico,Cabo Rojo,320,0,0,18.040993,-67.154391,72023.0,628.4737906789481,0.0,320,319,0,0,319,309,,1,0,0,1,10
2020-09-21,US,Puerto Rico,Caguas,1426,0,0,18.211615,-66.050779,72025.0,997.9495146718173,0.0,1426,1409,0,0,1409,1394,,17,0,0,17,15
2020-09-21,US,Puerto Rico,Camuy,248,0,0,18.418578,-66.860206,72027.0,705.3670468443357,0.0,248,241,0,0,241,233,,7,0,0,7,8
2020-09-21,US,Puerto Rico,Canovanas,631,0,0,18.328802,-65.887612,72029.0,1324.2948287441236,0.0,631,627,0,0,627,619,,4,0,0,4,8
2020-09-21,US,Puerto Rico,Carolina,2408,0,0,18.374986,-65.95683100000001,72031.0,1362.283748769532,0.0,2408,2383,0,0,2383,2344,,25,0,0,25,39
2020-09-21,US,Puerto Rico,Catano,406,0,0,18.437269,-66.14330600000001,72033.0,1442.7860696517416,0.0,406,400,0,0,400,390,,6,0,0,6,10
2020-09-21,US,Puerto Rico,Cayey,331,0,0,18.102851,-66.14914,72035.0,687.877969201355,0.0,331,328,0,0,328,320,,3,0,0,3,8
2020-09-21,US,Puerto Rico,Ceiba,112,0,0,18.251818,-65.666416,72037.0,821.656518230504,0.0,112,108,0,0,108,107,,4,0,0,4,1
2020-09-21,US,Puerto Rico,Ciales,218,0,0,18.28885,-66.516475,72039.0,1160.6857629645406,0.0,218,215,0,0,215,212,,3,0,0,3,3
2020-09-21,US,Puerto Rico,Cidra,293,0,0,18.173559,-66.161179,72041.0,673.8730450781969,0.0,293,291,0,0,291,285,,2,0,0,2,6
2020-09-21,US,Puerto Rico,Coamo,265,0,0,18.097597,-66.36014,72043.0,654.1271721958926,0.0,265,262,0,0,262,258,,3,0,0,3,4
2020-09-21,US,Puerto Rico,Comerio,235,0,0,18.224687,-66.221622,72045.0,1131.0039464818558,0.0,235,230,0,0,230,222,,5,0,0,5,8
2020-09-21,US,Puerto Rico,Corozal,561,0,0,18.304264,-66.327738,72047.0,1510.4194712185665,0.0,561,551,0,0,551,540,,10,0,0,10,11
2020-09-21,US,Puerto Rico,Culebra,22,0,0,18.31586,-65.28813000000001,72049.0,1210.1210121012102,0.0,22,22,0,0,22,22,,0,0,0,0,0
2020-09-21,US,Puerto Rico,Dorado,717,0,0,18.436115,-66.278669,72051.0,1878.6846587187213,0.0,717,704,0,0,704,652,,13,0,0,13,52
2020-09-21,US,Puerto Rico,Fajardo,473,0,0,18.318373,-65.666866,72053.0,1278.6202795123402,0.0,473,469,0,0,469,466,,4,0,0,4,3
2020-09-21,US,Puerto Rico,Florida,250,0,0,18.373715,-66.560488,72054.0,1971.6088328075712,0.0,250,247,0,0,247,242,,3,0,0,3,5
2020-09-21,US,Puerto Rico,Guanica,95,0,0,17.982429,-66.91964300000001,72055.0,489.010140526072,0.0,95,94,0,0,94,92,,1,0,0,1,2
2020-09-21,US,Puerto Rico,Guayama,279,0,0,18.007516,-66.13390799999999,72057.0,615.0522463736166,0.0,279,279,0,0,279,276,,0,0,0,0,3
2020-09-21,US,Puerto Rico,Guayanilla,164,0,0,18.039942,-66.79186,72059.0,759.9277141930403,0.0,164,160,0,0,160,159,,4,0,0,4,1
2020-09-21,US,Puerto Rico,Guaynabo,1549,0,0,18.345114000000002,-66.11452299999999,72061.0,1581.8389771659656,0.0,1549,1533,0,0,1533,1516,,16,0,0,16,17
2020-09-21,US,Puerto Rico,Gurabo,478,0,0,18.266461,-65.97970500000001,72063.0,1053.5828429103574,0.0,478,474,0,0,474,470,,4,0,0,4,4
2020-09-21,US,Puerto Rico,Hatillo,260,0,0,18.410928,-66.79632600000001,72065.0,619.7411388935237,0.0,260,240,0,0,240,236,,20,0,0,20,4
2020-09-21,US,Puerto Rico,Hormigueros,160,0,0,18.134532,-67.113972,72067.0,927.5362318840581,0.0,160,157,0,0,157,153,,3,0,0,3,4
2020-09-21,US,Puerto Rico,Humacao,453,0,0,18.145211,-65.810174,72069.0,774.8092908699073,0.0,453,444,0,0,444,435,,9,0,0,9,9
2020-09-21,US,Puerto Rico,Isabela,250,0,0,18.44981,-67.005093,72071.0,547.8731564068287,0.0,250,245,0,0,245,242,,5,0,0,5,3
2020-09-21,US,Puerto Rico,Jayuya,225,0,0,18.211446,-66.58878,72073.0,1352.0009614229061,0.0,225,223,0,0,223,219,,2,0,0,2,4
2020-09-21,US,Puerto Rico,Juana Diaz,321,0,0,18.050764,-66.49458100000001,72075.0,401.76727536703504,0.0,321,318,0,0,318,313,,3,0,0,3,5
2020-09-21,US,Puerto Rico,Juncos,339,0,0,18.223793,-65.909109,72077.0,841.3998510796724,0.0,339,333,0,0,333,330,,6,0,0,6,3
2020-09-21,US,Puerto Rico,Lajas,140,0,0,18.011661,-67.040585,72079.0,543.6259853220984,0.0,140,136,0,0,136,133,,4,0,0,4,3
2020-09-21,US,Puerto Rico,Lares,305,0,0,18.269035000000002,-66.867236,72081.0,991.7731603420804,0.0,305,301,0,0,301,299,,4,0,0,4,2
2020-09-21,US,Puerto Rico,Las Marias,102,0,0,18.23679,-66.98362,72083.0,1032.2841817629794,0.0,102,98,0,0,98,95,,4,0,0,4,3
2020-09-21,US,Puerto Rico,Las Piedras,436,0,0,18.187527,-65.86946800000001,72085.0,1127.343244990304,0.0,436,427,0,0,427,418,,9,0,0,9,9
2020-09-21,US,Puerto Rico,Loiza,252,0,0,18.425688,-65.89943000000001,72087.0,838.3233532934132,0.0,252,238,0,0,238,230,,14,0,0,14,8
2020-09-21,US,Puerto Rico,Luquillo,230,0,0,18.342114000000002,-65.72509699999999,72089.0,1146.1032489535578,0.0,230,225,0,0,225,218,,5,0,0,5,7
2020-09-21,US,Puerto Rico,Manati,500,0,0,18.420473,-66.490461,72091.0,1133.452723686895,0.0,500,492,0,0,492,485,,8,0,0,8,7
2020-09-21,US,Puerto Rico,Maricao,79,0,0,18.171795,-66.942126,72093.0,1258.7635436583812,0.0,79,79,0,0,79,78,,0,0,0,0,1
2020-09-21,US,Puerto Rico,Maunabo,107,0,0,18.017889,-65.922235,72095.0,875.2556237218814,0.0,107,107,0,0,107,107,,0,0,0,0,0
2020-09-21,US,Puerto Rico,Mayaguez,770,0,0,18.2013,-67.1452,72097.0,864.3915581499775,0.0,770,761,0,0,761,742,,9,0,0,9,19
2020-09-21,US,Puerto Rico,Moca,325,0,0,18.377805,-67.080952,72099.0,810.291954424194,0.0,325,323,0,0,323,321,,2,0,0,2,2
2020-09-21,US,Puerto Rico,Morovis,497,0,0,18.316963,-66.420383,72101.0,1524.0723704385157,0.0,497,488,0,0,488,480,,9,0,0,9,8
2020-09-21,US,Puerto Rico,Naguabo,190,0,0,18.230636999999998,-65.753897,72103.0,711.0778443113772,0.0,190,186,0,0,186,182,,4,0,0,4,4
2020-09-21,US,Puerto Rico,Naranjito,572,0,0,18.288019,-66.252703,72105.0,1881.4551674231961,0.0,572,568,0,0,568,551,,4,0,0,4,17
2020-09-21,US,Puerto Rico,Orocovis,314,0,0,18.215046,-66.433604,72107.0,1340.562694787175,0.0,314,311,0,0,311,308,,3,0,0,3,3
2020-09-21,US,Puerto Rico,Out of PR,782,0,0,0.0,0.0,72888.0,0.0,0.0,782,782,0,0,782,777,,0,0,0,0,5
2020-09-21,US,Puerto Rico,Patillas,167,0,0,18.03174,-66.012242,72109.0,866.3173730352232,0.0,167,166,0,0,166,165,,1,0,0,1,1
2020-09-21,US,Puerto Rico,Penuelas,114,0,0,18.059645,-66.721572,72111.0,469.4835680751173,0.0,114,114,0,0,114,107,,0,0,0,0,7
2020-09-21,US,Puerto Rico,Ponce,824,0,0,18.059498,-66.613748,72113.0,495.40964485621697,0.0,824,810,0,0,810,776,,14,0,0,14,34
2020-09-21,US,Puerto Rico,Quebradillas,161,0,0,18.439692,-66.926113,72115.0,621.1659400439831,0.0,161,160,0,0,160,152,,1,0,0,1,8
2020-09-21,US,Puerto Rico,Rincon,165,0,0,18.335442999999998,-67.23174,72117.0,1085.5263157894738,0.0,165,161,0,0,161,157,,4,0,0,4,4
2020-09-21,US,Puerto Rico,Rio Grande,539,0,0,18.346329,-65.813742,72119.0,992.5604007071304,0.0,539,531,0,0,531,526,,8,0,0,8,5
2020-09-21,US,Puerto Rico,Sabana Grande,192,0,0,18.08282,-66.943758,72121.0,759.9445873738373,0.0,192,188,0,0,188,187,,4,0,0,4,1
2020-09-21,US,Puerto Rico,Salinas,394,0,0,18.010386999999994,-66.256592,72123.0,1267.7778492824507,0.0,394,391,0,0,391,387,,3,0,0,3,4
2020-09-21,US,Puerto Rico,San German,239,0,0,18.111484,-67.03858100000001,72125.0,672.7277845019281,0.0,239,234,0,0,234,228,,5,0,0,5,6
2020-09-21,US,Puerto Rico,San Juan,6732,0,0,18.386933,-66.061128,72127.0,1702.8983674233414,0.0,6732,6689,0,0,6689,6591,,43,0,0,43,98
2020-09-21,US,Puerto Rico,San Lorenzo,437,0,0,18.147987,-65.976392,72129.0,1064.3479955185346,0.0,437,425,0,0,425,415,,12,0,0,12,10
2020-09-21,US,Puerto Rico,San Sebastian,344,0,0,18.328646,-66.971214,72131.0,810.7471128918219,0.0,344,339,0,0,339,333,,5,0,0,5,6
2020-09-21,US,Puerto Rico,Santa Isabel,164,0,0,17.994525,-66.388913,72133.0,704.6489645097532,0.0,164,160,0,0,160,160,,4,0,0,4,0
2020-09-21,US,Puerto Rico,Toa Alta,1182,0,0,18.362406,-66.246616,72135.0,1595.8739502605786,0.0,1182,1165,0,0,1165,1149,,17,0,0,17,16
2020-09-21,US,Puerto Rico,Toa Baja,1212,0,0,18.431445999999998,-66.213553,72137.0,1352.5427133435255,0.0,1212,1177,0,0,1177,1127,,35,0,0,35,50
2020-09-21,US,Puerto Rico,Trujillo Alto,966,0,0,18.336159,-65.99888399999999,72139.0,1290.719114935464,0.0,966,952,0,0,952,929,,14,0,0,14,23
2020-09-21,US,Puerto Rico,Unassigned,570,609,0,0.0,0.0,72999.0,0.0,106.84210526315788,-39,552,608,0,-56,556,,18,1,0,17,-4
2020-09-21,US,Puerto Rico,Utuado,129,0,0,18.271214,-66.702984,72141.0,389.1520106187215,0.0,129,127,0,0,127,127,,2,0,0,2,0
2020-09-21,US,Puerto Rico,Vega Alta,678,0,0,18.409346,-66.33725,72143.0,1697.0789216790567,0.0,678,635,0,0,635,607,,43,0,0,43,28
2020-09-21,US,Puerto Rico,Vega Baja,891,0,0,18.428262,-66.397924,72145.0,1493.4128926284734,0.0,891,864,0,0,864,844,,27,0,0,27,20
2020-09-21,US,Puerto Rico,Vieques,86,0,0,18.123276,-65.44097099999999,72147.0,924.6317600258037,0.0,86,86,0,0,86,86,,0,0,0,0,0
2020-09-21,US,Puerto Rico,Villalba,128,0,0,18.127951,-66.473115,72149.0,490.9293138495762,0.0,128,128,0,0,128,127,,0,0,0,0,1
2020-09-21,US,Puerto Rico,Yabucoa,265,0,0,18.070399,-65.896289,72151.0,698.452861021059,0.0,265,262,0,0,262,259,,3,0,0,3,3
2020-09-21,US,Puerto Rico,Yauco,374,0,0,18.080374,-66.858814,72153.0,889.5654449016482,0.0,374,363,0,0,363,357,,11,0,0,11,6
2020-09-21,US,Rhode Island,Bristol,382,0,0,41.71018079,-71.28652315,44001.0,787.9700488871471,0.0,382,382,0,0,382,382,48649,0,0,0,0,0
2020-09-21,US,Rhode Island,Kent,1796,0,0,41.67106337,-71.57641596,44003.0,1093.175565456626,0.0,1796,1796,0,0,1796,1796,163861,0,0,0,0,0
2020-09-21,US,Rhode Island,Newport,502,0,0,41.5642026,-71.26569799,44005.0,611.5835384128068,0.0,502,502,0,0,502,502,82542,0,0,0,0,0
2020-09-21,US,Rhode Island,Providence,17941,0,0,41.87064746,-71.57753536,44007.0,2807.9714397955336,0.0,17941,17941,0,0,17941,17941,636084,0,0,0,0,0
2020-09-21,US,Rhode Island,Unassigned,2558,1097,0,0.0,0.0,90044.0,0.0,42.885066458170435,1461,2246,1088,0,1158,2246,,312,9,0,303,0
2020-09-21,US,Rhode Island,Washington,753,0,0,41.45961631,-71.61435303,44009.0,599.6320982345493,0.0,753,753,0,0,753,753,126179,0,0,0,0,0
2020-09-21,US,South Carolina,Abbeville,532,12,0,34.22333378,-82.46170658,45001.0,2169.0382027969176,2.255639097744361,520,531,12,0,519,530,24541,1,0,0,1,1
2020-09-21,US,South Carolina,Aiken,2681,77,0,33.54338026,-81.63645384,45003.0,1569.0107214757245,2.8720626631853787,2604,2671,77,0,2594,2619,169401,10,0,0,10,52
2020-09-21,US,South Carolina,Allendale,357,6,0,32.98837386,-81.35321066,45005.0,4109.116022099448,1.680672268907563,351,356,6,0,350,355,8903,1,0,0,1,1
2020-09-21,US,South Carolina,Anderson,4043,163,0,34.51828081,-82.63959517,45007.0,1995.9715242054126,4.031659658669305,3880,4028,162,0,3866,4002,200482,15,1,0,14,26
2020-09-21,US,South Carolina,Bamberg,614,33,0,33.21927586,-81.05659969,45009.0,4365.135788425991,5.374592833876221,581,614,33,0,581,610,14275,0,0,0,0,4
2020-09-21,US,South Carolina,Barnwell,605,17,0,33.26679302,-81.43584352,45011.0,2899.4536566663483,2.809917355371901,588,603,17,0,586,600,21112,2,0,0,2,3
2020-09-21,US,South Carolina,Beaufort,5439,81,0,32.39226291,-80.72619758,45013.0,2831.013626757997,1.4892443463872036,5358,5412,81,0,5331,5403,188715,27,0,0,27,9
2020-09-21,US,South Carolina,Berkeley,5345,87,0,33.20222596,-79.94654523,45015.0,2345.254862729096,1.6276894293732458,5258,5325,87,0,5238,5315,221091,20,0,0,20,10
2020-09-21,US,South Carolina,Calhoun,441,17,0,33.66926881,-80.77722168,45017.0,3030.3030303030305,3.8548752834467117,424,439,17,0,422,439,14520,2,0,0,2,0
2020-09-21,US,South Carolina,Charleston,15500,257,0,32.82487866,-79.96512315,45019.0,3767.5678040670286,1.6580645161290322,15243,15489,256,0,15233,15455,405905,11,1,0,10,34
2020-09-21,US,South Carolina,Cherokee,1069,35,0,35.05122251,-81.61828622,45021.0,1865.6195462478186,3.2740879326473338,1034,1066,35,0,1031,1065,57078,3,0,0,3,1
2020-09-21,US,South Carolina,Chester,1016,21,0,34.69249168,-81.1583216,45023.0,3150.97382458752,2.066929133858268,995,1012,21,0,991,1010,32251,4,0,0,4,2
2020-09-21,US,South Carolina,Chesterfield,1186,35,0,34.64137396,-80.15640140000002,45025.0,2598.028477546549,2.9510961214165263,1151,1183,35,0,1148,1179,45754,3,0,0,3,4
2020-09-21,US,South Carolina,Clarendon,1071,66,0,33.66610974,-80.21647898,45027.0,3173.803526448363,6.162464985994397,1005,1070,66,0,1004,1067,33700,1,0,0,1,3
2020-09-21,US,South Carolina,Colleton,994,42,0,32.87582989,-80.67641292,45029.0,2638.214295193355,4.225352112676056,952,983,42,0,941,983,37660,11,0,0,11,0
2020-09-21,US,South Carolina,Darlington,1958,51,0,34.33358335,-79.96027485,45031.0,2939.1455762706787,2.6046986721144023,1907,1955,51,0,1904,1944,66802,3,0,0,3,11
2020-09-21,US,South Carolina,Dillon,978,34,0,34.39007791,-79.37741872,45033.0,3208.766691820597,3.476482617586912,944,959,33,0,926,950,30599,19,1,0,18,9
2020-09-21,US,South Carolina,Dorchester,4039,87,0,33.0794369,-80.40502652,45035.0,2480.821084829463,2.153998514483783,3952,4035,87,0,3948,4022,160647,4,0,0,4,13
2020-09-21,US,South Carolina,Edgefield,549,17,0,33.77221995,-81.96231108,45037.0,2013.9398385913425,3.0965391621129332,532,549,17,0,532,533,27052,0,0,0,0,16
2020-09-21,US,South Carolina,Fairfield,742,34,0,34.39287073,-81.1195624,45039.0,3320.3561999373524,4.5822102425876015,708,740,34,0,706,739,22402,2,0,0,2,1
2020-09-21,US,South Carolina,Florence,4816,184,0,34.02361754,-79.70189312,45041.0,3482.461151323639,3.8205980066445178,4632,4795,182,0,4613,4779,138159,21,2,0,19,16
2020-09-21,US,South Carolina,Georgetown,1860,44,0,33.43443342,-79.33202141,45043.0,2967.453733248245,2.3655913978494625,1816,1858,44,0,1814,1857,62249,2,0,0,2,1
2020-09-21,US,South Carolina,Greenville,13786,292,0,34.89502264,-82.37295012,45045.0,2633.217583307548,2.118090816770637,13494,13751,289,0,13462,13710,514213,35,3,0,32,41
2020-09-21,US,South Carolina,Greenwood,2145,71,0,34.15272415,-82.12715789,45047.0,3029.1903800257023,3.3100233100233103,2074,2144,71,0,2073,2138,70741,1,0,0,1,6
2020-09-21,US,South Carolina,Hampton,610,26,0,32.77419582,-81.13845571,45049.0,3173.4470918738953,4.262295081967213,584,606,25,0,581,604,19351,4,1,0,3,2
2020-09-21,US,South Carolina,Horry,10116,195,0,33.9212828,-78.99555293,45051.0,2856.9734043905214,1.9276393831553973,9921,10098,195,0,9903,10084,344147,18,0,0,18,14
2020-09-21,US,South Carolina,Jasper,779,19,0,32.43171982,-81.02487495,45053.0,2590.3634489409105,2.4390243902439024,760,775,19,0,756,770,28971,4,0,0,4,5
2020-09-21,US,South Carolina,Kershaw,1864,36,0,34.33988254,-80.58763164,45055.0,2800.859491217262,1.931330472103004,1828,1855,36,0,1819,1853,65592,9,0,0,9,2
2020-09-21,US,South Carolina,Lancaster,2059,47,0,34.68270843,-80.70513032,45057.0,2100.763171856507,2.282661486158329,2012,2039,46,0,1993,2034,95380,20,1,0,19,5
2020-09-21,US,South Carolina,Laurens,1611,54,0,34.48244419,-82.00490796,45059.0,2386.914198509475,3.35195530726257,1557,1608,54,0,1554,1603,66994,3,0,0,3,5
2020-09-21,US,South Carolina,Lee,699,34,0,34.16393091,-80.25690731,45061.0,4153.7913002139285,4.8640915593705305,665,697,34,0,663,696,17142,2,0,0,2,1
2020-09-21,US,South Carolina,Lexington,6767,156,0,33.89665987,-81.27146426,45063.0,2265.10460251046,2.3053051573814103,6611,6737,154,0,6583,6714,295032,30,2,0,28,23
2020-09-21,US,South Carolina,Marion,835,22,0,34.07859748,-79.36400756,45067.0,2723.6846397233912,2.634730538922156,813,822,22,0,800,820,31039,13,0,0,13,2
2020-09-21,US,South Carolina,Marlboro,898,11,0,34.59905577,-79.67561152,45069.0,3438.241825560916,1.2249443207126949,887,895,11,0,884,892,26398,3,0,0,3,3
2020-09-21,US,South Carolina,McCormick,202,6,0,33.90161443,-82.30794338,45065.0,2134.6296100602344,2.9702970297029703,196,201,6,0,195,195,9410,1,0,0,1,6
2020-09-21,US,South Carolina,Newberry,1180,22,0,34.28629098,-81.59935761,45071.0,3069.719042663892,1.8644067796610169,1158,1173,22,0,1151,1170,38520,7,0,0,7,3
2020-09-21,US,South Carolina,Oconee,1344,27,0,34.75225169,-83.06742317,45073.0,1689.5884142508735,2.008928571428572,1317,1336,27,0,1309,1329,78374,8,0,0,8,7
2020-09-21,US,South Carolina,Orangeburg,3041,121,0,33.4391073,-80.79886287,45075.0,3528.865680301712,3.9789542913515286,2920,3036,121,0,2915,3031,86934,5,0,0,5,5
2020-09-21,US,South Carolina,Pickens,2750,42,0,34.88807695,-82.72791551,45077.0,2167.333942813909,1.5272727272727271,2708,2743,42,0,2701,2720,124937,7,0,0,7,23
2020-09-21,US,South Carolina,Richland,14479,226,0,34.01791263,-80.90267209,45079.0,3482.5463790320837,1.5608812763312383,14253,14434,225,0,14209,14349,414576,45,1,0,44,85
2020-09-21,US,South Carolina,Saluda,669,20,0,34.00795823,-81.72713237,45081.0,3267.718458457481,2.989536621823617,649,669,20,0,649,670,20544,0,0,0,0,-1
2020-09-21,US,South Carolina,Spartanburg,6361,189,0,34.92960077,-81.99225984,45083.0,1989.148959457136,2.971230938531677,6172,6354,189,0,6165,6352,313888,7,0,0,7,2
2020-09-21,US,South Carolina,Sumter,3130,77,0,33.91826534,-80.37942316,45085.0,2932.8810637081733,2.4600638977635785,3053,3122,77,0,3045,3118,106512,8,0,0,8,4
2020-09-21,US,South Carolina,Union,534,11,0,34.68835752,-81.61730349,45087.0,1954.8982281446768,2.059925093632959,523,534,11,0,523,534,27410,0,0,0,0,0
2020-09-21,US,South Carolina,Williamsburg,1307,42,0,33.62190129,-79.72767442,45089.0,4303.872497365648,3.213465952563121,1265,1303,42,0,1261,1302,30606,4,0,0,4,1
2020-09-21,US,South Carolina,York,5123,66,0,34.97281497,-81.18085944,45091.0,1823.2679310553456,1.2883076322467304,5057,5103,66,0,5037,5096,274118,20,0,0,20,7
2020-09-21,US,South Dakota,Aurora,44,0,0,43.71757685,-98.56050467,46003.0,1599.4183933115232,0.0,44,44,0,0,44,44,2801,0,0,0,0,0
2020-09-21,US,South Dakota,Beadle,703,9,0,44.41464384,-98.27858469,46005.0,3809.678643039072,1.2802275960170697,694,701,9,0,692,696,18883,2,0,0,2,5
2020-09-21,US,South Dakota,Bennett,62,1,0,43.19486375,-101.6665572,46007.0,1842.496285289748,1.6129032258064515,61,63,1,0,62,63,3468,-1,0,0,-1,0
2020-09-21,US,South Dakota,Bon Homme,76,1,0,42.98914167,-97.88592746,46009.0,1101.2896681640343,1.3157894736842106,75,75,1,0,74,75,6980,1,0,0,1,0
2020-09-21,US,South Dakota,Brookings,680,2,0,44.36974375,-96.79079945,46011.0,1938.5922399292983,0.29411764705882354,678,665,2,0,663,658,35232,15,0,0,15,7
2020-09-21,US,South Dakota,Brown,1031,3,0,45.58994323,-98.35165355,46013.0,2654.5482633435463,0.2909796314258002,1028,1027,3,0,1024,1017,39316,4,0,0,4,10
2020-09-21,US,South Dakota,Brule,93,0,0,43.71756379,-99.08118954,46015.0,1755.710779686615,0.0,93,93,0,0,93,92,5229,0,0,0,0,1
2020-09-21,US,South Dakota,Buffalo,118,3,0,44.07657829,-99.20814467,46017.0,6014.271151885831,2.5423728813559316,115,118,3,0,115,117,2036,0,0,0,0,1
2020-09-21,US,South Dakota,Butte,75,1,0,44.90608745,-103.5079318,46019.0,719.1485281426791,1.3333333333333333,74,75,1,0,74,74,10222,0,0,0,0,1
2020-09-21,US,South Dakota,Campbell,12,0,0,45.77074915,-100.0510181,46021.0,872.0930232558139,0.0,12,11,0,0,11,10,1377,1,0,0,1,1
2020-09-21,US,South Dakota,Charles Mix,143,0,0,43.20660134,-98.58856175,46023.0,1538.958243650452,0.0,143,140,0,0,140,139,9338,3,0,0,3,1
2020-09-21,US,South Dakota,Clark,32,0,0,44.85834507,-97.72925109,46025.0,856.5310492505354,0.0,32,32,0,0,32,32,3739,0,0,0,0,0
2020-09-21,US,South Dakota,Clay,537,5,0,42.91296147,-96.97656917,46027.0,3816.631130063966,0.931098696461825,532,535,5,0,530,531,14041,2,0,0,2,4
2020-09-21,US,South Dakota,Codington,719,3,0,44.97788119,-97.18827677,46029.0,2567.032025420401,0.4172461752433936,716,706,3,0,703,682,28015,13,0,0,13,24
2020-09-21,US,South Dakota,Corson,84,1,0,45.70889983,-101.1970473,46031.0,2055.800293685756,1.1904761904761905,83,81,1,0,80,81,4165,3,0,0,3,0
2020-09-21,US,South Dakota,Custer,172,2,0,43.67741105,-103.45345209999999,46033.0,1917.0753455193933,1.162790697674419,170,171,2,0,169,169,8726,1,0,0,1,2
2020-09-21,US,South Dakota,Davison,210,2,0,43.67490933,-98.14458906,46035.0,1061.9469026548672,0.9523809523809524,208,204,2,0,202,200,19790,6,0,0,6,4
2020-09-21,US,South Dakota,Day,61,0,0,45.367281,-97.60737498,46037.0,1124.6312684365782,0.0,61,60,0,0,60,59,5505,1,0,0,1,1
2020-09-21,US,South Dakota,Deuel,76,0,0,44.75994309,-96.66943645,46039.0,1746.7248908296942,0.0,76,75,0,0,75,75,4337,1,0,0,1,0
2020-09-21,US,South Dakota,Dewey,117,0,0,45.15639647,-100.8709139,46041.0,1985.7433808553967,0.0,117,116,0,0,116,115,5904,1,0,0,1,1
2020-09-21,US,South Dakota,Douglas,64,0,0,43.38520741,-98.36978007,46043.0,2191.03046901746,0.0,64,62,0,0,62,57,2935,2,0,0,2,5
2020-09-21,US,South Dakota,Edmunds,81,0,0,45.41846445,-99.21545423,46045.0,2115.4348393836513,0.0,81,81,0,0,81,80,3875,0,0,0,0,1
2020-09-21,US,South Dakota,Fall River,87,3,0,43.23929297,-103.5275691,46047.0,1295.9928496946225,3.4482758620689653,84,87,3,0,84,87,6758,0,0,0,0,0
2020-09-21,US,South Dakota,Faulk,61,1,0,45.07082625,-99.14535601,46049.0,2653.327533710309,1.639344262295082,60,59,1,0,58,58,2330,2,0,0,2,1
2020-09-21,US,South Dakota,Grant,92,1,0,45.1723937,-96.77002276,46051.0,1304.5944412932504,1.0869565217391304,91,90,1,0,89,87,7147,2,0,0,2,3
2020-09-21,US,South Dakota,Gregory,98,1,0,43.19419064,-99.18883902,46053.0,2341.6965352449224,1.020408163265306,97,95,1,0,94,93,4212,3,0,0,3,2
2020-09-21,US,South Dakota,Haakon,18,0,0,44.29299053,-101.539099,46055.0,947.8672985781993,0.0,18,17,0,0,17,17,1918,1,0,0,1,0
2020-09-21,US,South Dakota,Hamlin,80,0,0,44.67385954,-97.18829593,46057.0,1297.8585334198572,0.0,80,80,0,0,80,79,6111,0,0,0,0,1
2020-09-21,US,South Dakota,Hand,26,0,0,44.54708407,-99.00386459,46059.0,814.7916013788782,0.0,26,26,0,0,26,25,3262,0,0,0,0,1
2020-09-21,US,South Dakota,Hanson,30,0,0,43.6746384,-97.78715148,46061.0,868.8097306689833,0.0,30,28,0,0,28,28,3376,2,0,0,2,0
2020-09-21,US,South Dakota,Harding,3,0,0,45.58015551,-103.4958629,46063.0,231.12480739599386,0.0,3,3,0,0,3,3,1249,0,0,0,0,0
2020-09-21,US,South Dakota,Hughes,320,4,0,44.39091534,-99.99661148,46065.0,1825.8587241812165,1.25,316,311,4,0,307,295,17650,9,0,0,9,16
2020-09-21,US,South Dakota,Hutchinson,74,2,0,43.33449012,-97.75536441,46067.0,1014.9499382800714,2.702702702702702,72,73,2,0,71,71,7380,1,0,0,1,2
2020-09-21,US,South Dakota,Hyde,15,0,0,44.54747703,-99.48572582,46069.0,1152.9592621060722,0.0,15,15,0,0,15,15,1282,0,0,0,0,0
2020-09-21,US,South Dakota,Jackson,26,1,0,43.69318385,-101.6255063,46071.0,777.5119617224881,3.8461538461538463,25,25,1,0,24,24,3307,1,0,0,1,1
2020-09-21,US,South Dakota,Jerauld,68,1,0,44.06637798,-98.62965972,46073.0,3378.042722305017,1.4705882352941178,67,68,1,0,67,66,2043,0,0,0,0,2
2020-09-21,US,South Dakota,Jones,7,0,0,43.96278565,-100.6940008,46075.0,775.1937984496125,0.0,7,7,0,0,7,7,928,0,0,0,0,0
2020-09-21,US,South Dakota,Kingsbury,46,0,0,44.36956169,-97.4913945,46077.0,931.3626240129581,0.0,46,43,0,0,43,41,4919,3,0,0,3,2
2020-09-21,US,South Dakota,Lake,172,7,0,44.02193107,-97.12926365,46079.0,1344.0650152379465,4.069767441860465,165,172,7,0,165,169,13057,0,0,0,0,3
2020-09-21,US,South Dakota,Lawrence,334,4,0,44.35919441,-103.79294279999999,46081.0,1292.3696022287572,1.1976047904191616,330,327,4,0,323,321,25741,7,0,0,7,6
2020-09-21,US,South Dakota,Lincoln,1212,2,0,43.27841182,-96.72039050000001,46083.0,1982.724774244209,0.16501650165016502,1210,1204,2,0,1202,1190,58807,8,0,0,8,14
2020-09-21,US,South Dakota,Lyman,112,3,0,43.89522709,-99.85201878,46085.0,2962.179317640836,2.6785714285714284,109,111,3,0,108,110,3821,1,0,0,1,1
2020-09-21,US,South Dakota,Marshall,35,0,0,45.75870838,-97.59855639,46091.0,709.2198581560284,0.0,35,35,0,0,35,33,5112,0,0,0,0,2
2020-09-21,US,South Dakota,McCook,83,1,0,43.6742571,-97.36863144,46087.0,1485.857500895095,1.2048192771084338,82,83,1,0,82,80,5546,0,0,0,0,3
2020-09-21,US,South Dakota,McPherson,27,0,0,45.76626028,-99.22118798,46089.0,1134.9306431273644,0.0,27,27,0,0,27,27,2407,0,0,0,0,0
2020-09-21,US,South Dakota,Meade,462,4,0,44.56676791,-102.71627409999999,46093.0,1630.6649724692927,0.8658008658008658,458,453,4,0,449,444,28294,9,0,0,9,9
2020-09-21,US,South Dakota,Mellette,29,0,0,43.58078848,-100.7563186,46095.0,1407.0839398350315,0.0,29,29,0,0,29,29,2042,0,0,0,0,0
2020-09-21,US,South Dakota,Miner,19,0,0,44.02197882,-97.60992207,46097.0,857.4007220216606,0.0,19,19,0,0,19,19,2213,0,0,0,0,0
2020-09-21,US,South Dakota,Minnehaha,6231,78,0,43.67441641,-96.7910885,46099.0,3226.257417130076,1.2518054886856045,6153,6216,78,0,6138,6170,192876,15,0,0,15,46
2020-09-21,US,South Dakota,Moody,71,0,0,44.02266214,-96.67081159,46101.0,1079.683698296837,0.0,71,70,0,0,70,69,6579,1,0,0,1,1
2020-09-21,US,South Dakota,Oglala Lakota,229,3,0,43.33749164,-102.55554980000001,46102.0,1615.292374973549,1.310043668122271,226,222,3,0,219,219,14309,7,0,0,7,3
2020-09-21,US,South Dakota,Pennington,2004,35,0,44.0025835,-102.8240777,46103.0,1761.3711272247858,1.746506986027944,1969,1984,35,0,1949,1960,111729,20,0,0,20,24
2020-09-21,US,South Dakota,Perkins,30,0,0,45.49049506,-102.47555859999999,46105.0,1047.1204188481674,0.0,30,30,0,0,30,28,2922,0,0,0,0,2
2020-09-21,US,South Dakota,Potter,39,0,0,45.06583079,-99.95498503,46107.0,1811.4259173246635,0.0,39,37,0,0,37,35,2207,2,0,0,2,2
2020-09-21,US,South Dakota,Roberts,163,1,0,45.62975048,-96.94672673,46109.0,1568.21243024822,0.6134969325153374,162,157,1,0,156,148,10447,6,0,0,6,9
2020-09-21,US,South Dakota,Sanborn,20,0,0,44.02351092,-98.09098159999999,46111.0,853.2423208191126,0.0,20,19,0,0,19,18,2429,1,0,0,1,1
2020-09-21,US,South Dakota,Spink,106,0,0,44.93837606,-98.34626602,46115.0,1662.4843161856963,0.0,106,106,0,0,106,102,6495,0,0,0,0,4
2020-09-21,US,South Dakota,Stanley,32,0,0,44.41381872,-100.7349153,46117.0,1032.9244673983214,0.0,32,32,0,0,32,32,3022,0,0,0,0,0
2020-09-21,US,South Dakota,Sully,9,0,0,44.71571812,-100.1278092,46119.0,647.0165348670023,0.0,9,9,0,0,9,9,1392,0,0,0,0,0
2020-09-21,US,South Dakota,Todd,105,5,0,43.19338568,-100.71955030000001,46121.0,1031.7382332711018,4.761904761904762,100,104,5,0,99,104,10283,1,0,0,1,0
2020-09-21,US,South Dakota,Tripp,97,0,0,43.34459388,-99.8854891,46123.0,1782.7605219628745,0.0,97,96,0,0,96,88,5478,1,0,0,1,8
2020-09-21,US,South Dakota,Turner,141,2,0,43.3109081,-97.14865776,46125.0,1681.7748091603053,1.4184397163120568,139,137,2,0,135,135,8424,4,0,0,4,2
2020-09-21,US,South Dakota,Union,357,6,0,42.83112163,-96.6557828,46127.0,2240.7732864674867,1.680672268907563,351,351,6,0,345,349,15619,6,0,0,6,2
2020-09-21,US,South Dakota,Walworth,92,0,0,45.43019636,-100.03075140000001,46129.0,1692.7322907083717,0.0,92,91,0,0,91,89,5587,1,0,0,1,2
2020-09-21,US,South Dakota,Yankton,357,4,0,43.00924485,-97.39467635,46135.0,1564.828614008942,1.1204481792717087,353,353,4,0,349,345,22869,4,0,0,4,8
2020-09-21,US,South Dakota,Ziebach,60,0,0,44.97881876,-101.6654622,46137.0,2177.068214804064,0.0,60,60,0,0,60,60,2742,0,0,0,0,0
2020-09-21,US,Tennessee,Anderson,1133,11,0,36.12684348,-84.19965764,47001.0,1471.8490997427834,0.9708737864077671,1122,1123,11,0,1112,1117,76482,10,0,0,10,6
2020-09-21,US,Tennessee,Bedford,1309,16,0,35.51123746,-86.45549096,47003.0,2633.1140747892905,1.2223071046600458,1293,1305,16,0,1289,1295,49038,4,0,0,4,10
2020-09-21,US,Tennessee,Benton,332,9,0,36.07110411,-88.06849355,47005.0,2054.4554455445545,2.710843373493976,323,332,9,0,323,331,16184,0,0,0,0,1
2020-09-21,US,Tennessee,Bledsoe,845,4,0,35.59942968,-85.20611967,47007.0,5609.399893786511,0.4733727810650887,841,846,4,0,842,844,14755,-1,0,0,-1,2
2020-09-21,US,Tennessee,Blount,2440,23,0,35.68938198,-83.92847788,47009.0,1833.373407069007,0.9426229508196722,2417,2433,23,0,2410,2425,131349,7,0,0,7,8
2020-09-21,US,Tennessee,Bradley,2858,16,0,35.15739424,-84.857186,47011.0,2643.603736934604,0.5598320503848845,2842,2850,16,0,2834,2818,106727,8,0,0,8,32
2020-09-21,US,Tennessee,Campbell,419,3,0,36.40355516,-84.15108559999999,47013.0,1051.6540334320566,0.7159904534606205,416,416,3,0,413,415,39583,3,0,0,3,1
2020-09-21,US,Tennessee,Cannon,276,0,0,35.80990797,-86.05738983,47015.0,1880.3651723668079,0.0,276,275,0,0,275,269,14462,1,0,0,1,6
2020-09-21,US,Tennessee,Carroll,832,17,0,35.97366108,-88.45189331,47017.0,2996.3625886844097,2.043269230769231,815,829,17,0,812,816,28020,3,0,0,3,13
2020-09-21,US,Tennessee,Carter,1126,27,0,36.28969086,-82.12588974,47019.0,1996.7725346243194,2.3978685612788637,1099,1124,27,0,1097,1108,56351,2,0,0,2,16
2020-09-21,US,Tennessee,Cheatham,790,10,0,36.26136216,-87.08903581,47021.0,1942.6070278112475,1.2658227848101269,780,788,10,0,778,784,40439,2,0,0,2,4
2020-09-21,US,Tennessee,Chester,591,9,0,35.42527478,-88.6095842,47023.0,3416.777475862866,1.5228426395939083,582,585,9,0,576,576,17276,6,0,0,6,9
2020-09-21,US,Tennessee,Claiborne,430,4,0,36.48319149,-83.65947309,47025.0,1345.4738884195376,0.9302325581395348,426,425,4,0,421,423,31756,5,0,0,5,2
2020-09-21,US,Tennessee,Clay,210,5,0,36.55151008,-85.53930419,47027.0,2757.715036112935,2.380952380952381,205,187,5,0,182,182,7717,23,0,0,23,5
2020-09-21,US,Tennessee,Cocke,734,9,0,35.9278914,-83.11828725,47029.0,2038.662370847684,1.2261580381471389,725,732,9,0,723,730,35774,2,0,0,2,2
2020-09-21,US,Tennessee,Coffee,1108,12,0,35.49090731,-86.07311784,47031.0,1960.3680113234248,1.083032490974729,1096,1097,12,0,1085,1069,55700,11,0,0,11,28
2020-09-21,US,Tennessee,Crockett,513,19,0,35.81830662,-89.14916269,47033.0,3605.059732958538,3.703703703703704,494,509,19,0,490,497,14328,4,0,0,4,12
2020-09-21,US,Tennessee,Cumberland,1153,17,0,35.95271721,-84.99840585,47035.0,1905.1553205551886,1.4744145706851692,1136,1152,17,0,1135,1143,59673,1,0,0,1,9
2020-09-21,US,Tennessee,Davidson,26017,293,0,36.17007426,-86.78646056,47037.0,3748.0695648165215,1.1261867240650345,25724,25972,289,0,25683,25840,692587,45,4,0,41,132
2020-09-21,US,Tennessee,DeKalb,546,11,0,35.97616272,-85.83689361,47041.0,2664.714494875549,2.0146520146520146,535,544,11,0,533,541,20138,2,0,0,2,3
2020-09-21,US,Tennessee,Decatur,478,6,0,35.60048904,-88.11043779,47039.0,4098.4309354368515,1.2552301255230125,472,470,6,0,464,455,11706,8,0,0,8,15
2020-09-21,US,Tennessee,Dickson,1199,13,0,36.14669837,-87.35891709,47043.0,2222.5105657299623,1.0842368640533775,1186,1193,12,0,1181,1176,53446,6,1,0,5,17
2020-09-21,US,Tennessee,Dyer,1279,12,0,36.05931946,-89.41542855,47045.0,3441.9656072553084,0.9382329945269742,1267,1266,12,0,1254,1253,37320,13,0,0,13,13
2020-09-21,US,Tennessee,Fayette,1143,18,0,35.19615831,-89.41399032,47047.0,2778.790751950988,1.5748031496062993,1125,1139,18,0,1121,1111,40507,4,0,0,4,28
2020-09-21,US,Tennessee,Fentress,436,3,0,36.38128818,-84.92870012,47049.0,2353.830373049722,0.6880733944954128,433,432,3,0,429,422,18217,4,0,0,4,10
2020-09-21,US,Tennessee,Franklin,913,7,0,35.15634626,-86.09201039,47051.0,2163.0970432145564,0.7667031763417306,906,906,7,0,899,875,41890,7,0,0,7,31
2020-09-21,US,Tennessee,Gibson,1538,19,0,35.99438059,-88.93358327,47053.0,3130.279038528077,1.2353706111833551,1519,1523,19,0,1504,1492,49045,15,0,0,15,31
2020-09-21,US,Tennessee,Giles,568,17,0,35.20222469,-87.03992678,47055.0,1927.776269345642,2.992957746478873,551,560,17,0,543,549,29503,8,0,0,8,11
2020-09-21,US,Tennessee,Grainger,350,3,0,36.27469206,-83.51254721,47057.0,1500.857632933105,0.8571428571428571,347,349,2,0,347,346,23145,1,1,0,0,3
2020-09-21,US,Tennessee,Greene,1107,37,0,36.17470125,-82.84691273,47059.0,1602.7450810059506,3.3423667570009035,1070,1106,37,0,1069,1079,69087,1,0,0,1,27
2020-09-21,US,Tennessee,Grundy,249,5,0,35.38433717,-85.72142731,47061.0,1854.4723318686224,2.0080321285140563,244,246,5,0,241,230,13346,3,0,0,3,16
2020-09-21,US,Tennessee,Hamblen,1838,25,0,36.21990035,-83.26586179,47063.0,2830.566421289309,1.3601741022850924,1813,1836,25,0,1811,1831,64569,2,0,0,2,5
2020-09-21,US,Tennessee,Hamilton,9144,89,0,35.17670231,-85.16652245,47065.0,2486.1067307587737,0.97331583552056,9055,9106,88,0,9018,9033,364286,38,1,0,37,73
2020-09-21,US,Tennessee,Hancock,106,3,0,36.52692871,-83.22375847,47067.0,1601.2084592145015,2.830188679245283,103,107,3,0,104,106,6549,-1,0,0,-1,1
2020-09-21,US,Tennessee,Hardeman,1532,25,0,35.20772017,-88.99161161,47069.0,6115.768463073852,1.6318537859007831,1507,1529,25,0,1504,1513,25220,3,0,0,3,16
2020-09-21,US,Tennessee,Hardin,967,14,0,35.19732531,-88.18593755,47071.0,3769.6865741462652,1.4477766287487073,953,967,14,0,953,954,25776,0,0,0,0,13
2020-09-21,US,Tennessee,Hawkins,770,16,0,36.44355426,-82.94885298,47073.0,1355.9680202866905,2.0779220779220777,754,766,16,0,750,747,56530,4,0,0,4,19
2020-09-21,US,Tennessee,Haywood,921,16,0,35.58332824,-89.28536625,47075.0,5322.4687933425785,1.737242128121607,905,918,16,0,902,900,17335,3,0,0,3,18
2020-09-21,US,Tennessee,Henderson,1131,19,0,35.65581134,-88.38600175,47077.0,4022.4775047124517,1.679929266136163,1112,1124,19,0,1105,1101,27847,7,0,0,7,23
2020-09-21,US,Tennessee,Henry,602,9,0,36.33160906,-88.30121797,47079.0,1861.184108826712,1.495016611295681,593,601,9,0,592,594,32358,1,0,0,1,7
2020-09-21,US,Tennessee,Hickman,538,5,0,35.80609681,-87.47643507,47081.0,2136.7860830884106,0.929368029739777,533,530,4,0,526,515,25063,8,1,0,7,15
2020-09-21,US,Tennessee,Houston,186,0,0,36.28872054,-87.71878828,47083.0,2268.016095598097,0.0,186,185,0,0,185,178,8263,1,0,0,1,7
2020-09-21,US,Tennessee,Humphreys,232,3,0,36.03958805,-87.77992872,47085.0,1248.5200731891075,1.293103448275862,229,227,3,0,224,224,18486,5,0,0,5,3
2020-09-21,US,Tennessee,Jackson,305,5,0,36.36380466,-85.67239905,47087.0,2587.816052944171,1.639344262295082,300,305,4,0,301,302,11758,0,1,0,-1,3
2020-09-21,US,Tennessee,Jefferson,1066,14,0,36.04818632,-83.45148924,47089.0,1956.1427653913208,1.3133208255159474,1052,1066,14,0,1052,1051,54012,0,0,0,0,15
2020-09-21,US,Tennessee,Johnson,648,2,0,36.45523950000001,-81.84886538,47091.0,3642.905329435575,0.308641975308642,646,645,2,0,643,635,17778,3,0,0,3,10
2020-09-21,US,Tennessee,Knox,8998,72,0,35.99508821,-83.94635435,47093.0,1913.1939793286606,0.8001778172927317,8926,8923,72,0,8851,8806,465289,75,0,0,75,117
2020-09-21,US,Tennessee,Lake,915,2,0,36.34180170000001,-89.48921915,47095.0,13041.619156214369,0.2185792349726776,913,873,2,0,871,871,7411,42,0,0,42,2
2020-09-21,US,Tennessee,Lauderdale,936,15,0,35.75893438,-89.63015909999999,47097.0,3651.5429329380095,1.6025641025641026,921,937,15,0,922,928,25825,-1,0,0,-1,9
2020-09-21,US,Tennessee,Lawrence,970,11,0,35.21675201,-87.39787695,47099.0,2197.4536722395906,1.134020618556701,959,954,11,0,943,939,43734,16,0,0,16,15
2020-09-21,US,Tennessee,Lewis,177,1,0,35.52853208,-87.49022694,47101.0,1442.7779589175088,0.5649717514124294,176,177,1,0,176,169,12086,0,0,0,0,8
2020-09-21,US,Tennessee,Lincoln,579,1,0,35.13738622,-86.58910106,47103.0,1684.8047488797067,0.17271157167530224,578,578,1,0,577,576,34117,1,0,0,1,2
2020-09-21,US,Tennessee,Loudon,1115,6,0,35.73939663,-84.31145275,47105.0,2062.2179477694754,0.5381165919282511,1109,1112,6,0,1106,1099,53054,3,0,0,3,13
2020-09-21,US,Tennessee,Macon,1020,20,0,36.53157855,-86.00778595,47111.0,4146.004389887001,1.96078431372549,1000,1015,19,0,996,1007,24265,5,1,0,4,8
2020-09-21,US,Tennessee,Madison,2701,56,0,35.61181957,-88.84076036,47113.0,2756.5725016329197,2.073306182895224,2645,2641,56,0,2585,2596,97605,60,0,0,60,45
2020-09-21,US,Tennessee,Marion,500,7,0,35.12997174,-85.62265895,47115.0,1729.684851420071,1.4,493,499,7,0,492,493,28575,1,0,0,1,6
2020-09-21,US,Tennessee,Marshall,717,5,0,35.45798777,-86.76420988,47117.0,2085.818181818182,0.6973500697350071,712,713,5,0,708,698,33683,4,0,0,4,15
2020-09-21,US,Tennessee,Maury,2260,23,0,35.618741299999996,-87.07462444,47119.0,2344.71453619264,1.0176991150442478,2237,2238,23,0,2215,2183,94340,22,0,0,22,55
2020-09-21,US,Tennessee,McMinn,1068,24,0,35.42812616,-84.61520715,47107.0,1985.351526192512,2.247191011235955,1044,1063,24,0,1039,1045,53285,5,0,0,5,18
2020-09-21,US,Tennessee,McNairy,810,16,0,35.17468549,-88.5647812,47109.0,3152.4869619366386,1.9753086419753083,794,807,16,0,791,783,25832,3,0,0,3,24
2020-09-21,US,Tennessee,Meigs,221,3,0,35.51558739,-84.81482914,47121.0,1779.1015939462243,1.3574660633484164,218,220,3,0,217,216,12306,1,0,0,1,4
2020-09-21,US,Tennessee,Monroe,1001,16,0,35.44550387,-84.24902965,47123.0,2150.606939520894,1.5984015984015985,985,995,16,0,979,994,46357,6,0,0,6,1
2020-09-21,US,Tennessee,Montgomery,2962,43,0,36.49609412,-87.38550661,47125.0,1417.27234883465,1.451721809588116,2919,2952,43,0,2909,2922,205950,10,0,0,10,30
2020-09-21,US,Tennessee,Moore,154,1,0,35.27724699,-86.36230578,47127.0,2373.612823674476,0.6493506493506493,153,153,1,0,152,145,6411,1,0,0,1,8
2020-09-21,US,Tennessee,Morgan,305,3,0,36.13248031,-84.64880098,47129.0,1425.0338737560157,0.9836065573770492,302,304,3,0,301,302,21579,1,0,0,1,2
2020-09-21,US,Tennessee,Obion,1088,9,0,36.35732446,-89.14921589,47131.0,3618.3444743756017,0.8272058823529411,1079,1088,9,0,1079,1066,30267,0,0,0,0,22
2020-09-21,US,Tennessee,Out of TN,3013,24,0,0.0,0.0,80047.0,0.0,0.7965482907401261,2989,2944,23,0,2921,2811,,69,1,0,68,133
2020-09-21,US,Tennessee,Overton,680,5,0,36.34117832,-85.28989535,47133.0,3057.416483071804,0.7352941176470589,675,678,4,0,674,673,22068,2,1,0,1,5
2020-09-21,US,Tennessee,Perry,146,0,0,35.63708728,-87.86139634,47135.0,1807.8256562654776,0.0,146,143,0,0,143,140,8064,3,0,0,3,3
2020-09-21,US,Tennessee,Pickett,98,2,0,36.55606529,-85.07763299999998,47137.0,1941.3629160063392,2.0408163265306123,96,96,2,0,94,94,5082,2,0,0,2,2
2020-09-21,US,Tennessee,Polk,378,11,0,35.12245443,-84.52075859,47139.0,2245.722433460076,2.9100529100529102,367,377,11,0,366,375,16898,1,0,0,1,2
2020-09-21,US,Tennessee,Putnam,3070,37,0,36.14005459,-85.50646123,47141.0,3825.7835379151347,1.205211726384365,3033,3061,37,0,3024,3019,78843,9,0,0,9,42
2020-09-21,US,Tennessee,Rhea,781,11,0,35.60536161,-84.93076643,47143.0,2354.7502035155426,1.4084507042253518,770,772,11,0,761,766,33044,9,0,0,9,6
2020-09-21,US,Tennessee,Roane,841,4,0,35.84923189,-84.52458689,47145.0,1575.4374133603092,0.4756242568370987,837,835,4,0,831,828,53140,6,0,0,6,7
2020-09-21,US,Tennessee,Robertson,2172,33,0,36.52454807,-86.87346725,47147.0,3024.522022475039,1.5193370165745856,2139,2162,33,0,2129,2151,71012,10,0,0,10,11
2020-09-21,US,Tennessee,Rutherford,9031,87,0,35.84591405,-86.4107263,47149.0,2717.8476307988626,0.9633484663935332,8944,8986,87,0,8899,8902,324890,45,0,0,45,84
2020-09-21,US,Tennessee,Scott,200,2,0,36.42325673,-84.50360494,47151.0,906.289650172195,1.0,198,200,2,0,198,197,22039,0,0,0,0,3
2020-09-21,US,Tennessee,Sequatchie,223,3,0,35.36979721,-85.41022136,47153.0,1484.094236656462,1.345291479820628,220,222,3,0,219,219,14876,1,0,0,1,3
2020-09-21,US,Tennessee,Sevier,2518,13,0,35.78077323,-83.52244332,47155.0,2562.849872773537,0.5162827640984908,2505,2515,13,0,2502,2500,97892,3,0,0,3,15
2020-09-21,US,Tennessee,Shelby,30155,447,0,35.1864775,-89.89692423,47157.0,3217.679685349233,1.482341236942464,29708,30062,447,0,29615,29800,935764,93,0,0,93,262
2020-09-21,US,Tennessee,Smith,678,10,0,36.25359775,-85.95411046,47159.0,3363.595773180533,1.4749262536873156,668,673,10,0,663,669,19942,5,0,0,5,4
2020-09-21,US,Tennessee,Stewart,175,2,0,36.50235092,-87.83920548,47161.0,1275.9752096244988,1.1428571428571428,173,173,2,0,171,167,13561,2,0,0,2,6
2020-09-21,US,Tennessee,Sullivan,2054,31,0,36.51240691,-82.30412917,47163.0,1297.1430014903885,1.5092502434274586,2023,2051,31,0,2020,2038,157668,3,0,0,3,13
2020-09-21,US,Tennessee,Sumner,4705,93,0,36.46824103,-86.45917204,47165.0,2459.706299043825,1.9766206163655688,4612,4686,93,0,4593,4629,187149,19,0,0,19,57
2020-09-21,US,Tennessee,Tipton,1739,17,0,35.501942,-89.73694895,47167.0,2823.0977775613237,0.97757331799885,1722,1733,17,0,1716,1711,61581,6,0,0,6,22
2020-09-21,US,Tennessee,Trousdale,1651,7,0,36.39026213,-86.16087954,47169.0,14631.336405529952,0.4239854633555421,1644,1651,7,0,1644,1647,11012,0,0,0,0,4
2020-09-21,US,Tennessee,Unassigned,2891,6,0,0.0,0.0,90047.0,0.0,0.20754064337599445,2885,2881,6,0,2875,2803,,10,0,0,10,78
2020-09-21,US,Tennessee,Unicoi,280,1,0,36.10890856,-82.43709629,47171.0,1565.7328188782642,0.35714285714285715,279,277,1,0,276,274,17761,3,0,0,3,3
2020-09-21,US,Tennessee,Union,337,1,0,36.28590426,-83.83651902,47173.0,1687.3623072301223,0.2967359050445104,336,334,1,0,333,331,19688,3,0,0,3,3
2020-09-21,US,Tennessee,Van Buren,153,0,0,35.69864497,-85.45221699,47175.0,2605.5858310626704,0.0,153,153,0,0,153,149,5765,0,0,0,0,4
2020-09-21,US,Tennessee,Warren,1012,7,0,35.672829899999996,-85.77969117,47177.0,2451.7285655449773,0.691699604743083,1005,1007,7,0,1000,997,40878,5,0,0,5,10
2020-09-21,US,Tennessee,Washington,2179,33,0,36.29472368,-82.49454720000001,47179.0,1684.2512077294687,1.5144561725562184,2146,2167,32,0,2135,2123,128607,12,1,0,11,44
2020-09-21,US,Tennessee,Wayne,1480,5,0,35.23868267,-87.78644456,47181.0,8876.626881784921,0.33783783783783783,1475,1479,5,0,1474,1478,16558,1,0,0,1,1
2020-09-21,US,Tennessee,Weakley,1118,19,0,36.29896232,-88.71990865,47183.0,3354.5367258761407,1.699463327370304,1099,1117,19,0,1098,1104,33415,1,0,0,1,13
2020-09-21,US,Tennessee,White,784,9,0,35.92929884,-85.45591799,47185.0,2867.068933991589,1.1479591836734695,775,776,9,0,767,763,27107,8,0,0,8,13
2020-09-21,US,Tennessee,Williamson,5089,36,0,35.89099229,-86.89281867,47187.0,2134.5402077076656,0.7074081351935547,5053,5077,36,0,5041,5030,231729,12,0,0,12,47
2020-09-21,US,Tennessee,Wilson,3373,43,0,36.15496772,-86.29775884,47189.0,2331.722626627125,1.2748295286095463,3330,3358,41,0,3317,3318,140625,15,2,0,13,40
2020-09-21,US,Texas,Anderson,2792,31,0,31.81534745,-95.65354823,48001.0,4835.888109465663,1.1103151862464182,2761,1741,31,0,1710,1741,58057,1051,0,0,1051,0
2020-09-21,US,Texas,Andrews,412,8,0,32.30468633,-102.63765479999999,48003.0,2202.619620422347,1.9417475728155342,404,412,8,0,404,412,18128,0,0,0,0,0
2020-09-21,US,Texas,Angelina,2113,79,0,31.25457347,-94.60901487,48005.0,2436.717984201119,3.7387600567912918,2034,2113,79,0,2034,2113,87092,0,0,0,0,0
2020-09-21,US,Texas,Aransas,319,18,0,28.10556197,-96.9995047,48007.0,1356.8694172692474,5.6426332288401255,301,316,18,0,298,316,23792,3,0,0,3,0
2020-09-21,US,Texas,Archer,69,1,0,33.61569967,-98.68754589,48009.0,806.7344791301297,1.4492753623188406,68,69,1,0,68,69,8786,0,0,0,0,0
2020-09-21,US,Texas,Armstrong,12,1,0,34.96507426,-101.35748740000001,48011.0,635.9300476947536,8.333333333333334,11,12,1,0,11,12,1892,0,0,0,0,0
2020-09-21,US,Texas,Atascosa,1149,30,0,28.89333001,-98.52730485,48013.0,2246.2025687642954,2.610966057441253,1119,627,30,0,597,627,50310,522,0,0,522,0
2020-09-21,US,Texas,Austin,491,9,0,29.88548725,-96.27736949,48015.0,1634.9227490676612,1.8329938900203664,482,491,9,0,482,484,29989,0,0,0,0,7
2020-09-21,US,Texas,Bailey,206,5,0,34.06854817,-102.8299707,48017.0,2942.857142857143,2.4271844660194173,201,206,5,0,201,206,7027,0,0,0,0,0
2020-09-21,US,Texas,Bandera,153,7,0,29.74619598,-99.24598147,48019.0,661.9937694704049,4.575163398692809,146,112,7,0,105,112,22824,41,0,0,41,0
2020-09-21,US,Texas,Bastrop,1789,28,0,30.10370699,-97.31206354,48021.0,2016.3880842622546,1.5651201788708775,1761,1789,28,0,1761,1788,86976,0,0,0,0,1
2020-09-21,US,Texas,Baylor,14,0,0,33.61640794,-99.21352901,48023.0,398.97406668566543,0.0,14,14,0,0,14,14,3582,0,0,0,0,0
2020-09-21,US,Texas,Bee,1834,30,0,28.41761668,-97.74215593,48025.0,5631.813296483955,1.6357688113413305,1804,1813,30,0,1783,1813,32587,21,0,0,21,0
2020-09-21,US,Texas,Bell,5306,79,0,31.03736027,-97.4785025,48027.0,1462.014085593678,1.4888805126272144,5227,5306,79,0,5227,5306,355642,0,0,0,0,0
2020-09-21,US,Texas,Bexar,53443,1248,0,29.44928723,-98.52019748,48029.0,2667.410012407951,2.3351982486013134,52195,53341,1246,0,52095,50760,1986049,102,2,0,100,2581
2020-09-21,US,Texas,Blanco,141,5,0,30.26640707,-98.3999852,48031.0,1181.7953231078702,3.5460992907801416,136,141,5,0,136,141,11702,0,0,0,0,0
2020-09-21,US,Texas,Bosque,294,6,0,31.89978581,-97.63613524,48035.0,1573.4546427615735,2.0408163265306123,288,294,6,0,288,294,18691,0,0,0,0,0
2020-09-21,US,Texas,Bowie,1255,50,0,33.44626922,-94.41834132,48037.0,1345.9166711351813,3.98406374501992,1205,1253,50,0,1203,1244,94324,2,0,0,2,9
2020-09-21,US,Texas,Brazoria,11047,158,0,29.18757369,-95.44563172,48039.0,2951.659790949704,1.4302525572553637,10889,11034,158,0,10876,10976,370200,13,0,0,13,58
2020-09-21,US,Texas,Brazos,6102,62,0,30.663644800000004,-96.30205577,48041.0,2662.1758990624357,1.0160603080957062,6040,6081,62,0,6019,6053,226758,21,0,0,21,28
2020-09-21,US,Texas,Brewster,214,2,0,29.81008251,-103.25203259999999,48043.0,2325.3286971639677,0.9345794392523364,212,214,2,0,212,214,9267,0,0,0,0,0
2020-09-21,US,Texas,Briscoe,12,1,0,34.53026962,-101.2084947,48045.0,776.1966364812421,8.333333333333334,11,12,1,0,11,12,1516,0,0,0,0,0
2020-09-21,US,Texas,Brooks,298,22,0,27.03103197,-98.21808402,48047.0,4201.325250246722,7.3825503355704685,276,298,22,0,276,298,7114,0,0,0,0,0
2020-09-21,US,Texas,Brown,543,21,0,31.77430356,-98.99907113,48049.0,1434.0798647792099,3.867403314917127,522,543,21,0,522,543,37924,0,0,0,0,0
2020-09-21,US,Texas,Burleson,327,6,0,30.49273808,-96.62158484,48051.0,1773.0304180447863,1.834862385321101,321,327,6,0,321,326,18389,0,0,0,0,1
2020-09-21,US,Texas,Burnet,701,12,0,30.78801353,-98.181887,48053.0,1455.7159173502234,1.7118402282453635,689,701,12,0,689,701,47542,0,0,0,0,0
2020-09-21,US,Texas,Caldwell,1488,35,0,29.83668859,-97.61814775,48055.0,3407.841700256505,2.3521505376344085,1453,1488,35,0,1453,1488,43247,0,0,0,0,0
2020-09-21,US,Texas,Calhoun,812,7,0,28.47048236,-96.61633945,48057.0,3813.997181775481,0.8620689655172413,805,626,7,0,619,626,21561,186,0,0,186,0
2020-09-21,US,Texas,Callahan,84,3,0,32.29760619,-99.37326312,48059.0,602.4528437208635,3.571428571428572,81,84,3,0,81,84,13994,0,0,0,0,0
2020-09-21,US,Texas,Cameron,22405,872,0,26.14524221,-97.48140372,48061.0,5294.6500521075795,3.891988395447445,21533,22405,872,0,21533,22405,423908,0,0,0,0,0
2020-09-21,US,Texas,Camp,349,10,0,32.97195142,-94.97790104,48063.0,2665.342905147396,2.8653295128939833,339,349,10,0,339,349,13033,0,0,0,0,0
2020-09-21,US,Texas,Carson,18,0,0,35.40365929,-101.35426690000001,48065.0,303.74620317246035,0.0,18,18,0,0,18,18,6005,0,0,0,0,0
2020-09-21,US,Texas,Cass,322,14,0,33.07499881,-94.34646905,48067.0,1072.4039166056084,4.3478260869565215,308,312,14,0,298,312,30119,10,0,0,10,0
2020-09-21,US,Texas,Castro,249,5,0,34.53016752,-102.2617243,48069.0,3306.772908366534,2.0080321285140563,244,249,5,0,244,249,7665,0,0,0,0,0
2020-09-21,US,Texas,Chambers,1261,8,0,29.70972016,-94.67154501,48071.0,2876.5654584027197,0.6344171292624899,1253,1261,8,0,1253,1255,42454,0,0,0,0,6
2020-09-21,US,Texas,Cherokee,1522,28,0,31.837258000000002,-95.16559897,48073.0,2891.0078638453065,1.8396846254927728,1494,1522,28,0,1494,1522,52592,0,0,0,0,0
2020-09-21,US,Texas,Childress,66,0,0,34.529304100000004,-100.2077916,48075.0,903.367095537914,0.0,66,66,0,0,66,66,7291,0,0,0,0,0
2020-09-21,US,Texas,Clay,76,1,0,33.78686685,-98.20771198,48077.0,725.8141533759907,1.3157894736842106,75,76,1,0,75,76,10456,0,0,0,0,0
2020-09-21,US,Texas,Cochran,48,1,0,33.60425307,-102.82844990000001,48079.0,1682.4395373291272,2.083333333333333,47,48,1,0,47,48,2836,0,0,0,0,0
2020-09-21,US,Texas,Coke,51,3,0,31.88911733,-100.5297533,48081.0,1505.7573073516387,5.882352941176472,48,51,3,0,48,51,3370,0,0,0,0,0
2020-09-21,US,Texas,Coleman,67,3,0,31.76736834,-99.45240766,48083.0,819.5718654434248,4.477611940298506,64,67,3,0,64,67,8397,0,0,0,0,0
2020-09-21,US,Texas,Collin,13011,137,0,33.18820114,-96.57264368,48085.0,1257.429474355629,1.0529551917608178,12874,12966,137,0,12829,12843,1005146,45,0,0,45,123
2020-09-21,US,Texas,Collingsworth,18,0,0,34.96489496,-100.27001109999999,48087.0,616.4383561643834,0.0,18,18,0,0,18,18,2962,0,0,0,0,0
2020-09-21,US,Texas,Colorado,480,4,0,29.622097999999998,-96.5273805,48089.0,2233.285255664635,0.8333333333333334,476,480,4,0,476,478,21217,0,0,0,0,2
2020-09-21,US,Texas,Comal,2606,102,0,29.80811278,-98.27647225,48091.0,1668.2777560831962,3.914044512663085,2504,2606,102,0,2504,2600,148373,0,0,0,0,6
2020-09-21,US,Texas,Comanche,280,3,0,31.94854689,-98.55876441,48093.0,2053.5386872020536,1.0714285714285714,277,280,3,0,277,280,13534,0,0,0,0,0
2020-09-21,US,Texas,Concho,89,2,0,31.32635934,-99.86473038,48095.0,3264.85693323551,2.247191011235955,87,89,2,0,87,89,4276,0,0,0,0,0
2020-09-21,US,Texas,Cooke,395,5,0,33.63979567,-97.21240912,48097.0,957.413287442131,1.2658227848101269,390,395,5,0,390,395,40574,0,0,0,0,0
2020-09-21,US,Texas,Coryell,1795,12,0,31.39078397,-97.79936155,48099.0,2363.365854300799,0.6685236768802229,1783,1792,12,0,1780,1792,74808,3,0,0,3,0
2020-09-21,US,Texas,Cottle,25,2,0,34.07783319,-100.27850620000001,48101.0,1788.26895565093,8.0,23,25,2,0,23,25,1389,0,0,0,0,0
2020-09-21,US,Texas,Crane,71,2,0,31.43052248,-102.5143314,48103.0,1480.091723994163,2.8169014084507036,69,71,2,0,69,71,4794,0,0,0,0,0
2020-09-21,US,Texas,Crockett,164,6,0,30.72367027,-101.4134238,48105.0,4734.411085450346,3.6585365853658534,158,164,6,0,158,164,3499,0,0,0,0,0
2020-09-21,US,Texas,Crosby,86,3,0,33.61431553,-101.30003640000001,48107.0,1499.0413107896113,3.4883720930232562,83,86,3,0,83,86,5779,0,0,0,0,0
2020-09-21,US,Texas,Culberson,51,2,0,31.44506775,-104.5185739,48109.0,2349.1478581298943,3.92156862745098,49,51,2,0,49,51,2204,0,0,0,0,0
2020-09-21,US,Texas,Dallam,232,8,0,36.27787176,-102.60207249999999,48111.0,3183.7518869219157,3.4482758620689653,224,232,8,0,224,232,7200,0,0,0,0,0
2020-09-21,US,Texas,Dallas,78205,1085,0,32.76670599,-96.77796049999999,48113.0,2967.350606105218,1.3873793235726617,77120,77889,1085,0,76804,77118,2637772,316,0,0,316,771
2020-09-21,US,Texas,Dawson,353,9,0,32.74255572,-101.94772420000001,48115.0,2773.4129478315526,2.54957507082153,344,353,9,0,344,353,12619,0,0,0,0,0
2020-09-21,US,Texas,DeWitt,975,33,0,29.08101855,-97.35681170000001,48123.0,4836.309523809524,3.3846153846153846,942,975,33,0,942,975,20187,0,0,0,0,0
2020-09-21,US,Texas,Deaf Smith,855,20,0,34.96522957,-102.6054267,48117.0,4610.158524749272,2.3391812865497075,835,855,20,0,835,855,18760,0,0,0,0,0
2020-09-21,US,Texas,Delta,24,0,0,33.38570922,-95.66921122,48119.0,450.19696117051217,0.0,24,24,0,0,24,24,5349,0,0,0,0,0
2020-09-21,US,Texas,Denton,11607,149,0,33.20521901,-97.11691153,48121.0,1308.262896933861,1.2837081071767038,11458,11501,149,0,11352,11501,859064,106,0,0,106,0
2020-09-21,US,Texas,Dickens,48,2,0,33.61616822,-100.7788855,48125.0,2170.963364993216,4.166666666666667,46,48,2,0,46,48,2249,0,0,0,0,0
2020-09-21,US,Texas,Dimmit,248,7,0,28.42270064,-99.75645095,48127.0,2449.624654286843,2.8225806451612905,241,195,7,0,188,195,10308,53,0,0,53,0
2020-09-21,US,Texas,Donley,59,1,0,34.96517499,-100.8140093,48129.0,1799.8779743746186,1.6949152542372878,58,59,1,0,58,59,3319,0,0,0,0,0
2020-09-21,US,Texas,Duval,418,14,0,27.68184592,-98.50864568,48131.0,3746.526844133728,3.3492822966507183,404,419,14,0,405,419,11212,-1,0,0,-1,0
2020-09-21,US,Texas,Eastland,158,3,0,32.32743996,-98.83243566,48133.0,860.5664488017427,1.8987341772151896,155,158,3,0,155,158,18322,0,0,0,0,0
2020-09-21,US,Texas,Ector,4649,93,0,31.86898877,-102.54294279999999,48135.0,2796.845201927531,2.00043020004302,4556,4601,92,0,4509,4601,162124,48,1,0,47,0
2020-09-21,US,Texas,Edwards,67,1,0,29.98202582,-100.304252,48137.0,3467.9089026915112,1.492537313432836,66,34,1,0,33,34,1928,33,0,0,33,0
2020-09-21,US,Texas,El Paso,22652,505,0,31.76980765,-106.23632749999999,48141.0,2699.115149695319,2.229383718876921,22147,22476,504,0,21972,22329,840758,176,1,0,175,147
2020-09-21,US,Texas,Ellis,4192,66,0,32.34894117,-96.79371841,48139.0,2268.0791663510545,1.5744274809160306,4126,4192,66,0,4126,4192,179436,0,0,0,0,0
2020-09-21,US,Texas,Erath,804,12,0,32.23602653,-98.21773417,48143.0,1882.9921776195608,1.492537313432836,792,804,12,0,792,804,42446,0,0,0,0,0
2020-09-21,US,Texas,Falls,223,5,0,31.25350609,-96.93630086,48145.0,1289.2409088281206,2.242152466367713,218,222,5,0,217,222,17335,1,0,0,1,0
2020-09-21,US,Texas,Fannin,656,14,0,33.59564294,-96.10751083,48147.0,1847.1588669257198,2.1341463414634148,642,656,14,0,642,656,35286,0,0,0,0,0
2020-09-21,US,Texas,Fayette,579,18,0,29.87788372,-96.92076062,48149.0,2284.3841237276097,3.1088082901554404,561,573,18,0,555,573,25349,6,0,0,6,0
2020-09-21,US,Texas,Fisher,64,2,0,32.74281316,-100.40193020000001,48151.0,1671.0182767624021,3.125,62,64,2,0,62,64,3839,0,0,0,0,0
2020-09-21,US,Texas,Floyd,106,9,0,34.07227468,-101.3031546,48153.0,1855.742296918768,8.49056603773585,97,106,9,0,97,106,5837,0,0,0,0,0
2020-09-21,US,Texas,Foard,9,0,0,33.97308618,-99.7767797,48155.0,779.2207792207793,0.0,9,9,0,0,9,9,1200,0,0,0,0,0
2020-09-21,US,Texas,Fort Bend,15814,278,0,29.52704478,-95.77219463,48157.0,1948.2855481416505,1.7579360060705704,15536,15789,278,0,15511,15789,787858,25,0,0,25,0
2020-09-21,US,Texas,Franklin,130,6,0,33.17653242,-95.21917243,48159.0,1212.121212121212,4.615384615384615,124,130,6,0,124,130,10766,0,0,0,0,0
2020-09-21,US,Texas,Freestone,403,2,0,31.70422788,-96.15072516,48161.0,2043.921489070345,0.4962779156327544,401,404,2,0,402,404,19808,-1,0,0,-1,0
2020-09-21,US,Texas,Frio,970,8,0,28.86751206,-99.10804207,48163.0,4776.913227617453,0.8247422680412371,962,671,8,0,663,671,19816,299,0,0,299,0
2020-09-21,US,Texas,Gaines,313,8,0,32.74055318,-102.6353295,48165.0,1456.355853340778,2.5559105431309903,305,313,8,0,305,313,20901,0,0,0,0,0
2020-09-21,US,Texas,Galveston,11450,153,0,29.40167322,-94.90469073,48167.0,3346.5930513621656,1.3362445414847162,11297,11450,153,0,11297,11402,337890,0,0,0,0,48
2020-09-21,US,Texas,Garza,103,4,0,33.17969345,-101.2984114,48169.0,1653.5559479852304,3.8834951456310685,99,103,4,0,99,103,6578,0,0,0,0,0
2020-09-21,US,Texas,Gillespie,309,10,0,30.31824095,-98.94676915,48171.0,1144.9533125833705,3.236245954692557,299,213,10,0,203,213,26804,96,0,0,96,0
2020-09-21,US,Texas,Glasscock,7,0,0,31.86942909,-101.5207776,48173.0,496.8062455642298,0.0,7,7,0,0,7,7,1388,0,0,0,0,0
2020-09-21,US,Texas,Goliad,154,6,0,28.65696592,-97.42760647,48175.0,2010.9689213893967,3.8961038961038965,148,154,6,0,148,154,7584,0,0,0,0,0
2020-09-21,US,Texas,Gonzales,1056,16,0,29.45634206,-97.49424032,48177.0,5067.908048183521,1.5151515151515151,1040,822,16,0,806,822,20826,234,0,0,234,0
2020-09-21,US,Texas,Gray,283,5,0,35.40081878,-100.8129222,48179.0,1293.064059215937,1.7667844522968197,278,283,5,0,278,283,21895,0,0,0,0,0
2020-09-21,US,Texas,Grayson,1791,36,0,33.62744998,-96.67753461,48181.0,1314.8621266848736,2.010050251256281,1755,1791,36,0,1755,1791,133991,0,0,0,0,0
2020-09-21,US,Texas,Gregg,2131,59,0,32.47940482,-94.81591935,48183.0,1719.3109847109604,2.7686532144533085,2072,2131,59,0,2072,2131,123707,0,0,0,0,0
2020-09-21,US,Texas,Grimes,1067,31,0,30.54579585,-95.98902499,48185.0,3694.5983379501386,2.9053420805998127,1036,1067,31,0,1036,1067,28360,0,0,0,0,0
2020-09-21,US,Texas,Guadalupe,3545,76,0,29.58165339,-97.94786822,48187.0,2124.7010734385394,2.143864598025388,3469,1958,76,0,1882,1958,163694,1587,0,0,1587,0
2020-09-21,US,Texas,Hale,1807,53,0,34.07044901,-101.82681140000001,48189.0,5409.207926719751,2.9330381848367457,1754,1797,53,0,1744,1797,33830,10,0,0,10,0
2020-09-21,US,Texas,Hall,24,1,0,34.5307555,-100.68138520000001,48191.0,809.7165991902832,4.166666666666667,23,24,1,0,23,24,3028,0,0,0,0,0
2020-09-21,US,Texas,Hamilton,115,4,0,31.70470573,-98.11083887,48193.0,1359.1774021983215,3.4782608695652173,111,115,4,0,111,115,8484,0,0,0,0,0
2020-09-21,US,Texas,Hansford,111,4,0,36.27743284,-101.3545796,48195.0,2055.936284497129,3.603603603603604,107,111,4,0,107,111,5463,0,0,0,0,0
2020-09-21,US,Texas,Hardeman,24,0,0,34.28944521,-99.74632408,48197.0,610.2212051868803,0.0,24,24,0,0,24,24,3922,0,0,0,0,0
2020-09-21,US,Texas,Hardin,1317,28,0,30.33364686,-94.38931817,48199.0,2286.378945175515,2.1260440394836753,1289,1317,28,0,1289,1317,57207,0,0,0,0,0
2020-09-21,US,Texas,Harris,137946,2505,0,29.85864939,-95.39339521,48201.0,2926.723703542616,1.815927971815058,135441,123817,2504,0,121313,123264,4698619,14129,1,0,14128,553
2020-09-21,US,Texas,Harrison,868,31,0,32.54935988,-94.36934071,48203.0,1304.2237014109055,3.571428571428572,837,865,31,0,834,865,66726,3,0,0,3,0
2020-09-21,US,Texas,Hartley,118,0,0,35.84008013,-102.6029022,48205.0,2116.212338593974,0.0,118,117,0,0,117,117,5619,1,0,0,1,0
2020-09-21,US,Texas,Haskell,62,2,0,33.17823584,-99.73037358,48207.0,1095.7935666313183,3.2258064516129035,60,62,2,0,60,62,5813,0,0,0,0,0
2020-09-21,US,Texas,Hays,5778,60,0,30.05669873,-98.02944344,48209.0,2510.089447458849,1.038421599169263,5718,5736,60,0,5676,5736,222631,42,0,0,42,0
2020-09-21,US,Texas,Hemphill,73,0,0,35.83764858,-100.2703577,48211.0,1911.4951557999482,0.0,73,73,0,0,73,73,3825,0,0,0,0,0
2020-09-21,US,Texas,Henderson,923,23,0,32.21128872,-95.85846587,48213.0,1115.5831127548738,2.4918743228602382,900,923,23,0,900,923,82299,0,0,0,0,0
2020-09-21,US,Texas,Hidalgo,30743,1540,0,26.39418217,-98.18299696,48215.0,3538.9377546169194,5.009270403018574,29203,30577,1510,0,29067,30577,865939,166,30,0,136,0
2020-09-21,US,Texas,Hill,605,13,0,31.99045053,-97.13423143,48217.0,1650.7953832301016,2.1487603305785123,592,605,13,0,592,605,36354,0,0,0,0,0
2020-09-21,US,Texas,Hockley,326,8,0,33.60771256,-102.3431676,48219.0,1416.0983449893577,2.4539877300613497,318,326,8,0,318,326,22980,0,0,0,0,0
2020-09-21,US,Texas,Hood,882,26,0,32.42990927,-97.83242024,48221.0,1430.8193955518066,2.947845804988662,856,882,26,0,856,882,60537,0,0,0,0,0
2020-09-21,US,Texas,Hopkins,325,8,0,33.14875072,-95.56351139,48223.0,876.3887390788481,2.4615384615384617,317,322,8,0,314,322,36810,3,0,0,3,0
2020-09-21,US,Texas,Houston,364,10,0,31.31925973,-95.42226208,48225.0,1584.813653779171,2.7472527472527477,354,361,10,0,351,361,23169,3,0,0,3,0
2020-09-21,US,Texas,Howard,620,12,0,32.30621324,-101.4356444,48227.0,1691.032075060005,1.935483870967742,608,619,12,0,607,619,36459,1,0,0,1,0
2020-09-21,US,Texas,Hudspeth,45,3,0,31.45628381,-105.388178,48229.0,920.9987720016372,6.666666666666668,42,45,3,0,42,45,4795,0,0,0,0,0
2020-09-21,US,Texas,Hunt,1557,35,0,33.12351514,-96.08551032,48231.0,1579.2036026533053,2.24791265253693,1522,1557,35,0,1522,1557,96493,0,0,0,0,0
2020-09-21,US,Texas,Hutchinson,192,3,0,35.84006574,-101.3546643,48233.0,916.9930270321904,1.5625,189,192,3,0,189,192,21198,0,0,0,0,0
2020-09-21,US,Texas,Irion,10,0,0,31.30375559,-100.982439,48235.0,651.0416666666666,0.0,10,10,0,0,10,10,1522,0,0,0,0,0
2020-09-21,US,Texas,Jack,131,2,0,33.23377248,-98.17283469,48237.0,1466.1443760492443,1.5267175572519085,129,131,2,0,129,131,8843,0,0,0,0,0
2020-09-21,US,Texas,Jackson,604,15,0,28.95472367,-96.57749563,48239.0,4092.140921409213,2.4834437086092715,589,527,15,0,512,527,14874,77,0,0,77,0
2020-09-21,US,Texas,Jasper,459,25,0,30.74685667,-94.02667579,48241.0,1291.9023895972305,5.446623093681917,434,459,25,0,434,459,35872,0,0,0,0,0
2020-09-21,US,Texas,Jeff Davis,14,0,0,30.71490589,-104.1399973,48243.0,615.6552330694811,0.0,14,14,0,0,14,14,2252,0,0,0,0,0
2020-09-21,US,Texas,Jefferson,7182,128,0,29.8832777,-94.16434171,48245.0,2854.928149782362,1.7822333611807295,7054,7182,128,0,7054,7152,255001,0,0,0,0,30
2020-09-21,US,Texas,Jim Hogg,102,3,0,27.04453923,-98.69681870000001,48247.0,1961.5384615384608,2.9411764705882355,99,102,3,0,99,102,5248,0,0,0,0,0
2020-09-21,US,Texas,Jim Wells,1433,32,0,27.73103938,-98.0904705,48249.0,3539.844869324639,2.233077459874389,1401,1421,32,0,1389,1420,40822,12,0,0,12,1
2020-09-21,US,Texas,Johnson,2795,49,0,32.37877812,-97.36615819,48251.0,1589.7211304936386,1.7531305903398926,2746,2795,49,0,2746,2795,171361,0,0,0,0,0
2020-09-21,US,Texas,Jones,584,0,0,32.73997145,-99.87861576,48253.0,2907.93208186028,0.0,584,584,0,0,584,584,19817,0,0,0,0,0
2020-09-21,US,Texas,Karnes,935,16,0,28.90705334,-97.85960149,48255.0,5993.205563745913,1.711229946524064,919,754,16,0,738,754,15650,181,0,0,181,0
2020-09-21,US,Texas,Kaufman,3018,47,0,32.599141700000004,-96.28734728,48257.0,2216.607664850096,1.5573227302849568,2971,3018,47,0,2971,3018,128622,0,0,0,0,0
2020-09-21,US,Texas,Kendall,330,7,0,29.94414155,-98.7113588,48259.0,695.747506904767,2.121212121212121,323,202,7,0,195,202,45641,128,0,0,128,0
2020-09-21,US,Texas,Kenedy,7,1,0,26.92601662,-97.66413984,48261.0,1732.6732673267327,14.285714285714285,6,7,1,0,6,7,442,0,0,0,0,0
2020-09-21,US,Texas,Kent,8,0,0,33.18104136,-100.7780939,48263.0,1049.8687664041997,0.0,8,8,0,0,8,8,726,0,0,0,0,0
2020-09-21,US,Texas,Kerr,586,10,0,30.06040006,-99.34930144,48265.0,1114.0684410646388,1.706484641638225,576,444,10,0,434,444,52405,142,0,0,142,0
2020-09-21,US,Texas,Kimble,16,1,0,30.48678918,-99.74856473,48267.0,368.9186073322573,6.25,15,16,1,0,15,16,4362,0,0,0,0,0
2020-09-21,US,Texas,Kinney,44,1,0,29.34967888,-100.41866379999999,48271.0,1199.890919007363,2.272727272727273,43,25,1,0,24,25,3767,19,0,0,19,0
2020-09-21,US,Texas,Kleberg,992,41,0,27.42435506,-97.69894948,48273.0,3233.376792698826,4.133064516129032,951,992,41,0,951,983,31129,0,0,0,0,9
2020-09-21,US,Texas,Knox,68,8,0,33.60519951,-99.74229059999999,48275.0,1855.8951965065505,11.764705882352944,60,68,8,0,60,68,3653,0,0,0,0,0
2020-09-21,US,Texas,La Salle,359,11,0,28.34453111,-99.09908775,48283.0,4773.936170212766,3.064066852367688,348,360,11,0,349,360,7531,-1,0,0,-1,0
2020-09-21,US,Texas,Lamar,1046,31,0,33.66981763,-95.57404777,48277.0,2097.91612346818,2.9636711281070744,1015,1046,31,0,1015,1046,49728,0,0,0,0,0
2020-09-21,US,Texas,Lamb,324,21,0,34.06859623,-102.35162890000001,48279.0,2512.9915458000464,6.481481481481483,303,324,21,0,303,324,13158,0,0,0,0,0
2020-09-21,US,Texas,Lampasas,231,8,0,31.19531316,-98.24206613,48281.0,1078.0287474332652,3.463203463203463,223,231,8,0,223,231,21229,0,0,0,0,0
2020-09-21,US,Texas,Lavaca,964,34,0,29.38508402,-96.93186692,48285.0,4783.1695941252365,3.5269709543568464,930,712,34,0,678,712,20110,252,0,0,252,0
2020-09-21,US,Texas,Lee,217,14,0,30.31120597,-96.97045773,48287.0,1258.7737107720866,6.451612903225807,203,217,14,0,203,217,17144,0,0,0,0,0
2020-09-21,US,Texas,Leon,230,6,0,31.29872538,-95.9936328,48289.0,1321.5352792461506,2.608695652173913,224,229,6,0,223,229,17270,1,0,0,1,0
2020-09-21,US,Texas,Liberty,2242,48,0,30.15152688,-94.81205615,48291.0,2541.4026456885704,2.1409455842997325,2194,2233,48,0,2185,2215,86323,9,0,0,9,18
2020-09-21,US,Texas,Limestone,556,10,0,31.5454767,-96.58095444,48293.0,2372.31727610189,1.7985611510791366,546,555,10,0,545,555,23519,1,0,0,1,0
2020-09-21,US,Texas,Lipscomb,32,0,0,36.27783108,-100.27331509999999,48295.0,989.7927621404268,0.0,32,32,0,0,32,32,3355,0,0,0,0,0
2020-09-21,US,Texas,Live Oak,368,8,0,28.35101362,-98.1246786,48297.0,3014.663717539117,2.1739130434782608,360,368,8,0,360,368,12166,0,0,0,0,0
2020-09-21,US,Texas,Llano,118,2,0,30.70645047,-98.68475262,48299.0,541.4085799495298,1.6949152542372878,116,118,2,0,116,118,21646,0,0,0,0,0
2020-09-21,US,Texas,Lubbock,10455,116,0,33.61008596,-101.82047890000001,48303.0,3366.401669194285,1.1095169775227165,10339,10312,115,0,10197,10237,307412,143,1,0,142,75
2020-09-21,US,Texas,Lynn,93,5,0,33.17657705,-101.8162849,48305.0,1562.762560914132,5.376344086021504,88,93,5,0,88,93,5877,0,0,0,0,0
2020-09-21,US,Texas,Madison,718,6,0,30.96694679,-95.93003775,48313.0,5026.603192383086,0.8356545961002786,712,719,6,0,713,719,14422,-1,0,0,-1,0
2020-09-21,US,Texas,Marion,150,13,0,32.79868409,-94.35661230000001,48315.0,1522.224477369596,8.666666666666666,137,149,13,0,136,149,9928,1,0,0,1,0
2020-09-21,US,Texas,Martin,77,6,0,32.30600051,-101.9513518,48317.0,1334.2574943683935,7.792207792207793,71,77,6,0,71,77,5753,0,0,0,0,0
2020-09-21,US,Texas,Mason,76,2,0,30.71780434,-99.22629416,48319.0,1778.193729527375,2.631578947368421,74,76,2,0,74,76,4280,0,0,0,0,0
2020-09-21,US,Texas,Matagorda,1039,42,0,28.81955746,-96.01230294,48321.0,2835.466528395601,4.042348411934554,997,1036,42,0,994,1022,36552,3,0,0,3,14
2020-09-21,US,Texas,Maverick,3535,112,0,28.7429195,-100.3157686,48323.0,6019.890330710807,3.1683168316831685,3423,3535,112,0,3423,3535,58485,0,0,0,0,0
2020-09-21,US,Texas,McCulloch,139,3,0,31.1925468,-99.34682807,48307.0,1740.9819639278558,2.1582733812949644,136,139,3,0,136,139,7987,0,0,0,0,0
2020-09-21,US,Texas,McLennan,7520,97,0,31.55255453,-97.20217694,48309.0,2930.3686731119187,1.2898936170212767,7423,7487,97,0,7390,7428,254607,33,0,0,33,59
2020-09-21,US,Texas,McMullen,21,0,0,28.35251708,-98.56769164,48311.0,2826.3795423956926,0.0,21,21,0,0,21,21,749,0,0,0,0,0
2020-09-21,US,Texas,Medina,1179,44,0,29.355730100000002,-99.11030298,48325.0,2285.5924317617864,3.731976251060221,1135,1179,44,0,1135,1179,50921,0,0,0,0,0
2020-09-21,US,Texas,Menard,26,0,0,30.88990665,-99.82047940000001,48327.0,1216.0898035547239,0.0,26,26,0,0,26,26,2139,0,0,0,0,0
2020-09-21,US,Texas,Midland,3588,81,0,31.86904128,-102.03156820000001,48329.0,2029.0445168295328,2.25752508361204,3507,3551,81,0,3470,3551,172578,37,0,0,37,0
2020-09-21,US,Texas,Milam,483,5,0,30.78581830000001,-96.97718698,48331.0,1945.776094750836,1.0351966873706004,478,483,5,0,478,479,25131,0,0,0,0,4
2020-09-21,US,Texas,Mills,52,0,0,31.49557106,-98.59272068,48333.0,1067.1044531089678,0.0,52,52,0,0,52,52,4921,0,0,0,0,0
2020-09-21,US,Texas,Mitchell,84,1,0,32.30623474,-100.9212058,48335.0,983.0310122878876,1.1904761904761905,83,84,1,0,83,84,8145,0,0,0,0,0
2020-09-21,US,Texas,Montague,164,3,0,33.67521893,-97.72500958,48337.0,827.5305278030072,1.8292682926829267,161,164,3,0,161,164,19596,0,0,0,0,0
2020-09-21,US,Texas,Montgomery,10666,157,0,30.30079133,-95.50572772,48339.0,1756.0352392445725,1.4719669979373708,10509,10571,157,0,10414,10571,590925,95,0,0,95,0
2020-09-21,US,Texas,Moore,1151,20,0,35.83769242,-101.8930281,48341.0,5496.65711556829,1.737619461337967,1131,1151,20,0,1131,1151,21485,0,0,0,0,0
2020-09-21,US,Texas,Morris,182,3,0,33.11304005,-94.73255695,48343.0,1469.1637068130447,1.6483516483516485,179,182,3,0,179,182,12339,0,0,0,0,0
2020-09-21,US,Texas,Motley,7,0,0,34.07408766,-100.77972199999999,48345.0,583.3333333333334,0.0,7,7,0,0,7,7,1234,0,0,0,0,0
2020-09-21,US,Texas,Nacogdoches,1516,60,0,31.62017125,-94.61803994,48347.0,2325.010735537697,3.9577836411609497,1456,1513,60,0,1453,1513,65711,3,0,0,3,0
2020-09-21,US,Texas,Navarro,1224,26,0,32.04620681,-96.47428766,48349.0,2442.479995210824,2.124183006535948,1198,1224,26,0,1198,1224,49565,0,0,0,0,0
2020-09-21,US,Texas,Newton,172,9,0,30.78548982,-93.74408813,48351.0,1265.1710187568958,5.232558139534883,163,172,9,0,163,172,13746,0,0,0,0,0
2020-09-21,US,Texas,Nolan,208,5,0,32.30365282,-100.4060208,48353.0,1413.6196819355716,2.4038461538461537,203,208,5,0,203,208,14751,0,0,0,0,0
2020-09-21,US,Texas,Nueces,20241,405,0,27.736286,-97.5433285,48355.0,5586.8990377980335,2.0008892841262784,19836,20002,403,0,19599,19986,362265,239,2,0,237,16
2020-09-21,US,Texas,Ochiltree,127,4,0,36.27829105,-100.8158184,48357.0,1291.1752745018302,3.1496062992125986,123,127,4,0,123,127,9947,0,0,0,0,0
2020-09-21,US,Texas,Oldham,15,1,0,35.40425596,-102.6027606,48359.0,710.2272727272727,6.666666666666668,14,15,1,0,14,15,2131,0,0,0,0,0
2020-09-21,US,Texas,Orange,1905,41,0,30.11879481,-93.89412775,48361.0,2284.2822197707324,2.1522309711286094,1864,1905,41,0,1864,1905,83572,0,0,0,0,0
2020-09-21,US,Texas,Palo Pinto,502,15,0,32.75310985,-98.31319001,48363.0,1719.8259618349375,2.98804780876494,487,502,15,0,487,502,28875,0,0,0,0,0
2020-09-21,US,Texas,Panola,369,25,0,32.163959600000005,-94.30552481,48365.0,1590.9286884539106,6.7750677506775085,344,367,25,0,342,367,23148,2,0,0,2,0
2020-09-21,US,Texas,Parker,1822,30,0,32.77757172,-97.80500621,48367.0,1275.2138187824578,1.6465422612513718,1792,1822,30,0,1792,1822,138371,0,0,0,0,0
2020-09-21,US,Texas,Parmer,415,7,0,34.52993409,-102.78446679999999,48369.0,4320.666319625195,1.686746987951807,408,415,7,0,408,415,9864,0,0,0,0,0
2020-09-21,US,Texas,Pecos,357,5,0,30.78097267,-102.72412609999999,48371.0,2256.2093155533084,1.4005602240896358,352,357,5,0,352,357,15673,0,0,0,0,0
2020-09-21,US,Texas,Polk,828,22,0,30.79472531,-94.82766240000001,48373.0,1612.3692870913092,2.6570048309178738,806,828,22,0,806,828,50031,0,0,0,0,0
2020-09-21,US,Texas,Potter,4558,61,0,35.40133773,-101.893964,48375.0,3881.957160499084,1.338306274681878,4497,4517,61,0,4456,4517,119648,41,0,0,41,0
2020-09-21,US,Texas,Presidio,96,5,0,29.99954402,-104.24080790000001,48377.0,1431.980906921241,5.208333333333333,91,96,5,0,91,96,6948,0,0,0,0,0
2020-09-21,US,Texas,Rains,65,3,0,32.87109387,-95.79232691,48379.0,519.4182515582547,4.615384615384615,62,65,3,0,62,65,12159,0,0,0,0,0
2020-09-21,US,Texas,Randall,2612,37,0,34.96585996,-101.8971322,48381.0,1896.6982056886425,1.4165390505359878,2575,2612,37,0,2575,2612,136271,0,0,0,0,0
2020-09-21,US,Texas,Reagan,87,6,0,31.36607041,-101.52326590000001,48383.0,2260.327357755261,6.896551724137932,81,87,6,0,81,87,3741,0,0,0,0,0
2020-09-21,US,Texas,Real,117,7,0,29.83321503,-99.82018052,48385.0,3389.339513325609,5.982905982905983,110,105,7,0,98,105,3478,12,0,0,12,0
2020-09-21,US,Texas,Red River,159,14,0,33.61886692,-95.04841765,48387.0,1322.4652748897945,8.805031446540882,145,159,14,0,145,158,12175,0,0,0,0,1
2020-09-21,US,Texas,Reeves,188,6,0,31.32323325,-103.69038959999999,48389.0,1176.7651477215825,3.191489361702128,182,188,6,0,182,188,15695,0,0,0,0,0
2020-09-21,US,Texas,Refugio,303,13,0,28.323897600000002,-97.15766311,48391.0,4360.967184801381,4.29042904290429,290,303,13,0,290,302,7032,0,0,0,0,1
2020-09-21,US,Texas,Roberts,9,0,0,35.83809685,-100.813175,48393.0,1053.864168618267,0.0,9,9,0,0,9,9,903,0,0,0,0,0
2020-09-21,US,Texas,Robertson,292,4,0,31.02539637,-96.51272246,48395.0,1710.2026472999885,1.3698630136986298,288,292,4,0,288,292,17284,0,0,0,0,0
2020-09-21,US,Texas,Rockwall,1543,25,0,32.89779518,-96.40771592,48397.0,1470.7143878377735,1.6202203499675956,1518,1543,25,0,1518,1543,100657,0,0,0,0,0
2020-09-21,US,Texas,Runnels,244,5,0,31.8314342,-99.97616148,48399.0,2377.240841777085,2.0491803278688523,239,244,5,0,239,244,10234,0,0,0,0,0
2020-09-21,US,Texas,Rusk,883,7,0,32.10773545,-94.76176432,48401.0,1622.982759254494,0.7927519818799547,876,878,7,0,871,877,54450,5,0,0,5,1
2020-09-21,US,Texas,Sabine,77,8,0,31.34318809,-93.85440451,48403.0,730.4116865869853,10.389610389610391,69,77,8,0,69,77,10589,0,0,0,0,0
2020-09-21,US,Texas,San Augustine,199,15,0,31.39457611,-94.17000399,48405.0,2415.928129173243,7.537688442211055,184,199,15,0,184,199,8232,0,0,0,0,0
2020-09-21,US,Texas,San Jacinto,225,9,0,30.57933681,-95.16260304,48407.0,779.6527946221283,4.0,216,224,9,0,215,224,28719,1,0,0,1,0
2020-09-21,US,Texas,San Patricio,1415,72,0,28.00880118,-97.51763891,48409.0,2120.4855387381986,5.088339222614841,1343,1415,72,0,1343,1415,66893,0,0,0,0,0
2020-09-21,US,Texas,San Saba,52,0,0,31.1577796,-98.81758731,48411.0,858.7943848059455,0.0,52,52,0,0,52,52,6054,0,0,0,0,0
2020-09-21,US,Texas,Schleicher,52,2,0,30.89740592,-100.5384842,48413.0,1861.7973505191546,3.8461538461538463,50,52,2,0,50,52,2895,0,0,0,0,0
2020-09-21,US,Texas,Scurry,610,2,0,32.74613808,-100.91626640000001,48415.0,3652.038555948033,0.3278688524590164,608,610,2,0,608,610,16866,0,0,0,0,0
2020-09-21,US,Texas,Shackelford,24,0,0,32.73587756,-99.35401337,48417.0,735.0689127105666,0.0,24,24,0,0,24,24,3253,0,0,0,0,0
2020-09-21,US,Texas,Shelby,462,22,0,31.79211404,-94.14550696,48419.0,1827.9654981403808,4.761904761904762,440,462,22,0,440,462,25418,0,0,0,0,0
2020-09-21,US,Texas,Sherman,60,0,0,36.27751473,-101.8933156,48421.0,1985.440105890139,0.0,60,60,0,0,60,60,3079,0,0,0,0,0
2020-09-21,US,Texas,Smith,3620,96,0,32.37474036,-95.27175679999999,48423.0,1555.3101812666755,2.6519337016574585,3524,3620,96,0,3524,3620,230221,0,0,0,0,0
2020-09-21,US,Texas,Somervell,137,5,0,32.22236802,-97.77403489,48425.0,1500.8764241893075,3.6496350364963503,132,137,5,0,132,137,9016,0,0,0,0,0
2020-09-21,US,Texas,Starr,3379,159,0,26.56150059,-98.73892358,48427.0,5227.979515108381,4.705534181710566,3220,3364,159,0,3205,3351,64525,15,0,0,15,13
2020-09-21,US,Texas,Stephens,129,4,0,32.73553157,-98.83631615,48429.0,1377.3222293401666,3.1007751937984502,125,129,4,0,125,129,9433,0,0,0,0,0
2020-09-21,US,Texas,Sterling,4,0,0,31.82781912,-101.05007459999999,48431.0,309.8373353989156,0.0,4,4,0,0,4,4,1311,0,0,0,0,0
2020-09-21,US,Texas,Stonewall,11,1,0,33.17906744,-100.25384009999999,48433.0,814.8148148148148,9.090909090909092,10,11,1,0,10,11,1362,0,0,0,0,0
2020-09-21,US,Texas,Sutton,81,3,0,30.49856623,-100.5382014,48435.0,2145.127118644068,3.703703703703704,78,81,3,0,78,81,3758,0,0,0,0,0
2020-09-21,US,Texas,Swisher,99,3,0,34.53028891,-101.73491740000001,48437.0,1338.3804244964176,3.0303030303030303,96,99,3,0,96,99,7462,0,0,0,0,0
2020-09-21,US,Texas,Tarrant,47231,693,0,32.77143818,-97.29101614,48439.0,2246.4049007973786,1.4672566746416549,46538,46898,693,0,46205,46537,2084931,333,0,0,333,361
2020-09-21,US,Texas,Taylor,1442,49,0,32.30163422,-99.89007449,48441.0,1044.6701537302404,3.3980582524271843,1393,1442,49,0,1393,1437,137640,0,0,0,0,5
2020-09-21,US,Texas,Terrell,3,0,0,30.22429013,-102.0766732,48443.0,386.59793814432993,0.0,3,3,0,0,3,3,823,0,0,0,0,0
2020-09-21,US,Texas,Terry,229,4,0,33.17402785,-102.3354521,48445.0,1856.2049120531733,1.7467248908296944,225,229,4,0,225,229,12287,0,0,0,0,0
2020-09-21,US,Texas,Throckmorton,7,2,0,33.17751417,-99.21226795,48447.0,466.3557628247835,28.57142857142857,5,7,2,0,5,7,1515,0,0,0,0,0
2020-09-21,US,Texas,Titus,1557,28,0,33.21339719,-94.96797273,48449.0,4754.198473282443,1.7983301220295438,1529,1557,28,0,1529,1557,33033,0,0,0,0,0
2020-09-21,US,Texas,Tom Green,3579,62,0,31.40464436,-100.46244300000001,48451.0,3002.51677852349,1.7323274657725622,3517,3561,62,0,3499,3549,118189,18,0,0,18,12
2020-09-21,US,Texas,Travis,28596,415,0,30.33432034,-97.78535620000001,48453.0,2244.665035001264,1.4512519233459225,28181,28441,414,0,28027,28438,1248743,155,1,0,154,3
2020-09-21,US,Texas,Trinity,191,7,0,31.0879489,-95.1367187,48455.0,1303.6652788205586,3.6649214659685865,184,191,7,0,184,191,14740,0,0,0,0,0
2020-09-21,US,Texas,Tyler,210,4,0,30.77031716,-94.37690895,48457.0,968.9922480620157,1.9047619047619049,206,210,4,0,206,210,21696,0,0,0,0,0
2020-09-21,US,Texas,Upshur,374,9,0,32.73706798,-94.93999853,48459.0,895.7440183938878,2.406417112299465,365,375,9,0,366,375,41260,-1,0,0,-1,0
2020-09-21,US,Texas,Upton,23,2,0,31.36868194,-102.0423217,48461.0,628.9308176100631,8.695652173913043,21,23,2,0,21,23,3671,0,0,0,0,0
2020-09-21,US,Texas,Uvalde,755,30,0,29.35739637,-99.76229172,48463.0,2823.379828727421,3.9735099337748334,725,754,30,0,724,751,26846,1,0,0,1,3
2020-09-21,US,Texas,Val Verde,2135,99,0,29.89149232,-101.1525205,48465.0,4354.920958694544,4.637002341920375,2036,2135,99,0,2036,2135,49208,0,0,0,0,0
2020-09-21,US,Texas,Van Zandt,568,18,0,32.56483801,-95.83766469,48467.0,1003.7109029863933,3.1690140845070425,550,568,18,0,550,568,56019,0,0,0,0,0
2020-09-21,US,Texas,Victoria,3996,95,0,28.79780988,-96.96813006,48469.0,4339.516094001129,2.3773773773773774,3901,3996,95,0,3901,3996,92035,0,0,0,0,0
2020-09-21,US,Texas,Walker,3658,55,0,30.73872995,-95.57440968,48471.0,5012.950350139096,1.5035538545653362,3603,3647,55,0,3592,3609,72480,11,0,0,11,38
2020-09-21,US,Texas,Waller,826,12,0,30.01058447,-95.99011759,48473.0,1495.1308692032003,1.452784503631961,814,820,12,0,808,816,53126,6,0,0,6,4
2020-09-21,US,Texas,Ward,120,1,0,31.50999644,-103.09279090000001,48475.0,1000.1666944490747,0.8333333333333334,119,120,1,0,119,120,11720,0,0,0,0,0
2020-09-21,US,Texas,Washington,627,48,0,30.21498498,-96.40946246,48477.0,1747.3942366646231,7.655502392344498,579,625,48,0,577,625,35108,2,0,0,2,0
2020-09-21,US,Texas,Webb,13171,282,0,27.7610369,-99.33237355,48479.0,4760.854792302242,2.1410674967732137,12889,13171,282,0,12889,13128,275910,0,0,0,0,43
2020-09-21,US,Texas,Wharton,1340,50,0,29.27765923,-96.22319248,48481.0,3224.564443161036,3.7313432835820897,1290,1331,50,0,1281,1317,41619,9,0,0,9,14
2020-09-21,US,Texas,Wheeler,46,0,0,35.40114335,-100.26995140000001,48483.0,909.8101265822785,0.0,46,46,0,0,46,46,5191,0,0,0,0,0
2020-09-21,US,Texas,Wichita,1613,20,0,33.98842886,-98.70410340000001,48485.0,1219.8442108447402,1.239925604463732,1593,1613,20,0,1593,1613,132064,0,0,0,0,0
2020-09-21,US,Texas,Wilbarger,131,2,0,34.07945812,-99.24178437,48487.0,1025.9221552196727,1.5267175572519085,129,131,2,0,129,131,12820,0,0,0,0,0
2020-09-21,US,Texas,Willacy,1198,48,0,26.47411727,-97.61535848,48489.0,5609.139432531137,4.006677796327212,1150,1198,48,0,1150,1197,21515,0,0,0,0,1
2020-09-21,US,Texas,Williamson,8458,142,0,30.64655664,-97.60048540000001,48491.0,1432.2217725480102,1.678883896902341,8316,8385,142,0,8243,8385,566719,73,0,0,73,0
2020-09-21,US,Texas,Wilson,879,26,0,29.1732598,-98.08693082,48493.0,1721.1670256510672,2.957906712172924,853,572,26,0,546,572,50224,307,0,0,307,0
2020-09-21,US,Texas,Winkler,111,1,0,31.85008651,-103.04851629999999,48495.0,1385.7677902621722,0.9009009009009008,110,111,1,0,110,111,7720,0,0,0,0,0
2020-09-21,US,Texas,Wise,712,13,0,33.21570665,-97.65460265,48497.0,1017.3754000914496,1.8258426966292132,699,712,13,0,699,712,68305,0,0,0,0,0
2020-09-21,US,Texas,Wood,496,21,0,32.78722382,-95.38236368,48499.0,1089.1763104152485,4.233870967741935,475,496,21,0,475,496,45129,0,0,0,0,0
2020-09-21,US,Texas,Yoakum,201,5,0,33.17320212,-102.82764329999999,48501.0,2306.8977390106743,2.487562189054726,196,201,5,0,196,201,8591,0,0,0,0,0
2020-09-21,US,Texas,Young,266,6,0,33.17659707,-98.68790885,48503.0,1476.9572459744586,2.255639097744361,260,266,6,0,260,266,18045,0,0,0,0,0
2020-09-21,US,Texas,Zapata,326,6,0,27.00156391,-99.16987152,48505.0,2299.174836025108,1.8404907975460123,320,326,6,0,320,326,14190,0,0,0,0,0
2020-09-21,US,Texas,Zavala,341,16,0,28.86617238,-99.76050829,48507.0,2880.067567567568,4.6920821114369495,325,290,16,0,274,290,11983,51,0,0,51,0
2020-09-21,US,Utah,Bear River,3123,11,0,41.52106798,-113.08328159999999,0.0,1671.6804590564084,0.3522254242715338,3112,3097,11,0,3086,3060,,26,0,0,26,37
2020-09-21,US,Utah,Central Utah,610,3,0,39.37231946,-111.5758676,0.0,744.3199843814822,0.4918032786885246,607,600,3,0,597,593,,10,0,0,10,7
2020-09-21,US,Utah,Davis,4711,28,0,40.99001837,-112.1139997,49011.0,1325.2466376543332,0.5943536404160475,4683,4686,28,0,4658,4649,351713,25,0,0,25,37
2020-09-21,US,Utah,Salt Lake,28453,246,0,40.66616532,-111.92160109999999,49035.0,2451.921129712341,0.8645836994341546,28207,28178,245,0,27933,27842,1152633,275,1,0,274,336
2020-09-21,US,Utah,San Juan,690,29,0,37.62762978,-109.80337140000002,49037.0,4507.447086490723,4.202898550724638,661,689,29,0,660,688,15449,1,0,0,1,1
2020-09-21,US,Utah,Southeast Utah,181,1,0,38.99617072,-110.70139579999999,0.0,449.92418404633474,0.5524861878453039,180,178,1,0,177,173,,3,0,0,3,5
2020-09-21,US,Utah,Southwest Utah,4028,30,0,37.85447192,-111.4418764,0.0,1598.1463406892499,0.7447864945382324,3998,4013,30,0,3983,3991,,15,0,0,15,22
2020-09-21,US,Utah,Summit,954,1,0,40.86688146,-110.9535882,49043.0,2263.613714556887,0.10482180293501048,953,950,1,0,949,940,41933,4,0,0,4,10
2020-09-21,US,Utah,Tooele,833,0,0,40.44862644,-113.12957150000001,49045.0,1152.797575388533,0.0,833,825,0,0,825,806,69907,8,0,0,8,19
2020-09-21,US,Utah,TriCounty,231,2,0,40.12491499,-109.5174415,0.0,407.9686340998198,0.8658008658008658,229,228,2,0,226,227,,3,0,0,3,1
2020-09-21,US,Utah,Utah,15828,54,0,40.116672200000004,-111.66576620000001,49049.0,2487.760025776639,0.3411675511751327,15774,15601,54,0,15547,15185,622213,227,0,0,227,416
2020-09-21,US,Utah,Wasatch,707,7,0,40.33110236,-111.1691419,49051.0,2073.861136370303,0.99009900990099,700,703,7,0,696,700,33240,4,0,0,4,3
2020-09-21,US,Utah,Weber-Morgan,4045,29,0,41.27116049,-111.9145117,0.0,1485.2921196899426,0.7169344870210136,4016,4024,29,0,3995,3998,,21,0,0,21,26
2020-09-21,US,Vermont,Addison,83,2,0,44.03217337,-73.14130877,50001.0,225.68453109280253,2.409638554216868,81,83,2,0,81,83,36973,0,0,0,0,0
2020-09-21,US,Vermont,Bennington,109,1,0,43.03519828,-73.09048868,50003.0,307.3019453058923,0.9174311926605504,108,108,1,0,107,108,35631,1,0,0,1,0
2020-09-21,US,Vermont,Caledonia,34,0,0,44.46548598,-72.10314651,50005.0,113.35978394958825,0.0,34,34,0,0,34,34,30302,0,0,0,0,0
2020-09-21,US,Vermont,Chittenden,829,39,0,44.46322849,-73.08359212,50007.0,506.1853529864325,4.704463208685163,790,829,39,0,790,828,164572,0,0,0,0,1
2020-09-21,US,Vermont,Essex,6,0,0,44.72736416,-71.73579864,50009.0,97.35518416355671,0.0,6,6,0,0,6,6,6250,0,0,0,0,0
2020-09-21,US,Vermont,Franklin,123,7,0,44.85627605,-72.91249563,50011.0,248.97777417918306,5.691056910569106,116,123,7,0,116,123,49421,0,0,0,0,0
2020-09-21,US,Vermont,Grand Isle,14,0,0,44.797582399999996,-73.29679772,50013.0,193.503800967519,0.0,14,14,0,0,14,14,7090,0,0,0,0,0
2020-09-21,US,Vermont,Lamoille,57,1,0,44.60353043,-72.64356694,50015.0,224.74568251715164,1.7543859649122806,56,56,1,0,55,53,25300,1,0,0,1,3
2020-09-21,US,Vermont,Orange,24,0,0,44.00470222,-72.37640104,50017.0,83.06797729475288,0.0,24,23,0,0,23,22,28999,1,0,0,1,1
2020-09-21,US,Vermont,Orleans,21,0,0,44.82964024,-72.24562697,50019.0,77.67133927580724,0.0,21,21,0,0,21,21,26907,0,0,0,0,0
2020-09-21,US,Vermont,Rutland,128,1,0,43.57723578,-73.03741676,50021.0,219.96528672818818,0.78125,127,128,1,0,127,128,58672,0,0,0,0,0
2020-09-21,US,Vermont,Unassigned,8,0,0,0.0,0.0,90050.0,0.0,0.0,8,8,0,0,8,8,,0,0,0,0,0
2020-09-21,US,Vermont,Washington,77,2,0,44.27343241,-72.61604978,50023.0,131.8289989556404,2.5974025974025974,75,76,2,0,74,76,58140,1,0,0,1,0
2020-09-21,US,Vermont,Windham,123,3,0,42.986982,-72.71268875,50025.0,291.3173227227512,2.4390243902439024,120,123,3,0,120,123,42756,0,0,0,0,0
2020-09-21,US,Vermont,Windsor,83,2,0,43.58010937,-72.58595157,50027.0,150.73916675747338,2.409638554216868,81,83,2,0,81,83,55286,0,0,0,0,0
2020-09-21,US,Virginia,Accomack,1167,19,0,37.76707161,-75.63234615,51001.0,3611.214259190494,1.6281062553556127,1148,1166,19,0,1147,1166,32412,1,0,0,1,0
2020-09-21,US,Virginia,Albemarle,1199,21,0,38.02080697,-78.55481085,51003.0,1096.6797768224642,1.7514595496246872,1178,1195,21,0,1174,1175,108718,4,0,0,4,20
2020-09-21,US,Virginia,Alexandria,3716,68,0,38.814003,-77.08183073,51510.0,2330.832726999021,1.829924650161464,3648,3696,68,0,3628,3684,160530,20,0,0,20,12
2020-09-21,US,Virginia,Alleghany,77,4,0,37.78636074,-80.00222498,51005.0,518.1695827725438,5.194805194805196,73,78,4,0,74,78,14910,-1,0,0,-1,0
2020-09-21,US,Virginia,Amelia,123,5,0,37.34081025,-77.98584649,51007.0,935.7170026626094,4.0650406504065035,118,123,5,0,118,123,13013,0,0,0,0,0
2020-09-21,US,Virginia,Amherst,374,4,0,37.60308293,-79.14548696,51009.0,1183.3570637557348,1.0695187165775402,370,372,4,0,368,370,31666,2,0,0,2,2
2020-09-21,US,Virginia,Appomattox,208,3,0,37.37569884,-78.81340003,51011.0,1307.2716988247125,1.4423076923076923,205,208,3,0,205,208,15841,0,0,0,0,0
2020-09-21,US,Virginia,Arlington,3851,147,0,38.8767675,-77.10139853,51013.0,1625.9785004348892,3.8171903401713836,3704,3840,146,0,3694,3835,237521,11,1,0,10,5
2020-09-21,US,Virginia,Augusta,469,7,0,38.16404586,-79.12461614,51015.0,620.7152121549009,1.492537313432836,462,462,7,0,455,460,75457,7,0,0,7,2
2020-09-21,US,Virginia,Bath,6,1,0,38.05852573,-79.73912095,51017.0,144.68290330359298,16.666666666666668,5,6,1,0,5,6,4292,0,0,0,0,0
2020-09-21,US,Virginia,Bedford,710,12,0,37.3080028,-79.5281964,51019.0,898.7683076572528,1.6901408450704225,698,705,12,0,693,699,78747,5,0,0,5,6
2020-09-21,US,Virginia,Bland,64,4,0,37.13128068,-81.13599391,51021.0,1019.108280254777,6.25,60,64,4,0,60,64,6293,0,0,0,0,0
2020-09-21,US,Virginia,Botetourt,290,10,0,37.55531756,-79.80982182,51023.0,867.7698315329602,3.4482758620689653,280,290,10,0,280,284,33277,0,0,0,0,6
2020-09-21,US,Virginia,Bristol,176,3,0,36.616302399999995,-82.16359122,51520.0,1049.9940341248061,1.7045454545454546,173,175,3,0,172,175,16482,1,0,0,1,0
2020-09-21,US,Virginia,Brunswick,346,4,0,36.76366949,-77.8593436,51025.0,2131.723245641057,1.1560693641618498,342,346,4,0,342,344,16384,0,0,0,0,2
2020-09-21,US,Virginia,Buchanan,130,2,0,37.26818323,-82.03749726,51027.0,618.9297276709199,1.5384615384615383,128,129,2,0,127,125,21221,1,0,0,1,4
2020-09-21,US,Virginia,Buckingham,676,9,0,37.57242268,-78.52518834,51029.0,3942.150688126895,1.331360946745562,667,676,9,0,667,676,16999,0,0,0,0,0
2020-09-21,US,Virginia,Buena Vista,79,1,0,37.73484642,-79.35296097,51530.0,1219.5121951219512,1.2658227848101269,78,79,1,0,78,79,6237,0,0,0,0,0
2020-09-21,US,Virginia,Campbell,408,4,0,37.20553386,-79.09678609,51031.0,743.3725061492212,0.9803921568627452,404,402,4,0,398,400,54973,6,0,0,6,2
2020-09-21,US,Virginia,Caroline,335,5,0,38.02679129,-77.34901405,51033.0,1090.3173311635476,1.492537313432836,330,330,5,0,325,327,30772,5,0,0,5,3
2020-09-21,US,Virginia,Carroll,481,23,0,36.73066666,-80.73455942,51035.0,1614.5815850424624,4.781704781704781,458,480,23,0,457,474,29636,1,0,0,1,6
2020-09-21,US,Virginia,Charles City,83,5,0,37.35358063,-77.05634116,51036.0,1192.0149360907656,6.024096385542169,78,83,5,0,78,82,6941,0,0,0,0,1
2020-09-21,US,Virginia,Charlotte,100,0,0,37.01909701,-78.66314092,51037.0,841.7508417508417,0.0,100,100,0,0,100,99,11938,0,0,0,0,1
2020-09-21,US,Virginia,Charlottesville,1085,28,0,38.03527919,-78.48569588,51540.0,2295.518977700673,2.5806451612903225,1057,1071,28,0,1043,1048,48117,14,0,0,14,23
2020-09-21,US,Virginia,Chesapeake,4212,68,0,36.67670048,-76.30545744,51550.0,1720.3422713255866,1.6144349477682811,4144,4198,68,0,4130,4184,242634,14,0,0,14,14
2020-09-21,US,Virginia,Chesterfield,5797,91,0,37.37373208,-77.58680140000001,51041.0,1643.1312747660156,1.5697774711057444,5706,5758,91,0,5667,5724,348556,39,0,0,39,34
2020-09-21,US,Virginia,Clarke,93,0,0,39.11271747,-77.99199425,51043.0,636.1584239688077,0.0,93,91,0,0,91,91,14523,2,0,0,2,0
2020-09-21,US,Virginia,Colonial Heights,245,24,0,37.26420587,-77.39609676,51570.0,1410.4778353483014,9.79591836734694,221,244,24,0,220,242,17833,1,0,0,1,2
2020-09-21,US,Virginia,Covington,30,0,0,37.7824656,-79.98631446,51580.0,541.7118093174431,0.0,30,30,0,0,30,30,5460,0,0,0,0,0
2020-09-21,US,Virginia,Craig,28,0,0,37.48133648,-80.21072274,51045.0,545.7025920873124,0.0,28,28,0,0,28,28,5064,0,0,0,0,0
2020-09-21,US,Virginia,Culpeper,1182,16,0,38.48199985,-77.95630870000002,51047.0,2246.9347020245223,1.3536379018612519,1166,1182,16,0,1166,1179,51859,0,0,0,0,3
2020-09-21,US,Virginia,Cumberland,102,1,0,37.51328851,-78.24398086,51049.0,1026.983487716472,0.9803921568627452,101,102,1,0,101,102,9809,0,0,0,0,0
2020-09-21,US,Virginia,Danville,831,25,0,36.58022376,-79.40395668,51590.0,2075.217261012886,3.0084235860409145,806,824,22,0,802,811,40693,7,3,0,4,13
2020-09-21,US,Virginia,Dickenson,89,1,0,37.12560977,-82.35124171,51051.0,621.5951948596172,1.1235955056179776,88,88,1,0,87,87,14523,1,0,0,1,1
2020-09-21,US,Virginia,Dinwiddie,370,11,0,37.07544585,-77.63451754,51053.0,1296.2443946188341,2.972972972972973,359,366,11,0,355,362,28529,4,0,0,4,4
2020-09-21,US,Virginia,Emporia,248,25,0,36.69455571,-77.53406129,51595.0,4638.982416760195,10.080645161290322,223,246,25,0,221,246,5121,2,0,0,2,0
2020-09-21,US,Virginia,Essex,171,2,0,37.93357639,-76.94230311,51057.0,1561.216105176664,1.1695906432748535,169,170,2,0,168,169,10919,1,0,0,1,1
2020-09-21,US,Virginia,Fairfax,20305,581,0,38.83677558,-77.27565836,51059.0,1769.4495665480356,2.8613641960108347,19724,20259,581,0,19678,20155,1150795,46,0,0,46,104
2020-09-21,US,Virginia,Fairfax,20305,581,0,38.83677558,-77.27565836,51059.0,1769.4495665480356,2.8613641960108347,19724,20259,581,0,19678,20155,24574,46,0,0,46,104
2020-09-21,US,Virginia,Fairfax City,134,7,0,38.85157547,-77.29779640000002,51600.0,557.8916690952996,5.223880597014926,127,134,7,0,127,134,24574,0,0,0,0,0
2020-09-21,US,Virginia,Falls Church,68,6,0,38.88485255,-77.17560759,51610.0,465.21173975507963,8.823529411764708,62,68,6,0,62,68,14772,0,0,0,0,0
2020-09-21,US,Virginia,Fauquier,911,22,0,38.73564842,-77.80647472,51061.0,1279.0991547555532,2.4149286498353457,889,908,21,0,887,901,70675,3,1,0,2,7
2020-09-21,US,Virginia,Floyd,193,5,0,36.9302126,-80.36738849,51063.0,1225.4746333100513,2.5906735751295336,188,191,5,0,186,191,15795,2,0,0,2,0
2020-09-21,US,Virginia,Fluvanna,367,9,0,37.84157909,-78.27715475,51065.0,1345.8012467913459,2.4523160762942777,358,366,9,0,357,358,26783,1,0,0,1,8
2020-09-21,US,Virginia,Franklin,194,1,0,36.99536167,-79.88023649,51067.0,346.1689447200313,0.5154639175257731,193,194,1,0,193,194,56195,0,0,0,0,0
2020-09-21,US,Virginia,Franklin,194,1,0,36.99536167,-79.88023649,51067.0,346.1689447200313,0.5154639175257731,193,194,1,0,193,194,8013,0,0,0,0,0
2020-09-21,US,Virginia,Franklin City,387,9,0,36.6831435,-76.93859681,51620.0,4857.537341533827,2.3255813953488373,378,385,9,0,376,385,8013,2,0,0,2,0
2020-09-21,US,Virginia,Frederick,848,11,0,39.20172582,-78.25974949,51069.0,949.4698420162796,1.2971698113207548,837,845,11,0,834,838,88355,3,0,0,3,7
2020-09-21,US,Virginia,Fredericksburg,527,5,0,38.2977863,-77.4922454,51630.0,1814.9882903981265,0.9487666034155596,522,527,5,0,522,525,29144,0,0,0,0,2
2020-09-21,US,Virginia,Galax,408,30,0,36.66601852,-80.91703124,51640.0,6428.233811249409,7.352941176470589,378,407,30,0,377,407,6423,1,0,0,1,0
2020-09-21,US,Virginia,Giles,84,0,0,37.31234791,-80.70636931,51071.0,502.39234449760767,0.0,84,83,0,0,83,83,16844,1,0,0,1,0
2020-09-21,US,Virginia,Gloucester,228,2,0,37.40809042,-76.53524337,51073.0,610.4744564635323,0.8771929824561403,226,228,2,0,226,226,37349,0,0,0,0,2
2020-09-21,US,Virginia,Goochland,257,7,0,37.71714806,-77.90381514,51075.0,1081.9685934408285,2.723735408560312,250,256,7,0,249,255,23244,1,0,0,1,1
2020-09-21,US,Virginia,Grayson,307,10,0,36.65677234,-81.23215889,51077.0,1974.2765273311893,3.2573289902280136,297,294,10,0,284,294,15631,13,0,0,13,0
2020-09-21,US,Virginia,Greene,212,3,0,38.29545894,-78.46525378,51079.0,1069.680609516121,1.4150943396226414,209,212,3,0,209,209,19779,0,0,0,0,3
2020-09-21,US,Virginia,Greensville,769,11,0,36.67878901,-77.56351439,51081.0,6783.697953422725,1.4304291287386215,758,765,11,0,754,764,11627,4,0,0,4,1
2020-09-21,US,Virginia,Halifax,328,6,0,36.76654925,-78.93512622,51083.0,967.2377694553387,1.8292682926829267,322,325,6,0,319,318,34120,3,0,0,3,7
2020-09-21,US,Virginia,Hampton,1782,21,0,37.03513786,-76.35879121,51650.0,1324.8085644190026,1.1784511784511784,1761,1780,21,0,1759,1768,134313,2,0,0,2,12
2020-09-21,US,Virginia,Hanover,1230,36,0,37.7583355,-77.49464673,51085.0,1141.3618395412282,2.9268292682926833,1194,1222,36,0,1186,1212,107239,8,0,0,8,10
2020-09-21,US,Virginia,Harrisonburg,2488,34,0,38.43542574,-78.87536254,51660.0,4692.9228912026565,1.3665594855305463,2454,2458,34,0,2424,2420,54033,30,0,0,30,38
2020-09-21,US,Virginia,Henrico,5295,209,0,37.53460572,-77.39326555,51087.0,1600.577961295939,3.9471199244570343,5086,5269,209,0,5060,5224,329261,26,0,0,26,45
2020-09-21,US,Virginia,Henry,1007,20,0,36.68542395,-79.87634026,51089.0,1991.8112229760468,1.98609731876862,987,1006,20,0,986,996,50953,1,0,0,1,10
2020-09-21,US,Virginia,Highland,6,0,0,38.35799465,-79.56124594,51091.0,273.97260273972597,0.0,6,6,0,0,6,6,2210,0,0,0,0,0
2020-09-21,US,Virginia,Hopewell,383,7,0,37.29186313,-77.29754684,51670.0,1700.0310710639621,1.827676240208877,376,382,7,0,375,381,22596,1,0,0,1,1
2020-09-21,US,Virginia,Isle of Wight,702,17,0,36.90579348,-76.70842863,51093.0,1891.724379530572,2.421652421652422,685,697,17,0,680,695,36953,5,0,0,5,2
2020-09-21,US,Virginia,James City,831,19,0,37.31156958,-76.76950618,51095.0,1085.948015629288,2.2864019253910954,812,828,19,0,809,824,76397,3,0,0,3,4
2020-09-21,US,Virginia,King George,227,4,0,38.26818502,-77.15852768,51099.0,845.8786704426889,1.7621145374449338,223,225,4,0,221,225,26575,2,0,0,2,0
2020-09-21,US,Virginia,King William,151,2,0,37.70965316,-77.09384941,51101.0,880.569162584558,1.3245033112582782,149,151,2,0,149,149,16939,0,0,0,0,2
2020-09-21,US,Virginia,King and Queen,71,1,0,37.71044922,-76.88689628,51097.0,1010.67615658363,1.4084507042253518,70,70,1,0,69,66,7042,1,0,0,1,4
2020-09-21,US,Virginia,Lancaster,140,0,0,37.71889653,-76.46400482,51103.0,1320.3810242384234,0.0,140,135,0,0,135,132,10783,5,0,0,5,3
2020-09-21,US,Virginia,Lee,261,6,0,36.70586667,-83.12606515,51105.0,1114.2893736925244,2.2988505747126435,255,260,6,0,254,258,23541,1,0,0,1,2
2020-09-21,US,Virginia,Lexington,53,1,0,37.78258621,-79.44262866,51678.0,711.791565941445,1.8867924528301887,52,54,1,0,53,51,7136,-1,0,0,-1,3
2020-09-21,US,Virginia,Loudoun,6678,123,0,39.08990083,-77.63481877,51107.0,1614.8455522829825,1.8418688230008984,6555,6656,123,0,6533,6633,406850,22,0,0,22,23
2020-09-21,US,Virginia,Louisa,280,5,0,37.97850256,-77.96274807,51109.0,744.8591418158603,1.7857142857142858,275,280,5,0,275,280,36778,0,0,0,0,0
2020-09-21,US,Virginia,Lunenburg,111,3,0,36.94618528,-78.24133319,51111.0,910.1344703181372,2.702702702702702,108,111,3,0,108,110,12086,0,0,0,0,1
2020-09-21,US,Virginia,Lynchburg,1307,11,0,37.40021399,-79.19888138,51680.0,1590.6435595365592,0.8416220351951033,1296,1292,11,0,1281,1278,82126,15,0,0,15,14
2020-09-21,US,Virginia,Madison,102,3,0,38.41531222,-78.28220331,51113.0,769.1727622351256,2.9411764705882355,99,102,3,0,99,102,13295,0,0,0,0,0
2020-09-21,US,Virginia,Manassas,1890,25,0,38.7464321,-77.48509905,51683.0,4600.219058050383,1.3227513227513228,1865,1889,25,0,1864,1877,41641,1,0,0,1,12
2020-09-21,US,Virginia,Manassas Park,607,7,0,38.77058531,-77.44399307,51685.0,3472.9374070259755,1.1532125205930808,600,605,7,0,598,605,17307,2,0,0,2,0
2020-09-21,US,Virginia,Martinsville,375,15,0,36.68212094,-79.86352771,51690.0,2987.0957463756567,4.0,360,375,15,0,360,375,12902,0,0,0,0,0
2020-09-21,US,Virginia,Mathews,37,0,0,37.44164146,-76.34098896,51115.0,418.83631424043466,0.0,37,37,0,0,37,35,8802,0,0,0,0,2
2020-09-21,US,Virginia,Mecklenburg,669,33,0,36.67882005,-78.36131056,51117.0,2187.203713996142,4.932735426008969,636,664,33,0,631,663,30650,5,0,0,5,1
2020-09-21,US,Virginia,Middlesex,110,9,0,37.63191998,-76.55064617,51119.0,1039.5010395010395,8.181818181818182,101,110,9,0,101,108,10769,0,0,0,0,2
2020-09-21,US,Virginia,Montgomery,1760,4,0,37.17746986,-80.37868691,51121.0,1786.1673517024408,0.2272727272727273,1756,1724,4,0,1720,1679,98985,36,0,0,36,45
2020-09-21,US,Virginia,Nelson,98,1,0,37.78790447,-78.88498513,51125.0,656.3965170797053,1.020408163265306,97,98,1,0,97,98,14836,0,0,0,0,0
2020-09-21,US,Virginia,New Kent,180,2,0,37.50694406,-76.99828634,51127.0,779.5244900610628,1.1111111111111112,178,180,2,0,178,180,22391,0,0,0,0,0
2020-09-21,US,Virginia,Newport News,2681,33,0,37.08166899,-76.51754109,51700.0,1495.8850606779188,1.230883998508019,2648,2674,33,0,2641,2658,178626,7,0,0,7,16
2020-09-21,US,Virginia,Norfolk,4745,68,0,36.89934014,-76.26420872,51710.0,1954.7503110298176,1.4330874604847208,4677,4745,68,0,4677,4723,244076,0,0,0,0,22
2020-09-21,US,Virginia,Northampton,305,31,0,37.34062933,-75.87751591,51131.0,2604.611443210931,10.163934426229508,274,305,31,0,274,305,11735,0,0,0,0,0
2020-09-21,US,Virginia,Northumberland,145,5,0,37.89202088,-76.41949732,51133.0,1198.8424968995453,3.4482758620689653,140,142,5,0,137,141,12147,3,0,0,3,1
2020-09-21,US,Virginia,Norton,33,0,0,36.93357076,-82.62750411,51720.0,828.9374529012813,0.0,33,33,0,0,33,33,3968,0,0,0,0,0
2020-09-21,US,Virginia,Nottoway,249,16,0,37.1435975,-78.05065922,51135.0,1634.7163865546215,6.42570281124498,233,249,16,0,233,247,15420,0,0,0,0,2
2020-09-21,US,Virginia,Orange,315,4,0,38.24530219,-78.01560400000002,51137.0,850.1794823351596,1.2698412698412698,311,312,4,0,308,308,36644,3,0,0,3,4
2020-09-21,US,Virginia,Page,384,29,0,38.61807452,-78.48797204,51139.0,1606.560120492009,7.552083333333332,355,382,29,0,353,380,23933,2,0,0,2,2
2020-09-21,US,Virginia,Patrick,271,24,0,36.680163799999995,-80.2865648,51141.0,1539.0731485688325,8.85608856088561,247,271,24,0,247,269,17673,0,0,0,0,2
2020-09-21,US,Virginia,Petersburg,721,28,0,37.20530399,-77.39368102,51730.0,2300.133988387673,3.8834951456310685,693,718,28,0,690,717,31567,3,0,0,3,1
2020-09-21,US,Virginia,Pittsylvania,959,9,0,36.81980341,-79.39731264,51143.0,1588.9584783112964,0.9384775808133472,950,954,9,0,945,941,60949,5,0,0,5,13
2020-09-21,US,Virginia,Poquoson,76,2,0,37.14259351,-76.35798148,51735.0,619.3464265341048,2.631578947368421,74,76,2,0,74,76,12190,0,0,0,0,0
2020-09-21,US,Virginia,Portsmouth,2525,53,0,36.85914825,-76.35971629,51740.0,2674.844806034026,2.099009900990099,2472,2522,53,0,2469,2518,94632,3,0,0,3,4
2020-09-21,US,Virginia,Powhatan,214,5,0,37.55016038,-77.91267882,51145.0,721.7051126399568,2.336448598130841,209,212,5,0,207,210,29189,2,0,0,2,2
2020-09-21,US,Virginia,Prince Edward,562,12,0,37.22554789,-78.43597949,51147.0,2464.69607929129,2.1352313167259784,550,561,12,0,549,559,22950,1,0,0,1,2
2020-09-21,US,Virginia,Prince George,722,5,0,37.18497668,-77.22922187,51149.0,1882.5124501342789,0.6925207756232687,717,722,5,0,717,721,38082,0,0,0,0,1
2020-09-21,US,Virginia,Prince William,12122,199,0,38.70916224,-77.48713689,51153.0,2577.311915974784,1.6416432931859428,11923,12093,199,0,11894,12027,468011,29,0,0,29,66
2020-09-21,US,Virginia,Pulaski,217,4,0,37.06474963,-80.71229738,51155.0,637.7288623739971,1.8433179723502304,213,214,4,0,210,209,34066,3,0,0,3,5
2020-09-21,US,Virginia,Radford,716,1,0,37.12222899,-80.56027320000003,51750.0,3923.502657679873,0.13966480446927373,715,713,1,0,712,710,18339,3,0,0,3,3
2020-09-21,US,Virginia,Rappahannock,65,2,0,38.68295619,-78.15826963,51157.0,881.9538670284938,3.0769230769230766,63,65,2,0,63,65,7252,0,0,0,0,0
2020-09-21,US,Virginia,Richmond,353,7,0,37.937575,-76.72920628,51159.0,3912.224315637815,1.9830028328611895,346,353,7,0,346,349,9038,0,0,0,0,4
2020-09-21,US,Virginia,Richmond City,4516,56,0,37.53255773,-77.47966921,51760.0,1959.7632314395319,1.2400354295837024,4460,4495,56,0,4439,4468,228783,21,0,0,21,27
2020-09-21,US,Virginia,Roanoke,784,7,0,37.26865804,-80.06396753,51161.0,832.3954727878877,0.8928571428571429,777,786,7,0,779,774,94073,-2,0,0,-2,12
2020-09-21,US,Virginia,Roanoke City,1578,22,0,37.27791025,-79.96189766,51770.0,1591.6403578669197,1.3941698352344742,1556,1577,21,0,1556,1563,99920,1,1,0,0,14
2020-09-21,US,Virginia,Rockbridge,102,2,0,37.81204314,-79.44605905,51163.0,451.8672750631285,1.96078431372549,100,101,2,0,99,98,22752,1,0,0,1,3
2020-09-21,US,Virginia,Rockingham,1380,21,0,38.51006137,-78.87260325,51165.0,1683.9947283643287,1.5217391304347827,1359,1367,21,0,1346,1352,81244,13,0,0,13,15
2020-09-21,US,Virginia,Russell,236,4,0,36.93028320000001,-82.10095486,51167.0,887.6852478748214,1.6949152542372878,232,231,4,0,227,229,26748,5,0,0,5,2
2020-09-21,US,Virginia,Salem,261,4,0,37.2836193,-80.06219455,51775.0,1031.5797794553578,1.5325670498084292,257,261,4,0,257,259,25643,0,0,0,0,2
2020-09-21,US,Virginia,Scott,180,4,0,36.71466456,-82.60171704,51169.0,834.6471297412593,2.2222222222222223,176,180,4,0,176,179,21534,0,0,0,0,1
2020-09-21,US,Virginia,Shenandoah,799,58,0,38.85905135,-78.56813762,51171.0,1831.896551724138,7.259073842302879,741,800,58,0,742,799,43497,-1,0,0,-1,1
2020-09-21,US,Virginia,Smyth,444,8,0,36.84455636,-81.53344948,51173.0,1474.8870581982458,1.8018018018018016,436,421,8,0,413,419,30472,23,0,0,23,2
2020-09-21,US,Virginia,Southampton,575,22,0,36.72231125,-77.10642712,51175.0,3261.3011173501227,3.8260869565217392,553,538,22,0,516,530,17586,37,0,0,37,8
2020-09-21,US,Virginia,Spotsylvania,2088,43,0,38.18574462,-77.655399,51177.0,1532.8708292038325,2.0593869731800765,2045,2082,43,0,2039,2076,134238,6,0,0,6,6
2020-09-21,US,Virginia,Stafford,1951,14,0,38.41758738,-77.45917053,51179.0,1276.1476171164688,0.7175807278318811,1937,1941,14,0,1927,1934,149960,10,0,0,10,7
2020-09-21,US,Virginia,Staunton,243,0,0,38.15965544,-79.05979937,51790.0,974.6510508583348,0.0,243,240,0,0,240,234,24922,3,0,0,3,6
2020-09-21,US,Virginia,Suffolk,1897,71,0,36.70155394,-76.63603554,51800.0,2059.5388022755897,3.742751713231418,1826,1893,71,0,1822,1889,91185,4,0,0,4,4
2020-09-21,US,Virginia,Surry,110,3,0,37.11781893,-76.88450012,51181.0,1712.8620367486765,2.727272727272727,107,109,3,0,106,109,6474,1,0,0,1,0
2020-09-21,US,Virginia,Sussex,404,10,0,36.92432914,-77.25791182,51183.0,3620.39609283986,2.4752475247524752,394,389,10,0,379,388,11237,15,0,0,15,1
2020-09-21,US,Virginia,Tazewell,255,2,0,37.12191123,-81.56685568,51185.0,628.1561768690725,0.7843137254901961,253,253,2,0,251,251,40855,2,0,0,2,2
2020-09-21,US,Virginia,Virginia Beach,6656,79,0,36.73285734,-76.04566934,51810.0,1479.1965758021577,1.1868990384615383,6577,6644,79,0,6565,6620,450189,12,0,0,12,24
2020-09-21,US,Virginia,Warren,413,6,0,38.90847745,-78.20280433,51187.0,1028.2840354546358,1.452784503631961,407,412,6,0,406,412,40003,1,0,0,1,0
2020-09-21,US,Virginia,Washington,539,16,0,36.72341572,-81.95666289,51191.0,1002.9772981019723,2.9684601113172535,523,536,16,0,520,533,54402,3,0,0,3,3
2020-09-21,US,Virginia,Waynesboro,255,3,0,38.06451466,-78.90293905,51820.0,1126.8228015908087,1.1764705882352942,252,253,3,0,250,253,22628,2,0,0,2,0
2020-09-21,US,Virginia,Westmoreland,259,3,0,38.11021557,-76.80213247,51193.0,1437.6908132112128,1.1583011583011582,256,257,3,0,254,255,17830,2,0,0,2,2
2020-09-21,US,Virginia,Williamsburg,175,7,0,37.28131268,-76.70905141,51830.0,1170.2554500468102,4.0,168,175,7,0,168,172,14896,0,0,0,0,3
2020-09-21,US,Virginia,Winchester,489,4,0,39.17054517,-78.17325058,51840.0,1741.577035401382,0.8179959100204499,485,485,4,0,481,482,28108,4,0,0,4,3
2020-09-21,US,Virginia,Wise,390,8,0,36.9746148,-82.62410519,51195.0,1043.2549554610384,2.051282051282051,382,388,8,0,380,388,38012,2,0,0,2,0
2020-09-21,US,Virginia,Wythe,222,3,0,36.91582035,-81.07834059,51197.0,773.9506345000698,1.351351351351351,219,221,3,0,218,220,28754,1,0,0,1,1
2020-09-21,US,Virginia,York,532,6,0,37.24374789,-76.54412815,51199.0,779.1446983011133,1.1278195488721805,526,528,6,0,522,523,67846,4,0,0,4,5
2020-09-21,US,Washington,Adams,808,9,0,46.98299757,-118.56017340000001,53001.0,4043.436921383177,1.113861386138614,799,808,9,0,799,799,19759,0,0,0,0,9
2020-09-21,US,Washington,Asotin,87,2,0,46.18894415,-117.2022851,53003.0,385.26259852980246,2.2988505747126435,85,87,2,0,85,83,22610,0,0,0,0,4
2020-09-21,US,Washington,Benton,4409,127,0,46.23946995,-119.51208340000001,53005.0,2157.1505455257106,2.8804717623043774,4282,4409,127,0,4282,4399,201877,0,0,0,0,10
2020-09-21,US,Washington,Chelan,1834,14,0,47.87046092,-120.6173956,53007.0,2375.647668393782,0.7633587786259542,1820,1834,14,0,1820,1832,77036,0,0,0,0,2
2020-09-21,US,Washington,Clallam,223,1,0,48.04754642,-123.92263190000001,53009.0,288.37076980770973,0.4484304932735426,222,223,1,0,222,221,76737,0,0,0,0,2
2020-09-21,US,Washington,Clark,2576,62,0,45.77568046,-122.48292040000001,53011.0,527.6082918067102,2.4068322981366457,2514,2576,62,0,2514,2563,481857,0,0,0,0,13
2020-09-21,US,Washington,Columbia,14,1,0,46.29442881,-117.9051983,53013.0,351.3174404015057,7.142857142857142,13,14,1,0,13,14,4059,0,0,0,0,0
2020-09-21,US,Washington,Cowlitz,611,6,0,46.19074721,-122.6782231,53015.0,552.4761965042994,0.9819967266775778,605,611,6,0,605,603,108987,0,0,0,0,8
2020-09-21,US,Washington,Douglas,1176,9,0,47.7361335,-119.69293700000001,53017.0,2707.868014460384,0.7653061224489796,1167,1176,9,0,1167,1176,42907,0,0,0,0,0
2020-09-21,US,Washington,Ferry,29,0,0,48.471143100000006,-118.5154041,53019.0,380.22813688212926,0.0,29,29,0,0,29,29,7649,0,0,0,0,0
2020-09-21,US,Washington,Franklin,4187,63,0,46.53351425,-118.9018212,53021.0,4397.093108735377,1.5046572725101504,4124,4187,63,0,4124,4176,94347,0,0,0,0,11
2020-09-21,US,Washington,Garfield,11,0,0,46.43197502,-117.54540320000001,53023.0,494.3820224719101,0.0,11,11,0,0,11,11,2247,0,0,0,0,0
2020-09-21,US,Washington,Grant,2788,19,0,47.20753737,-119.4500749,53025.0,2852.67002957036,0.6814921090387375,2769,2788,19,0,2769,2777,97331,0,0,0,0,11
2020-09-21,US,Washington,Grays Harbor,432,6,0,47.14003705,-123.7820567,53027.0,575.5319007207471,1.3888888888888888,426,432,6,0,426,419,73901,0,0,0,0,13
2020-09-21,US,Washington,Island,292,11,0,48.14713305,-122.5216407,53029.0,342.96050081629295,3.767123287671233,281,292,11,0,281,292,84460,0,0,0,0,0
2020-09-21,US,Washington,Jefferson,71,0,0,47.75003077,-123.56097040000002,53031.0,220.35318581049626,0.0,71,71,0,0,71,71,31729,0,0,0,0,0
2020-09-21,US,Washington,King,21516,757,0,47.49137892,-121.8346131,53033.0,952.2892139585632,3.5183119538947762,20759,21453,751,0,20702,21388,2233163,63,6,0,57,65
2020-09-21,US,Washington,Kitsap,1141,11,0,47.63479026,-122.6436061,53035.0,420.2996246403878,0.9640666082383874,1130,1141,11,0,1130,1137,269805,0,0,0,0,4
2020-09-21,US,Washington,Kittitas,494,22,0,47.12521214,-120.67943899999999,53037.0,1030.5622196724732,4.453441295546559,472,494,22,0,472,494,47364,0,0,0,0,0
2020-09-21,US,Washington,Klickitat,190,3,0,45.87325839,-120.7913598,53039.0,847.2686733556299,1.5789473684210529,187,190,3,0,187,190,22107,0,0,0,0,0
2020-09-21,US,Washington,Lewis,462,4,0,46.57756476,-122.39257690000001,53041.0,572.4410522011723,0.8658008658008658,458,462,4,0,458,455,79604,0,0,0,0,7
2020-09-21,US,Washington,Lincoln,40,1,0,47.57705241,-118.41943880000001,53043.0,365.66413748971564,2.5,39,40,1,0,39,39,10740,0,0,0,0,1
2020-09-21,US,Washington,Mason,371,3,0,47.35007586,-123.1863685,53045.0,555.655403786245,0.8086253369272237,368,371,3,0,368,367,65507,0,0,0,0,4
2020-09-21,US,Washington,Okanogan,1026,10,0,48.54855019,-119.73872240000001,53047.0,2428.804772388325,0.9746588693957114,1016,1026,10,0,1016,1026,42132,0,0,0,0,0
2020-09-21,US,Washington,Pacific,80,3,0,46.55418369,-123.7285716,53049.0,356.01441858395265,3.75,77,80,3,0,77,80,22036,0,0,0,0,0
2020-09-21,US,Washington,Pend Oreille,58,0,0,48.53234021,-117.2741804,53051.0,422.61731273681136,0.0,58,58,0,0,58,58,13602,0,0,0,0,0
2020-09-21,US,Washington,Pierce,7614,192,0,47.03892768,-122.14059579999999,53053.0,834.4935799686183,2.5216706067769903,7422,7552,191,0,7361,7519,891299,62,1,0,61,33
2020-09-21,US,Washington,San Juan,29,0,0,48.60182783,-122.96745,53055.0,164.94141735866228,0.0,29,29,0,0,29,29,17128,0,0,0,0,0
2020-09-21,US,Washington,Skagit,1079,22,0,48.48171488,-121.766131,53057.0,835.1070005030765,2.0389249304911954,1057,1079,22,0,1057,1077,128206,0,0,0,0,2
2020-09-21,US,Washington,Skamania,63,1,0,46.02408726,-121.91644029999999,53059.0,521.3936936191343,1.5873015873015872,62,63,1,0,62,60,11924,0,0,0,0,3
2020-09-21,US,Washington,Snohomish,6697,210,0,48.04615983,-121.7170703,53061.0,814.6379380184239,3.1357324175003733,6487,6697,210,0,6487,6675,814901,0,0,0,0,22
2020-09-21,US,Washington,Spokane,6278,155,0,47.62113146,-117.4046494,53063.0,1189.9433433180693,2.468939152596368,6123,6221,150,0,6071,6175,514631,57,5,0,52,46
2020-09-21,US,Washington,Stevens,147,2,0,48.40035475,-117.8542701,53065.0,321.50121383111343,1.3605442176870748,145,147,2,0,145,146,45260,0,0,0,0,1
2020-09-21,US,Washington,Thurston,1027,17,0,46.9291895,-122.82906559999999,53067.0,353.4845939917945,1.6553067185978578,1010,1027,17,0,1010,1023,286419,0,0,0,0,4
2020-09-21,US,Washington,Unassigned,299,5,0,0.0,0.0,90053.0,0.0,1.6722408026755853,294,299,5,0,294,292,,0,0,0,0,7
2020-09-21,US,Washington,Wahkiakum,6,0,0,46.29180039999999,-123.4250831,53069.0,133.6898395721925,0.0,6,6,0,0,6,6,4426,0,0,0,0,0
2020-09-21,US,Washington,Walla Walla,861,5,0,46.23040051,-118.4775539,53071.0,1417.0506912442395,0.5807200929152149,856,861,5,0,856,858,60922,0,0,0,0,3
2020-09-21,US,Washington,Whatcom,1264,40,0,48.82227976,-121.74900179999999,53073.0,551.3703559915723,3.1645569620253164,1224,1264,40,0,1224,1252,225685,0,0,0,0,12
2020-09-21,US,Washington,Whitman,1157,0,0,46.90022523,-117.52417630000001,53075.0,2309.1968705093404,0.0,1157,1157,0,0,1157,1128,49791,0,0,0,0,29
2020-09-21,US,Washington,Yakima,11283,256,0,46.45738486,-120.73801259999999,53077.0,4497.494748338801,2.2689001152175843,11027,11283,256,0,11027,11260,251446,0,0,0,0,23
2020-09-21,US,West Virginia,Barbour,46,1,0,39.1307219,-80.00350858,54001.0,279.7883340429414,2.1739130434782608,45,44,1,0,43,44,16535,2,0,0,2,0
2020-09-21,US,West Virginia,Berkeley,947,13,0,39.46704621,-78.02414609,54003.0,794.6564180882933,1.372756071805702,934,944,13,0,931,938,117123,3,0,0,3,6
2020-09-21,US,West Virginia,Boone,198,1,0,38.01974191,-81.69888019,54005.0,922.7757841263924,0.5050505050505051,197,197,1,0,196,192,21951,1,0,0,1,5
2020-09-21,US,West Virginia,Braxton,10,0,0,38.70036159,-80.72011184,54007.0,71.64863509350147,0.0,10,10,0,0,10,10,14089,0,0,0,0,0
2020-09-21,US,West Virginia,Brooke,107,1,0,40.27367263,-80.57915332,54009.0,487.7159396508502,0.9345794392523364,106,107,1,0,106,106,22203,0,0,0,0,1
2020-09-21,US,West Virginia,Cabell,724,10,0,38.42424062,-82.23855912,54011.0,787.4272663005057,1.3812154696132597,714,718,10,0,708,712,93224,6,0,0,6,6
2020-09-21,US,West Virginia,Calhoun,24,0,0,38.84315422,-81.11934872,54013.0,337.60022506681673,0.0,24,24,0,0,24,23,7254,0,0,0,0,1
2020-09-21,US,West Virginia,Clay,35,2,0,38.46231092,-81.07652217,54015.0,411.3775270333804,5.7142857142857135,33,35,2,0,33,34,8632,0,0,0,0,1
2020-09-21,US,West Virginia,Doddridge,18,0,0,39.27057157,-80.70671527,54017.0,213.0681818181818,0.0,18,18,0,0,18,18,8406,0,0,0,0,0
2020-09-21,US,West Virginia,Fayette,569,10,0,38.02974928,-81.08286634,54019.0,1341.791255954346,1.7574692442882252,559,564,10,0,554,534,43018,5,0,0,5,30
2020-09-21,US,West Virginia,Gilmer,29,0,0,38.9251277,-80.85952723,54021.0,370.7017768119648,0.0,29,27,0,0,27,21,8026,2,0,0,2,6
2020-09-21,US,West Virginia,Grant,152,7,0,39.10314817,-79.19440518,54023.0,1313.969571230982,4.605263157894737,145,152,7,0,145,150,11626,0,0,0,0,2
2020-09-21,US,West Virginia,Greenbrier,120,3,0,37.9463652,-80.45335881,54025.0,346.2004500605851,2.5,117,120,3,0,117,120,34786,0,0,0,0,0
2020-09-21,US,West Virginia,Hampshire,100,1,0,39.32103553,-78.60826476,54027.0,431.4994606256742,1.0,99,100,1,0,99,100,23347,0,0,0,0,0
2020-09-21,US,West Virginia,Hancock,141,0,0,40.51943859,-80.57461608,54029.0,489.4133981256508,0.0,141,141,0,0,141,141,29094,0,0,0,0,0
2020-09-21,US,West Virginia,Hardy,82,1,0,39.00683177,-78.85855301,54031.0,595.2380952380953,1.2195121951219512,81,81,1,0,80,80,13775,1,0,0,1,1
2020-09-21,US,West Virginia,Harrison,341,7,0,39.2853852,-80.37919577,54033.0,507.0179612227905,2.0527859237536656,334,339,7,0,332,336,67554,2,0,0,2,3
2020-09-21,US,West Virginia,Jackson,247,23,0,38.84263974,-81.68148753,54035.0,864.3617021276596,9.31174089068826,224,247,23,0,224,244,28706,0,0,0,0,3
2020-09-21,US,West Virginia,Jefferson,419,4,0,39.30776166,-77.86014147,54037.0,733.2096734679593,0.9546539379474941,415,419,4,0,415,418,56811,0,0,0,0,1
2020-09-21,US,West Virginia,Kanawha,2317,68,0,38.33860077,-81.52857054,54039.0,1300.7792324448135,2.9348295209322406,2249,2297,67,0,2230,2258,180454,20,1,0,19,39
2020-09-21,US,West Virginia,Lewis,38,2,0,38.9947249,-80.49988181,54041.0,238.888539636638,5.2631578947368425,36,38,2,0,36,38,16024,0,0,0,0,0
2020-09-21,US,West Virginia,Lincoln,156,2,0,38.172154,-82.07017953,54043.0,764.3686608849038,1.2820512820512822,154,155,2,0,153,153,20599,1,0,0,1,2
2020-09-21,US,West Virginia,Logan,582,39,0,37.8299889,-81.93528571,54045.0,1817.6707579874449,6.7010309278350535,543,572,39,0,533,565,32607,10,0,0,10,7
2020-09-21,US,West Virginia,Marion,255,3,0,39.50984542,-80.24244659,54049.0,454.7724354401484,1.1764705882352942,252,254,3,0,251,253,56097,1,0,0,1,1
2020-09-21,US,West Virginia,Marshall,159,1,0,39.86064362,-80.66591062,54051.0,520.7821558416036,0.6289308176100629,158,158,1,0,157,154,30785,1,0,0,1,4
2020-09-21,US,West Virginia,Mason,136,5,0,38.77071799,-82.02524219,54053.0,512.8978729823501,3.6764705882352944,131,136,5,0,131,134,26718,0,0,0,0,2
2020-09-21,US,West Virginia,McDowell,86,1,0,37.38002939,-81.65083669,54047.0,487.9709487063097,1.162790697674419,85,86,1,0,85,86,18223,0,0,0,0,0
2020-09-21,US,West Virginia,Mercer,401,26,0,37.40481169,-81.11023142,54055.0,682.4602607304537,6.4837905236907725,375,399,26,0,373,398,59131,2,0,0,2,1
2020-09-21,US,West Virginia,Mineral,164,4,0,39.41561583,-78.94104895,54057.0,610.391543843978,2.4390243902439024,160,164,4,0,160,163,26940,0,0,0,0,1
2020-09-21,US,West Virginia,Mingo,356,9,0,37.73048351,-82.13338365,54059.0,1519.8087431693991,2.5280898876404496,347,354,9,0,345,353,23785,2,0,0,2,1
2020-09-21,US,West Virginia,Monongalia,1902,5,0,39.63218457,-80.04766838,54061.0,1800.9317123054195,0.2628811777076761,1897,1876,5,0,1871,1867,106420,26,0,0,26,9
2020-09-21,US,West Virginia,Monroe,148,7,0,37.56274716,-80.54577965,54063.0,1114.8775894538603,4.729729729729731,141,148,7,0,141,146,13280,0,0,0,0,2
2020-09-21,US,West Virginia,Morgan,52,0,0,39.55439028,-78.26311676,54065.0,290.76269290986363,0.0,52,51,0,0,51,50,17787,1,0,0,1,1
2020-09-21,US,West Virginia,Nicholas,88,3,0,38.29617706,-80.79759588,54067.0,359.24232527759636,3.4090909090909087,85,87,3,0,84,82,24842,1,0,0,1,5
2020-09-21,US,West Virginia,Ohio,356,6,0,40.0955451,-80.62203992,54069.0,859.6749655888533,1.6853932584269662,350,351,6,0,345,349,41755,5,0,0,5,2
2020-09-21,US,West Virginia,Pendleton,52,1,0,38.68314479,-79.35084086,54071.0,746.161572679007,1.9230769230769231,51,52,1,0,51,52,6997,0,0,0,0,0
2020-09-21,US,West Virginia,Pleasants,17,2,0,39.37091679,-81.16771771,54073.0,227.8820375335121,11.764705882352944,15,17,2,0,15,16,7507,0,0,0,0,1
2020-09-21,US,West Virginia,Pocahontas,59,0,0,38.32758728,-80.00993811,54075.0,715.4116648478232,0.0,59,59,0,0,59,59,8414,0,0,0,0,0
2020-09-21,US,West Virginia,Preston,149,4,0,39.46770987,-79.66712803,54077.0,445.6807848767649,2.684563758389262,145,149,4,0,145,149,33839,0,0,0,0,0
2020-09-21,US,West Virginia,Putnam,509,5,0,38.50782345,-81.9082131,54079.0,901.6829052258637,0.9823182711198428,504,496,5,0,491,484,56682,13,0,0,13,12
2020-09-21,US,West Virginia,Raleigh,473,8,0,37.76936795,-81.2456041,54081.0,644.7567508621747,1.6913319238900637,465,472,8,0,464,471,74254,1,0,0,1,1
2020-09-21,US,West Virginia,Randolph,236,2,0,38.769899,-79.87919615,54083.0,822.4429343091133,0.8474576271186439,234,234,2,0,232,234,28823,2,0,0,2,0
2020-09-21,US,West Virginia,Ritchie,11,0,0,39.18094587,-81.06356878,54085.0,115.13502198032238,0.0,11,11,0,0,11,11,9721,0,0,0,0,0
2020-09-21,US,West Virginia,Roane,49,2,0,38.71622686,-81.35243568,54087.0,357.97779076563415,4.081632653061225,47,49,2,0,47,47,13932,0,0,0,0,2
2020-09-21,US,West Virginia,Summers,42,0,0,37.65390597,-80.86009693,54089.0,334.04915294679074,0.0,42,41,0,0,41,40,12760,1,0,0,1,1
2020-09-21,US,West Virginia,Taylor,117,6,0,39.33602617,-80.0421439,54091.0,700.8086253369272,5.128205128205129,111,117,6,0,111,117,16862,0,0,0,0,0
2020-09-21,US,West Virginia,Tucker,16,0,0,39.11240885,-79.57053576,54093.0,233.95233221231172,0.0,16,16,0,0,16,16,6955,0,0,0,0,0
2020-09-21,US,West Virginia,Tyler,15,0,0,39.46811972,-80.88772676,54095.0,174.60132697008495,0.0,15,15,0,0,15,15,8746,0,0,0,0,0
2020-09-21,US,West Virginia,Upshur,60,0,0,38.89285061,-80.23689136,54097.0,248.18001323626737,0.0,60,60,0,0,60,60,24415,0,0,0,0,0
2020-09-21,US,West Virginia,Wayne,356,11,0,38.14901357,-82.42287994,54099.0,903.5074361707527,3.0898876404494384,345,346,11,0,335,339,39944,10,0,0,10,7
2020-09-21,US,West Virginia,Webster,7,0,0,38.49370949,-80.4202023,54101.0,86.27064333251171,0.0,7,7,0,0,7,7,8285,0,0,0,0,0
2020-09-21,US,West Virginia,Wetzel,49,0,0,39.6065771,-80.64016540000001,54103.0,325.2572187188848,0.0,49,49,0,0,49,49,15270,0,0,0,0,0
2020-09-21,US,West Virginia,Wirt,10,0,0,39.02775007,-81.37473928,54105.0,171.79178835251673,0.0,10,10,0,0,10,10,5830,0,0,0,0,0
2020-09-21,US,West Virginia,Wood,348,6,0,39.20967886,-81.5162836,54107.0,416.67664455566467,1.7241379310344829,342,348,6,0,342,347,84203,0,0,0,0,1
2020-09-21,US,West Virginia,Wyoming,101,3,0,37.612327,-81.54511071,54109.0,495.2436991271943,2.9702970297029703,98,101,3,0,98,96,20786,0,0,0,0,5
2020-09-21,US,Wisconsin,Adams,205,4,0,43.96974651,-89.76782777,55001.0,1013.8476755687441,1.951219512195122,201,200,3,0,197,192,20348,5,1,0,4,8
2020-09-21,US,Wisconsin,Ashland,62,2,0,46.31956891,-90.67837132,55003.0,398.40637450199205,3.2258064516129035,60,61,2,0,59,53,15600,1,0,0,1,8
2020-09-21,US,Wisconsin,Barron,420,4,0,45.42372701,-91.84833627,55005.0,928.2998850676332,0.9523809523809524,416,420,4,0,416,411,45164,0,0,0,0,9
2020-09-21,US,Wisconsin,Bayfield,83,1,0,46.52868768,-91.19716729,55007.0,552.0085129023677,1.2048192771084338,82,82,1,0,81,78,15042,1,0,0,1,4
2020-09-21,US,Wisconsin,Brown,7563,59,0,44.452655299999996,-88.00411844,55009.0,2858.9033121394714,0.7801137114901494,7504,7484,59,0,7425,7400,263378,79,0,0,79,84
2020-09-21,US,Wisconsin,Buffalo,121,2,0,44.37835084,-91.75332578,55011.0,928.5549842682832,1.6528925619834711,119,119,2,0,117,118,13125,2,0,0,2,1
2020-09-21,US,Wisconsin,Burnett,124,3,0,45.86303537,-92.36711412,55013.0,804.4634747632022,2.419354838709677,121,122,3,0,119,114,15392,2,0,0,2,8
2020-09-21,US,Wisconsin,Calumet,894,2,0,44.0816316,-88.21780273,55015.0,1784.8230150332404,0.22371364653243847,892,869,2,0,867,854,50159,25,0,0,25,15
2020-09-21,US,Wisconsin,Chippewa,480,0,0,45.06939744,-91.28068855,55017.0,742.3675337931887,0.0,480,476,0,0,476,466,64135,4,0,0,4,10
2020-09-21,US,Wisconsin,Clark,325,8,0,44.73483377,-90.61207486,55019.0,934.6063150629781,2.4615384615384617,317,325,8,0,317,320,34709,0,0,0,0,5
2020-09-21,US,Wisconsin,Columbia,514,2,0,43.46492199,-89.33589004,55021.0,893.4158381422512,0.3891050583657588,512,506,2,0,504,493,57358,8,0,0,8,13
2020-09-21,US,Wisconsin,Crawford,141,0,0,43.23870316,-90.93073686,55023.0,874.0933606100058,0.0,141,138,0,0,138,139,16291,3,0,0,3,-1
2020-09-21,US,Wisconsin,Dane,8895,41,0,43.06601594,-89.41733797,55025.0,1627.0498175399446,0.4609331084879146,8854,8815,41,0,8774,8635,542364,80,0,0,80,180
2020-09-21,US,Wisconsin,Dodge,1626,9,0,43.41576662,-88.70928178,55027.0,1851.1139698767065,0.5535055350553506,1617,1600,9,0,1591,1573,87847,26,0,0,26,27
2020-09-21,US,Wisconsin,Door,238,3,0,44.95856458,-87.30002707,55029.0,860.1995084574237,1.2605042016806722,235,236,3,0,233,234,27610,2,0,0,2,2
2020-09-21,US,Wisconsin,Douglas,390,0,0,46.43222285,-91.91595768,55031.0,903.8238702201622,0.0,390,378,0,0,378,376,43208,12,0,0,12,2
2020-09-21,US,Wisconsin,Dunn,385,0,0,44.94562799,-91.8962481,55033.0,848.615764415447,0.0,385,377,0,0,377,351,45131,8,0,0,8,26
2020-09-21,US,Wisconsin,Eau Claire,1617,6,0,44.726614,-91.28609183,55035.0,1545.2095636718075,0.3710575139146568,1611,1586,6,0,1580,1527,104534,31,0,0,31,59
2020-09-21,US,Wisconsin,Florence,69,1,0,45.84963535,-88.39804137,55037.0,1606.5192083818392,1.4492753623188406,68,63,0,0,63,58,4321,6,1,0,5,5
2020-09-21,US,Wisconsin,Fond du Lac,1785,13,0,43.75354908,-88.48885325,55039.0,1726.2555245012234,0.7282913165266106,1772,1713,13,0,1700,1706,103066,72,0,0,72,7
2020-09-21,US,Wisconsin,Forest,214,4,0,45.66678019,-88.77084892,55041.0,2376.721457130165,1.8691588785046729,210,213,4,0,209,207,8991,1,0,0,1,6
2020-09-21,US,Wisconsin,Grant,831,19,0,42.8671731,-90.7063218,55043.0,1615.5057446684423,2.2864019253910954,812,821,19,0,802,782,51554,10,0,0,10,39
2020-09-21,US,Wisconsin,Green,443,2,0,42.6794956,-89.60243287,55045.0,1198.5930735930733,0.4514672686230248,441,436,2,0,434,429,36929,7,0,0,7,7
2020-09-21,US,Wisconsin,Green Lake,199,0,0,43.80025981,-89.04679553,55047.0,1052.1863268651193,0.0,199,195,0,0,195,186,18918,4,0,0,4,9
2020-09-21,US,Wisconsin,Iowa,152,0,0,43.00050278,-90.13469017,55049.0,641.9461103133709,0.0,152,150,0,0,150,144,23771,2,0,0,2,6
2020-09-21,US,Wisconsin,Iron,136,1,0,46.26302338,-90.24295041,55051.0,2391.4190258484264,0.7352941176470589,135,136,1,0,135,136,5676,0,0,0,0,0
2020-09-21,US,Wisconsin,Jackson,107,1,0,44.31864893,-90.80566792,55053.0,518.3355132490434,0.9345794392523364,106,107,1,0,106,107,20478,0,0,0,0,0
2020-09-21,US,Wisconsin,Jefferson,1229,7,0,43.02054068,-88.77529134,55055.0,1449.8224586818296,0.5695687550854354,1222,1214,7,0,1207,1192,85129,15,0,0,15,22
2020-09-21,US,Wisconsin,Juneau,328,2,0,43.92456975,-90.11120239,55057.0,1229.0628395848164,0.6097560975609756,326,326,2,0,324,315,26617,2,0,0,2,11
2020-09-21,US,Wisconsin,Kenosha,3299,65,0,42.57639354,-88.04051686,55059.0,1945.6124934389395,1.9702940284934831,3234,3281,65,0,3216,3257,169290,18,0,0,18,24
2020-09-21,US,Wisconsin,Kewaunee,383,2,0,44.51727459,-87.61468386,55061.0,1874.3271018890084,0.5221932114882507,381,381,2,0,379,366,20383,2,0,0,2,15
2020-09-21,US,Wisconsin,La Crosse,2622,2,0,43.90632465,-91.11451093,55063.0,2221.7326464208245,0.07627765064836002,2620,2568,2,0,2566,2475,118230,54,0,0,54,93
2020-09-21,US,Wisconsin,Lafayette,219,0,0,42.66005229,-90.1317729,55065.0,1314.1314131413142,0.0,219,217,0,0,217,211,16665,2,0,0,2,6
2020-09-21,US,Wisconsin,Langlade,132,2,0,45.26271619,-89.07483625,55067.0,687.8941059982283,1.5151515151515151,130,131,2,0,129,122,19268,1,0,0,1,9
2020-09-21,US,Wisconsin,Lincoln,143,1,0,45.33737523,-89.73411273,55069.0,518.2473815822854,0.6993006993006993,142,136,1,0,135,132,27689,7,0,0,7,4
2020-09-21,US,Wisconsin,Manitowoc,882,2,0,44.11946801,-87.80928853,55071.0,1116.7242754586546,0.2267573696145125,880,861,2,0,859,842,79074,21,0,0,21,19
2020-09-21,US,Wisconsin,Marathon,1081,14,0,44.89792533,-89.75863384,55073.0,796.6571352769507,1.2950971322849214,1067,1054,14,0,1040,1008,135428,27,0,0,27,46
2020-09-21,US,Wisconsin,Marinette,750,7,0,45.38553432,-88.03324599999998,55075.0,1858.7360594795541,0.9333333333333332,743,732,7,0,725,724,40434,18,0,0,18,8
2020-09-21,US,Wisconsin,Marquette,195,1,0,43.81911946,-89.40073763,55077.0,1252.0868113522538,0.5128205128205128,194,190,1,0,189,176,15434,5,0,0,5,14
2020-09-21,US,Wisconsin,Menominee,49,0,0,45.00422544,-88.70950714,55078.0,1075.5048287971906,0.0,49,47,0,0,47,43,4658,2,0,0,2,4
2020-09-21,US,Wisconsin,Milwaukee,26973,521,0,43.00486062,-87.96733172,55079.0,2852.0945813057906,1.93156119082045,26452,26860,521,0,26339,26652,948201,113,0,0,113,208
2020-09-21,US,Wisconsin,Monroe,399,2,0,43.94641218,-90.61881899999999,55081.0,862.6467472380168,0.5012531328320802,397,392,2,0,390,378,46051,7,0,0,7,14
2020-09-21,US,Wisconsin,Oconto,685,4,0,45.02715345,-88.26807503,55083.0,1805.958344318481,0.583941605839416,681,662,4,0,658,645,37830,23,0,0,23,17
2020-09-21,US,Wisconsin,Oneida,341,2,0,45.70677897,-89.51944105,55085.0,957.9997190616659,0.5865102639296188,339,334,2,0,332,325,35470,7,0,0,7,9
2020-09-21,US,Wisconsin,Outagamie,3583,27,0,44.41578887,-88.46565023,55087.0,1907.0175905474093,0.7535584705554005,3556,3526,27,0,3499,3414,187365,57,0,0,57,112
2020-09-21,US,Wisconsin,Ozaukee,1217,19,0,43.38352225,-87.94625009,55089.0,1364.0286479640442,1.561216105176664,1198,1217,19,0,1198,1186,89147,0,0,0,0,31
2020-09-21,US,Wisconsin,Pepin,56,0,0,44.58307413,-91.99949611,55091.0,768.4918347742555,0.0,56,55,0,0,55,55,7289,1,0,0,1,0
2020-09-21,US,Wisconsin,Pierce,396,6,0,44.71850291,-92.4224416,55093.0,926.2291247602564,1.5151515151515151,390,388,6,0,382,379,42555,8,0,0,8,9
2020-09-21,US,Wisconsin,Polk,220,2,0,45.46130348,-92.44182875,55095.0,502.4781307813535,0.9090909090909092,218,218,2,0,216,219,43598,2,0,0,2,-1
2020-09-21,US,Wisconsin,Portage,1218,4,0,44.47558711,-89.50152965,55097.0,1721.0196122760415,0.3284072249589491,1214,1169,4,0,1165,1127,70942,49,0,0,49,42
2020-09-21,US,Wisconsin,Price,51,0,0,45.68051754,-90.36098879999999,55099.0,381.9938581379672,0.0,51,52,0,0,52,50,13397,-1,0,0,-1,2
2020-09-21,US,Wisconsin,Racine,4512,94,0,42.74753117,-88.05941254,55101.0,2298.393875024833,2.083333333333333,4418,4425,94,0,4331,4419,196584,87,0,0,87,6
2020-09-21,US,Wisconsin,Richland,92,4,0,43.3762778,-90.43012729,55103.0,533.2715047530721,4.3478260869565215,88,92,4,0,88,86,17377,0,0,0,0,6
2020-09-21,US,Wisconsin,Rock,2268,32,0,42.67151616,-89.07147900000002,55105.0,1388.3957540066358,1.4109347442680775,2236,2231,32,0,2199,2207,163129,37,0,0,37,24
2020-09-21,US,Wisconsin,Rusk,50,1,0,45.47498854,-91.1333012,55107.0,352.65904923120326,2.0,49,49,1,0,48,48,14147,1,0,0,1,1
2020-09-21,US,Wisconsin,Sauk,806,3,0,43.42574087,-89.94966132,55111.0,1250.737096924366,0.37220843672456577,803,805,3,0,802,785,64249,1,0,0,1,20
2020-09-21,US,Wisconsin,Sawyer,195,1,0,45.87931905,-91.14504927,55113.0,1177.6784635825584,0.5128205128205128,194,195,1,0,194,195,16489,0,0,0,0,0
2020-09-21,US,Wisconsin,Shawano,588,1,0,44.78902246,-88.76443896,55115.0,1437.6879630308808,0.17006802721088435,587,574,1,0,573,513,40796,14,0,0,14,61
2020-09-21,US,Wisconsin,Sheboygan,1454,14,0,43.72099677,-87.94579284,55117.0,1260.6207733657013,0.9628610729023384,1440,1443,14,0,1429,1434,115456,11,0,0,11,9
2020-09-21,US,Wisconsin,St. Croix,833,8,0,45.03437474,-92.45000068,55109.0,918.5440029993274,0.9603841536614646,825,810,8,0,802,798,89694,23,0,0,23,12
2020-09-21,US,Wisconsin,Taylor,151,3,0,45.21179252,-90.5004405,55119.0,742.2700683281719,1.9867549668874167,148,151,3,0,148,147,20412,0,0,0,0,4
2020-09-21,US,Wisconsin,Trempealeau,536,2,0,44.30360275,-91.35893614,55121.0,1807.8181388917,0.373134328358209,534,531,2,0,529,526,29442,5,0,0,5,5
2020-09-21,US,Wisconsin,Vernon,180,0,0,43.59422667,-90.8324691,55123.0,583.9984426708196,0.0,180,172,0,0,172,167,30785,8,0,0,8,5
2020-09-21,US,Wisconsin,Vilas,172,1,0,46.05467334,-89.51719204,55125.0,774.9493129083127,0.5813953488372093,171,168,1,0,167,166,21938,4,0,0,4,2
2020-09-21,US,Wisconsin,Walworth,2458,34,0,42.66858202,-88.54163073,55127.0,2366.465128817345,1.3832384052074858,2424,2428,34,0,2394,2421,103718,30,0,0,30,7
2020-09-21,US,Wisconsin,Washburn,92,1,0,45.89838588,-91.79050449,55129.0,585.2417302798982,1.0869565217391304,91,91,1,0,90,91,15878,1,0,0,1,0
2020-09-21,US,Wisconsin,Washington,2268,32,0,43.36863664,-88.22974712,55131.0,1667.2302512607143,1.4109347442680775,2236,2268,32,0,2236,2212,135693,0,0,0,0,56
2020-09-21,US,Wisconsin,Waukesha,6664,85,0,43.01833055,-88.30431188,55133.0,1648.6969257641058,1.2755102040816326,6579,6605,85,0,6520,6545,403072,59,0,0,59,60
2020-09-21,US,Wisconsin,Waupaca,920,20,0,44.47068056,-88.96534501,55135.0,1804.275348107472,2.1739130434782608,900,908,20,0,888,894,51128,12,0,0,12,14
2020-09-21,US,Wisconsin,Waushara,275,2,0,44.11324419,-89.24317107,55137.0,1125.0664812011619,0.7272727272727273,273,270,2,0,268,265,24263,5,0,0,5,5
2020-09-21,US,Wisconsin,Winnebago,2822,23,0,44.06886922,-88.64477096,55139.0,1641.5852757595676,0.8150248051027641,2799,2693,23,0,2670,2596,171020,129,0,0,129,97
2020-09-21,US,Wisconsin,Wood,692,4,0,44.45537896,-90.04158336,55141.0,947.9581912080988,0.5780346820809249,688,679,4,0,675,665,73055,13,0,0,13,14
2020-09-21,US,Wyoming,Albany,385,0,0,41.65498705,-105.72354150000001,56001.0,990.2263374485595,0.0,385,364,0,0,364,332,38601,21,0,0,21,32
2020-09-21,US,Wyoming,Big Horn,51,1,0,44.52405055,-107.9960365,56003.0,432.5699745547074,1.96078431372549,50,51,1,0,50,51,11881,0,0,0,0,0
2020-09-21,US,Wyoming,Campbell,250,1,0,44.24886082,-105.54744040000001,56005.0,539.4790790013163,0.4,249,244,1,0,243,238,46140,6,0,0,6,6
2020-09-21,US,Wyoming,Carbon,216,2,0,41.69357844,-106.9326084,56007.0,1459.4594594594596,0.925925925925926,214,214,2,0,212,209,14971,2,0,0,2,5
2020-09-21,US,Wyoming,Converse,100,0,0,42.97272268,-105.5081848,56009.0,723.4843003906815,0.0,100,97,0,0,97,93,13640,3,0,0,3,4
2020-09-21,US,Wyoming,Crook,34,0,0,44.58855102,-104.56977049999999,56011.0,448.3122362869198,0.0,34,34,0,0,34,34,7450,0,0,0,0,0
2020-09-21,US,Wyoming,Fremont,666,14,0,43.04183996,-108.6296893,56013.0,1696.339879269504,2.1021021021021022,652,660,14,0,646,658,39531,6,0,0,6,2
2020-09-21,US,Wyoming,Goshen,80,2,0,42.08798185,-104.3534743,56015.0,605.5559760805388,2.5,78,75,2,0,73,74,13376,5,0,0,5,1
2020-09-21,US,Wyoming,Hot Springs,37,0,0,43.71930657,-108.44231740000001,56017.0,838.4319057330614,0.0,37,37,0,0,37,37,4555,0,0,0,0,0
2020-09-21,US,Wyoming,Johnson,30,1,0,44.04057166,-106.58451740000001,56019.0,355.23978685612775,3.333333333333333,29,30,1,0,29,29,8460,0,0,0,0,1
2020-09-21,US,Wyoming,Laramie,652,4,0,41.30702520000001,-104.6887497,56021.0,655.2763819095477,0.6134969325153374,648,647,4,0,643,641,98976,5,0,0,5,6
2020-09-21,US,Wyoming,Lincoln,142,1,0,42.26376367,-110.6563997,56023.0,716.0867372667674,0.7042253521126759,141,142,1,0,141,136,19434,0,0,0,0,6
2020-09-21,US,Wyoming,Natrona,451,4,0,42.96180148,-106.79788500000001,56025.0,564.7524355731423,0.8869179600886918,447,445,4,0,441,438,79115,6,0,0,6,7
2020-09-21,US,Wyoming,Niobrara,3,0,0,43.05607708,-104.47588959999999,56027.0,127.33446519524618,0.0,3,3,0,0,3,3,2388,0,0,0,0,0
2020-09-21,US,Wyoming,Park,205,2,0,44.52157546,-109.58528249999999,56029.0,702.1990820031514,0.975609756097561,203,202,2,0,200,202,29324,3,0,0,3,0
2020-09-21,US,Wyoming,Platte,20,1,0,42.13299116,-104.96633100000001,56031.0,238.2938162754677,5.0,19,20,1,0,19,19,8566,0,0,0,0,1
2020-09-21,US,Wyoming,Sheridan,253,4,0,44.79048913,-106.8862389,56033.0,829.9163523044119,1.5810276679841897,249,242,4,0,238,234,30233,11,0,0,11,8
2020-09-21,US,Wyoming,Sublette,71,1,0,42.76558279,-109.91309220000001,56035.0,722.2052690468927,1.4084507042253518,70,73,1,0,72,71,9813,-2,0,0,-2,2
2020-09-21,US,Wyoming,Sweetwater,323,2,0,41.65943896,-108.8827882,56037.0,762.8179392107312,0.6191950464396285,321,323,2,0,321,322,43051,0,0,0,0,1
2020-09-21,US,Wyoming,Teton,504,1,0,43.93522482,-110.5890801,56039.0,2147.9713603818614,0.1984126984126984,503,498,1,0,497,493,23081,6,0,0,6,5
2020-09-21,US,Wyoming,Uinta,335,2,0,41.2878183,-110.54757820000002,56041.0,1656.2839909027985,0.5970149253731343,333,334,2,0,332,330,20299,1,0,0,1,4
2020-09-21,US,Wyoming,Washakie,113,6,0,43.90451606,-107.68018700000002,56043.0,1447.789878283152,5.3097345132743365,107,113,6,0,107,113,7885,0,0,0,0,0
2020-09-21,US,Wyoming,Weston,23,0,0,43.83961191,-104.56748809999999,56045.0,332.03406958279203,0.0,23,23,0,0,23,23,6967,0,0,0,0,0
