Date,Country/Region,Province/State,Admin2,Confirmed,Deaths,Recovered,Latitude,Longitude,FIPS,Incidence_Rate,Case-Fatality_Ratio,Active Cases,Previous Confirmed,Previous Deaths,Previous Recovered,Previous Active,Prev2 Confirmed,Population,Daily Confirmed,Daily Deaths,Daily Recovered,Daily Active,Previous Daily Confirmed
2020-10-21,US,Alabama,Autauga,2021,30,0,32.53952745,-86.64408227,1001.0,3617.3906817734332,1.4844136566056407,1991,2010,29,0,1981,1999,55601,11,1,0,10,11
2020-10-21,US,Alabama,Baldwin,6443,69,0,30.72774991,-87.72207058,1003.0,2886.20909001317,1.0709296911376691,6374,6405,69,0,6336,6375,218022,38,0,0,38,30
2020-10-21,US,Alabama,Barbour,996,9,0,31.868263,-85.3871286,1005.0,4034.675524588836,0.9036144578313252,987,988,9,0,979,981,24881,8,0,0,8,7
2020-10-21,US,Alabama,Bibb,801,14,0,32.99642064,-87.12511459999996,1007.0,3576.850942216665,1.7478152309612984,787,791,14,0,777,789,22400,10,0,0,10,2
2020-10-21,US,Alabama,Blount,1873,25,0,33.98210918,-86.56790593,1009.0,3239.027427108913,1.3347570742124932,1848,1848,24,0,1824,1838,57840,25,1,0,24,10
2020-10-21,US,Alabama,Bullock,637,17,0,32.10030533,-85.71265535,1011.0,6306.306306306306,2.668759811616954,620,635,17,0,618,635,10138,2,0,0,2,0
2020-10-21,US,Alabama,Butler,998,40,0,31.75300095,-86.68057478,1013.0,5131.633072809545,4.008016032064128,958,998,40,0,958,998,19680,0,0,0,0,0
2020-10-21,US,Alabama,Calhoun,4160,59,0,33.77483727,-85.82630386,1015.0,3661.8106597420892,1.4182692307692308,4101,4127,59,0,4068,4102,114277,33,0,0,33,25
2020-10-21,US,Alabama,Chambers,1330,43,0,32.91360079,-85.39072749,1017.0,3999.5188548746014,3.233082706766917,1287,1301,43,0,1258,1273,33615,29,0,0,29,28
2020-10-21,US,Alabama,Cherokee,723,14,0,34.17805983,-85.60638968,1019.0,2759.963353183692,1.9363762102351316,709,722,14,0,708,715,26032,1,0,0,1,7
2020-10-21,US,Alabama,Chilton,1826,32,0,32.85044126,-86.7173256,1021.0,4110.020707661834,1.7524644030668126,1794,1817,31,0,1786,1805,44153,9,1,0,8,12
2020-10-21,US,Alabama,Choctaw,387,12,0,32.02227341,-88.26564429999998,1023.0,3074.112320279609,3.1007751937984502,375,387,12,0,375,386,12841,0,0,0,0,1
2020-10-21,US,Alabama,Clarke,1273,17,0,31.68099859,-87.83548597,1025.0,5389.0441114215555,1.335428122545169,1256,1271,17,0,1254,1267,23920,2,0,0,2,4
2020-10-21,US,Alabama,Clay,722,12,0,33.26984193,-85.85836077,1027.0,5455.232338496411,1.6620498614958448,710,719,12,0,707,707,13275,3,0,0,3,12
2020-10-21,US,Alabama,Cleburne,532,7,0,33.67679204,-85.52005899,1029.0,3568.075117370892,1.3157894736842106,525,528,7,0,521,524,14987,4,0,0,4,4
2020-10-21,US,Alabama,Coffee,1682,9,0,31.39932826,-85.98901039,1031.0,3213.4805700966717,0.535077288941736,1673,1666,9,0,1657,1640,51909,16,0,0,16,26
2020-10-21,US,Alabama,Colbert,1933,30,0,34.69847452,-87.80168544,1033.0,3499.2125414094603,1.5519917227108122,1903,1922,28,0,1894,1906,54762,11,2,0,9,16
2020-10-21,US,Alabama,Conecuh,556,13,0,31.43401703,-86.99320044,1035.0,4607.607524654015,2.338129496402878,543,557,13,0,544,554,12277,-1,0,0,-1,3
2020-10-21,US,Alabama,Coosa,199,3,0,32.93690146,-86.24847739,1037.0,1866.2665291193848,1.5075376884422111,196,197,3,0,194,196,10715,2,0,0,2,1
2020-10-21,US,Alabama,Covington,1666,29,0,31.247785399999998,-86.45050893,1039.0,4496.747550541175,1.7406962785114046,1637,1660,29,0,1631,1647,36986,6,0,0,6,13
2020-10-21,US,Alabama,Crenshaw,598,30,0,31.72941803,-86.31593104,1041.0,4342.143479523671,5.016722408026756,568,593,30,0,563,590,13824,5,0,0,5,3
2020-10-21,US,Alabama,Cullman,2310,24,0,34.13020303,-86.86888037,1043.0,2757.616273517333,1.0389610389610389,2286,2276,23,0,2253,2258,83442,34,1,0,33,18
2020-10-21,US,Alabama,Dale,1638,51,0,31.43037123,-85.61095742,1045.0,3331.1640771170587,3.1135531135531136,1587,1634,51,0,1583,1625,48956,4,0,0,4,9
2020-10-21,US,Alabama,Dallas,1860,27,0,32.32688101,-87.10866709999998,1047.0,5000.537692224971,1.4516129032258065,1833,1856,27,0,1829,1852,38310,4,0,0,4,4
2020-10-21,US,Alabama,DeKalb,3254,28,0,34.45946862,-85.80782906,1049.0,4550.221638023856,0.860479409956976,3226,3196,28,0,3168,3167,71385,58,0,0,58,29
2020-10-21,US,Alabama,Elmore,3128,52,0,32.59785413,-86.14415284,1051.0,3851.7898262507847,1.6624040920716112,3076,3107,52,0,3055,3095,81887,21,0,0,21,12
2020-10-21,US,Alabama,Escambia,1714,28,0,31.1256789,-87.15918694,1053.0,4678.841481724128,1.633605600933489,1686,1713,28,0,1685,1709,36748,1,0,0,1,4
2020-10-21,US,Alabama,Etowah,4122,49,0,34.04567266,-86.04051873,1055.0,4030.586302655767,1.1887433284813198,4073,4057,49,0,4008,4020,102501,65,0,0,65,37
2020-10-21,US,Alabama,Fayette,557,13,0,33.72076938,-87.73886638,1057.0,3416.7586799165747,2.3339317773788157,544,553,12,0,541,547,16433,4,1,0,3,6
2020-10-21,US,Alabama,Franklin,2017,31,0,34.44235334,-87.84289505,1059.0,6431.350041451438,1.536936043629152,1986,1997,31,0,1966,1991,31363,20,0,0,20,6
2020-10-21,US,Alabama,Geneva,844,7,0,31.09389027,-85.83572839,1061.0,3212.6679608694,0.8293838862559242,837,841,7,0,834,833,26314,3,0,0,3,8
2020-10-21,US,Alabama,Greene,340,16,0,32.85504247,-87.95684022,1063.0,4191.838244359512,4.705882352941177,324,339,16,0,323,333,8233,1,0,0,1,6
2020-10-21,US,Alabama,Hale,748,30,0,32.76039258,-87.63284988,1065.0,5105.453552658521,4.0106951871657746,718,745,29,0,716,745,14726,3,1,0,2,0
2020-10-21,US,Alabama,Henry,638,6,0,31.51148016,-85.24267944,1067.0,3708.224353385644,0.9404388714733544,632,637,6,0,631,631,17209,1,0,0,1,6
2020-10-21,US,Alabama,Houston,3655,32,0,31.15197924,-85.29939599,1069.0,3451.955950964281,0.8755129958960328,3623,3646,32,0,3614,3631,104722,9,0,0,9,15
2020-10-21,US,Alabama,Jackson,2055,15,0,34.78144169,-85.99750489,1071.0,3980.552434819665,0.7299270072992701,2040,2009,15,0,1994,1991,51736,46,0,0,46,18
2020-10-21,US,Alabama,Jefferson,22720,374,0,33.55554728,-86.89506300000002,1073.0,3449.88330830447,1.6461267605633805,22346,22563,372,0,22191,22400,659300,157,2,0,155,163
2020-10-21,US,Alabama,Lamar,459,5,0,33.77995024,-88.09668032,1075.0,3324.8822890257147,1.0893246187363834,454,456,5,0,451,457,13844,3,0,0,3,-1
2020-10-21,US,Alabama,Lauderdale,2125,40,0,34.90171875,-87.65624729,1077.0,2291.623979553322,1.8823529411764703,2085,2087,40,0,2047,2063,92387,38,0,0,38,24
2020-10-21,US,Alabama,Lawrence,811,31,0,34.52041498,-87.31069453,1079.0,2463.248693961852,3.8224414303329217,780,800,31,0,769,792,32957,11,0,0,11,8
2020-10-21,US,Alabama,Lee,6461,65,0,32.60154883,-85.35132246,1081.0,3926.6570237386213,1.0060362173038229,6396,6449,66,0,6383,6439,163941,12,-1,0,13,10
2020-10-21,US,Alabama,Limestone,2736,30,0,34.81185586,-86.98310072,1083.0,2766.0112217560527,1.0964912280701755,2706,2708,28,0,2680,2692,96174,28,2,0,26,16
2020-10-21,US,Alabama,Lowndes,702,28,0,32.1597283,-86.65158371,1085.0,7217.766810610734,3.988603988603989,674,701,27,0,674,699,9974,1,1,0,0,2
2020-10-21,US,Alabama,Macon,530,20,0,32.38759944,-85.69267724,1087.0,2933.362851450077,3.7735849056603774,510,528,20,0,508,529,18439,2,0,0,2,-1
2020-10-21,US,Alabama,Madison,9078,94,0,34.76327133,-86.55069633,1089.0,2434.374069813279,1.03547036792245,8984,9048,93,0,8955,8999,366519,30,1,0,29,49
2020-10-21,US,Alabama,Marengo,982,22,0,32.24767634,-87.78796182,1091.0,5205.958755235117,2.240325865580448,960,972,21,0,951,967,19066,10,1,0,9,5
2020-10-21,US,Alabama,Marion,1050,29,0,34.13697363,-87.88704173,1093.0,3534.2825406442494,2.761904761904762,1021,1047,29,0,1018,1042,29763,3,0,0,3,5
2020-10-21,US,Alabama,Marshall,4310,48,0,34.36975964,-86.30486727,1095.0,4453.675574017815,1.1136890951276102,4262,4282,48,0,4234,4267,96109,28,0,0,28,15
2020-10-21,US,Alabama,Mobile,14405,314,0,30.78472347,-88.20842409,1097.0,3486.120858643305,2.1797986810135366,14091,14335,314,0,14021,14282,413757,70,0,0,70,53
2020-10-21,US,Alabama,Monroe,636,10,0,31.56729412,-87.36995001,1099.0,3067.573433656489,1.572327044025157,626,631,9,0,622,627,21067,5,1,0,4,4
2020-10-21,US,Alabama,Montgomery,9820,196,0,32.2206831,-86.20969272,1101.0,4335.808835866234,1.9959266802443991,9624,9759,196,0,9563,9691,225763,61,0,0,61,68
2020-10-21,US,Alabama,Morgan,4000,33,0,34.45500589,-86.85475946,1103.0,3342.2739160587907,0.825,3967,3968,33,0,3935,3945,119089,32,0,0,32,23
2020-10-21,US,Alabama,Perry,581,6,0,32.64048341,-87.29770589,1105.0,6511.263028129553,1.032702237521515,575,580,6,0,574,579,9140,1,0,0,1,1
2020-10-21,US,Alabama,Pickens,811,17,0,33.28094866,-88.08818103,1107.0,4069.242348218765,2.096177558569667,794,805,17,0,788,803,19938,6,0,0,6,2
2020-10-21,US,Alabama,Pike,1313,13,0,31.80396383,-85.9408295,1109.0,3965.0902941354107,0.99009900990099,1300,1305,12,0,1293,1302,33338,8,1,0,7,3
2020-10-21,US,Alabama,Randolph,805,14,0,33.29526734,-85.45708831,1111.0,3542.821934688848,1.7391304347826086,791,798,14,0,784,795,22725,7,0,0,7,3
2020-10-21,US,Alabama,Russell,1905,3,0,32.28725256,-85.18415324,1113.0,3286.6927761770844,0.15748031496062992,1902,1905,3,0,1902,1902,57781,0,0,0,0,3
2020-10-21,US,Alabama,Shelby,7153,61,0,33.26879845,-86.66232561,1117.0,3285.6841002838732,0.8527890395638194,7092,7099,60,0,7039,7035,215707,54,1,0,53,64
2020-10-21,US,Alabama,St. Clair,2838,42,0,33.71902176,-86.31029372,1115.0,3170.524622396997,1.4799154334038056,2796,2821,42,0,2779,2797,88690,17,0,0,17,24
2020-10-21,US,Alabama,Sumter,468,21,0,32.59117397,-88.19916205,1119.0,3765.9934014645532,4.487179487179487,447,467,21,0,446,464,12691,1,0,0,1,3
2020-10-21,US,Alabama,Talladega,2591,35,0,33.37823223,-86.16886178,1121.0,3239.640901247843,1.3508297954457738,2556,2584,35,0,2549,2550,79828,7,0,0,7,34
2020-10-21,US,Alabama,Tallapoosa,1295,87,0,32.86698258,-85.79833053,1123.0,3208.0659945004577,6.718146718146717,1208,1286,86,0,1200,1272,40497,9,1,0,8,14
2020-10-21,US,Alabama,Tuscaloosa,10066,137,0,33.28726072,-87.52556818,1125.0,4808.101072341237,1.3610172859129743,9929,10023,133,0,9890,9983,208911,43,4,0,39,40
2020-10-21,US,Alabama,Walker,2699,93,0,33.80270512,-87.30027177,1127.0,4248.988523480424,3.445720637273064,2606,2688,92,0,2596,2680,63711,11,1,0,10,8
2020-10-21,US,Alabama,Washington,623,12,0,31.4092794,-88.20689944,1129.0,3815.999019968149,1.9261637239165332,611,622,12,0,610,621,16378,1,0,0,1,1
2020-10-21,US,Alabama,Wilcox,559,12,0,31.98773215,-87.30891118,1131.0,5388.9906487997705,2.146690518783542,547,559,12,0,547,557,10627,0,0,0,0,2
2020-10-21,US,Alabama,Winston,906,13,0,34.15030532,-87.37325922,1133.0,3834.271446104363,1.4348785871964682,893,904,13,0,891,899,23660,2,0,0,2,5
2020-10-21,US,Alaska,Aleutians East,5,0,0,55.32222414,-161.9722021,2013.0,149.8351813005694,0.0,5,5,0,0,5,5,3515,0,0,0,0,0
2020-10-21,US,Alaska,Aleutians West,6,0,0,52.3233,-174.1596,2016.0,106.49627263045794,0.0,6,6,0,0,6,6,5723,0,0,0,0,0
2020-10-21,US,Alaska,Anchorage,6445,42,0,61.14998174,-149.14269860000005,2020.0,2237.847222222222,0.6516679596586501,6403,6302,41,0,6261,6188,291538,143,1,0,142,114
2020-10-21,US,Alaska,Bethel,270,1,0,60.90980451,-159.8561831,2050.0,1468.5086478842597,0.3703703703703704,269,269,1,0,268,258,18216,1,0,0,1,11
2020-10-21,US,Alaska,Bristol Bay plus Lake and Peninsula,37,0,0,58.62403337,-156.21405890000003,2164.0,920.3980099502487,0.0,37,34,0,0,34,34,,3,0,0,3,0
2020-10-21,US,Alaska,Denali,20,0,0,63.67264044,-150.0076108,2068.0,953.7434430138292,0.0,20,19,0,0,19,17,2059,1,0,0,1,2
2020-10-21,US,Alaska,Dillingham,24,0,0,59.79603738,-158.23819419999995,2070.0,488.2017900732303,0.0,24,23,0,0,23,23,5000,1,0,0,1,0
2020-10-21,US,Alaska,Fairbanks North Star,1832,13,0,64.80726247,-146.5692662,2090.0,1891.6044564218523,0.7096069868995634,1819,1821,13,0,1808,1802,98971,11,0,0,11,19
2020-10-21,US,Alaska,Haines,5,0,0,59.09893571,-135.4679843,2100.0,197.6284584980237,0.0,5,5,0,0,5,6,2474,0,0,0,0,-1
2020-10-21,US,Alaska,Juneau,375,3,0,58.45031811,-134.200436,2110.0,1172.8279226871834,0.8,372,372,3,0,369,367,32113,3,0,0,3,5
2020-10-21,US,Alaska,Kenai Peninsula,610,3,0,60.24429722,-151.53888840000005,2122.0,1039.0406758874428,0.4918032786885246,607,595,3,0,592,579,58533,15,0,0,15,16
2020-10-21,US,Alaska,Ketchikan Gateway,59,0,0,55.57445008,-130.975561,2130.0,424.4298971297029,0.0,59,58,0,0,58,58,13918,1,0,0,1,0
2020-10-21,US,Alaska,Kodiak Island,49,0,0,57.65529415,-153.7493579,2150.0,376.98107401138634,0.0,49,48,0,0,48,47,13345,1,0,0,1,1
2020-10-21,US,Alaska,Kusilvak,29,0,0,62.15429159999999,-163.39678830000003,2158.0,348.80923743083963,0.0,29,29,0,0,29,28,8303,0,0,0,0,1
2020-10-21,US,Alaska,Matanuska-Susitna,896,2,0,62.31305045,-149.5741743,2170.0,827.2016396318214,0.22321428571428573,894,880,2,0,878,857,107610,16,0,0,16,23
2020-10-21,US,Alaska,Nome,112,0,0,64.90320724,-164.0353804,2180.0,1119.5521791283486,0.0,112,109,0,0,109,108,10008,3,0,0,3,1
2020-10-21,US,Alaska,North Slope,215,0,0,69.31479216,-153.4836093,2185.0,2186.7371847030104,0.0,215,211,0,0,211,205,9872,4,0,0,4,6
2020-10-21,US,Alaska,Northwest Arctic,207,0,0,67.04919196,-159.7503946,2188.0,2716.1789791365964,0.0,207,206,0,0,206,203,7671,1,0,0,1,3
2020-10-21,US,Alaska,Petersburg,11,1,0,57.13978948,-132.9540995,2195.0,336.80342927127987,9.090909090909092,10,11,1,0,10,11,3221,0,0,0,0,0
2020-10-21,US,Alaska,Prince of Wales-Hyder,33,0,0,55.76261984,-133.0511621,2198.0,532.0006448492667,0.0,33,33,0,0,33,33,6422,0,0,0,0,0
2020-10-21,US,Alaska,Sitka,56,0,0,57.24124555,-135.3206587,2220.0,659.3665371482398,0.0,56,55,0,0,55,55,8647,1,0,0,1,0
2020-10-21,US,Alaska,Skagway,4,0,0,59.56149996,-135.33377480000001,2230.0,338.123415046492,0.0,4,3,0,0,3,1,1148,1,0,0,1,2
2020-10-21,US,Alaska,Southeast Fairbanks,50,0,0,63.87692095,-143.2127643,2240.0,725.3735673872044,0.0,50,48,0,0,48,48,6918,2,0,0,2,0
2020-10-21,US,Alaska,Unassigned,3,0,0,0.0,0.0,90002.0,0.0,0.0,3,3,0,0,3,3,,0,0,0,0,0
2020-10-21,US,Alaska,Valdez-Cordova,104,1,0,61.47502768,-144.7126799,2261.0,1130.189089328407,0.9615384615384616,103,102,1,0,101,99,9164,2,0,0,2,3
2020-10-21,US,Alaska,Wrangell,13,0,0,56.3202004,-132.05837309999998,2275.0,519.5843325339728,0.0,13,13,0,0,13,13,2503,0,0,0,0,0
2020-10-21,US,Alaska,Yakutat,29,0,0,59.890980799999994,-140.36014509999998,2282.0,5008.635578583765,0.0,29,28,0,0,28,27,604,1,0,0,1,1
2020-10-21,US,Alaska,Yukon-Koyukuk,103,2,0,65.50815459,-151.39073869999999,2290.0,1969.4072657743784,1.9417475728155342,101,103,2,0,101,101,5327,0,0,0,0,2
2020-10-21,US,Arizona,Apache,3810,168,0,35.39465006,-109.4892383,4001.0,5299.9846982069075,4.409448818897638,3642,3798,168,0,3630,3781,71818,12,0,0,12,17
2020-10-21,US,Arizona,Cochise,2075,73,0,31.87934684,-109.7516088,4003.0,1647.8454916535636,3.5180722891566263,2002,2062,73,0,1989,2034,126770,13,0,0,13,28
2020-10-21,US,Arizona,Coconino,4814,147,0,35.83883429,-111.77071780000001,4005.0,3355.264992054421,3.0535936850851684,4667,4789,147,0,4642,4746,142854,25,0,0,25,43
2020-10-21,US,Arizona,Gila,1777,66,0,33.80190085,-110.8132779,4007.0,3289.644192676515,3.714124929656725,1711,1772,65,0,1707,1748,53889,5,1,0,4,24
2020-10-21,US,Arizona,Graham,1063,27,0,32.93166885,-109.8882178,4009.0,2737.080618997348,2.539981185324553,1036,1053,27,0,1026,1038,38072,10,0,0,10,15
2020-10-21,US,Arizona,Greenlee,82,1,0,33.21498827,-109.2405279,4011.0,863.3396504527269,1.2195121951219512,81,82,1,0,81,71,9483,0,0,0,0,11
2020-10-21,US,Arizona,La Paz,606,16,0,33.72854224,-113.98100290000001,4012.0,2870.949403069926,2.64026402640264,590,606,16,0,590,590,21098,0,0,0,0,16
2020-10-21,US,Arizona,Maricopa,151527,3532,0,33.34835867,-112.49181540000001,4013.0,3378.2165927158558,2.3309377206702435,147995,150881,3519,0,147362,150280,4410824,646,13,0,633,601
2020-10-21,US,Arizona,Mohave,4223,230,0,35.70471703,-113.7577902,4015.0,1990.2818819781226,5.446365143263082,3993,4211,229,0,3982,4182,209550,12,1,0,11,29
2020-10-21,US,Arizona,Navajo,6197,236,0,35.3997715,-110.3218983,4017.0,5586.708016299448,3.808294335969017,5961,6149,236,0,5913,6100,110445,48,0,0,48,49
2020-10-21,US,Arizona,Pima,27128,635,0,32.0971334,-111.7890033,4019.0,2590.331707214601,2.3407549395458567,26493,27019,634,0,26385,26955,1039073,109,1,0,108,64
2020-10-21,US,Arizona,Pinal,11538,217,0,32.90525627,-111.3449483,4021.0,2493.1448240991035,1.8807418963425204,11321,11476,216,0,11260,11379,447138,62,1,0,61,97
2020-10-21,US,Arizona,Santa Cruz,2961,65,0,31.52508998,-110.8479088,4023.0,6368.015828637791,2.1952043228638973,2896,2957,65,0,2892,2956,46511,4,0,0,4,1
2020-10-21,US,Arizona,Unassigned,0,1,0,0.0,0.0,90004.0,0.0,0.0,-1,0,1,0,-1,0,,0,0,0,0,0
2020-10-21,US,Arizona,Yavapai,2814,87,0,34.59933926,-112.5538588,4025.0,1196.9425646217126,3.0916844349680175,2727,2798,87,0,2711,2776,231993,16,0,0,16,22
2020-10-21,US,Arizona,Yuma,13297,353,0,32.76895712,-113.90666740000002,4027.0,6219.742079733564,2.6547341505602766,12944,13284,353,0,12931,13261,212128,13,0,0,13,23
2020-10-21,US,Arkansas,Arkansas,619,12,0,34.29145151,-91.37277296,5001.0,3539.974837012467,1.9386106623586432,607,606,11,0,595,606,17769,13,1,0,12,0
2020-10-21,US,Arkansas,Ashley,507,11,0,33.19153461,-91.76984709999999,5003.0,2579.233860711197,2.1696252465483234,496,503,12,0,491,501,20046,4,-1,0,5,2
2020-10-21,US,Arkansas,Baxter,588,7,0,36.28784385,-92.33782872,5005.0,1402.2703424592194,1.1904761904761905,581,566,7,0,559,552,41619,22,0,0,22,14
2020-10-21,US,Arkansas,Benton,7757,112,0,36.33644656,-94.25680817,5007.0,2778.882356945057,1.4438571612736883,7645,7698,112,0,7586,7632,272608,59,0,0,59,66
2020-10-21,US,Arkansas,Boone,972,29,0,36.3084504,-93.09374925,5009.0,2596.708698439837,2.983539094650206,943,959,29,0,930,951,37480,13,0,0,13,8
2020-10-21,US,Arkansas,Bradley,365,8,0,33.46755808,-92.15980837,5011.0,3391.2477933661617,2.191780821917808,357,360,8,0,352,358,10897,5,0,0,5,2
2020-10-21,US,Arkansas,Calhoun,46,0,0,33.55598792,-92.49974403,5013.0,886.4906533050685,0.0,46,44,0,0,44,42,5277,2,0,0,2,2
2020-10-21,US,Arkansas,Carroll,955,12,0,36.34038560000001,-93.54270261,5015.0,3365.045806906272,1.256544502617801,943,944,12,0,932,937,28223,11,0,0,11,7
2020-10-21,US,Arkansas,Chicot,1038,22,0,33.26458973,-91.29539209,5017.0,10258.944455425974,2.119460500963392,1016,1032,22,0,1010,1031,10438,6,0,0,6,1
2020-10-21,US,Arkansas,Clark,475,4,0,34.04613432,-93.17484713,5019.0,2128.136200716846,0.8421052631578947,471,471,4,0,467,467,22061,4,0,0,4,4
2020-10-21,US,Arkansas,Clay,445,12,0,36.36826212,-90.4148172,5021.0,3058.209057796715,2.696629213483146,433,443,11,0,432,430,14847,2,1,0,1,13
2020-10-21,US,Arkansas,Cleburne,439,14,0,35.53864922,-92.02640019,5023.0,1761.7079337052048,3.1890660592255125,425,436,14,0,422,433,24965,3,0,0,3,3
2020-10-21,US,Arkansas,Cleveland,211,13,0,33.89723187,-92.18537045,5025.0,2652.086475615888,6.161137440758294,198,208,12,0,196,206,8018,3,1,0,2,2
2020-10-21,US,Arkansas,Columbia,662,19,0,33.21230701,-93.22642793,5027.0,2822.18527518438,2.8700906344410875,643,660,19,0,641,658,23537,2,0,0,2,2
2020-10-21,US,Arkansas,Conway,334,3,0,35.26205537,-92.70506566,5029.0,1602.2258466852154,0.8982035928143712,331,330,3,0,327,329,20891,4,0,0,4,1
2020-10-21,US,Arkansas,Craighead,4168,38,0,35.83018283,-90.63235729,5031.0,3777.6891563644263,0.9117082533589252,4130,4114,36,0,4078,4072,108558,54,2,0,52,42
2020-10-21,US,Arkansas,Crawford,1920,25,0,35.58928601,-94.2446814,5033.0,3035.2372069494286,1.3020833333333333,1895,1904,24,0,1880,1877,63406,16,1,0,15,27
2020-10-21,US,Arkansas,Crittenden,2245,51,0,35.21247318,-90.30839406,5035.0,4681.472213533521,2.2717149220489983,2194,2217,51,0,2166,2190,48342,28,0,0,28,27
2020-10-21,US,Arkansas,Cross,554,22,0,35.29631396,-90.77185818,5037.0,3374.139716182472,3.9711191335740073,532,551,22,0,529,544,16676,3,0,0,3,7
2020-10-21,US,Arkansas,Dallas,178,5,0,33.97042763,-92.65167437,5039.0,2539.591953203025,2.808988764044944,173,177,5,0,172,177,7182,1,0,0,1,0
2020-10-21,US,Arkansas,Desha,384,7,0,33.83011025,-91.25500948,5041.0,3379.984156324267,1.8229166666666667,377,379,7,0,372,377,11512,5,0,0,5,2
2020-10-21,US,Arkansas,Drew,412,7,0,33.59035001,-91.71777921,5043.0,2261.375487128821,1.699029126213592,405,406,7,0,399,403,18328,6,0,0,6,3
2020-10-21,US,Arkansas,Faulkner,3191,29,0,35.14719007,-92.33717519,5045.0,2532.398993706699,0.9088060169225948,3162,3158,29,0,3129,3140,124806,33,0,0,33,18
2020-10-21,US,Arkansas,Franklin,474,2,0,35.51202821,-93.89299569,5047.0,2675.6985605419136,0.4219409282700422,472,468,2,0,466,465,17810,6,0,0,6,3
2020-10-21,US,Arkansas,Fulton,296,9,0,36.38177105,-91.81729127,5049.0,2372.365151879458,3.0405405405405403,287,280,9,0,271,275,12269,16,0,0,16,5
2020-10-21,US,Arkansas,Garland,2302,62,0,34.57692074,-93.14921604,5051.0,2316.221600627855,2.6933101650738487,2240,2275,62,0,2213,2259,99154,27,0,0,27,16
2020-10-21,US,Arkansas,Grant,343,4,0,34.29017991,-92.42320562,5053.0,1877.9085683000274,1.1661807580174928,339,337,4,0,333,335,18188,6,0,0,6,2
2020-10-21,US,Arkansas,Greene,1311,16,0,36.11735460000001,-90.55832668,5055.0,2892.4434638720354,1.2204424103737606,1295,1276,16,0,1260,1259,45325,35,0,0,35,17
2020-10-21,US,Arkansas,Hempstead,517,5,0,33.73325583,-93.66935133,5057.0,2401.077466096972,0.9671179883945842,512,513,5,0,508,505,21741,4,0,0,4,8
2020-10-21,US,Arkansas,Hot Spring,2123,32,0,34.31709259,-92.95396325,5059.0,6286.458796008411,1.507300989166274,2091,2112,32,0,2080,2109,33701,11,0,0,11,3
2020-10-21,US,Arkansas,Howard,546,14,0,34.09007427,-93.9934871,5061.0,4135.737009544008,2.5641025641025643,532,544,13,0,531,544,13341,2,1,0,1,0
2020-10-21,US,Arkansas,Independence,1408,41,0,35.74242707,-91.57001641,5063.0,3722.405816259088,2.9119318181818183,1367,1395,39,0,1356,1381,37678,13,2,0,11,14
2020-10-21,US,Arkansas,Izard,547,1,0,36.09604046,-91.90847954,5065.0,4013.5006236701147,0.18281535648994515,546,482,1,0,481,423,13593,65,0,0,65,59
2020-10-21,US,Arkansas,Jackson,652,6,0,35.59802983,-91.21494602,5067.0,3899.7547700221294,0.9202453987730062,646,642,5,0,637,619,16811,10,1,0,9,23
2020-10-21,US,Arkansas,Jefferson,4039,100,0,34.26767081,-91.92619839,5069.0,6044.23560397462,2.4758603614756134,3939,3987,100,0,3887,3967,68114,52,0,0,52,20
2020-10-21,US,Arkansas,Johnson,962,7,0,35.56759135,-93.46036368,5071.0,3619.5349537211214,0.7276507276507277,955,948,7,0,941,942,26742,14,0,0,14,6
2020-10-21,US,Arkansas,Lafayette,155,3,0,33.24116713,-93.60677071,5073.0,2339.975845410628,1.935483870967742,152,154,3,0,151,153,6682,1,0,0,1,1
2020-10-21,US,Arkansas,Lawrence,758,17,0,36.04188196,-91.10867198,5075.0,4620.2608801657925,2.242744063324538,741,747,15,0,732,731,16434,11,2,0,9,16
2020-10-21,US,Arkansas,Lee,1102,18,0,34.78498904,-90.78383866,5077.0,12442.136163486508,1.6333938294010892,1084,1102,18,0,1084,1102,8985,0,0,0,0,0
2020-10-21,US,Arkansas,Lincoln,2224,17,0,33.95317155,-91.74002806,5079.0,17076.167076167076,0.7643884892086331,2207,2222,17,0,2205,2219,13383,2,0,0,2,3
2020-10-21,US,Arkansas,Little River,426,38,0,33.70375665,-94.23468591,5081.0,3474.9979606819484,8.92018779342723,388,420,37,0,383,417,12326,6,1,0,5,3
2020-10-21,US,Arkansas,Logan,562,2,0,35.21413234,-93.71951016,5083.0,2618.093729618932,0.3558718861209965,560,556,2,0,554,549,21737,6,0,0,6,7
2020-10-21,US,Arkansas,Lonoke,1594,26,0,34.75392199,-91.88742357,5085.0,2174.357855106467,1.6311166875784189,1568,1546,23,0,1523,1530,73657,48,3,0,45,16
2020-10-21,US,Arkansas,Madison,417,5,0,36.01038185,-93.72524943,5087.0,2515.685328185328,1.1990407673860912,412,416,5,0,411,411,16481,1,0,0,1,5
2020-10-21,US,Arkansas,Marion,138,2,0,36.26844485,-92.68451899,5089.0,826.6443033425184,1.4492753623188406,136,137,2,0,135,133,16722,1,0,0,1,4
2020-10-21,US,Arkansas,Miller,1235,15,0,33.31403423,-93.89285258,5091.0,2855.029243821809,1.214574898785425,1220,1206,15,0,1191,1193,43592,29,0,0,29,13
2020-10-21,US,Arkansas,Mississippi,2128,64,0,35.76271485,-90.05194370000002,5093.0,5234.803571867851,3.0075187969924815,2064,2094,64,0,2030,2078,41239,34,0,0,34,16
2020-10-21,US,Arkansas,Monroe,201,1,0,34.6815935,-91.20540287,5095.0,2999.552305626026,0.4975124378109453,200,201,0,0,201,199,6900,0,1,0,-1,2
2020-10-21,US,Arkansas,Montgomery,181,8,0,34.53704874,-93.65824478,5097.0,2014.244380146895,4.419889502762431,173,181,8,0,173,180,8924,0,0,0,0,1
2020-10-21,US,Arkansas,Nevada,283,14,0,33.66340119,-93.30632432,5099.0,3429.471643238003,4.946996466431095,269,274,14,0,260,269,8326,9,0,0,9,5
2020-10-21,US,Arkansas,Newton,290,19,0,35.91947491,-93.21612969,5101.0,3740.487553205211,6.551724137931035,271,289,19,0,270,287,7805,1,0,0,1,2
2020-10-21,US,Arkansas,Ouachita,346,8,0,33.58839816,-92.87795984,5103.0,1479.7707638354289,2.3121387283237,338,342,8,0,334,336,23606,4,0,0,4,6
2020-10-21,US,Arkansas,Perry,130,0,0,34.945915299999996,-92.94372564,5105.0,1243.424198947872,0.0,130,127,0,0,127,125,10352,3,0,0,3,2
2020-10-21,US,Arkansas,Phillips,699,15,0,34.43268455,-90.84800154,5107.0,3930.941401417163,2.145922746781116,684,690,15,0,675,686,18029,9,0,0,9,4
2020-10-21,US,Arkansas,Pike,258,1,0,34.16250414,-93.65789349,5109.0,2407.165515954469,0.3875968992248062,257,254,1,0,253,254,10673,4,0,0,4,0
2020-10-21,US,Arkansas,Poinsett,965,17,0,35.57433534,-90.66268713,5111.0,4101.4960897653855,1.7616580310880832,948,937,17,0,920,926,23974,28,0,0,28,11
2020-10-21,US,Arkansas,Polk,341,4,0,34.48254879,-94.22728802,5113.0,1708.0745341614904,1.1730205278592376,337,340,4,0,336,342,20049,1,0,0,1,-2
2020-10-21,US,Arkansas,Pope,2616,37,0,35.44871474,-93.03212219,5115.0,4082.90672992883,1.4143730886850152,2579,2584,36,0,2548,2557,64000,32,1,0,31,27
2020-10-21,US,Arkansas,Prairie,195,4,0,34.83624419,-91.55162157,5117.0,2418.7546514512533,2.051282051282051,191,194,4,0,190,193,8074,1,0,0,1,1
2020-10-21,US,Arkansas,Pulaski,11355,199,0,34.77054088,-92.31355101,5119.0,2897.341488246056,1.7525319242624395,11156,11260,195,0,11065,11175,392680,95,4,0,91,85
2020-10-21,US,Arkansas,Randolph,607,24,0,36.3415714,-91.02455531,5121.0,3380.109143557189,3.9538714991762767,583,594,24,0,570,593,17948,13,0,0,13,1
2020-10-21,US,Arkansas,Saline,2669,28,0,34.64916145,-92.67583224,5125.0,2179.8965998840217,1.049082053203447,2641,2629,28,0,2601,2599,121421,40,0,0,40,30
2020-10-21,US,Arkansas,Scott,158,1,0,34.85588887,-94.0632176,5127.0,1536.8154848750119,0.6329113924050633,157,150,1,0,149,148,10319,8,0,0,8,2
2020-10-21,US,Arkansas,Searcy,179,1,0,35.9109364,-92.69936482,5129.0,2271.285369876919,0.5586592178770949,178,178,1,0,177,178,7958,1,0,0,1,0
2020-10-21,US,Arkansas,Sebastian,4632,90,0,35.19605503,-94.27162713,5131.0,3623.647586190711,1.9430051813471505,4542,4598,90,0,4508,4563,127753,34,0,0,34,35
2020-10-21,US,Arkansas,Sevier,1291,16,0,33.99780401,-94.2424869,5133.0,7590.991944493444,1.2393493415956622,1275,1280,16,0,1264,1274,17139,11,0,0,11,6
2020-10-21,US,Arkansas,Sharp,317,10,0,36.16258158,-91.47819342,5135.0,1817.4521270496505,3.154574132492113,307,310,10,0,300,306,17366,7,0,0,7,4
2020-10-21,US,Arkansas,St. Francis,1668,10,0,35.02201976,-90.74828138,5123.0,6673.601664399455,0.5995203836930456,1658,1663,10,0,1653,1657,25439,5,0,0,5,6
2020-10-21,US,Arkansas,Stone,390,21,0,35.86251946,-92.15684085,5137.0,3118.5031185031185,5.384615384615384,369,389,21,0,368,389,12457,1,0,0,1,0
2020-10-21,US,Arkansas,Unassigned,1999,0,0,0.0,0.0,90005.0,0.0,0.0,1999,1961,0,0,1961,1990,,38,0,0,38,-29
2020-10-21,US,Arkansas,Union,1089,47,0,33.16887091,-92.59746952,5139.0,2815.2629129827833,4.315886134067951,1042,1081,47,0,1034,1073,39126,8,0,0,8,8
2020-10-21,US,Arkansas,Van Buren,201,3,0,35.58095779,-92.51295036,5141.0,1214.8685403445152,1.492537313432836,198,200,3,0,197,200,16603,1,0,0,1,0
2020-10-21,US,Arkansas,Washington,11042,143,0,35.976844,-94.21800746,5143.0,4616.471630983289,1.2950552436152871,10899,10985,141,0,10844,10889,236961,57,2,0,55,96
2020-10-21,US,Arkansas,White,1347,32,0,35.25688493,-91.74908296,5145.0,1710.4110319606873,2.3756495916852263,1315,1308,32,0,1276,1287,78727,39,0,0,39,21
2020-10-21,US,Arkansas,Woodruff,96,0,0,35.18902527,-91.2439489,5147.0,1518.9873417721521,0.0,96,92,0,0,92,90,6490,4,0,0,4,2
2020-10-21,US,Arkansas,Yell,1327,30,0,35.00292371,-93.41171338,5149.0,6218.0778782624975,2.260738507912585,1297,1325,30,0,1295,1320,21535,2,0,0,2,5
2020-10-21,US,California,Alameda,22932,435,0,37.64629437,-121.8929271,6001.0,1372.0817385445953,1.8969126111983252,22497,22807,433,0,22374,22738,1666753,125,2,0,123,69
2020-10-21,US,California,Alpine,3,0,0,38.59678594,-119.82235940000001,6003.0,265.72187776793623,0.0,3,3,0,0,3,3,1101,0,0,0,0,0
2020-10-21,US,California,Amador,313,16,0,38.44583082,-120.65696000000001,6005.0,787.3817669551217,5.1118210862619815,297,313,16,0,297,313,39383,0,0,0,0,0
2020-10-21,US,California,Butte,3026,51,0,39.66727762,-121.6005252,6007.0,1380.5626271750934,1.6853932584269662,2975,3026,51,0,2975,3019,231256,0,0,0,0,7
2020-10-21,US,California,Calaveras,339,17,0,38.20537103,-120.55291299999999,6009.0,738.4816468794249,5.014749262536873,322,333,17,0,316,333,45602,6,0,0,6,0
2020-10-21,US,California,Colusa,548,6,0,39.17881957,-122.2331726,6011.0,2543.277486425025,1.094890510948905,542,547,6,0,541,545,21627,1,0,0,1,2
2020-10-21,US,California,Contra Costa,18273,238,0,37.91923498,-121.9289527,6013.0,1584.099534817594,1.3024681223663328,18035,18214,236,0,17978,18157,1150215,59,2,0,57,57
2020-10-21,US,California,Del Norte,175,1,0,41.74228275,-123.89740630000001,6015.0,629.2247950524953,0.5714285714285714,174,175,1,0,174,173,27828,0,0,0,0,2
2020-10-21,US,California,El Dorado,1302,4,0,38.77965956,-120.5233166,6017.0,675.160622890123,0.30721966205837176,1298,1290,4,0,1286,1283,190678,12,0,0,12,7
2020-10-21,US,California,Fresno,30220,430,0,36.75733899,-119.6466953,6019.0,3024.7192225811004,1.4228987425545996,29790,30152,430,0,29722,30051,994400,68,0,0,68,101
2020-10-21,US,California,Glenn,647,3,0,39.59875897,-122.3938452,6021.0,2278.730673053217,0.4636785162287481,644,642,3,0,639,639,28047,5,0,0,5,3
2020-10-21,US,California,Humboldt,560,9,0,40.69923009,-123.876044,6023.0,413.1073046223757,1.6071428571428572,551,558,9,0,549,554,136373,2,0,0,2,4
2020-10-21,US,California,Imperial,12610,336,0,33.0393082,-115.36690420000001,6025.0,6958.585106089452,2.6645519429024582,12274,12534,335,0,12199,12475,181827,76,1,0,75,59
2020-10-21,US,California,Inyo,218,15,0,36.51112084,-117.41119779999998,6027.0,1208.4927102389267,6.8807339449541285,203,218,15,0,203,215,17987,0,0,0,0,3
2020-10-21,US,California,Kern,33551,413,0,35.34329425,-118.72777959999999,6029.0,3727.052372689685,1.2309618193198415,33138,33497,410,0,33087,33448,896764,54,3,0,51,49
2020-10-21,US,California,Kings,8173,83,0,36.07409056,-119.8159973,6031.0,5343.925722505558,1.015538969778539,8090,8173,83,0,8090,8159,151366,0,0,0,0,14
2020-10-21,US,California,Lake,678,15,0,39.10124298,-122.75362439999999,6033.0,1053.0239493057497,2.2123893805309733,663,673,15,0,658,670,64382,5,0,0,5,3
2020-10-21,US,California,Lassen,761,1,0,40.67311306,-120.59350990000002,6035.0,2489.124390802342,0.1314060446780552,760,757,1,0,756,757,30802,4,0,0,4,0
2020-10-21,US,California,Los Angeles,290486,6944,0,34.30828379,-118.22824109999999,6037.0,2893.544216632017,2.3904766494770837,283542,290009,6912,0,283097,289366,10105518,477,32,0,445,643
2020-10-21,US,California,Madera,4928,73,0,37.21513971,-119.76655890000002,6039.0,3132.3294793646355,1.4813311688311688,4855,4920,73,0,4847,4886,157672,8,0,0,8,34
2020-10-21,US,California,Marin,7036,127,0,38.07122463,-122.72106310000001,6041.0,2718.4285968179393,1.805002842524161,6909,7030,127,0,6903,7019,259666,6,0,0,6,11
2020-10-21,US,California,Mariposa,78,2,0,37.57978556,-119.9073334,6043.0,453.4092890774865,2.5641025641025643,76,78,2,0,76,78,17471,0,0,0,0,0
2020-10-21,US,California,Mendocino,1111,21,0,39.4381191,-123.39113130000001,6045.0,1280.7064058375313,1.8901890189018904,1090,1104,21,0,1083,1103,87606,7,0,0,7,1
2020-10-21,US,California,Merced,9386,153,0,37.18922369,-120.72090349999999,6047.0,3380.1498127340833,1.6300873641593865,9233,9375,152,0,9223,9314,274765,11,1,0,10,61
2020-10-21,US,California,Modoc,27,0,0,41.58965602,-120.7244817,6049.0,305.3953172718018,0.0,27,27,0,0,27,27,8777,0,0,0,0,0
2020-10-21,US,California,Mono,175,2,0,37.93899289,-118.8872409,6051.0,1211.5757407920246,1.1428571428571428,173,175,2,0,173,175,14250,0,0,0,0,0
2020-10-21,US,California,Monterey,11158,84,0,36.21862405,-121.24133970000001,6053.0,2570.6064355010008,0.7528230865746549,11074,11117,83,0,11034,11091,435594,41,1,0,40,26
2020-10-21,US,California,Napa,1908,14,0,38.50735751,-122.33283899999999,6055.0,1385.17830177721,0.7337526205450734,1894,1892,14,0,1878,1882,139417,16,0,0,16,10
2020-10-21,US,California,Nevada,598,8,0,39.30394768,-120.76272809999999,6057.0,599.4686983108616,1.3377926421404682,590,590,8,0,582,582,99696,8,0,0,8,8
2020-10-21,US,California,Orange,57635,1423,0,33.70147516,-117.76459979999998,6059.0,1814.880032446472,2.4689858592868923,56212,57373,1412,0,55961,57071,3185968,262,11,0,251,302
2020-10-21,US,California,Placer,4023,55,0,39.06167234,-120.72405690000001,6061.0,1009.9691461078656,1.3671389510315686,3968,4012,55,0,3957,3978,393149,11,0,0,11,34
2020-10-21,US,California,Plumas,61,0,0,40.00355989,-120.8395236,6063.0,324.3473174881693,0.0,61,54,0,0,54,54,18804,7,0,0,7,0
2020-10-21,US,California,Riverside,65056,1275,0,33.74314981,-115.9933578,6065.0,2633.2640638951875,1.9598499754058043,63781,64668,1273,0,63395,64075,2450758,388,2,0,386,593
2020-10-21,US,California,Sacramento,24811,474,0,38.45106826,-121.34253740000001,6067.0,1598.587166201263,1.9104429486921124,24337,24582,471,0,24111,24425,1540975,229,3,0,226,157
2020-10-21,US,California,San Benito,1411,14,0,36.60308176,-121.069975,6069.0,2246.529104572666,0.9922041105598866,1397,1407,14,0,1393,1403,61537,4,0,0,4,4
2020-10-21,US,California,San Bernardino,60945,1065,0,34.84060306,-116.1774685,6071.0,2795.5332016870902,1.7474772335712527,59880,60621,1028,0,59593,59779,2171603,324,37,0,287,842
2020-10-21,US,California,San Diego,53263,863,0,33.03484597,-116.73653259999999,6073.0,1595.4983479763835,1.6202617201434388,52400,53000,857,0,52143,52735,3343364,263,6,0,257,265
2020-10-21,US,California,San Francisco,11969,137,0,37.75215114,-122.43856720000001,6075.0,1357.7237340181885,1.1446236109950707,11832,11937,133,0,11804,11901,883305,32,4,0,28,36
2020-10-21,US,California,San Joaquin,21436,484,0,37.93433732,-121.2730061,6077.0,2812.577084765689,2.257883933569696,20952,21196,484,0,20712,21187,752660,240,0,0,240,9
2020-10-21,US,California,San Luis Obispo,4080,32,0,35.38822029,-120.4039028,6079.0,1441.1308638661167,0.7843137254901961,4048,4049,32,0,4017,4009,284010,31,0,0,31,40
2020-10-21,US,California,San Mateo,10918,157,0,37.422880799999994,-122.32755459999998,6081.0,1424.260964056913,1.4379923062832018,10761,10889,157,0,10732,10810,769545,29,0,0,29,79
2020-10-21,US,California,Santa Barbara,9671,119,0,34.65329488,-120.0188492,6083.0,2165.962297787901,1.230482886981698,9552,9641,119,0,9522,9608,446527,30,0,0,30,33
2020-10-21,US,California,Santa Clara,23591,382,0,37.23104908,-121.6970462,6085.0,1223.6935200419948,1.6192615828070027,23209,23458,382,0,23076,23355,1937570,133,0,0,133,103
2020-10-21,US,California,Santa Cruz,2725,24,0,37.05580291,-122.0066524,6087.0,997.3903145165127,0.8807339449541285,2701,2722,23,0,2699,2706,274255,3,1,0,2,16
2020-10-21,US,California,Shasta,1786,29,0,40.76391419,-122.0396884,6089.0,991.7814304753443,1.6237402015677491,1757,1786,29,0,1757,1723,180040,0,0,0,0,63
2020-10-21,US,California,Sierra,6,0,0,39.57713498,-120.52007009999998,6091.0,199.6672212978369,0.0,6,6,0,0,6,6,2987,0,0,0,0,0
2020-10-21,US,California,Siskiyou,186,0,0,41.59198861,-122.54074340000001,6093.0,427.20319713360436,0.0,186,185,0,0,185,184,43724,1,0,0,1,1
2020-10-21,US,California,Solano,7205,74,0,38.26827353,-121.9357113,6095.0,1609.5415319797248,1.0270645385149202,7131,7171,74,0,7097,7117,446610,34,0,0,34,54
2020-10-21,US,California,Sonoma,9016,134,0,38.52746429,-122.88625060000001,6097.0,1823.8606939409635,1.4862466725820762,8882,9016,134,0,8882,8934,499942,0,0,0,0,82
2020-10-21,US,California,Stanislaus,17403,394,0,37.55862499,-120.9970722,6099.0,3160.389350960665,2.263977475147963,17009,17354,393,0,16961,17341,549815,49,1,0,48,13
2020-10-21,US,California,Sutter,1821,12,0,39.03417539,-121.6945899,6101.0,1877.881015973848,0.6589785831960461,1809,1819,12,0,1807,1796,96807,2,0,0,2,23
2020-10-21,US,California,Tehama,793,8,0,40.12570935,-122.23701709999999,6103.0,1218.4254194579312,1.008827238335435,785,793,8,0,785,774,63916,0,0,0,0,19
2020-10-21,US,California,Trinity,25,0,0,40.64917670000001,-123.114713,6105.0,203.50020350020355,0.0,25,23,0,0,23,23,12535,2,0,0,2,0
2020-10-21,US,California,Tulare,17317,279,0,36.22026558,-118.8020203,6107.0,3714.540052982121,1.6111335681700063,17038,17206,276,0,16930,17120,465861,111,3,0,108,86
2020-10-21,US,California,Tuolumne,257,4,0,38.02644018,-119.95250929999999,6109.0,471.7500642461177,1.5564202334630348,253,255,4,0,251,249,54539,2,0,0,2,6
2020-10-21,US,California,Ventura,13930,160,0,34.44465746,-119.09106129999999,6111.0,1646.5604262853929,1.148600143575018,13770,13930,160,0,13770,13901,850967,0,0,0,0,29
2020-10-21,US,California,Yolo,3099,58,0,38.68278902,-121.90182879999999,6113.0,1405.4421768707482,1.871571474669248,3041,3086,56,0,3030,3073,220408,13,2,0,11,13
2020-10-21,US,California,Yuba,1280,10,0,39.26255932,-121.35356440000001,6115.0,1627.0910662531146,0.78125,1270,1278,10,0,1268,1253,78041,2,0,0,2,25
2020-10-21,US,Colorado,Adams,12408,249,0,39.87432092,-104.3362578,8001.0,2398.0472381291056,2.006769825918762,12159,12200,248,0,11952,12020,511868,208,1,0,207,180
2020-10-21,US,Colorado,Alamosa,292,9,0,37.57250606,-105.7885451,8003.0,1798.8049035914496,3.0821917808219177,283,288,9,0,279,285,16683,4,0,0,4,3
2020-10-21,US,Colorado,Arapahoe,11529,377,0,39.64977461,-104.3353617,8005.0,1755.890281606482,3.2700147454245814,11152,11378,377,0,11001,11252,651215,151,0,0,151,126
2020-10-21,US,Colorado,Archuleta,61,0,0,37.19474156,-107.04768670000001,8007.0,434.81360039917314,0.0,61,61,0,0,61,61,13765,0,0,0,0,0
2020-10-21,US,Colorado,Baca,25,0,0,37.31940883,-102.5603223,8009.0,698.1290142418318,0.0,25,25,0,0,25,24,3585,0,0,0,0,1
2020-10-21,US,Colorado,Bent,12,0,0,37.95474293,-103.0720195,8011.0,215.16944593867672,0.0,12,12,0,0,12,12,5882,0,0,0,0,0
2020-10-21,US,Colorado,Boulder,5141,84,0,40.09313619,-105.3546767,8013.0,1576.0463034494599,1.6339233612137716,5057,5094,84,0,5010,5042,326078,47,0,0,47,52
2020-10-21,US,Colorado,Broomfield,846,41,0,39.95998787,-105.0566324,8014.0,1200.5960405875255,4.846335697399527,805,824,40,0,784,798,69267,22,1,0,21,26
2020-10-21,US,Colorado,Chaffee,374,20,0,38.74745778,-106.19265729999998,8015.0,1837.2961289054824,5.3475935828877015,354,373,20,0,353,372,20027,1,0,0,1,1
2020-10-21,US,Colorado,Cheyenne,14,0,0,38.82777431,-102.6032558,8017.0,764.6095030038231,0.0,14,14,0,0,14,14,1876,0,0,0,0,0
2020-10-21,US,Colorado,Clear Creek,63,1,0,39.68864463,-105.6463118,8019.0,649.4845360824742,1.5873015873015872,62,63,1,0,62,63,9605,0,0,0,0,0
2020-10-21,US,Colorado,Conejos,61,0,0,37.201606,-106.19174879999998,8021.0,743.4491163924437,0.0,61,56,0,0,56,53,8200,5,0,0,5,3
2020-10-21,US,Colorado,Costilla,35,1,0,37.27732493,-105.4276548,8023.0,900.4373552868536,2.8571428571428568,34,35,1,0,34,35,3828,0,0,0,0,0
2020-10-21,US,Colorado,Crowley,83,1,0,38.32608609,-103.7844965,8025.0,1369.4109882857615,1.2048192771084338,82,81,1,0,80,81,5858,2,0,0,2,0
2020-10-21,US,Colorado,Custer,19,0,0,38.10883162,-105.3683478,8027.0,374.9013417521705,0.0,19,19,0,0,19,19,4954,0,0,0,0,0
2020-10-21,US,Colorado,Delta,196,4,0,38.86246243,-107.86313419999999,8029.0,628.9711828509081,2.0408163265306123,192,195,4,0,191,195,30953,1,0,0,1,0
2020-10-21,US,Colorado,Denver,16386,444,0,39.76018276,-104.87256950000001,8031.0,2253.266245972627,2.7096301720981324,15942,16240,441,0,15799,16117,716492,146,3,0,143,123
2020-10-21,US,Colorado,Dolores,3,0,0,37.75208676,-108.5211585,8033.0,145.98540145985402,0.0,3,3,0,0,3,3,2074,0,0,0,0,0
2020-10-21,US,Colorado,Douglas,3434,64,0,39.33133796,-104.930001,8035.0,977.9185200795092,1.86371578334304,3370,3397,63,0,3334,3354,342776,37,1,0,36,43
2020-10-21,US,Colorado,Eagle,1366,10,0,39.62754308,-106.6933637,8037.0,2477.914633482685,0.7320644216691069,1356,1353,10,0,1343,1344,54993,13,0,0,13,9
2020-10-21,US,Colorado,El Paso,9003,192,0,38.83240149,-104.5251411,8041.0,1249.7171721938969,2.1326224591802734,8811,8764,189,0,8575,8582,713856,239,3,0,236,182
2020-10-21,US,Colorado,Elbert,190,3,0,39.28656773,-104.13587209999999,8039.0,710.8384152044597,1.5789473684210529,187,184,3,0,181,183,26282,6,0,0,6,1
2020-10-21,US,Colorado,Fremont,549,1,0,38.47362326,-105.43996670000001,8043.0,1147.59923911453,0.18214936247723126,548,536,1,0,535,513,48021,13,0,0,13,23
2020-10-21,US,Colorado,Garfield,1087,5,0,39.59921777,-107.902708,8045.0,1809.8266762125168,0.4599816007359706,1082,1080,5,0,1075,1074,59770,7,0,0,7,6
2020-10-21,US,Colorado,Gilpin,26,0,0,39.85646523,-105.5252597,8047.0,416.46644241550536,0.0,26,25,0,0,25,24,6121,1,0,0,1,1
2020-10-21,US,Colorado,Grand,141,1,0,40.10603347,-106.11780420000001,8049.0,896.1484682852423,0.7092198581560284,140,140,1,0,139,139,15525,1,0,0,1,1
2020-10-21,US,Colorado,Gunnison,304,7,0,38.66611652,-107.0320729,8051.0,1740.9231474057956,2.3026315789473686,297,301,7,0,294,299,17246,3,0,0,3,2
2020-10-21,US,Colorado,Hinsdale,3,0,0,37.82247444,-107.3004345,8053.0,365.8536585365854,0.0,3,3,0,0,3,3,811,0,0,0,0,0
2020-10-21,US,Colorado,Huerfano,29,2,0,37.68473101,-104.9612585,8055.0,420.47266927649696,6.896551724137932,27,29,2,0,27,28,6889,0,0,0,0,1
2020-10-21,US,Colorado,Jackson,9,0,0,40.66593870000001,-106.3408905,8057.0,646.5517241379309,0.0,9,9,0,0,9,9,1399,0,0,0,0,0
2020-10-21,US,Colorado,Jefferson,7492,301,0,39.58635604,-105.2517692,8059.0,1285.3395461509297,4.017618793379605,7191,7404,299,0,7105,7252,580233,88,2,0,86,152
2020-10-21,US,Colorado,Kiowa,3,0,0,38.43260896,-102.7392145,8061.0,213.3712660028449,0.0,3,3,0,0,3,3,1383,0,0,0,0,0
2020-10-21,US,Colorado,Kit Carson,109,3,0,39.30497777,-102.60221990000001,8063.0,1535.86022262928,2.7522935779816518,106,107,3,0,104,103,7163,2,0,0,2,4
2020-10-21,US,Colorado,La Plata,331,2,0,37.28632032,-107.8429014,8067.0,588.7479767346721,0.6042296072507553,329,330,2,0,328,325,56310,1,0,0,1,5
2020-10-21,US,Colorado,Lake,122,0,0,39.20278823,-106.35556969999999,8065.0,1501.1689430294082,0.0,122,121,0,0,121,118,7824,1,0,0,1,3
2020-10-21,US,Colorado,Larimer,3640,55,0,40.66671597,-105.4625784,8069.0,1019.89638525185,1.510989010989011,3585,3600,55,0,3545,3547,350518,40,0,0,40,53
2020-10-21,US,Colorado,Las Animas,65,1,0,37.3153406,-104.03764579999999,8071.0,448.0904453329657,1.5384615384615383,64,57,1,0,56,50,14503,8,0,0,8,7
2020-10-21,US,Colorado,Lincoln,24,0,0,38.98749519,-103.51366490000001,8073.0,420.97877565339417,0.0,24,24,0,0,24,24,5610,0,0,0,0,0
2020-10-21,US,Colorado,Logan,1118,10,0,40.7249637,-103.110817,8075.0,4989.066892766299,0.8944543828264758,1108,1104,10,0,1094,1089,21528,14,0,0,14,15
2020-10-21,US,Colorado,Mesa,1091,8,0,39.01787888,-108.469799,8077.0,707.4768173270216,0.7332722273143905,1083,1081,8,0,1073,1038,153207,10,0,0,10,43
2020-10-21,US,Colorado,Mineral,21,0,0,37.66954283,-106.92816979999999,8079.0,2730.8192457737327,0.0,21,21,0,0,21,21,776,0,0,0,0,0
2020-10-21,US,Colorado,Moffat,56,1,0,40.61810999,-108.2070876,8081.0,421.5915079424829,1.7857142857142858,55,55,1,0,54,53,13188,1,0,0,1,2
2020-10-21,US,Colorado,Montezuma,185,5,0,37.33859579,-108.59588570000001,8083.0,706.5653286483597,2.702702702702702,180,182,5,0,177,184,26158,3,0,0,3,-2
2020-10-21,US,Colorado,Montrose,428,13,0,38.40214114,-108.26390220000002,8085.0,1000.9822723233079,3.037383177570093,415,422,13,0,409,422,42214,6,0,0,6,0
2020-10-21,US,Colorado,Morgan,827,48,0,40.26279810000001,-103.8093302,8087.0,2845.052979221137,5.8041112454655375,779,822,48,0,774,817,28558,5,0,0,5,5
2020-10-21,US,Colorado,Otero,119,6,0,37.9014485,-103.7173385,8089.0,651.0559142138089,5.042016806722689,113,119,6,0,113,119,18432,0,0,0,0,0
2020-10-21,US,Colorado,Ouray,34,2,0,38.14717457,-107.7675136,8091.0,686.5912762520194,5.882352941176472,32,33,1,0,32,33,4833,1,1,0,0,0
2020-10-21,US,Colorado,Park,85,1,0,39.120926000000004,-105.7182065,8093.0,451.04802334836825,1.1764705882352942,84,82,1,0,81,81,18556,3,0,0,3,1
2020-10-21,US,Colorado,Phillips,40,0,0,40.59414277,-102.3577703,8095.0,937.8663540445486,0.0,40,39,0,0,39,37,4286,1,0,0,1,2
2020-10-21,US,Colorado,Pitkin,261,2,0,39.21720112,-106.9310027,8097.0,1469.0155907018632,0.7662835249042146,259,259,2,0,257,256,17950,2,0,0,2,3
2020-10-21,US,Colorado,Prowers,137,0,0,37.95544985,-102.3926052,8099.0,1125.5340124876766,0.0,137,122,0,0,122,120,12164,15,0,0,15,2
2020-10-21,US,Colorado,Pueblo,1697,40,0,38.17359144,-104.5127437,8101.0,1007.5761174179453,2.3571007660577488,1657,1631,40,0,1591,1613,167529,66,0,0,66,18
2020-10-21,US,Colorado,Rio Blanco,26,0,0,39.97913541,-108.2179009,8103.0,411.13219481340917,0.0,26,26,0,0,26,25,6336,0,0,0,0,1
2020-10-21,US,Colorado,Rio Grande,115,2,0,37.5836865,-106.3847838,8105.0,1020.679861542558,1.7391304347826086,113,115,2,0,113,115,11250,0,0,0,0,0
2020-10-21,US,Colorado,Routt,196,8,0,40.48596505,-106.9905548,8107.0,764.4902098447618,4.081632653061225,188,193,8,0,185,187,25733,3,0,0,3,6
2020-10-21,US,Colorado,Saguache,124,2,0,38.08054629,-106.28246599999999,8109.0,1817.1160609613128,1.6129032258064515,122,123,2,0,121,119,6843,1,0,0,1,4
2020-10-21,US,Colorado,San Juan,7,0,0,37.76248981,-107.67632890000002,8111.0,961.5384615384617,0.0,7,7,0,0,7,6,762,0,0,0,0,1
2020-10-21,US,Colorado,San Miguel,100,0,0,38.00450883,-108.4020725,8113.0,1222.643354933366,0.0,100,100,0,0,100,100,8191,0,0,0,0,0
2020-10-21,US,Colorado,Sedgwick,34,1,0,40.87595412,-102.3519227,8115.0,1512.455516014235,2.9411764705882355,33,33,1,0,32,26,2303,1,0,0,1,7
2020-10-21,US,Colorado,Summit,604,4,0,39.63803232,-106.1150762,8117.0,1947.6959788462161,0.6622516556291391,600,592,4,0,588,567,31007,12,0,0,12,25
2020-10-21,US,Colorado,Teller,200,4,0,38.88133511,-105.16148929999999,8119.0,787.7737513786043,2.0,196,196,4,0,192,195,25083,4,0,0,4,1
2020-10-21,US,Colorado,Washington,82,0,0,39.97015535,-103.202587,8121.0,1670.7416462917686,0.0,82,78,0,0,78,78,4909,4,0,0,4,0
2020-10-21,US,Colorado,Weld,5563,158,0,40.55499405,-104.39296209999999,8123.0,1714.3720030077786,2.8401941398525974,5405,5507,158,0,5349,5442,314305,56,0,0,56,65
2020-10-21,US,Colorado,Yuma,201,1,0,40.00346839,-102.4258673,8125.0,2006.1882423395548,0.4975124378109453,200,189,1,0,188,188,10020,12,0,0,12,1
2020-10-21,US,Connecticut,Fairfield,21898,1429,0,41.26809896,-73.3881171,9001.0,2321.346037238215,6.5257101105123745,20469,21754,1428,0,20326,21674,943823,144,1,0,143,80
2020-10-21,US,Connecticut,Hartford,16795,1459,0,41.80283011,-72.73103891,9003.0,1883.438747588929,8.687109258707949,15336,16717,1453,0,15264,16568,892697,78,6,0,72,149
2020-10-21,US,Connecticut,Litchfield,2064,143,0,41.7937534,-73.2451475,9005.0,1144.5492505531433,6.928294573643411,1921,2051,143,0,1908,2033,181111,13,0,0,13,18
2020-10-21,US,Connecticut,Middlesex,1838,196,0,41.45949668,-72.53714864,9007.0,1131.52256888867,10.663764961915128,1642,1830,196,0,1634,1809,162682,8,0,0,8,21
2020-10-21,US,Connecticut,New Haven,15876,1121,0,41.408032500000004,-72.93620426,9009.0,1857.3699893653986,7.060972537163013,14755,15792,1120,0,14672,15680,857620,84,1,0,83,112
2020-10-21,US,Connecticut,New London,3329,134,0,41.48896435,-72.10430976,9011.0,1255.2506353551578,4.025232802643436,3195,3281,134,0,3147,3234,266784,48,0,0,48,47
2020-10-21,US,Connecticut,Tolland,1638,68,0,41.85853803,-72.3308481,9013.0,1086.7762289262944,4.151404151404152,1570,1617,68,0,1549,1600,150921,21,0,0,21,17
2020-10-21,US,Connecticut,Unassigned,153,0,0,0.0,0.0,90009.0,0.0,0.0,153,141,0,0,141,157,,12,0,0,12,-16
2020-10-21,US,Connecticut,Windham,1280,17,0,41.82972709,-71.98182316,9015.0,1096.059324210923,1.328125,1263,1272,17,0,1255,1266,117027,8,0,0,8,6
2020-10-21,US,Delaware,Kent,3364,119,0,39.08646628,-75.56884914,10001.0,1860.763554700032,3.5374554102259217,3245,3364,119,0,3245,3345,178550,0,0,0,0,19
2020-10-21,US,Delaware,New Castle,12311,335,0,39.57992638,-75.64054974,10003.0,2203.2991321746813,2.7211436926326047,11976,12277,334,0,11943,12200,559335,34,1,0,33,77
2020-10-21,US,Delaware,Sussex,7609,216,0,38.66143781,-75.39031349,10005.0,3248.5857615540613,2.8387435931134184,7393,7593,215,0,7378,7560,229286,16,1,0,15,33
2020-10-21,US,Delaware,Unassigned,91,0,0,0.0,0.0,90010.0,0.0,0.0,91,91,0,0,91,91,,0,0,0,0,0
2020-10-21,US,District of Columbia,District of Columbia,16498,642,0,38.90417773,-77.01655992,11001.0,2337.658289278483,3.891380773427082,15856,16445,642,0,15803,16395,702455,53,0,0,53,50
2020-10-21,US,Florida,Alachua,9616,74,0,29.67866525,-82.35928158,12001.0,3574.1498570860413,0.7695507487520798,9542,9575,74,0,9501,9496,269956,41,0,0,41,79
2020-10-21,US,Florida,Baker,1709,17,0,30.33060121,-82.28467476,12003.0,5850.736049298185,0.994733762434172,1692,1697,17,0,1680,1691,28355,12,0,0,12,6
2020-10-21,US,Florida,Bay,6512,132,0,30.26548745,-85.62122584,12005.0,3727.426232792421,2.0270270270270268,6380,6479,131,0,6348,6450,185287,33,1,0,32,29
2020-10-21,US,Florida,Bradford,1207,12,0,29.95079741,-82.16611613,12007.0,4279.990071274068,0.9942004971002486,1195,1206,12,0,1194,1202,27732,1,0,0,1,4
2020-10-21,US,Florida,Brevard,10596,352,0,28.29409504,-80.73091022,12009.0,1760.3024876150855,3.3220083050207627,10244,10521,350,0,10171,10427,596849,75,2,0,73,94
2020-10-21,US,Florida,Broward,81704,1519,0,26.15184651,-80.48725556,12011.0,4183.988144069628,1.859150102810144,80185,81537,1517,0,80020,81277,1951260,167,2,0,165,260
2020-10-21,US,Florida,Calhoun,681,14,0,30.40666734,-85.19394153,12013.0,4828.075150655795,2.055800293685756,667,679,14,0,665,670,14587,2,0,0,2,9
2020-10-21,US,Florida,Charlotte,3404,156,0,26.90131002,-81.92949121,12015.0,1801.9162564184005,4.582843713278496,3248,3388,155,0,3233,3368,184998,16,1,0,15,20
2020-10-21,US,Florida,Citrus,3070,131,0,28.84804315,-82.47614748,12017.0,2051.357437340051,4.267100977198696,2939,3059,131,0,2928,3045,147929,11,0,0,11,14
2020-10-21,US,Florida,Clay,5813,117,0,29.98319144,-81.85609986,12019.0,2651.2871034243703,2.012730087734389,5696,5792,116,0,5676,5745,216072,21,1,0,20,47
2020-10-21,US,Florida,Collier,13762,249,0,26.11091986,-81.34687065,12021.0,3575.455570508857,1.8093300392384828,13513,13716,249,0,13467,13653,378488,46,0,0,46,63
2020-10-21,US,Florida,Columbia,4136,71,0,30.22509788,-82.62160164,12023.0,5769.606338755127,1.7166344294003868,4065,4124,71,0,4053,4108,70503,12,0,0,12,16
2020-10-21,US,Florida,DeSoto,1636,29,0,27.18677893,-81.80941373,12027.0,4305.149864477251,1.7726161369193154,1607,1633,29,0,1604,1627,37489,3,0,0,3,6
2020-10-21,US,Florida,Dixie,872,11,0,29.60631086,-83.15724673,12029.0,5182.455723285391,1.2614678899082572,861,868,11,0,857,868,16700,4,0,0,4,0
2020-10-21,US,Florida,Duval,33260,512,0,30.33225875,-81.66976468,12031.0,3472.704397262348,1.5393866506313891,32748,33132,512,0,32620,32951,950181,128,0,0,128,181
2020-10-21,US,Florida,Escambia,13060,269,0,30.67652764,-87.37284571,12033.0,4102.841201824602,2.059724349157733,12791,13030,269,0,12761,12997,315534,30,0,0,30,33
2020-10-21,US,Florida,Flagler,1998,37,0,29.45933576,-81.31508595,12035.0,1736.1684378828825,1.851851851851852,1961,1993,37,0,1956,1971,112067,5,0,0,5,22
2020-10-21,US,Florida,Franklin,722,4,0,29.83791238,-84.82731662,12037.0,5954.639175257732,0.554016620498615,718,717,4,0,713,718,11736,5,0,0,5,-1
2020-10-21,US,Florida,Gadsden,3034,54,0,30.57796289,-84.61915825,12039.0,6644.765659220324,1.7798286090969018,2980,3034,54,0,2980,3031,45894,0,0,0,0,3
2020-10-21,US,Florida,Gilchrist,591,18,0,29.72856978,-82.79880657,12041.0,3180.49725540846,3.045685279187817,573,590,18,0,572,540,18256,1,0,0,1,50
2020-10-21,US,Florida,Glades,591,6,0,26.95635849,-81.18996211,12043.0,4279.197740931142,1.0152284263959392,585,589,6,0,583,588,13724,2,0,0,2,1
2020-10-21,US,Florida,Gulf,928,15,0,29.93543004,-85.24270990000002,12045.0,6804.017889874624,1.6163793103448276,913,926,15,0,911,925,16164,2,0,0,2,1
2020-10-21,US,Florida,Hamilton,890,9,0,30.49673973,-82.94998918,12047.0,6168.561131133906,1.0112359550561798,881,891,9,0,882,889,14310,-1,0,0,-1,2
2020-10-21,US,Florida,Hardee,1547,14,0,27.49293939,-81.80956574,12049.0,5743.030033040059,0.9049773755656108,1533,1543,14,0,1529,1534,27245,4,0,0,4,9
2020-10-21,US,Florida,Hendry,2169,43,0,26.55386945,-81.16469006,12051.0,5161.582028461282,1.9824804057169203,2126,2167,43,0,2124,2160,41556,2,0,0,2,7
2020-10-21,US,Florida,Hernando,3493,162,0,28.55364461,-82.42700204,12053.0,1801.2582508250823,4.637847122817063,3331,3484,158,0,3326,3458,190865,9,4,0,5,26
2020-10-21,US,Florida,Highlands,2478,105,0,27.34254618,-81.34071957,12055.0,2332.872030954331,4.2372881355932215,2373,2470,103,0,2367,2443,105424,8,2,0,6,27
2020-10-21,US,Florida,Hillsborough,45948,755,0,27.9276559,-82.32013172,12057.0,3121.5352507663206,1.643161835117959,45193,45798,754,0,45044,45538,1436888,150,1,0,149,260
2020-10-21,US,Florida,Holmes,851,12,0,30.86747479,-85.81319222,12059.0,4338.074119386247,1.4101057579318448,839,850,12,0,838,836,19477,1,0,0,1,14
2020-10-21,US,Florida,Indian River,3583,123,0,27.69308961,-80.60556721,12061.0,2240.4532181112163,3.4328774769746024,3460,3569,123,0,3446,3551,157413,14,0,0,14,18
2020-10-21,US,Florida,Jackson,3067,83,0,30.795459700000002,-85.21500423,12063.0,6607.92002413065,2.706227583958265,2984,3056,83,0,2973,3047,48305,11,0,0,11,9
2020-10-21,US,Florida,Jefferson,633,9,0,30.43669112,-83.89442308,12065.0,4443.352520005616,1.4218009478672986,624,631,9,0,622,626,14288,2,0,0,2,5
2020-10-21,US,Florida,Lafayette,1265,15,0,29.98484137,-83.18166636,12067.0,15020.185229161718,1.1857707509881423,1250,1263,15,0,1248,1262,8732,2,0,0,2,1
2020-10-21,US,Florida,Lake,8266,218,0,28.76202069,-81.7125123,12069.0,2251.5921311403963,2.637309460440358,8048,8240,218,0,8022,8195,356495,26,0,0,26,45
2020-10-21,US,Florida,Lee,22198,499,0,26.58410348,-81.88399313,12071.0,2880.698489573397,2.2479502657897106,21699,22117,497,0,21620,22023,754610,81,2,0,79,94
2020-10-21,US,Florida,Leon,11770,101,0,30.45955727,-84.27491114,12073.0,4009.101375424924,0.8581138487680544,11669,11717,101,0,11616,11646,292502,53,0,0,53,71
2020-10-21,US,Florida,Levy,1104,12,0,29.31829741,-82.74007147,12075.0,2660.0486711803965,1.0869565217391304,1092,1103,12,0,1091,1101,40770,1,0,0,1,2
2020-10-21,US,Florida,Liberty,529,10,0,30.23766008,-84.8829258,12077.0,6332.295906152741,1.8903591682419658,519,530,10,0,520,525,8457,-1,0,0,-1,5
2020-10-21,US,Florida,Madison,1067,24,0,30.44396917,-83.47398594,12079.0,5769.7507164873205,2.24929709465792,1043,1063,24,0,1039,1059,18529,4,0,0,4,4
2020-10-21,US,Florida,Manatee,12674,323,0,27.47196942,-82.31831044,12081.0,3142.940040123694,2.5485245384251223,12351,12648,320,0,12328,12584,394855,26,3,0,23,64
2020-10-21,US,Florida,Marion,10522,339,0,29.21227113,-82.05803627,12083.0,2878.174074550234,3.221820946588101,10183,10509,339,0,10170,10458,359977,13,0,0,13,51
2020-10-21,US,Florida,Martin,5201,164,0,27.0772071,-80.43109784,12085.0,3230.4347826086955,3.1532397615843113,5037,5189,158,0,5031,5181,160912,12,6,0,6,8
2020-10-21,US,Florida,Miami-Dade,179644,3572,0,25.6112362,-80.55170587,12086.0,6611.997320514992,1.9883770123132416,176072,179286,3561,0,175725,178726,2761581,358,11,0,347,560
2020-10-21,US,Florida,Monroe,2101,25,0,25.20904673,-81.07812416,12087.0,2830.4682868998216,1.1899095668729176,2076,2093,25,0,2068,2080,75027,8,0,0,8,13
2020-10-21,US,Florida,Nassau,2360,50,0,30.61037141,-81.80297522,12089.0,2662.9055007052184,2.1186440677966103,2310,2351,50,0,2301,2343,85832,9,0,0,9,8
2020-10-21,US,Florida,Okaloosa,5894,129,0,30.69143028,-86.59267105,12091.0,2796.8377796126,2.1886664404479133,5765,5860,129,0,5731,5820,207269,34,0,0,34,40
2020-10-21,US,Florida,Okeechobee,1683,37,0,27.386336199999995,-80.88944347,12093.0,3991.178144564599,2.1984551396316103,1646,1680,37,0,1643,1666,41537,3,0,0,3,14
2020-10-21,US,Florida,Orange,44112,533,0,28.51367621,-81.31799498,12095.0,3165.663402829807,1.2082879941965905,43579,43943,532,0,43411,43621,1380645,169,1,0,168,322
2020-10-21,US,Florida,Osceola,13628,186,0,28.06312234,-81.14882926,12097.0,3626.8699218365364,1.364837100088054,13442,13560,185,0,13375,13501,367990,68,1,0,67,59
2020-10-21,US,Florida,Palm Beach,49380,1553,0,26.64676272,-80.46536002,12099.0,3299.1040707657157,3.1449979748886188,47827,49298,1510,0,47788,49068,1485941,82,43,0,39,230
2020-10-21,US,Florida,Pasco,10316,227,0,28.30810945,-82.40227529,12101.0,1862.2720224136965,2.2004652966266,10089,10294,227,0,10067,10238,539630,22,0,0,22,56
2020-10-21,US,Florida,Pinellas,24422,805,0,27.93130349,-82.72239666,12103.0,2504.8307890493907,3.296208336745557,23617,24327,803,0,23524,24169,975280,95,2,0,93,158
2020-10-21,US,Florida,Polk,22061,593,0,27.95027105,-81.69732947,12105.0,3043.832792707274,2.688001450523549,21468,21981,592,0,21389,21837,708009,80,1,0,79,144
2020-10-21,US,Florida,Putnam,2294,50,0,29.60779729,-81.74230285,12107.0,3078.326914560996,2.1795989537925022,2244,2278,48,0,2230,2272,74163,16,2,0,14,6
2020-10-21,US,Florida,Santa Rosa,5756,86,0,30.69341450000001,-87.02458128,12113.0,3122.948462669481,1.4940931202223766,5670,5739,86,0,5653,5725,179349,17,0,0,17,14
2020-10-21,US,Florida,Sarasota,9156,326,0,27.18546175,-82.33174248,12115.0,2110.932305379696,3.5605067715159464,8830,9115,314,0,8801,9057,426718,41,12,0,29,58
2020-10-21,US,Florida,Seminole,9818,236,0,28.7158582,-81.24060348,12117.0,2080.8518394492885,2.4037482175595843,9582,9802,236,0,9566,9737,467832,16,0,0,16,65
2020-10-21,US,Florida,St. Johns,6084,78,0,29.90096506,-81.43589967,12109.0,2298.694232861806,1.2820512820512822,6006,6038,78,0,5960,5990,254261,46,0,0,46,48
2020-10-21,US,Florida,St. Lucie,8700,321,0,27.37763908,-80.47106649,12111.0,2650.0394459894546,3.689655172413793,8379,8663,320,0,8343,8616,321128,37,1,0,36,47
2020-10-21,US,Florida,Sumter,2784,83,0,28.70181754,-82.0794267,12119.0,2102.401449932034,2.98132183908046,2701,2771,83,0,2688,2754,128754,13,0,0,13,17
2020-10-21,US,Florida,Suwannee,2940,78,0,30.19746066,-82.99099670000003,12121.0,6619.087286399352,2.653061224489796,2862,2935,77,0,2858,2922,44191,5,1,0,4,13
2020-10-21,US,Florida,Taylor,1432,16,0,30.04848048,-83.60445406,12123.0,6639.1580509063915,1.11731843575419,1416,1430,16,0,1414,1424,21623,2,0,0,2,6
2020-10-21,US,Florida,Unassigned,1912,0,0,0.0,0.0,90012.0,0.0,0.0,1912,1993,0,0,1993,1984,,-81,0,0,-81,9
2020-10-21,US,Florida,Union,1092,29,0,30.04412971,-82.37497443,12125.0,7166.765111242371,2.655677655677656,1063,1086,29,0,1057,1082,14940,6,0,0,6,4
2020-10-21,US,Florida,Volusia,12080,315,0,29.05858895,-81.18263252,12127.0,2183.3271882071413,2.6076158940397347,11765,12038,310,0,11728,11976,547538,42,5,0,37,62
2020-10-21,US,Florida,Wakulla,1267,10,0,30.16548905,-84.39895211,12129.0,3755.298023059369,0.7892659826361483,1257,1259,10,0,1249,1252,32461,8,0,0,8,7
2020-10-21,US,Florida,Walton,2276,29,0,30.64204028,-86.16935664,12131.0,3072.727518192005,1.2741652021089631,2247,2265,29,0,2236,2227,71375,11,0,0,11,38
2020-10-21,US,Florida,Washington,1184,24,0,30.61359259,-85.66002461,12133.0,4648.058728850155,2.0270270270270268,1160,1181,24,0,1157,1176,24880,3,0,0,3,5
2020-10-21,US,Georgia,Appling,1140,35,0,31.74847232,-82.28909114,13001.0,6200.3698466224305,3.0701754385964914,1105,1134,35,0,1099,1134,18507,6,0,0,6,0
2020-10-21,US,Georgia,Atkinson,475,5,0,31.29633502,-82.87545866,13003.0,5817.513778322104,1.0526315789473684,470,474,5,0,469,472,8297,1,0,0,1,2
2020-10-21,US,Georgia,Bacon,632,14,0,31.55456473,-82.45936528,13005.0,5661.053385883196,2.2151898734177213,618,632,14,0,618,623,11185,0,0,0,0,9
2020-10-21,US,Georgia,Baker,88,6,0,31.32669878,-84.44218806,13007.0,2896.6425279789337,6.8181818181818175,82,88,6,0,82,87,3092,0,0,0,0,1
2020-10-21,US,Georgia,Baldwin,2260,63,0,33.06882326,-83.24701748,13009.0,5034.528848295834,2.7876106194690267,2197,2257,63,0,2194,2250,44823,3,0,0,3,7
2020-10-21,US,Georgia,Banks,544,8,0,34.35607081,-83.49644388,13011.0,2828.3248414266404,1.4705882352941178,536,544,8,0,536,541,18988,0,0,0,0,3
2020-10-21,US,Georgia,Barrow,2518,50,0,33.99148694,-83.71436292,13013.0,3024.9879865449293,1.985702938840349,2468,2507,50,0,2457,2487,80809,11,0,0,11,20
2020-10-21,US,Georgia,Bartow,3443,94,0,34.23732119,-84.83887523,13015.0,3195.715532124227,2.73017717107174,3349,3412,93,0,3319,3367,106408,31,1,0,30,45
2020-10-21,US,Georgia,Ben Hill,851,32,0,31.76095874,-83.22145359,13017.0,5095.808383233532,3.7602820211515855,819,847,32,0,815,846,16787,4,0,0,4,1
2020-10-21,US,Georgia,Berrien,482,12,0,31.27590016,-83.22529920000002,13019.0,2484.920348507501,2.489626556016597,470,480,12,0,468,478,19252,2,0,0,2,2
2020-10-21,US,Georgia,Bibb,6499,190,0,32.80904227,-83.70489165,13021.0,4243.302711561188,2.923526696414833,6309,6483,188,0,6295,6474,153095,16,2,0,14,9
2020-10-21,US,Georgia,Bleckley,501,21,0,32.43829035,-83.33035166,13023.0,3891.866697739455,4.1916167664670665,480,501,21,0,480,501,12838,0,0,0,0,0
2020-10-21,US,Georgia,Brantley,412,13,0,31.19576557,-81.97743999,13025.0,2156.0521220367373,3.155339805825242,399,410,12,0,398,408,18897,2,1,0,1,2
2020-10-21,US,Georgia,Brooks,548,27,0,30.83922642,-83.58303423,13027.0,3545.3192728213758,4.927007299270073,521,546,27,0,519,544,15513,2,0,0,2,2
2020-10-21,US,Georgia,Bryan,1283,14,0,32.00979311,-81.44002948,13029.0,3237.6914729855907,1.0911925175370225,1269,1273,14,0,1259,1264,38109,10,0,0,10,9
2020-10-21,US,Georgia,Bulloch,3030,33,0,32.39577406,-81.74811421,13031.0,3806.1501356647573,1.0891089108910892,2997,3028,33,0,2995,3019,77296,2,0,0,2,9
2020-10-21,US,Georgia,Burke,871,12,0,33.05917989,-81.99928721,13033.0,3891.3461108877273,1.377726750861079,859,871,11,0,860,869,22423,0,1,0,-1,2
2020-10-21,US,Georgia,Butts,725,43,0,33.283094500000004,-83.95435040000002,13035.0,2907.4430542188,5.931034482758621,682,725,43,0,682,724,24193,0,0,0,0,1
2020-10-21,US,Georgia,Calhoun,262,9,0,31.53169785,-84.62725131,13037.0,4233.31717563419,3.435114503816794,253,261,9,0,252,261,6352,1,0,0,1,0
2020-10-21,US,Georgia,Camden,1390,17,0,30.92951916,-81.66601818,13039.0,2542.713935535799,1.223021582733813,1373,1387,17,0,1370,1385,53677,3,0,0,3,2
2020-10-21,US,Georgia,Candler,527,24,0,32.40209349,-82.07702563,13043.0,4878.274553364806,4.554079696394687,503,525,24,0,501,522,10836,2,0,0,2,3
2020-10-21,US,Georgia,Carroll,3208,75,0,33.58138199,-85.07976677,13045.0,2673.511567437829,2.337905236907731,3133,3194,75,0,3119,3184,118121,14,0,0,14,10
2020-10-21,US,Georgia,Catoosa,1361,20,0,34.89872298,-85.13757014,13047.0,2013.909440662918,1.4695077149155034,1341,1350,20,0,1330,1345,67420,11,0,0,11,5
2020-10-21,US,Georgia,Charlton,644,10,0,30.78371028,-82.13951596,13049.0,4808.84109916368,1.5527950310559009,634,643,10,0,633,643,12968,1,0,0,1,0
2020-10-21,US,Georgia,Chatham,9220,186,0,32.00043026,-81.12489526,13051.0,3185.57164081125,2.017353579175705,9034,9175,183,0,8992,9125,289195,45,3,0,42,50
2020-10-21,US,Georgia,Chattahoochee,1735,1,0,32.34341231,-84.78809239,13053.0,15907.215549647017,0.05763688760806916,1734,1728,1,0,1727,1718,10684,7,0,0,7,10
2020-10-21,US,Georgia,Chattooga,888,28,0,34.47197698,-85.34535662,13055.0,3582.234055427811,3.1531531531531534,860,881,27,0,854,875,24790,7,1,0,6,6
2020-10-21,US,Georgia,Cherokee,6820,100,0,34.24393976,-84.47431861,13057.0,2635.5145243128145,1.4662756598240467,6720,6778,100,0,6678,6756,254149,42,0,0,42,22
2020-10-21,US,Georgia,Clarke,5596,46,0,33.95436462,-83.37124007,13059.0,4360.598764133374,0.8220157255182273,5550,5569,46,0,5523,5551,127330,27,0,0,27,18
2020-10-21,US,Georgia,Clay,124,3,0,31.62221166,-84.97713865,13061.0,4375.441072688779,2.419354838709677,121,122,3,0,119,122,2887,2,0,0,2,0
2020-10-21,US,Georgia,Clayton,7948,175,0,33.54187245,-84.35594188,13063.0,2719.5335596189643,2.2018117765475598,7773,7897,174,0,7723,7859,289615,51,1,0,50,38
2020-10-21,US,Georgia,Clinch,432,12,0,30.91395822,-82.70432472,13065.0,6527.651858567543,2.7777777777777777,420,430,12,0,418,424,6648,2,0,0,2,6
2020-10-21,US,Georgia,Cobb,21367,449,0,33.94243204,-84.5761255,13067.0,2810.925867700861,2.1013712734590726,20918,21255,448,0,20807,21196,756865,112,1,0,111,59
2020-10-21,US,Georgia,Coffee,2200,60,0,31.54892966,-82.85492059999999,13069.0,5084.001571418668,2.727272727272727,2140,2193,59,0,2134,2187,43093,7,1,0,6,6
2020-10-21,US,Georgia,Colquitt,2094,39,0,31.18810588,-83.7677946,13071.0,4592.105263157895,1.8624641833810889,2055,2084,39,0,2045,2072,45592,10,0,0,10,12
2020-10-21,US,Georgia,Columbia,4226,64,0,33.54534185,-82.263524,13073.0,2696.6320813711604,1.5144344533838143,4162,4206,64,0,4142,4180,154291,20,0,0,20,26
2020-10-21,US,Georgia,Cook,575,16,0,31.16068491,-83.42947229,13075.0,3329.4730746960045,2.782608695652174,559,573,16,0,557,571,17162,2,0,0,2,2
2020-10-21,US,Georgia,Coweta,2881,62,0,33.35334302,-84.76129976,13077.0,1939.9497673541669,2.1520305449496697,2819,2869,61,0,2808,2861,145864,12,1,0,11,8
2020-10-21,US,Georgia,Crawford,190,6,0,32.71391813,-83.98061238,13079.0,1531.7639471138345,3.1578947368421053,184,189,6,0,183,189,12318,1,0,0,1,0
2020-10-21,US,Georgia,Crisp,635,23,0,31.92289565,-83.76811843,13081.0,2838.369390309316,3.622047244094488,612,633,23,0,610,631,22601,2,0,0,2,2
2020-10-21,US,Georgia,Dade,335,5,0,34.854916700000004,-85.50490424,13083.0,2078.6795730950607,1.492537313432836,330,333,5,0,328,325,16226,2,0,0,2,8
2020-10-21,US,Georgia,Dawson,897,10,0,34.44244079,-84.16964071,13085.0,3435.7285123333845,1.1148272017837235,887,893,10,0,883,886,25083,4,0,0,4,7
2020-10-21,US,Georgia,DeKalb,20482,391,0,33.76944049,-84.22396017,13089.0,2697.495183044316,1.908993262376721,20091,20394,390,0,20004,20306,756558,88,1,0,87,88
2020-10-21,US,Georgia,Decatur,1268,34,0,30.87967778,-84.57619536,13087.0,4802.3026814119075,2.6813880126182967,1234,1264,34,0,1230,1260,26575,4,0,0,4,4
2020-10-21,US,Georgia,Dodge,544,14,0,32.17265114,-83.16948926,13091.0,2640.1358893472457,2.573529411764706,530,530,14,0,516,526,20705,14,0,0,14,4
2020-10-21,US,Georgia,Dooly,362,16,0,32.15630737,-83.79746561,13093.0,2703.510082150859,4.419889502762431,346,359,16,0,343,360,13706,3,0,0,3,-1
2020-10-21,US,Georgia,Dougherty,3277,190,0,31.53328528,-84.21722377,13095.0,3725.726499613443,5.797985962770827,3087,3271,190,0,3081,3267,91243,6,0,0,6,4
2020-10-21,US,Georgia,Douglas,3983,72,0,33.70291126,-84.77026156,13097.0,2721.688088941733,1.8076826512678883,3911,3960,72,0,3888,3948,145331,23,0,0,23,12
2020-10-21,US,Georgia,Early,535,34,0,31.32155345,-84.90255207,13099.0,5250.2453385672225,6.355140186915888,501,532,34,0,498,530,10247,3,0,0,3,2
2020-10-21,US,Georgia,Echols,243,2,0,30.71101099,-82.89687287,13101.0,6065.901148277584,0.8230452674897121,241,243,2,0,241,244,4000,0,0,0,0,-1
2020-10-21,US,Georgia,Effingham,1733,28,0,32.36616021,-81.34280942,13103.0,2695.346522334204,1.6156953260242355,1705,1719,28,0,1691,1707,62190,14,0,0,14,12
2020-10-21,US,Georgia,Elbert,754,9,0,34.11302332,-82.83936148,13105.0,3928.310930499114,1.1936339522546422,745,752,9,0,743,749,19120,2,0,0,2,3
2020-10-21,US,Georgia,Emanuel,1171,36,0,32.59221302,-82.30239915,13107.0,5170.8911065971915,3.0742954739538857,1135,1168,36,0,1132,1165,22612,3,0,0,3,3
2020-10-21,US,Georgia,Evans,471,6,0,32.15328841,-81.8870105,13109.0,4420.874788811714,1.2738853503184713,465,471,6,0,465,464,10721,0,0,0,0,7
2020-10-21,US,Georgia,Fannin,786,28,0,34.86430205,-84.316964,13111.0,3001.374675423858,3.5623409669211195,758,783,28,0,755,780,25964,3,0,0,3,3
2020-10-21,US,Georgia,Fayette,2073,55,0,33.41357794,-84.49089434,13113.0,1811.7303641814005,2.6531596719729857,2018,2062,53,0,2009,2049,113459,11,2,0,9,13
2020-10-21,US,Georgia,Floyd,3710,57,0,34.26268279,-85.21577392,13115.0,3766.5739405876257,1.536388140161725,3653,3667,55,0,3612,3626,97927,43,2,0,41,41
2020-10-21,US,Georgia,Forsyth,4587,52,0,34.22604035,-84.12315129999998,13117.0,1877.9784812406851,1.133638543710486,4535,4575,52,0,4523,4560,236612,12,0,0,12,15
2020-10-21,US,Georgia,Franklin,856,17,0,34.37525597,-83.23159927,13119.0,3666.1098976401563,1.985981308411215,839,854,17,0,837,843,23023,2,0,0,2,11
2020-10-21,US,Georgia,Fulton,30141,612,0,33.79216944,-84.46319413,13121.0,2832.9684934352317,2.0304568527918785,29529,29996,608,0,29388,29885,1050114,145,4,0,141,111
2020-10-21,US,Georgia,Gilmer,997,21,0,34.69316688,-84.45802506,13123.0,3178.2970448531987,2.106318956870612,976,984,19,0,965,982,30816,13,2,0,11,2
2020-10-21,US,Georgia,Glascock,43,2,0,33.22879932,-82.61297636,13125.0,1447.324133288455,4.651162790697675,41,43,2,0,41,43,2995,0,0,0,0,0
2020-10-21,US,Georgia,Glynn,3650,103,0,31.23279254,-81.53811412,13127.0,4279.41659241195,2.8219178082191783,3547,3640,102,0,3538,3628,85219,10,1,0,9,12
2020-10-21,US,Georgia,Gordon,2235,43,0,34.50487351,-84.87296253,13129.0,3855.908079291962,1.9239373601789709,2192,2196,42,0,2154,2158,57685,39,1,0,38,38
2020-10-21,US,Georgia,Grady,845,25,0,30.87454847,-84.23418364,13131.0,3430.3576503065,2.9585798816568047,820,844,25,0,819,843,24748,1,0,0,1,1
2020-10-21,US,Georgia,Greene,558,25,0,33.5769205,-83.17139104,13133.0,3045.186640471513,4.4802867383512535,533,557,25,0,532,556,17698,1,0,0,1,1
2020-10-21,US,Georgia,Gwinnett,29916,436,0,33.96044201,-84.02137802,13135.0,3195.300400534045,1.4574140927931545,29480,29866,436,0,29430,29748,927781,50,0,0,50,118
2020-10-21,US,Georgia,Habersham,1840,75,0,34.63331566,-83.53094677,13137.0,4059.301094246382,4.076086956521738,1765,1838,75,0,1763,1829,45388,2,0,0,2,9
2020-10-21,US,Georgia,Hall,10444,170,0,34.32207823,-83.81896936,13139.0,5108.564329072936,1.6277288395250862,10274,10415,168,0,10247,10345,202148,29,2,0,27,70
2020-10-21,US,Georgia,Hancock,412,44,0,33.2721566,-82.99766919,13141.0,4871.703913917465,10.679611650485436,368,413,44,0,369,412,8348,-1,0,0,-1,1
2020-10-21,US,Georgia,Haralson,610,10,0,33.79602175,-85.21005667,13143.0,2047.5295381310416,1.639344262295082,600,604,10,0,594,600,29533,6,0,0,6,4
2020-10-21,US,Georgia,Harris,843,25,0,32.73709786,-84.90538572,13145.0,2392.439550459757,2.965599051008304,818,840,25,0,815,837,34475,3,0,0,3,3
2020-10-21,US,Georgia,Hart,561,16,0,34.34626973,-82.96567682,13147.0,2140.812821980538,2.8520499108734403,545,562,16,0,546,559,26099,-1,0,0,-1,3
2020-10-21,US,Georgia,Heard,213,6,0,33.29686567,-85.12886832,13149.0,1786.4631384718612,2.8169014084507036,207,212,6,0,206,212,11879,1,0,0,1,0
2020-10-21,US,Georgia,Henry,5974,111,0,33.4533428,-84.14814659999998,13151.0,2546.885458366907,1.8580515567458988,5863,5957,111,0,5846,5936,230220,17,0,0,17,21
2020-10-21,US,Georgia,Houston,3482,91,0,32.45802497,-83.66879087,13153.0,2205.710014379557,2.6134405514072374,3391,3468,91,0,3377,3449,155469,14,0,0,14,19
2020-10-21,US,Georgia,Irwin,350,6,0,31.60213036,-83.27501387,13155.0,3717.077315208157,1.7142857142857142,344,349,6,0,343,347,9398,1,0,0,1,2
2020-10-21,US,Georgia,Jackson,2294,40,0,34.13794553,-83.56814788,13157.0,3143.456157419461,1.7436791630340018,2254,2282,40,0,2242,2259,70422,12,0,0,12,23
2020-10-21,US,Georgia,Jasper,241,4,0,33.31535543,-83.68844964,13159.0,1694.9152542372879,1.6597510373443984,237,241,4,0,237,242,14040,0,0,0,0,-1
2020-10-21,US,Georgia,Jeff Davis,777,22,0,31.80405727,-82.63724870000001,13161.0,5140.58881905392,2.831402831402831,755,777,22,0,755,773,15029,0,0,0,0,4
2020-10-21,US,Georgia,Jefferson,840,32,0,33.05867328,-82.41609057,13163.0,5468.038015883349,3.809523809523809,808,837,32,0,805,835,15430,3,0,0,3,2
2020-10-21,US,Georgia,Jenkins,462,32,0,32.79248718,-81.96040187,13165.0,5325.03457814661,6.926406926406926,430,462,32,0,430,462,8683,0,0,0,0,0
2020-10-21,US,Georgia,Johnson,439,22,0,32.70211082,-82.66166794,13167.0,4552.525147775587,5.0113895216400905,417,438,22,0,416,438,9708,1,0,0,1,0
2020-10-21,US,Georgia,Jones,631,15,0,33.02512137,-83.56019163,13169.0,2195.9283104228293,2.3771790808240887,616,630,15,0,615,628,28616,1,0,0,1,2
2020-10-21,US,Georgia,Lamar,403,19,0,33.07841647,-84.14263877,13171.0,2112.4914818891857,4.714640198511166,384,402,19,0,383,402,19000,1,0,0,1,0
2020-10-21,US,Georgia,Lanier,314,7,0,31.03828570000001,-83.06472457,13173.0,3012.568358438069,2.2292993630573252,307,314,7,0,307,314,10340,0,0,0,0,0
2020-10-21,US,Georgia,Laurens,1921,86,0,32.46325233,-82.92221316,13175.0,4040.29781685105,4.476834981780323,1835,1917,86,0,1831,1904,47325,4,0,0,4,13
2020-10-21,US,Georgia,Lee,740,27,0,31.779330600000005,-84.14324253,13177.0,2467.3246198986394,3.6486486486486487,713,739,27,0,712,739,29764,1,0,0,1,0
2020-10-21,US,Georgia,Liberty,1214,24,0,31.82588896,-81.49251135,13179.0,1976.0722715064705,1.9769357495881383,1190,1212,24,0,1188,1201,61497,2,0,0,2,11
2020-10-21,US,Georgia,Lincoln,227,7,0,33.79201475,-82.45024131,13181.0,2865.799772755965,3.0837004405286343,220,225,7,0,218,222,7915,2,0,0,2,3
2020-10-21,US,Georgia,Long,272,4,0,31.75218791,-81.74952375,13183.0,1390.6641443836593,1.4705882352941178,268,272,4,0,268,271,18998,0,0,0,0,1
2020-10-21,US,Georgia,Lowndes,4357,85,0,30.83568832,-83.27056716,13185.0,3711.053949542613,1.9508836355290335,4272,4328,85,0,4243,4310,116321,29,0,0,29,18
2020-10-21,US,Georgia,Lumpkin,1022,14,0,34.57286511,-84.00425681,13187.0,3040.761678072003,1.3698630136986298,1008,1018,14,0,1004,1012,32955,4,0,0,4,6
2020-10-21,US,Georgia,Macon,245,10,0,32.35207048,-84.04234127,13193.0,1892.330269560516,4.081632653061225,235,244,11,0,233,242,13143,1,-1,0,2,2
2020-10-21,US,Georgia,Madison,766,11,0,34.12920917,-83.21218732,13195.0,2563.587684069612,1.4360313315926894,755,757,11,0,746,755,29650,9,0,0,9,2
2020-10-21,US,Georgia,Marion,196,9,0,32.3483402,-84.52733571,13197.0,2344.778083502811,4.591836734693878,187,195,9,0,186,195,8351,1,0,0,1,0
2020-10-21,US,Georgia,McDuffie,667,15,0,33.47851918,-82.48252774,13189.0,3129.6921921921917,2.2488755622188905,652,666,15,0,651,664,21531,1,0,0,1,2
2020-10-21,US,Georgia,McIntosh,302,7,0,31.49683595,-81.40163426,13191.0,2100.4312143552647,2.3178807947019866,295,302,7,0,295,300,14340,0,0,0,0,2
2020-10-21,US,Georgia,Meriwether,580,16,0,33.04163534,-84.68859732,13199.0,2740.114328908206,2.7586206896551726,564,578,16,0,562,576,21068,2,0,0,2,2
2020-10-21,US,Georgia,Miller,299,2,0,31.16568912,-84.73151117,13201.0,5229.101084295208,0.6688963210702341,297,300,2,0,298,297,5686,-1,0,0,-1,3
2020-10-21,US,Georgia,Mitchell,845,45,0,31.22483255,-84.19381821,13205.0,3864.9773590083705,5.325443786982248,800,845,45,0,800,844,22192,0,0,0,0,1
2020-10-21,US,Georgia,Monroe,749,54,0,33.014289,-83.92097166,13207.0,2715.9329900645444,7.209612817089453,695,747,54,0,693,744,27520,2,0,0,2,3
2020-10-21,US,Georgia,Montgomery,363,9,0,32.17201038,-82.53527476,13209.0,3957.697339729612,2.479338842975207,354,359,9,0,350,357,9193,4,0,0,4,2
2020-10-21,US,Georgia,Morgan,516,5,0,33.59232073,-83.49129491,13211.0,2676.9039219755136,0.9689922480620154,511,516,5,0,511,515,18853,0,0,0,0,1
2020-10-21,US,Georgia,Murray,974,8,0,34.78897608,-84.74993177,13213.0,2429.169992019154,0.8213552361396304,966,966,8,0,958,962,39921,8,0,0,8,4
2020-10-21,US,Georgia,Muscogee,6297,173,0,32.50931999,-84.87142262,13215.0,3216.5460312919813,2.747340003176116,6124,6277,173,0,6104,6268,194160,20,0,0,20,9
2020-10-21,US,Georgia,Newton,2803,94,0,33.55514538,-83.84547140000002,13217.0,2508.412084765177,3.353549768105601,2709,2797,94,0,2703,2788,109541,6,0,0,6,9
2020-10-21,US,Georgia,Oconee,838,27,0,33.83749973,-83.43679568,13219.0,2080.4369414101293,3.2219570405727924,811,835,27,0,808,832,39272,3,0,0,3,3
2020-10-21,US,Georgia,Oglethorpe,394,11,0,33.878629600000004,-83.08278123,13221.0,2582.082705288682,2.7918781725888326,383,394,11,0,383,391,15054,0,0,0,0,3
2020-10-21,US,Georgia,Out of GA,14141,181,0,0.0,0.0,80013.0,0.0,1.2799660561487871,13960,14288,180,0,14108,14496,,-147,1,0,-148,-208
2020-10-21,US,Georgia,Paulding,3050,60,0,33.91969522,-84.86848792,13223.0,1808.296821547784,1.9672131147540983,2990,3037,60,0,2977,3027,164044,13,0,0,13,10
2020-10-21,US,Georgia,Peach,744,24,0,32.56934316,-83.82937,13225.0,2700.9366151165327,3.2258064516129035,720,740,24,0,716,737,27297,4,0,0,4,3
2020-10-21,US,Georgia,Pickens,720,10,0,34.46589159,-84.46406611,13227.0,2209.19885858059,1.3888888888888888,710,710,10,0,700,700,31980,10,0,0,10,10
2020-10-21,US,Georgia,Pierce,651,24,0,31.35928155,-82.21598442,13229.0,3344.4644233239146,3.6866359447004617,627,648,24,0,624,647,19389,3,0,0,3,1
2020-10-21,US,Georgia,Pike,377,12,0,33.09310242,-84.38790389,13231.0,1988.1869001160208,3.1830238726790454,365,377,12,0,365,375,18634,0,0,0,0,2
2020-10-21,US,Georgia,Polk,1649,25,0,34.00267074,-85.18677781,13233.0,3869.7111210194066,1.5160703456640388,1624,1640,25,0,1615,1627,42470,9,0,0,9,13
2020-10-21,US,Georgia,Pulaski,329,23,0,32.23334561,-83.47549959999998,13235.0,2954.11690760528,6.990881458966565,306,327,23,0,304,326,11069,2,0,0,2,1
2020-10-21,US,Georgia,Putnam,776,27,0,33.32056115,-83.37552891,13237.0,3508.2960350829603,3.4793814432989687,749,773,27,0,746,772,21809,3,0,0,3,1
2020-10-21,US,Georgia,Quitman,38,1,0,31.86728114,-85.01773177,13239.0,1652.892561983471,2.631578947368421,37,38,1,0,37,38,2279,0,0,0,0,0
2020-10-21,US,Georgia,Rabun,417,11,0,34.88389445,-83.40304637,13241.0,2433.33138822431,2.6378896882494005,406,416,11,0,405,413,16867,1,0,0,1,3
2020-10-21,US,Georgia,Randolph,338,29,0,31.76622818,-84.75732369,13243.0,4986.721746827973,8.579881656804734,309,338,29,0,309,338,6833,0,0,0,0,0
2020-10-21,US,Georgia,Richmond,7776,175,0,33.35777107,-82.07026432,13245.0,3839.658697004712,2.2505144032921813,7601,7754,174,0,7580,7728,201554,22,1,0,21,26
2020-10-21,US,Georgia,Rockdale,2044,40,0,33.65145002,-84.02202167,13247.0,2248.723816229537,1.9569471624266144,2004,2036,40,0,1996,2032,90594,8,0,0,8,4
2020-10-21,US,Georgia,Schley,109,2,0,32.2654021,-84.31258912,13249.0,2073.4259083127263,1.834862385321101,107,108,2,0,106,109,5236,1,0,0,1,-1
2020-10-21,US,Georgia,Screven,445,11,0,32.74976524,-81.60779441,13251.0,3186.309609050552,2.4719101123595504,434,445,11,0,434,445,13938,0,0,0,0,0
2020-10-21,US,Georgia,Seminole,384,11,0,30.93464824,-84.86823924,13253.0,4746.600741656366,2.864583333333333,373,383,11,0,372,382,8315,1,0,0,1,1
2020-10-21,US,Georgia,Spalding,1513,62,0,33.26310031,-84.28013991,13255.0,2268.263796231054,4.097818902842036,1451,1504,62,0,1442,1485,66100,9,0,0,9,19
2020-10-21,US,Georgia,Stephens,1255,41,0,34.55151201,-83.29405315,13257.0,4840.887174541948,3.266932270916335,1214,1252,41,0,1211,1242,26035,3,0,0,3,10
2020-10-21,US,Georgia,Stewart,534,16,0,32.07996777,-84.83208037,13259.0,8065.246941549615,2.9962546816479403,518,534,16,0,518,527,6199,0,0,0,0,7
2020-10-21,US,Georgia,Sumter,958,69,0,32.03650571,-84.19821492,13261.0,3244.817775369191,7.202505219206682,889,958,69,0,889,958,29733,0,0,0,0,0
2020-10-21,US,Georgia,Talbot,169,7,0,32.69642758,-84.53351366,13263.0,2728.006456820016,4.142011834319527,162,168,7,0,161,169,6272,1,0,0,1,-1
2020-10-21,US,Georgia,Taliaferro,25,0,0,33.56543317,-82.88136816,13265.0,1626.545217957059,0.0,25,25,0,0,25,25,1608,0,0,0,0,0
2020-10-21,US,Georgia,Tattnall,910,13,0,32.04785085,-82.05539188,13267.0,3598.829391758285,1.4285714285714286,897,908,13,0,895,908,25391,2,0,0,2,0
2020-10-21,US,Georgia,Taylor,225,12,0,32.55792548,-84.25077141,13269.0,2805.4862842892767,5.333333333333333,213,225,12,0,213,225,8039,0,0,0,0,0
2020-10-21,US,Georgia,Telfair,431,23,0,31.92829517,-82.93491155,13271.0,2717.528373266079,5.336426914153132,408,430,23,0,407,428,15876,1,0,0,1,2
2020-10-21,US,Georgia,Terrell,338,32,0,31.77527543,-84.44069698,13273.0,3962.020865080296,9.467455621301776,306,338,32,0,306,338,8611,0,0,0,0,0
2020-10-21,US,Georgia,Thomas,1579,69,0,30.86392347,-83.91847289,13275.0,3552.2260466581183,4.369854338188727,1510,1576,69,0,1507,1573,44448,3,0,0,3,3
2020-10-21,US,Georgia,Tift,1920,63,0,31.45743864,-83.5236119,13277.0,4723.9444936521995,3.28125,1857,1909,62,0,1847,1907,40571,11,1,0,10,2
2020-10-21,US,Georgia,Toombs,1455,56,0,32.12059861,-82.32957247,13279.0,5423.033917256802,3.848797250859106,1399,1453,56,0,1397,1449,26887,2,0,0,2,4
2020-10-21,US,Georgia,Towns,413,12,0,34.91369188,-83.74107459999998,13281.0,3431.08748026917,2.905569007263922,401,411,12,0,399,405,11852,2,0,0,2,6
2020-10-21,US,Georgia,Treutlen,295,11,0,32.40422134,-82.56904553,13283.0,4274.742790899872,3.7288135593220337,284,295,11,0,284,292,6809,0,0,0,0,3
2020-10-21,US,Georgia,Troup,2987,106,0,33.03349196,-85.02812115,13285.0,4271.902977603616,3.548711081352528,2881,2980,106,0,2874,2971,70034,7,0,0,7,9
2020-10-21,US,Georgia,Turner,332,24,0,31.71612656,-83.62069378,13287.0,4157.795867251096,7.2289156626506035,308,331,24,0,307,331,7912,1,0,0,1,0
2020-10-21,US,Georgia,Twiggs,211,9,0,32.67435595,-83.43078662,13289.0,2598.522167487685,4.265402843601897,202,211,9,0,202,210,8188,0,0,0,0,1
2020-10-21,US,Georgia,Unassigned,1906,6,0,0.0,0.0,90013.0,0.0,0.3147953830010493,1900,1865,6,0,1859,1940,,41,0,0,41,-75
2020-10-21,US,Georgia,Union,863,25,0,34.82995757,-83.98967069,13291.0,3520.868181632736,2.8968713789107765,838,862,25,0,837,859,24001,1,0,0,1,3
2020-10-21,US,Georgia,Upson,829,69,0,32.87920671,-84.30024826,13293.0,3149.696048632219,8.323281061519904,760,828,69,0,759,826,26215,1,0,0,1,2
2020-10-21,US,Georgia,Walker,1795,43,0,34.73376362,-85.30165174,13295.0,2573.070913547684,2.395543175487465,1752,1781,43,0,1738,1772,69410,14,0,0,14,9
2020-10-21,US,Georgia,Walton,2143,66,0,33.78017694,-83.73552314,13297.0,2265.495332635607,3.079794680354643,2077,2092,66,0,2026,2064,93503,51,0,0,51,28
2020-10-21,US,Georgia,Ware,1717,62,0,31.05449097,-82.42224148,13299.0,4804.947668886774,3.610949330227141,1655,1715,62,0,1653,1714,35680,2,0,0,2,1
2020-10-21,US,Georgia,Warren,163,5,0,33.41146451,-82.67795848,13301.0,3102.398172820708,3.0674846625766867,158,163,5,0,158,163,5251,0,0,0,0,0
2020-10-21,US,Georgia,Washington,737,13,0,32.96711864,-82.79357039,13303.0,3617.3554530283695,1.7639077340569878,724,731,13,0,718,725,20386,6,0,0,6,6
2020-10-21,US,Georgia,Wayne,1205,30,0,31.5521809,-81.91894878,13305.0,4026.4643966986328,2.489626556016597,1175,1203,30,0,1173,1201,29808,2,0,0,2,2
2020-10-21,US,Georgia,Webster,44,2,0,32.04066113,-84.54742852,13307.0,1687.7637130801688,4.545454545454546,42,44,2,0,42,44,2611,0,0,0,0,0
2020-10-21,US,Georgia,Wheeler,356,16,0,32.12009104,-82.72574721,13309.0,4532.145130490134,4.49438202247191,340,355,16,0,339,353,7879,1,0,0,1,2
2020-10-21,US,Georgia,White,991,23,0,34.64624278,-83.74905525,13311.0,3217.741411779986,2.3208879919273455,968,988,23,0,965,982,29970,3,0,0,3,6
2020-10-21,US,Georgia,Whitfield,5175,63,0,34.80987459,-84.96093476,13313.0,4946.0947356348215,1.2173913043478262,5112,5118,63,0,5055,5097,104062,57,0,0,57,21
2020-10-21,US,Georgia,Wilcox,251,25,0,31.97496928,-83.43438555,13315.0,2906.774753908512,9.9601593625498,226,253,25,0,228,252,8812,-2,0,0,-2,1
2020-10-21,US,Georgia,Wilkes,282,6,0,33.78290391,-82.74286107,13317.0,2884.3203436637004,2.127659574468085,276,282,6,0,276,281,9876,0,0,0,0,1
2020-10-21,US,Georgia,Wilkinson,360,17,0,32.80291082,-83.17140684,13319.0,4020.549475094929,4.722222222222221,343,359,17,0,342,360,9036,1,0,0,1,-1
2020-10-21,US,Georgia,Worth,601,32,0,31.55162306,-83.85090513,13321.0,2968.340988788463,5.324459234608986,569,593,32,0,561,591,20299,8,0,0,8,2
2020-10-21,US,Hawaii,Hawaii,1091,28,0,19.60121157,-155.5210167,15001.0,541.4042766471641,2.5664527956003664,1063,1083,18,0,1065,1059,200983,8,10,0,-2,24
2020-10-21,US,Hawaii,Honolulu,12617,156,0,21.45803166,-157.97121819999995,15003.0,1294.6315425477878,1.2364270428786557,12461,12552,152,0,12400,12494,980080,65,4,0,61,58
2020-10-21,US,Hawaii,Kauai,60,0,0,22.03935037,-159.5966786,15007.0,82.99558740126983,0.0,60,60,0,0,60,60,72133,0,0,0,0,0
2020-10-21,US,Hawaii,Maui,417,18,0,20.86399628,-156.56890969999995,15009.0,249.0786479270325,4.316546762589929,399,413,18,0,395,411,167207,4,0,0,4,2
2020-10-21,US,Hawaii,Out of HI,48,1,0,0.0,0.0,80015.0,0.0,2.083333333333333,47,48,1,0,47,44,,0,0,0,0,4
2020-10-21,US,Idaho,Ada,15496,158,0,43.4526575,-116.24155159999998,16001.0,3217.6948298023,1.0196179659266909,15338,15341,157,0,15184,15188,469966,155,1,0,154,153
2020-10-21,US,Idaho,Adams,32,2,0,44.89333571,-116.4545247,16003.0,745.2258965999067,6.25,30,32,2,0,30,32,4250,0,0,0,0,0
2020-10-21,US,Idaho,Bannock,2056,10,0,42.67002716,-112.2233311,16005.0,2341.472303206997,0.4863813229571984,2046,1941,11,0,1930,1928,87138,115,-1,0,116,13
2020-10-21,US,Idaho,Bear Lake,64,1,0,42.28269683,-111.32892379999998,16007.0,1044.8979591836735,1.5625,63,61,1,0,60,61,6050,3,0,0,3,0
2020-10-21,US,Idaho,Benewah,167,3,0,47.21754179,-116.6586851,16009.0,1796.085179608518,1.7964071856287425,164,167,3,0,164,165,9226,0,0,0,0,2
2020-10-21,US,Idaho,Bingham,1443,15,0,43.21672879999999,-112.3978437,16011.0,3082.608788532609,1.0395010395010396,1428,1405,13,0,1392,1397,46236,38,2,0,36,8
2020-10-21,US,Idaho,Blaine,842,6,0,43.4085812,-113.9752658,16013.0,3657.530081230181,0.7125890736342043,836,831,6,0,825,813,22601,11,0,0,11,18
2020-10-21,US,Idaho,Boise,75,2,0,43.98829931,-115.7309284,16015.0,957.7320904099092,2.6666666666666665,73,75,2,0,73,75,7634,0,0,0,0,0
2020-10-21,US,Idaho,Bonner,450,1,0,48.29996017,-116.6017932,16017.0,983.8431098187544,0.2222222222222222,449,440,1,0,439,438,44727,10,0,0,10,2
2020-10-21,US,Idaho,Bonneville,4068,25,0,43.38713372,-111.6161537,16019.0,3416.707261762779,0.6145526057030481,4043,4001,23,0,3978,3901,116854,67,2,0,65,100
2020-10-21,US,Idaho,Boundary,115,1,0,48.76684761,-116.4630179,16021.0,939.1588403429973,0.8695652173913043,114,103,1,0,102,97,11948,12,0,0,12,6
2020-10-21,US,Idaho,Butte,86,0,0,43.72592209,-113.1735463,16023.0,3311.5132845591065,0.0,86,81,0,0,81,79,2611,5,0,0,5,2
2020-10-21,US,Idaho,Camas,39,0,0,43.46665742,-114.8065892,16025.0,3526.2206148282103,0.0,39,39,0,0,39,39,1127,0,0,0,0,0
2020-10-21,US,Idaho,Canyon,9438,108,0,43.61970148,-116.70954990000001,16027.0,4106.174053400276,1.1443102352193262,9330,9328,107,0,9221,9240,223499,110,1,0,109,88
2020-10-21,US,Idaho,Caribou,227,4,0,42.77149116,-111.5597683,16029.0,3172.606568832984,1.7621145374449338,223,213,4,0,209,212,7060,14,0,0,14,1
2020-10-21,US,Idaho,Cassia,1221,8,0,42.28347888,-113.6012409,16031.0,5081.148564294632,0.6552006552006552,1213,1199,8,0,1191,1176,23864,22,0,0,22,23
2020-10-21,US,Idaho,Clark,40,0,0,44.28496071,-112.35057040000001,16033.0,4733.727810650888,0.0,40,40,0,0,40,40,852,0,0,0,0,0
2020-10-21,US,Idaho,Clearwater,128,0,0,46.67459924,-115.6622393,16035.0,1461.8547281863864,0.0,128,127,0,0,127,124,8758,1,0,0,1,3
2020-10-21,US,Idaho,Custer,93,1,0,44.24186819,-114.2855494,16037.0,2155.2723059096174,1.075268817204301,92,93,1,0,92,93,4280,0,0,0,0,0
2020-10-21,US,Idaho,Elmore,477,4,0,43.3507101,-115.4701578,16039.0,1733.8519137799426,0.8385744234800838,473,468,4,0,464,457,27259,9,0,0,9,11
2020-10-21,US,Idaho,Franklin,309,1,0,42.18332217,-111.81496659999999,16041.0,2226.8665321418275,0.32362459546925565,308,286,1,0,285,284,13726,23,0,0,23,2
2020-10-21,US,Idaho,Fremont,381,3,0,44.22800938,-111.48099429999999,16043.0,2908.618978547981,0.7874015748031497,378,367,3,0,364,362,13168,14,0,0,14,5
2020-10-21,US,Idaho,Gem,401,5,0,44.06482372,-116.398376,16045.0,2214.001766784452,1.2468827930174564,396,395,4,0,391,393,17634,6,1,0,5,2
2020-10-21,US,Idaho,Gooding,485,3,0,42.96927962,-114.81083059999999,16047.0,3195.203900125173,0.6185567010309279,482,470,3,0,467,449,15196,15,0,0,15,21
2020-10-21,US,Idaho,Idaho,311,1,0,45.84721541,-115.4634436,16049.0,1865.9626807463849,0.3215434083601286,310,303,0,0,303,292,16513,8,1,0,7,11
2020-10-21,US,Idaho,Jefferson,878,3,0,43.82078483,-112.3131749,16051.0,2939.305681095377,0.3416856492027335,875,869,3,0,866,857,29439,9,0,0,9,12
2020-10-21,US,Idaho,Jerome,1006,7,0,42.68891267,-114.2655033,16053.0,4120.924135670982,0.6958250497017893,999,981,7,0,974,974,24015,25,0,0,25,7
2020-10-21,US,Idaho,Kootenai,3629,48,0,47.67282258,-116.7020872,16055.0,2190.1422475965164,1.3226784238082117,3581,3538,46,0,3492,3418,161505,91,2,0,89,120
2020-10-21,US,Idaho,Latah,847,0,0,46.81587887,-116.71136979999999,16057.0,2111.7981450084767,0.0,847,835,0,0,835,826,40134,12,0,0,12,9
2020-10-21,US,Idaho,Lemhi,194,0,0,44.9438088,-113.9309747,16059.0,2416.843154354055,0.0,194,192,0,0,192,181,7961,2,0,0,2,11
2020-10-21,US,Idaho,Lewis,71,3,0,46.23315327,-116.434146,16061.0,1849.921834288692,4.225352112676056,68,71,2,0,69,71,3861,0,1,0,-1,0
2020-10-21,US,Idaho,Lincoln,143,0,0,43.0012336,-114.1358773,16063.0,2664.9273201639953,0.0,143,138,0,0,138,135,5360,5,0,0,5,3
2020-10-21,US,Idaho,Madison,2205,2,0,43.78141028,-111.65384740000002,16065.0,5525.346430450798,0.090702947845805,2203,2159,2,0,2157,2088,39304,46,0,0,46,71
2020-10-21,US,Idaho,Minidoka,1103,8,0,42.85518524,-113.6357257,16067.0,5242.644612386521,0.7252946509519492,1095,1095,8,0,1087,1075,20825,8,0,0,8,20
2020-10-21,US,Idaho,Nez Perce,690,24,0,46.32638236,-116.75009750000001,16069.0,1707.5826568996238,3.4782608695652173,666,681,24,0,657,634,40408,9,0,0,9,47
2020-10-21,US,Idaho,Oneida,37,0,0,42.19494279999999,-112.5407838,16071.0,816.5967777532553,0.0,37,35,0,0,35,34,4488,2,0,0,2,1
2020-10-21,US,Idaho,Owyhee,378,5,0,42.58016894,-116.16938710000001,16073.0,3197.158081705151,1.3227513227513228,373,369,5,0,364,367,11693,9,0,0,9,2
2020-10-21,US,Idaho,Payette,1089,10,0,44.00545243,-116.7647695,16075.0,4546.783015322951,0.9182736455463728,1079,1082,10,0,1072,1075,23551,7,0,0,7,7
2020-10-21,US,Idaho,Power,342,2,0,42.69254894,-112.83957420000002,16077.0,4452.545241505012,0.5847953216374269,340,339,2,0,337,338,7768,3,0,0,3,1
2020-10-21,US,Idaho,Shoshone,241,20,0,47.35364087,-115.89167490000001,16079.0,1870.827511256016,8.298755186721992,221,237,20,0,217,236,12796,4,0,0,4,1
2020-10-21,US,Idaho,Teton,268,2,0,43.75303583,-111.2056773,16081.0,2207.214626914841,0.746268656716418,266,267,1,0,266,257,11640,1,1,0,0,10
2020-10-21,US,Idaho,Twin Falls,3540,42,0,42.35440512,-114.6685381,16083.0,4074.6794355302836,1.1864406779661016,3498,3430,42,0,3388,3353,86081,110,0,0,110,77
2020-10-21,US,Idaho,Unassigned,4,0,0,0.0,0.0,90016.0,0.0,0.0,4,3,0,0,3,3,,1,0,0,1,0
2020-10-21,US,Idaho,Valley,110,1,0,44.76728382,-115.5676773,16085.0,965.5898876404492,0.9090909090909092,109,108,1,0,107,107,11041,2,0,0,2,1
2020-10-21,US,Idaho,Washington,431,7,0,44.45275475,-116.78476880000001,16087.0,4227.977241514616,1.6241299303944317,424,428,7,0,421,426,10161,3,0,0,3,2
2020-10-21,US,Illinois,Adams,1701,15,0,39.98815591,-91.18786813,17001.0,2599.526247421105,0.8818342151675485,1686,1659,15,0,1644,1633,65691,42,0,0,42,26
2020-10-21,US,Illinois,Alexander,110,1,0,37.18049267,-89.32910838,17003.0,1909.390730775907,0.9090909090909092,109,109,1,0,108,108,6060,1,0,0,1,1
2020-10-21,US,Illinois,Bond,480,9,0,38.88829622,-89.43534887,17005.0,2922.196517715817,1.875,471,471,9,0,462,466,16630,9,0,0,9,5
2020-10-21,US,Illinois,Boone,1709,25,0,42.32359279,-88.82345779,17007.0,3191.7675183027045,1.4628437682855469,1684,1687,25,0,1662,1655,53577,22,0,0,22,32
2020-10-21,US,Illinois,Brown,103,0,0,39.96209138,-90.75068024,17009.0,1565.8254788689571,0.0,103,98,0,0,98,96,6556,5,0,0,5,2
2020-10-21,US,Illinois,Bureau,866,17,0,41.40385234,-89.5283051,17011.0,2654.1620693882555,1.9630484988452657,849,855,17,0,838,847,32993,11,0,0,11,8
2020-10-21,US,Illinois,Calhoun,67,0,0,39.16840183,-90.66330078,17013.0,1413.8003798269674,0.0,67,67,0,0,67,69,4802,0,0,0,0,-2
2020-10-21,US,Illinois,Carroll,372,8,0,42.06823429,-89.93395545,17015.0,2600.489339391821,2.150537634408602,364,367,8,0,359,365,14312,5,0,0,5,2
2020-10-21,US,Illinois,Cass,453,11,0,39.96991073,-90.24734436,17017.0,3729.315880464312,2.428256070640177,442,450,11,0,439,449,12260,3,0,0,3,1
2020-10-21,US,Illinois,Champaign,5819,28,0,40.13919438,-88.20046615,17019.0,2775.062115800066,0.4811823337343186,5791,5741,28,0,5713,5680,209983,78,0,0,78,61
2020-10-21,US,Illinois,Christian,794,26,0,39.54581621,-89.27780482,17021.0,2457.8999504705303,3.2745591939546603,768,784,25,0,759,771,32661,10,1,0,9,13
2020-10-21,US,Illinois,Clark,288,10,0,39.33425789,-87.78705622,17023.0,1865.1641733048377,3.4722222222222223,278,272,9,0,263,266,15596,16,1,0,15,6
2020-10-21,US,Illinois,Clay,291,12,0,38.75388572,-88.48914513,17025.0,2207.220873786408,4.123711340206185,279,284,11,0,273,281,13253,7,1,0,6,3
2020-10-21,US,Illinois,Clinton,1663,25,0,38.60704876,-89.42385254,17027.0,4427.346786646079,1.5033072760072157,1638,1631,24,0,1607,1587,37639,32,1,0,31,44
2020-10-21,US,Illinois,Coles,1822,38,0,39.51949084,-88.22358557,17029.0,3599.296734556804,2.0856201975850714,1784,1798,38,0,1760,1788,50885,24,0,0,24,10
2020-10-21,US,Illinois,Cook,168139,5382,0,41.84144849,-87.81658794,17031.0,3264.687248130327,3.2009230458132856,162757,166457,5369,0,161088,165198,5180493,1682,13,0,1669,1259
2020-10-21,US,Illinois,Crawford,636,6,0,39.0032229,-87.75954624,17033.0,3407.0820163925646,0.9433962264150944,630,630,6,0,624,624,18807,6,0,0,6,6
2020-10-21,US,Illinois,Cumberland,260,6,0,39.27432424,-88.2401158,17035.0,2415.0102173509194,2.3076923076923075,254,258,6,0,252,253,10808,2,0,0,2,5
2020-10-21,US,Illinois,De Witt,246,3,0,40.17514519,-88.90959682,17039.0,1573.0911881314746,1.2195121951219512,243,233,3,0,230,227,15769,13,0,0,13,6
2020-10-21,US,Illinois,DeKalb,2168,42,0,41.89373302,-88.76958483,17037.0,2066.7893266728315,1.9372693726937267,2126,2138,42,0,2096,2095,104143,30,0,0,30,43
2020-10-21,US,Illinois,Douglas,584,8,0,39.76768052,-88.21854195,17041.0,3000.256871307475,1.3698630136986298,576,563,8,0,555,545,19479,21,0,0,21,18
2020-10-21,US,Illinois,DuPage,21470,603,0,41.85116968,-88.08642662,17043.0,2326.309619133165,2.808570097810899,20867,21231,599,0,20632,20947,928589,239,4,0,235,284
2020-10-21,US,Illinois,Edgar,146,8,0,39.6809186,-87.74759563,17045.0,850.7662723617505,5.479452054794519,138,147,8,0,139,139,17360,-1,0,0,-1,8
2020-10-21,US,Illinois,Edwards,101,0,0,38.41353228,-88.05720863,17047.0,1579.3588741204069,0.0,101,99,0,0,99,98,6392,2,0,0,2,1
2020-10-21,US,Illinois,Effingham,1103,3,0,39.05935711,-88.58969584,17049.0,3243.3545048223946,0.27198549410698103,1100,1095,3,0,1092,1090,34208,8,0,0,8,5
2020-10-21,US,Illinois,Fayette,652,22,0,39.00072038,-89.02452658,17051.0,3055.8680164979382,3.3742331288343568,630,638,21,0,617,630,21416,14,1,0,13,8
2020-10-21,US,Illinois,Ford,186,11,0,40.59706922,-88.22350769,17053.0,1435.0744541316253,5.913978494623656,175,182,9,0,173,179,13264,4,2,0,2,3
2020-10-21,US,Illinois,Franklin,888,8,0,37.99189086,-88.92567818,17055.0,2308.3521796771424,0.9009009009009008,880,866,6,0,860,840,38701,22,2,0,20,26
2020-10-21,US,Illinois,Fulton,446,1,0,40.47289135,-90.20862357,17057.0,1298.7769365171812,0.2242152466367713,445,429,0,0,429,403,34844,17,1,0,16,26
2020-10-21,US,Illinois,Gallatin,106,2,0,37.76430935,-88.22953869,17059.0,2195.5260977630487,1.8867924528301887,104,105,2,0,103,105,5058,1,0,0,1,0
2020-10-21,US,Illinois,Greene,276,15,0,39.35907414,-90.388865,17061.0,2128.151746472357,5.434782608695652,261,270,15,0,255,269,13044,6,0,0,6,1
2020-10-21,US,Illinois,Grundy,903,7,0,41.28569601,-88.41905692,17063.0,1768.715477729463,0.7751937984496124,896,889,7,0,882,877,50972,14,0,0,14,12
2020-10-21,US,Illinois,Hamilton,113,2,0,38.08163641,-88.53883373,17065.0,1392.3114834894034,1.7699115044247788,111,114,2,0,112,113,8163,-1,0,0,-1,1
2020-10-21,US,Illinois,Hancock,288,4,0,40.40423981,-91.16313899,17067.0,1626.3835554551615,1.3888888888888888,284,285,3,0,282,284,17844,3,1,0,2,1
2020-10-21,US,Illinois,Hardin,50,0,0,37.51810645,-88.26873022,17069.0,1308.5579691180321,0.0,50,49,0,0,49,49,3910,1,0,0,1,0
2020-10-21,US,Illinois,Henderson,115,0,0,40.81908672,-90.92491462,17071.0,1730.3641287992778,0.0,115,111,0,0,111,111,6709,4,0,0,4,0
2020-10-21,US,Illinois,Henry,810,7,0,41.3533994,-90.13296166,17073.0,1656.001472001309,0.8641975308641975,803,798,7,0,791,794,49090,12,0,0,12,4
2020-10-21,US,Illinois,Iroquois,464,19,0,40.74717633,-87.82466784,17075.0,1711.2930589363434,4.094827586206897,445,459,19,0,440,451,27604,5,0,0,5,8
2020-10-21,US,Illinois,Jackson,1462,26,0,37.78595185,-89.38232563,17077.0,2576.2114537444936,1.7783857729138166,1436,1443,25,0,1418,1433,57419,19,1,0,18,10
2020-10-21,US,Illinois,Jasper,257,10,0,39.01054275,-88.15437049,17079.0,2674.297606659729,3.891050583657588,247,250,10,0,240,247,9611,7,0,0,7,3
2020-10-21,US,Illinois,Jefferson,886,44,0,38.29980057,-88.9240025,17081.0,2351.130453242756,4.966139954853274,842,867,44,0,823,858,37820,19,0,0,19,9
2020-10-21,US,Illinois,Jersey,462,21,0,39.08869046,-90.35393073,17083.0,2121.894089009324,4.545454545454546,441,456,21,0,435,456,21847,6,0,0,6,0
2020-10-21,US,Illinois,Jo Daviess,446,7,0,42.36542373,-90.21094405,17085.0,2100.306098422416,1.5695067264573992,439,436,7,0,429,427,21366,10,0,0,10,9
2020-10-21,US,Illinois,Johnson,327,0,0,37.45939802,-88.88165419,17087.0,2633.486349359749,0.0,327,322,0,0,322,313,12456,5,0,0,5,9
2020-10-21,US,Illinois,Kane,15802,344,0,41.93842729,-88.42861412,17089.0,2968.0523963989685,2.176939627895204,15458,15616,342,0,15274,15422,534216,186,2,0,184,194
2020-10-21,US,Illinois,Kankakee,3224,78,0,41.13746989,-87.86205334,17091.0,2934.5906682929494,2.419354838709677,3146,3190,78,0,3112,3168,110024,34,0,0,34,22
2020-10-21,US,Illinois,Kendall,2521,29,0,41.59081014,-88.42869583,17093.0,1954.415070935732,1.1503371677905594,2492,2485,27,0,2458,2470,127915,36,2,0,34,15
2020-10-21,US,Illinois,Knox,1181,12,0,40.93148779,-90.21330340000002,17095.0,2376.305358256705,1.0160880609652836,1169,1151,9,0,1142,1096,50112,30,3,0,27,55
2020-10-21,US,Illinois,LaSalle,2235,60,0,41.34426129999999,-88.88633881,17099.0,2056.7043038953148,2.684563758389262,2175,2207,60,0,2147,2184,109430,28,0,0,28,23
2020-10-21,US,Illinois,Lake,19856,507,0,42.3224907,-88.00367925,17097.0,2850.6823059860594,2.5533843674456085,19349,19714,506,0,19208,19546,700832,142,1,0,141,168
2020-10-21,US,Illinois,Lawrence,317,8,0,38.71987914,-87.72884035,17101.0,2021.9415741803805,2.5236593059936907,309,306,8,0,298,306,15765,11,0,0,11,0
2020-10-21,US,Illinois,Lee,641,1,0,41.74583951,-89.29977132,17103.0,1879.9859221023,0.15600624024961,640,627,1,0,626,612,34223,14,0,0,14,15
2020-10-21,US,Illinois,Livingston,586,10,0,40.89188292,-88.55784752,17105.0,1643.8509874326749,1.706484641638225,576,557,10,0,547,549,35761,29,0,0,29,8
2020-10-21,US,Illinois,Logan,553,4,0,40.12581572,-89.36638784,17107.0,1932.3502690614291,0.7233273056057866,549,547,4,0,543,543,28925,6,0,0,6,4
2020-10-21,US,Illinois,Macon,2733,49,0,39.86064913,-88.96342505,17115.0,2627.657221971176,1.7929015733626052,2684,2633,48,0,2585,2568,104712,100,1,0,99,65
2020-10-21,US,Illinois,Macoupin,751,10,0,39.26119767,-89.92424028,17117.0,1671.6378043894406,1.3315579227696406,741,741,10,0,731,731,45313,10,0,0,10,10
2020-10-21,US,Illinois,Madison,6893,153,0,38.83042506,-89.90422563,17119.0,2621.251416532936,2.2196431162048453,6740,6832,152,0,6680,6795,264461,61,1,0,60,37
2020-10-21,US,Illinois,Marion,891,16,0,38.64963204,-88.91899208,17121.0,2394.839403306007,1.7957351290684624,875,866,13,0,853,845,37620,25,3,0,22,21
2020-10-21,US,Illinois,Marshall,141,3,0,41.0327901,-89.34510444,17123.0,1232.7329952788948,2.127659574468085,138,140,3,0,137,137,11534,1,0,0,1,3
2020-10-21,US,Illinois,Mason,239,1,0,40.23917274,-89.91824452,17125.0,1789.0560670708883,0.41841004184100417,238,238,1,0,237,235,13565,1,0,0,1,3
2020-10-21,US,Illinois,Massac,141,2,0,37.22078441,-88.71036614,17127.0,1023.8164391519023,1.4184397163120568,139,141,2,0,139,141,14080,0,0,0,0,0
2020-10-21,US,Illinois,McDonough,687,16,0,40.45674722,-90.67775541,17109.0,2314.5340610470994,2.3289665211062593,671,668,15,0,653,665,29955,19,1,0,18,3
2020-10-21,US,Illinois,McHenry,5803,120,0,42.32451172,-88.45248227,17111.0,1885.4744065450625,2.067895915905566,5683,5726,120,0,5606,5642,308570,77,0,0,77,84
2020-10-21,US,Illinois,McLean,3967,31,0,40.48996987,-88.84621113,17113.0,2312.890267437047,0.7814469372321654,3936,3918,31,0,3887,3867,172828,49,0,0,49,51
2020-10-21,US,Illinois,Menard,165,1,0,40.02742725,-89.80246001,17129.0,1352.9025910134476,0.6060606060606061,164,165,1,0,164,159,12288,0,0,0,0,6
2020-10-21,US,Illinois,Mercer,229,6,0,41.20596782,-90.74290052,17131.0,1483.4488566431305,2.6200873362445414,223,225,6,0,219,219,15601,4,0,0,4,6
2020-10-21,US,Illinois,Monroe,873,28,0,38.27594376,-90.17761038,17133.0,2520.4261339030522,3.207331042382589,845,861,28,0,833,849,34335,12,0,0,12,12
2020-10-21,US,Illinois,Montgomery,570,15,0,39.23198845,-89.47809254,17135.0,2006.0533539804321,2.631578947368421,555,555,15,0,540,548,28601,15,0,0,15,7
2020-10-21,US,Illinois,Morgan,854,24,0,39.71654544,-90.20255104,17137.0,2537.286826311724,2.8103044496487115,830,810,24,0,786,796,33976,44,0,0,44,14
2020-10-21,US,Illinois,Moultrie,380,5,0,39.64187451,-88.62099969,17139.0,2620.5089304185917,1.3157894736842106,375,378,5,0,373,375,14717,2,0,0,2,3
2020-10-21,US,Illinois,Ogle,1121,7,0,42.04165196,-89.32184679,17141.0,2213.533953359793,0.6244424620874219,1114,1089,7,0,1082,1052,50923,32,0,0,32,37
2020-10-21,US,Illinois,Out of IL,2,0,0,0.0,0.0,80017.0,0.0,0.0,2,2,0,0,2,2,,0,0,0,0,0
2020-10-21,US,Illinois,Peoria,4336,67,0,40.78702156,-89.76078901,17143.0,2419.926442272811,1.5452029520295203,4269,4310,64,0,4246,4243,180621,26,3,0,23,67
2020-10-21,US,Illinois,Perry,412,16,0,38.08510853,-89.36856219,17145.0,1969.7838974947406,3.8834951456310685,396,409,16,0,393,406,21174,3,0,0,3,3
2020-10-21,US,Illinois,Piatt,220,0,0,40.01360584,-88.59319339,17147.0,1346.059716103769,0.0,220,218,0,0,218,207,16396,2,0,0,2,11
2020-10-21,US,Illinois,Pike,281,4,0,39.62265059,-90.8877017,17149.0,1805.7965426386481,1.4234875444839858,277,267,4,0,263,260,15611,14,0,0,14,7
2020-10-21,US,Illinois,Pope,37,1,0,37.41391284,-88.56152109,17151.0,885.8032080440507,2.702702702702702,36,36,1,0,35,36,4212,1,0,0,1,0
2020-10-21,US,Illinois,Pulaski,228,1,0,37.22631423,-89.13085001,17153.0,4273.664479850047,0.43859649122807015,227,226,1,0,225,226,5463,2,0,0,2,0
2020-10-21,US,Illinois,Putnam,88,0,0,41.2013541,-89.2869272,17155.0,1533.3681826102109,0.0,88,86,0,0,86,85,5740,2,0,0,2,1
2020-10-21,US,Illinois,Randolph,1195,14,0,38.05095369,-89.82512254,17157.0,3759.9899314077143,1.1715481171548117,1181,1159,14,0,1145,1145,32106,36,0,0,36,14
2020-10-21,US,Illinois,Richland,322,15,0,38.71240969,-88.08475366,17159.0,2075.6784632243925,4.658385093167702,307,318,15,0,303,317,15763,4,0,0,4,1
2020-10-21,US,Illinois,Rock Island,3766,89,0,41.46613806,-90.57042164,17161.0,2654.3745022166777,2.3632501327668614,3677,3721,89,0,3632,3670,143477,45,0,0,45,51
2020-10-21,US,Illinois,Saline,511,9,0,37.75332999,-88.54119706,17165.0,2175.301179175003,1.761252446183953,502,505,7,0,498,503,23906,6,2,0,4,2
2020-10-21,US,Illinois,Sangamon,3626,61,0,39.75836914,-89.65872023,17167.0,1862.620202186241,1.6822945394373965,3565,3556,60,0,3496,3475,195348,70,1,0,69,81
2020-10-21,US,Illinois,Schuyler,83,1,0,40.157179799999994,-90.61114163,17169.0,1226.3593380614655,1.2048192771084338,82,80,1,0,79,80,6907,3,0,0,3,0
2020-10-21,US,Illinois,Scott,98,0,0,39.642916899999996,-90.47814431,17171.0,1979.3981013936584,0.0,98,95,0,0,95,93,4926,3,0,0,3,2
2020-10-21,US,Illinois,Shelby,611,10,0,39.39133527,-88.80611122,17173.0,2824.2581122307483,1.6366612111292962,601,592,8,0,584,586,21741,19,2,0,17,6
2020-10-21,US,Illinois,St. Clair,7674,215,0,38.46996033,-89.93063427,17163.0,2955.107321919549,2.801667969768048,7459,7623,213,0,7410,7559,261059,51,2,0,49,64
2020-10-21,US,Illinois,Stark,82,2,0,41.09309773,-89.79745866,17175.0,1535.0056158742043,2.4390243902439024,80,80,2,0,78,79,5427,2,0,0,2,1
2020-10-21,US,Illinois,Stephenson,851,7,0,42.35129217,-89.662598,17177.0,1912.4455031686816,0.8225616921269095,844,820,7,0,813,814,44753,31,0,0,31,6
2020-10-21,US,Illinois,Tazewell,2475,49,0,40.50716185,-89.51404662,17179.0,1877.8024779405628,1.97979797979798,2426,2445,49,0,2396,2405,132328,30,0,0,30,40
2020-10-21,US,Illinois,Unassigned,3632,260,0,0.0,0.0,90017.0,0.0,7.158590308370044,3372,3627,260,0,3367,3627,,5,0,0,5,0
2020-10-21,US,Illinois,Union,746,25,0,37.47119609,-89.25548938,17181.0,4479.673332132348,3.351206434316354,721,738,25,0,713,730,16841,8,0,0,8,8
2020-10-21,US,Illinois,Vermilion,1592,8,0,40.18417171,-87.73384359,17183.0,2101.4282320019006,0.5025125628140703,1584,1562,7,0,1555,1541,76806,30,1,0,29,21
2020-10-21,US,Illinois,Wabash,215,5,0,38.44272901,-87.84922065,17185.0,1866.3194444444448,2.3255813953488373,210,210,5,0,205,205,11549,5,0,0,5,5
2020-10-21,US,Illinois,Warren,467,7,0,40.84925021,-90.6147432,17187.0,2772.5005936832117,1.4989293361884368,460,464,7,0,457,451,17032,3,0,0,3,13
2020-10-21,US,Illinois,Washington,286,1,0,38.35309213,-89.40982703,17189.0,2059.480089292144,0.34965034965034963,285,277,1,0,276,278,13995,9,0,0,9,-1
2020-10-21,US,Illinois,Wayne,461,11,0,38.42955355,-88.42586459,17191.0,2843.046561825471,2.386117136659436,450,440,11,0,429,434,16332,21,0,0,21,6
2020-10-21,US,Illinois,White,242,1,0,38.08706198,-88.17657461,17193.0,1787.6929895841029,0.4132231404958678,241,235,1,0,234,235,13665,7,0,0,7,0
2020-10-21,US,Illinois,Whiteside,1241,25,0,41.75509713,-89.91556058,17195.0,2249.207068418668,2.0145044319097503,1216,1167,22,0,1145,1152,55626,74,3,0,71,15
2020-10-21,US,Illinois,Will,17354,424,0,41.44619267,-87.97862712,17197.0,2512.367117726853,2.4432407514117784,16930,17106,422,0,16684,16898,692310,248,2,0,246,208
2020-10-21,US,Illinois,Williamson,1761,59,0,37.73033511,-88.92994027,17199.0,2644.2632551015813,3.3503691084611016,1702,1737,58,0,1679,1709,67056,24,1,0,23,28
2020-10-21,US,Illinois,Winnebago,9464,172,0,42.33641854,-89.16085327,17201.0,3349.2348852681794,1.8174133558748944,9292,9314,167,0,9147,9114,284081,150,5,0,145,200
2020-10-21,US,Illinois,Woodford,558,14,0,40.78579374,-89.20973757,17203.0,1450.895759120102,2.508960573476702,544,553,11,0,542,543,38463,5,3,0,2,10
2020-10-21,US,Indiana,Adams,481,5,0,40.7457653,-84.93671406,18001.0,1344.4391648265646,1.0395010395010396,476,472,5,0,467,464,35636,9,0,0,9,8
2020-10-21,US,Indiana,Allen,7978,222,0,41.09194313,-85.06800636,18003.0,2103.3538184914805,2.7826522938079714,7756,7880,222,0,7658,7815,375351,98,0,0,98,65
2020-10-21,US,Indiana,Bartholomew,1397,58,0,39.20744865,-85.89558181,18005.0,1667.4823046348126,4.151753758052972,1339,1397,58,0,1339,1386,82753,0,0,0,0,11
2020-10-21,US,Indiana,Benton,108,0,0,40.60626947,-87.31093999,18007.0,1234.5679012345681,0.0,108,107,0,0,107,107,8653,1,0,0,1,0
2020-10-21,US,Indiana,Blackford,198,3,0,40.47388153,-85.32499702,18009.0,1683.9598571185575,1.5151515151515151,195,192,3,0,189,190,11930,6,0,0,6,2
2020-10-21,US,Indiana,Boone,1195,48,0,40.0509304,-86.46841646,18011.0,1761.4197485370637,4.01673640167364,1147,1188,48,0,1140,1186,66999,7,0,0,7,2
2020-10-21,US,Indiana,Brown,130,3,0,39.19605589,-86.22868909,18013.0,861.3835144447389,2.3076923076923075,127,130,3,0,127,128,15234,0,0,0,0,2
2020-10-21,US,Indiana,Carroll,317,13,0,40.580783200000006,-86.56198812,18015.0,1564.8911487387077,4.100946372239748,304,314,13,0,301,308,20127,3,0,0,3,6
2020-10-21,US,Indiana,Cass,2228,22,0,40.76135835,-86.34830753,18017.0,5911.539175886864,0.9874326750448832,2206,2220,21,0,2199,2210,37955,8,1,0,7,10
2020-10-21,US,Indiana,Clark,2891,61,0,38.48015445,-85.70510334,18019.0,2443.745667866985,2.1099965409892767,2830,2854,61,0,2793,2821,117360,37,0,0,37,33
2020-10-21,US,Indiana,Clay,439,6,0,39.39561833,-87.11723506,18021.0,1673.9752144899905,1.366742596810934,433,434,6,0,428,427,26170,5,0,0,5,7
2020-10-21,US,Indiana,Clinton,829,16,0,40.30319754,-86.47277257,18023.0,2558.720948177413,1.9300361881785284,813,816,16,0,800,813,32250,13,0,0,13,3
2020-10-21,US,Indiana,Crawford,153,1,0,38.28814402,-86.44518825,18025.0,1446.5349342913873,0.6535947712418301,152,149,1,0,148,148,10558,4,0,0,4,1
2020-10-21,US,Indiana,Daviess,853,33,0,38.70186039,-87.07185406,18027.0,2557.644448442325,3.868698710433763,820,840,33,0,807,837,33147,13,0,0,13,3
2020-10-21,US,Indiana,DeKalb,699,11,0,41.39804622,-84.99906934,18033.0,1607.8205865439909,1.5736766809728182,688,694,11,0,683,686,43226,5,0,0,5,8
2020-10-21,US,Indiana,Dearborn,928,28,0,39.14647946,-84.97333539,18029.0,1876.3395204011483,3.0172413793103448,900,916,28,0,888,903,49568,12,0,0,12,13
2020-10-21,US,Indiana,Decatur,499,39,0,39.30712658,-85.50087166,18031.0,1878.8357995406448,7.8156312625250495,460,498,39,0,459,494,26794,1,0,0,1,4
2020-10-21,US,Indiana,Delaware,2845,74,0,40.22787247,-85.39732772,18035.0,2492.662198273974,2.6010544815465733,2771,2820,74,0,2746,2796,114772,25,0,0,25,24
2020-10-21,US,Indiana,Dubois,1367,26,0,38.36597551,-86.87924170000002,18037.0,3198.708348932984,1.9019751280175567,1341,1351,25,0,1326,1337,42565,16,1,0,15,14
2020-10-21,US,Indiana,Elkhart,8530,132,0,41.59761169,-85.85875695,18039.0,4133.933634129911,1.5474794841735051,8398,8469,132,0,8337,8371,205560,61,0,0,61,98
2020-10-21,US,Indiana,Fayette,614,17,0,39.63684962,-85.17797541,18041.0,2657.778547311921,2.768729641693811,597,585,17,0,568,575,23047,29,0,0,29,10
2020-10-21,US,Indiana,Floyd,1773,67,0,38.32117957,-85.90385377,18043.0,2257.965920379002,3.7789058093626617,1706,1748,67,0,1681,1727,77781,25,0,0,25,21
2020-10-21,US,Indiana,Fountain,288,3,0,40.12361933,-87.24217689,18045.0,1761.898935519393,1.0416666666666667,285,286,3,0,283,274,16351,2,0,0,2,12
2020-10-21,US,Indiana,Franklin,366,25,0,39.4142482,-85.06062647,18047.0,1608.2256788821514,6.830601092896176,341,365,25,0,340,363,22736,1,0,0,1,2
2020-10-21,US,Indiana,Fulton,347,2,0,41.0469907,-86.26252745,18049.0,1737.258435966757,0.5763688760806917,345,336,2,0,334,329,20092,11,0,0,11,7
2020-10-21,US,Indiana,Gibson,849,11,0,38.30393723,-87.58054938,18051.0,2522.356576250037,1.2956419316843346,838,834,11,0,823,826,33452,15,0,0,15,8
2020-10-21,US,Indiana,Grant,1226,39,0,40.51587228,-85.65468702,18053.0,1864.1001079535952,3.1810766721044046,1187,1209,39,0,1170,1180,65936,17,0,0,17,29
2020-10-21,US,Indiana,Greene,521,37,0,39.03630547,-86.96223202,18055.0,1632.10325167596,7.1017274472168905,484,518,37,0,481,512,32006,3,0,0,3,6
2020-10-21,US,Indiana,Hamilton,6000,113,0,40.07306535,-86.05244729,18057.0,1775.0901597876993,1.8833333333333333,5887,5962,113,0,5849,5923,330086,38,0,0,38,39
2020-10-21,US,Indiana,Hancock,1156,45,0,39.82304555,-85.77566351,18059.0,1478.8660321359125,3.8927335640138407,1111,1141,45,0,1096,1141,76351,15,0,0,15,0
2020-10-21,US,Indiana,Harrison,748,24,0,38.19467379,-86.10948271,18061.0,1846.229791435271,3.2085561497326203,724,740,24,0,716,733,40350,8,0,0,8,7
2020-10-21,US,Indiana,Hendricks,3221,130,0,39.76719009,-86.51037283,18063.0,1891.2460146437986,4.0360136603539285,3091,3183,130,0,3053,3140,167009,38,0,0,38,43
2020-10-21,US,Indiana,Henry,1234,29,0,39.93029017,-85.39625719,18065.0,2572.333861419161,2.3500810372771475,1205,1226,28,0,1198,1218,48271,8,1,0,7,8
2020-10-21,US,Indiana,Howard,1600,66,0,40.48527731,-86.11351892,18067.0,1938.3601473153715,4.125,1534,1588,66,0,1522,1574,82366,12,0,0,12,14
2020-10-21,US,Indiana,Huntington,380,5,0,40.82907273,-85.48822092,18069.0,1040.52573932092,1.3157894736842106,375,378,5,0,373,369,36240,2,0,0,2,9
2020-10-21,US,Indiana,Jackson,1094,13,0,38.90915820000001,-86.03851889,18071.0,2473.378399764871,1.1882998171846435,1081,1087,13,0,1074,1074,44111,7,0,0,7,13
2020-10-21,US,Indiana,Jasper,574,4,0,41.02078733,-87.11553319,18073.0,1710.2675645074787,0.6968641114982579,570,562,4,0,558,546,33370,12,0,0,12,16
2020-10-21,US,Indiana,Jay,294,6,0,40.43781032,-85.00576229,18075.0,1438.637698179683,2.0408163265306123,288,287,6,0,281,281,20764,7,0,0,7,6
2020-10-21,US,Indiana,Jefferson,330,5,0,38.78576239,-85.43633383,18077.0,1021.4188436300607,1.5151515151515151,325,330,5,0,325,328,32208,0,0,0,0,2
2020-10-21,US,Indiana,Jennings,360,13,0,38.99588883,-85.62710784,18079.0,1297.9989183342348,3.611111111111111,347,360,13,0,347,359,27611,0,0,0,0,1
2020-10-21,US,Indiana,Johnson,3051,128,0,39.48994426,-86.10149107,18081.0,1928.9738061668995,4.195345788266144,2923,2995,128,0,2867,2972,156225,56,0,0,56,23
2020-10-21,US,Indiana,Knox,721,10,0,38.68861576,-87.4194665,18083.0,1970.2683500027329,1.3869625520110958,711,703,10,0,693,696,36895,18,0,0,18,7
2020-10-21,US,Indiana,Kosciusko,1792,24,0,41.24521668,-85.86312322,18085.0,2255.3362867498995,1.3392857142857142,1768,1768,23,0,1745,1731,79344,24,1,0,23,37
2020-10-21,US,Indiana,LaGrange,777,15,0,41.64232188,-85.42674232,18087.0,1961.4277780582627,1.9305019305019304,762,767,15,0,752,766,39330,10,0,0,10,1
2020-10-21,US,Indiana,LaPorte,2209,58,0,41.54366008,-86.74072188,18091.0,2010.2285963890506,2.625622453598913,2151,2155,57,0,2098,2130,110007,54,1,0,53,25
2020-10-21,US,Indiana,Lake,13380,352,0,41.41874274,-87.38277575,18089.0,2755.961465973762,2.6307922272047835,13028,13220,352,0,12868,13079,484411,160,0,0,160,141
2020-10-21,US,Indiana,Lawrence,826,34,0,38.84112637,-86.48361629,18093.0,1820.5862905003305,4.116222760290556,792,785,34,0,751,778,45668,41,0,0,41,7
2020-10-21,US,Indiana,Madison,2324,93,0,40.16143691,-85.71964711,18095.0,1793.6389105418734,4.001721170395869,2231,2295,93,0,2202,2269,129641,29,0,0,29,26
2020-10-21,US,Indiana,Marion,24905,785,0,39.78163624,-86.13826325,18097.0,2581.947413491025,3.1519775145553104,24120,24697,784,0,23913,24564,954670,208,1,0,207,133
2020-10-21,US,Indiana,Marshall,1342,26,0,41.32467367,-86.26185087,18099.0,2901.1198063037746,1.9374068554396424,1316,1325,26,0,1299,1306,46248,17,0,0,17,19
2020-10-21,US,Indiana,Martin,196,0,0,38.7099921,-86.80373186,18101.0,1911.2627986348127,0.0,196,195,0,0,195,195,10217,1,0,0,1,0
2020-10-21,US,Indiana,Miami,587,5,0,40.76940965,-86.04525048,18103.0,1652.7762135375604,0.8517887563884157,582,584,5,0,579,576,35567,3,0,0,3,8
2020-10-21,US,Indiana,Monroe,3222,38,0,39.16130004,-86.52414358,18105.0,2170.7055803706767,1.1793916821849784,3184,3207,38,0,3169,3194,146917,15,0,0,15,13
2020-10-21,US,Indiana,Montgomery,578,22,0,40.04034823,-86.89335024,18107.0,1507.6425478637384,3.8062283737024223,556,572,22,0,550,564,38346,6,0,0,6,8
2020-10-21,US,Indiana,Morgan,930,40,0,39.47899078,-86.44573375,18109.0,1319.3547929464169,4.301075268817204,890,922,40,0,882,915,70116,8,0,0,8,7
2020-10-21,US,Indiana,Newton,222,11,0,40.95610449,-87.39635768,18111.0,1587.5286041189931,4.954954954954955,211,218,11,0,207,211,14011,4,0,0,4,7
2020-10-21,US,Indiana,Noble,1146,33,0,41.39672484,-85.41966713,18113.0,2400.301608579089,2.8795811518324608,1113,1135,33,0,1102,1113,47532,11,0,0,11,22
2020-10-21,US,Indiana,Ohio,124,7,0,38.955304999999996,-84.96515993,18115.0,2110.6382978723404,5.645161290322582,117,122,7,0,115,118,5844,2,0,0,2,4
2020-10-21,US,Indiana,Orange,388,25,0,38.54118920000001,-86.49523093,18117.0,1974.956734195256,6.443298969072165,363,387,25,0,362,386,19489,1,0,0,1,1
2020-10-21,US,Indiana,Owen,203,1,0,39.31145587,-86.83900724,18119.0,976.0084619452858,0.4926108374384237,202,202,1,0,201,199,20845,1,0,0,1,3
2020-10-21,US,Indiana,Parke,222,3,0,39.77202286,-87.20375833,18121.0,1310.7398004369134,1.351351351351351,219,220,3,0,217,218,16927,2,0,0,2,2
2020-10-21,US,Indiana,Perry,297,14,0,38.07809328,-86.63741946,18123.0,1549.3765976315924,4.713804713804714,283,295,14,0,281,289,19102,2,0,0,2,6
2020-10-21,US,Indiana,Pike,329,15,0,38.40112197,-87.23574907,18125.0,2655.5815642909038,4.5592705167173255,314,319,13,0,306,316,12410,10,2,0,8,3
2020-10-21,US,Indiana,Porter,3036,48,0,41.45986947,-87.06848888,18127.0,1781.8051634788626,1.5810276679841897,2988,2978,48,0,2930,2932,169594,58,0,0,58,46
2020-10-21,US,Indiana,Posey,689,6,0,38.02097333,-87.86480429,18129.0,2709.718016281905,0.8708272859216255,683,679,6,0,673,674,25540,10,0,0,10,5
2020-10-21,US,Indiana,Pulaski,148,1,0,41.04166107,-86.69890683,18131.0,1198.0895329069858,0.6756756756756757,147,147,1,0,146,143,12469,1,0,0,1,4
2020-10-21,US,Indiana,Putnam,716,16,0,39.66437981,-86.84517605,18133.0,1905.4715776027247,2.23463687150838,700,710,16,0,694,695,37779,6,0,0,6,15
2020-10-21,US,Indiana,Randolph,343,9,0,40.15734772,-85.01139319,18135.0,1390.6345023312383,2.623906705539359,334,339,8,0,331,337,24851,4,1,0,3,2
2020-10-21,US,Indiana,Ripley,427,8,0,39.10235626,-85.26212744,18137.0,1507.5554300240078,1.873536299765808,419,422,8,0,414,417,28523,5,0,0,5,5
2020-10-21,US,Indiana,Rush,208,4,0,39.62002287,-85.4655599,18139.0,1254.4478620107354,1.9230769230769231,204,204,4,0,200,203,16663,4,0,0,4,1
2020-10-21,US,Indiana,Scott,510,13,0,38.68672078,-85.74627859,18143.0,2136.3046119046617,2.5490196078431366,497,508,13,0,495,506,23878,2,0,0,2,2
2020-10-21,US,Indiana,Shelby,803,30,0,39.52305623,-85.79158570000001,18145.0,1795.2558742650185,3.7359900373598998,773,794,29,0,765,783,44593,9,1,0,8,11
2020-10-21,US,Indiana,Spencer,374,6,0,38.01519732,-87.0079644,18147.0,1844.4543078364647,1.60427807486631,368,370,6,0,364,368,20327,4,0,0,4,2
2020-10-21,US,Indiana,St. Joseph,8985,161,0,41.61756781,-86.29040834,18141.0,3305.423322272336,1.7918753478018918,8824,8877,159,0,8718,8788,270771,108,2,0,106,89
2020-10-21,US,Indiana,Starke,397,7,0,41.27890281,-86.64686895,18149.0,1726.4622744074802,1.7632241813602014,390,393,7,0,386,384,22935,4,0,0,4,9
2020-10-21,US,Indiana,Steuben,611,8,0,41.64423868,-85.00101094,18151.0,1766.2022316008554,1.3093289689034369,603,600,8,0,592,588,34586,11,0,0,11,12
2020-10-21,US,Indiana,Sullivan,429,13,0,39.08952258,-87.41414469,18153.0,2075.572112825971,3.0303030303030303,416,428,12,0,416,424,20690,1,1,0,0,4
2020-10-21,US,Indiana,Switzerland,90,0,0,38.82767338,-85.03022429,18155.0,837.1314296344526,0.0,90,89,0,0,89,84,10717,1,0,0,1,5
2020-10-21,US,Indiana,Tippecanoe,3587,14,0,40.38872739,-86.89413959,18157.0,1832.6078515521226,0.3902982994145526,3573,3547,14,0,3533,3509,193048,40,0,0,40,38
2020-10-21,US,Indiana,Tipton,270,23,0,40.31123252,-86.05234925,18159.0,1782.4135199366253,8.518518518518519,247,268,23,0,245,266,15128,2,0,0,2,2
2020-10-21,US,Indiana,Unassigned,0,233,0,0.0,0.0,90018.0,0.0,0.0,-233,0,233,0,-233,0,,0,0,0,0,0
2020-10-21,US,Indiana,Union,106,0,0,39.62550777,-84.92497066,18161.0,1502.6935072299405,0.0,106,104,0,0,104,102,7037,2,0,0,2,2
2020-10-21,US,Indiana,Vanderburgh,5675,60,0,38.02658833,-87.58763124,18163.0,3127.5661197788936,1.0572687224669604,5615,5593,60,0,5533,5530,180974,82,0,0,82,63
2020-10-21,US,Indiana,Vermillion,225,1,0,39.8523352,-87.46160542,18165.0,1451.800232288037,0.4444444444444444,224,218,1,0,217,211,15479,7,0,0,7,7
2020-10-21,US,Indiana,Vigo,2560,38,0,39.42944561,-87.39169027,18167.0,2391.673984939928,1.484375,2522,2526,37,0,2489,2488,107386,34,1,0,33,38
2020-10-21,US,Indiana,Wabash,402,9,0,40.84704239,-85.79328272,18169.0,1296.9415408439802,2.238805970149253,393,391,9,0,382,385,31280,11,0,0,11,6
2020-10-21,US,Indiana,Warren,76,1,0,40.34728141,-87.35602659,18171.0,919.5402298850572,1.3157894736842106,75,75,1,0,74,73,8263,1,0,0,1,2
2020-10-21,US,Indiana,Warrick,1900,65,0,38.08922676,-87.2716085,18173.0,3015.968760913045,3.421052631578948,1835,1884,64,0,1820,1865,62567,16,1,0,15,19
2020-10-21,US,Indiana,Washington,363,2,0,38.60219804,-86.1049363,18175.0,1294.7638750178344,0.5509641873278237,361,359,2,0,357,351,27943,4,0,0,4,8
2020-10-21,US,Indiana,Wayne,1221,27,0,39.863344399999995,-85.01044989,18177.0,1853.257239997572,2.211302211302211,1194,1193,27,0,1166,1171,65936,28,0,0,28,22
2020-10-21,US,Indiana,Wells,420,5,0,40.72934187,-85.22132966,18179.0,1484.3087362171332,1.1904761904761905,415,415,5,0,410,412,28206,5,0,0,5,3
2020-10-21,US,Indiana,White,572,15,0,40.74911165,-86.86492015,18181.0,2373.247033441209,2.6223776223776225,557,568,15,0,553,562,24133,4,0,0,4,6
2020-10-21,US,Indiana,Whitley,442,6,0,41.13863784,-85.50791236,18183.0,1301.3779295724885,1.3574660633484164,436,431,6,0,425,431,34074,11,0,0,11,0
2020-10-21,US,Iowa,Adair,147,1,0,41.33075609,-94.47105874,19001.0,2055.3691275167785,0.6802721088435374,146,143,1,0,142,133,7063,4,0,0,4,10
2020-10-21,US,Iowa,Adams,70,0,0,41.02903567,-94.69932645,19003.0,1943.364797334814,0.0,70,70,0,0,70,67,3645,0,0,0,0,3
2020-10-21,US,Iowa,Allamakee,335,8,0,43.28383218,-91.37860922,19005.0,2447.577993716665,2.388059701492537,327,335,8,0,327,327,13832,0,0,0,0,8
2020-10-21,US,Iowa,Appanoose,209,3,0,40.74324454,-92.86865906,19007.0,1681.9571865443427,1.4354066985645932,206,206,3,0,203,201,12437,3,0,0,3,5
2020-10-21,US,Iowa,Audubon,137,1,0,41.6844628,-94.90581859,19009.0,2492.721979621543,0.7299270072992701,136,134,1,0,133,129,5506,3,0,0,3,5
2020-10-21,US,Iowa,Benton,529,1,0,42.08011739,-92.06463573,19011.0,2062.7802690582957,0.1890359168241966,528,521,1,0,520,503,25642,8,0,0,8,18
2020-10-21,US,Iowa,Black Hawk,5300,98,0,42.4704581,-92.30524729,19013.0,4038.7722132471727,1.849056603773585,5202,5265,96,0,5169,5191,132408,35,2,0,33,74
2020-10-21,US,Iowa,Boone,686,9,0,42.03657094,-93.9313999,19015.0,2614.927193718076,1.3119533527696794,677,681,9,0,672,677,26346,5,0,0,5,4
2020-10-21,US,Iowa,Bremer,629,9,0,42.77461496,-92.31795937,19017.0,2509.7757561248104,1.4308426073131957,620,623,9,0,614,612,24947,6,0,0,6,11
2020-10-21,US,Iowa,Buchanan,405,4,0,42.4709188,-91.83510825,19019.0,1912.6328217237308,0.9876543209876544,401,403,3,0,400,393,21199,2,1,0,1,10
2020-10-21,US,Iowa,Buena Vista,2213,12,0,42.73545875,-95.15100162,19021.0,11279.306829765545,0.5422503389064618,2201,2204,12,0,2192,2200,19874,9,0,0,9,4
2020-10-21,US,Iowa,Butler,350,2,0,42.73172833,-92.79015971,19023.0,2423.9905810651708,0.5714285714285714,348,347,2,0,345,344,14539,3,0,0,3,3
2020-10-21,US,Iowa,Calhoun,278,4,0,42.38521079,-94.64046046,19025.0,2875.4654530409607,1.4388489208633093,274,272,4,0,268,264,9699,6,0,0,6,8
2020-10-21,US,Iowa,Carroll,1052,10,0,42.03617207,-94.86032705,19027.0,5216.9600793454,0.9505703422053232,1042,1038,8,0,1030,1028,20154,14,2,0,12,10
2020-10-21,US,Iowa,Cass,345,2,0,41.33149454,-94.92792482,19029.0,2687.7531941414773,0.5797101449275363,343,340,2,0,338,305,12930,5,0,0,5,35
2020-10-21,US,Iowa,Cedar,411,5,0,41.77233777,-91.13246684,19031.0,2206.474472539861,1.2165450121654502,406,393,5,0,388,385,18627,18,0,0,18,8
2020-10-21,US,Iowa,Cerro Gordo,1278,23,0,43.08177563,-93.2612239,19033.0,3010.600706713781,1.7996870109546166,1255,1263,23,0,1240,1249,42647,15,0,0,15,14
2020-10-21,US,Iowa,Cherokee,376,2,0,42.73538914,-95.62389402,19035.0,3346.6844681797947,0.5319148936170213,374,368,2,0,366,365,11321,8,0,0,8,3
2020-10-21,US,Iowa,Chickasaw,330,1,0,43.06001295,-92.31773347,19037.0,2765.4403754294813,0.30303030303030304,329,327,1,0,326,322,11964,3,0,0,3,5
2020-10-21,US,Iowa,Clarke,319,3,0,41.02868181,-93.78499767,19039.0,3395.4230973922304,0.9404388714733544,316,316,3,0,313,312,9423,3,0,0,3,4
2020-10-21,US,Iowa,Clay,501,4,0,43.08247182,-95.15096481,19041.0,3128.121878121878,0.7984031936127745,497,488,4,0,484,484,16134,13,0,0,13,4
2020-10-21,US,Iowa,Clayton,358,3,0,42.84443388,-91.34133693,19043.0,2040.0022793321561,0.8379888268156425,355,353,3,0,350,350,17556,5,0,0,5,3
2020-10-21,US,Iowa,Clinton,1382,26,0,41.89981633,-90.53275096,19045.0,2976.587908419307,1.8813314037626627,1356,1369,26,0,1343,1355,46518,13,0,0,13,14
2020-10-21,US,Iowa,Crawford,1324,12,0,42.03718237,-95.3819718,19047.0,7871.5814506539855,0.9063444108761328,1312,1321,12,0,1309,1309,17158,3,0,0,3,12
2020-10-21,US,Iowa,Dallas,3337,44,0,41.68560356,-94.04127625,19049.0,3570.778894203504,1.3185495954450104,3293,3310,43,0,3267,3291,90180,27,1,0,26,19
2020-10-21,US,Iowa,Davis,162,4,0,40.74773536,-92.41005468,19051.0,1800.0,2.469135802469136,158,158,4,0,154,155,9017,4,0,0,4,3
2020-10-21,US,Iowa,Decatur,140,0,0,40.73742757,-93.78645949,19053.0,1778.9072426937742,0.0,140,129,0,0,129,129,7890,11,0,0,11,0
2020-10-21,US,Iowa,Delaware,709,9,0,42.47104597,-91.3664492,19055.0,4167.891364411265,1.2693935119887163,700,689,8,0,681,679,17069,20,1,0,19,10
2020-10-21,US,Iowa,Des Moines,1281,9,0,40.92012606,-91.18326592,19057.0,3287.397028254677,0.7025761124121779,1272,1240,9,0,1231,1213,39138,41,0,0,41,27
2020-10-21,US,Iowa,Dickinson,701,7,0,43.37787725,-95.1510206,19059.0,4061.884343492873,0.9985734664764622,694,687,7,0,680,684,17153,14,0,0,14,3
2020-10-21,US,Iowa,Dubuque,4797,54,0,42.46815349,-90.88181925,19061.0,4929.555754231279,1.125703564727955,4743,4763,54,0,4709,4679,96854,34,0,0,34,84
2020-10-21,US,Iowa,Emmet,412,17,0,43.37782951,-94.67858943,19063.0,4474.370112945265,4.12621359223301,395,402,14,0,388,399,9253,10,3,0,7,3
2020-10-21,US,Iowa,Fayette,348,3,0,42.86271799,-91.84412309999999,19065.0,1770.9923664122134,0.8620689655172413,345,346,2,0,344,341,19660,2,1,0,1,5
2020-10-21,US,Iowa,Floyd,419,11,0,43.06000529999999,-92.78940097,19067.0,2678.685590077995,2.6252983293556085,408,418,11,0,407,415,15761,1,0,0,1,3
2020-10-21,US,Iowa,Franklin,375,18,0,42.73270384,-93.26256925,19069.0,3723.9324726911614,4.8,357,375,18,0,357,373,10124,0,0,0,0,2
2020-10-21,US,Iowa,Fremont,186,1,0,40.74542720000001,-95.60129045,19071.0,2672.4137931034484,0.5376344086021505,185,182,1,0,181,178,6993,4,0,0,4,4
2020-10-21,US,Iowa,Greene,180,0,0,42.03614551,-94.39658081,19073.0,2025.2025202520251,0.0,180,174,0,0,174,173,8981,6,0,0,6,1
2020-10-21,US,Iowa,Grundy,285,5,0,42.40183723,-92.78829551,19075.0,2329.954218443427,1.7543859649122806,280,283,4,0,279,280,12304,2,1,0,1,3
2020-10-21,US,Iowa,Guthrie,374,15,0,41.68378965,-94.50111014,19077.0,3498.924127607821,4.0106951871657746,359,372,15,0,357,369,10720,2,0,0,2,3
2020-10-21,US,Iowa,Hamilton,454,3,0,42.38382428,-93.70197703,19079.0,3073.174033710147,0.6607929515418502,451,451,3,0,448,443,14952,3,0,0,3,8
2020-10-21,US,Iowa,Hancock,292,4,0,43.08178477,-93.73454884,19081.0,2746.942615239887,1.3698630136986298,288,286,4,0,282,281,10712,6,0,0,6,5
2020-10-21,US,Iowa,Hardin,444,5,0,42.38353877,-93.23654611,19083.0,2635.640508132495,1.1261261261261262,439,431,5,0,426,428,16868,13,0,0,13,3
2020-10-21,US,Iowa,Harrison,592,8,0,41.68330137,-95.81558439,19085.0,4213.823047903766,1.351351351351351,584,586,8,0,578,576,14134,6,0,0,6,10
2020-10-21,US,Iowa,Henry,999,5,0,40.98767962,-91.54436349,19087.0,5006.514984464267,0.5005005005005005,994,986,5,0,981,978,20067,13,0,0,13,8
2020-10-21,US,Iowa,Howard,258,9,0,43.35671042,-92.31702714,19089.0,2817.2089975977287,3.4883720930232562,249,251,9,0,242,247,9187,7,0,0,7,4
2020-10-21,US,Iowa,Humboldt,300,3,0,42.7764426,-94.20722537,19091.0,3138.7319522912744,1.0,297,299,3,0,296,291,9547,1,0,0,1,8
2020-10-21,US,Iowa,Ida,181,2,0,42.38696136,-95.51355387,19093.0,2638.483965014577,1.1049723756906078,179,179,2,0,177,177,6841,2,0,0,2,2
2020-10-21,US,Iowa,Iowa,385,8,0,41.68630265,-92.0643373,19095.0,2378.8927335640133,2.0779220779220777,377,384,8,0,376,377,16141,1,0,0,1,7
2020-10-21,US,Iowa,Jackson,546,3,0,42.17178824,-90.57354837,19097.0,2808.7864602088584,0.5494505494505495,543,539,3,0,536,528,19432,7,0,0,7,11
2020-10-21,US,Iowa,Jasper,1036,34,0,41.68576082,-93.05567785,19099.0,2786.0696517412925,3.281853281853282,1002,1030,34,0,996,1020,37147,6,0,0,6,10
2020-10-21,US,Iowa,Jefferson,210,1,0,41.03192394,-91.94849466,19101.0,1147.854605083356,0.4761904761904762,209,203,1,0,202,190,18381,7,0,0,7,13
2020-10-21,US,Iowa,Johnson,5683,30,0,41.67169354,-91.58754744,19103.0,3760.089982797407,0.5278901988386415,5653,5660,30,0,5630,5638,151260,23,0,0,23,22
2020-10-21,US,Iowa,Jones,417,3,0,42.12118609,-91.13139641,19105.0,2016.3435036990475,0.7194244604316546,414,413,3,0,410,411,20744,4,0,0,4,2
2020-10-21,US,Iowa,Keokuk,145,1,0,41.33649833,-92.1785067,19107.0,1415.1864142104237,0.6896551724137931,144,142,1,0,141,140,10225,3,0,0,3,2
2020-10-21,US,Iowa,Kossuth,443,0,0,43.20405458,-94.20691791,19109.0,2990.616350502937,0.0,443,428,0,0,428,422,14908,15,0,0,15,6
2020-10-21,US,Iowa,Lee,898,10,0,40.64181461,-91.48183025,19111.0,2668.0928187301306,1.11358574610245,888,881,9,0,872,871,34055,17,1,0,16,10
2020-10-21,US,Iowa,Linn,5173,128,0,42.07923082,-91.59809485,19113.0,2281.809921219553,2.474386236226561,5045,5114,127,0,4987,5047,225909,59,1,0,58,67
2020-10-21,US,Iowa,Louisa,498,15,0,41.21842119,-91.26102611,19115.0,4512.913457181695,3.0120481927710845,483,494,15,0,479,491,11169,4,0,0,4,3
2020-10-21,US,Iowa,Lucas,191,6,0,41.02958964,-93.32780803,19117.0,2220.93023255814,3.141361256544503,185,189,6,0,183,186,8645,2,0,0,2,3
2020-10-21,US,Iowa,Lyon,525,7,0,43.38107862,-96.20926845,19119.0,4466.184602296895,1.3333333333333333,518,517,7,0,510,514,11811,8,0,0,8,3
2020-10-21,US,Iowa,Madison,344,2,0,41.33081904,-94.01554631,19121.0,2105.5208715877093,0.5813953488372093,342,344,2,0,342,343,16249,0,0,0,0,1
2020-10-21,US,Iowa,Mahaska,640,24,0,41.33521503,-92.64083907,19123.0,2896.582937316135,3.75,616,637,23,0,614,614,22000,3,1,0,2,23
2020-10-21,US,Iowa,Marion,948,10,0,41.33445101,-93.09934783,19125.0,2850.870598141521,1.0548523206751057,938,935,10,0,925,924,33407,13,0,0,13,11
2020-10-21,US,Iowa,Marshall,1947,36,0,42.03586837,-92.99908190000001,19127.0,4945.515507124896,1.8489984591679507,1911,1937,36,0,1901,1926,39981,10,0,0,10,11
2020-10-21,US,Iowa,Mills,350,1,0,41.03299766,-95.61920963,19129.0,2316.5000992785763,0.2857142857142857,349,339,1,0,338,336,15063,11,0,0,11,3
2020-10-21,US,Iowa,Mitchell,236,0,0,43.35638371,-92.78887719,19131.0,2229.359531456641,0.0,236,236,0,0,236,230,10569,0,0,0,0,6
2020-10-21,US,Iowa,Monona,233,1,0,42.05220391,-95.95743843,19133.0,2704.585026117237,0.4291845493562232,232,231,1,0,230,228,8679,2,0,0,2,3
2020-10-21,US,Iowa,Monroe,249,11,0,41.02988815,-92.8690667,19135.0,3230.8291163877,4.417670682730924,238,245,11,0,234,238,7790,4,0,0,4,7
2020-10-21,US,Iowa,Montgomery,159,5,0,41.03018714,-95.15642896,19137.0,1603.307451850358,3.1446540880503147,154,158,5,0,153,155,10003,1,0,0,1,3
2020-10-21,US,Iowa,Muscatine,1369,58,0,41.48370744,-91.11216970000001,19139.0,3208.794299643728,4.236669101533966,1311,1361,58,0,1303,1339,42929,8,0,0,8,22
2020-10-21,US,Iowa,O'Brien,590,14,0,43.08310673,-95.62474482,19141.0,4289.973096778885,2.3728813559322037,576,582,14,0,568,579,13840,8,0,0,8,3
2020-10-21,US,Iowa,Osceola,254,0,0,43.37824276,-95.62422844,19143.0,4263.175562269218,0.0,254,248,0,0,248,248,6040,6,0,0,6,0
2020-10-21,US,Iowa,Page,368,0,0,40.7393172,-95.1497813,19145.0,2435.956841199444,0.0,368,362,0,0,362,347,15249,6,0,0,6,15
2020-10-21,US,Iowa,Palo Alto,293,2,0,43.08193849,-94.67824621,19147.0,3297.321629529597,0.6825938566552902,291,291,2,0,289,286,8929,2,0,0,2,5
2020-10-21,US,Iowa,Plymouth,1571,26,0,42.737633,-96.21366621,19149.0,6239.822059816499,1.6549968173138128,1545,1544,26,0,1518,1539,25095,27,0,0,27,5
2020-10-21,US,Iowa,Pocahontas,214,2,0,42.73420133,-94.67862564,19151.0,3233.116785012842,0.9345794392523364,212,211,2,0,209,209,6740,3,0,0,3,2
2020-10-21,US,Iowa,Polk,18245,283,0,41.68679484,-93.57767461,19153.0,3722.246363949804,1.5511098931214031,17962,18087,283,0,17804,17984,487204,158,0,0,158,103
2020-10-21,US,Iowa,Pottawattamie,3032,44,0,41.33640314,-95.53907776,19155.0,3253.0094629101127,1.4511873350923483,2988,2998,44,0,2954,2956,93533,34,0,0,34,42
2020-10-21,US,Iowa,Poweshiek,439,11,0,41.68625425,-92.53155731,19157.0,2372.460008646779,2.5056947608200457,428,430,11,0,419,428,18699,9,0,0,9,2
2020-10-21,US,Iowa,Ringgold,82,2,0,40.73518949,-94.24368535,19159.0,1675.5210461789948,2.4390243902439024,80,82,2,0,80,82,4968,0,0,0,0,0
2020-10-21,US,Iowa,Sac,372,4,0,42.38624071,-95.10547892,19161.0,3826.7667935397603,1.075268817204301,368,369,4,0,365,364,9719,3,0,0,3,5
2020-10-21,US,Iowa,Scott,4134,37,0,41.63935978,-90.61959493,19163.0,2390.382958547036,0.8950169327527818,4097,4105,37,0,4068,4041,173283,29,0,0,29,64
2020-10-21,US,Iowa,Shelby,350,1,0,41.6850066,-95.31015553,19165.0,3055.7010651300848,0.2857142857142857,349,351,1,0,350,344,11578,-1,0,0,-1,7
2020-10-21,US,Iowa,Sioux,2317,14,0,43.08221074,-96.17675679999999,19167.0,6647.53980777507,0.6042296072507553,2303,2304,14,0,2290,2297,34909,13,0,0,13,7
2020-10-21,US,Iowa,Story,3898,18,0,42.03621213,-93.46499005,19169.0,4013.7154154267528,0.4617752693689071,3880,3874,18,0,3856,3853,98105,24,0,0,24,21
2020-10-21,US,Iowa,Tama,911,37,0,42.07991767,-92.53266945,19171.0,5405.2450456864835,4.061470911086719,874,907,37,0,870,900,16904,4,0,0,4,7
2020-10-21,US,Iowa,Taylor,225,2,0,40.73710579,-94.69778563,19173.0,3675.869955889561,0.8888888888888888,223,225,2,0,223,220,6191,0,0,0,0,5
2020-10-21,US,Iowa,Unassigned,9,0,0,0.0,0.0,90019.0,0.0,0.0,9,5,0,0,5,19,,4,0,0,4,-14
2020-10-21,US,Iowa,Union,217,4,0,41.0277278,-94.24234847,19175.0,1772.7309860305536,1.8433179723502304,213,216,4,0,212,209,12359,1,0,0,1,7
2020-10-21,US,Iowa,Van Buren,164,2,0,40.75326764,-91.95017958,19177.0,2328.222600795003,1.2195121951219512,162,162,2,0,160,157,7020,2,0,0,2,5
2020-10-21,US,Iowa,Wapello,1483,62,0,41.03064984,-92.40954728,19179.0,4240.899082044096,4.180714767363453,1421,1475,62,0,1413,1471,35205,8,0,0,8,4
2020-10-21,US,Iowa,Warren,1171,6,0,41.33559454,-93.56007641,19181.0,2275.288540006995,0.5123825789923142,1165,1159,6,0,1153,1149,51056,12,0,0,12,10
2020-10-21,US,Iowa,Washington,618,11,0,41.33577126,-91.71725711,19183.0,2813.567038470293,1.779935275080906,607,611,11,0,600,610,22141,7,0,0,7,1
2020-10-21,US,Iowa,Wayne,113,3,0,40.73969028,-93.32752197,19185.0,1754.385964912281,2.6548672566371683,110,112,3,0,109,112,6401,1,0,0,1,0
2020-10-21,US,Iowa,Webster,1740,14,0,42.42853483,-94.17987389,19187.0,4846.256684491978,0.8045977011494253,1726,1728,14,0,1714,1700,36277,12,0,0,12,28
2020-10-21,US,Iowa,Winnebago,447,18,0,43.37751174,-93.73407298,19189.0,4317.172107398107,4.026845637583893,429,445,17,0,428,437,10518,2,1,0,1,8
2020-10-21,US,Iowa,Winneshiek,451,9,0,43.29094334,-91.84422722,19191.0,2256.0152068430793,1.9955654101995568,442,447,9,0,438,433,20029,4,0,0,4,14
2020-10-21,US,Iowa,Woodbury,6896,94,0,42.38979414,-96.0459439,19193.0,6688.197697537508,1.363109048723898,6802,6853,92,0,6761,6820,102539,43,2,0,41,33
2020-10-21,US,Iowa,Worth,133,0,0,43.37750768,-93.26087602,19195.0,1801.9238585557516,0.0,133,130,0,0,130,127,7453,3,0,0,3,3
2020-10-21,US,Iowa,Wright,698,1,0,42.73305373,-93.73515113,19197.0,5556.4400573157145,0.14326647564469913,697,695,1,0,694,687,12690,3,0,0,3,8
2020-10-21,US,Kansas,Allen,112,1,0,37.88582951,-95.30030847,20001.0,905.489530277306,0.8928571428571429,111,112,1,0,111,104,12444,0,0,0,0,8
2020-10-21,US,Kansas,Anderson,167,0,0,38.21413251,-95.29272815,20003.0,2125.222702977857,0.0,167,167,0,0,167,137,7878,0,0,0,0,30
2020-10-21,US,Kansas,Atchison,500,5,0,39.53185661,-95.30870026,20005.0,3110.8069433210976,1.0,495,500,5,0,495,500,16193,0,0,0,0,0
2020-10-21,US,Kansas,Barber,31,0,0,37.2288586,-98.68460053,20007.0,700.2484752654167,0.0,31,27,0,0,27,27,4472,4,0,0,4,0
2020-10-21,US,Kansas,Barton,716,7,0,38.47889676,-98.75636726,20009.0,2777.4545172427174,0.9776536312849162,709,701,7,0,694,701,26111,15,0,0,15,0
2020-10-21,US,Kansas,Bourbon,306,3,0,37.85508555,-94.84865997,20011.0,2105.4080088069354,0.9803921568627452,303,306,3,0,303,267,14653,0,0,0,0,39
2020-10-21,US,Kansas,Brown,193,5,0,39.82652589,-95.56421698,20013.0,2017.9841070681725,2.5906735751295336,188,193,5,0,188,182,9598,0,0,0,0,11
2020-10-21,US,Kansas,Butler,810,3,0,37.78134351,-96.83878537,20015.0,1210.5632855584286,0.3703703703703704,807,802,3,0,799,778,66765,8,0,0,8,24
2020-10-21,US,Kansas,Chase,90,2,0,38.30292938,-96.59563862,20017.0,3398.7915407854985,2.2222222222222223,88,90,2,0,88,90,2629,0,0,0,0,0
2020-10-21,US,Kansas,Chautauqua,21,0,0,37.14994405,-96.2454192,20019.0,646.1538461538463,0.0,21,21,0,0,21,21,3309,0,0,0,0,0
2020-10-21,US,Kansas,Cherokee,650,7,0,37.16928494,-94.8462897,20021.0,3259.9428256181354,1.0769230769230769,643,636,7,0,629,621,20015,14,0,0,14,15
2020-10-21,US,Kansas,Cheyenne,109,5,0,39.78580976,-101.7318201,20023.0,4102.371095220173,4.587155963302751,104,95,5,0,90,95,2660,14,0,0,14,0
2020-10-21,US,Kansas,Clark,61,1,0,37.23577007,-99.81883015,20025.0,3059.177532597793,1.639344262295082,60,60,1,0,59,60,2005,1,0,0,1,0
2020-10-21,US,Kansas,Clay,86,2,0,39.34948772,-97.16518128,20027.0,1074.7313171707074,2.3255813953488373,84,78,2,0,76,78,7997,8,0,0,8,0
2020-10-21,US,Kansas,Cloud,104,1,0,39.48028352,-97.64925343,20029.0,1183.7013430457546,0.9615384615384616,103,102,1,0,101,102,8729,2,0,0,2,0
2020-10-21,US,Kansas,Coffey,148,9,0,38.2365018,-95.73379515,20031.0,1809.5121653013816,6.081081081081082,139,148,9,0,139,148,8233,0,0,0,0,0
2020-10-21,US,Kansas,Comanche,20,0,0,37.19114520000001,-99.27113247,20033.0,1176.4705882352941,0.0,20,19,0,0,19,19,1748,1,0,0,1,0
2020-10-21,US,Kansas,Cowley,484,10,0,37.23781842,-96.83776647,20035.0,1386.5016615102554,2.066115702479338,474,480,10,0,470,480,35218,4,0,0,4,0
2020-10-21,US,Kansas,Crawford,1354,10,0,37.50675523,-94.85245778,20037.0,3488.072543665309,0.7385524372230429,1344,1226,10,0,1216,1226,39019,128,0,0,128,0
2020-10-21,US,Kansas,Decatur,72,1,0,39.78468441,-100.45940809999999,20039.0,2546.869472939512,1.3888888888888888,71,64,1,0,63,64,2871,8,0,0,8,0
2020-10-21,US,Kansas,Dickinson,275,3,0,38.86600962,-97.15532383,20041.0,1489.22343766923,1.0909090909090908,272,275,3,0,272,275,18717,0,0,0,0,0
2020-10-21,US,Kansas,Doniphan,190,0,0,39.79067154,-95.14056866,20043.0,2500.0,0.0,190,190,0,0,190,159,7682,0,0,0,0,31
2020-10-21,US,Kansas,Douglas,2769,17,0,38.88503636,-95.2925121,20045.0,2264.86393639732,0.6139400505597689,2752,2756,17,0,2739,2743,121436,13,0,0,13,13
2020-10-21,US,Kansas,Edwards,64,0,0,37.88735543,-99.31263309,20047.0,2287.34810578985,0.0,64,61,0,0,61,61,2849,3,0,0,3,0
2020-10-21,US,Kansas,Elk,13,0,0,37.45338105,-96.24369667,20049.0,513.8339920948616,0.0,13,13,0,0,13,13,2508,0,0,0,0,0
2020-10-21,US,Kansas,Ellis,1329,16,0,38.91458712,-99.31751551,20051.0,4654.502153889259,1.2039127163280663,1313,1306,16,0,1290,1306,28710,23,0,0,23,0
2020-10-21,US,Kansas,Ellsworth,178,0,0,38.69677695,-98.20462799,20053.0,2917.076368403802,0.0,178,167,0,0,167,167,6196,11,0,0,11,0
2020-10-21,US,Kansas,Finney,2766,16,0,38.04340344,-100.73819379999999,20055.0,7584.939808594071,0.5784526391901663,2750,2714,16,0,2698,2676,36611,52,0,0,52,38
2020-10-21,US,Kansas,Ford,3171,13,0,37.69200114,-99.88825298,20057.0,9432.166334513222,0.4099653106275623,3158,3134,13,0,3121,3134,33888,37,0,0,37,0
2020-10-21,US,Kansas,Franklin,506,3,0,38.56443815,-95.28644341,20059.0,1980.8957093642346,0.5928853754940712,503,495,3,0,492,495,25631,11,0,0,11,0
2020-10-21,US,Kansas,Geary,369,4,0,38.99871131,-96.7577178,20061.0,1165.1405115251025,1.084010840108401,365,369,4,0,365,369,32594,0,0,0,0,0
2020-10-21,US,Kansas,Gove,162,10,0,38.91588178,-100.4829321,20063.0,6145.6752655538685,6.172839506172839,152,148,9,0,139,148,2612,14,1,0,13,0
2020-10-21,US,Kansas,Graham,56,1,0,39.34987223,-99.88332493,20065.0,2256.2449637389204,1.7857142857142858,55,56,1,0,55,56,2492,0,0,0,0,0
2020-10-21,US,Kansas,Grant,410,8,0,37.56227336,-101.3079758,20067.0,5734.265734265734,1.951219512195122,402,400,8,0,392,398,7336,10,0,0,10,2
2020-10-21,US,Kansas,Gray,197,0,0,37.73836671,-100.4369088,20069.0,3289.9131596526386,0.0,197,197,0,0,197,181,6033,0,0,0,0,16
2020-10-21,US,Kansas,Greeley,27,0,0,38.4808095,-101.8061079,20071.0,2191.558441558441,0.0,27,22,0,0,22,22,1227,5,0,0,5,0
2020-10-21,US,Kansas,Greenwood,75,0,0,37.8774388,-96.23250453,20073.0,1253.7612838515547,0.0,75,75,0,0,75,75,6055,0,0,0,0,0
2020-10-21,US,Kansas,Hamilton,57,0,0,37.99978709,-101.7921066,20075.0,2244.978337928318,0.0,57,55,0,0,55,55,2607,2,0,0,2,0
2020-10-21,US,Kansas,Harper,142,2,0,37.19175361,-98.07578384,20077.0,2612.214863870493,1.4084507042253518,140,140,2,0,138,140,5506,2,0,0,2,0
2020-10-21,US,Kansas,Harvey,506,7,0,38.04293782,-97.42747573,20079.0,1469.6912486566555,1.383399209486166,499,484,7,0,477,484,34210,22,0,0,22,0
2020-10-21,US,Kansas,Haskell,103,1,0,37.562039399999996,-100.8710738,20081.0,2595.766129032258,0.9708737864077671,102,103,1,0,102,103,3997,0,0,0,0,0
2020-10-21,US,Kansas,Hodgeman,32,0,0,38.08780079,-99.89829881,20083.0,1783.7235228539575,0.0,32,32,0,0,32,32,1818,0,0,0,0,0
2020-10-21,US,Kansas,Jackson,291,4,0,39.41673394,-95.79356799,20085.0,2209.399438159593,1.3745704467353952,287,285,4,0,281,285,13280,6,0,0,6,0
2020-10-21,US,Kansas,Jefferson,261,4,0,39.2347941,-95.38289232,20087.0,1370.5823662238092,1.5325670498084292,257,256,4,0,252,256,18975,5,0,0,5,0
2020-10-21,US,Kansas,Jewell,28,1,0,39.78470589,-98.21820662,20089.0,972.5599166377216,3.571428571428572,27,21,1,0,20,21,2841,7,0,0,7,0
2020-10-21,US,Kansas,Johnson,13297,183,0,38.88548175,-94.82250877,20091.0,2207.3336531645864,1.3762502820185003,13114,13154,178,0,12976,13071,597555,143,5,0,138,83
2020-10-21,US,Kansas,Kearny,133,3,0,38.00017981,-101.32168100000001,20093.0,3465.346534653465,2.255639097744361,130,131,3,0,128,131,3943,2,0,0,2,0
2020-10-21,US,Kansas,Kingman,113,3,0,37.55909527,-98.13638678,20095.0,1579.9776286353467,2.6548672566371683,110,109,3,0,106,109,7310,4,0,0,4,0
2020-10-21,US,Kansas,Kiowa,57,0,0,37.55848695,-99.2856537,20097.0,2303.030303030303,0.0,57,43,0,0,43,43,2516,14,0,0,14,0
2020-10-21,US,Kansas,Labette,361,5,0,37.19113093,-95.29849679,20099.0,1840.1468039555511,1.3850415512465375,356,340,5,0,335,340,19964,21,0,0,21,0
2020-10-21,US,Kansas,Lane,20,0,0,38.48119447,-100.46607540000001,20101.0,1302.9315960912054,0.0,20,17,0,0,17,17,1560,3,0,0,3,0
2020-10-21,US,Kansas,Leavenworth,2493,18,0,39.20183497,-95.03620809,20103.0,3049.2428875461733,0.7220216606498195,2475,2471,17,0,2454,2471,81352,22,1,0,21,0
2020-10-21,US,Kansas,Lincoln,20,1,0,39.04549684,-98.20756994,20105.0,675.219446320054,5.0,19,17,1,0,16,17,3023,3,0,0,3,0
2020-10-21,US,Kansas,Linn,109,1,0,38.21267844,-94.84254089,20107.0,1123.3639080696692,0.9174311926605504,108,109,1,0,108,109,9750,0,0,0,0,0
2020-10-21,US,Kansas,Logan,68,0,0,38.91735806,-101.148475,20109.0,2433.78668575519,0.0,68,68,0,0,68,68,2844,0,0,0,0,0
2020-10-21,US,Kansas,Lyon,1268,39,0,38.45576156,-96.15275715,20111.0,3819.8523874077423,3.0757097791798107,1229,1263,39,0,1224,1256,33406,5,0,0,5,7
2020-10-21,US,Kansas,Marion,115,1,0,38.35855394,-97.09852509999999,20115.0,967.6876472568159,0.8695652173913043,114,114,1,0,113,114,11950,1,0,0,1,0
2020-10-21,US,Kansas,Marshall,64,0,0,39.78359669,-96.52278974,20117.0,659.3180179252088,0.0,64,64,0,0,64,64,9722,0,0,0,0,0
2020-10-21,US,Kansas,McPherson,359,6,0,38.39184858,-97.64769869,20113.0,1257.7955293952768,1.6713091922005572,353,359,5,0,354,338,28537,0,1,0,-1,21
2020-10-21,US,Kansas,Meade,140,1,0,37.23859987,-100.36483100000001,20119.0,3471.3612695264073,0.7142857142857143,139,140,1,0,139,140,4146,0,0,0,0,0
2020-10-21,US,Kansas,Miami,509,2,0,38.56383358,-94.83832189,20121.0,1486.6956801121594,0.3929273084479371,507,477,2,0,475,477,33680,32,0,0,32,0
2020-10-21,US,Kansas,Mitchell,59,0,0,39.39331582,-98.20906732,20123.0,986.7870881418297,0.0,59,59,0,0,59,59,6150,0,0,0,0,0
2020-10-21,US,Kansas,Montgomery,656,6,0,37.19236568,-95.74329258,20125.0,2061.0135411103083,0.9146341463414634,650,631,6,0,625,631,32120,25,0,0,25,0
2020-10-21,US,Kansas,Morris,56,0,0,38.68827511,-96.65128437,20127.0,996.44128113879,0.0,56,51,0,0,51,51,5521,5,0,0,5,0
2020-10-21,US,Kansas,Morton,41,2,0,37.19141121,-101.79925190000002,20129.0,1584.8473134905296,4.878048780487805,39,39,2,0,37,39,2667,2,0,0,2,0
2020-10-21,US,Kansas,Nemaha,258,1,0,39.78345387,-96.01392079,20131.0,2521.7476297527123,0.3875968992248062,257,258,1,0,257,215,10155,0,0,0,0,43
2020-10-21,US,Kansas,Neosho,245,0,0,37.55862897,-95.30670046,20133.0,1530.5803710876492,0.0,245,212,0,0,212,212,15951,33,0,0,33,0
2020-10-21,US,Kansas,Ness,129,9,0,38.47974157,-99.91547333,20135.0,4690.909090909091,6.9767441860465125,120,107,8,0,99,107,2840,22,1,0,21,0
2020-10-21,US,Kansas,Norton,464,10,0,39.78443827,-99.90286639,20137.0,8655.101660138034,2.155172413793104,454,336,1,0,335,336,5430,128,9,0,119,0
2020-10-21,US,Kansas,Osage,152,2,0,38.65235984,-95.72707998,20139.0,953.0378080130417,1.3157894736842106,150,147,2,0,145,147,15941,5,0,0,5,0
2020-10-21,US,Kansas,Osborne,21,0,0,39.3503437,-98.76753828,20141.0,613.8555977784274,0.0,21,21,0,0,21,21,3475,0,0,0,0,0
2020-10-21,US,Kansas,Ottawa,111,0,0,39.13237408,-97.65020313,20143.0,1946.0028050490885,0.0,111,108,0,0,108,108,5802,3,0,0,3,0
2020-10-21,US,Kansas,Pawnee,413,1,0,38.18108732,-99.23692334,20145.0,6439.0396008730895,0.2421307506053269,412,413,1,0,412,413,6562,0,0,0,0,0
2020-10-21,US,Kansas,Phillips,172,9,0,39.78465501,-99.34668865,20147.0,3286.2055789071446,5.232558139534883,163,160,9,0,151,164,5317,12,0,0,12,-4
2020-10-21,US,Kansas,Pottawatomie,367,0,0,39.37925655,-96.34564657,20149.0,1505.1470286675146,0.0,367,350,0,0,350,350,24277,17,0,0,17,0
2020-10-21,US,Kansas,Pratt,105,0,0,37.64780729,-98.73922153,20151.0,1145.7878655608904,0.0,105,104,0,0,104,104,9378,1,0,0,1,0
2020-10-21,US,Kansas,Rawlins,76,0,0,39.78525843,-101.07616170000001,20153.0,3003.9525691699605,0.0,76,75,0,0,75,75,2508,1,0,0,1,0
2020-10-21,US,Kansas,Reno,1891,13,0,37.95230263,-98.08607292,20155.0,3050.0983902706544,0.6874669487043892,1878,1851,12,0,1839,1837,62342,40,1,0,39,14
2020-10-21,US,Kansas,Republic,74,1,0,39.82799632,-97.65036709,20157.0,1596.2036238136325,1.351351351351351,73,74,1,0,73,74,4664,0,0,0,0,0
2020-10-21,US,Kansas,Rice,123,1,0,38.34616184,-98.19992118,20159.0,1289.7137464611512,0.8130081300813008,122,123,1,0,122,123,9531,0,0,0,0,0
2020-10-21,US,Kansas,Riley,2096,11,0,39.28935726,-96.73420026,20161.0,2823.5801271688756,0.5248091603053435,2085,2057,11,0,2046,2057,73703,39,0,0,39,0
2020-10-21,US,Kansas,Rooks,141,7,0,39.35022773,-99.32484567,20163.0,2865.853658536585,4.964539007092198,134,141,7,0,134,141,5013,0,0,0,0,0
2020-10-21,US,Kansas,Rush,98,0,0,38.52275276,-99.30863983,20165.0,3227.931488801054,0.0,98,98,0,0,98,98,3093,0,0,0,0,0
2020-10-21,US,Kansas,Russell,165,4,0,38.91462787,-98.76254297,20167.0,2406.6511085180864,2.4242424242424243,161,161,4,0,157,161,6907,4,0,0,4,0
2020-10-21,US,Kansas,Saline,1030,13,0,38.78369175,-97.65185177,20169.0,1899.5278843316607,1.2621359223300972,1017,992,13,0,979,992,54401,38,0,0,38,0
2020-10-21,US,Kansas,Scott,171,1,0,38.48222076,-100.90665390000001,20171.0,3545.511092680904,0.5847953216374269,170,164,1,0,163,164,4897,7,0,0,7,0
2020-10-21,US,Kansas,Sedgwick,10330,121,0,37.6842718,-97.4608198,20173.0,2001.7750493176916,1.1713455953533398,10209,10221,121,0,10100,10113,513607,109,0,0,109,108
2020-10-21,US,Kansas,Seward,2031,7,0,37.19324632,-100.85072009999999,20175.0,9478.252753406758,0.34465780403742,2024,2031,7,0,2024,1978,21780,0,0,0,0,53
2020-10-21,US,Kansas,Shawnee,3292,77,0,39.04100763,-95.75572640000001,20177.0,1861.2014134275616,2.339003645200486,3215,3277,77,0,3200,3252,177499,15,0,0,15,25
2020-10-21,US,Kansas,Sheridan,130,0,0,39.35018161,-100.44182590000001,20179.0,5156.683855612852,0.0,130,128,0,0,128,128,2533,2,0,0,2,0
2020-10-21,US,Kansas,Sherman,159,0,0,39.35147699,-101.71976240000001,20181.0,2687.172553658949,0.0,159,145,0,0,145,145,5899,14,0,0,14,0
2020-10-21,US,Kansas,Smith,19,0,0,39.78516566,-98.78566062,20183.0,530.2818866871337,0.0,19,19,0,0,19,19,3603,0,0,0,0,0
2020-10-21,US,Kansas,Stafford,72,1,0,38.03100851,-98.71762001,20185.0,1732.435033686237,1.3888888888888888,71,66,1,0,65,66,4178,6,0,0,6,0
2020-10-21,US,Kansas,Stanton,48,2,0,37.56304714,-101.78435340000001,20187.0,2392.8215353938185,4.166666666666667,46,48,2,0,46,48,1987,0,0,0,0,0
2020-10-21,US,Kansas,Stevens,211,1,0,37.1923008,-101.3118967,20189.0,3846.8550592525066,0.4739336492890995,210,207,1,0,206,207,5559,4,0,0,4,0
2020-10-21,US,Kansas,Sumner,246,3,0,37.23682549,-97.47721621,20191.0,1077.2464529689962,1.2195121951219512,243,244,3,0,241,244,22996,2,0,0,2,0
2020-10-21,US,Kansas,Thomas,295,2,0,39.35107575,-101.0553705,20193.0,3793.2364665037926,0.6779661016949152,293,282,2,0,280,278,7711,13,0,0,13,4
2020-10-21,US,Kansas,Trego,74,3,0,38.91467218,-99.87284448,20195.0,2640.0285408490904,4.0540540540540535,71,74,3,0,71,74,2793,0,0,0,0,0
2020-10-21,US,Kansas,Wabaunsee,81,1,0,38.95471985,-96.20350509,20197.0,1168.6625306593564,1.2345679012345678,80,81,1,0,80,81,6899,0,0,0,0,0
2020-10-21,US,Kansas,Wallace,33,0,0,38.91686134,-101.76388759999999,20199.0,2173.913043478261,0.0,33,28,0,0,28,28,1503,5,0,0,5,0
2020-10-21,US,Kansas,Washington,31,0,0,39.78420784,-97.08753229999999,20201.0,573.4369219385867,0.0,31,29,0,0,29,29,5420,2,0,0,2,0
2020-10-21,US,Kansas,Wichita,27,0,0,38.48178252,-101.3471509,20203.0,1274.1859367626241,0.0,27,21,0,0,21,21,2105,6,0,0,6,0
2020-10-21,US,Kansas,Wilson,106,2,0,37.55937174,-95.74323255,20205.0,1243.4017595307919,1.8867924528301887,104,106,2,0,104,106,8665,0,0,0,0,0
2020-10-21,US,Kansas,Woodson,27,0,0,37.8865336,-95.74006277,20207.0,860.4206500956022,0.0,27,27,0,0,27,26,3183,0,0,0,0,1
2020-10-21,US,Kansas,Wyandotte,8022,158,0,39.11727348,-94.76378225,20209.0,4849.210235206645,1.9695836449763149,7864,7956,158,0,7798,7916,165324,66,0,0,66,40
2020-10-21,US,Kentucky,Adair,455,21,0,37.10459774,-85.28129668,21001.0,2369.5448390792626,4.615384615384615,434,451,20,0,431,446,19215,4,1,0,3,5
2020-10-21,US,Kentucky,Allen,500,9,0,36.75197631,-86.19457544,21003.0,2345.765892563922,1.8,491,489,9,0,480,474,21122,11,0,0,11,15
2020-10-21,US,Kentucky,Anderson,231,1,0,38.00671029,-84.99171713,21005.0,1015.5185299160327,0.4329004329004329,230,225,1,0,224,224,22663,6,0,0,6,1
2020-10-21,US,Kentucky,Ballard,69,1,0,37.05842757,-88.99427697,21007.0,874.7464503042596,1.4492753623188406,68,68,1,0,67,68,7979,1,0,0,1,0
2020-10-21,US,Kentucky,Barren,1015,13,0,36.96469836,-85.93338945,21009.0,2293.837148862121,1.2807881773399017,1002,988,13,0,975,970,44176,27,0,0,27,18
2020-10-21,US,Kentucky,Bath,106,1,0,38.14735938,-83.74588932,21011.0,848.0,0.9433962264150944,105,104,1,0,103,103,12383,2,0,0,2,1
2020-10-21,US,Kentucky,Bell,631,17,0,36.73355174,-83.67766671,21013.0,2423.939766441303,2.6941362916006337,614,623,17,0,606,606,26569,8,0,0,8,17
2020-10-21,US,Kentucky,Boone,1986,25,0,38.97065142,-84.72615357,21015.0,1486.7383834527366,1.2588116817724069,1961,1941,25,0,1916,1906,131533,45,0,0,45,35
2020-10-21,US,Kentucky,Bourbon,287,1,0,38.2054607,-84.21827874,21017.0,1450.373964018597,0.3484320557491289,286,284,1,0,283,281,20184,3,0,0,3,3
2020-10-21,US,Kentucky,Boyd,612,20,0,38.36176608,-82.68652187,21019.0,1309.987585084978,3.2679738562091503,592,600,19,0,581,595,47240,12,1,0,11,5
2020-10-21,US,Kentucky,Boyle,416,0,0,37.62680923,-84.8633779,21021.0,1383.898868928809,0.0,416,406,0,0,406,401,30100,10,0,0,10,5
2020-10-21,US,Kentucky,Bracken,59,1,0,38.69158994,-84.08532444,21023.0,710.586534987354,1.6949152542372878,58,52,1,0,51,53,8239,7,0,0,7,-1
2020-10-21,US,Kentucky,Breathitt,114,0,0,37.52333168,-83.31959161,21025.0,902.6128266033254,0.0,114,112,0,0,112,108,12726,2,0,0,2,4
2020-10-21,US,Kentucky,Breckinridge,183,2,0,37.77377239,-86.42885017,21027.0,893.6855984763396,1.0928961748633879,181,177,2,0,175,176,20388,6,0,0,6,1
2020-10-21,US,Kentucky,Bullitt,1286,14,0,37.97162523,-85.68955617,21029.0,1574.5139331015232,1.088646967340591,1272,1256,14,0,1242,1224,81069,30,0,0,30,32
2020-10-21,US,Kentucky,Butler,394,16,0,37.20946153,-86.68748787,21031.0,3059.243730103269,4.060913705583757,378,393,16,0,377,390,12772,1,0,0,1,3
2020-10-21,US,Kentucky,Caldwell,240,0,0,37.14749129,-87.86948214,21033.0,1882.795951988704,0.0,240,239,0,0,239,237,12715,1,0,0,1,2
2020-10-21,US,Kentucky,Calloway,868,9,0,36.62093411,-88.2731593,21035.0,2225.5839593856567,1.036866359447005,859,857,9,0,848,849,39135,11,0,0,11,8
2020-10-21,US,Kentucky,Campbell,1113,16,0,38.94384345,-84.37875208,21037.0,1189.3058642502992,1.4375561545372866,1097,1085,16,0,1069,1077,93152,28,0,0,28,8
2020-10-21,US,Kentucky,Carlisle,101,1,0,36.85372876,-88.96692220000001,21039.0,2121.848739495799,0.99009900990099,100,101,1,0,100,99,4771,0,0,0,0,2
2020-10-21,US,Kentucky,Carroll,214,5,0,38.66599534,-85.12601074,21041.0,2012.980904900762,2.336448598130841,209,212,5,0,207,211,10737,2,0,0,2,1
2020-10-21,US,Kentucky,Carter,312,4,0,38.31690743,-83.05092385,21043.0,1164.3094376236145,1.2820512820512822,308,303,4,0,299,298,27004,9,0,0,9,5
2020-10-21,US,Kentucky,Casey,307,15,0,37.32533118,-84.92726209,21045.0,1899.8700414629611,4.88599348534202,292,304,15,0,289,297,15888,3,0,0,3,7
2020-10-21,US,Kentucky,Christian,1751,27,0,36.89267803,-87.49055367,21047.0,2485.0626587757765,1.5419760137064535,1724,1735,26,0,1709,1700,71671,16,1,0,15,35
2020-10-21,US,Kentucky,Clark,455,11,0,37.9689263,-84.14615986,21049.0,1254.7224443647794,2.417582417582417,444,452,10,0,442,445,36249,3,1,0,2,7
2020-10-21,US,Kentucky,Clay,451,6,0,37.16451126,-83.712575,21051.0,2266.2177780011057,1.3303769401330376,445,444,6,0,438,434,20105,7,0,0,7,10
2020-10-21,US,Kentucky,Clinton,208,3,0,36.72581156,-85.13377529,21053.0,2035.623409669211,1.4423076923076923,205,208,2,0,206,198,10206,0,1,0,-1,10
2020-10-21,US,Kentucky,Crittenden,154,1,0,37.35839237,-88.08826090000002,21055.0,1748.8076311605726,0.6493506493506493,153,153,1,0,152,150,8915,1,0,0,1,3
2020-10-21,US,Kentucky,Cumberland,125,0,0,36.78926125,-85.39050034,21057.0,1889.9304505594198,0.0,125,125,0,0,125,125,6659,0,0,0,0,0
2020-10-21,US,Kentucky,Daviess,1837,27,0,37.73028906,-87.09019479999998,21059.0,1809.6560963836432,1.4697876973326076,1810,1822,26,0,1796,1803,101104,15,1,0,14,19
2020-10-21,US,Kentucky,Edmonson,170,12,0,37.21218923,-86.23955613,21061.0,1399.1769547325105,7.0588235294117645,158,163,12,0,151,160,12274,7,0,0,7,3
2020-10-21,US,Kentucky,Elliott,101,0,0,38.11624059,-83.09771563,21063.0,1343.6211254489826,0.0,101,62,0,0,62,62,7508,39,0,0,39,0
2020-10-21,US,Kentucky,Estill,252,0,0,37.69241417,-83.95956369,21065.0,1786.473840918758,0.0,252,251,0,0,251,247,14198,1,0,0,1,4
2020-10-21,US,Kentucky,Fayette,10048,85,0,38.0368225,-84.45576892,21067.0,3109.3726791107592,0.8459394904458599,9963,10016,85,0,9931,9977,323780,32,0,0,32,39
2020-10-21,US,Kentucky,Fleming,147,0,0,38.36758311,-83.69657514,21069.0,1008.1613058089296,0.0,147,143,0,0,143,124,14432,4,0,0,4,19
2020-10-21,US,Kentucky,Floyd,301,4,0,37.56213922,-82.74750924,21071.0,845.7669504622214,1.32890365448505,297,298,4,0,294,286,35845,3,0,0,3,12
2020-10-21,US,Kentucky,Franklin,809,14,0,38.2379395,-84.87962551,21073.0,1586.5544900080404,1.73053152039555,795,800,14,0,786,789,50815,9,0,0,9,11
2020-10-21,US,Kentucky,Fulton,224,3,0,36.55238827,-89.20140068,21075.0,3752.72239906182,1.3392857142857142,221,217,3,0,214,214,6120,7,0,0,7,3
2020-10-21,US,Kentucky,Gallatin,121,8,0,38.75398691,-84.8558382,21077.0,1364.3026271281994,6.6115702479338845,113,117,8,0,109,113,8832,4,0,0,4,4
2020-10-21,US,Kentucky,Garrard,269,3,0,37.638866799999995,-84.53289319,21079.0,1522.6989697724446,1.1152416356877324,266,258,3,0,255,252,17560,11,0,0,11,6
2020-10-21,US,Kentucky,Grant,222,6,0,38.64962758,-84.62415957,21081.0,885.5558658103633,2.702702702702702,216,220,6,0,214,217,25121,2,0,0,2,3
2020-10-21,US,Kentucky,Graves,854,29,0,36.72292505,-88.65143315,21083.0,2291.6331240272634,3.3957845433255267,825,849,29,0,820,847,37317,5,0,0,5,2
2020-10-21,US,Kentucky,Grayson,472,15,0,37.46231118,-86.34248968,21085.0,1786.0521436409729,3.1779661016949152,457,466,15,0,451,462,26321,6,0,0,6,4
2020-10-21,US,Kentucky,Green,319,8,0,37.26484328,-85.5540745,21087.0,2915.6384242756603,2.5078369905956115,311,316,8,0,308,311,11049,3,0,0,3,5
2020-10-21,US,Kentucky,Greenup,580,8,0,38.54332505,-82.9215658,21089.0,1652.5158128668302,1.3793103448275863,572,568,8,0,560,564,35268,12,0,0,12,4
2020-10-21,US,Kentucky,Hancock,124,1,0,37.83766422,-86.78280584,21091.0,1421.6922724145838,0.8064516129032258,123,120,1,0,119,115,8758,4,0,0,4,5
2020-10-21,US,Kentucky,Hardin,1788,12,0,37.6976111,-85.96319251,21093.0,1611.420537500676,0.6711409395973155,1776,1711,12,0,1699,1693,110356,77,0,0,77,18
2020-10-21,US,Kentucky,Harlan,565,13,0,36.85699301,-83.21899516,21095.0,2172.241445597847,2.3008849557522124,552,566,13,0,553,562,26409,-1,0,0,-1,4
2020-10-21,US,Kentucky,Harrison,249,1,0,38.44188174,-84.32869741,21097.0,1318.4369374139576,0.4016064257028112,248,247,1,0,246,244,18778,2,0,0,2,3
2020-10-21,US,Kentucky,Hart,304,1,0,37.29943898,-85.88461055,21099.0,1597.05805095876,0.32894736842105265,303,288,1,0,287,283,18906,16,0,0,16,5
2020-10-21,US,Kentucky,Henderson,1229,23,0,37.79344553,-87.57392021,21101.0,2718.4251271842513,1.8714401952807158,1206,1222,18,0,1204,1207,45591,7,5,0,2,15
2020-10-21,US,Kentucky,Henry,245,2,0,38.44942688,-85.11587507,21103.0,1519.2856256976306,0.8163265306122449,243,239,2,0,237,235,16106,6,0,0,6,4
2020-10-21,US,Kentucky,Hickman,104,1,0,36.67948079999999,-88.97875928,21105.0,2374.429223744293,0.9615384615384616,103,103,1,0,102,98,4421,1,0,0,1,5
2020-10-21,US,Kentucky,Hopkins,963,42,0,37.30939025,-87.54670406,21107.0,2155.037371883812,4.361370716510903,921,928,42,0,886,916,45068,35,0,0,35,12
2020-10-21,US,Kentucky,Jackson,424,17,0,37.41866422,-83.99825483,21109.0,3181.033835996699,4.0094339622641515,407,422,17,0,405,419,13442,2,0,0,2,3
2020-10-21,US,Kentucky,Jefferson,20172,339,0,38.18664655,-85.65931031,21111.0,2630.8204555028515,1.6805472932778107,19833,19842,333,0,19509,19528,770517,330,6,0,324,314
2020-10-21,US,Kentucky,Jessamine,886,6,0,37.87119786,-84.58252003,21113.0,1637.2539961193756,0.6772009029345373,880,872,6,0,866,856,53920,14,0,0,14,16
2020-10-21,US,Kentucky,Johnson,269,2,0,37.85106355,-82.8264322,21115.0,1212.3670452496845,0.7434944237918215,267,260,2,0,258,246,22386,9,0,0,9,14
2020-10-21,US,Kentucky,Kenton,2455,49,0,38.93950319,-84.53241199,21117.0,1470.0774859579155,1.9959266802443991,2406,2407,49,0,2358,2379,166051,48,0,0,48,28
2020-10-21,US,Kentucky,Knott,303,2,0,37.35388197,-82.94981134,21119.0,2046.4676482507086,0.6600660066006601,301,303,2,0,301,295,15126,0,0,0,0,8
2020-10-21,US,Kentucky,Knox,766,9,0,36.89225732,-83.85403396,21121.0,2459.463798362498,1.1749347258485638,757,739,9,0,730,731,31304,27,0,0,27,8
2020-10-21,US,Kentucky,Larue,227,1,0,37.54567114,-85.70138352,21123.0,1576.607862203084,0.4405286343612335,226,220,1,0,219,215,14307,7,0,0,7,5
2020-10-21,US,Kentucky,Laurel,1307,7,0,37.10975748,-84.11321779,21125.0,2149.211517274267,0.5355776587605203,1300,1272,7,0,1265,1227,60669,35,0,0,35,45
2020-10-21,US,Kentucky,Lawrence,131,0,0,38.07136018,-82.72882223,21127.0,855.2588627015732,0.0,131,126,0,0,126,119,15571,5,0,0,5,7
2020-10-21,US,Kentucky,Lee,48,0,0,37.59645942,-83.71513901,21129.0,648.3857895447793,0.0,48,46,0,0,46,41,7033,2,0,0,2,5
2020-10-21,US,Kentucky,Leslie,121,0,0,37.09246661,-83.37999606,21131.0,1225.0683405892478,0.0,121,120,0,0,120,118,10143,1,0,0,1,2
2020-10-21,US,Kentucky,Letcher,286,2,0,37.12306748,-82.85346474,21133.0,1326.9614438825222,0.6993006993006993,284,286,2,0,284,283,21899,0,0,0,0,3
2020-10-21,US,Kentucky,Lewis,266,15,0,38.53184419,-83.37735618,21135.0,2003.7664783427488,5.639097744360902,251,264,15,0,249,262,13257,2,0,0,2,2
2020-10-21,US,Kentucky,Lincoln,291,18,0,37.45475628,-84.6565327,21137.0,1185.384333374068,6.185567010309278,273,283,18,0,265,276,24644,8,0,0,8,7
2020-10-21,US,Kentucky,Livingston,121,1,0,37.21137452,-88.34797529,21139.0,1316.0757015444856,0.8264462809917356,120,121,1,0,120,119,9242,0,0,0,0,2
2020-10-21,US,Kentucky,Logan,711,30,0,36.85949479,-86.877635,21141.0,2623.422625636485,4.219409282700422,681,699,30,0,669,691,26989,12,0,0,12,8
2020-10-21,US,Kentucky,Lyon,98,4,0,37.02080035,-88.07886257,21143.0,1193.6662606577345,4.081632653061225,94,98,4,0,94,96,8009,0,0,0,0,2
2020-10-21,US,Kentucky,Madison,2217,13,0,37.71659336,-84.27220275,21151.0,2384.204243603945,0.5863779882724403,2204,2186,11,0,2175,2163,92368,31,2,0,29,23
2020-10-21,US,Kentucky,Magoffin,148,0,0,37.70820545,-83.0657714,21153.0,1217.0051804950251,0.0,148,143,0,0,143,132,12362,5,0,0,5,11
2020-10-21,US,Kentucky,Marion,367,10,0,37.55218078,-85.26898542,21155.0,1904.2183365329736,2.7247956403269757,357,345,9,0,336,339,19404,22,1,0,21,6
2020-10-21,US,Kentucky,Marshall,433,6,0,36.88007070000001,-88.32803576,21157.0,1392.282958199357,1.3856812933025404,427,429,6,0,423,421,31191,4,0,0,4,8
2020-10-21,US,Kentucky,Martin,148,3,0,37.79990579,-82.51247478,21159.0,1322.0187583742745,2.0270270270270268,145,143,3,0,140,129,11323,5,0,0,5,14
2020-10-21,US,Kentucky,Mason,160,2,0,38.59471935,-83.82151043,21161.0,937.3169302870532,1.25,158,158,2,0,156,150,17150,2,0,0,2,8
2020-10-21,US,Kentucky,McCracken,994,11,0,37.05350953,-88.70445755,21145.0,1519.4594759852027,1.1066398390342052,983,977,11,0,966,976,65346,17,0,0,17,1
2020-10-21,US,Kentucky,McCreary,248,1,0,36.73874143,-84.48102924,21147.0,1439.2664383959145,0.4032258064516129,247,241,1,0,240,240,17408,7,0,0,7,1
2020-10-21,US,Kentucky,McLean,153,3,0,37.5301951,-87.26803443,21149.0,1661.7790811339194,1.96078431372549,150,145,3,0,142,135,9252,8,0,0,8,10
2020-10-21,US,Kentucky,Meade,339,3,0,37.96163597,-86.21028219,21163.0,1186.4762704745904,0.8849557522123894,336,324,3,0,321,317,28715,15,0,0,15,7
2020-10-21,US,Kentucky,Menifee,76,1,0,37.94090733,-83.59985712,21165.0,1171.2128216982585,1.3157894736842106,75,76,1,0,75,76,6451,0,0,0,0,0
2020-10-21,US,Kentucky,Mercer,327,6,0,37.81474237,-84.87488475,21167.0,1490.9041170838464,1.834862385321101,321,324,6,0,318,319,21774,3,0,0,3,5
2020-10-21,US,Kentucky,Metcalfe,174,2,0,36.99459295,-85.63123699,21169.0,1727.7330950253202,1.1494252873563218,172,167,2,0,165,166,10030,7,0,0,7,1
2020-10-21,US,Kentucky,Monroe,257,4,0,36.71225341,-85.71596443,21171.0,2413.1455399061033,1.5564202334630348,253,255,4,0,251,251,10718,2,0,0,2,4
2020-10-21,US,Kentucky,Montgomery,389,4,0,38.03253032,-83.9145241,21173.0,1381.5392264800935,1.0282776349614395,385,385,4,0,381,375,28203,4,0,0,4,10
2020-10-21,US,Kentucky,Morgan,107,0,0,37.92465657,-83.25558245,21175.0,803.9672402133895,0.0,107,104,0,0,104,101,13345,3,0,0,3,3
2020-10-21,US,Kentucky,Muhlenberg,928,13,0,37.21425819,-87.14632053,21177.0,3030.500947031546,1.4008620689655171,915,925,13,0,912,921,30774,3,0,0,3,4
2020-10-21,US,Kentucky,Nelson,740,4,0,37.80335779,-85.4657193,21179.0,1600.5883243570609,0.5405405405405406,736,717,4,0,713,680,45851,23,0,0,23,37
2020-10-21,US,Kentucky,Nicholas,103,1,0,38.33342292,-84.01889177,21181.0,1416.9762003026553,0.9708737864077671,102,98,1,0,97,91,7166,5,0,0,5,7
2020-10-21,US,Kentucky,Ohio,572,9,0,37.47751843,-86.85368087,21183.0,2383.9293156622493,1.573426573426573,563,570,9,0,561,560,24087,2,0,0,2,10
2020-10-21,US,Kentucky,Oldham,1370,26,0,38.39791089,-85.448222,21185.0,2050.928906121349,1.8978102189781019,1344,1342,26,0,1316,1336,66470,28,0,0,28,6
2020-10-21,US,Kentucky,Owen,115,3,0,38.51679143,-84.82404619,21187.0,1054.9490872397027,2.608695652173913,112,115,3,0,112,113,10880,0,0,0,0,2
2020-10-21,US,Kentucky,Owsley,72,1,0,37.42823949,-83.68811419,21189.0,1630.8040770101925,1.3888888888888888,71,70,1,0,69,69,4472,2,0,0,2,1
2020-10-21,US,Kentucky,Pendleton,112,0,0,38.69607718,-84.35599463,21191.0,767.6490747087047,0.0,112,111,0,0,111,110,14529,1,0,0,1,1
2020-10-21,US,Kentucky,Perry,461,9,0,37.25023553,-83.22922731,21193.0,1789.735227890364,1.9522776572668112,452,454,9,0,445,443,26092,7,0,0,7,11
2020-10-21,US,Kentucky,Pike,749,3,0,37.47088263,-82.39487445,21195.0,1294.1461054668605,0.4005340453938585,746,713,3,0,710,678,58402,36,0,0,36,35
2020-10-21,US,Kentucky,Powell,133,0,0,37.83218794,-83.82553961,21197.0,1076.1388461849665,0.0,133,133,0,0,133,133,12442,0,0,0,0,0
2020-10-21,US,Kentucky,Pulaski,963,13,0,37.10466131,-84.57629079,21199.0,1482.0172671170685,1.3499480789200415,950,958,13,0,945,957,64623,5,0,0,5,1
2020-10-21,US,Kentucky,Robertson,16,1,0,38.51923469,-84.05055616,21201.0,759.0132827324478,6.25,15,16,1,0,15,13,2135,0,0,0,0,3
2020-10-21,US,Kentucky,Rockcastle,295,1,0,37.36642393,-84.31176452,21203.0,1766.9961066187482,0.3389830508474576,294,288,1,0,287,281,16750,7,0,0,7,7
2020-10-21,US,Kentucky,Rowan,324,1,0,38.19484205,-83.42088935,21205.0,1324.6116107931316,0.308641975308642,323,318,1,0,317,316,24583,6,0,0,6,2
2020-10-21,US,Kentucky,Russell,360,6,0,36.99308373,-85.06070117,21207.0,2008.5923115549847,1.6666666666666667,354,352,6,0,346,351,17821,8,0,0,8,1
2020-10-21,US,Kentucky,Scott,1034,17,0,38.29622293,-84.5816631,21209.0,1813.9077959441445,1.644100580270793,1017,1023,17,0,1006,996,56031,11,0,0,11,27
2020-10-21,US,Kentucky,Shelby,1312,24,0,38.21476019,-85.194223,21211.0,2676.2402088772847,1.8292682926829267,1288,1292,24,0,1268,1283,48518,20,0,0,20,9
2020-10-21,US,Kentucky,Simpson,321,8,0,36.74058474,-86.58047435,21213.0,1728.4083566659488,2.4922118380062304,313,318,8,0,310,317,18529,3,0,0,3,1
2020-10-21,US,Kentucky,Spencer,269,0,0,38.03223971,-85.32749335,21215.0,1390.1090382925945,0.0,269,265,0,0,265,263,18794,4,0,0,4,2
2020-10-21,US,Kentucky,Taylor,440,7,0,37.3677562,-85.3329931,21217.0,1707.4779774147232,1.5909090909090908,433,434,7,0,427,426,25549,6,0,0,6,8
2020-10-21,US,Kentucky,Todd,274,11,0,36.8381152,-87.17878374,21219.0,2228.7294615259475,4.014598540145985,263,274,10,0,264,264,12311,0,1,0,-1,10
2020-10-21,US,Kentucky,Trigg,230,0,0,36.80767017,-87.87333656,21221.0,1569.8587127158555,0.0,230,230,0,0,230,226,14643,0,0,0,0,4
2020-10-21,US,Kentucky,Trimble,84,0,0,38.61056487,-85.33775972,21223.0,991.6184629913824,0.0,84,80,0,0,80,81,8515,4,0,0,4,-1
2020-10-21,US,Kentucky,Union,485,6,0,37.66166713,-87.94300009,21225.0,3372.505389055003,1.2371134020618555,479,484,6,0,478,481,14505,1,0,0,1,3
2020-10-21,US,Kentucky,Warren,4962,57,0,36.99903045,-86.42672751,21227.0,3733.746689140381,1.1487303506650544,4905,4943,57,0,4886,4913,131264,19,0,0,19,30
2020-10-21,US,Kentucky,Washington,212,1,0,37.75599461,-85.17407732,21229.0,1752.7904092600247,0.4716981132075472,211,200,1,0,199,198,12084,12,0,0,12,2
2020-10-21,US,Kentucky,Wayne,257,1,0,36.80310688,-84.8251971,21231.0,1263.9551468056854,0.3891050583657588,256,252,1,0,251,237,20468,5,0,0,5,15
2020-10-21,US,Kentucky,Webster,293,5,0,37.52168356,-87.67989953,21233.0,2263.9468397465616,1.706484641638225,288,288,5,0,283,285,13111,5,0,0,5,3
2020-10-21,US,Kentucky,Whitley,737,6,0,36.75700531,-84.14541217,21235.0,2032.3185528347672,0.8141112618724559,731,713,6,0,707,699,36242,24,0,0,24,14
2020-10-21,US,Kentucky,Wolfe,58,0,0,37.73941626,-83.49303612,21237.0,810.3954170741931,0.0,58,59,0,0,59,59,7177,-1,0,0,-1,0
2020-10-21,US,Kentucky,Woodford,356,0,0,38.04178222,-84.7417556,21239.0,1331.6376150220692,0.0,356,350,0,0,350,350,26533,6,0,0,6,0
2020-10-21,US,Louisiana,Acadia,3091,100,0,30.295064899999996,-92.41419698,22001.0,4981.86799903296,3.2351989647363317,2991,3082,100,0,2982,3062,62190,9,0,0,9,20
2020-10-21,US,Louisiana,Allen,1823,54,0,30.65385745,-92.82442028,22003.0,7113.5911343504895,2.9621503017004938,1769,1814,54,0,1760,1806,25605,9,0,0,9,8
2020-10-21,US,Louisiana,Ascension,3992,98,0,30.20406249,-90.91328409999998,22005.0,3153.1389213610937,2.4549098196392785,3894,3955,98,0,3857,3945,124672,37,0,0,37,10
2020-10-21,US,Louisiana,Assumption,788,24,0,29.89946234,-91.06461642,22007.0,3599.652825362021,3.045685279187817,764,782,24,0,758,783,22300,6,0,0,6,-1
2020-10-21,US,Louisiana,Avoyelles,1679,62,0,31.07796211,-92.00079449,22009.0,4182.44320446393,3.6926742108397854,1617,1676,62,0,1614,1667,40462,3,0,0,3,9
2020-10-21,US,Louisiana,Beauregard,1056,40,0,30.64836518,-93.34173616,22011.0,2816.2252980238427,3.787878787878788,1016,1050,39,0,1011,1050,37253,6,1,0,5,0
2020-10-21,US,Louisiana,Bienville,581,33,0,32.34569994,-93.05398492,22013.0,4387.886111320897,5.679862306368331,548,578,33,0,545,563,13308,3,0,0,3,15
2020-10-21,US,Louisiana,Bossier,4023,117,0,32.67932307,-93.60460152,22015.0,3166.744070718441,2.9082774049217,3906,3983,117,0,3866,3909,127185,40,0,0,40,74
2020-10-21,US,Louisiana,Caddo,9784,390,0,32.57991587,-93.88375652,22017.0,4073.20444289021,3.9860997547015535,9394,9729,388,0,9341,9670,242922,55,2,0,53,59
2020-10-21,US,Louisiana,Calcasieu,8256,223,0,30.22931235,-93.35400434,22019.0,4058.2787707190473,2.701065891472868,8033,8198,222,0,7976,8187,203112,58,1,0,57,11
2020-10-21,US,Louisiana,Caldwell,340,3,0,32.0902519,-92.11752148,22021.0,3428.1105061504327,0.8823529411764706,337,336,3,0,333,339,9960,4,0,0,4,-3
2020-10-21,US,Louisiana,Cameron,238,2,0,29.87592238,-93.19310676,22023.0,3413.165065251685,0.8403361344537815,236,242,2,0,240,237,6968,-4,0,0,-4,5
2020-10-21,US,Louisiana,Catahoula,455,14,0,31.66778967,-91.84526385,22025.0,4792.50052664841,3.0769230769230766,441,457,14,0,443,453,9608,-2,0,0,-2,4
2020-10-21,US,Louisiana,Claiborne,593,24,0,32.82308512,-92.99526883,22027.0,3784.301212507977,4.0472175379426645,569,591,24,0,567,586,15944,2,0,0,2,5
2020-10-21,US,Louisiana,Concordia,576,16,0,31.44817835,-91.63814433,22029.0,2990.809491666234,2.7777777777777777,560,575,16,0,559,562,19572,1,0,0,1,13
2020-10-21,US,Louisiana,De Soto,1000,35,0,32.05457447,-93.74130302,22031.0,3641.26278993555,3.5,965,995,35,0,960,991,27436,5,0,0,5,4
2020-10-21,US,Louisiana,East Baton Rouge,15846,456,0,30.53842039,-91.09777565,22033.0,3600.880790984845,2.8776978417266186,15390,15738,456,0,15282,15717,440956,108,0,0,108,21
2020-10-21,US,Louisiana,East Carroll,575,6,0,32.73926954,-91.23425694,22035.0,8380.702521498324,1.0434782608695652,569,573,6,0,567,568,7037,2,0,0,2,5
2020-10-21,US,Louisiana,East Feliciana,1786,75,0,30.84425359,-91.04976723,22037.0,9333.681735040502,4.1993281075028,1711,1786,75,0,1711,1790,19305,0,0,0,0,-4
2020-10-21,US,Louisiana,Evangeline,1389,39,0,30.72985248,-92.39915924,22039.0,4159.305285222339,2.8077753779697625,1350,1388,38,0,1350,1383,33443,1,1,0,0,5
2020-10-21,US,Louisiana,Franklin,1287,44,0,32.13675181,-91.67589857,22041.0,6430.177366974769,3.418803418803418,1243,1276,44,0,1232,1272,20156,11,0,0,11,4
2020-10-21,US,Louisiana,Grant,522,30,0,31.59882456,-92.56124347,22043.0,2331.5020769127696,5.747126436781608,492,523,30,0,493,516,22482,-1,0,0,-1,7
2020-10-21,US,Louisiana,Iberia,3049,93,0,29.86803617,-91.75871777,22045.0,4366.318201346126,3.050180387012136,2956,3043,93,0,2950,3032,70941,6,0,0,6,11
2020-10-21,US,Louisiana,Iberville,1457,60,0,30.25734305,-91.3499598,22047.0,4481.560087355048,4.1180507892930684,1397,1448,60,0,1388,1444,32721,9,0,0,9,4
2020-10-21,US,Louisiana,Jackson,829,22,0,32.30251776,-92.55692092,22049.0,5265.497967479675,2.6537997587454765,807,814,22,0,792,809,15902,15,0,0,15,5
2020-10-21,US,Louisiana,Jefferson,18441,581,0,29.74075478,-90.11115756,22051.0,4263.8840397416825,3.150588362887045,17860,18405,580,0,17825,18358,434051,36,1,0,35,47
2020-10-21,US,Louisiana,Jefferson Davis,1323,43,0,30.26896765,-92.81210004,22053.0,4217.674062739097,3.2501889644746784,1280,1330,43,0,1287,1314,31582,-7,0,0,-7,16
2020-10-21,US,Louisiana,LaSalle,483,10,0,31.67884782,-92.15907765,22059.0,3243.352135374698,2.070393374741201,473,480,10,0,470,478,14917,3,0,0,3,2
2020-10-21,US,Louisiana,Lafayette,9345,137,0,30.2049055,-92.06959876,22055.0,3823.806211383445,1.4660246120920275,9208,9315,137,0,9178,9297,242782,30,0,0,30,18
2020-10-21,US,Louisiana,Lafourche,3854,126,0,29.52470226,-90.40976986,22057.0,3948.204151043908,3.269330565646082,3728,3846,126,0,3720,3842,98115,8,0,0,8,4
2020-10-21,US,Louisiana,Lincoln,1622,48,0,32.6003154,-92.66597409999999,22061.0,3470.112532625904,2.9593094944512948,1574,1607,48,0,1559,1602,47196,15,0,0,15,5
2020-10-21,US,Louisiana,Livingston,4135,79,0,30.44143993,-90.73061664,22063.0,2937.0192273544103,1.9105199516324065,4056,4097,79,0,4018,4089,139567,38,0,0,38,8
2020-10-21,US,Louisiana,Madison,892,8,0,32.36918118,-91.23973355,22065.0,8145.374851611725,0.8968609865470852,884,892,8,0,884,890,11161,0,0,0,0,2
2020-10-21,US,Louisiana,Morehouse,874,25,0,32.81686191,-91.80421614,22067.0,3513.709093832918,2.860411899313502,849,877,25,0,852,869,25398,-3,0,0,-3,8
2020-10-21,US,Louisiana,Natchitoches,1422,27,0,31.72321584,-93.09816516,22069.0,3726.610409350595,1.8987341772151896,1395,1409,26,0,1383,1381,38659,13,1,0,12,28
2020-10-21,US,Louisiana,Orleans,13289,592,0,30.06971951,-89.92660315,22071.0,3406.1782316272966,4.4548122507336885,12697,13271,589,0,12682,13218,391006,18,3,0,15,53
2020-10-21,US,Louisiana,Ouachita,6845,160,0,32.47645559,-92.15704172,22073.0,4465.712850423085,2.337472607742878,6685,6819,160,0,6659,6785,154475,26,0,0,26,34
2020-10-21,US,Louisiana,Plaquemines,883,19,0,29.42245447,-89.60322085,22075.0,3806.526706039574,2.1517553793884483,864,876,19,0,857,875,23410,7,0,0,7,1
2020-10-21,US,Louisiana,Pointe Coupee,1119,40,0,30.71409502,-91.60209535,22077.0,5149.562816382881,3.5746201966041107,1079,1107,40,0,1067,1109,21940,12,0,0,12,-2
2020-10-21,US,Louisiana,Rapides,4593,154,0,31.19778499,-92.52997303,22079.0,3542.6693817104774,3.3529283692575658,4439,4561,153,0,4408,4566,130562,32,1,0,31,-5
2020-10-21,US,Louisiana,Red River,405,24,0,32.09530039,-93.34213308,22081.0,4797.441364605544,5.925925925925926,381,403,24,0,379,401,8477,2,0,0,2,2
2020-10-21,US,Louisiana,Richland,860,16,0,32.41391005,-91.76634876,22083.0,4273.929032899314,1.8604651162790695,844,856,16,0,840,851,20192,4,0,0,4,5
2020-10-21,US,Louisiana,Sabine,960,14,0,31.56388699,-93.55433981,22085.0,4019.427231619495,1.4583333333333333,946,957,14,0,943,945,24032,3,0,0,3,12
2020-10-21,US,Louisiana,St. Bernard,1524,32,0,29.87761636,-89.51887093,22087.0,3225.8064516129034,2.0997375328083994,1492,1517,32,0,1485,1512,46721,7,0,0,7,5
2020-10-21,US,Louisiana,St. Charles,1920,63,0,29.90709658,-90.35555967,22089.0,3615.819209039548,3.28125,1857,1920,63,0,1857,1912,52879,0,0,0,0,8
2020-10-21,US,Louisiana,St. Helena,430,4,0,30.82210324,-90.71013176,22091.0,4243.979470983024,0.9302325581395348,426,431,4,0,427,426,10262,-1,0,0,-1,5
2020-10-21,US,Louisiana,St. James,832,40,0,30.02531716,-90.80212061,22093.0,3943.8756162305654,4.807692307692308,792,829,40,0,789,830,21037,3,0,0,3,-1
2020-10-21,US,Louisiana,St. John the Baptist,1623,106,0,30.12597499,-90.4753503,22095.0,3788.780726941663,6.531115218730745,1517,1623,106,0,1517,1621,43184,0,0,0,0,2
2020-10-21,US,Louisiana,St. Landry,3565,133,0,30.59724262,-92.00135806,22097.0,4340.996541814817,3.730715287517532,3432,3551,133,0,3418,3529,82764,14,0,0,14,22
2020-10-21,US,Louisiana,St. Martin,2183,63,0,30.13112107,-91.61403569,22099.0,4085.643165952349,2.885936784241869,2120,2183,63,0,2120,2162,53621,0,0,0,0,21
2020-10-21,US,Louisiana,St. Mary,2001,84,0,29.69262097,-91.44702164,22101.0,4054.875577531004,4.197901049475262,1917,2000,84,0,1916,1998,49774,1,0,0,1,2
2020-10-21,US,Louisiana,St. Tammany,7580,269,0,30.40942847,-89.95642711,22103.0,2910.693920182476,3.5488126649076523,7311,7559,269,0,7290,7534,258111,21,0,0,21,25
2020-10-21,US,Louisiana,Tangipahoa,4930,122,0,30.62888673,-90.40664996,22105.0,3658.409890321911,2.4746450304259637,4808,4906,122,0,4784,4895,133777,24,0,0,24,11
2020-10-21,US,Louisiana,Tensas,186,2,0,32.00760749,-91.32915234,22107.0,4291.647438855561,1.075268817204301,184,186,2,0,184,185,4462,0,0,0,0,1
2020-10-21,US,Louisiana,Terrebonne,3832,123,0,29.37343766,-90.82626855,22109.0,3469.097690587628,3.2098121085594986,3709,3819,123,0,3696,3803,111021,13,0,0,13,16
2020-10-21,US,Louisiana,Unassigned,241,200,0,0.0,0.0,90022.0,0.0,82.98755186721992,41,241,200,0,41,250,,0,0,0,0,-9
2020-10-21,US,Louisiana,Union,1079,50,0,32.83121059,-92.3749373,22111.0,4880.586213135516,4.633920296570898,1029,1075,49,0,1026,1061,22330,4,1,0,3,14
2020-10-21,US,Louisiana,Vermilion,2097,70,0,29.83517605,-92.30292538,22113.0,3523.7183041790595,3.3381020505484025,2027,2097,70,0,2027,2084,59830,0,0,0,0,13
2020-10-21,US,Louisiana,Vernon,1108,55,0,31.10884837,-93.18153838,22115.0,2336.123468763837,4.9638989169675085,1053,1113,55,0,1058,1107,48860,-5,0,0,-5,6
2020-10-21,US,Louisiana,Washington,1731,70,0,30.85288548,-90.03866652,22117.0,3747.2399012858814,4.043905257076834,1661,1725,70,0,1655,1720,46582,6,0,0,6,5
2020-10-21,US,Louisiana,Webster,1430,38,0,32.70847669,-93.33121835,22119.0,3729.786124152322,2.657342657342657,1392,1429,38,0,1391,1418,38798,1,0,0,1,11
2020-10-21,US,Louisiana,West Baton Rouge,957,42,0,30.46058217,-91.30989571,22121.0,3616.096731532212,4.38871473354232,915,952,42,0,910,944,26427,5,0,0,5,8
2020-10-21,US,Louisiana,West Carroll,369,11,0,32.78550125,-91.461201,22123.0,3407.202216066482,2.9810298102981028,358,368,11,0,357,368,10982,1,0,0,1,0
2020-10-21,US,Louisiana,West Feliciana,747,25,0,30.87882871,-91.41485379999999,22125.0,4798.304213771839,3.3467202141900936,722,745,25,0,720,747,15460,2,0,0,2,-2
2020-10-21,US,Louisiana,Winn,674,19,0,31.94449367,-92.63789413,22127.0,4847.5258918296895,2.8189910979228485,655,672,19,0,653,665,14134,2,0,0,2,7
2020-10-21,US,Maine,Androscoggin,839,10,0,44.1664747,-70.20380627,23001.0,774.8644679848906,1.1918951132300355,829,839,10,0,829,834,107679,0,0,0,0,5
2020-10-21,US,Maine,Aroostook,59,1,0,46.65926321,-68.59841248,23003.0,87.98747296995005,1.6949152542372878,58,56,1,0,55,56,67111,3,0,0,3,0
2020-10-21,US,Maine,Cumberland,2431,70,0,43.8370751,-70.37226999,23005.0,824.0594163449185,2.879473467708762,2361,2427,70,0,2357,2427,293557,4,0,0,4,0
2020-10-21,US,Maine,Franklin,74,1,0,44.97330019,-70.44381045,23007.0,245.04122653067986,1.351351351351351,73,73,1,0,72,73,29897,1,0,0,1,0
2020-10-21,US,Maine,Hancock,60,1,0,44.59816444,-68.38401854,23009.0,109.1167003109826,1.6666666666666667,59,59,1,0,58,56,54811,1,0,0,1,3
2020-10-21,US,Maine,Kennebec,298,11,0,44.40759555,-69.76738544,23011.0,243.65913885300318,3.6912751677852342,287,293,11,0,282,292,122083,5,0,0,5,1
2020-10-21,US,Maine,Knox,61,1,0,44.11486325,-69.10529169,23013.0,153.3742331288344,1.639344262295082,60,62,1,0,61,59,39771,-1,0,0,-1,3
2020-10-21,US,Maine,Lincoln,57,1,0,44.05996956,-69.54227124,23015.0,164.57816018940926,1.7543859649122806,56,54,1,0,53,54,34342,3,0,0,3,0
2020-10-21,US,Maine,Oxford,157,2,0,44.49952995,-70.75682123,23017.0,270.8063820612333,1.2738853503184713,155,157,2,0,155,157,57618,0,0,0,0,0
2020-10-21,US,Maine,Penobscot,284,6,0,45.40194593,-68.65020455,23019.0,186.66035702079554,2.112676056338028,278,279,6,0,273,274,151096,5,0,0,5,5
2020-10-21,US,Maine,Piscataquis,10,0,0,45.83839062,-69.2860223,23021.0,59.577003276735184,0.0,10,10,0,0,10,10,16800,0,0,0,0,0
2020-10-21,US,Maine,Sagadahoc,78,0,0,43.95415864,-69.85074999,23023.0,217.53681392235612,0.0,78,77,0,0,77,77,35634,1,0,0,1,0
2020-10-21,US,Maine,Somerset,127,8,0,45.51229767,-69.95995554,23025.0,251.56485223040963,6.299212598425197,119,126,8,0,118,126,50592,1,0,0,1,0
2020-10-21,US,Maine,Waldo,132,14,0,44.4858305,-69.12061935,23027.0,332.36812287548787,10.606060606060606,118,127,14,0,113,124,39694,5,0,0,5,3
2020-10-21,US,Maine,Washington,23,0,0,45.01607142,-67.62813524,23029.0,73.29742821632301,0.0,23,21,0,0,21,21,31490,2,0,0,2,0
2020-10-21,US,Maine,York,1334,20,0,43.47808377,-70.71052375,23031.0,642.4550064775261,1.4992503748125936,1314,1327,20,0,1307,1321,206229,7,0,0,7,6
2020-10-21,US,Maryland,Allegany,594,23,0,39.62357628,-78.69280486,24001.0,843.5582822085887,3.8720538720538724,571,587,23,0,564,569,70975,7,0,0,7,18
2020-10-21,US,Maryland,Anne Arundel,11433,265,0,39.00670238,-76.60329337,24003.0,1973.8136918758225,2.3178518324149398,11168,11391,264,0,11127,11336,576031,42,1,0,41,55
2020-10-21,US,Maryland,Baltimore,19799,656,0,39.45784712,-76.62911955,24005.0,2393.004339050244,3.3132986514470426,19143,19749,654,0,19095,19646,828431,50,2,0,48,103
2020-10-21,US,Maryland,Baltimore City,17000,497,0,39.30211911,-76.61151012,24510.0,2864.412205765893,2.9235294117647057,16503,16937,496,0,16441,16906,621342,63,1,0,62,31
2020-10-21,US,Maryland,Calvert,1141,29,0,38.53961642,-76.56820632,24009.0,1233.1802215617402,2.5416301489921116,1112,1132,29,0,1103,1120,92003,9,0,0,9,12
2020-10-21,US,Maryland,Caroline,713,8,0,38.87172293,-75.82904158,24011.0,2134.3471232712686,1.1220196353436185,705,710,8,0,702,704,33304,3,0,0,3,6
2020-10-21,US,Maryland,Carroll,2159,128,0,39.56453592,-77.02373735,24013.0,1281.7087867400428,5.9286706808707725,2031,2152,128,0,2024,2141,168429,7,0,0,7,11
2020-10-21,US,Maryland,Cecil,1291,36,0,39.56647682,-75.94627411,24015.0,1255.1650381605173,2.7885360185902406,1255,1284,36,0,1248,1275,102826,7,0,0,7,9
2020-10-21,US,Maryland,Charles,3050,101,0,38.51092331,-76.98580666,24017.0,1868.2200456948249,3.3114754098360657,2949,3041,101,0,2940,3029,161503,9,0,0,9,12
2020-10-21,US,Maryland,Dorchester,715,10,0,38.45413522,-76.02752426,24019.0,2239.343543487112,1.3986013986013983,705,711,10,0,701,695,31998,4,0,0,4,16
2020-10-21,US,Maryland,Frederick,4559,138,0,39.47296601,-77.39999394,24021.0,1756.5219401495685,3.0269796007896472,4421,4546,137,0,4409,4534,255648,13,1,0,12,12
2020-10-21,US,Maryland,Garrett,108,1,0,39.52786077,-79.27355126,24023.0,372.23409388571037,0.925925925925926,107,106,1,0,105,105,29163,2,0,0,2,1
2020-10-21,US,Maryland,Harford,3448,80,0,39.55010644,-76.30775940000002,24025.0,1349.8224638957724,2.320185614849188,3368,3430,79,0,3351,3417,253956,18,1,0,17,13
2020-10-21,US,Maryland,Howard,5647,124,0,39.25305293,-76.93126208,24027.0,1733.857349012865,2.195856206835488,5523,5628,124,0,5504,5605,323196,19,0,0,19,23
2020-10-21,US,Maryland,Kent,334,24,0,39.24976208,-76.04741541,24029.0,1719.6993100607556,7.185628742514971,310,332,24,0,308,332,19383,2,0,0,2,0
2020-10-21,US,Maryland,Montgomery,24664,862,0,39.13676329,-77.20358245,24031.0,2347.414265700189,3.4949724294518325,23802,24560,861,0,23699,24466,1052567,104,1,0,103,94
2020-10-21,US,Maryland,Prince George's,31695,848,0,38.83070039,-76.8496441,24033.0,3485.544804014397,2.6755008676447387,30847,31617,846,0,30771,31497,909308,78,2,0,76,120
2020-10-21,US,Maryland,Queen Anne's,742,26,0,39.06198912,-76.03530977,24035.0,1472.7774359381513,3.5040431266846364,716,740,26,0,714,736,50251,2,0,0,2,4
2020-10-21,US,Maryland,Somerset,398,5,0,38.1163542,-75.75118623,24039.0,1553.7164272329794,1.256281407035176,393,395,5,0,390,387,25675,3,0,0,3,8
2020-10-21,US,Maryland,St. Mary's,1416,59,0,38.30058422,-76.60629279999998,24037.0,1247.467183508061,4.166666666666667,1357,1409,59,0,1350,1400,112664,7,0,0,7,9
2020-10-21,US,Maryland,Talbot,627,6,0,38.76618159,-76.10882561,24041.0,1686.3451762997229,0.9569377990430622,621,623,6,0,617,621,36968,4,0,0,4,2
2020-10-21,US,Maryland,Unassigned,0,11,0,0.0,0.0,90024.0,0.0,0.0,-11,0,12,0,-12,0,,0,-1,0,1,0
2020-10-21,US,Maryland,Washington,2137,42,0,39.60835778,-77.82002295,24043.0,1414.7726896569986,1.9653720168460456,2095,2116,42,0,2074,2108,150926,21,0,0,21,8
2020-10-21,US,Maryland,Wicomico,2385,49,0,38.37301947,-75.62705831,24045.0,2301.9235780675426,2.0545073375262053,2336,2374,49,0,2325,2357,103195,11,0,0,11,17
2020-10-21,US,Maryland,Worcester,1181,30,0,38.21274277,-75.33200012,24047.0,2259.1629045833647,2.5402201524132093,1151,1174,30,0,1144,1168,51823,7,0,0,7,6
2020-10-21,US,Massachusetts,Barnstable,1911,181,0,41.72980578,-70.28854339,25001.0,897.2252218414011,9.471480900052331,1730,1902,181,0,1721,1898,213413,9,0,0,9,4
2020-10-21,US,Massachusetts,Berkshire,742,51,0,42.37428441,-73.20524838,25003.0,593.8660519912921,6.8733153638814,691,742,51,0,691,740,126348,0,0,0,0,2
2020-10-21,US,Massachusetts,Bristol,11170,733,0,41.79228404,-71.10872211,25005.0,1976.2321373914801,6.562220232766339,10437,11126,732,0,10394,11046,564022,44,1,0,43,80
2020-10-21,US,Massachusetts,Dukes and Nantucket,208,2,0,41.40674725,-70.68763497,0.0,723.9567018203336,0.9615384615384616,206,208,2,0,206,204,26707,0,0,0,0,4
2020-10-21,US,Massachusetts,Essex,22446,1331,0,42.6687626,-70.94687179,25009.0,2844.7443329438274,5.929787044462265,21115,22315,1330,0,20985,22192,790638,131,1,0,130,123
2020-10-21,US,Massachusetts,Franklin,445,72,0,42.58119713,-72.58602547,25011.0,634.083784554004,16.179775280898877,373,441,72,0,369,438,70963,4,0,0,4,3
2020-10-21,US,Massachusetts,Hampden,9219,800,0,42.13440424,-72.63235561,25013.0,1976.7481752763888,8.677730773402757,8419,9171,799,0,8372,9125,470406,48,1,0,47,46
2020-10-21,US,Massachusetts,Hampshire,1420,153,0,42.33997957,-72.65898478,25015.0,882.9198532612074,10.774647887323942,1267,1412,153,0,1259,1401,161355,8,0,0,8,11
2020-10-21,US,Massachusetts,Middlesex,30502,2232,0,42.48607732,-71.39049229,25017.0,1892.5370059794045,7.317552947347715,28270,30367,2226,0,28141,30182,1614714,135,6,0,129,185
2020-10-21,US,Massachusetts,Norfolk,11274,1094,0,42.16073095,-71.20530408,25021.0,1595.1328216193274,9.70374312577612,10180,11238,1093,0,10145,11176,705388,36,1,0,35,62
2020-10-21,US,Massachusetts,Plymouth,10824,809,0,41.94070556,-70.80802823,25023.0,2076.738001772825,7.474131559497414,10015,10786,806,0,9980,10693,518132,38,3,0,35,93
2020-10-21,US,Massachusetts,Suffolk,26787,1163,0,42.327951399999996,-71.07850442,25025.0,3332.101847601775,4.341658267069846,25624,26663,1161,0,25502,26546,807252,124,2,0,122,117
2020-10-21,US,Massachusetts,Unassigned,3537,5,0,0.0,0.0,90025.0,0.0,0.1413627367825841,3532,3471,5,0,3466,3303,,66,0,0,66,168
2020-10-21,US,Massachusetts,Worcester,15681,1154,0,42.35026951,-71.90493363,25027.0,1887.8623489385066,7.359224539251323,14527,15622,1147,0,14475,15544,830839,59,7,0,52,78
2020-10-21,US,Michigan,Alcona,52,2,0,44.6846864,-83.59507875,26001.0,499.7597308986065,3.8461538461538463,50,51,2,0,49,51,10362,1,0,0,1,0
2020-10-21,US,Michigan,Alger,101,1,0,46.41292944,-86.60260122,26003.0,1108.915239350022,0.99009900990099,100,98,1,0,97,96,9097,3,0,0,3,2
2020-10-21,US,Michigan,Allegan,1109,7,0,42.59147037,-85.89102866,26005.0,939.1858131282763,0.6311992786293958,1102,1088,7,0,1081,1061,117327,21,0,0,21,27
2020-10-21,US,Michigan,Alpena,156,14,0,45.03477666,-83.62212411,26007.0,549.1990846681922,8.974358974358974,142,155,14,0,141,153,28360,1,0,0,1,2
2020-10-21,US,Michigan,Antrim,106,0,0,44.99690221,-85.15503082,26009.0,454.4675012862288,0.0,106,102,0,0,102,97,23365,4,0,0,4,5
2020-10-21,US,Michigan,Arenac,89,3,0,44.0636262,-83.89277559,26011.0,597.9977155143453,3.3707865168539324,86,89,3,0,86,88,15041,0,0,0,0,1
2020-10-21,US,Michigan,Baraga,75,4,0,46.6720582,-88.36363591,26013.0,913.6313801924716,5.333333333333333,71,74,4,0,70,71,8320,1,0,0,1,3
2020-10-21,US,Michigan,Barry,562,6,0,42.59513984,-85.30834519,26015.0,913.0787977254263,1.0676156583629892,556,552,5,0,547,540,61157,10,1,0,9,12
2020-10-21,US,Michigan,Bay,1260,57,0,43.70639106,-83.98731479,26017.0,1221.8063339991854,4.523809523809524,1203,1254,55,0,1199,1246,103923,6,2,0,4,8
2020-10-21,US,Michigan,Benzie,111,2,0,44.63899297,-86.01608482,26019.0,624.7889226612631,1.8018018018018016,109,109,2,0,107,108,17753,2,0,0,2,1
2020-10-21,US,Michigan,Berrien,2457,81,0,41.95447397,-86.41313079999998,26021.0,1601.6844740255926,3.2967032967032965,2376,2418,80,0,2338,2378,154141,39,1,0,38,40
2020-10-21,US,Michigan,Branch,812,10,0,41.91600556,-85.05929476,26023.0,1865.9374497322885,1.2315270935960592,802,799,10,0,789,786,43622,13,0,0,13,13
2020-10-21,US,Michigan,Calhoun,2364,59,0,42.24633834,-85.00493569,26025.0,1762.0882683979455,2.4957698815566842,2305,2308,54,0,2254,2267,134487,56,5,0,51,41
2020-10-21,US,Michigan,Cass,881,24,0,41.91522292,-85.99405727,26027.0,1701.199142641976,2.724177071509648,857,875,23,0,852,841,51653,6,1,0,5,34
2020-10-21,US,Michigan,Charlevoix,140,4,0,45.37790017,-85.19614053,26029.0,535.5161993650308,2.8571428571428568,136,139,4,0,135,135,26244,1,0,0,1,4
2020-10-21,US,Michigan,Cheboygan,119,2,0,45.44787015,-84.50122149,26031.0,470.8023421427441,1.680672268907563,117,118,2,0,116,119,25413,1,0,0,1,-1
2020-10-21,US,Michigan,Chippewa,113,0,0,46.29552653,-84.54353449,26033.0,302.551607807438,0.0,113,110,0,0,110,107,37517,3,0,0,3,3
2020-10-21,US,Michigan,Clare,221,9,0,43.98794227,-84.84819859999998,26035.0,714.0549273021002,4.072398190045249,212,219,8,0,211,215,30757,2,1,0,1,4
2020-10-21,US,Michigan,Clinton,963,14,0,42.94400871,-84.60145248,26037.0,1209.874992147748,1.453790238836968,949,918,14,0,904,906,79332,45,0,0,45,12
2020-10-21,US,Michigan,Crawford,140,5,0,44.68255561,-84.61006219,26039.0,997.9328533751517,3.571428571428572,135,139,5,0,134,137,13901,1,0,0,1,2
2020-10-21,US,Michigan,Delta,1051,20,0,45.90484910000001,-86.9080745,26041.0,2937.0668455175496,1.9029495718363465,1031,1027,19,0,1008,1005,35857,24,1,0,23,22
2020-10-21,US,Michigan,Dickinson,504,13,0,46.00999672,-87.86961634,26043.0,1996.9095447521693,2.5793650793650795,491,497,10,0,487,454,25383,7,3,0,4,43
2020-10-21,US,Michigan,Eaton,1010,11,0,42.59599185,-84.83740035,26045.0,915.9502303478796,1.0891089108910892,999,984,10,0,974,970,109826,26,1,0,25,14
2020-10-21,US,Michigan,Emmet,193,4,0,45.52625509,-84.89083249,26047.0,577.584916953464,2.0725388601036268,189,191,4,0,187,190,33308,2,0,0,2,1
2020-10-21,US,Michigan,Federal Correctional Institution (FCI),197,5,0,0.0,0.0,0.0,0.0,2.538071065989848,192,197,5,0,192,197,,0,0,0,0,0
2020-10-21,US,Michigan,Genesee,6214,328,0,43.02244215,-83.70589709,26049.0,1531.247150781271,5.2784036047634375,5886,6104,327,0,5777,6025,406892,110,1,0,109,79
2020-10-21,US,Michigan,Gladwin,172,2,0,43.98901072,-84.38774817,26051.0,675.8615269755197,1.162790697674419,170,166,2,0,164,167,25337,6,0,0,6,-1
2020-10-21,US,Michigan,Gogebic,315,2,0,46.40862701,-89.69377193,26053.0,2254.025044722719,0.6349206349206349,313,302,2,0,300,277,15096,13,0,0,13,25
2020-10-21,US,Michigan,Grand Traverse,680,13,0,44.69565625,-85.55585247,26055.0,730.4915778618083,1.9117647058823528,667,666,13,0,653,654,92573,14,0,0,14,12
2020-10-21,US,Michigan,Gratiot,425,16,0,43.29265605,-84.60505416,26057.0,1043.9438972267938,3.7647058823529416,409,417,16,0,401,409,40599,8,0,0,8,8
2020-10-21,US,Michigan,Hillsdale,470,27,0,41.88753639,-84.59312019,26059.0,1030.5887512334177,5.74468085106383,443,462,27,0,435,456,45749,8,0,0,8,6
2020-10-21,US,Michigan,Houghton,875,7,0,46.89988536,-88.68495385,26061.0,2452.0793633000785,0.8,868,859,7,0,852,853,36219,16,0,0,16,6
2020-10-21,US,Michigan,Huron,259,5,0,43.83353985,-83.04078453,26063.0,835.9962557696653,1.9305019305019304,254,259,5,0,254,258,31166,0,0,0,0,1
2020-10-21,US,Michigan,Ingham,4395,62,0,42.59716886,-84.37472069,26065.0,1503.047133095764,1.4106939704209331,4333,4350,61,0,4289,4324,292735,45,1,0,44,26
2020-10-21,US,Michigan,Ionia,601,7,0,42.94502238,-85.07413319,26067.0,928.945700728009,1.1647254575707155,594,586,7,0,579,584,64210,15,0,0,15,2
2020-10-21,US,Michigan,Iosco,270,15,0,44.35486835,-83.63484895,26069.0,1074.5413300433797,5.5555555555555545,255,270,15,0,255,270,25081,0,0,0,0,0
2020-10-21,US,Michigan,Iron,386,21,0,46.20974132,-88.53136251,26071.0,3488.1619374661122,5.4404145077720205,365,382,20,0,362,364,11117,4,1,0,3,18
2020-10-21,US,Michigan,Isabella,948,15,0,43.64060976,-84.84664923,26073.0,1356.7666590336614,1.5822784810126582,933,938,15,0,923,933,70562,10,0,0,10,5
2020-10-21,US,Michigan,Jackson,1603,62,0,42.24807035,-84.42258681,26075.0,1011.2926629234747,3.867747972551466,1541,1573,62,0,1511,1551,158823,30,0,0,30,22
2020-10-21,US,Michigan,Kalamazoo,4338,102,0,42.24542231,-85.53038622,26077.0,1636.5735326296094,2.351313969571231,4236,4290,102,0,4188,4199,264870,48,0,0,48,91
2020-10-21,US,Michigan,Kalkaska,117,4,0,44.68512729,-85.09085699,26079.0,648.6306685885353,3.418803418803418,113,116,4,0,112,116,17824,1,0,0,1,0
2020-10-21,US,Michigan,Kent,13000,180,0,43.03197711,-85.54934642,26081.0,1978.8265558523794,1.3846153846153846,12820,12814,179,0,12635,12667,653786,186,1,0,185,147
2020-10-21,US,Michigan,Keweenaw,18,0,0,47.63197653,-88.41434263,26083.0,850.6616257088847,0.0,18,18,0,0,18,18,2113,0,0,0,0,0
2020-10-21,US,Michigan,Lake,55,0,0,43.99050893,-85.802173,26085.0,464.01754830000846,0.0,55,55,0,0,55,52,11881,0,0,0,0,3
2020-10-21,US,Michigan,Lapeer,838,38,0,43.09052506,-83.22153148,26087.0,956.5445683564101,4.534606205250596,800,822,38,0,784,807,88028,16,0,0,16,15
2020-10-21,US,Michigan,Leelanau,138,2,0,44.94430054,-85.80150326,26089.0,634.1620329948073,1.4492753623188406,136,136,2,0,134,134,21764,2,0,0,2,2
2020-10-21,US,Michigan,Lenawee,1053,18,0,41.89475156,-84.06603727,26091.0,1069.5676021574184,1.709401709401709,1035,1035,18,0,1017,1019,98266,18,0,0,18,16
2020-10-21,US,Michigan,Livingston,1858,33,0,42.60302282,-83.91297209,26093.0,967.7335347274667,1.776103336921421,1825,1817,32,0,1785,1779,191224,41,1,0,40,38
2020-10-21,US,Michigan,Luce,45,0,0,46.47227431,-85.54471223,26095.0,722.4273559158772,0.0,45,43,0,0,43,40,6283,2,0,0,2,3
2020-10-21,US,Michigan,Mackinac,146,0,0,46.07028979,-85.04980537,26097.0,1351.9770349106402,0.0,146,143,0,0,143,140,10787,3,0,0,3,3
2020-10-21,US,Michigan,Macomb,17368,1070,0,42.69158356,-82.92752801,26099.0,1987.2490194193865,6.160755412252418,16298,17215,1066,0,16149,17076,874759,153,4,0,149,139
2020-10-21,US,Michigan,Manistee,115,3,0,44.33352407,-86.05626916,26101.0,468.2791758286505,2.608695652173913,112,115,3,0,112,113,24528,0,0,0,0,2
2020-10-21,US,Michigan,Marquette,862,12,0,46.4338914,-87.64043701,26103.0,1292.3731989984858,1.3921113689095128,850,859,12,0,847,802,66516,3,0,0,3,57
2020-10-21,US,Michigan,Mason,196,1,0,43.99509218,-86.24988902,26105.0,672.5226461707384,0.5102040816326531,195,188,1,0,187,187,29100,8,0,0,8,1
2020-10-21,US,Michigan,Mecosta,413,4,0,43.64064262,-85.32463223,26107.0,950.4522127355992,0.9685230024213076,409,404,4,0,400,392,43545,9,0,0,9,12
2020-10-21,US,Michigan,Menominee,634,3,0,45.58038692,-87.55370409,26109.0,2783.1431079894646,0.473186119873817,631,627,3,0,624,607,22983,7,0,0,7,20
2020-10-21,US,Michigan,Michigan Department of Corrections (MDOC),6293,75,0,0.0,0.0,0.0,0.0,1.1918004131574766,6218,6267,75,0,6192,6248,,26,0,0,26,19
2020-10-21,US,Michigan,Midland,858,14,0,43.64330771,-84.38804374,26111.0,1031.795661166963,1.6317016317016315,844,840,13,0,827,829,83209,18,1,0,17,11
2020-10-21,US,Michigan,Missaukee,83,1,0,44.33772443,-85.09256478,26113.0,549.0144198968118,1.2048192771084338,82,82,1,0,81,80,15113,1,0,0,1,2
2020-10-21,US,Michigan,Monroe,1867,31,0,41.92734151,-83.53749864,26115.0,1240.531561461794,1.6604177825388324,1836,1851,31,0,1820,1819,150439,16,0,0,16,32
2020-10-21,US,Michigan,Montcalm,549,8,0,43.31082541,-85.15252824,26117.0,859.3163035311795,1.4571948998178506,541,521,8,0,513,517,63968,28,0,0,28,4
2020-10-21,US,Michigan,Montmorency,21,0,0,45.0275929,-84.12696227,26119.0,225.1286449399657,0.0,21,21,0,0,21,21,9265,0,0,0,0,0
2020-10-21,US,Michigan,Muskegon,1851,76,0,43.29123859,-86.15176712,26121.0,1066.4531071753684,4.1058887088060505,1775,1837,76,0,1761,1816,173588,14,0,0,14,21
2020-10-21,US,Michigan,Newaygo,544,3,0,43.554373999999996,-85.80070107,26123.0,1110.65741118824,0.5514705882352942,541,539,3,0,536,533,48892,5,0,0,5,6
2020-10-21,US,Michigan,Oakland,23608,1228,0,42.66090111,-83.38595416,26125.0,1877.2503466965231,5.2016265672653335,22380,23394,1228,0,22166,23165,1259201,214,0,0,214,229
2020-10-21,US,Michigan,Oceana,576,6,0,43.64124435,-86.26726673,26127.0,2176.295008878981,1.0416666666666667,570,574,6,0,568,572,26625,2,0,0,2,2
2020-10-21,US,Michigan,Ogemaw,95,5,0,44.33481032,-84.12725175,26129.0,452.4455874648759,5.2631578947368425,90,90,5,0,85,90,20952,5,0,0,5,0
2020-10-21,US,Michigan,Ontonagon,74,0,0,46.665226200000006,-89.31390481,26131.0,1293.7062937062938,0.0,74,73,0,0,73,72,5795,1,0,0,1,1
2020-10-21,US,Michigan,Osceola,131,0,0,43.98992088,-85.32566756,26133.0,558.3972719522592,0.0,131,126,0,0,126,124,23341,5,0,0,5,2
2020-10-21,US,Michigan,Oscoda,54,1,0,44.68192279,-84.12939244,26135.0,655.2602839461231,1.851851851851852,53,54,1,0,53,52,8276,0,0,0,0,2
2020-10-21,US,Michigan,Otsego,221,11,0,45.02085831,-84.59898295,26137.0,895.8975190530243,4.977375565610861,210,215,11,0,204,210,24665,6,0,0,6,5
2020-10-21,US,Michigan,Ottawa,4532,72,0,42.95996803,-85.9969107,26139.0,1552.958914436487,1.588702559576346,4460,4497,72,0,4425,4433,290494,35,0,0,35,64
2020-10-21,US,Michigan,Out of MI,266,2,0,0.0,0.0,80026.0,0.0,0.7518796992481203,264,259,2,0,257,274,,7,0,0,7,-15
2020-10-21,US,Michigan,Presque Isle,41,1,0,45.34018577,-83.91498656,26141.0,325.6035578144854,2.4390243902439024,40,41,1,0,40,35,12738,0,0,0,0,6
2020-10-21,US,Michigan,Roscommon,143,5,0,44.33473082,-84.61067651,26143.0,595.3620050793123,3.4965034965034967,138,140,5,0,135,138,23884,3,0,0,3,2
2020-10-21,US,Michigan,Saginaw,3497,151,0,43.33433923,-84.05131209999998,26145.0,1835.3198032948635,4.317986845867886,3346,3475,149,0,3326,3450,190800,22,2,0,20,25
2020-10-21,US,Michigan,Sanilac,176,7,0,43.42406072,-82.82055898,26151.0,427.4957493320378,3.977272727272727,169,171,7,0,164,169,41182,5,0,0,5,2
2020-10-21,US,Michigan,Schoolcraft,56,0,0,46.19235734,-86.19972234,26153.0,691.8705213738573,0.0,56,54,0,0,54,54,8068,2,0,0,2,0
2020-10-21,US,Michigan,Shiawassee,650,33,0,42.95392800000001,-84.14585902,26155.0,954.1704588825928,5.0769230769230775,617,636,33,0,603,635,68192,14,0,0,14,1
2020-10-21,US,Michigan,St. Clair,1375,64,0,42.92655373,-82.67937954,26147.0,864.0842592127092,4.654545454545454,1311,1339,63,0,1276,1308,159337,36,1,0,35,31
2020-10-21,US,Michigan,St. Joseph,1095,12,0,41.91441767,-85.52797979,26149.0,1796.1419854340265,1.095890410958904,1083,1083,12,0,1071,1062,61043,12,0,0,12,21
2020-10-21,US,Michigan,Tuscola,608,34,0,43.46606813,-83.41897025,26157.0,1163.7477270552206,5.592105263157895,574,600,34,0,566,590,52516,8,0,0,8,10
2020-10-21,US,Michigan,Unassigned,9,0,0,0.0,0.0,90026.0,0.0,0.0,9,22,0,0,22,22,,-13,0,0,-13,0
2020-10-21,US,Michigan,Van Buren,974,18,0,42.25190229,-86.01939087,26159.0,1287.0489052155874,1.8480492813141685,956,967,18,0,949,958,75448,7,0,0,7,9
2020-10-21,US,Michigan,Washtenaw,4967,116,0,42.253105,-83.83853204,26161.0,1351.1932774938045,2.335413730622106,4851,4867,116,0,4751,4772,370963,100,0,0,100,95
2020-10-21,US,Michigan,Wayne,38910,3031,0,42.28098405,-83.281255,26163.0,2224.2636235432387,7.789771267026472,35879,38664,3025,0,35639,38435,1753893,246,6,0,240,229
2020-10-21,US,Michigan,Wexford,155,4,0,44.33853602,-85.57712739,26165.0,460.88430317266807,2.5806451612903225,151,153,4,0,149,149,33466,2,0,0,2,4
2020-10-21,US,Minnesota,Aitkin,157,2,0,46.60962049,-93.41168259999999,27001.0,988.2915774896137,1.2738853503184713,155,156,2,0,154,154,15902,1,0,0,1,2
2020-10-21,US,Minnesota,Anoka,8216,150,0,45.27476015,-93.24604565,27003.0,2301.909946458741,1.8257059396299904,8066,8154,148,0,8006,8093,353813,62,2,0,60,61
2020-10-21,US,Minnesota,Becker,505,3,0,46.93479392,-95.67158144,27005.0,1467.0423844522556,0.594059405940594,502,503,3,0,500,489,34371,2,0,0,2,14
2020-10-21,US,Minnesota,Beltrami,813,7,0,47.97373527,-94.93732139,27007.0,1722.895651436806,0.8610086100861009,806,797,7,0,790,768,46847,16,0,0,16,29
2020-10-21,US,Minnesota,Benton,862,5,0,45.69804958,-93.99514135,27009.0,2108.146445254225,0.580046403712297,857,857,5,0,852,841,40545,5,0,0,5,16
2020-10-21,US,Minnesota,Big Stone,129,0,0,45.42712824,-96.41403739,27011.0,2584.652374273693,0.0,129,128,0,0,128,127,4989,1,0,0,1,1
2020-10-21,US,Minnesota,Blue Earth,1979,7,0,44.03554215,-94.06699781,27013.0,2925.2213501249016,0.3537139969681657,1972,1971,7,0,1964,1970,67427,8,0,0,8,1
2020-10-21,US,Minnesota,Brown,307,3,0,44.24205652,-94.72562874,27015.0,1227.6071657069738,0.977198697068404,304,300,3,0,297,298,25111,7,0,0,7,2
2020-10-21,US,Minnesota,Carlton,392,1,0,46.59180601,-92.67601019,27017.0,1092.8047726575785,0.2551020408163265,391,386,1,0,385,378,35837,6,0,0,6,8
2020-10-21,US,Minnesota,Carver,1714,7,0,44.82017001,-93.80099179999999,27019.0,1630.9984869967361,0.4084014002333721,1707,1707,7,0,1700,1695,103551,7,0,0,7,12
2020-10-21,US,Minnesota,Cass,328,5,0,46.95043611,-94.32603968,27021.0,1101.447328654421,1.5243902439024388,323,320,5,0,315,311,29519,8,0,0,8,9
2020-10-21,US,Minnesota,Chippewa,404,3,0,45.02343421,-95.56403693,27023.0,3423.728813559321,0.7425742574257426,401,397,3,0,394,379,11924,7,0,0,7,18
2020-10-21,US,Minnesota,Chisago,890,2,0,45.5021011,-92.90861945,27025.0,1573.0217925378674,0.2247191011235955,888,879,2,0,877,855,55922,11,0,0,11,24
2020-10-21,US,Minnesota,Clay,2093,43,0,46.89289518,-96.48761922,27027.0,3259.0078166360436,2.0544672718585764,2050,2073,43,0,2030,2032,63955,20,0,0,20,41
2020-10-21,US,Minnesota,Clearwater,88,0,0,47.57992111,-95.37790562,27029.0,997.9587207983667,0.0,88,84,0,0,84,76,8810,4,0,0,4,8
2020-10-21,US,Minnesota,Cook,11,0,0,47.90504893,-90.52629546,27031.0,201.35456708768075,0.0,11,11,0,0,11,11,5393,0,0,0,0,0
2020-10-21,US,Minnesota,Cottonwood,264,0,0,44.00715262,-95.18138802,27033.0,2357.984994640943,0.0,264,264,0,0,264,262,11277,0,0,0,0,2
2020-10-21,US,Minnesota,Crow Wing,920,21,0,46.48096553,-94.06755609,27035.0,1414.1879947736536,2.282608695652174,899,915,21,0,894,879,64889,5,0,0,5,36
2020-10-21,US,Minnesota,Dakota,9389,136,0,44.67172617,-93.06299363,27037.0,2188.470960628967,1.4485035680051124,9253,9321,134,0,9187,9251,425423,68,2,0,66,70
2020-10-21,US,Minnesota,Dodge,370,0,0,44.02238415,-92.86244324,27039.0,1767.45963504347,0.0,370,366,0,0,366,362,20822,4,0,0,4,4
2020-10-21,US,Minnesota,Douglas,624,3,0,45.93348491,-95.45335469,27041.0,1636.0347133006476,0.4807692307692308,621,612,3,0,609,604,37964,12,0,0,12,8
2020-10-21,US,Minnesota,Faribault,214,0,0,43.67381499,-93.94787458,27043.0,1567.4210796162015,0.0,214,213,0,0,213,209,13758,1,0,0,1,4
2020-10-21,US,Minnesota,Fillmore,241,0,0,43.67394126,-92.08980382,27045.0,1143.9692409930224,0.0,241,238,0,0,238,238,21058,3,0,0,3,0
2020-10-21,US,Minnesota,Freeborn,647,4,0,43.67385583,-93.34884422,27047.0,2136.653346983257,0.6182380216383307,643,638,4,0,634,632,30444,9,0,0,9,6
2020-10-21,US,Minnesota,Goodhue,529,11,0,44.40849741,-92.72341949999999,27049.0,1141.5623651273195,2.0793950850661624,518,515,11,0,504,511,46403,14,0,0,14,4
2020-10-21,US,Minnesota,Grant,90,4,0,45.93424769,-96.01139609,27051.0,1507.032819825854,4.4444444444444455,86,90,4,0,86,89,6021,0,0,0,0,1
2020-10-21,US,Minnesota,Hennepin,32743,974,0,45.00761521,-93.47694895,27053.0,2586.655691108613,2.9746816113367744,31769,32544,966,0,31578,32336,1259428,199,8,0,191,208
2020-10-21,US,Minnesota,Houston,183,1,0,43.67129565,-91.49143057,27055.0,983.8709677419356,0.5464480874316939,182,181,1,0,180,181,18578,2,0,0,2,0
2020-10-21,US,Minnesota,Hubbard,335,2,0,47.10778564,-94.91693868,27057.0,1558.7920524870874,0.5970149253731343,333,335,2,0,333,309,21332,0,0,0,0,26
2020-10-21,US,Minnesota,Isanti,504,4,0,45.56181234,-93.29487636,27059.0,1241.5016257759385,0.7936507936507936,500,495,3,0,492,487,39966,9,1,0,8,8
2020-10-21,US,Minnesota,Itasca,688,17,0,47.51009045,-93.63092229,27061.0,1524.4848216264127,2.4709302325581395,671,684,17,0,667,676,45108,4,0,0,4,8
2020-10-21,US,Minnesota,Jackson,201,1,0,43.67423373,-95.15398258,27063.0,2041.4381474710544,0.4975124378109453,200,198,1,0,197,195,9911,3,0,0,3,3
2020-10-21,US,Minnesota,Kanabec,191,10,0,45.9459309,-93.29275192,27065.0,1169.1252984023995,5.235602094240837,181,189,10,0,179,186,16207,2,0,0,2,3
2020-10-21,US,Minnesota,Kandiyohi,1600,4,0,45.1526059,-95.00586446,27067.0,3703.7894395703606,0.25,1596,1570,4,0,1566,1549,42855,30,0,0,30,21
2020-10-21,US,Minnesota,Kittson,33,0,0,48.77754106,-96.78317184,27069.0,767.7989762680318,0.0,33,27,0,0,27,27,4248,6,0,0,6,0
2020-10-21,US,Minnesota,Koochiching,163,4,0,48.24539665,-93.78352843,27071.0,1332.8972115463246,2.4539877300613497,159,162,4,0,158,162,12440,1,0,0,1,0
2020-10-21,US,Minnesota,Lac qui Parle,126,3,0,44.9973857,-96.17488219,27073.0,1902.461120338216,2.380952380952381,123,124,2,0,122,123,6658,2,1,0,1,1
2020-10-21,US,Minnesota,Lake,108,0,0,47.64270764,-91.44557998,27075.0,1014.9422046800113,0.0,108,105,0,0,105,103,10658,3,0,0,3,2
2020-10-21,US,Minnesota,Lake of the Woods,43,1,0,48.77217001,-94.90274472,27077.0,1149.7326203208556,2.3255813953488373,42,42,1,0,41,42,3758,1,0,0,1,0
2020-10-21,US,Minnesota,Le Sueur,591,5,0,44.37136597,-93.72844721,27079.0,2045.9030013500885,0.8460236886632826,586,585,5,0,580,585,28494,6,0,0,6,0
2020-10-21,US,Minnesota,Lincoln,171,0,0,44.41311883,-96.26688165,27081.0,3032.452562511084,0.0,171,167,0,0,167,165,5673,4,0,0,4,2
2020-10-21,US,Minnesota,Lyon,933,6,0,44.41327865,-95.83806103,27083.0,3662.5579021747662,0.6430868167202572,927,928,6,0,922,925,25629,5,0,0,5,3
2020-10-21,US,Minnesota,Mahnomen,101,1,0,47.32557075,-95.80921485,27087.0,1827.392798986792,0.99009900990099,100,97,1,0,96,94,5519,4,0,0,4,3
2020-10-21,US,Minnesota,Marshall,90,1,0,48.35825983,-96.37017407,27089.0,964.0102827763496,1.1111111111111112,89,88,1,0,87,87,9390,2,0,0,2,1
2020-10-21,US,Minnesota,Martin,599,16,0,43.67429718,-94.55099908,27091.0,3043.235279174923,2.671118530884808,583,589,16,0,573,586,19785,10,0,0,10,3
2020-10-21,US,Minnesota,McLeod,573,4,0,44.82367677,-94.27287017,27085.0,1596.4115565709192,0.6980802792321117,569,569,3,0,566,570,35873,4,1,0,3,-1
2020-10-21,US,Minnesota,Meeker,312,3,0,45.12328869,-94.52839455,27093.0,1343.553526828008,0.9615384615384616,309,311,3,0,308,307,23141,1,0,0,1,4
2020-10-21,US,Minnesota,Mille Lacs,364,11,0,45.93705297,-93.63236823,27095.0,1385.2418464817138,3.021978021978022,353,360,10,0,350,352,26139,4,1,0,3,8
2020-10-21,US,Minnesota,Morrison,643,8,0,46.01265363,-94.27341528,27097.0,1925.9569879590247,1.2441679626749609,635,629,6,0,623,607,33169,14,2,0,12,22
2020-10-21,US,Minnesota,Mower,1494,15,0,43.67142874,-92.75234549,27099.0,3729.219709450352,1.0040160642570282,1479,1491,13,0,1478,1489,40011,3,2,0,1,2
2020-10-21,US,Minnesota,Murray,258,3,0,44.02216709,-95.76328482,27101.0,3148.645350256285,1.162790697674419,255,253,3,0,250,248,8276,5,0,0,5,5
2020-10-21,US,Minnesota,Nicollet,689,17,0,44.35291112,-94.24710352,27103.0,2010.2701756433448,2.467343976777939,672,682,17,0,665,673,34220,7,0,0,7,9
2020-10-21,US,Minnesota,Nobles,2174,16,0,43.67434621,-95.75329576,27105.0,10051.319987054418,0.7359705611775529,2158,2164,16,0,2148,2140,21924,10,0,0,10,24
2020-10-21,US,Minnesota,Norman,101,0,0,47.32628443,-96.45620947,27107.0,1584.313725490196,0.0,101,97,0,0,97,94,6475,4,0,0,4,3
2020-10-21,US,Minnesota,Olmsted,3125,29,0,44.00374114,-92.40209944,27109.0,1974.187108716115,0.9279999999999999,3096,3089,29,0,3060,3070,156277,36,0,0,36,19
2020-10-21,US,Minnesota,Otter Tail,783,6,0,46.40846929,-95.70835255,27111.0,1332.8567051373711,0.7662835249042146,777,772,6,0,766,743,58812,11,0,0,11,29
2020-10-21,US,Minnesota,Pennington,170,1,0,48.06642577,-96.0370814,27113.0,1204.0512784191515,0.5882352941176471,169,165,1,0,164,163,14178,5,0,0,5,2
2020-10-21,US,Minnesota,Pine,516,0,0,46.12105238,-92.74070188,27115.0,1744.4808817066162,0.0,516,511,0,0,511,509,29483,5,0,0,5,2
2020-10-21,US,Minnesota,Pipestone,330,16,0,44.02301619,-96.25841142,27117.0,3616.0420775805383,4.848484848484849,314,328,16,0,312,326,9047,2,0,0,2,2
2020-10-21,US,Minnesota,Polk,527,4,0,47.77372465,-96.40134647,27119.0,1680.2703736768274,0.7590132827324478,523,502,4,0,498,492,31529,25,0,0,25,10
2020-10-21,US,Minnesota,Pope,148,0,0,45.58606667,-95.44451209,27121.0,1315.6725042225976,0.0,148,148,0,0,148,148,11097,0,0,0,0,0
2020-10-21,US,Minnesota,Ramsey,13510,352,0,45.01625271,-93.09872295,27123.0,2454.930849449685,2.605477424130274,13158,13430,347,0,13083,13342,550210,80,5,0,75,88
2020-10-21,US,Minnesota,Red Lake,61,2,0,47.87197525,-96.09561104,27125.0,1504.3156596794079,3.278688524590164,59,59,2,0,57,60,3999,2,0,0,2,-1
2020-10-21,US,Minnesota,Redwood,251,11,0,44.40555844,-95.25207021,27127.0,1654.5814106789715,4.382470119521912,240,250,11,0,239,250,15249,1,0,0,1,0
2020-10-21,US,Minnesota,Renville,233,11,0,44.72836381,-94.94553734,27129.0,1601.5947209238384,4.721030042918455,222,230,11,0,219,229,14612,3,0,0,3,1
2020-10-21,US,Minnesota,Rice,1586,9,0,44.3543376,-93.29658715,27131.0,2368.153855342531,0.5674653215636822,1577,1581,9,0,1572,1578,66523,5,0,0,5,3
2020-10-21,US,Minnesota,Rock,304,1,0,43.67482683,-96.25296832,27133.0,3263.5534084809447,0.32894736842105265,303,301,1,0,300,297,9414,3,0,0,3,4
2020-10-21,US,Minnesota,Roseau,211,0,0,48.77501878,-95.81079919,27135.0,1391.361688097593,0.0,211,199,0,0,199,193,15150,12,0,0,12,6
2020-10-21,US,Minnesota,Scott,3234,34,0,44.6490231,-93.53340251,27139.0,2170.2804453302733,1.051329622758194,3200,3209,34,0,3175,3185,147381,25,0,0,25,24
2020-10-21,US,Minnesota,Sherburne,1583,21,0,45.44447208,-93.77617511,27141.0,1627.9643760669696,1.326595072646873,1562,1566,21,0,1545,1562,96036,17,0,0,17,4
2020-10-21,US,Minnesota,Sibley,240,3,0,44.5796592,-94.23164924,27143.0,1614.5307769929364,1.25,237,238,3,0,235,238,15028,2,0,0,2,0
2020-10-21,US,Minnesota,St. Louis,2738,65,0,47.604840700000004,-92.46879855,27137.0,1375.3955894911335,2.3739956172388603,2673,2689,63,0,2626,2647,199754,49,2,0,47,42
2020-10-21,US,Minnesota,Stearns,5485,40,0,45.55192576,-94.61078221,27145.0,3405.246003414559,0.7292616226071102,5445,5443,36,0,5407,5370,159256,42,4,0,38,73
2020-10-21,US,Minnesota,Steele,733,2,0,44.02240351,-93.22627088,27147.0,2000.054571748206,0.2728512960436562,731,724,2,0,722,721,36803,9,0,0,9,3
2020-10-21,US,Minnesota,Stevens,169,1,0,45.58613007,-96.00163705,27149.0,1723.6104028556858,0.591715976331361,168,168,1,0,167,168,9753,1,0,0,1,0
2020-10-21,US,Minnesota,Swift,192,1,0,45.2829032,-95.68264092,27151.0,2072.0915173753506,0.5208333333333334,191,192,1,0,191,192,9345,0,0,0,0,0
2020-10-21,US,Minnesota,Todd,741,5,0,46.06996226,-94.89785296,27153.0,3004.378851767759,0.6747638326585695,736,732,3,0,729,723,24582,9,2,0,7,9
2020-10-21,US,Minnesota,Traverse,54,0,0,45.77298854,-96.47062949,27155.0,1656.9499846578706,0.0,54,53,0,0,53,53,3308,1,0,0,1,0
2020-10-21,US,Minnesota,Unassigned,195,53,0,0.0,0.0,90027.0,0.0,27.179487179487182,142,195,53,0,142,265,,0,0,0,0,-70
2020-10-21,US,Minnesota,Wabasha,332,0,0,44.28424356,-92.23121312,27157.0,1535.1181393628335,0.0,332,327,0,0,327,323,21645,5,0,0,5,4
2020-10-21,US,Minnesota,Wadena,201,1,0,46.58589171,-94.96968506,27159.0,1469.0834673293375,0.4975124378109453,200,198,0,0,198,188,13773,3,1,0,2,10
2020-10-21,US,Minnesota,Waseca,918,9,0,44.02211116,-93.58720034,27161.0,4932.301740812379,0.9803921568627452,909,911,9,0,902,912,18691,7,0,0,7,-1
2020-10-21,US,Minnesota,Washington,5345,68,0,45.03864533,-92.88429635,27163.0,2036.6559975613472,1.2722170252572498,5277,5305,67,0,5238,5259,259201,40,1,0,39,46
2020-10-21,US,Minnesota,Watonwan,572,4,0,43.97823903,-94.61413846,27165.0,5249.151142516289,0.6993006993006993,568,568,4,0,564,567,10980,4,0,0,4,1
2020-10-21,US,Minnesota,Wilkin,126,4,0,46.35721532,-96.4684375,27167.0,2029.9661672305465,3.1746031746031744,122,125,4,0,121,124,6254,1,0,0,1,1
2020-10-21,US,Minnesota,Winona,1209,18,0,43.98772283,-91.78081305,27169.0,2394.8181602091754,1.488833746898263,1191,1199,18,0,1181,1189,50825,10,0,0,10,10
2020-10-21,US,Minnesota,Wright,2314,14,0,45.17297924,-93.96234781,27171.0,1672.2432196101956,0.6050129645635264,2300,2296,14,0,2282,2276,136349,18,0,0,18,20
2020-10-21,US,Minnesota,Yellow Medicine,268,5,0,44.71710183,-95.86842453,27173.0,2760.325471212277,1.8656716417910448,263,267,5,0,262,265,9795,1,0,0,1,2
2020-10-21,US,Mississippi,Adams,1052,43,0,31.47669768,-91.35326037,28001.0,3427.491610464927,4.08745247148289,1009,1043,43,0,1000,1043,31192,9,0,0,9,0
2020-10-21,US,Mississippi,Alcorn,967,12,0,34.88084463,-88.57996173,28003.0,2616.8376045246664,1.240951396070321,955,960,12,0,948,955,36925,7,0,0,7,5
2020-10-21,US,Mississippi,Amite,420,13,0,31.17467303,-90.80501621,28005.0,3415.4671871188093,3.095238095238096,407,417,13,0,404,415,12326,3,0,0,3,2
2020-10-21,US,Mississippi,Attala,781,26,0,33.08658803,-89.57838564,28007.0,4297.347859579621,3.329065300896287,755,776,26,0,750,765,18365,5,0,0,5,11
2020-10-21,US,Mississippi,Benton,319,4,0,34.81681228,-89.18945516,28009.0,3862.4530814868626,1.2539184952978055,315,315,4,0,311,305,8271,4,0,0,4,10
2020-10-21,US,Mississippi,Bolivar,1994,77,0,33.79696941,-90.87372121,28011.0,6510.382656392843,3.861584754262789,1917,1983,77,0,1906,1980,31333,11,0,0,11,3
2020-10-21,US,Mississippi,Calhoun,618,12,0,33.93683395,-89.33686647,28013.0,4303.321495717569,1.9417475728155342,606,614,12,0,602,609,14436,4,0,0,4,5
2020-10-21,US,Mississippi,Carroll,468,12,0,33.44834567,-89.91994479,28015.0,4704.936161656781,2.5641025641025643,456,463,12,0,451,460,9911,5,0,0,5,3
2020-10-21,US,Mississippi,Chickasaw,832,25,0,33.91983202,-88.9481545,28017.0,4864.643629772555,3.0048076923076925,807,826,25,0,801,820,17171,6,0,0,6,6
2020-10-21,US,Mississippi,Choctaw,203,6,0,33.34598242,-89.24809382,28019.0,2472.594397076736,2.955665024630542,197,203,6,0,197,203,8278,0,0,0,0,0
2020-10-21,US,Mississippi,Claiborne,534,16,0,31.97061673,-90.90702196,28021.0,5941.2550066755675,2.9962546816479403,518,532,16,0,516,532,9002,2,0,0,2,0
2020-10-21,US,Mississippi,Clarke,727,50,0,32.04158545,-88.68896219999998,28023.0,4677.948651952899,6.87757909215956,677,723,49,0,674,714,15604,4,1,0,3,9
2020-10-21,US,Mississippi,Clay,684,21,0,33.65358105,-88.77784255,28025.0,3541.105819010147,3.0701754385964914,663,676,21,0,655,672,19386,8,0,0,8,4
2020-10-21,US,Mississippi,Coahoma,1240,36,0,34.22772299,-90.60415045,28027.0,5604.773097089134,2.9032258064516134,1204,1234,36,0,1198,1231,22628,6,0,0,6,3
2020-10-21,US,Mississippi,Copiah,1357,36,0,31.86977774,-90.44565118,28029.0,4835.203990735792,2.652910832719233,1321,1350,36,0,1314,1346,28543,7,0,0,7,4
2020-10-21,US,Mississippi,Covington,945,25,0,31.63225413,-89.55389939,28031.0,5070.830650354154,2.6455026455026456,920,925,25,0,900,916,18853,20,0,0,20,9
2020-10-21,US,Mississippi,DeSoto,6767,78,0,34.87625235,-89.99091418,28033.0,3658.925626537619,1.1526525786907051,6689,6701,78,0,6623,6636,182001,66,0,0,66,65
2020-10-21,US,Mississippi,Forrest,2980,78,0,31.18961454,-89.25832496,28035.0,3978.797548633457,2.6174496644295298,2902,2963,77,0,2886,2951,75036,17,1,0,16,12
2020-10-21,US,Mississippi,Franklin,237,3,0,31.47786634,-90.89672989,28037.0,3072.7343446129908,1.2658227848101269,234,237,3,0,234,230,7788,0,0,0,0,7
2020-10-21,US,Mississippi,George,957,18,0,30.86259065,-88.64436789,28039.0,3906.1224489795923,1.8808777429467085,939,939,17,0,922,935,24250,18,1,0,17,4
2020-10-21,US,Mississippi,Greene,459,18,0,31.21444233,-88.63922281,28041.0,3378.477844840277,3.92156862745098,441,455,18,0,437,453,13586,4,0,0,4,2
2020-10-21,US,Mississippi,Grenada,1206,38,0,33.77036166,-89.80245083,28043.0,5809.808266692358,3.1509121061359866,1168,1200,38,0,1162,1201,21055,6,0,0,6,-1
2020-10-21,US,Mississippi,Hancock,787,27,0,30.41830223,-89.48851033,28045.0,1652.2505878401075,3.4307496823379924,760,781,27,0,754,769,47334,6,0,0,6,12
2020-10-21,US,Mississippi,Harrison,4902,83,0,30.51359752,-89.12467576,28047.0,2355.8246828143024,1.693186454508364,4819,4844,83,0,4761,4811,206650,58,0,0,58,33
2020-10-21,US,Mississippi,Hinds,7823,176,0,32.2656285,-90.44435448,28049.0,3374.309868875086,2.2497763006519236,7647,7796,173,0,7623,7751,237085,27,3,0,24,45
2020-10-21,US,Mississippi,Holmes,1137,60,0,33.12345854,-90.08923538,28051.0,6684.303350970018,5.277044854881266,1077,1135,60,0,1075,1132,17622,2,0,0,2,3
2020-10-21,US,Mississippi,Humphreys,419,16,0,33.12825718,-90.52252707,28053.0,5195.93253968254,3.8186157517899764,403,412,16,0,396,399,8257,7,0,0,7,13
2020-10-21,US,Mississippi,Issaquena,106,4,0,32.72531359,-90.97392828,28055.0,7987.942727957799,3.7735849056603774,102,106,3,0,103,106,1308,0,1,0,-1,0
2020-10-21,US,Mississippi,Itawamba,1113,25,0,34.27993475,-88.3606733,28057.0,4758.443779392903,2.2461814914645104,1088,1104,24,0,1080,1090,23517,9,1,0,8,14
2020-10-21,US,Mississippi,Jackson,4393,83,0,30.54020656,-88.64184064,28059.0,3058.830082789642,1.8893694513999544,4310,4350,81,0,4269,4319,143277,43,2,0,41,31
2020-10-21,US,Mississippi,Jasper,674,17,0,32.01922104,-89.11786866,28061.0,4114.020631142038,2.5222551928783377,657,674,17,0,657,666,16428,0,0,0,0,8
2020-10-21,US,Mississippi,Jefferson,271,10,0,31.73397872,-91.03764977,28063.0,3876.9670958512156,3.690036900369004,261,270,10,0,260,263,7106,1,0,0,1,7
2020-10-21,US,Mississippi,Jefferson Davis,400,11,0,31.56884708,-89.82670990000004,28065.0,3594.536304816679,2.75,389,398,11,0,387,394,11234,2,0,0,2,4
2020-10-21,US,Mississippi,Jones,2853,84,0,31.62257767,-89.16896899999998,28067.0,4189.55035390173,2.944269190325973,2769,2837,82,0,2755,2831,68461,16,2,0,14,6
2020-10-21,US,Mississippi,Kemper,321,15,0,32.75462946,-88.64105766,28069.0,3295.0112913159514,4.672897196261682,306,320,15,0,305,318,10027,1,0,0,1,2
2020-10-21,US,Mississippi,Lafayette,2440,42,0,34.35687874,-89.48490961,28071.0,4516.929228604749,1.721311475409836,2398,2426,42,0,2384,2417,54793,14,0,0,14,9
2020-10-21,US,Mississippi,Lamar,2190,38,0,31.20572971,-89.5077704,28073.0,3457.3670334527887,1.735159817351598,2152,2171,38,0,2133,2149,62447,19,0,0,19,22
2020-10-21,US,Mississippi,Lauderdale,2398,134,0,32.40419769,-88.66229662,28075.0,3235.075885328837,5.587989991659716,2264,2376,131,0,2245,2344,75317,22,3,0,19,32
2020-10-21,US,Mississippi,Lawrence,504,14,0,31.55147224,-90.10841127,28077.0,4004.449388209121,2.7777777777777777,490,499,14,0,485,495,12455,5,0,0,5,4
2020-10-21,US,Mississippi,Leake,1139,40,0,32.7536828,-89.52402044,28079.0,4998.683402089002,3.511852502194908,1099,1133,40,0,1093,1122,22763,6,0,0,6,11
2020-10-21,US,Mississippi,Lee,3490,79,0,34.291877500000005,-88.68149954,28081.0,4084.929069713002,2.2636103151862463,3411,3449,79,0,3370,3413,85202,41,0,0,41,36
2020-10-21,US,Mississippi,Leflore,1632,87,0,33.55545125,-90.29900733,28083.0,5790.724905084627,5.330882352941177,1545,1607,87,0,1520,1600,28919,25,0,0,25,7
2020-10-21,US,Mississippi,Lincoln,1368,56,0,31.53288662,-90.45391915,28085.0,4005.504640880743,4.093567251461988,1312,1355,55,0,1300,1348,34205,13,1,0,12,7
2020-10-21,US,Mississippi,Lowndes,1755,62,0,33.47386518,-88.44191529999998,28087.0,2995.1361037631195,3.532763532763533,1693,1749,62,0,1687,1739,58930,6,0,0,6,10
2020-10-21,US,Mississippi,Madison,3757,93,0,32.63389156,-90.03513564,28089.0,3535.2679915688045,2.4753792919882884,3664,3739,93,0,3646,3717,105630,18,0,0,18,22
2020-10-21,US,Mississippi,Marion,933,42,0,31.23132643,-89.8209217,28091.0,3796.850201440605,4.501607717041801,891,929,42,0,887,932,24715,4,0,0,4,-3
2020-10-21,US,Mississippi,Marshall,1362,26,0,34.76216286,-89.50299462,28093.0,3859.012863376211,1.908957415565345,1336,1348,26,0,1322,1326,35451,14,0,0,14,22
2020-10-21,US,Mississippi,Monroe,1465,72,0,33.89236763,-88.4808438,28095.0,4155.792579144446,4.914675767918089,1393,1459,72,0,1387,1448,35564,6,0,0,6,11
2020-10-21,US,Mississippi,Montgomery,531,23,0,33.49419589,-89.61729103,28097.0,5432.225063938618,4.331450094161959,508,529,23,0,506,527,10023,2,0,0,2,2
2020-10-21,US,Mississippi,Neshoba,1820,111,0,32.75339664,-89.11726492,28099.0,6250.429287725805,6.0989010989010985,1709,1814,111,0,1703,1806,29125,6,0,0,6,8
2020-10-21,US,Mississippi,Newton,849,27,0,32.40021118,-89.11843336,28101.0,4039.394804453326,3.180212014134276,822,844,27,0,817,842,21443,5,0,0,5,2
2020-10-21,US,Mississippi,Noxubee,596,17,0,33.11009499,-88.56949061,28103.0,5721.416914658729,2.8523489932885906,579,596,17,0,579,595,10535,0,0,0,0,1
2020-10-21,US,Mississippi,Oktibbeha,1976,54,0,33.42491685,-88.87905132,28105.0,3984.9154012140275,2.7327935222672064,1922,1958,54,0,1904,1946,49599,18,0,0,18,12
2020-10-21,US,Mississippi,Panola,1676,38,0,34.36398677,-89.95064249,28107.0,4901.7313991576975,2.2673031026252985,1638,1663,37,0,1626,1651,34178,13,1,0,12,12
2020-10-21,US,Mississippi,Pearl River,1105,59,0,30.77090935,-89.58677275,28109.0,1989.7362023948856,5.339366515837104,1046,1089,58,0,1031,1082,55387,16,1,0,15,7
2020-10-21,US,Mississippi,Perry,484,23,0,31.17161885,-88.99281835,28111.0,4042.428798129124,4.752066115702481,461,481,22,0,459,480,11931,3,1,0,2,1
2020-10-21,US,Mississippi,Pike,1372,56,0,31.17507789,-90.40392572,28113.0,3492.1604561189165,4.081632653061225,1316,1372,56,0,1316,1364,39563,0,0,0,0,8
2020-10-21,US,Mississippi,Pontotoc,1452,19,0,34.226046000000004,-89.03636807,28115.0,4512.960775781688,1.3085399449035813,1433,1438,19,0,1419,1435,31833,14,0,0,14,3
2020-10-21,US,Mississippi,Prentiss,1029,19,0,34.61810501,-88.51986294,28117.0,4095.359388681048,1.84645286686103,1010,1026,19,0,1007,1016,25315,3,0,0,3,10
2020-10-21,US,Mississippi,Quitman,417,6,0,34.25157572,-90.28908,28119.0,6139.575971731449,1.4388489208633093,411,414,6,0,408,413,7051,3,0,0,3,1
2020-10-21,US,Mississippi,Rankin,3859,86,0,32.26469147,-89.94537876,28121.0,2485.33209678562,2.2285566208862404,3773,3837,86,0,3751,3808,153902,22,0,0,22,29
2020-10-21,US,Mississippi,Scott,1238,29,0,32.406704100000006,-89.53789439,28123.0,4401.934290997013,2.3424878836833605,1209,1238,29,0,1209,1232,28287,0,0,0,0,6
2020-10-21,US,Mississippi,Sharkey,280,14,0,32.88149103,-90.81595379999999,28125.0,6479.981485767184,5.0,266,278,14,0,264,277,4377,2,0,0,2,1
2020-10-21,US,Mississippi,Simpson,1195,49,0,31.91282117,-89.91716179,28127.0,4482.706879735913,4.100418410041842,1146,1186,49,0,1137,1181,26758,9,0,0,9,5
2020-10-21,US,Mississippi,Smith,585,16,0,32.01744532,-89.50644846,28129.0,3675.546619753707,2.7350427350427347,569,583,16,0,567,581,16002,2,0,0,2,2
2020-10-21,US,Mississippi,Stone,455,14,0,30.79187949,-89.11547539,28131.0,2481.457242582897,3.0769230769230766,441,450,14,0,436,450,18717,5,0,0,5,0
2020-10-21,US,Mississippi,Sunflower,1588,49,0,33.60192578,-90.58882684,28133.0,6324.173636001593,3.0856423173803527,1539,1576,49,0,1527,1574,25735,12,0,0,12,2
2020-10-21,US,Mississippi,Tallahatchie,825,25,0,33.95339918,-90.1729398,28135.0,5974.3645448620455,3.0303030303030303,800,818,25,0,793,818,13987,7,0,0,7,0
2020-10-21,US,Mississippi,Tate,1136,39,0,34.65133709,-89.94485778,28137.0,4011.1577981003497,3.4330985915492964,1097,1132,39,0,1093,1127,28759,4,0,0,4,5
2020-10-21,US,Mississippi,Tippah,865,21,0,34.76872156,-88.90988194,28139.0,3929.1392232568705,2.4277456647398843,844,859,21,0,838,851,21995,6,0,0,6,8
2020-10-21,US,Mississippi,Tishomingo,797,41,0,34.74023475,-88.23917219,28141.0,4111.850590723831,5.144291091593477,756,793,41,0,752,790,19454,4,0,0,4,3
2020-10-21,US,Mississippi,Tunica,523,17,0,34.64967704,-90.37481167,28143.0,5429.8172757475095,3.2504780114722758,506,522,17,0,505,518,9944,1,0,0,1,4
2020-10-21,US,Mississippi,Union,1160,25,0,34.49162015,-89.00776006,28145.0,4025.6810688877317,2.155172413793104,1135,1152,25,0,1127,1139,28606,8,0,0,8,13
2020-10-21,US,Mississippi,Walthall,633,27,0,31.14971548,-90.10446654,28147.0,4430.9113817723655,4.265402843601897,606,633,27,0,606,633,14465,0,0,0,0,0
2020-10-21,US,Mississippi,Warren,1532,55,0,32.35810271,-90.83352619,28149.0,3375.86214495053,3.5900783289817237,1477,1527,55,0,1472,1521,46176,5,0,0,5,6
2020-10-21,US,Mississippi,Washington,2537,99,0,33.28392041,-90.94196237,28151.0,5777.858753330752,3.9022467481277103,2438,2521,97,0,2424,2514,45063,16,2,0,14,7
2020-10-21,US,Mississippi,Wayne,994,21,0,31.64135687,-88.69573913,28153.0,4924.936828023584,2.112676056338028,973,987,21,0,966,985,20298,7,0,0,7,2
2020-10-21,US,Mississippi,Webster,366,13,0,33.61300486,-89.28392912,28155.0,3777.4796160594487,3.551912568306011,353,366,13,0,353,365,9788,0,0,0,0,1
2020-10-21,US,Mississippi,Wilkinson,331,20,0,31.16078225,-91.31018819,28157.0,3835.457705677868,6.042296072507553,311,330,20,0,310,329,8792,1,0,0,1,1
2020-10-21,US,Mississippi,Winston,826,21,0,33.08747908,-89.03391385,28159.0,4600.389863547758,2.5423728813559316,805,822,21,0,801,815,18165,4,0,0,4,7
2020-10-21,US,Mississippi,Yalobusha,513,14,0,34.02824175,-89.70762049999998,28161.0,4236.868186323092,2.729044834307992,499,493,14,0,479,484,12392,20,0,0,20,9
2020-10-21,US,Mississippi,Yazoo,1199,33,0,32.77890365,-90.39656148,28163.0,4038.396766588077,2.7522935779816518,1166,1193,33,0,1160,1172,28248,6,0,0,6,21
2020-10-21,US,Missouri,Adair,475,0,0,40.19058551,-92.60078167,29001.0,1874.2848123742256,0.0,475,467,0,0,467,463,25339,8,0,0,8,4
2020-10-21,US,Missouri,Andrew,406,4,0,39.98492163,-94.80163024,29003.0,2292.2312556458896,0.9852216748768472,402,403,4,0,399,397,17607,3,0,0,3,6
2020-10-21,US,Missouri,Atchison,73,1,0,40.43238737,-95.42970639,29005.0,1419.4050165273184,1.3698630136986298,72,73,1,0,72,71,5171,0,0,0,0,2
2020-10-21,US,Missouri,Audrain,535,7,0,39.215877,-91.84242683,29007.0,2107.294784937766,1.308411214953271,528,535,7,0,528,533,25473,0,0,0,0,2
2020-10-21,US,Missouri,Barry,735,8,0,36.70978521,-93.82919888,29009.0,2053.7036519601,1.08843537414966,727,731,8,0,723,724,35886,4,0,0,4,7
2020-10-21,US,Missouri,Barton,402,2,0,37.50207671,-94.34757022,29011.0,3420.112302194997,0.4975124378109453,400,399,2,0,397,395,11798,3,0,0,3,4
2020-10-21,US,Missouri,Bates,229,5,0,38.25271289,-94.34113157,29013.0,1416.0277022013354,2.183406113537118,224,225,5,0,220,224,16320,4,0,0,4,1
2020-10-21,US,Missouri,Benton,465,5,0,38.29503305,-93.28756116,29015.0,2391.606233605925,1.075268817204301,460,462,5,0,457,454,19278,3,0,0,3,8
2020-10-21,US,Missouri,Bollinger,441,2,0,37.32449052,-90.02725304,29017.0,3634.715239429655,0.453514739229025,439,438,2,0,436,435,12169,3,0,0,3,3
2020-10-21,US,Missouri,Boone,5730,14,0,38.99186229,-92.30723575,29019.0,3175.1661005303026,0.2443280977312391,5716,5646,14,0,5632,5625,180005,84,0,0,84,21
2020-10-21,US,Missouri,Buchanan,2796,36,0,39.65816401,-94.80138942,29021.0,3200.402911954581,1.2875536480686696,2760,2783,35,0,2748,2754,88571,13,1,0,12,29
2020-10-21,US,Missouri,Butler,1050,8,0,36.71462476,-90.40421163,29023.0,2471.8677903856114,0.7619047619047619,1042,1040,8,0,1032,1036,42639,10,0,0,10,4
2020-10-21,US,Missouri,Caldwell,162,1,0,39.65620858,-93.98308093,29025.0,1796.0088691796009,0.6172839506172839,161,161,1,0,160,158,9108,1,0,0,1,3
2020-10-21,US,Missouri,Callaway,1067,5,0,38.83674754,-91.92186505,29027.0,2384.730572380037,0.4686035613870666,1062,1021,5,0,1016,1020,44889,46,0,0,46,1
2020-10-21,US,Missouri,Camden,1492,28,0,38.02199522,-92.76083747,29029.0,3222.1142425224048,1.8766756032171583,1464,1478,28,0,1450,1451,45815,14,0,0,14,27
2020-10-21,US,Missouri,Cape Girardeau,2504,45,0,37.38489388,-89.6843587,29031.0,3174.804427482852,1.7971246006389776,2459,2473,45,0,2428,2447,78753,31,0,0,31,26
2020-10-21,US,Missouri,Carroll,173,2,0,39.42762566,-93.50626255,29033.0,1993.3172024426776,1.1560693641618498,171,172,2,0,170,172,8743,1,0,0,1,0
2020-10-21,US,Missouri,Carter,157,3,0,36.94160441,-90.96051322,29035.0,2624.5402875292543,1.9108280254777068,154,155,3,0,152,153,6054,2,0,0,2,2
2020-10-21,US,Missouri,Cass,1929,28,0,38.64789422,-94.353399,29037.0,1823.5961429381732,1.4515292897874543,1901,1909,28,0,1881,1883,104954,20,0,0,20,26
2020-10-21,US,Missouri,Cedar,212,2,0,37.72391475,-93.85445441,29039.0,1477.4548749041744,0.9433962264150944,210,211,2,0,209,210,14165,1,0,0,1,1
2020-10-21,US,Missouri,Chariton,56,1,0,39.51499357,-92.9629191,29041.0,754.1071909507139,1.7857142857142858,55,55,1,0,54,55,7451,1,0,0,1,0
2020-10-21,US,Missouri,Christian,2127,10,0,36.9711783,-93.18537118,29043.0,2400.812686946216,0.4701457451810061,2117,2107,10,0,2097,2093,86983,20,0,0,20,14
2020-10-21,US,Missouri,Clark,103,0,0,40.41040752,-91.73661677,29045.0,1515.3744298955419,0.0,103,104,0,0,104,104,6842,-1,0,0,-1,0
2020-10-21,US,Missouri,Clay,2347,45,0,39.31132056,-94.41850862,29047.0,938.9953110246933,1.9173412867490411,2302,2323,45,0,2278,2300,246365,24,0,0,24,23
2020-10-21,US,Missouri,Clinton,436,11,0,39.6013098,-94.40465394,29049.0,2138.617746603228,2.5229357798165144,425,431,11,0,420,427,20470,5,0,0,5,4
2020-10-21,US,Missouri,Cole,2600,18,0,38.50455671,-92.27860244,29051.0,3387.8428562121308,0.6923076923076923,2582,2543,18,0,2525,2520,76796,57,0,0,57,23
2020-10-21,US,Missouri,Cooper,581,2,0,38.844478,-92.80896081,29053.0,3280.8176633350267,0.3442340791738382,579,575,2,0,573,573,17603,6,0,0,6,2
2020-10-21,US,Missouri,Crawford,563,7,0,37.97663738,-91.30528104,29055.0,2353.678929765886,1.2433392539964476,556,561,7,0,554,554,23957,2,0,0,2,7
2020-10-21,US,Missouri,Dade,129,0,0,37.431814,-93.8503345,29057.0,1706.1235286337783,0.0,129,127,0,0,127,127,7569,2,0,0,2,0
2020-10-21,US,Missouri,Dallas,303,1,0,37.681135499999996,-93.02127031,29059.0,1795.236402417348,0.33003300330033003,302,288,1,0,287,284,16762,15,0,0,15,4
2020-10-21,US,Missouri,Daviess,206,4,0,39.96145298,-93.98519678,29061.0,2488.523798018845,1.9417475728155342,202,205,3,0,202,202,8313,1,1,0,0,3
2020-10-21,US,Missouri,DeKalb,259,2,0,39.89201062,-94.40476508,29063.0,2064.2384633777,0.7722007722007722,257,256,2,0,254,252,12630,3,0,0,3,4
2020-10-21,US,Missouri,Dent,236,3,0,37.60663134,-91.50790473,29065.0,1515.4433956206256,1.2711864406779658,233,233,3,0,230,230,15441,3,0,0,3,3
2020-10-21,US,Missouri,Douglas,273,9,0,36.9325593,-92.49905109,29067.0,2070.5346985210467,3.2967032967032965,264,273,6,0,267,272,13373,0,3,0,-3,1
2020-10-21,US,Missouri,Dunklin,1028,12,0,36.27167174,-90.09122243,29069.0,3528.8867529435997,1.1673151750972763,1016,1012,12,0,1000,997,29423,16,0,0,16,15
2020-10-21,US,Missouri,Franklin,2395,42,0,38.41127108,-91.07522826,29071.0,2303.6155703251998,1.7536534446764092,2353,2379,40,0,2339,2349,103670,16,2,0,14,30
2020-10-21,US,Missouri,Gasconade,230,24,0,38.43947277,-91.50847147,29073.0,1563.9874881000947,10.434782608695652,206,225,24,0,201,221,14705,5,0,0,5,4
2020-10-21,US,Missouri,Gentry,174,10,0,40.21097916,-94.40944419,29075.0,2647.998782529296,5.747126436781608,164,173,10,0,163,172,6628,1,0,0,1,1
2020-10-21,US,Missouri,Greene,8497,111,0,37.2575872,-93.34230916,29077.0,2899.1490552261107,1.3063434153230549,8386,8436,106,0,8330,8352,291923,61,5,0,56,84
2020-10-21,US,Missouri,Grundy,248,9,0,40.11406587,-93.56509276,29079.0,2517.766497461929,3.629032258064516,239,244,9,0,235,242,9914,4,0,0,4,2
2020-10-21,US,Missouri,Harrison,179,1,0,40.35570088,-93.99222144,29081.0,2143.1992337164747,0.5586592178770949,178,177,1,0,176,175,8414,2,0,0,2,2
2020-10-21,US,Missouri,Henry,347,5,0,38.38482826,-93.79293734,29083.0,1589.9926686217013,1.4409221902017288,342,346,5,0,341,345,21792,1,0,0,1,1
2020-10-21,US,Missouri,Hickory,183,3,0,37.94163617,-93.3203037,29085.0,1917.4350377200333,1.639344262295082,180,181,3,0,178,178,9509,2,0,0,2,3
2020-10-21,US,Missouri,Holt,111,1,0,40.09799248,-95.21638879999999,29087.0,2521.008403361345,0.9009009009009008,110,111,1,0,110,110,4404,0,0,0,0,1
2020-10-21,US,Missouri,Howard,230,2,0,39.1435761,-92.69756691,29089.0,2299.7700229977004,0.8695652173913043,228,226,2,0,224,226,10137,4,0,0,4,0
2020-10-21,US,Missouri,Howell,1038,6,0,36.77383887,-91.88683935,29091.0,2587.431762095869,0.5780346820809249,1032,1030,6,0,1024,1015,40076,8,0,0,8,15
2020-10-21,US,Missouri,Iron,93,0,0,37.55487945,-90.7735296,29093.0,918.5185185185184,0.0,93,92,0,0,92,91,10177,1,0,0,1,1
2020-10-21,US,Missouri,Jackson,9384,117,0,39.01002188,-94.34724536,29095.0,1334.8297537307385,1.2468030690537084,9267,9310,116,0,9194,9196,700307,74,1,0,73,114
2020-10-21,US,Missouri,Jasper,4893,68,0,37.20351921,-94.34050458,29097.0,4032.8695766846895,1.3897404455344369,4825,4843,68,0,4775,4812,120636,50,0,0,50,31
2020-10-21,US,Missouri,Jefferson,5241,78,0,38.25926778,-90.53870896,29099.0,2328.4950751062947,1.4882655981682884,5163,5226,78,0,5148,5174,224347,15,0,0,15,52
2020-10-21,US,Missouri,Johnson,1393,10,0,38.74719601,-93.80691168,29101.0,2576.6712293292885,0.7178750897343862,1383,1403,11,0,1392,1402,53652,-10,-1,0,-9,1
2020-10-21,US,Missouri,Kansas City,13869,175,0,39.0997,-94.5786,0.0,2836.526957129973,1.2618069074915281,13694,13792,172,0,13620,13733,491918,77,3,0,74,59
2020-10-21,US,Missouri,Knox,59,1,0,40.12699751,-92.14780832,29103.0,1490.2753220510226,1.6949152542372878,58,59,1,0,58,59,3947,0,0,0,0,0
2020-10-21,US,Missouri,Laclede,1093,21,0,37.65896829,-92.5888493,29105.0,3059.6534445595275,1.9213174748398905,1072,1086,18,0,1068,1077,35713,7,3,0,4,9
2020-10-21,US,Missouri,Lafayette,754,24,0,39.06986886,-93.78076396,29107.0,2305.246422893482,3.1830238726790454,730,745,24,0,721,738,32598,9,0,0,9,7
2020-10-21,US,Missouri,Lawrence,1006,14,0,37.10626634,-93.83293097,29109.0,2622.8653369834437,1.3916500994035783,992,992,14,0,978,974,38359,14,0,0,14,18
2020-10-21,US,Missouri,Lewis,175,2,0,40.09673161,-91.72070156,29111.0,1790.0981996726678,1.1428571428571428,173,173,2,0,171,171,9855,2,0,0,2,2
2020-10-21,US,Missouri,Lincoln,1079,5,0,39.05345619,-90.95588181,29113.0,1828.4106891701829,0.4633920296570899,1074,1068,5,0,1063,1064,57686,11,0,0,11,4
2020-10-21,US,Missouri,Linn,153,2,0,39.87001769,-93.10704106,29115.0,1283.5570469798656,1.30718954248366,151,152,2,0,150,152,12037,1,0,0,1,0
2020-10-21,US,Missouri,Livingston,549,6,0,39.78110272,-93.54645978,29117.0,3605.437709332107,1.0928961748633879,543,544,6,0,538,542,15146,5,0,0,5,2
2020-10-21,US,Missouri,Macon,198,1,0,39.83049768,-92.56453089,29121.0,1309.7836872395314,0.5050505050505051,197,197,1,0,196,197,15153,1,0,0,1,0
2020-10-21,US,Missouri,Madison,447,3,0,37.47865134,-90.34671429999999,29123.0,3697.882197220384,0.6711409395973155,444,443,2,0,441,433,12188,4,1,0,3,10
2020-10-21,US,Missouri,Maries,148,0,0,38.16193985,-91.92249662,29125.0,1701.736230884213,0.0,148,145,0,0,145,140,8769,3,0,0,3,5
2020-10-21,US,Missouri,Marion,850,14,0,39.80601912,-91.62203062,29127.0,2979.320014020329,1.6470588235294117,836,838,14,0,824,822,28592,12,0,0,12,16
2020-10-21,US,Missouri,McDonald,1192,11,0,36.62869595,-94.34867205,29119.0,5219.599772299339,0.9228187919463088,1181,1190,11,0,1179,1189,23078,2,0,0,2,1
2020-10-21,US,Missouri,Mercer,31,0,0,40.42212303,-93.56829590000001,29129.0,857.0638650815595,0.0,31,31,0,0,31,31,3641,0,0,0,0,0
2020-10-21,US,Missouri,Miller,791,7,0,38.21450288,-92.42610898,29131.0,3087.55220734611,0.8849557522123894,784,783,5,0,778,777,25336,8,2,0,6,6
2020-10-21,US,Missouri,Mississippi,402,5,0,36.82516239,-89.29505753,29133.0,3050.0758725341425,1.243781094527363,397,398,5,0,393,390,13336,4,0,0,4,8
2020-10-21,US,Missouri,Moniteau,507,9,0,38.63571781,-92.57976951,29135.0,3142.821720803372,1.7751479289940828,498,501,8,0,493,492,16121,6,1,0,5,9
2020-10-21,US,Missouri,Monroe,139,1,0,39.49593978,-92.00043978,29137.0,1608.0518278574734,0.7194244604316546,138,135,1,0,134,132,8664,4,0,0,4,3
2020-10-21,US,Missouri,Montgomery,112,1,0,38.94022054,-91.47000721,29139.0,969.6130205177041,0.8928571428571429,111,111,1,0,110,110,11534,1,0,0,1,1
2020-10-21,US,Missouri,Morgan,604,6,0,38.4181765,-92.88791859,29141.0,2928.200901730741,0.9933774834437086,598,596,6,0,590,584,20358,8,0,0,8,12
2020-10-21,US,Missouri,New Madrid,709,20,0,36.59666326,-89.66070007,29143.0,4152.026235652376,2.8208744710860367,689,707,20,0,687,703,17296,2,0,0,2,4
2020-10-21,US,Missouri,Newton,1915,17,0,36.90519407,-94.3394104,29145.0,3288.343979668933,0.8877284595300261,1898,1905,17,0,1888,1890,58266,10,0,0,10,15
2020-10-21,US,Missouri,Nodaway,1041,10,0,40.36079813,-94.88133008,29147.0,4712.112982074959,0.9606147934678194,1031,1024,10,0,1014,1017,22304,17,0,0,17,7
2020-10-21,US,Missouri,Oregon,214,0,0,36.68710164,-91.4033755,29149.0,2032.481717162124,0.0,214,213,0,0,213,212,10541,1,0,0,1,1
2020-10-21,US,Missouri,Osage,431,3,0,38.46036182,-91.8613635,29151.0,3165.626147631289,0.6960556844547564,428,424,3,0,421,413,13714,7,0,0,7,11
2020-10-21,US,Missouri,Ozark,181,1,0,36.64916339,-92.44459066,29153.0,1972.96708088075,0.5524861878453039,180,179,1,0,178,175,9017,2,0,0,2,4
2020-10-21,US,Missouri,Pemiscot,686,12,0,36.2130572,-89.78742322,29155.0,4340.3986080354325,1.749271137026239,674,678,12,0,666,674,16272,8,0,0,8,4
2020-10-21,US,Missouri,Perry,762,7,0,37.70660776,-89.82741088,29157.0,3982.0234113712377,0.9186351706036744,755,761,7,0,754,755,19150,1,0,0,1,6
2020-10-21,US,Missouri,Pettis,1484,14,0,38.72798918,-93.28471706,29159.0,3505.042632088618,0.9433962264150944,1470,1457,14,0,1443,1432,42542,27,0,0,27,25
2020-10-21,US,Missouri,Phelps,776,19,0,37.87736118,-91.79351727,29161.0,1740.9642608754184,2.4484536082474233,757,767,19,0,748,765,44732,9,0,0,9,2
2020-10-21,US,Missouri,Pike,309,8,0,39.34310674,-91.16980779,29163.0,1688.3400721232654,2.588996763754045,301,307,8,0,299,305,18504,2,0,0,2,2
2020-10-21,US,Missouri,Platte,926,12,0,39.38154439,-94.77068479,29165.0,886.8202800283476,1.2958963282937366,914,921,12,0,909,909,102985,5,0,0,5,12
2020-10-21,US,Missouri,Polk,895,8,0,37.616229600000004,-93.39828174,29167.0,2783.9124078509444,0.8938547486033519,887,890,8,0,882,875,32201,5,0,0,5,15
2020-10-21,US,Missouri,Pulaski,901,9,0,37.82462075,-92.20783203,29169.0,1712.6998308209936,0.9988901220865704,892,900,9,0,891,894,52014,1,0,0,1,6
2020-10-21,US,Missouri,Putnam,48,1,0,40.47942497,-93.02042674,29171.0,1022.1465076660988,2.083333333333333,47,48,1,0,47,48,4757,0,0,0,0,0
2020-10-21,US,Missouri,Ralls,194,0,0,39.52817427,-91.51838643,29173.0,1881.8508099718688,0.0,194,193,0,0,193,190,10212,1,0,0,1,3
2020-10-21,US,Missouri,Randolph,541,3,0,39.44007257,-92.49713740000001,29175.0,2186.0352351705187,0.5545286506469501,538,508,3,0,505,503,24763,33,0,0,33,5
2020-10-21,US,Missouri,Ray,252,2,0,39.353746799999996,-93.98905745,29177.0,1094.7953775306282,0.7936507936507936,250,247,2,0,245,236,22883,5,0,0,5,11
2020-10-21,US,Missouri,Reynolds,60,0,0,37.36085952,-90.97009925,29179.0,956.9377990430625,0.0,60,60,0,0,60,60,6254,0,0,0,0,0
2020-10-21,US,Missouri,Ripley,233,4,0,36.65460667,-90.85990261,29181.0,1753.4617700180613,1.7167381974248928,229,229,4,0,225,222,13401,4,0,0,4,7
2020-10-21,US,Missouri,Saline,909,10,0,39.13734288,-93.20259964,29195.0,3993.673388691183,1.1001100110011002,899,907,9,0,898,895,22895,2,1,0,1,12
2020-10-21,US,Missouri,Schuyler,35,0,0,40.46921489,-92.52311943,29197.0,751.0729613733905,0.0,35,35,0,0,35,35,4599,0,0,0,0,0
2020-10-21,US,Missouri,Scotland,63,1,0,40.45214695,-92.14709064,29199.0,1285.1897184822521,1.5873015873015872,62,63,1,0,62,63,4966,0,0,0,0,0
2020-10-21,US,Missouri,Scott,1312,19,0,37.05588075,-89.56474493,29201.0,3427.377220480669,1.4481707317073171,1293,1295,19,0,1276,1266,38458,17,0,0,17,29
2020-10-21,US,Missouri,Shannon,202,3,0,37.15772072,-91.40190382,29203.0,2473.671320107764,1.4851485148514851,199,202,3,0,199,200,8189,0,0,0,0,2
2020-10-21,US,Missouri,Shelby,97,1,0,39.79742518,-92.07634971,29205.0,1635.7504215851602,1.0309278350515465,96,96,1,0,95,97,6050,1,0,0,1,-1
2020-10-21,US,Missouri,St. Charles,9951,144,0,38.77875681,-90.66662425,29183.0,2475.237673560153,1.447090744648779,9807,9886,144,0,9742,9738,399182,65,0,0,65,148
2020-10-21,US,Missouri,St. Clair,114,1,0,38.03699437,-93.77631447,29185.0,1213.1531339789294,0.8771929824561403,113,108,1,0,107,107,9395,6,0,0,6,1
2020-10-21,US,Missouri,St. Francois,2683,22,0,37.81214171,-90.47598685,29187.0,3991.6685263706013,0.8199776369735371,2661,2660,22,0,2638,2635,66692,23,0,0,23,25
2020-10-21,US,Missouri,St. Louis,28626,860,0,38.63770039999999,-90.4458375,29189.0,2879.2854592362737,3.004261859847692,27766,28380,860,0,27520,28239,996945,246,0,0,246,141
2020-10-21,US,Missouri,St. Louis City,8059,218,0,38.63555736,-90.24349225,29510.0,2681.185457255403,2.705050254373992,7841,8008,218,0,7790,7957,302838,51,0,0,51,51
2020-10-21,US,Missouri,Ste. Genevieve,319,1,0,37.89090059,-90.1949941,29186.0,1782.7204649603214,0.31347962382445144,318,314,1,0,313,303,17888,5,0,0,5,11
2020-10-21,US,Missouri,Stoddard,792,15,0,36.85571651,-89.9444155,29207.0,2728.6821705426355,1.893939393939394,777,782,15,0,767,761,29206,10,0,0,10,21
2020-10-21,US,Missouri,Stone,646,8,0,36.75000327,-93.45256475,29209.0,2021.7826740110165,1.238390092879257,638,640,7,0,633,637,31749,6,1,0,5,3
2020-10-21,US,Missouri,Sullivan,279,1,0,40.2099105,-93.11150106,29211.0,4582.0331745771055,0.35842293906810035,278,278,1,0,277,277,6221,1,0,0,1,1
2020-10-21,US,Missouri,Taney,1591,33,0,36.65465345,-93.04075153,29213.0,2844.728937204977,2.07416719044626,1558,1579,33,0,1546,1567,55852,12,0,0,12,12
2020-10-21,US,Missouri,Texas,534,3,0,37.31728859,-91.96564727,29215.0,2102.5277580911884,0.5617977528089888,531,533,3,0,530,530,25571,1,0,0,1,3
2020-10-21,US,Missouri,Vernon,296,3,0,37.8457799,-94.34127305,29217.0,1439.4786752905704,1.0135135135135136,293,294,3,0,291,291,20528,2,0,0,2,3
2020-10-21,US,Missouri,Warren,582,1,0,38.76529479,-91.16124662,29219.0,1632.5843642177902,0.1718213058419244,581,577,1,0,576,574,34711,5,0,0,5,3
2020-10-21,US,Missouri,Washington,605,16,0,37.96130078,-90.87948158,29221.0,2446.421350586332,2.6446280991735542,589,603,16,0,587,601,24943,2,0,0,2,2
2020-10-21,US,Missouri,Wayne,294,1,0,37.11303869,-90.46001416,29223.0,2283.849918433932,0.3401360544217687,293,293,1,0,292,291,13122,1,0,0,1,2
2020-10-21,US,Missouri,Webster,1062,11,0,37.2813734,-92.876329,29225.0,2682.360072741968,1.0357815442561205,1051,1053,11,0,1042,1047,39109,9,0,0,9,6
2020-10-21,US,Missouri,Worth,27,0,0,40.47945588,-94.42328751,29227.0,1341.2816691505216,0.0,27,26,0,0,26,26,2040,1,0,0,1,0
2020-10-21,US,Missouri,Wright,565,2,0,37.27029221,-92.46914488,29229.0,3089.2886434468805,0.3539823008849557,563,563,1,0,562,560,18378,2,1,0,1,3
2020-10-21,US,Montana,Beaverhead,240,1,0,45.13434354,-112.89846940000001,30001.0,2538.876547127896,0.4166666666666667,239,237,1,0,236,233,9404,3,0,0,3,4
2020-10-21,US,Montana,Big Horn,1205,34,0,45.42335905,-107.492347,30003.0,9047.225767700278,2.8215767634854774,1171,1181,34,0,1147,1129,13338,24,0,0,24,52
2020-10-21,US,Montana,Blaine,246,2,0,48.43175214,-108.9582723,30005.0,3682.083520431073,0.8130081300813008,244,241,2,0,239,228,6807,5,0,0,5,13
2020-10-21,US,Montana,Broadwater,43,0,0,46.33277565,-111.49558130000001,30007.0,689.4340227673558,0.0,43,41,0,0,41,39,6085,2,0,0,2,2
2020-10-21,US,Montana,Carbon,206,0,0,45.22850116,-109.0274047,30009.0,1920.7459207459208,0.0,206,204,0,0,204,200,10714,2,0,0,2,4
2020-10-21,US,Montana,Carter,32,0,0,45.5197966,-104.53955359999999,30011.0,2555.9105431309904,0.0,32,32,0,0,32,32,1238,0,0,0,0,0
2020-10-21,US,Montana,Cascade,1538,6,0,47.30797024,-111.3467922,30013.0,1890.2244180615985,0.3901170351105331,1532,1508,6,0,1502,1465,81643,30,0,0,30,43
2020-10-21,US,Montana,Chouteau,68,0,0,47.88084126,-110.4353362,30015.0,1206.7435669920144,0.0,68,62,0,0,62,56,5745,6,0,0,6,6
2020-10-21,US,Montana,Custer,206,3,0,46.25319932,-105.57375259999998,30017.0,1806.7005788458166,1.4563106796116505,203,198,3,0,195,188,11586,8,0,0,8,10
2020-10-21,US,Montana,Daniels,23,1,0,48.78420029,-105.54763429999998,30019.0,1360.9467455621302,4.3478260869565215,22,22,0,0,22,16,1747,1,1,0,0,6
2020-10-21,US,Montana,Dawson,181,1,0,47.26584855,-104.89444170000002,30021.0,2101.4745152676187,0.5524861878453039,180,167,1,0,166,162,8680,14,0,0,14,5
2020-10-21,US,Montana,Deer Lodge,358,1,0,46.05953325,-113.073353,30023.0,3916.849015317287,0.2793296089385475,357,353,0,0,353,335,9131,5,1,0,4,18
2020-10-21,US,Montana,Fallon,37,0,0,46.33478338,-104.41835649999999,30025.0,1300.0702740688687,0.0,37,37,0,0,37,32,2920,0,0,0,0,5
2020-10-21,US,Montana,Fergus,167,2,0,47.26331584,-109.2245206,30027.0,1511.3122171945706,1.1976047904191616,165,167,2,0,165,166,11113,0,0,0,0,1
2020-10-21,US,Montana,Flathead,2712,23,0,48.29575866,-114.05205690000001,30029.0,2612.565747644645,0.8480825958702065,2689,2658,23,0,2635,2535,102106,54,0,0,54,123
2020-10-21,US,Montana,Gallatin,2400,6,0,45.54486106,-111.1692571,30031.0,2097.2787807819354,0.25,2394,2343,6,0,2337,2283,111876,57,0,0,57,60
2020-10-21,US,Montana,Garfield,21,0,0,47.27545948,-107.0002351,30033.0,1669.316375198728,0.0,21,19,0,0,19,19,1268,2,0,0,2,0
2020-10-21,US,Montana,Glacier,815,10,0,48.70513576,-112.9934235,30035.0,5925.9797862284595,1.2269938650306749,805,800,2,0,798,779,13747,15,8,0,7,21
2020-10-21,US,Montana,Golden Valley,12,0,0,46.3816474,-109.17685220000001,30037.0,1461.6321559074302,0.0,12,10,0,0,10,10,826,2,0,0,2,0
2020-10-21,US,Montana,Granite,54,0,0,46.40605220000001,-113.4414186,30039.0,1598.1059485054748,0.0,54,53,0,0,53,52,3378,1,0,0,1,1
2020-10-21,US,Montana,Hill,621,16,0,48.62879827,-110.1129252,30041.0,3767.2894928415444,2.576489533011272,605,593,12,0,581,553,16347,28,4,0,24,40
2020-10-21,US,Montana,Jefferson,139,0,0,46.14907081,-112.094396,30043.0,1137.386465919319,0.0,139,137,0,0,137,134,12097,2,0,0,2,3
2020-10-21,US,Montana,Judith Basin,15,0,0,47.04581276,-110.26606880000001,30045.0,747.3841554559042,0.0,15,15,0,0,15,15,1952,0,0,0,0,0
2020-10-21,US,Montana,Lake,476,1,0,47.64514965,-114.0898013,30047.0,1562.8078009061658,0.21008403361344535,475,455,1,0,454,451,30250,21,0,0,21,4
2020-10-21,US,Montana,Lewis and Clark,714,5,0,47.12610041,-112.39469799999999,30049.0,1028.3442792948497,0.7002801120448179,709,675,3,0,672,636,68700,39,2,0,37,39
2020-10-21,US,Montana,Liberty,28,0,0,48.56084317,-111.02430700000001,30051.0,1198.117244330338,0.0,28,28,0,0,28,28,2430,0,0,0,0,0
2020-10-21,US,Montana,Lincoln,258,3,0,48.54265777,-115.4046155,30053.0,1291.2912912912916,1.162790697674419,255,254,3,0,251,245,19794,4,0,0,4,9
2020-10-21,US,Montana,Madison,148,1,0,45.30080065,-111.9173017,30057.0,1720.9302325581396,0.6756756756756757,147,142,1,0,141,139,8768,6,0,0,6,3
2020-10-21,US,Montana,McCone,52,0,0,47.64469406,-105.79449939999999,30055.0,3125.0,0.0,52,48,0,0,48,48,1675,4,0,0,4,0
2020-10-21,US,Montana,Meagher,56,2,0,46.59907074,-110.8898557,30059.0,3007.518796992481,3.571428571428572,54,55,2,0,53,51,1866,1,0,0,1,4
2020-10-21,US,Montana,Mineral,14,0,0,47.15283992,-115.00152390000001,30061.0,318.3989083466,0.0,14,14,0,0,14,14,4316,0,0,0,0,0
2020-10-21,US,Montana,Missoula,1750,8,0,47.03728583,-113.92135079999998,30063.0,1463.2107023411374,0.4571428571428571,1742,1705,8,0,1697,1643,118791,45,0,0,45,62
2020-10-21,US,Montana,Musselshell,75,1,0,46.49684637,-108.39498,30065.0,1618.8214979494928,1.3333333333333333,74,72,1,0,71,72,4651,3,0,0,3,0
2020-10-21,US,Montana,Park,203,0,0,45.48965095,-110.52643940000002,30067.0,1222.44971696977,0.0,203,190,0,0,190,187,16736,13,0,0,13,3
2020-10-21,US,Montana,Petroleum,3,0,0,47.118246299999996,-108.2508876,30069.0,616.0164271047228,0.0,3,3,0,0,3,3,513,0,0,0,0,0
2020-10-21,US,Montana,Phillips,146,0,0,48.25936577,-107.9128511,30071.0,3692.4633282751643,0.0,146,144,0,0,144,143,4074,2,0,0,2,1
2020-10-21,US,Montana,Pondera,138,1,0,48.22773388,-112.22527029999999,30073.0,2334.630350194553,0.7246376811594203,137,135,1,0,134,133,5972,3,0,0,3,2
2020-10-21,US,Montana,Powder River,47,5,0,45.39617714,-105.636738,30075.0,2794.292508917955,10.638297872340424,42,47,3,0,44,47,1716,0,2,0,-2,0
2020-10-21,US,Montana,Powell,80,0,0,46.85538891,-112.93591640000001,30077.0,1161.1030478955008,0.0,80,80,0,0,80,43,6968,0,0,0,0,37
2020-10-21,US,Montana,Prairie,30,0,0,46.86048047,-105.379384,30079.0,2785.515320334262,0.0,30,29,0,0,29,29,1087,1,0,0,1,0
2020-10-21,US,Montana,Ravalli,359,4,0,46.08520862,-114.11891640000002,30081.0,819.5224398484227,1.1142061281337048,355,345,4,0,341,342,43172,14,0,0,14,3
2020-10-21,US,Montana,Richland,231,2,0,47.78668011,-104.5610786,30083.0,2138.294918078312,0.8658008658008658,229,229,2,0,227,224,10913,2,0,0,2,5
2020-10-21,US,Montana,Roosevelt,829,17,0,48.29607488,-105.00792679999999,30085.0,7533.624136677572,2.0506634499396865,812,786,14,0,772,779,11059,43,3,0,40,7
2020-10-21,US,Montana,Rosebud,737,20,0,46.23397237,-106.72928799999998,30087.0,8246.61519525568,2.71370420624152,717,735,20,0,715,731,9063,2,0,0,2,4
2020-10-21,US,Montana,Sanders,88,2,0,47.67657534,-115.1329916,30089.0,726.4921984644596,2.272727272727273,86,88,1,0,87,88,11844,0,1,0,-1,0
2020-10-21,US,Montana,Sheridan,52,0,0,48.72085833,-104.50382900000001,30091.0,1571.4717437292236,0.0,52,47,0,0,47,46,3424,5,0,0,5,1
2020-10-21,US,Montana,Silver Bow,481,0,0,45.90018933,-112.6620092,30093.0,1377.631390519834,0.0,481,481,0,0,481,462,34993,0,0,0,0,19
2020-10-21,US,Montana,Stillwater,160,3,0,45.67071407,-109.3950061,30095.0,1659.4067620825556,1.875,157,154,3,0,151,141,9534,6,0,0,6,13
2020-10-21,US,Montana,Sweet Grass,62,2,0,45.81367654,-109.9425686,30097.0,1659.0848274016591,3.2258064516129035,60,61,2,0,59,61,3710,1,0,0,1,0
2020-10-21,US,Montana,Teton,75,0,0,47.83741052,-112.24106880000001,30099.0,1220.1073694485115,0.0,75,73,0,0,73,74,6162,2,0,0,2,-1
2020-10-21,US,Montana,Toole,304,6,0,48.65577551,-111.69424140000001,30101.0,6418.918918918918,1.973684210526316,298,301,6,0,295,301,4853,3,0,0,3,0
2020-10-21,US,Montana,Treasure,11,0,0,46.20973220000001,-107.26665159999999,30103.0,1580.4597701149426,0.0,11,11,0,0,11,11,679,0,0,0,0,0
2020-10-21,US,Montana,Valley,285,2,0,48.36435097,-106.6669635,30105.0,3853.43428880476,0.7017543859649122,283,285,2,0,283,280,7437,0,0,0,0,5
2020-10-21,US,Montana,Wheatland,60,2,0,46.46652491,-109.84646359999999,30107.0,2822.2013170272808,3.333333333333333,58,60,2,0,58,61,2236,0,0,0,0,-1
2020-10-21,US,Montana,Wibaux,37,0,0,46.95925154,-104.2510927,30109.0,3818.3694530443763,0.0,37,37,0,0,37,37,1034,0,0,0,0,0
2020-10-21,US,Montana,Yellowstone,5384,82,0,45.93955949,-108.26914860000001,30111.0,3337.879727216367,1.5230312035661218,5302,5246,81,0,5165,5179,160137,138,1,0,137,67
2020-10-21,US,Nebraska,Adams,760,13,0,40.52449420000001,-98.50117804,31001.0,2423.2375729362625,1.7105263157894737,747,754,13,0,741,733,31511,6,0,0,6,21
2020-10-21,US,Nebraska,Antelope,142,1,0,42.17695516,-98.06662829999999,31003.0,2254.684026675135,0.7042253521126759,141,141,1,0,140,139,6336,1,0,0,1,2
2020-10-21,US,Nebraska,Arthur,3,0,0,41.56896142,-101.6959559,31005.0,647.9481641468683,0.0,3,3,0,0,3,3,465,0,0,0,0,0
2020-10-21,US,Nebraska,Banner,3,0,0,41.54634427,-103.7114332,31007.0,402.6845637583893,0.0,3,3,0,0,3,2,730,0,0,0,0,1
2020-10-21,US,Nebraska,Blaine,2,0,0,41.91311716,-99.97677845,31009.0,430.1075268817205,0.0,2,2,0,0,2,3,476,0,0,0,0,-1
2020-10-21,US,Nebraska,Boone,133,0,0,41.70759415,-98.06737183,31011.0,2561.633281972265,0.0,133,131,0,0,131,129,5239,2,0,0,2,2
2020-10-21,US,Nebraska,Box Butte,181,1,0,42.22079243,-103.08788340000001,31013.0,1678.5681164796438,0.5524861878453039,180,167,1,0,166,162,10772,14,0,0,14,5
2020-10-21,US,Nebraska,Boyd,55,0,0,42.899727399999996,-98.76486568,31015.0,2866.07608129234,0.0,55,50,0,0,50,49,1955,5,0,0,5,1
2020-10-21,US,Nebraska,Brown,66,0,0,42.43018907,-99.92904055,31017.0,2233.502538071066,0.0,66,64,0,0,64,65,2973,2,0,0,2,-1
2020-10-21,US,Nebraska,Buffalo,1655,13,0,40.85486962,-99.07500296,31019.0,3332.7292132342573,0.7854984894259819,1642,1598,6,0,1592,1579,49615,57,7,0,50,19
2020-10-21,US,Nebraska,Burt,102,1,0,41.85056773,-96.32605633,31021.0,1579.1918253599629,0.9803921568627452,101,100,1,0,99,101,6488,2,0,0,2,-1
2020-10-21,US,Nebraska,Butler,240,1,0,41.22703692,-97.13106306,31023.0,2994.011976047904,0.4166666666666667,239,231,1,0,230,224,8058,9,0,0,9,7
2020-10-21,US,Nebraska,Cass,476,4,0,40.90899107,-96.13971217,31025.0,1813.4715025906733,0.8403361344537815,472,471,4,0,467,465,26159,5,0,0,5,6
2020-10-21,US,Nebraska,Cedar,133,0,0,42.598885100000004,-97.25311951,31027.0,1582.9564389431089,0.0,133,133,0,0,133,131,8446,0,0,0,0,2
2020-10-21,US,Nebraska,Chase,137,0,0,40.523719799999995,-101.69780259999999,31029.0,3491.335372069317,0.0,137,127,0,0,127,125,3977,10,0,0,10,2
2020-10-21,US,Nebraska,Cherry,63,4,0,42.54502621,-101.1244332,31031.0,1107.4002460889437,6.349206349206349,59,62,4,0,58,62,5761,1,0,0,1,0
2020-10-21,US,Nebraska,Cheyenne,78,1,0,41.21999357,-102.9941693,31033.0,875.4208754208754,1.2820512820512822,77,77,1,0,76,75,9310,1,0,0,1,2
2020-10-21,US,Nebraska,Clay,143,0,0,40.52439441,-98.05126296,31035.0,2305.336127680155,0.0,143,138,0,0,138,130,6214,5,0,0,5,8
2020-10-21,US,Nebraska,Colfax,877,7,0,41.57486951,-97.0868542,31037.0,8189.373424222614,0.7981755986316991,870,871,7,0,864,866,10881,6,0,0,6,5
2020-10-21,US,Nebraska,Cuming,255,2,0,41.91637624,-96.78730772,31039.0,2882.6588288491976,0.7843137254901961,253,247,2,0,245,243,8940,8,0,0,8,4
2020-10-21,US,Nebraska,Custer,187,4,0,41.39374521,-99.72805369,31041.0,1735.1767653335805,2.1390374331550803,183,176,4,0,172,175,10840,11,0,0,11,1
2020-10-21,US,Nebraska,Dakota,2476,44,0,42.39040144,-96.56656425,31043.0,12363.926895036453,1.777059773828756,2432,2467,44,0,2423,2463,20083,9,0,0,9,4
2020-10-21,US,Nebraska,Dawes,203,0,0,42.71985036,-103.1313774,31045.0,2363.4881825590874,0.0,203,199,0,0,199,196,8716,4,0,0,4,3
2020-10-21,US,Nebraska,Dawson,1217,15,0,40.87028216,-99.82014609999999,31047.0,5157.872430599703,1.2325390304026294,1202,1210,15,0,1195,1202,23709,7,0,0,7,8
2020-10-21,US,Nebraska,Deuel,8,0,0,41.11168186,-102.33333309999999,31049.0,445.9308807134894,0.0,8,8,0,0,8,7,1825,0,0,0,0,1
2020-10-21,US,Nebraska,Dixon,152,2,0,42.49188363,-96.86782408,31051.0,2696.94819020582,1.3157894736842106,150,150,2,0,148,152,5709,2,0,0,2,-2
2020-10-21,US,Nebraska,Dodge,1506,17,0,41.58071748,-96.65598179,31053.0,4118.69273895802,1.1288180610889775,1489,1498,17,0,1481,1489,36791,8,0,0,8,9
2020-10-21,US,Nebraska,Douglas,20690,216,0,41.29518299,-96.15085305,31055.0,3621.393702730661,1.0439826002899952,20474,20455,214,0,20241,20314,566880,235,2,0,233,141
2020-10-21,US,Nebraska,Dundy,18,1,0,40.17638677,-101.6876522,31057.0,1063.2014176018902,5.5555555555555545,17,18,1,0,17,18,1770,0,0,0,0,0
2020-10-21,US,Nebraska,Fillmore,86,1,0,40.52458567,-97.59646937,31059.0,1574.5148297326987,1.162790697674419,85,80,1,0,79,79,5527,6,0,0,6,1
2020-10-21,US,Nebraska,Franklin,80,0,0,40.17636348,-98.95299073,31061.0,2685.464921114468,0.0,80,80,0,0,80,75,3023,0,0,0,0,5
2020-10-21,US,Nebraska,Frontier,30,0,0,40.52993007,-100.3924658,31063.0,1141.9870574800152,0.0,30,30,0,0,30,30,2608,0,0,0,0,0
2020-10-21,US,Nebraska,Furnas,84,3,0,40.17642064,-99.91247454,31065.0,1796.4071856287424,3.571428571428572,81,84,2,0,82,79,4715,0,1,0,-1,5
2020-10-21,US,Nebraska,Gage,490,5,0,40.26186809,-96.68946704,31067.0,2277.692557988193,1.020408163265306,485,447,5,0,442,444,21493,43,0,0,43,3
2020-10-21,US,Nebraska,Garden,18,0,0,41.61703149,-102.3313973,31069.0,979.858464888405,0.0,18,18,0,0,18,18,1897,0,0,0,0,0
2020-10-21,US,Nebraska,Garfield,20,0,0,41.91428955,-98.99111827,31071.0,1015.7440325038092,0.0,20,19,0,0,19,19,1987,1,0,0,1,0
2020-10-21,US,Nebraska,Gosper,54,0,0,40.51481965,-99.83020279,31073.0,2713.56783919598,0.0,54,54,0,0,54,54,1996,0,0,0,0,0
2020-10-21,US,Nebraska,Grant,4,0,0,41.91528587,-101.740701,31075.0,642.0545746388442,0.0,4,4,0,0,4,4,660,0,0,0,0,0
2020-10-21,US,Nebraska,Greeley,45,0,0,41.56742671,-98.52150266,31077.0,1910.0169779286925,0.0,45,45,0,0,45,44,2356,0,0,0,0,1
2020-10-21,US,Nebraska,Hall,2467,49,0,40.87257079,-98.50218293,31079.0,4020.9932684628297,1.986218078638022,2418,2435,49,0,2386,2424,61607,32,0,0,32,11
2020-10-21,US,Nebraska,Hamilton,223,12,0,40.87349452,-98.02099117,31081.0,2391.677391677392,5.381165919282512,211,216,12,0,204,213,9280,7,0,0,7,3
2020-10-21,US,Nebraska,Harlan,51,0,0,40.17658508,-99.40438879,31083.0,1508.8757396449705,0.0,51,51,0,0,51,51,3401,0,0,0,0,0
2020-10-21,US,Nebraska,Hayes,15,0,0,40.52451972,-101.0603568,31085.0,1626.8980477223429,0.0,15,15,0,0,15,14,916,0,0,0,0,1
2020-10-21,US,Nebraska,Hitchcock,34,0,0,40.17609175,-101.04164770000001,31087.0,1230.992034757422,0.0,34,32,0,0,32,31,2806,2,0,0,2,1
2020-10-21,US,Nebraska,Holt,238,1,0,42.45522056,-98.78402558,31089.0,2364.160127148108,0.4201680672268908,237,234,1,0,233,228,10178,4,0,0,4,6
2020-10-21,US,Nebraska,Hooker,20,1,0,41.91586243,-101.1354293,31091.0,2932.551319648094,5.0,19,20,1,0,19,20,682,0,0,0,0,0
2020-10-21,US,Nebraska,Howard,131,5,0,41.2200529,-98.5166499,31093.0,2032.5833979829324,3.816793893129771,126,132,5,0,127,129,6468,-1,0,0,-1,3
2020-10-21,US,Nebraska,Jefferson,79,0,0,40.17584531,-97.142601,31095.0,1121.203519727505,0.0,79,76,0,0,76,74,7097,3,0,0,3,2
2020-10-21,US,Nebraska,Johnson,97,0,0,40.39257596,-96.26522753,31097.0,1912.8377045947545,0.0,97,94,0,0,94,94,5134,3,0,0,3,0
2020-10-21,US,Nebraska,Kearney,248,0,0,40.50663314,-98.94877182,31099.0,3818.321785989223,0.0,248,242,0,0,242,238,6544,6,0,0,6,4
2020-10-21,US,Nebraska,Keith,88,0,0,41.19930341,-101.66201640000001,31101.0,1095.344784665173,0.0,88,87,0,0,87,86,8021,1,0,0,1,1
2020-10-21,US,Nebraska,Keya Paha,9,0,0,42.87990694,-99.71343729,31103.0,1116.6253101736972,0.0,9,8,0,0,8,8,810,1,0,0,1,0
2020-10-21,US,Nebraska,Kimball,41,0,0,41.19774275,-103.7148131,31105.0,1128.8546255506608,0.0,41,40,0,0,40,37,3618,1,0,0,1,3
2020-10-21,US,Nebraska,Knox,246,1,0,42.63758421,-97.89178836,31107.0,2952.472395583293,0.4065040650406504,245,244,1,0,243,240,8419,2,0,0,2,4
2020-10-21,US,Nebraska,Lancaster,8315,32,0,40.78416049,-96.68777155,31109.0,2605.847879908489,0.3848466626578473,8283,8237,32,0,8205,8164,317272,78,0,0,78,73
2020-10-21,US,Nebraska,Lincoln,715,7,0,41.04658298,-100.74753740000001,31111.0,2047.8890989287968,0.9790209790209792,708,701,7,0,694,682,35185,14,0,0,14,19
2020-10-21,US,Nebraska,Logan,9,0,0,41.56650314,-100.4817851,31113.0,1203.2085561497329,0.0,9,8,0,0,8,8,749,1,0,0,1,0
2020-10-21,US,Nebraska,Loup,6,0,0,41.91371961,-99.45440415,31115.0,903.6144578313254,0.0,6,5,0,0,5,5,618,1,0,0,1,0
2020-10-21,US,Nebraska,Madison,1117,8,0,41.91676024,-97.6005481,31119.0,3182.4268497677995,0.7162041181736795,1109,1080,8,0,1072,1071,35392,37,0,0,37,9
2020-10-21,US,Nebraska,McPherson,9,0,0,41.56797682,-101.05993620000001,31117.0,1821.8623481781376,0.0,9,9,0,0,9,9,492,0,0,0,0,0
2020-10-21,US,Nebraska,Merrick,125,1,0,41.16624273,-98.0374887,31121.0,1611.8633139909734,0.8,124,123,1,0,122,122,7733,2,0,0,2,1
2020-10-21,US,Nebraska,Morrill,98,0,0,41.71711774,-103.0061405,31123.0,2111.1589831968977,0.0,98,95,0,0,95,95,4686,3,0,0,3,0
2020-10-21,US,Nebraska,Nance,75,0,0,41.39750195,-97.99327291,31125.0,2131.287297527707,0.0,75,74,0,0,74,74,3532,1,0,0,1,0
2020-10-21,US,Nebraska,Nemaha,163,0,0,40.38514847,-95.85433992,31127.0,2337.9231210556513,0.0,163,160,0,0,160,159,6958,3,0,0,3,1
2020-10-21,US,Nebraska,Nuckolls,78,0,0,40.17637905,-98.04743961,31129.0,1880.424300867888,0.0,78,68,0,0,68,66,4195,10,0,0,10,2
2020-10-21,US,Nebraska,Otoe,274,1,0,40.64843556,-96.13374142,31131.0,1711.2165875593305,0.36496350364963503,273,268,1,0,267,258,15985,6,0,0,6,10
2020-10-21,US,Nebraska,Pawnee,28,0,0,40.13141096,-96.23705437,31133.0,1071.5652506697284,0.0,28,27,0,0,27,27,2632,1,0,0,1,0
2020-10-21,US,Nebraska,Perkins,40,10,0,40.85082525,-101.6502942,31135.0,1383.6042891732966,25.0,30,40,10,0,30,40,2929,0,0,0,0,0
2020-10-21,US,Nebraska,Phelps,261,0,0,40.51156033,-99.41461667,31137.0,2889.085676333849,0.0,261,258,0,0,258,243,8996,3,0,0,3,15
2020-10-21,US,Nebraska,Pierce,164,8,0,42.26434853,-97.60122773,31139.0,2294.348069390039,4.878048780487805,156,161,8,0,153,159,7142,3,0,0,3,2
2020-10-21,US,Nebraska,Platte,1446,6,0,41.57246836,-97.52144359,31141.0,4320.286824021512,0.4149377593360996,1440,1437,6,0,1431,1404,33363,9,0,0,9,33
2020-10-21,US,Nebraska,Polk,181,3,0,41.18813488,-97.56630712,31143.0,3472.089008248609,1.6574585635359116,178,174,3,0,171,173,5278,7,0,0,7,1
2020-10-21,US,Nebraska,Red Willow,175,0,0,40.17556879999999,-100.476998,31145.0,1631.8537859007834,0.0,175,170,0,0,170,162,10726,5,0,0,5,8
2020-10-21,US,Nebraska,Richardson,90,2,0,40.1247415,-95.71755036,31147.0,1144.3102352193264,2.2222222222222223,88,86,2,0,84,86,7937,4,0,0,4,0
2020-10-21,US,Nebraska,Rock,53,1,0,42.42252217,-99.44832069,31149.0,3905.6742815033163,1.8867924528301887,52,52,1,0,51,52,1360,1,0,0,1,0
2020-10-21,US,Nebraska,Saline,863,2,0,40.52418865,-97.14085859,31151.0,6067.210348706411,0.2317497103128621,861,855,2,0,853,852,14350,8,0,0,8,3
2020-10-21,US,Nebraska,Sarpy,5303,35,0,41.11314181,-96.11156432,31153.0,2832.859676488814,0.6600037714501226,5268,5237,35,0,5202,5181,184459,66,0,0,66,56
2020-10-21,US,Nebraska,Saunders,626,4,0,41.227810299999994,-96.63773905,31155.0,2901.102975252572,0.6389776357827476,622,620,4,0,616,615,21303,6,0,0,6,5
2020-10-21,US,Nebraska,Scotts Bluff,598,8,0,41.85070896,-103.70809859999999,31157.0,1678.9263855354034,1.3377926421404682,590,543,8,0,535,532,35989,55,0,0,55,11
2020-10-21,US,Nebraska,Seward,323,3,0,40.87241834,-97.139673,31159.0,1868.7803749132145,0.9287925696594428,320,314,3,0,311,311,17318,9,0,0,9,3
2020-10-21,US,Nebraska,Sheridan,113,0,0,42.50284406,-102.4126613,31161.0,2154.0221120853985,0.0,113,109,0,0,109,107,5190,4,0,0,4,2
2020-10-21,US,Nebraska,Sherman,36,3,0,41.22045983,-98.97588642,31163.0,1199.6001332889034,8.333333333333334,33,35,3,0,32,35,3038,1,0,0,1,0
2020-10-21,US,Nebraska,Sioux,12,0,0,42.48932059,-103.7576544,31165.0,1029.1595197255574,0.0,12,12,0,0,12,12,1187,0,0,0,0,0
2020-10-21,US,Nebraska,Stanton,64,0,0,41.9169835,-97.19394708,31167.0,1081.081081081081,0.0,64,63,0,0,63,61,5970,1,0,0,1,2
2020-10-21,US,Nebraska,Thayer,54,0,0,40.17626377,-97.59504381,31169.0,1079.3523885668599,0.0,54,51,0,0,51,49,5039,3,0,0,3,2
2020-10-21,US,Nebraska,Thomas,9,0,0,41.91358968,-100.5556632,31171.0,1246.5373961218836,0.0,9,9,0,0,9,8,720,0,0,0,0,1
2020-10-21,US,Nebraska,Thurston,308,4,0,42.15725356,-96.54157099,31173.0,4263.565891472868,1.2987012987012987,304,305,4,0,301,305,7303,3,0,0,3,0
2020-10-21,US,Nebraska,Unassigned,410,3,0,0.0,0.0,90031.0,0.0,0.7317073170731707,407,409,2,0,407,412,,1,1,0,0,-3
2020-10-21,US,Nebraska,Valley,70,1,0,41.56730777,-98.98197724,31175.0,1683.5016835016834,1.4285714285714286,69,70,1,0,69,67,4190,0,0,0,0,3
2020-10-21,US,Nebraska,Washington,423,7,0,41.52815707,-96.22019892,31177.0,2040.619422065705,1.6548463356973997,416,420,7,0,413,416,20667,3,0,0,3,4
2020-10-21,US,Nebraska,Wayne,295,0,0,42.20934475,-97.11926964,31179.0,3143.313798614811,0.0,295,286,0,0,286,282,9403,9,0,0,9,4
2020-10-21,US,Nebraska,Webster,103,0,0,40.17642643,-98.50019851,31181.0,2953.8285058789793,0.0,103,99,0,0,99,88,3533,4,0,0,4,11
2020-10-21,US,Nebraska,Wheeler,3,0,0,41.91482725,-98.52798941,31183.0,383.1417624521073,0.0,3,3,0,0,3,3,805,0,0,0,0,0
2020-10-21,US,Nebraska,York,414,2,0,40.87272618,-97.59710186,31185.0,3026.5370275604937,0.4830917874396135,412,398,2,0,396,387,13772,16,0,0,16,11
2020-10-21,US,Nevada,Carson City,678,8,0,39.15509045,-119.7480219,32510.0,1212.5330853422993,1.1799410029498525,670,665,8,0,657,659,55414,13,0,0,13,6
2020-10-21,US,Nevada,Churchill,195,4,0,39.58105744,-118.3394607,32001.0,782.849572443695,2.051282051282051,191,189,4,0,185,188,24440,6,0,0,6,1
2020-10-21,US,Nevada,Clark,76244,1487,0,36.21458855,-115.0130241,32003.0,3363.634157801047,1.9503174020250773,74757,75888,1483,0,74405,75410,2231647,356,4,0,352,478
2020-10-21,US,Nevada,Douglas,387,1,0,38.912862,-119.61713329999999,32005.0,791.3301298435742,0.25839793281653745,386,381,1,0,380,376,48467,6,0,0,6,5
2020-10-21,US,Nevada,Elko,1245,11,0,41.14531606,-115.3577619,32007.0,2358.937436052901,0.8835341365461847,1234,1227,11,0,1216,1203,52460,18,0,0,18,24
2020-10-21,US,Nevada,Eureka,10,0,0,39.98100864,-116.26832040000001,32011.0,492.8536224741252,0.0,10,10,0,0,10,10,2003,0,0,0,0,0
2020-10-21,US,Nevada,Humboldt,160,4,0,41.40692186,-118.11094270000001,32013.0,950.6268195591467,2.5,156,157,4,0,153,150,16786,3,0,0,3,7
2020-10-21,US,Nevada,Lander,96,2,0,39.933223299999995,-117.03970749999999,32015.0,1735.357917570499,2.083333333333333,94,93,2,0,91,90,5575,3,0,0,3,3
2020-10-21,US,Nevada,Lincoln,44,0,0,37.64268459,-114.8790388,32017.0,848.9291915878835,0.0,44,36,0,0,36,34,5201,8,0,0,8,2
2020-10-21,US,Nevada,Lyon,560,12,0,39.01777974,-119.18704790000001,32019.0,973.7436967483916,2.142857142857143,548,554,11,0,543,548,55808,6,1,0,5,6
2020-10-21,US,Nevada,Mineral,14,0,0,38.53841696,-118.4344506,32021.0,310.7658157602664,0.0,14,14,0,0,14,14,4514,0,0,0,0,0
2020-10-21,US,Nevada,Nye,588,16,0,38.04264256,-116.47227020000001,32023.0,1263.8909786557188,2.7210884353741496,572,585,16,0,569,581,45346,3,0,0,3,4
2020-10-21,US,Nevada,Pershing,23,0,0,40.44003782,-118.40056409999998,32027.0,342.00743494423784,0.0,23,25,0,0,25,23,6666,-2,0,0,-2,2
2020-10-21,US,Nevada,Storey,21,0,0,39.44875482,-119.5250207,32029.0,509.3378607809847,0.0,21,20,0,0,20,20,4029,1,0,0,1,0
2020-10-21,US,Nevada,Washoe,11694,186,0,40.66562265,-119.6631594,32031.0,2480.069732078665,1.590559261159569,11508,11551,186,0,11365,11444,465735,143,0,0,143,107
2020-10-21,US,Nevada,White Pine,105,1,0,39.44157041,-114.89996599999999,32033.0,1096.0334029227558,0.9523809523809524,104,104,1,0,103,93,9475,1,0,0,1,11
2020-10-21,US,New Hampshire,Belknap,202,5,0,43.51637314,-71.41684235,33001.0,329.51079066277345,2.4752475247524752,197,195,5,0,190,192,61022,7,0,0,7,3
2020-10-21,US,New Hampshire,Carroll,137,2,0,43.87498583,-71.20430216,33003.0,280.1063177264363,1.45985401459854,135,136,2,0,134,135,48779,1,0,0,1,1
2020-10-21,US,New Hampshire,Cheshire,176,3,0,42.92015988,-72.25311043,33005.0,231.32023394887298,1.7045454545454546,173,176,3,0,173,174,76493,0,0,0,0,2
2020-10-21,US,New Hampshire,Coos,34,0,0,44.69063265,-71.30633239,33007.0,107.72106580489815,0.0,34,34,0,0,34,34,31589,0,0,0,0,0
2020-10-21,US,New Hampshire,Grafton,187,1,0,43.93779815,-71.82057197,33009.0,208.04129675366573,0.5347593582887701,186,185,1,0,184,183,89786,2,0,0,2,2
2020-10-21,US,New Hampshire,Hillsborough,5196,312,0,42.91537785,-71.7200253,33011.0,1245.9684671182786,6.0046189376443415,4884,5170,311,0,4859,5139,415247,26,1,0,25,31
2020-10-21,US,New Hampshire,Merrimack,807,26,0,43.29662971,-71.6811573,33013.0,533.0567867310474,3.2218091697645597,781,788,26,0,762,775,151132,19,0,0,19,13
2020-10-21,US,New Hampshire,Rockingham,2426,105,0,42.98499744,-71.12883377,33015.0,783.1642288285788,4.328112118713931,2321,2405,105,0,2300,2382,309176,21,0,0,21,23
2020-10-21,US,New Hampshire,Strafford,665,14,0,43.291833000000004,-71.02336013,33017.0,509.0597322269258,2.1052631578947367,651,658,14,0,644,650,130090,7,0,0,7,8
2020-10-21,US,New Hampshire,Sullivan,70,1,0,43.36094111,-72.22203125,33019.0,162.2398368330784,1.4285714285714286,69,68,1,0,67,68,43144,2,0,0,2,0
2020-10-21,US,New Hampshire,Unassigned,17,0,0,0.0,0.0,90033.0,0.0,0.0,17,13,0,0,13,14,,4,0,0,4,-1
2020-10-21,US,New Jersey,Atlantic,4816,264,0,39.47538693,-74.65848483,34001.0,1826.525581218948,5.48172757475083,4552,4779,264,0,4515,4753,265429,37,0,0,37,26
2020-10-21,US,New Jersey,Bergen,24066,2055,0,40.96010917,-74.07164325,34003.0,2581.6293035200524,8.539017701321367,22011,23945,2053,0,21892,23845,936692,121,2,0,119,100
2020-10-21,US,New Jersey,Burlington,7978,508,0,39.87681124,-74.66927768,34005.0,1791.4040449175816,6.3675106542993225,7470,7928,507,0,7421,7885,445384,50,1,0,49,43
2020-10-21,US,New Jersey,Camden,11007,620,0,39.80343818,-74.96388753,34007.0,2173.273494435022,5.6327791405469245,10387,10946,618,0,10328,10908,507078,61,2,0,59,38
2020-10-21,US,New Jersey,Cape May,1080,100,0,39.15008829,-74.80170244,34009.0,1173.4156172926696,9.25925925925926,980,1080,99,0,981,1077,92560,0,1,0,-1,3
2020-10-21,US,New Jersey,Cumberland,3933,161,0,39.37199394,-75.10712559,34011.0,2630.294194359547,4.093567251461988,3772,3924,161,0,3763,3914,150972,9,0,0,9,10
2020-10-21,US,New Jersey,Essex,22877,2137,0,40.78681335,-74.24657979,34013.0,2863.293594918489,9.341259780565633,20740,22735,2136,0,20599,22625,799767,142,1,0,141,110
2020-10-21,US,New Jersey,Gloucester,5261,238,0,39.71581067,-75.13995546,34015.0,1803.961102195888,4.523854780459988,5023,5240,236,0,5004,5210,291408,21,2,0,19,30
2020-10-21,US,New Jersey,Hudson,22004,1524,0,40.73766234,-74.07515667,34017.0,3272.50067297153,6.9260134520996175,20480,21886,1525,0,20361,21810,676061,118,-1,0,119,76
2020-10-21,US,New Jersey,Hunterdon,1505,126,0,40.56335249,-74.91284156,34019.0,1210.0891686968828,8.372093023255816,1379,1497,126,0,1371,1494,124714,8,0,0,8,3
2020-10-21,US,New Jersey,Mercer,9031,638,0,40.28047017,-74.70479631,34021.0,2457.8831342024328,7.064555420219245,8393,9005,638,0,8367,8975,369811,26,0,0,26,30
2020-10-21,US,New Jersey,Middlesex,21229,1441,0,40.43629879,-74.41426991,34023.0,2573.018754954173,6.787884497621179,19788,21152,1439,0,19713,21043,829685,77,2,0,75,109
2020-10-21,US,New Jersey,Monmouth,13477,870,0,40.26549699,-74.22240686,34025.0,2177.9426142745174,6.455442605921199,12607,13439,869,0,12570,13395,621354,38,1,0,37,44
2020-10-21,US,New Jersey,Morris,8596,832,0,40.86095313,-74.54553709999998,34027.0,1747.7050696865883,9.678920428106096,7764,8529,832,0,7697,8475,494228,67,0,0,67,54
2020-10-21,US,New Jersey,Ocean,16238,1059,0,39.8895449,-74.28089251,34029.0,2674.304084745037,6.521739130434782,15179,16173,1056,0,15117,16107,601651,65,3,0,62,66
2020-10-21,US,New Jersey,Passaic,20160,1260,0,41.03238628,-74.29954144,34031.0,4017.328715530881,6.25,18900,20089,1258,0,18831,20028,503310,71,2,0,69,61
2020-10-21,US,New Jersey,Salem,1147,88,0,39.58719656,-75.34696629999998,34033.0,1838.5829927065802,7.672188317349608,1059,1146,88,0,1058,1143,62607,1,0,0,1,3
2020-10-21,US,New Jersey,Somerset,6216,592,0,40.56465737,-74.61683016,34035.0,1889.7407990660736,9.523809523809524,5624,6192,590,0,5602,6169,331164,24,2,0,22,23
2020-10-21,US,New Jersey,Sussex,1637,197,0,41.13891592,-74.69118243,34037.0,1165.2240760776722,12.034208918753814,1440,1628,197,0,1431,1623,140799,9,0,0,9,5
2020-10-21,US,New Jersey,Unassigned,404,0,0,0.0,0.0,90034.0,0.0,0.0,404,416,0,0,416,397,,-12,0,0,-12,19
2020-10-21,US,New Jersey,Union,19044,1364,0,40.65835409,-74.30680092,34039.0,3423.080448861401,7.162360848561226,17680,18949,1364,0,17585,18815,558067,95,0,0,95,134
2020-10-21,US,New Jersey,Warren,1517,171,0,40.85951833,-74.99556527,34041.0,1441.097399944902,11.272247857613714,1346,1515,171,0,1344,1514,105779,2,0,0,2,1
2020-10-21,US,New Mexico,Bernalillo,9503,188,0,35.05163625,-106.6703554,35001.0,1399.3088124207611,1.9783226349573817,9315,9218,187,0,9031,9066,678701,285,1,0,284,152
2020-10-21,US,New Mexico,Catron,9,1,0,33.91514144,-108.4046587,35003.0,255.17436915225403,11.111111111111109,8,9,1,0,8,9,3578,0,0,0,0,0
2020-10-21,US,New Mexico,Chaves,1816,18,0,33.36406072,-104.4665365,35005.0,2810.4929196007124,0.9911894273127754,1798,1791,17,0,1774,1766,64689,25,1,0,24,25
2020-10-21,US,New Mexico,Cibola,520,21,0,34.91131525,-107.998876,35006.0,1949.3908153701968,4.038461538461538,499,507,21,0,486,498,26746,13,0,0,13,9
2020-10-21,US,New Mexico,Colfax,41,1,0,36.60569702,-104.64726740000002,35007.0,343.3548279038607,2.4390243902439024,40,41,1,0,40,41,12110,0,0,0,0,0
2020-10-21,US,New Mexico,Curry,1367,10,0,34.57421077,-103.34688759999999,35009.0,2792.417371409895,0.731528895391368,1357,1338,9,0,1329,1293,49437,29,1,0,28,45
2020-10-21,US,New Mexico,De Baca,1,0,0,34.34274529,-104.4117842,35011.0,57.20823798627003,0.0,1,1,0,0,1,1,1781,0,0,0,0,0
2020-10-21,US,New Mexico,Dona Ana,5073,64,0,32.35275771,-106.83293870000001,35013.0,2324.9845321845137,1.2615809185886064,5009,4902,63,0,4839,4765,217522,171,1,0,170,137
2020-10-21,US,New Mexico,Eddy,1256,19,0,32.47167456,-104.3053527,35015.0,2148.477591515566,1.5127388535031847,1237,1214,19,0,1195,1193,57900,42,0,0,42,21
2020-10-21,US,New Mexico,Grant,171,3,0,32.73911281,-108.3827845,35017.0,633.3802503889177,1.7543859649122806,168,169,2,0,167,168,27346,2,1,0,1,1
2020-10-21,US,New Mexico,Guadalupe,38,1,0,34.86319296,-104.790669,35019.0,883.7209302325581,2.631578947368421,37,37,1,0,36,37,4341,1,0,0,1,0
2020-10-21,US,New Mexico,Harding,1,0,0,35.85751555,-103.82209379999999,35021.0,160.0,0.0,1,1,0,0,1,1,655,0,0,0,0,0
2020-10-21,US,New Mexico,Hidalgo,112,2,0,31.91383467,-108.7151824,35023.0,2667.93711291091,1.7857142857142858,110,112,2,0,110,111,4240,0,0,0,0,1
2020-10-21,US,New Mexico,Lea,1893,28,0,32.79215361,-103.4123733,35025.0,2663.5711270578304,1.479133650290544,1865,1855,28,0,1827,1837,69611,38,0,0,38,18
2020-10-21,US,New Mexico,Lincoln,315,4,0,33.74526079,-105.4586166,35027.0,1609.4420600858368,1.2698412698412698,311,309,4,0,305,307,19556,6,0,0,6,2
2020-10-21,US,New Mexico,Los Alamos,40,0,0,35.86631386,-106.31349850000001,35028.0,206.5155661107956,0.0,40,40,0,0,40,38,19101,0,0,0,0,2
2020-10-21,US,New Mexico,Luna,661,11,0,32.18179341,-107.75088259999998,35029.0,2787.970812771521,1.6641452344931922,650,648,10,0,638,631,23963,13,1,0,12,17
2020-10-21,US,New Mexico,McKinley,4502,261,0,35.58007720000001,-108.262245,35031.0,6308.237700898174,5.79742336739227,4241,4492,261,0,4231,4476,72290,10,0,0,10,16
2020-10-21,US,New Mexico,Mora,14,0,0,36.01095101,-104.9497716,35033.0,309.66600309666,0.0,14,14,0,0,14,14,4506,0,0,0,0,0
2020-10-21,US,New Mexico,Otero,411,13,0,32.61348406,-105.7417604,35035.0,608.9791080160023,3.1630170316301705,398,395,13,0,382,366,66781,16,0,0,16,29
2020-10-21,US,New Mexico,Quay,95,2,0,35.10403332,-103.54817270000001,35037.0,1151.0965709438992,2.1052631578947367,93,93,2,0,91,87,8253,2,0,0,2,6
2020-10-21,US,New Mexico,Rio Arriba,460,15,0,36.51072137,-106.69316740000001,35039.0,1181.8812466277843,3.260869565217391,445,457,15,0,442,454,39006,3,0,0,3,3
2020-10-21,US,New Mexico,Roosevelt,402,7,0,34.02097406,-103.4799493,35041.0,2172.972972972973,1.7412935323383083,395,392,7,0,385,389,18743,10,0,0,10,3
2020-10-21,US,New Mexico,San Juan,3653,203,0,36.50838318,-108.32043700000001,35045.0,2946.965907807484,5.557076375581714,3450,3629,203,0,3426,3599,125043,24,0,0,24,30
2020-10-21,US,New Mexico,San Miguel,151,0,0,35.48014807,-104.8163562,35047.0,553.5799391428677,0.0,151,150,0,0,150,147,27591,1,0,0,1,3
2020-10-21,US,New Mexico,Sandoval,1772,45,0,35.68862401,-106.86878030000001,35043.0,1207.5121977812305,2.539503386004515,1727,1748,44,0,1704,1730,145179,24,1,0,23,18
2020-10-21,US,New Mexico,Santa Fe,1474,13,0,35.50708973,-105.9774716,35049.0,980.3269530054936,0.8819538670284939,1461,1411,12,0,1399,1379,150056,63,1,0,62,32
2020-10-21,US,New Mexico,Sierra,80,1,0,33.13028233,-107.1925893,35051.0,741.3585395236771,1.25,79,76,1,0,75,75,10968,4,0,0,4,1
2020-10-21,US,New Mexico,Socorro,191,8,0,34.00715494,-106.9298354,35053.0,1148.0435174610807,4.18848167539267,183,188,8,0,180,183,16735,3,0,0,3,5
2020-10-21,US,New Mexico,Taos,181,4,0,36.58006022,-105.63101979999999,35055.0,553.1277694587906,2.209944751381216,177,175,4,0,171,174,32835,6,0,0,6,1
2020-10-21,US,New Mexico,Torrance,93,1,0,34.64048375,-105.8508949,35057.0,601.5134855442727,1.075268817204301,92,93,1,0,92,93,15591,0,0,0,0,0
2020-10-21,US,New Mexico,Unassigned,1577,0,0,0.0,0.0,90035.0,0.0,0.0,1577,1565,0,0,1565,1563,,12,0,0,12,2
2020-10-21,US,New Mexico,Union,39,2,0,36.48126404,-103.4709624,35059.0,960.8277900960827,5.128205128205129,37,39,2,0,37,38,4118,0,0,0,0,1
2020-10-21,US,New Mexico,Valencia,803,4,0,34.71669834,-106.8103733,35061.0,1047.099937408721,0.49813200498132,799,787,4,0,783,773,76456,16,0,0,16,14
2020-10-21,US,New York,Albany,3460,136,0,42.60060306,-73.97723916,36001.0,1132.5473149463512,3.9306358381502884,3324,3436,136,0,3300,3427,307117,24,0,0,24,9
2020-10-21,US,New York,Allegany,224,1,0,42.25748406,-78.02750466,36003.0,485.99509665661407,0.44642857142857145,223,220,1,0,219,212,46430,4,0,0,4,8
2020-10-21,US,New York,Bronx,54628,4980,0,40.85209301,-73.86282755,36005.0,3851.905962951812,9.116204144394816,49648,54523,4980,0,49543,54472,1432132,105,0,0,105,51
2020-10-21,US,New York,Broome,3060,83,0,42.15903158,-75.81326086,36007.0,1606.4004031750032,2.7124183006535953,2977,3003,83,0,2920,2927,191659,57,0,0,57,76
2020-10-21,US,New York,Cattaraugus,434,6,0,42.24778241,-78.67923096,36009.0,570.1748623829105,1.3824884792626728,428,417,6,0,411,406,76840,17,0,0,17,11
2020-10-21,US,New York,Cayuga,332,2,0,42.91261714,-76.55731592,36011.0,433.5562055996657,0.6024096385542169,330,302,2,0,300,294,77145,30,0,0,30,8
2020-10-21,US,New York,Chautauqua,845,13,0,42.22769210000001,-79.36691763,36013.0,665.8629031622578,1.5384615384615383,832,805,13,0,792,799,127939,40,0,0,40,6
2020-10-21,US,New York,Chemung,1381,3,0,42.13891056,-76.7638805,36015.0,1654.7641871165647,0.2172338884866039,1378,1332,3,0,1329,1292,84254,49,0,0,49,40
2020-10-21,US,New York,Chenango,337,7,0,42.49430041,-75.60887553,36017.0,713.8771792318936,2.0771513353115734,330,331,7,0,324,330,47536,6,0,0,6,1
2020-10-21,US,New York,Clinton,220,5,0,44.74530905,-73.67875352,36019.0,273.3428589178108,2.272727272727273,215,215,5,0,210,199,80695,5,0,0,5,16
2020-10-21,US,New York,Columbia,659,38,0,42.24819348,-73.63089095,36021.0,1108.2894670456265,5.766312594840668,621,657,38,0,619,651,59916,2,0,0,2,6
2020-10-21,US,New York,Cortland,451,0,0,42.59509207,-76.07048931,36023.0,947.8573380130723,0.0,451,436,0,0,436,416,47823,15,0,0,15,20
2020-10-21,US,New York,Delaware,161,7,0,42.19837623,-74.96709306,36025.0,364.78984932593175,4.3478260869565215,154,159,7,0,152,159,44527,2,0,0,2,0
2020-10-21,US,New York,Dutchess,5366,163,0,41.76486060000001,-73.74356679,36027.0,1823.8177133961888,3.0376444278792407,5203,5355,163,0,5192,5340,293718,11,0,0,11,15
2020-10-21,US,New York,Erie,12574,708,0,42.76249024,-78.73063652,36029.0,1368.670145487873,5.630666454588834,11866,12513,708,0,11805,12468,919719,61,0,0,61,45
2020-10-21,US,New York,Essex,194,0,0,44.11630765,-73.77297842,36031.0,525.9590619493019,0.0,194,194,0,0,194,194,37300,0,0,0,0,0
2020-10-21,US,New York,Franklin,78,0,0,44.59040891,-74.29926032,36033.0,155.93139018831715,0.0,78,77,0,0,77,77,50293,1,0,0,1,0
2020-10-21,US,New York,Fulton,360,24,0,43.11363907,-74.41798804,36035.0,674.3719910833038,6.666666666666668,336,360,24,0,336,359,53591,0,0,0,0,1
2020-10-21,US,New York,Genesee,372,5,0,43.0022601,-78.19135193,36037.0,649.4413407821229,1.3440860215053765,367,371,5,0,366,371,57511,1,0,0,1,0
2020-10-21,US,New York,Greene,482,18,0,42.275797,-74.12384884,36039.0,1021.4461303721286,3.734439834024896,464,477,18,0,459,474,47491,5,0,0,5,3
2020-10-21,US,New York,Hamilton,16,0,0,43.66146647,-74.49721957,36041.0,362.3188405797102,0.0,16,16,0,0,16,16,4434,0,0,0,0,0
2020-10-21,US,New York,Herkimer,374,10,0,43.42034246,-74.96145307,36043.0,609.9251455503188,2.6737967914438503,364,371,10,0,361,370,61833,3,0,0,3,1
2020-10-21,US,New York,Jefferson,193,0,0,44.04200959,-75.94653457,36045.0,175.7197224903036,0.0,193,192,0,0,192,191,111755,1,0,0,1,1
2020-10-21,US,New York,Kings,73766,7374,0,40.636182500000004,-73.94935552,36047.0,2881.593560380999,9.996475340942984,66392,73433,7373,0,66060,73263,2582830,333,1,0,332,170
2020-10-21,US,New York,Lewis,62,0,0,43.784415700000004,-75.44903992,36049.0,235.77730453300882,0.0,62,57,0,0,57,56,26447,5,0,0,5,1
2020-10-21,US,New York,Livingston,256,8,0,42.72596275,-77.77966158,36051.0,406.90466350891694,3.125,248,250,8,0,242,243,63227,6,0,0,6,7
2020-10-21,US,New York,Madison,541,17,0,42.91653905,-75.67266639,36053.0,762.605545453264,3.1423290203327165,524,537,17,0,520,536,70795,4,0,0,4,1
2020-10-21,US,New York,Monroe,6850,300,0,43.14638895,-77.69322942,36055.0,923.4668428218988,4.37956204379562,6550,6798,300,0,6498,6744,742474,52,0,0,52,54
2020-10-21,US,New York,Montgomery,257,4,0,42.90123494,-74.44011632,36057.0,522.1348611365066,1.5564202334630348,253,256,4,0,252,255,49455,1,0,0,1,1
2020-10-21,US,New York,Nassau,48864,2204,0,40.74066522,-73.58941873,36059.0,3601.0859856557922,4.510478061558612,46660,48731,2204,0,46527,48657,1358343,133,0,0,133,74
2020-10-21,US,New York,New York,35249,3192,0,40.76727260000001,-73.97152637,36061.0,2164.233446674845,9.055576044710488,32057,35125,3192,0,31933,35054,,124,0,0,124,71
2020-10-21,US,New York,Niagara,1986,101,0,43.19898042,-78.74777412,36063.0,948.9633554885536,5.085599194360523,1885,1968,101,0,1867,1961,210433,18,0,0,18,7
2020-10-21,US,New York,Oneida,2617,128,0,43.24375382,-75.43710392,36065.0,1144.4389537807592,4.8910966755827285,2489,2599,128,0,2471,2594,229577,18,0,0,18,5
2020-10-21,US,New York,Onondaga,5121,207,0,43.00491923,-76.19971155,36067.0,1111.9845047423826,4.042179261862917,4914,5052,207,0,4845,5021,461809,69,0,0,69,31
2020-10-21,US,New York,Ontario,603,35,0,42.85145728,-77.30874425,36069.0,549.2953897446641,5.804311774461027,568,598,35,0,563,586,109864,5,0,0,5,12
2020-10-21,US,New York,Orange,13258,502,0,41.40337468,-74.30240757,36071.0,3444.173117888502,3.7863931211344095,12756,13218,502,0,12716,13182,381951,40,0,0,40,36
2020-10-21,US,New York,Orleans,376,54,0,43.2516977,-78.2320066,36073.0,931.8001586042824,14.361702127659573,322,368,54,0,314,363,40612,8,0,0,8,5
2020-10-21,US,New York,Oswego,599,4,0,43.42778894,-76.14635194,36075.0,511.42379017110085,0.667779632721202,595,594,4,0,590,587,117898,5,0,0,5,7
2020-10-21,US,New York,Otsego,369,5,0,42.63492579,-75.03151402,36077.0,620.2410367606273,1.3550135501355014,364,368,5,0,363,367,59749,1,0,0,1,1
2020-10-21,US,New York,Putnam,1755,63,0,41.42630093,-73.74965532,36079.0,1784.987794955248,3.58974358974359,1692,1752,63,0,1689,1739,98892,3,0,0,3,13
2020-10-21,US,New York,Queens,75543,7288,0,40.71088124,-73.81684712,36081.0,3351.7195848185643,9.64748553803794,68255,75344,7288,0,68056,75236,2278906,199,0,0,199,108
2020-10-21,US,New York,Rensselaer,1047,42,0,42.71348136,-73.51089874,36083.0,659.6771551343928,4.011461318051576,1005,1040,42,0,998,1034,159442,7,0,0,7,6
2020-10-21,US,New York,Richmond,16860,1092,0,40.58582155,-74.14808598,36085.0,3540.953033017392,6.476868327402135,15768,16782,1091,0,15691,16746,476179,78,1,0,77,36
2020-10-21,US,New York,Rockland,17453,680,0,41.15027894,-74.02560498,36087.0,5357.148338341687,3.896178307454306,16773,17269,680,0,16589,17207,325695,184,0,0,184,62
2020-10-21,US,New York,Saratoga,1229,17,0,43.10904162,-73.86653895,36091.0,534.6663012316031,1.3832384052074858,1212,1219,17,0,1202,1213,230163,10,0,0,10,6
2020-10-21,US,New York,Schenectady,1516,50,0,42.81668777,-74.05278291,36093.0,976.1814306595663,3.298153034300792,1466,1510,50,0,1460,1507,155350,6,0,0,6,3
2020-10-21,US,New York,Schoharie,101,0,0,42.58831742,-74.44339029999998,36095.0,325.81696183747863,0.0,101,101,0,0,101,100,31097,0,0,0,0,1
2020-10-21,US,New York,Schuyler,104,0,0,42.39184015,-76.8773299,36097.0,584.0399842758468,0.0,104,100,0,0,100,93,17912,4,0,0,4,7
2020-10-21,US,New York,Seneca,131,3,0,42.78081007,-76.82497064,36099.0,385.1128880526811,2.2900763358778624,128,128,3,0,125,128,34300,3,0,0,3,0
2020-10-21,US,New York,St. Lawrence,372,4,0,44.4976179,-75.06550039,36089.0,345.27566363467605,1.075268817204301,368,368,4,0,364,363,108047,4,0,0,4,5
2020-10-21,US,New York,Steuben,898,57,0,42.2689144,-77.3829924,36101.0,941.507040333826,6.3474387527839635,841,884,57,0,827,873,95796,14,0,0,14,11
2020-10-21,US,New York,Suffolk,48234,2016,0,40.88320119,-72.8012172,36103.0,3266.5560974156188,4.179624331384502,46218,48121,2016,0,46105,48080,1481093,113,0,0,113,41
2020-10-21,US,New York,Sullivan,1694,48,0,41.71579493,-74.76394559,36105.0,2245.7312546399407,2.833530106257379,1646,1682,48,0,1634,1680,75498,12,0,0,12,2
2020-10-21,US,New York,Tioga,478,25,0,42.16852837,-76.30835812,36107.0,991.6395245109227,5.2301255230125525,453,459,25,0,434,448,48560,19,0,0,19,11
2020-10-21,US,New York,Tompkins,563,0,0,42.44945765,-76.47229843,36109.0,550.9884517518105,0.0,563,556,0,0,556,548,102793,7,0,0,7,8
2020-10-21,US,New York,Ulster,2428,95,0,41.89027881,-74.26252104,36111.0,1367.324987469942,3.912685337726524,2333,2419,95,0,2324,2415,178599,9,0,0,9,4
2020-10-21,US,New York,Unassigned,0,23,0,0.0,0.0,90036.0,0.0,0.0,-23,0,20,0,-20,0,,0,3,0,-3,0
2020-10-21,US,New York,Warren,441,33,0,43.56173026,-73.8433699,36113.0,689.6659577129988,7.482993197278912,408,439,33,0,406,438,64265,2,0,0,2,1
2020-10-21,US,New York,Washington,326,14,0,43.31153794,-73.43043448,36115.0,532.6449251682898,4.294478527607362,312,326,14,0,312,326,61197,0,0,0,0,0
2020-10-21,US,New York,Wayne,393,5,0,43.15494365,-77.02976528,36117.0,437.06488133632865,1.272264631043257,388,386,5,0,381,383,90064,7,0,0,7,3
2020-10-21,US,New York,Westchester,39694,1460,0,41.16278376,-73.75741653,36119.0,4102.713574902895,3.6781377538166984,38234,39616,1460,0,38156,39548,967612,78,0,0,78,68
2020-10-21,US,New York,Wyoming,172,5,0,42.70145109,-78.22199579,36121.0,431.5211119195163,2.9069767441860463,167,167,5,0,162,167,40085,5,0,0,5,0
2020-10-21,US,New York,Yates,99,7,0,42.63505484,-77.10369919,36123.0,397.38289246578086,7.070707070707071,92,98,7,0,91,94,24841,1,0,0,1,4
2020-10-21,US,North Carolina,Alamance,4852,72,0,36.0434701,-79.39976137,37001.0,2862.384888118035,1.483924154987634,4780,4828,72,0,4756,4815,166436,24,0,0,24,13
2020-10-21,US,North Carolina,Alexander,741,9,0,35.922379600000006,-81.17751948,37003.0,1976.158092647412,1.214574898785425,732,730,9,0,721,706,37353,11,0,0,11,24
2020-10-21,US,North Carolina,Alleghany,271,1,0,36.49360862,-81.12857041,37005.0,2433.3303403070845,0.3690036900369004,270,270,1,0,269,269,11161,1,0,0,1,1
2020-10-21,US,North Carolina,Anson,702,9,0,34.97403241,-80.09953279,37007.0,2871.6354413810027,1.2820512820512822,693,699,8,0,691,696,24877,3,1,0,2,3
2020-10-21,US,North Carolina,Ashe,370,1,0,36.43296207,-81.49862729,37009.0,1360.144101753483,0.2702702702702703,369,370,1,0,369,367,27109,0,0,0,0,3
2020-10-21,US,North Carolina,Avery,581,0,0,36.07569796,-81.92308483,37011.0,3309.2213931765114,0.0,581,579,0,0,579,574,17505,2,0,0,2,5
2020-10-21,US,North Carolina,Beaufort,1281,37,0,35.48531943,-76.84325809,37013.0,2725.879899561646,2.8883684621389536,1244,1268,35,0,1233,1254,47079,13,2,0,11,14
2020-10-21,US,North Carolina,Bertie,703,19,0,36.0688473,-76.96545943,37015.0,3710.349923470734,2.702702702702702,684,695,16,0,679,692,19026,8,3,0,5,3
2020-10-21,US,North Carolina,Bladen,1060,19,0,34.61296243,-78.56180059,37017.0,3239.4107939612486,1.7924528301886793,1041,1050,19,0,1031,1042,33190,10,0,0,10,8
2020-10-21,US,North Carolina,Brunswick,2079,35,0,34.070565,-78.22814204,37019.0,1455.678476403865,1.6835016835016836,2044,2046,35,0,2011,2033,136744,33,0,0,33,13
2020-10-21,US,North Carolina,Buncombe,3815,99,0,35.61113393,-82.53305,37021.0,1460.6169431565406,2.5950196592398433,3716,3800,98,0,3702,3784,259103,15,1,0,14,16
2020-10-21,US,North Carolina,Burke,2525,46,0,35.74989637,-81.70755735,37023.0,2790.517765375477,1.8217821782178216,2479,2510,46,0,2464,2503,90382,15,0,0,15,7
2020-10-21,US,North Carolina,Cabarrus,4660,87,0,35.3877799,-80.55267168,37025.0,2152.8923138048444,1.8669527896995708,4573,4638,86,0,4552,4607,211342,22,1,0,21,31
2020-10-21,US,North Carolina,Caldwell,2227,19,0,35.95204977,-81.54799522,37027.0,2709.9710384774507,0.8531656937584194,2208,2222,19,0,2203,2191,82029,5,0,0,5,31
2020-10-21,US,North Carolina,Camden,133,3,0,36.33804939,-76.15568396,37029.0,1223.8888377657127,2.255639097744361,130,133,3,0,130,133,10710,0,0,0,0,0
2020-10-21,US,North Carolina,Carteret,1016,5,0,34.8932941,-76.54120135,37031.0,1462.438645229082,0.4921259842519685,1011,1009,5,0,1004,997,69524,7,0,0,7,12
2020-10-21,US,North Carolina,Caswell,577,5,0,36.39312665,-79.33353281,37033.0,2552.6455494602724,0.8665511265164645,572,573,5,0,568,569,22698,4,0,0,4,4
2020-10-21,US,North Carolina,Catawba,4055,59,0,35.66211129,-81.2132617,37035.0,2541.507104311474,1.4549938347718865,3996,4013,59,0,3954,3952,158652,42,0,0,42,61
2020-10-21,US,North Carolina,Chatham,1873,60,0,35.70394416,-79.25541492,37037.0,2515.106754397744,3.203416978109984,1813,1867,60,0,1807,1865,73139,6,0,0,6,2
2020-10-21,US,North Carolina,Cherokee,738,12,0,35.1349263,-84.05970864,37039.0,2579.3373409758137,1.6260162601626016,726,738,12,0,726,733,28383,0,0,0,0,5
2020-10-21,US,North Carolina,Chowan,496,10,0,36.12908077,-76.60118385,37041.0,3557.340601018432,2.0161290322580645,486,493,10,0,483,491,14029,3,0,0,3,2
2020-10-21,US,North Carolina,Clay,186,3,0,35.05704275,-83.74353633,37043.0,1656.130353485887,1.6129032258064515,183,185,3,0,182,181,11139,1,0,0,1,4
2020-10-21,US,North Carolina,Cleveland,2956,81,0,35.33553364,-81.55204486,37045.0,3017.9586919456437,2.7401894451962105,2875,2914,76,0,2838,2864,97645,42,5,0,37,50
2020-10-21,US,North Carolina,Columbus,1603,59,0,34.26744084,-78.65801424,37047.0,2887.872018447791,3.6805988771054268,1544,1591,59,0,1532,1583,55655,12,0,0,12,8
2020-10-21,US,North Carolina,Craven,2189,56,0,35.11833364,-77.08398081,37049.0,2143.1578535133494,2.5582457743261764,2133,2170,55,0,2115,2122,102912,19,1,0,18,48
2020-10-21,US,North Carolina,Cumberland,6647,91,0,35.04762133,-78.82623165,37051.0,1981.1689105210287,1.369038664058974,6556,6594,91,0,6503,6548,332330,53,0,0,53,46
2020-10-21,US,North Carolina,Currituck,220,4,0,36.36123664,-75.95876401,37053.0,792.4215682743219,1.818181818181818,216,219,4,0,215,216,27072,1,0,0,1,3
2020-10-21,US,North Carolina,Dare,344,3,0,35.66520691,-75.71767334,37055.0,929.5036342511279,0.8720930232558141,341,341,3,0,338,337,36501,3,0,0,3,4
2020-10-21,US,North Carolina,Davidson,3509,43,0,35.79115496,-80.21256572,37057.0,2093.5629948272467,1.2254203476774008,3466,3484,42,0,3442,3464,166614,25,1,0,24,20
2020-10-21,US,North Carolina,Davie,722,7,0,35.93099927,-80.54496571,37059.0,1685.104793913084,0.969529085872576,715,713,6,0,707,708,42733,9,1,0,8,5
2020-10-21,US,North Carolina,Duplin,2687,54,0,34.93449805,-77.93140529,37061.0,4574.317767828263,2.0096762188314106,2633,2673,54,0,2619,2664,58856,14,0,0,14,9
2020-10-21,US,North Carolina,Durham,8652,99,0,36.03638492,-78.87608331,37063.0,2691.2357537450853,1.144244105409154,8553,8631,98,0,8533,8590,316739,21,1,0,20,41
2020-10-21,US,North Carolina,Edgecombe,1837,52,0,35.91230639,-77.59436892,37065.0,3568.930680758471,2.8307022318998367,1785,1816,52,0,1764,1803,52005,21,0,0,21,13
2020-10-21,US,North Carolina,Forsyth,8264,114,0,36.12859861,-80.25459052,37067.0,2161.68142403118,1.3794772507260409,8150,8201,114,0,8087,8155,379099,63,0,0,63,46
2020-10-21,US,North Carolina,Franklin,1386,31,0,36.081519,-78.28708884,37069.0,1988.9502762430936,2.236652236652237,1355,1376,31,0,1345,1374,67560,10,0,0,10,2
2020-10-21,US,North Carolina,Gaston,6881,107,0,35.29373559,-81.17477045,37071.0,3064.637530118604,1.5550065397471298,6774,6786,104,0,6682,6721,222846,95,3,0,92,65
2020-10-21,US,North Carolina,Gates,164,3,0,36.44667547,-76.69749701,37073.0,1418.4397163120568,1.8292682926829267,161,162,3,0,159,162,11573,2,0,0,2,0
2020-10-21,US,North Carolina,Graham,237,7,0,35.3506925,-83.83369267,37075.0,2807.724203293449,2.9535864978902957,230,235,7,0,228,232,8484,2,0,0,2,3
2020-10-21,US,North Carolina,Granville,1926,50,0,36.30337451,-78.65184241,37077.0,3186.4732061611767,2.5960539979231565,1876,1921,50,0,1871,1915,60115,5,0,0,5,6
2020-10-21,US,North Carolina,Greene,889,12,0,35.48544173,-77.67578087,37079.0,4219.469362570601,1.3498312710911136,877,882,12,0,870,854,21012,7,0,0,7,28
2020-10-21,US,North Carolina,Guilford,10619,196,0,36.07959451,-79.78824948,37081.0,1976.826875463072,1.8457481872116017,10423,10571,195,0,10376,10514,533670,48,1,0,47,57
2020-10-21,US,North Carolina,Halifax,1297,25,0,36.25669272,-77.6556109,37083.0,2593.481303739253,1.927525057825752,1272,1285,25,0,1260,1278,50574,12,0,0,12,7
2020-10-21,US,North Carolina,Harnett,2762,68,0,35.36731853,-78.87243571,37085.0,2031.2408072012709,2.4619840695148443,2694,2736,68,0,2668,2717,134214,26,0,0,26,19
2020-10-21,US,North Carolina,Haywood,692,36,0,35.55269063,-82.98196486,37087.0,1110.4514017041902,5.202312138728324,656,689,36,0,653,690,61971,3,0,0,3,-1
2020-10-21,US,North Carolina,Henderson,2367,65,0,35.33788927,-82.4766782,37089.0,2015.8920769564886,2.7460920997042675,2302,2356,64,0,2292,2346,116748,11,1,0,10,10
2020-10-21,US,North Carolina,Hertford,845,34,0,36.3607755,-76.98104134,37091.0,3568.8642986864893,4.023668639053255,811,844,34,0,810,845,23659,1,0,0,1,-1
2020-10-21,US,North Carolina,Hoke,1478,24,0,35.01888303,-79.23651674,37093.0,2675.888039975377,1.6238159675236807,1454,1462,24,0,1438,1460,54764,16,0,0,16,2
2020-10-21,US,North Carolina,Hyde,175,5,0,35.42017674,-76.15180542,37095.0,3544.6627506582945,2.8571428571428568,170,174,5,0,169,174,5230,1,0,0,1,0
2020-10-21,US,North Carolina,Iredell,3619,34,0,35.80950511,-80.8743128,37097.0,1990.5833690857287,0.9394860458690246,3585,3591,34,0,3557,3559,178435,28,0,0,28,32
2020-10-21,US,North Carolina,Jackson,910,7,0,35.28814273,-83.14093385,37099.0,2071.10018662661,0.7692307692307693,903,865,7,0,858,853,43327,45,0,0,45,12
2020-10-21,US,North Carolina,Johnston,5238,60,0,35.51745004,-78.36622717,37101.0,2502.161565690101,1.145475372279496,5178,5206,60,0,5146,5183,202675,32,0,0,32,23
2020-10-21,US,North Carolina,Jones,176,15,0,35.02254606,-77.35870791,37103.0,1868.5635417772587,8.522727272727273,161,173,15,0,158,174,9637,3,0,0,3,-1
2020-10-21,US,North Carolina,Lee,1987,18,0,35.47623147,-79.17569362,37105.0,3216.303274575503,0.9058882737795672,1969,1971,16,0,1955,1959,61452,16,2,0,14,12
2020-10-21,US,North Carolina,Lenoir,1311,38,0,35.24032589999999,-77.64245615,37107.0,2343.205419221076,2.898550724637681,1273,1302,37,0,1265,1291,55976,9,1,0,8,11
2020-10-21,US,North Carolina,Lincoln,2206,16,0,35.48508185,-81.21740317,37109.0,2561.809757173881,0.7252946509519492,2190,2177,16,0,2161,2164,83770,29,0,0,29,13
2020-10-21,US,North Carolina,Macon,709,7,0,35.14867843,-83.41696617,37113.0,1977.2435718668078,0.9873060648801129,702,707,7,0,700,704,35285,2,0,0,2,3
2020-10-21,US,North Carolina,Madison,161,1,0,35.85402722,-82.71346418,37115.0,740.0597563778442,0.6211180124223602,160,159,1,0,158,154,21763,2,0,0,2,5
2020-10-21,US,North Carolina,Martin,603,16,0,35.84326734,-77.10860251,37117.0,2687.165775401069,2.6533996683250414,587,600,16,0,584,596,22671,3,0,0,3,4
2020-10-21,US,North Carolina,McDowell,1238,31,0,35.67736232,-82.0482425,37111.0,2705.656088818953,2.504038772213247,1207,1229,31,0,1198,1215,45507,9,0,0,9,14
2020-10-21,US,North Carolina,Mecklenburg,32264,376,0,35.24469268,-80.8317671,37119.0,2905.734737327488,1.165385569055294,31888,32038,376,0,31662,31820,1093901,226,0,0,226,218
2020-10-21,US,North Carolina,Mitchell,196,4,0,36.01059309,-82.1582442,37121.0,1309.810211173483,2.0408163265306123,192,192,4,0,188,189,15000,4,0,0,4,3
2020-10-21,US,North Carolina,Montgomery,1154,38,0,35.33155144,-79.90416657,37123.0,4246.862694586538,3.292894280762565,1116,1154,38,0,1116,1146,27271,0,0,0,0,8
2020-10-21,US,North Carolina,Moore,2160,40,0,35.30885257,-79.48474178,37125.0,2141.157811260904,1.851851851851852,2120,2138,38,0,2100,2129,98682,22,2,0,20,9
2020-10-21,US,North Carolina,Nash,3162,65,0,35.96575634,-77.98422508,37127.0,3353.199431589217,2.055660974067046,3097,3146,62,0,3084,3123,94016,16,3,0,13,23
2020-10-21,US,North Carolina,New Hanover,5011,37,0,34.25758282,-77.87075626,37129.0,2137.133060096472,0.7383755737377768,4974,4937,37,0,4900,4917,232274,74,0,0,74,20
2020-10-21,US,North Carolina,Northampton,530,18,0,36.41736238,-77.39769443,37131.0,2720.3202792177794,3.39622641509434,512,526,18,0,508,526,19676,4,0,0,4,0
2020-10-21,US,North Carolina,Onslow,3039,27,0,34.72607366,-77.42908179,37133.0,1535.3292445109075,0.8884501480750246,3012,2982,26,0,2956,2951,197683,57,1,0,56,31
2020-10-21,US,North Carolina,Orange,2977,58,0,36.06092947,-79.12167935,37135.0,2005.0378512352163,1.9482700705408131,2919,2967,58,0,2909,2953,146027,10,0,0,10,14
2020-10-21,US,North Carolina,Pamlico,302,2,0,35.15253315,-76.66559823,37137.0,2373.094452302373,0.6622516556291391,300,301,2,0,299,300,12670,1,0,0,1,1
2020-10-21,US,North Carolina,Pasquotank,830,33,0,36.26723798,-76.25134778,37139.0,2084.170349537967,3.975903614457832,797,825,33,0,792,823,39639,5,0,0,5,2
2020-10-21,US,North Carolina,Pender,1204,8,0,34.52265624,-77.90352133,37141.0,1909.2927370758007,0.6644518272425249,1196,1202,8,0,1194,1193,62162,2,0,0,2,9
2020-10-21,US,North Carolina,Perquimans,232,4,0,36.17847453,-76.40603143,37143.0,1723.2414766396791,1.7241379310344829,228,230,4,0,226,230,13422,2,0,0,2,0
2020-10-21,US,North Carolina,Person,588,9,0,36.38989032,-78.97217358,37145.0,1488.9845530514053,1.5306122448979589,579,582,9,0,573,577,39507,6,0,0,6,5
2020-10-21,US,North Carolina,Pitt,5902,35,0,35.59535426,-77.37353178,37147.0,3265.4280687388646,0.5930193154862758,5867,5859,35,0,5824,5837,179914,43,0,0,43,22
2020-10-21,US,North Carolina,Polk,381,11,0,35.27820615,-82.16812354,37149.0,1838.4481760277936,2.8871391076115485,370,378,11,0,367,376,20611,3,0,0,3,2
2020-10-21,US,North Carolina,Randolph,3542,60,0,35.71015088,-79.80570339,37151.0,2465.423514098575,1.693958215697346,3482,3511,60,0,3451,3493,143351,31,0,0,31,18
2020-10-21,US,North Carolina,Richmond,1364,24,0,35.00417719,-79.74491009,37153.0,3042.673269535345,1.7595307917888563,1340,1357,24,0,1333,1330,44887,7,0,0,7,27
2020-10-21,US,North Carolina,Robeson,5702,90,0,34.64244496,-79.10250529999998,37155.0,4365.167464114833,1.578393546124167,5612,5668,87,0,5581,5637,131831,34,3,0,31,31
2020-10-21,US,North Carolina,Rockingham,1766,18,0,36.39593137,-79.77504841,37157.0,1940.4461048236456,1.0192525481313703,1748,1762,17,0,1745,1749,90690,4,1,0,3,13
2020-10-21,US,North Carolina,Rowan,3970,110,0,35.64003916,-80.52446628,37159.0,2794.0431282022414,2.7707808564231735,3860,3943,110,0,3833,3927,141262,27,0,0,27,16
2020-10-21,US,North Carolina,Rutherford,1636,47,0,35.40114178,-81.92112099,37161.0,2440.7346074087336,2.8728606356968216,1589,1620,47,0,1573,1601,66826,16,0,0,16,19
2020-10-21,US,North Carolina,Sampson,2579,28,0,34.98820368,-78.36914061,37163.0,4059.435551148258,1.0856921287320669,2551,2563,28,0,2535,2548,63626,16,0,0,16,15
2020-10-21,US,North Carolina,Scotland,1576,22,0,34.8386299,-79.4757978,37165.0,4525.744479223502,1.3959390862944163,1554,1551,22,0,1529,1541,34810,25,0,0,25,10
2020-10-21,US,North Carolina,Stanly,2374,57,0,35.31647813,-80.25093221,37167.0,3779.8936407349615,2.4010109519797806,2317,2370,57,0,2313,2370,62075,4,0,0,4,0
2020-10-21,US,North Carolina,Stokes,635,8,0,36.4017975,-80.23893369,37169.0,1392.818758088219,1.2598425196850394,627,631,8,0,623,626,45467,4,0,0,4,5
2020-10-21,US,North Carolina,Surry,1661,29,0,36.41689489,-80.69102283,37171.0,2313.91833721076,1.7459361830222755,1632,1646,26,0,1620,1636,71948,15,3,0,12,10
2020-10-21,US,North Carolina,Swain,227,4,0,35.48665845,-83.48748932,37173.0,1590.6383575082336,1.7621145374449338,223,225,3,0,222,223,14245,2,1,0,1,2
2020-10-21,US,North Carolina,Transylvania,395,9,0,35.20383864,-82.79638423,37175.0,1148.7567253162715,2.278481012658228,386,393,9,0,384,389,34215,2,0,0,2,4
2020-10-21,US,North Carolina,Tyrrell,127,3,0,35.87147226,-76.17055253,37177.0,3162.3505976095616,2.3622047244094486,124,127,3,0,124,123,4131,0,0,0,0,4
2020-10-21,US,North Carolina,Unassigned,3,0,0,0.0,0.0,90037.0,0.0,0.0,3,,,,,,,,,,,
2020-10-21,US,North Carolina,Union,5698,62,0,34.98960527,-80.52955873,37179.0,2375.562309523512,1.0881010881010882,5636,5654,62,0,5592,5616,235908,44,0,0,44,38
2020-10-21,US,North Carolina,Vance,1158,46,0,36.36880673,-78.40670845,37181.0,2600.2020882452,3.972366148531952,1112,1150,46,0,1104,1147,44582,8,0,0,8,3
2020-10-21,US,North Carolina,Wake,20015,267,0,35.78879266,-78.65249174,37183.0,1800.297006281026,1.3339995003747191,19748,19952,266,0,19686,19888,1092305,63,1,0,62,64
2020-10-21,US,North Carolina,Warren,405,7,0,36.39728256,-78.10652228,37185.0,2052.607571841265,1.728395061728395,398,401,7,0,394,402,19807,4,0,0,4,-1
2020-10-21,US,North Carolina,Washington,238,8,0,35.83810081,-76.57299037,37187.0,2055.2677029360966,3.361344537815126,230,238,8,0,230,236,11859,0,0,0,0,2
2020-10-21,US,North Carolina,Watauga,1331,2,0,36.23103603,-81.70033724,37189.0,2369.2970432739376,0.15026296018031554,1329,1316,2,0,1314,1306,55945,15,0,0,15,10
2020-10-21,US,North Carolina,Wayne,4252,79,0,35.36438125,-78.00027268,37191.0,3453.2327358666785,1.8579492003762932,4173,4200,79,0,4121,4190,123248,52,0,0,52,10
2020-10-21,US,North Carolina,Wilkes,1587,37,0,36.2084135,-81.16232895,37193.0,2319.7684616733904,2.3314429741650917,1550,1569,37,0,1532,1566,68557,18,0,0,18,3
2020-10-21,US,North Carolina,Wilson,2757,62,0,35.70625477,-77.917978,37195.0,3370.37444530018,2.2488211824446864,2695,2737,62,0,2675,2719,81455,20,0,0,20,18
2020-10-21,US,North Carolina,Yadkin,940,9,0,36.16222629,-80.66239436,37197.0,2495.553136697905,0.9574468085106383,931,916,9,0,907,906,37543,24,0,0,24,10
2020-10-21,US,North Carolina,Yancey,275,0,0,35.90079156,-82.31237181,37199.0,1521.9436604128616,0.0,275,271,0,0,271,271,17903,4,0,0,4,0
2020-10-21,US,North Dakota,Adams,62,0,0,46.09686891,-102.5285397,38001.0,2797.8339350180504,0.0,62,59,0,0,59,59,2294,3,0,0,3,0
2020-10-21,US,North Dakota,Barnes,312,1,0,46.93579637,-98.06605978,38003.0,2995.6793086893904,0.3205128205128205,311,311,1,0,310,300,10542,1,0,0,1,11
2020-10-21,US,North Dakota,Benson,462,8,0,48.0683985,-99.35916363,38005.0,6762.295081967213,1.7316017316017316,454,458,8,0,450,456,6962,4,0,0,4,2
2020-10-21,US,North Dakota,Billings,32,0,0,47.02366884,-103.3762965,38007.0,3448.2758620689656,0.0,32,31,0,0,31,31,919,1,0,0,1,0
2020-10-21,US,North Dakota,Bottineau,218,16,0,48.79106111,-100.8378166,38009.0,3470.23241006049,7.339449541284404,202,211,16,0,195,206,6411,7,0,0,7,5
2020-10-21,US,North Dakota,Bowman,109,2,0,46.11285362,-103.5203343,38011.0,3604.4973544973545,1.834862385321101,107,106,2,0,104,103,3076,3,0,0,3,3
2020-10-21,US,North Dakota,Burke,55,1,0,48.79094471,-102.51821170000001,38013.0,2600.472813238771,1.818181818181818,54,51,1,0,50,46,2100,4,0,0,4,5
2020-10-21,US,North Dakota,Burleigh,5852,74,0,46.97847375,-100.46452140000001,38015.0,6119.67456549474,1.264524948735475,5778,5812,72,0,5740,5591,95273,40,2,0,38,221
2020-10-21,US,North Dakota,Cass,8010,81,0,46.93201724,-97.24447190000001,38017.0,4402.9616925842265,1.0112359550561798,7929,7915,81,0,7834,7753,181516,95,0,0,95,162
2020-10-21,US,North Dakota,Cavalier,65,1,0,48.77286211,-98.46685243,38019.0,1727.804359383307,1.5384615384615383,64,65,1,0,64,62,3829,0,0,0,0,3
2020-10-21,US,North Dakota,Dickey,223,1,0,46.11017712,-98.50490079999999,38021.0,4577.175697865353,0.4484304932735426,222,221,1,0,220,211,4903,2,0,0,2,10
2020-10-21,US,North Dakota,Divide,45,1,0,48.814938700000006,-103.48736109999999,38023.0,1987.6325088339224,2.2222222222222223,44,45,1,0,44,41,2283,0,0,0,0,4
2020-10-21,US,North Dakota,Dunn,194,5,0,47.35423935,-102.61604679999999,38025.0,4385.171790235081,2.5773195876288657,189,193,5,0,188,190,4332,1,0,0,1,3
2020-10-21,US,North Dakota,Eddy,165,3,0,47.71701474,-98.90432337,38027.0,7214.691735898557,1.818181818181818,162,160,3,0,157,156,2313,5,0,0,5,4
2020-10-21,US,North Dakota,Emmons,271,8,0,46.28398398,-100.2389766,38029.0,8361.616784942917,2.9520295202952034,263,270,7,0,263,271,3295,1,1,0,0,-1
2020-10-21,US,North Dakota,Foster,160,2,0,47.457108399999996,-98.88279923,38031.0,4984.423676012461,1.25,158,151,2,0,149,141,3216,9,0,0,9,10
2020-10-21,US,North Dakota,Golden Valley,112,0,0,46.94022281,-103.8465421,38033.0,6360.022714366837,0.0,112,107,0,0,107,103,1769,5,0,0,5,4
2020-10-21,US,North Dakota,Grand Forks,3365,15,0,47.92093639,-97.45450447,38035.0,4845.14261853681,0.4457652303120357,3350,3337,15,0,3322,3137,70770,28,0,0,28,200
2020-10-21,US,North Dakota,Grant,58,2,0,46.35821257,-101.63900129999999,38037.0,2550.571679859279,3.4482758620689653,56,56,2,0,54,57,2374,2,0,0,2,-1
2020-10-21,US,North Dakota,Griggs,74,1,0,47.45785838,-98.23850925,38039.0,3316.8982519049755,1.351351351351351,73,73,1,0,72,69,2232,1,0,0,1,4
2020-10-21,US,North Dakota,Hettinger,111,2,0,46.43375068,-102.4632417,38041.0,4441.776710684274,1.8018018018018016,109,108,2,0,106,102,2514,3,0,0,3,6
2020-10-21,US,North Dakota,Kidder,79,2,0,46.97830064,-99.77507857,38043.0,3185.483870967741,2.5316455696202533,77,79,1,0,78,76,2450,0,1,0,-1,3
2020-10-21,US,North Dakota,LaMoure,175,3,0,46.45681054,-98.53542355,38045.0,4325.259515570934,1.7142857142857142,172,173,3,0,170,175,4062,2,0,0,2,-2
2020-10-21,US,North Dakota,Logan,121,0,0,46.45729487,-99.47719806,38047.0,6540.540540540541,0.0,121,116,0,0,116,114,1903,5,0,0,5,2
2020-10-21,US,North Dakota,McHenry,152,12,0,48.23104458,-100.6324822,38049.0,2645.7789382071364,7.894736842105262,140,148,12,0,136,144,5816,4,0,0,4,4
2020-10-21,US,North Dakota,McIntosh,159,4,0,46.11182017,-99.44145858,38051.0,6367.641169403284,2.5157232704402515,155,151,4,0,147,145,2585,8,0,0,8,6
2020-10-21,US,North Dakota,McKenzie,454,4,0,47.74133370000001,-103.395905,38053.0,3021.8317358892436,0.8810572687224669,450,442,4,0,438,433,13632,12,0,0,12,9
2020-10-21,US,North Dakota,McLean,489,9,0,47.60766714,-101.3182418,38055.0,5174.603174603175,1.8404907975460123,480,469,7,0,462,443,9541,20,2,0,18,26
2020-10-21,US,North Dakota,Mercer,384,3,0,47.31213126,-101.8318399,38057.0,4690.362770245512,0.78125,381,379,3,0,376,375,8267,5,0,0,5,4
2020-10-21,US,North Dakota,Morton,2013,48,0,46.71681782,-101.2822377,38059.0,6418.1864558092075,2.3845007451564832,1965,1997,48,0,1949,1934,31095,16,0,0,16,63
2020-10-21,US,North Dakota,Mountrail,443,6,0,48.20197971,-102.3555315,38061.0,4201.043148411571,1.3544018058690743,437,436,6,0,430,427,10218,7,0,0,7,9
2020-10-21,US,North Dakota,Nelson,150,3,0,47.9226426,-98.19038437,38063.0,5210.142410559221,2.0,147,149,3,0,146,145,2869,1,0,0,1,4
2020-10-21,US,North Dakota,Oliver,70,1,0,47.11530482,-101.3406158,38065.0,3573.251659009699,1.4285714285714286,69,68,0,0,68,67,1952,2,1,0,1,1
2020-10-21,US,North Dakota,Pembina,179,0,0,48.76623521,-97.5523809,38067.0,2631.9658873695043,0.0,179,177,0,0,177,169,6947,2,0,0,2,8
2020-10-21,US,North Dakota,Pierce,69,0,0,48.24977025,-99.96407787,38069.0,1735.8490566037735,0.0,69,62,0,0,62,57,4081,7,0,0,7,5
2020-10-21,US,North Dakota,Ramsey,437,4,0,48.26886249,-98.72223879,38071.0,3793.732094799897,0.9153318077803204,433,424,4,0,420,419,11481,13,0,0,13,5
2020-10-21,US,North Dakota,Ransom,138,0,0,46.45621782,-97.65742504,38073.0,2644.6914526638557,0.0,138,137,0,0,137,131,5237,1,0,0,1,6
2020-10-21,US,North Dakota,Renville,98,2,0,48.71982533,-101.6603912,38075.0,4211.431027073485,2.0408163265306123,96,97,2,0,95,96,2374,1,0,0,1,1
2020-10-21,US,North Dakota,Richland,381,2,0,46.26440649,-96.94852979,38077.0,2355.1956481424245,0.5249343832020997,379,375,2,0,373,357,16239,6,0,0,6,18
2020-10-21,US,North Dakota,Rolette,291,7,0,48.77245354,-99.84097493,38079.0,2052.765237020316,2.405498281786941,284,286,7,0,279,280,14301,5,0,0,5,6
2020-10-21,US,North Dakota,Sargent,117,2,0,46.10830372,-97.63217159,38081.0,3001.539250897896,1.709401709401709,115,115,2,0,113,112,3870,2,0,0,2,3
2020-10-21,US,North Dakota,Sheridan,38,1,0,47.57700669,-100.3426391,38083.0,2889.7338403041826,2.631578947368421,37,38,1,0,37,37,1349,0,0,0,0,1
2020-10-21,US,North Dakota,Sioux,218,4,0,46.11323337,-101.04401490000001,38085.0,5153.664302600473,1.834862385321101,214,218,4,0,214,214,4358,0,0,0,0,4
2020-10-21,US,North Dakota,Slope,12,0,0,46.44737738,-103.4601547,38087.0,1600.0,0.0,12,12,0,0,12,12,763,0,0,0,0,0
2020-10-21,US,North Dakota,Stark,2233,30,0,46.80851182,-102.65763259999999,38089.0,7091.365238654768,1.343484102104792,2203,2207,30,0,2177,2189,30997,26,0,0,26,18
2020-10-21,US,North Dakota,Steele,36,0,0,47.45611548,-97.72728747,38091.0,1904.7619047619046,0.0,36,36,0,0,36,34,1903,0,0,0,0,2
2020-10-21,US,North Dakota,Stutsman,746,6,0,46.97962541,-98.95637318,38093.0,3603.1684698608974,0.8042895442359249,740,735,5,0,730,702,20917,11,1,0,10,33
2020-10-21,US,North Dakota,Towner,84,2,0,48.68565745,-99.24564265,38095.0,3837.368661489265,2.380952380952381,82,81,2,0,79,75,2192,3,0,0,3,6
2020-10-21,US,North Dakota,Traill,217,3,0,47.45367788,-97.16323288,38097.0,2700.348432055749,1.3824884792626728,214,217,3,0,214,212,8037,0,0,0,0,5
2020-10-21,US,North Dakota,Walsh,361,2,0,48.36876964,-97.72574783,38099.0,3392.538295273001,0.554016620498615,359,347,2,0,345,338,10667,14,0,0,14,9
2020-10-21,US,North Dakota,Ward,2132,26,0,48.22390169,-101.54367629999999,38101.0,3151.934477609733,1.2195121951219512,2106,2043,24,0,2019,1961,67744,89,2,0,87,82
2020-10-21,US,North Dakota,Wells,83,0,0,47.58614526,-99.65904998,38103.0,2164.840897235264,0.0,83,79,0,0,79,78,3957,4,0,0,4,1
2020-10-21,US,North Dakota,Williams,1651,12,0,48.34522353,-103.4793387,38105.0,4392.2424113437455,0.726832222895215,1639,1633,12,0,1621,1601,35350,18,0,0,18,32
2020-10-21,US,Ohio,Adams,204,6,0,38.84541072,-83.4718964,39001.0,736.5152718607843,2.9411764705882355,198,203,6,0,197,195,27724,1,0,0,1,8
2020-10-21,US,Ohio,Allen,2080,73,0,40.77285242,-84.10802343,39003.0,2032.2224501958945,3.5096153846153846,2007,2038,73,0,1965,2013,102663,42,0,0,42,25
2020-10-21,US,Ohio,Ashland,389,5,0,40.84772277,-82.27280781,39005.0,727.3203200957297,1.2853470437017995,384,373,5,0,368,371,53745,16,0,0,16,2
2020-10-21,US,Ohio,Ashtabula,721,48,0,41.70860332,-80.74830218,39007.0,741.4567929165681,6.657420249653258,673,721,48,0,673,714,97493,0,0,0,0,7
2020-10-21,US,Ohio,Athens,1184,2,0,39.33425634,-82.04278644,39009.0,1812.4205917920613,0.16891891891891891,1182,1174,2,0,1172,1157,65818,10,0,0,10,17
2020-10-21,US,Ohio,Auglaize,978,16,0,40.55998859,-84.22421429999999,39011.0,2142.1061853863675,1.6359918200408998,962,951,16,0,935,936,45804,27,0,0,27,15
2020-10-21,US,Ohio,Belmont,786,27,0,40.01625942,-80.9924051,39013.0,1173.0292809599139,3.435114503816794,759,784,27,0,757,771,67505,2,0,0,2,13
2020-10-21,US,Ohio,Brown,372,3,0,38.93416837,-83.86788395,39015.0,856.5113280530486,0.8064516129032258,369,368,3,0,365,360,43602,4,0,0,4,8
2020-10-21,US,Ohio,Butler,8145,128,0,39.44012838,-84.57388716,39017.0,2125.888070492308,1.5715162676488643,8017,8028,123,0,7905,7914,382378,117,5,0,112,114
2020-10-21,US,Ohio,Carroll,193,7,0,40.578968599999996,-81.09178213,39019.0,717.0989076317159,3.6269430051813467,186,191,7,0,184,186,27081,2,0,0,2,5
2020-10-21,US,Ohio,Champaign,395,3,0,40.13923427,-83.76875242,39021.0,1015.8158673010158,0.7594936708860759,392,387,3,0,384,379,38754,8,0,0,8,8
2020-10-21,US,Ohio,Clark,2451,56,0,39.91592258,-83.78498252,39023.0,1827.9722261584243,2.284781721746226,2395,2424,54,0,2370,2379,134585,27,2,0,25,45
2020-10-21,US,Ohio,Clermont,2403,38,0,39.04847534,-84.15375786,39025.0,1164.08626736683,1.5813566375364128,2365,2349,37,0,2312,2302,205466,54,1,0,53,47
2020-10-21,US,Ohio,Clinton,451,13,0,39.41485808,-83.80852286,39027.0,1074.6282882195958,2.882483370288248,438,436,13,0,423,426,42057,15,0,0,15,10
2020-10-21,US,Ohio,Columbiana,2114,87,0,40.76932373,-80.78094576,39029.0,2074.929085323361,4.115421002838222,2027,2101,87,0,2014,2096,102665,13,0,0,13,5
2020-10-21,US,Ohio,Coshocton,305,12,0,40.30096166,-81.91729018,39031.0,833.3333333333335,3.9344262295081966,293,298,12,0,286,295,36629,7,0,0,7,3
2020-10-21,US,Ohio,Crawford,441,8,0,40.85065156,-82.91989099,39033.0,1062.8042608569913,1.8140589569161,433,430,8,0,422,417,41550,11,0,0,11,13
2020-10-21,US,Ohio,Cuyahoga,19586,682,0,41.424119,-81.65918339,39035.0,1585.8184785988183,3.4820790360461555,18904,19436,675,0,18761,19345,1243857,150,7,0,143,91
2020-10-21,US,Ohio,Darke,1123,51,0,40.13412966,-84.6194517,39037.0,2197.092716138752,4.541406945681211,1072,1101,51,0,1050,1099,51323,22,0,0,22,2
2020-10-21,US,Ohio,Defiance,446,13,0,41.32398837,-84.49076944,39039.0,1171.0032294483685,2.914798206278027,433,444,13,0,431,442,38165,2,0,0,2,2
2020-10-21,US,Ohio,Delaware,2835,27,0,40.27942393,-83.00457058,39041.0,1355.3115304263854,0.9523809523809524,2808,2811,27,0,2784,2784,204826,24,0,0,24,27
2020-10-21,US,Ohio,Erie,1146,53,0,41.36796058,-82.62904521,39043.0,1543.1018231761511,4.62478184991274,1093,1138,53,0,1085,1134,74615,8,0,0,8,4
2020-10-21,US,Ohio,Fairfield,2616,57,0,39.75107189,-82.63088163,39045.0,1660.1723634609768,2.1788990825688077,2559,2578,56,0,2522,2561,155782,38,1,0,37,17
2020-10-21,US,Ohio,Fayette,440,8,0,39.56021306,-83.4562016,39047.0,1542.5065731814198,1.818181818181818,432,432,8,0,424,428,28666,8,0,0,8,4
2020-10-21,US,Ohio,Franklin,31221,639,0,39.96995815,-83.01115755,39049.0,2371.0543183399204,2.0466993369847217,30582,30978,635,0,30343,30777,1310300,243,4,0,239,201
2020-10-21,US,Ohio,Fulton,522,10,0,41.60213491,-84.12571393,39051.0,1239.1397236860844,1.9157088122605364,512,505,6,0,499,489,42276,17,4,0,13,16
2020-10-21,US,Ohio,Gallia,282,13,0,38.82708533,-82.31647569,39053.0,943.206903471804,4.609929078014185,269,279,13,0,266,274,29979,3,0,0,3,5
2020-10-21,US,Ohio,Geauga,844,50,0,41.49952319,-81.17935342,39055.0,901.2375999743724,5.924170616113744,794,836,50,0,786,825,94031,8,0,0,8,11
2020-10-21,US,Ohio,Greene,2248,41,0,39.69116283,-83.89032084,39057.0,1330.6735647016346,1.8238434163701067,2207,2196,40,0,2156,2140,167995,52,1,0,51,56
2020-10-21,US,Ohio,Guernsey,300,8,0,40.05026529,-81.49248905,39059.0,771.7041800643087,2.6666666666666665,292,287,8,0,279,280,39022,13,0,0,13,7
2020-10-21,US,Ohio,Hamilton,16496,343,0,39.19673558,-84.54502924,39061.0,2017.9259743135249,2.0792919495635305,16153,16234,338,0,15896,16016,816684,262,5,0,257,218
2020-10-21,US,Ohio,Hancock,1040,24,0,41.00250487,-83.66838948,39063.0,1372.3394428829683,2.3076923076923075,1016,1030,23,0,1007,995,75930,10,1,0,9,35
2020-10-21,US,Ohio,Hardin,328,13,0,40.66015414,-83.65929931,39065.0,1045.751633986928,3.963414634146341,315,321,13,0,308,314,31480,7,0,0,7,7
2020-10-21,US,Ohio,Harrison,79,3,0,40.29380509,-81.09068544,39067.0,525.2659574468087,3.79746835443038,76,79,3,0,76,76,15174,0,0,0,0,3
2020-10-21,US,Ohio,Henry,461,17,0,41.333964200000004,-84.06830637,39069.0,1707.028067836777,3.6876355748373104,444,453,17,0,436,449,27086,8,0,0,8,4
2020-10-21,US,Ohio,Highland,417,4,0,39.1839264,-83.60331456,39071.0,966.1499965246403,0.9592326139088728,413,402,4,0,398,377,43058,15,0,0,15,25
2020-10-21,US,Ohio,Hocking,194,9,0,39.49537927,-82.47991446,39073.0,686.3855080667988,4.639175257731959,185,189,9,0,180,189,28385,5,0,0,5,0
2020-10-21,US,Ohio,Holmes,590,10,0,40.56163713,-81.92635677,39075.0,1342.1292083712465,1.6949152542372878,580,570,10,0,560,550,43892,20,0,0,20,20
2020-10-21,US,Ohio,Huron,706,11,0,41.14651175,-82.59867951,39077.0,1211.6843442144648,1.5580736543909348,695,699,10,0,689,698,58504,7,1,0,6,1
2020-10-21,US,Ohio,Jackson,447,8,0,39.01914254,-82.61818559999998,39079.0,1379.0762965476815,1.7897091722595078,439,441,7,0,434,425,32384,6,1,0,5,16
2020-10-21,US,Ohio,Jefferson,466,4,0,40.38614126,-80.76259514,39081.0,713.3562954458476,0.8583690987124464,462,456,4,0,452,447,65767,10,0,0,10,9
2020-10-21,US,Ohio,Knox,376,16,0,40.39830217,-82.42027563,39083.0,603.3182503770739,4.25531914893617,360,362,15,0,347,356,61893,14,1,0,13,6
2020-10-21,US,Ohio,Lake,1911,59,0,41.69710807,-81.23676539,39085.0,830.3316547106441,3.0873888016745163,1852,1883,57,0,1826,1869,230514,28,2,0,26,14
2020-10-21,US,Ohio,Lawrence,929,25,0,38.59743452,-82.53466552,39087.0,1562.31606208903,2.6910656620021527,904,907,25,0,882,890,59866,22,0,0,22,17
2020-10-21,US,Ohio,Licking,2524,65,0,40.09136236,-82.48185785,39089.0,1427.1013558593704,2.5752773375594296,2459,2488,65,0,2423,2449,175769,36,0,0,36,39
2020-10-21,US,Ohio,Logan,413,3,0,40.38996525,-83.76784341,39091.0,904.2739534069012,0.7263922518159807,410,402,3,0,399,398,45358,11,0,0,11,4
2020-10-21,US,Ohio,Lorain,2692,89,0,41.29553751,-82.15083537,39093.0,868.8551574557907,3.3060921248142643,2603,2666,89,0,2577,2654,309461,26,0,0,26,12
2020-10-21,US,Ohio,Lucas,8223,373,0,41.62101218,-83.65468618,39095.0,1919.700804019162,4.536057399975678,7850,8175,370,0,7805,8123,429899,48,3,0,45,52
2020-10-21,US,Ohio,Madison,1048,15,0,39.89381073,-83.40178317,39097.0,2342.894189711833,1.431297709923664,1033,1035,14,0,1021,1023,44413,13,1,0,12,12
2020-10-21,US,Ohio,Mahoning,3660,286,0,41.01631101,-80.77287029,39099.0,1600.4687711810673,7.814207650273224,3374,3635,283,0,3352,3605,229642,25,3,0,22,30
2020-10-21,US,Ohio,Marion,3375,50,0,40.58610662,-83.15736305,39101.0,5184.889312214831,1.4814814814814814,3325,3351,49,0,3302,3330,65256,24,1,0,23,21
2020-10-21,US,Ohio,Medina,1820,42,0,41.11770589,-81.89986209999998,39103.0,1012.5399174390527,2.3076923076923075,1778,1802,42,0,1760,1777,179146,18,0,0,18,25
2020-10-21,US,Ohio,Meigs,210,12,0,39.09224872,-82.0305041,39105.0,916.7503383245296,5.7142857142857135,198,210,12,0,198,207,23106,0,0,0,0,3
2020-10-21,US,Ohio,Mercer,1505,28,0,40.54043046,-84.62912742,39107.0,3655.396871660352,1.8604651162790695,1477,1471,28,0,1443,1449,40959,34,0,0,34,22
2020-10-21,US,Ohio,Miami,1976,58,0,40.0543329,-84.22871271,39109.0,1846.9533681662256,2.935222672064777,1918,1956,56,0,1900,1927,106222,20,2,0,18,29
2020-10-21,US,Ohio,Monroe,155,18,0,39.72984936,-81.08464734,39111.0,1135.198476636883,11.612903225806454,137,152,18,0,134,143,13790,3,0,0,3,9
2020-10-21,US,Ohio,Montgomery,10216,189,0,39.75394919,-84.29050975,39113.0,1921.431217991036,1.8500391542678152,10027,10083,186,0,9897,10000,532331,133,3,0,130,83
2020-10-21,US,Ohio,Morgan,77,0,0,39.62081738,-81.85308173,39115.0,530.7416597739178,0.0,77,74,0,0,74,71,14604,3,0,0,3,3
2020-10-21,US,Ohio,Morrow,338,2,0,40.52363560000001,-82.7892599,39117.0,956.7481884057972,0.591715976331361,336,331,2,0,329,325,35112,7,0,0,7,6
2020-10-21,US,Ohio,Muskingum,859,4,0,39.96575964,-81.94363275,39119.0,996.3463434437165,0.4656577415599534,855,843,4,0,839,828,86183,16,0,0,16,15
2020-10-21,US,Ohio,Noble,127,0,0,39.76818851,-81.45937183,39121.0,880.4769828064337,0.0,127,121,0,0,121,116,14354,6,0,0,6,5
2020-10-21,US,Ohio,Ottawa,573,30,0,41.53781826,-83.0940185,39123.0,1413.9420111042566,5.235602094240837,543,568,30,0,538,560,40769,5,0,0,5,8
2020-10-21,US,Ohio,Paulding,194,2,0,41.11676341,-84.5801017,39125.0,1038.988860325621,1.0309278350515465,192,190,1,0,189,187,18760,4,1,0,3,3
2020-10-21,US,Ohio,Perry,363,11,0,39.73508655,-82.23804971,39127.0,1004.5940111806057,3.0303030303030303,352,354,11,0,343,351,36033,9,0,0,9,3
2020-10-21,US,Ohio,Pickaway,2994,46,0,39.64170392,-83.0243386,39129.0,5121.713396171544,1.5364061456245826,2948,2969,46,0,2923,2958,58086,25,0,0,25,11
2020-10-21,US,Ohio,Pike,290,0,0,39.07634001,-83.06769584,39131.0,1044.2171971770128,0.0,290,288,0,0,288,282,28067,2,0,0,2,6
2020-10-21,US,Ohio,Portage,1589,67,0,41.16793482,-81.19735782,39133.0,978.0507921657454,4.2164883574575205,1522,1561,67,0,1494,1546,162927,28,0,0,28,15
2020-10-21,US,Ohio,Preble,610,18,0,39.7420247,-84.64787018,39135.0,1492.099212367301,2.950819672131148,592,595,17,0,578,588,40997,15,1,0,14,7
2020-10-21,US,Ohio,Putnam,937,27,0,41.02094889,-84.1336111,39137.0,2767.195298425918,2.88153681963714,910,915,27,0,888,892,33780,22,0,0,22,23
2020-10-21,US,Ohio,Richland,1306,24,0,40.77180308,-82.53799609999999,39139.0,1077.9668851214158,1.8376722817764168,1282,1286,24,0,1262,1275,121099,20,0,0,20,11
2020-10-21,US,Ohio,Ross,1361,36,0,39.33705391,-83.06000914,39141.0,1775.2328281115488,2.6451138868479056,1325,1338,33,0,1305,1328,76931,23,3,0,20,10
2020-10-21,US,Ohio,Sandusky,699,22,0,41.35624126,-83.137872,39143.0,1194.5042551009947,3.1473533619456364,677,694,22,0,672,691,58799,5,0,0,5,3
2020-10-21,US,Ohio,Scioto,837,9,0,38.80270163,-82.98907345,39145.0,1111.3471598905917,1.075268817204301,828,805,9,0,796,791,75502,32,0,0,32,14
2020-10-21,US,Ohio,Seneca,595,14,0,41.12351311,-83.12783209,39147.0,1078.328319257675,2.3529411764705883,581,585,14,0,571,582,55207,10,0,0,10,3
2020-10-21,US,Ohio,Shelby,888,14,0,40.33163494,-84.20258189,39149.0,1827.5365301502368,1.576576576576577,874,868,14,0,854,857,48627,20,0,0,20,11
2020-10-21,US,Ohio,Stark,3748,181,0,40.81482476,-81.36437305,39151.0,1011.316600378839,4.8292422625400215,3567,3696,178,0,3518,3632,371574,52,3,0,49,64
2020-10-21,US,Ohio,Summit,6620,265,0,41.12464734,-81.53123079,39153.0,1223.6304857739094,4.003021148036254,6355,6555,261,0,6294,6476,541918,65,4,0,61,79
2020-10-21,US,Ohio,Trumbull,2247,134,0,41.31735028,-80.76109643,39155.0,1134.9975249275158,5.9635068980863375,2113,2221,134,0,2087,2208,198627,26,0,0,26,13
2020-10-21,US,Ohio,Tuscarawas,1258,22,0,40.44214695,-81.47226262,39157.0,1367.5845499907593,1.7488076311605725,1236,1236,22,0,1214,1190,92176,22,0,0,22,46
2020-10-21,US,Ohio,Union,747,3,0,40.30016061,-83.37239023,39159.0,1266.359259510409,0.4016064257028112,744,734,3,0,731,726,57835,13,0,0,13,8
2020-10-21,US,Ohio,Van Wert,240,3,0,40.8554138,-84.59111700000003,39161.0,848.8063660477452,1.25,237,233,3,0,230,221,28281,7,0,0,7,12
2020-10-21,US,Ohio,Vinton,93,3,0,39.25208988,-82.4831444,39163.0,710.7374856706152,3.2258064516129035,90,90,3,0,87,88,13139,3,0,0,3,2
2020-10-21,US,Ohio,Warren,4135,63,0,39.42581994,-84.16557457,39165.0,1762.5595689721313,1.5235792019347036,4072,4063,60,0,4003,3981,232173,72,3,0,69,82
2020-10-21,US,Ohio,Washington,344,24,0,39.45690571,-81.49121382,39167.0,574.1850411443643,6.9767441860465125,320,333,23,0,310,330,60155,11,1,0,10,3
2020-10-21,US,Ohio,Wayne,1370,69,0,40.82925852,-81.88844833,39169.0,1183.994468930948,5.0364963503649625,1301,1315,68,0,1247,1296,115967,55,1,0,54,19
2020-10-21,US,Ohio,Williams,330,4,0,41.56052014,-84.58429552,39171.0,899.3786111413933,1.2121212121212122,326,319,4,0,315,314,36804,11,0,0,11,5
2020-10-21,US,Ohio,Wood,2472,81,0,41.36224827,-83.62285108,39173.0,1889.6626585229749,3.2766990291262137,2391,2446,81,0,2365,2429,130696,26,0,0,26,17
2020-10-21,US,Ohio,Wyandot,286,13,0,40.84339621,-83.30734173,39175.0,1313.6138159103434,4.545454545454546,273,284,13,0,271,280,21935,2,0,0,2,4
2020-10-21,US,Oklahoma,Adair,740,11,0,35.88494195,-94.65859267,40001.0,3334.234477786789,1.4864864864864864,729,734,11,0,723,722,22082,6,0,0,6,12
2020-10-21,US,Oklahoma,Alfalfa,115,0,0,36.73090616,-98.32408495,40003.0,2016.8361978253245,0.0,115,112,0,0,112,112,5754,3,0,0,3,0
2020-10-21,US,Oklahoma,Atoka,414,1,0,34.37366573,-96.03802487,40005.0,3009.1583078935887,0.24154589371980675,413,409,1,0,408,400,13838,5,0,0,5,9
2020-10-21,US,Oklahoma,Beaver,82,1,0,36.7496847,-100.4758872,40007.0,1543.9653549237432,1.2195121951219512,81,80,0,0,80,80,5319,2,1,0,1,0
2020-10-21,US,Oklahoma,Beckham,848,10,0,35.26862449,-99.68128023,40009.0,3879.408939109749,1.179245283018868,838,843,10,0,833,834,21709,5,0,0,5,9
2020-10-21,US,Oklahoma,Blaine,194,1,0,35.87518314,-98.43307003,40011.0,2057.482235655955,0.5154639175257731,193,194,1,0,193,185,9485,0,0,0,0,9
2020-10-21,US,Oklahoma,Bryan,1415,11,0,33.96472458,-96.25903472,40013.0,2948.22377330972,0.7773851590106007,1404,1397,11,0,1386,1383,47192,18,0,0,18,14
2020-10-21,US,Oklahoma,Caddo,1097,25,0,35.17364557,-98.37534464,40015.0,3814.060218343648,2.2789425706472195,1072,1074,24,0,1050,1059,28977,23,1,0,22,15
2020-10-21,US,Oklahoma,Canadian,3607,21,0,35.5426055,-97.98465569,40017.0,2432.1335616900187,0.5822012752980316,3586,3469,21,0,3448,3386,144447,138,0,0,138,83
2020-10-21,US,Oklahoma,Carter,779,10,0,34.25103751,-97.28552485,40019.0,1619.172330652034,1.2836970474967908,769,761,9,0,752,731,48177,18,1,0,17,30
2020-10-21,US,Oklahoma,Cherokee,1324,8,0,35.90692775,-94.99980896,40021.0,2721.08843537415,0.6042296072507553,1316,1321,8,0,1313,1307,48675,3,0,0,3,14
2020-10-21,US,Oklahoma,Choctaw,412,2,0,34.02807439,-95.54771129,40023.0,2808.069792802617,0.4854368932038835,410,411,2,0,409,411,14668,1,0,0,1,0
2020-10-21,US,Oklahoma,Cimarron,36,0,0,36.74817177,-102.5173885,40025.0,1684.6045858680393,0.0,36,33,0,0,33,34,2153,3,0,0,3,-1
2020-10-21,US,Oklahoma,Cleveland,7843,87,0,35.20413532,-97.32519562,40027.0,2761.48358883717,1.1092694122147138,7756,7764,86,0,7678,7625,281669,79,1,0,78,139
2020-10-21,US,Oklahoma,Coal,86,0,0,34.58840127,-96.29798747,40029.0,1565.059144676979,0.0,86,82,0,0,82,82,5520,4,0,0,4,0
2020-10-21,US,Oklahoma,Comanche,2201,17,0,34.65973764,-98.47195055,40031.0,1822.7894226867306,0.7723761926397092,2184,2171,17,0,2154,2116,120422,30,0,0,30,55
2020-10-21,US,Oklahoma,Cotton,90,3,0,34.28845626,-98.37053567,40033.0,1588.4221673138015,3.333333333333333,87,89,3,0,86,88,5776,1,0,0,1,1
2020-10-21,US,Oklahoma,Craig,601,2,0,36.76268118,-95.20916602,40035.0,4249.752510253145,0.33277870216306155,599,598,2,0,596,592,14306,3,0,0,3,6
2020-10-21,US,Oklahoma,Creek,1495,38,0,35.90230551,-96.37086028,40037.0,2090.265932160734,2.5418060200668897,1457,1484,37,0,1447,1467,71604,11,1,0,10,17
2020-10-21,US,Oklahoma,Custer,1011,3,0,35.63853802,-99.00170785,40039.0,3485.8462917629213,0.2967359050445104,1008,999,3,0,996,991,29036,12,0,0,12,8
2020-10-21,US,Oklahoma,Delaware,1170,27,0,36.40823634,-94.80325046,40041.0,2720.3608547048293,2.3076923076923075,1143,1146,27,0,1119,1138,42733,24,0,0,24,8
2020-10-21,US,Oklahoma,Dewey,83,1,0,35.98772922,-99.00730714,40043.0,1696.994479656512,1.2048192771084338,82,81,1,0,80,79,4894,2,0,0,2,2
2020-10-21,US,Oklahoma,Ellis,19,0,0,36.218019399999996,-99.75324573,40045.0,492.3555325213786,0.0,19,19,0,0,19,19,3952,0,0,0,0,0
2020-10-21,US,Oklahoma,Garfield,2272,25,0,36.3791334,-97.78265517,40047.0,3721.1740041928715,1.1003521126760565,2247,2266,25,0,2241,2236,60913,6,0,0,6,30
2020-10-21,US,Oklahoma,Garvin,597,6,0,34.70418038,-97.30811132,40049.0,2154.379127422323,1.0050251256281406,591,588,6,0,582,574,27811,9,0,0,9,14
2020-10-21,US,Oklahoma,Grady,1521,16,0,35.0167709,-97.88339847,40051.0,2724.1465773543005,1.051939513477975,1505,1496,16,0,1480,1467,55551,25,0,0,25,29
2020-10-21,US,Oklahoma,Grant,80,1,0,36.796296999999996,-97.78638765,40053.0,1846.2958689129928,1.25,79,79,1,0,78,78,4326,1,0,0,1,1
2020-10-21,US,Oklahoma,Greer,144,8,0,34.93535801,-99.56056120000001,40055.0,2521.008403361345,5.5555555555555545,136,139,8,0,131,133,5821,5,0,0,5,6
2020-10-21,US,Oklahoma,Harmon,63,0,0,34.7440135,-99.84741652,40057.0,2374.67018469657,0.0,63,63,0,0,63,62,2664,0,0,0,0,1
2020-10-21,US,Oklahoma,Harper,57,1,0,36.78836519,-99.6679804,40059.0,1545.5531453362255,1.7543859649122806,56,52,1,0,51,49,3797,5,0,0,5,3
2020-10-21,US,Oklahoma,Haskell,363,5,0,35.22257600000001,-95.11513306,40061.0,2874.792112140651,1.3774104683195592,358,358,5,0,353,356,12668,5,0,0,5,2
2020-10-21,US,Oklahoma,Hughes,374,4,0,35.04912569,-96.24921145,40063.0,2816.4771443632812,1.0695187165775402,370,368,4,0,364,362,13335,6,0,0,6,6
2020-10-21,US,Oklahoma,Jackson,1069,11,0,34.58781741,-99.41138784,40065.0,4357.9290664492455,1.0289990645463052,1058,1041,11,0,1030,1019,24949,28,0,0,28,22
2020-10-21,US,Oklahoma,Jefferson,74,0,0,34.11130184,-97.83182974,40067.0,1232.9223592135954,0.0,74,73,0,0,73,67,6123,1,0,0,1,6
2020-10-21,US,Oklahoma,Johnston,272,4,0,34.31440473,-96.66011537,40069.0,2453.7663509246727,1.4705882352941178,268,269,4,0,265,263,10949,3,0,0,3,6
2020-10-21,US,Oklahoma,Kay,822,16,0,36.81799745,-97.14421435,40071.0,1888.0058799209885,1.9464720194647205,806,802,16,0,786,796,44161,20,0,0,20,6
2020-10-21,US,Oklahoma,Kingfisher,508,2,0,35.94530008,-97.94193268,40073.0,3222.3279416428804,0.3937007874015748,506,495,2,0,493,492,15816,13,0,0,13,3
2020-10-21,US,Oklahoma,Kiowa,158,2,0,34.91671958,-98.97720696,40075.0,1814.4235186035828,1.2658227848101269,156,155,2,0,153,151,8729,3,0,0,3,4
2020-10-21,US,Oklahoma,Latimer,189,2,0,34.87844729,-95.25215049,40077.0,1876.3029881862408,1.058201058201058,187,190,2,0,188,179,10231,-1,0,0,-1,11
2020-10-21,US,Oklahoma,Le Flore,1593,22,0,34.89851864,-94.70392124,40079.0,3195.394459711552,1.381042059008161,1571,1583,22,0,1561,1544,49980,10,0,0,10,39
2020-10-21,US,Oklahoma,Lincoln,737,19,0,35.70270942,-96.8812462,40081.0,2113.140465062936,2.5780189959294435,718,723,15,0,708,714,34920,14,4,0,10,9
2020-10-21,US,Oklahoma,Logan,791,2,0,35.91899576,-97.44352845,40083.0,1647.5391056216283,0.2528445006321112,789,770,2,0,768,745,47291,21,0,0,21,25
2020-10-21,US,Oklahoma,Love,259,1,0,33.95273467,-97.23906784,40085.0,2526.089924900029,0.3861003861003861,258,252,1,0,251,250,10134,7,0,0,7,2
2020-10-21,US,Oklahoma,Major,153,2,0,36.31149996,-98.53467076,40093.0,2005.5053086905234,1.30718954248366,151,146,2,0,144,143,7644,7,0,0,7,3
2020-10-21,US,Oklahoma,Marshall,264,2,0,34.02311222,-96.76855464,40095.0,1559.269978146595,0.7575757575757576,262,258,2,0,256,253,16806,6,0,0,6,5
2020-10-21,US,Oklahoma,Mayes,908,12,0,36.30179091,-95.23175116,40097.0,2209.2457420924575,1.3215859030837005,896,901,11,0,890,881,41107,7,1,0,6,20
2020-10-21,US,Oklahoma,McClain,1231,9,0,35.01123903,-97.44572302,40087.0,3041.4587142363002,0.7311129163281884,1222,1211,9,0,1202,1180,39985,20,0,0,20,31
2020-10-21,US,Oklahoma,McCurtain,1557,37,0,34.11664328,-94.77222373,40089.0,4742.324561403509,2.376364804110469,1520,1546,37,0,1509,1534,32703,11,0,0,11,12
2020-10-21,US,Oklahoma,McIntosh,480,9,0,35.37235506,-95.66599306,40091.0,2449.479485609308,1.875,471,463,9,0,454,448,19815,17,0,0,17,15
2020-10-21,US,Oklahoma,Murray,273,2,0,34.48116015,-97.06826283,40099.0,1939.8848859518228,0.7326007326007326,271,268,2,0,266,258,13953,5,0,0,5,10
2020-10-21,US,Oklahoma,Muskogee,2224,28,0,35.61318461,-95.37802952,40101.0,3270.7325323176024,1.2589928057553956,2196,2207,28,0,2179,2185,68362,17,0,0,17,22
2020-10-21,US,Oklahoma,Noble,171,3,0,36.38953329,-97.22928674,40103.0,1536.2501122989847,1.7543859649122806,168,170,3,0,167,170,11289,1,0,0,1,0
2020-10-21,US,Oklahoma,Nowata,226,4,0,36.79843529,-95.61902331,40105.0,2242.9535529972213,1.7699115044247788,222,225,4,0,221,225,10218,1,0,0,1,0
2020-10-21,US,Oklahoma,Okfuskee,323,6,0,35.46485198,-96.32639984,40107.0,2693.2377220045028,1.8575851393188851,317,310,6,0,304,300,12098,13,0,0,13,10
2020-10-21,US,Oklahoma,Oklahoma,22422,219,0,35.55140095,-97.40716948,40109.0,2811.768748260044,0.9767192935509768,22203,22213,218,0,21995,22008,792582,209,1,0,208,205
2020-10-21,US,Oklahoma,Okmulgee,1140,8,0,35.64661916,-95.96432828,40111.0,2963.7332640062405,0.7017543859649122,1132,1121,8,0,1113,1090,38335,19,0,0,19,31
2020-10-21,US,Oklahoma,Osage,1343,13,0,36.62888819,-96.39635704,40113.0,2859.6980601750315,0.9679821295606852,1330,1333,13,0,1320,1322,47014,10,0,0,10,11
2020-10-21,US,Oklahoma,Ottawa,1167,9,0,36.83532655,-94.81011909,40115.0,3749.156680695216,0.7712082262210797,1158,1143,8,0,1135,1134,31175,24,1,0,23,9
2020-10-21,US,Oklahoma,Pawnee,322,5,0,36.31743373,-96.70331759999999,40117.0,1966.2921348314608,1.5527950310559009,317,315,5,0,310,312,16390,7,0,0,7,3
2020-10-21,US,Oklahoma,Payne,2718,11,0,36.07695283,-96.97584944,40119.0,3323.388437836252,0.4047093451066961,2707,2704,10,0,2694,2695,82040,14,1,0,13,9
2020-10-21,US,Oklahoma,Pittsburg,1202,20,0,34.92065823,-95.75134320000001,40121.0,2753.4704723507593,1.6638935108153081,1182,1198,20,0,1178,1184,43877,4,0,0,4,14
2020-10-21,US,Oklahoma,Pontotoc,674,4,0,34.72959848,-96.68337199,40123.0,1760.5265907428686,0.5934718100890207,670,663,4,0,659,645,38247,11,0,0,11,18
2020-10-21,US,Oklahoma,Pottawatomie,1965,13,0,35.20614018,-96.94923008,40125.0,2706.909852325325,0.6615776081424937,1952,1939,12,0,1927,1904,72679,26,1,0,25,35
2020-10-21,US,Oklahoma,Pushmataha,260,5,0,34.41635232,-95.37603505,40127.0,2343.186733958183,1.9230769230769231,255,257,4,0,253,252,11179,3,1,0,2,5
2020-10-21,US,Oklahoma,Roger Mills,87,3,0,35.68711719,-99.69666167,40129.0,2428.132849567401,3.4482758620689653,84,86,3,0,83,85,3656,1,0,0,1,1
2020-10-21,US,Oklahoma,Rogers,2330,54,0,36.37004357,-95.60406759,40131.0,2520.035907807785,2.3175965665236054,2276,2292,53,0,2239,2267,91984,38,1,0,37,25
2020-10-21,US,Oklahoma,Seminole,723,6,0,35.16478725,-96.61686741,40133.0,2980.4600544150385,0.8298755186721992,717,715,6,0,709,684,24578,8,0,0,8,31
2020-10-21,US,Oklahoma,Sequoyah,1181,13,0,35.49447108,-94.75463785,40135.0,2841.059443335177,1.1007620660457242,1168,1163,13,0,1150,1144,41179,18,0,0,18,19
2020-10-21,US,Oklahoma,Stephens,640,8,0,34.48556989,-97.85141892,40137.0,1483.4387965602764,1.25,632,636,8,0,628,604,43265,4,0,0,4,32
2020-10-21,US,Oklahoma,Texas,1741,10,0,36.74777635,-101.4889765,40139.0,8712.405544713007,0.5743825387708213,1731,1729,10,0,1719,1726,20455,12,0,0,12,3
2020-10-21,US,Oklahoma,Tillman,137,3,0,34.37288446,-98.92426619,40141.0,1889.655172413793,2.18978102189781,134,135,3,0,132,133,7348,2,0,0,2,2
2020-10-21,US,Oklahoma,Tulsa,20805,193,0,36.11939621,-95.94013939,40143.0,3193.144983055842,0.927661619802932,20612,20639,190,0,20449,20448,648360,166,3,0,163,191
2020-10-21,US,Oklahoma,Unassigned,8,0,0,0.0,0.0,90040.0,0.0,0.0,8,15,0,0,15,21,,-7,0,0,-7,-6
2020-10-21,US,Oklahoma,Wagoner,1804,27,0,35.96024096,-95.51911308,40145.0,2219.2424559288465,1.496674057649667,1777,1783,27,0,1756,1755,80110,21,0,0,21,28
2020-10-21,US,Oklahoma,Washington,1235,41,0,36.71380786,-95.90514104,40147.0,2396.801676790809,3.3198380566801617,1194,1218,41,0,1177,1209,51843,17,0,0,17,9
2020-10-21,US,Oklahoma,Washita,167,0,0,35.29071824,-98.99180434,40149.0,1529.8644192011725,0.0,167,161,0,0,161,154,11127,6,0,0,6,7
2020-10-21,US,Oklahoma,Woods,163,0,0,36.76705782,-98.86573064,40151.0,1853.7472989878315,0.0,163,154,0,0,154,150,8897,9,0,0,9,4
2020-10-21,US,Oklahoma,Woodward,1206,5,0,36.42316318,-99.26283045,40153.0,5967.047647320766,0.4145936981757877,1201,1198,5,0,1193,1192,20222,8,0,0,8,6
2020-10-21,US,Oregon,Baker,113,2,0,44.70915557,-117.6749883,41001.0,700.8186554204912,1.7699115044247788,111,112,2,0,110,112,16006,1,0,0,1,0
2020-10-21,US,Oregon,Benton,418,6,0,44.49167306,-123.4316987,41003.0,449.206366264387,1.4354066985645932,412,419,6,0,413,416,92101,-1,0,0,-1,3
2020-10-21,US,Oregon,Clackamas,2990,65,0,45.18787398,-122.2179634,41005.0,714.9911403271742,2.1739130434782608,2925,2970,65,0,2905,2942,416075,20,0,0,20,28
2020-10-21,US,Oregon,Clatsop,234,0,0,45.99712889,-123.660711,41007.0,581.7422434367543,0.0,234,235,0,0,235,235,39764,-1,0,0,-1,0
2020-10-21,US,Oregon,Columbia,249,1,0,45.94464254,-123.08908980000001,41009.0,475.6083584826374,0.4016064257028112,248,247,1,0,246,247,52377,2,0,0,2,0
2020-10-21,US,Oregon,Coos,229,0,0,43.17406868,-124.0594514,41011.0,355.1103323150403,0.0,229,225,0,0,225,222,64389,4,0,0,4,3
2020-10-21,US,Oregon,Crook,87,2,0,44.14230227,-120.356297,41013.0,356.49893460088515,2.2988505747126435,85,86,2,0,84,83,23867,1,0,0,1,3
2020-10-21,US,Oregon,Curry,56,1,0,42.45911325,-124.15728200000001,41015.0,244.2748091603053,1.7857142857142858,55,56,1,0,55,56,22813,0,0,0,0,0
2020-10-21,US,Oregon,Deschutes,1074,13,0,43.91570171,-121.2289121,41017.0,543.2693280456467,1.2104283054003724,1061,1065,13,0,1052,1062,191996,9,0,0,9,3
2020-10-21,US,Oregon,Douglas,331,4,0,43.27941273,-123.16729099999999,41019.0,298.2519372859975,1.2084592145015105,327,324,4,0,320,316,110283,7,0,0,7,8
2020-10-21,US,Oregon,Gilliam,11,0,0,45.37160076,-120.20488689999999,41021.0,575.3138075313808,0.0,11,11,0,0,11,11,1894,0,0,0,0,0
2020-10-21,US,Oregon,Grant,10,0,0,44.49024544,-119.0068631,41023.0,138.90818169190166,0.0,10,10,0,0,10,10,7176,0,0,0,0,0
2020-10-21,US,Oregon,Harney,17,0,0,43.06422669,-118.96663059999999,41025.0,229.94724739618562,0.0,17,15,0,0,15,13,7329,2,0,0,2,2
2020-10-21,US,Oregon,Hood River,272,1,0,45.51872811,-121.65520359999998,41027.0,1163.287999315713,0.36764705882352944,271,269,1,0,268,268,23428,3,0,0,3,1
2020-10-21,US,Oregon,Jackson,1555,6,0,42.43201126,-122.72893090000001,41029.0,703.7982475197334,0.3858520900321543,1549,1519,6,0,1513,1510,219564,36,0,0,36,9
2020-10-21,US,Oregon,Jefferson,597,9,0,44.62806839,-121.17832,41031.0,2421.120934382351,1.5075376884422111,588,597,9,0,588,593,24192,0,0,0,0,4
2020-10-21,US,Oregon,Josephine,258,3,0,42.3665549,-123.5561938,41033.0,294.90095671356886,1.162790697674419,255,257,3,0,254,257,87393,1,0,0,1,0
2020-10-21,US,Oregon,Klamath,401,3,0,42.68762984,-121.64964609999998,41035.0,587.6491104663091,0.7481296758104738,398,401,3,0,398,397,67653,0,0,0,0,4
2020-10-21,US,Oregon,Lake,34,0,0,42.79246693,-120.38501629999999,41037.0,432.0752319227348,0.0,34,35,0,0,35,35,7879,-1,0,0,-1,0
2020-10-21,US,Oregon,Lane,2212,26,0,43.93727035,-122.847753,41039.0,578.9560469760538,1.1754068716094033,2186,2170,26,0,2144,2128,379611,42,0,0,42,42
2020-10-21,US,Oregon,Lincoln,509,13,0,44.64252874,-123.86991200000001,41041.0,1018.7742684440176,2.5540275049115917,496,508,13,0,495,508,49388,1,0,0,1,0
2020-10-21,US,Oregon,Linn,764,14,0,44.48899494,-122.53731540000001,41043.0,588.8292009957687,1.8324607329842928,750,758,14,0,744,745,127335,6,0,0,6,13
2020-10-21,US,Oregon,Malheur,1866,34,0,43.1937027,-117.62273950000001,41045.0,6103.823885381571,1.8220793140407288,1832,1858,34,0,1824,1847,30725,8,0,0,8,11
2020-10-21,US,Oregon,Marion,5590,106,0,44.90287942,-122.58151170000001,41047.0,1607.1623665250218,1.8962432915921288,5484,5547,106,0,5441,5509,346868,43,0,0,43,38
2020-10-21,US,Oregon,Morrow,542,6,0,45.41846568,-119.584546,41049.0,4671.205722657934,1.1070110701107012,536,542,6,0,536,540,11372,0,0,0,0,2
2020-10-21,US,Oregon,Multnomah,8743,155,0,45.54747959,-122.4169351,41051.0,1075.5915876755387,1.7728468489076976,8588,8689,154,0,8535,8588,811880,54,1,0,53,101
2020-10-21,US,Oregon,Polk,639,15,0,44.90322804,-123.4128888,41053.0,742.2895974908521,2.347417840375587,624,637,15,0,622,631,85234,2,0,0,2,6
2020-10-21,US,Oregon,Sherman,18,0,0,45.41501554,-120.6827834,41055.0,1011.2359550561798,0.0,18,18,0,0,18,18,1708,0,0,0,0,0
2020-10-21,US,Oregon,Tillamook,70,0,0,45.46248721,-123.712066,41057.0,258.9140405385412,0.0,70,69,0,0,69,70,26787,1,0,0,1,-1
2020-10-21,US,Oregon,Umatilla,3295,43,0,45.59073056,-118.7353826,41059.0,4227.0686337395755,1.3050075872534144,3252,3276,43,0,3233,3267,77516,19,0,0,19,9
2020-10-21,US,Oregon,Union,458,2,0,45.30915495,-118.0068979,41061.0,1706.7262902925283,0.4366812227074236,456,456,2,0,454,456,26461,2,0,0,2,0
2020-10-21,US,Oregon,Wallowa,40,2,0,45.57894064,-117.18353799999998,41063.0,554.9389567147614,5.0,38,40,2,0,38,40,7081,0,0,0,0,0
2020-10-21,US,Oregon,Wasco,335,15,0,45.16292781,-121.16709540000001,41065.0,1255.5280713589684,4.477611940298506,320,334,15,0,319,332,26505,1,0,0,1,2
2020-10-21,US,Oregon,Washington,5469,73,0,45.55972701,-123.0955257,41067.0,909.0878868070054,1.3347961236057782,5396,5429,72,0,5357,5385,597695,40,1,0,39,44
2020-10-21,US,Oregon,Wheeler,1,0,0,44.72698162,-120.02814270000002,41069.0,75.07507507507508,0.0,1,1,0,0,1,1,1366,0,0,0,0,0
2020-10-21,US,Oregon,Yamhill,956,15,0,45.23330449,-123.3086963,41071.0,892.6237161531279,1.5690376569037656,941,951,15,0,936,944,107002,5,0,0,5,7
2020-10-21,US,Pennsylvania,Adams,1035,27,0,39.87140411,-77.21610347,42001.0,1004.7665737945227,2.608695652173913,1008,1030,27,0,1003,1017,102811,5,0,0,5,13
2020-10-21,US,Pennsylvania,Allegheny,14396,397,0,40.46809875,-79.98167747,42003.0,1183.837769161503,2.7577104751319808,13999,14277,395,0,13882,14174,1218452,119,2,0,117,103
2020-10-21,US,Pennsylvania,Armstrong,590,20,0,40.81665618,-79.46290811,42005.0,911.4080481964934,3.3898305084745757,570,587,19,0,568,574,65263,3,1,0,2,13
2020-10-21,US,Pennsylvania,Beaver,2164,138,0,40.6825484,-80.34921611,42007.0,1320.083694770297,6.3770794824399255,2026,2162,138,0,2024,2152,164742,2,0,0,2,10
2020-10-21,US,Pennsylvania,Bedford,348,6,0,40.00522157,-78.48998442,42009.0,726.6956231206148,1.7241379310344829,342,342,6,0,336,338,48176,6,0,0,6,4
2020-10-21,US,Pennsylvania,Berks,8533,418,0,40.41570541,-75.92457766,42011.0,2026.051609349327,4.898628852689559,8115,8458,417,0,8041,8377,420152,75,1,0,74,81
2020-10-21,US,Pennsylvania,Blair,1077,26,0,40.47961444,-78.34917412,42013.0,884.0259708279638,2.4141132776230267,1051,1058,25,0,1033,1034,122492,19,1,0,18,24
2020-10-21,US,Pennsylvania,Bradford,530,8,0,41.78869215,-76.51570822,42015.0,878.6035177295558,1.509433962264151,522,502,8,0,494,482,60833,28,0,0,28,20
2020-10-21,US,Pennsylvania,Bucks,9709,623,0,40.33682119,-75.10836643,42017.0,1545.3547041876902,6.416726748377794,9086,9671,623,0,9048,9637,628195,38,0,0,38,34
2020-10-21,US,Pennsylvania,Butler,1463,27,0,40.91152759,-79.91351055,42019.0,778.8004450288257,1.845522898154477,1436,1438,27,0,1411,1418,187888,25,0,0,25,20
2020-10-21,US,Pennsylvania,Cambria,918,7,0,40.49527404,-78.71377428,42021.0,705.1124493056409,0.7625272331154684,911,913,7,0,906,889,131730,5,0,0,5,24
2020-10-21,US,Pennsylvania,Cameron,8,0,0,41.43625568,-78.20376845,42023.0,179.89655947830002,0.0,8,8,0,0,8,8,4492,0,0,0,0,0
2020-10-21,US,Pennsylvania,Carbon,550,29,0,40.91545395,-75.7068525,42025.0,856.9380823283786,5.2727272727272725,521,548,29,0,519,547,64227,2,0,0,2,1
2020-10-21,US,Pennsylvania,Centre,3778,15,0,40.92058903,-77.82200624,42027.0,2326.5695723127137,0.3970354685018528,3763,3744,15,0,3729,3719,162805,34,0,0,34,25
2020-10-21,US,Pennsylvania,Chester,7730,376,0,39.97291773,-75.74768357,42029.0,1472.411802913966,4.8641655886157835,7354,7701,374,0,7327,7656,522046,29,2,0,27,45
2020-10-21,US,Pennsylvania,Clarion,188,3,0,41.19265812,-79.42413524,42031.0,489.099328789219,1.5957446808510638,185,186,3,0,183,181,38779,2,0,0,2,5
2020-10-21,US,Pennsylvania,Clearfield,407,7,0,41.00110782,-78.47592663,42033.0,513.5322692574601,1.71990171990172,400,400,7,0,393,393,79388,7,0,0,7,7
2020-10-21,US,Pennsylvania,Clinton,245,6,0,41.23255967,-77.63785995,42035.0,634.1892731414372,2.4489795918367347,239,242,6,0,236,241,38684,3,0,0,3,1
2020-10-21,US,Pennsylvania,Columbia,1029,40,0,41.04821986,-76.40565017,42037.0,1583.9541900129302,3.8872691933916426,989,1027,40,0,987,1023,65456,2,0,0,2,4
2020-10-21,US,Pennsylvania,Crawford,417,3,0,41.68447709,-80.10760592,42039.0,492.7388956504272,0.7194244604316546,414,399,3,0,396,392,85063,18,0,0,18,7
2020-10-21,US,Pennsylvania,Cumberland,2361,78,0,40.1625372,-77.26130755,42041.0,931.8388128034101,3.303684879288437,2283,2349,78,0,2271,2254,251423,12,0,0,12,95
2020-10-21,US,Pennsylvania,Dauphin,4486,190,0,40.41377078,-76.77993242,42043.0,1611.9353644820858,4.235399019170753,4296,4448,188,0,4260,4416,277097,38,2,0,36,32
2020-10-21,US,Pennsylvania,Delaware,12756,767,0,39.91680171,-75.40243663,42045.0,2250.7397480710088,6.01285669488868,11989,12716,767,0,11949,12604,564751,40,0,0,40,112
2020-10-21,US,Pennsylvania,Elk,127,2,0,41.42822061,-78.64524744,42047.0,424.6071547977266,1.5748031496062993,125,116,2,0,114,111,30169,11,0,0,11,5
2020-10-21,US,Pennsylvania,Erie,1912,40,0,41.99253829,-80.03301954,42049.0,708.8622612409537,2.092050209205021,1872,1899,39,0,1860,1879,272061,13,1,0,12,20
2020-10-21,US,Pennsylvania,Fayette,945,12,0,39.92041012,-79.64291195,42051.0,731.0054612683139,1.2698412698412698,933,936,12,0,924,930,130441,9,0,0,9,6
2020-10-21,US,Pennsylvania,Forest,18,1,0,41.51095103,-79.23229292,42053.0,248.3786394370084,5.5555555555555545,17,18,1,0,17,18,7279,0,0,0,0,0
2020-10-21,US,Pennsylvania,Franklin,2031,54,0,39.92956518,-77.72157791,42055.0,1310.0943706580144,2.658788774002954,1977,2020,53,0,1967,2003,154835,11,1,0,10,17
2020-10-21,US,Pennsylvania,Fulton,64,3,0,39.92913544,-78.11163677,42057.0,440.46799724707495,4.6875,61,64,2,0,62,63,14523,0,1,0,-1,1
2020-10-21,US,Pennsylvania,Greene,217,1,0,39.85746531,-80.22357106,42059.0,598.901553832142,0.4608294930875576,216,216,1,0,215,214,36506,1,0,0,1,2
2020-10-21,US,Pennsylvania,Huntingdon,768,11,0,40.42162652,-77.97673273,42061.0,1701.222753854333,1.4322916666666667,757,725,11,0,714,710,45168,43,0,0,43,15
2020-10-21,US,Pennsylvania,Indiana,973,15,0,40.65241041,-79.08963285,42063.0,1157.3275605723595,1.5416238437821173,958,966,14,0,952,954,84501,7,1,0,6,12
2020-10-21,US,Pennsylvania,Jefferson,148,3,0,41.12913106,-78.9986361,42065.0,340.8175014392632,2.0270270270270268,145,148,3,0,145,144,43641,0,0,0,0,4
2020-10-21,US,Pennsylvania,Juniata,215,8,0,40.53358749,-77.39975129999998,42067.0,868.2308282518272,3.72093023255814,207,213,8,0,205,213,24704,2,0,0,2,0
2020-10-21,US,Pennsylvania,Lackawanna,3400,218,0,41.43564672,-75.60379201,42069.0,1621.5649055199976,6.411764705882352,3182,3356,217,0,3139,3314,210793,44,1,0,43,42
2020-10-21,US,Pennsylvania,Lancaster,9068,470,0,40.03904563,-76.24770128,42071.0,1661.6458136347312,5.183061314512572,8598,9023,469,0,8554,8974,543557,45,1,0,44,49
2020-10-21,US,Pennsylvania,Lawrence,753,27,0,40.99206278,-80.33393706,42073.0,880.5781644681447,3.585657370517928,726,741,26,0,715,723,86184,12,1,0,11,18
2020-10-21,US,Pennsylvania,Lebanon,2671,66,0,40.36680311,-76.45651841,42075.0,1883.731919065116,2.4709846499438406,2605,2645,66,0,2579,2607,141314,26,0,0,26,38
2020-10-21,US,Pennsylvania,Lehigh,6201,363,0,40.6154815,-75.59435245,42077.0,1679.0408266047143,5.853894533139816,5838,6166,363,0,5803,6149,368100,35,0,0,35,17
2020-10-21,US,Pennsylvania,Luzerne,4824,191,0,41.17823008,-75.98447579,42079.0,1519.7673722579445,3.959369817578773,4633,4781,190,0,4591,4748,317646,43,1,0,42,33
2020-10-21,US,Pennsylvania,Lycoming,902,31,0,41.34310539,-77.06629984,42081.0,796.1235315404373,3.436807095343681,871,891,29,0,862,888,113664,11,2,0,9,3
2020-10-21,US,Pennsylvania,McKean,102,2,0,41.80938602,-78.56478358,42083.0,251.0769230769231,1.96078431372549,100,101,2,0,99,99,40968,1,0,0,1,2
2020-10-21,US,Pennsylvania,Mercer,929,25,0,41.30248872,-80.25816981,42085.0,848.9910805673344,2.6910656620021527,904,916,25,0,891,894,110683,13,0,0,13,22
2020-10-21,US,Pennsylvania,Mifflin,331,3,0,40.61116939,-77.61070738,42087.0,717.4129784559366,0.9063444108761328,328,324,3,0,321,321,46222,7,0,0,7,3
2020-10-21,US,Pennsylvania,Monroe,1944,134,0,41.05934058,-75.34031025,42089.0,1141.7093926740315,6.893004115226338,1810,1940,134,0,1806,1938,169507,4,0,0,4,2
2020-10-21,US,Pennsylvania,Montgomery,13270,892,0,40.21053671,-75.36652296,42091.0,1597.0345943929285,6.721929163526753,12378,13228,892,0,12336,13176,828604,42,0,0,42,52
2020-10-21,US,Pennsylvania,Montour,280,7,0,41.03023987,-76.66345939,42093.0,1535.9297860669226,2.5,273,277,7,0,270,276,18240,3,0,0,3,1
2020-10-21,US,Pennsylvania,Northampton,5108,309,0,40.75182733,-75.30471829,42095.0,1673.190625153545,6.049334377447143,4799,5088,309,0,4779,5062,304807,20,0,0,20,26
2020-10-21,US,Pennsylvania,Northumberland,1359,104,0,40.84785433,-76.70798222,42097.0,1495.9875829728214,7.652685798381162,1255,1351,103,0,1248,1346,91083,8,1,0,7,5
2020-10-21,US,Pennsylvania,Perry,336,6,0,40.40206612,-77.26297447,42099.0,726.1410788381743,1.7857142857142858,330,329,6,0,323,325,46139,7,0,0,7,4
2020-10-21,US,Pennsylvania,Philadelphia,41323,1851,0,40.00338507,-75.1379271,42101.0,2608.6698517231625,4.479345642862328,39472,41094,1849,0,39245,40803,1584138,229,2,0,227,291
2020-10-21,US,Pennsylvania,Pike,613,23,0,41.33155042,-75.03208106,42103.0,1098.3891487036142,3.752039151712888,590,613,23,0,590,613,55933,0,0,0,0,0
2020-10-21,US,Pennsylvania,Potter,43,1,0,41.74471626,-77.89559864,42105.0,260.1960547016822,2.3255813953488373,42,42,1,0,41,41,16622,1,0,0,1,1
2020-10-21,US,Pennsylvania,Schuylkill,1682,76,0,40.70497338,-76.2150785,42107.0,1189.8782532417465,4.5184304399524375,1606,1656,75,0,1581,1632,142067,26,1,0,25,24
2020-10-21,US,Pennsylvania,Snyder,456,15,0,40.77129231,-77.06840691,42109.0,1129.4956900822353,3.2894736842105265,441,452,15,0,437,446,40540,4,0,0,4,6
2020-10-21,US,Pennsylvania,Somerset,334,3,0,39.97172723,-79.02699593,42111.0,454.7496834452054,0.8982035928143712,331,331,3,0,328,325,73952,3,0,0,3,6
2020-10-21,US,Pennsylvania,Sullivan,16,1,0,41.44634738,-76.51246591,42113.0,263.7652489284537,6.25,15,16,1,0,15,16,6071,0,0,0,0,0
2020-10-21,US,Pennsylvania,Susquehanna,381,28,0,41.82147784,-75.80071959,42115.0,944.753025193414,7.349081364829396,353,377,28,0,349,372,40589,4,0,0,4,5
2020-10-21,US,Pennsylvania,Tioga,159,3,0,41.77255149,-77.25433032,42117.0,391.71244857234365,1.8867924528301887,156,155,3,0,152,150,40763,4,0,0,4,5
2020-10-21,US,Pennsylvania,Union,647,8,0,40.96188846,-77.05996014,42119.0,1440.2421921955345,1.2364760432766615,639,646,8,0,638,646,44785,1,0,0,1,0
2020-10-21,US,Pennsylvania,Venango,187,1,0,41.40323442,-79.75845449,42121.0,369.06923502013115,0.5347593582887701,186,179,1,0,178,173,51266,8,0,0,8,6
2020-10-21,US,Pennsylvania,Warren,60,1,0,41.81304978,-79.26969577,42123.0,153.09637416753847,1.6666666666666667,59,59,1,0,58,59,39498,1,0,0,1,0
2020-10-21,US,Pennsylvania,Washington,1718,34,0,40.19208869,-80.24582867,42125.0,830.4933168974934,1.9790454016298016,1684,1699,32,0,1667,1675,207346,19,2,0,17,24
2020-10-21,US,Pennsylvania,Wayne,281,12,0,41.64938475,-75.29956506,42127.0,547.1077276532778,4.270462633451957,269,281,12,0,269,279,51276,0,0,0,0,2
2020-10-21,US,Pennsylvania,Westmoreland,3703,76,0,40.31377979999999,-79.46615476,42129.0,1061.3386682105706,2.0523899540912773,3627,3614,74,0,3540,3550,350611,89,2,0,87,64
2020-10-21,US,Pennsylvania,Wyoming,103,8,0,41.51955538,-76.01074915,42131.0,384.41442113906095,7.766990291262137,95,101,8,0,93,100,27046,2,0,0,2,1
2020-10-21,US,Pennsylvania,York,6013,196,0,39.9210089,-76.73040131,42133.0,1339.0252484088915,3.2596041909196742,5817,5971,193,0,5778,5896,448273,42,3,0,39,75
2020-10-21,US,Puerto Rico,Adjuntas,170,0,0,18.180117000000006,-66.754367,72001.0,872.5555612585333,0.0,170,170,0,0,170,170,,0,0,0,0,0
2020-10-21,US,Puerto Rico,Aguada,400,0,0,18.360255,-67.17513100000001,72003.0,953.3115660525752,0.0,400,400,0,0,400,397,,0,0,0,0,3
2020-10-21,US,Puerto Rico,Aguadilla,528,0,0,18.459681,-67.12081500000001,72005.0,866.2980524700978,0.0,528,527,0,0,527,522,,1,0,0,1,5
2020-10-21,US,Puerto Rico,Aguas Buenas,349,0,0,18.251619,-66.126806,72007.0,1217.7675424822917,0.0,349,345,0,0,345,342,,4,0,0,4,3
2020-10-21,US,Puerto Rico,Aibonito,194,0,0,18.131361,-66.264131,72009.0,749.034749034749,0.0,194,194,0,0,194,191,,0,0,0,0,3
2020-10-21,US,Puerto Rico,Anasco,243,0,0,18.287985,-67.120611,72011.0,830.4569221831108,0.0,243,243,0,0,243,240,,0,0,0,0,3
2020-10-21,US,Puerto Rico,Arecibo,998,0,0,18.406631,-66.675077,72013.0,1034.8403152218996,0.0,998,997,0,0,997,993,,1,0,0,1,4
2020-10-21,US,Puerto Rico,Arroyo,193,0,0,17.998457000000005,-66.056546,72015.0,985.9514687100894,0.0,193,193,0,0,193,190,,0,0,0,0,3
2020-10-21,US,Puerto Rico,Barceloneta,301,0,0,18.445532999999998,-66.56053100000001,72017.0,1212.9271437782074,0.0,301,301,0,0,301,299,,0,0,0,0,2
2020-10-21,US,Puerto Rico,Barranquitas,548,0,0,18.201592,-66.30963,72019.0,1807.5070914968005,0.0,548,548,0,0,548,547,,0,0,0,0,1
2020-10-21,US,Puerto Rico,Bayamon,4538,0,0,18.34946,-66.168435,72021.0,2180.514712948548,0.0,4538,4530,0,0,4530,4499,,8,0,0,8,31
2020-10-21,US,Puerto Rico,Cabo Rojo,485,0,0,18.040993,-67.154391,72023.0,952.5305889977808,0.0,485,485,0,0,485,484,,0,0,0,0,1
2020-10-21,US,Puerto Rico,Caguas,2008,0,0,18.211615,-66.050779,72025.0,1405.247282931984,0.0,2008,2001,0,0,2001,1982,,7,0,0,7,19
2020-10-21,US,Puerto Rico,Camuy,344,0,0,18.418578,-66.860206,72027.0,978.4123553002077,0.0,344,344,0,0,344,342,,0,0,0,0,2
2020-10-21,US,Puerto Rico,Canovanas,850,0,0,18.328802,-65.887612,72029.0,1783.9153794492947,0.0,850,845,0,0,845,816,,5,0,0,5,29
2020-10-21,US,Puerto Rico,Carolina,3692,0,0,18.374986,-65.95683100000001,72031.0,2088.684219458933,0.0,3692,3640,0,0,3640,3444,,52,0,0,52,196
2020-10-21,US,Puerto Rico,Catano,565,0,0,18.437269,-66.14330600000001,72033.0,2007.818052594172,0.0,565,561,0,0,561,559,,4,0,0,4,2
2020-10-21,US,Puerto Rico,Cayey,452,0,0,18.102851,-66.14914,72035.0,939.337891477379,0.0,452,452,0,0,452,452,,0,0,0,0,0
2020-10-21,US,Puerto Rico,Ceiba,176,0,0,18.251818,-65.666416,72037.0,1291.174528647935,0.0,176,175,0,0,175,174,,1,0,0,1,1
2020-10-21,US,Puerto Rico,Ciales,320,0,0,18.28885,-66.516475,72039.0,1703.7589181130868,0.0,320,320,0,0,320,319,,0,0,0,0,1
2020-10-21,US,Puerto Rico,Cidra,389,0,0,18.173559,-66.161179,72041.0,894.6642134314627,0.0,389,388,0,0,388,386,,1,0,0,1,2
2020-10-21,US,Puerto Rico,Coamo,360,0,0,18.097597,-66.36014,72043.0,888.6255924170616,0.0,360,360,0,0,360,360,,0,0,0,0,0
2020-10-21,US,Puerto Rico,Comerio,273,0,0,18.224687,-66.221622,72045.0,1313.8896910193473,0.0,273,273,0,0,273,271,,0,0,0,0,2
2020-10-21,US,Puerto Rico,Corozal,810,0,0,18.304264,-66.327738,72047.0,2180.819557374401,0.0,810,809,0,0,809,798,,1,0,0,1,11
2020-10-21,US,Puerto Rico,Culebra,22,0,0,18.31586,-65.28813000000001,72049.0,1210.1210121012102,0.0,22,22,0,0,22,22,,0,0,0,0,0
2020-10-21,US,Puerto Rico,Dorado,989,0,0,18.436115,-66.278669,72051.0,2591.379536224289,0.0,989,983,0,0,983,976,,6,0,0,6,7
2020-10-21,US,Puerto Rico,Fajardo,682,0,0,18.318373,-65.666866,72053.0,1843.5920309247688,0.0,682,682,0,0,682,680,,0,0,0,0,2
2020-10-21,US,Puerto Rico,Florida,370,0,0,18.373715,-66.560488,72054.0,2917.981072555205,0.0,370,370,0,0,370,370,,0,0,0,0,0
2020-10-21,US,Puerto Rico,Guanica,141,0,0,17.982429,-66.91964300000001,72055.0,725.7939980439594,0.0,141,141,0,0,141,140,,0,0,0,0,1
2020-10-21,US,Puerto Rico,Guayama,359,0,0,18.007516,-66.13390799999999,72057.0,791.4113134341519,0.0,359,359,0,0,359,356,,0,0,0,0,3
2020-10-21,US,Puerto Rico,Guayanilla,233,0,0,18.039942,-66.79186,72059.0,1079.6533988230387,0.0,233,233,0,0,233,230,,0,0,0,0,3
2020-10-21,US,Puerto Rico,Guaynabo,2101,0,0,18.345114000000002,-66.11452299999999,72061.0,2145.5414403006407,0.0,2101,2096,0,0,2096,2084,,5,0,0,5,12
2020-10-21,US,Puerto Rico,Gurabo,687,0,0,18.266461,-65.97970500000001,72063.0,1514.2498181577732,0.0,687,685,0,0,685,674,,2,0,0,2,11
2020-10-21,US,Puerto Rico,Hatillo,394,0,0,18.410928,-66.79632600000001,72065.0,939.146187400186,0.0,394,394,0,0,394,392,,0,0,0,0,2
2020-10-21,US,Puerto Rico,Hormigueros,201,0,0,18.134532,-67.113972,72067.0,1165.2173913043478,0.0,201,201,0,0,201,201,,0,0,0,0,0
2020-10-21,US,Puerto Rico,Humacao,720,0,0,18.145211,-65.810174,72069.0,1231.4849656210447,0.0,720,720,0,0,720,713,,0,0,0,0,7
2020-10-21,US,Puerto Rico,Isabela,346,0,0,18.44981,-67.005093,72071.0,758.256448467051,0.0,346,345,0,0,345,342,,1,0,0,1,3
2020-10-21,US,Puerto Rico,Jayuya,277,0,0,18.211446,-66.58878,72073.0,1664.4634058406439,0.0,277,277,0,0,277,274,,0,0,0,0,3
2020-10-21,US,Puerto Rico,Juana Diaz,421,0,0,18.050764,-66.49458100000001,72075.0,526.9284203411894,0.0,421,421,0,0,421,416,,0,0,0,0,5
2020-10-21,US,Puerto Rico,Juncos,535,0,0,18.223793,-65.909109,72077.0,1327.872921320427,0.0,535,533,0,0,533,529,,2,0,0,2,4
2020-10-21,US,Puerto Rico,Lajas,198,0,0,18.011661,-67.040585,72079.0,768.8424649555393,0.0,198,198,0,0,198,196,,0,0,0,0,2
2020-10-21,US,Puerto Rico,Lares,404,0,0,18.269035000000002,-66.867236,72081.0,1313.6929730432805,0.0,404,404,0,0,404,402,,0,0,0,0,2
2020-10-21,US,Puerto Rico,Las Marias,118,0,0,18.23679,-66.98362,72083.0,1194.2111122356034,0.0,118,118,0,0,118,118,,0,0,0,0,0
2020-10-21,US,Puerto Rico,Las Piedras,612,0,0,18.187527,-65.86946800000001,72085.0,1582.4175824175825,0.0,612,612,0,0,612,606,,0,0,0,0,6
2020-10-21,US,Puerto Rico,Loiza,346,0,0,18.425688,-65.89943000000001,72087.0,1151.03127079175,0.0,346,346,0,0,346,341,,0,0,0,0,5
2020-10-21,US,Puerto Rico,Luquillo,309,0,0,18.342114000000002,-65.72509699999999,72089.0,1539.7647996810842,0.0,309,309,0,0,309,305,,0,0,0,0,4
2020-10-21,US,Puerto Rico,Manati,696,0,0,18.420473,-66.490461,72091.0,1577.766191372158,0.0,696,696,0,0,696,694,,0,0,0,0,2
2020-10-21,US,Puerto Rico,Maricao,92,0,0,18.171795,-66.942126,72093.0,1465.9018483110262,0.0,92,92,0,0,92,92,,0,0,0,0,0
2020-10-21,US,Puerto Rico,Maunabo,168,0,0,18.017889,-65.922235,72095.0,1374.2331288343555,0.0,168,168,0,0,168,168,,0,0,0,0,0
2020-10-21,US,Puerto Rico,Mayaguez,963,0,0,18.2013,-67.1452,72097.0,1081.05074090705,0.0,963,962,0,0,962,956,,1,0,0,1,6
2020-10-21,US,Puerto Rico,Moca,416,0,0,18.377805,-67.080952,72099.0,1037.1737016629684,0.0,416,416,0,0,416,415,,0,0,0,0,1
2020-10-21,US,Puerto Rico,Morovis,587,0,0,18.316963,-66.420383,72101.0,1800.0613308800982,0.0,587,587,0,0,587,585,,0,0,0,0,2
2020-10-21,US,Puerto Rico,Naguabo,352,0,0,18.230636999999998,-65.753897,72103.0,1317.3652694610778,0.0,352,352,0,0,352,349,,0,0,0,0,3
2020-10-21,US,Puerto Rico,Naranjito,776,0,0,18.288019,-66.252703,72105.0,2552.4636537069932,0.0,776,776,0,0,776,773,,0,0,0,0,3
2020-10-21,US,Puerto Rico,Orocovis,402,0,0,18.215046,-66.433604,72107.0,1716.261793963199,0.0,402,402,0,0,402,399,,0,0,0,0,3
2020-10-21,US,Puerto Rico,Out of PR,804,0,0,0.0,0.0,72888.0,0.0,0.0,804,804,0,0,804,804,,0,0,0,0,0
2020-10-21,US,Puerto Rico,Patillas,192,0,0,18.03174,-66.012242,72109.0,996.0056025315142,0.0,192,192,0,0,192,190,,0,0,0,0,2
2020-10-21,US,Puerto Rico,Penuelas,146,0,0,18.059645,-66.721572,72111.0,601.2684292891854,0.0,146,146,0,0,146,143,,0,0,0,0,3
2020-10-21,US,Puerto Rico,Ponce,1161,0,0,18.059498,-66.613748,72113.0,698.0225699976552,0.0,1161,1159,0,0,1159,1127,,2,0,0,2,32
2020-10-21,US,Puerto Rico,Quebradillas,242,0,0,18.439692,-66.926113,72115.0,933.6779968362976,0.0,242,242,0,0,242,240,,0,0,0,0,2
2020-10-21,US,Puerto Rico,Rincon,231,0,0,18.335442999999998,-67.23174,72117.0,1519.7368421052633,0.0,231,231,0,0,231,231,,0,0,0,0,0
2020-10-21,US,Puerto Rico,Rio Grande,771,0,0,18.346329,-65.813742,72119.0,1419.7849145550974,0.0,771,759,0,0,759,745,,12,0,0,12,14
2020-10-21,US,Puerto Rico,Sabana Grande,228,0,0,18.08282,-66.943758,72121.0,902.4341975064316,0.0,228,228,0,0,228,227,,0,0,0,0,1
2020-10-21,US,Puerto Rico,Salinas,516,0,0,18.010386999999994,-66.256592,72123.0,1660.338503121179,0.0,516,516,0,0,516,514,,0,0,0,0,2
2020-10-21,US,Puerto Rico,San German,295,0,0,18.111484,-67.03858100000001,72125.0,830.3543783601202,0.0,295,295,0,0,295,295,,0,0,0,0,0
2020-10-21,US,Puerto Rico,San Juan,9481,0,0,18.386933,-66.061128,72127.0,2398.2738297000446,0.0,9481,9441,0,0,9441,9333,,40,0,0,40,108
2020-10-21,US,Puerto Rico,San Lorenzo,668,0,0,18.147987,-65.976392,72129.0,1626.9667299917194,0.0,668,666,0,0,666,656,,2,0,0,2,10
2020-10-21,US,Puerto Rico,San Sebastian,621,0,0,18.328646,-66.971214,72131.0,1463.5870846099454,0.0,621,621,0,0,621,619,,0,0,0,0,2
2020-10-21,US,Puerto Rico,Santa Isabel,215,0,0,17.994525,-66.388913,72133.0,923.7776059121768,0.0,215,215,0,0,215,214,,0,0,0,0,1
2020-10-21,US,Puerto Rico,Toa Alta,1585,0,0,18.362406,-66.246616,72135.0,2139.983258175141,0.0,1585,1578,0,0,1578,1567,,7,0,0,7,11
2020-10-21,US,Puerto Rico,Toa Baja,1799,0,0,18.431445999999998,-66.213553,72137.0,2007.6108426608926,0.0,1799,1799,0,0,1799,1782,,0,0,0,0,17
2020-10-21,US,Puerto Rico,Trujillo Alto,1368,0,0,18.336159,-65.99888399999999,72139.0,1827.8506720825205,0.0,1368,1362,0,0,1362,1347,,6,0,0,6,15
2020-10-21,US,Puerto Rico,Unassigned,917,774,0,0.0,0.0,72999.0,0.0,84.40567066521265,143,911,769,0,142,902,,6,5,0,1,9
2020-10-21,US,Puerto Rico,Utuado,196,0,0,18.271214,-66.702984,72141.0,591.2697215602279,0.0,196,196,0,0,196,196,,0,0,0,0,0
2020-10-21,US,Puerto Rico,Vega Alta,913,0,0,18.409346,-66.33725,72143.0,2285.29949187755,0.0,913,909,0,0,909,899,,4,0,0,4,10
2020-10-21,US,Puerto Rico,Vega Baja,1131,0,0,18.428262,-66.397924,72145.0,1895.6789916529785,0.0,1131,1128,0,0,1128,1119,,3,0,0,3,9
2020-10-21,US,Puerto Rico,Vieques,102,0,0,18.123276,-65.44097099999999,72147.0,1096.6562735189764,0.0,102,102,0,0,102,102,,0,0,0,0,0
2020-10-21,US,Puerto Rico,Villalba,191,0,0,18.127951,-66.473115,72149.0,732.5585855099146,0.0,191,191,0,0,191,188,,0,0,0,0,3
2020-10-21,US,Puerto Rico,Yabucoa,449,0,0,18.070399,-65.896289,72151.0,1183.4163569753039,0.0,449,449,0,0,449,449,,0,0,0,0,0
2020-10-21,US,Puerto Rico,Yauco,505,0,0,18.080374,-66.858814,72153.0,1201.151202340461,0.0,505,502,0,0,502,486,,3,0,0,3,16
2020-10-21,US,Rhode Island,Bristol,498,18,0,41.71018079,-71.28652315,44001.0,1027.2489118999981,3.614457831325301,480,461,17,0,444,461,48649,37,1,0,36,0
2020-10-21,US,Rhode Island,Kent,2287,117,0,41.67106337,-71.57641596,44003.0,1392.033696102062,5.115872321818976,2170,2145,116,0,2029,2145,163861,142,1,0,141,0
2020-10-21,US,Rhode Island,Newport,631,10,0,41.5642026,-71.26569799,44005.0,768.7434516702809,1.584786053882726,621,582,10,0,572,582,82542,49,0,0,49,0
2020-10-21,US,Rhode Island,Providence,21543,930,0,41.87064746,-71.57753536,44007.0,3371.72558539185,4.3169475003481415,20613,20439,909,0,19530,20439,636084,1104,21,0,1083,0
2020-10-21,US,Rhode Island,Unassigned,2929,17,0,0.0,0.0,90044.0,0.0,0.5804028678729942,2912,3903,35,0,3868,3601,,-974,-18,0,-956,302
2020-10-21,US,Rhode Island,Washington,1235,77,0,41.45961631,-71.61435303,44009.0,983.4603470380723,6.234817813765183,1158,1119,77,0,1042,1119,126179,116,0,0,116,0
2020-10-21,US,South Carolina,Abbeville,718,15,0,34.22333378,-82.46170658,45001.0,2927.386145880051,2.0891364902506964,703,716,15,0,701,713,24541,2,0,0,2,3
2020-10-21,US,South Carolina,Aiken,4830,86,0,33.54338026,-81.63645384,45003.0,2826.677278898825,1.7805383022774328,4744,4816,86,0,4730,4776,169401,14,0,0,14,40
2020-10-21,US,South Carolina,Allendale,428,6,0,32.98837386,-81.35321066,45005.0,4926.33517495396,1.4018691588785046,422,428,6,0,422,428,8903,0,0,0,0,0
2020-10-21,US,South Carolina,Anderson,5329,195,0,34.51828081,-82.63959517,45007.0,2630.851410460214,3.6592231187840114,5134,5275,194,0,5081,5241,200482,54,1,0,53,34
2020-10-21,US,South Carolina,Bamberg,678,35,0,33.21927586,-81.05659969,45009.0,4820.133655623489,5.162241887905606,643,673,35,0,638,670,14275,5,0,0,5,3
2020-10-21,US,South Carolina,Barnwell,861,24,0,33.26679302,-81.43584352,45011.0,4126.329914693761,2.787456445993032,837,856,23,0,833,852,21112,5,1,0,4,4
2020-10-21,US,South Carolina,Beaufort,6015,90,0,32.39226291,-80.72619758,45013.0,3130.823122807383,1.4962593516209477,5925,6002,90,0,5912,5980,188715,13,0,0,13,22
2020-10-21,US,South Carolina,Berkeley,5906,93,0,33.20222596,-79.94654523,45015.0,2591.407898835929,1.574669827294277,5813,5864,93,0,5771,5829,221091,42,0,0,42,35
2020-10-21,US,South Carolina,Calhoun,504,17,0,33.66926881,-80.77722168,45017.0,3463.203463203464,3.373015873015873,487,502,17,0,485,500,14520,2,0,0,2,2
2020-10-21,US,South Carolina,Charleston,16770,271,0,32.82487866,-79.96512315,45019.0,4076.265295109939,1.6159809183064997,16499,16707,271,0,16436,16663,405905,63,0,0,63,44
2020-10-21,US,South Carolina,Cherokee,1398,51,0,35.05122251,-81.61828622,45021.0,2439.7905759162304,3.6480686695278974,1347,1393,51,0,1342,1387,57078,5,0,0,5,6
2020-10-21,US,South Carolina,Chester,1184,24,0,34.69249168,-81.1583216,45023.0,3672.000992432701,2.0270270270270268,1160,1172,24,0,1148,1168,32251,12,0,0,12,4
2020-10-21,US,South Carolina,Chesterfield,1442,42,0,34.64137396,-80.15640140000002,45025.0,3158.8170865279303,2.9126213592233015,1400,1435,42,0,1393,1427,45754,7,0,0,7,8
2020-10-21,US,South Carolina,Clarendon,1148,68,0,33.66610974,-80.21647898,45027.0,3401.985479330271,5.923344947735193,1080,1145,68,0,1077,1144,33700,3,0,0,3,1
2020-10-21,US,South Carolina,Colleton,1212,44,0,32.87582989,-80.67641292,45029.0,3216.8166255275105,3.6303630363036303,1168,1208,44,0,1164,1197,37660,4,0,0,4,11
2020-10-21,US,South Carolina,Darlington,2391,64,0,34.33358335,-79.96027485,45031.0,3589.120057642079,2.6767043078209958,2327,2385,64,0,2321,2368,66802,6,0,0,6,17
2020-10-21,US,South Carolina,Dillon,1275,48,0,34.39007791,-79.37741872,45033.0,4183.2081105023135,3.7647058823529416,1227,1269,47,0,1222,1261,30599,6,1,0,5,8
2020-10-21,US,South Carolina,Dorchester,4655,96,0,33.0794369,-80.40502652,45035.0,2859.178546640542,2.0622986036519872,4559,4625,96,0,4529,4604,160647,30,0,0,30,21
2020-10-21,US,South Carolina,Edgefield,886,21,0,33.77221995,-81.96231108,45037.0,3250.183418928833,2.3702031602708797,865,883,21,0,862,875,27052,3,0,0,3,8
2020-10-21,US,South Carolina,Fairfield,846,38,0,34.39287073,-81.1195624,45039.0,3785.7430527587603,4.491725768321513,808,844,38,0,806,840,22402,2,0,0,2,4
2020-10-21,US,South Carolina,Florence,5427,199,0,34.02361754,-79.70189312,45041.0,3924.2767168258697,3.6668509305325223,5228,5410,199,0,5211,5385,138159,17,0,0,17,25
2020-10-21,US,South Carolina,Georgetown,2238,49,0,33.43443342,-79.33202141,45043.0,3570.5169112954686,2.1894548704200183,2189,2210,47,0,2163,2178,62249,28,2,0,26,32
2020-10-21,US,South Carolina,Greenville,16659,334,0,34.89502264,-82.37295012,45045.0,3181.9796692528967,2.004922264241551,16325,16560,334,0,16226,16469,514213,99,0,0,99,91
2020-10-21,US,South Carolina,Greenwood,2470,74,0,34.15272415,-82.12715789,45047.0,3488.1586194235356,2.9959514170040484,2396,2468,74,0,2394,2454,70741,2,0,0,2,14
2020-10-21,US,South Carolina,Hampton,748,31,0,32.77419582,-81.13845571,45049.0,3891.374466756841,4.144385026737968,717,742,31,0,711,741,19351,6,0,0,6,1
2020-10-21,US,South Carolina,Horry,12047,218,0,33.9212828,-78.99555293,45051.0,3402.3288456596088,1.8095791483356851,11829,11983,217,0,11766,11879,344147,64,1,0,63,104
2020-10-21,US,South Carolina,Jasper,885,23,0,32.43171982,-81.02487495,45053.0,2942.83909154391,2.5988700564971747,862,883,23,0,860,878,28971,2,0,0,2,5
2020-10-21,US,South Carolina,Kershaw,2376,43,0,34.33988254,-80.58763164,45055.0,3570.194287088098,1.8097643097643097,2333,2362,43,0,2319,2345,65592,14,0,0,14,17
2020-10-21,US,South Carolina,Lancaster,2461,57,0,34.68270843,-80.70513032,45057.0,2510.9170305676857,2.3161316537992684,2404,2450,57,0,2393,2438,95380,11,0,0,11,12
2020-10-21,US,South Carolina,Laurens,1844,59,0,34.48244419,-82.00490796,45059.0,2732.1351843894918,3.1995661605206074,1785,1854,59,0,1795,1847,66994,-10,0,0,-10,7
2020-10-21,US,South Carolina,Lee,765,35,0,34.16393091,-80.25690731,45061.0,4545.994770620395,4.575163398692809,730,764,35,0,729,763,17142,1,0,0,1,1
2020-10-21,US,South Carolina,Lexington,8571,196,0,33.89665987,-81.27146426,45063.0,2868.9539748953976,2.2867810057169526,8375,8514,195,0,8319,8469,295032,57,1,0,56,45
2020-10-21,US,South Carolina,Marion,1079,39,0,34.07859748,-79.36400756,45067.0,3519.587696121604,3.614457831325301,1040,1074,37,0,1037,1064,31039,5,2,0,3,10
2020-10-21,US,South Carolina,Marlboro,1073,12,0,34.59905577,-79.67561152,45069.0,4108.277816065549,1.1183597390493942,1061,1065,12,0,1053,1063,26398,8,0,0,8,2
2020-10-21,US,South Carolina,McCormick,264,7,0,33.90161443,-82.30794338,45065.0,2789.812955722287,2.6515151515151514,257,264,7,0,257,263,9410,0,0,0,0,1
2020-10-21,US,South Carolina,Newberry,1564,40,0,34.28629098,-81.59935761,45071.0,4068.6784599375646,2.557544757033248,1524,1555,40,0,1515,1550,38520,9,0,0,9,5
2020-10-21,US,South Carolina,Oconee,2340,31,0,34.75225169,-83.06742317,45073.0,2941.694114097503,1.3247863247863247,2309,2320,31,0,2289,2311,78374,20,0,0,20,9
2020-10-21,US,South Carolina,Orangeburg,3289,130,0,33.4391073,-80.79886287,45075.0,3816.6521612996808,3.9525691699604737,3159,3281,130,0,3151,3273,86934,8,0,0,8,8
2020-10-21,US,South Carolina,Pickens,4022,56,0,34.88807695,-82.72791551,45077.0,3169.824406544561,1.39234211834908,3966,3974,56,0,3918,3933,124937,48,0,0,48,41
2020-10-21,US,South Carolina,Richland,16796,265,0,34.01791263,-80.90267209,45079.0,4039.840388301877,1.577756608716361,16531,16729,263,0,16466,16652,414576,67,2,0,65,77
2020-10-21,US,South Carolina,Saluda,713,22,0,34.00795823,-81.72713237,45081.0,3482.635666487569,3.085553997194951,691,713,22,0,691,713,20544,0,0,0,0,0
2020-10-21,US,South Carolina,Spartanburg,8342,215,0,34.92960077,-81.99225984,45083.0,2608.6276717169353,2.5773195876288657,8127,8290,214,0,8076,8261,313888,52,1,0,51,29
2020-10-21,US,South Carolina,Sumter,3432,85,0,33.91826534,-80.37942316,45085.0,3215.861920334329,2.4766899766899773,3347,3423,85,0,3338,3412,106512,9,0,0,9,11
2020-10-21,US,South Carolina,Union,708,16,0,34.68835752,-81.61730349,45087.0,2591.8875384390108,2.2598870056497176,692,698,16,0,682,697,27410,10,0,0,10,1
2020-10-21,US,South Carolina,Williamsburg,1411,48,0,33.62190129,-79.72767442,45089.0,4646.338250790305,3.401842664776754,1363,1404,48,0,1356,1397,30606,7,0,0,7,7
2020-10-21,US,South Carolina,York,6357,96,0,34.97281497,-81.18085944,45091.0,2262.446659714783,1.5101462954223692,6261,6305,96,0,6209,6251,274118,52,0,0,52,54
2020-10-21,US,South Dakota,Aurora,159,0,0,43.71757685,-98.56050467,46003.0,5779.716466739366,0.0,159,159,0,0,159,158,2801,0,0,0,0,1
2020-10-21,US,South Dakota,Beadle,1094,13,0,44.41464384,-98.27858469,46005.0,5928.57529940931,1.1882998171846435,1081,1078,13,0,1065,1075,18883,16,0,0,16,3
2020-10-21,US,South Dakota,Bennett,136,5,0,43.19486375,-101.6665572,46007.0,4041.604754829124,3.6764705882352944,131,132,5,0,127,127,3468,4,0,0,4,5
2020-10-21,US,South Dakota,Bon Homme,332,1,0,42.98914167,-97.88592746,46009.0,4810.896971453411,0.3012048192771085,331,323,1,0,322,317,6980,9,0,0,9,6
2020-10-21,US,South Dakota,Brookings,1242,2,0,44.36974375,-96.79079945,46011.0,3540.7817088120423,0.1610305958132045,1240,1231,2,0,1229,1223,35232,11,0,0,11,8
2020-10-21,US,South Dakota,Brown,1823,4,0,45.58994323,-98.35165355,46013.0,4693.735678055563,0.21941854086670326,1819,1807,4,0,1803,1784,39316,16,0,0,16,23
2020-10-21,US,South Dakota,Brule,228,2,0,43.71756379,-99.08118954,46015.0,4304.323201812346,0.8771929824561403,226,221,2,0,219,216,5229,7,0,0,7,5
2020-10-21,US,South Dakota,Buffalo,213,4,0,44.07657829,-99.20814467,46017.0,10856.269113149847,1.8779342723004693,209,208,3,0,205,201,2036,5,1,0,4,7
2020-10-21,US,South Dakota,Butte,248,3,0,44.90608745,-103.5079318,46019.0,2377.984466391792,1.2096774193548387,245,239,3,0,236,235,10222,9,0,0,9,4
2020-10-21,US,South Dakota,Campbell,72,0,0,45.77074915,-100.0510181,46021.0,5232.558139534884,0.0,72,70,0,0,70,70,1377,2,0,0,2,0
2020-10-21,US,South Dakota,Charles Mix,320,0,0,43.20660134,-98.58856175,46023.0,3443.822643133879,0.0,320,316,0,0,316,312,9338,4,0,0,4,4
2020-10-21,US,South Dakota,Clark,81,0,0,44.85834507,-97.72925109,46025.0,2168.0942184154173,0.0,81,73,0,0,73,71,3739,8,0,0,8,2
2020-10-21,US,South Dakota,Clay,724,8,0,42.91296147,-96.97656917,46027.0,5145.7000710732045,1.1049723756906078,716,721,8,0,713,710,14041,3,0,0,3,11
2020-10-21,US,South Dakota,Codington,1296,10,0,44.97788119,-97.18827677,46029.0,4627.084151522725,0.7716049382716049,1286,1285,10,0,1275,1267,28015,11,0,0,11,18
2020-10-21,US,South Dakota,Corson,139,1,0,45.70889983,-101.1970473,46031.0,3401.860009789525,0.7194244604316546,138,134,1,0,133,134,4165,5,0,0,5,0
2020-10-21,US,South Dakota,Custer,283,3,0,43.67741105,-103.45345209999999,46033.0,3154.257690592956,1.060070671378092,280,281,3,0,278,272,8726,2,0,0,2,9
2020-10-21,US,South Dakota,Davison,753,4,0,43.67490933,-98.14458906,46035.0,3807.838179519596,0.5312084993359893,749,740,4,0,736,732,19790,13,0,0,13,8
2020-10-21,US,South Dakota,Day,141,1,0,45.367281,-97.60737498,46037.0,2599.5575221238932,0.7092198581560284,140,140,1,0,139,134,5505,1,0,0,1,6
2020-10-21,US,South Dakota,Deuel,157,0,0,44.75994309,-96.66943645,46039.0,3608.365892898185,0.0,157,155,0,0,155,151,4337,2,0,0,2,4
2020-10-21,US,South Dakota,Dewey,276,0,0,45.15639647,-100.8709139,46041.0,4684.317718940937,0.0,276,275,0,0,275,268,5904,1,0,0,1,7
2020-10-21,US,South Dakota,Douglas,151,4,0,43.38520741,-98.36978007,46043.0,5169.4625128380685,2.6490066225165565,147,150,4,0,146,148,2935,1,0,0,1,2
2020-10-21,US,South Dakota,Edmunds,126,1,0,45.41846445,-99.21545423,46045.0,3290.676416819013,0.7936507936507936,125,126,1,0,125,123,3875,0,0,0,0,3
2020-10-21,US,South Dakota,Fall River,173,6,0,43.23929297,-103.5275691,46047.0,2577.089229852525,3.4682080924855487,167,169,6,0,163,167,6758,4,0,0,4,2
2020-10-21,US,South Dakota,Faulk,182,1,0,45.07082625,-99.14535601,46049.0,7916.485428447151,0.5494505494505495,181,166,1,0,165,159,2330,16,0,0,16,7
2020-10-21,US,South Dakota,Grant,273,2,0,45.1723937,-96.77002276,46051.0,3871.242200794101,0.7326007326007326,271,269,2,0,267,262,7147,4,0,0,4,7
2020-10-21,US,South Dakota,Gregory,186,8,0,43.19419064,-99.18883902,46053.0,4444.444444444444,4.301075268817204,178,182,8,0,174,180,4212,4,0,0,4,2
2020-10-21,US,South Dakota,Haakon,70,1,0,44.29299053,-101.539099,46055.0,3686.150605581885,1.4285714285714286,69,68,1,0,67,67,1918,2,0,0,2,1
2020-10-21,US,South Dakota,Hamlin,166,0,0,44.67385954,-97.18829593,46057.0,2693.056456846204,0.0,166,162,0,0,162,159,6111,4,0,0,4,3
2020-10-21,US,South Dakota,Hand,93,1,0,44.54708407,-99.00386459,46059.0,2914.4468818552173,1.075268817204301,92,90,1,0,89,89,3262,3,0,0,3,1
2020-10-21,US,South Dakota,Hanson,68,1,0,43.6746384,-97.78715148,46061.0,1969.302056183029,1.4705882352941178,67,68,1,0,67,65,3376,0,0,0,0,3
2020-10-21,US,South Dakota,Harding,38,0,0,45.58015551,-103.4958629,46063.0,2927.5808936825892,0.0,38,34,0,0,34,33,1249,4,0,0,4,1
2020-10-21,US,South Dakota,Hughes,750,5,0,44.39091534,-99.99661148,46065.0,4279.356384799726,0.6666666666666666,745,744,5,0,739,739,17650,6,0,0,6,5
2020-10-21,US,South Dakota,Hutchinson,199,2,0,43.33449012,-97.75536441,46067.0,2729.3924015910025,1.0050251256281406,197,193,2,0,191,191,7380,6,0,0,6,2
2020-10-21,US,South Dakota,Hyde,35,0,0,44.54747703,-99.48572582,46069.0,2690.238278247502,0.0,35,34,0,0,34,33,1282,1,0,0,1,1
2020-10-21,US,South Dakota,Jackson,94,1,0,43.69318385,-101.6255063,46071.0,2811.0047846889947,1.0638297872340423,93,85,1,0,84,78,3307,9,0,0,9,7
2020-10-21,US,South Dakota,Jerauld,154,6,0,44.06637798,-98.62965972,46073.0,7650.273224043716,3.8961038961038965,148,154,6,0,148,154,2043,0,0,0,0,0
2020-10-21,US,South Dakota,Jones,28,0,0,43.96278565,-100.6940008,46075.0,3100.775193798449,0.0,28,27,0,0,27,27,928,1,0,0,1,0
2020-10-21,US,South Dakota,Kingsbury,149,2,0,44.36956169,-97.4913945,46077.0,3016.8050212593653,1.342281879194631,147,148,2,0,146,143,4919,1,0,0,1,5
2020-10-21,US,South Dakota,Lake,314,8,0,44.02193107,-97.12926365,46079.0,2453.7000859576465,2.5477707006369426,306,309,8,0,301,304,13057,5,0,0,5,5
2020-10-21,US,South Dakota,Lawrence,710,5,0,44.35919441,-103.79294279999999,46081.0,2747.2527472527468,0.7042253521126759,705,693,5,0,688,676,25741,17,0,0,17,17
2020-10-21,US,South Dakota,Lincoln,2313,16,0,43.27841182,-96.72039050000001,46083.0,3783.8633686690223,0.6917423259835711,2297,2273,16,0,2257,2229,58807,40,0,0,40,44
2020-10-21,US,South Dakota,Lyman,213,4,0,43.89522709,-99.85201878,46085.0,5633.430309441946,1.8779342723004693,209,212,4,0,208,210,3821,1,0,0,1,2
2020-10-21,US,South Dakota,Marshall,60,1,0,45.75870838,-97.59855639,46091.0,1215.80547112462,1.6666666666666667,59,60,0,0,60,59,5112,0,1,0,-1,1
2020-10-21,US,South Dakota,McCook,188,1,0,43.6742571,-97.36863144,46087.0,3365.5567490153962,0.5319148936170213,187,187,1,0,186,183,5546,1,0,0,1,4
2020-10-21,US,South Dakota,McPherson,59,0,0,45.76626028,-99.22118798,46089.0,2480.033627574612,0.0,59,56,0,0,56,56,2407,3,0,0,3,0
2020-10-21,US,South Dakota,Meade,826,9,0,44.56676791,-102.71627409999999,46093.0,2915.431314414797,1.089588377723971,817,810,9,0,801,795,28294,16,0,0,16,15
2020-10-21,US,South Dakota,Mellette,54,1,0,43.58078848,-100.7563186,46095.0,2620.087336244541,1.851851851851852,53,53,1,0,52,48,2042,1,0,0,1,5
2020-10-21,US,South Dakota,Miner,121,1,0,44.02197882,-97.60992207,46097.0,5460.288808664261,0.8264462809917356,120,117,0,0,117,114,2213,4,1,0,3,3
2020-10-21,US,South Dakota,Minnehaha,9437,97,0,43.67441641,-96.7910885,46099.0,4886.244783414624,1.027869026173572,9340,9291,97,0,9194,9163,192876,146,0,0,146,128
2020-10-21,US,South Dakota,Moody,179,2,0,44.02266214,-96.67081159,46101.0,2722.019464720195,1.11731843575419,177,176,2,0,174,171,6579,3,0,0,3,5
2020-10-21,US,South Dakota,Oglala Lakota,652,5,0,43.33749164,-102.55554980000001,46102.0,4598.9983776539475,0.7668711656441718,647,614,5,0,609,584,14309,38,0,0,38,30
2020-10-21,US,South Dakota,Pennington,3742,45,0,44.0025835,-102.8240777,46103.0,3288.9474840694347,1.202565473009086,3697,3687,45,0,3642,3591,111729,55,0,0,55,96
2020-10-21,US,South Dakota,Perkins,67,0,0,45.49049506,-102.47555859999999,46105.0,2338.5689354275737,0.0,67,64,0,0,64,62,2922,3,0,0,3,2
2020-10-21,US,South Dakota,Potter,87,0,0,45.06583079,-99.95498503,46107.0,4040.873200185788,0.0,87,84,0,0,84,84,2207,3,0,0,3,0
2020-10-21,US,South Dakota,Roberts,296,4,0,45.62975048,-96.94672673,46109.0,2847.796805849528,1.351351351351351,292,290,4,0,286,279,10447,6,0,0,6,11
2020-10-21,US,South Dakota,Sanborn,74,0,0,44.02351092,-98.09098159999999,46111.0,3156.9965870307174,0.0,74,74,0,0,74,74,2429,0,0,0,0,0
2020-10-21,US,South Dakota,Spink,227,1,0,44.93837606,-98.34626602,46115.0,3560.2258469259723,0.4405286343612335,226,223,1,0,222,220,6495,4,0,0,4,3
2020-10-21,US,South Dakota,Stanley,76,0,0,44.41381872,-100.7349153,46117.0,2453.1956100710136,0.0,76,75,0,0,75,73,3022,1,0,0,1,2
2020-10-21,US,South Dakota,Sully,39,0,0,44.71571812,-100.1278092,46119.0,2803.738317757009,0.0,39,38,0,0,38,37,1392,1,0,0,1,1
2020-10-21,US,South Dakota,Todd,357,5,0,43.19338568,-100.71955030000001,46121.0,3507.909993121745,1.4005602240896358,352,341,5,0,336,314,10283,16,0,0,16,27
2020-10-21,US,South Dakota,Tripp,242,1,0,43.34459388,-99.8854891,46123.0,4447.711817680573,0.4132231404958678,241,240,1,0,239,236,5478,2,0,0,2,4
2020-10-21,US,South Dakota,Turner,399,8,0,43.3109081,-97.14865776,46125.0,4759.064885496183,2.0050125313283207,391,394,8,0,386,387,8424,5,0,0,5,7
2020-10-21,US,South Dakota,Union,673,10,0,42.83112163,-96.6557828,46127.0,4224.2028621641975,1.4858841010401191,663,669,10,0,659,660,15619,4,0,0,4,9
2020-10-21,US,South Dakota,Walworth,254,1,0,45.43019636,-100.03075140000001,46129.0,4673.413063477461,0.3937007874015748,253,247,1,0,246,245,5587,7,0,0,7,2
2020-10-21,US,South Dakota,Yankton,652,5,0,43.00924485,-97.39467635,46135.0,2857.8942754449017,0.7668711656441718,647,642,5,0,637,630,22869,10,0,0,10,12
2020-10-21,US,South Dakota,Ziebach,81,1,0,44.97881876,-101.6654622,46137.0,2939.0420899854853,1.2345679012345678,80,81,1,0,80,78,2742,0,0,0,0,3
2020-10-21,US,Tennessee,Anderson,1596,13,0,36.12684348,-84.19965764,47001.0,2073.319649770064,0.8145363408521303,1583,1567,13,0,1554,1555,76482,29,0,0,29,12
2020-10-21,US,Tennessee,Bedford,1606,20,0,35.51123746,-86.45549096,47003.0,3230.543318649045,1.2453300124533002,1586,1596,20,0,1576,1590,49038,10,0,0,10,6
2020-10-21,US,Tennessee,Benton,396,9,0,36.07110411,-88.06849355,47005.0,2450.4950495049507,2.272727272727273,387,391,9,0,382,387,16184,5,0,0,5,4
2020-10-21,US,Tennessee,Bledsoe,994,4,0,35.59942968,-85.20611967,47007.0,6598.513011152417,0.4024144869215292,990,924,4,0,920,924,14755,70,0,0,70,0
2020-10-21,US,Tennessee,Blount,3170,32,0,35.68938198,-83.92847788,47009.0,2381.8826641019477,1.0094637223974765,3138,3139,32,0,3107,3102,131349,31,0,0,31,37
2020-10-21,US,Tennessee,Bradley,3447,22,0,35.15739424,-84.857186,47011.0,3188.4192026639535,0.6382361473745286,3425,3434,21,0,3413,3408,106727,13,1,0,12,26
2020-10-21,US,Tennessee,Campbell,899,7,0,36.40355516,-84.15108559999999,47013.0,2256.4128306811913,0.7786429365962181,892,885,7,0,878,864,39583,14,0,0,14,21
2020-10-21,US,Tennessee,Cannon,390,2,0,35.80990797,-86.05738983,47015.0,2657.037743561793,0.5128205128205128,388,387,2,0,385,386,14462,3,0,0,3,1
2020-10-21,US,Tennessee,Carroll,1107,24,0,35.97366108,-88.45189331,47017.0,3986.746857780819,2.168021680216802,1083,1094,24,0,1070,1093,28020,13,0,0,13,1
2020-10-21,US,Tennessee,Carter,1439,32,0,36.28969086,-82.12588974,47019.0,2551.8256459364084,2.223766504517026,1407,1428,32,0,1396,1415,56351,11,0,0,11,13
2020-10-21,US,Tennessee,Cheatham,982,11,0,36.26136216,-87.08903581,47021.0,2414.734305456513,1.120162932790224,971,973,11,0,962,969,40439,9,0,0,9,4
2020-10-21,US,Tennessee,Chester,715,14,0,35.42527478,-88.6095842,47023.0,4133.664797363705,1.958041958041958,701,713,14,0,699,712,17276,2,0,0,2,1
2020-10-21,US,Tennessee,Claiborne,506,6,0,36.48319149,-83.65947309,47025.0,1583.2785756750836,1.1857707509881423,500,504,6,0,498,495,31756,2,0,0,2,9
2020-10-21,US,Tennessee,Clay,379,13,0,36.55151008,-85.53930419,47027.0,4977.019041365726,3.430079155672823,366,371,12,0,359,363,7717,8,1,0,7,8
2020-10-21,US,Tennessee,Cocke,952,12,0,35.9278914,-83.11828725,47029.0,2644.1506499277857,1.2605042016806722,940,926,12,0,914,922,35774,26,0,0,26,4
2020-10-21,US,Tennessee,Coffee,1783,20,0,35.49090731,-86.07311784,47031.0,3154.6355272469928,1.1217049915872126,1763,1774,20,0,1754,1760,55700,9,0,0,9,14
2020-10-21,US,Tennessee,Crockett,802,21,0,35.81830662,-89.14916269,47033.0,5635.980323260716,2.6184538653366585,781,783,21,0,762,766,14328,19,0,0,19,17
2020-10-21,US,Tennessee,Cumberland,1536,24,0,35.95271721,-84.99840585,47035.0,2538.0039656311965,1.5625,1512,1501,24,0,1477,1489,59673,35,0,0,35,12
2020-10-21,US,Tennessee,Davidson,30155,328,0,36.17007426,-86.78646056,47037.0,4344.199474460631,1.0877134803515172,29827,29914,326,0,29588,29801,692587,241,2,0,239,113
2020-10-21,US,Tennessee,DeKalb,686,16,0,35.97616272,-85.83689361,47041.0,3347.9746217667152,2.332361516034985,670,677,16,0,661,672,20138,9,0,0,9,5
2020-10-21,US,Tennessee,Decatur,645,11,0,35.60048904,-88.11043779,47039.0,5530.309525850981,1.7054263565891472,634,628,11,0,617,625,11706,17,0,0,17,3
2020-10-21,US,Tennessee,Dickson,1591,19,0,36.14669837,-87.35891709,47043.0,2949.1362052346703,1.1942174732872408,1572,1573,18,0,1555,1562,53446,18,1,0,17,11
2020-10-21,US,Tennessee,Dyer,2071,26,0,36.05931946,-89.41542855,47045.0,5573.34696843295,1.2554321583775954,2045,2037,26,0,2011,2023,37320,34,0,0,34,14
2020-10-21,US,Tennessee,Fayette,1596,22,0,35.19615831,-89.41399032,47047.0,3880.096273065422,1.3784461152882206,1574,1570,22,0,1548,1520,40507,26,0,0,26,50
2020-10-21,US,Tennessee,Fentress,869,8,0,36.38128818,-84.92870012,47049.0,4691.464665550937,0.9205983889528192,861,861,8,0,853,849,18217,8,0,0,8,12
2020-10-21,US,Tennessee,Franklin,1234,16,0,35.15634626,-86.09201039,47051.0,2923.6163760424565,1.2965964343598055,1218,1228,16,0,1212,1211,41890,6,0,0,6,17
2020-10-21,US,Tennessee,Gibson,2078,38,0,35.99438059,-88.93358327,47053.0,4229.336698349378,1.8286814244465832,2040,2059,38,0,2021,2054,49045,19,0,0,19,5
2020-10-21,US,Tennessee,Giles,911,34,0,35.20222469,-87.03992678,47055.0,3091.908770024437,3.7321624588364433,877,901,34,0,867,892,29503,10,0,0,10,9
2020-10-21,US,Tennessee,Grainger,546,4,0,36.27469206,-83.51254721,47057.0,2341.337907375643,0.7326007326007326,542,539,4,0,535,531,23145,7,0,0,7,8
2020-10-21,US,Tennessee,Greene,1575,51,0,36.17470125,-82.84691273,47059.0,2280.328367284889,3.238095238095238,1524,1565,51,0,1514,1556,69087,10,0,0,10,9
2020-10-21,US,Tennessee,Grundy,525,10,0,35.38433717,-85.72142731,47061.0,3910.032025024205,1.9047619047619049,515,524,8,0,516,516,13346,1,2,0,-1,8
2020-10-21,US,Tennessee,Hamblen,2365,43,0,36.21990035,-83.26586179,47063.0,3642.1597314195947,1.818181818181818,2322,2338,43,0,2295,2327,64569,27,0,0,27,11
2020-10-21,US,Tennessee,Hamilton,11289,104,0,35.17670231,-85.16652245,47065.0,3069.2977781644568,0.9212507750907964,11185,11197,103,0,11094,11097,364286,92,1,0,91,100
2020-10-21,US,Tennessee,Hancock,112,3,0,36.52692871,-83.22375847,47067.0,1691.842900302115,2.6785714285714284,109,112,3,0,109,112,6549,0,0,0,0,0
2020-10-21,US,Tennessee,Hardeman,1804,32,0,35.20772017,-88.99161161,47069.0,7201.596806387225,1.7738359201773837,1772,1795,32,0,1763,1787,25220,9,0,0,9,8
2020-10-21,US,Tennessee,Hardin,1336,19,0,35.19732531,-88.18593755,47071.0,5208.170902853579,1.4221556886227544,1317,1322,19,0,1303,1313,25776,14,0,0,14,9
2020-10-21,US,Tennessee,Hawkins,1117,24,0,36.44355426,-82.94885298,47073.0,1967.034128130173,2.1486123545210387,1093,1105,24,0,1081,1099,56530,12,0,0,12,6
2020-10-21,US,Tennessee,Haywood,1200,26,0,35.58332824,-89.28536625,47075.0,6934.812760055478,2.1666666666666665,1174,1195,26,0,1169,1190,17335,5,0,0,5,5
2020-10-21,US,Tennessee,Henderson,1373,25,0,35.65581134,-88.38600175,47077.0,4883.1667674360715,1.8208302986161689,1348,1361,25,0,1336,1354,27847,12,0,0,12,7
2020-10-21,US,Tennessee,Henry,753,10,0,36.33160906,-88.30121797,47079.0,2328.025970010821,1.3280212483399734,743,746,10,0,736,741,32358,7,0,0,7,5
2020-10-21,US,Tennessee,Hickman,745,13,0,35.80609681,-87.47643507,47081.0,2958.9324013027244,1.74496644295302,732,744,13,0,731,739,25063,1,0,0,1,5
2020-10-21,US,Tennessee,Houston,392,15,0,36.28872054,-87.71878828,47083.0,4779.904889647603,3.826530612244898,377,392,15,0,377,389,8263,0,0,0,0,3
2020-10-21,US,Tennessee,Humphreys,419,4,0,36.03958805,-87.77992872,47085.0,2254.870304595845,0.9546539379474941,415,415,4,0,411,409,18486,4,0,0,4,6
2020-10-21,US,Tennessee,Jackson,422,5,0,36.36380466,-85.67239905,47087.0,3580.519260139148,1.1848341232227488,417,422,5,0,417,416,11758,0,0,0,0,6
2020-10-21,US,Tennessee,Jefferson,1483,20,0,36.04818632,-83.45148924,47089.0,2721.350582622259,1.3486176668914365,1463,1466,19,0,1447,1458,54012,17,1,0,16,8
2020-10-21,US,Tennessee,Johnson,1115,7,0,36.45523950000001,-81.84886538,47091.0,6268.270744322015,0.6278026905829597,1108,1106,7,0,1099,1104,17778,9,0,0,9,2
2020-10-21,US,Tennessee,Knox,12081,87,0,35.99508821,-83.94635435,47093.0,2568.714877113752,0.7201390613359822,11994,11936,87,0,11849,11833,465289,145,0,0,145,103
2020-10-21,US,Tennessee,Lake,976,3,0,36.34180170000001,-89.48921915,47095.0,13911.060433295324,0.3073770491803279,973,970,3,0,967,968,7411,6,0,0,6,2
2020-10-21,US,Tennessee,Lauderdale,1345,17,0,35.75893438,-89.63015909999999,47097.0,5247.142355557289,1.2639405204460967,1328,1319,18,0,1301,1308,25825,26,-1,0,27,11
2020-10-21,US,Tennessee,Lawrence,1505,18,0,35.21675201,-87.39787695,47099.0,3409.451316206788,1.196013289036545,1487,1479,18,0,1461,1462,43734,26,0,0,26,17
2020-10-21,US,Tennessee,Lewis,358,2,0,35.52853208,-87.49022694,47101.0,2918.1610694489727,0.5586592178770949,356,352,2,0,350,350,12086,6,0,0,6,2
2020-10-21,US,Tennessee,Lincoln,830,2,0,35.13738622,-86.58910106,47103.0,2415.177792003725,0.24096385542168675,828,814,2,0,812,801,34117,16,0,0,16,13
2020-10-21,US,Tennessee,Loudon,1566,10,0,35.73939663,-84.31145275,47105.0,2896.3527409928242,0.6385696040868455,1556,1550,10,0,1540,1540,53054,16,0,0,16,10
2020-10-21,US,Tennessee,Macon,1269,24,0,36.53157855,-86.00778595,47111.0,5158.117226241769,1.8912529550827424,1245,1263,24,0,1239,1257,24265,6,0,0,6,6
2020-10-21,US,Tennessee,Madison,3665,79,0,35.61181957,-88.84076036,47113.0,3740.4065969954277,2.155525238744884,3586,3630,79,0,3551,3613,97605,35,0,0,35,17
2020-10-21,US,Tennessee,Marion,715,9,0,35.12997174,-85.62265895,47115.0,2473.449337530702,1.2587412587412588,706,708,9,0,699,699,28575,7,0,0,7,9
2020-10-21,US,Tennessee,Marshall,1063,8,0,35.45798777,-86.76420988,47117.0,3092.3636363636365,0.7525870178739417,1055,1056,8,0,1048,1052,33683,7,0,0,7,4
2020-10-21,US,Tennessee,Maury,3112,36,0,35.618741299999996,-87.07462444,47119.0,3228.651166651104,1.1568123393316196,3076,3081,35,0,3046,3074,94340,31,1,0,30,7
2020-10-21,US,Tennessee,McMinn,1542,32,0,35.42812616,-84.61520715,47107.0,2866.4906866936835,2.075226977950713,1510,1522,32,0,1490,1508,53285,20,0,0,20,14
2020-10-21,US,Tennessee,McNairy,1096,26,0,35.17468549,-88.5647812,47109.0,4265.587296645132,2.372262773722628,1070,1091,26,0,1065,1088,25832,5,0,0,5,3
2020-10-21,US,Tennessee,Meigs,297,5,0,35.51558739,-84.81482914,47121.0,2390.9193366607637,1.6835016835016836,292,296,5,0,291,294,12306,1,0,0,1,2
2020-10-21,US,Tennessee,Monroe,1382,27,0,35.44550387,-84.24902965,47123.0,2969.169620797078,1.9536903039073803,1355,1370,27,0,1343,1348,46357,12,0,0,12,22
2020-10-21,US,Tennessee,Montgomery,3933,51,0,36.49609412,-87.38550661,47125.0,1881.881211332437,1.2967200610221206,3882,3872,51,0,3821,3857,205950,61,0,0,61,15
2020-10-21,US,Tennessee,Moore,249,2,0,35.27724699,-86.36230578,47127.0,3837.854500616522,0.8032128514056225,247,245,2,0,243,245,6411,4,0,0,4,0
2020-10-21,US,Tennessee,Morgan,416,7,0,36.13248031,-84.64880098,47129.0,1943.6527589590244,1.6826923076923077,409,411,6,0,405,408,21579,5,1,0,4,3
2020-10-21,US,Tennessee,Obion,1664,20,0,36.35732446,-89.14921589,47131.0,5533.938607868569,1.2019230769230769,1644,1649,18,0,1631,1636,30267,15,2,0,13,13
2020-10-21,US,Tennessee,Out of TN,3761,35,0,0.0,0.0,80047.0,0.0,0.930603562882212,3726,3775,35,0,3740,3794,,-14,0,0,-14,-19
2020-10-21,US,Tennessee,Overton,1152,11,0,36.34117832,-85.28989535,47133.0,5179.623218380469,0.9548611111111112,1141,1133,11,0,1122,1112,22068,19,0,0,19,21
2020-10-21,US,Tennessee,Perry,253,1,0,35.63708728,-87.86139634,47135.0,3132.738979692917,0.3952569169960474,252,208,1,0,207,204,8064,45,0,0,45,4
2020-10-21,US,Tennessee,Pickett,250,5,0,36.55606529,-85.07763299999998,47137.0,4952.456418383518,2.0,245,249,5,0,244,244,5082,1,0,0,1,5
2020-10-21,US,Tennessee,Polk,476,13,0,35.12245443,-84.52075859,47139.0,2827.946768060837,2.73109243697479,463,474,13,0,461,469,16898,2,0,0,2,5
2020-10-21,US,Tennessee,Putnam,4230,54,0,36.14005459,-85.50646123,47141.0,5271.35647080815,1.2765957446808511,4176,4156,53,0,4103,4110,78843,74,1,0,73,46
2020-10-21,US,Tennessee,Rhea,1059,16,0,35.60536161,-84.93076643,47143.0,3192.9327343443792,1.5108593012275733,1043,1049,16,0,1033,1048,33044,10,0,0,10,1
2020-10-21,US,Tennessee,Roane,1224,7,0,35.84923189,-84.52458689,47145.0,2292.907721703945,0.5718954248366013,1217,1201,7,0,1194,1185,53140,23,0,0,23,16
2020-10-21,US,Tennessee,Robertson,2510,40,0,36.52454807,-86.87346725,47147.0,3495.188893375851,1.593625498007968,2470,2498,39,0,2459,2485,71012,12,1,0,11,13
2020-10-21,US,Tennessee,Rutherford,11165,107,0,35.84591405,-86.4107263,47149.0,3360.067412010773,0.9583519928347516,11058,11090,106,0,10984,11031,324890,75,1,0,74,59
2020-10-21,US,Tennessee,Scott,344,4,0,36.42325673,-84.50360494,47151.0,1558.8181982961755,1.162790697674419,340,332,4,0,328,324,22039,12,0,0,12,8
2020-10-21,US,Tennessee,Sequatchie,330,4,0,35.36979721,-85.41022136,47153.0,2196.193265007321,1.2121212121212122,326,329,4,0,325,329,14876,1,0,0,1,0
2020-10-21,US,Tennessee,Sevier,3224,21,0,35.78077323,-83.52244332,47155.0,3281.424936386769,0.6513647642679901,3203,3173,21,0,3152,3149,97892,51,0,0,51,24
2020-10-21,US,Tennessee,Shelby,34739,553,0,35.1864775,-89.89692423,47157.0,3706.813947582392,1.591870808025562,34186,34523,553,0,33970,34370,935764,216,0,0,216,153
2020-10-21,US,Tennessee,Smith,954,12,0,36.25359775,-85.95411046,47159.0,4732.847149873493,1.2578616352201255,942,947,13,0,934,933,19942,7,-1,0,8,14
2020-10-21,US,Tennessee,Stewart,312,8,0,36.50235092,-87.83920548,47161.0,2274.8815165876777,2.5641025641025643,304,311,7,0,304,308,13561,1,1,0,0,3
2020-10-21,US,Tennessee,Sullivan,3321,46,0,36.51240691,-82.30412917,47163.0,2097.2794099072926,1.385124962360735,3275,3248,45,0,3203,3188,157668,73,1,0,72,60
2020-10-21,US,Tennessee,Sumner,5715,107,0,36.46824103,-86.45917204,47165.0,2987.7197660011607,1.872265966754156,5608,5664,107,0,5557,5636,187149,51,0,0,51,28
2020-10-21,US,Tennessee,Tipton,2235,22,0,35.501942,-89.73694895,47167.0,3628.3056543125695,0.9843400447427292,2213,2206,22,0,2184,2192,61581,29,0,0,29,14
2020-10-21,US,Tennessee,Trousdale,1744,7,0,36.39026213,-86.16087954,47169.0,15455.512229705779,0.4013761467889908,1737,1743,7,0,1736,1740,11012,1,0,0,1,3
2020-10-21,US,Tennessee,Unassigned,3755,4,0,0.0,0.0,90047.0,0.0,0.10652463382157124,3751,3726,4,0,3722,3765,,29,0,0,29,-39
2020-10-21,US,Tennessee,Unicoi,373,2,0,36.10890856,-82.43709629,47171.0,2085.7797908628304,0.5361930294906166,371,367,2,0,365,364,17761,6,0,0,6,3
2020-10-21,US,Tennessee,Union,514,2,0,36.28590426,-83.83651902,47173.0,2573.6030442619667,0.3891050583657588,512,499,2,0,497,493,19688,15,0,0,15,6
2020-10-21,US,Tennessee,Van Buren,195,1,0,35.69864497,-85.45221699,47175.0,3320.844686648501,0.5128205128205128,194,191,1,0,190,191,5765,4,0,0,4,0
2020-10-21,US,Tennessee,Warren,1368,10,0,35.672829899999996,-85.77969117,47177.0,3314.1943455192963,0.7309941520467836,1358,1351,10,0,1341,1339,40878,17,0,0,17,12
2020-10-21,US,Tennessee,Washington,3182,44,0,36.29472368,-82.49454720000001,47179.0,2459.5169082125603,1.3827781269641737,3138,3132,44,0,3088,3080,128607,50,0,0,50,52
2020-10-21,US,Tennessee,Wayne,1569,7,0,35.23868267,-87.78644456,47181.0,9410.424038865229,0.4461440407903123,1562,1565,7,0,1558,1560,16558,4,0,0,4,5
2020-10-21,US,Tennessee,Weakley,1453,25,0,36.29896232,-88.71990865,47183.0,4359.6975516082575,1.7205781142463867,1428,1444,25,0,1419,1434,33415,9,0,0,9,10
2020-10-21,US,Tennessee,White,1122,14,0,35.92929884,-85.45591799,47185.0,4103.12671420735,1.2477718360071302,1108,1102,14,0,1088,1076,27107,20,0,0,20,26
2020-10-21,US,Tennessee,Williamson,6707,51,0,35.89099229,-86.89281867,47187.0,2813.1973222824354,0.7603995825257194,6656,6656,49,0,6607,6618,231729,51,2,0,49,38
2020-10-21,US,Tennessee,Wilson,4455,53,0,36.15496772,-86.29775884,47189.0,3079.6988738878863,1.1896745230078565,4402,4431,53,0,4378,4402,140625,24,0,0,24,29
2020-10-21,US,Texas,Anderson,2922,39,0,31.81534745,-95.65354823,48001.0,5061.054819433619,1.3347022587268993,2883,2920,38,0,2882,2909,58057,2,1,0,1,11
2020-10-21,US,Texas,Andrews,567,10,0,32.30468633,-102.63765479999999,48003.0,3031.2750601443463,1.7636684303350971,557,549,10,0,539,547,18128,18,0,0,18,2
2020-10-21,US,Texas,Angelina,2277,90,0,31.25457347,-94.60901487,48005.0,2625.843279709393,3.9525691699604737,2187,2251,88,0,2163,2251,87092,26,2,0,24,0
2020-10-21,US,Texas,Aransas,340,18,0,28.10556197,-96.9995047,48007.0,1446.193109315185,5.294117647058823,322,340,18,0,322,341,23792,0,0,0,0,-1
2020-10-21,US,Texas,Archer,133,1,0,33.61569967,-98.68754589,48009.0,1555.0099380334384,0.7518796992481203,132,114,1,0,113,114,8786,19,0,0,19,0
2020-10-21,US,Texas,Armstrong,21,1,0,34.96507426,-101.35748740000001,48011.0,1112.8775834658188,4.761904761904762,20,18,1,0,17,18,1892,3,0,0,3,0
2020-10-21,US,Texas,Atascosa,1265,35,0,28.89333001,-98.52730485,48013.0,2472.9732371512914,2.766798418972332,1230,1257,35,0,1222,1257,50310,8,0,0,8,0
2020-10-21,US,Texas,Austin,509,9,0,29.88548725,-96.27736949,48015.0,1694.8588172615875,1.7681728880157166,500,508,9,0,499,507,29989,1,0,0,1,1
2020-10-21,US,Texas,Bailey,264,5,0,34.06854817,-102.8299707,48017.0,3771.4285714285716,1.893939393939394,259,264,5,0,259,264,7027,0,0,0,0,0
2020-10-21,US,Texas,Bandera,184,8,0,29.74619598,-99.24598147,48019.0,796.123226029768,4.3478260869565215,176,183,8,0,175,183,22824,1,0,0,1,0
2020-10-21,US,Texas,Bastrop,1949,31,0,30.10370699,-97.31206354,48021.0,2196.7246373544626,1.590559261159569,1918,1946,31,0,1915,1945,86976,3,0,0,3,1
2020-10-21,US,Texas,Baylor,43,2,0,33.61640794,-99.21352901,48023.0,1225.420347677401,4.651162790697675,41,42,2,0,40,42,3582,1,0,0,1,0
2020-10-21,US,Texas,Bee,1845,39,0,28.41761668,-97.74215593,48025.0,5665.591893136803,2.1138211382113816,1806,1836,39,0,1797,1831,32587,9,0,0,9,5
2020-10-21,US,Texas,Bell,6158,96,0,31.03736027,-97.4785025,48027.0,1696.7739802272656,1.5589477102955505,6062,6133,96,0,6037,6064,355642,25,0,0,25,69
2020-10-21,US,Texas,Bexar,63807,1385,0,29.44928723,-98.52019748,48029.0,3184.690804440509,2.170608240475183,62422,63594,1383,0,62211,63426,1986049,213,2,0,211,168
2020-10-21,US,Texas,Blanco,153,6,0,30.26640707,-98.3999852,48031.0,1282.3736484787528,3.92156862745098,147,153,6,0,147,153,11702,0,0,0,0,0
2020-10-21,US,Texas,Borden,2,0,0,32.74363984,-101.43165090000001,48033.0,305.8103975535168,0.0,2,2,0,0,2,2,648,0,0,0,0,0
2020-10-21,US,Texas,Bosque,385,10,0,31.89978581,-97.63613524,48035.0,2060.476317902061,2.5974025974025974,375,385,10,0,375,385,18691,0,0,0,0,0
2020-10-21,US,Texas,Bowie,1730,72,0,33.44626922,-94.41834132,48037.0,1855.3273633975007,4.161849710982659,1658,1703,72,0,1631,1681,94324,27,0,0,27,22
2020-10-21,US,Texas,Brazoria,12060,179,0,29.18757369,-95.44563172,48039.0,3222.324348588162,1.48424543946932,11881,12027,179,0,11848,12008,370200,33,0,0,33,19
2020-10-21,US,Texas,Brazos,7368,66,0,30.663644800000004,-96.30205577,48041.0,3214.5054120439245,0.8957654723127035,7302,7337,66,0,7271,7317,226758,31,0,0,31,20
2020-10-21,US,Texas,Brewster,246,5,0,29.81008251,-103.25203259999999,48043.0,2673.041399543627,2.0325203252032518,241,248,5,0,243,246,9267,-2,0,0,-2,2
2020-10-21,US,Texas,Briscoe,20,1,0,34.53026962,-101.2084947,48045.0,1293.6610608020699,5.0,19,20,1,0,19,18,1516,0,0,0,0,2
2020-10-21,US,Texas,Brooks,341,23,0,27.03103197,-98.21808402,48047.0,4807.556746087692,6.744868035190616,318,350,23,0,327,341,7114,-9,0,0,-9,9
2020-10-21,US,Texas,Brown,640,28,0,31.77430356,-98.99907113,48049.0,1690.2598774561588,4.375,612,636,26,0,610,632,37924,4,2,0,2,4
2020-10-21,US,Texas,Burleson,421,6,0,30.49273808,-96.62158484,48051.0,2282.708886840536,1.4251781472684086,415,421,6,0,415,420,18389,0,0,0,0,1
2020-10-21,US,Texas,Burnet,854,12,0,30.78801353,-98.181887,48053.0,1773.4399335479181,1.4051522248243558,842,861,12,0,849,854,47542,-7,0,0,-7,7
2020-10-21,US,Texas,Caldwell,1675,37,0,29.83668859,-97.61814775,48055.0,3836.112128984976,2.2089552238805967,1638,1680,37,0,1643,1675,43247,-5,0,0,-5,5
2020-10-21,US,Texas,Calhoun,880,9,0,28.47048236,-96.61633945,48057.0,4133.395960544857,1.0227272727272727,871,882,9,0,873,882,21561,-2,0,0,-2,0
2020-10-21,US,Texas,Callahan,112,4,0,32.29760619,-99.37326312,48059.0,803.2704582944847,3.571428571428572,108,110,4,0,106,110,13994,2,0,0,2,0
2020-10-21,US,Texas,Cameron,23871,1070,0,26.14524221,-97.48140372,48061.0,5641.08865850748,4.482426375099493,22801,23818,1068,0,22750,23709,423908,53,2,0,51,109
2020-10-21,US,Texas,Camp,388,13,0,32.97195142,-94.97790104,48063.0,2963.189246983351,3.3505154639175267,375,388,13,0,375,384,13033,0,0,0,0,4
2020-10-21,US,Texas,Carson,52,0,0,35.40365929,-101.35426690000001,48065.0,877.4890313871077,0.0,52,50,0,0,50,49,6005,2,0,0,2,1
2020-10-21,US,Texas,Cass,477,22,0,33.07499881,-94.34646905,48067.0,1588.6231932325318,4.612159329140461,455,468,21,0,447,461,30119,9,1,0,8,7
2020-10-21,US,Texas,Castro,289,6,0,34.53016752,-102.2617243,48069.0,3837.981407702523,2.0761245674740483,283,289,6,0,283,287,7665,0,0,0,0,2
2020-10-21,US,Texas,Chambers,1524,8,0,29.70972016,-94.67154501,48071.0,3476.515272486712,0.5249343832020997,1516,1521,8,0,1513,1497,42454,3,0,0,3,24
2020-10-21,US,Texas,Cherokee,1616,32,0,31.837258000000002,-95.16559897,48073.0,3069.558940850207,1.98019801980198,1584,1615,32,0,1583,1611,52592,1,0,0,1,4
2020-10-21,US,Texas,Childress,107,0,0,34.529304100000004,-100.2077916,48075.0,1464.5496851902544,0.0,107,104,0,0,104,91,7291,3,0,0,3,13
2020-10-21,US,Texas,Clay,103,2,0,33.78686685,-98.20771198,48077.0,983.6691815490402,1.9417475728155342,101,97,2,0,95,97,10456,6,0,0,6,0
2020-10-21,US,Texas,Cochran,90,1,0,33.60425307,-102.82844990000001,48079.0,3154.5741324921137,1.1111111111111112,89,89,1,0,88,81,2836,1,0,0,1,8
2020-10-21,US,Texas,Coke,90,4,0,31.88911733,-100.5297533,48081.0,2657.2187776793617,4.4444444444444455,86,90,4,0,86,84,3370,0,0,0,0,6
2020-10-21,US,Texas,Coleman,85,4,0,31.76736834,-99.45240766,48083.0,1039.7553516819569,4.705882352941177,81,84,4,0,80,84,8397,1,0,0,1,0
2020-10-21,US,Texas,Collin,17122,173,0,33.18820114,-96.57264368,48085.0,1654.7311859132337,1.0103959817778296,16949,17048,172,0,16876,16937,1005146,74,1,0,73,111
2020-10-21,US,Texas,Collingsworth,20,0,0,34.96489496,-100.27001109999999,48087.0,684.931506849315,0.0,20,20,0,0,20,19,2962,0,0,0,0,1
2020-10-21,US,Texas,Colorado,498,4,0,29.622097999999998,-96.5273805,48089.0,2317.033452752059,0.8032128514056225,494,498,4,0,494,498,21217,0,0,0,0,0
2020-10-21,US,Texas,Comal,2823,106,0,29.80811278,-98.27647225,48091.0,1807.1942077601168,3.75487070492384,2717,2823,106,0,2717,2822,148373,0,0,0,0,1
2020-10-21,US,Texas,Comanche,348,5,0,31.94854689,-98.55876441,48093.0,2552.2552255225523,1.4367816091954022,343,343,5,0,338,343,13534,5,0,0,5,0
2020-10-21,US,Texas,Concho,141,2,0,31.32635934,-99.86473038,48095.0,5172.4137931034475,1.4184397163120568,139,141,2,0,139,140,4276,0,0,0,0,1
2020-10-21,US,Texas,Cooke,524,8,0,33.63979567,-97.21240912,48097.0,1270.087500302979,1.5267175572519085,516,505,7,0,498,505,40574,19,1,0,18,0
2020-10-21,US,Texas,Coryell,1937,13,0,31.39078397,-97.79936155,48099.0,2550.328501270556,0.6711409395973155,1924,1940,13,0,1927,1941,74808,-3,0,0,-3,-1
2020-10-21,US,Texas,Cottle,33,3,0,34.07783319,-100.27850620000001,48101.0,2360.5150214592277,9.090909090909092,30,33,3,0,30,33,1389,0,0,0,0,0
2020-10-21,US,Texas,Crane,73,2,0,31.43052248,-102.5143314,48103.0,1521.7844486137174,2.7397260273972597,71,73,2,0,71,73,4794,0,0,0,0,0
2020-10-21,US,Texas,Crockett,166,7,0,30.72367027,-101.4134238,48105.0,4792.147806004619,4.216867469879518,159,166,7,0,159,166,3499,0,0,0,0,0
2020-10-21,US,Texas,Crosby,108,6,0,33.61431553,-101.30003640000001,48107.0,1882.5169949450933,5.5555555555555545,102,105,6,0,99,105,5779,3,0,0,3,0
2020-10-21,US,Texas,Culberson,88,2,0,31.44506775,-104.5185739,48109.0,4053.431598341777,2.272727272727273,86,88,2,0,86,84,2204,0,0,0,0,4
2020-10-21,US,Texas,Dallam,332,10,0,36.27787176,-102.60207249999999,48111.0,4556.0587347330875,3.0120481927710845,322,332,10,0,322,331,7200,0,0,0,0,1
2020-10-21,US,Texas,Dallas,91313,1205,0,32.76670599,-96.77796049999999,48113.0,3464.710515891385,1.3196368534600769,90108,90318,1201,0,89117,90318,2637772,995,4,0,991,0
2020-10-21,US,Texas,Dawson,762,15,0,32.74255572,-101.94772420000001,48115.0,5986.800754242615,1.9685039370078738,747,749,15,0,734,713,12619,13,0,0,13,36
2020-10-21,US,Texas,DeWitt,1072,42,0,29.08101855,-97.35681170000001,48123.0,5317.460317460317,3.917910447761194,1030,1058,42,0,1016,1058,20187,14,0,0,14,0
2020-10-21,US,Texas,Deaf Smith,988,25,0,34.96522957,-102.6054267,48117.0,5327.294295265826,2.530364372469636,963,968,25,0,943,965,18760,20,0,0,20,3
2020-10-21,US,Texas,Delta,32,0,0,33.38570922,-95.66921122,48119.0,600.2626148940161,0.0,32,32,0,0,32,32,5349,0,0,0,0,0
2020-10-21,US,Texas,Denton,13773,166,0,33.20521901,-97.11691153,48121.0,1552.3998345369232,1.205256661584259,13607,13661,166,0,13495,13547,859064,112,0,0,112,114
2020-10-21,US,Texas,Dickens,51,2,0,33.61616822,-100.7788855,48125.0,2306.648575305292,3.92156862745098,49,51,2,0,49,51,2249,0,0,0,0,0
2020-10-21,US,Texas,Dimmit,283,7,0,28.42270064,-99.75645095,48127.0,2795.337811141841,2.4734982332155475,276,277,7,0,270,276,10308,6,0,0,6,1
2020-10-21,US,Texas,Donley,84,1,0,34.96517499,-100.8140093,48129.0,2562.538133007932,1.1904761904761905,83,83,1,0,82,82,3319,1,0,0,1,1
2020-10-21,US,Texas,Duval,471,21,0,27.68184592,-98.50864568,48131.0,4221.564936810971,4.4585987261146505,450,470,20,0,450,469,11212,1,1,0,0,1
2020-10-21,US,Texas,Eastland,235,6,0,32.32743996,-98.83243566,48133.0,1279.9564270152505,2.5531914893617023,229,226,6,0,220,226,18322,9,0,0,9,0
2020-10-21,US,Texas,Ector,5913,115,0,31.86898877,-102.54294279999999,48135.0,3557.269451279305,1.9448672416708943,5798,5832,114,0,5718,5726,162124,81,1,0,80,106
2020-10-21,US,Texas,Edwards,68,2,0,29.98202582,-100.304252,48137.0,3519.6687370600416,2.9411764705882355,66,66,2,0,64,66,1928,2,0,0,2,0
2020-10-21,US,Texas,El Paso,34760,579,0,31.76980765,-106.23632749999999,48141.0,4141.852489996878,1.6657077100115074,34181,34035,576,0,33459,33326,840758,725,3,0,722,709
2020-10-21,US,Texas,Ellis,4796,75,0,32.34894117,-96.79371841,48139.0,2594.873015701254,1.5638031693077563,4721,4729,75,0,4654,4729,179436,67,0,0,67,0
2020-10-21,US,Texas,Erath,991,13,0,32.23602653,-98.21773417,48143.0,2320.951801021125,1.311806256306761,978,974,13,0,961,974,42446,17,0,0,17,0
2020-10-21,US,Texas,Falls,639,5,0,31.25350609,-96.93630086,48145.0,3694.282245476094,0.7824726134585289,634,640,5,0,635,635,17335,-1,0,0,-1,5
2020-10-21,US,Texas,Fannin,755,16,0,33.59564294,-96.10751083,48147.0,2125.922171537985,2.119205298013245,739,746,16,0,730,746,35286,9,0,0,9,0
2020-10-21,US,Texas,Fayette,656,22,0,29.87788372,-96.92076062,48149.0,2588.17959441332,3.3536585365853657,634,656,22,0,634,656,25349,0,0,0,0,0
2020-10-21,US,Texas,Fisher,91,3,0,32.74281316,-100.40193020000001,48151.0,2375.9791122715405,3.2967032967032965,88,88,3,0,85,83,3839,3,0,0,3,5
2020-10-21,US,Texas,Floyd,121,9,0,34.07227468,-101.3031546,48153.0,2118.347338935574,7.43801652892562,112,120,9,0,111,120,5837,1,0,0,1,0
2020-10-21,US,Texas,Foard,20,0,0,33.97308618,-99.7767797,48155.0,1731.6017316017317,0.0,20,20,0,0,20,20,1200,0,0,0,0,0
2020-10-21,US,Texas,Fort Bend,17351,303,0,29.52704478,-95.77219463,48157.0,2137.644020855304,1.7462970433980751,17048,17238,303,0,16935,17157,787858,113,0,0,113,81
2020-10-21,US,Texas,Franklin,183,7,0,33.17653242,-95.21917243,48159.0,1706.2937062937065,3.8251366120218577,176,181,6,0,175,170,10766,2,1,0,1,11
2020-10-21,US,Texas,Freestone,440,4,0,31.70422788,-96.15072516,48161.0,2231.5768118882183,0.9090909090909092,436,443,4,0,439,438,19808,-3,0,0,-3,5
2020-10-21,US,Texas,Frio,1008,9,0,28.86751206,-99.10804207,48163.0,4964.050034472571,0.8928571428571429,999,1015,9,0,1006,1013,19816,-7,0,0,-7,2
2020-10-21,US,Texas,Gaines,493,10,0,32.74055318,-102.6353295,48165.0,2293.876791364229,2.028397565922921,483,484,10,0,474,461,20901,9,0,0,9,23
2020-10-21,US,Texas,Galveston,12172,168,0,29.40167322,-94.90469073,48167.0,3557.6183948629064,1.3802168912257642,12004,12123,168,0,11955,12090,337890,49,0,0,49,33
2020-10-21,US,Texas,Garza,121,5,0,33.17969345,-101.2984114,48169.0,1942.5268903515807,4.132231404958676,116,120,4,0,116,118,6578,1,1,0,0,2
2020-10-21,US,Texas,Gillespie,351,10,0,30.31824095,-98.94676915,48171.0,1300.578034682081,2.849002849002849,341,350,10,0,340,349,26804,1,0,0,1,1
2020-10-21,US,Texas,Glasscock,12,0,0,31.86942909,-101.5207776,48173.0,851.6678495386798,0.0,12,11,0,0,11,11,1388,1,0,0,1,0
2020-10-21,US,Texas,Goliad,157,6,0,28.65696592,-97.42760647,48175.0,2050.1436406372422,3.8216560509554136,151,157,6,0,151,157,7584,0,0,0,0,0
2020-10-21,US,Texas,Gonzales,1110,20,0,29.45634206,-97.49424032,48177.0,5327.062437011085,1.8018018018018016,1090,1095,19,0,1076,1095,20826,15,1,0,14,0
2020-10-21,US,Texas,Gray,408,10,0,35.40081878,-100.8129222,48179.0,1864.2054281275696,2.4509803921568634,398,405,10,0,395,397,21895,3,0,0,3,8
2020-10-21,US,Texas,Grayson,2340,62,0,33.62744998,-96.67753461,48181.0,1717.9103162716942,2.649572649572649,2278,2283,60,0,2223,2280,133991,57,2,0,55,3
2020-10-21,US,Texas,Gregg,2470,83,0,32.47940482,-94.81591935,48183.0,1992.819395699705,3.360323886639676,2387,2444,83,0,2361,2431,123707,26,0,0,26,13
2020-10-21,US,Texas,Grimes,1157,35,0,30.54579585,-95.98902499,48185.0,4006.2326869806093,3.025064822817632,1122,1156,35,0,1121,1152,28360,1,0,0,1,4
2020-10-21,US,Texas,Guadalupe,3806,79,0,29.58165339,-97.94786822,48187.0,2281.1318153757634,2.075669994745139,3727,3801,79,0,3722,3796,163694,5,0,0,5,5
2020-10-21,US,Texas,Hale,2407,59,0,34.07044901,-101.82681140000001,48189.0,7205.2924624318985,2.451184046530952,2348,2306,59,0,2247,2306,33830,101,0,0,101,0
2020-10-21,US,Texas,Hall,41,1,0,34.5307555,-100.68138520000001,48191.0,1383.2658569500675,2.4390243902439024,40,40,1,0,39,36,3028,1,0,0,1,4
2020-10-21,US,Texas,Hamilton,182,4,0,31.70470573,-98.11083887,48193.0,2151.0459756529967,2.1978021978021984,178,182,4,0,178,182,8484,0,0,0,0,0
2020-10-21,US,Texas,Hansford,187,6,0,36.27743284,-101.3545796,48195.0,3463.604371179848,3.2085561497326203,181,187,6,0,181,187,5463,0,0,0,0,0
2020-10-21,US,Texas,Hardeman,60,1,0,34.28944521,-99.74632408,48197.0,1525.5530129672006,1.6666666666666667,59,59,1,0,58,59,3922,1,0,0,1,0
2020-10-21,US,Texas,Hardin,1416,34,0,30.33364686,-94.38931817,48199.0,2458.247977500781,2.4011299435028253,1382,1409,34,0,1375,1405,57207,7,0,0,7,4
2020-10-21,US,Texas,Harris,156035,2750,0,29.85864939,-95.39339521,48201.0,3310.507974731215,1.7624250969333803,153285,155192,2735,0,152457,154765,4698619,843,15,0,828,427
2020-10-21,US,Texas,Harrison,1042,38,0,32.54935988,-94.36934071,48203.0,1565.6694664402808,3.646833013435701,1004,1017,37,0,980,1012,66726,25,1,0,24,5
2020-10-21,US,Texas,Hartley,168,0,0,35.84008013,-102.6029022,48205.0,3012.9124820659968,0.0,168,168,0,0,168,163,5619,0,0,0,0,5
2020-10-21,US,Texas,Haskell,78,3,0,33.17823584,-99.73037358,48207.0,1378.5790031813365,3.8461538461538463,75,77,3,0,74,77,5813,1,0,0,1,0
2020-10-21,US,Texas,Hays,6246,74,0,30.05669873,-98.02944344,48209.0,2713.398873109722,1.1847582452769774,6172,6212,71,0,6141,6161,222631,34,3,0,31,51
2020-10-21,US,Texas,Hemphill,133,0,0,35.83764858,-100.2703577,48211.0,3482.587064676617,0.0,133,132,0,0,132,132,3825,1,0,0,1,0
2020-10-21,US,Texas,Henderson,1203,30,0,32.21128872,-95.85846587,48213.0,1454.0048587693536,2.4937655860349133,1173,1185,28,0,1157,1163,82299,18,2,0,16,22
2020-10-21,US,Texas,Hidalgo,34343,1899,0,26.39418217,-98.18299696,48215.0,3953.3467555804214,5.529511108522843,32444,34343,1899,0,32444,34179,865939,0,0,0,0,164
2020-10-21,US,Texas,Hill,762,15,0,31.99045053,-97.13423143,48217.0,2079.183606646839,1.9685039370078738,747,763,15,0,748,761,36354,-1,0,0,-1,2
2020-10-21,US,Texas,Hockley,519,12,0,33.60771256,-102.3431676,48219.0,2254.463316102689,2.3121387283237,507,501,11,0,490,483,22980,18,1,0,17,18
2020-10-21,US,Texas,Hood,1130,35,0,32.42990927,-97.83242024,48221.0,1833.1359602874616,3.0973451327433628,1095,1111,35,0,1076,1111,60537,19,0,0,19,0
2020-10-21,US,Texas,Hopkins,589,23,0,33.14875072,-95.56351139,48223.0,1588.2860532844354,3.9049235993208833,566,557,23,0,534,475,36810,32,0,0,32,82
2020-10-21,US,Texas,Houston,415,11,0,31.31925973,-95.42226208,48225.0,1806.861720654824,2.6506024096385543,404,408,11,0,397,398,23169,7,0,0,7,10
2020-10-21,US,Texas,Howard,1044,20,0,32.30621324,-101.4356444,48227.0,2847.479816713943,1.9157088122605364,1024,1040,19,0,1021,1013,36459,4,1,0,3,27
2020-10-21,US,Texas,Hudspeth,75,3,0,31.45628381,-105.388178,48229.0,1534.9979533360622,4.0,72,75,3,0,72,72,4795,0,0,0,0,3
2020-10-21,US,Texas,Hunt,1934,43,0,33.12351514,-96.08551032,48231.0,1961.5798121589548,2.2233712512926576,1891,1863,43,0,1820,1863,96493,71,0,0,71,0
2020-10-21,US,Texas,Hutchinson,294,7,0,35.84006574,-101.3546643,48233.0,1404.1455726430413,2.380952380952381,287,291,7,0,284,283,21198,3,0,0,3,8
2020-10-21,US,Texas,Irion,13,0,0,31.30375559,-100.982439,48235.0,846.3541666666665,0.0,13,13,0,0,13,13,1522,0,0,0,0,0
2020-10-21,US,Texas,Jack,149,3,0,33.23377248,-98.17283469,48237.0,1667.5993284834922,2.0134228187919465,146,148,3,0,145,148,8843,1,0,0,1,0
2020-10-21,US,Texas,Jackson,639,16,0,28.95472367,-96.57749563,48239.0,4329.2682926829275,2.503912363067293,623,637,16,0,621,636,14874,2,0,0,2,1
2020-10-21,US,Texas,Jasper,511,34,0,30.74685667,-94.02667579,48241.0,1438.2617017084635,6.6536203522504875,477,509,34,0,475,507,35872,2,0,0,2,2
2020-10-21,US,Texas,Jeff Davis,17,0,0,30.71490589,-104.1399973,48243.0,747.5813544415128,0.0,17,17,0,0,17,17,2252,0,0,0,0,0
2020-10-21,US,Texas,Jefferson,8139,148,0,29.8832777,-94.16434171,48245.0,3235.346729473496,1.8184052094851948,7991,8109,146,0,7963,8017,255001,30,2,0,28,92
2020-10-21,US,Texas,Jim Hogg,162,5,0,27.04453923,-98.69681870000001,48247.0,3115.384615384615,3.08641975308642,157,161,4,0,157,156,5248,1,1,0,0,5
2020-10-21,US,Texas,Jim Wells,1533,51,0,27.73103938,-98.0904705,48249.0,3786.868237735289,3.3268101761252447,1482,1533,47,0,1486,1525,40822,0,4,0,-4,8
2020-10-21,US,Texas,Johnson,3479,63,0,32.37877812,-97.36615819,48251.0,1978.7620082244607,1.8108651911468812,3416,3426,63,0,3363,3426,171361,53,0,0,53,0
2020-10-21,US,Texas,Jones,591,2,0,32.73997145,-99.87861576,48253.0,2942.7874321565505,0.33840947546531297,589,586,2,0,584,586,19817,5,0,0,5,0
2020-10-21,US,Texas,Karnes,948,17,0,28.90705334,-97.85960149,48255.0,6076.533555541311,1.7932489451476794,931,949,17,0,932,946,15650,-1,0,0,-1,3
2020-10-21,US,Texas,Kaufman,3436,54,0,32.599141700000004,-96.28734728,48257.0,2523.612967668963,1.5715948777648427,3382,3379,54,0,3325,3379,128622,57,0,0,57,0
2020-10-21,US,Texas,Kendall,377,10,0,29.94414155,-98.7113588,48259.0,794.8388184942337,2.6525198938992043,367,377,10,0,367,377,45641,0,0,0,0,0
2020-10-21,US,Texas,Kenedy,7,2,0,26.92601662,-97.66413984,48261.0,1732.6732673267327,28.57142857142857,5,7,2,0,5,7,442,0,0,0,0,0
2020-10-21,US,Texas,Kent,10,0,0,33.18104136,-100.7780939,48263.0,1312.3359580052493,0.0,10,10,0,0,10,10,726,0,0,0,0,0
2020-10-21,US,Texas,Kerr,679,13,0,30.06040006,-99.34930144,48265.0,1290.8745247148288,1.9145802650957289,666,679,13,0,666,670,52405,0,0,0,0,9
2020-10-21,US,Texas,Kimble,21,1,0,30.48678918,-99.74856473,48267.0,484.2056721235877,4.761904761904762,20,21,1,0,20,21,4362,0,0,0,0,0
2020-10-21,US,Texas,King,1,0,0,33.61643847,-100.2558057,48269.0,367.6470588235293,0.0,1,1,0,0,1,1,277,0,0,0,0,0
2020-10-21,US,Texas,Kinney,72,1,0,29.34967888,-100.41866379999999,48271.0,1963.4578674665936,1.3888888888888888,71,72,1,0,71,71,3767,0,0,0,0,1
2020-10-21,US,Texas,Kleberg,999,50,0,27.42435506,-97.69894948,48273.0,3256.19295958279,5.005005005005005,949,998,49,0,949,999,31129,1,1,0,0,-1
2020-10-21,US,Texas,Knox,111,8,0,33.60519951,-99.74229059999999,48275.0,3029.475982532751,7.207207207207206,103,110,8,0,102,110,3653,1,0,0,1,0
2020-10-21,US,Texas,La Salle,369,13,0,28.34453111,-99.09908775,48283.0,4906.91489361702,3.523035230352304,356,370,13,0,357,349,7531,-1,0,0,-1,21
2020-10-21,US,Texas,Lamar,1644,44,0,33.66981763,-95.57404777,48277.0,3297.298381435649,2.67639902676399,1600,1644,44,0,1600,1593,49728,0,0,0,0,51
2020-10-21,US,Texas,Lamb,482,23,0,34.06859623,-102.35162890000001,48279.0,3738.462731714884,4.771784232365144,459,469,23,0,446,452,13158,13,0,0,13,17
2020-10-21,US,Texas,Lampasas,298,9,0,31.19531316,-98.24206613,48281.0,1390.7037521000561,3.0201342281879198,289,297,9,0,288,297,21229,1,0,0,1,0
2020-10-21,US,Texas,Lavaca,1110,38,0,29.38508402,-96.93186692,48285.0,5507.59154510271,3.4234234234234235,1072,1103,37,0,1066,1099,20110,7,1,0,6,4
2020-10-21,US,Texas,Lee,235,14,0,30.31120597,-96.97045773,48287.0,1363.1881199605546,5.957446808510637,221,235,14,0,221,235,17144,0,0,0,0,0
2020-10-21,US,Texas,Leon,319,10,0,31.29872538,-95.9936328,48289.0,1832.9119742587911,3.134796238244514,309,319,10,0,309,319,17270,0,0,0,0,0
2020-10-21,US,Texas,Liberty,2266,56,0,30.15152688,-94.81205615,48291.0,2568.607669549644,2.471315092674316,2210,2272,55,0,2217,2269,86323,-6,1,0,-7,3
2020-10-21,US,Texas,Limestone,659,16,0,31.5454767,-96.58095444,48293.0,2811.793318257456,2.427921092564492,643,664,16,0,648,659,23519,-5,0,0,-5,5
2020-10-21,US,Texas,Lipscomb,66,1,0,36.27783108,-100.27331509999999,48295.0,2041.4475719146305,1.5151515151515151,65,65,1,0,64,63,3355,1,0,0,1,2
2020-10-21,US,Texas,Live Oak,381,10,0,28.35101362,-98.1246786,48297.0,3121.1599901695754,2.6246719160104988,371,381,9,0,372,374,12166,0,1,0,-1,7
2020-10-21,US,Texas,Llano,165,2,0,30.70645047,-98.68475262,48299.0,757.0543702684101,1.2121212121212122,163,166,2,0,164,165,21646,-1,0,0,-1,1
2020-10-21,US,Texas,Lubbock,16130,155,0,33.61008596,-101.82047890000001,48303.0,5193.692866963541,0.9609423434593924,15975,15908,154,0,15754,15626,307412,222,1,0,221,282
2020-10-21,US,Texas,Lynn,160,5,0,33.17657705,-101.8162849,48305.0,2688.623760712485,3.125,155,151,5,0,146,148,5877,9,0,0,9,3
2020-10-21,US,Texas,Madison,739,6,0,30.96694679,-95.93003775,48313.0,5173.62083450014,0.8119079837618404,733,742,6,0,736,742,14422,-3,0,0,-3,0
2020-10-21,US,Texas,Marion,168,14,0,32.79868409,-94.35661230000001,48315.0,1704.8914146539475,8.333333333333334,154,164,14,0,150,163,9928,4,0,0,4,1
2020-10-21,US,Texas,Martin,86,7,0,32.30600051,-101.9513518,48317.0,1490.2096690348294,8.13953488372093,79,86,7,0,79,85,5753,0,0,0,0,1
2020-10-21,US,Texas,Mason,80,2,0,30.71780434,-99.22629416,48319.0,1871.7828731867105,2.5,78,80,2,0,78,80,4280,0,0,0,0,0
2020-10-21,US,Texas,Matagorda,1089,52,0,28.81955746,-96.01230294,48321.0,2971.9182381355245,4.775022956841139,1037,1086,51,0,1035,1085,36552,3,1,0,2,1
2020-10-21,US,Texas,Maverick,4084,142,0,28.7429195,-100.3157686,48323.0,6954.803991689656,3.476983349657199,3942,4027,142,0,3885,3838,58485,57,0,0,57,189
2020-10-21,US,Texas,McCulloch,194,4,0,31.1925468,-99.34682807,48307.0,2429.8597194388776,2.061855670103093,190,190,4,0,186,187,7987,4,0,0,4,3
2020-10-21,US,Texas,McLennan,9573,129,0,31.55255453,-97.20217694,48309.0,3730.374907938883,1.3475399561266062,9444,9503,127,0,9376,9431,254607,70,2,0,68,72
2020-10-21,US,Texas,McMullen,24,1,0,28.35251708,-98.56769164,48311.0,3230.1480484522212,4.166666666666667,23,24,1,0,23,24,749,0,0,0,0,0
2020-10-21,US,Texas,Medina,1257,48,0,29.355730100000002,-99.11030298,48325.0,2436.802109181141,3.8186157517899764,1209,1253,48,0,1205,1250,50921,4,0,0,4,3
2020-10-21,US,Texas,Menard,49,0,0,30.88990665,-99.82047940000001,48327.0,2291.8615528531336,0.0,49,40,0,0,40,39,2139,9,0,0,9,1
2020-10-21,US,Texas,Midland,4771,89,0,31.86904128,-102.03156820000001,48329.0,2698.0410785378212,1.8654370153007755,4682,4666,89,0,4577,4550,172578,105,0,0,105,116
2020-10-21,US,Texas,Milam,539,7,0,30.78581830000001,-96.97718698,48331.0,2171.3733231277442,1.2987012987012987,532,539,7,0,532,539,25131,0,0,0,0,0
2020-10-21,US,Texas,Mills,71,1,0,31.49557106,-98.59272068,48333.0,1457.0080032833982,1.4084507042253518,70,71,0,0,71,71,4921,0,1,0,-1,0
2020-10-21,US,Texas,Mitchell,154,2,0,32.30623474,-100.9212058,48335.0,1802.2235225277936,1.2987012987012987,152,146,2,0,144,135,8145,8,0,0,8,11
2020-10-21,US,Texas,Montague,245,5,0,33.67521893,-97.72500958,48337.0,1236.2498738520535,2.0408163265306123,240,238,5,0,233,238,19596,7,0,0,7,0
2020-10-21,US,Texas,Montgomery,13224,172,0,30.30079133,-95.50572772,48339.0,2177.180761651062,1.3006654567453115,13052,13086,171,0,12915,12991,590925,138,1,0,137,95
2020-10-21,US,Texas,Moore,1289,22,0,35.83769242,-101.8930281,48341.0,6155.682903533906,1.7067494181536074,1267,1279,22,0,1257,1268,21485,10,0,0,10,11
2020-10-21,US,Texas,Morris,209,5,0,33.11304005,-94.73255695,48343.0,1687.116564417178,2.392344497607656,204,208,5,0,203,201,12339,1,0,0,1,7
2020-10-21,US,Texas,Motley,14,0,0,34.07408766,-100.77972199999999,48345.0,1166.6666666666667,0.0,14,12,0,0,12,12,1234,2,0,0,2,0
2020-10-21,US,Texas,Nacogdoches,1768,68,0,31.62017125,-94.61803994,48347.0,2711.490092632354,3.8461538461538463,1700,1758,67,0,1691,1742,65711,10,1,0,9,16
2020-10-21,US,Texas,Navarro,1393,31,0,32.04620681,-96.47428766,48349.0,2779.717837686828,2.2254127781765973,1362,1381,31,0,1350,1378,49565,12,0,0,12,3
2020-10-21,US,Texas,Newton,188,13,0,30.78548982,-93.74408813,48351.0,1382.8613460831189,6.914893617021277,175,188,13,0,175,187,13746,0,0,0,0,1
2020-10-21,US,Texas,Nolan,378,5,0,32.30365282,-100.4060208,48353.0,2568.9819219790675,1.3227513227513228,373,370,5,0,365,361,14751,8,0,0,8,9
2020-10-21,US,Texas,Nueces,21058,438,0,27.736286,-97.5433285,48355.0,5812.406498589544,2.0799696077500243,20620,21027,438,0,20589,21005,362265,31,0,0,31,22
2020-10-21,US,Texas,Ochiltree,279,5,0,36.27829105,-100.8158184,48357.0,2836.518910126068,1.7921146953405018,274,266,5,0,261,256,9947,13,0,0,13,10
2020-10-21,US,Texas,Oldham,27,2,0,35.40425596,-102.6027606,48359.0,1278.409090909091,7.407407407407407,25,25,2,0,23,25,2131,2,0,0,2,0
2020-10-21,US,Texas,Orange,2116,46,0,30.11879481,-93.89412775,48361.0,2537.2919564487506,2.1739130434782608,2070,2116,46,0,2070,2071,83572,0,0,0,0,45
2020-10-21,US,Texas,Palo Pinto,677,17,0,32.75310985,-98.31319001,48363.0,2319.366884785364,2.5110782865583454,660,662,17,0,645,662,28875,15,0,0,15,0
2020-10-21,US,Texas,Panola,455,27,0,32.163959600000005,-94.30552481,48365.0,1961.7142364404588,5.934065934065933,428,454,27,0,427,448,23148,1,0,0,1,6
2020-10-21,US,Texas,Parker,2299,44,0,32.77757172,-97.80500621,48367.0,1609.0650764988309,1.9138755980861244,2255,2256,42,0,2214,2256,138371,43,2,0,41,0
2020-10-21,US,Texas,Parmer,547,17,0,34.52993409,-102.78446679999999,48369.0,5694.9505465903185,3.107861060329068,530,538,17,0,521,532,9864,9,0,0,9,6
2020-10-21,US,Texas,Pecos,423,5,0,30.78097267,-102.72412609999999,48371.0,2673.323642798458,1.182033096926714,418,428,5,0,423,424,15673,-5,0,0,-5,4
2020-10-21,US,Texas,Polk,912,31,0,30.79472531,-94.82766240000001,48373.0,1775.9429828831812,3.399122807017544,881,902,31,0,871,902,50031,10,0,0,10,0
2020-10-21,US,Texas,Potter,7446,96,0,35.40133773,-101.893964,48375.0,6341.608823404165,1.2892828364222402,7350,7342,96,0,7246,7239,119648,104,0,0,104,103
2020-10-21,US,Texas,Presidio,124,7,0,29.99954402,-104.24080790000001,48377.0,1849.6420047732693,5.645161290322582,117,123,7,0,116,121,6948,1,0,0,1,2
2020-10-21,US,Texas,Rains,85,5,0,32.87109387,-95.79232691,48379.0,679.2392520377177,5.882352941176472,80,81,5,0,76,80,12159,4,0,0,4,1
2020-10-21,US,Texas,Randall,4532,49,0,34.96585996,-101.8971322,48381.0,3290.9020934842747,1.0812003530450132,4483,4406,49,0,4357,4291,136271,126,0,0,126,115
2020-10-21,US,Texas,Reagan,90,6,0,31.36607041,-101.52326590000001,48383.0,2338.269680436477,6.666666666666668,84,89,6,0,83,89,3741,1,0,0,1,0
2020-10-21,US,Texas,Real,122,8,0,29.83321503,-99.82018052,48385.0,3534.1830822711468,6.557377049180328,114,108,8,0,100,108,3478,14,0,0,14,0
2020-10-21,US,Texas,Red River,190,17,0,33.61886692,-95.04841765,48387.0,1580.3044165349747,8.947368421052632,173,186,17,0,169,181,12175,4,0,0,4,5
2020-10-21,US,Texas,Reeves,249,6,0,31.32323325,-103.69038959999999,48389.0,1558.587881822734,2.409638554216868,243,247,6,0,241,242,15695,2,0,0,2,5
2020-10-21,US,Texas,Refugio,305,16,0,28.323897600000002,-97.15766311,48391.0,4389.752446747266,5.245901639344262,289,305,16,0,289,305,7032,0,0,0,0,0
2020-10-21,US,Texas,Roberts,14,0,0,35.83809685,-100.813175,48393.0,1639.344262295082,0.0,14,14,0,0,14,14,903,0,0,0,0,0
2020-10-21,US,Texas,Robertson,402,4,0,31.02539637,-96.51272246,48395.0,2354.4570692280663,0.9950248756218906,398,403,4,0,399,402,17284,-1,0,0,-1,1
2020-10-21,US,Texas,Rockwall,1838,32,0,32.89779518,-96.40771592,48397.0,1751.894390697231,1.7410228509249184,1806,1792,31,0,1761,1792,100657,46,1,0,45,0
2020-10-21,US,Texas,Runnels,287,9,0,31.8314342,-99.97616148,48399.0,2796.1808261886213,3.1358885017421603,278,287,9,0,278,287,10234,0,0,0,0,0
2020-10-21,US,Texas,Rusk,990,21,0,32.10773545,-94.76176432,48401.0,1819.652244237768,2.121212121212121,969,984,21,0,963,954,54450,6,0,0,6,30
2020-10-21,US,Texas,Sabine,89,9,0,31.34318809,-93.85440451,48403.0,844.2420793018402,10.112359550561797,80,89,9,0,80,87,10589,0,0,0,0,2
2020-10-21,US,Texas,San Augustine,214,15,0,31.39457611,-94.17000399,48405.0,2598.0332645380604,7.009345794392522,199,213,15,0,198,213,8232,1,0,0,1,0
2020-10-21,US,Texas,San Jacinto,236,11,0,30.57933681,-95.16260304,48407.0,817.7691534703212,4.6610169491525415,225,236,11,0,225,235,28719,0,0,0,0,1
2020-10-21,US,Texas,San Patricio,1549,80,0,28.00880118,-97.51763891,48409.0,2321.29476996853,5.164622336991608,1469,1549,79,0,1470,1549,66893,0,1,0,-1,0
2020-10-21,US,Texas,San Saba,112,1,0,31.1577796,-98.81758731,48411.0,1849.7109826589594,0.8928571428571429,111,110,0,0,110,110,6054,2,1,0,1,0
2020-10-21,US,Texas,Schleicher,55,2,0,30.89740592,-100.5384842,48413.0,1969.2087361260294,3.636363636363636,53,55,2,0,53,55,2895,0,0,0,0,0
2020-10-21,US,Texas,Scurry,995,12,0,32.74613808,-100.91626640000001,48415.0,5957.013710111955,1.2060301507537687,983,996,12,0,984,957,16866,-1,0,0,-1,39
2020-10-21,US,Texas,Shackelford,35,0,0,32.73587756,-99.35401337,48417.0,1071.9754977029097,0.0,35,34,0,0,34,34,3253,1,0,0,1,0
2020-10-21,US,Texas,Shelby,542,30,0,31.79211404,-94.14550696,48419.0,2144.4963203291927,5.535055350553505,512,539,30,0,509,539,25418,3,0,0,3,0
2020-10-21,US,Texas,Sherman,72,1,0,36.27751473,-101.8933156,48421.0,2382.528127068167,1.3888888888888888,71,72,1,0,71,72,3079,0,0,0,0,0
2020-10-21,US,Texas,Smith,4269,125,0,32.37474036,-95.27175679999999,48423.0,1834.1489402838226,2.9280862028578123,4144,4236,125,0,4111,4178,230221,33,0,0,33,58
2020-10-21,US,Texas,Somervell,156,5,0,32.22236802,-97.77403489,48425.0,1709.0271691498685,3.2051282051282053,151,154,5,0,149,154,9016,2,0,0,2,0
2020-10-21,US,Texas,Starr,3492,181,0,26.56150059,-98.73892358,48427.0,5402.812804604459,5.18327605956472,3311,3492,179,0,3313,3477,64525,0,2,0,-2,15
2020-10-21,US,Texas,Stephens,154,4,0,32.73553157,-98.83631615,48429.0,1644.2451420029895,2.5974025974025974,150,151,4,0,147,151,9433,3,0,0,3,0
2020-10-21,US,Texas,Sterling,12,0,0,31.82781912,-101.05007459999999,48431.0,929.5120061967468,0.0,12,12,0,0,12,11,1311,0,0,0,0,1
2020-10-21,US,Texas,Stonewall,18,1,0,33.17906744,-100.25384009999999,48433.0,1333.3333333333333,5.5555555555555545,17,18,1,0,17,18,1362,0,0,0,0,0
2020-10-21,US,Texas,Sutton,97,3,0,30.49856623,-100.5382014,48435.0,2568.85593220339,3.0927835051546397,94,97,3,0,94,95,3758,0,0,0,0,2
2020-10-21,US,Texas,Swisher,137,3,0,34.53028891,-101.73491740000001,48437.0,1852.1022035960525,2.18978102189781,134,135,3,0,132,131,7462,2,0,0,2,4
2020-10-21,US,Texas,Tarrant,60795,796,0,32.77143818,-97.29101614,48439.0,2891.537040163804,1.3093182005099104,59999,60162,786,0,59376,59662,2084931,633,10,0,623,500
2020-10-21,US,Texas,Taylor,1785,62,0,32.30163422,-99.89007449,48441.0,1293.1596563165594,3.473389355742297,1723,1762,62,0,1700,1752,137640,23,0,0,23,10
2020-10-21,US,Texas,Terrell,4,0,0,30.22429013,-102.0766732,48443.0,515.4639175257731,0.0,4,4,0,0,4,4,823,0,0,0,0,0
2020-10-21,US,Texas,Terry,487,7,0,33.17402785,-102.3354521,48445.0,3947.4750749777095,1.4373716632443532,480,458,6,0,452,440,12287,29,1,0,28,18
2020-10-21,US,Texas,Throckmorton,17,2,0,33.17751417,-99.21226795,48447.0,1132.5782811459028,11.764705882352944,15,16,2,0,14,16,1515,1,0,0,1,0
2020-10-21,US,Texas,Titus,1695,35,0,33.21339719,-94.96797273,48449.0,5175.572519083969,2.0648967551622417,1660,1695,35,0,1660,1650,33033,0,0,0,0,45
2020-10-21,US,Texas,Tom Green,4427,75,0,31.40464436,-100.46244300000001,48451.0,3713.9261744966443,1.6941495369324602,4352,4374,74,0,4300,4328,118189,53,1,0,52,46
2020-10-21,US,Texas,Travis,31228,448,0,30.33432034,-97.78535620000001,48453.0,2451.2659012805802,1.4346099654156526,30780,31159,448,0,30711,31053,1248743,69,0,0,69,106
2020-10-21,US,Texas,Trinity,205,7,0,31.0879489,-95.1367187,48455.0,1399.2218961163062,3.414634146341464,198,204,7,0,197,201,14740,1,0,0,1,3
2020-10-21,US,Texas,Tyler,259,4,0,30.77031716,-94.37690895,48457.0,1195.0904392764858,1.5444015444015444,255,259,4,0,255,252,21696,0,0,0,0,7
2020-10-21,US,Texas,Upshur,467,12,0,32.73706798,-94.93999853,48459.0,1118.4825042511916,2.569593147751606,455,463,12,0,451,456,41260,4,0,0,4,7
2020-10-21,US,Texas,Upton,27,3,0,31.36868194,-102.0423217,48461.0,738.3100902378999,11.111111111111109,24,27,3,0,24,27,3671,0,0,0,0,0
2020-10-21,US,Texas,Uvalde,824,36,0,29.35739637,-99.76229172,48463.0,3081.4105680415837,4.368932038834951,788,821,36,0,785,820,26846,3,0,0,3,1
2020-10-21,US,Texas,Val Verde,2431,124,0,29.89149232,-101.1525205,48465.0,4958.694543600204,5.100781571369806,2307,2421,124,0,2297,2398,49208,10,0,0,10,23
2020-10-21,US,Texas,Van Zandt,662,26,0,32.56483801,-95.83766469,48467.0,1169.8179890440008,3.9274924471299095,636,656,25,0,631,652,56019,6,1,0,5,4
2020-10-21,US,Texas,Victoria,4224,97,0,28.79780988,-96.96813006,48469.0,4587.116111376569,2.296401515151515,4127,4201,97,0,4104,4193,92035,23,0,0,23,8
2020-10-21,US,Texas,Walker,3854,62,0,30.73872995,-95.57440968,48471.0,5281.55020487591,1.6087182148417232,3792,3855,62,0,3793,3855,72480,-1,0,0,-1,0
2020-10-21,US,Texas,Waller,951,17,0,30.01058447,-95.99011759,48473.0,1721.3915939615536,1.7875920084121977,934,951,15,0,936,948,53126,0,2,0,-2,3
2020-10-21,US,Texas,Ward,157,1,0,31.50999644,-103.09279090000001,48475.0,1308.5514252375394,0.6369426751592356,156,156,1,0,155,156,11720,1,0,0,1,0
2020-10-21,US,Texas,Washington,692,48,0,30.21498498,-96.40946246,48477.0,1928.543559444847,6.9364161849710975,644,693,48,0,645,692,35108,-1,0,0,-1,1
2020-10-21,US,Texas,Webb,14909,345,0,27.7610369,-99.33237355,48479.0,5389.080866937525,2.3140385002347577,14564,14833,343,0,14490,14669,275910,76,2,0,74,164
2020-10-21,US,Texas,Wharton,1415,58,0,29.27765923,-96.22319248,48481.0,3405.0437963230347,4.098939929328623,1357,1415,58,0,1357,1415,41619,0,0,0,0,0
2020-10-21,US,Texas,Wheeler,62,0,0,35.40114335,-100.26995140000001,48483.0,1226.26582278481,0.0,62,62,0,0,62,59,5191,0,0,0,0,3
2020-10-21,US,Texas,Wichita,3134,31,0,33.98842886,-98.70410340000001,48485.0,2370.112682447251,0.9891512444160816,3103,3023,30,0,2993,2861,132064,111,1,0,110,162
2020-10-21,US,Texas,Wilbarger,308,3,0,34.07945812,-99.24178437,48487.0,2412.0917847912915,0.9740259740259741,305,281,3,0,278,281,12820,27,0,0,27,0
2020-10-21,US,Texas,Willacy,1202,55,0,26.47411727,-97.61535848,48489.0,5627.867777881824,4.575707154742097,1147,1202,55,0,1147,1200,21515,0,0,0,0,2
2020-10-21,US,Texas,Williamson,9263,151,0,30.64655664,-97.60048540000001,48491.0,1568.535147684112,1.6301414228651625,9112,9137,151,0,8986,9137,566719,126,0,0,126,0
2020-10-21,US,Texas,Wilson,982,28,0,29.1732598,-98.08693082,48493.0,1922.850988838849,2.8513238289205702,954,979,28,0,951,976,50224,3,0,0,3,3
2020-10-21,US,Texas,Winkler,136,4,0,31.85008651,-103.04851629999999,48495.0,1697.8776529338327,2.9411764705882355,132,133,4,0,129,130,7720,3,0,0,3,3
2020-10-21,US,Texas,Wise,881,15,0,33.21570665,-97.65460265,48497.0,1258.859167809785,1.70261066969353,866,848,15,0,833,848,68305,33,0,0,33,0
2020-10-21,US,Texas,Wood,621,35,0,32.78722382,-95.38236368,48499.0,1363.6663079997365,5.636070853462157,586,610,35,0,575,590,45129,11,0,0,11,20
2020-10-21,US,Texas,Yoakum,289,5,0,33.17320212,-102.82764329999999,48501.0,3316.882818776541,1.7301038062283738,284,289,5,0,284,284,8591,0,0,0,0,5
2020-10-21,US,Texas,Young,497,6,0,33.17659707,-98.68790885,48503.0,2759.5780122154356,1.2072434607645874,491,470,6,0,464,470,18045,27,0,0,27,0
2020-10-21,US,Texas,Zapata,342,8,0,27.00156391,-99.16987152,48505.0,2412.017772762536,2.3391812865497075,334,342,6,0,336,342,14190,0,2,0,-2,0
2020-10-21,US,Texas,Zavala,452,18,0,28.86617238,-99.76050829,48507.0,3817.567567567568,3.9823008849557517,434,443,18,0,425,438,11983,9,0,0,9,5
2020-10-21,US,Utah,Bear River,4659,15,0,41.52106798,-113.08328159999999,0.0,2493.871040263786,0.32195750160978753,4644,4624,15,0,4609,4578,,35,0,0,35,46
2020-10-21,US,Utah,Central Utah,1122,6,0,39.37231946,-111.5758676,0.0,1369.0606925836446,0.5347593582887701,1116,1077,6,0,1071,1072,,45,0,0,45,5
2020-10-21,US,Utah,Davis,7463,40,0,40.99001837,-112.1139997,49011.0,2099.408969818359,0.5359774889454643,7423,7341,40,0,7301,7236,351713,122,0,0,122,105
2020-10-21,US,Utah,Salt Lake,42276,294,0,40.66616532,-111.92160109999999,49035.0,3643.1103110293793,0.6954300312233892,41982,41665,291,0,41374,41213,1152633,611,3,0,608,452
2020-10-21,US,Utah,San Juan,775,30,0,37.62762978,-109.80337140000002,49037.0,5062.712307290306,3.870967741935484,745,769,30,0,739,759,15449,6,0,0,6,10
2020-10-21,US,Utah,Southeast Utah,385,3,0,38.99617072,-110.70139579999999,0.0,957.0210544631982,0.7792207792207793,382,373,3,0,370,362,,12,0,0,12,11
2020-10-21,US,Utah,Southwest Utah,5504,47,0,37.85447192,-111.4418764,0.0,2183.763023623047,0.8539244186046512,5457,5423,46,0,5377,5376,,81,1,0,80,47
2020-10-21,US,Utah,Summit,1252,1,0,40.86688146,-110.9535882,49043.0,2970.6964052675294,0.07987220447284345,1251,1238,1,0,1237,1227,41933,14,0,0,14,11
2020-10-21,US,Utah,Tooele,1272,2,0,40.44862644,-113.12957150000001,49045.0,1760.3343528141822,0.15723270440251572,1270,1257,2,0,1255,1240,69907,15,0,0,15,17
2020-10-21,US,Utah,TriCounty,357,2,0,40.12491499,-109.5174415,0.0,630.4969799724489,0.5602240896358543,355,333,2,0,331,318,,24,0,0,24,15
2020-10-21,US,Utah,Utah,26067,75,0,40.116672200000004,-111.66576620000001,49049.0,4097.071050790982,0.2877201058809989,25992,25772,74,0,25698,25534,622213,295,1,0,294,238
2020-10-21,US,Utah,Wasatch,1008,9,0,40.33110236,-111.1691419,49051.0,2956.792115221026,0.8928571428571429,999,994,9,0,985,986,33240,14,0,0,14,8
2020-10-21,US,Utah,Weber-Morgan,5866,33,0,41.27116049,-111.9145117,0.0,2153.9489676393587,0.5625639277190589,5833,5777,32,0,5745,5661,,89,1,0,88,116
2020-10-21,US,Vermont,Addison,116,2,0,44.03217337,-73.14130877,50001.0,315.41452538271204,1.7241379310344829,114,116,2,0,114,114,36973,0,0,0,0,2
2020-10-21,US,Vermont,Bennington,134,1,0,43.03519828,-73.09048868,50003.0,377.7840428531153,0.746268656716418,133,134,1,0,133,133,35631,0,0,0,0,1
2020-10-21,US,Vermont,Caledonia,37,0,0,44.46548598,-72.10314651,50005.0,123.36211782749308,0.0,37,37,0,0,37,35,30302,0,0,0,0,2
2020-10-21,US,Vermont,Chittenden,913,39,0,44.46322849,-73.08359212,50007.0,557.4755455688936,4.271631982475356,874,906,39,0,867,905,164572,7,0,0,7,1
2020-10-21,US,Vermont,Essex,6,0,0,44.72736416,-71.73579864,50009.0,97.35518416355671,0.0,6,6,0,0,6,6,6250,0,0,0,0,0
2020-10-21,US,Vermont,Franklin,132,7,0,44.85627605,-72.91249563,50011.0,267.195660094733,5.303030303030303,125,132,7,0,125,132,49421,0,0,0,0,0
2020-10-21,US,Vermont,Grand Isle,16,0,0,44.797582399999996,-73.29679772,50013.0,221.147201105736,0.0,16,16,0,0,16,16,7090,0,0,0,0,0
2020-10-21,US,Vermont,Lamoille,61,1,0,44.60353043,-72.64356694,50015.0,240.51730936046056,1.639344262295082,60,61,1,0,60,62,25300,0,0,0,0,-1
2020-10-21,US,Vermont,Orange,31,0,0,44.00470222,-72.37640104,50017.0,107.2961373390558,0.0,31,31,0,0,31,30,28999,0,0,0,0,1
2020-10-21,US,Vermont,Orleans,27,0,0,44.82964024,-72.24562697,50019.0,99.86315049746644,0.0,27,26,0,0,26,26,26907,1,0,0,1,0
2020-10-21,US,Vermont,Rutland,133,1,0,43.57723578,-73.03741676,50021.0,228.5576807410081,0.7518796992481203,132,133,1,0,132,133,58672,0,0,0,0,0
2020-10-21,US,Vermont,Unassigned,8,0,0,0.0,0.0,90050.0,0.0,0.0,8,8,0,0,8,8,,0,0,0,0,0
2020-10-21,US,Vermont,Washington,107,2,0,44.27343241,-72.61604978,50023.0,183.19094660069507,1.8691588785046729,105,104,2,0,102,101,58140,3,0,0,3,3
2020-10-21,US,Vermont,Windham,137,3,0,42.986982,-72.71268875,50025.0,324.47539197574724,2.18978102189781,134,136,3,0,133,136,42756,1,0,0,1,0
2020-10-21,US,Vermont,Windsor,113,2,0,43.58010937,-72.58595157,50027.0,205.22320293487343,1.7699115044247788,111,110,2,0,108,109,55286,3,0,0,3,1
2020-10-21,US,Virginia,Accomack,1202,19,0,37.76707161,-75.63234615,51001.0,3719.519742542394,1.5806988352745424,1183,1202,19,0,1183,1200,32412,0,0,0,0,2
2020-10-21,US,Virginia,Albemarle,1501,23,0,38.02080697,-78.55481085,51003.0,1372.9077106009331,1.5323117921385745,1478,1495,23,0,1472,1486,108718,6,0,0,6,9
2020-10-21,US,Virginia,Alexandria,4144,75,0,38.814003,-77.08183073,51510.0,2599.292470582332,1.80984555984556,4069,4133,75,0,4058,4123,160530,11,0,0,11,10
2020-10-21,US,Virginia,Alleghany,92,4,0,37.78636074,-80.00222498,51005.0,619.1117092866756,4.3478260869565215,88,89,4,0,85,84,14910,3,0,0,3,5
2020-10-21,US,Virginia,Amelia,139,6,0,37.34081025,-77.98584649,51007.0,1057.4362875618106,4.316546762589929,133,139,6,0,133,137,13013,0,0,0,0,2
2020-10-21,US,Virginia,Amherst,549,4,0,37.60308293,-79.14548696,51009.0,1737.0669197911725,0.7285974499089253,545,540,4,0,536,529,31666,9,0,0,9,11
2020-10-21,US,Virginia,Appomattox,271,5,0,37.37569884,-78.81340003,51011.0,1703.2241845264282,1.845018450184502,266,269,5,0,264,269,15841,2,0,0,2,0
2020-10-21,US,Virginia,Arlington,4437,152,0,38.8767675,-77.10139853,51013.0,1873.4008326225924,3.4257381113364884,4285,4399,152,0,4247,4384,237521,38,0,0,38,15
2020-10-21,US,Virginia,Augusta,633,8,0,38.16404586,-79.12461614,51015.0,837.7670134201541,1.263823064770932,625,622,8,0,614,624,75457,11,0,0,11,-2
2020-10-21,US,Virginia,Bath,22,0,0,38.05852573,-79.73912095,51017.0,530.5039787798407,0.0,22,22,0,0,22,22,4292,0,0,0,0,0
2020-10-21,US,Virginia,Bedford,1113,17,0,37.3080028,-79.5281964,51019.0,1408.9142625669324,1.5274034141958668,1096,1086,16,0,1070,1075,78747,27,1,0,26,11
2020-10-21,US,Virginia,Bland,64,5,0,37.13128068,-81.13599391,51021.0,1019.108280254777,7.8125,59,64,5,0,59,64,6293,0,0,0,0,0
2020-10-21,US,Virginia,Botetourt,363,12,0,37.55531756,-79.80982182,51023.0,1086.2084442981536,3.3057851239669422,351,357,12,0,345,351,33277,6,0,0,6,6
2020-10-21,US,Virginia,Bristol,240,7,0,36.616302399999995,-82.16359122,51520.0,1431.8100465338266,2.9166666666666665,233,236,7,0,229,236,16482,4,0,0,4,0
2020-10-21,US,Virginia,Brunswick,414,5,0,36.76366949,-77.8593436,51025.0,2550.674634957797,1.207729468599034,409,412,5,0,407,410,16384,2,0,0,2,2
2020-10-21,US,Virginia,Buchanan,241,2,0,37.26818323,-82.03749726,51027.0,1147.400495143782,0.8298755186721992,239,239,2,0,237,235,21221,2,0,0,2,4
2020-10-21,US,Virginia,Buckingham,725,9,0,37.57242268,-78.52518834,51029.0,4227.898297177513,1.2413793103448276,716,725,9,0,716,723,16999,0,0,0,0,2
2020-10-21,US,Virginia,Buena Vista,121,1,0,37.73484642,-79.35296097,51530.0,1867.8604507564066,0.8264462809917356,120,121,1,0,120,121,6237,0,0,0,0,0
2020-10-21,US,Virginia,Campbell,652,8,0,37.20553386,-79.09678609,51031.0,1187.9384166894415,1.2269938650306749,644,643,7,0,636,634,54973,9,1,0,8,9
2020-10-21,US,Virginia,Caroline,402,6,0,38.02679129,-77.34901405,51033.0,1308.380797396257,1.492537313432836,396,402,5,0,397,400,30772,0,1,0,-1,2
2020-10-21,US,Virginia,Carroll,568,27,0,36.73066666,-80.73455942,51035.0,1906.6160921083551,4.753521126760563,541,568,27,0,541,560,29636,0,0,0,0,8
2020-10-21,US,Virginia,Charles City,97,5,0,37.35358063,-77.05634116,51036.0,1393.077696395232,5.154639175257731,92,96,5,0,91,95,6941,1,0,0,1,1
2020-10-21,US,Virginia,Charlotte,202,1,0,37.01909701,-78.66314092,51037.0,1700.3367003367002,0.4950495049504951,201,201,1,0,200,198,11938,1,0,0,1,3
2020-10-21,US,Virginia,Charlottesville,1536,32,0,38.03527919,-78.48569588,51540.0,3249.693225574409,2.083333333333333,1504,1515,32,0,1483,1511,48117,21,0,0,21,4
2020-10-21,US,Virginia,Chesapeake,4780,77,0,36.67670048,-76.30545744,51550.0,1952.3352461862066,1.6108786610878658,4703,4763,79,0,4684,4748,242634,17,-2,0,19,15
2020-10-21,US,Virginia,Chesterfield,6796,100,0,37.37373208,-77.58680140000001,51041.0,1926.292934847308,1.4714537963507943,6696,6737,100,0,6637,6695,348556,59,0,0,59,42
2020-10-21,US,Virginia,Clarke,114,1,0,39.11271747,-77.99199425,51043.0,779.8071003488611,0.8771929824561403,113,115,1,0,114,113,14523,-1,0,0,-1,2
2020-10-21,US,Virginia,Colonial Heights,288,26,0,37.26420587,-77.39609676,51570.0,1658.0310880829015,9.027777777777779,262,287,26,0,261,286,17833,1,0,0,1,1
2020-10-21,US,Virginia,Covington,35,0,0,37.7824656,-79.98631446,51580.0,631.9971108703503,0.0,35,35,0,0,35,33,5460,0,0,0,0,2
2020-10-21,US,Virginia,Craig,45,0,0,37.48133648,-80.21072274,51045.0,877.0220229974665,0.0,45,42,0,0,42,42,5064,3,0,0,3,0
2020-10-21,US,Virginia,Culpeper,1327,18,0,38.48199985,-77.95630870000002,51047.0,2522.573899819409,1.3564431047475511,1309,1321,18,0,1303,1313,51859,6,0,0,6,8
2020-10-21,US,Virginia,Cumberland,113,2,0,37.51328851,-78.24398086,51049.0,1137.7366089407974,1.7699115044247788,111,113,2,0,111,111,9809,0,0,0,0,2
2020-10-21,US,Virginia,Danville,1141,40,0,36.58022376,-79.40395668,51590.0,2849.3656977324945,3.5056967572305,1101,1130,39,0,1091,1126,40693,11,1,0,10,4
2020-10-21,US,Virginia,Dickenson,123,1,0,37.12560977,-82.35124171,51051.0,859.0585277273362,0.8130081300813008,122,121,1,0,120,121,14523,2,0,0,2,0
2020-10-21,US,Virginia,Dinwiddie,492,12,0,37.07544585,-77.63451754,51053.0,1723.6547085201794,2.4390243902439024,480,485,12,0,473,481,28529,7,0,0,7,4
2020-10-21,US,Virginia,Emporia,279,28,0,36.69455571,-77.53406129,51595.0,5218.855218855218,10.03584229390681,251,278,27,0,251,276,5121,1,1,0,0,2
2020-10-21,US,Virginia,Essex,190,2,0,37.93357639,-76.94230311,51057.0,1734.6845613074045,1.0526315789473684,188,188,2,0,186,189,10919,2,0,0,2,-1
2020-10-21,US,Virginia,Fairfax,22849,604,0,38.83677558,-77.27565836,51059.0,1991.1427306602343,2.6434417261149283,22245,22769,602,0,22167,22687,1150795,80,2,0,78,82
2020-10-21,US,Virginia,Fairfax,22849,604,0,38.83677558,-77.27565836,51059.0,1991.1427306602343,2.6434417261149283,22245,22769,602,0,22167,22687,24574,80,2,0,78,82
2020-10-21,US,Virginia,Fairfax City,157,8,0,38.85157547,-77.29779640000002,51600.0,653.6491943877762,5.095541401273885,149,155,8,0,147,154,24574,2,0,0,2,1
2020-10-21,US,Virginia,Falls Church,75,7,0,38.88485255,-77.17560759,51610.0,513.1011835533967,9.333333333333334,68,75,7,0,68,75,14772,0,0,0,0,0
2020-10-21,US,Virginia,Fauquier,1055,26,0,38.73564842,-77.80647472,51061.0,1481.2838729606021,2.4644549763033177,1029,1049,26,0,1023,1041,70675,6,0,0,6,8
2020-10-21,US,Virginia,Floyd,233,16,0,36.9302126,-80.36738849,51063.0,1479.459013270684,6.866952789699571,217,233,16,0,217,232,15795,0,0,0,0,1
2020-10-21,US,Virginia,Fluvanna,412,9,0,37.84157909,-78.27715475,51065.0,1510.8177484415107,2.184466019417476,403,410,9,0,401,410,26783,2,0,0,2,0
2020-10-21,US,Virginia,Franklin,194,1,0,36.99536167,-79.88023649,51067.0,346.1689447200313,0.5154639175257731,193,194,1,0,193,194,56195,0,0,0,0,0
2020-10-21,US,Virginia,Franklin,194,1,0,36.99536167,-79.88023649,51067.0,346.1689447200313,0.5154639175257731,193,194,1,0,193,194,8013,0,0,0,0,0
2020-10-21,US,Virginia,Franklin City,482,12,0,36.6831435,-76.93859681,51620.0,6049.956068783733,2.489626556016597,470,477,12,0,465,475,8013,5,0,0,5,2
2020-10-21,US,Virginia,Frederick,1120,13,0,39.20172582,-78.25974949,51069.0,1254.016772474332,1.1607142857142858,1107,1107,13,0,1094,1097,88355,13,0,0,13,10
2020-10-21,US,Virginia,Fredericksburg,576,6,0,38.2977863,-77.4922454,51630.0,1983.744317399091,1.0416666666666667,570,573,5,0,568,573,29144,3,1,0,2,0
2020-10-21,US,Virginia,Galax,434,30,0,36.66601852,-80.91703124,51640.0,6837.8761619662855,6.912442396313363,404,433,30,0,403,431,6423,1,0,0,1,2
2020-10-21,US,Virginia,Giles,117,0,0,37.31234791,-80.70636931,51071.0,699.7607655502393,0.0,117,114,0,0,114,114,16844,3,0,0,3,0
2020-10-21,US,Virginia,Gloucester,337,3,0,37.40809042,-76.53524337,51073.0,902.3240869658348,0.8902077151335311,334,333,3,0,330,333,37349,4,0,0,4,0
2020-10-21,US,Virginia,Goochland,315,7,0,37.71714806,-77.90381514,51075.0,1326.1482760072413,2.2222222222222223,308,312,7,0,305,309,23244,3,0,0,3,3
2020-10-21,US,Virginia,Grayson,367,19,0,36.65677234,-81.23215889,51077.0,2360.128617363344,5.177111716621253,348,365,18,0,347,360,15631,2,1,0,1,5
2020-10-21,US,Virginia,Greene,271,3,0,38.29545894,-78.46525378,51079.0,1367.3747414097584,1.1070110701107012,268,269,3,0,266,269,19779,2,0,0,2,0
2020-10-21,US,Virginia,Greensville,887,14,0,36.67878901,-77.56351439,51081.0,7824.6294989414255,1.5783540022547915,873,887,13,0,874,887,11627,0,1,0,-1,0
2020-10-21,US,Virginia,Halifax,464,8,0,36.76654925,-78.93512622,51083.0,1368.2875763026746,1.7241379310344829,456,459,7,0,452,458,34120,5,1,0,4,1
2020-10-21,US,Virginia,Hampton,2064,32,0,37.03513786,-76.35879121,51650.0,1534.4584045795852,1.5503875968992251,2032,2058,32,0,2026,2039,134313,6,0,0,6,19
2020-10-21,US,Virginia,Hanover,1554,42,0,37.7583355,-77.49464673,51085.0,1442.013250932576,2.702702702702702,1512,1545,41,0,1504,1537,107239,9,1,0,8,8
2020-10-21,US,Virginia,Harrisonburg,2945,35,0,38.43542574,-78.87536254,51660.0,5554.926814546551,1.1884550084889642,2910,2934,35,0,2899,2931,54033,11,0,0,11,3
2020-10-21,US,Virginia,Henrico,6058,227,0,37.53460572,-77.39326555,51087.0,1831.2183738490646,3.747111257840872,5831,6006,227,0,5779,5970,329261,52,0,0,52,36
2020-10-21,US,Virginia,Henry,1259,31,0,36.68542395,-79.87634026,51089.0,2490.2585200862395,2.4622716441620334,1228,1250,31,0,1219,1248,50953,9,0,0,9,2
2020-10-21,US,Virginia,Highland,9,0,0,38.35799465,-79.56124594,51091.0,410.958904109589,0.0,9,9,0,0,9,9,2210,0,0,0,0,0
2020-10-21,US,Virginia,Hopewell,488,7,0,37.29186313,-77.29754684,51670.0,2166.0970304940297,1.4344262295081966,481,487,7,0,480,482,22596,1,0,0,1,5
2020-10-21,US,Virginia,Isle of Wight,834,24,0,36.90579348,-76.70842863,51093.0,2247.433237220081,2.8776978417266186,810,831,24,0,807,822,36953,3,0,0,3,9
2020-10-21,US,Virginia,James City,931,22,0,37.31156958,-76.76950618,51095.0,1216.627680566627,2.363050483351236,909,927,22,0,905,922,76397,4,0,0,4,5
2020-10-21,US,Virginia,King George,266,4,0,38.26818502,-77.15852768,51099.0,991.2058428976004,1.5037593984962403,262,265,4,0,261,262,26575,1,0,0,1,3
2020-10-21,US,Virginia,King William,196,2,0,37.70965316,-77.09384941,51101.0,1142.9904362024727,1.020408163265306,194,191,2,0,189,188,16939,5,0,0,5,3
2020-10-21,US,Virginia,King and Queen,86,1,0,37.71044922,-76.88689628,51097.0,1224.1992882562276,1.162790697674419,85,86,1,0,85,86,7042,0,0,0,0,0
2020-10-21,US,Virginia,Lancaster,181,1,0,37.71889653,-76.46400482,51103.0,1707.0640384796757,0.5524861878453039,180,175,1,0,174,174,10783,6,0,0,6,1
2020-10-21,US,Virginia,Lee,413,9,0,36.70586667,-83.12606515,51105.0,1763.224181360201,2.179176755447942,404,400,9,0,391,392,23541,13,0,0,13,8
2020-10-21,US,Virginia,Lexington,210,1,0,37.78258621,-79.44262866,51678.0,2820.3062046736504,0.4761904761904762,209,208,1,0,207,205,7136,2,0,0,2,3
2020-10-21,US,Virginia,Loudoun,7634,130,0,39.08990083,-77.63481877,51107.0,1846.0214055298425,1.7029080429656798,7504,7599,130,0,7469,7576,406850,35,0,0,35,23
2020-10-21,US,Virginia,Louisa,377,7,0,37.97850256,-77.96274807,51109.0,1002.8996302306404,1.856763925729443,370,375,7,0,368,373,36778,2,0,0,2,2
2020-10-21,US,Virginia,Lunenburg,145,3,0,36.94618528,-78.24133319,51111.0,1188.9143981633322,2.0689655172413794,142,145,3,0,142,142,12086,0,0,0,0,3
2020-10-21,US,Virginia,Lynchburg,1857,24,0,37.40021399,-79.19888138,51680.0,2260.0038944601306,1.292407108239095,1833,1844,24,0,1820,1826,82126,13,0,0,13,18
2020-10-21,US,Virginia,Madison,124,3,0,38.41531222,-78.28220331,51113.0,935.072769776035,2.419354838709677,121,123,3,0,120,122,13295,1,0,0,1,1
2020-10-21,US,Virginia,Manassas,2018,27,0,38.7464321,-77.48509905,51683.0,4911.768285262261,1.337958374628345,1991,2013,27,0,1986,2014,41641,5,0,0,5,-1
2020-10-21,US,Virginia,Manassas Park,634,8,0,38.77058531,-77.44399307,51685.0,3627.4173246366863,1.2618296529968454,626,632,8,0,624,631,17307,2,0,0,2,1
2020-10-21,US,Virginia,Martinsville,462,23,0,36.68212094,-79.86352771,51690.0,3680.10195953481,4.978354978354979,439,460,23,0,437,458,12902,2,0,0,2,2
2020-10-21,US,Virginia,Mathews,127,0,0,37.44164146,-76.34098896,51115.0,1437.6273488793302,0.0,127,126,0,0,126,131,8802,1,0,0,1,-5
2020-10-21,US,Virginia,Mecklenburg,851,34,0,36.67882005,-78.36131056,51117.0,2782.2277438127308,3.9952996474735607,817,850,34,0,816,850,30650,1,0,0,1,0
2020-10-21,US,Virginia,Middlesex,140,11,0,37.63191998,-76.55064617,51119.0,1323.001323001323,7.857142857142858,129,140,11,0,129,140,10769,0,0,0,0,0
2020-10-21,US,Virginia,Montgomery,2565,5,0,37.17746986,-80.37868691,51121.0,2603.135941543614,0.1949317738791423,2560,2549,5,0,2544,2529,98985,16,0,0,16,20
2020-10-21,US,Virginia,Nelson,132,2,0,37.78790447,-78.88498513,51125.0,884.125920964501,1.5151515151515151,130,126,2,0,124,125,14836,6,0,0,6,1
2020-10-21,US,Virginia,New Kent,272,3,0,37.50694406,-76.99828634,51127.0,1177.9481183144949,1.1029411764705883,269,268,3,0,265,267,22391,4,0,0,4,1
2020-10-21,US,Virginia,Newport News,3080,50,0,37.08166899,-76.51754109,51700.0,1718.5102524759382,1.6233766233766234,3030,3071,50,0,3021,3051,178626,9,0,0,9,20
2020-10-21,US,Virginia,Norfolk,5219,84,0,36.89934014,-76.26420872,51710.0,2150.0193621210997,1.6095037363479594,5135,5209,84,0,5125,5179,244076,10,0,0,10,30
2020-10-21,US,Virginia,Northampton,315,31,0,37.34062933,-75.87751591,51131.0,2690.00853970965,9.841269841269842,284,314,31,0,283,314,11735,1,0,0,1,0
2020-10-21,US,Virginia,Northumberland,212,7,0,37.89202088,-76.41949732,51133.0,1752.7904092600247,3.30188679245283,205,208,7,0,201,208,12147,4,0,0,4,0
2020-10-21,US,Virginia,Norton,45,0,0,36.93357076,-82.62750411,51720.0,1130.3692539562926,0.0,45,45,0,0,45,44,3968,0,0,0,0,1
2020-10-21,US,Virginia,Nottoway,335,20,0,37.1435975,-78.05065922,51135.0,2199.3172268907565,5.970149253731344,315,334,20,0,314,329,15420,1,0,0,1,5
2020-10-21,US,Virginia,Orange,377,5,0,38.24530219,-78.01560400000002,51137.0,1017.5163963185879,1.326259946949602,372,376,5,0,371,373,36644,1,0,0,1,3
2020-10-21,US,Virginia,Page,460,30,0,38.61807452,-78.48797204,51139.0,1924.5251443393854,6.521739130434782,430,459,30,0,429,457,23933,1,0,0,1,2
2020-10-21,US,Virginia,Patrick,309,26,0,36.680163799999995,-80.2865648,51141.0,1754.8841435711042,8.414239482200648,283,306,26,0,280,302,17673,3,0,0,3,4
2020-10-21,US,Virginia,Petersburg,889,29,0,37.20530399,-77.39368102,51730.0,2836.0875390799465,3.262092238470191,860,885,29,0,856,877,31567,4,0,0,4,8
2020-10-21,US,Virginia,Pittsylvania,1237,17,0,36.81980341,-79.39731264,51143.0,2049.574179010505,1.3742926434923202,1220,1227,17,0,1210,1220,60949,10,0,0,10,7
2020-10-21,US,Virginia,Poquoson,90,2,0,37.14259351,-76.35798148,51735.0,733.4365577377557,2.2222222222222223,88,89,2,0,87,89,12190,1,0,0,1,0
2020-10-21,US,Virginia,Portsmouth,2741,67,0,36.85914825,-76.35971629,51740.0,2903.6632132036707,2.4443633710324697,2674,2730,65,0,2665,2724,94632,11,2,0,9,6
2020-10-21,US,Virginia,Powhatan,289,5,0,37.55016038,-77.91267882,51145.0,974.6391474436799,1.7301038062283738,284,283,5,0,278,280,29189,6,0,0,6,3
2020-10-21,US,Virginia,Prince Edward,730,13,0,37.22554789,-78.43597949,51147.0,3201.4735549513202,1.7808219178082192,717,725,13,0,712,720,22950,5,0,0,5,5
2020-10-21,US,Virginia,Prince George,1052,6,0,37.18497668,-77.22922187,51149.0,2742.9405783119964,0.5703422053231939,1046,1054,6,0,1048,1049,38082,-2,0,0,-2,5
2020-10-21,US,Virginia,Prince William,13735,222,0,38.70916224,-77.48713689,51153.0,2920.258964355193,1.6163087004004368,13513,13674,221,0,13453,13612,468011,61,1,0,60,62
2020-10-21,US,Virginia,Pulaski,278,6,0,37.06474963,-80.71229738,51155.0,816.9982660828166,2.1582733812949644,272,273,6,0,267,269,34066,5,0,0,5,4
2020-10-21,US,Virginia,Radford,886,1,0,37.12222899,-80.56027320000003,51750.0,4855.060551263083,0.1128668171557562,885,870,1,0,869,862,18339,16,0,0,16,8
2020-10-21,US,Virginia,Rappahannock,68,2,0,38.68295619,-78.15826963,51157.0,922.6594301221166,2.9411764705882355,66,67,2,0,65,66,7252,1,0,0,1,1
2020-10-21,US,Virginia,Richmond,363,4,0,37.937575,-76.72920628,51159.0,4023.052199933503,1.1019283746556474,359,364,4,0,360,376,9038,-1,0,0,-1,-12
2020-10-21,US,Virginia,Richmond City,5145,68,0,37.53255773,-77.47966921,51760.0,2232.724053533302,1.3216715257531584,5077,5134,64,0,5070,5109,228783,11,4,0,7,25
2020-10-21,US,Virginia,Roanoke,1324,11,0,37.26865804,-80.06396753,51161.0,1405.7290892489332,0.8308157099697885,1313,1303,10,0,1293,1271,94073,21,1,0,20,32
2020-10-21,US,Virginia,Roanoke City,2478,35,0,37.27791025,-79.96189766,51770.0,2499.420029654136,1.4124293785310735,2443,2445,35,0,2410,2385,99920,33,0,0,33,60
2020-10-21,US,Virginia,Rockbridge,148,3,0,37.81204314,-79.44605905,51163.0,655.6505559739512,2.0270270270270268,145,147,3,0,144,147,22752,1,0,0,1,0
2020-10-21,US,Virginia,Rockingham,1701,26,0,38.51006137,-78.87260325,51165.0,2075.706545614292,1.5285126396237507,1675,1699,25,0,1674,1697,81244,2,1,0,1,2
2020-10-21,US,Virginia,Russell,437,8,0,36.93028320000001,-82.10095486,51167.0,1643.722259836004,1.8306636155606408,429,414,8,0,406,410,26748,23,0,0,23,4
2020-10-21,US,Virginia,Salem,481,6,0,37.2836193,-80.06219455,51775.0,1901.1106280384174,1.2474012474012477,475,471,6,0,465,447,25643,10,0,0,10,24
2020-10-21,US,Virginia,Scott,300,5,0,36.71466456,-82.60171704,51169.0,1391.0785495687655,1.6666666666666667,295,289,5,0,284,279,21534,11,0,0,11,10
2020-10-21,US,Virginia,Shenandoah,931,60,0,38.85905135,-78.56813762,51171.0,2134.53778429934,6.44468313641246,871,930,60,0,870,924,43497,1,0,0,1,6
2020-10-21,US,Virginia,Smyth,604,24,0,36.84455636,-81.53344948,51173.0,2006.3778899813974,3.9735099337748334,580,603,24,0,579,596,30472,1,0,0,1,7
2020-10-21,US,Virginia,Southampton,905,34,0,36.72231125,-77.10642712,51175.0,5133.004367307583,3.7569060773480665,871,904,32,0,872,898,17586,1,2,0,-1,6
2020-10-21,US,Virginia,Spotsylvania,2355,50,0,38.18574462,-77.655399,51177.0,1728.8844840876557,2.123142250530785,2305,2343,47,0,2296,2327,134238,12,3,0,9,16
2020-10-21,US,Virginia,Stafford,2287,20,0,38.41758738,-77.45917053,51179.0,1495.9249617351943,0.8745080891998251,2267,2279,19,0,2260,2267,149960,8,1,0,7,12
2020-10-21,US,Virginia,Staunton,363,1,0,38.15965544,-79.05979937,51790.0,1455.960211776031,0.27548209366391185,362,360,1,0,359,354,24922,3,0,0,3,6
2020-10-21,US,Virginia,Suffolk,2263,78,0,36.70155394,-76.63603554,51800.0,2456.898423589699,3.4467520989836498,2185,2256,78,0,2178,2249,91185,7,0,0,7,7
2020-10-21,US,Virginia,Surry,137,5,0,37.11781893,-76.88450012,51181.0,2133.2918094051693,3.6496350364963503,132,137,5,0,132,138,6474,0,0,0,0,-1
2020-10-21,US,Virginia,Sussex,635,13,0,36.92432914,-77.25791182,51183.0,5690.474056815127,2.047244094488189,622,636,12,0,624,649,11237,-1,1,0,-2,-13
2020-10-21,US,Virginia,Tazewell,437,2,0,37.12191123,-81.56685568,51185.0,1076.487252124646,0.4576659038901602,435,421,2,0,419,418,40855,16,0,0,16,3
2020-10-21,US,Virginia,Virginia Beach,7622,103,0,36.73285734,-76.04566934,51810.0,1693.8756461484436,1.351351351351351,7519,7593,102,0,7491,7553,450189,29,1,0,28,40
2020-10-21,US,Virginia,Warren,544,18,0,38.90847745,-78.20280433,51187.0,1354.4467682501745,3.3088235294117645,526,529,17,0,512,520,40003,15,1,0,14,9
2020-10-21,US,Virginia,Washington,850,26,0,36.72341572,-81.95666289,51191.0,1581.6896166728693,3.0588235294117645,824,845,25,0,820,841,54402,5,1,0,4,4
2020-10-21,US,Virginia,Waynesboro,372,3,0,38.06451466,-78.90293905,51820.0,1643.835616438356,0.8064516129032258,369,367,3,0,364,362,22628,5,0,0,5,5
2020-10-21,US,Virginia,Westmoreland,334,5,0,38.11021557,-76.80213247,51193.0,1854.0105467665835,1.497005988023952,329,331,5,0,326,333,17830,3,0,0,3,-2
2020-10-21,US,Virginia,Williamsburg,210,8,0,37.28131268,-76.70905141,51830.0,1404.3065400561725,3.809523809523809,202,210,8,0,202,209,14896,0,0,0,0,1
2020-10-21,US,Virginia,Winchester,572,4,0,39.17054517,-78.17325058,51840.0,2037.182135479735,0.6993006993006993,568,568,4,0,564,563,28108,4,0,0,4,5
2020-10-21,US,Virginia,Wise,542,9,0,36.9746148,-82.62410519,51195.0,1449.8568868202124,1.6605166051660516,533,534,9,0,525,527,38012,8,0,0,8,7
2020-10-21,US,Virginia,Wythe,320,6,0,36.91582035,-81.07834059,51197.0,1115.6045181982986,1.875,314,313,6,0,307,314,28754,7,0,0,7,-1
2020-10-21,US,Virginia,York,625,9,0,37.24374789,-76.54412815,51199.0,915.3485647334503,1.44,616,620,9,0,611,617,67846,5,0,0,5,3
2020-10-21,US,Washington,Adams,910,10,0,46.98299757,-118.56017340000001,53001.0,4553.870790171646,1.0989010989010992,900,908,10,0,898,909,19759,2,0,0,2,-1
2020-10-21,US,Washington,Asotin,199,7,0,46.18894415,-117.2022851,53003.0,881.2328403152952,3.5175879396984926,192,194,7,0,187,194,22610,5,0,0,5,0
2020-10-21,US,Washington,Benton,5068,134,0,46.23946995,-119.51208340000001,53005.0,2479.57336464602,2.644041041831097,4934,5033,135,0,4898,5017,201877,35,-1,0,36,16
2020-10-21,US,Washington,Chelan,1973,16,0,47.87046092,-120.6173956,53007.0,2555.699481865285,0.8109477952356817,1957,1959,17,0,1942,1954,77036,14,-1,0,15,5
2020-10-21,US,Washington,Clallam,255,1,0,48.04754642,-123.92263190000001,53009.0,329.7513287038833,0.392156862745098,254,252,1,0,251,252,76737,3,0,0,3,0
2020-10-21,US,Washington,Clark,4081,77,0,45.77568046,-122.48292040000001,53011.0,835.8577014220436,1.8867924528301887,4004,4061,77,0,3984,3997,481857,20,0,0,20,64
2020-10-21,US,Washington,Columbia,14,1,0,46.29442881,-117.9051983,53013.0,351.3174404015057,7.142857142857142,13,14,1,0,13,14,4059,0,0,0,0,0
2020-10-21,US,Washington,Cowlitz,776,7,0,46.19074721,-122.6782231,53015.0,701.6718960512869,0.9020618556701032,769,773,7,0,766,766,108987,3,0,0,3,7
2020-10-21,US,Washington,Douglas,1225,9,0,47.7361335,-119.69293700000001,53017.0,2820.695848396233,0.7346938775510204,1216,1225,9,0,1216,1223,42907,0,0,0,0,2
2020-10-21,US,Washington,Ferry,33,0,0,48.471143100000006,-118.5154041,53019.0,432.6733971417334,0.0,33,33,0,0,33,32,7649,0,0,0,0,1
2020-10-21,US,Washington,Franklin,4703,67,0,46.53351425,-118.9018212,53021.0,4938.984688412342,1.4246225813310651,4636,4672,67,0,4605,4659,94347,31,0,0,31,13
2020-10-21,US,Washington,Garfield,14,0,0,46.43197502,-117.54540320000001,53023.0,629.2134831460675,0.0,14,14,0,0,14,14,2247,0,0,0,0,0
2020-10-21,US,Washington,Grant,3287,26,0,47.20753737,-119.4500749,53025.0,3363.244758679259,0.7909948281107393,3261,3284,26,0,3258,3264,97331,3,0,0,3,20
2020-10-21,US,Washington,Grays Harbor,656,12,0,47.14003705,-123.7820567,53027.0,873.955849242616,1.8292682926829267,644,643,11,0,632,641,73901,13,1,0,12,2
2020-10-21,US,Washington,Island,368,12,0,48.14713305,-122.5216407,53029.0,432.22419280957473,3.260869565217391,356,361,12,0,349,359,84460,7,0,0,7,2
2020-10-21,US,Washington,Jefferson,81,0,0,47.75003077,-123.56097040000002,53031.0,251.38884578380558,0.0,81,81,0,0,81,81,31729,0,0,0,0,0
2020-10-21,US,Washington,King,25540,800,0,47.49137892,-121.8346131,53033.0,1133.709342492971,3.1323414252153485,24740,25329,800,0,24529,25219,2233163,211,0,0,211,110
2020-10-21,US,Washington,Kitsap,1437,21,0,47.63479026,-122.6436061,53035.0,529.3344089467462,1.4613778705636744,1416,1425,21,0,1404,1416,269805,12,0,0,12,9
2020-10-21,US,Washington,Kittitas,690,22,0,47.12521214,-120.67943899999999,53037.0,1439.4492541983936,3.188405797101449,668,675,22,0,653,668,47364,15,0,0,15,7
2020-10-21,US,Washington,Klickitat,206,3,0,45.87325839,-120.7913598,53039.0,918.6176142697882,1.4563106796116505,203,205,3,0,202,204,22107,1,0,0,1,1
2020-10-21,US,Washington,Lewis,677,12,0,46.57756476,-122.39257690000001,53041.0,838.8367799571289,1.7725258493353029,665,670,12,0,658,667,79604,7,0,0,7,3
2020-10-21,US,Washington,Lincoln,69,2,0,47.57705241,-118.41943880000001,53043.0,630.7706371697595,2.898550724637681,67,66,2,0,64,65,10740,3,0,0,3,1
2020-10-21,US,Washington,Mason,503,9,0,47.35007586,-123.1863685,53045.0,753.3549005511622,1.7892644135188869,494,499,9,0,490,498,65507,4,0,0,4,1
2020-10-21,US,Washington,Okanogan,1095,11,0,48.54855019,-119.73872240000001,53047.0,2592.1454442156096,1.0045662100456618,1084,1092,10,0,1082,1090,42132,3,1,0,2,2
2020-10-21,US,Washington,Pacific,114,3,0,46.55418369,-123.7285716,53049.0,507.3205464821325,2.631578947368421,111,112,3,0,109,112,22036,2,0,0,2,0
2020-10-21,US,Washington,Pend Oreille,133,1,0,48.53234021,-117.2741804,53051.0,969.1052171378607,0.7518796992481203,132,133,1,0,132,132,13602,0,0,0,0,1
2020-10-21,US,Washington,Pierce,9482,219,0,47.03892768,-122.14059579999999,53053.0,1047.7579615019117,2.3096393165998736,9263,9357,218,0,9139,9324,891299,125,1,0,124,33
2020-10-21,US,Washington,San Juan,30,0,0,48.60182783,-122.96745,53055.0,170.62905243999546,0.0,30,30,0,0,30,30,17128,0,0,0,0,0
2020-10-21,US,Washington,Skagit,1212,23,0,48.48171488,-121.766131,53057.0,938.0441933361712,1.8976897689768977,1189,1210,23,0,1187,1202,128206,2,0,0,2,8
2020-10-21,US,Washington,Skamania,72,1,0,46.02408726,-121.91644029999999,53059.0,595.8785069932964,1.3888888888888888,71,72,1,0,71,71,11924,0,0,0,0,1
2020-10-21,US,Washington,Snohomish,8189,227,0,48.04615983,-121.7170703,53061.0,996.1281281817044,2.7720112345829775,7962,8102,225,0,7877,8021,814901,87,2,0,85,81
2020-10-21,US,Washington,Spokane,8735,191,0,47.62113146,-117.4046494,53063.0,1670.817409400954,2.186605609616485,8544,8679,191,0,8488,8615,514631,56,0,0,56,64
2020-10-21,US,Washington,Stevens,238,5,0,48.40035475,-117.8542701,53065.0,520.5257747741837,2.100840336134454,233,237,5,0,232,236,45260,1,0,0,1,1
2020-10-21,US,Washington,Thurston,1449,22,0,46.9291895,-122.82906559999999,53067.0,498.73337555414815,1.5182884748102141,1427,1432,22,0,1410,1425,286419,17,0,0,17,7
2020-10-21,US,Washington,Unassigned,360,3,0,0.0,0.0,90053.0,0.0,0.8333333333333334,357,350,3,0,347,367,,10,0,0,10,-17
2020-10-21,US,Washington,Wahkiakum,10,0,0,46.29180039999999,-123.4250831,53069.0,222.81639928698758,0.0,10,10,0,0,10,10,4426,0,0,0,0,0
2020-10-21,US,Washington,Walla Walla,1016,6,0,46.23040051,-118.4775539,53071.0,1672.152732060566,0.5905511811023622,1010,1010,6,0,1004,1003,60922,6,0,0,6,7
2020-10-21,US,Washington,Whatcom,1537,49,0,48.82227976,-121.74900179999999,53073.0,670.4558838283598,3.188028627195836,1488,1524,49,0,1475,1518,225685,13,0,0,13,6
2020-10-21,US,Washington,Whitman,1689,10,0,46.90022523,-117.52417630000001,53075.0,3370.9883442439727,0.5920663114268798,1679,1689,9,0,1680,1679,49791,0,1,0,-1,10
2020-10-21,US,Washington,Yakima,11748,267,0,46.45738486,-120.73801259999999,53077.0,4682.8474965420755,2.272727272727273,11481,11735,267,0,11468,11713,251446,13,0,0,13,22
2020-10-21,US,West Virginia,Barbour,165,1,0,39.1307219,-80.00350858,54001.0,1003.5885895018553,0.6060606060606061,164,165,1,0,164,164,16535,0,0,0,0,1
2020-10-21,US,West Virginia,Berkeley,1461,17,0,39.46704621,-78.02414609,54003.0,1225.9694053083385,1.163586584531143,1444,1443,17,0,1426,1425,117123,18,0,0,18,18
2020-10-21,US,West Virginia,Boone,307,3,0,38.01974191,-81.69888019,54005.0,1430.7685137717294,0.977198697068404,304,302,3,0,299,299,21951,5,0,0,5,3
2020-10-21,US,West Virginia,Braxton,47,0,0,38.70036159,-80.72011184,54007.0,336.74858493945686,0.0,47,43,0,0,43,40,14089,4,0,0,4,3
2020-10-21,US,West Virginia,Brooke,199,2,0,40.27367263,-80.57915332,54009.0,907.0604858927023,1.0050251256281406,197,199,2,0,197,196,22203,0,0,0,0,3
2020-10-21,US,West Virginia,Cabell,1237,20,0,38.42424062,-82.23855912,54011.0,1345.369514383599,1.6168148746968471,1217,1212,18,0,1194,1197,93224,25,2,0,23,15
2020-10-21,US,West Virginia,Calhoun,33,0,0,38.84315422,-81.11934872,54013.0,464.20030946687297,0.0,33,33,0,0,33,32,7254,0,0,0,0,1
2020-10-21,US,West Virginia,Clay,55,3,0,38.46231092,-81.07652217,54015.0,646.4503996238834,5.454545454545454,52,55,3,0,52,55,8632,0,0,0,0,0
2020-10-21,US,West Virginia,Doddridge,67,1,0,39.27057157,-80.70671527,54017.0,793.0871212121212,1.492537313432836,66,66,1,0,65,65,8406,1,0,0,1,1
2020-10-21,US,West Virginia,Fayette,727,20,0,38.02974928,-81.08286634,54019.0,1714.3800405602979,2.751031636863824,707,722,20,0,702,720,43018,5,0,0,5,2
2020-10-21,US,West Virginia,Gilmer,64,0,0,38.9251277,-80.85952723,54021.0,818.100472964336,0.0,64,64,0,0,64,64,8026,0,0,0,0,0
2020-10-21,US,West Virginia,Grant,179,8,0,39.10314817,-79.19440518,54023.0,1547.3720608575381,4.46927374301676,171,178,8,0,170,178,11626,1,0,0,1,0
2020-10-21,US,West Virginia,Greenbrier,162,3,0,37.9463652,-80.45335881,54025.0,467.3706075817898,1.851851851851852,159,161,3,0,158,160,34786,1,0,0,1,1
2020-10-21,US,West Virginia,Hampshire,122,1,0,39.32103553,-78.60826476,54027.0,526.4293419633226,0.819672131147541,121,119,1,0,118,119,23347,3,0,0,3,0
2020-10-21,US,West Virginia,Hancock,195,0,0,40.51943859,-80.57461608,54029.0,676.8483165567511,0.0,195,194,0,0,194,191,29094,1,0,0,1,3
2020-10-21,US,West Virginia,Hardy,102,1,0,39.00683177,-78.85855301,54031.0,740.4181184668988,0.9803921568627452,101,102,1,0,101,101,13775,0,0,0,0,1
2020-10-21,US,West Virginia,Harrison,625,12,0,39.2853852,-80.37919577,54033.0,929.2851195432378,1.92,613,625,11,0,614,625,67554,0,1,0,-1,0
2020-10-21,US,West Virginia,Jackson,362,24,0,38.84263974,-81.68148753,54035.0,1266.7973124300113,6.629834254143647,338,358,24,0,334,355,28706,4,0,0,4,3
2020-10-21,US,West Virginia,Jefferson,538,4,0,39.30776166,-77.86014147,54037.0,941.4482203478807,0.7434944237918215,534,532,4,0,528,525,56811,6,0,0,6,7
2020-10-21,US,West Virginia,Kanawha,3394,101,0,38.33860077,-81.52857054,54039.0,1905.4142058341376,2.9758397171479083,3293,3360,101,0,3259,3340,180454,34,0,0,34,20
2020-10-21,US,West Virginia,Lewis,68,2,0,38.9947249,-80.49988181,54041.0,427.4847551392469,2.9411764705882355,66,66,2,0,64,66,16024,2,0,0,2,0
2020-10-21,US,West Virginia,Lincoln,217,2,0,38.172154,-82.07017953,54043.0,1063.256406487334,0.9216589861751152,215,217,2,0,215,214,20599,0,0,0,0,3
2020-10-21,US,West Virginia,Logan,719,45,0,37.8299889,-81.93528571,54045.0,2245.541709609919,6.258692628650904,674,716,45,0,671,711,32607,3,0,0,3,5
2020-10-21,US,West Virginia,Marion,362,5,0,39.50984542,-80.24244659,54049.0,645.5985161934657,1.3812154696132597,357,359,5,0,354,355,56097,3,0,0,3,4
2020-10-21,US,West Virginia,Marshall,262,2,0,39.86064362,-80.66591062,54051.0,858.1441813239003,0.7633587786259542,260,255,2,0,253,250,30785,7,0,0,7,5
2020-10-21,US,West Virginia,Mason,167,6,0,38.77071799,-82.02524219,54053.0,629.8084175592095,3.5928143712574854,161,166,6,0,160,166,26718,1,0,0,1,0
2020-10-21,US,West Virginia,McDowell,106,1,0,37.38002939,-81.65083669,54047.0,601.4525646845211,0.9433962264150944,105,106,1,0,105,105,18223,0,0,0,0,1
2020-10-21,US,West Virginia,Mercer,606,30,0,37.40481169,-81.11023142,54055.0,1031.3489226998877,4.950495049504951,576,588,30,0,558,578,59131,18,0,0,18,10
2020-10-21,US,West Virginia,Mineral,206,4,0,39.41561583,-78.94104895,54057.0,766.7113294625577,1.9417475728155342,202,205,4,0,201,204,26940,1,0,0,1,1
2020-10-21,US,West Virginia,Mingo,528,10,0,37.73048351,-82.13338365,54059.0,2254.098360655738,1.893939393939394,518,518,10,0,508,507,23785,10,0,0,10,11
2020-10-21,US,West Virginia,Monongalia,2239,5,0,39.63218457,-80.04766838,54061.0,2120.0242396697345,0.2233139794551139,2234,2236,5,0,2231,2228,106420,3,0,0,3,8
2020-10-21,US,West Virginia,Monroe,206,8,0,37.56274716,-80.54577965,54063.0,1551.789077212806,3.8834951456310685,198,205,8,0,197,196,13280,1,0,0,1,9
2020-10-21,US,West Virginia,Morgan,109,0,0,39.55439028,-78.26311676,54065.0,609.4833370610603,0.0,109,104,0,0,104,102,17787,5,0,0,5,2
2020-10-21,US,West Virginia,Nicholas,177,3,0,38.29617706,-80.79759588,54067.0,722.5669497060744,1.6949152542372878,174,174,3,0,171,174,24842,3,0,0,3,0
2020-10-21,US,West Virginia,Ohio,467,8,0,40.0955451,-80.62203992,54069.0,1127.7196880056026,1.7130620985010707,459,462,8,0,454,459,41755,5,0,0,5,3
2020-10-21,US,West Virginia,Pendleton,73,1,0,38.68314479,-79.35084086,54071.0,1047.4960539532217,1.3698630136986298,72,72,1,0,71,70,6997,1,0,0,1,2
2020-10-21,US,West Virginia,Pleasants,23,3,0,39.37091679,-81.16771771,54073.0,308.3109919571045,13.043478260869565,20,23,3,0,20,23,7507,0,0,0,0,0
2020-10-21,US,West Virginia,Pocahontas,64,0,0,38.32758728,-80.00993811,54075.0,776.039772038317,0.0,64,64,0,0,64,64,8414,0,0,0,0,0
2020-10-21,US,West Virginia,Preston,181,4,0,39.46770987,-79.66712803,54077.0,541.3974635080162,2.209944751381216,177,179,4,0,175,176,33839,2,0,0,2,3
2020-10-21,US,West Virginia,Putnam,804,10,0,38.50782345,-81.9082131,54079.0,1424.269264836138,1.243781094527363,794,802,10,0,792,796,56682,2,0,0,2,6
2020-10-21,US,West Virginia,Raleigh,681,8,0,37.76936795,-81.2456041,54081.0,928.28614659015,1.1747430249632893,673,674,8,0,666,665,74254,7,0,0,7,9
2020-10-21,US,West Virginia,Randolph,389,1,0,38.769899,-79.87919615,54083.0,1355.6368705349366,0.2570694087403599,388,380,1,0,379,378,28823,9,0,0,9,2
2020-10-21,US,West Virginia,Ritchie,32,0,0,39.18094587,-81.06356878,54085.0,334.93824576093783,0.0,32,32,0,0,32,27,9721,0,0,0,0,5
2020-10-21,US,West Virginia,Roane,92,2,0,38.71622686,-81.35243568,54087.0,672.1215663354764,2.1739130434782608,90,91,2,0,89,88,13932,1,0,0,1,3
2020-10-21,US,West Virginia,Summers,82,1,0,37.65390597,-80.86009693,54089.0,652.1912033723057,1.2195121951219512,81,81,1,0,80,80,12760,1,0,0,1,1
2020-10-21,US,West Virginia,Taylor,165,8,0,39.33602617,-80.0421439,54091.0,988.3198562443846,4.848484848484849,157,164,8,0,156,161,16862,1,0,0,1,3
2020-10-21,US,West Virginia,Tucker,58,0,0,39.11240885,-79.57053576,54093.0,848.0772042696301,0.0,58,56,0,0,56,52,6955,2,0,0,2,4
2020-10-21,US,West Virginia,Tyler,25,1,0,39.46811972,-80.88772676,54095.0,291.00221161680827,4.0,24,24,1,0,23,24,8746,1,0,0,1,0
2020-10-21,US,West Virginia,Upshur,228,1,0,38.89285061,-80.23689136,54097.0,943.084050297816,0.43859649122807015,227,226,1,0,225,225,24415,2,0,0,2,1
2020-10-21,US,West Virginia,Wayne,513,11,0,38.14901357,-82.42287994,54099.0,1301.9643672910006,2.1442495126705654,502,507,11,0,496,495,39944,6,0,0,6,12
2020-10-21,US,West Virginia,Webster,26,0,0,38.49370949,-80.4202023,54101.0,320.4338180921864,0.0,26,25,0,0,25,24,8285,1,0,0,1,1
2020-10-21,US,West Virginia,Wetzel,95,0,0,39.6065771,-80.64016540000001,54103.0,630.6007301692665,0.0,95,93,0,0,93,82,15270,2,0,0,2,11
2020-10-21,US,West Virginia,Wirt,32,0,0,39.02775007,-81.37473928,54105.0,549.7337227280536,0.0,32,30,0,0,30,28,5830,2,0,0,2,2
2020-10-21,US,West Virginia,Wood,505,6,0,39.20967886,-81.5162836,54107.0,604.6600732776167,1.188118811881188,499,504,6,0,498,491,84203,1,0,0,1,13
2020-10-21,US,West Virginia,Wyoming,187,5,0,37.612327,-81.54511071,54109.0,916.9363538295577,2.6737967914438503,182,183,5,0,178,178,20786,4,0,0,4,5
2020-10-21,US,Wisconsin,Adams,425,4,0,43.96974651,-89.76782777,55001.0,2101.8793273986153,0.9411764705882352,421,414,4,0,410,400,20348,11,0,0,11,14
2020-10-21,US,Wisconsin,Ashland,246,3,0,46.31956891,-90.67837132,55003.0,1580.7736794756458,1.2195121951219512,243,239,3,0,236,234,15600,7,0,0,7,5
2020-10-21,US,Wisconsin,Barron,858,6,0,45.42372701,-91.84833627,55005.0,1896.3840509238794,0.6993006993006993,852,827,6,0,821,803,45164,31,0,0,31,24
2020-10-21,US,Wisconsin,Bayfield,186,1,0,46.52868768,-91.19716729,55007.0,1237.0311252992815,0.5376344086021505,185,184,1,0,183,176,15042,2,0,0,2,8
2020-10-21,US,Wisconsin,Brown,13645,87,0,44.452655299999996,-88.00411844,55009.0,5157.971135018258,0.6375961890802492,13558,13415,86,0,13329,13251,263378,230,1,0,229,164
2020-10-21,US,Wisconsin,Buffalo,219,3,0,44.37835084,-91.75332578,55011.0,1680.6077814442483,1.3698630136986298,216,213,2,0,211,208,13125,6,1,0,5,5
2020-10-21,US,Wisconsin,Burnett,282,6,0,45.86303537,-92.36711412,55013.0,1829.5056442195407,2.127659574468085,276,277,6,0,271,269,15392,5,0,0,5,8
2020-10-21,US,Wisconsin,Calumet,2373,11,0,44.0816316,-88.21780273,55015.0,4737.567130507698,0.4635482511588706,2362,2327,11,0,2316,2275,50159,46,0,0,46,52
2020-10-21,US,Wisconsin,Chippewa,1215,7,0,45.06939744,-91.28068855,55017.0,1879.117819914009,0.5761316872427984,1208,1130,6,0,1124,1124,64135,85,1,0,84,6
2020-10-21,US,Wisconsin,Clark,714,13,0,44.73483377,-90.61207486,55019.0,2053.2581813998963,1.8207282913165264,701,685,12,0,673,673,34709,29,1,0,28,12
2020-10-21,US,Wisconsin,Columbia,1534,4,0,43.46492199,-89.33589004,55021.0,2666.3422095529445,0.2607561929595828,1530,1504,4,0,1500,1464,57358,30,0,0,30,40
2020-10-21,US,Wisconsin,Crawford,300,0,0,43.23870316,-90.93073686,55023.0,1859.773107680863,0.0,300,297,0,0,297,296,16291,3,0,0,3,1
2020-10-21,US,Wisconsin,Dane,13121,46,0,43.06601594,-89.41733797,55025.0,2400.058533551615,0.35058303482966235,13075,12821,46,0,12775,12516,542364,300,0,0,300,305
2020-10-21,US,Wisconsin,Dodge,3280,23,0,43.41576662,-88.70928178,55027.0,3734.1044410797026,0.7012195121951219,3257,3150,22,0,3128,3050,87847,130,1,0,129,100
2020-10-21,US,Wisconsin,Door,668,4,0,44.95856458,-87.30002707,55029.0,2414.341477519156,0.5988023952095808,664,651,4,0,647,623,27610,17,0,0,17,28
2020-10-21,US,Wisconsin,Douglas,707,1,0,46.43222285,-91.91595768,55031.0,1638.470451911935,0.14144271570014144,706,701,1,0,700,696,43208,6,0,0,6,5
2020-10-21,US,Wisconsin,Dunn,900,1,0,44.94562799,-91.8962481,55033.0,1983.777111620525,0.1111111111111111,899,884,1,0,883,857,45131,16,0,0,16,27
2020-10-21,US,Wisconsin,Eau Claire,2783,12,0,44.726614,-91.28609183,55035.0,2659.4423102650844,0.4311893639956881,2771,2736,11,0,2725,2674,104534,47,1,0,46,62
2020-10-21,US,Wisconsin,Florence,186,6,0,45.84963535,-88.39804137,55037.0,4330.616996507567,3.2258064516129035,180,172,4,0,168,158,4321,14,2,0,12,14
2020-10-21,US,Wisconsin,Fond du Lac,3741,19,0,43.75354908,-88.48885325,55039.0,3617.883426979875,0.5078855920876771,3722,3688,17,0,3671,3543,103066,53,2,0,51,145
2020-10-21,US,Wisconsin,Forest,413,10,0,45.66678019,-88.77084892,55041.0,4586.850288760551,2.4213075060532687,403,401,10,0,391,398,8991,12,0,0,12,3
2020-10-21,US,Wisconsin,Grant,1646,27,0,42.8671731,-90.7063218,55043.0,3199.9066855887554,1.640340218712029,1619,1623,25,0,1598,1599,51554,23,2,0,21,24
2020-10-21,US,Wisconsin,Green,846,5,0,42.6794956,-89.60243287,55045.0,2288.9610389610393,0.5910165484633569,841,828,4,0,824,816,36929,18,1,0,17,12
2020-10-21,US,Wisconsin,Green Lake,632,2,0,43.80025981,-89.04679553,55047.0,3341.616877280177,0.3164556962025317,630,618,2,0,616,614,18918,14,0,0,14,4
2020-10-21,US,Wisconsin,Iowa,401,1,0,43.00050278,-90.13469017,55049.0,1693.5551989188275,0.2493765586034913,400,385,1,0,384,372,23771,16,0,0,16,13
2020-10-21,US,Wisconsin,Iron,170,1,0,46.26302338,-90.24295041,55051.0,2989.2737823105326,0.5882352941176471,169,170,1,0,169,164,5676,0,0,0,0,6
2020-10-21,US,Wisconsin,Jackson,309,1,0,44.31864893,-90.80566792,55053.0,1496.8754541491062,0.32362459546925565,308,299,1,0,298,280,20478,10,0,0,10,19
2020-10-21,US,Wisconsin,Jefferson,2356,10,0,43.02054068,-88.77529134,55055.0,2779.3179110287956,0.4244482173174873,2346,2308,9,0,2299,2204,85129,48,1,0,47,104
2020-10-21,US,Wisconsin,Juneau,693,4,0,43.92456975,-90.11120239,55057.0,2596.7699629032863,0.5772005772005772,689,675,4,0,671,621,26617,18,0,0,18,54
2020-10-21,US,Wisconsin,Kenosha,4557,74,0,42.57639354,-88.04051686,55059.0,2687.52838211617,1.6238753565942503,4483,4479,71,0,4408,4428,169290,78,3,0,75,51
2020-10-21,US,Wisconsin,Kewaunee,968,5,0,44.51727459,-87.61468386,55061.0,4737.202701380053,0.5165289256198347,963,937,5,0,932,925,20383,31,0,0,31,12
2020-10-21,US,Wisconsin,La Crosse,3907,15,0,43.90632465,-91.11451093,55063.0,3310.56805856833,0.3839262861530586,3892,3868,15,0,3853,3817,118230,39,0,0,39,51
2020-10-21,US,Wisconsin,Lafayette,471,1,0,42.66005229,-90.1317729,55065.0,2826.2826282628253,0.21231422505307854,470,466,1,0,465,458,16665,5,0,0,5,8
2020-10-21,US,Wisconsin,Langlade,754,8,0,45.26271619,-89.07483625,55067.0,3929.334514565637,1.0610079575596818,746,704,8,0,696,678,19268,50,0,0,50,26
2020-10-21,US,Wisconsin,Lincoln,617,5,0,45.33737523,-89.73411273,55069.0,2236.074366687203,0.8103727714748784,612,603,5,0,598,598,27689,14,0,0,14,5
2020-10-21,US,Wisconsin,Manitowoc,2347,8,0,44.11946801,-87.80928853,55071.0,2971.600764740887,0.34086067319982954,2339,2258,7,0,2251,2151,79074,89,1,0,88,107
2020-10-21,US,Wisconsin,Marathon,3699,39,0,44.89792533,-89.75863384,55073.0,2726.026589629455,1.05433901054339,3660,3531,38,0,3493,3376,135428,168,1,0,167,155
2020-10-21,US,Wisconsin,Marinette,1502,11,0,45.38553432,-88.03324599999998,55075.0,3722.428748451053,0.7323568575233023,1491,1478,11,0,1467,1419,40434,24,0,0,24,59
2020-10-21,US,Wisconsin,Marquette,537,2,0,43.81911946,-89.40073763,55077.0,3448.054449723899,0.37243947858473,535,528,2,0,526,517,15434,9,0,0,9,11
2020-10-21,US,Wisconsin,Menominee,252,0,0,45.00422544,-88.70950714,55078.0,5531.16769095698,0.0,252,239,0,0,239,219,4658,13,0,0,13,20
2020-10-21,US,Wisconsin,Milwaukee,36706,559,0,43.00486062,-87.96733172,55079.0,3881.251017736639,1.522911785539149,36147,36059,557,0,35502,35235,948201,647,2,0,645,824
2020-10-21,US,Wisconsin,Monroe,989,4,0,43.94641218,-90.61881899999999,55081.0,2138.2396817503727,0.4044489383215369,985,960,3,0,957,949,46051,29,1,0,28,11
2020-10-21,US,Wisconsin,Oconto,1877,8,0,45.02715345,-88.26807503,55083.0,4948.5895069865555,0.42621204049014383,1869,1817,8,0,1809,1751,37830,60,0,0,60,66
2020-10-21,US,Wisconsin,Oneida,1025,8,0,45.70677897,-89.51944105,55085.0,2879.6179238657123,0.7804878048780488,1017,967,6,0,961,939,35470,58,2,0,56,28
2020-10-21,US,Wisconsin,Outagamie,8183,55,0,44.41578887,-88.46565023,55087.0,4355.3237352635915,0.6721251374801418,8128,8026,51,0,7975,7733,187365,157,4,0,153,293
2020-10-21,US,Wisconsin,Ozaukee,1992,23,0,43.38352225,-87.94625009,55089.0,2232.6582306856008,1.1546184738955825,1969,1939,23,0,1916,1846,89147,53,0,0,53,93
2020-10-21,US,Wisconsin,Pepin,102,0,0,44.58307413,-91.99949611,55091.0,1399.752984767394,0.0,102,93,0,0,93,92,7289,9,0,0,9,1
2020-10-21,US,Wisconsin,Pierce,619,7,0,44.71850291,-92.4224416,55093.0,1447.8177480469665,1.1308562197092085,612,612,7,0,605,593,42555,7,0,0,7,19
2020-10-21,US,Wisconsin,Polk,445,2,0,45.46130348,-92.44182875,55095.0,1016.3762190804648,0.44943820224719105,443,419,2,0,417,401,43598,26,0,0,26,18
2020-10-21,US,Wisconsin,Portage,2397,18,0,44.47558711,-89.50152965,55097.0,3386.9326852427507,0.7509386733416771,2379,2331,17,0,2314,2274,70942,66,1,0,65,57
2020-10-21,US,Wisconsin,Price,299,0,0,45.68051754,-90.36098879999999,55099.0,2239.5326192794546,0.0,299,293,0,0,293,284,13397,6,0,0,6,9
2020-10-21,US,Wisconsin,Racine,6575,105,0,42.74753117,-88.05941254,55101.0,3349.277422049707,1.596958174904943,6470,6454,102,0,6352,6291,196584,121,3,0,118,163
2020-10-21,US,Wisconsin,Richland,404,6,0,43.3762778,-90.43012729,55103.0,2341.757477393925,1.4851485148514851,398,390,6,0,384,370,17377,14,0,0,14,20
2020-10-21,US,Wisconsin,Rock,4292,39,0,42.67151616,-89.07147900000002,55105.0,2627.422652643951,0.9086672879776329,4253,4191,39,0,4152,4106,163129,101,0,0,101,85
2020-10-21,US,Wisconsin,Rusk,160,1,0,45.47498854,-91.1333012,55107.0,1128.5089575398504,0.625,159,152,1,0,151,153,14147,8,0,0,8,-1
2020-10-21,US,Wisconsin,Sauk,1511,7,0,43.42574087,-89.94966132,55111.0,2344.74411098352,0.4632693580410324,1504,1485,6,0,1479,1453,64249,26,1,0,25,32
2020-10-21,US,Wisconsin,Sawyer,350,1,0,45.87931905,-91.14504927,55113.0,2113.781857712284,0.2857142857142857,349,349,1,0,348,342,16489,1,0,0,1,7
2020-10-21,US,Wisconsin,Shawano,2093,15,0,44.78902246,-88.76443896,55115.0,5117.484535074207,0.7166746297181079,2078,1998,14,0,1984,1923,40796,95,1,0,94,75
2020-10-21,US,Wisconsin,Sheboygan,3995,22,0,43.72099677,-87.94579284,55117.0,3463.6726200797643,0.5506883604505632,3973,3839,20,0,3819,3616,115456,156,2,0,154,223
2020-10-21,US,Wisconsin,St. Croix,1550,9,0,45.03437474,-92.45000068,55109.0,1709.1755157850628,0.5806451612903226,1541,1467,9,0,1458,1423,89694,83,0,0,83,44
2020-10-21,US,Wisconsin,Taylor,395,7,0,45.21179252,-90.5004405,55119.0,1941.6998476134293,1.7721518987341771,388,382,6,0,376,361,20412,13,1,0,12,21
2020-10-21,US,Wisconsin,Trempealeau,910,2,0,44.30360275,-91.35893614,55121.0,3069.2434820735944,0.21978021978021975,908,896,2,0,894,879,29442,14,0,0,14,17
2020-10-21,US,Wisconsin,Vernon,450,3,0,43.59422667,-90.8324691,55123.0,1459.9961066770486,0.6666666666666666,447,434,3,0,431,433,30785,16,0,0,16,1
2020-10-21,US,Wisconsin,Vilas,459,4,0,46.05467334,-89.51719204,55125.0,2068.033340842532,0.8714596949891068,455,448,3,0,445,420,21938,11,1,0,10,28
2020-10-21,US,Wisconsin,Walworth,3157,37,0,42.66858202,-88.54163073,55127.0,3039.4346670774444,1.1719987329743426,3120,3114,36,0,3078,3057,103718,43,1,0,42,57
2020-10-21,US,Wisconsin,Washburn,206,2,0,45.89838588,-91.79050449,55129.0,1310.4325699745548,0.9708737864077671,204,200,2,0,198,180,15878,6,0,0,6,20
2020-10-21,US,Wisconsin,Washington,4028,41,0,43.36863664,-88.22974712,55131.0,2961.0244497699105,1.0178748758689176,3987,3918,41,0,3877,3773,135693,110,0,0,110,145
2020-10-21,US,Wisconsin,Waukesha,10923,108,0,43.01833055,-88.30431188,55133.0,2702.388433391556,0.9887393573194178,10815,10576,106,0,10470,10295,403072,347,2,0,345,281
2020-10-21,US,Wisconsin,Waupaca,2065,36,0,44.47068056,-88.96534501,55135.0,4049.813688958619,1.7433414043583535,2029,2031,32,0,1999,2011,51128,34,4,0,30,20
2020-10-21,US,Wisconsin,Waushara,837,4,0,44.11324419,-89.24317107,55137.0,3424.293253692264,0.4778972520908005,833,817,3,0,814,786,24263,20,1,0,19,31
2020-10-21,US,Wisconsin,Winnebago,7807,53,0,44.06886922,-88.64477096,55139.0,4541.409017666529,0.6788779300627642,7754,7723,51,0,7672,7607,171020,84,2,0,82,116
2020-10-21,US,Wisconsin,Wood,1426,9,0,44.45537896,-90.04158336,55141.0,1953.4514171427008,0.6311360448807855,1417,1389,9,0,1380,1371,73055,37,0,0,37,18
2020-10-21,US,Wyoming,Albany,1147,2,0,41.65498705,-105.72354150000001,56001.0,2950.1028806584363,0.17436791630340018,1145,1131,2,0,1129,1120,38601,16,0,0,16,11
2020-10-21,US,Wyoming,Big Horn,175,1,0,44.52405055,-107.9960365,56003.0,1484.3087362171332,0.5714285714285714,174,173,2,0,171,163,11881,2,-1,0,3,10
2020-10-21,US,Wyoming,Campbell,676,2,0,44.24886082,-105.54744040000001,56005.0,1458.7514296195593,0.2958579881656805,674,637,2,0,635,631,46140,39,0,0,39,6
2020-10-21,US,Wyoming,Carbon,286,2,0,41.69357844,-106.9326084,56007.0,1932.4324324324325,0.6993006993006993,284,279,2,0,277,275,14971,7,0,0,7,4
2020-10-21,US,Wyoming,Converse,269,0,0,42.97272268,-105.5081848,56009.0,1946.1727680509325,0.0,269,253,0,0,253,243,13640,16,0,0,16,10
2020-10-21,US,Wyoming,Crook,90,0,0,44.58855102,-104.56977049999999,56011.0,1186.7088607594935,0.0,90,88,0,0,88,83,7450,2,0,0,2,5
2020-10-21,US,Wyoming,Fremont,1113,15,0,43.04183996,-108.6296893,56013.0,2834.87430274318,1.3477088948787062,1098,1066,15,0,1051,1043,39531,47,0,0,47,23
2020-10-21,US,Wyoming,Goshen,139,2,0,42.08798185,-104.3534743,56015.0,1052.1535084399363,1.4388489208633093,137,135,2,0,133,135,13376,4,0,0,4,0
2020-10-21,US,Wyoming,Hot Springs,46,0,0,43.71930657,-108.44231740000001,56017.0,1042.3748017221844,0.0,46,45,0,0,45,45,4555,1,0,0,1,0
2020-10-21,US,Wyoming,Johnson,75,2,0,44.04057166,-106.58451740000001,56019.0,888.0994671403198,2.6666666666666665,73,73,2,0,71,72,8460,2,0,0,2,1
2020-10-21,US,Wyoming,Laramie,1280,4,0,41.30702520000001,-104.6887497,56021.0,1286.4321608040202,0.3125,1276,1227,4,0,1223,1188,98976,53,0,0,53,39
2020-10-21,US,Wyoming,Lincoln,314,2,0,42.26376367,-110.6563997,56023.0,1583.459404942007,0.6369426751592356,312,312,2,0,310,307,19434,2,0,0,2,5
2020-10-21,US,Wyoming,Natrona,1111,8,0,42.96180148,-106.79788500000001,56025.0,1391.2194144606674,0.7200720072007201,1103,1065,7,0,1058,1040,79115,46,1,0,45,25
2020-10-21,US,Wyoming,Niobrara,6,0,0,43.05607708,-104.47588959999999,56027.0,254.6689303904924,0.0,6,6,0,0,6,5,2388,0,0,0,0,1
2020-10-21,US,Wyoming,Park,481,3,0,44.52157546,-109.58528249999999,56029.0,1647.5988216756866,0.6237006237006237,478,462,3,0,459,443,29324,19,0,0,19,19
2020-10-21,US,Wyoming,Platte,106,1,0,42.13299116,-104.96633100000001,56031.0,1262.9572262599786,0.9433962264150944,105,98,1,0,97,86,8566,8,0,0,8,12
2020-10-21,US,Wyoming,Sheridan,577,4,0,44.79048913,-106.8862389,56033.0,1892.7341315401013,0.6932409012131716,573,539,4,0,535,517,30233,38,0,0,38,22
2020-10-21,US,Wyoming,Sublette,154,1,0,42.76558279,-109.91309220000001,56035.0,1566.4734004679074,0.6493506493506493,153,149,1,0,148,145,9813,5,0,0,5,4
2020-10-21,US,Wyoming,Sweetwater,436,2,0,41.65943896,-108.8827882,56037.0,1029.6861346621638,0.4587155963302753,434,428,2,0,426,422,43051,8,0,0,8,6
2020-10-21,US,Wyoming,Teton,715,1,0,43.93522482,-110.5890801,56039.0,3047.221275144903,0.13986013986013987,714,716,1,0,715,711,23081,-1,0,0,-1,5
2020-10-21,US,Wyoming,Uinta,407,2,0,41.2878183,-110.54757820000002,56041.0,2012.261445663997,0.4914004914004914,405,404,2,0,402,403,20299,3,0,0,3,1
2020-10-21,US,Wyoming,Washakie,142,7,0,43.90451606,-107.68018700000002,56043.0,1819.3465727098014,4.929577464788731,135,139,7,0,132,135,7885,3,0,0,3,4
2020-10-21,US,Wyoming,Weston,103,0,0,43.83961191,-104.56748809999999,56045.0,1486.935181175112,0.0,103,101,0,0,101,99,6967,2,0,0,2,2
