Date,Country/Region,Province/State,Admin2,Confirmed,Deaths,Recovered,Latitude,Longitude,FIPS,Incidence_Rate,Case-Fatality_Ratio,Active Cases,Previous Confirmed,Previous Deaths,Previous Recovered,Previous Active,Prev2 Confirmed,Population,Daily Confirmed,Daily Deaths,Daily Recovered,Daily Active,Previous Daily Confirmed
2020-11-05,US,Alabama,Autauga,2230,31,0,32.53952745,-86.64408227,1001.0,3991.4800694481733,1.390134529147982,2199,2212,31,0,2181,2197,55601,18,0,0,18,15
2020-11-05,US,Alabama,Baldwin,7097,77,0,30.72774991,-87.72207058,1003.0,3179.175215244989,1.0849654783711429,7020,7061,77,0,6984,6995,218022,36,0,0,36,66
2020-11-05,US,Alabama,Barbour,1080,9,0,31.868263,-85.3871286,1005.0,4374.949364011991,0.8333333333333334,1071,1079,9,0,1070,1074,24881,1,0,0,1,5
2020-11-05,US,Alabama,Bibb,907,15,0,32.99642064,-87.12511459999996,1007.0,4050.192015718496,1.6538037486218302,892,897,15,0,882,890,22400,10,0,0,10,7
2020-11-05,US,Alabama,Blount,2222,25,0,33.98210918,-86.56790593,1009.0,3842.562169266421,1.125112511251125,2197,2188,25,0,2163,2162,57840,34,0,0,34,26
2020-11-05,US,Alabama,Bullock,661,17,0,32.10030533,-85.71265535,1011.0,6543.906543906544,2.571860816944024,644,659,17,0,642,657,10138,2,0,0,2,2
2020-11-05,US,Alabama,Butler,1037,41,0,31.75300095,-86.68057478,1013.0,5332.167832167832,3.9537126325940215,996,1034,41,0,993,1029,19680,3,0,0,3,5
2020-11-05,US,Alabama,Calhoun,5039,66,0,33.77483727,-85.82630386,1015.0,4435.544210202016,1.3097836872395316,4973,5001,65,0,4936,4951,114277,38,1,0,37,50
2020-11-05,US,Alabama,Chambers,1461,48,0,32.91360079,-85.39072749,1017.0,4393.456426294581,3.2854209445585214,1413,1449,48,0,1401,1428,33615,12,0,0,12,21
2020-11-05,US,Alabama,Cherokee,831,15,0,34.17805983,-85.60638968,1019.0,3172.2400366468164,1.8050541516245489,816,823,15,0,808,808,26032,8,0,0,8,15
2020-11-05,US,Alabama,Chilton,1983,33,0,32.85044126,-86.7173256,1021.0,4463.40145853966,1.6641452344931922,1950,1970,33,0,1937,1962,44153,13,0,0,13,8
2020-11-05,US,Alabama,Choctaw,399,12,0,32.02227341,-88.26564429999998,1023.0,3169.433632536341,3.0075187969924815,387,397,12,0,385,396,12841,2,0,0,2,1
2020-11-05,US,Alabama,Clarke,1422,18,0,31.68099859,-87.83548597,1025.0,6019.812039624079,1.2658227848101269,1404,1417,18,0,1399,1409,23920,5,0,0,5,8
2020-11-05,US,Alabama,Clay,799,13,0,33.26984193,-85.85836077,1027.0,6037.023044956554,1.6270337922403004,786,793,13,0,780,785,13275,6,0,0,6,8
2020-11-05,US,Alabama,Cleburne,614,10,0,33.67679204,-85.52005899,1029.0,4118.041582830315,1.6286644951140066,604,604,9,0,595,590,14987,10,1,0,9,14
2020-11-05,US,Alabama,Coffee,1920,11,0,31.39932826,-85.98901039,1031.0,3668.182339230447,0.5729166666666666,1909,1909,11,0,1898,1893,51909,11,0,0,11,16
2020-11-05,US,Alabama,Colbert,2390,32,0,34.69847452,-87.80168544,1033.0,4326.4966238844345,1.338912133891213,2358,2366,32,0,2334,2336,54762,24,0,0,24,30
2020-11-05,US,Alabama,Conecuh,592,13,0,31.43401703,-86.99320044,1035.0,4905.941824811469,2.195945945945946,579,588,13,0,575,584,12277,4,0,0,4,4
2020-11-05,US,Alabama,Coosa,230,3,0,32.93690146,-86.24847739,1037.0,2156.9914658163743,1.3043478260869563,227,229,3,0,226,228,10715,1,0,0,1,1
2020-11-05,US,Alabama,Covington,1912,32,0,31.247785399999998,-86.45050893,1039.0,5160.7330832141215,1.6736401673640169,1880,1902,30,0,1872,1895,36986,10,2,0,8,7
2020-11-05,US,Alabama,Crenshaw,634,30,0,31.72941803,-86.31593104,1041.0,4603.543421434795,4.731861198738169,604,629,30,0,599,626,13824,5,0,0,5,3
2020-11-05,US,Alabama,Cullman,3001,26,0,34.13020303,-86.86888037,1043.0,3582.513609015376,0.8663778740419861,2975,2954,25,0,2929,2915,83442,47,1,0,46,39
2020-11-05,US,Alabama,Dale,1982,52,0,31.43037123,-85.61095742,1045.0,4030.7492068656957,2.623612512613522,1930,1973,52,0,1921,1955,48956,9,0,0,9,18
2020-11-05,US,Alabama,Dallas,1952,27,0,32.32688101,-87.10866709999998,1047.0,5247.876115711367,1.3831967213114753,1925,1944,27,0,1917,1924,38310,8,0,0,8,20
2020-11-05,US,Alabama,DeKalb,3790,31,0,34.45946862,-85.80782906,1049.0,5299.735712387957,0.8179419525065963,3759,3769,31,0,3738,3721,71385,21,0,0,21,48
2020-11-05,US,Alabama,Elmore,3379,59,0,32.59785413,-86.14415284,1051.0,4160.868869214003,1.7460787215152411,3320,3366,59,0,3307,3342,81887,13,0,0,13,24
2020-11-05,US,Alabama,Escambia,1803,31,0,31.1256789,-87.15918694,1053.0,4921.791827041192,1.7193566278424848,1772,1797,31,0,1766,1785,36748,6,0,0,6,12
2020-11-05,US,Alabama,Etowah,4745,57,0,34.04567266,-86.04051873,1055.0,4639.770016036297,1.2012644889357218,4688,4713,55,0,4658,4578,102501,32,2,0,30,135
2020-11-05,US,Alabama,Fayette,631,15,0,33.72076938,-87.73886638,1057.0,3870.6907127959757,2.3771790808240887,616,624,15,0,609,616,16433,7,0,0,7,8
2020-11-05,US,Alabama,Franklin,2219,32,0,34.44235334,-87.84289505,1059.0,7075.441617243799,1.4420910319963949,2187,2202,32,0,2170,2192,31363,17,0,0,17,10
2020-11-05,US,Alabama,Geneva,1003,8,0,31.09389027,-85.83572839,1061.0,3817.898062502379,0.7976071784646062,995,993,8,0,985,985,26314,10,0,0,10,8
2020-11-05,US,Alabama,Greene,354,17,0,32.85504247,-87.95684022,1063.0,4364.443348539021,4.8022598870056505,337,354,17,0,337,351,8233,0,0,0,0,3
2020-11-05,US,Alabama,Hale,817,30,0,32.76039258,-87.63284988,1065.0,5576.411166473277,3.6719706242350063,787,816,30,0,786,801,14726,1,0,0,1,15
2020-11-05,US,Alabama,Henry,766,6,0,31.51148016,-85.24267944,1067.0,4452.1941296134855,0.783289817232376,760,762,6,0,756,757,17209,4,0,0,4,5
2020-11-05,US,Alabama,Houston,4408,35,0,31.15197924,-85.29939599,1069.0,4163.124988194405,0.7940108892921959,4373,4377,35,0,4342,4341,104722,31,0,0,31,36
2020-11-05,US,Alabama,Jackson,2422,21,0,34.78144169,-85.99750489,1071.0,4691.434548483322,0.8670520231213873,2401,2386,19,0,2367,2363,51736,36,2,0,34,23
2020-11-05,US,Alabama,Jefferson,25159,391,0,33.55554728,-86.89506300000002,1073.0,3820.2294961986,1.5541158233634087,24768,24973,390,0,24583,24754,659300,186,1,0,185,219
2020-11-05,US,Alabama,Lamar,541,7,0,33.77995024,-88.09668032,1075.0,3918.869974646867,1.2939001848428835,534,540,7,0,533,533,13844,1,0,0,1,7
2020-11-05,US,Alabama,Lauderdale,2835,45,0,34.90171875,-87.65624729,1077.0,3057.2959915452557,1.5873015873015872,2790,2820,44,0,2776,2798,92387,15,1,0,14,22
2020-11-05,US,Alabama,Lawrence,977,34,0,34.52041498,-87.31069453,1079.0,2967.4401652290117,3.480040941658137,943,968,34,0,934,958,32957,9,0,0,9,10
2020-11-05,US,Alabama,Lee,6812,65,0,32.60154883,-85.35132246,1081.0,4139.976419394439,0.9541984732824428,6747,6776,65,0,6711,6749,163941,36,0,0,36,27
2020-11-05,US,Alabama,Limestone,3231,36,0,34.81185586,-86.98310072,1083.0,3266.4408835869176,1.1142061281337048,3195,3200,35,0,3165,3166,96174,31,1,0,30,34
2020-11-05,US,Alabama,Lowndes,739,29,0,32.1597283,-86.65158371,1085.0,7598.190417437795,3.924221921515562,710,735,29,0,706,733,9974,4,0,0,4,2
2020-11-05,US,Alabama,Macon,590,21,0,32.38759944,-85.69267724,1087.0,3265.4416648217853,3.5593220338983054,569,588,21,0,567,572,18439,2,0,0,2,16
2020-11-05,US,Alabama,Madison,10078,102,0,34.76327133,-86.55069633,1089.0,2702.5360074441755,1.0121055765032745,9976,9959,102,0,9857,9893,366519,119,0,0,119,66
2020-11-05,US,Alabama,Marengo,1077,24,0,32.24767634,-87.78796182,1091.0,5709.590203042994,2.2284122562674096,1053,1073,24,0,1049,1069,19066,4,0,0,4,4
2020-11-05,US,Alabama,Marion,1188,31,0,34.13697363,-87.88704173,1093.0,3998.7882459860652,2.609427609427609,1157,1177,31,0,1146,1150,29763,11,0,0,11,27
2020-11-05,US,Alabama,Marshall,4727,53,0,34.36975964,-86.30486727,1095.0,4884.576435819538,1.1212185318383754,4674,4681,53,0,4628,4618,96109,46,0,0,46,63
2020-11-05,US,Alabama,Mobile,17591,324,0,30.78472347,-88.20842409,1097.0,4257.157377604608,1.8418509465067363,17267,17505,324,0,17181,17406,413757,86,0,0,86,99
2020-11-05,US,Alabama,Monroe,683,10,0,31.56729412,-87.36995001,1099.0,3294.2651811122364,1.4641288433382138,673,678,10,0,668,674,21067,5,0,0,5,4
2020-11-05,US,Alabama,Montgomery,10937,215,0,32.2206831,-86.20969272,1101.0,4828.996052736152,1.9658041510469049,10722,10889,211,0,10678,10814,225763,48,4,0,44,75
2020-11-05,US,Alabama,Morgan,4702,39,0,34.45500589,-86.85475946,1103.0,3928.8429883271083,0.8294342832837092,4663,4669,37,0,4632,4594,119089,33,2,0,31,75
2020-11-05,US,Alabama,Perry,614,6,0,32.64048341,-87.29770589,1105.0,6881.0938025327805,0.977198697068404,608,609,6,0,603,606,9140,5,0,0,5,3
2020-11-05,US,Alabama,Pickens,972,18,0,33.28094866,-88.08818103,1107.0,4877.069744104365,1.851851851851852,954,958,18,0,940,944,19938,14,0,0,14,14
2020-11-05,US,Alabama,Pike,1410,14,0,31.80396383,-85.9408295,1109.0,4258.017756840008,0.9929078014184396,1396,1406,14,0,1392,1399,33338,4,0,0,4,7
2020-11-05,US,Alabama,Randolph,879,16,0,33.29526734,-85.45708831,1111.0,3868.497491418009,1.8202502844141069,863,876,16,0,860,871,22725,3,0,0,3,5
2020-11-05,US,Alabama,Russell,2012,3,0,32.28725256,-85.18415324,1113.0,3471.2996670174766,0.14910536779324055,2009,2008,3,0,2005,2006,57781,4,0,0,4,2
2020-11-05,US,Alabama,Shelby,8017,70,0,33.26879845,-86.66232561,1117.0,3682.556889693251,0.8731445677934391,7947,7947,70,0,7877,7870,215707,70,0,0,70,77
2020-11-05,US,Alabama,St. Clair,3378,51,0,33.71902176,-86.31029372,1115.0,3773.7956921976947,1.5097690941385435,3327,3357,50,0,3307,3298,88690,21,1,0,20,59
2020-11-05,US,Alabama,Sumter,494,21,0,32.59117397,-88.19916205,1119.0,3975.2152571014726,4.251012145748988,473,490,21,0,469,489,12691,4,0,0,4,1
2020-11-05,US,Alabama,Talladega,2892,39,0,33.37823223,-86.16886178,1121.0,3615.994398459577,1.3485477178423235,2853,2866,38,0,2828,2843,79828,26,1,0,25,23
2020-11-05,US,Alabama,Tallapoosa,1443,87,0,32.86698258,-85.79833053,1123.0,3574.702108157653,6.029106029106028,1356,1430,87,0,1343,1419,40497,13,0,0,13,11
2020-11-05,US,Alabama,Tuscaloosa,10976,145,0,33.28726072,-87.52556818,1125.0,5242.769458575148,1.321064139941691,10831,10937,145,0,10792,10844,208911,39,0,0,39,93
2020-11-05,US,Alabama,Walker,3083,95,0,33.80270512,-87.30027177,1127.0,4853.513011445034,3.0814142069412913,2988,3056,95,0,2961,2992,63711,27,0,0,27,64
2020-11-05,US,Alabama,Washington,794,12,0,31.4092794,-88.20689944,1129.0,4863.4080607619735,1.5113350125944585,782,787,12,0,775,779,16378,7,0,0,7,8
2020-11-05,US,Alabama,Wilcox,585,12,0,31.98773215,-87.30891118,1131.0,5639.64137665092,2.051282051282051,573,580,12,0,568,579,10627,5,0,0,5,1
2020-11-05,US,Alabama,Winston,1010,13,0,34.15030532,-87.37325922,1133.0,4274.4085657454825,1.2871287128712872,997,1002,13,0,989,988,23660,8,0,0,8,14
2020-11-05,US,Alaska,Aleutians East,18,0,0,55.32222414,-161.9722021,2013.0,539.4066526820498,0.0,18,18,0,0,18,17,3515,0,0,0,0,1
2020-11-05,US,Alaska,Aleutians West,102,0,0,52.3233,-174.1596,2016.0,1810.436634717785,0.0,102,101,0,0,101,101,5723,1,0,0,1,0
2020-11-05,US,Alaska,Anchorage,9253,51,0,61.14998174,-149.14269860000005,2020.0,3212.847222222222,0.5511725926726467,9202,9088,51,0,9037,8922,291538,165,0,0,165,166
2020-11-05,US,Alaska,Bethel,585,1,0,60.90980451,-159.8561831,2050.0,3181.768737082563,0.17094017094017094,584,545,1,0,544,524,18216,40,0,0,40,21
2020-11-05,US,Alaska,Bristol Bay plus Lake and Peninsula,115,0,0,58.62403337,-156.21405890000003,2164.0,2860.696517412936,0.0,115,115,0,0,115,115,,0,0,0,0,0
2020-11-05,US,Alaska,Denali,33,0,0,63.67264044,-150.0076108,2068.0,1573.6766809728185,0.0,33,33,0,0,33,32,2059,0,0,0,0,1
2020-11-05,US,Alaska,Dillingham,63,0,0,59.79603738,-158.23819419999995,2070.0,1281.5296989422295,0.0,63,63,0,0,63,63,5000,0,0,0,0,0
2020-11-05,US,Alaska,Fairbanks North Star,2471,16,0,64.80726247,-146.5692662,2090.0,2551.394438765501,0.6475111290975314,2455,2447,16,0,2431,2394,98971,24,0,0,24,53
2020-11-05,US,Alaska,Haines,14,0,0,59.09893571,-135.4679843,2100.0,553.3596837944664,0.0,14,14,0,0,14,14,2474,0,0,0,0,0
2020-11-05,US,Alaska,Juneau,631,3,0,58.45031811,-134.200436,2110.0,1973.4784512416336,0.4754358161648177,628,628,3,0,625,614,32113,3,0,0,3,14
2020-11-05,US,Alaska,Kenai Peninsula,1216,4,0,60.24429722,-151.53888840000005,2122.0,2071.2679702936566,0.32894736842105265,1212,1202,4,0,1198,1159,58533,14,0,0,14,43
2020-11-05,US,Alaska,Ketchikan Gateway,98,0,0,55.57445008,-130.975561,2130.0,704.9852528595065,0.0,98,93,0,0,93,92,13918,5,0,0,5,1
2020-11-05,US,Alaska,Kodiak Island,131,0,0,57.65529415,-153.7493579,2150.0,1007.847361132482,0.0,131,130,0,0,130,124,13345,1,0,0,1,6
2020-11-05,US,Alaska,Kusilvak,284,0,0,62.15429159999999,-163.39678830000003,2158.0,3415.924945874429,0.0,284,279,0,0,279,278,8303,5,0,0,5,1
2020-11-05,US,Alaska,Matanuska-Susitna,1751,3,0,62.31305045,-149.5741743,2170.0,1616.5514185215618,0.17133066818960593,1748,1715,3,0,1712,1632,107610,36,0,0,36,83
2020-11-05,US,Alaska,Nome,146,0,0,64.90320724,-164.0353804,2180.0,1459.4162335065973,0.0,146,144,0,0,144,142,10008,2,0,0,2,2
2020-11-05,US,Alaska,North Slope,296,0,0,69.31479216,-153.4836093,2185.0,3010.577705451586,0.0,296,288,0,0,288,286,9872,8,0,0,8,2
2020-11-05,US,Alaska,Northwest Arctic,278,0,0,67.04919196,-159.7503946,2188.0,3647.815247342869,0.0,278,278,0,0,278,273,7671,0,0,0,0,5
2020-11-05,US,Alaska,Petersburg,20,1,0,57.13978948,-132.9540995,2195.0,612.369871402327,5.0,19,20,1,0,19,20,3221,0,0,0,0,0
2020-11-05,US,Alaska,Prince of Wales-Hyder,36,1,0,55.76261984,-133.0511621,2198.0,580.3643398355633,2.7777777777777777,35,36,1,0,35,35,6422,0,0,0,0,1
2020-11-05,US,Alaska,Sitka,89,0,0,57.24124555,-135.3206587,2220.0,1047.9218179677382,0.0,89,88,0,0,88,83,8647,1,0,0,1,5
2020-11-05,US,Alaska,Skagway,7,0,0,59.56149996,-135.33377480000001,2230.0,591.7159763313608,0.0,7,7,0,0,7,7,1148,0,0,0,0,0
2020-11-05,US,Alaska,Southeast Fairbanks,95,1,0,63.87692095,-143.2127643,2240.0,1378.2097780356885,1.0526315789473684,94,94,1,0,93,92,6918,1,0,0,1,2
2020-11-05,US,Alaska,Unassigned,77,0,0,0.0,0.0,90002.0,0.0,0.0,77,73,0,0,73,71,,4,0,0,4,2
2020-11-05,US,Alaska,Valdez-Cordova,183,1,0,61.47502768,-144.7126799,2261.0,1988.698109106716,0.5464480874316939,182,180,1,0,179,178,9164,3,0,0,3,2
2020-11-05,US,Alaska,Wrangell,19,0,0,56.3202004,-132.05837309999998,2275.0,759.3924860111911,0.0,19,19,0,0,19,19,2503,0,0,0,0,0
2020-11-05,US,Alaska,Yakutat,37,0,0,59.890980799999994,-140.36014509999998,2282.0,6390.328151986183,0.0,37,37,0,0,37,37,604,0,0,0,0,0
2020-11-05,US,Alaska,Yukon-Koyukuk,126,2,0,65.50815459,-151.39073869999999,2290.0,2409.1778202676865,1.5873015873015872,124,125,2,0,123,124,5327,1,0,0,1,1
2020-11-05,US,Arizona,Apache,4066,179,0,35.39465006,-109.4892383,4001.0,5656.099155619236,4.402361042793902,3887,4054,178,0,3876,4042,71818,12,1,0,11,12
2020-11-05,US,Arizona,Cochise,2307,76,0,31.87934684,-109.7516088,4003.0,1832.086529756516,3.2943216298222797,2231,2272,76,0,2196,2256,126770,35,0,0,35,16
2020-11-05,US,Arizona,Coconino,5606,149,0,35.83883429,-111.77071780000001,4005.0,3907.273690373303,2.657866571530503,5457,5498,149,0,5349,5470,142854,108,0,0,108,28
2020-11-05,US,Arizona,Gila,2081,73,0,33.80190085,-110.8132779,4007.0,3852.4195638490883,3.507928880345988,2008,2047,72,0,1975,2034,53889,34,1,0,33,13
2020-11-05,US,Arizona,Graham,1343,31,0,32.93166885,-109.8882178,4009.0,3458.042588253469,2.308265078183172,1312,1320,31,0,1289,1307,38072,23,0,0,23,13
2020-11-05,US,Arizona,Greenlee,106,2,0,33.21498827,-109.2405279,4011.0,1116.0244261949883,1.8867924528301887,104,106,2,0,104,104,9483,0,0,0,0,2
2020-11-05,US,Arizona,La Paz,635,18,0,33.72854224,-113.98100290000001,4012.0,3008.338070873602,2.8346456692913384,617,633,18,0,615,630,21098,2,0,0,2,3
2020-11-05,US,Arizona,Maricopa,162958,3672,0,33.34835867,-112.49181540000001,4013.0,3633.06486313192,2.253341351759349,159286,161588,3658,0,157930,161154,4410824,1370,14,0,1356,434
2020-11-05,US,Arizona,Mohave,4596,237,0,35.70471703,-113.7577902,4015.0,2166.0751905213,5.156657963446476,4359,4550,236,0,4314,4538,209550,46,1,0,45,12
2020-11-05,US,Arizona,Navajo,6665,252,0,35.3997715,-110.3218983,4017.0,6008.618513576864,3.7809452363090768,6413,6618,245,0,6373,6579,110445,47,7,0,40,39
2020-11-05,US,Arizona,Pima,29456,650,0,32.0971334,-111.7890033,4019.0,2812.62204245478,2.2066811515480715,28806,29291,647,0,28644,29141,1039073,165,3,0,162,150
2020-11-05,US,Arizona,Pinal,12510,230,0,32.90525627,-111.3449483,4021.0,2703.1757453180608,1.8385291766586729,12280,12361,230,0,12131,12312,447138,149,0,0,149,49
2020-11-05,US,Arizona,Santa Cruz,3085,65,0,31.52508998,-110.8479088,4023.0,6634.693965331842,2.1069692058346843,3020,3080,65,0,3015,3078,46511,5,0,0,5,2
2020-11-05,US,Arizona,Unassigned,1,0,0,0.0,0.0,90004.0,0.0,0.0,1,1,0,0,1,,,0,0,0,0,
2020-11-05,US,Arizona,Yavapai,3134,92,0,34.59933926,-112.5538588,4025.0,1333.055436220486,2.9355456285896624,3042,3113,92,0,3021,3102,231993,21,0,0,21,11
2020-11-05,US,Arizona,Yuma,14219,361,0,32.76895712,-113.90666740000002,4027.0,6651.012456323349,2.5388564596666434,13858,14101,360,0,13741,14071,212128,118,1,0,117,30
2020-11-05,US,Arkansas,Arkansas,760,20,0,34.29145151,-91.37277296,5001.0,4346.334210225323,2.631578947368421,740,744,20,0,724,734,17769,16,0,0,16,10
2020-11-05,US,Arkansas,Ashley,594,13,0,33.19153461,-91.76984709999999,5003.0,3021.8242865137104,2.1885521885521886,581,586,13,0,573,580,20046,8,0,0,8,6
2020-11-05,US,Arkansas,Baxter,848,12,0,36.28784385,-92.33782872,5005.0,2022.3218544309839,1.4150943396226414,836,824,12,0,812,801,41619,24,0,0,24,23
2020-11-05,US,Arkansas,Benton,9060,127,0,36.33644656,-94.25680817,5007.0,3245.6715423388177,1.401766004415011,8933,8838,126,0,8712,8747,272608,222,1,0,221,91
2020-11-05,US,Arkansas,Boone,1145,38,0,36.3084504,-93.09374925,5009.0,3058.8801025860225,3.3187772925764194,1107,1130,38,0,1092,1114,37480,15,0,0,15,16
2020-11-05,US,Arkansas,Bradley,380,8,0,33.46755808,-92.15980837,5011.0,3530.614141038744,2.1052631578947367,372,376,8,0,368,375,10897,4,0,0,4,1
2020-11-05,US,Arkansas,Calhoun,71,0,0,33.55598792,-92.49974403,5013.0,1368.2790518404315,0.0,71,60,0,0,60,60,5277,11,0,0,11,0
2020-11-05,US,Arkansas,Carroll,1070,19,0,36.34038560000001,-93.54270261,5015.0,3770.260747004933,1.7757009345794392,1051,1064,19,0,1045,1056,28223,6,0,0,6,8
2020-11-05,US,Arkansas,Chicot,1059,23,0,33.26458973,-91.29539209,5017.0,10466.495354813203,2.1718602455146363,1036,1059,23,0,1036,1057,10438,0,0,0,0,2
2020-11-05,US,Arkansas,Clark,564,6,0,34.04613432,-93.17484713,5019.0,2526.881720430108,1.0638297872340423,558,553,6,0,547,543,22061,11,0,0,11,10
2020-11-05,US,Arkansas,Clay,544,15,0,36.36826212,-90.4148172,5021.0,3738.574668407669,2.7573529411764706,529,536,15,0,521,524,14847,8,0,0,8,12
2020-11-05,US,Arkansas,Cleburne,534,17,0,35.53864922,-92.02640019,5023.0,2142.943135759862,3.183520599250936,517,516,17,0,499,506,24965,18,0,0,18,10
2020-11-05,US,Arkansas,Cleveland,274,13,0,33.89723187,-92.18537045,5025.0,3443.941679235797,4.744525547445256,261,270,13,0,257,262,8018,4,0,0,4,8
2020-11-05,US,Arkansas,Columbia,777,22,0,33.21230701,-93.22642793,5027.0,3312.444046553267,2.831402831402831,755,768,22,0,746,764,23537,9,0,0,9,4
2020-11-05,US,Arkansas,Conway,382,4,0,35.26205537,-92.70506566,5029.0,1832.4858486040487,1.0471204188481675,378,367,4,0,363,360,20891,15,0,0,15,7
2020-11-05,US,Arkansas,Craighead,5193,52,0,35.83018283,-90.63235729,5031.0,4706.7034042707455,1.0013479684190256,5141,5117,50,0,5067,5005,108558,76,2,0,74,112
2020-11-05,US,Arkansas,Crawford,2291,31,0,35.58928601,-94.2446814,5033.0,3621.7335630839284,1.3531209079004802,2260,2250,31,0,2219,2224,63406,41,0,0,41,26
2020-11-05,US,Arkansas,Crittenden,2614,53,0,35.21247318,-90.30839406,5035.0,5450.943592951726,2.0275439938791124,2561,2588,53,0,2535,2561,48342,26,0,0,26,27
2020-11-05,US,Arkansas,Cross,629,23,0,35.29631396,-90.77185818,5037.0,3830.9275838967046,3.656597774244833,606,635,22,0,613,635,16676,-6,1,0,-7,0
2020-11-05,US,Arkansas,Dallas,192,6,0,33.97042763,-92.65167437,5039.0,2739.3351405335998,3.125,186,190,6,0,184,188,7182,2,0,0,2,2
2020-11-05,US,Arkansas,Desha,447,8,0,33.83011025,-91.25500948,5041.0,3934.512806971217,1.7897091722595078,439,441,7,0,434,435,11512,6,1,0,5,6
2020-11-05,US,Arkansas,Drew,464,7,0,33.59035001,-91.71777921,5043.0,2546.7918107470223,1.5086206896551724,457,454,7,0,447,444,18328,10,0,0,10,10
2020-11-05,US,Arkansas,Faulkner,3648,42,0,35.14719007,-92.33717519,5045.0,2895.077257612673,1.1513157894736843,3606,3610,42,0,3568,3582,124806,38,0,0,38,28
2020-11-05,US,Arkansas,Franklin,595,2,0,35.51202821,-93.89299569,5047.0,3358.735534857465,0.33613445378151263,593,589,2,0,587,585,17810,6,0,0,6,4
2020-11-05,US,Arkansas,Fulton,373,11,0,36.38177105,-91.81729127,5049.0,2989.5006812535066,2.949061662198392,362,355,11,0,344,351,12269,18,0,0,18,4
2020-11-05,US,Arkansas,Garland,2748,76,0,34.57692074,-93.14921604,5051.0,2764.976958525345,2.7656477438136826,2672,2700,76,0,2624,2666,99154,48,0,0,48,34
2020-11-05,US,Arkansas,Grant,400,4,0,34.29017991,-92.42320562,5053.0,2189.9808376676706,1.0,396,392,4,0,388,386,18188,8,0,0,8,6
2020-11-05,US,Arkansas,Greene,1793,21,0,36.11735460000001,-90.55832668,5055.0,3955.874241588527,1.1712214166201895,1772,1762,20,0,1742,1714,45325,31,1,0,30,48
2020-11-05,US,Arkansas,Hempstead,635,5,0,33.73325583,-93.66935133,5057.0,2949.099015418911,0.7874015748031497,630,627,5,0,622,605,21741,8,0,0,8,22
2020-11-05,US,Arkansas,Hot Spring,2361,38,0,34.31709259,-92.95396325,5059.0,6991.205472150662,1.6094875052943671,2323,2352,37,0,2315,2302,33701,9,1,0,8,50
2020-11-05,US,Arkansas,Howard,658,14,0,34.09007427,-93.9934871,5061.0,4984.093319194061,2.127659574468085,644,631,14,0,617,628,13341,27,0,0,27,3
2020-11-05,US,Arkansas,Independence,1573,62,0,35.74242707,-91.57001641,5063.0,4158.62524785195,3.9415130324221233,1511,1558,61,0,1497,1541,37678,15,1,0,14,17
2020-11-05,US,Arkansas,Izard,691,2,0,36.09604046,-91.90847954,5065.0,5070.071171766087,0.2894356005788712,689,689,2,0,687,685,13593,2,0,0,2,4
2020-11-05,US,Arkansas,Jackson,968,6,0,35.59802983,-91.21494602,5067.0,5789.81996530893,0.6198347107438017,962,935,6,0,929,930,16811,33,0,0,33,5
2020-11-05,US,Arkansas,Jefferson,4416,102,0,34.26767081,-91.92619839,5069.0,6608.404166167844,2.3097826086956523,4314,4393,102,0,4291,4329,68114,23,0,0,23,64
2020-11-05,US,Arkansas,Johnson,1075,9,0,35.56759135,-93.46036368,5071.0,4044.698622921213,0.8372093023255814,1066,1069,9,0,1060,1065,26742,6,0,0,6,4
2020-11-05,US,Arkansas,Lafayette,214,3,0,33.24116713,-93.60677071,5073.0,3230.676328502416,1.4018691588785046,211,213,3,0,210,207,6682,1,0,0,1,6
2020-11-05,US,Arkansas,Lawrence,926,22,0,36.04188196,-91.10867198,5075.0,5644.276484213095,2.3758099352051842,904,917,22,0,895,902,16434,9,0,0,9,15
2020-11-05,US,Arkansas,Lee,1116,18,0,34.78498904,-90.78383866,5077.0,12600.203229084342,1.6129032258064515,1098,1117,18,0,1099,1115,8985,-1,0,0,-1,2
2020-11-05,US,Arkansas,Lincoln,2351,18,0,33.95317155,-91.74002806,5079.0,18051.28992628993,0.7656316461080391,2333,2349,18,0,2331,2339,13383,2,0,0,2,10
2020-11-05,US,Arkansas,Little River,507,37,0,33.70375665,-94.23468591,5081.0,4135.737009544008,7.2978303747534525,470,502,37,0,465,491,12326,5,0,0,5,11
2020-11-05,US,Arkansas,Logan,625,5,0,35.21413234,-93.71951016,5083.0,2911.581105003261,0.8,620,619,5,0,614,617,21737,6,0,0,6,2
2020-11-05,US,Arkansas,Lonoke,1951,34,0,34.75392199,-91.88742357,5085.0,2661.3376256666984,1.742696053305997,1917,1923,34,0,1889,1898,73657,28,0,0,28,25
2020-11-05,US,Arkansas,Madison,458,6,0,36.01038185,-93.72524943,5087.0,2763.030888030888,1.310043668122271,452,455,6,0,449,450,16481,3,0,0,3,5
2020-11-05,US,Arkansas,Marion,203,2,0,36.26844485,-92.68451899,5089.0,1216.0057505690668,0.9852216748768472,201,193,2,0,191,183,16722,10,0,0,10,10
2020-11-05,US,Arkansas,Miller,1729,22,0,33.31403423,-93.89285258,5091.0,3997.0409413505326,1.2724117987275885,1707,1701,22,0,1679,1663,43592,28,0,0,28,38
2020-11-05,US,Arkansas,Mississippi,2511,70,0,35.76271485,-90.05194370000002,5093.0,6176.969816240684,2.7877339705296693,2441,2478,70,0,2408,2448,41239,33,0,0,33,30
2020-11-05,US,Arkansas,Monroe,244,2,0,34.6815935,-91.20540287,5095.0,3641.247574988808,0.819672131147541,242,235,2,0,233,235,6900,9,0,0,9,0
2020-11-05,US,Arkansas,Montgomery,195,8,0,34.53704874,-93.65824478,5097.0,2170.042288003561,4.102564102564102,187,195,8,0,187,191,8924,0,0,0,0,4
2020-11-05,US,Arkansas,Nevada,351,14,0,33.66340119,-93.30632432,5099.0,4253.514299563743,3.988603988603989,337,346,14,0,332,340,8326,5,0,0,5,6
2020-11-05,US,Arkansas,Newton,332,21,0,35.91947491,-93.21612969,5101.0,4282.213336772862,6.325301204819278,311,328,21,0,307,327,7805,4,0,0,4,1
2020-11-05,US,Arkansas,Ouachita,418,9,0,33.58839816,-92.87795984,5103.0,1787.6999401248825,2.15311004784689,409,410,9,0,401,407,23606,8,0,0,8,3
2020-11-05,US,Arkansas,Perry,168,2,0,34.945915299999996,-92.94372564,5105.0,1606.8866571018652,1.1904761904761905,166,165,2,0,163,156,10352,3,0,0,3,9
2020-11-05,US,Arkansas,Phillips,795,16,0,34.43268455,-90.84800154,5107.0,4470.813181869306,2.0125786163522013,779,793,16,0,777,792,18029,2,0,0,2,1
2020-11-05,US,Arkansas,Pike,287,1,0,34.16250414,-93.65789349,5109.0,2677.7383840268712,0.3484320557491289,286,281,1,0,280,278,10673,6,0,0,6,3
2020-11-05,US,Arkansas,Poinsett,1281,28,0,35.57433534,-90.66268713,5111.0,5444.576674600477,2.1857923497267757,1253,1258,28,0,1230,1225,23974,23,0,0,23,33
2020-11-05,US,Arkansas,Polk,410,5,0,34.48254879,-94.22728802,5113.0,2053.6966539771593,1.2195121951219512,405,394,5,0,389,385,20049,16,0,0,16,9
2020-11-05,US,Arkansas,Pope,2924,38,0,35.44871474,-93.03212219,5115.0,4563.6159320764145,1.2995896032831735,2886,2896,38,0,2858,2858,64000,28,0,0,28,38
2020-11-05,US,Arkansas,Prairie,266,5,0,34.83624419,-91.55162157,5117.0,3299.429421979657,1.8796992481203008,261,262,5,0,257,252,8074,4,0,0,4,10
2020-11-05,US,Arkansas,Pulaski,12863,226,0,34.77054088,-92.31355101,5119.0,3282.1227268435937,1.7569773769727124,12637,12719,226,0,12493,12591,392680,144,0,0,144,128
2020-11-05,US,Arkansas,Randolph,718,26,0,36.3415714,-91.02455531,5121.0,3998.218064372425,3.62116991643454,692,714,26,0,688,700,17948,4,0,0,4,14
2020-11-05,US,Arkansas,Saline,3229,39,0,34.64916145,-92.67583224,5125.0,2637.2746800395307,1.2078042737689687,3190,3173,38,0,3135,3110,121421,56,1,0,55,63
2020-11-05,US,Arkansas,Scott,249,2,0,34.85588887,-94.0632176,5127.0,2421.943390720747,0.8032128514056225,247,236,2,0,234,235,10319,13,0,0,13,1
2020-11-05,US,Arkansas,Searcy,225,1,0,35.9109364,-92.69936482,5129.0,2854.967643700038,0.4444444444444444,224,222,1,0,221,219,7958,3,0,0,3,3
2020-11-05,US,Arkansas,Sebastian,5297,105,0,35.19605503,-94.27162713,5131.0,4143.881965468954,1.9822541060977912,5192,5219,105,0,5114,5166,127753,78,0,0,78,53
2020-11-05,US,Arkansas,Sevier,1478,16,0,33.99780401,-94.2424869,5133.0,8690.539189745401,1.0825439783491204,1462,1458,16,0,1442,1436,17139,20,0,0,20,22
2020-11-05,US,Arkansas,Sharp,407,10,0,36.16258158,-91.47819342,5135.0,2333.447999082674,2.457002457002457,397,401,10,0,391,394,17366,6,0,0,6,7
2020-11-05,US,Arkansas,St. Francis,1818,10,0,35.02201976,-90.74828138,5123.0,7273.745698967751,0.5500550055005501,1808,1816,10,0,1806,1813,25439,2,0,0,2,3
2020-11-05,US,Arkansas,Stone,412,22,0,35.86251946,-92.15684085,5137.0,3294.4186790340636,5.339805825242719,390,411,22,0,389,410,12457,1,0,0,1,1
2020-11-05,US,Arkansas,Unassigned,1599,0,0,0.0,0.0,90005.0,0.0,0.0,1599,1604,0,0,1604,1738,,-5,0,0,-5,-134
2020-11-05,US,Arkansas,Union,1234,52,0,33.16887091,-92.59746952,5139.0,3190.114265032832,4.2139384116693686,1182,1220,52,0,1168,1199,39126,14,0,0,14,21
2020-11-05,US,Arkansas,Van Buren,223,3,0,35.58095779,-92.51295036,5141.0,1347.8392263523724,1.345291479820628,220,217,3,0,214,217,16603,6,0,0,6,0
2020-11-05,US,Arkansas,Washington,12191,159,0,35.976844,-94.21800746,5143.0,5096.848909012613,1.3042408334016895,12032,12097,157,0,11940,11995,236961,94,2,0,92,102
2020-11-05,US,Arkansas,White,1798,37,0,35.25688493,-91.74908296,5145.0,2283.087628407807,2.057842046718576,1761,1727,37,0,1690,1677,78727,71,0,0,71,50
2020-11-05,US,Arkansas,Woodruff,147,0,0,35.18902527,-91.2439489,5147.0,2325.949367088608,0.0,147,146,0,0,146,144,6490,1,0,0,1,2
2020-11-05,US,Arkansas,Yell,1384,32,0,35.00292371,-93.41171338,5149.0,6485.169392249661,2.3121387283237,1352,1374,32,0,1342,1372,21535,10,0,0,10,2
2020-11-05,US,California,Alameda,24370,465,0,37.64629437,-121.8929271,6001.0,1458.1210521686637,1.9080837094788676,23905,24233,466,0,23767,24162,1666753,137,-1,0,138,71
2020-11-05,US,California,Alpine,18,0,0,38.59678594,-119.82235940000001,6003.0,1594.3312666076174,0.0,18,18,0,0,18,16,1101,0,0,0,0,2
2020-11-05,US,California,Amador,362,16,0,38.44583082,-120.65696000000001,6005.0,910.6460052324412,4.419889502762431,346,361,16,0,345,357,39383,1,0,0,1,4
2020-11-05,US,California,Butte,3218,54,0,39.66727762,-121.6005252,6007.0,1468.1594627394086,1.678060907395898,3164,3211,54,0,3157,3198,231256,7,0,0,7,13
2020-11-05,US,California,Calaveras,361,21,0,38.20537103,-120.55291299999999,6009.0,786.4067095087681,5.8171745152354575,340,361,21,0,340,354,45602,0,0,0,0,7
2020-11-05,US,California,Colusa,576,6,0,39.17881957,-122.2331726,6011.0,2673.2259711328725,1.0416666666666667,570,572,6,0,566,572,21627,4,0,0,4,0
2020-11-05,US,California,Contra Costa,19517,248,0,37.91923498,-121.9289527,6013.0,1691.9427910597594,1.270687093303274,19269,19416,247,0,19169,19339,1150215,101,1,0,100,77
2020-11-05,US,California,Del Norte,198,1,0,41.74228275,-123.89740630000001,6015.0,711.9229109736806,0.5050505050505051,197,194,1,0,193,193,27828,4,0,0,4,1
2020-11-05,US,California,El Dorado,1459,4,0,38.77965956,-120.5233166,6017.0,756.5740006118968,0.2741603838245373,1455,1445,4,0,1441,1429,190678,14,0,0,14,16
2020-11-05,US,California,Fresno,31952,447,0,36.75733899,-119.6466953,6019.0,3198.0750694874687,1.3989734601902857,31505,31856,447,0,31409,31738,994400,96,0,0,96,118
2020-11-05,US,California,Glenn,710,3,0,39.59875897,-122.3938452,6021.0,2500.6163491001307,0.4225352112676056,707,707,3,0,704,702,28047,3,0,0,3,5
2020-11-05,US,California,Humboldt,599,10,0,40.69923009,-123.876044,6023.0,441.87727762286255,1.6694490818030048,589,592,10,0,582,586,136373,7,0,0,7,6
2020-11-05,US,California,Imperial,13330,340,0,33.0393082,-115.36690420000001,6025.0,7355.903208895512,2.550637659414854,12990,13284,338,0,12946,13260,181827,46,2,0,44,24
2020-11-05,US,California,Inyo,247,15,0,36.51112084,-117.41119779999998,6027.0,1369.2555019679585,6.0728744939271255,232,247,15,0,232,243,17987,0,0,0,0,4
2020-11-05,US,California,Kern,34779,426,0,35.34329425,-118.72777959999999,6029.0,3863.466199808488,1.2248770809971534,34353,34676,425,0,34251,34563,896764,103,1,0,102,113
2020-11-05,US,California,Kings,8817,84,0,36.07409056,-119.8159973,6031.0,5765.005884660652,0.9527050017012588,8733,8783,84,0,8699,8654,151366,34,0,0,34,129
2020-11-05,US,California,Lake,739,17,0,39.10124298,-122.75362439999999,6033.0,1147.7650420898956,2.3004059539918806,722,734,17,0,717,731,64382,5,0,0,5,3
2020-11-05,US,California,Lassen,781,1,0,40.67311306,-120.59350990000002,6035.0,2554.541588983744,0.12804097311139565,780,782,1,0,781,782,30802,-1,0,0,-1,0
2020-11-05,US,California,Los Angeles,315564,7140,0,34.30828379,-118.22824109999999,6037.0,3143.3473116682594,2.262615507472335,308424,313526,7117,0,306409,311745,10105518,2038,23,0,2015,1781
2020-11-05,US,California,Madera,5219,76,0,37.21513971,-119.76655890000002,6039.0,3317.294552111208,1.4562176662195825,5143,5182,76,0,5106,5158,157672,37,0,0,37,24
2020-11-05,US,California,Marin,7197,127,0,38.07122463,-122.72106310000001,6041.0,2780.632548507492,1.7646241489509518,7070,7181,127,0,7054,7167,259666,16,0,0,16,14
2020-11-05,US,California,Mariposa,81,2,0,37.57978556,-119.9073334,6043.0,470.8481078881591,2.469135802469136,79,81,2,0,79,81,17471,0,0,0,0,0
2020-11-05,US,California,Mendocino,1193,21,0,39.4381191,-123.39113130000001,6045.0,1375.231991146872,1.7602682313495392,1172,1188,21,0,1167,1179,87606,5,0,0,5,9
2020-11-05,US,California,Merced,9880,161,0,37.18922369,-120.72090349999999,6047.0,3558.0524344569285,1.6295546558704452,9719,9819,160,0,9659,9779,274765,61,1,0,60,40
2020-11-05,US,California,Modoc,64,0,0,41.58965602,-120.7244817,6049.0,723.9000113109378,0.0,64,58,0,0,58,52,8777,6,0,0,6,6
2020-11-05,US,California,Mono,268,2,0,37.93899289,-118.8872409,6051.0,1855.4417058986428,0.746268656716418,266,237,2,0,235,236,14250,31,0,0,31,1
2020-11-05,US,California,Monterey,11956,99,0,36.21862405,-121.24133970000001,6053.0,2754.4515632595417,0.8280361324857812,11857,11906,97,0,11809,11817,435594,50,2,0,48,89
2020-11-05,US,California,Napa,2133,16,0,38.50735751,-122.33283899999999,6055.0,1548.5247996282958,0.7501172058134083,2117,2130,16,0,2114,2081,139417,3,0,0,3,49
2020-11-05,US,California,Nevada,681,9,0,39.30394768,-120.76272809999999,6057.0,682.6725477419677,1.3215859030837005,672,672,9,0,663,664,99696,9,0,0,9,8
2020-11-05,US,California,Orange,61112,1494,0,33.70147516,-117.76459979999998,6059.0,1924.367980270127,2.444691713575075,59618,60841,1491,0,59350,60604,3185968,271,3,0,268,237
2020-11-05,US,California,Placer,4640,60,0,39.06167234,-120.72405690000001,6061.0,1164.86622867027,1.293103448275862,4580,4542,60,0,4482,4527,393149,98,0,0,98,15
2020-11-05,US,California,Plumas,90,0,0,40.00355989,-120.8395236,6063.0,478.54522252352854,0.0,90,86,0,0,86,86,18804,4,0,0,4,0
2020-11-05,US,California,Riverside,70309,1331,0,33.74314981,-115.9933578,6065.0,2845.8891273427007,1.893072010695644,68978,69827,1329,0,68498,69407,2450758,482,2,0,480,420
2020-11-05,US,California,Sacramento,27043,506,0,38.45106826,-121.34253740000001,6067.0,1742.3962248833484,1.8710941833376475,26537,26884,504,0,26380,26716,1540975,159,2,0,157,168
2020-11-05,US,California,San Benito,1491,15,0,36.60308176,-121.069975,6069.0,2373.901413832633,1.0060362173038229,1476,1483,15,0,1468,1478,61537,8,0,0,8,5
2020-11-05,US,California,San Bernardino,67196,1092,0,34.84060306,-116.1774685,6071.0,3082.2651410380786,1.6250967319483305,66104,66656,1088,0,65568,65997,2171603,540,4,0,536,659
2020-11-05,US,California,San Diego,58636,904,0,33.03484597,-116.73653259999999,6073.0,1756.4470858183583,1.5417149873797666,57732,58106,904,0,57202,57702,3343364,530,0,0,530,404
2020-11-05,US,California,San Francisco,12666,149,0,37.75215114,-122.43856720000001,6075.0,1436.789106447855,1.176377704089689,12517,12599,149,0,12450,12554,883305,67,0,0,67,45
2020-11-05,US,California,San Joaquin,22450,494,0,37.93433732,-121.2730061,6077.0,2945.622110141337,2.200445434298441,21956,22365,494,0,21871,22167,752660,85,0,0,85,198
2020-11-05,US,California,San Luis Obispo,4422,33,0,35.38822029,-120.4039028,6079.0,1561.9315392195997,0.746268656716418,4389,4380,33,0,4347,4342,284010,42,0,0,42,38
2020-11-05,US,California,San Mateo,11629,161,0,37.422880799999994,-122.32755459999998,6081.0,1517.0114261785895,1.3844698598331755,11468,11564,161,0,11403,11479,769545,65,0,0,65,85
2020-11-05,US,California,Santa Barbara,10042,130,0,34.65329488,-120.0188492,6083.0,2249.0531893688453,1.2945628360884287,9912,10016,129,0,9887,9992,446527,26,1,0,25,24
2020-11-05,US,California,Santa Clara,25705,424,0,37.23104908,-121.6970462,6085.0,1333.3492405018644,1.649484536082474,25281,25543,421,0,25122,25421,1937570,162,3,0,159,122
2020-11-05,US,California,Santa Cruz,3007,26,0,37.05580291,-122.0066524,6087.0,1100.606486514185,0.8646491519787163,2981,2980,26,0,2954,2964,274255,27,0,0,27,16
2020-11-05,US,California,Shasta,2375,33,0,40.76391419,-122.0396884,6089.0,1318.858285206575,1.3894736842105264,2342,2288,33,0,2255,2284,180040,87,0,0,87,4
2020-11-05,US,California,Sierra,6,0,0,39.57713498,-120.52007009999998,6091.0,199.6672212978369,0.0,6,6,0,0,6,6,2987,0,0,0,0,0
2020-11-05,US,California,Siskiyou,278,0,0,41.59198861,-122.54074340000001,6093.0,638.5080043179678,0.0,278,272,0,0,272,268,43724,6,0,0,6,4
2020-11-05,US,California,Solano,7996,76,0,38.26827353,-121.9357113,6095.0,1786.2448424302402,0.9504752376188094,7920,7940,76,0,7864,7849,446610,56,0,0,56,91
2020-11-05,US,California,Sonoma,10116,146,0,38.52746429,-122.88625060000001,6097.0,2046.381408596582,1.4432582048240412,9970,10041,142,0,9899,9953,499942,75,4,0,71,88
2020-11-05,US,California,Stanislaus,18204,405,0,37.55862499,-120.9970722,6099.0,3305.851160425671,2.2247857613711277,17799,18134,404,0,17730,18076,549815,70,1,0,69,58
2020-11-05,US,California,Sutter,1964,12,0,39.03417539,-121.6945899,6101.0,2025.347784389148,0.6109979633401222,1952,1951,12,0,1939,1938,96807,13,0,0,13,13
2020-11-05,US,California,Tehama,997,15,0,40.12570935,-122.23701709999999,6103.0,1531.8665109704382,1.5045135406218657,982,988,15,0,973,971,63916,9,0,0,9,17
2020-11-05,US,California,Trinity,40,0,0,40.64917670000001,-123.114713,6105.0,325.6003256003256,0.0,40,37,0,0,37,35,12535,3,0,0,3,2
2020-11-05,US,California,Tulare,18117,297,0,36.22026558,-118.8020203,6107.0,3886.1420650157124,1.639344262295082,17820,18053,295,0,17758,17947,465861,64,2,0,62,106
2020-11-05,US,California,Tuolumne,312,7,0,38.02644018,-119.95250929999999,6109.0,572.7082492015126,2.243589743589744,305,309,6,0,303,306,54539,3,1,0,2,3
2020-11-05,US,California,Ventura,14936,167,0,34.44465746,-119.09106129999999,6111.0,1765.472112490928,1.1181039100160686,14769,14816,167,0,14649,14767,850967,120,0,0,120,49
2020-11-05,US,California,Yolo,3395,62,0,38.68278902,-121.90182879999999,6113.0,1539.6825396825398,1.8262150220913107,3333,3363,62,0,3301,3344,220408,32,0,0,32,19
2020-11-05,US,California,Yuba,1411,10,0,39.26255932,-121.35356440000001,6115.0,1793.6136675649564,0.7087172218284904,1401,1398,10,0,1388,1383,78041,13,0,0,13,15
2020-11-05,US,Colorado,Adams,17104,266,0,39.87432092,-104.3362578,8001.0,3305.6253998194893,1.5551917680074836,16838,16635,266,0,16369,16234,511868,469,0,0,469,401
2020-11-05,US,Colorado,Alamosa,374,9,0,37.57250606,-105.7885451,8003.0,2303.9487463808287,2.406417112299465,365,368,9,0,359,361,16683,6,0,0,6,7
2020-11-05,US,Colorado,Arapahoe,15182,389,0,39.64977461,-104.3353617,8005.0,2312.249653512846,2.562244763535766,14793,14787,389,0,14398,14502,651215,395,0,0,395,285
2020-11-05,US,Colorado,Archuleta,69,0,0,37.19474156,-107.04768670000001,8007.0,491.8383348777532,0.0,69,69,0,0,69,69,13765,0,0,0,0,0
2020-11-05,US,Colorado,Baca,39,0,0,37.31940883,-102.5603223,8009.0,1089.0812622172577,0.0,39,38,0,0,38,38,3585,1,0,0,1,0
2020-11-05,US,Colorado,Bent,21,0,0,37.95474293,-103.0720195,8011.0,376.54653039268425,0.0,21,21,0,0,21,19,5882,0,0,0,0,2
2020-11-05,US,Colorado,Boulder,6425,95,0,40.09313619,-105.3546767,8013.0,1969.6746741223071,1.4785992217898831,6330,6267,93,0,6174,6155,326078,158,2,0,156,112
2020-11-05,US,Colorado,Broomfield,1185,43,0,39.95998787,-105.0566324,8014.0,1681.685943376144,3.628691983122363,1142,1156,42,0,1114,1137,69267,29,1,0,28,19
2020-11-05,US,Colorado,Chaffee,445,20,0,38.74745778,-106.19265729999998,8015.0,2186.08764000786,4.49438202247191,425,439,20,0,419,435,20027,6,0,0,6,4
2020-11-05,US,Colorado,Cheyenne,16,0,0,38.82777431,-102.6032558,8017.0,873.8394320043692,0.0,16,15,0,0,15,15,1876,1,0,0,1,0
2020-11-05,US,Colorado,Clear Creek,96,1,0,39.68864463,-105.6463118,8019.0,989.6907216494844,1.0416666666666667,95,94,1,0,93,94,9605,2,0,0,2,0
2020-11-05,US,Colorado,Conejos,94,0,0,37.201606,-106.19174879999998,8021.0,1145.6429006703231,0.0,94,88,0,0,88,86,8200,6,0,0,6,2
2020-11-05,US,Colorado,Costilla,43,1,0,37.27732493,-105.4276548,8023.0,1106.2516079238487,2.3255813953488373,42,42,1,0,41,42,3828,1,0,0,1,0
2020-11-05,US,Colorado,Crowley,199,1,0,38.32608609,-103.7844965,8025.0,3283.286586371885,0.5025125628140703,198,196,1,0,195,165,5858,3,0,0,3,31
2020-11-05,US,Colorado,Custer,32,0,0,38.10883162,-105.3683478,8027.0,631.4127861089188,0.0,32,32,0,0,32,27,4954,0,0,0,0,5
2020-11-05,US,Colorado,Delta,240,3,0,38.86246243,-107.86313419999999,8029.0,770.1687953276428,1.25,237,236,3,0,233,230,30953,4,0,0,4,6
2020-11-05,US,Colorado,Denver,21546,455,0,39.76018276,-104.87256950000001,8031.0,2962.826469896633,2.1117608836907085,21091,20977,452,0,20525,20621,716492,569,3,0,566,356
2020-11-05,US,Colorado,Dolores,3,0,0,37.75208676,-108.5211585,8033.0,145.98540145985402,0.0,3,3,0,0,3,3,2074,0,0,0,0,0
2020-11-05,US,Colorado,Douglas,4998,68,0,39.33133796,-104.930001,8035.0,1423.3071529870083,1.3605442176870748,4930,4803,67,0,4736,4687,342776,195,1,0,194,116
2020-11-05,US,Colorado,Eagle,1605,10,0,39.62754308,-106.6933637,8037.0,2911.458994685,0.6230529595015576,1595,1573,10,0,1563,1561,54993,32,0,0,32,12
2020-11-05,US,Colorado,El Paso,12925,208,0,38.83240149,-104.5251411,8041.0,1794.1346718433988,1.6092843326885882,12717,12542,207,0,12335,11849,713856,383,1,0,382,693
2020-11-05,US,Colorado,Elbert,274,3,0,39.28656773,-104.13587209999999,8039.0,1025.1038198211681,1.094890510948905,271,268,3,0,265,261,26282,6,0,0,6,7
2020-11-05,US,Colorado,Fremont,976,2,0,38.47362326,-105.43996670000001,8043.0,2040.1764250924973,0.20491803278688525,974,937,2,0,935,913,48021,39,0,0,39,24
2020-11-05,US,Colorado,Garfield,1307,5,0,39.59921777,-107.902708,8045.0,2176.120943707231,0.3825554705432288,1302,1288,5,0,1283,1261,59770,19,0,0,19,27
2020-11-05,US,Colorado,Gilpin,36,0,0,39.85646523,-105.5252597,8047.0,576.6458433445459,0.0,36,34,0,0,34,33,6121,2,0,0,2,1
2020-11-05,US,Colorado,Grand,165,1,0,40.10603347,-106.11780420000001,8049.0,1048.6843777806025,0.6060606060606061,164,162,1,0,161,162,15525,3,0,0,3,0
2020-11-05,US,Colorado,Gunnison,332,7,0,38.66611652,-107.0320729,8051.0,1901.2713320352768,2.108433734939759,325,329,7,0,322,323,17246,3,0,0,3,6
2020-11-05,US,Colorado,Hinsdale,4,0,0,37.82247444,-107.3004345,8053.0,487.8048780487805,0.0,4,4,0,0,4,4,811,0,0,0,0,0
2020-11-05,US,Colorado,Huerfano,47,2,0,37.68473101,-104.9612585,8055.0,681.4557053791502,4.25531914893617,45,43,2,0,41,39,6889,4,0,0,4,4
2020-11-05,US,Colorado,Jackson,9,0,0,40.66593870000001,-106.3408905,8057.0,646.5517241379309,0.0,9,9,0,0,9,9,1399,0,0,0,0,0
2020-11-05,US,Colorado,Jefferson,10607,336,0,39.58635604,-105.2517692,8059.0,1819.753946345824,3.1677194305647216,10271,10298,334,0,9964,10018,580233,309,2,0,307,280
2020-11-05,US,Colorado,Kiowa,6,0,0,38.43260896,-102.7392145,8061.0,426.7425320056898,0.0,6,6,0,0,6,6,1383,0,0,0,0,0
2020-11-05,US,Colorado,Kit Carson,184,3,0,39.30497777,-102.60221990000001,8063.0,2592.644779484289,1.6304347826086956,181,139,3,0,136,139,7163,45,0,0,45,0
2020-11-05,US,Colorado,La Plata,416,2,0,37.28632032,-107.8429014,8067.0,739.9370342043009,0.4807692307692308,414,405,2,0,403,401,56310,11,0,0,11,4
2020-11-05,US,Colorado,Lake,155,0,0,39.20278823,-106.35556969999999,8065.0,1907.222837455396,0.0,155,152,0,0,152,151,7824,3,0,0,3,1
2020-11-05,US,Colorado,Larimer,4975,60,0,40.66671597,-105.4625784,8069.0,1393.9517902824048,1.2060301507537687,4915,4804,59,0,4745,4716,350518,171,1,0,170,88
2020-11-05,US,Colorado,Las Animas,95,1,0,37.3153406,-104.03764579999999,8071.0,654.9014201020268,1.0526315789473684,94,92,1,0,91,88,14503,3,0,0,3,4
2020-11-05,US,Colorado,Lincoln,26,0,0,38.98749519,-103.51366490000001,8073.0,456.060340291177,0.0,26,25,0,0,25,25,5610,1,0,0,1,0
2020-11-05,US,Colorado,Logan,1416,14,0,40.7249637,-103.110817,8075.0,6318.8897318041845,0.9887005649717514,1402,1407,14,0,1393,1387,21528,9,0,0,9,20
2020-11-05,US,Colorado,Mesa,2036,19,0,39.01787888,-108.469799,8077.0,1320.277543609364,0.9332023575638508,2017,1965,19,0,1946,1903,153207,71,0,0,71,62
2020-11-05,US,Colorado,Mineral,21,0,0,37.66954283,-106.92816979999999,8079.0,2730.8192457737327,0.0,21,21,0,0,21,21,776,0,0,0,0,0
2020-11-05,US,Colorado,Moffat,83,1,0,40.61810999,-108.2070876,8081.0,624.8588421290373,1.2048192771084338,82,85,1,0,84,77,13188,-2,0,0,-2,8
2020-11-05,US,Colorado,Montezuma,260,5,0,37.33859579,-108.59588570000001,8083.0,993.0107321544516,1.9230769230769231,255,239,5,0,234,235,26158,21,0,0,21,4
2020-11-05,US,Colorado,Montrose,510,14,0,38.40214114,-108.26390220000002,8085.0,1192.7592497310445,2.7450980392156863,496,502,14,0,488,497,42214,8,0,0,8,5
2020-11-05,US,Colorado,Morgan,973,49,0,40.26279810000001,-103.8093302,8087.0,3347.32351726985,5.035971223021583,924,957,48,0,909,937,28558,16,1,0,15,20
2020-11-05,US,Colorado,Otero,199,7,0,37.9014485,-103.7173385,8089.0,1088.7405624247729,3.5175879396984926,192,198,7,0,191,189,18432,1,0,0,1,9
2020-11-05,US,Colorado,Ouray,49,2,0,38.14717457,-107.7675136,8091.0,989.4991922455572,4.081632653061225,47,45,2,0,43,44,4833,4,0,0,4,1
2020-11-05,US,Colorado,Park,114,1,0,39.120926000000004,-105.7182065,8093.0,604.9349960201645,0.8771929824561403,113,114,1,0,113,113,18556,0,0,0,0,1
2020-11-05,US,Colorado,Phillips,83,0,0,40.59414277,-102.3577703,8095.0,1946.0726846424384,0.0,83,71,0,0,71,70,4286,12,0,0,12,1
2020-11-05,US,Colorado,Pitkin,313,2,0,39.21720112,-106.9310027,8097.0,1761.693026397253,0.6389776357827476,311,306,2,0,304,302,17950,7,0,0,7,4
2020-11-05,US,Colorado,Prowers,232,10,0,37.95544985,-102.3926052,8099.0,1906.013802168912,4.310344827586206,222,223,5,0,218,212,12164,9,5,0,4,11
2020-11-05,US,Colorado,Pueblo,2826,52,0,38.17359144,-104.5127437,8101.0,1677.9081366076093,1.8400566171266808,2774,2721,50,0,2671,2635,167529,105,2,0,103,86
2020-11-05,US,Colorado,Rio Blanco,31,0,0,39.97913541,-108.2179009,8103.0,490.19607843137254,0.0,31,31,0,0,31,31,6336,0,0,0,0,0
2020-11-05,US,Colorado,Rio Grande,137,3,0,37.5836865,-106.3847838,8105.0,1215.9403567941777,2.18978102189781,134,133,3,0,130,133,11250,4,0,0,4,0
2020-11-05,US,Colorado,Routt,248,9,0,40.48596505,-106.9905548,8107.0,967.314143068882,3.629032258064516,239,243,9,0,234,239,25733,5,0,0,5,4
2020-11-05,US,Colorado,Saguache,155,2,0,38.08054629,-106.28246599999999,8109.0,2271.395076201641,1.2903225806451613,153,151,2,0,149,149,6843,4,0,0,4,2
2020-11-05,US,Colorado,San Juan,11,0,0,37.76248981,-107.67632890000002,8111.0,1510.989010989011,0.0,11,11,0,0,11,11,762,0,0,0,0,0
2020-11-05,US,Colorado,San Miguel,114,0,0,38.00450883,-108.4020725,8113.0,1393.8134246240372,0.0,114,112,0,0,112,112,8191,2,0,0,2,0
2020-11-05,US,Colorado,Sedgwick,53,1,0,40.87595412,-102.3519227,8115.0,2357.651245551601,1.8867924528301887,52,51,1,0,50,50,2303,2,0,0,2,1
2020-11-05,US,Colorado,Summit,873,4,0,39.63803232,-106.1150762,8117.0,2815.130115120441,0.4581901489117984,869,857,4,0,853,826,31007,16,0,0,16,31
2020-11-05,US,Colorado,Teller,294,4,0,38.88133511,-105.16148929999999,8119.0,1158.027414526548,1.3605442176870748,290,287,4,0,283,278,25083,7,0,0,7,9
2020-11-05,US,Colorado,Unassigned,23,0,0,0.0,0.0,90008.0,0.0,0.0,23,23,0,0,23,23,,0,0,0,0,0
2020-11-05,US,Colorado,Washington,124,1,0,39.97015535,-103.202587,8121.0,2526.487367563162,0.8064516129032258,123,111,1,0,110,110,4909,13,0,0,13,1
2020-11-05,US,Colorado,Weld,7334,161,0,40.55499405,-104.39296209999999,8123.0,2260.148170062744,2.1952549768202894,7173,7167,160,0,7007,7017,314305,167,1,0,166,150
2020-11-05,US,Colorado,Yuma,239,1,0,40.00346839,-102.4258673,8125.0,2385.4676115380776,0.41841004184100417,238,230,1,0,229,229,10020,9,0,0,9,1
2020-11-05,US,Connecticut,Fairfield,26120,1445,0,41.26809896,-73.3881171,9001.0,2768.908507291176,5.532159264931088,24675,25538,1443,0,24095,25365,943823,582,2,0,580,173
2020-11-05,US,Connecticut,Hartford,19511,1498,0,41.80283011,-72.73103891,9003.0,2188.018660566097,7.677720260365947,18013,19131,1496,0,17635,19043,892697,380,2,0,378,88
2020-11-05,US,Connecticut,Litchfield,2531,146,0,41.7937534,-73.2451475,9005.0,1403.5146090843052,5.768470960094824,2385,2448,145,0,2303,2430,181111,83,1,0,82,18
2020-11-05,US,Connecticut,Middlesex,2182,198,0,41.45949668,-72.53714864,9007.0,1343.2982836317074,9.074243813015583,1984,2145,197,0,1948,2129,162682,37,1,0,36,16
2020-11-05,US,Connecticut,New Haven,18862,1135,0,41.408032500000004,-72.93620426,9009.0,2206.709041283078,6.0173894602905325,17727,18374,1132,0,17242,18244,857620,488,3,0,485,130
2020-11-05,US,Connecticut,New London,4141,146,0,41.48896435,-72.10430976,9011.0,1561.4277203381525,3.5257184255010867,3995,4068,144,0,3924,4041,266784,73,2,0,71,27
2020-11-05,US,Connecticut,Tolland,1922,68,0,41.85853803,-72.3308481,9013.0,1275.2038534776175,3.5379812695109263,1854,1864,68,0,1796,1849,150921,58,0,0,58,15
2020-11-05,US,Connecticut,Unassigned,202,0,0,0.0,0.0,90009.0,0.0,0.0,202,239,0,0,239,185,,-37,0,0,-37,54
2020-11-05,US,Connecticut,Windham,1589,20,0,41.82972709,-71.98182316,9015.0,1360.654895446216,1.2586532410320956,1569,1566,20,0,1546,1557,117027,23,0,0,23,9
2020-11-05,US,Delaware,Kent,3681,122,0,39.08646628,-75.56884914,10001.0,2036.1089907404335,3.3143167617495246,3559,3636,122,0,3514,3629,178550,45,0,0,45,7
2020-11-05,US,Delaware,New Castle,13639,354,0,39.57992638,-75.64054974,10003.0,2440.9712341589216,2.595498203680622,13285,13507,354,0,13153,13451,559335,132,0,0,132,56
2020-11-05,US,Delaware,Sussex,8342,240,0,38.66143781,-75.39031349,10005.0,3561.5327142704664,2.877007911771757,8102,8299,236,0,8063,8255,229286,43,4,0,39,44
2020-11-05,US,Delaware,Unassigned,91,0,0,0.0,0.0,90010.0,0.0,0.0,91,92,0,0,92,91,,-1,0,0,-1,1
2020-11-05,US,District of Columbia,District of Columbia,17682,650,0,38.90417773,-77.01655992,11001.0,2505.4233162214896,3.676054744938356,17032,17601,647,0,16954,17524,702455,81,3,0,78,77
2020-11-05,US,Florida,Alachua,10996,78,0,29.67866525,-82.35928158,12001.0,4087.0790171087892,0.7093488541287741,10918,10913,78,0,10835,10842,269956,83,0,0,83,71
2020-11-05,US,Florida,Baker,1840,24,0,30.33060121,-82.28467476,12003.0,6299.212598425196,1.3043478260869563,1816,1826,24,0,1802,1819,28355,14,0,0,14,7
2020-11-05,US,Florida,Bay,7060,138,0,30.26548745,-85.62122584,12005.0,4041.0978506625456,1.9546742209631731,6922,7013,138,0,6875,6979,185287,47,0,0,47,34
2020-11-05,US,Florida,Bradford,1254,15,0,29.95079741,-82.16611613,12007.0,4446.650827984823,1.1961722488038278,1239,1246,15,0,1231,1246,27732,8,0,0,8,0
2020-11-05,US,Florida,Brevard,12318,384,0,28.29409504,-80.73091022,12009.0,2046.3765611969254,3.1173891865562586,11934,12195,384,0,11811,12034,596849,123,0,0,123,161
2020-11-05,US,Florida,Broward,89184,1542,0,26.15184651,-80.48725556,12011.0,4567.032197208285,1.7290096878363832,87642,88381,1534,0,86847,87959,1951260,803,8,0,795,422
2020-11-05,US,Florida,Calhoun,746,15,0,30.40666734,-85.19394153,12013.0,5288.9046437433535,2.0107238605898123,731,734,15,0,719,734,14587,12,0,0,12,0
2020-11-05,US,Florida,Charlotte,3884,163,0,26.90131002,-81.92949121,12015.0,2056.005505267058,4.1967044284243045,3721,3859,161,0,3698,3811,184998,25,2,0,23,48
2020-11-05,US,Florida,Citrus,3402,136,0,28.84804315,-82.47614748,12017.0,2273.198046198975,3.997648442092887,3266,3369,136,0,3233,3344,147929,33,0,0,33,25
2020-11-05,US,Florida,Clay,6395,127,0,29.98319144,-81.85609986,12019.0,2916.7350810939006,1.9859265050820956,6268,6340,127,0,6213,6291,216072,55,0,0,55,49
2020-11-05,US,Florida,Collier,15005,259,0,26.11091986,-81.34687065,12021.0,3898.394916108516,1.7260913028990337,14746,14909,256,0,14653,14839,378488,96,3,0,93,70
2020-11-05,US,Florida,Columbia,4343,79,0,30.22509788,-82.62160164,12023.0,6058.365650196691,1.8190191112134468,4264,4340,79,0,4261,4327,70503,3,0,0,3,13
2020-11-05,US,Florida,DeSoto,1703,30,0,27.18677893,-81.80941373,12027.0,4481.4610141838375,1.7615971814445095,1673,1699,29,0,1670,1694,37489,4,1,0,3,5
2020-11-05,US,Florida,Dixie,918,11,0,29.60631086,-83.15724673,12029.0,5455.8421490550345,1.198257080610022,907,915,11,0,904,914,16700,3,0,0,3,1
2020-11-05,US,Florida,Duval,36282,532,0,30.33225875,-81.66976468,12031.0,3788.2339429185963,1.466291825147456,35750,36081,532,0,35549,35956,950181,201,0,0,201,125
2020-11-05,US,Florida,Escambia,14033,273,0,30.67652764,-87.37284571,12033.0,4408.512295957476,1.9454143803890829,13760,13914,273,0,13641,13804,315534,119,0,0,119,110
2020-11-05,US,Florida,Flagler,2248,40,0,29.45933576,-81.31508595,12035.0,1953.406730911271,1.7793594306049825,2208,2225,40,0,2185,2205,112067,23,0,0,23,20
2020-11-05,US,Florida,Franklin,792,4,0,29.83791238,-84.82731662,12037.0,6531.9587628865975,0.5050505050505051,788,791,4,0,787,786,11736,1,0,0,1,5
2020-11-05,US,Florida,Gadsden,3082,56,0,30.57796289,-84.61915825,12039.0,6749.890494962769,1.8170019467878002,3026,3076,56,0,3020,3075,45894,6,0,0,6,1
2020-11-05,US,Florida,Gilchrist,622,19,0,29.72856978,-82.79880657,12041.0,3347.3253686363146,3.0546623794212215,603,620,19,0,601,616,18256,2,0,0,2,4
2020-11-05,US,Florida,Glades,623,6,0,26.95635849,-81.18996211,12043.0,4510.89711099848,0.9630818619582664,617,622,6,0,616,614,13724,1,0,0,1,8
2020-11-05,US,Florida,Gulf,979,15,0,29.93543004,-85.24270990000002,12045.0,7177.945597184545,1.5321756894790604,964,964,15,0,949,960,16164,15,0,0,15,4
2020-11-05,US,Florida,Hamilton,919,10,0,30.49673973,-82.94998918,12047.0,6369.559190462988,1.0881392818280742,909,918,10,0,908,913,14310,1,0,0,1,5
2020-11-05,US,Florida,Hardee,1640,17,0,27.49293939,-81.80956574,12049.0,6088.2800608828,1.0365853658536586,1623,1633,17,0,1616,1630,27245,7,0,0,7,3
2020-11-05,US,Florida,Hendry,2277,44,0,26.55386945,-81.16469006,12051.0,5418.590262243587,1.932367149758454,2233,2273,44,0,2229,2262,41556,4,0,0,4,11
2020-11-05,US,Florida,Hernando,3915,177,0,28.55364461,-82.42700204,12053.0,2018.8737623762372,4.521072796934867,3738,3869,177,0,3692,3846,190865,46,0,0,46,23
2020-11-05,US,Florida,Highlands,2829,120,0,27.34254618,-81.34071957,12055.0,2663.315163668201,4.241781548250265,2709,2807,119,0,2688,2758,105424,22,1,0,21,49
2020-11-05,US,Florida,Hillsborough,49794,828,0,27.9276559,-82.32013172,12057.0,3382.8181047414073,1.662850945897096,48966,49376,827,0,48549,49150,1436888,418,1,0,417,226
2020-11-05,US,Florida,Holmes,962,13,0,30.86747479,-85.81319222,12059.0,4903.9098740888,1.351351351351351,949,956,13,0,943,946,19477,6,0,0,6,10
2020-11-05,US,Florida,Indian River,4048,126,0,27.69308961,-80.60556721,12061.0,2531.218148734078,3.112648221343873,3922,4014,125,0,3889,3980,157413,34,1,0,33,34
2020-11-05,US,Florida,Jackson,3264,83,0,30.795459700000002,-85.21500423,12063.0,7032.360925582799,2.542892156862745,3181,3229,83,0,3146,3202,48305,35,0,0,35,27
2020-11-05,US,Florida,Jefferson,696,11,0,30.43669112,-83.89442308,12065.0,4885.581917731292,1.5804597701149423,685,689,11,0,678,683,14288,7,0,0,7,6
2020-11-05,US,Florida,Lafayette,1287,16,0,29.98484137,-83.18166636,12067.0,15281.405841842792,1.2432012432012431,1271,1287,16,0,1271,1283,8732,0,0,0,0,4
2020-11-05,US,Florida,Lake,9047,234,0,28.76202069,-81.7125123,12069.0,2464.3302698314983,2.586492760030949,8813,8947,232,0,8715,8851,356495,100,2,0,98,96
2020-11-05,US,Florida,Lee,24328,529,0,26.58410348,-81.88399313,12071.0,3157.114733504893,2.174449194343966,23799,24152,523,0,23629,23980,754610,176,6,0,170,172
2020-11-05,US,Florida,Leon,12746,119,0,30.45955727,-84.27491114,12073.0,4341.546825077832,0.9336262356817824,12627,12658,118,0,12540,12551,292502,88,1,0,87,107
2020-11-05,US,Florida,Levy,1183,12,0,29.31829741,-82.74007147,12075.0,2850.3963568898635,1.0143702451394758,1171,1173,12,0,1161,1167,40770,10,0,0,10,6
2020-11-05,US,Florida,Liberty,543,11,0,30.23766008,-84.8829258,12077.0,6499.8802968637765,2.0257826887661143,532,543,11,0,532,542,8457,0,0,0,0,1
2020-11-05,US,Florida,Madison,1095,25,0,30.44396917,-83.47398594,12079.0,5921.1593575947645,2.2831050228310503,1070,1090,25,0,1065,1086,18529,5,0,0,5,4
2020-11-05,US,Florida,Manatee,13892,330,0,27.47196942,-82.31831044,12081.0,3444.983670301275,2.375467895191477,13562,13842,330,0,13512,13753,394855,50,0,0,50,89
2020-11-05,US,Florida,Marion,11160,352,0,29.21227113,-82.05803627,12083.0,3052.691757458716,3.1541218637992827,10808,11089,350,0,10739,11048,359977,71,2,0,69,41
2020-11-05,US,Florida,Martin,5505,168,0,27.0772071,-80.43109784,12085.0,3419.2546583850926,3.0517711171662127,5337,5482,168,0,5314,5455,160912,23,0,0,23,27
2020-11-05,US,Florida,Miami-Dade,190728,3670,0,25.6112362,-80.55170587,12086.0,7019.956274338042,1.9242061994043875,187058,189332,3670,0,185662,188636,2761581,1396,0,0,1396,696
2020-11-05,US,Florida,Monroe,2477,25,0,25.20904673,-81.07812416,12087.0,3337.0156814140223,1.0092854259184498,2452,2426,25,0,2401,2401,75027,51,0,0,51,25
2020-11-05,US,Florida,Nassau,2561,52,0,30.61037141,-81.80297522,12089.0,2889.703808180536,2.0304568527918785,2509,2535,52,0,2483,2517,85832,26,0,0,26,18
2020-11-05,US,Florida,Okaloosa,6823,130,0,30.69143028,-86.59267105,12091.0,3237.6695232943275,1.9053202403634768,6693,6722,130,0,6592,6657,207269,101,0,0,101,65
2020-11-05,US,Florida,Okeechobee,1784,42,0,27.386336199999995,-80.88944347,12093.0,4230.696262568773,2.3542600896860986,1742,1775,43,0,1732,1769,41537,9,-1,0,10,6
2020-11-05,US,Florida,Orange,48015,567,0,28.51367621,-81.31799498,12095.0,3445.759165008913,1.1808809746954076,47448,47655,561,0,47094,47346,1380645,360,6,0,354,309
2020-11-05,US,Florida,Osceola,14767,210,0,28.06312234,-81.14882926,12097.0,3929.996194288239,1.4220897948127582,14557,14644,211,0,14433,14564,367990,123,-1,0,124,80
2020-11-05,US,Florida,Palm Beach,54260,1606,0,26.64676272,-80.46536002,12099.0,3625.1394669855763,2.959823074087726,52654,53802,1604,0,52198,53511,1485941,458,2,0,456,291
2020-11-05,US,Florida,Pasco,11445,245,0,28.30810945,-82.40227529,12101.0,2066.082134211396,2.1406727828746184,11200,11328,245,0,11083,11242,539630,117,0,0,117,86
2020-11-05,US,Florida,Pinellas,26884,830,0,27.93130349,-82.72239666,12103.0,2757.344645516495,3.0873381937211724,26054,26679,829,0,25850,26477,975280,205,1,0,204,202
2020-11-05,US,Florida,Polk,23763,635,0,27.95027105,-81.69732947,12105.0,3278.66364412778,2.6722215208517444,23128,23612,633,0,22979,23525,708009,151,2,0,149,87
2020-11-05,US,Florida,Putnam,2455,51,0,29.60779729,-81.74230285,12107.0,3294.3733981025484,2.077393075356416,2404,2441,52,0,2389,2426,74163,14,-1,0,15,15
2020-11-05,US,Florida,Santa Rosa,6142,88,0,30.69341450000001,-87.02458128,12113.0,3332.37481892216,1.4327580592640834,6054,6107,88,0,6019,6073,179349,35,0,0,35,34
2020-11-05,US,Florida,Sarasota,10186,348,0,27.18546175,-82.33174248,12115.0,2348.400662144777,3.41645395641076,9838,10082,348,0,9734,10024,426718,104,0,0,104,58
2020-11-05,US,Florida,Seminole,10725,245,0,28.7158582,-81.24060348,12117.0,2273.083721541416,2.2843822843822843,10480,10645,245,0,10400,10576,467832,80,0,0,80,69
2020-11-05,US,Florida,St. Johns,6907,85,0,29.90096506,-81.43589967,12109.0,2609.6451456897594,1.2306355870855654,6822,6831,85,0,6746,6782,254261,76,0,0,76,49
2020-11-05,US,Florida,St. Lucie,9392,338,0,27.37763908,-80.47106649,12111.0,2860.8241927279273,3.598807495741056,9054,9324,336,0,8988,9265,321128,68,2,0,66,59
2020-11-05,US,Florida,Sumter,3026,87,0,28.70181754,-82.0794267,12119.0,2285.1533001057237,2.8750826173165898,2939,3009,87,0,2922,2991,128754,17,0,0,17,18
2020-11-05,US,Florida,Suwannee,3057,80,0,30.19746066,-82.99099670000003,12121.0,6882.499943715244,2.6169447170428524,2977,3048,79,0,2969,3034,44191,9,1,0,8,14
2020-11-05,US,Florida,Taylor,1516,18,0,30.04848048,-83.60445406,12123.0,7028.605869534979,1.1873350923482848,1498,1511,18,0,1493,1508,21623,5,0,0,5,3
2020-11-05,US,Florida,Unassigned,1817,0,0,0.0,0.0,90012.0,0.0,0.0,1817,1864,0,0,1864,1899,,-47,0,0,-47,-35
2020-11-05,US,Florida,Union,1172,47,0,30.04412971,-82.37497443,12125.0,7691.802848329724,4.010238907849828,1125,1167,47,0,1120,1159,14940,5,0,0,5,8
2020-11-05,US,Florida,Volusia,13360,326,0,29.05858895,-81.18263252,12127.0,2414.673115434388,2.440119760479042,13034,13282,326,0,12956,13186,547538,78,0,0,78,96
2020-11-05,US,Florida,Wakulla,1357,11,0,30.16548905,-84.39895211,12129.0,4022.0516316429052,0.8106116433308771,1346,1353,11,0,1342,1350,32461,4,0,0,4,3
2020-11-05,US,Florida,Walton,2642,30,0,30.64204028,-86.16935664,12131.0,3566.848024193004,1.1355034065102196,2612,2620,30,0,2590,2586,71375,22,0,0,22,34
2020-11-05,US,Florida,Washington,1280,24,0,30.61359259,-85.66002461,12133.0,5024.928355513681,1.875,1256,1270,24,0,1246,1261,24880,10,0,0,10,9
2020-11-05,US,Georgia,Appling,1186,38,0,31.74847232,-82.28909114,13001.0,6450.560208854563,3.2040472175379433,1148,1182,38,0,1144,1179,18507,4,0,0,4,3
2020-11-05,US,Georgia,Atkinson,491,7,0,31.29633502,-82.87545866,13003.0,6013.472137170851,1.4256619144602851,484,491,7,0,484,489,8297,0,0,0,0,2
2020-11-05,US,Georgia,Bacon,638,17,0,31.55456473,-82.45936528,13005.0,5714.797563597275,2.664576802507837,621,637,16,0,621,637,11185,1,1,0,0,0
2020-11-05,US,Georgia,Baker,97,6,0,31.32669878,-84.44218806,13007.0,3192.890059249506,6.185567010309278,91,96,6,0,90,93,3092,1,0,0,1,3
2020-11-05,US,Georgia,Baldwin,2355,66,0,33.06882326,-83.24701748,13009.0,5246.1572733348185,2.8025477707006368,2289,2347,65,0,2282,2343,44823,8,1,0,7,4
2020-11-05,US,Georgia,Banks,589,8,0,34.35607081,-83.49644388,13011.0,3062.285536029947,1.3582342954159592,581,587,8,0,579,583,18988,2,0,0,2,4
2020-11-05,US,Georgia,Barrow,2726,52,0,33.99148694,-83.71436292,13013.0,3274.8678519942328,1.9075568598679384,2674,2718,52,0,2666,2702,80809,8,0,0,8,16
2020-11-05,US,Georgia,Bartow,3803,96,0,34.23732119,-84.83887523,13015.0,3529.859473908927,2.5243229029713383,3707,3774,96,0,3678,3741,106408,29,0,0,29,33
2020-11-05,US,Georgia,Ben Hill,893,34,0,31.76095874,-83.22145359,13017.0,5347.305389221557,3.807390817469205,859,892,34,0,858,888,16787,1,0,0,1,4
2020-11-05,US,Georgia,Berrien,505,14,0,31.27590016,-83.22529920000002,13019.0,2603.495385884415,2.7722772277227716,491,505,14,0,491,505,19252,0,0,0,0,0
2020-11-05,US,Georgia,Bibb,6782,202,0,32.80904227,-83.70489165,13021.0,4428.078010433603,2.9784724270126812,6580,6767,201,0,6566,6736,153095,15,1,0,14,31
2020-11-05,US,Georgia,Bleckley,517,27,0,32.43829035,-83.33035166,13023.0,4016.15784976307,5.222437137330754,490,518,27,0,491,515,12838,-1,0,0,-1,3
2020-11-05,US,Georgia,Brantley,481,13,0,31.19576557,-81.97743999,13025.0,2517.138521115705,2.702702702702702,468,478,13,0,465,476,18897,3,0,0,3,2
2020-11-05,US,Georgia,Brooks,554,26,0,30.83922642,-83.58303423,13027.0,3584.1366371223394,4.693140794223827,528,554,26,0,528,553,15513,0,0,0,0,1
2020-11-05,US,Georgia,Bryan,1328,16,0,32.00979311,-81.44002948,13029.0,3351.2504100739393,1.2048192771084338,1312,1319,16,0,1303,1311,38109,9,0,0,9,8
2020-11-05,US,Georgia,Bulloch,3145,33,0,32.39577406,-81.74811421,13031.0,3950.607979097578,1.0492845786963434,3112,3137,33,0,3104,3130,77296,8,0,0,8,7
2020-11-05,US,Georgia,Burke,911,12,0,33.05917989,-81.99928721,13033.0,4070.0531653487024,1.3172338090010978,899,906,12,0,894,904,22423,5,0,0,5,2
2020-11-05,US,Georgia,Butts,770,44,0,33.283094500000004,-83.95435040000002,13035.0,3087.90503689445,5.7142857142857135,726,761,44,0,717,758,24193,9,0,0,9,3
2020-11-05,US,Georgia,Calhoun,284,10,0,31.53169785,-84.62725131,13037.0,4588.786556794313,3.5211267605633805,274,281,10,0,271,277,6352,3,0,0,3,4
2020-11-05,US,Georgia,Camden,1489,18,0,30.92951916,-81.66601818,13039.0,2723.8137050451833,1.2088650100738751,1471,1474,18,0,1456,1465,53677,15,0,0,15,9
2020-11-05,US,Georgia,Candler,563,25,0,32.40209349,-82.07702563,13043.0,5211.515319818569,4.440497335701599,538,560,25,0,535,553,10836,3,0,0,3,7
2020-11-05,US,Georgia,Carroll,3506,80,0,33.58138199,-85.07976677,13045.0,2921.861457430495,2.2818026240730176,3426,3490,78,0,3412,3458,118121,16,2,0,14,32
2020-11-05,US,Georgia,Catoosa,1560,25,0,34.89872298,-85.13757014,13047.0,2308.375258952353,1.6025641025641026,1535,1538,25,0,1513,1523,67420,22,0,0,22,15
2020-11-05,US,Georgia,Charlton,653,10,0,30.78371028,-82.13951596,13049.0,4876.045400238949,1.531393568147014,643,652,10,0,642,651,12968,1,0,0,1,1
2020-11-05,US,Georgia,Chatham,9668,193,0,32.00043026,-81.12489526,13051.0,3340.358635939605,1.996276375672321,9475,9613,193,0,9420,9569,289195,55,0,0,55,44
2020-11-05,US,Georgia,Chattahoochee,1818,1,0,32.34341231,-84.78809239,13053.0,16668.194737324655,0.055005500550055014,1817,1815,1,0,1814,1813,10684,3,0,0,3,2
2020-11-05,US,Georgia,Chattooga,1005,29,0,34.47197698,-85.34535662,13055.0,4054.217596514583,2.8855721393034828,976,996,29,0,967,989,24790,9,0,0,9,7
2020-11-05,US,Georgia,Cherokee,7536,102,0,34.24393976,-84.47431861,13057.0,2912.2049054576787,1.3535031847133758,7434,7498,102,0,7396,7441,254149,38,0,0,38,57
2020-11-05,US,Georgia,Clarke,5951,50,0,33.95436462,-83.37124007,13059.0,4637.227170364135,0.8401949252226516,5901,5917,50,0,5867,5901,127330,34,0,0,34,16
2020-11-05,US,Georgia,Clay,124,3,0,31.62221166,-84.97713865,13061.0,4375.441072688779,2.419354838709677,121,124,3,0,121,124,2887,0,0,0,0,0
2020-11-05,US,Georgia,Clayton,8624,182,0,33.54187245,-84.35594188,13063.0,2950.837621811015,2.1103896103896105,8442,8586,179,0,8407,8532,289615,38,3,0,35,54
2020-11-05,US,Georgia,Clinch,466,13,0,30.91395822,-82.70432472,13065.0,7041.402236325173,2.7896995708154506,453,462,13,0,449,461,6648,4,0,0,4,1
2020-11-05,US,Georgia,Cobb,22836,469,0,33.94243204,-84.5761255,13067.0,3004.17948775293,2.0537747416360133,22367,22709,466,0,22243,22587,756865,127,3,0,124,122
2020-11-05,US,Georgia,Coffee,2331,65,0,31.54892966,-82.85492059999999,13069.0,5386.730755898598,2.7885027885027887,2266,2324,64,0,2260,2316,43093,7,1,0,6,8
2020-11-05,US,Georgia,Colquitt,2156,40,0,31.18810588,-83.7677946,13071.0,4728.070175438596,1.855287569573284,2116,2155,40,0,2115,2146,45592,1,0,0,1,9
2020-11-05,US,Georgia,Columbia,4566,68,0,33.54534185,-82.263524,13073.0,2913.5878096404917,1.4892685063512925,4498,4538,66,0,4472,4524,154291,28,2,0,26,14
2020-11-05,US,Georgia,Cook,637,16,0,31.16068491,-83.42947229,13075.0,3688.477127967574,2.5117739403453694,621,632,16,0,616,623,17162,5,0,0,5,9
2020-11-05,US,Georgia,Coweta,3058,63,0,33.35334302,-84.76129976,13077.0,2059.134463231185,2.0601700457815566,2995,3048,63,0,2985,3038,145864,10,0,0,10,10
2020-11-05,US,Georgia,Crawford,197,6,0,32.71391813,-83.98061238,13079.0,1588.1973556917126,3.045685279187817,191,197,6,0,191,197,12318,0,0,0,0,0
2020-11-05,US,Georgia,Crisp,677,24,0,31.92289565,-83.76811843,13081.0,3026.1040586447343,3.5450516986706058,653,672,24,0,648,670,22601,5,0,0,5,2
2020-11-05,US,Georgia,Dade,396,6,0,34.854916700000004,-85.50490424,13083.0,2457.185405807893,1.5151515151515151,390,390,6,0,384,382,16226,6,0,0,6,8
2020-11-05,US,Georgia,Dawson,942,11,0,34.44244079,-84.16964071,13085.0,3608.089474490577,1.167728237791932,931,937,11,0,926,931,25083,5,0,0,5,6
2020-11-05,US,Georgia,DeKalb,22261,407,0,33.76944049,-84.22396017,13089.0,2931.790853908287,1.8283095997484389,21854,22109,407,0,21702,21882,756558,152,0,0,152,227
2020-11-05,US,Georgia,Decatur,1323,36,0,30.87967778,-84.57619536,13087.0,5010.6044538706265,2.7210884353741496,1287,1319,36,0,1283,1315,26575,4,0,0,4,4
2020-11-05,US,Georgia,Dodge,656,29,0,32.17265114,-83.16948926,13091.0,3183.6932783305024,4.420731707317073,627,653,23,0,630,648,20705,3,6,0,-3,5
2020-11-05,US,Georgia,Dooly,383,19,0,32.15630737,-83.79746561,13093.0,2860.3435399551904,4.9608355091383824,364,381,19,0,362,380,13706,2,0,0,2,1
2020-11-05,US,Georgia,Dougherty,3329,193,0,31.53328528,-84.21722377,13095.0,3784.846968939015,5.7975367978371874,3136,3322,193,0,3129,3321,91243,7,0,0,7,1
2020-11-05,US,Georgia,Douglas,4302,75,0,33.70291126,-84.77026156,13097.0,2939.6691334740985,1.7433751743375174,4227,4270,75,0,4195,4237,145331,32,0,0,32,33
2020-11-05,US,Georgia,Early,566,35,0,31.32155345,-84.90255207,13099.0,5554.465161923455,6.18374558303887,531,562,35,0,527,560,10247,4,0,0,4,2
2020-11-05,US,Georgia,Echols,246,2,0,30.71101099,-82.89687287,13101.0,6140.788816774838,0.8130081300813008,244,246,2,0,244,246,4000,0,0,0,0,0
2020-11-05,US,Georgia,Effingham,1890,29,0,32.36616021,-81.34280942,13103.0,2939.5296752519603,1.5343915343915344,1861,1879,29,0,1850,1867,62190,11,0,0,11,12
2020-11-05,US,Georgia,Elbert,792,12,0,34.11302332,-82.83936148,13105.0,4126.289465457956,1.5151515151515151,780,783,11,0,772,778,19120,9,1,0,8,5
2020-11-05,US,Georgia,Emanuel,1241,39,0,32.59221302,-82.30239915,13107.0,5479.996467367306,3.1426269137792104,1202,1230,39,0,1191,1223,22612,11,0,0,11,7
2020-11-05,US,Georgia,Evans,491,7,0,32.15328841,-81.8870105,13109.0,4608.597709780363,1.4256619144602851,484,492,7,0,485,491,10721,-1,0,0,-1,1
2020-11-05,US,Georgia,Fannin,848,29,0,34.86430205,-84.316964,13111.0,3238.1243317550025,3.419811320754717,819,846,27,0,819,840,25964,2,2,0,0,6
2020-11-05,US,Georgia,Fayette,2239,57,0,33.41357794,-84.49089434,13113.0,1956.8086277868567,2.5457793657882983,2182,2227,57,0,2170,2217,113459,12,0,0,12,10
2020-11-05,US,Georgia,Floyd,4252,62,0,34.26268279,-85.21577392,13115.0,4316.838920587221,1.4581373471307622,4190,4220,61,0,4159,4174,97927,32,1,0,31,46
2020-11-05,US,Georgia,Forsyth,5005,55,0,34.22604035,-84.12315129999998,13117.0,2049.1132109460723,1.0989010989010992,4950,4978,55,0,4923,4938,236612,27,0,0,27,40
2020-11-05,US,Georgia,Franklin,989,18,0,34.37525597,-83.23159927,13119.0,4235.72744014733,1.8200202224469162,971,980,18,0,962,974,23023,9,0,0,9,6
2020-11-05,US,Georgia,Fulton,32328,631,0,33.79216944,-84.46319413,13121.0,3038.5257773721564,1.9518683494184608,31697,32134,629,0,31505,31971,1050114,194,2,0,192,163
2020-11-05,US,Georgia,Gilmer,1087,24,0,34.69316688,-84.45802506,13123.0,3465.204501259205,2.2079116835326587,1063,1083,24,0,1059,1074,30816,4,0,0,4,9
2020-11-05,US,Georgia,Glascock,54,2,0,33.22879932,-82.61297636,13125.0,1817.5698418041065,3.703703703703704,52,54,2,0,52,53,2995,0,0,0,0,1
2020-11-05,US,Georgia,Glynn,3839,105,0,31.23279254,-81.53811412,13127.0,4501.008300895746,2.7350872623078932,3734,3832,105,0,3727,3817,85219,7,0,0,7,15
2020-11-05,US,Georgia,Gordon,2550,48,0,34.50487351,-84.87296253,13129.0,4399.358211272708,1.8823529411764703,2502,2527,48,0,2479,2499,57685,23,0,0,23,28
2020-11-05,US,Georgia,Grady,885,25,0,30.87454847,-84.23418364,13131.0,3592.741444403849,2.824858757062147,860,879,25,0,854,875,24748,6,0,0,6,4
2020-11-05,US,Georgia,Greene,593,25,0,33.5769205,-83.17139104,13133.0,3236.1929709670367,4.2158516020236085,568,593,25,0,568,590,17698,0,0,0,0,3
2020-11-05,US,Georgia,Gwinnett,31787,456,0,33.96044201,-84.02137802,13135.0,3395.140186915888,1.4345487148834428,31331,31647,453,0,31194,31473,927781,140,3,0,137,174
2020-11-05,US,Georgia,Habersham,1930,78,0,34.63331566,-83.53094677,13137.0,4257.853865160608,4.041450777202074,1852,1922,78,0,1844,1917,45388,8,0,0,8,5
2020-11-05,US,Georgia,Hall,11065,184,0,34.32207823,-83.81896936,13139.0,5412.31944668633,1.6629010393131496,10881,10999,183,0,10816,10929,202148,66,1,0,65,70
2020-11-05,US,Georgia,Hancock,419,45,0,33.2721566,-82.99766919,13141.0,4954.47558235781,10.739856801909307,374,419,45,0,374,419,8348,0,0,0,0,0
2020-11-05,US,Georgia,Haralson,716,15,0,33.79602175,-85.21005667,13143.0,2403.3297529538127,2.094972067039106,701,693,12,0,681,676,29533,23,3,0,20,17
2020-11-05,US,Georgia,Harris,869,26,0,32.73709786,-84.90538572,13145.0,2466.2277216483144,2.991944764096663,843,863,25,0,838,859,34475,6,1,0,5,4
2020-11-05,US,Georgia,Hart,613,18,0,34.34626973,-82.96567682,13147.0,2339.2482350696428,2.9363784665579122,595,606,17,0,589,605,26099,7,1,0,6,1
2020-11-05,US,Georgia,Heard,251,6,0,33.29686567,-85.12886832,13149.0,2105.174872095949,2.3904382470119523,245,249,6,0,243,244,11879,2,0,0,2,5
2020-11-05,US,Georgia,Henry,6568,118,0,33.4533428,-84.14814659999998,13151.0,2800.1244878730904,1.7965895249695494,6450,6504,116,0,6388,6447,230220,64,2,0,62,57
2020-11-05,US,Georgia,Houston,3796,97,0,32.45802497,-83.66879087,13153.0,2404.616661282251,2.5553213909378294,3699,3789,97,0,3692,3765,155469,7,0,0,7,24
2020-11-05,US,Georgia,Irwin,366,10,0,31.60213036,-83.27501387,13155.0,3887.000849617672,2.7322404371584703,356,365,9,0,356,362,9398,1,1,0,0,3
2020-11-05,US,Georgia,Jackson,2552,43,0,34.13794553,-83.56814788,13157.0,3496.9922030228704,1.6849529780564263,2509,2531,42,0,2489,2514,70422,21,1,0,20,17
2020-11-05,US,Georgia,Jasper,251,4,0,33.31535543,-83.68844964,13159.0,1765.2436880230675,1.593625498007968,247,251,4,0,247,251,14040,0,0,0,0,0
2020-11-05,US,Georgia,Jeff Davis,814,26,0,31.80405727,-82.63724870000001,13161.0,5385.378762818393,3.194103194103194,788,813,25,0,788,813,15029,1,1,0,0,0
2020-11-05,US,Georgia,Jefferson,861,34,0,33.05867328,-82.41609057,13163.0,5604.738966280434,3.9488966318234615,827,860,34,0,826,857,15430,1,0,0,1,3
2020-11-05,US,Georgia,Jenkins,474,32,0,32.79248718,-81.96040187,13165.0,5463.347164591978,6.751054852320674,442,474,32,0,442,474,8683,0,0,0,0,0
2020-11-05,US,Georgia,Johnson,440,24,0,32.70211082,-82.66166794,13167.0,4562.895364513119,5.454545454545454,416,439,24,0,415,439,9708,1,0,0,1,0
2020-11-05,US,Georgia,Jones,669,17,0,33.02512137,-83.56019163,13169.0,2328.171219766835,2.5411061285500747,652,662,17,0,645,660,28616,7,0,0,7,2
2020-11-05,US,Georgia,Lamar,446,20,0,33.07841647,-84.14263877,13171.0,2337.8937988153275,4.484304932735426,426,445,20,0,425,441,19000,1,0,0,1,4
2020-11-05,US,Georgia,Lanier,321,7,0,31.03828570000001,-83.06472457,13173.0,3079.7275256643957,2.1806853582554515,314,320,7,0,313,320,10340,1,0,0,1,0
2020-11-05,US,Georgia,Laurens,2079,92,0,32.46325233,-82.92221316,13175.0,4372.607580027762,4.4252044252044245,1987,2077,91,0,1986,2052,47325,2,1,0,1,25
2020-11-05,US,Georgia,Lee,761,31,0,31.779330600000005,-84.14324253,13177.0,2537.343291544412,4.073587385019711,730,760,30,0,730,759,29764,1,1,0,0,1
2020-11-05,US,Georgia,Liberty,1335,26,0,31.82588896,-81.49251135,13179.0,2173.028404004232,1.9475655430711607,1309,1304,26,0,1278,1293,61497,31,0,0,31,11
2020-11-05,US,Georgia,Lincoln,244,7,0,33.79201475,-82.45024131,13181.0,3080.419138997601,2.8688524590163933,237,243,7,0,236,242,7915,1,0,0,1,1
2020-11-05,US,Georgia,Long,287,4,0,31.75218791,-81.74952375,13183.0,1467.3551817577584,1.3937282229965158,283,284,4,0,280,281,18998,3,0,0,3,3
2020-11-05,US,Georgia,Lowndes,4593,90,0,30.83568832,-83.27056716,13185.0,3912.065822871063,1.959503592423253,4503,4562,89,0,4473,4545,116321,31,1,0,30,17
2020-11-05,US,Georgia,Lumpkin,1081,17,0,34.57286511,-84.00425681,13187.0,3216.3046712288015,1.5726179463459757,1064,1077,17,0,1060,1073,32955,4,0,0,4,4
2020-11-05,US,Georgia,Macon,262,10,0,32.35207048,-84.04234127,13193.0,2023.6348188769605,3.816793893129771,252,260,10,0,250,257,13143,2,0,0,2,3
2020-11-05,US,Georgia,Madison,837,11,0,34.12920917,-83.21218732,13195.0,2801.204819277109,1.3142174432497014,826,832,11,0,821,826,29650,5,0,0,5,6
2020-11-05,US,Georgia,Marion,206,10,0,32.3483402,-84.52733571,13197.0,2464.409618375404,4.854368932038835,196,206,10,0,196,205,8351,0,0,0,0,1
2020-11-05,US,Georgia,McDuffie,722,17,0,33.47851918,-82.48252774,13189.0,3387.7627627627626,2.3545706371191137,705,716,16,0,700,712,21531,6,1,0,5,4
2020-11-05,US,Georgia,McIntosh,323,7,0,31.49683595,-81.40163426,13191.0,2246.4876895256643,2.1671826625387,316,320,7,0,313,318,14340,3,0,0,3,2
2020-11-05,US,Georgia,Meriwether,603,16,0,33.04163534,-84.68859732,13199.0,2848.774035054566,2.6533996683250414,587,603,16,0,587,602,21068,0,0,0,0,1
2020-11-05,US,Georgia,Miller,326,2,0,31.16568912,-84.73151117,13201.0,5701.294158796783,0.6134969325153374,324,323,2,0,321,323,5686,3,0,0,3,0
2020-11-05,US,Georgia,Mitchell,855,46,0,31.22483255,-84.19381821,13205.0,3910.716736038056,5.3801169590643285,809,853,46,0,807,849,22192,2,0,0,2,4
2020-11-05,US,Georgia,Monroe,795,55,0,33.014289,-83.92097166,13207.0,2882.732612952353,6.918238993710692,740,786,55,0,731,781,27520,9,0,0,9,5
2020-11-05,US,Georgia,Montgomery,370,9,0,32.17201038,-82.53527476,13209.0,4034.0165721761878,2.4324324324324325,361,375,9,0,366,374,9193,-5,0,0,-5,1
2020-11-05,US,Georgia,Morgan,550,6,0,33.59232073,-83.49129491,13211.0,2853.289064121187,1.0909090909090908,544,547,6,0,541,545,18853,3,0,0,3,2
2020-11-05,US,Georgia,Murray,1161,10,0,34.78897608,-84.74993177,13213.0,2895.5506783719075,0.8613264427217916,1151,1139,10,0,1129,1126,39921,22,0,0,22,13
2020-11-05,US,Georgia,Muscogee,6475,177,0,32.50931999,-84.87142262,13215.0,3307.469517645797,2.733590733590733,6298,6461,177,0,6284,6440,194160,14,0,0,14,21
2020-11-05,US,Georgia,Newton,2983,99,0,33.55514538,-83.84547140000002,13217.0,2669.4945589919816,3.318806570566544,2884,2975,96,0,2879,2945,109541,8,3,0,5,30
2020-11-05,US,Georgia,Oconee,903,31,0,33.83749973,-83.43679568,13219.0,2241.80734856008,3.4330011074197118,872,893,31,0,862,886,39272,10,0,0,10,7
2020-11-05,US,Georgia,Oglethorpe,442,13,0,33.878629600000004,-83.08278123,13221.0,2896.6511566944105,2.9411764705882355,429,439,13,0,426,437,15054,3,0,0,3,2
2020-11-05,US,Georgia,Out of GA,14926,192,0,0.0,0.0,80013.0,0.0,1.2863459734691145,14734,15004,192,0,14812,15163,,-78,0,0,-78,-159
2020-11-05,US,Georgia,Paulding,3350,66,0,33.91969522,-84.86848792,13223.0,1986.162082683631,1.9701492537313432,3284,3326,66,0,3260,3291,164044,24,0,0,24,35
2020-11-05,US,Georgia,Peach,820,26,0,32.56934316,-83.82937,13225.0,2976.838742467146,3.1707317073170733,794,816,26,0,790,816,27297,4,0,0,4,0
2020-11-05,US,Georgia,Pickens,847,10,0,34.46589159,-84.46406611,13227.0,2598.876990580221,1.180637544273908,837,840,10,0,830,829,31980,7,0,0,7,11
2020-11-05,US,Georgia,Pierce,704,24,0,31.35928155,-82.21598442,13229.0,3616.748009247367,3.4090909090909087,680,701,24,0,677,692,19389,3,0,0,3,9
2020-11-05,US,Georgia,Pike,399,11,0,33.09310242,-84.38790389,13231.0,2104.208416833668,2.7568922305764407,388,398,11,0,387,397,18634,1,0,0,1,1
2020-11-05,US,Georgia,Polk,1791,29,0,34.00267074,-85.18677781,13233.0,4202.942763945275,1.6192071468453375,1762,1775,29,0,1746,1758,42470,16,0,0,16,17
2020-11-05,US,Georgia,Pulaski,341,23,0,32.23334561,-83.47549959999998,13235.0,3061.8658525635274,6.744868035190616,318,340,23,0,317,340,11069,1,0,0,1,0
2020-11-05,US,Georgia,Putnam,842,28,0,33.32056115,-83.37552891,13237.0,3806.6820380668214,3.32541567695962,814,834,27,0,807,830,21809,8,1,0,7,4
2020-11-05,US,Georgia,Quitman,41,1,0,31.86728114,-85.01773177,13239.0,1783.3840800347978,2.4390243902439024,40,41,1,0,40,41,2279,0,0,0,0,0
2020-11-05,US,Georgia,Rabun,445,11,0,34.88389445,-83.40304637,13241.0,2596.7205461866142,2.4719101123595504,434,442,11,0,431,439,16867,3,0,0,3,3
2020-11-05,US,Georgia,Randolph,341,30,0,31.76622818,-84.75732369,13243.0,5030.98259073473,8.797653958944279,311,342,30,0,312,342,6833,-1,0,0,-1,0
2020-11-05,US,Georgia,Richmond,8295,186,0,33.35777107,-82.07026432,13245.0,4095.9322134328804,2.2423146473779387,8109,8236,185,0,8051,8205,201554,59,1,0,58,31
2020-11-05,US,Georgia,Rockdale,2233,42,0,33.65145002,-84.02202167,13247.0,2456.6537581411717,1.8808777429467085,2191,2225,42,0,2183,2207,90594,8,0,0,8,18
2020-11-05,US,Georgia,Schley,110,2,0,32.2654021,-84.31258912,13249.0,2092.4481643522918,1.818181818181818,108,110,2,0,108,109,5236,0,0,0,0,1
2020-11-05,US,Georgia,Screven,457,11,0,32.74976524,-81.60779441,13251.0,3272.232564800229,2.4070021881838075,446,457,11,0,446,456,13938,0,0,0,0,1
2020-11-05,US,Georgia,Seminole,407,11,0,30.93464824,-84.86823924,13253.0,5030.902348578492,2.702702702702702,396,402,11,0,391,400,8315,5,0,0,5,2
2020-11-05,US,Georgia,Spalding,1680,65,0,33.26310031,-84.28013991,13255.0,2518.627348095288,3.8690476190476186,1615,1659,65,0,1594,1652,66100,21,0,0,21,7
2020-11-05,US,Georgia,Stephens,1308,43,0,34.55151201,-83.29405315,13257.0,5045.323047251688,3.2874617737003065,1265,1307,43,0,1264,1305,26035,1,0,0,1,2
2020-11-05,US,Georgia,Stewart,572,17,0,32.07996777,-84.83208037,13259.0,8639.178371847152,2.9720279720279716,555,571,17,0,554,571,6199,1,0,0,1,0
2020-11-05,US,Georgia,Sumter,974,68,0,32.03650571,-84.19821492,13261.0,3299.010974122748,6.981519507186857,906,971,68,0,903,970,29733,3,0,0,3,1
2020-11-05,US,Georgia,Talbot,181,8,0,32.69642758,-84.53351366,13263.0,2921.711057304278,4.419889502762431,173,181,8,0,173,180,6272,0,0,0,0,1
2020-11-05,US,Georgia,Taliaferro,31,0,0,33.56543317,-82.88136816,13265.0,2016.9160702667525,0.0,31,31,0,0,31,31,1608,0,0,0,0,0
2020-11-05,US,Georgia,Tattnall,968,17,0,32.04785085,-82.05539188,13267.0,3828.205331013209,1.756198347107438,951,961,16,0,945,957,25391,7,1,0,6,4
2020-11-05,US,Georgia,Taylor,242,12,0,32.55792548,-84.25077141,13269.0,3017.4563591022443,4.958677685950414,230,240,12,0,228,240,8039,2,0,0,2,0
2020-11-05,US,Georgia,Telfair,502,24,0,31.92829517,-82.93491155,13271.0,3165.195460277428,4.7808764940239055,478,497,24,0,473,496,15876,5,0,0,5,1
2020-11-05,US,Georgia,Terrell,342,32,0,31.77527543,-84.44069698,13273.0,4008.90868596882,9.35672514619883,310,342,32,0,310,342,8611,0,0,0,0,0
2020-11-05,US,Georgia,Thomas,1639,72,0,30.86392347,-83.91847289,13275.0,3687.2061370947786,4.392922513727883,1567,1635,72,0,1563,1631,44448,4,0,0,4,4
2020-11-05,US,Georgia,Tift,2003,65,0,31.45743864,-83.5236119,13277.0,4928.156677492373,3.2451323015476783,1938,2001,65,0,1936,1990,40571,2,0,0,2,11
2020-11-05,US,Georgia,Toombs,1538,58,0,32.12059861,-82.32957247,13279.0,5732.389116660454,3.771131339401821,1480,1534,58,0,1476,1532,26887,4,0,0,4,2
2020-11-05,US,Georgia,Towns,473,14,0,34.91369188,-83.74107459999998,13281.0,3929.550552463239,2.9598308668076116,459,467,13,0,454,464,11852,6,1,0,5,3
2020-11-05,US,Georgia,Treutlen,315,12,0,32.40422134,-82.56904553,13283.0,4564.555861469352,3.809523809523809,303,313,12,0,301,310,6809,2,0,0,2,3
2020-11-05,US,Georgia,Troup,3090,113,0,33.03349196,-85.02812115,13285.0,4419.2099768313265,3.6569579288025884,2977,3083,112,0,2971,3082,70034,7,1,0,6,1
2020-11-05,US,Georgia,Turner,340,24,0,31.71612656,-83.62069378,13287.0,4257.983719474014,7.0588235294117645,316,339,24,0,315,339,7912,1,0,0,1,0
2020-11-05,US,Georgia,Twiggs,230,10,0,32.67435595,-83.43078662,13289.0,2832.512315270936,4.3478260869565215,220,229,10,0,219,227,8188,1,0,0,1,2
2020-11-05,US,Georgia,Unassigned,1957,5,0,0.0,0.0,90013.0,0.0,0.2554931016862545,1952,1951,6,0,1945,1953,,6,-1,0,7,-2
2020-11-05,US,Georgia,Union,938,29,0,34.82995757,-83.98967069,13291.0,3826.853249561421,3.0916844349680175,909,932,29,0,903,926,24001,6,0,0,6,6
2020-11-05,US,Georgia,Upson,848,70,0,32.87920671,-84.30024826,13293.0,3221.884498480243,8.254716981132075,778,846,70,0,776,846,26215,2,0,0,2,0
2020-11-05,US,Georgia,Walker,2044,46,0,34.73376362,-85.30165174,13295.0,2930.003870357363,2.250489236790606,1998,2007,46,0,1961,1978,69410,37,0,0,37,29
2020-11-05,US,Georgia,Walton,2429,71,0,33.78017694,-83.73552314,13297.0,2567.8432865011155,2.923013585837793,2358,2420,71,0,2349,2407,93503,9,0,0,9,13
2020-11-05,US,Georgia,Ware,1783,67,0,31.05449097,-82.42224148,13299.0,4989.645715565008,3.757711721817162,1716,1779,67,0,1712,1775,35680,4,0,0,4,4
2020-11-05,US,Georgia,Warren,172,6,0,33.41146451,-82.67795848,13301.0,3273.6962314427105,3.4883720930232562,166,172,6,0,166,172,5251,0,0,0,0,0
2020-11-05,US,Georgia,Washington,818,14,0,32.96711864,-82.79357039,13303.0,4014.920977716698,1.7114914425427872,804,813,13,0,800,809,20386,5,1,0,4,4
2020-11-05,US,Georgia,Wayne,1282,36,0,31.5521809,-81.91894878,13305.0,4283.757142379791,2.8081123244929795,1246,1272,36,0,1236,1269,29808,10,0,0,10,3
2020-11-05,US,Georgia,Webster,44,2,0,32.04066113,-84.54742852,13307.0,1687.7637130801688,4.545454545454546,42,44,2,0,42,44,2611,0,0,0,0,0
2020-11-05,US,Georgia,Wheeler,369,18,0,32.12009104,-82.72574721,13309.0,4697.644812221515,4.878048780487805,351,369,18,0,351,369,7879,0,0,0,0,0
2020-11-05,US,Georgia,White,1040,25,0,34.64624278,-83.74905525,13311.0,3376.8426521202678,2.4038461538461537,1015,1032,25,0,1007,1031,29970,8,0,0,8,1
2020-11-05,US,Georgia,Whitfield,5925,66,0,34.80987459,-84.96093476,13313.0,5662.920059639867,1.1139240506329111,5859,5833,64,0,5769,5788,104062,92,2,0,90,45
2020-11-05,US,Georgia,Wilcox,262,25,0,31.97496928,-83.43438555,13315.0,3034.163288940359,9.541984732824428,237,261,25,0,236,261,8812,1,0,0,1,0
2020-11-05,US,Georgia,Wilkes,324,7,0,33.78290391,-82.74286107,13317.0,3313.899969315741,2.1604938271604937,317,319,7,0,312,319,9876,5,0,0,5,0
2020-11-05,US,Georgia,Wilkinson,379,17,0,32.80291082,-83.17140684,13319.0,4232.745141836051,4.485488126649076,362,378,17,0,361,376,9036,1,0,0,1,2
2020-11-05,US,Georgia,Worth,613,35,0,31.55162306,-83.85090513,13321.0,3027.6090284980487,5.70962479608483,578,612,35,0,577,612,20299,1,0,0,1,0
2020-11-05,US,Hawaii,Hawaii,1356,31,0,19.60121157,-155.5210167,15001.0,672.9094400857513,2.2861356932153387,1325,1332,31,0,1301,1311,200983,24,0,0,24,21
2020-11-05,US,Hawaii,Honolulu,13510,170,0,21.45803166,-157.97121819999995,15003.0,1386.2623555378157,1.2583271650629164,13340,13445,170,0,13275,13321,980080,65,0,0,65,124
2020-11-05,US,Hawaii,Kauai,68,0,0,22.03935037,-159.5966786,15007.0,94.06166572143913,0.0,68,67,0,0,67,67,72133,1,0,0,1,0
2020-11-05,US,Hawaii,Maui,537,17,0,20.86399628,-156.56890969999995,15009.0,320.7559566830131,3.165735567970205,520,535,17,0,518,530,167207,2,0,0,2,5
2020-11-05,US,Hawaii,Out of HI,101,1,0,0.0,0.0,80015.0,0.0,0.99009900990099,100,94,1,0,93,89,,7,0,0,7,5
2020-11-05,US,Idaho,Ada,18311,185,0,43.4526575,-116.24155159999998,16001.0,3802.220574890933,1.0103216645732074,18126,18110,185,0,17925,17828,469966,201,0,0,201,282
2020-11-05,US,Idaho,Adams,75,2,0,44.89333571,-116.4545247,16003.0,1746.6231951560314,2.6666666666666665,73,74,2,0,72,71,4250,1,0,0,1,3
2020-11-05,US,Idaho,Bannock,2948,17,0,42.67002716,-112.2233311,16005.0,3357.325072886297,0.576662143826323,2931,2893,17,0,2876,2834,87138,55,0,0,55,59
2020-11-05,US,Idaho,Bear Lake,88,1,0,42.28269683,-111.32892379999998,16007.0,1436.7346938775506,1.1363636363636365,87,82,1,0,81,81,6050,6,0,0,6,1
2020-11-05,US,Idaho,Benewah,195,3,0,47.21754179,-116.6586851,16009.0,2097.225209722521,1.5384615384615383,192,194,3,0,191,190,9226,1,0,0,1,4
2020-11-05,US,Idaho,Bingham,1783,25,0,43.21672879999999,-112.3978437,16011.0,3808.933797611673,1.4021312394840155,1758,1756,25,0,1731,1717,46236,27,0,0,27,39
2020-11-05,US,Idaho,Blaine,963,7,0,43.4085812,-113.9752658,16013.0,4183.137135658746,0.726895119418484,956,938,7,0,931,930,22601,25,0,0,25,8
2020-11-05,US,Idaho,Boise,97,2,0,43.98829931,-115.7309284,16015.0,1238.6668369301494,2.061855670103093,95,92,2,0,90,90,7634,5,0,0,5,2
2020-11-05,US,Idaho,Bonner,558,2,0,48.29996017,-116.6017932,16017.0,1219.9654561752552,0.35842293906810035,556,547,2,0,545,541,44727,11,0,0,11,6
2020-11-05,US,Idaho,Bonneville,5081,40,0,43.38713372,-111.6161537,16019.0,4267.524483042448,0.7872466049990159,5041,5018,40,0,4978,4890,116854,63,0,0,63,128
2020-11-05,US,Idaho,Boundary,237,1,0,48.76684761,-116.4630179,16021.0,1935.483870967742,0.4219409282700422,236,231,1,0,230,219,11948,6,0,0,6,12
2020-11-05,US,Idaho,Butte,107,0,0,43.72592209,-113.1735463,16023.0,4120.1386214863305,0.0,107,106,0,0,106,105,2611,1,0,0,1,1
2020-11-05,US,Idaho,Camas,49,0,0,43.46665742,-114.8065892,16025.0,4430.379746835443,0.0,49,47,0,0,47,45,1127,2,0,0,2,2
2020-11-05,US,Idaho,Canyon,11001,118,0,43.61970148,-116.70954990000001,16027.0,4786.185713229121,1.0726297609308244,10883,10775,116,0,10659,10603,223499,226,2,0,224,172
2020-11-05,US,Idaho,Caribou,330,5,0,42.77149116,-111.5597683,16029.0,4612.159329140462,1.5151515151515151,325,324,5,0,319,313,7060,6,0,0,6,11
2020-11-05,US,Idaho,Cassia,1572,11,0,42.28347888,-113.6012409,16031.0,6541.8227215980005,0.6997455470737913,1561,1541,11,0,1530,1520,23864,31,0,0,31,21
2020-11-05,US,Idaho,Clark,41,0,0,44.28496071,-112.35057040000001,16033.0,4852.07100591716,0.0,41,41,0,0,41,40,852,0,0,0,0,1
2020-11-05,US,Idaho,Clearwater,180,0,0,46.67459924,-115.6622393,16035.0,2055.733211512106,0.0,180,170,0,0,170,167,8758,10,0,0,10,3
2020-11-05,US,Idaho,Custer,103,1,0,44.24186819,-114.2855494,16037.0,2387.02201622248,0.9708737864077671,102,101,1,0,100,100,4280,2,0,0,2,1
2020-11-05,US,Idaho,Elmore,612,4,0,43.3507101,-115.4701578,16039.0,2224.564719566719,0.6535947712418301,608,609,4,0,605,596,27259,3,0,0,3,13
2020-11-05,US,Idaho,Franklin,409,2,0,42.18332217,-111.81496659999999,16041.0,2947.53531277025,0.4889975550122249,407,400,2,0,398,395,13726,9,0,0,9,5
2020-11-05,US,Idaho,Fremont,532,5,0,44.22800938,-111.48099429999999,16043.0,4061.3787312008553,0.9398496240601504,527,527,5,0,522,524,13168,5,0,0,5,3
2020-11-05,US,Idaho,Gem,485,6,0,44.06482372,-116.398376,16045.0,2677.782685512368,1.2371134020618555,479,471,6,0,465,463,17634,14,0,0,14,8
2020-11-05,US,Idaho,Gooding,711,9,0,42.96927962,-114.81083059999999,16047.0,4684.103037090717,1.2658227848101269,702,698,9,0,689,669,15196,13,0,0,13,29
2020-11-05,US,Idaho,Idaho,438,1,0,45.84721541,-115.4634436,16049.0,2627.947441051179,0.22831050228310498,437,435,1,0,434,428,16513,3,0,0,3,7
2020-11-05,US,Idaho,Jefferson,1084,5,0,43.82078483,-112.3131749,16051.0,3628.937765725955,0.4612546125461255,1079,1063,5,0,1058,1055,29439,21,0,0,21,8
2020-11-05,US,Idaho,Jerome,1341,9,0,42.68891267,-114.2655033,16053.0,5493.200065541537,0.6711409395973155,1332,1307,9,0,1298,1254,24015,34,0,0,34,53
2020-11-05,US,Idaho,Kootenai,4823,53,0,47.67282258,-116.7020872,16055.0,2910.7346542182418,1.0989010989010992,4770,4737,53,0,4684,4662,161505,86,0,0,86,75
2020-11-05,US,Idaho,Latah,1081,1,0,46.81587887,-116.71136979999999,16057.0,2695.222898174928,0.09250693802035152,1080,1065,1,0,1064,1040,40134,16,0,0,16,25
2020-11-05,US,Idaho,Lemhi,321,4,0,44.9438088,-113.9309747,16059.0,3999.003363647689,1.2461059190031152,317,318,1,0,317,313,7961,3,3,0,0,5
2020-11-05,US,Idaho,Lewis,103,3,0,46.23315327,-116.434146,16061.0,2683.689421573736,2.9126213592233015,100,97,3,0,94,97,3861,6,0,0,6,0
2020-11-05,US,Idaho,Lincoln,267,6,0,43.0012336,-114.1358773,16063.0,4975.773387998509,2.247191011235955,261,260,6,0,254,247,5360,7,0,0,7,13
2020-11-05,US,Idaho,Madison,2925,7,0,43.78141028,-111.65384740000002,16065.0,7329.54118325106,0.2393162393162393,2918,2874,6,0,2868,2811,39304,51,1,0,50,63
2020-11-05,US,Idaho,Minidoka,1318,10,0,42.85518524,-113.6357257,16067.0,6264.556300204384,0.7587253414264037,1308,1298,10,0,1288,1283,20825,20,0,0,20,15
2020-11-05,US,Idaho,Nez Perce,1180,24,0,46.32638236,-116.75009750000001,16069.0,2920.213819045733,2.0338983050847457,1156,1105,24,0,1081,1073,40408,75,0,0,75,32
2020-11-05,US,Idaho,Oneida,72,0,0,42.19494279999999,-112.5407838,16071.0,1589.0531891414698,0.0,72,72,0,0,72,70,4488,0,0,0,0,2
2020-11-05,US,Idaho,Owyhee,423,5,0,42.58016894,-116.16938710000001,16073.0,3577.7721390510023,1.182033096926714,418,417,5,0,412,411,11693,6,0,0,6,6
2020-11-05,US,Idaho,Payette,1223,11,0,44.00545243,-116.7647695,16075.0,5106.258611331468,0.8994276369582993,1212,1196,11,0,1185,1181,23551,27,0,0,27,15
2020-11-05,US,Idaho,Power,391,2,0,42.69254894,-112.83957420000002,16077.0,5090.483010024735,0.5115089514066496,389,390,2,0,388,386,7768,1,0,0,1,4
2020-11-05,US,Idaho,Shoshone,305,20,0,47.35364087,-115.89167490000001,16079.0,2367.644775655954,6.557377049180328,285,298,20,0,278,296,12796,7,0,0,7,2
2020-11-05,US,Idaho,Teton,343,2,0,43.75303583,-111.2056773,16081.0,2824.9052874320532,0.5830903790087464,341,318,2,0,316,308,11640,25,0,0,25,10
2020-11-05,US,Idaho,Twin Falls,4810,53,0,42.35440512,-114.6685381,16083.0,5536.499459011488,1.1018711018711018,4757,4671,52,0,4619,4546,86081,139,1,0,138,125
2020-11-05,US,Idaho,Unassigned,1,0,0,0.0,0.0,90016.0,0.0,0.0,1,,,,,1,,,,,,
2020-11-05,US,Idaho,Valley,145,1,0,44.76728382,-115.5676773,16085.0,1272.823033707865,0.6896551724137931,144,143,1,0,142,136,11041,2,0,0,2,7
2020-11-05,US,Idaho,Washington,517,8,0,44.45275475,-116.78476880000001,16087.0,5071.610751422405,1.5473887814313343,509,505,8,0,497,495,10161,12,0,0,12,10
2020-11-05,US,Illinois,Adams,2534,28,0,39.98815591,-91.18786813,17001.0,3872.5452739359666,1.1049723756906078,2506,2426,26,0,2400,2346,65691,108,2,0,106,80
2020-11-05,US,Illinois,Alexander,160,2,0,37.18049267,-89.32910838,17003.0,2777.2956084013194,1.25,158,157,2,0,155,156,6060,3,0,0,3,1
2020-11-05,US,Illinois,Bond,586,9,0,38.88829622,-89.43534887,17005.0,3567.514915378059,1.5358361774744027,577,576,9,0,567,566,16630,10,0,0,10,10
2020-11-05,US,Illinois,Boone,2349,26,0,42.32359279,-88.82345779,17007.0,4387.046167637831,1.1068539804171988,2323,2285,26,0,2259,2232,53577,64,0,0,64,53
2020-11-05,US,Illinois,Brown,149,0,0,39.96209138,-90.75068024,17009.0,2265.126178169656,0.0,149,144,0,0,144,133,6556,5,0,0,5,11
2020-11-05,US,Illinois,Bureau,1118,19,0,41.40385234,-89.5283051,17011.0,3426.504842466593,1.699463327370304,1099,1079,19,0,1060,1055,32993,39,0,0,39,24
2020-11-05,US,Illinois,Calhoun,94,0,0,39.16840183,-90.66330078,17013.0,1983.5408313990285,0.0,94,94,0,0,94,86,4802,0,0,0,0,8
2020-11-05,US,Illinois,Carroll,620,16,0,42.06823429,-89.93395545,17015.0,4334.148898986367,2.5806451612903225,604,571,15,0,556,559,14312,49,1,0,48,12
2020-11-05,US,Illinois,Cass,484,11,0,39.96991073,-90.24734436,17017.0,3984.522927471804,2.272727272727273,473,481,11,0,470,478,12260,3,0,0,3,3
2020-11-05,US,Illinois,Champaign,7308,29,0,40.13919438,-88.20046615,17019.0,3485.16135801115,0.3968253968253968,7279,7114,29,0,7085,6999,209983,194,0,0,194,115
2020-11-05,US,Illinois,Christian,1050,31,0,39.54581621,-89.27780482,17021.0,3250.3714710252602,2.952380952380953,1019,978,31,0,947,942,32661,72,0,0,72,36
2020-11-05,US,Illinois,Clark,355,18,0,39.33425789,-87.78705622,17023.0,2299.073894177838,5.070422535211269,337,349,18,0,331,338,15596,6,0,0,6,11
2020-11-05,US,Illinois,Clay,376,15,0,38.75388572,-88.48914513,17025.0,2851.9417475728155,3.98936170212766,361,366,15,0,351,363,13253,10,0,0,10,3
2020-11-05,US,Illinois,Clinton,2031,35,0,38.60704876,-89.42385254,17027.0,5407.060326926149,1.7232890201870998,1996,1988,32,0,1956,1966,37639,43,3,0,40,22
2020-11-05,US,Illinois,Coles,2317,46,0,39.51949084,-88.22358557,17029.0,4577.151774955058,1.9853258523953388,2271,2271,42,0,2229,2229,50885,46,4,0,42,42
2020-11-05,US,Illinois,Cook,204977,5574,0,41.84144849,-87.81658794,17031.0,3979.9558583077696,2.7193294857471813,199403,201176,5541,0,195635,198184,5180493,3801,33,0,3768,2992
2020-11-05,US,Illinois,Crawford,700,6,0,39.0032229,-87.75954624,17033.0,3749.933036910055,0.8571428571428571,694,690,6,0,684,689,18807,10,0,0,10,1
2020-11-05,US,Illinois,Cumberland,345,6,0,39.27432424,-88.2401158,17035.0,3204.532788407951,1.7391304347826086,339,333,6,0,327,330,10808,12,0,0,12,3
2020-11-05,US,Illinois,De Witt,327,7,0,40.17514519,-88.90959682,17039.0,2091.0602378820818,2.1406727828746184,320,314,6,0,308,312,15769,13,1,0,12,2
2020-11-05,US,Illinois,DeKalb,3027,43,0,41.89373302,-88.76958483,17037.0,2885.687865239235,1.4205483977535514,2984,2954,43,0,2911,2895,104143,73,0,0,73,59
2020-11-05,US,Illinois,Douglas,920,10,0,39.76768052,-88.21854195,17041.0,4726.432057539173,1.0869565217391304,910,868,9,0,859,853,19479,52,1,0,51,15
2020-11-05,US,Illinois,DuPage,27584,634,0,41.85116968,-88.08642662,17043.0,2988.771519989252,2.2984338747099766,26950,27065,632,0,26433,26512,928589,519,2,0,517,553
2020-11-05,US,Illinois,Edgar,197,11,0,39.6809186,-87.74759563,17045.0,1147.9517510634578,5.583756345177664,186,190,11,0,179,185,17360,7,0,0,7,5
2020-11-05,US,Illinois,Edwards,124,0,0,38.41353228,-88.05720863,17047.0,1939.0148553557467,0.0,124,119,0,0,119,119,6392,5,0,0,5,0
2020-11-05,US,Illinois,Effingham,1459,5,0,39.05935711,-88.58969584,17049.0,4290.167019524818,0.3427004797806717,1454,1403,5,0,1398,1385,34208,56,0,0,56,18
2020-11-05,US,Illinois,Fayette,804,25,0,39.00072038,-89.02452658,17051.0,3768.278965129359,3.109452736318408,779,783,24,0,759,762,21416,21,1,0,20,21
2020-11-05,US,Illinois,Ford,237,16,0,40.59706922,-88.22350769,17053.0,1828.562610909652,6.751054852320674,221,231,16,0,215,228,13264,6,0,0,6,3
2020-11-05,US,Illinois,Franklin,1193,12,0,37.99189086,-88.92567818,17055.0,3101.1983675167016,1.0058675607711651,1181,1151,11,0,1140,1141,38701,42,1,0,41,10
2020-11-05,US,Illinois,Fulton,744,2,0,40.47289135,-90.20862357,17057.0,2166.5695981362837,0.26881720430107525,742,728,2,0,726,691,34844,16,0,0,16,37
2020-11-05,US,Illinois,Gallatin,129,2,0,37.76430935,-88.22953869,17059.0,2671.913835956918,1.5503875968992251,127,123,2,0,121,122,5058,6,0,0,6,1
2020-11-05,US,Illinois,Greene,371,18,0,39.35907414,-90.388865,17061.0,2860.6677461639288,4.851752021563343,353,365,18,0,347,356,13044,6,0,0,6,9
2020-11-05,US,Illinois,Grundy,1322,8,0,41.28569601,-88.41905692,17063.0,2589.415129079014,0.6051437216338881,1314,1227,8,0,1219,1175,50972,95,0,0,95,52
2020-11-05,US,Illinois,Hamilton,159,2,0,38.08163641,-88.53883373,17065.0,1959.0931493346482,1.2578616352201255,157,155,2,0,153,155,8163,4,0,0,4,0
2020-11-05,US,Illinois,Hancock,425,4,0,40.40423981,-91.16313899,17067.0,2400.045177320985,0.9411764705882352,421,408,4,0,404,395,17844,17,0,0,17,13
2020-11-05,US,Illinois,Hardin,63,0,0,37.51810645,-88.26873022,17069.0,1648.7830410887204,0.0,63,62,0,0,62,61,3910,1,0,0,1,1
2020-11-05,US,Illinois,Henderson,158,0,0,40.81908672,-90.92491462,17071.0,2377.369846524225,0.0,158,153,0,0,153,145,6709,5,0,0,5,8
2020-11-05,US,Illinois,Henry,957,9,0,41.3533994,-90.13296166,17073.0,1956.5350724756202,0.9404388714733544,948,926,9,0,917,914,49090,31,0,0,31,12
2020-11-05,US,Illinois,Iroquois,654,20,0,40.74717633,-87.82466784,17075.0,2412.038061518035,3.058103975535168,634,633,20,0,613,625,27604,21,0,0,21,8
2020-11-05,US,Illinois,Jackson,1741,27,0,37.78595185,-89.38232563,17077.0,3067.8414096916304,1.5508328546812178,1714,1713,26,0,1687,1698,57419,28,1,0,27,15
2020-11-05,US,Illinois,Jasper,310,10,0,39.01054275,-88.15437049,17079.0,3225.8064516129034,3.2258064516129035,300,306,10,0,296,301,9611,4,0,0,4,5
2020-11-05,US,Illinois,Jefferson,1092,52,0,38.29980057,-88.9240025,17081.0,2897.781551852245,4.761904761904762,1040,1052,52,0,1000,1036,37820,40,0,0,40,16
2020-11-05,US,Illinois,Jersey,533,21,0,39.08869046,-90.35393073,17083.0,2447.9860377531804,3.9399624765478425,512,521,21,0,500,517,21847,12,0,0,12,4
2020-11-05,US,Illinois,Jo Daviess,624,11,0,42.36542373,-90.21094405,17085.0,2938.544855191901,1.7628205128205128,613,617,10,0,607,604,21366,7,1,0,6,13
2020-11-05,US,Illinois,Johnson,425,0,0,37.45939802,-88.88165419,17087.0,3422.726906660224,0.0,425,420,0,0,420,417,12456,5,0,0,5,3
2020-11-05,US,Illinois,Kane,20127,360,0,41.93842729,-88.42861412,17089.0,3780.406947368816,1.7886421225219853,19767,19699,359,0,19340,19337,534216,428,1,0,427,362
2020-11-05,US,Illinois,Kankakee,4294,84,0,41.13746989,-87.86205334,17091.0,3908.5398044819854,1.9562179785747555,4210,4116,83,0,4033,3997,110024,178,1,0,177,119
2020-11-05,US,Illinois,Kendall,3428,30,0,41.59081014,-88.42869583,17093.0,2657.5703542910305,0.8751458576429405,3398,3331,30,0,3301,3228,127915,97,0,0,97,103
2020-11-05,US,Illinois,Knox,1612,25,0,40.93148779,-90.21330340000002,17095.0,3243.526026680617,1.5508684863523574,1587,1543,23,0,1520,1509,50112,69,2,0,67,34
2020-11-05,US,Illinois,LaSalle,3136,73,0,41.34426129999999,-88.88633881,17099.0,2885.827604928729,2.32780612244898,3063,2997,70,0,2927,2937,109430,139,3,0,136,60
2020-11-05,US,Illinois,Lake,24105,530,0,42.3224907,-88.00367925,17097.0,3460.7019029912353,2.198713959759386,23575,23652,525,0,23127,23177,700832,453,5,0,448,475
2020-11-05,US,Illinois,Lawrence,403,8,0,38.71987914,-87.72884035,17101.0,2570.480928689884,1.9851116625310172,395,393,8,0,385,385,15765,10,0,0,10,8
2020-11-05,US,Illinois,Lee,1018,4,0,41.74583951,-89.29977132,17103.0,2985.687470671047,0.3929273084479371,1014,997,4,0,993,973,34223,21,0,0,21,24
2020-11-05,US,Illinois,Livingston,867,12,0,40.89188292,-88.55784752,17105.0,2432.114003590664,1.3840830449826989,855,827,12,0,815,803,35761,40,0,0,40,24
2020-11-05,US,Illinois,Logan,759,5,0,40.12581572,-89.36638784,17107.0,2652.1769515689425,0.6587615283267457,754,724,5,0,719,705,28925,35,0,0,35,19
2020-11-05,US,Illinois,Macon,4001,68,0,39.86064913,-88.96342505,17115.0,3846.7824899768293,1.699575106223444,3933,3890,66,0,3824,3861,104712,111,2,0,109,29
2020-11-05,US,Illinois,Macoupin,951,11,0,39.26119767,-89.92424028,17117.0,2116.8143168766414,1.1566771819137749,940,919,11,0,908,893,45313,32,0,0,32,26
2020-11-05,US,Illinois,Madison,8252,164,0,38.83042506,-89.90422563,17119.0,3138.0482647946887,1.9873969946679595,8088,8108,163,0,7945,7980,264461,144,1,0,143,128
2020-11-05,US,Illinois,Marion,1288,25,0,38.64963204,-88.91899208,17121.0,3461.900282220132,1.940993788819876,1263,1263,25,0,1238,1238,37620,25,0,0,25,25
2020-11-05,US,Illinois,Marshall,187,4,0,41.0327901,-89.34510444,17123.0,1634.9012065046336,2.1390374331550803,183,184,4,0,180,181,11534,3,0,0,3,3
2020-11-05,US,Illinois,Mason,377,12,0,40.23917274,-89.91824452,17125.0,2822.067520023954,3.1830238726790454,365,374,12,0,362,372,13565,3,0,0,3,2
2020-11-05,US,Illinois,Massac,192,2,0,37.22078441,-88.71036614,17127.0,1394.133023525995,1.0416666666666667,190,184,2,0,182,181,14080,8,0,0,8,3
2020-11-05,US,Illinois,McDonough,895,24,0,40.45674722,-90.67775541,17109.0,3015.2954652651442,2.681564245810056,871,876,21,0,855,858,29955,19,3,0,16,18
2020-11-05,US,Illinois,McHenry,7977,120,0,42.32451172,-88.45248227,17111.0,2591.8368673117293,1.504324934185784,7857,7756,120,0,7636,7616,308570,221,0,0,221,140
2020-11-05,US,Illinois,McLean,4778,39,0,40.48996987,-88.84621113,17113.0,2785.729694432621,0.8162411050648807,4739,4662,38,0,4624,4570,172828,116,1,0,115,92
2020-11-05,US,Illinois,Menard,204,1,0,40.02742725,-89.80246001,17129.0,1672.6795670711704,0.4901960784313725,203,198,1,0,197,196,12288,6,0,0,6,2
2020-11-05,US,Illinois,Mercer,401,7,0,41.20596782,-90.74290052,17131.0,2597.654984776835,1.745635910224439,394,368,7,0,361,362,15601,33,0,0,33,6
2020-11-05,US,Illinois,Monroe,1141,37,0,38.27594376,-90.17761038,17133.0,3294.1651990645837,3.242769500438212,1104,1112,34,0,1078,1096,34335,29,3,0,26,16
2020-11-05,US,Illinois,Montgomery,740,17,0,39.23198845,-89.47809254,17135.0,2604.3499683254736,2.2972972972972974,723,725,17,0,708,706,28601,15,0,0,15,19
2020-11-05,US,Illinois,Morgan,1132,27,0,39.71654544,-90.20255104,17137.0,3363.2420226989125,2.385159010600707,1105,1110,26,0,1084,1099,33976,22,1,0,21,11
2020-11-05,US,Illinois,Moultrie,545,7,0,39.64187451,-88.62099969,17139.0,3758.3614923108753,1.2844036697247707,538,534,7,0,527,526,14717,11,0,0,11,8
2020-11-05,US,Illinois,Ogle,1646,8,0,42.04165196,-89.32184679,17141.0,3250.2023971723634,0.4860267314702309,1638,1555,8,0,1547,1523,50923,91,0,0,91,32
2020-11-05,US,Illinois,Out of IL,2,0,0,0.0,0.0,80017.0,0.0,0.0,2,1,0,0,1,1,,1,0,0,1,0
2020-11-05,US,Illinois,Peoria,5428,90,0,40.78702156,-89.76078901,17143.0,3029.3728617750958,1.658069270449521,5338,5337,87,0,5250,5217,180621,91,3,0,88,120
2020-11-05,US,Illinois,Perry,558,16,0,38.08510853,-89.36856219,17145.0,2667.814113597246,2.867383512544803,542,536,16,0,520,534,21174,22,0,0,22,2
2020-11-05,US,Illinois,Piatt,329,3,0,40.01360584,-88.59319339,17147.0,2012.9711209006368,0.9118541033434652,326,311,3,0,308,302,16396,18,0,0,18,9
2020-11-05,US,Illinois,Pike,535,10,0,39.62265059,-90.8877017,17149.0,3438.0823854508067,1.8691588785046729,525,486,9,0,477,470,15611,49,1,0,48,16
2020-11-05,US,Illinois,Pope,49,1,0,37.41391284,-88.56152109,17151.0,1173.0907349772565,2.0408163265306123,48,49,1,0,48,47,4212,0,0,0,0,2
2020-11-05,US,Illinois,Pulaski,259,1,0,37.22631423,-89.13085001,17153.0,4854.732895970009,0.3861003861003861,258,255,1,0,254,255,5463,4,0,0,4,0
2020-11-05,US,Illinois,Putnam,121,0,0,41.2013541,-89.2869272,17155.0,2108.38125108904,0.0,121,118,0,0,118,115,5740,3,0,0,3,3
2020-11-05,US,Illinois,Randolph,1469,17,0,38.05095369,-89.82512254,17157.0,4622.113145805802,1.1572498298162015,1452,1450,16,0,1434,1445,32106,19,1,0,18,5
2020-11-05,US,Illinois,Richland,370,18,0,38.71240969,-88.08475366,17159.0,2385.096370785793,4.864864864864865,352,365,18,0,347,360,15763,5,0,0,5,5
2020-11-05,US,Illinois,Rock Island,4935,97,0,41.46613806,-90.57042164,17161.0,3478.316029856427,1.965552178318136,4838,4799,95,0,4704,4684,143477,136,2,0,134,115
2020-11-05,US,Illinois,Saline,693,13,0,37.75332999,-88.54119706,17165.0,2950.065982716785,1.8759018759018762,680,682,11,0,671,673,23906,11,2,0,9,9
2020-11-05,US,Illinois,Sangamon,5234,66,0,39.75836914,-89.65872023,17167.0,2688.624969178927,1.2609858616736722,5168,5002,66,0,4936,4883,195348,232,0,0,232,119
2020-11-05,US,Illinois,Schuyler,112,1,0,40.157179799999994,-90.61114163,17169.0,1654.8463356973996,0.8928571428571429,111,109,1,0,108,106,6907,3,0,0,3,3
2020-11-05,US,Illinois,Scott,123,0,0,39.642916899999996,-90.47814431,17171.0,2484.346596647142,0.0,123,122,0,0,122,121,4926,1,0,0,1,1
2020-11-05,US,Illinois,Shelby,822,18,0,39.39133527,-88.80611122,17173.0,3799.5747434593695,2.18978102189781,804,803,18,0,785,784,21741,19,0,0,19,19
2020-11-05,US,Illinois,St. Clair,8702,228,0,38.46996033,-89.93063427,17163.0,3350.970017636684,2.6200873362445414,8474,8618,228,0,8390,8552,261059,84,0,0,84,66
2020-11-05,US,Illinois,Stark,108,3,0,41.09309773,-89.79745866,17175.0,2021.714713590416,2.7777777777777777,105,102,3,0,99,99,5427,6,0,0,6,3
2020-11-05,US,Illinois,Stephenson,1443,12,0,42.35129217,-89.662598,17177.0,3242.8423749382,0.8316008316008316,1431,1395,11,0,1384,1346,44753,48,1,0,47,49
2020-11-05,US,Illinois,Tazewell,3321,62,0,40.50716185,-89.51404662,17179.0,2519.6695067638825,1.8669075579644685,3259,3213,60,0,3153,3144,132328,108,2,0,106,69
2020-11-05,US,Illinois,Unassigned,6327,283,0,0.0,0.0,90017.0,0.0,4.472893946578157,6044,6312,283,0,6029,6300,,15,0,0,15,12
2020-11-05,US,Illinois,Union,847,25,0,37.47119609,-89.25548938,17181.0,5086.170659941152,2.9515938606847696,822,837,25,0,812,835,16841,10,0,0,10,2
2020-11-05,US,Illinois,Vermilion,2128,16,0,40.18417171,-87.73384359,17183.0,2808.944269912089,0.7518796992481203,2112,2081,12,0,2069,2036,76806,47,4,0,43,45
2020-11-05,US,Illinois,Wabash,279,6,0,38.44272901,-87.84922065,17185.0,2421.875,2.150537634408602,273,271,6,0,265,265,11549,8,0,0,8,6
2020-11-05,US,Illinois,Warren,627,10,0,40.84925021,-90.6147432,17187.0,3722.393730705296,1.5948963317384368,617,610,10,0,600,587,17032,17,0,0,17,23
2020-11-05,US,Illinois,Washington,379,2,0,38.35309213,-89.40982703,17189.0,2729.17116727875,0.5277044854881267,377,365,2,0,363,362,13995,14,0,0,14,3
2020-11-05,US,Illinois,Wayne,572,19,0,38.42955355,-88.42586459,17191.0,3527.5979031760717,3.3216783216783217,553,555,18,0,537,550,16332,17,1,0,16,5
2020-11-05,US,Illinois,White,316,5,0,38.08706198,-88.17657461,17193.0,2334.342912018911,1.5822784810126582,311,305,5,0,300,304,13665,11,0,0,11,1
2020-11-05,US,Illinois,Whiteside,2051,38,0,41.75509713,-89.91556058,17195.0,3717.263253285001,1.8527547537786448,2013,1975,36,0,1939,1892,55626,76,2,0,74,83
2020-11-05,US,Illinois,Will,22323,452,0,41.44619267,-87.97862712,17197.0,3231.7374189821685,2.024817452851319,21871,21795,449,0,21346,21419,692310,528,3,0,525,376
2020-11-05,US,Illinois,Williamson,2226,65,0,37.73033511,-88.92994027,17199.0,3342.492905085814,2.9200359389038635,2161,2180,64,0,2116,2153,67056,46,1,0,45,27
2020-11-05,US,Illinois,Winnebago,12589,195,0,42.33641854,-89.16085327,17201.0,4455.147714564782,1.548971324171896,12394,12258,195,0,12063,12043,284081,331,0,0,331,215
2020-11-05,US,Illinois,Woodford,873,17,0,40.78579374,-89.20973757,17203.0,2269.9498166879016,1.9473081328751431,856,844,17,0,827,817,38463,29,0,0,29,27
2020-11-05,US,Indiana,Adams,797,10,0,40.7457653,-84.93671406,18001.0,2227.6881795566987,1.2547051442910917,787,779,10,0,769,744,35636,18,0,0,18,35
2020-11-05,US,Indiana,Allen,10442,243,0,41.09194313,-85.06800636,18003.0,2752.973248018054,2.327140394560429,10199,10191,241,0,9950,9919,375351,251,2,0,249,272
2020-11-05,US,Indiana,Bartholomew,1728,59,0,39.20744865,-85.89558181,18005.0,2062.5693789613147,3.414351851851852,1669,1685,59,0,1626,1656,82753,43,0,0,43,29
2020-11-05,US,Indiana,Benton,132,1,0,40.60626947,-87.31093999,18007.0,1508.9163237311386,0.7575757575757576,131,131,1,0,130,127,8653,1,0,0,1,4
2020-11-05,US,Indiana,Blackford,304,6,0,40.47388153,-85.32499702,18009.0,2585.473720020412,1.973684210526316,298,297,6,0,291,290,11930,7,0,0,7,7
2020-11-05,US,Indiana,Boone,1534,51,0,40.0509304,-86.46841646,18011.0,2261.102840381469,3.3246414602346808,1483,1497,51,0,1446,1458,66999,37,0,0,37,39
2020-11-05,US,Indiana,Brown,172,3,0,39.19605589,-86.22868909,18013.0,1139.6766498807315,1.7441860465116281,169,167,3,0,164,166,15234,5,0,0,5,1
2020-11-05,US,Indiana,Carroll,439,13,0,40.580783200000006,-86.56198812,18015.0,2167.152095571901,2.9612756264236904,426,422,13,0,409,408,20127,17,0,0,17,14
2020-11-05,US,Indiana,Cass,2513,26,0,40.76135835,-86.34830753,18017.0,6667.727984292499,1.0346199761241544,2487,2462,26,0,2436,2423,37955,51,0,0,51,39
2020-11-05,US,Indiana,Clark,3486,67,0,38.48015445,-85.70510334,18019.0,2946.695744788761,1.9219736087205967,3419,3427,67,0,3360,3380,117360,59,0,0,59,47
2020-11-05,US,Indiana,Clay,603,16,0,39.39561833,-87.11723506,18021.0,2299.332697807436,2.6533996683250414,587,578,12,0,566,573,26170,25,4,0,21,5
2020-11-05,US,Indiana,Clinton,1175,17,0,40.30319754,-86.47277257,18023.0,3626.6551436772734,1.4468085106382982,1158,1128,16,0,1112,1101,32250,47,1,0,46,27
2020-11-05,US,Indiana,Crawford,192,1,0,38.28814402,-86.44518825,18025.0,1815.2595253852692,0.5208333333333334,191,186,1,0,185,181,10558,6,0,0,6,5
2020-11-05,US,Indiana,Daviess,1067,37,0,38.70186039,-87.07185406,18027.0,3199.304368684597,3.4676663542642925,1030,1056,36,0,1020,1044,33147,11,1,0,10,12
2020-11-05,US,Indiana,DeKalb,1023,14,0,41.39804622,-84.99906934,18033.0,2353.076480736055,1.3685239491691104,1009,989,13,0,976,958,43226,34,1,0,33,31
2020-11-05,US,Indiana,Dearborn,1246,29,0,39.14647946,-84.97333539,18029.0,2519.309312952404,2.3274478330658104,1217,1206,29,0,1177,1187,49568,40,0,0,40,19
2020-11-05,US,Indiana,Decatur,704,39,0,39.30712658,-85.50087166,18031.0,2650.702210173576,5.539772727272728,665,673,39,0,634,643,26794,31,0,0,31,30
2020-11-05,US,Indiana,Delaware,3546,86,0,40.22787247,-85.39732772,18035.0,3106.847154685241,2.4252679075014103,3460,3501,86,0,3415,3458,114772,45,0,0,45,43
2020-11-05,US,Indiana,Dubois,1759,29,0,38.36597551,-86.87924170000002,18037.0,4115.967802321228,1.648664013644116,1730,1723,28,0,1695,1675,42565,36,1,0,35,48
2020-11-05,US,Indiana,Elkhart,11186,157,0,41.59761169,-85.85875695,18039.0,5421.12328621069,1.4035401394600393,11029,10968,156,0,10812,10739,205560,218,1,0,217,229
2020-11-05,US,Indiana,Fayette,1038,26,0,39.63684962,-85.17797541,18041.0,4493.117479006147,2.5048169556840083,1012,1007,25,0,982,971,23047,31,1,0,30,36
2020-11-05,US,Indiana,Floyd,2158,71,0,38.32117957,-85.90385377,18043.0,2748.274368966659,3.2900834105653383,2087,2117,70,0,2047,2076,77781,41,1,0,40,41
2020-11-05,US,Indiana,Fountain,441,4,0,40.12361933,-87.24217689,18045.0,2697.907745014071,0.90702947845805,437,428,3,0,425,424,16351,13,1,0,12,4
2020-11-05,US,Indiana,Franklin,426,26,0,39.4142482,-85.06062647,18047.0,1871.869232797258,6.103286384976527,400,421,26,0,395,417,22736,5,0,0,5,4
2020-11-05,US,Indiana,Fulton,477,13,0,41.0469907,-86.26252745,18049.0,2388.1045358966658,2.7253668763102725,464,463,12,0,451,452,20092,14,1,0,13,11
2020-11-05,US,Indiana,Gibson,1111,12,0,38.30393723,-87.58054938,18051.0,3300.751656317775,1.08010801080108,1099,1088,12,0,1076,1066,33452,23,0,0,23,22
2020-11-05,US,Indiana,Grant,1579,43,0,40.51587228,-85.65468702,18053.0,2400.827137405161,2.7232425585813806,1536,1542,42,0,1500,1517,65936,37,1,0,36,25
2020-11-05,US,Indiana,Greene,676,41,0,39.03630547,-86.96223202,18055.0,2117.6618006390577,6.06508875739645,635,664,41,0,623,654,32006,12,0,0,12,10
2020-11-05,US,Indiana,Hamilton,7691,132,0,40.07306535,-86.05244729,18057.0,2275.369736487866,1.7162917696008322,7559,7471,131,0,7340,7283,330086,220,1,0,219,188
2020-11-05,US,Indiana,Hancock,1496,45,0,39.82304555,-85.77566351,18059.0,1913.8266298229453,3.008021390374332,1451,1449,45,0,1404,1409,76351,47,0,0,47,40
2020-11-05,US,Indiana,Harrison,938,24,0,38.19467379,-86.10948271,18061.0,2315.191904233,2.55863539445629,914,929,24,0,905,913,40350,9,0,0,9,16
2020-11-05,US,Indiana,Hendricks,3868,146,0,39.76719009,-86.51037283,18063.0,2271.139268749523,3.774560496380559,3722,3808,143,0,3665,3756,167009,60,3,0,57,52
2020-11-05,US,Indiana,Henry,1674,30,0,39.93029017,-85.39625719,18065.0,3489.5355624114068,1.7921146953405018,1644,1615,30,0,1585,1576,48271,59,0,0,59,39
2020-11-05,US,Indiana,Howard,1946,69,0,40.48527731,-86.11351892,18067.0,2357.5305291723207,3.5457348406988696,1877,1899,69,0,1830,1869,82366,47,0,0,47,30
2020-11-05,US,Indiana,Huntington,607,6,0,40.82907273,-85.48822092,18069.0,1662.10295728368,0.9884678747940692,601,605,6,0,599,577,36240,2,0,0,2,28
2020-11-05,US,Indiana,Jackson,1391,22,0,38.90915820000001,-86.03851889,18071.0,3144.8531572878746,1.5815959741193386,1369,1368,20,0,1348,1350,44111,23,2,0,21,18
2020-11-05,US,Indiana,Jasper,909,6,0,41.02078733,-87.11553319,18073.0,2708.420237172993,0.6600660066006601,903,888,6,0,882,860,33370,21,0,0,21,28
2020-11-05,US,Indiana,Jay,491,7,0,40.43781032,-85.00576229,18075.0,2402.6228224701513,1.4256619144602851,484,473,7,0,466,451,20764,18,0,0,18,22
2020-11-05,US,Indiana,Jefferson,514,6,0,38.78576239,-85.43633383,18077.0,1590.937229169246,1.1673151750972763,508,497,6,0,491,479,32208,17,0,0,17,18
2020-11-05,US,Indiana,Jennings,480,13,0,38.99588883,-85.62710784,18079.0,1730.6652244456463,2.708333333333333,467,472,13,0,459,467,27611,8,0,0,8,5
2020-11-05,US,Indiana,Johnson,3881,152,0,39.48994426,-86.10149107,18081.0,2453.73560856563,3.916516361762433,3729,3791,152,0,3639,3709,156225,90,0,0,90,82
2020-11-05,US,Indiana,Knox,1026,12,0,38.68861576,-87.4194665,18083.0,2803.738317757009,1.1695906432748535,1014,1000,10,0,990,991,36895,26,2,0,24,9
2020-11-05,US,Indiana,Kosciusko,2600,32,0,41.24521668,-85.86312322,18085.0,3272.2513089005242,1.2307692307692308,2568,2555,30,0,2525,2497,79344,45,2,0,43,58
2020-11-05,US,Indiana,LaGrange,951,17,0,41.64232188,-85.42674232,18087.0,2400.666431059726,1.7875920084121977,934,930,17,0,913,915,39330,21,0,0,21,15
2020-11-05,US,Indiana,LaPorte,2877,69,0,41.54366008,-86.74072188,18091.0,2618.120267909144,2.398331595411888,2808,2779,68,0,2711,2745,110007,98,1,0,97,34
2020-11-05,US,Indiana,Lake,17487,387,0,41.41874274,-87.38277575,18089.0,3601.9056917401485,2.2130725681935157,17100,16965,384,0,16581,16748,484411,522,3,0,519,217
2020-11-05,US,Indiana,Lawrence,1181,41,0,38.84112637,-86.48361629,18093.0,2603.0416574829183,3.4716342082980525,1140,1158,40,0,1118,1123,45668,23,1,0,22,35
2020-11-05,US,Indiana,Madison,3080,105,0,40.16143691,-85.71964711,18095.0,2377.111809151881,3.4090909090909087,2975,2973,103,0,2870,2926,129641,107,2,0,105,47
2020-11-05,US,Indiana,Marion,29049,800,0,39.78163624,-86.13826325,18097.0,3011.563558100814,2.7539674343350886,28249,28669,798,0,27871,28276,954670,380,2,0,378,393
2020-11-05,US,Indiana,Marshall,1796,31,0,41.32467367,-86.26185087,18099.0,3882.5716632798653,1.7260579064587973,1765,1777,31,0,1746,1723,46248,19,0,0,19,54
2020-11-05,US,Indiana,Martin,231,0,0,38.7099921,-86.80373186,18101.0,2252.559726962457,0.0,231,222,0,0,222,217,10217,9,0,0,9,5
2020-11-05,US,Indiana,Miami,858,5,0,40.76940965,-86.04525048,18103.0,2415.812591508053,0.5827505827505828,853,833,5,0,828,809,35567,25,0,0,25,24
2020-11-05,US,Indiana,Monroe,3711,41,0,39.16130004,-86.52414358,18105.0,2500.151585585221,1.1048234977095122,3670,3672,40,0,3632,3618,146917,39,1,0,38,54
2020-11-05,US,Indiana,Montgomery,794,22,0,40.04034823,-86.89335024,18107.0,2071.052219729772,2.7707808564231735,772,777,22,0,755,765,38346,17,0,0,17,12
2020-11-05,US,Indiana,Morgan,1198,41,0,39.47899078,-86.44573375,18109.0,1699.5559590858147,3.4223706176961604,1157,1168,41,0,1127,1147,70116,30,0,0,30,21
2020-11-05,US,Indiana,Newton,322,12,0,40.95610449,-87.39635768,18111.0,2302.6315789473683,3.7267080745341614,310,302,12,0,290,294,14011,20,0,0,20,8
2020-11-05,US,Indiana,Noble,1484,35,0,41.39672484,-85.41966713,18113.0,3108.243967828418,2.358490566037736,1449,1466,35,0,1431,1419,47532,18,0,0,18,47
2020-11-05,US,Indiana,Ohio,159,7,0,38.955304999999996,-84.96515993,18115.0,2706.3829787234044,4.402515723270441,152,157,7,0,150,155,5844,2,0,0,2,2
2020-11-05,US,Indiana,Orange,486,26,0,38.54118920000001,-86.49523093,18117.0,2473.786012419831,5.349794238683128,460,472,25,0,447,464,19489,14,1,0,13,8
2020-11-05,US,Indiana,Owen,292,1,0,39.31145587,-86.83900724,18119.0,1403.913649694697,0.3424657534246575,291,277,1,0,276,270,20845,15,0,0,15,7
2020-11-05,US,Indiana,Parke,308,5,0,39.77202286,-87.20375833,18121.0,1818.5038672728347,1.6233766233766234,303,303,5,0,298,293,16927,5,0,0,5,10
2020-11-05,US,Indiana,Perry,578,15,0,38.07809328,-86.63741946,18123.0,3015.285095727477,2.5951557093425603,563,572,15,0,557,534,19102,6,0,0,6,38
2020-11-05,US,Indiana,Pike,401,18,0,38.40112197,-87.23574907,18125.0,3236.742271369764,4.488778054862842,383,398,18,0,380,393,12410,3,0,0,3,5
2020-11-05,US,Indiana,Porter,4561,60,0,41.45986947,-87.06848888,18127.0,2676.815991642653,1.31550098662574,4501,4367,60,0,4307,4311,169594,194,0,0,194,56
2020-11-05,US,Indiana,Posey,902,11,0,38.02097333,-87.86480429,18129.0,3547.4102332166594,1.2195121951219512,891,891,11,0,880,877,25540,11,0,0,11,14
2020-11-05,US,Indiana,Pulaski,226,7,0,41.04166107,-86.69890683,18131.0,1829.5150975471545,3.0973451327433628,219,219,6,0,213,212,12469,7,1,0,6,7
2020-11-05,US,Indiana,Putnam,875,20,0,39.66437981,-86.84517605,18133.0,2328.6140089418773,2.2857142857142856,855,864,20,0,844,858,37779,11,0,0,11,6
2020-11-05,US,Indiana,Randolph,606,12,0,40.15734772,-85.01139319,18135.0,2456.922765051693,1.98019801980198,594,567,12,0,555,543,24851,39,0,0,39,24
2020-11-05,US,Indiana,Ripley,649,10,0,39.10235626,-85.26212744,18137.0,2291.3430306453893,1.5408320493066257,639,615,9,0,606,588,28523,34,1,0,33,27
2020-11-05,US,Indiana,Rush,327,5,0,39.62002287,-85.4655599,18139.0,1972.1367830649533,1.529051987767584,322,321,5,0,316,315,16663,6,0,0,6,6
2020-11-05,US,Indiana,Scott,641,16,0,38.68672078,-85.74627859,18143.0,2685.041678884095,2.49609984399376,625,628,16,0,612,617,23878,13,0,0,13,11
2020-11-05,US,Indiana,Shelby,1139,45,0,39.52305623,-85.79158570000001,18145.0,2546.4463770708044,3.9508340649692713,1094,1099,44,0,1055,1053,44593,40,1,0,39,46
2020-11-05,US,Indiana,Spencer,510,6,0,38.01519732,-87.0079644,18147.0,2515.164965231543,1.1764705882352942,504,501,6,0,495,480,20327,9,0,0,9,21
2020-11-05,US,Indiana,St. Joseph,11314,183,0,41.61756781,-86.29040834,18141.0,4162.221421056117,1.6174650875022096,11131,11137,183,0,10954,10922,270771,177,0,0,177,215
2020-11-05,US,Indiana,Starke,587,11,0,41.27890281,-86.64686895,18149.0,2552.728854098717,1.8739352640545144,576,574,11,0,563,558,22935,13,0,0,13,16
2020-11-05,US,Indiana,Steuben,825,10,0,41.64423868,-85.00101094,18151.0,2384.806613863676,1.2121212121212122,815,796,10,0,786,776,34586,29,0,0,29,20
2020-11-05,US,Indiana,Sullivan,521,14,0,39.08952258,-87.41414469,18153.0,2520.6831486767624,2.687140115163148,507,507,14,0,493,503,20690,14,0,0,14,4
2020-11-05,US,Indiana,Switzerland,128,0,0,38.82767338,-85.03022429,18155.0,1190.586922146777,0.0,128,116,0,0,116,114,10717,12,0,0,12,2
2020-11-05,US,Indiana,Tippecanoe,5003,18,0,40.38872739,-86.89413959,18157.0,2556.0460221118674,0.3597841295222866,4985,4816,17,0,4799,4688,193048,187,1,0,186,128
2020-11-05,US,Indiana,Tipton,330,23,0,40.31123252,-86.05234925,18159.0,2178.5054132558757,6.96969696969697,307,323,23,0,300,313,15128,7,0,0,7,10
2020-11-05,US,Indiana,Unassigned,0,242,0,0.0,0.0,90018.0,0.0,0.0,-242,0,240,0,-240,0,,0,2,0,-2,0
2020-11-05,US,Indiana,Union,151,0,0,39.62550777,-84.92497066,18161.0,2140.6294301105754,0.0,151,145,0,0,145,137,7037,6,0,0,6,8
2020-11-05,US,Indiana,Vanderburgh,6981,84,0,38.02658833,-87.58763124,18163.0,3847.319662057525,1.2032660077352817,6897,6915,82,0,6833,6844,180974,66,2,0,64,71
2020-11-05,US,Indiana,Vermillion,334,2,0,39.8523352,-87.46160542,18165.0,2155.1167892631306,0.5988023952095808,332,327,2,0,325,318,15479,7,0,0,7,9
2020-11-05,US,Indiana,Vigo,3357,52,0,39.42944561,-87.39169027,18167.0,3136.2693622825536,1.5490020851951147,3305,3252,52,0,3200,3201,107386,105,0,0,105,51
2020-11-05,US,Indiana,Wabash,676,12,0,40.84704239,-85.79328272,18169.0,2180.926571170474,1.7751479289940828,664,661,12,0,649,630,31280,15,0,0,15,31
2020-11-05,US,Indiana,Warren,132,1,0,40.34728141,-87.35602659,18171.0,1597.0961887477317,0.7575757575757576,131,126,1,0,125,123,8263,6,0,0,6,3
2020-11-05,US,Indiana,Warrick,2323,67,0,38.08922676,-87.2716085,18173.0,3687.418648211056,2.8842014636246227,2256,2296,67,0,2229,2255,62567,27,0,0,27,41
2020-11-05,US,Indiana,Washington,455,3,0,38.60219804,-86.1049363,18175.0,1622.9133970609216,0.6593406593406593,452,447,3,0,444,438,27943,8,0,0,8,9
2020-11-05,US,Indiana,Wayne,1896,39,0,39.863344399999995,-85.01044989,18177.0,2877.785198227188,2.056962025316456,1857,1823,39,0,1784,1784,65936,73,0,0,73,39
2020-11-05,US,Indiana,Wells,608,15,0,40.72934187,-85.22132966,18179.0,2148.713599095279,2.4671052631578947,593,585,14,0,571,573,28206,23,1,0,22,12
2020-11-05,US,Indiana,White,751,17,0,40.74911165,-86.86492015,18181.0,3115.9239897103976,2.2636484687083893,734,741,16,0,725,711,24133,10,1,0,9,30
2020-11-05,US,Indiana,Whitley,659,6,0,41.13863784,-85.50791236,18183.0,1940.2897185254972,0.9104704097116844,653,619,6,0,613,596,34074,40,0,0,40,23
2020-11-05,US,Iowa,Adair,257,3,0,41.33075609,-94.47105874,19001.0,3593.400447427293,1.1673151750972763,254,251,2,0,249,250,7063,6,1,0,5,1
2020-11-05,US,Iowa,Adams,93,1,0,41.02903567,-94.69932645,19003.0,2581.8989450305385,1.075268817204301,92,91,1,0,90,91,3645,2,0,0,2,0
2020-11-05,US,Iowa,Allamakee,474,9,0,43.28383218,-91.37860922,19005.0,3463.1402060349237,1.8987341772151896,465,455,9,0,446,449,13832,19,0,0,19,6
2020-11-05,US,Iowa,Appanoose,346,3,0,40.74324454,-92.86865906,19007.0,2784.484146145179,0.8670520231213873,343,315,3,0,312,297,12437,31,0,0,31,18
2020-11-05,US,Iowa,Audubon,217,1,0,41.6844628,-94.90581859,19009.0,3948.326055312955,0.4608294930875576,216,212,1,0,211,206,5506,5,0,0,5,6
2020-11-05,US,Iowa,Benton,845,6,0,42.08011739,-92.06463573,19011.0,3294.9892766621165,0.7100591715976331,839,785,6,0,779,756,25642,60,0,0,60,29
2020-11-05,US,Iowa,Black Hawk,7053,107,0,42.4704581,-92.30524729,19013.0,5374.6151735910025,1.517084928399263,6946,6793,106,0,6687,6652,132408,260,1,0,259,141
2020-11-05,US,Iowa,Boone,859,10,0,42.03657094,-93.9313999,19015.0,3274.3767629793397,1.1641443538998837,849,834,10,0,824,816,26346,25,0,0,25,18
2020-11-05,US,Iowa,Bremer,942,10,0,42.77461496,-92.31795937,19017.0,3758.6784773761074,1.0615711252653928,932,889,10,0,879,852,24947,53,0,0,53,37
2020-11-05,US,Iowa,Buchanan,621,5,0,42.4709188,-91.83510825,19019.0,2932.7036599763874,0.8051529790660226,616,594,5,0,589,576,21199,27,0,0,27,18
2020-11-05,US,Iowa,Buena Vista,2432,12,0,42.73545875,-95.15100162,19021.0,12395.514780835882,0.4934210526315789,2420,2395,12,0,2383,2374,19874,37,0,0,37,21
2020-11-05,US,Iowa,Butler,502,3,0,42.73172833,-92.79015971,19023.0,3476.6950619849017,0.5976095617529881,499,483,3,0,480,466,14539,19,0,0,19,17
2020-11-05,US,Iowa,Calhoun,413,5,0,42.38521079,-94.64046046,19025.0,4271.824575920563,1.2106537530266344,408,396,5,0,391,376,9699,17,0,0,17,20
2020-11-05,US,Iowa,Carroll,1353,13,0,42.03617207,-94.86032705,19027.0,6709.645425241755,0.9608277900960828,1340,1324,13,0,1311,1292,20154,29,0,0,29,32
2020-11-05,US,Iowa,Cass,544,7,0,41.33149454,-94.92792482,19029.0,4238.0803988781545,1.286764705882353,537,531,7,0,524,511,12930,13,0,0,13,20
2020-11-05,US,Iowa,Cedar,602,8,0,41.77233777,-91.13246684,19031.0,3231.867718902668,1.32890365448505,594,575,8,0,567,560,18627,27,0,0,27,15
2020-11-05,US,Iowa,Cerro Gordo,1826,29,0,43.08177563,-93.2612239,19033.0,4301.531213191991,1.588170865279299,1797,1722,27,0,1695,1681,42647,104,2,0,102,41
2020-11-05,US,Iowa,Cherokee,498,3,0,42.73538914,-95.62389402,19035.0,4432.576769025367,0.6024096385542169,495,474,3,0,471,465,11321,24,0,0,24,9
2020-11-05,US,Iowa,Chickasaw,435,1,0,43.06001295,-92.31773347,19037.0,3645.353222157044,0.2298850574712644,434,426,1,0,425,415,11964,9,0,0,9,11
2020-11-05,US,Iowa,Clarke,386,3,0,41.02868181,-93.78499767,19039.0,4108.568387440128,0.7772020725388601,383,375,3,0,372,374,9423,11,0,0,11,1
2020-11-05,US,Iowa,Clay,660,4,0,43.08247182,-95.15096481,19041.0,4120.879120879121,0.6060606060606061,656,624,4,0,620,608,16134,36,0,0,36,16
2020-11-05,US,Iowa,Clayton,650,3,0,42.84443388,-91.34133693,19043.0,3703.914752977377,0.4615384615384616,647,621,3,0,618,612,17556,29,0,0,29,9
2020-11-05,US,Iowa,Clinton,1812,30,0,41.89981633,-90.53275096,19045.0,3902.733205539641,1.6556291390728477,1782,1729,30,0,1699,1701,46518,83,0,0,83,28
2020-11-05,US,Iowa,Crawford,1473,15,0,42.03718237,-95.3819718,19047.0,8757.43162901308,1.0183299389002036,1458,1455,15,0,1440,1437,17158,18,0,0,18,18
2020-11-05,US,Iowa,Dallas,4051,51,0,41.68560356,-94.04127625,19049.0,4334.799310883545,1.258948407800543,4000,3924,50,0,3874,3828,90180,127,1,0,126,96
2020-11-05,US,Iowa,Davis,237,4,0,40.74773536,-92.41005468,19051.0,2633.333333333333,1.6877637130801688,233,227,4,0,223,222,9017,10,0,0,10,5
2020-11-05,US,Iowa,Decatur,207,0,0,40.73742757,-93.78645949,19053.0,2630.241423125794,0.0,207,203,0,0,203,186,7890,4,0,0,4,17
2020-11-05,US,Iowa,Delaware,964,16,0,42.47104597,-91.3664492,19055.0,5666.921403797543,1.6597510373443984,948,933,16,0,917,924,17069,31,0,0,31,9
2020-11-05,US,Iowa,Des Moines,1827,13,0,40.92012606,-91.18326592,19057.0,4688.582646855031,0.7115489874110563,1814,1745,13,0,1732,1652,39138,82,0,0,82,93
2020-11-05,US,Iowa,Dickinson,898,9,0,43.37787725,-95.1510206,19059.0,5203.383937883878,1.0022271714922049,889,873,9,0,864,854,17153,25,0,0,25,19
2020-11-05,US,Iowa,Dubuque,6309,66,0,42.46815349,-90.88181925,19061.0,6483.3369300490185,1.0461245839277222,6243,6125,65,0,6060,6026,96854,184,1,0,183,99
2020-11-05,US,Iowa,Emmet,495,21,0,43.37782951,-94.67858943,19063.0,5375.760208514334,4.242424242424242,474,486,21,0,465,478,9253,9,0,0,9,8
2020-11-05,US,Iowa,Fayette,526,6,0,42.86271799,-91.84412309999999,19065.0,2676.844783715013,1.1406844106463878,520,510,6,0,504,486,19660,16,0,0,16,24
2020-11-05,US,Iowa,Floyd,534,11,0,43.06000529999999,-92.78940097,19067.0,3413.885692366705,2.059925093632959,523,513,11,0,502,502,15761,21,0,0,21,11
2020-11-05,US,Iowa,Franklin,438,18,0,42.73270384,-93.26256925,19069.0,4349.553128103277,4.109589041095891,420,429,18,0,411,418,10124,9,0,0,9,11
2020-11-05,US,Iowa,Fremont,239,2,0,40.74542720000001,-95.60129045,19071.0,3433.9080459770116,0.8368200836820083,237,234,2,0,232,230,6993,5,0,0,5,4
2020-11-05,US,Iowa,Greene,236,0,0,42.03614551,-94.39658081,19073.0,2655.265526552655,0.0,236,225,0,0,225,218,8981,11,0,0,11,7
2020-11-05,US,Iowa,Grundy,428,6,0,42.40183723,-92.78829551,19075.0,3499.018966644866,1.4018691588785046,422,406,6,0,400,390,12304,22,0,0,22,16
2020-11-05,US,Iowa,Guthrie,475,15,0,41.68378965,-94.50111014,19077.0,4443.820750304051,3.1578947368421053,460,467,15,0,452,453,10720,8,0,0,8,14
2020-11-05,US,Iowa,Hamilton,533,6,0,42.38382428,-93.70197703,19079.0,3607.933391998917,1.125703564727955,527,526,6,0,520,519,14952,7,0,0,7,7
2020-11-05,US,Iowa,Hancock,485,6,0,43.08178477,-93.73454884,19081.0,4562.558795860771,1.2371134020618555,479,463,6,0,457,436,10712,22,0,0,22,27
2020-11-05,US,Iowa,Hardin,627,7,0,42.38353877,-93.23654611,19083.0,3721.951798646563,1.116427432216906,620,609,7,0,602,584,16868,18,0,0,18,25
2020-11-05,US,Iowa,Harrison,786,20,0,41.68330137,-95.81558439,19085.0,5594.70424941277,2.544529262086514,766,767,19,0,748,754,14134,19,1,0,18,13
2020-11-05,US,Iowa,Henry,1252,6,0,40.98767962,-91.54436349,19087.0,6274.431191741003,0.4792332268370607,1246,1226,6,0,1220,1198,20067,26,0,0,26,28
2020-11-05,US,Iowa,Howard,311,9,0,43.35671042,-92.31702714,19089.0,3395.937977724394,2.893890675241157,302,303,9,0,294,299,9187,8,0,0,8,4
2020-11-05,US,Iowa,Humboldt,440,3,0,42.7764426,-94.20722537,19091.0,4603.473530027202,0.6818181818181818,437,426,3,0,423,415,9547,14,0,0,14,11
2020-11-05,US,Iowa,Ida,288,3,0,42.38696136,-95.51355387,19093.0,4198.250728862974,1.0416666666666667,285,266,2,0,264,261,6841,22,1,0,21,5
2020-11-05,US,Iowa,Iowa,541,11,0,41.68630265,-92.0643373,19095.0,3342.807711319822,2.033271719038817,530,516,11,0,505,505,16141,25,0,0,25,11
2020-11-05,US,Iowa,Jackson,881,5,0,42.17178824,-90.57354837,19097.0,4532.126138175832,0.5675368898978433,876,830,5,0,825,808,19432,51,0,0,51,22
2020-11-05,US,Iowa,Jasper,1436,34,0,41.68576082,-93.05567785,19099.0,3861.772219981175,2.367688022284123,1402,1379,34,0,1345,1351,37147,57,0,0,57,28
2020-11-05,US,Iowa,Jefferson,323,1,0,41.03192394,-91.94849466,19101.0,1765.5097021044,0.30959752321981426,322,308,1,0,307,294,18381,15,0,0,15,14
2020-11-05,US,Iowa,Johnson,6607,33,0,41.67169354,-91.58754744,19103.0,4371.443694587801,0.4994702588164068,6574,6451,33,0,6418,6368,151260,156,0,0,156,83
2020-11-05,US,Iowa,Jones,1159,4,0,42.12118609,-91.13139641,19105.0,5604.177747691118,0.3451251078515962,1155,661,4,0,657,645,20744,498,0,0,498,16
2020-11-05,US,Iowa,Keokuk,261,1,0,41.33649833,-92.1785067,19107.0,2547.3355455787623,0.3831417624521073,260,246,1,0,245,231,10225,15,0,0,15,15
2020-11-05,US,Iowa,Kossuth,563,1,0,43.20405458,-94.20691791,19109.0,3800.715587659488,0.17761989342806395,562,550,1,0,549,536,14908,13,0,0,13,14
2020-11-05,US,Iowa,Lee,1199,13,0,40.64181461,-91.48183025,19111.0,3562.409008527201,1.0842368640533775,1186,1148,13,0,1135,1122,34055,51,0,0,51,26
2020-11-05,US,Iowa,Linn,7675,137,0,42.07923082,-91.59809485,19113.0,3385.4419380166387,1.7850162866449508,7538,7238,137,0,7101,7041,225909,437,0,0,437,197
2020-11-05,US,Iowa,Louisa,596,15,0,41.21842119,-91.26102611,19115.0,5400.996828273674,2.5167785234899327,581,582,15,0,567,565,11169,14,0,0,14,17
2020-11-05,US,Iowa,Lucas,238,6,0,41.02958964,-93.32780803,19117.0,2767.4418604651164,2.5210084033613445,232,228,6,0,222,226,8645,10,0,0,10,2
2020-11-05,US,Iowa,Lyon,623,8,0,43.38107862,-96.20926845,19119.0,5299.8723947256485,1.2841091492776886,615,610,8,0,602,607,11811,13,0,0,13,3
2020-11-05,US,Iowa,Madison,425,4,0,41.33081904,-94.01554631,19121.0,2601.297588444118,0.9411764705882352,421,412,3,0,409,405,16249,13,1,0,12,7
2020-11-05,US,Iowa,Mahaska,848,25,0,41.33521503,-92.64083907,19123.0,3837.972391943879,2.94811320754717,823,821,25,0,796,805,22000,27,0,0,27,16
2020-11-05,US,Iowa,Marion,1267,12,0,41.33445101,-93.09934783,19125.0,3810.1825399212103,0.947119179163378,1255,1210,12,0,1198,1179,33407,57,0,0,57,31
2020-11-05,US,Iowa,Marshall,2418,37,0,42.03586837,-92.99908190000001,19127.0,6141.888287739084,1.5301902398676592,2381,2354,37,0,2317,2318,39981,64,0,0,64,36
2020-11-05,US,Iowa,Mills,536,3,0,41.03299766,-95.61920963,19129.0,3547.554437752333,0.5597014925373134,533,500,3,0,497,491,15063,36,0,0,36,9
2020-11-05,US,Iowa,Mitchell,367,2,0,43.35638371,-92.78887719,19131.0,3466.8430001889287,0.5449591280653951,365,344,2,0,342,331,10569,23,0,0,23,13
2020-11-05,US,Iowa,Monona,283,2,0,42.05220391,-95.95743843,19133.0,3284.9680789320946,0.7067137809187279,281,280,2,0,278,278,8679,3,0,0,3,2
2020-11-05,US,Iowa,Monroe,293,12,0,41.02988815,-92.8690667,19135.0,3801.738679122876,4.09556313993174,281,289,12,0,277,281,7790,4,0,0,4,8
2020-11-05,US,Iowa,Montgomery,239,7,0,41.03018714,-95.15642896,19137.0,2410.0030251084,2.928870292887029,232,230,7,0,223,216,10003,9,0,0,9,14
2020-11-05,US,Iowa,Muscatine,1715,59,0,41.48370744,-91.11216970000001,19139.0,4019.782486405401,3.440233236151604,1656,1657,59,0,1598,1649,42929,58,0,0,58,8
2020-11-05,US,Iowa,O'Brien,895,18,0,43.08310673,-95.62474482,19141.0,6507.671053588309,2.011173184357542,877,861,16,0,845,837,13840,34,2,0,32,24
2020-11-05,US,Iowa,Osceola,334,0,0,43.37824276,-95.62422844,19143.0,5605.908022826451,0.0,334,325,0,0,325,322,6040,9,0,0,9,3
2020-11-05,US,Iowa,Page,574,0,0,40.7393172,-95.1497813,19145.0,3799.563116436089,0.0,574,524,0,0,524,461,15249,50,0,0,50,63
2020-11-05,US,Iowa,Palo Alto,378,2,0,43.08193849,-94.67824621,19147.0,4253.8825118163395,0.5291005291005291,376,370,2,0,368,358,8929,8,0,0,8,12
2020-11-05,US,Iowa,Plymouth,1970,33,0,42.737633,-96.21366621,19149.0,7824.601819120626,1.6751269035532994,1937,1917,33,0,1884,1869,25095,53,0,0,53,48
2020-11-05,US,Iowa,Pocahontas,312,2,0,42.73420133,-94.67862564,19151.0,4713.702976280405,0.6410256410256411,310,298,2,0,296,284,6740,14,0,0,14,14
2020-11-05,US,Iowa,Polk,21980,296,0,41.68679484,-93.57767461,19153.0,4484.2408922782515,1.3466787989080982,21684,21391,296,0,21095,21034,487204,589,0,0,589,357
2020-11-05,US,Iowa,Pottawattamie,3799,47,0,41.33640314,-95.53907776,19155.0,4075.9178593652773,1.2371676757041328,3752,3697,47,0,3650,3611,93533,102,0,0,102,86
2020-11-05,US,Iowa,Poweshiek,584,11,0,41.68625425,-92.53155731,19157.0,3156.0743623000426,1.8835616438356164,573,564,11,0,553,546,18699,20,0,0,20,18
2020-11-05,US,Iowa,Ringgold,115,2,0,40.73518949,-94.24368535,19159.0,2349.8161013485897,1.7391304347826086,113,112,2,0,110,110,4968,3,0,0,3,2
2020-11-05,US,Iowa,Sac,488,5,0,42.38624071,-95.10547892,19161.0,5020.059664643555,1.024590163934426,483,470,5,0,465,456,9719,18,0,0,18,14
2020-11-05,US,Iowa,Scott,5877,51,0,41.63935978,-90.61959493,19163.0,3398.22947445112,0.8677896886166412,5826,5521,51,0,5470,5415,173283,356,0,0,356,106
2020-11-05,US,Iowa,Shelby,469,2,0,41.6850066,-95.31015553,19165.0,4094.6394272743146,0.4264392324093816,467,458,2,0,456,441,11578,11,0,0,11,17
2020-11-05,US,Iowa,Sioux,2813,20,0,43.08221074,-96.17675679999999,19167.0,8070.578109309999,0.7109847138286527,2793,2737,20,0,2717,2701,34909,76,0,0,76,36
2020-11-05,US,Iowa,Story,4532,18,0,42.03621213,-93.46499005,19169.0,4666.5362397932395,0.3971756398940865,4514,4417,18,0,4399,4351,98105,115,0,0,115,66
2020-11-05,US,Iowa,Tama,1116,38,0,42.07991767,-92.53266945,19171.0,6621.573513705946,3.4050179211469533,1078,1088,38,0,1050,1081,16904,28,0,0,28,7
2020-11-05,US,Iowa,Taylor,294,2,0,40.73710579,-94.69778563,19173.0,4803.136742362359,0.6802721088435374,292,288,2,0,286,278,6191,6,0,0,6,10
2020-11-05,US,Iowa,Unassigned,123,0,0,0.0,0.0,90019.0,0.0,0.0,123,100,0,0,100,66,,23,0,0,23,34
2020-11-05,US,Iowa,Union,322,6,0,41.0277278,-94.24234847,19175.0,2630.504043787272,1.8633540372670807,316,314,6,0,308,299,12359,8,0,0,8,15
2020-11-05,US,Iowa,Van Buren,225,2,0,40.75326764,-91.95017958,19177.0,3194.2078364565587,0.8888888888888888,223,218,2,0,216,209,7020,7,0,0,7,9
2020-11-05,US,Iowa,Wapello,1749,64,0,41.03064984,-92.40954728,19179.0,5001.572821642026,3.659233847913093,1685,1706,64,0,1642,1680,35205,43,0,0,43,26
2020-11-05,US,Iowa,Warren,1554,9,0,41.33559454,-93.56007641,19181.0,3019.4691641083427,0.5791505791505791,1545,1497,8,0,1489,1462,51056,57,1,0,56,35
2020-11-05,US,Iowa,Washington,810,12,0,41.33577126,-91.71725711,19183.0,3687.684953334851,1.4814814814814814,798,787,12,0,775,769,22141,23,0,0,23,18
2020-11-05,US,Iowa,Wayne,203,4,0,40.73969028,-93.32752197,19185.0,3151.6845210371057,1.9704433497536944,199,198,4,0,194,194,6401,5,0,0,5,4
2020-11-05,US,Iowa,Webster,2254,17,0,42.42853483,-94.17987389,19187.0,6277.852049910874,0.7542147293700089,2237,2176,16,0,2160,2113,36277,78,1,0,77,63
2020-11-05,US,Iowa,Winnebago,585,20,0,43.37751174,-93.73407298,19189.0,5649.9903418968515,3.418803418803418,565,567,20,0,547,561,10518,18,0,0,18,6
2020-11-05,US,Iowa,Winneshiek,581,9,0,43.29094334,-91.84422722,19191.0,2906.307838527337,1.5490533562822721,572,565,9,0,556,557,20029,16,0,0,16,8
2020-11-05,US,Iowa,Woodbury,8124,102,0,42.38979414,-96.0459439,19193.0,7879.193459221971,1.2555391432791727,8022,7953,102,0,7851,7858,102539,171,0,0,171,95
2020-11-05,US,Iowa,Worth,185,0,0,43.37750768,-93.26087602,19195.0,2506.435442351985,0.0,185,175,0,0,175,171,7453,10,0,0,10,4
2020-11-05,US,Iowa,Wright,874,1,0,42.73305373,-93.73515113,19197.0,6957.490845406784,0.11441647597254005,873,841,1,0,840,830,12690,33,0,0,33,11
2020-11-05,US,Kansas,Allen,143,1,0,37.88582951,-95.30030847,20001.0,1156.1160966933462,0.6993006993006993,142,143,1,0,142,112,12444,0,0,0,0,31
2020-11-05,US,Kansas,Anderson,241,0,0,38.21413251,-95.29272815,20003.0,3066.938152201578,0.0,241,241,0,0,241,219,7878,0,0,0,0,22
2020-11-05,US,Kansas,Atchison,537,6,0,39.53185661,-95.30870026,20005.0,3341.0066571268585,1.11731843575419,531,537,6,0,531,537,16193,0,0,0,0,0
2020-11-05,US,Kansas,Barber,69,0,0,37.2288586,-98.68460053,20007.0,1558.6175739778628,0.0,69,69,0,0,69,69,4472,0,0,0,0,0
2020-11-05,US,Kansas,Barton,934,7,0,38.47889676,-98.75636726,20009.0,3623.104076961869,0.7494646680942184,927,803,7,0,796,803,26111,131,0,0,131,0
2020-11-05,US,Kansas,Bourbon,331,3,0,37.85508555,-94.84865997,20011.0,2277.4184670427962,0.9063444108761328,328,331,3,0,328,306,14653,0,0,0,0,25
2020-11-05,US,Kansas,Brown,280,6,0,39.82652589,-95.56421698,20013.0,2927.645336679214,2.142857142857143,274,280,6,0,274,280,9598,0,0,0,0,0
2020-11-05,US,Kansas,Butler,1116,3,0,37.78134351,-96.83878537,20015.0,1667.8871934360568,0.26881720430107525,1113,1116,3,0,1113,1042,66765,0,0,0,0,74
2020-11-05,US,Kansas,Chase,118,3,0,38.30292938,-96.59563862,20017.0,4456.19335347432,2.5423728813559316,115,118,3,0,115,107,2629,0,0,0,0,11
2020-11-05,US,Kansas,Chautauqua,24,0,0,37.14994405,-96.2454192,20019.0,738.4615384615387,0.0,24,24,0,0,24,24,3309,0,0,0,0,0
2020-11-05,US,Kansas,Cherokee,772,7,0,37.16928494,-94.8462897,20021.0,3871.809017503385,0.9067357512953368,765,749,7,0,742,749,20015,23,0,0,23,0
2020-11-05,US,Kansas,Cheyenne,131,6,0,39.78580976,-101.7318201,20023.0,4930.372600677456,4.580152671755725,125,131,6,0,125,124,2660,0,0,0,0,7
2020-11-05,US,Kansas,Clark,69,4,0,37.23577007,-99.81883015,20025.0,3460.3811434302906,5.797101449275362,65,69,4,0,65,68,2005,0,0,0,0,1
2020-11-05,US,Kansas,Clay,168,3,0,39.34948772,-97.16518128,20027.0,2099.475131217196,1.7857142857142858,165,168,3,0,165,135,7997,0,0,0,0,33
2020-11-05,US,Kansas,Cloud,216,1,0,39.48028352,-97.64925343,20029.0,2458.456635556567,0.462962962962963,215,216,1,0,215,193,8729,0,0,0,0,23
2020-11-05,US,Kansas,Coffey,181,9,0,38.2365018,-95.73379515,20031.0,2212.9844724293926,4.972375690607736,172,181,9,0,172,173,8233,0,0,0,0,8
2020-11-05,US,Kansas,Comanche,22,0,0,37.19114520000001,-99.27113247,20033.0,1294.1176470588236,0.0,22,22,0,0,22,22,1748,0,0,0,0,0
2020-11-05,US,Kansas,Cowley,601,10,0,37.23781842,-96.83776647,20035.0,1721.6683854703792,1.6638935108153081,591,601,10,0,591,576,35218,0,0,0,0,25
2020-11-05,US,Kansas,Crawford,1608,14,0,37.50675523,-94.85245778,20037.0,4142.408161162347,0.8706467661691543,1594,1530,14,0,1516,1530,39019,78,0,0,78,0
2020-11-05,US,Kansas,Decatur,153,1,0,39.78468441,-100.45940809999999,20039.0,5412.097629996461,0.6535947712418301,152,147,1,0,146,147,2871,6,0,0,6,0
2020-11-05,US,Kansas,Dickinson,413,5,0,38.86600962,-97.15532383,20041.0,2236.5428354814253,1.2106537530266344,408,413,5,0,408,380,18717,0,0,0,0,33
2020-11-05,US,Kansas,Doniphan,227,1,0,39.79067154,-95.14056866,20043.0,2986.842105263158,0.4405286343612335,226,227,1,0,226,227,7682,0,0,0,0,0
2020-11-05,US,Kansas,Douglas,3199,19,0,38.88503636,-95.2925121,20045.0,2616.5762847724914,0.5939356048765239,3180,3119,19,0,3100,3054,121436,80,0,0,80,65
2020-11-05,US,Kansas,Edwards,90,0,0,37.88735543,-99.31263309,20047.0,3216.583273766977,0.0,90,90,0,0,90,83,2849,0,0,0,0,7
2020-11-05,US,Kansas,Elk,13,0,0,37.45338105,-96.24369667,20049.0,513.8339920948616,0.0,13,13,0,0,13,13,2508,0,0,0,0,0
2020-11-05,US,Kansas,Ellis,1512,18,0,38.91458712,-99.31751551,20051.0,5295.415543025251,1.1904761904761905,1494,1512,18,0,1494,1483,28710,0,0,0,0,29
2020-11-05,US,Kansas,Ellsworth,402,1,0,38.69677695,-98.20462799,20053.0,6588.003933136676,0.24875621890547264,401,402,1,0,401,400,6196,0,0,0,0,2
2020-11-05,US,Kansas,Finney,3396,20,0,38.04340344,-100.73819379999999,20055.0,9312.529135931116,0.5889281507656066,3376,3349,20,0,3329,3233,36611,47,0,0,47,116
2020-11-05,US,Kansas,Ford,3410,13,0,37.69200114,-99.88825298,20057.0,10143.073857045125,0.3812316715542522,3397,3410,13,0,3397,3345,33888,0,0,0,0,65
2020-11-05,US,Kansas,Franklin,646,5,0,38.56443815,-95.28644341,20059.0,2528.9696210460384,0.7739938080495357,641,619,5,0,614,619,25631,27,0,0,27,0
2020-11-05,US,Kansas,Geary,433,4,0,38.99871131,-96.7577178,20061.0,1367.224502683928,0.9237875288683602,429,426,4,0,422,419,32594,7,0,0,7,7
2020-11-05,US,Kansas,Gove,213,18,0,38.91588178,-100.4829321,20063.0,8080.424886191197,8.450704225352112,195,213,18,0,195,202,2612,0,0,0,0,11
2020-11-05,US,Kansas,Graham,62,1,0,39.34987223,-99.88332493,20065.0,2497.9854955680903,1.6129032258064515,61,62,1,0,61,58,2492,0,0,0,0,4
2020-11-05,US,Kansas,Grant,501,8,0,37.56227336,-101.3079758,20067.0,7006.993006993007,1.5968063872255491,493,486,8,0,478,486,7336,15,0,0,15,0
2020-11-05,US,Kansas,Gray,211,2,0,37.73836671,-100.4369088,20069.0,3523.714094856379,0.9478672985781992,209,211,2,0,209,211,6033,0,0,0,0,0
2020-11-05,US,Kansas,Greeley,51,0,0,38.4808095,-101.8061079,20071.0,4139.61038961039,0.0,51,51,0,0,51,34,1227,0,0,0,0,17
2020-11-05,US,Kansas,Greenwood,130,0,0,37.8774388,-96.23250453,20073.0,2173.186225342695,0.0,130,130,0,0,130,108,6055,0,0,0,0,22
2020-11-05,US,Kansas,Hamilton,64,0,0,37.99978709,-101.7921066,20075.0,2520.677432059866,0.0,64,64,0,0,64,64,2607,0,0,0,0,0
2020-11-05,US,Kansas,Harper,178,3,0,37.19175361,-98.07578384,20077.0,3274.466519499632,1.6853932584269662,175,178,3,0,175,169,5506,0,0,0,0,9
2020-11-05,US,Kansas,Harvey,749,8,0,38.04293782,-97.42747573,20079.0,2175.4915913909786,1.068090787716956,741,716,8,0,708,716,34210,33,0,0,33,0
2020-11-05,US,Kansas,Haskell,181,1,0,37.562039399999996,-100.8710738,20081.0,4561.491935483871,0.5524861878453039,180,181,1,0,180,103,3997,0,0,0,0,78
2020-11-05,US,Kansas,Hodgeman,59,0,0,38.08780079,-99.89829881,20083.0,3288.7402452619845,0.0,59,59,0,0,59,53,1818,0,0,0,0,6
2020-11-05,US,Kansas,Jackson,371,4,0,39.41673394,-95.79356799,20085.0,2816.7944727051868,1.0781671159029649,367,355,4,0,351,355,13280,16,0,0,16,0
2020-11-05,US,Kansas,Jefferson,342,6,0,39.2347941,-95.38289232,20087.0,1795.9355143622327,1.7543859649122806,336,342,6,0,336,326,18975,0,0,0,0,16
2020-11-05,US,Kansas,Jewell,31,1,0,39.78470589,-98.21820662,20089.0,1076.7627648489058,3.2258064516129035,30,31,1,0,30,31,2841,0,0,0,0,0
2020-11-05,US,Kansas,Johnson,16034,226,0,38.88548175,-94.82250877,20091.0,2661.682168522297,1.4095048022951229,15808,15668,222,0,15446,15414,597555,366,4,0,362,254
2020-11-05,US,Kansas,Kearny,162,6,0,38.00017981,-101.32168100000001,20093.0,4220.948410630537,3.703703703703704,156,162,6,0,156,159,3943,0,0,0,0,3
2020-11-05,US,Kansas,Kingman,144,3,0,37.55909527,-98.13638678,20095.0,2013.4228187919464,2.083333333333333,141,144,3,0,141,144,7310,0,0,0,0,0
2020-11-05,US,Kansas,Kiowa,69,0,0,37.55848695,-99.2856537,20097.0,2787.878787878788,0.0,69,69,0,0,69,69,2516,0,0,0,0,0
2020-11-05,US,Kansas,Labette,452,6,0,37.19113093,-95.29849679,20099.0,2304.0065246202466,1.327433628318584,446,435,6,0,429,432,19964,17,0,0,17,3
2020-11-05,US,Kansas,Lane,35,0,0,38.48119447,-100.46607540000001,20101.0,2280.130293159609,0.0,35,35,0,0,35,33,1560,0,0,0,0,2
2020-11-05,US,Kansas,Leavenworth,2695,21,0,39.20183497,-95.03620809,20103.0,3296.313510604467,0.7792207792207793,2674,2695,21,0,2674,2651,81352,0,0,0,0,44
2020-11-05,US,Kansas,Lincoln,23,1,0,39.04549684,-98.20756994,20105.0,776.5023632680621,4.3478260869565215,22,23,1,0,22,23,3023,0,0,0,0,0
2020-11-05,US,Kansas,Linn,138,1,0,38.21267844,-94.84254089,20107.0,1422.2405441615995,0.7246376811594203,137,138,1,0,137,127,9750,0,0,0,0,11
2020-11-05,US,Kansas,Logan,133,0,0,38.91735806,-101.148475,20109.0,4760.200429491768,0.0,133,133,0,0,133,68,2844,0,0,0,0,65
2020-11-05,US,Kansas,Lyon,1518,41,0,38.45576156,-96.15275715,20111.0,4572.9778581111605,2.700922266139657,1477,1453,41,0,1412,1442,33406,65,0,0,65,11
2020-11-05,US,Kansas,Marion,162,1,0,38.35855394,-97.09852509999999,20115.0,1363.1773813530795,0.6172839506172839,161,162,1,0,161,154,11950,0,0,0,0,8
2020-11-05,US,Kansas,Marshall,86,0,0,39.78359669,-96.52278974,20117.0,885.9585865869991,0.0,86,86,0,0,86,81,9722,0,0,0,0,5
2020-11-05,US,Kansas,McPherson,597,8,0,38.39184858,-97.64769869,20113.0,2091.6544040361573,1.340033500837521,589,539,7,0,532,539,28537,58,1,0,57,0
2020-11-05,US,Kansas,Meade,149,1,0,37.23859987,-100.36483100000001,20119.0,3694.520208281676,0.6711409395973155,148,149,1,0,148,146,4146,0,0,0,0,3
2020-11-05,US,Kansas,Miami,580,2,0,38.56383358,-94.83832189,20121.0,1694.0736629961734,0.3448275862068966,578,580,2,0,578,564,33680,0,0,0,0,16
2020-11-05,US,Kansas,Mitchell,69,0,0,39.39331582,-98.20906732,20123.0,1154.039136979428,0.0,69,69,0,0,69,69,6150,0,0,0,0,0
2020-11-05,US,Kansas,Montgomery,706,6,0,37.19236568,-95.74329258,20125.0,2218.102987841277,0.8498583569405099,700,706,6,0,700,706,32120,0,0,0,0,0
2020-11-05,US,Kansas,Morris,76,0,0,38.68827511,-96.65128437,20127.0,1352.3131672597865,0.0,76,76,0,0,76,76,5521,0,0,0,0,0
2020-11-05,US,Kansas,Morton,56,2,0,37.19141121,-101.79925190000002,20129.0,2164.6695013529184,3.571428571428572,54,56,2,0,54,56,2667,0,0,0,0,0
2020-11-05,US,Kansas,Nemaha,418,4,0,39.78345387,-96.01392079,20131.0,4085.622128824162,0.9569377990430622,414,418,4,0,414,418,10155,0,0,0,0,0
2020-11-05,US,Kansas,Neosho,349,0,0,37.55862897,-95.30670046,20133.0,2180.2961204473045,0.0,349,319,0,0,319,319,15951,30,0,0,30,0
2020-11-05,US,Kansas,Ness,148,9,0,38.47974157,-99.91547333,20135.0,5381.818181818182,6.081081081081082,139,148,9,0,139,148,2840,0,0,0,0,0
2020-11-05,US,Kansas,Norton,811,19,0,39.78443827,-99.90286639,20137.0,15127.774668905056,2.3427866831072746,792,811,19,0,792,778,5430,0,0,0,0,33
2020-11-05,US,Kansas,Osage,187,5,0,38.65235984,-95.72707998,20139.0,1172.4873032792025,2.6737967914438503,182,184,4,0,180,175,15941,3,1,0,2,9
2020-11-05,US,Kansas,Osborne,26,0,0,39.3503437,-98.76753828,20141.0,760.0116924875767,0.0,26,26,0,0,26,26,3475,0,0,0,0,0
2020-11-05,US,Kansas,Ottawa,125,0,0,39.13237408,-97.65020313,20143.0,2191.4446002805053,0.0,125,125,0,0,125,124,5802,0,0,0,0,1
2020-11-05,US,Kansas,Pawnee,440,1,0,38.18108732,-99.23692334,20145.0,6859.993763642033,0.2272727272727273,439,440,1,0,439,431,6562,0,0,0,0,9
2020-11-05,US,Kansas,Phillips,231,9,0,39.78465501,-99.34668865,20147.0,4413.450515857852,3.8961038961038965,222,231,9,0,222,223,5317,0,0,0,0,8
2020-11-05,US,Kansas,Pottawatomie,429,0,0,39.37925655,-96.34564657,20149.0,1759.4225484969033,0.0,429,429,0,0,429,413,24277,0,0,0,0,16
2020-11-05,US,Kansas,Pratt,259,0,0,37.64780729,-98.73922153,20151.0,2826.276735050197,0.0,259,259,0,0,259,205,9378,0,0,0,0,54
2020-11-05,US,Kansas,Rawlins,102,0,0,39.78525843,-101.07616170000001,20153.0,4031.620553359684,0.0,102,102,0,0,102,101,2508,0,0,0,0,1
2020-11-05,US,Kansas,Reno,2602,19,0,37.95230263,-98.08607292,20155.0,4196.909577728315,0.7302075326671791,2583,2549,19,0,2530,2394,62342,53,0,0,53,155
2020-11-05,US,Kansas,Republic,104,1,0,39.82799632,-97.65036709,20157.0,2243.313201035375,0.9615384615384616,103,104,1,0,103,89,4664,0,0,0,0,15
2020-11-05,US,Kansas,Rice,177,1,0,38.34616184,-98.19992118,20159.0,1855.9295375904373,0.5649717514124294,176,172,1,0,171,172,9531,5,0,0,5,0
2020-11-05,US,Kansas,Riley,2323,12,0,39.28935726,-96.73420026,20161.0,3129.37816575062,0.5165733964700818,2311,2323,12,0,2311,2263,73703,0,0,0,0,60
2020-11-05,US,Kansas,Rooks,172,7,0,39.35022773,-99.32484567,20163.0,3495.9349593495936,4.069767441860465,165,172,7,0,165,170,5013,0,0,0,0,2
2020-11-05,US,Kansas,Rush,98,0,0,38.52275276,-99.30863983,20165.0,3227.931488801054,0.0,98,98,0,0,98,98,3093,0,0,0,0,0
2020-11-05,US,Kansas,Russell,243,5,0,38.91462787,-98.76254297,20167.0,3544.3407234539095,2.05761316872428,238,225,5,0,220,225,6907,18,0,0,18,0
2020-11-05,US,Kansas,Saline,1278,14,0,38.78369175,-97.65185177,20169.0,2356.8899380348184,1.0954616588419406,1264,1278,14,0,1264,1230,54401,0,0,0,0,48
2020-11-05,US,Kansas,Scott,223,1,0,38.48222076,-100.90665390000001,20171.0,4623.678208583869,0.4484304932735426,222,203,1,0,202,197,4897,20,0,0,20,6
2020-11-05,US,Kansas,Sedgwick,13568,137,0,37.6842718,-97.4608198,20173.0,2629.2433561609328,1.0097287735849056,13431,13093,135,0,12958,12840,513607,475,2,0,473,253
2020-11-05,US,Kansas,Seward,2239,13,0,37.19324632,-100.85072009999999,20175.0,10448.945305208139,0.5806163465832961,2226,2239,13,0,2226,2239,21780,0,0,0,0,0
2020-11-05,US,Kansas,Shawnee,4118,85,0,39.04100763,-95.75572640000001,20177.0,2328.197879858657,2.064108790675085,4033,3948,85,0,3863,3870,177499,170,0,0,170,78
2020-11-05,US,Kansas,Sheridan,195,0,0,39.35018161,-100.44182590000001,20179.0,7735.025783419279,0.0,195,195,0,0,195,193,2533,0,0,0,0,2
2020-11-05,US,Kansas,Sherman,276,6,0,39.35147699,-101.71976240000001,20181.0,4664.525942200439,2.1739130434782608,270,265,6,0,259,261,5899,11,0,0,11,4
2020-11-05,US,Kansas,Smith,34,0,0,39.78516566,-98.78566062,20183.0,948.9254814401339,0.0,34,34,0,0,34,33,3603,0,0,0,0,1
2020-11-05,US,Kansas,Stafford,104,1,0,38.03100851,-98.71762001,20185.0,2502.4061597690093,0.9615384615384616,103,104,1,0,103,96,4178,0,0,0,0,8
2020-11-05,US,Kansas,Stanton,53,2,0,37.56304714,-101.78435340000001,20187.0,2642.073778664008,3.7735849056603774,51,53,2,0,51,53,1987,0,0,0,0,0
2020-11-05,US,Kansas,Stevens,269,1,0,37.1923008,-101.3118967,20189.0,4904.284412032816,0.3717472118959108,268,269,1,0,268,255,5559,0,0,0,0,14
2020-11-05,US,Kansas,Sumner,346,4,0,37.23682549,-97.47721621,20191.0,1515.1515151515152,1.1560693641618498,342,346,4,0,342,341,22996,0,0,0,0,5
2020-11-05,US,Kansas,Thomas,425,2,0,39.35107575,-101.0553705,20193.0,5464.832197505465,0.4705882352941176,423,425,2,0,423,412,7711,0,0,0,0,13
2020-11-05,US,Kansas,Trego,123,3,0,38.91467218,-99.87284448,20195.0,4388.155547627543,2.4390243902439024,120,123,3,0,120,117,2793,0,0,0,0,6
2020-11-05,US,Kansas,Wabaunsee,106,1,0,38.95471985,-96.20350509,20197.0,1529.3608425912564,0.9433962264150944,105,106,1,0,105,93,6899,0,0,0,0,13
2020-11-05,US,Kansas,Wallace,89,0,0,38.91686134,-101.76388759999999,20199.0,5862.977602108037,0.0,89,78,0,0,78,78,1503,11,0,0,11,0
2020-11-05,US,Kansas,Washington,68,0,0,39.78420784,-97.08753229999999,20201.0,1257.8616352201261,0.0,68,68,0,0,68,57,5420,0,0,0,0,11
2020-11-05,US,Kansas,Wichita,47,0,0,38.48178252,-101.3471509,20203.0,2218.027371401605,0.0,47,47,0,0,47,46,2105,0,0,0,0,1
2020-11-05,US,Kansas,Wilson,137,4,0,37.55937174,-95.74323255,20205.0,1607.0381231671554,2.9197080291970803,133,137,4,0,133,127,8665,0,0,0,0,10
2020-11-05,US,Kansas,Woodson,38,0,0,37.8865336,-95.74006277,20207.0,1210.9623964308478,0.0,38,38,0,0,38,27,3183,0,0,0,0,11
2020-11-05,US,Kansas,Wyandotte,8758,166,0,39.11727348,-94.76378225,20209.0,5294.1140912415585,1.8954099109385705,8592,8666,165,0,8501,8612,165324,92,1,0,91,54
2020-11-05,US,Kentucky,Adair,530,22,0,37.10459774,-85.28129668,21001.0,2760.129153213207,4.150943396226415,508,526,22,0,504,525,19215,4,0,0,4,1
2020-11-05,US,Kentucky,Allen,582,11,0,36.75197631,-86.19457544,21003.0,2730.471498944405,1.8900343642611683,571,578,11,0,567,576,21122,4,0,0,4,2
2020-11-05,US,Kentucky,Anderson,290,1,0,38.00671029,-84.99171713,21005.0,1274.8933925352796,0.3448275862068966,289,288,1,0,287,287,22663,2,0,0,2,1
2020-11-05,US,Kentucky,Ballard,92,1,0,37.05842757,-88.99427697,21007.0,1166.3286004056795,1.0869565217391304,91,88,1,0,87,86,7979,4,0,0,4,2
2020-11-05,US,Kentucky,Barren,1449,13,0,36.96469836,-85.93338945,21009.0,3274.6502745824764,0.8971704623878537,1436,1403,13,0,1390,1381,44176,46,0,0,46,22
2020-11-05,US,Kentucky,Bath,146,1,0,38.14735938,-83.74588932,21011.0,1168.0,0.6849315068493149,145,146,1,0,145,145,12383,0,0,0,0,1
2020-11-05,US,Kentucky,Bell,861,17,0,36.73355174,-83.67766671,21013.0,3307.467732022127,1.9744483159117303,844,849,17,0,832,845,26569,12,0,0,12,4
2020-11-05,US,Kentucky,Boone,2518,25,0,38.97065142,-84.72615357,21015.0,1884.9986150725028,0.9928514694201748,2493,2463,25,0,2438,2417,131533,55,0,0,55,46
2020-11-05,US,Kentucky,Bourbon,353,1,0,38.2054607,-84.21827874,21017.0,1783.9094400646854,0.28328611898017,352,345,1,0,344,340,20184,8,0,0,8,5
2020-11-05,US,Kentucky,Boyd,826,23,0,38.36176608,-82.68652187,21019.0,1768.0551393467185,2.7845036319612597,803,776,22,0,754,767,47240,50,1,0,49,9
2020-11-05,US,Kentucky,Boyle,521,0,0,37.62680923,-84.8633779,21021.0,1733.200266134398,0.0,521,509,0,0,509,501,30100,12,0,0,12,8
2020-11-05,US,Kentucky,Bracken,79,1,0,38.69158994,-84.08532444,21023.0,951.4633265084908,1.2658227848101269,78,76,1,0,75,75,8239,3,0,0,3,1
2020-11-05,US,Kentucky,Breathitt,170,1,0,37.52333168,-83.31959161,21025.0,1346.0015835312747,0.5882352941176471,169,162,1,0,161,161,12726,8,0,0,8,1
2020-11-05,US,Kentucky,Breckinridge,274,3,0,37.77377239,-86.42885017,21027.0,1338.0866337842458,1.094890510948905,271,250,2,0,248,240,20388,24,1,0,23,10
2020-11-05,US,Kentucky,Bullitt,1753,16,0,37.97162523,-85.68955617,21029.0,2146.285322493756,0.9127210496292072,1737,1706,15,0,1691,1678,81069,47,1,0,46,28
2020-11-05,US,Kentucky,Butler,449,16,0,37.20946153,-86.68748787,21031.0,3486.2955198384966,3.5634743875278403,433,444,16,0,428,441,12772,5,0,0,5,3
2020-11-05,US,Kentucky,Caldwell,354,0,0,37.14749129,-87.86948214,21033.0,2777.124029183337,0.0,354,347,0,0,347,323,12715,7,0,0,7,24
2020-11-05,US,Kentucky,Calloway,1129,10,0,36.62093411,-88.2731593,21035.0,2894.797569293095,0.8857395925597874,1119,1104,10,0,1094,1097,39135,25,0,0,25,7
2020-11-05,US,Kentucky,Campbell,1564,16,0,38.94384345,-84.37875208,21037.0,1671.2258505727475,1.0230179028132993,1548,1514,16,0,1498,1476,93152,50,0,0,50,38
2020-11-05,US,Kentucky,Carlisle,123,1,0,36.85372876,-88.96692220000001,21039.0,2584.0336134453783,0.8130081300813008,122,114,1,0,113,112,4771,9,0,0,9,2
2020-11-05,US,Kentucky,Carroll,242,6,0,38.66599534,-85.12601074,21041.0,2276.361584046656,2.479338842975207,236,239,5,0,234,236,10737,3,1,0,2,3
2020-11-05,US,Kentucky,Carter,416,4,0,38.31690743,-83.05092385,21043.0,1552.4125834981528,0.9615384615384616,412,413,4,0,409,410,27004,3,0,0,3,3
2020-11-05,US,Kentucky,Casey,335,16,0,37.32533118,-84.92726209,21045.0,2073.1480908472063,4.776119402985074,319,334,16,0,318,329,15888,1,0,0,1,5
2020-11-05,US,Kentucky,Christian,2120,31,0,36.89267803,-87.49055367,21047.0,3008.7566171357203,1.4622641509433962,2089,2085,29,0,2056,2051,71671,35,2,0,33,34
2020-11-05,US,Kentucky,Clark,589,12,0,37.9689263,-84.14615986,21049.0,1624.2450983095716,2.037351443123939,577,583,12,0,571,580,36249,6,0,0,6,3
2020-11-05,US,Kentucky,Clay,667,6,0,37.16451126,-83.712575,21051.0,3351.590372343099,0.8995502248875562,661,651,6,0,645,649,20105,16,0,0,16,2
2020-11-05,US,Kentucky,Clinton,263,3,0,36.72581156,-85.13377529,21053.0,2573.889215110589,1.1406844106463878,260,256,3,0,253,256,10206,7,0,0,7,0
2020-11-05,US,Kentucky,Crittenden,179,1,0,37.35839237,-88.08826090000002,21055.0,2032.7049738814444,0.5586592178770949,178,179,1,0,178,176,8915,0,0,0,0,3
2020-11-05,US,Kentucky,Cumberland,160,0,0,36.78926125,-85.39050034,21057.0,2419.110976716057,0.0,160,157,0,0,157,155,6659,3,0,0,3,2
2020-11-05,US,Kentucky,Daviess,2245,33,0,37.73028906,-87.09019479999998,21059.0,2211.582981154752,1.469933184855234,2212,2201,32,0,2169,2164,101104,44,1,0,43,37
2020-11-05,US,Kentucky,Edmonson,200,12,0,37.21218923,-86.23955613,21061.0,1646.090534979424,6.0,188,194,12,0,182,192,12274,6,0,0,6,2
2020-11-05,US,Kentucky,Elliott,351,0,0,38.11624059,-83.09771563,21063.0,4669.41599042171,0.0,351,350,0,0,350,342,7508,1,0,0,1,8
2020-11-05,US,Kentucky,Estill,323,0,0,37.69241417,-83.95956369,21065.0,2289.805756415709,0.0,323,314,0,0,314,313,14198,9,0,0,9,1
2020-11-05,US,Kentucky,Fayette,11941,94,0,38.0368225,-84.45576892,21067.0,3695.1651235331983,0.7872037517795829,11847,11774,93,0,11681,11616,323780,167,1,0,166,158
2020-11-05,US,Kentucky,Fleming,218,0,0,38.36758311,-83.69657514,21069.0,1495.0963582744669,0.0,218,213,0,0,213,206,14432,5,0,0,5,7
2020-11-05,US,Kentucky,Floyd,587,4,0,37.56213922,-82.74750924,21071.0,1649.386046250246,0.6814310051107325,583,551,4,0,547,520,35845,36,0,0,36,31
2020-11-05,US,Kentucky,Franklin,950,14,0,38.2379395,-84.87962551,21073.0,1863.0738757820006,1.4736842105263157,936,941,14,0,927,926,50815,9,0,0,9,15
2020-11-05,US,Kentucky,Fulton,243,3,0,36.55238827,-89.20140068,21075.0,4071.033673982241,1.2345679012345678,240,241,3,0,238,240,6120,2,0,0,2,1
2020-11-05,US,Kentucky,Gallatin,137,8,0,38.75398691,-84.8558382,21077.0,1544.7062803021759,5.8394160583941614,129,134,8,0,126,133,8832,3,0,0,3,1
2020-11-05,US,Kentucky,Garrard,379,4,0,37.638866799999995,-84.53289319,21079.0,2145.3639759990947,1.0554089709762533,375,375,4,0,371,372,17560,4,0,0,4,3
2020-11-05,US,Kentucky,Grant,316,6,0,38.64962758,-84.62415957,21081.0,1260.5209621444812,1.8987341772151896,310,304,6,0,298,299,25121,12,0,0,12,5
2020-11-05,US,Kentucky,Graves,1011,30,0,36.72292505,-88.65143315,21083.0,2712.928674931573,2.967359050445104,981,987,30,0,957,970,37317,24,0,0,24,17
2020-11-05,US,Kentucky,Grayson,615,16,0,37.46231118,-86.34248968,21085.0,2327.165399023725,2.6016260162601625,599,587,16,0,571,570,26321,28,0,0,28,17
2020-11-05,US,Kentucky,Green,354,8,0,37.26484328,-85.5540745,21087.0,3235.536057033178,2.2598870056497176,346,350,8,0,342,346,11049,4,0,0,4,4
2020-11-05,US,Kentucky,Greenup,742,12,0,38.54332505,-82.9215658,21089.0,2114.080574391703,1.6172506738544474,730,718,12,0,706,701,35268,24,0,0,24,17
2020-11-05,US,Kentucky,Hancock,177,5,0,37.83766422,-86.78280584,21091.0,2029.351066269204,2.824858757062147,172,172,5,0,167,169,8758,5,0,0,5,3
2020-11-05,US,Kentucky,Hardin,2486,15,0,37.6976111,-85.96319251,21093.0,2240.48739162566,0.6033789219629928,2471,2406,15,0,2391,2368,110356,80,0,0,80,38
2020-11-05,US,Kentucky,Harlan,664,14,0,36.85699301,-83.21899516,21095.0,2552.864282968089,2.108433734939759,650,655,14,0,641,646,26409,9,0,0,9,9
2020-11-05,US,Kentucky,Harrison,295,1,0,38.44188174,-84.32869741,21097.0,1562.0036005506727,0.3389830508474576,294,293,1,0,292,293,18778,2,0,0,2,0
2020-11-05,US,Kentucky,Hart,531,1,0,37.29943898,-85.88461055,21099.0,2789.5981087470454,0.18832391713747645,530,514,1,0,513,502,18906,17,0,0,17,12
2020-11-05,US,Kentucky,Henderson,1477,29,0,37.79344553,-87.57392021,21101.0,3266.976332669764,1.963439404197698,1448,1456,29,0,1427,1431,45591,21,0,0,21,25
2020-11-05,US,Kentucky,Henry,333,2,0,38.44942688,-85.11587507,21103.0,2064.988217784944,0.6006006006006006,331,330,2,0,328,324,16106,3,0,0,3,6
2020-11-05,US,Kentucky,Hickman,128,1,0,36.67948079999999,-88.97875928,21105.0,2922.3744292237443,0.78125,127,127,1,0,126,126,4421,1,0,0,1,1
2020-11-05,US,Kentucky,Hopkins,1182,43,0,37.30939025,-87.54670406,21107.0,2645.123752405675,3.6379018612521152,1139,1162,43,0,1119,1157,45068,20,0,0,20,5
2020-11-05,US,Kentucky,Jackson,529,17,0,37.41866422,-83.99825483,21109.0,3968.789856703429,3.2136105860113418,512,525,17,0,508,520,13442,4,0,0,4,5
2020-11-05,US,Kentucky,Jefferson,25252,387,0,38.18664655,-85.65931031,21111.0,3293.351087763137,1.5325518770790432,24865,24822,380,0,24442,24490,770517,430,7,0,423,332
2020-11-05,US,Kentucky,Jessamine,1118,15,0,37.87119786,-84.58252003,21113.0,2065.970618128061,1.3416815742397137,1103,1090,15,0,1075,1083,53920,28,0,0,28,7
2020-11-05,US,Kentucky,Johnson,440,2,0,37.85106355,-82.8264322,21115.0,1983.0539030106365,0.4545454545454545,438,436,2,0,434,428,22386,4,0,0,4,8
2020-11-05,US,Kentucky,Kenton,3243,51,0,38.93950319,-84.53241199,21117.0,1941.9394244242446,1.5726179463459757,3192,3149,51,0,3098,3085,166051,94,0,0,94,64
2020-11-05,US,Kentucky,Knott,392,7,0,37.35388197,-82.94981134,21119.0,2647.575307307848,1.7857142857142858,385,387,7,0,380,381,15126,5,0,0,5,6
2020-11-05,US,Kentucky,Knox,962,10,0,36.89225732,-83.85403396,21121.0,3088.77829507144,1.0395010395010396,952,942,10,0,932,937,31304,20,0,0,20,5
2020-11-05,US,Kentucky,Larue,347,1,0,37.54567114,-85.70138352,21123.0,2410.056952354493,0.2881844380403458,346,338,1,0,337,333,14307,9,0,0,9,5
2020-11-05,US,Kentucky,Laurel,1722,9,0,37.10975748,-84.11321779,21125.0,2831.6313946031282,0.5226480836236934,1713,1689,8,0,1681,1633,60669,33,1,0,32,56
2020-11-05,US,Kentucky,Lawrence,179,0,0,38.07136018,-82.72882223,21127.0,1168.6361559052036,0.0,179,179,0,0,179,178,15571,0,0,0,0,1
2020-11-05,US,Kentucky,Lee,189,7,0,37.59645942,-83.71513901,21129.0,2553.019046332568,3.703703703703704,182,189,7,0,182,189,7033,0,0,0,0,0
2020-11-05,US,Kentucky,Leslie,156,1,0,37.09246661,-83.37999606,21131.0,1579.426951503493,0.6410256410256411,155,151,1,0,150,149,10143,5,0,0,5,2
2020-11-05,US,Kentucky,Letcher,341,2,0,37.12306748,-82.85346474,21133.0,1582.1463369368532,0.5865102639296188,339,332,2,0,330,329,21899,9,0,0,9,3
2020-11-05,US,Kentucky,Lewis,359,17,0,38.53184419,-83.37735618,21135.0,2704.331450094162,4.735376044568246,342,345,17,0,328,340,13257,14,0,0,14,5
2020-11-05,US,Kentucky,Lincoln,394,19,0,37.45475628,-84.6565327,21137.0,1604.9533585889444,4.822335025380711,375,389,19,0,370,373,24644,5,0,0,5,16
2020-11-05,US,Kentucky,Livingston,152,1,0,37.21137452,-88.34797529,21139.0,1653.2521209484446,0.6578947368421053,151,145,1,0,144,141,9242,7,0,0,7,4
2020-11-05,US,Kentucky,Logan,865,31,0,36.85949479,-86.877635,21141.0,3191.646372961405,3.5838150289017343,834,855,31,0,824,847,26989,10,0,0,10,8
2020-11-05,US,Kentucky,Lyon,128,4,0,37.02080035,-88.07886257,21143.0,1559.074299634592,3.125,124,125,4,0,121,123,8009,3,0,0,3,2
2020-11-05,US,Kentucky,Madison,2556,14,0,37.71659336,-84.27220275,21151.0,2748.771333627281,0.5477308294209703,2542,2513,14,0,2499,2500,92368,43,0,0,43,13
2020-11-05,US,Kentucky,Magoffin,236,0,0,37.70820545,-83.0657714,21153.0,1940.6298824109851,0.0,236,227,0,0,227,221,12362,9,0,0,9,6
2020-11-05,US,Kentucky,Marion,583,10,0,37.55218078,-85.26898542,21155.0,3024.957194001972,1.7152658662092624,573,557,10,0,547,552,19404,26,0,0,26,5
2020-11-05,US,Kentucky,Marshall,579,8,0,36.88007070000001,-88.32803576,21157.0,1861.7363344051446,1.381692573402418,571,560,7,0,553,549,31191,19,1,0,18,11
2020-11-05,US,Kentucky,Martin,252,5,0,37.79990579,-82.51247478,21159.0,2251.004912907548,1.984126984126984,247,246,3,0,243,245,11323,6,2,0,4,1
2020-11-05,US,Kentucky,Mason,208,2,0,38.59471935,-83.82151043,21161.0,1218.5120093731693,0.9615384615384616,206,202,2,0,200,201,17150,6,0,0,6,1
2020-11-05,US,Kentucky,McCracken,1423,12,0,37.05350953,-88.70445755,21145.0,2175.2422880552754,0.8432888264230499,1411,1402,12,0,1390,1346,65346,21,0,0,21,56
2020-11-05,US,Kentucky,McCreary,282,1,0,36.73874143,-84.48102924,21147.0,1636.5852243050315,0.3546099290780142,281,279,1,0,278,278,17408,3,0,0,3,1
2020-11-05,US,Kentucky,McLean,243,5,0,37.5301951,-87.26803443,21149.0,2639.296187683285,2.05761316872428,238,231,5,0,226,226,9252,12,0,0,12,5
2020-11-05,US,Kentucky,Meade,449,4,0,37.96163597,-86.21028219,21163.0,1571.4685706285877,0.8908685968819601,445,434,4,0,430,427,28715,15,0,0,15,7
2020-11-05,US,Kentucky,Menifee,100,1,0,37.94090733,-83.59985712,21165.0,1541.0695022345508,1.0,99,98,1,0,97,96,6451,2,0,0,2,2
2020-11-05,US,Kentucky,Mercer,421,6,0,37.81474237,-84.87488475,21167.0,1919.4820589978567,1.4251781472684086,415,407,6,0,401,403,21774,14,0,0,14,4
2020-11-05,US,Kentucky,Metcalfe,237,2,0,36.99459295,-85.63123699,21169.0,2353.29162943104,0.8438818565400844,235,225,2,0,223,220,10030,12,0,0,12,5
2020-11-05,US,Kentucky,Monroe,409,5,0,36.71225341,-85.71596443,21171.0,3840.375586854461,1.2224938875305624,404,387,5,0,382,373,10718,22,0,0,22,14
2020-11-05,US,Kentucky,Montgomery,644,7,0,38.03253032,-83.9145241,21173.0,2287.175480342366,1.0869565217391304,637,617,7,0,610,595,28203,27,0,0,27,22
2020-11-05,US,Kentucky,Morgan,165,0,0,37.92465657,-83.25558245,21175.0,1239.7625666841984,0.0,165,161,0,0,161,159,13345,4,0,0,4,2
2020-11-05,US,Kentucky,Muhlenberg,1018,17,0,37.21425819,-87.14632053,21177.0,3324.407288877277,1.6699410609037328,1001,1008,16,0,992,1004,30774,10,1,0,9,4
2020-11-05,US,Kentucky,Nelson,1198,4,0,37.80335779,-85.4657193,21179.0,2591.222719702377,0.333889816360601,1194,1145,4,0,1141,1129,45851,53,0,0,53,16
2020-11-05,US,Kentucky,Nicholas,127,3,0,38.33342292,-84.01889177,21181.0,1747.1454120236622,2.3622047244094486,124,126,3,0,123,123,7166,1,0,0,1,3
2020-11-05,US,Kentucky,Ohio,655,11,0,37.47751843,-86.85368087,21183.0,2729.8491289489043,1.6793893129770991,644,645,11,0,634,639,24087,10,0,0,10,6
2020-11-05,US,Kentucky,Oldham,1570,26,0,38.39791089,-85.448222,21185.0,2350.334585847093,1.6560509554140128,1544,1548,26,0,1522,1536,66470,22,0,0,22,12
2020-11-05,US,Kentucky,Owen,131,3,0,38.51679143,-84.82404619,21187.0,1201.7246124208787,2.2900763358778624,128,131,3,0,128,130,10880,0,0,0,0,1
2020-11-05,US,Kentucky,Owsley,106,1,0,37.42823949,-83.68811419,21189.0,2400.9060022650056,0.9433962264150944,105,104,1,0,103,103,4472,2,0,0,2,1
2020-11-05,US,Kentucky,Pendleton,150,0,0,38.69607718,-84.35599463,21191.0,1028.101439342015,0.0,150,147,0,0,147,145,14529,3,0,0,3,2
2020-11-05,US,Kentucky,Perry,622,9,0,37.25023553,-83.22922731,21193.0,2414.783756502834,1.4469453376205788,613,603,9,0,594,594,26092,19,0,0,19,9
2020-11-05,US,Kentucky,Pike,1111,5,0,37.47088263,-82.39487445,21195.0,1919.6212592439008,0.4500450045004501,1106,1095,5,0,1090,1081,58402,16,0,0,16,14
2020-11-05,US,Kentucky,Powell,183,0,0,37.83218794,-83.82553961,21197.0,1480.7023221943525,0.0,183,169,0,0,169,165,12442,14,0,0,14,4
2020-11-05,US,Kentucky,Pulaski,1062,13,0,37.10466131,-84.57629079,21199.0,1634.3741824281692,1.2241054613935969,1049,1048,13,0,1035,1038,64623,14,0,0,14,10
2020-11-05,US,Kentucky,Robertson,43,1,0,38.51923469,-84.05055616,21201.0,2039.8481973434534,2.3255813953488373,42,41,1,0,40,40,2135,2,0,0,2,1
2020-11-05,US,Kentucky,Rockcastle,401,2,0,37.36642393,-84.31176452,21203.0,2401.916741539383,0.4987531172069826,399,395,2,0,393,389,16750,6,0,0,6,6
2020-11-05,US,Kentucky,Rowan,428,2,0,38.19484205,-83.42088935,21205.0,1749.7955846279638,0.4672897196261682,426,419,2,0,417,412,24583,9,0,0,9,7
2020-11-05,US,Kentucky,Russell,410,7,0,36.99308373,-85.06070117,21207.0,2287.563465937622,1.7073170731707317,403,408,7,0,401,407,17821,2,0,0,2,1
2020-11-05,US,Kentucky,Scott,1255,20,0,38.29622293,-84.5816631,21209.0,2201.5998877271772,1.593625498007968,1235,1243,20,0,1223,1230,56031,12,0,0,12,13
2020-11-05,US,Kentucky,Shelby,1613,25,0,38.21476019,-85.194223,21211.0,3290.225195822454,1.549907005579665,1588,1593,25,0,1568,1576,48518,20,0,0,20,17
2020-11-05,US,Kentucky,Simpson,402,8,0,36.74058474,-86.58047435,21213.0,2164.548783114365,1.9900497512437807,394,395,8,0,387,383,18529,7,0,0,7,12
2020-11-05,US,Kentucky,Spencer,372,1,0,38.03223971,-85.32749335,21215.0,1922.3812722856696,0.26881720430107525,371,359,1,0,358,347,18794,13,0,0,13,12
2020-11-05,US,Kentucky,Taylor,571,7,0,37.3677562,-85.3329931,21217.0,2215.8407388722885,1.2259194395796849,564,554,7,0,547,545,25549,17,0,0,17,9
2020-11-05,US,Kentucky,Todd,315,12,0,36.8381152,-87.17878374,21219.0,2562.225475841874,3.809523809523809,303,311,12,0,299,309,12311,4,0,0,4,2
2020-11-05,US,Kentucky,Trigg,275,0,0,36.80767017,-87.87333656,21221.0,1877.0049825950448,0.0,275,273,0,0,273,271,14643,2,0,0,2,2
2020-11-05,US,Kentucky,Trimble,112,0,0,38.61056487,-85.33775972,21223.0,1322.1579506551766,0.0,112,107,0,0,107,105,8515,5,0,0,5,2
2020-11-05,US,Kentucky,Union,542,6,0,37.66166713,-87.94300009,21225.0,3768.8616925109523,1.1070110701107012,536,535,6,0,529,532,14505,7,0,0,7,3
2020-11-05,US,Kentucky,Warren,5650,58,0,36.99903045,-86.42672751,21227.0,4251.444738743076,1.0265486725663715,5592,5615,58,0,5557,5551,131264,35,0,0,35,64
2020-11-05,US,Kentucky,Washington,293,2,0,37.75599461,-85.17407732,21229.0,2422.4886316659777,0.6825938566552902,291,284,2,0,282,282,12084,9,0,0,9,2
2020-11-05,US,Kentucky,Wayne,320,2,0,36.80310688,-84.8251971,21231.0,1573.7962917424875,0.625,318,310,2,0,308,310,20468,10,0,0,10,0
2020-11-05,US,Kentucky,Webster,369,5,0,37.52168356,-87.67989953,21233.0,2851.182197496523,1.3550135501355014,364,363,5,0,358,362,13111,6,0,0,6,1
2020-11-05,US,Kentucky,Whitley,952,8,0,36.75700531,-84.14541217,21235.0,2625.193028899184,0.8403361344537815,944,941,8,0,933,936,36242,11,0,0,11,5
2020-11-05,US,Kentucky,Wolfe,93,0,0,37.73941626,-83.49303612,21237.0,1299.4271342741372,0.0,93,84,0,0,84,82,7177,9,0,0,9,2
2020-11-05,US,Kentucky,Woodford,454,0,0,38.04178222,-84.7417556,21239.0,1698.2120146629761,0.0,454,442,0,0,442,432,26533,12,0,0,12,10
2020-11-05,US,Louisiana,Acadia,3312,106,0,30.295064899999996,-92.41419698,22001.0,5338.061084696591,3.20048309178744,3206,3294,104,0,3190,3291,62190,18,2,0,16,3
2020-11-05,US,Louisiana,Allen,1877,64,0,30.65385745,-92.82442028,22003.0,7324.3063955983935,3.40969632392115,1813,1872,64,0,1808,1872,25605,5,0,0,5,0
2020-11-05,US,Louisiana,Ascension,4382,100,0,30.20406249,-90.91328409999998,22005.0,3461.1860604720227,2.2820629849383844,4282,4352,100,0,4252,4338,124672,30,0,0,30,14
2020-11-05,US,Louisiana,Assumption,822,24,0,29.89946234,-91.06461642,22007.0,3754.9677949842403,2.9197080291970803,798,816,24,0,792,814,22300,6,0,0,6,2
2020-11-05,US,Louisiana,Avoyelles,1785,63,0,31.07796211,-92.00079449,22009.0,4446.49262654444,3.5294117647058822,1722,1774,62,0,1712,1774,40462,11,1,0,10,0
2020-11-05,US,Louisiana,Beauregard,1103,41,0,30.64836518,-93.34173616,22011.0,2941.56865882604,3.7171350861287404,1062,1094,41,0,1053,1092,37253,9,0,0,9,2
2020-11-05,US,Louisiana,Bienville,639,35,0,32.34569994,-93.05398492,22013.0,4825.919492485462,5.4773082942097036,604,632,35,0,597,633,13308,7,0,0,7,-1
2020-11-05,US,Louisiana,Bossier,4550,124,0,32.67932307,-93.60460152,22015.0,3581.5773109045253,2.7252747252747254,4426,4468,123,0,4345,4446,127185,82,1,0,81,22
2020-11-05,US,Louisiana,Caddo,10594,404,0,32.57991587,-93.88375652,22017.0,4410.417811526869,3.813479327921465,10190,10528,402,0,10126,10469,242922,66,2,0,64,59
2020-11-05,US,Louisiana,Calcasieu,8605,231,0,30.22931235,-93.35400434,22019.0,4229.831494917321,2.6844857640906454,8374,8549,230,0,8319,8544,203112,56,1,0,55,5
2020-11-05,US,Louisiana,Caldwell,392,3,0,32.0902519,-92.11752148,22021.0,3952.4097600322652,0.7653061224489796,389,392,3,0,389,384,9960,0,0,0,0,8
2020-11-05,US,Louisiana,Cameron,249,3,0,29.87592238,-93.19310676,22023.0,3570.9163917969317,1.2048192771084338,246,251,3,0,248,252,6968,-2,0,0,-2,-1
2020-11-05,US,Louisiana,Catahoula,466,15,0,31.66778967,-91.84526385,22025.0,4908.363176743206,3.218884120171674,451,465,15,0,450,466,9608,1,0,0,1,-1
2020-11-05,US,Louisiana,Claiborne,617,26,0,32.82308512,-92.99526883,22027.0,3937.4601148691772,4.2139384116693686,591,619,26,0,593,621,15944,-2,0,0,-2,-2
2020-11-05,US,Louisiana,Concordia,634,16,0,31.44817835,-91.63814433,22029.0,3291.967391868737,2.5236593059936907,618,634,16,0,618,633,19572,0,0,0,0,1
2020-11-05,US,Louisiana,De Soto,1069,35,0,32.05457447,-93.74130302,22031.0,3892.5099224411024,3.2740879326473338,1034,1058,35,0,1023,1054,27436,11,0,0,11,4
2020-11-05,US,Louisiana,East Baton Rouge,16540,459,0,30.53842039,-91.09777565,22033.0,3758.5869167543437,2.7750906892382106,16081,16489,459,0,16030,16467,440956,51,0,0,51,22
2020-11-05,US,Louisiana,East Carroll,593,6,0,32.73926954,-91.23425694,22035.0,8643.054948258272,1.011804384485666,587,593,6,0,587,594,7037,0,0,0,0,-1
2020-11-05,US,Louisiana,East Feliciana,1809,79,0,30.84425359,-91.04976723,22037.0,9453.880324013588,4.367053620784964,1730,1805,78,0,1727,1805,19305,4,1,0,3,0
2020-11-05,US,Louisiana,Evangeline,1447,40,0,30.72985248,-92.39915924,22039.0,4332.98397963767,2.7643400138217,1407,1438,40,0,1398,1430,33443,9,0,0,9,8
2020-11-05,US,Louisiana,Franklin,1391,50,0,32.13675181,-91.67589857,22041.0,6949.787659255559,3.5945363048166787,1341,1389,49,0,1340,1379,20156,2,1,0,1,10
2020-11-05,US,Louisiana,Grant,548,30,0,31.59882456,-92.56124347,22043.0,2447.630532850953,5.474452554744525,518,548,30,0,518,550,22482,0,0,0,0,-2
2020-11-05,US,Louisiana,Iberia,3114,98,0,29.86803617,-91.75871777,22045.0,4459.4014034082775,3.147077713551702,3016,3111,97,0,3014,3112,70941,3,1,0,2,-1
2020-11-05,US,Louisiana,Iberville,1519,61,0,30.25734305,-91.3499598,22047.0,4672.264771923349,4.015799868334431,1458,1513,61,0,1452,1506,32721,6,0,0,6,7
2020-11-05,US,Louisiana,Jackson,893,24,0,32.30251776,-92.55692092,22049.0,5672.002032520325,2.6875699888017923,869,890,24,0,866,879,15902,3,0,0,3,11
2020-11-05,US,Louisiana,Jefferson,19015,589,0,29.74075478,-90.11115756,22051.0,4396.6029507992025,3.0975545621877467,18426,18976,589,0,18387,18934,434051,39,0,0,39,42
2020-11-05,US,Louisiana,Jefferson Davis,1369,44,0,30.26896765,-92.81210004,22053.0,4364.320326447335,3.214024835646457,1325,1374,44,0,1330,1370,31582,-5,0,0,-5,4
2020-11-05,US,Louisiana,LaSalle,535,10,0,31.67884782,-92.15907765,22059.0,3592.5329035723876,1.8691588785046729,525,533,10,0,523,529,14917,2,0,0,2,4
2020-11-05,US,Louisiana,Lafayette,9630,140,0,30.2049055,-92.06959876,22055.0,3940.4230942346253,1.453790238836968,9490,9610,140,0,9470,9600,242782,20,0,0,20,10
2020-11-05,US,Louisiana,Lafourche,3953,131,0,29.52470226,-90.40976986,22057.0,4049.6240293400538,3.3139387806729066,3822,3939,131,0,3808,3936,98115,14,0,0,14,3
2020-11-05,US,Louisiana,Lincoln,1745,52,0,32.6003154,-92.66597409999999,22061.0,3733.2591673441443,2.9799426934097415,1693,1741,52,0,1689,1731,47196,4,0,0,4,10
2020-11-05,US,Louisiana,Livingston,4316,81,0,30.44143993,-90.73061664,22063.0,3065.5804075602496,1.8767377201112143,4235,4309,80,0,4229,4295,139567,7,1,0,6,14
2020-11-05,US,Louisiana,Madison,906,10,0,32.36918118,-91.23973355,22065.0,8273.21705780294,1.1037527593818983,896,899,9,0,890,898,11161,7,1,0,6,1
2020-11-05,US,Louisiana,Morehouse,914,29,0,32.81686191,-91.80421614,22067.0,3674.5195786765294,3.1728665207877462,885,911,28,0,883,912,25398,3,1,0,2,-1
2020-11-05,US,Louisiana,Natchitoches,1559,34,0,31.72321584,-93.09816516,22069.0,4085.643901671996,2.1808851828094933,1525,1555,34,0,1521,1536,38659,4,0,0,4,19
2020-11-05,US,Louisiana,Orleans,13673,599,0,30.06971951,-89.92660315,22071.0,3504.6034284776892,4.380896657646455,13074,13638,598,0,13040,13623,391006,35,1,0,34,15
2020-11-05,US,Louisiana,Ouachita,7252,171,0,32.47645559,-92.15704172,22073.0,4731.241722610404,2.3579702151130717,7081,7237,169,0,7068,7224,154475,15,2,0,13,13
2020-11-05,US,Louisiana,Plaquemines,911,19,0,29.42245447,-89.60322085,22075.0,3927.231969651248,2.0856201975850714,892,906,19,0,887,909,23410,5,0,0,5,-3
2020-11-05,US,Louisiana,Pointe Coupee,1151,42,0,30.71409502,-91.60209535,22077.0,5296.824666359871,3.6490008688097317,1109,1151,42,0,1109,1151,21940,0,0,0,0,0
2020-11-05,US,Louisiana,Rapides,4850,162,0,31.19778499,-92.52997303,22079.0,3740.8984326792547,3.3402061855670104,4688,4850,161,0,4689,4828,130562,0,1,0,-1,22
2020-11-05,US,Louisiana,Red River,466,24,0,32.09530039,-93.34213308,22081.0,5520.018952854774,5.150214592274677,442,464,24,0,440,463,8477,2,0,0,2,1
2020-11-05,US,Louisiana,Richland,936,19,0,32.41391005,-91.76634876,22083.0,4651.625086969486,2.02991452991453,917,930,18,0,912,923,20192,6,1,0,5,7
2020-11-05,US,Louisiana,Sabine,1044,15,0,31.56388699,-93.55433981,22085.0,4371.1271143861995,1.4367816091954022,1029,1041,15,0,1026,1035,24032,3,0,0,3,6
2020-11-05,US,Louisiana,St. Bernard,1570,32,0,29.87761636,-89.51887093,22087.0,3323.173313013292,2.0382165605095537,1538,1567,32,0,1535,1565,46721,3,0,0,3,2
2020-11-05,US,Louisiana,St. Charles,1995,64,0,29.90709658,-90.35555967,22089.0,3757.062146892655,3.2080200501253127,1931,1972,64,0,1908,1975,52879,23,0,0,23,-3
2020-11-05,US,Louisiana,St. Helena,440,4,0,30.82210324,-90.71013176,22091.0,4342.67666798263,0.9090909090909092,436,445,4,0,441,448,10262,-5,0,0,-5,-3
2020-11-05,US,Louisiana,St. James,852,40,0,30.02531716,-90.80212061,22093.0,4038.6803185438002,4.694835680751174,812,851,40,0,811,850,21037,1,0,0,1,1
2020-11-05,US,Louisiana,St. John the Baptist,1690,108,0,30.12597499,-90.4753503,22095.0,3945.1875714919347,6.390532544378697,1582,1674,108,0,1566,1672,43184,16,0,0,16,2
2020-11-05,US,Louisiana,St. Landry,3785,138,0,30.59724262,-92.00135806,22097.0,4608.88412644294,3.6459709379128142,3647,3761,138,0,3623,3745,82764,24,0,0,24,16
2020-11-05,US,Louisiana,St. Martin,2276,64,0,30.13112107,-91.61403569,22099.0,4259.699425427187,2.81195079086116,2212,2273,64,0,2209,2283,53621,3,0,0,3,-10
2020-11-05,US,Louisiana,St. Mary,2046,87,0,29.69262097,-91.44702164,22101.0,4146.064683472481,4.252199413489737,1959,2047,87,0,1960,2044,49774,-1,0,0,-1,3
2020-11-05,US,Louisiana,St. Tammany,7889,273,0,30.40942847,-89.95642711,22103.0,3029.3488570342406,3.460514640638864,7616,7860,272,0,7588,7849,258111,29,1,0,28,11
2020-11-05,US,Louisiana,Tangipahoa,5108,127,0,30.62888673,-90.40664996,22105.0,3790.498523278767,2.486296006264683,4981,5096,127,0,4969,5091,133777,12,0,0,12,5
2020-11-05,US,Louisiana,Tensas,188,2,0,32.00760749,-91.32915234,22107.0,4337.794185509922,1.0638297872340423,186,188,2,0,186,189,4462,0,0,0,0,-1
2020-11-05,US,Louisiana,Terrebonne,3906,126,0,29.37343766,-90.82626855,22109.0,3536.089660604195,3.2258064516129035,3780,3901,126,0,3775,3902,111021,5,0,0,5,-1
2020-11-05,US,Louisiana,Unassigned,311,229,0,0.0,0.0,90022.0,0.0,73.63344051446946,82,307,229,0,78,306,,4,0,0,4,1
2020-11-05,US,Louisiana,Union,1144,53,0,32.83121059,-92.3749373,22111.0,5174.597430794282,4.6328671328671325,1091,1139,53,0,1086,1131,22330,5,0,0,5,8
2020-11-05,US,Louisiana,Vermilion,2155,70,0,29.83517605,-92.30292538,22113.0,3621.1792777805786,3.2482598607888638,2085,2147,70,0,2077,2147,59830,8,0,0,8,0
2020-11-05,US,Louisiana,Vernon,1141,56,0,31.10884837,-93.18153838,22115.0,2405.701153302832,4.9079754601227,1085,1140,56,0,1084,1136,48860,1,0,0,1,4
2020-11-05,US,Louisiana,Washington,1770,72,0,30.85288548,-90.03866652,22117.0,3831.666450188336,4.067796610169491,1698,1771,72,0,1699,1764,46582,-1,0,0,-1,7
2020-11-05,US,Louisiana,Webster,1540,41,0,32.70847669,-93.33121835,22119.0,4016.692749087115,2.6623376623376624,1499,1532,41,0,1491,1530,38798,8,0,0,8,2
2020-11-05,US,Louisiana,West Baton Rouge,985,42,0,30.46058217,-91.30989571,22121.0,3721.896844889477,4.2639593908629445,943,979,42,0,937,980,26427,6,0,0,6,-1
2020-11-05,US,Louisiana,West Carroll,389,14,0,32.78550125,-91.461201,22123.0,3591.8744228993537,3.5989717223650386,375,388,13,0,375,387,10982,1,1,0,0,1
2020-11-05,US,Louisiana,West Feliciana,762,25,0,30.87882871,-91.41485379999999,22125.0,4894.655704008222,3.2808398950131235,737,761,25,0,736,765,15460,1,0,0,1,-4
2020-11-05,US,Louisiana,Winn,708,20,0,31.94449367,-92.63789413,22127.0,5092.059838895282,2.824858757062147,688,707,20,0,687,708,14134,1,0,0,1,-1
2020-11-05,US,Maine,Androscoggin,907,11,0,44.1664747,-70.20380627,23001.0,837.6663557357518,1.2127894156560088,896,898,11,0,887,893,107679,9,0,0,9,5
2020-11-05,US,Maine,Aroostook,73,1,0,46.65926321,-68.59841248,23003.0,108.86585638654837,1.3698630136986298,72,70,1,0,69,68,67111,3,0,0,3,2
2020-11-05,US,Maine,Cumberland,2814,70,0,43.8370751,-70.37226999,23005.0,953.888604522666,2.487562189054726,2744,2768,70,0,2698,2706,293557,46,0,0,46,62
2020-11-05,US,Maine,Franklin,113,2,0,44.97330019,-70.44381045,23007.0,374.1845756482003,1.7699115044247788,111,101,2,0,99,96,29897,12,0,0,12,5
2020-11-05,US,Maine,Hancock,85,1,0,44.59816444,-68.38401854,23009.0,154.58199210722537,1.1764705882352942,84,79,1,0,78,77,54811,6,0,0,6,2
2020-11-05,US,Maine,Kennebec,422,11,0,44.40759555,-69.76738544,23011.0,345.04750535559515,2.6066350710900474,411,402,11,0,391,379,122083,20,0,0,20,23
2020-11-05,US,Maine,Knox,117,1,0,44.11486325,-69.10529169,23013.0,294.17680780448563,0.8547008547008547,116,108,1,0,107,108,39771,9,0,0,9,0
2020-11-05,US,Maine,Lincoln,75,1,0,44.05996956,-69.54227124,23015.0,216.5502107755385,1.3333333333333333,74,73,1,0,72,70,34342,2,0,0,2,3
2020-11-05,US,Maine,Oxford,186,2,0,44.49952995,-70.75682123,23017.0,320.8279430789133,1.075268817204301,184,184,2,0,182,183,57618,2,0,0,2,1
2020-11-05,US,Maine,Penobscot,339,6,0,45.40194593,-68.65020455,23019.0,222.80936982411862,1.7699115044247788,333,330,6,0,324,324,151096,9,0,0,9,6
2020-11-05,US,Maine,Piscataquis,12,0,0,45.83839062,-69.2860223,23021.0,71.49240393208221,0.0,12,11,0,0,11,11,16800,1,0,0,1,0
2020-11-05,US,Maine,Sagadahoc,95,0,0,43.95415864,-69.85074999,23023.0,264.9486836233824,0.0,95,89,0,0,89,89,35634,6,0,0,6,0
2020-11-05,US,Maine,Somerset,249,8,0,45.51229767,-69.95995554,23025.0,493.225576420252,3.21285140562249,241,236,8,0,228,220,50592,13,0,0,13,16
2020-11-05,US,Maine,Unassigned,1,0,0,0.0,0.0,90023.0,0.0,0.0,1,,,,,,,,,,,
2020-11-05,US,Maine,Waldo,166,15,0,44.4858305,-69.12061935,23027.0,417.9780939191741,9.036144578313252,151,161,15,0,146,157,39694,5,0,0,5,4
2020-11-05,US,Maine,Washington,90,0,0,45.01607142,-67.62813524,23029.0,286.816023455177,0.0,90,80,0,0,80,77,31490,10,0,0,10,3
2020-11-05,US,Maine,York,1516,21,0,43.47808377,-70.71052375,23031.0,730.1062892203371,1.3852242744063326,1495,1481,21,0,1460,1467,206229,35,0,0,35,14
2020-11-05,US,Maryland,Allegany,923,25,0,39.62357628,-78.69280486,24001.0,1310.781640536242,2.708559046587216,898,884,24,0,860,845,70975,39,1,0,38,39
2020-11-05,US,Maryland,Anne Arundel,12653,283,0,39.00670238,-76.60329337,24003.0,2184.4366870729277,2.2366237255986716,12370,12540,283,0,12257,12448,576031,113,0,0,113,92
2020-11-05,US,Maryland,Baltimore,21795,681,0,39.45784712,-76.62911955,24005.0,2634.250697994851,3.1245698554714383,21114,21605,678,0,20927,21479,828431,190,3,0,187,126
2020-11-05,US,Maryland,Baltimore City,18610,509,0,39.30211911,-76.61151012,24510.0,3135.688891135487,2.7350886620096717,18101,18457,508,0,17949,18292,621342,153,1,0,152,165
2020-11-05,US,Maryland,Calvert,1243,29,0,38.53961642,-76.56820632,24009.0,1343.4206971088895,2.3330651649235716,1214,1230,29,0,1201,1224,92003,13,0,0,13,6
2020-11-05,US,Maryland,Caroline,772,8,0,38.87172293,-75.82904158,24011.0,2310.9621026162963,1.0362694300518134,764,767,8,0,759,767,33304,5,0,0,5,0
2020-11-05,US,Maryland,Carroll,2364,130,0,39.56453592,-77.02373735,24013.0,1403.4087873337014,5.4991539763113355,2234,2354,130,0,2224,2330,168429,10,0,0,10,24
2020-11-05,US,Maryland,Cecil,1427,36,0,39.56647682,-75.94627411,24015.0,1387.3900150697586,2.522775052557813,1391,1407,36,0,1371,1398,102826,20,0,0,20,9
2020-11-05,US,Maryland,Charles,3324,102,0,38.51092331,-76.98580666,24017.0,2036.0535842260967,3.068592057761733,3222,3299,102,0,3197,3273,161503,25,0,0,25,26
2020-11-05,US,Maryland,Dorchester,839,12,0,38.45413522,-76.02752426,24019.0,2627.705220959003,1.4302741358760431,827,837,12,0,825,835,31998,2,0,0,2,2
2020-11-05,US,Maryland,Frederick,5030,140,0,39.47296601,-77.39999394,24021.0,1937.9919629200103,2.7833001988071566,4890,4987,140,0,4847,4951,255648,43,0,0,43,36
2020-11-05,US,Maryland,Garrett,168,1,0,39.52786077,-79.27355126,24023.0,579.030812711105,0.5952380952380952,167,165,1,0,164,161,29163,3,0,0,3,4
2020-11-05,US,Maryland,Harford,3873,82,0,39.55010644,-76.30775940000002,24025.0,1516.2013928852455,2.117221791892589,3791,3820,82,0,3738,3768,253956,53,0,0,53,52
2020-11-05,US,Maryland,Howard,6132,129,0,39.25305293,-76.93126208,24027.0,1882.7719610672727,2.1037181996086107,6003,6085,129,0,5956,6059,323196,47,0,0,47,26
2020-11-05,US,Maryland,Kent,353,26,0,39.24976208,-76.04741541,24029.0,1817.526516321697,7.36543909348442,327,349,25,0,324,349,19383,4,1,0,3,0
2020-11-05,US,Maryland,Montgomery,26777,882,0,39.13676329,-77.20358245,24031.0,2548.5205884144484,3.2938716062292266,25895,26551,878,0,25673,26398,1052567,226,4,0,222,153
2020-11-05,US,Maryland,Prince George's,33821,865,0,38.83070039,-76.8496441,24033.0,3719.344086340777,2.557582567044144,32956,33651,864,0,32787,33488,909308,170,1,0,169,163
2020-11-05,US,Maryland,Queen Anne's,822,26,0,39.06198912,-76.03530977,24035.0,1631.5674559853912,3.1630170316301705,796,818,26,0,792,812,50251,4,0,0,4,6
2020-11-05,US,Maryland,Somerset,476,6,0,38.1163542,-75.75118623,24039.0,1858.213616489694,1.2605042016806722,470,462,6,0,456,454,25675,14,0,0,14,8
2020-11-05,US,Maryland,St. Mary's,1529,61,0,38.30058422,-76.60629279999998,24037.0,1347.017883886882,3.9895356442119034,1468,1524,61,0,1463,1515,112664,5,0,0,5,9
2020-11-05,US,Maryland,Talbot,668,6,0,38.76618159,-76.10882561,24041.0,1796.6165514644574,0.8982035928143712,662,663,6,0,657,662,36968,5,0,0,5,1
2020-11-05,US,Maryland,Unassigned,0,13,0,0.0,0.0,90024.0,0.0,0.0,-13,0,13,0,-13,0,,0,0,0,0,0
2020-11-05,US,Maryland,Washington,2479,47,0,39.60835778,-77.82002295,24043.0,1641.1892829479175,1.8959257765227917,2432,2445,48,0,2397,2404,150926,34,-1,0,35,41
2020-11-05,US,Maryland,Wicomico,2628,52,0,38.37301947,-75.62705831,24045.0,2536.4591879083864,1.9786910197869099,2576,2612,52,0,2560,2601,103195,16,0,0,16,11
2020-11-05,US,Maryland,Worcester,1258,31,0,38.21274277,-75.33200012,24047.0,2406.4580304537453,2.4642289348171698,1227,1254,31,0,1223,1253,51823,4,0,0,4,1
2020-11-05,US,Massachusetts,Barnstable,2089,186,0,41.72980578,-70.28854339,25001.0,980.7972205267853,8.903781713738631,1903,2078,186,0,1892,2065,213413,11,0,0,11,13
2020-11-05,US,Massachusetts,Berkshire,818,52,0,42.37428441,-73.20524838,25003.0,654.6933025995646,6.356968215158925,766,814,52,0,762,808,126348,4,0,0,4,6
2020-11-05,US,Massachusetts,Bristol,13440,771,0,41.79228404,-71.10872211,25005.0,2377.847800048477,5.736607142857142,12669,13239,769,0,12470,13010,564022,201,2,0,199,229
2020-11-05,US,Massachusetts,Dukes and Nantucket,283,2,0,41.40674725,-70.68763497,0.0,984.9987818036267,0.7067137809187279,281,272,2,0,270,266,26707,11,0,0,11,6
2020-11-05,US,Massachusetts,Essex,25365,1362,0,42.6687626,-70.94687179,25009.0,3214.6903682224092,5.369603784742756,24003,25065,1362,0,23703,24724,790638,300,0,0,300,341
2020-11-05,US,Massachusetts,Franklin,495,74,0,42.58119713,-72.58602547,25011.0,705.3291536050157,14.949494949494948,421,490,74,0,416,487,70963,5,0,0,5,3
2020-11-05,US,Massachusetts,Hampden,10812,830,0,42.13440424,-72.63235561,25013.0,2318.320996972374,7.676655567887533,9982,10651,825,0,9826,10523,470406,161,5,0,156,128
2020-11-05,US,Massachusetts,Hampshire,1580,157,0,42.33997957,-72.65898478,25015.0,982.4037803892309,9.936708860759492,1423,1559,156,0,1403,1537,161355,21,1,0,20,22
2020-11-05,US,Massachusetts,Middlesex,33774,2305,0,42.48607732,-71.39049229,25017.0,2095.552581468376,6.824776455261444,31469,33452,2297,0,31155,33119,1614714,322,8,0,314,333
2020-11-05,US,Massachusetts,Norfolk,12394,1118,0,42.16073095,-71.20530408,25021.0,1753.5990944784407,9.020493787316443,11276,12291,1116,0,11175,12222,705388,103,2,0,101,69
2020-11-05,US,Massachusetts,Plymouth,11929,848,0,41.94070556,-70.80802823,25023.0,2288.7479326633434,7.108726632576075,11081,11831,848,0,10983,11747,518132,98,0,0,98,84
2020-11-05,US,Massachusetts,Suffolk,29726,1189,0,42.327951399999996,-71.07850442,25025.0,3697.6913996270723,3.9998654376639977,28537,29474,1187,0,28287,29269,807252,252,2,0,250,205
2020-11-05,US,Massachusetts,Unassigned,4804,6,0,0.0,0.0,90025.0,0.0,0.12489592006661115,4798,4735,5,0,4730,4607,,69,1,0,68,128
2020-11-05,US,Massachusetts,Worcester,17652,1185,0,42.35026951,-71.90493363,25027.0,2125.15440236353,6.713120326308633,16467,17348,1183,0,16165,17201,830839,304,2,0,302,147
2020-11-05,US,Michigan,Alcona,58,3,0,44.6846864,-83.59507875,26001.0,557.4243152330612,5.172413793103448,55,58,3,0,55,59,10362,0,0,0,0,-1
2020-11-05,US,Michigan,Alger,133,1,0,46.41292944,-86.60260122,26003.0,1460.2547211242866,0.7518796992481203,132,131,1,0,130,130,9097,2,0,0,2,1
2020-11-05,US,Michigan,Allegan,1800,8,0,42.59147037,-85.89102866,26005.0,1524.377334202793,0.4444444444444444,1792,1716,8,0,1708,1644,117327,84,0,0,84,72
2020-11-05,US,Michigan,Alpena,196,14,0,45.03477666,-83.62212411,26007.0,690.0193627882416,7.142857142857142,182,196,14,0,182,192,28360,0,0,0,0,4
2020-11-05,US,Michigan,Antrim,172,0,0,44.99690221,-85.15503082,26009.0,737.4378322757675,0.0,172,157,0,0,157,155,23365,15,0,0,15,2
2020-11-05,US,Michigan,Arenac,128,3,0,44.0636262,-83.89277559,26011.0,860.0416582678223,2.34375,125,123,3,0,120,121,15041,5,0,0,5,2
2020-11-05,US,Michigan,Baraga,168,4,0,46.6720582,-88.36363591,26013.0,2046.5342916311365,2.380952380952381,164,153,4,0,149,141,8320,15,0,0,15,12
2020-11-05,US,Michigan,Barry,957,7,0,42.59513984,-85.30834519,26015.0,1554.833468724614,0.7314524555903866,950,938,6,0,932,908,61157,19,1,0,18,30
2020-11-05,US,Michigan,Bay,1892,68,0,43.70639106,-83.98731479,26017.0,1834.648876132111,3.5940803382663846,1824,1825,66,0,1759,1762,103923,67,2,0,65,63
2020-11-05,US,Michigan,Benzie,165,2,0,44.63899297,-86.01608482,26019.0,928.7402904424181,1.2121212121212122,163,163,2,0,161,161,17753,2,0,0,2,2
2020-11-05,US,Michigan,Berrien,3332,91,0,41.95447397,-86.41313079999998,26021.0,2172.084927738411,2.73109243697479,3241,3229,89,0,3140,3165,154141,103,2,0,101,64
2020-11-05,US,Michigan,Branch,1121,13,0,41.91600556,-85.05929476,26023.0,2576.004779741251,1.159678858162355,1108,1069,13,0,1056,1046,43622,52,0,0,52,23
2020-11-05,US,Michigan,Calhoun,3731,76,0,42.24633834,-85.00493569,26025.0,2781.0284811305987,2.0369874028410613,3655,3640,74,0,3566,3521,134487,91,2,0,89,119
2020-11-05,US,Michigan,Cass,1237,25,0,41.91522292,-85.99405727,26027.0,2388.630351246452,2.021018593371059,1212,1201,25,0,1176,1178,51653,36,0,0,36,23
2020-11-05,US,Michigan,Charlevoix,265,4,0,45.37790017,-85.19614053,26029.0,1013.6556630838082,1.509433962264151,261,255,4,0,251,249,26244,10,0,0,10,6
2020-11-05,US,Michigan,Cheboygan,217,4,0,45.44787015,-84.50122149,26031.0,858.521918025004,1.8433179723502304,213,214,4,0,210,212,25413,3,0,0,3,2
2020-11-05,US,Michigan,Chippewa,259,0,0,46.29552653,-84.54353449,26033.0,693.4589948860747,0.0,259,237,0,0,237,209,37517,22,0,0,22,28
2020-11-05,US,Michigan,Clare,383,17,0,43.98794227,-84.84819859999998,26035.0,1237.4798061389338,4.438642297650131,366,363,17,0,346,346,30757,20,0,0,20,17
2020-11-05,US,Michigan,Clinton,1499,17,0,42.94400871,-84.60145248,26037.0,1883.2841258873043,1.134089392928619,1482,1417,16,0,1401,1380,79332,82,1,0,81,37
2020-11-05,US,Michigan,Crawford,172,5,0,44.68255561,-84.61006219,26039.0,1226.0317912894718,2.9069767441860463,167,170,5,0,165,168,13901,2,0,0,2,2
2020-11-05,US,Michigan,Delta,1608,42,0,45.90484910000001,-86.9080745,26041.0,4493.628437290409,2.611940298507463,1566,1524,40,0,1484,1456,35857,84,2,0,82,68
2020-11-05,US,Michigan,Dickinson,886,23,0,46.00999672,-87.86961634,26043.0,3510.44019176671,2.5959367945823932,863,873,21,0,852,833,25383,13,2,0,11,40
2020-11-05,US,Michigan,Eaton,1486,14,0,42.59599185,-84.83740035,26045.0,1347.625784452425,0.9421265141318976,1472,1412,12,0,1400,1390,109826,74,2,0,72,22
2020-11-05,US,Michigan,Emmet,455,8,0,45.52625509,-84.89083249,26047.0,1361.6639233877002,1.7582417582417582,447,431,8,0,423,422,33308,24,0,0,24,9
2020-11-05,US,Michigan,Federal Correctional Institution (FCI),197,5,0,0.0,0.0,0.0,0.0,2.538071065989848,192,197,5,0,192,197,,0,0,0,0,0
2020-11-05,US,Michigan,Genesee,8103,350,0,43.02244215,-83.70589709,26049.0,1996.7324851594208,4.319387881031717,7753,7908,349,0,7559,7712,406892,195,1,0,194,196
2020-11-05,US,Michigan,Gladwin,281,3,0,43.98901072,-84.38774817,26051.0,1104.1691225588431,1.0676156583629892,278,268,3,0,265,260,25337,13,0,0,13,8
2020-11-05,US,Michigan,Gogebic,506,15,0,46.40862701,-89.69377193,26053.0,3620.751341681574,2.9644268774703564,491,495,15,0,480,488,15096,11,0,0,11,7
2020-11-05,US,Michigan,Grand Traverse,968,14,0,44.69565625,-85.55585247,26055.0,1039.8762461326917,1.4462809917355373,954,930,13,0,917,923,92573,38,1,0,37,7
2020-11-05,US,Michigan,Gratiot,723,17,0,43.29265605,-84.60505416,26057.0,1775.9327945764044,2.351313969571231,706,708,17,0,691,660,40599,15,0,0,15,48
2020-11-05,US,Michigan,Hillsdale,662,29,0,41.88753639,-84.59312019,26059.0,1451.595219822388,4.380664652567976,633,648,29,0,619,633,45749,14,0,0,14,15
2020-11-05,US,Michigan,Houghton,1064,9,0,46.89988536,-88.68495385,26061.0,2981.7285057728955,0.8458646616541353,1055,1049,10,0,1039,1029,36219,15,-1,0,16,20
2020-11-05,US,Michigan,Huron,342,8,0,43.83353985,-83.04078453,26063.0,1103.9023917885156,2.3391812865497075,334,331,8,0,323,321,31166,11,0,0,11,10
2020-11-05,US,Michigan,Ingham,5305,70,0,42.59716886,-84.37472069,26065.0,1814.2582573545005,1.3195098963242224,5235,5101,70,0,5031,5079,292735,204,0,0,204,22
2020-11-05,US,Michigan,Ionia,996,8,0,42.94502238,-85.07413319,26067.0,1539.4840564477488,0.8032128514056225,988,915,8,0,907,895,64210,81,0,0,81,20
2020-11-05,US,Michigan,Iosco,360,17,0,44.35486835,-83.63484895,26069.0,1432.7217733911727,4.722222222222221,343,348,17,0,331,338,25081,12,0,0,12,10
2020-11-05,US,Michigan,Iron,524,28,0,46.20974132,-88.53136251,26071.0,4735.225013555033,5.343511450381679,496,508,27,0,481,495,11117,16,1,0,15,13
2020-11-05,US,Michigan,Isabella,1289,15,0,43.64060976,-84.84664923,26073.0,1844.8019235172887,1.1636927851047325,1274,1245,15,0,1230,1203,70562,44,0,0,44,42
2020-11-05,US,Michigan,Jackson,2302,75,0,42.24807035,-84.42258681,26075.0,1452.2743044602869,3.258036490008688,2227,2225,70,0,2155,2148,158823,77,5,0,72,77
2020-11-05,US,Michigan,Kalamazoo,5787,121,0,42.24542231,-85.53038622,26077.0,2183.2298370971757,2.090893381717643,5666,5643,118,0,5525,5501,264870,144,3,0,141,142
2020-11-05,US,Michigan,Kalkaska,173,4,0,44.68512729,-85.09085699,26079.0,959.0863732121077,2.3121387283237,169,165,4,0,161,161,17824,8,0,0,8,4
2020-11-05,US,Michigan,Kent,18152,199,0,43.03197711,-85.54934642,26081.0,2763.0507416794153,1.0962979286029089,17953,17519,194,0,17325,17036,653786,633,5,0,628,483
2020-11-05,US,Michigan,Keweenaw,24,1,0,47.63197653,-88.41434263,26083.0,1134.2155009451794,4.166666666666667,23,25,0,0,25,25,2113,-1,1,0,-2,0
2020-11-05,US,Michigan,Lake,90,1,0,43.99050893,-85.802173,26085.0,759.3014426727411,1.1111111111111112,89,83,1,0,82,79,11881,7,0,0,7,4
2020-11-05,US,Michigan,Lapeer,1097,39,0,43.09052506,-83.22153148,26087.0,1252.1830447338682,3.555150410209663,1058,1071,38,0,1033,1052,88028,26,1,0,25,19
2020-11-05,US,Michigan,Leelanau,182,2,0,44.94430054,-85.80150326,26089.0,836.3586232250356,1.0989010989010992,180,173,2,0,171,172,21764,9,0,0,9,1
2020-11-05,US,Michigan,Lenawee,1325,20,0,41.89475156,-84.06603727,26091.0,1345.8471727052035,1.509433962264151,1305,1294,20,0,1274,1263,98266,31,0,0,31,31
2020-11-05,US,Michigan,Livingston,2664,36,0,42.60302282,-83.91297209,26093.0,1387.5361337534832,1.351351351351351,2628,2565,35,0,2530,2487,191224,99,1,0,98,78
2020-11-05,US,Michigan,Luce,122,0,0,46.47227431,-85.54471223,26095.0,1958.5808315941565,0.0,122,138,0,0,138,86,6283,-16,0,0,-16,52
2020-11-05,US,Michigan,Mackinac,183,0,0,46.07028979,-85.04980537,26097.0,1694.601351977035,0.0,183,182,0,0,182,179,10787,1,0,0,1,3
2020-11-05,US,Michigan,Macomb,21713,1108,0,42.69158356,-82.92752801,26099.0,2484.404534699052,5.102933726339059,20605,21032,1102,0,19930,20637,874759,681,6,0,675,395
2020-11-05,US,Michigan,Manistee,184,4,0,44.33352407,-86.05626916,26101.0,749.2466813258409,2.1739130434782608,180,173,4,0,169,171,24528,11,0,0,11,2
2020-11-05,US,Michigan,Marquette,1444,18,0,46.4338914,-87.64043701,26103.0,2164.9499992503634,1.2465373961218835,1426,1389,18,0,1371,1348,66516,55,0,0,55,41
2020-11-05,US,Michigan,Mason,332,5,0,43.99509218,-86.24988902,26105.0,1139.1710129014548,1.5060240963855422,327,322,3,0,319,318,29100,10,2,0,8,4
2020-11-05,US,Michigan,Mecosta,725,4,0,43.64064262,-85.32463223,26107.0,1668.4693807101926,0.5517241379310345,721,699,4,0,695,681,43545,26,0,0,26,18
2020-11-05,US,Michigan,Menominee,875,7,0,45.58038692,-87.55370409,26109.0,3841.0886742756798,0.8,868,841,7,0,834,821,22983,34,0,0,34,20
2020-11-05,US,Michigan,Michigan Department of Corrections (MDOC),7457,75,0,0.0,0.0,0.0,0.0,1.005766393992222,7382,7181,75,0,7106,7061,,276,0,0,276,120
2020-11-05,US,Michigan,Midland,1380,14,0,43.64330771,-84.38804374,26111.0,1659.5314829958152,1.0144927536231885,1366,1335,14,0,1321,1311,83209,45,0,0,45,24
2020-11-05,US,Michigan,Missaukee,131,1,0,44.33772443,-85.09256478,26113.0,866.5167350178598,0.7633587786259542,130,123,1,0,122,120,15113,8,0,0,8,3
2020-11-05,US,Michigan,Monroe,2492,44,0,41.92734151,-83.53749864,26115.0,1655.813953488372,1.7656500802568218,2448,2400,44,0,2356,2341,150439,92,0,0,92,59
2020-11-05,US,Michigan,Montcalm,918,13,0,43.31082541,-85.15252824,26117.0,1436.8895567242675,1.4161220043572984,905,886,13,0,873,851,63968,32,0,0,32,35
2020-11-05,US,Michigan,Montmorency,44,0,0,45.0275929,-84.12696227,26119.0,471.6981132075471,0.0,44,40,0,0,40,39,9265,4,0,0,4,1
2020-11-05,US,Michigan,Muskegon,3159,86,0,43.29123859,-86.15176712,26121.0,1820.056923591026,2.722380500158278,3073,2992,86,0,2906,2846,173588,167,0,0,167,146
2020-11-05,US,Michigan,Newaygo,827,4,0,43.554373999999996,-85.80070107,26123.0,1688.444262964475,0.4836759371221282,823,793,3,0,790,774,48892,34,1,0,33,19
2020-11-05,US,Michigan,Oakland,28831,1247,0,42.66090111,-83.38595416,26125.0,2292.570516164328,4.325205507960182,27584,28199,1244,0,26955,27839,1259201,632,3,0,629,360
2020-11-05,US,Michigan,Oceana,742,6,0,43.64124435,-86.26726673,26127.0,2803.491139910076,0.8086253369272237,736,720,6,0,714,704,26625,22,0,0,22,16
2020-11-05,US,Michigan,Ogemaw,167,5,0,44.33481032,-84.12725175,26129.0,795.3517169119397,2.9940119760479043,162,157,5,0,152,153,20952,10,0,0,10,4
2020-11-05,US,Michigan,Ontonagon,183,1,0,46.665226200000006,-89.31390481,26131.0,3199.3006993006993,0.5464480874316939,182,166,1,0,165,145,5795,17,0,0,17,21
2020-11-05,US,Michigan,Osceola,244,1,0,43.98992088,-85.32566756,26133.0,1040.068201193521,0.4098360655737705,243,232,1,0,231,227,23341,12,0,0,12,5
2020-11-05,US,Michigan,Oscoda,67,2,0,44.68192279,-84.12939244,26135.0,813.0081300813008,2.985074626865672,65,65,2,0,63,64,8276,2,0,0,2,1
2020-11-05,US,Michigan,Otsego,338,12,0,45.02085831,-84.59898295,26137.0,1370.1962056105076,3.5502958579881656,326,322,12,0,310,317,24665,16,0,0,16,5
2020-11-05,US,Michigan,Ottawa,6730,83,0,42.95996803,-85.9969107,26139.0,2306.137134633177,1.2332838038632987,6647,6472,82,0,6390,6249,290494,258,1,0,257,223
2020-11-05,US,Michigan,Out of MI,416,4,0,0.0,0.0,80026.0,0.0,0.9615384615384616,412,419,4,0,415,372,,-3,0,0,-3,47
2020-11-05,US,Michigan,Presque Isle,96,1,0,45.34018577,-83.91498656,26141.0,762.3888182973317,1.0416666666666667,95,95,1,0,94,90,12738,1,0,0,1,5
2020-11-05,US,Michigan,Roscommon,251,6,0,44.33473082,-84.61067651,26143.0,1045.006036887464,2.3904382470119523,245,237,6,0,231,235,23884,14,0,0,14,2
2020-11-05,US,Michigan,Saginaw,4747,159,0,43.33433923,-84.05131209999998,26145.0,2491.353476191226,3.3494838845586687,4588,4575,159,0,4416,4482,190800,172,0,0,172,93
2020-11-05,US,Michigan,Sanilac,291,7,0,43.42406072,-82.82055898,26151.0,706.8253582705852,2.405498281786941,284,275,7,0,268,265,41182,16,0,0,16,10
2020-11-05,US,Michigan,Schoolcraft,120,1,0,46.19235734,-86.19972234,26153.0,1482.5796886582655,0.8333333333333334,119,119,1,0,118,109,8068,1,0,0,1,10
2020-11-05,US,Michigan,Shiawassee,905,35,0,42.95392800000001,-84.14585902,26155.0,1328.498869674995,3.867403314917127,870,882,34,0,848,868,68192,23,1,0,22,14
2020-11-05,US,Michigan,St. Clair,2006,66,0,42.92655373,-82.67937954,26147.0,1260.6203810768689,3.2901296111665004,1940,1894,66,0,1828,1853,159337,112,0,0,112,41
2020-11-05,US,Michigan,St. Joseph,1552,25,0,41.91441767,-85.52797979,26149.0,2545.7647136014707,1.6108247422680413,1527,1519,25,0,1494,1478,61043,33,0,0,33,41
2020-11-05,US,Michigan,Tuscola,842,37,0,43.46606813,-83.41897025,26157.0,1611.6374772705524,4.394299287410926,805,806,37,0,769,783,52516,36,0,0,36,23
2020-11-05,US,Michigan,Unassigned,18,0,0,0.0,0.0,90026.0,0.0,0.0,18,9,0,0,9,30,,9,0,0,9,-21
2020-11-05,US,Michigan,Van Buren,1415,20,0,42.25190229,-86.01939087,26159.0,1869.7887072690514,1.413427561837456,1395,1375,20,0,1355,1338,75448,40,0,0,40,37
2020-11-05,US,Michigan,Washtenaw,6227,119,0,42.253105,-83.83853204,26161.0,1693.9562188350956,1.9110325999678817,6108,6112,119,0,5993,6008,370963,115,0,0,115,104
2020-11-05,US,Michigan,Wayne,44421,3074,0,42.28098405,-83.281255,26163.0,2539.2961814807045,6.9201503793250945,41347,43856,3069,0,40787,43349,1753893,565,5,0,560,507
2020-11-05,US,Michigan,Wexford,232,4,0,44.33853602,-85.57712739,26165.0,689.8397312003806,1.7241379310344829,228,219,4,0,215,216,33466,13,0,0,13,3
2020-11-05,US,Minnesota,Aitkin,274,5,0,46.60962049,-93.41168259999999,27001.0,1724.7891224977966,1.8248175182481752,269,266,5,0,261,249,15902,8,0,0,8,17
2020-11-05,US,Minnesota,Anoka,11103,165,0,45.27476015,-93.24604565,27003.0,3110.772411822224,1.4860848419346122,10938,10778,161,0,10617,10514,353813,325,4,0,321,264
2020-11-05,US,Minnesota,Becker,814,4,0,46.93479392,-95.67158144,27005.0,2364.698021671557,0.4914004914004914,810,778,4,0,774,741,34371,36,0,0,36,37
2020-11-05,US,Minnesota,Beltrami,1116,13,0,47.97373527,-94.93732139,27007.0,2365.008052894804,1.1648745519713262,1103,1068,12,0,1056,1034,46847,48,1,0,47,34
2020-11-05,US,Minnesota,Benton,1327,16,0,45.69804958,-93.99514135,27009.0,3245.371615838001,1.205727204220045,1311,1274,16,0,1258,1211,40545,53,0,0,53,63
2020-11-05,US,Minnesota,Big Stone,195,1,0,45.42712824,-96.41403739,27011.0,3907.0326587858144,0.5128205128205128,194,194,1,0,193,187,4989,1,0,0,1,7
2020-11-05,US,Minnesota,Blue Earth,2335,7,0,44.03554215,-94.06699781,27013.0,3451.436004316143,0.2997858672376873,2328,2310,7,0,2303,2254,67427,25,0,0,25,56
2020-11-05,US,Minnesota,Brown,462,4,0,44.24205652,-94.72562874,27015.0,1847.408829174664,0.8658008658008658,458,434,3,0,431,422,25111,28,1,0,27,12
2020-11-05,US,Minnesota,Carlton,699,3,0,46.59180601,-92.67601019,27017.0,1948.6493267542025,0.4291845493562232,696,679,3,0,676,629,35837,20,0,0,20,50
2020-11-05,US,Minnesota,Carver,2130,9,0,44.82017001,-93.80099179999999,27019.0,2026.8534289982776,0.4225352112676056,2121,2105,9,0,2096,2056,103551,25,0,0,25,49
2020-11-05,US,Minnesota,Cass,576,5,0,46.95043611,-94.32603968,27021.0,1934.2489673931293,0.8680555555555556,571,536,5,0,531,507,29519,40,0,0,40,29
2020-11-05,US,Minnesota,Chippewa,515,3,0,45.02343421,-95.56403693,27023.0,4364.406779661017,0.5825242718446602,512,510,3,0,507,507,11924,5,0,0,5,3
2020-11-05,US,Minnesota,Chisago,1505,2,0,45.5021011,-92.90861945,27025.0,2659.997525583697,0.132890365448505,1503,1453,2,0,1451,1405,55922,52,0,0,52,48
2020-11-05,US,Minnesota,Clay,2934,46,0,46.89289518,-96.48761922,27027.0,4568.527918781726,1.5678254942058625,2888,2888,46,0,2842,2762,63955,46,0,0,46,126
2020-11-05,US,Minnesota,Clearwater,187,1,0,47.57992111,-95.37790562,27029.0,2120.66228169653,0.5347593582887701,186,173,1,0,172,167,8810,14,0,0,14,6
2020-11-05,US,Minnesota,Cook,32,0,0,47.90504893,-90.52629546,27031.0,585.7587406187076,0.0,32,30,0,0,30,27,5393,2,0,0,2,3
2020-11-05,US,Minnesota,Cottonwood,340,0,0,44.00715262,-95.18138802,27033.0,3036.798856734548,0.0,340,332,0,0,332,329,11277,8,0,0,8,3
2020-11-05,US,Minnesota,Crow Wing,1503,22,0,46.48096553,-94.06755609,27035.0,2310.3527784182616,1.4637391882900863,1481,1453,22,0,1431,1399,64889,50,0,0,50,54
2020-11-05,US,Minnesota,Dakota,11664,142,0,44.67172617,-93.06299363,27037.0,2718.748033313055,1.2174211248285325,11522,11435,141,0,11294,11184,425423,229,1,0,228,251
2020-11-05,US,Minnesota,Dodge,473,0,0,44.02238415,-92.86244324,27039.0,2259.4821820961115,0.0,473,463,0,0,463,450,20822,10,0,0,10,13
2020-11-05,US,Minnesota,Douglas,993,8,0,45.93348491,-95.45335469,27041.0,2603.4975485697805,0.8056394763343404,985,951,8,0,943,899,37964,42,0,0,42,52
2020-11-05,US,Minnesota,Faribault,285,0,0,43.67381499,-93.94787458,27043.0,2087.453306965502,0.0,285,286,0,0,286,277,13758,-1,0,0,-1,9
2020-11-05,US,Minnesota,Fillmore,325,0,0,43.67394126,-92.08980382,27045.0,1542.6971092229553,0.0,325,318,0,0,318,311,21058,7,0,0,7,7
2020-11-05,US,Minnesota,Freeborn,811,5,0,43.67385583,-93.34884422,27047.0,2678.247085631254,0.6165228113440198,806,798,5,0,793,780,30444,13,0,0,13,18
2020-11-05,US,Minnesota,Goodhue,888,15,0,44.40849741,-92.72341949999999,27049.0,1916.2710401381091,1.6891891891891893,873,838,14,0,824,797,46403,50,1,0,49,41
2020-11-05,US,Minnesota,Grant,126,5,0,45.93424769,-96.01139609,27051.0,2109.8459477561955,3.968253968253968,121,123,5,0,118,118,6021,3,0,0,3,5
2020-11-05,US,Minnesota,Hennepin,39724,1012,0,45.00761521,-93.47694895,27053.0,3138.1458838102362,2.5475782902023965,38712,38911,1009,0,37902,38272,1259428,813,3,0,810,639
2020-11-05,US,Minnesota,Houston,303,2,0,43.67129565,-91.49143057,27055.0,1629.032258064516,0.6600660066006601,301,290,2,0,288,269,18578,13,0,0,13,21
2020-11-05,US,Minnesota,Hubbard,561,7,0,47.10778564,-94.91693868,27057.0,2610.395049090317,1.2477718360071302,554,546,6,0,540,535,21332,15,1,0,14,11
2020-11-05,US,Minnesota,Isanti,750,8,0,45.56181234,-93.29487636,27059.0,1847.4726574046704,1.0666666666666669,742,715,8,0,707,689,39966,35,0,0,35,26
2020-11-05,US,Minnesota,Itasca,953,17,0,47.51009045,-93.63092229,27061.0,2111.677376467981,1.7838405036726128,936,921,17,0,904,896,45108,32,0,0,32,25
2020-11-05,US,Minnesota,Jackson,261,1,0,43.67423373,-95.15398258,27063.0,2650.822669104205,0.3831417624521073,260,251,1,0,250,248,9911,10,0,0,10,3
2020-11-05,US,Minnesota,Kanabec,267,10,0,45.9459309,-93.29275192,27065.0,1634.326987819061,3.7453183520599245,257,265,10,0,255,258,16207,2,0,0,2,7
2020-11-05,US,Minnesota,Kandiyohi,2038,5,0,45.1526059,-95.00586446,27067.0,4717.701798652746,0.24533856722276745,2033,2003,5,0,1998,1988,42855,35,0,0,35,15
2020-11-05,US,Minnesota,Kittson,91,1,0,48.77754106,-96.78317184,27069.0,2117.2638436482084,1.0989010989010992,90,86,0,0,86,78,4248,5,1,0,4,8
2020-11-05,US,Minnesota,Koochiching,197,5,0,48.24539665,-93.78352843,27071.0,1610.9248507645761,2.538071065989848,192,192,5,0,187,187,12440,5,0,0,5,5
2020-11-05,US,Minnesota,Lac qui Parle,168,3,0,44.9973857,-96.17488219,27073.0,2536.6148271176207,1.7857142857142858,165,165,3,0,162,158,6658,3,0,0,3,7
2020-11-05,US,Minnesota,Lake,158,0,0,47.64270764,-91.44557998,27075.0,1484.8228549948312,0.0,158,158,0,0,158,151,10658,0,0,0,0,7
2020-11-05,US,Minnesota,Lake of the Woods,57,1,0,48.77217001,-94.90274472,27077.0,1524.0641711229944,1.7543859649122806,56,56,1,0,55,55,3758,1,0,0,1,1
2020-11-05,US,Minnesota,Le Sueur,754,6,0,44.37136597,-93.72844721,27079.0,2610.17066500502,0.7957559681697612,748,740,6,0,734,722,28494,14,0,0,14,18
2020-11-05,US,Minnesota,Lincoln,219,1,0,44.41311883,-96.26688165,27081.0,3883.66731690016,0.45662100456620996,218,214,0,0,214,212,5673,5,1,0,4,2
2020-11-05,US,Minnesota,Lyon,1143,6,0,44.41327865,-95.83806103,27083.0,4486.927848001884,0.5249343832020997,1137,1111,6,0,1105,1100,25629,32,0,0,32,11
2020-11-05,US,Minnesota,Mahnomen,146,2,0,47.32557075,-95.80921485,27087.0,2641.577709426452,1.3698630136986298,144,142,2,0,140,140,5519,4,0,0,4,2
2020-11-05,US,Minnesota,Marshall,224,1,0,48.35825983,-96.37017407,27089.0,2399.3144815766923,0.44642857142857145,223,213,1,0,212,204,9390,11,0,0,11,9
2020-11-05,US,Minnesota,Martin,673,18,0,43.67429718,-94.55099908,27091.0,3419.1942285220753,2.674591381872214,655,670,18,0,652,659,19785,3,0,0,3,11
2020-11-05,US,Minnesota,McLeod,723,4,0,44.82367677,-94.27287017,27085.0,2014.3203410135682,0.5532503457814661,719,705,4,0,701,699,35873,18,0,0,18,6
2020-11-05,US,Minnesota,Meeker,423,4,0,45.12328869,-94.52839455,27093.0,1821.548531564896,0.9456264775413712,419,405,4,0,401,398,23141,18,0,0,18,7
2020-11-05,US,Minnesota,Mille Lacs,606,21,0,45.93705297,-93.63236823,27095.0,2306.199337823953,3.4653465346534653,585,573,21,0,552,538,26139,33,0,0,33,35
2020-11-05,US,Minnesota,Morrison,1035,10,0,46.01265363,-94.27341528,27097.0,3100.101839094232,0.966183574879227,1025,1020,9,0,1011,974,33169,15,1,0,14,46
2020-11-05,US,Minnesota,Mower,1621,21,0,43.67142874,-92.75234549,27099.0,4046.2283460636013,1.295496607032696,1600,1614,20,0,1594,1597,40011,7,1,0,6,17
2020-11-05,US,Minnesota,Murray,331,3,0,44.02216709,-95.76328482,27101.0,4039.541127654381,0.9063444108761328,328,324,3,0,321,321,8276,7,0,0,7,3
2020-11-05,US,Minnesota,Nicollet,863,18,0,44.35291112,-94.24710352,27103.0,2517.943630740503,2.085747392815759,845,848,18,0,830,829,34220,15,0,0,15,19
2020-11-05,US,Minnesota,Nobles,2527,21,0,43.67434621,-95.75329576,27105.0,11683.388043830044,0.8310249307479224,2506,2487,20,0,2467,2475,21924,40,1,0,39,12
2020-11-05,US,Minnesota,Norman,176,4,0,47.32628443,-96.45620947,27107.0,2760.784313725491,2.272727272727273,172,167,1,0,166,155,6475,9,3,0,6,12
2020-11-05,US,Minnesota,Olmsted,3930,30,0,44.00374114,-92.40209944,27109.0,2482.737707921386,0.7633587786259542,3900,3823,30,0,3793,3735,156277,107,0,0,107,88
2020-11-05,US,Minnesota,Otter Tail,1165,8,0,46.40846929,-95.70835255,27111.0,1983.1137439144793,0.6866952789699571,1157,1121,8,0,1113,1080,58812,44,0,0,44,41
2020-11-05,US,Minnesota,Pennington,254,2,0,48.06642577,-96.0370814,27113.0,1798.994263049791,0.7874015748031497,252,246,2,0,244,240,14178,8,0,0,8,6
2020-11-05,US,Minnesota,Pine,688,1,0,46.12105238,-92.74070188,27115.0,2325.9745089421554,0.14534883720930233,687,658,1,0,657,643,29483,30,0,0,30,15
2020-11-05,US,Minnesota,Pipestone,411,17,0,44.02301619,-96.25841142,27117.0,4503.616042077581,4.13625304136253,394,398,17,0,381,397,9047,13,0,0,13,1
2020-11-05,US,Minnesota,Polk,1167,7,0,47.77372465,-96.40134647,27119.0,3720.8264252008667,0.5998286203941731,1160,1117,7,0,1110,1070,31529,50,0,0,50,47
2020-11-05,US,Minnesota,Pope,195,0,0,45.58606667,-95.44451209,27121.0,1733.4874211040978,0.0,195,193,0,0,193,187,11097,2,0,0,2,6
2020-11-05,US,Minnesota,Ramsey,16524,390,0,45.01625271,-93.09872295,27123.0,3002.6112032795404,2.3602033405954974,16134,16189,388,0,15801,15853,550210,335,2,0,333,336
2020-11-05,US,Minnesota,Red Lake,105,2,0,47.87197525,-96.09561104,27125.0,2589.395807644883,1.9047619047619049,103,101,2,0,99,95,3999,4,0,0,4,6
2020-11-05,US,Minnesota,Redwood,359,12,0,44.40555844,-95.25207021,27127.0,2366.5128543177325,3.3426183844011144,347,346,12,0,334,340,15249,13,0,0,13,6
2020-11-05,US,Minnesota,Renville,328,13,0,44.72836381,-94.94553734,27129.0,2254.6054440472917,3.963414634146341,315,323,13,0,310,319,14612,5,0,0,5,4
2020-11-05,US,Minnesota,Rice,1919,13,0,44.3543376,-93.29658715,27131.0,2865.3765752851937,0.6774361646690985,1906,1865,13,0,1852,1823,66523,54,0,0,54,42
2020-11-05,US,Minnesota,Rock,411,9,0,43.67482683,-96.25296832,27133.0,4412.2383252818045,2.18978102189781,402,407,9,0,398,402,9414,4,0,0,4,5
2020-11-05,US,Minnesota,Roseau,470,0,0,48.77501878,-95.81079919,27135.0,3099.241674909331,0.0,470,436,0,0,436,412,15150,34,0,0,34,24
2020-11-05,US,Minnesota,Scott,4201,39,0,44.6490231,-93.53340251,27139.0,2819.2171152852434,0.9283503927636276,4162,4098,38,0,4060,4013,147381,103,1,0,102,85
2020-11-05,US,Minnesota,Sherburne,2320,26,0,45.44447208,-93.77617511,27141.0,2385.898517040663,1.1206896551724137,2294,2216,26,0,2190,2140,96036,104,0,0,104,76
2020-11-05,US,Minnesota,Sibley,308,3,0,44.5796592,-94.23164924,27143.0,2071.9811638076017,0.9740259740259741,305,302,3,0,299,295,15028,6,0,0,6,7
2020-11-05,US,Minnesota,St. Louis,3835,76,0,47.604840700000004,-92.46879855,27137.0,1926.4580298387507,1.9817470664928287,3759,3785,76,0,3709,3618,199754,50,0,0,50,167
2020-11-05,US,Minnesota,Stearns,7315,55,0,45.55192576,-94.61078221,27145.0,4541.362719230172,0.7518796992481203,7260,7141,54,0,7087,6946,159256,174,1,0,173,195
2020-11-05,US,Minnesota,Steele,917,4,0,44.02240351,-93.22627088,27147.0,2502.114655242981,0.4362050163576881,913,897,4,0,893,874,36803,20,0,0,20,23
2020-11-05,US,Minnesota,Stevens,217,1,0,45.58613007,-96.00163705,27149.0,2213.1565527791945,0.4608294930875576,216,215,1,0,214,211,9753,2,0,0,2,4
2020-11-05,US,Minnesota,Swift,270,2,0,45.2829032,-95.68264092,27151.0,2913.878696309087,0.7407407407407407,268,263,2,0,261,256,9345,7,0,0,7,7
2020-11-05,US,Minnesota,Todd,1088,9,0,46.06996226,-94.89785296,27153.0,4411.2877067791105,0.8272058823529411,1079,1052,9,0,1043,1023,24582,36,0,0,36,29
2020-11-05,US,Minnesota,Traverse,68,0,0,45.77298854,-96.47062949,27155.0,2086.529610309911,0.0,68,66,0,0,66,63,3308,2,0,0,2,3
2020-11-05,US,Minnesota,Unassigned,232,54,0,0.0,0.0,90027.0,0.0,23.27586206896552,178,231,54,0,177,244,,1,0,0,1,-13
2020-11-05,US,Minnesota,Wabasha,497,1,0,44.28424356,-92.23121312,27157.0,2298.053359226892,0.2012072434607646,496,472,1,0,471,459,21645,25,0,0,25,13
2020-11-05,US,Minnesota,Wadena,348,5,0,46.58589171,-94.96968506,27159.0,2543.4877941821373,1.4367816091954022,343,329,5,0,324,318,13773,19,0,0,19,11
2020-11-05,US,Minnesota,Waseca,983,10,0,44.02211116,-93.58720034,27161.0,5281.53879217709,1.017293997965412,973,981,10,0,971,967,18691,2,0,0,2,14
2020-11-05,US,Minnesota,Washington,7694,76,0,45.03864533,-92.88429635,27163.0,2931.717725956409,0.987782687808682,7618,7519,75,0,7444,7340,259201,175,1,0,174,179
2020-11-05,US,Minnesota,Watonwan,612,4,0,43.97823903,-94.61413846,27165.0,5616.224648985961,0.6535947712418301,608,611,4,0,607,602,10980,1,0,0,1,9
2020-11-05,US,Minnesota,Wilkin,170,4,0,46.35721532,-96.4684375,27167.0,2738.8432415015304,2.3529411764705883,166,163,4,0,159,155,6254,7,0,0,7,8
2020-11-05,US,Minnesota,Winona,1545,20,0,43.98772283,-91.78081305,27169.0,3060.3755645352985,1.2944983818770226,1525,1503,20,0,1483,1463,50825,42,0,0,42,40
2020-11-05,US,Minnesota,Wright,3356,16,0,45.17297924,-93.96234781,27171.0,2425.258532848667,0.4767580452920143,3340,3238,16,0,3222,3145,136349,118,0,0,118,93
2020-11-05,US,Minnesota,Yellow Medicine,359,7,0,44.71710183,-95.86842453,27173.0,3697.6001647955504,1.9498607242339836,352,353,7,0,346,345,9795,6,0,0,6,8
2020-11-05,US,Mississippi,Adams,1148,46,0,31.47669768,-91.35326037,28001.0,3740.266510279217,4.006968641114983,1102,1139,45,0,1094,1137,31192,9,1,0,8,2
2020-11-05,US,Mississippi,Alcorn,1182,14,0,34.88084463,-88.57996173,28003.0,3198.657754444835,1.1844331641285957,1168,1144,13,0,1131,1138,36925,38,1,0,37,6
2020-11-05,US,Mississippi,Amite,440,14,0,31.17467303,-90.80501621,28005.0,3578.108481743515,3.1818181818181817,426,439,14,0,425,438,12326,1,0,0,1,1
2020-11-05,US,Mississippi,Attala,838,27,0,33.08658803,-89.57838564,28007.0,4610.982722570706,3.2219570405727924,811,830,27,0,803,823,18365,8,0,0,8,7
2020-11-05,US,Mississippi,Benton,396,12,0,34.81681228,-89.18945516,28009.0,4794.769342535416,3.0303030303030303,384,387,12,0,375,383,8271,9,0,0,9,4
2020-11-05,US,Mississippi,Bolivar,2103,81,0,33.79696941,-90.87372121,28011.0,6866.2661616821215,3.8516405135520686,2022,2081,81,0,2000,2076,31333,22,0,0,22,5
2020-11-05,US,Mississippi,Calhoun,648,13,0,33.93683395,-89.33686647,28013.0,4512.220597451431,2.0061728395061733,635,647,13,0,634,643,14436,1,0,0,1,4
2020-11-05,US,Mississippi,Carroll,552,12,0,33.44834567,-89.91994479,28015.0,5549.411882979793,2.1739130434782608,540,541,12,0,529,535,9911,11,0,0,11,6
2020-11-05,US,Mississippi,Chickasaw,890,31,0,33.91983202,-88.9481545,28017.0,5203.765421271122,3.4831460674157304,859,885,31,0,854,884,17171,5,0,0,5,1
2020-11-05,US,Mississippi,Choctaw,226,7,0,33.34598242,-89.24809382,28019.0,2752.7405602923272,3.0973451327433628,219,224,7,0,217,219,8278,2,0,0,2,5
2020-11-05,US,Mississippi,Claiborne,548,16,0,31.97061673,-90.90702196,28021.0,6097.018246550957,2.9197080291970803,532,545,16,0,529,545,9002,3,0,0,3,0
2020-11-05,US,Mississippi,Clarke,812,53,0,32.04158545,-88.68896219999998,28023.0,5224.889003281642,6.527093596059113,759,801,53,0,748,796,15604,11,0,0,11,5
2020-11-05,US,Mississippi,Clay,748,23,0,33.65358105,-88.77784255,28025.0,3872.437357630981,3.074866310160428,725,741,23,0,718,735,19386,7,0,0,7,6
2020-11-05,US,Mississippi,Coahoma,1305,37,0,34.22772299,-90.60415045,28027.0,5898.571686855903,2.835249042145594,1268,1299,37,0,1262,1293,22628,6,0,0,6,6
2020-11-05,US,Mississippi,Copiah,1427,38,0,31.86977774,-90.44565118,28029.0,5084.624977730269,2.6629292221443586,1389,1421,38,0,1383,1415,28543,6,0,0,6,6
2020-11-05,US,Mississippi,Covington,1043,31,0,31.63225413,-89.55389939,28031.0,5596.694569650142,2.972195589645254,1012,1030,31,0,999,1021,18853,13,0,0,13,9
2020-11-05,US,Mississippi,DeSoto,7916,82,0,34.87625235,-89.99091418,28033.0,4280.191408256509,1.035876705406771,7834,7729,82,0,7647,7691,182001,187,0,0,187,38
2020-11-05,US,Mississippi,Forrest,3230,81,0,31.18961454,-89.25832496,28035.0,4312.589289290626,2.5077399380804954,3149,3196,81,0,3115,3180,75036,34,0,0,34,16
2020-11-05,US,Mississippi,Franklin,260,3,0,31.47786634,-90.89672989,28037.0,3370.932192402437,1.1538461538461535,257,259,3,0,256,259,7788,1,0,0,1,0
2020-11-05,US,Mississippi,George,1068,21,0,30.86259065,-88.64436789,28039.0,4359.183673469388,1.9662921348314608,1047,1044,21,0,1023,1044,24250,24,0,0,24,0
2020-11-05,US,Mississippi,Greene,503,18,0,31.21444233,-88.63922281,28041.0,3702.3406447813927,3.5785288270377733,485,494,18,0,476,491,13586,9,0,0,9,3
2020-11-05,US,Mississippi,Grenada,1262,42,0,33.77036166,-89.80245083,28043.0,6079.583774930146,3.328050713153724,1220,1258,41,0,1217,1252,21055,4,1,0,3,6
2020-11-05,US,Mississippi,Hancock,933,32,0,30.41830223,-89.48851033,28045.0,1958.767215317433,3.429796355841372,901,921,31,0,890,917,47334,12,1,0,11,4
2020-11-05,US,Mississippi,Harrison,5868,91,0,30.51359752,-89.12467576,28047.0,2820.0692041522493,1.550783912747103,5777,5728,91,0,5637,5681,206650,140,0,0,140,47
2020-11-05,US,Mississippi,Hinds,8362,181,0,32.2656285,-90.44435448,28049.0,3606.7977915804,2.164553934465439,8181,8292,181,0,8111,8239,237085,70,0,0,70,53
2020-11-05,US,Mississippi,Holmes,1160,60,0,33.12345854,-90.08923538,28051.0,6819.517930629042,5.172413793103448,1100,1159,60,0,1099,1158,17622,1,0,0,1,1
2020-11-05,US,Mississippi,Humphreys,480,18,0,33.12825718,-90.52252707,28053.0,5952.380952380952,3.75,462,476,18,0,458,473,8257,4,0,0,4,3
2020-11-05,US,Mississippi,Issaquena,107,4,0,32.72531359,-90.97392828,28055.0,8063.300678221552,3.7383177570093458,103,107,4,0,103,107,1308,0,0,0,0,0
2020-11-05,US,Mississippi,Itawamba,1239,29,0,34.27993475,-88.3606733,28057.0,5297.13552800342,2.340597255851493,1210,1221,29,0,1192,1215,23517,18,0,0,18,6
2020-11-05,US,Mississippi,Jackson,5184,100,0,30.54020656,-88.64184064,28059.0,3609.6005347556347,1.9290123456790125,5084,5077,100,0,4977,5024,143277,107,0,0,107,53
2020-11-05,US,Mississippi,Jasper,724,19,0,32.01922104,-89.11786866,28061.0,4419.215039980468,2.624309392265193,705,718,19,0,699,714,16428,6,0,0,6,4
2020-11-05,US,Mississippi,Jefferson,288,11,0,31.73397872,-91.03764977,28063.0,4120.171673819743,3.8194444444444446,277,286,11,0,275,287,7106,2,0,0,2,-1
2020-11-05,US,Mississippi,Jefferson Davis,454,13,0,31.56884708,-89.82670990000004,28065.0,4079.7987059669294,2.8634361233480177,441,436,13,0,423,429,11234,18,0,0,18,7
2020-11-05,US,Mississippi,Jones,3082,84,0,31.62257767,-89.16896899999998,28067.0,4525.830420864049,2.7255029201817003,2998,3054,84,0,2970,3042,68461,28,0,0,28,12
2020-11-05,US,Mississippi,Kemper,341,15,0,32.75462946,-88.64105766,28069.0,3500.307944980497,4.3988269794721395,326,340,15,0,325,338,10027,1,0,0,1,2
2020-11-05,US,Mississippi,Lafayette,2658,43,0,34.35687874,-89.48490961,28071.0,4920.490938373535,1.617757712565839,2615,2640,43,0,2597,2628,54793,18,0,0,18,12
2020-11-05,US,Mississippi,Lamar,2451,41,0,31.20572971,-89.5077704,28073.0,3869.4094059327776,1.6727866177070585,2410,2426,41,0,2385,2400,62447,25,0,0,25,26
2020-11-05,US,Mississippi,Lauderdale,2749,135,0,32.40419769,-88.66229662,28075.0,3708.600337268128,4.910876682429975,2614,2713,135,0,2578,2679,75317,36,0,0,36,34
2020-11-05,US,Mississippi,Lawrence,589,14,0,31.55147224,-90.10841127,28077.0,4679.802955665025,2.3769100169779285,575,581,14,0,567,578,12455,8,0,0,8,3
2020-11-05,US,Mississippi,Leake,1195,42,0,32.7536828,-89.52402044,28079.0,5244.448345475292,3.514644351464435,1153,1191,42,0,1149,1188,22763,4,0,0,4,3
2020-11-05,US,Mississippi,Lee,3888,84,0,34.291877500000005,-88.68149954,28081.0,4550.774849009785,2.1604938271604937,3804,3830,84,0,3746,3783,85202,58,0,0,58,47
2020-11-05,US,Mississippi,Leflore,1802,88,0,33.55545125,-90.29900733,28083.0,6393.925416030941,4.8834628190899005,1714,1786,88,0,1698,1779,28919,16,0,0,16,7
2020-11-05,US,Mississippi,Lincoln,1504,61,0,31.53288662,-90.45391915,28085.0,4403.712704594032,4.055851063829787,1443,1489,61,0,1428,1484,34205,15,0,0,15,5
2020-11-05,US,Mississippi,Lowndes,1941,62,0,33.47386518,-88.44191529999998,28087.0,3312.569331854254,3.194229778464709,1879,1901,62,0,1839,1878,58930,40,0,0,40,23
2020-11-05,US,Mississippi,Madison,3986,94,0,32.63389156,-90.03513564,28089.0,3750.7527853056313,2.358253888610136,3892,3958,94,0,3864,3930,105630,28,0,0,28,28
2020-11-05,US,Mississippi,Marion,991,46,0,31.23132643,-89.8209217,28091.0,4032.881618036056,4.641775983854691,945,987,46,0,941,984,24715,4,0,0,4,3
2020-11-05,US,Mississippi,Marshall,1639,34,0,34.76216286,-89.50299462,28093.0,4643.848812829377,2.074435631482612,1605,1602,34,0,1568,1595,35451,37,0,0,37,7
2020-11-05,US,Mississippi,Monroe,1629,75,0,33.89236763,-88.4808438,28095.0,4621.0144105299,4.6040515653775325,1554,1607,75,0,1532,1595,35564,22,0,0,22,12
2020-11-05,US,Mississippi,Montgomery,600,23,0,33.49419589,-89.61729103,28097.0,6138.107416879795,3.8333333333333335,577,583,23,0,560,578,10023,17,0,0,17,5
2020-11-05,US,Mississippi,Neshoba,1929,111,0,32.75339664,-89.11726492,28099.0,6624.768184628065,5.754276827371696,1818,1914,111,0,1803,1913,29125,15,0,0,15,1
2020-11-05,US,Mississippi,Newton,901,28,0,32.40021118,-89.11843336,28101.0,4286.801788942811,3.107658157602664,873,891,28,0,863,887,21443,10,0,0,10,4
2020-11-05,US,Mississippi,Noxubee,615,17,0,33.11009499,-88.56949061,28103.0,5903.811078045503,2.7642276422764227,598,612,17,0,595,609,10535,3,0,0,3,3
2020-11-05,US,Mississippi,Oktibbeha,2117,57,0,33.42491685,-88.87905132,28105.0,4269.2641216447855,2.6924893717524805,2060,2098,57,0,2041,2092,49599,19,0,0,19,6
2020-11-05,US,Mississippi,Panola,1789,41,0,34.36398677,-89.95064249,28107.0,5232.2180627047255,2.2917831190609284,1748,1770,41,0,1729,1754,34178,19,0,0,19,16
2020-11-05,US,Mississippi,Pearl River,1251,62,0,30.77090935,-89.58677275,28109.0,2252.633474385523,4.95603517186251,1189,1232,61,0,1171,1215,55387,19,1,0,18,17
2020-11-05,US,Mississippi,Perry,553,23,0,31.17161885,-88.99281835,28111.0,4618.725465631002,4.159132007233273,530,547,23,0,524,545,11931,6,0,0,6,2
2020-11-05,US,Mississippi,Pike,1442,56,0,31.17507789,-90.40392572,28113.0,3670.3319079617186,3.8834951456310685,1386,1432,56,0,1376,1428,39563,10,0,0,10,4
2020-11-05,US,Mississippi,Pontotoc,1619,21,0,34.226046000000004,-89.03636807,28115.0,5032.013426990738,1.2970969734403952,1598,1591,21,0,1570,1576,31833,28,0,0,28,15
2020-11-05,US,Mississippi,Prentiss,1157,20,0,34.61810501,-88.51986294,28117.0,4604.791849080633,1.728608470181504,1137,1131,20,0,1111,1124,25315,26,0,0,26,7
2020-11-05,US,Mississippi,Quitman,431,7,0,34.25157572,-90.28908,28119.0,6345.70082449941,1.6241299303944317,424,427,7,0,420,426,7051,4,0,0,4,1
2020-11-05,US,Mississippi,Rankin,4309,88,0,32.26469147,-89.94537876,28121.0,2775.147967102678,2.042237177999536,4221,4258,88,0,4170,4218,153902,51,0,0,51,40
2020-11-05,US,Mississippi,Scott,1313,29,0,32.406704100000006,-89.53789439,28123.0,4668.610439482291,2.2086824067022093,1284,1307,29,0,1278,1306,28287,6,0,0,6,1
2020-11-05,US,Mississippi,Sharkey,293,15,0,32.88149103,-90.81595379999999,28125.0,6780.837769034945,5.119453924914676,278,292,15,0,277,292,4377,1,0,0,1,0
2020-11-05,US,Mississippi,Simpson,1286,50,0,31.91282117,-89.91716179,28127.0,4824.067822042163,3.888024883359253,1236,1272,50,0,1222,1269,26758,14,0,0,14,3
2020-11-05,US,Mississippi,Smith,630,16,0,32.01744532,-89.50644846,28129.0,3958.2809751193768,2.5396825396825395,614,622,16,0,606,618,16002,8,0,0,8,4
2020-11-05,US,Mississippi,Stone,531,14,0,30.79187949,-89.11547539,28131.0,2895.9424083769627,2.6365348399246704,517,522,14,0,508,519,18717,9,0,0,9,3
2020-11-05,US,Mississippi,Sunflower,1711,52,0,33.60192578,-90.58882684,28133.0,6814.018319394663,3.0391583869082406,1659,1699,52,0,1647,1696,25735,12,0,0,12,3
2020-11-05,US,Mississippi,Tallahatchie,892,26,0,33.95339918,-90.1729398,28135.0,6459.555362444781,2.914798206278027,866,877,26,0,851,873,13987,15,0,0,15,4
2020-11-05,US,Mississippi,Tate,1330,39,0,34.65133709,-89.94485778,28137.0,4696.161858691429,2.9323308270676693,1291,1293,39,0,1254,1286,28759,37,0,0,37,7
2020-11-05,US,Mississippi,Tippah,1009,25,0,34.76872156,-88.90988194,28139.0,4583.2387008857595,2.4777006937561943,984,992,25,0,967,986,21995,17,0,0,17,6
2020-11-05,US,Mississippi,Tishomingo,872,41,0,34.74023475,-88.23917219,28141.0,4498.787597379147,4.701834862385321,831,859,41,0,818,852,19454,13,0,0,13,7
2020-11-05,US,Mississippi,Tunica,549,17,0,34.64967704,-90.37481167,28143.0,5699.750830564784,3.0965391621129332,532,546,17,0,529,546,9944,3,0,0,3,0
2020-11-05,US,Mississippi,Union,1325,25,0,34.49162015,-89.00776006,28145.0,4598.299496789867,1.8867924528301887,1300,1302,25,0,1277,1287,28606,23,0,0,23,15
2020-11-05,US,Mississippi,Walthall,669,27,0,31.14971548,-90.10446654,28147.0,4682.906341873162,4.035874439461884,642,662,27,0,635,651,14465,7,0,0,7,11
2020-11-05,US,Mississippi,Warren,1600,56,0,32.35810271,-90.83352619,28149.0,3525.704590026663,3.5,1544,1591,56,0,1535,1584,46176,9,0,0,9,7
2020-11-05,US,Mississippi,Washington,2751,104,0,33.28392041,-90.94196237,28151.0,6265.230362795783,3.7804434750999643,2647,2710,102,0,2608,2694,45063,41,2,0,39,16
2020-11-05,US,Mississippi,Wayne,1059,22,0,31.64135687,-88.69573913,28153.0,5246.990041123719,2.077431539187913,1037,1051,22,0,1029,1044,20298,8,0,0,8,7
2020-11-05,US,Mississippi,Webster,388,13,0,33.61300486,-89.28392912,28155.0,4004.5412323253167,3.3505154639175267,375,387,13,0,374,386,9788,1,0,0,1,1
2020-11-05,US,Mississippi,Wilkinson,350,21,0,31.16078225,-91.31018819,28157.0,4055.619930475087,6.0,329,350,21,0,329,349,8792,0,0,0,0,1
2020-11-05,US,Mississippi,Winston,911,22,0,33.08747908,-89.03391385,28159.0,5073.79560011139,2.4149286498353457,889,893,22,0,871,889,18165,18,0,0,18,4
2020-11-05,US,Mississippi,Yalobusha,593,23,0,34.02824175,-89.70762049999998,28161.0,4897.588371324744,3.87858347386172,570,585,22,0,563,582,12392,8,1,0,7,3
2020-11-05,US,Mississippi,Yazoo,1323,36,0,32.77890365,-90.39656148,28163.0,4456.0458066689125,2.7210884353741496,1287,1317,36,0,1281,1312,28248,6,0,0,6,5
2020-11-05,US,Missouri,Adair,632,0,0,40.19058551,-92.60078167,29001.0,2493.7852661484435,0.0,632,603,0,0,603,592,25339,29,0,0,29,11
2020-11-05,US,Missouri,Andrew,501,8,0,39.98492163,-94.80163024,29003.0,2828.5907859078593,1.5968063872255491,493,492,8,0,484,489,17607,9,0,0,9,3
2020-11-05,US,Missouri,Atchison,95,1,0,40.43238737,-95.42970639,29005.0,1847.1709119191128,1.0526315789473684,94,91,1,0,90,91,5171,4,0,0,4,0
2020-11-05,US,Missouri,Audrain,695,10,0,39.215877,-91.84242683,29007.0,2737.513786040649,1.4388489208633093,685,681,11,0,670,680,25473,14,-1,0,15,1
2020-11-05,US,Missouri,Barry,976,10,0,36.70978521,-93.82919888,29009.0,2727.094917432731,1.024590163934426,966,963,10,0,953,960,35886,13,0,0,13,3
2020-11-05,US,Missouri,Barton,472,4,0,37.50207671,-94.34757022,29011.0,4015.6542453632815,0.8474576271186439,468,461,4,0,457,455,11798,11,0,0,11,6
2020-11-05,US,Missouri,Bates,283,8,0,38.25271289,-94.34113157,29013.0,1749.9381647291614,2.826855123674912,275,280,8,0,272,276,16320,3,0,0,3,4
2020-11-05,US,Missouri,Benton,531,7,0,38.29503305,-93.28756116,29015.0,2731.060021601605,1.3182674199623352,524,518,7,0,511,513,19278,13,0,0,13,5
2020-11-05,US,Missouri,Bollinger,576,3,0,37.32449052,-90.02725304,29017.0,4747.383169867304,0.5208333333333334,573,571,3,0,568,567,12169,5,0,0,5,4
2020-11-05,US,Missouri,Boone,6850,15,0,38.99186229,-92.30723575,29019.0,3795.7919351889313,0.21897810218978106,6835,6634,15,0,6619,6513,180005,216,0,0,216,121
2020-11-05,US,Missouri,Buchanan,3219,44,0,39.65816401,-94.80138942,29021.0,3684.584039192345,1.3668841255048152,3175,3182,44,0,3138,3163,88571,37,0,0,37,19
2020-11-05,US,Missouri,Butler,1456,8,0,36.71462476,-90.40421163,29023.0,3427.6566693347145,0.5494505494505495,1448,1441,8,0,1433,1423,42639,15,0,0,15,18
2020-11-05,US,Missouri,Caldwell,203,1,0,39.65620858,-93.98308093,29025.0,2250.5543237250554,0.4926108374384237,202,200,1,0,199,197,9108,3,0,0,3,3
2020-11-05,US,Missouri,Callaway,1666,7,0,38.83674754,-91.92186505,29027.0,3723.4874729007893,0.4201680672268908,1659,1607,7,0,1600,1563,44889,59,0,0,59,44
2020-11-05,US,Missouri,Camden,1763,37,0,38.02199522,-92.76083747,29029.0,3807.364215527481,2.098695405558707,1726,1741,37,0,1704,1717,45815,22,0,0,22,24
2020-11-05,US,Missouri,Cape Girardeau,3063,55,0,37.38489388,-89.6843587,29031.0,3883.5566938418433,1.7956252040483187,3008,2998,55,0,2943,2934,78753,65,0,0,65,64
2020-11-05,US,Missouri,Carroll,240,4,0,39.42762566,-93.50626255,29033.0,2765.2955409609403,1.6666666666666667,236,232,4,0,228,228,8743,8,0,0,8,4
2020-11-05,US,Missouri,Carter,201,3,0,36.94160441,-90.96051322,29035.0,3360.0802407221668,1.492537313432836,198,198,3,0,195,195,6054,3,0,0,3,3
2020-11-05,US,Missouri,Cass,2351,33,0,38.64789422,-94.353399,29037.0,2222.5373416524867,1.4036580178647384,2318,2311,33,0,2278,2285,104954,40,0,0,40,26
2020-11-05,US,Missouri,Cedar,274,4,0,37.72391475,-93.85445441,29039.0,1909.5407345459614,1.45985401459854,270,272,4,0,268,262,14165,2,0,0,2,10
2020-11-05,US,Missouri,Chariton,94,0,0,39.51499357,-92.9629191,29041.0,1265.822784810127,0.0,94,80,0,0,80,76,7451,14,0,0,14,4
2020-11-05,US,Missouri,Christian,2620,17,0,36.9711783,-93.18537118,29043.0,2957.277498730177,0.648854961832061,2603,2584,17,0,2567,2534,86983,36,0,0,36,50
2020-11-05,US,Missouri,Clark,153,2,0,40.41040752,-91.73661677,29045.0,2250.9930851846398,1.30718954248366,151,137,2,0,135,137,6842,16,0,0,16,0
2020-11-05,US,Missouri,Clay,2978,50,0,39.31132056,-94.41850862,29047.0,1191.4478211467986,1.6789791806581598,2928,2882,50,0,2832,2841,246365,96,0,0,96,41
2020-11-05,US,Missouri,Clinton,594,29,0,39.6013098,-94.40465394,29049.0,2913.621425418159,4.882154882154882,565,588,29,0,559,574,20470,6,0,0,6,14
2020-11-05,US,Missouri,Cole,3766,26,0,38.50455671,-92.27860244,29051.0,4907.160075574956,0.6903876792352629,3740,3663,26,0,3637,3591,76796,103,0,0,103,72
2020-11-05,US,Missouri,Cooper,753,4,0,38.844478,-92.80896081,29053.0,4252.075215991868,0.5312084993359893,749,708,4,0,704,698,17603,45,0,0,45,10
2020-11-05,US,Missouri,Crawford,752,9,0,37.97663738,-91.30528104,29055.0,3143.812709030101,1.1968085106382977,743,730,9,0,721,722,23957,22,0,0,22,8
2020-11-05,US,Missouri,Dade,162,3,0,37.431814,-93.8503345,29057.0,2142.573733633117,1.851851851851852,159,160,3,0,157,155,7569,2,0,0,2,5
2020-11-05,US,Missouri,Dallas,428,2,0,37.681135499999996,-93.02127031,29059.0,2535.8454793221945,0.4672897196261682,426,417,2,0,415,414,16762,11,0,0,11,3
2020-11-05,US,Missouri,Daviess,243,4,0,39.96145298,-93.98519678,29061.0,2935.491664653298,1.6460905349794241,239,241,4,0,237,237,8313,2,0,0,2,4
2020-11-05,US,Missouri,DeKalb,381,4,0,39.89201062,-94.40476508,29063.0,3036.582449988045,1.0498687664041997,377,373,3,0,370,352,12630,8,1,0,7,21
2020-11-05,US,Missouri,Dent,291,4,0,37.60663134,-91.50790473,29065.0,1868.6187632440765,1.3745704467353952,287,286,4,0,282,284,15441,5,0,0,5,2
2020-11-05,US,Missouri,Douglas,315,13,0,36.9325593,-92.49905109,29067.0,2389.078498293515,4.126984126984127,302,314,13,0,301,312,13373,1,0,0,1,2
2020-11-05,US,Missouri,Dunklin,1257,13,0,36.27167174,-90.09122243,29069.0,4314.990903161581,1.0342084327764518,1244,1240,13,0,1227,1222,29423,17,0,0,17,18
2020-11-05,US,Missouri,Franklin,3137,50,0,38.41127108,-91.07522826,29071.0,3017.303567478142,1.5938795027095949,3087,3060,50,0,3010,3022,103670,77,0,0,77,38
2020-11-05,US,Missouri,Gasconade,309,24,0,38.43947277,-91.50847147,29073.0,2101.183190534476,7.766990291262137,285,303,24,0,279,303,14705,6,0,0,6,0
2020-11-05,US,Missouri,Gentry,218,10,0,40.21097916,-94.40944419,29075.0,3317.607670065439,4.587155963302751,208,213,10,0,203,212,6628,5,0,0,5,1
2020-11-05,US,Missouri,Greene,10106,147,0,37.2575872,-93.34230916,29077.0,3448.134677193725,1.4545814367702354,9959,9974,142,0,9832,9856,291923,132,5,0,127,118
2020-11-05,US,Missouri,Grundy,305,11,0,40.11406587,-93.56509276,29079.0,3096.446700507615,3.60655737704918,294,296,11,0,285,288,9914,9,0,0,9,8
2020-11-05,US,Missouri,Harrison,208,1,0,40.35570088,-93.99222144,29081.0,2490.421455938697,0.4807692307692308,207,206,1,0,205,203,8414,2,0,0,2,3
2020-11-05,US,Missouri,Henry,508,8,0,38.38482826,-93.79293734,29083.0,2327.7126099706743,1.5748031496062993,500,477,8,0,469,469,21792,31,0,0,31,8
2020-11-05,US,Missouri,Hickory,266,4,0,37.94163617,-93.3203037,29085.0,2787.091366303437,1.5037593984962403,262,264,4,0,260,261,9509,2,0,0,2,3
2020-11-05,US,Missouri,Holt,139,1,0,40.09799248,-95.21638879999999,29087.0,3156.938451056098,0.7194244604316546,138,133,1,0,132,131,4404,6,0,0,6,2
2020-11-05,US,Missouri,Howard,298,2,0,39.1435761,-92.69756691,29089.0,2979.7020297970203,0.6711409395973155,296,286,2,0,284,277,10137,12,0,0,12,9
2020-11-05,US,Missouri,Howell,1318,14,0,36.77383887,-91.88683935,29091.0,3285.390233566817,1.0622154779969648,1304,1310,14,0,1296,1301,40076,8,0,0,8,9
2020-11-05,US,Missouri,Iron,126,0,0,37.55487945,-90.7735296,29093.0,1244.4444444444443,0.0,126,124,0,0,124,123,10177,2,0,0,2,1
2020-11-05,US,Missouri,Jackson,11224,144,0,39.01002188,-94.34724536,29095.0,1596.5610779916672,1.2829650748396293,11080,11002,144,0,10858,10893,700307,222,0,0,222,109
2020-11-05,US,Missouri,Jasper,5809,81,0,37.20351921,-94.34050458,29097.0,4787.847817486483,1.3943880185918405,5728,5730,79,0,5651,5625,120636,79,2,0,77,105
2020-11-05,US,Missouri,Jefferson,6478,90,0,38.25926778,-90.53870896,29099.0,2878.075004109632,1.3893176906452611,6388,6333,90,0,6243,6239,224347,145,0,0,145,94
2020-11-05,US,Missouri,Johnson,1693,10,0,38.74719601,-93.80691168,29101.0,3131.589656320521,0.5906674542232723,1683,1675,10,0,1665,1626,53652,18,0,0,18,49
2020-11-05,US,Missouri,Kansas City,16159,224,0,39.0997,-94.5786,0.0,3304.884209406823,1.3862243950739526,15935,15892,222,0,15670,15738,491918,267,2,0,265,154
2020-11-05,US,Missouri,Knox,73,1,0,40.12699751,-92.14780832,29103.0,1843.8999747410958,1.3698630136986298,72,70,1,0,69,70,3947,3,0,0,3,0
2020-11-05,US,Missouri,Laclede,1319,25,0,37.65896829,-92.5888493,29105.0,3692.299079024718,1.8953752843062923,1294,1303,23,0,1280,1284,35713,16,2,0,14,19
2020-11-05,US,Missouri,Lafayette,990,26,0,39.06986886,-93.78076396,29107.0,3026.782438547145,2.6262626262626263,964,973,26,0,947,953,32598,17,0,0,17,20
2020-11-05,US,Missouri,Lawrence,1284,25,0,37.10626634,-93.83293097,29109.0,3347.6730543605786,1.947040498442368,1259,1256,24,0,1232,1239,38359,28,1,0,27,17
2020-11-05,US,Missouri,Lewis,255,2,0,40.09673161,-91.72070156,29111.0,2608.428805237316,0.7843137254901961,253,245,2,0,243,244,9855,10,0,0,10,1
2020-11-05,US,Missouri,Lincoln,1406,5,0,39.05345619,-90.95588181,29113.0,2382.525884127226,0.35561877667140823,1401,1373,5,0,1368,1349,57686,33,0,0,33,24
2020-11-05,US,Missouri,Linn,185,7,0,39.87001769,-93.10704106,29115.0,1552.0134228187922,3.783783783783784,178,181,7,0,174,179,12037,4,0,0,4,2
2020-11-05,US,Missouri,Livingston,594,9,0,39.78110272,-93.54645978,29117.0,3900.965390424903,1.5151515151515151,585,592,9,0,583,591,15146,2,0,0,2,1
2020-11-05,US,Missouri,Macon,285,1,0,39.83049768,-92.56453089,29121.0,1885.2947013296287,0.3508771929824561,284,273,1,0,272,258,15153,12,0,0,12,15
2020-11-05,US,Missouri,Madison,560,3,0,37.47865134,-90.34671429999999,29123.0,4632.693580410324,0.5357142857142857,557,555,3,0,552,553,12188,5,0,0,5,2
2020-11-05,US,Missouri,Maries,236,1,0,38.16193985,-91.92249662,29125.0,2713.5793951937453,0.42372881355932196,235,230,1,0,229,230,8769,6,0,0,6,0
2020-11-05,US,Missouri,Marion,1101,14,0,39.80601912,-91.62203062,29127.0,3859.0956887486855,1.2715712988192551,1087,1078,14,0,1064,1065,28592,23,0,0,23,13
2020-11-05,US,Missouri,McDonald,1271,13,0,36.62869595,-94.34867205,29119.0,5565.529622980252,1.022816679779701,1258,1269,13,0,1256,1266,23078,2,0,0,2,3
2020-11-05,US,Missouri,Mercer,39,0,0,40.42212303,-93.56829590000001,29129.0,1078.24163671551,0.0,39,37,0,0,37,37,3641,2,0,0,2,0
2020-11-05,US,Missouri,Miller,1031,18,0,38.21450288,-92.42610898,29131.0,4024.356922596511,1.7458777885548011,1013,1014,18,0,996,1004,25336,17,0,0,17,10
2020-11-05,US,Missouri,Mississippi,500,6,0,36.82516239,-89.29505753,29133.0,3793.626707132017,1.2,494,495,6,0,489,487,13336,5,0,0,5,8
2020-11-05,US,Missouri,Moniteau,770,12,0,38.63571781,-92.57976951,29135.0,4773.121745598811,1.5584415584415583,758,750,12,0,738,727,16121,20,0,0,20,23
2020-11-05,US,Missouri,Monroe,206,2,0,39.49593978,-92.00043978,29137.0,2383.1559463211474,0.9708737864077671,204,197,2,0,195,198,8664,9,0,0,9,-1
2020-11-05,US,Missouri,Montgomery,210,2,0,38.94022054,-91.47000721,29139.0,1818.0244134706952,0.9523809523809524,208,205,1,0,204,202,11534,5,1,0,4,3
2020-11-05,US,Missouri,Morgan,791,8,0,38.4181765,-92.88791859,29141.0,3834.77965773016,1.011378002528445,783,774,8,0,766,771,20358,17,0,0,17,3
2020-11-05,US,Missouri,New Madrid,874,23,0,36.59666326,-89.66070007,29143.0,5118.294682595456,2.631578947368421,851,861,23,0,838,850,17296,13,0,0,13,11
2020-11-05,US,Missouri,Newton,2257,22,0,36.90519407,-94.3394104,29145.0,3875.609588570644,0.9747452370403191,2235,2239,22,0,2217,2192,58266,18,0,0,18,47
2020-11-05,US,Missouri,Nodaway,1382,11,0,40.36079813,-94.88133008,29147.0,6255.658156798841,0.7959479015918958,1371,1349,11,0,1338,1303,22304,33,0,0,33,46
2020-11-05,US,Missouri,Oregon,265,0,0,36.68710164,-91.4033755,29149.0,2516.858201158705,0.0,265,262,0,0,262,254,10541,3,0,0,3,8
2020-11-05,US,Missouri,Osage,615,3,0,38.46036182,-91.8613635,29151.0,4517.076753580611,0.4878048780487805,612,594,3,0,591,582,13714,21,0,0,21,12
2020-11-05,US,Missouri,Ozark,232,1,0,36.64916339,-92.44459066,29153.0,2528.8859821233928,0.4310344827586207,231,231,1,0,230,230,9017,1,0,0,1,1
2020-11-05,US,Missouri,Pemiscot,797,14,0,36.2130572,-89.78742322,29155.0,5042.708003796267,1.7565872020075282,783,784,14,0,770,781,16272,13,0,0,13,3
2020-11-05,US,Missouri,Perry,931,8,0,37.70660776,-89.82741088,29157.0,4865.175585284281,0.8592910848549946,923,906,8,0,898,900,19150,25,0,0,25,6
2020-11-05,US,Missouri,Pettis,1948,24,0,38.72798918,-93.28471706,29159.0,4600.958926757837,1.2320328542094456,1924,1870,24,0,1846,1855,42542,78,0,0,78,15
2020-11-05,US,Missouri,Phelps,988,30,0,37.87736118,-91.79351727,29161.0,2216.5885177125165,3.0364372469635628,958,959,30,0,929,953,44732,29,0,0,29,6
2020-11-05,US,Missouri,Pike,431,8,0,39.34310674,-91.16980779,29163.0,2354.933887006885,1.8561484918793505,423,417,8,0,409,409,18504,14,0,0,14,8
2020-11-05,US,Missouri,Platte,1130,13,0,39.38154439,-94.77068479,29165.0,1082.1888946350246,1.1504424778761062,1117,1097,13,0,1084,1083,102985,33,0,0,33,14
2020-11-05,US,Missouri,Polk,1112,11,0,37.616229600000004,-93.39828174,29167.0,3458.894522380167,0.9892086330935252,1101,1106,11,0,1095,1100,32201,6,0,0,6,6
2020-11-05,US,Missouri,Pulaski,1118,11,0,37.82462075,-92.20783203,29169.0,2125.1924648811,0.9838998211091234,1107,1107,11,0,1096,1095,52014,11,0,0,11,12
2020-11-05,US,Missouri,Putnam,65,1,0,40.47942497,-93.02042674,29171.0,1384.1567291311756,1.5384615384615383,64,65,1,0,64,61,4757,0,0,0,0,4
2020-11-05,US,Missouri,Ralls,235,0,0,39.52817427,-91.51838643,29173.0,2279.5615481618,0.0,235,227,0,0,227,223,10212,8,0,0,8,4
2020-11-05,US,Missouri,Randolph,740,3,0,39.44007257,-92.49713740000001,29175.0,2990.1406174236304,0.40540540540540543,737,720,3,0,717,698,24763,20,0,0,20,22
2020-11-05,US,Missouri,Ray,365,2,0,39.353746799999996,-93.98905745,29177.0,1585.7155269788861,0.547945205479452,363,349,2,0,347,340,22883,16,0,0,16,9
2020-11-05,US,Missouri,Reynolds,100,1,0,37.36085952,-90.97009925,29179.0,1594.8963317384369,1.0,99,98,1,0,97,97,6254,2,0,0,2,1
2020-11-05,US,Missouri,Ripley,310,5,0,36.65460667,-90.85990261,29181.0,2332.9319686935582,1.6129032258064515,305,306,4,0,302,300,13401,4,1,0,3,6
2020-11-05,US,Missouri,Saline,1081,11,0,39.13734288,-93.20259964,29195.0,4749.351961688853,1.0175763182238668,1070,1055,11,0,1044,1050,22895,26,0,0,26,5
2020-11-05,US,Missouri,Schuyler,64,0,0,40.46921489,-92.52311943,29197.0,1373.3905579399138,0.0,64,57,0,0,57,51,4599,7,0,0,7,6
2020-11-05,US,Missouri,Scotland,88,1,0,40.45214695,-92.14709064,29199.0,1795.185638514892,1.1363636363636365,87,84,1,0,83,84,4966,4,0,0,4,0
2020-11-05,US,Missouri,Scott,1645,29,0,37.05588075,-89.56474493,29201.0,4297.283176593522,1.762917933130699,1616,1624,27,0,1597,1600,38458,21,2,0,19,24
2020-11-05,US,Missouri,Shannon,283,6,0,37.15772072,-91.40190382,29203.0,3465.5890276757286,2.120141342756184,277,279,6,0,273,277,8189,4,0,0,4,2
2020-11-05,US,Missouri,Shelby,116,1,0,39.79742518,-92.07634971,29205.0,1956.1551433389545,0.8620689655172413,115,112,1,0,111,112,6050,4,0,0,4,0
2020-11-05,US,Missouri,St. Charles,12430,157,0,38.77875681,-90.66662425,29183.0,3091.8705941465887,1.2630732099758648,12273,12202,157,0,12045,11998,399182,228,0,0,228,204
2020-11-05,US,Missouri,St. Clair,151,1,0,38.03699437,-93.77631447,29185.0,1606.8958178141959,0.6622516556291391,150,134,1,0,133,133,9395,17,0,0,17,1
2020-11-05,US,Missouri,St. Francois,3285,30,0,37.81214171,-90.47598685,29187.0,4887.301941530908,0.9132420091324199,3255,3206,30,0,3176,3178,66692,79,0,0,79,28
2020-11-05,US,Missouri,St. Louis,33920,895,0,38.63770039999999,-90.4458375,29189.0,3411.771214186209,2.6385613207547167,33025,33375,895,0,32480,32801,996945,545,0,0,545,574
2020-11-05,US,Missouri,St. Louis City,9207,225,0,38.63555736,-90.24349225,29510.0,3063.1188118811883,2.443792766373412,8982,9102,225,0,8877,8976,302838,105,0,0,105,126
2020-11-05,US,Missouri,Ste. Genevieve,547,2,0,37.89090059,-90.1949941,29186.0,3056.890577847323,0.3656307129798903,545,521,2,0,519,519,17888,26,0,0,26,2
2020-11-05,US,Missouri,Stoddard,993,15,0,36.85571651,-89.9444155,29207.0,3421.1886304909563,1.5105740181268883,978,979,15,0,964,972,29206,14,0,0,14,7
2020-11-05,US,Missouri,Stone,804,11,0,36.75000327,-93.45256475,29209.0,2516.2744116174263,1.3681592039800996,793,791,11,0,780,779,31749,13,0,0,13,12
2020-11-05,US,Missouri,Sullivan,406,3,0,40.2099105,-93.11150106,29211.0,6667.7615371982265,0.7389162561576355,403,397,3,0,394,393,6221,9,0,0,9,4
2020-11-05,US,Missouri,Taney,1974,36,0,36.65465345,-93.04075153,29213.0,3529.5379773995137,1.82370820668693,1938,1944,35,0,1909,1928,55852,30,1,0,29,16
2020-11-05,US,Missouri,Texas,678,3,0,37.31728859,-91.96564727,29215.0,2669.501535553981,0.4424778761061947,675,665,3,0,662,656,25571,13,0,0,13,9
2020-11-05,US,Missouri,Vernon,403,3,0,37.8457799,-94.34127305,29217.0,1959.8307639935806,0.7444168734491315,400,388,3,0,385,385,20528,15,0,0,15,3
2020-11-05,US,Missouri,Warren,710,2,0,38.76529479,-91.16124662,29219.0,1991.640719234761,0.28169014084507044,708,697,2,0,695,689,34711,13,0,0,13,8
2020-11-05,US,Missouri,Washington,795,20,0,37.96130078,-90.87948158,29221.0,3214.718964820057,2.5157232704402515,775,766,20,0,746,754,24943,29,0,0,29,12
2020-11-05,US,Missouri,Wayne,346,3,0,37.11303869,-90.46001416,29223.0,2687.7961625106814,0.8670520231213873,343,345,3,0,342,344,13122,1,0,0,1,1
2020-11-05,US,Missouri,Webster,1307,20,0,37.2813734,-92.876329,29225.0,3301.171953930087,1.530221882172915,1287,1290,19,0,1271,1266,39109,17,1,0,16,24
2020-11-05,US,Missouri,Worth,38,0,0,40.47945588,-94.42328751,29227.0,1887.7297565822155,0.0,38,37,0,0,37,37,2040,1,0,0,1,0
2020-11-05,US,Missouri,Wright,635,9,0,37.27029221,-92.46914488,29229.0,3472.032369183663,1.4173228346456692,626,629,9,0,620,627,18378,6,0,0,6,2
2020-11-05,US,Montana,Beaverhead,318,1,0,45.13434354,-112.89846940000001,30001.0,3364.0114249444623,0.31446540880503143,317,309,1,0,308,308,9404,9,0,0,9,1
2020-11-05,US,Montana,Big Horn,1491,40,0,45.42335905,-107.492347,30003.0,11194.534124183501,2.6827632461435282,1451,1478,40,0,1438,1431,13338,13,0,0,13,47
2020-11-05,US,Montana,Blaine,398,8,0,48.43175214,-108.9582723,30005.0,5957.19203712019,2.010050251256281,390,397,8,0,389,385,6807,1,0,0,1,12
2020-11-05,US,Montana,Broadwater,96,0,0,46.33277565,-111.49558130000001,30007.0,1539.2015392015396,0.0,96,94,0,0,94,94,6085,2,0,0,2,0
2020-11-05,US,Montana,Carbon,292,1,0,45.22850116,-109.0274047,30009.0,2722.6107226107224,0.3424657534246575,291,288,1,0,287,284,10714,4,0,0,4,4
2020-11-05,US,Montana,Carter,84,2,0,45.5197966,-104.53955359999999,30011.0,6709.2651757188505,2.380952380952381,82,77,2,0,75,77,1238,7,0,0,7,0
2020-11-05,US,Montana,Cascade,2648,16,0,47.30797024,-111.3467922,30013.0,3254.4305975468874,0.6042296072507553,2632,2472,16,0,2456,2374,81643,176,0,0,176,98
2020-11-05,US,Montana,Chouteau,134,0,0,47.88084126,-110.4353362,30015.0,2377.994676131322,0.0,134,130,0,0,130,126,5745,4,0,0,4,4
2020-11-05,US,Montana,Custer,400,5,0,46.25319932,-105.57375259999998,30017.0,3508.1564637782844,1.25,395,371,5,0,366,367,11586,29,0,0,29,4
2020-11-05,US,Montana,Daniels,55,3,0,48.78420029,-105.54763429999998,30019.0,3254.4378698224846,5.454545454545454,52,55,3,0,52,49,1747,0,0,0,0,6
2020-11-05,US,Montana,Dawson,320,4,0,47.26584855,-104.89444170000002,30021.0,3715.314060141646,1.25,316,297,4,0,293,296,8680,23,0,0,23,1
2020-11-05,US,Montana,Deer Lodge,502,6,0,46.05953325,-113.073353,30023.0,5492.341356673961,1.195219123505976,496,500,5,0,495,492,9131,2,1,0,1,8
2020-11-05,US,Montana,Fallon,98,0,0,46.33478338,-104.41835649999999,30025.0,3443.4293745607865,0.0,98,96,0,0,96,96,2920,2,0,0,2,0
2020-11-05,US,Montana,Fergus,277,2,0,47.26331584,-109.2245206,30027.0,2506.787330316742,0.7220216606498195,275,271,2,0,269,270,11113,6,0,0,6,1
2020-11-05,US,Montana,Flathead,3864,27,0,48.29575866,-114.05205690000001,30029.0,3722.328189122016,0.6987577639751553,3837,3847,27,0,3820,3750,102106,17,0,0,17,97
2020-11-05,US,Montana,Gallatin,4057,9,0,45.54486106,-111.1692571,30031.0,3545.2750056801287,0.2218387971407444,4048,3909,9,0,3900,3743,111876,148,0,0,148,166
2020-11-05,US,Montana,Garfield,31,0,0,47.27545948,-107.0002351,30033.0,2464.2289348171703,0.0,31,31,0,0,31,30,1268,0,0,0,0,1
2020-11-05,US,Montana,Glacier,1101,16,0,48.70513576,-112.9934235,30035.0,8005.526067039918,1.4532243415077202,1085,1069,16,0,1053,1049,13747,32,0,0,32,20
2020-11-05,US,Montana,Golden Valley,16,0,0,46.3816474,-109.17685220000001,30037.0,1948.84287454324,0.0,16,16,0,0,16,16,826,0,0,0,0,0
2020-11-05,US,Montana,Granite,81,0,0,46.40605220000001,-113.4414186,30039.0,2397.158922758213,0.0,81,74,0,0,74,74,3378,7,0,0,7,0
2020-11-05,US,Montana,Hill,980,20,0,48.62879827,-110.1129252,30041.0,5945.1589420043665,2.0408163265306123,960,970,20,0,950,934,16347,10,0,0,10,36
2020-11-05,US,Montana,Jefferson,211,0,0,46.14907081,-112.094396,30043.0,1726.5362899926356,0.0,211,197,0,0,197,197,12097,14,0,0,14,0
2020-11-05,US,Montana,Judith Basin,19,0,0,47.04581276,-110.26606880000001,30045.0,946.6865969108121,0.0,19,18,0,0,18,18,1952,1,0,0,1,0
2020-11-05,US,Montana,Lake,676,7,0,47.64514965,-114.0898013,30047.0,2219.449734060017,1.0355029585798816,669,665,7,0,658,656,30250,11,0,0,11,9
2020-11-05,US,Montana,Lewis and Clark,1264,7,0,47.12610041,-112.39469799999999,30049.0,1820.486231132619,0.5537974683544303,1257,1214,6,0,1208,1173,68700,50,1,0,49,41
2020-11-05,US,Montana,Liberty,39,0,0,48.56084317,-111.02430700000001,30051.0,1668.806161745828,0.0,39,38,0,0,38,38,2430,1,0,0,1,0
2020-11-05,US,Montana,Lincoln,355,6,0,48.54265777,-115.4046155,30053.0,1776.7767767767768,1.6901408450704225,349,346,6,0,340,343,19794,9,0,0,9,3
2020-11-05,US,Montana,Madison,232,1,0,45.30080065,-111.9173017,30057.0,2697.674418604651,0.4310344827586207,231,216,1,0,215,214,8768,16,0,0,16,2
2020-11-05,US,Montana,McCone,71,0,0,47.64469406,-105.79449939999999,30055.0,4266.826923076923,0.0,71,68,0,0,68,68,1675,3,0,0,3,0
2020-11-05,US,Montana,Meagher,94,5,0,46.59907074,-110.8898557,30059.0,5048.335123523094,5.319148936170213,89,91,5,0,86,91,1866,3,0,0,3,0
2020-11-05,US,Montana,Mineral,17,0,0,47.15283992,-115.00152390000001,30061.0,386.62724584944283,0.0,17,17,0,0,17,17,4316,0,0,0,0,0
2020-11-05,US,Montana,Missoula,2697,24,0,47.03728583,-113.92135079999998,30063.0,2255.016722408027,0.8898776418242491,2673,2607,24,0,2583,2534,118791,90,0,0,90,73
2020-11-05,US,Montana,Musselshell,138,2,0,46.49684637,-108.39498,30065.0,2978.6315562270665,1.4492753623188406,136,130,2,0,128,130,4651,8,0,0,8,0
2020-11-05,US,Montana,Park,312,0,0,45.48965095,-110.52643940000002,30067.0,1878.838973864868,0.0,312,296,0,0,296,295,16736,16,0,0,16,1
2020-11-05,US,Montana,Petroleum,4,0,0,47.118246299999996,-108.2508876,30069.0,821.3552361396304,0.0,4,4,0,0,4,4,513,0,0,0,0,0
2020-11-05,US,Montana,Phillips,202,1,0,48.25936577,-107.9128511,30071.0,5108.750632271118,0.4950495049504951,201,197,1,0,196,196,4074,5,0,0,5,1
2020-11-05,US,Montana,Pondera,200,1,0,48.22773388,-112.22527029999999,30073.0,3383.522246658772,0.5,199,198,1,0,197,196,5972,2,0,0,2,2
2020-11-05,US,Montana,Powder River,71,5,0,45.39617714,-105.636738,30075.0,4221.165279429251,7.042253521126762,66,67,5,0,62,67,1716,4,0,0,4,0
2020-11-05,US,Montana,Powell,220,0,0,46.85538891,-112.93591640000001,30077.0,3193.033381712627,0.0,220,210,0,0,210,198,6968,10,0,0,10,12
2020-11-05,US,Montana,Prairie,36,0,0,46.86048047,-105.379384,30079.0,3342.6183844011143,0.0,36,35,0,0,35,33,1087,1,0,0,1,2
2020-11-05,US,Montana,Ravalli,609,4,0,46.08520862,-114.11891640000002,30081.0,1390.2205177372962,0.6568144499178982,605,595,4,0,591,577,43172,14,0,0,14,18
2020-11-05,US,Montana,Richland,376,6,0,47.78668011,-104.5610786,30083.0,3480.514671850412,1.5957446808510638,370,370,6,0,364,365,10913,6,0,0,6,5
2020-11-05,US,Montana,Roosevelt,1066,30,0,48.29607488,-105.00792679999999,30085.0,9687.386404943656,2.8142589118198877,1036,1045,30,0,1015,1043,11059,21,0,0,21,2
2020-11-05,US,Montana,Rosebud,885,21,0,46.23397237,-106.72928799999998,30087.0,9902.6518966096,2.3728813559322037,864,873,21,0,852,870,9063,12,0,0,12,3
2020-11-05,US,Montana,Sanders,119,2,0,47.67657534,-115.1329916,30089.0,982.4155865598945,1.680672268907563,117,117,2,0,115,113,11844,2,0,0,2,4
2020-11-05,US,Montana,Sheridan,111,0,0,48.72085833,-104.50382900000001,30091.0,3354.487760652765,0.0,111,97,0,0,97,93,3424,14,0,0,14,4
2020-11-05,US,Montana,Silver Bow,734,5,0,45.90018933,-112.6620092,30093.0,2102.2483173421165,0.6811989100817438,729,699,5,0,694,699,34993,35,0,0,35,0
2020-11-05,US,Montana,Stillwater,261,3,0,45.67071407,-109.3950061,30095.0,2706.907280647169,1.1494252873563218,258,259,3,0,256,248,9534,2,0,0,2,11
2020-11-05,US,Montana,Sweet Grass,125,2,0,45.81367654,-109.9425686,30097.0,3344.929087503345,1.6,123,117,2,0,115,110,3710,8,0,0,8,7
2020-11-05,US,Montana,Teton,102,1,0,47.83741052,-112.24106880000001,30099.0,1659.3460224499756,0.9803921568627452,101,95,1,0,94,94,6162,7,0,0,7,1
2020-11-05,US,Montana,Toole,457,8,0,48.65577551,-111.69424140000001,30101.0,9649.493243243243,1.7505470459518602,449,448,8,0,440,430,4853,9,0,0,9,18
2020-11-05,US,Montana,Treasure,24,1,0,46.20973220000001,-107.26665159999999,30103.0,3448.2758620689656,4.166666666666667,23,24,1,0,23,24,679,0,0,0,0,0
2020-11-05,US,Montana,Valley,430,5,0,48.36435097,-106.6669635,30105.0,5813.9534883720935,1.162790697674419,425,405,5,0,400,401,7437,25,0,0,25,4
2020-11-05,US,Montana,Wheatland,74,3,0,46.46652491,-109.84646359999999,30107.0,3480.7149576669813,4.0540540540540535,71,74,3,0,71,74,2236,0,0,0,0,0
2020-11-05,US,Montana,Wibaux,47,0,0,46.95925154,-104.2510927,30109.0,4850.361197110423,0.0,47,45,0,0,45,45,1034,2,0,0,2,0
2020-11-05,US,Montana,Yellowstone,7447,97,0,45.93955949,-108.26914860000001,30111.0,4616.862988220707,1.302537934738821,7350,7327,96,0,7231,7260,160137,120,1,0,119,67
2020-11-05,US,Nebraska,Adams,1010,15,0,40.52449420000001,-98.50117804,31001.0,3220.355195612665,1.4851485148514851,995,979,15,0,964,955,31511,31,0,0,31,24
2020-11-05,US,Nebraska,Antelope,203,1,0,42.17695516,-98.06662829999999,31003.0,3223.24547475389,0.4926108374384237,202,191,1,0,190,187,6336,12,0,0,12,4
2020-11-05,US,Nebraska,Arthur,6,0,0,41.56896142,-101.6959559,31005.0,1295.8963282937366,0.0,6,6,0,0,6,5,465,0,0,0,0,1
2020-11-05,US,Nebraska,Banner,4,0,0,41.54634427,-103.7114332,31007.0,536.9127516778524,0.0,4,4,0,0,4,4,730,0,0,0,0,0
2020-11-05,US,Nebraska,Blaine,4,0,0,41.91311716,-99.97677845,31009.0,860.2150537634409,0.0,4,4,0,0,4,4,476,0,0,0,0,0
2020-11-05,US,Nebraska,Boone,186,0,0,41.70759415,-98.06737183,31011.0,3582.434514637905,0.0,186,180,0,0,180,177,5239,6,0,0,6,3
2020-11-05,US,Nebraska,Box Butte,308,1,0,42.22079243,-103.08788340000001,31013.0,2856.347955114532,0.3246753246753247,307,293,1,0,292,283,10772,15,0,0,15,10
2020-11-05,US,Nebraska,Boyd,84,0,0,42.899727399999996,-98.76486568,31015.0,4377.279833246484,0.0,84,84,0,0,84,82,1955,0,0,0,0,2
2020-11-05,US,Nebraska,Brown,92,0,0,42.43018907,-99.92904055,31017.0,3113.36717428088,0.0,92,91,0,0,91,86,2973,1,0,0,1,5
2020-11-05,US,Nebraska,Buffalo,2195,19,0,40.85486962,-99.07500296,31019.0,4420.145391570511,0.8656036446469249,2176,2112,19,0,2093,2066,49615,83,0,0,83,46
2020-11-05,US,Nebraska,Burt,194,1,0,41.85056773,-96.32605633,31021.0,3003.560922743459,0.5154639175257731,193,181,1,0,180,172,6488,13,0,0,13,9
2020-11-05,US,Nebraska,Butler,332,2,0,41.22703692,-97.13106306,31023.0,4141.716566866267,0.6024096385542169,330,329,2,0,327,317,8058,3,0,0,3,12
2020-11-05,US,Nebraska,Cass,674,4,0,40.90899107,-96.13971217,31025.0,2567.814690643097,0.5934718100890207,670,654,4,0,650,633,26159,20,0,0,20,21
2020-11-05,US,Nebraska,Cedar,185,0,0,42.598885100000004,-97.25311951,31027.0,2201.856700785527,0.0,185,184,0,0,184,171,8446,1,0,0,1,13
2020-11-05,US,Nebraska,Chase,177,1,0,40.523719799999995,-101.69780259999999,31029.0,4510.703363914373,0.5649717514124294,176,173,1,0,172,167,3977,4,0,0,4,6
2020-11-05,US,Nebraska,Cherry,91,4,0,42.54502621,-101.1244332,31031.0,1599.5781332395852,4.395604395604397,87,85,4,0,81,83,5761,6,0,0,6,2
2020-11-05,US,Nebraska,Cheyenne,145,0,0,41.21999357,-102.9941693,31033.0,1627.384960718294,0.0,145,142,0,0,142,138,9310,3,0,0,3,4
2020-11-05,US,Nebraska,Clay,221,1,0,40.52439441,-98.05126296,31035.0,3562.792197323876,0.4524886877828054,220,214,1,0,213,209,6214,7,0,0,7,5
2020-11-05,US,Nebraska,Colfax,1018,7,0,41.57486951,-97.0868542,31037.0,9506.022971332524,0.6876227897838899,1011,994,7,0,987,987,10881,24,0,0,24,7
2020-11-05,US,Nebraska,Cuming,358,3,0,41.91637624,-96.78730772,31039.0,4047.026904815736,0.8379888268156425,355,344,3,0,341,338,8940,14,0,0,14,6
2020-11-05,US,Nebraska,Custer,274,5,0,41.39374521,-99.72805369,31041.0,2542.451517119792,1.8248175182481752,269,270,5,0,265,262,10840,4,0,0,4,8
2020-11-05,US,Nebraska,Dakota,2671,49,0,42.39040144,-96.56656425,31043.0,13337.66104064716,1.834518906776488,2622,2644,49,0,2595,2628,20083,27,0,0,27,16
2020-11-05,US,Nebraska,Dawes,303,5,0,42.71985036,-103.1313774,31045.0,3527.7680754453368,1.6501650165016502,298,286,5,0,281,273,8716,17,0,0,17,13
2020-11-05,US,Nebraska,Dawson,1445,15,0,40.87028216,-99.82014609999999,31047.0,6124.178851451578,1.038062283737024,1430,1416,15,0,1401,1386,23709,29,0,0,29,30
2020-11-05,US,Nebraska,Deuel,17,0,0,41.11168186,-102.33333309999999,31049.0,947.6031215161653,0.0,17,15,0,0,15,15,1825,2,0,0,2,0
2020-11-05,US,Nebraska,Dixon,194,2,0,42.49188363,-96.86782408,31051.0,3442.157558552165,1.0309278350515465,192,186,2,0,184,179,5709,8,0,0,8,7
2020-11-05,US,Nebraska,Dodge,1906,21,0,41.58071748,-96.65598179,31053.0,5212.6350335019815,1.1017838405036726,1885,1883,21,0,1862,1847,36791,23,0,0,23,36
2020-11-05,US,Nebraska,Douglas,25328,238,0,41.29518299,-96.15085305,31055.0,4433.187999166852,0.939671509791535,25090,24745,235,0,24510,24260,566880,583,3,0,580,485
2020-11-05,US,Nebraska,Dundy,34,2,0,40.17638677,-101.6876522,31057.0,2008.2693443591254,5.882352941176472,32,34,2,0,32,33,1770,0,0,0,0,1
2020-11-05,US,Nebraska,Fillmore,171,2,0,40.52458567,-97.59646937,31059.0,3130.7213474917608,1.1695906432748535,169,154,2,0,152,134,5527,17,0,0,17,20
2020-11-05,US,Nebraska,Franklin,106,1,0,40.17636348,-98.95299073,31061.0,3558.241020476671,0.9433962264150944,105,104,0,0,104,102,3023,2,1,0,1,2
2020-11-05,US,Nebraska,Frontier,50,1,0,40.52993007,-100.3924658,31063.0,1903.3117624666918,2.0,49,48,1,0,47,48,2608,2,0,0,2,0
2020-11-05,US,Nebraska,Furnas,136,3,0,40.17642064,-99.91247454,31065.0,2908.46877673225,2.2058823529411766,133,129,3,0,126,123,4715,7,0,0,7,6
2020-11-05,US,Nebraska,Gage,693,5,0,40.26186809,-96.68946704,31067.0,3221.3080462975877,0.7215007215007215,688,665,5,0,660,624,21493,28,0,0,28,41
2020-11-05,US,Nebraska,Garden,50,0,0,41.61703149,-102.3313973,31069.0,2721.829069134458,0.0,50,51,0,0,51,49,1897,-1,0,0,-1,2
2020-11-05,US,Nebraska,Garfield,52,0,0,41.91428955,-98.99111827,31071.0,2640.9344845099035,0.0,52,48,0,0,48,37,1987,4,0,0,4,11
2020-11-05,US,Nebraska,Gosper,71,0,0,40.51481965,-99.83020279,31073.0,3567.8391959799,0.0,71,69,0,0,69,67,1996,2,0,0,2,2
2020-11-05,US,Nebraska,Grant,6,0,0,41.91528587,-101.740701,31075.0,963.0818619582665,0.0,6,5,0,0,5,5,660,1,0,0,1,0
2020-11-05,US,Nebraska,Greeley,54,0,0,41.56742671,-98.52150266,31077.0,2292.0203735144314,0.0,54,53,0,0,53,52,2356,1,0,0,1,1
2020-11-05,US,Nebraska,Hall,3016,53,0,40.87257079,-98.50218293,31079.0,4915.815037569475,1.7572944297082231,2963,2940,52,0,2888,2857,61607,76,1,0,75,83
2020-11-05,US,Nebraska,Hamilton,286,13,0,40.87349452,-98.02099117,31081.0,3067.353067353067,4.545454545454546,273,270,13,0,257,263,9280,16,0,0,16,7
2020-11-05,US,Nebraska,Harlan,71,0,0,40.17658508,-99.40438879,31083.0,2100.5917159763308,0.0,71,69,0,0,69,68,3401,2,0,0,2,1
2020-11-05,US,Nebraska,Hayes,27,0,0,40.52451972,-101.0603568,31085.0,2928.416485900217,0.0,27,27,0,0,27,27,916,0,0,0,0,0
2020-11-05,US,Nebraska,Hitchcock,58,1,0,40.17609175,-101.04164770000001,31087.0,2099.927588703838,1.7241379310344829,57,58,1,0,57,56,2806,0,0,0,0,2
2020-11-05,US,Nebraska,Holt,370,5,0,42.45522056,-98.78402558,31089.0,3675.3749875831927,1.351351351351351,365,356,5,0,351,340,10178,14,0,0,14,16
2020-11-05,US,Nebraska,Hooker,27,1,0,41.91586243,-101.1354293,31091.0,3958.9442815249267,3.703703703703704,26,27,1,0,26,25,682,0,0,0,0,2
2020-11-05,US,Nebraska,Howard,194,5,0,41.2200529,-98.5166499,31093.0,3010.085337470908,2.5773195876288657,189,187,5,0,182,182,6468,7,0,0,7,5
2020-11-05,US,Nebraska,Jefferson,129,0,0,40.17584531,-97.142601,31095.0,1830.826000567698,0.0,129,116,0,0,116,113,7097,13,0,0,13,3
2020-11-05,US,Nebraska,Johnson,138,0,0,40.39257596,-96.26522753,31097.0,2721.3567343719187,0.0,138,125,0,0,125,121,5134,13,0,0,13,4
2020-11-05,US,Nebraska,Kearney,291,0,0,40.50663314,-98.94877182,31099.0,4480.369515011547,0.0,291,281,0,0,281,270,6544,10,0,0,10,11
2020-11-05,US,Nebraska,Keith,136,0,0,41.19930341,-101.66201640000001,31101.0,1692.8055763007221,0.0,136,129,0,0,129,125,8021,7,0,0,7,4
2020-11-05,US,Nebraska,Keya Paha,10,0,0,42.87990694,-99.71343729,31103.0,1240.6947890818856,0.0,10,10,0,0,10,9,810,0,0,0,0,1
2020-11-05,US,Nebraska,Kimball,77,0,0,41.19774275,-103.7148131,31105.0,2120.0440528634367,0.0,77,78,0,0,78,76,3618,-1,0,0,-1,2
2020-11-05,US,Nebraska,Knox,313,1,0,42.63758421,-97.89178836,31107.0,3756.601056168987,0.3194888178913738,312,307,1,0,306,301,8419,6,0,0,6,6
2020-11-05,US,Nebraska,Lancaster,10275,49,0,40.78416049,-96.68777155,31109.0,3220.094644144285,0.4768856447688564,10226,10092,49,0,10043,9913,317272,183,0,0,183,179
2020-11-05,US,Nebraska,Lincoln,1171,8,0,41.04658298,-100.74753740000001,31111.0,3353.955433350519,0.6831767719897524,1163,1148,8,0,1140,1090,35185,23,0,0,23,58
2020-11-05,US,Nebraska,Logan,12,0,0,41.56650314,-100.4817851,31113.0,1604.2780748663101,0.0,12,12,0,0,12,13,749,0,0,0,0,-1
2020-11-05,US,Nebraska,Loup,12,0,0,41.91371961,-99.45440415,31115.0,1807.2289156626507,0.0,12,9,0,0,9,8,618,3,0,0,3,1
2020-11-05,US,Nebraska,Madison,1773,11,0,41.91676024,-97.6005481,31119.0,5051.425966551754,0.6204173716864072,1762,1706,11,0,1695,1621,35392,67,0,0,67,85
2020-11-05,US,Nebraska,McPherson,11,0,0,41.56797682,-101.05993620000001,31117.0,2226.7206477732793,0.0,11,11,0,0,11,10,492,0,0,0,0,1
2020-11-05,US,Nebraska,Merrick,194,1,0,41.16624273,-98.0374887,31121.0,2501.6118633139913,0.5154639175257731,193,180,1,0,179,173,7733,14,0,0,14,7
2020-11-05,US,Nebraska,Morrill,151,0,0,41.71711774,-103.0061405,31123.0,3252.908229211547,0.0,151,147,0,0,147,142,4686,4,0,0,4,5
2020-11-05,US,Nebraska,Nance,139,0,0,41.39750195,-97.99327291,31125.0,3949.985791418017,0.0,139,131,0,0,131,127,3532,8,0,0,8,4
2020-11-05,US,Nebraska,Nemaha,207,0,0,40.38514847,-95.85433992,31127.0,2969.018932874354,0.0,207,191,0,0,191,184,6958,16,0,0,16,7
2020-11-05,US,Nebraska,Nuckolls,123,0,0,40.17637905,-98.04743961,31129.0,2965.2844744455156,0.0,123,122,0,0,122,118,4195,1,0,0,1,4
2020-11-05,US,Nebraska,Otoe,404,1,0,40.64843556,-96.13374142,31131.0,2523.1076692480638,0.2475247524752475,403,368,1,0,367,351,15985,36,0,0,36,17
2020-11-05,US,Nebraska,Pawnee,37,0,0,40.13141096,-96.23705437,31133.0,1415.996938384998,0.0,37,35,0,0,35,35,2632,2,0,0,2,0
2020-11-05,US,Nebraska,Perkins,56,10,0,40.85082525,-101.6502942,31135.0,1937.046004842615,17.857142857142858,46,54,10,0,44,52,2929,2,0,0,2,2
2020-11-05,US,Nebraska,Phelps,346,2,0,40.51156033,-99.41461667,31137.0,3829.975647553686,0.5780346820809249,344,336,2,0,334,331,8996,10,0,0,10,5
2020-11-05,US,Nebraska,Pierce,273,11,0,42.26434853,-97.60122773,31139.0,3819.250139899273,4.029304029304028,262,267,11,0,256,249,7142,6,0,0,6,18
2020-11-05,US,Nebraska,Platte,1925,7,0,41.57246836,-97.52144359,31141.0,5751.419181356439,0.3636363636363637,1918,1868,7,0,1861,1845,33363,57,0,0,57,23
2020-11-05,US,Nebraska,Polk,225,6,0,41.18813488,-97.56630712,31143.0,4316.132745060426,2.6666666666666665,219,217,6,0,211,212,5278,8,0,0,8,5
2020-11-05,US,Nebraska,Red Willow,317,0,0,40.17556879999999,-100.476998,31145.0,2955.986572174562,0.0,317,309,0,0,309,297,10726,8,0,0,8,12
2020-11-05,US,Nebraska,Richardson,159,2,0,40.1247415,-95.71755036,31147.0,2021.6147488874765,1.2578616352201255,157,145,2,0,143,136,7937,14,0,0,14,9
2020-11-05,US,Nebraska,Rock,66,1,0,42.42252217,-99.44832069,31149.0,4863.669859985262,1.5151515151515151,65,64,1,0,63,61,1360,2,0,0,2,3
2020-11-05,US,Nebraska,Saline,1047,2,0,40.52418865,-97.14085859,31151.0,7360.798650168729,0.19102196752626552,1045,1026,2,0,1024,1015,14350,21,0,0,21,11
2020-11-05,US,Nebraska,Sarpy,6927,39,0,41.11314181,-96.11156432,31153.0,3700.3995811876316,0.563014291901256,6888,6729,39,0,6690,6534,184459,198,0,0,198,195
2020-11-05,US,Nebraska,Saunders,797,4,0,41.227810299999994,-96.63773905,31155.0,3693.576791176198,0.5018820577164367,793,780,4,0,776,755,21303,17,0,0,17,25
2020-11-05,US,Nebraska,Scotts Bluff,1222,9,0,41.85070896,-103.70809859999999,31157.0,3430.8495704419115,0.7364975450081833,1213,1153,9,0,1144,1134,35989,69,0,0,69,19
2020-11-05,US,Nebraska,Seward,494,3,0,40.87241834,-97.139673,31159.0,2858.13469104374,0.6072874493927125,491,468,3,0,465,451,17318,26,0,0,26,17
2020-11-05,US,Nebraska,Sheridan,166,0,0,42.50284406,-102.4126613,31161.0,3164.3156690812048,0.0,166,160,0,0,160,148,5190,6,0,0,6,12
2020-11-05,US,Nebraska,Sherman,73,3,0,41.22045983,-98.97588642,31163.0,2432.522492502499,4.109589041095891,70,71,3,0,68,71,3038,2,0,0,2,0
2020-11-05,US,Nebraska,Sioux,12,0,0,42.48932059,-103.7576544,31165.0,1029.1595197255574,0.0,12,12,0,0,12,12,1187,0,0,0,0,0
2020-11-05,US,Nebraska,Stanton,105,0,0,41.9169835,-97.19394708,31167.0,1773.6486486486488,0.0,105,95,0,0,95,91,5970,10,0,0,10,4
2020-11-05,US,Nebraska,Thayer,84,0,0,40.17626377,-97.59504381,31169.0,1678.9926044373376,0.0,84,79,0,0,79,78,5039,5,0,0,5,1
2020-11-05,US,Nebraska,Thomas,17,0,0,41.91358968,-100.5556632,31171.0,2354.5706371191136,0.0,17,16,0,0,16,15,720,1,0,0,1,1
2020-11-05,US,Nebraska,Thurston,384,4,0,42.15725356,-96.54157099,31173.0,5315.614617940199,1.0416666666666667,380,370,4,0,366,369,7303,14,0,0,14,1
2020-11-05,US,Nebraska,Unassigned,666,2,0,0.0,0.0,90031.0,0.0,0.3003003003003003,664,623,2,0,621,586,,43,0,0,43,37
2020-11-05,US,Nebraska,Valley,105,1,0,41.56730777,-98.98197724,31175.0,2525.252525252525,0.9523809523809524,104,101,1,0,100,98,4190,4,0,0,4,3
2020-11-05,US,Nebraska,Washington,620,7,0,41.52815707,-96.22019892,31177.0,2990.978821940277,1.1290322580645162,613,601,7,0,594,580,20667,19,0,0,19,21
2020-11-05,US,Nebraska,Wayne,441,2,0,42.20934475,-97.11926964,31179.0,4698.987746403836,0.453514739229025,439,417,2,0,415,402,9403,24,0,0,24,15
2020-11-05,US,Nebraska,Webster,130,0,0,40.17642643,-98.50019851,31181.0,3728.1330656724977,0.0,130,130,0,0,130,128,3533,0,0,0,0,2
2020-11-05,US,Nebraska,Wheeler,5,0,0,41.91482725,-98.52798941,31183.0,638.5696040868455,0.0,5,5,0,0,5,5,805,0,0,0,0,0
2020-11-05,US,Nebraska,York,650,2,0,40.87272618,-97.59710186,31185.0,4751.809342788216,0.3076923076923077,648,611,2,0,609,599,13772,39,0,0,39,12
2020-11-05,US,Nevada,Carson City,847,9,0,39.15509045,-119.7480219,32510.0,1514.772158237356,1.062573789846517,838,835,9,0,826,821,55414,12,0,0,12,14
2020-11-05,US,Nevada,Churchill,313,4,0,39.58105744,-118.3394607,32001.0,1256.573929101931,1.2779552715654952,309,284,4,0,280,271,24440,29,0,0,29,13
2020-11-05,US,Nevada,Clark,85641,1551,0,36.21458855,-115.0130241,32003.0,3778.1988472304633,1.8110484464216905,84090,84872,1545,0,83327,84129,2231647,769,6,0,763,743
2020-11-05,US,Nevada,Douglas,445,2,0,38.912862,-119.61713329999999,32005.0,909.9274102852468,0.44943820224719105,443,440,1,0,439,436,48467,5,1,0,4,4
2020-11-05,US,Nevada,Elko,1659,14,0,41.14531606,-115.3577619,32007.0,3143.355185872901,0.8438818565400844,1645,1610,14,0,1596,1582,52460,49,0,0,49,28
2020-11-05,US,Nevada,Eureka,14,0,0,39.98100864,-116.26832040000001,32011.0,689.9950714637752,0.0,14,14,0,0,14,14,2003,0,0,0,0,0
2020-11-05,US,Nevada,Humboldt,191,4,0,41.40692186,-118.11094270000001,32013.0,1134.8107658487315,2.094240837696335,187,190,4,0,186,186,16786,1,0,0,1,4
2020-11-05,US,Nevada,Lander,116,4,0,39.933223299999995,-117.03970749999999,32015.0,2096.8908170643526,3.4482758620689653,112,116,4,0,112,115,5575,0,0,0,0,1
2020-11-05,US,Nevada,Lincoln,50,1,0,37.64268459,-114.8790388,32017.0,964.6922631680493,2.0,49,50,0,0,50,49,5201,0,1,0,-1,1
2020-11-05,US,Nevada,Lyon,645,14,0,39.01777974,-119.18704790000001,32019.0,1121.544079290558,2.1705426356589146,631,638,14,0,624,635,55808,7,0,0,7,3
2020-11-05,US,Nevada,Mineral,22,0,0,38.53841696,-118.4344506,32021.0,488.34628190899,0.0,22,18,0,0,18,18,4514,4,0,0,4,0
2020-11-05,US,Nevada,Nye,753,17,0,38.04264256,-116.47227020000001,32023.0,1618.5542634825783,2.257636122177955,736,742,17,0,725,734,45346,11,0,0,11,8
2020-11-05,US,Nevada,Pershing,25,0,0,40.44003782,-118.40056409999998,32027.0,371.7472118959108,0.0,25,24,0,0,24,24,6666,1,0,0,1,0
2020-11-05,US,Nevada,Storey,24,0,0,39.44875482,-119.5250207,32029.0,582.1004123211254,0.0,24,24,0,0,24,24,4029,0,0,0,0,0
2020-11-05,US,Nevada,Washoe,14486,203,0,40.66562265,-119.6631594,32031.0,3072.1985752429914,1.4013530305122186,14283,14109,201,0,13908,13860,465735,377,2,0,375,249
2020-11-05,US,Nevada,White Pine,129,1,0,39.44157041,-114.89996599999999,32033.0,1346.5553235908142,0.7751937984496124,128,127,1,0,126,127,9475,2,0,0,2,0
2020-11-05,US,New Hampshire,Belknap,269,5,0,43.51637314,-71.41684235,33001.0,438.80397370438635,1.858736059479554,264,262,5,0,257,259,61022,7,0,0,7,3
2020-11-05,US,New Hampshire,Carroll,174,2,0,43.87498583,-71.20430216,33003.0,355.7554692291965,1.1494252873563218,172,166,2,0,164,163,48779,8,0,0,8,3
2020-11-05,US,New Hampshire,Cheshire,225,3,0,42.92015988,-72.25311043,33005.0,295.72188999145686,1.3333333333333333,222,220,3,0,217,214,76493,5,0,0,5,6
2020-11-05,US,New Hampshire,Coos,144,0,0,44.69063265,-71.30633239,33007.0,456.2303963501568,0.0,144,127,0,0,127,116,31589,17,0,0,17,11
2020-11-05,US,New Hampshire,Grafton,282,1,0,43.93779815,-71.82057197,33009.0,313.73072558574194,0.3546099290780142,281,277,1,0,276,269,89786,5,0,0,5,8
2020-11-05,US,New Hampshire,Hillsborough,5785,325,0,42.91537785,-71.7200253,33011.0,1387.2070019782986,5.617977528089888,5460,5714,323,0,5391,5682,415247,71,2,0,69,32
2020-11-05,US,New Hampshire,Merrimack,1009,30,0,43.29662971,-71.6811573,33013.0,666.4861187256837,2.9732408325074333,979,988,30,0,958,979,151132,21,0,0,21,9
2020-11-05,US,New Hampshire,Rockingham,2916,105,0,42.98499744,-71.12883377,33015.0,941.3466163496023,3.6008230452674903,2811,2851,105,0,2746,2824,309176,65,0,0,65,27
2020-11-05,US,New Hampshire,Strafford,857,14,0,43.291833000000004,-71.02336013,33017.0,656.0363767195121,1.633605600933489,843,825,14,0,811,807,130090,32,0,0,32,18
2020-11-05,US,New Hampshire,Sullivan,103,1,0,43.36094111,-72.22203125,33019.0,238.724331340101,0.9708737864077671,102,99,1,0,98,99,43144,4,0,0,4,0
2020-11-05,US,New Hampshire,Unassigned,44,0,0,0.0,0.0,90033.0,0.0,0.0,44,34,0,0,34,36,,10,0,0,10,-2
2020-11-05,US,New Jersey,Atlantic,5587,269,0,39.47538693,-74.65848483,34001.0,2118.936549474722,4.814748523357795,5318,5524,269,0,5255,5454,265429,63,0,0,63,70
2020-11-05,US,New Jersey,Bergen,26170,2068,0,40.96010917,-74.07164325,34003.0,2807.331458203265,7.902178066488347,24102,26065,2067,0,23998,25852,936692,105,1,0,104,213
2020-11-05,US,New Jersey,Burlington,9020,519,0,39.87681124,-74.66927768,34005.0,2025.3778497313344,5.753880266075388,8501,8961,519,0,8442,8851,445384,59,0,0,59,110
2020-11-05,US,New Jersey,Camden,12497,639,0,39.80343818,-74.96388753,34007.0,2467.466054324927,5.113227174521885,11858,12328,638,0,11690,12172,507078,169,1,0,168,156
2020-11-05,US,New Jersey,Cape May,1177,101,0,39.15008829,-74.80170244,34009.0,1278.8057236606219,8.581138487680544,1076,1167,101,0,1066,1161,92560,10,0,0,10,6
2020-11-05,US,New Jersey,Cumberland,4143,162,0,39.37199394,-75.10712559,34011.0,2770.7370575213845,3.9102099927588703,3981,4123,162,0,3961,4092,150972,20,0,0,20,31
2020-11-05,US,New Jersey,Essex,26315,2152,0,40.78681335,-74.24657979,34013.0,3293.594918489315,8.177845335360061,24163,26053,2149,0,23904,25696,799767,262,3,0,259,357
2020-11-05,US,New Jersey,Gloucester,5937,250,0,39.71581067,-75.13995546,34015.0,2035.7569024400282,4.210880916287687,5687,5852,249,0,5603,5778,291408,85,1,0,84,74
2020-11-05,US,New Jersey,Hudson,24306,1536,0,40.73766234,-74.07515667,34017.0,3614.8609960573535,6.319427301900765,22770,24103,1536,0,22567,23917,676061,203,0,0,203,186
2020-11-05,US,New Jersey,Hunterdon,1710,127,0,40.56335249,-74.91284156,34019.0,1374.9185903466241,7.426900584795321,1583,1692,127,0,1565,1663,124714,18,0,0,18,29
2020-11-05,US,New Jersey,Mercer,9696,642,0,40.28047017,-74.70479631,34021.0,2638.869988841412,6.621287128712871,9054,9624,642,0,8982,9535,369811,72,0,0,72,89
2020-11-05,US,New Jersey,Middlesex,23358,1452,0,40.43629879,-74.41426991,34023.0,2831.059968826585,6.216285640893912,21906,23225,1451,0,21774,22988,829685,133,1,0,132,237
2020-11-05,US,New Jersey,Monmouth,14827,874,0,40.26549699,-74.22240686,34025.0,2396.108565841676,5.894651649018682,13953,14692,874,0,13818,14583,621354,135,0,0,135,109
2020-11-05,US,New Jersey,Morris,9780,841,0,40.86095313,-74.54553709999998,34027.0,1988.431314743466,8.599182004089979,8939,9691,840,0,8851,9549,494228,89,1,0,88,142
2020-11-05,US,New Jersey,Ocean,17270,1074,0,39.8895449,-74.28089251,34029.0,2844.2684778634552,6.218876664736537,16196,17180,1073,0,16107,17105,601651,90,1,0,89,75
2020-11-05,US,New Jersey,Passaic,21928,1265,0,41.03238628,-74.29954144,34031.0,4369.642067170693,5.768879970813573,20663,21734,1265,0,20469,21546,503310,194,0,0,194,188
2020-11-05,US,New Jersey,Salem,1218,90,0,39.58719656,-75.34696629999998,34033.0,1952.392402019716,7.389162561576356,1128,1206,89,0,1117,1198,62607,12,1,0,11,8
2020-11-05,US,New Jersey,Somerset,6771,598,0,40.56465737,-74.61683016,34035.0,2058.467656125545,8.831782602274405,6173,6726,597,0,6129,6663,331164,45,1,0,44,63
2020-11-05,US,New Jersey,Sussex,1814,198,0,41.13891592,-74.69118243,34037.0,1291.2134844257162,10.91510474090408,1616,1801,198,0,1603,1792,140799,13,0,0,13,9
2020-11-05,US,New Jersey,Unassigned,573,0,0,0.0,0.0,90034.0,0.0,0.0,573,569,0,0,569,550,,4,0,0,4,19
2020-11-05,US,New Jersey,Union,21415,1375,0,40.65835409,-74.30680092,34039.0,3849.2579191539003,6.420733130982955,20040,21265,1374,0,19891,21020,558067,150,1,0,149,245
2020-11-05,US,New Jersey,Warren,1707,171,0,40.85951833,-74.99556527,34041.0,1621.5908119353644,10.017574692442881,1536,1676,171,0,1505,1660,105779,31,0,0,31,16
2020-11-05,US,New Mexico,Bernalillo,12828,225,0,35.05163625,-106.6703554,35001.0,1888.9122851450625,1.7539756782039289,12603,12627,219,0,12408,12362,678701,201,6,0,195,265
2020-11-05,US,New Mexico,Catron,10,1,0,33.91514144,-108.4046587,35003.0,283.5270768358378,10.0,9,10,1,0,9,10,3578,0,0,0,0,0
2020-11-05,US,New Mexico,Chaves,2376,20,0,33.36406072,-104.4665365,35005.0,3677.1647450282453,0.8417508417508418,2356,2324,20,0,2304,2287,64689,52,0,0,52,37
2020-11-05,US,New Mexico,Cibola,758,28,0,34.91131525,-107.998876,35006.0,2841.611996251172,3.693931398416887,730,730,26,0,704,694,26746,28,2,0,26,36
2020-11-05,US,New Mexico,Colfax,49,1,0,36.60569702,-104.64726740000002,35007.0,410.35089188510176,2.0408163265306123,48,49,1,0,48,48,12110,0,0,0,0,1
2020-11-05,US,New Mexico,Curry,1799,13,0,34.57421077,-103.34688759999999,35009.0,3674.878457327287,0.7226236798221234,1786,1754,12,0,1742,1730,49437,45,1,0,44,24
2020-11-05,US,New Mexico,De Baca,3,0,0,34.34274529,-104.4117842,35011.0,171.6247139588101,0.0,3,2,0,0,2,3,1781,1,0,0,1,-1
2020-11-05,US,New Mexico,Dona Ana,7627,97,0,32.35275771,-106.83293870000001,35013.0,3495.4971470473656,1.2717975612953978,7530,7492,90,0,7402,7299,217522,135,7,0,128,193
2020-11-05,US,New Mexico,Eddy,1705,26,0,32.47167456,-104.3053527,35015.0,2916.524119055765,1.5249266862170088,1679,1663,24,0,1639,1610,57900,42,2,0,40,53
2020-11-05,US,New Mexico,Grant,223,4,0,32.73911281,-108.3827845,35017.0,825.9871101563077,1.7937219730941705,219,220,4,0,216,215,27346,3,0,0,3,5
2020-11-05,US,New Mexico,Guadalupe,49,1,0,34.86319296,-104.790669,35019.0,1139.5348837209306,2.0408163265306123,48,47,1,0,46,47,4341,2,0,0,2,0
2020-11-05,US,New Mexico,Harding,1,0,0,35.85751555,-103.82209379999999,35021.0,160.0,0.0,1,1,0,0,1,1,655,0,0,0,0,0
2020-11-05,US,New Mexico,Hidalgo,129,2,0,31.91383467,-108.7151824,35023.0,3072.891853263459,1.5503875968992251,127,129,2,0,127,127,4240,0,0,0,0,2
2020-11-05,US,New Mexico,Lea,2400,32,0,32.79215361,-103.4123733,35025.0,3376.952300548755,1.3333333333333333,2368,2371,32,0,2339,2318,69611,29,0,0,29,53
2020-11-05,US,New Mexico,Lincoln,412,6,0,33.74526079,-105.4586166,35027.0,2105.048027794809,1.4563106796116505,406,410,6,0,404,405,19556,2,0,0,2,5
2020-11-05,US,New Mexico,Los Alamos,60,0,0,35.86631386,-106.31349850000001,35028.0,309.7733491661934,0.0,60,58,0,0,58,53,19101,2,0,0,2,5
2020-11-05,US,New Mexico,Luna,1301,14,0,32.18179341,-107.75088259999998,35029.0,5487.367666287064,1.0760953112990008,1287,1250,13,0,1237,1215,23963,51,1,0,50,35
2020-11-05,US,New Mexico,McKinley,4886,262,0,35.58007720000001,-108.262245,35031.0,6846.301511903261,5.3622595169873115,4624,4860,262,0,4598,4822,72290,26,0,0,26,38
2020-11-05,US,New Mexico,Mora,16,0,0,36.01095101,-104.9497716,35033.0,353.90400353904005,0.0,16,15,0,0,15,15,4506,1,0,0,1,0
2020-11-05,US,New Mexico,Otero,621,17,0,32.61348406,-105.7417604,35035.0,920.136316491332,2.7375201288244773,604,614,17,0,597,589,66781,7,0,0,7,25
2020-11-05,US,New Mexico,Quay,117,2,0,35.10403332,-103.54817270000001,35037.0,1417.6663031624869,1.709401709401709,115,117,2,0,115,114,8253,0,0,0,0,3
2020-11-05,US,New Mexico,Rio Arriba,588,15,0,36.51072137,-106.69316740000001,35039.0,1510.7525500372547,2.5510204081632653,573,574,15,0,559,558,39006,14,0,0,14,16
2020-11-05,US,New Mexico,Roosevelt,553,10,0,34.02097406,-103.4799493,35041.0,2989.1891891891887,1.8083182640144664,543,541,10,0,531,532,18743,12,0,0,12,9
2020-11-05,US,New Mexico,San Juan,3991,206,0,36.50838318,-108.32043700000001,35045.0,3219.638909953371,5.161613630669005,3785,3964,206,0,3758,3914,125043,27,0,0,27,50
2020-11-05,US,New Mexico,San Miguel,214,0,0,35.48014807,-104.8163562,35047.0,784.5437548117461,0.0,214,209,0,0,209,203,27591,5,0,0,5,6
2020-11-05,US,New Mexico,Sandoval,2273,50,0,35.68862401,-106.86878030000001,35043.0,1548.9137841742306,2.1997360316761987,2223,2236,50,0,2186,2202,145179,37,0,0,37,34
2020-11-05,US,New Mexico,Santa Fe,2149,18,0,35.50708973,-105.9774716,35049.0,1429.2555101823648,0.8375988832014891,2131,2096,15,0,2081,2058,150056,53,3,0,50,38
2020-11-05,US,New Mexico,Sierra,147,1,0,33.13028233,-107.1925893,35051.0,1362.2463163747568,0.6802721088435374,146,141,1,0,140,138,10968,6,0,0,6,3
2020-11-05,US,New Mexico,Socorro,296,16,0,34.00715494,-106.9298354,35053.0,1779.1669171124606,5.405405405405406,280,289,16,0,273,282,16735,7,0,0,7,7
2020-11-05,US,New Mexico,Taos,305,5,0,36.58006022,-105.63101979999999,35055.0,932.0661308559728,1.639344262295082,300,292,5,0,287,273,32835,13,0,0,13,19
2020-11-05,US,New Mexico,Torrance,123,1,0,34.64048375,-105.8508949,35057.0,795.5500937843608,0.8130081300813008,122,121,1,0,120,120,15591,2,0,0,2,1
2020-11-05,US,New Mexico,Unassigned,1883,0,0,0.0,0.0,90035.0,0.0,0.0,1883,1858,0,0,1858,1830,,25,0,0,25,28
2020-11-05,US,New Mexico,Union,46,2,0,36.48126404,-103.4709624,35059.0,1133.2840601133285,4.3478260869565215,44,46,2,0,44,46,4118,0,0,0,0,0
2020-11-05,US,New Mexico,Valencia,1172,7,0,34.71669834,-106.8103733,35061.0,1528.2703943250574,0.5972696245733788,1165,1141,6,0,1135,1120,76456,31,1,0,30,21
2020-11-05,US,New York,Albany,3877,140,0,42.60060306,-73.97723916,36001.0,1269.0421792043364,3.611039463502708,3737,3845,140,0,3705,3802,307117,32,0,0,32,43
2020-11-05,US,New York,Allegany,389,16,0,42.25748406,-78.02750466,36003.0,843.9825562474235,4.113110539845758,373,379,8,0,371,374,46430,10,8,0,2,5
2020-11-05,US,New York,Bronx,56460,5002,0,40.85209301,-73.86282755,36005.0,3981.083156408056,8.859369465108044,51458,56292,5001,0,51291,56165,1432132,168,1,0,167,127
2020-11-05,US,New York,Broome,3884,104,0,42.15903158,-75.81326086,36007.0,2038.9735836378147,2.677651905252317,3780,3835,98,0,3737,3789,191659,49,6,0,43,46
2020-11-05,US,New York,Cattaraugus,582,18,0,42.24778241,-78.67923096,36009.0,764.6123730572673,3.0927835051546397,564,568,18,0,550,562,76840,14,0,0,14,6
2020-11-05,US,New York,Cayuga,486,2,0,42.91261714,-76.55731592,36011.0,634.6636021730046,0.41152263374485604,484,474,2,0,472,465,77145,12,0,0,12,9
2020-11-05,US,New York,Chautauqua,1081,15,0,42.22769210000001,-79.36691763,36013.0,851.831713986273,1.387604070305273,1066,1051,14,0,1037,1040,127939,30,1,0,29,11
2020-11-05,US,New York,Chemung,1996,22,0,42.13891056,-76.7638805,36015.0,2391.679447852761,1.1022044088176353,1974,1948,3,0,1945,1923,84254,48,19,0,29,25
2020-11-05,US,New York,Chenango,443,9,0,42.49430041,-75.60887553,36017.0,938.4201495540916,2.031602708803612,434,432,7,0,425,430,47536,11,2,0,9,2
2020-11-05,US,New York,Clinton,288,5,0,44.74530905,-73.67875352,36019.0,357.830651674225,1.7361111111111112,283,282,5,0,277,279,80695,6,0,0,6,3
2020-11-05,US,New York,Columbia,774,43,0,42.24819348,-73.63089095,36021.0,1301.693547030827,5.5555555555555545,731,763,38,0,725,745,59916,11,5,0,6,18
2020-11-05,US,New York,Cortland,613,1,0,42.59509207,-76.07048931,36023.0,1288.3293751707615,0.1631321370309951,612,604,0,0,604,598,47823,9,1,0,8,6
2020-11-05,US,New York,Delaware,213,7,0,42.19837623,-74.96709306,36025.0,482.6101733318228,3.286384976525821,206,205,7,0,198,197,44527,8,0,0,8,8
2020-11-05,US,New York,Dutchess,5669,166,0,41.76486060000001,-73.74356679,36027.0,1926.802574961424,2.9282060328100195,5503,5642,165,0,5477,5612,293718,27,1,0,26,30
2020-11-05,US,New York,Erie,14123,728,0,42.76249024,-78.73063652,36029.0,1537.2775938225889,5.1547121716349205,13395,13908,717,0,13191,13748,919719,215,11,0,204,160
2020-11-05,US,New York,Essex,212,0,0,44.11630765,-73.77297842,36031.0,574.7593872848041,0.0,212,210,0,0,210,207,37300,2,0,0,2,3
2020-11-05,US,New York,Franklin,105,0,0,44.59040891,-74.29926032,36033.0,209.90764063811923,0.0,105,96,0,0,96,96,50293,9,0,0,9,0
2020-11-05,US,New York,Fulton,370,24,0,43.11363907,-74.41798804,36035.0,693.1045463911732,6.486486486486488,346,369,24,0,345,368,53591,1,0,0,1,1
2020-11-05,US,New York,Genesee,441,5,0,43.0022601,-78.19135193,36037.0,769.9022346368715,1.1337868480725624,436,428,5,0,423,420,57511,13,0,0,13,8
2020-11-05,US,New York,Greene,523,18,0,42.275797,-74.12384884,36039.0,1108.3326269390525,3.4416826003824093,505,523,18,0,505,518,47491,0,0,0,0,5
2020-11-05,US,New York,Hamilton,19,0,0,43.66146647,-74.49721957,36041.0,430.2536231884058,0.0,19,19,0,0,19,19,4434,0,0,0,0,0
2020-11-05,US,New York,Herkimer,424,10,0,43.42034246,-74.96145307,36043.0,691.4659404099872,2.358490566037736,414,418,10,0,408,414,61833,6,0,0,6,4
2020-11-05,US,New York,Jefferson,249,0,0,44.04200959,-75.94653457,36045.0,226.70575595899263,0.0,249,241,0,0,241,237,111755,8,0,0,8,4
2020-11-05,US,New York,Kings,77341,7417,0,40.636182500000004,-73.94935552,36047.0,3021.2472894480766,9.589997543346996,69924,76988,7414,0,69574,76663,2582830,353,3,0,350,325
2020-11-05,US,New York,Lewis,167,0,0,43.784415700000004,-75.44903992,36049.0,635.0775783389107,0.0,167,165,0,0,165,155,26447,2,0,0,2,10
2020-11-05,US,New York,Livingston,375,8,0,42.72596275,-77.77966158,36051.0,596.0517531868901,2.1333333333333333,367,368,8,0,360,359,63227,7,0,0,7,9
2020-11-05,US,New York,Madison,616,17,0,42.91653905,-75.67266639,36053.0,868.3272014772839,2.75974025974026,599,609,17,0,592,601,70795,7,0,0,7,8
2020-11-05,US,New York,Monroe,8237,307,0,43.14638895,-77.69322942,36055.0,1110.4520269086104,3.7270851037999266,7930,8025,300,0,7725,7923,742474,212,7,0,205,102
2020-11-05,US,New York,Montgomery,283,4,0,42.90123494,-74.44011632,36057.0,574.9578431970093,1.413427561837456,279,283,4,0,279,281,49455,0,0,0,0,2
2020-11-05,US,New York,Nassau,50918,2216,0,40.74066522,-73.58941873,36059.0,3752.4577647679603,4.352095526140069,48702,50702,2216,0,48486,50602,1358343,216,0,0,216,100
2020-11-05,US,New York,New York,37278,3201,0,40.76727260000001,-73.97152637,36061.0,2288.81087194374,8.586834057621116,34077,37100,3200,0,33900,36980,,178,1,0,177,120
2020-11-05,US,New York,Niagara,2231,102,0,43.19898042,-78.74777412,36063.0,1066.030838919921,4.571940833706858,2129,2191,102,0,2089,2166,210433,40,0,0,40,25
2020-11-05,US,New York,Oneida,2946,132,0,43.24375382,-75.43710392,36065.0,1288.3137783103234,4.480651731160896,2814,2917,129,0,2788,2896,229577,29,3,0,26,21
2020-11-05,US,New York,Onondaga,6122,212,0,43.00491923,-76.19971155,36067.0,1329.3437098287186,3.462920614178373,5910,6001,212,0,5789,5881,461809,121,0,0,121,120
2020-11-05,US,New York,Ontario,758,36,0,42.85145728,-77.30874425,36069.0,690.4907221002577,4.749340369393139,722,745,35,0,710,736,109864,13,1,0,12,9
2020-11-05,US,New York,Orange,14135,508,0,41.40337468,-74.30240757,36071.0,3672.0008312983837,3.5939158118146444,13627,14055,507,0,13548,13998,381951,80,1,0,79,57
2020-11-05,US,New York,Orleans,422,54,0,43.2516977,-78.2320066,36073.0,1045.796986518636,12.796208530805687,368,421,54,0,367,418,40612,1,0,0,1,3
2020-11-05,US,New York,Oswego,689,5,0,43.42778894,-76.14635194,36075.0,588.2654280933027,0.7256894049346879,684,678,4,0,674,669,117898,11,1,0,10,9
2020-11-05,US,New York,Otsego,437,5,0,42.63492579,-75.03151402,36077.0,734.5401980064881,1.1441647597254003,432,433,5,0,428,422,59749,4,0,0,4,11
2020-11-05,US,New York,Putnam,1896,63,0,41.42630093,-73.74965532,36079.0,1928.39707078926,3.3227848101265822,1833,1883,63,0,1820,1874,98892,13,0,0,13,9
2020-11-05,US,New York,Queens,78440,7301,0,40.71088124,-73.81684712,36081.0,3480.254745418745,9.30775114737379,71139,78187,7299,0,70888,78013,2278906,253,2,0,251,174
2020-11-05,US,New York,Rensselaer,1161,42,0,42.71348136,-73.51089874,36083.0,731.5044671547563,3.617571059431525,1119,1142,42,0,1100,1135,159442,19,0,0,19,7
2020-11-05,US,New York,Richmond,17941,1099,0,40.58582155,-74.14808598,36085.0,3767.985668171117,6.125634022629732,16842,17826,1098,0,16728,17777,476179,115,1,0,114,49
2020-11-05,US,New York,Rockland,18683,684,0,41.15027894,-74.02560498,36087.0,5734.693313770569,3.661082267301825,17999,18581,684,0,17897,18466,325695,102,0,0,102,115
2020-11-05,US,New York,Saratoga,1482,19,0,43.10904162,-73.86653895,36091.0,644.7318620221611,1.2820512820512822,1463,1458,17,0,1441,1448,230163,24,2,0,22,10
2020-11-05,US,New York,Schenectady,1666,51,0,42.81668777,-74.05278291,36093.0,1072.7693030863043,3.0612244897959178,1615,1650,50,0,1600,1644,155350,16,1,0,15,6
2020-11-05,US,New York,Schoharie,119,0,0,42.58831742,-74.44339029999998,36095.0,383.88335107584123,0.0,119,117,0,0,117,116,31097,2,0,0,2,1
2020-11-05,US,New York,Schuyler,166,0,0,42.39184015,-76.8773299,36097.0,932.2176672095244,0.0,166,164,0,0,164,159,17912,2,0,0,2,5
2020-11-05,US,New York,Seneca,163,5,0,42.78081007,-76.82497064,36099.0,479.1862652869239,3.0674846625766867,158,155,3,0,152,154,34300,8,2,0,6,1
2020-11-05,US,New York,St. Lawrence,449,5,0,44.4976179,-75.06550039,36089.0,416.7440133655097,1.11358574610245,444,442,4,0,438,436,108047,7,1,0,6,6
2020-11-05,US,New York,Steuben,1159,57,0,42.2689144,-77.3829924,36101.0,1215.1521823462188,4.918032786885246,1102,1145,57,0,1088,1131,95796,14,0,0,14,14
2020-11-05,US,New York,Suffolk,50033,2021,0,40.88320119,-72.8012172,36103.0,3388.3899577475568,4.039334039533909,48012,49854,2021,0,47833,49780,1481093,179,0,0,179,74
2020-11-05,US,New York,Sullivan,1862,48,0,41.71579493,-74.76394559,36105.0,2468.4484038604305,2.577873254564984,1814,1852,48,0,1804,1837,75498,10,0,0,10,15
2020-11-05,US,New York,Tioga,775,39,0,42.16852837,-76.30835812,36107.0,1607.7837478995084,5.032258064516129,736,750,30,0,720,732,48560,25,9,0,16,18
2020-11-05,US,New York,Tompkins,675,0,0,42.44945765,-76.47229843,36109.0,660.5989430416911,0.0,675,664,0,0,664,660,102793,11,0,0,11,4
2020-11-05,US,New York,Ulster,2588,98,0,41.89027881,-74.26252104,36111.0,1457.4287757710913,3.786707882534776,2490,2575,95,0,2480,2568,178599,13,3,0,10,7
2020-11-05,US,New York,Unassigned,0,27,0,0.0,0.0,90036.0,0.0,0.0,-27,0,22,0,-22,0,,0,5,0,-5,0
2020-11-05,US,New York,Warren,474,35,0,43.56173026,-73.8433699,36113.0,741.273614412611,7.3839662447257375,439,471,33,0,438,470,64265,3,2,0,1,1
2020-11-05,US,New York,Washington,361,14,0,43.31153794,-73.43043448,36115.0,589.8307300176459,3.878116343490305,347,358,14,0,344,356,61197,3,0,0,3,2
2020-11-05,US,New York,Wayne,622,6,0,43.15494365,-77.02976528,36117.0,691.7413643541893,0.964630225080386,616,602,5,0,597,588,90064,20,1,0,19,14
2020-11-05,US,New York,Westchester,41542,1472,0,41.16278376,-73.75741653,36119.0,4293.720142304027,3.543401858360214,40070,41360,1472,0,39888,41226,967612,182,0,0,182,134
2020-11-05,US,New York,Wyoming,226,5,0,42.70145109,-78.22199579,36121.0,566.9986703128528,2.2123893805309733,221,219,5,0,214,216,40085,7,0,0,7,3
2020-11-05,US,New York,Yates,153,7,0,42.63505484,-77.10369919,36123.0,614.1371974471159,4.575163398692809,146,147,7,0,140,145,24841,6,0,0,6,2
2020-11-05,US,North Carolina,Alamance,5551,90,0,36.0434701,-79.39976137,37001.0,3274.752373030341,1.6213294901819493,5461,5493,89,0,5404,5464,166436,58,1,0,57,29
2020-11-05,US,North Carolina,Alexander,1038,12,0,35.922379600000006,-81.17751948,37003.0,2768.221457716617,1.1560693641618498,1026,1024,10,0,1014,1009,37353,14,2,0,12,15
2020-11-05,US,North Carolina,Alleghany,340,1,0,36.49360862,-81.12857041,37005.0,3052.886773817006,0.29411764705882354,339,326,1,0,325,326,11161,14,0,0,14,0
2020-11-05,US,North Carolina,Anson,754,13,0,34.97403241,-80.09953279,37007.0,3084.3491777795957,1.7241379310344829,741,747,12,0,735,742,24877,7,1,0,6,5
2020-11-05,US,North Carolina,Ashe,521,3,0,36.43296207,-81.49862729,37009.0,1915.2299378744992,0.5758157389635317,518,513,3,0,510,507,27109,8,0,0,8,6
2020-11-05,US,North Carolina,Avery,673,2,0,36.07569796,-81.92308483,37011.0,3833.228911545253,0.2971768202080238,671,668,2,0,666,666,17505,5,0,0,5,2
2020-11-05,US,North Carolina,Beaufort,1462,46,0,35.48531943,-76.84325809,37013.0,3111.035451334213,3.1463748290013682,1416,1453,46,0,1407,1450,47079,9,0,0,9,3
2020-11-05,US,North Carolina,Bertie,744,21,0,36.0688473,-76.96545943,37015.0,3926.743020003167,2.8225806451612905,723,743,21,0,722,740,19026,1,0,0,1,3
2020-11-05,US,North Carolina,Bladen,1128,19,0,34.61296243,-78.56180059,37017.0,3447.222052441782,1.6843971631205674,1109,1121,19,0,1102,1106,33190,7,0,0,7,15
2020-11-05,US,North Carolina,Brunswick,2311,52,0,34.070565,-78.22814204,37019.0,1618.12071138496,2.250108178277802,2259,2296,52,0,2244,2271,136744,15,0,0,15,25
2020-11-05,US,North Carolina,Buncombe,4443,109,0,35.61113393,-82.53305,37021.0,1701.0540179408938,2.4532973216295297,4334,4385,109,0,4276,4360,259103,58,0,0,58,25
2020-11-05,US,North Carolina,Burke,2899,56,0,35.74989637,-81.70755735,37023.0,3203.8459413162404,1.9317005864091064,2843,2869,53,0,2816,2840,90382,30,3,0,27,29
2020-11-05,US,North Carolina,Cabarrus,5237,95,0,35.3877799,-80.55267168,37025.0,2419.46288570729,1.8140156578193625,5142,5189,95,0,5094,5153,211342,48,0,0,48,36
2020-11-05,US,North Carolina,Caldwell,2795,19,0,35.95204977,-81.54799522,37027.0,3401.1535934191634,0.6797853309481217,2776,2758,19,0,2739,2744,82029,37,0,0,37,14
2020-11-05,US,North Carolina,Camden,144,3,0,36.33804939,-76.15568396,37029.0,1325.1127266034784,2.083333333333333,141,144,3,0,141,144,10710,0,0,0,0,0
2020-11-05,US,North Carolina,Carteret,1278,5,0,34.8932941,-76.54120135,37031.0,1839.563571459416,0.3912363067292645,1273,1248,5,0,1243,1232,69524,30,0,0,30,16
2020-11-05,US,North Carolina,Caswell,661,5,0,36.39312665,-79.33353281,37033.0,2924.261192709255,0.75642965204236,656,655,5,0,650,657,22698,6,0,0,6,-2
2020-11-05,US,North Carolina,Catawba,4936,63,0,35.66211129,-81.2132617,37035.0,3093.6816441137944,1.2763371150729337,4873,4880,62,0,4818,4847,158652,56,1,0,55,33
2020-11-05,US,North Carolina,Chatham,2022,62,0,35.70394416,-79.25541492,37037.0,2715.187323754532,3.066271018793274,1960,2002,62,0,1940,1996,73139,20,0,0,20,6
2020-11-05,US,North Carolina,Cherokee,806,15,0,35.1349263,-84.05970864,37039.0,2816.999860198518,1.8610421836228288,791,798,15,0,783,794,28383,8,0,0,8,4
2020-11-05,US,North Carolina,Chowan,546,16,0,36.12908077,-76.60118385,37041.0,3915.9434841856128,2.93040293040293,530,546,15,0,531,544,14029,0,1,0,-1,2
2020-11-05,US,North Carolina,Clay,252,3,0,35.05704275,-83.74353633,37043.0,2243.7895111744283,1.1904761904761905,249,249,3,0,246,248,11139,3,0,0,3,1
2020-11-05,US,North Carolina,Cleveland,3458,91,0,35.33553364,-81.55204486,37045.0,3530.4807702124617,2.631578947368421,3367,3427,88,0,3339,3403,97645,31,3,0,28,24
2020-11-05,US,North Carolina,Columbus,1832,64,0,34.26744084,-78.65801424,37047.0,3300.4251639403333,3.4934497816593884,1768,1815,64,0,1751,1796,55655,17,0,0,17,19
2020-11-05,US,North Carolina,Craven,2502,63,0,35.11833364,-77.08398081,37049.0,2449.6029920010965,2.5179856115107917,2439,2485,63,0,2422,2465,102912,17,0,0,17,20
2020-11-05,US,North Carolina,Cumberland,7561,103,0,35.04762133,-78.82623165,37051.0,2253.5908127650823,1.3622536701494512,7458,7484,102,0,7382,7397,332330,77,1,0,76,87
2020-11-05,US,North Carolina,Currituck,238,4,0,36.36123664,-75.95876401,37053.0,857.2560602240393,1.680672268907563,234,232,4,0,228,232,27072,6,0,0,6,0
2020-11-05,US,North Carolina,Dare,414,3,0,35.66520691,-75.71767334,37055.0,1118.646815639439,0.7246376811594203,411,400,3,0,397,396,36501,14,0,0,14,4
2020-11-05,US,North Carolina,Davidson,3991,46,0,35.79115496,-80.21256572,37057.0,2381.1370511130067,1.1525933350037585,3945,3935,46,0,3889,3910,166614,56,0,0,56,25
2020-11-05,US,North Carolina,Davie,825,8,0,35.93099927,-80.54496571,37059.0,1925.5006301638425,0.9696969696969696,817,812,8,0,804,803,42733,13,0,0,13,9
2020-11-05,US,North Carolina,Duplin,2922,54,0,34.93449805,-77.93140529,37061.0,4974.379053812499,1.8480492813141685,2868,2905,54,0,2851,2886,58856,17,0,0,17,19
2020-11-05,US,North Carolina,Durham,9511,102,0,36.03638492,-78.87608331,37063.0,2958.4307967949035,1.072442435075176,9409,9458,102,0,9356,9369,316739,53,0,0,53,89
2020-11-05,US,North Carolina,Edgecombe,2134,65,0,35.91230639,-77.59436892,37065.0,4145.943425551756,3.0459231490159326,2069,2114,61,0,2053,2094,52005,20,4,0,16,20
2020-11-05,US,North Carolina,Forsyth,9546,126,0,36.12859861,-80.25459052,37067.0,2497.024549104749,1.3199245757385292,9420,9436,125,0,9311,9336,379099,110,1,0,109,100
2020-11-05,US,North Carolina,Franklin,1544,32,0,36.081519,-78.28708884,37069.0,2215.684867618569,2.0725388601036268,1512,1528,32,0,1496,1510,67560,16,0,0,16,18
2020-11-05,US,North Carolina,Gaston,8102,144,0,35.29373559,-81.17477045,37071.0,3608.442561985312,1.7773389286595902,7958,8034,143,0,7891,7970,222846,68,1,0,67,64
2020-11-05,US,North Carolina,Gates,172,3,0,36.44667547,-76.69749701,37073.0,1487.6318975955717,1.7441860465116281,169,172,3,0,169,170,11573,0,0,0,0,2
2020-11-05,US,North Carolina,Graham,254,10,0,35.3506925,-83.83369267,37075.0,3009.1221419263125,3.9370078740157477,244,253,9,0,244,253,8484,1,1,0,0,0
2020-11-05,US,North Carolina,Granville,2130,51,0,36.30337451,-78.65184241,37077.0,3523.98127161127,2.3943661971830985,2079,2100,51,0,2049,2138,60115,30,0,0,30,-38
2020-11-05,US,North Carolina,Greene,991,16,0,35.48544173,-77.67578087,37079.0,4703.59295647634,1.6145307769929365,975,985,15,0,970,980,21012,6,1,0,5,5
2020-11-05,US,North Carolina,Guilford,12444,214,0,36.07959451,-79.78824948,37081.0,2316.567816014923,1.719704275152684,12230,12272,213,0,12059,12173,533670,172,1,0,171,99
2020-11-05,US,North Carolina,Halifax,1547,30,0,36.25669272,-77.6556109,37083.0,3093.3813237352533,1.9392372333548804,1517,1526,29,0,1497,1511,50574,21,1,0,20,15
2020-11-05,US,North Carolina,Harnett,3167,74,0,35.36731853,-78.87243571,37085.0,2329.087486026946,2.3365961477739186,3093,3122,72,0,3050,3088,134214,45,2,0,43,34
2020-11-05,US,North Carolina,Haywood,783,36,0,35.55269063,-82.98196486,37087.0,1256.4789704254054,4.597701149425287,747,772,36,0,736,766,61971,11,0,0,11,6
2020-11-05,US,North Carolina,Henderson,2630,67,0,35.33788927,-82.4766782,37089.0,2239.880085507209,2.547528517110266,2563,2612,67,0,2545,2596,116748,18,0,0,18,16
2020-11-05,US,North Carolina,Hertford,878,35,0,36.3607755,-76.98104134,37091.0,3708.2400641973218,3.9863325740318905,843,873,35,0,838,870,23659,5,0,0,5,3
2020-11-05,US,North Carolina,Hoke,1630,26,0,35.01888303,-79.23651674,37093.0,2951.080855994496,1.5950920245398772,1604,1620,25,0,1595,1608,54764,10,1,0,9,12
2020-11-05,US,North Carolina,Hyde,177,5,0,35.42017674,-76.15180542,37095.0,3585.173182094389,2.824858757062147,172,177,5,0,172,177,5230,0,0,0,0,0
2020-11-05,US,North Carolina,Iredell,4117,34,0,35.80950511,-80.8743128,37097.0,2264.5017216153483,0.8258440612096186,4083,4084,34,0,4050,4035,178435,33,0,0,33,49
2020-11-05,US,North Carolina,Jackson,1159,7,0,35.28814273,-83.14093385,37099.0,2637.807820110156,0.6039689387402933,1152,1149,7,0,1142,1134,43327,10,0,0,10,15
2020-11-05,US,North Carolina,Johnston,6024,68,0,35.51745004,-78.36622717,37101.0,2877.629108766164,1.1288180610889775,5956,5962,66,0,5896,5926,202675,62,2,0,60,36
2020-11-05,US,North Carolina,Jones,208,15,0,35.02254606,-77.35870791,37103.0,2208.302367554942,7.211538461538463,193,206,15,0,191,203,9637,2,0,0,2,3
2020-11-05,US,North Carolina,Lee,2204,22,0,35.47623147,-79.17569362,37105.0,3567.5553181501805,0.998185117967332,2182,2189,22,0,2167,2173,61452,15,0,0,15,16
2020-11-05,US,North Carolina,Lenoir,1586,42,0,35.24032589999999,-77.64245615,37107.0,2834.724481223973,2.648171500630517,1544,1563,42,0,1521,1556,55976,23,0,0,23,7
2020-11-05,US,North Carolina,Lincoln,2638,16,0,35.48508185,-81.21740317,37109.0,3063.4878238552565,0.6065200909780136,2622,2610,16,0,2594,2588,83770,28,0,0,28,22
2020-11-05,US,North Carolina,Macon,787,7,0,35.14867843,-83.41696617,37113.0,2194.768252551732,0.8894536213468869,780,783,7,0,776,778,35285,4,0,0,4,5
2020-11-05,US,North Carolina,Madison,321,5,0,35.85402722,-82.71346418,37115.0,1475.5228683061364,1.557632398753894,316,311,5,0,306,309,21763,10,0,0,10,2
2020-11-05,US,North Carolina,Martin,688,20,0,35.84326734,-77.10860251,37117.0,3065.9536541889483,2.9069767441860463,668,688,20,0,668,680,22671,0,0,0,0,8
2020-11-05,US,North Carolina,McDowell,1428,34,0,35.67736232,-82.0482425,37111.0,3120.902176763703,2.380952380952381,1394,1407,34,0,1373,1392,45507,21,0,0,21,15
2020-11-05,US,North Carolina,Mecklenburg,35609,402,0,35.24469268,-80.8317671,37119.0,3206.9894700438417,1.1289280799797805,35207,35390,400,0,34990,35076,1093901,219,2,0,217,314
2020-11-05,US,North Carolina,Mitchell,301,4,0,36.01059309,-82.1582442,37121.0,2011.4942528735635,1.32890365448505,297,282,4,0,278,257,15000,19,0,0,19,25
2020-11-05,US,North Carolina,Montgomery,1235,39,0,35.33155144,-79.90416657,37123.0,4544.95271041107,3.1578947368421053,1196,1228,38,0,1190,1223,27271,7,1,0,6,5
2020-11-05,US,North Carolina,Moore,2366,51,0,35.30885257,-79.48474178,37125.0,2345.360824742268,2.1555367709213864,2315,2354,50,0,2304,2335,98682,12,1,0,11,19
2020-11-05,US,North Carolina,Nash,3656,83,0,35.96575634,-77.98422508,37127.0,3877.0705635326312,2.2702407002188183,3573,3642,83,0,3559,3612,94016,14,0,0,14,30
2020-11-05,US,North Carolina,New Hanover,5593,40,0,34.25758282,-77.87075626,37129.0,2385.34927262414,0.7151796888968354,5553,5551,40,0,5511,5517,232274,42,0,0,42,34
2020-11-05,US,North Carolina,Northampton,607,22,0,36.41736238,-77.39769443,37131.0,3115.536621670174,3.624382207578254,585,602,22,0,580,594,19676,5,0,0,5,8
2020-11-05,US,North Carolina,Onslow,3751,33,0,34.72607366,-77.42908179,37133.0,1895.0378401317585,0.8797653958944281,3718,3695,32,0,3663,3615,197683,56,1,0,55,80
2020-11-05,US,North Carolina,Orange,3236,59,0,36.06092947,-79.12167935,37135.0,2179.476817802204,1.8232385661310258,3177,3213,59,0,3154,3191,146027,23,0,0,23,22
2020-11-05,US,North Carolina,Pamlico,337,3,0,35.15253315,-76.66559823,37137.0,2648.121955052648,0.8902077151335311,334,334,3,0,331,331,12670,3,0,0,3,3
2020-11-05,US,North Carolina,Pasquotank,916,35,0,36.26723798,-76.25134778,37139.0,2300.1205303334673,3.820960698689957,881,909,35,0,874,908,39639,7,0,0,7,1
2020-11-05,US,North Carolina,Pender,1511,17,0,34.52265624,-77.90352133,37141.0,2396.130669203933,1.1250827266710788,1494,1486,17,0,1469,1470,62162,25,0,0,25,16
2020-11-05,US,North Carolina,Perquimans,266,4,0,36.17847453,-76.40603143,37143.0,1975.7854861472185,1.5037593984962403,262,266,4,0,262,264,13422,0,0,0,0,2
2020-11-05,US,North Carolina,Person,745,10,0,36.38989032,-78.97217358,37145.0,1886.55355786275,1.342281879194631,735,734,10,0,724,730,39507,11,0,0,11,4
2020-11-05,US,North Carolina,Pitt,6493,41,0,35.59535426,-77.37353178,37147.0,3592.413495479745,0.6314492530417373,6452,6445,41,0,6404,6372,179914,48,0,0,48,73
2020-11-05,US,North Carolina,Polk,413,13,0,35.27820615,-82.16812354,37149.0,1992.8585215209412,3.1476997578692494,400,410,13,0,397,409,20611,3,0,0,3,1
2020-11-05,US,North Carolina,Randolph,4139,69,0,35.71015088,-79.80570339,37151.0,2880.967793578205,1.6670693404203911,4070,4081,68,0,4013,4055,143351,58,1,0,57,26
2020-11-05,US,North Carolina,Richmond,1508,35,0,35.00417719,-79.74491009,37153.0,3363.893907961364,2.3209549071618043,1473,1500,34,0,1466,1480,44887,8,1,0,7,20
2020-11-05,US,North Carolina,Robeson,6389,101,0,34.64244496,-79.10250529999998,37155.0,4891.100478468898,1.5808420723117858,6288,6309,101,0,6208,6258,131831,80,0,0,80,51
2020-11-05,US,North Carolina,Rockingham,2264,19,0,36.39593137,-79.77504841,37157.0,2487.638721019668,0.8392226148409894,2245,2211,19,0,2192,2202,90690,53,0,0,53,9
2020-11-05,US,North Carolina,Rowan,4420,121,0,35.64003916,-80.52446628,37159.0,3110.748268678565,2.7375565610859733,4299,4354,119,0,4235,4320,141262,66,2,0,64,34
2020-11-05,US,North Carolina,Rutherford,1844,67,0,35.40114178,-81.92112099,37161.0,2751.0480538274487,3.6334056399132315,1777,1829,66,0,1763,1821,66826,15,1,0,14,8
2020-11-05,US,North Carolina,Sampson,2976,31,0,34.98820368,-78.36914061,37163.0,4684.327336261038,1.0416666666666667,2945,2940,31,0,2909,2896,63626,36,0,0,36,44
2020-11-05,US,North Carolina,Scotland,1705,30,0,34.8386299,-79.4757978,37165.0,4896.1893001751705,1.7595307917888563,1675,1701,29,0,1672,1682,34810,4,1,0,3,19
2020-11-05,US,North Carolina,Stanly,2523,74,0,35.31647813,-80.25093221,37167.0,4017.1321211349236,2.933016250495442,2449,2499,74,0,2425,2488,62075,24,0,0,24,11
2020-11-05,US,North Carolina,Stokes,767,13,0,36.4017975,-80.23893369,37169.0,1682.3495865412033,1.6949152542372878,754,747,13,0,734,730,45467,20,0,0,20,17
2020-11-05,US,North Carolina,Surry,2093,37,0,36.41689489,-80.69102283,37171.0,2915.732137135533,1.767797419971333,2056,2050,36,0,2014,2021,71948,43,1,0,42,29
2020-11-05,US,North Carolina,Swain,309,5,0,35.48665845,-83.48748932,37173.0,2165.2301870927054,1.6181229773462784,304,308,5,0,303,302,14245,1,0,0,1,6
2020-11-05,US,North Carolina,Transylvania,449,9,0,35.20383864,-82.79638423,37175.0,1305.8019485240657,2.0044543429844097,440,445,9,0,436,441,34215,4,0,0,4,4
2020-11-05,US,North Carolina,Tyrrell,134,3,0,35.87147226,-76.17055253,37177.0,3336.6533864541834,2.238805970149253,131,132,3,0,129,132,4131,2,0,0,2,0
2020-11-05,US,North Carolina,Union,6273,66,0,34.98960527,-80.52955873,37179.0,2615.286480807474,1.052128168340507,6207,6233,66,0,6167,6163,235908,40,0,0,40,70
2020-11-05,US,North Carolina,Vance,1281,47,0,36.36880673,-78.40670845,37181.0,2876.3893566857532,3.669008587041373,1234,1265,47,0,1218,1254,44582,16,0,0,16,11
2020-11-05,US,North Carolina,Wake,22560,277,0,35.78879266,-78.65249174,37183.0,2029.2131132500601,1.2278368794326242,22283,22303,277,0,22026,22120,1092305,257,0,0,257,183
2020-11-05,US,North Carolina,Warren,508,7,0,36.39728256,-78.10652228,37185.0,2574.628756778673,1.3779527559055118,501,503,7,0,496,497,19807,5,0,0,5,6
2020-11-05,US,North Carolina,Washington,273,8,0,35.83810081,-76.57299037,37187.0,2357.5129533678755,2.93040293040293,265,273,8,0,265,273,11859,0,0,0,0,0
2020-11-05,US,North Carolina,Watauga,1467,6,0,36.23103603,-81.70033724,37189.0,2611.389002616729,0.40899795501022496,1461,1462,6,0,1456,1447,55945,5,0,0,5,15
2020-11-05,US,North Carolina,Wayne,4899,92,0,35.36438125,-78.00027268,37191.0,3978.689363360973,1.8779342723004693,4807,4851,91,0,4760,4804,123248,48,1,0,47,47
2020-11-05,US,North Carolina,Wilkes,1972,41,0,36.2084135,-81.16232895,37193.0,2882.5352277378242,2.0791075050709944,1931,1937,41,0,1896,1900,68557,35,0,0,35,37
2020-11-05,US,North Carolina,Wilson,3290,69,0,35.70625477,-77.917978,37195.0,4021.955721812693,2.0972644376899696,3221,3248,69,0,3179,3210,81455,42,0,0,42,38
2020-11-05,US,North Carolina,Yadkin,1134,11,0,36.16222629,-80.66239436,37197.0,3010.5928266121527,0.9700176366843032,1123,1123,11,0,1112,1118,37543,11,0,0,11,5
2020-11-05,US,North Carolina,Yancey,365,2,0,35.90079156,-82.31237181,37199.0,2020.0343129116168,0.547945205479452,363,349,2,0,347,347,17903,16,0,0,16,2
2020-11-05,US,North Dakota,Adams,109,0,0,46.09686891,-102.5285397,38001.0,4918.772563176895,0.0,109,105,0,0,105,100,2294,4,0,0,4,5
2020-11-05,US,North Dakota,Barnes,467,2,0,46.93579637,-98.06605978,38003.0,4483.917426788286,0.4282655246252677,465,435,2,0,433,425,10542,32,0,0,32,10
2020-11-05,US,North Dakota,Benson,584,12,0,48.0683985,-99.35916363,38005.0,8548.0093676815,2.054794520547945,572,570,11,0,559,561,6962,14,1,0,13,9
2020-11-05,US,North Dakota,Billings,35,0,0,47.02366884,-103.3762965,38007.0,3771.5517241379303,0.0,35,34,0,0,34,34,919,1,0,0,1,0
2020-11-05,US,North Dakota,Bottineau,377,17,0,48.79106111,-100.8378166,38009.0,6001.273479783508,4.509283819628648,360,367,17,0,350,359,6411,10,0,0,10,8
2020-11-05,US,North Dakota,Bowman,154,2,0,46.11285362,-103.5203343,38011.0,5092.592592592592,1.2987012987012987,152,154,2,0,152,150,3076,0,0,0,0,4
2020-11-05,US,North Dakota,Burke,103,1,0,48.79094471,-102.51821170000001,38013.0,4869.976359338061,0.9708737864077671,102,98,1,0,97,93,2100,5,0,0,5,5
2020-11-05,US,North Dakota,Burleigh,8084,86,0,46.97847375,-100.46452140000001,38015.0,8453.767803735385,1.0638297872340423,7998,7871,83,0,7788,7740,95273,213,3,0,210,131
2020-11-05,US,North Dakota,Cass,10870,91,0,46.93201724,-97.24447190000001,38017.0,5975.055380573101,0.8371665133394665,10779,10610,90,0,10520,10343,181516,260,1,0,259,267
2020-11-05,US,North Dakota,Cavalier,184,1,0,48.77286211,-98.46685243,38019.0,4891.015417331208,0.5434782608695652,183,166,1,0,165,145,3829,18,0,0,18,21
2020-11-05,US,North Dakota,Dickey,373,12,0,46.11017712,-98.50490079999999,38021.0,7655.993431855501,3.2171581769437,361,361,10,0,351,352,4903,12,2,0,10,9
2020-11-05,US,North Dakota,Divide,86,1,0,48.814938700000006,-103.48736109999999,38023.0,3798.5865724381615,1.162790697674419,85,83,1,0,82,75,2283,3,0,0,3,8
2020-11-05,US,North Dakota,Dunn,228,6,0,47.35423935,-102.61604679999999,38025.0,5153.707052441229,2.631578947368421,222,223,6,0,217,219,4332,5,0,0,5,4
2020-11-05,US,North Dakota,Eddy,245,3,0,47.71701474,-98.90432337,38027.0,10712.724092697856,1.2244897959183674,242,230,3,0,227,221,2313,15,0,0,15,9
2020-11-05,US,North Dakota,Emmons,297,9,0,46.28398398,-100.2389766,38029.0,9163.838321505707,3.0303030303030303,288,295,9,0,286,294,3295,2,0,0,2,1
2020-11-05,US,North Dakota,Foster,238,2,0,47.457108399999996,-98.88279923,38031.0,7414.330218068536,0.8403361344537815,236,227,2,0,225,221,3216,11,0,0,11,6
2020-11-05,US,North Dakota,Golden Valley,127,0,0,46.94022281,-103.8465421,38033.0,7211.811470755253,0.0,127,124,0,0,124,124,1769,3,0,0,3,0
2020-11-05,US,North Dakota,Grand Forks,5167,25,0,47.92093639,-97.45450447,38035.0,7439.777684986538,0.4838397522740469,5142,5066,22,0,5044,4999,70770,101,3,0,98,67
2020-11-05,US,North Dakota,Grant,93,4,0,46.35821257,-101.63900129999999,38037.0,4089.7097625329816,4.301075268817204,89,90,4,0,86,86,2374,3,0,0,3,4
2020-11-05,US,North Dakota,Griggs,123,1,0,47.45785838,-98.23850925,38039.0,5513.22277005827,0.8130081300813008,122,117,1,0,116,117,2232,6,0,0,6,0
2020-11-05,US,North Dakota,Hettinger,146,3,0,46.43375068,-102.4632417,38041.0,5842.33693477391,2.054794520547945,143,143,2,0,141,143,2514,3,1,0,2,0
2020-11-05,US,North Dakota,Kidder,121,3,0,46.97830064,-99.77507857,38043.0,4879.032258064516,2.479338842975207,118,120,2,0,118,118,2450,1,1,0,0,2
2020-11-05,US,North Dakota,LaMoure,240,12,0,46.45681054,-98.53542355,38045.0,5931.784478497281,5.0,228,236,12,0,224,229,4062,4,0,0,4,7
2020-11-05,US,North Dakota,Logan,135,4,0,46.45729487,-99.47719806,38047.0,7297.297297297298,2.962962962962963,131,135,4,0,131,133,1903,0,0,0,0,2
2020-11-05,US,North Dakota,McHenry,267,15,0,48.23104458,-100.6324822,38049.0,4647.519582245431,5.617977528089888,252,255,15,0,240,250,5816,12,0,0,12,5
2020-11-05,US,North Dakota,McIntosh,182,5,0,46.11182017,-99.44145858,38051.0,7288.746495794952,2.7472527472527477,177,180,5,0,175,180,2585,2,0,0,2,0
2020-11-05,US,North Dakota,McKenzie,641,4,0,47.74133370000001,-103.395905,38053.0,4266.506922257721,0.62402496099844,637,627,4,0,623,612,13632,14,0,0,14,15
2020-11-05,US,North Dakota,McLean,705,11,0,47.60766714,-101.3182418,38055.0,7460.317460317458,1.5602836879432624,694,686,11,0,675,677,9541,19,0,0,19,9
2020-11-05,US,North Dakota,Mercer,568,3,0,47.31213126,-101.8318399,38057.0,6937.828264321485,0.528169014084507,565,555,3,0,552,536,8267,13,0,0,13,19
2020-11-05,US,North Dakota,Morton,2764,57,0,46.71681782,-101.2822377,38059.0,8812.651447519449,2.062228654124457,2707,2679,55,0,2624,2639,31095,85,2,0,83,40
2020-11-05,US,North Dakota,Mountrail,639,9,0,48.20197971,-102.3555315,38061.0,6059.743954480797,1.4084507042253518,630,615,9,0,606,601,10218,24,0,0,24,14
2020-11-05,US,North Dakota,Nelson,194,5,0,47.9226426,-98.19038437,38063.0,6738.450850989927,2.5773195876288657,189,188,4,0,184,185,2869,6,1,0,5,3
2020-11-05,US,North Dakota,Oliver,96,2,0,47.11530482,-101.3406158,38065.0,4900.4594180704435,2.083333333333333,94,93,2,0,91,91,1952,3,0,0,3,2
2020-11-05,US,North Dakota,Pembina,321,1,0,48.76623521,-97.5523809,38067.0,4719.894133215704,0.3115264797507788,320,284,1,0,283,275,6947,37,0,0,37,9
2020-11-05,US,North Dakota,Pierce,180,4,0,48.24977025,-99.96407787,38069.0,4528.301886792453,2.2222222222222223,176,163,3,0,160,157,4081,17,1,0,16,6
2020-11-05,US,North Dakota,Ramsey,687,4,0,48.26886249,-98.72223879,38071.0,5964.059380154527,0.5822416302765647,683,649,4,0,645,621,11481,38,0,0,38,28
2020-11-05,US,North Dakota,Ransom,266,4,0,46.45621782,-97.65742504,38073.0,5097.738597163664,1.5037593984962403,262,257,4,0,253,249,5237,9,0,0,9,8
2020-11-05,US,North Dakota,Renville,123,2,0,48.71982533,-101.6603912,38075.0,5285.775676837129,1.6260162601626016,121,123,2,0,121,122,2374,0,0,0,0,1
2020-11-05,US,North Dakota,Richland,630,4,0,46.26440649,-96.94852979,38077.0,3894.418000865426,0.6349206349206349,626,609,4,0,605,579,16239,21,0,0,21,30
2020-11-05,US,North Dakota,Rolette,622,10,0,48.77245354,-99.84097493,38079.0,4387.697516930022,1.6077170418006432,612,601,10,0,591,551,14301,21,0,0,21,50
2020-11-05,US,North Dakota,Sargent,156,3,0,46.10830372,-97.63217159,38081.0,4002.052334530529,1.9230769230769231,153,149,3,0,146,144,3870,7,0,0,7,5
2020-11-05,US,North Dakota,Sheridan,61,1,0,47.57700669,-100.3426391,38083.0,4638.7832699619785,1.639344262295082,60,61,1,0,60,61,1349,0,0,0,0,0
2020-11-05,US,North Dakota,Sioux,294,5,0,46.11323337,-101.04401490000001,38085.0,6950.354609929078,1.7006802721088434,289,287,5,0,282,282,4358,7,0,0,7,5
2020-11-05,US,North Dakota,Slope,15,0,0,46.44737738,-103.4601547,38087.0,2000.0,0.0,15,15,0,0,15,15,763,0,0,0,0,0
2020-11-05,US,North Dakota,Stark,2586,35,0,46.80851182,-102.65763259999999,38089.0,8212.391628822763,1.3534416086620262,2551,2523,35,0,2488,2508,30997,63,0,0,63,15
2020-11-05,US,North Dakota,Steele,69,1,0,47.45611548,-97.72728747,38091.0,3650.7936507936506,1.4492753623188406,68,67,1,0,66,65,1903,2,0,0,2,2
2020-11-05,US,North Dakota,Stutsman,1285,10,0,46.97962541,-98.95637318,38093.0,6206.530139103555,0.7782101167315175,1275,1220,10,0,1210,1147,20917,65,0,0,65,73
2020-11-05,US,North Dakota,Towner,142,8,0,48.68565745,-99.24564265,38095.0,6486.98035632709,5.633802816901407,134,134,7,0,127,128,2192,8,1,0,7,6
2020-11-05,US,North Dakota,Traill,436,8,0,47.45367788,-97.16323288,38097.0,5425.584868093579,1.834862385321101,428,412,5,0,407,397,8037,24,3,0,21,15
2020-11-05,US,North Dakota,Walsh,800,4,0,48.36876964,-97.72574783,38099.0,7518.090405037122,0.5,796,752,4,0,748,682,10667,48,0,0,48,70
2020-11-05,US,North Dakota,Ward,4187,64,0,48.22390169,-101.54367629999999,38101.0,6190.032672491536,1.5285407212801532,4123,3966,56,0,3910,3897,67744,221,8,0,213,69
2020-11-05,US,North Dakota,Wells,226,1,0,47.58614526,-99.65904998,38103.0,5894.627021387585,0.4424778761061947,225,226,1,0,225,213,3957,0,0,0,0,13
2020-11-05,US,North Dakota,Williams,2109,19,0,48.34522353,-103.4793387,38105.0,5610.68397669531,0.9009009009009008,2090,2065,18,0,2047,2042,35350,44,1,0,43,23
2020-11-05,US,Ohio,Adams,312,6,0,38.84541072,-83.4718964,39001.0,1126.435121669435,1.9230769230769231,306,301,6,0,295,290,27724,11,0,0,11,11
2020-11-05,US,Ohio,Allen,2869,80,0,40.77285242,-84.10802343,39003.0,2803.099139236549,2.788428023701638,2789,2784,80,0,2704,2715,102663,85,0,0,85,69
2020-11-05,US,Ohio,Ashland,557,20,0,40.84772277,-82.27280781,39005.0,1041.4329519108521,3.5906642728904847,537,542,20,0,522,529,53745,15,0,0,15,13
2020-11-05,US,Ohio,Ashtabula,993,48,0,41.70860332,-80.74830218,39007.0,1021.1741960695593,4.833836858006042,945,946,48,0,898,927,97493,47,0,0,47,19
2020-11-05,US,Ohio,Athens,1438,2,0,39.33425634,-82.04278644,39009.0,2201.233793071777,0.13908205841446453,1436,1423,2,0,1421,1402,65818,15,0,0,15,21
2020-11-05,US,Ohio,Auglaize,1430,19,0,40.55998859,-84.22421429999999,39011.0,3132.118451025057,1.3286713286713288,1411,1393,19,0,1374,1341,45804,37,0,0,37,52
2020-11-05,US,Ohio,Belmont,965,27,0,40.01625942,-80.9924051,39013.0,1440.169537056383,2.7979274611398965,938,944,27,0,917,927,67505,21,0,0,21,17
2020-11-05,US,Ohio,Brown,529,4,0,38.93416837,-83.86788395,39015.0,1217.9959476883405,0.7561436672967864,525,517,4,0,513,499,43602,12,0,0,12,18
2020-11-05,US,Ohio,Butler,10205,134,0,39.44012838,-84.57388716,39017.0,2663.558963704605,1.3130818226359628,10071,9962,134,0,9828,9836,382378,243,0,0,243,126
2020-11-05,US,Ohio,Carroll,277,8,0,40.578968599999996,-81.09178213,39019.0,1029.2041316786801,2.888086642599278,269,272,8,0,264,268,27081,5,0,0,5,4
2020-11-05,US,Ohio,Champaign,527,4,0,40.13923427,-83.76875242,39021.0,1355.2783849813552,0.7590132827324478,523,513,4,0,509,495,38754,14,0,0,14,18
2020-11-05,US,Ohio,Clark,3193,57,0,39.91592258,-83.78498252,39023.0,2381.3607989081397,1.7851550266207328,3136,3126,57,0,3069,3069,134585,67,0,0,67,57
2020-11-05,US,Ohio,Clermont,3203,41,0,39.04847534,-84.15375786,39025.0,1551.6305927490455,1.2800499531689042,3162,3126,41,0,3085,3064,205466,77,0,0,77,62
2020-11-05,US,Ohio,Clinton,659,13,0,39.41485808,-83.80852286,39027.0,1570.2439954250858,1.9726858877086493,646,643,13,0,630,629,42057,16,0,0,16,14
2020-11-05,US,Ohio,Columbiana,2379,88,0,40.76932373,-80.78094576,39029.0,2335.031359500604,3.699033207229928,2291,2336,88,0,2248,2315,102665,43,0,0,43,21
2020-11-05,US,Ohio,Coshocton,495,13,0,40.30096166,-81.91729018,39031.0,1352.4590163934427,2.6262626262626263,482,463,13,0,450,443,36629,32,0,0,32,20
2020-11-05,US,Ohio,Crawford,665,9,0,40.85065156,-82.91989099,39033.0,1602.641345736733,1.3533834586466165,656,648,8,0,640,631,41550,17,1,0,16,17
2020-11-05,US,Ohio,Cuyahoga,23023,696,0,41.424119,-81.65918339,39035.0,1864.101849932636,3.0230638926291102,22327,22586,693,0,21893,22268,1243857,437,3,0,434,318
2020-11-05,US,Ohio,Darke,1382,53,0,40.13412966,-84.6194517,39037.0,2703.813119949915,3.8350217076700432,1329,1368,53,0,1315,1344,51323,14,0,0,14,24
2020-11-05,US,Ohio,Defiance,715,14,0,41.32398837,-84.49076944,39039.0,1877.2809620080343,1.958041958041958,701,694,14,0,680,667,38165,21,0,0,21,27
2020-11-05,US,Ohio,Delaware,3431,29,0,40.27942393,-83.00457058,39041.0,1640.237693436659,0.8452346254736228,3402,3369,29,0,3340,3312,204826,62,0,0,62,57
2020-11-05,US,Ohio,Erie,1358,57,0,41.36796058,-82.62904521,39043.0,1828.5621953518435,4.197349042709868,1301,1335,56,0,1279,1297,74615,23,1,0,22,38
2020-11-05,US,Ohio,Fairfield,3351,59,0,39.75107189,-82.63088163,39045.0,2126.6198738370545,1.7606684571769622,3292,3282,59,0,3223,3190,155782,69,0,0,69,92
2020-11-05,US,Ohio,Fayette,547,13,0,39.56021306,-83.4562016,39047.0,1917.6161262050832,2.376599634369287,534,539,13,0,526,522,28666,8,0,0,8,17
2020-11-05,US,Ohio,Franklin,36228,643,0,39.96995815,-83.01115755,39049.0,2751.306999930131,1.7748702660925249,35585,35700,643,0,35057,35292,1310300,528,0,0,528,408
2020-11-05,US,Ohio,Fulton,732,18,0,41.60213491,-84.12571393,39051.0,1737.6442102264637,2.459016393442623,714,708,18,0,690,691,42276,24,0,0,24,17
2020-11-05,US,Ohio,Gallia,373,13,0,38.82708533,-82.31647569,39053.0,1247.5750886346914,3.4852546916890086,360,361,13,0,348,350,29979,12,0,0,12,11
2020-11-05,US,Ohio,Geauga,1068,50,0,41.49952319,-81.17935342,39055.0,1140.4286217685187,4.681647940074907,1018,1044,50,0,994,1023,94031,24,0,0,24,21
2020-11-05,US,Ohio,Greene,3141,48,0,39.69116283,-83.89032084,39057.0,1859.2729834198547,1.528175740210124,3093,3042,47,0,2995,2972,167995,99,1,0,98,70
2020-11-05,US,Ohio,Guernsey,503,8,0,40.05026529,-81.49248905,39059.0,1293.8906752411576,1.5904572564612327,495,493,8,0,485,471,39022,10,0,0,10,22
2020-11-05,US,Ohio,Hamilton,20195,352,0,39.19673558,-84.54502924,39061.0,2470.4179832239106,1.7430056944788317,19843,19823,352,0,19471,19564,816684,372,0,0,372,259
2020-11-05,US,Ohio,Hancock,1408,31,0,41.00250487,-83.66838948,39063.0,1857.9364765184805,2.2017045454545454,1377,1374,31,0,1343,1349,75930,34,0,0,34,25
2020-11-05,US,Ohio,Hardin,475,14,0,40.66015414,-83.65929931,39065.0,1514.4269089749719,2.9473684210526314,461,448,14,0,434,439,31480,27,0,0,27,9
2020-11-05,US,Ohio,Harrison,106,3,0,40.29380509,-81.09068544,39067.0,704.7872340425532,2.830188679245283,103,103,3,0,100,99,15174,3,0,0,3,4
2020-11-05,US,Ohio,Henry,636,18,0,41.333964200000004,-84.06830637,39069.0,2355.032215063319,2.830188679245283,618,628,18,0,610,617,27086,8,0,0,8,11
2020-11-05,US,Ohio,Highland,643,13,0,39.1839264,-83.60331456,39071.0,1489.7708579504645,2.021772939346812,630,631,10,0,621,619,43058,12,3,0,9,12
2020-11-05,US,Ohio,Hocking,302,9,0,39.49537927,-82.47991446,39073.0,1068.4970280215114,2.9801324503311264,293,294,9,0,285,285,28385,8,0,0,8,9
2020-11-05,US,Ohio,Holmes,1042,21,0,40.56163713,-81.92635677,39075.0,2370.336669699727,2.015355086372361,1021,1031,15,0,1016,1006,43892,11,6,0,5,25
2020-11-05,US,Ohio,Huron,839,16,0,41.14651175,-82.59867951,39077.0,1439.9478254899939,1.9070321811680573,823,817,16,0,801,797,58504,22,0,0,22,20
2020-11-05,US,Ohio,Jackson,590,9,0,39.01914254,-82.61818559999998,39079.0,1820.2573041680807,1.5254237288135593,581,578,9,0,569,561,32384,12,0,0,12,17
2020-11-05,US,Ohio,Jefferson,602,4,0,40.38614126,-80.76259514,39081.0,921.5461155759664,0.6644518272425249,598,585,4,0,581,573,65767,17,0,0,17,12
2020-11-05,US,Ohio,Knox,579,17,0,40.39830217,-82.42027563,39083.0,929.0459227881005,2.936096718480138,562,562,17,0,545,540,61893,17,0,0,17,22
2020-11-05,US,Ohio,Lake,2834,60,0,41.69710807,-81.23676539,39085.0,1231.376195421227,2.117148906139732,2774,2681,60,0,2621,2580,230514,153,0,0,153,101
2020-11-05,US,Ohio,Lawrence,1177,31,0,38.59743452,-82.53466552,39087.0,1979.3821367909452,2.6338147833474936,1146,1151,31,0,1120,1131,59866,26,0,0,26,20
2020-11-05,US,Ohio,Licking,3299,70,0,40.09136236,-82.48185785,39089.0,1865.2961065689635,2.1218551076083663,3229,3233,70,0,3163,3168,175769,66,0,0,66,65
2020-11-05,US,Ohio,Logan,627,4,0,40.38996525,-83.76784341,39091.0,1372.8323699421965,0.6379585326953748,623,616,4,0,612,583,45358,11,0,0,11,33
2020-11-05,US,Ohio,Lorain,3384,92,0,41.29553751,-82.15083537,39093.0,1092.2012826264472,2.7186761229314422,3292,3296,91,0,3205,3239,309461,88,1,0,87,57
2020-11-05,US,Ohio,Lucas,9676,389,0,41.62101218,-83.65468618,39095.0,2258.910978923679,4.020256304257958,9287,9473,389,0,9084,9360,429899,203,0,0,203,113
2020-11-05,US,Ohio,Madison,1173,18,0,39.89381073,-83.40178317,39097.0,2622.3424470725,1.5345268542199488,1155,1159,18,0,1141,1148,44413,14,0,0,14,11
2020-11-05,US,Ohio,Mahoning,4401,287,0,41.01631101,-80.77287029,39099.0,1924.498104362808,6.52124517155192,4114,4319,287,0,4032,4243,229642,82,0,0,82,76
2020-11-05,US,Ohio,Marion,3668,50,0,40.58610662,-83.15736305,39101.0,5635.014517690074,1.3631406761177751,3618,3651,50,0,3601,3624,65256,17,0,0,17,27
2020-11-05,US,Ohio,Medina,2449,46,0,41.11770589,-81.89986209999998,39103.0,1362.4781636309015,1.8783176806859945,2403,2368,44,0,2324,2318,179146,81,2,0,79,50
2020-11-05,US,Ohio,Meigs,257,12,0,39.09224872,-82.0305041,39105.0,1121.9277949971624,4.669260700389105,245,249,12,0,237,242,23106,8,0,0,8,7
2020-11-05,US,Ohio,Mercer,1943,33,0,40.54043046,-84.62912742,39107.0,4719.226658894394,1.6984045290787442,1910,1883,33,0,1850,1806,40959,60,0,0,60,77
2020-11-05,US,Ohio,Miami,2570,61,0,40.0543329,-84.22871271,39109.0,2402.1610102161944,2.3735408560311284,2509,2505,61,0,2444,2467,106222,65,0,0,65,38
2020-11-05,US,Ohio,Monroe,212,19,0,39.72984936,-81.08464734,39111.0,1552.6585615936722,8.962264150943396,193,211,19,0,192,208,13790,1,0,0,1,3
2020-11-05,US,Ohio,Montgomery,13036,191,0,39.75394919,-84.29050975,39113.0,2451.81845709976,1.4651733660632096,12845,12763,190,0,12573,12561,532331,273,1,0,272,202
2020-11-05,US,Ohio,Morgan,117,1,0,39.62081738,-81.85308173,39115.0,806.4516129032259,0.8547008547008547,116,111,1,0,110,107,14604,6,0,0,6,4
2020-11-05,US,Ohio,Morrow,529,2,0,40.52363560000001,-82.7892599,39117.0,1497.395833333333,0.3780718336483932,527,513,2,0,511,495,35112,16,0,0,16,18
2020-11-05,US,Ohio,Muskingum,1200,5,0,39.96575964,-81.94363275,39119.0,1391.869164298556,0.4166666666666667,1195,1168,4,0,1164,1138,86183,32,1,0,31,30
2020-11-05,US,Ohio,Noble,299,1,0,39.76818851,-81.45937183,39121.0,2072.9339988907377,0.33444816053511706,298,272,0,0,272,260,14354,27,1,0,26,12
2020-11-05,US,Ohio,Ottawa,714,30,0,41.53781826,-83.0940185,39123.0,1761.8753855644666,4.201680672268908,684,701,30,0,671,690,40769,13,0,0,13,11
2020-11-05,US,Ohio,Paulding,348,6,0,41.11676341,-84.5801017,39125.0,1863.7532133676093,1.7241379310344829,342,339,6,0,333,328,18760,9,0,0,9,11
2020-11-05,US,Ohio,Perry,472,11,0,39.73508655,-82.23804971,39127.0,1306.2489621962695,2.3305084745762707,461,458,11,0,447,443,36033,14,0,0,14,15
2020-11-05,US,Ohio,Pickaway,3333,46,0,39.64170392,-83.0243386,39129.0,5701.626836820227,1.38013801380138,3287,3306,46,0,3260,3275,58086,27,0,0,27,31
2020-11-05,US,Ohio,Pike,439,0,0,39.07634001,-83.06769584,39131.0,1580.7287915886504,0.0,439,426,0,0,426,406,28067,13,0,0,13,20
2020-11-05,US,Ohio,Portage,2092,68,0,41.16793482,-81.19735782,39133.0,1287.6540322282815,3.2504780114722758,2024,2048,68,0,1980,2005,162927,44,0,0,44,43
2020-11-05,US,Ohio,Preble,870,18,0,39.7420247,-84.64787018,39135.0,2128.075925835331,2.0689655172413794,852,840,18,0,822,828,40997,30,0,0,30,12
2020-11-05,US,Ohio,Putnam,1562,30,0,41.02094889,-84.1336111,39137.0,4612.976580727092,1.9206145966709347,1532,1493,30,0,1463,1443,33780,69,0,0,69,50
2020-11-05,US,Ohio,Richland,1793,26,0,40.77180308,-82.53799609999999,39139.0,1479.9346286544394,1.4500836586726158,1767,1758,26,0,1732,1709,121099,35,0,0,35,49
2020-11-05,US,Ohio,Ross,1759,52,0,39.33705391,-83.06000914,39141.0,2294.367777111105,2.956225127913587,1707,1718,47,0,1671,1690,76931,41,5,0,36,28
2020-11-05,US,Ohio,Sandusky,905,23,0,41.35624126,-83.137872,39143.0,1546.5326907959945,2.541436464088398,882,896,22,0,874,863,58799,9,1,0,8,33
2020-11-05,US,Ohio,Scioto,1166,9,0,38.80270163,-82.98907345,39145.0,1548.1849324162838,0.7718696397941681,1157,1133,9,0,1124,1110,75502,33,0,0,33,23
2020-11-05,US,Ohio,Seneca,846,15,0,41.12351311,-83.12783209,39147.0,1533.2197614991485,1.7730496453900708,831,824,15,0,809,788,55207,22,0,0,22,36
2020-11-05,US,Ohio,Shelby,1180,14,0,40.33163494,-84.20258189,39149.0,2428.4832270014413,1.1864406779661016,1166,1148,14,0,1134,1109,48627,32,0,0,32,39
2020-11-05,US,Ohio,Stark,4892,189,0,40.81482476,-81.36437305,39151.0,1320.0002158626685,3.863450531479968,4703,4800,187,0,4613,4700,371574,92,2,0,90,100
2020-11-05,US,Ohio,Summit,8145,280,0,41.12464734,-81.53123079,39153.0,1505.509109762612,3.437691835481891,7865,7985,279,0,7706,7843,541918,160,1,0,159,142
2020-11-05,US,Ohio,Trumbull,2764,138,0,41.31735028,-80.76109643,39155.0,1396.1429278592138,4.992764109985528,2626,2703,138,0,2565,2649,198627,61,0,0,61,54
2020-11-05,US,Ohio,Tuscarawas,1736,46,0,40.44214695,-81.47226262,39157.0,1887.223194581843,2.6497695852534564,1690,1675,45,0,1630,1650,92176,61,1,0,60,25
2020-11-05,US,Ohio,Union,1033,3,0,40.30016061,-83.37239023,39159.0,1751.2036346375535,0.2904162633107454,1030,1008,3,0,1005,945,57835,25,0,0,25,63
2020-11-05,US,Ohio,Van Wert,412,5,0,40.8554138,-84.59111700000003,39161.0,1457.1175950486295,1.2135922330097086,407,392,5,0,387,381,28281,20,0,0,20,11
2020-11-05,US,Ohio,Vinton,152,5,0,39.25208988,-82.4831444,39163.0,1161.6354604508979,3.2894736842105265,147,148,5,0,143,139,13139,4,0,0,4,9
2020-11-05,US,Ohio,Warren,5264,70,0,39.42581994,-84.16557457,39165.0,2243.8001381062395,1.3297872340425532,5194,5157,69,0,5088,5084,232173,107,1,0,106,73
2020-11-05,US,Ohio,Washington,540,25,0,39.45690571,-81.49121382,39167.0,901.3369831917344,4.62962962962963,515,508,25,0,483,492,60155,32,0,0,32,16
2020-11-05,US,Ohio,Wayne,2081,78,0,40.82925852,-81.88844833,39169.0,1798.4616714199292,3.7481979817395485,2003,2023,77,0,1946,1956,115967,58,1,0,57,67
2020-11-05,US,Ohio,Williams,522,4,0,41.56052014,-84.58429552,39171.0,1422.6534394418402,0.7662835249042146,518,500,4,0,496,479,36804,22,0,0,22,21
2020-11-05,US,Ohio,Wood,2969,104,0,41.36224827,-83.62285108,39173.0,2269.582699496242,3.5028629168070067,2865,2909,104,0,2805,2881,130696,60,0,0,60,28
2020-11-05,US,Ohio,Wyandot,365,13,0,40.84339621,-83.30734173,39175.0,1676.465184640823,3.5616438356164384,352,357,13,0,344,346,21935,8,0,0,8,11
2020-11-05,US,Oklahoma,Adair,912,12,0,35.88494195,-94.65859267,40001.0,4109.218707758854,1.3157894736842106,900,889,12,0,877,873,22082,23,0,0,23,16
2020-11-05,US,Oklahoma,Alfalfa,140,0,0,36.73090616,-98.32408495,40003.0,2455.2788495264817,0.0,140,140,0,0,140,139,5754,0,0,0,0,1
2020-11-05,US,Oklahoma,Atoka,491,1,0,34.37366573,-96.03802487,40005.0,3568.832679168484,0.20366598778004075,490,484,1,0,483,481,13838,7,0,0,7,3
2020-11-05,US,Oklahoma,Beaver,109,1,0,36.7496847,-100.4758872,40007.0,2052.3441913010734,0.9174311926605504,108,105,1,0,104,103,5319,4,0,0,4,2
2020-11-05,US,Oklahoma,Beckham,988,14,0,35.26862449,-99.68128023,40009.0,4519.877396038245,1.4170040485829958,974,982,13,0,969,964,21709,6,1,0,5,18
2020-11-05,US,Oklahoma,Blaine,233,1,0,35.87518314,-98.43307003,40011.0,2471.0997984940077,0.4291845493562232,232,231,1,0,230,229,9485,2,0,0,2,2
2020-11-05,US,Oklahoma,Bryan,1801,16,0,33.96472458,-96.25903472,40013.0,3752.4742160641736,0.8883953359244864,1785,1773,16,0,1757,1743,47192,28,0,0,28,30
2020-11-05,US,Oklahoma,Caddo,1230,26,0,35.17364557,-98.37534464,40015.0,4276.475905708921,2.1138211382113816,1204,1215,26,0,1189,1203,28977,15,0,0,15,12
2020-11-05,US,Oklahoma,Canadian,4411,24,0,35.5426055,-97.98465569,40017.0,2974.2559303062585,0.5440943096803446,4387,4334,24,0,4310,4289,144447,77,0,0,77,45
2020-11-05,US,Oklahoma,Carter,991,12,0,34.25103751,-97.28552485,40019.0,2059.8199995842947,1.2108980827447022,979,970,10,0,960,949,48177,21,2,0,19,21
2020-11-05,US,Oklahoma,Cherokee,1495,8,0,35.90692775,-94.99980896,40021.0,3072.528104897548,0.5351170568561873,1487,1469,8,0,1461,1463,48675,26,0,0,26,6
2020-11-05,US,Oklahoma,Choctaw,513,2,0,34.02807439,-95.54771129,40023.0,3496.4558342420937,0.3898635477582846,511,497,2,0,495,495,14668,16,0,0,16,2
2020-11-05,US,Oklahoma,Cimarron,43,0,0,36.74817177,-102.5173885,40025.0,2012.1665886757132,0.0,43,43,0,0,43,41,2153,0,0,0,0,2
2020-11-05,US,Oklahoma,Cleveland,9021,110,0,35.20413532,-97.32519562,40027.0,3176.2518749075757,1.219377009200754,8911,8871,108,0,8763,8826,281669,150,2,0,148,45
2020-11-05,US,Oklahoma,Coal,132,0,0,34.58840127,-96.29798747,40029.0,2402.183803457689,0.0,132,125,0,0,125,123,5520,7,0,0,7,2
2020-11-05,US,Oklahoma,Comanche,2759,21,0,34.65973764,-98.47195055,40031.0,2284.905050973507,0.7611453425154041,2738,2723,20,0,2703,2685,120422,36,1,0,35,38
2020-11-05,US,Oklahoma,Cotton,117,3,0,34.28845626,-98.37053567,40033.0,2064.9488175079423,2.5641025641025643,114,116,3,0,113,114,5776,1,0,0,1,2
2020-11-05,US,Oklahoma,Craig,676,2,0,36.76268118,-95.20916602,40035.0,4780.087682081742,0.2958579881656805,674,667,2,0,665,662,14306,9,0,0,9,5
2020-11-05,US,Oklahoma,Creek,1731,40,0,35.90230551,-96.37086028,40037.0,2420.2343334917928,2.3108030040439047,1691,1706,40,0,1666,1691,71604,25,0,0,25,15
2020-11-05,US,Oklahoma,Custer,1168,7,0,35.63853802,-99.00170785,40039.0,4027.169603144502,0.5993150684931506,1161,1147,7,0,1140,1142,29036,21,0,0,21,5
2020-11-05,US,Oklahoma,Delaware,1381,30,0,36.40823634,-94.80325046,40041.0,3210.9558464507427,2.172338884866039,1351,1354,30,0,1324,1346,42733,27,0,0,27,8
2020-11-05,US,Oklahoma,Dewey,95,1,0,35.98772922,-99.00730714,40043.0,1942.3430791249234,1.0526315789473684,94,95,1,0,94,95,4894,0,0,0,0,0
2020-11-05,US,Oklahoma,Ellis,33,0,0,36.218019399999996,-99.75324573,40045.0,855.1438196423944,0.0,33,31,0,0,31,31,3952,2,0,0,2,0
2020-11-05,US,Oklahoma,Garfield,2628,30,0,36.3791334,-97.78265517,40047.0,4304.245283018868,1.1415525114155252,2598,2599,29,0,2570,2574,60913,29,1,0,28,25
2020-11-05,US,Oklahoma,Garvin,863,8,0,34.70418038,-97.30811132,40049.0,3114.2867453357867,0.9269988412514484,855,818,8,0,810,806,27811,45,0,0,45,12
2020-11-05,US,Oklahoma,Grady,1748,18,0,35.0167709,-97.88339847,40051.0,3130.708887058065,1.0297482837528604,1730,1721,18,0,1703,1706,55551,27,0,0,27,15
2020-11-05,US,Oklahoma,Grant,126,2,0,36.796296999999996,-97.78638765,40053.0,2907.9159935379644,1.5873015873015872,124,121,2,0,119,120,4326,5,0,0,5,1
2020-11-05,US,Oklahoma,Greer,164,8,0,34.93535801,-99.56056120000001,40055.0,2871.1484593837536,4.878048780487805,156,163,8,0,155,161,5821,1,0,0,1,2
2020-11-05,US,Oklahoma,Harmon,79,0,0,34.7440135,-99.84741652,40057.0,2977.7610252544287,0.0,79,79,0,0,79,80,2664,0,0,0,0,-1
2020-11-05,US,Oklahoma,Harper,83,2,0,36.78836519,-99.6679804,40059.0,2250.5422993492407,2.409638554216868,81,81,2,0,79,81,3797,2,0,0,2,0
2020-11-05,US,Oklahoma,Haskell,440,5,0,35.22257600000001,-95.11513306,40061.0,3484.596499564425,1.1363636363636365,435,431,5,0,426,420,12668,9,0,0,9,11
2020-11-05,US,Oklahoma,Hughes,441,7,0,35.04912569,-96.24921145,40063.0,3321.0332103321034,1.5873015873015872,434,439,7,0,432,436,13335,2,0,0,2,3
2020-11-05,US,Oklahoma,Jackson,1239,15,0,34.58781741,-99.41138784,40065.0,5050.958010599265,1.2106537530266344,1224,1223,14,0,1209,1204,24949,16,1,0,15,19
2020-11-05,US,Oklahoma,Jefferson,94,0,0,34.11130184,-97.83182974,40067.0,1566.1446184605136,0.0,94,93,0,0,93,93,6123,1,0,0,1,0
2020-11-05,US,Oklahoma,Johnston,332,4,0,34.31440473,-96.66011537,40069.0,2995.0383400992328,1.2048192771084338,328,325,4,0,321,322,10949,7,0,0,7,3
2020-11-05,US,Oklahoma,Kay,984,16,0,36.81799745,-97.14421435,40071.0,2260.0946299784096,1.6260162601626016,968,964,16,0,948,946,44161,20,0,0,20,18
2020-11-05,US,Oklahoma,Kingfisher,618,5,0,35.94530008,-97.94193268,40073.0,3920.076117982873,0.8090614886731392,613,608,5,0,603,604,15816,10,0,0,10,4
2020-11-05,US,Oklahoma,Kiowa,206,3,0,34.91671958,-98.97720696,40075.0,2365.640790078089,1.4563106796116505,203,198,3,0,195,197,8729,8,0,0,8,1
2020-11-05,US,Oklahoma,Latimer,241,3,0,34.87844729,-95.25215049,40077.0,2392.534498163407,1.2448132780082988,238,236,3,0,233,234,10231,5,0,0,5,2
2020-11-05,US,Oklahoma,Le Flore,1833,25,0,34.89851864,-94.70392124,40079.0,3676.8098208733677,1.363884342607747,1808,1803,25,0,1778,1779,49980,30,0,0,30,24
2020-11-05,US,Oklahoma,Lincoln,891,22,0,35.70270942,-96.8812462,40081.0,2554.69220403131,2.469135802469136,869,872,22,0,850,859,34920,19,0,0,19,13
2020-11-05,US,Oklahoma,Logan,934,2,0,35.91899576,-97.44352845,40083.0,1945.3875153610632,0.21413276231263384,932,928,2,0,926,913,47291,6,0,0,6,15
2020-11-05,US,Oklahoma,Love,306,1,0,33.95273467,-97.23906784,40085.0,2984.4923437042817,0.32679738562091504,305,302,1,0,301,301,10134,4,0,0,4,1
2020-11-05,US,Oklahoma,Major,229,2,0,36.31149996,-98.53467076,40093.0,3001.704024118495,0.8733624454148472,227,215,2,0,213,212,7644,14,0,0,14,3
2020-11-05,US,Oklahoma,Marshall,336,2,0,34.02311222,-96.76855464,40095.0,1984.52542673203,0.5952380952380952,334,326,2,0,324,323,16806,10,0,0,10,3
2020-11-05,US,Oklahoma,Mayes,1060,17,0,36.30179091,-95.23175116,40097.0,2579.0754257907543,1.6037735849056605,1043,1044,17,0,1027,1038,41107,16,0,0,16,6
2020-11-05,US,Oklahoma,McClain,1521,16,0,35.01123903,-97.44572302,40087.0,3757.968078272471,1.051939513477975,1505,1466,16,0,1450,1445,39985,55,0,0,55,21
2020-11-05,US,Oklahoma,McCurtain,1750,41,0,34.11664328,-94.77222373,40089.0,5330.165692007798,2.342857142857143,1709,1729,41,0,1688,1720,32703,21,0,0,21,9
2020-11-05,US,Oklahoma,McIntosh,559,11,0,35.37235506,-95.66599306,40091.0,2852.622984282507,1.9677996422182469,548,551,11,0,540,549,19815,8,0,0,8,2
2020-11-05,US,Oklahoma,Murray,355,3,0,34.48116015,-97.06826283,40099.0,2522.560932281674,0.8450704225352113,352,347,3,0,344,344,13953,8,0,0,8,3
2020-11-05,US,Oklahoma,Muskogee,2567,28,0,35.61318461,-95.37802952,40101.0,3775.166551465506,1.0907674328009351,2539,2536,28,0,2508,2510,68362,31,0,0,31,26
2020-11-05,US,Oklahoma,Noble,230,3,0,36.38953329,-97.22928674,40103.0,2066.3013206360615,1.3043478260869563,227,228,3,0,225,213,11289,2,0,0,2,15
2020-11-05,US,Oklahoma,Nowata,292,4,0,36.79843529,-95.61902331,40105.0,2897.9753870583563,1.3698630136986298,288,283,4,0,279,279,10218,9,0,0,9,4
2020-11-05,US,Oklahoma,Okfuskee,628,8,0,35.46485198,-96.32639984,40107.0,5236.387892937547,1.2738853503184713,620,616,8,0,608,608,12098,12,0,0,12,8
2020-11-05,US,Oklahoma,Oklahoma,25948,244,0,35.55140095,-97.40716948,40109.0,3253.93700293692,0.9403422229073533,25704,25473,239,0,25234,25315,792582,475,5,0,470,158
2020-11-05,US,Oklahoma,Okmulgee,1365,14,0,35.64661916,-95.96432828,40111.0,3548.6806187443126,1.0256410256410255,1351,1355,14,0,1341,1339,38335,10,0,0,10,16
2020-11-05,US,Oklahoma,Osage,1477,16,0,36.62888819,-96.39635704,40113.0,3145.029065434491,1.0832769126607988,1461,1455,15,0,1440,1443,47014,22,1,0,21,12
2020-11-05,US,Oklahoma,Ottawa,1340,21,0,36.83532655,-94.81011909,40115.0,4304.94426060976,1.5671641791044777,1319,1321,21,0,1300,1312,31175,19,0,0,19,9
2020-11-05,US,Oklahoma,Pawnee,364,5,0,36.31743373,-96.70331759999999,40117.0,2222.7650219833904,1.3736263736263736,359,356,5,0,351,355,16390,8,0,0,8,1
2020-11-05,US,Oklahoma,Payne,3042,15,0,36.07695283,-96.97584944,40119.0,3719.5539469822947,0.4930966469428008,3027,2997,14,0,2983,2929,82040,45,1,0,44,68
2020-11-05,US,Oklahoma,Pittsburg,1365,21,0,34.92065823,-95.75134320000001,40121.0,3126.861226920786,1.5384615384615383,1344,1335,21,0,1314,1323,43877,30,0,0,30,12
2020-11-05,US,Oklahoma,Pontotoc,993,5,0,34.72959848,-96.68337199,40123.0,2593.772855500993,0.5035246727089627,988,970,5,0,965,936,38247,23,0,0,23,34
2020-11-05,US,Oklahoma,Pottawatomie,2442,18,0,35.20614018,-96.94923008,40125.0,3364.007053118801,0.7371007371007371,2424,2406,17,0,2389,2375,72679,36,1,0,35,31
2020-11-05,US,Oklahoma,Pushmataha,313,6,0,34.41635232,-95.37603505,40127.0,2820.83633741889,1.9169329073482428,307,312,6,0,306,310,11179,1,0,0,1,2
2020-11-05,US,Oklahoma,Roger Mills,95,4,0,35.68711719,-99.69666167,40129.0,2651.4094334356682,4.2105263157894735,91,94,4,0,90,94,3656,1,0,0,1,0
2020-11-05,US,Oklahoma,Rogers,2727,56,0,36.37004357,-95.60406759,40131.0,2949.415416563017,2.0535386872020536,2671,2692,55,0,2637,2657,91984,35,1,0,34,35
2020-11-05,US,Oklahoma,Seminole,900,7,0,35.16478725,-96.61686741,40133.0,3710.116250309176,0.7777777777777778,893,891,7,0,884,883,24578,9,0,0,9,8
2020-11-05,US,Oklahoma,Sequoyah,1374,14,0,35.49447108,-94.75463785,40135.0,3305.347735091053,1.0189228529839884,1360,1341,14,0,1327,1323,41179,33,0,0,33,18
2020-11-05,US,Oklahoma,Stephens,893,9,0,34.48556989,-97.85141892,40137.0,2069.8606958255104,1.0078387458006721,884,864,9,0,855,834,43265,29,0,0,29,30
2020-11-05,US,Oklahoma,Texas,1910,10,0,36.74777635,-101.4889765,40139.0,9558.124405744884,0.5235602094240838,1900,1892,10,0,1882,1860,20455,18,0,0,18,32
2020-11-05,US,Oklahoma,Tillman,174,4,0,34.37288446,-98.92426619,40141.0,2400.0,2.2988505747126435,170,168,4,0,164,166,7348,6,0,0,6,2
2020-11-05,US,Oklahoma,Tulsa,23656,221,0,36.11939621,-95.94013939,40143.0,3630.715583713963,0.9342238755495434,23435,23351,219,0,23132,23153,648360,305,2,0,303,198
2020-11-05,US,Oklahoma,Unassigned,26,0,0,0.0,0.0,90040.0,0.0,0.0,26,19,0,0,19,16,,7,0,0,7,3
2020-11-05,US,Oklahoma,Wagoner,2053,31,0,35.96024096,-95.51911308,40145.0,2525.556963426786,1.509985387238188,2022,2030,31,0,1999,2019,80110,23,0,0,23,11
2020-11-05,US,Oklahoma,Washington,1439,43,0,36.71380786,-95.90514104,40147.0,2792.710617734392,2.988186240444753,1396,1422,42,0,1380,1414,51843,17,1,0,16,8
2020-11-05,US,Oklahoma,Washita,203,1,0,35.29071824,-98.99180434,40149.0,1859.65555148406,0.4926108374384237,202,201,0,0,201,195,11127,2,1,0,1,6
2020-11-05,US,Oklahoma,Woods,197,0,0,36.76705782,-98.86573064,40151.0,2240.4185147276244,0.0,197,196,0,0,196,194,8897,1,0,0,1,2
2020-11-05,US,Oklahoma,Woodward,1330,6,0,36.42316318,-99.26283045,40153.0,6580.574934441641,0.4511278195488722,1324,1319,6,0,1313,1317,20222,11,0,0,11,2
2020-11-05,US,Oregon,Baker,172,3,0,44.70915557,-117.6749883,41001.0,1066.7328206400398,1.7441860465116281,169,159,3,0,156,152,16006,13,0,0,13,7
2020-11-05,US,Oregon,Benton,484,6,0,44.49167306,-123.4316987,41003.0,520.1336872535006,1.2396694214876034,478,476,6,0,470,474,92101,8,0,0,8,2
2020-11-05,US,Oregon,Clackamas,3657,70,0,45.18787398,-122.2179634,41005.0,874.4891639386208,1.9141372709871483,3587,3587,69,0,3518,3535,416075,70,1,0,69,52
2020-11-05,US,Oregon,Clatsop,273,0,0,45.99712889,-123.660711,41007.0,678.6992840095465,0.0,273,272,0,0,272,268,39764,1,0,0,1,4
2020-11-05,US,Oregon,Columbia,297,2,0,45.94464254,-123.08908980000001,41009.0,567.2918974672423,0.6734006734006734,295,290,2,0,288,285,52377,7,0,0,7,5
2020-11-05,US,Oregon,Coos,276,1,0,43.17406868,-124.0594514,41011.0,427.9932389473847,0.3623188405797101,275,275,1,0,274,273,64389,1,0,0,1,2
2020-11-05,US,Oregon,Crook,131,5,0,44.14230227,-120.356297,41013.0,536.7972463530568,3.816793893129771,126,127,4,0,123,118,23867,4,1,0,3,9
2020-11-05,US,Oregon,Curry,66,2,0,42.45911325,-124.15728200000001,41015.0,287.89531079607417,3.0303030303030303,64,66,2,0,64,66,22813,0,0,0,0,0
2020-11-05,US,Oregon,Deschutes,1370,13,0,43.91570171,-121.2289121,41017.0,692.9971875442607,0.9489051094890509,1357,1325,13,0,1312,1308,191996,45,0,0,45,17
2020-11-05,US,Oregon,Douglas,421,10,0,43.27941273,-123.16729099999999,41019.0,379.3476302036403,2.375296912114014,411,411,8,0,403,400,110283,10,2,0,8,11
2020-11-05,US,Oregon,Gilliam,17,0,0,45.37160076,-120.20488689999999,41021.0,889.121338912134,0.0,17,17,0,0,17,17,1894,0,0,0,0,0
2020-11-05,US,Oregon,Grant,25,0,0,44.49024544,-119.0068631,41023.0,347.2704542297541,0.0,25,20,0,0,20,18,7176,5,0,0,5,2
2020-11-05,US,Oregon,Harney,40,0,0,43.06422669,-118.96663059999999,41025.0,541.0523468145543,0.0,40,40,0,0,40,39,7329,0,0,0,0,1
2020-11-05,US,Oregon,Hood River,295,1,0,45.51872811,-121.65520359999998,41027.0,1261.6542639637328,0.3389830508474576,294,293,1,0,292,291,23428,2,0,0,2,2
2020-11-05,US,Oregon,Jackson,2114,8,0,42.43201126,-122.72893090000001,41029.0,956.8035339271487,0.3784295175023652,2106,2049,8,0,2041,1998,219564,65,0,0,65,51
2020-11-05,US,Oregon,Jefferson,622,11,0,44.62806839,-121.17832,41031.0,2522.5079081839567,1.7684887459807077,611,618,11,0,607,613,24192,4,0,0,4,5
2020-11-05,US,Oregon,Josephine,289,4,0,42.3665549,-123.5561938,41033.0,330.33479259775737,1.3840830449826989,285,280,4,0,276,279,87393,9,0,0,9,1
2020-11-05,US,Oregon,Klamath,448,3,0,42.68762984,-121.64964609999998,41035.0,656.5256894985199,0.6696428571428571,445,447,3,0,444,444,67653,1,0,0,1,3
2020-11-05,US,Oregon,Lake,48,0,0,42.79246693,-120.38501629999999,41037.0,609.9885627144491,0.0,48,48,0,0,48,47,7879,0,0,0,0,1
2020-11-05,US,Oregon,Lane,2689,28,0,43.93727035,-122.847753,41039.0,703.8032596377075,1.0412792859799185,2661,2655,28,0,2627,2633,379611,34,0,0,34,22
2020-11-05,US,Oregon,Lincoln,523,13,0,44.64252874,-123.86991200000001,41041.0,1046.7955646291182,2.48565965583174,510,522,13,0,509,522,49388,1,0,0,1,0
2020-11-05,US,Oregon,Linn,960,17,0,44.48899494,-122.53731540000001,41043.0,739.8900954920655,1.7708333333333333,943,934,17,0,917,923,127335,26,0,0,26,11
2020-11-05,US,Oregon,Malheur,2036,38,0,43.1937027,-117.62273950000001,41045.0,6659.906447286644,1.8664047151277012,1998,2019,38,0,1981,2008,30725,17,0,0,17,11
2020-11-05,US,Oregon,Marion,6533,115,0,44.90287942,-122.58151170000001,41047.0,1878.2811700372033,1.760293892545538,6418,6458,115,0,6343,6375,346868,75,0,0,75,83
2020-11-05,US,Oregon,Morrow,565,7,0,45.41846568,-119.584546,41049.0,4869.4303197448935,1.2389380530973448,558,562,7,0,555,560,11372,3,0,0,3,2
2020-11-05,US,Oregon,Multnomah,10505,176,0,45.54747959,-122.4169351,41051.0,1292.3584157075986,1.675392670157068,10329,10312,175,0,10137,10139,811880,193,1,0,192,173
2020-11-05,US,Oregon,Polk,740,15,0,44.90322804,-123.4128888,41053.0,859.6154963117848,2.0270270270270268,725,732,15,0,717,719,85234,8,0,0,8,13
2020-11-05,US,Oregon,Sherman,23,0,0,45.41501554,-120.6827834,41055.0,1292.134831460674,0.0,23,23,0,0,23,23,1708,0,0,0,0,0
2020-11-05,US,Oregon,Tillamook,82,0,0,45.46248721,-123.712066,41057.0,303.2993046308625,0.0,82,82,0,0,82,80,26787,0,0,0,0,2
2020-11-05,US,Oregon,Umatilla,3556,45,0,45.59073056,-118.7353826,41059.0,4561.898652982682,1.265466816647919,3511,3530,45,0,3485,3509,77516,26,0,0,26,21
2020-11-05,US,Oregon,Union,513,2,0,45.30915495,-118.0068979,41061.0,1911.6825041922864,0.3898635477582846,511,506,2,0,504,503,26461,7,0,0,7,3
2020-11-05,US,Oregon,Wallowa,62,2,0,45.57894064,-117.18353799999998,41063.0,860.1553829078803,3.2258064516129035,60,61,2,0,59,58,7081,1,0,0,1,3
2020-11-05,US,Oregon,Wasco,375,16,0,45.16292781,-121.16709540000001,41065.0,1405.4418709242184,4.266666666666667,359,369,16,0,353,368,26505,6,0,0,6,1
2020-11-05,US,Oregon,Washington,6543,82,0,45.55972701,-123.0955257,41067.0,1087.6141969973005,1.2532477456824087,6461,6412,82,0,6330,6356,597695,131,0,0,131,56
2020-11-05,US,Oregon,Wheeler,1,0,0,44.72698162,-120.02814270000002,41069.0,75.07507507507508,0.0,1,1,0,0,1,1,1366,0,0,0,0,0
2020-11-05,US,Oregon,Yamhill,1088,15,0,45.23330449,-123.3086963,41071.0,1015.873015873016,1.3786764705882353,1073,1071,15,0,1056,1058,107002,17,0,0,17,13
2020-11-05,US,Pennsylvania,Adams,1252,33,0,39.87140411,-77.21610347,42001.0,1215.427778155307,2.635782747603834,1219,1235,32,0,1203,1229,102811,17,1,0,16,6
2020-11-05,US,Pennsylvania,Allegheny,16599,430,0,40.46809875,-79.98167747,42003.0,1364.9988281683654,2.5905175010542805,16169,16410,426,0,15984,16210,1218452,189,4,0,185,200
2020-11-05,US,Pennsylvania,Armstrong,876,22,0,40.81665618,-79.46290811,42005.0,1353.2092376612345,2.5114155251141552,854,845,22,0,823,827,65263,31,0,0,31,18
2020-11-05,US,Pennsylvania,Beaver,2438,142,0,40.6825484,-80.34921611,42007.0,1487.229227287423,5.8244462674323225,2296,2415,142,0,2273,2380,164742,23,0,0,23,35
2020-11-05,US,Pennsylvania,Bedford,550,9,0,40.00522157,-78.48998442,42009.0,1148.5131974607418,1.6363636363636365,541,512,9,0,503,498,48176,38,0,0,38,14
2020-11-05,US,Pennsylvania,Berks,10058,432,0,40.41570541,-75.92457766,42011.0,2388.143336087605,4.295088486776694,9626,9972,430,0,9542,9860,420152,86,2,0,84,112
2020-11-05,US,Pennsylvania,Blair,1733,33,0,40.47961444,-78.34917412,42013.0,1422.4856150834366,1.9042123485285631,1700,1654,33,0,1621,1574,122492,79,0,0,79,80
2020-11-05,US,Pennsylvania,Bradford,1041,18,0,41.78869215,-76.51570822,42015.0,1725.7099282197503,1.7291066282420748,1023,994,16,0,978,973,60833,47,2,0,45,21
2020-11-05,US,Pennsylvania,Bucks,10895,627,0,40.33682119,-75.10836643,42017.0,1734.127047288586,5.75493345571363,10268,10770,627,0,10143,10679,628195,125,0,0,125,91
2020-11-05,US,Pennsylvania,Butler,2036,31,0,40.91152759,-79.91351055,42019.0,1083.8261832390222,1.5225933202357564,2005,2019,30,0,1989,1996,187888,17,1,0,16,23
2020-11-05,US,Pennsylvania,Cambria,1410,12,0,40.49527404,-78.71377428,42021.0,1083.015853508664,0.851063829787234,1398,1374,10,0,1364,1296,131730,36,2,0,34,78
2020-11-05,US,Pennsylvania,Cameron,14,0,0,41.43625568,-78.20376845,42023.0,314.81897908702496,0.0,14,14,0,0,14,14,4492,0,0,0,0,0
2020-11-05,US,Pennsylvania,Carbon,661,32,0,40.91545395,-75.7068525,42025.0,1029.8837680346514,4.8411497730711055,629,644,32,0,612,638,64227,17,0,0,17,6
2020-11-05,US,Pennsylvania,Centre,4421,20,0,40.92058903,-77.82200624,42027.0,2722.54210672168,0.4523863379325944,4401,4366,20,0,4346,4356,162805,55,0,0,55,10
2020-11-05,US,Pennsylvania,Chester,8581,381,0,39.97291773,-75.74768357,42029.0,1634.5104373615447,4.440041953152313,8200,8506,381,0,8125,8361,522046,75,0,0,75,145
2020-11-05,US,Pennsylvania,Clarion,287,4,0,41.19265812,-79.42413524,42031.0,746.6569540558822,1.3937282229965158,283,277,4,0,273,264,38779,10,0,0,10,13
2020-11-05,US,Pennsylvania,Clearfield,554,7,0,41.00110782,-78.47592663,42033.0,699.0095262128572,1.263537906137184,547,539,7,0,532,525,79388,15,0,0,15,14
2020-11-05,US,Pennsylvania,Clinton,299,8,0,41.23255967,-77.63785995,42035.0,773.9697659971007,2.6755852842809364,291,297,7,0,290,289,38684,2,1,0,1,8
2020-11-05,US,Pennsylvania,Columbia,1107,43,0,41.04821986,-76.40565017,42037.0,1704.0206883812573,3.884372177055104,1064,1095,43,0,1052,1089,65456,12,0,0,12,6
2020-11-05,US,Pennsylvania,Crawford,668,4,0,41.68447709,-80.10760592,42039.0,789.3275354783821,0.5988023952095808,664,650,4,0,646,624,85063,18,0,0,18,26
2020-11-05,US,Pennsylvania,Cumberland,2693,82,0,40.1625372,-77.26130755,42041.0,1062.872478983305,3.0449313033791316,2611,2664,82,0,2582,2627,251423,29,0,0,29,37
2020-11-05,US,Pennsylvania,Dauphin,5268,196,0,40.41377078,-76.77993242,42043.0,1892.9281096949685,3.7205770690964313,5072,5213,196,0,5017,5119,277097,55,0,0,55,94
2020-11-05,US,Pennsylvania,Delaware,14477,772,0,39.91680171,-75.40243663,42045.0,2554.4025817516463,5.3325965324307525,13705,14359,771,0,13588,14219,564751,118,1,0,117,140
2020-11-05,US,Pennsylvania,Elk,235,2,0,41.42822061,-78.64524744,42047.0,785.6904045469742,0.851063829787234,233,228,2,0,226,221,30169,7,0,0,7,7
2020-11-05,US,Pennsylvania,Erie,2434,40,0,41.99253829,-80.03301954,42049.0,902.3905564123858,1.6433853738701725,2394,2385,40,0,2345,2352,272061,49,0,0,49,33
2020-11-05,US,Pennsylvania,Fayette,1144,15,0,39.92041012,-79.64291195,42051.0,884.9420610486252,1.3111888111888113,1129,1124,15,0,1109,1097,130441,20,0,0,20,27
2020-11-05,US,Pennsylvania,Forest,20,1,0,41.51095103,-79.23229292,42053.0,275.9762660411205,5.0,19,19,1,0,18,19,7279,1,0,0,1,0
2020-11-05,US,Pennsylvania,Franklin,2500,59,0,39.92956518,-77.72157791,42055.0,1612.622317402775,2.36,2441,2467,58,0,2409,2419,154835,33,1,0,32,48
2020-11-05,US,Pennsylvania,Fulton,114,4,0,39.92913544,-78.11163677,42057.0,784.5836200963522,3.5087719298245608,110,108,4,0,104,101,14523,6,0,0,6,7
2020-11-05,US,Pennsylvania,Greene,307,1,0,39.85746531,-80.22357106,42059.0,847.2939033477769,0.3257328990228013,306,293,1,0,292,285,36506,14,0,0,14,8
2020-11-05,US,Pennsylvania,Huntingdon,1150,23,0,40.42162652,-77.97673273,42061.0,2547.403863193337,2.0,1127,1110,21,0,1089,1094,45168,40,2,0,38,16
2020-11-05,US,Pennsylvania,Indiana,1350,17,0,40.65241041,-79.08963285,42063.0,1605.747386200088,1.2592592592592593,1333,1281,17,0,1264,1263,84501,69,0,0,69,18
2020-11-05,US,Pennsylvania,Jefferson,261,4,0,41.12913106,-78.9986361,42065.0,601.0362694300517,1.5325670498084292,257,257,4,0,253,239,43641,4,0,0,4,18
2020-11-05,US,Pennsylvania,Juniata,259,8,0,40.53358749,-77.39975129999998,42067.0,1045.9152768242943,3.088803088803089,251,257,8,0,249,255,24704,2,0,0,2,2
2020-11-05,US,Pennsylvania,Lackawanna,3987,221,0,41.43564672,-75.60379201,42069.0,1901.52331714948,5.543014798093804,3766,3960,221,0,3739,3936,210793,27,0,0,27,24
2020-11-05,US,Pennsylvania,Lancaster,10372,486,0,40.03904563,-76.24770128,42071.0,1900.5944396801312,4.685692248360972,9886,10278,481,0,9797,10164,543557,94,5,0,89,114
2020-11-05,US,Pennsylvania,Lawrence,1132,40,0,40.99206278,-80.33393706,42073.0,1323.790812985312,3.53356890459364,1092,1093,38,0,1055,1024,86184,39,2,0,37,69
2020-11-05,US,Pennsylvania,Lebanon,3448,71,0,40.36680311,-76.45651841,42075.0,2431.7138363670983,2.0591647331786542,3377,3374,69,0,3305,3315,141314,74,2,0,72,59
2020-11-05,US,Pennsylvania,Lehigh,7180,370,0,40.6154815,-75.59435245,42077.0,1944.1240340302936,5.153203342618385,6810,7087,369,0,6718,7027,368100,93,1,0,92,60
2020-11-05,US,Pennsylvania,Luzerne,5861,209,0,41.17823008,-75.98447579,42079.0,1846.466950415384,3.565944378092476,5652,5794,209,0,5585,5727,317646,67,0,0,67,67
2020-11-05,US,Pennsylvania,Lycoming,1043,32,0,41.34310539,-77.06629984,42081.0,920.5729971138317,3.068072866730585,1011,1031,32,0,999,1022,113664,12,0,0,12,9
2020-11-05,US,Pennsylvania,McKean,182,2,0,41.80938602,-78.56478358,42083.0,448.0,1.0989010989010992,180,175,2,0,173,172,40968,7,0,0,7,3
2020-11-05,US,Pennsylvania,Mercer,1264,28,0,41.30248872,-80.25816981,42085.0,1155.1396402982891,2.2151898734177213,1236,1227,27,0,1200,1194,110683,37,1,0,36,33
2020-11-05,US,Pennsylvania,Mifflin,528,4,0,40.61116939,-77.61070738,42087.0,1144.3929082318264,0.7575757575757576,524,514,4,0,510,491,46222,14,0,0,14,23
2020-11-05,US,Pennsylvania,Monroe,2182,135,0,41.05934058,-75.34031025,42089.0,1281.4865714067575,6.18698441796517,2047,2157,135,0,2022,2131,169507,25,0,0,25,26
2020-11-05,US,Pennsylvania,Montgomery,14901,898,0,40.21053671,-75.36652296,42091.0,1793.3242269064826,6.0264411784444,14003,14766,898,0,13868,14629,828604,135,0,0,135,137
2020-11-05,US,Pennsylvania,Montour,316,11,0,41.03023987,-76.66345939,42093.0,1733.4064728469555,3.4810126582278484,305,314,11,0,303,313,18240,2,0,0,2,1
2020-11-05,US,Pennsylvania,Northampton,5826,316,0,40.75182733,-75.30471829,42095.0,1908.3806934503823,5.4239615516649495,5510,5748,315,0,5433,5700,304807,78,1,0,77,48
2020-11-05,US,Pennsylvania,Northumberland,1681,112,0,40.84785433,-76.70798222,42097.0,1850.4452737139895,6.662700773349197,1569,1643,112,0,1531,1626,91083,38,0,0,38,17
2020-11-05,US,Pennsylvania,Perry,402,7,0,40.40206612,-77.26297447,42099.0,868.7759336099585,1.7412935323383083,395,397,7,0,390,385,46139,5,0,0,5,12
2020-11-05,US,Pennsylvania,Philadelphia,46917,1884,0,40.00338507,-75.1379271,42101.0,2961.8121490040808,4.015602020589552,45033,46489,1883,0,44606,46093,1584138,428,1,0,427,396
2020-11-05,US,Pennsylvania,Pike,654,23,0,41.33155042,-75.03208106,42103.0,1171.8540020426813,3.516819571865444,631,647,23,0,624,643,55933,7,0,0,7,4
2020-11-05,US,Pennsylvania,Potter,69,1,0,41.74471626,-77.89559864,42105.0,417.5239017306063,1.4492753623188406,68,66,1,0,65,66,16622,3,0,0,3,0
2020-11-05,US,Pennsylvania,Schuylkill,2336,108,0,40.70497338,-76.2150785,42107.0,1652.5300829802136,4.623287671232877,2228,2307,102,0,2205,2267,142067,29,6,0,23,40
2020-11-05,US,Pennsylvania,Snyder,541,18,0,40.77129231,-77.06840691,42109.0,1340.037649856336,3.3271719038817005,523,530,18,0,512,519,40540,11,0,0,11,11
2020-11-05,US,Pennsylvania,Somerset,514,3,0,39.97172723,-79.02699593,42111.0,699.8243631462143,0.5836575875486382,511,511,3,0,508,498,73952,3,0,0,3,13
2020-11-05,US,Pennsylvania,Sullivan,22,1,0,41.44634738,-76.51246591,42113.0,362.6772172766238,4.545454545454546,21,22,1,0,21,22,6071,0,0,0,0,0
2020-11-05,US,Pennsylvania,Susquehanna,446,29,0,41.82147784,-75.80071959,42115.0,1105.9313628248362,6.502242152466367,417,442,29,0,413,439,40589,4,0,0,4,3
2020-11-05,US,Pennsylvania,Tioga,293,4,0,41.77255149,-77.25433032,42117.0,721.8348895075262,1.3651877133105803,289,280,4,0,276,272,40763,13,0,0,13,8
2020-11-05,US,Pennsylvania,Union,759,11,0,40.96188846,-77.05996014,42119.0,1689.5576875987801,1.4492753623188406,748,756,11,0,745,749,44785,3,0,0,3,7
2020-11-05,US,Pennsylvania,Venango,376,1,0,41.40323442,-79.75845449,42121.0,742.085734585932,0.26595744680851063,375,359,1,0,358,313,51266,17,0,0,17,46
2020-11-05,US,Pennsylvania,Warren,81,1,0,41.81304978,-79.26969577,42123.0,206.6801051261769,1.2345679012345678,80,80,1,0,79,78,39498,1,0,0,1,2
2020-11-05,US,Pennsylvania,Washington,2346,40,0,40.19208869,-80.24582867,42125.0,1134.072946124284,1.7050298380221651,2306,2281,37,0,2244,2233,207346,65,3,0,62,48
2020-11-05,US,Pennsylvania,Wayne,302,12,0,41.64938475,-75.29956506,42127.0,587.9947820330601,3.9735099337748334,290,299,12,0,287,297,51276,3,0,0,3,2
2020-11-05,US,Pennsylvania,Westmoreland,4817,114,0,40.31377979999999,-79.46615476,42129.0,1380.6287779557981,2.36661822711231,4703,4761,111,0,4650,4671,350611,56,3,0,53,90
2020-11-05,US,Pennsylvania,Wyoming,202,9,0,41.51955538,-76.01074915,42131.0,753.9001268940808,4.455445544554456,193,195,8,0,187,185,27046,7,1,0,6,10
2020-11-05,US,Pennsylvania,York,7026,210,0,39.9210089,-76.73040131,42133.0,1564.6085806287824,2.9888983774551665,6816,6947,208,0,6739,6881,448273,79,2,0,77,66
2020-11-05,US,Puerto Rico,Adjuntas,206,0,0,18.180117000000006,-66.754367,72001.0,1057.3320330544575,0.0,206,203,0,0,203,203,,3,0,0,3,0
2020-11-05,US,Puerto Rico,Aguada,475,0,0,18.360255,-67.17513100000001,72003.0,1132.0574846874326,0.0,475,473,0,0,473,472,,2,0,0,2,1
2020-11-05,US,Puerto Rico,Aguadilla,680,0,0,18.459681,-67.12081500000001,72005.0,1115.6868857569443,0.0,680,668,0,0,668,667,,12,0,0,12,1
2020-11-05,US,Puerto Rico,Aguas Buenas,419,0,0,18.251619,-66.126806,72007.0,1462.018912034614,0.0,419,419,0,0,419,418,,0,0,0,0,1
2020-11-05,US,Puerto Rico,Aibonito,224,0,0,18.131361,-66.264131,72009.0,864.8648648648648,0.0,224,223,0,0,223,223,,1,0,0,1,0
2020-11-05,US,Puerto Rico,Anasco,325,0,0,18.287985,-67.120611,72011.0,1110.693414442432,0.0,325,323,0,0,323,321,,2,0,0,2,2
2020-11-05,US,Puerto Rico,Arecibo,1168,0,0,18.406631,-66.675077,72013.0,1211.1157196184156,0.0,1168,1165,0,0,1165,1164,,3,0,0,3,1
2020-11-05,US,Puerto Rico,Arroyo,213,0,0,17.998457000000005,-66.056546,72015.0,1088.1226053639846,0.0,213,213,0,0,213,213,,0,0,0,0,0
2020-11-05,US,Puerto Rico,Barceloneta,344,0,0,18.445532999999998,-66.56053100000001,72017.0,1386.2024500322373,0.0,344,343,0,0,343,343,,1,0,0,1,0
2020-11-05,US,Puerto Rico,Barranquitas,657,0,0,18.201592,-66.30963,72019.0,2167.029487433208,0.0,657,654,0,0,654,653,,3,0,0,3,1
2020-11-05,US,Puerto Rico,Bayamon,5300,0,0,18.34946,-66.168435,72021.0,2546.656672240481,0.0,5300,5264,0,0,5264,5258,,36,0,0,36,6
2020-11-05,US,Puerto Rico,Cabo Rojo,558,0,0,18.040993,-67.154391,72023.0,1095.9011724964155,0.0,558,557,0,0,557,557,,1,0,0,1,0
2020-11-05,US,Puerto Rico,Caguas,2402,0,0,18.211615,-66.050779,72025.0,1680.9780745032995,0.0,2402,2393,0,0,2393,2391,,9,0,0,9,2
2020-11-05,US,Puerto Rico,Camuy,428,0,0,18.418578,-66.860206,72027.0,1217.3270001990954,0.0,428,426,0,0,426,426,,2,0,0,2,0
2020-11-05,US,Puerto Rico,Canovanas,988,0,0,18.328802,-65.887612,72029.0,2073.5392881128273,0.0,988,982,0,0,982,981,,6,0,0,6,1
2020-11-05,US,Puerto Rico,Carolina,4339,0,0,18.374986,-65.95683100000001,72031.0,2454.713117072674,0.0,4339,4323,0,0,4323,4318,,16,0,0,16,5
2020-11-05,US,Puerto Rico,Catano,656,0,0,18.437269,-66.14330600000001,72033.0,2331.2011371712865,0.0,656,653,0,0,653,651,,3,0,0,3,2
2020-11-05,US,Puerto Rico,Cayey,562,0,0,18.102851,-66.14914,72035.0,1167.937820819219,0.0,562,556,0,0,556,556,,6,0,0,6,0
2020-11-05,US,Puerto Rico,Ceiba,211,0,0,18.251818,-65.666416,72037.0,1547.9421905949673,0.0,211,211,0,0,211,211,,0,0,0,0,0
2020-11-05,US,Puerto Rico,Ciales,367,0,0,18.28885,-66.516475,72039.0,1953.9985092109464,0.0,367,367,0,0,367,367,,0,0,0,0,0
2020-11-05,US,Puerto Rico,Cidra,468,0,0,18.173559,-66.161179,72041.0,1076.356945722171,0.0,468,464,0,0,464,464,,4,0,0,4,0
2020-11-05,US,Puerto Rico,Coamo,449,0,0,18.097597,-66.36014,72043.0,1108.3135860979464,0.0,449,447,0,0,447,447,,2,0,0,2,0
2020-11-05,US,Puerto Rico,Comerio,315,0,0,18.224687,-66.221622,72045.0,1516.0265665607849,0.0,315,314,0,0,314,314,,1,0,0,1,0
2020-11-05,US,Puerto Rico,Corozal,947,0,0,18.304264,-66.327738,72047.0,2549.6742232513056,0.0,947,938,0,0,938,937,,9,0,0,9,1
2020-11-05,US,Puerto Rico,Culebra,23,0,0,18.31586,-65.28813000000001,72049.0,1265.1265126512649,0.0,23,23,0,0,23,23,,0,0,0,0,0
2020-11-05,US,Puerto Rico,Dorado,1211,0,0,18.436115,-66.278669,72051.0,3173.064325953099,0.0,1211,1199,0,0,1199,1197,,12,0,0,12,2
2020-11-05,US,Puerto Rico,Fajardo,778,0,0,18.318373,-65.666866,72053.0,2103.100586597465,0.0,778,776,0,0,776,776,,2,0,0,2,0
2020-11-05,US,Puerto Rico,Florida,410,0,0,18.373715,-66.560488,72054.0,3233.4384858044164,0.0,410,410,0,0,410,410,,0,0,0,0,0
2020-11-05,US,Puerto Rico,Guanica,180,0,0,17.982429,-66.91964300000001,72055.0,926.5455294178206,0.0,180,179,0,0,179,179,,1,0,0,1,0
2020-11-05,US,Puerto Rico,Guayama,395,0,0,18.007516,-66.13390799999999,72057.0,870.7728936113929,0.0,395,394,0,0,394,394,,1,0,0,1,0
2020-11-05,US,Puerto Rico,Guayanilla,275,0,0,18.039942,-66.79186,72059.0,1274.2690329456466,0.0,275,273,0,0,273,273,,2,0,0,2,0
2020-11-05,US,Puerto Rico,Guaynabo,2455,0,0,18.345114000000002,-66.11452299999999,72061.0,2507.046280789184,0.0,2455,2444,0,0,2444,2443,,11,0,0,11,1
2020-11-05,US,Puerto Rico,Gurabo,819,0,0,18.266461,-65.97970500000001,72063.0,1805.1973814719306,0.0,819,818,0,0,818,818,,1,0,0,1,0
2020-11-05,US,Puerto Rico,Hatillo,468,0,0,18.410928,-66.79632600000001,72065.0,1115.5340500083428,0.0,468,466,0,0,466,466,,2,0,0,2,0
2020-11-05,US,Puerto Rico,Hormigueros,227,0,0,18.134532,-67.113972,72067.0,1315.9420289855072,0.0,227,227,0,0,227,227,,0,0,0,0,0
2020-11-05,US,Puerto Rico,Humacao,843,0,0,18.145211,-65.810174,72069.0,1441.8636472479736,0.0,843,840,0,0,840,840,,3,0,0,3,0
2020-11-05,US,Puerto Rico,Isabela,425,0,0,18.44981,-67.005093,72071.0,931.3843658916087,0.0,425,420,0,0,420,419,,5,0,0,5,1
2020-11-05,US,Puerto Rico,Jayuya,308,0,0,18.211446,-66.58878,72073.0,1850.739093858911,0.0,308,301,0,0,301,301,,7,0,0,7,0
2020-11-05,US,Puerto Rico,Juana Diaz,483,0,0,18.050764,-66.49458100000001,72075.0,604.5283302251651,0.0,483,481,0,0,481,481,,2,0,0,2,0
2020-11-05,US,Puerto Rico,Juncos,630,0,0,18.223793,-65.909109,72077.0,1563.6634400595678,0.0,630,628,0,0,628,627,,2,0,0,2,1
2020-11-05,US,Puerto Rico,Lajas,228,0,0,18.011661,-67.040585,72079.0,885.3337475245603,0.0,228,227,0,0,227,227,,1,0,0,1,0
2020-11-05,US,Puerto Rico,Lares,488,0,0,18.269035000000002,-66.867236,72081.0,1586.8370565473288,0.0,488,484,0,0,484,483,,4,0,0,4,1
2020-11-05,US,Puerto Rico,Las Marias,131,0,0,18.23679,-66.98362,72083.0,1325.7767432446108,0.0,131,131,0,0,131,131,,0,0,0,0,0
2020-11-05,US,Puerto Rico,Las Piedras,741,0,0,18.187527,-65.86946800000001,72085.0,1915.9663865546213,0.0,741,736,0,0,736,736,,5,0,0,5,0
2020-11-05,US,Puerto Rico,Loiza,402,0,0,18.425688,-65.89943000000001,72087.0,1337.3253493013972,0.0,402,400,0,0,400,399,,2,0,0,2,1
2020-11-05,US,Puerto Rico,Luquillo,352,0,0,18.342114000000002,-65.72509699999999,72089.0,1754.0362766593582,0.0,352,346,0,0,346,346,,6,0,0,6,0
2020-11-05,US,Puerto Rico,Manati,804,0,0,18.420473,-66.490461,72091.0,1822.5919796885266,0.0,804,802,0,0,802,801,,2,0,0,2,1
2020-11-05,US,Puerto Rico,Maricao,97,0,0,18.171795,-66.942126,72093.0,1545.570427023582,0.0,97,97,0,0,97,97,,0,0,0,0,0
2020-11-05,US,Puerto Rico,Maunabo,177,0,0,18.017889,-65.922235,72095.0,1447.8527607361966,0.0,177,177,0,0,177,177,,0,0,0,0,0
2020-11-05,US,Puerto Rico,Mayaguez,1053,0,0,18.2013,-67.1452,72097.0,1182.083520431073,0.0,1053,1050,0,0,1050,1047,,3,0,0,3,3
2020-11-05,US,Puerto Rico,Moca,522,0,0,18.377805,-67.080952,72099.0,1301.4535391059362,0.0,522,510,0,0,510,509,,12,0,0,12,1
2020-11-05,US,Puerto Rico,Morovis,647,0,0,18.316963,-66.420383,72101.0,1984.0539711744864,0.0,647,644,0,0,644,644,,3,0,0,3,0
2020-11-05,US,Puerto Rico,Naguabo,407,0,0,18.230636999999998,-65.753897,72103.0,1523.2035928143716,0.0,407,405,0,0,405,405,,2,0,0,2,0
2020-11-05,US,Puerto Rico,Naranjito,891,0,0,18.288019,-66.252703,72105.0,2930.728241563055,0.0,891,882,0,0,882,881,,9,0,0,9,1
2020-11-05,US,Puerto Rico,Orocovis,445,0,0,18.215046,-66.433604,72107.0,1899.8420356060285,0.0,445,444,0,0,444,444,,1,0,0,1,0
2020-11-05,US,Puerto Rico,Out of PR,804,0,0,0.0,0.0,72888.0,0.0,0.0,804,804,0,0,804,804,,0,0,0,0,0
2020-11-05,US,Puerto Rico,Patillas,217,0,0,18.03174,-66.012242,72109.0,1125.6938320278052,0.0,217,217,0,0,217,217,,0,0,0,0,0
2020-11-05,US,Puerto Rico,Penuelas,165,0,0,18.059645,-66.721572,72111.0,679.5156906350383,0.0,165,165,0,0,165,165,,0,0,0,0,0
2020-11-05,US,Puerto Rico,Ponce,1367,0,0,18.059498,-66.613748,72113.0,821.8749812117095,0.0,1367,1363,0,0,1363,1361,,4,0,0,4,2
2020-11-05,US,Puerto Rico,Quebradillas,292,0,0,18.439692,-66.926113,72115.0,1126.5866738685907,0.0,292,291,0,0,291,291,,1,0,0,1,0
2020-11-05,US,Puerto Rico,Rincon,247,0,0,18.335442999999998,-67.23174,72117.0,1625.0,0.0,247,246,0,0,246,246,,1,0,0,1,0
2020-11-05,US,Puerto Rico,Rio Grande,919,0,0,18.346329,-65.813742,72119.0,1692.3246906305246,0.0,919,909,0,0,909,909,,10,0,0,10,0
2020-11-05,US,Puerto Rico,Sabana Grande,247,0,0,18.08282,-66.943758,72121.0,977.6370472986343,0.0,247,247,0,0,247,247,,0,0,0,0,0
2020-11-05,US,Puerto Rico,Salinas,604,0,0,18.010386999999994,-66.256592,72123.0,1943.497007529442,0.0,604,586,0,0,586,585,,18,0,0,18,1
2020-11-05,US,Puerto Rico,San German,350,0,0,18.111484,-67.03858100000001,72125.0,985.1662116137022,0.0,350,348,0,0,348,348,,2,0,0,2,0
2020-11-05,US,Puerto Rico,San Juan,11029,0,0,18.386933,-66.061128,72127.0,2789.8493901235943,0.0,11029,10969,0,0,10969,10953,,60,0,0,60,16
2020-11-05,US,Puerto Rico,San Lorenzo,766,0,0,18.147987,-65.976392,72129.0,1865.653465828828,0.0,766,759,0,0,759,756,,7,0,0,7,3
2020-11-05,US,Puerto Rico,San Sebastian,819,0,0,18.328646,-66.971214,72131.0,1930.2380391232612,0.0,819,816,0,0,816,816,,3,0,0,3,0
2020-11-05,US,Puerto Rico,Santa Isabel,296,0,0,17.994525,-66.388913,72133.0,1271.8054481395548,0.0,296,293,0,0,293,293,,3,0,0,3,0
2020-11-05,US,Puerto Rico,Toa Alta,1906,0,0,18.362406,-66.246616,72135.0,2573.380498474333,0.0,1906,1890,0,0,1890,1885,,16,0,0,16,5
2020-11-05,US,Puerto Rico,Toa Baja,2129,0,0,18.431445999999998,-66.213553,72137.0,2375.877423026705,0.0,2129,2123,0,0,2123,2122,,6,0,0,6,1
2020-11-05,US,Puerto Rico,Trujillo Alto,1699,0,0,18.336159,-65.99888399999999,72139.0,2270.115710429973,0.0,1699,1693,0,0,1693,1687,,6,0,0,6,6
2020-11-05,US,Puerto Rico,Unassigned,1386,855,0,0.0,0.0,72999.0,0.0,61.68831168831169,531,1378,850,0,528,1376,,8,5,0,3,2
2020-11-05,US,Puerto Rico,Utuado,293,0,0,18.271214,-66.702984,72141.0,883.8879000874838,0.0,293,290,0,0,290,289,,3,0,0,3,1
2020-11-05,US,Puerto Rico,Vega Alta,1043,0,0,18.409346,-66.33725,72143.0,2610.698105178844,0.0,1043,1040,0,0,1040,1039,,3,0,0,3,1
2020-11-05,US,Puerto Rico,Vega Baja,1300,0,0,18.428262,-66.397924,72145.0,2178.9413697160667,0.0,1300,1293,0,0,1293,1293,,7,0,0,7,0
2020-11-05,US,Puerto Rico,Vieques,107,0,0,18.123276,-65.44097099999999,72147.0,1150.4139339855928,0.0,107,107,0,0,107,107,,0,0,0,0,0
2020-11-05,US,Puerto Rico,Villalba,292,0,0,18.127951,-66.473115,72149.0,1119.9324972193456,0.0,292,282,0,0,282,280,,10,0,0,10,2
2020-11-05,US,Puerto Rico,Yabucoa,499,0,0,18.070399,-65.896289,72151.0,1315.1999156585225,0.0,499,499,0,0,499,499,,0,0,0,0,0
2020-11-05,US,Puerto Rico,Yauco,624,0,0,18.080374,-66.858814,72153.0,1484.194752990985,0.0,624,619,0,0,619,619,,5,0,0,5,0
2020-11-05,US,Rhode Island,Bristol,661,20,0,41.71018079,-71.28652315,44001.0,1363.476969409435,3.02571860816944,641,661,20,0,641,558,48649,0,0,0,0,103
2020-11-05,US,Rhode Island,Kent,2908,124,0,41.67106337,-71.57641596,44003.0,1770.0192340466974,4.264099037138927,2784,2908,124,0,2784,2566,163861,0,0,0,0,342
2020-11-05,US,Rhode Island,Newport,797,10,0,41.5642026,-71.26569799,44005.0,970.9802392729222,1.2547051442910917,787,797,10,0,787,678,82542,0,0,0,0,119
2020-11-05,US,Rhode Island,Providence,25309,970,0,41.87064746,-71.57753536,44007.0,3961.147604357904,3.832628709154846,24339,25309,970,0,24339,23320,636084,0,0,0,0,1989
2020-11-05,US,Rhode Island,Unassigned,4637,18,0,0.0,0.0,90044.0,0.0,0.3881820142333405,4619,4009,10,0,3999,6086,,628,8,0,620,-2077
2020-11-05,US,Rhode Island,Washington,1438,80,0,41.45961631,-71.61435303,44009.0,1145.1141530694315,5.563282336578581,1358,1438,80,0,1358,1335,126179,0,0,0,0,103
2020-11-05,US,South Carolina,Abbeville,820,19,0,34.22333378,-82.46170658,45001.0,3343.254372732092,2.3170731707317067,801,812,18,0,794,808,24541,8,1,0,7,4
2020-11-05,US,South Carolina,Aiken,5281,89,0,33.54338026,-81.63645384,45003.0,3090.617538274264,1.685286877485325,5192,5243,89,0,5154,5210,169401,38,0,0,38,33
2020-11-05,US,South Carolina,Allendale,428,7,0,32.98837386,-81.35321066,45005.0,4926.33517495396,1.6355140186915889,421,428,7,0,421,426,8903,0,0,0,0,2
2020-11-05,US,South Carolina,Anderson,6237,208,0,34.51828081,-82.63959517,45007.0,3079.1180797598713,3.334936668270001,6029,6189,208,0,5981,6150,200482,48,0,0,48,39
2020-11-05,US,South Carolina,Bamberg,701,34,0,33.21927586,-81.05659969,45009.0,4983.64851414759,4.85021398002853,667,700,34,0,666,699,14275,1,0,0,1,1
2020-11-05,US,South Carolina,Barnwell,893,25,0,33.26679302,-81.43584352,45011.0,4279.689446947187,2.799552071668533,868,892,25,0,867,894,21112,1,0,0,1,-2
2020-11-05,US,South Carolina,Beaufort,6301,93,0,32.39226291,-80.72619758,45013.0,3279.6868656374595,1.4759561974289794,6208,6287,93,0,6194,6261,188715,14,0,0,14,26
2020-11-05,US,South Carolina,Berkeley,6357,96,0,33.20222596,-79.94654523,45015.0,2789.2956337453443,1.5101462954223692,6261,6327,96,0,6231,6292,221091,30,0,0,30,35
2020-11-05,US,South Carolina,Calhoun,517,18,0,33.66926881,-80.77722168,45017.0,3552.532123960696,3.481624758220503,499,516,18,0,498,515,14520,1,0,0,1,1
2020-11-05,US,South Carolina,Charleston,17712,283,0,32.82487866,-79.96512315,45019.0,4305.2361900409815,1.5977868112014453,17429,17655,283,0,17372,17596,405905,57,0,0,57,59
2020-11-05,US,South Carolina,Cherokee,1599,53,0,35.05122251,-81.61828622,45021.0,2790.575916230366,3.3145716072545337,1546,1593,53,0,1540,1589,57078,6,0,0,6,4
2020-11-05,US,South Carolina,Chester,1306,30,0,34.69249168,-81.1583216,45023.0,4050.365959558368,2.2970903522205206,1276,1303,30,0,1273,1285,32251,3,0,0,3,18
2020-11-05,US,South Carolina,Chesterfield,1540,48,0,34.64137396,-80.15640140000002,45025.0,3373.493975903615,3.116883116883117,1492,1535,48,0,1487,1532,45754,5,0,0,5,3
2020-11-05,US,South Carolina,Clarendon,1226,69,0,33.66610974,-80.21647898,45027.0,3633.1308341976587,5.628058727569331,1157,1225,69,0,1156,1207,33700,1,0,0,1,18
2020-11-05,US,South Carolina,Colleton,1327,49,0,32.87582989,-80.67641292,45029.0,3522.0426254744275,3.692539562923888,1278,1324,49,0,1275,1313,37660,3,0,0,3,11
2020-11-05,US,South Carolina,Darlington,2594,67,0,34.33358335,-79.96027485,45031.0,3893.842505028672,2.5828835774865078,2527,2588,67,0,2521,2584,66802,6,0,0,6,4
2020-11-05,US,South Carolina,Dillon,1373,48,0,34.39007791,-79.37741872,45033.0,4504.740969191903,3.4959941733430444,1325,1367,48,0,1319,1361,30599,6,0,0,6,6
2020-11-05,US,South Carolina,Dorchester,4992,104,0,33.0794369,-80.40502652,45035.0,3066.1695606508238,2.083333333333333,4888,4967,103,0,4864,4946,160647,25,1,0,24,21
2020-11-05,US,South Carolina,Edgefield,972,22,0,33.77221995,-81.96231108,45037.0,3565.6639765223767,2.263374485596708,950,960,22,0,938,953,27052,12,0,0,12,7
2020-11-05,US,South Carolina,Fairfield,893,40,0,34.39287073,-81.1195624,45039.0,3996.062111245357,4.479283314669654,853,890,40,0,850,886,22402,3,0,0,3,4
2020-11-05,US,South Carolina,Florence,5797,204,0,34.02361754,-79.70189312,45041.0,4191.824604282212,3.5190615835777126,5593,5780,204,0,5576,5771,138159,17,0,0,17,9
2020-11-05,US,South Carolina,Georgetown,2468,57,0,33.43443342,-79.33202141,45043.0,3937.4601148691772,2.309562398703404,2411,2445,57,0,2388,2436,62249,23,0,0,23,9
2020-11-05,US,South Carolina,Greenville,18664,360,0,34.89502264,-82.37295012,45045.0,3564.9479888910537,1.9288469781397344,18304,18601,360,0,18241,18437,514213,63,0,0,63,164
2020-11-05,US,South Carolina,Greenwood,2643,77,0,34.15272415,-82.12715789,45047.0,3732.470943779921,2.9133560348089294,2566,2633,77,0,2556,2627,70741,10,0,0,10,6
2020-11-05,US,South Carolina,Hampton,780,31,0,32.77419582,-81.13845571,45049.0,4057.8503797731764,3.9743589743589753,749,778,31,0,747,776,19351,2,0,0,2,2
2020-11-05,US,South Carolina,Horry,12837,236,0,33.9212828,-78.99555293,45051.0,3625.441636235777,1.8384357715977253,12601,12786,236,0,12550,12743,344147,51,0,0,51,43
2020-11-05,US,South Carolina,Jasper,960,23,0,32.43171982,-81.02487495,45053.0,3192.2322348950893,2.395833333333333,937,958,23,0,935,949,28971,2,0,0,2,9
2020-11-05,US,South Carolina,Kershaw,2604,52,0,34.33988254,-80.58763164,45055.0,3912.788688374329,1.996927803379416,2552,2597,52,0,2545,2588,65592,7,0,0,7,9
2020-11-05,US,South Carolina,Lancaster,2726,62,0,34.68270843,-80.70513032,45057.0,2781.292086683264,2.2743947175348502,2664,2717,62,0,2655,2693,95380,9,0,0,9,24
2020-11-05,US,South Carolina,Laurens,2013,62,0,34.48244419,-82.00490796,45059.0,2982.5315217874445,3.0799801291604574,1951,1994,62,0,1932,1982,66994,19,0,0,19,12
2020-11-05,US,South Carolina,Lee,802,36,0,34.16393091,-80.25690731,45061.0,4765.866413120989,4.488778054862842,766,799,36,0,763,796,17142,3,0,0,3,3
2020-11-05,US,South Carolina,Lexington,9522,214,0,33.89665987,-81.27146426,45063.0,3187.280334728033,2.2474270111321157,9308,9468,214,0,9254,9388,295032,54,0,0,54,80
2020-11-05,US,South Carolina,Marion,1192,45,0,34.07859748,-79.36400756,45067.0,3888.182144371595,3.7751677852349,1147,1188,45,0,1143,1187,31039,4,0,0,4,1
2020-11-05,US,South Carolina,Marlboro,1175,15,0,34.59905577,-79.67561152,45069.0,4498.813079102535,1.2765957446808511,1160,1172,15,0,1157,1173,26398,3,0,0,3,-1
2020-11-05,US,South Carolina,McCormick,288,7,0,33.90161443,-82.30794338,45065.0,3043.432315333404,2.430555555555556,281,285,7,0,278,284,9410,3,0,0,3,1
2020-11-05,US,South Carolina,Newberry,1748,57,0,34.28629098,-81.59935761,45071.0,4547.346514047867,3.260869565217391,1691,1732,57,0,1675,1723,38520,16,0,0,16,9
2020-11-05,US,South Carolina,Oconee,2589,34,0,34.75225169,-83.06742317,45073.0,3254.7205390591607,1.313248358439552,2555,2587,34,0,2553,2577,78374,2,0,0,2,10
2020-11-05,US,South Carolina,Orangeburg,3434,131,0,33.4391073,-80.79886287,45075.0,3984.914418334784,3.8147932440302847,3303,3427,131,0,3296,3419,86934,7,0,0,7,8
2020-11-05,US,South Carolina,Pickens,4820,68,0,34.88807695,-82.72791551,45077.0,3798.7453106774688,1.410788381742739,4752,4796,68,0,4728,4757,124937,24,0,0,24,39
2020-11-05,US,South Carolina,Richland,17951,277,0,34.01791263,-80.90267209,45079.0,4317.645559085913,1.5430895214751268,17674,17864,277,0,17587,17788,414576,87,0,0,87,76
2020-11-05,US,South Carolina,Saluda,748,25,0,34.00795823,-81.72713237,45081.0,3653.592536511503,3.3422459893048133,723,745,25,0,720,743,20544,3,0,0,3,2
2020-11-05,US,South Carolina,Spartanburg,9590,245,0,34.92960077,-81.99225984,45083.0,2998.889879137545,2.554744525547445,9345,9568,242,0,9326,9523,313888,22,3,0,19,45
2020-11-05,US,South Carolina,Sumter,3665,92,0,33.91826534,-80.37942316,45085.0,3434.188210380337,2.5102319236016366,3573,3652,92,0,3560,3644,106512,13,0,0,13,8
2020-11-05,US,South Carolina,Union,815,21,0,34.68835752,-81.61730349,45087.0,2983.599355688973,2.576687116564417,794,811,20,0,791,807,27410,4,1,0,3,4
2020-11-05,US,South Carolina,Williamsburg,1494,50,0,33.62190129,-79.72767442,45089.0,4919.652265542676,3.3467202141900936,1444,1485,50,0,1435,1481,30606,9,0,0,9,4
2020-11-05,US,South Carolina,York,7245,109,0,34.97281497,-81.18085944,45091.0,2578.4845130774897,1.504485852311939,7136,7201,108,0,7093,7153,274118,44,1,0,43,48
2020-11-05,US,South Dakota,Aurora,220,1,0,43.71757685,-98.56050467,46003.0,7997.091966557616,0.4545454545454545,219,219,0,0,219,215,2801,1,1,0,0,4
2020-11-05,US,South Dakota,Beadle,1530,16,0,44.41464384,-98.27858469,46005.0,8291.334742318322,1.0457516339869282,1514,1479,16,0,1463,1434,18883,51,0,0,51,45
2020-11-05,US,South Dakota,Bennett,241,5,0,43.19486375,-101.6665572,46007.0,7161.961367013373,2.074688796680498,236,230,5,0,225,225,3468,11,0,0,11,5
2020-11-05,US,South Dakota,Bon Homme,1132,3,0,42.98914167,-97.88592746,46009.0,16403.41979423272,0.26501766784452296,1129,1102,1,0,1101,1086,6980,30,2,0,28,16
2020-11-05,US,South Dakota,Brookings,1635,8,0,44.36974375,-96.79079945,46011.0,4661.173988653532,0.4892966360856269,1627,1601,7,0,1594,1590,35232,34,1,0,33,11
2020-11-05,US,South Dakota,Brown,2376,6,0,45.58994323,-98.35165355,46013.0,6117.562244136048,0.2525252525252525,2370,2330,6,0,2324,2313,39316,46,0,0,46,17
2020-11-05,US,South Dakota,Brule,357,3,0,43.71756379,-99.08118954,46015.0,6739.6639607324905,0.8403361344537815,354,351,2,0,349,334,5229,6,1,0,5,17
2020-11-05,US,South Dakota,Buffalo,291,4,0,44.07657829,-99.20814467,46017.0,14831.804281345563,1.3745704467353952,287,287,4,0,283,277,2036,4,0,0,4,10
2020-11-05,US,South Dakota,Butte,465,3,0,44.90608745,-103.5079318,46019.0,4458.72087448461,0.6451612903225806,462,451,3,0,448,440,10222,14,0,0,14,11
2020-11-05,US,South Dakota,Campbell,84,1,0,45.77074915,-100.0510181,46021.0,6104.651162790698,1.1904761904761905,83,84,1,0,83,84,1377,0,0,0,0,0
2020-11-05,US,South Dakota,Charles Mix,492,1,0,43.20660134,-98.58856175,46023.0,5294.87731381834,0.2032520325203252,491,467,1,0,466,453,9338,25,0,0,25,14
2020-11-05,US,South Dakota,Clark,155,1,0,44.85834507,-97.72925109,46025.0,4148.8222698072805,0.6451612903225806,154,153,1,0,152,151,3739,2,0,0,2,2
2020-11-05,US,South Dakota,Clay,925,8,0,42.91296147,-96.97656917,46027.0,6574.271499644634,0.8648648648648649,917,914,8,0,906,896,14041,11,0,0,11,18
2020-11-05,US,South Dakota,Codington,1818,16,0,44.97788119,-97.18827677,46029.0,6490.770823663825,0.8800880088008801,1802,1755,16,0,1739,1735,28015,63,0,0,63,20
2020-11-05,US,South Dakota,Corson,258,2,0,45.70889983,-101.1970473,46031.0,6314.24375917768,0.7751937984496124,256,250,2,0,248,241,4165,8,0,0,8,9
2020-11-05,US,South Dakota,Custer,361,4,0,43.67741105,-103.45345209999999,46033.0,4023.629068212216,1.10803324099723,357,352,4,0,348,345,8726,9,0,0,9,7
2020-11-05,US,South Dakota,Davison,1238,11,0,43.67490933,-98.14458906,46035.0,6260.429835651074,0.8885298869143781,1227,1202,10,0,1192,1189,19790,36,1,0,35,13
2020-11-05,US,South Dakota,Day,189,3,0,45.367281,-97.60737498,46037.0,3484.513274336284,1.5873015873015872,186,184,2,0,182,183,5505,5,1,0,4,1
2020-11-05,US,South Dakota,Deuel,212,1,0,44.75994309,-96.66943645,46039.0,4872.443116524937,0.4716981132075472,211,206,1,0,205,205,4337,6,0,0,6,1
2020-11-05,US,South Dakota,Dewey,460,1,0,45.15639647,-100.8709139,46041.0,7807.196198234895,0.21739130434782608,459,439,1,0,438,427,5904,21,0,0,21,12
2020-11-05,US,South Dakota,Douglas,201,5,0,43.38520741,-98.36978007,46043.0,6881.2050667579615,2.487562189054726,196,189,5,0,184,185,2935,12,0,0,12,4
2020-11-05,US,South Dakota,Edmunds,170,1,0,45.41846445,-99.21545423,46045.0,4439.801514755811,0.5882352941176471,169,167,1,0,166,162,3875,3,0,0,3,5
2020-11-05,US,South Dakota,Fall River,245,6,0,43.23929297,-103.5275691,46047.0,3649.6350364963505,2.4489795918367347,239,244,6,0,238,238,6758,1,0,0,1,6
2020-11-05,US,South Dakota,Faulk,237,2,0,45.07082625,-99.14535601,46049.0,10308.829926054806,0.8438818565400844,235,230,2,0,228,228,2330,7,0,0,7,2
2020-11-05,US,South Dakota,Grant,348,3,0,45.1723937,-96.77002276,46051.0,4934.7702779353385,0.8620689655172413,345,341,3,0,338,334,7147,7,0,0,7,7
2020-11-05,US,South Dakota,Gregory,278,10,0,43.19419064,-99.18883902,46053.0,6642.771804062127,3.5971223021582728,268,269,10,0,259,261,4212,9,0,0,9,8
2020-11-05,US,South Dakota,Haakon,107,2,0,44.29299053,-101.539099,46055.0,5634.544497103739,1.8691588785046729,105,106,2,0,104,105,1918,1,0,0,1,1
2020-11-05,US,South Dakota,Hamlin,247,0,0,44.67385954,-97.18829593,46057.0,4007.1382219338093,0.0,247,236,0,0,236,234,6111,11,0,0,11,2
2020-11-05,US,South Dakota,Hand,176,1,0,44.54708407,-99.00386459,46059.0,5515.512378564713,0.5681818181818182,175,163,1,0,162,158,3262,13,0,0,13,5
2020-11-05,US,South Dakota,Hanson,125,1,0,43.6746384,-97.78715148,46061.0,3620.040544454098,0.8,124,119,1,0,118,114,3376,6,0,0,6,5
2020-11-05,US,South Dakota,Harding,63,0,0,45.58015551,-103.4958629,46063.0,4853.620955315871,0.0,63,63,0,0,63,62,1249,0,0,0,0,1
2020-11-05,US,South Dakota,Hughes,982,8,0,44.39091534,-99.99661148,46065.0,5603.103959831108,0.8146639511201629,974,952,8,0,944,943,17650,30,0,0,30,9
2020-11-05,US,South Dakota,Hutchinson,283,2,0,43.33449012,-97.75536441,46067.0,3881.497736935949,0.7067137809187279,281,268,2,0,266,261,7380,15,0,0,15,7
2020-11-05,US,South Dakota,Hyde,57,0,0,44.54747703,-99.48572582,46069.0,4381.245196003075,0.0,57,54,0,0,54,53,1282,3,0,0,3,1
2020-11-05,US,South Dakota,Jackson,147,3,0,43.69318385,-101.6255063,46071.0,4395.9330143540665,2.0408163265306123,144,143,3,0,140,141,3307,4,0,0,4,2
2020-11-05,US,South Dakota,Jerauld,176,13,0,44.06637798,-98.62965972,46073.0,8743.169398907105,7.386363636363638,163,175,13,0,162,170,2043,1,0,0,1,5
2020-11-05,US,South Dakota,Jones,39,0,0,43.96278565,-100.6940008,46075.0,4318.936877076411,0.0,39,37,0,0,37,37,928,2,0,0,2,0
2020-11-05,US,South Dakota,Kingsbury,246,4,0,44.36956169,-97.4913945,46077.0,4980.765337112776,1.6260162601626016,242,239,3,0,236,232,4919,7,1,0,6,7
2020-11-05,US,South Dakota,Lake,490,9,0,44.02193107,-97.12926365,46079.0,3829.022427131359,1.836734693877551,481,476,9,0,467,464,13057,14,0,0,14,12
2020-11-05,US,South Dakota,Lawrence,1202,7,0,44.35919441,-103.79294279999999,46081.0,4650.982819996904,0.5823627287853578,1195,1155,7,0,1148,1115,25741,47,0,0,47,40
2020-11-05,US,South Dakota,Lincoln,3443,25,0,43.27841182,-96.72039050000001,46083.0,5632.443397461066,0.7261109497531223,3418,3367,22,0,3345,3292,58807,76,3,0,73,75
2020-11-05,US,South Dakota,Lyman,309,6,0,43.89522709,-99.85201878,46085.0,8172.44115313409,1.9417475728155342,303,300,6,0,294,296,3821,9,0,0,9,4
2020-11-05,US,South Dakota,Marshall,72,2,0,45.75870838,-97.59855639,46091.0,1458.966565349544,2.7777777777777777,70,71,2,0,69,69,5112,1,0,0,1,2
2020-11-05,US,South Dakota,McCook,332,3,0,43.6742571,-97.36863144,46087.0,5943.43000358038,0.9036144578313252,329,324,1,0,323,315,5546,8,2,0,6,9
2020-11-05,US,South Dakota,McPherson,73,1,0,45.76626028,-99.22118798,46089.0,3068.5161832702806,1.3698630136986298,72,73,1,0,72,73,2407,0,0,0,0,0
2020-11-05,US,South Dakota,Meade,1127,10,0,44.56676791,-102.71627409999999,46093.0,3977.834251023577,0.8873114463176575,1117,1090,10,0,1080,1076,28294,37,0,0,37,14
2020-11-05,US,South Dakota,Mellette,105,1,0,43.58078848,-100.7563186,46095.0,5094.614264919942,0.9523809523809524,104,101,1,0,100,98,2042,4,0,0,4,3
2020-11-05,US,South Dakota,Miner,151,2,0,44.02197882,-97.60992207,46097.0,6814.079422382672,1.3245033112582782,149,149,2,0,147,149,2213,2,0,0,2,0
2020-11-05,US,South Dakota,Minnehaha,13462,120,0,43.67441641,-96.7910885,46099.0,6970.29005768016,0.8913980092111128,13342,13186,118,0,13068,12985,192876,276,2,0,274,201
2020-11-05,US,South Dakota,Moody,263,4,0,44.02266214,-96.67081159,46101.0,3999.391727493917,1.520912547528517,259,259,3,0,256,252,6579,4,1,0,3,7
2020-11-05,US,South Dakota,Oglala Lakota,1153,10,0,43.33749164,-102.55554980000001,46102.0,8132.891302814418,0.8673026886383348,1143,1121,9,0,1112,1089,14309,32,1,0,31,32
2020-11-05,US,South Dakota,Pennington,5377,51,0,44.0025835,-102.8240777,46103.0,4725.994286969897,0.94848428491724,5326,5181,51,0,5130,5049,111729,196,0,0,196,132
2020-11-05,US,South Dakota,Perkins,85,0,0,45.49049506,-102.47555859999999,46105.0,2966.8411867364753,0.0,85,84,0,0,84,82,2922,1,0,0,1,2
2020-11-05,US,South Dakota,Potter,154,0,0,45.06583079,-99.95498503,46107.0,7152.810032512773,0.0,154,151,0,0,151,143,2207,3,0,0,3,8
2020-11-05,US,South Dakota,Roberts,412,7,0,45.62975048,-96.94672673,46109.0,3963.825283817587,1.699029126213592,405,406,6,0,400,402,10447,6,1,0,5,4
2020-11-05,US,South Dakota,Sanborn,132,1,0,44.02351092,-98.09098159999999,46111.0,5631.3993174061425,0.7575757575757576,131,128,1,0,127,123,2429,4,0,0,4,5
2020-11-05,US,South Dakota,Spink,364,1,0,44.93837606,-98.34626602,46115.0,5708.908406524467,0.27472527472527475,363,356,1,0,355,334,6495,8,0,0,8,22
2020-11-05,US,South Dakota,Stanley,110,0,0,44.41381872,-100.7349153,46117.0,3550.6778566817297,0.0,110,102,0,0,102,102,3022,8,0,0,8,0
2020-11-05,US,South Dakota,Sully,54,0,0,44.71571812,-100.1278092,46119.0,3882.099209202013,0.0,54,52,0,0,52,48,1392,2,0,0,2,4
2020-11-05,US,South Dakota,Todd,561,6,0,43.19338568,-100.71955030000001,46121.0,5512.429989191313,1.0695187165775402,555,545,6,0,539,529,10283,16,0,0,16,16
2020-11-05,US,South Dakota,Tripp,305,2,0,43.34459388,-99.8854891,46123.0,5605.587208233779,0.6557377049180327,303,300,2,0,298,293,5478,5,0,0,5,7
2020-11-05,US,South Dakota,Turner,574,22,0,43.3109081,-97.14865776,46125.0,6846.3740458015245,3.8327526132404177,552,557,21,0,536,546,8424,17,1,0,16,11
2020-11-05,US,South Dakota,Union,843,14,0,42.83112163,-96.6557828,46127.0,5291.2377604820485,1.6607354685646498,829,826,12,0,814,820,15619,17,2,0,15,6
2020-11-05,US,South Dakota,Walworth,297,10,0,45.43019636,-100.03075140000001,46129.0,5464.581416743329,3.3670033670033668,287,290,10,0,280,289,5587,7,0,0,7,1
2020-11-05,US,South Dakota,Yankton,1015,7,0,43.00924485,-97.39467635,46135.0,4449.022530025423,0.6896551724137931,1008,975,6,0,969,969,22869,40,1,0,39,6
2020-11-05,US,South Dakota,Ziebach,120,2,0,44.97881876,-101.6654622,46137.0,4354.1364296081265,1.6666666666666667,118,115,2,0,113,111,2742,5,0,0,5,4
2020-11-05,US,Tennessee,Anderson,1959,18,0,36.12684348,-84.19965764,47001.0,2544.8829535711498,0.9188361408882084,1941,1938,18,0,1920,1909,76482,21,0,0,21,29
2020-11-05,US,Tennessee,Bedford,1925,23,0,35.51123746,-86.45549096,47003.0,3872.226580572486,1.1948051948051948,1902,1914,23,0,1891,1861,49038,11,0,0,11,53
2020-11-05,US,Tennessee,Benton,482,10,0,36.07110411,-88.06849355,47005.0,2982.673267326733,2.074688796680498,472,474,10,0,464,462,16184,8,0,0,8,12
2020-11-05,US,Tennessee,Bledsoe,1057,4,0,35.59942968,-85.20611967,47007.0,7016.728624535316,0.3784295175023652,1053,1057,4,0,1053,1054,14755,0,0,0,0,3
2020-11-05,US,Tennessee,Blount,3753,44,0,35.68938198,-83.92847788,47009.0,2819.9386871844195,1.1723954169997337,3709,3726,43,0,3683,3662,131349,27,1,0,26,64
2020-11-05,US,Tennessee,Bradley,3879,24,0,35.15739424,-84.857186,47011.0,3588.0122097863286,0.6187161639597835,3855,3850,24,0,3826,3823,106727,29,0,0,29,27
2020-11-05,US,Tennessee,Campbell,1176,14,0,36.40355516,-84.15108559999999,47013.0,2951.6590532603786,1.1904761904761905,1162,1159,14,0,1145,1149,39583,17,0,0,17,10
2020-11-05,US,Tennessee,Cannon,469,2,0,35.80990797,-86.05738983,47015.0,3195.2582095653365,0.4264392324093816,467,464,2,0,462,451,14462,5,0,0,5,13
2020-11-05,US,Tennessee,Carroll,1250,28,0,35.97366108,-88.45189331,47017.0,4501.746677710952,2.24,1222,1233,28,0,1205,1211,28020,17,0,0,17,22
2020-11-05,US,Tennessee,Carter,1869,38,0,36.28969086,-82.12588974,47019.0,3314.358674256531,2.033172819689673,1831,1833,37,0,1796,1798,56351,36,1,0,35,35
2020-11-05,US,Tennessee,Cheatham,1164,12,0,36.26136216,-87.08903581,47021.0,2862.2716207244202,1.0309278350515465,1152,1157,12,0,1145,1146,40439,7,0,0,7,11
2020-11-05,US,Tennessee,Chester,778,17,0,35.42527478,-88.6095842,47023.0,4497.889807481066,2.185089974293059,761,771,17,0,754,759,17276,7,0,0,7,12
2020-11-05,US,Tennessee,Claiborne,565,8,0,36.48319149,-83.65947309,47025.0,1767.8901092024155,1.4159292035398232,557,558,8,0,550,557,31756,7,0,0,7,1
2020-11-05,US,Tennessee,Clay,433,16,0,36.55151008,-85.53930419,47027.0,5686.145764937623,3.6951501154734414,417,432,16,0,416,431,7717,1,0,0,1,1
2020-11-05,US,Tennessee,Cocke,1246,20,0,35.9278914,-83.11828725,47029.0,3460.7265859348963,1.6051364365971108,1226,1232,20,0,1212,1209,35774,14,0,0,14,23
2020-11-05,US,Tennessee,Coffee,2135,32,0,35.49090731,-86.07311784,47031.0,3777.423920736023,1.4988290398126465,2103,2131,31,0,2100,2095,55700,4,1,0,3,36
2020-11-05,US,Tennessee,Crockett,984,24,0,35.81830662,-89.14916269,47033.0,6914.96837666901,2.4390243902439024,960,971,24,0,947,952,14328,13,0,0,13,19
2020-11-05,US,Tennessee,Cumberland,1786,29,0,35.95271721,-84.99840585,47035.0,2951.0905485789813,1.6237402015677491,1757,1764,29,0,1735,1735,59673,22,0,0,22,29
2020-11-05,US,Tennessee,Davidson,34201,360,0,36.17007426,-86.78646056,47037.0,4927.07565000922,1.0526008011461654,33841,34006,357,0,33649,33627,692587,195,3,0,192,379
2020-11-05,US,Tennessee,DeKalb,820,18,0,35.97616272,-85.83689361,47041.0,4001.9521717911175,2.1951219512195124,802,816,18,0,798,798,20138,4,0,0,4,18
2020-11-05,US,Tennessee,Decatur,706,11,0,35.60048904,-88.11043779,47039.0,6053.331046900456,1.5580736543909348,695,703,11,0,692,690,11706,3,0,0,3,13
2020-11-05,US,Tennessee,Dickson,1925,21,0,36.14669837,-87.35891709,47043.0,3568.250908282049,1.0909090909090908,1904,1904,21,0,1883,1873,53446,21,0,0,21,31
2020-11-05,US,Tennessee,Dyer,2502,38,0,36.05931946,-89.41542855,47045.0,6733.227481902097,1.5187849720223818,2464,2480,38,0,2442,2440,37320,22,0,0,22,40
2020-11-05,US,Tennessee,Fayette,1827,29,0,35.19615831,-89.41399032,47047.0,4441.689154693312,1.5873015873015872,1798,1814,29,0,1785,1798,40507,13,0,0,13,16
2020-11-05,US,Tennessee,Fentress,985,13,0,36.38128818,-84.92870012,47049.0,5317.713113426551,1.3197969543147208,972,982,13,0,969,972,18217,3,0,0,3,10
2020-11-05,US,Tennessee,Franklin,1426,27,0,35.15634626,-86.09201039,47051.0,3378.5064442759667,1.893408134642356,1399,1417,26,0,1391,1391,41890,9,1,0,8,26
2020-11-05,US,Tennessee,Gibson,2330,50,0,35.99438059,-88.93358327,47053.0,4742.230272932652,2.145922746781116,2280,2316,50,0,2266,2276,49045,14,0,0,14,40
2020-11-05,US,Tennessee,Giles,1081,38,0,35.20222469,-87.03992678,47055.0,3668.884061906055,3.5152636447733583,1043,1076,38,0,1038,1056,29503,5,0,0,5,20
2020-11-05,US,Tennessee,Grainger,726,4,0,36.27469206,-83.51254721,47057.0,3113.2075471698113,0.5509641873278237,722,722,4,0,718,659,23145,4,0,0,4,63
2020-11-05,US,Tennessee,Greene,2143,58,0,36.17470125,-82.84691273,47059.0,3102.6944070422333,2.7064862342510496,2085,2112,57,0,2055,2038,69087,31,1,0,30,74
2020-11-05,US,Tennessee,Grundy,630,14,0,35.38433717,-85.72142731,47061.0,4692.038430029046,2.2222222222222223,616,628,14,0,614,617,13346,2,0,0,2,11
2020-11-05,US,Tennessee,Hamblen,2648,51,0,36.21990035,-83.26586179,47063.0,4077.986878984817,1.9259818731117824,2597,2635,51,0,2584,2620,64569,13,0,0,13,15
2020-11-05,US,Tennessee,Hamilton,12719,114,0,35.17670231,-85.16652245,47065.0,3458.091809768245,0.8962968786854313,12605,12652,113,0,12539,12532,364286,67,1,0,66,120
2020-11-05,US,Tennessee,Hancock,126,3,0,36.52692871,-83.22375847,47067.0,1903.3232628398791,2.380952380952381,123,126,3,0,123,129,6549,0,0,0,0,-3
2020-11-05,US,Tennessee,Hardeman,2007,34,0,35.20772017,-88.99161161,47069.0,8011.976047904192,1.6940707523667164,1973,2004,34,0,1970,1972,25220,3,0,0,3,32
2020-11-05,US,Tennessee,Hardin,1480,23,0,35.19732531,-88.18593755,47071.0,5769.5306408856995,1.554054054054054,1457,1478,23,0,1455,1461,25776,2,0,0,2,17
2020-11-05,US,Tennessee,Hawkins,1372,30,0,36.44355426,-82.94885298,47073.0,2416.0884725108303,2.186588921282799,1342,1354,30,0,1324,1324,56530,18,0,0,18,30
2020-11-05,US,Tennessee,Haywood,1378,28,0,35.58332824,-89.28536625,47075.0,7963.476652797041,2.0319303338171264,1350,1371,28,0,1343,1353,17335,7,0,0,7,18
2020-11-05,US,Tennessee,Henderson,1484,28,0,35.65581134,-88.38600175,47077.0,5277.945726784506,1.8867924528301887,1456,1477,28,0,1449,1465,27847,7,0,0,7,12
2020-11-05,US,Tennessee,Henry,936,13,0,36.33160906,-88.30121797,47079.0,2893.8012057505025,1.3888888888888888,923,926,13,0,913,892,32358,10,0,0,10,34
2020-11-05,US,Tennessee,Hickman,868,16,0,35.80609681,-87.47643507,47081.0,3447.4541266184765,1.8433179723502304,852,865,16,0,849,862,25063,3,0,0,3,3
2020-11-05,US,Tennessee,Houston,461,18,0,36.28872054,-87.71878828,47083.0,5621.265699304963,3.9045553145336234,443,462,18,0,444,456,8263,-1,0,0,-1,6
2020-11-05,US,Tennessee,Humphreys,497,6,0,36.03958805,-87.77992872,47085.0,2674.631363685287,1.2072434607645874,491,494,6,0,488,486,18486,3,0,0,3,8
2020-11-05,US,Tennessee,Jackson,501,7,0,36.36380466,-85.67239905,47087.0,4250.806041065671,1.3972055888223551,494,501,7,0,494,490,11758,0,0,0,0,11
2020-11-05,US,Tennessee,Jefferson,1674,25,0,36.04818632,-83.45148924,47089.0,3071.8414533443433,1.4934289127837514,1649,1669,25,0,1644,1668,54012,5,0,0,5,1
2020-11-05,US,Tennessee,Johnson,1252,13,0,36.45523950000001,-81.84886538,47091.0,7038.452889588488,1.038338658146965,1239,1245,10,0,1235,1234,17778,7,3,0,4,11
2020-11-05,US,Tennessee,Knox,14053,100,0,35.99508821,-83.94635435,47093.0,2988.0101124144985,0.7115918309257809,13953,13935,99,0,13836,13747,465289,118,1,0,117,188
2020-11-05,US,Tennessee,Lake,1014,4,0,36.34180170000001,-89.48921915,47095.0,14452.679589509693,0.3944773175542407,1010,1010,4,0,1006,1003,7411,4,0,0,4,7
2020-11-05,US,Tennessee,Lauderdale,1554,18,0,35.75893438,-89.63015909999999,47097.0,6062.497561736824,1.1583011583011582,1536,1553,18,0,1535,1537,25825,1,0,0,1,16
2020-11-05,US,Tennessee,Lawrence,1864,24,0,35.21675201,-87.39787695,47099.0,4222.735716551129,1.2875536480686696,1840,1854,24,0,1830,1802,43734,10,0,0,10,52
2020-11-05,US,Tennessee,Lewis,550,7,0,35.52853208,-87.49022694,47101.0,4483.208346918813,1.2727272727272727,543,535,7,0,528,503,12086,15,0,0,15,32
2020-11-05,US,Tennessee,Lincoln,1052,7,0,35.13738622,-86.58910106,47103.0,3061.165105045685,0.6653992395437263,1045,1043,6,0,1037,993,34117,9,1,0,8,50
2020-11-05,US,Tennessee,Loudon,1768,13,0,35.73939663,-84.31145275,47105.0,3269.9563512613745,0.7352941176470589,1755,1755,13,0,1742,1742,53054,13,0,0,13,13
2020-11-05,US,Tennessee,Macon,1432,26,0,36.53157855,-86.00778595,47111.0,5820.664986586457,1.8156424581005584,1406,1428,26,0,1402,1396,24265,4,0,0,4,32
2020-11-05,US,Tennessee,Madison,4092,86,0,35.61181957,-88.84076036,47113.0,4176.192031352058,2.101661779081134,4006,4072,85,0,3987,4008,97605,20,1,0,19,64
2020-11-05,US,Tennessee,Marion,877,14,0,35.12997174,-85.62265895,47115.0,3033.8672293908053,1.5963511972633981,863,867,14,0,853,855,28575,10,0,0,10,12
2020-11-05,US,Tennessee,Marshall,1276,12,0,35.45798777,-86.76420988,47117.0,3712.0,0.9404388714733544,1264,1271,12,0,1259,1246,33683,5,0,0,5,25
2020-11-05,US,Tennessee,Maury,3931,39,0,35.618741299999996,-87.07462444,47119.0,4078.350814943924,0.9921139659119816,3892,3886,39,0,3847,3832,94340,45,0,0,45,54
2020-11-05,US,Tennessee,McMinn,1824,41,0,35.42812616,-84.61520715,47107.0,3390.7127188905824,2.24780701754386,1783,1802,41,0,1761,1773,53285,22,0,0,22,29
2020-11-05,US,Tennessee,McNairy,1197,30,0,35.17468549,-88.5647812,47109.0,4658.675177084145,2.506265664160401,1167,1190,30,0,1160,1184,25832,7,0,0,7,6
2020-11-05,US,Tennessee,Meigs,359,8,0,35.51558739,-84.81482914,47121.0,2890.033810980519,2.2284122562674096,351,354,8,0,346,353,12306,5,0,0,5,1
2020-11-05,US,Tennessee,Monroe,1600,32,0,35.44550387,-84.24902965,47123.0,3437.533569663767,2.0,1568,1590,32,0,1558,1563,46357,10,0,0,10,27
2020-11-05,US,Tennessee,Montgomery,4621,63,0,36.49609412,-87.38550661,47125.0,2211.078839961147,1.3633412681237826,4558,4569,63,0,4506,4534,205950,52,0,0,52,35
2020-11-05,US,Tennessee,Moore,297,2,0,35.27724699,-86.36230578,47127.0,4577.681874229345,0.6734006734006734,295,297,2,0,295,290,6411,0,0,0,0,7
2020-11-05,US,Tennessee,Morgan,472,6,0,36.13248031,-84.64880098,47129.0,2205.298322665047,1.2711864406779658,466,470,6,0,464,466,21579,2,0,0,2,4
2020-11-05,US,Tennessee,Obion,1944,28,0,36.35732446,-89.14921589,47131.0,6465.130200538761,1.4403292181069958,1916,1936,28,0,1908,1914,30267,8,0,0,8,22
2020-11-05,US,Tennessee,Out of TN,4489,41,0,0.0,0.0,80047.0,0.0,0.913343729115616,4448,4482,39,0,4443,4392,,7,2,0,5,90
2020-11-05,US,Tennessee,Overton,1313,26,0,36.34117832,-85.28989535,47133.0,5903.511532754822,1.98019801980198,1287,1305,26,0,1279,1295,22068,8,0,0,8,10
2020-11-05,US,Tennessee,Perry,376,12,0,35.63708728,-87.86139634,47135.0,4655.770183259038,3.191489361702128,364,372,11,0,361,366,8064,4,1,0,3,6
2020-11-05,US,Tennessee,Pickett,299,10,0,36.55606529,-85.07763299999998,47137.0,5923.137876386688,3.3444816053511706,289,299,10,0,289,293,5082,0,0,0,0,6
2020-11-05,US,Tennessee,Polk,554,13,0,35.12245443,-84.52075859,47139.0,3291.3498098859313,2.3465703971119134,541,553,13,0,540,552,16898,1,0,0,1,1
2020-11-05,US,Tennessee,Putnam,4743,63,0,36.14005459,-85.50646123,47141.0,5910.648638544458,1.3282732447817838,4680,4729,64,0,4665,4690,78843,14,-1,0,15,39
2020-11-05,US,Tennessee,Rhea,1225,23,0,35.60536161,-84.93076643,47143.0,3693.430216781741,1.8775510204081636,1202,1212,23,0,1189,1187,33044,13,0,0,13,25
2020-11-05,US,Tennessee,Roane,1590,10,0,35.84923189,-84.52458689,47145.0,2978.53208946836,0.6289308176100629,1580,1552,9,0,1543,1535,53140,38,1,0,37,17
2020-11-05,US,Tennessee,Robertson,2774,43,0,36.52454807,-86.87346725,47147.0,3862.8103546711604,1.5501081470800289,2731,2758,43,0,2715,2731,71012,16,0,0,16,27
2020-11-05,US,Tennessee,Rutherford,13111,122,0,35.84591405,-86.4107263,47149.0,3945.7092556088896,0.9305163603081382,12989,13014,121,0,12893,12822,324890,97,1,0,96,192
2020-11-05,US,Tennessee,Scott,483,5,0,36.42325673,-84.50360494,47151.0,2188.689505165851,1.0351966873706004,478,465,5,0,460,449,22039,18,0,0,18,16
2020-11-05,US,Tennessee,Sequatchie,395,5,0,35.36979721,-85.41022136,47153.0,2628.776786902702,1.2658227848101269,390,391,5,0,386,382,14876,4,0,0,4,9
2020-11-05,US,Tennessee,Sevier,3662,24,0,35.78077323,-83.52244332,47155.0,3727.2264631043267,0.6553795740032768,3638,3637,24,0,3613,3601,97892,25,0,0,25,36
2020-11-05,US,Tennessee,Shelby,38875,580,0,35.1864775,-89.89692423,47157.0,4148.14451228491,1.4919614147909968,38295,38623,578,0,38045,38333,935764,252,2,0,250,290
2020-11-05,US,Tennessee,Smith,1068,16,0,36.25359775,-85.95411046,47159.0,5298.407501116238,1.49812734082397,1052,1062,14,0,1048,1059,19942,6,2,0,4,3
2020-11-05,US,Tennessee,Stewart,391,13,0,36.50235092,-87.83920548,47161.0,2850.893182646737,3.3248081841432224,378,375,13,0,362,370,13561,16,0,0,16,5
2020-11-05,US,Tennessee,Sullivan,4365,61,0,36.51240691,-82.30412917,47163.0,2756.586758279233,1.397479954180985,4304,4330,58,0,4272,4242,157668,35,3,0,32,88
2020-11-05,US,Tennessee,Sumner,6770,120,0,36.46824103,-86.45917204,47165.0,3539.2585854466943,1.7725258493353029,6650,6723,120,0,6603,6639,187149,47,0,0,47,84
2020-11-05,US,Tennessee,Tipton,2612,24,0,35.501942,-89.73694895,47167.0,4240.328576762609,0.9188361408882084,2588,2596,24,0,2572,2566,61581,16,0,0,16,30
2020-11-05,US,Tennessee,Trousdale,1811,10,0,36.39026213,-86.16087954,47169.0,16049.273307337824,0.5521811154058531,1801,1809,10,0,1799,1809,11012,2,0,0,2,0
2020-11-05,US,Tennessee,Unassigned,2493,5,0,0.0,0.0,90047.0,0.0,0.20056157240272765,2488,2445,5,0,2440,2516,,48,0,0,48,-71
2020-11-05,US,Tennessee,Unicoi,541,7,0,36.10890856,-82.43709629,47171.0,3025.219482189789,1.2939001848428835,534,535,7,0,528,525,17761,6,0,0,6,10
2020-11-05,US,Tennessee,Union,573,4,0,36.28590426,-83.83651902,47173.0,2869.016623272581,0.6980802792321117,569,571,4,0,567,568,19688,2,0,0,2,3
2020-11-05,US,Tennessee,Van Buren,223,2,0,35.69864497,-85.45221699,47175.0,3797.683923705722,0.8968609865470852,221,223,2,0,221,220,5765,0,0,0,0,3
2020-11-05,US,Tennessee,Warren,1603,11,0,35.672829899999996,-85.77969117,47177.0,3883.5186665697606,0.6862133499688085,1592,1599,11,0,1588,1571,40878,4,0,0,4,28
2020-11-05,US,Tennessee,Washington,4268,72,0,36.29472368,-82.49454720000001,47179.0,3298.937198067633,1.6869728209934396,4196,4205,67,0,4138,4069,128607,63,5,0,58,136
2020-11-05,US,Tennessee,Wayne,1639,7,0,35.23868267,-87.78644456,47181.0,9830.264499490191,0.4270896888346553,1632,1638,7,0,1631,1628,16558,1,0,0,1,10
2020-11-05,US,Tennessee,Weakley,1672,27,0,36.29896232,-88.71990865,47183.0,5016.802688430149,1.6148325358851674,1645,1669,27,0,1642,1654,33415,3,0,0,3,15
2020-11-05,US,Tennessee,White,1336,16,0,35.92929884,-85.45591799,47185.0,4885.719509965259,1.1976047904191616,1320,1328,15,0,1313,1298,27107,8,1,0,7,30
2020-11-05,US,Tennessee,Williamson,7911,59,0,35.89099229,-86.89281867,47187.0,3318.205459456739,0.7457969915307799,7852,7820,60,0,7760,7697,231729,91,-1,0,92,123
2020-11-05,US,Tennessee,Wilson,5214,65,0,36.15496772,-86.29775884,47189.0,3604.3883116613774,1.2466436517069428,5149,5166,65,0,5101,5114,140625,48,0,0,48,52
2020-11-05,US,Texas,Anderson,3011,41,0,31.81534745,-95.65354823,48001.0,5215.207413180913,1.3616738625041511,2970,2981,41,0,2940,2987,58057,30,0,0,30,-6
2020-11-05,US,Texas,Andrews,726,11,0,32.30468633,-102.63765479999999,48003.0,3881.315156375301,1.5151515151515151,715,689,10,0,679,667,18128,37,1,0,36,22
2020-11-05,US,Texas,Angelina,2343,93,0,31.25457347,-94.60901487,48005.0,2701.954679121259,3.969270166453265,2250,2326,93,0,2233,2326,87092,17,0,0,17,0
2020-11-05,US,Texas,Aransas,360,18,0,28.10556197,-96.9995047,48007.0,1531.2632922160785,5.0,342,351,18,0,333,351,23792,9,0,0,9,0
2020-11-05,US,Texas,Archer,171,1,0,33.61569967,-98.68754589,48009.0,1999.298491757278,0.5847953216374269,170,170,1,0,169,170,8786,1,0,0,1,0
2020-11-05,US,Texas,Armstrong,29,1,0,34.96507426,-101.35748740000001,48011.0,1536.8309485956545,3.4482758620689653,28,29,1,0,28,28,1892,0,0,0,0,1
2020-11-05,US,Texas,Atascosa,1294,37,0,28.89333001,-98.52730485,48013.0,2529.66590424804,2.85935085007728,1257,1292,37,0,1255,1291,50310,2,0,0,2,1
2020-11-05,US,Texas,Austin,523,10,0,29.88548725,-96.27736949,48015.0,1741.475759190197,1.9120458891013383,513,523,10,0,513,522,29989,0,0,0,0,1
2020-11-05,US,Texas,Bailey,334,5,0,34.06854817,-102.8299707,48017.0,4771.428571428572,1.497005988023952,329,327,5,0,322,314,7027,7,0,0,7,13
2020-11-05,US,Texas,Bandera,196,9,0,29.74619598,-99.24598147,48019.0,848.0443059882311,4.591836734693878,187,193,9,0,184,192,22824,3,0,0,3,1
2020-11-05,US,Texas,Bastrop,2059,33,0,30.10370699,-97.31206354,48021.0,2320.706017605356,1.602719766877125,2026,2051,33,0,2018,2034,86976,8,0,0,8,17
2020-11-05,US,Texas,Baylor,46,4,0,33.61640794,-99.21352901,48023.0,1310.9147905386149,8.695652173913043,42,46,3,0,43,46,3582,0,1,0,-1,0
2020-11-05,US,Texas,Bee,1874,39,0,28.41761668,-97.74215593,48025.0,5754.6445570397655,2.08110992529349,1835,1877,39,0,1838,1874,32587,-3,0,0,-3,3
2020-11-05,US,Texas,Bell,6770,103,0,31.03736027,-97.4785025,48027.0,1865.4043270767434,1.5214180206794683,6667,6706,102,0,6604,6647,355642,64,1,0,63,59
2020-11-05,US,Texas,Bexar,66909,1424,0,29.44928723,-98.52019748,48029.0,3339.5156806355108,2.1282637612279363,65485,66714,1422,0,65292,66529,1986049,195,2,0,193,185
2020-11-05,US,Texas,Blanco,166,6,0,30.26640707,-98.3999852,48031.0,1391.3335009638754,3.614457831325301,160,166,6,0,160,163,11702,0,0,0,0,3
2020-11-05,US,Texas,Borden,3,0,0,32.74363984,-101.43165090000001,48033.0,458.7155963302752,0.0,3,3,0,0,3,3,648,0,0,0,0,0
2020-11-05,US,Texas,Bosque,425,12,0,31.89978581,-97.63613524,48035.0,2274.551779502275,2.8235294117647056,413,423,12,0,411,421,18691,2,0,0,2,2
2020-11-05,US,Texas,Bowie,2145,84,0,33.44626922,-94.41834132,48037.0,2300.39144190037,3.916083916083916,2061,2099,80,0,2019,2059,94324,46,4,0,42,40
2020-11-05,US,Texas,Brazoria,12731,187,0,29.18757369,-95.44563172,48039.0,3401.609559027853,1.4688555494462336,12544,12718,187,0,12531,12687,370200,13,0,0,13,31
2020-11-05,US,Texas,Brazos,7942,78,0,30.663644800000004,-96.30205577,48041.0,3464.9296936010924,0.9821203727020902,7864,7912,78,0,7834,7856,226758,30,0,0,30,56
2020-11-05,US,Texas,Brewster,271,5,0,29.81008251,-103.25203259999999,48043.0,2944.691948277736,1.845018450184502,266,270,5,0,265,270,9267,1,0,0,1,0
2020-11-05,US,Texas,Briscoe,25,1,0,34.53026962,-101.2084947,48045.0,1617.0763260025876,4.0,24,25,1,0,24,25,1516,0,0,0,0,0
2020-11-05,US,Texas,Brooks,366,25,0,27.03103197,-98.21808402,48047.0,5160.016918088256,6.830601092896176,341,366,23,0,343,366,7114,0,2,0,-2,0
2020-11-05,US,Texas,Brown,729,28,0,31.77430356,-98.99907113,48049.0,1925.3116416649061,3.840877914951989,701,717,28,0,689,701,37924,12,0,0,12,16
2020-11-05,US,Texas,Burleson,494,6,0,30.49273808,-96.62158484,48051.0,2678.5230168627663,1.214574898785425,488,490,6,0,484,487,18389,4,0,0,4,3
2020-11-05,US,Texas,Burnet,1120,15,0,30.78801353,-98.181887,48053.0,2325.822863669401,1.3392857142857142,1105,1117,15,0,1102,1097,47542,3,0,0,3,20
2020-11-05,US,Texas,Caldwell,1749,38,0,29.83668859,-97.61814775,48055.0,4005.5881275192382,2.172670097198399,1711,1742,38,0,1704,1729,43247,7,0,0,7,13
2020-11-05,US,Texas,Calhoun,939,9,0,28.47048236,-96.61633945,48057.0,4410.521371535932,0.9584664536741214,930,936,9,0,927,935,21561,3,0,0,3,1
2020-11-05,US,Texas,Callahan,147,6,0,32.29760619,-99.37326312,48059.0,1054.2924765115108,4.081632653061225,141,147,6,0,141,146,13994,0,0,0,0,1
2020-11-05,US,Texas,Cameron,24478,1089,0,26.14524221,-97.48140372,48061.0,5784.532201539359,4.448892883405507,23389,24423,1088,0,23335,24380,423908,55,1,0,54,43
2020-11-05,US,Texas,Camp,411,13,0,32.97195142,-94.97790104,48063.0,3138.842217809684,3.1630170316301705,398,410,13,0,397,408,13033,1,0,0,1,2
2020-11-05,US,Texas,Carson,62,1,0,35.40365929,-101.35426690000001,48065.0,1046.2369220384746,1.6129032258064515,61,59,1,0,58,57,6005,3,0,0,3,2
2020-11-05,US,Texas,Cass,581,28,0,33.07499881,-94.34646905,48067.0,1934.9896756144674,4.819277108433735,553,578,26,0,552,567,30119,3,2,0,1,11
2020-11-05,US,Texas,Castro,339,7,0,34.53016752,-102.2617243,48069.0,4501.992031872511,2.0648967551622417,332,325,7,0,318,323,7665,14,0,0,14,2
2020-11-05,US,Texas,Chambers,1627,10,0,29.70972016,-94.67154501,48071.0,3711.476606519607,0.6146281499692686,1617,1618,10,0,1608,1604,42454,9,0,0,9,14
2020-11-05,US,Texas,Cherokee,1668,42,0,31.837258000000002,-95.16559897,48073.0,3168.3318770656842,2.5179856115107917,1626,1666,42,0,1624,1660,52592,2,0,0,2,6
2020-11-05,US,Texas,Childress,135,0,0,34.529304100000004,-100.2077916,48075.0,1847.7963317820968,0.0,135,130,0,0,130,130,7291,5,0,0,5,0
2020-11-05,US,Texas,Clay,138,3,0,33.78686685,-98.20771198,48077.0,1317.9256995511412,2.1739130434782608,135,134,3,0,131,134,10456,4,0,0,4,0
2020-11-05,US,Texas,Cochran,131,3,0,33.60425307,-102.82844990000001,48079.0,4591.657903960743,2.2900763358778624,128,124,3,0,121,118,2836,7,0,0,7,6
2020-11-05,US,Texas,Coke,133,7,0,31.88911733,-100.5297533,48081.0,3926.778860348391,5.2631578947368425,126,133,7,0,126,129,3370,0,0,0,0,4
2020-11-05,US,Texas,Coleman,102,4,0,31.76736834,-99.45240766,48083.0,1247.7064220183486,3.92156862745098,98,99,4,0,95,98,8397,3,0,0,3,1
2020-11-05,US,Texas,Collin,19480,196,0,33.18820114,-96.57264368,48085.0,1882.6167212702828,1.0061601642710472,19284,19189,193,0,18996,18905,1005146,291,3,0,288,284
2020-11-05,US,Texas,Collingsworth,22,0,0,34.96489496,-100.27001109999999,48087.0,753.4246575342465,0.0,22,21,0,0,21,21,2962,1,0,0,1,0
2020-11-05,US,Texas,Colorado,510,4,0,29.622097999999998,-96.5273805,48089.0,2372.865584143675,0.7843137254901961,506,510,4,0,506,510,21217,0,0,0,0,0
2020-11-05,US,Texas,Comal,2912,106,0,29.80811278,-98.27647225,48091.0,1864.169157987056,3.64010989010989,2806,2906,106,0,2800,2904,148373,6,0,0,6,2
2020-11-05,US,Texas,Comanche,386,5,0,31.94854689,-98.55876441,48093.0,2830.9497616428307,1.2953367875647668,381,383,5,0,378,381,13534,3,0,0,3,2
2020-11-05,US,Texas,Concho,144,2,0,31.32635934,-99.86473038,48095.0,5282.465150403522,1.3888888888888888,142,144,2,0,142,144,4276,0,0,0,0,0
2020-11-05,US,Texas,Cooke,593,9,0,33.63979567,-97.21240912,48097.0,1437.3318467169208,1.5177065767284992,584,588,9,0,579,587,40574,5,0,0,5,1
2020-11-05,US,Texas,Coryell,2036,14,0,31.39078397,-97.79936155,48099.0,2680.675698805809,0.6876227897838899,2022,2036,14,0,2022,2029,74808,0,0,0,0,7
2020-11-05,US,Texas,Cottle,42,3,0,34.07783319,-100.27850620000001,48101.0,3004.291845493562,7.142857142857142,39,42,3,0,39,42,1389,0,0,0,0,0
2020-11-05,US,Texas,Crane,83,5,0,31.43052248,-102.5143314,48103.0,1730.2480717114865,6.024096385542169,78,78,4,0,74,78,4794,5,1,0,4,0
2020-11-05,US,Texas,Crockett,167,7,0,30.72367027,-101.4134238,48105.0,4821.0161662817545,4.1916167664670665,160,166,7,0,159,166,3499,1,0,0,1,0
2020-11-05,US,Texas,Crosby,133,9,0,33.61431553,-101.30003640000001,48107.0,2318.28481784905,6.7669172932330826,124,131,9,0,122,128,5779,2,0,0,2,3
2020-11-05,US,Texas,Culberson,129,3,0,31.44506775,-104.5185739,48109.0,5941.962229387379,2.3255813953488373,126,128,3,0,125,127,2204,1,0,0,1,1
2020-11-05,US,Texas,Dallam,412,10,0,36.27787176,-102.60207249999999,48111.0,5653.904212982023,2.4271844660194173,402,411,10,0,401,395,7200,1,0,0,1,16
2020-11-05,US,Texas,Dallas,99160,1293,0,32.76670599,-96.77796049999999,48113.0,3762.451072199903,1.3039532069382815,97867,98473,1280,0,97193,97875,2637772,687,13,0,674,598
2020-11-05,US,Texas,Dawson,958,20,0,32.74255572,-101.94772420000001,48115.0,7526.7127592708985,2.0876826722338206,938,948,19,0,929,928,12619,10,1,0,9,20
2020-11-05,US,Texas,DeWitt,1111,44,0,29.08101855,-97.35681170000001,48123.0,5510.912698412699,3.96039603960396,1067,1103,44,0,1059,1103,20187,8,0,0,8,0
2020-11-05,US,Texas,Deaf Smith,1104,28,0,34.96522957,-102.6054267,48117.0,5952.766095114847,2.5362318840579707,1076,1096,28,0,1068,1070,18760,8,0,0,8,26
2020-11-05,US,Texas,Delta,40,0,0,33.38570922,-95.66921122,48119.0,750.3282686175203,0.0,40,40,0,0,40,38,5349,0,0,0,0,2
2020-11-05,US,Texas,Denton,15415,179,0,33.20521901,-97.11691153,48121.0,1737.47501992207,1.1612066169315602,15236,15272,178,0,15094,15139,859064,143,1,0,142,133
2020-11-05,US,Texas,Dickens,58,2,0,33.61616822,-100.7788855,48125.0,2623.2473993668023,3.4482758620689653,56,58,2,0,56,58,2249,0,0,0,0,0
2020-11-05,US,Texas,Dimmit,297,8,0,28.42270064,-99.75645095,48127.0,2933.6230738838403,2.6936026936026938,289,297,8,0,289,297,10308,0,0,0,0,0
2020-11-05,US,Texas,Donley,92,1,0,34.96517499,-100.8140093,48129.0,2806.589383770592,1.0869565217391304,91,90,1,0,89,88,3319,2,0,0,2,2
2020-11-05,US,Texas,Duval,511,21,0,27.68184592,-98.50864568,48131.0,4580.084252039079,4.109589041095891,490,502,21,0,481,503,11212,9,0,0,9,-1
2020-11-05,US,Texas,Eastland,279,8,0,32.32743996,-98.83243566,48133.0,1519.6078431372546,2.867383512544803,271,273,8,0,265,273,18322,6,0,0,6,0
2020-11-05,US,Texas,Ector,7261,121,0,31.86898877,-102.54294279999999,48135.0,4368.22822353104,1.6664371298719185,7140,7074,121,0,6953,6955,162124,187,0,0,187,119
2020-11-05,US,Texas,Edwards,72,2,0,29.98202582,-100.304252,48137.0,3726.7080745341614,2.7777777777777777,70,72,2,0,70,72,1928,0,0,0,0,0
2020-11-05,US,Texas,El Paso,58429,676,0,31.76980765,-106.23632749999999,48141.0,6962.148997066385,1.1569597289017441,57753,56355,669,0,55686,52817,840758,2074,7,0,2067,3538
2020-11-05,US,Texas,Ellis,5190,85,0,32.34894117,-96.79371841,48139.0,2808.04648696612,1.6377649325626205,5105,5146,84,0,5062,5130,179436,44,1,0,43,16
2020-11-05,US,Texas,Erath,1115,18,0,32.23602653,-98.21773417,48143.0,2611.363529907724,1.6143497757847534,1097,1094,17,0,1077,1090,42446,21,1,0,20,4
2020-11-05,US,Texas,Falls,708,6,0,31.25350609,-96.93630086,48145.0,4093.195351795109,0.8474576271186439,702,706,6,0,700,699,17335,2,0,0,2,7
2020-11-05,US,Texas,Fannin,834,20,0,33.59564294,-96.10751083,48147.0,2348.369657036661,2.3980815347721824,814,825,20,0,805,815,35286,9,0,0,9,10
2020-11-05,US,Texas,Fayette,724,23,0,29.87788372,-96.92076062,48149.0,2856.46650359031,3.176795580110497,701,711,23,0,688,702,25349,13,0,0,13,9
2020-11-05,US,Texas,Fisher,125,4,0,32.74281316,-100.40193020000001,48151.0,3263.7075718015667,3.2,121,124,4,0,120,124,3839,1,0,0,1,0
2020-11-05,US,Texas,Floyd,140,9,0,34.07227468,-101.3031546,48153.0,2450.980392156863,6.428571428571429,131,137,9,0,128,136,5837,3,0,0,3,1
2020-11-05,US,Texas,Foard,22,1,0,33.97308618,-99.7767797,48155.0,1904.7619047619046,4.545454545454546,21,22,1,0,21,22,1200,0,0,0,0,0
2020-11-05,US,Texas,Fort Bend,18025,313,0,29.52704478,-95.77219463,48157.0,2220.6808527414473,1.7364771151178915,17712,17862,312,0,17550,17807,787858,163,1,0,162,55
2020-11-05,US,Texas,Franklin,229,8,0,33.17653242,-95.21917243,48159.0,2135.1981351981353,3.4934497816593884,221,228,8,0,220,226,10766,1,0,0,1,2
2020-11-05,US,Texas,Freestone,471,5,0,31.70422788,-96.15072516,48161.0,2388.8015418167065,1.0615711252653928,466,469,5,0,464,467,19808,2,0,0,2,2
2020-11-05,US,Texas,Frio,1026,9,0,28.86751206,-99.10804207,48163.0,5052.693785088151,0.8771929824561403,1017,1024,9,0,1015,1022,19816,2,0,0,2,2
2020-11-05,US,Texas,Gaines,620,12,0,32.74055318,-102.6353295,48165.0,2884.7943420807733,1.935483870967742,608,613,12,0,601,597,20901,7,0,0,7,16
2020-11-05,US,Texas,Galveston,12910,169,0,29.40167322,-94.90469073,48167.0,3773.320200269481,1.3090627420604182,12741,12857,169,0,12688,12787,337890,53,0,0,53,70
2020-11-05,US,Texas,Garza,139,10,0,33.17969345,-101.2984114,48169.0,2231.4978327179324,7.1942446043165456,129,136,8,0,128,132,6578,3,2,0,1,4
2020-11-05,US,Texas,Gillespie,369,10,0,30.31824095,-98.94676915,48171.0,1367.274344152957,2.710027100271003,359,368,10,0,358,366,26804,1,0,0,1,2
2020-11-05,US,Texas,Glasscock,14,0,0,31.86942909,-101.5207776,48173.0,993.61249112846,0.0,14,14,0,0,14,14,1388,0,0,0,0,0
2020-11-05,US,Texas,Goliad,165,6,0,28.65696592,-97.42760647,48175.0,2154.6095586314964,3.636363636363636,159,165,6,0,159,165,7584,0,0,0,0,0
2020-11-05,US,Texas,Gonzales,1144,20,0,29.45634206,-97.49424032,48177.0,5490.23371886548,1.7482517482517483,1124,1136,20,0,1116,1135,20826,8,0,0,8,1
2020-11-05,US,Texas,Gray,560,10,0,35.40081878,-100.8129222,48179.0,2558.713332724116,1.7857142857142858,550,542,10,0,532,532,21895,18,0,0,18,10
2020-11-05,US,Texas,Grayson,2919,78,0,33.62744998,-96.67753461,48181.0,2142.982997092767,2.672147995889003,2841,2862,77,0,2785,2809,133991,57,1,0,56,53
2020-11-05,US,Texas,Gregg,2656,88,0,32.47940482,-94.81591935,48183.0,2142.885957481141,3.3132530120481927,2568,2616,88,0,2528,2616,123707,40,0,0,40,0
2020-11-05,US,Texas,Grimes,1230,36,0,30.54579585,-95.98902499,48185.0,4259.0027700831015,2.9268292682926833,1194,1216,36,0,1180,1210,28360,14,0,0,14,6
2020-11-05,US,Texas,Guadalupe,3917,83,0,29.58165339,-97.94786822,48187.0,2347.659832061709,2.118968598417156,3834,3914,83,0,3831,3912,163694,3,0,0,3,2
2020-11-05,US,Texas,Hale,2907,65,0,34.07044901,-101.82681140000001,48189.0,8702.029575525356,2.2359821121431027,2842,2826,65,0,2761,2709,33830,81,0,0,81,117
2020-11-05,US,Texas,Hall,47,1,0,34.5307555,-100.68138520000001,48191.0,1585.6950067476382,2.127659574468085,46,47,1,0,46,44,3028,0,0,0,0,3
2020-11-05,US,Texas,Hamilton,215,7,0,31.70470573,-98.11083887,48193.0,2541.0707954142536,3.255813953488372,208,211,6,0,205,209,8484,4,1,0,3,2
2020-11-05,US,Texas,Hansford,207,8,0,36.27743284,-101.3545796,48195.0,3834.043341359511,3.864734299516908,199,207,7,0,200,205,5463,0,1,0,-1,2
2020-11-05,US,Texas,Hardeman,65,3,0,34.28944521,-99.74632408,48197.0,1652.6824307144673,4.615384615384615,62,65,3,0,62,65,3922,0,0,0,0,0
2020-11-05,US,Texas,Hardin,1476,35,0,30.33364686,-94.38931817,48199.0,2562.411027394883,2.3712737127371275,1441,1477,35,0,1442,1471,57207,-1,0,0,-1,6
2020-11-05,US,Texas,Harris,165252,2851,0,29.85864939,-95.39339521,48201.0,3506.05994706497,1.7252438699682908,162401,164445,2841,0,161604,163845,4698619,807,10,0,797,600
2020-11-05,US,Texas,Harrison,1128,39,0,32.54935988,-94.36934071,48203.0,1694.8897870869832,3.4574468085106385,1089,1127,39,0,1088,1122,66726,1,0,0,1,5
2020-11-05,US,Texas,Hartley,191,0,0,35.84008013,-102.6029022,48205.0,3425.3945480631282,0.0,191,189,0,0,189,188,5619,2,0,0,2,1
2020-11-05,US,Texas,Haskell,90,3,0,33.17823584,-99.73037358,48207.0,1590.6680805938495,3.333333333333333,87,89,3,0,86,89,5813,1,0,0,1,0
2020-11-05,US,Texas,Hays,6313,91,0,30.05669873,-98.02944344,48209.0,2742.505137038373,1.4414699825756376,6222,6265,91,0,6174,6231,222631,48,0,0,48,34
2020-11-05,US,Texas,Hemphill,187,1,0,35.83764858,-100.2703577,48211.0,4896.569782665621,0.5347593582887701,186,181,1,0,180,165,3825,6,0,0,6,16
2020-11-05,US,Texas,Henderson,1393,38,0,32.21128872,-95.85846587,48213.0,1683.6481864220361,2.727925340990668,1355,1358,36,0,1322,1358,82299,35,2,0,33,0
2020-11-05,US,Texas,Hidalgo,36493,1969,0,26.39418217,-98.18299696,48215.0,4200.841020044733,5.395555311977639,34524,36277,1967,0,34310,36147,865939,216,2,0,214,130
2020-11-05,US,Texas,Hill,907,16,0,31.99045053,-97.13423143,48217.0,2474.828781140004,1.7640573318632855,891,901,16,0,885,885,36354,6,0,0,6,16
2020-11-05,US,Texas,Hockley,924,23,0,33.60771256,-102.3431676,48219.0,4013.7265974544985,2.4891774891774894,901,861,22,0,839,825,22980,63,1,0,62,36
2020-11-05,US,Texas,Hood,1269,42,0,32.42990927,-97.83242024,48221.0,2058.627905844946,3.309692671394799,1227,1260,41,0,1219,1256,60537,9,1,0,8,4
2020-11-05,US,Texas,Hopkins,718,42,0,33.14875072,-95.56351139,48223.0,1936.1449681803479,5.8495821727019495,676,703,42,0,661,700,36810,15,0,0,15,3
2020-11-05,US,Texas,Houston,435,14,0,31.31925973,-95.42226208,48225.0,1893.939393939394,3.218390804597701,421,433,14,0,419,433,23169,2,0,0,2,0
2020-11-05,US,Texas,Howard,1245,22,0,32.30621324,-101.4356444,48227.0,3395.7015055640413,1.7670682730923697,1223,1231,22,0,1209,1231,36459,14,0,0,14,0
2020-11-05,US,Texas,Hudspeth,119,3,0,31.45628381,-105.388178,48229.0,2435.5300859598856,2.5210084033613445,116,119,3,0,116,116,4795,0,0,0,0,3
2020-11-05,US,Texas,Hunt,2155,48,0,33.12351514,-96.08551032,48231.0,2185.7313832484733,2.2273781902552203,2107,2125,48,0,2077,2095,96493,30,0,0,30,30
2020-11-05,US,Texas,Hutchinson,406,9,0,35.84006574,-101.3546643,48233.0,1939.0581717451525,2.2167487684729066,397,399,8,0,391,382,21198,7,1,0,6,17
2020-11-05,US,Texas,Irion,14,0,0,31.30375559,-100.982439,48235.0,911.4583333333336,0.0,14,14,0,0,14,14,1522,0,0,0,0,0
2020-11-05,US,Texas,Jack,159,3,0,33.23377248,-98.17283469,48237.0,1779.5187465025185,1.8867924528301887,156,158,3,0,155,158,8843,1,0,0,1,0
2020-11-05,US,Texas,Jackson,670,16,0,28.95472367,-96.57749563,48239.0,4539.29539295393,2.388059701492537,654,669,16,0,653,666,14874,1,0,0,1,3
2020-11-05,US,Texas,Jasper,524,34,0,30.74685667,-94.02667579,48241.0,1474.8515297362715,6.4885496183206115,490,523,34,0,489,522,35872,1,0,0,1,1
2020-11-05,US,Texas,Jeff Davis,23,0,0,30.71490589,-104.1399973,48243.0,1011.433597185576,0.0,23,23,0,0,23,23,2252,0,0,0,0,0
2020-11-05,US,Texas,Jefferson,8659,158,0,29.8832777,-94.16434171,48245.0,3442.0527497863372,1.824691072872156,8501,8548,157,0,8391,8548,255001,111,1,0,110,0
2020-11-05,US,Texas,Jim Hogg,185,7,0,27.04453923,-98.69681870000001,48247.0,3557.6923076923076,3.783783783783784,178,184,6,0,178,184,5248,1,1,0,0,0
2020-11-05,US,Texas,Jim Wells,1777,52,0,27.73103938,-98.0904705,48249.0,4389.60525665728,2.9262802476083287,1725,1757,52,0,1705,1748,40822,20,0,0,20,9
2020-11-05,US,Texas,Johnson,3972,69,0,32.37877812,-97.36615819,48251.0,2259.167202261442,1.7371601208459215,3903,3926,68,0,3858,3903,171361,46,1,0,45,23
2020-11-05,US,Texas,Jones,612,3,0,32.73997145,-99.87861576,48253.0,3047.353483045362,0.4901960784313725,609,616,3,0,613,613,19817,-4,0,0,-4,3
2020-11-05,US,Texas,Karnes,965,18,0,28.90705334,-97.85960149,48255.0,6185.500929427602,1.865284974093264,947,962,18,0,944,961,15650,3,0,0,3,1
2020-11-05,US,Texas,Kaufman,3726,62,0,32.599141700000004,-96.28734728,48257.0,2736.6070772801386,1.663982823403113,3664,3699,61,0,3638,3683,128622,27,1,0,26,16
2020-11-05,US,Texas,Kendall,395,11,0,29.94414155,-98.7113588,48259.0,832.7886825072211,2.7848101265822787,384,392,11,0,381,392,45641,3,0,0,3,0
2020-11-05,US,Texas,Kenedy,11,2,0,26.92601662,-97.66413984,48261.0,2722.772277227723,18.181818181818183,9,11,2,0,9,11,442,0,0,0,0,0
2020-11-05,US,Texas,Kent,12,0,0,33.18104136,-100.7780939,48263.0,1574.803149606299,0.0,12,12,0,0,12,12,726,0,0,0,0,0
2020-11-05,US,Texas,Kerr,736,15,0,30.06040006,-99.34930144,48265.0,1399.2395437262358,2.0380434782608696,721,728,15,0,713,714,52405,8,0,0,8,14
2020-11-05,US,Texas,Kimble,34,2,0,30.48678918,-99.74856473,48267.0,783.9520405810467,5.882352941176472,32,34,2,0,32,33,4362,0,0,0,0,1
2020-11-05,US,Texas,King,1,0,0,33.61643847,-100.2558057,48269.0,367.6470588235293,0.0,1,1,0,0,1,1,277,0,0,0,0,0
2020-11-05,US,Texas,Kinney,79,1,0,29.34967888,-100.41866379999999,48271.0,2154.3496045814013,1.2658227848101269,78,79,1,0,78,79,3767,0,0,0,0,0
2020-11-05,US,Texas,Kleberg,1045,54,0,27.42435506,-97.69894948,48273.0,3406.12777053455,5.167464114832536,991,1042,54,0,988,1036,31129,3,0,0,3,6
2020-11-05,US,Texas,Knox,114,9,0,33.60519951,-99.74229059999999,48275.0,3111.353711790393,7.894736842105262,105,114,9,0,105,114,3653,0,0,0,0,0
2020-11-05,US,Texas,La Salle,383,14,0,28.34453111,-99.09908775,48283.0,5093.08510638298,3.655352480417754,369,382,13,0,369,382,7531,1,1,0,0,0
2020-11-05,US,Texas,Lamar,2017,50,0,33.66981763,-95.57404777,48277.0,4045.4080507029826,2.478929102627665,1967,1990,49,0,1941,1953,49728,27,1,0,26,37
2020-11-05,US,Texas,Lamb,675,26,0,34.06859623,-102.35162890000001,48279.0,5235.399053750097,3.851851851851852,649,628,25,0,603,616,13158,47,1,0,46,12
2020-11-05,US,Texas,Lampasas,329,9,0,31.19531316,-98.24206613,48281.0,1535.3742766473777,2.735562310030395,320,325,9,0,316,325,21229,4,0,0,4,0
2020-11-05,US,Texas,Lavaca,1194,39,0,29.38508402,-96.93186692,48285.0,5924.382256623995,3.266331658291457,1155,1190,39,0,1151,1182,20110,4,0,0,4,8
2020-11-05,US,Texas,Lee,249,15,0,30.31120597,-96.97045773,48287.0,1444.3993271071408,6.024096385542169,234,249,14,0,235,246,17144,0,1,0,-1,3
2020-11-05,US,Texas,Leon,394,12,0,31.29872538,-95.9936328,48289.0,2263.8473914042747,3.045685279187817,382,388,12,0,376,376,17270,6,0,0,6,12
2020-11-05,US,Texas,Liberty,2320,59,0,30.15152688,-94.81205615,48291.0,2629.818973237058,2.5431034482758617,2261,2323,59,0,2264,2316,86323,-3,0,0,-3,7
2020-11-05,US,Texas,Limestone,695,16,0,31.5454767,-96.58095444,48293.0,2965.3965951273626,2.302158273381295,679,692,16,0,676,688,23519,3,0,0,3,4
2020-11-05,US,Texas,Lipscomb,76,1,0,36.27783108,-100.27331509999999,48295.0,2350.757810083514,1.3157894736842106,75,75,1,0,74,74,3355,1,0,0,1,1
2020-11-05,US,Texas,Live Oak,394,10,0,28.35101362,-98.1246786,48297.0,3227.656262800033,2.538071065989848,384,393,10,0,383,393,12166,1,0,0,1,0
2020-11-05,US,Texas,Llano,212,3,0,30.70645047,-98.68475262,48299.0,972.7001605872906,1.4150943396226414,209,204,3,0,201,194,21646,8,0,0,8,10
2020-11-05,US,Texas,Lubbock,21319,209,0,33.61008596,-101.82047890000001,48303.0,6864.497100483307,0.9803461700830244,21110,20788,204,0,20584,20328,307412,531,5,0,526,460
2020-11-05,US,Texas,Lynn,229,6,0,33.17657705,-101.8162849,48305.0,3848.0927575197447,2.6200873362445414,223,213,6,0,207,213,5877,16,0,0,16,0
2020-11-05,US,Texas,Madison,784,8,0,30.96694679,-95.93003775,48313.0,5488.658639036686,1.020408163265306,776,779,8,0,771,771,14422,5,0,0,5,8
2020-11-05,US,Texas,Marion,174,14,0,32.79868409,-94.35661230000001,48315.0,1765.7803937487313,8.045977011494253,160,174,14,0,160,174,9928,0,0,0,0,0
2020-11-05,US,Texas,Martin,101,7,0,32.30600051,-101.9513518,48317.0,1750.129960145555,6.9306930693069315,94,100,7,0,93,96,5753,1,0,0,1,4
2020-11-05,US,Texas,Mason,85,2,0,30.71780434,-99.22629416,48319.0,1988.7693027608802,2.3529411764705883,83,84,2,0,82,83,4280,1,0,0,1,1
2020-11-05,US,Texas,Matagorda,1130,55,0,28.81955746,-96.01230294,48321.0,3083.808640122261,4.867256637168142,1075,1130,54,0,1076,1126,36552,0,1,0,-1,4
2020-11-05,US,Texas,Maverick,4401,158,0,28.7429195,-100.3157686,48323.0,7494.635741289467,3.590093160645308,4243,4365,153,0,4212,4363,58485,36,5,0,31,2
2020-11-05,US,Texas,McCulloch,225,5,0,31.1925468,-99.34682807,48307.0,2818.1362725450904,2.2222222222222223,220,223,5,0,218,222,7987,2,0,0,2,1
2020-11-05,US,Texas,McLennan,10674,147,0,31.55255453,-97.20217694,48309.0,4159.408938403806,1.3771781899943794,10527,10528,147,0,10381,10450,254607,146,0,0,146,78
2020-11-05,US,Texas,McMullen,25,1,0,28.35251708,-98.56769164,48311.0,3364.737550471063,4.0,24,25,1,0,24,25,749,0,0,0,0,0
2020-11-05,US,Texas,Medina,1296,49,0,29.355730100000002,-99.11030298,48325.0,2512.406947890819,3.780864197530864,1247,1293,49,0,1244,1292,50921,3,0,0,3,1
2020-11-05,US,Texas,Menard,80,0,0,30.88990665,-99.82047940000001,48327.0,3741.814780168381,0.0,80,78,0,0,78,78,2139,2,0,0,2,0
2020-11-05,US,Texas,Midland,5843,98,0,31.86904128,-102.03156820000001,48329.0,3304.266196163591,1.6772206058531576,5745,5843,98,0,5745,5843,172578,0,0,0,0,0
2020-11-05,US,Texas,Milam,556,8,0,30.78581830000001,-96.97718698,48331.0,2239.858196027877,1.4388489208633093,548,552,8,0,544,552,25131,4,0,0,4,0
2020-11-05,US,Texas,Mills,87,2,0,31.49557106,-98.59272068,48333.0,1785.3478350092346,2.2988505747126435,85,84,2,0,82,80,4921,3,0,0,3,4
2020-11-05,US,Texas,Mitchell,223,3,0,32.30623474,-100.9212058,48335.0,2609.713282621416,1.345291479820628,220,220,2,0,218,212,8145,3,1,0,2,8
2020-11-05,US,Texas,Montague,323,9,0,33.67521893,-97.72500958,48337.0,1629.831466343728,2.7863777089783284,314,314,8,0,306,309,19596,9,1,0,8,5
2020-11-05,US,Texas,Montgomery,14280,184,0,30.30079133,-95.50572772,48339.0,2351.0391164834514,1.288515406162465,14096,14224,183,0,14041,14231,590925,56,1,0,55,-7
2020-11-05,US,Texas,Moore,1406,23,0,35.83769242,-101.8930281,48341.0,6714.422158548233,1.635846372688478,1383,1380,22,0,1358,1372,21485,26,1,0,25,8
2020-11-05,US,Texas,Morris,240,5,0,33.11304005,-94.73255695,48343.0,1937.3587342589608,2.083333333333333,235,240,5,0,235,240,12339,0,0,0,0,0
2020-11-05,US,Texas,Motley,18,0,0,34.07408766,-100.77972199999999,48345.0,1500.0,0.0,18,17,0,0,17,17,1234,1,0,0,1,0
2020-11-05,US,Texas,Nacogdoches,1843,73,0,31.62017125,-94.61803994,48347.0,2826.513710815288,3.96093326098752,1770,1837,72,0,1765,1827,65711,6,1,0,5,10
2020-11-05,US,Texas,Navarro,1488,34,0,32.04620681,-96.47428766,48349.0,2969.2894059425707,2.28494623655914,1454,1484,34,0,1450,1480,49565,4,0,0,4,4
2020-11-05,US,Texas,Newton,190,14,0,30.78548982,-93.74408813,48351.0,1397.5726369988965,7.36842105263158,176,190,14,0,176,190,13746,0,0,0,0,0
2020-11-05,US,Texas,Nolan,466,7,0,32.30365282,-100.4060208,48353.0,3167.051787413348,1.502145922746781,459,457,7,0,450,448,14751,9,0,0,9,9
2020-11-05,US,Texas,Nueces,21583,451,0,27.736286,-97.5433285,48355.0,5957.316433614687,2.089607561506741,21132,21510,450,0,21060,21465,362265,73,1,0,72,45
2020-11-05,US,Texas,Ochiltree,341,5,0,36.27829105,-100.8158184,48357.0,3466.856445709638,1.4662756598240467,336,341,5,0,336,341,9947,0,0,0,0,0
2020-11-05,US,Texas,Oldham,28,2,0,35.40425596,-102.6027606,48359.0,1325.7575757575758,7.142857142857142,26,28,2,0,26,28,2131,0,0,0,0,0
2020-11-05,US,Texas,Orange,2296,47,0,30.11879481,-93.89412775,48361.0,2753.129646505828,2.047038327526133,2249,2267,47,0,2220,2267,83572,29,0,0,29,0
2020-11-05,US,Texas,Palo Pinto,768,23,0,32.75310985,-98.31319001,48363.0,2631.128164719586,2.9947916666666665,745,765,23,0,742,762,28875,3,0,0,3,3
2020-11-05,US,Texas,Panola,494,31,0,32.163959600000005,-94.30552481,48365.0,2129.861170992498,6.275303643724698,463,493,31,0,462,490,23148,1,0,0,1,3
2020-11-05,US,Texas,Parker,2631,55,0,32.77757172,-97.80500621,48367.0,1841.4311510519465,2.0904599011782588,2576,2598,54,0,2544,2593,138371,33,1,0,32,5
2020-11-05,US,Texas,Parmer,612,20,0,34.52993409,-102.78446679999999,48369.0,6371.681415929204,3.2679738562091503,592,609,19,0,590,595,9864,3,1,0,2,14
2020-11-05,US,Texas,Pecos,549,10,0,30.78097267,-102.72412609999999,48371.0,3469.6328129937433,1.8214936247723128,539,533,8,0,525,526,15673,16,2,0,14,7
2020-11-05,US,Texas,Polk,931,39,0,30.79472531,-94.82766240000001,48373.0,1812.9417950265808,4.189044038668098,892,926,39,0,887,926,50031,5,0,0,5,0
2020-11-05,US,Texas,Potter,9226,117,0,35.40133773,-101.893964,48375.0,7857.599114252864,1.2681552135269891,9109,9019,108,0,8911,8766,119648,207,9,0,198,253
2020-11-05,US,Texas,Presidio,188,7,0,29.99954402,-104.24080790000001,48377.0,2804.2959427207647,3.723404255319149,181,183,7,0,176,180,6948,5,0,0,5,3
2020-11-05,US,Texas,Rains,103,5,0,32.87109387,-95.79232691,48379.0,823.0781524692345,4.854368932038835,98,97,5,0,92,97,12159,6,0,0,6,0
2020-11-05,US,Texas,Randall,6508,62,0,34.96585996,-101.8971322,48381.0,4725.770261340615,0.9526736324523664,6446,6212,59,0,6153,5906,136271,296,3,0,293,306
2020-11-05,US,Texas,Reagan,98,6,0,31.36607041,-101.52326590000001,48383.0,2546.115874253053,6.1224489795918355,92,98,6,0,92,97,3741,0,0,0,0,1
2020-11-05,US,Texas,Real,126,8,0,29.83321503,-99.82018052,48385.0,3650.057937427578,6.349206349206349,118,126,8,0,118,126,3478,0,0,0,0,0
2020-11-05,US,Texas,Red River,208,17,0,33.61886692,-95.04841765,48387.0,1730.0174665224986,8.173076923076923,191,204,17,0,187,202,12175,4,0,0,4,2
2020-11-05,US,Texas,Reeves,295,7,0,31.32323325,-103.69038959999999,48389.0,1846.5197796695045,2.3728813559322037,288,292,7,0,285,292,15695,3,0,0,3,0
2020-11-05,US,Texas,Refugio,321,16,0,28.323897600000002,-97.15766311,48391.0,4620.034542314334,4.984423676012462,305,321,16,0,305,314,7032,0,0,0,0,7
2020-11-05,US,Texas,Roberts,15,0,0,35.83809685,-100.813175,48393.0,1756.440281030445,0.0,15,15,0,0,15,15,903,0,0,0,0,0
2020-11-05,US,Texas,Robertson,442,4,0,31.02539637,-96.51272246,48395.0,2588.73140447464,0.9049773755656108,438,441,4,0,437,436,17284,1,0,0,1,5
2020-11-05,US,Texas,Rockwall,2098,34,0,32.89779518,-96.40771592,48397.0,1999.7140542343798,1.6205910390848428,2064,2059,33,0,2026,2046,100657,39,1,0,38,13
2020-11-05,US,Texas,Runnels,309,9,0,31.8314342,-99.97616148,48399.0,3010.5222135619642,2.9126213592233015,300,308,9,0,299,307,10234,1,0,0,1,1
2020-11-05,US,Texas,Rusk,1060,28,0,32.10773545,-94.76176432,48401.0,1948.314524133368,2.641509433962264,1032,1057,28,0,1029,1057,54450,3,0,0,3,0
2020-11-05,US,Texas,Sabine,109,9,0,31.34318809,-93.85440451,48403.0,1033.959400493265,8.256880733944952,100,106,9,0,97,105,10589,3,0,0,3,1
2020-11-05,US,Texas,San Augustine,222,15,0,31.39457611,-94.17000399,48405.0,2695.156003399296,6.756756756756758,207,222,15,0,207,222,8232,0,0,0,0,0
2020-11-05,US,Texas,San Jacinto,244,14,0,30.57933681,-95.16260304,48407.0,845.4901417235526,5.737704918032787,230,242,14,0,228,242,28719,2,0,0,2,0
2020-11-05,US,Texas,San Patricio,1592,82,0,28.00880118,-97.51763891,48409.0,2385.7335531245317,5.150753768844222,1510,1592,82,0,1510,1592,66893,0,0,0,0,0
2020-11-05,US,Texas,San Saba,247,4,0,31.1577796,-98.81758731,48411.0,4079.273327828241,1.6194331983805668,243,246,4,0,242,243,6054,1,0,0,1,3
2020-11-05,US,Texas,Schleicher,56,2,0,30.89740592,-100.5384842,48413.0,2005.0125313283206,3.571428571428572,54,55,2,0,53,55,2895,1,0,0,1,0
2020-11-05,US,Texas,Scurry,1208,16,0,32.74613808,-100.91626640000001,48415.0,7232.233730467579,1.3245033112582782,1192,1194,16,0,1178,1167,16866,14,0,0,14,27
2020-11-05,US,Texas,Shackelford,42,0,0,32.73587756,-99.35401337,48417.0,1286.3705972434916,0.0,42,40,0,0,40,40,3253,2,0,0,2,0
2020-11-05,US,Texas,Shelby,563,32,0,31.79211404,-94.14550696,48419.0,2227.5856611537547,5.683836589698046,531,563,32,0,531,561,25418,0,0,0,0,2
2020-11-05,US,Texas,Sherman,80,1,0,36.27751473,-101.8933156,48421.0,2647.253474520185,1.25,79,79,1,0,78,79,3079,1,0,0,1,0
2020-11-05,US,Texas,Smith,4773,147,0,32.37474036,-95.27175679999999,48423.0,2050.6893633110058,3.0798240100565684,4626,4682,146,0,4536,4682,230221,91,1,0,90,0
2020-11-05,US,Texas,Somervell,174,5,0,32.22236802,-97.77403489,48425.0,1906.222611744084,2.8735632183908044,169,165,5,0,160,165,9016,9,0,0,9,0
2020-11-05,US,Texas,Starr,3604,186,0,26.56150059,-98.73892358,48427.0,5576.098896848361,5.160932297447282,3418,3603,186,0,3417,3585,64525,1,0,0,1,18
2020-11-05,US,Texas,Stephens,172,5,0,32.73553157,-98.83631615,48429.0,1836.4296391202224,2.9069767441860463,167,171,5,0,166,170,9433,1,0,0,1,1
2020-11-05,US,Texas,Sterling,23,0,0,31.82781912,-101.05007459999999,48431.0,1781.5646785437646,0.0,23,23,0,0,23,21,1311,0,0,0,0,2
2020-11-05,US,Texas,Stonewall,21,1,0,33.17906744,-100.25384009999999,48433.0,1555.5555555555554,4.761904761904762,20,21,1,0,20,21,1362,0,0,0,0,0
2020-11-05,US,Texas,Sutton,120,3,0,30.49856623,-100.5382014,48435.0,3177.966101694916,2.5,117,116,3,0,113,115,3758,4,0,0,4,1
2020-11-05,US,Texas,Swisher,167,5,0,34.53028891,-101.73491740000001,48437.0,2257.672029201028,2.9940119760479043,162,164,5,0,159,162,7462,3,0,0,3,2
2020-11-05,US,Texas,Tarrant,71166,861,0,32.77143818,-97.29101614,48439.0,3384.803437787602,1.209847399038867,70305,70228,850,0,69378,69519,2084931,938,11,0,927,709
2020-11-05,US,Texas,Taylor,2424,76,0,32.30163422,-99.89007449,48441.0,1756.0890795021514,3.1353135313531357,2348,2392,73,0,2319,2344,137640,32,3,0,29,48
2020-11-05,US,Texas,Terrell,7,0,0,30.22429013,-102.0766732,48443.0,902.0618556701033,0.0,7,4,0,0,4,4,823,3,0,0,3,0
2020-11-05,US,Texas,Terry,674,10,0,33.17402785,-102.3354521,48445.0,5463.240658182704,1.483679525222552,664,652,10,0,642,641,12287,22,0,0,22,11
2020-11-05,US,Texas,Throckmorton,20,2,0,33.17751417,-99.21226795,48447.0,1332.4450366422384,10.0,18,19,2,0,17,19,1515,1,0,0,1,0
2020-11-05,US,Texas,Titus,1757,37,0,33.21339719,-94.96797273,48449.0,5364.885496183206,2.105862265224815,1720,1757,37,0,1720,1757,33033,0,0,0,0,0
2020-11-05,US,Texas,Tom Green,5386,84,0,31.40464436,-100.46244300000001,48451.0,4518.456375838926,1.5595989602673601,5302,5278,82,0,5196,5184,118189,108,2,0,106,94
2020-11-05,US,Texas,Travis,32748,456,0,30.33432034,-97.78535620000001,48453.0,2570.5794714722824,1.392451447416636,32292,32605,456,0,32149,32451,1248743,143,0,0,143,154
2020-11-05,US,Texas,Trinity,210,8,0,31.0879489,-95.1367187,48455.0,1433.349259436216,3.809523809523809,202,210,8,0,202,210,14740,0,0,0,0,0
2020-11-05,US,Texas,Tyler,276,4,0,30.77031716,-94.37690895,48457.0,1273.5326688815062,1.4492753623188406,272,276,4,0,272,276,21696,0,0,0,0,0
2020-11-05,US,Texas,Upshur,530,15,0,32.73706798,-94.93999853,48459.0,1269.3698656383972,2.830188679245283,515,521,15,0,506,519,41260,9,0,0,9,2
2020-11-05,US,Texas,Upton,29,4,0,31.36868194,-102.0423217,48461.0,792.9997265518184,13.79310344827586,25,28,4,0,24,28,3671,1,0,0,1,0
2020-11-05,US,Texas,Uvalde,860,37,0,29.35739637,-99.76229172,48463.0,3216.0353015967985,4.3023255813953485,823,855,37,0,818,853,26846,5,0,0,5,2
2020-11-05,US,Texas,Val Verde,2720,129,0,29.89149232,-101.1525205,48465.0,5548.189699133094,4.742647058823528,2591,2701,129,0,2572,2637,49208,19,0,0,19,64
2020-11-05,US,Texas,Van Zandt,757,31,0,32.56483801,-95.83766469,48467.0,1337.6921717617954,4.095112285336857,726,726,29,0,697,726,56019,31,2,0,29,0
2020-11-05,US,Texas,Victoria,4375,98,0,28.79780988,-96.96813006,48469.0,4751.096824638374,2.24,4277,4340,98,0,4242,4324,92035,35,0,0,35,16
2020-11-05,US,Texas,Walker,3939,64,0,30.73872995,-95.57440968,48471.0,5398.034835756671,1.6247778624016247,3875,3953,64,0,3889,3946,72480,-14,0,0,-14,7
2020-11-05,US,Texas,Waller,1019,17,0,30.01058447,-95.99011759,48473.0,1844.477428230099,1.6683022571148185,1002,1019,17,0,1002,1015,53126,0,0,0,0,4
2020-11-05,US,Texas,Ward,179,2,0,31.50999644,-103.09279090000001,48475.0,1491.91531921987,1.11731843575419,177,176,2,0,174,175,11720,3,0,0,3,1
2020-11-05,US,Texas,Washington,744,50,0,30.21498498,-96.40946246,48477.0,2073.4630176690257,6.720430107526883,694,725,50,0,675,722,35108,19,0,0,19,3
2020-11-05,US,Texas,Webb,15656,361,0,27.7610369,-99.33237355,48479.0,5659.095180949352,2.3058252427184467,15295,15539,358,0,15181,15477,275910,117,3,0,114,62
2020-11-05,US,Texas,Wharton,1457,60,0,29.27765923,-96.22319248,48481.0,3506.112234093753,4.1180507892930684,1397,1455,60,0,1395,1452,41619,2,0,0,2,3
2020-11-05,US,Texas,Wheeler,128,0,0,35.40114335,-100.26995140000001,48483.0,2531.645569620253,0.0,128,114,0,0,114,98,5191,14,0,0,14,16
2020-11-05,US,Texas,Wichita,4431,58,0,33.98842886,-98.70410340000001,48485.0,3350.979354155638,1.3089596027984651,4373,4292,53,0,4239,4189,132064,139,5,0,134,103
2020-11-05,US,Texas,Wilbarger,417,4,0,34.07945812,-99.24178437,48487.0,3265.721669668729,0.9592326139088728,413,408,4,0,404,408,12820,9,0,0,9,0
2020-11-05,US,Texas,Willacy,1265,57,0,26.47411727,-97.61535848,48489.0,5922.839217155163,4.5059288537549405,1208,1265,57,0,1208,1252,21515,0,0,0,0,13
2020-11-05,US,Texas,Williamson,9815,159,0,30.64655664,-97.60048540000001,48491.0,1662.0071763488675,1.6199694345389708,9656,9755,157,0,9598,9708,566719,60,2,0,58,47
2020-11-05,US,Texas,Wilson,1007,28,0,29.1732598,-98.08693082,48493.0,1971.8034070883105,2.780536246276068,979,1006,28,0,978,1005,50224,1,0,0,1,1
2020-11-05,US,Texas,Winkler,161,5,0,31.85008651,-103.04851629999999,48495.0,2009.987515605493,3.1055900621118013,156,154,5,0,149,153,7720,7,0,0,7,1
2020-11-05,US,Texas,Wise,1022,16,0,33.21570665,-97.65460265,48497.0,1460.333790580704,1.5655577299412915,1006,1004,16,0,988,998,68305,18,0,0,18,6
2020-11-05,US,Texas,Wood,693,42,0,32.78722382,-95.38236368,48499.0,1521.7725466084014,6.0606060606060606,651,672,42,0,630,672,45129,21,0,0,21,0
2020-11-05,US,Texas,Yoakum,405,7,0,33.17320212,-102.82764329999999,48501.0,4648.22678755882,1.728395061728395,398,389,7,0,382,378,8591,16,0,0,16,11
2020-11-05,US,Texas,Young,658,11,0,33.17659707,-98.68790885,48503.0,3653.5258189894494,1.6717325227963526,647,643,11,0,632,634,18045,15,0,0,15,9
2020-11-05,US,Texas,Zapata,361,9,0,27.00156391,-99.16987152,48505.0,2546.018760138233,2.4930747922437675,352,361,9,0,352,361,14190,0,0,0,0,0
2020-11-05,US,Texas,Zavala,478,19,0,28.86617238,-99.76050829,48507.0,4037.162162162162,3.97489539748954,459,476,19,0,457,474,11983,2,0,0,2,2
2020-11-05,US,Utah,Bear River,5960,20,0,41.52106798,-113.08328159999999,0.0,3190.270744789046,0.3355704697986577,5940,5855,20,0,5835,5721,,105,0,0,105,134
2020-11-05,US,Utah,Central Utah,1524,11,0,39.37231946,-111.5758676,0.0,1859.5797642579982,0.7217847769028871,1513,1500,11,0,1489,1443,,24,0,0,24,57
2020-11-05,US,Utah,Davis,9769,44,0,40.99001837,-112.1139997,49011.0,2748.107493790104,0.4504043402600061,9725,9456,43,0,9413,9266,351713,313,1,0,312,190
2020-11-05,US,Utah,Salt Lake,53149,320,0,40.66616532,-111.92160109999999,49035.0,4580.084916285848,0.6020809422566746,52829,51985,317,0,51668,51124,1152633,1164,3,0,1161,861
2020-11-05,US,Utah,San Juan,853,30,0,37.62762978,-109.80337140000002,49037.0,5572.249804024039,3.5169988276670576,823,849,30,0,819,847,15449,4,0,0,4,2
2020-11-05,US,Utah,Southeast Utah,643,6,0,38.99617072,-110.70139579999999,0.0,1598.3494494021725,0.9331259720062208,637,626,6,0,620,606,,17,0,0,17,20
2020-11-05,US,Utah,Southwest Utah,7019,58,0,37.85447192,-111.4418764,0.0,2784.853318097777,0.8263285368286081,6961,6880,58,0,6822,6741,,139,0,0,139,139
2020-11-05,US,Utah,Summit,1592,1,0,40.86688146,-110.9535882,49043.0,3777.435045675644,0.06281407035175879,1591,1574,1,0,1573,1547,41933,18,0,0,18,27
2020-11-05,US,Utah,Tooele,1703,6,0,40.44862644,-113.12957150000001,49045.0,2356.7998450020073,0.35231943628890194,1697,1672,5,0,1667,1635,69907,31,1,0,30,37
2020-11-05,US,Utah,TriCounty,645,3,0,40.12491499,-109.5174415,0.0,1139.1331991098864,0.4651162790697674,642,627,3,0,624,597,,18,0,0,18,30
2020-11-05,US,Utah,Utah,32248,88,0,40.116672200000004,-111.66576620000001,49049.0,5068.567431845152,0.2728851401637311,32160,31502,86,0,31416,31095,622213,746,2,0,744,407
2020-11-05,US,Utah,Wasatch,1284,9,0,40.33110236,-111.1691419,49051.0,3766.38995629345,0.7009345794392523,1275,1268,9,0,1259,1259,33240,16,0,0,16,9
2020-11-05,US,Utah,Weber-Morgan,7903,36,0,41.27116049,-111.9145117,0.0,2901.9193132038613,0.4555232190307478,7867,7691,36,0,7655,7494,,212,0,0,212,197
2020-11-05,US,Vermont,Addison,129,2,0,44.03217337,-73.14130877,50001.0,350.76270495146423,1.5503875968992251,127,126,2,0,124,125,36973,3,0,0,3,1
2020-11-05,US,Vermont,Bennington,144,1,0,43.03519828,-73.09048868,50003.0,405.97688187200447,0.6944444444444444,143,144,1,0,143,142,35631,0,0,0,0,2
2020-11-05,US,Vermont,Caledonia,48,0,0,44.46548598,-72.10314651,50005.0,160.0373420464775,0.0,48,47,0,0,47,48,30302,1,0,0,1,-1
2020-11-05,US,Vermont,Chittenden,1076,39,0,44.46322849,-73.08359212,50007.0,657.0029430800981,3.62453531598513,1037,1057,39,0,1018,1038,164572,19,0,0,19,19
2020-11-05,US,Vermont,Essex,15,0,0,44.72736416,-71.73579864,50009.0,243.38796040889184,0.0,15,13,0,0,13,11,6250,2,0,0,2,2
2020-11-05,US,Vermont,Franklin,144,7,0,44.85627605,-72.91249563,50011.0,291.48617464879965,4.861111111111111,137,143,7,0,136,143,49421,1,0,0,1,0
2020-11-05,US,Vermont,Grand Isle,18,0,0,44.797582399999996,-73.29679772,50013.0,248.790601243953,0.0,18,17,0,0,17,17,7090,1,0,0,1,0
2020-11-05,US,Vermont,Lamoille,63,1,0,44.60353043,-72.64356694,50015.0,248.403122782115,1.5873015873015872,62,63,1,0,62,63,25300,0,0,0,0,0
2020-11-05,US,Vermont,Orange,40,0,0,44.00470222,-72.37640104,50017.0,138.44662882458812,0.0,40,40,0,0,40,40,28999,0,0,0,0,0
2020-11-05,US,Vermont,Orleans,49,0,0,44.82964024,-72.24562697,50019.0,181.23312497688354,0.0,49,45,0,0,45,43,26907,4,0,0,4,2
2020-11-05,US,Vermont,Rutland,139,1,0,43.57723578,-73.03741676,50021.0,238.86855355639187,0.7194244604316546,138,138,1,0,137,138,58672,1,0,0,1,0
2020-11-05,US,Vermont,Unassigned,9,0,0,0.0,0.0,90050.0,0.0,0.0,9,9,0,0,9,9,,0,0,0,0,0
2020-11-05,US,Vermont,Washington,145,2,0,44.27343241,-72.61604978,50023.0,248.2494136177644,1.3793103448275863,143,141,2,0,139,138,58140,4,0,0,4,3
2020-11-05,US,Vermont,Windham,156,3,0,42.986982,-72.71268875,50025.0,369.47562881909903,1.9230769230769231,153,156,3,0,153,154,42756,0,0,0,0,2
2020-11-05,US,Vermont,Windsor,128,2,0,43.58010937,-72.58595157,50027.0,232.46522102357346,1.5625,126,128,2,0,126,128,55286,0,0,0,0,0
2020-11-05,US,Virginia,Accomack,1236,19,0,37.76707161,-75.63234615,51001.0,3824.7307835128113,1.5372168284789645,1217,1232,19,0,1213,1229,32412,4,0,0,4,3
2020-11-05,US,Virginia,Albemarle,1627,24,0,38.02080697,-78.55481085,51003.0,1488.1551266806916,1.4751075599262446,1603,1623,24,0,1599,1619,108718,4,0,0,4,4
2020-11-05,US,Virginia,Alexandria,4413,76,0,38.814003,-77.08183073,51510.0,2768.020673909225,1.722184455019261,4337,4391,74,0,4317,4377,160530,22,2,0,20,14
2020-11-05,US,Virginia,Alleghany,161,4,0,37.78636074,-80.00222498,51005.0,1083.4454912516824,2.4844720496894412,157,161,4,0,157,154,14910,0,0,0,0,7
2020-11-05,US,Virginia,Amelia,151,6,0,37.34081025,-77.98584649,51007.0,1148.7257512362116,3.9735099337748334,145,151,6,0,145,151,13013,0,0,0,0,0
2020-11-05,US,Virginia,Amherst,639,6,0,37.60308293,-79.14548696,51009.0,2021.8319886093973,0.9389671361502347,633,633,6,0,627,633,31666,6,0,0,6,0
2020-11-05,US,Virginia,Appomattox,324,6,0,37.37569884,-78.81340003,51011.0,2036.327069323109,1.851851851851852,318,321,6,0,315,317,15841,3,0,0,3,4
2020-11-05,US,Virginia,Arlington,4872,154,0,38.8767675,-77.10139853,51013.0,2057.0675809189247,3.160919540229885,4718,4854,154,0,4700,4813,237521,18,0,0,18,41
2020-11-05,US,Virginia,Augusta,742,9,0,38.16404586,-79.12461614,51015.0,982.0270520659627,1.2129380053908356,733,736,9,0,727,732,75457,6,0,0,6,4
2020-11-05,US,Virginia,Bath,28,0,0,38.05852573,-79.73912095,51017.0,675.1868820834337,0.0,28,28,0,0,28,27,4292,0,0,0,0,1
2020-11-05,US,Virginia,Bedford,1370,18,0,37.3080028,-79.5281964,51019.0,1734.2430725217416,1.313868613138686,1352,1352,18,0,1334,1330,78747,18,0,0,18,22
2020-11-05,US,Virginia,Bland,89,5,0,37.13128068,-81.13599391,51021.0,1417.1974522292996,5.617977528089888,84,84,5,0,79,84,6293,5,0,0,5,0
2020-11-05,US,Virginia,Botetourt,514,13,0,37.55531756,-79.80982182,51023.0,1538.0472186480747,2.5291828793774314,501,508,13,0,495,491,33277,6,0,0,6,17
2020-11-05,US,Virginia,Bristol,343,7,0,36.616302399999995,-82.16359122,51520.0,2046.2951915045933,2.0408163265306123,336,326,7,0,319,326,16482,17,0,0,17,0
2020-11-05,US,Virginia,Brunswick,434,5,0,36.76366949,-77.8593436,51025.0,2673.895631815661,1.1520737327188941,429,432,5,0,427,427,16384,2,0,0,2,5
2020-11-05,US,Virginia,Buchanan,283,4,0,37.26818323,-82.03749726,51027.0,1347.362407160541,1.413427561837456,279,278,4,0,274,278,21221,5,0,0,5,0
2020-11-05,US,Virginia,Buckingham,803,9,0,37.57242268,-78.52518834,51029.0,4682.7618381152315,1.1207970112079702,794,773,9,0,764,771,16999,30,0,0,30,2
2020-11-05,US,Virginia,Buena Vista,136,1,0,37.73484642,-79.35296097,51530.0,2099.413399197283,0.7352941176470589,135,134,1,0,133,132,6237,2,0,0,2,2
2020-11-05,US,Virginia,Campbell,828,9,0,37.20553386,-79.09678609,51031.0,1508.608909538125,1.0869565217391304,819,812,9,0,803,803,54973,16,0,0,16,9
2020-11-05,US,Virginia,Caroline,461,6,0,38.02679129,-77.34901405,51033.0,1500.406834825061,1.3015184381778742,455,458,6,0,452,455,30772,3,0,0,3,3
2020-11-05,US,Virginia,Carroll,665,29,0,36.73066666,-80.73455942,51035.0,2232.217783894465,4.360902255639099,636,656,29,0,627,645,29636,9,0,0,9,11
2020-11-05,US,Virginia,Charles City,107,5,0,37.35358063,-77.05634116,51036.0,1536.6939537555652,4.672897196261682,102,106,5,0,101,106,6941,1,0,0,1,0
2020-11-05,US,Virginia,Charlotte,227,1,0,37.01909701,-78.66314092,51037.0,1910.7744107744104,0.4405286343612335,226,226,1,0,225,227,11938,1,0,0,1,-1
2020-11-05,US,Virginia,Charlottesville,1640,31,0,38.03527919,-78.48569588,51540.0,3469.724537722676,1.8902439024390243,1609,1633,31,0,1602,1626,48117,7,0,0,7,7
2020-11-05,US,Virginia,Chesapeake,5144,81,0,36.67670048,-76.30545744,51550.0,2101.006800498295,1.5746500777604977,5063,5112,80,0,5032,5077,242634,32,1,0,31,35
2020-11-05,US,Virginia,Chesterfield,7445,120,0,37.37373208,-77.58680140000001,51041.0,2110.2488081133333,1.6118200134318337,7325,7407,120,0,7287,7361,348556,38,0,0,38,46
2020-11-05,US,Virginia,Clarke,130,1,0,39.11271747,-77.99199425,51043.0,889.2537109241397,0.7692307692307693,129,129,1,0,128,127,14523,1,0,0,1,2
2020-11-05,US,Virginia,Colonial Heights,322,26,0,37.26420587,-77.39609676,51570.0,1853.770869314911,8.074534161490684,296,319,26,0,293,319,17833,3,0,0,3,0
2020-11-05,US,Virginia,Covington,62,0,0,37.7824656,-79.98631446,51580.0,1119.537739256049,0.0,62,61,0,0,61,53,5460,1,0,0,1,8
2020-11-05,US,Virginia,Craig,64,0,0,37.48133648,-80.21072274,51045.0,1247.3202104852855,0.0,64,64,0,0,64,64,5064,0,0,0,0,0
2020-11-05,US,Virginia,Culpeper,1466,18,0,38.48199985,-77.95630870000002,51047.0,2786.8073377055407,1.2278308321964528,1448,1423,18,0,1405,1416,51859,43,0,0,43,7
2020-11-05,US,Virginia,Cumberland,129,2,0,37.51328851,-78.24398086,51049.0,1298.8320579943615,1.5503875968992251,127,128,2,0,126,128,9809,1,0,0,1,0
2020-11-05,US,Virginia,Danville,1299,46,0,36.58022376,-79.40395668,51590.0,3243.9316751573274,3.5411855273287145,1253,1290,46,0,1244,1281,40693,9,0,0,9,9
2020-11-05,US,Virginia,Dickenson,165,1,0,37.12560977,-82.35124171,51051.0,1152.395585975695,0.6060606060606061,164,162,1,0,161,158,14523,3,0,0,3,4
2020-11-05,US,Virginia,Dinwiddie,562,12,0,37.07544585,-77.63451754,51053.0,1968.8901345291479,2.1352313167259784,550,554,12,0,542,554,28529,8,0,0,8,0
2020-11-05,US,Virginia,Emporia,302,28,0,36.69455571,-77.53406129,51595.0,5649.0834268612025,9.271523178807945,274,302,28,0,274,301,5121,0,0,0,0,1
2020-11-05,US,Virginia,Essex,203,2,0,37.93357639,-76.94230311,51057.0,1853.3735049758054,0.9852216748768472,201,202,2,0,200,201,10919,1,0,0,1,1
2020-11-05,US,Virginia,Fairfax,24726,605,0,38.83677558,-77.27565836,51059.0,2154.7111540244628,2.4468171155868315,24121,24591,604,0,23987,24458,1150795,135,1,0,134,133
2020-11-05,US,Virginia,Fairfax,24726,605,0,38.83677558,-77.27565836,51059.0,2154.7111540244628,2.4468171155868315,24121,24591,604,0,23987,24458,24574,135,1,0,134,133
2020-11-05,US,Virginia,Fairfax City,165,8,0,38.85157547,-77.29779640000002,51600.0,686.9561597068987,4.848484848484849,157,165,8,0,157,165,24574,0,0,0,0,0
2020-11-05,US,Virginia,Falls Church,78,7,0,38.88485255,-77.17560759,51610.0,533.6252308955326,8.974358974358974,71,77,7,0,70,78,14772,1,0,0,1,-1
2020-11-05,US,Virginia,Fauquier,1140,27,0,38.73564842,-77.80647472,51061.0,1600.6290191233045,2.3684210526315788,1113,1132,27,0,1105,1128,70675,8,0,0,8,4
2020-11-05,US,Virginia,Floyd,264,15,0,36.9302126,-80.36738849,51063.0,1676.296907740174,5.6818181818181825,249,261,15,0,246,261,15795,3,0,0,3,0
2020-11-05,US,Virginia,Fluvanna,440,9,0,37.84157909,-78.27715475,51065.0,1613.4946828016134,2.0454545454545454,431,438,9,0,429,436,26783,2,0,0,2,2
2020-11-05,US,Virginia,Franklin,1066,7,0,36.99536167,-79.88023649,51067.0,1902.1448199564609,0.6566604127579737,1059,1042,6,0,1036,999,56195,24,1,0,23,43
2020-11-05,US,Virginia,Franklin,1066,7,0,36.99536167,-79.88023649,51067.0,1902.1448199564609,0.6566604127579737,1059,1042,6,0,1036,999,8013,24,1,0,23,43
2020-11-05,US,Virginia,Franklin City,517,14,0,36.6831435,-76.93859681,51620.0,6489.268231454751,2.707930367504836,503,516,14,0,502,514,8013,1,0,0,1,2
2020-11-05,US,Virginia,Frederick,1275,14,0,39.20172582,-78.25974949,51069.0,1427.5637365221191,1.0980392156862746,1261,1253,13,0,1240,1240,88355,22,1,0,21,13
2020-11-05,US,Virginia,Fredericksburg,609,6,0,38.2977863,-77.4922454,51630.0,2097.3963355834135,0.9852216748768472,603,607,6,0,601,603,29144,2,0,0,2,4
2020-11-05,US,Virginia,Galax,475,30,0,36.66601852,-80.91703124,51640.0,7483.850638096738,6.315789473684211,445,469,30,0,439,466,6423,6,0,0,6,3
2020-11-05,US,Virginia,Giles,157,0,0,37.31234791,-80.70636931,51071.0,938.9952153110048,0.0,157,155,0,0,155,153,16844,2,0,0,2,2
2020-11-05,US,Virginia,Gloucester,362,3,0,37.40809042,-76.53524337,51073.0,969.262075613152,0.8287292817679558,359,358,3,0,355,358,37349,4,0,0,4,0
2020-11-05,US,Virginia,Goochland,346,7,0,37.71714806,-77.90381514,51075.0,1456.6581063444614,2.0231213872832368,339,341,7,0,334,341,23244,5,0,0,5,0
2020-11-05,US,Virginia,Grayson,405,20,0,36.65677234,-81.23215889,51077.0,2604.5016077170417,4.938271604938271,385,404,20,0,384,403,15631,1,0,0,1,1
2020-11-05,US,Virginia,Greene,302,3,0,38.29545894,-78.46525378,51079.0,1523.7903022352289,0.9933774834437086,299,301,3,0,298,300,19779,1,0,0,1,1
2020-11-05,US,Virginia,Greensville,910,15,0,36.67878901,-77.56351439,51081.0,8027.522935779814,1.6483516483516485,895,910,15,0,895,911,11627,0,0,0,0,-1
2020-11-05,US,Virginia,Halifax,577,8,0,36.76654925,-78.93512622,51083.0,1701.5127834625935,1.3864818024263432,569,570,8,0,562,565,34120,7,0,0,7,5
2020-11-05,US,Virginia,Hampton,2226,33,0,37.03513786,-76.35879121,51650.0,1654.8955467994947,1.482479784366577,2193,2223,33,0,2190,2215,134313,3,0,0,3,8
2020-11-05,US,Virginia,Hanover,1780,45,0,37.7583355,-77.49464673,51085.0,1651.7268897425906,2.5280898876404496,1735,1766,45,0,1721,1747,107239,14,0,0,14,19
2020-11-05,US,Virginia,Harrisonburg,3161,35,0,38.43542574,-78.87536254,51660.0,5962.350988380866,1.1072445428661817,3126,3153,35,0,3118,3146,54033,8,0,0,8,7
2020-11-05,US,Virginia,Henrico,6713,240,0,37.53460572,-77.39326555,51087.0,2029.2124370499791,3.5751526888127514,6473,6655,240,0,6415,6619,329261,58,0,0,58,36
2020-11-05,US,Virginia,Henry,1438,33,0,36.68542395,-79.87634026,51089.0,2844.314338271654,2.2948539638386647,1405,1430,33,0,1397,1412,50953,8,0,0,8,18
2020-11-05,US,Virginia,Highland,12,0,0,38.35799465,-79.56124594,51091.0,547.9452054794519,0.0,12,10,0,0,10,10,2210,2,0,0,2,0
2020-11-05,US,Virginia,Hopewell,535,8,0,37.29186313,-77.29754684,51670.0,2374.7170313817746,1.4953271028037385,527,530,8,0,522,531,22596,5,0,0,5,-1
2020-11-05,US,Virginia,Isle of Wight,897,26,0,36.90579348,-76.70842863,51093.0,2417.2033738446203,2.898550724637681,871,895,26,0,869,888,36953,2,0,0,2,7
2020-11-05,US,Virginia,James City,985,22,0,37.31156958,-76.76950618,51095.0,1287.1946996327902,2.233502538071066,963,983,22,0,961,981,76397,2,0,0,2,2
2020-11-05,US,Virginia,King George,297,5,0,38.26818502,-77.15852768,51099.0,1106.7223133104783,1.6835016835016836,292,294,5,0,289,296,26575,3,0,0,3,-2
2020-11-05,US,Virginia,King William,221,5,0,37.70965316,-77.09384941,51101.0,1288.7800326568695,2.262443438914027,216,217,5,0,212,217,16939,4,0,0,4,0
2020-11-05,US,Virginia,King and Queen,90,2,0,37.71044922,-76.88689628,51097.0,1281.1387900355874,2.2222222222222223,88,89,2,0,87,88,7042,1,0,0,1,1
2020-11-05,US,Virginia,Lancaster,208,1,0,37.71889653,-76.46400482,51103.0,1961.7089502970853,0.4807692307692308,207,208,1,0,207,206,10783,0,0,0,0,2
2020-11-05,US,Virginia,Lee,610,10,0,36.70586667,-83.12606515,51105.0,2604.2778465610722,1.639344262295082,600,598,10,0,588,592,23541,12,0,0,12,6
2020-11-05,US,Virginia,Lexington,271,1,0,37.78258621,-79.44262866,51678.0,3639.5380069836156,0.3690036900369004,270,266,1,0,265,261,7136,5,0,0,5,5
2020-11-05,US,Virginia,Loudoun,8175,133,0,39.08990083,-77.63481877,51107.0,1976.843724155942,1.6269113149847094,8042,8143,132,0,8011,8105,406850,32,1,0,31,38
2020-11-05,US,Virginia,Louisa,420,8,0,37.97850256,-77.96274807,51109.0,1117.2887127237902,1.9047619047619049,412,415,8,0,407,415,36778,5,0,0,5,0
2020-11-05,US,Virginia,Lunenburg,155,5,0,36.94618528,-78.24133319,51111.0,1270.9084945883894,3.2258064516129035,150,155,4,0,151,156,12086,0,1,0,-1,-1
2020-11-05,US,Virginia,Lynchburg,2141,27,0,37.40021399,-79.19888138,51680.0,2605.6372310388474,1.2610929472209251,2114,2129,27,0,2102,2118,82126,12,0,0,12,11
2020-11-05,US,Virginia,Madison,151,3,0,38.41531222,-78.28220331,51113.0,1138.677324485333,1.9867549668874167,148,151,3,0,148,149,13295,0,0,0,0,2
2020-11-05,US,Virginia,Manassas,2073,27,0,38.7464321,-77.48509905,51683.0,5045.637093829865,1.3024602026049203,2046,2069,27,0,2042,2066,41641,4,0,0,4,3
2020-11-05,US,Virginia,Manassas Park,664,8,0,38.77058531,-77.44399307,51685.0,3799.061677537476,1.2048192771084338,656,662,8,0,654,662,17307,2,0,0,2,0
2020-11-05,US,Virginia,Martinsville,507,24,0,36.68212094,-79.86352771,51690.0,4038.5534490998875,4.733727810650888,483,503,24,0,479,500,12902,4,0,0,4,3
2020-11-05,US,Virginia,Mathews,139,0,0,37.44164146,-76.34098896,51115.0,1573.466153497849,0.0,139,139,0,0,139,137,8802,0,0,0,0,2
2020-11-05,US,Virginia,Mecklenburg,919,35,0,36.67882005,-78.36131056,51117.0,3004.544414293654,3.808487486398259,884,917,35,0,882,909,30650,2,0,0,2,8
2020-11-05,US,Virginia,Middlesex,148,11,0,37.63191998,-76.55064617,51119.0,1398.6013986013986,7.432432432432432,137,148,11,0,137,148,10769,0,0,0,0,0
2020-11-05,US,Virginia,Montgomery,3061,6,0,37.17746986,-80.37868691,51121.0,3106.5103770233927,0.1960143743874551,3055,3032,6,0,3026,3009,98985,29,0,0,29,23
2020-11-05,US,Virginia,Nelson,142,2,0,37.78790447,-78.88498513,51125.0,951.1051574012056,1.4084507042253518,140,142,2,0,140,142,14836,0,0,0,0,0
2020-11-05,US,Virginia,New Kent,307,3,0,37.50694406,-76.99828634,51127.0,1329.5223247152576,0.977198697068404,304,306,3,0,303,306,22391,1,0,0,1,0
2020-11-05,US,Virginia,Newport News,3336,51,0,37.08166899,-76.51754109,51700.0,1861.3474682661456,1.5287769784172662,3285,3313,51,0,3262,3308,178626,23,0,0,23,5
2020-11-05,US,Virginia,Norfolk,5609,85,0,36.89934014,-76.26420872,51710.0,2310.683771246838,1.5154216437867714,5524,5589,85,0,5504,5563,244076,20,0,0,20,26
2020-11-05,US,Virginia,Northampton,324,31,0,37.34062933,-75.87751591,51131.0,2766.8659265584965,9.567901234567902,293,321,31,0,290,320,11735,3,0,0,3,1
2020-11-05,US,Virginia,Northumberland,228,8,0,37.89202088,-76.41949732,51133.0,1885.0764778834227,3.5087719298245608,220,228,7,0,221,226,12147,0,1,0,-1,2
2020-11-05,US,Virginia,Norton,57,0,0,36.93357076,-82.62750411,51720.0,1431.8010550113038,0.0,57,54,0,0,54,54,3968,3,0,0,3,0
2020-11-05,US,Virginia,Nottoway,377,21,0,37.1435975,-78.05065922,51135.0,2475.052521008404,5.57029177718833,356,374,21,0,353,373,15420,3,0,0,3,1
2020-11-05,US,Virginia,Orange,446,5,0,38.24530219,-78.01560400000002,51137.0,1203.746187687242,1.1210762331838564,441,443,5,0,438,433,36644,3,0,0,3,10
2020-11-05,US,Virginia,Page,496,31,0,38.61807452,-78.48797204,51139.0,2075.140155635512,6.25,465,495,31,0,464,495,23933,1,0,0,1,0
2020-11-05,US,Virginia,Patrick,344,27,0,36.680163799999995,-80.2865648,51141.0,1953.6574284416167,7.848837209302325,317,343,27,0,316,340,17673,1,0,0,1,3
2020-11-05,US,Virginia,Petersburg,982,30,0,37.20530399,-77.39368102,51730.0,3132.7761117845976,3.054989816700611,952,974,30,0,944,971,31567,8,0,0,8,3
2020-11-05,US,Virginia,Pittsylvania,1402,17,0,36.81980341,-79.39731264,51143.0,2322.961195612553,1.2125534950071326,1385,1399,17,0,1382,1388,60949,3,0,0,3,11
2020-11-05,US,Virginia,Poquoson,104,2,0,37.14259351,-76.35798148,51735.0,847.5266889414065,1.9230769230769231,102,104,2,0,102,104,12190,0,0,0,0,0
2020-11-05,US,Virginia,Portsmouth,2888,69,0,36.85914825,-76.35971629,51740.0,3059.386851416344,2.3891966759002767,2819,2876,69,0,2807,2875,94632,12,0,0,12,1
2020-11-05,US,Virginia,Powhatan,325,5,0,37.55016038,-77.91267882,51145.0,1096.0474841494672,1.5384615384615383,320,326,5,0,321,324,29189,-1,0,0,-1,2
2020-11-05,US,Virginia,Prince Edward,789,13,0,37.22554789,-78.43597949,51147.0,3460.2227874747828,1.6476552598225602,776,787,13,0,774,787,22950,2,0,0,2,0
2020-11-05,US,Virginia,Prince George,1183,7,0,37.18497668,-77.22922187,51149.0,3084.5044716189095,0.591715976331361,1176,1162,7,0,1155,1161,38082,21,0,0,21,1
2020-11-05,US,Virginia,Prince William,14923,223,0,38.70916224,-77.48713689,51153.0,3172.8448871549003,1.4943375996783488,14700,14833,223,0,14610,14768,468011,90,0,0,90,65
2020-11-05,US,Virginia,Pulaski,333,7,0,37.06474963,-80.71229738,51155.0,978.6346136891292,2.1021021021021022,326,325,6,0,319,322,34066,8,1,0,7,3
2020-11-05,US,Virginia,Radford,987,1,0,37.12222899,-80.56027320000003,51750.0,5408.515535097814,0.10131712259371832,986,980,1,0,979,977,18339,7,0,0,7,3
2020-11-05,US,Virginia,Rappahannock,69,2,0,38.68295619,-78.15826963,51157.0,936.2279511533244,2.898550724637681,67,69,2,0,67,69,7252,0,0,0,0,0
2020-11-05,US,Virginia,Richmond,363,4,0,37.937575,-76.72920628,51159.0,4023.052199933503,1.1019283746556474,359,374,4,0,370,373,9038,-11,0,0,-11,1
2020-11-05,US,Virginia,Richmond City,5595,78,0,37.53255773,-77.47966921,51760.0,2428.006040722804,1.3941018766756033,5517,5542,78,0,5464,5521,228783,53,0,0,53,21
2020-11-05,US,Virginia,Roanoke,1823,15,0,37.26865804,-80.06396753,51161.0,1935.5318200157133,0.8228195282501372,1808,1792,15,0,1777,1724,94073,31,0,0,31,68
2020-11-05,US,Virginia,Roanoke City,3125,47,0,37.27791025,-79.96189766,51770.0,3152.012749261168,1.504,3078,3091,47,0,3044,3051,99920,34,0,0,34,40
2020-11-05,US,Virginia,Rockbridge,164,3,0,37.81204314,-79.44605905,51163.0,726.5316971603243,1.8292682926829267,161,160,3,0,157,159,22752,4,0,0,4,1
2020-11-05,US,Virginia,Rockingham,1845,27,0,38.51006137,-78.87260325,51165.0,2251.4277346610047,1.4634146341463414,1818,1839,27,0,1812,1827,81244,6,0,0,6,12
2020-11-05,US,Virginia,Russell,558,8,0,36.93028320000001,-82.10095486,51167.0,2098.849018280298,1.4336917562724014,550,545,8,0,537,543,26748,13,0,0,13,2
2020-11-05,US,Virginia,Salem,650,12,0,37.2836193,-80.06219455,51775.0,2569.068416268132,1.8461538461538465,638,644,12,0,632,631,25643,6,0,0,6,13
2020-11-05,US,Virginia,Scott,499,7,0,36.71466456,-82.60171704,51169.0,2313.8273207827137,1.4028056112224452,492,478,7,0,471,474,21534,21,0,0,21,4
2020-11-05,US,Virginia,Shenandoah,1050,61,0,38.85905135,-78.56813762,51171.0,2407.373440939105,5.809523809523809,989,1037,61,0,976,1024,43497,13,0,0,13,13
2020-11-05,US,Virginia,Smyth,698,27,0,36.84455636,-81.53344948,51173.0,2318.6287536539994,3.8681948424068766,671,682,27,0,655,675,30472,16,0,0,16,7
2020-11-05,US,Virginia,Southampton,941,38,0,36.72231125,-77.10642712,51175.0,5337.19017639385,4.038257173219979,903,939,38,0,901,939,17586,2,0,0,2,0
2020-11-05,US,Virginia,Spotsylvania,2566,55,0,38.18574462,-77.655399,51177.0,1883.7866607935987,2.1434138737334374,2511,2541,55,0,2486,2529,134238,25,0,0,25,12
2020-11-05,US,Virginia,Stafford,2538,21,0,38.41758738,-77.45917053,51179.0,1660.103870959302,0.8274231678486997,2517,2504,22,0,2482,2480,149960,34,-1,0,35,24
2020-11-05,US,Virginia,Staunton,449,5,0,38.15965544,-79.05979937,51790.0,1800.8984437670465,1.11358574610245,444,439,5,0,434,432,24922,10,0,0,10,7
2020-11-05,US,Virginia,Suffolk,2384,78,0,36.70155394,-76.63603554,51800.0,2588.265948668954,3.2718120805369133,2306,2375,78,0,2297,2364,91185,9,0,0,9,11
2020-11-05,US,Virginia,Surry,144,5,0,37.11781893,-76.88450012,51181.0,2242.292120834631,3.4722222222222223,139,141,5,0,136,141,6474,3,0,0,3,0
2020-11-05,US,Virginia,Sussex,646,13,0,36.92432914,-77.25791182,51183.0,5789.049197956805,2.0123839009287927,633,643,13,0,630,643,11237,3,0,0,3,0
2020-11-05,US,Virginia,Tazewell,577,2,0,37.12191123,-81.56685568,51185.0,1421.3573100135486,0.3466204506065858,575,572,2,0,570,572,40855,5,0,0,5,0
2020-11-05,US,Virginia,Virginia Beach,8467,110,0,36.73285734,-76.04566934,51810.0,1881.6642739358279,1.299161450336601,8357,8419,108,0,8311,8351,450189,48,2,0,46,68
2020-11-05,US,Virginia,Warren,645,22,0,38.90847745,-78.20280433,51187.0,1605.9157454436804,3.4108527131782944,623,639,22,0,617,634,40003,6,0,0,6,5
2020-11-05,US,Virginia,Washington,1158,28,0,36.72341572,-81.95666289,51191.0,2154.819501302568,2.4179620034542317,1130,1144,28,0,1116,1122,54402,14,0,0,14,22
2020-11-05,US,Virginia,Waynesboro,412,4,0,38.06451466,-78.90293905,51820.0,1820.5921343349537,0.9708737864077671,408,411,4,0,407,407,22628,1,0,0,1,4
2020-11-05,US,Virginia,Westmoreland,359,5,0,38.11021557,-76.80213247,51193.0,1992.7837912850405,1.3927576601671308,354,355,5,0,350,353,17830,4,0,0,4,2
2020-11-05,US,Virginia,Williamsburg,232,8,0,37.28131268,-76.70905141,51830.0,1551.4243680620568,3.4482758620689653,224,231,8,0,223,230,14896,1,0,0,1,1
2020-11-05,US,Virginia,Winchester,668,4,0,39.17054517,-78.17325058,51840.0,2379.086829546264,0.5988023952095808,664,666,4,0,662,664,28108,2,0,0,2,2
2020-11-05,US,Virginia,Wise,767,10,0,36.9746148,-82.62410519,51195.0,2051.7347457400424,1.303780964797914,757,734,10,0,724,734,38012,33,0,0,33,0
2020-11-05,US,Virginia,Wythe,361,7,0,36.91582035,-81.07834059,51197.0,1258.5413470924555,1.9390581717451525,354,357,7,0,350,356,28754,4,0,0,4,1
2020-11-05,US,Virginia,York,670,9,0,37.24374789,-76.54412815,51199.0,981.253661394259,1.3432835820895523,661,668,9,0,659,665,67846,2,0,0,2,3
2020-11-05,US,Washington,Adams,959,11,0,46.98299757,-118.56017340000001,53001.0,4799.079217334735,1.1470281543274243,948,956,11,0,945,943,19759,3,0,0,3,13
2020-11-05,US,Washington,Asotin,318,8,0,46.18894415,-117.2022851,53003.0,1408.2012222123815,2.5157232704402515,310,314,8,0,306,308,22610,4,0,0,4,6
2020-11-05,US,Washington,Benton,5646,137,0,46.23946995,-119.51208340000001,53005.0,2762.3660648759724,2.4264966347856887,5509,5594,136,0,5458,5530,201877,52,1,0,51,64
2020-11-05,US,Washington,Chelan,2049,18,0,47.87046092,-120.6173956,53007.0,2654.1450777202067,0.8784773060029283,2031,2042,18,0,2024,2039,77036,7,0,0,7,3
2020-11-05,US,Washington,Clallam,275,1,0,48.04754642,-123.92263190000001,53009.0,355.61417801399176,0.3636363636363637,274,273,1,0,272,273,76737,2,0,0,2,0
2020-11-05,US,Washington,Clark,4826,86,0,45.77568046,-122.48292040000001,53011.0,988.4462796037204,1.78201409034397,4740,4744,85,0,4659,4678,481857,82,1,0,81,66
2020-11-05,US,Washington,Columbia,22,1,0,46.29442881,-117.9051983,53013.0,552.0702634880803,4.545454545454546,21,18,1,0,17,17,4059,4,0,0,4,1
2020-11-05,US,Washington,Cowlitz,875,7,0,46.19074721,-122.6782231,53015.0,791.1893157794797,0.8,868,864,7,0,857,849,108987,11,0,0,11,15
2020-11-05,US,Washington,Douglas,1250,11,0,47.7361335,-119.69293700000001,53017.0,2878.2610697920745,0.88,1239,1245,11,0,1234,1244,42907,5,0,0,5,1
2020-11-05,US,Washington,Ferry,35,1,0,48.471143100000006,-118.5154041,53019.0,458.89602727153533,2.8571428571428568,34,35,1,0,34,35,7649,0,0,0,0,0
2020-11-05,US,Washington,Franklin,5046,69,0,46.53351425,-118.9018212,53021.0,5299.195564050325,1.3674197384066586,4977,5031,69,0,4962,5005,94347,15,0,0,15,26
2020-11-05,US,Washington,Garfield,33,0,0,46.43197502,-117.54540320000001,53023.0,1483.1460674157306,0.0,33,32,0,0,32,31,2247,1,0,0,1,1
2020-11-05,US,Washington,Grant,3417,29,0,47.20753737,-119.4500749,53025.0,3496.260219168551,0.8486976880304361,3388,3405,29,0,3376,3400,97331,12,0,0,12,5
2020-11-05,US,Washington,Grays Harbor,745,12,0,47.14003705,-123.7820567,53027.0,992.5260787892514,1.6107382550335567,733,741,11,0,730,737,73901,4,1,0,3,4
2020-11-05,US,Washington,Island,419,12,0,48.14713305,-122.5216407,53029.0,492.124828226119,2.863961813842482,407,414,12,0,402,412,84460,5,0,0,5,2
2020-11-05,US,Washington,Jefferson,90,0,0,47.75003077,-123.56097040000002,53031.0,279.32093975978404,0.0,90,90,0,0,90,89,31729,0,0,0,0,1
2020-11-05,US,Washington,King,29316,822,0,47.49137892,-121.8346131,53033.0,1301.324318109786,2.8039295947605405,28494,28926,822,0,28104,28337,2233163,390,0,0,390,589
2020-11-05,US,Washington,Kitsap,1648,23,0,47.63479026,-122.6436061,53035.0,607.0585288408055,1.395631067961165,1625,1636,23,0,1613,1612,269805,12,0,0,12,24
2020-11-05,US,Washington,Kittitas,778,22,0,47.12521214,-120.67943899999999,53037.0,1623.0311880671743,2.8277634961439593,756,777,22,0,755,776,47364,1,0,0,1,1
2020-11-05,US,Washington,Klickitat,215,3,0,45.87325839,-120.7913598,53039.0,958.7513935340022,1.3953488372093024,212,215,3,0,212,211,22107,0,0,0,0,4
2020-11-05,US,Washington,Lewis,777,13,0,46.57756476,-122.39257690000001,53041.0,962.7417696110623,1.6731016731016732,764,771,13,0,758,766,79604,6,0,0,6,5
2020-11-05,US,Washington,Lincoln,83,2,0,47.57705241,-118.41943880000001,53043.0,758.7530852911601,2.409638554216868,81,83,2,0,81,82,10740,0,0,0,0,1
2020-11-05,US,Washington,Mason,550,10,0,47.35007586,-123.1863685,53045.0,823.7479031871553,1.818181818181818,540,548,10,0,538,543,65507,2,0,0,2,5
2020-11-05,US,Washington,Okanogan,1135,11,0,48.54855019,-119.73872240000001,53047.0,2686.8356887531663,0.9691629955947136,1124,1132,11,0,1121,1129,42132,3,0,0,3,3
2020-11-05,US,Washington,Pacific,124,3,0,46.55418369,-123.7285716,53049.0,551.8223488051267,2.419354838709677,121,123,3,0,120,122,22036,1,0,0,1,1
2020-11-05,US,Washington,Pend Oreille,157,1,0,48.53234021,-117.2741804,53051.0,1143.9813465461964,0.6369426751592356,156,154,1,0,153,152,13602,3,0,0,3,2
2020-11-05,US,Washington,Pierce,11046,236,0,47.03892768,-122.14059579999999,53053.0,1220.579460319565,2.136520007242441,10810,10879,233,0,10646,10685,891299,167,3,0,164,194
2020-11-05,US,Washington,San Juan,36,0,0,48.60182783,-122.96745,53055.0,204.75486292799454,0.0,36,35,0,0,35,34,17128,1,0,0,1,1
2020-11-05,US,Washington,Skagit,1338,26,0,48.48171488,-121.766131,53057.0,1035.5636391780504,1.9431988041853512,1312,1324,26,0,1298,1304,128206,14,0,0,14,20
2020-11-05,US,Washington,Skamania,73,1,0,46.02408726,-121.91644029999999,53059.0,604.1545973682033,1.3698630136986298,72,73,1,0,72,73,11924,0,0,0,0,0
2020-11-05,US,Washington,Snohomish,9503,240,0,48.04615983,-121.7170703,53061.0,1155.9660034327435,2.5255182573924024,9263,9359,237,0,9122,9233,814901,144,3,0,141,126
2020-11-05,US,Washington,Spokane,10287,210,0,47.62113146,-117.4046494,53063.0,1967.6815902126639,2.041411490230388,10077,10185,208,0,9977,10101,514631,102,2,0,100,84
2020-11-05,US,Washington,Stevens,310,5,0,48.40035475,-117.8542701,53065.0,677.9957570588107,1.6129032258064515,305,304,5,0,299,293,45260,6,0,0,6,11
2020-11-05,US,Washington,Thurston,1777,37,0,46.9291895,-122.82906559999999,53067.0,611.6281631192004,2.0821609454136185,1740,1755,35,0,1720,1745,286419,22,2,0,20,10
2020-11-05,US,Washington,Unassigned,375,3,0,0.0,0.0,90053.0,0.0,0.8,372,484,3,0,481,373,,-109,0,0,-109,111
2020-11-05,US,Washington,Wahkiakum,11,0,0,46.29180039999999,-123.4250831,53069.0,245.09803921568627,0.0,11,11,0,0,11,11,4426,0,0,0,0,0
2020-11-05,US,Washington,Walla Walla,1367,10,0,46.23040051,-118.4775539,53071.0,2249.835418038183,0.731528895391368,1357,1337,8,0,1329,1305,60922,30,2,0,28,32
2020-11-05,US,Washington,Whatcom,1670,51,0,48.82227976,-121.74900179999999,53073.0,728.4719102103844,3.053892215568862,1619,1655,51,0,1604,1637,225685,15,0,0,15,18
2020-11-05,US,Washington,Whitman,1866,21,0,46.90022523,-117.52417630000001,53075.0,3724.2535526105694,1.1254019292604502,1845,1855,20,0,1835,1853,49791,11,1,0,10,2
2020-11-05,US,Washington,Yakima,12103,278,0,46.45738486,-120.73801259999999,53077.0,4824.3533580736075,2.29695116913162,11825,12061,279,0,11782,12044,251446,42,-1,0,43,17
2020-11-05,US,West Virginia,Barbour,195,2,0,39.1307219,-80.00350858,54001.0,1186.059242138556,1.0256410256410255,193,193,2,0,191,191,16535,2,0,0,2,2
2020-11-05,US,West Virginia,Berkeley,1794,18,0,39.46704621,-78.02414609,54003.0,1505.3998036435041,1.0033444816053512,1776,1763,18,0,1745,1733,117123,31,0,0,31,30
2020-11-05,US,West Virginia,Boone,439,3,0,38.01974191,-81.69888019,54005.0,2045.9523698559906,0.683371298405467,436,431,3,0,428,420,21951,8,0,0,8,11
2020-11-05,US,West Virginia,Braxton,82,0,0,38.70036159,-80.72011184,54007.0,587.518807766712,0.0,82,77,0,0,77,77,14089,5,0,0,5,0
2020-11-05,US,West Virginia,Brooke,263,5,0,40.27367263,-80.57915332,54009.0,1198.7784311044259,1.9011406844106464,258,262,5,0,257,257,22203,1,0,0,1,5
2020-11-05,US,West Virginia,Cabell,1643,34,0,38.42424062,-82.23855912,54011.0,1786.9378432758715,2.069385270846013,1609,1611,32,0,1579,1572,93224,32,2,0,30,39
2020-11-05,US,West Virginia,Calhoun,37,0,0,38.84315422,-81.11934872,54013.0,520.4670136446757,0.0,37,37,0,0,37,37,7254,0,0,0,0,0
2020-11-05,US,West Virginia,Clay,70,3,0,38.46231092,-81.07652217,54015.0,822.7550540667607,4.285714285714286,67,69,3,0,66,65,8632,1,0,0,1,4
2020-11-05,US,West Virginia,Doddridge,75,1,0,39.27057157,-80.70671527,54017.0,887.7840909090909,1.3333333333333333,74,73,1,0,72,73,8406,2,0,0,2,0
2020-11-05,US,West Virginia,Fayette,827,24,0,38.02974928,-81.08286634,54019.0,1950.1957270197613,2.9020556227327687,803,812,24,0,788,804,43018,15,0,0,15,8
2020-11-05,US,West Virginia,Gilmer,71,0,0,38.9251277,-80.85952723,54021.0,907.5802121948102,0.0,71,65,0,0,65,65,8026,6,0,0,6,0
2020-11-05,US,West Virginia,Grant,203,9,0,39.10314817,-79.19440518,54023.0,1754.8409405255884,4.433497536945813,194,202,9,0,193,201,11626,1,0,0,1,1
2020-11-05,US,West Virginia,Greenbrier,231,4,0,37.9463652,-80.45335881,54025.0,666.4358663666263,1.7316017316017316,227,225,4,0,221,217,34786,6,0,0,6,8
2020-11-05,US,West Virginia,Hampshire,165,1,0,39.32103553,-78.60826476,54027.0,711.9741100323622,0.6060606060606061,164,158,1,0,157,149,23347,7,0,0,7,9
2020-11-05,US,West Virginia,Hancock,253,1,0,40.51943859,-80.57461608,54029.0,878.1673030197848,0.3952569169960474,252,251,1,0,250,249,29094,2,0,0,2,2
2020-11-05,US,West Virginia,Hardy,113,1,0,39.00683177,-78.85855301,54031.0,820.2671312427409,0.8849557522123894,112,110,1,0,109,110,13775,3,0,0,3,0
2020-11-05,US,West Virginia,Harrison,711,13,0,39.2853852,-80.37919577,54033.0,1057.1547519923872,1.8284106891701828,698,700,13,0,687,691,67554,11,0,0,11,9
2020-11-05,US,West Virginia,Jackson,438,24,0,38.84263974,-81.68148753,54035.0,1532.7547592385215,5.479452054794519,414,435,24,0,411,426,28706,3,0,0,3,9
2020-11-05,US,West Virginia,Jefferson,676,9,0,39.30776166,-77.86014147,54037.0,1182.9349385783785,1.331360946745562,667,667,9,0,658,659,56811,9,0,0,9,8
2020-11-05,US,West Virginia,Kanawha,3997,106,0,38.33860077,-81.52857054,54039.0,2243.9424221328964,2.651988991743808,3891,3937,106,0,3831,3915,180454,60,0,0,60,22
2020-11-05,US,West Virginia,Lewis,132,2,0,38.9947249,-80.49988181,54041.0,829.8233482114792,1.5151515151515151,130,126,2,0,124,121,16024,6,0,0,6,5
2020-11-05,US,West Virginia,Lincoln,285,2,0,38.172154,-82.07017953,54043.0,1396.4427458474204,0.7017543859649122,283,276,2,0,274,274,20599,9,0,0,9,2
2020-11-05,US,West Virginia,Logan,821,46,0,37.8299889,-81.93528571,54045.0,2564.102564102564,5.602923264311816,775,811,46,0,765,807,32607,10,0,0,10,4
2020-11-05,US,West Virginia,Marion,445,5,0,39.50984542,-80.24244659,54049.0,793.6224853759453,1.1235955056179776,440,439,5,0,434,433,56097,6,0,0,6,6
2020-11-05,US,West Virginia,Marshall,494,4,0,39.86064362,-80.66591062,54051.0,1618.0275785267436,0.8097165991902834,490,478,4,0,474,467,30785,16,0,0,16,11
2020-11-05,US,West Virginia,Mason,189,6,0,38.77071799,-82.02524219,54053.0,712.7771911298837,3.1746031746031744,183,188,6,0,182,186,26718,1,0,0,1,2
2020-11-05,US,West Virginia,McDowell,153,1,0,37.38002939,-81.65083669,54047.0,868.1343622333181,0.6535947712418301,152,143,1,0,142,139,18223,10,0,0,10,4
2020-11-05,US,West Virginia,Mercer,850,34,0,37.40481169,-81.11023142,54055.0,1446.6115252391164,4.0,816,838,31,0,807,824,59131,12,3,0,9,14
2020-11-05,US,West Virginia,Mineral,294,4,0,39.41561583,-78.94104895,54057.0,1094.238499330058,1.3605442176870748,290,272,4,0,268,263,26940,22,0,0,22,9
2020-11-05,US,West Virginia,Mingo,708,10,0,37.73048351,-82.13338365,54059.0,3022.540983606557,1.4124293785310735,698,696,10,0,686,688,23785,12,0,0,12,8
2020-11-05,US,West Virginia,Monongalia,2434,7,0,39.63218457,-80.04766838,54061.0,2304.662348975495,0.2875924404272802,2427,2417,7,0,2410,2409,106420,17,0,0,17,8
2020-11-05,US,West Virginia,Monroe,273,8,0,37.56274716,-80.54577965,54063.0,2056.497175141243,2.93040293040293,265,268,8,0,260,268,13280,5,0,0,5,0
2020-11-05,US,West Virginia,Morgan,170,0,0,39.55439028,-78.26311676,54065.0,950.5703422053232,0.0,170,167,0,0,167,167,17787,3,0,0,3,0
2020-11-05,US,West Virginia,Nicholas,201,3,0,38.29617706,-80.79759588,54067.0,820.5421293272369,1.492537313432836,198,196,3,0,193,193,24842,5,0,0,5,3
2020-11-05,US,West Virginia,Ohio,719,9,0,40.0955451,-80.62203992,54069.0,1736.2536524111954,1.2517385257301807,710,683,9,0,674,654,41755,36,0,0,36,29
2020-11-05,US,West Virginia,Pendleton,79,1,0,38.68314479,-79.35084086,54071.0,1133.5916200315685,1.2658227848101269,78,79,1,0,78,79,6997,0,0,0,0,0
2020-11-05,US,West Virginia,Pleasants,40,3,0,39.37091679,-81.16771771,54073.0,536.1930294906166,7.5,37,37,3,0,34,36,7507,3,0,0,3,1
2020-11-05,US,West Virginia,Pocahontas,74,0,0,38.32758728,-80.00993811,54075.0,897.2959864193042,0.0,74,74,0,0,74,74,8414,0,0,0,0,0
2020-11-05,US,West Virginia,Preston,249,4,0,39.46770987,-79.66712803,54077.0,744.7954055994259,1.606425702811245,245,238,4,0,234,236,33839,11,0,0,11,2
2020-11-05,US,West Virginia,Putnam,1073,14,0,38.50782345,-81.9082131,54079.0,1900.797165633304,1.30475302889096,1059,1040,13,0,1027,1014,56682,33,1,0,32,26
2020-11-05,US,West Virginia,Raleigh,916,10,0,37.76936795,-81.2456041,54081.0,1248.6198388789685,1.091703056768559,906,899,10,0,889,889,74254,17,0,0,17,10
2020-11-05,US,West Virginia,Randolph,452,2,0,38.769899,-79.87919615,54083.0,1575.187314863217,0.4424778761061947,450,449,2,0,447,436,28823,3,0,0,3,13
2020-11-05,US,West Virginia,Ritchie,65,0,0,39.18094587,-81.06356878,54085.0,680.343311701905,0.0,65,62,0,0,62,61,9721,3,0,0,3,1
2020-11-05,US,West Virginia,Roane,117,2,0,38.71622686,-81.35243568,54087.0,854.7632963179428,1.709401709401709,115,116,2,0,114,116,13932,1,0,0,1,0
2020-11-05,US,West Virginia,Summers,160,2,0,37.65390597,-80.86009693,54089.0,1272.56820170206,1.25,158,157,1,0,156,152,12760,3,1,0,2,5
2020-11-05,US,West Virginia,Taylor,178,8,0,39.33602617,-80.0421439,54091.0,1066.187481281821,4.49438202247191,170,177,8,0,169,175,16862,1,0,0,1,2
2020-11-05,US,West Virginia,Tucker,68,0,0,39.11240885,-79.57053576,54093.0,994.2974119023247,0.0,68,68,0,0,68,67,6955,0,0,0,0,1
2020-11-05,US,West Virginia,Tyler,68,1,0,39.46811972,-80.88772676,54095.0,791.5260155977188,1.4705882352941178,67,62,1,0,61,59,8746,6,0,0,6,3
2020-11-05,US,West Virginia,Upshur,293,4,0,38.89285061,-80.23689136,54097.0,1211.9457313037724,1.3651877133105803,289,293,4,0,289,284,24415,0,0,0,0,9
2020-11-05,US,West Virginia,Wayne,651,11,0,38.14901357,-82.42287994,54099.0,1652.200395918989,1.6897081413210446,640,642,11,0,631,636,39944,9,0,0,9,6
2020-11-05,US,West Virginia,Webster,38,0,0,38.49370949,-80.4202023,54101.0,468.3263495193492,0.0,38,38,0,0,38,38,8285,0,0,0,0,0
2020-11-05,US,West Virginia,Wetzel,264,8,0,39.6065771,-80.64016540000001,54103.0,1752.4062396282775,3.0303030303030303,256,240,7,0,233,237,15270,24,1,0,23,3
2020-11-05,US,West Virginia,Wirt,59,0,0,39.02775007,-81.37473928,54105.0,1013.5715512798488,0.0,59,59,0,0,59,59,5830,0,0,0,0,0
2020-11-05,US,West Virginia,Wood,856,8,0,39.20967886,-81.5162836,54107.0,1024.9287578725543,0.9345794392523364,848,798,8,0,790,775,84203,58,0,0,58,23
2020-11-05,US,West Virginia,Wyoming,396,5,0,37.612327,-81.54511071,54109.0,1941.7475728155332,1.2626262626262623,391,384,5,0,379,369,20786,12,0,0,12,15
2020-11-05,US,Wisconsin,Adams,670,6,0,43.96974651,-89.76782777,55001.0,3313.5509396636994,0.8955223880597015,664,663,6,0,657,607,20348,7,0,0,7,56
2020-11-05,US,Wisconsin,Ashland,350,4,0,46.31956891,-90.67837132,55003.0,2249.0682431564064,1.1428571428571428,346,338,3,0,335,324,15600,12,1,0,11,14
2020-11-05,US,Wisconsin,Barron,1586,8,0,45.42372701,-91.84833627,55005.0,3505.4371850411103,0.5044136191677175,1578,1494,8,0,1486,1424,45164,92,0,0,92,70
2020-11-05,US,Wisconsin,Bayfield,342,2,0,46.52868768,-91.19716729,55007.0,2274.541101356744,0.5847953216374269,340,335,2,0,333,311,15042,7,0,0,7,24
2020-11-05,US,Wisconsin,Brown,17257,105,0,44.452655299999996,-88.00411844,55009.0,6523.349789447422,0.6084487454366344,17152,16966,104,0,16862,16558,263378,291,1,0,290,408
2020-11-05,US,Wisconsin,Buffalo,387,3,0,44.37835084,-91.75332578,55011.0,2969.8411480316167,0.7751937984496124,384,373,3,0,370,355,13125,14,0,0,14,18
2020-11-05,US,Wisconsin,Burnett,373,6,0,45.86303537,-92.36711412,55013.0,2419.8780329570527,1.6085790884718498,367,359,6,0,353,346,15392,14,0,0,14,13
2020-11-05,US,Wisconsin,Calumet,3047,18,0,44.0816316,-88.21780273,55015.0,6083.171953922018,0.5907449950771251,3029,2997,18,0,2979,2960,50159,50,0,0,50,37
2020-11-05,US,Wisconsin,Chippewa,2434,26,0,45.06939744,-91.28068855,55017.0,3764.4220359429614,1.0682004930156122,2408,2260,24,0,2236,2128,64135,174,2,0,172,132
2020-11-05,US,Wisconsin,Clark,1155,20,0,44.73483377,-90.61207486,55019.0,3321.4470581468913,1.7316017316017316,1135,1107,19,0,1088,1069,34709,48,1,0,47,38
2020-11-05,US,Wisconsin,Columbia,2081,7,0,43.46492199,-89.33589004,55021.0,3617.1174302996583,0.3363767419509851,2074,2045,7,0,2038,2012,57358,36,0,0,36,33
2020-11-05,US,Wisconsin,Crawford,450,1,0,43.23870316,-90.93073686,55023.0,2789.659661521295,0.2222222222222222,449,429,1,0,428,412,16291,21,0,0,21,17
2020-11-05,US,Wisconsin,Dane,17295,50,0,43.06601594,-89.41733797,55025.0,3163.5555474258954,0.28910089621277824,17245,16963,51,0,16912,16768,542364,332,-1,0,333,195
2020-11-05,US,Wisconsin,Dodge,5325,37,0,43.41576662,-88.70928178,55027.0,6062.227484374822,0.6948356807511737,5288,5131,36,0,5095,4981,87847,194,1,0,193,150
2020-11-05,US,Wisconsin,Door,1057,9,0,44.95856458,-87.30002707,55029.0,3820.2978169726757,0.8514664143803217,1048,1036,9,0,1027,990,27610,21,0,0,21,46
2020-11-05,US,Wisconsin,Douglas,947,1,0,46.43222285,-91.91595768,55031.0,2194.669756662804,0.10559662090813092,946,933,1,0,932,888,43208,14,0,0,14,45
2020-11-05,US,Wisconsin,Dunn,1439,1,0,44.94562799,-91.8962481,55033.0,3171.8391818021514,0.06949270326615706,1438,1376,1,0,1375,1284,45131,63,0,0,63,92
2020-11-05,US,Wisconsin,Eau Claire,4556,28,0,44.726614,-91.28609183,55035.0,4353.725894921928,0.6145741878841089,4528,4316,28,0,4288,4225,104534,240,0,0,240,91
2020-11-05,US,Wisconsin,Florence,235,8,0,45.84963535,-88.39804137,55037.0,5471.478463329453,3.404255319148936,227,234,8,0,226,228,4321,1,0,0,1,6
2020-11-05,US,Wisconsin,Fond du Lac,5708,25,0,43.75354908,-88.48885325,55039.0,5520.149318685145,0.4379817799579537,5683,5566,23,0,5543,5469,103066,142,2,0,140,97
2020-11-05,US,Wisconsin,Forest,546,11,0,45.66678019,-88.77084892,55041.0,6063.971568191915,2.0146520146520146,535,532,11,0,521,518,8991,14,0,0,14,14
2020-11-05,US,Wisconsin,Grant,2262,40,0,42.8671731,-90.7063218,55043.0,4397.441629891717,1.7683465959328029,2222,2199,38,0,2161,2157,51554,63,2,0,61,42
2020-11-05,US,Wisconsin,Green,1127,5,0,42.6794956,-89.60243287,55045.0,3049.2424242424236,0.4436557231588287,1122,1095,5,0,1090,1068,36929,32,0,0,32,27
2020-11-05,US,Wisconsin,Green Lake,866,4,0,43.80025981,-89.04679553,55047.0,4578.861100830117,0.4618937644341801,862,854,4,0,850,843,18918,12,0,0,12,11
2020-11-05,US,Wisconsin,Iowa,683,2,0,43.00050278,-90.13469017,55049.0,2884.5341667370562,0.2928257686676428,681,639,2,0,637,620,23771,44,0,0,44,19
2020-11-05,US,Wisconsin,Iron,241,5,0,46.26302338,-90.24295041,55051.0,4237.7351855108145,2.074688796680498,236,232,5,0,227,224,5676,9,0,0,9,8
2020-11-05,US,Wisconsin,Jackson,746,2,0,44.31864893,-90.80566792,55053.0,3613.815821343797,0.2680965147453083,744,720,2,0,718,666,20478,26,0,0,26,54
2020-11-05,US,Wisconsin,Jefferson,3334,21,0,43.02054068,-88.77529134,55055.0,3933.041560004247,0.629874025194961,3313,3246,20,0,3226,3152,85129,88,1,0,87,94
2020-11-05,US,Wisconsin,Juneau,942,5,0,43.92456975,-90.11120239,55057.0,3529.808521002735,0.5307855626326964,937,918,5,0,913,904,26617,24,0,0,24,14
2020-11-05,US,Wisconsin,Kenosha,6078,94,0,42.57639354,-88.04051686,55059.0,3584.550692671074,1.546561368871339,5984,5892,94,0,5798,5787,169290,186,0,0,186,105
2020-11-05,US,Wisconsin,Kewaunee,1253,10,0,44.51727459,-87.61468386,55061.0,6131.936967798767,0.7980845969672785,1243,1240,9,0,1231,1219,20383,13,1,0,12,21
2020-11-05,US,Wisconsin,La Crosse,5035,26,0,43.90632465,-91.11451093,55063.0,4266.370661605206,0.5163853028798411,5009,4910,23,0,4887,4740,118230,125,3,0,122,170
2020-11-05,US,Wisconsin,Lafayette,636,1,0,42.66005229,-90.1317729,55065.0,3816.3816381638158,0.15723270440251572,635,622,1,0,621,615,16665,14,0,0,14,7
2020-11-05,US,Wisconsin,Langlade,1143,12,0,45.26271619,-89.07483625,55067.0,5956.537599666474,1.0498687664041997,1131,1131,12,0,1119,1113,19268,12,0,0,12,18
2020-11-05,US,Wisconsin,Lincoln,1117,13,0,45.33737523,-89.73411273,55069.0,4048.128148443445,1.1638316920322291,1104,1081,13,0,1068,1033,27689,36,0,0,36,48
2020-11-05,US,Wisconsin,Manitowoc,3292,18,0,44.11946801,-87.80928853,55071.0,4168.09105987516,0.5467800729040098,3274,3250,18,0,3232,3205,79074,42,0,0,42,45
2020-11-05,US,Wisconsin,Marathon,6105,70,0,44.89792533,-89.75863384,55073.0,4499.159862040504,1.1466011466011463,6035,5932,67,0,5865,5704,135428,173,3,0,170,228
2020-11-05,US,Wisconsin,Marinette,2057,18,0,45.38553432,-88.03324599999998,55075.0,5097.893432465923,0.8750607681088964,2039,2015,18,0,1997,1978,40434,42,0,0,42,37
2020-11-05,US,Wisconsin,Marquette,767,5,0,43.81911946,-89.40073763,55077.0,4924.8747913188645,0.651890482398957,762,757,5,0,752,726,15434,10,0,0,10,31
2020-11-05,US,Wisconsin,Menominee,377,1,0,45.00422544,-88.70950714,55078.0,8274.802458296752,0.26525198938992045,376,359,1,0,358,355,4658,18,0,0,18,4
2020-11-05,US,Wisconsin,Milwaukee,46805,606,0,43.00486062,-87.96733172,55079.0,4949.107881141049,1.2947334686465122,46199,45906,603,0,45303,44945,948201,899,3,0,896,961
2020-11-05,US,Wisconsin,Monroe,1421,8,0,43.94641218,-90.61881899999999,55081.0,3072.2331524441656,0.5629838142153413,1413,1373,8,0,1365,1347,46051,48,0,0,48,26
2020-11-05,US,Wisconsin,Oconto,2400,18,0,45.02715345,-88.26807503,55083.0,6327.4452939625635,0.75,2382,2377,18,0,2359,2339,37830,23,0,0,23,38
2020-11-05,US,Wisconsin,Oneida,1476,14,0,45.70677897,-89.51944105,55085.0,4146.6498103666245,0.948509485094851,1462,1458,14,0,1444,1413,35470,18,0,0,18,45
2020-11-05,US,Wisconsin,Outagamie,10476,84,0,44.41578887,-88.46565023,55087.0,5575.751124357985,0.8018327605956472,10392,10307,83,0,10224,10114,187365,169,1,0,168,193
2020-11-05,US,Wisconsin,Ozaukee,2877,26,0,43.38352225,-87.94625009,55089.0,3224.5771735353783,0.9037191518943344,2851,2810,25,0,2785,2635,89147,67,1,0,66,175
2020-11-05,US,Wisconsin,Pepin,216,0,0,44.58307413,-91.99949611,55091.0,2964.1827912721283,0.0,216,200,0,0,200,192,7289,16,0,0,16,8
2020-11-05,US,Wisconsin,Pierce,963,7,0,44.71850291,-92.4224416,55093.0,2252.420826121533,0.726895119418484,956,915,7,0,908,883,42555,48,0,0,48,32
2020-11-05,US,Wisconsin,Polk,786,3,0,45.46130348,-92.44182875,55095.0,1795.2173217915629,0.3816793893129771,783,729,3,0,726,709,43598,57,0,0,57,20
2020-11-05,US,Wisconsin,Portage,3281,23,0,44.47558711,-89.50152965,55097.0,4636.014242920929,0.7010057909174032,3258,3208,22,0,3186,3138,70942,73,1,0,72,70
2020-11-05,US,Wisconsin,Price,450,3,0,45.68051754,-90.36098879999999,55099.0,3370.5340423938287,0.6666666666666666,447,435,3,0,432,425,13397,15,0,0,15,10
2020-11-05,US,Wisconsin,Racine,8979,122,0,42.74753117,-88.05941254,55101.0,4573.864938796094,1.3587259160262837,8857,8736,121,0,8615,8565,196584,243,1,0,242,171
2020-11-05,US,Wisconsin,Richland,550,9,0,43.3762778,-90.43012729,55103.0,3188.036169719453,1.6363636363636365,541,542,9,0,533,533,17377,8,0,0,8,9
2020-11-05,US,Wisconsin,Rock,6091,48,0,42.67151616,-89.07147900000002,55105.0,3728.711877272672,0.7880479395829914,6043,5977,47,0,5930,5876,163129,114,1,0,113,101
2020-11-05,US,Wisconsin,Rusk,325,1,0,45.47498854,-91.1333012,55107.0,2292.283820002821,0.3076923076923077,324,303,1,0,302,290,14147,22,0,0,22,13
2020-11-05,US,Wisconsin,Sauk,2227,8,0,43.42574087,-89.94966132,55111.0,3455.8207380279937,0.3592276605298608,2219,2159,8,0,2151,2096,64249,68,0,0,68,63
2020-11-05,US,Wisconsin,Sawyer,463,4,0,45.87931905,-91.14504927,55113.0,2796.231428916536,0.8639308855291576,459,446,4,0,442,431,16489,17,0,0,17,15
2020-11-05,US,Wisconsin,Shawano,2821,37,0,44.78902246,-88.76443896,55115.0,6897.479155969582,1.3115916341722793,2784,2779,36,0,2743,2741,40796,42,1,0,41,38
2020-11-05,US,Wisconsin,Sheboygan,5757,32,0,43.72099677,-87.94579284,55117.0,4991.329980925958,0.5558450581900295,5725,5680,31,0,5649,5546,115456,77,1,0,76,134
2020-11-05,US,Wisconsin,St. Croix,2383,14,0,45.03437474,-92.45000068,55109.0,2627.7195187843904,0.5874947545111204,2369,2335,12,0,2323,2255,89694,48,2,0,46,80
2020-11-05,US,Wisconsin,Taylor,627,8,0,45.21179252,-90.5004405,55119.0,3082.1412770977727,1.2759170653907497,619,614,7,0,607,597,20412,13,1,0,12,17
2020-11-05,US,Wisconsin,Trempealeau,1277,6,0,44.30360275,-91.35893614,55121.0,4307.059260008769,0.4698512137823023,1271,1236,5,0,1231,1198,29442,41,1,0,40,38
2020-11-05,US,Wisconsin,Vernon,607,2,0,43.59422667,-90.8324691,55123.0,1969.372526117708,0.32948929159802304,605,582,2,0,580,562,30785,25,0,0,25,20
2020-11-05,US,Wisconsin,Vilas,744,7,0,46.05467334,-89.51719204,55125.0,3352.1063302545617,0.9408602150537636,737,722,7,0,715,673,21938,22,0,0,22,49
2020-11-05,US,Wisconsin,Walworth,3830,39,0,42.66858202,-88.54163073,55127.0,3687.372434243463,1.0182767624020888,3791,3717,39,0,3678,3684,103718,113,0,0,113,33
2020-11-05,US,Wisconsin,Washburn,304,2,0,45.89838588,-91.79050449,55129.0,1933.8422391857507,0.6578947368421053,302,292,2,0,290,284,15878,12,0,0,12,8
2020-11-05,US,Wisconsin,Washington,5456,50,0,43.36863664,-88.22974712,55131.0,4010.7620153785083,0.9164222873900292,5406,5283,48,0,5235,5038,135693,173,2,0,171,245
2020-11-05,US,Wisconsin,Waukesha,14675,135,0,43.01833055,-88.30431188,55133.0,3630.6463663847917,0.919931856899489,14540,14237,133,0,14104,13887,403072,438,2,0,436,350
2020-11-05,US,Wisconsin,Waupaca,2779,55,0,44.47068056,-88.96534501,55135.0,5450.088252598549,1.9791291831594096,2724,2726,53,0,2673,2685,51128,53,2,0,51,41
2020-11-05,US,Wisconsin,Waushara,1426,5,0,44.11324419,-89.24317107,55137.0,5833.981098883117,0.3506311360448808,1421,1385,5,0,1380,1304,24263,41,0,0,41,81
2020-11-05,US,Wisconsin,Winnebago,9943,75,0,44.06886922,-88.64477096,55139.0,5783.941317107506,0.7542995071909886,9868,9800,74,0,9726,9664,171020,143,1,0,142,136
2020-11-05,US,Wisconsin,Wood,2208,15,0,44.45537896,-90.04158336,55141.0,3024.6989684790196,0.6793478260869565,2193,2188,15,0,2173,2051,73055,20,0,0,20,137
2020-11-05,US,Wyoming,Albany,1693,6,0,41.65498705,-105.72354150000001,56001.0,4354.423868312757,0.3544004725339634,1687,1683,6,0,1677,1646,38601,10,0,0,10,37
2020-11-05,US,Wyoming,Big Horn,278,8,0,44.52405055,-107.9960365,56003.0,2357.930449533503,2.8776978417266186,270,268,8,0,260,268,11881,10,0,0,10,0
2020-11-05,US,Wyoming,Campbell,1411,4,0,44.24886082,-105.54744040000001,56005.0,3044.819921883429,0.28348688873139616,1407,1390,4,0,1386,1328,46140,21,0,0,21,62
2020-11-05,US,Wyoming,Carbon,354,2,0,41.69357844,-106.9326084,56007.0,2391.891891891892,0.5649717514124294,352,350,2,0,348,348,14971,4,0,0,4,2
2020-11-05,US,Wyoming,Converse,379,4,0,42.97272268,-105.5081848,56009.0,2742.005498480683,1.0554089709762533,375,368,4,0,364,356,13640,11,0,0,11,12
2020-11-05,US,Wyoming,Crook,138,1,0,44.58855102,-104.56977049999999,56011.0,1819.620253164557,0.7246376811594203,137,132,1,0,131,124,7450,6,0,0,6,8
2020-11-05,US,Wyoming,Fremont,1691,18,0,43.04183996,-108.6296893,56013.0,4307.073176944041,1.064458900059137,1673,1636,18,0,1618,1588,39531,55,0,0,55,48
2020-11-05,US,Wyoming,Goshen,217,6,0,42.08798185,-104.3534743,56015.0,1642.5705851184616,2.7649769585253456,211,209,6,0,203,201,13376,8,0,0,8,8
2020-11-05,US,Wyoming,Hot Springs,58,0,0,43.71930657,-108.44231740000001,56017.0,1314.2986630410153,0.0,58,58,0,0,58,55,4555,0,0,0,0,3
2020-11-05,US,Wyoming,Johnson,142,2,0,44.04057166,-106.58451740000001,56019.0,1681.468324452339,1.4084507042253518,140,138,2,0,136,135,8460,4,0,0,4,3
2020-11-05,US,Wyoming,Laramie,2147,8,0,41.30702520000001,-104.6887497,56021.0,2157.788944723618,0.3726129482999535,2139,2086,8,0,2078,2031,98976,61,0,0,61,55
2020-11-05,US,Wyoming,Lincoln,396,3,0,42.26376367,-110.6563997,56023.0,1996.9742813918303,0.7575757575757576,393,390,3,0,387,386,19434,6,0,0,6,4
2020-11-05,US,Wyoming,Natrona,1936,12,0,42.96180148,-106.79788500000001,56025.0,2424.3031380700745,0.6198347107438017,1924,1887,12,0,1875,1813,79115,49,0,0,49,74
2020-11-05,US,Wyoming,Niobrara,26,0,0,43.05607708,-104.47588959999999,56027.0,1103.5653650254671,0.0,26,20,0,0,20,18,2388,6,0,0,6,2
2020-11-05,US,Wyoming,Park,788,3,0,44.52157546,-109.58528249999999,56029.0,2699.184763992601,0.3807106598984771,785,765,3,0,762,744,29324,23,0,0,23,21
2020-11-05,US,Wyoming,Platte,190,4,0,42.13299116,-104.96633100000001,56031.0,2263.791254616943,2.1052631578947367,186,186,4,0,182,172,8566,4,0,0,4,14
2020-11-05,US,Wyoming,Sheridan,899,6,0,44.79048913,-106.8862389,56033.0,2948.9913072002623,0.6674082313681868,893,888,6,0,882,871,30233,11,0,0,11,17
2020-11-05,US,Wyoming,Sublette,200,1,0,42.76558279,-109.91309220000001,56035.0,2034.3810395687112,0.5,199,197,1,0,196,194,9813,3,0,0,3,3
2020-11-05,US,Wyoming,Sweetwater,658,4,0,41.65943896,-108.8827882,56037.0,1553.975863779137,0.6079027355623101,654,638,4,0,634,621,43051,20,0,0,20,17
2020-11-05,US,Wyoming,Teton,897,2,0,43.93522482,-110.5890801,56039.0,3822.877599727242,0.2229654403567447,895,873,2,0,871,862,23081,24,0,0,24,11
2020-11-05,US,Wyoming,Uinta,529,3,0,41.2878183,-110.54757820000002,56041.0,2615.445466231583,0.5671077504725898,526,518,3,0,515,510,20299,11,0,0,11,8
2020-11-05,US,Wyoming,Washakie,179,7,0,43.90451606,-107.68018700000002,56043.0,2293.401665598975,3.910614525139665,172,175,7,0,168,167,7885,4,0,0,4,8
2020-11-05,US,Wyoming,Weston,203,1,0,43.83961191,-104.56748809999999,56045.0,2930.561570665512,0.4926108374384237,202,189,1,0,188,181,6967,14,0,0,14,8
