Date,Country/Region,Province/State,Admin2,Confirmed,Deaths,Recovered,Latitude,Longitude,FIPS,Incidence_Rate,Case-Fatality_Ratio,Active Cases,Previous Confirmed,Previous Deaths,Previous Recovered,Previous Active,Prev2 Confirmed,Population,Daily Confirmed,Daily Deaths,Daily Recovered,Daily Active,Previous Daily Confirmed
2020-09-12,US,Alabama,Autauga,1432,23,0,32.53952745,-86.64408227,1001.0,2563.138771053715,1.6061452513966483,1409,1420,23,0,1397,1413,55601,12,0,0,12,7
2020-09-12,US,Alabama,Baldwin,4752,43,0,30.72774991,-87.72207058,1003.0,2128.7079925101016,0.9048821548821548,4709,4722,43,0,4679,4678,218022,30,0,0,30,44
2020-09-12,US,Alabama,Barbour,620,7,0,31.868263,-85.3871286,1005.0,2511.545005266143,1.1290322580645162,613,618,7,0,611,618,24881,2,0,0,2,0
2020-09-12,US,Alabama,Bibb,576,6,0,32.99642064,-87.12511459999996,1007.0,2572.117531481647,1.0416666666666667,570,574,6,0,568,566,22400,2,0,0,2,8
2020-09-12,US,Alabama,Blount,1114,13,0,33.98210918,-86.56790593,1009.0,1926.4690623594918,1.1669658886894076,1101,1109,12,0,1097,1099,57840,5,1,0,4,10
2020-09-12,US,Alabama,Bullock,552,13,0,32.10030533,-85.71265535,1011.0,5464.805464805465,2.355072463768116,539,551,13,0,538,550,10138,1,0,0,1,1
2020-09-12,US,Alabama,Butler,865,37,0,31.75300095,-86.68057478,1013.0,4447.758124228712,4.277456647398844,828,863,37,0,826,863,19680,2,0,0,2,0
2020-09-12,US,Alabama,Calhoun,2728,31,0,33.77483727,-85.82630386,1015.0,2401.302759561639,1.1363636363636365,2697,2679,31,0,2648,2652,114277,49,0,0,49,27
2020-09-12,US,Alabama,Chambers,863,40,0,32.91360079,-85.39072749,1017.0,2595.1765201178805,4.634994206257242,823,862,40,0,822,858,33615,1,0,0,1,4
2020-09-12,US,Alabama,Cherokee,392,11,0,34.17805983,-85.60638968,1019.0,1496.4116659031913,2.8061224489795915,381,380,11,0,369,376,26032,12,0,0,12,4
2020-09-12,US,Alabama,Chilton,1234,14,0,32.85044126,-86.7173256,1021.0,2777.52768524354,1.1345218800648298,1220,1216,13,0,1203,1198,44153,18,1,0,17,18
2020-09-12,US,Alabama,Choctaw,328,12,0,32.02227341,-88.26564429999998,1023.0,2605.44920168401,3.6585365853658534,316,328,12,0,316,327,12841,0,0,0,0,1
2020-09-12,US,Alabama,Clarke,935,14,0,31.68099859,-87.83548597,1025.0,3958.174583015833,1.497326203208556,921,933,13,0,920,934,23920,2,1,0,1,-1
2020-09-12,US,Alabama,Clay,421,7,0,33.26984193,-85.85836077,1027.0,3180.959576879486,1.66270783847981,414,418,7,0,411,415,13275,3,0,0,3,3
2020-09-12,US,Alabama,Cleburne,269,6,0,33.67679204,-85.52005899,1029.0,1804.1582830315226,2.2304832713754648,263,260,5,0,255,248,14987,9,1,0,8,12
2020-09-12,US,Alabama,Coffee,1038,5,0,31.39932826,-85.98901039,1031.0,1983.1110771464603,0.4816955684007707,1033,1030,5,0,1025,1024,51909,8,0,0,8,6
2020-09-12,US,Alabama,Colbert,1507,23,0,34.69847452,-87.80168544,1033.0,2728.0461975706453,1.5262110152621102,1484,1503,22,0,1481,1500,54762,4,1,0,3,3
2020-09-12,US,Alabama,Conecuh,443,11,0,31.43401703,-86.99320044,1035.0,3671.169304715339,2.4830699774266365,432,441,11,0,430,439,12277,2,0,0,2,2
2020-09-12,US,Alabama,Coosa,114,3,0,32.93690146,-86.24847739,1037.0,1069.117509143768,2.631578947368421,111,113,3,0,110,111,10715,1,0,0,1,2
2020-09-12,US,Alabama,Covington,838,25,0,31.247785399999998,-86.45050893,1039.0,2261.869416178575,2.9832935560859193,813,837,25,0,812,828,36986,1,0,0,1,9
2020-09-12,US,Alabama,Crenshaw,417,30,0,31.72941803,-86.31593104,1041.0,3027.88266047052,7.1942446043165456,387,416,30,0,386,412,13824,1,0,0,1,4
2020-09-12,US,Alabama,Cullman,1506,15,0,34.13020303,-86.86888037,1043.0,1797.8225575398722,0.99601593625498,1491,1501,15,0,1486,1495,83442,5,0,0,5,6
2020-09-12,US,Alabama,Dale,1087,42,0,31.43037123,-85.61095742,1045.0,2210.607662897584,3.863845446182153,1045,1078,42,0,1036,1072,48956,9,0,0,9,6
2020-09-12,US,Alabama,Dallas,1473,25,0,32.32688101,-87.10866709999998,1047.0,3960.103236907194,1.6972165648336728,1448,1470,25,0,1445,1462,38310,3,0,0,3,8
2020-09-12,US,Alabama,DeKalb,2142,16,0,34.45946862,-85.80782906,1049.0,2995.259603149078,0.7469654528478058,2126,2136,16,0,2120,2128,71385,6,0,0,6,8
2020-09-12,US,Alabama,Elmore,2188,44,0,32.59785413,-86.14415284,1051.0,2694.282653400485,2.010968921389397,2144,2180,44,0,2136,2170,81887,8,0,0,8,10
2020-09-12,US,Alabama,Escambia,1288,23,0,31.1256789,-87.15918694,1053.0,3515.9555591952612,1.7857142857142858,1265,1279,23,0,1256,1276,36748,9,0,0,9,3
2020-09-12,US,Alabama,Etowah,2855,43,0,34.04567266,-86.04051873,1055.0,2791.6845934212074,1.5061295971978983,2812,2844,42,0,2802,2825,102501,11,1,0,10,19
2020-09-12,US,Alabama,Fayette,341,7,0,33.72076938,-87.73886638,1057.0,2091.7678812415656,2.0527859237536656,334,336,7,0,329,327,16433,5,0,0,5,9
2020-09-12,US,Alabama,Franklin,1642,28,0,34.44235334,-87.84289505,1059.0,5235.6354824309665,1.705237515225335,1614,1633,28,0,1605,1624,31363,9,0,0,9,9
2020-09-12,US,Alabama,Geneva,411,3,0,31.09389027,-85.83572839,1061.0,1564.4627155418525,0.7299270072992701,408,408,3,0,405,407,26314,3,0,0,3,1
2020-09-12,US,Alabama,Greene,282,14,0,32.85504247,-87.95684022,1063.0,3476.75995561583,4.964539007092198,268,282,14,0,268,282,8233,0,0,0,0,0
2020-09-12,US,Alabama,Hale,551,27,0,32.76039258,-87.63284988,1065.0,3760.835437854071,4.900181488203267,524,551,27,0,524,548,14726,0,0,0,0,3
2020-09-12,US,Alabama,Henry,359,3,0,31.51148016,-85.24267944,1067.0,2086.602731764022,0.8356545961002786,356,355,3,0,352,351,17209,4,0,0,4,4
2020-09-12,US,Alabama,Houston,1994,15,0,31.15197924,-85.29939599,1069.0,1883.2284996505546,0.7522567703109327,1979,1969,15,0,1954,1960,104722,25,0,0,25,9
2020-09-12,US,Alabama,Jackson,1354,8,0,34.78144169,-85.99750489,1071.0,2622.709487467555,0.5908419497784343,1346,1344,8,0,1336,1338,51736,10,0,0,10,6
2020-09-12,US,Alabama,Jefferson,17277,310,0,33.55554728,-86.89506300000002,1073.0,2623.399380175015,1.7942929906812526,16967,17157,310,0,16847,17013,659300,120,0,0,120,144
2020-09-12,US,Alabama,Lamar,289,2,0,33.77995024,-88.09668032,1075.0,2093.4444042013765,0.6920415224913494,287,288,2,0,286,283,13844,1,0,0,1,5
2020-09-12,US,Alabama,Lauderdale,1518,30,0,34.90171875,-87.65624729,1077.0,1637.0283298644438,1.9762845849802368,1488,1512,29,0,1483,1504,92387,6,1,0,5,8
2020-09-12,US,Alabama,Lawrence,529,12,0,34.52041498,-87.31069453,1079.0,1606.7306524116143,2.268431001890359,517,526,10,0,516,515,32957,3,2,0,1,11
2020-09-12,US,Alabama,Lee,3593,49,0,32.60154883,-85.35132246,1081.0,2183.6370045337967,1.3637628722516004,3544,3585,49,0,3536,3560,163941,8,0,0,8,25
2020-09-12,US,Alabama,Limestone,1776,18,0,34.81185586,-86.98310072,1083.0,1795.480968508315,1.0135135135135136,1758,1752,18,0,1734,1740,96174,24,0,0,24,12
2020-09-12,US,Alabama,Lowndes,604,25,0,32.1597283,-86.65158371,1085.0,6210.158338474193,4.139072847682119,579,603,25,0,578,602,9974,1,0,0,1,1
2020-09-12,US,Alabama,Macon,420,17,0,32.38759944,-85.69267724,1087.0,2324.551693601948,4.047619047619048,403,418,17,0,401,415,18439,2,0,0,2,3
2020-09-12,US,Alabama,Madison,6791,65,0,34.76327133,-86.55069633,1089.0,1821.0877184514184,0.9571491680164924,6726,6748,64,0,6684,6675,366519,43,1,0,42,73
2020-09-12,US,Alabama,Marengo,656,18,0,32.24767634,-87.78796182,1091.0,3477.707681704925,2.7439024390243905,638,653,18,0,635,649,19066,3,0,0,3,4
2020-09-12,US,Alabama,Marion,779,27,0,34.13697363,-87.88704173,1093.0,2622.1010468208287,3.465982028241335,752,776,27,0,749,770,29763,3,0,0,3,6
2020-09-12,US,Alabama,Marshall,3536,41,0,34.36975964,-86.30486727,1095.0,3653.873974414616,1.159502262443439,3495,3530,41,0,3489,3520,96109,6,0,0,6,10
2020-09-12,US,Alabama,Mobile,12478,277,0,30.78472347,-88.20842409,1097.0,3019.7720287505144,2.2199070363840363,12201,12435,275,0,12160,12403,413757,43,2,0,41,32
2020-09-12,US,Alabama,Monroe,444,8,0,31.56729412,-87.36995001,1099.0,2141.5135291564175,1.8018018018018016,436,442,8,0,434,441,21067,2,0,0,2,1
2020-09-12,US,Alabama,Montgomery,8096,166,0,32.2206831,-86.20969272,1101.0,3574.6138834188428,2.050395256916996,7930,8055,166,0,7889,8021,225763,41,0,0,41,34
2020-09-12,US,Alabama,Morgan,2944,24,0,34.45500589,-86.85475946,1103.0,2459.9136022192693,0.8152173913043478,2920,2935,24,0,2911,2919,119089,9,0,0,9,16
2020-09-12,US,Alabama,Perry,485,5,0,32.64048341,-87.29770589,1105.0,5435.391684411073,1.0309278350515465,480,485,5,0,480,484,9140,0,0,0,0,1
2020-09-12,US,Alabama,Pickens,561,12,0,33.28094866,-88.08818103,1107.0,2814.85198193678,2.1390374331550803,549,559,12,0,547,556,19938,2,0,0,2,3
2020-09-12,US,Alabama,Pike,879,7,0,31.80396383,-85.9408295,1109.0,2654.4663888385576,0.7963594994311718,872,872,7,0,865,866,33338,7,0,0,7,6
2020-09-12,US,Alabama,Randolph,502,11,0,33.29526734,-85.45708831,1111.0,2209.3125605140394,2.191235059760956,491,501,11,0,490,499,22725,1,0,0,1,2
2020-09-12,US,Alabama,Russell,1575,2,0,32.28725256,-85.18415324,1113.0,2717.344421248771,0.12698412698412698,1573,1575,2,0,1573,1569,57781,0,0,0,0,6
2020-09-12,US,Alabama,Shelby,4576,40,0,33.26879845,-86.66232561,1117.0,2101.9558846496593,0.8741258741258742,4536,4535,40,0,4495,4482,215707,41,0,0,41,53
2020-09-12,US,Alabama,St. Clair,1794,32,0,33.71902176,-86.31029372,1115.0,2004.200554115649,1.7837235228539576,1762,1771,32,0,1739,1749,88690,23,0,0,23,22
2020-09-12,US,Alabama,Sumter,404,19,0,32.59117397,-88.19916205,1119.0,3250.9857568198277,4.702970297029704,385,404,19,0,385,404,12691,0,0,0,0,0
2020-09-12,US,Alabama,Talladega,1351,22,0,33.37823223,-86.16886178,1121.0,1689.2145339968495,1.6284233900814211,1329,1344,21,0,1323,1327,79828,7,1,0,6,17
2020-09-12,US,Alabama,Tallapoosa,953,83,0,32.86698258,-85.79833053,1123.0,2360.8392994277506,8.709338929695697,870,949,83,0,866,946,40497,4,0,0,4,3
2020-09-12,US,Alabama,Tuscaloosa,5500,96,0,33.28726072,-87.52556818,1125.0,2627.116620095054,1.7454545454545454,5404,5463,96,0,5367,5416,208911,37,0,0,37,47
2020-09-12,US,Alabama,Unassigned,12823,133,0,0.0,0.0,90001.0,0.0,1.0371987834360137,12690,12606,129,0,12477,12298,,217,4,0,213,308
2020-09-12,US,Alabama,Walker,2007,76,0,33.80270512,-87.30027177,1127.0,3159.585019127533,3.786746387643249,1931,1998,76,0,1922,1985,63711,9,0,0,9,13
2020-09-12,US,Alabama,Washington,506,13,0,31.4092794,-88.20689944,1129.0,3099.350728898689,2.569169960474308,493,503,13,0,490,503,16378,3,0,0,3,0
2020-09-12,US,Alabama,Wilcox,479,11,0,31.98773215,-87.30891118,1131.0,4617.757640026993,2.2964509394572024,468,479,11,0,468,477,10627,0,0,0,0,2
2020-09-12,US,Alabama,Winston,610,12,0,34.15030532,-87.37325922,1133.0,2581.573490202717,1.9672131147540983,598,605,12,0,593,600,23660,5,0,0,5,5
2020-09-12,US,Alaska,Aleutians East,2,0,0,55.32222414,-161.9722021,2013.0,59.93407252022774,0.0,2,2,0,0,2,2,3515,0,0,0,0,0
2020-09-12,US,Alaska,Aleutians West,7,0,0,52.3233,-174.1596,2016.0,124.24565140220093,0.0,7,7,0,0,7,7,5723,0,0,0,0,0
2020-09-12,US,Alaska,Anchorage,3515,27,0,61.14998174,-149.14269860000005,2020.0,1220.486111111111,0.7681365576102418,3488,3450,26,0,3424,3411,291538,65,1,0,64,39
2020-09-12,US,Alaska,Bethel,80,1,0,60.90980451,-159.8561831,2050.0,435.1136734471881,1.25,79,74,1,0,73,74,18216,6,0,0,6,0
2020-09-12,US,Alaska,Bristol Bay,10,0,0,58.74513976,-156.701064,2060.0,1196.1722488038274,0.0,10,10,0,0,10,10,877,0,0,0,0,0
2020-09-12,US,Alaska,Denali,2,0,0,63.67264044,-150.0076108,2068.0,95.37434430138292,0.0,2,2,0,0,2,2,2059,0,0,0,0,0
2020-09-12,US,Alaska,Dillingham,6,0,0,59.79603738,-158.23819419999995,2070.0,122.05044751830758,0.0,6,5,0,0,5,5,5000,1,0,0,1,0
2020-09-12,US,Alaska,Fairbanks North Star,856,9,0,64.80726247,-146.5692662,2090.0,883.8501171927434,1.0514018691588785,847,836,9,0,827,804,98971,20,0,0,20,32
2020-09-12,US,Alaska,Haines,4,0,0,59.09893571,-135.4679843,2100.0,158.10276679841897,0.0,4,4,0,0,4,4,2474,0,0,0,0,0
2020-09-12,US,Alaska,Juneau,229,1,0,58.45031811,-134.200436,2110.0,716.2069181209732,0.4366812227074236,228,223,1,0,222,218,32113,6,0,0,6,5
2020-09-12,US,Alaska,Kenai Peninsula,426,2,0,60.24429722,-151.53888840000005,2122.0,725.6251277509027,0.4694835680751174,424,426,2,0,424,425,58533,0,0,0,0,1
2020-09-12,US,Alaska,Ketchikan Gateway,48,0,0,55.57445008,-130.975561,2130.0,345.2988993597583,0.0,48,47,0,0,47,47,13918,1,0,0,1,0
2020-09-12,US,Alaska,Kodiak Island,19,0,0,57.65529415,-153.7493579,2150.0,146.17633482074166,0.0,19,19,0,0,19,19,13345,0,0,0,0,0
2020-09-12,US,Alaska,Kusilvak,9,0,0,62.15429159999999,-163.39678830000003,2158.0,108.2511426509502,0.0,9,10,0,0,10,9,8303,-1,0,0,-1,1
2020-09-12,US,Alaska,Matanuska-Susitna,531,2,0,62.31305045,-149.5741743,2170.0,490.22775741573344,0.3766478342749529,529,529,2,0,527,520,107610,2,0,0,2,9
2020-09-12,US,Alaska,Nome,50,0,0,64.90320724,-164.0353804,2180.0,499.8000799680128,0.0,50,48,0,0,48,47,10008,2,0,0,2,1
2020-09-12,US,Alaska,North Slope,60,0,0,69.31479216,-153.4836093,2185.0,610.2522375915379,0.0,60,59,0,0,59,57,9872,1,0,0,1,2
2020-09-12,US,Alaska,Northwest Arctic,73,0,0,67.04919196,-159.7503946,2188.0,957.8795433670122,0.0,73,73,0,0,73,73,7671,0,0,0,0,0
2020-09-12,US,Alaska,Petersburg,7,1,0,57.13978948,-132.9540995,2195.0,214.32945499081444,14.285714285714285,6,7,1,0,6,7,3221,0,0,0,0,0
2020-09-12,US,Alaska,Prince of Wales-Hyder,29,0,0,55.76261984,-133.0511621,2198.0,467.5157182008706,0.0,29,29,0,0,29,29,6422,0,0,0,0,0
2020-09-12,US,Alaska,Sitka,40,0,0,57.24124555,-135.3206587,2220.0,470.9760979630284,0.0,40,40,0,0,40,40,8647,0,0,0,0,0
2020-09-12,US,Alaska,Southeast Fairbanks,21,0,0,63.87692095,-143.2127643,2240.0,304.6568983026258,0.0,21,21,0,0,21,20,6918,0,0,0,0,1
2020-09-12,US,Alaska,Unassigned,1,0,0,0.0,0.0,90002.0,0.0,0.0,1,1,0,0,1,1,,0,0,0,0,0
2020-09-12,US,Alaska,Valdez-Cordova,75,0,0,61.47502768,-144.7126799,2261.0,815.0402086502934,0.0,75,75,0,0,75,75,9164,0,0,0,0,0
2020-09-12,US,Alaska,Wrangell,12,0,0,56.3202004,-132.05837309999998,2275.0,479.61630695443637,0.0,12,12,0,0,12,12,2503,0,0,0,0,0
2020-09-12,US,Alaska,Yakutat,21,0,0,59.890980799999994,-140.36014509999998,2282.0,3626.943005181347,0.0,21,21,0,0,21,21,604,0,0,0,0,0
2020-09-12,US,Alaska,Yukon-Koyukuk,74,1,0,65.50815459,-151.39073869999999,2290.0,1414.9139579349905,1.351351351351351,73,74,1,0,73,73,5327,0,0,0,0,1
2020-09-12,US,Arizona,Apache,3384,154,0,35.39465006,-109.4892383,4001.0,4707.387983919207,4.550827423167847,3230,3386,154,0,3232,3392,71818,-2,0,0,-2,-6
2020-09-12,US,Arizona,Cochise,1860,66,0,31.87934684,-109.7516088,4003.0,1477.1048744460854,3.548387096774193,1794,1856,64,0,1792,1855,126770,4,2,0,2,1
2020-09-12,US,Arizona,Coconino,3491,132,0,35.83883429,-111.77071780000001,4005.0,2433.159552817196,3.7811515325121743,3359,3454,131,0,3323,3436,142854,37,1,0,36,18
2020-09-12,US,Arizona,Gila,1167,51,0,33.80190085,-110.8132779,4007.0,2160.390980784183,4.370179948586118,1116,1162,51,0,1111,1154,53889,5,0,0,5,8
2020-09-12,US,Arizona,Graham,773,24,0,32.93166885,-109.8882178,4009.0,1990.370007982079,3.104786545924968,749,772,24,0,748,767,38072,1,0,0,1,5
2020-09-12,US,Arizona,Greenlee,59,1,0,33.21498827,-109.2405279,4011.0,621.1834070330598,1.6949152542372878,58,58,1,0,57,58,9483,1,0,0,1,0
2020-09-12,US,Arizona,La Paz,525,15,0,33.72854224,-113.98100290000001,4012.0,2487.208641273451,2.8571428571428568,510,524,15,0,509,525,21098,1,0,0,1,-1
2020-09-12,US,Arizona,Maricopa,137292,3158,0,33.34835867,-112.49181540000001,4013.0,3060.854583322744,2.3002068583748505,134134,136887,3140,0,133747,136571,4410824,405,18,0,387,316
2020-09-12,US,Arizona,Mohave,3787,216,0,35.70471703,-113.7577902,4015.0,1784.796942233282,5.703723263797201,3571,3781,216,0,3565,3776,209550,6,0,0,6,5
2020-09-12,US,Arizona,Navajo,5683,226,0,35.3997715,-110.3218983,4017.0,5123.327683819553,3.9767728312511004,5457,5677,226,0,5451,5665,110445,6,0,0,6,12
2020-09-12,US,Arizona,Pima,22357,602,0,32.0971334,-111.7890033,4019.0,2134.7701997271024,2.692668962740976,21755,22247,600,0,21647,22140,1039073,110,2,0,108,107
2020-09-12,US,Arizona,Pinal,10170,194,0,32.90525627,-111.3449483,4021.0,2197.545749790941,1.9075712881022613,9976,10156,193,0,9963,10142,447138,14,1,0,13,14
2020-09-12,US,Arizona,Santa Cruz,2784,61,0,31.52508998,-110.8479088,4023.0,5987.354294808379,2.1910919540229883,2723,2781,61,0,2720,2780,46511,3,0,0,3,1
2020-09-12,US,Arizona,Unassigned,0,1,0,0.0,0.0,90004.0,0.0,0.0,-1,0,1,0,-1,0,,0,0,0,0,0
2020-09-12,US,Arizona,Yavapai,2418,79,0,34.59933926,-112.5538588,4025.0,1028.5028860182306,3.2671629445822994,2339,2408,79,0,2329,2390,231993,10,0,0,10,18
2020-09-12,US,Arizona,Yuma,12378,335,0,32.76895712,-113.90666740000002,4027.0,5789.874969011212,2.706414606560026,12043,12374,332,0,12042,12351,212128,4,3,0,1,23
2020-09-12,US,Arkansas,Arkansas,311,4,0,34.29145151,-91.37277296,5001.0,1778.5657097106257,1.2861736334405145,307,302,4,0,298,302,17769,9,0,0,9,0
2020-09-12,US,Arkansas,Ashley,398,8,0,33.19153461,-91.76984709999999,5003.0,2024.7240168896576,2.010050251256281,390,397,8,0,389,395,20046,1,0,0,1,2
2020-09-12,US,Arkansas,Baxter,199,1,0,36.28784385,-92.33782872,5005.0,474.57788800915773,0.5025125628140703,198,177,1,0,176,173,41619,22,0,0,22,4
2020-09-12,US,Arkansas,Benton,5832,61,0,36.33644656,-94.25680817,5007.0,2089.26671467108,1.0459533607681757,5771,5752,61,0,5691,5699,272608,80,0,0,80,53
2020-09-12,US,Arkansas,Boone,477,5,0,36.3084504,-93.09374925,5009.0,1274.3107501602906,1.0482180293501049,472,456,5,0,451,441,37480,21,0,0,21,15
2020-09-12,US,Arkansas,Bradley,320,6,0,33.46755808,-92.15980837,5011.0,2973.148750348417,1.875,314,317,6,0,311,315,10897,3,0,0,3,2
2020-09-12,US,Arkansas,Calhoun,28,0,0,33.55598792,-92.49974403,5013.0,539.6030063596069,0.0,28,26,0,0,26,26,5277,2,0,0,2,0
2020-09-12,US,Arkansas,Carroll,543,8,0,36.34038560000001,-93.54270261,5015.0,1913.3192389006344,1.4732965009208103,535,538,8,0,530,518,28223,5,0,0,5,20
2020-09-12,US,Arkansas,Chicot,976,11,0,33.26458973,-91.29539209,5017.0,9646.17513342558,1.1270491803278688,965,973,11,0,962,970,10438,3,0,0,3,3
2020-09-12,US,Arkansas,Clark,275,4,0,34.04613432,-93.17484713,5019.0,1232.078853046595,1.4545454545454546,271,270,4,0,266,268,22061,5,0,0,5,2
2020-09-12,US,Arkansas,Clay,229,5,0,36.36826212,-90.4148172,5021.0,1573.7749982819046,2.183406113537118,224,221,5,0,216,216,14847,8,0,0,8,5
2020-09-12,US,Arkansas,Cleburne,293,7,0,35.53864922,-92.02640019,5023.0,1175.8096231791005,2.389078498293516,286,283,7,0,276,274,24965,10,0,0,10,9
2020-09-12,US,Arkansas,Cleveland,157,9,0,33.89723187,-92.18537045,5025.0,1973.3534439416794,5.732484076433121,148,152,7,0,145,145,8018,5,2,0,3,7
2020-09-12,US,Arkansas,Columbia,337,17,0,33.21230701,-93.22642793,5027.0,1436.6713560983926,5.044510385756675,320,331,16,0,315,323,23537,6,1,0,5,8
2020-09-12,US,Arkansas,Conway,231,3,0,35.26205537,-92.70506566,5029.0,1108.1262592343858,1.2987012987012987,228,226,3,0,223,222,20891,5,0,0,5,4
2020-09-12,US,Arkansas,Craighead,2337,16,0,35.83018283,-90.63235729,5031.0,2118.1524852264074,0.6846384253316218,2321,2276,16,0,2260,2213,108558,61,0,0,61,63
2020-09-12,US,Arkansas,Crawford,1078,10,0,35.58928601,-94.2446814,5033.0,1704.1592234851478,0.927643784786642,1068,1044,10,0,1034,1009,63406,34,0,0,34,35
2020-09-12,US,Arkansas,Crittenden,1799,36,0,35.21247318,-90.30839406,5035.0,3751.433635700136,2.0011117287381883,1763,1785,36,0,1749,1767,48342,14,0,0,14,18
2020-09-12,US,Arkansas,Cross,361,5,0,35.29631396,-90.77185818,5037.0,2198.672269931177,1.3850415512465375,356,350,5,0,345,345,16676,11,0,0,11,5
2020-09-12,US,Arkansas,Dallas,153,2,0,33.97042763,-92.65167437,5039.0,2182.9076901127123,1.30718954248366,151,148,2,0,146,141,7182,5,0,0,5,7
2020-09-12,US,Arkansas,Desha,260,5,0,33.83011025,-91.25500948,5041.0,2288.530939177889,1.9230769230769231,255,257,5,0,252,256,11512,3,0,0,3,1
2020-09-12,US,Arkansas,Drew,331,5,0,33.59035001,-91.71777921,5043.0,1816.784675338932,1.5105740181268883,326,326,5,0,321,322,18328,5,0,0,5,4
2020-09-12,US,Arkansas,Faulkner,1962,12,0,35.14719007,-92.33717519,5045.0,1557.0563540120786,0.6116207951070336,1950,1873,10,0,1863,1840,124806,89,2,0,87,33
2020-09-12,US,Arkansas,Franklin,208,2,0,35.51202821,-93.89299569,5047.0,1174.1462037821057,0.9615384615384616,206,199,2,0,197,195,17810,9,0,0,9,4
2020-09-12,US,Arkansas,Fulton,98,1,0,36.38177105,-91.81729127,5049.0,785.4452192033342,1.020408163265306,97,94,1,0,93,88,12269,4,0,0,4,6
2020-09-12,US,Arkansas,Garland,1610,36,0,34.57692074,-93.14921604,5051.0,1619.9464713339908,2.2360248447204967,1574,1589,36,0,1553,1563,99154,21,0,0,21,26
2020-09-12,US,Arkansas,Grant,221,1,0,34.29017991,-92.42320562,5053.0,1209.964412811388,0.4524886877828054,220,213,1,0,212,212,18188,8,0,0,8,1
2020-09-12,US,Arkansas,Greene,713,7,0,36.11735460000001,-90.55832668,5055.0,1573.0832873690015,0.9817671809256662,706,700,7,0,693,682,45325,13,0,0,13,18
2020-09-12,US,Arkansas,Hempstead,344,4,0,33.73325583,-93.66935133,5057.0,1597.6221437859924,1.162790697674419,340,337,4,0,333,337,21741,7,0,0,7,0
2020-09-12,US,Arkansas,Hot Spring,1782,23,0,34.31709259,-92.95396325,5059.0,5276.716709602913,1.2906846240179572,1759,1772,23,0,1749,1762,33701,10,0,0,10,10
2020-09-12,US,Arkansas,Howard,448,8,0,34.09007427,-93.9934871,5061.0,3393.4252386002117,1.7857142857142858,440,440,8,0,432,439,13341,8,0,0,8,1
2020-09-12,US,Arkansas,Independence,905,12,0,35.74242707,-91.57001641,5063.0,2392.597488433576,1.3259668508287292,893,863,12,0,851,844,37678,42,0,0,42,19
2020-09-12,US,Arkansas,Izard,128,0,0,36.09604046,-91.90847954,5065.0,939.1738205297528,0.0,128,123,0,0,123,119,13593,5,0,0,5,4
2020-09-12,US,Arkansas,Jackson,243,1,0,35.59802983,-91.21494602,5067.0,1453.436210299659,0.41152263374485604,242,227,1,0,226,217,16811,16,0,0,16,10
2020-09-12,US,Arkansas,Jefferson,2475,55,0,34.26767081,-91.92619839,5069.0,3703.759128456842,2.2222222222222223,2420,2431,55,0,2376,2372,68114,44,0,0,44,59
2020-09-12,US,Arkansas,Johnson,799,4,0,35.56759135,-93.46036368,5071.0,3006.24576717586,0.5006257822277848,795,795,4,0,791,792,26742,4,0,0,4,3
2020-09-12,US,Arkansas,Lafayette,80,2,0,33.24116713,-93.60677071,5073.0,1207.729468599034,2.5,78,79,2,0,77,78,6682,1,0,0,1,1
2020-09-12,US,Arkansas,Lawrence,309,11,0,36.04188196,-91.10867198,5075.0,1883.457271729855,3.559870550161812,298,283,11,0,272,276,16434,26,0,0,26,7
2020-09-12,US,Arkansas,Lee,1021,14,0,34.78498904,-90.78383866,5077.0,11527.60528395619,1.3712047012732616,1007,1018,14,0,1004,1015,8985,3,0,0,3,3
2020-09-12,US,Arkansas,Lincoln,1775,13,0,33.95317155,-91.74002806,5079.0,13628.685503685503,0.7323943661971831,1762,1774,13,0,1761,1769,13383,1,0,0,1,5
2020-09-12,US,Arkansas,Little River,323,18,0,33.70375665,-94.23468591,5081.0,2634.798923240069,5.572755417956658,305,318,18,0,300,313,12326,5,0,0,5,5
2020-09-12,US,Arkansas,Logan,380,1,0,35.21413234,-93.71951016,5083.0,1770.2413118419827,0.2631578947368421,379,376,1,0,375,375,21737,4,0,0,4,1
2020-09-12,US,Arkansas,Lonoke,910,7,0,34.75392199,-91.88742357,5085.0,1241.3209837809818,0.7692307692307693,903,819,5,0,814,804,73657,91,2,0,89,15
2020-09-12,US,Arkansas,Madison,319,2,0,36.01038185,-93.72524943,5087.0,1924.469111969112,0.6269592476489029,317,313,2,0,311,310,16481,6,0,0,6,3
2020-09-12,US,Arkansas,Marion,60,0,0,36.26844485,-92.68451899,5089.0,359.4105666706601,0.0,60,57,0,0,57,57,16722,3,0,0,3,0
2020-09-12,US,Arkansas,Miller,712,10,0,33.31403423,-93.89285258,5091.0,1645.9763737660955,1.404494382022472,702,684,10,0,674,674,43592,28,0,0,28,10
2020-09-12,US,Arkansas,Mississippi,1491,36,0,35.76271485,-90.05194370000002,5093.0,3667.8064500258297,2.414486921529175,1455,1477,35,0,1442,1456,41239,14,1,0,13,21
2020-09-12,US,Arkansas,Monroe,102,0,0,34.6815935,-91.20540287,5095.0,1522.1608715117147,0.0,102,102,0,0,102,101,6900,0,0,0,0,1
2020-09-12,US,Arkansas,Montgomery,121,4,0,34.53704874,-93.65824478,5097.0,1346.539060761184,3.3057851239669422,117,120,4,0,116,119,8924,1,0,0,1,1
2020-09-12,US,Arkansas,Nevada,176,12,0,33.66340119,-93.30632432,5099.0,2132.8162869607368,6.8181818181818175,164,172,12,0,160,171,8326,4,0,0,4,1
2020-09-12,US,Arkansas,Newton,172,16,0,35.91947491,-93.21612969,5101.0,2218.4960660389524,9.30232558139535,156,161,15,0,146,154,7805,11,1,0,10,7
2020-09-12,US,Arkansas,Ouachita,212,5,0,33.58839816,-92.87795984,5103.0,906.6803524078352,2.358490566037736,207,206,5,0,201,189,23606,6,0,0,6,17
2020-09-12,US,Arkansas,Perry,72,0,0,34.945915299999996,-92.94372564,5105.0,688.6657101865138,0.0,72,67,0,0,67,65,10352,5,0,0,5,2
2020-09-12,US,Arkansas,Phillips,430,10,0,34.43268455,-90.84800154,5107.0,2418.1756832752217,2.3255813953488373,420,427,10,0,417,424,18029,3,0,0,3,3
2020-09-12,US,Arkansas,Pike,212,1,0,34.16250414,-93.65789349,5109.0,1977.980966598246,0.4716981132075472,211,209,1,0,208,204,10673,3,0,0,3,5
2020-09-12,US,Arkansas,Poinsett,561,7,0,35.57433534,-90.66268713,5111.0,2384.393063583815,1.2477718360071302,554,549,6,0,543,537,23974,12,1,0,11,12
2020-09-12,US,Arkansas,Polk,247,4,0,34.48254879,-94.22728802,5113.0,1237.2270086155079,1.6194331983805668,243,244,4,0,240,241,20049,3,0,0,3,3
2020-09-12,US,Arkansas,Pope,1942,23,0,35.44871474,-93.03212219,5115.0,3030.965164190286,1.184346035015448,1919,1919,22,0,1897,1908,64000,23,1,0,22,11
2020-09-12,US,Arkansas,Prairie,130,1,0,34.83624419,-91.55162157,5117.0,1612.5031009675022,0.7692307692307693,129,124,1,0,123,124,8074,6,0,0,6,0
2020-09-12,US,Arkansas,Pulaski,8010,120,0,34.77054088,-92.31355101,5119.0,2043.8313800837439,1.49812734082397,7890,7795,118,0,7677,7683,392680,215,2,0,213,112
2020-09-12,US,Arkansas,Randolph,339,18,0,36.3415714,-91.02455531,5121.0,1887.7380554627466,5.3097345132743365,321,333,18,0,315,329,17948,6,0,0,6,4
2020-09-12,US,Arkansas,Saline,1819,17,0,34.64916145,-92.67583224,5125.0,1485.662013933697,0.9345794392523364,1802,1747,16,0,1731,1736,121421,72,1,0,71,11
2020-09-12,US,Arkansas,Scott,92,1,0,34.85588887,-94.0632176,5127.0,894.8545861297539,1.0869565217391304,91,91,1,0,90,90,10319,1,0,0,1,1
2020-09-12,US,Arkansas,Searcy,127,0,0,35.9109364,-92.69936482,5129.0,1611.4706255551325,0.0,127,122,0,0,122,118,7958,5,0,0,5,4
2020-09-12,US,Arkansas,Sebastian,3163,39,0,35.19605503,-94.27162713,5131.0,2474.4381077550124,1.233006639266519,3124,3128,39,0,3089,3075,127753,35,0,0,35,53
2020-09-12,US,Arkansas,Sevier,1181,16,0,33.99780401,-94.2424869,5133.0,6944.1994472864135,1.3547840812870449,1165,1176,16,0,1160,1175,17139,5,0,0,5,1
2020-09-12,US,Arkansas,Sharp,165,6,0,36.16258158,-91.47819342,5135.0,945.9924320605437,3.636363636363636,159,162,6,0,156,156,17366,3,0,0,3,6
2020-09-12,US,Arkansas,St. Francis,1386,4,0,35.02201976,-90.74828138,5123.0,5545.33087941106,0.2886002886002886,1382,1384,4,0,1380,1379,25439,2,0,0,2,5
2020-09-12,US,Arkansas,Stone,266,5,0,35.86251946,-92.15684085,5137.0,2126.979050055973,1.8796992481203008,261,259,5,0,254,257,12457,7,0,0,7,2
2020-09-12,US,Arkansas,Unassigned,1544,0,0,0.0,0.0,90005.0,0.0,0.0,1544,1287,0,0,1287,1117,,257,0,0,257,170
2020-09-12,US,Arkansas,Union,785,25,0,33.16887091,-92.59746952,5139.0,2029.3676645468177,3.1847133757961785,760,769,25,0,744,755,39126,16,0,0,16,14
2020-09-12,US,Arkansas,Van Buren,155,2,0,35.58095779,-92.51295036,5141.0,936.8389241462677,1.2903225806451613,153,153,2,0,151,148,16603,2,0,0,2,5
2020-09-12,US,Arkansas,Washington,8194,85,0,35.976844,-94.21800746,5143.0,3425.7714675128664,1.037344398340249,8109,7935,84,0,7851,7822,236961,259,1,0,258,113
2020-09-12,US,Arkansas,White,633,14,0,35.25688493,-91.74908296,5145.0,803.778903660813,2.2116903633491307,619,587,14,0,573,577,78727,46,0,0,46,10
2020-09-12,US,Arkansas,Woodruff,32,0,0,35.18902527,-91.2439489,5147.0,506.3291139240506,0.0,32,29,0,0,29,29,6490,3,0,0,3,0
2020-09-12,US,Arkansas,Yell,1201,26,0,35.00292371,-93.41171338,5149.0,5627.665057869828,2.1648626144879266,1175,1193,25,0,1168,1192,21535,8,1,0,7,1
2020-09-12,US,California,Alameda,19837,320,0,37.64629437,-121.8929271,6001.0,1186.899766592933,1.613147149266522,19517,19819,320,0,19499,19710,1666753,18,0,0,18,109
2020-09-12,US,California,Alpine,2,0,0,38.59678594,-119.82235940000001,6003.0,177.14791851195747,0.0,2,2,0,0,2,2,1101,0,0,0,0,0
2020-09-12,US,California,Amador,280,16,0,38.44583082,-120.65696000000001,6005.0,704.3670758703964,5.7142857142857135,264,280,16,0,264,280,39383,0,0,0,0,0
2020-09-12,US,California,Butte,2605,28,0,39.66727762,-121.6005252,6007.0,1188.4883158595896,1.0748560460652592,2577,2590,28,0,2562,2463,231256,15,0,0,15,127
2020-09-12,US,California,Calaveras,298,10,0,38.20537103,-120.55291299999999,6009.0,649.1667574338308,3.355704697986577,288,286,2,0,284,286,45602,12,8,0,4,0
2020-09-12,US,California,Colusa,489,6,0,39.17881957,-122.2331726,6011.0,2269.4574650763448,1.2269938650306749,483,487,6,0,481,485,21627,2,0,0,2,2
2020-09-12,US,California,Contra Costa,15058,189,0,37.91923498,-121.9289527,6013.0,1305.3888685647312,1.2551467658387567,14869,14966,188,0,14778,14885,1150215,92,1,0,91,81
2020-09-12,US,California,Del Norte,129,1,0,41.74228275,-123.89740630000001,6015.0,463.82856321012514,0.7751937984496124,128,128,1,0,127,124,27828,1,0,0,1,4
2020-09-12,US,California,El Dorado,1032,2,0,38.77965956,-120.5233166,6017.0,535.1503554705123,0.1937984496124031,1030,1025,2,0,1023,1019,190678,7,0,0,7,6
2020-09-12,US,California,Fresno,26917,337,0,36.75733899,-119.6466953,6019.0,2694.1220156921067,1.2519968792956124,26580,26783,337,0,26446,26724,994400,134,0,0,134,59
2020-09-12,US,California,Glenn,522,3,0,39.59875897,-122.3938452,6021.0,1838.481315817279,0.5747126436781609,519,519,3,0,516,497,28047,3,0,0,3,22
2020-09-12,US,California,Humboldt,447,5,0,40.69923009,-123.876044,6023.0,329.74815208250345,1.1185682326621924,442,447,5,0,442,442,136373,0,0,0,0,5
2020-09-12,US,California,Imperial,11274,308,0,33.0393082,-115.36690420000001,6025.0,6221.339293104876,2.7319496185914494,10966,11218,308,0,10910,11183,181827,56,0,0,56,35
2020-09-12,US,California,Inyo,186,14,0,36.51112084,-117.41119779999998,6027.0,1031.099284882754,7.526881720430107,172,185,14,0,171,183,17987,1,0,0,1,2
2020-09-12,US,California,Kern,30563,322,0,35.34329425,-118.72777959999999,6029.0,3395.1268715243914,1.053561495926447,30241,30440,307,0,30133,30371,896764,123,15,0,108,69
2020-09-12,US,California,Kings,7039,77,0,36.07409056,-119.8159973,6031.0,4602.45848044985,1.0939053842875408,6962,6918,76,0,6842,6894,151366,121,1,0,120,24
2020-09-12,US,California,Lake,390,7,0,39.10124298,-122.75362439999999,6033.0,605.721740751095,1.794871794871795,383,378,6,0,372,372,64382,12,1,0,11,6
2020-09-12,US,California,Lassen,727,0,0,40.67311306,-120.59350990000002,6035.0,2377.9151538939586,0.0,727,747,0,0,747,727,30802,-20,0,0,-20,20
2020-09-12,US,California,Los Angeles,253176,6197,0,34.30828379,-118.22824109999999,6037.0,2521.8976149970317,2.4477043637627585,246979,252066,6171,0,245895,251024,10105518,1110,26,0,1084,1042
2020-09-12,US,California,Madera,4150,58,0,37.21513971,-119.76655890000002,6039.0,2637.818047760397,1.3975903614457832,4092,4150,58,0,4092,4079,157672,0,0,0,0,71
2020-09-12,US,California,Marin,6429,99,0,38.07122463,-122.72106310000001,6041.0,2483.908108149877,1.5398973401773215,6330,6407,99,0,6308,6378,259666,22,0,0,22,29
2020-09-12,US,California,Mariposa,75,2,0,37.57978556,-119.9073334,6043.0,435.97047026681395,2.6666666666666665,73,74,2,0,72,74,17471,1,0,0,1,0
2020-09-12,US,California,Mendocino,778,17,0,39.4381191,-123.39113130000001,6045.0,896.8403093983792,2.185089974293059,761,778,18,0,760,778,87606,0,-1,0,1,0
2020-09-12,US,California,Merced,8541,127,0,37.18922369,-120.72090349999999,6047.0,3075.842696629213,1.4869453225617608,8414,8487,126,0,8361,8440,274765,54,1,0,53,47
2020-09-12,US,California,Modoc,22,0,0,41.58965602,-120.7244817,6049.0,248.84062888813483,0.0,22,22,0,0,22,22,8777,0,0,0,0,0
2020-09-12,US,California,Mono,163,2,0,37.93899289,-118.8872409,6051.0,1128.4962614234285,1.2269938650306749,161,162,2,0,160,162,14250,1,0,0,1,0
2020-09-12,US,California,Monterey,8761,64,0,36.21862405,-121.24133970000001,6053.0,2018.3799051285416,0.7305102157287979,8697,8738,62,0,8676,8698,435594,23,2,0,21,40
2020-09-12,US,California,Napa,1543,13,0,38.50735751,-122.33283899999999,6055.0,1120.1939830410035,0.8425145819831497,1530,1536,13,0,1523,1528,139417,7,0,0,7,8
2020-09-12,US,California,Nevada,483,5,0,39.30394768,-120.76272809999999,6057.0,484.1862563280036,1.0351966873706004,478,478,5,0,473,476,99696,5,0,0,5,2
2020-09-12,US,California,Orange,50760,1093,0,33.70147516,-117.76459979999998,6059.0,1598.3917835860655,2.153270291568164,49667,50613,1081,0,49532,50471,3185968,147,12,0,135,142
2020-09-12,US,California,Placer,3301,39,0,39.06167234,-120.72405690000001,6061.0,828.7119441466729,1.1814601635867918,3262,3276,38,0,3238,3249,393149,25,1,0,24,27
2020-09-12,US,California,Plumas,48,0,0,40.00355989,-120.8395236,6063.0,255.2241186792152,0.0,48,46,0,0,46,45,18804,2,0,0,2,1
2020-09-12,US,California,Riverside,55073,1103,0,33.74314981,-115.9933578,6065.0,2229.1833465153045,2.002796288562453,53970,55073,1103,0,53970,54868,2450758,0,0,0,0,205
2020-09-12,US,California,Sacramento,20063,350,0,38.45106826,-121.34253740000001,6067.0,1292.6707635925975,1.7445048098489755,19713,19669,346,0,19323,19669,1540975,394,4,0,390,0
2020-09-12,US,California,San Benito,1223,10,0,36.60308176,-121.069975,6069.0,1947.204177811744,0.8176614881439084,1213,1213,10,0,1203,1209,61537,10,0,0,10,4
2020-09-12,US,California,San Bernardino,50543,814,0,34.84060306,-116.1774685,6071.0,2318.395842363945,1.6105098628890249,49729,50385,800,0,49585,50210,2171603,158,14,0,144,175
2020-09-12,US,California,San Diego,42414,734,0,33.03484597,-116.73653259999999,6073.0,1270.515497269593,1.7305606639317206,41680,41969,730,0,41239,41608,3343364,445,4,0,441,361
2020-09-12,US,California,San Francisco,10263,90,0,37.75215114,-122.43856720000001,6075.0,1164.200742102821,0.8769365682548962,10173,10188,89,0,10099,10120,883305,75,1,0,74,68
2020-09-12,US,California,San Joaquin,19019,383,0,37.93433732,-121.2730061,6077.0,2495.4470785201825,2.013775697986224,18636,18854,383,0,18471,18558,752660,165,0,0,165,296
2020-09-12,US,California,San Luis Obispo,3222,23,0,35.38822029,-120.4039028,6079.0,1138.0695204354474,0.7138423339540658,3199,3194,23,0,3171,3171,284010,28,0,0,28,23
2020-09-12,US,California,San Mateo,9077,139,0,37.422880799999994,-122.32755459999998,6081.0,1184.1011880147096,1.531342954720723,8938,8966,139,0,8827,8895,769545,111,0,0,111,71
2020-09-12,US,California,Santa Barbara,8608,105,0,34.65329488,-120.0188492,6083.0,1927.8878564117724,1.2197955390334572,8503,8579,103,0,8476,8550,446527,29,2,0,27,29
2020-09-12,US,California,Santa Clara,19417,280,0,37.23104908,-121.6970462,6085.0,1007.183124015744,1.4420353298655817,19137,19143,276,0,18867,18854,1937570,274,4,0,270,289
2020-09-12,US,California,Santa Cruz,2021,7,0,37.05580291,-122.0066524,6087.0,739.7158993166504,0.3463631865413162,2014,2013,7,0,2006,1993,274255,8,0,0,8,20
2020-09-12,US,California,Shasta,612,12,0,40.76391419,-122.0396884,6089.0,339.8489560195468,1.96078431372549,600,612,12,0,600,611,180040,0,0,0,0,1
2020-09-12,US,California,Sierra,6,0,0,39.57713498,-120.52007009999998,6091.0,199.6672212978369,0.0,6,6,0,0,6,6,2987,0,0,0,0,0
2020-09-12,US,California,Siskiyou,155,0,0,41.59198861,-122.54074340000001,6093.0,356.00266427800364,0.0,155,154,0,0,154,150,43724,1,0,0,1,4
2020-09-12,US,California,Solano,5820,48,0,38.26827353,-121.9357113,6095.0,1300.1431944652322,0.8247422680412371,5772,5820,48,0,5772,5805,446610,0,0,0,0,15
2020-09-12,US,California,Sonoma,6666,108,0,38.52746429,-122.88625060000001,6097.0,1348.4755308130502,1.62016201620162,6558,6623,108,0,6515,6561,499942,43,0,0,43,62
2020-09-12,US,California,Stanislaus,15926,310,0,37.55862499,-120.9970722,6099.0,2892.165764718701,1.9465025744066309,15616,15838,310,0,15528,15749,549815,88,0,0,88,89
2020-09-12,US,California,Sutter,1564,10,0,39.03417539,-121.6945899,6101.0,1612.8533272834145,0.639386189258312,1554,1542,10,0,1532,1530,96807,22,0,0,22,12
2020-09-12,US,California,Tehama,466,1,0,40.12570935,-122.23701709999999,6103.0,715.9977874746481,0.2145922746781116,465,466,1,0,465,458,63916,0,0,0,0,8
2020-09-12,US,California,Trinity,16,0,0,40.64917670000001,-123.114713,6105.0,130.24013024013024,0.0,16,15,0,0,15,14,12535,1,0,0,1,1
2020-09-12,US,California,Tulare,15114,247,0,36.22026558,-118.8020203,6107.0,3241.99101234462,1.6342463940717216,14867,15043,246,0,14797,14967,465861,71,1,0,70,76
2020-09-12,US,California,Tuolumne,213,3,0,38.02644018,-119.95250929999999,6109.0,390.9835162818018,1.4084507042253518,210,212,3,0,209,211,54539,1,0,0,1,1
2020-09-12,US,California,Ventura,11700,129,0,34.44465746,-119.09106129999999,6111.0,1382.9689151140772,1.1025641025641026,11571,11600,129,0,11471,11475,850967,100,0,0,100,125
2020-09-12,US,California,Yolo,2650,53,0,38.68278902,-121.90182879999999,6113.0,1201.8140589569161,2.0,2597,2633,53,0,2580,2611,220408,17,0,0,17,22
2020-09-12,US,California,Yuba,1057,7,0,39.26255932,-121.35356440000001,6115.0,1343.6212945543296,0.6622516556291391,1050,1044,7,0,1037,1037,78041,13,0,0,13,7
2020-09-12,US,Colorado,Adams,7996,211,0,39.87432092,-104.3362578,8001.0,1545.3566824694012,2.6388194097048525,7785,7954,211,0,7743,7921,511868,42,0,0,42,33
2020-09-12,US,Colorado,Alamosa,240,9,0,37.57250606,-105.7885451,8003.0,1478.4697837737942,3.75,231,240,9,0,231,240,16683,0,0,0,0,0
2020-09-12,US,Colorado,Arapahoe,8470,369,0,39.64977461,-104.3353617,8005.0,1289.9983246775005,4.35655253837072,8101,8434,369,0,8065,8401,651215,36,0,0,36,33
2020-09-12,US,Colorado,Archuleta,48,0,0,37.19474156,-107.04768670000001,8007.0,342.14840687148046,0.0,48,48,0,0,48,48,13765,0,0,0,0,0
2020-09-12,US,Colorado,Baca,17,0,0,37.31940883,-102.5603223,8009.0,474.7277296844457,0.0,17,17,0,0,17,17,3585,0,0,0,0,0
2020-09-12,US,Colorado,Bent,11,0,0,37.95474293,-103.0720195,8011.0,197.23865877712032,0.0,11,11,0,0,11,11,5882,0,0,0,0,0
2020-09-12,US,Colorado,Boulder,2687,79,0,40.09313619,-105.3546767,8013.0,823.7378753878038,2.9400818756978033,2608,2612,79,0,2533,2571,326078,75,0,0,75,41
2020-09-12,US,Colorado,Broomfield,564,33,0,39.95998787,-105.0566324,8014.0,800.3973603916838,5.851063829787233,531,555,33,0,522,553,69267,9,0,0,9,2
2020-09-12,US,Colorado,Chaffee,318,19,0,38.74745778,-106.19265729999998,8015.0,1562.1929652191,5.9748427672955975,299,318,19,0,299,318,20027,0,0,0,0,0
2020-09-12,US,Colorado,Cheyenne,9,0,0,38.82777431,-102.6032558,8017.0,491.53468050245766,0.0,9,9,0,0,9,9,1876,0,0,0,0,0
2020-09-12,US,Colorado,Clear Creek,36,1,0,39.68864463,-105.6463118,8019.0,371.1340206185567,2.7777777777777777,35,36,1,0,35,36,9605,0,0,0,0,0
2020-09-12,US,Colorado,Conejos,31,0,0,37.201606,-106.19174879999998,8021.0,377.8184034125533,0.0,31,31,0,0,31,31,8200,0,0,0,0,0
2020-09-12,US,Colorado,Costilla,32,1,0,37.27732493,-105.4276548,8023.0,823.2570105479805,3.125,31,32,1,0,31,32,3828,0,0,0,0,0
2020-09-12,US,Colorado,Crowley,73,1,0,38.32608609,-103.7844965,8025.0,1204.4217125886814,1.3698630136986298,72,73,1,0,72,73,5858,0,0,0,0,0
2020-09-12,US,Colorado,Custer,17,0,0,38.10883162,-105.3683478,8027.0,335.43804262036303,0.0,17,17,0,0,17,17,4954,0,0,0,0,0
2020-09-12,US,Colorado,Delta,174,2,0,38.86246243,-107.86313419999999,8029.0,558.372376612541,1.1494252873563218,172,175,2,0,173,172,30953,-1,0,0,-1,3
2020-09-12,US,Colorado,Denver,11760,430,0,39.76018276,-104.87256950000001,8031.0,1617.1372545244778,3.6564625850340136,11330,11685,430,0,11255,11627,716492,75,0,0,75,58
2020-09-12,US,Colorado,Dolores,3,0,0,37.75208676,-108.5211585,8033.0,145.98540145985402,0.0,3,2,0,0,2,2,2074,1,0,0,1,0
2020-09-12,US,Colorado,Douglas,2190,60,0,39.33133796,-104.930001,8035.0,623.6579962067925,2.7397260273972597,2130,2184,60,0,2124,2173,342776,6,0,0,6,11
2020-09-12,US,Colorado,Eagle,1207,9,0,39.62754308,-106.6933637,8037.0,2189.489723728844,0.7456503728251864,1198,1203,9,0,1194,1197,54993,4,0,0,4,6
2020-09-12,US,Colorado,El Paso,6346,159,0,38.83240149,-104.5251411,8041.0,880.8958319163022,2.5055152852190354,6187,6307,159,0,6148,6284,713856,39,0,0,39,23
2020-09-12,US,Colorado,Elbert,136,2,0,39.28656773,-104.13587209999999,8039.0,508.8106550937183,1.4705882352941178,134,136,2,0,134,134,26282,0,0,0,0,2
2020-09-12,US,Colorado,Fremont,166,1,0,38.47362326,-105.43996670000001,8043.0,346.9972198415519,0.6024096385542169,165,166,1,0,165,165,48021,0,0,0,0,1
2020-09-12,US,Colorado,Garfield,891,5,0,39.59921777,-107.902708,8045.0,1483.4917833535903,0.5611672278338945,886,884,5,0,879,879,59770,7,0,0,7,5
2020-09-12,US,Colorado,Gilpin,18,0,0,39.85646523,-105.5252597,8047.0,288.32292167227297,0.0,18,18,0,0,18,18,6121,0,0,0,0,0
2020-09-12,US,Colorado,Grand,69,1,0,40.10603347,-106.11780420000001,8049.0,438.54073979916086,1.4492753623188406,68,69,1,0,68,69,15525,0,0,0,0,0
2020-09-12,US,Colorado,Gunnison,296,7,0,38.66611652,-107.0320729,8051.0,1695.1093803688007,2.3648648648648654,289,296,7,0,289,296,17246,0,0,0,0,0
2020-09-12,US,Colorado,Hinsdale,3,0,0,37.82247444,-107.3004345,8053.0,365.8536585365854,0.0,3,3,0,0,3,3,811,0,0,0,0,0
2020-09-12,US,Colorado,Huerfano,10,1,0,37.68473101,-104.9612585,8055.0,144.9905756125852,10.0,9,10,1,0,9,10,6889,0,0,0,0,0
2020-09-12,US,Colorado,Jackson,9,0,0,40.66593870000001,-106.3408905,8057.0,646.5517241379309,0.0,9,9,0,0,9,10,1399,0,0,0,0,-1
2020-09-12,US,Colorado,Jefferson,5086,245,0,39.58635604,-105.2517692,8059.0,872.5623240421288,4.817145104207629,4841,5052,244,0,4808,5019,580233,34,1,0,33,33
2020-09-12,US,Colorado,Kit Carson,78,3,0,39.30497777,-102.60221990000001,8063.0,1099.0559391292095,3.8461538461538463,75,76,3,0,73,76,7163,2,0,0,2,0
2020-09-12,US,Colorado,La Plata,248,2,0,37.28632032,-107.8429014,8067.0,441.11630885256403,0.8064516129032258,246,247,2,0,245,246,56310,1,0,0,1,1
2020-09-12,US,Colorado,Lake,86,0,0,39.20278823,-106.35556969999999,8065.0,1058.2010582010582,0.0,86,85,0,0,85,84,7824,1,0,0,1,1
2020-09-12,US,Colorado,Larimer,2168,46,0,40.66671597,-105.4625784,8069.0,607.4547701170359,2.1217712177121766,2122,2137,45,0,2092,2120,350518,31,1,0,30,17
2020-09-12,US,Colorado,Las Animas,21,0,0,37.3153406,-104.03764579999999,8071.0,144.76768233834275,0.0,21,21,0,0,21,20,14503,0,0,0,0,1
2020-09-12,US,Colorado,Lincoln,8,0,0,38.98749519,-103.51366490000001,8073.0,140.3262585511314,0.0,8,8,0,0,8,8,5610,0,0,0,0,0
2020-09-12,US,Colorado,Logan,743,5,0,40.7249637,-103.110817,8075.0,3315.632112097817,0.6729475100942126,738,731,5,0,726,729,21528,12,0,0,12,2
2020-09-12,US,Colorado,Mesa,488,6,0,39.01787888,-108.469799,8077.0,316.45159198495566,1.2295081967213115,482,485,5,0,480,477,153207,3,1,0,2,8
2020-09-12,US,Colorado,Mineral,20,0,0,37.66954283,-106.92816979999999,8079.0,2600.780234070221,0.0,20,20,0,0,20,19,776,0,0,0,0,1
2020-09-12,US,Colorado,Moffat,35,1,0,40.61810999,-108.2070876,8081.0,263.4946924640518,2.8571428571428568,34,35,1,0,34,35,13188,0,0,0,0,0
2020-09-12,US,Colorado,Montezuma,127,5,0,37.33859579,-108.59588570000001,8083.0,485.04754993698197,3.9370078740157477,122,127,5,0,122,126,26158,0,0,0,0,1
2020-09-12,US,Colorado,Montrose,353,13,0,38.40214114,-108.26390220000002,8085.0,825.5765003040367,3.68271954674221,340,353,13,0,340,352,42214,0,0,0,0,1
2020-09-12,US,Colorado,Morgan,727,48,0,40.26279810000001,-103.8093302,8087.0,2501.0320627494148,6.6024759284731775,679,724,48,0,676,723,28558,3,0,0,3,1
2020-09-12,US,Colorado,Otero,83,6,0,37.9014485,-103.7173385,8089.0,454.0978225188752,7.2289156626506035,77,83,6,0,77,83,18432,0,0,0,0,0
2020-09-12,US,Colorado,Ouray,25,1,0,38.14717457,-107.7675136,8091.0,504.8465266558966,4.0,24,25,1,0,24,25,4833,0,0,0,0,0
2020-09-12,US,Colorado,Park,46,1,0,39.120926000000004,-105.7182065,8093.0,244.09657734146992,2.1739130434782608,45,46,1,0,45,46,18556,0,0,0,0,0
2020-09-12,US,Colorado,Phillips,19,0,0,40.59414277,-102.3577703,8095.0,445.48651817116064,0.0,19,19,0,0,19,19,4286,0,0,0,0,0
2020-09-12,US,Colorado,Pitkin,204,2,0,39.21720112,-106.9310027,8097.0,1148.196093881916,0.9803921568627452,202,204,2,0,202,204,17950,0,0,0,0,0
2020-09-12,US,Colorado,Prowers,90,0,0,37.95544985,-102.3926052,8099.0,739.4019060138022,0.0,90,90,0,0,90,89,12164,0,0,0,0,1
2020-09-12,US,Colorado,Pueblo,969,34,0,38.17359144,-104.5127437,8101.0,575.333681660571,3.5087719298245608,935,965,34,0,931,960,167529,4,0,0,4,5
2020-09-12,US,Colorado,Rio Blanco,24,0,0,39.97913541,-108.2179009,8103.0,379.5066413662239,0.0,24,24,0,0,24,24,6336,0,0,0,0,0
2020-09-12,US,Colorado,Rio Grande,95,2,0,37.5836865,-106.3847838,8105.0,843.1703204047217,2.1052631578947367,93,95,2,0,93,94,11250,0,0,0,0,1
2020-09-12,US,Colorado,Routt,138,8,0,40.48596505,-106.9905548,8107.0,538.2635150947812,5.797101449275362,130,136,8,0,128,135,25733,2,0,0,2,1
2020-09-12,US,Colorado,Saguache,111,2,0,38.08054629,-106.28246599999999,8109.0,1626.6119577960142,1.8018018018018016,109,111,2,0,109,111,6843,0,0,0,0,0
2020-09-12,US,Colorado,San Juan,6,0,0,37.76248981,-107.67632890000002,8111.0,824.1758241758242,0.0,6,6,0,0,6,6,762,0,0,0,0,0
2020-09-12,US,Colorado,San Miguel,93,0,0,38.00450883,-108.4020725,8113.0,1137.0583200880305,0.0,93,93,0,0,93,93,8191,0,0,0,0,0
2020-09-12,US,Colorado,Sedgwick,12,1,0,40.87595412,-102.3519227,8115.0,533.8078291814946,8.333333333333334,11,12,1,0,11,12,2303,0,0,0,0,0
2020-09-12,US,Colorado,Summit,370,4,0,39.63803232,-106.1150762,8117.0,1193.1250201541388,1.0810810810810811,366,370,4,0,366,368,31007,0,0,0,0,2
2020-09-12,US,Colorado,Teller,166,4,0,38.88133511,-105.16148929999999,8119.0,653.8522136442414,2.409638554216868,162,166,4,0,162,165,25083,0,0,0,0,1
2020-09-12,US,Colorado,Washington,55,0,0,39.97015535,-103.202587,8121.0,1120.6193969030155,0.0,55,55,0,0,55,54,4909,0,0,0,0,1
2020-09-12,US,Colorado,Weld,4285,149,0,40.55499405,-104.39296209999999,8123.0,1320.5256215869729,3.477246207701284,4136,4257,149,0,4108,4245,314305,28,0,0,28,12
2020-09-12,US,Colorado,Yuma,70,0,0,40.00346839,-102.4258673,8125.0,698.6725222078052,0.0,70,70,0,0,70,71,10020,0,0,0,0,-1
2020-09-12,US,Connecticut,Fairfield,19360,1418,0,41.26809896,-73.3881171,9001.0,2052.2997205649767,7.3243801652892575,17942,19360,1418,0,17942,19260,943823,0,0,0,0,100
2020-09-12,US,Connecticut,Hartford,13886,1430,0,41.80283011,-72.73103891,9003.0,1557.215269367066,10.298142013538817,12456,13886,1430,0,12456,13853,892697,0,0,0,0,33
2020-09-12,US,Connecticut,Litchfield,1773,139,0,41.7937534,-73.2451475,9005.0,983.181114937366,7.839819514946417,1634,1773,139,0,1634,1763,181111,0,0,0,0,10
2020-09-12,US,Connecticut,Middlesex,1512,193,0,41.45949668,-72.53714864,9007.0,930.8281415449776,12.764550264550266,1319,1512,193,0,1319,1505,162682,0,0,0,0,7
2020-09-12,US,Connecticut,New Haven,13961,1110,0,41.408032500000004,-72.93620426,9009.0,1633.3297065715753,7.950719862474035,12851,13961,1110,0,12851,13917,857620,0,0,0,0,44
2020-09-12,US,Connecticut,New London,1651,110,0,41.48896435,-72.10430976,9011.0,622.5349351070489,6.662628709872805,1541,1651,110,0,1541,1649,266784,0,0,0,0,2
2020-09-12,US,Connecticut,Tolland,1232,65,0,41.85853803,-72.3308481,9013.0,817.4043431240503,5.275974025974026,1167,1232,65,0,1167,1215,150921,0,0,0,0,17
2020-09-12,US,Connecticut,Unassigned,107,0,0,0.0,0.0,90009.0,0.0,0.0,107,107,0,0,107,103,,0,0,0,0,4
2020-09-12,US,Connecticut,Windham,844,15,0,41.82972709,-71.98182316,9015.0,722.7141169015773,1.7772511848341233,829,844,15,0,829,828,117027,0,0,0,0,16
2020-09-12,US,Delaware,Kent,2782,111,0,39.08646628,-75.56884914,10001.0,1538.8359718119766,3.989935298346513,2671,2747,111,0,2636,2744,178550,35,0,0,35,3
2020-09-12,US,Delaware,New Castle,8989,305,0,39.57992638,-75.64054974,10003.0,1608.7609373014554,3.393035932806764,8684,8880,305,0,8575,8805,559335,109,0,0,109,75
2020-09-12,US,Delaware,Sussex,6491,197,0,38.66143781,-75.39031349,10005.0,2771.266944177607,3.0349714989986136,6294,6471,197,0,6274,6456,229286,20,0,0,20,15
2020-09-12,US,Delaware,Unassigned,464,0,0,0.0,0.0,90010.0,0.0,0.0,464,461,0,0,461,461,,3,0,0,3,0
2020-09-12,US,District of Columbia,District of Columbia,14493,616,0,38.90417773,-77.01655992,11001.0,2053.5629522677327,4.250327744428345,13877,14493,616,0,13877,14412,702455,0,0,0,0,81
2020-09-12,US,Florida,Alachua,6241,40,0,29.67866525,-82.35928158,12001.0,2319.7035418130185,0.6409229290177856,6201,6029,40,0,5989,5898,269956,212,0,0,212,131
2020-09-12,US,Florida,Baker,1307,7,0,30.33060121,-82.28467476,12003.0,4474.495035946594,0.5355776587605203,1300,1301,7,0,1294,1286,28355,6,0,0,6,15
2020-09-12,US,Florida,Bay,5659,91,0,30.26548745,-85.62122584,12005.0,3239.174608625969,1.6080579607704542,5568,5622,90,0,5532,5583,185287,37,1,0,36,39
2020-09-12,US,Florida,Bradford,911,6,0,29.95079741,-82.16611613,12007.0,3230.381901351016,0.6586169045005489,905,903,6,0,897,881,27732,8,0,0,8,22
2020-09-12,US,Florida,Brevard,7926,254,0,28.29409504,-80.73091022,12009.0,1316.7381574969015,3.204642947262175,7672,7861,253,0,7608,7787,596849,65,1,0,64,74
2020-09-12,US,Florida,Broward,74273,1279,0,26.15184651,-80.48725556,12011.0,3803.4533367336176,1.722025500518358,72994,74084,1276,0,72808,73869,1951260,189,3,0,186,215
2020-09-12,US,Florida,Calhoun,596,9,0,30.40666734,-85.19394153,12013.0,4225.451967387451,1.5100671140939597,587,593,9,0,584,588,14587,3,0,0,3,5
2020-09-12,US,Florida,Charlotte,2858,123,0,26.90131002,-81.92949121,12015.0,1512.8897358530514,4.3037088873338,2735,2849,123,0,2726,2827,184998,9,0,0,9,22
2020-09-12,US,Florida,Citrus,2443,72,0,28.84804315,-82.47614748,12017.0,1632.3994200070829,2.94719607040524,2371,2411,70,0,2341,2386,147929,32,2,0,30,25
2020-09-12,US,Florida,Clay,4534,86,0,29.98319144,-81.85609986,12019.0,2067.94008720559,1.896779885310984,4448,4411,85,0,4326,4308,216072,123,1,0,122,103
2020-09-12,US,Florida,Collier,12169,192,0,26.11091986,-81.34687065,12021.0,3161.5839876124314,1.5777796039115786,11977,12132,192,0,11940,12096,378488,37,0,0,37,36
2020-09-12,US,Florida,Columbia,3503,44,0,30.22509788,-82.62160164,12023.0,4886.588734201936,1.2560662289466171,3459,3485,44,0,3441,3467,70503,18,0,0,18,18
2020-09-12,US,Florida,DeSoto,1533,23,0,27.18677893,-81.80941373,12027.0,4034.104365674587,1.5003261578604044,1510,1530,23,0,1507,1526,37489,3,0,0,3,4
2020-09-12,US,Florida,Dixie,788,5,0,29.60631086,-83.15724673,12029.0,4683.228337097349,0.6345177664974619,783,788,5,0,783,781,16700,0,0,0,0,7
2020-09-12,US,Florida,Duval,28370,319,0,30.33225875,-81.66976468,12031.0,2962.135410412893,1.1244272118434966,28051,28230,319,0,27911,28051,950181,140,0,0,140,179
2020-09-12,US,Florida,Escambia,11818,203,0,30.67652764,-87.37284571,12033.0,3712.662888450471,1.7177187341343714,11615,11766,203,0,11563,11702,315534,52,0,0,52,64
2020-09-12,US,Florida,Flagler,1533,18,0,29.45933576,-81.31508595,12035.0,1332.1052128500794,1.1741682974559686,1515,1504,18,0,1486,1484,112067,29,0,0,29,20
2020-09-12,US,Florida,Franklin,578,3,0,29.83791238,-84.82731662,12037.0,4767.01030927835,0.5190311418685121,575,574,3,0,571,572,11736,4,0,0,4,2
2020-09-12,US,Florida,Gadsden,2583,44,0,30.57796289,-84.61915825,12039.0,5657.030223390276,1.7034456058846303,2539,2575,44,0,2531,2555,45894,8,0,0,8,20
2020-09-12,US,Florida,Gilchrist,485,12,0,29.72856978,-82.79880657,12041.0,2610.052739209988,2.4742268041237114,473,486,12,0,474,485,18256,-1,0,0,-1,1
2020-09-12,US,Florida,Glades,474,4,0,26.95635849,-81.18996211,12043.0,3432.046919122439,0.8438818565400844,470,470,4,0,466,468,13724,4,0,0,4,2
2020-09-12,US,Florida,Gulf,858,13,0,29.93543004,-85.24270990000002,12045.0,6290.783781802185,1.5151515151515151,845,855,13,0,842,851,16164,3,0,0,3,4
2020-09-12,US,Florida,Hamilton,749,7,0,30.49673973,-82.94998918,12047.0,5191.2947047407815,0.9345794392523364,742,747,7,0,740,733,14310,2,0,0,2,14
2020-09-12,US,Florida,Hardee,1211,9,0,27.49293939,-81.80956574,12049.0,4495.675093737239,0.7431874483897605,1202,1202,9,0,1193,1190,27245,9,0,0,9,12
2020-09-12,US,Florida,Hendry,2014,41,0,26.55386945,-81.16469006,12051.0,4792.727618866308,2.035749751737835,1973,2008,41,0,1967,2005,41556,6,0,0,6,3
2020-09-12,US,Florida,Hernando,2856,105,0,28.55364461,-82.42700204,12053.0,1472.7722772277227,3.6764705882352944,2751,2843,105,0,2738,2821,190865,13,0,0,13,22
2020-09-12,US,Florida,Highlands,1986,77,0,27.34254618,-81.34071957,12055.0,1869.686785098992,3.877139979859013,1909,1974,70,0,1904,1947,105424,12,7,0,5,27
2020-09-12,US,Florida,Hillsborough,39298,585,0,27.9276559,-82.32013172,12057.0,2669.759125198374,1.4886253753371672,38713,39138,584,0,38554,38917,1436888,160,1,0,159,221
2020-09-12,US,Florida,Holmes,699,5,0,30.86747479,-85.81319222,12059.0,3563.235968802569,0.7153075822603719,694,696,5,0,691,692,19477,3,0,0,3,4
2020-09-12,US,Florida,Indian River,2971,105,0,27.69308961,-80.60556721,12061.0,1857.769051355965,3.5341635812857626,2866,2962,104,0,2858,2942,157413,9,1,0,8,20
2020-09-12,US,Florida,Jackson,2593,73,0,30.795459700000002,-85.21500423,12063.0,5586.676433834619,2.81527188584651,2520,2565,73,0,2492,2547,48305,28,0,0,28,18
2020-09-12,US,Florida,Jefferson,530,7,0,30.43669112,-83.89442308,12065.0,3720.3425522953808,1.320754716981132,523,529,7,0,522,525,14288,1,0,0,1,4
2020-09-12,US,Florida,Lafayette,1219,10,0,29.98484137,-83.18166636,12067.0,14473.996675374021,0.8203445447087777,1209,1219,10,0,1209,1215,8732,0,0,0,0,4
2020-09-12,US,Florida,Lake,7021,147,0,28.76202069,-81.7125123,12069.0,1912.464112356245,2.093718843469591,6874,6972,140,0,6832,6921,356495,49,7,0,42,51
2020-09-12,US,Florida,Lee,19451,448,0,26.58410348,-81.88399313,12071.0,2524.2123759209007,2.303223484653745,19003,19370,447,0,18923,19309,754610,81,1,0,80,61
2020-09-12,US,Florida,Leon,8837,44,0,30.45955727,-84.27491114,12073.0,3010.061924777405,0.4979065293651692,8793,8589,44,0,8545,8273,292502,248,0,0,248,316
2020-09-12,US,Florida,Levy,962,8,0,29.31829741,-82.74007147,12075.0,2317.90472977857,0.8316008316008316,954,959,8,0,951,956,40770,3,0,0,3,3
2020-09-12,US,Florida,Liberty,475,7,0,30.23766008,-84.8829258,12077.0,5685.898970553028,1.4736842105263157,468,472,7,0,465,468,8457,3,0,0,3,4
2020-09-12,US,Florida,Madison,981,16,0,30.44396917,-83.47398594,12079.0,5304.709890228734,1.6309887869520896,965,974,16,0,958,956,18529,7,0,0,7,18
2020-09-12,US,Florida,Manatee,10868,275,0,27.47196942,-82.31831044,12081.0,2695.0822436534877,2.530364372469636,10593,10803,275,0,10528,10772,394855,65,0,0,65,31
2020-09-12,US,Florida,Marion,9108,237,0,29.21227113,-82.05803627,12083.0,2491.3903697969517,2.602108036890645,8871,9043,235,0,8808,8967,359977,65,2,0,63,76
2020-09-12,US,Florida,Martin,4549,127,0,27.0772071,-80.43109784,12085.0,2825.465838509317,2.791822378544735,4422,4527,126,0,4401,4526,160912,22,1,0,21,1
2020-09-12,US,Florida,Miami-Dade,163790,2882,0,25.6112362,-80.55170587,12086.0,6028.473208830523,1.7595701813297515,160908,163375,2836,0,160539,162894,2761581,415,46,0,369,481
2020-09-12,US,Florida,Monroe,1780,20,0,25.20904673,-81.07812416,12087.0,2398.0169208384978,1.1235955056179776,1760,1778,20,0,1758,1767,75027,2,0,0,2,11
2020-09-12,US,Florida,Nassau,1914,31,0,30.61037141,-81.80297522,12089.0,2159.66149506347,1.6196447230929991,1883,1891,29,0,1862,1880,85832,23,2,0,21,11
2020-09-12,US,Florida,Okaloosa,4579,94,0,30.69143028,-86.59267105,12091.0,2172.8402091696803,2.052849967241756,4485,4551,94,0,4457,4502,207269,28,0,0,28,49
2020-09-12,US,Florida,Okeechobee,1325,21,0,27.386336199999995,-80.88944347,12093.0,3142.193132232973,1.5849056603773586,1304,1313,20,0,1293,1295,41537,12,1,0,11,18
2020-09-12,US,Florida,Orange,37846,409,0,28.51367621,-81.31799498,12095.0,2715.988781816668,1.080695449981504,37437,37701,405,0,37296,37473,1380645,145,4,0,141,228
2020-09-12,US,Florida,Osceola,11740,136,0,28.06312234,-81.14882926,12097.0,3124.4095158762048,1.158432708688245,11604,11684,136,0,11548,11634,367990,56,0,0,56,50
2020-09-12,US,Florida,Palm Beach,43873,1196,0,26.64676272,-80.46536002,12099.0,2931.1784709741637,2.726050190322066,42677,43724,1193,0,42531,43532,1485941,149,3,0,146,192
2020-09-12,US,Florida,Pasco,8507,195,0,28.30810945,-82.40227529,12101.0,1535.7064845553814,2.2922299282943457,8312,8464,195,0,8269,8411,539630,43,0,0,43,53
2020-09-12,US,Florida,Pinellas,20872,701,0,27.93130349,-82.72239666,12103.0,2140.7267311865894,3.3585665005749332,20171,20795,698,0,20097,20655,975280,77,3,0,74,140
2020-09-12,US,Florida,Polk,18337,488,0,27.95027105,-81.69732947,12105.0,2530.01957843585,2.661285924633255,17849,18228,483,0,17745,18121,708009,109,5,0,104,107
2020-09-12,US,Florida,Putnam,1935,38,0,29.60779729,-81.74230285,12107.0,2596.5835133720707,1.9638242894056848,1897,1920,38,0,1882,1889,74163,15,0,0,15,31
2020-09-12,US,Florida,Santa Rosa,5103,66,0,30.69341450000001,-87.02458128,12113.0,2768.6598340865808,1.2933568489124043,5037,5087,65,0,5022,5026,179349,16,1,0,15,61
2020-09-12,US,Florida,Sarasota,7585,233,0,27.18546175,-82.33174248,12115.0,1748.7354233622755,3.071852340145023,7352,7533,231,0,7302,7500,426718,52,2,0,50,33
2020-09-12,US,Florida,Seminole,8532,193,0,28.7158582,-81.24060348,12117.0,1808.2937354024573,2.2620721987810595,8339,8492,193,0,8299,8459,467832,40,0,0,40,33
2020-09-12,US,Florida,St. Johns,4858,63,0,29.90096506,-81.43589967,12109.0,1835.4793858058279,1.2968299711815563,4795,4813,63,0,4750,4759,254261,45,0,0,45,54
2020-09-12,US,Florida,St. Lucie,7521,256,0,27.37763908,-80.47106649,12111.0,2290.913410722608,3.403802685813057,7265,7469,256,0,7213,7404,321128,52,0,0,52,65
2020-09-12,US,Florida,Sumter,2101,60,0,28.70181754,-82.0794267,12119.0,1586.618335598852,2.8557829604950022,2041,2086,60,0,2026,2069,128754,15,0,0,15,17
2020-09-12,US,Florida,Suwannee,2534,65,0,30.19746066,-82.99099670000003,12121.0,5705.02285161087,2.5651144435674818,2469,2529,64,0,2465,2519,44191,5,1,0,4,10
2020-09-12,US,Florida,Taylor,1243,11,0,30.04848048,-83.60445406,12123.0,5762.900458992071,0.8849557522123894,1232,1239,11,0,1228,1233,21623,4,0,0,4,6
2020-09-12,US,Florida,Unassigned,1033,0,0,0.0,0.0,90012.0,0.0,0.0,1033,1027,0,0,1027,1124,,6,0,0,6,-97
2020-09-12,US,Florida,Union,790,7,0,30.04412971,-82.37497443,12125.0,5184.747653737612,0.8860759493670886,783,779,6,0,773,731,14940,11,1,0,10,48
2020-09-12,US,Florida,Volusia,10103,206,0,29.05858895,-81.18263252,12127.0,1826.0061740444328,2.038998317331486,9897,10027,205,0,9822,9931,547538,76,1,0,75,96
2020-09-12,US,Florida,Wakulla,1001,9,0,30.16548905,-84.39895211,12129.0,2966.892913245799,0.8991008991008991,992,994,9,0,985,977,32461,7,0,0,7,17
2020-09-12,US,Florida,Walton,1803,22,0,30.64204028,-86.16935664,12131.0,2434.1510172672165,1.2201885745978924,1781,1790,22,0,1768,1774,71375,13,0,0,13,16
2020-09-12,US,Florida,Washington,1048,18,0,30.61359259,-85.66002461,12133.0,4114.160091076827,1.717557251908397,1030,1041,18,0,1023,1039,24880,7,0,0,7,2
2020-09-12,US,Georgia,Appling,956,26,0,31.74847232,-82.28909114,13001.0,5199.608397693897,2.719665271966527,930,950,25,0,925,948,18507,6,1,0,5,2
2020-09-12,US,Georgia,Atkinson,431,3,0,31.29633502,-82.87545866,13003.0,5278.628291488058,0.6960556844547564,428,429,3,0,426,423,8297,2,0,0,2,6
2020-09-12,US,Georgia,Bacon,559,10,0,31.55456473,-82.45936528,13005.0,5007.165890361877,1.7889087656529516,549,552,10,0,542,547,11185,7,0,0,7,5
2020-09-12,US,Georgia,Baker,73,3,0,31.32669878,-84.44218806,13007.0,2402.896642527979,4.109589041095891,70,73,3,0,70,73,3092,0,0,0,0,0
2020-09-12,US,Georgia,Baldwin,1905,55,0,33.06882326,-83.24701748,13009.0,4243.70683893963,2.8871391076115485,1850,1877,55,0,1822,1868,44823,28,0,0,28,9
2020-09-12,US,Georgia,Banks,432,6,0,34.35607081,-83.49644388,13011.0,2246.0226681917443,1.3888888888888888,426,423,6,0,417,419,18988,9,0,0,9,4
2020-09-12,US,Georgia,Barrow,1965,43,0,33.99148694,-83.71436292,13013.0,2360.6439211917345,2.188295165394402,1922,1959,43,0,1916,1948,80809,6,0,0,6,11
2020-09-12,US,Georgia,Bartow,2666,76,0,34.23732119,-84.83887523,13015.0,2474.5215244389165,2.8507126781695424,2590,2645,76,0,2569,2621,106408,21,0,0,21,24
2020-09-12,US,Georgia,Ben Hill,696,18,0,31.76095874,-83.22145359,13017.0,4167.664670658683,2.586206896551724,678,690,18,0,672,689,16787,6,0,0,6,1
2020-09-12,US,Georgia,Berrien,418,10,0,31.27590016,-83.22529920000002,13019.0,2154.9724184152187,2.392344497607656,408,418,10,0,408,417,19252,0,0,0,0,1
2020-09-12,US,Georgia,Bibb,5693,148,0,32.80904227,-83.70489165,13021.0,3717.052213712547,2.599683822237836,5545,5667,148,0,5519,5649,153095,26,0,0,26,18
2020-09-12,US,Georgia,Bleckley,415,19,0,32.43829035,-83.33035166,13023.0,3223.8017556125224,4.578313253012048,396,406,19,0,387,400,12838,9,0,0,9,6
2020-09-12,US,Georgia,Brantley,324,8,0,31.19576557,-81.97743999,13025.0,1695.536134805589,2.469135802469136,316,321,8,0,313,321,18897,3,0,0,3,0
2020-09-12,US,Georgia,Brooks,492,26,0,30.83922642,-83.58303423,13027.0,3183.023872679045,5.284552845528455,466,492,25,0,467,492,15513,0,1,0,-1,0
2020-09-12,US,Georgia,Bryan,979,9,0,32.00979311,-81.44002948,13029.0,2470.537764655412,0.919305413687436,970,973,9,0,964,966,38109,6,0,0,6,7
2020-09-12,US,Georgia,Bulloch,2602,24,0,32.39577406,-81.74811421,13031.0,3268.515727062607,0.9223674096848578,2578,2580,23,0,2557,2540,77296,22,1,0,21,40
2020-09-12,US,Georgia,Burke,725,9,0,33.05917989,-81.99928721,13033.0,3239.0653621051692,1.2413793103448276,716,711,9,0,702,706,22423,14,0,0,14,5
2020-09-12,US,Georgia,Butts,608,41,0,33.283094500000004,-83.95435040000002,13035.0,2438.241899262111,6.74342105263158,567,600,41,0,559,596,24193,8,0,0,8,4
2020-09-12,US,Georgia,Calhoun,231,7,0,31.53169785,-84.62725131,13037.0,3732.428502181289,3.0303030303030303,224,230,7,0,223,229,6352,1,0,0,1,1
2020-09-12,US,Georgia,Camden,1142,7,0,30.92951916,-81.66601818,13039.0,2089.0498664617858,0.6129597197898424,1135,1132,7,0,1125,1131,53677,10,0,0,10,1
2020-09-12,US,Georgia,Candler,397,16,0,32.40209349,-82.07702563,13043.0,3674.90511894844,4.030226700251888,381,393,16,0,377,389,10836,4,0,0,4,4
2020-09-12,US,Georgia,Carroll,2509,63,0,33.58138199,-85.07976677,13045.0,2090.9727315154346,2.510960542048625,2446,2495,63,0,2432,2472,118121,14,0,0,14,23
2020-09-12,US,Georgia,Catoosa,1002,16,0,34.89872298,-85.13757014,13047.0,1482.6871855578574,1.5968063872255491,986,994,16,0,978,986,67420,8,0,0,8,8
2020-09-12,US,Georgia,Charlton,592,6,0,30.78371028,-82.13951596,13049.0,4420.549581839904,1.0135135135135136,586,593,6,0,587,590,12968,-1,0,0,-1,3
2020-09-12,US,Georgia,Chatham,7728,136,0,32.00043026,-81.12489526,13051.0,2670.0756659641365,1.7598343685300206,7592,7697,134,0,7563,7644,289195,31,2,0,29,53
2020-09-12,US,Georgia,Chattahoochee,1584,2,0,32.34341231,-84.78809239,13053.0,14522.78353351059,0.12626262626262627,1582,1533,2,0,1531,1515,10684,51,0,0,51,18
2020-09-12,US,Georgia,Chattooga,672,7,0,34.47197698,-85.34535662,13055.0,2710.879825729154,1.0416666666666667,665,667,7,0,660,657,24790,5,0,0,5,10
2020-09-12,US,Georgia,Cherokee,5473,87,0,34.24393976,-84.47431861,13057.0,2114.9810838070434,1.5896217796455323,5386,5395,87,0,5308,5338,254149,78,0,0,78,57
2020-09-12,US,Georgia,Clarke,4430,36,0,33.95436462,-83.37124007,13059.0,3452.0108157810664,0.8126410835214447,4394,4314,36,0,4278,4205,127330,116,0,0,116,109
2020-09-12,US,Georgia,Clay,116,2,0,31.62221166,-84.97713865,13061.0,4093.1545518701478,1.7241379310344829,114,117,2,0,115,115,2887,-1,0,0,-1,2
2020-09-12,US,Georgia,Clayton,6819,153,0,33.54187245,-84.35594188,13063.0,2333.228402496441,2.2437307523097227,6666,6786,152,0,6634,6761,289615,33,1,0,32,25
2020-09-12,US,Georgia,Clinch,329,5,0,30.91395822,-82.70432472,13065.0,4971.290420066485,1.5197568389057752,324,326,5,0,321,322,6648,3,0,0,3,4
2020-09-12,US,Georgia,Cobb,18433,410,0,33.94243204,-84.5761255,13067.0,2424.944845758879,2.2242716866489447,18023,18255,409,0,17846,18155,756865,178,1,0,177,100
2020-09-12,US,Georgia,Coffee,1907,41,0,31.54892966,-82.85492059999999,13069.0,4406.904998497907,2.149973780807551,1866,1896,40,0,1856,1893,43093,11,1,0,10,3
2020-09-12,US,Georgia,Colquitt,1868,32,0,31.18810588,-83.7677946,13071.0,4096.491228070176,1.7130620985010707,1836,1853,31,0,1822,1848,45592,15,1,0,14,5
2020-09-12,US,Georgia,Columbia,3443,55,0,33.54534185,-82.263524,13073.0,2196.995801268553,1.597444089456869,3388,3394,55,0,3339,3387,154291,49,0,0,49,7
2020-09-12,US,Georgia,Cook,531,12,0,31.16068491,-83.42947229,13075.0,3074.69600463231,2.2598870056497176,519,529,12,0,517,528,17162,2,0,0,2,1
2020-09-12,US,Georgia,Coweta,2396,37,0,33.35334302,-84.76129976,13077.0,1613.3702334538648,1.5442404006677797,2359,2379,34,0,2345,2375,145864,17,3,0,14,4
2020-09-12,US,Georgia,Crawford,162,4,0,32.71391813,-83.98061238,13079.0,1306.0303128023218,2.469135802469136,158,162,4,0,158,162,12318,0,0,0,0,0
2020-09-12,US,Georgia,Crisp,510,17,0,31.92289565,-83.76811843,13081.0,2279.635258358663,3.333333333333333,493,509,17,0,492,505,22601,1,0,0,1,4
2020-09-12,US,Georgia,Dade,238,4,0,34.854916700000004,-85.50490424,13083.0,1476.7932489451478,1.680672268907563,234,231,4,0,227,228,16226,7,0,0,7,3
2020-09-12,US,Georgia,Dawson,752,6,0,34.44244079,-84.16964071,13085.0,2880.343189826873,0.7978723404255319,746,745,6,0,739,745,25083,7,0,0,7,0
2020-09-12,US,Georgia,DeKalb,17477,335,0,33.76944049,-84.22396017,13089.0,2301.7343674477843,1.9168049436402128,17142,17380,334,0,17046,17314,756558,97,1,0,96,66
2020-09-12,US,Georgia,Decatur,1060,23,0,30.87967778,-84.57619536,13087.0,4014.543251022572,2.1698113207547167,1037,1050,23,0,1027,1044,26575,10,0,0,10,6
2020-09-12,US,Georgia,Dodge,368,9,0,32.17265114,-83.16948926,13091.0,1785.9742780878428,2.4456521739130435,359,360,9,0,351,357,20705,8,0,0,8,3
2020-09-12,US,Georgia,Dooly,304,14,0,32.15630737,-83.79746561,13093.0,2270.351008215086,4.605263157894737,290,302,14,0,288,300,13706,2,0,0,2,2
2020-09-12,US,Georgia,Dougherty,3064,181,0,31.53328528,-84.21722377,13095.0,3483.5599617990806,5.907310704960835,2883,3051,181,0,2870,3049,91243,13,0,0,13,2
2020-09-12,US,Georgia,Douglas,3343,68,0,33.70291126,-84.77026156,13097.0,2284.3593475601842,2.0341011067903083,3275,3319,68,0,3251,3308,145331,24,0,0,24,11
2020-09-12,US,Georgia,Early,445,32,0,31.32155345,-84.90255207,13099.0,4367.026496565261,7.191011235955057,413,442,32,0,410,440,10247,3,0,0,3,2
2020-09-12,US,Georgia,Echols,238,2,0,30.71101099,-82.89687287,13101.0,5941.088367448827,0.8403361344537815,236,239,2,0,237,238,4000,-1,0,0,-1,1
2020-09-12,US,Georgia,Effingham,1257,21,0,32.36616021,-81.34280942,13103.0,1955.0205300485254,1.6706443914081146,1236,1242,21,0,1221,1224,62190,15,0,0,15,18
2020-09-12,US,Georgia,Elbert,553,2,0,34.11302332,-82.83936148,13105.0,2881.1086797957696,0.3616636528028933,551,550,2,0,548,529,19120,3,0,0,3,21
2020-09-12,US,Georgia,Emanuel,903,27,0,32.59221302,-82.30239915,13107.0,3987.4591539344697,2.990033222591362,876,890,27,0,863,879,22612,13,0,0,13,11
2020-09-12,US,Georgia,Evans,400,5,0,32.15328841,-81.8870105,13109.0,3754.4584193730047,1.25,395,395,5,0,390,392,10721,5,0,0,5,3
2020-09-12,US,Georgia,Fannin,529,9,0,34.86430205,-84.316964,13111.0,2020.0091645028256,1.7013232514177694,520,525,9,0,516,516,25964,4,0,0,4,9
2020-09-12,US,Georgia,Fayette,1667,45,0,33.41357794,-84.49089434,13113.0,1456.9003941584147,2.699460107978404,1622,1657,44,0,1613,1653,113459,10,1,0,9,4
2020-09-12,US,Georgia,Floyd,2675,39,0,34.26268279,-85.21577392,13115.0,2715.791183577332,1.4579439252336448,2636,2636,37,0,2599,2593,97927,39,2,0,37,43
2020-09-12,US,Georgia,Forsyth,3515,40,0,34.22604035,-84.12315129999998,13117.0,1439.0874997952933,1.1379800853485065,3475,3482,39,0,3443,3463,236612,33,1,0,32,19
2020-09-12,US,Georgia,Franklin,655,11,0,34.37525597,-83.23159927,13119.0,2805.259325881194,1.6793893129770991,644,647,11,0,636,639,23023,8,0,0,8,8
2020-09-12,US,Georgia,Fulton,26108,554,0,33.79216944,-84.46319413,13121.0,2453.904695484789,2.121954956335223,25554,26022,551,0,25471,25934,1050114,86,3,0,83,88
2020-09-12,US,Georgia,Gilmer,780,10,0,34.69316688,-84.45802506,13123.0,2486.531288852052,1.2820512820512822,770,778,10,0,768,775,30816,2,0,0,2,3
2020-09-12,US,Georgia,Glascock,37,2,0,33.22879932,-82.61297636,13125.0,1245.3719286435546,5.405405405405406,35,37,2,0,35,36,2995,0,0,0,0,1
2020-09-12,US,Georgia,Glynn,3308,85,0,31.23279254,-81.53811412,13127.0,3878.44111991746,2.569528415961306,3223,3288,85,0,3203,3269,85219,20,0,0,20,19
2020-09-12,US,Georgia,Gordon,1668,35,0,34.50487351,-84.87296253,13129.0,2877.697841726619,2.0983213429256597,1633,1644,34,0,1610,1632,57685,24,1,0,23,12
2020-09-12,US,Georgia,Grady,716,19,0,30.87454847,-84.23418364,13131.0,2906.669914342548,2.653631284916201,697,709,19,0,690,707,24748,7,0,0,7,2
2020-09-12,US,Georgia,Greene,482,21,0,33.5769205,-83.17139104,13133.0,2630.4300371098016,4.356846473029045,461,480,21,0,459,479,17698,2,0,0,2,1
2020-09-12,US,Georgia,Gwinnett,25726,372,0,33.96044201,-84.02137802,13135.0,2747.7703604806406,1.4460079297209052,25354,25611,369,0,25242,25495,927781,115,3,0,112,116
2020-09-12,US,Georgia,Habersham,1442,63,0,34.63331566,-83.53094677,13137.0,3181.256618425697,4.368932038834951,1379,1432,63,0,1369,1423,45388,10,0,0,10,9
2020-09-12,US,Georgia,Hall,8341,136,0,34.32207823,-83.81896936,13139.0,4079.905694063324,1.6304999400551492,8205,8306,136,0,8170,8266,202148,35,0,0,35,40
2020-09-12,US,Georgia,Hancock,374,41,0,33.2721566,-82.99766919,13141.0,4422.371999527019,10.962566844919786,333,373,41,0,332,373,8348,1,0,0,1,0
2020-09-12,US,Georgia,Haralson,394,8,0,33.79602175,-85.21005667,13143.0,1322.5026852846402,2.0304568527918785,386,383,8,0,375,378,29533,11,0,0,11,5
2020-09-12,US,Georgia,Harris,760,21,0,32.73709786,-84.90538572,13145.0,2156.8850039732088,2.763157894736842,739,757,21,0,736,754,34475,3,0,0,3,3
2020-09-12,US,Georgia,Hart,463,11,0,34.34626973,-82.96567682,13147.0,1766.8383896203015,2.3758099352051842,452,461,11,0,450,460,26099,2,0,0,2,1
2020-09-12,US,Georgia,Heard,181,5,0,33.29686567,-85.12886832,13149.0,1518.0743101568396,2.7624309392265194,176,180,5,0,175,180,11879,1,0,0,1,0
2020-09-12,US,Georgia,Henry,4710,91,0,33.4533428,-84.14814659999998,13151.0,2008.006446084388,1.9320594479830149,4619,4679,90,0,4589,4649,230220,31,1,0,30,30
2020-09-12,US,Georgia,Houston,2851,74,0,32.45802497,-83.66879087,13153.0,1805.9963385973913,2.595580498070852,2777,2840,73,0,2767,2829,155469,11,1,0,10,11
2020-09-12,US,Georgia,Irwin,255,4,0,31.60213036,-83.27501387,13155.0,2708.156329651657,1.568627450980392,251,252,4,0,248,250,9398,3,0,0,3,2
2020-09-12,US,Georgia,Jackson,1730,27,0,34.13794553,-83.56814788,13157.0,2370.609918193403,1.5606936416184969,1703,1725,27,0,1698,1711,70422,5,0,0,5,14
2020-09-12,US,Georgia,Jasper,202,4,0,33.31535543,-83.68844964,13159.0,1420.6343624727474,1.98019801980198,198,201,4,0,197,201,14040,1,0,0,1,0
2020-09-12,US,Georgia,Jeff Davis,677,15,0,31.80405727,-82.63724870000001,13161.0,4478.994376447238,2.2156573116691285,662,677,15,0,662,674,15029,0,0,0,0,3
2020-09-12,US,Georgia,Jefferson,743,21,0,33.05867328,-82.41609057,13163.0,4836.609816430152,2.826379542395693,722,734,21,0,713,728,15430,9,0,0,9,6
2020-09-12,US,Georgia,Jenkins,369,28,0,32.79248718,-81.96040187,13165.0,4253.112033195021,7.588075880758808,341,364,28,0,336,355,8683,5,0,0,5,9
2020-09-12,US,Georgia,Johnson,401,18,0,32.70211082,-82.66166794,13167.0,4158.456911749457,4.488778054862842,383,396,18,0,378,388,9708,5,0,0,5,8
2020-09-12,US,Georgia,Jones,501,4,0,33.02512137,-83.56019163,13169.0,1743.5183574038626,0.7984031936127745,497,499,4,0,495,496,28616,2,0,0,2,3
2020-09-12,US,Georgia,Lamar,342,17,0,33.07841647,-84.14263877,13171.0,1792.7347067148926,4.970760233918129,325,341,17,0,324,337,19000,1,0,0,1,4
2020-09-12,US,Georgia,Lanier,284,5,0,31.03828570000001,-83.06472457,13173.0,2724.743356039528,1.7605633802816902,279,280,5,0,275,279,10340,4,0,0,4,1
2020-09-12,US,Georgia,Laurens,1478,54,0,32.46325233,-82.92221316,13175.0,3108.5685441467213,3.653585926928281,1424,1468,54,0,1414,1463,47325,10,0,0,10,5
2020-09-12,US,Georgia,Lee,667,25,0,31.779330600000005,-84.14324253,13177.0,2223.9263803680983,3.748125937031484,642,662,25,0,637,662,29764,5,0,0,5,0
2020-09-12,US,Georgia,Liberty,997,19,0,31.82588896,-81.49251135,13179.0,1622.8534223162692,1.9057171514543632,978,989,19,0,970,981,61497,8,0,0,8,8
2020-09-12,US,Georgia,Lincoln,203,7,0,33.79201475,-82.45024131,13181.0,2562.807726297185,3.4482758620689653,196,201,7,0,194,201,7915,2,0,0,2,0
2020-09-12,US,Georgia,Long,209,3,0,31.75218791,-81.74952375,13183.0,1068.5617874124443,1.4354066985645932,206,204,3,0,201,198,18998,5,0,0,5,6
2020-09-12,US,Georgia,Lowndes,3691,72,0,30.83568832,-83.27056716,13185.0,3143.7916290479193,1.9506908696830128,3619,3674,72,0,3602,3652,116321,17,0,0,17,22
2020-09-12,US,Georgia,Lumpkin,803,12,0,34.57286511,-84.00425681,13187.0,2389.1698899137164,1.49439601494396,791,800,12,0,788,795,32955,3,0,0,3,5
2020-09-12,US,Georgia,Macon,220,10,0,32.35207048,-84.04234127,13193.0,1699.2353440951572,4.545454545454546,210,218,10,0,208,217,13143,2,0,0,2,1
2020-09-12,US,Georgia,Madison,613,8,0,34.12920917,-83.21218732,13195.0,2051.5394912985275,1.3050570962479608,605,604,8,0,596,597,29650,9,0,0,9,7
2020-09-12,US,Georgia,Marion,178,7,0,32.3483402,-84.52733571,13197.0,2129.441320732145,3.9325842696629216,171,178,7,0,171,178,8351,0,0,0,0,0
2020-09-12,US,Georgia,McDuffie,552,13,0,33.47851918,-82.48252774,13189.0,2590.0900900900892,2.355072463768116,539,544,13,0,531,541,21531,8,0,0,8,3
2020-09-12,US,Georgia,McIntosh,273,7,0,31.49683595,-81.40163426,13191.0,1898.73417721519,2.5641025641025643,266,271,7,0,264,269,14340,2,0,0,2,2
2020-09-12,US,Georgia,Meriwether,516,11,0,33.04163534,-84.68859732,13199.0,2437.756885718335,2.1317829457364343,505,513,11,0,502,510,21068,3,0,0,3,3
2020-09-12,US,Georgia,Miller,232,1,0,31.16568912,-84.73151117,13201.0,4057.3627142357473,0.4310344827586207,231,230,1,0,229,230,5686,2,0,0,2,0
2020-09-12,US,Georgia,Mitchell,747,45,0,31.22483255,-84.19381821,13205.0,3416.731464117459,6.024096385542169,702,744,45,0,699,742,22192,3,0,0,3,2
2020-09-12,US,Georgia,Monroe,624,44,0,33.014289,-83.92097166,13207.0,2262.673145260715,7.05128205128205,580,620,44,0,576,618,27520,4,0,0,4,2
2020-09-12,US,Georgia,Montgomery,258,5,0,32.17201038,-82.53527476,13209.0,2812.9088530309637,1.937984496124031,253,253,5,0,248,250,9193,5,0,0,5,3
2020-09-12,US,Georgia,Morgan,448,2,0,33.59232073,-83.49129491,13211.0,2324.133637684167,0.44642857142857145,446,446,2,0,444,442,18853,2,0,0,2,4
2020-09-12,US,Georgia,Murray,751,5,0,34.78897608,-84.74993177,13213.0,1873.0047885075821,0.6657789613848203,746,741,5,0,736,737,39921,10,0,0,10,4
2020-09-12,US,Georgia,Muscogee,5716,157,0,32.50931999,-84.87142262,13215.0,2919.767685384305,2.7466759972008403,5559,5688,156,0,5532,5678,194160,28,1,0,27,10
2020-09-12,US,Georgia,Newton,2435,74,0,33.55514538,-83.84547140000002,13217.0,2179.0879152348225,3.0390143737166326,2361,2418,74,0,2344,2417,109541,17,0,0,17,1
2020-09-12,US,Georgia,Oconee,656,22,0,33.83749973,-83.43679568,13219.0,1628.5998013902679,3.3536585365853657,634,650,22,0,628,640,39272,6,0,0,6,10
2020-09-12,US,Georgia,Oglethorpe,297,11,0,33.878629600000004,-83.08278123,13221.0,1946.3922930729404,3.703703703703704,286,295,11,0,284,295,15054,2,0,0,2,0
2020-09-12,US,Georgia,Out of GA,16586,143,0,0.0,0.0,80013.0,0.0,0.8621729169178826,16443,16539,143,0,16396,16535,,47,0,0,47,4
2020-09-12,US,Georgia,Paulding,2576,44,0,33.91969522,-84.86848792,13223.0,1527.2697089531446,1.708074534161491,2532,2552,44,0,2508,2530,164044,24,0,0,24,22
2020-09-12,US,Georgia,Peach,611,19,0,32.56934316,-83.82937,13225.0,2218.1078922529587,3.1096563011456633,592,607,19,0,588,603,27297,4,0,0,4,4
2020-09-12,US,Georgia,Pickens,568,8,0,34.46589159,-84.46406611,13227.0,1742.812432880243,1.4084507042253518,560,564,8,0,556,563,31980,4,0,0,4,1
2020-09-12,US,Georgia,Pierce,559,15,0,31.35928155,-82.21598442,13229.0,2871.821217569997,2.683363148479428,544,552,14,0,538,544,19389,7,1,0,6,8
2020-09-12,US,Georgia,Pike,297,8,0,33.09310242,-84.38790389,13231.0,1566.2904756882183,2.6936026936026938,289,296,8,0,288,291,18634,1,0,0,1,5
2020-09-12,US,Georgia,Polk,1334,17,0,34.00267074,-85.18677781,13233.0,3130.5000821345598,1.2743628185907043,1317,1324,17,0,1307,1302,42470,10,0,0,10,22
2020-09-12,US,Georgia,Pulaski,294,11,0,32.23334561,-83.47549959999998,13235.0,2639.8491514770585,3.741496598639456,283,289,11,0,278,279,11069,5,0,0,5,10
2020-09-12,US,Georgia,Putnam,656,22,0,33.32056115,-83.37552891,13237.0,2965.7760296577612,3.3536585365853657,634,654,22,0,632,651,21809,2,0,0,2,3
2020-09-12,US,Georgia,Quitman,31,1,0,31.86728114,-85.01773177,13239.0,1348.4123531970422,3.2258064516129035,30,31,1,0,30,31,2279,0,0,0,0,0
2020-09-12,US,Georgia,Rabun,307,7,0,34.88389445,-83.40304637,13241.0,1791.4454105152595,2.280130293159609,300,305,7,0,298,305,16867,2,0,0,2,0
2020-09-12,US,Georgia,Randolph,327,27,0,31.76622818,-84.75732369,13243.0,4824.43198583653,8.256880733944952,300,325,27,0,298,325,6833,2,0,0,2,0
2020-09-12,US,Georgia,Richmond,6506,147,0,33.35777107,-82.07026432,13245.0,3212.5539458221,2.2594528127881954,6359,6418,145,0,6273,6405,201554,88,2,0,86,13
2020-09-12,US,Georgia,Rockdale,1745,32,0,33.65145002,-84.02202167,13247.0,1919.7764478084848,1.8338108882521493,1713,1739,32,0,1707,1729,90594,6,0,0,6,10
2020-09-12,US,Georgia,Schley,102,2,0,32.2654021,-84.31258912,13249.0,1940.270116035762,1.96078431372549,100,101,2,0,99,101,5236,1,0,0,1,0
2020-09-12,US,Georgia,Screven,336,9,0,32.74976524,-81.60779441,13251.0,2405.842760990978,2.6785714285714284,327,332,9,0,323,327,13938,4,0,0,4,5
2020-09-12,US,Georgia,Seminole,324,8,0,30.93464824,-84.86823924,13253.0,4004.94437577256,2.469135802469136,316,318,8,0,310,315,8315,6,0,0,6,3
2020-09-12,US,Georgia,Spalding,1248,54,0,33.26310031,-84.28013991,13255.0,1870.9803157279277,4.326923076923077,1194,1240,54,0,1186,1238,66100,8,0,0,8,2
2020-09-12,US,Georgia,Stephens,922,31,0,34.55151201,-83.29405315,13257.0,3556.412729026037,3.362255965292841,891,917,31,0,886,914,26035,5,0,0,5,3
2020-09-12,US,Georgia,Stewart,409,12,0,32.07996777,-84.83208037,13259.0,6177.314605044555,2.9339853300733503,397,403,12,0,391,402,6199,6,0,0,6,1
2020-09-12,US,Georgia,Sumter,900,60,0,32.03650571,-84.19821492,13261.0,3048.367429887549,6.666666666666668,840,895,60,0,835,893,29733,5,0,0,5,2
2020-09-12,US,Georgia,Talbot,156,5,0,32.69642758,-84.53351366,13263.0,2518.1598062953994,3.2051282051282053,151,156,5,0,151,155,6272,0,0,0,0,1
2020-09-12,US,Georgia,Taliaferro,19,0,0,33.56543317,-82.88136816,13265.0,1236.174365647365,0.0,19,19,0,0,19,19,1608,0,0,0,0,0
2020-09-12,US,Georgia,Tattnall,740,9,0,32.04785085,-82.05539188,13267.0,2926.5206042869568,1.2162162162162162,731,734,8,0,726,724,25391,6,1,0,5,10
2020-09-12,US,Georgia,Taylor,176,8,0,32.55792548,-84.25077141,13269.0,2194.513715710724,4.545454545454546,168,175,8,0,167,174,8039,1,0,0,1,1
2020-09-12,US,Georgia,Telfair,368,16,0,31.92829517,-82.93491155,13271.0,2320.302648171501,4.3478260869565215,352,365,15,0,350,363,15876,3,1,0,2,2
2020-09-12,US,Georgia,Terrell,324,31,0,31.77527543,-84.44069698,13273.0,3797.9134919704607,9.567901234567902,293,324,31,0,293,324,8611,0,0,0,0,0
2020-09-12,US,Georgia,Thomas,1428,58,0,30.86392347,-83.91847289,13275.0,3212.526152392522,4.061624649859944,1370,1418,58,0,1360,1423,44448,10,0,0,10,-5
2020-09-12,US,Georgia,Tift,1628,52,0,31.45743864,-83.5236119,13277.0,4005.5112685759277,3.194103194103194,1576,1623,52,0,1571,1612,40571,5,0,0,5,11
2020-09-12,US,Georgia,Toombs,1213,35,0,32.12059861,-82.32957247,13279.0,4521.058516585911,2.8854080791426218,1178,1201,30,0,1171,1197,26887,12,5,0,7,4
2020-09-12,US,Georgia,Towns,254,7,0,34.91369188,-83.74107459999998,13281.0,2110.160338954889,2.755905511811024,247,246,7,0,239,244,11852,8,0,0,8,2
2020-09-12,US,Georgia,Treutlen,237,6,0,32.40422134,-82.56904553,13283.0,3434.2848862483697,2.5316455696202533,231,234,6,0,228,232,6809,3,0,0,3,2
2020-09-12,US,Georgia,Troup,2692,92,0,33.03349196,-85.02812115,13285.0,3850.0042904951233,3.4175334323922733,2600,2679,91,0,2588,2674,70034,13,1,0,12,5
2020-09-12,US,Georgia,Turner,287,21,0,31.71612656,-83.62069378,13287.0,3594.239198497183,7.317073170731707,266,287,21,0,266,287,7912,0,0,0,0,0
2020-09-12,US,Georgia,Twiggs,176,7,0,32.67435595,-83.43078662,13289.0,2167.487684729064,3.977272727272727,169,173,7,0,166,173,8188,3,0,0,3,0
2020-09-12,US,Georgia,Unassigned,2467,3,0,0.0,0.0,90013.0,0.0,0.12160518848804215,2464,2426,3,0,2423,2440,,41,0,0,41,-14
2020-09-12,US,Georgia,Union,599,17,0,34.82995757,-83.98967069,13291.0,2443.800742523765,2.8380634390651087,582,582,16,0,566,542,24001,17,1,0,16,40
2020-09-12,US,Georgia,Upson,706,59,0,32.87920671,-84.30024826,13293.0,2682.370820668693,8.356940509915015,647,701,59,0,642,699,26215,5,0,0,5,2
2020-09-12,US,Georgia,Walker,1274,26,0,34.73376362,-85.30165174,13295.0,1826.2352890583566,2.0408163265306123,1248,1235,26,0,1209,1215,69410,39,0,0,39,20
2020-09-12,US,Georgia,Walton,1667,51,0,33.78017694,-83.73552314,13297.0,1762.2868499783285,3.0593881223755246,1616,1649,50,0,1599,1636,93503,18,1,0,17,13
2020-09-12,US,Georgia,Ware,1409,49,0,31.05449097,-82.42224148,13299.0,3943.0234510550176,3.4776437189496097,1360,1405,49,0,1356,1394,35680,4,0,0,4,11
2020-09-12,US,Georgia,Warren,124,5,0,33.41146451,-82.67795848,13301.0,2360.106585458698,4.032258064516129,119,124,5,0,119,124,5251,0,0,0,0,0
2020-09-12,US,Georgia,Washington,637,7,0,32.96711864,-82.79357039,13303.0,3126.5338176106798,1.0989010989010992,630,635,7,0,628,634,20386,2,0,0,2,1
2020-09-12,US,Georgia,Wayne,1053,27,0,31.5521809,-81.91894878,13305.0,3518.561833795569,2.5641025641025643,1026,1042,26,0,1016,1030,29808,11,1,0,10,12
2020-09-12,US,Georgia,Webster,42,2,0,32.04066113,-84.54742852,13307.0,1611.0471806674338,4.761904761904762,40,42,2,0,40,41,2611,0,0,0,0,1
2020-09-12,US,Georgia,Wheeler,305,11,0,32.12009104,-82.72574721,13309.0,3882.8771483131763,3.60655737704918,294,305,11,0,294,232,7879,0,0,0,0,73
2020-09-12,US,Georgia,White,653,17,0,34.64624278,-83.74905525,13311.0,2120.267549840899,2.603369065849924,636,639,17,0,622,629,29970,14,0,0,14,10
2020-09-12,US,Georgia,Whitfield,4261,57,0,34.80987459,-84.96093476,13313.0,4072.523607447337,1.337714151607604,4204,4247,57,0,4190,4217,104062,14,0,0,14,30
2020-09-12,US,Georgia,Wilcox,234,20,0,31.97496928,-83.43438555,13315.0,2709.901563404748,8.547008547008549,214,229,20,0,209,229,8812,5,0,0,5,0
2020-09-12,US,Georgia,Wilkes,247,3,0,33.78290391,-82.74286107,13317.0,2526.337322287,1.214574898785425,244,244,3,0,241,241,9876,3,0,0,3,3
2020-09-12,US,Georgia,Wilkinson,310,17,0,32.80291082,-83.17140684,13319.0,3462.139825776189,5.483870967741934,293,309,17,0,292,307,9036,1,0,0,1,2
2020-09-12,US,Georgia,Worth,516,29,0,31.55162306,-83.85090513,13321.0,2548.525707512224,5.62015503875969,487,514,29,0,485,517,20299,2,0,0,2,-3
2020-09-12,US,Hawaii,Hawaii,572,3,0,19.60121157,-155.5210167,15001.0,283.8526546674408,0.5244755244755245,569,562,3,0,559,541,200983,10,0,0,10,21
2020-09-12,US,Hawaii,Honolulu,9559,84,0,21.45803166,-157.97121819999995,15003.0,980.8498783557347,0.8787530076367821,9475,9446,83,0,9363,9304,980080,113,1,0,112,142
2020-09-12,US,Hawaii,Kauai,58,0,0,22.03935037,-159.5966786,15007.0,80.2290678212275,0.0,58,58,0,0,58,58,72133,0,0,0,0,0
2020-09-12,US,Hawaii,Maui,373,9,0,20.86399628,-156.56890969999995,15009.0,222.7969680498396,2.412868632707774,364,367,9,0,358,363,167207,6,0,0,6,4
2020-09-12,US,Hawaii,Out of HI,26,1,0,0.0,0.0,80015.0,0.0,3.8461538461538463,25,26,1,0,25,26,,0,0,0,0,0
2020-09-12,US,Idaho,Ada,11923,140,0,43.4526575,-116.24155159999998,16001.0,2475.772809481984,1.1742011238782186,11783,11873,139,0,11734,11823,469966,50,1,0,49,50
2020-09-12,US,Idaho,Adams,26,1,0,44.89333571,-116.4545247,16003.0,605.4960409874243,3.8461538461538463,25,26,1,0,25,26,4250,0,0,0,0,0
2020-09-12,US,Idaho,Bannock,754,4,0,42.67002716,-112.2233311,16005.0,858.6916909620993,0.5305039787798409,750,737,4,0,733,719,87138,17,0,0,17,18
2020-09-12,US,Idaho,Bear Lake,31,0,0,42.28269683,-111.32892379999998,16007.0,506.1224489795918,0.0,31,31,0,0,31,31,6050,0,0,0,0,0
2020-09-12,US,Idaho,Benewah,126,2,0,47.21754179,-116.6586851,16009.0,1355.1301355130136,1.5873015873015872,124,124,2,0,122,124,9226,2,0,0,2,0
2020-09-12,US,Idaho,Bingham,591,9,0,43.21672879999999,-112.3978437,16011.0,1262.5237657815476,1.5228426395939083,582,582,9,0,573,564,46236,9,0,0,9,18
2020-09-12,US,Idaho,Blaine,610,6,0,43.4085812,-113.9752658,16013.0,2649.754571912601,0.9836065573770492,604,609,6,0,603,609,22601,1,0,0,1,0
2020-09-12,US,Idaho,Boise,65,1,0,43.98829931,-115.7309284,16015.0,830.0344783552548,1.5384615384615383,64,65,1,0,64,63,7634,0,0,0,0,2
2020-09-12,US,Idaho,Bonner,246,0,0,48.29996017,-116.6017932,16017.0,537.8342333675856,0.0,246,245,0,0,245,238,44727,1,0,0,1,7
2020-09-12,US,Idaho,Bonneville,2165,14,0,43.38713372,-111.6161537,16019.0,1818.3803396549692,0.6466512702078522,2151,2128,13,0,2115,2055,116854,37,1,0,36,73
2020-09-12,US,Idaho,Boundary,45,1,0,48.76684761,-116.4630179,16021.0,367.49693752552076,2.2222222222222223,44,45,1,0,44,45,11948,0,0,0,0,0
2020-09-12,US,Idaho,Butte,26,0,0,43.72592209,-113.1735463,16023.0,1001.1551790527533,0.0,26,24,0,0,24,24,2611,2,0,0,2,0
2020-09-12,US,Idaho,Camas,5,0,0,43.46665742,-114.8065892,16025.0,452.0795660036167,0.0,5,4,0,0,4,4,1127,1,0,0,1,0
2020-09-12,US,Idaho,Canyon,7671,90,0,43.61970148,-116.70954990000001,16027.0,3337.408472518915,1.1732499022291751,7581,7652,89,0,7563,7618,223499,19,1,0,18,34
2020-09-12,US,Idaho,Caribou,50,0,0,42.77149116,-111.5597683,16029.0,698.8120195667366,0.0,50,47,0,0,47,46,7060,3,0,0,3,1
2020-09-12,US,Idaho,Cassia,596,5,0,42.28347888,-113.6012409,16031.0,2480.233042030795,0.8389261744966443,591,594,5,0,589,594,23864,2,0,0,2,0
2020-09-12,US,Idaho,Clark,24,0,0,44.28496071,-112.35057040000001,16033.0,2840.2366863905327,0.0,24,24,0,0,24,23,852,0,0,0,0,1
2020-09-12,US,Idaho,Clearwater,27,0,0,46.67459924,-115.6622393,16035.0,308.3599817268159,0.0,27,27,0,0,27,27,8758,0,0,0,0,0
2020-09-12,US,Idaho,Custer,54,0,0,44.24186819,-114.2855494,16037.0,1251.4484356894557,0.0,54,54,0,0,54,45,4280,0,0,0,0,9
2020-09-12,US,Idaho,Elmore,311,3,0,43.3507101,-115.4701578,16039.0,1130.4569081458326,0.964630225080386,308,307,3,0,304,306,27259,4,0,0,4,1
2020-09-12,US,Idaho,Franklin,63,0,0,42.18332217,-111.81496659999999,16041.0,454.0213317959066,0.0,63,62,0,0,62,61,13726,1,0,0,1,1
2020-09-12,US,Idaho,Fremont,138,3,0,44.22800938,-111.48099429999999,16043.0,1053.5155355370641,2.1739130434782608,135,135,3,0,132,132,13168,3,0,0,3,3
2020-09-12,US,Idaho,Gem,263,2,0,44.06482372,-116.398376,16045.0,1452.0759717314484,0.7604562737642585,261,255,2,0,253,245,17634,8,0,0,8,10
2020-09-12,US,Idaho,Gooding,249,1,0,42.96927962,-114.81083059999999,16047.0,1640.4242703735424,0.4016064257028112,248,247,1,0,246,247,15196,2,0,0,2,0
2020-09-12,US,Idaho,Idaho,54,0,0,45.84721541,-115.4634436,16049.0,323.99352012959736,0.0,54,54,0,0,54,51,16513,0,0,0,0,3
2020-09-12,US,Idaho,Jefferson,407,1,0,43.82078483,-112.3131749,16051.0,1362.5255264303169,0.2457002457002457,406,401,1,0,400,386,29439,6,0,0,6,15
2020-09-12,US,Idaho,Jerome,681,6,0,42.68891267,-114.2655033,16053.0,2789.6116663935773,0.8810572687224669,675,677,6,0,671,676,24015,4,0,0,4,1
2020-09-12,US,Idaho,Kootenai,2357,32,0,47.67282258,-116.7020872,16055.0,1422.4759651653321,1.3576580398812048,2325,2335,32,0,2303,2322,161505,22,0,0,22,13
2020-09-12,US,Idaho,Latah,273,0,0,46.81587887,-116.71136979999999,16057.0,680.6622120275258,0.0,273,273,0,0,273,267,40134,0,0,0,0,6
2020-09-12,US,Idaho,Lemhi,72,0,0,44.9438088,-113.9309747,16059.0,896.9727170798552,0.0,72,72,0,0,72,72,7961,0,0,0,0,0
2020-09-12,US,Idaho,Lewis,12,0,0,46.23315327,-116.434146,16061.0,312.66284523189165,0.0,12,12,0,0,12,11,3861,0,0,0,0,1
2020-09-12,US,Idaho,Lincoln,83,0,0,43.0012336,-114.1358773,16063.0,1546.7759970182626,0.0,83,82,0,0,82,80,5360,1,0,0,1,2
2020-09-12,US,Idaho,Madison,331,1,0,43.78141028,-111.65384740000002,16065.0,829.4284210790088,0.3021148036253776,330,331,1,0,330,319,39304,0,0,0,0,12
2020-09-12,US,Idaho,Minidoka,584,7,0,42.85518524,-113.6357257,16067.0,2775.797328770379,1.1986301369863013,577,584,7,0,577,583,20825,0,0,0,0,1
2020-09-12,US,Idaho,Nez Perce,372,20,0,46.32638236,-116.75009750000001,16069.0,920.6097802415364,5.376344086021504,352,372,20,0,352,351,40408,0,0,0,0,21
2020-09-12,US,Idaho,Oneida,22,0,0,42.19494279999999,-112.5407838,16071.0,485.5440300154492,0.0,22,22,0,0,22,22,4488,0,0,0,0,0
2020-09-12,US,Idaho,Owyhee,320,5,0,42.58016894,-116.16938710000001,16073.0,2706.5888522371647,1.5625,315,317,5,0,312,316,11693,3,0,0,3,1
2020-09-12,US,Idaho,Payette,765,4,0,44.00545243,-116.7647695,16075.0,3194.0211264665363,0.5228758169934641,761,758,4,0,754,756,23551,7,0,0,7,2
2020-09-12,US,Idaho,Power,151,0,0,42.69254894,-112.83957420000002,16077.0,1965.8898580913944,0.0,151,150,0,0,150,150,7768,1,0,0,1,0
2020-09-12,US,Idaho,Shoshone,209,17,0,47.35364087,-115.89167490000001,16079.0,1622.4188790560474,8.133971291866029,192,208,17,0,191,206,12796,1,0,0,1,2
2020-09-12,US,Idaho,Teton,140,0,0,43.75303583,-111.2056773,16081.0,1153.0225662987975,0.0,140,139,0,0,139,137,11640,1,0,0,1,2
2020-09-12,US,Idaho,Twin Falls,1871,35,0,42.35440512,-114.6685381,16083.0,2153.594696010497,1.8706574024585785,1836,1862,35,0,1827,1840,86081,9,0,0,9,22
2020-09-12,US,Idaho,Unassigned,1,0,0,0.0,0.0,90016.0,0.0,0.0,1,1,0,0,1,2,,0,0,0,0,-1
2020-09-12,US,Idaho,Valley,86,1,0,44.76728382,-115.5676773,16085.0,754.9157303370787,1.162790697674419,85,86,1,0,85,86,11041,0,0,0,0,0
2020-09-12,US,Idaho,Washington,317,4,0,44.45275475,-116.78476880000001,16087.0,3109.672356288013,1.2618296529968454,313,317,4,0,313,315,10161,0,0,0,0,2
2020-09-12,US,Illinois,Adams,874,10,0,39.98815591,-91.18786813,17001.0,1335.676625659051,1.1441647597254003,864,857,10,0,847,849,65691,17,0,0,17,8
2020-09-12,US,Illinois,Alexander,57,1,0,37.18049267,-89.32910838,17003.0,989.41156049297,1.7543859649122806,56,56,1,0,55,52,6060,1,0,0,1,4
2020-09-12,US,Illinois,Bond,226,4,0,38.88829622,-89.43534887,17005.0,1375.867527091197,1.7699115044247788,222,223,4,0,219,216,16630,3,0,0,3,7
2020-09-12,US,Illinois,Boone,956,23,0,42.32359279,-88.82345779,17007.0,1785.4474824443448,2.4058577405857737,933,953,23,0,930,947,53577,3,0,0,3,6
2020-09-12,US,Illinois,Brown,26,0,0,39.96209138,-90.75068024,17009.0,395.2569169960474,0.0,26,26,0,0,26,25,6556,0,0,0,0,1
2020-09-12,US,Illinois,Bureau,488,9,0,41.40385234,-89.5283051,17011.0,1495.6479097707488,1.8442622950819672,479,482,9,0,473,469,32993,6,0,0,6,13
2020-09-12,US,Illinois,Calhoun,33,0,0,39.16840183,-90.66330078,17013.0,696.3494408102977,0.0,33,33,0,0,33,33,4802,0,0,0,0,0
2020-09-12,US,Illinois,Carroll,158,4,0,42.06823429,-89.93395545,17015.0,1104.508912967494,2.5316455696202533,154,157,4,0,153,156,14312,1,0,0,1,1
2020-09-12,US,Illinois,Cass,348,11,0,39.96991073,-90.24734436,17017.0,2864.9049147937762,3.160919540229885,337,345,11,0,334,341,12260,3,0,0,3,4
2020-09-12,US,Illinois,Champaign,3992,20,0,40.13919438,-88.20046615,17019.0,1903.7717762972784,0.501002004008016,3972,3876,20,0,3856,3811,209983,116,0,0,116,65
2020-09-12,US,Illinois,Christian,297,9,0,39.54581621,-89.27780482,17021.0,919.3907875185736,3.0303030303030303,288,291,9,0,282,284,32661,6,0,0,6,7
2020-09-12,US,Illinois,Clark,133,2,0,39.33425789,-87.78705622,17023.0,861.3431772553591,1.5037593984962403,131,125,2,0,123,123,15596,8,0,0,8,2
2020-09-12,US,Illinois,Clay,127,0,0,38.75388572,-88.48914513,17025.0,963.2888349514564,0.0,127,120,0,0,120,116,13253,7,0,0,7,4
2020-09-12,US,Illinois,Clinton,936,19,0,38.60704876,-89.42385254,17027.0,2491.880091581918,2.02991452991453,917,922,19,0,903,902,37639,14,0,0,14,20
2020-09-12,US,Illinois,Coles,1219,26,0,39.51949084,-88.22358557,17029.0,2408.091503526205,2.1328958162428218,1193,1204,26,0,1178,1180,50885,15,0,0,15,24
2020-09-12,US,Illinois,Cook,134352,5128,0,41.84144849,-87.81658794,17031.0,2608.6586762191146,3.816839347385971,129224,133686,5112,0,128574,132963,5180493,666,16,0,650,723
2020-09-12,US,Illinois,Crawford,239,1,0,39.0032229,-87.75954624,17033.0,1280.3342797450043,0.41841004184100417,238,216,1,0,215,204,18807,23,0,0,23,12
2020-09-12,US,Illinois,Cumberland,179,4,0,39.27432424,-88.2401158,17035.0,1662.6416496377485,2.23463687150838,175,176,4,0,172,176,10808,3,0,0,3,0
2020-09-12,US,Illinois,De Witt,72,1,0,40.17514519,-88.90959682,17039.0,460.41693311165113,1.3888888888888888,71,64,1,0,63,62,15769,8,0,0,8,2
2020-09-12,US,Illinois,DeKalb,1309,36,0,41.89373302,-88.76958483,17037.0,1247.8907881064285,2.750190985485103,1273,1298,36,0,1262,1289,104143,11,0,0,11,9
2020-09-12,US,Illinois,Douglas,254,5,0,39.76768052,-88.21854195,17041.0,1304.9062419727713,1.9685039370078738,249,249,5,0,244,247,19479,5,0,0,5,2
2020-09-12,US,Illinois,DuPage,15938,543,0,41.85116968,-88.08642662,17043.0,1726.9083702722119,3.4069519387627056,15395,15826,544,0,15282,15704,928589,112,-1,0,113,122
2020-09-12,US,Illinois,Edgar,101,3,0,39.6809186,-87.74759563,17045.0,588.5437911543618,2.9702970297029703,98,99,3,0,96,98,17360,2,0,0,2,1
2020-09-12,US,Illinois,Edwards,53,0,0,38.41353228,-88.05720863,17047.0,828.7724784988272,0.0,53,52,0,0,52,50,6392,1,0,0,1,2
2020-09-12,US,Illinois,Effingham,737,1,0,39.05935711,-88.58969584,17049.0,2167.137144201364,0.13568521031207598,736,726,1,0,725,703,34208,11,0,0,11,23
2020-09-12,US,Illinois,Fayette,246,3,0,39.00072038,-89.02452658,17051.0,1152.9808773903262,1.2195121951219512,243,243,3,0,240,227,21416,3,0,0,3,16
2020-09-12,US,Illinois,Ford,84,4,0,40.59706922,-88.22350769,17053.0,648.0981405755729,4.761904761904762,80,82,4,0,78,82,13264,2,0,0,2,0
2020-09-12,US,Illinois,Franklin,415,1,0,37.99189086,-88.92567818,17055.0,1078.7907146013674,0.24096385542168675,414,407,1,0,406,398,38701,8,0,0,8,9
2020-09-12,US,Illinois,Fulton,117,0,0,40.47289135,-90.20862357,17057.0,340.7105416423996,0.0,117,111,0,0,111,107,34844,6,0,0,6,4
2020-09-12,US,Illinois,Gallatin,68,2,0,37.76430935,-88.22953869,17059.0,1408.4507042253522,2.9411764705882355,66,67,2,0,65,67,5058,1,0,0,1,0
2020-09-12,US,Illinois,Greene,182,2,0,39.35907414,-90.388865,17061.0,1403.3464415143806,1.0989010989010992,180,182,2,0,180,172,13044,0,0,0,0,10
2020-09-12,US,Illinois,Grundy,567,5,0,41.28569601,-88.41905692,17063.0,1110.5887883417556,0.8818342151675485,562,562,5,0,557,555,50972,5,0,0,5,7
2020-09-12,US,Illinois,Hamilton,52,0,0,38.08163641,-88.53883373,17065.0,640.7097092163627,0.0,52,50,0,0,50,49,8163,2,0,0,2,1
2020-09-12,US,Illinois,Hancock,171,2,0,40.40423981,-91.16313899,17067.0,965.6652360515021,1.1695906432748535,169,170,2,0,168,167,17844,1,0,0,1,3
2020-09-12,US,Illinois,Hardin,25,0,0,37.51810645,-88.26873022,17069.0,654.2789845590161,0.0,25,24,0,0,24,24,3910,1,0,0,1,0
2020-09-12,US,Illinois,Henderson,60,0,0,40.81908672,-90.92491462,17071.0,902.7986758952753,0.0,60,59,0,0,59,57,6709,1,0,0,1,2
2020-09-12,US,Illinois,Henry,574,4,0,41.3533994,-90.13296166,17073.0,1173.512154233026,0.6968641114982579,570,568,4,0,564,556,49090,6,0,0,6,12
2020-09-12,US,Illinois,Iroquois,329,19,0,40.74717633,-87.82466784,17075.0,1213.3952939440876,5.775075987841946,310,327,19,0,308,326,27604,2,0,0,2,1
2020-09-12,US,Illinois,Jackson,1135,24,0,37.78595185,-89.38232563,17077.0,2000.0,2.1145374449339207,1111,1120,24,0,1096,1103,57419,15,0,0,15,17
2020-09-12,US,Illinois,Jasper,180,7,0,39.01054275,-88.15437049,17079.0,1873.048907388137,3.888888888888889,173,175,7,0,168,168,9611,5,0,0,5,7
2020-09-12,US,Illinois,Jefferson,509,37,0,38.29980057,-88.9240025,17081.0,1350.7058698651947,7.269155206286838,472,504,37,0,467,502,37820,5,0,0,5,2
2020-09-12,US,Illinois,Jersey,353,12,0,39.08869046,-90.35393073,17083.0,1621.2740550222754,3.39943342776204,341,349,12,0,337,333,21847,4,0,0,4,16
2020-09-12,US,Illinois,Jo Daviess,210,2,0,42.36542373,-90.21094405,17085.0,988.9333647280432,0.9523809523809524,208,204,2,0,202,200,21366,6,0,0,6,4
2020-09-12,US,Illinois,Johnson,130,0,0,37.45939802,-88.88165419,17087.0,1046.951759684304,0.0,130,128,0,0,128,126,12456,2,0,0,2,2
2020-09-12,US,Illinois,Kane,12034,322,0,41.93842729,-88.42861412,17089.0,2260.3178419355263,2.675752035898288,11712,11965,321,0,11644,11888,534216,69,1,0,68,77
2020-09-12,US,Illinois,Kankakee,2511,72,0,41.13746989,-87.86205334,17091.0,2285.594655112777,2.867383512544803,2439,2475,72,0,2403,2467,110024,36,0,0,36,8
2020-09-12,US,Illinois,Kendall,1797,25,0,41.59081014,-88.42869583,17093.0,1393.1312504845334,1.391207568169171,1772,1786,25,0,1761,1772,127915,11,0,0,11,14
2020-09-12,US,Illinois,Knox,521,3,0,40.93148779,-90.21330340000002,17095.0,1048.310831203847,0.5758157389635317,518,511,3,0,508,506,50112,10,0,0,10,5
2020-09-12,US,Illinois,LaSalle,1475,54,0,41.34426129999999,-88.88633881,17099.0,1357.3328180069752,3.6610169491525424,1421,1457,54,0,1403,1429,109430,18,0,0,18,28
2020-09-12,US,Illinois,Lake,15700,478,0,42.3224907,-88.00367925,17097.0,2254.0145147049325,3.0445859872611467,15222,15583,477,0,15106,15472,700832,117,1,0,116,111
2020-09-12,US,Illinois,Lawrence,225,0,0,38.71987914,-87.72884035,17101.0,1435.1320321469575,0.0,225,210,0,0,210,207,15765,15,0,0,15,3
2020-09-12,US,Illinois,Lee,298,1,0,41.74583951,-89.29977132,17103.0,874.0028155795401,0.3355704697986577,297,294,1,0,293,290,34223,4,0,0,4,4
2020-09-12,US,Illinois,Livingston,263,4,0,40.89188292,-88.55784752,17105.0,737.7692998204668,1.520912547528517,259,258,4,0,254,253,35761,5,0,0,5,5
2020-09-12,US,Illinois,Logan,380,1,0,40.12581572,-89.36638784,17107.0,1327.83562792648,0.2631578947368421,379,378,1,0,377,353,28925,2,0,0,2,25
2020-09-12,US,Illinois,Macon,1209,32,0,39.86064913,-88.96342505,17115.0,1162.3994077435607,2.6468155500413566,1177,1182,30,0,1152,1162,104712,27,2,0,25,20
2020-09-12,US,Illinois,Macoupin,432,6,0,39.26119767,-89.92424028,17117.0,961.5812669723546,1.3888888888888888,426,423,6,0,417,418,45313,9,0,0,9,5
2020-09-12,US,Illinois,Madison,4872,118,0,38.83042506,-89.90422563,17119.0,1852.7109968589093,2.4220032840722494,4754,4780,117,0,4663,4693,264461,92,1,0,91,87
2020-09-12,US,Illinois,Marion,414,0,0,38.64963204,-88.91899208,17121.0,1112.7536621421852,0.0,414,403,0,0,403,387,37620,11,0,0,11,16
2020-09-12,US,Illinois,Marshall,67,0,0,41.0327901,-89.34510444,17123.0,585.766742437489,0.0,67,63,0,0,63,63,11534,4,0,0,4,0
2020-09-12,US,Illinois,Mason,107,1,0,40.23917274,-89.91824452,17125.0,800.9581555505652,0.9345794392523364,106,103,1,0,102,102,13565,4,0,0,4,1
2020-09-12,US,Illinois,Massac,83,1,0,37.22078441,-88.71036614,17127.0,602.6720882950915,1.2048192771084338,82,78,1,0,77,76,14080,5,0,0,5,2
2020-09-12,US,Illinois,McDonough,398,15,0,40.45674722,-90.67775541,17109.0,1340.8799946095273,3.768844221105528,383,378,15,0,363,371,29955,20,0,0,20,7
2020-09-12,US,Illinois,McHenry,4235,116,0,42.32451172,-88.45248227,17111.0,1376.0096694327656,2.739079102715466,4119,4203,116,0,4087,4176,308570,32,0,0,32,27
2020-09-12,US,Illinois,McLean,2881,18,0,40.48996987,-88.84621113,17113.0,1679.7168793763885,0.624783061437001,2863,2827,18,0,2809,2783,172828,54,0,0,54,44
2020-09-12,US,Illinois,Menard,93,0,0,40.02742725,-89.80246001,17129.0,762.5450967530337,0.0,93,92,0,0,92,91,12288,1,0,0,1,1
2020-09-12,US,Illinois,Mercer,116,5,0,41.20596782,-90.74290052,17131.0,751.441342229708,4.310344827586206,111,114,5,0,109,113,15601,2,0,0,2,1
2020-09-12,US,Illinois,Monroe,574,15,0,38.27594376,-90.17761038,17133.0,1657.1874007564165,2.6132404181184667,559,564,15,0,549,558,34335,10,0,0,10,6
2020-09-12,US,Illinois,Montgomery,288,12,0,39.23198845,-89.47809254,17135.0,1013.5848525374817,4.166666666666667,276,279,12,0,267,273,28601,9,0,0,9,6
2020-09-12,US,Illinois,Morgan,590,21,0,39.71654544,-90.20255104,17137.0,1752.9264959296454,3.5593220338983054,569,584,21,0,563,580,33976,6,0,0,6,4
2020-09-12,US,Illinois,Moultrie,189,3,0,39.64187451,-88.62099969,17139.0,1303.3583890766154,1.5873015873015872,186,187,3,0,184,183,14717,2,0,0,2,4
2020-09-12,US,Illinois,Ogle,557,5,0,42.04165196,-89.32184679,17141.0,1099.8558537211459,0.8976660682226212,552,554,5,0,549,550,50923,3,0,0,3,4
2020-09-12,US,Illinois,Out of IL,1,0,0,0.0,0.0,80017.0,0.0,0.0,1,1,0,0,1,1,,0,0,0,0,0
2020-09-12,US,Illinois,Peoria,2845,44,0,40.78702156,-89.76078901,17143.0,1587.7976771831518,1.5465729349736381,2801,2776,43,0,2733,2755,180621,69,1,0,68,21
2020-09-12,US,Illinois,Perry,318,13,0,38.08510853,-89.36856219,17145.0,1520.3671830177857,4.088050314465409,305,314,13,0,301,311,21174,4,0,0,4,3
2020-09-12,US,Illinois,Piatt,108,0,0,40.01360584,-88.59319339,17147.0,660.7929515418502,0.0,108,102,0,0,102,102,16396,6,0,0,6,0
2020-09-12,US,Illinois,Pike,99,1,0,39.62265059,-90.8877017,17149.0,636.2058993637941,1.0101010101010102,98,95,1,0,94,93,15611,4,0,0,4,2
2020-09-12,US,Illinois,Pope,23,1,0,37.41391284,-88.56152109,17151.0,550.6344266219775,4.3478260869565215,22,23,1,0,22,23,4212,0,0,0,0,0
2020-09-12,US,Illinois,Pulaski,146,1,0,37.22631423,-89.13085001,17153.0,2736.6447985004693,0.6849315068493149,145,145,1,0,144,144,5463,1,0,0,1,1
2020-09-12,US,Illinois,Putnam,31,0,0,41.2013541,-89.2869272,17155.0,540.1637916013243,0.0,31,28,0,0,28,27,5740,3,0,0,3,1
2020-09-12,US,Illinois,Randolph,841,8,0,38.05095369,-89.82512254,17157.0,2646.151909886099,0.9512485136741974,833,833,8,0,825,809,32106,8,0,0,8,24
2020-09-12,US,Illinois,Richland,109,4,0,38.71240969,-88.08475366,17159.0,702.6364984206795,3.669724770642202,105,99,4,0,95,99,15763,10,0,0,10,0
2020-09-12,US,Illinois,Rock Island,2582,67,0,41.46613806,-90.57042164,17161.0,1819.8605854284287,2.5948876839659176,2515,2558,67,0,2491,2532,143477,24,0,0,24,26
2020-09-12,US,Illinois,Saline,203,3,0,37.75332999,-88.54119706,17165.0,864.1607424119876,1.477832512315271,200,200,3,0,197,194,23906,3,0,0,3,6
2020-09-12,US,Illinois,Sangamon,2098,42,0,39.75836914,-89.65872023,17167.0,1077.7101997205555,2.001906577693041,2056,2078,42,0,2036,2049,195348,20,0,0,20,29
2020-09-12,US,Illinois,Schuyler,33,0,0,40.157179799999994,-90.61114163,17169.0,487.5886524822696,0.0,33,31,0,0,31,32,6907,2,0,0,2,-1
2020-09-12,US,Illinois,Scott,59,0,0,39.642916899999996,-90.47814431,17171.0,1191.678448798223,0.0,59,58,0,0,58,53,4926,1,0,0,1,5
2020-09-12,US,Illinois,Shelby,294,3,0,39.39133527,-88.80611122,17173.0,1358.9719885365628,1.020408163265306,291,289,3,0,286,286,21741,5,0,0,5,3
2020-09-12,US,Illinois,St. Clair,5966,178,0,38.46996033,-89.93063427,17163.0,2297.389924755281,2.9835735836406303,5788,5924,178,0,5746,5852,261059,42,0,0,42,72
2020-09-12,US,Illinois,Stark,43,1,0,41.09309773,-89.79745866,17175.0,804.9419692998877,2.3255813953488373,42,41,1,0,40,40,5427,2,0,0,2,1
2020-09-12,US,Illinois,Stephenson,421,6,0,42.35129217,-89.662598,17177.0,946.109937525282,1.4251781472684086,415,417,6,0,411,409,44753,4,0,0,4,8
2020-09-12,US,Illinois,Tazewell,1367,12,0,40.50716185,-89.51404662,17179.0,1037.1539342807068,0.8778346744696416,1355,1336,12,0,1324,1323,132328,31,0,0,31,13
2020-09-12,US,Illinois,Unassigned,2142,232,0,0.0,0.0,90017.0,0.0,10.830999066293185,1910,2140,232,0,1908,1968,,2,0,0,2,172
2020-09-12,US,Illinois,Union,464,24,0,37.47119609,-89.25548938,17181.0,2786.284753497868,5.172413793103448,440,460,24,0,436,455,16841,4,0,0,4,5
2020-09-12,US,Illinois,Vermilion,450,4,0,40.18417171,-87.73384359,17183.0,593.9966736186278,0.8888888888888888,446,434,4,0,430,425,76806,16,0,0,16,9
2020-09-12,US,Illinois,Wabash,133,1,0,38.44272901,-87.84922065,17185.0,1154.513888888889,0.7518796992481203,132,130,1,0,129,125,11549,3,0,0,3,5
2020-09-12,US,Illinois,Warren,282,1,0,40.84925021,-90.6147432,17187.0,1674.1866540014248,0.3546099290780142,281,279,1,0,278,279,17032,3,0,0,3,0
2020-09-12,US,Illinois,Washington,152,1,0,38.35309213,-89.40982703,17189.0,1094.5488586447757,0.6578947368421053,151,148,1,0,147,145,13995,4,0,0,4,3
2020-09-12,US,Illinois,Wayne,177,4,0,38.42955355,-88.42586459,17191.0,1091.581868640148,2.2598870056497176,173,171,3,0,168,164,16332,6,1,0,5,7
2020-09-12,US,Illinois,White,147,0,0,38.08706198,-88.17657461,17193.0,1085.9126837556328,0.0,147,144,0,0,144,145,13665,3,0,0,3,-1
2020-09-12,US,Illinois,Whiteside,629,19,0,41.75509713,-89.91556058,17195.0,1140.0090620752153,3.02066772655008,610,624,19,0,605,609,55626,5,0,0,5,15
2020-09-12,US,Illinois,Will,12770,367,0,41.44619267,-87.97862712,17197.0,1848.733899583492,2.873923257635082,12403,12681,367,0,12314,12591,692310,89,0,0,89,90
2020-09-12,US,Illinois,Williamson,1141,26,0,37.73033511,-88.92994027,17199.0,1713.2903884559366,2.2787028921998247,1115,1126,26,0,1100,1098,67056,15,0,0,15,28
2020-09-12,US,Illinois,Winnebago,4757,148,0,42.33641854,-89.16085327,17201.0,1683.4647452684626,3.1112045406768973,4609,4731,148,0,4583,4661,284081,26,0,0,26,70
2020-09-12,US,Illinois,Woodford,348,4,0,40.78579374,-89.20973757,17203.0,904.8597207415687,1.1494252873563218,344,338,4,0,334,332,38463,10,0,0,10,6
2020-09-12,US,Indiana,Adams,219,3,0,40.7457653,-84.93671406,18001.0,612.125108309808,1.3698630136986298,216,211,3,0,208,210,35636,8,0,0,8,1
2020-09-12,US,Indiana,Allen,5592,193,0,41.09194313,-85.06800636,18003.0,1474.298640386608,3.451359084406295,5399,5519,189,0,5330,5463,375351,73,4,0,69,56
2020-09-12,US,Indiana,Bartholomew,1115,56,0,39.20744865,-85.89558181,18005.0,1330.8824407070986,5.0224215246636765,1059,1107,56,0,1051,1098,82753,8,0,0,8,9
2020-09-12,US,Indiana,Benton,87,0,0,40.60626947,-87.31093999,18007.0,994.5130315500688,0.0,87,85,0,0,85,85,8653,2,0,0,2,0
2020-09-12,US,Indiana,Blackford,96,2,0,40.47388153,-85.32499702,18009.0,816.4653852696034,2.083333333333333,94,93,2,0,91,89,11930,3,0,0,3,4
2020-09-12,US,Indiana,Boone,918,46,0,40.0509304,-86.46841646,18011.0,1353.1241248175936,5.010893246187363,872,912,46,0,866,901,66999,6,0,0,6,11
2020-09-12,US,Indiana,Brown,91,3,0,39.19605589,-86.22868909,18013.0,602.9684601113172,3.2967032967032965,88,92,3,0,89,91,15234,-1,0,0,-1,1
2020-09-12,US,Indiana,Carroll,265,13,0,40.580783200000006,-86.56198812,18015.0,1308.1897615639039,4.90566037735849,252,262,13,0,249,263,20127,3,0,0,3,-1
2020-09-12,US,Indiana,Cass,1910,9,0,40.76135835,-86.34830753,18017.0,5067.791663350049,0.4712041884816754,1901,1900,9,0,1891,1899,37955,10,0,0,10,1
2020-09-12,US,Indiana,Clark,1973,53,0,38.48015445,-85.70510334,18019.0,1667.7655491876721,2.6862645717181954,1920,1947,53,0,1894,1922,117360,26,0,0,26,25
2020-09-12,US,Indiana,Clay,271,5,0,39.39561833,-87.11723506,18021.0,1033.3651096282174,1.845018450184502,266,269,5,0,264,265,26170,2,0,0,2,4
2020-09-12,US,Indiana,Clinton,583,11,0,40.30319754,-86.47277257,18023.0,1799.438254267107,1.8867924528301887,572,579,11,0,568,577,32250,4,0,0,4,2
2020-09-12,US,Indiana,Crawford,92,0,0,38.28814402,-86.44518825,18025.0,869.8118559137752,0.0,92,88,0,0,88,81,10558,4,0,0,4,7
2020-09-12,US,Indiana,Daviess,576,25,0,38.70186039,-87.07185406,18027.0,1727.0846451380773,4.340277777777779,551,570,25,0,545,561,33147,6,0,0,6,9
2020-09-12,US,Indiana,DeKalb,400,9,0,41.39804622,-84.99906934,18033.0,920.0690051753882,2.25,391,393,8,0,385,383,43226,7,1,0,6,10
2020-09-12,US,Indiana,Dearborn,602,28,0,39.14647946,-84.97333539,18029.0,1217.1943871567794,4.651162790697675,574,602,28,0,574,597,49568,0,0,0,0,5
2020-09-12,US,Indiana,Decatur,440,38,0,39.30712658,-85.50087166,18031.0,1656.6888813584849,8.636363636363637,402,438,38,0,400,433,26794,2,0,0,2,5
2020-09-12,US,Indiana,Delaware,1701,59,0,40.22787247,-85.39732772,18035.0,1490.3403863845447,3.4685479129923573,1642,1678,58,0,1620,1641,114772,23,1,0,22,37
2020-09-12,US,Indiana,Dubois,906,18,0,38.36597551,-86.87924170000002,18037.0,2119.9925121677275,1.9867549668874167,888,896,17,0,879,889,42565,10,1,0,9,7
2020-09-12,US,Indiana,Elkhart,5995,104,0,41.59761169,-85.85875695,18039.0,2905.3847756868486,1.7347789824854043,5891,5937,103,0,5834,5898,205560,58,1,0,57,39
2020-09-12,US,Indiana,Fayette,395,13,0,39.63684962,-85.17797541,18041.0,1709.80867457363,3.2911392405063293,382,393,13,0,380,378,23047,2,0,0,2,15
2020-09-12,US,Indiana,Floyd,1214,60,0,38.32117957,-85.90385377,18043.0,1546.063523598482,4.942339373970347,1154,1184,59,0,1125,1169,77781,30,1,0,29,15
2020-09-12,US,Indiana,Fountain,108,2,0,40.12361933,-87.24217689,18045.0,660.7121008197722,1.851851851851852,106,108,2,0,106,105,16351,0,0,0,0,3
2020-09-12,US,Indiana,Franklin,287,25,0,39.4142482,-85.06062647,18047.0,1261.094999560594,8.710801393728223,262,285,25,0,260,283,22736,2,0,0,2,2
2020-09-12,US,Indiana,Fulton,219,2,0,41.0469907,-86.26252745,18049.0,1096.4253529588466,0.9132420091324199,217,217,2,0,215,216,20092,2,0,0,2,1
2020-09-12,US,Indiana,Gibson,378,4,0,38.30393723,-87.58054938,18051.0,1123.0280162809352,1.058201058201058,374,367,4,0,363,361,33452,11,0,0,11,6
2020-09-12,US,Indiana,Grant,808,32,0,40.51587228,-85.65468702,18053.0,1228.542322370722,3.96039603960396,776,795,32,0,763,783,65936,13,0,0,13,12
2020-09-12,US,Indiana,Greene,387,35,0,39.03630547,-86.96223202,18055.0,1212.330054507863,9.043927648578814,352,387,35,0,352,383,32006,0,0,0,0,4
2020-09-12,US,Indiana,Hamilton,4425,108,0,40.07306535,-86.05244729,18057.0,1309.1289928434285,2.4406779661016946,4317,4369,107,0,4262,4307,330086,56,1,0,55,62
2020-09-12,US,Indiana,Hancock,858,42,0,39.82304555,-85.77566351,18059.0,1097.6358612219835,4.895104895104895,816,858,42,0,816,856,76351,0,0,0,0,2
2020-09-12,US,Indiana,Harrison,528,24,0,38.19467379,-86.10948271,18061.0,1303.2210292484265,4.545454545454546,504,526,24,0,502,524,40350,2,0,0,2,2
2020-09-12,US,Indiana,Hendricks,2527,120,0,39.76719009,-86.51037283,18063.0,1483.756187210456,4.748713889988128,2407,2511,119,0,2392,2488,167009,16,1,0,15,23
2020-09-12,US,Indiana,Henry,691,24,0,39.93029017,-85.39625719,18065.0,1440.4235804219131,3.4732272069464543,667,686,23,0,663,673,48271,5,1,0,4,13
2020-09-12,US,Indiana,Howard,1214,62,0,40.48527731,-86.11351892,18067.0,1470.730761775538,5.107084019769356,1152,1189,62,0,1127,1175,82366,25,0,0,25,14
2020-09-12,US,Indiana,Huntington,193,3,0,40.82907273,-85.48822092,18069.0,528.4775465498357,1.5544041450777202,190,194,3,0,191,192,36240,-1,0,0,-1,2
2020-09-12,US,Indiana,Jackson,721,9,0,38.90915820000001,-86.03851889,18071.0,1630.0784517645995,1.2482662968099858,712,719,9,0,710,718,44111,2,0,0,2,1
2020-09-12,US,Indiana,Jasper,366,2,0,41.02078733,-87.11553319,18073.0,1090.519039389786,0.5464480874316939,364,362,2,0,360,355,33370,4,0,0,4,7
2020-09-12,US,Indiana,Jay,151,0,0,40.43781032,-85.00576229,18075.0,738.8921511058916,0.0,151,149,0,0,149,147,20764,2,0,0,2,2
2020-09-12,US,Indiana,Jefferson,229,3,0,38.78576239,-85.43633383,18077.0,708.8027733069209,1.310043668122271,226,227,3,0,224,226,32208,2,0,0,2,1
2020-09-12,US,Indiana,Jennings,301,12,0,38.99588883,-85.62710784,18079.0,1085.2713178294573,3.986710963455149,289,297,12,0,285,293,27611,4,0,0,4,4
2020-09-12,US,Indiana,Johnson,2136,122,0,39.48994426,-86.10149107,18081.0,1350.4713372574554,5.711610486891386,2014,2130,122,0,2008,2115,156225,6,0,0,6,15
2020-09-12,US,Indiana,Knox,426,8,0,38.68861576,-87.4194665,18083.0,1164.125266437121,1.8779342723004693,418,423,8,0,415,406,36895,3,0,0,3,17
2020-09-12,US,Indiana,Kosciusko,1138,17,0,41.24521668,-85.86312322,18085.0,1432.2392267418445,1.493848857644991,1121,1127,17,0,1110,1124,79344,11,0,0,11,3
2020-09-12,US,Indiana,LaGrange,625,11,0,41.64232188,-85.42674232,18087.0,1577.7250467006613,1.76,614,621,11,0,610,620,39330,4,0,0,4,1
2020-09-12,US,Indiana,LaPorte,1302,37,0,41.54366008,-86.74072188,18091.0,1184.8427489807805,2.8417818740399388,1265,1293,37,0,1256,1271,110007,9,0,0,9,22
2020-09-12,US,Indiana,Lake,9791,308,0,41.41874274,-87.38277575,18089.0,2016.712908322056,3.1457460933510366,9483,9732,307,0,9425,9648,484411,59,1,0,58,84
2020-09-12,US,Indiana,Lawrence,490,27,0,38.84112637,-86.48361629,18093.0,1080.0088163985013,5.510204081632653,463,486,27,0,459,483,45668,4,0,0,4,3
2020-09-12,US,Indiana,Madison,1473,74,0,40.16143691,-85.71964711,18095.0,1136.8460048314025,5.023761031907672,1399,1457,74,0,1383,1443,129641,16,0,0,16,14
2020-09-12,US,Indiana,Marion,19654,754,0,39.78163624,-86.13826325,18097.0,2037.5665314094604,3.8363691869339576,18900,19549,754,0,18795,19473,954670,105,0,0,105,76
2020-09-12,US,Indiana,Marshall,951,23,0,41.32467367,-86.26185087,18099.0,2055.8606078948505,2.4185068349106205,928,948,23,0,925,942,46248,3,0,0,3,6
2020-09-12,US,Indiana,Martin,140,0,0,38.7099921,-86.80373186,18101.0,1365.1877133105802,0.0,140,140,0,0,140,132,10217,0,0,0,0,8
2020-09-12,US,Indiana,Miami,411,2,0,40.76940965,-86.04525048,18103.0,1157.224912715396,0.4866180048661801,409,410,2,0,408,403,35567,1,0,0,1,7
2020-09-12,US,Indiana,Monroe,1948,36,0,39.16130004,-86.52414358,18105.0,1312.3943111614149,1.8480492813141685,1912,1834,36,0,1798,1596,146917,114,0,0,114,238
2020-09-12,US,Indiana,Montgomery,490,21,0,40.04034823,-86.89335024,18107.0,1278.1052741405394,4.285714285714286,469,485,21,0,464,474,38346,5,0,0,5,11
2020-09-12,US,Indiana,Morgan,645,36,0,39.47899078,-86.44573375,18109.0,915.036388656386,5.5813953488372094,609,635,36,0,599,633,70116,10,0,0,10,2
2020-09-12,US,Indiana,Newton,152,10,0,40.95610449,-87.39635768,18111.0,1086.9565217391305,6.578947368421053,142,152,10,0,142,151,14011,0,0,0,0,1
2020-09-12,US,Indiana,Noble,848,32,0,41.39672484,-85.41966713,18113.0,1776.1394101876676,3.7735849056603774,816,850,32,0,818,844,47532,-2,0,0,-2,6
2020-09-12,US,Indiana,Ohio,75,7,0,38.955304999999996,-84.96515993,18115.0,1276.5957446808507,9.333333333333334,68,75,7,0,68,74,5844,0,0,0,0,1
2020-09-12,US,Indiana,Orange,271,24,0,38.54118920000001,-86.49523093,18117.0,1379.4156571312226,8.85608856088561,247,263,24,0,239,263,19489,8,0,0,8,0
2020-09-12,US,Indiana,Owen,161,1,0,39.31145587,-86.83900724,18119.0,774.0756767152268,0.6211180124223602,160,157,1,0,156,156,20845,4,0,0,4,1
2020-09-12,US,Indiana,Parke,88,2,0,39.77202286,-87.20375833,18121.0,519.5725335065242,2.272727272727273,86,87,2,0,85,84,16927,1,0,0,1,3
2020-09-12,US,Indiana,Perry,199,14,0,38.07809328,-86.63741946,18123.0,1038.134487975377,7.035175879396986,185,198,14,0,184,198,19102,1,0,0,1,0
2020-09-12,US,Indiana,Pike,125,1,0,38.40112197,-87.23574907,18125.0,1008.9595609007993,0.8,124,118,1,0,117,116,12410,7,0,0,7,2
2020-09-12,US,Indiana,Porter,1915,43,0,41.45986947,-87.06848888,18127.0,1123.8988432351853,2.245430809399478,1872,1886,43,0,1843,1868,169594,29,0,0,29,18
2020-09-12,US,Indiana,Posey,272,0,0,38.02097333,-87.86480429,18129.0,1069.7290281983721,0.0,272,265,0,0,265,255,25540,7,0,0,7,10
2020-09-12,US,Indiana,Pulaski,107,1,0,41.04166107,-86.69890683,18131.0,866.1863514935643,0.9345794392523364,106,106,1,0,105,105,12469,1,0,0,1,1
2020-09-12,US,Indiana,Putnam,494,8,0,39.66437981,-86.84517605,18133.0,1314.6689376197573,1.6194331983805668,486,477,8,0,469,474,37779,17,0,0,17,3
2020-09-12,US,Indiana,Randolph,195,7,0,40.15734772,-85.01139319,18135.0,790.5939590512872,3.58974358974359,188,194,7,0,187,193,24851,1,0,0,1,1
2020-09-12,US,Indiana,Ripley,262,8,0,39.10235626,-85.26212744,18137.0,925.0105917243327,3.053435114503817,254,262,8,0,254,259,28523,0,0,0,0,3
2020-09-12,US,Indiana,Rush,145,4,0,39.62002287,-85.4655599,18139.0,874.4949038055606,2.7586206896551726,141,144,4,0,140,142,16663,1,0,0,1,2
2020-09-12,US,Indiana,Scott,336,10,0,38.68672078,-85.74627859,18143.0,1407.4477443136598,2.9761904761904763,326,335,10,0,325,328,23878,1,0,0,1,7
2020-09-12,US,Indiana,Shelby,642,29,0,39.52305623,-85.79158570000001,18145.0,1435.3104250039123,4.517133956386293,613,642,29,0,613,639,44593,0,0,0,0,3
2020-09-12,US,Indiana,Spencer,180,3,0,38.01519732,-87.0079644,18147.0,887.7052818464267,1.6666666666666667,177,178,3,0,175,176,20327,2,0,0,2,2
2020-09-12,US,Indiana,St. Joseph,5640,96,0,41.61756781,-86.29040834,18141.0,2074.856709807009,1.702127659574468,5544,5601,96,0,5505,5556,270771,39,0,0,39,45
2020-09-12,US,Indiana,Starke,223,7,0,41.27890281,-86.64686895,18149.0,969.7760382691887,3.1390134529147984,216,221,7,0,214,218,22935,2,0,0,2,3
2020-09-12,US,Indiana,Steuben,327,7,0,41.64423868,-85.00101094,18151.0,945.2506214950572,2.1406727828746184,320,325,7,0,318,323,34586,2,0,0,2,2
2020-09-12,US,Indiana,Sullivan,319,12,0,39.08952258,-87.41414469,18153.0,1543.3741351782862,3.761755485893417,307,316,11,0,305,313,20690,3,1,0,2,3
2020-09-12,US,Indiana,Switzerland,65,0,0,38.82767338,-85.03022429,18155.0,604.5949214026602,0.0,65,65,0,0,65,65,10717,0,0,0,0,0
2020-09-12,US,Indiana,Tippecanoe,1964,13,0,40.38872739,-86.89413959,18157.0,1003.4128297876688,0.6619144602851323,1951,1902,13,0,1889,1819,193048,62,0,0,62,83
2020-09-12,US,Indiana,Tipton,213,22,0,40.31123252,-86.05234925,18159.0,1406.1262212833374,10.328638497652582,191,212,22,0,190,207,15128,1,0,0,1,5
2020-09-12,US,Indiana,Unassigned,0,224,0,0.0,0.0,90018.0,0.0,0.0,-224,0,224,0,-224,0,,0,0,0,0,0
2020-09-12,US,Indiana,Union,72,0,0,39.62550777,-84.92497066,18161.0,1020.697476609016,0.0,72,71,0,0,71,71,7037,1,0,0,1,0
2020-09-12,US,Indiana,Vanderburgh,2981,24,0,38.02658833,-87.58763124,18163.0,1642.8677714644723,0.8050989600805099,2957,2932,23,0,2909,2876,180974,49,1,0,48,56
2020-09-12,US,Indiana,Vermillion,116,0,0,39.8523352,-87.46160542,18165.0,748.4836753129438,0.0,116,116,0,0,116,114,15479,0,0,0,0,2
2020-09-12,US,Indiana,Vigo,1636,20,0,39.42944561,-87.39169027,18167.0,1528.4291560006727,1.2224938875305624,1616,1626,19,0,1607,1600,107386,10,1,0,9,26
2020-09-12,US,Indiana,Wabash,246,7,0,40.84704239,-85.79328272,18169.0,793.6507936507936,2.845528455284553,239,237,7,0,230,234,31280,9,0,0,9,3
2020-09-12,US,Indiana,Warren,38,1,0,40.34728141,-87.35602659,18171.0,459.7701149425288,2.631578947368421,37,38,1,0,37,38,8263,0,0,0,0,0
2020-09-12,US,Indiana,Warrick,937,31,0,38.08922676,-87.2716085,18173.0,1487.3488047239593,3.308431163287086,906,922,31,0,891,900,62567,15,0,0,15,22
2020-09-12,US,Indiana,Washington,243,1,0,38.60219804,-86.1049363,18175.0,866.7427593094592,0.41152263374485604,242,244,1,0,243,243,27943,-1,0,0,-1,1
2020-09-12,US,Indiana,Wayne,692,13,0,39.863344399999995,-85.01044989,18177.0,1050.3308845850283,1.8786127167630056,679,686,13,0,673,676,65936,6,0,0,6,10
2020-09-12,US,Indiana,Wells,229,2,0,40.72934187,-85.22132966,18179.0,809.301668080294,0.8733624454148472,227,229,2,0,227,224,28206,0,0,0,0,5
2020-09-12,US,Indiana,White,464,14,0,40.74911165,-86.86492015,18181.0,1925.1514397145465,3.0172413793103448,450,465,13,0,452,464,24133,-1,1,0,-2,1
2020-09-12,US,Indiana,Whitley,237,6,0,41.13863784,-85.50791236,18183.0,697.797668119185,2.5316455696202533,231,237,6,0,231,236,34074,0,0,0,0,1
2020-09-12,US,Iowa,Adair,56,1,0,41.33075609,-94.47105874,19001.0,782.9977628635347,1.7857142857142858,55,56,1,0,55,55,7063,0,0,0,0,1
2020-09-12,US,Iowa,Adams,26,0,0,41.02903567,-94.69932645,19003.0,721.8212104386454,0.0,26,25,0,0,25,23,3645,1,0,0,1,2
2020-09-12,US,Iowa,Allamakee,215,5,0,43.28383218,-91.37860922,19005.0,1570.8336377584574,2.3255813953488373,210,213,5,0,208,211,13832,2,0,0,2,2
2020-09-12,US,Iowa,Appanoose,111,3,0,40.74324454,-92.86865906,19007.0,893.2882665379044,2.702702702702702,108,108,3,0,105,104,12437,3,0,0,3,4
2020-09-12,US,Iowa,Audubon,43,1,0,41.6844628,-94.90581859,19009.0,782.3871906841339,2.3255813953488373,42,42,1,0,41,42,5506,1,0,0,1,0
2020-09-12,US,Iowa,Benton,239,1,0,42.08011739,-92.06463573,19011.0,931.955546890232,0.41841004184100417,238,236,1,0,235,231,25642,3,0,0,3,5
2020-09-12,US,Iowa,Black Hawk,4165,81,0,42.4704581,-92.30524729,19013.0,3173.8653336178245,1.9447779111644656,4084,4145,81,0,4064,4116,132408,20,0,0,20,29
2020-09-12,US,Iowa,Boone,407,5,0,42.03657094,-93.9313999,19015.0,1551.4218190134939,1.2285012285012284,402,402,5,0,397,397,26346,5,0,0,5,5
2020-09-12,US,Iowa,Bremer,422,7,0,42.77461496,-92.31795937,19017.0,1683.8241161918445,1.6587677725118484,415,416,7,0,409,412,24947,6,0,0,6,4
2020-09-12,US,Iowa,Buchanan,206,1,0,42.4709188,-91.83510825,19019.0,972.8453364817,0.4854368932038835,205,203,1,0,202,202,21199,3,0,0,3,1
2020-09-12,US,Iowa,Buena Vista,1895,12,0,42.73545875,-95.15100162,19021.0,9658.511722731906,0.6332453825857521,1883,1890,12,0,1878,1874,19874,5,0,0,5,16
2020-09-12,US,Iowa,Butler,239,2,0,42.73172833,-92.79015971,19023.0,1655.239282498788,0.8368200836820083,237,237,2,0,235,235,14539,2,0,0,2,2
2020-09-12,US,Iowa,Calhoun,148,2,0,42.38521079,-94.64046046,19025.0,1530.8233347124535,1.351351351351351,146,147,2,0,145,144,9699,1,0,0,1,3
2020-09-12,US,Iowa,Carroll,539,5,0,42.03617207,-94.86032705,19027.0,2672.948177535333,0.927643784786642,534,524,5,0,519,515,20154,15,0,0,15,9
2020-09-12,US,Iowa,Cass,122,2,0,41.33149454,-94.92792482,19029.0,950.4518541601744,1.639344262295082,120,120,2,0,118,119,12930,2,0,0,2,1
2020-09-12,US,Iowa,Cedar,200,1,0,41.77233777,-91.13246684,19031.0,1073.7102056155043,0.5,199,195,1,0,194,188,18627,5,0,0,5,7
2020-09-12,US,Iowa,Cerro Gordo,933,21,0,43.08177563,-93.2612239,19033.0,2197.879858657244,2.2508038585209005,912,928,21,0,907,920,42647,5,0,0,5,8
2020-09-12,US,Iowa,Cherokee,159,2,0,42.73538914,-95.62389402,19035.0,1415.2202937249667,1.2578616352201255,157,155,2,0,153,154,11321,4,0,0,4,1
2020-09-12,US,Iowa,Chickasaw,186,0,0,43.06001295,-92.31773347,19037.0,1558.7027570602536,0.0,186,173,0,0,173,166,11964,13,0,0,13,7
2020-09-12,US,Iowa,Clarke,249,3,0,41.02868181,-93.78499767,19039.0,2650.345928685471,1.2048192771084338,246,249,3,0,246,248,9423,0,0,0,0,1
2020-09-12,US,Iowa,Clay,252,3,0,43.08247182,-95.15096481,19041.0,1573.4265734265734,1.1904761904761905,249,251,3,0,248,247,16134,1,0,0,1,4
2020-09-12,US,Iowa,Clayton,214,3,0,42.84443388,-91.34133693,19043.0,1219.4427032879366,1.4018691588785046,211,212,3,0,209,209,17556,2,0,0,2,3
2020-09-12,US,Iowa,Clinton,989,16,0,41.89981633,-90.53275096,19045.0,2130.1341833767688,1.6177957532861476,973,972,16,0,956,959,46518,17,0,0,17,13
2020-09-12,US,Iowa,Crawford,908,4,0,42.03718237,-95.3819718,19047.0,5398.3353151010715,0.4405286343612335,904,889,4,0,885,881,17158,19,0,0,19,8
2020-09-12,US,Iowa,Dallas,2584,38,0,41.68560356,-94.04127625,19049.0,2765.026269889677,1.4705882352941178,2546,2556,38,0,2518,2534,90180,28,0,0,28,22
2020-09-12,US,Iowa,Davis,106,4,0,40.74773536,-92.41005468,19051.0,1177.7777777777776,3.7735849056603774,102,106,4,0,102,103,9017,0,0,0,0,3
2020-09-12,US,Iowa,Decatur,54,0,0,40.73742757,-93.78645949,19053.0,686.1499364675983,0.0,54,53,0,0,53,51,7890,1,0,0,1,2
2020-09-12,US,Iowa,Delaware,280,3,0,42.47104597,-91.3664492,19055.0,1645.9937687378754,1.0714285714285714,277,275,3,0,272,273,17069,5,0,0,5,2
2020-09-12,US,Iowa,Des Moines,683,6,0,40.92012606,-91.18326592,19057.0,1752.765160263813,0.8784773060029283,677,676,6,0,670,667,39138,7,0,0,7,9
2020-09-12,US,Iowa,Dickinson,451,6,0,43.37787725,-95.1510206,19059.0,2613.280797311392,1.3303769401330376,445,448,6,0,442,446,17153,3,0,0,3,2
2020-09-12,US,Iowa,Dubuque,2372,37,0,42.46815349,-90.88181925,19061.0,2437.545601216717,1.5598650927487352,2335,2340,37,0,2303,2292,96854,32,0,0,32,48
2020-09-12,US,Iowa,Emmet,236,9,0,43.37782951,-94.67858943,19063.0,2562.988705473501,3.8135593220338975,227,235,9,0,226,232,9253,1,0,0,1,3
2020-09-12,US,Iowa,Fayette,168,1,0,42.86271799,-91.84412309999999,19065.0,854.9618320610688,0.5952380952380952,167,166,1,0,165,164,19660,2,0,0,2,2
2020-09-12,US,Iowa,Floyd,260,3,0,43.06000529999999,-92.78940097,19067.0,1662.1915356092568,1.1538461538461535,257,259,3,0,256,252,15761,1,0,0,1,7
2020-09-12,US,Iowa,Franklin,321,17,0,42.73270384,-93.26256925,19069.0,3187.686196623635,5.29595015576324,304,318,17,0,301,316,10124,3,0,0,3,2
2020-09-12,US,Iowa,Fremont,68,0,0,40.74542720000001,-95.60129045,19071.0,977.0114942528737,0.0,68,64,0,0,64,63,6993,4,0,0,4,1
2020-09-12,US,Iowa,Greene,70,0,0,42.03614551,-94.39658081,19073.0,787.5787578757878,0.0,70,69,0,0,69,69,8981,1,0,0,1,0
2020-09-12,US,Iowa,Grundy,178,2,0,42.40183723,-92.78829551,19075.0,1455.1994767822107,1.1235955056179776,176,166,2,0,164,160,12304,12,0,0,12,6
2020-09-12,US,Iowa,Guthrie,198,5,0,41.68378965,-94.50111014,19077.0,1852.3715969688465,2.525252525252525,193,196,5,0,191,188,10720,2,0,0,2,8
2020-09-12,US,Iowa,Hamilton,305,3,0,42.38382428,-93.70197703,19079.0,2064.5772693427202,0.9836065573770492,302,304,3,0,301,304,14952,1,0,0,1,0
2020-09-12,US,Iowa,Hancock,168,2,0,43.08178477,-93.73454884,19081.0,1580.4327375352775,1.1904761904761905,166,168,2,0,166,166,10712,0,0,0,0,2
2020-09-12,US,Iowa,Hardin,259,1,0,42.38353877,-93.23654611,19083.0,1537.4569630772885,0.3861003861003861,258,257,1,0,256,254,16868,2,0,0,2,3
2020-09-12,US,Iowa,Harrison,161,2,0,41.68330137,-95.81558439,19085.0,1145.9890383657198,1.2422360248447204,159,160,2,0,158,158,14134,1,0,0,1,2
2020-09-12,US,Iowa,Henry,459,4,0,40.98767962,-91.54436349,19087.0,2300.2906685376365,0.8714596949891068,455,454,4,0,450,451,20067,5,0,0,5,3
2020-09-12,US,Iowa,Howard,171,4,0,43.35671042,-92.31702714,19089.0,1867.2199170124481,2.3391812865497075,167,162,4,0,158,162,9187,9,0,0,9,0
2020-09-12,US,Iowa,Humboldt,164,2,0,42.7764426,-94.20722537,19091.0,1715.84013391923,1.2195121951219512,162,163,2,0,161,160,9547,1,0,0,1,3
2020-09-12,US,Iowa,Ida,68,0,0,42.38696136,-95.51355387,19093.0,991.2536443148688,0.0,68,65,0,0,65,60,6841,3,0,0,3,5
2020-09-12,US,Iowa,Iowa,157,1,0,41.68630265,-92.0643373,19095.0,970.0939199209096,0.6369426751592356,156,153,1,0,152,149,16141,4,0,0,4,4
2020-09-12,US,Iowa,Jackson,260,2,0,42.17178824,-90.57354837,19097.0,1337.5173620042185,0.7692307692307693,258,258,2,0,256,254,19432,2,0,0,2,4
2020-09-12,US,Iowa,Jasper,677,31,0,41.68576082,-93.05567785,19099.0,1820.6265967460001,4.579025110782865,646,667,31,0,636,659,37147,10,0,0,10,8
2020-09-12,US,Iowa,Jefferson,126,1,0,41.03192394,-91.94849466,19101.0,688.7127630500137,0.7936507936507936,125,126,1,0,125,124,18381,0,0,0,0,2
2020-09-12,US,Iowa,Johnson,4789,26,0,41.67169354,-91.58754744,19103.0,3168.5854174937144,0.5429108373355607,4763,4766,26,0,4740,4719,151260,23,0,0,23,47
2020-09-12,US,Iowa,Jones,215,3,0,42.12118609,-91.13139641,19105.0,1039.6015666553842,1.3953488372093024,212,212,3,0,209,206,20744,3,0,0,3,6
2020-09-12,US,Iowa,Keokuk,81,1,0,41.33649833,-92.1785067,19107.0,790.5524106968574,1.2345679012345678,80,79,1,0,78,78,10225,2,0,0,2,1
2020-09-12,US,Iowa,Kossuth,163,0,0,43.20405458,-94.20691791,19109.0,1100.3847971376497,0.0,163,158,0,0,158,149,14908,5,0,0,5,9
2020-09-12,US,Iowa,Lee,548,6,0,40.64181461,-91.48183025,19111.0,1628.1902724544668,1.094890510948905,542,536,6,0,530,531,34055,12,0,0,12,5
2020-09-12,US,Iowa,Linn,3486,100,0,42.07923082,-91.59809485,19113.0,1537.6743447460588,2.868617326448652,3386,3443,100,0,3343,3396,225909,43,0,0,43,47
2020-09-12,US,Iowa,Louisa,404,14,0,41.21842119,-91.26102611,19115.0,3661.078386950612,3.4653465346534653,390,403,14,0,389,402,11169,1,0,0,1,1
2020-09-12,US,Iowa,Lucas,117,6,0,41.02958964,-93.32780803,19117.0,1360.4651162790694,5.128205128205129,111,117,6,0,111,115,8645,0,0,0,0,2
2020-09-12,US,Iowa,Lyon,186,3,0,43.38107862,-96.20926845,19119.0,1582.305401956614,1.6129032258064515,183,180,3,0,177,179,11811,6,0,0,6,1
2020-09-12,US,Iowa,Madison,183,2,0,41.33081904,-94.01554631,19121.0,1120.088138082997,1.0928961748633879,181,179,2,0,177,176,16249,4,0,0,4,3
2020-09-12,US,Iowa,Mahaska,290,18,0,41.33521503,-92.64083907,19123.0,1312.5141434713735,6.206896551724138,272,287,18,0,269,276,22000,3,0,0,3,11
2020-09-12,US,Iowa,Marion,652,3,0,41.33445101,-93.09934783,19125.0,1960.7253480888944,0.4601226993865031,649,643,3,0,640,621,33407,9,0,0,9,22
2020-09-12,US,Iowa,Marshall,1738,32,0,42.03586837,-92.99908190000001,19127.0,4414.640961162336,1.8411967779056384,1706,1737,32,0,1705,1732,39981,1,0,0,1,5
2020-09-12,US,Iowa,Mills,147,1,0,41.03299766,-95.61920963,19129.0,972.9300416970018,0.6802721088435374,146,145,1,0,144,139,15063,2,0,0,2,6
2020-09-12,US,Iowa,Mitchell,161,0,0,43.35638371,-92.78887719,19131.0,1520.8766295106745,0.0,161,158,0,0,158,152,10569,3,0,0,3,6
2020-09-12,US,Iowa,Monona,115,1,0,42.05220391,-95.95743843,19133.0,1334.881021474173,0.8695652173913043,114,113,1,0,112,111,8679,2,0,0,2,2
2020-09-12,US,Iowa,Monroe,132,8,0,41.02988815,-92.8690667,19135.0,1712.7286882055278,6.0606060606060606,124,130,8,0,122,125,7790,2,0,0,2,5
2020-09-12,US,Iowa,Montgomery,83,5,0,41.03018714,-95.15642896,19137.0,836.9466572552182,6.024096385542169,78,83,5,0,78,83,10003,0,0,0,0,0
2020-09-12,US,Iowa,Muscatine,1031,52,0,41.48370744,-91.11216970000001,19139.0,2416.5572848303023,5.0436469447138705,979,1028,52,0,976,1022,42929,3,0,0,3,6
2020-09-12,US,Iowa,O'Brien,250,8,0,43.08310673,-95.62474482,19141.0,1817.785210499528,3.2,242,246,8,0,238,237,13840,4,0,0,4,9
2020-09-12,US,Iowa,Osceola,104,0,0,43.37824276,-95.62422844,19143.0,1745.5521987244042,0.0,104,102,0,0,102,102,6040,2,0,0,2,0
2020-09-12,US,Iowa,Page,132,0,0,40.7393172,-95.1497813,19145.0,873.7671278215398,0.0,132,132,0,0,132,127,15249,0,0,0,0,5
2020-09-12,US,Iowa,Palo Alto,137,0,0,43.08193849,-94.67824621,19147.0,1541.7510690974564,0.0,137,137,0,0,137,131,8929,0,0,0,0,6
2020-09-12,US,Iowa,Plymouth,912,20,0,42.737633,-96.21366621,19149.0,3622.35373555229,2.1929824561403506,892,903,20,0,883,885,25095,9,0,0,9,18
2020-09-12,US,Iowa,Pocahontas,146,2,0,42.73420133,-94.67862564,19151.0,2205.7712645414717,1.3698630136986298,144,143,2,0,141,141,6740,3,0,0,3,2
2020-09-12,US,Iowa,Polk,14618,252,0,41.68679484,-93.57767461,19153.0,2982.2854123441075,1.7239020385825694,14366,14472,251,0,14221,14332,487204,146,1,0,145,140
2020-09-12,US,Iowa,Pottawattamie,1816,36,0,41.33640314,-95.53907776,19155.0,1948.372422376242,1.9823788546255507,1780,1767,36,0,1731,1742,93533,49,0,0,49,25
2020-09-12,US,Iowa,Poweshiek,216,8,0,41.68625425,-92.53155731,19157.0,1167.3151750972766,3.703703703703704,208,212,8,0,204,210,18699,4,0,0,4,2
2020-09-12,US,Iowa,Ringgold,37,2,0,40.73518949,-94.24368535,19159.0,756.0277891295464,5.405405405405406,35,35,2,0,33,35,4968,2,0,0,2,0
2020-09-12,US,Iowa,Sac,142,0,0,42.38624071,-95.10547892,19161.0,1460.7550663511984,0.0,142,137,0,0,137,132,9719,5,0,0,5,5
2020-09-12,US,Iowa,Scott,2513,25,0,41.63935978,-90.61959493,19163.0,1453.0799165042815,0.9948269001193792,2488,2490,25,0,2465,2441,173283,23,0,0,23,49
2020-09-12,US,Iowa,Shelby,233,1,0,41.6850066,-95.31015553,19165.0,2034.2238519294567,0.4291845493562232,232,229,1,0,228,230,11578,4,0,0,4,-1
2020-09-12,US,Iowa,Sioux,1069,3,0,43.08221074,-96.17675679999999,19167.0,3066.991823267824,0.2806361085126286,1066,1054,3,0,1051,1034,34909,15,0,0,15,20
2020-09-12,US,Iowa,Story,3112,17,0,42.03621213,-93.46499005,19169.0,3204.3823429471668,0.5462724935732648,3095,3090,17,0,3073,3039,98105,22,0,0,22,51
2020-09-12,US,Iowa,Tama,670,30,0,42.07991767,-92.53266945,19171.0,3975.317432063605,4.477611940298506,640,665,30,0,635,662,16904,5,0,0,5,3
2020-09-12,US,Iowa,Taylor,116,1,0,40.73710579,-94.69778563,19173.0,1895.115177258618,0.8620689655172413,115,114,1,0,113,114,6191,2,0,0,2,0
2020-09-12,US,Iowa,Unassigned,34,0,0,0.0,0.0,90019.0,0.0,0.0,34,20,0,0,20,3,,14,0,0,14,17
2020-09-12,US,Iowa,Union,104,3,0,41.0277278,-94.24234847,19175.0,849.6037905399886,2.8846153846153846,101,96,3,0,93,97,12359,8,0,0,8,-1
2020-09-12,US,Iowa,Van Buren,108,1,0,40.75326764,-91.95017958,19177.0,1533.2197614991485,0.925925925925926,107,108,1,0,107,108,7020,0,0,0,0,0
2020-09-12,US,Iowa,Wapello,1185,56,0,41.03064984,-92.40954728,19179.0,3388.7157196373932,4.725738396624473,1129,1176,56,0,1120,1163,35205,9,0,0,9,13
2020-09-12,US,Iowa,Warren,902,6,0,41.33559454,-93.56007641,19181.0,1752.6133758209305,0.6651884700665188,896,891,6,0,885,880,51056,11,0,0,11,11
2020-09-12,US,Iowa,Washington,388,11,0,41.33577126,-91.71725711,19183.0,1766.4466196221258,2.8350515463917527,377,387,11,0,376,378,22141,1,0,0,1,9
2020-09-12,US,Iowa,Wayne,72,2,0,40.73969028,-93.32752197,19185.0,1117.8388448998603,2.7777777777777777,70,71,2,0,69,69,6401,1,0,0,1,2
2020-09-12,US,Iowa,Webster,1143,14,0,42.42853483,-94.17987389,19187.0,3183.489304812835,1.2248468941382329,1129,1126,13,0,1113,1115,36277,17,1,0,16,11
2020-09-12,US,Iowa,Winnebago,196,10,0,43.37751174,-93.73407298,19189.0,1892.9882171141587,5.1020408163265305,186,190,10,0,180,188,10518,6,0,0,6,2
2020-09-12,US,Iowa,Winneshiek,259,5,0,43.29094334,-91.84422722,19191.0,1295.58301235556,1.9305019305019304,254,256,5,0,251,252,20029,3,0,0,3,4
2020-09-12,US,Iowa,Woodbury,4508,58,0,42.38979414,-96.0459439,19193.0,4372.157079538732,1.2866015971606033,4450,4471,58,0,4413,4414,102539,37,0,0,37,57
2020-09-12,US,Iowa,Worth,95,0,0,43.37750768,-93.26087602,19195.0,1287.0884703969652,0.0,95,94,0,0,94,90,7453,1,0,0,1,4
2020-09-12,US,Iowa,Wright,540,1,0,42.73305373,-93.73515113,19197.0,4298.6785543703245,0.1851851851851852,539,536,1,0,535,532,12690,4,0,0,4,4
2020-09-12,US,Kansas,Allen,27,0,0,37.88582951,-95.30030847,20001.0,218.287654620422,0.0,27,27,0,0,27,26,12444,0,0,0,0,1
2020-09-12,US,Kansas,Anderson,47,0,0,38.21413251,-95.29272815,20003.0,598.1165691015526,0.0,47,47,0,0,47,47,7878,0,0,0,0,0
2020-09-12,US,Kansas,Atchison,281,1,0,39.53185661,-95.30870026,20005.0,1748.2735021464566,0.3558718861209965,280,281,1,0,280,281,16193,0,0,0,0,0
2020-09-12,US,Kansas,Barber,4,0,0,37.2288586,-98.68460053,20007.0,90.35464196973119,0.0,4,4,0,0,4,4,4472,0,0,0,0,0
2020-09-12,US,Kansas,Barton,353,5,0,38.47889676,-98.75636726,20009.0,1369.3316265177082,1.4164305949008498,348,353,5,0,348,335,26111,0,0,0,0,18
2020-09-12,US,Kansas,Bourbon,104,2,0,37.85508555,-94.84865997,20011.0,715.5635062611807,1.9230769230769231,102,104,2,0,102,100,14653,0,0,0,0,4
2020-09-12,US,Kansas,Brown,80,3,0,39.82652589,-95.56421698,20013.0,836.4700961940613,3.75,77,80,3,0,77,77,9598,0,0,0,0,3
2020-09-12,US,Kansas,Butler,470,3,0,37.78134351,-96.83878537,20015.0,702.4256101388412,0.6382978723404256,467,470,3,0,467,465,66765,0,0,0,0,5
2020-09-12,US,Kansas,Chase,81,1,0,38.30292938,-96.59563862,20017.0,3058.912386706949,1.2345679012345678,80,81,1,0,80,81,2629,0,0,0,0,0
2020-09-12,US,Kansas,Chautauqua,12,0,0,37.14994405,-96.2454192,20019.0,369.23076923076917,0.0,12,12,0,0,12,11,3309,0,0,0,0,1
2020-09-12,US,Kansas,Cherokee,372,3,0,37.16928494,-94.8462897,20021.0,1865.6903555845329,0.8064516129032258,369,330,1,0,329,330,20015,42,2,0,40,0
2020-09-12,US,Kansas,Cheyenne,10,0,0,39.78580976,-101.7318201,20023.0,376.3643206624012,0.0,10,10,0,0,10,9,2660,0,0,0,0,1
2020-09-12,US,Kansas,Clark,47,1,0,37.23577007,-99.81883015,20025.0,2357.071213640923,2.127659574468085,46,47,1,0,46,47,2005,0,0,0,0,0
2020-09-12,US,Kansas,Clay,40,2,0,39.34948772,-97.16518128,20027.0,499.8750312421894,5.0,38,40,2,0,38,40,7997,0,0,0,0,0
2020-09-12,US,Kansas,Cloud,61,0,0,39.48028352,-97.64925343,20029.0,694.2863646710676,0.0,61,61,0,0,61,61,8729,0,0,0,0,0
2020-09-12,US,Kansas,Coffey,101,8,0,38.2365018,-95.73379515,20031.0,1234.8697884826995,7.920792079207921,93,101,8,0,93,97,8233,0,0,0,0,4
2020-09-12,US,Kansas,Comanche,9,0,0,37.19114520000001,-99.27113247,20033.0,529.4117647058823,0.0,9,9,0,0,9,9,1748,0,0,0,0,0
2020-09-12,US,Kansas,Cowley,284,3,0,37.23781842,-96.83776647,20035.0,813.567090638249,1.056338028169014,281,284,3,0,281,282,35218,0,0,0,0,2
2020-09-12,US,Kansas,Crawford,858,5,0,37.50675523,-94.85245778,20037.0,2210.3148024112525,0.5827505827505828,853,858,5,0,853,819,39019,0,0,0,0,39
2020-09-12,US,Kansas,Decatur,7,0,0,39.78468441,-100.45940809999999,20039.0,247.61230986911917,0.0,7,7,0,0,7,7,2871,0,0,0,0,0
2020-09-12,US,Kansas,Dickinson,91,1,0,38.86600962,-97.15532383,20041.0,492.79757391963614,1.0989010989010992,90,91,1,0,90,88,18717,0,0,0,0,3
2020-09-12,US,Kansas,Doniphan,89,0,0,39.79067154,-95.14056866,20043.0,1171.0526315789473,0.0,89,89,0,0,89,89,7682,0,0,0,0,0
2020-09-12,US,Kansas,Douglas,1826,10,0,38.88503636,-95.2925121,20045.0,1493.550577053632,0.547645125958379,1816,1826,10,0,1816,1795,121436,0,0,0,0,31
2020-09-12,US,Kansas,Edwards,34,0,0,37.88735543,-99.31263309,20047.0,1215.1536812008576,0.0,34,34,0,0,34,32,2849,0,0,0,0,2
2020-09-12,US,Kansas,Elk,1,0,0,37.45338105,-96.24369667,20049.0,39.52569169960474,0.0,1,1,0,0,1,1,2508,0,0,0,0,0
2020-09-12,US,Kansas,Ellis,678,1,0,38.91458712,-99.31751551,20051.0,2374.531572864498,0.14749262536873156,677,678,1,0,677,663,28710,0,0,0,0,15
2020-09-12,US,Kansas,Ellsworth,25,0,0,38.69677695,-98.20462799,20053.0,409.70173713536553,0.0,25,25,0,0,25,25,6196,0,0,0,0,0
2020-09-12,US,Kansas,Finney,1951,12,0,38.04340344,-100.73819379999999,20055.0,5350.042504181864,0.6150691952844695,1939,1951,12,0,1939,1935,36611,0,0,0,0,16
2020-09-12,US,Kansas,Ford,2468,10,0,37.69200114,-99.88825298,20057.0,7341.0868853921875,0.4051863857374392,2458,2468,10,0,2458,2435,33888,0,0,0,0,33
2020-09-12,US,Kansas,Franklin,276,3,0,38.56443815,-95.28644341,20059.0,1080.4885687441279,1.0869565217391304,273,278,3,0,275,276,25631,-2,0,0,-2,2
2020-09-12,US,Kansas,Geary,253,2,0,38.99871131,-96.7577178,20061.0,798.8632775497316,0.7905138339920948,251,253,2,0,251,252,32594,0,0,0,0,1
2020-09-12,US,Kansas,Gove,19,0,0,38.91588178,-100.4829321,20063.0,720.7890743550835,0.0,19,19,0,0,19,18,2612,0,0,0,0,1
2020-09-12,US,Kansas,Graham,29,1,0,39.34987223,-99.88332493,20065.0,1168.4125705076551,3.4482758620689653,28,29,1,0,28,29,2492,0,0,0,0,0
2020-09-12,US,Kansas,Grant,187,3,0,37.56227336,-101.3079758,20067.0,2615.384615384615,1.60427807486631,184,185,3,0,182,182,7336,2,0,0,2,3
2020-09-12,US,Kansas,Gray,117,0,0,37.73836671,-100.4369088,20069.0,1953.9078156312626,0.0,117,117,0,0,117,117,6033,0,0,0,0,0
2020-09-12,US,Kansas,Greeley,6,0,0,38.4808095,-101.8061079,20071.0,487.0129870129869,0.0,6,6,0,0,6,5,1227,0,0,0,0,1
2020-09-12,US,Kansas,Greenwood,45,0,0,37.8774388,-96.23250453,20073.0,752.2567703109328,0.0,45,45,0,0,45,45,6055,0,0,0,0,0
2020-09-12,US,Kansas,Hamilton,42,0,0,37.99978709,-101.7921066,20075.0,1654.1945647892871,0.0,42,42,0,0,42,42,2607,0,0,0,0,0
2020-09-12,US,Kansas,Harper,120,2,0,37.19175361,-98.07578384,20077.0,2207.5055187637968,1.6666666666666667,118,120,2,0,118,120,5506,0,0,0,0,0
2020-09-12,US,Kansas,Harvey,318,4,0,38.04293782,-97.42747573,20079.0,923.6399546893608,1.2578616352201255,314,317,4,0,313,313,34210,1,0,0,1,4
2020-09-12,US,Kansas,Haskell,88,1,0,37.562039399999996,-100.8710738,20081.0,2217.7419354838707,1.1363636363636365,87,88,1,0,87,88,3997,0,0,0,0,0
2020-09-12,US,Kansas,Hodgeman,19,0,0,38.08780079,-99.89829881,20083.0,1059.0858416945373,0.0,19,19,0,0,19,15,1818,0,0,0,0,4
2020-09-12,US,Kansas,Jackson,224,1,0,39.41673394,-95.79356799,20085.0,1700.7060967276593,0.44642857142857145,223,224,1,0,223,224,13280,0,0,0,0,0
2020-09-12,US,Kansas,Jefferson,146,0,0,39.2347941,-95.38289232,20087.0,766.6859213359239,0.0,146,145,0,0,145,145,18975,1,0,0,1,0
2020-09-12,US,Kansas,Jewell,14,1,0,39.78470589,-98.21820662,20089.0,486.2799583188608,7.142857142857142,13,14,1,0,13,14,2841,0,0,0,0,0
2020-09-12,US,Kansas,Johnson,9355,134,0,38.88548175,-94.82250877,20091.0,1552.9522693355425,1.4323890967397117,9221,9228,128,0,9100,9118,597555,127,6,0,121,110
2020-09-12,US,Kansas,Kearny,78,1,0,38.00017981,-101.32168100000001,20093.0,2032.308494007296,1.2820512820512822,77,78,1,0,77,78,3943,0,0,0,0,0
2020-09-12,US,Kansas,Kingman,52,1,0,37.55909527,-98.13638678,20095.0,727.069351230425,1.9230769230769231,51,52,1,0,51,46,7310,0,0,0,0,6
2020-09-12,US,Kansas,Kiowa,15,0,0,37.55848695,-99.2856537,20097.0,606.060606060606,0.0,15,15,0,0,15,15,2516,0,0,0,0,0
2020-09-12,US,Kansas,Labette,204,4,0,37.19113093,-95.29849679,20099.0,1039.8613518197574,1.96078431372549,200,204,4,0,200,200,19964,0,0,0,0,4
2020-09-12,US,Kansas,Lane,10,0,0,38.48119447,-100.46607540000001,20101.0,651.4657980456027,0.0,10,10,0,0,10,8,1560,0,0,0,0,2
2020-09-12,US,Kansas,Leavenworth,1771,9,0,39.20183497,-95.03620809,20103.0,2166.148878397221,0.5081874647092038,1762,1771,9,0,1762,1743,81352,0,0,0,0,28
2020-09-12,US,Kansas,Lincoln,10,0,0,39.04549684,-98.20756994,20105.0,337.609723160027,0.0,10,10,0,0,10,10,3023,0,0,0,0,0
2020-09-12,US,Kansas,Linn,57,0,0,38.21267844,-94.84254089,20107.0,587.4471812841389,0.0,57,57,0,0,57,56,9750,0,0,0,0,1
2020-09-12,US,Kansas,Logan,6,0,0,38.91735806,-101.148475,20109.0,214.74588403722262,0.0,6,6,0,0,6,3,2844,0,0,0,0,3
2020-09-12,US,Kansas,Lyon,1032,19,0,38.45576156,-96.15275715,20111.0,3108.9019430637145,1.8410852713178292,1013,1032,19,0,1013,1020,33406,0,0,0,0,12
2020-09-12,US,Kansas,Marion,71,1,0,38.35855394,-97.09852509999999,20115.0,597.4419387411648,1.4084507042253518,70,71,1,0,70,71,11950,0,0,0,0,0
2020-09-12,US,Kansas,Marshall,17,0,0,39.78359669,-96.52278974,20117.0,175.13134851138355,0.0,17,17,0,0,17,18,9722,0,0,0,0,-1
2020-09-12,US,Kansas,McPherson,255,1,0,38.39184858,-97.64769869,20113.0,893.4202228295143,0.392156862745098,254,255,1,0,254,255,28537,0,0,0,0,0
2020-09-12,US,Kansas,Meade,73,0,0,37.23859987,-100.36483100000001,20119.0,1810.0669476816265,0.0,73,73,0,0,73,67,4146,0,0,0,0,6
2020-09-12,US,Kansas,Miami,282,1,0,38.56383358,-94.83832189,20121.0,823.670298215381,0.3546099290780142,281,282,1,0,281,282,33680,0,0,0,0,0
2020-09-12,US,Kansas,Mitchell,40,0,0,39.39331582,-98.20906732,20123.0,669.0081953503932,0.0,40,40,0,0,40,40,6150,0,0,0,0,0
2020-09-12,US,Kansas,Montgomery,324,5,0,37.19236568,-95.74329258,20125.0,1017.9396148166768,1.5432098765432098,319,289,5,0,284,289,32120,35,0,0,35,0
2020-09-12,US,Kansas,Morris,24,0,0,38.68827511,-96.65128437,20127.0,427.0462633451957,0.0,24,24,0,0,24,23,5521,0,0,0,0,1
2020-09-12,US,Kansas,Morton,14,2,0,37.19141121,-101.79925190000002,20129.0,541.1673753382296,14.285714285714285,12,14,2,0,12,12,2667,0,0,0,0,2
2020-09-12,US,Kansas,Nemaha,62,1,0,39.78345387,-96.01392079,20131.0,606.0013683901867,1.6129032258064515,61,62,1,0,61,62,10155,0,0,0,0,0
2020-09-12,US,Kansas,Neosho,136,0,0,37.55862897,-95.30670046,20133.0,849.6282876241644,0.0,136,136,0,0,136,135,15951,0,0,0,0,1
2020-09-12,US,Kansas,Ness,56,1,0,38.47974157,-99.91547333,20135.0,2036.3636363636365,1.7857142857142858,55,56,1,0,55,40,2840,0,0,0,0,16
2020-09-12,US,Kansas,Norton,25,0,0,39.78443827,-99.90286639,20137.0,466.33090841260963,0.0,25,25,0,0,25,24,5430,0,0,0,0,1
2020-09-12,US,Kansas,Osage,77,0,0,38.65235984,-95.72707998,20139.0,482.788889585554,0.0,77,77,0,0,77,73,15941,0,0,0,0,4
2020-09-12,US,Kansas,Osborne,5,0,0,39.3503437,-98.76753828,20141.0,146.1560947091494,0.0,5,5,0,0,5,5,3475,0,0,0,0,0
2020-09-12,US,Kansas,Ottawa,48,0,0,39.13237408,-97.65020313,20143.0,841.5147265077139,0.0,48,48,0,0,48,48,5802,0,0,0,0,0
2020-09-12,US,Kansas,Pawnee,318,1,0,38.18108732,-99.23692334,20145.0,4957.904583723106,0.31446540880503143,317,318,1,0,317,318,6562,0,0,0,0,0
2020-09-12,US,Kansas,Phillips,68,8,0,39.78465501,-99.34668865,20147.0,1299.1975544516622,11.764705882352944,60,68,8,0,60,62,5317,0,0,0,0,6
2020-09-12,US,Kansas,Pottawatomie,188,0,0,39.37925655,-96.34564657,20149.0,771.0289956116968,0.0,188,188,0,0,188,183,24277,0,0,0,0,5
2020-09-12,US,Kansas,Pratt,58,0,0,37.64780729,-98.73922153,20151.0,632.9113924050632,0.0,58,58,0,0,58,54,9378,0,0,0,0,4
2020-09-12,US,Kansas,Rawlins,1,0,0,39.78525843,-101.07616170000001,20153.0,39.52569169960474,0.0,1,1,0,0,1,1,2508,0,0,0,0,0
2020-09-12,US,Kansas,Reno,849,3,0,37.95230263,-98.08607292,20155.0,1369.3990128713824,0.353356890459364,846,834,3,0,831,832,62342,15,0,0,15,2
2020-09-12,US,Kansas,Republic,39,1,0,39.82799632,-97.65036709,20157.0,841.2424503882656,2.5641025641025643,38,39,1,0,38,38,4664,0,0,0,0,1
2020-09-12,US,Kansas,Rice,50,1,0,38.34616184,-98.19992118,20159.0,524.2738806752648,2.0,49,50,1,0,49,50,9531,0,0,0,0,0
2020-09-12,US,Kansas,Riley,1322,6,0,39.28935726,-96.73420026,20161.0,1780.9031145597587,0.453857791225416,1316,1322,6,0,1316,1313,73703,0,0,0,0,9
2020-09-12,US,Kansas,Rooks,41,0,0,39.35022773,-99.32484567,20163.0,833.3333333333335,0.0,41,41,0,0,41,40,5013,0,0,0,0,1
2020-09-12,US,Kansas,Rush,34,0,0,38.52275276,-99.30863983,20165.0,1119.8945981554677,0.0,34,34,0,0,34,29,3093,0,0,0,0,5
2020-09-12,US,Kansas,Russell,65,0,0,38.91462787,-98.76254297,20167.0,948.0746791131855,0.0,65,65,0,0,65,55,6907,0,0,0,0,10
2020-09-12,US,Kansas,Saline,567,9,0,38.78369175,-97.65185177,20169.0,1045.6624372971378,1.5873015873015872,558,567,9,0,558,544,54401,0,0,0,0,23
2020-09-12,US,Kansas,Scott,100,1,0,38.48222076,-100.90665390000001,20171.0,2073.3982998133943,1.0,99,100,1,0,99,100,4897,0,0,0,0,0
2020-09-12,US,Kansas,Sedgwick,7511,63,0,37.6842718,-97.4608198,20173.0,1455.5016839714594,0.8387698042870456,7448,7511,63,0,7448,7466,513607,0,0,0,0,45
2020-09-12,US,Kansas,Seward,1518,5,0,37.19324632,-100.85072009999999,20175.0,7084.188911704312,0.3293807641633729,1513,1493,5,0,1488,1493,21780,25,0,0,25,0
2020-09-12,US,Kansas,Shawnee,2415,27,0,39.04100763,-95.75572640000001,20177.0,1365.3710247349825,1.1180124223602483,2388,2415,27,0,2388,2406,177499,0,0,0,0,9
2020-09-12,US,Kansas,Sheridan,12,0,0,39.35018161,-100.44182590000001,20179.0,476.0015866719557,0.0,12,12,0,0,12,12,2533,0,0,0,0,0
2020-09-12,US,Kansas,Sherman,19,0,0,39.35147699,-101.71976240000001,20181.0,321.1086699340882,0.0,19,19,0,0,19,19,5899,0,0,0,0,0
2020-09-12,US,Kansas,Smith,5,0,0,39.78516566,-98.78566062,20183.0,139.54786491766677,0.0,5,5,0,0,5,5,3603,0,0,0,0,0
2020-09-12,US,Kansas,Stafford,49,1,0,38.03100851,-98.71762001,20185.0,1179.0182868142444,2.0408163265306123,48,49,1,0,48,43,4178,0,0,0,0,6
2020-09-12,US,Kansas,Stanton,48,2,0,37.56304714,-101.78435340000001,20187.0,2392.8215353938185,4.166666666666667,46,48,2,0,46,48,1987,0,0,0,0,0
2020-09-12,US,Kansas,Stevens,94,0,0,37.1923008,-101.3118967,20189.0,1713.7648131267092,0.0,94,94,0,0,94,86,5559,0,0,0,0,8
2020-09-12,US,Kansas,Sumner,155,3,0,37.23682549,-97.47721621,20191.0,678.7528463829043,1.935483870967742,152,155,3,0,152,153,22996,0,0,0,0,2
2020-09-12,US,Kansas,Thomas,84,0,0,39.35107575,-101.0553705,20193.0,1080.1080108010801,0.0,84,84,0,0,84,82,7711,0,0,0,0,2
2020-09-12,US,Kansas,Trego,42,3,0,38.91467218,-99.87284448,20195.0,1498.3945772386728,7.142857142857142,39,42,3,0,39,40,2793,0,0,0,0,2
2020-09-12,US,Kansas,Wabaunsee,65,1,0,38.95471985,-96.20350509,20197.0,937.8156110229404,1.5384615384615383,64,65,1,0,64,63,6899,0,0,0,0,2
2020-09-12,US,Kansas,Wallace,12,0,0,38.91686134,-101.76388759999999,20199.0,790.5138339920949,0.0,12,12,0,0,12,10,1503,0,0,0,0,2
2020-09-12,US,Kansas,Washington,16,0,0,39.78420784,-97.08753229999999,20201.0,295.96744358120606,0.0,16,16,0,0,16,16,5420,0,0,0,0,0
2020-09-12,US,Kansas,Wichita,5,0,0,38.48178252,-101.3471509,20203.0,235.96035865974517,0.0,5,5,0,0,5,5,2105,0,0,0,0,0
2020-09-12,US,Kansas,Wilson,51,0,0,37.55937174,-95.74323255,20205.0,598.2404692082113,0.0,51,47,0,0,47,47,8665,4,0,0,4,0
2020-09-12,US,Kansas,Woodson,12,0,0,37.8865336,-95.74006277,20207.0,382.4091778202677,0.0,12,12,0,0,12,12,3183,0,0,0,0,0
2020-09-12,US,Kansas,Wyandotte,6432,122,0,39.11727348,-94.76378225,20209.0,3888.0728288268683,1.8967661691542288,6310,6394,120,0,6274,6360,165324,38,2,0,36,34
2020-09-12,US,Kentucky,Adair,281,19,0,37.10459774,-85.28129668,21001.0,1463.3892302885113,6.761565836298933,262,281,19,0,262,280,19215,0,0,0,0,1
2020-09-12,US,Kentucky,Allen,289,9,0,36.75197631,-86.19457544,21003.0,1355.852685901947,3.1141868512110733,280,267,9,0,258,265,21122,22,0,0,22,2
2020-09-12,US,Kentucky,Anderson,132,1,0,38.00671029,-84.99171713,21005.0,580.2963028091616,0.7575757575757576,131,130,1,0,129,127,22663,2,0,0,2,3
2020-09-12,US,Kentucky,Ballard,46,1,0,37.05842757,-88.99427697,21007.0,583.1643002028397,2.1739130434782608,45,46,1,0,45,46,7979,0,0,0,0,0
2020-09-12,US,Kentucky,Barren,570,13,0,36.96469836,-85.93338945,21009.0,1288.1647042871025,2.280701754385965,557,554,12,0,542,552,44176,16,1,0,15,2
2020-09-12,US,Kentucky,Bath,70,1,0,38.14735938,-83.74588932,21011.0,560.0,1.4285714285714286,69,69,1,0,68,69,12383,1,0,0,1,0
2020-09-12,US,Kentucky,Bell,447,11,0,36.73355174,-83.67766671,21013.0,1717.117393976644,2.460850111856823,436,445,10,0,435,440,26569,2,1,0,1,5
2020-09-12,US,Kentucky,Boone,1406,25,0,38.97065142,-84.72615357,21015.0,1052.5448978522397,1.7780938833570412,1381,1398,25,0,1373,1387,131533,8,0,0,8,11
2020-09-12,US,Kentucky,Bourbon,144,1,0,38.2054607,-84.21827874,21017.0,727.7137659187387,0.6944444444444444,143,142,1,0,141,136,20184,2,0,0,2,6
2020-09-12,US,Kentucky,Boyd,340,4,0,38.36176608,-82.68652187,21019.0,727.7708806027655,1.1764705882352942,336,332,4,0,328,315,47240,8,0,0,8,17
2020-09-12,US,Kentucky,Boyle,237,0,0,37.62680923,-84.8633779,21021.0,788.4231536926147,0.0,237,232,0,0,232,225,30100,5,0,0,5,7
2020-09-12,US,Kentucky,Bracken,37,0,0,38.69158994,-84.08532444,21023.0,445.6220643141034,0.0,37,37,0,0,37,37,8239,0,0,0,0,0
2020-09-12,US,Kentucky,Breathitt,68,0,0,37.52333168,-83.31959161,21025.0,538.4006334125098,0.0,68,66,0,0,66,66,12726,2,0,0,2,0
2020-09-12,US,Kentucky,Breckinridge,112,2,0,37.77377239,-86.42885017,21027.0,546.9551203789617,1.7857142857142858,110,112,2,0,110,108,20388,0,0,0,0,4
2020-09-12,US,Kentucky,Bullitt,727,8,0,37.97162523,-85.68955617,21029.0,890.1023556491504,1.1004126547455295,719,718,8,0,710,709,81069,9,0,0,9,9
2020-09-12,US,Kentucky,Butler,328,16,0,37.20946153,-86.68748787,21031.0,2546.781582420996,4.878048780487805,312,327,16,0,311,326,12772,1,0,0,1,1
2020-09-12,US,Kentucky,Caldwell,101,0,0,37.14749129,-87.86948214,21033.0,792.3432964619127,0.0,101,99,0,0,99,95,12715,2,0,0,2,4
2020-09-12,US,Kentucky,Calloway,485,8,0,36.62093411,-88.2731593,21035.0,1243.5578574908334,1.649484536082474,477,478,8,0,470,462,39135,7,0,0,7,16
2020-09-12,US,Kentucky,Campbell,772,16,0,38.94384345,-84.37875208,21037.0,824.9273380064967,2.0725388601036268,756,768,16,0,752,756,93152,4,0,0,4,12
2020-09-12,US,Kentucky,Carlisle,66,1,0,36.85372876,-88.96692220000001,21039.0,1386.5546218487395,1.5151515151515151,65,66,1,0,65,64,4771,0,0,0,0,2
2020-09-12,US,Kentucky,Carroll,195,5,0,38.66599534,-85.12601074,21041.0,1834.2583011946194,2.5641025641025643,190,194,5,0,189,194,10737,1,0,0,1,0
2020-09-12,US,Kentucky,Carter,144,3,0,38.31690743,-83.05092385,21043.0,537.3735865955143,2.083333333333333,141,141,3,0,138,137,27004,3,0,0,3,4
2020-09-12,US,Kentucky,Casey,266,15,0,37.32533118,-84.92726209,21045.0,1646.1414691503187,5.639097744360902,251,266,15,0,251,262,15888,0,0,0,0,4
2020-09-12,US,Kentucky,Christian,1000,14,0,36.89267803,-87.49055367,21047.0,1419.2248194036413,1.4,986,979,14,0,965,936,71671,21,0,0,21,43
2020-09-12,US,Kentucky,Clark,284,8,0,37.9689263,-84.14615986,21049.0,783.167415823291,2.8169014084507036,276,282,8,0,274,276,36249,2,0,0,2,6
2020-09-12,US,Kentucky,Clay,237,6,0,37.16451126,-83.712575,21051.0,1190.8949299030196,2.5316455696202533,231,237,6,0,231,237,20105,0,0,0,0,0
2020-09-12,US,Kentucky,Clinton,95,2,0,36.72581156,-85.13377529,21053.0,929.7318457623801,2.1052631578947367,93,92,2,0,90,81,10206,3,0,0,3,11
2020-09-12,US,Kentucky,Crittenden,98,1,0,37.35839237,-88.08826090000002,21055.0,1112.8775834658188,1.020408163265306,97,96,1,0,95,94,8915,2,0,0,2,2
2020-09-12,US,Kentucky,Cumberland,92,0,0,36.78926125,-85.39050034,21057.0,1390.9888116117331,0.0,92,90,0,0,90,90,6659,2,0,0,2,0
2020-09-12,US,Kentucky,Daviess,1125,12,0,37.73028906,-87.09019479999998,21059.0,1108.2542778615125,1.0666666666666669,1113,1101,12,0,1089,1090,101104,24,0,0,24,11
2020-09-12,US,Kentucky,Edmonson,123,12,0,37.21218923,-86.23955613,21061.0,1012.3456790123456,9.75609756097561,111,120,12,0,108,120,12274,3,0,0,3,0
2020-09-12,US,Kentucky,Elliott,32,0,0,38.11624059,-83.09771563,21063.0,425.7017427165093,0.0,32,32,0,0,32,32,7508,0,0,0,0,0
2020-09-12,US,Kentucky,Estill,68,0,0,37.69241417,-83.95956369,21065.0,482.06436977172837,0.0,68,68,0,0,68,66,14198,0,0,0,0,2
2020-09-12,US,Kentucky,Fayette,4886,60,0,38.0368225,-84.45576892,21067.0,1511.981977521414,1.2279983626688498,4826,4837,60,0,4777,4754,323780,49,0,0,49,83
2020-09-12,US,Kentucky,Fleming,75,0,0,38.36758311,-83.69657514,21069.0,514.3680131678211,0.0,75,75,0,0,75,75,14432,0,0,0,0,0
2020-09-12,US,Kentucky,Floyd,162,2,0,37.56213922,-82.74750924,21071.0,455.1968304813285,1.2345679012345678,160,162,2,0,160,159,35845,0,0,0,0,3
2020-09-12,US,Kentucky,Franklin,559,11,0,38.2379395,-84.87962551,21073.0,1096.2718911180402,1.9677996422182469,548,547,11,0,536,536,50815,12,0,0,12,11
2020-09-12,US,Kentucky,Fulton,129,2,0,36.55238827,-89.20140068,21075.0,2161.1660244597088,1.5503875968992251,127,128,2,0,126,129,6120,1,0,0,1,-1
2020-09-12,US,Kentucky,Gallatin,93,8,0,38.75398691,-84.8558382,21077.0,1048.59623407374,8.602150537634408,85,93,8,0,85,93,8832,0,0,0,0,0
2020-09-12,US,Kentucky,Garrard,138,3,0,37.638866799999995,-84.53289319,21079.0,781.161553266161,2.1739130434782608,135,133,3,0,130,132,17560,5,0,0,5,1
2020-09-12,US,Kentucky,Grant,145,6,0,38.64962758,-84.62415957,21081.0,578.4036060473094,4.137931034482759,139,144,6,0,138,145,25121,1,0,0,1,-1
2020-09-12,US,Kentucky,Graves,684,29,0,36.72292505,-88.65143315,21083.0,1835.4532281436161,4.239766081871345,655,682,29,0,653,675,37317,2,0,0,2,7
2020-09-12,US,Kentucky,Grayson,341,13,0,37.46231118,-86.34248968,21085.0,1290.346993605025,3.812316715542522,328,332,13,0,319,318,26321,9,0,0,9,14
2020-09-12,US,Kentucky,Green,229,8,0,37.26484328,-85.5540745,21087.0,2093.044511470615,3.4934497816593884,221,226,8,0,218,219,11049,3,0,0,3,7
2020-09-12,US,Kentucky,Greenup,305,2,0,38.54332505,-82.9215658,21089.0,868.9953843523848,0.6557377049180327,303,299,2,0,297,290,35268,6,0,0,6,9
2020-09-12,US,Kentucky,Hancock,67,0,0,37.83766422,-86.78280584,21091.0,768.1724375143318,0.0,67,66,0,0,66,66,8758,1,0,0,1,0
2020-09-12,US,Kentucky,Hardin,1083,10,0,37.6976111,-85.96319251,21093.0,976.0449899962148,0.9233610341643582,1073,1057,10,0,1047,1023,110356,26,0,0,26,34
2020-09-12,US,Kentucky,Harlan,347,10,0,36.85699301,-83.21899516,21095.0,1334.1022683583235,2.8818443804034577,337,343,10,0,333,328,26409,4,0,0,4,15
2020-09-12,US,Kentucky,Harrison,164,0,0,38.44188174,-84.32869741,21097.0,868.368103356984,0.0,164,164,0,0,164,163,18778,0,0,0,0,1
2020-09-12,US,Kentucky,Hart,157,1,0,37.29943898,-85.88461055,21099.0,824.7964276333072,0.6369426751592356,156,157,1,0,156,156,18906,0,0,0,0,1
2020-09-12,US,Kentucky,Henderson,559,3,0,37.79344553,-87.57392021,21101.0,1236.452112364521,0.5366726296958855,556,540,3,0,537,529,45591,19,0,0,19,11
2020-09-12,US,Kentucky,Henry,175,2,0,38.44942688,-85.11587507,21103.0,1085.2040183554511,1.1428571428571428,173,173,2,0,171,173,16106,2,0,0,2,0
2020-09-12,US,Kentucky,Hickman,71,0,0,36.67948079999999,-88.97875928,21105.0,1621.0045662100454,0.0,71,72,0,0,72,72,4421,-1,0,0,-1,0
2020-09-12,US,Kentucky,Hopkins,566,37,0,37.30939025,-87.54670406,21107.0,1266.6159423533095,6.5371024734982335,529,561,37,0,524,551,45068,5,0,0,5,10
2020-09-12,US,Kentucky,Jackson,323,15,0,37.41866422,-83.99825483,21109.0,2423.2875684597493,4.643962848297214,308,321,15,0,306,308,13442,2,0,0,2,13
2020-09-12,US,Kentucky,Jefferson,13579,289,0,38.18664655,-85.65931031,21111.0,1770.9652471382724,2.1282863244716106,13290,13445,285,0,13160,13281,770517,134,4,0,130,164
2020-09-12,US,Kentucky,Jessamine,534,0,0,37.87119786,-84.58252003,21113.0,986.787397209646,0.0,534,523,0,0,523,516,53920,11,0,0,11,7
2020-09-12,US,Kentucky,Johnson,136,1,0,37.85106355,-82.8264322,21115.0,612.9439336578331,0.7352941176470589,135,135,1,0,134,130,22386,1,0,0,1,5
2020-09-12,US,Kentucky,Kenton,1860,44,0,38.93950319,-84.53241199,21117.0,1113.7857938418424,2.3655913978494625,1816,1851,44,0,1807,1844,166051,9,0,0,9,7
2020-09-12,US,Kentucky,Knott,102,1,0,37.35388197,-82.94981134,21119.0,688.9099013913278,0.9803921568627452,101,98,1,0,97,97,15126,4,0,0,4,1
2020-09-12,US,Kentucky,Knox,394,9,0,36.89225732,-83.85403396,21121.0,1265.050569914914,2.2842639593908634,385,392,9,0,383,391,31304,2,0,0,2,1
2020-09-12,US,Kentucky,Larue,104,1,0,37.54567114,-85.70138352,21123.0,722.3225447978888,0.9615384615384616,103,101,1,0,100,99,14307,3,0,0,3,2
2020-09-12,US,Kentucky,Laurel,687,5,0,37.10975748,-84.11321779,21125.0,1129.692664397415,0.7278020378457059,682,677,5,0,672,668,60669,10,0,0,10,9
2020-09-12,US,Kentucky,Lawrence,53,0,0,38.07136018,-82.72882223,21127.0,346.02076124567475,0.0,53,53,0,0,53,51,15571,0,0,0,0,2
2020-09-12,US,Kentucky,Lee,14,0,0,37.59645942,-83.71513901,21129.0,189.11252195056062,0.0,14,14,0,0,14,14,7033,0,0,0,0,0
2020-09-12,US,Kentucky,Leslie,44,0,0,37.09246661,-83.37999606,21131.0,445.4793965779084,0.0,44,42,0,0,42,42,10143,2,0,0,2,0
2020-09-12,US,Kentucky,Letcher,93,2,0,37.12306748,-82.85346474,21133.0,431.4944555282327,2.150537634408602,91,87,2,0,85,81,21899,6,0,0,6,6
2020-09-12,US,Kentucky,Lewis,207,14,0,38.53184419,-83.37735618,21135.0,1559.322033898305,6.763285024154589,193,202,14,0,188,201,13257,5,0,0,5,1
2020-09-12,US,Kentucky,Lincoln,160,12,0,37.45475628,-84.6565327,21137.0,651.7577090716526,7.5,148,157,12,0,145,151,24644,3,0,0,3,6
2020-09-12,US,Kentucky,Livingston,70,1,0,37.21137452,-88.34797529,21139.0,761.3661083315205,1.4285714285714286,69,69,1,0,68,66,9242,1,0,0,1,3
2020-09-12,US,Kentucky,Logan,479,27,0,36.85949479,-86.877635,21141.0,1767.397240056085,5.636743215031316,452,473,26,0,447,466,26989,6,1,0,5,7
2020-09-12,US,Kentucky,Lyon,57,4,0,37.02080035,-88.07886257,21143.0,694.2752740560292,7.0175438596491215,53,46,4,0,42,45,8009,11,0,0,11,1
2020-09-12,US,Kentucky,Madison,1388,4,0,37.71659336,-84.27220275,21151.0,1492.681772720918,0.2881844380403458,1384,1363,4,0,1359,1316,92368,25,0,0,25,47
2020-09-12,US,Kentucky,Magoffin,74,0,0,37.70820545,-83.0657714,21153.0,608.5025902475126,0.0,74,74,0,0,74,71,12362,0,0,0,0,3
2020-09-12,US,Kentucky,Marion,203,7,0,37.55218078,-85.26898542,21155.0,1053.2869817879937,3.4482758620689653,196,199,7,0,192,195,19404,4,0,0,4,4
2020-09-12,US,Kentucky,Marshall,235,2,0,36.88007070000001,-88.32803576,21157.0,755.6270096463022,0.851063829787234,233,236,2,0,234,225,31191,-1,0,0,-1,11
2020-09-12,US,Kentucky,Martin,61,2,0,37.79990579,-82.51247478,21159.0,544.8861098704779,3.278688524590164,59,61,2,0,59,61,11323,0,0,0,0,0
2020-09-12,US,Kentucky,Mason,118,2,0,38.59471935,-83.82151043,21161.0,691.2712360867018,1.6949152542372878,116,118,2,0,116,113,17150,0,0,0,0,5
2020-09-12,US,Kentucky,McCracken,600,6,0,37.05350953,-88.70445755,21145.0,917.1787581399617,1.0,594,594,6,0,588,579,65346,6,0,0,6,15
2020-09-12,US,Kentucky,McCreary,128,0,0,36.73874143,-84.48102924,21147.0,742.8471940107945,0.0,128,126,0,0,126,123,17408,2,0,0,2,3
2020-09-12,US,Kentucky,McLean,63,1,0,37.5301951,-87.26803443,21149.0,684.2619745845553,1.5873015873015872,62,63,1,0,62,63,9252,0,0,0,0,0
2020-09-12,US,Kentucky,Meade,156,3,0,37.96163597,-86.21028219,21163.0,545.9890802183957,1.9230769230769231,153,146,3,0,143,143,28715,10,0,0,10,3
2020-09-12,US,Kentucky,Menifee,40,0,0,37.94090733,-83.59985712,21165.0,616.4278008938203,0.0,40,39,0,0,39,39,6451,1,0,0,1,0
2020-09-12,US,Kentucky,Mercer,162,1,0,37.81474237,-84.87488475,21167.0,738.6130488305294,0.6172839506172839,161,152,1,0,151,150,21774,10,0,0,10,2
2020-09-12,US,Kentucky,Metcalfe,94,2,0,36.99459295,-85.63123699,21169.0,933.3730513355181,2.127659574468085,92,92,2,0,90,91,10030,2,0,0,2,1
2020-09-12,US,Kentucky,Monroe,181,4,0,36.71225341,-85.71596443,21171.0,1699.530516431925,2.209944751381216,177,181,4,0,177,176,10718,0,0,0,0,5
2020-09-12,US,Kentucky,Montgomery,219,1,0,38.03253032,-83.9145241,21173.0,777.7817239052458,0.45662100456620996,218,217,1,0,216,214,28203,2,0,0,2,3
2020-09-12,US,Kentucky,Morgan,50,0,0,37.92465657,-83.25558245,21175.0,375.68562626793886,0.0,50,50,0,0,50,51,13345,0,0,0,0,-1
2020-09-12,US,Kentucky,Muhlenberg,689,12,0,37.21425819,-87.14632053,21177.0,2250.0163281301025,1.741654571843251,677,688,11,0,677,688,30774,1,1,0,0,0
2020-09-12,US,Kentucky,Nelson,438,4,0,37.80335779,-85.4657193,21179.0,947.375251443774,0.9132420091324199,434,435,4,0,431,419,45851,3,0,0,3,16
2020-09-12,US,Kentucky,Nicholas,29,1,0,38.33342292,-84.01889177,21181.0,398.95446416288354,3.4482758620689653,28,29,1,0,28,29,7166,0,0,0,0,0
2020-09-12,US,Kentucky,Ohio,408,9,0,37.47751843,-86.85368087,21183.0,1700.4251062765686,2.2058823529411766,399,407,9,0,398,403,24087,1,0,0,1,4
2020-09-12,US,Kentucky,Oldham,942,25,0,38.39791089,-85.448222,21185.0,1410.2007515082562,2.653927813163482,917,922,25,0,897,909,66470,20,0,0,20,13
2020-09-12,US,Kentucky,Owen,89,2,0,38.51679143,-84.82404619,21187.0,816.4388588202918,2.247191011235955,87,87,2,0,85,86,10880,2,0,0,2,1
2020-09-12,US,Kentucky,Owsley,37,1,0,37.42823949,-83.68811419,21189.0,838.0520951302377,2.702702702702702,36,37,1,0,36,37,4472,0,0,0,0,0
2020-09-12,US,Kentucky,Pendleton,78,0,0,38.69607718,-84.35599463,21191.0,534.6127484578478,0.0,78,76,0,0,76,74,14529,2,0,0,2,2
2020-09-12,US,Kentucky,Perry,306,8,0,37.25023553,-83.22922731,21193.0,1187.980433263452,2.6143790849673203,298,304,8,0,296,298,26092,2,0,0,2,6
2020-09-12,US,Kentucky,Pike,360,3,0,37.47088263,-82.39487445,21195.0,622.0194899440182,0.8333333333333334,357,360,3,0,357,356,58402,0,0,0,0,4
2020-09-12,US,Kentucky,Powell,85,0,0,37.83218794,-83.82553961,21197.0,687.7579092159558,0.0,85,85,0,0,85,85,12442,0,0,0,0,0
2020-09-12,US,Kentucky,Pulaski,681,8,0,37.10466131,-84.57629079,21199.0,1048.0309022915096,1.1747430249632893,673,675,8,0,667,649,64623,6,0,0,6,26
2020-09-12,US,Kentucky,Robertson,12,0,0,38.51923469,-84.05055616,21201.0,569.2599620493359,0.0,12,11,0,0,11,11,2135,1,0,0,1,0
2020-09-12,US,Kentucky,Rockcastle,152,1,0,37.36642393,-84.31176452,21203.0,910.4522312069482,0.6578947368421053,151,151,1,0,150,147,16750,1,0,0,1,4
2020-09-12,US,Kentucky,Rowan,188,1,0,38.19484205,-83.42088935,21205.0,768.6017988552742,0.5319148936170213,187,187,1,0,186,187,24583,1,0,0,1,0
2020-09-12,US,Kentucky,Russell,220,6,0,36.99308373,-85.06070117,21207.0,1227.473079283602,2.727272727272727,214,218,6,0,212,214,17821,2,0,0,2,4
2020-09-12,US,Kentucky,Scott,676,8,0,38.29622293,-84.5816631,21209.0,1185.881692512806,1.183431952662722,668,668,8,0,660,658,56031,8,0,0,8,10
2020-09-12,US,Kentucky,Shelby,977,23,0,38.21476019,-85.194223,21211.0,1992.9014360313315,2.3541453428863868,954,974,23,0,951,963,48518,3,0,0,3,11
2020-09-12,US,Kentucky,Simpson,245,8,0,36.74058474,-86.58047435,21213.0,1319.1901787637305,3.26530612244898,237,245,7,0,238,243,18529,0,1,0,-1,2
2020-09-12,US,Kentucky,Spencer,188,0,0,38.03223971,-85.32749335,21215.0,971.5260193271664,0.0,188,184,0,0,184,183,18794,4,0,0,4,1
2020-09-12,US,Kentucky,Taylor,237,5,0,37.3677562,-85.3329931,21217.0,919.7097287438396,2.109704641350211,232,234,5,0,229,229,25549,3,0,0,3,5
2020-09-12,US,Kentucky,Todd,168,8,0,36.8381152,-87.17878374,21219.0,1366.5202537823332,4.761904761904762,160,168,8,0,160,167,12311,0,0,0,0,1
2020-09-12,US,Kentucky,Trigg,134,0,0,36.80767017,-87.87333656,21221.0,914.6133369735852,0.0,134,128,0,0,128,125,14643,6,0,0,6,3
2020-09-12,US,Kentucky,Trimble,51,0,0,38.61056487,-85.33775972,21223.0,602.0540668161964,0.0,51,51,0,0,51,50,8515,0,0,0,0,1
2020-09-12,US,Kentucky,Union,200,1,0,37.66166713,-87.94300009,21225.0,1390.723871775259,0.5,199,193,1,0,192,188,14505,7,0,0,7,5
2020-09-12,US,Kentucky,Warren,3928,37,0,36.99903045,-86.42672751,21227.0,2955.69467854563,0.9419551934826884,3891,3870,33,0,3837,3800,131264,58,4,0,54,70
2020-09-12,US,Kentucky,Washington,139,1,0,37.75599461,-85.17407732,21229.0,1149.235221165771,0.7194244604316546,138,138,1,0,137,136,12084,1,0,0,1,2
2020-09-12,US,Kentucky,Wayne,113,0,0,36.80310688,-84.8251971,21231.0,555.746815521566,0.0,113,112,0,0,112,107,20468,1,0,0,1,5
2020-09-12,US,Kentucky,Webster,128,2,0,37.52168356,-87.67989953,21233.0,989.0279709473033,1.5625,126,123,2,0,121,121,13111,5,0,0,5,2
2020-09-12,US,Kentucky,Whitley,237,2,0,36.75700531,-84.14541217,21235.0,653.5407015221707,0.8438818565400844,235,232,2,0,230,229,36242,5,0,0,5,3
2020-09-12,US,Kentucky,Wolfe,30,0,0,37.73941626,-83.49303612,21237.0,419.17004331423783,0.0,30,30,0,0,30,30,7177,0,0,0,0,0
2020-09-12,US,Kentucky,Woodford,230,0,0,38.04178222,-84.7417556,21239.0,860.3276726266178,0.0,230,229,0,0,229,224,26533,1,0,0,1,5
2020-09-12,US,Louisiana,Acadia,2887,94,0,30.295064899999996,-92.41419698,22001.0,4653.0743814973,3.2559750606165565,2793,2887,94,0,2793,2877,62190,0,0,0,0,10
2020-09-12,US,Louisiana,Allen,1498,45,0,30.65385745,-92.82442028,22003.0,5845.39743239552,3.004005340453938,1453,1498,45,0,1453,1500,25605,0,0,0,0,-2
2020-09-12,US,Louisiana,Ascension,3538,94,0,30.20406249,-90.91328409999998,22005.0,2794.540456857603,2.6568682871678915,3444,3538,94,0,3444,3512,124672,0,0,0,0,26
2020-09-12,US,Louisiana,Assumption,710,23,0,29.89946234,-91.06461642,22007.0,3243.342012699283,3.2394366197183104,687,710,23,0,687,699,22300,0,0,0,0,11
2020-09-12,US,Louisiana,Avoyelles,1398,49,0,31.07796211,-92.00079449,22009.0,3482.4631327221996,3.5050071530758227,1349,1398,49,0,1349,1399,40462,0,0,0,0,-1
2020-09-12,US,Louisiana,Beauregard,964,36,0,30.64836518,-93.34173616,22011.0,2570.872336453583,3.734439834024896,928,964,36,0,928,959,37253,0,0,0,0,5
2020-09-12,US,Louisiana,Bienville,441,32,0,32.34569994,-93.05398492,22013.0,3330.564156785741,7.256235827664399,409,441,32,0,409,435,13308,0,0,0,0,6
2020-09-12,US,Louisiana,Bossier,2894,101,0,32.67932307,-93.60460152,22015.0,2278.040601704988,3.4899792674498964,2793,2894,101,0,2793,2861,127185,0,0,0,0,33
2020-09-12,US,Louisiana,Caddo,7843,334,0,32.57991587,-93.88375652,22017.0,3265.141296564587,4.258574525054189,7509,7843,334,0,7509,7762,242922,0,0,0,0,81
2020-09-12,US,Louisiana,Calcasieu,7592,198,0,30.22931235,-93.35400434,22019.0,3731.886195167032,2.6080084299262385,7394,7592,198,0,7394,7580,203112,0,0,0,0,12
2020-09-12,US,Louisiana,Caldwell,294,3,0,32.0902519,-92.11752148,22021.0,2964.3073200241993,1.020408163265306,291,294,3,0,291,295,9960,0,0,0,0,-1
2020-09-12,US,Louisiana,Cameron,209,1,0,29.87592238,-93.19310676,22023.0,2997.275204359673,0.4784688995215311,208,209,1,0,208,206,6968,0,0,0,0,3
2020-09-12,US,Louisiana,Catahoula,404,6,0,31.66778967,-91.84526385,22025.0,4255.31914893617,1.4851485148514851,398,404,6,0,398,401,9608,0,0,0,0,3
2020-09-12,US,Louisiana,Claiborne,457,16,0,32.82308512,-92.99526883,22027.0,2916.4007657945117,3.5010940919037203,441,457,16,0,441,456,15944,0,0,0,0,1
2020-09-12,US,Louisiana,Concordia,488,11,0,31.44817835,-91.63814433,22029.0,2533.8802637727813,2.2540983606557377,477,488,11,0,477,487,19572,0,0,0,0,1
2020-09-12,US,Louisiana,De Soto,846,34,0,32.05457447,-93.74130302,22031.0,3080.508320285475,4.018912529550828,812,846,34,0,812,840,27436,0,0,0,0,6
2020-09-12,US,Louisiana,East Baton Rouge,14507,430,0,30.53842039,-91.09777565,22033.0,3296.6034099972962,2.9640863031639904,14077,14507,430,0,14077,14421,440956,0,0,0,0,86
2020-09-12,US,Louisiana,East Carroll,534,3,0,32.73926954,-91.23425694,22035.0,7783.121993878443,0.5617977528089888,531,534,3,0,531,535,7037,0,0,0,0,-1
2020-09-12,US,Louisiana,East Feliciana,1518,57,0,30.84425359,-91.04976723,22037.0,7933.106872223674,3.7549407114624502,1461,1518,57,0,1461,1475,19305,0,0,0,0,43
2020-09-12,US,Louisiana,Evangeline,1246,29,0,30.72985248,-92.39915924,22039.0,3731.09746968109,2.3274478330658104,1217,1246,29,0,1217,1228,33443,0,0,0,0,18
2020-09-12,US,Louisiana,Franklin,1135,34,0,32.13675181,-91.67589857,22041.0,5670.746939795154,2.995594713656388,1101,1135,34,0,1101,1135,20156,0,0,0,0,0
2020-09-12,US,Louisiana,Grant,466,30,0,31.59882456,-92.56124347,22043.0,2081.3792487382198,6.437768240343348,436,466,30,0,436,459,22482,0,0,0,0,7
2020-09-12,US,Louisiana,Iberia,2826,89,0,29.86803617,-91.75871777,22045.0,4046.971215809824,3.1493276716206653,2737,2826,89,0,2737,2827,70941,0,0,0,0,-1
2020-09-12,US,Louisiana,Iberville,1380,57,0,30.25734305,-91.3499598,22047.0,4244.717172649257,4.130434782608695,1323,1380,57,0,1323,1381,32721,0,0,0,0,-1
2020-09-12,US,Louisiana,Jackson,551,23,0,32.30251776,-92.55692092,22049.0,3499.7459349593487,4.174228675136116,528,551,23,0,528,546,15902,0,0,0,0,5
2020-09-12,US,Louisiana,Jefferson,16974,559,0,29.74075478,-90.11115756,22051.0,3924.687798415234,3.2932720631554138,16415,16974,559,0,16415,16920,434051,0,0,0,0,54
2020-09-12,US,Louisiana,Jefferson Davis,1191,37,0,30.26896765,-92.81210004,22053.0,3796.8630451415456,3.1066330814441647,1154,1191,37,0,1154,1186,31582,0,0,0,0,5
2020-09-12,US,Louisiana,LaSalle,407,7,0,31.67884782,-92.15907765,22059.0,2733.011012624228,1.71990171990172,400,407,7,0,400,409,14917,0,0,0,0,-2
2020-09-12,US,Louisiana,Lafayette,8612,116,0,30.2049055,-92.06959876,22055.0,3523.87577233111,1.3469577333952625,8496,8612,116,0,8496,8586,242782,0,0,0,0,26
2020-09-12,US,Louisiana,Lafourche,3404,118,0,29.52470226,-90.40976986,22057.0,3487.204704243244,3.466509988249119,3286,3404,118,0,3286,3400,98115,0,0,0,0,4
2020-09-12,US,Louisiana,Lincoln,1008,43,0,32.6003154,-92.66597409999999,22061.0,2156.518762568996,4.265873015873016,965,1008,43,0,965,996,47196,0,0,0,0,12
2020-09-12,US,Louisiana,Livingston,3537,70,0,30.44143993,-90.73061664,22063.0,2512.27013474064,1.9790783149561773,3467,3537,70,0,3467,3517,139567,0,0,0,0,20
2020-09-12,US,Louisiana,Madison,848,8,0,32.36918118,-91.23973355,22065.0,7743.585060725048,0.9433962264150944,840,848,8,0,840,847,11161,0,0,0,0,1
2020-09-12,US,Louisiana,Morehouse,685,19,0,32.81686191,-91.80421614,22067.0,2753.8795529468516,2.7737226277372264,666,685,19,0,666,672,25398,0,0,0,0,13
2020-09-12,US,Louisiana,Natchitoches,1009,24,0,31.72321584,-93.09816516,22069.0,2644.2685675349867,2.3785926660059467,985,1009,24,0,985,1001,38659,0,0,0,0,8
2020-09-12,US,Louisiana,Orleans,12125,584,0,30.06971951,-89.92660315,22071.0,3107.826853674541,4.8164948453608245,11541,12125,584,0,11541,12063,391006,0,0,0,0,62
2020-09-12,US,Louisiana,Ouachita,5782,137,0,32.47645559,-92.15704172,22073.0,3772.206238297484,2.36942234520927,5645,5782,137,0,5645,5755,154475,0,0,0,0,27
2020-09-12,US,Louisiana,Plaquemines,657,19,0,29.42245447,-89.60322085,22075.0,2832.262792602492,2.8919330289193304,638,657,19,0,638,659,23410,0,0,0,0,-2
2020-09-12,US,Louisiana,Pointe Coupee,1006,39,0,30.71409502,-91.60209535,22077.0,4629.544408651634,3.8767395626242553,967,1006,39,0,967,1003,21940,0,0,0,0,3
2020-09-12,US,Louisiana,Rapides,3988,137,0,31.19778499,-92.52997303,22079.0,3076.0212267061584,3.43530591775326,3851,3988,137,0,3851,3961,130562,0,0,0,0,27
2020-09-12,US,Louisiana,Red River,341,20,0,32.09530039,-93.34213308,22081.0,4039.327173655532,5.865102639296187,321,341,20,0,321,338,8477,0,0,0,0,3
2020-09-12,US,Louisiana,Richland,728,10,0,32.41391005,-91.76634876,22083.0,3617.930623198489,1.3736263736263736,718,728,10,0,718,730,20192,0,0,0,0,-2
2020-09-12,US,Louisiana,Sabine,798,14,0,31.56388699,-93.55433981,22085.0,3341.148886283704,1.7543859649122806,784,798,14,0,784,795,24032,0,0,0,0,3
2020-09-12,US,Louisiana,St. Bernard,1317,28,0,29.87761636,-89.51887093,22087.0,2787.6555753111506,2.1260440394836753,1289,1317,28,0,1289,1316,46721,0,0,0,0,1
2020-09-12,US,Louisiana,St. Charles,1720,58,0,29.90709658,-90.35555967,22089.0,3239.171374764595,3.3720930232558137,1662,1720,58,0,1662,1721,52879,0,0,0,0,-1
2020-09-12,US,Louisiana,St. Helena,388,3,0,30.82210324,-90.71013176,22091.0,3829.4512435846814,0.7731958762886598,385,388,3,0,385,386,10262,0,0,0,0,2
2020-09-12,US,Louisiana,St. James,783,38,0,30.02531716,-90.80212061,22093.0,3711.6040955631397,4.853128991060026,745,783,38,0,745,782,21037,0,0,0,0,1
2020-09-12,US,Louisiana,St. John the Baptist,1556,97,0,30.12597499,-90.4753503,22095.0,3632.373882391391,6.233933161953727,1459,1556,97,0,1459,1555,43184,0,0,0,0,1
2020-09-12,US,Louisiana,St. Landry,3220,116,0,30.59724262,-92.00135806,22097.0,3920.9001022843504,3.6024844720496896,3104,3220,116,0,3104,3205,82764,0,0,0,0,15
2020-09-12,US,Louisiana,St. Martin,2037,58,0,30.13112107,-91.61403569,22099.0,3812.3935543036823,2.847324496809033,1979,2037,58,0,1979,2034,53621,0,0,0,0,3
2020-09-12,US,Louisiana,St. Mary,1812,75,0,29.69262097,-91.44702164,22101.0,3671.881332576802,4.139072847682119,1737,1812,75,0,1737,1807,49774,0,0,0,0,5
2020-09-12,US,Louisiana,St. Tammany,6578,246,0,30.40942847,-89.95642711,22103.0,2525.9293676728657,3.7397385223472184,6332,6578,246,0,6332,6521,258111,0,0,0,0,57
2020-09-12,US,Louisiana,Tangipahoa,4255,108,0,30.62888673,-90.40664996,22105.0,3157.5119844461924,2.538190364277321,4147,4255,108,0,4147,4239,133777,0,0,0,0,16
2020-09-12,US,Louisiana,Tensas,155,1,0,32.00760749,-91.32915234,22107.0,3576.372865712968,0.6451612903225806,154,155,1,0,154,155,4462,0,0,0,0,0
2020-09-12,US,Louisiana,Terrebonne,3485,106,0,29.37343766,-90.82626855,22109.0,3154.9596690234557,3.0416068866571018,3379,3485,106,0,3379,3472,111021,0,0,0,0,13
2020-09-12,US,Louisiana,Unassigned,190,170,0,0.0,0.0,90022.0,0.0,89.47368421052632,20,190,170,0,20,191,,0,0,0,0,-1
2020-09-12,US,Louisiana,Union,898,41,0,32.83121059,-92.3749373,22111.0,4061.8780531934135,4.565701559020044,857,898,41,0,857,896,22330,0,0,0,0,2
2020-09-12,US,Louisiana,Vermilion,1967,53,0,29.83517605,-92.30292538,22113.0,3305.2712943825513,2.6944585663446867,1914,1967,53,0,1914,1962,59830,0,0,0,0,5
2020-09-12,US,Louisiana,Vernon,1001,43,0,31.10884837,-93.18153838,22115.0,2110.523097682852,4.295704295704296,958,1001,43,0,958,996,48860,0,0,0,0,5
2020-09-12,US,Louisiana,Washington,1550,61,0,30.85288548,-90.03866652,22117.0,3355.414123046284,3.9354838709677415,1489,1550,61,0,1489,1543,46582,0,0,0,0,7
2020-09-12,US,Louisiana,Webster,1119,20,0,32.70847669,-93.33121835,22119.0,2918.622848200313,1.7873100983020551,1099,1119,20,0,1099,1109,38798,0,0,0,0,10
2020-09-12,US,Louisiana,West Baton Rouge,871,41,0,30.46058217,-91.30989571,22121.0,3291.139240506329,4.707233065442019,830,871,41,0,830,864,26427,0,0,0,0,7
2020-09-12,US,Louisiana,West Carroll,332,9,0,32.78550125,-91.461201,22123.0,3065.558633425669,2.710843373493976,323,332,9,0,323,332,10982,0,0,0,0,0
2020-09-12,US,Louisiana,West Feliciana,628,23,0,30.87882871,-91.41485379999999,22125.0,4033.915724563207,3.662420382165605,605,628,23,0,605,637,15460,0,0,0,0,-9
2020-09-12,US,Louisiana,Winn,586,17,0,31.94449367,-92.63789413,22127.0,4214.614499424626,2.901023890784983,569,586,17,0,569,582,14134,0,0,0,0,4
2020-09-12,US,Maine,Androscoggin,634,10,0,44.1664747,-70.20380627,23001.0,585.5352475595001,1.5772870662460567,624,635,10,0,625,631,107679,-1,0,0,-1,4
2020-09-12,US,Maine,Aroostook,40,1,0,46.65926321,-68.59841248,23003.0,59.65252404742375,2.5,39,40,1,0,39,40,67111,0,0,0,0,0
2020-09-12,US,Maine,Cumberland,2241,70,0,43.8370751,-70.37226999,23005.0,759.6532916614408,3.1236055332440875,2171,2231,70,0,2161,2226,293557,10,0,0,10,5
2020-09-12,US,Maine,Franklin,54,1,0,44.97330019,-70.44381045,23007.0,178.81386800887446,1.851851851851852,53,53,1,0,52,53,29897,1,0,0,1,0
2020-09-12,US,Maine,Hancock,52,1,0,44.59816444,-68.38401854,23009.0,94.56780693618492,1.9230769230769231,51,52,1,0,51,51,54811,0,0,0,0,1
2020-09-12,US,Maine,Kennebec,199,11,0,44.40759555,-69.76738544,23011.0,162.7119752743209,5.527638190954773,188,199,11,0,188,199,122083,0,0,0,0,0
2020-09-12,US,Maine,Knox,33,1,0,44.11486325,-69.10529169,23013.0,82.97294579100875,3.0303030303030303,32,33,1,0,32,33,39771,0,0,0,0,0
2020-09-12,US,Maine,Lincoln,36,1,0,44.05996956,-69.54227124,23015.0,103.94410117225848,2.7777777777777777,35,36,1,0,35,36,34342,0,0,0,0,0
2020-09-12,US,Maine,Oxford,82,0,0,44.49952995,-70.75682123,23017.0,141.4402759810263,0.0,82,80,0,0,80,75,57618,2,0,0,2,5
2020-09-12,US,Maine,Penobscot,250,6,0,45.40194593,-68.65020455,23019.0,164.31369456055947,2.4,244,251,6,0,245,250,151096,-1,0,0,-1,1
2020-09-12,US,Maine,Piscataquis,8,0,0,45.83839062,-69.2860223,23021.0,47.66160262138814,0.0,8,8,0,0,8,8,16800,0,0,0,0,0
2020-09-12,US,Maine,Sagadahoc,62,0,0,43.95415864,-69.85074999,23023.0,172.91387773315483,0.0,62,62,0,0,62,62,35634,0,0,0,0,0
2020-09-12,US,Maine,Somerset,74,4,0,45.51229767,-69.95995554,23025.0,146.5810950003962,5.405405405405406,70,69,3,0,66,69,50592,5,1,0,4,0
2020-09-12,US,Maine,Unassigned,5,0,0,0.0,0.0,90023.0,0.0,0.0,5,1,0,0,1,1,,4,0,0,4,0
2020-09-12,US,Maine,Waldo,73,14,0,44.4858305,-69.12061935,23027.0,183.809643711444,19.17808219178082,59,73,14,0,59,72,39694,0,0,0,0,1
2020-09-12,US,Maine,Washington,15,0,0,45.01607142,-67.62813524,23029.0,47.802670575862855,0.0,15,15,0,0,15,15,31490,0,0,0,0,0
2020-09-12,US,Maine,York,976,15,0,43.47808377,-70.71052375,23031.0,470.0420437196893,1.536885245901639,961,954,15,0,939,939,206229,22,0,0,22,15
2020-09-12,US,Maryland,Allegany,415,22,0,39.62357628,-78.69280486,24001.0,589.3546921154283,5.301204819277109,393,411,22,0,389,409,70975,4,0,0,4,2
2020-09-12,US,Maryland,Anne Arundel,9065,240,0,39.00670238,-76.60329337,24003.0,1564.9979110342279,2.647545504688362,8825,8986,241,0,8745,8945,576031,79,-1,0,80,41
2020-09-12,US,Maryland,Baltimore,16648,610,0,39.45784712,-76.62911955,24005.0,2012.159009874663,3.6641037962518017,16038,16520,609,0,15911,16441,828431,128,1,0,127,79
2020-09-12,US,Maryland,Baltimore City,15183,472,0,39.30211911,-76.61151012,24510.0,2558.257089420209,3.1087400382006187,14711,15162,472,0,14690,15092,621342,21,0,0,21,70
2020-09-12,US,Maryland,Calvert,854,28,0,38.53961642,-76.56820632,24009.0,922.9937854633882,3.278688524590164,826,847,28,0,819,843,92003,7,0,0,7,4
2020-09-12,US,Maryland,Caroline,606,3,0,38.87172293,-75.82904158,24011.0,1814.045381069269,0.4950495049504951,603,584,3,0,581,582,33304,22,0,0,22,2
2020-09-12,US,Maryland,Carroll,1842,123,0,39.56453592,-77.02373735,24013.0,1093.519029724483,6.677524429967427,1719,1820,123,0,1697,1815,168429,22,0,0,22,5
2020-09-12,US,Maryland,Cecil,904,31,0,39.56647682,-75.94627411,24015.0,878.9071994555443,3.4292035398230087,873,886,31,0,855,878,102826,18,0,0,18,8
2020-09-12,US,Maryland,Charles,2554,95,0,38.51092331,-76.98580666,24017.0,1564.4045890834695,3.7196554424432255,2459,2536,95,0,2441,2517,161503,18,0,0,18,19
2020-09-12,US,Maryland,Dorchester,514,9,0,38.45413522,-76.02752426,24019.0,1609.8217921012247,1.7509727626459144,505,509,9,0,500,505,31998,5,0,0,5,4
2020-09-12,US,Maryland,Frederick,3717,128,0,39.47296601,-77.39999394,24021.0,1432.1105618635545,3.4436373419424267,3589,3684,127,0,3557,3664,255648,33,1,0,32,20
2020-09-12,US,Maryland,Garrett,67,1,0,39.52786077,-79.27355126,24023.0,230.9230026883573,1.492537313432836,66,66,1,0,65,65,29163,1,0,0,1,1
2020-09-12,US,Maryland,Harford,2781,75,0,39.55010644,-76.30775940000002,24025.0,1088.7054153405288,2.696871628910464,2706,2750,74,0,2676,2725,253956,31,1,0,30,25
2020-09-12,US,Maryland,Howard,4743,119,0,39.25305293,-76.93126208,24027.0,1456.2927937609384,2.508960573476702,4624,4704,119,0,4585,4683,323196,39,0,0,39,21
2020-09-12,US,Maryland,Kent,288,24,0,39.24976208,-76.04741541,24029.0,1482.8544949026873,8.333333333333334,264,279,24,0,255,277,19383,9,0,0,9,2
2020-09-12,US,Maryland,Montgomery,21089,834,0,39.13676329,-77.20358245,24031.0,2007.1610221112264,3.9546683104936218,20255,20993,833,0,20160,20893,1052567,96,1,0,95,100
2020-09-12,US,Maryland,Prince George's,27589,810,0,38.83070039,-76.8496441,24033.0,3034.0020696625093,2.9359527347856034,26779,27439,807,0,26632,27245,909308,150,3,0,147,194
2020-09-12,US,Maryland,Queen Anne's,606,26,0,39.06198912,-76.03530977,24035.0,1202.8344018578434,4.29042904290429,580,599,26,0,573,595,50251,7,0,0,7,4
2020-09-12,US,Maryland,Somerset,216,4,0,38.1163542,-75.75118623,24039.0,843.2229856339787,1.851851851851852,212,211,4,0,207,210,25675,5,0,0,5,1
2020-09-12,US,Maryland,St. Mary's,1186,57,0,38.30058422,-76.60629279999998,24037.0,1044.841864152938,4.8060708263069145,1129,1170,57,0,1113,1165,112664,16,0,0,16,5
2020-09-12,US,Maryland,Talbot,508,5,0,38.76618159,-76.10882561,24041.0,1366.28923374842,0.9842519685039369,503,501,4,0,497,500,36968,7,1,0,6,1
2020-09-12,US,Maryland,Unassigned,0,11,0,0.0,0.0,90024.0,0.0,0.0,-11,0,10,0,-10,0,,0,1,0,-1,0
2020-09-12,US,Maryland,Washington,1474,35,0,39.60835778,-77.82002295,24043.0,975.8422763474105,2.3744911804613302,1439,1453,35,0,1418,1440,150926,21,0,0,21,13
2020-09-12,US,Maryland,Wicomico,1754,48,0,38.37301947,-75.62705831,24045.0,1692.9031261762975,2.7366020524515395,1706,1697,48,0,1649,1683,103195,57,0,0,57,14
2020-09-12,US,Maryland,Worcester,930,26,0,38.21274277,-75.33200012,24047.0,1779.0190527201776,2.795698924731183,904,917,26,0,891,906,51823,13,0,0,13,11
2020-09-12,US,Massachusetts,Barnstable,1676,169,0,41.72980578,-70.28854339,25001.0,786.89140335227,10.083532219570406,1507,1667,169,0,1498,1667,213413,9,0,0,9,0
2020-09-12,US,Massachusetts,Berkshire,681,46,0,42.37428441,-73.20524838,25003.0,545.0441797925472,6.7547723935389135,635,679,46,0,633,677,126348,2,0,0,2,2
2020-09-12,US,Massachusetts,Bristol,9504,673,0,41.79228404,-71.10872211,25005.0,1681.4780871771372,7.081228956228956,8831,9478,671,0,8807,9448,564022,26,2,0,24,30
2020-09-12,US,Massachusetts,Dukes and Nantucket,122,1,0,41.40674725,-70.68763497,0.0,424.6284501061572,0.819672131147541,121,117,1,0,116,111,26707,5,0,0,5,6
2020-09-12,US,Massachusetts,Essex,18643,1258,0,42.6687626,-70.94687179,25009.0,2362.7625678994823,6.747841012712545,17385,18580,1258,0,17322,18508,790638,63,0,0,63,72
2020-09-12,US,Massachusetts,Franklin,396,66,0,42.58119713,-72.58602547,25011.0,564.2633228840125,16.666666666666668,330,396,66,0,330,396,70963,0,0,0,0,0
2020-09-12,US,Massachusetts,Hampden,7846,767,0,42.13440424,-72.63235561,25013.0,1682.3479968780289,9.775681876115216,7079,7834,767,0,7067,7817,470406,12,0,0,12,17
2020-09-12,US,Massachusetts,Hampshire,1196,141,0,42.33997957,-72.65898478,25015.0,743.6423552819748,11.789297658862875,1055,1194,141,0,1053,1193,161355,2,0,0,2,1
2020-09-12,US,Massachusetts,Middlesex,26138,2102,0,42.48607732,-71.39049229,25017.0,1621.766843560739,8.041931287780244,24036,26021,2096,0,23925,25931,1614714,117,6,0,111,90
2020-09-12,US,Massachusetts,Norfolk,9809,1030,0,42.16073095,-71.20530408,25021.0,1387.8532772098615,10.500560709552452,8779,9780,1029,0,8751,9745,705388,29,1,0,28,35
2020-09-12,US,Massachusetts,Plymouth,9354,749,0,41.94070556,-70.80802823,25023.0,1794.6976412216375,8.007269617276032,8605,9318,748,0,8570,9277,518132,36,1,0,35,41
2020-09-12,US,Massachusetts,Suffolk,23130,1116,0,42.327951399999996,-71.07850442,25025.0,2877.1984819139534,4.824902723735408,22014,23028,1114,0,21914,22920,807252,102,2,0,100,108
2020-09-12,US,Massachusetts,Unassigned,2238,5,0,0.0,0.0,90025.0,0.0,0.22341376228775686,2233,2128,5,0,2123,2140,,110,0,0,110,-12
2020-09-12,US,Massachusetts,Worcester,13807,1073,0,42.35026951,-71.90493363,25027.0,1662.2482910397268,7.7714202940537405,12734,13766,1069,0,12697,13716,830839,41,4,0,37,50
2020-09-12,US,Michigan,Alcona,40,2,0,44.6846864,-83.59507875,26001.0,384.4305622296973,5.0,38,40,2,0,38,39,10362,0,0,0,0,1
2020-09-12,US,Michigan,Alger,17,0,0,46.41292944,-86.60260122,26003.0,186.649099692578,0.0,17,17,0,0,17,17,9097,0,0,0,0,0
2020-09-12,US,Michigan,Allegan,694,7,0,42.59147037,-85.89102866,26005.0,587.7321499648548,1.0086455331412103,687,690,7,0,683,684,117327,4,0,0,4,6
2020-09-12,US,Michigan,Alpena,132,14,0,45.03477666,-83.62212411,26007.0,464.70691779616266,10.606060606060606,118,132,14,0,118,132,28360,0,0,0,0,0
2020-09-12,US,Michigan,Antrim,64,0,0,44.99690221,-85.15503082,26009.0,274.39547247470415,0.0,64,63,0,0,63,62,23365,1,0,0,1,1
2020-09-12,US,Michigan,Arenac,66,3,0,44.0636262,-83.89277559,26011.0,443.4589800443459,4.545454545454546,63,66,3,0,63,66,15041,0,0,0,0,0
2020-09-12,US,Michigan,Baraga,10,0,0,46.6720582,-88.36363591,26013.0,121.81751735899624,0.0,10,10,0,0,10,9,8320,0,0,0,0,1
2020-09-12,US,Michigan,Barry,257,2,0,42.59513984,-85.30834519,26015.0,417.5467099918765,0.7782101167315175,255,255,2,0,253,248,61157,2,0,0,2,7
2020-09-12,US,Michigan,Bay,903,46,0,43.70639106,-83.98731479,26017.0,875.6278726994162,5.094130675526023,857,897,45,0,852,894,103923,6,1,0,5,3
2020-09-12,US,Michigan,Benzie,63,2,0,44.63899297,-86.01608482,26019.0,354.6099290780142,3.1746031746031744,61,62,2,0,60,60,17753,1,0,0,1,2
2020-09-12,US,Michigan,Berrien,1729,72,0,41.95447397,-86.41313079999998,26021.0,1127.1112965365285,4.164256795835743,1657,1722,72,0,1650,1701,154141,7,0,0,7,21
2020-09-12,US,Michigan,Branch,545,4,0,41.91600556,-85.05929476,26023.0,1252.3841257439622,0.7339449541284404,541,532,4,0,528,526,43622,13,0,0,13,6
2020-09-12,US,Michigan,Calhoun,1130,44,0,42.24633834,-85.00493569,26025.0,842.2841553678844,3.893805309734513,1086,1120,44,0,1076,1113,134487,10,0,0,10,7
2020-09-12,US,Michigan,Cass,466,16,0,41.91522292,-85.99405727,26027.0,899.839728117095,3.433476394849785,450,454,16,0,438,444,51653,12,0,0,12,10
2020-09-12,US,Michigan,Charlevoix,89,3,0,45.37790017,-85.19614053,26029.0,340.43529816776964,3.3707865168539324,86,83,3,0,80,81,26244,6,0,0,6,2
2020-09-12,US,Michigan,Cheboygan,86,2,0,45.44787015,-84.50122149,26031.0,340.24370944769737,2.3255813953488373,84,85,2,0,83,83,25413,1,0,0,1,2
2020-09-12,US,Michigan,Chippewa,66,0,0,46.29552653,-84.54353449,26033.0,176.71155854239743,0.0,66,67,0,0,67,65,37517,-1,0,0,-1,2
2020-09-12,US,Michigan,Clare,107,4,0,43.98794227,-84.84819859999998,26035.0,345.718901453958,3.7383177570093458,103,107,4,0,103,106,30757,0,0,0,0,1
2020-09-12,US,Michigan,Clinton,591,13,0,42.94400871,-84.60145248,26037.0,742.5089515673096,2.1996615905245345,578,587,13,0,574,576,79332,4,0,0,4,11
2020-09-12,US,Michigan,Crawford,116,5,0,44.68255561,-84.61006219,26039.0,826.8586499394113,4.310344827586206,111,116,5,0,111,116,13901,0,0,0,0,0
2020-09-12,US,Michigan,Delta,211,4,0,45.90484910000001,-86.9080745,26041.0,589.6490051419629,1.895734597156398,207,204,4,0,200,197,35857,7,0,0,7,7
2020-09-12,US,Michigan,Dickinson,73,2,0,46.00999672,-87.86961634,26043.0,289.2349142200563,2.7397260273972597,71,73,2,0,71,70,25383,0,0,0,0,3
2020-09-12,US,Michigan,Eaton,569,10,0,42.59599185,-84.83740035,26045.0,516.0155258098451,1.7574692442882252,559,564,9,0,555,557,109826,5,1,0,4,7
2020-09-12,US,Michigan,Emmet,135,4,0,45.52625509,-84.89083249,26047.0,404.0101750710759,2.962962962962963,131,135,4,0,131,133,33308,0,0,0,0,2
2020-09-12,US,Michigan,Federal Correctional Institution (FCI),196,5,0,0.0,0.0,0.0,0.0,2.5510204081632653,191,196,5,0,191,196,,0,0,0,0,0
2020-09-12,US,Michigan,Genesee,4104,306,0,43.02244215,-83.70589709,26049.0,1011.3032357268004,7.456140350877192,3798,4096,305,0,3791,4073,406892,8,1,0,7,23
2020-09-12,US,Michigan,Gladwin,84,2,0,43.98901072,-84.38774817,26051.0,330.0719085229282,2.380952380952381,82,84,2,0,82,83,25337,0,0,0,0,1
2020-09-12,US,Michigan,Gogebic,149,1,0,46.40862701,-89.69377193,26053.0,1066.1896243291592,0.6711409395973155,148,149,1,0,148,148,15096,0,0,0,0,1
2020-09-12,US,Michigan,Grand Traverse,432,7,0,44.69565625,-85.55585247,26055.0,464.07700240632516,1.6203703703703705,425,429,7,0,422,413,92573,3,0,0,3,16
2020-09-12,US,Michigan,Gratiot,216,15,0,43.29265605,-84.60505416,26057.0,530.5691336493824,6.9444444444444455,201,211,15,0,196,211,40599,5,0,0,5,0
2020-09-12,US,Michigan,Hillsdale,313,27,0,41.88753639,-84.59312019,26059.0,686.328253480978,8.626198083067093,286,310,27,0,283,309,45749,3,0,0,3,1
2020-09-12,US,Michigan,Houghton,210,1,0,46.89988536,-88.68495385,26061.0,588.4990471920188,0.4761904761904762,209,197,1,0,196,183,36219,13,0,0,13,14
2020-09-12,US,Michigan,Huron,205,5,0,43.83353985,-83.04078453,26063.0,661.6958781188471,2.4390243902439024,200,207,5,0,202,207,31166,-2,0,0,-2,0
2020-09-12,US,Michigan,Ingham,2525,42,0,42.59716886,-84.37472069,26065.0,863.5253722563832,1.6633663366336633,2483,2424,42,0,2382,2296,292735,101,0,0,101,128
2020-09-12,US,Michigan,Ionia,338,7,0,42.94502238,-85.07413319,26067.0,522.4353524892963,2.0710059171597632,331,338,7,0,331,334,64210,0,0,0,0,4
2020-09-12,US,Michigan,Iosco,167,12,0,44.35486835,-83.63484895,26069.0,664.6237115453497,7.185628742514971,155,160,12,0,148,159,25081,7,0,0,7,1
2020-09-12,US,Michigan,Iron,48,1,0,46.20974132,-88.53136251,26071.0,433.7610699439725,2.083333333333333,47,44,1,0,43,43,11117,4,0,0,4,1
2020-09-12,US,Michigan,Isabella,606,10,0,43.64060976,-84.84664923,26073.0,867.3002060911383,1.6501650165016502,596,602,10,0,592,591,70562,4,0,0,4,11
2020-09-12,US,Michigan,Jackson,930,42,0,42.24807035,-84.42258681,26075.0,586.7137720017663,4.516129032258065,888,918,41,0,877,909,158823,12,1,0,11,9
2020-09-12,US,Michigan,Kalamazoo,2276,91,0,42.24542231,-85.53038622,26077.0,858.6540710615469,3.998242530755712,2185,2239,91,0,2148,2190,264870,37,0,0,37,49
2020-09-12,US,Michigan,Kalkaska,75,4,0,44.68512729,-85.09085699,26079.0,415.788890120856,5.333333333333333,71,74,4,0,70,73,17824,1,0,0,1,1
2020-09-12,US,Michigan,Kent,9009,172,0,43.03197711,-85.54934642,26081.0,1371.326803205699,1.9092019092019088,8837,8963,171,0,8792,8894,653786,46,1,0,45,69
2020-09-12,US,Michigan,Keweenaw,7,0,0,47.63197653,-88.41434263,26083.0,330.812854442344,0.0,7,6,0,0,6,6,2113,1,0,0,1,0
2020-09-12,US,Michigan,Lake,32,0,0,43.99050893,-85.802173,26085.0,269.97384628364125,0.0,32,32,0,0,32,31,11881,0,0,0,0,1
2020-09-12,US,Michigan,Lapeer,565,37,0,43.09052506,-83.22153148,26087.0,644.9256337963861,6.548672566371683,528,564,37,0,527,564,88028,1,0,0,1,0
2020-09-12,US,Michigan,Leelanau,103,1,0,44.94430054,-85.80150326,26089.0,473.3238362207618,0.9708737864077671,102,99,1,0,98,99,21764,4,0,0,4,0
2020-09-12,US,Michigan,Lenawee,730,14,0,41.89475156,-84.06603727,26091.0,741.4856121319235,1.9178082191780816,716,723,14,0,709,711,98266,7,0,0,7,12
2020-09-12,US,Michigan,Livingston,1242,29,0,42.60302282,-83.91297209,26093.0,646.8918461418266,2.334943639291465,1213,1239,29,0,1210,1219,191224,3,0,0,3,20
2020-09-12,US,Michigan,Luce,10,0,0,46.47227431,-85.54471223,26095.0,160.53941242575053,0.0,10,10,0,0,10,10,6283,0,0,0,0,0
2020-09-12,US,Michigan,Mackinac,51,0,0,46.07028979,-85.04980537,26097.0,472.26595055097687,0.0,51,50,0,0,50,47,10787,1,0,0,1,3
2020-09-12,US,Michigan,Macomb,13673,1002,0,42.69158356,-82.92752801,26099.0,1564.4665961838593,7.328311270386894,12671,13599,1001,0,12598,13511,874759,74,1,0,73,88
2020-09-12,US,Michigan,Manistee,69,2,0,44.33352407,-86.05626916,26101.0,280.9675054971903,2.898550724637681,67,67,2,0,65,66,24528,2,0,0,2,1
2020-09-12,US,Michigan,Marquette,284,11,0,46.4338914,-87.64043701,26103.0,425.7934901572737,3.8732394366197194,273,281,11,0,270,277,66516,3,0,0,3,4
2020-09-12,US,Michigan,Mason,129,0,0,43.99509218,-86.24988902,26105.0,442.6297007960472,0.0,129,129,0,0,129,128,29100,0,0,0,0,1
2020-09-12,US,Michigan,Mecosta,163,2,0,43.64064262,-85.32463223,26107.0,375.1179435251882,1.2269938650306749,161,153,2,0,151,120,43545,10,0,0,10,33
2020-09-12,US,Michigan,Menominee,267,0,0,45.58038692,-87.55370409,26109.0,1172.0807726075504,0.0,267,265,0,0,265,264,22983,2,0,0,2,1
2020-09-12,US,Michigan,Michigan Department of Corrections (MDOC),5504,70,0,0.0,0.0,0.0,0.0,1.2718023255813953,5434,5504,70,0,5434,5472,,0,0,0,0,32
2020-09-12,US,Michigan,Midland,508,11,0,43.64330771,-84.38804374,26111.0,610.8999951897637,2.1653543307086616,497,501,11,0,490,498,83209,7,0,0,7,3
2020-09-12,US,Michigan,Missaukee,54,1,0,44.33772443,-85.09256478,26113.0,357.19010451117873,1.851851851851852,53,54,1,0,53,53,15113,0,0,0,0,1
2020-09-12,US,Michigan,Monroe,1427,29,0,41.92734151,-83.53749864,26115.0,948.172757475083,2.0322354590049048,1398,1423,29,0,1394,1418,150439,4,0,0,4,5
2020-09-12,US,Michigan,Montcalm,257,4,0,43.31082541,-85.15252824,26117.0,402.26646631605314,1.5564202334630348,253,258,4,0,254,253,63968,-1,0,0,-1,5
2020-09-12,US,Michigan,Montmorency,13,0,0,45.0275929,-84.12696227,26119.0,139.36535162950258,0.0,13,13,0,0,13,13,9265,0,0,0,0,0
2020-09-12,US,Michigan,Muskegon,1436,69,0,43.29123859,-86.15176712,26121.0,827.3509788783517,4.805013927576601,1367,1406,68,0,1338,1397,173588,30,1,0,29,9
2020-09-12,US,Michigan,Newaygo,309,1,0,43.554373999999996,-85.80070107,26123.0,630.8697427521438,0.32362459546925565,308,309,1,0,308,307,48892,0,0,0,0,2
2020-09-12,US,Michigan,Oakland,19348,1184,0,42.66090111,-83.38595416,26125.0,1538.505578951386,6.119495555096134,18164,19272,1183,0,18089,18972,1259201,76,1,0,75,300
2020-09-12,US,Michigan,Oceana,501,6,0,43.64124435,-86.26726673,26127.0,1892.9232629311973,1.1976047904191616,495,501,6,0,495,501,26625,0,0,0,0,0
2020-09-12,US,Michigan,Ogemaw,60,5,0,44.33481032,-84.12725175,26129.0,285.7551078725532,8.333333333333334,55,60,5,0,55,60,20952,0,0,0,0,0
2020-09-12,US,Michigan,Ontonagon,37,0,0,46.665226200000006,-89.31390481,26131.0,646.8531468531469,0.0,37,37,0,0,37,36,5795,0,0,0,0,1
2020-09-12,US,Michigan,Osceola,86,0,0,43.98992088,-85.32566756,26133.0,366.5814151747657,0.0,86,85,0,0,85,81,23341,1,0,0,1,4
2020-09-12,US,Michigan,Oscoda,29,1,0,44.68192279,-84.12939244,26135.0,351.8990413784735,3.4482758620689653,28,29,1,0,28,30,8276,0,0,0,0,-1
2020-09-12,US,Michigan,Otsego,157,11,0,45.02085831,-84.59898295,26137.0,636.4520836711529,7.0063694267515935,146,157,11,0,146,157,24665,0,0,0,0,0
2020-09-12,US,Michigan,Ottawa,2877,65,0,42.95996803,-85.9969107,26139.0,985.8479251619092,2.259297879735836,2812,2830,64,0,2766,2727,290494,47,1,0,46,103
2020-09-12,US,Michigan,Out of MI,227,2,0,0.0,0.0,80026.0,0.0,0.8810572687224669,225,208,3,0,205,185,,19,-1,0,20,23
2020-09-12,US,Michigan,Presque Isle,23,1,0,45.34018577,-83.91498656,26141.0,182.6556543837357,4.3478260869565215,22,23,1,0,22,23,12738,0,0,0,0,0
2020-09-12,US,Michigan,Roscommon,83,4,0,44.33473082,-84.61067651,26143.0,345.5597651858945,4.819277108433735,79,83,4,0,79,82,23884,0,0,0,0,1
2020-09-12,US,Michigan,Saginaw,2757,134,0,43.33433923,-84.05131209999998,26145.0,1446.947868940217,4.860355458832064,2623,2743,133,0,2610,2721,190800,14,1,0,13,22
2020-09-12,US,Michigan,Sanilac,132,7,0,43.42406072,-82.82055898,26151.0,320.62181199902835,5.303030303030303,125,131,7,0,124,131,41182,1,0,0,1,0
2020-09-12,US,Michigan,Schoolcraft,17,0,0,46.19235734,-86.19972234,26153.0,210.0321225599209,0.0,17,17,0,0,17,17,8068,0,0,0,0,0
2020-09-12,US,Michigan,Shiawassee,472,30,0,42.95392800000001,-84.14585902,26155.0,692.8745486039752,6.3559322033898304,442,472,30,0,442,473,68192,0,0,0,0,-1
2020-09-12,US,Michigan,St. Clair,954,53,0,42.92655373,-82.67937954,26147.0,599.5173696646725,5.5555555555555545,901,953,53,0,900,953,159337,1,0,0,1,0
2020-09-12,US,Michigan,St. Joseph,708,11,0,41.91441767,-85.52797979,26149.0,1161.341119349124,1.5536723163841808,697,703,11,0,692,703,61043,5,0,0,5,0
2020-09-12,US,Michigan,Tuscola,471,29,0,43.46606813,-83.41897025,26157.0,901.5216767154753,6.157112526539279,442,469,29,0,440,473,52516,2,0,0,2,-4
2020-09-12,US,Michigan,Unassigned,16,0,0,0.0,0.0,90026.0,0.0,0.0,16,21,0,0,21,16,,-5,0,0,-5,5
2020-09-12,US,Michigan,Van Buren,700,17,0,42.25190229,-86.01939087,26159.0,924.9838127832763,2.4285714285714284,683,696,16,0,680,688,75448,4,1,0,3,8
2020-09-12,US,Michigan,Washtenaw,3162,114,0,42.253105,-83.83853204,26161.0,860.1717623183832,3.6053130929791273,3048,3127,114,0,3013,3096,370963,35,0,0,35,31
2020-09-12,US,Michigan,Wayne,33251,2941,0,42.28098405,-83.281255,26163.0,1900.7707465031162,8.844846771525669,30310,33113,2940,0,30173,32852,1753893,138,1,0,137,261
2020-09-12,US,Michigan,Wexford,115,4,0,44.33853602,-85.57712739,26165.0,341.9464184829473,3.4782608695652173,111,114,4,0,110,114,33466,1,0,0,1,0
2020-09-12,US,Minnesota,Aitkin,65,1,0,46.60962049,-93.41168259999999,27001.0,409.165302782324,1.5384615384615383,64,63,1,0,62,63,15902,2,0,0,2,0
2020-09-12,US,Minnesota,Anoka,5289,128,0,45.27476015,-93.24604565,27003.0,1481.8405193306082,2.4201172244280578,5161,5213,126,0,5087,5167,353813,76,2,0,74,46
2020-09-12,US,Minnesota,Becker,223,2,0,46.93479392,-95.67158144,27005.0,647.8226766987189,0.8968609865470852,221,217,2,0,215,214,34371,6,0,0,6,3
2020-09-12,US,Minnesota,Beltrami,348,3,0,47.97373527,-94.93732139,27007.0,737.4756293973044,0.8620689655172413,345,344,3,0,341,339,46847,4,0,0,4,5
2020-09-12,US,Minnesota,Benton,452,3,0,45.69804958,-93.99514135,27009.0,1105.4317787179923,0.6637168141592921,449,445,3,0,442,437,40545,7,0,0,7,8
2020-09-12,US,Minnesota,Big Stone,47,0,0,45.42712824,-96.41403739,27011.0,941.6950510919656,0.0,47,45,0,0,45,43,4989,2,0,0,2,2
2020-09-12,US,Minnesota,Blue Earth,1481,6,0,44.03554215,-94.06699781,27013.0,2189.112086677605,0.4051316677920324,1475,1468,6,0,1462,1468,67427,13,0,0,13,0
2020-09-12,US,Minnesota,Brown,143,2,0,44.24205652,-94.72562874,27015.0,571.8170185540628,1.3986013986013983,141,141,2,0,139,139,25111,2,0,0,2,2
2020-09-12,US,Minnesota,Carlton,211,1,0,46.59180601,-92.67601019,27017.0,588.2188954866048,0.4739336492890995,210,209,1,0,208,209,35837,2,0,0,2,0
2020-09-12,US,Minnesota,Carver,1245,7,0,44.82017001,-93.80099179999999,27019.0,1184.7101028651905,0.5622489959839357,1238,1222,7,0,1215,1221,103551,23,0,0,23,1
2020-09-12,US,Minnesota,Cass,113,3,0,46.95043611,-94.32603968,27021.0,379.46203700594384,2.6548672566371683,110,112,3,0,109,110,29519,1,0,0,1,2
2020-09-12,US,Minnesota,Chippewa,168,1,0,45.02343421,-95.56403693,27023.0,1423.728813559322,0.5952380952380952,167,165,1,0,164,165,11924,3,0,0,3,0
2020-09-12,US,Minnesota,Chisago,389,1,0,45.5021011,-92.90861945,27025.0,687.5342441541915,0.2570694087403599,388,381,1,0,380,376,55922,8,0,0,8,5
2020-09-12,US,Minnesota,Clay,1111,40,0,46.89289518,-96.48761922,27027.0,1729.9367817881725,3.6003600360036003,1071,1059,40,0,1019,1045,63955,52,0,0,52,14
2020-09-12,US,Minnesota,Clearwater,23,0,0,47.57992111,-95.37790562,27029.0,260.8301202086641,0.0,23,23,0,0,23,21,8810,0,0,0,0,2
2020-09-12,US,Minnesota,Cook,6,0,0,47.90504893,-90.52629546,27031.0,109.82976386600771,0.0,6,6,0,0,6,6,5393,0,0,0,0,0
2020-09-12,US,Minnesota,Cottonwood,208,0,0,44.00715262,-95.18138802,27033.0,1857.8063594140765,0.0,208,208,0,0,208,208,11277,0,0,0,0,0
2020-09-12,US,Minnesota,Crow Wing,365,18,0,46.48096553,-94.06755609,27035.0,561.063715317808,4.931506849315068,347,361,18,0,343,362,64889,4,0,0,4,-1
2020-09-12,US,Minnesota,Dakota,6716,120,0,44.67172617,-93.06299363,27037.0,1565.4245363280584,1.786777843954735,6596,6655,120,0,6535,6629,425423,61,0,0,61,26
2020-09-12,US,Minnesota,Dodge,177,0,0,44.02238415,-92.86244324,27039.0,845.5144740613356,0.0,177,175,0,0,175,170,20822,2,0,0,2,5
2020-09-12,US,Minnesota,Douglas,197,1,0,45.93348491,-95.45335469,27041.0,516.5045489106211,0.5076142131979695,196,194,1,0,193,193,37964,3,0,0,3,1
2020-09-12,US,Minnesota,Faribault,126,0,0,43.67381499,-93.94787458,27043.0,922.8740936058008,0.0,126,123,0,0,123,120,13758,3,0,0,3,3
2020-09-12,US,Minnesota,Fillmore,91,0,0,43.67394126,-92.08980382,27045.0,431.9551905824275,0.0,91,89,0,0,89,89,21058,2,0,0,2,0
2020-09-12,US,Minnesota,Freeborn,442,1,0,43.67385583,-93.34884422,27047.0,1459.6611736732605,0.2262443438914027,441,440,1,0,439,441,30444,2,0,0,2,-1
2020-09-12,US,Minnesota,Goodhue,288,9,0,44.40849741,-92.72341949999999,27049.0,621.4933103150627,3.125,279,286,9,0,277,284,46403,2,0,0,2,2
2020-09-12,US,Minnesota,Grant,57,4,0,45.93424769,-96.01139609,27051.0,954.4541192230407,7.0175438596491215,53,56,4,0,52,56,6021,1,0,0,1,0
2020-09-12,US,Minnesota,Hennepin,24611,903,0,45.00761521,-93.47694895,27053.0,1944.23795051993,3.669091056844501,23708,24398,901,0,23497,24389,1259428,213,2,0,211,9
2020-09-12,US,Minnesota,Houston,93,0,0,43.67129565,-91.49143057,27055.0,500.0,0.0,93,92,0,0,92,91,18578,1,0,0,1,1
2020-09-12,US,Minnesota,Hubbard,52,0,0,47.10778564,-94.91693868,27057.0,241.9617514308315,0.0,52,52,0,0,52,52,21332,0,0,0,0,0
2020-09-12,US,Minnesota,Isanti,204,0,0,45.56181234,-93.29487636,27059.0,502.51256281407035,0.0,204,203,0,0,203,207,39966,1,0,0,1,-4
2020-09-12,US,Minnesota,Itasca,234,13,0,47.51009045,-93.63092229,27061.0,518.5021050299135,5.5555555555555545,221,228,13,0,215,225,45108,6,0,0,6,3
2020-09-12,US,Minnesota,Jackson,103,1,0,43.67423373,-95.15398258,27063.0,1046.1100954702417,0.9708737864077671,102,100,1,0,99,100,9911,3,0,0,3,0
2020-09-12,US,Minnesota,Kanabec,81,7,0,45.9459309,-93.29275192,27065.0,495.8070637203894,8.641975308641975,74,77,7,0,70,76,16207,4,0,0,4,1
2020-09-12,US,Minnesota,Kandiyohi,879,2,0,45.1526059,-95.00586446,27067.0,2034.7693233639664,0.22753128555176336,877,869,2,0,867,868,42855,10,0,0,10,1
2020-09-12,US,Minnesota,Kittson,12,0,0,48.77754106,-96.78317184,27069.0,279.1996277338297,0.0,12,12,0,0,12,12,4248,0,0,0,0,0
2020-09-12,US,Minnesota,Koochiching,96,3,0,48.24539665,-93.78352843,27071.0,785.0192166162401,3.125,93,96,3,0,93,95,12440,0,0,0,0,1
2020-09-12,US,Minnesota,Lac qui Parle,27,0,0,44.9973857,-96.17488219,27073.0,407.6702400724746,0.0,27,26,0,0,26,26,6658,1,0,0,1,0
2020-09-12,US,Minnesota,Lake,47,0,0,47.64270764,-91.44557998,27075.0,441.68781129593077,0.0,47,44,0,0,44,44,10658,3,0,0,3,0
2020-09-12,US,Minnesota,Lake of the Woods,18,1,0,48.77217001,-94.90274472,27077.0,481.28342245989313,5.5555555555555545,17,16,1,0,15,16,3758,2,0,0,2,0
2020-09-12,US,Minnesota,Le Sueur,428,3,0,44.37136597,-93.72844721,27079.0,1481.6353376951567,0.7009345794392523,425,422,3,0,419,417,28494,6,0,0,6,5
2020-09-12,US,Minnesota,Lincoln,79,0,0,44.41311883,-96.26688165,27081.0,1400.9576165986878,0.0,79,78,0,0,78,76,5673,1,0,0,1,2
2020-09-12,US,Minnesota,Lyon,596,4,0,44.41327865,-95.83806103,27083.0,2339.640417680773,0.6711409395973155,592,591,3,0,588,589,25629,5,1,0,4,2
2020-09-12,US,Minnesota,Mahnomen,41,1,0,47.32557075,-95.80921485,27087.0,741.8129184005791,2.4390243902439024,40,39,1,0,38,39,5519,2,0,0,2,0
2020-09-12,US,Minnesota,Marshall,46,1,0,48.35825983,-96.37017407,27089.0,492.71636675235646,2.1739130434782608,45,46,1,0,45,46,9390,0,0,0,0,0
2020-09-12,US,Minnesota,Martin,259,9,0,43.67429718,-94.55099908,27091.0,1315.8563227150332,3.474903474903475,250,254,9,0,245,253,19785,5,0,0,5,1
2020-09-12,US,Minnesota,McLeod,411,1,0,44.82367677,-94.27287017,27085.0,1145.070069372858,0.24330900243309006,410,404,1,0,403,401,35873,7,0,0,7,3
2020-09-12,US,Minnesota,Meeker,140,2,0,45.12328869,-94.52839455,27093.0,602.8765825510293,1.4285714285714286,138,135,2,0,133,134,23141,5,0,0,5,1
2020-09-12,US,Minnesota,Mille Lacs,128,3,0,45.93705297,-93.63236823,27095.0,487.11801194961373,2.34375,125,125,3,0,122,122,26139,3,0,0,3,3
2020-09-12,US,Minnesota,Morrison,166,1,0,46.01265363,-94.27341528,27097.0,497.21440124603134,0.6024096385542169,165,160,1,0,159,152,33169,6,0,0,6,8
2020-09-12,US,Minnesota,Mower,1228,4,0,43.67142874,-92.75234549,27099.0,3065.248864260396,0.3257328990228013,1224,1222,3,0,1219,1219,40011,6,1,0,5,3
2020-09-12,US,Minnesota,Murray,147,2,0,44.02216709,-95.76328482,27101.0,1793.9956065413714,1.3605442176870748,145,146,2,0,144,149,8276,1,0,0,1,-3
2020-09-12,US,Minnesota,Nicollet,474,16,0,44.35291112,-94.24710352,27103.0,1382.9725156095,3.3755274261603376,458,471,16,0,455,469,34220,3,0,0,3,2
2020-09-12,US,Minnesota,Nobles,1906,15,0,43.67434621,-95.75329576,27105.0,8812.242822136946,0.7869884575026233,1891,1903,15,0,1888,1899,21924,3,0,0,3,4
2020-09-12,US,Minnesota,Norman,48,0,0,47.32628443,-96.45620947,27107.0,752.9411764705882,0.0,48,48,0,0,48,48,6475,0,0,0,0,0
2020-09-12,US,Minnesota,Olmsted,2160,26,0,44.00374114,-92.40209944,27109.0,1364.5581295445786,1.2037037037037035,2134,2154,26,0,2128,2147,156277,6,0,0,6,7
2020-09-12,US,Minnesota,Otter Tail,333,4,0,46.40846929,-95.70835255,27111.0,566.8471044837095,1.2012012012012012,329,325,4,0,321,322,58812,8,0,0,8,3
2020-09-12,US,Minnesota,Pennington,102,1,0,48.06642577,-96.0370814,27113.0,722.430767051491,0.9803921568627452,101,102,1,0,101,102,14178,0,0,0,0,0
2020-09-12,US,Minnesota,Pine,176,0,0,46.12105238,-92.74070188,27115.0,595.0167348456675,0.0,176,173,0,0,173,173,29483,3,0,0,3,0
2020-09-12,US,Minnesota,Pipestone,201,9,0,44.02301619,-96.25841142,27117.0,2202.4983563445103,4.477611940298506,192,201,9,0,192,198,9047,0,0,0,0,3
2020-09-12,US,Minnesota,Polk,237,4,0,47.77372465,-96.40134647,27119.0,755.6434128299962,1.6877637130801688,233,227,4,0,223,227,31529,10,0,0,10,0
2020-09-12,US,Minnesota,Pope,74,0,0,45.58606667,-95.44451209,27121.0,657.8362521112988,0.0,74,74,0,0,74,72,11097,0,0,0,0,2
2020-09-12,US,Minnesota,Ramsey,9987,310,0,45.01625271,-93.09872295,27123.0,1814.759022461436,3.104035245819565,9677,9899,308,0,9591,9805,550210,88,2,0,86,94
2020-09-12,US,Minnesota,Red Lake,36,0,0,47.87197525,-96.09561104,27125.0,887.7928483353884,0.0,36,35,0,0,35,35,3999,1,0,0,1,0
2020-09-12,US,Minnesota,Redwood,83,0,0,44.40555844,-95.25207021,27127.0,547.1324983520105,0.0,83,82,0,0,82,78,15249,1,0,0,1,4
2020-09-12,US,Minnesota,Renville,106,6,0,44.72836381,-94.94553734,27129.0,728.6224910640638,5.660377358490566,100,103,6,0,97,99,14612,3,0,0,3,4
2020-09-12,US,Minnesota,Rice,1255,8,0,44.3543376,-93.29658715,27131.0,1873.9174580421668,0.6374501992031872,1247,1247,8,0,1239,1241,66523,8,0,0,8,6
2020-09-12,US,Minnesota,Rock,129,0,0,43.67482683,-96.25296832,27133.0,1384.8631239935587,0.0,129,121,0,0,121,119,9414,8,0,0,8,2
2020-09-12,US,Minnesota,Roseau,102,0,0,48.77501878,-95.81079919,27135.0,672.6013847675569,0.0,102,95,0,0,95,92,15150,7,0,0,7,3
2020-09-12,US,Minnesota,Scott,2246,32,0,44.6490231,-93.53340251,27139.0,1507.2510452108206,1.4247551202137132,2214,2238,32,0,2206,2217,147381,8,0,0,8,21
2020-09-12,US,Minnesota,Sherburne,1007,13,0,45.44447208,-93.77617511,27141.0,1035.6033649396327,1.2909632571996028,994,995,13,0,982,985,96036,12,0,0,12,10
2020-09-12,US,Minnesota,Sibley,155,3,0,44.5796592,-94.23164924,27143.0,1042.7177934746048,1.935483870967742,152,153,3,0,150,150,15028,2,0,0,2,3
2020-09-12,US,Minnesota,St. Louis,1118,26,0,47.604840700000004,-92.46879855,27137.0,561.611493444517,2.3255813953488373,1092,1090,25,0,1065,1073,199754,28,1,0,27,17
2020-09-12,US,Minnesota,Stearns,3530,23,0,45.55192576,-94.61078221,27145.0,2191.525686791867,0.6515580736543909,3507,3505,23,0,3482,3476,159256,25,0,0,25,29
2020-09-12,US,Minnesota,Steele,496,2,0,44.02240351,-93.22627088,27147.0,1353.3793555076536,0.4032258064516129,494,494,2,0,492,488,36803,2,0,0,2,6
2020-09-12,US,Minnesota,Stevens,85,1,0,45.58613007,-96.00163705,27149.0,866.9046404895462,1.1764705882352942,84,82,1,0,81,78,9753,3,0,0,3,4
2020-09-12,US,Minnesota,Swift,89,1,0,45.2829032,-95.68264092,27151.0,960.5007554500323,1.1235955056179776,88,78,1,0,77,74,9345,11,0,0,11,4
2020-09-12,US,Minnesota,Todd,463,2,0,46.06996226,-94.89785296,27153.0,1877.2299708076548,0.4319654427645788,461,463,2,0,461,461,24582,0,0,0,0,2
2020-09-12,US,Minnesota,Traverse,28,0,0,45.77298854,-96.47062949,27155.0,859.159251304081,0.0,28,28,0,0,28,27,3308,0,0,0,0,1
2020-09-12,US,Minnesota,Unassigned,159,52,0,0.0,0.0,90027.0,0.0,32.704402515723274,107,196,52,0,144,192,,-37,0,0,-37,4
2020-09-12,US,Minnesota,Wabasha,145,0,0,44.28424356,-92.23121312,27157.0,670.4582235169001,0.0,145,143,0,0,143,140,21645,2,0,0,2,3
2020-09-12,US,Minnesota,Wadena,58,0,0,46.58589171,-94.96968506,27159.0,423.9146323636895,0.0,58,57,0,0,57,57,13773,1,0,0,1,0
2020-09-12,US,Minnesota,Waseca,391,6,0,44.02211116,-93.58720034,27161.0,2100.795185901569,1.5345268542199488,385,362,6,0,356,353,18691,29,0,0,29,9
2020-09-12,US,Minnesota,Washington,3361,55,0,45.03864533,-92.88429635,27163.0,1280.6736777930196,1.6364177328176135,3306,3335,55,0,3280,3316,259201,26,0,0,26,19
2020-09-12,US,Minnesota,Watonwan,471,4,0,43.97823903,-94.61413846,27165.0,4322.29053868037,0.8492569002123143,467,462,4,0,458,455,10980,9,0,0,9,7
2020-09-12,US,Minnesota,Wilkin,55,3,0,46.35721532,-96.4684375,27167.0,886.0963428387305,5.454545454545454,52,55,3,0,52,53,6254,0,0,0,0,2
2020-09-12,US,Minnesota,Winona,663,17,0,43.98772283,-91.78081305,27169.0,1313.287378179225,2.5641025641025643,646,647,17,0,630,638,50825,16,0,0,16,9
2020-09-12,US,Minnesota,Wright,1428,6,0,45.17297924,-93.96234781,27171.0,1031.9634043229728,0.4201680672268908,1422,1416,6,0,1410,1397,136349,12,0,0,12,19
2020-09-12,US,Minnesota,Yellow Medicine,124,1,0,44.71710183,-95.86842453,27173.0,1277.1655165310538,0.8064516129032258,123,122,1,0,121,120,9795,2,0,0,2,2
2020-09-12,US,Mississippi,Adams,859,32,0,31.47669768,-91.35326037,28001.0,2798.683738963281,3.725261932479627,827,853,32,0,821,832,31192,6,0,0,6,21
2020-09-12,US,Mississippi,Alcorn,725,9,0,34.88084463,-88.57996173,28003.0,1961.951668335453,1.2413793103448276,716,708,9,0,699,696,36925,17,0,0,17,12
2020-09-12,US,Mississippi,Amite,291,10,0,31.17467303,-90.80501621,28005.0,2366.430836789461,3.436426116838488,281,289,10,0,279,286,12326,2,0,0,2,3
2020-09-12,US,Mississippi,Attala,619,25,0,33.08658803,-89.57838564,28007.0,3405.964564762848,4.0387722132471735,594,613,25,0,588,611,18365,6,0,0,6,2
2020-09-12,US,Mississippi,Benton,205,1,0,34.81681228,-89.18945516,28009.0,2482.1406949993952,0.4878048780487805,204,206,1,0,205,207,8271,-1,0,0,-1,-1
2020-09-12,US,Mississippi,Bolivar,1706,60,0,33.79696941,-90.87372121,28011.0,5570.066605720256,3.5169988276670576,1646,1701,58,0,1643,1678,31333,5,2,0,3,23
2020-09-12,US,Mississippi,Calhoun,500,12,0,33.93683395,-89.33686647,28013.0,3481.651695564376,2.4,488,499,12,0,487,497,14436,1,0,0,1,2
2020-09-12,US,Mississippi,Carroll,303,12,0,33.44834567,-89.91994479,28015.0,3046.144566200865,3.96039603960396,291,302,12,0,290,298,9911,1,0,0,1,4
2020-09-12,US,Mississippi,Chickasaw,619,24,0,33.91983202,-88.9481545,28017.0,3619.248085131264,3.8772213247172864,595,618,24,0,594,613,17171,1,0,0,1,5
2020-09-12,US,Mississippi,Choctaw,173,5,0,33.34598242,-89.24809382,28019.0,2107.1863580998784,2.8901734104046244,168,168,5,0,163,166,8278,5,0,0,5,2
2020-09-12,US,Mississippi,Claiborne,446,16,0,31.97061673,-90.90702196,28021.0,4962.171784601691,3.5874439461883414,430,446,16,0,430,443,9002,0,0,0,0,3
2020-09-12,US,Mississippi,Clarke,507,37,0,32.04158545,-88.68896219999998,28023.0,3262.3383308667394,7.2978303747534525,470,502,36,0,466,496,15604,5,1,0,4,6
2020-09-12,US,Mississippi,Clay,533,16,0,33.65358105,-88.77784255,28025.0,2759.3704700766198,3.00187617260788,517,525,16,0,509,517,19386,8,0,0,8,8
2020-09-12,US,Mississippi,Coahoma,1070,24,0,34.22772299,-90.60415045,28027.0,4836.376785391431,2.2429906542056077,1046,1067,23,0,1044,1063,22628,3,1,0,2,4
2020-09-12,US,Mississippi,Copiah,1136,33,0,31.86977774,-90.44565118,28029.0,4047.746303224657,2.9049295774647885,1103,1136,32,0,1104,1135,28543,0,1,0,-1,1
2020-09-12,US,Mississippi,Covington,774,18,0,31.63225413,-89.55389939,28031.0,4153.251770766259,2.3255813953488373,756,769,18,0,751,744,18853,5,0,0,5,25
2020-09-12,US,Mississippi,DeSoto,5129,53,0,34.87625235,-89.99091418,28033.0,2773.2569142177404,1.0333398323259897,5076,5091,54,0,5037,5020,182001,38,-1,0,39,71
2020-09-12,US,Mississippi,Forrest,2272,68,0,31.18961454,-89.25832496,28035.0,3033.4993390923537,2.992957746478873,2204,2269,68,0,2201,2248,75036,3,0,0,3,21
2020-09-12,US,Mississippi,Franklin,182,3,0,31.47786634,-90.89672989,28037.0,2359.652534681706,1.6483516483516485,179,181,3,0,178,182,7788,1,0,0,1,-1
2020-09-12,US,Mississippi,George,726,13,0,30.86259065,-88.64436789,28039.0,2963.2653061224487,1.7906336088154269,713,720,13,0,707,717,24250,6,0,0,6,3
2020-09-12,US,Mississippi,Greene,325,16,0,31.21444233,-88.63922281,28041.0,2392.168408655969,4.9230769230769225,309,322,16,0,306,318,13586,3,0,0,3,4
2020-09-12,US,Mississippi,Grenada,1007,32,0,33.77036166,-89.80245083,28043.0,4851.141728490221,3.1777557100297917,975,999,32,0,967,988,21055,8,0,0,8,11
2020-09-12,US,Mississippi,Hancock,537,20,0,30.41830223,-89.48851033,28045.0,1127.3933490090694,3.7243947858473,517,538,20,0,518,529,47334,-1,0,0,-1,9
2020-09-12,US,Mississippi,Harrison,3607,69,0,30.51359752,-89.12467576,28047.0,1733.4678969627066,1.912947047407818,3538,3586,68,0,3518,3563,206650,21,1,0,20,23
2020-09-12,US,Mississippi,Hinds,6804,149,0,32.2656285,-90.44435448,28049.0,2934.782608695652,2.189888300999412,6655,6781,149,0,6632,6735,237085,23,0,0,23,46
2020-09-12,US,Mississippi,Holmes,1074,56,0,33.12345854,-90.08923538,28051.0,6313.9329805996485,5.21415270018622,1018,1073,56,0,1017,1070,17622,1,0,0,1,3
2020-09-12,US,Mississippi,Humphreys,360,15,0,33.12825718,-90.52252707,28053.0,4464.285714285715,4.166666666666667,345,358,15,0,343,352,8257,2,0,0,2,6
2020-09-12,US,Mississippi,Issaquena,98,3,0,32.72531359,-90.97392828,28055.0,7385.079125847778,3.0612244897959178,95,98,3,0,95,98,1308,0,0,0,0,0
2020-09-12,US,Mississippi,Itawamba,676,18,0,34.27993475,-88.3606733,28057.0,2890.1239846088074,2.662721893491124,658,669,18,0,651,662,23517,7,0,0,7,7
2020-09-12,US,Mississippi,Jackson,3285,66,0,30.54020656,-88.64184064,28059.0,2287.3336721975807,2.0091324200913236,3219,3270,65,0,3205,3244,143277,15,1,0,14,26
2020-09-12,US,Mississippi,Jasper,522,13,0,32.01922104,-89.11786866,28061.0,3186.2296282732104,2.490421455938697,509,519,13,0,506,511,16428,3,0,0,3,8
2020-09-12,US,Mississippi,Jefferson,231,9,0,31.73397872,-91.03764977,28063.0,3304.7210300429188,3.8961038961038965,222,231,9,0,222,230,7106,0,0,0,0,1
2020-09-12,US,Mississippi,Jefferson Davis,313,10,0,31.56884708,-89.82670990000004,28065.0,2812.724658519051,3.194888178913738,303,312,10,0,302,311,11234,1,0,0,1,1
2020-09-12,US,Mississippi,Jones,2288,76,0,31.62257767,-89.16896899999998,28067.0,3359.8637258069252,3.3216783216783217,2212,2276,76,0,2200,2253,68461,12,0,0,12,23
2020-09-12,US,Mississippi,Kemper,280,14,0,32.75462946,-88.64105766,28069.0,2874.153151303634,5.0,266,280,14,0,266,278,10027,0,0,0,0,2
2020-09-12,US,Mississippi,Lafayette,1921,39,0,34.35687874,-89.48490961,28071.0,3556.156167274477,2.030192608016658,1882,1896,39,0,1857,1847,54793,25,0,0,25,49
2020-09-12,US,Mississippi,Lamar,1535,33,0,31.20572971,-89.5077704,28073.0,2423.3143362328906,2.1498371335504887,1502,1533,33,0,1500,1527,62447,2,0,0,2,6
2020-09-12,US,Mississippi,Lauderdale,1944,119,0,32.40419769,-88.66229662,28075.0,2622.5969645868468,6.121399176954732,1825,1931,119,0,1812,1894,75317,13,0,0,13,37
2020-09-12,US,Mississippi,Lawrence,420,12,0,31.55147224,-90.10841127,28077.0,3337.0411568409345,2.8571428571428568,408,420,12,0,408,417,12455,0,0,0,0,3
2020-09-12,US,Mississippi,Leake,925,33,0,32.7536828,-89.52402044,28079.0,4059.510225577109,3.5675675675675675,892,922,33,0,889,913,22763,3,0,0,3,9
2020-09-12,US,Mississippi,Lee,2444,65,0,34.291877500000005,-88.68149954,28081.0,2860.6208155812537,2.6595744680851063,2379,2432,65,0,2367,2415,85202,12,0,0,12,17
2020-09-12,US,Mississippi,Leflore,1320,77,0,33.55545125,-90.29900733,28083.0,4683.674555583153,5.833333333333332,1243,1310,76,0,1234,1292,28919,10,1,0,9,18
2020-09-12,US,Mississippi,Lincoln,1019,52,0,31.53288662,-90.45391915,28085.0,2983.632477381196,5.103042198233561,967,1017,52,0,965,1014,34205,2,0,0,2,3
2020-09-12,US,Mississippi,Lowndes,1360,56,0,33.47386518,-88.44191529999998,28087.0,2321.0171516340984,4.117647058823529,1304,1351,56,0,1295,1334,58930,9,0,0,9,17
2020-09-12,US,Mississippi,Madison,3123,84,0,32.63389156,-90.03513564,28089.0,2938.6856368563685,2.689721421709894,3039,3115,84,0,3031,3095,105630,8,0,0,8,20
2020-09-12,US,Mississippi,Marion,820,29,0,31.23132643,-89.8209217,28091.0,3336.995889797745,3.5365853658536586,791,819,28,0,791,809,24715,1,1,0,0,10
2020-09-12,US,Mississippi,Marshall,1052,14,0,34.76216286,-89.50299462,28093.0,2980.676602255341,1.3307984790874523,1038,1050,14,0,1036,1034,35451,2,0,0,2,16
2020-09-12,US,Mississippi,Monroe,1143,64,0,33.89236763,-88.4808438,28095.0,3242.3692272778853,5.599300087489064,1079,1134,64,0,1070,1124,35564,9,0,0,9,10
2020-09-12,US,Mississippi,Montgomery,437,19,0,33.49419589,-89.61729103,28097.0,4470.588235294118,4.3478260869565215,418,435,19,0,416,429,10023,2,0,0,2,6
2020-09-12,US,Mississippi,Neshoba,1495,102,0,32.75339664,-89.11726492,28099.0,5134.281200631912,6.822742474916388,1393,1493,102,0,1391,1480,29125,2,0,0,2,13
2020-09-12,US,Mississippi,Newton,729,20,0,32.40021118,-89.11843336,28101.0,3468.4556094775908,2.7434842249657065,709,723,20,0,703,710,21443,6,0,0,6,13
2020-09-12,US,Mississippi,Noxubee,538,14,0,33.11009499,-88.56949061,28103.0,5164.634731688586,2.6022304832713754,524,535,14,0,521,534,10535,3,0,0,3,1
2020-09-12,US,Mississippi,Oktibbeha,1683,47,0,33.42491685,-88.87905132,28105.0,3394.0347268437295,2.7926322043969103,1636,1658,46,0,1612,1628,49599,25,1,0,24,30
2020-09-12,US,Mississippi,Panola,1362,26,0,34.36398677,-89.95064249,28107.0,3983.387927000468,1.908957415565345,1336,1358,26,0,1332,1344,34178,4,0,0,4,14
2020-09-12,US,Mississippi,Pearl River,819,49,0,30.77090935,-89.58677275,28109.0,1474.7456558926804,5.982905982905983,770,818,49,0,769,801,55387,1,0,0,1,17
2020-09-12,US,Mississippi,Perry,373,15,0,31.17161885,-88.99281835,28111.0,3115.3428547565363,4.021447721179625,358,370,14,0,356,365,11931,3,1,0,2,5
2020-09-12,US,Mississippi,Pike,1185,48,0,31.17507789,-90.40392572,28113.0,3016.188149053146,4.050632911392405,1137,1183,47,0,1136,1181,39563,2,1,0,1,2
2020-09-12,US,Mississippi,Pontotoc,1157,15,0,34.226046000000004,-89.03636807,28115.0,3596.071361969292,1.296456352636128,1142,1150,15,0,1135,1142,31833,7,0,0,7,8
2020-09-12,US,Mississippi,Prentiss,731,16,0,34.61810501,-88.51986294,28117.0,2909.336941813261,2.1887824897400816,715,723,15,0,708,713,25315,8,1,0,7,10
2020-09-12,US,Mississippi,Quitman,354,5,0,34.25157572,-90.28908,28119.0,5212.014134275619,1.4124293785310735,349,354,5,0,349,352,7051,0,0,0,0,2
2020-09-12,US,Mississippi,Rankin,3067,72,0,32.26469147,-89.94537876,28121.0,1975.2561650275968,2.3475709162047598,2995,3053,71,0,2982,3035,153902,14,1,0,13,18
2020-09-12,US,Mississippi,Scott,1138,23,0,32.406704100000006,-89.53789439,28123.0,4046.366093016641,2.0210896309314585,1115,1134,23,0,1111,1130,28287,4,0,0,4,4
2020-09-12,US,Mississippi,Sharkey,257,11,0,32.88149103,-90.81595379999999,28125.0,5947.697292293451,4.280155642023346,246,257,11,0,246,256,4377,0,0,0,0,1
2020-09-12,US,Mississippi,Simpson,993,40,0,31.91282117,-89.91716179,28127.0,3724.960612198965,4.028197381671702,953,993,40,0,953,979,26758,0,0,0,0,14
2020-09-12,US,Mississippi,Smith,508,13,0,32.01744532,-89.50644846,28129.0,3191.7567227946724,2.559055118110236,495,502,13,0,489,496,16002,6,0,0,6,6
2020-09-12,US,Mississippi,Stone,341,11,0,30.79187949,-89.11547539,28131.0,1859.7294938917976,3.2258064516129035,330,341,11,0,330,339,18717,0,0,0,0,2
2020-09-12,US,Mississippi,Sunflower,1338,42,0,33.60192578,-90.58882684,28133.0,5328.554360812425,3.1390134529147984,1296,1337,42,0,1295,1326,25735,1,0,0,1,11
2020-09-12,US,Mississippi,Tallahatchie,702,14,0,33.95339918,-90.1729398,28135.0,5083.641103628069,1.9943019943019944,688,699,14,0,685,697,13987,3,0,0,3,2
2020-09-12,US,Mississippi,Tate,911,36,0,34.65133709,-89.94485778,28137.0,3216.6943257653334,3.951701427003293,875,909,35,0,874,902,28759,2,1,0,1,7
2020-09-12,US,Mississippi,Tippah,603,16,0,34.76872156,-88.90988194,28139.0,2739.0415625709743,2.6533996683250414,587,600,16,0,584,586,21995,3,0,0,3,14
2020-09-12,US,Mississippi,Tishomingo,625,34,0,34.74023475,-88.23917219,28141.0,3224.475055460971,5.44,591,617,33,0,584,607,19454,8,1,0,7,10
2020-09-12,US,Mississippi,Tunica,463,13,0,34.64967704,-90.37481167,28143.0,4806.893687707641,2.8077753779697625,450,463,13,0,450,461,9944,0,0,0,0,2
2020-09-12,US,Mississippi,Union,951,23,0,34.49162015,-89.00776006,28145.0,3300.364393545029,2.4185068349106205,928,943,23,0,920,938,28606,8,0,0,8,5
2020-09-12,US,Mississippi,Walthall,579,24,0,31.14971548,-90.10446654,28147.0,4052.9189416211684,4.1450777202072535,555,579,24,0,555,579,14465,0,0,0,0,0
2020-09-12,US,Mississippi,Warren,1352,47,0,32.35810271,-90.83352619,28149.0,2979.2203785725305,3.476331360946745,1305,1348,47,0,1301,1347,46176,4,0,0,4,1
2020-09-12,US,Mississippi,Washington,2121,70,0,33.28392041,-90.94196237,28151.0,4830.444783529572,3.3003300330033003,2051,2104,70,0,2034,2090,45063,17,0,0,17,14
2020-09-12,US,Mississippi,Wayne,863,21,0,31.64135687,-88.69573913,28153.0,4275.875737006391,2.433371958285052,842,863,21,0,842,863,20298,0,0,0,0,0
2020-09-12,US,Mississippi,Webster,321,13,0,33.61300486,-89.28392912,28155.0,3313.0354009701728,4.0498442367601255,308,320,13,0,307,317,9788,1,0,0,1,3
2020-09-12,US,Mississippi,Wilkinson,290,17,0,31.16078225,-91.31018819,28157.0,3360.3707995365007,5.862068965517241,273,288,17,0,271,287,8792,2,0,0,2,1
2020-09-12,US,Mississippi,Winston,715,19,0,33.08747908,-89.03391385,28159.0,3982.177666388193,2.657342657342657,696,712,19,0,693,710,18165,3,0,0,3,2
2020-09-12,US,Mississippi,Yalobusha,402,13,0,34.02824175,-89.70762049999998,28161.0,3320.118929633301,3.2338308457711444,389,400,13,0,387,393,12392,2,0,0,2,7
2020-09-12,US,Mississippi,Yazoo,1009,23,0,32.77890365,-90.39656148,28163.0,3398.450656786797,2.2794846382556986,986,1008,23,0,985,999,28248,1,0,0,1,9
2020-09-12,US,Missouri,Adair,290,0,0,40.19058551,-92.60078167,29001.0,1144.300201239001,0.0,290,284,0,0,284,283,25339,6,0,0,6,1
2020-09-12,US,Missouri,Andrew,172,1,0,39.98492163,-94.80163024,29003.0,971.0930442637759,0.5813953488372093,171,164,1,0,163,156,17607,8,0,0,8,8
2020-09-12,US,Missouri,Atchison,41,0,0,40.43238737,-95.42970639,29005.0,797.2000777756174,0.0,41,39,0,0,39,39,5171,2,0,0,2,0
2020-09-12,US,Missouri,Audrain,340,2,0,39.215877,-91.84242683,29007.0,1339.2153773436266,0.5882352941176471,338,334,2,0,332,333,25473,6,0,0,6,1
2020-09-12,US,Missouri,Barry,406,5,0,36.70978521,-93.82919888,29009.0,1134.4267791779598,1.2315270935960592,401,399,5,0,394,389,35886,7,0,0,7,10
2020-09-12,US,Missouri,Barton,142,0,0,37.50207671,-94.34757022,29011.0,1208.0993704270884,0.0,142,132,0,0,132,124,11798,10,0,0,10,8
2020-09-12,US,Missouri,Bates,82,1,0,38.25271289,-94.34113157,29013.0,507.04922087558737,1.2195121951219512,81,81,1,0,80,80,16320,1,0,0,1,1
2020-09-12,US,Missouri,Benton,174,1,0,38.29503305,-93.28756116,29015.0,894.923622897701,0.5747126436781609,173,165,1,0,164,165,19278,9,0,0,9,0
2020-09-12,US,Missouri,Bollinger,241,1,0,37.32449052,-90.02725304,29017.0,1986.318305447952,0.4149377593360996,240,233,1,0,232,176,12169,8,0,0,8,57
2020-09-12,US,Missouri,Boone,3918,6,0,38.99186229,-92.30723575,29019.0,2171.0821608861647,0.15313935681470134,3912,3780,6,0,3774,3695,180005,138,0,0,138,85
2020-09-12,US,Missouri,Buchanan,1521,13,0,39.65816401,-94.80138942,29021.0,1740.9917128336615,0.8547008547008547,1508,1476,13,0,1463,1455,88571,45,0,0,45,21
2020-09-12,US,Missouri,Butler,473,4,0,36.71462476,-90.40421163,29023.0,1113.5175855737089,0.8456659619450317,469,458,4,0,454,442,42639,15,0,0,15,16
2020-09-12,US,Missouri,Caldwell,55,1,0,39.65620858,-93.98308093,29025.0,609.7560975609756,1.818181818181818,54,53,1,0,52,51,9108,2,0,0,2,2
2020-09-12,US,Missouri,Callaway,492,2,0,38.83674754,-91.92186505,29027.0,1099.6133473392483,0.4065040650406504,490,474,2,0,472,458,44889,18,0,0,18,16
2020-09-12,US,Missouri,Camden,672,9,0,38.02199522,-92.76083747,29029.0,1451.2471655328795,1.3392857142857142,663,655,9,0,646,647,45815,17,0,0,17,8
2020-09-12,US,Missouri,Cape Girardeau,1239,9,0,37.38489388,-89.6843587,29031.0,1570.919602895868,0.7263922518159807,1230,1193,8,0,1185,1153,78753,46,1,0,45,40
2020-09-12,US,Missouri,Carroll,123,1,0,39.42762566,-93.50626255,29033.0,1417.213964742482,0.8130081300813008,122,121,1,0,120,121,8743,2,0,0,2,0
2020-09-12,US,Missouri,Carter,47,1,0,36.94160441,-90.96051322,29035.0,785.6904045469742,2.127659574468085,46,47,1,0,46,45,6054,0,0,0,0,2
2020-09-12,US,Missouri,Cass,1243,16,0,38.64789422,-94.353399,29037.0,1175.0803554547176,1.2872083668543846,1227,1219,16,0,1203,1203,104954,24,0,0,24,16
2020-09-12,US,Missouri,Cedar,68,0,0,37.72391475,-93.85445441,29039.0,473.9006202522824,0.0,68,67,0,0,67,65,14165,1,0,0,1,2
2020-09-12,US,Missouri,Chariton,40,0,0,39.51499357,-92.9629191,29041.0,538.647993536224,0.0,40,38,0,0,38,37,7451,2,0,0,2,1
2020-09-12,US,Missouri,Christian,1003,3,0,36.9711783,-93.18537118,29043.0,1132.1180653535753,0.2991026919242273,1000,917,3,0,914,893,86983,86,0,0,86,24
2020-09-12,US,Missouri,Clark,54,0,0,40.41040752,-91.73661677,29045.0,794.4681477122258,0.0,54,52,0,0,52,51,6842,2,0,0,2,1
2020-09-12,US,Missouri,Clay,1589,39,0,39.31132056,-94.41850862,29047.0,635.7322323043193,2.454373820012586,1550,1561,39,0,1522,1541,246365,28,0,0,28,20
2020-09-12,US,Missouri,Clinton,176,0,0,39.6013098,-94.40465394,29049.0,863.2952371609358,0.0,176,175,0,0,175,170,20470,1,0,0,1,5
2020-09-12,US,Missouri,Cole,1172,7,0,38.50455671,-92.27860244,29051.0,1527.135318261776,0.5972696245733788,1165,1119,7,0,1112,1088,76796,53,0,0,53,31
2020-09-12,US,Missouri,Cooper,314,2,0,38.844478,-92.80896081,29053.0,1773.1097182223727,0.6369426751592356,312,311,2,0,309,308,17603,3,0,0,3,3
2020-09-12,US,Missouri,Crawford,242,2,0,37.97663738,-91.30528104,29055.0,1011.7056856187293,0.8264462809917356,240,231,2,0,229,225,23957,11,0,0,11,6
2020-09-12,US,Missouri,Dade,41,0,0,37.431814,-93.8503345,29057.0,542.2563153022087,0.0,41,39,0,0,39,37,7569,2,0,0,2,2
2020-09-12,US,Missouri,Dallas,146,1,0,37.681135499999996,-93.02127031,29059.0,865.0314018248607,0.6849315068493149,145,142,1,0,141,137,16762,4,0,0,4,5
2020-09-12,US,Missouri,Daviess,64,0,0,39.96145298,-93.98519678,29061.0,773.1336071514859,0.0,64,61,0,0,61,52,8313,3,0,0,3,9
2020-09-12,US,Missouri,DeKalb,91,2,0,39.89201062,-94.40476508,29063.0,725.2729736191917,2.1978021978021984,89,88,2,0,86,85,12630,3,0,0,3,3
2020-09-12,US,Missouri,Dent,80,0,0,37.60663134,-91.50790473,29065.0,513.7096256341105,0.0,80,69,0,0,69,61,15441,11,0,0,11,8
2020-09-12,US,Missouri,Douglas,134,3,0,36.9325593,-92.49905109,29067.0,1016.3064087978764,2.238805970149253,131,132,3,0,129,128,13373,2,0,0,2,4
2020-09-12,US,Missouri,Dunklin,628,6,0,36.27167174,-90.09122243,29069.0,2155.779066973327,0.9554140127388536,622,612,6,0,606,600,29423,16,0,0,16,12
2020-09-12,US,Missouri,Franklin,1282,23,0,38.41127108,-91.07522826,29071.0,1233.0835745957852,1.7940717628705147,1259,1235,23,0,1212,1223,103670,47,0,0,47,12
2020-09-12,US,Missouri,Gasconade,133,6,0,38.43947277,-91.50847147,29073.0,904.3927648578813,4.511278195488722,127,132,6,0,126,126,14705,1,0,0,1,6
2020-09-12,US,Missouri,Gentry,108,9,0,40.21097916,-94.40944419,29075.0,1643.5854512250799,8.333333333333334,99,105,9,0,96,103,6628,3,0,0,3,2
2020-09-12,US,Missouri,Greene,4585,19,0,37.2575872,-93.34230916,29077.0,1564.387244699508,0.4143947655398037,4566,4407,19,0,4388,4304,291923,178,0,0,178,103
2020-09-12,US,Missouri,Grundy,126,1,0,40.11406587,-93.56509276,29079.0,1279.1878172588831,0.7936507936507936,125,109,1,0,108,100,9914,17,0,0,17,9
2020-09-12,US,Missouri,Harrison,93,1,0,40.35570088,-93.99222144,29081.0,1113.5057471264367,1.075268817204301,92,91,1,0,90,90,8414,2,0,0,2,1
2020-09-12,US,Missouri,Henry,145,4,0,38.38482826,-93.79293734,29083.0,664.4061583577712,2.7586206896551726,141,139,4,0,135,139,21792,6,0,0,6,0
2020-09-12,US,Missouri,Hickory,72,2,0,37.94163617,-93.3203037,29085.0,754.4006705783737,2.7777777777777777,70,70,2,0,68,69,9509,2,0,0,2,1
2020-09-12,US,Missouri,Holt,72,0,0,40.09799248,-95.21638879999999,29087.0,1635.2486940722235,0.0,72,72,0,0,72,72,4404,0,0,0,0,0
2020-09-12,US,Missouri,Howard,145,2,0,39.1435761,-92.69756691,29089.0,1449.8550144985502,1.3793103448275863,143,137,2,0,135,131,10137,8,0,0,8,6
2020-09-12,US,Missouri,Howell,386,3,0,36.77383887,-91.88683935,29091.0,962.1856070992347,0.7772020725388601,383,377,3,0,374,370,40076,9,0,0,9,7
2020-09-12,US,Missouri,Iron,47,0,0,37.55487945,-90.7735296,29093.0,464.19753086419746,0.0,47,42,0,0,42,41,10177,5,0,0,5,1
2020-09-12,US,Missouri,Jackson,6407,85,0,39.01002188,-94.34724536,29095.0,911.365540510746,1.3266739503667864,6322,6313,85,0,6228,6232,700307,94,0,0,94,81
2020-09-12,US,Missouri,Jasper,3068,39,0,37.20351921,-94.34050458,29097.0,2528.682579454042,1.2711864406779658,3029,3004,39,0,2965,2924,120636,64,0,0,64,80
2020-09-12,US,Missouri,Jefferson,3369,47,0,38.25926778,-90.53870896,29099.0,1496.7944873178988,1.3950727218759276,3322,3288,47,0,3241,3207,224347,81,0,0,81,81
2020-09-12,US,Missouri,Johnson,800,4,0,38.74719601,-93.80691168,29101.0,1479.7824719766195,0.5,796,777,4,0,773,768,53652,23,0,0,23,9
2020-09-12,US,Missouri,Kansas City,10088,96,0,39.0997,-94.5786,0.0,2063.226183829199,0.9516256938937352,9992,10026,96,0,9930,9932,491918,62,0,0,62,94
2020-09-12,US,Missouri,Knox,45,0,0,40.12699751,-92.14780832,29103.0,1136.6506693609495,0.0,45,45,0,0,45,45,3947,0,0,0,0,0
2020-09-12,US,Missouri,Laclede,392,1,0,37.65896829,-92.5888493,29105.0,1097.332250930773,0.2551020408163265,391,377,1,0,376,353,35713,15,0,0,15,24
2020-09-12,US,Missouri,Lafayette,314,2,0,39.06986886,-93.78076396,29107.0,960.0097835391953,0.6369426751592356,312,292,2,0,290,285,32598,22,0,0,22,7
2020-09-12,US,Missouri,Lawrence,434,2,0,37.10626634,-93.83293097,29109.0,1131.5343501499153,0.4608294930875576,432,422,2,0,420,419,38359,12,0,0,12,3
2020-09-12,US,Missouri,Lewis,68,2,0,40.09673161,-91.72070156,29111.0,695.5810147299509,2.9411764705882355,66,68,2,0,66,68,9855,0,0,0,0,0
2020-09-12,US,Missouri,Lincoln,650,2,0,39.05345619,-90.95588181,29113.0,1101.4522223916763,0.3076923076923077,648,641,2,0,639,637,57686,9,0,0,9,4
2020-09-12,US,Missouri,Linn,48,1,0,39.87001769,-93.10704106,29115.0,402.6845637583893,2.083333333333333,47,50,1,0,49,49,12037,-2,0,0,-2,1
2020-09-12,US,Missouri,Livingston,345,1,0,39.78110272,-93.54645978,29117.0,2265.712221711434,0.2898550724637681,344,346,1,0,345,342,15146,-1,0,0,-1,4
2020-09-12,US,Missouri,Macon,101,0,0,39.83049768,-92.56453089,29121.0,668.1219818747106,0.0,101,96,0,0,96,91,15153,5,0,0,5,5
2020-09-12,US,Missouri,Madison,238,0,0,37.47865134,-90.34671429999999,29123.0,1968.894771674388,0.0,238,229,0,0,229,224,12188,9,0,0,9,5
2020-09-12,US,Missouri,Maries,57,0,0,38.16193985,-91.92249662,29125.0,655.3984132459469,0.0,57,57,0,0,57,55,8769,0,0,0,0,2
2020-09-12,US,Missouri,Marion,583,7,0,39.80601912,-91.62203062,29127.0,2043.4630213810026,1.2006861063464838,576,575,7,0,568,574,28592,8,0,0,8,1
2020-09-12,US,Missouri,McDonald,1014,10,0,36.62869595,-94.34867205,29119.0,4440.162893549941,0.9861932938856016,1004,1011,10,0,1001,1008,23078,3,0,0,3,3
2020-09-12,US,Missouri,Mercer,27,0,0,40.42212303,-93.56829590000001,29129.0,746.4749792645839,0.0,27,25,0,0,25,25,3641,2,0,0,2,0
2020-09-12,US,Missouri,Miller,350,1,0,38.21450288,-92.42610898,29131.0,1366.1735430735002,0.2857142857142857,349,338,1,0,337,329,25336,12,0,0,12,9
2020-09-12,US,Missouri,Mississippi,260,3,0,36.82516239,-89.29505753,29133.0,1972.6858877086493,1.1538461538461535,257,257,3,0,254,255,13336,3,0,0,3,2
2020-09-12,US,Missouri,Moniteau,220,4,0,38.63571781,-92.57976951,29135.0,1363.7490701710885,1.818181818181818,216,217,4,0,213,214,16121,3,0,0,3,3
2020-09-12,US,Missouri,Monroe,82,0,0,39.49593978,-92.00043978,29137.0,948.6348912540492,0.0,82,78,0,0,78,78,8664,4,0,0,4,0
2020-09-12,US,Missouri,Montgomery,67,1,0,38.94022054,-91.47000721,29139.0,580.0363604882695,1.492537313432836,66,65,1,0,64,65,11534,2,0,0,2,0
2020-09-12,US,Missouri,Morgan,189,1,0,38.4181765,-92.88791859,29141.0,916.2747854753476,0.5291005291005291,188,183,1,0,182,176,20358,6,0,0,6,7
2020-09-12,US,Missouri,New Madrid,475,12,0,36.59666326,-89.66070007,29143.0,2781.681892714921,2.526315789473684,463,473,11,0,462,462,17296,2,1,0,1,11
2020-09-12,US,Missouri,Newton,1206,13,0,36.90519407,-94.3394104,29145.0,2070.8839892849787,1.077943615257048,1193,1188,13,0,1175,1169,58266,18,0,0,18,19
2020-09-12,US,Missouri,Nodaway,670,7,0,40.36079813,-94.88133008,29147.0,3032.7720441788883,1.044776119402985,663,663,7,0,656,655,22304,7,0,0,7,8
2020-09-12,US,Missouri,Oregon,75,0,0,36.68710164,-91.4033755,29149.0,712.3183588185013,0.0,75,71,0,0,71,71,10541,4,0,0,4,0
2020-09-12,US,Missouri,Osage,104,1,0,38.46036182,-91.8613635,29151.0,763.8633859713551,0.9615384615384616,103,99,1,0,98,99,13714,5,0,0,5,0
2020-09-12,US,Missouri,Ozark,81,0,0,36.64916339,-92.44459066,29153.0,882.9300196206668,0.0,81,75,0,0,75,70,9017,6,0,0,6,5
2020-09-12,US,Missouri,Pemiscot,415,9,0,36.2130572,-89.78742322,29155.0,2625.7513445112304,2.1686746987951806,406,410,9,0,401,399,16272,5,0,0,5,11
2020-09-12,US,Missouri,Perry,503,4,0,37.70660776,-89.82741088,29157.0,2628.5535117056857,0.7952286282306164,499,481,4,0,477,466,19150,22,0,0,22,15
2020-09-12,US,Missouri,Pettis,882,8,0,38.72798918,-93.28471706,29159.0,2083.1857152979524,0.90702947845805,874,871,8,0,863,867,42542,11,0,0,11,4
2020-09-12,US,Missouri,Phelps,328,1,0,37.87736118,-91.79351727,29161.0,735.8714917102283,0.3048780487804878,327,308,1,0,307,294,44732,20,0,0,20,14
2020-09-12,US,Missouri,Pike,186,2,0,39.34310674,-91.16980779,29163.0,1016.2823735110916,1.075268817204301,184,173,2,0,171,171,18504,13,0,0,13,2
2020-09-12,US,Missouri,Platte,568,10,0,39.38154439,-94.77068479,29165.0,543.9675151793753,1.7605633802816902,558,560,10,0,550,552,102985,8,0,0,8,8
2020-09-12,US,Missouri,Polk,390,1,0,37.616229600000004,-93.39828174,29167.0,1213.101496158512,0.2564102564102564,389,376,1,0,375,369,32201,14,0,0,14,7
2020-09-12,US,Missouri,Pulaski,451,3,0,37.82462075,-92.20783203,29169.0,857.300359267778,0.6651884700665188,448,446,2,0,444,435,52014,5,1,0,4,11
2020-09-12,US,Missouri,Putnam,30,1,0,40.47942497,-93.02042674,29171.0,638.8415672913118,3.333333333333333,29,30,1,0,29,29,4757,0,0,0,0,1
2020-09-12,US,Missouri,Ralls,133,0,0,39.52817427,-91.51838643,29173.0,1290.1348336405085,0.0,133,128,0,0,128,128,10212,5,0,0,5,0
2020-09-12,US,Missouri,Randolph,171,1,0,39.44007257,-92.49713740000001,29175.0,690.9649264587038,0.5847953216374269,170,166,1,0,165,157,24763,5,0,0,5,9
2020-09-12,US,Missouri,Ray,139,0,0,39.353746799999996,-93.98905745,29177.0,603.8752280823702,0.0,139,138,0,0,138,136,22883,1,0,0,1,2
2020-09-12,US,Missouri,Reynolds,26,0,0,37.36085952,-90.97009925,29179.0,414.67304625199364,0.0,26,26,0,0,26,26,6254,0,0,0,0,0
2020-09-12,US,Missouri,Ripley,127,0,0,36.65460667,-90.85990261,29181.0,955.7495484647802,0.0,127,125,0,0,125,121,13401,2,0,0,2,4
2020-09-12,US,Missouri,Saline,614,9,0,39.13734288,-93.20259964,29195.0,2697.5967663986644,1.4657980456026058,605,599,9,0,590,595,22895,15,0,0,15,4
2020-09-12,US,Missouri,Schuyler,21,0,0,40.46921489,-92.52311943,29197.0,450.6437768240344,0.0,21,21,0,0,21,20,4599,0,0,0,0,1
2020-09-12,US,Missouri,Scotland,23,1,0,40.45214695,-92.14709064,29199.0,469.1962464300285,4.3478260869565215,22,22,1,0,21,22,4966,1,0,0,1,0
2020-09-12,US,Missouri,Scott,732,15,0,37.05588075,-89.56474493,29201.0,1912.2257053291532,2.0491803278688523,717,725,15,0,710,713,38458,7,0,0,7,12
2020-09-12,US,Missouri,Shannon,66,1,0,37.15772072,-91.40190382,29203.0,808.2292432035267,1.5151515151515151,65,63,1,0,62,60,8189,3,0,0,3,3
2020-09-12,US,Missouri,Shelby,56,1,0,39.79742518,-92.07634971,29205.0,944.3507588532884,1.7857142857142858,55,56,1,0,55,55,6050,0,0,0,0,1
2020-09-12,US,Missouri,St. Charles,6559,105,0,38.77875681,-90.66662425,29183.0,1631.5027535806498,1.6008537886873,6454,6468,105,0,6363,6385,399182,91,0,0,91,83
2020-09-12,US,Missouri,St. Clair,33,0,0,38.03699437,-93.77631447,29185.0,351.17590720442695,0.0,33,32,0,0,32,31,9395,1,0,0,1,1
2020-09-12,US,Missouri,St. Francois,1434,7,0,37.81214171,-90.47598685,29187.0,2133.452354385182,0.4881450488145049,1427,1395,7,0,1388,1372,66692,39,0,0,39,23
2020-09-12,US,Missouri,St. Louis,21588,768,0,38.63770039999999,-90.4458375,29189.0,2171.3831654437467,3.5575319622012227,20820,21343,763,0,20580,21187,996945,245,5,0,240,156
2020-09-12,US,Missouri,St. Louis City,6568,192,0,38.63555736,-90.24349225,29510.0,2185.137868625572,2.9232643118148602,6376,6527,192,0,6335,6505,302838,41,0,0,41,22
2020-09-12,US,Missouri,Ste. Genevieve,146,1,0,37.89090059,-90.1949941,29186.0,815.9159494802727,0.6849315068493149,145,141,1,0,140,141,17888,5,0,0,5,0
2020-09-12,US,Missouri,Stoddard,353,9,0,36.85571651,-89.9444155,29207.0,1216.1929371231695,2.54957507082153,344,342,9,0,333,331,29206,11,0,0,11,11
2020-09-12,US,Missouri,Stone,342,2,0,36.75000327,-93.45256475,29209.0,1070.35553329995,0.5847953216374269,340,332,2,0,330,324,31749,10,0,0,10,8
2020-09-12,US,Missouri,Sullivan,184,0,0,40.2099105,-93.11150106,29211.0,3021.842667104615,0.0,184,182,0,0,182,183,6221,2,0,0,2,-1
2020-09-12,US,Missouri,Taney,1034,22,0,36.65465345,-93.04075153,29213.0,1848.805607209269,2.127659574468085,1012,1021,22,0,999,1008,55852,13,0,0,13,13
2020-09-12,US,Missouri,Texas,185,2,0,37.31728859,-91.96564727,29215.0,728.4038113237262,1.0810810810810811,183,177,2,0,175,171,25571,8,0,0,8,6
2020-09-12,US,Missouri,Vernon,125,0,0,37.8457799,-94.34127305,29217.0,607.8879540923017,0.0,125,121,0,0,121,117,20528,4,0,0,4,4
2020-09-12,US,Missouri,Warren,397,0,0,38.76529479,-91.16124662,29219.0,1113.6357261073242,0.0,397,378,0,0,378,375,34711,19,0,0,19,3
2020-09-12,US,Missouri,Washington,295,1,0,37.96130078,-90.87948158,29221.0,1192.8831378892035,0.3389830508474576,294,294,1,0,293,279,24943,1,0,0,1,15
2020-09-12,US,Missouri,Wayne,131,0,0,37.11303869,-90.46001416,29223.0,1017.6338071933503,0.0,131,120,0,0,120,108,13122,11,0,0,11,12
2020-09-12,US,Missouri,Webster,370,2,0,37.2813734,-92.876329,29225.0,934.5322287330774,0.5405405405405406,368,340,2,0,338,330,39109,30,0,0,30,10
2020-09-12,US,Missouri,Worth,18,0,0,40.47945588,-94.42328751,29227.0,894.187779433681,0.0,18,18,0,0,18,16,2040,0,0,0,0,2
2020-09-12,US,Missouri,Wright,133,0,0,37.27029221,-92.46914488,29229.0,727.2130788998852,0.0,133,127,0,0,127,118,18378,6,0,0,6,9
2020-09-12,US,Montana,Beaverhead,74,1,0,45.13434354,-112.89846940000001,30001.0,782.8202686977679,1.351351351351351,73,72,1,0,71,72,9404,2,0,0,2,0
2020-09-12,US,Montana,Big Horn,770,19,0,45.42335905,-107.492347,30003.0,5781.21480591636,2.467532467532468,751,763,19,0,744,750,13338,7,0,0,7,13
2020-09-12,US,Montana,Blaine,15,0,0,48.43175214,-108.9582723,30005.0,224.51728783116297,0.0,15,15,0,0,15,15,6807,0,0,0,0,0
2020-09-12,US,Montana,Broadwater,17,0,0,46.33277565,-111.49558130000001,30007.0,272.5669392336059,0.0,17,17,0,0,17,17,6085,0,0,0,0,0
2020-09-12,US,Montana,Carbon,98,0,0,45.22850116,-109.0274047,30009.0,913.7529137529136,0.0,98,96,0,0,96,96,10714,2,0,0,2,0
2020-09-12,US,Montana,Cascade,438,5,0,47.30797024,-111.3467922,30013.0,538.3083843374383,1.1415525114155252,433,421,5,0,416,391,81643,17,0,0,17,30
2020-09-12,US,Montana,Chouteau,15,0,0,47.88084126,-110.4353362,30015.0,266.19343389529723,0.0,15,14,0,0,14,15,5745,1,0,0,1,-1
2020-09-12,US,Montana,Custer,77,2,0,46.25319932,-105.57375259999998,30017.0,675.3201192773197,2.5974025974025974,75,75,2,0,73,74,11586,2,0,0,2,1
2020-09-12,US,Montana,Daniels,3,0,0,48.78420029,-105.54763429999998,30019.0,177.5147928994083,0.0,3,3,0,0,3,3,1747,0,0,0,0,0
2020-09-12,US,Montana,Dawson,59,1,0,47.26584855,-104.89444170000002,30021.0,685.0110298386161,1.6949152542372878,58,58,1,0,57,54,8680,1,0,0,1,4
2020-09-12,US,Montana,Deer Lodge,85,0,0,46.05953325,-113.073353,30023.0,929.9781181619256,0.0,85,84,0,0,84,84,9131,1,0,0,1,0
2020-09-12,US,Montana,Fallon,4,0,0,46.33478338,-104.41835649999999,30025.0,140.54813773717498,0.0,4,4,0,0,4,4,2920,0,0,0,0,0
2020-09-12,US,Montana,Fergus,53,1,0,47.26331584,-109.2245206,30027.0,479.6380090497737,1.8867924528301887,52,51,0,0,51,51,11113,2,1,0,1,0
2020-09-12,US,Montana,Flathead,729,13,0,48.29575866,-114.05205690000001,30029.0,702.271544997399,1.7832647462277091,716,729,13,0,716,727,102106,0,0,0,0,2
2020-09-12,US,Montana,Gallatin,1148,3,0,45.54486106,-111.1692571,30031.0,1003.1983501406925,0.2613240418118467,1145,1142,3,0,1139,1134,111876,6,0,0,6,8
2020-09-12,US,Montana,Garfield,16,0,0,47.27545948,-107.0002351,30033.0,1271.8600953895073,0.0,16,15,0,0,15,15,1268,1,0,0,1,0
2020-09-12,US,Montana,Glacier,162,1,0,48.70513576,-112.9934235,30035.0,1177.9248164036935,0.6172839506172839,161,158,1,0,157,157,13747,4,0,0,4,1
2020-09-12,US,Montana,Golden Valley,3,0,0,46.3816474,-109.17685220000001,30037.0,365.4080389768576,0.0,3,3,0,0,3,3,826,0,0,0,0,0
2020-09-12,US,Montana,Granite,22,0,0,46.40605220000001,-113.4414186,30039.0,651.0802012429713,0.0,22,21,0,0,21,21,3378,1,0,0,1,0
2020-09-12,US,Montana,Hill,110,2,0,48.62879827,-110.1129252,30041.0,667.3137587964086,1.818181818181818,108,106,2,0,104,104,16347,4,0,0,4,2
2020-09-12,US,Montana,Jefferson,45,0,0,46.14907081,-112.094396,30043.0,368.2186400458229,0.0,45,45,0,0,45,45,12097,0,0,0,0,0
2020-09-12,US,Montana,Judith Basin,6,0,0,47.04581276,-110.26606880000001,30045.0,298.95366218236165,0.0,6,6,0,0,6,6,1952,0,0,0,0,0
2020-09-12,US,Montana,Lake,232,1,0,47.64514965,-114.0898013,30047.0,761.7046424584674,0.4310344827586207,231,232,1,0,231,227,30250,0,0,0,0,5
2020-09-12,US,Montana,Lewis and Clark,208,3,0,47.12610041,-112.39469799999999,30049.0,299.5736836041018,1.4423076923076923,205,208,3,0,205,208,68700,0,0,0,0,0
2020-09-12,US,Montana,Liberty,15,0,0,48.56084317,-111.02430700000001,30051.0,641.8485237483952,0.0,15,11,0,0,11,11,2430,4,0,0,4,0
2020-09-12,US,Montana,Lincoln,103,3,0,48.54265777,-115.4046155,30053.0,515.5155155155155,2.9126213592233015,100,103,3,0,100,101,19794,0,0,0,0,2
2020-09-12,US,Montana,Madison,96,1,0,45.30080065,-111.9173017,30057.0,1116.2790697674418,1.0416666666666667,95,96,1,0,95,96,8768,0,0,0,0,0
2020-09-12,US,Montana,McCone,15,0,0,47.64469406,-105.79449939999999,30055.0,901.4423076923076,0.0,15,14,0,0,14,14,1675,1,0,0,1,0
2020-09-12,US,Montana,Meagher,9,1,0,46.59907074,-110.8898557,30059.0,483.35123523093455,11.111111111111109,8,9,1,0,8,9,1866,0,0,0,0,0
2020-09-12,US,Montana,Mineral,2,0,0,47.15283992,-115.00152390000001,30061.0,45.48555833522857,0.0,2,2,0,0,2,2,4316,0,0,0,0,0
2020-09-12,US,Montana,Missoula,472,3,0,47.03728583,-113.92135079999998,30063.0,394.6488294314381,0.6355932203389829,469,467,3,0,464,462,118791,5,0,0,5,5
2020-09-12,US,Montana,Musselshell,23,1,0,46.49684637,-108.39498,30065.0,496.4385927045111,4.3478260869565215,22,23,1,0,22,22,4651,0,0,0,0,1
2020-09-12,US,Montana,Park,76,0,0,45.48965095,-110.52643940000002,30067.0,457.6659038901602,0.0,76,75,0,0,75,74,16736,1,0,0,1,1
2020-09-12,US,Montana,Phillips,114,0,0,48.25936577,-107.9128511,30071.0,2883.156297420334,0.0,114,114,0,0,114,114,4074,0,0,0,0,0
2020-09-12,US,Montana,Pondera,17,0,0,48.22773388,-112.22527029999999,30073.0,287.5993909659956,0.0,17,17,0,0,17,16,5972,0,0,0,0,1
2020-09-12,US,Montana,Powder River,2,0,0,45.39617714,-105.636738,30075.0,118.90606420927469,0.0,2,2,0,0,2,2,1716,0,0,0,0,0
2020-09-12,US,Montana,Powell,10,0,0,46.85538891,-112.93591640000001,30077.0,145.1378809869376,0.0,10,10,0,0,10,10,6968,0,0,0,0,0
2020-09-12,US,Montana,Prairie,1,0,0,46.86048047,-105.379384,30079.0,92.85051067780873,0.0,1,1,0,0,1,1,1087,0,0,0,0,0
2020-09-12,US,Montana,Ravalli,115,2,0,46.08520862,-114.11891640000002,30081.0,262.52111582888193,1.7391304347826086,113,115,2,0,113,113,43172,0,0,0,0,2
2020-09-12,US,Montana,Richland,68,2,0,47.78668011,-104.5610786,30083.0,629.4547810793298,2.9411764705882355,66,68,2,0,66,66,10913,0,0,0,0,2
2020-09-12,US,Montana,Roosevelt,74,1,0,48.29607488,-105.00792679999999,30085.0,672.4827335514358,1.351351351351351,73,66,1,0,65,63,11059,8,0,0,8,3
2020-09-12,US,Montana,Rosebud,427,6,0,46.23397237,-106.72928799999998,30087.0,4777.889672149491,1.4051522248243558,421,395,6,0,389,392,9063,32,0,0,32,3
2020-09-12,US,Montana,Sanders,42,1,0,47.67657534,-115.1329916,30089.0,346.7349129034921,2.380952380952381,41,42,1,0,41,43,11844,0,0,0,0,-1
2020-09-12,US,Montana,Sheridan,6,0,0,48.72085833,-104.50382900000001,30091.0,181.32366273798732,0.0,6,5,0,0,5,5,3424,1,0,0,1,0
2020-09-12,US,Montana,Silver Bow,158,0,0,45.90018933,-112.6620092,30093.0,452.5275669483032,0.0,158,155,0,0,155,154,34993,3,0,0,3,1
2020-09-12,US,Montana,Stillwater,47,2,0,45.67071407,-109.3950061,30095.0,487.4507363617506,4.25531914893617,45,47,2,0,45,46,9534,0,0,0,0,1
2020-09-12,US,Montana,Sweet Grass,36,1,0,45.81367654,-109.9425686,30097.0,963.3395772009634,2.7777777777777777,35,36,1,0,35,35,3710,0,0,0,0,1
2020-09-12,US,Montana,Teton,19,0,0,47.83741052,-112.24106880000001,30099.0,309.09386692695625,0.0,19,19,0,0,19,18,6162,0,0,0,0,1
2020-09-12,US,Montana,Toole,64,6,0,48.65577551,-111.69424140000001,30101.0,1351.3513513513512,9.375,58,60,6,0,54,59,4853,4,0,0,4,1
2020-09-12,US,Montana,Treasure,3,0,0,46.20973220000001,-107.26665159999999,30103.0,431.0344827586207,0.0,3,3,0,0,3,3,679,0,0,0,0,0
2020-09-12,US,Montana,Valley,51,0,0,48.36435097,-106.6669635,30105.0,689.5619253650623,0.0,51,51,0,0,51,51,7437,0,0,0,0,0
2020-09-12,US,Montana,Wheatland,6,0,0,46.46652491,-109.84646359999999,30107.0,282.2201317027281,0.0,6,6,0,0,6,6,2236,0,0,0,0,0
2020-09-12,US,Montana,Wibaux,8,0,0,46.95925154,-104.2510927,30109.0,825.5933952528377,0.0,8,8,0,0,8,8,1034,0,0,0,0,0
2020-09-12,US,Montana,Yellowstone,2457,51,0,45.93955949,-108.26914860000001,30111.0,1523.2486050836947,2.075702075702076,2406,2427,50,0,2377,2394,160137,30,1,0,29,33
2020-09-12,US,Nebraska,Adams,458,11,0,40.52449420000001,-98.50117804,31001.0,1460.3194847431687,2.4017467248908297,447,453,11,0,442,448,31511,5,0,0,5,5
2020-09-12,US,Nebraska,Antelope,36,1,0,42.17695516,-98.06662829999999,31003.0,571.6100349317244,2.7777777777777777,35,35,1,0,34,34,6336,1,0,0,1,1
2020-09-12,US,Nebraska,Arthur,1,0,0,41.56896142,-101.6959559,31005.0,215.98272138228938,0.0,1,1,0,0,1,1,465,0,0,0,0,0
2020-09-12,US,Nebraska,Banner,2,0,0,41.54634427,-103.7114332,31007.0,268.4563758389262,0.0,2,2,0,0,2,2,730,0,0,0,0,0
2020-09-12,US,Nebraska,Boone,45,0,0,41.70759415,-98.06737183,31011.0,866.7180277349768,0.0,45,43,0,0,43,42,5239,2,0,0,2,1
2020-09-12,US,Nebraska,Box Butte,42,0,0,42.22079243,-103.08788340000001,31013.0,389.50199387925437,0.0,42,41,0,0,41,39,10772,1,0,0,1,2
2020-09-12,US,Nebraska,Boyd,12,0,0,42.899727399999996,-98.76486568,31015.0,625.3256904637833,0.0,12,12,0,0,12,10,1955,0,0,0,0,2
2020-09-12,US,Nebraska,Brown,10,0,0,42.43018907,-99.92904055,31017.0,338.40947546531305,0.0,10,8,0,0,8,8,2973,2,0,0,2,0
2020-09-12,US,Nebraska,Buffalo,858,3,0,40.85486962,-99.07500296,31019.0,1727.7834833564914,0.34965034965034963,855,850,3,0,847,818,49615,8,0,0,8,32
2020-09-12,US,Nebraska,Burt,72,0,0,41.85056773,-96.32605633,31021.0,1114.7236414305619,0.0,72,71,0,0,71,70,6488,1,0,0,1,1
2020-09-12,US,Nebraska,Butler,100,1,0,41.22703692,-97.13106306,31023.0,1247.5049900199601,1.0,99,97,1,0,96,97,8058,3,0,0,3,0
2020-09-12,US,Nebraska,Cass,285,2,0,40.90899107,-96.13971217,31025.0,1085.7970131057602,0.7017543859649122,283,284,2,0,282,281,26159,1,0,0,1,3
2020-09-12,US,Nebraska,Cedar,72,0,0,42.598885100000004,-97.25311951,31027.0,856.9388240895025,0.0,72,71,0,0,71,63,8446,1,0,0,1,8
2020-09-12,US,Nebraska,Chase,16,0,0,40.523719799999995,-101.69780259999999,31029.0,407.7471967380224,0.0,16,16,0,0,16,16,3977,0,0,0,0,0
2020-09-12,US,Nebraska,Cherry,37,4,0,42.54502621,-101.1244332,31031.0,650.3779223062049,10.810810810810812,33,37,4,0,33,35,5761,0,0,0,0,2
2020-09-12,US,Nebraska,Cheyenne,31,0,0,41.21999357,-102.9941693,31033.0,347.9236812570146,0.0,31,31,0,0,31,30,9310,0,0,0,0,1
2020-09-12,US,Nebraska,Clay,64,0,0,40.52439441,-98.05126296,31035.0,1031.758826374335,0.0,64,64,0,0,64,64,6214,0,0,0,0,0
2020-09-12,US,Nebraska,Colfax,742,5,0,41.57486951,-97.0868542,31037.0,6928.751517415259,0.6738544474393531,737,741,5,0,736,739,10881,1,0,0,1,2
2020-09-12,US,Nebraska,Cuming,105,0,0,41.91637624,-96.78730772,31039.0,1186.9771648202575,0.0,105,105,0,0,105,104,8940,0,0,0,0,1
2020-09-12,US,Nebraska,Custer,79,4,0,41.39374521,-99.72805369,31041.0,733.0425907024219,5.063291139240507,75,79,4,0,75,78,10840,0,0,0,0,1
2020-09-12,US,Nebraska,Dakota,2078,43,0,42.39040144,-96.56656425,31043.0,10376.510536302807,2.0692974013474497,2035,2076,43,0,2033,2070,20083,2,0,0,2,6
2020-09-12,US,Nebraska,Dawes,108,0,0,42.71985036,-103.1313774,31045.0,1257.42228431715,0.0,108,107,0,0,107,107,8716,1,0,0,1,0
2020-09-12,US,Nebraska,Dawson,1043,12,0,40.87028216,-99.82014609999999,31047.0,4420.428056791693,1.1505273250239694,1031,1041,12,0,1029,1039,23709,2,0,0,2,2
2020-09-12,US,Nebraska,Deuel,3,0,0,41.11168186,-102.33333309999999,31049.0,167.22408026755855,0.0,3,3,0,0,3,3,1825,0,0,0,0,0
2020-09-12,US,Nebraska,Dixon,75,2,0,42.49188363,-96.86782408,31051.0,1330.7310149041873,2.6666666666666665,73,74,2,0,72,72,5709,1,0,0,1,2
2020-09-12,US,Nebraska,Dodge,992,11,0,41.58071748,-96.65598179,31053.0,2712.976890469028,1.1088709677419355,981,985,11,0,974,974,36791,7,0,0,7,11
2020-09-12,US,Nebraska,Douglas,14416,173,0,41.29518299,-96.15085305,31055.0,2523.2485074221945,1.2000554938956716,14243,14348,173,0,14175,14262,566880,68,0,0,68,86
2020-09-12,US,Nebraska,Dundy,10,1,0,40.17638677,-101.6876522,31057.0,590.6674542232722,10.0,9,10,1,0,9,9,1770,0,0,0,0,1
2020-09-12,US,Nebraska,Fillmore,46,1,0,40.52458567,-97.59646937,31059.0,842.1823507872574,2.1739130434782608,45,44,1,0,43,41,5527,2,0,0,2,3
2020-09-12,US,Nebraska,Franklin,20,0,0,40.17636348,-98.95299073,31061.0,671.366230278617,0.0,20,20,0,0,20,20,3023,0,0,0,0,0
2020-09-12,US,Nebraska,Frontier,6,0,0,40.52993007,-100.3924658,31063.0,228.39741149600303,0.0,6,6,0,0,6,6,2608,0,0,0,0,0
2020-09-12,US,Nebraska,Furnas,30,1,0,40.17642064,-99.91247454,31065.0,641.573994867408,3.333333333333333,29,29,1,0,28,29,4715,1,0,0,1,0
2020-09-12,US,Nebraska,Gage,163,5,0,40.26186809,-96.68946704,31067.0,757.6814019430113,3.0674846625766867,158,162,5,0,157,157,21493,1,0,0,1,5
2020-09-12,US,Nebraska,Garden,9,0,0,41.61703149,-102.3313973,31069.0,489.9292324442025,0.0,9,9,0,0,9,9,1897,0,0,0,0,0
2020-09-12,US,Nebraska,Garfield,6,0,0,41.91428955,-98.99111827,31071.0,304.7232097511427,0.0,6,6,0,0,6,6,1987,0,0,0,0,0
2020-09-12,US,Nebraska,Gosper,30,0,0,40.51481965,-99.83020279,31073.0,1507.537688442211,0.0,30,30,0,0,30,26,1996,0,0,0,0,4
2020-09-12,US,Nebraska,Greeley,18,0,0,41.56742671,-98.52150266,31077.0,764.0067911714771,0.0,18,17,0,0,17,16,2356,1,0,0,1,1
2020-09-12,US,Nebraska,Hall,1916,47,0,40.87257079,-98.50218293,31079.0,3122.911675060714,2.4530271398747394,1869,1913,47,0,1866,1908,61607,3,0,0,3,5
2020-09-12,US,Nebraska,Hamilton,110,12,0,40.87349452,-98.02099117,31081.0,1179.7511797511795,10.909090909090908,98,109,12,0,97,109,9280,1,0,0,1,0
2020-09-12,US,Nebraska,Harlan,8,0,0,40.17658508,-99.40438879,31083.0,236.6863905325444,0.0,8,8,0,0,8,8,3401,0,0,0,0,0
2020-09-12,US,Nebraska,Hitchcock,2,0,0,40.17609175,-101.04164770000001,31087.0,72.41129616220131,0.0,2,2,0,0,2,2,2806,0,0,0,0,0
2020-09-12,US,Nebraska,Holt,35,0,0,42.45522056,-98.78402558,31089.0,347.67060693354523,0.0,35,35,0,0,35,35,10178,0,0,0,0,0
2020-09-12,US,Nebraska,Hooker,7,0,0,41.91586243,-101.1354293,31091.0,1026.392961876833,0.0,7,7,0,0,7,7,682,0,0,0,0,0
2020-09-12,US,Nebraska,Howard,71,5,0,41.2200529,-98.5166499,31093.0,1101.6291698991465,7.042253521126762,66,70,5,0,65,70,6468,1,0,0,1,0
2020-09-12,US,Nebraska,Jefferson,26,0,0,40.17584531,-97.142601,31095.0,369.0036900369004,0.0,26,26,0,0,26,26,7097,0,0,0,0,0
2020-09-12,US,Nebraska,Johnson,33,0,0,40.39257596,-96.26522753,31097.0,650.7592190889371,0.0,33,32,0,0,32,31,5134,1,0,0,1,1
2020-09-12,US,Nebraska,Kearney,126,0,0,40.50663314,-98.94877182,31099.0,1939.9538106235568,0.0,126,126,0,0,126,123,6544,0,0,0,0,3
2020-09-12,US,Nebraska,Keith,51,0,0,41.19930341,-101.66201640000001,31101.0,634.8020911127708,0.0,51,51,0,0,51,49,8021,0,0,0,0,2
2020-09-12,US,Nebraska,Keya Paha,2,0,0,42.87990694,-99.71343729,31103.0,248.13895781637717,0.0,2,1,0,0,1,2,810,1,0,0,1,-1
2020-09-12,US,Nebraska,Kimball,15,0,0,41.19774275,-103.7148131,31105.0,412.9955947136564,0.0,15,15,0,0,15,15,3618,0,0,0,0,0
2020-09-12,US,Nebraska,Knox,89,0,0,42.63758421,-97.89178836,31107.0,1068.1709073451752,0.0,89,89,0,0,89,86,8419,0,0,0,0,3
2020-09-12,US,Nebraska,Lancaster,5082,22,0,40.78416049,-96.68777155,31109.0,1592.6541101256698,0.4329004329004329,5060,5000,22,0,4978,4843,317272,82,0,0,82,157
2020-09-12,US,Nebraska,Lincoln,342,2,0,41.04658298,-100.74753740000001,31111.0,979.5497508162914,0.5847953216374269,340,340,2,0,338,339,35185,2,0,0,2,1
2020-09-12,US,Nebraska,Logan,6,0,0,41.56650314,-100.4817851,31113.0,802.1390374331551,0.0,6,6,0,0,6,6,749,0,0,0,0,0
2020-09-12,US,Nebraska,Loup,2,0,0,41.91371961,-99.45440415,31115.0,301.20481927710836,0.0,2,2,0,0,2,2,618,0,0,0,0,0
2020-09-12,US,Nebraska,Madison,710,5,0,41.91676024,-97.6005481,31119.0,2022.8496538362922,0.7042253521126759,705,703,5,0,698,688,35392,7,0,0,7,15
2020-09-12,US,Nebraska,McPherson,6,0,0,41.56797682,-101.05993620000001,31117.0,1214.5748987854256,0.0,6,6,0,0,6,6,492,0,0,0,0,0
2020-09-12,US,Nebraska,Merrick,78,1,0,41.16624273,-98.0374887,31121.0,1005.8027079303675,1.2820512820512822,77,76,1,0,75,75,7733,2,0,0,2,1
2020-09-12,US,Nebraska,Morrill,71,0,0,41.71711774,-103.0061405,31123.0,1529.5131408875486,0.0,71,71,0,0,71,68,4686,0,0,0,0,3
2020-09-12,US,Nebraska,Nance,17,0,0,41.39750195,-97.99327291,31125.0,483.0917874396137,0.0,17,17,0,0,17,16,3532,0,0,0,0,1
2020-09-12,US,Nebraska,Nemaha,109,0,0,40.38514847,-95.85433992,31127.0,1563.396442914515,0.0,109,108,0,0,108,105,6958,1,0,0,1,3
2020-09-12,US,Nebraska,Nuckolls,13,0,0,40.17637905,-98.04743961,31129.0,313.404050144648,0.0,13,13,0,0,13,13,4195,0,0,0,0,0
2020-09-12,US,Nebraska,Otoe,130,1,0,40.64843556,-96.13374142,31131.0,811.8910816887335,0.7692307692307693,129,129,1,0,128,127,15985,1,0,0,1,2
2020-09-12,US,Nebraska,Pawnee,13,0,0,40.13141096,-96.23705437,31133.0,497.5124378109453,0.0,13,13,0,0,13,12,2632,0,0,0,0,1
2020-09-12,US,Nebraska,Perkins,32,9,0,40.85082525,-101.6502942,31135.0,1106.8834313386371,28.125,23,32,9,0,23,31,2929,0,0,0,0,1
2020-09-12,US,Nebraska,Phelps,89,0,0,40.51156033,-99.41461667,31137.0,985.1671463360636,0.0,89,85,0,0,85,83,8996,4,0,0,4,2
2020-09-12,US,Nebraska,Pierce,84,7,0,42.26434853,-97.60122773,31139.0,1175.153889199776,8.333333333333334,77,84,7,0,77,82,7142,0,0,0,0,2
2020-09-12,US,Nebraska,Platte,956,3,0,41.57246836,-97.52144359,31141.0,2856.2892142216915,0.3138075313807531,953,953,3,0,950,944,33363,3,0,0,3,9
2020-09-12,US,Nebraska,Polk,42,1,0,41.18813488,-97.56630712,31143.0,805.6781124112795,2.380952380952381,41,39,1,0,38,38,5278,3,0,0,3,1
2020-09-12,US,Nebraska,Red Willow,21,0,0,40.17556879999999,-100.476998,31145.0,195.822454308094,0.0,21,21,0,0,21,21,10726,0,0,0,0,0
2020-09-12,US,Nebraska,Richardson,46,1,0,40.1247415,-95.71755036,31147.0,584.8696757787668,2.1739130434782608,45,46,1,0,45,44,7937,0,0,0,0,2
2020-09-12,US,Nebraska,Rock,33,0,0,42.42252217,-99.44832069,31149.0,2431.834929992631,0.0,33,33,0,0,33,23,1360,0,0,0,0,10
2020-09-12,US,Nebraska,Saline,663,2,0,40.52418865,-97.14085859,31151.0,4661.136107986502,0.3016591251885369,661,661,2,0,659,658,14350,2,0,0,2,3
2020-09-12,US,Nebraska,Sarpy,3108,15,0,41.11314181,-96.11156432,31153.0,1660.2918865787728,0.4826254826254826,3093,3088,15,0,3073,3055,184459,20,0,0,20,33
2020-09-12,US,Nebraska,Saunders,312,3,0,41.227810299999994,-96.63773905,31155.0,1445.917137825563,0.9615384615384616,309,305,3,0,302,292,21303,7,0,0,7,13
2020-09-12,US,Nebraska,Scotts Bluff,387,7,0,41.85070896,-103.70809859999999,31157.0,1086.5292829468249,1.8087855297157625,380,387,7,0,380,387,35989,0,0,0,0,0
2020-09-12,US,Nebraska,Seward,187,3,0,40.87241834,-97.139673,31159.0,1081.9254802129137,1.60427807486631,184,181,3,0,178,179,17318,6,0,0,6,2
2020-09-12,US,Nebraska,Sheridan,38,0,0,42.50284406,-102.4126613,31161.0,724.3614182234084,0.0,38,37,0,0,37,36,5190,1,0,0,1,1
2020-09-12,US,Nebraska,Sherman,19,1,0,41.22045983,-98.97588642,31163.0,633.1222925691436,5.2631578947368425,18,19,1,0,18,18,3038,0,0,0,0,1
2020-09-12,US,Nebraska,Sioux,7,0,0,42.48932059,-103.7576544,31165.0,600.3430531732419,0.0,7,7,0,0,7,7,1187,0,0,0,0,0
2020-09-12,US,Nebraska,Stanton,35,0,0,41.9169835,-97.19394708,31167.0,591.2162162162163,0.0,35,35,0,0,35,35,5970,0,0,0,0,0
2020-09-12,US,Nebraska,Thayer,28,0,0,40.17626377,-97.59504381,31169.0,559.6642014791124,0.0,28,28,0,0,28,28,5039,0,0,0,0,0
2020-09-12,US,Nebraska,Thomas,5,0,0,41.91358968,-100.5556632,31171.0,692.5207756232687,0.0,5,5,0,0,5,5,720,0,0,0,0,0
2020-09-12,US,Nebraska,Thurston,240,4,0,42.15725356,-96.54157099,31173.0,3322.2591362126245,1.6666666666666667,236,240,4,0,236,240,7303,0,0,0,0,0
2020-09-12,US,Nebraska,Unassigned,157,3,0,0.0,0.0,90031.0,0.0,1.9108280254777068,154,157,3,0,154,157,,0,0,0,0,0
2020-09-12,US,Nebraska,Valley,25,0,0,41.56730777,-98.98197724,31175.0,601.2506012506012,0.0,25,25,0,0,25,21,4190,0,0,0,0,4
2020-09-12,US,Nebraska,Washington,190,2,0,41.52815707,-96.22019892,31177.0,916.590284142988,1.0526315789473684,188,187,2,0,185,181,20667,3,0,0,3,6
2020-09-12,US,Nebraska,Wayne,77,0,0,42.20934475,-97.11926964,31179.0,820.4581779435271,0.0,77,75,0,0,75,68,9403,2,0,0,2,7
2020-09-12,US,Nebraska,Webster,14,0,0,40.17642643,-98.50019851,31181.0,401.491253226269,0.0,14,14,0,0,14,15,3533,0,0,0,0,-1
2020-09-12,US,Nebraska,Wheeler,1,0,0,41.91482725,-98.52798941,31183.0,127.7139208173691,0.0,1,1,0,0,1,1,805,0,0,0,0,0
2020-09-12,US,Nebraska,York,134,1,0,40.87272618,-97.59710186,31185.0,979.6037722055706,0.746268656716418,133,130,1,0,129,128,13772,4,0,0,4,2
2020-09-12,US,Nevada,Carson City,484,8,0,39.15509045,-119.7480219,32510.0,865.5840904213463,1.6528925619834711,476,475,8,0,467,469,55414,9,0,0,9,6
2020-09-12,US,Nevada,Churchill,113,1,0,39.58105744,-118.3394607,32001.0,453.65129069814117,0.8849557522123894,112,113,1,0,112,113,24440,0,0,0,0,0
2020-09-12,US,Nevada,Clark,62402,1259,0,36.21458855,-115.0130241,32003.0,2752.970708712829,2.0175635396301397,61143,62057,1249,0,60808,61871,2231647,345,10,0,335,186
2020-09-12,US,Nevada,Douglas,267,1,0,38.912862,-119.61713329999999,32005.0,545.9564461711482,0.3745318352059925,266,265,1,0,264,263,48467,2,0,0,2,2
2020-09-12,US,Nevada,Elko,876,7,0,41.14531606,-115.3577619,32007.0,1659.7824851263786,0.7990867579908676,869,875,7,0,868,866,52460,1,0,0,1,9
2020-09-12,US,Nevada,Eureka,10,0,0,39.98100864,-116.26832040000001,32011.0,492.8536224741252,0.0,10,10,0,0,10,10,2003,0,0,0,0,0
2020-09-12,US,Nevada,Humboldt,117,4,0,41.40692186,-118.11094270000001,32013.0,695.1458618026262,3.418803418803418,113,117,4,0,113,117,16786,0,0,0,0,0
2020-09-12,US,Nevada,Lander,67,1,0,39.933223299999995,-117.03970749999999,32015.0,1211.1352133044106,1.492537313432836,66,67,1,0,66,67,5575,0,0,0,0,0
2020-09-12,US,Nevada,Lincoln,6,0,0,37.64268459,-114.8790388,32017.0,115.76307158016591,0.0,6,6,0,0,6,6,5201,0,0,0,0,0
2020-09-12,US,Nevada,Lyon,371,6,0,39.01777974,-119.18704790000001,32019.0,645.1051990958094,1.6172506738544474,365,372,6,0,366,365,55808,-1,0,0,-1,7
2020-09-12,US,Nevada,Mineral,13,0,0,38.53841696,-118.4344506,32021.0,288.56825749167587,0.0,13,13,0,0,13,13,4514,0,0,0,0,0
2020-09-12,US,Nevada,Nye,488,14,0,38.04264256,-116.47227020000001,32023.0,1048.9435333061067,2.8688524590163933,474,488,14,0,474,485,45346,0,0,0,0,3
2020-09-12,US,Nevada,Pershing,21,0,0,40.44003782,-118.40056409999998,32027.0,312.2676579925651,0.0,21,21,0,0,21,21,6666,0,0,0,0,0
2020-09-12,US,Nevada,Storey,9,0,0,39.44875482,-119.5250207,32029.0,218.287654620422,0.0,9,9,0,0,9,9,4029,0,0,0,0,0
2020-09-12,US,Nevada,Washoe,7930,147,0,40.66562265,-119.6631594,32031.0,1681.7986125691648,1.853720050441362,7783,7872,147,0,7725,7827,465735,58,0,0,58,45
2020-09-12,US,Nevada,White Pine,46,1,0,39.44157041,-114.89996599999999,32033.0,480.1670146137787,2.1739130434782608,45,46,1,0,45,44,9475,0,0,0,0,2
2020-09-12,US,New Hampshire,Belknap,130,4,0,43.51637314,-71.41684235,33001.0,212.06139993148784,3.0769230769230766,126,130,4,0,126,128,61022,0,0,0,0,2
2020-09-12,US,New Hampshire,Carroll,116,1,0,43.87498583,-71.20430216,33003.0,237.1703128194644,0.8620689655172413,115,114,1,0,113,112,48779,2,0,0,2,2
2020-09-12,US,New Hampshire,Cheshire,140,3,0,42.92015988,-72.25311043,33005.0,184.00473155023982,2.142857142857143,137,140,3,0,137,140,76493,0,0,0,0,0
2020-09-12,US,New Hampshire,Coos,20,0,0,44.69063265,-71.30633239,33007.0,63.36533282641067,0.0,20,20,0,0,20,20,31589,0,0,0,0,0
2020-09-12,US,New Hampshire,Grafton,126,1,0,43.93779815,-71.82057197,33009.0,140.17755824043792,0.7936507936507936,125,126,1,0,125,125,89786,0,0,0,0,1
2020-09-12,US,New Hampshire,Hillsborough,4180,288,0,42.91537785,-71.7200253,33011.0,1002.3379893291768,6.889952153110047,3892,4171,288,0,3883,4158,415247,9,0,0,9,13
2020-09-12,US,New Hampshire,Merrimack,532,23,0,43.29662971,-71.6811573,33013.0,351.40794366904237,4.3233082706766925,509,528,23,0,505,522,151132,4,0,0,4,6
2020-09-12,US,New Hampshire,Rockingham,1905,101,0,42.98499744,-71.12883377,33015.0,614.9743841378576,5.301837270341207,1804,1895,100,0,1795,1877,309176,10,1,0,9,18
2020-09-12,US,New Hampshire,Strafford,453,13,0,43.291833000000004,-71.02336013,33017.0,346.77302059969526,2.8697571743929364,440,446,13,0,433,439,130090,7,0,0,7,7
2020-09-12,US,New Hampshire,Sullivan,49,1,0,43.36094111,-72.22203125,33019.0,113.56788578315485,2.0408163265306123,48,49,1,0,48,49,43144,0,0,0,0,0
2020-09-12,US,New Hampshire,Unassigned,1,0,0,0.0,0.0,90033.0,0.0,0.0,1,1,0,0,1,3,,0,0,0,0,-2
2020-09-12,US,New Jersey,Atlantic,3875,253,0,39.47538693,-74.65848483,34001.0,1469.6400804035347,6.529032258064516,3622,3865,253,0,3612,3849,265429,10,0,0,10,16
2020-09-12,US,New Jersey,Bergen,21935,2041,0,40.96010917,-74.07164325,34003.0,2353.030780882255,9.304764075678142,19894,21925,2041,0,19884,21894,936692,10,0,0,10,31
2020-09-12,US,New Jersey,Burlington,6694,487,0,39.87681124,-74.66927768,34005.0,1503.0908343793296,7.275171795637886,6207,6661,486,0,6175,6641,445384,33,1,0,32,20
2020-09-12,US,New Jersey,Camden,9460,596,0,39.80343818,-74.96388753,34007.0,1867.8265882942953,6.300211416490487,8864,9445,596,0,8849,9413,507078,15,0,0,15,32
2020-09-12,US,New Jersey,Cape May,964,94,0,39.15008829,-74.80170244,34009.0,1047.3820880279013,9.75103734439834,870,955,94,0,861,949,92560,9,0,0,9,6
2020-09-12,US,New Jersey,Cumberland,3684,157,0,39.37199394,-75.10712559,34011.0,2463.76908518194,4.261672095548317,3527,3673,157,0,3516,3663,150972,11,0,0,11,10
2020-09-12,US,New Jersey,Essex,20633,2123,0,40.78681335,-74.24657979,34013.0,2582.4337432335183,10.289342315707849,18510,20606,2123,0,18483,20591,799767,27,0,0,27,15
2020-09-12,US,New Jersey,Gloucester,4027,224,0,39.71581067,-75.13995546,34015.0,1380.8308987916446,5.562453439284828,3803,3991,224,0,3767,3945,291408,36,0,0,36,46
2020-09-12,US,New Jersey,Hudson,20362,1512,0,40.73766234,-74.07515667,34017.0,3028.297523316047,7.4255966997347995,18850,20344,1512,0,18832,20329,676061,18,0,0,18,15
2020-09-12,US,New Jersey,Hunterdon,1253,125,0,40.56335249,-74.91284156,34019.0,1007.4695869615907,9.976057462090981,1128,1249,125,0,1124,1245,124714,4,0,0,4,4
2020-09-12,US,New Jersey,Mercer,8481,634,0,40.28047017,-74.70479631,34021.0,2308.194758185233,7.475533545572456,7847,8467,633,0,7834,8455,369811,14,1,0,13,12
2020-09-12,US,New Jersey,Middlesex,18814,1422,0,40.43629879,-74.41426991,34023.0,2280.3134794718453,7.558201339428085,17392,18760,1422,0,17338,18703,829685,54,0,0,54,57
2020-09-12,US,New Jersey,Monmouth,11158,863,0,40.26549699,-74.22240686,34025.0,1803.181990804709,7.734360996594372,10295,11102,863,0,10239,11043,621354,56,0,0,56,59
2020-09-12,US,New Jersey,Morris,7630,831,0,40.86095313,-74.54553709999998,34027.0,1551.3017312364664,10.89121887287025,6799,7610,831,0,6779,7603,494228,20,0,0,20,7
2020-09-12,US,New Jersey,Ocean,11713,1036,0,39.8895449,-74.28089251,34029.0,1929.0629230581733,8.844873217792195,10677,11655,1034,0,10621,11598,601651,58,2,0,56,57
2020-09-12,US,New Jersey,Passaic,18640,1249,0,41.03238628,-74.29954144,34031.0,3714.4348838043456,6.700643776824035,17391,18608,1249,0,17359,18579,503310,32,0,0,32,29
2020-09-12,US,New Jersey,Salem,1014,89,0,39.58719656,-75.34696629999998,34033.0,1625.390718922818,8.777120315581854,925,1007,89,0,918,1003,62607,7,0,0,7,4
2020-09-12,US,New Jersey,Somerset,5552,568,0,40.56465737,-74.61683016,34035.0,1687.8765953048335,10.230547550432275,4984,5529,568,0,4961,5508,331164,23,0,0,23,21
2020-09-12,US,New Jersey,Sussex,1425,198,0,41.13891592,-74.69118243,34037.0,1014.3215078867946,13.894736842105265,1227,1422,198,0,1224,1416,140799,3,0,0,3,6
2020-09-12,US,New Jersey,Unassigned,306,0,0,0.0,0.0,90034.0,0.0,0.0,306,313,0,0,313,308,,-7,0,0,-7,5
2020-09-12,US,New Jersey,Union,17299,1354,0,40.65835409,-74.30680092,34039.0,3109.423896495135,7.82704202555061,15945,17286,1354,0,15932,17267,558067,13,0,0,13,19
2020-09-12,US,New Jersey,Warren,1418,171,0,40.85951833,-74.99556527,34041.0,1347.0508326446084,12.059238363892806,1247,1415,171,0,1244,1412,105779,3,0,0,3,3
2020-09-12,US,New Mexico,Bernalillo,6038,165,0,35.05163625,-106.6703554,35001.0,889.0904566343847,2.7326929446836696,5873,6024,164,0,5860,6012,678701,14,1,0,13,12
2020-09-12,US,New Mexico,Catron,11,1,0,33.91514144,-108.4046587,35003.0,311.8797845194216,9.090909090909092,10,11,1,0,10,11,3578,0,0,0,0,0
2020-09-12,US,New Mexico,Chaves,918,7,0,33.36406072,-104.4665365,35005.0,1420.722742397276,0.7625272331154684,911,907,7,0,900,867,64689,11,0,0,11,40
2020-09-12,US,New Mexico,Cibola,402,20,0,34.91131525,-107.998876,35006.0,1507.029053420806,4.975124378109452,382,400,20,0,380,400,26746,2,0,0,2,0
2020-09-12,US,New Mexico,Colfax,23,1,0,36.60569702,-104.64726740000002,35007.0,192.61368394606816,4.3478260869565215,22,23,1,0,22,23,12110,0,0,0,0,0
2020-09-12,US,New Mexico,Curry,722,5,0,34.57421077,-103.34688759999999,35009.0,1474.8539445193444,0.6925207756232687,717,722,5,0,717,715,49437,0,0,0,0,7
2020-09-12,US,New Mexico,De Baca,2,0,0,34.34274529,-104.4117842,35011.0,114.41647597254006,0.0,2,1,0,0,1,1,1781,1,0,0,1,0
2020-09-12,US,New Mexico,Dona Ana,3020,51,0,32.35275771,-106.83293870000001,35013.0,1384.083044982699,1.6887417218543046,2969,3001,51,0,2950,2989,217522,19,0,0,19,12
2020-09-12,US,New Mexico,Eddy,619,5,0,32.47167456,-104.3053527,35015.0,1058.8436537803627,0.8077544426494345,614,613,5,0,608,609,57900,6,0,0,6,4
2020-09-12,US,New Mexico,Grant,98,2,0,32.73911281,-108.3827845,35017.0,362.98985110008147,2.0408163265306123,96,98,2,0,96,97,27346,0,0,0,0,1
2020-09-12,US,New Mexico,Guadalupe,32,1,0,34.86319296,-104.790669,35019.0,744.1860465116278,3.125,31,32,1,0,31,32,4341,0,0,0,0,0
2020-09-12,US,New Mexico,Harding,2,0,0,35.85751555,-103.82209379999999,35021.0,320.0,0.0,2,2,0,0,2,2,655,0,0,0,0,0
2020-09-12,US,New Mexico,Hidalgo,98,2,0,31.91383467,-108.7151824,35023.0,2334.444973797047,2.0408163265306123,96,98,2,0,96,98,4240,0,0,0,0,0
2020-09-12,US,New Mexico,Lea,1247,19,0,32.79215361,-103.4123733,35025.0,1754.6081328267906,1.5236567762630313,1228,1239,18,0,1221,1225,69611,8,1,0,7,14
2020-09-12,US,New Mexico,Lincoln,177,3,0,33.74526079,-105.4586166,35027.0,904.3531575720416,1.6949152542372878,174,176,3,0,173,176,19556,1,0,0,1,0
2020-09-12,US,New Mexico,Los Alamos,29,0,0,35.86631386,-106.31349850000001,35028.0,149.7237854303268,0.0,29,29,0,0,29,29,19101,0,0,0,0,0
2020-09-12,US,New Mexico,Luna,358,5,0,32.18179341,-107.75088259999998,35029.0,1509.9751149352567,1.3966480446927374,353,354,5,0,349,350,23963,4,0,0,4,4
2020-09-12,US,New Mexico,McKinley,4264,251,0,35.58007720000001,-108.262245,35031.0,5974.750234702315,5.886491557223264,4013,4259,250,0,4009,4252,72290,5,1,0,4,7
2020-09-12,US,New Mexico,Mora,7,0,0,36.01095101,-104.9497716,35033.0,154.83300154833,0.0,7,6,0,0,6,6,4506,1,0,0,1,0
2020-09-12,US,New Mexico,Otero,238,12,0,32.61348406,-105.7417604,35035.0,352.6448362720403,5.042016806722689,226,231,12,0,219,229,66781,7,0,0,7,2
2020-09-12,US,New Mexico,Quay,69,2,0,35.10403332,-103.54817270000001,35037.0,836.0596146855687,2.898550724637681,67,69,2,0,67,66,8253,0,0,0,0,3
2020-09-12,US,New Mexico,Rio Arriba,373,13,0,36.51072137,-106.69316740000001,35039.0,958.35153259166,3.4852546916890086,360,371,13,0,358,369,39006,2,0,0,2,2
2020-09-12,US,New Mexico,Roosevelt,229,3,0,34.02097406,-103.4799493,35041.0,1237.837837837838,1.310043668122271,226,225,3,0,222,219,18743,4,0,0,4,6
2020-09-12,US,New Mexico,San Juan,3233,194,0,36.50838318,-108.32043700000001,35045.0,2608.141467271173,6.000618620476338,3039,3230,194,0,3036,3227,125043,3,0,0,3,3
2020-09-12,US,New Mexico,San Miguel,89,0,0,35.48014807,-104.8163562,35047.0,326.2822157861935,0.0,89,89,0,0,89,89,27591,0,0,0,0,0
2020-09-12,US,New Mexico,Sandoval,1281,38,0,35.68862401,-106.86878030000001,35043.0,872.9250143102463,2.9664324746291966,1243,1277,38,0,1239,1271,145179,4,0,0,4,6
2020-09-12,US,New Mexico,Santa Fe,893,4,0,35.50708973,-105.9774716,35049.0,593.9158541614014,0.4479283314669653,889,888,4,0,884,882,150056,5,0,0,5,6
2020-09-12,US,New Mexico,Sierra,38,1,0,33.13028233,-107.1925893,35051.0,352.14530627374666,2.631578947368421,37,38,1,0,37,38,10968,0,0,0,0,0
2020-09-12,US,New Mexico,Socorro,78,6,0,34.00715494,-106.9298354,35053.0,468.83452545531037,7.6923076923076925,72,78,6,0,72,78,16735,0,0,0,0,0
2020-09-12,US,New Mexico,Taos,124,3,0,36.58006022,-105.63101979999999,35055.0,378.9383613971824,2.419354838709677,121,124,3,0,121,122,32835,0,0,0,0,2
2020-09-12,US,New Mexico,Torrance,63,1,0,34.64048375,-105.8508949,35057.0,407.4768773041847,1.5873015873015872,62,63,1,0,62,63,15591,0,0,0,0,0
2020-09-12,US,New Mexico,Unassigned,1325,0,0,0.0,0.0,90035.0,0.0,0.0,1325,1325,0,0,1325,1323,,0,0,0,0,2
2020-09-12,US,New Mexico,Union,31,2,0,36.48126404,-103.4709624,35059.0,763.7349100763735,6.451612903225807,29,31,2,0,29,31,4118,0,0,0,0,0
2020-09-12,US,New Mexico,Valencia,530,4,0,34.71669834,-106.8103733,35061.0,691.1120383893178,0.7547169811320755,526,529,4,0,525,528,76456,1,0,0,1,1
2020-09-12,US,New York,Albany,2896,133,0,42.60060306,-73.97723916,36001.0,947.9355560938246,4.5925414364640895,2763,2882,133,0,2749,2859,307117,14,0,0,14,23
2020-09-12,US,New York,Allegany,94,1,0,42.25748406,-78.02750466,36003.0,203.94437091840047,1.0638297872340423,93,93,1,0,92,93,46430,1,0,0,1,0
2020-09-12,US,New York,Bronx,52186,4931,0,40.85209301,-73.86282755,36005.0,3679.716712722473,9.44889433947802,47255,52125,4931,0,47194,52076,1432132,61,0,0,61,49
2020-09-12,US,New York,Broome,1410,69,0,42.15903158,-75.81326086,36007.0,740.2041073453447,4.893617021276596,1341,1395,69,0,1326,1383,191659,15,0,0,15,12
2020-09-12,US,New York,Cattaraugus,239,6,0,42.24778241,-78.67923096,36009.0,313.99030439980555,2.510460251046025,233,239,6,0,233,236,76840,0,0,0,0,3
2020-09-12,US,New York,Cayuga,187,2,0,42.91261714,-76.55731592,36011.0,244.20183869619729,1.0695187165775402,185,185,2,0,183,185,77145,2,0,0,2,0
2020-09-12,US,New York,Chautauqua,507,9,0,42.22769210000001,-79.36691763,36013.0,399.51774189735465,1.7751479289940828,498,496,9,0,487,492,127939,11,0,0,11,4
2020-09-12,US,New York,Chemung,247,3,0,42.13891056,-76.7638805,36015.0,295.96434049079755,1.214574898785425,244,239,3,0,236,218,84254,8,0,0,8,21
2020-09-12,US,New York,Chenango,245,7,0,42.49430041,-75.60887553,36017.0,518.9908276314953,2.8571428571428568,238,244,7,0,237,242,47536,1,0,0,1,2
2020-09-12,US,New York,Clinton,152,5,0,44.74530905,-73.67875352,36019.0,188.85506616139654,3.2894736842105265,147,152,5,0,147,152,80695,0,0,0,0,0
2020-09-12,US,New York,Columbia,577,37,0,42.24819348,-73.63089095,36021.0,970.383949143136,6.412478336221838,540,577,37,0,540,576,59916,0,0,0,0,1
2020-09-12,US,New York,Cortland,119,0,0,42.59509207,-76.07048931,36023.0,250.09982976398143,0.0,119,109,0,0,109,104,47823,10,0,0,10,5
2020-09-12,US,New York,Delaware,128,4,0,42.19837623,-74.96709306,36025.0,290.01925909142415,3.125,124,128,4,0,124,125,44527,0,0,0,0,3
2020-09-12,US,New York,Dutchess,4984,153,0,41.76486060000001,-73.74356679,36027.0,1693.9820133370495,3.0698234349919744,4831,4975,153,0,4822,4962,293718,9,0,0,9,13
2020-09-12,US,New York,Erie,10567,681,0,42.76249024,-78.73063652,36029.0,1150.2097524550945,6.44459165326015,9886,10503,681,0,9822,10444,919719,64,0,0,64,59
2020-09-12,US,New York,Essex,151,0,0,44.11630765,-73.77297842,36031.0,409.3805069811577,0.0,151,150,0,0,150,150,37300,1,0,0,1,0
2020-09-12,US,New York,Franklin,61,0,0,44.59040891,-74.29926032,36033.0,121.94634360881213,0.0,61,60,0,0,60,59,50293,1,0,0,1,1
2020-09-12,US,New York,Fulton,316,24,0,43.11363907,-74.41798804,36035.0,591.9487477286776,7.594936708860758,292,315,24,0,291,312,53591,1,0,0,1,3
2020-09-12,US,New York,Genesee,307,5,0,43.0022601,-78.19135193,36037.0,535.963687150838,1.6286644951140066,302,306,5,0,301,306,57511,1,0,0,1,0
2020-09-12,US,New York,Greene,317,18,0,42.275797,-74.12384884,36039.0,671.7809612613378,5.678233438485805,299,317,18,0,299,317,47491,0,0,0,0,0
2020-09-12,US,New York,Hamilton,14,0,0,43.66146647,-74.49721957,36041.0,317.0289855072464,0.0,14,14,0,0,14,14,4434,0,0,0,0,0
2020-09-12,US,New York,Herkimer,312,10,0,43.42034246,-74.96145307,36043.0,508.8145599243301,3.2051282051282053,302,312,10,0,302,308,61833,0,0,0,0,4
2020-09-12,US,New York,Jefferson,157,0,0,44.04200959,-75.94653457,36045.0,142.94298668900342,0.0,157,157,0,0,157,156,111755,0,0,0,0,1
2020-09-12,US,New York,Kings,66124,7306,0,40.636182500000004,-73.94935552,36047.0,2583.0666240088003,11.048938358236038,58818,66009,7299,0,58710,65929,2582830,115,7,0,108,80
2020-09-12,US,New York,Lewis,50,0,0,43.784415700000004,-75.44903992,36049.0,190.14298752661998,0.0,50,50,0,0,50,50,26447,0,0,0,0,0
2020-09-12,US,New York,Livingston,194,8,0,42.72596275,-77.77966158,36051.0,308.3574403153512,4.123711340206185,186,190,8,0,182,190,63227,4,0,0,4,0
2020-09-12,US,New York,Madison,478,17,0,42.91653905,-75.67266639,36053.0,673.7993543930872,3.5564853556485354,461,476,17,0,459,475,70795,2,0,0,2,1
2020-09-12,US,New York,Monroe,5712,289,0,43.14638895,-77.69322942,36055.0,770.050015503458,5.059523809523808,5423,5676,289,0,5387,5648,742474,36,0,0,36,28
2020-09-12,US,New York,Montgomery,218,4,0,42.90123494,-74.44011632,36057.0,442.9003880457528,1.834862385321101,214,217,4,0,213,215,49455,1,0,0,1,2
2020-09-12,US,New York,Nassau,45633,2199,0,40.74066522,-73.58941873,36059.0,3362.9739027388428,4.8188810729077645,43434,45550,2199,0,43351,45445,1358343,83,0,0,83,105
2020-09-12,US,New York,New York,32643,3176,0,40.76727260000001,-73.97152637,36061.0,2004.2291242249985,9.729497901540912,29467,32603,3179,0,29424,32551,,40,-3,0,43,52
2020-09-12,US,New York,Niagara,1678,101,0,43.19898042,-78.74777412,36063.0,801.7928048891204,6.019070321811682,1577,1671,101,0,1570,1666,210433,7,0,0,7,5
2020-09-12,US,New York,Oneida,2341,120,0,43.24375382,-75.43710392,36065.0,1023.7415325948633,5.126014523707816,2221,2333,120,0,2213,2322,229577,8,0,0,8,11
2020-09-12,US,New York,Onondaga,4060,204,0,43.00491923,-76.19971155,36067.0,881.5967758746483,5.024630541871921,3856,4043,204,0,3839,4023,461809,17,0,0,17,20
2020-09-12,US,New York,Ontario,435,35,0,42.85145728,-77.30874425,36069.0,396.2578682237626,8.045977011494253,400,427,35,0,392,423,109864,8,0,0,8,4
2020-09-12,US,New York,Orange,11611,495,0,41.40337468,-74.30240757,36071.0,3016.314230789214,4.263198690896564,11116,11594,495,0,11099,11572,381951,17,0,0,17,22
2020-09-12,US,New York,Orleans,321,54,0,43.2516977,-78.2320066,36073.0,795.4996034892943,16.822429906542055,267,320,54,0,266,318,40612,1,0,0,1,2
2020-09-12,US,New York,Oswego,362,3,0,43.42778894,-76.14635194,36075.0,309.0741436426352,0.8287292817679558,359,357,3,0,354,333,117898,5,0,0,5,24
2020-09-12,US,New York,Otsego,312,5,0,42.63492579,-75.03151402,36077.0,524.4314457163027,1.6025641025641026,307,296,5,0,291,291,59749,16,0,0,16,5
2020-09-12,US,New York,Putnam,1554,63,0,41.42630093,-73.74965532,36079.0,1580.5532953620832,4.0540540540540535,1491,1550,63,0,1487,1541,98892,4,0,0,4,9
2020-09-12,US,New York,Queens,71040,7231,0,40.71088124,-73.81684712,36081.0,3151.9288260396165,10.178772522522523,63809,70978,7231,0,63747,70917,2278906,62,0,0,62,61
2020-09-12,US,New York,Rensselaer,876,40,0,42.71348136,-73.51089874,36083.0,551.9361871038471,4.5662100456621015,836,870,40,0,830,867,159442,6,0,0,6,3
2020-09-12,US,New York,Richmond,15565,1084,0,40.58582155,-74.14808598,36085.0,3268.975916898915,6.964343077417282,14481,15537,1084,0,14453,15510,476179,28,0,0,28,27
2020-09-12,US,New York,Rockland,14530,674,0,41.15027894,-74.02560498,36087.0,4459.941864212727,4.6386785960082575,13856,14510,674,0,13836,14480,325695,20,0,0,20,30
2020-09-12,US,New York,Saratoga,955,17,0,43.10904162,-73.86653895,36091.0,415.4648638536869,1.780104712041885,938,943,17,0,926,918,230163,12,0,0,12,25
2020-09-12,US,New York,Schenectady,1351,45,0,42.81668777,-74.05278291,36093.0,869.9347709901544,3.3308660251665434,1306,1343,45,0,1298,1335,155350,8,0,0,8,8
2020-09-12,US,New York,Schoharie,77,0,0,42.58831742,-74.44339029999998,36095.0,248.39510951966201,0.0,77,75,0,0,75,74,31097,2,0,0,2,1
2020-09-12,US,New York,Schuyler,32,0,0,42.39184015,-76.8773299,36097.0,179.7046105464143,0.0,32,30,0,0,30,29,17912,2,0,0,2,1
2020-09-12,US,New York,Seneca,104,3,0,42.78081007,-76.82497064,36099.0,305.7384760112888,2.8846153846153846,101,103,3,0,100,103,34300,1,0,0,1,0
2020-09-12,US,New York,St. Lawrence,304,4,0,44.4976179,-75.06550039,36089.0,282.1607573788752,1.3157894736842106,300,303,4,0,299,302,108047,1,0,0,1,1
2020-09-12,US,New York,Steuben,326,42,0,42.2689144,-77.3829924,36101.0,341.7943153104981,12.883435582822086,284,326,42,0,284,325,95796,0,0,0,0,1
2020-09-12,US,New York,Suffolk,45615,2008,0,40.88320119,-72.8012172,36103.0,3089.189293519373,4.4020607256384965,43607,45534,2008,0,43526,45463,1481093,81,0,0,81,71
2020-09-12,US,New York,Sullivan,1549,48,0,41.71579493,-74.76394559,36105.0,2053.505143705589,3.0987734021949644,1501,1548,48,0,1500,1548,75498,1,0,0,1,0
2020-09-12,US,New York,Tioga,219,25,0,42.16852837,-76.30835812,36107.0,454.3285687612803,11.415525114155251,194,218,25,0,193,218,48560,1,0,0,1,0
2020-09-12,US,New York,Tompkins,375,0,0,42.44945765,-76.47229843,36109.0,366.9994128009394,0.0,375,369,0,0,369,361,102793,6,0,0,6,8
2020-09-12,US,New York,Ulster,2215,94,0,41.89027881,-74.26252104,36111.0,1247.374319294037,4.243792325056433,2121,2209,94,0,2115,2204,178599,6,0,0,6,5
2020-09-12,US,New York,Unassigned,0,15,0,0.0,0.0,90036.0,0.0,0.0,-15,0,15,0,-15,0,,0,0,0,0,0
2020-09-12,US,New York,Warren,348,33,0,43.56173026,-73.8433699,36113.0,544.2261979231828,9.482758620689657,315,341,33,0,308,332,64265,7,0,0,7,9
2020-09-12,US,New York,Washington,283,14,0,43.31153794,-73.43043448,36115.0,462.3880792105091,4.946996466431095,269,275,14,0,261,272,61197,8,0,0,8,3
2020-09-12,US,New York,Wayne,301,5,0,43.15494365,-77.02976528,36117.0,334.7494383771881,1.6611295681063123,296,301,5,0,296,298,90064,0,0,0,0,3
2020-09-12,US,New York,Westchester,37486,1452,0,41.16278376,-73.75741653,36119.0,3874.497935930113,3.873446086538975,36034,37454,1452,0,36002,37405,967612,32,0,0,32,49
2020-09-12,US,New York,Wyoming,128,5,0,42.70145109,-78.22199579,36121.0,321.13199026568657,3.90625,123,127,5,0,122,127,40085,1,0,0,1,0
2020-09-12,US,New York,Yates,62,7,0,42.63505484,-77.10369919,36123.0,248.8660538674588,11.290322580645164,55,62,7,0,55,62,24841,0,0,0,0,0
2020-09-12,US,North Carolina,Alamance,3526,48,0,36.0434701,-79.39976137,37001.0,2080.125539056923,1.3613159387407827,3478,3502,48,0,3454,3452,166436,24,0,0,24,50
2020-09-12,US,North Carolina,Alexander,471,3,0,35.922379600000006,-81.17751948,37003.0,1256.100488039043,0.6369426751592356,468,464,3,0,461,460,37353,7,0,0,7,4
2020-09-12,US,North Carolina,Alleghany,215,0,0,36.49360862,-81.12857041,37005.0,1930.5019305019305,0.0,215,214,0,0,214,210,11161,1,0,0,1,4
2020-09-12,US,North Carolina,Anson,505,3,0,34.97403241,-80.09953279,37007.0,2065.777632332488,0.594059405940594,502,499,3,0,496,492,24877,6,0,0,6,7
2020-09-12,US,North Carolina,Ashe,240,1,0,36.43296207,-81.49862729,37009.0,882.2556335698268,0.4166666666666667,239,238,1,0,237,232,27109,2,0,0,2,6
2020-09-12,US,North Carolina,Avery,258,0,0,36.07569796,-81.92308483,37011.0,1469.4993449906021,0.0,258,228,0,0,228,227,17505,30,0,0,30,1
2020-09-12,US,North Carolina,Beaufort,761,10,0,35.48531943,-76.84325809,37013.0,1619.3556624249904,1.314060446780552,751,736,10,0,726,704,47079,25,0,0,25,32
2020-09-12,US,North Carolina,Bertie,512,7,0,36.0688473,-76.96545943,37015.0,2702.2747664537924,1.3671875,505,507,7,0,500,503,19026,5,0,0,5,4
2020-09-12,US,North Carolina,Bladen,798,11,0,34.61296243,-78.56180059,37017.0,2438.726239227431,1.3784461152882206,787,783,10,0,773,779,33190,15,1,0,14,4
2020-09-12,US,North Carolina,Brunswick,1472,26,0,34.070565,-78.22814204,37019.0,1030.667973673155,1.766304347826087,1446,1465,26,0,1439,1457,136744,7,0,0,7,8
2020-09-12,US,North Carolina,Buncombe,2728,72,0,35.61113393,-82.53305,37021.0,1044.4464012925407,2.6392961876832843,2656,2708,72,0,2636,2685,259103,20,0,0,20,23
2020-09-12,US,North Carolina,Burke,1959,33,0,35.74989637,-81.70755735,37023.0,2164.9997237111124,1.6845329249617151,1926,1956,32,0,1924,1934,90382,3,1,0,2,22
2020-09-12,US,North Carolina,Cabarrus,3565,57,0,35.3877799,-80.55267168,37025.0,1647.0088194665814,1.5988779803646564,3508,3524,56,0,3468,3495,211342,41,1,0,40,29
2020-09-12,US,North Carolina,Caldwell,1516,17,0,35.95204977,-81.54799522,37027.0,1844.7759741049915,1.121372031662269,1499,1502,17,0,1485,1488,82029,14,0,0,14,14
2020-09-12,US,North Carolina,Camden,104,3,0,36.33804939,-76.15568396,37029.0,957.0258581025122,2.8846153846153846,101,103,3,0,100,103,10710,1,0,0,1,0
2020-09-12,US,North Carolina,Carteret,573,5,0,34.8932941,-76.54120135,37031.0,824.780850114433,0.8726003490401396,568,572,5,0,567,570,69524,1,0,0,1,2
2020-09-12,US,North Carolina,Caswell,266,3,0,36.39312665,-79.33353281,37033.0,1176.7828702884444,1.1278195488721805,263,261,3,0,258,260,22698,5,0,0,5,1
2020-09-12,US,North Carolina,Catawba,2804,48,0,35.66211129,-81.2132617,37035.0,1757.4317929690194,1.7118402282453635,2756,2785,47,0,2738,2765,158652,19,1,0,18,20
2020-09-12,US,North Carolina,Chatham,1562,57,0,35.70394416,-79.25541492,37037.0,2097.488921713442,3.6491677336747768,1505,1562,56,0,1506,1556,73139,0,1,0,-1,6
2020-09-12,US,North Carolina,Cherokee,519,6,0,35.1349263,-84.05970864,37039.0,1813.9242275968124,1.1560693641618498,513,512,6,0,506,507,28383,7,0,0,7,5
2020-09-12,US,North Carolina,Chowan,272,3,0,36.12908077,-76.60118385,37041.0,1950.7996844294628,1.1029411764705883,269,269,3,0,266,261,14029,3,0,0,3,8
2020-09-12,US,North Carolina,Clay,102,1,0,35.05704275,-83.74353633,37043.0,908.2005164277448,0.9803921568627452,101,100,1,0,99,100,11139,2,0,0,2,0
2020-09-12,US,North Carolina,Cleveland,1813,52,0,35.33553364,-81.55204486,37045.0,1851.0010515891247,2.868174296745725,1761,1792,50,0,1742,1764,97645,21,2,0,19,28
2020-09-12,US,North Carolina,Columbus,1246,52,0,34.26744084,-78.65801424,37047.0,2244.7214815882394,4.173354735152488,1194,1240,52,0,1188,1226,55655,6,0,0,6,14
2020-09-12,US,North Carolina,Craven,1127,29,0,35.11833364,-77.08398081,37049.0,1103.3983101459776,2.5732031943212066,1098,1108,28,0,1080,1092,102912,19,1,0,18,16
2020-09-12,US,North Carolina,Cumberland,4683,74,0,35.04762133,-78.82623165,37051.0,1395.7896807537204,1.5801836429639118,4609,4612,74,0,4538,4569,332330,71,0,0,71,43
2020-09-12,US,North Carolina,Currituck,135,0,0,36.36123664,-75.95876401,37053.0,486.2586896228794,0.0,135,133,0,0,133,131,27072,2,0,0,2,2
2020-09-12,US,North Carolina,Dare,253,2,0,35.66520691,-75.71767334,37055.0,683.6174984463239,0.7905138339920948,251,254,2,0,252,256,36501,-1,0,0,-1,-2
2020-09-12,US,North Carolina,Davidson,2416,32,0,35.79115496,-80.21256572,37057.0,1441.4500414655538,1.3245033112582782,2384,2389,32,0,2357,2357,166614,27,0,0,27,32
2020-09-12,US,North Carolina,Davie,515,6,0,35.93099927,-80.54496571,37059.0,1201.9791812537926,1.1650485436893203,509,506,6,0,500,502,42733,9,0,0,9,4
2020-09-12,US,North Carolina,Duplin,2116,52,0,34.93449805,-77.93140529,37061.0,3602.2539623091197,2.457466918714556,2064,2113,52,0,2061,2106,58856,3,0,0,3,7
2020-09-12,US,North Carolina,Durham,7266,87,0,36.03638492,-78.87608331,37063.0,2260.115463096601,1.1973575557390586,7179,7226,86,0,7140,7190,316739,40,1,0,39,36
2020-09-12,US,North Carolina,Edgecombe,1157,30,0,35.91230639,-77.59436892,37065.0,2247.8240596829346,2.592912705272256,1127,1146,27,0,1119,1110,52005,11,3,0,8,36
2020-09-12,US,North Carolina,Forsyth,6579,86,0,36.12859861,-80.25459052,37067.0,1720.9223243830027,1.30718954248366,6493,6543,84,0,6459,6511,379099,36,2,0,34,32
2020-09-12,US,North Carolina,Franklin,1137,30,0,36.081519,-78.28708884,37069.0,1631.6280404678196,2.638522427440633,1107,1133,30,0,1103,1128,67560,4,0,0,4,5
2020-09-12,US,North Carolina,Gaston,4515,69,0,35.29373559,-81.17477045,37071.0,2010.876100637334,1.528239202657807,4446,4464,68,0,4396,4424,222846,51,1,0,50,40
2020-09-12,US,North Carolina,Gates,106,3,0,36.44667547,-76.69749701,37073.0,916.7964020065732,2.830188679245283,103,103,3,0,100,102,11573,3,0,0,3,1
2020-09-12,US,North Carolina,Graham,106,0,0,35.3506925,-83.83369267,37075.0,1255.7753820637365,0.0,106,104,0,0,104,84,8484,2,0,0,2,20
2020-09-12,US,North Carolina,Granville,1631,48,0,36.30337451,-78.65184241,37077.0,2698.410072299521,2.9429797670141022,1583,1629,48,0,1581,1618,60115,2,0,0,2,11
2020-09-12,US,North Carolina,Greene,471,5,0,35.48544173,-77.67578087,37079.0,2235.511889505909,1.0615711252653928,466,467,5,0,462,464,21012,4,0,0,4,3
2020-09-12,US,North Carolina,Guilford,7607,174,0,36.07959451,-79.78824948,37081.0,1416.1147039879072,2.2873668989089,7433,7529,174,0,7355,7448,533670,78,0,0,78,81
2020-09-12,US,North Carolina,Halifax,921,17,0,36.25669272,-77.6556109,37083.0,1841.631673665267,1.8458197611292075,904,920,17,0,903,916,50574,1,0,0,1,4
2020-09-12,US,North Carolina,Harnett,1847,49,0,35.36731853,-78.87243571,37085.0,1358.3279402247456,2.652950730914997,1798,1829,47,0,1782,1812,134214,18,2,0,16,17
2020-09-12,US,North Carolina,Haywood,550,31,0,35.55269063,-82.98196486,37087.0,882.5842065567982,5.636363636363638,519,546,31,0,515,542,61971,4,0,0,4,4
2020-09-12,US,North Carolina,Henderson,1814,60,0,35.33788927,-82.4766782,37089.0,1544.9210931977482,3.3076074972436604,1754,1808,60,0,1748,1780,116748,6,0,0,6,28
2020-09-12,US,North Carolina,Hertford,636,24,0,36.3607755,-76.98104134,37091.0,2686.151117117878,3.7735849056603774,612,628,23,0,605,613,23659,8,1,0,7,15
2020-09-12,US,North Carolina,Hoke,963,13,0,35.01888303,-79.23651674,37093.0,1743.4913278053373,1.3499480789200415,950,942,13,0,929,929,54764,21,0,0,21,13
2020-09-12,US,North Carolina,Hyde,123,3,0,35.42017674,-76.15180542,37095.0,2491.3915333198293,2.4390243902439024,120,122,3,0,119,118,5230,1,0,0,1,4
2020-09-12,US,North Carolina,Iredell,2536,25,0,35.80950511,-80.8743128,37097.0,1394.8934578616766,0.9858044164037856,2511,2523,25,0,2498,2516,178435,13,0,0,13,7
2020-09-12,US,North Carolina,Jackson,517,7,0,35.28814273,-83.14093385,37099.0,1176.6580181164368,1.3539651837524178,510,516,7,0,509,516,43327,1,0,0,1,0
2020-09-12,US,North Carolina,Johnston,4108,54,0,35.51745004,-78.36622717,37101.0,1962.3672607588649,1.3145082765335931,4054,4080,54,0,4026,4061,202675,28,0,0,28,19
2020-09-12,US,North Carolina,Jones,142,11,0,35.02254606,-77.35870791,37103.0,1507.5910393884699,7.746478873239437,131,143,11,0,132,141,9637,-1,0,0,-1,2
2020-09-12,US,North Carolina,Lee,1512,13,0,35.47623147,-79.17569362,37105.0,2447.4335939396883,0.8597883597883598,1499,1506,13,0,1493,1498,61452,6,0,0,6,8
2020-09-12,US,North Carolina,Lenoir,892,22,0,35.24032589999999,-77.64245615,37107.0,1594.3091029330285,2.4663677130044843,870,889,21,0,868,879,55976,3,1,0,2,10
2020-09-12,US,North Carolina,Lincoln,1334,13,0,35.48508185,-81.21740317,37109.0,1549.163289242954,0.974512743628186,1321,1302,13,0,1289,1278,83770,32,0,0,32,24
2020-09-12,US,North Carolina,Macon,561,2,0,35.14867843,-83.41696617,37113.0,1564.5044341569526,0.35650623885918004,559,559,2,0,557,557,35285,2,0,0,2,2
2020-09-12,US,North Carolina,Madison,83,1,0,35.85402722,-82.71346418,37115.0,381.5214893128016,1.2048192771084338,82,82,1,0,81,81,21763,1,0,0,1,1
2020-09-12,US,North Carolina,Martin,394,9,0,35.84326734,-77.10860251,37117.0,1755.7932263814614,2.2842639593908634,385,389,9,0,380,383,22671,5,0,0,5,6
2020-09-12,US,North Carolina,McDowell,858,25,0,35.67736232,-82.0482425,37111.0,1875.163912929452,2.9137529137529135,833,850,25,0,825,840,45507,8,0,0,8,10
2020-09-12,US,North Carolina,Mecklenburg,26781,331,0,35.24469268,-80.8317671,37119.0,2411.929147048334,1.235950860684814,26450,26683,331,0,26352,26564,1093901,98,0,0,98,119
2020-09-12,US,North Carolina,Mitchell,96,3,0,36.01059309,-82.1582442,37121.0,641.5396952686447,3.125,93,94,3,0,91,94,15000,2,0,0,2,0
2020-09-12,US,North Carolina,Montgomery,975,23,0,35.33155144,-79.90416657,37123.0,3588.120560850845,2.358974358974359,952,968,22,0,946,964,27271,7,1,0,6,4
2020-09-12,US,North Carolina,Moore,1446,22,0,35.30885257,-79.48474178,37125.0,1433.3862014274384,1.5214384508990315,1424,1425,22,0,1403,1418,98682,21,0,0,21,7
2020-09-12,US,North Carolina,Nash,1915,31,0,35.96575634,-77.98422508,37127.0,2030.795987189548,1.6187989556135771,1884,1888,31,0,1857,1875,94016,27,0,0,27,13
2020-09-12,US,North Carolina,New Hanover,3609,25,0,34.25758282,-77.87075626,37129.0,1539.19641067415,0.6927126627874758,3584,3572,25,0,3547,3548,232274,37,0,0,37,24
2020-09-12,US,North Carolina,Northampton,375,17,0,36.41736238,-77.39769443,37131.0,1924.7549145408814,4.533333333333333,358,370,17,0,353,362,19676,5,0,0,5,8
2020-09-12,US,North Carolina,Onslow,1695,18,0,34.72607366,-77.42908179,37133.0,856.3287494063796,1.0619469026548674,1677,1674,18,0,1656,1665,197683,21,0,0,21,9
2020-09-12,US,North Carolina,Orange,2501,54,0,36.06092947,-79.12167935,37135.0,1684.4473180850778,2.1591363454618158,2447,2480,54,0,2426,2459,146027,21,0,0,21,21
2020-09-12,US,North Carolina,Pamlico,217,2,0,35.15253315,-76.66559823,37137.0,1705.1705170517052,0.9216589861751152,215,215,2,0,213,211,12670,2,0,0,2,4
2020-09-12,US,North Carolina,Pasquotank,622,26,0,36.26723798,-76.25134778,37139.0,1561.8722378465247,4.180064308681672,596,618,26,0,592,612,39639,4,0,0,4,6
2020-09-12,US,North Carolina,Pender,824,5,0,34.52265624,-77.90352133,37141.0,1306.6920393276246,0.6067961165048543,819,817,5,0,812,812,62162,7,0,0,7,5
2020-09-12,US,North Carolina,Perquimans,158,3,0,36.17847453,-76.40603143,37143.0,1173.5868677115054,1.8987341772151896,155,154,2,0,152,154,13422,4,1,0,3,0
2020-09-12,US,North Carolina,Person,379,6,0,36.38989032,-78.97217358,37145.0,959.7366421878957,1.5831134564643798,373,376,6,0,370,366,39507,3,0,0,3,10
2020-09-12,US,North Carolina,Pitt,4261,25,0,35.59535426,-77.37353178,37147.0,2357.504066570028,0.5867167331612297,4236,4211,25,0,4186,4155,179914,50,0,0,50,56
2020-09-12,US,North Carolina,Polk,250,7,0,35.27820615,-82.16812354,37149.0,1206.3308241652192,2.8,243,249,7,0,242,248,20611,1,0,0,1,1
2020-09-12,US,North Carolina,Randolph,2571,49,0,35.71015088,-79.80570339,37151.0,1789.5550126333812,1.9058732010890704,2522,2555,48,0,2507,2537,143351,16,1,0,15,18
2020-09-12,US,North Carolina,Richmond,807,12,0,35.00417719,-79.74491009,37153.0,1800.1739945124807,1.4869888475836432,795,793,11,0,782,768,44887,14,1,0,13,25
2020-09-12,US,North Carolina,Robeson,4025,66,0,34.64244496,-79.10250529999998,37155.0,3081.33971291866,1.639751552795031,3959,3974,66,0,3908,3944,131831,51,0,0,51,30
2020-09-12,US,North Carolina,Rockingham,1042,11,0,36.39593137,-79.77504841,37157.0,1144.9291286671796,1.055662188099808,1031,1028,11,0,1017,1011,90690,14,0,0,14,17
2020-09-12,US,North Carolina,Rowan,3020,79,0,35.64003916,-80.52446628,37159.0,2125.4433871966667,2.615894039735099,2941,3005,79,0,2926,2993,141262,15,0,0,15,12
2020-09-12,US,North Carolina,Rutherford,1048,21,0,35.40114178,-81.92112099,37161.0,1563.5023646481375,2.00381679389313,1027,1036,20,0,1016,1033,66826,12,1,0,11,3
2020-09-12,US,North Carolina,Sampson,1695,22,0,34.98820368,-78.36914061,37163.0,2667.9888558341595,1.297935103244838,1673,1688,22,0,1666,1686,63626,7,0,0,7,2
2020-09-12,US,North Carolina,Scotland,811,12,0,34.8386299,-79.4757978,37165.0,2328.9205410217387,1.4796547472256474,799,794,12,0,782,771,34810,17,0,0,17,23
2020-09-12,US,North Carolina,Stanly,1705,52,0,35.31647813,-80.25093221,37167.0,2714.708785784798,3.0498533724340176,1653,1655,52,0,1603,1645,62075,50,0,0,50,10
2020-09-12,US,North Carolina,Stokes,388,3,0,36.4017975,-80.23893369,37169.0,851.0451624224079,0.7731958762886598,385,382,3,0,379,375,45467,6,0,0,6,7
2020-09-12,US,North Carolina,Surry,1238,20,0,36.41689489,-80.69102283,37171.0,1724.6423247844198,1.615508885298869,1218,1232,20,0,1212,1230,71948,6,0,0,6,2
2020-09-12,US,North Carolina,Swain,135,3,0,35.48665845,-83.48748932,37173.0,945.9743535841916,2.2222222222222223,132,135,3,0,132,135,14245,0,0,0,0,0
2020-09-12,US,North Carolina,Transylvania,288,6,0,35.20383864,-82.79638423,37175.0,837.5745237749019,2.083333333333333,282,287,6,0,281,283,34215,1,0,0,1,4
2020-09-12,US,North Carolina,Tyrrell,110,2,0,35.87147226,-76.17055253,37177.0,2739.0438247011953,1.818181818181818,108,108,2,0,106,108,4131,2,0,0,2,0
2020-09-12,US,North Carolina,Union,4323,56,0,34.98960527,-80.52955873,37179.0,1802.3088564531665,1.2953967152440435,4267,4300,56,0,4244,4267,235908,23,0,0,23,33
2020-09-12,US,North Carolina,Vance,975,43,0,36.36880673,-78.40670845,37181.0,2189.2893230043787,4.410256410256411,932,970,43,0,927,963,44582,5,0,0,5,7
2020-09-12,US,North Carolina,Wake,16219,213,0,35.78879266,-78.65249174,37183.0,1458.856714707567,1.3132745545348048,16006,16156,213,0,15943,15999,1092305,63,0,0,63,157
2020-09-12,US,North Carolina,Warren,298,7,0,36.39728256,-78.10652228,37185.0,1510.3137195276468,2.348993288590604,291,298,7,0,291,298,19807,0,0,0,0,0
2020-09-12,US,North Carolina,Washington,194,7,0,35.83810081,-76.57299037,37187.0,1675.3022452504315,3.608247422680413,187,193,7,0,186,192,11859,1,0,0,1,1
2020-09-12,US,North Carolina,Watauga,514,0,0,36.23103603,-81.70033724,37189.0,914.9651992808444,0.0,514,508,0,0,508,503,55945,6,0,0,6,5
2020-09-12,US,North Carolina,Wayne,3002,62,0,35.36438125,-78.00027268,37191.0,2438.0537801203595,2.065289806795469,2940,2981,62,0,2919,2970,123248,21,0,0,21,11
2020-09-12,US,North Carolina,Wilkes,1102,28,0,36.2084135,-81.16232895,37193.0,1610.8285096181955,2.5408348457350267,1074,1097,28,0,1069,1090,68557,5,0,0,5,7
2020-09-12,US,North Carolina,Wilson,1932,44,0,35.70625477,-77.917978,37195.0,2361.8293174900064,2.2774327122153206,1888,1913,44,0,1869,1881,81455,19,0,0,19,32
2020-09-12,US,North Carolina,Yadkin,681,7,0,36.16222629,-80.66239436,37197.0,1807.9486022247586,1.027900146842878,674,677,7,0,670,673,37543,4,0,0,4,4
2020-09-12,US,North Carolina,Yancey,113,0,0,35.90079156,-82.31237181,37199.0,625.3804859151032,0.0,113,112,0,0,112,110,17903,1,0,0,1,2
2020-09-12,US,North Dakota,Adams,11,0,0,46.09686891,-102.5285397,38001.0,496.38989169675085,0.0,11,9,0,0,9,8,2294,2,0,0,2,1
2020-09-12,US,North Dakota,Barnes,190,0,0,46.93579637,-98.06605978,38003.0,1824.2918867018725,0.0,190,161,0,0,161,160,10542,29,0,0,29,1
2020-09-12,US,North Dakota,Benson,261,4,0,48.0683985,-99.35916363,38005.0,3820.2576112412185,1.5325670498084292,257,253,4,0,249,253,6962,8,0,0,8,0
2020-09-12,US,North Dakota,Billings,6,0,0,47.02366884,-103.3762965,38007.0,646.5517241379309,0.0,6,6,0,0,6,6,919,0,0,0,0,0
2020-09-12,US,North Dakota,Bottineau,34,0,0,48.79106111,-100.8378166,38009.0,541.2289079910856,0.0,34,34,0,0,34,34,6411,0,0,0,0,0
2020-09-12,US,North Dakota,Bowman,25,0,0,46.11285362,-103.5203343,38011.0,826.7195767195767,0.0,25,22,0,0,22,22,3076,3,0,0,3,0
2020-09-12,US,North Dakota,Burke,25,1,0,48.79094471,-102.51821170000001,38013.0,1182.033096926714,4.0,24,25,1,0,24,25,2100,0,0,0,0,0
2020-09-12,US,North Dakota,Burleigh,2554,25,0,46.97847375,-100.46452140000001,38015.0,2670.821743040596,0.9788566953797964,2529,2493,25,0,2468,2461,95273,61,0,0,61,32
2020-09-12,US,North Dakota,Cass,4131,77,0,46.93201724,-97.24447190000001,38017.0,2270.740917860853,1.8639554587267009,4054,4060,76,0,3984,4020,181516,71,1,0,70,40
2020-09-12,US,North Dakota,Cavalier,37,0,0,48.77286211,-98.46685243,38019.0,983.519404572036,0.0,37,37,0,0,37,37,3829,0,0,0,0,0
2020-09-12,US,North Dakota,Dickey,34,0,0,46.11017712,-98.50490079999999,38021.0,697.8653530377667,0.0,34,33,0,0,33,33,4903,1,0,0,1,0
2020-09-12,US,North Dakota,Divide,6,0,0,48.814938700000006,-103.48736109999999,38023.0,265.01766784452303,0.0,6,6,0,0,6,6,2283,0,0,0,0,0
2020-09-12,US,North Dakota,Dunn,58,1,0,47.35423935,-102.61604679999999,38025.0,1311.0307414104882,1.7241379310344829,57,53,1,0,52,52,4332,5,0,0,5,1
2020-09-12,US,North Dakota,Eddy,58,0,0,47.71701474,-98.90432337,38027.0,2536.073458679493,0.0,58,57,0,0,57,53,2313,1,0,0,1,4
2020-09-12,US,North Dakota,Emmons,40,1,0,46.28398398,-100.2389766,38029.0,1234.186979327368,2.5,39,35,1,0,34,35,3295,5,0,0,5,0
2020-09-12,US,North Dakota,Foster,52,0,0,47.457108399999996,-98.88279923,38031.0,1619.9376947040494,0.0,52,47,0,0,47,43,3216,5,0,0,5,4
2020-09-12,US,North Dakota,Golden Valley,40,0,0,46.94022281,-103.8465421,38033.0,2271.4366837024413,0.0,40,40,0,0,40,39,1769,0,0,0,0,1
2020-09-12,US,North Dakota,Grand Forks,1887,12,0,47.92093639,-97.45450447,38035.0,2717.0235129803746,0.6359300476947536,1875,1874,12,0,1862,1810,70770,13,0,0,13,64
2020-09-12,US,North Dakota,Grant,9,0,0,46.35821257,-101.63900129999999,38037.0,395.77836411609496,0.0,9,9,0,0,9,9,2374,0,0,0,0,0
2020-09-12,US,North Dakota,Griggs,41,1,0,47.45785838,-98.23850925,38039.0,1837.7409233527567,2.4390243902439024,40,40,1,0,39,40,2232,1,0,0,1,0
2020-09-12,US,North Dakota,Hettinger,42,0,0,46.43375068,-102.4632417,38041.0,1680.672268907563,0.0,42,38,0,0,38,37,2514,4,0,0,4,1
2020-09-12,US,North Dakota,Kidder,38,0,0,46.97830064,-99.77507857,38043.0,1532.2580645161293,0.0,38,38,0,0,38,38,2450,0,0,0,0,0
2020-09-12,US,North Dakota,LaMoure,34,0,0,46.45681054,-98.53542355,38045.0,840.3361344537815,0.0,34,30,0,0,30,30,4062,4,0,0,4,0
2020-09-12,US,North Dakota,Logan,14,0,0,46.45729487,-99.47719806,38047.0,756.7567567567568,0.0,14,13,0,0,13,13,1903,1,0,0,1,0
2020-09-12,US,North Dakota,McHenry,53,1,0,48.23104458,-100.6324822,38049.0,922.5413402959094,1.8867924528301887,52,52,1,0,51,52,5816,1,0,0,1,0
2020-09-12,US,North Dakota,McIntosh,48,3,0,46.11182017,-99.44145858,38051.0,1922.306768121746,6.25,45,46,3,0,43,46,2585,2,0,0,2,0
2020-09-12,US,North Dakota,McKenzie,144,2,0,47.74133370000001,-103.395905,38053.0,958.4664536741216,1.3888888888888888,142,144,2,0,142,142,13632,0,0,0,0,2
2020-09-12,US,North Dakota,McLean,194,2,0,47.60766714,-101.3182418,38055.0,2052.9100529100533,1.0309278350515465,192,186,2,0,184,186,9541,8,0,0,8,0
2020-09-12,US,North Dakota,Mercer,71,0,0,47.31213126,-101.8318399,38057.0,867.2285330401857,0.0,71,61,0,0,61,60,8267,10,0,0,10,1
2020-09-12,US,North Dakota,Morton,875,8,0,46.71681782,-101.2822377,38059.0,2789.8227266930244,0.9142857142857144,867,824,7,0,817,809,31095,51,1,0,50,15
2020-09-12,US,North Dakota,Mountrail,188,2,0,48.20197971,-102.3555315,38061.0,1782.8354670459933,1.0638297872340423,186,185,2,0,183,185,10218,3,0,0,3,0
2020-09-12,US,North Dakota,Nelson,34,0,0,47.9226426,-98.19038437,38063.0,1180.9656130600904,0.0,34,34,0,0,34,34,2869,0,0,0,0,0
2020-09-12,US,North Dakota,Oliver,11,0,0,47.11530482,-101.3406158,38065.0,561.5109749872383,0.0,11,10,0,0,10,10,1952,1,0,0,1,0
2020-09-12,US,North Dakota,Pembina,43,0,0,48.76623521,-97.5523809,38067.0,632.2599617703279,0.0,43,41,0,0,41,41,6947,2,0,0,2,0
2020-09-12,US,North Dakota,Pierce,28,0,0,48.24977025,-99.96407787,38069.0,704.4025157232704,0.0,28,28,0,0,28,28,4081,0,0,0,0,0
2020-09-12,US,North Dakota,Ramsey,169,2,0,48.26886249,-98.72223879,38071.0,1467.1412448997312,1.183431952662722,167,162,2,0,160,158,11481,7,0,0,7,4
2020-09-12,US,North Dakota,Ransom,54,0,0,46.45621782,-97.65742504,38073.0,1034.8792640858567,0.0,54,50,0,0,50,49,5237,4,0,0,4,1
2020-09-12,US,North Dakota,Renville,16,0,0,48.71982533,-101.6603912,38075.0,687.5805758487323,0.0,16,15,0,0,15,14,2374,1,0,0,1,1
2020-09-12,US,North Dakota,Richland,166,1,0,46.26440649,-96.94852979,38077.0,1026.1482351486682,0.6024096385542169,165,159,1,0,158,158,16239,7,0,0,7,1
2020-09-12,US,North Dakota,Rolette,138,3,0,48.77245354,-99.84097493,38079.0,973.4762979683973,2.1739130434782608,135,138,3,0,135,135,14301,0,0,0,0,3
2020-09-12,US,North Dakota,Sargent,29,0,0,46.10830372,-97.63217159,38081.0,743.9712673165726,0.0,29,29,0,0,29,28,3870,0,0,0,0,1
2020-09-12,US,North Dakota,Sheridan,9,0,0,47.57700669,-100.3426391,38083.0,684.4106463878327,0.0,9,9,0,0,9,9,1349,0,0,0,0,0
2020-09-12,US,North Dakota,Sioux,130,3,0,46.11323337,-101.04401490000001,38085.0,3073.286052009457,2.3076923076923075,127,129,3,0,126,127,4358,1,0,0,1,2
2020-09-12,US,North Dakota,Slope,7,0,0,46.44737738,-103.4601547,38087.0,933.3333333333336,0.0,7,7,0,0,7,7,763,0,0,0,0,0
2020-09-12,US,North Dakota,Stark,1045,6,0,46.80851182,-102.65763259999999,38089.0,3318.61920035568,0.5741626794258373,1039,995,6,0,989,989,30997,50,0,0,50,6
2020-09-12,US,North Dakota,Steele,25,0,0,47.45611548,-97.72728747,38091.0,1322.7513227513227,0.0,25,24,0,0,24,24,1903,1,0,0,1,0
2020-09-12,US,North Dakota,Stutsman,411,3,0,46.97962541,-98.95637318,38093.0,1985.123647604328,0.7299270072992701,408,381,3,0,378,367,20917,30,0,0,30,14
2020-09-12,US,North Dakota,Towner,11,0,0,48.68565745,-99.24564265,38095.0,502.51256281407035,0.0,11,11,0,0,11,11,2192,0,0,0,0,0
2020-09-12,US,North Dakota,Traill,82,0,0,47.45367788,-97.16323288,38097.0,1020.4081632653059,0.0,82,80,0,0,80,77,8037,2,0,0,2,3
2020-09-12,US,North Dakota,Walsh,161,1,0,48.36876964,-97.72574783,38099.0,1513.0156940137203,0.6211180124223602,160,158,1,0,157,156,10667,3,0,0,3,2
2020-09-12,US,North Dakota,Ward,711,3,0,48.22390169,-101.54367629999999,38101.0,1051.1376236306382,0.4219409282700422,708,648,3,0,645,631,67744,63,0,0,63,17
2020-09-12,US,North Dakota,Wells,32,0,0,47.58614526,-99.65904998,38103.0,834.6374543557644,0.0,32,31,0,0,31,30,3957,1,0,0,1,1
2020-09-12,US,North Dakota,Williams,639,5,0,48.34522353,-103.4793387,38105.0,1699.965415414084,0.7824726134585289,634,634,4,0,630,616,35350,5,1,0,4,18
2020-09-12,US,Ohio,Adams,100,4,0,38.84541072,-83.4718964,39001.0,361.0368979709726,4.0,96,99,4,0,95,99,27724,1,0,0,1,0
2020-09-12,US,Ohio,Allen,1295,61,0,40.77285242,-84.10802343,39003.0,1265.253881251771,4.710424710424711,1234,1280,61,0,1219,1271,102663,15,0,0,15,9
2020-09-12,US,Ohio,Ashland,195,4,0,40.84772277,-82.27280781,39005.0,364.59501907112406,2.051282051282051,191,188,4,0,184,184,53745,7,0,0,7,4
2020-09-12,US,Ohio,Ashtabula,624,47,0,41.70860332,-80.74830218,39007.0,641.7046307627443,7.532051282051282,577,624,47,0,577,624,97493,0,0,0,0,0
2020-09-12,US,Ohio,Athens,501,2,0,39.33425634,-82.04278644,39009.0,766.9110781147152,0.3992015968063872,499,491,2,0,489,464,65818,10,0,0,10,27
2020-09-12,US,Ohio,Auglaize,506,8,0,40.55998859,-84.22421429999999,39011.0,1108.288067285789,1.5810276679841897,498,504,8,0,496,494,45804,2,0,0,2,10
2020-09-12,US,Ohio,Belmont,698,27,0,40.01625942,-80.9924051,39013.0,1041.6977584096946,3.8681948424068766,671,699,27,0,672,694,67505,-1,0,0,-1,5
2020-09-12,US,Ohio,Brown,255,2,0,38.93416837,-83.86788395,39015.0,587.1247006815253,0.7843137254901961,253,249,2,0,247,244,43602,6,0,0,6,5
2020-09-12,US,Ohio,Butler,5217,88,0,39.44012838,-84.57388716,39017.0,1361.6645873245393,1.6867931761548782,5129,5124,87,0,5037,5009,382378,93,1,0,92,115
2020-09-12,US,Ohio,Carroll,136,7,0,40.578968599999996,-81.09178213,39019.0,505.31321988556135,5.147058823529412,129,136,7,0,129,136,27081,0,0,0,0,0
2020-09-12,US,Ohio,Champaign,271,3,0,40.13923427,-83.76875242,39021.0,696.926835540697,1.1070110701107012,268,268,3,0,265,264,38754,3,0,0,3,4
2020-09-12,US,Ohio,Clark,1599,36,0,39.91592258,-83.78498252,39023.0,1192.544916208617,2.25140712945591,1563,1579,36,0,1543,1565,134585,20,0,0,20,14
2020-09-12,US,Ohio,Clermont,1481,17,0,39.04847534,-84.15375786,39025.0,717.4414323638266,1.1478730587440915,1464,1463,17,0,1446,1427,205466,18,0,0,18,36
2020-09-12,US,Ohio,Clinton,269,12,0,39.41485808,-83.80852286,39027.0,640.9645444147923,4.4609665427509295,257,266,12,0,254,263,42057,3,0,0,3,3
2020-09-12,US,Ohio,Columbiana,1893,71,0,40.76932373,-80.78094576,39029.0,1858.0136038396986,3.7506603275224513,1822,1891,71,0,1820,1889,102665,2,0,0,2,2
2020-09-12,US,Ohio,Coshocton,227,10,0,40.30096166,-81.91729018,39031.0,620.2185792349727,4.405286343612334,217,225,9,0,216,223,36629,2,1,0,1,2
2020-09-12,US,Ohio,Crawford,207,6,0,40.85065156,-82.91989099,39033.0,498.86730611654696,2.898550724637681,201,206,6,0,200,206,41550,1,0,0,1,0
2020-09-12,US,Ohio,Cuyahoga,16630,621,0,41.424119,-81.65918339,39035.0,1346.4802052026116,3.7342152736019236,16009,16544,621,0,15923,16479,1243857,86,0,0,86,65
2020-09-12,US,Ohio,Darke,707,37,0,40.13412966,-84.6194517,39037.0,1383.2097509439868,5.233380480905233,670,701,37,0,664,687,51323,6,0,0,6,14
2020-09-12,US,Ohio,Defiance,250,9,0,41.32398837,-84.49076944,39039.0,656.3919447580539,3.6,241,248,9,0,239,246,38165,2,0,0,2,2
2020-09-12,US,Ohio,Delaware,1946,20,0,40.27942393,-83.00457058,39041.0,930.312606070457,1.027749229188078,1926,1905,21,0,1884,1857,204826,41,-1,0,42,48
2020-09-12,US,Ohio,Erie,836,42,0,41.36796058,-82.62904521,39043.0,1125.6833544286753,5.0239234449760755,794,835,42,0,793,827,74615,1,0,0,1,8
2020-09-12,US,Ohio,Fairfield,1909,44,0,39.75107189,-82.63088163,39045.0,1211.4942820516076,2.3048716605552646,1865,1891,44,0,1847,1882,155782,18,0,0,18,9
2020-09-12,US,Ohio,Fayette,215,5,0,39.56021306,-83.4562016,39047.0,753.7248028045574,2.3255813953488373,210,213,5,0,208,210,28666,2,0,0,2,3
2020-09-12,US,Ohio,Franklin,24419,579,0,39.96995815,-83.01115755,39049.0,1854.4817718696554,2.3711044678324256,23840,24144,577,0,23567,23994,1310300,275,2,0,273,150
2020-09-12,US,Ohio,Fulton,212,1,0,41.60213491,-84.12571393,39051.0,503.2521483169539,0.4716981132075472,211,211,1,0,210,207,42276,1,0,0,1,4
2020-09-12,US,Ohio,Gallia,168,9,0,38.82708533,-82.31647569,39053.0,561.9104956853301,5.357142857142857,159,167,9,0,158,163,29979,1,0,0,1,4
2020-09-12,US,Ohio,Geauga,680,46,0,41.49952319,-81.17935342,39055.0,726.1156018750868,6.764705882352941,634,674,46,0,628,671,94031,6,0,0,6,3
2020-09-12,US,Ohio,Greene,1201,25,0,39.69116283,-83.89032084,39057.0,710.9159035616827,2.0815986677768525,1176,1182,25,0,1157,1149,167995,19,0,0,19,33
2020-09-12,US,Ohio,Guernsey,146,7,0,40.05026529,-81.49248905,39059.0,375.5627009646302,4.794520547945205,139,144,7,0,137,142,39022,2,0,0,2,2
2020-09-12,US,Ohio,Hamilton,12171,292,0,39.19673558,-84.54502924,39061.0,1488.8565126921624,2.3991455098184207,11879,12067,291,0,11776,11970,816684,104,1,0,103,97
2020-09-12,US,Ohio,Hancock,598,7,0,41.00250487,-83.66838948,39063.0,789.0951796577069,1.1705685618729098,591,591,7,0,584,583,75930,7,0,0,7,8
2020-09-12,US,Ohio,Hardin,242,13,0,40.66015414,-83.65929931,39065.0,771.5606567830382,5.371900826446281,229,241,13,0,228,241,31480,1,0,0,1,0
2020-09-12,US,Ohio,Harrison,49,1,0,40.29380509,-81.09068544,39067.0,325.79787234042567,2.0408163265306123,48,49,1,0,48,42,15174,0,0,0,0,7
2020-09-12,US,Ohio,Henry,272,10,0,41.333964200000004,-84.06830637,39069.0,1007.1835888321114,3.6764705882352944,262,263,10,0,253,260,27086,9,0,0,9,3
2020-09-12,US,Ohio,Highland,209,3,0,39.1839264,-83.60331456,39071.0,484.2334514955632,1.4354066985645932,206,208,3,0,205,208,43058,1,0,0,1,0
2020-09-12,US,Ohio,Hocking,153,9,0,39.49537927,-82.47991446,39073.0,541.3246532691763,5.882352941176472,144,151,9,0,142,149,28385,2,0,0,2,2
2020-09-12,US,Ohio,Holmes,361,7,0,40.56163713,-81.92635677,39075.0,821.2010919017288,1.9390581717451525,354,358,7,0,351,356,43892,3,0,0,3,2
2020-09-12,US,Ohio,Huron,504,7,0,41.14651175,-82.59867951,39077.0,864.9984553599013,1.3888888888888888,497,502,7,0,495,499,58504,2,0,0,2,3
2020-09-12,US,Ohio,Jackson,197,2,0,39.01914254,-82.61818559999998,39079.0,607.7808286798506,1.0152284263959392,195,191,2,0,189,190,32384,6,0,0,6,1
2020-09-12,US,Ohio,Jefferson,305,4,0,40.38614126,-80.76259514,39081.0,466.89628779181015,1.3114754098360657,301,304,4,0,300,301,65767,1,0,0,1,3
2020-09-12,US,Ohio,Knox,267,15,0,40.39830217,-82.42027563,39083.0,428.42014056031576,5.617977528089888,252,264,15,0,249,262,61893,3,0,0,3,2
2020-09-12,US,Ohio,Lake,1502,45,0,41.69710807,-81.23676539,39085.0,652.6206935506998,2.9960053262316912,1457,1463,45,0,1418,1459,230514,39,0,0,39,4
2020-09-12,US,Ohio,Lawrence,527,17,0,38.59743452,-82.53466552,39087.0,886.2654087415705,3.2258064516129035,510,526,17,0,509,508,59866,1,0,0,1,18
2020-09-12,US,Ohio,Licking,1762,58,0,40.09136236,-82.48185785,39089.0,996.2569687100678,3.2917139614074915,1704,1746,58,0,1688,1716,175769,16,0,0,16,30
2020-09-12,US,Ohio,Logan,270,3,0,40.38996525,-83.76784341,39091.0,591.1718339464004,1.1111111111111112,267,263,3,0,260,263,45358,7,0,0,7,0
2020-09-12,US,Ohio,Lorain,2197,85,0,41.29553751,-82.15083537,39093.0,709.09167196522,3.8689121529358217,2112,2197,85,0,2112,2190,309461,0,0,0,0,7
2020-09-12,US,Ohio,Lucas,6859,350,0,41.62101218,-83.65468618,39095.0,1601.268127783951,5.1027846624872435,6509,6810,350,0,6460,6786,429899,49,0,0,49,24
2020-09-12,US,Ohio,Madison,747,11,0,39.89381073,-83.40178317,39097.0,1669.9827859873471,1.4725568942436411,736,744,11,0,733,737,44413,3,0,0,3,7
2020-09-12,US,Ohio,Mahoning,2942,274,0,41.01631101,-80.77287029,39099.0,1286.4970286378962,9.313392250169953,2668,2935,274,0,2661,2923,229642,7,0,0,7,12
2020-09-12,US,Ohio,Marion,3034,46,0,40.58610662,-83.15736305,39101.0,4661.0234587436435,1.5161502966381015,2988,3031,46,0,2985,3030,65256,3,0,0,3,1
2020-09-12,US,Ohio,Medina,1351,38,0,41.11770589,-81.89986209999998,39103.0,751.6161694836046,2.8127313101406366,1313,1342,38,0,1304,1330,179146,9,0,0,9,12
2020-09-12,US,Ohio,Meigs,162,6,0,39.09224872,-82.0305041,39105.0,707.2074038503514,3.703703703703704,156,158,6,0,152,156,23106,4,0,0,4,2
2020-09-12,US,Ohio,Mercer,956,17,0,40.54043046,-84.62912742,39107.0,2321.9663849217914,1.7782426778242677,939,941,17,0,924,924,40959,15,0,0,15,17
2020-09-12,US,Ohio,Miami,1242,48,0,40.0543329,-84.22871271,39109.0,1160.8887061044802,3.864734299516908,1194,1223,48,0,1175,1198,106222,19,0,0,19,25
2020-09-12,US,Ohio,Monroe,106,18,0,39.72984936,-81.08464734,39111.0,776.3292807968361,16.9811320754717,88,106,18,0,88,106,13790,0,0,0,0,0
2020-09-12,US,Ohio,Montgomery,7026,144,0,39.75394919,-84.29050975,39113.0,1321.454163821948,2.049530315969257,6882,6961,143,0,6818,6824,532331,65,1,0,64,137
2020-09-12,US,Ohio,Morgan,46,0,0,39.62081738,-81.85308173,39115.0,317.0664460987041,0.0,46,46,0,0,46,45,14604,0,0,0,0,1
2020-09-12,US,Ohio,Morrow,240,2,0,40.52363560000001,-82.7892599,39117.0,679.3478260869565,0.8333333333333334,238,238,2,0,236,237,35112,2,0,0,2,1
2020-09-12,US,Ohio,Muskingum,340,2,0,39.96575964,-81.94363275,39119.0,394.3629298845909,0.5882352941176471,338,336,2,0,334,330,86183,4,0,0,4,6
2020-09-12,US,Ohio,Noble,23,0,0,39.76818851,-81.45937183,39121.0,159.45646145313367,0.0,23,23,0,0,23,23,14354,0,0,0,0,0
2020-09-12,US,Ohio,Ottawa,461,30,0,41.53781826,-83.0940185,39123.0,1137.569401603948,6.507592190889372,431,459,30,0,429,458,40769,2,0,0,2,1
2020-09-12,US,Ohio,Paulding,93,0,0,41.11676341,-84.5801017,39125.0,498.0719794344473,0.0,93,92,0,0,92,90,18760,1,0,0,1,2
2020-09-12,US,Ohio,Perry,260,9,0,39.73508655,-82.23804971,39127.0,719.5439198538772,3.4615384615384617,251,258,9,0,249,257,36033,2,0,0,2,1
2020-09-12,US,Ohio,Pickaway,2548,44,0,39.64170392,-83.0243386,39129.0,4358.759430008382,1.7268445839874411,2504,2544,44,0,2500,2532,58086,4,0,0,4,12
2020-09-12,US,Ohio,Pike,121,0,0,39.07634001,-83.06769584,39131.0,435.69062364971916,0.0,121,118,0,0,118,118,28067,3,0,0,3,0
2020-09-12,US,Ohio,Portage,980,65,0,41.16793482,-81.19735782,39133.0,603.2031317321778,6.632653061224491,915,977,65,0,912,963,162927,3,0,0,3,14
2020-09-12,US,Ohio,Preble,397,10,0,39.7420247,-84.64787018,39135.0,971.0875201800303,2.5188916876574305,387,394,10,0,384,391,40997,3,0,0,3,3
2020-09-12,US,Ohio,Putnam,468,18,0,41.02094889,-84.1336111,39137.0,1382.1210241871179,3.8461538461538463,450,453,18,0,435,445,33780,15,0,0,15,8
2020-09-12,US,Ohio,Richland,741,18,0,40.77180308,-82.53799609999999,39139.0,611.6182709609258,2.42914979757085,723,736,18,0,718,731,121099,5,0,0,5,5
2020-09-12,US,Ohio,Ross,820,19,0,39.33705391,-83.06000914,39141.0,1069.5745180392873,2.3170731707317067,801,819,17,0,802,808,76931,1,2,0,-1,11
2020-09-12,US,Ohio,Sandusky,544,20,0,41.35624126,-83.137872,39143.0,929.6284903790288,3.6764705882352944,524,540,20,0,520,536,58799,4,0,0,4,4
2020-09-12,US,Ohio,Scioto,423,5,0,38.80270163,-82.98907345,39145.0,561.6485646758904,1.182033096926714,418,415,5,0,410,408,75502,8,0,0,8,7
2020-09-12,US,Ohio,Seneca,396,14,0,41.12351311,-83.12783209,39147.0,717.677335169814,3.5353535353535355,382,394,14,0,380,389,55207,2,0,0,2,5
2020-09-12,US,Ohio,Shelby,494,6,0,40.33163494,-84.20258189,39149.0,1016.6700967277216,1.214574898785425,488,481,6,0,475,462,48627,13,0,0,13,19
2020-09-12,US,Ohio,Stark,2558,158,0,40.81482476,-81.36437305,39151.0,690.2208814752055,6.1767005473025804,2400,2528,158,0,2370,2502,371574,30,0,0,30,26
2020-09-12,US,Ohio,Summit,4844,244,0,41.12464734,-81.53123079,39153.0,895.3574128532956,5.037159372419488,4600,4814,244,0,4570,4785,541918,30,0,0,30,29
2020-09-12,US,Ohio,Trumbull,1806,127,0,41.31735028,-80.76109643,39155.0,912.2410013436107,7.032115171650054,1679,1800,126,0,1674,1796,198627,6,1,0,5,4
2020-09-12,US,Ohio,Tuscarawas,885,19,0,40.44214695,-81.47226262,39157.0,962.092469588094,2.146892655367232,866,883,19,0,864,882,92176,2,0,0,2,1
2020-09-12,US,Ohio,Union,435,2,0,40.30016061,-83.37239023,39159.0,737.4381230080693,0.4597701149425287,433,430,2,0,428,426,57835,5,0,0,5,4
2020-09-12,US,Ohio,Van Wert,104,3,0,40.8554138,-84.59111700000003,39161.0,367.8160919540229,2.8846153846153846,101,103,3,0,100,102,28281,1,0,0,1,1
2020-09-12,US,Ohio,Vinton,41,3,0,39.25208988,-82.4831444,39163.0,313.3358807795185,7.317073170731707,38,41,3,0,38,41,13139,0,0,0,0,0
2020-09-12,US,Ohio,Warren,2692,46,0,39.42581994,-84.16557457,39165.0,1147.4752985908044,1.7087667161961366,2646,2649,46,0,2603,2603,232173,43,0,0,43,46
2020-09-12,US,Ohio,Washington,240,23,0,39.45690571,-81.49121382,39167.0,400.594214751882,9.583333333333334,217,239,23,0,216,238,60155,1,0,0,1,1
2020-09-12,US,Ohio,Wayne,861,65,0,40.82925852,-81.88844833,39169.0,744.1016333938294,7.549361207897793,796,854,65,0,789,840,115967,7,0,0,7,14
2020-09-12,US,Ohio,Williams,179,3,0,41.56052014,-84.58429552,39171.0,487.8447618009375,1.675977653631285,176,176,3,0,173,171,36804,3,0,0,3,5
2020-09-12,US,Ohio,Wood,1528,65,0,41.36224827,-83.62285108,39173.0,1168.0439086663048,4.2539267015706805,1463,1505,65,0,1440,1501,130696,23,0,0,23,4
2020-09-12,US,Ohio,Wyandot,196,11,0,40.84339621,-83.30734173,39175.0,900.2388388756201,5.612244897959183,185,195,11,0,184,195,21935,1,0,0,1,0
2020-09-12,US,Oklahoma,Adair,521,10,0,35.88494195,-94.65859267,40001.0,2347.4813012525906,1.919385796545105,511,518,10,0,508,514,22082,3,0,0,3,4
2020-09-12,US,Oklahoma,Alfalfa,36,0,0,36.73090616,-98.32408495,40003.0,631.3574184496667,0.0,36,20,0,0,20,20,5754,16,0,0,16,0
2020-09-12,US,Oklahoma,Atoka,175,1,0,34.37366573,-96.03802487,40005.0,1271.9872074429422,0.5714285714285714,174,174,1,0,173,172,13838,1,0,0,1,2
2020-09-12,US,Oklahoma,Beaver,46,0,0,36.7496847,-100.4758872,40007.0,866.1269064206365,0.0,46,44,0,0,44,44,5319,2,0,0,2,0
2020-09-12,US,Oklahoma,Beckham,167,1,0,35.26862449,-99.68128023,40009.0,763.9873736218491,0.5988023952095808,166,157,1,0,156,149,21709,10,0,0,10,8
2020-09-12,US,Oklahoma,Blaine,97,1,0,35.87518314,-98.43307003,40011.0,1028.7411178279774,1.0309278350515465,96,95,1,0,94,92,9485,2,0,0,2,3
2020-09-12,US,Oklahoma,Bryan,717,4,0,33.96472458,-96.25903472,40013.0,1493.9056151682464,0.5578800557880056,713,696,3,0,693,685,47192,21,1,0,20,11
2020-09-12,US,Oklahoma,Caddo,633,20,0,35.17364557,-98.37534464,40015.0,2200.820527084348,3.1595576619273302,613,626,20,0,606,619,28977,7,0,0,7,7
2020-09-12,US,Oklahoma,Canadian,1716,13,0,35.5426055,-97.98465569,40017.0,1157.0671449570482,0.7575757575757576,1703,1695,13,0,1682,1678,144447,21,0,0,21,17
2020-09-12,US,Oklahoma,Carter,465,8,0,34.25103751,-97.28552485,40019.0,966.5149342146286,1.7204301075268815,457,455,8,0,447,451,48177,10,0,0,10,4
2020-09-12,US,Oklahoma,Cherokee,864,7,0,35.90692775,-94.99980896,40021.0,1775.6951723287502,0.8101851851851852,857,842,7,0,835,816,48675,22,0,0,22,26
2020-09-12,US,Oklahoma,Choctaw,271,2,0,34.02807439,-95.54771129,40023.0,1847.0556161395853,0.7380073800738007,269,265,2,0,263,262,14668,6,0,0,6,3
2020-09-12,US,Oklahoma,Cimarron,18,0,0,36.74817177,-102.5173885,40025.0,842.3022929340196,0.0,18,18,0,0,18,17,2153,0,0,0,0,1
2020-09-12,US,Oklahoma,Cleveland,4919,67,0,35.20413532,-97.32519562,40027.0,1731.9568753652989,1.3620654604594429,4852,4861,67,0,4794,4757,281669,58,0,0,58,104
2020-09-12,US,Oklahoma,Coal,64,0,0,34.58840127,-96.29798747,40029.0,1164.6951774340312,0.0,64,65,0,0,65,63,5520,-1,0,0,-1,2
2020-09-12,US,Oklahoma,Comanche,1380,12,0,34.65973764,-98.47195055,40031.0,1142.8666075909532,0.8695652173913043,1368,1354,12,0,1342,1345,120422,26,0,0,26,9
2020-09-12,US,Oklahoma,Cotton,63,2,0,34.28845626,-98.37053567,40033.0,1111.8955171196612,3.1746031746031744,61,62,2,0,60,61,5776,1,0,0,1,1
2020-09-12,US,Oklahoma,Craig,196,1,0,36.76268118,-95.20916602,40035.0,1385.94258237873,0.5102040816326531,195,185,1,0,184,184,14306,11,0,0,11,1
2020-09-12,US,Oklahoma,Creek,964,27,0,35.90230551,-96.37086028,40037.0,1347.8370291658514,2.800829875518672,937,945,25,0,920,925,71604,19,2,0,17,20
2020-09-12,US,Oklahoma,Custer,399,0,0,35.63853802,-99.00170785,40039.0,1375.7197531289871,0.0,399,388,0,0,388,380,29036,11,0,0,11,8
2020-09-12,US,Oklahoma,Delaware,629,23,0,36.40823634,-94.80325046,40041.0,1462.484596247297,3.656597774244833,606,624,22,0,602,610,42733,5,1,0,4,14
2020-09-12,US,Oklahoma,Dewey,32,1,0,35.98772922,-99.00730714,40043.0,654.2629319157636,3.125,31,29,1,0,28,27,4894,3,0,0,3,2
2020-09-12,US,Oklahoma,Ellis,6,0,0,36.218019399999996,-99.75324573,40045.0,155.48069448043537,0.0,6,6,0,0,6,6,3952,0,0,0,0,0
2020-09-12,US,Oklahoma,Garfield,1276,17,0,36.3791334,-97.78265517,40047.0,2089.884696016772,1.3322884012539185,1259,1256,16,0,1240,1227,60913,20,1,0,19,29
2020-09-12,US,Oklahoma,Garvin,308,4,0,34.70418038,-97.30811132,40049.0,1111.4719786366422,1.2987012987012987,304,295,4,0,291,290,27811,13,0,0,13,5
2020-09-12,US,Oklahoma,Grady,676,7,0,35.0167709,-97.88339847,40051.0,1210.7318121574667,1.0355029585798816,669,644,7,0,637,620,55551,32,0,0,32,24
2020-09-12,US,Oklahoma,Grant,31,0,0,36.796296999999996,-97.78638765,40053.0,715.4396492037849,0.0,31,32,0,0,32,30,4326,-1,0,0,-1,2
2020-09-12,US,Oklahoma,Greer,96,8,0,34.93535801,-99.56056120000001,40055.0,1680.672268907563,8.333333333333334,88,94,8,0,86,93,5821,2,0,0,2,1
2020-09-12,US,Oklahoma,Harmon,43,0,0,34.7440135,-99.84741652,40057.0,1620.8066339992456,0.0,43,43,0,0,43,40,2664,0,0,0,0,3
2020-09-12,US,Oklahoma,Harper,24,0,0,36.78836519,-99.6679804,40059.0,650.7592190889371,0.0,24,24,0,0,24,24,3797,0,0,0,0,0
2020-09-12,US,Oklahoma,Haskell,207,4,0,35.22257600000001,-95.11513306,40061.0,1639.344262295082,1.932367149758454,203,198,4,0,194,197,12668,9,0,0,9,1
2020-09-12,US,Oklahoma,Hughes,257,4,0,35.04912569,-96.24921145,40063.0,1935.386700805784,1.5564202334630348,253,256,4,0,252,249,13335,1,0,0,1,7
2020-09-12,US,Oklahoma,Jackson,646,9,0,34.58781741,-99.41138784,40065.0,2633.509987770077,1.3931888544891642,637,642,9,0,633,637,24949,4,0,0,4,5
2020-09-12,US,Oklahoma,Jefferson,37,0,0,34.11130184,-97.83182974,40067.0,616.4611796067977,0.0,37,37,0,0,37,37,6123,0,0,0,0,0
2020-09-12,US,Oklahoma,Johnston,124,3,0,34.31440473,-96.66011537,40069.0,1118.6287776274244,2.419354838709677,121,121,3,0,118,121,10949,3,0,0,3,0
2020-09-12,US,Oklahoma,Kay,408,13,0,36.81799745,-97.14421435,40071.0,937.1124075520236,3.1862745098039214,395,401,13,0,388,386,44161,7,0,0,7,15
2020-09-12,US,Oklahoma,Kingfisher,298,2,0,35.94530008,-97.94193268,40073.0,1890.2632413574368,0.6711409395973155,296,293,2,0,291,292,15816,5,0,0,5,1
2020-09-12,US,Oklahoma,Kiowa,58,2,0,34.91671958,-98.97720696,40075.0,666.054203031695,3.4482758620689653,56,56,2,0,54,55,8729,2,0,0,2,1
2020-09-12,US,Oklahoma,Latimer,123,2,0,34.87844729,-95.25215049,40077.0,1221.0860716767595,1.6260162601626016,121,122,2,0,120,120,10231,1,0,0,1,2
2020-09-12,US,Oklahoma,Le Flore,848,16,0,34.89851864,-94.70392124,40079.0,1701.000942771749,1.8867924528301887,832,829,16,0,813,819,49980,19,0,0,19,10
2020-09-12,US,Oklahoma,Lincoln,348,9,0,35.70270942,-96.8812462,40081.0,997.792241305158,2.586206896551724,339,344,9,0,335,338,34920,4,0,0,4,6
2020-09-12,US,Oklahoma,Logan,355,1,0,35.91899576,-97.44352845,40083.0,739.4138843181772,0.28169014084507044,354,352,1,0,351,347,47291,3,0,0,3,5
2020-09-12,US,Oklahoma,Love,142,1,0,33.95273467,-97.23906784,40085.0,1384.9604993660391,0.7042253521126759,141,140,1,0,139,138,10134,2,0,0,2,2
2020-09-12,US,Oklahoma,Major,65,1,0,36.31149996,-98.53467076,40093.0,852.0120592476077,1.5384615384615383,64,62,1,0,61,58,7644,3,0,0,3,4
2020-09-12,US,Oklahoma,Marshall,147,1,0,34.02311222,-96.76855464,40095.0,868.2298741952632,0.6802721088435374,146,144,1,0,143,144,16806,3,0,0,3,0
2020-09-12,US,Oklahoma,Mayes,487,10,0,36.30179091,-95.23175116,40097.0,1184.9148418491486,2.053388090349076,477,484,10,0,474,477,41107,3,0,0,3,7
2020-09-12,US,Oklahoma,McClain,688,5,0,35.01123903,-97.44572302,40087.0,1699.8566981271927,0.7267441860465116,683,672,5,0,667,659,39985,16,0,0,16,13
2020-09-12,US,Oklahoma,McCurtain,1136,32,0,34.11664328,-94.77222373,40089.0,3460.038986354776,2.8169014084507036,1104,1129,31,0,1098,1119,32703,7,1,0,6,10
2020-09-12,US,Oklahoma,McIntosh,271,4,0,35.37235506,-95.66599306,40091.0,1382.9352929169218,1.4760147601476017,267,268,4,0,264,261,19815,3,0,0,3,7
2020-09-12,US,Oklahoma,Murray,106,1,0,34.48116015,-97.06826283,40099.0,753.2153769629788,0.9433962264150944,105,107,1,0,106,104,13953,-1,0,0,-1,3
2020-09-12,US,Oklahoma,Muskogee,1574,19,0,35.61318461,-95.37802952,40101.0,2314.808006235569,1.2071156289707752,1555,1524,18,0,1506,1498,68362,50,1,0,49,26
2020-09-12,US,Oklahoma,Noble,129,2,0,36.38953329,-97.22928674,40103.0,1158.9255233132692,1.5503875968992251,127,126,2,0,124,121,11289,3,0,0,3,5
2020-09-12,US,Oklahoma,Nowata,120,2,0,36.79843529,-95.61902331,40105.0,1190.9487892020645,1.6666666666666667,118,119,2,0,117,118,10218,1,0,0,1,1
2020-09-12,US,Oklahoma,Okfuskee,118,4,0,35.46485198,-96.32639984,40107.0,983.907279246227,3.3898305084745757,114,119,3,0,116,116,12098,-1,1,0,-2,3
2020-09-12,US,Oklahoma,Oklahoma,15021,174,0,35.55140095,-97.40716948,40109.0,1883.6668614581272,1.1583782704214098,14847,14872,173,0,14699,14713,792582,149,1,0,148,159
2020-09-12,US,Oklahoma,Okmulgee,703,5,0,35.64661916,-95.96432828,40111.0,1827.6355128038479,0.7112375533428165,698,700,5,0,695,691,38335,3,0,0,3,9
2020-09-12,US,Oklahoma,Osage,729,13,0,36.62888819,-96.39635704,40113.0,1552.2858420458658,1.7832647462277091,716,724,13,0,711,720,47014,5,0,0,5,4
2020-09-12,US,Oklahoma,Ottawa,696,4,0,36.83532655,-94.81011909,40115.0,2236.000899540592,0.5747126436781609,692,687,4,0,683,671,31175,9,0,0,9,16
2020-09-12,US,Oklahoma,Pawnee,229,3,0,36.31743373,-96.70331759999999,40117.0,1398.3878847093308,1.310043668122271,226,229,3,0,226,229,16390,0,0,0,0,0
2020-09-12,US,Oklahoma,Payne,1738,5,0,36.07695283,-96.97584944,40119.0,2125.1100459747627,0.28768699654775604,1733,1686,5,0,1681,1621,82040,52,0,0,52,65
2020-09-12,US,Oklahoma,Pittsburg,698,19,0,34.92065823,-95.75134320000001,40121.0,1598.9370962569296,2.722063037249284,679,688,19,0,669,675,43877,10,0,0,10,13
2020-09-12,US,Oklahoma,Pontotoc,290,3,0,34.72959848,-96.68337199,40123.0,757.4966043255669,1.0344827586206895,287,281,3,0,278,278,38247,9,0,0,9,3
2020-09-12,US,Oklahoma,Pottawatomie,1035,9,0,35.20614018,-96.94923008,40125.0,1425.7769451179192,0.8695652173913043,1026,1021,9,0,1012,992,72679,14,0,0,14,29
2020-09-12,US,Oklahoma,Pushmataha,134,1,0,34.41635232,-95.37603505,40127.0,1207.6423936553713,0.746268656716418,133,134,1,0,133,134,11179,0,0,0,0,0
2020-09-12,US,Oklahoma,Roger Mills,16,1,0,35.68711719,-99.69666167,40129.0,446.5531677365337,6.25,15,16,1,0,15,14,3656,0,0,0,0,2
2020-09-12,US,Oklahoma,Rogers,1533,45,0,36.37004357,-95.60406759,40131.0,1658.0322088709588,2.9354207436399222,1488,1505,45,0,1460,1484,91984,28,0,0,28,21
2020-09-12,US,Oklahoma,Seminole,374,5,0,35.16478725,-96.61686741,40133.0,1541.7594195729246,1.3368983957219251,369,371,5,0,366,366,24578,3,0,0,3,5
2020-09-12,US,Oklahoma,Sequoyah,699,8,0,35.49447108,-94.75463785,40135.0,1681.541533354182,1.1444921316165952,691,677,8,0,669,663,41179,22,0,0,22,14
2020-09-12,US,Oklahoma,Stephens,317,5,0,34.48556989,-97.85141892,40137.0,734.7657789212617,1.5772870662460567,312,304,4,0,300,300,43265,13,1,0,12,4
2020-09-12,US,Oklahoma,Texas,1311,8,0,36.74777635,-101.4889765,40139.0,6560.576490016514,0.6102212051868803,1303,1292,7,0,1285,1282,20455,19,1,0,18,10
2020-09-12,US,Oklahoma,Tillman,78,1,0,34.37288446,-98.92426619,40141.0,1075.8620689655172,1.2820512820512822,77,78,1,0,77,74,7348,0,0,0,0,4
2020-09-12,US,Oklahoma,Tulsa,15048,144,0,36.11939621,-95.94013939,40143.0,2309.562398703404,0.9569377990430622,14904,14891,144,0,14747,14764,648360,157,0,0,157,127
2020-09-12,US,Oklahoma,Unassigned,45,0,0,0.0,0.0,90040.0,0.0,0.0,45,17,0,0,17,16,,28,0,0,28,1
2020-09-12,US,Oklahoma,Wagoner,1308,23,0,35.96024096,-95.51911308,40145.0,1609.0737984229108,1.7584097859327217,1285,1300,23,0,1277,1290,80110,8,0,0,8,10
2020-09-12,US,Oklahoma,Washington,907,40,0,36.71380786,-95.90514104,40147.0,1760.2422031168123,4.410143329658214,867,899,40,0,859,896,51843,8,0,0,8,3
2020-09-12,US,Oklahoma,Washita,45,0,0,35.29071824,-98.99180434,40149.0,412.2389153536094,0.0,45,45,0,0,45,45,11127,0,0,0,0,0
2020-09-12,US,Oklahoma,Woods,32,0,0,36.76705782,-98.86573064,40151.0,363.9258501080405,0.0,32,33,0,0,33,33,8897,-1,0,0,-1,0
2020-09-12,US,Oklahoma,Woodward,149,0,0,36.42316318,-99.26283045,40153.0,737.2223046855673,0.0,149,135,0,0,135,137,20222,14,0,0,14,-2
2020-09-12,US,Oregon,Baker,90,2,0,44.70915557,-117.6749883,41001.0,558.1741503349044,2.2222222222222223,88,88,2,0,86,86,16006,2,0,0,2,2
2020-09-12,US,Oregon,Benton,243,6,0,44.49167306,-123.4316987,41003.0,261.1415000053733,2.469135802469136,237,240,6,0,234,234,92101,3,0,0,3,6
2020-09-12,US,Oregon,Clackamas,2142,59,0,45.18787398,-122.2179634,41005.0,512.211044341407,2.754435107376284,2083,2126,58,0,2068,2112,416075,16,1,0,15,14
2020-09-12,US,Oregon,Clatsop,102,0,0,45.99712889,-123.660711,41007.0,253.5799522673031,0.0,102,100,0,0,100,100,39764,2,0,0,2,0
2020-09-12,US,Oregon,Columbia,143,1,0,45.94464254,-123.08908980000001,41009.0,273.1405432249685,0.6993006993006993,142,138,1,0,137,137,52377,5,0,0,5,1
2020-09-12,US,Oregon,Coos,131,0,0,43.17406868,-124.0594514,41011.0,203.1417184858964,0.0,131,131,0,0,131,129,64389,0,0,0,0,2
2020-09-12,US,Oregon,Crook,59,1,0,44.14230227,-120.356297,41013.0,241.7636453040485,1.6949152542372878,58,59,1,0,58,59,23867,0,0,0,0,0
2020-09-12,US,Oregon,Curry,25,0,0,42.45911325,-124.15728200000001,41015.0,109.05125408942206,0.0,25,25,0,0,25,24,22813,0,0,0,0,1
2020-09-12,US,Oregon,Deschutes,720,12,0,43.91570171,-121.2289121,41017.0,364.20290148311517,1.6666666666666667,708,711,12,0,699,708,191996,9,0,0,9,3
2020-09-12,US,Oregon,Douglas,187,3,0,43.27941273,-123.16729099999999,41019.0,168.49882861776896,1.60427807486631,184,183,3,0,180,182,110283,4,0,0,4,1
2020-09-12,US,Oregon,Gilliam,4,0,0,45.37160076,-120.20488689999999,41021.0,209.20502092050208,0.0,4,4,0,0,4,4,1894,0,0,0,0,0
2020-09-12,US,Oregon,Grant,8,0,0,44.49024544,-119.0068631,41023.0,111.12654535352131,0.0,8,8,0,0,8,8,7176,0,0,0,0,0
2020-09-12,US,Oregon,Harney,12,0,0,43.06422669,-118.96663059999999,41025.0,162.31570404436633,0.0,12,12,0,0,12,12,7329,0,0,0,0,0
2020-09-12,US,Oregon,Hood River,238,0,0,45.51872811,-121.65520359999998,41027.0,1017.8769994012488,0.0,238,238,0,0,238,238,23428,0,0,0,0,0
2020-09-12,US,Oregon,Jackson,954,3,0,42.43201126,-122.72893090000001,41029.0,431.78361937866606,0.31446540880503143,951,943,3,0,940,936,219564,11,0,0,11,7
2020-09-12,US,Oregon,Jefferson,486,8,0,44.62806839,-121.17832,41031.0,1970.9627707032198,1.6460905349794241,478,482,8,0,474,479,24192,4,0,0,4,3
2020-09-12,US,Oregon,Josephine,174,2,0,42.3665549,-123.5561938,41033.0,198.8866917370581,1.1494252873563218,172,174,2,0,172,174,87393,0,0,0,0,0
2020-09-12,US,Oregon,Klamath,242,2,0,42.68762984,-121.64964609999998,41035.0,354.6411090594683,0.8264462809917356,240,240,2,0,238,239,67653,2,0,0,2,1
2020-09-12,US,Oregon,Lake,29,0,0,42.79246693,-120.38501629999999,41037.0,368.5347566399797,0.0,29,29,0,0,29,30,7879,0,0,0,0,-1
2020-09-12,US,Oregon,Lane,838,12,0,43.93727035,-122.847753,41039.0,219.33325830286307,1.431980906921241,826,825,11,0,814,817,379611,13,1,0,12,8
2020-09-12,US,Oregon,Lincoln,472,13,0,44.64252874,-123.86991200000001,41041.0,944.7179856691084,2.754237288135593,459,471,13,0,458,471,49388,1,0,0,1,0
2020-09-12,US,Oregon,Linn,427,13,0,44.48899494,-122.53731540000001,41043.0,329.09694872407493,3.0444964871194378,414,424,13,0,411,421,127335,3,0,0,3,3
2020-09-12,US,Oregon,Malheur,1381,22,0,43.1937027,-117.62273950000001,41045.0,4517.353047005332,1.5930485155684286,1359,1354,22,0,1332,1326,30725,27,0,0,27,28
2020-09-12,US,Oregon,Marion,4222,85,0,44.90287942,-122.58151170000001,41047.0,1213.8532220874135,2.0132638559924207,4137,4174,85,0,4089,4141,346868,48,0,0,48,33
2020-09-12,US,Oregon,Morrow,470,4,0,45.41846568,-119.584546,41049.0,4050.676549168319,0.851063829787234,466,465,4,0,461,463,11372,5,0,0,5,2
2020-09-12,US,Oregon,Multnomah,6522,128,0,45.54747959,-122.4169351,41051.0,802.3571239642987,1.9625881631401407,6394,6458,126,0,6332,6399,811880,64,2,0,62,59
2020-09-12,US,Oregon,Polk,474,15,0,44.90322804,-123.4128888,41053.0,550.6185746645757,3.1645569620253164,459,469,15,0,454,464,85234,5,0,0,5,5
2020-09-12,US,Oregon,Sherman,18,0,0,45.41501554,-120.6827834,41055.0,1011.2359550561798,0.0,18,18,0,0,18,18,1708,0,0,0,0,0
2020-09-12,US,Oregon,Tillamook,45,0,0,45.46248721,-123.712066,41057.0,166.4447403462051,0.0,45,44,0,0,44,44,26787,1,0,0,1,0
2020-09-12,US,Oregon,Umatilla,2839,41,0,45.59073056,-118.7353826,41059.0,3642.0782552918536,1.4441704825642832,2798,2812,40,0,2772,2803,77516,27,1,0,26,9
2020-09-12,US,Oregon,Union,431,2,0,45.30915495,-118.0068979,41061.0,1606.1114216508292,0.4640371229698376,429,429,2,0,427,427,26461,2,0,0,2,2
2020-09-12,US,Oregon,Wallowa,23,1,0,45.57894064,-117.18353799999998,41063.0,319.0899001109878,4.3478260869565215,22,23,1,0,22,23,7081,0,0,0,0,0
2020-09-12,US,Oregon,Wasco,226,3,0,45.16292781,-121.16709540000001,41065.0,847.0129675436624,1.327433628318584,223,225,3,0,222,224,26505,1,0,0,1,1
2020-09-12,US,Oregon,Washington,4073,53,0,45.55972701,-123.0955257,41067.0,677.0369286825622,1.301252148293641,4020,4046,52,0,3994,4029,597695,27,1,0,26,17
2020-09-12,US,Oregon,Yamhill,706,14,0,45.23330449,-123.3086963,41071.0,659.1970121381886,1.9830028328611895,692,697,14,0,683,693,107002,9,0,0,9,4
2020-09-12,US,Pennsylvania,Adams,734,24,0,39.87140411,-77.21610347,42001.0,712.5590967779515,3.2697547683923704,710,723,24,0,699,721,102811,11,0,0,11,2
2020-09-12,US,Pennsylvania,Allegheny,11126,331,0,40.46809875,-79.98167747,42003.0,914.9332467137317,2.975013481934208,10795,11069,331,0,10738,10969,1218452,57,0,0,57,100
2020-09-12,US,Pennsylvania,Armstrong,380,13,0,40.81665618,-79.46290811,42005.0,587.0085734146908,3.421052631578948,367,378,13,0,365,370,65263,2,0,0,2,8
2020-09-12,US,Pennsylvania,Beaver,1767,106,0,40.6825484,-80.34921611,42007.0,1077.9056786779643,5.998868138087152,1661,1757,106,0,1651,1731,164742,10,0,0,10,26
2020-09-12,US,Pennsylvania,Bedford,202,6,0,40.00522157,-78.48998442,42009.0,421.81757434012695,2.9702970297029703,196,199,6,0,193,191,48176,3,0,0,3,8
2020-09-12,US,Pennsylvania,Berks,6521,385,0,40.41570541,-75.92457766,42011.0,1548.3279672526614,5.90400245361141,6136,6442,385,0,6057,6412,420152,79,0,0,79,30
2020-09-12,US,Pennsylvania,Blair,517,13,0,40.47961444,-78.34917412,42013.0,424.3652989025602,2.514506769825919,504,511,13,0,498,506,122492,6,0,0,6,5
2020-09-12,US,Pennsylvania,Bradford,104,3,0,41.78869215,-76.51570822,42015.0,172.40521857334681,2.8846153846153846,101,103,3,0,100,103,60833,1,0,0,1,0
2020-09-12,US,Pennsylvania,Bucks,8229,594,0,40.33682119,-75.10836643,42017.0,1309.7871934041098,7.218374043018593,7635,8198,594,0,7604,8148,628195,31,0,0,31,50
2020-09-12,US,Pennsylvania,Butler,932,21,0,40.91152759,-79.91351055,42019.0,496.1326143314186,2.253218884120172,911,923,21,0,902,913,187888,9,0,0,9,10
2020-09-12,US,Pennsylvania,Cambria,518,6,0,40.49527404,-78.71377428,42021.0,397.873909303183,1.1583011583011582,512,515,6,0,509,513,131730,3,0,0,3,2
2020-09-12,US,Pennsylvania,Cameron,8,0,0,41.43625568,-78.20376845,42023.0,179.89655947830002,0.0,8,8,0,0,8,8,4492,0,0,0,0,0
2020-09-12,US,Pennsylvania,Carbon,436,28,0,40.91545395,-75.7068525,42025.0,679.3181889003147,6.422018348623853,408,436,28,0,408,431,64227,0,0,0,0,5
2020-09-12,US,Pennsylvania,Centre,1135,11,0,40.92058903,-77.82200624,42027.0,698.9561843766357,0.9691629955947136,1124,1062,11,0,1051,925,162805,73,0,0,73,137
2020-09-12,US,Pennsylvania,Chester,6187,362,0,39.97291773,-75.74768357,42029.0,1178.500882875641,5.850977856796509,5825,6187,362,0,5825,6149,522046,0,0,0,0,38
2020-09-12,US,Pennsylvania,Clarion,110,3,0,41.19265812,-79.42413524,42031.0,286.1751391851813,2.727272727272727,107,107,3,0,104,107,38779,3,0,0,3,0
2020-09-12,US,Pennsylvania,Clearfield,271,1,0,41.00110782,-78.47592663,42033.0,341.93426282253483,0.3690036900369004,270,270,1,0,269,265,79388,1,0,0,1,5
2020-09-12,US,Pennsylvania,Clinton,169,5,0,41.23255967,-77.63785995,42035.0,437.46117208531786,2.9585798816568047,164,166,5,0,161,165,38684,3,0,0,3,1
2020-09-12,US,Pennsylvania,Columbia,836,35,0,41.04821986,-76.40565017,42037.0,1286.866572255403,4.186602870813397,801,831,35,0,796,824,65456,5,0,0,5,7
2020-09-12,US,Pennsylvania,Crawford,245,2,0,41.68447709,-80.10760592,42039.0,289.498871545215,0.8163265306122449,243,245,2,0,243,241,85063,0,0,0,0,4
2020-09-12,US,Pennsylvania,Cumberland,1661,73,0,40.1625372,-77.26130755,42041.0,655.5630106168844,4.3949428055388315,1588,1649,73,0,1576,1638,251423,12,0,0,12,11
2020-09-12,US,Pennsylvania,Dauphin,3559,169,0,40.41377078,-76.77993242,42043.0,1278.8403839036432,4.748524866535544,3390,3543,169,0,3374,3508,277097,16,0,0,16,35
2020-09-12,US,Pennsylvania,Delaware,10857,739,0,39.91680171,-75.40243663,42045.0,1915.6696021328744,6.806668508796167,10118,10811,739,0,10072,10767,564751,46,0,0,46,44
2020-09-12,US,Pennsylvania,Elk,66,2,0,41.42822061,-78.64524744,42047.0,220.6619859578736,3.0303030303030303,64,65,2,0,63,65,30169,1,0,0,1,0
2020-09-12,US,Pennsylvania,Erie,1421,37,0,41.99253829,-80.03301954,42049.0,526.8270257444536,2.6038001407459537,1384,1411,37,0,1374,1407,272061,10,0,0,10,4
2020-09-12,US,Pennsylvania,Fayette,740,7,0,39.92041012,-79.64291195,42051.0,572.4275569720129,0.945945945945946,733,733,7,0,726,728,130441,7,0,0,7,5
2020-09-12,US,Pennsylvania,Forest,14,0,0,41.51095103,-79.23229292,42053.0,193.1833862287843,0.0,14,14,0,0,14,14,7279,0,0,0,0,0
2020-09-12,US,Pennsylvania,Franklin,1642,49,0,39.92956518,-77.72157791,42055.0,1059.1703380701426,2.984165651644336,1593,1633,49,0,1584,1620,154835,9,0,0,9,13
2020-09-12,US,Pennsylvania,Fulton,40,2,0,39.92913544,-78.11163677,42057.0,275.29249827942186,5.0,38,39,2,0,37,38,14523,1,0,0,1,1
2020-09-12,US,Pennsylvania,Greene,159,1,0,39.85746531,-80.22357106,42059.0,438.82648414428843,0.6289308176100629,158,156,1,0,155,153,36506,3,0,0,3,3
2020-09-12,US,Pennsylvania,Huntingdon,393,6,0,40.42162652,-77.97673273,42061.0,870.5475810738968,1.5267175572519085,387,392,6,0,386,389,45168,1,0,0,1,3
2020-09-12,US,Pennsylvania,Indiana,523,11,0,40.65241041,-79.08963285,42063.0,622.0784318389971,2.103250478011472,512,505,11,0,494,485,84501,18,0,0,18,20
2020-09-12,US,Pennsylvania,Jefferson,101,2,0,41.12913106,-78.9986361,42065.0,232.5849165227404,1.98019801980198,99,101,2,0,99,101,43641,0,0,0,0,0
2020-09-12,US,Pennsylvania,Juniata,164,6,0,40.53358749,-77.39975129999998,42067.0,662.2783992246498,3.6585365853658534,158,161,6,0,155,160,24704,3,0,0,3,1
2020-09-12,US,Pennsylvania,Lackawanna,2301,214,0,41.43564672,-75.60379201,42069.0,1097.4178963533866,9.300304215558453,2087,2262,214,0,2048,2225,210793,39,0,0,39,37
2020-09-12,US,Pennsylvania,Lancaster,7273,445,0,40.03904563,-76.24770128,42071.0,1332.7249671995364,6.1185205554791695,6828,7238,445,0,6793,7185,543557,35,0,0,35,53
2020-09-12,US,Pennsylvania,Lawrence,481,21,0,40.99206278,-80.33393706,42073.0,562.4941528674339,4.365904365904367,460,480,21,0,459,480,86184,1,0,0,1,0
2020-09-12,US,Pennsylvania,Lebanon,1814,57,0,40.36680311,-76.45651841,42075.0,1279.3297271374468,3.142227122381477,1757,1807,57,0,1750,1794,141314,7,0,0,7,13
2020-09-12,US,Pennsylvania,Lehigh,5366,345,0,40.6154815,-75.59435245,42077.0,1452.9484076053698,6.42937010808796,5021,5348,345,0,5003,5329,368100,18,0,0,18,19
2020-09-12,US,Pennsylvania,Luzerne,3941,189,0,41.17823008,-75.98447579,42079.0,1241.584414193317,4.795737122557727,3752,3926,189,0,3737,3913,317646,15,0,0,15,13
2020-09-12,US,Pennsylvania,Lycoming,585,23,0,41.34310539,-77.06629984,42081.0,516.332889081104,3.931623931623931,562,582,23,0,559,572,113664,3,0,0,3,10
2020-09-12,US,Pennsylvania,McKean,47,2,0,41.80938602,-78.56478358,42083.0,115.69230769230772,4.25531914893617,45,44,2,0,42,44,40968,3,0,0,3,0
2020-09-12,US,Pennsylvania,Mercer,636,13,0,41.30248872,-80.25816981,42085.0,581.225325339962,2.0440251572327046,623,619,13,0,606,617,110683,17,0,0,17,2
2020-09-12,US,Pennsylvania,Mifflin,189,1,0,40.61116939,-77.61070738,42087.0,409.64064328752886,0.5291005291005291,188,185,1,0,184,177,46222,4,0,0,4,8
2020-09-12,US,Pennsylvania,Monroe,1753,129,0,41.05934058,-75.34031025,42089.0,1029.5352702456669,7.358813462635482,1624,1753,129,0,1624,1750,169507,0,0,0,0,3
2020-09-12,US,Pennsylvania,Montgomery,11578,867,0,40.21053671,-75.36652296,42091.0,1393.403657413815,7.488339955087234,10711,11537,867,0,10670,11510,828604,41,0,0,41,27
2020-09-12,US,Pennsylvania,Montour,160,5,0,41.03023987,-76.66345939,42093.0,877.6741634668131,3.125,155,158,5,0,153,154,18240,2,0,0,2,4
2020-09-12,US,Pennsylvania,Northampton,4224,302,0,40.75182733,-75.30471829,42095.0,1383.6251371669096,7.149621212121213,3922,4210,302,0,3908,4196,304807,14,0,0,14,14
2020-09-12,US,Pennsylvania,Northumberland,799,43,0,40.84785433,-76.70798222,42097.0,879.5394251620927,5.381727158948686,756,784,43,0,741,777,91083,15,0,0,15,7
2020-09-12,US,Pennsylvania,Perry,186,6,0,40.40206612,-77.26297447,42099.0,401.97095435684645,3.2258064516129035,180,184,6,0,178,184,46139,2,0,0,2,0
2020-09-12,US,Pennsylvania,Philadelphia,35094,1770,0,40.00338507,-75.1379271,42101.0,2215.4407902711,5.0435971961018975,33324,34986,1770,0,33216,34887,1584138,108,0,0,108,99
2020-09-12,US,Pennsylvania,Pike,554,21,0,41.33155042,-75.03208106,42103.0,992.6714329230052,3.790613718411553,533,553,21,0,532,549,55933,1,0,0,1,4
2020-09-12,US,Pennsylvania,Potter,25,0,0,41.74471626,-77.89559864,42105.0,151.27677598935009,0.0,25,25,0,0,25,25,16622,0,0,0,0,0
2020-09-12,US,Pennsylvania,Schuylkill,1029,51,0,40.70497338,-76.2150785,42107.0,727.9338422031848,4.956268221574344,978,1026,51,0,975,1023,142067,3,0,0,3,3
2020-09-12,US,Pennsylvania,Snyder,203,3,0,40.77129231,-77.06840691,42109.0,502.8237392252056,1.477832512315271,200,197,3,0,194,193,40540,6,0,0,6,4
2020-09-12,US,Pennsylvania,Somerset,195,3,0,39.97172723,-79.02699593,42111.0,265.4975696760929,1.5384615384615383,192,192,3,0,189,190,73952,3,0,0,3,2
2020-09-12,US,Pennsylvania,Sullivan,10,0,0,41.44634738,-76.51246591,42113.0,164.85328058028355,0.0,10,10,0,0,10,10,6071,0,0,0,0,0
2020-09-12,US,Pennsylvania,Susquehanna,286,28,0,41.82147784,-75.80071959,42115.0,709.1846855782582,9.79020979020979,258,284,28,0,256,284,40589,2,0,0,2,0
2020-09-12,US,Pennsylvania,Tioga,51,3,0,41.77255149,-77.25433032,42117.0,125.64361557980831,5.882352941176472,48,50,3,0,47,50,40763,1,0,0,1,0
2020-09-12,US,Pennsylvania,Union,425,6,0,40.96188846,-77.05996014,42119.0,946.0632638069586,1.4117647058823528,419,420,6,0,414,416,44785,5,0,0,5,4
2020-09-12,US,Pennsylvania,Venango,74,1,0,41.40323442,-79.75845449,42121.0,146.04878818978452,1.351351351351351,73,74,1,0,73,74,51266,0,0,0,0,0
2020-09-12,US,Pennsylvania,Warren,40,1,0,41.81304978,-79.26969577,42123.0,102.06424944502564,2.5,39,40,1,0,39,40,39498,0,0,0,0,0
2020-09-12,US,Pennsylvania,Washington,1190,28,0,40.19208869,-80.24582867,42125.0,575.2543929615932,2.3529411764705883,1162,1177,28,0,1149,1163,207346,13,0,0,13,14
2020-09-12,US,Pennsylvania,Wayne,201,10,0,41.64938475,-75.29956506,42127.0,391.3475204922023,4.975124378109452,191,198,10,0,188,195,51276,3,0,0,3,3
2020-09-12,US,Pennsylvania,Westmoreland,1962,49,0,40.31377979999999,-79.46615476,42129.0,562.3403907721147,2.4974515800203867,1913,1945,49,0,1896,1925,350611,17,0,0,17,20
2020-09-12,US,Pennsylvania,Wyoming,72,8,0,41.51955538,-76.01074915,42131.0,268.7168769127417,11.111111111111109,64,71,8,0,63,71,27046,1,0,0,1,0
2020-09-12,US,Pennsylvania,York,4124,132,0,39.9210089,-76.73040131,42133.0,918.3668924726873,3.2007759456838016,3992,3995,132,0,3863,3929,448273,129,0,0,129,66
2020-09-12,US,Puerto Rico,Adjuntas,135,0,0,18.180117000000006,-66.754367,72001.0,692.9117692347174,0.0,135,135,0,0,135,132,,0,0,0,0,3
2020-09-12,US,Puerto Rico,Aguada,256,0,0,18.360255,-67.17513100000001,72003.0,610.1194022736481,0.0,256,254,0,0,254,253,,2,0,0,2,1
2020-09-12,US,Puerto Rico,Aguadilla,364,0,0,18.459681,-67.12081500000001,72005.0,597.2206270816584,0.0,364,358,0,0,358,353,,6,0,0,6,5
2020-09-12,US,Puerto Rico,Aguas Buenas,221,0,0,18.251619,-66.126806,72007.0,771.1364667294741,0.0,221,221,0,0,221,218,,0,0,0,0,3
2020-09-12,US,Puerto Rico,Aibonito,133,0,0,18.131361,-66.264131,72009.0,513.5135135135135,0.0,133,133,0,0,133,129,,0,0,0,0,4
2020-09-12,US,Puerto Rico,Anasco,200,0,0,18.287985,-67.120611,72011.0,683.5036396568812,0.0,200,198,0,0,198,196,,2,0,0,2,2
2020-09-12,US,Puerto Rico,Arecibo,574,0,0,18.406631,-66.675077,72013.0,595.1887183741187,0.0,574,561,0,0,561,554,,13,0,0,13,7
2020-09-12,US,Puerto Rico,Arroyo,148,0,0,17.998457000000005,-66.056546,72015.0,756.066411238825,0.0,148,138,0,0,138,137,,10,0,0,10,1
2020-09-12,US,Puerto Rico,Barceloneta,148,0,0,18.445532999999998,-66.56053100000001,72017.0,596.3894261766602,0.0,148,147,0,0,147,142,,1,0,0,1,5
2020-09-12,US,Puerto Rico,Barranquitas,372,0,0,18.201592,-66.30963,72019.0,1226.9938650306751,0.0,372,370,0,0,370,370,,2,0,0,2,0
2020-09-12,US,Puerto Rico,Bayamon,2953,0,0,18.34946,-66.168435,72021.0,1418.92021757097,0.0,2953,2908,0,0,2908,2886,,45,0,0,45,22
2020-09-12,US,Puerto Rico,Cabo Rojo,291,0,0,18.040993,-67.154391,72023.0,571.5183533986684,0.0,291,284,0,0,284,283,,7,0,0,7,1
2020-09-12,US,Puerto Rico,Caguas,1248,0,0,18.211615,-66.050779,72025.0,873.3807814238626,0.0,1248,1229,0,0,1229,1207,,19,0,0,19,22
2020-09-12,US,Puerto Rico,Camuy,210,0,0,18.418578,-66.860206,72027.0,597.2866122472198,0.0,210,207,0,0,207,206,,3,0,0,3,1
2020-09-12,US,Puerto Rico,Canovanas,579,0,0,18.328802,-65.887612,72029.0,1215.1611820013431,0.0,579,572,0,0,572,566,,7,0,0,7,6
2020-09-12,US,Puerto Rico,Carolina,2140,0,0,18.374986,-65.95683100000001,72031.0,1210.6674511490025,0.0,2140,2120,0,0,2120,2105,,20,0,0,20,15
2020-09-12,US,Puerto Rico,Catano,358,0,0,18.437269,-66.14330600000001,72033.0,1272.2103766879884,0.0,358,333,0,0,333,330,,25,0,0,25,3
2020-09-12,US,Puerto Rico,Cayey,295,0,0,18.102851,-66.14914,72035.0,613.0634468712982,0.0,295,286,0,0,286,283,,9,0,0,9,3
2020-09-12,US,Puerto Rico,Ceiba,95,0,0,18.251818,-65.666416,72037.0,696.940796713374,0.0,95,95,0,0,95,94,,0,0,0,0,1
2020-09-12,US,Puerto Rico,Ciales,199,0,0,18.28885,-66.516475,72039.0,1059.5250772015759,0.0,199,198,0,0,198,195,,1,0,0,1,3
2020-09-12,US,Puerto Rico,Cidra,258,0,0,18.173559,-66.161179,72041.0,593.3762649494022,0.0,258,253,0,0,253,251,,5,0,0,5,2
2020-09-12,US,Puerto Rico,Coamo,232,0,0,18.097597,-66.36014,72043.0,572.6698262243286,0.0,232,228,0,0,228,226,,4,0,0,4,2
2020-09-12,US,Puerto Rico,Comerio,191,0,0,18.224687,-66.221622,72045.0,919.2415054384444,0.0,191,181,0,0,181,175,,10,0,0,10,6
2020-09-12,US,Puerto Rico,Corozal,466,0,0,18.304264,-66.327738,72047.0,1254.6443379462605,0.0,466,457,0,0,457,454,,9,0,0,9,3
2020-09-12,US,Puerto Rico,Culebra,21,0,0,18.31586,-65.28813000000001,72049.0,1155.1155115511556,0.0,21,21,0,0,21,21,,0,0,0,0,0
2020-09-12,US,Puerto Rico,Dorado,582,0,0,18.436115,-66.278669,72051.0,1524.9574217214729,0.0,582,571,0,0,571,565,,11,0,0,11,6
2020-09-12,US,Puerto Rico,Fajardo,408,0,0,18.318373,-65.666866,72053.0,1102.911361608953,0.0,408,402,0,0,402,399,,6,0,0,6,3
2020-09-12,US,Puerto Rico,Florida,221,0,0,18.373715,-66.560488,72054.0,1742.9022082018928,0.0,221,220,0,0,220,218,,1,0,0,1,2
2020-09-12,US,Puerto Rico,Guanica,87,0,0,17.982429,-66.91964300000001,72055.0,447.8303392186133,0.0,87,87,0,0,87,85,,0,0,0,0,2
2020-09-12,US,Puerto Rico,Guayama,260,0,0,18.007516,-66.13390799999999,72057.0,573.1669679467395,0.0,260,249,0,0,249,246,,11,0,0,11,3
2020-09-12,US,Puerto Rico,Guayanilla,148,0,0,18.039942,-66.79186,72059.0,685.7884250034753,0.0,148,148,0,0,148,148,,0,0,0,0,0
2020-09-12,US,Puerto Rico,Guaynabo,1389,0,0,18.345114000000002,-66.11452299999999,72061.0,1418.4469588660595,0.0,1389,1381,0,0,1381,1375,,8,0,0,8,6
2020-09-12,US,Puerto Rico,Gurabo,414,0,0,18.266461,-65.97970500000001,72063.0,912.5173576671297,0.0,414,408,0,0,408,404,,6,0,0,6,4
2020-09-12,US,Puerto Rico,Hatillo,214,0,0,18.410928,-66.79632600000001,72065.0,510.0946297046695,0.0,214,210,0,0,210,209,,4,0,0,4,1
2020-09-12,US,Puerto Rico,Hormigueros,139,0,0,18.134532,-67.113972,72067.0,805.7971014492754,0.0,139,131,0,0,131,130,,8,0,0,8,1
2020-09-12,US,Puerto Rico,Humacao,367,0,0,18.145211,-65.810174,72069.0,627.7152533096158,0.0,367,358,0,0,358,355,,9,0,0,9,3
2020-09-12,US,Puerto Rico,Isabela,232,0,0,18.44981,-67.005093,72071.0,508.42628914553705,0.0,232,230,0,0,230,223,,2,0,0,2,7
2020-09-12,US,Puerto Rico,Jayuya,214,0,0,18.211446,-66.58878,72073.0,1285.9031366422305,0.0,214,214,0,0,214,214,,0,0,0,0,0
2020-09-12,US,Puerto Rico,Juana Diaz,285,0,0,18.050764,-66.49458100000001,72075.0,356.7092631763396,0.0,285,282,0,0,282,281,,3,0,0,3,1
2020-09-12,US,Puerto Rico,Juncos,279,0,0,18.223793,-65.909109,72077.0,692.4795234549516,0.0,279,273,0,0,273,269,,6,0,0,6,4
2020-09-12,US,Puerto Rico,Lajas,125,0,0,18.011661,-67.040585,72079.0,485.380344037588,0.0,125,123,0,0,123,121,,2,0,0,2,2
2020-09-12,US,Puerto Rico,Lares,262,0,0,18.269035000000002,-66.867236,72081.0,851.9494033102461,0.0,262,262,0,0,262,262,,0,0,0,0,0
2020-09-12,US,Puerto Rico,Las Marias,91,0,0,18.23679,-66.98362,72083.0,920.9594170630504,0.0,91,88,0,0,88,88,,3,0,0,3,0
2020-09-12,US,Puerto Rico,Las Piedras,365,0,0,18.187527,-65.86946800000001,72085.0,943.7621202327084,0.0,365,350,0,0,350,347,,15,0,0,15,3
2020-09-12,US,Puerto Rico,Loiza,212,0,0,18.425688,-65.89943000000001,72087.0,705.2561543579508,0.0,212,209,0,0,209,207,,3,0,0,3,2
2020-09-12,US,Puerto Rico,Luquillo,194,0,0,18.342114000000002,-65.72509699999999,72089.0,966.7131752043052,0.0,194,192,0,0,192,192,,2,0,0,2,0
2020-09-12,US,Puerto Rico,Manati,430,0,0,18.420473,-66.490461,72091.0,974.7693423707296,0.0,430,423,0,0,423,396,,7,0,0,7,27
2020-09-12,US,Puerto Rico,Maricao,69,0,0,18.171795,-66.942126,72093.0,1099.4263862332696,0.0,69,66,0,0,66,66,,3,0,0,3,0
2020-09-12,US,Puerto Rico,Maunabo,99,0,0,18.017889,-65.922235,72095.0,809.8159509202452,0.0,99,98,0,0,98,98,,1,0,0,1,0
2020-09-12,US,Puerto Rico,Mayaguez,707,0,0,18.2013,-67.1452,72097.0,793.6686124831613,0.0,707,701,0,0,701,692,,6,0,0,6,9
2020-09-12,US,Puerto Rico,Moca,287,0,0,18.377805,-67.080952,72099.0,715.5501259069036,0.0,287,283,0,0,283,278,,4,0,0,4,5
2020-09-12,US,Puerto Rico,Morovis,442,0,0,18.316963,-66.420383,72101.0,1355.41245016866,0.0,442,434,0,0,434,433,,8,0,0,8,1
2020-09-12,US,Puerto Rico,Naguabo,158,0,0,18.230636999999998,-65.753897,72103.0,591.3173652694611,0.0,158,153,0,0,153,151,,5,0,0,5,2
2020-09-12,US,Puerto Rico,Naranjito,516,0,0,18.288019,-66.252703,72105.0,1697.2567594237219,0.0,516,515,0,0,515,514,,1,0,0,1,1
2020-09-12,US,Puerto Rico,Orocovis,285,0,0,18.215046,-66.433604,72107.0,1216.7527643768944,0.0,285,283,0,0,283,283,,2,0,0,2,0
2020-09-12,US,Puerto Rico,Out of PR,765,0,0,0.0,0.0,72888.0,0.0,0.0,765,762,0,0,762,755,,3,0,0,3,7
2020-09-12,US,Puerto Rico,Patillas,152,0,0,18.03174,-66.012242,72109.0,788.5044353374487,0.0,152,147,0,0,147,147,,5,0,0,5,0
2020-09-12,US,Puerto Rico,Penuelas,102,0,0,18.059645,-66.721572,72111.0,420.0642451198418,0.0,102,101,0,0,101,101,,1,0,0,1,0
2020-09-12,US,Puerto Rico,Ponce,695,0,0,18.059498,-66.613748,72113.0,417.85158152314415,0.0,695,682,0,0,682,676,,13,0,0,13,6
2020-09-12,US,Puerto Rico,Quebradillas,133,0,0,18.439692,-66.926113,72115.0,513.1370809058991,0.0,133,130,0,0,130,126,,3,0,0,3,4
2020-09-12,US,Puerto Rico,Rincon,146,0,0,18.335442999999998,-67.23174,72117.0,960.5263157894735,0.0,146,145,0,0,145,145,,1,0,0,1,0
2020-09-12,US,Puerto Rico,Rio Grande,474,0,0,18.346329,-65.813742,72119.0,872.8638774307602,0.0,474,472,0,0,472,468,,2,0,0,2,4
2020-09-12,US,Puerto Rico,Sabana Grande,177,0,0,18.08282,-66.943758,72121.0,700.5739164852562,0.0,177,176,0,0,176,174,,1,0,0,1,2
2020-09-12,US,Puerto Rico,Salinas,348,0,0,18.010386999999994,-66.256592,72123.0,1119.7631765235858,0.0,348,343,0,0,343,334,,5,0,0,5,9
2020-09-12,US,Puerto Rico,San German,211,0,0,18.111484,-67.03858100000001,72125.0,593.9144875728321,0.0,211,206,0,0,206,206,,5,0,0,5,0
2020-09-12,US,Puerto Rico,San Juan,5972,0,0,18.386933,-66.061128,72127.0,1510.6519682489895,0.0,5972,5926,0,0,5926,5884,,46,0,0,46,42
2020-09-12,US,Puerto Rico,San Lorenzo,342,0,0,18.147987,-65.976392,72129.0,832.9679964927666,0.0,342,337,0,0,337,333,,5,0,0,5,4
2020-09-12,US,Puerto Rico,San Sebastian,305,0,0,18.328646,-66.971214,72131.0,718.8310157907141,0.0,305,296,0,0,296,294,,9,0,0,9,2
2020-09-12,US,Puerto Rico,Santa Isabel,144,0,0,17.994525,-66.388913,72133.0,618.7161639597834,0.0,144,141,0,0,141,141,,3,0,0,3,0
2020-09-12,US,Puerto Rico,Toa Alta,1045,0,0,18.362406,-66.246616,72135.0,1410.9037885129474,0.0,1045,1029,0,0,1029,1020,,16,0,0,16,9
2020-09-12,US,Puerto Rico,Toa Baja,1020,0,0,18.431445999999998,-66.213553,72137.0,1138.27852113069,0.0,1020,1004,0,0,1004,995,,16,0,0,16,9
2020-09-12,US,Puerto Rico,Trujillo Alto,835,0,0,18.336159,-65.99888399999999,72139.0,1115.6837070094332,0.0,835,824,0,0,824,818,,11,0,0,11,6
2020-09-12,US,Puerto Rico,Unassigned,516,535,0,0.0,0.0,72999.0,0.0,103.68217054263565,-19,513,523,0,-10,570,,3,12,0,-9,-57
2020-09-12,US,Puerto Rico,Utuado,113,0,0,18.271214,-66.702984,72141.0,340.88509457298863,0.0,113,112,0,0,112,109,,1,0,0,1,3
2020-09-12,US,Puerto Rico,Vega Alta,526,0,0,18.409346,-66.33725,72143.0,1316.6128507421593,0.0,526,516,0,0,516,507,,10,0,0,10,9
2020-09-12,US,Puerto Rico,Vega Baja,746,0,0,18.428262,-66.397924,72145.0,1250.3771244678355,0.0,746,739,0,0,739,721,,7,0,0,7,18
2020-09-12,US,Puerto Rico,Vieques,86,0,0,18.123276,-65.44097099999999,72147.0,924.6317600258037,0.0,86,86,0,0,86,86,,0,0,0,0,0
2020-09-12,US,Puerto Rico,Villalba,107,0,0,18.127951,-66.473115,72149.0,410.3862232961301,0.0,107,102,0,0,102,100,,5,0,0,5,2
2020-09-12,US,Puerto Rico,Yabucoa,233,0,0,18.070399,-65.896289,72151.0,614.111383463799,0.0,233,232,0,0,232,231,,1,0,0,1,1
2020-09-12,US,Puerto Rico,Yauco,331,0,0,18.080374,-66.858814,72153.0,787.2892039102825,0.0,331,329,0,0,329,323,,2,0,0,2,6
2020-09-12,US,Rhode Island,Bristol,369,0,0,41.71018079,-71.28652315,44001.0,761.1543142391548,0.0,369,369,0,0,369,369,48649,0,0,0,0,0
2020-09-12,US,Rhode Island,Kent,1746,0,0,41.67106337,-71.57641596,44003.0,1062.7419472646263,0.0,1746,1746,0,0,1746,1746,163861,0,0,0,0,0
2020-09-12,US,Rhode Island,Newport,476,0,0,41.5642026,-71.26569799,44005.0,579.9078969810678,0.0,476,476,0,0,476,476,82542,0,0,0,0,0
2020-09-12,US,Rhode Island,Providence,17500,0,0,41.87064746,-71.57753536,44007.0,2738.9499022586165,0.0,17500,17500,0,0,17500,17500,636084,0,0,0,0,0
2020-09-12,US,Rhode Island,Unassigned,2081,1071,0,0.0,0.0,90044.0,0.0,51.46564151850072,1010,2081,1071,0,1010,1958,,0,0,0,0,123
2020-09-12,US,Rhode Island,Washington,733,0,0,41.45961631,-71.61435303,44009.0,583.7056148817062,0.0,733,733,0,0,733,733,126179,0,0,0,0,0
2020-09-12,US,South Carolina,Abbeville,488,12,0,34.22333378,-82.46170658,45001.0,1989.6440657234884,2.459016393442623,476,478,12,0,466,469,24541,10,0,0,10,9
2020-09-12,US,South Carolina,Aiken,2502,76,0,33.54338026,-81.63645384,45003.0,1464.2539444730558,3.0375699440447637,2426,2485,74,0,2411,2473,169401,17,2,0,15,12
2020-09-12,US,South Carolina,Allendale,315,6,0,32.98837386,-81.35321066,45005.0,3625.690607734807,1.9047619047619049,309,314,6,0,308,313,8903,1,0,0,1,1
2020-09-12,US,South Carolina,Anderson,3581,145,0,34.51828081,-82.63959517,45007.0,1767.888703482459,4.049148282602625,3436,3531,144,0,3387,3408,200482,50,1,0,49,123
2020-09-12,US,South Carolina,Bamberg,580,33,0,33.21927586,-81.05659969,45009.0,4123.418171477321,5.689655172413793,547,571,32,0,539,566,14275,9,1,0,8,5
2020-09-12,US,South Carolina,Barnwell,573,16,0,33.26679302,-81.43584352,45011.0,2746.0941244129203,2.7923211169284468,557,570,16,0,554,564,21112,3,0,0,3,6
2020-09-12,US,South Carolina,Beaufort,5127,73,0,32.39226291,-80.72619758,45013.0,2668.6168163979137,1.4238346011312657,5054,5093,73,0,5020,5031,188715,34,0,0,34,62
2020-09-12,US,South Carolina,Berkeley,5047,87,0,33.20222596,-79.94654523,45015.0,2214.4997740306353,1.7237963146423618,4960,5034,86,0,4948,4999,221091,13,1,0,12,35
2020-09-12,US,South Carolina,Calhoun,430,17,0,33.66926881,-80.77722168,45017.0,2954.717240431526,3.953488372093023,413,429,17,0,412,425,14520,1,0,0,1,4
2020-09-12,US,South Carolina,Charleston,14699,252,0,32.82487866,-79.96512315,45019.0,3572.869622708468,1.7144023402952582,14447,14661,252,0,14409,14550,405905,38,0,0,38,111
2020-09-12,US,South Carolina,Cherokee,960,34,0,35.05122251,-81.61828622,45021.0,1675.3926701570679,3.5416666666666665,926,945,34,0,911,904,57078,15,0,0,15,41
2020-09-12,US,South Carolina,Chester,980,19,0,34.69249168,-81.1583216,45023.0,3039.325145763553,1.9387755102040816,961,971,19,0,952,951,32251,9,0,0,9,20
2020-09-12,US,South Carolina,Chesterfield,1103,31,0,34.64137396,-80.15640140000002,45025.0,2416.210295728368,2.8105167724388034,1072,1090,32,0,1058,1082,45754,13,-1,0,14,8
2020-09-12,US,South Carolina,Clarendon,1027,65,0,33.66610974,-80.21647898,45027.0,3043.4138390872718,6.329113924050633,962,1022,65,0,957,1016,33700,5,0,0,5,6
2020-09-12,US,South Carolina,Colleton,951,40,0,32.87582989,-80.67641292,45029.0,2524.086312604507,4.206098843322819,911,950,39,0,911,933,37660,1,1,0,0,17
2020-09-12,US,South Carolina,Darlington,1809,47,0,34.33358335,-79.96027485,45031.0,2715.4823020805193,2.59812050856827,1762,1796,47,0,1749,1780,66802,13,0,0,13,16
2020-09-12,US,South Carolina,Dillon,874,28,0,34.39007791,-79.37741872,45033.0,2867.5481479051145,3.203661327231121,846,857,28,0,829,841,30599,17,0,0,17,16
2020-09-12,US,South Carolina,Dorchester,3803,87,0,33.0794369,-80.40502652,45035.0,2335.865953356387,2.2876676308177752,3716,3798,87,0,3711,3745,160647,5,0,0,5,53
2020-09-12,US,South Carolina,Edgefield,516,15,0,33.77221995,-81.96231108,45037.0,1892.8833455612616,2.9069767441860463,501,514,15,0,499,511,27052,2,0,0,2,3
2020-09-12,US,South Carolina,Fairfield,704,32,0,34.39287073,-81.1195624,45039.0,3150.311003714145,4.545454545454546,672,699,32,0,667,692,22402,5,0,0,5,7
2020-09-12,US,South Carolina,Florence,4625,171,0,34.02361754,-79.70189312,45041.0,3344.348593204284,3.697297297297297,4454,4589,172,0,4417,4554,138159,36,-1,0,37,35
2020-09-12,US,South Carolina,Georgetown,1815,41,0,33.43443342,-79.33202141,45043.0,2895.6604977664333,2.2589531680440773,1774,1815,42,0,1773,1805,62249,0,-1,0,1,10
2020-09-12,US,South Carolina,Greenville,13115,279,0,34.89502264,-82.37295012,45045.0,2505.052125712932,2.1273351124666413,12836,13016,277,0,12739,12727,514213,99,2,0,97,289
2020-09-12,US,South Carolina,Greenwood,2046,65,0,34.15272415,-82.12715789,45047.0,2889.381593255285,3.176930596285435,1981,2022,64,0,1958,1975,70741,24,1,0,23,47
2020-09-12,US,South Carolina,Hampton,578,25,0,32.77419582,-81.13845571,45049.0,3006.971178857559,4.3252595155709335,553,577,25,0,552,570,19351,1,0,0,1,7
2020-09-12,US,South Carolina,Horry,9804,191,0,33.9212828,-78.99555293,45051.0,2768.8579731756295,1.948184414524684,9613,9764,191,0,9573,9694,344147,40,0,0,40,70
2020-09-12,US,South Carolina,Jasper,734,18,0,32.43171982,-81.02487495,45053.0,2440.727562930203,2.4523160762942777,716,729,18,0,711,723,28971,5,0,0,5,6
2020-09-12,US,South Carolina,Kershaw,1746,35,0,34.33988254,-80.58763164,45055.0,2623.551862481405,2.004581901489118,1711,1737,35,0,1702,1716,65592,9,0,0,9,21
2020-09-12,US,South Carolina,Lancaster,1875,42,0,34.68270843,-80.70513032,45057.0,1913.0310574215405,2.24,1833,1837,42,0,1795,1800,95380,38,0,0,38,37
2020-09-12,US,South Carolina,Laurens,1553,54,0,34.48244419,-82.00490796,45059.0,2300.979360822604,3.477141017385705,1499,1543,54,0,1489,1534,66994,10,0,0,10,9
2020-09-12,US,South Carolina,Lee,680,32,0,34.16393091,-80.25690731,45061.0,4040.884240551462,4.705882352941177,648,681,32,0,649,674,17142,-1,0,0,-1,7
2020-09-12,US,South Carolina,Lexington,6321,151,0,33.89665987,-81.27146426,45063.0,2115.8158995815893,2.3888625217528867,6170,6269,151,0,6118,6172,295032,52,0,0,52,97
2020-09-12,US,South Carolina,Marion,762,19,0,34.07859748,-79.36400756,45067.0,2485.566102358352,2.493438320209974,743,756,19,0,737,752,31039,6,0,0,6,4
2020-09-12,US,South Carolina,Marlboro,839,6,0,34.59905577,-79.67561152,45069.0,3212.3439773336395,0.7151370679380215,833,829,6,0,823,814,26398,10,0,0,10,15
2020-09-12,US,South Carolina,McCormick,187,5,0,33.90161443,-82.30794338,45065.0,1976.1175103032865,2.6737967914438503,182,179,5,0,174,177,9410,8,0,0,8,2
2020-09-12,US,South Carolina,Newberry,1064,16,0,34.28629098,-81.59935761,45071.0,2767.9500520291363,1.5037593984962403,1048,1056,16,0,1040,1039,38520,8,0,0,8,17
2020-09-12,US,South Carolina,Oconee,1245,23,0,34.75225169,-83.06742317,45073.0,1565.132124808287,1.847389558232932,1222,1223,24,0,1199,1198,78374,22,-1,0,23,25
2020-09-12,US,South Carolina,Orangeburg,2962,118,0,33.4391073,-80.79886287,45075.0,3437.191760951552,3.983794733288319,2844,2949,116,0,2833,2920,86934,13,2,0,11,29
2020-09-12,US,South Carolina,Pickens,2550,38,0,34.88807695,-82.72791551,45077.0,2009.7096560638065,1.4901960784313726,2512,2525,38,0,2487,2462,124937,25,0,0,25,63
2020-09-12,US,South Carolina,Richland,13375,215,0,34.01791263,-80.90267209,45079.0,3217.0079300748753,1.6074766355140186,13160,13269,211,0,13058,12503,414576,106,4,0,102,766
2020-09-12,US,South Carolina,Saluda,658,19,0,34.00795823,-81.72713237,45081.0,3213.9891564499585,2.8875379939209727,639,654,19,0,635,635,20544,4,0,0,4,19
2020-09-12,US,South Carolina,Spartanburg,5872,181,0,34.92960077,-81.99225984,45083.0,1836.233719530309,3.0824250681198913,5691,5786,180,0,5606,5625,313888,86,1,0,85,161
2020-09-12,US,South Carolina,Sumter,2985,74,0,33.91826534,-80.37942316,45085.0,2797.012771619457,2.479061976549413,2911,2967,74,0,2893,2928,106512,18,0,0,18,39
2020-09-12,US,South Carolina,Union,505,10,0,34.68835752,-81.61730349,45087.0,1848.7333430956216,1.98019801980198,495,499,10,0,489,491,27410,6,0,0,6,8
2020-09-12,US,South Carolina,Williamsburg,1269,39,0,33.62190129,-79.72767442,45089.0,4178.740779768177,3.0732860520094563,1230,1260,39,0,1221,1255,30606,9,0,0,9,5
2020-09-12,US,South Carolina,York,4744,58,0,34.97281497,-81.18085944,45091.0,1688.3824058025687,1.2225969645868466,4686,4707,58,0,4649,4596,274118,37,0,0,37,111
2020-09-12,US,South Dakota,Aurora,42,0,0,43.71757685,-98.56050467,46003.0,1526.7175572519086,0.0,42,42,0,0,42,42,2801,0,0,0,0,0
2020-09-12,US,South Dakota,Beadle,662,9,0,44.41464384,-98.27858469,46005.0,3587.4925486370785,1.3595166163141994,653,657,9,0,648,656,18883,5,0,0,5,1
2020-09-12,US,South Dakota,Bennett,42,1,0,43.19486375,-101.6665572,46007.0,1248.1426448737,2.380952380952381,41,42,1,0,41,37,3468,0,0,0,0,5
2020-09-12,US,South Dakota,Bon Homme,63,1,0,42.98914167,-97.88592746,46009.0,912.9111722938704,1.5873015873015872,62,61,1,0,60,60,6980,2,0,0,2,1
2020-09-12,US,South Dakota,Brookings,589,1,0,44.36974375,-96.79079945,46011.0,1679.1629842917014,0.1697792869269949,588,567,1,0,566,556,35232,22,0,0,22,11
2020-09-12,US,South Dakota,Brown,905,3,0,45.58994323,-98.35165355,46013.0,2330.132083730271,0.3314917127071823,902,889,3,0,886,871,39316,16,0,0,16,18
2020-09-12,US,South Dakota,Brule,80,0,0,43.71756379,-99.08118954,46015.0,1510.2888427411742,0.0,80,77,0,0,77,77,5229,3,0,0,3,0
2020-09-12,US,South Dakota,Buffalo,113,3,0,44.07657829,-99.20814467,46017.0,5759.429153924567,2.6548672566371683,110,113,3,0,110,113,2036,0,0,0,0,0
2020-09-12,US,South Dakota,Butte,65,1,0,44.90608745,-103.5079318,46019.0,623.2620577236553,1.5384615384615383,64,64,1,0,63,62,10222,1,0,0,1,2
2020-09-12,US,South Dakota,Campbell,5,0,0,45.77074915,-100.0510181,46021.0,363.37209302325584,0.0,5,5,0,0,5,4,1377,0,0,0,0,1
2020-09-12,US,South Dakota,Charles Mix,128,0,0,43.20660134,-98.58856175,46023.0,1377.5290572535516,0.0,128,128,0,0,128,128,9338,0,0,0,0,0
2020-09-12,US,South Dakota,Clark,27,0,0,44.85834507,-97.72925109,46025.0,722.6980728051393,0.0,27,24,0,0,24,23,3739,3,0,0,3,1
2020-09-12,US,South Dakota,Clay,499,4,0,42.91296147,-96.97656917,46027.0,3546.552949538024,0.8016032064128257,495,490,4,0,486,483,14041,9,0,0,9,7
2020-09-12,US,South Dakota,Codington,557,2,0,44.97788119,-97.18827677,46029.0,1988.6465064800602,0.3590664272890485,555,534,2,0,532,516,28015,23,0,0,23,18
2020-09-12,US,South Dakota,Corson,72,1,0,45.70889983,-101.1970473,46031.0,1762.1145374449338,1.3888888888888888,71,72,1,0,71,71,4165,0,0,0,0,1
2020-09-12,US,South Dakota,Custer,153,2,0,43.67741105,-103.45345209999999,46033.0,1705.305394560856,1.30718954248366,151,152,1,0,151,145,8726,1,1,0,0,7
2020-09-12,US,South Dakota,Davison,169,2,0,43.67490933,-98.14458906,46035.0,854.614412136536,1.183431952662722,167,165,2,0,163,165,19790,4,0,0,4,0
2020-09-12,US,South Dakota,Day,46,0,0,45.367281,-97.60737498,46037.0,848.0825958702063,0.0,46,46,0,0,46,45,5505,0,0,0,0,1
2020-09-12,US,South Dakota,Deuel,64,0,0,44.75994309,-96.66943645,46039.0,1470.9262238565848,0.0,64,62,0,0,62,61,4337,2,0,0,2,1
2020-09-12,US,South Dakota,Dewey,103,0,0,45.15639647,-100.8709139,46041.0,1748.1330617786828,0.0,103,102,0,0,102,101,5904,1,0,0,1,1
2020-09-12,US,South Dakota,Douglas,42,0,0,43.38520741,-98.36978007,46043.0,1437.863745292708,0.0,42,40,0,0,40,37,2935,2,0,0,2,3
2020-09-12,US,South Dakota,Edmunds,57,0,0,45.41846445,-99.21545423,46045.0,1488.6393314181244,0.0,57,51,0,0,51,49,3875,6,0,0,6,2
2020-09-12,US,South Dakota,Fall River,75,1,0,43.23929297,-103.5275691,46047.0,1117.2352152539847,1.3333333333333333,74,74,1,0,73,71,6758,1,0,0,1,3
2020-09-12,US,South Dakota,Faulk,47,1,0,45.07082625,-99.14535601,46049.0,2044.3671161374511,2.127659574468085,46,45,1,0,44,45,2330,2,0,0,2,0
2020-09-12,US,South Dakota,Grant,60,1,0,45.1723937,-96.77002276,46051.0,850.8224617129893,1.6666666666666667,59,58,0,0,58,55,7147,2,1,0,1,3
2020-09-12,US,South Dakota,Gregory,54,1,0,43.19419064,-99.18883902,46053.0,1290.3225806451612,1.851851851851852,53,48,1,0,47,46,4212,6,0,0,6,2
2020-09-12,US,South Dakota,Haakon,10,0,0,44.29299053,-101.539099,46055.0,526.592943654555,0.0,10,10,0,0,10,8,1918,0,0,0,0,2
2020-09-12,US,South Dakota,Hamlin,76,0,0,44.67385954,-97.18829593,46057.0,1232.9656067488645,0.0,76,75,0,0,75,72,6111,1,0,0,1,3
2020-09-12,US,South Dakota,Hand,18,0,0,44.54708407,-99.00386459,46059.0,564.0864932623002,0.0,18,17,0,0,17,16,3262,1,0,0,1,1
2020-09-12,US,South Dakota,Hanson,24,0,0,43.6746384,-97.78715148,46061.0,695.0477845351868,0.0,24,24,0,0,24,24,3376,0,0,0,0,0
2020-09-12,US,South Dakota,Harding,3,0,0,45.58015551,-103.4958629,46063.0,231.12480739599386,0.0,3,3,0,0,3,3,1249,0,0,0,0,0
2020-09-12,US,South Dakota,Hughes,160,4,0,44.39091534,-99.99661148,46065.0,912.9293620906084,2.5,156,153,4,0,149,152,17650,7,0,0,7,1
2020-09-12,US,South Dakota,Hutchinson,61,1,0,43.33449012,-97.75536441,46067.0,836.6479220957344,1.639344262295082,60,60,1,0,59,58,7380,1,0,0,1,2
2020-09-12,US,South Dakota,Hyde,8,0,0,44.54747703,-99.48572582,46069.0,614.9116064565719,0.0,8,8,0,0,8,8,1282,0,0,0,0,0
2020-09-12,US,South Dakota,Jackson,12,1,0,43.69318385,-101.6255063,46071.0,358.85167464114835,8.333333333333334,11,12,1,0,11,12,3307,0,0,0,0,0
2020-09-12,US,South Dakota,Jerauld,49,1,0,44.06637798,-98.62965972,46073.0,2434.1778440139096,2.0408163265306123,48,48,1,0,47,47,2043,1,0,0,1,1
2020-09-12,US,South Dakota,Jones,6,0,0,43.96278565,-100.6940008,46075.0,664.4518272425249,0.0,6,6,0,0,6,6,928,0,0,0,0,0
2020-09-12,US,South Dakota,Kingsbury,31,0,0,44.36956169,-97.4913945,46077.0,627.6574205304718,0.0,31,29,0,0,29,27,4919,2,0,0,2,2
2020-09-12,US,South Dakota,Lake,145,6,0,44.02193107,-97.12926365,46079.0,1133.0780651715245,4.137931034482759,139,142,6,0,136,140,13057,3,0,0,3,2
2020-09-12,US,South Dakota,Lawrence,283,4,0,44.35919441,-103.79294279999999,46081.0,1095.0317288345457,1.413427561837456,279,278,4,0,274,277,25741,5,0,0,5,1
2020-09-12,US,South Dakota,Lincoln,1064,2,0,43.27841182,-96.72039050000001,46083.0,1740.6098678183484,0.18796992481203006,1062,1046,2,0,1044,1030,58807,18,0,0,18,16
2020-09-12,US,South Dakota,Lyman,106,3,0,43.89522709,-99.85201878,46085.0,2803.491139910076,2.830188679245283,103,104,3,0,101,104,3821,2,0,0,2,0
2020-09-12,US,South Dakota,Marshall,24,0,0,45.75870838,-97.59855639,46091.0,486.322188449848,0.0,24,22,0,0,22,22,5112,2,0,0,2,0
2020-09-12,US,South Dakota,McCook,68,1,0,43.6742571,-97.36863144,46087.0,1217.329036877909,1.4705882352941178,67,67,1,0,66,66,5546,1,0,0,1,1
2020-09-12,US,South Dakota,McPherson,18,0,0,45.76626028,-99.22118798,46089.0,756.6204287515762,0.0,18,18,0,0,18,16,2407,0,0,0,0,2
2020-09-12,US,South Dakota,Meade,378,2,0,44.56676791,-102.71627409999999,46093.0,1334.1804320203305,0.5291005291005291,376,371,1,0,370,364,28294,7,1,0,6,7
2020-09-12,US,South Dakota,Mellette,25,0,0,43.58078848,-100.7563186,46095.0,1213.0033964095098,0.0,25,25,0,0,25,25,2042,0,0,0,0,0
2020-09-12,US,South Dakota,Miner,17,0,0,44.02197882,-97.60992207,46097.0,767.1480144404331,0.0,17,17,0,0,17,17,2213,0,0,0,0,0
2020-09-12,US,South Dakota,Minnehaha,5839,74,0,43.67441641,-96.7910885,46099.0,3023.289529549432,1.2673402979962325,5765,5772,72,0,5700,5689,192876,67,2,0,65,83
2020-09-12,US,South Dakota,Moody,63,0,0,44.02266214,-96.67081159,46101.0,958.0291970802921,0.0,63,62,0,0,62,58,6579,1,0,0,1,4
2020-09-12,US,South Dakota,Oglala Lakota,200,3,0,43.33749164,-102.55554980000001,46102.0,1410.735698666855,1.5,197,198,2,0,196,198,14309,2,1,0,1,0
2020-09-12,US,South Dakota,Pennington,1766,33,0,44.0025835,-102.8240777,46103.0,1552.1863326741375,1.868629671574179,1733,1731,33,0,1698,1701,111729,35,0,0,35,30
2020-09-12,US,South Dakota,Perkins,24,0,0,45.49049506,-102.47555859999999,46105.0,837.6963350785339,0.0,24,24,0,0,24,24,2922,0,0,0,0,0
2020-09-12,US,South Dakota,Potter,28,0,0,45.06583079,-99.95498503,46107.0,1300.5109150023222,0.0,28,27,0,0,27,26,2207,1,0,0,1,1
2020-09-12,US,South Dakota,Roberts,122,1,0,45.62975048,-96.94672673,46109.0,1173.7540888974409,0.819672131147541,121,110,1,0,109,109,10447,12,0,0,12,1
2020-09-12,US,South Dakota,Sanborn,16,0,0,44.02351092,-98.09098159999999,46111.0,682.5938566552901,0.0,16,16,0,0,16,15,2429,0,0,0,0,1
2020-09-12,US,South Dakota,Spink,79,0,0,44.93837606,-98.34626602,46115.0,1239.0213299874526,0.0,79,78,0,0,78,73,6495,1,0,0,1,5
2020-09-12,US,South Dakota,Stanley,25,0,0,44.41381872,-100.7349153,46117.0,806.9722401549386,0.0,25,23,0,0,23,23,3022,2,0,0,2,0
2020-09-12,US,South Dakota,Sully,8,0,0,44.71571812,-100.1278092,46119.0,575.1258087706685,0.0,8,8,0,0,8,8,1392,0,0,0,0,0
2020-09-12,US,South Dakota,Todd,90,5,0,43.19338568,-100.71955030000001,46121.0,884.3470570895157,5.5555555555555545,85,90,5,0,85,87,10283,0,0,0,0,3
2020-09-12,US,South Dakota,Tripp,37,0,0,43.34459388,-99.8854891,46123.0,680.0220547693439,0.0,37,31,0,0,31,30,5478,6,0,0,6,1
2020-09-12,US,South Dakota,Turner,105,0,0,43.3109081,-97.14865776,46125.0,1252.3854961832062,0.0,105,104,0,0,104,99,8424,1,0,0,1,5
2020-09-12,US,South Dakota,Union,318,5,0,42.83112163,-96.6557828,46127.0,1995.982927441627,1.572327044025157,313,302,5,0,297,298,15619,16,0,0,16,4
2020-09-12,US,South Dakota,Walworth,66,0,0,45.43019636,-100.03075140000001,46129.0,1214.3514259429626,0.0,66,65,0,0,65,62,5587,1,0,0,1,3
2020-09-12,US,South Dakota,Yankton,288,3,0,43.00924485,-97.39467635,46135.0,1262.3827474357852,1.0416666666666667,285,275,3,0,272,263,22869,13,0,0,13,12
2020-09-12,US,South Dakota,Ziebach,58,0,0,44.97881876,-101.6654622,46137.0,2104.499274310595,0.0,58,58,0,0,58,58,2742,0,0,0,0,0
2020-09-12,US,Tennessee,Anderson,1014,10,0,36.12684348,-84.19965764,47001.0,1317.2594767336122,0.9861932938856016,1004,1012,10,0,1002,992,76482,2,0,0,2,20
2020-09-12,US,Tennessee,Bedford,1217,14,0,35.51123746,-86.45549096,47003.0,2448.05181743206,1.1503697617091209,1203,1215,14,0,1201,1196,49038,2,0,0,2,19
2020-09-12,US,Tennessee,Benton,297,9,0,36.07110411,-88.06849355,47005.0,1837.8712871287128,3.0303030303030303,288,295,9,0,286,293,16184,2,0,0,2,2
2020-09-12,US,Tennessee,Bledsoe,822,4,0,35.59942968,-85.20611967,47007.0,5456.718003186405,0.4866180048661801,818,819,4,0,815,814,14755,3,0,0,3,5
2020-09-12,US,Tennessee,Blount,2306,20,0,35.68938198,-83.92847788,47009.0,1732.6881461889875,0.8673026886383348,2286,2293,19,0,2274,2264,131349,13,1,0,12,29
2020-09-12,US,Tennessee,Bradley,2683,16,0,35.15739424,-84.857186,47011.0,2481.73156969753,0.5963473723443906,2667,2683,16,0,2667,2648,106727,0,0,0,0,35
2020-09-12,US,Tennessee,Campbell,389,3,0,36.40355516,-84.15108559999999,47013.0,976.3566086039856,0.7712082262210797,386,384,3,0,381,381,39583,5,0,0,5,3
2020-09-12,US,Tennessee,Cannon,240,0,0,35.80990797,-86.05738983,47015.0,1635.1001498841806,0.0,240,239,0,0,239,237,14462,1,0,0,1,2
2020-09-12,US,Tennessee,Carroll,736,15,0,35.97366108,-88.45189331,47017.0,2650.628443836209,2.0380434782608696,721,727,13,0,714,713,28020,9,2,0,7,14
2020-09-12,US,Tennessee,Carter,1045,26,0,36.28969086,-82.12588974,47019.0,1853.1325920802967,2.4880382775119623,1019,1038,25,0,1013,1032,56351,7,1,0,6,6
2020-09-12,US,Tennessee,Cheatham,749,10,0,36.26136216,-87.08903581,47021.0,1841.7881820640807,1.335113484646195,739,746,10,0,736,739,40439,3,0,0,3,7
2020-09-12,US,Tennessee,Chester,504,8,0,35.42527478,-88.6095842,47023.0,2913.800080938891,1.5873015873015872,496,486,8,0,478,479,17276,18,0,0,18,7
2020-09-12,US,Tennessee,Claiborne,397,4,0,36.48319149,-83.65947309,47025.0,1242.2165900059454,1.0075566750629723,393,395,4,0,391,390,31756,2,0,0,2,5
2020-09-12,US,Tennessee,Clay,142,4,0,36.55151008,-85.53930419,47027.0,1864.7406434668412,2.8169014084507036,138,136,3,0,133,132,7717,6,1,0,5,4
2020-09-12,US,Tennessee,Cocke,708,9,0,35.9278914,-83.11828725,47029.0,1966.448172425286,1.2711864406779658,699,706,8,0,698,697,35774,2,1,0,1,9
2020-09-12,US,Tennessee,Coffee,910,9,0,35.49090731,-86.07311784,47031.0,1610.0495399858457,0.989010989010989,901,894,9,0,885,875,55700,16,0,0,16,19
2020-09-12,US,Tennessee,Crockett,458,19,0,35.81830662,-89.14916269,47033.0,3218.552354181307,4.148471615720524,439,453,18,0,435,453,14328,5,1,0,4,0
2020-09-12,US,Tennessee,Cumberland,1055,10,0,35.95271721,-84.99840585,47035.0,1743.2253800396563,0.9478672985781992,1045,1036,10,0,1026,1017,59673,19,0,0,19,19
2020-09-12,US,Tennessee,Davidson,25097,277,0,36.17007426,-86.78646056,47037.0,3615.532223861331,1.1037175758058733,24820,25056,274,0,24782,24904,692587,41,3,0,38,152
2020-09-12,US,Tennessee,DeKalb,522,9,0,35.97616272,-85.83689361,47041.0,2547.584187408492,1.7241379310344829,513,522,9,0,513,518,20138,0,0,0,0,4
2020-09-12,US,Tennessee,Decatur,396,5,0,35.60048904,-88.11043779,47039.0,3395.352825173626,1.2626262626262623,391,388,5,0,383,383,11706,8,0,0,8,5
2020-09-12,US,Tennessee,Dickson,1110,12,0,36.14669837,-87.35891709,47043.0,2057.5368873730263,1.0810810810810811,1098,1103,11,0,1092,1094,53446,7,1,0,6,9
2020-09-12,US,Tennessee,Dyer,1125,10,0,36.05931946,-89.41542855,47045.0,3027.530342581878,0.8888888888888888,1115,1100,11,0,1089,1082,37320,25,-1,0,26,18
2020-09-12,US,Tennessee,Fayette,1039,14,0,35.19615831,-89.41399032,47047.0,2525.9523983176528,1.3474494706448508,1025,1030,14,0,1016,1021,40507,9,0,0,9,9
2020-09-12,US,Tennessee,Fentress,337,3,0,36.38128818,-84.92870012,47049.0,1819.3597149489826,0.8902077151335311,334,325,2,0,323,314,18217,12,1,0,11,11
2020-09-12,US,Tennessee,Franklin,734,7,0,35.15634626,-86.09201039,47051.0,1739.0068233510235,0.9536784741144414,727,711,7,0,704,685,41890,23,0,0,23,26
2020-09-12,US,Tennessee,Gibson,1323,19,0,35.99438059,-88.93358327,47053.0,2692.6912665621885,1.4361300075585792,1304,1305,19,0,1286,1277,49045,18,0,0,18,28
2020-09-12,US,Tennessee,Giles,507,15,0,35.20222469,-87.03992678,47055.0,1720.7439587292968,2.9585798816568047,492,505,15,0,490,502,29503,2,0,0,2,3
2020-09-12,US,Tennessee,Grainger,311,1,0,36.27469206,-83.51254721,47057.0,1333.6192109777016,0.3215434083601286,310,309,1,0,308,304,23145,2,0,0,2,5
2020-09-12,US,Tennessee,Greene,976,28,0,36.17470125,-82.84691273,47059.0,1413.0796739492391,2.8688524590163933,948,974,28,0,946,962,69087,2,0,0,2,12
2020-09-12,US,Tennessee,Grundy,175,4,0,35.38433717,-85.72142731,47061.0,1303.3440083414016,2.2857142857142856,171,170,4,0,166,164,13346,5,0,0,5,6
2020-09-12,US,Tennessee,Hamblen,1753,22,0,36.21990035,-83.26586179,47063.0,2699.664274494102,1.2549914432401597,1731,1750,22,0,1728,1735,64569,3,0,0,3,15
2020-09-12,US,Tennessee,Hamilton,8722,82,0,35.17670231,-85.16652245,47065.0,2371.3717088449284,0.9401513414354504,8640,8718,81,0,8637,8672,364286,4,1,0,3,46
2020-09-12,US,Tennessee,Hancock,103,2,0,36.52692871,-83.22375847,47067.0,1555.891238670695,1.9417475728155342,101,103,2,0,101,103,6549,0,0,0,0,0
2020-09-12,US,Tennessee,Hardeman,1447,25,0,35.20772017,-88.99161161,47069.0,5776.447105788423,1.7277125086385623,1422,1434,25,0,1409,1427,25220,13,0,0,13,7
2020-09-12,US,Tennessee,Hardin,872,14,0,35.19732531,-88.18593755,47071.0,3399.3450803056294,1.6055045871559632,858,861,13,0,848,845,25776,11,1,0,10,16
2020-09-12,US,Tennessee,Hawkins,712,14,0,36.44355426,-82.94885298,47073.0,1253.8301694079526,1.9662921348314608,698,714,13,0,701,708,56530,-2,1,0,-3,6
2020-09-12,US,Tennessee,Haywood,847,15,0,35.58332824,-89.28536625,47075.0,4894.822006472492,1.770956316410862,832,845,13,0,832,834,17335,2,2,0,0,11
2020-09-12,US,Tennessee,Henderson,1027,18,0,35.65581134,-88.38600175,47077.0,3652.594515773376,1.7526777020447906,1009,1026,17,0,1009,1013,27847,1,1,0,0,13
2020-09-12,US,Tennessee,Henry,545,8,0,36.33160906,-88.30121797,47079.0,1684.9590353995984,1.4678899082568808,537,540,8,0,532,536,32358,5,0,0,5,4
2020-09-12,US,Tennessee,Hickman,459,4,0,35.80609681,-87.47643507,47081.0,1823.0200969100006,0.8714596949891068,455,455,4,0,451,442,25063,4,0,0,4,13
2020-09-12,US,Tennessee,Houston,132,0,0,36.28872054,-87.71878828,47083.0,1609.5598097792954,0.0,132,132,0,0,132,126,8263,0,0,0,0,6
2020-09-12,US,Tennessee,Humphreys,199,3,0,36.03958805,-87.77992872,47085.0,1070.9288558820365,1.5075376884422111,196,197,3,0,194,192,18486,2,0,0,2,5
2020-09-12,US,Tennessee,Jackson,279,2,0,36.36380466,-85.67239905,47087.0,2367.215340234176,0.7168458781362007,277,275,2,0,273,272,11758,4,0,0,4,3
2020-09-12,US,Tennessee,Jefferson,1002,13,0,36.04818632,-83.45148924,47089.0,1838.7007982383705,1.2974051896207586,989,970,13,0,957,956,54012,32,0,0,32,14
2020-09-12,US,Tennessee,Johnson,533,2,0,36.45523950000001,-81.84886538,47091.0,2996.402068810434,0.37523452157598497,531,534,2,0,532,523,17778,-1,0,0,-1,11
2020-09-12,US,Tennessee,Knox,7988,67,0,35.99508821,-83.94635435,47093.0,1698.443377070164,0.8387581372058087,7921,7873,66,0,7807,7710,465289,115,1,0,114,163
2020-09-12,US,Tennessee,Lake,856,2,0,36.34180170000001,-89.48921915,47095.0,12200.684150513112,0.2336448598130841,854,854,2,0,852,853,7411,2,0,0,2,1
2020-09-12,US,Tennessee,Lauderdale,867,14,0,35.75893438,-89.63015909999999,47097.0,3382.358678266297,1.6147635524798154,853,864,14,0,850,852,25825,3,0,0,3,12
2020-09-12,US,Tennessee,Lawrence,848,11,0,35.21675201,-87.39787695,47099.0,1921.0729010919306,1.2971698113207548,837,838,11,0,827,831,43734,10,0,0,10,7
2020-09-12,US,Tennessee,Lewis,155,1,0,35.52853208,-87.49022694,47101.0,1263.4496250407565,0.6451612903225806,154,155,1,0,154,152,12086,0,0,0,0,3
2020-09-12,US,Tennessee,Lincoln,515,1,0,35.13738622,-86.58910106,47103.0,1498.5741721468896,0.1941747572815534,514,506,1,0,505,491,34117,9,0,0,9,15
2020-09-12,US,Tennessee,Loudon,1027,4,0,35.73939663,-84.31145275,47105.0,1899.4599393356518,0.3894839337877313,1023,1024,4,0,1020,1003,53054,3,0,0,3,21
2020-09-12,US,Tennessee,Macon,972,19,0,36.53157855,-86.00778595,47111.0,3950.898300951142,1.954732510288066,953,970,19,0,951,964,24265,2,0,0,2,6
2020-09-12,US,Tennessee,Madison,2272,54,0,35.61181957,-88.84076036,47113.0,2318.745917700849,2.376760563380281,2218,2227,52,0,2175,2193,97605,45,2,0,43,34
2020-09-12,US,Tennessee,Marion,430,7,0,35.12997174,-85.62265895,47115.0,1487.5289722212613,1.627906976744186,423,425,7,0,418,413,28575,5,0,0,5,12
2020-09-12,US,Tennessee,Marshall,624,4,0,35.45798777,-86.76420988,47117.0,1815.2727272727273,0.6410256410256411,620,623,4,0,619,609,33683,1,0,0,1,14
2020-09-12,US,Tennessee,Maury,2010,19,0,35.618741299999996,-87.07462444,47119.0,2085.34345918018,0.9452736318407958,1991,2000,18,0,1982,1965,94340,10,1,0,9,35
2020-09-12,US,Tennessee,McMinn,933,24,0,35.42812616,-84.61520715,47107.0,1734.3941703535709,2.5723472668810294,909,928,24,0,904,914,53285,5,0,0,5,14
2020-09-12,US,Tennessee,McNairy,696,15,0,35.17468549,-88.5647812,47109.0,2708.803611738149,2.155172413793104,681,689,14,0,675,668,25832,7,1,0,6,21
2020-09-12,US,Tennessee,Meigs,200,3,0,35.51558739,-84.81482914,47121.0,1610.0466913540495,1.5,197,200,3,0,197,191,12306,0,0,0,0,9
2020-09-12,US,Tennessee,Monroe,943,17,0,35.44550387,-84.24902965,47123.0,2025.996347620582,1.8027571580063624,926,924,17,0,907,903,46357,19,0,0,19,21
2020-09-12,US,Tennessee,Montgomery,2761,39,0,36.49609412,-87.38550661,47125.0,1321.096878842832,1.4125316914161536,2722,2749,37,0,2712,2703,205950,12,2,0,10,46
2020-09-12,US,Tennessee,Moore,125,1,0,35.27724699,-86.36230578,47127.0,1926.6337854500616,0.8,124,125,1,0,124,121,6411,0,0,0,0,4
2020-09-12,US,Tennessee,Morgan,281,2,0,36.13248031,-84.64880098,47129.0,1312.9000607391488,0.7117437722419929,279,276,2,0,274,274,21579,5,0,0,5,2
2020-09-12,US,Tennessee,Obion,971,8,0,36.35732446,-89.14921589,47131.0,3229.239416009844,0.8238928939237901,963,968,8,0,960,956,30267,3,0,0,3,12
2020-09-12,US,Tennessee,Out of TN,2609,24,0,0.0,0.0,80047.0,0.0,0.919892679187428,2585,2631,26,0,2605,2618,,-22,-2,0,-20,13
2020-09-12,US,Tennessee,Overton,593,3,0,36.34117832,-85.28989535,47133.0,2666.247021267029,0.5059021922428331,590,575,2,0,573,561,22068,18,1,0,17,14
2020-09-12,US,Tennessee,Perry,132,0,0,35.63708728,-87.86139634,47135.0,1634.4725111441307,0.0,132,129,0,0,129,123,8064,3,0,0,3,6
2020-09-12,US,Tennessee,Pickett,88,1,0,36.55606529,-85.07763299999998,47137.0,1743.2646592709984,1.1363636363636365,87,87,1,0,86,87,5082,1,0,0,1,0
2020-09-12,US,Tennessee,Polk,365,11,0,35.12245443,-84.52075859,47139.0,2168.4885931558933,3.0136986301369864,354,363,11,0,352,359,16898,2,0,0,2,4
2020-09-12,US,Tennessee,Putnam,2695,36,0,36.14005459,-85.50646123,47141.0,3358.464701850582,1.3358070500927643,2659,2635,35,0,2600,2596,78843,60,1,0,59,39
2020-09-12,US,Tennessee,Rhea,721,8,0,35.60536161,-84.93076643,47143.0,2173.8474990201103,1.1095700416088763,713,719,8,0,711,703,33044,2,0,0,2,16
2020-09-12,US,Tennessee,Roane,744,4,0,35.84923189,-84.52458689,47145.0,1393.7282229965156,0.5376344086021505,740,736,3,0,733,717,53140,8,1,0,7,19
2020-09-12,US,Tennessee,Robertson,2055,31,0,36.52454807,-86.87346725,47147.0,2861.5988748555274,1.5085158150851583,2024,2051,31,0,2020,2041,71012,4,0,0,4,10
2020-09-12,US,Tennessee,Rutherford,8492,84,0,35.84591405,-86.4107263,47149.0,2555.6374798742045,0.9891662741403674,8408,8420,82,0,8338,8387,324890,72,2,0,70,33
2020-09-12,US,Tennessee,Scott,182,2,0,36.42325673,-84.50360494,47151.0,824.7235816566974,1.0989010989010992,180,176,2,0,174,173,22039,6,0,0,6,3
2020-09-12,US,Tennessee,Sequatchie,193,2,0,35.36979721,-85.41022136,47153.0,1284.4403034739785,1.0362694300518134,191,192,2,0,190,183,14876,1,0,0,1,9
2020-09-12,US,Tennessee,Sevier,2401,13,0,35.78077323,-83.52244332,47155.0,2443.765903307888,0.5414410662224073,2388,2393,13,0,2380,2374,97892,8,0,0,8,19
2020-09-12,US,Tennessee,Shelby,28626,421,0,35.1864775,-89.89692423,47157.0,3054.5282265895257,1.4706909802277648,28205,28499,417,0,28082,28404,935764,127,4,0,123,95
2020-09-12,US,Tennessee,Smith,614,10,0,36.25359775,-85.95411046,47159.0,3046.0882075705713,1.6286644951140066,604,606,9,0,597,599,19942,8,1,0,7,7
2020-09-12,US,Tennessee,Stewart,119,2,0,36.50235092,-87.83920548,47161.0,867.6631425446591,1.680672268907563,117,118,2,0,116,115,13561,1,0,0,1,3
2020-09-12,US,Tennessee,Sullivan,1935,31,0,36.51240691,-82.30412917,47163.0,1221.9920681031654,1.6020671834625324,1904,1928,30,0,1898,1914,157668,7,1,0,6,14
2020-09-12,US,Tennessee,Sumner,4458,91,0,36.46824103,-86.45917204,47165.0,2330.5782531641603,2.0412741139524453,4367,4433,90,0,4343,4384,187149,25,1,0,24,49
2020-09-12,US,Tennessee,Tipton,1605,15,0,35.501942,-89.73694895,47167.0,2605.561778600301,0.9345794392523364,1590,1603,15,0,1588,1590,61581,2,0,0,2,13
2020-09-12,US,Tennessee,Trousdale,1638,7,0,36.39026213,-86.16087954,47169.0,14516.129032258064,0.4273504273504273,1631,1633,7,0,1626,1633,11012,5,0,0,5,0
2020-09-12,US,Tennessee,Unassigned,2592,6,0,0.0,0.0,90047.0,0.0,0.2314814814814815,2586,2591,7,0,2584,2592,,1,-1,0,2,-1
2020-09-12,US,Tennessee,Unicoi,251,1,0,36.10890856,-82.43709629,47171.0,1403.5676340658729,0.398406374501992,250,248,1,0,247,248,17761,3,0,0,3,0
2020-09-12,US,Tennessee,Union,268,1,0,36.28590426,-83.83651902,47173.0,1341.878630082115,0.373134328358209,267,261,1,0,260,256,19688,7,0,0,7,5
2020-09-12,US,Tennessee,Van Buren,128,0,0,35.69864497,-85.45221699,47175.0,2179.8365122615805,0.0,128,126,0,0,126,119,5765,2,0,0,2,7
2020-09-12,US,Tennessee,Warren,947,8,0,35.672829899999996,-85.77969117,47177.0,2294.255880999104,0.8447729672650475,939,942,7,0,935,930,40878,5,1,0,4,12
2020-09-12,US,Tennessee,Washington,1944,24,0,36.29472368,-82.49454720000001,47179.0,1502.608695652174,1.2345679012345678,1920,1935,22,0,1913,1913,128607,9,2,0,7,22
2020-09-12,US,Tennessee,Wayne,1472,4,0,35.23868267,-87.78644456,47181.0,8828.645114856354,0.2717391304347826,1468,1470,4,0,1466,1467,16558,2,0,0,2,3
2020-09-12,US,Tennessee,Weakley,1009,15,0,36.29896232,-88.71990865,47183.0,3027.484397503601,1.4866204162537169,994,1002,14,0,988,997,33415,7,1,0,6,5
2020-09-12,US,Tennessee,White,668,8,0,35.92929884,-85.45591799,47185.0,2442.859754982629,1.1976047904191616,660,654,8,0,646,650,27107,14,0,0,14,4
2020-09-12,US,Tennessee,Williamson,4755,35,0,35.89099229,-86.89281867,47187.0,1994.44658825898,0.7360672975814931,4720,4733,34,0,4699,4685,231729,22,1,0,21,48
2020-09-12,US,Tennessee,Wilson,3162,36,0,36.15496772,-86.29775884,47189.0,2185.860345506958,1.1385199240986716,3126,3143,35,0,3108,3107,140625,19,1,0,18,36
2020-09-12,US,Texas,Anderson,2763,20,0,31.81534745,-95.65354823,48001.0,4785.6586126266575,0.7238508867173362,2743,2760,20,0,2740,2744,58057,3,0,0,3,16
2020-09-12,US,Texas,Andrews,400,8,0,32.30468633,-102.63765479999999,48003.0,2138.4656508954827,2.0,392,400,8,0,392,388,18128,0,0,0,0,12
2020-09-12,US,Texas,Angelina,2072,74,0,31.25457347,-94.60901487,48005.0,2389.43666032405,3.571428571428572,1998,2072,72,0,2000,2045,87092,0,2,0,-2,27
2020-09-12,US,Texas,Aransas,302,18,0,28.10556197,-96.9995047,48007.0,1284.5597618034876,5.960264900662253,284,299,18,0,281,298,23792,3,0,0,3,1
2020-09-12,US,Texas,Archer,67,1,0,33.61569967,-98.68754589,48009.0,783.3508710394012,1.492537313432836,66,67,1,0,66,63,8786,0,0,0,0,4
2020-09-12,US,Texas,Armstrong,12,1,0,34.96507426,-101.35748740000001,48011.0,635.9300476947536,8.333333333333334,11,12,1,0,11,11,1892,0,0,0,0,1
2020-09-12,US,Texas,Atascosa,615,30,0,28.89333001,-98.52730485,48013.0,1202.2755263620902,4.878048780487805,585,603,29,0,574,586,50310,12,1,0,11,17
2020-09-12,US,Texas,Austin,460,8,0,29.88548725,-96.27736949,48015.0,1531.6995205114545,1.7391304347826086,452,456,7,0,449,444,29989,4,1,0,3,12
2020-09-12,US,Texas,Bailey,204,4,0,34.06854817,-102.8299707,48017.0,2914.285714285714,1.96078431372549,200,203,4,0,199,203,7027,1,0,0,1,0
2020-09-12,US,Texas,Bandera,113,6,0,29.74619598,-99.24598147,48019.0,488.9235029421946,5.3097345132743365,107,112,6,0,106,109,22824,1,0,0,1,3
2020-09-12,US,Texas,Bastrop,1685,28,0,30.10370699,-97.31206354,48021.0,1899.169324752319,1.6617210682492582,1657,1672,27,0,1645,1649,86976,13,1,0,12,23
2020-09-12,US,Texas,Baylor,14,0,0,33.61640794,-99.21352901,48023.0,398.97406668566543,0.0,14,14,0,0,14,14,3582,0,0,0,0,0
2020-09-12,US,Texas,Bee,1805,27,0,28.41761668,-97.74215593,48025.0,5542.760632580992,1.4958448753462603,1778,1793,26,0,1767,1807,32587,12,1,0,11,-14
2020-09-12,US,Texas,Bell,5100,74,0,31.03736027,-97.4785025,48027.0,1405.2528904123178,1.4509803921568627,5026,5081,72,0,5009,5041,355642,19,2,0,17,40
2020-09-12,US,Texas,Bexar,48198,1200,0,29.44928723,-98.52019748,48029.0,2405.6252040124696,2.4897298643097225,46998,48074,1191,0,46883,47956,1986049,124,9,0,115,118
2020-09-12,US,Texas,Blanco,135,5,0,30.26640707,-98.3999852,48031.0,1131.506160422429,3.703703703703704,130,135,5,0,130,133,11702,0,0,0,0,2
2020-09-12,US,Texas,Bosque,263,6,0,31.89978581,-97.63613524,48035.0,1407.5461600214076,2.281368821292776,257,250,6,0,244,245,18691,13,0,0,13,5
2020-09-12,US,Texas,Bowie,1167,46,0,33.44626922,-94.41834132,48037.0,1251.5416376213202,3.941730934018852,1121,1159,46,0,1113,1129,94324,8,0,0,8,30
2020-09-12,US,Texas,Brazoria,10347,155,0,29.18757369,-95.44563172,48039.0,2764.6260393732764,1.4980187493959602,10192,10219,154,0,10065,10004,370200,128,1,0,127,215
2020-09-12,US,Texas,Brazos,5654,60,0,30.663644800000004,-96.30205577,48041.0,2466.72280126172,1.0611956137247966,5594,5617,60,0,5557,5569,226758,37,0,0,37,48
2020-09-12,US,Texas,Brewster,212,2,0,29.81008251,-103.25203259999999,48043.0,2303.59665326524,0.9433962264150944,210,208,2,0,206,206,9267,4,0,0,4,2
2020-09-12,US,Texas,Briscoe,12,1,0,34.53026962,-101.2084947,48045.0,776.1966364812421,8.333333333333334,11,12,1,0,11,12,1516,0,0,0,0,0
2020-09-12,US,Texas,Brooks,282,20,0,27.03103197,-98.21808402,48047.0,3975.750740166361,7.092198581560282,262,281,20,0,261,272,7114,1,0,0,1,9
2020-09-12,US,Texas,Brown,509,20,0,31.77430356,-98.99907113,48049.0,1344.2848087893515,3.9292730844793713,489,509,20,0,489,506,37924,0,0,0,0,3
2020-09-12,US,Texas,Burleson,312,6,0,30.49273808,-96.62158484,48051.0,1691.6987474922735,1.9230769230769231,306,309,6,0,303,306,18389,3,0,0,3,3
2020-09-12,US,Texas,Burnet,680,12,0,30.78801353,-98.181887,48053.0,1412.106738656422,1.7647058823529411,668,677,12,0,665,666,47542,3,0,0,3,11
2020-09-12,US,Texas,Caldwell,1411,34,0,29.83668859,-97.61814775,48055.0,3231.495053133016,2.409638554216868,1377,1393,34,0,1359,1381,43247,18,0,0,18,12
2020-09-12,US,Texas,Calhoun,618,7,0,28.47048236,-96.61633945,48057.0,2902.771254109911,1.132686084142395,611,618,7,0,611,614,21561,0,0,0,0,4
2020-09-12,US,Texas,Callahan,75,3,0,32.29760619,-99.37326312,48059.0,537.904324750771,4.0,72,74,3,0,71,74,13994,1,0,0,1,0
2020-09-12,US,Texas,Cameron,21983,841,0,26.14524221,-97.48140372,48061.0,5194.924887100243,3.8256834826911694,21142,21943,839,0,21104,21883,423908,40,2,0,38,60
2020-09-12,US,Texas,Camp,335,9,0,32.97195142,-94.97790104,48063.0,2558.423705513976,2.6865671641791047,326,331,9,0,322,326,13033,4,0,0,4,5
2020-09-12,US,Texas,Carson,17,0,0,35.40365929,-101.35426690000001,48065.0,286.87141410732363,0.0,17,17,0,0,17,17,6005,0,0,0,0,0
2020-09-12,US,Texas,Cass,283,14,0,33.07499881,-94.34646905,48067.0,942.5164857123826,4.946996466431095,269,279,14,0,265,271,30119,4,0,0,4,8
2020-09-12,US,Texas,Castro,241,5,0,34.53016752,-102.2617243,48069.0,3200.531208499336,2.074688796680498,236,241,4,0,237,239,7665,0,1,0,-1,2
2020-09-12,US,Texas,Chambers,1215,8,0,29.70972016,-94.67154501,48071.0,2771.6312703880285,0.6584362139917695,1207,1215,8,0,1207,1184,42454,0,0,0,0,31
2020-09-12,US,Texas,Cherokee,1467,24,0,31.837258000000002,-95.16559897,48073.0,2786.536489002013,1.6359918200408998,1443,1458,23,0,1435,1457,52592,9,1,0,8,1
2020-09-12,US,Texas,Childress,63,0,0,34.529304100000004,-100.2077916,48075.0,862.3049548316452,0.0,63,63,0,0,63,60,7291,0,0,0,0,3
2020-09-12,US,Texas,Clay,72,1,0,33.78686685,-98.20771198,48077.0,687.613408461465,1.3888888888888888,71,72,1,0,71,71,10456,0,0,0,0,1
2020-09-12,US,Texas,Cochran,47,1,0,33.60425307,-102.82844990000001,48079.0,1647.3887136347705,2.127659574468085,46,46,1,0,45,42,2836,1,0,0,1,4
2020-09-12,US,Texas,Coke,50,3,0,31.88911733,-100.5297533,48081.0,1476.2326542663125,6.0,47,50,3,0,47,49,3370,0,0,0,0,1
2020-09-12,US,Texas,Coleman,61,3,0,31.76736834,-99.45240766,48083.0,746.1773700305811,4.918032786885246,58,60,3,0,57,60,8397,1,0,0,1,0
2020-09-12,US,Texas,Collin,11986,122,0,33.18820114,-96.57264368,48085.0,1158.3698162805756,1.0178541631903888,11864,11804,122,0,11682,11676,1005146,182,0,0,182,128
2020-09-12,US,Texas,Collingsworth,18,0,0,34.96489496,-100.27001109999999,48087.0,616.4383561643834,0.0,18,18,0,0,18,17,2962,0,0,0,0,1
2020-09-12,US,Texas,Colorado,545,4,0,29.622097999999998,-96.5273805,48089.0,2121.620992881404,0.7339449541284404,541,545,4,0,541,451,21217,0,0,0,0,94
2020-09-12,US,Texas,Comal,2495,102,0,29.80811278,-98.27647225,48091.0,1597.2191102945412,4.0881763527054105,2393,2493,102,0,2391,2481,148373,2,0,0,2,12
2020-09-12,US,Texas,Comanche,238,3,0,31.94854689,-98.55876441,48093.0,1745.5078841217455,1.2605042016806722,235,238,3,0,235,224,13534,0,0,0,0,14
2020-09-12,US,Texas,Concho,62,2,0,31.32635934,-99.86473038,48095.0,2274.394717534849,3.2258064516129035,60,62,2,0,60,60,4276,0,0,0,0,2
2020-09-12,US,Texas,Cooke,358,5,0,33.63979567,-97.21240912,48097.0,867.731536466539,1.3966480446927374,353,355,5,0,350,349,40574,3,0,0,3,6
2020-09-12,US,Texas,Coryell,1766,11,0,31.39078397,-97.79936155,48099.0,2325.1833418914825,0.6228765571913929,1755,1756,11,0,1745,1739,74808,10,0,0,10,17
2020-09-12,US,Texas,Cottle,20,2,0,34.07783319,-100.27850620000001,48101.0,1430.615164520744,10.0,18,20,2,0,18,18,1389,0,0,0,0,2
2020-09-12,US,Texas,Crane,71,2,0,31.43052248,-102.5143314,48103.0,1480.091723994163,2.8169014084507036,69,71,2,0,69,71,4794,0,0,0,0,0
2020-09-12,US,Texas,Crockett,164,6,0,30.72367027,-101.4134238,48105.0,4734.411085450346,3.6585365853658534,158,164,6,0,158,164,3499,0,0,0,0,0
2020-09-12,US,Texas,Crosby,83,1,0,33.61431553,-101.30003640000001,48107.0,1446.7491720411365,1.2048192771084338,82,83,1,0,82,81,5779,0,0,0,0,2
2020-09-12,US,Texas,Culberson,39,2,0,31.44506775,-104.5185739,48109.0,1796.4071856287424,5.128205128205129,37,38,2,0,36,38,2204,1,0,0,1,0
2020-09-12,US,Texas,Dallam,219,8,0,36.27787176,-102.60207249999999,48111.0,3005.3519967064635,3.6529680365296797,211,217,8,0,209,213,7200,2,0,0,2,4
2020-09-12,US,Texas,Dallas,75052,1043,0,32.76670599,-96.77796049999999,48113.0,2847.715589660621,1.3897031391568513,74009,74887,1037,0,73850,74628,2637772,165,6,0,159,259
2020-09-12,US,Texas,Dawson,268,8,0,32.74255572,-101.94772420000001,48115.0,2105.5939660590825,2.985074626865672,260,268,8,0,260,245,12619,0,0,0,0,23
2020-09-12,US,Texas,DeWitt,937,28,0,29.08101855,-97.35681170000001,48123.0,4647.81746031746,2.9882604055496267,909,893,27,0,866,890,20187,44,1,0,43,3
2020-09-12,US,Texas,Deaf Smith,838,20,0,34.96522957,-102.6054267,48117.0,4518.494554081743,2.386634844868735,818,832,20,0,812,818,18760,6,0,0,6,14
2020-09-12,US,Texas,Delta,22,0,0,33.38570922,-95.66921122,48119.0,412.68054773963615,0.0,22,22,0,0,22,21,5349,0,0,0,0,1
2020-09-12,US,Texas,Denton,11014,141,0,33.20521901,-97.11691153,48121.0,1241.4239292521365,1.2801888505538406,10873,10977,140,0,10837,10916,859064,37,1,0,36,61
2020-09-12,US,Texas,Dickens,48,2,0,33.61616822,-100.7788855,48125.0,2170.963364993216,4.166666666666667,46,47,2,0,45,46,2249,1,0,0,1,1
2020-09-12,US,Texas,Dimmit,190,7,0,28.42270064,-99.75645095,48127.0,1876.728565784275,3.684210526315789,183,189,7,0,182,188,10308,1,0,0,1,1
2020-09-12,US,Texas,Donley,59,1,0,34.96517499,-100.8140093,48129.0,1799.8779743746186,1.6949152542372878,58,57,1,0,56,57,3319,2,0,0,2,0
2020-09-12,US,Texas,Duval,405,14,0,27.68184592,-98.50864568,48131.0,3630.0080666845924,3.45679012345679,391,404,13,0,391,405,11212,1,1,0,0,-1
2020-09-12,US,Texas,Eastland,144,3,0,32.32743996,-98.83243566,48133.0,784.313725490196,2.083333333333333,141,144,3,0,141,130,18322,0,0,0,0,14
2020-09-12,US,Texas,Ector,4454,82,0,31.86898877,-102.54294279999999,48135.0,2679.532916624053,1.841041760215537,4372,4454,82,0,4372,4433,162124,0,0,0,0,21
2020-09-12,US,Texas,Edwards,34,1,0,29.98202582,-100.304252,48137.0,1759.8343685300208,2.9411764705882355,33,34,1,0,33,34,1928,0,0,0,0,0
2020-09-12,US,Texas,El Paso,21559,479,0,31.76980765,-106.23632749999999,48141.0,2568.877958338397,2.2218099169720302,21080,21335,470,0,20865,21259,840758,224,9,0,215,76
2020-09-12,US,Texas,Ellis,3998,62,0,32.34894117,-96.79371841,48139.0,2163.115578976984,1.5507753876938468,3936,3988,62,0,3926,3951,179436,10,0,0,10,37
2020-09-12,US,Texas,Erath,760,11,0,32.23602653,-98.21773417,48143.0,1779.9428544662514,1.4473684210526316,749,754,11,0,743,736,42446,6,0,0,6,18
2020-09-12,US,Texas,Falls,186,3,0,31.25350609,-96.93630086,48145.0,1075.3309822512574,1.6129032258064515,183,185,3,0,182,179,17335,1,0,0,1,6
2020-09-12,US,Texas,Fannin,641,12,0,33.59564294,-96.10751083,48147.0,1804.9220025905279,1.87207488299532,629,638,12,0,626,622,35286,3,0,0,3,16
2020-09-12,US,Texas,Fayette,513,18,0,29.87788372,-96.92076062,48149.0,2023.9880059970014,3.5087719298245608,495,513,18,0,495,476,25349,0,0,0,0,37
2020-09-12,US,Texas,Fisher,62,1,0,32.74281316,-100.40193020000001,48151.0,1618.798955613577,1.6129032258064515,61,62,1,0,61,61,3839,0,0,0,0,1
2020-09-12,US,Texas,Floyd,100,9,0,34.07227468,-101.3031546,48153.0,1750.7002801120448,9.0,91,100,9,0,91,99,5837,0,0,0,0,1
2020-09-12,US,Texas,Foard,5,0,0,33.97308618,-99.7767797,48155.0,432.9004329004329,0.0,5,3,0,0,3,3,1200,2,0,0,2,0
2020-09-12,US,Texas,Fort Bend,15423,266,0,29.52704478,-95.77219463,48157.0,1900.114329643903,1.7246968812812034,15157,15352,263,0,15089,15331,787858,71,3,0,68,21
2020-09-12,US,Texas,Franklin,123,6,0,33.17653242,-95.21917243,48159.0,1146.8531468531469,4.878048780487805,117,119,6,0,113,118,10766,4,0,0,4,1
2020-09-12,US,Texas,Freestone,393,1,0,31.70422788,-96.15072516,48161.0,1993.203834254704,0.2544529262086514,392,389,1,0,388,387,19808,4,0,0,4,2
2020-09-12,US,Texas,Frio,664,8,0,28.86751206,-99.10804207,48163.0,3269.969467152566,1.2048192771084338,656,647,8,0,639,644,19816,17,0,0,17,3
2020-09-12,US,Texas,Gaines,279,8,0,32.74055318,-102.6353295,48165.0,1298.1574539363485,2.867383512544803,271,279,8,0,271,268,20901,0,0,0,0,11
2020-09-12,US,Texas,Galveston,11280,165,0,29.40167322,-94.90469073,48167.0,3296.905643612684,1.4627659574468086,11115,11249,165,0,11084,11177,337890,31,0,0,31,72
2020-09-12,US,Texas,Garza,102,4,0,33.17969345,-101.2984114,48169.0,1637.5020067426553,3.92156862745098,98,102,4,0,98,102,6578,0,0,0,0,0
2020-09-12,US,Texas,Gillespie,210,9,0,30.31824095,-98.94676915,48171.0,778.1236104935527,4.285714285714286,201,208,9,0,199,206,26804,2,0,0,2,2
2020-09-12,US,Texas,Glasscock,6,0,0,31.86942909,-101.5207776,48173.0,425.83392476934,0.0,6,6,0,0,6,6,1388,0,0,0,0,0
2020-09-12,US,Texas,Goliad,129,6,0,28.65696592,-97.42760647,48175.0,1684.5129276573514,4.651162790697675,123,129,6,0,123,126,7584,0,0,0,0,3
2020-09-12,US,Texas,Gonzales,822,14,0,29.45634206,-97.49424032,48177.0,3944.905696597399,1.70316301703163,808,822,14,0,808,819,20826,0,0,0,0,3
2020-09-12,US,Texas,Gray,258,5,0,35.40081878,-100.8129222,48179.0,1178.8357854336105,1.937984496124031,253,254,5,0,249,251,21895,4,0,0,4,3
2020-09-12,US,Texas,Grayson,1577,33,0,33.62744998,-96.67753461,48181.0,1157.7540892138725,2.0925808497146483,1544,1577,32,0,1545,1577,133991,0,1,0,-1,0
2020-09-12,US,Texas,Gregg,2012,58,0,32.47940482,-94.81591935,48183.0,1623.3006575497195,2.8827037773359843,1954,1999,56,0,1943,1968,123707,13,2,0,11,31
2020-09-12,US,Texas,Grimes,1057,31,0,30.54579585,-95.98902499,48185.0,3659.972299168975,2.9328287606433303,1026,1053,31,0,1022,1031,28360,4,0,0,4,22
2020-09-12,US,Texas,Guadalupe,1941,76,0,29.58165339,-97.94786822,48187.0,1163.3412647515388,3.9155074703760953,1865,1942,76,0,1866,1924,163694,-1,0,0,-1,18
2020-09-12,US,Texas,Hale,1704,49,0,34.07044901,-101.82681140000001,48189.0,5100.880081422499,2.875586854460094,1655,1704,49,0,1655,1686,33830,0,0,0,0,18
2020-09-12,US,Texas,Hall,19,1,0,34.5307555,-100.68138520000001,48191.0,641.025641025641,5.2631578947368425,18,17,1,0,16,16,3028,2,0,0,2,1
2020-09-12,US,Texas,Hamilton,108,4,0,31.70470573,-98.11083887,48193.0,1276.4448646732064,3.703703703703704,104,105,4,0,101,105,8484,3,0,0,3,0
2020-09-12,US,Texas,Hansford,108,4,0,36.27743284,-101.3545796,48195.0,2000.37043897018,3.703703703703704,104,108,4,0,104,105,5463,0,0,0,0,3
2020-09-12,US,Texas,Hardeman,24,0,0,34.28944521,-99.74632408,48197.0,610.2212051868803,0.0,24,24,0,0,24,22,3922,0,0,0,0,2
2020-09-12,US,Texas,Hardin,1258,27,0,30.33364686,-94.38931817,48199.0,2183.9519461129817,2.146263910969793,1231,1284,26,0,1258,1234,57207,-26,1,0,-27,50
2020-09-12,US,Texas,Harris,115149,2414,0,29.85864939,-95.39339521,48201.0,2443.0524099229315,2.096414211152507,112735,114761,2395,0,112366,113504,4698619,388,19,0,369,1257
2020-09-12,US,Texas,Harrison,838,30,0,32.54935988,-94.36934071,48203.0,1259.1468453713585,3.5799522673031032,808,835,30,0,805,826,66726,3,0,0,3,9
2020-09-12,US,Texas,Hartley,107,0,0,35.84008013,-102.6029022,48205.0,1918.9383070301287,0.0,107,106,0,0,106,105,5619,1,0,0,1,1
2020-09-12,US,Texas,Haskell,59,2,0,33.17823584,-99.73037358,48207.0,1042.77129727819,3.3898305084745757,57,59,2,0,57,57,5813,0,0,0,0,2
2020-09-12,US,Texas,Hays,5598,60,0,30.05669873,-98.02944344,48209.0,2431.8935145162063,1.0718113612004287,5538,5598,59,0,5539,5568,222631,0,1,0,-1,30
2020-09-12,US,Texas,Hemphill,71,0,0,35.83764858,-100.2703577,48211.0,1859.1254255040587,0.0,71,71,0,0,71,67,3825,0,0,0,0,4
2020-09-12,US,Texas,Henderson,892,20,0,32.21128872,-95.85846587,48213.0,1078.1149908746993,2.242152466367713,872,885,20,0,865,867,82299,7,0,0,7,18
2020-09-12,US,Texas,Hidalgo,29335,1381,0,26.39418217,-98.18299696,48215.0,3376.857789795639,4.707687063235044,27954,29335,1381,0,27954,29082,865939,0,0,0,0,253
2020-09-12,US,Texas,Hill,467,12,0,31.99045053,-97.13423143,48217.0,1274.2503206090207,2.569593147751606,455,399,12,0,387,394,36354,68,0,0,68,5
2020-09-12,US,Texas,Hockley,302,6,0,33.60771256,-102.3431676,48219.0,1311.8457060944354,1.9867549668874167,296,297,6,0,291,286,22980,5,0,0,5,11
2020-09-12,US,Texas,Hood,847,25,0,32.42990927,-97.83242024,48221.0,1374.0408481092745,2.9515938606847696,822,842,25,0,817,812,60537,5,0,0,5,30
2020-09-12,US,Texas,Hopkins,287,8,0,33.14875072,-95.56351139,48223.0,773.9186711250135,2.787456445993032,279,284,8,0,276,260,36810,3,0,0,3,24
2020-09-12,US,Texas,Houston,351,9,0,31.31925973,-95.42226208,48225.0,1528.2131661442004,2.5641025641025643,342,351,9,0,342,349,23169,0,0,0,0,2
2020-09-12,US,Texas,Howard,406,10,0,32.30621324,-101.4356444,48227.0,1107.3532620554222,2.4630541871921183,396,403,10,0,393,351,36459,3,0,0,3,52
2020-09-12,US,Texas,Hudspeth,43,2,0,31.45628381,-105.388178,48229.0,880.065493246009,4.651162790697675,41,43,2,0,41,43,4795,0,0,0,0,0
2020-09-12,US,Texas,Hunt,1512,32,0,33.12351514,-96.08551032,48231.0,1533.5618800332675,2.1164021164021163,1480,1506,32,0,1474,1498,96493,6,0,0,6,8
2020-09-12,US,Texas,Hutchinson,163,3,0,35.84006574,-101.3546643,48233.0,778.4888719075366,1.8404907975460123,160,158,3,0,155,154,21198,5,0,0,5,4
2020-09-12,US,Texas,Irion,10,0,0,31.30375559,-100.982439,48235.0,651.0416666666666,0.0,10,10,0,0,10,10,1522,0,0,0,0,0
2020-09-12,US,Texas,Jack,129,2,0,33.23377248,-98.17283469,48237.0,1443.7604924454392,1.5503875968992251,127,127,1,0,126,127,8843,2,1,0,1,0
2020-09-12,US,Texas,Jackson,518,15,0,28.95472367,-96.57749563,48239.0,3509.4850948509484,2.895752895752896,503,517,15,0,502,511,14874,1,0,0,1,6
2020-09-12,US,Texas,Jasper,411,21,0,30.74685667,-94.02667579,48241.0,1156.8014861099384,5.109489051094892,390,411,21,0,390,411,35872,0,0,0,0,0
2020-09-12,US,Texas,Jeff Davis,14,0,0,30.71490589,-104.1399973,48243.0,615.6552330694811,0.0,14,14,0,0,14,14,2252,0,0,0,0,0
2020-09-12,US,Texas,Jefferson,6951,125,0,29.8832777,-94.16434171,48245.0,2763.1029753741577,1.7983024025320098,6826,6912,122,0,6790,6841,255001,39,3,0,36,71
2020-09-12,US,Texas,Jim Hogg,96,2,0,27.04453923,-98.69681870000001,48247.0,1846.1538461538464,2.083333333333333,94,96,2,0,94,95,5248,0,0,0,0,1
2020-09-12,US,Texas,Jim Wells,1369,31,0,27.73103938,-98.0904705,48249.0,3381.749913541821,2.264426588750913,1338,1356,31,0,1325,1328,40822,13,0,0,13,28
2020-09-12,US,Texas,Johnson,2663,48,0,32.37877812,-97.36615819,48251.0,1514.6430663701462,1.80247840781074,2615,2659,48,0,2611,2615,171361,4,0,0,4,44
2020-09-12,US,Texas,Jones,562,0,0,32.73997145,-99.87861576,48253.0,2798.3866952148583,0.0,562,569,0,0,569,583,19817,-7,0,0,-7,-14
2020-09-12,US,Texas,Karnes,752,16,0,28.90705334,-97.85960149,48255.0,4820.203833087623,2.127659574468085,736,752,16,0,736,750,15650,0,0,0,0,2
2020-09-12,US,Texas,Kaufman,2915,44,0,32.599141700000004,-96.28734728,48257.0,2140.9580328157817,1.509433962264151,2871,2911,44,0,2867,2884,128622,4,0,0,4,27
2020-09-12,US,Texas,Kendall,203,6,0,29.94414155,-98.7113588,48259.0,427.9901330353566,2.955665024630542,197,203,5,0,198,198,45641,0,1,0,-1,5
2020-09-12,US,Texas,Kenedy,7,1,0,26.92601662,-97.66413984,48261.0,1732.6732673267327,14.285714285714285,6,7,1,0,6,7,442,0,0,0,0,0
2020-09-12,US,Texas,Kent,7,0,0,33.18104136,-100.7780939,48263.0,918.6351706036743,0.0,7,7,0,0,7,7,726,0,0,0,0,0
2020-09-12,US,Texas,Kerr,444,10,0,30.06040006,-99.34930144,48265.0,844.1064638783272,2.2522522522522523,434,444,10,0,434,441,52405,0,0,0,0,3
2020-09-12,US,Texas,Kimble,16,1,0,30.48678918,-99.74856473,48267.0,368.9186073322573,6.25,15,16,1,0,15,16,4362,0,0,0,0,0
2020-09-12,US,Texas,Kinney,24,1,0,29.34967888,-100.41866379999999,48271.0,654.485955822198,4.166666666666667,23,24,1,0,23,23,3767,0,0,0,0,1
2020-09-12,US,Texas,Kleberg,956,37,0,27.42435506,-97.69894948,48273.0,3116.036505867015,3.8702928870292888,919,953,35,0,918,944,31129,3,2,0,1,9
2020-09-12,US,Texas,Knox,67,8,0,33.60519951,-99.74229059999999,48275.0,1828.6026200873362,11.940298507462687,59,67,8,0,59,67,3653,0,0,0,0,0
2020-09-12,US,Texas,La Salle,359,10,0,28.34453111,-99.09908775,48283.0,4773.936170212766,2.7855153203342615,349,362,10,0,352,361,7531,-3,0,0,-3,1
2020-09-12,US,Texas,Lamar,959,30,0,33.66981763,-95.57404777,48277.0,1923.4240558374613,3.1282586027111576,929,959,29,0,930,948,49728,0,1,0,-1,11
2020-09-12,US,Texas,Lamb,308,21,0,34.06859623,-102.35162890000001,48279.0,2388.893197859304,6.8181818181818175,287,304,20,0,284,301,13158,4,1,0,3,3
2020-09-12,US,Texas,Lampasas,205,7,0,31.19531316,-98.24206613,48281.0,956.6921784580924,3.414634146341464,198,202,7,0,195,181,21229,3,0,0,3,21
2020-09-12,US,Texas,Lavaca,701,32,0,29.38508402,-96.93186692,48285.0,3478.217723528828,4.564907275320969,669,698,32,0,666,691,20110,3,0,0,3,7
2020-09-12,US,Texas,Lee,208,14,0,30.31120597,-96.97045773,48287.0,1206.5665061778525,6.730769230769232,194,208,14,0,194,208,17144,0,0,0,0,0
2020-09-12,US,Texas,Leon,210,5,0,31.29872538,-95.9936328,48289.0,1206.6191680073543,2.380952380952381,205,209,5,0,204,207,17270,1,0,0,1,2
2020-09-12,US,Texas,Liberty,2153,46,0,30.15152688,-94.81205615,48291.0,2440.517348870425,2.136553646075244,2107,2091,46,0,2045,2055,86323,62,0,0,62,36
2020-09-12,US,Texas,Limestone,515,9,0,31.5454767,-96.58095444,48293.0,2197.38021077783,1.7475728155339805,506,507,8,0,499,499,23519,8,1,0,7,8
2020-09-12,US,Texas,Lipscomb,29,0,0,36.27783108,-100.27331509999999,48295.0,896.9996906897618,0.0,29,28,0,0,28,26,3355,1,0,0,1,2
2020-09-12,US,Texas,Live Oak,359,8,0,28.35101362,-98.1246786,48297.0,2940.9355287949543,2.2284122562674096,351,359,8,0,351,357,12166,0,0,0,0,2
2020-09-12,US,Texas,Llano,112,1,0,30.70645047,-98.68475262,48299.0,513.8793301215875,0.8928571428571429,111,107,1,0,106,105,21646,5,0,0,5,2
2020-09-12,US,Texas,Lubbock,9500,108,0,33.61008596,-101.82047890000001,48303.0,3058.9015645476534,1.136842105263158,9392,9402,107,0,9295,9075,307412,98,1,0,97,327
2020-09-12,US,Texas,Lynn,89,5,0,33.17657705,-101.8162849,48305.0,1495.5469668963199,5.617977528089888,84,89,5,0,84,87,5877,0,0,0,0,2
2020-09-12,US,Texas,Madison,709,5,0,30.96694679,-95.93003775,48313.0,4963.595631475777,0.7052186177715092,704,702,5,0,697,699,14422,7,0,0,7,3
2020-09-12,US,Texas,Marion,147,13,0,32.79868409,-94.35661230000001,48315.0,1491.7799878222042,8.843537414965986,134,147,13,0,134,147,9928,0,0,0,0,0
2020-09-12,US,Texas,Martin,75,6,0,32.30600051,-101.9513518,48317.0,1299.6014555536306,8.0,69,75,6,0,69,74,5753,0,0,0,0,1
2020-09-12,US,Texas,Mason,76,2,0,30.71780434,-99.22629416,48319.0,1778.193729527375,2.631578947368421,74,76,2,0,74,76,4280,0,0,0,0,0
2020-09-12,US,Texas,Matagorda,975,40,0,28.81955746,-96.01230294,48321.0,2660.808339928499,4.102564102564102,935,973,40,0,933,965,36552,2,0,0,2,8
2020-09-12,US,Texas,Maverick,3535,102,0,28.7429195,-100.3157686,48323.0,6019.890330710807,2.8854314002828856,3433,3499,102,0,3397,3458,58485,36,0,0,36,41
2020-09-12,US,Texas,McCulloch,132,3,0,31.1925468,-99.34682807,48307.0,1653.306613226453,2.272727272727273,129,129,1,0,128,126,7987,3,2,0,1,3
2020-09-12,US,Texas,McLennan,7059,91,0,31.55255453,-97.20217694,48309.0,2750.7277212097124,1.2891344383057088,6968,6991,91,0,6900,6813,254607,68,0,0,68,178
2020-09-12,US,Texas,McMullen,19,0,0,28.35251708,-98.56769164,48311.0,2557.200538358008,0.0,19,19,0,0,19,19,749,0,0,0,0,0
2020-09-12,US,Texas,Medina,1147,39,0,29.355730100000002,-99.11030298,48325.0,2223.5576923076924,3.4001743679163035,1108,1151,39,0,1112,1133,50921,-4,0,0,-4,18
2020-09-12,US,Texas,Menard,23,0,0,30.88990665,-99.82047940000001,48327.0,1075.7717492984098,0.0,23,23,0,0,23,22,2139,0,0,0,0,1
2020-09-12,US,Texas,Midland,3441,77,0,31.86904128,-102.03156820000001,48329.0,1945.914766558089,2.2377215925603022,3364,3441,77,0,3364,3421,172578,0,0,0,0,20
2020-09-12,US,Texas,Milam,463,5,0,30.78581830000001,-96.97718698,48331.0,1865.2056560447973,1.079913606911447,458,462,5,0,457,452,25131,1,0,0,1,10
2020-09-12,US,Texas,Mills,42,0,0,31.49557106,-98.59272068,48333.0,861.8920582803203,0.0,42,42,0,0,42,40,4921,0,0,0,0,2
2020-09-12,US,Texas,Mitchell,80,1,0,32.30623474,-100.9212058,48335.0,936.2200117027504,1.25,79,80,1,0,79,79,8145,0,0,0,0,1
2020-09-12,US,Texas,Montague,157,3,0,33.67521893,-97.72500958,48337.0,792.2091028358058,1.9108280254777068,154,157,3,0,154,152,19596,0,0,0,0,5
2020-09-12,US,Texas,Montgomery,9790,144,0,30.30079133,-95.50572772,48339.0,1611.8118312586128,1.4708886618998978,9646,9790,140,0,9650,9586,590925,0,4,0,-4,204
2020-09-12,US,Texas,Moore,1137,19,0,35.83769242,-101.8930281,48341.0,5429.799426934097,1.6710642040457344,1118,1132,19,0,1113,1126,21485,5,0,0,5,6
2020-09-12,US,Texas,Morris,174,3,0,33.11304005,-94.73255695,48343.0,1404.585082337746,1.7241379310344829,171,173,3,0,170,164,12339,1,0,0,1,9
2020-09-12,US,Texas,Motley,7,0,0,34.07408766,-100.77972199999999,48345.0,583.3333333333334,0.0,7,7,0,0,7,7,1234,0,0,0,0,0
2020-09-12,US,Texas,Nacogdoches,1459,58,0,31.62017125,-94.61803994,48347.0,2237.5927857186675,3.975325565455792,1401,1444,56,0,1388,1412,65711,15,2,0,13,32
2020-09-12,US,Texas,Navarro,1185,23,0,32.04620681,-96.47428766,48349.0,2364.655877716361,1.940928270042194,1162,1180,22,0,1158,1165,49565,5,1,0,4,15
2020-09-12,US,Texas,Newton,164,8,0,30.78548982,-93.74408813,48351.0,1206.3258550937844,4.878048780487805,156,164,8,0,156,164,13746,0,0,0,0,0
2020-09-12,US,Texas,Nolan,185,4,0,32.30365282,-100.4060208,48353.0,1257.3059671061576,2.1621621621621623,181,183,4,0,179,180,14751,2,0,0,2,3
2020-09-12,US,Texas,Nueces,19557,385,0,27.736286,-97.5433285,48355.0,5398.102093879556,1.9686045917062944,19172,19557,385,0,19172,19509,362265,0,0,0,0,48
2020-09-12,US,Texas,Ochiltree,115,4,0,36.27829105,-100.8158184,48357.0,1169.1744611630745,3.4782608695652173,111,114,4,0,110,113,9947,1,0,0,1,1
2020-09-12,US,Texas,Oldham,15,1,0,35.40425596,-102.6027606,48359.0,710.2272727272727,6.666666666666668,14,15,1,0,14,15,2131,0,0,0,0,0
2020-09-12,US,Texas,Orange,1822,39,0,30.11879481,-93.89412775,48361.0,2184.7570626888587,2.1405049396267843,1783,1801,39,0,1762,1767,83572,21,0,0,21,34
2020-09-12,US,Texas,Palo Pinto,470,14,0,32.75310985,-98.31319001,48363.0,1610.195621638289,2.9787234042553186,456,468,14,0,454,464,28875,2,0,0,2,4
2020-09-12,US,Texas,Panola,345,24,0,32.163959600000005,-94.30552481,48365.0,1487.4536518065015,6.956521739130435,321,345,24,0,321,335,23148,0,0,0,0,10
2020-09-12,US,Texas,Parker,1742,29,0,32.77757172,-97.80500621,48367.0,1219.221993588936,1.6647531572904708,1713,1735,28,0,1707,1706,138371,7,1,0,6,29
2020-09-12,US,Texas,Parmer,404,7,0,34.52993409,-102.78446679999999,48369.0,4206.142634044771,1.7326732673267329,397,402,7,0,395,393,9864,2,0,0,2,9
2020-09-12,US,Texas,Pecos,348,4,0,30.78097267,-102.72412609999999,48371.0,2199.330089110788,1.1494252873563218,344,343,4,0,339,339,15673,5,0,0,5,4
2020-09-12,US,Texas,Polk,811,21,0,30.79472531,-94.82766240000001,48373.0,1579.265086752478,2.589395807644882,790,811,21,0,790,794,50031,0,0,0,0,17
2020-09-12,US,Texas,Potter,4310,57,0,35.40133773,-101.893964,48375.0,3670.7405357066814,1.322505800464037,4253,4310,57,0,4253,4244,119648,0,0,0,0,66
2020-09-12,US,Texas,Presidio,91,5,0,29.99954402,-104.24080790000001,48377.0,1357.398568019093,5.494505494505495,86,91,5,0,86,91,6948,0,0,0,0,0
2020-09-12,US,Texas,Rains,60,3,0,32.87109387,-95.79232691,48379.0,479.4630014383889,5.0,57,60,3,0,57,60,12159,0,0,0,0,0
2020-09-12,US,Texas,Randall,2426,34,0,34.96585996,-101.8971322,48381.0,1761.6347040584405,1.4014839241549877,2392,2395,34,0,2361,2341,136271,31,0,0,31,54
2020-09-12,US,Texas,Reagan,86,6,0,31.36607041,-101.52326590000001,48383.0,2234.346583528189,6.9767441860465125,80,86,6,0,80,86,3741,0,0,0,0,0
2020-09-12,US,Texas,Real,105,6,0,29.83321503,-99.82018052,48385.0,3041.7149478563147,5.7142857142857135,99,105,6,0,99,105,3478,0,0,0,0,0
2020-09-12,US,Texas,Red River,157,14,0,33.61886692,-95.04841765,48387.0,1305.8304915578474,8.917197452229301,143,155,14,0,141,152,12175,2,0,0,2,3
2020-09-12,US,Texas,Reeves,183,6,0,31.32323325,-103.69038959999999,48389.0,1145.4682023034552,3.278688524590164,177,182,5,0,177,180,15695,1,1,0,0,2
2020-09-12,US,Texas,Refugio,301,10,0,28.323897600000002,-97.15766311,48391.0,4332.181922855498,3.3222591362126246,291,301,10,0,291,301,7032,0,0,0,0,0
2020-09-12,US,Texas,Roberts,9,0,0,35.83809685,-100.813175,48393.0,1053.864168618267,0.0,9,9,0,0,9,8,903,0,0,0,0,1
2020-09-12,US,Texas,Robertson,272,4,0,31.02539637,-96.51272246,48395.0,1593.0654796767014,1.4705882352941178,268,270,5,0,265,266,17284,2,-1,0,3,4
2020-09-12,US,Texas,Rockwall,1446,24,0,32.89779518,-96.40771592,48397.0,1378.2585902873755,1.6597510373443984,1422,1443,24,0,1419,1439,100657,3,0,0,3,4
2020-09-12,US,Texas,Runnels,232,4,0,31.8314342,-99.97616148,48399.0,2260.327357755261,1.7241379310344829,228,226,4,0,222,224,10234,6,0,0,6,2
2020-09-12,US,Texas,Rusk,793,6,0,32.10773545,-94.76176432,48401.0,1457.5598279601513,0.7566204287515763,787,790,6,0,784,762,54450,3,0,0,3,28
2020-09-12,US,Texas,Sabine,75,8,0,31.34318809,-93.85440451,48403.0,711.4399544678429,10.666666666666666,67,75,8,0,67,75,10589,0,0,0,0,0
2020-09-12,US,Texas,San Augustine,197,13,0,31.39457611,-94.17000399,48405.0,2391.647444457933,6.598984771573603,184,197,13,0,184,195,8232,0,0,0,0,2
2020-09-12,US,Texas,San Jacinto,217,9,0,30.57933681,-95.16260304,48407.0,751.9318063688969,4.147465437788019,208,215,8,0,207,208,28719,2,1,0,1,7
2020-09-12,US,Texas,San Patricio,1384,64,0,28.00880118,-97.51763891,48409.0,2074.029671811779,4.624277456647398,1320,1372,64,0,1308,1369,66893,12,0,0,12,3
2020-09-12,US,Texas,San Saba,42,0,0,31.1577796,-98.81758731,48411.0,693.6416184971097,0.0,42,42,0,0,42,41,6054,0,0,0,0,1
2020-09-12,US,Texas,Schleicher,51,2,0,30.89740592,-100.5384842,48413.0,1825.993555316864,3.92156862745098,49,51,2,0,49,51,2895,0,0,0,0,0
2020-09-12,US,Texas,Scurry,574,2,0,32.74613808,-100.91626640000001,48415.0,3436.5084116625762,0.3484320557491289,572,578,2,0,576,563,16866,-4,0,0,-4,15
2020-09-12,US,Texas,Shackelford,23,0,0,32.73587756,-99.35401337,48417.0,704.4410413476262,0.0,23,23,0,0,23,23,3253,0,0,0,0,0
2020-09-12,US,Texas,Shelby,455,21,0,31.79211404,-94.14550696,48419.0,1800.2690511988606,4.615384615384615,434,455,21,0,434,449,25418,0,0,0,0,6
2020-09-12,US,Texas,Sherman,58,0,0,36.27751473,-101.8933156,48421.0,1919.2587690271343,0.0,58,57,0,0,57,56,3079,1,0,0,1,1
2020-09-12,US,Texas,Smith,3484,85,0,32.37474036,-95.27175679999999,48423.0,1496.8786385450546,2.439724454649828,3399,3471,83,0,3388,3437,230221,13,2,0,11,34
2020-09-12,US,Texas,Somervell,133,5,0,32.22236802,-97.77403489,48425.0,1457.0552147239264,3.7593984962406015,128,132,5,0,127,126,9016,1,0,0,1,6
2020-09-12,US,Texas,Starr,3242,146,0,26.56150059,-98.73892358,48427.0,5016.013491560039,4.5033929673041335,3096,3235,146,0,3089,3172,64525,7,0,0,7,63
2020-09-12,US,Texas,Stephens,124,4,0,32.73553157,-98.83631615,48429.0,1323.9376468076018,3.2258064516129035,120,126,4,0,122,130,9433,-2,0,0,-2,-4
2020-09-12,US,Texas,Sterling,4,0,0,31.82781912,-101.05007459999999,48431.0,309.8373353989156,0.0,4,4,0,0,4,4,1311,0,0,0,0,0
2020-09-12,US,Texas,Stonewall,10,1,0,33.17906744,-100.25384009999999,48433.0,740.7407407407408,10.0,9,9,1,0,8,9,1362,1,0,0,1,0
2020-09-12,US,Texas,Sutton,79,3,0,30.49856623,-100.5382014,48435.0,2092.1610169491523,3.79746835443038,76,78,3,0,75,77,3758,1,0,0,1,1
2020-09-12,US,Texas,Swisher,101,3,0,34.53028891,-101.73491740000001,48437.0,1365.4184128700826,2.9702970297029703,98,96,3,0,93,96,7462,5,0,0,5,0
2020-09-12,US,Texas,Tarrant,44140,660,0,32.77143818,-97.29101614,48439.0,2099.390491863316,1.4952424105120072,43480,43937,657,0,43280,43726,2084931,203,3,0,200,211
2020-09-12,US,Texas,Taylor,1398,43,0,32.30163422,-99.89007449,48441.0,1012.793949316835,3.0758226037195997,1355,1386,42,0,1344,1370,137640,12,1,0,11,16
2020-09-12,US,Texas,Terrell,3,0,0,30.22429013,-102.0766732,48443.0,386.59793814432993,0.0,3,3,0,0,3,3,823,0,0,0,0,0
2020-09-12,US,Texas,Terry,215,4,0,33.17402785,-102.3354521,48445.0,1742.7251357704465,1.8604651162790695,211,215,4,0,211,210,12287,0,0,0,0,5
2020-09-12,US,Texas,Throckmorton,6,2,0,33.17751417,-99.21226795,48447.0,399.7335109926715,33.333333333333336,4,6,2,0,4,5,1515,0,0,0,0,1
2020-09-12,US,Texas,Titus,1542,28,0,33.21339719,-94.96797273,48449.0,4708.396946564885,1.8158236057068744,1514,1542,26,0,1516,1542,33033,0,2,0,-2,0
2020-09-12,US,Texas,Tom Green,3434,61,0,31.40464436,-100.46244300000001,48451.0,2880.872483221477,1.7763541059988353,3373,3413,60,0,3353,3384,118189,21,1,0,20,29
2020-09-12,US,Texas,Travis,27578,403,0,30.33432034,-97.78535620000001,48453.0,2164.7563412807685,1.4613097396475452,27175,27525,402,0,27123,27424,1248743,53,1,0,52,101
2020-09-12,US,Texas,Trinity,187,6,0,31.0879489,-95.1367187,48455.0,1276.3633881646304,3.2085561497326203,181,187,6,0,181,182,14740,0,0,0,0,5
2020-09-12,US,Texas,Tyler,192,4,0,30.77031716,-94.37690895,48457.0,885.9357696566997,2.083333333333333,188,192,4,0,188,192,21696,0,0,0,0,0
2020-09-12,US,Texas,Upshur,360,9,0,32.73706798,-94.93999853,48459.0,862.2134936411754,2.5,351,353,9,0,344,340,41260,7,0,0,7,13
2020-09-12,US,Texas,Upton,21,2,0,31.36868194,-102.0423217,48461.0,574.2411812961444,9.523809523809524,19,21,2,0,19,21,3671,0,0,0,0,0
2020-09-12,US,Texas,Uvalde,737,29,0,29.35739637,-99.76229172,48463.0,2756.067461949815,3.9348710990502034,708,729,28,0,701,729,26846,8,1,0,7,0
2020-09-12,US,Texas,Val Verde,1957,92,0,29.89149232,-101.1525205,48465.0,3991.840897501275,4.701073071027082,1865,1957,92,0,1865,1957,49208,0,0,0,0,0
2020-09-12,US,Texas,Van Zandt,540,18,0,32.56483801,-95.83766469,48467.0,954.2321965011487,3.333333333333333,522,539,18,0,521,532,56019,1,0,0,1,7
2020-09-12,US,Texas,Victoria,3925,85,0,28.79780988,-96.96813006,48469.0,4262.412579818427,2.165605095541401,3840,3931,84,0,3847,3876,92035,-6,1,0,-7,55
2020-09-12,US,Texas,Walker,3370,52,0,30.73872995,-95.57440968,48471.0,4618.273012566636,1.543026706231454,3318,3416,52,0,3364,3854,72480,-46,0,0,-46,-438
2020-09-12,US,Texas,Waller,771,11,0,30.01058447,-95.99011759,48473.0,1395.5761503095246,1.4267185473411157,760,752,11,0,741,725,53126,19,0,0,19,27
2020-09-12,US,Texas,Ward,115,1,0,31.50999644,-103.09279090000001,48475.0,958.4930821803633,0.8695652173913043,114,115,1,0,114,113,11720,0,0,0,0,2
2020-09-12,US,Texas,Washington,594,47,0,30.21498498,-96.40946246,48477.0,1655.4261189454323,7.912457912457912,547,593,47,0,546,582,35108,1,0,0,1,11
2020-09-12,US,Texas,Webb,12580,267,0,27.7610369,-99.33237355,48479.0,4547.229009730636,2.12241653418124,12313,12532,266,0,12266,12464,275910,48,1,0,47,68
2020-09-12,US,Texas,Wharton,1270,48,0,29.27765923,-96.22319248,48481.0,3056.117046876504,3.779527559055118,1222,1259,47,0,1212,1245,41619,11,1,0,10,14
2020-09-12,US,Texas,Wheeler,42,0,0,35.40114335,-100.26995140000001,48483.0,830.6962025316458,0.0,42,42,0,0,42,42,5191,0,0,0,0,0
2020-09-12,US,Texas,Wichita,1498,19,0,33.98842886,-98.70410340000001,48485.0,1132.8745367919535,1.2683578104138853,1479,1465,19,0,1446,1429,132064,33,0,0,33,36
2020-09-12,US,Texas,Wilbarger,124,2,0,34.07945812,-99.24178437,48487.0,971.1018873835068,1.6129032258064515,122,121,2,0,119,120,12820,3,0,0,3,1
2020-09-12,US,Texas,Willacy,1180,46,0,26.47411727,-97.61535848,48489.0,5524.86187845304,3.8983050847457625,1134,1179,46,0,1133,1174,21515,1,0,0,1,5
2020-09-12,US,Texas,Williamson,8143,134,0,30.64655664,-97.60048540000001,48491.0,1378.8817561904052,1.6455851651725408,8009,8143,134,0,8009,8125,566719,0,0,0,0,18
2020-09-12,US,Texas,Wilson,566,26,0,29.1732598,-98.08693082,48493.0,1108.2827491678088,4.593639575971731,540,565,26,0,539,552,50224,1,0,0,1,13
2020-09-12,US,Texas,Winkler,106,1,0,31.85008651,-103.04851629999999,48495.0,1323.3458177278405,0.9433962264150944,105,104,1,0,103,102,7720,2,0,0,2,2
2020-09-12,US,Texas,Wise,689,13,0,33.21570665,-97.65460265,48497.0,984.5107453132144,1.8867924528301887,676,687,13,0,674,677,68305,2,0,0,2,10
2020-09-12,US,Texas,Wood,452,18,0,32.78722382,-95.38236368,48499.0,992.5558312655087,3.9823008849557517,434,451,17,0,434,428,45129,1,1,0,0,23
2020-09-12,US,Texas,Yoakum,183,4,0,33.17320212,-102.82764329999999,48501.0,2100.309881785837,2.1857923497267757,179,183,4,0,179,173,8591,0,0,0,0,10
2020-09-12,US,Texas,Young,246,6,0,33.17659707,-98.68790885,48503.0,1365.9078289838976,2.4390243902439024,240,243,6,0,237,238,18045,3,0,0,3,5
2020-09-12,US,Texas,Zapata,317,5,0,27.00156391,-99.16987152,48505.0,2235.700684110304,1.5772870662460567,312,317,4,0,313,317,14190,0,1,0,-1,0
2020-09-12,US,Texas,Zavala,282,14,0,28.86617238,-99.76050829,48507.0,2381.756756756757,4.964539007092198,268,275,14,0,261,272,11983,7,0,0,7,3
2020-09-12,US,Utah,Bear River,2802,11,0,41.52106798,-113.08328159999999,0.0,1499.855474311897,0.39257673090649536,2791,2767,11,0,2756,2727,,35,0,0,35,40
2020-09-12,US,Utah,Central Utah,551,3,0,39.37231946,-111.5758676,0.0,672.3283793347488,0.5444646098003629,548,548,3,0,545,543,,3,0,0,3,5
2020-09-12,US,Utah,Davis,4317,28,0,40.99001837,-112.1139997,49011.0,1214.4108967849195,0.6485985638174658,4289,4286,27,0,4259,4235,351713,31,1,0,30,51
2020-09-12,US,Utah,Salt Lake,25814,242,0,40.66616532,-111.92160109999999,49035.0,2224.5068021788347,0.9374757883319128,25572,25609,241,0,25368,25353,1152633,205,1,0,204,256
2020-09-12,US,Utah,San Juan,680,29,0,37.62762978,-109.80337140000002,49037.0,4442.121766396655,4.264705882352942,651,673,29,0,644,673,15449,7,0,0,7,0
2020-09-12,US,Utah,Southeast Utah,166,1,0,38.99617072,-110.70139579999999,0.0,412.6376494568595,0.6024096385542169,165,163,1,0,162,162,,3,0,0,3,1
2020-09-12,US,Utah,Southwest Utah,3831,29,0,37.85447192,-111.4418764,0.0,1519.9847644440213,0.7569825110937092,3802,3808,29,0,3779,3774,,23,0,0,23,34
2020-09-12,US,Utah,Summit,907,1,0,40.86688146,-110.9535882,49043.0,2152.093961324,0.11025358324145534,906,905,1,0,904,898,41933,2,0,0,2,7
2020-09-12,US,Utah,Tooele,760,0,0,40.44862644,-113.12957150000001,49045.0,1051.7720975933794,0.0,760,756,0,0,756,750,69907,4,0,0,4,6
2020-09-12,US,Utah,TriCounty,225,1,0,40.12491499,-109.5174415,0.0,397.3720462011232,0.4444444444444444,224,225,1,0,224,221,,0,0,0,0,4
2020-09-12,US,Utah,Utah,12816,52,0,40.116672200000004,-111.66576620000001,49049.0,2014.3500436159595,0.40574282147315854,12764,12611,52,0,12559,12392,622213,205,0,0,205,219
2020-09-12,US,Utah,Wasatch,666,7,0,40.33110236,-111.1691419,49051.0,1953.5947904138925,1.0510510510510511,659,662,7,0,655,660,33240,4,0,0,4,2
2020-09-12,US,Utah,Weber-Morgan,3712,29,0,41.27116049,-111.9145117,0.0,1363.017144200017,0.78125,3683,3662,29,0,3633,3631,,50,0,0,50,31
2020-09-12,US,Vermont,Addison,82,2,0,44.03217337,-73.14130877,50001.0,222.9654403567447,2.4390243902439024,80,82,2,0,80,82,36973,0,0,0,0,0
2020-09-12,US,Vermont,Bennington,107,1,0,43.03519828,-73.09048868,50003.0,301.6633775021145,0.9345794392523364,106,107,1,0,106,108,35631,0,0,0,0,-1
2020-09-12,US,Vermont,Caledonia,34,0,0,44.46548598,-72.10314651,50005.0,113.35978394958825,0.0,34,33,0,0,33,33,30302,1,0,0,1,0
2020-09-12,US,Vermont,Chittenden,811,39,0,44.46322849,-73.08359212,50007.0,495.1945974330481,4.808877928483353,772,808,39,0,769,804,164572,3,0,0,3,4
2020-09-12,US,Vermont,Essex,6,0,0,44.72736416,-71.73579864,50009.0,97.35518416355671,0.0,6,6,0,0,6,6,6250,0,0,0,0,0
2020-09-12,US,Vermont,Franklin,123,7,0,44.85627605,-72.91249563,50011.0,248.97777417918306,5.691056910569106,116,123,7,0,116,123,49421,0,0,0,0,0
2020-09-12,US,Vermont,Grand Isle,13,0,0,44.797582399999996,-73.29679772,50013.0,179.68210089841045,0.0,13,13,0,0,13,13,7090,0,0,0,0,0
2020-09-12,US,Vermont,Lamoille,47,1,0,44.60353043,-72.64356694,50015.0,185.3166154088794,2.127659574468085,46,47,1,0,46,47,25300,0,0,0,0,0
2020-09-12,US,Vermont,Orange,22,0,0,44.00470222,-72.37640104,50017.0,76.14564585352346,0.0,22,22,0,0,22,21,28999,0,0,0,0,1
2020-09-12,US,Vermont,Orleans,22,0,0,44.82964024,-72.24562697,50019.0,81.3699744794171,0.0,22,22,0,0,22,22,26907,0,0,0,0,0
2020-09-12,US,Vermont,Rutland,128,1,0,43.57723578,-73.03741676,50021.0,219.96528672818818,0.78125,127,126,1,0,125,126,58672,2,0,0,2,0
2020-09-12,US,Vermont,Unassigned,8,0,0,0.0,0.0,90050.0,0.0,0.0,8,8,0,0,8,8,,0,0,0,0,0
2020-09-12,US,Vermont,Washington,69,2,0,44.27343241,-72.61604978,50023.0,118.1324795836258,2.898550724637681,67,66,2,0,64,64,58140,3,0,0,3,2
2020-09-12,US,Vermont,Windham,123,3,0,42.986982,-72.71268875,50025.0,291.3173227227512,2.4390243902439024,120,123,3,0,120,123,42756,0,0,0,0,0
2020-09-12,US,Vermont,Windsor,82,2,0,43.58010937,-72.58595157,50027.0,148.92303221822672,2.4390243902439024,80,82,2,0,80,81,55286,0,0,0,0,1
2020-09-12,US,Virginia,Accomack,1158,19,0,37.76707161,-75.63234615,51001.0,3583.3642777571476,1.640759930915371,1139,1158,19,0,1139,1156,32412,0,0,0,0,2
2020-09-12,US,Virginia,Albemarle,1128,19,0,38.02080697,-78.55481085,51003.0,1031.7387725235526,1.6843971631205674,1109,1122,19,0,1103,1110,108718,6,0,0,6,12
2020-09-12,US,Virginia,Alexandria,3594,62,0,38.814003,-77.08183073,51510.0,2254.309155229947,1.7250973845297721,3532,3577,62,0,3515,3558,160530,17,0,0,17,19
2020-09-12,US,Virginia,Alleghany,74,4,0,37.78636074,-80.00222498,51005.0,497.9811574697174,5.405405405405406,70,75,4,0,71,73,14910,-1,0,0,-1,2
2020-09-12,US,Virginia,Amelia,120,3,0,37.34081025,-77.98584649,51007.0,912.8946367440093,2.5,117,115,3,0,112,114,13013,5,0,0,5,1
2020-09-12,US,Virginia,Amherst,339,1,0,37.60308293,-79.14548696,51009.0,1072.6150925486477,0.2949852507374631,338,333,1,0,332,328,31666,6,0,0,6,5
2020-09-12,US,Virginia,Appomattox,192,1,0,37.37569884,-78.81340003,51011.0,1206.7123373766576,0.5208333333333334,191,190,1,0,189,185,15841,2,0,0,2,5
2020-09-12,US,Virginia,Arlington,3710,145,0,38.8767675,-77.10139853,51013.0,1566.4451406422847,3.908355795148248,3565,3700,144,0,3556,3687,237521,10,1,0,9,13
2020-09-12,US,Virginia,Augusta,421,4,0,38.16404586,-79.12461614,51015.0,557.1878556870219,0.9501187648456056,417,414,4,0,410,408,75457,7,0,0,7,6
2020-09-12,US,Virginia,Bath,4,0,0,38.05852573,-79.73912095,51017.0,96.45526886906195,0.0,4,4,0,0,4,4,4292,0,0,0,0,0
2020-09-12,US,Virginia,Bedford,655,9,0,37.3080028,-79.5281964,51019.0,829.1454105852121,1.3740458015267176,646,650,9,0,641,630,78747,5,0,0,5,20
2020-09-12,US,Virginia,Bland,64,1,0,37.13128068,-81.13599391,51021.0,1019.108280254777,1.5625,63,64,1,0,63,61,6293,0,0,0,0,3
2020-09-12,US,Virginia,Botetourt,274,10,0,37.55531756,-79.80982182,51023.0,819.8928753104523,3.6496350364963503,264,272,10,0,262,269,33277,2,0,0,2,3
2020-09-12,US,Virginia,Bristol,157,2,0,36.616302399999995,-82.16359122,51520.0,936.6424054408784,1.2738853503184713,155,153,2,0,151,151,16482,4,0,0,4,2
2020-09-12,US,Virginia,Brunswick,327,2,0,36.76366949,-77.8593436,51025.0,2014.6632986260852,0.6116207951070336,325,326,2,0,324,320,16384,1,0,0,1,6
2020-09-12,US,Virginia,Buchanan,109,2,0,37.26818323,-82.03749726,51027.0,518.9487716625405,1.834862385321101,107,107,2,0,105,105,21221,2,0,0,2,2
2020-09-12,US,Virginia,Buckingham,665,8,0,37.57242268,-78.52518834,51029.0,3878.003265686961,1.2030075187969924,657,665,8,0,657,663,16999,0,0,0,0,2
2020-09-12,US,Virginia,Buena Vista,77,1,0,37.73484642,-79.35296097,51530.0,1188.6384686631675,1.2987012987012987,76,77,1,0,76,77,6237,0,0,0,0,0
2020-09-12,US,Virginia,Campbell,377,3,0,37.20553386,-79.09678609,51031.0,686.8907716133734,0.7957559681697612,374,366,3,0,363,359,54973,11,0,0,11,7
2020-09-12,US,Virginia,Caroline,294,5,0,38.02679129,-77.34901405,51033.0,956.8755085435312,1.7006802721088434,289,290,5,0,285,287,30772,4,0,0,4,3
2020-09-12,US,Virginia,Carroll,457,19,0,36.73066666,-80.73455942,51035.0,1534.0203417139405,4.157549234135668,438,452,19,0,433,450,29636,5,0,0,5,2
2020-09-12,US,Virginia,Charles City,76,5,0,37.35358063,-77.05634116,51036.0,1091.4835559385322,6.578947368421053,71,76,5,0,71,73,6941,0,0,0,0,3
2020-09-12,US,Virginia,Charlotte,96,0,0,37.01909701,-78.66314092,51037.0,808.0808080808081,0.0,96,95,0,0,95,90,11938,1,0,0,1,5
2020-09-12,US,Virginia,Charlottesville,899,24,0,38.03527919,-78.48569588,51540.0,1902.001438666272,2.6696329254727478,875,867,24,0,843,833,48117,32,0,0,32,34
2020-09-12,US,Virginia,Chesapeake,4048,49,0,36.67670048,-76.30545744,51550.0,1653.3583842179428,1.2104743083003953,3999,4026,49,0,3977,4007,242634,22,0,0,22,19
2020-09-12,US,Virginia,Chesterfield,5500,85,0,37.37373208,-77.58680140000001,51041.0,1558.9480785256321,1.5454545454545454,5415,5450,85,0,5365,5401,348556,50,0,0,50,49
2020-09-12,US,Virginia,Clarke,87,0,0,39.11271747,-77.99199425,51043.0,595.1159450030782,0.0,87,86,0,0,86,86,14523,1,0,0,1,0
2020-09-12,US,Virginia,Colonial Heights,239,23,0,37.26420587,-77.39609676,51570.0,1375.9355210132412,9.623430962343095,216,237,23,0,214,235,17833,2,0,0,2,2
2020-09-12,US,Virginia,Covington,29,0,0,37.7824656,-79.98631446,51580.0,523.6547490068617,0.0,29,29,0,0,29,29,5460,0,0,0,0,0
2020-09-12,US,Virginia,Craig,25,0,0,37.48133648,-80.21072274,51045.0,487.2344572208146,0.0,25,25,0,0,25,24,5064,0,0,0,0,1
2020-09-12,US,Virginia,Culpeper,1152,14,0,38.48199985,-77.95630870000002,51047.0,2189.905902480753,1.2152777777777777,1138,1150,14,0,1136,1144,51859,2,0,0,2,6
2020-09-12,US,Virginia,Cumberland,102,0,0,37.51328851,-78.24398086,51049.0,1026.983487716472,0.0,102,102,0,0,102,102,9809,0,0,0,0,0
2020-09-12,US,Virginia,Danville,729,17,0,36.58022376,-79.40395668,51590.0,1820.4974528019181,2.3319615912208507,712,716,17,0,699,710,40693,13,0,0,13,6
2020-09-12,US,Virginia,Dickenson,79,1,0,37.12560977,-82.35124171,51051.0,551.7530381338175,1.2658227848101269,78,76,1,0,75,75,14523,3,0,0,3,1
2020-09-12,US,Virginia,Dinwiddie,336,8,0,37.07544585,-77.63451754,51053.0,1177.1300448430493,2.380952380952381,328,330,8,0,322,329,28529,6,0,0,6,1
2020-09-12,US,Virginia,Emporia,242,19,0,36.69455571,-77.53406129,51595.0,4526.748971193416,7.851239669421487,223,242,19,0,223,242,5121,0,0,0,0,0
2020-09-12,US,Virginia,Essex,160,2,0,37.93357639,-76.94230311,51057.0,1460.786998995709,1.25,158,159,2,0,157,155,10919,1,0,0,1,4
2020-09-12,US,Virginia,Fairfax,19495,568,0,38.83677558,-77.27565836,51059.0,1698.8632996726885,2.913567581431136,18927,19359,567,0,18792,19282,1150795,136,1,0,135,77
2020-09-12,US,Virginia,Fairfax,19495,568,0,38.83677558,-77.27565836,51059.0,1698.8632996726885,2.913567581431136,18927,19359,567,0,18792,19282,24574,136,1,0,135,77
2020-09-12,US,Virginia,Fairfax City,127,7,0,38.85157547,-77.29779640000002,51600.0,528.7480744410675,5.511811023622046,120,127,7,0,120,126,24574,0,0,0,0,1
2020-09-12,US,Virginia,Falls Church,66,7,0,38.88485255,-77.17560759,51610.0,451.5290415269892,10.606060606060606,59,67,7,0,60,66,14772,-1,0,0,-1,1
2020-09-12,US,Virginia,Fauquier,854,21,0,38.73564842,-77.80647472,51061.0,1199.0677037993878,2.459016393442623,833,838,21,0,817,832,70675,16,0,0,16,6
2020-09-12,US,Virginia,Floyd,178,3,0,36.9302126,-80.36738849,51063.0,1130.2304908248145,1.6853932584269662,175,172,3,0,169,166,15795,6,0,0,6,6
2020-09-12,US,Virginia,Fluvanna,246,9,0,37.84157909,-78.27715475,51065.0,902.090209020902,3.6585365853658534,237,242,9,0,233,239,26783,4,0,0,4,3
2020-09-12,US,Virginia,Franklin,194,1,0,36.99536167,-79.88023649,51067.0,346.1689447200313,0.5154639175257731,193,194,1,0,193,194,56195,0,0,0,0,0
2020-09-12,US,Virginia,Franklin,194,1,0,36.99536167,-79.88023649,51067.0,346.1689447200313,0.5154639175257731,193,194,1,0,193,194,8013,0,0,0,0,0
2020-09-12,US,Virginia,Franklin City,363,7,0,36.6831435,-76.93859681,51620.0,4556.294715702272,1.9283746556473829,356,360,7,0,353,350,8013,3,0,0,3,10
2020-09-12,US,Virginia,Frederick,809,11,0,39.20172582,-78.25974949,51069.0,905.8031865461916,1.3597033374536465,798,806,11,0,795,799,88355,3,0,0,3,7
2020-09-12,US,Virginia,Fredericksburg,512,4,0,38.2977863,-77.4922454,51630.0,1763.3282821325256,0.78125,508,508,4,0,504,509,29144,4,0,0,4,-1
2020-09-12,US,Virginia,Galax,404,28,0,36.66601852,-80.91703124,51640.0,6365.211911139121,6.9306930693069315,376,403,28,0,375,403,6423,1,0,0,1,0
2020-09-12,US,Virginia,Giles,67,0,0,37.31234791,-80.70636931,51071.0,400.7177033492823,0.0,67,65,0,0,65,63,16844,2,0,0,2,2
2020-09-12,US,Virginia,Gloucester,222,2,0,37.40809042,-76.53524337,51073.0,594.4093391881761,0.9009009009009008,220,218,2,0,216,216,37349,4,0,0,4,2
2020-09-12,US,Virginia,Goochland,242,7,0,37.71714806,-77.90381514,51075.0,1018.8186755357216,2.8925619834710745,235,241,7,0,234,238,23244,1,0,0,1,3
2020-09-12,US,Virginia,Grayson,269,8,0,36.65677234,-81.23215889,51077.0,1729.903536977492,2.9739776951672865,261,269,8,0,261,267,15631,0,0,0,0,2
2020-09-12,US,Virginia,Greene,207,3,0,38.29545894,-78.46525378,51079.0,1044.4522932539483,1.4492753623188406,204,207,3,0,204,204,19779,0,0,0,0,3
2020-09-12,US,Virginia,Greensville,735,11,0,36.67878901,-77.56351439,51081.0,6483.768525052928,1.4965986394557824,724,732,11,0,721,730,11627,3,0,0,3,2
2020-09-12,US,Virginia,Halifax,277,4,0,36.76654925,-78.93512622,51083.0,816.8440918875882,1.444043321299639,273,267,4,0,263,264,34120,10,0,0,10,3
2020-09-12,US,Virginia,Hampton,1706,17,0,37.03513786,-76.35879121,51650.0,1268.3071890565755,0.9964830011723328,1689,1690,16,0,1674,1687,134313,16,1,0,15,3
2020-09-12,US,Virginia,Hanover,1068,35,0,37.7583355,-77.49464673,51085.0,991.0361338455542,3.2771535580524342,1033,1049,35,0,1014,1023,107239,19,0,0,19,26
2020-09-12,US,Virginia,Harrisonburg,2143,34,0,38.43542574,-78.87536254,51660.0,4042.17594688396,1.5865608959402706,2109,2090,34,0,2056,2036,54033,53,0,0,53,54
2020-09-12,US,Virginia,Henrico,5000,195,0,37.53460572,-77.39326555,51087.0,1511.4050626023975,3.9,4805,4966,195,0,4771,4925,329261,34,0,0,34,41
2020-09-12,US,Virginia,Henry,953,16,0,36.68542395,-79.87634026,51089.0,1885.0010878810056,1.6789087093389297,937,943,16,0,927,937,50953,10,0,0,10,6
2020-09-12,US,Virginia,Highland,6,0,0,38.35799465,-79.56124594,51091.0,273.97260273972597,0.0,6,6,0,0,6,6,2210,0,0,0,0,0
2020-09-12,US,Virginia,Hopewell,367,5,0,37.29186313,-77.29754684,51670.0,1629.0114962936661,1.3623978201634876,362,362,5,0,357,362,22596,5,0,0,5,0
2020-09-12,US,Virginia,Isle of Wight,644,11,0,36.90579348,-76.70842863,51093.0,1735.4280632730606,1.708074534161491,633,640,11,0,629,635,36953,4,0,0,4,5
2020-09-12,US,Virginia,James City,792,18,0,37.31156958,-76.76950618,51095.0,1034.9829463037256,2.272727272727273,774,784,18,0,766,782,76397,8,0,0,8,2
2020-09-12,US,Virginia,King George,222,4,0,38.26818502,-77.15852768,51099.0,827.2469816664183,1.8018018018018016,218,220,4,0,216,217,26575,2,0,0,2,3
2020-09-12,US,Virginia,King William,134,2,0,37.70965316,-77.09384941,51101.0,781.4322369955679,1.492537313432836,132,132,2,0,130,130,16939,2,0,0,2,2
2020-09-12,US,Virginia,King and Queen,64,1,0,37.71044922,-76.88689628,51097.0,911.0320284697508,1.5625,63,63,1,0,62,60,7042,1,0,0,1,3
2020-09-12,US,Virginia,Lancaster,96,0,0,37.71889653,-76.46400482,51103.0,905.4041309063472,0.0,96,93,0,0,93,87,10783,3,0,0,3,6
2020-09-12,US,Virginia,Lee,246,5,0,36.70586667,-83.12606515,51105.0,1050.249754514793,2.0325203252032518,241,244,4,0,240,238,23541,2,1,0,1,6
2020-09-12,US,Virginia,Lexington,47,1,0,37.78258621,-79.44262866,51678.0,631.2113886650552,2.127659574468085,46,46,1,0,45,46,7136,1,0,0,1,0
2020-09-12,US,Virginia,Loudoun,6409,118,0,39.08990083,-77.63481877,51107.0,1549.797116589044,1.841160867530036,6291,6377,118,0,6259,6327,406850,32,0,0,32,50
2020-09-12,US,Virginia,Louisa,270,3,0,37.97850256,-77.96274807,51109.0,718.2570296081509,1.1111111111111112,267,267,3,0,264,266,36778,3,0,0,3,1
2020-09-12,US,Virginia,Lunenburg,106,2,0,36.94618528,-78.24133319,51111.0,869.1374221056084,1.8867924528301887,104,105,2,0,103,101,12086,1,0,0,1,4
2020-09-12,US,Virginia,Lynchburg,1169,5,0,37.40021399,-79.19888138,51680.0,1422.6949664102813,0.427715996578272,1164,1147,5,0,1142,1131,82126,22,0,0,22,16
2020-09-12,US,Virginia,Madison,96,2,0,38.41531222,-78.28220331,51113.0,723.9273056330593,2.083333333333333,94,95,2,0,93,96,13295,1,0,0,1,-1
2020-09-12,US,Virginia,Manassas,1852,24,0,38.7464321,-77.48509905,51683.0,4507.727881221857,1.2958963282937366,1828,1850,24,0,1826,1844,41641,2,0,0,2,6
2020-09-12,US,Virginia,Manassas Park,594,8,0,38.77058531,-77.44399307,51685.0,3398.558187435633,1.3468013468013469,586,592,8,0,584,593,17307,2,0,0,2,-1
2020-09-12,US,Virginia,Martinsville,359,6,0,36.68212094,-79.86352771,51690.0,2859.6463278636293,1.6713091922005572,353,358,6,0,352,351,12902,1,0,0,1,7
2020-09-12,US,Virginia,Mathews,23,0,0,37.44164146,-76.34098896,51115.0,260.3577088521621,0.0,23,23,0,0,23,23,8802,0,0,0,0,0
2020-09-12,US,Virginia,Mecklenburg,628,33,0,36.67882005,-78.36131056,51117.0,2053.1598391473503,5.254777070063693,595,626,33,0,593,612,30650,2,0,0,2,14
2020-09-12,US,Virginia,Middlesex,77,3,0,37.63191998,-76.55064617,51119.0,727.6507276507277,3.8961038961038965,74,66,1,0,65,62,10769,11,2,0,9,4
2020-09-12,US,Virginia,Montgomery,1341,4,0,37.17746986,-80.37868691,51121.0,1360.9377378596434,0.2982848620432513,1337,1211,4,0,1207,1140,98985,130,0,0,130,71
2020-09-12,US,Virginia,Nelson,92,0,0,37.78790447,-78.88498513,51125.0,616.2089752176827,0.0,92,91,0,0,91,91,14836,1,0,0,1,0
2020-09-12,US,Virginia,New Kent,164,2,0,37.50694406,-76.99828634,51127.0,710.233424277857,1.2195121951219512,162,164,2,0,162,161,22391,0,0,0,0,3
2020-09-12,US,Virginia,Newport News,2548,28,0,37.08166899,-76.51754109,51700.0,1421.6766634119126,1.0989010989010992,2520,2532,28,0,2504,2527,178626,16,0,0,16,5
2020-09-12,US,Virginia,Norfolk,4630,61,0,36.89934014,-76.26420872,51710.0,1907.3749083388943,1.3174946004319654,4569,4612,61,0,4551,4577,244076,18,0,0,18,35
2020-09-12,US,Virginia,Northampton,304,29,0,37.34062933,-75.87751591,51131.0,2596.071733561059,9.539473684210526,275,304,29,0,275,304,11735,0,0,0,0,0
2020-09-12,US,Virginia,Northumberland,114,5,0,37.89202088,-76.41949732,51133.0,942.5382389417116,4.385964912280701,109,111,5,0,106,103,12147,3,0,0,3,8
2020-09-12,US,Virginia,Norton,32,0,0,36.93357076,-82.62750411,51720.0,803.8181361466968,0.0,32,32,0,0,32,31,3968,0,0,0,0,1
2020-09-12,US,Virginia,Nottoway,221,15,0,37.1435975,-78.05065922,51135.0,1450.892857142857,6.787330316742081,206,219,15,0,204,210,15420,2,0,0,2,9
2020-09-12,US,Virginia,Orange,281,4,0,38.24530219,-78.01560400000002,51137.0,758.4140778926344,1.4234875444839858,277,281,4,0,277,278,36644,0,0,0,0,3
2020-09-12,US,Virginia,Page,370,27,0,38.61807452,-78.48797204,51139.0,1547.9876160990714,7.297297297297297,343,367,27,0,340,366,23933,3,0,0,3,1
2020-09-12,US,Virginia,Patrick,250,13,0,36.680163799999995,-80.2865648,51141.0,1419.8091776465244,5.2,237,249,13,0,236,246,17673,1,0,0,1,3
2020-09-12,US,Virginia,Petersburg,684,23,0,37.20530399,-77.39368102,51730.0,2182.096599247113,3.3625730994152048,661,677,23,0,654,675,31567,7,0,0,7,2
2020-09-12,US,Virginia,Pittsylvania,901,6,0,36.81980341,-79.39731264,51143.0,1492.8587997481525,0.6659267480577137,895,891,6,0,885,880,60949,10,0,0,10,11
2020-09-12,US,Virginia,Poquoson,73,1,0,37.14259351,-76.35798148,51735.0,594.8985412761797,1.3698630136986298,72,73,1,0,72,74,12190,0,0,0,0,-1
2020-09-12,US,Virginia,Portsmouth,2373,45,0,36.85914825,-76.35971629,51740.0,2513.8244454331657,1.8963337547408343,2328,2343,45,0,2298,2337,94632,30,0,0,30,6
2020-09-12,US,Virginia,Powhatan,202,5,0,37.55016038,-77.91267882,51145.0,681.2356670713611,2.4752475247524752,197,199,5,0,194,198,29189,3,0,0,3,1
2020-09-12,US,Virginia,Prince Edward,528,12,0,37.22554789,-78.43597949,51147.0,2315.58635207438,2.272727272727273,516,523,12,0,511,519,22950,5,0,0,5,4
2020-09-12,US,Virginia,Prince George,682,2,0,37.18497668,-77.22922187,51149.0,1778.2181315672824,0.2932551319648094,680,676,2,0,674,676,38082,6,0,0,6,0
2020-09-12,US,Virginia,Prince William,11608,191,0,38.70916224,-77.48713689,51153.0,2468.028107625416,1.6454169538249483,11417,11525,191,0,11334,11432,468011,83,0,0,83,93
2020-09-12,US,Virginia,Pulaski,172,3,0,37.06474963,-80.71229738,51155.0,505.4809416051958,1.7441860465116281,169,159,3,0,156,158,34066,13,0,0,13,1
2020-09-12,US,Virginia,Radford,654,0,0,37.12222899,-80.56027320000003,51750.0,3583.758014137761,0.0,654,632,0,0,632,620,18339,22,0,0,22,12
2020-09-12,US,Virginia,Rappahannock,59,2,0,38.68295619,-78.15826963,51157.0,800.5427408412484,3.3898305084745757,57,59,2,0,57,58,7252,0,0,0,0,1
2020-09-12,US,Virginia,Richmond,336,4,0,37.937575,-76.72920628,51159.0,3723.816912335144,1.1904761904761905,332,335,4,0,331,334,9038,1,0,0,1,1
2020-09-12,US,Virginia,Richmond City,4291,50,0,37.53255773,-77.47966921,51760.0,1862.1222378447808,1.1652295502213936,4241,4259,50,0,4209,4220,228783,32,0,0,32,39
2020-09-12,US,Virginia,Roanoke,696,5,0,37.26865804,-80.06396753,51161.0,738.9633278831249,0.7183908045977011,691,687,5,0,682,677,94073,9,0,0,9,10
2020-09-12,US,Virginia,Roanoke City,1365,15,0,37.27791025,-79.96189766,51770.0,1376.7991688772784,1.0989010989010992,1350,1359,15,0,1344,1329,99920,6,0,0,6,30
2020-09-12,US,Virginia,Rockbridge,90,2,0,37.81204314,-79.44605905,51163.0,398.7064191733487,2.2222222222222223,88,89,2,0,87,88,22752,1,0,0,1,1
2020-09-12,US,Virginia,Rockingham,1254,20,0,38.51006137,-78.87260325,51165.0,1530.2386879484552,1.5948963317384368,1234,1213,20,0,1193,1204,81244,41,0,0,41,9
2020-09-12,US,Virginia,Russell,209,4,0,36.93028320000001,-82.10095486,51167.0,786.1280373128716,1.9138755980861244,205,207,4,0,203,203,26748,2,0,0,2,4
2020-09-12,US,Virginia,Salem,245,4,0,37.2836193,-80.06219455,51775.0,968.3411722856804,1.6326530612244898,241,243,4,0,239,240,25643,2,0,0,2,3
2020-09-12,US,Virginia,Scott,172,4,0,36.71466456,-82.60171704,51169.0,797.551701752759,2.3255813953488373,168,172,4,0,168,170,21534,0,0,0,0,2
2020-09-12,US,Virginia,Shenandoah,787,50,0,38.85905135,-78.56813762,51171.0,1804.3837123991195,6.353240152477762,737,785,50,0,735,782,43497,2,0,0,2,3
2020-09-12,US,Virginia,Smyth,375,6,0,36.84455636,-81.53344948,51173.0,1245.681636991762,1.6,369,366,6,0,360,359,30472,9,0,0,9,7
2020-09-12,US,Virginia,Southampton,401,14,0,36.72231125,-77.10642712,51175.0,2274.403040099824,3.491271820448878,387,395,13,0,382,393,17586,6,1,0,5,2
2020-09-12,US,Virginia,Spotsylvania,2002,39,0,38.18574462,-77.655399,51177.0,1469.7353448592298,1.9480519480519483,1963,1973,39,0,1934,1952,134238,29,0,0,29,21
2020-09-12,US,Virginia,Stafford,1846,13,0,38.41758738,-77.45917053,51179.0,1207.4671969231172,0.7042253521126759,1833,1831,13,0,1818,1813,149960,15,0,0,15,18
2020-09-12,US,Virginia,Staunton,204,0,0,38.15965544,-79.05979937,51790.0,818.2255735600833,0.0,204,198,0,0,198,189,24922,6,0,0,6,9
2020-09-12,US,Virginia,Suffolk,1810,63,0,36.70155394,-76.63603554,51800.0,1965.0844660615799,3.4806629834254146,1747,1780,63,0,1717,1773,91185,30,0,0,30,7
2020-09-12,US,Virginia,Surry,101,3,0,37.11781893,-76.88450012,51181.0,1572.718779196512,2.9702970297029703,98,95,3,0,92,95,6474,6,0,0,6,0
2020-09-12,US,Virginia,Sussex,367,9,0,36.92432914,-77.25791182,51183.0,3288.8251635451206,2.4523160762942777,358,366,9,0,357,363,11237,1,0,0,1,3
2020-09-12,US,Virginia,Tazewell,230,2,0,37.12191123,-81.56685568,51185.0,566.5722379603401,0.8695652173913043,228,227,2,0,225,223,40855,3,0,0,3,4
2020-09-12,US,Virginia,Virginia Beach,6421,72,0,36.73285734,-76.04566934,51810.0,1426.9713361216425,1.1213206665628406,6349,6368,71,0,6297,6345,450189,53,1,0,52,23
2020-09-12,US,Virginia,Warren,402,6,0,38.90847745,-78.20280433,51187.0,1000.8963250672244,1.492537313432836,396,400,6,0,394,398,40003,2,0,0,2,2
2020-09-12,US,Virginia,Washington,462,12,0,36.72341572,-81.95666289,51191.0,859.6948269445477,2.5974025974025974,450,442,10,0,432,433,54402,20,2,0,18,9
2020-09-12,US,Virginia,Waynesboro,239,3,0,38.06451466,-78.90293905,51820.0,1056.1201944321697,1.2552301255230125,236,236,3,0,233,234,22628,3,0,0,3,2
2020-09-12,US,Virginia,Westmoreland,237,3,0,38.11021557,-76.80213247,51193.0,1315.570358034971,1.2658227848101269,234,236,3,0,233,234,17830,1,0,0,1,2
2020-09-12,US,Virginia,Williamsburg,162,6,0,37.28131268,-76.70905141,51830.0,1083.322188043333,3.703703703703704,156,162,6,0,156,161,14896,0,0,0,0,1
2020-09-12,US,Virginia,Winchester,465,4,0,39.17054517,-78.17325058,51840.0,1656.1008618847495,0.8602150537634409,461,461,4,0,457,463,28108,4,0,0,4,-2
2020-09-12,US,Virginia,Wise,377,6,0,36.9746148,-82.62410519,51195.0,1008.4797902790041,1.5915119363395225,371,373,5,0,368,371,38012,4,1,0,3,2
2020-09-12,US,Virginia,Wythe,203,3,0,36.91582035,-81.07834059,51197.0,707.7116162320458,1.477832512315271,200,201,3,0,198,201,28754,2,0,0,2,0
2020-09-12,US,Virginia,York,503,6,0,37.24374789,-76.54412815,51199.0,736.6725248974809,1.1928429423459244,497,497,6,0,491,497,67846,6,0,0,6,0
2020-09-12,US,Washington,Adams,735,9,0,46.98299757,-118.56017340000001,53001.0,3678.126407446329,1.2244897959183674,726,731,9,0,722,729,19759,4,0,0,4,2
2020-09-12,US,Washington,Asotin,62,2,0,46.18894415,-117.2022851,53003.0,274.5549552741121,3.2258064516129035,60,61,2,0,59,60,22610,1,0,0,1,1
2020-09-12,US,Washington,Benton,4315,126,0,46.23946995,-119.51208340000001,53005.0,2111.160037183816,2.9200463499420626,4189,4293,126,0,4167,4280,201877,22,0,0,22,13
2020-09-12,US,Washington,Chelan,1779,13,0,47.87046092,-120.6173956,53007.0,2304.404145077721,0.7307476110174255,1766,1776,13,0,1763,1773,77036,3,0,0,3,3
2020-09-12,US,Washington,Clallam,215,1,0,48.04754642,-123.92263190000001,53009.0,278.02563008366644,0.4651162790697674,214,215,1,0,214,218,76737,0,0,0,0,-3
2020-09-12,US,Washington,Clark,2420,59,0,45.77568046,-122.48292040000001,53011.0,495.6568579861175,2.43801652892562,2361,2406,59,0,2347,2372,481857,14,0,0,14,34
2020-09-12,US,Washington,Columbia,14,1,0,46.29442881,-117.9051983,53013.0,351.3174404015057,7.142857142857142,13,14,1,0,13,14,4059,0,0,0,0,0
2020-09-12,US,Washington,Cowlitz,575,6,0,46.19074721,-122.6782231,53015.0,519.9244075122295,1.0434782608695652,569,571,6,0,565,571,108987,4,0,0,4,0
2020-09-12,US,Washington,Douglas,1167,9,0,47.7361335,-119.69293700000001,53017.0,2687.144534757881,0.7712082262210797,1158,1167,9,0,1158,1167,42907,0,0,0,0,0
2020-09-12,US,Washington,Ferry,29,0,0,48.471143100000006,-118.5154041,53019.0,380.22813688212926,0.0,29,29,0,0,29,29,7649,0,0,0,0,0
2020-09-12,US,Washington,Franklin,4101,59,0,46.53351425,-118.9018212,53021.0,4306.777845455882,1.4386734942696904,4042,4082,59,0,4023,4073,94347,19,0,0,19,9
2020-09-12,US,Washington,Garfield,9,0,0,46.43197502,-117.54540320000001,53023.0,404.4943820224718,0.0,9,8,0,0,8,8,2247,1,0,0,1,0
2020-09-12,US,Washington,Grant,2581,17,0,47.20753737,-119.4500749,53025.0,2640.868488637411,0.65865943432778,2564,2563,17,0,2546,2527,97331,18,0,0,18,36
2020-09-12,US,Washington,Grays Harbor,348,6,0,47.14003705,-123.7820567,53027.0,463.6229200250463,1.7241379310344829,342,327,6,0,321,321,73901,21,0,0,21,6
2020-09-12,US,Washington,Island,278,11,0,48.14713305,-122.5216407,53029.0,326.51718913332,3.956834532374101,267,276,11,0,265,274,84460,2,0,0,2,2
2020-09-12,US,Washington,Jefferson,71,0,0,47.75003077,-123.56097040000002,53031.0,220.35318581049626,0.0,71,70,0,0,70,70,31729,1,0,0,1,0
2020-09-12,US,Washington,King,20774,744,0,47.49137892,-121.8346131,53033.0,922.1487032478065,3.58139982670646,20030,20640,744,0,19896,20519,2233163,134,0,0,134,121
2020-09-12,US,Washington,Kitsap,1099,11,0,47.63479026,-122.6436061,53035.0,404.8284728131343,1.0009099181073704,1088,1086,11,0,1075,1076,269805,13,0,0,13,10
2020-09-12,US,Washington,Kittitas,488,22,0,47.12521214,-120.67943899999999,53037.0,1018.0452696359654,4.508196721311474,466,478,22,0,456,453,47364,10,0,0,10,25
2020-09-12,US,Washington,Klickitat,187,3,0,45.87325839,-120.7913598,53039.0,833.8907469342251,1.60427807486631,184,187,3,0,184,183,22107,0,0,0,0,4
2020-09-12,US,Washington,Lewis,427,4,0,46.57756476,-122.39257690000001,53041.0,529.0743058222955,0.936768149882904,423,424,4,0,420,415,79604,3,0,0,3,9
2020-09-12,US,Washington,Lincoln,37,1,0,47.57705241,-118.41943880000001,53043.0,338.23932717798704,2.702702702702702,36,36,1,0,35,35,10740,1,0,0,1,1
2020-09-12,US,Washington,Mason,352,3,0,47.35007586,-123.1863685,53045.0,527.1986580397795,0.8522727272727273,349,349,3,0,346,347,65507,3,0,0,3,2
2020-09-12,US,Washington,Okanogan,1004,9,0,48.54855019,-119.73872240000001,53047.0,2376.7251378926685,0.896414342629482,995,1004,9,0,995,1004,42132,0,0,0,0,0
2020-09-12,US,Washington,Pacific,76,3,0,46.55418369,-123.7285716,53049.0,338.21369765475504,3.947368421052632,73,76,3,0,73,74,22036,0,0,0,0,2
2020-09-12,US,Washington,Pend Oreille,56,0,0,48.53234021,-117.2741804,53051.0,408.04430195278337,0.0,56,56,0,0,56,56,13602,0,0,0,0,0
2020-09-12,US,Washington,Pierce,7262,185,0,47.03892768,-122.14059579999999,53053.0,802.4486728988486,2.5475075736711648,7077,7232,185,0,7047,7189,891299,30,0,0,30,43
2020-09-12,US,Washington,San Juan,29,0,0,48.60182783,-122.96745,53055.0,164.94141735866228,0.0,29,29,0,0,29,29,17128,0,0,0,0,0
2020-09-12,US,Washington,Skagit,1060,22,0,48.48171488,-121.766131,53057.0,820.4016872412059,2.0754716981132075,1038,1060,22,0,1038,1054,128206,0,0,0,0,6
2020-09-12,US,Washington,Skamania,60,1,0,46.02408726,-121.91644029999999,53059.0,496.56542249441367,1.6666666666666667,59,60,1,0,59,60,11924,0,0,0,0,0
2020-09-12,US,Washington,Snohomish,6499,205,0,48.04615983,-121.7170703,53061.0,790.5527787340206,3.1543314356054784,6294,6481,205,0,6276,6440,814901,18,0,0,18,41
2020-09-12,US,Washington,Spokane,5784,143,0,47.62113146,-117.4046494,53063.0,1106.3546532312669,2.472337482710927,5641,5731,143,0,5588,5658,514631,53,0,0,53,73
2020-09-12,US,Washington,Stevens,132,2,0,48.40035475,-117.8542701,53065.0,288.6949675218162,1.5151515151515151,130,130,2,0,128,130,45260,2,0,0,2,0
2020-09-12,US,Washington,Thurston,993,15,0,46.9291895,-122.82906559999999,53067.0,341.7820855246854,1.5105740181268883,978,986,15,0,971,977,286419,7,0,0,7,9
2020-09-12,US,Washington,Unassigned,289,4,0,0.0,0.0,90053.0,0.0,1.3840830449826989,285,287,4,0,283,300,,2,0,0,2,-13
2020-09-12,US,Washington,Wahkiakum,6,0,0,46.29180039999999,-123.4250831,53069.0,133.6898395721925,0.0,6,6,0,0,6,6,4426,0,0,0,0,0
2020-09-12,US,Washington,Walla Walla,822,5,0,46.23040051,-118.4775539,53071.0,1352.8637261356155,0.6082725060827251,817,816,5,0,811,810,60922,6,0,0,6,6
2020-09-12,US,Washington,Whatcom,1192,39,0,48.82227976,-121.74900179999999,53073.0,519.9631838148373,3.2718120805369133,1153,1178,39,0,1139,1167,225685,14,0,0,14,11
2020-09-12,US,Washington,Whitman,1008,0,0,46.90022523,-117.52417630000001,53075.0,2011.8154239182504,0.0,1008,961,0,0,961,887,49791,47,0,0,47,74
2020-09-12,US,Washington,Yakima,11141,251,0,46.45738486,-120.73801259999999,53077.0,4440.892403726189,2.252939592496185,10890,11129,251,0,10878,11112,251446,12,0,0,12,17
2020-09-12,US,West Virginia,Barbour,35,1,0,39.1307219,-80.00350858,54001.0,212.8824280761511,2.8571428571428568,34,35,1,0,34,35,16535,0,0,0,0,0
2020-09-12,US,West Virginia,Berkeley,866,11,0,39.46704621,-78.02414609,54003.0,726.6868617364963,1.2702078521939957,855,856,11,0,845,851,117123,10,0,0,10,5
2020-09-12,US,West Virginia,Boone,176,0,0,38.01974191,-81.69888019,54005.0,820.2451414456821,0.0,176,170,0,0,170,169,21951,6,0,0,6,1
2020-09-12,US,West Virginia,Braxton,9,0,0,38.70036159,-80.72011184,54007.0,64.48377158415133,0.0,9,9,0,0,9,9,14089,0,0,0,0,0
2020-09-12,US,West Virginia,Brooke,105,1,0,40.27367263,-80.57915332,54009.0,478.5997538629837,0.9523809523809524,104,105,1,0,104,103,22203,0,0,0,0,2
2020-09-12,US,West Virginia,Cabell,647,8,0,38.42424062,-82.23855912,54011.0,703.6815487519713,1.2364760432766615,639,620,8,0,612,610,93224,27,0,0,27,10
2020-09-12,US,West Virginia,Calhoun,22,0,0,38.84315422,-81.11934872,54013.0,309.46687297791533,0.0,22,21,0,0,21,21,7254,1,0,0,1,0
2020-09-12,US,West Virginia,Clay,30,2,0,38.46231092,-81.07652217,54015.0,352.60930888575456,6.666666666666668,28,30,2,0,28,30,8632,0,0,0,0,0
2020-09-12,US,West Virginia,Doddridge,17,0,0,39.27057157,-80.70671527,54017.0,201.2310606060606,0.0,17,15,0,0,15,14,8406,2,0,0,2,1
2020-09-12,US,West Virginia,Fayette,450,10,0,38.02974928,-81.08286634,54019.0,1061.1705890675846,2.2222222222222223,440,439,10,0,429,432,43018,11,0,0,11,7
2020-09-12,US,West Virginia,Gilmer,20,0,0,38.9251277,-80.85952723,54021.0,255.65639780135498,0.0,20,20,0,0,20,19,8026,0,0,0,0,1
2020-09-12,US,West Virginia,Grant,147,6,0,39.10314817,-79.19440518,54023.0,1270.746887966805,4.081632653061225,141,147,6,0,141,145,11626,0,0,0,0,2
2020-09-12,US,West Virginia,Greenbrier,114,3,0,37.9463652,-80.45335881,54025.0,328.8904275575558,2.631578947368421,111,114,3,0,111,113,34786,0,0,0,0,1
2020-09-12,US,West Virginia,Hampshire,95,1,0,39.32103553,-78.60826476,54027.0,409.9244875943905,1.0526315789473684,94,93,1,0,92,93,23347,2,0,0,2,0
2020-09-12,US,West Virginia,Hancock,137,0,0,40.51943859,-80.57461608,54029.0,475.5293300937175,0.0,137,136,0,0,136,128,29094,1,0,0,1,8
2020-09-12,US,West Virginia,Hardy,76,0,0,39.00683177,-78.85855301,54031.0,551.6840882694542,0.0,76,76,0,0,76,75,13775,0,0,0,0,1
2020-09-12,US,West Virginia,Harrison,318,3,0,39.2853852,-80.37919577,54033.0,472.8202688235994,0.9433962264150944,315,312,3,0,309,308,67554,6,0,0,6,4
2020-09-12,US,West Virginia,Jackson,226,22,0,38.84263974,-81.68148753,54035.0,790.8734602463603,9.734513274336283,204,224,21,0,203,219,28706,2,1,0,1,5
2020-09-12,US,West Virginia,Jefferson,401,4,0,39.30776166,-77.86014147,54037.0,701.711405872677,0.9975062344139652,397,398,4,0,394,397,56811,3,0,0,3,1
2020-09-12,US,West Virginia,Kanawha,1934,51,0,38.33860077,-81.52857054,54039.0,1085.760481462352,2.637021716649431,1883,1839,51,0,1788,1809,180454,95,0,0,95,30
2020-09-12,US,West Virginia,Lewis,37,2,0,38.9947249,-80.49988181,54041.0,232.60199911988443,5.405405405405406,35,37,2,0,35,36,16024,0,0,0,0,1
2020-09-12,US,West Virginia,Lincoln,137,2,0,38.172154,-82.07017953,54043.0,671.2724778284089,1.45985401459854,135,130,2,0,128,127,20599,7,0,0,7,3
2020-09-12,US,West Virginia,Logan,537,36,0,37.8299889,-81.93528571,54045.0,1677.1292045348075,6.70391061452514,501,536,36,0,500,536,32607,1,0,0,1,0
2020-09-12,US,West Virginia,Marion,240,3,0,39.50984542,-80.24244659,54049.0,428.02111570837496,1.25,237,235,2,0,233,234,56097,5,1,0,4,1
2020-09-12,US,West Virginia,Marshall,139,1,0,39.86064362,-80.66591062,54051.0,455.2749664275654,0.7194244604316546,138,139,1,0,138,138,30785,0,0,0,0,1
2020-09-12,US,West Virginia,Mason,126,1,0,38.77071799,-82.02524219,54053.0,475.1847940865893,0.7936507936507936,125,126,1,0,125,131,26718,0,0,0,0,-5
2020-09-12,US,West Virginia,McDowell,79,1,0,37.38002939,-81.65083669,54047.0,448.2523831139355,1.2658227848101269,78,76,1,0,75,74,18223,3,0,0,3,2
2020-09-12,US,West Virginia,Mercer,373,24,0,37.40481169,-81.11023142,54055.0,634.8071751931653,6.434316353887398,349,357,24,0,333,355,59131,16,0,0,16,2
2020-09-12,US,West Virginia,Mineral,149,4,0,39.41561583,-78.94104895,54057.0,554.5630489801995,2.684563758389262,145,148,4,0,144,148,26940,1,0,0,1,0
2020-09-12,US,West Virginia,Mingo,297,7,0,37.73048351,-82.13338365,54059.0,1267.9303278688526,2.356902356902357,290,291,7,0,284,287,23785,6,0,0,6,4
2020-09-12,US,West Virginia,Monongalia,1661,5,0,39.63218457,-80.04766838,54061.0,1572.7379464454798,0.30102347983142685,1656,1581,5,0,1576,1547,106420,80,0,0,80,34
2020-09-12,US,West Virginia,Monroe,143,7,0,37.56274716,-80.54577965,54063.0,1077.2128060263651,4.895104895104895,136,142,7,0,135,146,13280,1,0,0,1,-4
2020-09-12,US,West Virginia,Morgan,44,0,0,39.55439028,-78.26311676,54065.0,246.0299709237307,0.0,44,43,0,0,43,43,17787,1,0,0,1,0
2020-09-12,US,West Virginia,Nicholas,64,3,0,38.29617706,-80.79759588,54067.0,261.2671456564337,4.6875,61,62,3,0,59,60,24842,2,0,0,2,2
2020-09-12,US,West Virginia,Ohio,325,6,0,40.0955451,-80.62203992,54069.0,784.815628697689,1.8461538461538465,319,313,6,0,307,302,41755,12,0,0,12,11
2020-09-12,US,West Virginia,Pendleton,46,1,0,38.68314479,-79.35084086,54071.0,660.0660066006601,2.1739130434782608,45,45,1,0,44,46,6997,1,0,0,1,-1
2020-09-12,US,West Virginia,Pleasants,15,2,0,39.37091679,-81.16771771,54073.0,201.07238605898124,13.333333333333336,13,15,2,0,13,15,7507,0,0,0,0,0
2020-09-12,US,West Virginia,Pocahontas,56,0,0,38.32758728,-80.00993811,54075.0,679.0348005335272,0.0,56,55,0,0,55,55,8414,1,0,0,1,0
2020-09-12,US,West Virginia,Preston,143,4,0,39.46770987,-79.66712803,54077.0,427.7339076334051,2.797202797202797,139,143,4,0,139,142,33839,0,0,0,0,1
2020-09-12,US,West Virginia,Putnam,393,2,0,38.50782345,-81.9082131,54079.0,696.191319751993,0.5089058524173028,391,371,2,0,369,362,56682,22,0,0,22,9
2020-09-12,US,West Virginia,Raleigh,412,5,0,37.76936795,-81.2456041,54081.0,561.6063030765665,1.2135922330097086,407,403,5,0,398,399,74254,9,0,0,9,4
2020-09-12,US,West Virginia,Randolph,230,2,0,38.769899,-79.87919615,54083.0,801.5333681826103,0.8695652173913043,228,229,2,0,227,228,28823,1,0,0,1,1
2020-09-12,US,West Virginia,Ritchie,9,0,0,39.18094587,-81.06356878,54085.0,94.20138162026377,0.0,9,9,0,0,9,9,9721,0,0,0,0,0
2020-09-12,US,West Virginia,Roane,39,1,0,38.71622686,-81.35243568,54087.0,284.92109877264755,2.5641025641025643,38,38,1,0,37,37,13932,1,0,0,1,1
2020-09-12,US,West Virginia,Summers,28,0,0,37.65390597,-80.86009693,54089.0,222.69943529786045,0.0,28,25,0,0,25,22,12760,3,0,0,3,3
2020-09-12,US,West Virginia,Taylor,113,6,0,39.33602617,-80.0421439,54091.0,676.8493560946391,5.3097345132743365,107,112,6,0,106,112,16862,1,0,0,1,0
2020-09-12,US,West Virginia,Tucker,15,0,0,39.11240885,-79.57053576,54093.0,219.33031144904226,0.0,15,15,0,0,15,13,6955,0,0,0,0,2
2020-09-12,US,West Virginia,Tyler,15,0,0,39.46811972,-80.88772676,54095.0,174.60132697008495,0.0,15,15,0,0,15,15,8746,0,0,0,0,0
2020-09-12,US,West Virginia,Upshur,58,0,0,38.89285061,-80.23689136,54097.0,239.9073461283918,0.0,58,57,0,0,57,51,24415,1,0,0,1,6
2020-09-12,US,West Virginia,Wayne,313,10,0,38.14901357,-82.42287994,54099.0,794.3759200040608,3.194888178913738,303,307,10,0,297,304,39944,6,0,0,6,3
2020-09-12,US,West Virginia,Webster,7,0,0,38.49370949,-80.4202023,54101.0,86.27064333251171,0.0,7,7,0,0,7,7,8285,0,0,0,0,0
2020-09-12,US,West Virginia,Wetzel,46,0,0,39.6065771,-80.64016540000001,54103.0,305.3435114503817,0.0,46,46,0,0,46,45,15270,0,0,0,0,1
2020-09-12,US,West Virginia,Wirt,8,0,0,39.02775007,-81.37473928,54105.0,137.4334306820134,0.0,8,8,0,0,8,8,5830,0,0,0,0,0
2020-09-12,US,West Virginia,Wood,330,5,0,39.20967886,-81.5162836,54107.0,395.12440432002677,1.5151515151515151,325,329,5,0,324,327,84203,1,0,0,1,2
2020-09-12,US,West Virginia,Wyoming,76,3,0,37.612327,-81.54511071,54109.0,372.6586250858096,3.947368421052632,73,73,3,0,70,75,20786,3,0,0,3,-2
2020-09-12,US,Wisconsin,Adams,160,3,0,43.96974651,-89.76782777,55001.0,791.2957467853612,1.875,157,154,3,0,151,151,20348,6,0,0,6,3
2020-09-12,US,Wisconsin,Ashland,38,1,0,46.31956891,-90.67837132,55003.0,244.18455211412416,2.631578947368421,37,38,1,0,37,38,15600,0,0,0,0,0
2020-09-12,US,Wisconsin,Barron,395,4,0,45.42372701,-91.84833627,55005.0,873.0439395278933,1.0126582278481011,391,394,4,0,390,394,45164,1,0,0,1,0
2020-09-12,US,Wisconsin,Bayfield,66,1,0,46.52868768,-91.19716729,55007.0,438.9465283320032,1.5151515151515151,65,66,1,0,65,65,15042,0,0,0,0,1
2020-09-12,US,Wisconsin,Brown,6366,58,0,44.452655299999996,-88.00411844,55009.0,2406.423176660039,0.9110901665095822,6308,6234,58,0,6176,6176,263378,132,0,0,132,58
2020-09-12,US,Wisconsin,Buffalo,100,2,0,44.37835084,-91.75332578,55011.0,767.4008134448623,2.0,98,99,2,0,97,98,13125,1,0,0,1,1
2020-09-12,US,Wisconsin,Burnett,68,2,0,45.86303537,-92.36711412,55013.0,441.1573893862722,2.9411764705882355,66,64,2,0,62,59,15392,4,0,0,4,5
2020-09-12,US,Wisconsin,Calumet,668,2,0,44.0816316,-88.21780273,55015.0,1333.6261454610792,0.2994011976047904,666,643,2,0,641,632,50159,25,0,0,25,11
2020-09-12,US,Wisconsin,Chippewa,409,0,0,45.06939744,-91.28068855,55017.0,632.5590027529463,0.0,409,403,0,0,403,395,64135,6,0,0,6,8
2020-09-12,US,Wisconsin,Clark,283,8,0,44.73483377,-90.61207486,55019.0,813.8264220394548,2.826855123674912,275,277,8,0,269,264,34709,6,0,0,6,13
2020-09-12,US,Wisconsin,Columbia,418,2,0,43.46492199,-89.33589004,55021.0,726.552179656539,0.4784688995215311,416,413,2,0,411,411,57358,5,0,0,5,2
2020-09-12,US,Wisconsin,Crawford,125,0,0,43.23870316,-90.93073686,55023.0,774.9054615336929,0.0,125,124,0,0,124,121,16291,1,0,0,1,3
2020-09-12,US,Wisconsin,Dane,7389,41,0,43.06601594,-89.41733797,55025.0,1351.576290253249,0.5548788740018947,7348,7254,41,0,7213,6971,542364,135,0,0,135,283
2020-09-12,US,Wisconsin,Dodge,1389,8,0,43.41576662,-88.70928178,55027.0,1581.3021550791789,0.5759539236861051,1381,1370,8,0,1362,1348,87847,19,0,0,19,22
2020-09-12,US,Wisconsin,Door,176,3,0,44.95856458,-87.30002707,55029.0,636.1139222206158,1.7045454545454546,173,173,3,0,170,165,27610,3,0,0,3,8
2020-09-12,US,Wisconsin,Douglas,319,0,0,46.43222285,-91.91595768,55031.0,739.2815758980303,0.0,319,306,0,0,306,298,43208,13,0,0,13,8
2020-09-12,US,Wisconsin,Dunn,237,0,0,44.94562799,-91.8962481,55033.0,522.394639393405,0.0,237,224,0,0,224,215,45131,13,0,0,13,9
2020-09-12,US,Wisconsin,Eau Claire,1171,6,0,44.726614,-91.28609183,55035.0,1119.0107600863864,0.5123825789923142,1165,1098,6,0,1092,1060,104534,73,0,0,73,38
2020-09-12,US,Wisconsin,Florence,41,0,0,45.84963535,-88.39804137,55037.0,954.5983701979044,0.0,41,37,0,0,37,34,4321,4,0,0,4,3
2020-09-12,US,Wisconsin,Fond du Lac,1405,12,0,43.75354908,-88.48885325,55039.0,1358.7613512180499,0.8540925266903915,1393,1380,12,0,1368,1340,103066,25,0,0,25,40
2020-09-12,US,Wisconsin,Forest,147,4,0,45.66678019,-88.77084892,55041.0,1632.6077298978232,2.7210884353741496,143,129,4,0,125,119,8991,18,0,0,18,10
2020-09-12,US,Wisconsin,Grant,561,19,0,42.8671731,-90.7063218,55043.0,1090.612181418768,3.3868092691622103,542,546,19,0,527,528,51554,15,0,0,15,18
2020-09-12,US,Wisconsin,Green,340,2,0,42.6794956,-89.60243287,55045.0,919.91341991342,0.5882352941176471,338,332,2,0,330,322,36929,8,0,0,8,10
2020-09-12,US,Wisconsin,Green Lake,128,0,0,43.80025981,-89.04679553,55047.0,676.7831650187702,0.0,128,122,0,0,122,115,18918,6,0,0,6,7
2020-09-12,US,Wisconsin,Iowa,131,0,0,43.00050278,-90.13469017,55049.0,553.2561871779711,0.0,131,128,0,0,128,129,23771,3,0,0,3,-1
2020-09-12,US,Wisconsin,Iron,132,1,0,46.26302338,-90.24295041,55051.0,2321.0831721470017,0.7575757575757576,131,132,1,0,131,132,5676,0,0,0,0,0
2020-09-12,US,Wisconsin,Jackson,89,1,0,44.31864893,-90.80566792,55053.0,431.138884852008,1.1235955056179776,88,87,1,0,86,86,20478,2,0,0,2,1
2020-09-12,US,Wisconsin,Jefferson,1047,7,0,43.02054068,-88.77529134,55055.0,1235.1213297313875,0.6685768863419294,1040,1032,7,0,1025,1026,85129,15,0,0,15,6
2020-09-12,US,Wisconsin,Juneau,267,1,0,43.92456975,-90.11120239,55057.0,1000.4871285644696,0.3745318352059925,266,261,1,0,260,259,26617,6,0,0,6,2
2020-09-12,US,Wisconsin,Kenosha,3122,65,0,42.57639354,-88.04051686,55059.0,1841.2252817570081,2.081998718770019,3057,3103,64,0,3039,3091,169290,19,1,0,18,12
2020-09-12,US,Wisconsin,Kewaunee,246,2,0,44.51727459,-87.61468386,55061.0,1203.875893119311,0.8130081300813008,244,241,2,0,239,232,20383,5,0,0,5,9
2020-09-12,US,Wisconsin,La Crosse,1625,2,0,43.90632465,-91.11451093,55063.0,1376.9319414316706,0.12307692307692307,1623,1523,2,0,1521,1445,118230,102,0,0,102,78
2020-09-12,US,Wisconsin,Lafayette,192,0,0,42.66005229,-90.1317729,55065.0,1152.115211521152,0.0,192,189,0,0,189,188,16665,3,0,0,3,1
2020-09-12,US,Wisconsin,Langlade,94,2,0,45.26271619,-89.07483625,55067.0,489.8639845744959,2.127659574468085,92,93,2,0,91,91,19268,1,0,0,1,2
2020-09-12,US,Wisconsin,Lincoln,104,1,0,45.33737523,-89.73411273,55069.0,376.90718660529836,0.9615384615384616,103,99,1,0,98,97,27689,5,0,0,5,2
2020-09-12,US,Wisconsin,Manitowoc,676,2,0,44.11946801,-87.80928853,55071.0,855.9020523923475,0.2958579881656805,674,664,2,0,662,644,79074,12,0,0,12,20
2020-09-12,US,Wisconsin,Marathon,859,14,0,44.89792533,-89.75863384,55073.0,633.0513221118415,1.6298020954598371,845,854,14,0,840,842,135428,5,0,0,5,12
2020-09-12,US,Wisconsin,Marinette,660,7,0,45.38553432,-88.03324599999998,55075.0,1635.6877323420074,1.0606060606060606,653,655,7,0,648,647,40434,5,0,0,5,8
2020-09-12,US,Wisconsin,Marquette,136,1,0,43.81911946,-89.40073763,55077.0,873.2502889431101,0.7352941176470589,135,128,1,0,127,121,15434,8,0,0,8,7
2020-09-12,US,Wisconsin,Menominee,32,0,0,45.00422544,-88.70950714,55078.0,702.3705004389816,0.0,32,31,0,0,31,30,4658,1,0,0,1,1
2020-09-12,US,Wisconsin,Milwaukee,25440,513,0,43.00486062,-87.96733172,55079.0,2689.996891277177,2.016509433962264,24927,25283,510,0,24773,25159,948201,157,3,0,154,124
2020-09-12,US,Wisconsin,Monroe,315,2,0,43.94641218,-90.61881899999999,55081.0,681.036905714224,0.6349206349206349,313,314,2,0,312,309,46051,1,0,0,1,5
2020-09-12,US,Wisconsin,Oconto,543,4,0,45.02715345,-88.26807503,55083.0,1431.5844977590298,0.7366482504604052,539,534,4,0,530,519,37830,9,0,0,9,15
2020-09-12,US,Wisconsin,Oneida,263,2,0,45.70677897,-89.51944105,55085.0,738.8678185138363,0.7604562737642585,261,254,1,0,253,249,35470,9,1,0,8,5
2020-09-12,US,Wisconsin,Outagamie,2655,24,0,44.41578887,-88.46565023,55087.0,1413.0984378742316,0.9039548022598871,2631,2565,24,0,2541,2476,187365,90,0,0,90,89
2020-09-12,US,Wisconsin,Ozaukee,1067,18,0,43.38352225,-87.94625009,55089.0,1195.9067932437426,1.6869728209934396,1049,1048,18,0,1030,1039,89147,19,0,0,19,9
2020-09-12,US,Wisconsin,Pepin,52,0,0,44.58307413,-91.99949611,55091.0,713.5995608618088,0.0,52,51,0,0,51,48,7289,1,0,0,1,3
2020-09-12,US,Wisconsin,Pierce,325,6,0,44.71850291,-92.4224416,55093.0,760.162791785564,1.8461538461538465,319,321,6,0,315,317,42555,4,0,0,4,4
2020-09-12,US,Wisconsin,Polk,204,2,0,45.46130348,-92.44182875,55095.0,465.93426672452784,0.9803921568627452,202,200,2,0,198,188,43598,4,0,0,4,12
2020-09-12,US,Wisconsin,Portage,870,3,0,44.47558711,-89.50152965,55097.0,1229.299723054315,0.3448275862068966,867,846,3,0,843,824,70942,24,0,0,24,22
2020-09-12,US,Wisconsin,Price,37,0,0,45.68051754,-90.36098879999999,55099.0,277.1327990412703,0.0,37,37,0,0,37,36,13397,0,0,0,0,1
2020-09-12,US,Wisconsin,Racine,4243,93,0,42.74753117,-88.05941254,55101.0,2161.366403309036,2.1918453924110297,4150,4226,92,0,4134,4213,196584,17,1,0,16,13
2020-09-12,US,Wisconsin,Richland,70,4,0,43.3762778,-90.43012729,55103.0,405.750057964294,5.7142857142857135,66,65,4,0,61,63,17377,5,0,0,5,2
2020-09-12,US,Wisconsin,Rock,1980,29,0,42.67151616,-89.07147900000002,55105.0,1212.0915312756345,1.4646464646464648,1951,1959,29,0,1930,1926,163129,21,0,0,21,33
2020-09-12,US,Wisconsin,Rusk,36,1,0,45.47498854,-91.1333012,55107.0,253.9145154464664,2.7777777777777777,35,35,1,0,34,31,14147,1,0,0,1,4
2020-09-12,US,Wisconsin,Sauk,708,3,0,43.42574087,-89.94966132,55111.0,1098.6623630551503,0.42372881355932196,705,698,3,0,695,691,64249,10,0,0,10,7
2020-09-12,US,Wisconsin,Sawyer,176,1,0,45.87931905,-91.14504927,55113.0,1062.9303055924631,0.5681818181818182,175,170,1,0,169,169,16489,6,0,0,6,1
2020-09-12,US,Wisconsin,Shawano,378,0,0,44.78902246,-88.76443896,55115.0,924.2279762341376,0.0,378,370,0,0,370,363,40796,8,0,0,8,7
2020-09-12,US,Wisconsin,Sheboygan,1227,11,0,43.72099677,-87.94579284,55117.0,1063.8113403849488,0.8964955175224124,1216,1210,10,0,1200,1199,115456,17,1,0,16,11
2020-09-12,US,Wisconsin,St. Croix,711,7,0,45.03437474,-92.45000068,55109.0,784.0153494988257,0.9845288326300984,704,707,7,0,700,701,89694,4,0,0,4,6
2020-09-12,US,Wisconsin,Taylor,129,3,0,45.21179252,-90.5004405,55119.0,634.1247603598289,2.3255813953488373,126,128,3,0,125,127,20412,1,0,0,1,1
2020-09-12,US,Wisconsin,Trempealeau,455,2,0,44.30360275,-91.35893614,55121.0,1534.6217410367972,0.4395604395604396,453,452,2,0,450,448,29442,3,0,0,3,4
2020-09-12,US,Wisconsin,Vernon,136,0,0,43.59422667,-90.8324691,55123.0,441.2432677957303,0.0,136,132,0,0,132,123,30785,4,0,0,4,9
2020-09-12,US,Wisconsin,Vilas,136,1,0,46.05467334,-89.51719204,55125.0,612.7506195088984,0.7352941176470589,135,136,1,0,135,136,21938,0,0,0,0,0
2020-09-12,US,Wisconsin,Walworth,2058,32,0,42.66858202,-88.54163073,55127.0,1981.3609581391765,1.554907677356657,2026,2003,32,0,1971,1966,103718,55,0,0,55,37
2020-09-12,US,Wisconsin,Washburn,80,1,0,45.89838588,-91.79050449,55129.0,508.90585241730275,1.25,79,79,1,0,78,78,15878,1,0,0,1,1
2020-09-12,US,Wisconsin,Washington,1921,32,0,43.36863664,-88.22974712,55131.0,1412.1469632591852,1.6657990629880268,1889,1880,31,0,1849,1844,135693,41,1,0,40,36
2020-09-12,US,Wisconsin,Waukesha,6053,85,0,43.01833055,-88.30431188,55133.0,1497.5333871023606,1.4042623492483066,5968,6011,81,0,5930,5941,403072,42,4,0,38,70
2020-09-12,US,Wisconsin,Waupaca,806,19,0,44.47068056,-88.96534501,55135.0,1580.7020984506769,2.357320099255583,787,798,19,0,779,789,51128,8,0,0,8,9
2020-09-12,US,Wisconsin,Waushara,229,2,0,44.11324419,-89.24317107,55137.0,936.873542527513,0.8733624454148472,227,222,2,0,220,211,24263,7,0,0,7,11
2020-09-12,US,Wisconsin,Winnebago,1926,22,0,44.06886922,-88.64477096,55139.0,1120.3732250577348,1.142263759086189,1904,1861,22,0,1839,1778,171020,65,0,0,65,83
2020-09-12,US,Wisconsin,Wood,563,3,0,44.45537896,-90.04158336,55141.0,771.2434416909821,0.5328596802841918,560,555,3,0,552,541,73055,8,0,0,8,14
2020-09-12,US,Wyoming,Albany,220,0,0,41.65498705,-105.72354150000001,56001.0,565.843621399177,0.0,220,217,0,0,217,212,38601,3,0,0,3,5
2020-09-12,US,Wyoming,Big Horn,51,1,0,44.52405055,-107.9960365,56003.0,432.5699745547074,1.96078431372549,50,51,1,0,50,51,11881,0,0,0,0,0
2020-09-12,US,Wyoming,Campbell,221,1,0,44.24886082,-105.54744040000001,56005.0,476.8995058371637,0.4524886877828054,220,218,1,0,217,214,46140,3,0,0,3,4
2020-09-12,US,Wyoming,Carbon,194,2,0,41.69357844,-106.9326084,56007.0,1310.8108108108106,1.0309278350515465,192,195,2,0,193,193,14971,-1,0,0,-1,2
2020-09-12,US,Wyoming,Converse,61,0,0,42.97272268,-105.5081848,56009.0,441.32542323831575,0.0,61,60,0,0,60,59,13640,1,0,0,1,1
2020-09-12,US,Wyoming,Crook,20,0,0,44.58855102,-104.56977049999999,56011.0,263.71308016877634,0.0,20,20,0,0,20,17,7450,0,0,0,0,3
2020-09-12,US,Wyoming,Fremont,623,14,0,43.04183996,-108.6296893,56013.0,1586.8164336109626,2.247191011235955,609,619,14,0,605,616,39531,4,0,0,4,3
2020-09-12,US,Wyoming,Goshen,69,1,0,42.08798185,-104.3534743,56015.0,522.2920293694648,1.4492753623188406,68,69,1,0,68,69,13376,0,0,0,0,0
2020-09-12,US,Wyoming,Hot Springs,31,0,0,43.71930657,-108.44231740000001,56017.0,702.4699750736461,0.0,31,30,0,0,30,31,4555,1,0,0,1,-1
2020-09-12,US,Wyoming,Johnson,29,1,0,44.04057166,-106.58451740000001,56019.0,343.3984606275903,3.4482758620689653,28,29,1,0,28,29,8460,0,0,0,0,0
2020-09-12,US,Wyoming,Laramie,619,4,0,41.30702520000001,-104.6887497,56021.0,622.1105527638191,0.6462035541195477,615,616,4,0,612,604,98976,3,0,0,3,12
2020-09-12,US,Wyoming,Lincoln,123,1,0,42.26376367,-110.6563997,56023.0,620.2723146747353,0.8130081300813008,122,123,1,0,122,121,19434,0,0,0,0,2
2020-09-12,US,Wyoming,Natrona,356,2,0,42.96180148,-106.79788500000001,56025.0,445.79127952115005,0.5617977528089888,354,347,2,0,345,335,79115,9,0,0,9,12
2020-09-12,US,Wyoming,Niobrara,3,0,0,43.05607708,-104.47588959999999,56027.0,127.33446519524618,0.0,3,3,0,0,3,3,2388,0,0,0,0,0
2020-09-12,US,Wyoming,Park,187,1,0,44.52157546,-109.58528249999999,56029.0,640.542577241899,0.5347593582887701,186,184,1,0,183,182,29324,3,0,0,3,2
2020-09-12,US,Wyoming,Platte,9,1,0,42.13299116,-104.96633100000001,56031.0,107.23221732396044,11.111111111111109,8,9,1,0,8,7,8566,0,0,0,0,2
2020-09-12,US,Wyoming,Sheridan,199,1,0,44.79048913,-106.8862389,56033.0,652.7800557651304,0.5025125628140703,198,197,1,0,196,191,30233,2,0,0,2,6
2020-09-12,US,Wyoming,Sublette,53,1,0,42.76558279,-109.91309220000001,56035.0,539.1109754857084,1.8867924528301887,52,53,1,0,52,51,9813,0,0,0,0,2
2020-09-12,US,Wyoming,Sweetwater,320,2,0,41.65943896,-108.8827882,56037.0,755.7329428713127,0.625,318,320,2,0,318,319,43051,0,0,0,0,1
2020-09-12,US,Wyoming,Teton,465,1,0,43.93522482,-110.5890801,56039.0,1981.7592908285035,0.21505376344086025,464,462,1,0,461,453,23081,3,0,0,3,9
2020-09-12,US,Wyoming,Uinta,310,2,0,41.2878183,-110.54757820000002,56041.0,1532.6807079996045,0.6451612903225806,308,310,2,0,308,310,20299,0,0,0,0,0
2020-09-12,US,Wyoming,Washakie,111,6,0,43.90451606,-107.68018700000002,56043.0,1422.1652786675209,5.405405405405406,105,111,6,0,105,111,7885,0,0,0,0,0
2020-09-12,US,Wyoming,Weston,23,0,0,43.83961191,-104.56748809999999,56045.0,332.03406958279203,0.0,23,21,0,0,21,21,6967,2,0,0,2,0
