Date,Country/Region,Province/State,Admin2,Confirmed,Deaths,Recovered,Latitude,Longitude,FIPS,Incidence_Rate,Case-Fatality_Ratio,Active Cases,Previous Confirmed,Previous Deaths,Previous Recovered,Previous Active,Prev2 Confirmed,Population,Daily Confirmed,Daily Deaths,Daily Recovered,Daily Active,Previous Daily Confirmed
2020-08-31,US,Alabama,Autauga,1348,22,0,32.53952745,-86.64408227,1001.0,2412.7870554332458,1.632047477744807,1326,1345,22,0,1323,1309,55601,3,0,0,3,36
2020-08-31,US,Alabama,Baldwin,4422,38,0,30.72774991,-87.72207058,1003.0,1980.881048585789,0.8593396653098145,4384,4402,36,0,4366,4307,218022,20,2,0,18,95
2020-08-31,US,Alabama,Barbour,628,7,0,31.868263,-85.3871286,1005.0,2543.952037592157,1.1146496815286624,621,628,7,0,621,624,24881,0,0,0,0,4
2020-08-31,US,Alabama,Bibb,535,7,0,32.99642064,-87.12511459999996,1007.0,2389.032776636599,1.308411214953271,528,533,6,0,527,523,22400,2,1,0,1,10
2020-08-31,US,Alabama,Blount,1034,11,0,33.98210918,-86.56790593,1009.0,1788.122989658631,1.0638297872340423,1023,1025,10,0,1015,1004,57840,9,1,0,8,21
2020-08-31,US,Alabama,Bullock,537,13,0,32.10030533,-85.71265535,1011.0,5316.305316305316,2.4208566108007448,524,536,13,0,523,535,10138,1,0,0,1,1
2020-08-31,US,Alabama,Butler,837,36,0,31.75300095,-86.68057478,1013.0,4303.7844508432745,4.301075268817204,801,835,36,0,799,827,19680,2,0,0,2,8
2020-08-31,US,Alabama,Calhoun,2377,30,0,33.77483727,-85.82630386,1015.0,2092.3374851459,1.2620950778291964,2347,2346,29,0,2317,2316,114277,31,1,0,30,30
2020-08-31,US,Alabama,Chambers,873,39,0,32.91360079,-85.39072749,1017.0,2625.2480904552835,4.4673539518900345,834,868,39,0,829,867,33615,5,0,0,5,1
2020-08-31,US,Alabama,Cherokee,346,11,0,34.17805983,-85.60638968,1019.0,1320.8123377614904,3.1791907514450872,335,345,11,0,334,341,26032,1,0,0,1,4
2020-08-31,US,Alabama,Chilton,1094,10,0,32.85044126,-86.7173256,1021.0,2462.4110921040783,0.9140767824497258,1084,1079,10,0,1069,1036,44153,15,0,0,15,43
2020-08-31,US,Alabama,Choctaw,316,12,0,32.02227341,-88.26564429999998,1023.0,2510.1278894272778,3.79746835443038,304,316,12,0,304,316,12841,0,0,0,0,0
2020-08-31,US,Alabama,Clarke,923,13,0,31.68099859,-87.83548597,1025.0,3907.3744814156294,1.4084507042253518,910,921,13,0,908,914,23920,2,0,0,2,7
2020-08-31,US,Alabama,Clay,356,6,0,33.26984193,-85.85836077,1027.0,2689.837551945599,1.6853932584269662,350,352,6,0,346,342,13275,4,0,0,4,10
2020-08-31,US,Alabama,Cleburne,202,5,0,33.67679204,-85.52005899,1029.0,1354.7954393024816,2.4752475247524752,197,200,5,0,195,200,14987,2,0,0,2,0
2020-08-31,US,Alabama,Coffee,961,5,0,31.39932826,-85.98901039,1031.0,1836.0016812502386,0.5202913631633714,956,954,5,0,949,948,51909,7,0,0,7,6
2020-08-31,US,Alabama,Colbert,1435,22,0,34.69847452,-87.80168544,1033.0,2597.7082239640845,1.5331010452961673,1413,1426,22,0,1404,1418,54762,9,0,0,9,8
2020-08-31,US,Alabama,Conecuh,436,11,0,31.43401703,-86.99320044,1035.0,3613.1598574625013,2.5229357798165144,425,435,11,0,424,434,12277,1,0,0,1,1
2020-08-31,US,Alabama,Coosa,111,3,0,32.93690146,-86.24847739,1037.0,1040.982837850511,2.702702702702702,108,111,3,0,108,109,10715,0,0,0,0,2
2020-08-31,US,Alabama,Covington,816,24,0,31.247785399999998,-86.45050893,1039.0,2202.488596183433,2.9411764705882355,792,813,24,0,789,809,36986,3,0,0,3,4
2020-08-31,US,Alabama,Crenshaw,396,26,0,31.72941803,-86.31593104,1041.0,2875.399361022364,6.565656565656567,370,390,26,0,364,388,13824,6,0,0,6,2
2020-08-31,US,Alabama,Cullman,1450,13,0,34.13020303,-86.86888037,1043.0,1730.9712539394516,0.8965517241379308,1437,1434,13,0,1421,1424,83442,16,0,0,16,10
2020-08-31,US,Alabama,Dale,1017,38,0,31.43037123,-85.61095742,1045.0,2068.2502237045474,3.736479842674533,979,1012,37,0,975,1002,48956,5,1,0,4,10
2020-08-31,US,Alabama,Dallas,1422,25,0,32.32688101,-87.10866709999998,1047.0,3822.9917195397356,1.7580872011251758,1397,1421,25,0,1396,1412,38310,1,0,0,1,9
2020-08-31,US,Alabama,DeKalb,2059,14,0,34.45946862,-85.80782906,1049.0,2879.1967893949354,0.6799417192812045,2045,2051,14,0,2037,2044,71385,8,0,0,8,7
2020-08-31,US,Alabama,Elmore,2023,42,0,32.59785413,-86.14415284,1051.0,2491.103202846975,2.0761245674740483,1981,2014,42,0,1972,1992,81887,9,0,0,9,22
2020-08-31,US,Alabama,Escambia,1214,22,0,31.1256789,-87.15918694,1053.0,3313.951901291185,1.812191103789127,1192,1213,22,0,1191,1209,36748,1,0,0,1,4
2020-08-31,US,Alabama,Etowah,2672,40,0,34.04567266,-86.04051873,1055.0,2612.74298900927,1.497005988023952,2632,2657,39,0,2618,2644,102501,15,1,0,14,13
2020-08-31,US,Alabama,Fayette,284,6,0,33.72076938,-87.73886638,1057.0,1742.1175315912158,2.112676056338028,278,284,6,0,278,284,16433,0,0,0,0,0
2020-08-31,US,Alabama,Franklin,1539,27,0,34.44235334,-87.84289505,1059.0,4907.212550220012,1.7543859649122806,1512,1536,27,0,1509,1528,31363,3,0,0,3,8
2020-08-31,US,Alabama,Geneva,387,3,0,31.09389027,-85.83572839,1061.0,1473.107228502912,0.7751937984496124,384,382,3,0,379,375,26314,5,0,0,5,7
2020-08-31,US,Alabama,Greene,278,15,0,32.85504247,-87.95684022,1063.0,3427.4442115645425,5.395683453237409,263,277,15,0,262,274,8233,1,0,0,1,3
2020-08-31,US,Alabama,Hale,529,27,0,32.76039258,-87.63284988,1065.0,3610.675039246468,5.103969754253309,502,529,27,0,502,527,14726,0,0,0,0,2
2020-08-31,US,Alabama,Henry,328,3,0,31.51148016,-85.24267944,1067.0,1906.4225515838416,0.9146341463414634,325,323,3,0,320,319,17209,5,0,0,5,4
2020-08-31,US,Alabama,Houston,1838,15,0,31.15197924,-85.29939599,1069.0,1735.8946752044724,0.8161044613710555,1823,1831,14,0,1817,1807,104722,7,1,0,6,24
2020-08-31,US,Alabama,Jackson,1275,7,0,34.78144169,-85.99750489,1071.0,2469.6858172238794,0.5490196078431373,1268,1274,7,0,1267,1258,51736,1,0,0,1,16
2020-08-31,US,Alabama,Jefferson,15872,299,0,33.55554728,-86.89506300000002,1073.0,2410.059325238053,1.8838205645161292,15573,15731,299,0,15432,15591,659300,141,0,0,141,140
2020-08-31,US,Alabama,Lamar,273,2,0,33.77995024,-88.09668032,1075.0,1977.544367982615,0.7326007326007326,271,271,2,0,269,268,13844,2,0,0,2,3
2020-08-31,US,Alabama,Lauderdale,1411,23,0,34.90171875,-87.65624729,1077.0,1521.6383224234055,1.6300496102055282,1388,1405,23,0,1382,1398,92387,6,0,0,6,7
2020-08-31,US,Alabama,Lawrence,463,5,0,34.52041498,-87.31069453,1079.0,1406.2689831126233,1.079913606911447,458,459,5,0,454,442,32957,4,0,0,4,17
2020-08-31,US,Alabama,Lee,3348,48,0,32.60154883,-85.35132246,1081.0,2034.7388508709023,1.4336917562724014,3300,3247,48,0,3199,3200,163941,101,0,0,101,47
2020-08-31,US,Alabama,Limestone,1647,15,0,34.81185586,-86.98310072,1083.0,1665.0659657281506,0.9107468123861566,1632,1638,15,0,1623,1618,96174,9,0,0,9,20
2020-08-31,US,Alabama,Lowndes,600,24,0,32.1597283,-86.65158371,1085.0,6169.031462060457,4.0,576,600,24,0,576,599,9974,0,0,0,0,1
2020-08-31,US,Alabama,Macon,396,17,0,32.38759944,-85.69267724,1087.0,2191.7201682532655,4.292929292929293,379,393,17,0,376,390,18439,3,0,0,3,3
2020-08-31,US,Alabama,Madison,6258,50,0,34.76327133,-86.55069633,1089.0,1678.1574056941504,0.7989773090444231,6208,6220,47,0,6173,6163,366519,38,3,0,35,57
2020-08-31,US,Alabama,Marengo,625,17,0,32.24767634,-87.78796182,1091.0,3313.364788209722,2.72,608,624,17,0,607,623,19066,1,0,0,1,1
2020-08-31,US,Alabama,Marion,716,28,0,34.13697363,-87.88704173,1093.0,2410.0440943821736,3.910614525139665,688,713,28,0,685,709,29763,3,0,0,3,4
2020-08-31,US,Alabama,Marshall,3483,41,0,34.36975964,-86.30486727,1095.0,3599.107198214396,1.1771461383864483,3442,3478,41,0,3437,3471,96109,5,0,0,5,7
2020-08-31,US,Alabama,Mobile,12043,255,0,30.78472347,-88.20842409,1097.0,2914.498681058057,2.1174126048326833,11788,11981,254,0,11727,11921,413757,62,1,0,61,60
2020-08-31,US,Alabama,Monroe,443,6,0,31.56729412,-87.36995001,1099.0,2136.690300487146,1.3544018058690743,437,443,6,0,437,443,21067,0,0,0,0,0
2020-08-31,US,Alabama,Montgomery,7750,160,0,32.2206831,-86.20969272,1101.0,3421.845058855735,2.064516129032258,7590,7737,160,0,7577,7650,225763,13,0,0,13,87
2020-08-31,US,Alabama,Morgan,2811,22,0,34.45500589,-86.85475946,1103.0,2348.782994510315,0.7826396300249022,2789,2802,22,0,2780,2777,119089,9,0,0,9,25
2020-08-31,US,Alabama,Perry,478,5,0,32.64048341,-87.29770589,1105.0,5356.942732264934,1.0460251046025104,473,477,5,0,472,477,9140,1,0,0,1,0
2020-08-31,US,Alabama,Pickens,533,10,0,33.28094866,-88.08818103,1107.0,2674.3602609131963,1.876172607879925,523,531,10,0,521,526,19938,2,0,0,2,5
2020-08-31,US,Alabama,Pike,824,7,0,31.80396383,-85.9408295,1109.0,2488.3734976143023,0.8495145631067961,817,821,7,0,814,817,33338,3,0,0,3,4
2020-08-31,US,Alabama,Randolph,478,11,0,33.29526734,-85.45708831,1111.0,2103.688055628906,2.301255230125523,467,469,11,0,458,460,22725,9,0,0,9,9
2020-08-31,US,Alabama,Russell,1548,2,0,32.28725256,-85.18415324,1113.0,2670.7613740273628,0.12919896640826872,1546,1535,2,0,1533,1531,57781,13,0,0,13,4
2020-08-31,US,Alabama,Shelby,4095,42,0,33.26879845,-86.66232561,1117.0,1881.011658138189,1.0256410256410255,4053,4068,42,0,4026,3925,215707,27,0,0,27,143
2020-08-31,US,Alabama,St. Clair,1651,28,0,33.71902176,-86.31029372,1115.0,1844.4454374832426,1.6959418534221684,1623,1641,27,0,1614,1621,88690,10,1,0,9,20
2020-08-31,US,Alabama,Sumter,396,19,0,32.59117397,-88.19916205,1119.0,3186.609801239237,4.797979797979798,377,396,19,0,377,395,12691,0,0,0,0,1
2020-08-31,US,Alabama,Talladega,1303,18,0,33.37823223,-86.16886178,1121.0,1629.1980294581008,1.3814274750575597,1285,1296,18,0,1278,1282,79828,7,0,0,7,14
2020-08-31,US,Alabama,Tallapoosa,930,81,0,32.86698258,-85.79833053,1123.0,2303.8620655485915,8.709677419354838,849,924,81,0,843,922,40497,6,0,0,6,2
2020-08-31,US,Alabama,Tuscaloosa,5130,92,0,33.28726072,-87.52556818,1125.0,2450.3833201977504,1.793372319688109,5038,5123,90,0,5033,5080,208911,7,2,0,5,43
2020-08-31,US,Alabama,Unassigned,8906,99,0,0.0,0.0,90001.0,0.0,1.1116101504603637,8807,8779,95,0,8684,8605,,127,4,0,123,174
2020-08-31,US,Alabama,Walker,1823,73,0,33.80270512,-87.30027177,1127.0,2869.917035311157,4.004388370817334,1750,1815,72,0,1743,1808,63711,8,1,0,7,7
2020-08-31,US,Alabama,Washington,502,13,0,31.4092794,-88.20689944,1129.0,3074.849932622811,2.589641434262948,489,498,13,0,485,495,16378,4,0,0,4,3
2020-08-31,US,Alabama,Wilcox,479,11,0,31.98773215,-87.30891118,1131.0,4617.757640026993,2.2964509394572024,468,479,11,0,468,478,10627,0,0,0,0,1
2020-08-31,US,Alabama,Winston,545,11,0,34.15030532,-87.37325922,1133.0,2306.487790427017,2.018348623853211,534,543,11,0,532,538,23660,2,0,0,2,5
2020-08-31,US,Alaska,Aleutians East,2,0,0,55.32222414,-161.9722021,2013.0,59.93407252022774,0.0,2,2,0,0,2,2,3515,0,0,0,0,0
2020-08-31,US,Alaska,Aleutians West,7,0,0,52.3233,-174.1596,2016.0,124.24565140220093,0.0,7,7,0,0,7,7,5723,0,0,0,0,0
2020-08-31,US,Alaska,Anchorage,3001,21,0,61.14998174,-149.14269860000005,2020.0,1042.013888888889,0.6997667444185272,2980,2972,21,0,2951,2963,291538,29,0,0,29,9
2020-08-31,US,Alaska,Bethel,59,1,0,60.90980451,-159.8561831,2050.0,320.89633416730123,1.6949152542372878,58,59,1,0,58,57,18216,0,0,0,0,2
2020-08-31,US,Alaska,Bristol Bay,10,0,0,58.74513976,-156.701064,2060.0,1196.1722488038274,0.0,10,10,0,0,10,10,877,0,0,0,0,0
2020-08-31,US,Alaska,Denali,1,0,0,63.67264044,-150.0076108,2068.0,47.687172150691474,0.0,1,1,0,0,1,1,2059,0,0,0,0,0
2020-08-31,US,Alaska,Dillingham,5,0,0,59.79603738,-158.23819419999995,2070.0,101.70870626525631,0.0,5,5,0,0,5,5,5000,0,0,0,0,0
2020-08-31,US,Alaska,Fairbanks North Star,640,8,0,64.80726247,-146.5692662,2090.0,660.8225175272847,1.25,632,635,8,0,627,620,98971,5,0,0,5,15
2020-08-31,US,Alaska,Haines,5,0,0,59.09893571,-135.4679843,2100.0,197.6284584980237,0.0,5,5,0,0,5,5,2474,0,0,0,0,0
2020-08-31,US,Alaska,Juneau,175,1,0,58.45031811,-134.200436,2110.0,547.3196972540188,0.5714285714285714,174,174,1,0,173,171,32113,1,0,0,1,3
2020-08-31,US,Alaska,Kenai Peninsula,410,2,0,60.24429722,-151.53888840000005,2122.0,698.3716018259862,0.4878048780487805,408,410,2,0,408,407,58533,0,0,0,0,3
2020-08-31,US,Alaska,Ketchikan Gateway,46,0,0,55.57445008,-130.975561,2130.0,330.9114452197684,0.0,46,46,0,0,46,44,13918,0,0,0,0,2
2020-08-31,US,Alaska,Kodiak Island,14,0,0,57.65529415,-153.7493579,2150.0,107.70887828896757,0.0,14,14,0,0,14,14,13345,0,0,0,0,0
2020-08-31,US,Alaska,Kusilvak,8,0,0,62.15429159999999,-163.39678830000003,2158.0,96.22323791195574,0.0,8,8,0,0,8,8,8303,0,0,0,0,0
2020-08-31,US,Alaska,Matanuska-Susitna,472,2,0,62.31305045,-149.5741743,2170.0,435.75800659176315,0.42372881355932196,470,472,2,0,470,470,107610,0,0,0,0,2
2020-08-31,US,Alaska,Nome,41,0,0,64.90320724,-164.0353804,2180.0,409.8360655737705,0.0,41,39,0,0,39,36,10008,2,0,0,2,3
2020-08-31,US,Alaska,North Slope,39,0,0,69.31479216,-153.4836093,2185.0,396.6639544344996,0.0,39,39,0,0,39,36,9872,0,0,0,0,3
2020-08-31,US,Alaska,Northwest Arctic,66,0,0,67.04919196,-159.7503946,2188.0,866.028080304422,0.0,66,66,0,0,66,65,7671,0,0,0,0,1
2020-08-31,US,Alaska,Petersburg,7,1,0,57.13978948,-132.9540995,2195.0,214.32945499081444,14.285714285714285,6,7,1,0,6,7,3221,0,0,0,0,0
2020-08-31,US,Alaska,Prince of Wales-Hyder,25,0,0,55.76261984,-133.0511621,2198.0,403.03079155247457,0.0,25,25,0,0,25,23,6422,0,0,0,0,2
2020-08-31,US,Alaska,Sitka,38,0,0,57.24124555,-135.3206587,2220.0,447.42729306487695,0.0,38,38,0,0,38,38,8647,0,0,0,0,0
2020-08-31,US,Alaska,Southeast Fairbanks,18,0,0,63.87692095,-143.2127643,2240.0,261.13448425939356,0.0,18,18,0,0,18,18,6918,0,0,0,0,0
2020-08-31,US,Alaska,Unassigned,1,0,0,0.0,0.0,90002.0,0.0,0.0,1,1,0,0,1,2,,0,0,0,0,-1
2020-08-31,US,Alaska,Valdez-Cordova,73,0,0,61.47502768,-144.7126799,2261.0,793.3058030862856,0.0,73,73,0,0,73,73,9164,0,0,0,0,0
2020-08-31,US,Alaska,Wrangell,11,0,0,56.3202004,-132.05837309999998,2275.0,439.6482813749002,0.0,11,11,0,0,11,11,2503,0,0,0,0,0
2020-08-31,US,Alaska,Yakutat,18,0,0,59.890980799999994,-140.36014509999998,2282.0,3108.8082901554412,0.0,18,18,0,0,18,18,604,0,0,0,0,0
2020-08-31,US,Alaska,Yukon-Koyukuk,71,1,0,65.50815459,-151.39073869999999,2290.0,1357.5525812619505,1.4084507042253518,70,71,1,0,70,71,5327,0,0,0,0,0
2020-08-31,US,Arizona,Apache,3338,154,0,35.39465006,-109.4892383,4001.0,4643.398667352929,4.613541042540444,3184,3338,154,0,3184,3340,71818,0,0,0,0,-2
2020-08-31,US,Arizona,Cochise,1816,60,0,31.87934684,-109.7516088,4003.0,1442.162608598974,3.3039647577092515,1756,1815,60,0,1755,1815,126770,1,0,0,1,0
2020-08-31,US,Arizona,Coconino,3324,125,0,35.83883429,-111.77071780000001,4005.0,2316.7637793080376,3.760529482551143,3199,3318,125,0,3193,3311,142854,6,0,0,6,7
2020-08-31,US,Arizona,Gila,1106,47,0,33.80190085,-110.8132779,4007.0,2047.4656595949496,4.249547920433996,1059,1106,47,0,1059,1104,53889,0,0,0,0,2
2020-08-31,US,Arizona,Graham,714,22,0,32.93166885,-109.8882178,4009.0,1838.4530216031103,3.0812324929971986,692,714,22,0,692,714,38072,0,0,0,0,0
2020-08-31,US,Arizona,Greenlee,58,1,0,33.21498827,-109.2405279,4011.0,610.6548747104654,1.7241379310344829,57,58,1,0,57,58,9483,0,0,0,0,0
2020-08-31,US,Arizona,La Paz,498,15,0,33.72854224,-113.98100290000001,4012.0,2359.295054007959,3.0120481927710845,483,498,15,0,483,498,21098,0,0,0,0,0
2020-08-31,US,Arizona,Maricopa,133728,2961,0,33.34835867,-112.49181540000001,4013.0,2981.397034922529,2.2141959798994977,130767,133641,2962,0,130679,133389,4410824,87,-1,0,88,252
2020-08-31,US,Arizona,Mohave,3615,206,0,35.70471703,-113.7577902,4015.0,1703.7340760954091,5.698478561549102,3409,3606,206,0,3400,3597,209550,9,0,0,9,9
2020-08-31,US,Arizona,Navajo,5598,220,0,35.3997715,-110.3218983,4017.0,5046.69864051062,3.929974991068239,5378,5598,220,0,5378,5592,110445,0,0,0,0,6
2020-08-31,US,Arizona,Pima,21221,576,0,32.0971334,-111.7890033,4019.0,2026.2986272044034,2.7142924461618207,20645,21189,576,0,20613,21133,1039073,32,0,0,32,56
2020-08-31,US,Arizona,Pinal,9550,186,0,32.90525627,-111.3449483,4021.0,2063.5754090957216,1.947643979057592,9364,9524,186,0,9338,9514,447138,26,0,0,26,10
2020-08-31,US,Arizona,Santa Cruz,2728,57,0,31.52508998,-110.8479088,4023.0,5866.91900726913,2.089442815249267,2671,2723,57,0,2666,2722,46511,5,0,0,5,1
2020-08-31,US,Arizona,Unassigned,0,1,0,0.0,0.0,90004.0,0.0,0.0,-1,0,1,0,-1,0,,0,0,0,0,0
2020-08-31,US,Arizona,Yavapai,2311,77,0,34.59933926,-112.5538588,4025.0,982.9901445773908,3.331890956295976,2234,2303,77,0,2226,2287,231993,8,0,0,8,16
2020-08-31,US,Arizona,Yuma,12230,321,0,32.76895712,-113.90666740000002,4027.0,5720.647186218058,2.624693376941946,11909,12230,321,0,11909,12213,212128,0,0,0,0,17
2020-08-31,US,Arkansas,Arkansas,283,3,0,34.29145151,-91.37277296,5001.0,1618.4376072286402,1.060070671378092,280,282,3,0,279,277,17769,1,0,0,1,5
2020-08-31,US,Arkansas,Ashley,388,7,0,33.19153461,-91.76984709999999,5003.0,1973.8515541537365,1.8041237113402064,381,388,7,0,381,388,20046,0,0,0,0,0
2020-08-31,US,Arkansas,Baxter,138,0,0,36.28784385,-92.33782872,5005.0,329.10426404655163,0.0,138,137,0,0,137,132,41619,1,0,0,1,5
2020-08-31,US,Arkansas,Benton,5364,52,0,36.33644656,-94.25680817,5007.0,1921.609509172784,0.9694258016405668,5312,5334,51,0,5283,5313,272608,30,1,0,29,21
2020-08-31,US,Arkansas,Boone,365,3,0,36.3084504,-93.09374925,5009.0,975.1015174182518,0.821917808219178,362,356,3,0,353,316,37480,9,0,0,9,40
2020-08-31,US,Arkansas,Bradley,295,5,0,33.46755808,-92.15980837,5011.0,2740.8715042274453,1.6949152542372878,290,289,5,0,284,289,10897,6,0,0,6,0
2020-08-31,US,Arkansas,Calhoun,24,0,0,33.55598792,-92.49974403,5013.0,462.5168625939488,0.0,24,23,0,0,23,23,5277,1,0,0,1,0
2020-08-31,US,Arkansas,Carroll,469,7,0,36.34038560000001,-93.54270261,5015.0,1652.5722339675824,1.492537313432836,462,465,7,0,458,459,28223,4,0,0,4,6
2020-08-31,US,Arkansas,Chicot,962,10,0,33.26458973,-91.29539209,5017.0,9507.807867167425,1.0395010395010396,952,962,10,0,952,958,10438,0,0,0,0,4
2020-08-31,US,Arkansas,Clark,233,3,0,34.04613432,-93.17484713,5019.0,1043.9068100358422,1.2875536480686696,230,229,3,0,226,226,22061,4,0,0,4,3
2020-08-31,US,Arkansas,Clay,182,6,0,36.36826212,-90.4148172,5021.0,1250.7731427393305,3.2967032967032965,176,180,6,0,174,175,14847,2,0,0,2,5
2020-08-31,US,Arkansas,Cleburne,259,7,0,35.53864922,-92.02640019,5023.0,1039.3675508648018,2.702702702702702,252,258,7,0,251,256,24965,1,0,0,1,2
2020-08-31,US,Arkansas,Cleveland,136,4,0,33.89723187,-92.18537045,5025.0,1709.4017094017097,2.9411764705882355,132,136,3,0,133,135,8018,0,1,0,-1,1
2020-08-31,US,Arkansas,Columbia,295,15,0,33.21230701,-93.22642793,5027.0,1257.620326554973,5.084745762711863,280,293,15,0,278,291,23537,2,0,0,2,2
2020-08-31,US,Arkansas,Conway,206,3,0,35.26205537,-92.70506566,5029.0,988.1991749016597,1.4563106796116505,203,202,3,0,199,201,20891,4,0,0,4,1
2020-08-31,US,Arkansas,Craighead,1869,15,0,35.83018283,-90.63235729,5031.0,1693.9781749628394,0.8025682182985554,1854,1851,15,0,1836,1829,108558,18,0,0,18,22
2020-08-31,US,Arkansas,Crawford,921,9,0,35.58928601,-94.2446814,5033.0,1455.9653477085544,0.977198697068404,912,916,9,0,907,910,63406,5,0,0,5,6
2020-08-31,US,Arkansas,Crittenden,1643,34,0,35.21247318,-90.30839406,5035.0,3426.128662287561,2.069385270846013,1609,1641,34,0,1607,1635,48342,2,0,0,2,6
2020-08-31,US,Arkansas,Cross,279,5,0,35.29631396,-90.77185818,5037.0,1699.2508678969486,1.7921146953405018,274,275,5,0,270,266,16676,4,0,0,4,9
2020-08-31,US,Arkansas,Dallas,127,2,0,33.97042763,-92.65167437,5039.0,1811.9560564987883,1.5748031496062993,125,127,2,0,125,115,7182,0,0,0,0,12
2020-08-31,US,Arkansas,Desha,243,5,0,33.83011025,-91.25500948,5041.0,2138.8962239239504,2.05761316872428,238,239,5,0,234,237,11512,4,0,0,4,2
2020-08-31,US,Arkansas,Drew,304,5,0,33.59035001,-91.71777921,5043.0,1668.5877380756353,1.6447368421052633,299,303,4,0,299,302,18328,1,1,0,0,1
2020-08-31,US,Arkansas,Faulkner,1693,9,0,35.14719007,-92.33717519,5045.0,1343.5761505313194,0.5316007088009451,1684,1679,8,0,1671,1649,124806,14,1,0,13,30
2020-08-31,US,Arkansas,Franklin,166,2,0,35.51202821,-93.89299569,5047.0,937.0589895568727,1.2048192771084338,164,162,2,0,160,160,17810,4,0,0,4,2
2020-08-31,US,Arkansas,Fulton,70,0,0,36.38177105,-91.81729127,5049.0,561.032299430953,0.0,70,69,0,0,69,67,12269,1,0,0,1,2
2020-08-31,US,Arkansas,Garland,1428,29,0,34.57692074,-93.14921604,5051.0,1436.8220876179746,2.030812324929972,1399,1407,29,0,1378,1400,99154,21,0,0,21,7
2020-08-31,US,Arkansas,Grant,192,1,0,34.29017991,-92.42320562,5053.0,1051.1908020804815,0.5208333333333334,191,192,1,0,191,183,18188,0,0,0,0,9
2020-08-31,US,Arkansas,Greene,634,4,0,36.11735460000001,-90.55832668,5055.0,1398.7865416436844,0.6309148264984227,630,632,4,0,628,625,45325,2,0,0,2,7
2020-08-31,US,Arkansas,Hempstead,330,3,0,33.73325583,-93.66935133,5057.0,1532.6026379342375,0.9090909090909092,327,330,3,0,327,329,21741,0,0,0,0,1
2020-08-31,US,Arkansas,Hot Spring,1717,20,0,34.31709259,-92.95396325,5059.0,5084.243877883391,1.1648223645893998,1697,1717,20,0,1697,1713,33701,0,0,0,0,4
2020-08-31,US,Arkansas,Howard,425,5,0,34.09007427,-93.9934871,5061.0,3219.209210725648,1.1764705882352942,420,423,5,0,418,421,13341,2,0,0,2,2
2020-08-31,US,Arkansas,Independence,765,6,0,35.74242707,-91.57001641,5063.0,2022.4719101123599,0.7843137254901961,759,760,6,0,754,755,37678,5,0,0,5,5
2020-08-31,US,Arkansas,Izard,102,0,0,36.09604046,-91.90847954,5065.0,748.4041382346468,0.0,102,102,0,0,102,98,13593,0,0,0,0,4
2020-08-31,US,Arkansas,Jackson,183,1,0,35.59802983,-91.21494602,5067.0,1094.5630719540643,0.5464480874316939,182,182,1,0,181,182,16811,1,0,0,1,0
2020-08-31,US,Arkansas,Jefferson,2104,50,0,34.26767081,-91.92619839,5069.0,3148.5693762719984,2.376425855513308,2054,2091,50,0,2041,2082,68114,13,0,0,13,9
2020-08-31,US,Arkansas,Johnson,765,4,0,35.56759135,-93.46036368,5071.0,2878.320415381142,0.5228758169934641,761,754,4,0,750,753,26742,11,0,0,11,1
2020-08-31,US,Arkansas,Lafayette,68,2,0,33.24116713,-93.60677071,5073.0,1026.5700483091787,2.9411764705882355,66,66,2,0,64,66,6682,2,0,0,2,0
2020-08-31,US,Arkansas,Lawrence,249,10,0,36.04188196,-91.10867198,5075.0,1517.7374131415336,4.016064257028113,239,248,10,0,238,248,16434,1,0,0,1,0
2020-08-31,US,Arkansas,Lee,1003,11,0,34.78498904,-90.78383866,5077.0,11324.376199616123,1.0967098703888336,992,1002,11,0,991,1001,8985,1,0,0,1,1
2020-08-31,US,Arkansas,Lincoln,1604,13,0,33.95317155,-91.74002806,5079.0,12315.724815724818,0.8104738154613467,1591,1600,13,0,1587,1570,13383,4,0,0,4,30
2020-08-31,US,Arkansas,Little River,281,14,0,33.70375665,-94.23468591,5081.0,2292.193490496778,4.98220640569395,267,278,14,0,264,276,12326,3,0,0,3,2
2020-08-31,US,Arkansas,Logan,365,1,0,35.21413234,-93.71951016,5083.0,1700.3633653219047,0.273972602739726,364,364,1,0,363,362,21737,1,0,0,1,2
2020-08-31,US,Arkansas,Lonoke,726,4,0,34.75392199,-91.88742357,5085.0,990.3286090384537,0.5509641873278237,722,717,4,0,713,705,73657,9,0,0,9,12
2020-08-31,US,Arkansas,Madison,296,2,0,36.01038185,-93.72524943,5087.0,1785.7142857142858,0.6756756756756757,294,295,2,0,293,295,16481,1,0,0,1,0
2020-08-31,US,Arkansas,Marion,45,0,0,36.26844485,-92.68451899,5089.0,269.5579250029951,0.0,45,44,0,0,44,44,16722,1,0,0,1,0
2020-08-31,US,Arkansas,Miller,602,8,0,33.31403423,-93.89285258,5091.0,1391.6822710775134,1.32890365448505,594,601,7,0,594,599,43592,1,1,0,0,2
2020-08-31,US,Arkansas,Mississippi,1349,21,0,35.76271485,-90.05194370000002,5093.0,3318.4915500233697,1.5567086730911786,1328,1349,21,0,1328,1345,41239,0,0,0,0,4
2020-08-31,US,Arkansas,Monroe,94,0,0,34.6815935,-91.20540287,5095.0,1402.7757051186386,0.0,94,94,0,0,94,92,6900,0,0,0,0,2
2020-08-31,US,Arkansas,Montgomery,101,3,0,34.53704874,-93.65824478,5097.0,1123.9706209659469,2.9702970297029703,98,96,3,0,93,93,8924,5,0,0,5,3
2020-08-31,US,Arkansas,Nevada,162,12,0,33.66340119,-93.30632432,5099.0,1963.1604459524967,7.407407407407407,150,162,12,0,150,162,8326,0,0,0,0,0
2020-08-31,US,Arkansas,Newton,120,15,0,35.91947491,-93.21612969,5101.0,1547.7879530504322,12.5,105,120,15,0,105,117,7805,0,0,0,0,3
2020-08-31,US,Arkansas,Ouachita,158,4,0,33.58839816,-92.87795984,5103.0,675.733470190745,2.5316455696202533,154,157,4,0,153,146,23606,1,0,0,1,11
2020-08-31,US,Arkansas,Perry,63,1,0,34.945915299999996,-92.94372564,5105.0,602.5824964131995,1.5873015873015872,62,63,1,0,62,62,10352,0,0,0,0,1
2020-08-31,US,Arkansas,Phillips,405,9,0,34.43268455,-90.84800154,5107.0,2277.5840737824765,2.2222222222222223,396,404,9,0,395,397,18029,1,0,0,1,7
2020-08-31,US,Arkansas,Pike,176,1,0,34.16250414,-93.65789349,5109.0,1642.097406232506,0.5681818181818182,175,174,1,0,173,172,10673,2,0,0,2,2
2020-08-31,US,Arkansas,Poinsett,489,6,0,35.57433534,-90.66268713,5111.0,2078.374702482149,1.2269938650306749,483,486,6,0,480,478,23974,3,0,0,3,8
2020-08-31,US,Arkansas,Polk,224,3,0,34.48254879,-94.22728802,5113.0,1122.0196353436186,1.3392857142857142,221,224,3,0,221,223,20049,0,0,0,0,1
2020-08-31,US,Arkansas,Pope,1774,16,0,35.44871474,-93.03212219,5115.0,2768.7601448370588,0.9019165727170236,1758,1732,14,0,1718,1716,64000,42,2,0,40,16
2020-08-31,US,Arkansas,Prairie,115,0,0,34.83624419,-91.55162157,5117.0,1426.445050855867,0.0,115,115,0,0,115,114,8074,0,0,0,0,1
2020-08-31,US,Arkansas,Pulaski,7072,106,0,34.77054088,-92.31355101,5119.0,1804.4913258367335,1.498868778280543,6966,7024,105,0,6919,6991,392680,48,1,0,47,33
2020-08-31,US,Arkansas,Randolph,311,12,0,36.3415714,-91.02455531,5121.0,1731.8186880498945,3.858520900321544,299,309,12,0,297,308,17948,2,0,0,2,1
2020-08-31,US,Arkansas,Saline,1576,12,0,34.64916145,-92.67583224,5125.0,1287.192597009074,0.7614213197969543,1564,1567,12,0,1555,1547,121421,9,0,0,9,20
2020-08-31,US,Arkansas,Scott,86,0,0,34.85588887,-94.0632176,5127.0,836.4945044256395,0.0,86,86,0,0,86,86,10319,0,0,0,0,0
2020-08-31,US,Arkansas,Searcy,100,0,0,35.9109364,-92.69936482,5129.0,1268.874508311128,0.0,100,100,0,0,100,95,7958,0,0,0,0,5
2020-08-31,US,Arkansas,Sebastian,2877,33,0,35.19605503,-94.27162713,5131.0,2250.698209298505,1.1470281543274243,2844,2862,33,0,2829,2842,127753,15,0,0,15,20
2020-08-31,US,Arkansas,Sevier,1157,12,0,33.99780401,-94.2424869,5133.0,6803.081084259423,1.0371650821089022,1145,1157,12,0,1145,1153,17139,0,0,0,0,4
2020-08-31,US,Arkansas,Sharp,149,5,0,36.16258158,-91.47819342,5135.0,854.2598325880057,3.355704697986577,144,147,5,0,142,146,17366,2,0,0,2,1
2020-08-31,US,Arkansas,St. Francis,1345,4,0,35.02201976,-90.74828138,5123.0,5381.291509962391,0.29739776951672864,1341,1344,4,0,1340,1343,25439,1,0,0,1,1
2020-08-31,US,Arkansas,Stone,193,2,0,35.86251946,-92.15684085,5137.0,1543.2592355669278,1.0362694300518134,191,194,2,0,192,191,12457,-1,0,0,-1,3
2020-08-31,US,Arkansas,Unassigned,904,0,0,0.0,0.0,90005.0,0.0,0.0,904,904,0,0,904,901,,0,0,0,0,3
2020-08-31,US,Arkansas,Union,691,20,0,33.16887091,-92.59746952,5139.0,1786.3605811488544,2.894356005788712,671,690,19,0,671,689,39126,1,1,0,0,1
2020-08-31,US,Arkansas,Van Buren,118,2,0,35.58095779,-92.51295036,5141.0,713.2064067694168,1.6949152542372878,116,118,2,0,116,116,16603,0,0,0,0,2
2020-08-31,US,Arkansas,Washington,6900,65,0,35.976844,-94.21800746,5143.0,2884.772165711347,0.9420289855072465,6835,6883,61,0,6822,6850,236961,17,4,0,13,33
2020-08-31,US,Arkansas,White,528,11,0,35.25688493,-91.74908296,5145.0,670.4506494990668,2.083333333333333,517,524,11,0,513,520,78727,4,0,0,4,4
2020-08-31,US,Arkansas,Woodruff,27,0,0,35.18902527,-91.2439489,5147.0,427.21518987341767,0.0,27,27,0,0,27,27,6490,0,0,0,0,0
2020-08-31,US,Arkansas,Yell,1162,23,0,35.00292371,-93.41171338,5149.0,5444.918232510192,1.9793459552495696,1139,1143,23,0,1120,1140,21535,19,0,0,19,3
2020-08-31,US,California,Alameda,18187,258,0,37.64629437,-121.8929271,6001.0,1088.1759366348576,1.4185957002254357,17929,18040,258,0,17782,17847,1666753,147,0,0,147,193
2020-08-31,US,California,Alpine,2,0,0,38.59678594,-119.82235940000001,6003.0,177.14791851195747,0.0,2,2,0,0,2,2,1101,0,0,0,0,0
2020-08-31,US,California,Amador,280,14,0,38.44583082,-120.65696000000001,6005.0,704.3670758703964,5.0,266,278,14,0,264,278,39383,2,0,0,2,0
2020-08-31,US,California,Butte,2026,23,0,39.66727762,-121.6005252,6007.0,924.3291086109514,1.1352418558736426,2003,1948,23,0,1925,1886,231256,78,0,0,78,62
2020-08-31,US,California,Calaveras,236,2,0,38.20537103,-120.55291299999999,6009.0,514.1052172965908,0.8474576271186439,234,236,2,0,234,236,45602,0,0,0,0,0
2020-08-31,US,California,Colusa,445,6,0,39.17881957,-122.2331726,6011.0,2065.2527033925835,1.348314606741573,439,441,6,0,435,441,21627,4,0,0,4,0
2020-08-31,US,California,Contra Costa,13938,175,0,37.91923498,-121.9289527,6013.0,1208.2952616586015,1.25556033864256,13763,13700,173,0,13527,13562,1150215,238,2,0,236,138
2020-08-31,US,California,Del Norte,123,1,0,41.74228275,-123.89740630000001,6015.0,442.2551416654682,0.8130081300813008,122,122,1,0,121,122,27828,1,0,0,1,0
2020-08-31,US,California,El Dorado,967,2,0,38.77965956,-120.5233166,6017.0,501.444179980606,0.2068252326783868,965,958,2,0,956,951,190678,9,0,0,9,7
2020-08-31,US,California,Fresno,24963,263,0,36.75733899,-119.6466953,6019.0,2498.546193027532,1.05355926771622,24700,24821,263,0,24558,24612,994400,142,0,0,142,209
2020-08-31,US,California,Glenn,453,3,0,39.59875897,-122.3938452,6021.0,1595.4636706230408,0.6622516556291391,450,440,3,0,437,440,28047,13,0,0,13,0
2020-08-31,US,California,Humboldt,388,4,0,40.69923009,-123.876044,6023.0,286.2243467740745,1.0309278350515465,384,368,4,0,364,368,136373,20,0,0,20,0
2020-08-31,US,California,Imperial,10719,293,0,33.0393082,-115.36690420000001,6025.0,5915.073255525205,2.7334639425319525,10426,10667,293,0,10374,10667,181827,52,0,0,52,0
2020-08-31,US,California,Inyo,179,13,0,36.51112084,-117.41119779999998,6027.0,992.2944730860913,7.2625698324022325,166,174,13,0,161,174,17987,5,0,0,5,0
2020-08-31,US,California,Kern,29324,286,0,35.34329425,-118.72777959999999,6029.0,3257.4910964427986,0.9753103260128224,29038,29105,286,0,28819,28961,896764,219,0,0,219,144
2020-08-31,US,California,Kings,6340,72,0,36.07409056,-119.8159973,6031.0,4145.416503203871,1.135646687697161,6268,6142,72,0,6070,6103,151366,198,0,0,198,39
2020-08-31,US,California,Lake,345,4,0,39.10124298,-122.75362439999999,6033.0,535.8307706644301,1.1594202898550725,341,332,4,0,328,324,64382,13,0,0,13,8
2020-08-31,US,California,Lassen,716,0,0,40.67311306,-120.59350990000002,6035.0,2341.935694894188,0.0,716,716,0,0,716,716,30802,0,0,0,0,0
2020-08-31,US,California,Los Angeles,241768,5784,0,34.30828379,-118.22824109999999,6037.0,2408.2620097584377,2.3923761622712685,235984,240749,5769,0,234980,239756,10105518,1019,15,0,1004,993
2020-08-31,US,California,Madera,3783,54,0,37.21513971,-119.76655890000002,6039.0,2404.5459457054417,1.4274385408406027,3729,3674,54,0,3620,3674,157672,109,0,0,109,0
2020-08-31,US,California,Marin,6164,96,0,38.07122463,-122.72106310000001,6041.0,2381.5227218285645,1.5574302401038287,6068,6068,95,0,5973,6068,259666,96,1,0,95,0
2020-08-31,US,California,Mariposa,71,2,0,37.57978556,-119.9073334,6043.0,412.71871185258385,2.8169014084507036,69,71,2,0,69,71,17471,0,0,0,0,0
2020-08-31,US,California,Mendocino,704,17,0,39.4381191,-123.39113130000001,6045.0,811.536732411901,2.414772727272727,687,689,17,0,672,673,87606,15,0,0,15,16
2020-08-31,US,California,Merced,8032,117,0,37.18922369,-120.72090349999999,6047.0,2892.538173437051,1.4566733067729083,7915,7890,115,0,7775,7890,274765,142,2,0,140,0
2020-08-31,US,California,Modoc,12,0,0,41.58965602,-120.7244817,6049.0,135.7312521208008,0.0,12,10,0,0,10,9,8777,2,0,0,2,1
2020-08-31,US,California,Mono,162,2,0,37.93899289,-118.8872409,6051.0,1121.5729714760457,1.2345679012345678,160,162,2,0,160,162,14250,0,0,0,0,0
2020-08-31,US,California,Monterey,7980,58,0,36.21862405,-121.24133970000001,6053.0,1838.4512775854087,0.7268170426065163,7922,7685,55,0,7630,7619,435594,295,3,0,292,66
2020-08-31,US,California,Napa,1431,13,0,38.50735751,-122.33283899999999,6055.0,1038.8837263329074,0.9084556254367576,1418,1413,13,0,1400,1403,139417,18,0,0,18,10
2020-08-31,US,California,Nevada,446,5,0,39.30394768,-120.76272809999999,6057.0,447.0953836900406,1.1210762331838564,441,442,5,0,437,438,99696,4,0,0,4,4
2020-08-31,US,California,Orange,48538,980,0,33.70147516,-117.76459979999998,6059.0,1528.4227815543827,2.019036631093164,47558,48444,979,0,47465,48190,3185968,94,1,0,93,254
2020-08-31,US,California,Placer,3003,33,0,39.06167234,-120.72405690000001,6061.0,753.8994148053495,1.0989010989010992,2970,2973,32,0,2941,2947,393149,30,1,0,29,26
2020-08-31,US,California,Plumas,41,0,0,40.00355989,-120.8395236,6063.0,218.00393470516298,0.0,41,40,0,0,40,40,18804,1,0,0,1,0
2020-08-31,US,California,Riverside,52909,1019,0,33.74314981,-115.9933578,6065.0,2141.591372919185,1.9259483263716948,51890,51918,1007,0,50911,51860,2450758,991,12,0,979,58
2020-08-31,US,California,Sacramento,18052,293,0,38.45106826,-121.34253740000001,6067.0,1163.100863498658,1.6230888544205628,17759,17588,274,0,17314,17150,1540975,464,19,0,445,438
2020-08-31,US,California,San Benito,1097,8,0,36.60308176,-121.069975,6069.0,1746.5927907272958,0.7292616226071102,1089,1090,8,0,1082,1081,61537,7,0,0,7,9
2020-08-31,US,California,San Bernardino,47642,716,0,34.84060306,-116.1774685,6071.0,2185.3276363077584,1.5028756139540742,46926,47373,716,0,46657,47145,2171603,269,0,0,269,228
2020-08-31,US,California,San Diego,38604,682,0,33.03484597,-116.73653259999999,6073.0,1156.3865765217938,1.7666563050461093,37922,38300,682,0,37618,38047,3343364,304,0,0,304,253
2020-08-31,US,California,San Francisco,9494,83,0,37.75215114,-122.43856720000001,6075.0,1076.9679280448393,0.8742363598061934,9411,9428,83,0,9345,9349,883305,66,0,0,66,79
2020-08-31,US,California,San Joaquin,17637,328,0,37.93433732,-121.2730061,6077.0,2314.117467998341,1.8597267108918751,17309,17493,307,0,17186,17114,752660,144,21,0,123,379
2020-08-31,US,California,San Luis Obispo,2981,21,0,35.38822029,-120.4039028,6079.0,1052.9438983296304,0.7044615900704462,2960,2917,21,0,2896,2882,284010,64,0,0,64,35
2020-08-31,US,California,San Mateo,8169,131,0,37.422880799999994,-122.32755459999998,6081.0,1065.6519339971537,1.6036234545231975,8038,8074,131,0,7943,8074,769545,95,0,0,95,0
2020-08-31,US,California,Santa Barbara,8143,93,0,34.65329488,-120.0188492,6083.0,1823.744286101425,1.1420852265749724,8050,8052,92,0,7960,8014,446527,91,1,0,90,38
2020-08-31,US,California,Santa Clara,17349,244,0,37.23104908,-121.6970462,6085.0,899.9134788355123,1.4064211193728746,17105,17013,245,0,16768,17013,1937570,336,-1,0,337,0
2020-08-31,US,California,Santa Cruz,1744,7,0,37.05580291,-122.0066524,6087.0,638.3298012905682,0.4013761467889908,1737,1746,7,0,1739,1747,274255,-2,0,0,-2,-1
2020-08-31,US,California,Shasta,570,12,0,40.76391419,-122.0396884,6089.0,316.52598844957794,2.1052631578947367,558,562,12,0,550,562,180040,8,0,0,8,0
2020-08-31,US,California,Sierra,6,0,0,39.57713498,-120.52007009999998,6091.0,199.6672212978369,0.0,6,6,0,0,6,6,2987,0,0,0,0,0
2020-08-31,US,California,Siskiyou,137,0,0,41.59198861,-122.54074340000001,6093.0,314.66041939410644,0.0,137,128,0,0,128,128,43724,9,0,0,9,0
2020-08-31,US,California,Solano,5512,47,0,38.26827353,-121.9357113,6095.0,1231.3383656172439,0.8526850507982583,5465,5388,46,0,5342,5388,446610,124,1,0,123,0
2020-08-31,US,California,Sonoma,5718,80,0,38.52746429,-122.88625060000001,6097.0,1156.7031330916625,1.3990905911157747,5638,5654,78,0,5576,5654,499942,64,2,0,62,0
2020-08-31,US,California,Stanislaus,14710,258,0,37.55862499,-120.9970722,6099.0,2671.339846729379,1.7539089055064585,14452,14544,255,0,14289,14482,549815,166,3,0,163,62
2020-08-31,US,California,Sutter,1409,10,0,39.03417539,-121.6945899,6101.0,1453.0117251549432,0.7097232079489,1399,1368,10,0,1358,1368,96807,41,0,0,41,0
2020-08-31,US,California,Tehama,419,1,0,40.12570935,-122.23701709999999,6103.0,643.7834183516686,0.2386634844868735,418,417,1,0,416,410,63916,2,0,0,2,7
2020-08-31,US,California,Trinity,13,0,0,40.64917670000001,-123.114713,6105.0,105.82010582010582,0.0,13,13,0,0,13,11,12535,0,0,0,0,2
2020-08-31,US,California,Tulare,14079,233,0,36.22026558,-118.8020203,6107.0,3019.9809092761607,1.6549470843099652,13846,13890,232,0,13658,13884,465861,189,1,0,188,6
2020-08-31,US,California,Tuolumne,189,2,0,38.02644018,-119.95250929999999,6109.0,346.92903557399325,1.058201058201058,187,189,2,0,187,189,54539,0,0,0,0,0
2020-08-31,US,California,Ventura,10775,116,0,34.44465746,-119.09106129999999,6111.0,1273.6316290901013,1.0765661252900232,10659,10705,115,0,10590,10606,850967,70,1,0,69,99
2020-08-31,US,California,Yolo,2424,52,0,38.68278902,-121.90182879999999,6113.0,1099.3197278911564,2.145214521452145,2372,2386,52,0,2334,2335,220408,38,0,0,38,51
2020-08-31,US,California,Yuba,927,6,0,39.26255932,-121.35356440000001,6115.0,1178.3698581379974,0.6472491909385113,921,909,6,0,903,909,78041,18,0,0,18,0
2020-08-31,US,Colorado,Adams,7507,197,0,39.87432092,-104.3362578,8001.0,1450.8495016630561,2.624217397096044,7310,7482,197,0,7285,7445,511868,25,0,0,25,37
2020-08-31,US,Colorado,Alamosa,238,9,0,37.57250606,-105.7885451,8003.0,1466.1492022423458,3.7815126050420167,229,238,9,0,229,237,16683,0,0,0,0,1
2020-08-31,US,Colorado,Arapahoe,8096,368,0,39.64977461,-104.3353617,8005.0,1233.0373596917407,4.545454545454546,7728,8067,365,0,7702,8046,651215,29,3,0,26,21
2020-08-31,US,Colorado,Archuleta,48,0,0,37.19474156,-107.04768670000001,8007.0,342.14840687148046,0.0,48,47,0,0,47,46,13765,1,0,0,1,1
2020-08-31,US,Colorado,Baca,16,0,0,37.31940883,-102.5603223,8009.0,446.8025691147723,0.0,16,16,0,0,16,16,3585,0,0,0,0,0
2020-08-31,US,Colorado,Bent,11,0,0,37.95474293,-103.0720195,8011.0,197.23865877712032,0.0,11,11,0,0,11,11,5882,0,0,0,0,0
2020-08-31,US,Colorado,Boulder,2300,79,0,40.09313619,-105.3546767,8013.0,705.0975487130438,3.4347826086956523,2221,2287,79,0,2208,2277,326078,13,0,0,13,10
2020-08-31,US,Colorado,Broomfield,535,33,0,39.95998787,-105.0566324,8014.0,759.2421769672889,6.168224299065421,502,532,33,0,499,530,69267,3,0,0,3,2
2020-08-31,US,Colorado,Chaffee,316,19,0,38.74745778,-106.19265729999998,8015.0,1552.3678522303005,6.012658227848102,297,316,19,0,297,315,20027,0,0,0,0,1
2020-08-31,US,Colorado,Cheyenne,9,0,0,38.82777431,-102.6032558,8017.0,491.53468050245766,0.0,9,9,0,0,9,9,1876,0,0,0,0,0
2020-08-31,US,Colorado,Clear Creek,35,1,0,39.68864463,-105.6463118,8019.0,360.8247422680412,2.8571428571428568,34,35,1,0,34,35,9605,0,0,0,0,0
2020-08-31,US,Colorado,Conejos,31,0,0,37.201606,-106.19174879999998,8021.0,377.8184034125533,0.0,31,31,0,0,31,31,8200,0,0,0,0,0
2020-08-31,US,Colorado,Costilla,32,1,0,37.27732493,-105.4276548,8023.0,823.2570105479805,3.125,31,32,0,0,32,32,3828,0,1,0,-1,0
2020-08-31,US,Colorado,Crowley,73,1,0,38.32608609,-103.7844965,8025.0,1204.4217125886814,1.3698630136986298,72,73,1,0,72,73,5858,0,0,0,0,0
2020-08-31,US,Colorado,Custer,17,0,0,38.10883162,-105.3683478,8027.0,335.43804262036303,0.0,17,17,0,0,17,17,4954,0,0,0,0,0
2020-08-31,US,Colorado,Delta,166,2,0,38.86246243,-107.86313419999999,8029.0,532.7000834349528,1.2048192771084338,164,162,2,0,160,159,30953,4,0,0,4,3
2020-08-31,US,Colorado,Denver,11265,428,0,39.76018276,-104.87256950000001,8031.0,1549.0689772294425,3.799378606302708,10837,11225,428,0,10797,11196,716492,40,0,0,40,29
2020-08-31,US,Colorado,Dolores,2,0,0,37.75208676,-108.5211585,8033.0,97.32360097323601,0.0,2,2,0,0,2,2,2074,0,0,0,0,0
2020-08-31,US,Colorado,Douglas,2004,60,0,39.33133796,-104.930001,8035.0,570.6897828303253,2.9940119760479043,1944,1994,60,0,1934,1984,342776,10,0,0,10,10
2020-08-31,US,Colorado,Eagle,1182,9,0,39.62754308,-106.6933637,8037.0,2144.1398951511965,0.7614213197969543,1173,1179,9,0,1170,1178,54993,3,0,0,3,1
2020-08-31,US,Colorado,El Paso,6018,152,0,38.83240149,-104.5251411,8041.0,835.365760553468,2.5257560651379194,5866,6007,153,0,5854,5988,713856,11,-1,0,12,19
2020-08-31,US,Colorado,Elbert,121,2,0,39.28656773,-104.13587209999999,8039.0,452.6918328407348,1.6528925619834711,119,121,2,0,119,121,26282,0,0,0,0,0
2020-08-31,US,Colorado,Fremont,157,0,0,38.47362326,-105.43996670000001,8043.0,328.1841175609858,0.0,157,157,0,0,157,157,48021,0,0,0,0,0
2020-08-31,US,Colorado,Garfield,844,4,0,39.59921777,-107.902708,8045.0,1405.2380080251746,0.4739336492890995,840,839,4,0,835,838,59770,5,0,0,5,1
2020-08-31,US,Colorado,Gilpin,17,0,0,39.85646523,-105.5252597,8047.0,272.30498157936887,0.0,17,17,0,0,17,17,6121,0,0,0,0,0
2020-08-31,US,Colorado,Grand,63,1,0,40.10603347,-106.11780420000001,8049.0,400.40676242532095,1.5873015873015872,62,62,1,0,61,62,15525,1,0,0,1,0
2020-08-31,US,Colorado,Gunnison,291,7,0,38.66611652,-107.0320729,8051.0,1666.4757759706793,2.405498281786941,284,290,7,0,283,290,17246,1,0,0,1,0
2020-08-31,US,Colorado,Hinsdale,3,0,0,37.82247444,-107.3004345,8053.0,365.8536585365854,0.0,3,3,0,0,3,3,811,0,0,0,0,0
2020-08-31,US,Colorado,Huerfano,9,1,0,37.68473101,-104.9612585,8055.0,130.49151805132666,11.111111111111109,8,9,1,0,8,9,6889,0,0,0,0,0
2020-08-31,US,Colorado,Jackson,9,0,0,40.66593870000001,-106.3408905,8057.0,646.5517241379309,0.0,9,9,0,0,9,9,1399,0,0,0,0,0
2020-08-31,US,Colorado,Jefferson,4792,237,0,39.58635604,-105.2517692,8059.0,822.1232121136218,4.945742904841404,4555,4777,237,0,4540,4766,580233,15,0,0,15,11
2020-08-31,US,Colorado,Kit Carson,74,3,0,39.30497777,-102.60221990000001,8063.0,1042.6940960969425,4.0540540540540535,71,74,3,0,71,74,7163,0,0,0,0,0
2020-08-31,US,Colorado,La Plata,240,2,0,37.28632032,-107.8429014,8067.0,426.8867505024812,0.8333333333333334,238,240,2,0,238,239,56310,0,0,0,0,1
2020-08-31,US,Colorado,Lake,80,0,0,39.20278823,-106.35556969999999,8065.0,984.3730773963333,0.0,80,80,0,0,80,80,7824,0,0,0,0,0
2020-08-31,US,Colorado,Larimer,1953,42,0,40.66671597,-105.4625784,8069.0,547.2136374716656,2.150537634408602,1911,1938,42,0,1896,1929,350518,15,0,0,15,9
2020-08-31,US,Colorado,Las Animas,20,0,0,37.3153406,-104.03764579999999,8071.0,137.87398317937405,0.0,20,20,0,0,20,20,14503,0,0,0,0,0
2020-08-31,US,Colorado,Lincoln,8,0,0,38.98749519,-103.51366490000001,8073.0,140.3262585511314,0.0,8,8,0,0,8,8,5610,0,0,0,0,0
2020-08-31,US,Colorado,Logan,688,5,0,40.7249637,-103.110817,8075.0,3070.1950109331074,0.7267441860465116,683,684,5,0,679,681,21528,4,0,0,4,3
2020-08-31,US,Colorado,Mesa,408,5,0,39.01787888,-108.469799,8077.0,264.57428182348747,1.2254901960784317,403,407,5,0,402,403,153207,1,0,0,1,4
2020-08-31,US,Colorado,Mineral,19,0,0,37.66954283,-106.92816979999999,8079.0,2470.74122236671,0.0,19,19,0,0,19,19,776,0,0,0,0,0
2020-08-31,US,Colorado,Moffat,34,1,0,40.61810999,-108.2070876,8081.0,255.96627267936455,2.9411764705882355,33,34,1,0,33,34,13188,0,0,0,0,0
2020-08-31,US,Colorado,Montezuma,124,5,0,37.33859579,-108.59588570000001,8083.0,473.58973379673836,4.032258064516129,119,124,5,0,119,123,26158,0,0,0,0,1
2020-08-31,US,Colorado,Montrose,343,13,0,38.40214114,-108.26390220000002,8085.0,802.1890640348006,3.7900874635568513,330,342,13,0,329,341,42214,1,0,0,1,1
2020-08-31,US,Colorado,Morgan,713,48,0,40.26279810000001,-103.8093302,8087.0,2452.869134443374,6.73211781206171,665,713,48,0,665,712,28558,0,0,0,0,1
2020-08-31,US,Colorado,Otero,82,6,0,37.9014485,-103.7173385,8089.0,448.6267644162381,7.317073170731707,76,82,6,0,76,82,18432,0,0,0,0,0
2020-08-31,US,Colorado,Ouray,25,1,0,38.14717457,-107.7675136,8091.0,504.8465266558966,4.0,24,23,1,0,22,22,4833,2,0,0,2,1
2020-08-31,US,Colorado,Park,43,1,0,39.120926000000004,-105.7182065,8093.0,228.1772353409393,2.3255813953488373,42,43,1,0,42,43,18556,0,0,0,0,0
2020-08-31,US,Colorado,Phillips,19,0,0,40.59414277,-102.3577703,8095.0,445.48651817116064,0.0,19,19,0,0,19,19,4286,0,0,0,0,0
2020-08-31,US,Colorado,Pitkin,197,2,0,39.21720112,-106.9310027,8097.0,1108.7972083075363,1.0152284263959392,195,197,2,0,195,197,17950,0,0,0,0,0
2020-08-31,US,Colorado,Prowers,85,0,0,37.95544985,-102.3926052,8099.0,698.3240223463687,0.0,85,84,0,0,84,83,12164,1,0,0,1,1
2020-08-31,US,Colorado,Pueblo,868,34,0,38.17359144,-104.5127437,8101.0,515.3659810953309,3.91705069124424,834,866,34,0,832,865,167529,2,0,0,2,1
2020-08-31,US,Colorado,Rio Blanco,23,0,0,39.97913541,-108.2179009,8103.0,363.69386464263124,0.0,23,23,0,0,23,23,6336,0,0,0,0,0
2020-08-31,US,Colorado,Rio Grande,94,2,0,37.5836865,-106.3847838,8105.0,834.2948433478299,2.127659574468085,92,94,2,0,92,94,11250,0,0,0,0,0
2020-08-31,US,Colorado,Routt,134,8,0,40.48596505,-106.9905548,8107.0,522.6616740775412,5.970149253731344,126,132,8,0,124,132,25733,2,0,0,2,0
2020-08-31,US,Colorado,Saguache,111,2,0,38.08054629,-106.28246599999999,8109.0,1626.6119577960142,1.8018018018018016,109,110,2,0,108,110,6843,1,0,0,1,0
2020-08-31,US,Colorado,San Juan,6,0,0,37.76248981,-107.67632890000002,8111.0,824.1758241758242,0.0,6,4,0,0,4,3,762,2,0,0,2,1
2020-08-31,US,Colorado,San Miguel,93,0,0,38.00450883,-108.4020725,8113.0,1137.0583200880305,0.0,93,93,0,0,93,93,8191,0,0,0,0,0
2020-08-31,US,Colorado,Sedgwick,12,1,0,40.87595412,-102.3519227,8115.0,533.8078291814946,8.333333333333334,11,12,1,0,11,12,2303,0,0,0,0,0
2020-08-31,US,Colorado,Summit,363,4,0,39.63803232,-106.1150762,8117.0,1170.552384637709,1.1019283746556474,359,363,4,0,359,363,31007,0,0,0,0,0
2020-08-31,US,Colorado,Teller,162,3,0,38.88133511,-105.16148929999999,8119.0,638.0967386166692,1.851851851851852,159,162,3,0,159,161,25083,0,0,0,0,1
2020-08-31,US,Colorado,Washington,53,0,0,39.97015535,-103.202587,8121.0,1079.8696006519967,0.0,53,53,0,0,53,53,4909,0,0,0,0,0
2020-08-31,US,Colorado,Weld,4060,146,0,40.55499405,-104.39296209999999,8123.0,1251.1864699283803,3.5960591133004924,3914,4051,146,0,3905,4040,314305,9,0,0,9,11
2020-08-31,US,Colorado,Yuma,63,0,0,40.00346839,-102.4258673,8125.0,628.8052699870246,0.0,63,63,0,0,63,63,10020,0,0,0,0,0
2020-08-31,US,Connecticut,Fairfield,18903,1414,0,41.26809896,-73.3881171,9001.0,2003.8544224090772,7.480294133206368,17489,18774,1413,0,17361,18774,943823,129,1,0,128,0
2020-08-31,US,Connecticut,Hartford,13504,1425,0,41.80283011,-72.73103891,9003.0,1514.376710178083,10.552428909952607,12079,13392,1426,0,11966,13392,892697,112,-1,0,113,0
2020-08-31,US,Connecticut,Litchfield,1709,138,0,41.7937534,-73.2451475,9005.0,947.691215695408,8.07489760093622,1571,1688,139,0,1549,1688,181111,21,-1,0,22,0
2020-08-31,US,Connecticut,Middlesex,1455,192,0,41.45949668,-72.53714864,9007.0,895.7373981137188,13.195876288659791,1263,1446,192,0,1254,1446,162682,9,0,0,9,0
2020-08-31,US,Connecticut,New Haven,13675,1109,0,41.408032500000004,-72.93620426,9009.0,1599.8699045459705,8.109689213893969,12566,13622,1109,0,12513,13622,857620,53,0,0,53,0
2020-08-31,US,Connecticut,New London,1577,107,0,41.48896435,-72.10430976,9011.0,594.6320973130322,6.785034876347496,1470,1554,106,0,1448,1554,266784,23,1,0,22,0
2020-08-31,US,Connecticut,Tolland,1145,65,0,41.85853803,-72.3308481,9013.0,759.6817961664267,5.676855895196508,1080,1126,65,0,1061,1126,150921,19,0,0,19,0
2020-08-31,US,Connecticut,Unassigned,110,0,0,0.0,0.0,90009.0,0.0,0.0,110,104,0,0,104,104,,6,0,0,6,0
2020-08-31,US,Connecticut,Windham,801,15,0,41.82972709,-71.98182316,9015.0,685.8933739788666,1.8726591760299625,786,789,15,0,774,789,117027,12,0,0,12,0
2020-08-31,US,Delaware,Kent,2624,110,0,39.08646628,-75.56884914,10001.0,1451.4398238801678,4.192073170731708,2514,2608,109,0,2499,2612,178550,16,1,0,15,-4
2020-08-31,US,Delaware,New Castle,8190,300,0,39.57992638,-75.64054974,10003.0,1465.7639422070215,3.663003663003663,7890,8139,300,0,7839,8109,559335,51,0,0,51,30
2020-08-31,US,Delaware,Sussex,6330,195,0,38.66143781,-75.39031349,10005.0,2702.529618956132,3.080568720379147,6135,6317,195,0,6122,6350,229286,13,0,0,13,-33
2020-08-31,US,Delaware,Unassigned,285,0,0,0.0,0.0,90010.0,0.0,0.0,285,279,0,0,279,278,,6,0,0,6,1
2020-08-31,US,District of Columbia,District of Columbia,13992,607,0,38.90417773,-77.01655992,11001.0,1982.5745413737743,4.338193253287593,13385,13959,606,0,13353,13925,702455,33,1,0,32,34
2020-08-31,US,Florida,Alachua,5196,33,0,29.67866525,-82.35928158,12001.0,1931.2897938247788,0.6351039260969977,5163,5193,33,0,5160,5165,269956,3,0,0,3,28
2020-08-31,US,Florida,Baker,1153,5,0,30.33060121,-82.28467476,12003.0,3947.2783293392663,0.4336513443191674,1148,1151,5,0,1146,1148,28355,2,0,0,2,3
2020-08-31,US,Florida,Bay,5363,78,0,30.26548745,-85.62122584,12005.0,3069.746143499041,1.4544098452358754,5285,5355,78,0,5277,5341,185287,8,0,0,8,14
2020-08-31,US,Florida,Bradford,738,5,0,29.95079741,-82.16611613,12007.0,2616.928477713557,0.6775067750677507,733,729,5,0,724,717,27732,9,0,0,9,12
2020-08-31,US,Florida,Brevard,7234,210,0,28.29409504,-80.73091022,12009.0,1201.7769153838742,2.9029582526956035,7024,7201,210,0,6991,7182,596849,33,0,0,33,19
2020-08-31,US,Florida,Broward,71121,1184,0,26.15184651,-80.48725556,12011.0,3642.042259796045,1.6647684931314242,69937,70950,1183,0,69767,70764,1951260,171,1,0,170,186
2020-08-31,US,Florida,Calhoun,570,8,0,30.40666734,-85.19394153,12013.0,4041.120170152428,1.4035087719298245,562,568,8,0,560,559,14587,2,0,0,2,9
2020-08-31,US,Florida,Charlotte,2677,110,0,26.90131002,-81.92949121,12015.0,1417.0769149330372,4.109077325364214,2567,2656,110,0,2546,2635,184998,21,0,0,21,21
2020-08-31,US,Florida,Citrus,2095,57,0,28.84804315,-82.47614748,12017.0,1399.8676974682107,2.720763723150358,2038,2082,57,0,2025,2069,147929,13,0,0,13,13
2020-08-31,US,Florida,Clay,4092,76,0,29.98319144,-81.85609986,12019.0,1866.3455749548466,1.857282502443793,4016,3960,76,0,3884,3910,216072,132,0,0,132,50
2020-08-31,US,Florida,Collier,11609,176,0,26.11091986,-81.34687065,12021.0,3016.092407937605,1.5160651218881902,11433,11604,176,0,11428,11570,378488,5,0,0,5,34
2020-08-31,US,Florida,Columbia,3340,33,0,30.22509788,-82.62160164,12023.0,4659.208213598192,0.9880239520958084,3307,3335,33,0,3302,3331,70503,5,0,0,5,4
2020-08-31,US,Florida,DeSoto,1489,22,0,27.18677893,-81.80941373,12027.0,3918.3179390016053,1.4775016789791806,1467,1478,22,0,1456,1472,37489,11,0,0,11,6
2020-08-31,US,Florida,Dixie,719,4,0,29.60631086,-83.15724673,12029.0,4273.148698442886,0.5563282336578581,715,712,4,0,708,702,16700,7,0,0,7,10
2020-08-31,US,Florida,Duval,26460,254,0,30.33225875,-81.66976468,12031.0,2762.7107141179113,0.9599395313681028,26206,26391,254,0,26137,26284,950181,69,0,0,69,107
2020-08-31,US,Florida,Escambia,11183,186,0,30.67652764,-87.37284571,12033.0,3513.1755865240834,1.6632388446749533,10997,11151,186,0,10965,11121,315534,32,0,0,32,30
2020-08-31,US,Florida,Flagler,1312,15,0,29.45933576,-81.31508595,12035.0,1140.066561812984,1.1432926829268293,1297,1310,15,0,1295,1302,112067,2,0,0,2,8
2020-08-31,US,Florida,Franklin,544,3,0,29.83791238,-84.82731662,12037.0,4486.597938144329,0.5514705882352942,541,542,3,0,539,537,11736,2,0,0,2,5
2020-08-31,US,Florida,Gadsden,2324,31,0,30.57796289,-84.61915825,12039.0,5089.794130530005,1.333907056798623,2293,2317,31,0,2286,2290,45894,7,0,0,7,27
2020-08-31,US,Florida,Gilchrist,464,10,0,29.72856978,-82.79880657,12041.0,2497.0401463782155,2.155172413793104,454,460,10,0,450,457,18256,4,0,0,4,3
2020-08-31,US,Florida,Glades,456,3,0,26.95635849,-81.18996211,12043.0,3301.7160234595613,0.6578947368421053,453,454,3,0,451,453,13724,2,0,0,2,1
2020-08-31,US,Florida,Gulf,824,11,0,29.93543004,-85.24270990000002,12045.0,6041.4986435955725,1.3349514563106797,813,824,11,0,813,819,16164,0,0,0,0,5
2020-08-31,US,Florida,Hamilton,699,6,0,30.49673973,-82.94998918,12047.0,4844.746326587192,0.8583690987124464,693,697,6,0,691,695,14310,2,0,0,2,2
2020-08-31,US,Florida,Hardee,1097,9,0,27.49293939,-81.80956574,12049.0,4072.465382188069,0.8204193254329991,1088,1092,9,0,1083,1091,27245,5,0,0,5,1
2020-08-31,US,Florida,Hendry,1975,39,0,26.55386945,-81.16469006,12051.0,4699.919090000476,1.9746835443037976,1936,1969,39,0,1930,1960,41556,6,0,0,6,9
2020-08-31,US,Florida,Hernando,2615,83,0,28.55364461,-82.42700204,12053.0,1348.4942244224426,3.1739961759082216,2532,2601,83,0,2518,2560,190865,14,0,0,14,41
2020-08-31,US,Florida,Highlands,1823,67,0,27.34254618,-81.34071957,12055.0,1716.2331365737473,3.67526055951728,1756,1821,67,0,1754,1811,105424,2,0,0,2,10
2020-08-31,US,Florida,Hillsborough,37136,551,0,27.9276559,-82.32013172,12057.0,2522.880932194178,1.4837354588539422,36585,37013,547,0,36466,36784,1436888,123,4,0,119,229
2020-08-31,US,Florida,Holmes,622,5,0,30.86747479,-85.81319222,12059.0,3170.719274098996,0.8038585209003215,617,622,5,0,617,619,19477,0,0,0,0,3
2020-08-31,US,Florida,Indian River,2835,98,0,27.69308961,-80.60556721,12061.0,1772.7281254103534,3.45679012345679,2737,2834,98,0,2736,2827,157413,1,0,0,1,7
2020-08-31,US,Florida,Jackson,2336,66,0,30.795459700000002,-85.21500423,12063.0,5032.96419183867,2.8253424657534247,2270,2335,66,0,2269,2327,48305,1,0,0,1,8
2020-08-31,US,Florida,Jefferson,500,6,0,30.43669112,-83.89442308,12065.0,3509.7571248069635,1.2,494,498,6,0,492,495,14288,2,0,0,2,3
2020-08-31,US,Florida,Lafayette,1204,7,0,29.98484137,-83.18166636,12067.0,14295.89171218238,0.5813953488372093,1197,1202,7,0,1195,1189,8732,2,0,0,2,13
2020-08-31,US,Florida,Lake,6396,117,0,28.76202069,-81.7125123,12069.0,1742.2191230067715,1.8292682926829267,6279,6385,116,0,6269,6345,356495,11,1,0,10,40
2020-08-31,US,Florida,Lee,18673,423,0,26.58410348,-81.88399313,12071.0,2423.2490717994438,2.2653028436780382,18250,18634,418,0,18216,18584,754610,39,5,0,34,50
2020-08-31,US,Florida,Leon,6321,33,0,30.45955727,-84.27491114,12073.0,2153.061154975441,0.5220692928334124,6288,6294,33,0,6261,6194,292502,27,0,0,27,100
2020-08-31,US,Florida,Levy,911,6,0,29.31829741,-82.74007147,12075.0,2195.022046599041,0.6586169045005489,905,907,6,0,901,899,40770,4,0,0,4,8
2020-08-31,US,Florida,Liberty,433,7,0,30.23766008,-84.8829258,12077.0,5183.145798419919,1.6166281755196306,426,433,7,0,426,432,8457,0,0,0,0,1
2020-08-31,US,Florida,Madison,868,14,0,30.44396917,-83.47398594,12079.0,4693.667874330828,1.6129032258064515,854,867,14,0,853,860,18529,1,0,0,1,7
2020-08-31,US,Florida,Manatee,10426,258,0,27.47196942,-82.31831044,12081.0,2585.473635658011,2.4745827738346438,10168,10418,258,0,10160,10391,394855,8,0,0,8,27
2020-08-31,US,Florida,Marion,8496,180,0,29.21227113,-82.05803627,12083.0,2323.9846927750227,2.1186440677966103,8316,8469,179,0,8290,8424,359977,27,1,0,26,45
2020-08-31,US,Florida,Martin,4497,118,0,27.0772071,-80.43109784,12085.0,2793.167701863354,2.6239715365799423,4379,4450,114,0,4336,4420,160912,47,4,0,43,30
2020-08-31,US,Florida,Miami-Dade,156910,2437,0,25.6112362,-80.55170587,12086.0,5775.247153047178,1.5531196227136574,154473,156559,2403,0,154156,156038,2761581,351,34,0,317,521
2020-08-31,US,Florida,Monroe,1734,16,0,25.20904673,-81.07812416,12087.0,2336.045697041548,0.9227220299884659,1718,1727,16,0,1711,1719,75027,7,0,0,7,8
2020-08-31,US,Florida,Nassau,1704,19,0,30.61037141,-81.80297522,12089.0,1922.7080394922425,1.1150234741784038,1685,1659,19,0,1640,1643,85832,45,0,0,45,16
2020-08-31,US,Florida,Okaloosa,4154,77,0,30.69143028,-86.59267105,12091.0,1971.1679905854667,1.8536350505536832,4077,4134,77,0,4057,4124,207269,20,0,0,20,10
2020-08-31,US,Florida,Okeechobee,1243,15,0,27.386336199999995,-80.88944347,12093.0,2947.7328780117628,1.2067578439259856,1228,1239,15,0,1224,1234,41537,4,0,0,4,5
2020-08-31,US,Florida,Orange,35902,377,0,28.51367621,-81.31799498,12095.0,2576.4791323992504,1.050080775444265,35525,35770,376,0,35394,35613,1380645,132,1,0,131,157
2020-08-31,US,Florida,Osceola,11134,129,0,28.06312234,-81.14882926,12097.0,2963.1324999800395,1.1586132566912162,11005,11091,129,0,10962,11055,367990,43,0,0,43,36
2020-08-31,US,Florida,Palm Beach,41965,1119,0,26.64676272,-80.46536002,12099.0,2803.703975894761,2.666507804122483,40846,41865,1117,0,40748,41730,1485941,100,2,0,98,135
2020-08-31,US,Florida,Pasco,8048,180,0,28.30810945,-82.40227529,12101.0,1452.846571964466,2.2365805168986084,7868,8028,174,0,7854,7989,539630,20,6,0,14,39
2020-08-31,US,Florida,Pinellas,19929,658,0,27.93130349,-82.72239666,12103.0,2044.0083856754284,3.301721109940288,19271,19888,650,0,19238,19813,975280,41,8,0,33,75
2020-08-31,US,Florida,Polk,17011,443,0,27.95027105,-81.69732947,12105.0,2347.0667529460784,2.6041972841102816,16568,16894,442,0,16452,16803,708009,117,1,0,116,91
2020-08-31,US,Florida,Putnam,1780,37,0,29.60779729,-81.74230285,12107.0,2388.5884515774083,2.0786516853932584,1743,1774,37,0,1737,1763,74163,6,0,0,6,11
2020-08-31,US,Florida,Santa Rosa,4671,55,0,30.69341450000001,-87.02458128,12113.0,2534.275932788246,1.177478056090773,4616,4659,55,0,4604,4634,179349,12,0,0,12,25
2020-08-31,US,Florida,Sarasota,7207,202,0,27.18546175,-82.33174248,12115.0,1661.586841947517,2.8028305813792147,7005,7193,202,0,6991,7162,426718,14,0,0,14,31
2020-08-31,US,Florida,Seminole,8029,172,0,28.7158582,-81.24060348,12117.0,1701.6866387185107,2.1422344002989164,7857,8006,172,0,7834,7979,467832,23,0,0,23,27
2020-08-31,US,Florida,St. Johns,4332,57,0,29.90096506,-81.43589967,12109.0,1636.7428364163943,1.3157894736842106,4275,4321,57,0,4264,4286,254261,11,0,0,11,35
2020-08-31,US,Florida,St. Lucie,6992,235,0,27.37763908,-80.47106649,12111.0,2129.778828317042,3.360983981693364,6757,6975,235,0,6740,6939,321128,17,0,0,17,36
2020-08-31,US,Florida,Sumter,1852,50,0,28.70181754,-82.0794267,12119.0,1398.5802748829485,2.6997840172786183,1802,1848,50,0,1798,1832,128754,4,0,0,4,16
2020-08-31,US,Florida,Suwannee,2439,60,0,30.19746066,-82.99099670000003,12121.0,5491.140779431299,2.4600246002460024,2379,2431,60,0,2371,2424,44191,8,0,0,8,7
2020-08-31,US,Florida,Taylor,1200,5,0,30.04848048,-83.60445406,12123.0,5563.540266122674,0.4166666666666667,1195,1199,5,0,1194,1195,21623,1,0,0,1,4
2020-08-31,US,Florida,Unassigned,1000,0,0,0.0,0.0,90012.0,0.0,0.0,1000,998,0,0,998,984,,2,0,0,2,14
2020-08-31,US,Florida,Union,594,5,0,30.04412971,-82.37497443,12125.0,3898.405197873597,0.8417508417508418,589,592,5,0,587,572,14940,2,0,0,2,20
2020-08-31,US,Florida,Volusia,9283,189,0,29.05858895,-81.18263252,12127.0,1677.8001894144782,2.0359797479263166,9094,9244,189,0,9055,9223,547538,39,0,0,39,21
2020-08-31,US,Florida,Wakulla,888,7,0,30.16548905,-84.39895211,12129.0,2631.968938024245,0.7882882882882883,881,886,7,0,879,884,32461,2,0,0,2,2
2020-08-31,US,Florida,Walton,1638,20,0,30.64204028,-86.16935664,12131.0,2211.3917727585695,1.2210012210012209,1618,1636,20,0,1616,1628,71375,2,0,0,2,8
2020-08-31,US,Florida,Washington,1006,16,0,30.61359259,-85.66002461,12133.0,3949.2796294115333,1.5904572564612327,990,1006,16,0,990,1002,24880,0,0,0,0,4
2020-08-31,US,Georgia,Appling,886,23,0,31.74847232,-82.28909114,13001.0,4818.883933427608,2.5959367945823932,863,885,23,0,862,883,18507,1,0,0,1,2
2020-08-31,US,Georgia,Atkinson,406,3,0,31.29633502,-82.87545866,13003.0,4972.443355786895,0.7389162561576355,403,405,3,0,402,403,8297,1,0,0,1,2
2020-08-31,US,Georgia,Bacon,517,9,0,31.55456473,-82.45936528,13005.0,4630.956646363311,1.7408123791102514,508,516,8,0,508,513,11185,1,1,0,0,3
2020-08-31,US,Georgia,Baker,72,3,0,31.32669878,-84.44218806,13007.0,2369.980250164582,4.166666666666667,69,71,3,0,68,71,3092,1,0,0,1,0
2020-08-31,US,Georgia,Baldwin,1679,50,0,33.06882326,-83.24701748,13009.0,3740.253954110047,2.977963073257892,1629,1652,50,0,1602,1644,44823,27,0,0,27,8
2020-08-31,US,Georgia,Banks,377,6,0,34.35607081,-83.49644388,13011.0,1960.070708121036,1.5915119363395225,371,370,6,0,364,368,18988,7,0,0,7,2
2020-08-31,US,Georgia,Barrow,1734,37,0,33.99148694,-83.71436292,13013.0,2083.133109082172,2.133794694348328,1697,1725,37,0,1688,1717,80809,9,0,0,9,8
2020-08-31,US,Georgia,Bartow,2431,70,0,34.23732119,-84.83887523,13015.0,2256.399784662793,2.879473467708762,2361,2426,70,0,2356,2407,106408,5,0,0,5,19
2020-08-31,US,Georgia,Ben Hill,619,13,0,31.76095874,-83.22145359,13017.0,3706.5868263473053,2.10016155088853,606,620,13,0,607,620,16787,-1,0,0,-1,0
2020-08-31,US,Georgia,Berrien,380,6,0,31.27590016,-83.22529920000002,13019.0,1959.0658349229261,1.5789473684210529,374,379,6,0,373,378,19252,1,0,0,1,1
2020-08-31,US,Georgia,Bibb,5404,121,0,32.80904227,-83.70489165,13021.0,3528.3594173375373,2.2390821613619543,5283,5375,119,0,5256,5388,153095,29,2,0,27,-13
2020-08-31,US,Georgia,Bleckley,352,17,0,32.43829035,-83.33035166,13023.0,2734.4053445195373,4.829545454545454,335,349,16,0,333,346,12838,3,1,0,2,3
2020-08-31,US,Georgia,Brantley,308,8,0,31.19576557,-81.97743999,13025.0,1611.8059553090168,2.5974025974025974,300,304,8,0,296,301,18897,4,0,0,4,3
2020-08-31,US,Georgia,Brooks,478,22,0,30.83922642,-83.58303423,13027.0,3092.4500226434625,4.602510460251046,456,476,21,0,455,476,15513,2,1,0,1,0
2020-08-31,US,Georgia,Bryan,857,9,0,32.00979311,-81.44002948,13029.0,2162.6668685492214,1.0501750291715286,848,855,9,0,846,843,38109,2,0,0,2,12
2020-08-31,US,Georgia,Bulloch,2003,21,0,32.39577406,-81.74811421,13031.0,2516.078786051653,1.0484273589615576,1982,1919,21,0,1898,1796,77296,84,0,0,84,123
2020-08-31,US,Georgia,Burke,654,8,0,33.05917989,-81.99928721,13033.0,2921.860340436939,1.2232415902140672,646,650,8,0,642,646,22423,4,0,0,4,4
2020-08-31,US,Georgia,Butts,566,40,0,33.283094500000004,-83.95435040000002,13035.0,2269.8107154315053,7.067137809187279,526,564,40,0,524,562,24193,2,0,0,2,2
2020-08-31,US,Georgia,Calhoun,227,7,0,31.53169785,-84.62725131,13037.0,3667.7977056067216,3.0837004405286343,220,227,7,0,220,229,6352,0,0,0,0,-2
2020-08-31,US,Georgia,Camden,1019,7,0,30.92951916,-81.66601818,13039.0,1864.0471225258848,0.6869479882237488,1012,1013,7,0,1006,1006,53677,6,0,0,6,7
2020-08-31,US,Georgia,Candler,353,14,0,32.40209349,-82.07702563,13043.0,3267.6108488382856,3.966005665722379,339,348,14,0,334,332,10836,5,0,0,5,16
2020-08-31,US,Georgia,Carroll,2320,61,0,33.58138199,-85.07976677,13045.0,1933.4622308153878,2.6293103448275863,2259,2310,61,0,2249,2295,118121,10,0,0,10,15
2020-08-31,US,Georgia,Catoosa,860,17,0,34.89872298,-85.13757014,13047.0,1272.5658478839896,1.976744186046512,843,860,17,0,843,852,67420,0,0,0,0,8
2020-08-31,US,Georgia,Charlton,561,6,0,30.78371028,-82.13951596,13049.0,4189.068100358423,1.0695187165775402,555,558,6,0,552,556,12968,3,0,0,3,2
2020-08-31,US,Georgia,Chatham,7065,121,0,32.00043026,-81.12489526,13051.0,2441.004733441592,1.7126680820948337,6944,7012,121,0,6891,6987,289195,53,0,0,53,25
2020-08-31,US,Georgia,Chattahoochee,1152,3,0,32.34341231,-84.78809239,13053.0,10562.0243880077,0.2604166666666667,1149,1113,2,0,1111,1113,10684,39,1,0,38,0
2020-08-31,US,Georgia,Chattooga,558,6,0,34.47197698,-85.34535662,13055.0,2250.998426721529,1.075268817204301,552,553,5,0,548,551,24790,5,1,0,4,2
2020-08-31,US,Georgia,Cherokee,4856,78,0,34.24393976,-84.47431861,13057.0,1876.548171563494,1.6062602965403625,4778,4817,78,0,4739,4791,254149,39,0,0,39,26
2020-08-31,US,Georgia,Clarke,2916,26,0,33.95436462,-83.37124007,13059.0,2272.2491058278983,0.8916323731138546,2890,2842,26,0,2816,2789,127330,74,0,0,74,53
2020-08-31,US,Georgia,Clay,111,2,0,31.62221166,-84.97713865,13061.0,3916.7254763585042,1.8018018018018016,109,111,2,0,109,112,2887,0,0,0,0,-1
2020-08-31,US,Georgia,Clayton,6478,138,0,33.54187245,-84.35594188,13063.0,2216.5498740829958,2.1302871256560665,6340,6458,137,0,6321,6430,289615,20,1,0,19,28
2020-08-31,US,Georgia,Clinch,288,4,0,30.91395822,-82.70432472,13065.0,4351.767905711697,1.3888888888888888,284,285,4,0,281,284,6648,3,0,0,3,1
2020-08-31,US,Georgia,Cobb,16966,391,0,33.94243204,-84.5761255,13067.0,2231.954334787888,2.3046092184368736,16575,16896,391,0,16505,16840,756865,70,0,0,70,56
2020-08-31,US,Georgia,Coffee,1793,37,0,31.54892966,-82.85492059999999,13069.0,4143.461280706214,2.063580591187953,1756,1775,37,0,1738,1776,43093,18,0,0,18,-1
2020-08-31,US,Georgia,Colquitt,1758,26,0,31.18810588,-83.7677946,13071.0,3855.263157894737,1.4789533560864618,1732,1751,26,0,1725,1743,45592,7,0,0,7,8
2020-08-31,US,Georgia,Columbia,3142,44,0,33.54534185,-82.263524,13073.0,2004.9261712418802,1.4003819223424572,3098,3109,44,0,3065,3100,154291,33,0,0,33,9
2020-08-31,US,Georgia,Cook,510,11,0,31.16068491,-83.42947229,13075.0,2953.0978575564563,2.156862745098039,499,508,11,0,497,508,17162,2,0,0,2,0
2020-08-31,US,Georgia,Coweta,2249,26,0,33.35334302,-84.76129976,13077.0,1514.3863334882058,1.1560693641618498,2223,2244,26,0,2218,2230,145864,5,0,0,5,14
2020-08-31,US,Georgia,Crawford,151,3,0,32.71391813,-83.98061238,13079.0,1217.349242179942,1.9867549668874167,148,151,3,0,148,148,12318,0,0,0,0,3
2020-08-31,US,Georgia,Crisp,466,15,0,31.92289565,-83.76811843,13081.0,2082.960843912033,3.218884120171674,451,466,15,0,451,465,22601,0,0,0,0,1
2020-08-31,US,Georgia,Dade,196,3,0,34.854916700000004,-85.50490424,13083.0,1216.1826756018863,1.5306122448979589,193,192,3,0,189,189,16226,4,0,0,4,3
2020-08-31,US,Georgia,Dawson,670,7,0,34.44244079,-84.16964071,13085.0,2566.263214340432,1.044776119402985,663,669,7,0,662,666,25083,1,0,0,1,3
2020-08-31,US,Georgia,DeKalb,16555,300,0,33.76944049,-84.22396017,13089.0,2180.306256971909,1.812141347025068,16255,16498,298,0,16200,16443,756558,57,2,0,55,55
2020-08-31,US,Georgia,Decatur,990,21,0,30.87967778,-84.57619536,13087.0,3749.4319042569314,2.121212121212121,969,986,21,0,965,980,26575,4,0,0,4,6
2020-08-31,US,Georgia,Dodge,325,7,0,32.17265114,-83.16948926,13091.0,1577.2870662460568,2.1538461538461537,318,323,6,0,317,315,20705,2,1,0,1,8
2020-08-31,US,Georgia,Dooly,286,14,0,32.15630737,-83.79746561,13093.0,2135.9223300970875,4.895104895104895,272,283,14,0,269,282,13706,3,0,0,3,1
2020-08-31,US,Georgia,Dougherty,2985,179,0,31.53328528,-84.21722377,13095.0,3393.7423257083087,5.9966499162479066,2806,2977,179,0,2798,2969,91243,8,0,0,8,8
2020-08-31,US,Georgia,Douglas,3167,64,0,33.70291126,-84.77026156,13097.0,2164.0939436802587,2.0208399115882543,3103,3154,64,0,3090,3149,145331,13,0,0,13,5
2020-08-31,US,Georgia,Early,414,32,0,31.32155345,-84.90255207,13099.0,4062.806673209028,7.729468599033816,382,409,32,0,377,409,10247,5,0,0,5,0
2020-08-31,US,Georgia,Echols,235,2,0,30.71101099,-82.89687287,13101.0,5866.200698951574,0.851063829787234,233,234,2,0,232,233,4000,1,0,0,1,1
2020-08-31,US,Georgia,Effingham,1068,16,0,32.36616021,-81.34280942,13103.0,1661.0675625233296,1.49812734082397,1052,1054,16,0,1038,1042,62190,14,0,0,14,12
2020-08-31,US,Georgia,Elbert,471,1,0,34.11302332,-82.83936148,13105.0,2453.891841200375,0.21231422505307854,470,464,1,0,463,452,19120,7,0,0,7,12
2020-08-31,US,Georgia,Emanuel,758,22,0,32.59221302,-82.30239915,13107.0,3347.1694780535195,2.9023746701846966,736,765,22,0,743,721,22612,-7,0,0,-7,44
2020-08-31,US,Georgia,Evans,365,5,0,32.15328841,-81.8870105,13109.0,3425.9433076778673,1.3698630136986298,360,360,5,0,355,360,10721,5,0,0,5,0
2020-08-31,US,Georgia,Fannin,446,8,0,34.86430205,-84.316964,13111.0,1703.0701084466168,1.7937219730941705,438,439,8,0,431,431,25964,7,0,0,7,8
2020-08-31,US,Georgia,Fayette,1573,38,0,33.41357794,-84.49089434,13113.0,1374.7476424782164,2.4157660521296886,1535,1568,38,0,1530,1564,113459,5,0,0,5,4
2020-08-31,US,Georgia,Floyd,2277,32,0,34.26268279,-85.21577392,13115.0,2311.722065422648,1.4053579270970575,2245,2269,31,0,2238,2250,97927,8,1,0,7,19
2020-08-31,US,Georgia,Forsyth,3091,33,0,34.22604035,-84.12315129999998,13117.0,1265.4962907161455,1.0676156583629892,3058,3079,33,0,3046,3057,236612,12,0,0,12,22
2020-08-31,US,Georgia,Franklin,554,11,0,34.37525597,-83.23159927,13119.0,2372.6926206689795,1.985559566787004,543,537,11,0,526,537,23023,17,0,0,17,0
2020-08-31,US,Georgia,Fulton,24891,518,0,33.79216944,-84.46319413,13121.0,2339.5182233534506,2.0810734803744326,24373,24801,515,0,24286,24747,1050114,90,3,0,87,54
2020-08-31,US,Georgia,Gilmer,750,7,0,34.69316688,-84.45802506,13123.0,2390.895470050049,0.9333333333333332,743,745,7,0,738,745,30816,5,0,0,5,0
2020-08-31,US,Georgia,Glascock,33,2,0,33.22879932,-82.61297636,13125.0,1110.7371255469538,6.0606060606060606,31,34,2,0,32,34,2995,-1,0,0,-1,0
2020-08-31,US,Georgia,Glynn,3041,70,0,31.23279254,-81.53811412,13127.0,3565.398865075271,2.3018743834265045,2971,3032,70,0,2962,3016,85219,9,0,0,9,16
2020-08-31,US,Georgia,Gordon,1527,29,0,34.50487351,-84.87296253,13129.0,2634.4392112209507,1.8991486574983627,1498,1522,29,0,1493,1506,57685,5,0,0,5,16
2020-08-31,US,Georgia,Grady,667,12,0,30.87454847,-84.23418364,13131.0,2707.749766573296,1.7991004497751124,655,662,12,0,650,644,24748,5,0,0,5,18
2020-08-31,US,Georgia,Greene,435,16,0,33.5769205,-83.17139104,13133.0,2373.935821872953,3.67816091954023,419,433,16,0,417,432,17698,2,0,0,2,1
2020-08-31,US,Georgia,Gwinnett,24252,336,0,33.96044201,-84.02137802,13135.0,2590.333778371161,1.3854527461652648,23916,24182,333,0,23849,24137,927781,70,3,0,67,45
2020-08-31,US,Georgia,Habersham,1341,63,0,34.63331566,-83.53094677,13137.0,2958.4362866219562,4.697986577181208,1278,1327,63,0,1264,1325,45388,14,0,0,14,2
2020-08-31,US,Georgia,Hall,7714,125,0,34.32207823,-83.81896936,13139.0,3773.2157443956935,1.620430386310604,7589,7605,125,0,7480,7589,202148,109,0,0,109,16
2020-08-31,US,Georgia,Hancock,359,39,0,33.2721566,-82.99766919,13141.0,4245.004138583422,10.86350974930362,320,356,39,0,317,355,8348,3,0,0,3,1
2020-08-31,US,Georgia,Haralson,332,7,0,33.79602175,-85.21005667,13143.0,1114.393125671321,2.108433734939759,325,330,7,0,323,327,29533,2,0,0,2,3
2020-08-31,US,Georgia,Harris,725,21,0,32.73709786,-84.90538572,13145.0,2057.5547735270748,2.896551724137931,704,723,21,0,702,723,34475,2,0,0,2,0
2020-08-31,US,Georgia,Hart,412,10,0,34.34626973,-82.96567682,13147.0,1572.2190421675252,2.4271844660194173,402,408,10,0,398,406,26099,4,0,0,4,2
2020-08-31,US,Georgia,Heard,171,5,0,33.29686567,-85.12886832,13149.0,1434.2028013083955,2.9239766081871346,166,169,5,0,164,169,11879,2,0,0,2,0
2020-08-31,US,Georgia,Henry,4417,78,0,33.4533428,-84.14814659999998,13151.0,1883.0922446613033,1.7659044600407516,4339,4399,78,0,4321,4391,230220,18,0,0,18,8
2020-08-31,US,Georgia,Houston,2629,67,0,32.45802497,-83.66879087,13153.0,1665.3680723158689,2.5484975275770254,2562,2616,67,0,2549,2621,155469,13,0,0,13,-5
2020-08-31,US,Georgia,Irwin,221,4,0,31.60213036,-83.27501387,13155.0,2347.068819031436,1.8099547511312215,217,220,4,0,216,218,9398,1,0,0,1,2
2020-08-31,US,Georgia,Jackson,1497,25,0,34.13794553,-83.56814788,13157.0,2051.331241350015,1.67000668002672,1472,1480,25,0,1455,1468,70422,17,0,0,17,12
2020-08-31,US,Georgia,Jasper,195,3,0,33.31535543,-83.68844964,13159.0,1371.404458822702,1.5384615384615383,192,195,3,0,192,195,14040,0,0,0,0,0
2020-08-31,US,Georgia,Jeff Davis,641,11,0,31.80405727,-82.63724870000001,13161.0,4240.820377108832,1.71606864274571,630,639,11,0,628,625,15029,2,0,0,2,14
2020-08-31,US,Georgia,Jefferson,661,16,0,33.05867328,-82.41609057,13163.0,4302.825152974873,2.4205748865355523,645,654,16,0,638,650,15430,7,0,0,7,4
2020-08-31,US,Georgia,Jenkins,314,25,0,32.79248718,-81.96040187,13165.0,3619.179345320424,7.961783439490445,289,309,25,0,284,307,8683,5,0,0,5,2
2020-08-31,US,Georgia,Johnson,336,13,0,32.70211082,-82.66166794,13167.0,3484.392823810017,3.8690476190476186,323,312,13,0,299,310,9708,24,0,0,24,2
2020-08-31,US,Georgia,Jones,452,5,0,33.02512137,-83.56019163,13169.0,1572.9946058813293,1.106194690265487,447,449,5,0,444,455,28616,3,0,0,3,-6
2020-08-31,US,Georgia,Lamar,323,16,0,33.07841647,-84.14263877,13171.0,1693.1383341196204,4.953560371517028,307,323,16,0,307,322,19000,0,0,0,0,1
2020-08-31,US,Georgia,Lanier,247,5,0,31.03828570000001,-83.06472457,13173.0,2369.7591864146602,2.0242914979757085,242,247,5,0,242,247,10340,0,0,0,0,0
2020-08-31,US,Georgia,Laurens,1342,47,0,32.46325233,-82.92221316,13175.0,2822.529760652842,3.5022354694485838,1295,1323,45,0,1278,1315,47325,19,2,0,17,8
2020-08-31,US,Georgia,Lee,663,24,0,31.779330600000005,-84.14324253,13177.0,2210.5894905308082,3.619909502262444,639,660,24,0,636,657,29764,3,0,0,3,3
2020-08-31,US,Georgia,Liberty,930,17,0,31.82588896,-81.49251135,13179.0,1513.7950679580044,1.827956989247312,913,929,17,0,912,924,61497,1,0,0,1,5
2020-08-31,US,Georgia,Lincoln,196,7,0,33.79201475,-82.45024131,13181.0,2474.435046080041,3.571428571428572,189,192,7,0,185,192,7915,4,0,0,4,0
2020-08-31,US,Georgia,Long,183,3,0,31.75218791,-81.74952375,13183.0,935.6306559640063,1.639344262295082,180,184,3,0,181,182,18998,-1,0,0,-1,2
2020-08-31,US,Georgia,Lowndes,3492,66,0,30.83568832,-83.27056716,13185.0,2974.294329080285,1.8900343642611683,3426,3468,65,0,3403,3459,116321,24,1,0,23,9
2020-08-31,US,Georgia,Lumpkin,701,12,0,34.57286511,-84.00425681,13187.0,2085.6887831002678,1.7118402282453635,689,701,12,0,689,701,32955,0,0,0,0,0
2020-08-31,US,Georgia,Macon,204,10,0,32.35207048,-84.04234127,13193.0,1575.6545917973276,4.901960784313727,194,205,10,0,195,204,13143,-1,0,0,-1,1
2020-08-31,US,Georgia,Madison,535,8,0,34.12920917,-83.21218732,13195.0,1790.4953145917002,1.4953271028037385,527,532,8,0,524,531,29650,3,0,0,3,1
2020-08-31,US,Georgia,Marion,170,6,0,32.3483402,-84.52733571,13197.0,2033.736092834071,3.5294117647058822,164,169,6,0,163,169,8351,1,0,0,1,0
2020-08-31,US,Georgia,McDuffie,517,13,0,33.47851918,-82.48252774,13189.0,2425.8633633633635,2.514506769825919,504,512,12,0,500,510,21531,5,1,0,4,2
2020-08-31,US,Georgia,McIntosh,248,5,0,31.49683595,-81.40163426,13191.0,1724.8574210599527,2.0161290322580645,243,245,5,0,240,244,14340,3,0,0,3,1
2020-08-31,US,Georgia,Meriwether,484,9,0,33.04163534,-84.68859732,13199.0,2286.5781641234,1.859504132231405,475,481,9,0,472,480,21068,3,0,0,3,1
2020-08-31,US,Georgia,Miller,212,0,0,31.16568912,-84.73151117,13201.0,3707.590066456803,0.0,212,212,0,0,212,210,5686,0,0,0,0,2
2020-08-31,US,Georgia,Mitchell,710,44,0,31.22483255,-84.19381821,13205.0,3247.495769107625,6.197183098591549,666,710,44,0,666,707,22192,0,0,0,0,3
2020-08-31,US,Georgia,Monroe,594,41,0,33.014289,-83.92097166,13207.0,2153.890782507796,6.902356902356902,553,591,41,0,550,589,27520,3,0,0,3,2
2020-08-31,US,Georgia,Montgomery,217,3,0,32.17201038,-82.53527476,13209.0,2365.896205843873,1.3824884792626728,214,213,3,0,210,213,9193,4,0,0,4,0
2020-08-31,US,Georgia,Morgan,415,2,0,33.59232073,-83.49129491,13211.0,2152.9362938368954,0.4819277108433735,413,414,2,0,412,411,18853,1,0,0,1,3
2020-08-31,US,Georgia,Murray,713,3,0,34.78897608,-84.74993177,13213.0,1778.2322426177177,0.4207573632538569,710,708,3,0,705,705,39921,5,0,0,5,3
2020-08-31,US,Georgia,Muscogee,5466,134,0,32.50931999,-84.87142262,13215.0,2792.066159606475,2.4515184778631545,5332,5440,134,0,5306,5422,194160,26,0,0,26,18
2020-08-31,US,Georgia,Newton,2306,61,0,33.55514538,-83.84547140000002,13217.0,2063.64547537228,2.6452732003469213,2245,2295,60,0,2235,2277,109541,11,1,0,10,18
2020-08-31,US,Georgia,Oconee,552,20,0,33.83749973,-83.43679568,13219.0,1370.4071499503475,3.6231884057971016,532,551,20,0,531,550,39272,1,0,0,1,1
2020-08-31,US,Georgia,Oglethorpe,281,9,0,33.878629600000004,-83.08278123,13221.0,1841.5361426043646,3.2028469750889683,272,280,9,0,271,279,15054,1,0,0,1,1
2020-08-31,US,Georgia,Out of GA,16233,127,0,0.0,0.0,80013.0,0.0,0.7823569272469659,16106,16160,126,0,16034,16082,,73,1,0,72,78
2020-08-31,US,Georgia,Paulding,2269,34,0,33.91969522,-84.86848792,13223.0,1345.2542583907934,1.498457470251212,2235,2262,34,0,2228,2255,164044,7,0,0,7,7
2020-08-31,US,Georgia,Peach,567,16,0,32.56934316,-83.82937,13225.0,2058.375081681551,2.8218694885361546,551,564,16,0,548,568,27297,3,0,0,3,-4
2020-08-31,US,Georgia,Pickens,521,6,0,34.46589159,-84.46406611,13227.0,1598.600840722899,1.151631477927063,515,517,6,0,511,513,31980,4,0,0,4,4
2020-08-31,US,Georgia,Pierce,519,12,0,31.35928155,-82.21598442,13229.0,2666.324171590033,2.3121387283237,507,518,12,0,506,513,19389,1,0,0,1,5
2020-08-31,US,Georgia,Pike,277,8,0,33.09310242,-84.38790389,13231.0,1460.8163695812675,2.888086642599278,269,276,8,0,268,275,18634,1,0,0,1,1
2020-08-31,US,Georgia,Polk,1216,15,0,34.00267074,-85.18677781,13233.0,2853.589280266585,1.2335526315789471,1201,1212,15,0,1197,1206,42470,4,0,0,4,6
2020-08-31,US,Georgia,Pulaski,223,7,0,32.23334561,-83.47549959999998,13235.0,2002.3345604740955,3.1390134529147984,216,210,7,0,203,207,11069,13,0,0,13,3
2020-08-31,US,Georgia,Putnam,611,20,0,33.32056115,-83.37552891,13237.0,2762.33102762331,3.2733224222585924,591,610,20,0,590,612,21809,1,0,0,1,-2
2020-08-31,US,Georgia,Quitman,31,1,0,31.86728114,-85.01773177,13239.0,1348.4123531970422,3.2258064516129035,30,33,1,0,32,33,2279,-2,0,0,-2,0
2020-08-31,US,Georgia,Rabun,278,5,0,34.88389445,-83.40304637,13241.0,1622.2209254828733,1.7985611510791366,273,278,5,0,273,278,16867,0,0,0,0,0
2020-08-31,US,Georgia,Randolph,312,27,0,31.76622818,-84.75732369,13243.0,4603.127766302744,8.653846153846152,285,310,27,0,283,310,6833,2,0,0,2,0
2020-08-31,US,Georgia,Richmond,6040,126,0,33.35777107,-82.07026432,13245.0,2982.45094263226,2.0860927152317883,5914,5965,125,0,5840,5955,201554,75,1,0,74,10
2020-08-31,US,Georgia,Rockdale,1651,32,0,33.65145002,-84.02202167,13247.0,1816.3615560640733,1.9382192610539064,1619,1638,32,0,1606,1634,90594,13,0,0,13,4
2020-08-31,US,Georgia,Schley,94,2,0,32.2654021,-84.31258912,13249.0,1788.0920677192316,2.127659574468085,92,94,2,0,92,94,5236,0,0,0,0,0
2020-08-31,US,Georgia,Screven,293,9,0,32.74976524,-81.60779441,13251.0,2097.9521695546327,3.0716723549488054,284,281,9,0,272,280,13938,12,0,0,12,1
2020-08-31,US,Georgia,Seminole,285,8,0,30.93464824,-84.86823924,13253.0,3522.867737948084,2.8070175438596485,277,282,8,0,274,282,8315,3,0,0,3,0
2020-08-31,US,Georgia,Spalding,1172,50,0,33.26310031,-84.28013991,13255.0,1757.0424118855224,4.266211604095563,1122,1163,50,0,1113,1160,66100,9,0,0,9,3
2020-08-31,US,Georgia,Stephens,845,27,0,34.55151201,-83.29405315,13257.0,3259.4021215043394,3.1952662721893486,818,820,26,0,794,820,26035,25,1,0,24,0
2020-08-31,US,Georgia,Stewart,355,11,0,32.07996777,-84.83208037,13259.0,5361.727835674369,3.0985915492957745,344,354,11,0,343,354,6199,1,0,0,1,0
2020-08-31,US,Georgia,Sumter,856,59,0,32.03650571,-84.19821492,13261.0,2899.3361333152693,6.8925233644859825,797,852,59,0,793,851,29733,4,0,0,4,1
2020-08-31,US,Georgia,Talbot,154,5,0,32.69642758,-84.53351366,13263.0,2485.875706214689,3.2467532467532467,149,154,5,0,149,154,6272,0,0,0,0,0
2020-08-31,US,Georgia,Taliaferro,19,0,0,33.56543317,-82.88136816,13265.0,1236.174365647365,0.0,19,19,0,0,19,19,1608,0,0,0,0,0
2020-08-31,US,Georgia,Tattnall,676,7,0,32.04785085,-82.05539188,13267.0,2673.416119591869,1.0355029585798816,669,671,7,0,664,668,25391,5,0,0,5,3
2020-08-31,US,Georgia,Taylor,157,7,0,32.55792548,-84.25077141,13269.0,1957.6059850374065,4.4585987261146505,150,156,7,0,149,153,8039,1,0,0,1,3
2020-08-31,US,Georgia,Telfair,348,13,0,31.92829517,-82.93491155,13271.0,2194.199243379572,3.7356321839080464,335,347,13,0,334,346,15876,1,0,0,1,1
2020-08-31,US,Georgia,Terrell,319,31,0,31.77527543,-84.44069698,13273.0,3739.3037158598054,9.717868338557992,288,318,31,0,287,317,8611,1,0,0,1,1
2020-08-31,US,Georgia,Thomas,1407,49,0,30.86392347,-83.91847289,13275.0,3165.283120739691,3.4825870646766166,1358,1396,49,0,1347,1388,44448,11,0,0,11,8
2020-08-31,US,Georgia,Tift,1501,49,0,31.45743864,-83.5236119,13277.0,3693.0420234228914,3.2644903397734844,1452,1499,49,0,1450,1496,40571,2,0,0,2,3
2020-08-31,US,Georgia,Toombs,1072,18,0,32.12059861,-82.32957247,13279.0,3995.527394707417,1.6791044776119404,1054,1056,17,0,1039,1054,26887,16,1,0,15,2
2020-08-31,US,Georgia,Towns,209,6,0,34.91369188,-83.74107459999998,13281.0,1736.313034809338,2.8708133971291865,203,204,6,0,198,201,11852,5,0,0,5,3
2020-08-31,US,Georgia,Treutlen,208,4,0,32.40422134,-82.56904553,13283.0,3014.0559339226197,1.9230769230769231,204,204,4,0,200,201,6809,4,0,0,4,3
2020-08-31,US,Georgia,Troup,2589,84,0,33.03349196,-85.02812115,13285.0,3702.6972912674123,3.2444959443800694,2505,2588,84,0,2504,2584,70034,1,0,0,1,4
2020-08-31,US,Georgia,Turner,277,20,0,31.71612656,-83.62069378,13287.0,3469.004383218535,7.220216606498194,257,277,19,0,258,277,7912,0,1,0,-1,0
2020-08-31,US,Georgia,Twiggs,166,7,0,32.67435595,-83.43078662,13289.0,2044.334975369458,4.216867469879518,159,165,7,0,158,166,8188,1,0,0,1,-1
2020-08-31,US,Georgia,Unassigned,2470,4,0,0.0,0.0,90013.0,0.0,0.16194331983805668,2466,2598,4,0,2594,2536,,-128,0,0,-128,62
2020-08-31,US,Georgia,Union,480,10,0,34.82995757,-83.98967069,13291.0,1958.3044347435848,2.083333333333333,470,474,10,0,464,463,24001,6,0,0,6,11
2020-08-31,US,Georgia,Upson,661,55,0,32.87920671,-84.30024826,13293.0,2511.398176291793,8.32072617246596,606,659,55,0,604,654,26215,2,0,0,2,5
2020-08-31,US,Georgia,Walker,1025,22,0,34.73376362,-85.30165174,13295.0,1469.3023322486774,2.1463414634146343,1003,1025,21,0,1004,1021,69410,0,1,0,-1,4
2020-08-31,US,Georgia,Walton,1466,47,0,33.78017694,-83.73552314,13297.0,1549.7975537301913,3.2060027285129604,1419,1458,47,0,1411,1448,93503,8,0,0,8,10
2020-08-31,US,Georgia,Ware,1340,44,0,31.05449097,-82.42224148,13299.0,3749.9300386186815,3.2835820895522385,1296,1333,44,0,1289,1327,35680,7,0,0,7,6
2020-08-31,US,Georgia,Warren,117,5,0,33.41146451,-82.67795848,13301.0,2226.8747620860295,4.2735042735042725,112,117,5,0,112,117,5251,0,0,0,0,0
2020-08-31,US,Georgia,Washington,614,4,0,32.96711864,-82.79357039,13303.0,3013.644841464611,0.6514657980456026,610,609,4,0,605,607,20386,5,0,0,5,2
2020-08-31,US,Georgia,Wayne,957,25,0,31.5521809,-81.91894878,13305.0,3197.7812677515285,2.6123301985370952,932,954,25,0,929,951,29808,3,0,0,3,3
2020-08-31,US,Georgia,Webster,38,2,0,32.04066113,-84.54742852,13307.0,1457.6141158419641,5.2631578947368425,36,38,2,0,36,38,2611,0,0,0,0,0
2020-08-31,US,Georgia,Wheeler,149,5,0,32.12009104,-82.72574721,13309.0,1896.8809675366006,3.355704697986577,144,147,5,0,142,145,7879,2,0,0,2,2
2020-08-31,US,Georgia,White,517,13,0,34.64624278,-83.74905525,13311.0,1678.6804337944022,2.514506769825919,504,511,13,0,498,510,29970,6,0,0,6,1
2020-08-31,US,Georgia,Whitfield,3989,51,0,34.80987459,-84.96093476,13313.0,3812.554956608173,1.2785159187766355,3938,3971,51,0,3920,3962,104062,18,0,0,18,9
2020-08-31,US,Georgia,Wilcox,222,20,0,31.97496928,-83.43438555,13315.0,2570.9322524609147,9.00900900900901,202,222,20,0,202,222,8812,0,0,0,0,0
2020-08-31,US,Georgia,Wilkes,225,3,0,33.78290391,-82.74286107,13317.0,2301.319423135931,1.3333333333333333,222,222,3,0,219,220,9876,3,0,0,3,2
2020-08-31,US,Georgia,Wilkinson,291,17,0,32.80291082,-83.17140684,13319.0,3249.944159035068,5.841924398625428,274,290,17,0,273,289,9036,1,0,0,1,1
2020-08-31,US,Georgia,Worth,498,28,0,31.55162306,-83.85090513,13321.0,2459.6236479478443,5.622489959839356,470,497,28,0,469,499,20299,1,0,0,1,-2
2020-08-31,US,Hawaii,Hawaii,364,2,0,19.60121157,-155.5210167,15001.0,180.6335075156441,0.5494505494505495,362,340,0,0,340,318,200983,24,2,0,22,22
2020-08-31,US,Hawaii,Honolulu,7691,59,0,21.45803166,-157.97121819999995,15003.0,789.1742247550952,0.7671304121700689,7632,7584,54,0,7530,7410,980080,107,5,0,102,174
2020-08-31,US,Hawaii,Kauai,57,0,0,22.03935037,-159.5966786,15007.0,78.84580803120635,0.0,57,57,0,0,57,57,72133,0,0,0,0,0
2020-08-31,US,Hawaii,Maui,335,8,0,20.86399628,-156.56890969999995,15009.0,200.0991536104457,2.388059701492537,327,334,8,0,326,330,167207,1,0,0,1,4
2020-08-31,US,Hawaii,Out of HI,25,1,0,0.0,0.0,80015.0,0.0,4.0,24,24,1,0,23,24,,1,0,0,1,0
2020-08-31,US,Idaho,Ada,11176,125,0,43.4526575,-116.24155159999998,16001.0,2320.660649062371,1.1184681460272012,11051,11109,125,0,10984,11080,469966,67,0,0,67,29
2020-08-31,US,Idaho,Adams,25,0,0,44.89333571,-116.4545247,16003.0,582.2077317186772,0.0,25,25,0,0,25,25,4250,0,0,0,0,0
2020-08-31,US,Idaho,Bannock,619,2,0,42.67002716,-112.2233311,16005.0,704.9471574344024,0.32310177705977383,617,612,2,0,610,612,87138,7,0,0,7,0
2020-08-31,US,Idaho,Bear Lake,30,0,0,42.28269683,-111.32892379999998,16007.0,489.79591836734687,0.0,30,30,0,0,30,30,6050,0,0,0,0,0
2020-08-31,US,Idaho,Benewah,111,1,0,47.21754179,-116.6586851,16009.0,1193.805119380512,0.9009009009009008,110,110,1,0,109,110,9226,1,0,0,1,0
2020-08-31,US,Idaho,Bingham,451,5,0,43.21672879999999,-112.3978437,16011.0,963.4487620431096,1.1086474501108647,446,446,5,0,441,446,46236,5,0,0,5,0
2020-08-31,US,Idaho,Blaine,606,6,0,43.4085812,-113.9752658,16013.0,2632.379132096781,0.99009900990099,600,605,6,0,599,604,22601,1,0,0,1,1
2020-08-31,US,Idaho,Boise,61,1,0,43.98829931,-115.7309284,16015.0,778.9554335333929,1.639344262295082,60,61,1,0,60,61,7634,0,0,0,0,0
2020-08-31,US,Idaho,Bonner,213,0,0,48.29996017,-116.6017932,16017.0,465.6857386475437,0.0,213,213,0,0,213,213,44727,0,0,0,0,0
2020-08-31,US,Idaho,Bonneville,1777,10,0,43.38713372,-111.6161537,16019.0,1492.4997060355108,0.5627462014631401,1767,1755,10,0,1745,1720,116854,22,0,0,22,35
2020-08-31,US,Idaho,Boundary,43,1,0,48.76684761,-116.4630179,16021.0,351.1637403021642,2.3255813953488373,42,43,1,0,42,43,11948,0,0,0,0,0
2020-08-31,US,Idaho,Butte,11,0,0,43.72592209,-113.1735463,16023.0,423.5656526761648,0.0,11,10,0,0,10,10,2611,1,0,0,1,0
2020-08-31,US,Idaho,Camas,4,0,0,43.46665742,-114.8065892,16025.0,361.6636528028933,0.0,4,4,0,0,4,4,1127,0,0,0,0,0
2020-08-31,US,Idaho,Canyon,7222,78,0,43.61970148,-116.70954990000001,16027.0,3142.062832555286,1.0800332317917474,7144,7205,76,0,7129,7126,223499,17,2,0,15,79
2020-08-31,US,Idaho,Caribou,40,0,0,42.77149116,-111.5597683,16029.0,559.0496156533892,0.0,40,39,0,0,39,39,7060,1,0,0,1,0
2020-08-31,US,Idaho,Cassia,581,4,0,42.28347888,-113.6012409,16031.0,2417.8110694964626,0.6884681583476764,577,581,4,0,577,580,23864,0,0,0,0,1
2020-08-31,US,Idaho,Clark,21,0,0,44.28496071,-112.35057040000001,16033.0,2485.207100591716,0.0,21,21,0,0,21,20,852,0,0,0,0,1
2020-08-31,US,Idaho,Clearwater,21,0,0,46.67459924,-115.6622393,16035.0,239.83554134307903,0.0,21,21,0,0,21,21,8758,0,0,0,0,0
2020-08-31,US,Idaho,Custer,36,0,0,44.24186819,-114.2855494,16037.0,834.2989571263035,0.0,36,32,0,0,32,31,4280,4,0,0,4,1
2020-08-31,US,Idaho,Elmore,281,3,0,43.3507101,-115.4701578,16039.0,1021.4096179709934,1.0676156583629892,278,279,3,0,276,278,27259,2,0,0,2,1
2020-08-31,US,Idaho,Franklin,57,0,0,42.18332217,-111.81496659999999,16041.0,410.7812049582012,0.0,57,56,0,0,56,56,13726,1,0,0,1,0
2020-08-31,US,Idaho,Fremont,113,2,0,44.22800938,-111.48099429999999,16043.0,862.6612718528132,1.7699115044247788,111,112,2,0,110,111,13168,1,0,0,1,1
2020-08-31,US,Idaho,Gem,210,2,0,44.06482372,-116.398376,16045.0,1159.452296819788,0.9523809523809524,208,210,2,0,208,210,17634,0,0,0,0,0
2020-08-31,US,Idaho,Gooding,231,1,0,42.96927962,-114.81083059999999,16047.0,1521.8393833585876,0.4329004329004329,230,227,1,0,226,224,15196,4,0,0,4,3
2020-08-31,US,Idaho,Idaho,42,0,0,45.84721541,-115.4634436,16049.0,251.994960100798,0.0,42,40,0,0,40,40,16513,2,0,0,2,0
2020-08-31,US,Idaho,Jefferson,352,1,0,43.82078483,-112.3131749,16051.0,1178.400455291085,0.2840909090909091,351,349,1,0,348,341,29439,3,0,0,3,8
2020-08-31,US,Idaho,Jerome,601,6,0,42.68891267,-114.2655033,16053.0,2461.9039816483696,0.9983361064891848,595,597,6,0,591,596,24015,4,0,0,4,1
2020-08-31,US,Idaho,Kootenai,2187,29,0,47.67282258,-116.7020872,16055.0,1319.8790563498435,1.3260173754000917,2158,2170,29,0,2141,2169,161505,17,0,0,17,1
2020-08-31,US,Idaho,Latah,242,0,0,46.81587887,-116.71136979999999,16057.0,603.3708985738506,0.0,242,233,0,0,233,233,40134,9,0,0,9,0
2020-08-31,US,Idaho,Lemhi,70,0,0,44.9438088,-113.9309747,16059.0,872.0568082720818,0.0,70,70,0,0,70,70,7961,0,0,0,0,0
2020-08-31,US,Idaho,Lincoln,67,0,0,43.0012336,-114.1358773,16063.0,1248.602310846068,0.0,67,67,0,0,67,67,5360,0,0,0,0,0
2020-08-31,US,Idaho,Madison,240,0,0,43.78141028,-111.65384740000002,16065.0,601.3982509334203,0.0,240,237,0,0,237,235,39304,3,0,0,3,2
2020-08-31,US,Idaho,Minidoka,553,2,0,42.85518524,-113.6357257,16067.0,2628.4519226198963,0.3616636528028933,551,553,2,0,551,552,20825,0,0,0,0,1
2020-08-31,US,Idaho,Nez Perce,298,19,0,46.32638236,-116.75009750000001,16069.0,737.4777271827361,6.375838926174498,279,284,19,0,265,284,40408,14,0,0,14,0
2020-08-31,US,Idaho,Oneida,21,0,0,42.19494279999999,-112.5407838,16071.0,463.4738468329287,0.0,21,21,0,0,21,21,4488,0,0,0,0,0
2020-08-31,US,Idaho,Owyhee,304,5,0,42.58016894,-116.16938710000001,16073.0,2571.2594096253065,1.6447368421052633,299,303,5,0,298,300,11693,1,0,0,1,3
2020-08-31,US,Idaho,Payette,672,4,0,44.00545243,-116.7647695,16075.0,2805.728362072565,0.5952380952380952,668,663,4,0,659,652,23551,9,0,0,9,11
2020-08-31,US,Idaho,Power,119,0,0,42.69254894,-112.83957420000002,16077.0,1549.2774378336155,0.0,119,113,0,0,113,113,7768,6,0,0,6,0
2020-08-31,US,Idaho,Shoshone,197,15,0,47.35364087,-115.89167490000001,16079.0,1529.265641981059,7.614213197969542,182,196,15,0,181,196,12796,1,0,0,1,0
2020-08-31,US,Idaho,Teton,126,0,0,43.75303583,-111.2056773,16081.0,1037.7203096689177,0.0,126,125,0,0,125,125,11640,1,0,0,1,0
2020-08-31,US,Idaho,Twin Falls,1685,34,0,42.35440512,-114.6685381,16083.0,1939.5013697368724,2.0178041543026706,1651,1673,34,0,1639,1665,86081,12,0,0,12,8
2020-08-31,US,Idaho,Unassigned,3,0,0,0.0,0.0,90016.0,0.0,0.0,3,3,0,0,3,3,,0,0,0,0,0
2020-08-31,US,Idaho,Valley,84,1,0,44.76728382,-115.5676773,16085.0,737.3595505617978,1.1904761904761905,83,84,1,0,83,84,11041,0,0,0,0,0
2020-08-31,US,Idaho,Washington,278,4,0,44.45275475,-116.78476880000001,16087.0,2727.094369236806,1.4388489208633093,274,271,4,0,267,268,10161,7,0,0,7,3
2020-08-31,US,Illinois,Adams,771,7,0,39.98815591,-91.18786813,17001.0,1178.2685107358448,0.9079118028534372,764,769,7,0,762,762,65691,2,0,0,2,7
2020-08-31,US,Illinois,Alexander,44,0,0,37.18049267,-89.32910838,17003.0,763.7562923103627,0.0,44,44,0,0,44,44,6060,0,0,0,0,0
2020-08-31,US,Illinois,Bond,144,3,0,38.88829622,-89.43534887,17005.0,876.6589553147452,2.083333333333333,141,143,3,0,140,131,16630,1,0,0,1,12
2020-08-31,US,Illinois,Boone,865,23,0,42.32359279,-88.82345779,17007.0,1615.4937994920065,2.658959537572254,842,860,23,0,837,856,53577,5,0,0,5,4
2020-08-31,US,Illinois,Brown,20,0,0,39.96209138,-90.75068024,17009.0,304.04378230465187,0.0,20,20,0,0,20,21,6556,0,0,0,0,-1
2020-08-31,US,Illinois,Bureau,370,7,0,41.40385234,-89.5283051,17011.0,1133.9953414245433,1.891891891891892,363,360,6,0,354,357,32993,10,1,0,9,3
2020-08-31,US,Illinois,Calhoun,26,0,0,39.16840183,-90.66330078,17013.0,548.638953365689,0.0,26,26,0,0,26,26,4802,0,0,0,0,0
2020-08-31,US,Illinois,Carroll,134,4,0,42.06823429,-89.93395545,17015.0,936.7354072002797,2.985074626865672,130,133,4,0,129,132,14312,1,0,0,1,1
2020-08-31,US,Illinois,Cass,299,11,0,39.96991073,-90.24734436,17017.0,2461.513130814193,3.6789297658862883,288,297,11,0,286,298,12260,2,0,0,2,-1
2020-08-31,US,Illinois,Champaign,2462,20,0,40.13919438,-88.20046615,17019.0,1174.1197678466679,0.8123476848090982,2442,2423,20,0,2403,2368,209983,39,0,0,39,55
2020-08-31,US,Illinois,Christian,232,4,0,39.54581621,-89.27780482,17021.0,718.1773155027241,1.7241379310344829,228,231,4,0,227,230,32661,1,0,0,1,1
2020-08-31,US,Illinois,Clark,116,2,0,39.33425789,-87.78705622,17023.0,751.2466809144487,1.7241379310344829,114,116,2,0,114,116,15596,0,0,0,0,0
2020-08-31,US,Illinois,Clay,80,0,0,38.75388572,-88.48914513,17025.0,606.7961165048544,0.0,80,78,0,0,78,74,13253,2,0,0,2,4
2020-08-31,US,Illinois,Clinton,715,17,0,38.60704876,-89.42385254,17027.0,1903.519514402854,2.377622377622377,698,692,17,0,675,691,37639,23,0,0,23,1
2020-08-31,US,Illinois,Coles,974,21,0,39.51949084,-88.22358557,17029.0,1924.102645147271,2.1560574948665296,953,952,21,0,931,937,50885,22,0,0,22,15
2020-08-31,US,Illinois,Cook,126577,5058,0,41.84144849,-87.81658794,17031.0,2457.6946324564346,3.995986632642581,121519,126003,5054,0,120949,125124,5180493,574,4,0,570,879
2020-08-31,US,Illinois,Crawford,78,0,0,39.0032229,-87.75954624,17033.0,417.8496812556919,0.0,78,77,0,0,77,77,18807,1,0,0,1,0
2020-08-31,US,Illinois,Cumberland,140,3,0,39.27432424,-88.2401158,17035.0,1300.3901170351105,2.142857142857143,137,137,3,0,134,133,10808,3,0,0,3,4
2020-08-31,US,Illinois,De Witt,43,1,0,40.17514519,-88.90959682,17039.0,274.97122394168053,2.3255813953488373,42,42,1,0,41,41,15769,1,0,0,1,1
2020-08-31,US,Illinois,DeKalb,1110,35,0,41.89373302,-88.76958483,17037.0,1058.1808821987283,3.1531531531531534,1075,1103,35,0,1068,1092,104143,7,0,0,7,11
2020-08-31,US,Illinois,Douglas,222,5,0,39.76768052,-88.21854195,17041.0,1140.5086051888004,2.2522522522522523,217,217,5,0,212,211,19479,5,0,0,5,6
2020-08-31,US,Illinois,DuPage,14615,533,0,41.85116968,-88.08642662,17043.0,1583.5591562008015,3.6469380773178237,14082,14493,533,0,13960,14398,928589,122,0,0,122,95
2020-08-31,US,Illinois,Edgar,83,0,0,39.6809186,-87.74759563,17045.0,483.65479867140607,0.0,83,83,0,0,83,81,17360,0,0,0,0,2
2020-08-31,US,Illinois,Edwards,39,0,0,38.41353228,-88.05720863,17047.0,609.8514464425333,0.0,39,39,0,0,39,38,6392,0,0,0,0,1
2020-08-31,US,Illinois,Effingham,535,1,0,39.05935711,-88.58969584,17049.0,1573.1592566454956,0.18691588785046728,534,523,1,0,522,506,34208,12,0,0,12,17
2020-08-31,US,Illinois,Fayette,169,3,0,39.00072038,-89.02452658,17051.0,792.0884889388826,1.7751479289940828,166,165,3,0,162,163,21416,4,0,0,4,2
2020-08-31,US,Illinois,Ford,70,2,0,40.59706922,-88.22350769,17053.0,540.0817838129774,2.8571428571428568,68,70,2,0,68,71,13264,0,0,0,0,-1
2020-08-31,US,Illinois,Franklin,343,1,0,37.99189086,-88.92567818,17055.0,891.6270243572746,0.2915451895043732,342,337,1,0,336,335,38701,6,0,0,6,2
2020-08-31,US,Illinois,Fulton,86,0,0,40.47289135,-90.20862357,17057.0,250.43680838672103,0.0,86,84,0,0,84,80,34844,2,0,0,2,4
2020-08-31,US,Illinois,Gallatin,63,2,0,37.76430935,-88.22953869,17059.0,1304.8881524440762,3.1746031746031744,61,62,2,0,60,62,5058,1,0,0,1,0
2020-08-31,US,Illinois,Greene,115,1,0,39.35907414,-90.388865,17061.0,886.729894363482,0.8695652173913043,114,105,1,0,104,103,13044,10,0,0,10,2
2020-08-31,US,Illinois,Grundy,481,5,0,41.28569601,-88.41905692,17063.0,942.139695224664,1.0395010395010396,476,474,5,0,469,471,50972,7,0,0,7,3
2020-08-31,US,Illinois,Hamilton,45,0,0,38.08163641,-88.53883373,17065.0,554.4603252833908,0.0,45,45,0,0,45,45,8163,0,0,0,0,0
2020-08-31,US,Illinois,Hancock,138,2,0,40.40423981,-91.16313899,17067.0,779.3087869889314,1.4492753623188406,136,136,2,0,134,132,17844,2,0,0,2,4
2020-08-31,US,Illinois,Hardin,18,0,0,37.51810645,-88.26873022,17069.0,471.08086888249153,0.0,18,18,0,0,18,18,3910,0,0,0,0,0
2020-08-31,US,Illinois,Henderson,45,0,0,40.81908672,-90.92491462,17071.0,677.0990069214565,0.0,45,44,0,0,44,44,6709,1,0,0,1,0
2020-08-31,US,Illinois,Henry,465,1,0,41.3533994,-90.13296166,17073.0,950.6675117044548,0.21505376344086025,464,460,1,0,459,454,49090,5,0,0,5,6
2020-08-31,US,Illinois,Iroquois,298,19,0,40.74717633,-87.82466784,17075.0,1099.063214575496,6.375838926174498,279,296,19,0,277,294,27604,2,0,0,2,2
2020-08-31,US,Illinois,Jackson,929,21,0,37.78595185,-89.38232563,17077.0,1637.0044052863434,2.2604951560818085,908,915,21,0,894,909,57419,14,0,0,14,6
2020-08-31,US,Illinois,Jasper,129,7,0,39.01054275,-88.15437049,17079.0,1342.3517169614986,5.426356589147288,122,124,7,0,117,124,9611,5,0,0,5,0
2020-08-31,US,Illinois,Jefferson,457,34,0,38.29980057,-88.9240025,17081.0,1212.716272157945,7.439824945295403,423,455,34,0,421,447,37820,2,0,0,2,8
2020-08-31,US,Illinois,Jersey,276,6,0,39.08869046,-90.35393073,17083.0,1267.625040187388,2.1739130434782608,270,275,6,0,269,275,21847,1,0,0,1,0
2020-08-31,US,Illinois,Jo Daviess,176,2,0,42.36542373,-90.21094405,17085.0,828.8203437720745,1.1363636363636365,174,173,2,0,171,173,21366,3,0,0,3,0
2020-08-31,US,Illinois,Johnson,116,0,0,37.45939802,-88.88165419,17087.0,934.2031086413788,0.0,116,115,0,0,115,113,12456,1,0,0,1,2
2020-08-31,US,Illinois,Kane,11204,312,0,41.93842729,-88.42861412,17089.0,2104.420899206053,2.7847197429489468,10892,11155,312,0,10843,11099,534216,49,0,0,49,56
2020-08-31,US,Illinois,Kankakee,2237,71,0,41.13746989,-87.86205334,17091.0,2036.19085762138,3.1738936075100583,2166,2216,71,0,2145,2168,110024,21,0,0,21,48
2020-08-31,US,Illinois,Kendall,1653,23,0,41.59081014,-88.42869583,17093.0,1281.4946895108149,1.3914095583787054,1630,1644,23,0,1621,1638,127915,9,0,0,9,6
2020-08-31,US,Illinois,Knox,458,3,0,40.93148779,-90.21330340000002,17095.0,921.5477172578923,0.6550218340611353,455,449,3,0,446,441,50112,9,0,0,9,8
2020-08-31,US,Illinois,LaSalle,1256,45,0,41.34426129999999,-88.88633881,17099.0,1155.8034029944142,3.582802547770701,1211,1237,45,0,1192,1219,109430,19,0,0,19,18
2020-08-31,US,Illinois,Lake,14594,466,0,42.3224907,-88.00367925,17097.0,2095.2285240511965,3.193093051939153,14128,14522,465,0,14057,14455,700832,72,1,0,71,67
2020-08-31,US,Illinois,Lawrence,137,0,0,38.71987914,-87.72884035,17101.0,873.8359484628141,0.0,137,135,0,0,135,111,15765,2,0,0,2,24
2020-08-31,US,Illinois,Lee,244,1,0,41.74583951,-89.29977132,17103.0,715.6264664476771,0.4098360655737705,243,241,1,0,240,238,34223,3,0,0,3,3
2020-08-31,US,Illinois,Livingston,193,4,0,40.89188292,-88.55784752,17105.0,541.4048473967683,2.0725388601036268,189,189,4,0,185,181,35761,4,0,0,4,8
2020-08-31,US,Illinois,Logan,263,1,0,40.12581572,-89.36638784,17107.0,919.0020266964847,0.3802281368821293,262,260,1,0,259,259,28925,3,0,0,3,1
2020-08-31,US,Illinois,Macon,942,26,0,39.86064913,-88.96342505,17115.0,905.6908536761242,2.760084925690021,916,936,26,0,910,925,104712,6,0,0,6,11
2020-08-31,US,Illinois,Macoupin,349,3,0,39.26119767,-89.92424028,17117.0,776.833014290166,0.8595988538681948,346,345,3,0,342,345,45313,4,0,0,4,0
2020-08-31,US,Illinois,Madison,4040,98,0,38.83042506,-89.90422563,17119.0,1536.3202847516407,2.4257425742574257,3942,3982,98,0,3884,3956,264461,58,0,0,58,26
2020-08-31,US,Illinois,Marion,272,0,0,38.64963204,-88.91899208,17121.0,731.084531648972,0.0,272,266,0,0,266,263,37620,6,0,0,6,3
2020-08-31,US,Illinois,Marshall,51,0,0,41.0327901,-89.34510444,17123.0,445.88214722853655,0.0,51,46,0,0,46,46,11534,5,0,0,5,0
2020-08-31,US,Illinois,Mason,86,1,0,40.23917274,-89.91824452,17125.0,643.7607605359683,1.162790697674419,85,84,1,0,83,81,13565,2,0,0,2,3
2020-08-31,US,Illinois,Massac,65,1,0,37.22078441,-88.71036614,17127.0,471.9721173395295,1.5384615384615383,64,65,1,0,64,65,14080,0,0,0,0,0
2020-08-31,US,Illinois,McDonough,203,15,0,40.45674722,-90.67775541,17109.0,683.9161781551109,7.389162561576356,188,196,15,0,181,194,29955,7,0,0,7,2
2020-08-31,US,Illinois,McHenry,3855,115,0,42.32451172,-88.45248227,17111.0,1252.5424499795304,2.9831387808041505,3740,3834,115,0,3719,3793,308570,21,0,0,21,41
2020-08-31,US,Illinois,McLean,1788,16,0,40.48996987,-88.84621113,17113.0,1042.4622632158912,0.8948545861297539,1772,1674,16,0,1658,1474,172828,114,0,0,114,200
2020-08-31,US,Illinois,Menard,70,0,0,40.02742725,-89.80246001,17129.0,573.9586749754018,0.0,70,68,0,0,68,68,12288,2,0,0,2,0
2020-08-31,US,Illinois,Mercer,100,4,0,41.20596782,-90.74290052,17131.0,647.7942605428516,4.0,96,99,4,0,95,98,15601,1,0,0,1,1
2020-08-31,US,Illinois,Monroe,454,14,0,38.27594376,-90.17761038,17133.0,1310.7370730721482,3.0837004405286343,440,448,14,0,434,444,34335,6,0,0,6,4
2020-08-31,US,Illinois,Montgomery,252,8,0,39.23198845,-89.47809254,17135.0,886.8867459702964,3.1746031746031744,244,248,8,0,240,246,28601,4,0,0,4,2
2020-08-31,US,Illinois,Morgan,481,18,0,39.71654544,-90.20255104,17137.0,1429.080753461287,3.7422037422037424,463,481,18,0,463,481,33976,0,0,0,0,0
2020-08-31,US,Illinois,Moultrie,161,1,0,39.64187451,-88.62099969,17139.0,1110.2682573615614,0.6211180124223602,160,156,1,0,155,155,14717,5,0,0,5,1
2020-08-31,US,Illinois,Ogle,476,5,0,42.04165196,-89.32184679,17141.0,939.9127223900638,1.050420168067227,471,473,5,0,468,471,50923,3,0,0,3,2
2020-08-31,US,Illinois,Out of IL,2,0,0,0.0,0.0,80017.0,0.0,0.0,2,2,0,0,2,2,,0,0,0,0,0
2020-08-31,US,Illinois,Peoria,2406,40,0,40.78702156,-89.76078901,17143.0,1342.791286925365,1.662510390689942,2366,2382,40,0,2342,2325,180621,24,0,0,24,57
2020-08-31,US,Illinois,Perry,291,9,0,38.08510853,-89.36856219,17145.0,1391.2794033275961,3.0927835051546397,282,287,8,0,279,288,21174,4,1,0,3,-1
2020-08-31,US,Illinois,Piatt,79,0,0,40.01360584,-88.59319339,17147.0,483.35780714635337,0.0,79,78,0,0,78,78,16396,1,0,0,1,0
2020-08-31,US,Illinois,Pike,72,0,0,39.62265059,-90.8877017,17149.0,462.69519953730486,0.0,72,71,0,0,71,68,15611,1,0,0,1,3
2020-08-31,US,Illinois,Pope,19,1,0,37.41391284,-88.56152109,17151.0,454.87191764424233,5.2631578947368425,18,19,1,0,18,18,4212,0,0,0,0,1
2020-08-31,US,Illinois,Pulaski,121,1,0,37.22631423,-89.13085001,17153.0,2268.041237113402,0.8264462809917356,120,121,1,0,120,121,5463,0,0,0,0,0
2020-08-31,US,Illinois,Putnam,20,0,0,41.2013541,-89.2869272,17155.0,348.4927687750479,0.0,20,19,0,0,19,17,5740,1,0,0,1,2
2020-08-31,US,Illinois,Randolph,739,7,0,38.05095369,-89.82512254,17157.0,2325.2155308035994,0.9472259810554804,732,730,7,0,723,725,32106,9,0,0,9,5
2020-08-31,US,Illinois,Richland,63,3,0,38.71240969,-88.08475366,17159.0,406.11100367433767,4.761904761904762,60,62,3,0,59,62,15763,1,0,0,1,0
2020-08-31,US,Illinois,Rock Island,2212,54,0,41.46613806,-90.57042164,17161.0,1559.0749864321006,2.4412296564195297,2158,2189,54,0,2135,2164,143477,23,0,0,23,25
2020-08-31,US,Illinois,Saline,164,3,0,37.75332999,-88.54119706,17165.0,698.1397130816057,1.8292682926829267,161,162,3,0,159,163,23906,2,0,0,2,-1
2020-08-31,US,Illinois,Sangamon,1784,37,0,39.75836914,-89.65872023,17167.0,916.4132489520834,2.0739910313901344,1747,1751,37,0,1714,1744,195348,33,0,0,33,7
2020-08-31,US,Illinois,Schuyler,21,0,0,40.157179799999994,-90.61114163,17169.0,310.28368794326235,0.0,21,21,0,0,21,19,6907,0,0,0,0,2
2020-08-31,US,Illinois,Scott,46,0,0,39.642916899999996,-90.47814431,17171.0,929.1052312664107,0.0,46,45,0,0,45,45,4926,1,0,0,1,0
2020-08-31,US,Illinois,Shelby,201,3,0,39.39133527,-88.80611122,17173.0,929.0930942035684,1.492537313432836,198,194,3,0,191,192,21741,7,0,0,7,2
2020-08-31,US,Illinois,St. Clair,5264,170,0,38.46996033,-89.93063427,17163.0,2027.063453555448,3.229483282674772,5094,5244,170,0,5074,5227,261059,20,0,0,20,17
2020-08-31,US,Illinois,Stark,24,0,0,41.09309773,-89.79745866,17175.0,449.2699363534257,0.0,24,22,0,0,22,21,5427,2,0,0,2,1
2020-08-31,US,Illinois,Stephenson,380,6,0,42.35129217,-89.662598,17177.0,853.9709649871904,1.5789473684210529,374,378,6,0,372,376,44753,2,0,0,2,2
2020-08-31,US,Illinois,Tazewell,1089,9,0,40.50716185,-89.51404662,17179.0,826.2330902938478,0.8264462809917356,1080,1068,9,0,1059,1045,132328,21,0,0,21,23
2020-08-31,US,Illinois,Unassigned,1762,209,0,0.0,0.0,90017.0,0.0,11.861520998864926,1553,1783,209,0,1574,1777,,-21,0,0,-21,6
2020-08-31,US,Illinois,Union,426,24,0,37.47119609,-89.25548938,17181.0,2558.097640064853,5.633802816901407,402,424,24,0,400,422,16841,2,0,0,2,2
2020-08-31,US,Illinois,Vermilion,341,3,0,40.18417171,-87.73384359,17183.0,450.1174793421157,0.8797653958944281,338,329,3,0,326,327,76806,12,0,0,12,2
2020-08-31,US,Illinois,Wabash,108,1,0,38.44272901,-87.84922065,17185.0,937.5,0.925925925925926,107,106,1,0,105,105,11549,2,0,0,2,1
2020-08-31,US,Illinois,Warren,258,1,0,40.84925021,-90.6147432,17187.0,1531.7026834481119,0.3875968992248062,257,255,1,0,254,250,17032,3,0,0,3,5
2020-08-31,US,Illinois,Washington,114,1,0,38.35309213,-89.40982703,17189.0,820.9116439835817,0.8771929824561403,113,111,1,0,110,111,13995,3,0,0,3,0
2020-08-31,US,Illinois,Wayne,111,2,0,38.42955355,-88.42586459,17191.0,684.5513413506013,1.8018018018018016,109,101,2,0,99,96,16332,10,0,0,10,5
2020-08-31,US,Illinois,White,123,0,0,38.08706198,-88.17657461,17193.0,908.6208170200192,0.0,123,121,0,0,121,119,13665,2,0,0,2,2
2020-08-31,US,Illinois,Whiteside,507,19,0,41.75509713,-89.91556058,17195.0,918.8944268237427,3.7475345167652865,488,503,19,0,484,501,55626,4,0,0,4,2
2020-08-31,US,Illinois,Will,11546,359,0,41.44619267,-87.97862712,17197.0,1671.5334067808142,3.1093019227438075,11187,11447,359,0,11088,11371,692310,99,0,0,99,76
2020-08-31,US,Illinois,Williamson,908,12,0,37.73033511,-88.92994027,17199.0,1363.4247788939442,1.3215859030837005,896,879,12,0,867,860,67056,29,0,0,29,19
2020-08-31,US,Illinois,Winnebago,4248,146,0,42.33641854,-89.16085327,17201.0,1503.3336636326314,3.436911487758945,4102,4218,146,0,4072,4187,284081,30,0,0,30,31
2020-08-31,US,Illinois,Woodford,278,3,0,40.78579374,-89.20973757,17203.0,722.8477079487246,1.0791366906474822,275,273,3,0,270,269,38463,5,0,0,5,4
2020-08-31,US,Indiana,Adams,188,2,0,40.7457653,-84.93671406,18001.0,525.4772619280543,1.0638297872340423,186,185,2,0,183,182,35636,3,0,0,3,3
2020-08-31,US,Indiana,Allen,4979,178,0,41.09194313,-85.06800636,18003.0,1312.684715751953,3.5750150632657163,4801,4953,177,0,4776,4906,375351,26,1,0,25,47
2020-08-31,US,Indiana,Bartholomew,1062,54,0,39.20744865,-85.89558181,18005.0,1267.6207641533078,5.084745762711863,1008,1050,54,0,996,1048,82753,12,0,0,12,2
2020-08-31,US,Indiana,Benton,80,0,0,40.60626947,-87.31093999,18007.0,914.4947416552354,0.0,80,79,0,0,79,78,8653,1,0,0,1,1
2020-08-31,US,Indiana,Blackford,74,2,0,40.47388153,-85.32499702,18009.0,629.3587344786529,2.702702702702702,72,73,2,0,71,71,11930,1,0,0,1,2
2020-08-31,US,Indiana,Boone,843,46,0,40.0509304,-86.46841646,18011.0,1242.574768214849,5.456702253855278,797,833,46,0,787,827,66999,10,0,0,10,6
2020-08-31,US,Indiana,Brown,89,2,0,39.19605589,-86.22868909,18013.0,589.7164060429368,2.247191011235955,87,89,2,0,87,88,15234,0,0,0,0,1
2020-08-31,US,Indiana,Carroll,255,13,0,40.580783200000006,-86.56198812,18015.0,1258.8241101841338,5.098039215686273,242,255,13,0,242,253,20127,0,0,0,0,2
2020-08-31,US,Indiana,Cass,1872,9,0,40.76135835,-86.34830753,18017.0,4966.966488895964,0.4807692307692308,1863,1869,9,0,1860,1861,37955,3,0,0,3,8
2020-08-31,US,Indiana,Clark,1758,51,0,38.48015445,-85.70510334,18019.0,1486.027286098291,2.901023890784983,1707,1732,51,0,1681,1710,117360,26,0,0,26,22
2020-08-31,US,Indiana,Clay,229,5,0,39.39561833,-87.11723506,18021.0,873.212583412774,2.183406113537118,224,227,5,0,222,224,26170,2,0,0,2,3
2020-08-31,US,Indiana,Clinton,551,9,0,40.30319754,-86.47277257,18023.0,1700.6697737584493,1.6333938294010892,542,545,9,0,536,543,32250,6,0,0,6,2
2020-08-31,US,Indiana,Crawford,64,0,0,38.28814402,-86.44518825,18025.0,605.0865084617567,0.0,64,62,0,0,62,60,10558,2,0,0,2,2
2020-08-31,US,Indiana,Daviess,495,23,0,38.70186039,-87.07185406,18027.0,1484.2133669155344,4.646464646464646,472,480,23,0,457,475,33147,15,0,0,15,5
2020-08-31,US,Indiana,DeKalb,343,7,0,41.39804622,-84.99906934,18033.0,788.9591719378952,2.0408163265306123,336,331,7,0,324,325,43226,12,0,0,12,6
2020-08-31,US,Indiana,Dearborn,574,28,0,39.14647946,-84.97333539,18029.0,1160.5806947308827,4.878048780487805,546,571,28,0,543,569,49568,3,0,0,3,2
2020-08-31,US,Indiana,Decatur,399,35,0,39.30712658,-85.50087166,18031.0,1502.3155992318991,8.771929824561402,364,398,35,0,363,394,26794,1,0,0,1,4
2020-08-31,US,Indiana,Delaware,1175,57,0,40.22787247,-85.39732772,18035.0,1029.4826302186011,4.8510638297872335,1118,1140,56,0,1084,1077,114772,35,1,0,34,63
2020-08-31,US,Indiana,Dubois,839,17,0,38.36597551,-86.87924170000002,18037.0,1963.2160239610632,2.026221692491061,822,837,17,0,820,831,42565,2,0,0,2,6
2020-08-31,US,Indiana,Elkhart,5602,98,0,41.59761169,-85.85875695,18039.0,2714.923355028812,1.7493752231345947,5504,5577,98,0,5479,5554,205560,25,0,0,25,23
2020-08-31,US,Indiana,Fayette,326,8,0,39.63684962,-85.17797541,18041.0,1411.13323521773,2.4539877300613497,318,322,8,0,314,309,23047,4,0,0,4,13
2020-08-31,US,Indiana,Floyd,1078,54,0,38.32117957,-85.90385377,18043.0,1372.8636560454395,5.009276437847866,1024,1071,54,0,1017,1065,77781,7,0,0,7,6
2020-08-31,US,Indiana,Fountain,94,2,0,40.12361933,-87.24217689,18045.0,575.0642358986909,2.127659574468085,92,93,2,0,91,91,16351,1,0,0,1,2
2020-08-31,US,Indiana,Franklin,274,25,0,39.4142482,-85.06062647,18047.0,1203.9722295456545,9.124087591240876,249,273,25,0,248,273,22736,1,0,0,1,0
2020-08-31,US,Indiana,Fulton,205,2,0,41.0469907,-86.26252745,18049.0,1026.3342345048563,0.975609756097561,203,205,2,0,203,201,20092,0,0,0,0,4
2020-08-31,US,Indiana,Gibson,317,4,0,38.30393723,-87.58054938,18051.0,941.7986274102024,1.2618296529968454,313,313,4,0,309,311,33452,4,0,0,4,2
2020-08-31,US,Indiana,Grant,660,30,0,40.51587228,-85.65468702,18053.0,1003.5122930255897,4.545454545454546,630,649,30,0,619,638,65936,11,0,0,11,11
2020-08-31,US,Indiana,Greene,371,35,0,39.03630547,-86.96223202,18055.0,1162.2078817116721,9.433962264150944,336,366,35,0,331,359,32006,5,0,0,5,7
2020-08-31,US,Indiana,Hamilton,3914,107,0,40.07306535,-86.05244729,18057.0,1157.9504809015089,2.7337761880429228,3807,3852,107,0,3745,3811,330086,62,0,0,62,41
2020-08-31,US,Indiana,Hancock,823,41,0,39.82304555,-85.77566351,18059.0,1052.86050557773,4.981773997569866,782,818,41,0,777,812,76351,5,0,0,5,6
2020-08-31,US,Indiana,Harrison,485,24,0,38.19467379,-86.10948271,18061.0,1197.0874984573616,4.948453608247423,461,477,24,0,453,472,40350,8,0,0,8,5
2020-08-31,US,Indiana,Hendricks,2329,111,0,39.76719009,-86.51037283,18063.0,1367.4982825536813,4.765993988836411,2218,2304,111,0,2193,2285,167009,25,0,0,25,19
2020-08-31,US,Indiana,Henry,608,21,0,39.93029017,-85.39625719,18065.0,1267.4059868256486,3.4539473684210527,587,602,21,0,581,591,48271,6,0,0,6,11
2020-08-31,US,Indiana,Howard,1079,62,0,40.48527731,-86.11351892,18067.0,1307.1816243458036,5.746061167747913,1017,1067,62,0,1005,1056,82366,12,0,0,12,11
2020-08-31,US,Indiana,Huntington,170,3,0,40.82907273,-85.48822092,18069.0,465.4983570646221,1.7647058823529411,167,163,3,0,160,159,36240,7,0,0,7,4
2020-08-31,US,Indiana,Jackson,699,9,0,38.90915820000001,-86.03851889,18071.0,1580.3395808369696,1.2875536480686696,690,696,8,0,688,688,44111,3,1,0,2,8
2020-08-31,US,Indiana,Jasper,323,2,0,41.02078733,-87.11553319,18073.0,962.3979500625708,0.6191950464396285,321,320,2,0,318,318,33370,3,0,0,3,2
2020-08-31,US,Indiana,Jay,129,0,0,40.43781032,-85.00576229,18075.0,631.238990017616,0.0,129,128,0,0,128,127,20764,1,0,0,1,1
2020-08-31,US,Indiana,Jefferson,207,3,0,38.78576239,-85.43633383,18077.0,640.7081837315835,1.4492753623188406,204,205,3,0,202,205,32208,2,0,0,2,0
2020-08-31,US,Indiana,Jennings,269,12,0,38.99588883,-85.62710784,18079.0,969.8936361997477,4.4609665427509295,257,267,12,0,255,264,27611,2,0,0,2,3
2020-08-31,US,Indiana,Johnson,2034,121,0,39.48994426,-86.10149107,18081.0,1285.9825374445998,5.948869223205508,1913,2024,121,0,1903,2012,156225,10,0,0,10,12
2020-08-31,US,Indiana,Knox,345,3,0,38.68861576,-87.4194665,18083.0,942.777504508936,0.8695652173913043,342,339,3,0,336,332,36895,6,0,0,6,7
2020-08-31,US,Indiana,Kosciusko,1029,16,0,41.24521668,-85.86312322,18085.0,1295.0563834071688,1.554907677356657,1013,1024,16,0,1008,1019,79344,5,0,0,5,5
2020-08-31,US,Indiana,LaGrange,600,11,0,41.64232188,-85.42674232,18087.0,1514.616044832635,1.8333333333333333,589,599,11,0,588,596,39330,1,0,0,1,3
2020-08-31,US,Indiana,LaPorte,1185,31,0,41.54366008,-86.74072188,18091.0,1078.3707047175303,2.6160337552742616,1154,1173,31,0,1142,1170,110007,12,0,0,12,3
2020-08-31,US,Indiana,Lake,9143,296,0,41.41874274,-87.38277575,18089.0,1883.2403350820712,3.2374494148528927,8847,9075,296,0,8779,9024,484411,68,0,0,68,51
2020-08-31,US,Indiana,Lawrence,454,27,0,38.84112637,-86.48361629,18093.0,1000.6612298875908,5.9471365638766525,427,451,27,0,424,444,45668,3,0,0,3,7
2020-08-31,US,Indiana,Madison,1297,69,0,40.16143691,-85.71964711,18095.0,1001.0110443084379,5.319969159599076,1228,1279,69,0,1210,1270,129641,18,0,0,18,9
2020-08-31,US,Indiana,Marion,18466,748,0,39.78163624,-86.13826325,18097.0,1914.404374122677,4.050687750460305,17718,18335,748,0,17587,18212,954670,131,0,0,131,123
2020-08-31,US,Indiana,Marshall,895,23,0,41.32467367,-86.26185087,18099.0,1934.800466946258,2.569832402234637,872,888,23,0,865,884,46248,7,0,0,7,4
2020-08-31,US,Indiana,Martin,117,0,0,38.7099921,-86.80373186,18101.0,1140.9068746952705,0.0,117,108,0,0,108,102,10217,9,0,0,9,6
2020-08-31,US,Indiana,Miami,318,2,0,40.76940965,-86.04525048,18103.0,895.3711003491384,0.6289308176100629,316,316,2,0,314,314,35567,2,0,0,2,2
2020-08-31,US,Indiana,Monroe,1150,36,0,39.16130004,-86.52414358,18105.0,774.7707689094597,3.1304347826086962,1114,1093,36,0,1057,1055,146917,57,0,0,57,38
2020-08-31,US,Indiana,Montgomery,425,21,0,40.04034823,-86.89335024,18107.0,1108.560696958631,4.941176470588236,404,423,21,0,402,418,38346,2,0,0,2,5
2020-08-31,US,Indiana,Morgan,595,35,0,39.47899078,-86.44573375,18109.0,844.1033352721703,5.882352941176472,560,587,35,0,552,581,70116,8,0,0,8,6
2020-08-31,US,Indiana,Newton,145,10,0,40.95610449,-87.39635768,18111.0,1036.8993135011442,6.896551724137932,135,143,10,0,133,142,14011,2,0,0,2,1
2020-08-31,US,Indiana,Noble,804,31,0,41.39672484,-85.41966713,18113.0,1683.9812332439678,3.855721393034826,773,801,30,0,771,798,47532,3,1,0,2,3
2020-08-31,US,Indiana,Ohio,73,7,0,38.955304999999996,-84.96515993,18115.0,1242.5531914893618,9.58904109589041,66,73,7,0,66,72,5844,0,0,0,0,1
2020-08-31,US,Indiana,Orange,240,24,0,38.54118920000001,-86.49523093,18117.0,1221.6227221826325,10.0,216,237,24,0,213,237,19489,3,0,0,3,0
2020-08-31,US,Indiana,Owen,142,1,0,39.31145587,-86.83900724,18119.0,682.7251310159143,0.7042253521126759,141,140,1,0,139,140,20845,2,0,0,2,0
2020-08-31,US,Indiana,Parke,79,2,0,39.77202286,-87.20375833,18121.0,466.43443348881135,2.5316455696202533,77,80,2,0,78,79,16927,-1,0,0,-1,1
2020-08-31,US,Indiana,Perry,196,13,0,38.07809328,-86.63741946,18123.0,1022.4842193124316,6.632653061224491,183,196,13,0,183,196,19102,0,0,0,0,0
2020-08-31,US,Indiana,Pike,101,1,0,38.40112197,-87.23574907,18125.0,815.2393252078458,0.99009900990099,100,99,1,0,98,96,12410,2,0,0,2,3
2020-08-31,US,Indiana,Porter,1719,41,0,41.45986947,-87.06848888,18127.0,1008.8679433531507,2.385107620709715,1678,1704,41,0,1663,1692,169594,15,0,0,15,12
2020-08-31,US,Indiana,Posey,214,0,0,38.02097333,-87.86480429,18129.0,841.6250442443072,0.0,214,212,0,0,212,210,25540,2,0,0,2,2
2020-08-31,US,Indiana,Pulaski,100,1,0,41.04166107,-86.69890683,18131.0,809.5199546668823,1.0,99,99,1,0,98,98,12469,1,0,0,1,1
2020-08-31,US,Indiana,Putnam,433,8,0,39.66437981,-86.84517605,18133.0,1152.331275282095,1.8475750577367205,425,432,8,0,424,429,37779,1,0,0,1,3
2020-08-31,US,Indiana,Randolph,172,7,0,40.15734772,-85.01139319,18135.0,697.3444151631868,4.069767441860465,165,166,7,0,159,161,24851,6,0,0,6,5
2020-08-31,US,Indiana,Ripley,245,8,0,39.10235626,-85.26212744,18137.0,864.9908205055783,3.26530612244898,237,244,8,0,236,243,28523,1,0,0,1,1
2020-08-31,US,Indiana,Rush,133,4,0,39.62002287,-85.4655599,18139.0,802.1229117664798,3.0075187969924815,129,132,4,0,128,131,16663,1,0,0,1,1
2020-08-31,US,Indiana,Scott,315,10,0,38.68672078,-85.74627859,18143.0,1319.482260294056,3.1746031746031744,305,312,10,0,302,309,23878,3,0,0,3,3
2020-08-31,US,Indiana,Shelby,619,28,0,39.52305623,-85.79158570000001,18145.0,1383.88964653804,4.523424878836834,591,618,28,0,590,616,44593,1,0,0,1,2
2020-08-31,US,Indiana,Spencer,158,3,0,38.01519732,-87.0079644,18147.0,779.2079696207526,1.8987341772151896,155,158,3,0,155,155,20327,0,0,0,0,3
2020-08-31,US,Indiana,St. Joseph,5151,92,0,41.61756781,-86.29040834,18141.0,1894.9622184779969,1.7860609590370802,5059,5100,92,0,5008,5027,270771,51,0,0,51,73
2020-08-31,US,Indiana,Starke,210,7,0,41.27890281,-86.64686895,18149.0,913.2420091324201,3.333333333333333,203,209,7,0,202,207,22935,1,0,0,1,2
2020-08-31,US,Indiana,Steuben,279,4,0,41.64423868,-85.00101094,18151.0,806.4982366884433,1.4336917562724014,275,271,4,0,267,270,34586,8,0,0,8,1
2020-08-31,US,Indiana,Sullivan,290,8,0,39.08952258,-87.41414469,18153.0,1403.0673956166245,2.7586206896551726,282,289,8,0,281,287,20690,1,0,0,1,2
2020-08-31,US,Indiana,Switzerland,64,0,0,38.82767338,-85.03022429,18155.0,595.2934610733885,0.0,64,64,0,0,64,64,10717,0,0,0,0,0
2020-08-31,US,Indiana,Tippecanoe,1584,13,0,40.38872739,-86.89413959,18157.0,809.2698179142909,0.8207070707070707,1571,1570,13,0,1557,1554,193048,14,0,0,14,16
2020-08-31,US,Indiana,Tipton,187,19,0,40.31123252,-86.05234925,18159.0,1234.486400844996,10.16042780748663,168,185,19,0,166,185,15128,2,0,0,2,0
2020-08-31,US,Indiana,Unassigned,0,219,0,0.0,0.0,90018.0,0.0,0.0,-219,0,219,0,-219,0,,0,0,0,0,0
2020-08-31,US,Indiana,Union,63,0,0,39.62550777,-84.92497066,18161.0,893.1102920328891,0.0,63,62,0,0,62,62,7037,1,0,0,1,0
2020-08-31,US,Indiana,Vanderburgh,2588,19,0,38.02658833,-87.58763124,18163.0,1426.2803732137052,0.7341576506955177,2569,2560,19,0,2541,2528,180974,28,0,0,28,32
2020-08-31,US,Indiana,Vermillion,94,0,0,39.8523352,-87.46160542,18165.0,606.5298748225578,0.0,94,94,0,0,94,93,15479,0,0,0,0,1
2020-08-31,US,Indiana,Vigo,1260,17,0,39.42944561,-87.39169027,18167.0,1177.1520394626207,1.3492063492063493,1243,1249,17,0,1232,1223,107386,11,0,0,11,26
2020-08-31,US,Indiana,Wabash,209,6,0,40.84704239,-85.79328272,18169.0,674.2805523293329,2.8708133971291865,203,206,5,0,201,202,31280,3,1,0,2,4
2020-08-31,US,Indiana,Warren,38,1,0,40.34728141,-87.35602659,18171.0,459.7701149425288,2.631578947368421,37,38,1,0,37,38,8263,0,0,0,0,0
2020-08-31,US,Indiana,Warrick,768,31,0,38.08922676,-87.2716085,18173.0,1219.0863202006412,4.036458333333333,737,763,31,0,732,751,62567,5,0,0,5,12
2020-08-31,US,Indiana,Washington,225,1,0,38.60219804,-86.1049363,18175.0,802.5395919532033,0.4444444444444444,224,218,1,0,217,214,27943,7,0,0,7,4
2020-08-31,US,Indiana,Wayne,550,10,0,39.863344399999995,-85.01044989,18177.0,834.8005585574648,1.818181818181818,540,539,10,0,529,529,65936,11,0,0,11,10
2020-08-31,US,Indiana,Wells,211,2,0,40.72934187,-85.22132966,18179.0,745.6884365281312,0.9478672985781992,209,209,2,0,207,207,28206,2,0,0,2,2
2020-08-31,US,Indiana,White,440,12,0,40.74911165,-86.86492015,18181.0,1825.5746411086216,2.727272727272727,428,439,12,0,427,437,24133,1,0,0,1,2
2020-08-31,US,Indiana,Whitley,213,6,0,41.13863784,-85.50791236,18183.0,627.1346131197739,2.8169014084507036,207,211,6,0,205,208,34074,2,0,0,2,3
2020-08-31,US,Iowa,Adair,49,1,0,41.33075609,-94.47105874,19001.0,685.1230425055927,2.0408163265306123,48,51,1,0,50,49,7063,-2,0,0,-2,2
2020-08-31,US,Iowa,Adams,22,0,0,41.02903567,-94.69932645,19003.0,610.7717934480844,0.0,22,22,0,0,22,20,3645,0,0,0,0,2
2020-08-31,US,Iowa,Allamakee,178,4,0,43.28383218,-91.37860922,19005.0,1300.504128004676,2.247191011235955,174,174,4,0,170,174,13832,4,0,0,4,0
2020-08-31,US,Iowa,Appanoose,85,3,0,40.74324454,-92.86865906,19007.0,684.0495734749718,3.5294117647058822,82,82,3,0,79,82,12437,3,0,0,3,0
2020-08-31,US,Iowa,Audubon,39,1,0,41.6844628,-94.90581859,19009.0,709.6069868995635,2.5641025641025643,38,41,1,0,40,41,5506,-2,0,0,-2,0
2020-08-31,US,Iowa,Benton,203,1,0,42.08011739,-92.06463573,19011.0,791.5773055176448,0.4926108374384237,202,200,1,0,199,200,25642,3,0,0,3,0
2020-08-31,US,Iowa,Black Hawk,3800,75,0,42.4704581,-92.30524729,19013.0,2895.723473648917,1.973684210526316,3725,3787,74,0,3713,3757,132408,13,1,0,12,30
2020-08-31,US,Iowa,Boone,345,4,0,42.03657094,-93.9313999,19015.0,1315.0872913013645,1.1594202898550725,341,344,4,0,340,343,26346,1,0,0,1,1
2020-08-31,US,Iowa,Bremer,330,7,0,42.77461496,-92.31795937,19017.0,1316.7344984438596,2.121212121212121,323,298,7,0,291,293,24947,32,0,0,32,5
2020-08-31,US,Iowa,Buchanan,175,1,0,42.4709188,-91.83510825,19019.0,826.4462809917355,0.5714285714285714,174,174,1,0,173,173,21199,1,0,0,1,1
2020-08-31,US,Iowa,Buena Vista,1826,12,0,42.73545875,-95.15100162,19021.0,9306.829765545364,0.6571741511500547,1814,1826,12,0,1814,1825,19874,0,0,0,0,1
2020-08-31,US,Iowa,Butler,208,2,0,42.73172833,-92.79015971,19023.0,1440.5429738901587,0.9615384615384616,206,201,2,0,199,197,14539,7,0,0,7,4
2020-08-31,US,Iowa,Calhoun,129,2,0,42.38521079,-94.64046046,19025.0,1334.2987174182872,1.5503875968992251,127,126,2,0,124,97,9699,3,0,0,3,29
2020-08-31,US,Iowa,Carroll,390,3,0,42.03617207,-94.86032705,19027.0,1934.0441358789983,0.7692307692307693,387,387,2,0,385,371,20154,3,1,0,2,16
2020-08-31,US,Iowa,Cass,112,2,0,41.33149454,-94.92792482,19029.0,872.5459644749143,1.7857142857142858,110,112,2,0,110,92,12930,0,0,0,0,20
2020-08-31,US,Iowa,Cedar,154,1,0,41.77233777,-91.13246684,19031.0,826.7568583239383,0.6493506493506493,153,154,1,0,153,151,18627,0,0,0,0,3
2020-08-31,US,Iowa,Cerro Gordo,830,20,0,43.08177563,-93.2612239,19033.0,1955.241460541814,2.409638554216868,810,822,20,0,802,816,42647,8,0,0,8,6
2020-08-31,US,Iowa,Cherokee,140,2,0,42.73538914,-95.62389402,19035.0,1246.1059190031153,1.4285714285714286,138,140,2,0,138,109,11321,0,0,0,0,31
2020-08-31,US,Iowa,Chickasaw,110,0,0,43.06001295,-92.31773347,19037.0,921.8134584764937,0.0,110,107,0,0,107,107,11964,3,0,0,3,0
2020-08-31,US,Iowa,Clarke,241,3,0,41.02868181,-93.78499767,19039.0,2565.194252261841,1.2448132780082988,238,239,3,0,236,236,9423,2,0,0,2,3
2020-08-31,US,Iowa,Clay,236,3,0,43.08247182,-95.15096481,19041.0,1473.5264735264734,1.2711864406779658,233,236,3,0,233,236,16134,0,0,0,0,0
2020-08-31,US,Iowa,Clayton,180,3,0,42.84443388,-91.34133693,19043.0,1025.699470055274,1.6666666666666667,177,179,3,0,176,179,17556,1,0,0,1,0
2020-08-31,US,Iowa,Clinton,835,10,0,41.89981633,-90.53275096,19045.0,1798.4449374313467,1.1976047904191616,825,821,10,0,811,805,46518,14,0,0,14,16
2020-08-31,US,Iowa,Crawford,836,3,0,42.03718237,-95.3819718,19047.0,4970.273483947682,0.3588516746411483,833,832,3,0,829,828,17158,4,0,0,4,4
2020-08-31,US,Iowa,Dallas,2379,39,0,41.68560356,-94.04127625,19049.0,2545.6646656608136,1.639344262295082,2340,2378,39,0,2339,2359,90180,1,0,0,1,19
2020-08-31,US,Iowa,Davis,83,2,0,40.74773536,-92.41005468,19051.0,922.2222222222224,2.409638554216868,81,81,2,0,79,69,9017,2,0,0,2,12
2020-08-31,US,Iowa,Decatur,44,0,0,40.73742757,-93.78645949,19053.0,559.0851334180433,0.0,44,44,0,0,44,43,7890,0,0,0,0,1
2020-08-31,US,Iowa,Delaware,217,3,0,42.47104597,-91.3664492,19055.0,1275.6451707718534,1.3824884792626728,214,212,3,0,209,209,17069,5,0,0,5,3
2020-08-31,US,Iowa,Des Moines,568,5,0,40.92012606,-91.18326592,19057.0,1457.6436471886468,0.8802816901408451,563,567,5,0,562,553,39138,1,0,0,1,14
2020-08-31,US,Iowa,Dickinson,424,6,0,43.37787725,-95.1510206,19059.0,2456.831614323792,1.4150943396226414,418,424,6,0,418,350,17153,0,0,0,0,74
2020-08-31,US,Iowa,Dubuque,2036,36,0,42.46815349,-90.88181925,19061.0,2092.2608954794423,1.7681728880157166,2000,2027,36,0,1991,2016,96854,9,0,0,9,11
2020-08-31,US,Iowa,Emmet,221,8,0,43.37782951,-94.67858943,19063.0,2400.086880973067,3.619909502262444,213,221,8,0,213,220,9253,0,0,0,0,1
2020-08-31,US,Iowa,Fayette,140,1,0,42.86271799,-91.84412309999999,19065.0,712.4681933842239,0.7142857142857143,139,138,1,0,137,137,19660,2,0,0,2,1
2020-08-31,US,Iowa,Floyd,215,3,0,43.06000529999999,-92.78940097,19067.0,1374.5045390615012,1.3953488372093024,212,215,3,0,212,213,15761,0,0,0,0,2
2020-08-31,US,Iowa,Franklin,295,17,0,42.73270384,-93.26256925,19069.0,2929.493545183714,5.7627118644067785,278,296,17,0,279,294,10124,-1,0,0,-1,2
2020-08-31,US,Iowa,Fremont,59,0,0,40.74542720000001,-95.60129045,19071.0,847.7011494252873,0.0,59,58,0,0,58,58,6993,1,0,0,1,0
2020-08-31,US,Iowa,Greene,53,0,0,42.03614551,-94.39658081,19073.0,596.3096309630962,0.0,53,54,0,0,54,54,8981,-1,0,0,-1,0
2020-08-31,US,Iowa,Grundy,129,1,0,42.40183723,-92.78829551,19075.0,1054.6108567691301,0.7751937984496124,128,128,1,0,127,126,12304,1,0,0,1,2
2020-08-31,US,Iowa,Guthrie,173,5,0,41.68378965,-94.50111014,19077.0,1618.486294321265,2.8901734104046244,168,173,5,0,168,170,10720,0,0,0,0,3
2020-08-31,US,Iowa,Hamilton,280,2,0,42.38382428,-93.70197703,19079.0,1895.349624314628,0.7142857142857143,278,279,2,0,277,279,14952,1,0,0,1,0
2020-08-31,US,Iowa,Hancock,157,2,0,43.08178477,-93.73454884,19081.0,1476.9520225776105,1.2738853503184713,155,154,2,0,152,121,10712,3,0,0,3,33
2020-08-31,US,Iowa,Hardin,230,1,0,42.38353877,-93.23654611,19083.0,1365.3092722307965,0.43478260869565216,229,230,1,0,229,227,16868,0,0,0,0,3
2020-08-31,US,Iowa,Harrison,147,1,0,41.68330137,-95.81558439,19085.0,1046.337817638266,0.6802721088435374,146,147,1,0,146,147,14134,0,0,0,0,0
2020-08-31,US,Iowa,Henry,284,4,0,40.98767962,-91.54436349,19087.0,1423.273529116969,1.4084507042253518,280,279,4,0,275,276,20067,5,0,0,5,3
2020-08-31,US,Iowa,Howard,133,2,0,43.35671042,-92.31702714,19089.0,1452.2821576763486,1.5037593984962403,131,132,2,0,130,129,9187,1,0,0,1,3
2020-08-31,US,Iowa,Humboldt,153,2,0,42.7764426,-94.20722537,19091.0,1600.7532956685502,1.30718954248366,151,153,2,0,151,153,9547,0,0,0,0,0
2020-08-31,US,Iowa,Ida,43,0,0,42.38696136,-95.51355387,19093.0,626.8221574344024,0.0,43,40,0,0,40,40,6841,3,0,0,3,0
2020-08-31,US,Iowa,Iowa,115,1,0,41.68630265,-92.0643373,19095.0,710.5783489866534,0.8695652173913043,114,113,1,0,112,111,16141,2,0,0,2,2
2020-08-31,US,Iowa,Jackson,211,1,0,42.17178824,-90.57354837,19097.0,1085.4467822418849,0.4739336492890995,210,208,1,0,207,201,19432,3,0,0,3,7
2020-08-31,US,Iowa,Jasper,588,30,0,41.68576082,-93.05567785,19099.0,1581.282775312626,5.1020408163265305,558,585,30,0,555,577,37147,3,0,0,3,8
2020-08-31,US,Iowa,Jefferson,118,0,0,41.03192394,-91.94849466,19101.0,644.9849685706478,0.0,118,117,0,0,117,117,18381,1,0,0,1,0
2020-08-31,US,Iowa,Johnson,3926,26,0,41.67169354,-91.58754744,19103.0,2597.591636892947,0.6622516556291391,3900,3828,26,0,3802,3644,151260,98,0,0,98,184
2020-08-31,US,Iowa,Jones,170,2,0,42.12118609,-91.13139641,19105.0,822.0105410763503,1.1764705882352942,168,170,2,0,168,168,20744,0,0,0,0,2
2020-08-31,US,Iowa,Keokuk,63,1,0,41.33649833,-92.1785067,19107.0,614.8740972086669,1.5873015873015872,62,60,1,0,59,59,10225,3,0,0,3,1
2020-08-31,US,Iowa,Kossuth,122,0,0,43.20405458,-94.20691791,19109.0,823.6008911091609,0.0,122,121,0,0,121,119,14908,1,0,0,1,2
2020-08-31,US,Iowa,Lee,422,5,0,40.64181461,-91.48183025,19111.0,1253.8253557952282,1.1848341232227488,417,409,5,0,404,393,34055,13,0,0,13,16
2020-08-31,US,Iowa,Linn,2984,94,0,42.07923082,-91.59809485,19113.0,1316.2421815037978,3.1501340482573728,2890,2971,94,0,2877,2952,225909,13,0,0,13,19
2020-08-31,US,Iowa,Louisa,396,14,0,41.21842119,-91.26102611,19115.0,3588.5817852288174,3.5353535353535355,382,397,14,0,383,396,11169,-1,0,0,-1,1
2020-08-31,US,Iowa,Lucas,96,5,0,41.02958964,-93.32780803,19117.0,1116.2790697674418,5.208333333333333,91,93,5,0,88,93,8645,3,0,0,3,0
2020-08-31,US,Iowa,Lyon,150,2,0,43.38107862,-96.20926845,19119.0,1276.0527435133984,1.3333333333333333,148,148,2,0,146,147,11811,2,0,0,2,1
2020-08-31,US,Iowa,Madison,164,2,0,41.33081904,-94.01554631,19121.0,1003.7948341290244,1.2195121951219512,162,164,2,0,162,163,16249,0,0,0,0,1
2020-08-31,US,Iowa,Mahaska,219,18,0,41.33521503,-92.64083907,19123.0,991.1744738628647,8.219178082191782,201,216,18,0,198,213,22000,3,0,0,3,3
2020-08-31,US,Iowa,Marion,484,1,0,41.33445101,-93.09934783,19125.0,1455.5077737347005,0.2066115702479339,483,475,0,0,475,464,33407,9,1,0,8,11
2020-08-31,US,Iowa,Marshall,1643,32,0,42.03586837,-92.99908190000001,19127.0,4173.334349361173,1.9476567255021304,1611,1639,32,0,1607,1632,39981,4,0,0,4,7
2020-08-31,US,Iowa,Mills,128,1,0,41.03299766,-95.61920963,19129.0,847.1771791647362,0.78125,127,128,1,0,127,127,15063,0,0,0,0,1
2020-08-31,US,Iowa,Mitchell,107,0,0,43.35638371,-92.78887719,19131.0,1010.7689401095787,0.0,107,109,0,0,109,106,10569,-2,0,0,-2,3
2020-08-31,US,Iowa,Monona,107,1,0,42.05220391,-95.95743843,19133.0,1242.0197330237954,0.9345794392523364,106,107,1,0,106,107,8679,0,0,0,0,0
2020-08-31,US,Iowa,Monroe,110,8,0,41.02988815,-92.8690667,19135.0,1427.2739068379394,7.272727272727272,102,107,8,0,99,102,7790,3,0,0,3,5
2020-08-31,US,Iowa,Montgomery,77,5,0,41.03018714,-95.15642896,19137.0,776.4444892608653,6.493506493506493,72,76,5,0,71,76,10003,1,0,0,1,0
2020-08-31,US,Iowa,Muscatine,966,52,0,41.48370744,-91.11216970000001,19139.0,2264.204012750797,5.383022774327122,914,959,51,0,908,954,42929,7,1,0,6,5
2020-08-31,US,Iowa,O'Brien,201,7,0,43.08310673,-95.62474482,19141.0,1461.4993092416198,3.4825870646766166,194,196,7,0,189,193,13840,5,0,0,5,3
2020-08-31,US,Iowa,Osceola,99,0,0,43.37824276,-95.62422844,19143.0,1661.631419939577,0.0,99,99,0,0,99,97,6040,0,0,0,0,2
2020-08-31,US,Iowa,Page,112,0,0,40.7393172,-95.1497813,19145.0,741.3781690607002,0.0,112,112,0,0,112,110,15249,0,0,0,0,2
2020-08-31,US,Iowa,Palo Alto,116,0,0,43.08193849,-94.67824621,19147.0,1305.4242628854374,0.0,116,112,0,0,112,112,8929,4,0,0,4,0
2020-08-31,US,Iowa,Plymouth,744,18,0,42.737633,-96.21366621,19149.0,2955.0780474242365,2.419354838709677,726,737,18,0,719,712,25095,7,0,0,7,25
2020-08-31,US,Iowa,Pocahontas,131,2,0,42.73420133,-94.67862564,19151.0,1979.1509291433752,1.5267175572519085,129,130,2,0,128,104,6740,1,0,0,1,26
2020-08-31,US,Iowa,Polk,13370,225,0,41.68679484,-93.57767461,19153.0,2727.675192436771,1.6828721017202692,13145,13292,225,0,13067,13179,487204,78,0,0,78,113
2020-08-31,US,Iowa,Pottawattamie,1634,34,0,41.33640314,-95.53907776,19155.0,1753.1060232173895,2.08078335373317,1600,1631,34,0,1597,1612,93533,3,0,0,3,19
2020-08-31,US,Iowa,Poweshiek,183,8,0,41.68625425,-92.53155731,19157.0,988.9753566796367,4.371584699453551,175,184,8,0,176,182,18699,-1,0,0,-1,2
2020-08-31,US,Iowa,Ringgold,31,1,0,40.73518949,-94.24368535,19159.0,633.4286881896202,3.2258064516129035,30,32,1,0,31,32,4968,-1,0,0,-1,0
2020-08-31,US,Iowa,Sac,114,0,0,42.38624071,-95.10547892,19161.0,1172.7188560847646,0.0,114,114,0,0,114,113,9719,0,0,0,0,1
2020-08-31,US,Iowa,Scott,2234,21,0,41.63935978,-90.61959493,19163.0,1291.7550869361582,0.9400179051029544,2213,2208,21,0,2187,2180,173283,26,0,0,26,28
2020-08-31,US,Iowa,Shelby,215,1,0,41.6850066,-95.31015553,19165.0,1877.0735114370525,0.4651162790697674,214,215,1,0,214,214,11578,0,0,0,0,1
2020-08-31,US,Iowa,Sioux,896,3,0,43.08221074,-96.17675679999999,19167.0,2570.649835030842,0.3348214285714285,893,893,3,0,890,883,34909,3,0,0,3,10
2020-08-31,US,Iowa,Story,2444,16,0,42.03621213,-93.46499005,19169.0,2516.552199923803,0.6546644844517185,2428,2362,16,0,2346,2338,98105,82,0,0,82,24
2020-08-31,US,Iowa,Tama,623,29,0,42.07991767,-92.53266945,19171.0,3696.451880859143,4.654895666131621,594,622,29,0,593,619,16904,1,0,0,1,3
2020-08-31,US,Iowa,Taylor,113,1,0,40.73710579,-94.69778563,19173.0,1846.103577846757,0.8849557522123894,112,113,1,0,112,110,6191,0,0,0,0,3
2020-08-31,US,Iowa,Unassigned,9,0,0,0.0,0.0,90019.0,0.0,0.0,9,19,0,0,19,11,,-10,0,0,-10,8
2020-08-31,US,Iowa,Union,93,3,0,41.0277278,-94.24234847,19175.0,759.7418511559513,3.2258064516129035,90,93,3,0,90,93,12359,0,0,0,0,0
2020-08-31,US,Iowa,Van Buren,100,1,0,40.75326764,-91.95017958,19177.0,1419.6479273140262,1.0,99,101,1,0,100,100,7020,-1,0,0,-1,1
2020-08-31,US,Iowa,Wapello,1085,50,0,41.03064984,-92.40954728,19179.0,3102.7481483599763,4.6082949308755765,1035,1082,49,0,1033,1071,35205,3,1,0,2,11
2020-08-31,US,Iowa,Warren,777,5,0,41.33559454,-93.56007641,19181.0,1509.7345820541714,0.6435006435006435,772,775,5,0,770,766,51056,2,0,0,2,9
2020-08-31,US,Iowa,Washington,340,11,0,41.33577126,-91.71725711,19183.0,1547.9171409059866,3.2352941176470584,329,336,11,0,325,335,22141,4,0,0,4,1
2020-08-31,US,Iowa,Wayne,50,2,0,40.73969028,-93.32752197,19185.0,776.276975624903,4.0,48,48,2,0,46,37,6401,2,0,0,2,11
2020-08-31,US,Iowa,Webster,1023,9,0,42.42853483,-94.17987389,19187.0,2849.2647058823527,0.8797653958944281,1014,1006,8,0,998,1004,36277,17,1,0,16,2
2020-08-31,US,Iowa,Winnebago,160,9,0,43.37751174,-93.73407298,19189.0,1545.2965037666602,5.625,151,161,8,0,153,158,10518,-1,1,0,-2,3
2020-08-31,US,Iowa,Winneshiek,219,3,0,43.29094334,-91.84422722,19191.0,1095.4929718373269,1.3698630136986298,216,217,3,0,214,214,20029,2,0,0,2,3
2020-08-31,US,Iowa,Woodbury,4143,56,0,42.38979414,-96.0459439,19193.0,4018.1558963019,1.3516775283610907,4087,4126,56,0,4070,4093,102539,17,0,0,17,33
2020-08-31,US,Iowa,Worth,79,0,0,43.37750768,-93.26087602,19195.0,1070.3156753827395,0.0,79,79,0,0,79,79,7453,0,0,0,0,0
2020-08-31,US,Iowa,Wright,519,1,0,42.73305373,-93.73515113,19197.0,4131.507721700366,0.1926782273603083,518,519,1,0,518,516,12690,0,0,0,0,3
2020-08-31,US,Kansas,Allen,21,0,0,37.88582951,-95.30030847,20001.0,169.77928692699493,0.0,21,20,0,0,20,20,12444,1,0,0,1,0
2020-08-31,US,Kansas,Anderson,34,0,0,38.21413251,-95.29272815,20003.0,432.68007126495286,0.0,34,32,0,0,32,32,7878,2,0,0,2,0
2020-08-31,US,Kansas,Atchison,219,1,0,39.53185661,-95.30870026,20005.0,1362.5334411746408,0.45662100456620996,218,219,1,0,218,219,16193,0,0,0,0,0
2020-08-31,US,Kansas,Barber,6,0,0,37.2288586,-98.68460053,20007.0,135.5319629545968,0.0,6,5,0,0,5,5,4472,1,0,0,1,0
2020-08-31,US,Kansas,Barton,284,5,0,38.47889676,-98.75636726,20009.0,1101.6719034873347,1.7605633802816902,279,273,4,0,269,273,26111,11,1,0,10,0
2020-08-31,US,Kansas,Bourbon,82,2,0,37.85508555,-94.84865997,20011.0,564.1943030136233,2.4390243902439024,80,82,2,0,80,82,14653,0,0,0,0,0
2020-08-31,US,Kansas,Brown,76,1,0,39.82652589,-95.56421698,20013.0,794.6465913843581,1.3157894736842106,75,72,1,0,71,72,9598,4,0,0,4,0
2020-08-31,US,Kansas,Butler,399,2,0,37.78134351,-96.83878537,20015.0,596.3145073306332,0.5012531328320802,397,397,2,0,395,397,66765,2,0,0,2,0
2020-08-31,US,Kansas,Chase,65,0,0,38.30292938,-96.59563862,20017.0,2454.6827794561927,0.0,65,65,0,0,65,65,2629,0,0,0,0,0
2020-08-31,US,Kansas,Chautauqua,9,0,0,37.14994405,-96.2454192,20019.0,276.9230769230769,0.0,9,8,0,0,8,8,3309,1,0,0,1,0
2020-08-31,US,Kansas,Cherokee,246,1,0,37.16928494,-94.8462897,20021.0,1233.7629770800945,0.4065040650406504,245,246,1,0,245,246,20015,0,0,0,0,0
2020-08-31,US,Kansas,Cheyenne,7,0,0,39.78580976,-101.7318201,20023.0,263.45502446368084,0.0,7,6,0,0,6,6,2660,1,0,0,1,0
2020-08-31,US,Kansas,Clark,46,1,0,37.23577007,-99.81883015,20025.0,2306.9207622868607,2.1739130434782608,45,46,1,0,45,46,2005,0,0,0,0,0
2020-08-31,US,Kansas,Clay,31,2,0,39.34948772,-97.16518128,20027.0,387.40314921269686,6.451612903225807,29,30,2,0,28,30,7997,1,0,0,1,0
2020-08-31,US,Kansas,Cloud,59,0,0,39.48028352,-97.64925343,20029.0,671.522877304803,0.0,59,52,0,0,52,52,8729,7,0,0,7,0
2020-08-31,US,Kansas,Coffey,79,8,0,38.2365018,-95.73379515,20031.0,965.8882503973593,10.126582278481012,71,79,8,0,71,79,8233,0,0,0,0,0
2020-08-31,US,Kansas,Comanche,9,0,0,37.19114520000001,-99.27113247,20033.0,529.4117647058823,0.0,9,9,0,0,9,9,1748,0,0,0,0,0
2020-08-31,US,Kansas,Cowley,255,3,0,37.23781842,-96.83776647,20035.0,730.4915778618083,1.1764705882352942,252,249,3,0,246,249,35218,6,0,0,6,0
2020-08-31,US,Kansas,Crawford,602,3,0,37.50675523,-94.85245778,20037.0,1550.8269359575454,0.4983388704318937,599,518,3,0,515,518,39019,84,0,0,84,0
2020-08-31,US,Kansas,Decatur,8,0,0,39.78468441,-100.45940809999999,20039.0,282.98549699327907,0.0,8,6,0,0,6,6,2871,2,0,0,2,0
2020-08-31,US,Kansas,Dickinson,80,1,0,38.86600962,-97.15532383,20041.0,433.2286364128669,1.25,79,76,1,0,75,76,18717,4,0,0,4,0
2020-08-31,US,Kansas,Doniphan,68,0,0,39.79067154,-95.14056866,20043.0,894.736842105263,0.0,68,68,0,0,68,68,7682,0,0,0,0,0
2020-08-31,US,Kansas,Douglas,1378,8,0,38.88503636,-95.2925121,20045.0,1127.115386188338,0.5805515239477503,1370,1306,8,0,1298,1306,121436,72,0,0,72,0
2020-08-31,US,Kansas,Edwards,25,0,0,37.88735543,-99.31263309,20047.0,893.4953538241601,0.0,25,25,0,0,25,25,2849,0,0,0,0,0
2020-08-31,US,Kansas,Elk,1,0,0,37.45338105,-96.24369667,20049.0,39.52569169960474,0.0,1,1,0,0,1,1,2508,0,0,0,0,0
2020-08-31,US,Kansas,Ellis,419,1,0,38.91458712,-99.31751551,20051.0,1467.4465029944315,0.2386634844868735,418,341,1,0,340,341,28710,78,0,0,78,0
2020-08-31,US,Kansas,Ellsworth,25,0,0,38.69677695,-98.20462799,20053.0,409.70173713536553,0.0,25,25,0,0,25,25,6196,0,0,0,0,0
2020-08-31,US,Kansas,Finney,1889,12,0,38.04340344,-100.73819379999999,20055.0,5180.025776729646,0.6352567496029645,1877,1877,12,0,1865,1877,36611,12,0,0,12,0
2020-08-31,US,Kansas,Ford,2329,10,0,37.69200114,-99.88825298,20057.0,6927.630209107945,0.4293688278231,2319,2309,10,0,2299,2309,33888,20,0,0,20,0
2020-08-31,US,Kansas,Franklin,262,3,0,38.56443815,-95.28644341,20059.0,1025.6811775759475,1.1450381679389312,259,256,2,0,254,256,25631,6,1,0,5,0
2020-08-31,US,Kansas,Geary,216,2,0,38.99871131,-96.7577178,20061.0,682.0334701610358,0.925925925925926,214,207,2,0,205,207,32594,9,0,0,9,0
2020-08-31,US,Kansas,Gove,11,0,0,38.91588178,-100.4829321,20063.0,417.298937784522,0.0,11,10,0,0,10,10,2612,1,0,0,1,0
2020-08-31,US,Kansas,Graham,25,0,0,39.34987223,-99.88332493,20065.0,1007.252215954875,0.0,25,25,0,0,25,25,2492,0,0,0,0,0
2020-08-31,US,Kansas,Grant,159,3,0,37.56227336,-101.3079758,20067.0,2223.776223776224,1.8867924528301887,156,159,3,0,156,159,7336,0,0,0,0,0
2020-08-31,US,Kansas,Gray,106,0,0,37.73836671,-100.4369088,20069.0,1770.2070808283233,0.0,106,106,0,0,106,106,6033,0,0,0,0,0
2020-08-31,US,Kansas,Greeley,5,0,0,38.4808095,-101.8061079,20071.0,405.84415584415603,0.0,5,5,0,0,5,5,1227,0,0,0,0,0
2020-08-31,US,Kansas,Greenwood,25,0,0,37.8774388,-96.23250453,20073.0,417.92042795051816,0.0,25,23,0,0,23,23,6055,2,0,0,2,0
2020-08-31,US,Kansas,Hamilton,42,0,0,37.99978709,-101.7921066,20075.0,1654.1945647892871,0.0,42,42,0,0,42,42,2607,0,0,0,0,0
2020-08-31,US,Kansas,Harper,112,1,0,37.19175361,-98.07578384,20077.0,2060.338484179544,0.8928571428571429,111,108,1,0,107,108,5506,4,0,0,4,0
2020-08-31,US,Kansas,Harvey,293,4,0,38.04293782,-97.42747573,20079.0,851.026750704348,1.3651877133105803,289,291,4,0,287,291,34210,2,0,0,2,0
2020-08-31,US,Kansas,Haskell,47,0,0,37.562039399999996,-100.8710738,20081.0,1184.475806451613,0.0,47,47,0,0,47,47,3997,0,0,0,0,0
2020-08-31,US,Kansas,Hodgeman,13,0,0,38.08780079,-99.89829881,20083.0,724.6376811594204,0.0,13,13,0,0,13,13,1818,0,0,0,0,0
2020-08-31,US,Kansas,Jackson,204,1,0,39.41673394,-95.79356799,20085.0,1548.857338091261,0.4901960784313725,203,204,1,0,203,204,13280,0,0,0,0,0
2020-08-31,US,Kansas,Jefferson,119,0,0,39.2347941,-95.38289232,20087.0,624.9015386231163,0.0,119,118,0,0,118,118,18975,1,0,0,1,0
2020-08-31,US,Kansas,Jewell,14,1,0,39.78470589,-98.21820662,20089.0,486.2799583188608,7.142857142857142,13,14,1,0,13,14,2841,0,0,0,0,0
2020-08-31,US,Kansas,Johnson,8216,116,0,38.88548175,-94.82250877,20091.0,1363.8755579755016,1.411879259980526,8100,8124,116,0,8008,8048,597555,92,0,0,92,76
2020-08-31,US,Kansas,Kearny,71,1,0,38.00017981,-101.32168100000001,20093.0,1849.921834288692,1.4084507042253518,70,70,1,0,69,70,3943,1,0,0,1,0
2020-08-31,US,Kansas,Kingman,41,0,0,37.55909527,-98.13638678,20095.0,573.2662192393736,0.0,41,39,0,0,39,39,7310,2,0,0,2,0
2020-08-31,US,Kansas,Kiowa,8,0,0,37.55848695,-99.2856537,20097.0,323.2323232323232,0.0,8,8,0,0,8,8,2516,0,0,0,0,0
2020-08-31,US,Kansas,Labette,183,1,0,37.19113093,-95.29849679,20099.0,948.108879600367,0.5464480874316939,182,183,1,0,182,183,19964,0,0,0,0,0
2020-08-31,US,Kansas,Lane,7,0,0,38.48119447,-100.46607540000001,20101.0,456.02605863192184,0.0,7,8,0,0,8,8,1560,-1,0,0,-1,0
2020-08-31,US,Kansas,Leavenworth,1669,9,0,39.20183497,-95.03620809,20103.0,2041.3904449717456,0.5392450569203115,1660,1638,9,0,1629,1638,81352,31,0,0,31,0
2020-08-31,US,Kansas,Lincoln,7,0,0,39.04549684,-98.20756994,20105.0,236.32680621201888,0.0,7,7,0,0,7,7,3023,0,0,0,0,0
2020-08-31,US,Kansas,Linn,55,0,0,38.21267844,-94.84254089,20107.0,566.8349994846955,0.0,55,52,0,0,52,52,9750,3,0,0,3,0
2020-08-31,US,Kansas,Logan,2,0,0,38.91735806,-101.148475,20109.0,71.58196134574086,0.0,2,2,0,0,2,2,2844,0,0,0,0,0
2020-08-31,US,Kansas,Lyon,931,17,0,38.45576156,-96.15275715,20111.0,2804.639252899533,1.825993555316864,914,916,17,0,899,916,33406,15,0,0,15,0
2020-08-31,US,Kansas,Marion,64,1,0,38.35855394,-97.09852509999999,20115.0,538.5392123864019,1.5625,63,62,1,0,61,62,11950,2,0,0,2,0
2020-08-31,US,Kansas,Marshall,17,0,0,39.78359669,-96.52278974,20117.0,175.13134851138355,0.0,17,14,0,0,14,14,9722,3,0,0,3,0
2020-08-31,US,Kansas,McPherson,212,1,0,38.39184858,-97.64769869,20113.0,742.7650479994394,0.4716981132075472,211,212,1,0,211,207,28537,0,0,0,0,5
2020-08-31,US,Kansas,Meade,64,0,0,37.23859987,-100.36483100000001,20119.0,1586.9080089263575,0.0,64,63,0,0,63,63,4146,1,0,0,1,0
2020-08-31,US,Kansas,Miami,200,0,0,38.56383358,-94.83832189,20121.0,584.1633320676461,0.0,200,188,0,0,188,188,33680,12,0,0,12,0
2020-08-31,US,Kansas,Mitchell,32,0,0,39.39331582,-98.20906732,20123.0,535.2065562803144,0.0,32,30,0,0,30,30,6150,2,0,0,2,0
2020-08-31,US,Kansas,Montgomery,255,5,0,37.19236568,-95.74329258,20125.0,801.1561783279401,1.96078431372549,250,247,5,0,242,236,32120,8,0,0,8,11
2020-08-31,US,Kansas,Morris,20,0,0,38.68827511,-96.65128437,20127.0,355.87188612099646,0.0,20,19,0,0,19,19,5521,1,0,0,1,0
2020-08-31,US,Kansas,Morton,10,2,0,37.19141121,-101.79925190000002,20129.0,386.54812524159263,20.0,8,10,2,0,8,10,2667,0,0,0,0,0
2020-08-31,US,Kansas,Nemaha,55,1,0,39.78345387,-96.01392079,20131.0,537.5818590558108,1.818181818181818,54,55,1,0,54,55,10155,0,0,0,0,0
2020-08-31,US,Kansas,Neosho,83,0,0,37.55862897,-95.30670046,20133.0,518.5231461235709,0.0,83,83,0,0,83,83,15951,0,0,0,0,0
2020-08-31,US,Kansas,Ness,22,0,0,38.47974157,-99.91547333,20135.0,800.0,0.0,22,18,0,0,18,18,2840,4,0,0,4,0
2020-08-31,US,Kansas,Norton,23,0,0,39.78443827,-99.90286639,20137.0,429.0244357396009,0.0,23,23,0,0,23,23,5430,0,0,0,0,0
2020-08-31,US,Kansas,Osage,65,0,0,38.65235984,-95.72707998,20139.0,407.549062637156,0.0,65,62,0,0,62,62,15941,3,0,0,3,0
2020-08-31,US,Kansas,Osborne,4,0,0,39.3503437,-98.76753828,20141.0,116.92487576731949,0.0,4,4,0,0,4,4,3475,0,0,0,0,0
2020-08-31,US,Kansas,Ottawa,43,0,0,39.13237408,-97.65020313,20143.0,753.8569424964937,0.0,43,40,0,0,40,40,5802,3,0,0,3,0
2020-08-31,US,Kansas,Pawnee,206,0,0,38.18108732,-99.23692334,20145.0,3211.7243529778607,0.0,206,206,0,0,206,206,6562,0,0,0,0,0
2020-08-31,US,Kansas,Phillips,51,8,0,39.78465501,-99.34668865,20147.0,974.3981658387466,15.68627450980392,43,51,8,0,43,51,5317,0,0,0,0,0
2020-08-31,US,Kansas,Pottawatomie,163,0,0,39.37925655,-96.34564657,20149.0,668.4985440675881,0.0,163,158,0,0,158,158,24277,5,0,0,5,0
2020-08-31,US,Kansas,Pratt,42,0,0,37.64780729,-98.73922153,20151.0,458.31514622435617,0.0,42,40,0,0,40,40,9378,2,0,0,2,0
2020-08-31,US,Kansas,Rawlins,1,0,0,39.78525843,-101.07616170000001,20153.0,39.52569169960474,0.0,1,1,0,0,1,1,2508,0,0,0,0,0
2020-08-31,US,Kansas,Reno,753,1,0,37.95230263,-98.08607292,20155.0,1214.5553082357494,0.13280212483399734,752,751,1,0,750,741,62342,2,0,0,2,10
2020-08-31,US,Kansas,Republic,36,0,0,39.82799632,-97.65036709,20157.0,776.5314926660915,0.0,36,36,0,0,36,36,4664,0,0,0,0,0
2020-08-31,US,Kansas,Rice,44,1,0,38.34616184,-98.19992118,20159.0,461.36101499423296,2.272727272727273,43,44,1,0,43,44,9531,0,0,0,0,0
2020-08-31,US,Kansas,Riley,934,5,0,39.28935726,-96.73420026,20161.0,1258.2174803319326,0.5353319057815846,929,822,5,0,817,822,73703,112,0,0,112,0
2020-08-31,US,Kansas,Rooks,29,0,0,39.35022773,-99.32484567,20163.0,589.430894308943,0.0,29,25,0,0,25,25,5013,4,0,0,4,0
2020-08-31,US,Kansas,Rush,17,0,0,38.52275276,-99.30863983,20165.0,559.9472990777339,0.0,17,15,0,0,15,15,3093,2,0,0,2,0
2020-08-31,US,Kansas,Russell,18,0,0,38.91462787,-98.76254297,20167.0,262.54375729288216,0.0,18,18,0,0,18,18,6907,0,0,0,0,0
2020-08-31,US,Kansas,Saline,481,9,0,38.78369175,-97.65185177,20169.0,887.0610799645913,1.8711018711018712,472,465,9,0,456,465,54401,16,0,0,16,0
2020-08-31,US,Kansas,Scott,95,1,0,38.48222076,-100.90665390000001,20171.0,1969.7283848227246,1.0526315789473684,94,95,1,0,94,95,4897,0,0,0,0,0
2020-08-31,US,Kansas,Sedgwick,6917,50,0,37.6842718,-97.4608198,20173.0,1340.3947740687775,0.7228567297961545,6867,6830,50,0,6780,6796,513607,87,0,0,87,34
2020-08-31,US,Kansas,Seward,1380,4,0,37.19324632,-100.85072009999999,20175.0,6440.171737913011,0.2898550724637681,1376,1380,4,0,1376,1380,21780,0,0,0,0,0
2020-08-31,US,Kansas,Shawnee,2187,22,0,39.04100763,-95.75572640000001,20177.0,1236.4664310954065,1.005944215820759,2165,2129,22,0,2107,2129,177499,58,0,0,58,0
2020-08-31,US,Kansas,Sheridan,10,0,0,39.35018161,-100.44182590000001,20179.0,396.6679888932963,0.0,10,10,0,0,10,10,2533,0,0,0,0,0
2020-08-31,US,Kansas,Sherman,18,0,0,39.35147699,-101.71976240000001,20181.0,304.2082136217678,0.0,18,17,0,0,17,17,5899,1,0,0,1,0
2020-08-31,US,Kansas,Smith,4,0,0,39.78516566,-98.78566062,20183.0,111.63829193413342,0.0,4,3,0,0,3,3,3603,1,0,0,1,0
2020-08-31,US,Kansas,Stafford,31,1,0,38.03100851,-98.71762001,20185.0,745.9095283926853,3.2258064516129035,30,31,1,0,30,31,4178,0,0,0,0,0
2020-08-31,US,Kansas,Stanton,21,2,0,37.56304714,-101.78435340000001,20187.0,1046.8594217347957,9.523809523809524,19,21,2,0,19,21,1987,0,0,0,0,0
2020-08-31,US,Kansas,Stevens,68,0,0,37.1923008,-101.3118967,20189.0,1239.7447584320876,0.0,68,67,0,0,67,67,5559,1,0,0,1,0
2020-08-31,US,Kansas,Sumner,121,3,0,37.23682549,-97.47721621,20191.0,529.8651252408478,2.479338842975207,118,117,3,0,114,117,22996,4,0,0,4,0
2020-08-31,US,Kansas,Thomas,53,0,0,39.35107575,-101.0553705,20193.0,681.4967211006815,0.0,53,53,0,0,53,53,7711,0,0,0,0,0
2020-08-31,US,Kansas,Trego,26,1,0,38.91467218,-99.87284448,20195.0,927.577595433464,3.8461538461538463,25,26,1,0,25,26,2793,0,0,0,0,0
2020-08-31,US,Kansas,Wabaunsee,56,0,0,38.95471985,-96.20350509,20197.0,807.9642187274562,0.0,56,54,0,0,54,54,6899,2,0,0,2,0
2020-08-31,US,Kansas,Wallace,4,0,0,38.91686134,-101.76388759999999,20199.0,263.5046113306983,0.0,4,2,0,0,2,2,1503,2,0,0,2,0
2020-08-31,US,Kansas,Washington,9,0,0,39.78420784,-97.08753229999999,20201.0,166.48168701442842,0.0,9,5,0,0,5,5,5420,4,0,0,4,0
2020-08-31,US,Kansas,Wichita,4,0,0,38.48178252,-101.3471509,20203.0,188.76828692779614,0.0,4,4,0,0,4,4,2105,0,0,0,0,0
2020-08-31,US,Kansas,Wilson,16,0,0,37.55937174,-95.74323255,20205.0,187.68328445747798,0.0,16,16,0,0,16,16,8665,0,0,0,0,0
2020-08-31,US,Kansas,Woodson,12,0,0,37.8865336,-95.74006277,20207.0,382.4091778202677,0.0,12,12,0,0,12,12,3183,0,0,0,0,0
2020-08-31,US,Kansas,Wyandotte,6029,113,0,39.11727348,-94.76378225,20209.0,3644.463788090359,1.8742743406866809,5916,6010,113,0,5897,5980,165324,19,0,0,19,30
2020-08-31,US,Kentucky,Adair,260,19,0,37.10459774,-85.28129668,21001.0,1354.0256223310073,7.3076923076923075,241,260,19,0,241,259,19215,0,0,0,0,1
2020-08-31,US,Kentucky,Allen,253,9,0,36.75197631,-86.19457544,21003.0,1186.9575416373445,3.5573122529644268,244,253,9,0,244,252,21122,0,0,0,0,1
2020-08-31,US,Kentucky,Anderson,115,1,0,38.00671029,-84.99171713,21005.0,505.56117290192117,0.8695652173913043,114,115,1,0,114,114,22663,0,0,0,0,1
2020-08-31,US,Kentucky,Ballard,42,0,0,37.05842757,-88.99427697,21007.0,532.4543610547669,0.0,42,42,0,0,42,42,7979,0,0,0,0,0
2020-08-31,US,Kentucky,Barren,499,8,0,36.96469836,-85.93338945,21009.0,1127.709100770639,1.6032064128256514,491,499,8,0,491,496,44176,0,0,0,0,3
2020-08-31,US,Kentucky,Bath,65,1,0,38.14735938,-83.74588932,21011.0,520.0,1.5384615384615383,64,65,1,0,64,65,12383,0,0,0,0,0
2020-08-31,US,Kentucky,Bell,395,7,0,36.73355174,-83.67766671,21013.0,1517.363245236632,1.7721518987341771,388,395,7,0,388,395,26569,0,0,0,0,0
2020-08-31,US,Kentucky,Boone,1296,25,0,38.97065142,-84.72615357,21015.0,970.1978574797314,1.9290123456790125,1271,1290,25,0,1265,1280,131533,6,0,0,6,10
2020-08-31,US,Kentucky,Bourbon,114,1,0,38.2054607,-84.21827874,21017.0,576.1067313523347,0.8771929824561403,113,113,1,0,112,112,20184,1,0,0,1,1
2020-08-31,US,Kentucky,Boyd,241,4,0,38.36176608,-82.68652187,21019.0,515.8611241919602,1.6597510373443984,237,239,4,0,235,234,47240,2,0,0,2,5
2020-08-31,US,Kentucky,Boyle,208,0,0,37.62680923,-84.8633779,21021.0,691.9494344644045,0.0,208,208,0,0,208,202,30100,0,0,0,0,6
2020-08-31,US,Kentucky,Bracken,37,0,0,38.69158994,-84.08532444,21023.0,445.6220643141034,0.0,37,37,0,0,37,37,8239,0,0,0,0,0
2020-08-31,US,Kentucky,Breathitt,55,0,0,37.52333168,-83.31959161,21025.0,435.47110055423593,0.0,55,55,0,0,55,55,12726,0,0,0,0,0
2020-08-31,US,Kentucky,Breckinridge,99,2,0,37.77377239,-86.42885017,21027.0,483.469258192118,2.0202020202020203,97,95,2,0,93,95,20388,4,0,0,4,0
2020-08-31,US,Kentucky,Bullitt,621,5,0,37.97162523,-85.68955617,21029.0,760.3212694059455,0.8051529790660226,616,617,5,0,612,605,81069,4,0,0,4,12
2020-08-31,US,Kentucky,Butler,320,16,0,37.20946153,-86.68748787,21031.0,2484.664958459508,5.0,304,320,16,0,304,320,12772,0,0,0,0,0
2020-08-31,US,Kentucky,Caldwell,79,0,0,37.14749129,-87.86948214,21033.0,619.7536675296149,0.0,79,79,0,0,79,72,12715,0,0,0,0,7
2020-08-31,US,Kentucky,Calloway,413,6,0,36.62093411,-88.2731593,21035.0,1058.9472064818851,1.452784503631961,407,395,6,0,389,390,39135,18,0,0,18,5
2020-08-31,US,Kentucky,Campbell,701,13,0,38.94384345,-84.37875208,21037.0,749.0596683193709,1.854493580599144,688,692,13,0,679,684,93152,9,0,0,9,8
2020-08-31,US,Kentucky,Carlisle,61,1,0,36.85372876,-88.96692220000001,21039.0,1281.5126050420167,1.639344262295082,60,60,1,0,59,59,4771,1,0,0,1,1
2020-08-31,US,Kentucky,Carroll,189,3,0,38.66599534,-85.12601074,21041.0,1777.8195842347848,1.5873015873015872,186,191,3,0,188,191,10737,-2,0,0,-2,0
2020-08-31,US,Kentucky,Carter,116,3,0,38.31690743,-83.05092385,21043.0,432.88427809083123,2.586206896551724,113,113,3,0,110,113,27004,3,0,0,3,0
2020-08-31,US,Kentucky,Casey,247,13,0,37.32533118,-84.92726209,21045.0,1528.5599356395817,5.2631578947368425,234,245,13,0,232,243,15888,2,0,0,2,2
2020-08-31,US,Kentucky,Christian,861,12,0,36.89267803,-87.49055367,21047.0,1221.9525695065354,1.3937282229965158,849,861,12,0,849,858,71671,0,0,0,0,3
2020-08-31,US,Kentucky,Clark,249,8,0,37.9689263,-84.14615986,21049.0,686.6503047183079,3.21285140562249,241,243,8,0,235,242,36249,6,0,0,6,1
2020-08-31,US,Kentucky,Clay,214,6,0,37.16451126,-83.712575,21051.0,1075.3228480980856,2.803738317757009,208,214,6,0,208,205,20105,0,0,0,0,9
2020-08-31,US,Kentucky,Clinton,71,1,0,36.72581156,-85.13377529,21053.0,694.8522215697789,1.4084507042253518,70,71,1,0,70,71,10206,0,0,0,0,0
2020-08-31,US,Kentucky,Crittenden,52,1,0,37.35839237,-88.08826090000002,21055.0,590.5064728594141,1.9230769230769231,51,50,1,0,49,48,8915,2,0,0,2,2
2020-08-31,US,Kentucky,Cumberland,88,0,0,36.78926125,-85.39050034,21057.0,1330.5110371938313,0.0,88,87,0,0,87,86,6659,1,0,0,1,1
2020-08-31,US,Kentucky,Daviess,961,11,0,37.73028906,-87.09019479999998,21059.0,946.6954320221454,1.1446409989594173,950,953,11,0,942,950,101104,8,0,0,8,3
2020-08-31,US,Kentucky,Edmonson,117,12,0,37.21218923,-86.23955613,21061.0,962.9629629629628,10.256410256410255,105,117,12,0,105,117,12274,0,0,0,0,0
2020-08-31,US,Kentucky,Elliott,25,0,0,38.11624059,-83.09771563,21063.0,332.5794864972728,0.0,25,25,0,0,25,25,7508,0,0,0,0,0
2020-08-31,US,Kentucky,Estill,43,0,0,37.69241417,-83.95956369,21065.0,304.8348220615341,0.0,43,41,0,0,41,37,14198,2,0,0,2,4
2020-08-31,US,Kentucky,Fayette,4188,54,0,38.0368225,-84.45576892,21067.0,1295.9845521612124,1.2893982808022924,4134,4153,54,0,4099,4083,323780,35,0,0,35,70
2020-08-31,US,Kentucky,Fleming,71,0,0,38.36758311,-83.69657514,21069.0,486.93505246553735,0.0,71,70,0,0,70,69,14432,1,0,0,1,1
2020-08-31,US,Kentucky,Floyd,145,2,0,37.56213922,-82.74750924,21071.0,407.42926185057183,1.3793103448275863,143,145,2,0,143,145,35845,0,0,0,0,0
2020-08-31,US,Kentucky,Franklin,466,11,0,38.2379395,-84.87962551,21073.0,913.8867643309604,2.360515021459228,455,466,11,0,455,461,50815,0,0,0,0,5
2020-08-31,US,Kentucky,Fulton,120,2,0,36.55238827,-89.20140068,21075.0,2010.3869994974032,1.6666666666666667,118,120,2,0,118,118,6120,0,0,0,0,2
2020-08-31,US,Kentucky,Gallatin,93,8,0,38.75398691,-84.8558382,21077.0,1048.59623407374,8.602150537634408,85,93,8,0,85,93,8832,0,0,0,0,0
2020-08-31,US,Kentucky,Garrard,122,2,0,37.638866799999995,-84.53289319,21079.0,690.5920978150119,1.639344262295082,120,119,2,0,117,119,17560,3,0,0,3,0
2020-08-31,US,Kentucky,Grant,136,6,0,38.64962758,-84.62415957,21081.0,542.502692568511,4.411764705882354,130,136,6,0,130,136,25121,0,0,0,0,0
2020-08-31,US,Kentucky,Graves,646,29,0,36.72292505,-88.65143315,21083.0,1733.4836043578598,4.489164086687307,617,643,29,0,614,638,37317,3,0,0,3,5
2020-08-31,US,Kentucky,Grayson,259,11,0,37.46231118,-86.34248968,21085.0,980.058273735195,4.247104247104248,248,258,11,0,247,255,26321,1,0,0,1,3
2020-08-31,US,Kentucky,Green,158,7,0,37.26484328,-85.5540745,21087.0,1444.1093135910794,4.4303797468354436,151,155,7,0,148,148,11049,3,0,0,3,7
2020-08-31,US,Kentucky,Greenup,199,2,0,38.54332505,-82.9215658,21089.0,566.9838737249986,1.0050251256281406,197,195,2,0,193,192,35268,4,0,0,4,3
2020-08-31,US,Kentucky,Hancock,57,0,0,37.83766422,-86.78280584,21091.0,653.5198349002522,0.0,57,56,0,0,56,56,8758,1,0,0,1,0
2020-08-31,US,Kentucky,Hardin,917,9,0,37.6976111,-85.96319251,21093.0,826.4388327114765,0.9814612868047984,908,915,9,0,906,912,110356,2,0,0,2,3
2020-08-31,US,Kentucky,Harlan,299,7,0,36.85699301,-83.21899516,21095.0,1149.5578623606305,2.34113712374582,292,293,7,0,286,290,26409,6,0,0,6,3
2020-08-31,US,Kentucky,Harrison,151,0,0,38.44188174,-84.32869741,21097.0,799.5340463835646,0.0,151,151,0,0,151,151,18778,0,0,0,0,0
2020-08-31,US,Kentucky,Hart,130,1,0,37.29943898,-85.88461055,21099.0,682.9524560021014,0.7692307692307693,129,130,1,0,129,129,18906,0,0,0,0,1
2020-08-31,US,Kentucky,Henderson,424,3,0,37.79344553,-87.57392021,21101.0,937.845609378456,0.7075471698113207,421,423,3,0,420,423,45591,1,0,0,1,0
2020-08-31,US,Kentucky,Henry,162,2,0,38.44942688,-85.11587507,21103.0,1004.5888627061888,1.2345679012345678,160,161,1,0,160,161,16106,1,1,0,0,0
2020-08-31,US,Kentucky,Hickman,66,0,0,36.67948079999999,-88.97875928,21105.0,1506.849315068493,0.0,66,66,0,0,66,66,4421,0,0,0,0,0
2020-08-31,US,Kentucky,Hopkins,514,36,0,37.30939025,-87.54670406,21107.0,1150.248399946292,7.003891050583657,478,512,36,0,476,510,45068,2,0,0,2,2
2020-08-31,US,Kentucky,Jackson,226,15,0,37.41866422,-83.99825483,21109.0,1695.55105409258,6.6371681415929205,211,223,15,0,208,216,13442,3,0,0,3,7
2020-08-31,US,Kentucky,Jefferson,11851,263,0,38.18664655,-85.65931031,21111.0,1545.6004966371356,2.219222006581723,11588,11741,263,0,11478,11615,770517,110,0,0,110,126
2020-08-31,US,Kentucky,Jessamine,457,0,0,37.87119786,-84.58252003,21113.0,844.4978286981427,0.0,457,457,0,0,457,450,53920,0,0,0,0,7
2020-08-31,US,Kentucky,Johnson,121,1,0,37.85106355,-82.8264322,21115.0,545.339823327925,0.8264462809917356,120,117,1,0,116,117,22386,4,0,0,4,0
2020-08-31,US,Kentucky,Kenton,1716,41,0,38.93950319,-84.53241199,21117.0,1027.5572162540868,2.3892773892773893,1675,1710,41,0,1669,1704,166051,6,0,0,6,6
2020-08-31,US,Kentucky,Knott,89,1,0,37.35388197,-82.94981134,21119.0,601.107659057139,1.1235955056179776,88,89,1,0,88,88,15126,0,0,0,0,1
2020-08-31,US,Kentucky,Knox,357,9,0,36.89225732,-83.85403396,21121.0,1146.2514047198588,2.5210084033613445,348,356,9,0,347,355,31304,1,0,0,1,1
2020-08-31,US,Kentucky,Larue,83,1,0,37.54567114,-85.70138352,21123.0,576.4689540213917,1.2048192771084338,82,83,1,0,82,83,14307,0,0,0,0,0
2020-08-31,US,Kentucky,Laurel,565,5,0,37.10975748,-84.11321779,21125.0,929.0776643151958,0.8849557522123894,560,561,5,0,556,562,60669,4,0,0,4,-1
2020-08-31,US,Kentucky,Lawrence,43,0,0,38.07136018,-82.72882223,21127.0,280.7338251615852,0.0,43,43,0,0,43,43,15571,0,0,0,0,0
2020-08-31,US,Kentucky,Lee,12,0,0,37.59645942,-83.71513901,21129.0,162.09644738619482,0.0,12,12,0,0,12,13,7033,0,0,0,0,-1
2020-08-31,US,Kentucky,Leslie,40,0,0,37.09246661,-83.37999606,21131.0,404.9812696162802,0.0,40,40,0,0,40,40,10143,0,0,0,0,0
2020-08-31,US,Kentucky,Letcher,73,2,0,37.12306748,-82.85346474,21133.0,338.69994896302137,2.7397260273972597,71,73,2,0,71,72,21899,0,0,0,0,1
2020-08-31,US,Kentucky,Lewis,163,10,0,38.53184419,-83.37735618,21135.0,1227.8719397363463,6.1349693251533735,153,162,10,0,152,160,13257,1,0,0,1,2
2020-08-31,US,Kentucky,Lincoln,139,7,0,37.45475628,-84.6565327,21137.0,566.2145097559983,5.035971223021583,132,138,6,0,132,137,24644,1,1,0,0,1
2020-08-31,US,Kentucky,Livingston,47,1,0,37.21137452,-88.34797529,21139.0,511.2029584511638,2.127659574468085,46,46,1,0,45,46,9242,1,0,0,1,0
2020-08-31,US,Kentucky,Logan,420,26,0,36.85949479,-86.877635,21141.0,1549.7011290679654,6.190476190476191,394,419,26,0,393,416,26989,1,0,0,1,3
2020-08-31,US,Kentucky,Lyon,38,4,0,37.02080035,-88.07886257,21143.0,462.85018270401946,10.526315789473683,34,37,4,0,33,37,8009,1,0,0,1,0
2020-08-31,US,Kentucky,Madison,1020,3,0,37.71659336,-84.27220275,21151.0,1096.9275275038447,0.29411764705882354,1017,1001,3,0,998,964,92368,19,0,0,19,37
2020-08-31,US,Kentucky,Magoffin,67,0,0,37.70820545,-83.0657714,21153.0,550.9415344132883,0.0,67,67,0,0,67,67,12362,0,0,0,0,0
2020-08-31,US,Kentucky,Marion,173,2,0,37.55218078,-85.26898542,21155.0,897.6288071395218,1.1560693641618498,171,174,2,0,172,174,19404,-1,0,0,-1,0
2020-08-31,US,Kentucky,Marshall,188,2,0,36.88007070000001,-88.32803576,21157.0,604.5016077170418,1.0638297872340423,186,187,2,0,185,186,31191,1,0,0,1,1
2020-08-31,US,Kentucky,Martin,55,1,0,37.79990579,-82.51247478,21159.0,491.29075480125056,1.818181818181818,54,55,0,0,55,55,11323,0,1,0,-1,0
2020-08-31,US,Kentucky,Mason,89,2,0,38.59471935,-83.82151043,21161.0,521.3825424721734,2.247191011235955,87,89,2,0,87,88,17150,0,0,0,0,1
2020-08-31,US,Kentucky,McCracken,510,6,0,37.05350953,-88.70445755,21145.0,779.6019444189673,1.1764705882352942,504,504,6,0,498,497,65346,6,0,0,6,7
2020-08-31,US,Kentucky,McCreary,94,0,0,36.73874143,-84.48102924,21147.0,545.5284081016772,0.0,94,89,0,0,89,87,17408,5,0,0,5,2
2020-08-31,US,Kentucky,McLean,53,1,0,37.5301951,-87.26803443,21149.0,575.648962745737,1.8867924528301887,52,53,1,0,52,53,9252,0,0,0,0,0
2020-08-31,US,Kentucky,Meade,125,3,0,37.96163597,-86.21028219,21163.0,437.4912501749965,2.4,122,124,3,0,121,123,28715,1,0,0,1,1
2020-08-31,US,Kentucky,Menifee,33,0,0,37.94090733,-83.59985712,21165.0,508.55293573740175,0.0,33,33,0,0,33,33,6451,0,0,0,0,0
2020-08-31,US,Kentucky,Mercer,112,1,0,37.81474237,-84.87488475,21167.0,510.6460584507364,0.8928571428571429,111,111,1,0,110,110,21774,1,0,0,1,1
2020-08-31,US,Kentucky,Metcalfe,81,2,0,36.99459295,-85.63123699,21169.0,804.289544235925,2.469135802469136,79,82,2,0,80,82,10030,-1,0,0,-1,0
2020-08-31,US,Kentucky,Monroe,140,2,0,36.71225341,-85.71596443,21171.0,1314.5539906103286,1.4285714285714286,138,139,2,0,137,138,10718,1,0,0,1,1
2020-08-31,US,Kentucky,Montgomery,192,1,0,38.03253032,-83.9145241,21173.0,681.8908264374755,0.5208333333333334,191,190,1,0,189,190,28203,2,0,0,2,0
2020-08-31,US,Kentucky,Morgan,46,0,0,37.92465657,-83.25558245,21175.0,345.6307761665039,0.0,46,45,0,0,45,45,13345,1,0,0,1,0
2020-08-31,US,Kentucky,Muhlenberg,660,11,0,37.21425819,-87.14632053,21177.0,2155.3131735353672,1.6666666666666667,649,659,11,0,648,659,30774,1,0,0,1,0
2020-08-31,US,Kentucky,Nelson,332,2,0,37.80335779,-85.4657193,21179.0,718.1017887656003,0.6024096385542169,330,331,2,0,329,331,45851,1,0,0,1,0
2020-08-31,US,Kentucky,Nicholas,22,1,0,38.33342292,-84.01889177,21181.0,302.65511074425643,4.545454545454546,21,22,1,0,21,22,7166,0,0,0,0,0
2020-08-31,US,Kentucky,Ohio,386,9,0,37.47751843,-86.85368087,21183.0,1608.7355172126365,2.33160621761658,377,385,9,0,376,385,24087,1,0,0,1,0
2020-08-31,US,Kentucky,Oldham,819,23,0,38.39791089,-85.448222,21185.0,1226.0662584769236,2.8083028083028077,796,810,23,0,787,808,66470,9,0,0,9,2
2020-08-31,US,Kentucky,Owen,81,1,0,38.51679143,-84.82404619,21187.0,743.0510962297037,1.2345679012345678,80,80,0,0,80,80,10880,1,1,0,0,0
2020-08-31,US,Kentucky,Owsley,34,0,0,37.42823949,-83.68811419,21189.0,770.1019252548132,0.0,34,34,0,0,34,32,4472,0,0,0,0,2
2020-08-31,US,Kentucky,Pendleton,63,0,0,38.69607718,-84.35599463,21191.0,431.8026045236463,0.0,63,63,0,0,63,63,14529,0,0,0,0,0
2020-08-31,US,Kentucky,Perry,287,7,0,37.25023553,-83.22922731,21193.0,1114.2169423091857,2.4390243902439024,280,287,7,0,280,286,26092,0,0,0,0,1
2020-08-31,US,Kentucky,Pike,317,3,0,37.47088263,-82.39487445,21195.0,547.7227175340383,0.946372239747634,314,314,3,0,311,314,58402,3,0,0,3,0
2020-08-31,US,Kentucky,Powell,75,0,0,37.83218794,-83.82553961,21197.0,606.8452140140788,0.0,75,76,0,0,76,76,12442,-1,0,0,-1,0
2020-08-31,US,Kentucky,Pulaski,536,6,0,37.10466131,-84.57629079,21199.0,824.8818849166654,1.1194029850746268,530,516,6,0,510,510,64623,20,0,0,20,6
2020-08-31,US,Kentucky,Robertson,6,0,0,38.51923469,-84.05055616,21201.0,284.62998102466787,0.0,6,6,0,0,6,6,2135,0,0,0,0,0
2020-08-31,US,Kentucky,Rockcastle,122,0,0,37.36642393,-84.31176452,21203.0,730.7577118897874,0.0,122,121,0,0,121,118,16750,1,0,0,1,3
2020-08-31,US,Kentucky,Rowan,159,0,0,38.19484205,-83.42088935,21205.0,650.0408830744072,0.0,159,159,0,0,159,159,24583,0,0,0,0,0
2020-08-31,US,Kentucky,Russell,175,6,0,36.99308373,-85.06070117,21207.0,976.3990403392288,3.4285714285714284,169,174,6,0,168,171,17821,1,0,0,1,3
2020-08-31,US,Kentucky,Scott,572,5,0,38.29622293,-84.5816631,21209.0,1003.4383552031436,0.8741258741258742,567,572,5,0,567,566,56031,0,0,0,0,6
2020-08-31,US,Kentucky,Shelby,902,23,0,38.21476019,-85.194223,21211.0,1839.9151436031327,2.5498891352549893,879,900,23,0,877,896,48518,2,0,0,2,4
2020-08-31,US,Kentucky,Simpson,207,7,0,36.74058474,-86.58047435,21213.0,1114.5810898126213,3.3816425120772946,200,207,7,0,200,205,18529,0,0,0,0,2
2020-08-31,US,Kentucky,Spencer,169,0,0,38.03223971,-85.32749335,21215.0,873.3398790760167,0.0,169,169,0,0,169,166,18794,0,0,0,0,3
2020-08-31,US,Kentucky,Taylor,203,5,0,37.3677562,-85.3329931,21217.0,787.7682486708836,2.4630541871921183,198,203,5,0,198,201,25549,0,0,0,0,2
2020-08-31,US,Kentucky,Todd,139,0,0,36.8381152,-87.17878374,21219.0,1130.6328290222873,0.0,139,139,0,0,139,138,12311,0,0,0,0,1
2020-08-31,US,Kentucky,Trigg,86,0,0,36.80767017,-87.87333656,21221.0,586.9906491024502,0.0,86,85,0,0,85,81,14643,1,0,0,1,4
2020-08-31,US,Kentucky,Trimble,46,0,0,38.61056487,-85.33775972,21223.0,543.0291583048046,0.0,46,46,0,0,46,43,8515,0,0,0,0,3
2020-08-31,US,Kentucky,Union,95,1,0,37.66166713,-87.94300009,21225.0,660.593839093248,1.0526315789473684,94,95,1,0,94,94,14505,0,0,0,0,1
2020-08-31,US,Kentucky,Warren,3305,26,0,36.99903045,-86.42672751,21227.0,2486.907055140862,0.7866868381240545,3279,3284,26,0,3258,3275,131264,21,0,0,21,9
2020-08-31,US,Kentucky,Washington,122,1,0,37.75599461,-85.17407732,21229.0,1008.6812732534104,0.819672131147541,121,122,1,0,121,121,12084,0,0,0,0,1
2020-08-31,US,Kentucky,Wayne,95,0,0,36.80310688,-84.8251971,21231.0,467.220774111051,0.0,95,95,0,0,95,94,20468,0,0,0,0,1
2020-08-31,US,Kentucky,Webster,99,2,0,37.52168356,-87.67989953,21233.0,764.9513212795549,2.0202020202020203,97,98,2,0,96,98,13111,1,0,0,1,0
2020-08-31,US,Kentucky,Whitley,197,2,0,36.75700531,-84.14541217,21235.0,543.238473417163,1.0152284263959392,195,195,2,0,193,195,36242,2,0,0,2,0
2020-08-31,US,Kentucky,Wolfe,27,0,0,37.73941626,-83.49303612,21237.0,377.253038982814,0.0,27,27,0,0,27,26,7177,0,0,0,0,1
2020-08-31,US,Kentucky,Woodford,210,0,0,38.04178222,-84.7417556,21239.0,785.5165706590857,0.0,210,207,0,0,207,203,26533,3,0,0,3,4
2020-08-31,US,Louisiana,Acadia,2809,93,0,30.295064899999996,-92.41419698,22001.0,4527.359174792489,3.3107867568529725,2716,2808,93,0,2715,2799,62190,1,0,0,1,9
2020-08-31,US,Louisiana,Allen,1447,39,0,30.65385745,-92.82442028,22003.0,5646.388574550279,2.6952315134761577,1408,1443,37,0,1406,1437,25605,4,2,0,2,6
2020-08-31,US,Louisiana,Ascension,3344,92,0,30.20406249,-90.91328409999998,22005.0,2641.306751761397,2.751196172248804,3252,3324,92,0,3232,3291,124672,20,0,0,20,33
2020-08-31,US,Louisiana,Assumption,667,22,0,29.89946234,-91.06461642,22007.0,3046.914257000594,3.2983508245877062,645,664,22,0,642,653,22300,3,0,0,3,11
2020-08-31,US,Louisiana,Avoyelles,1285,45,0,31.07796211,-92.00079449,22009.0,3200.976484655241,3.5019455252918283,1240,1279,44,0,1235,1268,40462,6,1,0,5,11
2020-08-31,US,Louisiana,Beauregard,942,31,0,30.64836518,-93.34173616,22011.0,2512.200976078086,3.2908704883227182,911,940,31,0,909,932,37253,2,0,0,2,8
2020-08-31,US,Louisiana,Bienville,414,31,0,32.34569994,-93.05398492,22013.0,3126.652065553961,7.487922705314009,383,417,31,0,386,412,13308,-3,0,0,-3,5
2020-08-31,US,Louisiana,Bossier,2703,92,0,32.67932307,-93.60460152,22015.0,2127.693070631853,3.4036256011838697,2611,2693,92,0,2601,2674,127185,10,0,0,10,19
2020-08-31,US,Louisiana,Caddo,7417,320,0,32.57991587,-93.88375652,22017.0,3087.792043429751,4.314412835378185,7097,7407,318,0,7089,7320,242922,10,2,0,8,87
2020-08-31,US,Louisiana,Calcasieu,7441,182,0,30.22931235,-93.35400434,22019.0,3657.661377533968,2.4459078080903103,7259,7439,182,0,7257,7298,203112,2,0,0,2,141
2020-08-31,US,Louisiana,Caldwell,279,3,0,32.0902519,-92.11752148,22021.0,2813.0671506352087,1.075268817204301,276,278,3,0,275,276,9960,1,0,0,1,2
2020-08-31,US,Louisiana,Cameron,202,1,0,29.87592238,-93.19310676,22023.0,2896.887996558153,0.4950495049504951,201,203,1,0,202,206,6968,-1,0,0,-1,-3
2020-08-31,US,Louisiana,Catahoula,371,6,0,31.66778967,-91.84526385,22025.0,3907.73119865178,1.6172506738544474,365,369,6,0,363,366,9608,2,0,0,2,3
2020-08-31,US,Louisiana,Claiborne,376,13,0,32.82308512,-92.99526883,22027.0,2399.489470325463,3.4574468085106385,363,373,13,0,360,355,15944,3,0,0,3,18
2020-08-31,US,Louisiana,Concordia,433,10,0,31.44817835,-91.63814433,22029.0,2248.299496339374,2.3094688221709005,423,433,10,0,423,427,19572,0,0,0,0,6
2020-08-31,US,Louisiana,De Soto,817,33,0,32.05457447,-93.74130302,22031.0,2974.9116993773437,4.039167686658507,784,816,33,0,783,810,27436,1,0,0,1,6
2020-08-31,US,Louisiana,East Baton Rouge,13778,410,0,30.53842039,-91.09777565,22033.0,3130.9438052624764,2.9757584555087817,13368,13727,411,0,13316,13573,440956,51,-1,0,52,154
2020-08-31,US,Louisiana,East Carroll,533,3,0,32.73926954,-91.23425694,22035.0,7768.546859058446,0.5628517823639775,530,532,3,0,529,531,7037,1,0,0,1,1
2020-08-31,US,Louisiana,East Feliciana,1092,45,0,30.84425359,-91.04976723,22037.0,5706.819963417821,4.12087912087912,1047,1079,43,0,1036,1054,19305,13,2,0,11,25
2020-08-31,US,Louisiana,Evangeline,1119,24,0,30.72985248,-92.39915924,22039.0,3350.801018116485,2.1447721179624666,1095,1115,24,0,1091,1033,33443,4,0,0,4,82
2020-08-31,US,Louisiana,Franklin,1086,30,0,32.13675181,-91.67589857,22041.0,5425.930552085935,2.7624309392265194,1056,1081,29,0,1052,1077,20156,5,1,0,4,4
2020-08-31,US,Louisiana,Grant,430,28,0,31.59882456,-92.56124347,22043.0,1920.5860020545804,6.511627906976744,402,430,27,0,403,406,22482,0,1,0,-1,24
2020-08-31,US,Louisiana,Iberia,2715,87,0,29.86803617,-91.75871777,22045.0,3888.013747672921,3.2044198895027622,2628,2711,87,0,2624,2701,70941,4,0,0,4,10
2020-08-31,US,Louisiana,Iberville,1332,54,0,30.25734305,-91.3499598,22047.0,4097.074836209283,4.0540540540540535,1278,1331,54,0,1277,1321,32721,1,0,0,1,10
2020-08-31,US,Louisiana,Jackson,477,21,0,32.30251776,-92.55692092,22049.0,3029.7256097560976,4.402515723270441,456,470,21,0,449,451,15902,7,0,0,7,19
2020-08-31,US,Louisiana,Jefferson,16461,546,0,29.74075478,-90.11115756,22051.0,3806.073161877765,3.3169309276471663,15915,16438,545,0,15893,16315,434051,23,1,0,22,123
2020-08-31,US,Louisiana,Jefferson Davis,1160,35,0,30.26896765,-92.81210004,22053.0,3698.036215251212,3.0172413793103448,1125,1160,35,0,1125,1157,31582,0,0,0,0,3
2020-08-31,US,Louisiana,LaSalle,381,5,0,31.67884782,-92.15907765,22059.0,2558.420628525383,1.3123359580052494,376,382,5,0,377,382,14917,-1,0,0,-1,0
2020-08-31,US,Louisiana,Lafayette,8275,111,0,30.2049055,-92.06959876,22055.0,3385.9814231351534,1.341389728096677,8164,8251,110,0,8141,8216,242782,24,1,0,23,35
2020-08-31,US,Louisiana,Lafourche,3268,108,0,29.52470226,-90.40976986,22057.0,3347.880426987932,3.3047735618115057,3160,3263,108,0,3155,3245,98115,5,0,0,5,18
2020-08-31,US,Louisiana,Lincoln,906,40,0,32.6003154,-92.66597409999999,22061.0,1938.2996020709427,4.415011037527594,866,905,40,0,865,896,47196,1,0,0,1,9
2020-08-31,US,Louisiana,Livingston,3364,66,0,30.44143993,-90.73061664,22063.0,2389.3912166433456,1.961950059453032,3298,3368,65,0,3303,3356,139567,-4,1,0,-5,12
2020-08-31,US,Louisiana,Madison,791,7,0,32.36918118,-91.23973355,22065.0,7223.084649803671,0.8849557522123894,784,790,7,0,783,783,11161,1,0,0,1,7
2020-08-31,US,Louisiana,Morehouse,597,17,0,32.81686191,-91.80421614,22067.0,2400.0964862909063,2.847571189279732,580,595,17,0,578,587,25398,2,0,0,2,8
2020-08-31,US,Louisiana,Natchitoches,919,22,0,31.72321584,-93.09816516,22069.0,2408.407149221657,2.3939064200217626,897,920,22,0,898,912,38659,-1,0,0,-1,8
2020-08-31,US,Louisiana,Orleans,11514,577,0,30.06971951,-89.92660315,22071.0,2951.218011811024,5.011290602744485,10937,11494,577,0,10917,11326,391006,20,0,0,20,168
2020-08-31,US,Louisiana,Ouachita,5481,128,0,32.47645559,-92.15704172,22073.0,3575.8323057953144,2.3353402663747493,5353,5468,128,0,5340,5441,154475,13,0,0,13,27
2020-08-31,US,Louisiana,Plaquemines,525,19,0,29.42245447,-89.60322085,22075.0,2263.223692718886,3.6190476190476186,506,521,19,0,502,491,23410,4,0,0,4,30
2020-08-31,US,Louisiana,Pointe Coupee,948,37,0,30.71409502,-91.60209535,22077.0,4362.632305568339,3.9029535864978895,911,941,37,0,904,930,21940,7,0,0,7,11
2020-08-31,US,Louisiana,Rapides,3833,135,0,31.19778499,-92.52997303,22079.0,2956.466740713316,3.522045395251761,3698,3827,135,0,3692,3742,130562,6,0,0,6,85
2020-08-31,US,Louisiana,Red River,320,20,0,32.09530039,-93.34213308,22081.0,3790.570954750059,6.25,300,318,20,0,298,313,8477,2,0,0,2,5
2020-08-31,US,Louisiana,Richland,687,9,0,32.41391005,-91.76634876,22083.0,3414.1735413974748,1.310043668122271,678,686,9,0,677,682,20192,1,0,0,1,4
2020-08-31,US,Louisiana,Sabine,743,13,0,31.56388699,-93.55433981,22085.0,3110.869201138837,1.749663526244953,730,742,13,0,729,735,24032,1,0,0,1,7
2020-08-31,US,Louisiana,St. Bernard,1238,27,0,29.87761636,-89.51887093,22087.0,2620.438574210482,2.1809369951534734,1211,1233,27,0,1206,1221,46721,5,0,0,5,12
2020-08-31,US,Louisiana,St. Charles,1648,55,0,29.90709658,-90.35555967,22089.0,3103.578154425612,3.3373786407766985,1593,1643,55,0,1588,1628,52879,5,0,0,5,15
2020-08-31,US,Louisiana,St. Helena,365,2,0,30.82210324,-90.71013176,22091.0,3602.4476904855896,0.547945205479452,363,367,2,0,365,367,10262,-2,0,0,-2,0
2020-08-31,US,Louisiana,St. James,761,36,0,30.02531716,-90.80212061,22093.0,3607.3189230185817,4.730617608409987,725,759,36,0,723,757,21037,2,0,0,2,2
2020-08-31,US,Louisiana,St. John the Baptist,1512,96,0,30.12597499,-90.4753503,22095.0,3529.65893970166,6.349206349206349,1416,1513,95,0,1418,1505,43184,-1,1,0,-2,8
2020-08-31,US,Louisiana,St. Landry,3098,113,0,30.59724262,-92.00135806,22097.0,3772.3442598996635,3.647514525500323,2985,3096,112,0,2984,3032,82764,2,1,0,1,64
2020-08-31,US,Louisiana,St. Martin,1962,56,0,30.13112107,-91.61403569,22099.0,3672.0256031142967,2.854230377166157,1906,1964,56,0,1908,1930,53621,-2,0,0,-2,34
2020-08-31,US,Louisiana,St. Mary,1762,70,0,29.69262097,-91.44702164,22101.0,3570.560103752938,3.9727582292849033,1692,1757,69,0,1688,1754,49774,5,1,0,4,3
2020-08-31,US,Louisiana,St. Tammany,6053,237,0,30.40942847,-89.95642711,22103.0,2324.3311739926808,3.91541384437469,5816,6037,236,0,5801,5940,258111,16,1,0,15,97
2020-08-31,US,Louisiana,Tangipahoa,4046,98,0,30.62888673,-90.40664996,22105.0,3002.419151367637,2.4221453287197234,3948,4030,97,0,3933,3985,133777,16,1,0,15,45
2020-08-31,US,Louisiana,Tensas,146,1,0,32.00760749,-91.32915234,22107.0,3368.7125057683434,0.6849315068493149,145,147,1,0,146,137,4462,-1,0,0,-1,10
2020-08-31,US,Louisiana,Terrebonne,3343,99,0,29.37343766,-90.82626855,22109.0,3026.407510343017,2.961411905474125,3244,3333,98,0,3235,3294,111021,10,1,0,9,39
2020-08-31,US,Louisiana,Unassigned,190,163,0,0.0,0.0,90022.0,0.0,85.78947368421052,27,188,163,0,25,187,,2,0,0,2,1
2020-08-31,US,Louisiana,Union,825,39,0,32.83121059,-92.3749373,22111.0,3731.680839515107,4.727272727272728,786,823,39,0,784,818,22330,2,0,0,2,5
2020-08-31,US,Louisiana,Vermilion,1867,46,0,29.83517605,-92.30292538,22113.0,3137.235133000621,2.463845741831816,1821,1861,44,0,1817,1864,59830,6,2,0,4,-3
2020-08-31,US,Louisiana,Vernon,954,39,0,31.10884837,-93.18153838,22115.0,2011.427607581859,4.088050314465409,915,956,39,0,917,951,48860,-2,0,0,-2,5
2020-08-31,US,Louisiana,Washington,1460,60,0,30.85288548,-90.03866652,22117.0,3160.58362557908,4.109589041095891,1400,1460,60,0,1400,1446,46582,0,0,0,0,14
2020-08-31,US,Louisiana,Webster,1032,19,0,32.70847669,-93.33121835,22119.0,2691.7057902973397,1.8410852713178292,1013,1030,19,0,1011,1020,38798,2,0,0,2,10
2020-08-31,US,Louisiana,West Baton Rouge,833,39,0,30.46058217,-91.30989571,22121.0,3147.5533723786134,4.68187274909964,794,832,39,0,793,826,26427,1,0,0,1,6
2020-08-31,US,Louisiana,West Carroll,315,9,0,32.78550125,-91.461201,22123.0,2908.5872576177285,2.8571428571428568,306,312,9,0,303,312,10982,3,0,0,3,0
2020-08-31,US,Louisiana,West Feliciana,553,20,0,30.87882871,-91.41485379999999,22125.0,3552.158273381295,3.6166365280289328,533,549,20,0,529,547,15460,4,0,0,4,2
2020-08-31,US,Louisiana,Winn,548,16,0,31.94449367,-92.63789413,22127.0,3941.311852704258,2.9197080291970803,532,546,16,0,530,542,14134,2,0,0,2,4
2020-08-31,US,Maine,Androscoggin,613,10,0,44.1664747,-70.20380627,23001.0,566.1405469305578,1.6313213703099512,603,612,10,0,602,610,107679,1,0,0,1,2
2020-08-31,US,Maine,Aroostook,38,1,0,46.65926321,-68.59841248,23003.0,56.66989784505257,2.631578947368421,37,38,1,0,37,38,67111,0,0,0,0,0
2020-08-31,US,Maine,Cumberland,2191,70,0,43.8370751,-70.37226999,23005.0,742.7043114815782,3.194888178913738,2121,2187,70,0,2117,2183,293557,4,0,0,4,4
2020-08-31,US,Maine,Franklin,53,1,0,44.97330019,-70.44381045,23007.0,175.5025000827842,1.8867924528301887,52,53,1,0,52,50,29897,0,0,0,0,3
2020-08-31,US,Maine,Hancock,45,1,0,44.59816444,-68.38401854,23009.0,81.83752523323695,2.2222222222222223,44,45,1,0,44,45,54811,0,0,0,0,0
2020-08-31,US,Maine,Kennebec,190,11,0,44.40759555,-69.76738544,23011.0,155.35314222171343,5.789473684210527,179,188,11,0,177,187,122083,2,0,0,2,1
2020-08-31,US,Maine,Knox,29,1,0,44.11486325,-69.10529169,23013.0,72.91561902846225,3.4482758620689653,28,29,1,0,28,29,39771,0,0,0,0,0
2020-08-31,US,Maine,Lincoln,36,1,0,44.05996956,-69.54227124,23015.0,103.94410117225848,2.7777777777777777,35,36,1,0,35,35,34342,0,0,0,0,1
2020-08-31,US,Maine,Oxford,64,0,0,44.49952995,-70.75682123,23017.0,110.39241052177664,0.0,64,61,0,0,61,60,57618,3,0,0,3,1
2020-08-31,US,Maine,Penobscot,229,6,0,45.40194593,-68.65020455,23019.0,150.51134421747247,2.6200873362445414,223,229,6,0,223,228,151096,0,0,0,0,1
2020-08-31,US,Maine,Piscataquis,8,0,0,45.83839062,-69.2860223,23021.0,47.66160262138814,0.0,8,8,0,0,8,8,16800,0,0,0,0,0
2020-08-31,US,Maine,Sagadahoc,61,0,0,43.95415864,-69.85074999,23023.0,170.12494422132974,0.0,61,60,0,0,60,60,35634,1,0,0,1,0
2020-08-31,US,Maine,Somerset,51,1,0,45.51229767,-69.95995554,23025.0,101.02210601378654,1.96078431372549,50,51,1,0,50,50,50592,0,0,0,0,1
2020-08-31,US,Maine,Unassigned,3,0,0,0.0,0.0,90023.0,0.0,0.0,3,3,0,0,3,3,,0,0,0,0,0
2020-08-31,US,Maine,Waldo,69,14,0,44.4858305,-69.12061935,23027.0,173.73788241218682,20.28985507246377,55,69,14,0,55,69,39694,0,0,0,0,0
2020-08-31,US,Maine,Washington,15,0,0,45.01607142,-67.62813524,23029.0,47.802670575862855,0.0,15,15,0,0,15,15,31490,0,0,0,0,0
2020-08-31,US,Maine,York,834,15,0,43.47808377,-70.71052375,23031.0,401.65477916211154,1.7985611510791366,819,830,15,0,815,822,206229,4,0,0,4,8
2020-08-31,US,Maryland,Allegany,393,20,0,39.62357628,-78.69280486,24001.0,558.1117927743694,5.089058524173028,373,391,20,0,371,391,70975,2,0,0,2,0
2020-08-31,US,Maryland,Anne Arundel,8351,236,0,39.00670238,-76.60329337,24003.0,1441.7316663041186,2.826008861214226,8115,8300,236,0,8064,8264,576031,51,0,0,51,36
2020-08-31,US,Maryland,Baltimore,15479,602,0,39.45784712,-76.62911955,24005.0,1870.8679309136176,3.8891401253310938,14877,15382,601,0,14781,15274,828431,97,1,0,96,108
2020-08-31,US,Maryland,Baltimore City,14478,463,0,39.30211911,-76.61151012,24510.0,2439.468230298741,3.197955518718055,14015,14424,463,0,13961,14383,621342,54,0,0,54,41
2020-08-31,US,Maryland,Calvert,788,28,0,38.53961642,-76.56820632,24009.0,851.6617130505267,3.5532994923857872,760,786,28,0,758,783,92003,2,0,0,2,3
2020-08-31,US,Maryland,Caroline,510,3,0,38.87172293,-75.82904158,24011.0,1526.6718553553253,0.5882352941176471,507,504,3,0,501,496,33304,6,0,0,6,8
2020-08-31,US,Maryland,Carroll,1694,123,0,39.56453592,-77.02373735,24013.0,1005.6575658812565,7.2609208972845325,1571,1686,123,0,1563,1679,168429,8,0,0,8,7
2020-08-31,US,Maryland,Cecil,788,31,0,39.56647682,-75.94627411,24015.0,766.1270720917798,3.934010152284264,757,782,31,0,751,776,102826,6,0,0,6,6
2020-08-31,US,Maryland,Charles,2394,94,0,38.51092331,-76.98580666,24017.0,1466.3996030798064,3.926482873851295,2300,2382,94,0,2288,2366,161503,12,0,0,12,16
2020-08-31,US,Maryland,Dorchester,461,6,0,38.45413522,-76.02752426,24019.0,1443.82849447211,1.3015184381778742,455,458,6,0,452,451,31998,3,0,0,3,7
2020-08-31,US,Maryland,Frederick,3492,125,0,39.47296601,-77.39999394,24021.0,1345.4210605400951,3.579610538373425,3367,3477,125,0,3352,3459,255648,15,0,0,15,18
2020-08-31,US,Maryland,Garrett,63,0,0,39.52786077,-79.27355126,24023.0,217.1365547666644,0.0,63,63,0,0,63,63,29163,0,0,0,0,0
2020-08-31,US,Maryland,Harford,2475,69,0,39.55010644,-76.30775940000002,24025.0,968.9125864681081,2.787878787878788,2406,2459,69,0,2390,2437,253956,16,0,0,16,22
2020-08-31,US,Maryland,Howard,4381,117,0,39.25305293,-76.93126208,24027.0,1345.1441554852775,2.6706231454005933,4264,4367,117,0,4250,4354,323196,14,0,0,14,13
2020-08-31,US,Maryland,Kent,263,24,0,39.24976208,-76.04741541,24029.0,1354.134486664607,9.125475285171104,239,263,24,0,239,261,19383,0,0,0,0,2
2020-08-31,US,Maryland,Montgomery,20006,821,0,39.13676329,-77.20358245,24031.0,1904.0857038435768,4.103768869339199,19185,19946,820,0,19126,19866,1052567,60,1,0,59,80
2020-08-31,US,Maryland,Prince George's,26215,792,0,38.83070039,-76.8496441,24033.0,2882.901310529656,3.0211710852565323,25423,26151,791,0,25360,26064,909308,64,1,0,63,87
2020-08-31,US,Maryland,Queen Anne's,553,26,0,39.06198912,-76.03530977,24035.0,1097.6360135765467,4.701627486437613,527,543,26,0,517,540,50251,10,0,0,10,3
2020-08-31,US,Maryland,Somerset,195,4,0,38.1163542,-75.75118623,24039.0,761.2429731417864,2.051282051282051,191,192,4,0,188,192,25675,3,0,0,3,0
2020-08-31,US,Maryland,St. Mary's,1112,55,0,38.30058422,-76.60629279999998,24037.0,979.6493700995508,4.946043165467626,1057,1108,55,0,1053,1103,112664,4,0,0,4,5
2020-08-31,US,Maryland,Talbot,473,4,0,38.76618159,-76.10882561,24041.0,1272.1551329980366,0.8456659619450317,469,472,4,0,468,469,36968,1,0,0,1,3
2020-08-31,US,Maryland,Unassigned,0,8,0,0.0,0.0,90024.0,0.0,0.0,-8,0,8,0,-8,0,,0,0,0,0,0
2020-08-31,US,Maryland,Washington,1312,33,0,39.60835778,-77.82002295,24043.0,868.5923111043436,2.5152439024390243,1279,1308,33,0,1275,1288,150926,4,0,0,4,20
2020-08-31,US,Maryland,Wicomico,1565,47,0,38.37301947,-75.62705831,24045.0,1510.48654074453,3.0031948881789137,1518,1547,47,0,1500,1538,103195,18,0,0,18,9
2020-08-31,US,Maryland,Worcester,808,24,0,38.21274277,-75.33200012,24047.0,1545.6423597826918,2.9702970297029703,784,800,24,0,776,797,51823,8,0,0,8,3
2020-08-31,US,Massachusetts,Barnstable,1624,165,0,41.72980578,-70.28854339,25001.0,762.4771116014838,10.160098522167488,1459,1619,165,0,1454,1610,213413,5,0,0,5,9
2020-08-31,US,Massachusetts,Berkshire,662,46,0,42.37428441,-73.20524838,25003.0,529.8373671404789,6.948640483383686,616,661,46,0,615,660,126348,1,0,0,1,1
2020-08-31,US,Massachusetts,Bristol,9141,659,0,41.79228404,-71.10872211,25005.0,1617.2549657918994,7.209276884367138,8482,9108,659,0,8449,9095,564022,33,0,0,33,13
2020-08-31,US,Massachusetts,Dukes and Nantucket,97,1,0,41.40674725,-70.68763497,0.0,337.61442344505934,1.0309278350515465,96,97,1,0,96,97,26707,0,0,0,0,0
2020-08-31,US,Massachusetts,Essex,18007,1239,0,42.6687626,-70.94687179,25009.0,2282.157676348548,6.88065752207475,16768,17979,1236,0,16743,17952,790638,28,3,0,25,27
2020-08-31,US,Massachusetts,Franklin,391,65,0,42.58119713,-72.58602547,25011.0,557.1387859789114,16.624040920716116,326,389,65,0,324,389,70963,2,0,0,2,0
2020-08-31,US,Massachusetts,Hampden,7664,746,0,42.13440424,-72.63235561,25013.0,1643.3233556045388,9.733820459290188,6918,7638,746,0,6892,7634,470406,26,0,0,26,4
2020-08-31,US,Massachusetts,Hampshire,1167,140,0,42.33997957,-72.65898478,25015.0,725.6108934900204,11.996572407883466,1027,1165,138,0,1027,1162,161355,2,2,0,0,3
2020-08-31,US,Massachusetts,Middlesex,25307,2070,0,42.48607732,-71.39049229,25017.0,1570.206347463143,8.179555063816336,23237,25237,2068,0,23169,25204,1614714,70,2,0,68,33
2020-08-31,US,Massachusetts,Norfolk,9530,1018,0,42.16073095,-71.20530408,25021.0,1348.3781967387074,10.68205666316894,8512,9503,1017,0,8486,9495,705388,27,1,0,26,8
2020-08-31,US,Massachusetts,Plymouth,9097,742,0,41.94070556,-70.80802823,25023.0,1745.3885441728924,8.156535121468616,8355,9084,741,0,8343,9069,518132,13,1,0,12,15
2020-08-31,US,Massachusetts,Suffolk,22354,1109,0,42.327951399999996,-71.07850442,25025.0,2780.6699033594678,4.9610807909099055,21245,22285,1107,0,21178,22232,807252,69,2,0,67,53
2020-08-31,US,Massachusetts,Unassigned,10075,5,0,0.0,0.0,90025.0,0.0,0.04962779156327544,10070,10069,5,0,10064,10047,,6,0,0,6,22
2020-08-31,US,Massachusetts,Worcester,13417,1055,0,42.35026951,-71.90493363,25027.0,1615.2955255218378,7.863158679287472,12362,13395,1055,0,12340,13384,830839,22,0,0,22,11
2020-08-31,US,Michigan,Alcona,34,2,0,44.6846864,-83.59507875,26001.0,326.7659778952426,5.882352941176472,32,33,2,0,31,31,10362,1,0,0,1,2
2020-08-31,US,Michigan,Alger,17,0,0,46.41292944,-86.60260122,26003.0,186.649099692578,0.0,17,17,0,0,17,17,9097,0,0,0,0,0
2020-08-31,US,Michigan,Allegan,643,6,0,42.59147037,-85.89102866,26005.0,544.5414588291088,0.9331259720062208,637,637,6,0,631,620,117327,6,0,0,6,17
2020-08-31,US,Michigan,Alpena,132,14,0,45.03477666,-83.62212411,26007.0,464.70691779616266,10.606060606060606,118,132,14,0,118,132,28360,0,0,0,0,0
2020-08-31,US,Michigan,Antrim,60,0,0,44.99690221,-85.15503082,26009.0,257.2457554450352,0.0,60,58,0,0,58,54,23365,2,0,0,2,4
2020-08-31,US,Michigan,Arenac,59,3,0,44.0636262,-83.89277559,26011.0,396.4254518578244,5.084745762711863,56,55,3,0,52,53,15041,4,0,0,4,2
2020-08-31,US,Michigan,Baraga,8,0,0,46.6720582,-88.36363591,26013.0,97.45401388719698,0.0,8,8,0,0,8,8,8320,0,0,0,0,0
2020-08-31,US,Michigan,Barry,214,2,0,42.59513984,-85.30834519,26015.0,347.68480909829407,0.9345794392523364,212,215,2,0,213,212,61157,-1,0,0,-1,3
2020-08-31,US,Michigan,Bay,825,41,0,43.70639106,-83.98731479,26017.0,799.9922424994667,4.96969696969697,784,814,41,0,773,803,103923,11,0,0,11,11
2020-08-31,US,Michigan,Benzie,47,2,0,44.63899297,-86.01608482,26019.0,264.55026455026456,4.25531914893617,45,46,2,0,44,46,17753,1,0,0,1,0
2020-08-31,US,Michigan,Berrien,1614,70,0,41.95447397,-86.41313079999998,26021.0,1052.1443797628438,4.337050805452292,1544,1604,70,0,1534,1593,154141,10,0,0,10,11
2020-08-31,US,Michigan,Branch,483,3,0,41.91600556,-85.05929476,26023.0,1109.9110692373094,0.6211180124223602,480,472,3,0,469,462,43622,11,0,0,11,10
2020-08-31,US,Michigan,Calhoun,994,44,0,42.24633834,-85.00493569,26025.0,740.9119030404222,4.4265593561368215,950,983,44,0,939,958,134487,11,0,0,11,25
2020-08-31,US,Michigan,Cass,412,16,0,41.91522292,-85.99405727,26027.0,795.5664549018094,3.8834951456310685,396,411,17,0,394,402,51653,1,-1,0,2,9
2020-08-31,US,Michigan,Charlevoix,72,2,0,45.37790017,-85.19614053,26029.0,275.40833110201584,2.7777777777777777,70,73,2,0,71,70,26244,-1,0,0,-1,3
2020-08-31,US,Michigan,Cheboygan,79,2,0,45.44787015,-84.50122149,26031.0,312.549454027536,2.5316455696202533,77,79,2,0,77,72,25413,0,0,0,0,7
2020-08-31,US,Michigan,Chippewa,57,0,0,46.29552653,-84.54353449,26033.0,152.61452783207048,0.0,57,57,0,0,57,56,37517,0,0,0,0,1
2020-08-31,US,Michigan,Clare,99,4,0,43.98794227,-84.84819859999998,26035.0,319.87075928917614,4.040404040404041,95,100,4,0,96,99,30757,-1,0,0,-1,1
2020-08-31,US,Michigan,Clinton,488,13,0,42.94400871,-84.60145248,26037.0,613.1038381807903,2.6639344262295084,475,488,13,0,475,476,79332,0,0,0,0,12
2020-08-31,US,Michigan,Crawford,113,5,0,44.68255561,-84.61006219,26039.0,805.4743745099437,4.424778761061948,108,113,5,0,108,113,13901,0,0,0,0,0
2020-08-31,US,Michigan,Delta,157,3,0,45.90484910000001,-86.9080745,26041.0,438.7435725463895,1.9108280254777068,154,151,3,0,148,142,35857,6,0,0,6,9
2020-08-31,US,Michigan,Dickinson,65,2,0,46.00999672,-87.86961634,26043.0,257.53793731922815,3.0769230769230766,63,65,2,0,63,64,25383,0,0,0,0,1
2020-08-31,US,Michigan,Eaton,512,8,0,42.59599185,-84.83740035,26045.0,464.32328508724197,1.5625,504,510,8,0,502,509,109826,2,0,0,2,1
2020-08-31,US,Michigan,Emmet,125,2,0,45.52625509,-84.89083249,26047.0,374.0834954361814,1.6,123,122,2,0,120,112,33308,3,0,0,3,10
2020-08-31,US,Michigan,Federal Correctional Institution (FCI),196,5,0,0.0,0.0,0.0,0.0,2.5510204081632653,191,196,5,0,191,195,,0,0,0,0,1
2020-08-31,US,Michigan,Genesee,3967,305,0,43.02244215,-83.70589709,26049.0,977.5438440858228,7.68842954373582,3662,3960,305,0,3655,3942,406892,7,0,0,7,18
2020-08-31,US,Michigan,Gladwin,78,2,0,43.98901072,-84.38774817,26051.0,306.4953436284333,2.5641025641025643,76,75,2,0,73,75,25337,3,0,0,3,0
2020-08-31,US,Michigan,Gogebic,144,1,0,46.40862701,-89.69377193,26053.0,1030.4114490161003,0.6944444444444444,143,144,1,0,143,142,15096,0,0,0,0,2
2020-08-31,US,Michigan,Grand Traverse,353,6,0,44.69565625,-85.55585247,26055.0,379.21106909590935,1.69971671388102,347,347,6,0,341,336,92573,6,0,0,6,11
2020-08-31,US,Michigan,Gratiot,188,15,0,43.29265605,-84.60505416,26057.0,461.7916533614994,7.978723404255319,173,185,15,0,170,183,40599,3,0,0,3,2
2020-08-31,US,Michigan,Hillsdale,303,26,0,41.88753639,-84.59312019,26059.0,664.4008332419688,8.58085808580858,277,302,26,0,276,300,45749,1,0,0,1,2
2020-08-31,US,Michigan,Houghton,74,1,0,46.89988536,-88.68495385,26061.0,207.37585472480663,1.351351351351351,73,72,1,0,71,64,36219,2,0,0,2,8
2020-08-31,US,Michigan,Huron,201,4,0,43.83353985,-83.04078453,26063.0,648.7847390336012,1.9900497512437807,197,200,4,0,196,197,31166,1,0,0,1,3
2020-08-31,US,Michigan,Ingham,1783,41,0,42.59716886,-84.37472069,26065.0,609.76860939926,2.2994952327537863,1742,1772,39,0,1733,1749,292735,11,2,0,9,23
2020-08-31,US,Michigan,Ionia,298,7,0,42.94502238,-85.07413319,26067.0,460.6086835556517,2.348993288590604,291,297,7,0,290,292,64210,1,0,0,1,5
2020-08-31,US,Michigan,Iosco,143,12,0,44.35486835,-83.63484895,26069.0,569.1089266526047,8.391608391608392,131,143,12,0,131,141,25081,0,0,0,0,2
2020-08-31,US,Michigan,Iron,35,1,0,46.20974132,-88.53136251,26071.0,316.2841135008133,2.8571428571428568,34,33,1,0,32,27,11117,2,0,0,2,6
2020-08-31,US,Michigan,Isabella,491,9,0,43.64060976,-84.84664923,26073.0,702.7135333180673,1.8329938900203664,482,472,9,0,463,439,70562,19,0,0,19,33
2020-08-31,US,Michigan,Jackson,827,40,0,42.24807035,-84.42258681,26075.0,521.7336445650117,4.836759371221283,787,820,40,0,780,809,158823,7,0,0,7,11
2020-08-31,US,Michigan,Kalamazoo,1942,88,0,42.24542231,-85.53038622,26077.0,732.6477179268559,4.531410916580844,1854,1935,88,0,1847,1912,264870,7,0,0,7,23
2020-08-31,US,Michigan,Kalkaska,65,4,0,44.68512729,-85.09085699,26079.0,360.3503714380752,6.153846153846153,61,65,4,0,61,63,17824,0,0,0,0,2
2020-08-31,US,Michigan,Kent,8484,167,0,43.03197711,-85.54934642,26081.0,1291.4126538347375,1.9684111268269684,8317,8443,167,0,8276,8347,653786,41,0,0,41,96
2020-08-31,US,Michigan,Keweenaw,2,0,0,47.63197653,-88.41434263,26083.0,94.5179584120983,0.0,2,2,0,0,2,2,2113,0,0,0,0,0
2020-08-31,US,Michigan,Lake,29,0,0,43.99050893,-85.802173,26085.0,244.6637981945499,0.0,29,29,0,0,29,29,11881,0,0,0,0,0
2020-08-31,US,Michigan,Lapeer,536,35,0,43.09052506,-83.22153148,26087.0,611.8232561325008,6.529850746268656,501,533,35,0,498,525,88028,3,0,0,3,8
2020-08-31,US,Michigan,Leelanau,91,1,0,44.94430054,-85.80150326,26089.0,418.1793116125178,1.0989010989010992,90,90,1,0,89,86,21764,1,0,0,1,4
2020-08-31,US,Michigan,Lenawee,570,13,0,41.89475156,-84.06603727,26091.0,578.9682176920497,2.280701754385965,557,561,13,0,548,543,98266,9,0,0,9,18
2020-08-31,US,Michigan,Livingston,1109,29,0,42.60302282,-83.91297209,26093.0,577.6192088335632,2.6149684400360687,1080,1096,29,0,1067,1070,191224,13,0,0,13,26
2020-08-31,US,Michigan,Luce,5,0,0,46.47227431,-85.54471223,26095.0,80.26970621287526,0.0,5,5,0,0,5,20,6283,0,0,0,0,-15
2020-08-31,US,Michigan,Mackinac,37,0,0,46.07028979,-85.04980537,26097.0,342.624317066395,0.0,37,36,0,0,36,34,10787,1,0,0,1,2
2020-08-31,US,Michigan,Macomb,12780,968,0,42.69158356,-82.92752801,26099.0,1462.2894097293736,7.574334898278559,11812,12755,968,0,11787,12562,874759,25,0,0,25,193
2020-08-31,US,Michigan,Manistee,54,1,0,44.33352407,-86.05626916,26101.0,219.88761299780109,1.851851851851852,53,54,1,0,53,53,24528,0,0,0,0,1
2020-08-31,US,Michigan,Marquette,244,11,0,46.4338914,-87.64043701,26103.0,365.82257605061545,4.508196721311474,233,243,11,0,232,238,66516,1,0,0,1,5
2020-08-31,US,Michigan,Mason,120,0,0,43.99509218,-86.24988902,26105.0,411.7485588800438,0.0,120,119,0,0,119,116,29100,1,0,0,1,3
2020-08-31,US,Michigan,Mecosta,88,2,0,43.64064262,-85.32463223,26107.0,202.51766276206482,2.272727272727273,86,86,2,0,84,83,43545,2,0,0,2,3
2020-08-31,US,Michigan,Menominee,250,0,0,45.58038692,-87.55370409,26109.0,1097.453906935909,0.0,250,246,0,0,246,243,22983,4,0,0,4,3
2020-08-31,US,Michigan,Michigan Department of Corrections (MDOC),5284,71,0,0.0,0.0,0.0,0.0,1.3436790310370932,5213,5276,71,0,5205,5189,,8,0,0,8,87
2020-08-31,US,Michigan,Midland,417,11,0,43.64330771,-84.38804374,26111.0,501.467122035692,2.6378896882494005,406,413,11,0,402,407,83209,4,0,0,4,6
2020-08-31,US,Michigan,Missaukee,46,1,0,44.33772443,-85.09256478,26113.0,304.27305199100414,2.1739130434782608,45,44,1,0,43,45,15113,2,0,0,2,-1
2020-08-31,US,Michigan,Monroe,1320,27,0,41.92734151,-83.53749864,26115.0,877.0764119601329,2.0454545454545454,1293,1310,27,0,1283,1269,150439,10,0,0,10,41
2020-08-31,US,Michigan,Montcalm,224,4,0,43.31082541,-85.15252824,26117.0,350.6135737540696,1.7857142857142858,220,225,4,0,221,220,63968,-1,0,0,-1,5
2020-08-31,US,Michigan,Montmorency,12,0,0,45.0275929,-84.12696227,26119.0,128.6449399656947,0.0,12,12,0,0,12,12,9265,0,0,0,0,0
2020-08-31,US,Michigan,Muskegon,1339,67,0,43.29123859,-86.15176712,26121.0,771.4644573245912,5.0037341299477225,1272,1335,67,0,1268,1316,173588,4,0,0,4,19
2020-08-31,US,Michigan,Newaygo,298,1,0,43.554373999999996,-85.80070107,26123.0,608.4115965700286,0.3355704697986577,297,296,0,0,296,291,48892,2,1,0,1,5
2020-08-31,US,Michigan,Oakland,18053,1163,0,42.66090111,-83.38595416,26125.0,1435.530350258909,6.4421425801805805,16890,17996,1163,0,16833,17794,1259201,57,0,0,57,202
2020-08-31,US,Michigan,Oceana,501,6,0,43.64124435,-86.26726673,26127.0,1892.9232629311973,1.1976047904191616,495,500,6,0,494,499,26625,1,0,0,1,1
2020-08-31,US,Michigan,Ogemaw,58,4,0,44.33481032,-84.12725175,26129.0,276.22993761013475,6.896551724137932,54,57,4,0,53,57,20952,1,0,0,1,0
2020-08-31,US,Michigan,Ontonagon,34,0,0,46.665226200000006,-89.31390481,26131.0,594.4055944055945,0.0,34,34,0,0,34,34,5795,0,0,0,0,0
2020-08-31,US,Michigan,Osceola,79,0,0,43.98992088,-85.32566756,26133.0,336.74339300937766,0.0,79,77,0,0,77,76,23341,2,0,0,2,1
2020-08-31,US,Michigan,Oscoda,29,1,0,44.68192279,-84.12939244,26135.0,351.8990413784735,3.4482758620689653,28,29,1,0,28,29,8276,0,0,0,0,0
2020-08-31,US,Michigan,Otsego,144,11,0,45.02085831,-84.59898295,26137.0,583.7522296092103,7.638888888888888,133,144,11,0,133,143,24665,0,0,0,0,1
2020-08-31,US,Michigan,Ottawa,2149,63,0,42.95996803,-85.9969107,26139.0,736.3876229311586,2.931596091205212,2086,2112,63,0,2049,2068,290494,37,0,0,37,44
2020-08-31,US,Michigan,Out of MI,113,0,0,0.0,0.0,80026.0,0.0,0.0,113,113,0,0,113,101,,0,0,0,0,12
2020-08-31,US,Michigan,Presque Isle,21,1,0,45.34018577,-83.91498656,26141.0,166.77255400254128,4.761904761904762,20,21,1,0,20,21,12738,0,0,0,0,0
2020-08-31,US,Michigan,Roscommon,76,4,0,44.33473082,-84.61067651,26143.0,316.41617053166243,5.2631578947368425,72,76,3,0,73,75,23884,0,1,0,-1,1
2020-08-31,US,Michigan,Saginaw,2528,133,0,43.33433923,-84.05131209999998,26145.0,1326.7625000656033,5.261075949367089,2395,2506,133,0,2373,2479,190800,22,0,0,22,27
2020-08-31,US,Michigan,Sanilac,125,7,0,43.42406072,-82.82055898,26151.0,303.6191401505951,5.6,118,125,7,0,118,123,41182,0,0,0,0,2
2020-08-31,US,Michigan,Schoolcraft,15,0,0,46.19235734,-86.19972234,26153.0,185.32246108228318,0.0,15,15,0,0,15,15,8068,0,0,0,0,0
2020-08-31,US,Michigan,Shiawassee,421,29,0,42.95392800000001,-84.14585902,26155.0,618.0088664454947,6.888361045130641,392,419,29,0,390,418,68192,2,0,0,2,1
2020-08-31,US,Michigan,St. Clair,923,53,0,42.92655373,-82.67937954,26147.0,580.0361972751496,5.742145178764898,870,919,53,0,866,908,159337,4,0,0,4,11
2020-08-31,US,Michigan,St. Joseph,683,11,0,41.91441767,-85.52797979,26149.0,1120.3333114625025,1.6105417276720349,672,680,11,0,669,676,61043,3,0,0,3,4
2020-08-31,US,Michigan,Tuscola,454,29,0,43.46606813,-83.41897025,26157.0,868.9826777682075,6.387665198237887,425,451,29,0,422,442,52516,3,0,0,3,9
2020-08-31,US,Michigan,Unassigned,19,0,0,0.0,0.0,90026.0,0.0,0.0,19,16,0,0,16,5,,3,0,0,3,11
2020-08-31,US,Michigan,Van Buren,628,16,0,42.25190229,-86.01939087,26159.0,829.8426206112822,2.5477707006369426,612,624,16,0,608,597,75448,4,0,0,4,27
2020-08-31,US,Michigan,Washtenaw,2903,115,0,42.253105,-83.83853204,26161.0,789.7149354871177,3.961419221495005,2788,2890,115,0,2775,2858,370963,13,0,0,13,32
2020-08-31,US,Michigan,Wayne,31231,2883,0,42.28098405,-83.281255,26163.0,1785.2988236154945,9.231212577246966,28348,31153,2881,0,28272,30955,1753893,78,2,0,76,198
2020-08-31,US,Michigan,Wexford,102,4,0,44.33853602,-85.57712739,26165.0,303.291605958788,3.92156862745098,98,99,4,0,95,93,33466,3,0,0,3,6
2020-08-31,US,Minnesota,Aitkin,48,1,0,46.60962049,-93.41168259999999,27001.0,302.15283897771616,2.083333333333333,47,48,1,0,47,48,15902,0,0,0,0,0
2020-08-31,US,Minnesota,Anoka,4741,121,0,45.27476015,-93.24604565,27003.0,1328.305143154928,2.5522041763341066,4620,4681,121,0,4560,4633,353813,60,0,0,60,48
2020-08-31,US,Minnesota,Becker,198,2,0,46.93479392,-95.67158144,27005.0,575.1968160822706,1.0101010101010102,196,197,2,0,195,192,34371,1,0,0,1,5
2020-08-31,US,Minnesota,Beltrami,321,1,0,47.97373527,-94.93732139,27007.0,680.2576926337205,0.3115264797507788,320,319,1,0,318,318,46847,2,0,0,2,1
2020-08-31,US,Minnesota,Benton,402,3,0,45.69804958,-93.99514135,27009.0,983.1495023111348,0.746268656716418,399,398,3,0,395,394,40545,4,0,0,4,4
2020-08-31,US,Minnesota,Big Stone,35,0,0,45.42712824,-96.41403739,27011.0,701.2622720897616,0.0,35,34,0,0,34,33,4989,1,0,0,1,1
2020-08-31,US,Minnesota,Blue Earth,1243,5,0,44.03554215,-94.06699781,27013.0,1837.3168965160446,0.4022526146419952,1238,1223,5,0,1218,1202,67427,20,0,0,20,21
2020-08-31,US,Minnesota,Brown,128,2,0,44.24205652,-94.72562874,27015.0,511.8362124120282,1.5625,126,130,2,0,128,124,25111,-2,0,0,-2,6
2020-08-31,US,Minnesota,Carlton,191,1,0,46.59180601,-92.67601019,27017.0,532.4635499428508,0.5235602094240838,190,188,1,0,187,187,35837,3,0,0,3,1
2020-08-31,US,Minnesota,Carver,1123,4,0,44.82017001,-93.80099179999999,27019.0,1068.6180285281998,0.3561887800534283,1119,1113,4,0,1109,1102,103551,10,0,0,10,11
2020-08-31,US,Minnesota,Cass,105,3,0,46.95043611,-94.32603968,27021.0,352.59746801437257,2.8571428571428568,102,103,3,0,100,103,29519,2,0,0,2,0
2020-08-31,US,Minnesota,Chippewa,135,1,0,45.02343421,-95.56403693,27023.0,1144.0677966101696,0.7407407407407407,134,135,1,0,134,135,11924,0,0,0,0,0
2020-08-31,US,Minnesota,Chisago,316,1,0,45.5021011,-92.90861945,27025.0,558.5111083617596,0.3164556962025317,315,311,1,0,310,296,55922,5,0,0,5,15
2020-08-31,US,Minnesota,Clay,880,40,0,46.89289518,-96.48761922,27027.0,1370.2469558718194,4.545454545454546,840,872,40,0,832,864,63955,8,0,0,8,8
2020-08-31,US,Minnesota,Clearwater,19,0,0,47.57992111,-95.37790562,27029.0,215.46836017237467,0.0,19,19,0,0,19,19,8810,0,0,0,0,0
2020-08-31,US,Minnesota,Cook,6,0,0,47.90504893,-90.52629546,27031.0,109.82976386600771,0.0,6,6,0,0,6,6,5393,0,0,0,0,0
2020-08-31,US,Minnesota,Cottonwood,203,0,0,44.00715262,-95.18138802,27033.0,1813.147552697392,0.0,203,200,0,0,200,197,11277,3,0,0,3,3
2020-08-31,US,Minnesota,Crow Wing,309,16,0,46.48096553,-94.06755609,27035.0,474.9827069402813,5.17799352750809,293,303,16,0,287,301,64889,6,0,0,6,2
2020-08-31,US,Minnesota,Dakota,5936,110,0,44.67172617,-93.06299363,27037.0,1383.6152542649427,1.8530997304582209,5826,5867,110,0,5757,5762,425423,69,0,0,69,105
2020-08-31,US,Minnesota,Dodge,158,0,0,44.02238415,-92.86244324,27039.0,754.7530333428873,0.0,158,157,0,0,157,154,20822,1,0,0,1,3
2020-08-31,US,Minnesota,Douglas,167,1,0,45.93348491,-95.45335469,27041.0,437.84903384808996,0.5988023952095808,166,166,1,0,165,160,37964,1,0,0,1,6
2020-08-31,US,Minnesota,Faribault,117,0,0,43.67381499,-93.94787458,27043.0,856.9545154911009,0.0,117,115,0,0,115,112,13758,2,0,0,2,3
2020-08-31,US,Minnesota,Fillmore,86,0,0,43.67394126,-92.08980382,27045.0,408.22138890207435,0.0,86,86,0,0,86,83,21058,0,0,0,0,3
2020-08-31,US,Minnesota,Freeborn,401,1,0,43.67385583,-93.34884422,27047.0,1324.2627390112614,0.2493765586034913,400,400,1,0,399,399,30444,1,0,0,1,1
2020-08-31,US,Minnesota,Goodhue,267,9,0,44.40849741,-92.72341949999999,27049.0,576.176089771256,3.3707865168539324,258,263,9,0,254,260,46403,4,0,0,4,3
2020-08-31,US,Minnesota,Grant,55,4,0,45.93424769,-96.01139609,27051.0,920.9645010046886,7.272727272727272,51,55,4,0,51,55,6021,0,0,0,0,0
2020-08-31,US,Minnesota,Hennepin,23134,879,0,45.00761521,-93.47694895,27053.0,1827.5568139176817,3.7996023169361113,22255,22984,879,0,22105,22736,1259428,150,0,0,150,248
2020-08-31,US,Minnesota,Houston,77,0,0,43.67129565,-91.49143057,27055.0,413.97849462365593,0.0,77,76,0,0,76,74,18578,1,0,0,1,2
2020-08-31,US,Minnesota,Hubbard,45,0,0,47.10778564,-94.91693868,27057.0,209.389977199758,0.0,45,44,0,0,44,43,21332,1,0,0,1,1
2020-08-31,US,Minnesota,Isanti,175,0,0,45.56181234,-93.29487636,27059.0,431.07695339442313,0.0,175,174,0,0,174,171,39966,1,0,0,1,3
2020-08-31,US,Minnesota,Itasca,198,12,0,47.51009045,-93.63092229,27061.0,438.7325504099269,6.0606060606060606,186,196,12,0,184,197,45108,2,0,0,2,-1
2020-08-31,US,Minnesota,Jackson,96,1,0,43.67423373,-95.15398258,27063.0,975.0152346130408,1.0416666666666667,95,95,1,0,94,95,9911,1,0,0,1,0
2020-08-31,US,Minnesota,Kanabec,65,5,0,45.9459309,-93.29275192,27065.0,397.8698659484605,7.6923076923076925,60,65,5,0,60,65,16207,0,0,0,0,0
2020-08-31,US,Minnesota,Kandiyohi,816,1,0,45.1526059,-95.00586446,27067.0,1888.932614180884,0.12254901960784312,815,814,1,0,813,810,42855,2,0,0,2,4
2020-08-31,US,Minnesota,Kittson,7,0,0,48.77754106,-96.78317184,27069.0,162.86644951140062,0.0,7,7,0,0,7,6,4248,0,0,0,0,1
2020-08-31,US,Minnesota,Koochiching,88,3,0,48.24539665,-93.78352843,27071.0,719.6009485648868,3.4090909090909087,85,87,3,0,84,87,12440,1,0,0,1,0
2020-08-31,US,Minnesota,Lac qui Parle,15,0,0,44.9973857,-96.17488219,27073.0,226.4834667069304,0.0,15,15,0,0,15,14,6658,0,0,0,0,1
2020-08-31,US,Minnesota,Lake,34,0,0,47.64270764,-91.44557998,27075.0,319.5188422140776,0.0,34,33,0,0,33,31,10658,1,0,0,1,2
2020-08-31,US,Minnesota,Lake of the Woods,7,0,0,48.77217001,-94.90274472,27077.0,187.16577540106945,0.0,7,7,0,0,7,7,3758,0,0,0,0,0
2020-08-31,US,Minnesota,Le Sueur,378,2,0,44.37136597,-93.72844721,27079.0,1308.5470973102088,0.5291005291005291,376,375,2,0,373,372,28494,3,0,0,3,3
2020-08-31,US,Minnesota,Lincoln,69,0,0,44.41311883,-96.26688165,27081.0,1223.6212094342968,0.0,69,68,0,0,68,65,5673,1,0,0,1,3
2020-08-31,US,Minnesota,Lyon,525,3,0,44.41327865,-95.83806103,27083.0,2060.9248645677944,0.5714285714285714,522,516,3,0,513,498,25629,9,0,0,9,18
2020-08-31,US,Minnesota,Mahnomen,35,1,0,47.32557075,-95.80921485,27087.0,633.2549303419578,2.8571428571428568,34,35,1,0,34,35,5519,0,0,0,0,0
2020-08-31,US,Minnesota,Marshall,36,0,0,48.35825983,-96.37017407,27089.0,385.60411311053986,0.0,36,35,0,0,35,33,9390,1,0,0,1,2
2020-08-31,US,Minnesota,Martin,236,6,0,43.67429718,-94.55099908,27091.0,1199.0042168368645,2.5423728813559316,230,231,6,0,225,229,19785,5,0,0,5,2
2020-08-31,US,Minnesota,McLeod,362,1,0,44.82367677,-94.27287017,27085.0,1008.5531997882596,0.27624309392265195,361,360,1,0,359,358,35873,2,0,0,2,2
2020-08-31,US,Minnesota,Meeker,108,2,0,45.12328869,-94.52839455,27093.0,465.07622082507964,1.851851851851852,106,108,2,0,106,105,23141,0,0,0,0,3
2020-08-31,US,Minnesota,Mille Lacs,102,3,0,45.93705297,-93.63236823,27095.0,388.1721657723484,2.9411764705882355,99,99,3,0,96,98,26139,3,0,0,3,1
2020-08-31,US,Minnesota,Morrison,117,1,0,46.01265363,-94.27341528,27097.0,350.4462948541305,0.8547008547008547,116,114,1,0,113,113,33169,3,0,0,3,1
2020-08-31,US,Minnesota,Mower,1179,3,0,43.67142874,-92.75234549,27099.0,2942.9384454096153,0.2544529262086514,1176,1176,3,0,1173,1174,40011,3,0,0,3,2
2020-08-31,US,Minnesota,Murray,141,1,0,44.02216709,-95.76328482,27101.0,1720.7712960702954,0.7092198581560284,140,141,1,0,140,142,8276,0,0,0,0,-1
2020-08-31,US,Minnesota,Nicollet,442,15,0,44.35291112,-94.24710352,27103.0,1289.6072824881835,3.3936651583710407,427,438,15,0,423,436,34220,4,0,0,4,2
2020-08-31,US,Minnesota,Nobles,1865,13,0,43.67434621,-95.75329576,27105.0,8622.682509593602,0.6970509383378016,1852,1863,13,0,1850,1855,21924,2,0,0,2,8
2020-08-31,US,Minnesota,Norman,46,0,0,47.32628443,-96.45620947,27107.0,721.5686274509802,0.0,46,46,0,0,46,45,6475,0,0,0,0,1
2020-08-31,US,Minnesota,Olmsted,2036,24,0,44.00374114,-92.40209944,27109.0,1286.2223850707232,1.1787819253438114,2012,2016,24,0,1992,2008,156277,20,0,0,20,8
2020-08-31,US,Minnesota,Otter Tail,294,4,0,46.40846929,-95.70835255,27111.0,500.45960576039215,1.3605442176870748,290,293,4,0,289,277,58812,1,0,0,1,16
2020-08-31,US,Minnesota,Pennington,88,1,0,48.06642577,-96.0370814,27113.0,623.2736029463844,1.1363636363636365,87,87,1,0,86,86,14178,1,0,0,1,1
2020-08-31,US,Minnesota,Pine,155,0,0,46.12105238,-92.74070188,27115.0,524.0204198924913,0.0,155,152,0,0,152,149,29483,3,0,0,3,3
2020-08-31,US,Minnesota,Pipestone,187,9,0,44.02301619,-96.25841142,27117.0,2049.090510628972,4.81283422459893,178,187,9,0,178,185,9047,0,0,0,0,2
2020-08-31,US,Minnesota,Polk,200,4,0,47.77372465,-96.40134647,27119.0,637.6737661012626,2.0,196,199,4,0,195,197,31529,1,0,0,1,2
2020-08-31,US,Minnesota,Pope,64,0,0,45.58606667,-95.44451209,27121.0,568.9394612854476,0.0,64,64,0,0,64,62,11097,0,0,0,0,2
2020-08-31,US,Minnesota,Ramsey,9203,298,0,45.01625271,-93.09872295,27123.0,1672.2967140995886,3.2380745409105725,8905,9132,298,0,8834,9070,550210,71,0,0,71,62
2020-08-31,US,Minnesota,Red Lake,29,0,0,47.87197525,-96.09561104,27125.0,715.1664611590628,0.0,29,29,0,0,29,28,3999,0,0,0,0,1
2020-08-31,US,Minnesota,Redwood,62,0,0,44.40555844,-95.25207021,27127.0,408.7013843111404,0.0,62,61,0,0,61,54,15249,1,0,0,1,7
2020-08-31,US,Minnesota,Renville,84,6,0,44.72836381,-94.94553734,27129.0,577.398955182843,7.142857142857142,78,84,6,0,78,81,14612,0,0,0,0,3
2020-08-31,US,Minnesota,Rice,1193,8,0,44.3543376,-93.29658715,27131.0,1781.3414561309205,0.6705783738474435,1185,1185,8,0,1177,1174,66523,8,0,0,8,11
2020-08-31,US,Minnesota,Rock,104,0,0,43.67482683,-96.25296832,27133.0,1116.4787976382179,0.0,104,103,0,0,103,102,9414,1,0,0,1,1
2020-08-31,US,Minnesota,Roseau,73,0,0,48.77501878,-95.81079919,27135.0,481.37157929442793,0.0,73,73,0,0,73,69,15150,0,0,0,0,4
2020-08-31,US,Minnesota,Scott,2010,31,0,44.6490231,-93.53340251,27139.0,1348.8756014575908,1.5422885572139304,1979,1992,31,0,1961,1965,147381,18,0,0,18,27
2020-08-31,US,Minnesota,Sherburne,915,13,0,45.44447208,-93.77617511,27141.0,940.990147884572,1.4207650273224044,902,910,13,0,897,892,96036,5,0,0,5,18
2020-08-31,US,Minnesota,Sibley,140,3,0,44.5796592,-94.23164924,27143.0,941.8096199125464,2.142857142857143,137,139,3,0,136,134,15028,1,0,0,1,5
2020-08-31,US,Minnesota,St. Louis,885,23,0,47.604840700000004,-92.46879855,27137.0,444.5672376550962,2.5988700564971747,862,867,23,0,844,851,199754,18,0,0,18,16
2020-08-31,US,Minnesota,Stearns,3268,22,0,45.55192576,-94.61078221,27145.0,2028.8685395002328,0.6731946144430845,3246,3244,22,0,3222,3229,159256,24,0,0,24,15
2020-08-31,US,Minnesota,Steele,433,2,0,44.02240351,-93.22627088,27147.0,1181.4783486588992,0.4618937644341801,431,428,2,0,426,423,36803,5,0,0,5,5
2020-08-31,US,Minnesota,Stevens,47,0,0,45.58613007,-96.00163705,27149.0,479.347271800102,0.0,47,45,0,0,45,38,9753,2,0,0,2,7
2020-08-31,US,Minnesota,Swift,65,1,0,45.2829032,-95.68264092,27151.0,701.4893157781136,1.5384615384615383,64,63,1,0,62,60,9345,2,0,0,2,3
2020-08-31,US,Minnesota,Todd,449,2,0,46.06996226,-94.89785296,27153.0,1820.4670775218945,0.44543429844098004,447,449,2,0,447,447,24582,0,0,0,0,2
2020-08-31,US,Minnesota,Traverse,21,0,0,45.77298854,-96.47062949,27155.0,644.3694384780607,0.0,21,21,0,0,21,21,3308,0,0,0,0,0
2020-08-31,US,Minnesota,Unassigned,159,49,0,0.0,0.0,90027.0,0.0,30.817610062893078,110,154,49,0,105,145,,5,0,0,5,9
2020-08-31,US,Minnesota,Wabasha,123,0,0,44.28424356,-92.23121312,27157.0,568.7335275350258,0.0,123,122,0,0,122,120,21645,1,0,0,1,2
2020-08-31,US,Minnesota,Wadena,49,0,0,46.58589171,-94.96968506,27159.0,358.1347756175997,0.0,49,49,0,0,49,48,13773,0,0,0,0,1
2020-08-31,US,Minnesota,Waseca,266,3,0,44.02211116,-93.58720034,27161.0,1429.1854717386636,1.1278195488721805,263,258,2,0,256,254,18691,8,1,0,7,4
2020-08-31,US,Minnesota,Washington,2996,54,0,45.03864533,-92.88429635,27163.0,1141.5942691662856,1.8024032042723632,2942,2962,54,0,2908,2916,259201,34,0,0,34,46
2020-08-31,US,Minnesota,Watonwan,443,4,0,43.97823903,-94.61413846,27165.0,4065.3390841516016,0.9029345372460496,439,438,4,0,434,426,10980,5,0,0,5,12
2020-08-31,US,Minnesota,Wilkin,51,3,0,46.35721532,-96.4684375,27167.0,821.6529724504593,5.882352941176472,48,51,3,0,48,50,6254,0,0,0,0,1
2020-08-31,US,Minnesota,Winona,446,17,0,43.98772283,-91.78081305,27169.0,883.4482212186039,3.8116591928251116,429,427,17,0,410,390,50825,19,0,0,19,37
2020-08-31,US,Minnesota,Wright,1251,6,0,45.17297924,-93.96234781,27171.0,904.0519739552092,0.4796163069544365,1245,1229,6,0,1223,1193,136349,22,0,0,22,36
2020-08-31,US,Minnesota,Yellow Medicine,87,1,0,44.71710183,-95.86842453,27173.0,896.0758059532393,1.1494252873563218,86,85,1,0,84,80,9795,2,0,0,2,5
2020-08-31,US,Mississippi,Adams,791,32,0,31.47669768,-91.35326037,28001.0,2577.134851594826,4.04551201011378,759,790,31,0,759,780,31192,1,1,0,0,10
2020-08-31,US,Mississippi,Alcorn,630,6,0,34.88084463,-88.57996173,28003.0,1704.8683462777042,0.9523809523809524,624,624,6,0,618,616,36925,6,0,0,6,8
2020-08-31,US,Mississippi,Amite,275,7,0,31.17467303,-90.80501621,28005.0,2236.317801089697,2.5454545454545454,268,273,7,0,266,272,12326,2,0,0,2,1
2020-08-31,US,Mississippi,Attala,583,25,0,33.08658803,-89.57838564,28007.0,3207.879388136899,4.288164665523157,558,583,25,0,558,581,18365,0,0,0,0,2
2020-08-31,US,Mississippi,Benton,193,1,0,34.81681228,-89.18945516,28009.0,2336.844654316503,0.5181347150259067,192,194,1,0,193,193,8271,-1,0,0,-1,1
2020-08-31,US,Mississippi,Bolivar,1492,49,0,33.79696941,-90.87372121,28011.0,4871.359540289931,3.284182305630027,1443,1488,49,0,1439,1462,31333,4,0,0,4,26
2020-08-31,US,Mississippi,Calhoun,470,10,0,33.93683395,-89.33686647,28013.0,3272.7525938305125,2.127659574468085,460,470,10,0,460,468,14436,0,0,0,0,2
2020-08-31,US,Mississippi,Carroll,292,12,0,33.44834567,-89.91994479,28015.0,2935.558459837137,4.109589041095891,280,291,12,0,279,289,9911,1,0,0,1,2
2020-08-31,US,Mississippi,Chickasaw,592,22,0,33.91983202,-88.9481545,28017.0,3461.3810442612407,3.716216216216216,570,584,20,0,564,581,17171,8,2,0,6,3
2020-08-31,US,Mississippi,Choctaw,155,4,0,33.34598242,-89.24809382,28019.0,1887.941534713764,2.5806451612903225,151,155,4,0,151,154,8278,0,0,0,0,1
2020-08-31,US,Mississippi,Claiborne,440,16,0,31.97061673,-90.90702196,28021.0,4895.416110369381,3.636363636363636,424,439,16,0,423,435,9002,1,0,0,1,4
2020-08-31,US,Mississippi,Clarke,462,30,0,32.04158545,-88.68896219999998,28023.0,2972.781674280933,6.493506493506493,432,462,30,0,432,437,15604,0,0,0,0,25
2020-08-31,US,Mississippi,Clay,473,15,0,33.65358105,-88.77784255,28025.0,2448.74715261959,3.171247357293869,458,472,15,0,457,469,19386,1,0,0,1,3
2020-08-31,US,Mississippi,Coahoma,984,19,0,34.22772299,-90.60415045,28027.0,4447.658651238474,1.9308943089430892,965,975,18,0,957,969,22628,9,1,0,8,6
2020-08-31,US,Mississippi,Copiah,1095,31,0,31.86977774,-90.44565118,28029.0,3901.6568679850348,2.8310502283105023,1064,1092,31,0,1061,1056,28543,3,0,0,3,36
2020-08-31,US,Mississippi,Covington,718,17,0,31.63225413,-89.55389939,28031.0,3852.758102597124,2.367688022284123,701,719,17,0,702,716,18853,-1,0,0,-1,3
2020-08-31,US,Mississippi,DeSoto,4624,44,0,34.87625235,-89.99091418,28033.0,2500.202762983589,0.9515570934256056,4580,4585,43,0,4542,4548,182001,39,1,0,38,37
2020-08-31,US,Mississippi,Forrest,2128,62,0,31.18961454,-89.25832496,28035.0,2841.235296473824,2.9135338345864663,2066,2125,61,0,2064,2119,75036,3,1,0,2,6
2020-08-31,US,Mississippi,Franklin,175,3,0,31.47786634,-90.89672989,28037.0,2268.896667963179,1.7142857142857142,172,175,3,0,172,175,7788,0,0,0,0,0
2020-08-31,US,Mississippi,George,685,13,0,30.86259065,-88.64436789,28039.0,2795.9183673469392,1.8978102189781019,672,684,13,0,671,679,24250,1,0,0,1,5
2020-08-31,US,Mississippi,Greene,295,14,0,31.21444233,-88.63922281,28041.0,2171.352863241573,4.7457627118644075,281,294,14,0,280,290,13586,1,0,0,1,4
2020-08-31,US,Mississippi,Grenada,947,32,0,33.77036166,-89.80245083,28043.0,4562.096541092591,3.37909186906019,915,941,32,0,909,934,21055,6,0,0,6,7
2020-08-31,US,Mississippi,Hancock,495,20,0,30.41830223,-89.48851033,28045.0,1039.217332885455,4.040404040404041,475,490,20,0,470,487,47334,5,0,0,5,3
2020-08-31,US,Mississippi,Harrison,3300,57,0,30.51359752,-89.12467576,28047.0,1585.9284890426761,1.7272727272727273,3243,3285,54,0,3231,3268,206650,15,3,0,12,17
2020-08-31,US,Mississippi,Hinds,6531,140,0,32.2656285,-90.44435448,28049.0,2817.0289855072465,2.143622722400857,6391,6523,139,0,6384,6473,237085,8,1,0,7,50
2020-08-31,US,Mississippi,Holmes,1041,54,0,33.12345854,-90.08923538,28051.0,6119.9294532627855,5.187319884726224,987,1039,54,0,985,1039,17622,2,0,0,2,0
2020-08-31,US,Mississippi,Humphreys,336,14,0,33.12825718,-90.52252707,28053.0,4166.666666666667,4.166666666666667,322,335,14,0,321,335,8257,1,0,0,1,0
2020-08-31,US,Mississippi,Issaquena,97,3,0,32.72531359,-90.97392828,28055.0,7309.721175584023,3.0927835051546397,94,97,3,0,94,97,1308,0,0,0,0,0
2020-08-31,US,Mississippi,Itawamba,557,17,0,34.27993475,-88.3606733,28057.0,2381.359555365541,3.052064631956912,540,555,16,0,539,545,23517,2,1,0,1,10
2020-08-31,US,Mississippi,Jackson,3005,60,0,30.54020656,-88.64184064,28059.0,2092.370680351212,1.9966722129783692,2945,2990,60,0,2930,2946,143277,15,0,0,15,44
2020-08-31,US,Mississippi,Jasper,481,13,0,32.01922104,-89.11786866,28061.0,2935.970213025697,2.702702702702702,468,480,13,0,467,479,16428,1,0,0,1,1
2020-08-31,US,Mississippi,Jefferson,221,9,0,31.73397872,-91.03764977,28063.0,3161.659513590844,4.072398190045249,212,219,9,0,210,217,7106,2,0,0,2,2
2020-08-31,US,Mississippi,Jefferson Davis,303,9,0,31.56884708,-89.82670990000004,28065.0,2722.861250898634,2.9702970297029703,294,303,8,0,295,302,11234,0,1,0,-1,1
2020-08-31,US,Mississippi,Jones,2159,72,0,31.62257767,-89.16896899999998,28067.0,3170.430849657846,3.33487725798981,2087,2153,72,0,2081,2146,68461,6,0,0,6,7
2020-08-31,US,Mississippi,Kemper,270,15,0,32.75462946,-88.64105766,28069.0,2771.504824471361,5.5555555555555545,255,270,15,0,255,269,10027,0,0,0,0,1
2020-08-31,US,Mississippi,Lafayette,1436,35,0,34.35687874,-89.48490961,28071.0,2658.323923064107,2.437325905292479,1401,1419,34,0,1385,1377,54793,17,1,0,16,42
2020-08-31,US,Mississippi,Lamar,1437,29,0,31.20572971,-89.5077704,28073.0,2268.6011082518985,2.0180932498260264,1408,1438,29,0,1409,1432,62447,-1,0,0,-1,6
2020-08-31,US,Mississippi,Lauderdale,1756,106,0,32.40419769,-88.66229662,28075.0,2368.971332209106,6.036446469248292,1650,1755,106,0,1649,1737,75317,1,0,0,1,18
2020-08-31,US,Mississippi,Lawrence,402,10,0,31.55147224,-90.10841127,28077.0,3194.0251072620367,2.487562189054726,392,402,10,0,392,402,12455,0,0,0,0,0
2020-08-31,US,Mississippi,Leake,878,31,0,32.7536828,-89.52402044,28079.0,3853.2432195207593,3.5307517084282463,847,878,31,0,847,878,22763,0,0,0,0,0
2020-08-31,US,Mississippi,Lee,2177,56,0,34.291877500000005,-88.68149954,28081.0,2548.106184746477,2.5723472668810294,2121,2162,54,0,2108,2139,85202,15,2,0,13,23
2020-08-31,US,Mississippi,Leflore,1235,75,0,33.55545125,-90.29900733,28083.0,4382.074300109995,6.0728744939271255,1160,1234,75,0,1159,1229,28919,1,0,0,1,5
2020-08-31,US,Mississippi,Lincoln,971,51,0,31.53288662,-90.45391915,28085.0,2843.0884548941526,5.25231719876416,920,970,51,0,919,962,34205,1,0,0,1,8
2020-08-31,US,Mississippi,Lowndes,1285,54,0,33.47386518,-88.44191529999998,28087.0,2193.0198822425127,4.202334630350195,1231,1279,53,0,1226,1272,58930,6,1,0,5,7
2020-08-31,US,Mississippi,Madison,2971,83,0,32.63389156,-90.03513564,28089.0,2795.65642878651,2.79367216425446,2888,2967,83,0,2884,2939,105630,4,0,0,4,28
2020-08-31,US,Mississippi,Marion,781,26,0,31.23132643,-89.8209217,28091.0,3178.2851096732184,3.329065300896287,755,781,26,0,755,775,24715,0,0,0,0,6
2020-08-31,US,Mississippi,Marshall,945,12,0,34.76216286,-89.50299462,28093.0,2677.50892502975,1.2698412698412698,933,940,12,0,928,934,35451,5,0,0,5,6
2020-08-31,US,Mississippi,Monroe,1037,59,0,33.89236763,-88.4808438,28095.0,2941.677067967775,5.689488910318227,978,1035,57,0,978,1025,35564,2,2,0,0,10
2020-08-31,US,Mississippi,Montgomery,410,17,0,33.49419589,-89.61729103,28097.0,4194.373401534527,4.146341463414634,393,408,16,0,392,406,10023,2,1,0,1,2
2020-08-31,US,Mississippi,Neshoba,1430,100,0,32.75339664,-89.11726492,28099.0,4911.051583213133,6.9930069930069925,1330,1429,99,0,1330,1418,29125,1,1,0,0,11
2020-08-31,US,Mississippi,Newton,665,17,0,32.40021118,-89.11843336,28101.0,3163.9547054905324,2.556390977443609,648,664,14,0,650,660,21443,1,3,0,-2,4
2020-08-31,US,Mississippi,Noxubee,519,14,0,33.11009499,-88.56949061,28103.0,4982.240568301814,2.697495183044316,505,518,14,0,504,518,10535,1,0,0,1,0
2020-08-31,US,Mississippi,Oktibbeha,1439,46,0,33.42491685,-88.87905132,28105.0,2901.9702744670976,3.1966643502432244,1393,1426,46,0,1380,1404,49599,13,0,0,13,22
2020-08-31,US,Mississippi,Panola,1294,23,0,34.36398677,-89.95064249,28107.0,3784.5109967243798,1.777434312210201,1271,1293,23,0,1270,1288,34178,1,0,0,1,5
2020-08-31,US,Mississippi,Pearl River,751,48,0,30.77090935,-89.58677275,28109.0,1352.300351129918,6.391478029294274,703,748,48,0,700,743,55387,3,0,0,3,5
2020-08-31,US,Mississippi,Perry,294,9,0,31.17161885,-88.99281835,28111.0,2455.5249310949634,3.0612244897959178,285,293,9,0,284,290,11931,1,0,0,1,3
2020-08-31,US,Mississippi,Pike,1132,45,0,31.17507789,-90.40392572,28113.0,2881.286906943596,3.975265017667844,1087,1129,45,0,1084,1124,39563,3,0,0,3,5
2020-08-31,US,Mississippi,Pontotoc,1059,12,0,34.226046000000004,-89.03636807,28115.0,3291.4775906011064,1.13314447592068,1047,1058,11,0,1047,1049,31833,1,1,0,0,9
2020-08-31,US,Mississippi,Prentiss,624,13,0,34.61810501,-88.51986294,28117.0,2483.483244447982,2.083333333333333,611,615,12,0,603,612,25315,9,1,0,8,3
2020-08-31,US,Mississippi,Quitman,322,3,0,34.25157572,-90.28908,28119.0,4740.871613663133,0.9316770186335404,319,320,3,0,317,319,7051,2,0,0,2,1
2020-08-31,US,Mississippi,Rankin,2850,63,0,32.26469147,-89.94537876,28121.0,1835.500512008037,2.2105263157894743,2787,2842,63,0,2779,2817,153902,8,0,0,8,25
2020-08-31,US,Mississippi,Scott,1093,22,0,32.406704100000006,-89.53789439,28123.0,3886.360403925473,2.012808783165599,1071,1092,22,0,1070,1091,28287,1,0,0,1,1
2020-08-31,US,Mississippi,Sharkey,251,8,0,32.88149103,-90.81595379999999,28125.0,5808.840546169869,3.187250996015936,243,250,8,0,242,249,4377,1,0,0,1,1
2020-08-31,US,Mississippi,Simpson,938,39,0,31.91282117,-89.91716179,28127.0,3518.643559156726,4.157782515991471,899,938,39,0,899,936,26758,0,0,0,0,2
2020-08-31,US,Mississippi,Smith,467,13,0,32.01744532,-89.50644846,28129.0,2934.154310128173,2.78372591006424,454,467,13,0,454,463,16002,0,0,0,0,4
2020-08-31,US,Mississippi,Stone,316,10,0,30.79187949,-89.11547539,28131.0,1723.3856893542754,3.1645569620253164,306,312,10,0,302,310,18717,4,0,0,4,2
2020-08-31,US,Mississippi,Sunflower,1260,39,0,33.60192578,-90.58882684,28133.0,5017.921146953405,3.095238095238096,1221,1258,36,0,1222,1252,25735,2,3,0,-1,6
2020-08-31,US,Mississippi,Tallahatchie,630,13,0,33.95339918,-90.1729398,28135.0,4562.242016076472,2.063492063492064,617,629,13,0,616,623,13987,1,0,0,1,6
2020-08-31,US,Mississippi,Tate,856,32,0,34.65133709,-89.94485778,28137.0,3022.492143638996,3.7383177570093458,824,854,32,0,822,853,28759,2,0,0,2,1
2020-08-31,US,Mississippi,Tippah,548,15,0,34.76872156,-88.90988194,28139.0,2489.211900976607,2.7372262773722627,533,545,15,0,530,538,21995,3,0,0,3,7
2020-08-31,US,Mississippi,Tishomingo,556,29,0,34.74023475,-88.23917219,28141.0,2868.49300933808,5.215827338129497,527,551,28,0,523,547,19454,5,1,0,4,4
2020-08-31,US,Mississippi,Tunica,450,12,0,34.64967704,-90.37481167,28143.0,4671.926910299003,2.6666666666666665,438,449,12,0,437,448,9944,1,0,0,1,1
2020-08-31,US,Mississippi,Union,881,23,0,34.49162015,-89.00776006,28145.0,3057.4353635259413,2.6106696935300797,858,878,21,0,857,876,28606,3,2,0,1,2
2020-08-31,US,Mississippi,Walthall,564,24,0,31.14971548,-90.10446654,28147.0,3947.9210415791686,4.25531914893617,540,563,24,0,539,563,14465,1,0,0,1,0
2020-08-31,US,Mississippi,Warren,1314,46,0,32.35810271,-90.83352619,28149.0,2895.484894559397,3.5007610350076104,1268,1313,46,0,1267,1303,46176,1,0,0,1,10
2020-08-31,US,Mississippi,Washington,1989,61,0,33.28392041,-90.94196237,28151.0,4529.823043111891,3.066867772750127,1928,1983,60,0,1923,1982,45063,6,1,0,5,1
2020-08-31,US,Mississippi,Wayne,847,21,0,31.64135687,-88.69573913,28153.0,4196.6010999355885,2.479338842975207,826,846,21,0,825,846,20298,1,0,0,1,0
2020-08-31,US,Mississippi,Webster,304,13,0,33.61300486,-89.28392912,28155.0,3137.5786974920006,4.276315789473684,291,303,13,0,290,298,9788,1,0,0,1,5
2020-08-31,US,Mississippi,Wilkinson,277,17,0,31.16078225,-91.31018819,28157.0,3209.7334878331403,6.137184115523466,260,277,17,0,260,276,8792,0,0,0,0,1
2020-08-31,US,Mississippi,Winston,695,19,0,33.08747908,-89.03391385,28159.0,3870.788081314397,2.733812949640288,676,694,19,0,675,691,18165,1,0,0,1,3
2020-08-31,US,Mississippi,Yalobusha,365,12,0,34.02824175,-89.70762049999998,28161.0,3014.5358440700365,3.287671232876712,353,363,12,0,351,359,12392,2,0,0,2,4
2020-08-31,US,Mississippi,Yazoo,954,21,0,32.77890365,-90.39656148,28163.0,3213.2030986864265,2.2012578616352205,933,954,21,0,933,950,28248,0,0,0,0,4
2020-08-31,US,Missouri,Adair,229,0,0,40.19058551,-92.60078167,29001.0,903.6025727025217,0.0,229,228,0,0,228,224,25339,1,0,0,1,4
2020-08-31,US,Missouri,Andrew,126,1,0,39.98492163,-94.80163024,29003.0,711.3821138211383,0.7936507936507936,125,127,1,0,126,127,17607,-1,0,0,-1,0
2020-08-31,US,Missouri,Atchison,28,0,0,40.43238737,-95.42970639,29005.0,544.4293214077387,0.0,28,28,0,0,28,28,5171,0,0,0,0,0
2020-08-31,US,Missouri,Audrain,268,1,0,39.215877,-91.84242683,29007.0,1055.6168268473295,0.373134328358209,267,264,1,0,263,260,25473,4,0,0,4,4
2020-08-31,US,Missouri,Barry,355,5,0,36.70978521,-93.82919888,29009.0,991.9248931235852,1.4084507042253518,350,353,4,0,349,352,35886,2,1,0,1,1
2020-08-31,US,Missouri,Barton,103,0,0,37.50207671,-94.34757022,29011.0,876.2974306619024,0.0,103,102,0,0,102,102,11798,1,0,0,1,0
2020-08-31,US,Missouri,Bates,77,1,0,38.25271289,-94.34113157,29013.0,476.1315854563443,1.2987012987012987,76,72,1,0,71,70,16320,5,0,0,5,2
2020-08-31,US,Missouri,Benton,156,1,0,38.29503305,-93.28756116,29015.0,802.3453170806972,0.6410256410256411,155,156,1,0,155,155,19278,0,0,0,0,1
2020-08-31,US,Missouri,Bollinger,129,1,0,37.32449052,-90.02725304,29017.0,1063.2160224181982,0.7751937984496124,128,125,1,0,124,121,12169,4,0,0,4,4
2020-08-31,US,Missouri,Boone,2618,6,0,38.99186229,-92.30723575,29019.0,1450.7128885145432,0.22918258212375855,2612,2514,6,0,2508,2358,180005,104,0,0,104,156
2020-08-31,US,Missouri,Buchanan,1300,10,0,39.65816401,-94.80138942,29021.0,1488.0271049860355,0.7692307692307693,1290,1298,10,0,1288,1276,88571,2,0,0,2,22
2020-08-31,US,Missouri,Butler,376,2,0,36.71462476,-90.40421163,29023.0,885.1640849380856,0.5319148936170213,374,373,2,0,371,373,42639,3,0,0,3,0
2020-08-31,US,Missouri,Caldwell,42,1,0,39.65620858,-93.98308093,29025.0,465.6319290465632,2.380952380952381,41,41,1,0,40,41,9108,1,0,0,1,0
2020-08-31,US,Missouri,Callaway,332,2,0,38.83674754,-91.92186505,29027.0,742.0155108061598,0.6024096385542169,330,325,2,0,323,316,44889,7,0,0,7,9
2020-08-31,US,Missouri,Camden,528,8,0,38.02199522,-92.76083747,29029.0,1140.2656300615486,1.5151515151515151,520,519,8,0,511,510,45815,9,0,0,9,9
2020-08-31,US,Missouri,Cape Girardeau,968,7,0,37.38489388,-89.6843587,29031.0,1227.3205614230833,0.7231404958677686,961,960,7,0,953,944,78753,8,0,0,8,16
2020-08-31,US,Missouri,Carroll,112,0,0,39.42762566,-93.50626255,29033.0,1290.4712524484387,0.0,112,110,0,0,110,110,8743,2,0,0,2,0
2020-08-31,US,Missouri,Carter,37,1,0,36.94160441,-90.96051322,29035.0,618.522233366767,2.702702702702702,36,36,1,0,35,36,6054,1,0,0,1,0
2020-08-31,US,Missouri,Cass,1075,11,0,38.64789422,-94.353399,29037.0,1016.260162601626,1.0232558139534884,1064,1065,11,0,1054,1053,104954,10,0,0,10,12
2020-08-31,US,Missouri,Cedar,51,0,0,37.72391475,-93.85445441,29039.0,355.42546518921165,0.0,51,51,0,0,51,48,14165,0,0,0,0,3
2020-08-31,US,Missouri,Chariton,28,0,0,39.51499357,-92.9629191,29041.0,377.05359547535693,0.0,28,26,0,0,26,25,7451,2,0,0,2,1
2020-08-31,US,Missouri,Christian,675,1,0,36.9711783,-93.18537118,29043.0,761.8940120774312,0.14814814814814814,674,654,1,0,653,634,86983,21,0,0,21,20
2020-08-31,US,Missouri,Clark,43,0,0,40.41040752,-91.73661677,29045.0,632.6320435486243,0.0,43,42,0,0,42,41,6842,1,0,0,1,1
2020-08-31,US,Missouri,Clay,1381,31,0,39.31132056,-94.41850862,29047.0,552.5149231040057,2.24475018102824,1350,1363,31,0,1332,1355,246365,18,0,0,18,8
2020-08-31,US,Missouri,Clinton,127,0,0,39.6013098,-94.40465394,29049.0,622.9459949968118,0.0,127,132,0,0,132,128,20470,-5,0,0,-5,4
2020-08-31,US,Missouri,Cole,846,4,0,38.50455671,-92.27860244,29051.0,1102.3519447521012,0.4728132387706856,842,831,4,0,827,820,76796,15,0,0,15,11
2020-08-31,US,Missouri,Cooper,232,1,0,38.844478,-92.80896081,29053.0,1310.0683268394605,0.4310344827586207,231,223,1,0,222,220,17603,9,0,0,9,3
2020-08-31,US,Missouri,Crawford,186,1,0,37.97663738,-91.30528104,29055.0,777.5919732441472,0.5376344086021505,185,179,1,0,178,178,23957,7,0,0,7,1
2020-08-31,US,Missouri,Dade,30,0,0,37.431814,-93.8503345,29057.0,396.7729136357625,0.0,30,27,0,0,27,26,7569,3,0,0,3,1
2020-08-31,US,Missouri,Dallas,109,1,0,37.681135499999996,-93.02127031,29059.0,645.8111150610263,0.9174311926605504,108,108,1,0,107,108,16762,1,0,0,1,0
2020-08-31,US,Missouri,Daviess,26,0,0,39.96145298,-93.98519678,29061.0,314.0855279052912,0.0,26,24,0,0,24,22,8313,2,0,0,2,2
2020-08-31,US,Missouri,DeKalb,65,1,0,39.89201062,-94.40476508,29063.0,518.0521240137083,1.5384615384615383,64,65,1,0,64,63,12630,0,0,0,0,2
2020-08-31,US,Missouri,Dent,39,0,0,37.60663134,-91.50790473,29065.0,250.4334424966288,0.0,39,38,0,0,38,36,15441,1,0,0,1,2
2020-08-31,US,Missouri,Douglas,112,2,0,36.9325593,-92.49905109,29067.0,849.4501327265832,1.7857142857142858,110,110,2,0,108,109,13373,2,0,0,2,1
2020-08-31,US,Missouri,Dunklin,491,4,0,36.27167174,-90.09122243,29069.0,1685.4896845285086,0.8146639511201629,487,487,4,0,483,473,29423,4,0,0,4,14
2020-08-31,US,Missouri,Franklin,1025,22,0,38.41127108,-91.07522826,29071.0,985.8897534794693,2.1463414634146343,1003,1018,21,0,997,1002,103670,7,1,0,6,16
2020-08-31,US,Missouri,Gasconade,95,4,0,38.43947277,-91.50847147,29073.0,645.9948320413438,4.2105263157894735,91,94,4,0,90,84,14705,1,0,0,1,10
2020-08-31,US,Missouri,Gentry,93,9,0,40.21097916,-94.40944419,29075.0,1415.3096941104855,9.677419354838712,84,93,9,0,84,92,6628,0,0,0,0,1
2020-08-31,US,Missouri,Greene,3158,10,0,37.2575872,-93.34230916,29077.0,1077.4994370253098,0.31665611146295125,3148,3039,10,0,3029,2947,291923,119,0,0,119,92
2020-08-31,US,Missouri,Grundy,49,1,0,40.11406587,-93.56509276,29079.0,497.4619289340102,2.0408163265306123,48,43,1,0,42,40,9914,6,0,0,6,3
2020-08-31,US,Missouri,Harrison,73,1,0,40.35570088,-93.99222144,29081.0,874.0421455938698,1.3698630136986298,72,71,1,0,70,70,8414,2,0,0,2,1
2020-08-31,US,Missouri,Henry,115,3,0,38.38482826,-93.79293734,29083.0,526.9428152492669,2.608695652173913,112,114,3,0,111,112,21792,1,0,0,1,2
2020-08-31,US,Missouri,Hickory,64,0,0,37.94163617,-93.3203037,29085.0,670.5783738474435,0.0,64,63,0,0,63,63,9509,1,0,0,1,0
2020-08-31,US,Missouri,Holt,62,0,0,40.09799248,-95.21638879999999,29087.0,1408.1308198955255,0.0,62,62,0,0,62,61,4404,0,0,0,0,1
2020-08-31,US,Missouri,Howard,118,0,0,39.1435761,-92.69756691,29089.0,1179.8820117988198,0.0,118,114,0,0,114,110,10137,4,0,0,4,4
2020-08-31,US,Missouri,Howell,264,3,0,36.77383887,-91.88683935,29091.0,658.0751302440362,1.1363636363636365,261,255,3,0,252,242,40076,9,0,0,9,13
2020-08-31,US,Missouri,Iron,49,0,0,37.55487945,-90.7735296,29093.0,483.95061728395063,0.0,49,48,0,0,48,47,10177,1,0,0,1,1
2020-08-31,US,Missouri,Jackson,5521,77,0,39.01002188,-94.34724536,29095.0,785.3362180677118,1.3946748777395401,5444,5462,77,0,5385,5386,700307,59,0,0,59,76
2020-08-31,US,Missouri,Jasper,2353,35,0,37.20351921,-94.34050458,29097.0,1939.370961360939,1.4874628134296644,2318,2328,35,0,2293,2286,120636,25,0,0,25,42
2020-08-31,US,Missouri,Jefferson,2710,40,0,38.25926778,-90.53870896,29099.0,1204.0110004842704,1.4760147601476017,2670,2665,38,0,2627,2584,224347,45,2,0,43,81
2020-08-31,US,Missouri,Johnson,595,3,0,38.74719601,-93.80691168,29101.0,1100.5882135326108,0.5042016806722689,592,592,3,0,589,587,53652,3,0,0,3,5
2020-08-31,US,Missouri,Kansas City,9295,70,0,39.0997,-94.5786,0.0,1901.0395894818005,0.7530930607853685,9225,9183,69,0,9114,9109,491918,112,1,0,111,74
2020-08-31,US,Missouri,Knox,38,0,0,40.12699751,-92.14780832,29103.0,959.8383430159132,0.0,38,38,0,0,38,38,3947,0,0,0,0,0
2020-08-31,US,Missouri,Laclede,293,1,0,37.65896829,-92.5888493,29105.0,820.1998712314195,0.3412969283276451,292,290,1,0,289,285,35713,3,0,0,3,5
2020-08-31,US,Missouri,Lafayette,239,2,0,39.06986886,-93.78076396,29107.0,730.7080836492603,0.8368200836820083,237,234,2,0,232,233,32598,5,0,0,5,1
2020-08-31,US,Missouri,Lawrence,354,2,0,37.10626634,-93.83293097,29109.0,922.9565897536175,0.5649717514124294,352,352,2,0,350,351,38359,2,0,0,2,1
2020-08-31,US,Missouri,Lewis,60,2,0,40.09673161,-91.72070156,29111.0,613.747954173486,3.333333333333333,58,59,2,0,57,59,9855,1,0,0,1,0
2020-08-31,US,Missouri,Lincoln,564,1,0,39.05345619,-90.95588181,29113.0,955.7216206598546,0.1773049645390071,563,559,1,0,558,551,57686,5,0,0,5,8
2020-08-31,US,Missouri,Linn,47,1,0,39.87001769,-93.10704106,29115.0,394.29530201342277,2.127659574468085,46,47,1,0,46,47,12037,0,0,0,0,0
2020-08-31,US,Missouri,Livingston,74,1,0,39.78110272,-93.54645978,29117.0,485.97885335259735,1.351351351351351,73,74,1,0,73,73,15146,0,0,0,0,1
2020-08-31,US,Missouri,Macon,79,0,0,39.83049768,-92.56453089,29121.0,522.5904610703183,0.0,79,76,0,0,76,75,15153,3,0,0,3,1
2020-08-31,US,Missouri,Madison,143,0,0,37.47865134,-90.34671429999999,29123.0,1182.9913964262078,0.0,143,131,0,0,131,119,12188,12,0,0,12,12
2020-08-31,US,Missouri,Maries,46,0,0,38.16193985,-91.92249662,29125.0,528.9180177072553,0.0,46,46,0,0,46,44,8769,0,0,0,0,2
2020-08-31,US,Missouri,Marion,471,3,0,39.80601912,-91.62203062,29127.0,1650.893796004206,0.6369426751592356,468,463,3,0,460,453,28592,8,0,0,8,10
2020-08-31,US,Missouri,McDonald,988,10,0,36.62869595,-94.34867205,29119.0,4326.3125629460965,1.0121457489878545,978,987,10,0,977,987,23078,1,0,0,1,0
2020-08-31,US,Missouri,Mercer,20,0,0,40.42212303,-93.56829590000001,29129.0,552.944429084877,0.0,20,17,0,0,17,17,3641,3,0,0,3,0
2020-08-31,US,Missouri,Miller,252,1,0,38.21450288,-92.42610898,29131.0,983.64495101292,0.3968253968253968,251,245,1,0,244,238,25336,7,0,0,7,7
2020-08-31,US,Missouri,Mississippi,234,0,0,36.82516239,-89.29505753,29133.0,1775.4172989377844,0.0,234,234,0,0,234,230,13336,0,0,0,0,4
2020-08-31,US,Missouri,Moniteau,188,2,0,38.63571781,-92.57976951,29135.0,1165.3855690552941,1.0638297872340423,186,188,2,0,186,186,16121,0,0,0,0,2
2020-08-31,US,Missouri,Monroe,69,0,0,39.49593978,-92.00043978,29137.0,798.2415548357242,0.0,69,68,0,0,68,68,8664,1,0,0,1,0
2020-08-31,US,Missouri,Montgomery,56,1,0,38.94022054,-91.47000721,29139.0,484.80651025885203,1.7857142857142858,55,56,1,0,55,56,11534,0,0,0,0,0
2020-08-31,US,Missouri,Morgan,120,0,0,38.4181765,-92.88791859,29141.0,581.7617685557764,0.0,120,118,0,0,118,117,20358,2,0,0,2,1
2020-08-31,US,Missouri,New Madrid,410,4,0,36.59666326,-89.66070007,29143.0,2401.030686343406,0.975609756097561,406,407,4,0,403,398,17296,3,0,0,3,9
2020-08-31,US,Missouri,Newton,1086,13,0,36.90519407,-94.3394104,29145.0,1864.8258808984133,1.1970534069981584,1073,1077,13,0,1064,1071,58266,9,0,0,9,6
2020-08-31,US,Missouri,Nodaway,507,5,0,40.36079813,-94.88133008,29147.0,2294.9483976099946,0.9861932938856016,502,392,1,0,391,390,22304,115,4,0,111,2
2020-08-31,US,Missouri,Oregon,50,0,0,36.68710164,-91.4033755,29149.0,474.87890587900085,0.0,50,50,0,0,50,47,10541,0,0,0,0,3
2020-08-31,US,Missouri,Osage,80,1,0,38.46036182,-91.8613635,29151.0,587.5872199779654,1.25,79,78,1,0,77,78,13714,2,0,0,2,0
2020-08-31,US,Missouri,Ozark,26,0,0,36.64916339,-92.44459066,29153.0,283.4096359276216,0.0,26,25,0,0,25,23,9017,1,0,0,1,2
2020-08-31,US,Missouri,Pemiscot,334,9,0,36.2130572,-89.78742322,29155.0,2113.2552989560268,2.6946107784431144,325,328,9,0,319,323,16272,6,0,0,6,5
2020-08-31,US,Missouri,Perry,394,4,0,37.70660776,-89.82741088,29157.0,2058.9464882943143,1.0152284263959392,390,388,4,0,384,369,19150,6,0,0,6,19
2020-08-31,US,Missouri,Pettis,797,8,0,38.72798918,-93.28471706,29159.0,1882.425187179669,1.0037641154328734,789,790,8,0,782,789,42542,7,0,0,7,1
2020-08-31,US,Missouri,Phelps,210,0,0,37.87736118,-91.79351727,29161.0,471.1372355461827,0.0,210,208,0,0,208,199,44732,2,0,0,2,9
2020-08-31,US,Missouri,Pike,145,1,0,39.34310674,-91.16980779,29163.0,792.2631406403673,0.6896551724137931,144,143,1,0,142,140,18504,2,0,0,2,3
2020-08-31,US,Missouri,Platte,477,10,0,39.38154439,-94.77068479,29165.0,456.81779003620073,2.0964360587002098,467,478,10,0,468,472,102985,-1,0,0,-1,6
2020-08-31,US,Missouri,Polk,291,0,0,37.616229600000004,-93.39828174,29167.0,905.1603471336588,0.0,291,281,0,0,281,281,32201,10,0,0,10,0
2020-08-31,US,Missouri,Pulaski,392,2,0,37.82462075,-92.20783203,29169.0,745.1479841085788,0.5102040816326531,390,385,2,0,383,383,52014,7,0,0,7,2
2020-08-31,US,Missouri,Putnam,23,1,0,40.47942497,-93.02042674,29171.0,489.778534923339,4.3478260869565215,22,23,1,0,22,23,4757,0,0,0,0,0
2020-08-31,US,Missouri,Ralls,112,0,0,39.52817427,-91.51838643,29173.0,1086.429333592007,0.0,112,109,0,0,109,108,10212,3,0,0,3,1
2020-08-31,US,Missouri,Randolph,128,1,0,39.44007257,-92.49713740000001,29175.0,517.2135122030063,0.78125,127,118,1,0,117,112,24763,10,0,0,10,6
2020-08-31,US,Missouri,Ray,124,0,0,39.353746799999996,-93.98905745,29177.0,538.7088365626902,0.0,124,125,0,0,125,124,22883,-1,0,0,-1,1
2020-08-31,US,Missouri,Reynolds,22,0,0,37.36085952,-90.97009925,29179.0,350.8771929824562,0.0,22,22,0,0,22,21,6254,0,0,0,0,1
2020-08-31,US,Missouri,Ripley,88,0,0,36.65460667,-90.85990261,29181.0,662.2516556291391,0.0,88,87,0,0,87,86,13401,1,0,0,1,1
2020-08-31,US,Missouri,Saline,546,7,0,39.13734288,-93.20259964,29195.0,2398.84012126005,1.2820512820512822,539,543,7,0,536,543,22895,3,0,0,3,0
2020-08-31,US,Missouri,Schuyler,18,0,0,40.46921489,-92.52311943,29197.0,386.26609442060084,0.0,18,18,0,0,18,18,4599,0,0,0,0,0
2020-08-31,US,Missouri,Scotland,18,1,0,40.45214695,-92.14709064,29199.0,367.1970624235006,5.5555555555555545,17,18,1,0,17,18,4966,0,0,0,0,0
2020-08-31,US,Missouri,Scott,625,14,0,37.05588075,-89.56474493,29201.0,1632.7063740856845,2.24,611,619,14,0,605,606,38458,6,0,0,6,13
2020-08-31,US,Missouri,Shannon,52,1,0,37.15772072,-91.40190382,29203.0,636.7866764633848,1.9230769230769231,51,52,1,0,51,51,8189,0,0,0,0,1
2020-08-31,US,Missouri,Shelby,46,0,0,39.79742518,-92.07634971,29205.0,775.716694772344,0.0,46,46,0,0,46,46,6050,0,0,0,0,0
2020-08-31,US,Missouri,St. Charles,5729,105,0,38.77875681,-90.66662425,29183.0,1425.0463904960425,1.8327805899807996,5624,5693,101,0,5592,5632,399182,36,4,0,32,61
2020-08-31,US,Missouri,St. Clair,27,0,0,38.03699437,-93.77631447,29185.0,287.3257422581675,0.0,27,27,0,0,27,28,9395,0,0,0,0,-1
2020-08-31,US,Missouri,St. Francois,1085,5,0,37.81214171,-90.47598685,29187.0,1614.2230156959013,0.4608294930875576,1080,1041,4,0,1037,988,66692,44,1,0,43,53
2020-08-31,US,Missouri,St. Louis,19432,729,0,38.63770039999999,-90.4458375,29189.0,1954.5264809571465,3.751543845203788,18703,19278,729,0,18549,19071,996945,154,0,0,154,207
2020-08-31,US,Missouri,St. Louis City,6174,188,0,38.63555736,-90.24349225,29510.0,2054.05621207282,3.045027534823453,5986,6147,188,0,5959,6086,302838,27,0,0,27,61
2020-08-31,US,Missouri,Ste. Genevieve,109,1,0,37.89090059,-90.1949941,29186.0,609.1427294065049,0.9174311926605504,108,109,1,0,108,105,17888,0,0,0,0,4
2020-08-31,US,Missouri,Stoddard,295,9,0,36.85571651,-89.9444155,29207.0,1016.365202411714,3.0508474576271185,286,294,9,0,285,290,29206,1,0,0,1,4
2020-08-31,US,Missouri,Stone,279,2,0,36.75000327,-93.45256475,29209.0,873.1847771657486,0.7168458781362007,277,274,2,0,272,267,31749,5,0,0,5,7
2020-08-31,US,Missouri,Sullivan,173,0,0,40.2099105,-93.11150106,29211.0,2841.1890293972738,0.0,173,173,0,0,173,173,6221,0,0,0,0,0
2020-08-31,US,Missouri,Taney,913,14,0,36.65465345,-93.04075153,29213.0,1632.4560148762696,1.5334063526834611,899,906,14,0,892,900,55852,7,0,0,7,6
2020-08-31,US,Missouri,Texas,98,1,0,37.31728859,-91.96564727,29215.0,385.85715410662254,1.020408163265306,97,98,1,0,97,96,25571,0,0,0,0,2
2020-08-31,US,Missouri,Vernon,82,0,0,37.8457799,-94.34127305,29217.0,398.77449788454993,0.0,82,82,0,0,82,80,20528,0,0,0,0,2
2020-08-31,US,Missouri,Warren,323,0,0,38.76529479,-91.16124662,29219.0,906.0562708631378,0.0,323,321,0,0,321,319,34711,2,0,0,2,2
2020-08-31,US,Missouri,Washington,238,1,0,37.96130078,-90.87948158,29221.0,962.393853619086,0.4201680672268908,237,237,1,0,236,228,24943,1,0,0,1,9
2020-08-31,US,Missouri,Wayne,85,0,0,37.11303869,-90.46001416,29223.0,660.2967451254564,0.0,85,84,0,0,84,82,13122,1,0,0,1,2
2020-08-31,US,Missouri,Webster,217,1,0,37.2813734,-92.876329,29225.0,548.0905233380481,0.4608294930875576,216,217,1,0,216,214,39109,0,0,0,0,3
2020-08-31,US,Missouri,Worth,12,0,0,40.47945588,-94.42328751,29227.0,596.1251862891207,0.0,12,12,0,0,12,11,2040,0,0,0,0,1
2020-08-31,US,Missouri,Wright,89,0,0,37.27029221,-92.46914488,29229.0,486.6313084367652,0.0,89,89,0,0,89,88,18378,0,0,0,0,1
2020-08-31,US,Montana,Beaverhead,70,1,0,45.13434354,-112.89846940000001,30001.0,740.5056595789696,1.4285714285714286,69,70,1,0,69,70,9404,0,0,0,0,0
2020-08-31,US,Montana,Big Horn,665,15,0,45.42335905,-107.492347,30003.0,4992.86733238231,2.255639097744361,650,652,15,0,637,652,13338,13,0,0,13,0
2020-08-31,US,Montana,Blaine,15,0,0,48.43175214,-108.9582723,30005.0,224.51728783116297,0.0,15,15,0,0,15,15,6807,0,0,0,0,0
2020-08-31,US,Montana,Broadwater,16,0,0,46.33277565,-111.49558130000001,30007.0,256.5335898669232,0.0,16,16,0,0,16,16,6085,0,0,0,0,0
2020-08-31,US,Montana,Carbon,87,0,0,45.22850116,-109.0274047,30009.0,811.1888111888112,0.0,87,86,0,0,86,86,10714,1,0,0,1,0
2020-08-31,US,Montana,Cascade,284,5,0,47.30797024,-111.3467922,30013.0,349.04013961605585,1.7605633802816902,279,280,5,0,275,280,81643,4,0,0,4,0
2020-08-31,US,Montana,Chouteau,10,0,0,47.88084126,-110.4353362,30015.0,177.4622892635315,0.0,10,10,0,0,10,10,5745,0,0,0,0,0
2020-08-31,US,Montana,Custer,66,2,0,46.25319932,-105.57375259999998,30017.0,578.8458165234169,3.0303030303030303,64,66,2,0,64,66,11586,0,0,0,0,0
2020-08-31,US,Montana,Daniels,3,0,0,48.78420029,-105.54763429999998,30019.0,177.5147928994083,0.0,3,3,0,0,3,3,1747,0,0,0,0,0
2020-08-31,US,Montana,Dawson,44,0,0,47.26584855,-104.89444170000002,30021.0,510.8556832694764,0.0,44,44,0,0,44,40,8680,0,0,0,0,4
2020-08-31,US,Montana,Deer Lodge,33,0,0,46.05953325,-113.073353,30023.0,361.05032822757113,0.0,33,33,0,0,33,33,9131,0,0,0,0,0
2020-08-31,US,Montana,Fallon,2,0,0,46.33478338,-104.41835649999999,30025.0,70.27406886858749,0.0,2,2,0,0,2,2,2920,0,0,0,0,0
2020-08-31,US,Montana,Fergus,31,0,0,47.26331584,-109.2245206,30027.0,280.5429864253394,0.0,31,31,0,0,31,31,11113,0,0,0,0,0
2020-08-31,US,Montana,Flathead,599,7,0,48.29575866,-114.05205690000001,30029.0,577.0379361501261,1.1686143572621035,592,588,7,0,581,585,102106,11,0,0,11,3
2020-08-31,US,Montana,Gallatin,1073,3,0,45.54486106,-111.1692571,30031.0,937.6583882412573,0.27958993476234856,1070,1074,3,0,1071,1069,111876,-1,0,0,-1,5
2020-08-31,US,Montana,Garfield,13,0,0,47.27545948,-107.0002351,30033.0,1033.3863275039746,0.0,13,13,0,0,13,13,1268,0,0,0,0,0
2020-08-31,US,Montana,Glacier,135,1,0,48.70513576,-112.9934235,30035.0,981.6040136697447,0.7407407407407407,134,135,1,0,134,135,13747,0,0,0,0,0
2020-08-31,US,Montana,Golden Valley,3,0,0,46.3816474,-109.17685220000001,30037.0,365.4080389768576,0.0,3,3,0,0,3,3,826,0,0,0,0,0
2020-08-31,US,Montana,Granite,19,0,0,46.40605220000001,-113.4414186,30039.0,562.2965374371116,0.0,19,19,0,0,19,19,3378,0,0,0,0,0
2020-08-31,US,Montana,Hill,82,2,0,48.62879827,-110.1129252,30041.0,497.452074739141,2.4390243902439024,80,81,2,0,79,81,16347,1,0,0,1,0
2020-08-31,US,Montana,Jefferson,39,0,0,46.14907081,-112.094396,30043.0,319.1228213730464,0.0,39,39,0,0,39,39,12097,0,0,0,0,0
2020-08-31,US,Montana,Judith Basin,6,0,0,47.04581276,-110.26606880000001,30045.0,298.95366218236165,0.0,6,6,0,0,6,6,1952,0,0,0,0,0
2020-08-31,US,Montana,Lake,202,1,0,47.64514965,-114.0898013,30047.0,663.2083524853898,0.4950495049504951,201,202,1,0,201,202,30250,0,0,0,0,0
2020-08-31,US,Montana,Lewis and Clark,196,2,0,47.12610041,-112.39469799999999,30049.0,282.290586473096,1.020408163265306,194,196,2,0,194,196,68700,0,0,0,0,0
2020-08-31,US,Montana,Liberty,6,0,0,48.56084317,-111.02430700000001,30051.0,256.73940949935815,0.0,6,5,0,0,5,5,2430,1,0,0,1,0
2020-08-31,US,Montana,Lincoln,89,2,0,48.54265777,-115.4046155,30053.0,445.4454454454454,2.247191011235955,87,89,2,0,87,89,19794,0,0,0,0,0
2020-08-31,US,Montana,Madison,93,1,0,45.30080065,-111.9173017,30057.0,1081.3953488372092,1.075268817204301,92,93,1,0,92,92,8768,0,0,0,0,1
2020-08-31,US,Montana,McCone,12,0,0,47.64469406,-105.79449939999999,30055.0,721.1538461538463,0.0,12,12,0,0,12,11,1675,0,0,0,0,1
2020-08-31,US,Montana,Meagher,4,0,0,46.59907074,-110.8898557,30059.0,214.8227712137487,0.0,4,4,0,0,4,4,1866,0,0,0,0,0
2020-08-31,US,Montana,Mineral,2,0,0,47.15283992,-115.00152390000001,30061.0,45.48555833522857,0.0,2,2,0,0,2,2,4316,0,0,0,0,0
2020-08-31,US,Montana,Missoula,435,3,0,47.03728583,-113.92135079999998,30063.0,363.7123745819399,0.6896551724137931,432,433,3,0,430,431,118791,2,0,0,2,2
2020-08-31,US,Montana,Musselshell,12,0,0,46.49684637,-108.39498,30065.0,259.0114396719188,0.0,12,12,0,0,12,10,4651,0,0,0,0,2
2020-08-31,US,Montana,Park,63,0,0,45.48965095,-110.52643940000002,30067.0,379.3809466457907,0.0,63,63,0,0,63,63,16736,0,0,0,0,0
2020-08-31,US,Montana,Phillips,111,0,0,48.25936577,-107.9128511,30071.0,2807.2837632776937,0.0,111,110,0,0,110,110,4074,1,0,0,1,0
2020-08-31,US,Montana,Pondera,16,0,0,48.22773388,-112.22527029999999,30073.0,270.68177973270167,0.0,16,15,0,0,15,15,5972,1,0,0,1,0
2020-08-31,US,Montana,Powder River,2,0,0,45.39617714,-105.636738,30075.0,118.90606420927469,0.0,2,2,0,0,2,2,1716,0,0,0,0,0
2020-08-31,US,Montana,Powell,10,0,0,46.85538891,-112.93591640000001,30077.0,145.1378809869376,0.0,10,10,0,0,10,10,6968,0,0,0,0,0
2020-08-31,US,Montana,Prairie,1,0,0,46.86048047,-105.379384,30079.0,92.85051067780873,0.0,1,1,0,0,1,1,1087,0,0,0,0,0
2020-08-31,US,Montana,Ravalli,107,2,0,46.08520862,-114.11891640000002,30081.0,244.258777336438,1.8691588785046729,105,107,2,0,105,107,43172,0,0,0,0,0
2020-08-31,US,Montana,Richland,58,2,0,47.78668011,-104.5610786,30083.0,536.8879015088402,3.4482758620689653,56,58,2,0,56,58,10913,0,0,0,0,0
2020-08-31,US,Montana,Roosevelt,42,1,0,48.29607488,-105.00792679999999,30085.0,381.6793893129772,2.380952380952381,41,34,1,0,33,34,11059,8,0,0,8,0
2020-08-31,US,Montana,Rosebud,266,2,0,46.23397237,-106.72928799999998,30087.0,2976.3902875685358,0.7518796992481203,264,260,2,0,258,232,9063,6,0,0,6,28
2020-08-31,US,Montana,Sanders,31,0,0,47.67657534,-115.1329916,30089.0,255.9233880954346,0.0,31,31,0,0,31,31,11844,0,0,0,0,0
2020-08-31,US,Montana,Sheridan,5,0,0,48.72085833,-104.50382900000001,30091.0,151.1030522816561,0.0,5,5,0,0,5,5,3424,0,0,0,0,0
2020-08-31,US,Montana,Silver Bow,112,0,0,45.90018933,-112.6620092,30093.0,320.77903479879706,0.0,112,111,0,0,111,111,34993,1,0,0,1,0
2020-08-31,US,Montana,Stillwater,36,2,0,45.67071407,-109.3950061,30095.0,373.366521468575,5.5555555555555545,34,36,2,0,34,36,9534,0,0,0,0,0
2020-08-31,US,Montana,Sweet Grass,19,1,0,45.81367654,-109.9425686,30097.0,508.42922130050835,5.2631578947368425,18,14,1,0,13,12,3710,5,0,0,5,2
2020-08-31,US,Montana,Teton,18,0,0,47.83741052,-112.24106880000001,30099.0,292.8257686676428,0.0,18,18,0,0,18,18,6162,0,0,0,0,0
2020-08-31,US,Montana,Toole,47,6,0,48.65577551,-111.69424140000001,30101.0,992.3986486486486,12.76595744680851,41,47,6,0,41,47,4853,0,0,0,0,0
2020-08-31,US,Montana,Treasure,3,0,0,46.20973220000001,-107.26665159999999,30103.0,431.0344827586207,0.0,3,3,0,0,3,3,679,0,0,0,0,0
2020-08-31,US,Montana,Valley,40,0,0,48.36435097,-106.6669635,30105.0,540.8328826392644,0.0,40,40,0,0,40,40,7437,0,0,0,0,0
2020-08-31,US,Montana,Wheatland,3,0,0,46.46652491,-109.84646359999999,30107.0,141.11006585136406,0.0,3,3,0,0,3,3,2236,0,0,0,0,0
2020-08-31,US,Montana,Wibaux,5,0,0,46.95925154,-104.2510927,30109.0,515.9958720330237,0.0,5,5,0,0,5,5,1034,0,0,0,0,0
2020-08-31,US,Montana,Yellowstone,2080,43,0,45.93955949,-108.26914860000001,30111.0,1289.5226286422815,2.0673076923076925,2037,2053,43,0,2010,2012,160137,27,0,0,27,41
2020-08-31,US,Nebraska,Adams,410,11,0,40.52449420000001,-98.50117804,31001.0,1307.2729011892995,2.6829268292682933,399,403,11,0,392,401,31511,7,0,0,7,2
2020-08-31,US,Nebraska,Antelope,25,1,0,42.17695516,-98.06662829999999,31003.0,396.9514131470308,4.0,24,25,1,0,24,24,6336,0,0,0,0,1
2020-08-31,US,Nebraska,Arthur,1,0,0,41.56896142,-101.6959559,31005.0,215.98272138228938,0.0,1,1,0,0,1,1,465,0,0,0,0,0
2020-08-31,US,Nebraska,Banner,2,0,0,41.54634427,-103.7114332,31007.0,268.4563758389262,0.0,2,2,0,0,2,2,730,0,0,0,0,0
2020-08-31,US,Nebraska,Boone,26,0,0,41.70759415,-98.06737183,31011.0,500.77041602465323,0.0,26,24,0,0,24,22,5239,2,0,0,2,2
2020-08-31,US,Nebraska,Box Butte,25,0,0,42.22079243,-103.08788340000001,31013.0,231.8464249281276,0.0,25,23,0,0,23,23,10772,2,0,0,2,0
2020-08-31,US,Nebraska,Boyd,10,0,0,42.899727399999996,-98.76486568,31015.0,521.1047420531527,0.0,10,10,0,0,10,10,1955,0,0,0,0,0
2020-08-31,US,Nebraska,Brown,3,0,0,42.43018907,-99.92904055,31017.0,101.5228426395939,0.0,3,3,0,0,3,3,2973,0,0,0,0,0
2020-08-31,US,Nebraska,Buffalo,682,3,0,40.85486962,-99.07500296,31019.0,1373.3663585654162,0.4398826979472141,679,676,3,0,673,664,49615,6,0,0,6,12
2020-08-31,US,Nebraska,Burt,66,0,0,41.85056773,-96.32605633,31021.0,1021.8300046446816,0.0,66,64,0,0,64,64,6488,2,0,0,2,0
2020-08-31,US,Nebraska,Butler,94,0,0,41.22703692,-97.13106306,31023.0,1172.6546906187625,0.0,94,94,0,0,94,94,8058,0,0,0,0,0
2020-08-31,US,Nebraska,Cass,256,2,0,40.90899107,-96.13971217,31025.0,975.312404754648,0.78125,254,253,2,0,251,251,26159,3,0,0,3,2
2020-08-31,US,Nebraska,Cedar,48,0,0,42.598885100000004,-97.25311951,31027.0,571.2925493930018,0.0,48,46,0,0,46,45,8446,2,0,0,2,1
2020-08-31,US,Nebraska,Chase,11,0,0,40.523719799999995,-101.69780259999999,31029.0,280.32619775739045,0.0,11,11,0,0,11,11,3977,0,0,0,0,0
2020-08-31,US,Nebraska,Cherry,21,0,0,42.54502621,-101.1244332,31031.0,369.13341536298117,0.0,21,21,0,0,21,19,5761,0,0,0,0,2
2020-08-31,US,Nebraska,Cheyenne,28,0,0,41.21999357,-102.9941693,31033.0,314.25364758698095,0.0,28,28,0,0,28,28,9310,0,0,0,0,0
2020-08-31,US,Nebraska,Clay,57,0,0,40.52439441,-98.05126296,31035.0,918.9102047396422,0.0,57,57,0,0,57,57,6214,0,0,0,0,0
2020-08-31,US,Nebraska,Colfax,729,5,0,41.57486951,-97.0868542,31037.0,6807.358296759735,0.6858710562414266,724,726,5,0,721,722,10881,3,0,0,3,4
2020-08-31,US,Nebraska,Cuming,83,0,0,41.91637624,-96.78730772,31039.0,938.2771874293468,0.0,83,82,0,0,82,81,8940,1,0,0,1,1
2020-08-31,US,Nebraska,Custer,74,4,0,41.39374521,-99.72805369,31041.0,686.6474900250532,5.405405405405406,70,73,4,0,69,73,10840,1,0,0,1,0
2020-08-31,US,Nebraska,Dakota,2010,42,0,42.39040144,-96.56656425,31043.0,10036.951962448817,2.08955223880597,1968,2000,42,0,1958,1992,20083,10,0,0,10,8
2020-08-31,US,Nebraska,Dawes,76,0,0,42.71985036,-103.1313774,31045.0,884.8527185935498,0.0,76,73,0,0,73,73,8716,3,0,0,3,0
2020-08-31,US,Nebraska,Dawson,1005,11,0,40.87028216,-99.82014609999999,31047.0,4259.376986649714,1.0945273631840795,994,1002,10,0,992,1001,23709,3,1,0,2,1
2020-08-31,US,Nebraska,Deuel,3,0,0,41.11168186,-102.33333309999999,31049.0,167.22408026755855,0.0,3,2,0,0,2,2,1825,1,0,0,1,0
2020-08-31,US,Nebraska,Dixon,61,2,0,42.49188363,-96.86782408,31051.0,1082.3278921220724,3.278688524590164,59,61,2,0,59,61,5709,0,0,0,0,0
2020-08-31,US,Nebraska,Dodge,912,11,0,41.58071748,-96.65598179,31053.0,2494.188431560235,1.2061403508771928,901,911,11,0,900,904,36791,1,0,0,1,7
2020-08-31,US,Nebraska,Douglas,13482,158,0,41.29518299,-96.15085305,31055.0,2359.769449019563,1.1719329476338822,13324,13431,155,0,13276,13338,566880,51,3,0,48,93
2020-08-31,US,Nebraska,Dundy,8,0,0,40.17638677,-101.6876522,31057.0,472.5339633786178,0.0,8,8,0,0,8,7,1770,0,0,0,0,1
2020-08-31,US,Nebraska,Fillmore,31,1,0,40.52458567,-97.59646937,31059.0,567.557671182717,3.2258064516129035,30,31,1,0,30,31,5527,0,0,0,0,0
2020-08-31,US,Nebraska,Franklin,20,0,0,40.17636348,-98.95299073,31061.0,671.366230278617,0.0,20,19,0,0,19,19,3023,1,0,0,1,0
2020-08-31,US,Nebraska,Frontier,6,0,0,40.52993007,-100.3924658,31063.0,228.39741149600303,0.0,6,6,0,0,6,6,2608,0,0,0,0,0
2020-08-31,US,Nebraska,Furnas,29,1,0,40.17642064,-99.91247454,31065.0,620.1881950384943,3.4482758620689653,28,26,1,0,25,26,4715,3,0,0,3,0
2020-08-31,US,Nebraska,Gage,132,4,0,40.26186809,-96.68946704,31067.0,613.5824850090643,3.0303030303030303,128,130,4,0,126,130,21493,2,0,0,2,0
2020-08-31,US,Nebraska,Garden,7,0,0,41.61703149,-102.3313973,31069.0,381.05606967882414,0.0,7,7,0,0,7,7,1897,0,0,0,0,0
2020-08-31,US,Nebraska,Garfield,6,0,0,41.91428955,-98.99111827,31071.0,304.7232097511427,0.0,6,6,0,0,6,6,1987,0,0,0,0,0
2020-08-31,US,Nebraska,Gosper,24,0,0,40.51481965,-99.83020279,31073.0,1206.0301507537688,0.0,24,23,0,0,23,23,1996,1,0,0,1,0
2020-08-31,US,Nebraska,Greeley,12,0,0,41.56742671,-98.52150266,31077.0,509.3378607809847,0.0,12,12,0,0,12,12,2356,0,0,0,0,0
2020-08-31,US,Nebraska,Hall,1849,46,0,40.87257079,-98.50218293,31079.0,3013.707561162453,2.4878312601406165,1803,1843,46,0,1797,1838,61607,6,0,0,6,5
2020-08-31,US,Nebraska,Hamilton,106,12,0,40.87349452,-98.02099117,31081.0,1136.8511368511367,11.320754716981131,94,106,12,0,94,106,9280,0,0,0,0,0
2020-08-31,US,Nebraska,Harlan,6,0,0,40.17658508,-99.40438879,31083.0,177.5147928994083,0.0,6,5,0,0,5,4,3401,1,0,0,1,1
2020-08-31,US,Nebraska,Hitchcock,2,0,0,40.17609175,-101.04164770000001,31087.0,72.41129616220131,0.0,2,2,0,0,2,2,2806,0,0,0,0,0
2020-08-31,US,Nebraska,Holt,20,0,0,42.45522056,-98.78402558,31089.0,198.6689182477401,0.0,20,20,0,0,20,20,10178,0,0,0,0,0
2020-08-31,US,Nebraska,Hooker,4,0,0,41.91586243,-101.1354293,31091.0,586.5102639296188,0.0,4,4,0,0,4,4,682,0,0,0,0,0
2020-08-31,US,Nebraska,Howard,64,5,0,41.2200529,-98.5166499,31093.0,993.0178432893716,7.8125,59,64,5,0,59,64,6468,0,0,0,0,0
2020-08-31,US,Nebraska,Jefferson,19,0,0,40.17584531,-97.142601,31095.0,269.6565427192733,0.0,19,19,0,0,19,19,7097,0,0,0,0,0
2020-08-31,US,Nebraska,Johnson,23,0,0,40.39257596,-96.26522753,31097.0,453.5594557286531,0.0,23,23,0,0,23,23,5134,0,0,0,0,0
2020-08-31,US,Nebraska,Kearney,111,0,0,40.50663314,-98.94877182,31099.0,1709.0069284064664,0.0,111,110,0,0,110,108,6544,1,0,0,1,2
2020-08-31,US,Nebraska,Keith,46,0,0,41.19930341,-101.66201640000001,31101.0,572.5665919840677,0.0,46,46,0,0,46,46,8021,0,0,0,0,0
2020-08-31,US,Nebraska,Keya Paha,1,0,0,42.87990694,-99.71343729,31103.0,124.06947890818859,0.0,1,1,0,0,1,1,810,0,0,0,0,0
2020-08-31,US,Nebraska,Kimball,15,0,0,41.19774275,-103.7148131,31105.0,412.9955947136564,0.0,15,15,0,0,15,15,3618,0,0,0,0,0
2020-08-31,US,Nebraska,Knox,66,0,0,42.63758421,-97.89178836,31107.0,792.1267402784448,0.0,66,63,0,0,63,63,8419,3,0,0,3,0
2020-08-31,US,Nebraska,Lancaster,4050,21,0,40.78416049,-96.68777155,31109.0,1269.2343852831489,0.5185185185185185,4029,3990,21,0,3969,3912,317272,60,0,0,60,78
2020-08-31,US,Nebraska,Lincoln,270,2,0,41.04658298,-100.74753740000001,31111.0,773.3287506444408,0.7407407407407407,268,269,2,0,267,269,35185,1,0,0,1,0
2020-08-31,US,Nebraska,Logan,3,0,0,41.56650314,-100.4817851,31113.0,401.06951871657753,0.0,3,3,0,0,3,3,749,0,0,0,0,0
2020-08-31,US,Nebraska,Loup,2,0,0,41.91371961,-99.45440415,31115.0,301.20481927710836,0.0,2,2,0,0,2,1,618,0,0,0,0,1
2020-08-31,US,Nebraska,Madison,602,5,0,41.91676024,-97.6005481,31119.0,1715.1485797316166,0.8305647840531561,597,588,5,0,583,576,35392,14,0,0,14,12
2020-08-31,US,Nebraska,McPherson,6,0,0,41.56797682,-101.05993620000001,31117.0,1214.5748987854256,0.0,6,6,0,0,6,6,492,0,0,0,0,0
2020-08-31,US,Nebraska,Merrick,67,1,0,41.16624273,-98.0374887,31121.0,863.9587362991617,1.492537313432836,66,66,1,0,65,65,7733,1,0,0,1,1
2020-08-31,US,Nebraska,Morrill,66,0,0,41.71711774,-103.0061405,31123.0,1421.8009478672986,0.0,66,64,0,0,64,64,4686,2,0,0,2,0
2020-08-31,US,Nebraska,Nance,11,0,0,41.39750195,-97.99327291,31125.0,312.588803637397,0.0,11,11,0,0,11,11,3532,0,0,0,0,0
2020-08-31,US,Nebraska,Nemaha,80,0,0,40.38514847,-95.85433992,31127.0,1147.4469305794607,0.0,80,78,0,0,78,77,6958,2,0,0,2,1
2020-08-31,US,Nebraska,Nuckolls,10,0,0,40.17637905,-98.04743961,31129.0,241.08003857280616,0.0,10,10,0,0,10,10,4195,0,0,0,0,0
2020-08-31,US,Nebraska,Otoe,114,1,0,40.64843556,-96.13374142,31131.0,711.9660254808895,0.8771929824561403,113,114,1,0,113,112,15985,0,0,0,0,2
2020-08-31,US,Nebraska,Pawnee,10,0,0,40.13141096,-96.23705437,31133.0,382.70187523918884,0.0,10,10,0,0,10,10,2632,0,0,0,0,0
2020-08-31,US,Nebraska,Perkins,30,7,0,40.85082525,-101.6502942,31135.0,1037.7032168799724,23.33333333333333,23,29,7,0,22,29,2929,1,0,0,1,0
2020-08-31,US,Nebraska,Phelps,68,0,0,40.51156033,-99.41461667,31137.0,752.711976975869,0.0,68,67,0,0,67,65,8996,1,0,0,1,2
2020-08-31,US,Nebraska,Pierce,60,2,0,42.26434853,-97.60122773,31139.0,839.3956351426973,3.333333333333333,58,60,2,0,58,60,7142,0,0,0,0,0
2020-08-31,US,Nebraska,Platte,872,3,0,41.57246836,-97.52144359,31141.0,2605.318195398865,0.3440366972477064,869,864,3,0,861,853,33363,8,0,0,8,11
2020-08-31,US,Nebraska,Polk,33,1,0,41.18813488,-97.56630712,31143.0,633.0328026088624,3.0303030303030303,32,33,0,0,33,33,5278,0,1,0,-1,0
2020-08-31,US,Nebraska,Red Willow,20,0,0,40.17556879999999,-100.476998,31145.0,186.4975755315181,0.0,20,18,0,0,18,18,10726,2,0,0,2,0
2020-08-31,US,Nebraska,Richardson,34,1,0,40.1247415,-95.71755036,31147.0,432.2949777495232,2.9411764705882355,33,34,1,0,33,33,7937,0,0,0,0,1
2020-08-31,US,Nebraska,Rock,9,0,0,42.42252217,-99.44832069,31149.0,663.2277081798084,0.0,9,9,0,0,9,7,1360,0,0,0,0,2
2020-08-31,US,Nebraska,Saline,634,2,0,40.52418865,-97.14085859,31151.0,4457.255343082114,0.3154574132492113,632,633,2,0,631,631,14350,1,0,0,1,2
2020-08-31,US,Nebraska,Sarpy,2841,15,0,41.11314181,-96.11156432,31153.0,1517.660633774226,0.5279831045406547,2826,2832,15,0,2817,2812,184459,9,0,0,9,20
2020-08-31,US,Nebraska,Saunders,226,2,0,41.227810299999994,-96.63773905,31155.0,1047.3630549633883,0.8849557522123894,224,222,2,0,220,219,21303,4,0,0,4,3
2020-08-31,US,Nebraska,Scotts Bluff,358,6,0,41.85070896,-103.70809859999999,31157.0,1005.1097759559773,1.675977653631285,352,357,6,0,351,355,35989,1,0,0,1,2
2020-08-31,US,Nebraska,Seward,164,2,0,40.87241834,-97.139673,31159.0,948.8544318444805,1.2195121951219512,162,163,2,0,161,163,17318,1,0,0,1,0
2020-08-31,US,Nebraska,Sheridan,23,0,0,42.50284406,-102.4126613,31161.0,438.4292794510103,0.0,23,21,0,0,21,21,5190,2,0,0,2,0
2020-08-31,US,Nebraska,Sherman,16,1,0,41.22045983,-98.97588642,31163.0,533.1556147950682,6.25,15,15,1,0,14,15,3038,1,0,0,1,0
2020-08-31,US,Nebraska,Sioux,6,0,0,42.48932059,-103.7576544,31165.0,514.5797598627787,0.0,6,6,0,0,6,6,1187,0,0,0,0,0
2020-08-31,US,Nebraska,Stanton,34,0,0,41.9169835,-97.19394708,31167.0,574.3243243243244,0.0,34,33,0,0,33,33,5970,1,0,0,1,0
2020-08-31,US,Nebraska,Thayer,27,0,0,40.17626377,-97.59504381,31169.0,539.6761942834298,0.0,27,27,0,0,27,27,5039,0,0,0,0,0
2020-08-31,US,Nebraska,Thomas,3,0,0,41.91358968,-100.5556632,31171.0,415.51246537396116,0.0,3,3,0,0,3,3,720,0,0,0,0,0
2020-08-31,US,Nebraska,Thurston,223,4,0,42.15725356,-96.54157099,31173.0,3086.9324473975635,1.7937219730941705,219,221,4,0,217,220,7303,2,0,0,2,1
2020-08-31,US,Nebraska,Unassigned,132,1,0,0.0,0.0,90031.0,0.0,0.7575757575757576,131,125,1,0,124,122,,7,0,0,7,3
2020-08-31,US,Nebraska,Valley,19,0,0,41.56730777,-98.98197724,31175.0,456.95045695045684,0.0,19,18,0,0,18,18,4190,1,0,0,1,0
2020-08-31,US,Nebraska,Washington,176,1,0,41.52815707,-96.22019892,31177.0,849.0520526798206,0.5681818181818182,175,175,1,0,174,173,20667,1,0,0,1,2
2020-08-31,US,Nebraska,Wayne,54,0,0,42.20934475,-97.11926964,31179.0,575.3862546616942,0.0,54,52,0,0,52,52,9403,2,0,0,2,0
2020-08-31,US,Nebraska,Webster,13,0,0,40.17642643,-98.50019851,31181.0,372.8133065672498,0.0,13,13,0,0,13,13,3533,0,0,0,0,0
2020-08-31,US,Nebraska,Wheeler,1,0,0,41.91482725,-98.52798941,31183.0,127.7139208173691,0.0,1,1,0,0,1,1,805,0,0,0,0,0
2020-08-31,US,Nebraska,York,113,0,0,40.87272618,-97.59710186,31185.0,826.0837780539513,0.0,113,113,0,0,113,109,13772,0,0,0,0,4
2020-08-31,US,Nevada,Carson City,427,8,0,39.15509045,-119.7480219,32510.0,763.6454682023035,1.873536299765808,419,425,8,0,417,424,55414,2,0,0,2,1
2020-08-31,US,Nevada,Churchill,84,1,0,39.58105744,-118.3394607,32001.0,337.22750812959174,1.1904761904761905,83,84,1,0,83,84,24440,0,0,0,0,0
2020-08-31,US,Nevada,Clark,59420,1126,0,36.21458855,-115.0130241,32003.0,2621.4146904220424,1.894984853584652,58294,59153,1125,0,58028,58789,2231647,267,1,0,266,364
2020-08-31,US,Nevada,Douglas,247,1,0,38.912862,-119.61713329999999,32005.0,505.0608322257438,0.4048582995951417,246,244,1,0,243,242,48467,3,0,0,3,2
2020-08-31,US,Nevada,Elko,803,4,0,41.14531606,-115.3577619,32007.0,1521.4672780325134,0.49813200498132,799,792,4,0,788,792,52460,11,0,0,11,0
2020-08-31,US,Nevada,Eureka,6,0,0,39.98100864,-116.26832040000001,32011.0,295.71217348447516,0.0,6,5,0,0,5,5,2003,1,0,0,1,0
2020-08-31,US,Nevada,Humboldt,111,4,0,41.40692186,-118.11094270000001,32013.0,659.4973560691581,3.603603603603604,107,111,4,0,107,111,16786,0,0,0,0,0
2020-08-31,US,Nevada,Lander,59,1,0,39.933223299999995,-117.03970749999999,32015.0,1066.522053506869,1.6949152542372878,58,59,1,0,58,59,5575,0,0,0,0,0
2020-08-31,US,Nevada,Lincoln,6,0,0,37.64268459,-114.8790388,32017.0,115.76307158016591,0.0,6,6,0,0,6,6,5201,0,0,0,0,0
2020-08-31,US,Nevada,Lyon,326,6,0,39.01777974,-119.18704790000001,32019.0,566.8579377499565,1.8404907975460123,320,324,6,0,318,318,55808,2,0,0,2,6
2020-08-31,US,Nevada,Mineral,12,0,0,38.53841696,-118.4344506,32021.0,266.37069922308547,0.0,12,12,0,0,12,12,4514,0,0,0,0,0
2020-08-31,US,Nevada,Nye,469,14,0,38.04264256,-116.47227020000001,32023.0,1008.1035186896803,2.985074626865672,455,467,14,0,453,467,45346,2,0,0,2,0
2020-08-31,US,Nevada,Pershing,22,0,0,40.44003782,-118.40056409999998,32027.0,327.13754646840147,0.0,22,21,0,0,21,19,6666,1,0,0,1,2
2020-08-31,US,Nevada,Storey,7,0,0,39.44875482,-119.5250207,32029.0,169.77928692699493,0.0,7,6,0,0,6,6,4029,1,0,0,1,0
2020-08-31,US,Nevada,Washoe,7204,139,0,40.66562265,-119.6631594,32031.0,1527.8281469039425,1.9294836202109942,7065,7174,137,0,7037,7102,465735,30,2,0,28,72
2020-08-31,US,Nevada,White Pine,25,1,0,39.44157041,-114.89996599999999,32033.0,260.9603340292276,4.0,24,25,1,0,24,25,9475,0,0,0,0,0
2020-08-31,US,New Hampshire,Belknap,125,4,0,43.51637314,-71.41684235,33001.0,203.9051922418153,3.2,121,125,4,0,121,125,61022,0,0,0,0,0
2020-08-31,US,New Hampshire,Carroll,105,1,0,43.87498583,-71.20430216,33003.0,214.68002453486,0.9523809523809524,104,104,1,0,103,104,48779,1,0,0,1,0
2020-08-31,US,New Hampshire,Cheshire,129,3,0,42.92015988,-72.25311043,33005.0,169.54721692843532,2.3255813953488373,126,129,3,0,126,129,76493,0,0,0,0,0
2020-08-31,US,New Hampshire,Coos,18,0,0,44.69063265,-71.30633239,33007.0,57.0287995437696,0.0,18,18,0,0,18,18,31589,0,0,0,0,0
2020-08-31,US,New Hampshire,Grafton,114,1,0,43.93779815,-71.82057197,33009.0,126.82731459849144,0.8771929824561403,113,113,1,0,112,113,89786,1,0,0,1,0
2020-08-31,US,New Hampshire,Hillsborough,4040,286,0,42.91537785,-71.7200253,33011.0,968.76686049997,7.079207920792079,3754,4027,286,0,3741,4024,415247,13,0,0,13,3
2020-08-31,US,New Hampshire,Merrimack,502,23,0,43.29662971,-71.6811573,33013.0,331.59170624409643,4.581673306772909,479,500,23,0,477,499,151132,2,0,0,2,1
2020-08-31,US,New Hampshire,Rockingham,1809,100,0,42.98499744,-71.12883377,33015.0,583.9835490316979,5.5279159756771685,1709,1805,100,0,1705,1802,309176,4,0,0,4,3
2020-08-31,US,New Hampshire,Strafford,383,13,0,43.291833000000004,-71.02336013,33017.0,293.18778562844,3.3942558746736293,370,383,13,0,370,382,130090,0,0,0,0,1
2020-08-31,US,New Hampshire,Sullivan,48,1,0,43.36094111,-72.22203125,33019.0,111.25017382839658,2.083333333333333,47,47,1,0,46,47,43144,1,0,0,1,0
2020-08-31,US,New Hampshire,Unassigned,2,0,0,0.0,0.0,90033.0,0.0,0.0,2,3,0,0,3,3,,-1,0,0,-1,0
2020-08-31,US,New Jersey,Atlantic,3752,251,0,39.47538693,-74.65848483,34001.0,1422.9908597868548,6.6897654584221735,3501,3739,251,0,3488,3729,265429,13,0,0,13,10
2020-08-31,US,New Jersey,Bergen,21600,2033,0,40.96010917,-74.07164325,34003.0,2317.0943636679604,9.412037037037038,19567,21557,2032,0,19525,21520,936692,43,1,0,42,37
2020-08-31,US,New Jersey,Burlington,6395,481,0,39.87681124,-74.66927768,34005.0,1435.9524777197214,7.521501172791242,5914,6382,481,0,5901,6370,445384,13,0,0,13,12
2020-08-31,US,New Jersey,Camden,9157,590,0,39.80343818,-74.96388753,34007.0,1808.000852960979,6.443158239598121,8567,9142,590,0,8552,9116,507078,15,0,0,15,26
2020-08-31,US,New Jersey,Cape May,905,94,0,39.15008829,-74.80170244,34009.0,983.2788274535794,10.386740331491712,811,898,94,0,804,894,92560,7,0,0,7,4
2020-08-31,US,New Jersey,Cumberland,3573,155,0,39.37199394,-75.10712559,34011.0,2389.5350003678263,4.338091239854464,3418,3560,155,0,3405,3545,150972,13,0,0,13,15
2020-08-31,US,New Jersey,Essex,20324,2115,0,40.78681335,-74.24657979,34013.0,2543.7591914640634,10.406416059830741,18209,20301,2113,0,18188,20276,799767,23,2,0,21,25
2020-08-31,US,New Jersey,Gloucester,3685,219,0,39.71581067,-75.13995546,34015.0,1263.5614258870646,5.943012211668927,3466,3668,219,0,3449,3656,291408,17,0,0,17,12
2020-08-31,US,New Jersey,Hudson,20144,1508,0,40.73766234,-74.07515667,34017.0,2995.875911486025,7.486100079428117,18636,20131,1507,0,18624,20116,676061,13,1,0,12,15
2020-08-31,US,New Jersey,Hunterdon,1213,124,0,40.56335249,-74.91284156,34019.0,975.3077485909096,10.222588623248145,1089,1212,124,0,1088,1213,124714,1,0,0,1,-1
2020-08-31,US,New Jersey,Mercer,8333,627,0,40.28047017,-74.70479631,34021.0,2267.9149770024223,7.524300972038883,7706,8326,627,0,7699,8315,369811,7,0,0,7,11
2020-08-31,US,New Jersey,Middlesex,18456,1418,0,40.43629879,-74.41426991,34023.0,2236.9228009531407,7.683138274815778,17038,18432,1418,0,17014,18415,829685,24,0,0,24,17
2020-08-31,US,New Jersey,Monmouth,10734,858,0,40.26549699,-74.22240686,34025.0,1734.6617215717645,7.9932923420905535,9876,10710,858,0,9852,10700,621354,24,0,0,24,10
2020-08-31,US,New Jersey,Morris,7491,829,0,40.86095313,-74.54553709999998,34027.0,1523.040795372526,11.06661326925644,6662,7474,829,0,6645,7466,494228,17,0,0,17,8
2020-08-31,US,New Jersey,Ocean,11181,1022,0,39.8895449,-74.28089251,34029.0,1841.4456196289111,9.140506215901977,10159,11145,1020,0,10125,11132,601651,36,2,0,34,13
2020-08-31,US,New Jersey,Passaic,18351,1246,0,41.03238628,-74.29954144,34031.0,3656.845201324762,6.789820718216991,17105,18327,1245,0,17082,18306,503310,24,1,0,23,21
2020-08-31,US,New Jersey,Salem,981,89,0,39.58719656,-75.34696629999998,34033.0,1572.493387833614,9.072375127421,892,980,89,0,891,978,62607,1,0,0,1,2
2020-08-31,US,New Jersey,Somerset,5420,567,0,40.56465737,-74.61683016,34035.0,1647.7469644366352,10.461254612546126,4853,5400,567,0,4833,5387,331164,20,0,0,20,13
2020-08-31,US,New Jersey,Sussex,1399,197,0,41.13891592,-74.69118243,34037.0,995.8145891464039,14.081486776268767,1202,1394,197,0,1197,1392,140799,5,0,0,5,2
2020-08-31,US,New Jersey,Unassigned,368,0,0,0.0,0.0,90034.0,0.0,0.0,368,364,0,0,364,337,,4,0,0,4,27
2020-08-31,US,New Jersey,Union,17103,1351,0,40.65835409,-74.30680092,34039.0,3074.193704939956,7.8991989709407715,15752,17077,1350,0,15727,17066,558067,26,1,0,25,11
2020-08-31,US,New Jersey,Warren,1395,171,0,40.85951833,-74.99556527,34041.0,1325.2016301405001,12.258064516129034,1224,1392,171,0,1221,1391,105779,3,0,0,3,1
2020-08-31,US,New Mexico,Bernalillo,5809,156,0,35.05163625,-106.6703554,35001.0,855.3703979114179,2.685488035806507,5653,5795,155,0,5640,5773,678701,14,1,0,13,22
2020-08-31,US,New Mexico,Catron,5,1,0,33.91514144,-108.4046587,35003.0,141.7635384179189,20.0,4,5,1,0,4,5,3578,0,0,0,0,0
2020-08-31,US,New Mexico,Chaves,727,6,0,33.36406072,-104.4665365,35005.0,1125.1257447961,0.8253094910591472,721,722,6,0,716,694,64689,5,0,0,5,28
2020-08-31,US,New Mexico,Cibola,398,20,0,34.91131525,-107.998876,35006.0,1492.0337394564199,5.025125628140704,378,397,20,0,377,397,26746,1,0,0,1,0
2020-08-31,US,New Mexico,Colfax,19,1,0,36.60569702,-104.64726740000002,35007.0,159.11565195544762,5.2631578947368425,18,19,1,0,18,19,12110,0,0,0,0,0
2020-08-31,US,New Mexico,Curry,672,4,0,34.57421077,-103.34688759999999,35009.0,1372.7172447603873,0.5952380952380952,668,671,3,0,668,667,49437,1,1,0,0,4
2020-08-31,US,New Mexico,Dona Ana,2827,43,0,32.35275771,-106.83293870000001,35013.0,1295.6300556841354,1.5210470463388752,2784,2819,41,0,2778,2813,217522,8,2,0,6,6
2020-08-31,US,New Mexico,Eddy,492,5,0,32.47167456,-104.3053527,35015.0,841.6010947656517,1.0162601626016259,487,486,5,0,481,482,57900,6,0,0,6,4
2020-08-31,US,New Mexico,Grant,82,2,0,32.73911281,-108.3827845,35017.0,303.7262019408845,2.4390243902439024,80,79,2,0,77,79,27346,3,0,0,3,0
2020-08-31,US,New Mexico,Guadalupe,32,1,0,34.86319296,-104.790669,35019.0,744.1860465116278,3.125,31,32,1,0,31,32,4341,0,0,0,0,0
2020-08-31,US,New Mexico,Harding,2,0,0,35.85751555,-103.82209379999999,35021.0,320.0,0.0,2,2,0,0,2,2,655,0,0,0,0,0
2020-08-31,US,New Mexico,Hidalgo,98,2,0,31.91383467,-108.7151824,35023.0,2334.444973797047,2.0408163265306123,96,97,1,0,96,97,4240,1,1,0,0,0
2020-08-31,US,New Mexico,Lea,1131,12,0,32.79215361,-103.4123733,35025.0,1591.3887716336008,1.0610079575596818,1119,1126,11,0,1115,1108,69611,5,1,0,4,18
2020-08-31,US,New Mexico,Lincoln,169,2,0,33.74526079,-105.4586166,35027.0,863.4784385857347,1.183431952662722,167,168,2,0,166,166,19556,1,0,0,1,2
2020-08-31,US,New Mexico,Los Alamos,27,0,0,35.86631386,-106.31349850000001,35028.0,139.39800712478706,0.0,27,27,0,0,27,27,19101,0,0,0,0,0
2020-08-31,US,New Mexico,Luna,316,5,0,32.18179341,-107.75088259999998,35029.0,1332.8271964232993,1.5822784810126582,311,315,5,0,310,314,23963,1,0,0,1,1
2020-08-31,US,New Mexico,McKinley,4203,242,0,35.58007720000001,-108.262245,35031.0,5889.276556391609,5.7577920532952644,3961,4195,242,0,3953,4193,72290,8,0,0,8,2
2020-08-31,US,New Mexico,Mora,6,0,0,36.01095101,-104.9497716,35033.0,132.71400132713998,0.0,6,6,0,0,6,6,4506,0,0,0,0,0
2020-08-31,US,New Mexico,Otero,218,12,0,32.61348406,-105.7417604,35035.0,323.010816417247,5.504587155963303,206,218,12,0,206,218,66781,0,0,0,0,0
2020-08-31,US,New Mexico,Quay,63,2,0,35.10403332,-103.54817270000001,35037.0,763.3587786259543,3.1746031746031744,61,62,2,0,60,62,8253,1,0,0,1,0
2020-08-31,US,New Mexico,Rio Arriba,358,13,0,36.51072137,-106.69316740000001,35039.0,919.8119267233627,3.6312849162011163,345,358,12,0,346,353,39006,0,1,0,-1,5
2020-08-31,US,New Mexico,Roosevelt,201,1,0,34.02097406,-103.4799493,35041.0,1086.4864864864865,0.4975124378109453,200,201,1,0,200,200,18743,0,0,0,0,1
2020-08-31,US,New Mexico,San Juan,3192,191,0,36.50838318,-108.32043700000001,35045.0,2575.065748075961,5.983709273182957,3001,3187,190,0,2997,3186,125043,5,1,0,4,1
2020-08-31,US,New Mexico,San Miguel,81,0,0,35.48014807,-104.8163562,35047.0,296.95347728855813,0.0,81,78,0,0,78,78,27591,3,0,0,3,0
2020-08-31,US,New Mexico,Sandoval,1247,37,0,35.68862401,-106.86878030000001,35043.0,849.7560443753919,2.967121090617482,1210,1246,37,0,1209,1240,145179,1,0,0,1,6
2020-08-31,US,New Mexico,Santa Fe,821,4,0,35.50708973,-105.9774716,35049.0,546.0301413958686,0.48721071863581,817,818,4,0,814,814,150056,3,0,0,3,4
2020-08-31,US,New Mexico,Sierra,37,1,0,33.13028233,-107.1925893,35051.0,342.87832452970065,2.702702702702702,36,37,1,0,36,37,10968,0,0,0,0,0
2020-08-31,US,New Mexico,Socorro,77,6,0,34.00715494,-106.9298354,35053.0,462.8238264110117,7.792207792207793,71,77,6,0,71,77,16735,0,0,0,0,0
2020-08-31,US,New Mexico,Taos,115,3,0,36.58006022,-105.63101979999999,35055.0,351.43477065061273,2.608695652173913,112,115,2,0,113,115,32835,0,1,0,-1,0
2020-08-31,US,New Mexico,Torrance,63,1,0,34.64048375,-105.8508949,35057.0,407.4768773041847,1.5873015873015872,62,63,1,0,62,63,15591,0,0,0,0,0
2020-08-31,US,New Mexico,Unassigned,1320,0,0,0.0,0.0,90035.0,0.0,0.0,1320,1320,0,0,1320,1320,,0,0,0,0,0
2020-08-31,US,New Mexico,Union,31,2,0,36.48126404,-103.4709624,35059.0,763.7349100763735,6.451612903225807,29,31,2,0,29,31,4118,0,0,0,0,0
2020-08-31,US,New Mexico,Valencia,513,4,0,34.71669834,-106.8103733,35061.0,668.9442937617357,0.7797270955165692,509,511,4,0,507,510,76456,2,0,0,2,1
2020-08-31,US,New York,Albany,2770,133,0,42.60060306,-73.97723916,36001.0,906.6925035842177,4.8014440433213,2637,2764,133,0,2631,2754,307117,6,0,0,6,10
2020-08-31,US,New York,Allegany,89,1,0,42.25748406,-78.02750466,36003.0,193.09626608231545,1.1235955056179776,88,89,1,0,88,88,46430,0,0,0,0,1
2020-08-31,US,New York,Bronx,51610,4909,0,40.85209301,-73.86282755,36005.0,3639.102049277714,9.511722534392561,46701,,,,,,1432132,,,,,
2020-08-31,US,New York,Broome,1307,69,0,42.15903158,-75.81326086,36007.0,686.1324597874933,5.279265493496557,1238,1295,69,0,1226,1286,191659,12,0,0,12,9
2020-08-31,US,New York,Cattaraugus,205,6,0,42.24778241,-78.67923096,36009.0,269.3222276232642,2.9268292682926833,199,201,6,0,195,197,76840,4,0,0,4,4
2020-08-31,US,New York,Cayuga,178,2,0,42.91261714,-76.55731592,36011.0,232.44880902632684,1.1235955056179776,176,177,2,0,175,177,77145,1,0,0,1,0
2020-08-31,US,New York,Chautauqua,394,9,0,42.22769210000001,-79.36691763,36013.0,310.47335366382197,2.2842639593908634,385,382,9,0,373,373,127939,12,0,0,12,9
2020-08-31,US,New York,Chemung,203,3,0,42.13891056,-76.7638805,36015.0,243.24194785276075,1.477832512315271,200,200,3,0,197,196,84254,3,0,0,3,4
2020-08-31,US,New York,Chenango,228,7,0,42.49430041,-75.60887553,36017.0,482.97921918359566,3.0701754385964914,221,227,7,0,220,225,47536,1,0,0,1,2
2020-08-31,US,New York,Clinton,150,5,0,44.74530905,-73.67875352,36019.0,186.37013108032554,3.333333333333333,145,150,5,0,145,150,80695,0,0,0,0,0
2020-08-31,US,New York,Columbia,569,37,0,42.24819348,-73.63089095,36021.0,956.9297522746001,6.502636203866433,532,569,37,0,532,569,59916,0,0,0,0,0
2020-08-31,US,New York,Cortland,100,0,0,42.59509207,-76.07048931,36023.0,210.1679241714129,0.0,100,99,0,0,99,98,47823,1,0,0,1,1
2020-08-31,US,New York,Delaware,115,4,0,42.19837623,-74.96709306,36025.0,260.56417808995127,3.4782608695652173,111,115,4,0,111,112,44527,0,0,0,0,3
2020-08-31,US,New York,Dutchess,4865,153,0,41.76486060000001,-73.74356679,36027.0,1653.5358135804065,3.1449126413155186,4712,4852,153,0,4699,4846,293718,13,0,0,13,6
2020-08-31,US,New York,Erie,9872,678,0,42.76249024,-78.73063652,36029.0,1074.5595416141468,6.867909238249595,9194,9807,678,0,9129,9741,919719,65,0,0,65,66
2020-08-31,US,New York,Essex,129,0,0,44.11630765,-73.77297842,36031.0,349.73566490443267,0.0,129,128,0,0,128,126,37300,1,0,0,1,2
2020-08-31,US,New York,Franklin,58,0,0,44.59040891,-74.29926032,36033.0,115.94898244772301,0.0,58,58,0,0,58,58,50293,0,0,0,0,0
2020-08-31,US,New York,Fulton,311,24,0,43.11363907,-74.41798804,36035.0,582.5824700747429,7.717041800643088,287,311,24,0,287,311,53591,0,0,0,0,0
2020-08-31,US,New York,Genesee,295,5,0,43.0022601,-78.19135193,36037.0,515.0139664804468,1.6949152542372878,290,294,5,0,289,293,57511,1,0,0,1,1
2020-08-31,US,New York,Greene,307,18,0,42.275797,-74.12384884,36039.0,650.5891328303804,5.8631921824104225,289,307,18,0,289,307,47491,0,0,0,0,0
2020-08-31,US,New York,Hamilton,14,0,0,43.66146647,-74.49721957,36041.0,317.0289855072464,0.0,14,14,0,0,14,14,4434,0,0,0,0,0
2020-08-31,US,New York,Herkimer,297,4,0,43.42034246,-74.96145307,36043.0,484.35232146642966,1.3468013468013469,293,297,4,0,293,295,61833,0,0,0,0,2
2020-08-31,US,New York,Jefferson,150,0,0,44.04200959,-75.94653457,36045.0,136.56973250541728,0.0,150,150,0,0,150,149,111755,0,0,0,0,1
2020-08-31,US,New York,Kings,64998,7290,0,40.636182500000004,-73.94935552,36047.0,2539.0805823501905,11.215729714760457,57708,,,,,,2582830,,,,,
2020-08-31,US,New York,Lewis,49,0,0,43.784415700000004,-75.44903992,36049.0,186.3401277760876,0.0,49,49,0,0,49,48,26447,0,0,0,0,1
2020-08-31,US,New York,Livingston,183,8,0,42.72596275,-77.77966158,36051.0,290.8732555552023,4.371584699453551,175,182,8,0,174,182,63227,1,0,0,1,0
2020-08-31,US,New York,Madison,461,17,0,42.91653905,-75.67266639,36053.0,649.8357790276427,3.6876355748373104,444,461,17,0,444,459,70795,0,0,0,0,2
2020-08-31,US,New York,Monroe,5452,289,0,43.14638895,-77.69322942,36055.0,734.9987192795611,5.300807043286867,5163,5443,289,0,5154,5422,742474,9,0,0,9,21
2020-08-31,US,New York,Montgomery,206,4,0,42.90123494,-74.44011632,36057.0,418.5205501716746,1.9417475728155342,202,202,4,0,198,202,49455,4,0,0,4,0
2020-08-31,US,New York,Nassau,44677,2198,0,40.74066522,-73.58941873,36059.0,3292.520435927141,4.919757369563758,42479,44610,2198,0,42412,44554,1358343,67,0,0,67,56
2020-08-31,US,New York,New York,32119,3170,0,40.76727260000001,-73.97152637,36061.0,1972.0563441161264,9.86954761978891,28949,,,,,,,,,,,
2020-08-31,US,New York,Niagara,1618,101,0,43.19898042,-78.74777412,36063.0,773.1232171100099,6.242274412855378,1517,1612,101,0,1511,1605,210433,6,0,0,6,7
2020-08-31,US,New York,Oneida,2274,120,0,43.24375382,-75.43710392,36065.0,994.44179629249,5.277044854881266,2154,2272,120,0,2152,2268,229577,2,0,0,2,4
2020-08-31,US,New York,Onondaga,3892,204,0,43.00491923,-76.19971155,36067.0,845.1169092867317,5.241521068859198,3688,3883,204,0,3679,3866,461809,9,0,0,9,17
2020-08-31,US,New York,Ontario,391,35,0,42.85145728,-77.30874425,36069.0,356.17661258733614,8.951406649616366,356,389,35,0,354,386,109864,2,0,0,2,3
2020-08-31,US,New York,Orange,11433,494,0,41.40337468,-74.30240757,36071.0,2970.0732581701045,4.320825680048982,10939,11418,494,0,10924,11410,381951,15,0,0,15,8
2020-08-31,US,New York,Orleans,306,54,0,43.2516977,-78.2320066,36073.0,758.3267248215703,17.647058823529417,252,306,54,0,252,306,40612,0,0,0,0,0
2020-08-31,US,New York,Oswego,303,3,0,43.42778894,-76.14635194,36075.0,258.7001810047471,0.99009900990099,300,295,3,0,292,291,117898,8,0,0,8,4
2020-08-31,US,New York,Otsego,144,5,0,42.63492579,-75.03151402,36077.0,242.0452826382936,3.4722222222222223,139,143,5,0,138,134,59749,1,0,0,1,9
2020-08-31,US,New York,Putnam,1501,63,0,41.42630093,-73.74965532,36079.0,1526.6476810414972,4.197201865423051,1438,1500,63,0,1437,1494,98892,1,0,0,1,6
2020-08-31,US,New York,Queens,70222,7222,0,40.71088124,-73.81684712,36081.0,3115.635501437979,10.284526216855117,63000,,,,,,2278906,,,,,
2020-08-31,US,New York,Rensselaer,838,40,0,42.71348136,-73.51089874,36083.0,527.993749763726,4.77326968973747,798,833,40,0,793,830,159442,5,0,0,5,3
2020-08-31,US,New York,Richmond,15288,1083,0,40.58582155,-74.14808598,36085.0,3210.800116771642,7.083987441130298,14205,,,,,,476179,,,,,
2020-08-31,US,New York,Rockland,14255,674,0,41.15027894,-74.02560498,36087.0,4375.531402226595,4.7281655559452815,13581,14233,674,0,13559,14218,325695,22,0,0,22,15
2020-08-31,US,New York,Saratoga,844,17,0,43.10904162,-73.86653895,36091.0,367.1752304633629,2.014218009478673,827,842,17,0,825,832,230163,2,0,0,2,10
2020-08-31,US,New York,Schenectady,1263,45,0,42.81668777,-74.05278291,36093.0,813.2698858331348,3.5629453681710213,1218,1260,45,0,1215,1255,155350,3,0,0,3,5
2020-08-31,US,New York,Schoharie,69,0,0,42.58831742,-74.44339029999998,36095.0,222.58782541372295,0.0,69,69,0,0,69,69,31097,0,0,0,0,0
2020-08-31,US,New York,Schuyler,26,0,0,42.39184015,-76.8773299,36097.0,146.0099960689616,0.0,26,26,0,0,26,26,17912,0,0,0,0,0
2020-08-31,US,New York,Seneca,100,3,0,42.78081007,-76.82497064,36099.0,293.9793038570085,3.0,97,100,3,0,97,98,34300,0,0,0,0,2
2020-08-31,US,New York,St. Lawrence,275,4,0,44.4976179,-75.06550039,36089.0,255.24410618154812,1.4545454545454546,271,274,4,0,270,273,108047,1,0,0,1,1
2020-08-31,US,New York,Steuben,315,42,0,42.2689144,-77.3829924,36101.0,330.26137829081875,13.333333333333336,273,315,42,0,273,313,95796,0,0,0,0,2
2020-08-31,US,New York,Suffolk,44820,2002,0,40.88320119,-72.8012172,36103.0,3035.3494275027588,4.466755912539045,42818,44763,2002,0,42761,44712,1481093,57,0,0,57,51
2020-08-31,US,New York,Sullivan,1529,48,0,41.71579493,-74.76394559,36105.0,2026.9911973698165,3.1393067364290386,1481,1521,48,0,1473,1516,75498,8,0,0,8,5
2020-08-31,US,New York,Tioga,209,25,0,42.16852837,-76.30835812,36107.0,433.58297201419,11.961722488038278,184,208,25,0,183,208,48560,1,0,0,1,0
2020-08-31,US,New York,Tompkins,265,0,0,42.44945765,-76.47229843,36109.0,259.3462517126639,0.0,265,264,0,0,264,261,102793,1,0,0,1,3
2020-08-31,US,New York,Ulster,2175,94,0,41.89027881,-74.26252104,36111.0,1224.8483722187495,4.32183908045977,2081,2168,94,0,2074,2162,178599,7,0,0,7,6
2020-08-31,US,New York,Unassigned,0,21,0,0.0,0.0,90036.0,0.0,0.0,-21,,,,,,,,,,,
2020-08-31,US,New York,Warren,321,33,0,43.56173026,-73.8433699,36113.0,502.001751532591,10.280373831775703,288,321,33,0,288,321,64265,0,0,0,0,0
2020-08-31,US,New York,Washington,267,14,0,43.31153794,-73.43043448,36115.0,436.2459969936605,5.243445692883896,253,267,14,0,253,267,61197,0,0,0,0,0
2020-08-31,US,New York,Wayne,280,5,0,43.15494365,-77.02976528,36117.0,311.3948263973843,1.7857142857142858,275,280,5,0,275,280,90064,0,0,0,0,0
2020-08-31,US,New York,Westchester,36984,1451,0,41.16278376,-73.75741653,36119.0,3822.6119527940914,3.923318191650444,35533,36949,1451,0,35498,36895,967612,35,0,0,35,54
2020-08-31,US,New York,Wyoming,126,5,0,42.70145109,-78.22199579,36121.0,316.1143029177852,3.968253968253968,121,126,5,0,121,125,40085,0,0,0,0,1
2020-08-31,US,New York,Yates,62,7,0,42.63505484,-77.10369919,36123.0,248.8660538674588,11.290322580645164,55,61,7,0,54,61,24841,1,0,0,1,0
2020-08-31,US,North Carolina,Alamance,3209,46,0,36.0434701,-79.39976137,37001.0,1893.1148198620722,1.4334683702087878,3163,3100,46,0,3054,3076,166436,109,0,0,109,24
2020-08-31,US,North Carolina,Alexander,401,2,0,35.922379600000006,-81.17751948,37003.0,1069.418886844281,0.4987531172069826,399,397,2,0,395,396,37353,4,0,0,4,1
2020-08-31,US,North Carolina,Alleghany,203,0,0,36.49360862,-81.12857041,37005.0,1822.7529855436835,0.0,203,203,0,0,203,203,11161,0,0,0,0,0
2020-08-31,US,North Carolina,Anson,441,3,0,34.97403241,-80.09953279,37007.0,1803.976110611143,0.6802721088435374,438,438,3,0,435,437,24877,3,0,0,3,1
2020-08-31,US,North Carolina,Ashe,200,1,0,36.43296207,-81.49862729,37009.0,735.2130279748558,0.5,199,196,1,0,195,194,27109,4,0,0,4,2
2020-08-31,US,North Carolina,Avery,138,0,0,36.07569796,-81.92308483,37011.0,786.0112775531128,0.0,138,136,0,0,136,133,17505,2,0,0,2,3
2020-08-31,US,North Carolina,Beaufort,586,9,0,35.48531943,-76.84325809,37013.0,1246.9676980040006,1.5358361774744027,577,573,9,0,564,558,47079,13,0,0,13,15
2020-08-31,US,North Carolina,Bertie,435,6,0,36.0688473,-76.96545943,37015.0,2295.877975405077,1.3793103448275863,429,427,6,0,421,413,19026,8,0,0,8,14
2020-08-31,US,North Carolina,Bladen,716,10,0,34.61296243,-78.56180059,37017.0,2188.130309883259,1.3966480446927374,706,708,10,0,698,702,33190,8,0,0,8,6
2020-08-31,US,North Carolina,Brunswick,1389,24,0,34.070565,-78.22814204,37019.0,972.5528637445736,1.7278617710583153,1365,1385,24,0,1361,1379,136744,4,0,0,4,6
2020-08-31,US,North Carolina,Buncombe,2468,70,0,35.61113393,-82.53305,37021.0,944.902389439146,2.8363047001620747,2398,2440,70,0,2370,2424,259103,28,0,0,28,16
2020-08-31,US,North Carolina,Burke,1850,30,0,35.74989637,-81.70755735,37023.0,2044.5377686909435,1.6216216216216215,1820,1846,30,0,1816,1840,90382,4,0,0,4,6
2020-08-31,US,North Carolina,Cabarrus,3169,54,0,35.3877799,-80.55267168,37025.0,1464.0591721990454,1.7040075733669928,3115,3142,53,0,3089,3136,211342,27,1,0,26,6
2020-08-31,US,North Carolina,Caldwell,1424,17,0,35.95204977,-81.54799522,37027.0,1732.8238701355594,1.1938202247191012,1407,1419,17,0,1402,1417,82029,5,0,0,5,2
2020-08-31,US,North Carolina,Camden,97,3,0,36.33804939,-76.15568396,37029.0,892.6106561148431,3.0927835051546397,94,97,3,0,94,96,10710,0,0,0,0,1
2020-08-31,US,North Carolina,Carteret,500,5,0,34.8932941,-76.54120135,37031.0,719.7040576914773,1.0,495,492,5,0,487,482,69524,8,0,0,8,10
2020-08-31,US,North Carolina,Caswell,249,2,0,36.39312665,-79.33353281,37033.0,1101.5749424880553,0.8032128514056225,247,245,2,0,243,243,22698,4,0,0,4,2
2020-08-31,US,North Carolina,Catawba,2616,44,0,35.66211129,-81.2132617,37035.0,1639.601130672951,1.6819571865443426,2572,2594,44,0,2550,2591,158652,22,0,0,22,3
2020-08-31,US,North Carolina,Chatham,1482,56,0,35.70394416,-79.25541492,37037.0,1990.0631126628173,3.778677462887989,1426,1480,56,0,1424,1468,73139,2,0,0,2,12
2020-08-31,US,North Carolina,Cherokee,433,5,0,35.1349263,-84.05970864,37039.0,1513.35104152104,1.1547344110854505,428,410,5,0,405,409,28383,23,0,0,23,1
2020-08-31,US,North Carolina,Chowan,220,2,0,36.12908077,-76.60118385,37041.0,1577.852685935595,0.9090909090909092,218,214,2,0,212,211,14029,6,0,0,6,3
2020-08-31,US,North Carolina,Clay,89,1,0,35.05704275,-83.74353633,37043.0,792.4494702163654,1.1235955056179776,88,88,1,0,87,88,11139,1,0,0,1,0
2020-08-31,US,North Carolina,Cleveland,1604,37,0,35.33553364,-81.55204486,37045.0,1637.6203456971627,2.306733167082294,1567,1592,36,0,1556,1586,97645,12,1,0,11,6
2020-08-31,US,North Carolina,Columbus,1102,51,0,34.26744084,-78.65801424,37047.0,1985.2994163003527,4.627949183303087,1051,1096,51,0,1045,1095,55655,6,0,0,6,1
2020-08-31,US,North Carolina,Craven,971,26,0,35.11833364,-77.08398081,37049.0,950.665269877324,2.677651905252317,945,967,26,0,941,958,102912,4,0,0,4,9
2020-08-31,US,North Carolina,Cumberland,4048,66,0,35.04762133,-78.82623165,37051.0,1206.525011251561,1.6304347826086956,3982,4016,66,0,3950,3994,332330,32,0,0,32,22
2020-08-31,US,North Carolina,Currituck,107,0,0,36.36123664,-75.95876401,37053.0,385.4050354788748,0.0,107,96,0,0,96,96,27072,11,0,0,11,0
2020-08-31,US,North Carolina,Dare,243,2,0,35.66520691,-75.71767334,37055.0,656.5970439622795,0.8230452674897121,241,242,2,0,240,241,36501,1,0,0,1,1
2020-08-31,US,North Carolina,Davidson,2171,32,0,35.79115496,-80.21256572,37057.0,1295.2765066315055,1.4739751266697374,2139,2159,32,0,2127,2145,166614,12,0,0,12,14
2020-08-31,US,North Carolina,Davie,478,6,0,35.93099927,-80.54496571,37059.0,1115.6233954161414,1.2552301255230125,472,474,6,0,468,473,42733,4,0,0,4,1
2020-08-31,US,North Carolina,Duplin,2083,52,0,34.93449805,-77.93140529,37061.0,3546.075143426227,2.496399423907825,2031,2078,52,0,2026,2076,58856,5,0,0,5,2
2020-08-31,US,North Carolina,Durham,6908,84,0,36.03638492,-78.87608331,37063.0,2148.758274025781,1.2159814707585408,6824,6878,84,0,6794,6842,316739,30,0,0,30,36
2020-08-31,US,North Carolina,Edgecombe,955,19,0,35.91230639,-77.59436892,37065.0,1855.3776810693194,1.9895287958115184,936,948,19,0,929,938,52005,7,0,0,7,10
2020-08-31,US,North Carolina,Forsyth,6160,74,0,36.12859861,-80.25459052,37067.0,1611.3211001974914,1.2012987012987013,6086,6141,74,0,6067,6119,379099,19,0,0,19,22
2020-08-31,US,North Carolina,Franklin,1056,29,0,36.081519,-78.28708884,37069.0,1515.390686661405,2.746212121212121,1027,1050,29,0,1021,1041,67560,6,0,0,6,9
2020-08-31,US,North Carolina,Gaston,4091,63,0,35.29373559,-81.17477045,37071.0,1822.03635165168,1.5399657785382548,4028,4068,63,0,4005,4052,222846,23,0,0,23,16
2020-08-31,US,North Carolina,Gates,84,3,0,36.44667547,-76.69749701,37073.0,726.5179034769072,3.571428571428572,81,85,3,0,82,83,11573,-1,0,0,-1,2
2020-08-31,US,North Carolina,Graham,55,0,0,35.3506925,-83.83369267,37075.0,651.5815661651462,0.0,55,55,0,0,55,55,8484,0,0,0,0,0
2020-08-31,US,North Carolina,Granville,1529,43,0,36.30337451,-78.65184241,37077.0,2529.656039574475,2.8122956180510137,1486,1522,43,0,1479,1508,60115,7,0,0,7,14
2020-08-31,US,North Carolina,Greene,414,4,0,35.48544173,-77.67578087,37079.0,1964.9722340879969,0.966183574879227,410,410,4,0,406,403,21012,4,0,0,4,7
2020-08-31,US,North Carolina,Guilford,6861,170,0,36.07959451,-79.78824948,37081.0,1277.2397770554792,2.4777729193995044,6691,6810,170,0,6640,6771,533670,51,0,0,51,39
2020-08-31,US,North Carolina,Halifax,862,11,0,36.25669272,-77.6556109,37083.0,1723.6552689462105,1.2761020881670533,851,862,11,0,851,861,50574,0,0,0,0,1
2020-08-31,US,North Carolina,Harnett,1625,46,0,35.36731853,-78.87243571,37085.0,1195.0638347943755,2.8307692307692314,1579,1606,46,0,1560,1595,134214,19,0,0,19,11
2020-08-31,US,North Carolina,Haywood,511,25,0,35.55269063,-82.98196486,37087.0,820.0009628191342,4.892367906066537,486,505,25,0,480,503,61971,6,0,0,6,2
2020-08-31,US,North Carolina,Henderson,1697,60,0,35.33788927,-82.4766782,37089.0,1445.2762376827884,3.535651149086624,1637,1694,60,0,1634,1687,116748,3,0,0,3,7
2020-08-31,US,North Carolina,Hertford,549,14,0,36.3607755,-76.98104134,37091.0,2318.705917134773,2.550091074681238,535,542,14,0,528,531,23659,7,0,0,7,11
2020-08-31,US,North Carolina,Hoke,874,12,0,35.01888303,-79.23651674,37093.0,1582.3586921099322,1.3729977116704806,862,872,12,0,860,865,54764,2,0,0,2,7
2020-08-31,US,North Carolina,Hyde,96,0,0,35.42017674,-76.15180542,37095.0,1944.5007089325504,0.0,96,94,0,0,94,92,5230,2,0,0,2,2
2020-08-31,US,North Carolina,Iredell,2336,24,0,35.80950511,-80.8743128,37097.0,1284.8860873678536,1.0273972602739727,2312,2323,24,0,2299,2314,178435,13,0,0,13,9
2020-08-31,US,North Carolina,Jackson,492,7,0,35.28814273,-83.14093385,37099.0,1119.7596613409803,1.4227642276422765,485,489,7,0,482,488,43327,3,0,0,3,1
2020-08-31,US,North Carolina,Johnston,3803,50,0,35.51745004,-78.36622717,37101.0,1816.6705678349472,1.3147515119642388,3753,3793,50,0,3743,3780,202675,10,0,0,10,13
2020-08-31,US,North Carolina,Jones,136,7,0,35.02254606,-77.35870791,37103.0,1443.8900095551544,5.147058823529412,129,135,7,0,128,133,9637,1,0,0,1,2
2020-08-31,US,North Carolina,Lee,1432,12,0,35.47623147,-79.17569362,37105.0,2317.939752990498,0.8379888268156425,1420,1427,12,0,1415,1423,61452,5,0,0,5,4
2020-08-31,US,North Carolina,Lenoir,797,16,0,35.24032589999999,-77.64245615,37107.0,1424.5116087865736,2.0075282308657467,781,788,16,0,772,776,55976,9,0,0,9,12
2020-08-31,US,North Carolina,Lincoln,1105,12,0,35.48508185,-81.21740317,37109.0,1283.2274622289835,1.085972850678733,1093,1103,12,0,1091,1093,83770,2,0,0,2,10
2020-08-31,US,North Carolina,Macon,540,2,0,35.14867843,-83.41696617,37113.0,1505.940097049473,0.3703703703703704,538,539,2,0,537,538,35285,1,0,0,1,1
2020-08-31,US,North Carolina,Madison,69,1,0,35.85402722,-82.71346418,37115.0,317.1684670190761,1.4492753623188406,68,68,1,0,67,67,21763,1,0,0,1,1
2020-08-31,US,North Carolina,Martin,347,7,0,35.84326734,-77.10860251,37117.0,1546.345811051693,2.0172910662824206,340,342,7,0,335,337,22671,5,0,0,5,5
2020-08-31,US,North Carolina,McDowell,788,24,0,35.67736232,-82.0482425,37111.0,1722.1785121077014,3.045685279187817,764,788,24,0,764,786,45507,0,0,0,0,2
2020-08-31,US,North Carolina,Mecklenburg,25345,289,0,35.24469268,-80.8317671,37119.0,2282.6012558134507,1.140264351943184,25056,25198,284,0,24914,25112,1093901,147,5,0,142,86
2020-08-31,US,North Carolina,Mitchell,93,3,0,36.01059309,-82.1582442,37121.0,621.4915797914996,3.2258064516129035,90,93,3,0,90,92,15000,0,0,0,0,1
2020-08-31,US,North Carolina,Montgomery,885,18,0,35.33155144,-79.90416657,37123.0,3256.909432156921,2.0338983050847457,867,881,18,0,863,869,27271,4,0,0,4,12
2020-08-31,US,North Carolina,Moore,1305,21,0,35.30885257,-79.48474178,37125.0,1293.6161776367962,1.6091954022988506,1284,1293,21,0,1272,1281,98682,12,0,0,12,12
2020-08-31,US,North Carolina,Nash,1661,22,0,35.96575634,-77.98422508,37127.0,1761.4371460688455,1.3245033112582782,1639,1652,22,0,1630,1629,94016,9,0,0,9,23
2020-08-31,US,North Carolina,New Hanover,3031,21,0,34.25758282,-77.87075626,37129.0,1292.6861514971872,0.6928406466512702,3010,3004,21,0,2983,2976,232274,27,0,0,27,28
2020-08-31,US,North Carolina,Northampton,338,17,0,36.41736238,-77.39769443,37131.0,1734.8457629728482,5.029585798816568,321,337,17,0,320,336,19676,1,0,0,1,1
2020-08-31,US,North Carolina,Onslow,1474,12,0,34.72607366,-77.42908179,37133.0,744.6776263274359,0.8141112618724559,1462,1460,12,0,1448,1460,197683,14,0,0,14,0
2020-08-31,US,North Carolina,Orange,2268,50,0,36.06092947,-79.12167935,37135.0,1527.5195991271314,2.2045855379188715,2218,2255,50,0,2205,2239,146027,13,0,0,13,16
2020-08-31,US,North Carolina,Pamlico,155,2,0,35.15253315,-76.66559823,37137.0,1217.978940751218,1.2903225806451613,153,146,2,0,144,115,12670,9,0,0,9,31
2020-08-31,US,North Carolina,Pasquotank,548,23,0,36.26723798,-76.25134778,37139.0,1376.0546404178385,4.197080291970803,525,546,23,0,523,544,39639,2,0,0,2,2
2020-08-31,US,North Carolina,Pender,768,4,0,34.52265624,-77.90352133,37141.0,1217.8877259752614,0.5208333333333334,764,767,4,0,763,762,62162,1,0,0,1,5
2020-08-31,US,North Carolina,Perquimans,138,2,0,36.17847453,-76.40603143,37143.0,1025.0315680011884,1.4492753623188406,136,135,2,0,133,133,13422,3,0,0,3,2
2020-08-31,US,North Carolina,Person,323,5,0,36.38989032,-78.97217358,37145.0,817.9285895163333,1.547987616099071,318,322,5,0,317,316,39507,1,0,0,1,6
2020-08-31,US,North Carolina,Pitt,3529,19,0,35.59535426,-77.37353178,37147.0,1952.50688827168,0.5383961462170587,3510,3490,19,0,3471,3376,179914,39,0,0,39,114
2020-08-31,US,North Carolina,Polk,227,7,0,35.27820615,-82.16812354,37149.0,1095.348388342019,3.0837004405286343,220,225,7,0,218,225,20611,2,0,0,2,0
2020-08-31,US,North Carolina,Randolph,2417,43,0,35.71015088,-79.80570339,37151.0,1682.3626859334433,1.779064956557716,2374,2413,43,0,2370,2400,143351,4,0,0,4,13
2020-08-31,US,North Carolina,Richmond,672,11,0,35.00417719,-79.74491009,37153.0,1499.029645988088,1.636904761904762,661,665,11,0,654,658,44887,7,0,0,7,7
2020-08-31,US,North Carolina,Robeson,3539,60,0,34.64244496,-79.10250529999998,37155.0,2709.282296650718,1.6953941791466516,3479,3511,60,0,3451,3482,131831,28,0,0,28,29
2020-08-31,US,North Carolina,Rockingham,813,8,0,36.39593137,-79.77504841,37157.0,893.3084276453137,0.9840098400984009,805,804,8,0,796,795,90690,9,0,0,9,9
2020-08-31,US,North Carolina,Rowan,2805,61,0,35.64003916,-80.52446628,37159.0,1974.1287089690893,2.1746880570409983,2744,2777,60,0,2717,2770,141262,28,1,0,27,7
2020-08-31,US,North Carolina,Rutherford,938,19,0,35.40114178,-81.92112099,37161.0,1399.3942920228558,2.025586353944563,919,926,19,0,907,923,66826,12,0,0,12,3
2020-08-31,US,North Carolina,Sampson,1609,21,0,34.98820368,-78.36914061,37163.0,2532.6218696384444,1.3051584835301429,1588,1607,21,0,1586,1603,63626,2,0,0,2,4
2020-08-31,US,North Carolina,Scotland,659,8,0,34.8386299,-79.4757978,37165.0,1892.4274186600808,1.2139605462822458,651,645,8,0,637,643,34810,14,0,0,14,2
2020-08-31,US,North Carolina,Stanly,1490,31,0,35.31647813,-80.25093221,37167.0,2372.384803999618,2.0805369127516777,1459,1475,31,0,1444,1467,62075,15,0,0,15,8
2020-08-31,US,North Carolina,Stokes,331,3,0,36.4017975,-80.23893369,37169.0,726.0204864995284,0.9063444108761328,328,331,3,0,328,328,45467,0,0,0,0,3
2020-08-31,US,North Carolina,Surry,1157,16,0,36.41689489,-80.69102283,37171.0,1611.8022372985247,1.3828867761452028,1141,1155,16,0,1139,1148,71948,2,0,0,2,7
2020-08-31,US,North Carolina,Swain,131,3,0,35.48665845,-83.48748932,37173.0,917.9454838483638,2.2900763358778624,128,131,3,0,128,130,14245,0,0,0,0,1
2020-08-31,US,North Carolina,Transylvania,248,2,0,35.20383864,-82.79638423,37175.0,721.2447288061653,0.8064516129032258,246,244,2,0,242,243,34215,4,0,0,4,1
2020-08-31,US,North Carolina,Tyrrell,107,2,0,35.87147226,-76.17055253,37177.0,2664.3426294820715,1.8691588785046729,105,107,2,0,105,107,4131,0,0,0,0,0
2020-08-31,US,North Carolina,Union,3930,49,0,34.98960527,-80.52955873,37179.0,1638.4625967756056,1.2468193384223918,3881,3908,48,0,3860,3898,235908,22,1,0,21,10
2020-08-31,US,North Carolina,Vance,911,42,0,36.36880673,-78.40670845,37181.0,2045.5821264174247,4.610318331503842,869,904,42,0,862,897,44582,7,0,0,7,7
2020-08-31,US,North Carolina,Wake,14967,199,0,35.78879266,-78.65249174,37183.0,1346.242582713371,1.3295917685574932,14768,14868,199,0,14669,14745,1092305,99,0,0,99,123
2020-08-31,US,North Carolina,Warren,288,6,0,36.39728256,-78.10652228,37185.0,1459.6320510871217,2.083333333333333,282,287,6,0,281,287,19807,1,0,0,1,0
2020-08-31,US,North Carolina,Washington,177,6,0,35.83810081,-76.57299037,37187.0,1528.4974093264248,3.3898305084745757,171,175,5,0,170,173,11859,2,1,0,1,2
2020-08-31,US,North Carolina,Watauga,434,0,0,36.23103603,-81.70033724,37189.0,772.5581643733203,0.0,434,426,0,0,426,424,55945,8,0,0,8,2
2020-08-31,US,North Carolina,Wayne,2820,51,0,35.36438125,-78.00027268,37191.0,2290.243724163696,1.8085106382978724,2769,2812,51,0,2761,2799,123248,8,0,0,8,13
2020-08-31,US,North Carolina,Wilkes,1026,22,0,36.2084135,-81.16232895,37193.0,1499.7368882652163,2.1442495126705654,1004,1021,22,0,999,1017,68557,5,0,0,5,4
2020-08-31,US,North Carolina,Wilson,1733,36,0,35.70625477,-77.917978,37195.0,2118.5560078727644,2.07732256203116,1697,1721,36,0,1685,1715,81455,12,0,0,12,6
2020-08-31,US,North Carolina,Yadkin,633,7,0,36.16222629,-80.66239436,37197.0,1680.5161016274192,1.1058451816745656,626,632,7,0,625,630,37543,1,0,0,1,2
2020-08-31,US,North Carolina,Yancey,92,0,0,35.90079156,-82.31237181,37199.0,509.1593336653938,0.0,92,91,0,0,91,88,17903,1,0,0,1,3
2020-08-31,US,North Dakota,Adams,4,0,0,46.09686891,-102.5285397,38001.0,180.50541516245488,0.0,4,4,0,0,4,4,2294,0,0,0,0,0
2020-08-31,US,North Dakota,Barnes,112,0,0,46.93579637,-98.06605978,38003.0,1075.3720595295247,0.0,112,107,0,0,107,103,10542,5,0,0,5,4
2020-08-31,US,North Dakota,Benson,229,4,0,48.0683985,-99.35916363,38005.0,3351.8735362997663,1.7467248908296944,225,227,4,0,223,224,6962,2,0,0,2,3
2020-08-31,US,North Dakota,Billings,5,0,0,47.02366884,-103.3762965,38007.0,538.7931034482758,0.0,5,4,0,0,4,4,919,1,0,0,1,0
2020-08-31,US,North Dakota,Bottineau,28,0,0,48.79106111,-100.8378166,38009.0,445.7179242279529,0.0,28,28,0,0,28,27,6411,0,0,0,0,1
2020-08-31,US,North Dakota,Bowman,15,0,0,46.11285362,-103.5203343,38011.0,496.03174603174597,0.0,15,15,0,0,15,15,3076,0,0,0,0,0
2020-08-31,US,North Dakota,Burke,24,1,0,48.79094471,-102.51821170000001,38013.0,1134.7517730496456,4.166666666666667,23,24,1,0,23,24,2100,0,0,0,0,0
2020-08-31,US,North Dakota,Burleigh,2016,16,0,46.97847375,-100.46452140000001,38015.0,2108.213247443164,0.7936507936507936,2000,1987,16,0,1971,1943,95273,29,0,0,29,44
2020-08-31,US,North Dakota,Cass,3526,76,0,46.93201724,-97.24447190000001,38017.0,1938.1826377093603,2.15541690300624,3450,3510,76,0,3434,3470,181516,16,0,0,16,40
2020-08-31,US,North Dakota,Cavalier,33,0,0,48.77286211,-98.46685243,38019.0,877.1929824561405,0.0,33,33,0,0,33,33,3829,0,0,0,0,0
2020-08-31,US,North Dakota,Dickey,26,0,0,46.11017712,-98.50490079999999,38021.0,533.6617405582923,0.0,26,26,0,0,26,26,4903,0,0,0,0,0
2020-08-31,US,North Dakota,Divide,5,0,0,48.814938700000006,-103.48736109999999,38023.0,220.84805653710248,0.0,5,5,0,0,5,5,2283,0,0,0,0,0
2020-08-31,US,North Dakota,Dunn,49,0,0,47.35423935,-102.61604679999999,38025.0,1107.5949367088608,0.0,49,49,0,0,49,49,4332,0,0,0,0,0
2020-08-31,US,North Dakota,Eddy,32,0,0,47.71701474,-98.90432337,38027.0,1399.2129427197199,0.0,32,33,0,0,33,32,2313,-1,0,0,-1,1
2020-08-31,US,North Dakota,Emmons,27,1,0,46.28398398,-100.2389766,38029.0,833.0762110459732,3.703703703703704,26,26,1,0,25,26,3295,1,0,0,1,0
2020-08-31,US,North Dakota,Foster,32,0,0,47.457108399999996,-98.88279923,38031.0,996.8847352024924,0.0,32,32,0,0,32,32,3216,0,0,0,0,0
2020-08-31,US,North Dakota,Golden Valley,35,0,0,46.94022281,-103.8465421,38033.0,1987.5070982396371,0.0,35,35,0,0,35,35,1769,0,0,0,0,0
2020-08-31,US,North Dakota,Grand Forks,1482,11,0,47.92093639,-97.45450447,38035.0,2133.8785618637603,0.7422402159244265,1471,1468,10,0,1458,1444,70770,14,1,0,13,24
2020-08-31,US,North Dakota,Grant,9,0,0,46.35821257,-101.63900129999999,38037.0,395.77836411609496,0.0,9,9,0,0,9,9,2374,0,0,0,0,0
2020-08-31,US,North Dakota,Griggs,38,1,0,47.45785838,-98.23850925,38039.0,1703.2720753025546,2.631578947368421,37,38,1,0,37,38,2232,0,0,0,0,0
2020-08-31,US,North Dakota,Hettinger,24,0,0,46.43375068,-102.4632417,38041.0,960.3841536614647,0.0,24,23,0,0,23,21,2514,1,0,0,1,2
2020-08-31,US,North Dakota,Kidder,34,0,0,46.97830064,-99.77507857,38043.0,1370.967741935484,0.0,34,34,0,0,34,32,2450,0,0,0,0,2
2020-08-31,US,North Dakota,LaMoure,20,0,0,46.45681054,-98.53542355,38045.0,494.31537320810685,0.0,20,20,0,0,20,20,4062,0,0,0,0,0
2020-08-31,US,North Dakota,Logan,11,0,0,46.45729487,-99.47719806,38047.0,594.5945945945947,0.0,11,11,0,0,11,10,1903,0,0,0,0,1
2020-08-31,US,North Dakota,McHenry,38,1,0,48.23104458,-100.6324822,38049.0,661.4447345517841,2.631578947368421,37,38,1,0,37,36,5816,0,0,0,0,2
2020-08-31,US,North Dakota,McIntosh,44,3,0,46.11182017,-99.44145858,38051.0,1762.1145374449338,6.8181818181818175,41,44,3,0,41,44,2585,0,0,0,0,0
2020-08-31,US,North Dakota,McKenzie,122,2,0,47.74133370000001,-103.395905,38053.0,812.0340788072418,1.639344262295082,120,118,2,0,116,117,13632,4,0,0,4,1
2020-08-31,US,North Dakota,McLean,165,1,0,47.60766714,-101.3182418,38055.0,1746.0317460317456,0.6060606060606061,164,164,1,0,163,159,9541,1,0,0,1,5
2020-08-31,US,North Dakota,Mercer,38,0,0,47.31213126,-101.8318399,38057.0,464.15048247221205,0.0,38,38,0,0,38,38,8267,0,0,0,0,0
2020-08-31,US,North Dakota,Morton,641,5,0,46.71681782,-101.2822377,38059.0,2043.7444203545467,0.7800312012480499,636,632,5,0,627,625,31095,9,0,0,9,7
2020-08-31,US,North Dakota,Mountrail,172,1,0,48.20197971,-102.3555315,38061.0,1631.1047889995261,0.5813953488372093,171,172,1,0,171,172,10218,0,0,0,0,0
2020-08-31,US,North Dakota,Nelson,30,0,0,47.9226426,-98.19038437,38063.0,1042.0284821118444,0.0,30,29,0,0,29,28,2869,1,0,0,1,1
2020-08-31,US,North Dakota,Oliver,10,0,0,47.11530482,-101.3406158,38065.0,510.46452271567125,0.0,10,10,0,0,10,10,1952,0,0,0,0,0
2020-08-31,US,North Dakota,Pembina,35,0,0,48.76623521,-97.5523809,38067.0,514.6302014409647,0.0,35,34,0,0,34,34,6947,1,0,0,1,0
2020-08-31,US,North Dakota,Pierce,25,0,0,48.24977025,-99.96407787,38069.0,628.9308176100631,0.0,25,25,0,0,25,25,4081,0,0,0,0,0
2020-08-31,US,North Dakota,Ramsey,121,2,0,48.26886249,-98.72223879,38071.0,1050.4384061116416,1.6528925619834711,119,120,2,0,118,118,11481,1,0,0,1,2
2020-08-31,US,North Dakota,Ransom,41,0,0,46.45621782,-97.65742504,38073.0,785.7416634725947,0.0,41,41,0,0,41,40,5237,0,0,0,0,1
2020-08-31,US,North Dakota,Renville,11,0,0,48.71982533,-101.6603912,38075.0,472.71164589600335,0.0,11,11,0,0,11,11,2374,0,0,0,0,0
2020-08-31,US,North Dakota,Richland,136,1,0,46.26440649,-96.94852979,38077.0,840.6997589169812,0.7352941176470589,135,135,1,0,134,132,16239,1,0,0,1,3
2020-08-31,US,North Dakota,Rolette,120,2,0,48.77245354,-99.84097493,38079.0,846.5011286681715,1.6666666666666667,118,119,2,0,117,115,14301,1,0,0,1,4
2020-08-31,US,North Dakota,Sargent,17,0,0,46.10830372,-97.63217159,38081.0,436.1210877373012,0.0,17,15,0,0,15,15,3870,2,0,0,2,0
2020-08-31,US,North Dakota,Sheridan,9,0,0,47.57700669,-100.3426391,38083.0,684.4106463878327,0.0,9,9,0,0,9,9,1349,0,0,0,0,0
2020-08-31,US,North Dakota,Sioux,121,2,0,46.11323337,-101.04401490000001,38085.0,2860.5200945626475,1.6528925619834711,119,119,2,0,117,119,4358,2,0,0,2,0
2020-08-31,US,North Dakota,Slope,6,0,0,46.44737738,-103.4601547,38087.0,800.0,0.0,6,6,0,0,6,6,763,0,0,0,0,0
2020-08-31,US,North Dakota,Stark,687,6,0,46.80851182,-102.65763259999999,38089.0,2181.7142494204327,0.8733624454148472,681,677,6,0,671,669,30997,10,0,0,10,8
2020-08-31,US,North Dakota,Steele,18,0,0,47.45611548,-97.72728747,38091.0,952.3809523809523,0.0,18,18,0,0,18,18,1903,0,0,0,0,0
2020-08-31,US,North Dakota,Stutsman,215,3,0,46.97962541,-98.95637318,38093.0,1038.4466769706337,1.3953488372093024,212,207,3,0,204,179,20917,8,0,0,8,28
2020-08-31,US,North Dakota,Towner,8,0,0,48.68565745,-99.24564265,38095.0,365.4636820465966,0.0,8,7,0,0,7,7,2192,1,0,0,1,0
2020-08-31,US,North Dakota,Traill,70,0,0,47.45367788,-97.16323288,38097.0,871.0801393728223,0.0,70,68,0,0,68,68,8037,2,0,0,2,0
2020-08-31,US,North Dakota,Walsh,141,1,0,48.36876964,-97.72574783,38099.0,1325.0634338877926,0.7092198581560284,140,141,1,0,140,140,10667,0,0,0,0,1
2020-08-31,US,North Dakota,Ward,502,1,0,48.22390169,-101.54367629999999,38101.0,742.1534276548247,0.199203187250996,501,502,1,0,501,478,67744,0,0,0,0,24
2020-08-31,US,North Dakota,Wells,28,0,0,47.58614526,-99.65904998,38103.0,730.3077725612936,0.0,28,28,0,0,28,28,3957,0,0,0,0,0
2020-08-31,US,North Dakota,Williams,429,2,0,48.34522353,-103.4793387,38105.0,1141.2913352310516,0.4662004662004662,427,427,2,0,425,418,35350,2,0,0,2,9
2020-08-31,US,Ohio,Adams,93,4,0,38.84541072,-83.4718964,39001.0,335.76431511300456,4.301075268817204,89,91,4,0,87,91,27724,2,0,0,2,0
2020-08-31,US,Ohio,Allen,1150,53,0,40.77285242,-84.10802343,39003.0,1123.5845277525377,4.608695652173913,1097,1135,53,0,1082,1123,102663,15,0,0,15,12
2020-08-31,US,Ohio,Ashland,167,4,0,40.84772277,-82.27280781,39005.0,312.2429137686037,2.395209580838323,163,165,4,0,161,164,53745,2,0,0,2,1
2020-08-31,US,Ohio,Ashtabula,611,46,0,41.70860332,-80.74830218,39007.0,628.3357842885202,7.528641571194763,565,609,46,0,563,605,97493,2,0,0,2,4
2020-08-31,US,Ohio,Athens,389,2,0,39.33425634,-82.04278644,39009.0,595.4658869992501,0.5141388174807198,387,387,2,0,385,385,65818,2,0,0,2,2
2020-08-31,US,Ohio,Auglaize,419,8,0,40.55998859,-84.22421429999999,39011.0,917.7326090765728,1.9093078758949882,411,416,8,0,408,409,45804,3,0,0,3,7
2020-08-31,US,Ohio,Belmont,682,26,0,40.01625942,-80.9924051,39013.0,1017.8192997642004,3.812316715542522,656,682,26,0,656,681,67505,0,0,0,0,1
2020-08-31,US,Ohio,Brown,211,2,0,38.93416837,-83.86788395,39015.0,485.8169091913797,0.9478672985781992,209,209,2,0,207,207,43602,2,0,0,2,2
2020-08-31,US,Ohio,Butler,4029,73,0,39.44012838,-84.57388716,39017.0,1051.5903052195838,1.8118639861007693,3956,3972,73,0,3899,3900,382378,57,0,0,57,72
2020-08-31,US,Ohio,Carroll,125,6,0,40.578968599999996,-81.09178213,39019.0,464.44229768893507,4.8,119,125,6,0,119,125,27081,0,0,0,0,0
2020-08-31,US,Ohio,Champaign,249,2,0,40.13923427,-83.76875242,39021.0,640.3497492606405,0.8032128514056225,247,246,2,0,244,245,38754,3,0,0,3,1
2020-08-31,US,Ohio,Clark,1420,27,0,39.91592258,-83.78498252,39023.0,1059.045516583012,1.9014084507042253,1393,1407,27,0,1380,1398,134585,13,0,0,13,9
2020-08-31,US,Ohio,Clermont,1280,15,0,39.04847534,-84.15375786,39025.0,620.0709206115449,1.171875,1265,1265,15,0,1250,1257,205466,15,0,0,15,8
2020-08-31,US,Ohio,Clinton,244,10,0,39.41485808,-83.80852286,39027.0,581.3953488372092,4.0983606557377055,234,243,10,0,233,238,42057,1,0,0,1,5
2020-08-31,US,Ohio,Columbiana,1828,64,0,40.76932373,-80.78094576,39029.0,1794.2149328150915,3.5010940919037203,1764,1820,64,0,1756,1814,102665,8,0,0,8,6
2020-08-31,US,Ohio,Coshocton,217,9,0,40.30096166,-81.91729018,39031.0,592.896174863388,4.147465437788019,208,217,9,0,208,216,36629,0,0,0,0,1
2020-08-31,US,Ohio,Crawford,194,5,0,40.85065156,-82.91989099,39033.0,467.53747529763336,2.5773195876288657,189,193,5,0,188,193,41550,1,0,0,1,0
2020-08-31,US,Ohio,Cuyahoga,15714,575,0,41.424119,-81.65918339,39035.0,1272.314488548036,3.659157439226168,15139,15624,574,0,15050,15544,1243857,90,1,0,89,80
2020-08-31,US,Ohio,Darke,622,35,0,40.13412966,-84.6194517,39037.0,1216.911548921018,5.627009646302251,587,616,35,0,581,607,51323,6,0,0,6,9
2020-08-31,US,Ohio,Defiance,210,6,0,41.32398837,-84.49076944,39039.0,551.3692335967653,2.8571428571428568,204,209,5,0,204,207,38165,1,1,0,0,2
2020-08-31,US,Ohio,Delaware,1651,20,0,40.27942393,-83.00457058,39041.0,789.2837166610095,1.2113870381586918,1631,1645,20,0,1625,1629,204826,6,0,0,6,16
2020-08-31,US,Ohio,Erie,776,36,0,41.36796058,-82.62904521,39043.0,1044.8926830581963,4.639175257731959,740,772,36,0,736,769,74615,4,0,0,4,3
2020-08-31,US,Ohio,Fairfield,1724,40,0,39.75107189,-82.63088163,39045.0,1094.089126378717,2.320185614849188,1684,1709,40,0,1669,1695,155782,15,0,0,15,14
2020-08-31,US,Ohio,Fayette,189,5,0,39.56021306,-83.4562016,39047.0,662.5766871165645,2.6455026455026456,184,189,5,0,184,189,28666,0,0,0,0,0
2020-08-31,US,Ohio,Franklin,21785,562,0,39.96995815,-83.01115755,39049.0,1654.4447110930194,2.579756713334864,21223,21619,562,0,21057,21497,1310300,166,0,0,166,122
2020-08-31,US,Ohio,Fulton,184,1,0,41.60213491,-84.12571393,39051.0,436.7848834449034,0.5434782608695652,183,181,1,0,180,180,42276,3,0,0,3,1
2020-08-31,US,Ohio,Gallia,144,4,0,38.82708533,-82.31647569,39053.0,481.63756773028297,2.7777777777777777,140,140,3,0,137,134,29979,4,1,0,3,6
2020-08-31,US,Ohio,Geauga,616,46,0,41.49952319,-81.17935342,39055.0,657.7753099339021,7.467532467532468,570,608,46,0,562,611,94031,8,0,0,8,-3
2020-08-31,US,Ohio,Greene,977,18,0,39.69116283,-83.89032084,39057.0,578.3220964028011,1.8423746161719552,959,969,18,0,951,956,167995,8,0,0,8,13
2020-08-31,US,Ohio,Guernsey,131,7,0,40.05026529,-81.49248905,39059.0,336.9774919614148,5.343511450381679,124,130,7,0,123,128,39022,1,0,0,1,2
2020-08-31,US,Ohio,Hamilton,11174,286,0,39.19673558,-84.54502924,39061.0,1366.8952980710067,2.559513155539645,10888,11102,286,0,10816,11041,816684,72,0,0,72,61
2020-08-31,US,Ohio,Hancock,524,7,0,41.00250487,-83.66838948,39063.0,691.4479500679573,1.3358778625954195,517,519,7,0,512,512,75930,5,0,0,5,7
2020-08-31,US,Ohio,Hardin,220,13,0,40.66015414,-83.65929931,39065.0,701.4187788936713,5.909090909090909,207,219,13,0,206,215,31480,1,0,0,1,4
2020-08-31,US,Ohio,Harrison,29,1,0,40.29380509,-81.09068544,39067.0,192.81914893617022,3.4482758620689653,28,28,1,0,27,28,15174,1,0,0,1,0
2020-08-31,US,Ohio,Henry,216,3,0,41.333964200000004,-84.06830637,39069.0,799.8222617196178,1.3888888888888888,213,210,3,0,207,210,27086,6,0,0,6,0
2020-08-31,US,Ohio,Highland,190,3,0,39.1839264,-83.60331456,39071.0,440.2122286323301,1.5789473684210529,187,190,3,0,187,189,43058,0,0,0,0,1
2020-08-31,US,Ohio,Hocking,139,9,0,39.49537927,-82.47991446,39073.0,491.79167846023216,6.474820143884893,130,139,9,0,130,138,28385,0,0,0,0,1
2020-08-31,US,Ohio,Holmes,350,7,0,40.56163713,-81.92635677,39075.0,796.1783439490448,2.0,343,349,7,0,342,349,43892,1,0,0,1,0
2020-08-31,US,Ohio,Huron,475,6,0,41.14651175,-82.59867951,39077.0,815.2267188411766,1.263157894736842,469,470,6,0,464,469,58504,5,0,0,5,1
2020-08-31,US,Ohio,Jackson,170,1,0,39.01914254,-82.61818559999998,39079.0,524.4809181501249,0.5882352941176471,169,165,1,0,164,162,32384,5,0,0,5,3
2020-08-31,US,Ohio,Jefferson,270,4,0,40.38614126,-80.76259514,39081.0,413.31802525832376,1.4814814814814814,266,267,4,0,263,267,65767,3,0,0,3,0
2020-08-31,US,Ohio,Knox,248,14,0,40.39830217,-82.42027563,39083.0,397.9333140784954,5.645161290322582,234,245,14,0,231,244,61893,3,0,0,3,1
2020-08-31,US,Ohio,Lake,1320,44,0,41.69710807,-81.23676539,39085.0,573.5414883401622,3.333333333333333,1276,1310,44,0,1266,1303,230514,10,0,0,10,7
2020-08-31,US,Ohio,Lawrence,434,14,0,38.59743452,-82.53466552,39087.0,729.865630728352,3.2258064516129035,420,429,14,0,415,429,59866,5,0,0,5,0
2020-08-31,US,Ohio,Licking,1589,57,0,40.09136236,-82.48185785,39089.0,898.4405921000554,3.587161736941473,1532,1576,57,0,1519,1565,175769,13,0,0,13,11
2020-08-31,US,Ohio,Logan,235,2,0,40.38996525,-83.76784341,39091.0,514.5384480644597,0.851063829787234,233,233,2,0,231,231,45358,2,0,0,2,2
2020-08-31,US,Ohio,Lorain,2107,81,0,41.29553751,-82.15083537,39093.0,680.043765512389,3.8443284290460373,2026,2103,81,0,2022,2090,309461,4,0,0,4,13
2020-08-31,US,Ohio,Lucas,6418,342,0,41.62101218,-83.65468618,39095.0,1498.3144546023327,5.3287628544717975,6076,6389,341,0,6048,6344,429899,29,1,0,28,45
2020-08-31,US,Ohio,Madison,696,11,0,39.89381073,-83.40178317,39097.0,1555.9678969841946,1.5804597701149423,685,689,11,0,678,688,44413,7,0,0,7,1
2020-08-31,US,Ohio,Mahoning,2854,265,0,41.01631101,-80.77287029,39099.0,1248.0158122816301,9.285213735108618,2589,2847,265,0,2582,2843,229642,7,0,0,7,4
2020-08-31,US,Ohio,Marion,3002,46,0,40.58610662,-83.15736305,39101.0,4611.863026746349,1.5323117921385745,2956,3001,46,0,2955,3000,65256,1,0,0,1,1
2020-08-31,US,Ohio,Medina,1199,37,0,41.11770589,-81.89986209999998,39103.0,667.0523961590244,3.085904920767306,1162,1190,37,0,1153,1172,179146,9,0,0,9,18
2020-08-31,US,Ohio,Meigs,127,3,0,39.09224872,-82.0305041,39105.0,554.4156807962631,2.3622047244094486,124,127,3,0,124,122,23106,0,0,0,0,5
2020-08-31,US,Ohio,Mercer,827,17,0,40.54043046,-84.62912742,39107.0,2008.6466530651892,2.0556227327690446,810,817,17,0,800,813,40959,10,0,0,10,4
2020-08-31,US,Ohio,Miami,1060,43,0,40.0543329,-84.22871271,39109.0,990.7745800891696,4.0566037735849045,1017,1054,43,0,1011,1043,106222,6,0,0,6,11
2020-08-31,US,Ohio,Monroe,103,18,0,39.72984936,-81.08464734,39111.0,754.3576973780578,17.475728155339805,85,103,18,0,85,103,13790,0,0,0,0,0
2020-08-31,US,Ohio,Montgomery,5786,131,0,39.75394919,-84.29050975,39113.0,1088.2342430791048,2.2640857241617702,5655,5728,128,0,5600,5582,532331,58,3,0,55,146
2020-08-31,US,Ohio,Morgan,44,0,0,39.62081738,-81.85308173,39115.0,303.28094844223875,0.0,44,43,0,0,43,43,14604,1,0,0,1,0
2020-08-31,US,Ohio,Morrow,231,2,0,40.52363560000001,-82.7892599,39117.0,653.8722826086956,0.8658008658008658,229,226,2,0,224,226,35112,5,0,0,5,0
2020-08-31,US,Ohio,Muskingum,299,2,0,39.96575964,-81.94363275,39119.0,346.8074001043902,0.6688963210702341,297,296,2,0,294,296,86183,3,0,0,3,0
2020-08-31,US,Ohio,Noble,22,0,0,39.76818851,-81.45937183,39121.0,152.52357182473656,0.0,22,22,0,0,22,21,14354,0,0,0,0,1
2020-08-31,US,Ohio,Ottawa,453,29,0,41.53781826,-83.0940185,39123.0,1117.8285009253548,6.401766004415012,424,448,29,0,419,446,40769,5,0,0,5,2
2020-08-31,US,Ohio,Paulding,79,1,0,41.11676341,-84.5801017,39125.0,433.8046272493572,1.2658227848101269,78,79,1,0,78,79,18760,0,0,0,0,0
2020-08-31,US,Ohio,Perry,229,7,0,39.73508655,-82.23804971,39127.0,633.7521447943765,3.056768558951965,222,226,6,0,220,224,36033,3,1,0,2,2
2020-08-31,US,Ohio,Pickaway,2493,43,0,39.64170392,-83.0243386,39129.0,4264.6731785757065,1.7248295226634576,2450,2493,43,0,2450,2489,58086,0,0,0,0,4
2020-08-31,US,Ohio,Pike,104,0,0,39.07634001,-83.06769584,39131.0,374.4778914014115,0.0,104,104,0,0,104,104,28067,0,0,0,0,0
2020-08-31,US,Ohio,Portage,858,65,0,41.16793482,-81.19735782,39133.0,528.1104969655189,7.575757575757576,793,850,65,0,785,844,162927,8,0,0,8,6
2020-08-31,US,Ohio,Preble,347,4,0,39.7420247,-84.64787018,39135.0,848.7843060515628,1.1527377521613833,343,345,4,0,341,329,40997,2,0,0,2,16
2020-08-31,US,Ohio,Putnam,335,17,0,41.02094889,-84.1336111,39137.0,989.3387673134283,5.074626865671642,318,325,17,0,308,316,33780,10,0,0,10,9
2020-08-31,US,Ohio,Richland,698,17,0,40.77180308,-82.53799609999999,39139.0,576.126252538092,2.4355300859598854,681,696,17,0,679,695,121099,2,0,0,2,1
2020-08-31,US,Ohio,Ross,695,11,0,39.33705391,-83.06000914,39141.0,906.529621996713,1.5827338129496402,684,692,10,0,682,685,76931,3,1,0,2,7
2020-08-31,US,Ohio,Sandusky,518,17,0,41.35624126,-83.137872,39143.0,885.1977169417956,3.281853281853282,501,517,17,0,500,510,58799,1,0,0,1,7
2020-08-31,US,Ohio,Scioto,357,3,0,38.80270163,-82.98907345,39145.0,474.0154552938365,0.8403361344537815,354,350,3,0,347,343,75502,7,0,0,7,7
2020-08-31,US,Ohio,Seneca,351,11,0,41.12351311,-83.12783209,39147.0,636.1230925368807,3.133903133903134,340,347,11,0,336,338,55207,4,0,0,4,9
2020-08-31,US,Ohio,Shelby,364,4,0,40.33163494,-84.20258189,39149.0,749.1253344309529,1.0989010989010992,360,359,4,0,355,346,48627,5,0,0,5,13
2020-08-31,US,Ohio,Stark,2326,151,0,40.81482476,-81.36437305,39151.0,627.6207077057576,6.491831470335339,2175,2308,151,0,2157,2296,371574,18,0,0,18,12
2020-08-31,US,Ohio,Summit,4471,236,0,41.12464734,-81.53123079,39153.0,826.4126740022882,5.278461194363677,4235,4418,236,0,4182,4376,541918,53,0,0,53,42
2020-08-31,US,Ohio,Trumbull,1749,121,0,41.31735028,-80.76109643,39155.0,883.4493418327658,6.918238993710692,1628,1744,121,0,1623,1743,198627,5,0,0,5,1
2020-08-31,US,Ohio,Tuscarawas,859,17,0,40.44214695,-81.47226262,39157.0,933.8276060747714,1.9790454016298016,842,858,16,0,842,857,92176,1,1,0,0,1
2020-08-31,US,Ohio,Union,369,1,0,40.30016061,-83.37239023,39159.0,625.5509595171899,0.27100271002710025,368,362,1,0,361,358,57835,7,0,0,7,4
2020-08-31,US,Ohio,Van Wert,89,2,0,40.8554138,-84.59111700000003,39161.0,314.76569407603887,2.247191011235955,87,88,2,0,86,89,28281,1,0,0,1,-1
2020-08-31,US,Ohio,Vinton,38,2,0,39.25208988,-82.4831444,39163.0,290.40886511272447,5.2631578947368425,36,38,2,0,36,37,13139,0,0,0,0,1
2020-08-31,US,Ohio,Warren,2313,42,0,39.42581994,-84.16557457,39165.0,985.9250986777606,1.8158236057068744,2271,2286,42,0,2244,2259,232173,27,0,0,27,27
2020-08-31,US,Ohio,Washington,227,23,0,39.45690571,-81.49121382,39167.0,378.89536145282165,10.13215859030837,204,227,23,0,204,226,60155,0,0,0,0,1
2020-08-31,US,Ohio,Wayne,759,61,0,40.82925852,-81.88844833,39169.0,655.9502203785324,8.036890645586297,698,756,61,0,695,751,115967,3,0,0,3,5
2020-08-31,US,Ohio,Williams,158,3,0,41.56052014,-84.58429552,39171.0,430.6115774555762,1.8987341772151896,155,159,3,0,156,157,36804,-1,0,0,-1,2
2020-08-31,US,Ohio,Wood,1341,61,0,41.36224827,-83.62285108,39173.0,1025.096126650206,4.548844146159582,1280,1320,61,0,1259,1303,130696,21,0,0,21,17
2020-08-31,US,Ohio,Wyandot,186,10,0,40.84339621,-83.30734173,39175.0,854.3082858717619,5.376344086021504,176,186,10,0,176,185,21935,0,0,0,0,1
2020-08-31,US,Oklahoma,Adair,447,8,0,35.88494195,-94.65859267,40001.0,2014.057853473912,1.7897091722595078,439,442,8,0,434,438,22082,5,0,0,5,4
2020-08-31,US,Oklahoma,Alfalfa,13,0,0,36.73090616,-98.32408495,40003.0,227.9901788846019,0.0,13,12,0,0,12,12,5754,1,0,0,1,0
2020-08-31,US,Oklahoma,Atoka,111,1,0,34.37366573,-96.03802487,40005.0,806.8033144352378,0.9009009009009008,110,108,1,0,107,108,13838,3,0,0,3,0
2020-08-31,US,Oklahoma,Beaver,44,0,0,36.7496847,-100.4758872,40007.0,828.4692148371304,0.0,44,44,0,0,44,44,5319,0,0,0,0,0
2020-08-31,US,Oklahoma,Beckham,123,1,0,35.26862449,-99.68128023,40009.0,562.6972871586074,0.8130081300813008,122,123,1,0,122,124,21709,0,0,0,0,-1
2020-08-31,US,Oklahoma,Blaine,75,1,0,35.87518314,-98.43307003,40011.0,795.4183900731784,1.3333333333333333,74,73,1,0,72,73,9485,2,0,0,2,0
2020-08-31,US,Oklahoma,Bryan,599,3,0,33.96472458,-96.25903472,40013.0,1248.0466715282844,0.5008347245409015,596,595,3,0,592,592,47192,4,0,0,4,3
2020-08-31,US,Oklahoma,Caddo,562,20,0,35.17364557,-98.37534464,40015.0,1953.9670398442388,3.5587188612099645,542,561,20,0,541,560,28977,1,0,0,1,1
2020-08-31,US,Oklahoma,Canadian,1541,12,0,35.5426055,-97.98465569,40017.0,1039.0678731811256,0.7787151200519143,1529,1518,11,0,1507,1509,144447,23,1,0,22,9
2020-08-31,US,Oklahoma,Carter,411,6,0,34.25103751,-97.28552485,40019.0,854.2744902413167,1.45985401459854,405,405,6,0,399,402,48177,6,0,0,6,3
2020-08-31,US,Oklahoma,Cherokee,684,6,0,35.90692775,-94.99980896,40021.0,1405.758678093594,0.8771929824561403,678,662,6,0,656,648,48675,22,0,0,22,14
2020-08-31,US,Oklahoma,Choctaw,245,1,0,34.02807439,-95.54771129,40023.0,1669.8473282442749,0.4081632653061225,244,240,1,0,239,239,14668,5,0,0,5,1
2020-08-31,US,Oklahoma,Cimarron,14,0,0,36.74817177,-102.5173885,40025.0,655.1240056153488,0.0,14,14,0,0,14,14,2153,0,0,0,0,0
2020-08-31,US,Oklahoma,Cleveland,3930,64,0,35.20413532,-97.32519562,40027.0,1383.734604632166,1.6284987277353689,3866,3882,64,0,3818,3783,281669,48,0,0,48,99
2020-08-31,US,Oklahoma,Coal,57,0,0,34.58840127,-96.29798747,40029.0,1037.3066424021838,0.0,57,54,0,0,54,53,5520,3,0,0,3,1
2020-08-31,US,Oklahoma,Comanche,1251,11,0,34.65973764,-98.47195055,40031.0,1036.033424707451,0.8792965627498002,1240,1225,11,0,1214,1218,120422,26,0,0,26,7
2020-08-31,US,Oklahoma,Cotton,29,2,0,34.28845626,-98.37053567,40033.0,511.8249205788917,6.896551724137932,27,28,2,0,26,29,5776,1,0,0,1,-1
2020-08-31,US,Oklahoma,Craig,119,1,0,36.76268118,-95.20916602,40035.0,841.4651393013718,0.8403361344537815,118,118,1,0,117,118,14306,1,0,0,1,0
2020-08-31,US,Oklahoma,Creek,812,21,0,35.90230551,-96.37086028,40037.0,1135.3150079695758,2.586206896551724,791,803,21,0,782,796,71604,9,0,0,9,7
2020-08-31,US,Oklahoma,Custer,326,0,0,35.63853802,-99.00170785,40039.0,1124.0216529324553,0.0,326,324,0,0,324,323,29036,2,0,0,2,1
2020-08-31,US,Oklahoma,Delaware,540,21,0,36.40823634,-94.80325046,40041.0,1255.5511637099212,3.888888888888889,519,543,21,0,522,539,42733,-3,0,0,-3,4
2020-08-31,US,Oklahoma,Dewey,21,0,0,35.98772922,-99.00730714,40043.0,429.3600490697198,0.0,21,21,0,0,21,18,4894,0,0,0,0,3
2020-08-31,US,Oklahoma,Ellis,6,0,0,36.218019399999996,-99.75324573,40045.0,155.48069448043537,0.0,6,6,0,0,6,6,3952,0,0,0,0,0
2020-08-31,US,Oklahoma,Garfield,980,12,0,36.3791334,-97.78265517,40047.0,1605.083857442348,1.2244897959183674,968,960,12,0,948,932,60913,20,0,0,20,28
2020-08-31,US,Oklahoma,Garvin,261,4,0,34.70418038,-97.30811132,40049.0,941.8642416368953,1.5325670498084292,257,264,4,0,260,263,27811,-3,0,0,-3,1
2020-08-31,US,Oklahoma,Grady,533,7,0,35.0167709,-97.88339847,40051.0,954.6154672780026,1.3133208255159474,526,530,7,0,523,517,55551,3,0,0,3,13
2020-08-31,US,Oklahoma,Grant,25,0,0,36.796296999999996,-97.78638765,40053.0,576.9674590353104,0.0,25,24,0,0,24,24,4326,1,0,0,1,0
2020-08-31,US,Oklahoma,Greer,88,8,0,34.93535801,-99.56056120000001,40055.0,1540.6162464985996,9.090909090909092,80,88,8,0,80,88,5821,0,0,0,0,0
2020-08-31,US,Oklahoma,Harmon,39,0,0,34.7440135,-99.84741652,40057.0,1470.0339238597815,0.0,39,39,0,0,39,38,2664,0,0,0,0,1
2020-08-31,US,Oklahoma,Harper,17,0,0,36.78836519,-99.6679804,40059.0,460.95444685466384,0.0,17,17,0,0,17,17,3797,0,0,0,0,0
2020-08-31,US,Oklahoma,Haskell,164,4,0,35.22257600000001,-95.11513306,40061.0,1298.8041498376494,2.4390243902439024,160,163,4,0,159,158,12668,1,0,0,1,5
2020-08-31,US,Oklahoma,Hughes,215,3,0,35.04912569,-96.24921145,40063.0,1619.0978236312976,1.3953488372093024,212,214,3,0,211,212,13335,1,0,0,1,2
2020-08-31,US,Oklahoma,Jackson,596,9,0,34.58781741,-99.41138784,40065.0,2429.677945373013,1.5100671140939597,587,591,9,0,582,582,24949,5,0,0,5,9
2020-08-31,US,Oklahoma,Jefferson,36,0,0,34.11130184,-97.83182974,40067.0,599.8000666444517,0.0,36,36,0,0,36,36,6123,0,0,0,0,0
2020-08-31,US,Oklahoma,Johnston,88,1,0,34.31440473,-96.66011537,40069.0,793.8655841226883,1.1363636363636365,87,89,1,0,88,85,10949,-1,0,0,-1,4
2020-08-31,US,Oklahoma,Kay,309,12,0,36.81799745,-97.14421435,40071.0,709.7248380724884,3.8834951456310685,297,309,12,0,297,308,44161,0,0,0,0,1
2020-08-31,US,Oklahoma,Kingfisher,262,1,0,35.94530008,-97.94193268,40073.0,1661.9092927370755,0.3816793893129771,261,257,1,0,256,255,15816,5,0,0,5,2
2020-08-31,US,Oklahoma,Kiowa,44,1,0,34.91671958,-98.97720696,40075.0,505.2824988516307,2.272727272727273,43,43,1,0,42,40,8729,1,0,0,1,3
2020-08-31,US,Oklahoma,Latimer,113,2,0,34.87844729,-95.25215049,40077.0,1121.8107812965352,1.7699115044247788,111,109,2,0,107,109,10231,4,0,0,4,0
2020-08-31,US,Oklahoma,Le Flore,648,6,0,34.89851864,-94.70392124,40079.0,1299.8214751369026,0.925925925925926,642,641,5,0,636,620,49980,7,1,0,6,21
2020-08-31,US,Oklahoma,Lincoln,296,8,0,35.70270942,-96.8812462,40081.0,848.6968489262265,2.702702702702702,288,294,8,0,286,292,34920,2,0,0,2,2
2020-08-31,US,Oklahoma,Logan,301,1,0,35.91899576,-97.44352845,40083.0,626.9396596613276,0.3322259136212625,300,292,1,0,291,284,47291,9,0,0,9,8
2020-08-31,US,Oklahoma,Love,107,0,0,33.95273467,-97.23906784,40085.0,1043.5969960011703,0.0,107,102,0,0,102,99,10134,5,0,0,5,3
2020-08-31,US,Oklahoma,Major,52,1,0,36.31149996,-98.53467076,40093.0,681.6096473980863,1.9230769230769231,51,49,1,0,48,49,7644,3,0,0,3,0
2020-08-31,US,Oklahoma,Marshall,130,1,0,34.02311222,-96.76855464,40095.0,767.8223377237019,0.7692307692307693,129,130,1,0,129,130,16806,0,0,0,0,0
2020-08-31,US,Oklahoma,Mayes,414,9,0,36.30179091,-95.23175116,40097.0,1007.2992700729927,2.1739130434782608,405,413,9,0,404,411,41107,1,0,0,1,2
2020-08-31,US,Oklahoma,McClain,574,4,0,35.01123903,-97.44572302,40087.0,1418.1943964026289,0.6968641114982579,570,570,4,0,566,561,39985,4,0,0,4,9
2020-08-31,US,Oklahoma,McCurtain,1025,29,0,34.11664328,-94.77222373,40089.0,3121.9541910331386,2.8292682926829267,996,1021,29,0,992,1006,32703,4,0,0,4,15
2020-08-31,US,Oklahoma,McIntosh,237,4,0,35.37235506,-95.66599306,40091.0,1209.430496019596,1.6877637130801688,233,235,4,0,231,235,19815,2,0,0,2,0
2020-08-31,US,Oklahoma,Murray,89,1,0,34.48116015,-97.06826283,40099.0,632.4166844311802,1.1235955056179776,88,89,1,0,88,88,13953,0,0,0,0,1
2020-08-31,US,Oklahoma,Muskogee,1287,16,0,35.61318461,-95.37802952,40101.0,1892.7305616424253,1.2432012432012431,1271,1126,16,0,1110,949,68362,161,0,0,161,177
2020-08-31,US,Oklahoma,Noble,105,2,0,36.38953329,-97.22928674,40103.0,943.311472464289,1.9047619047619049,103,104,2,0,102,102,11289,1,0,0,1,2
2020-08-31,US,Oklahoma,Nowata,99,1,0,36.79843529,-95.61902331,40105.0,982.5327510917032,1.0101010101010102,98,97,1,0,96,96,10218,2,0,0,2,1
2020-08-31,US,Oklahoma,Okfuskee,101,3,0,35.46485198,-96.32639984,40107.0,842.1579254565163,2.9702970297029703,98,101,3,0,98,100,12098,0,0,0,0,1
2020-08-31,US,Oklahoma,Oklahoma,13436,154,0,35.55140095,-97.40716948,40109.0,1684.9043306405295,1.1461744566835368,13282,13357,155,0,13202,13254,792582,79,-1,0,80,103
2020-08-31,US,Oklahoma,Okmulgee,613,4,0,35.64661916,-95.96432828,40111.0,1593.6565709086185,0.6525285481239804,609,614,4,0,610,613,38335,-1,0,0,-1,1
2020-08-31,US,Oklahoma,Osage,640,12,0,36.62888819,-96.39635704,40113.0,1362.7749504929413,1.875,628,636,12,0,624,629,47014,4,0,0,4,7
2020-08-31,US,Oklahoma,Ottawa,524,4,0,36.83532655,-94.81011909,40115.0,1683.4259645966524,0.7633587786259542,520,520,4,0,516,516,31175,4,0,0,4,4
2020-08-31,US,Oklahoma,Pawnee,219,3,0,36.31743373,-96.70331759999999,40117.0,1337.3229115779186,1.3698630136986298,216,217,3,0,214,218,16390,2,0,0,2,-1
2020-08-31,US,Oklahoma,Payne,1180,5,0,36.07695283,-96.97584944,40119.0,1442.825002445466,0.42372881355932196,1175,1145,5,0,1140,1096,82040,35,0,0,35,49
2020-08-31,US,Oklahoma,Pittsburg,581,15,0,34.92065823,-95.75134320000001,40121.0,1330.9204196637193,2.5817555938037864,566,576,15,0,561,573,43877,5,0,0,5,3
2020-08-31,US,Oklahoma,Pontotoc,241,3,0,34.72959848,-96.68337199,40123.0,629.505798767109,1.2448132780082988,238,235,3,0,232,235,38247,6,0,0,6,0
2020-08-31,US,Oklahoma,Pottawatomie,863,9,0,35.20614018,-96.94923008,40125.0,1188.83623539784,1.0428736964078795,854,852,9,0,843,829,72679,11,0,0,11,23
2020-08-31,US,Oklahoma,Pushmataha,126,1,0,34.41635232,-95.37603505,40127.0,1135.544340302812,0.7936507936507936,125,126,1,0,125,126,11179,0,0,0,0,0
2020-08-31,US,Oklahoma,Roger Mills,13,1,0,35.68711719,-99.69666167,40129.0,362.8244487859336,7.6923076923076925,12,13,1,0,12,13,3656,0,0,0,0,0
2020-08-31,US,Oklahoma,Rogers,1314,41,0,36.37004357,-95.60406759,40131.0,1421.1704647465365,3.1202435312024352,1273,1308,41,0,1267,1302,91984,6,0,0,6,6
2020-08-31,US,Oklahoma,Seminole,323,5,0,35.16478725,-96.61686741,40133.0,1331.5194987220711,1.547987616099071,318,319,5,0,314,315,24578,4,0,0,4,4
2020-08-31,US,Oklahoma,Sequoyah,581,8,0,35.49447108,-94.75463785,40135.0,1397.6761529024031,1.3769363166953528,573,580,8,0,572,577,41179,1,0,0,1,3
2020-08-31,US,Oklahoma,Stephens,252,4,0,34.48556989,-97.85141892,40137.0,584.1040261456087,1.5873015873015872,248,251,4,0,247,249,43265,1,0,0,1,2
2020-08-31,US,Oklahoma,Texas,1143,7,0,36.74777635,-101.4889765,40139.0,5719.86188260021,0.6124234470691163,1136,1144,7,0,1137,1143,20455,-1,0,0,-1,1
2020-08-31,US,Oklahoma,Tillman,68,1,0,34.37288446,-98.92426619,40141.0,937.9310344827586,1.4705882352941178,67,68,1,0,67,64,7348,0,0,0,0,4
2020-08-31,US,Oklahoma,Tulsa,13233,132,0,36.11939621,-95.94013939,40143.0,2030.996758508914,0.9975062344139652,13101,13175,132,0,13043,13104,648360,58,0,0,58,71
2020-08-31,US,Oklahoma,Unassigned,82,0,0,0.0,0.0,90040.0,0.0,0.0,82,103,0,0,103,103,,-21,0,0,-21,0
2020-08-31,US,Oklahoma,Wagoner,1147,23,0,35.96024096,-95.51911308,40145.0,1411.0150204824758,2.005231037489102,1124,1137,23,0,1114,1127,80110,10,0,0,10,10
2020-08-31,US,Oklahoma,Washington,795,39,0,36.71380786,-95.90514104,40147.0,1542.8804316183746,4.90566037735849,756,790,39,0,751,780,51843,5,0,0,5,10
2020-08-31,US,Oklahoma,Washita,42,0,0,35.29071824,-98.99180434,40149.0,384.756320996702,0.0,42,43,0,0,43,42,11127,-1,0,0,-1,1
2020-08-31,US,Oklahoma,Woods,25,0,0,36.76705782,-98.86573064,40151.0,284.3170703969066,0.0,25,24,0,0,24,24,8897,1,0,0,1,0
2020-08-31,US,Oklahoma,Woodward,97,0,0,36.42316318,-99.26283045,40153.0,479.93666815100687,0.0,97,88,0,0,88,89,20222,9,0,0,9,-1
2020-08-31,US,Oregon,Baker,70,2,0,44.70915557,-117.6749883,41001.0,434.13545026048126,2.8571428571428568,68,70,2,0,68,70,16006,0,0,0,0,0
2020-08-31,US,Oregon,Benton,213,6,0,44.49167306,-123.4316987,41003.0,228.90180864668525,2.8169014084507036,207,213,6,0,207,208,92101,0,0,0,0,5
2020-08-31,US,Oregon,Clackamas,1953,56,0,45.18787398,-122.2179634,41005.0,467.0159521936359,2.867383512544803,1897,1939,56,0,1883,1923,416075,14,0,0,14,16
2020-08-31,US,Oregon,Clatsop,95,0,0,45.99712889,-123.660711,41007.0,236.17740652346856,0.0,95,95,0,0,95,95,39764,0,0,0,0,0
2020-08-31,US,Oregon,Columbia,130,1,0,45.94464254,-123.08908980000001,41009.0,248.30958474997126,0.7692307692307693,129,130,1,0,129,128,52377,0,0,0,0,2
2020-08-31,US,Oregon,Coos,116,0,0,43.17406868,-124.0594514,41011.0,179.88121636919067,0.0,116,115,0,0,115,112,64389,1,0,0,1,3
2020-08-31,US,Oregon,Crook,55,1,0,44.14230227,-120.356297,41013.0,225.37288969021472,1.818181818181818,54,54,1,0,53,54,23867,1,0,0,1,0
2020-08-31,US,Oregon,Curry,20,0,0,42.45911325,-124.15728200000001,41015.0,87.24100327153762,0.0,20,20,0,0,20,20,22813,0,0,0,0,0
2020-08-31,US,Oregon,Deschutes,693,11,0,43.91570171,-121.2289121,41017.0,350.5452926774983,1.5873015873015872,682,690,11,0,679,687,191996,3,0,0,3,3
2020-08-31,US,Oregon,Douglas,177,3,0,43.27941273,-123.16729099999999,41019.0,159.4881960713642,1.6949152542372878,174,177,3,0,174,177,110283,0,0,0,0,0
2020-08-31,US,Oregon,Gilliam,4,0,0,45.37160076,-120.20488689999999,41021.0,209.20502092050208,0.0,4,4,0,0,4,4,1894,0,0,0,0,0
2020-08-31,US,Oregon,Grant,8,0,0,44.49024544,-119.0068631,41023.0,111.12654535352131,0.0,8,8,0,0,8,8,7176,0,0,0,0,0
2020-08-31,US,Oregon,Harney,12,0,0,43.06422669,-118.96663059999999,41025.0,162.31570404436633,0.0,12,12,0,0,12,12,7329,0,0,0,0,0
2020-08-31,US,Oregon,Hood River,234,0,0,45.51872811,-121.65520359999998,41027.0,1000.7698229407235,0.0,234,233,0,0,233,224,23428,1,0,0,1,9
2020-08-31,US,Oregon,Jackson,811,2,0,42.43201126,-122.72893090000001,41029.0,367.06133680932726,0.2466091245376079,809,805,2,0,803,793,219564,6,0,0,6,12
2020-08-31,US,Oregon,Jefferson,457,7,0,44.62806839,-121.17832,41031.0,1853.3538810933567,1.5317286652078774,450,457,7,0,450,457,24192,0,0,0,0,0
2020-08-31,US,Oregon,Josephine,154,2,0,42.3665549,-123.5561938,41033.0,176.02615245693644,1.2987012987012987,152,154,2,0,152,154,87393,0,0,0,0,0
2020-08-31,US,Oregon,Klamath,235,2,0,42.68762984,-121.64964609999998,41035.0,344.382895161054,0.851063829787234,233,235,2,0,233,235,67653,0,0,0,0,0
2020-08-31,US,Oregon,Lake,30,0,0,42.79246693,-120.38501629999999,41037.0,381.2428516965307,0.0,30,30,0,0,30,30,7879,0,0,0,0,0
2020-08-31,US,Oregon,Lane,717,6,0,43.93727035,-122.847753,41039.0,187.66342029015854,0.8368200836820083,711,702,6,0,696,693,379611,15,0,0,15,9
2020-08-31,US,Oregon,Lincoln,466,13,0,44.64252874,-123.86991200000001,41041.0,932.7088587326367,2.7896995708154506,453,465,13,0,452,464,49388,1,0,0,1,1
2020-08-31,US,Oregon,Linn,389,12,0,44.48899494,-122.53731540000001,41043.0,299.8096324441807,3.0848329048843186,377,385,12,0,373,380,127335,4,0,0,4,5
2020-08-31,US,Oregon,Malheur,1179,19,0,43.1937027,-117.62273950000001,41045.0,3856.5961205063622,1.6115351993214588,1160,1170,19,0,1151,1148,30725,9,0,0,9,22
2020-08-31,US,Oregon,Marion,3830,80,0,44.90287942,-122.58151170000001,41047.0,1101.1506017514907,2.0887728459530033,3750,3794,80,0,3714,3746,346868,36,0,0,36,48
2020-08-31,US,Oregon,Morrow,437,3,0,45.41846568,-119.584546,41049.0,3766.267344652245,0.6864988558352403,434,437,3,0,434,431,11372,0,0,0,0,6
2020-08-31,US,Oregon,Multnomah,6007,118,0,45.54747959,-122.4169351,41051.0,739.0001906859156,1.96437489595472,5889,5975,118,0,5857,5942,811880,32,0,0,32,33
2020-08-31,US,Oregon,Polk,425,14,0,44.90322804,-123.4128888,41053.0,493.69808909798456,3.294117647058824,411,419,14,0,405,411,85234,6,0,0,6,8
2020-08-31,US,Oregon,Sherman,17,0,0,45.41501554,-120.6827834,41055.0,955.0561797752812,0.0,17,17,0,0,17,16,1708,0,0,0,0,1
2020-08-31,US,Oregon,Tillamook,38,0,0,45.46248721,-123.712066,41057.0,140.55333629235093,0.0,38,38,0,0,38,38,26787,0,0,0,0,0
2020-08-31,US,Oregon,Umatilla,2680,37,0,45.59073056,-118.7353826,41059.0,3438.101347017319,1.3805970149253732,2643,2674,37,0,2637,2634,77516,6,0,0,6,40
2020-08-31,US,Oregon,Union,419,2,0,45.30915495,-118.0068979,41061.0,1561.3937022545185,0.47732696897374705,417,419,2,0,417,418,26461,0,0,0,0,1
2020-08-31,US,Oregon,Wallowa,22,1,0,45.57894064,-117.18353799999998,41063.0,305.2164261931188,4.545454545454546,21,22,1,0,21,22,7081,0,0,0,0,0
2020-08-31,US,Oregon,Wasco,207,3,0,45.16292781,-121.16709540000001,41065.0,775.8039127501687,1.4492753623188406,204,206,3,0,203,206,26505,1,0,0,1,0
2020-08-31,US,Oregon,Washington,3783,44,0,45.55972701,-123.0955257,41067.0,628.8315004188886,1.1630980703145652,3739,3760,43,0,3717,3727,597695,23,1,0,22,33
2020-08-31,US,Oregon,Yamhill,630,14,0,45.23330449,-123.3086963,41071.0,588.2352941176471,2.2222222222222223,616,630,14,0,616,626,107002,0,0,0,0,4
2020-08-31,US,Pennsylvania,Adams,642,23,0,39.87140411,-77.21610347,42001.0,623.2465124406606,3.582554517133957,619,637,23,0,614,632,102811,5,0,0,5,5
2020-08-31,US,Pennsylvania,Allegheny,10347,313,0,40.46809875,-79.98167747,42003.0,850.8731173599663,3.0250314100705515,10034,10310,313,0,9997,10211,1218452,37,0,0,37,99
2020-08-31,US,Pennsylvania,Armstrong,314,9,0,40.81665618,-79.46290811,42005.0,485.05445276898115,2.8662420382165603,305,313,9,0,304,312,65263,1,0,0,1,1
2020-08-31,US,Pennsylvania,Beaver,1611,96,0,40.6825484,-80.34921611,42007.0,982.7425287777023,5.95903165735568,1515,1603,96,0,1507,1597,164742,8,0,0,8,6
2020-08-31,US,Pennsylvania,Bedford,170,5,0,40.00522157,-78.48998442,42009.0,354.99498830604745,2.9411764705882355,165,170,5,0,165,168,48176,0,0,0,0,2
2020-08-31,US,Pennsylvania,Berks,6056,380,0,40.41570541,-75.92457766,42011.0,1437.9196702472195,6.274768824306473,5676,6041,380,0,5661,6012,420152,15,0,0,15,29
2020-08-31,US,Pennsylvania,Blair,461,11,0,40.47961444,-78.34917412,42013.0,378.39923171001976,2.386117136659436,450,456,11,0,445,443,122492,5,0,0,5,13
2020-08-31,US,Pennsylvania,Bradford,99,3,0,41.78869215,-76.51570822,42015.0,164.1165061419359,3.0303030303030303,96,98,3,0,95,99,60833,1,0,0,1,-1
2020-08-31,US,Pennsylvania,Bucks,7805,586,0,40.33682119,-75.10836643,42017.0,1242.3002849093546,7.508007687379885,7219,7777,586,0,7191,7744,628195,28,0,0,28,33
2020-08-31,US,Pennsylvania,Butler,785,18,0,40.91152759,-79.91351055,42019.0,417.87993803665637,2.2929936305732483,767,780,18,0,762,778,187888,5,0,0,5,2
2020-08-31,US,Pennsylvania,Cambria,461,4,0,40.49527404,-78.71377428,42021.0,354.09241735283274,0.8676789587852495,457,460,4,0,456,457,131730,1,0,0,1,3
2020-08-31,US,Pennsylvania,Cameron,8,0,0,41.43625568,-78.20376845,42023.0,179.89655947830002,0.0,8,8,0,0,8,8,4492,0,0,0,0,0
2020-08-31,US,Pennsylvania,Carbon,422,28,0,40.91545395,-75.7068525,42025.0,657.5052195319561,6.6350710900473935,394,422,28,0,394,420,64227,0,0,0,0,2
2020-08-31,US,Pennsylvania,Centre,486,11,0,40.92058903,-77.82200624,42027.0,299.2887274070881,2.263374485596708,475,469,11,0,458,462,162805,17,0,0,17,7
2020-08-31,US,Pennsylvania,Chester,5678,357,0,39.97291773,-75.74768357,42029.0,1081.546470497477,6.2874251497005975,5321,5604,356,0,5248,5604,522046,74,1,0,73,0
2020-08-31,US,Pennsylvania,Clarion,98,3,0,41.19265812,-79.42413524,42031.0,254.95603309225243,3.0612244897959178,95,99,3,0,96,98,38779,-1,0,0,-1,1
2020-08-31,US,Pennsylvania,Clearfield,227,1,0,41.00110782,-78.47592663,42033.0,286.4172607406473,0.4405286343612335,226,227,1,0,226,226,79388,0,0,0,0,1
2020-08-31,US,Pennsylvania,Clinton,136,5,0,41.23255967,-77.63785995,42035.0,352.0397597846345,3.6764705882352944,131,135,5,0,130,133,38684,1,0,0,1,2
2020-08-31,US,Pennsylvania,Columbia,665,35,0,41.04821986,-76.40565017,42037.0,1023.6438642940706,5.2631578947368425,630,659,35,0,624,598,65456,6,0,0,6,61
2020-08-31,US,Pennsylvania,Crawford,214,2,0,41.68447709,-80.10760592,42039.0,252.86840208439187,0.9345794392523364,212,214,2,0,212,209,85063,0,0,0,0,5
2020-08-31,US,Pennsylvania,Cumberland,1533,72,0,40.1625372,-77.26130755,42041.0,605.0440067884913,4.6966731898238745,1461,1523,72,0,1451,1516,251423,10,0,0,10,7
2020-08-31,US,Pennsylvania,Dauphin,3329,163,0,40.41377078,-76.77993242,42043.0,1196.1954588410304,4.896365274857313,3166,3302,163,0,3139,3274,277097,27,0,0,27,28
2020-08-31,US,Pennsylvania,Delaware,10357,724,0,39.91680171,-75.40243663,42045.0,1827.4468148927124,6.9904412474654825,9633,10317,724,0,9593,10281,564751,40,0,0,40,36
2020-08-31,US,Pennsylvania,Elk,64,2,0,41.42822061,-78.64524744,42047.0,213.97525911066532,3.125,62,64,2,0,62,64,30169,0,0,0,0,0
2020-08-31,US,Pennsylvania,Erie,1349,33,0,41.99253829,-80.03301954,42049.0,500.1334677897734,2.4462564862861385,1316,1348,33,0,1315,1345,272061,1,0,0,1,3
2020-08-31,US,Pennsylvania,Fayette,692,6,0,39.92041012,-79.64291195,42051.0,535.2971208440986,0.8670520231213873,686,689,6,0,683,683,130441,3,0,0,3,6
2020-08-31,US,Pennsylvania,Forest,14,0,0,41.51095103,-79.23229292,42053.0,193.1833862287843,0.0,14,14,0,0,14,14,7279,0,0,0,0,0
2020-08-31,US,Pennsylvania,Franklin,1514,46,0,39.92956518,-77.72157791,42055.0,976.6040754191206,3.038309114927345,1468,1508,46,0,1462,1504,154835,6,0,0,6,4
2020-08-31,US,Pennsylvania,Fulton,34,2,0,39.92913544,-78.11163677,42057.0,233.9986235375086,5.882352941176472,32,34,2,0,32,34,14523,0,0,0,0,0
2020-08-31,US,Pennsylvania,Greene,140,1,0,39.85746531,-80.22357106,42059.0,386.3880992465432,0.7142857142857143,139,139,1,0,138,138,36506,1,0,0,1,1
2020-08-31,US,Pennsylvania,Huntingdon,364,5,0,40.42162652,-77.97673273,42061.0,806.3087010455431,1.3736263736263736,359,364,5,0,359,360,45168,0,0,0,0,4
2020-08-31,US,Pennsylvania,Indiana,427,10,0,40.65241041,-79.08963285,42063.0,507.8919510425464,2.34192037470726,417,426,10,0,416,419,84501,1,0,0,1,7
2020-08-31,US,Pennsylvania,Jefferson,97,1,0,41.12913106,-78.9986361,42065.0,223.3736327000576,1.0309278350515465,96,97,1,0,96,97,43641,0,0,0,0,0
2020-08-31,US,Pennsylvania,Juniata,150,6,0,40.53358749,-77.39975129999998,42067.0,605.7424383152284,4.0,144,148,6,0,142,149,24704,2,0,0,2,-1
2020-08-31,US,Pennsylvania,Lackawanna,2085,213,0,41.43564672,-75.60379201,42069.0,994.4008317674104,10.215827338129497,1872,2079,213,0,1866,2061,210793,6,0,0,6,18
2020-08-31,US,Pennsylvania,Lancaster,6731,432,0,40.03904563,-76.24770128,42071.0,1233.4073634291326,6.418065666320013,6299,6697,432,0,6265,6660,543557,34,0,0,34,37
2020-08-31,US,Pennsylvania,Lawrence,459,18,0,40.99206278,-80.33393706,42073.0,536.7667695761999,3.92156862745098,441,455,18,0,437,454,86184,4,0,0,4,1
2020-08-31,US,Pennsylvania,Lebanon,1728,57,0,40.36680311,-76.45651841,42075.0,1218.6779319148336,3.298611111111111,1671,1721,57,0,1664,1717,141314,7,0,0,7,4
2020-08-31,US,Pennsylvania,Lehigh,5204,343,0,40.6154815,-75.59435245,42077.0,1409.0837706258562,6.59108378170638,4861,5196,343,0,4853,5184,368100,8,0,0,8,12
2020-08-31,US,Pennsylvania,Luzerne,3778,188,0,41.17823008,-75.98447579,42079.0,1190.2324072119638,4.976177871889889,3590,3771,188,0,3583,3768,317646,7,0,0,7,3
2020-08-31,US,Pennsylvania,Lycoming,522,22,0,41.34310539,-77.06629984,42081.0,460.7278087185235,4.21455938697318,500,518,22,0,496,508,113664,4,0,0,4,10
2020-08-31,US,Pennsylvania,McKean,37,1,0,41.80938602,-78.56478358,42083.0,91.07692307692308,2.702702702702702,36,37,1,0,36,37,40968,0,0,0,0,0
2020-08-31,US,Pennsylvania,Mercer,546,13,0,41.30248872,-80.25816981,42085.0,498.9764585465711,2.380952380952381,533,545,13,0,532,543,110683,1,0,0,1,2
2020-08-31,US,Pennsylvania,Mifflin,161,1,0,40.61116939,-77.61070738,42087.0,348.95314057826516,0.6211180124223602,160,160,1,0,159,159,46222,1,0,0,1,1
2020-08-31,US,Pennsylvania,Monroe,1714,127,0,41.05934058,-75.34031025,42089.0,1006.63060650375,7.409568261376896,1587,1712,127,0,1585,1713,169507,2,0,0,2,-1
2020-08-31,US,Pennsylvania,Montgomery,11035,861,0,40.21053671,-75.36652296,42091.0,1328.054012744986,7.8024467603081105,10174,10996,861,0,10135,10947,828604,39,0,0,39,49
2020-08-31,US,Pennsylvania,Montour,132,5,0,41.03023987,-76.66345939,42093.0,724.0811848601207,3.787878787878788,127,133,5,0,128,129,18240,-1,0,0,-1,4
2020-08-31,US,Pennsylvania,Northampton,4117,300,0,40.75182733,-75.30471829,42095.0,1348.575920860835,7.286859363614282,3817,4114,300,0,3814,4112,304807,3,0,0,3,2
2020-08-31,US,Pennsylvania,Northumberland,681,34,0,40.84785433,-76.70798222,42097.0,749.6449919091182,4.992657856093978,647,672,34,0,638,668,91083,9,0,0,9,4
2020-08-31,US,Pennsylvania,Perry,176,5,0,40.40206612,-77.26297447,42099.0,380.35961272475794,2.8409090909090913,171,175,5,0,170,174,46139,1,0,0,1,1
2020-08-31,US,Pennsylvania,Philadelphia,33778,1749,0,40.00338507,-75.1379271,42101.0,2132.363338854996,5.1779264610101245,32029,33607,1749,0,31858,33607,1584138,171,0,0,171,0
2020-08-31,US,Pennsylvania,Pike,542,21,0,41.33155042,-75.03208106,42103.0,971.1695246286439,3.8745387453874534,521,542,21,0,521,542,55933,0,0,0,0,0
2020-08-31,US,Pennsylvania,Potter,25,0,0,41.74471626,-77.89559864,42105.0,151.27677598935009,0.0,25,25,0,0,25,24,16622,0,0,0,0,1
2020-08-31,US,Pennsylvania,Schuylkill,987,51,0,40.70497338,-76.2150785,42107.0,698.2222568071364,5.1671732522796345,936,985,51,0,934,988,142067,2,0,0,2,-3
2020-08-31,US,Pennsylvania,Snyder,164,2,0,40.77129231,-77.06840691,42109.0,406.22213415238286,1.2195121951219512,162,164,2,0,162,160,40540,0,0,0,0,4
2020-08-31,US,Pennsylvania,Somerset,165,3,0,39.97172723,-79.02699593,42111.0,224.65178972592483,1.818181818181818,162,164,3,0,161,164,73952,1,0,0,1,0
2020-08-31,US,Pennsylvania,Sullivan,10,0,0,41.44634738,-76.51246591,42113.0,164.85328058028355,0.0,10,10,0,0,10,10,6071,0,0,0,0,0
2020-08-31,US,Pennsylvania,Susquehanna,267,27,0,41.82147784,-75.80071959,42115.0,662.0710176552271,10.112359550561797,240,265,27,0,238,264,40589,2,0,0,2,1
2020-08-31,US,Pennsylvania,Tioga,49,3,0,41.77255149,-77.25433032,42117.0,120.71641496883544,6.1224489795918355,46,48,3,0,45,48,40763,1,0,0,1,0
2020-08-31,US,Pennsylvania,Union,377,4,0,40.96188846,-77.05996014,42119.0,839.2137657769963,1.0610079575596818,373,371,4,0,367,367,44785,6,0,0,6,4
2020-08-31,US,Pennsylvania,Venango,70,1,0,41.40323442,-79.75845449,42121.0,138.15425909844478,1.4285714285714286,69,70,1,0,69,70,51266,0,0,0,0,0
2020-08-31,US,Pennsylvania,Warren,27,1,0,41.81304978,-79.26969577,42123.0,68.89336837539231,3.703703703703704,26,27,1,0,26,27,39498,0,0,0,0,0
2020-08-31,US,Pennsylvania,Washington,1054,27,0,40.19208869,-80.24582867,42125.0,509.5110337659826,2.5616698292220117,1027,1042,27,0,1015,1036,207346,12,0,0,12,6
2020-08-31,US,Pennsylvania,Wayne,175,10,0,41.64938475,-75.29956506,42127.0,340.7254531648527,5.7142857142857135,165,175,10,0,165,177,51276,0,0,0,0,-2
2020-08-31,US,Pennsylvania,Westmoreland,1815,49,0,40.31377979999999,-79.46615476,42129.0,520.2078538488216,2.6997245179063363,1766,1809,49,0,1760,1802,350611,6,0,0,6,7
2020-08-31,US,Pennsylvania,Wyoming,67,8,0,41.51955538,-76.01074915,42131.0,250.0559826826901,11.940298507462687,59,66,8,0,58,66,27046,1,0,0,1,0
2020-08-31,US,Pennsylvania,York,3368,122,0,39.9210089,-76.73040131,42133.0,750.0144747449104,3.622327790973872,3246,3328,122,0,3206,3301,448273,40,0,0,40,27
2020-08-31,US,Puerto Rico,Adjuntas,121,0,0,18.180117000000006,-66.754367,72001.0,621.0542524251913,0.0,121,121,0,0,121,119,,0,0,0,0,2
2020-08-31,US,Puerto Rico,Aguada,221,0,0,18.360255,-67.17513100000001,72003.0,526.7046402440477,0.0,221,218,0,0,218,213,,3,0,0,3,5
2020-08-31,US,Puerto Rico,Aguadilla,326,0,0,18.459681,-67.12081500000001,72005.0,534.8734187599468,0.0,326,322,0,0,322,309,,4,0,0,4,13
2020-08-31,US,Puerto Rico,Aguas Buenas,200,0,0,18.251619,-66.126806,72007.0,697.8610558637778,0.0,200,197,0,0,197,193,,3,0,0,3,4
2020-08-31,US,Puerto Rico,Aibonito,122,0,0,18.131361,-66.264131,72009.0,471.04247104247116,0.0,122,122,0,0,122,122,,0,0,0,0,0
2020-08-31,US,Puerto Rico,Anasco,192,0,0,18.287985,-67.120611,72011.0,656.1634940706059,0.0,192,192,0,0,192,191,,0,0,0,0,1
2020-08-31,US,Puerto Rico,Arecibo,510,0,0,18.406631,-66.675077,72013.0,528.8262131895481,0.0,510,501,0,0,501,493,,9,0,0,9,8
2020-08-31,US,Puerto Rico,Arroyo,127,0,0,17.998457000000005,-66.056546,72015.0,648.7867177522351,0.0,127,126,0,0,126,126,,1,0,0,1,0
2020-08-31,US,Puerto Rico,Barceloneta,124,0,0,18.445532999999998,-66.56053100000001,72017.0,499.6776273372018,0.0,124,122,0,0,122,122,,2,0,0,2,0
2020-08-31,US,Puerto Rico,Barranquitas,332,0,0,18.201592,-66.30963,72019.0,1095.059040833828,0.0,332,331,0,0,331,329,,1,0,0,1,2
2020-08-31,US,Puerto Rico,Bayamon,2590,0,0,18.34946,-66.168435,72021.0,1244.4982605854427,0.0,2590,2564,0,0,2564,2529,,26,0,0,26,35
2020-08-31,US,Puerto Rico,Cabo Rojo,280,0,0,18.040993,-67.154391,72023.0,549.9145668440796,0.0,280,279,0,0,279,277,,1,0,0,1,2
2020-08-31,US,Puerto Rico,Caguas,1092,0,0,18.211615,-66.050779,72025.0,764.2081837458799,0.0,1092,1086,0,0,1086,1079,,6,0,0,6,7
2020-08-31,US,Puerto Rico,Camuy,191,0,0,18.418578,-66.860206,72027.0,543.2463949486618,0.0,191,191,0,0,191,191,,0,0,0,0,0
2020-08-31,US,Puerto Rico,Canovanas,522,0,0,18.328802,-65.887612,72029.0,1095.5339153794494,0.0,522,514,0,0,514,503,,8,0,0,8,11
2020-08-31,US,Puerto Rico,Carolina,1886,0,0,18.374986,-65.95683100000001,72031.0,1066.9714078817844,0.0,1886,1863,0,0,1863,1843,,23,0,0,23,20
2020-08-31,US,Puerto Rico,Catano,305,0,0,18.437269,-66.14330600000001,72033.0,1083.866382373845,0.0,305,301,0,0,301,299,,4,0,0,4,2
2020-08-31,US,Puerto Rico,Cayey,269,0,0,18.102851,-66.14914,72035.0,559.0307362995906,0.0,269,265,0,0,265,261,,4,0,0,4,4
2020-08-31,US,Puerto Rico,Ceiba,88,0,0,18.251818,-65.666416,72037.0,645.5872643239675,0.0,88,87,0,0,87,87,,1,0,0,1,0
2020-08-31,US,Puerto Rico,Ciales,190,0,0,18.28885,-66.516475,72039.0,1011.6068576296452,0.0,190,189,0,0,189,188,,1,0,0,1,1
2020-08-31,US,Puerto Rico,Cidra,239,0,0,18.173559,-66.161179,72041.0,549.6780128794849,0.0,239,238,0,0,238,238,,1,0,0,1,0
2020-08-31,US,Puerto Rico,Coamo,211,0,0,18.097597,-66.36014,72043.0,520.8333333333334,0.0,211,211,0,0,211,210,,0,0,0,0,1
2020-08-31,US,Puerto Rico,Comerio,173,0,0,18.224687,-66.221622,72045.0,832.6114159206853,0.0,173,170,0,0,170,167,,3,0,0,3,3
2020-08-31,US,Puerto Rico,Corozal,415,0,0,18.304264,-66.327738,72047.0,1117.3334769263906,0.0,415,412,0,0,412,397,,3,0,0,3,15
2020-08-31,US,Puerto Rico,Culebra,20,0,0,18.31586,-65.28813000000001,72049.0,1100.1100110011,0.0,20,20,0,0,20,20,,0,0,0,0,0
2020-08-31,US,Puerto Rico,Dorado,514,0,0,18.436115,-66.278669,72051.0,1346.7837023450807,0.0,514,511,0,0,511,509,,3,0,0,3,2
2020-08-31,US,Puerto Rico,Fajardo,349,0,0,18.318373,-65.666866,72053.0,943.4217284351092,0.0,349,348,0,0,348,348,,1,0,0,1,0
2020-08-31,US,Puerto Rico,Florida,208,0,0,18.373715,-66.560488,72054.0,1640.378548895899,0.0,208,208,0,0,208,208,,0,0,0,0,0
2020-08-31,US,Puerto Rico,Guanica,82,0,0,17.982429,-66.91964300000001,72055.0,422.0929634014517,0.0,82,82,0,0,82,81,,0,0,0,0,1
2020-08-31,US,Puerto Rico,Guayama,231,0,0,18.007516,-66.13390799999999,72057.0,509.2368061372956,0.0,231,230,0,0,230,229,,1,0,0,1,1
2020-08-31,US,Puerto Rico,Guayanilla,146,0,0,18.039942,-66.79186,72059.0,676.5210138547798,0.0,146,146,0,0,146,144,,0,0,0,0,2
2020-08-31,US,Puerto Rico,Guaynabo,1267,0,0,18.345114000000002,-66.11452299999999,72061.0,1293.8605449123806,0.0,1267,1251,0,0,1251,1241,,16,0,0,16,10
2020-08-31,US,Puerto Rico,Gurabo,357,0,0,18.266461,-65.97970500000001,72063.0,786.8809098723798,0.0,357,356,0,0,356,355,,1,0,0,1,1
2020-08-31,US,Puerto Rico,Hatillo,190,0,0,18.410928,-66.79632600000001,72065.0,452.8877553452674,0.0,190,188,0,0,188,186,,2,0,0,2,2
2020-08-31,US,Puerto Rico,Hormigueros,124,0,0,18.134532,-67.113972,72067.0,718.8405797101448,0.0,124,124,0,0,124,121,,0,0,0,0,3
2020-08-31,US,Puerto Rico,Humacao,299,0,0,18.145211,-65.810174,72069.0,511.40833988985054,0.0,299,294,0,0,294,293,,5,0,0,5,1
2020-08-31,US,Puerto Rico,Isabela,205,0,0,18.44981,-67.005093,72071.0,449.25598825359947,0.0,205,202,0,0,202,200,,3,0,0,3,2
2020-08-31,US,Puerto Rico,Jayuya,206,0,0,18.211446,-66.58878,72073.0,1237.8319913471942,0.0,206,205,0,0,205,204,,1,0,0,1,1
2020-08-31,US,Puerto Rico,Juana Diaz,262,0,0,18.050764,-66.49458100000001,72075.0,327.92219983228415,0.0,262,256,0,0,256,254,,6,0,0,6,2
2020-08-31,US,Puerto Rico,Juncos,240,0,0,18.223793,-65.909109,72077.0,595.6813104988831,0.0,240,237,0,0,237,234,,3,0,0,3,3
2020-08-31,US,Puerto Rico,Lajas,118,0,0,18.011661,-67.040585,72079.0,458.1990447714829,0.0,118,117,0,0,117,116,,1,0,0,1,1
2020-08-31,US,Puerto Rico,Lares,238,0,0,18.269035000000002,-66.867236,72081.0,773.9082365948037,0.0,238,237,0,0,237,236,,1,0,0,1,1
2020-08-31,US,Puerto Rico,Las Marias,80,0,0,18.23679,-66.98362,72083.0,809.6346523631212,0.0,80,79,0,0,79,79,,1,0,0,1,0
2020-08-31,US,Puerto Rico,Las Piedras,274,0,0,18.187527,-65.86946800000001,72085.0,708.4680025856495,0.0,274,271,0,0,271,267,,3,0,0,3,4
2020-08-31,US,Puerto Rico,Loiza,183,0,0,18.425688,-65.89943000000001,72087.0,608.7824351297405,0.0,183,181,0,0,181,180,,2,0,0,2,1
2020-08-31,US,Puerto Rico,Luquillo,175,0,0,18.342114000000002,-65.72509699999999,72089.0,872.0350807255331,0.0,175,173,0,0,173,172,,2,0,0,2,1
2020-08-31,US,Puerto Rico,Manati,357,0,0,18.420473,-66.490461,72091.0,809.2852447124429,0.0,357,355,0,0,355,352,,2,0,0,2,3
2020-08-31,US,Puerto Rico,Maricao,56,0,0,18.171795,-66.942126,72093.0,892.2880815806247,0.0,56,53,0,0,53,51,,3,0,0,3,2
2020-08-31,US,Puerto Rico,Maunabo,88,0,0,18.017889,-65.922235,72095.0,719.8364008179959,0.0,88,87,0,0,87,86,,1,0,0,1,1
2020-08-31,US,Puerto Rico,Mayaguez,639,0,0,18.2013,-67.1452,72097.0,717.3327346205658,0.0,639,632,0,0,632,626,,7,0,0,7,6
2020-08-31,US,Puerto Rico,Moca,255,0,0,18.377805,-67.080952,72099.0,635.7675334712908,0.0,255,254,0,0,254,251,,1,0,0,1,3
2020-08-31,US,Puerto Rico,Morovis,397,0,0,18.316963,-66.420383,72101.0,1217.4179699478684,0.0,397,393,0,0,393,389,,4,0,0,4,4
2020-08-31,US,Puerto Rico,Naguabo,138,0,0,18.230636999999998,-65.753897,72103.0,516.4670658682635,0.0,138,133,0,0,133,133,,5,0,0,5,0
2020-08-31,US,Puerto Rico,Naranjito,466,0,0,18.288019,-66.252703,72105.0,1532.7938951384774,0.0,466,463,0,0,463,457,,3,0,0,3,6
2020-08-31,US,Puerto Rico,Orocovis,273,0,0,18.215046,-66.433604,72107.0,1165.5210690347094,0.0,273,271,0,0,271,271,,2,0,0,2,0
2020-08-31,US,Puerto Rico,Out of PR,741,0,0,0.0,0.0,72888.0,0.0,0.0,741,741,0,0,741,739,,0,0,0,0,2
2020-08-31,US,Puerto Rico,Patillas,134,0,0,18.03174,-66.012242,72109.0,695.1289101001194,0.0,134,133,0,0,133,133,,1,0,0,1,0
2020-08-31,US,Puerto Rico,Penuelas,98,0,0,18.059645,-66.721572,72111.0,403.59113746808333,0.0,98,98,0,0,98,98,,0,0,0,0,0
2020-08-31,US,Puerto Rico,Ponce,656,0,0,18.059498,-66.613748,72113.0,394.4037949340756,0.0,656,649,0,0,649,644,,7,0,0,7,5
2020-08-31,US,Puerto Rico,Quebradillas,117,0,0,18.439692,-66.926113,72115.0,451.40630425556543,0.0,117,117,0,0,117,114,,0,0,0,0,3
2020-08-31,US,Puerto Rico,Rincon,124,0,0,18.335442999999998,-67.23174,72117.0,815.7894736842105,0.0,124,124,0,0,124,123,,0,0,0,0,1
2020-08-31,US,Puerto Rico,Rio Grande,436,0,0,18.346329,-65.813742,72119.0,802.8874484384207,0.0,436,435,0,0,435,432,,1,0,0,1,3
2020-08-31,US,Puerto Rico,Sabana Grande,164,0,0,18.08282,-66.943758,72121.0,649.119335048486,0.0,164,161,0,0,161,157,,3,0,0,3,4
2020-08-31,US,Puerto Rico,Salinas,310,0,0,18.010386999999994,-66.256592,72123.0,997.490185983654,0.0,310,306,0,0,306,306,,4,0,0,4,0
2020-08-31,US,Puerto Rico,San German,193,0,0,18.111484,-67.03858100000001,72125.0,543.2487966898416,0.0,193,192,0,0,192,189,,1,0,0,1,3
2020-08-31,US,Puerto Rico,San Juan,5319,0,0,18.386933,-66.061128,72127.0,1345.4718384320788,0.0,5319,5263,0,0,5263,5205,,56,0,0,56,58
2020-08-31,US,Puerto Rico,San Lorenzo,267,0,0,18.147987,-65.976392,72129.0,650.299576209265,0.0,267,263,0,0,263,261,,4,0,0,4,2
2020-08-31,US,Puerto Rico,San Sebastian,276,0,0,18.328646,-66.971214,72131.0,650.4831487155315,0.0,276,276,0,0,276,275,,0,0,0,0,1
2020-08-31,US,Puerto Rico,Santa Isabel,129,0,0,17.994525,-66.388913,72133.0,554.266563547306,0.0,129,129,0,0,129,129,,0,0,0,0,0
2020-08-31,US,Puerto Rico,Toa Alta,920,0,0,18.362406,-66.246616,72135.0,1242.135392757811,0.0,920,909,0,0,909,891,,11,0,0,11,18
2020-08-31,US,Puerto Rico,Toa Baja,895,0,0,18.431445999999998,-66.213553,72137.0,998.7836043254583,0.0,895,885,0,0,885,879,,10,0,0,10,6
2020-08-31,US,Puerto Rico,Trujillo Alto,746,0,0,18.336159,-65.99888399999999,72139.0,996.7665214719008,0.0,746,737,0,0,737,735,,9,0,0,9,2
2020-08-31,US,Puerto Rico,Unassigned,579,434,0,0.0,0.0,72999.0,0.0,74.95682210708118,145,553,434,0,119,574,,26,0,0,26,-21
2020-08-31,US,Puerto Rico,Utuado,100,0,0,18.271214,-66.702984,72141.0,301.6682252858306,0.0,100,98,0,0,98,98,,2,0,0,2,0
2020-08-31,US,Puerto Rico,Vega Alta,475,0,0,18.409346,-66.33725,72143.0,1188.9564716778052,0.0,475,458,0,0,458,454,,17,0,0,17,4
2020-08-31,US,Puerto Rico,Vega Baja,655,0,0,18.428262,-66.397924,72145.0,1097.8512285877107,0.0,655,644,0,0,644,642,,11,0,0,11,2
2020-08-31,US,Puerto Rico,Vieques,86,0,0,18.123276,-65.44097099999999,72147.0,924.6317600258037,0.0,86,86,0,0,86,85,,0,0,0,0,1
2020-08-31,US,Puerto Rico,Villalba,97,0,0,18.127951,-66.473115,72149.0,372.032370651632,0.0,97,96,0,0,96,95,,1,0,0,1,1
2020-08-31,US,Puerto Rico,Yabucoa,203,0,0,18.070399,-65.896289,72151.0,535.0412482538678,0.0,203,200,0,0,200,197,,3,0,0,3,3
2020-08-31,US,Puerto Rico,Yauco,316,0,0,18.080374,-66.858814,72153.0,751.6114454249222,0.0,316,316,0,0,316,316,,0,0,0,0,0
2020-08-31,US,Rhode Island,Bristol,349,0,0,41.71018079,-71.28652315,44001.0,719.8993378576291,0.0,349,349,0,0,349,349,48649,0,0,0,0,0
2020-08-31,US,Rhode Island,Kent,1664,0,0,41.67106337,-71.57641596,44003.0,1012.8308134297473,0.0,1664,1664,0,0,1664,1664,163861,0,0,0,0,0
2020-08-31,US,Rhode Island,Newport,434,0,0,41.5642026,-71.26569799,44005.0,528.7395531297972,0.0,434,434,0,0,434,434,82542,0,0,0,0,0
2020-08-31,US,Rhode Island,Providence,16668,0,0,41.87064746,-71.57753536,44007.0,2608.7323983340925,0.0,16668,16668,0,0,16668,16668,636084,0,0,0,0,0
2020-08-31,US,Rhode Island,Unassigned,2140,1048,0,0.0,0.0,90044.0,0.0,48.97196261682243,1092,1874,1046,0,828,1874,,266,2,0,264,0
2020-08-31,US,Rhode Island,Washington,694,0,0,41.45961631,-71.61435303,44009.0,552.6489723436616,0.0,694,694,0,0,694,694,126179,0,0,0,0,0
2020-08-31,US,South Carolina,Abbeville,418,10,0,34.22333378,-82.46170658,45001.0,1704.2443021975782,2.392344497607656,408,415,10,0,405,406,24541,3,0,0,3,9
2020-08-31,US,South Carolina,Aiken,2364,63,0,33.54338026,-81.63645384,45003.0,1383.491736504518,2.6649746192893398,2301,2354,63,0,2291,2325,169401,10,0,0,10,29
2020-08-31,US,South Carolina,Allendale,294,6,0,32.98837386,-81.35321066,45005.0,3383.977900552486,2.0408163265306123,288,291,6,0,285,289,8903,3,0,0,3,2
2020-08-31,US,South Carolina,Anderson,3167,120,0,34.51828081,-82.63959517,45007.0,1563.5027991982545,3.7890748342279763,3047,3146,120,0,3026,3121,200482,21,0,0,21,25
2020-08-31,US,South Carolina,Bamberg,544,28,0,33.21927586,-81.05659969,45009.0,3867.4818711787293,5.147058823529412,516,538,28,0,510,536,14275,6,0,0,6,2
2020-08-31,US,South Carolina,Barnwell,535,13,0,33.26679302,-81.43584352,45011.0,2563.979679861977,2.4299065420560746,522,532,13,0,519,531,21112,3,0,0,3,1
2020-08-31,US,South Carolina,Beaufort,4761,67,0,32.39226291,-80.72619758,45013.0,2478.1128657832,1.4072673808023524,4694,4749,65,0,4684,4723,188715,12,2,0,10,26
2020-08-31,US,South Carolina,Berkeley,4823,78,0,33.20222596,-79.94654523,45015.0,2116.2140697740747,1.6172506738544474,4745,4805,78,0,4727,4792,221091,18,0,0,18,13
2020-08-31,US,South Carolina,Calhoun,419,15,0,33.66926881,-80.77722168,45017.0,2879.131450560022,3.5799522673031032,404,416,15,0,401,414,14520,3,0,0,3,2
2020-08-31,US,South Carolina,Charleston,14053,238,0,32.82487866,-79.96512315,45019.0,3415.8471193905766,1.6935885576033587,13815,14000,236,0,13764,13897,405905,53,2,0,51,103
2020-08-31,US,South Carolina,Cherokee,789,32,0,35.05122251,-81.61828622,45021.0,1376.9633507853405,4.055766793409379,757,790,32,0,758,784,57078,-1,0,0,-1,6
2020-08-31,US,South Carolina,Chester,879,18,0,34.69249168,-81.1583216,45023.0,2726.0885746185336,2.04778156996587,861,870,18,0,852,864,32251,9,0,0,9,6
2020-08-31,US,South Carolina,Chesterfield,1001,26,0,34.64137396,-80.15640140000002,45025.0,2192.7710843373493,2.5974025974025974,975,997,26,0,971,988,45754,4,0,0,4,9
2020-08-31,US,South Carolina,Clarendon,977,62,0,33.66610974,-80.21647898,45027.0,2895.2437398133056,6.345957011258956,915,972,62,0,910,971,33700,5,0,0,5,1
2020-08-31,US,South Carolina,Colleton,890,39,0,32.87582989,-80.67641292,45029.0,2362.183825676142,4.382022471910112,851,889,39,0,850,889,37660,1,0,0,1,0
2020-08-31,US,South Carolina,Darlington,1644,46,0,34.33358335,-79.96027485,45031.0,2467.801495091417,2.798053527980535,1598,1631,46,0,1585,1623,66802,13,0,0,13,8
2020-08-31,US,South Carolina,Dillon,761,28,0,34.39007791,-79.37741872,45033.0,2496.801076150792,3.679369250985545,733,757,28,0,729,746,30599,4,0,0,4,11
2020-08-31,US,South Carolina,Dorchester,3618,76,0,33.0794369,-80.40502652,45035.0,2222.2358714813063,2.1006080707573247,3542,3625,76,0,3549,3600,160647,-7,0,0,-7,25
2020-08-31,US,South Carolina,Edgefield,494,13,0,33.77221995,-81.96231108,45037.0,1812.1790168745413,2.631578947368421,481,494,13,0,481,489,27052,0,0,0,0,5
2020-08-31,US,South Carolina,Fairfield,641,28,0,34.39287073,-81.1195624,45039.0,2868.393967870408,4.3681747269890785,613,644,28,0,616,640,22402,-3,0,0,-3,4
2020-08-31,US,South Carolina,Florence,4258,150,0,34.02361754,-79.70189312,45041.0,3078.9700129435328,3.5227806481916386,4108,4226,150,0,4076,4201,138159,32,0,0,32,25
2020-08-31,US,South Carolina,Georgetown,1731,37,0,33.43443342,-79.33202141,45043.0,2761.646458200383,2.1374927787406124,1694,1725,37,0,1688,1722,62249,6,0,0,6,3
2020-08-31,US,South Carolina,Greenville,12137,256,0,34.89502264,-82.37295012,45045.0,2318.2476286525243,2.1092526983603856,11881,12089,256,0,11833,12038,514213,48,0,0,48,51
2020-08-31,US,South Carolina,Greenwood,1850,47,0,34.15272415,-82.12715789,45047.0,2612.588439649207,2.5405405405405403,1803,1830,47,0,1783,1807,70741,20,0,0,20,23
2020-08-31,US,South Carolina,Hampton,544,22,0,32.77419582,-81.13845571,45049.0,2830.0905212777025,4.044117647058823,522,542,22,0,520,540,19351,2,0,0,2,2
2020-08-31,US,South Carolina,Horry,9376,183,0,33.9212828,-78.99555293,45051.0,2647.981676509047,1.9517918088737198,9193,9358,182,0,9176,9327,344147,18,1,0,17,31
2020-08-31,US,South Carolina,Jasper,687,18,0,32.43171982,-81.02487495,45053.0,2284.4411930967976,2.6200873362445414,669,687,18,0,669,685,28971,0,0,0,0,2
2020-08-31,US,South Carolina,Kershaw,1606,29,0,34.33988254,-80.58763164,45055.0,2413.186879235473,1.8057285180572848,1577,1600,29,0,1571,1591,65592,6,0,0,6,9
2020-08-31,US,South Carolina,Lancaster,1658,39,0,34.68270843,-80.70513032,45057.0,1691.629596375954,2.352231604342581,1619,1639,39,0,1600,1628,95380,19,0,0,19,11
2020-08-31,US,South Carolina,Laurens,1492,54,0,34.48244419,-82.00490796,45059.0,2210.599617738136,3.6193029490616624,1438,1483,54,0,1429,1476,66994,9,0,0,9,7
2020-08-31,US,South Carolina,Lee,650,32,0,34.16393091,-80.25690731,45061.0,3862.6099358212505,4.9230769230769225,618,648,31,0,617,644,17142,2,1,0,1,4
2020-08-31,US,South Carolina,Lexington,5766,136,0,33.89665987,-81.27146426,45063.0,1930.0418410041839,2.3586541796739513,5630,5736,136,0,5600,5676,295032,30,0,0,30,60
2020-08-31,US,South Carolina,Marion,709,17,0,34.07859748,-79.36400756,45067.0,2312.685520435789,2.397743300423131,692,687,17,0,670,678,31039,22,0,0,22,9
2020-08-31,US,South Carolina,Marlboro,718,5,0,34.59905577,-79.67561152,45069.0,2749.0619496132936,0.6963788300835655,713,705,5,0,700,699,26398,13,0,0,13,6
2020-08-31,US,South Carolina,McCormick,160,5,0,33.90161443,-82.30794338,45065.0,1690.7957307407794,3.125,155,159,5,0,154,158,9410,1,0,0,1,1
2020-08-31,US,South Carolina,Newberry,971,15,0,34.28629098,-81.59935761,45071.0,2526.0145681581685,1.5447991761071058,956,966,15,0,951,961,38520,5,0,0,5,5
2020-08-31,US,South Carolina,Oconee,1077,19,0,34.75225169,-83.06742317,45073.0,1353.933573026928,1.7641597028783658,1058,1062,19,0,1043,1039,78374,15,0,0,15,23
2020-08-31,US,South Carolina,Orangeburg,2833,101,0,33.4391073,-80.79886287,45075.0,3287.4963736582536,3.5651253088598662,2732,2819,100,0,2719,2813,86934,14,1,0,13,6
2020-08-31,US,South Carolina,Pickens,2194,35,0,34.88807695,-82.72791551,45077.0,1729.138425648624,1.5952597994530535,2159,2180,35,0,2145,2162,124937,14,0,0,14,18
2020-08-31,US,South Carolina,Richland,11194,196,0,34.01791263,-80.90267209,45079.0,2692.425179009955,1.7509380025013401,10998,11011,196,0,10815,10603,414576,183,0,0,183,408
2020-08-31,US,South Carolina,Saluda,559,13,0,34.00795823,-81.72713237,45081.0,2730.4254383822595,2.3255813953488373,546,558,13,0,545,551,20544,1,0,0,1,7
2020-08-31,US,South Carolina,Spartanburg,5016,150,0,34.92960077,-81.99225984,45083.0,1568.5538721328394,2.9904306220095696,4866,4994,149,0,4845,4969,313888,22,1,0,21,25
2020-08-31,US,South Carolina,Sumter,2832,64,0,33.91826534,-80.37942316,45085.0,2653.648297898258,2.2598870056497176,2768,2830,64,0,2766,2818,106512,2,0,0,2,12
2020-08-31,US,South Carolina,Union,458,5,0,34.68835752,-81.61730349,45087.0,1676.6730121540488,1.091703056768559,453,455,5,0,450,451,27410,3,0,0,3,4
2020-08-31,US,South Carolina,Williamsburg,1200,39,0,33.62190129,-79.72767442,45089.0,3951.527924130664,3.25,1161,1192,36,0,1156,1186,30606,8,3,0,5,6
2020-08-31,US,South Carolina,York,4244,47,0,34.97281497,-81.18085944,45091.0,1510.433164044288,1.107445805843544,4197,4228,47,0,4181,4198,274118,16,0,0,16,30
2020-08-31,US,South Dakota,Aurora,42,0,0,43.71757685,-98.56050467,46003.0,1526.7175572519086,0.0,42,42,0,0,42,42,2801,0,0,0,0,0
2020-08-31,US,South Dakota,Beadle,639,9,0,44.41464384,-98.27858469,46005.0,3462.851568850593,1.4084507042253518,630,636,9,0,627,635,18883,3,0,0,3,1
2020-08-31,US,South Dakota,Bennett,23,0,0,43.19486375,-101.6665572,46007.0,683.5066864784546,0.0,23,22,0,0,22,21,3468,1,0,0,1,1
2020-08-31,US,South Dakota,Bon Homme,52,1,0,42.98914167,-97.88592746,46009.0,753.5139834806549,1.9230769230769231,51,51,1,0,50,50,6980,1,0,0,1,1
2020-08-31,US,South Dakota,Brookings,321,1,0,44.36974375,-96.79079945,46011.0,915.1295720842717,0.3115264797507788,320,308,1,0,307,269,35232,13,0,0,13,39
2020-08-31,US,South Dakota,Brown,675,3,0,45.58994323,-98.35165355,46013.0,1737.943819356832,0.4444444444444444,672,662,3,0,659,641,39316,13,0,0,13,21
2020-08-31,US,South Dakota,Brule,66,0,0,43.71756379,-99.08118954,46015.0,1245.988295261469,0.0,66,66,0,0,66,63,5229,0,0,0,0,3
2020-08-31,US,South Dakota,Buffalo,110,3,0,44.07657829,-99.20814467,46017.0,5606.523955147808,2.727272727272727,107,110,3,0,107,110,2036,0,0,0,0,0
2020-08-31,US,South Dakota,Butte,47,1,0,44.90608745,-103.5079318,46019.0,450.66641096941214,2.127659574468085,46,46,1,0,45,45,10222,1,0,0,1,1
2020-08-31,US,South Dakota,Campbell,5,0,0,45.77074915,-100.0510181,46021.0,363.37209302325584,0.0,5,5,0,0,5,4,1377,0,0,0,0,1
2020-08-31,US,South Dakota,Charles Mix,122,0,0,43.20660134,-98.58856175,46023.0,1312.9573826947912,0.0,122,122,0,0,122,122,9338,0,0,0,0,0
2020-08-31,US,South Dakota,Clark,19,0,0,44.85834507,-97.72925109,46025.0,508.5653104925053,0.0,19,19,0,0,19,19,3739,0,0,0,0,0
2020-08-31,US,South Dakota,Clay,353,2,0,42.91296147,-96.97656917,46027.0,2508.8841506751955,0.56657223796034,351,344,2,0,342,294,14041,9,0,0,9,50
2020-08-31,US,South Dakota,Codington,318,2,0,44.97788119,-97.18827677,46029.0,1135.3493519940018,0.6289308176100629,316,310,2,0,308,287,28015,8,0,0,8,23
2020-08-31,US,South Dakota,Corson,58,0,0,45.70889983,-101.1970473,46031.0,1419.4811551639746,0.0,58,55,0,0,55,54,4165,3,0,0,3,1
2020-08-31,US,South Dakota,Custer,117,0,0,43.67741105,-103.45345209999999,46033.0,1304.0570664288898,0.0,117,116,0,0,116,114,8726,1,0,0,1,2
2020-08-31,US,South Dakota,Davison,136,2,0,43.67490933,-98.14458906,46035.0,687.7370417193426,1.4705882352941178,134,135,2,0,133,133,19790,1,0,0,1,2
2020-08-31,US,South Dakota,Day,37,0,0,45.367281,-97.60737498,46037.0,682.1533923303832,0.0,37,37,0,0,37,35,5505,0,0,0,0,2
2020-08-31,US,South Dakota,Deuel,45,0,0,44.75994309,-96.66943645,46039.0,1034.2450011491612,0.0,45,44,0,0,44,41,4337,1,0,0,1,3
2020-08-31,US,South Dakota,Dewey,79,0,0,45.15639647,-100.8709139,46041.0,1340.8010862186015,0.0,79,79,0,0,79,77,5904,0,0,0,0,2
2020-08-31,US,South Dakota,Douglas,27,0,0,43.38520741,-98.36978007,46043.0,924.3409791167408,0.0,27,26,0,0,26,25,2935,1,0,0,1,1
2020-08-31,US,South Dakota,Edmunds,31,0,0,45.41846445,-99.21545423,46045.0,809.6108644554712,0.0,31,31,0,0,31,31,3875,0,0,0,0,0
2020-08-31,US,South Dakota,Fall River,42,1,0,43.23929297,-103.5275691,46047.0,625.6517205422315,2.380952380952381,41,38,1,0,37,34,6758,4,0,0,4,4
2020-08-31,US,South Dakota,Faulk,32,1,0,45.07082625,-99.14535601,46049.0,1391.9095258808175,3.125,31,32,1,0,31,31,2330,0,0,0,0,1
2020-08-31,US,South Dakota,Grant,42,0,0,45.1723937,-96.77002276,46051.0,595.5757231990924,0.0,42,42,0,0,42,41,7147,0,0,0,0,1
2020-08-31,US,South Dakota,Gregory,22,0,0,43.19419064,-99.18883902,46053.0,525.6869772998805,0.0,22,19,0,0,19,17,4212,3,0,0,3,2
2020-08-31,US,South Dakota,Haakon,6,0,0,44.29299053,-101.539099,46055.0,315.955766192733,0.0,6,6,0,0,6,6,1918,0,0,0,0,0
2020-08-31,US,South Dakota,Hamlin,57,0,0,44.67385954,-97.18829593,46057.0,924.7242050616484,0.0,57,54,0,0,54,53,6111,3,0,0,3,1
2020-08-31,US,South Dakota,Hand,15,0,0,44.54708407,-99.00386459,46059.0,470.0720777185835,0.0,15,15,0,0,15,14,3262,0,0,0,0,1
2020-08-31,US,South Dakota,Hanson,23,0,0,43.6746384,-97.78715148,46061.0,666.087460179554,0.0,23,23,0,0,23,23,3376,0,0,0,0,0
2020-08-31,US,South Dakota,Harding,2,0,0,45.58015551,-103.4958629,46063.0,154.08320493066256,0.0,2,2,0,0,2,2,1249,0,0,0,0,0
2020-08-31,US,South Dakota,Hughes,133,4,0,44.39091534,-99.99661148,46065.0,758.8725322378183,3.0075187969924815,129,133,4,0,129,129,17650,0,0,0,0,4
2020-08-31,US,South Dakota,Hutchinson,41,1,0,43.33449012,-97.75536441,46067.0,562.3371279659855,2.4390243902439024,40,39,1,0,38,38,7380,2,0,0,2,1
2020-08-31,US,South Dakota,Hyde,7,0,0,44.54747703,-99.48572582,46069.0,538.0476556495004,0.0,7,7,0,0,7,6,1282,0,0,0,0,1
2020-08-31,US,South Dakota,Jackson,12,1,0,43.69318385,-101.6255063,46071.0,358.85167464114835,8.333333333333334,11,12,1,0,11,12,3307,0,0,0,0,0
2020-08-31,US,South Dakota,Jerauld,40,1,0,44.06637798,-98.62965972,46073.0,1987.083954297069,2.5,39,40,1,0,39,40,2043,0,0,0,0,0
2020-08-31,US,South Dakota,Jones,3,0,0,43.96278565,-100.6940008,46075.0,332.2259136212625,0.0,3,3,0,0,3,3,928,0,0,0,0,0
2020-08-31,US,South Dakota,Kingsbury,23,0,0,44.36956169,-97.4913945,46077.0,465.6813120064791,0.0,23,23,0,0,23,21,4919,0,0,0,0,2
2020-08-31,US,South Dakota,Lake,117,6,0,44.02193107,-97.12926365,46079.0,914.2767836211611,5.128205128205129,111,116,6,0,110,113,13057,1,0,0,1,3
2020-08-31,US,South Dakota,Lawrence,225,3,0,44.35919441,-103.79294279999999,46081.0,870.6082649744621,1.3333333333333333,222,217,3,0,214,210,25741,8,0,0,8,7
2020-08-31,US,South Dakota,Lincoln,907,2,0,43.27841182,-96.72039050000001,46083.0,1483.7717576233474,0.2205071664829107,905,888,2,0,886,869,58807,19,0,0,19,19
2020-08-31,US,South Dakota,Lyman,105,3,0,43.89522709,-99.85201878,46085.0,2777.0431102882835,2.8571428571428568,102,105,3,0,102,102,3821,0,0,0,0,3
2020-08-31,US,South Dakota,Marshall,19,0,0,45.75870838,-97.59855639,46091.0,385.0050658561297,0.0,19,19,0,0,19,19,5112,0,0,0,0,0
2020-08-31,US,South Dakota,McCook,52,1,0,43.6742571,-97.36863144,46087.0,930.8986752595777,1.9230769230769231,51,49,1,0,48,47,5546,3,0,0,3,2
2020-08-31,US,South Dakota,McPherson,10,0,0,45.76626028,-99.22118798,46089.0,420.34468263976464,0.0,10,11,0,0,11,10,2407,-1,0,0,-1,1
2020-08-31,US,South Dakota,Meade,300,1,0,44.56676791,-102.71627409999999,46093.0,1058.873358746294,0.3333333333333333,299,294,1,0,293,279,28294,6,0,0,6,15
2020-08-31,US,South Dakota,Mellette,24,0,0,43.58078848,-100.7563186,46095.0,1164.4832605531294,0.0,24,24,0,0,24,24,2042,0,0,0,0,0
2020-08-31,US,South Dakota,Miner,16,0,0,44.02197882,-97.60992207,46097.0,722.0216606498195,0.0,16,16,0,0,16,16,2213,0,0,0,0,0
2020-08-31,US,South Dakota,Minnehaha,5267,70,0,43.67441641,-96.7910885,46099.0,2727.122101753187,1.3290298082399847,5197,5235,70,0,5165,5178,192876,32,0,0,32,57
2020-08-31,US,South Dakota,Moody,41,0,0,44.02266214,-96.67081159,46101.0,623.4793187347932,0.0,41,41,0,0,41,41,6579,0,0,0,0,0
2020-08-31,US,South Dakota,Oglala Lakota,174,2,0,43.33749164,-102.55554980000001,46102.0,1227.3400578401636,1.1494252873563218,172,173,2,0,171,173,14309,1,0,0,1,0
2020-08-31,US,South Dakota,Pennington,1432,33,0,44.0025835,-102.8240777,46103.0,1258.6244781366734,2.304469273743017,1399,1406,33,0,1373,1337,111729,26,0,0,26,69
2020-08-31,US,South Dakota,Perkins,16,0,0,45.49049506,-102.47555859999999,46105.0,558.4642233856894,0.0,16,13,0,0,13,14,2922,3,0,0,3,-1
2020-08-31,US,South Dakota,Potter,16,0,0,45.06583079,-99.95498503,46107.0,743.1490942870413,0.0,16,16,0,0,16,11,2207,0,0,0,0,5
2020-08-31,US,South Dakota,Roberts,100,1,0,45.62975048,-96.94672673,46109.0,962.0935154897056,1.0,99,97,1,0,96,95,10447,3,0,0,3,2
2020-08-31,US,South Dakota,Sanborn,15,0,0,44.02351092,-98.09098159999999,46111.0,639.9317406143344,0.0,15,15,0,0,15,15,2429,0,0,0,0,0
2020-08-31,US,South Dakota,Spink,52,0,0,44.93837606,-98.34626602,46115.0,815.5583437892094,0.0,52,52,0,0,52,48,6495,0,0,0,0,4
2020-08-31,US,South Dakota,Stanley,21,0,0,44.41381872,-100.7349153,46117.0,677.8566817301485,0.0,21,21,0,0,21,20,3022,0,0,0,0,1
2020-08-31,US,South Dakota,Sully,8,0,0,44.71571812,-100.1278092,46119.0,575.1258087706685,0.0,8,8,0,0,8,8,1392,0,0,0,0,0
2020-08-31,US,South Dakota,Todd,78,5,0,43.19338568,-100.71955030000001,46121.0,766.4341161442468,6.410256410256411,73,78,5,0,73,78,10283,0,0,0,0,0
2020-08-31,US,South Dakota,Tripp,22,0,0,43.34459388,-99.8854891,46123.0,404.33743797096116,0.0,22,22,0,0,22,21,5478,0,0,0,0,1
2020-08-31,US,South Dakota,Turner,83,0,0,43.3109081,-97.14865776,46125.0,989.9809160305343,0.0,83,81,0,0,81,76,8424,2,0,0,2,5
2020-08-31,US,South Dakota,Union,265,4,0,42.83112163,-96.6557828,46127.0,1663.3191062013557,1.509433962264151,261,263,4,0,259,255,15619,2,0,0,2,8
2020-08-31,US,South Dakota,Walworth,43,0,0,45.43019636,-100.03075140000001,46129.0,791.1683532658693,0.0,43,42,0,0,42,41,5587,1,0,0,1,1
2020-08-31,US,South Dakota,Yankton,231,3,0,43.00924485,-97.39467635,46135.0,1012.536162005786,1.2987012987012987,228,218,3,0,215,212,22869,13,0,0,13,6
2020-08-31,US,South Dakota,Ziebach,48,0,0,44.97881876,-101.6654622,46137.0,1741.654571843251,0.0,48,48,0,0,48,48,2742,0,0,0,0,0
2020-08-31,US,Tennessee,Anderson,874,8,0,36.12684348,-84.19965764,47001.0,1135.38933201694,0.9153318077803204,866,862,8,0,854,857,76482,12,0,0,12,5
2020-08-31,US,Tennessee,Bedford,1114,14,0,35.51123746,-86.45549096,47003.0,2240.8625510429865,1.2567324955116697,1100,1107,14,0,1093,1105,49038,7,0,0,7,2
2020-08-31,US,Tennessee,Benton,257,5,0,36.07110411,-88.06849355,47005.0,1590.3465346534656,1.9455252918287935,252,253,5,0,248,250,16184,4,0,0,4,3
2020-08-31,US,Tennessee,Bledsoe,775,4,0,35.59942968,-85.20611967,47007.0,5144.7158789166215,0.5161290322580645,771,775,4,0,771,775,14755,0,0,0,0,0
2020-08-31,US,Tennessee,Blount,2010,17,0,35.68938198,-83.92847788,47009.0,1510.2789132002883,0.8457711442786071,1993,2003,17,0,1986,1992,131349,7,0,0,7,11
2020-08-31,US,Tennessee,Bradley,2473,16,0,35.15739424,-84.857186,47011.0,2287.4849690130427,0.6469874646178729,2457,2468,16,0,2452,2460,106727,5,0,0,5,8
2020-08-31,US,Tennessee,Campbell,328,2,0,36.40355516,-84.15108559999999,47013.0,823.2518447869082,0.6097560975609756,326,325,2,0,323,322,39583,3,0,0,3,3
2020-08-31,US,Tennessee,Cannon,200,0,0,35.80990797,-86.05738983,47015.0,1362.583458236817,0.0,200,198,0,0,198,198,14462,2,0,0,2,0
2020-08-31,US,Tennessee,Carroll,637,8,0,35.97366108,-88.45189331,47017.0,2294.090106961501,1.2558869701726845,629,624,8,0,616,611,28020,13,0,0,13,13
2020-08-31,US,Tennessee,Carter,829,18,0,36.28969086,-82.12588974,47019.0,1470.0927452962353,2.1712907117008444,811,818,18,0,800,815,56351,11,0,0,11,3
2020-08-31,US,Tennessee,Cheatham,710,10,0,36.26136216,-87.08903581,47021.0,1745.887328792387,1.4084507042253518,700,710,10,0,700,709,40439,0,0,0,0,1
2020-08-31,US,Tennessee,Chester,377,5,0,35.42527478,-88.6095842,47023.0,2179.568711337226,1.326259946949602,372,376,5,0,371,376,17276,1,0,0,1,0
2020-08-31,US,Tennessee,Claiborne,366,3,0,36.48319149,-83.65947309,47025.0,1145.217309678025,0.819672131147541,363,363,3,0,360,354,31756,3,0,0,3,9
2020-08-31,US,Tennessee,Clay,112,0,0,36.55151008,-85.53930419,47027.0,1470.7813525935653,0.0,112,111,0,0,111,110,7717,1,0,0,1,1
2020-08-31,US,Tennessee,Cocke,642,7,0,35.9278914,-83.11828725,47029.0,1783.1352071992,1.0903426791277258,635,641,7,0,634,639,35774,1,0,0,1,2
2020-08-31,US,Tennessee,Coffee,764,6,0,35.49090731,-86.07311784,47031.0,1351.7338995046002,0.7853403141361257,758,760,6,0,754,757,55700,4,0,0,4,3
2020-08-31,US,Tennessee,Crockett,403,14,0,35.81830662,-89.14916269,47033.0,2832.044975404076,3.4739454094292803,389,401,14,0,387,397,14328,2,0,0,2,4
2020-08-31,US,Tennessee,Cumberland,826,8,0,35.95271721,-84.99840585,47035.0,1364.8380700594846,0.9685230024213076,818,812,8,0,804,802,59673,14,0,0,14,10
2020-08-31,US,Tennessee,Davidson,23474,259,0,36.17007426,-86.78646056,47037.0,3381.71906693712,1.1033483854477295,23215,23430,258,0,23172,23399,692587,44,1,0,43,31
2020-08-31,US,Tennessee,DeKalb,469,5,0,35.97616272,-85.83689361,47041.0,2288.9214250854075,1.0660980810234542,464,469,5,0,464,458,20138,0,0,0,0,11
2020-08-31,US,Tennessee,Decatur,303,4,0,35.60048904,-88.11043779,47039.0,2597.959358655577,1.32013201320132,299,302,4,0,298,302,11706,1,0,0,1,0
2020-08-31,US,Tennessee,Dickson,913,9,0,36.14669837,-87.35891709,47043.0,1692.3704307852006,0.9857612267250822,904,907,9,0,898,904,53446,6,0,0,6,3
2020-08-31,US,Tennessee,Dyer,964,10,0,36.05931946,-89.41542855,47045.0,2594.2571113323825,1.037344398340249,954,952,10,0,942,947,37320,12,0,0,12,5
2020-08-31,US,Tennessee,Fayette,886,10,0,35.19615831,-89.41399032,47047.0,2153.9882819147642,1.1286681715575622,876,882,10,0,872,875,40507,4,0,0,4,7
2020-08-31,US,Tennessee,Fentress,223,0,0,36.38128818,-84.92870012,47049.0,1203.9086541057065,0.0,223,218,0,0,218,208,18217,5,0,0,5,10
2020-08-31,US,Tennessee,Franklin,492,4,0,35.15634626,-86.09201039,47051.0,1165.65579984837,0.8130081300813008,488,488,4,0,484,483,41890,4,0,0,4,5
2020-08-31,US,Tennessee,Gibson,1115,14,0,35.99438059,-88.93358327,47053.0,2269.350538334724,1.2556053811659194,1101,1104,14,0,1090,1087,49045,11,0,0,11,17
2020-08-31,US,Tennessee,Giles,442,14,0,35.20222469,-87.03992678,47055.0,1500.1357588922076,3.1674208144796383,428,441,14,0,427,440,29503,1,0,0,1,1
2020-08-31,US,Tennessee,Grainger,278,1,0,36.27469206,-83.51254721,47057.0,1192.1097770154374,0.3597122302158273,277,274,1,0,273,270,23145,4,0,0,4,4
2020-08-31,US,Tennessee,Greene,820,16,0,36.17470125,-82.84691273,47059.0,1187.2185785229262,1.951219512195122,804,814,16,0,798,816,69087,6,0,0,6,-2
2020-08-31,US,Tennessee,Grundy,149,2,0,35.38433717,-85.72142731,47061.0,1109.7043271021078,1.342281879194631,147,149,2,0,147,149,13346,0,0,0,0,0
2020-08-31,US,Tennessee,Hamblen,1659,22,0,36.21990035,-83.26586179,47063.0,2554.9019003911662,1.3261000602772754,1637,1649,22,0,1627,1646,64569,10,0,0,10,3
2020-08-31,US,Tennessee,Hamilton,7998,74,0,35.17670231,-85.16652245,47065.0,2174.5277375993733,0.9252313078269568,7924,7965,73,0,7892,7939,364286,33,1,0,32,26
2020-08-31,US,Tennessee,Hancock,92,2,0,36.52692871,-83.22375847,47067.0,1389.728096676737,2.1739130434782608,90,92,2,0,90,91,6549,0,0,0,0,1
2020-08-31,US,Tennessee,Hardeman,1238,21,0,35.20772017,-88.99161161,47069.0,4942.115768463073,1.6962843295638126,1217,1237,21,0,1216,1231,25220,1,0,0,1,6
2020-08-31,US,Tennessee,Hardin,700,10,0,35.19732531,-88.18593755,47071.0,2728.832059878372,1.4285714285714286,690,685,10,0,675,685,25776,15,0,0,15,0
2020-08-31,US,Tennessee,Hawkins,669,13,0,36.44355426,-82.94885298,47073.0,1178.1072799633712,1.9431988041853512,656,667,13,0,654,665,56530,2,0,0,2,2
2020-08-31,US,Tennessee,Haywood,744,11,0,35.58332824,-89.28536625,47075.0,4299.583911234397,1.478494623655914,733,740,11,0,729,737,17335,4,0,0,4,3
2020-08-31,US,Tennessee,Henderson,878,7,0,35.65581134,-88.38600175,47077.0,3122.6660027741223,0.7972665148063781,871,873,7,0,866,865,27847,5,0,0,5,8
2020-08-31,US,Tennessee,Henry,460,5,0,36.33160906,-88.30121797,47079.0,1422.167259236358,1.0869565217391304,455,455,5,0,450,452,32358,5,0,0,5,3
2020-08-31,US,Tennessee,Hickman,376,3,0,35.80609681,-87.47643507,47081.0,1493.3672253554694,0.7978723404255319,373,371,3,0,368,371,25063,5,0,0,5,0
2020-08-31,US,Tennessee,Houston,93,0,0,36.28872054,-87.71878828,47083.0,1134.0080477990487,0.0,93,93,0,0,93,92,8263,0,0,0,0,1
2020-08-31,US,Tennessee,Humphreys,168,3,0,36.03958805,-87.77992872,47085.0,904.1007426541812,1.7857142857142858,165,169,3,0,166,167,18486,-1,0,0,-1,2
2020-08-31,US,Tennessee,Jackson,217,1,0,36.36380466,-85.67239905,47087.0,1841.167486848804,0.4608294930875576,216,217,1,0,216,214,11758,0,0,0,0,3
2020-08-31,US,Tennessee,Jefferson,815,6,0,36.04818632,-83.45148924,47089.0,1495.5500504633453,0.7361963190184049,809,805,6,0,799,785,54012,10,0,0,10,20
2020-08-31,US,Tennessee,Johnson,407,1,0,36.45523950000001,-81.84886538,47091.0,2288.059365864628,0.2457002457002457,406,407,1,0,406,407,17778,0,0,0,0,0
2020-08-31,US,Tennessee,Knox,6429,57,0,35.99508821,-83.94635435,47093.0,1366.9620019008619,0.8866075594960336,6372,6336,57,0,6279,6275,465289,93,0,0,93,61
2020-08-31,US,Tennessee,Lake,837,2,0,36.34180170000001,-89.48921915,47095.0,11929.87457240593,0.23894862604540024,835,834,2,0,832,834,7411,3,0,0,3,0
2020-08-31,US,Tennessee,Lauderdale,725,12,0,35.75893438,-89.63015909999999,47097.0,2828.385284594078,1.6551724137931034,713,720,12,0,708,714,25825,5,0,0,5,6
2020-08-31,US,Tennessee,Lawrence,762,9,0,35.21675201,-87.39787695,47099.0,1726.2471115944,1.1811023622047243,753,759,9,0,750,751,43734,3,0,0,3,8
2020-08-31,US,Tennessee,Lewis,132,1,0,35.52853208,-87.49022694,47101.0,1075.9700032605147,0.7575757575757576,131,132,1,0,131,131,12086,0,0,0,0,1
2020-08-31,US,Tennessee,Lincoln,412,1,0,35.13738622,-86.58910106,47103.0,1198.8593377175114,0.2427184466019417,411,409,1,0,408,403,34117,3,0,0,3,6
2020-08-31,US,Tennessee,Loudon,952,3,0,35.73939663,-84.31145275,47105.0,1760.7457276022785,0.3151260504201681,949,944,3,0,941,939,53054,8,0,0,8,5
2020-08-31,US,Tennessee,Macon,906,15,0,36.53157855,-86.00778595,47111.0,3682.627428664336,1.6556291390728477,891,907,15,0,892,902,24265,-1,0,0,-1,5
2020-08-31,US,Tennessee,Madison,1804,40,0,35.61181957,-88.84076036,47113.0,1841.1169170476808,2.217294900221729,1764,1781,41,0,1740,1763,97605,23,-1,0,24,18
2020-08-31,US,Tennessee,Marion,325,7,0,35.12997174,-85.62265895,47115.0,1124.2951534230465,2.1538461538461537,318,325,7,0,318,323,28575,0,0,0,0,2
2020-08-31,US,Tennessee,Marshall,533,4,0,35.45798777,-86.76420988,47117.0,1550.5454545454545,0.7504690431519699,529,532,4,0,528,529,33683,1,0,0,1,3
2020-08-31,US,Tennessee,Maury,1749,15,0,35.618741299999996,-87.07462444,47119.0,1814.5600547791714,0.8576329331046312,1734,1735,15,0,1720,1725,94340,14,0,0,14,10
2020-08-31,US,Tennessee,McMinn,791,23,0,35.42812616,-84.61520715,47107.0,1470.4242108785363,2.9077117572692788,768,791,23,0,768,788,53285,0,0,0,0,3
2020-08-31,US,Tennessee,McNairy,549,11,0,35.17468549,-88.5647812,47109.0,2136.6856075348333,2.0036429872495445,538,544,11,0,533,541,25832,5,0,0,5,3
2020-08-31,US,Tennessee,Meigs,162,2,0,35.51558739,-84.81482914,47121.0,1304.1378199967799,1.2345679012345678,160,162,2,0,160,163,12306,0,0,0,0,-1
2020-08-31,US,Tennessee,Monroe,749,15,0,35.44550387,-84.24902965,47123.0,1609.1954022988505,2.0026702269692924,734,738,15,0,723,726,46357,11,0,0,11,12
2020-08-31,US,Tennessee,Montgomery,2475,30,0,36.49609412,-87.38550661,47125.0,1184.2501901977578,1.2121212121212122,2445,2467,30,0,2437,2452,205950,8,0,0,8,15
2020-08-31,US,Tennessee,Moore,93,0,0,35.27724699,-86.36230578,47127.0,1433.415536374846,0.0,93,93,0,0,93,92,6411,0,0,0,0,1
2020-08-31,US,Tennessee,Morgan,209,2,0,36.13248031,-84.64880098,47129.0,976.4986216885484,0.9569377990430622,207,207,2,0,205,205,21579,2,0,0,2,2
2020-08-31,US,Tennessee,Obion,829,8,0,36.35732446,-89.14921589,47131.0,2756.992251155675,0.9650180940892642,821,820,8,0,812,809,30267,9,0,0,9,11
2020-08-31,US,Tennessee,Out of TN,3010,27,0,0.0,0.0,80047.0,0.0,0.8970099667774086,2983,2994,25,0,2969,2970,,16,2,0,14,24
2020-08-31,US,Tennessee,Overton,435,2,0,36.34117832,-85.28989535,47133.0,1955.8473090238751,0.4597701149425287,433,433,2,0,431,427,22068,2,0,0,2,6
2020-08-31,US,Tennessee,Perry,110,0,0,35.63708728,-87.86139634,47135.0,1362.0604259534425,0.0,110,107,0,0,107,106,8064,3,0,0,3,1
2020-08-31,US,Tennessee,Pickett,63,1,0,36.55606529,-85.07763299999998,47137.0,1248.0190174326467,1.5873015873015872,62,61,1,0,60,59,5082,2,0,0,2,2
2020-08-31,US,Tennessee,Polk,327,10,0,35.12245443,-84.52075859,47139.0,1942.7281368821293,3.058103975535168,317,326,10,0,316,326,16898,1,0,0,1,0
2020-08-31,US,Tennessee,Putnam,2368,30,0,36.14005459,-85.50646123,47141.0,2950.962676802293,1.266891891891892,2338,2362,30,0,2332,2345,78843,6,0,0,6,17
2020-08-31,US,Tennessee,Rhea,652,4,0,35.60536161,-84.93076643,47143.0,1965.809388850364,0.6134969325153374,648,647,3,0,644,644,33044,5,1,0,4,3
2020-08-31,US,Tennessee,Roane,651,2,0,35.84923189,-84.52458689,47145.0,1219.5121951219512,0.30721966205837176,649,643,2,0,641,632,53140,8,0,0,8,11
2020-08-31,US,Tennessee,Robertson,1886,26,0,36.52454807,-86.87346725,47147.0,2626.265439405121,1.3785790031813359,1860,1885,26,0,1859,1869,71012,1,0,0,1,16
2020-08-31,US,Tennessee,Rutherford,7825,70,0,35.84591405,-86.4107263,47149.0,2354.9061799358983,0.8945686900958466,7755,7799,70,0,7729,7770,324890,26,0,0,26,29
2020-08-31,US,Tennessee,Scott,155,2,0,36.42325673,-84.50360494,47151.0,702.3744788834513,1.2903225806451613,153,155,2,0,153,155,22039,0,0,0,0,0
2020-08-31,US,Tennessee,Sequatchie,142,1,0,35.36979721,-85.41022136,47153.0,945.0286170637562,0.7042253521126759,141,142,1,0,141,142,14876,0,0,0,0,0
2020-08-31,US,Tennessee,Sevier,2236,12,0,35.78077323,-83.52244332,47155.0,2275.826972010178,0.5366726296958855,2224,2232,12,0,2220,2219,97892,4,0,0,4,13
2020-08-31,US,Tennessee,Shelby,27120,387,0,35.1864775,-89.89692423,47157.0,2893.8309755155437,1.4269911504424782,26733,26976,385,0,26591,26839,935764,144,2,0,142,137
2020-08-31,US,Tennessee,Smith,516,8,0,36.25359775,-85.95411046,47159.0,2559.904747730317,1.5503875968992251,508,515,8,0,507,515,19942,1,0,0,1,0
2020-08-31,US,Tennessee,Stewart,96,0,0,36.50235092,-87.83920548,47161.0,699.9635435654393,0.0,96,96,0,0,96,95,13561,0,0,0,0,1
2020-08-31,US,Tennessee,Sullivan,1640,25,0,36.51240691,-82.30412917,47163.0,1035.6935357566879,1.5243902439024388,1615,1615,25,0,1590,1597,157668,25,0,0,25,18
2020-08-31,US,Tennessee,Sumner,4094,86,0,36.46824103,-86.45917204,47165.0,2140.28429081518,2.1006350757205667,4008,4065,86,0,3979,4051,187149,29,0,0,29,14
2020-08-31,US,Tennessee,Tipton,1462,15,0,35.501942,-89.73694895,47167.0,2373.4151528433904,1.0259917920656634,1447,1455,15,0,1440,1448,61581,7,0,0,7,7
2020-08-31,US,Tennessee,Trousdale,1618,6,0,36.39026213,-86.16087954,47169.0,14338.88691953208,0.3708281829419036,1612,1618,6,0,1612,1617,11012,0,0,0,0,1
2020-08-31,US,Tennessee,Unassigned,3368,7,0,0.0,0.0,90047.0,0.0,0.20783847980997625,3361,3360,6,0,3354,3344,,8,1,0,7,16
2020-08-31,US,Tennessee,Unicoi,225,1,0,36.10890856,-82.43709629,47171.0,1258.1781580271766,0.4444444444444444,224,221,1,0,220,221,17761,4,0,0,4,0
2020-08-31,US,Tennessee,Union,225,1,0,36.28590426,-83.83651902,47173.0,1126.5772080913275,0.4444444444444444,224,222,1,0,221,221,19688,3,0,0,3,1
2020-08-31,US,Tennessee,Van Buren,71,0,0,35.69864497,-85.45221699,47175.0,1209.1280653950953,0.0,71,71,0,0,71,70,5765,0,0,0,0,1
2020-08-31,US,Tennessee,Warren,853,7,0,35.672829899999996,-85.77969117,47177.0,2066.5261525789183,0.82063305978898,846,851,7,0,844,830,40878,2,0,0,2,21
2020-08-31,US,Tennessee,Washington,1741,13,0,36.29472368,-82.49454720000001,47179.0,1345.7004830917876,0.7466973004020678,1728,1718,13,0,1705,1700,128607,23,0,0,23,18
2020-08-31,US,Tennessee,Wayne,1279,3,0,35.23868267,-87.78644456,47181.0,7671.08498770467,0.23455824863174354,1276,312,3,0,309,297,16558,967,0,0,967,15
2020-08-31,US,Tennessee,Weakley,842,13,0,36.29896232,-88.71990865,47183.0,2526.4042246759477,1.5439429928741093,829,831,13,0,818,824,33415,11,0,0,11,7
2020-08-31,US,Tennessee,White,564,7,0,35.92929884,-85.45591799,47185.0,2062.5342841470106,1.2411347517730495,557,560,7,0,553,549,27107,4,0,0,4,11
2020-08-31,US,Tennessee,Williamson,4369,28,0,35.89099229,-86.89281867,47187.0,1832.5419861416367,0.6408789196612498,4341,4334,28,0,4306,4328,231729,35,0,0,35,6
2020-08-31,US,Tennessee,Wilson,2828,31,0,36.15496772,-86.29775884,47189.0,1954.9693412693475,1.0961810466760962,2797,2811,31,0,2780,2791,140625,17,0,0,17,20
2020-08-31,US,Texas,Anderson,2502,18,0,31.81534745,-95.65354823,48001.0,4333.593141075604,0.7194244604316546,2484,2502,18,0,2484,2502,58057,0,0,0,0,0
2020-08-31,US,Texas,Andrews,367,8,0,32.30468633,-102.63765479999999,48003.0,1962.0422346966045,2.1798365122615806,359,362,8,0,354,362,18128,5,0,0,5,0
2020-08-31,US,Texas,Angelina,2005,67,0,31.25457347,-94.60901487,48005.0,2312.172057890792,3.341645885286783,1938,2002,66,0,1936,2002,87092,3,1,0,2,0
2020-08-31,US,Texas,Aransas,212,18,0,28.10556197,-96.9995047,48007.0,901.7439387494684,8.49056603773585,194,210,18,0,192,208,23792,2,0,0,2,2
2020-08-31,US,Texas,Archer,49,0,0,33.61569967,-98.68754589,48009.0,572.8983982228458,0.0,49,49,0,0,49,49,8786,0,0,0,0,0
2020-08-31,US,Texas,Armstrong,11,0,0,34.96507426,-101.35748740000001,48011.0,582.9358770535241,0.0,11,11,0,0,11,11,1892,0,0,0,0,0
2020-08-31,US,Texas,Atascosa,568,27,0,28.89333001,-98.52730485,48013.0,1110.3943072742557,4.753521126760563,541,568,27,0,541,568,50310,0,0,0,0,0
2020-08-31,US,Texas,Austin,417,6,0,29.88548725,-96.27736949,48015.0,1388.518913159297,1.4388489208633093,411,417,6,0,411,413,29989,0,0,0,0,4
2020-08-31,US,Texas,Bailey,202,4,0,34.06854817,-102.8299707,48017.0,2885.714285714286,1.98019801980198,198,202,4,0,198,202,7027,0,0,0,0,0
2020-08-31,US,Texas,Bandera,109,4,0,29.74619598,-99.24598147,48019.0,471.61647628937345,3.669724770642202,105,109,3,0,106,109,22824,0,1,0,-1,0
2020-08-31,US,Texas,Bastrop,1582,27,0,30.10370699,-97.31206354,48021.0,1783.0776686992099,1.706700379266751,1555,1580,27,0,1553,1579,86976,2,0,0,2,1
2020-08-31,US,Texas,Baylor,16,0,0,33.61640794,-99.21352901,48023.0,455.9703619264748,0.0,16,16,0,0,16,16,3582,0,0,0,0,0
2020-08-31,US,Texas,Bee,1605,22,0,28.41761668,-97.74215593,48025.0,4928.604329801935,1.3707165109034267,1583,1591,22,0,1569,1591,32587,14,0,0,14,0
2020-08-31,US,Texas,Bell,4768,64,0,31.03736027,-97.4785025,48027.0,1313.7736826443002,1.342281879194631,4704,4768,64,0,4704,4768,355642,0,0,0,0,0
2020-08-31,US,Texas,Bexar,46441,1086,0,29.44928723,-98.52019748,48029.0,2317.9310365480537,2.338450937748972,45355,46401,1086,0,45315,46291,1986049,40,0,0,40,110
2020-08-31,US,Texas,Blanco,125,5,0,30.26640707,-98.3999852,48031.0,1047.6908892800268,4.0,120,124,5,0,119,124,11702,1,0,0,1,0
2020-08-31,US,Texas,Bosque,216,5,0,31.89978581,-97.63613524,48035.0,1156.007492641156,2.314814814814815,211,216,5,0,211,215,18691,0,0,0,0,1
2020-08-31,US,Texas,Bowie,969,44,0,33.44626922,-94.41834132,48037.0,1039.1978122151322,4.540763673890608,925,970,44,0,926,970,94324,-1,0,0,-1,0
2020-08-31,US,Texas,Brazoria,9389,138,0,29.18757369,-95.44563172,48039.0,2508.6569907872517,1.4698050910640108,9251,9309,138,0,9171,9220,370200,80,0,0,80,89
2020-08-31,US,Texas,Brazos,4719,55,0,30.663644800000004,-96.30205577,48041.0,2058.8017154499566,1.1655011655011656,4664,4703,55,0,4648,4663,226758,16,0,0,16,40
2020-08-31,US,Texas,Brewster,191,2,0,29.81008251,-103.25203259999999,48043.0,2075.4101923285884,1.0471204188481675,189,191,2,0,189,191,9267,0,0,0,0,0
2020-08-31,US,Texas,Briscoe,12,1,0,34.53026962,-101.2084947,48045.0,776.1966364812421,8.333333333333334,11,12,1,0,11,12,1516,0,0,0,0,0
2020-08-31,US,Texas,Brooks,215,16,0,27.03103197,-98.21808402,48047.0,3031.15747920485,7.441860465116278,199,215,16,0,199,209,7114,0,0,0,0,6
2020-08-31,US,Texas,Brown,470,20,0,31.77430356,-98.99907113,48049.0,1241.2845975068667,4.25531914893617,450,470,20,0,450,470,37924,0,0,0,0,0
2020-08-31,US,Texas,Burleson,288,6,0,30.49273808,-96.62158484,48051.0,1561.5680746082526,2.083333333333333,282,287,6,0,281,276,18389,1,0,0,1,11
2020-08-31,US,Texas,Burnet,666,12,0,30.78801353,-98.181887,48053.0,1383.0339528605546,1.8018018018018016,654,665,12,0,653,664,47542,1,0,0,1,1
2020-08-31,US,Texas,Caldwell,1229,32,0,29.83668859,-97.61814775,48055.0,2814.6757053865886,2.6037428803905613,1197,1225,32,0,1193,1232,43247,4,0,0,4,-7
2020-08-31,US,Texas,Calhoun,603,7,0,28.47048236,-96.61633945,48057.0,2832.3156411460773,1.1608623548922057,596,603,7,0,596,603,21561,0,0,0,0,0
2020-08-31,US,Texas,Callahan,88,3,0,32.29760619,-99.37326312,48059.0,631.141074374238,3.4090909090909087,85,88,3,0,85,88,13994,0,0,0,0,0
2020-08-31,US,Texas,Cameron,20959,757,0,26.14524221,-97.48140372,48061.0,4952.937756845471,3.6118135407223626,20202,20853,752,0,20101,20853,423908,106,5,0,101,0
2020-08-31,US,Texas,Camp,296,8,0,32.97195142,-94.97790104,48063.0,2260.5773636780204,2.702702702702702,288,296,8,0,288,291,13033,0,0,0,0,5
2020-08-31,US,Texas,Carson,17,0,0,35.40365929,-101.35426690000001,48065.0,286.87141410732363,0.0,17,17,0,0,17,17,6005,0,0,0,0,0
2020-08-31,US,Texas,Cass,257,11,0,33.07499881,-94.34646905,48067.0,855.9248651168988,4.280155642023346,246,257,11,0,246,256,30119,0,0,0,0,1
2020-08-31,US,Texas,Castro,227,4,0,34.53016752,-102.2617243,48069.0,3014.6082337317407,1.7621145374449338,223,227,4,0,223,227,7665,0,0,0,0,0
2020-08-31,US,Texas,Chambers,1123,5,0,29.70972016,-94.67154501,48071.0,2561.762894358647,0.4452359750667854,1118,1123,5,0,1118,1123,42454,0,0,0,0,0
2020-08-31,US,Texas,Cherokee,1408,16,0,31.837258000000002,-95.16559897,48073.0,2674.4671959882994,1.1363636363636365,1392,1408,16,0,1392,1408,52592,0,0,0,0,0
2020-08-31,US,Texas,Childress,57,0,0,34.529304100000004,-100.2077916,48075.0,780.1806734191076,0.0,57,57,0,0,57,57,7291,0,0,0,0,0
2020-08-31,US,Texas,Clay,63,1,0,33.78686685,-98.20771198,48077.0,601.6617324037819,1.5873015873015872,62,63,1,0,62,63,10456,0,0,0,0,0
2020-08-31,US,Texas,Cochran,37,1,0,33.60425307,-102.82844990000001,48079.0,1296.880476691202,2.702702702702702,36,37,1,0,36,37,2836,0,0,0,0,0
2020-08-31,US,Texas,Coke,49,3,0,31.88911733,-100.5297533,48081.0,1446.7080011809862,6.1224489795918355,46,49,3,0,46,48,3370,0,0,0,0,1
2020-08-31,US,Texas,Coleman,52,2,0,31.76736834,-99.45240766,48083.0,636.085626911315,3.8461538461538463,50,52,2,0,50,52,8397,0,0,0,0,0
2020-08-31,US,Texas,Collin,10989,112,0,33.18820114,-96.57264368,48085.0,1062.0161781334261,1.0192010192010192,10877,10946,111,0,10835,10889,1005146,43,1,0,42,57
2020-08-31,US,Texas,Collingsworth,16,0,0,34.96489496,-100.27001109999999,48087.0,547.9452054794519,0.0,16,16,0,0,16,16,2962,0,0,0,0,0
2020-08-31,US,Texas,Colorado,444,3,0,29.622097999999998,-96.5273805,48089.0,2065.7888614897875,0.6756756756756757,441,444,3,0,441,436,21217,0,0,0,0,8
2020-08-31,US,Texas,Comal,2353,95,0,29.80811278,-98.27647225,48091.0,1506.3152571234687,4.037399065023373,2258,2353,95,0,2258,2339,148373,0,0,0,0,14
2020-08-31,US,Texas,Comanche,214,3,0,31.94854689,-98.55876441,48093.0,1569.4902823615696,1.4018691588785046,211,214,3,0,211,214,13534,0,0,0,0,0
2020-08-31,US,Texas,Concho,55,1,0,31.32635934,-99.86473038,48095.0,2017.608217168012,1.818181818181818,54,53,1,0,52,50,4276,2,0,0,2,3
2020-08-31,US,Texas,Cooke,318,4,0,33.63979567,-97.21240912,48097.0,770.7782921686016,1.2578616352201255,314,318,4,0,314,318,40574,0,0,0,0,0
2020-08-31,US,Texas,Coryell,1151,10,0,31.39078397,-97.79936155,48099.0,1515.4507511421841,0.8688097306689835,1141,868,10,0,858,866,74808,283,0,0,283,2
2020-08-31,US,Texas,Cottle,18,2,0,34.07783319,-100.27850620000001,48101.0,1287.5536480686694,11.111111111111109,16,18,2,0,16,18,1389,0,0,0,0,0
2020-08-31,US,Texas,Crane,70,2,0,31.43052248,-102.5143314,48103.0,1459.245361684386,2.8571428571428568,68,70,2,0,68,70,4794,0,0,0,0,0
2020-08-31,US,Texas,Crockett,162,6,0,30.72367027,-101.4134238,48105.0,4676.674364896075,3.703703703703704,156,162,6,0,156,162,3499,0,0,0,0,0
2020-08-31,US,Texas,Crosby,81,1,0,33.61431553,-101.30003640000001,48107.0,1411.8877462088199,1.2345679012345678,80,81,1,0,80,81,5779,0,0,0,0,0
2020-08-31,US,Texas,Culberson,23,2,0,31.44506775,-104.5185739,48109.0,1059.4196222938738,8.695652173913043,21,23,2,0,21,23,2204,0,0,0,0,0
2020-08-31,US,Texas,Dallam,208,7,0,36.27787176,-102.60207249999999,48111.0,2854.398243447235,3.3653846153846154,201,208,7,0,201,208,7200,0,0,0,0,0
2020-08-31,US,Texas,Dallas,71630,947,0,32.76670599,-96.77796049999999,48113.0,2717.873843300515,1.3220717576434455,70683,70810,947,0,69863,70810,2637772,820,0,0,820,0
2020-08-31,US,Texas,Dawson,207,8,0,32.74255572,-101.94772420000001,48115.0,1626.335637963545,3.864734299516908,199,207,8,0,199,207,12619,0,0,0,0,0
2020-08-31,US,Texas,DeWitt,844,25,0,29.08101855,-97.35681170000001,48123.0,4186.5079365079355,2.962085308056872,819,844,25,0,819,844,20187,0,0,0,0,0
2020-08-31,US,Texas,Deaf Smith,801,20,0,34.96522957,-102.6054267,48117.0,4318.990617923002,2.4968789013732837,781,801,20,0,781,801,18760,0,0,0,0,0
2020-08-31,US,Texas,Delta,17,0,0,33.38570922,-95.66921122,48119.0,318.88951416244606,0.0,17,17,0,0,17,17,5349,0,0,0,0,0
2020-08-31,US,Texas,Denton,10125,131,0,33.20521901,-97.11691153,48121.0,1141.2218343633447,1.2938271604938272,9994,9994,131,0,9863,9994,859064,131,0,0,131,0
2020-08-31,US,Texas,Dickens,27,1,0,33.61616822,-100.7788855,48125.0,1221.1668928086838,3.703703703703704,26,27,1,0,26,27,2249,0,0,0,0,0
2020-08-31,US,Texas,Dimmit,180,6,0,28.42270064,-99.75645095,48127.0,1777.9533781114185,3.333333333333333,174,180,6,0,174,180,10308,0,0,0,0,0
2020-08-31,US,Texas,Donley,55,1,0,34.96517499,-100.8140093,48129.0,1677.8523489932886,1.818181818181818,54,55,1,0,54,55,3319,0,0,0,0,0
2020-08-31,US,Texas,Duval,259,10,0,27.68184592,-98.50864568,48131.0,2321.412566101999,3.8610038610038613,249,257,10,0,247,243,11212,2,0,0,2,14
2020-08-31,US,Texas,Eastland,130,2,0,32.32743996,-98.83243566,48133.0,708.0610021786493,1.5384615384615383,128,130,2,0,128,130,18322,0,0,0,0,0
2020-08-31,US,Texas,Ector,4241,70,0,31.86898877,-102.54294279999999,48135.0,2551.39180498487,1.6505541145956142,4171,4217,69,0,4148,4217,162124,24,1,0,23,0
2020-08-31,US,Texas,Edwards,34,1,0,29.98202582,-100.304252,48137.0,1759.8343685300208,2.9411764705882355,33,34,1,0,33,34,1928,0,0,0,0,0
2020-08-31,US,Texas,El Paso,20460,428,0,31.76980765,-106.23632749999999,48141.0,2437.9258327196812,2.0918866080156397,20032,20350,428,0,19922,20217,840758,110,0,0,110,133
2020-08-31,US,Texas,Ellis,3758,56,0,32.34894117,-96.79371841,48139.0,2033.2637183080303,1.4901543374135178,3702,3758,56,0,3702,3758,179436,0,0,0,0,0
2020-08-31,US,Texas,Erath,667,9,0,32.23602653,-98.21773417,48143.0,1562.1340578013019,1.3493253373313343,658,667,9,0,658,667,42446,0,0,0,0,0
2020-08-31,US,Texas,Falls,166,3,0,31.25350609,-96.93630086,48145.0,959.7039949124126,1.8072289156626504,163,166,3,0,163,166,17335,0,0,0,0,0
2020-08-31,US,Texas,Fannin,585,12,0,33.59564294,-96.10751083,48147.0,1647.2377090724785,2.051282051282051,573,585,12,0,573,585,35286,0,0,0,0,0
2020-08-31,US,Texas,Fayette,462,16,0,29.87788372,-96.92076062,48149.0,1822.7728241142584,3.463203463203463,446,457,16,0,441,457,25349,5,0,0,5,0
2020-08-31,US,Texas,Fisher,58,1,0,32.74281316,-100.40193020000001,48151.0,1514.3603133159272,1.7241379310344829,57,58,1,0,57,58,3839,0,0,0,0,0
2020-08-31,US,Texas,Floyd,100,7,0,34.07227468,-101.3031546,48153.0,1750.7002801120448,7.0,93,100,7,0,93,100,5837,0,0,0,0,0
2020-08-31,US,Texas,Foard,3,0,0,33.97308618,-99.7767797,48155.0,259.7402597402597,0.0,3,3,0,0,3,3,1200,0,0,0,0,0
2020-08-31,US,Texas,Fort Bend,14957,237,0,29.52704478,-95.77219463,48157.0,1842.7031075979933,1.5845423547502842,14720,14933,234,0,14699,14933,787858,24,3,0,21,0
2020-08-31,US,Texas,Franklin,111,4,0,33.17653242,-95.21917243,48159.0,1034.9650349650349,3.603603603603604,107,111,4,0,107,109,10766,0,0,0,0,2
2020-08-31,US,Texas,Freestone,384,1,0,31.70422788,-96.15072516,48161.0,1947.5579449206268,0.2604166666666667,383,384,1,0,383,384,19808,0,0,0,0,0
2020-08-31,US,Texas,Frio,633,7,0,28.86751206,-99.10804207,48163.0,3117.305229981286,1.1058451816745656,626,633,7,0,626,633,19816,0,0,0,0,0
2020-08-31,US,Texas,Gaines,247,7,0,32.74055318,-102.6353295,48165.0,1149.2648427321797,2.8340080971659916,240,247,7,0,240,247,20901,0,0,0,0,0
2020-08-31,US,Texas,Galveston,10575,140,0,29.40167322,-94.90469073,48167.0,3090.849040886891,1.3238770685579195,10435,10543,140,0,10403,10543,337890,32,0,0,32,0
2020-08-31,US,Texas,Garza,102,3,0,33.17969345,-101.2984114,48169.0,1637.5020067426553,2.9411764705882355,99,102,3,0,99,102,6578,0,0,0,0,0
2020-08-31,US,Texas,Gillespie,198,6,0,30.31824095,-98.94676915,48171.0,733.6594041796353,3.0303030303030303,192,198,6,0,192,198,26804,0,0,0,0,0
2020-08-31,US,Texas,Glasscock,6,0,0,31.86942909,-101.5207776,48173.0,425.83392476934,0.0,6,6,0,0,6,6,1388,0,0,0,0,0
2020-08-31,US,Texas,Goliad,121,6,0,28.65696592,-97.42760647,48175.0,1580.0470096630975,4.958677685950414,115,121,6,0,115,121,7584,0,0,0,0,0
2020-08-31,US,Texas,Gonzales,813,13,0,29.45634206,-97.49424032,48177.0,3901.713298459471,1.5990159901599017,800,813,13,0,800,813,20826,0,0,0,0,0
2020-08-31,US,Texas,Gray,242,4,0,35.40081878,-100.8129222,48179.0,1105.7296902129217,1.6528925619834711,238,242,4,0,238,242,21895,0,0,0,0,0
2020-08-31,US,Texas,Grayson,1483,25,0,33.62744998,-96.67753461,48181.0,1088.7440166798813,1.685772083614295,1458,1474,25,0,1449,1452,133991,9,0,0,9,22
2020-08-31,US,Texas,Gregg,1880,48,0,32.47940482,-94.81591935,48183.0,1516.8018072532172,2.5531914893617023,1832,1880,47,0,1833,1880,123707,0,1,0,-1,0
2020-08-31,US,Texas,Grimes,983,30,0,30.54579585,-95.98902499,48185.0,3403.739612188365,3.0518819938962363,953,970,30,0,940,969,28360,13,0,0,13,1
2020-08-31,US,Texas,Guadalupe,1899,72,0,29.58165339,-97.94786822,48187.0,1138.168501681181,3.791469194312796,1827,1899,72,0,1827,1899,163694,0,0,0,0,0
2020-08-31,US,Texas,Hale,1618,44,0,34.07044901,-101.82681140000001,48189.0,4843.441297970425,2.719406674907293,1574,1606,44,0,1562,1606,33830,12,0,0,12,0
2020-08-31,US,Texas,Hall,16,1,0,34.5307555,-100.68138520000001,48191.0,539.8110661268556,6.25,15,16,1,0,15,16,3028,0,0,0,0,0
2020-08-31,US,Texas,Hamilton,101,3,0,31.70470573,-98.11083887,48193.0,1193.7123271480914,2.9702970297029703,98,101,3,0,98,100,8484,0,0,0,0,1
2020-08-31,US,Texas,Hansford,102,3,0,36.27743284,-101.3545796,48195.0,1889.2387479162808,2.9411764705882355,99,102,3,0,99,102,5463,0,0,0,0,0
2020-08-31,US,Texas,Hardeman,22,0,0,34.28944521,-99.74632408,48197.0,559.3694380879734,0.0,22,22,0,0,22,22,3922,0,0,0,0,0
2020-08-31,US,Texas,Hardin,1254,19,0,30.33364686,-94.38931817,48199.0,2177.0077427867086,1.5151515151515151,1235,1254,19,0,1235,1254,57207,0,0,0,0,0
2020-08-31,US,Texas,Harris,106595,2192,0,29.85864939,-95.39339521,48201.0,2261.5669405356093,2.0563816314086028,104403,105757,2188,0,103569,104649,4698619,838,4,0,834,1108
2020-08-31,US,Texas,Harrison,796,28,0,32.54935988,-94.36934071,48203.0,1196.0392469159915,3.5175879396984926,768,796,28,0,768,796,66726,0,0,0,0,0
2020-08-31,US,Texas,Hartley,101,0,0,35.84008013,-102.6029022,48205.0,1811.3342898134865,0.0,101,101,0,0,101,101,5619,0,0,0,0,0
2020-08-31,US,Texas,Haskell,54,2,0,33.17823584,-99.73037358,48207.0,954.4008483563097,3.703703703703704,52,54,2,0,52,54,5813,0,0,0,0,0
2020-08-31,US,Texas,Hays,5396,56,0,30.05669873,-98.02944344,48209.0,2344.1403008805732,1.0378057820607858,5340,5361,56,0,5305,5361,222631,35,0,0,35,0
2020-08-31,US,Texas,Hemphill,55,0,0,35.83764858,-100.2703577,48211.0,1440.1675831369464,0.0,55,55,0,0,55,55,3825,0,0,0,0,0
2020-08-31,US,Texas,Henderson,815,16,0,32.21128872,-95.85846587,48213.0,985.0490107207173,1.96319018404908,799,815,16,0,799,815,82299,0,0,0,0,0
2020-08-31,US,Texas,Hidalgo,27538,1171,0,26.39418217,-98.18299696,48215.0,3169.9986301480244,4.2523059045682325,26367,27408,1162,0,26246,27252,865939,130,9,0,121,156
2020-08-31,US,Texas,Hill,369,8,0,31.99045053,-97.13423143,48217.0,1006.8487543998473,2.168021680216802,361,369,8,0,361,369,36354,0,0,0,0,0
2020-08-31,US,Texas,Hockley,262,5,0,33.60771256,-102.3431676,48219.0,1138.0913079362324,1.9083969465648856,257,262,5,0,257,262,22980,0,0,0,0,0
2020-08-31,US,Texas,Hood,767,22,0,32.42990927,-97.83242024,48221.0,1244.2613110977727,2.86831812255541,745,767,22,0,745,767,60537,0,0,0,0,0
2020-08-31,US,Texas,Hopkins,244,7,0,33.14875072,-95.56351139,48223.0,657.9656994930427,2.8688524590163933,237,244,7,0,237,242,36810,0,0,0,0,2
2020-08-31,US,Texas,Houston,341,9,0,31.31925973,-95.42226208,48225.0,1484.6743295019155,2.6392961876832843,332,538,9,0,529,536,23169,-197,0,0,-197,2
2020-08-31,US,Texas,Howard,280,8,0,32.30621324,-101.4356444,48227.0,763.6919048658084,2.8571428571428568,272,280,8,0,272,278,36459,0,0,0,0,2
2020-08-31,US,Texas,Hudspeth,38,2,0,31.45628381,-105.388178,48229.0,777.7322963569381,5.2631578947368425,36,38,2,0,36,38,4795,0,0,0,0,0
2020-08-31,US,Texas,Hunt,1415,29,0,33.12351514,-96.08551032,48231.0,1435.1786112745194,2.0494699646643113,1386,1415,29,0,1386,1405,96493,0,0,0,0,10
2020-08-31,US,Texas,Hutchinson,147,3,0,35.84006574,-101.3546643,48233.0,702.0727863215207,2.0408163265306123,144,147,3,0,144,147,21198,0,0,0,0,0
2020-08-31,US,Texas,Irion,10,0,0,31.30375559,-100.982439,48235.0,651.0416666666666,0.0,10,10,0,0,10,10,1522,0,0,0,0,0
2020-08-31,US,Texas,Jack,121,0,0,33.23377248,-98.17283469,48237.0,1354.2249580302182,0.0,121,121,0,0,121,121,8843,0,0,0,0,0
2020-08-31,US,Texas,Jackson,501,14,0,28.95472367,-96.57749563,48239.0,3394.308943089431,2.7944111776447107,487,501,14,0,487,501,14874,0,0,0,0,0
2020-08-31,US,Texas,Jasper,393,18,0,30.74685667,-94.02667579,48241.0,1106.138647302204,4.580152671755725,375,393,18,0,375,393,35872,0,0,0,0,0
2020-08-31,US,Texas,Jeff Davis,8,0,0,30.71490589,-104.1399973,48243.0,351.8029903254178,0.0,8,8,0,0,8,8,2252,0,0,0,0,0
2020-08-31,US,Texas,Jefferson,6615,107,0,29.8832777,-94.16434171,48245.0,2629.5390853258605,1.6175359032501888,6508,6615,107,0,6508,6610,255001,0,0,0,0,5
2020-08-31,US,Texas,Jim Hogg,79,2,0,27.04453923,-98.69681870000001,48247.0,1519.2307692307693,2.5316455696202533,77,77,2,0,75,77,5248,2,0,0,2,0
2020-08-31,US,Texas,Jim Wells,1044,24,0,27.73103938,-98.0904705,48249.0,2578.923966207203,2.2988505747126435,1020,1034,24,0,1010,980,40822,10,0,0,10,54
2020-08-31,US,Texas,Johnson,2500,44,0,32.37877812,-97.36615819,48251.0,1421.9330326418951,1.76,2456,2500,44,0,2456,2500,171361,0,0,0,0,0
2020-08-31,US,Texas,Jones,598,0,0,32.73997145,-99.87861576,48253.0,2977.642782452821,0.0,598,598,0,0,598,598,19817,0,0,0,0,0
2020-08-31,US,Texas,Karnes,740,12,0,28.90705334,-97.85960149,48255.0,4743.2856868149465,1.6216216216216215,728,740,12,0,728,740,15650,0,0,0,0,0
2020-08-31,US,Texas,Kaufman,2757,37,0,32.599141700000004,-96.28734728,48257.0,2024.9129662000385,1.342038447587958,2720,2757,37,0,2720,2757,128622,0,0,0,0,0
2020-08-31,US,Texas,Kendall,197,5,0,29.94414155,-98.7113588,48259.0,415.3401783643608,2.538071065989848,192,197,5,0,192,197,45641,0,0,0,0,0
2020-08-31,US,Texas,Kenedy,7,1,0,26.92601662,-97.66413984,48261.0,1732.6732673267327,14.285714285714285,6,7,1,0,6,7,442,0,0,0,0,0
2020-08-31,US,Texas,Kent,7,0,0,33.18104136,-100.7780939,48263.0,918.6351706036743,0.0,7,7,0,0,7,7,726,0,0,0,0,0
2020-08-31,US,Texas,Kerr,435,9,0,30.06040006,-99.34930144,48265.0,826.9961977186313,2.0689655172413794,426,435,9,0,426,435,52405,0,0,0,0,0
2020-08-31,US,Texas,Kimble,16,1,0,30.48678918,-99.74856473,48267.0,368.9186073322573,6.25,15,16,1,0,15,16,4362,0,0,0,0,0
2020-08-31,US,Texas,Kinney,22,1,0,29.34967888,-100.41866379999999,48271.0,599.9454595036815,4.545454545454546,21,22,1,0,21,22,3767,0,0,0,0,0
2020-08-31,US,Texas,Kleberg,642,26,0,27.42435506,-97.69894948,48273.0,2092.568448500652,4.0498442367601255,616,632,26,0,606,604,31129,10,0,0,10,28
2020-08-31,US,Texas,Knox,67,8,0,33.60519951,-99.74229059999999,48275.0,1828.6026200873362,11.940298507462687,59,67,8,0,59,67,3653,0,0,0,0,0
2020-08-31,US,Texas,La Salle,365,4,0,28.34453111,-99.09908775,48283.0,4853.723404255319,1.095890410958904,361,365,4,0,361,365,7531,0,0,0,0,0
2020-08-31,US,Texas,Lamar,791,26,0,33.66981763,-95.57404777,48277.0,1586.4738562746945,3.2869785082174463,765,791,26,0,765,791,49728,0,0,0,0,0
2020-08-31,US,Texas,Lamb,278,19,0,34.06859623,-102.35162890000001,48279.0,2156.20879547041,6.83453237410072,259,278,19,0,259,278,13158,0,0,0,0,0
2020-08-31,US,Texas,Lampasas,154,6,0,31.19531316,-98.24206613,48281.0,718.6858316221768,3.8961038961038965,148,154,6,0,148,153,21229,0,0,0,0,1
2020-08-31,US,Texas,Lavaca,682,30,0,29.38508402,-96.93186692,48285.0,3383.943634018061,4.3988269794721395,652,682,30,0,652,682,20110,0,0,0,0,0
2020-08-31,US,Texas,Lee,196,14,0,30.31120597,-96.97045773,48287.0,1136.9569000522072,7.142857142857142,182,197,14,0,183,196,17144,-1,0,0,-1,1
2020-08-31,US,Texas,Leon,188,4,0,31.29872538,-95.9936328,48289.0,1080.2114456446793,2.127659574468085,184,188,4,0,184,186,17270,0,0,0,0,2
2020-08-31,US,Texas,Liberty,1826,43,0,30.15152688,-94.81205615,48291.0,2069.848898763305,2.354874041621029,1783,1826,43,0,1783,1786,86323,0,0,0,0,40
2020-08-31,US,Texas,Limestone,455,7,0,31.5454767,-96.58095444,48293.0,1941.3747493279852,1.5384615384615383,448,457,7,0,450,433,23519,-2,0,0,-2,24
2020-08-31,US,Texas,Lipscomb,25,0,0,36.27783108,-100.27331509999999,48295.0,773.2755954222084,0.0,25,25,0,0,25,25,3355,0,0,0,0,0
2020-08-31,US,Texas,Live Oak,330,6,0,28.35101362,-98.1246786,48297.0,2703.366920619317,1.818181818181818,324,330,6,0,324,330,12166,0,0,0,0,0
2020-08-31,US,Texas,Llano,101,1,0,30.70645047,-98.68475262,48299.0,463.4090387703602,0.99009900990099,100,101,1,0,100,101,21646,0,0,0,0,0
2020-08-31,US,Texas,Lubbock,7397,93,0,33.61008596,-101.82047890000001,48303.0,2381.7573550483144,1.2572664593754224,7304,7344,93,0,7251,7242,307412,53,0,0,53,102
2020-08-31,US,Texas,Lynn,79,4,0,33.17657705,-101.8162849,48305.0,1327.5079818517895,5.063291139240507,75,79,4,0,75,79,5877,0,0,0,0,0
2020-08-31,US,Texas,Madison,692,5,0,30.96694679,-95.93003775,48313.0,4844.581349761971,0.7225433526011561,687,830,5,0,825,830,14422,-138,0,0,-138,0
2020-08-31,US,Texas,Marion,140,10,0,32.79868409,-94.35661230000001,48315.0,1420.7428455449563,7.142857142857142,130,140,10,0,130,140,9928,0,0,0,0,0
2020-08-31,US,Texas,Martin,71,5,0,32.30600051,-101.9513518,48317.0,1230.2893779241033,7.042253521126762,66,71,5,0,66,71,5753,0,0,0,0,0
2020-08-31,US,Texas,Mason,73,1,0,30.71780434,-99.22629416,48319.0,1708.0018717828732,1.3698630136986298,72,73,1,0,72,73,4280,0,0,0,0,0
2020-08-31,US,Texas,Matagorda,913,38,0,28.81955746,-96.01230294,48321.0,2491.608219850995,4.162102957283681,875,913,38,0,875,903,36552,0,0,0,0,10
2020-08-31,US,Texas,Maverick,3258,82,0,28.7429195,-100.3157686,48323.0,5548.176152038418,2.5168815224063845,3176,3258,82,0,3176,3258,58485,0,0,0,0,0
2020-08-31,US,Texas,McCulloch,109,1,0,31.1925468,-99.34682807,48307.0,1365.2304609218436,0.9174311926605504,108,109,1,0,108,108,7987,0,0,0,0,1
2020-08-31,US,Texas,McLennan,6264,81,0,31.55255453,-97.20217694,48309.0,2440.934756432588,1.293103448275862,6183,6228,81,0,6147,6162,254607,36,0,0,36,66
2020-08-31,US,Texas,McMullen,15,0,0,28.35251708,-98.56769164,48311.0,2018.8425302826377,0.0,15,15,0,0,15,11,749,0,0,0,0,4
2020-08-31,US,Texas,Medina,1111,36,0,29.355730100000002,-99.11030298,48325.0,2153.768610421836,3.2403240324032403,1075,1111,35,0,1076,1111,50921,0,1,0,-1,0
2020-08-31,US,Texas,Menard,20,0,0,30.88990665,-99.82047940000001,48327.0,935.4536950420952,0.0,20,20,0,0,20,20,2139,0,0,0,0,0
2020-08-31,US,Texas,Midland,3272,69,0,31.86904128,-102.03156820000001,48329.0,1850.3438291711907,2.10880195599022,3203,3239,67,0,3172,3239,172578,33,2,0,31,0
2020-08-31,US,Texas,Milam,430,5,0,30.78581830000001,-96.97718698,48331.0,1732.2644321798334,1.162790697674419,425,425,5,0,420,425,25131,5,0,0,5,0
2020-08-31,US,Texas,Mills,35,0,0,31.49557106,-98.59272068,48333.0,718.2433819002667,0.0,35,34,0,0,34,33,4921,1,0,0,1,1
2020-08-31,US,Texas,Mitchell,73,1,0,32.30623474,-100.9212058,48335.0,854.3007606787595,1.3698630136986298,72,73,1,0,72,73,8145,0,0,0,0,0
2020-08-31,US,Texas,Montague,122,3,0,33.67521893,-97.72500958,48337.0,615.6019779997981,2.459016393442623,119,122,3,0,119,122,19596,0,0,0,0,0
2020-08-31,US,Texas,Montgomery,8736,122,0,30.30079133,-95.50572772,48339.0,1438.2827536134055,1.3965201465201464,8614,8580,120,0,8460,8580,590925,156,2,0,154,0
2020-08-31,US,Texas,Moore,1118,18,0,35.83769242,-101.8930281,48341.0,5339.063992359122,1.6100178890876566,1100,1118,18,0,1100,1118,21485,0,0,0,0,0
2020-08-31,US,Texas,Morris,156,3,0,33.11304005,-94.73255695,48343.0,1259.2831772683244,1.9230769230769231,153,156,3,0,153,156,12339,0,0,0,0,0
2020-08-31,US,Texas,Motley,6,0,0,34.07408766,-100.77972199999999,48345.0,500.0,0.0,6,6,0,0,6,6,1234,0,0,0,0,0
2020-08-31,US,Texas,Nacogdoches,1338,48,0,31.62017125,-94.61803994,48347.0,2052.0213483835346,3.5874439461883414,1290,1338,48,0,1290,1338,65711,0,0,0,0,0
2020-08-31,US,Texas,Navarro,1074,17,0,32.04620681,-96.47428766,48349.0,2143.156466385968,1.5828677839851024,1057,1074,17,0,1057,1074,49565,0,0,0,0,0
2020-08-31,US,Texas,Newton,162,6,0,30.78548982,-93.74408813,48351.0,1191.6145641780067,3.703703703703704,156,162,6,0,156,162,13746,0,0,0,0,0
2020-08-31,US,Texas,Nolan,150,4,0,32.30365282,-100.4060208,48353.0,1019.4372706266141,2.6666666666666665,146,150,4,0,146,150,14751,0,0,0,0,0
2020-08-31,US,Texas,Nueces,18886,353,0,27.736286,-97.5433285,48355.0,5212.893395971228,1.8691093932013128,18533,18830,352,0,18478,18664,362265,56,1,0,55,166
2020-08-31,US,Texas,Ochiltree,109,3,0,36.27829105,-100.8158184,48357.0,1108.1740544936965,2.7522935779816518,106,109,3,0,106,109,9947,0,0,0,0,0
2020-08-31,US,Texas,Oldham,15,1,0,35.40425596,-102.6027606,48359.0,710.2272727272727,6.666666666666668,14,15,1,0,14,15,2131,0,0,0,0,0
2020-08-31,US,Texas,Orange,1782,35,0,30.11879481,-93.89412775,48361.0,2136.793131565063,1.9640852974186307,1747,1782,35,0,1747,1782,83572,0,0,0,0,0
2020-08-31,US,Texas,Palo Pinto,423,11,0,32.75310985,-98.31319001,48363.0,1449.1760594744596,2.600472813238771,412,423,11,0,412,423,28875,0,0,0,0,0
2020-08-31,US,Texas,Panola,315,21,0,32.163959600000005,-94.30552481,48365.0,1358.1098559972404,6.666666666666668,294,313,21,0,292,313,23148,2,0,0,2,0
2020-08-31,US,Texas,Parker,1645,25,0,32.77757172,-97.80500621,48367.0,1151.331905541791,1.5197568389057752,1620,1645,25,0,1620,1645,138371,0,0,0,0,0
2020-08-31,US,Texas,Parmer,385,7,0,34.52993409,-102.78446679999999,48369.0,4008.32899531494,1.818181818181818,378,385,7,0,378,385,9864,0,0,0,0,0
2020-08-31,US,Texas,Pecos,296,3,0,30.78097267,-102.72412609999999,48371.0,1870.6945585540038,1.0135135135135136,293,296,3,0,293,296,15673,0,0,0,0,0
2020-08-31,US,Texas,Polk,778,18,0,30.79472531,-94.82766240000001,48373.0,1515.0039919770995,2.3136246786632397,760,778,18,0,760,778,50031,0,0,0,0,0
2020-08-31,US,Texas,Potter,4055,51,0,35.40133773,-101.893964,48375.0,3453.562151343525,1.2577065351418002,4004,4034,51,0,3983,4034,119648,21,0,0,21,0
2020-08-31,US,Texas,Presidio,50,5,0,29.99954402,-104.24080790000001,48377.0,745.8233890214798,10.0,45,50,5,0,45,50,6948,0,0,0,0,0
2020-08-31,US,Texas,Rains,59,3,0,32.87109387,-95.79232691,48379.0,471.47195141441597,5.084745762711863,56,59,3,0,56,59,12159,0,0,0,0,0
2020-08-31,US,Texas,Randall,2168,29,0,34.96585996,-101.8971322,48381.0,1574.2885566359023,1.3376383763837638,2139,2168,29,0,2139,2168,136271,0,0,0,0,0
2020-08-31,US,Texas,Reagan,83,6,0,31.36607041,-101.52326590000001,48383.0,2156.404260846973,7.2289156626506035,77,83,6,0,77,83,3741,0,0,0,0,0
2020-08-31,US,Texas,Real,104,5,0,29.83321503,-99.82018052,48385.0,3012.746234067208,4.807692307692308,99,104,5,0,99,104,3478,0,0,0,0,0
2020-08-31,US,Texas,Red River,145,14,0,33.61886692,-95.04841765,48387.0,1206.0217915661653,9.655172413793103,131,145,14,0,131,145,12175,0,0,0,0,0
2020-08-31,US,Texas,Reeves,169,5,0,31.32323325,-103.69038959999999,48389.0,1057.836755132699,2.9585798816568047,164,169,5,0,164,169,15695,0,0,0,0,0
2020-08-31,US,Texas,Refugio,266,10,0,28.323897600000002,-97.15766311,48391.0,3828.439838802533,3.7593984962406015,256,266,10,0,256,263,7032,0,0,0,0,3
2020-08-31,US,Texas,Roberts,8,0,0,35.83809685,-100.813175,48393.0,936.768149882904,0.0,8,8,0,0,8,8,903,0,0,0,0,0
2020-08-31,US,Texas,Robertson,248,4,0,31.02539637,-96.51272246,48395.0,1452.500878528757,1.6129032258064515,244,248,4,0,244,248,17284,0,0,0,0,0
2020-08-31,US,Texas,Rockwall,1316,21,0,32.89779518,-96.40771592,48397.0,1254.3487585188009,1.5957446808510638,1295,1316,21,0,1295,1316,100657,0,0,0,0,0
2020-08-31,US,Texas,Runnels,191,3,0,31.8314342,-99.97616148,48399.0,1860.8729540140296,1.5706806282722514,188,191,3,0,188,191,10234,0,0,0,0,0
2020-08-31,US,Texas,Rusk,705,4,0,32.10773545,-94.76176432,48401.0,1295.8129618056832,0.5673758865248227,701,720,4,0,716,719,54450,-15,0,0,-15,1
2020-08-31,US,Texas,Sabine,72,6,0,31.34318809,-93.85440451,48403.0,682.9823562891291,8.333333333333334,66,72,6,0,66,72,10589,0,0,0,0,0
2020-08-31,US,Texas,San Augustine,190,12,0,31.39457611,-94.17000399,48405.0,2306.6650479543523,6.315789473684211,178,188,12,0,176,188,8232,2,0,0,2,0
2020-08-31,US,Texas,San Jacinto,202,8,0,30.57933681,-95.16260304,48407.0,699.9549533940884,3.96039603960396,194,202,8,0,194,201,28719,0,0,0,0,1
2020-08-31,US,Texas,San Patricio,1257,59,0,28.00880118,-97.51763891,48409.0,1883.710475048704,4.6937151949085125,1198,1257,59,0,1198,1257,66893,0,0,0,0,0
2020-08-31,US,Texas,San Saba,38,0,0,31.1577796,-98.81758731,48411.0,627.5805119735755,0.0,38,38,0,0,38,38,6054,0,0,0,0,0
2020-08-31,US,Texas,Schleicher,38,2,0,30.89740592,-100.5384842,48413.0,1360.544217687075,5.2631578947368425,36,38,2,0,36,38,2895,0,0,0,0,0
2020-08-31,US,Texas,Scurry,546,2,0,32.74613808,-100.91626640000001,48415.0,3268.8738549961085,0.3663003663003663,544,546,2,0,544,546,16866,0,0,0,0,0
2020-08-31,US,Texas,Shackelford,23,0,0,32.73587756,-99.35401337,48417.0,704.4410413476262,0.0,23,23,0,0,23,23,3253,0,0,0,0,0
2020-08-31,US,Texas,Shelby,436,19,0,31.79211404,-94.14550696,48419.0,1725.092980929018,4.357798165137615,417,436,19,0,417,436,25418,0,0,0,0,0
2020-08-31,US,Texas,Sherman,53,0,0,36.27751473,-101.8933156,48421.0,1753.8054268696228,0.0,53,53,0,0,53,53,3079,0,0,0,0,0
2020-08-31,US,Texas,Smith,3207,58,0,32.37474036,-95.27175679999999,48423.0,1377.8673346194,1.8085438104147176,3149,3207,58,0,3149,3207,230221,0,0,0,0,0
2020-08-31,US,Texas,Somervell,118,4,0,32.22236802,-97.77403489,48425.0,1292.7256792287467,3.3898305084745757,114,118,4,0,114,118,9016,0,0,0,0,0
2020-08-31,US,Texas,Starr,2782,134,0,26.56150059,-98.73892358,48427.0,4304.302755558307,4.8166786484543485,2648,2782,134,0,2648,2780,64525,0,0,0,0,2
2020-08-31,US,Texas,Stephens,110,3,0,32.73553157,-98.83631615,48429.0,1174.4608157164212,2.727272727272727,107,110,3,0,107,110,9433,0,0,0,0,0
2020-08-31,US,Texas,Sterling,3,0,0,31.82781912,-101.05007459999999,48431.0,232.3780015491867,0.0,3,2,0,0,2,2,1311,1,0,0,1,0
2020-08-31,US,Texas,Stonewall,10,1,0,33.17906744,-100.25384009999999,48433.0,740.7407407407408,10.0,9,10,1,0,9,10,1362,0,0,0,0,0
2020-08-31,US,Texas,Sutton,76,2,0,30.49856623,-100.5382014,48435.0,2012.71186440678,2.631578947368421,74,76,2,0,74,76,3758,0,0,0,0,0
2020-08-31,US,Texas,Swisher,93,3,0,34.53028891,-101.73491740000001,48437.0,1257.2664593754225,3.2258064516129035,90,93,3,0,90,93,7462,0,0,0,0,0
2020-08-31,US,Texas,Tarrant,41617,610,0,32.77143818,-97.29101614,48439.0,1979.3913479808703,1.4657471706273881,41007,41486,552,0,40934,41272,2084931,131,58,0,73,214
2020-08-31,US,Texas,Taylor,1317,34,0,32.30163422,-99.89007449,48441.0,954.1127548285208,2.5816249050873195,1283,1317,34,0,1283,1306,137640,0,0,0,0,11
2020-08-31,US,Texas,Terrell,3,0,0,30.22429013,-102.0766732,48443.0,386.59793814432993,0.0,3,3,0,0,3,3,823,0,0,0,0,0
2020-08-31,US,Texas,Terry,199,3,0,33.17402785,-102.3354521,48445.0,1613.0339628759018,1.5075376884422111,196,199,3,0,196,199,12287,0,0,0,0,0
2020-08-31,US,Texas,Throckmorton,4,2,0,33.17751417,-99.21226795,48447.0,266.4890073284477,50.0,2,4,2,0,2,4,1515,0,0,0,0,0
2020-08-31,US,Texas,Titus,1502,24,0,33.21339719,-94.96797273,48449.0,4586.259541984733,1.5978695073235685,1478,1487,24,0,1463,1487,33033,15,0,0,15,0
2020-08-31,US,Texas,Tom Green,3233,52,0,31.40464436,-100.46244300000001,48451.0,2712.248322147651,1.6084132384781935,3181,3217,52,0,3165,3207,118189,16,0,0,16,10
2020-08-31,US,Texas,Travis,26516,385,0,30.33432034,-97.78535620000001,48453.0,2081.3938336863025,1.4519535374868004,26131,26434,380,0,26054,26316,1248743,82,5,0,77,118
2020-08-31,US,Texas,Trinity,178,6,0,31.0879489,-95.1367187,48455.0,1214.9341341887925,3.3707865168539324,172,178,6,0,172,177,14740,0,0,0,0,1
2020-08-31,US,Texas,Tyler,175,3,0,30.77031716,-94.37690895,48457.0,807.4935400516797,1.7142857142857142,172,175,3,0,172,175,21696,0,0,0,0,0
2020-08-31,US,Texas,Upshur,327,6,0,32.73706798,-94.93999853,48459.0,783.1772567240677,1.834862385321101,321,327,6,0,321,324,41260,0,0,0,0,3
2020-08-31,US,Texas,Upton,19,1,0,31.36868194,-102.0423217,48461.0,519.5515449822259,5.2631578947368425,18,19,1,0,18,19,3671,0,0,0,0,0
2020-08-31,US,Texas,Uvalde,700,18,0,29.35739637,-99.76229172,48463.0,2617.703152462511,2.571428571428572,682,689,18,0,671,689,26846,11,0,0,11,0
2020-08-31,US,Texas,Val Verde,1912,86,0,29.89149232,-101.1525205,48465.0,3900.0509943906172,4.497907949790795,1826,1912,86,0,1826,1912,49208,0,0,0,0,0
2020-08-31,US,Texas,Van Zandt,516,18,0,32.56483801,-95.83766469,48467.0,911.8218766566533,3.4883720930232562,498,516,18,0,498,516,56019,0,0,0,0,0
2020-08-31,US,Texas,Victoria,3768,75,0,28.79780988,-96.96813006,48469.0,4091.9160766256896,1.9904458598726116,3693,3768,75,0,3693,3768,92035,0,0,0,0,0
2020-08-31,US,Texas,Walker,3647,48,0,30.73872995,-95.57440968,48471.0,4997.875868495704,1.3161502604880724,3599,3647,48,0,3599,3627,72480,0,0,0,0,20
2020-08-31,US,Texas,Waller,668,8,0,30.01058447,-95.99011759,48473.0,1209.1373131086416,1.1976047904191616,660,668,8,0,660,661,53126,0,0,0,0,7
2020-08-31,US,Texas,Ward,106,1,0,31.50999644,-103.09279090000001,48475.0,883.4805800966827,0.9433962264150944,105,106,1,0,105,106,11720,0,0,0,0,0
2020-08-31,US,Texas,Washington,565,45,0,30.21498498,-96.40946246,48477.0,1574.605651858871,7.9646017699115035,520,564,45,0,519,564,35108,1,0,0,1,0
2020-08-31,US,Texas,Webb,10845,244,0,27.7610369,-99.33237355,48479.0,3920.0873299307427,2.2498847395112955,10601,10814,243,0,10571,10733,275910,31,1,0,30,81
2020-08-31,US,Texas,Wharton,1198,43,0,29.27765923,-96.22319248,48481.0,2882.8568678409856,3.5893155258764606,1155,1198,43,0,1155,1188,41619,0,0,0,0,10
2020-08-31,US,Texas,Wheeler,42,0,0,35.40114335,-100.26995140000001,48483.0,830.6962025316458,0.0,42,42,0,0,42,42,5191,0,0,0,0,0
2020-08-31,US,Texas,Wichita,1295,14,0,33.98842886,-98.70410340000001,48485.0,979.3541556379035,1.0810810810810811,1281,1295,14,0,1281,1295,132064,0,0,0,0,0
2020-08-31,US,Texas,Wilbarger,103,2,0,34.07945812,-99.24178437,48487.0,806.6410838750097,1.9417475728155342,101,103,2,0,101,103,12820,0,0,0,0,0
2020-08-31,US,Texas,Willacy,864,42,0,26.47411727,-97.61535848,48489.0,4045.3225957486657,4.861111111111111,822,864,42,0,822,834,21515,0,0,0,0,30
2020-08-31,US,Texas,Williamson,7949,123,0,30.64655664,-97.60048540000001,48491.0,1346.031079449531,1.5473644483582842,7826,7893,123,0,7770,7893,566719,56,0,0,56,0
2020-08-31,US,Texas,Wilson,539,25,0,29.1732598,-98.08693082,48493.0,1055.4141374583903,4.638218923933209,514,539,25,0,514,539,50224,0,0,0,0,0
2020-08-31,US,Texas,Winkler,93,1,0,31.85008651,-103.04851629999999,48495.0,1161.0486891385767,1.075268817204301,92,93,1,0,92,93,7720,0,0,0,0,0
2020-08-31,US,Texas,Wise,646,12,0,33.21570665,-97.65460265,48497.0,923.0681298582532,1.8575851393188851,634,646,12,0,634,646,68305,0,0,0,0,0
2020-08-31,US,Texas,Wood,398,15,0,32.78722382,-95.38236368,48499.0,873.9761523090099,3.768844221105528,383,398,15,0,383,398,45129,0,0,0,0,0
2020-08-31,US,Texas,Yoakum,145,4,0,33.17320212,-102.82764329999999,48501.0,1664.179960977849,2.7586206896551726,141,145,4,0,141,145,8591,0,0,0,0,0
2020-08-31,US,Texas,Young,244,6,0,33.17659707,-98.68790885,48503.0,1354.8028872848415,2.459016393442623,238,244,6,0,238,244,18045,0,0,0,0,0
2020-08-31,US,Texas,Zapata,276,4,0,27.00156391,-99.16987152,48505.0,1946.540658720644,1.4492753623188406,272,272,4,0,268,272,14190,4,0,0,4,0
2020-08-31,US,Texas,Zavala,261,10,0,28.86617238,-99.76050829,48507.0,2204.391891891892,3.8314176245210727,251,261,10,0,251,261,11983,0,0,0,0,0
2020-08-31,US,Utah,Bear River,2577,11,0,41.52106798,-113.08328159999999,0.0,1379.4174008928476,0.42685292976329053,2566,2568,11,0,2557,2550,,9,0,0,9,18
2020-08-31,US,Utah,Central Utah,511,3,0,39.37231946,-111.5758676,0.0,623.5205115064548,0.5870841487279843,508,510,3,0,507,506,,1,0,0,1,4
2020-08-31,US,Utah,Davis,3892,23,0,40.99001837,-112.1139997,49011.0,1094.8545773191818,0.590955806783145,3869,3870,23,0,3847,3841,351713,22,0,0,22,29
2020-08-31,US,Utah,Salt Lake,23987,230,0,40.66616532,-111.92160109999999,49035.0,2067.0661138864066,0.9588527118856048,23757,23862,230,0,23632,23708,1152633,125,0,0,125,154
2020-08-31,US,Utah,San Juan,667,28,0,37.62762978,-109.80337140000002,49037.0,4357.198850274366,4.197901049475262,639,666,28,0,638,664,15449,1,0,0,1,2
2020-08-31,US,Utah,Southeast Utah,143,1,0,38.99617072,-110.70139579999999,0.0,355.4649630863308,0.6993006993006993,142,142,1,0,141,141,,1,0,0,1,1
2020-08-31,US,Utah,Southwest Utah,3598,27,0,37.85447192,-111.4418764,0.0,1427.5398544686996,0.7504168982768205,3571,3583,27,0,3556,3565,,15,0,0,15,18
2020-08-31,US,Utah,Summit,847,1,0,40.86688146,-110.9535882,49043.0,2009.728318899039,0.1180637544273908,846,841,1,0,840,839,41933,6,0,0,6,2
2020-08-31,US,Utah,Tooele,692,0,0,40.44862644,-113.12957150000001,49045.0,957.6661730718663,0.0,692,689,0,0,689,675,69907,3,0,0,3,14
2020-08-31,US,Utah,TriCounty,207,1,0,40.12491499,-109.5174415,0.0,365.5822825050333,0.4830917874396135,206,207,1,0,206,204,,0,0,0,0,3
2020-08-31,US,Utah,Utah,11001,46,0,40.116672200000004,-111.66576620000001,49049.0,1729.078092214355,0.4181438051086265,10955,10947,46,0,10901,10774,622213,54,0,0,54,173
2020-08-31,US,Utah,Wasatch,639,7,0,40.33110236,-111.1691419,49051.0,1874.3950016133288,1.0954616588419406,632,633,7,0,626,629,33240,6,0,0,6,4
2020-08-31,US,Utah,Weber-Morgan,3346,29,0,41.27116049,-111.9145117,0.0,1228.6248287966748,0.8667065152420801,3317,3336,29,0,3307,3310,,10,0,0,10,26
2020-08-31,US,Vermont,Addison,81,2,0,44.03217337,-73.14130877,50001.0,220.24634962068683,2.469135802469136,79,81,2,0,79,81,36973,0,0,0,0,0
2020-08-31,US,Vermont,Bennington,102,1,0,43.03519828,-73.09048868,50003.0,287.56695799266987,0.9803921568627452,101,102,1,0,101,100,35631,0,0,0,0,2
2020-08-31,US,Vermont,Caledonia,33,0,0,44.46548598,-72.10314651,50005.0,110.02567265695328,0.0,33,34,0,0,34,33,30302,-1,0,0,-1,1
2020-08-31,US,Vermont,Chittenden,797,39,0,44.46322849,-73.08359212,50007.0,486.64623200263776,4.893350062735257,758,789,39,0,750,787,164572,8,0,0,8,2
2020-08-31,US,Vermont,Essex,6,0,0,44.72736416,-71.73579864,50009.0,97.35518416355671,0.0,6,6,0,0,6,6,6250,0,0,0,0,0
2020-08-31,US,Vermont,Franklin,122,7,0,44.85627605,-72.91249563,50011.0,246.9535646330108,5.737704918032787,115,122,7,0,115,122,49421,0,0,0,0,0
2020-08-31,US,Vermont,Grand Isle,13,0,0,44.797582399999996,-73.29679772,50013.0,179.68210089841045,0.0,13,13,0,0,13,13,7090,0,0,0,0,0
2020-08-31,US,Vermont,Lamoille,45,1,0,44.60353043,-72.64356694,50015.0,177.43080198722495,2.2222222222222223,44,45,1,0,44,45,25300,0,0,0,0,0
2020-08-31,US,Vermont,Orange,20,0,0,44.00470222,-72.37640104,50017.0,69.22331441229406,0.0,20,20,0,0,20,20,28999,0,0,0,0,0
2020-08-31,US,Vermont,Orleans,15,0,0,44.82964024,-72.24562697,50019.0,55.479528054148034,0.0,15,15,0,0,15,15,26907,0,0,0,0,0
2020-08-31,US,Vermont,Rutland,118,1,0,43.57723578,-73.03741676,50021.0,202.78049870254847,0.8474576271186439,117,117,1,0,116,112,58672,1,0,0,1,5
2020-08-31,US,Vermont,Unassigned,8,0,0,0.0,0.0,90050.0,0.0,0.0,8,8,0,0,8,8,,0,0,0,0,0
2020-08-31,US,Vermont,Washington,62,2,0,44.27343241,-72.61604978,50023.0,106.14802513311304,3.2258064516129035,60,62,2,0,60,62,58140,0,0,0,0,0
2020-08-31,US,Vermont,Windham,123,3,0,42.986982,-72.71268875,50025.0,291.3173227227512,2.4390243902439024,120,123,3,0,120,123,42756,0,0,0,0,0
2020-08-31,US,Vermont,Windsor,79,2,0,43.58010937,-72.58595157,50027.0,143.47462860048668,2.5316455696202533,77,79,2,0,77,78,55286,0,0,0,0,1
2020-08-31,US,Virginia,Accomack,1145,19,0,37.76707161,-75.63234615,51001.0,3543.1365267978717,1.6593886462882097,1126,1143,19,0,1124,1143,32412,2,0,0,2,0
2020-08-31,US,Virginia,Albemarle,1034,18,0,38.02080697,-78.55481085,51003.0,945.7605414799233,1.7408123791102514,1016,1027,18,0,1009,1022,108718,7,0,0,7,5
2020-08-31,US,Virginia,Alexandria,3378,62,0,38.814003,-77.08183073,51510.0,2118.8247986551924,1.8354055654233277,3316,3369,62,0,3307,3358,160530,9,0,0,9,11
2020-08-31,US,Virginia,Alleghany,65,4,0,37.78636074,-80.00222498,51005.0,437.41588156123817,6.153846153846153,61,64,4,0,60,64,14910,1,0,0,1,0
2020-08-31,US,Virginia,Amelia,98,3,0,37.34081025,-77.98584649,51007.0,745.5306200076076,3.0612244897959178,95,98,3,0,95,98,13013,0,0,0,0,0
2020-08-31,US,Virginia,Amherst,290,1,0,37.60308293,-79.14548696,51009.0,917.5763328587249,0.3448275862068966,289,286,1,0,285,282,31666,4,0,0,4,4
2020-08-31,US,Virginia,Appomattox,169,1,0,37.37569884,-78.81340003,51011.0,1062.1582552950788,0.591715976331361,168,166,1,0,165,163,15841,3,0,0,3,3
2020-08-31,US,Virginia,Arlington,3555,138,0,38.8767675,-77.10139853,51013.0,1501.0006671114074,3.881856540084388,3417,3540,137,0,3403,3513,237521,15,1,0,14,27
2020-08-31,US,Virginia,Augusta,364,4,0,38.16404586,-79.12461614,51015.0,481.7491198814157,1.0989010989010992,360,363,4,0,359,361,75457,1,0,0,1,2
2020-08-31,US,Virginia,Bath,4,0,0,38.05852573,-79.73912095,51017.0,96.45526886906195,0.0,4,4,0,0,4,4,4292,0,0,0,0,0
2020-08-31,US,Virginia,Bedford,546,8,0,37.3080028,-79.5281964,51019.0,691.1654872969859,1.465201465201465,538,537,8,0,529,533,78747,9,0,0,9,4
2020-08-31,US,Virginia,Bland,47,0,0,37.13128068,-81.13599391,51021.0,748.4076433121019,0.0,47,47,0,0,47,46,6293,0,0,0,0,1
2020-08-31,US,Virginia,Botetourt,249,8,0,37.55531756,-79.80982182,51023.0,745.0851312127832,3.21285140562249,241,248,8,0,240,246,33277,1,0,0,1,2
2020-08-31,US,Virginia,Bristol,121,2,0,36.616302399999995,-82.16359122,51520.0,721.8708984608043,1.6528925619834711,119,121,2,0,119,118,16482,0,0,0,0,3
2020-08-31,US,Virginia,Brunswick,293,2,0,36.76366949,-77.8593436,51025.0,1805.187603967716,0.6825938566552902,291,285,2,0,283,283,16384,8,0,0,8,2
2020-08-31,US,Virginia,Buchanan,99,1,0,37.26818323,-82.03749726,51027.0,471.33879261093125,1.0101010101010102,98,97,1,0,96,97,21221,2,0,0,2,0
2020-08-31,US,Virginia,Buckingham,644,8,0,37.57242268,-78.52518834,51029.0,3755.5400046652667,1.2422360248447204,636,644,8,0,636,644,16999,0,0,0,0,0
2020-08-31,US,Virginia,Buena Vista,75,1,0,37.73484642,-79.35296097,51530.0,1157.764742204384,1.3333333333333333,74,73,1,0,72,72,6237,2,0,0,2,1
2020-08-31,US,Virginia,Campbell,324,3,0,37.20553386,-79.09678609,51031.0,590.3252254714403,0.925925925925926,321,317,3,0,314,312,54973,7,0,0,7,5
2020-08-31,US,Virginia,Caroline,263,5,0,38.02679129,-77.34901405,51033.0,855.980471928397,1.9011406844106464,258,261,5,0,256,259,30772,2,0,0,2,2
2020-08-31,US,Virginia,Carroll,396,19,0,36.73066666,-80.73455942,51035.0,1329.2605149206136,4.797979797979798,377,395,19,0,376,394,29636,1,0,0,1,1
2020-08-31,US,Virginia,Charles City,70,5,0,37.35358063,-77.05634116,51036.0,1005.3138015223323,7.142857142857142,65,70,5,0,65,70,6941,0,0,0,0,0
2020-08-31,US,Virginia,Charlotte,69,0,0,37.01909701,-78.66314092,51037.0,580.8080808080807,0.0,69,69,0,0,69,69,11938,0,0,0,0,0
2020-08-31,US,Virginia,Charlottesville,681,18,0,38.03527919,-78.48569588,51540.0,1440.781957432404,2.643171806167401,663,674,18,0,656,648,48117,7,0,0,7,26
2020-08-31,US,Virginia,Chesapeake,3801,47,0,36.67670048,-76.30545744,51550.0,1552.4741152204547,1.2365167061299658,3754,3778,47,0,3731,3736,242634,23,0,0,23,42
2020-08-31,US,Virginia,Chesterfield,5046,82,0,37.37373208,-77.58680140000001,51041.0,1430.2640007709704,1.6250495441934203,4964,5027,82,0,4945,5013,348556,19,0,0,19,14
2020-08-31,US,Virginia,Clarke,81,0,0,39.11271747,-77.99199425,51043.0,554.0734660373487,0.0,81,80,0,0,80,79,14523,1,0,0,1,1
2020-08-31,US,Virginia,Colonial Heights,220,22,0,37.26420587,-77.39609676,51570.0,1266.551525618883,10.0,198,219,22,0,197,217,17833,1,0,0,1,2
2020-08-31,US,Virginia,Covington,25,0,0,37.7824656,-79.98631446,51580.0,451.4265077645359,0.0,25,23,0,0,23,23,5460,2,0,0,2,0
2020-08-31,US,Virginia,Craig,21,0,0,37.48133648,-80.21072274,51045.0,409.2769440654843,0.0,21,21,0,0,21,21,5064,0,0,0,0,0
2020-08-31,US,Virginia,Culpeper,1117,13,0,38.48199985,-77.95630870000002,51047.0,2123.372303013022,1.1638316920322291,1104,1113,13,0,1100,1111,51859,4,0,0,4,2
2020-08-31,US,Virginia,Cumberland,97,0,0,37.51328851,-78.24398086,51049.0,976.6411598872332,0.0,97,97,0,0,97,97,9809,0,0,0,0,0
2020-08-31,US,Virginia,Danville,606,16,0,36.58022376,-79.40395668,51590.0,1513.3353311357507,2.64026402640264,590,604,14,0,590,595,40693,2,2,0,0,9
2020-08-31,US,Virginia,Dickenson,67,1,0,37.12560977,-82.35124171,51051.0,467.9424500628579,1.492537313432836,66,65,1,0,64,64,14523,2,0,0,2,1
2020-08-31,US,Virginia,Dinwiddie,292,8,0,37.07544585,-77.63451754,51053.0,1022.9820627802693,2.7397260273972597,284,286,8,0,278,283,28529,6,0,0,6,3
2020-08-31,US,Virginia,Emporia,231,16,0,36.69455571,-77.53406129,51595.0,4320.987654320988,6.926406926406926,215,230,16,0,214,221,5121,1,0,0,1,9
2020-08-31,US,Virginia,Essex,128,2,0,37.93357639,-76.94230311,51057.0,1168.6295991965671,1.5625,126,122,2,0,120,121,10919,6,0,0,6,1
2020-08-31,US,Virginia,Fairfax,18417,558,0,38.83677558,-77.27565836,51059.0,1604.9225642509314,3.0298094152142037,17859,18310,555,0,17755,18192,1150795,107,3,0,104,118
2020-08-31,US,Virginia,Fairfax,18417,558,0,38.83677558,-77.27565836,51059.0,1604.9225642509314,3.0298094152142037,17859,18310,555,0,17755,18192,24574,107,3,0,104,118
2020-08-31,US,Virginia,Fairfax City,120,7,0,38.85157547,-77.29779640000002,51600.0,499.6044797868354,5.833333333333332,113,120,7,0,113,120,24574,0,0,0,0,0
2020-08-31,US,Virginia,Falls Church,66,7,0,38.88485255,-77.17560759,51610.0,451.5290415269892,10.606060606060606,59,66,7,0,59,66,14772,0,0,0,0,0
2020-08-31,US,Virginia,Fauquier,762,9,0,38.73564842,-77.80647472,51061.0,1069.894133835051,1.1811023622047243,753,756,9,0,747,748,70675,6,0,0,6,8
2020-08-31,US,Virginia,Floyd,153,2,0,36.9302126,-80.36738849,51063.0,971.4902533494188,1.30718954248366,151,153,2,0,151,148,15795,0,0,0,0,5
2020-08-31,US,Virginia,Fluvanna,226,9,0,37.84157909,-78.27715475,51065.0,828.7495416208287,3.9823008849557517,217,225,9,0,216,223,26783,1,0,0,1,2
2020-08-31,US,Virginia,Franklin,194,1,0,36.99536167,-79.88023649,51067.0,346.1689447200313,0.5154639175257731,193,194,1,0,193,194,56195,0,0,0,0,0
2020-08-31,US,Virginia,Franklin,194,1,0,36.99536167,-79.88023649,51067.0,346.1689447200313,0.5154639175257731,193,194,1,0,193,194,8013,0,0,0,0,0
2020-08-31,US,Virginia,Franklin City,298,6,0,36.6831435,-76.93859681,51620.0,3740.42927074181,2.0134228187919465,292,298,6,0,292,294,8013,0,0,0,0,4
2020-08-31,US,Virginia,Frederick,764,10,0,39.20172582,-78.25974949,51069.0,855.4185840807048,1.3089005235602094,754,763,10,0,753,762,88355,1,0,0,1,1
2020-08-31,US,Virginia,Fredericksburg,481,5,0,38.2977863,-77.4922454,51630.0,1656.5642650502825,1.0395010395010396,476,479,5,0,474,476,29144,2,0,0,2,3
2020-08-31,US,Virginia,Galax,396,28,0,36.66601852,-80.91703124,51640.0,6239.168110918544,7.070707070707071,368,396,28,0,368,396,6423,0,0,0,0,0
2020-08-31,US,Virginia,Giles,43,0,0,37.31234791,-80.70636931,51071.0,257.1770334928229,0.0,43,41,0,0,41,41,16844,2,0,0,2,0
2020-08-31,US,Virginia,Gloucester,201,2,0,37.40809042,-76.53524337,51073.0,538.1814287244297,0.9950248756218906,199,201,2,0,199,201,37349,0,0,0,0,0
2020-08-31,US,Virginia,Goochland,220,7,0,37.71714806,-77.90381514,51075.0,926.1987959415652,3.1818181818181817,213,219,7,0,212,217,23244,1,0,0,1,2
2020-08-31,US,Virginia,Grayson,194,6,0,36.65677234,-81.23215889,51077.0,1247.588424437299,3.0927835051546397,188,190,6,0,184,189,15631,4,0,0,4,1
2020-08-31,US,Virginia,Greene,199,3,0,38.29545894,-78.46525378,51079.0,1004.0869872344721,1.5075376884422111,196,199,3,0,196,199,19779,0,0,0,0,0
2020-08-31,US,Virginia,Greensville,709,11,0,36.67878901,-77.56351439,51081.0,6254.4107268877915,1.5514809590973202,698,706,11,0,695,704,11627,3,0,0,3,2
2020-08-31,US,Virginia,Halifax,210,2,0,36.76654925,-78.93512622,51083.0,619.2680841025036,0.9523809523809524,208,205,2,0,203,204,34120,5,0,0,5,1
2020-08-31,US,Virginia,Hampton,1554,16,0,37.03513786,-76.35879121,51650.0,1155.3044383317226,1.0296010296010296,1538,1542,16,0,1526,1529,134313,12,0,0,12,13
2020-08-31,US,Virginia,Hanover,794,35,0,37.7583355,-77.49464673,51085.0,736.7815451997847,4.408060453400504,759,787,35,0,752,779,107239,7,0,0,7,8
2020-08-31,US,Virginia,Harrisonburg,1346,33,0,38.43542574,-78.87536254,51660.0,2538.856194356421,2.4517087667161963,1313,1285,32,0,1253,1240,54033,61,1,0,60,45
2020-08-31,US,Virginia,Henrico,4608,192,0,37.53460572,-77.39326555,51087.0,1392.9109056943696,4.166666666666667,4416,4579,192,0,4387,4553,329261,29,0,0,29,26
2020-08-31,US,Virginia,Henry,844,16,0,36.68542395,-79.87634026,51089.0,1669.4028522262,1.895734597156398,828,844,16,0,828,835,50953,0,0,0,0,9
2020-08-31,US,Virginia,Highland,6,0,0,38.35799465,-79.56124594,51091.0,273.97260273972597,0.0,6,6,0,0,6,6,2210,0,0,0,0,0
2020-08-31,US,Virginia,Hopewell,350,4,0,37.29186313,-77.29754684,51670.0,1553.5531981002264,1.1428571428571428,346,348,4,0,344,342,22596,2,0,0,2,6
2020-08-31,US,Virginia,Isle of Wight,552,11,0,36.90579348,-76.70842863,51093.0,1487.5097685197659,1.9927536231884055,541,546,11,0,535,538,36953,6,0,0,6,8
2020-08-31,US,Virginia,James City,743,18,0,37.31156958,-76.76950618,51095.0,970.9499104844297,2.4226110363391657,725,735,18,0,717,734,76397,8,0,0,8,1
2020-08-31,US,Virginia,King George,201,4,0,38.26818502,-77.15852768,51099.0,748.9938888060814,1.9900497512437807,197,201,4,0,197,201,26575,0,0,0,0,0
2020-08-31,US,Virginia,King William,115,2,0,37.70965316,-77.09384941,51101.0,670.6321436902263,1.7391304347826086,113,114,2,0,112,113,16939,1,0,0,1,1
2020-08-31,US,Virginia,King and Queen,49,1,0,37.71044922,-76.88689628,51097.0,697.508896797153,2.0408163265306123,48,49,1,0,48,49,7042,0,0,0,0,0
2020-08-31,US,Virginia,Lancaster,71,0,0,37.71889653,-76.46400482,51103.0,669.621805149486,0.0,71,69,0,0,69,68,10783,2,0,0,2,1
2020-08-31,US,Virginia,Lee,201,3,0,36.70586667,-83.12606515,51105.0,858.1308969815992,1.492537313432836,198,194,3,0,191,189,23541,7,0,0,7,5
2020-08-31,US,Virginia,Lexington,43,0,0,37.78258621,-79.44262866,51678.0,577.491270480795,0.0,43,43,0,0,43,42,7136,0,0,0,0,1
2020-08-31,US,Virginia,Loudoun,5979,118,0,39.08990083,-77.63481877,51107.0,1445.8163457771716,1.9735741762836596,5861,5945,118,0,5827,5924,406850,34,0,0,34,21
2020-08-31,US,Virginia,Louisa,250,2,0,37.97850256,-77.96274807,51109.0,665.0528051927322,0.8,248,248,2,0,246,248,36778,2,0,0,2,0
2020-08-31,US,Virginia,Lunenburg,93,2,0,36.94618528,-78.24133319,51111.0,762.5450967530337,2.150537634408602,91,93,2,0,91,93,12086,0,0,0,0,0
2020-08-31,US,Virginia,Lynchburg,986,5,0,37.40021399,-79.19888138,51680.0,1199.9805276993475,0.5070993914807302,981,980,5,0,975,968,82126,6,0,0,6,12
2020-08-31,US,Virginia,Madison,91,2,0,38.41531222,-78.28220331,51113.0,686.2227584646707,2.1978021978021984,89,91,2,0,89,89,13295,0,0,0,0,2
2020-08-31,US,Virginia,Manassas,1805,23,0,38.7464321,-77.48509905,51683.0,4393.330899354995,1.2742382271468145,1782,1795,23,0,1772,1790,41641,10,0,0,10,5
2020-08-31,US,Virginia,Manassas Park,565,7,0,38.77058531,-77.44399307,51685.0,3232.63531296487,1.2389380530973448,558,562,7,0,555,561,17307,3,0,0,3,1
2020-08-31,US,Virginia,Martinsville,327,6,0,36.68212094,-79.86352771,51690.0,2604.747490839573,1.834862385321101,321,326,6,0,320,325,12902,1,0,0,1,1
2020-08-31,US,Virginia,Mathews,23,0,0,37.44164146,-76.34098896,51115.0,260.3577088521621,0.0,23,23,0,0,23,23,8802,0,0,0,0,0
2020-08-31,US,Virginia,Mecklenburg,516,33,0,36.67882005,-78.36131056,51117.0,1686.9912054140646,6.395348837209302,483,506,33,0,473,506,30650,10,0,0,10,0
2020-08-31,US,Virginia,Middlesex,55,1,0,37.63191998,-76.55064617,51119.0,519.7505197505197,1.818181818181818,54,55,1,0,54,55,10769,0,0,0,0,0
2020-08-31,US,Virginia,Montgomery,493,4,0,37.17746986,-80.37868691,51121.0,500.3298320393769,0.8113590263691683,489,477,4,0,473,449,98985,16,0,0,16,28
2020-08-31,US,Virginia,Nelson,85,0,0,37.78790447,-78.88498513,51125.0,569.3235097119892,0.0,85,85,0,0,85,84,14836,0,0,0,0,1
2020-08-31,US,Virginia,New Kent,151,1,0,37.50694406,-76.99828634,51127.0,653.9344333290028,0.6622516556291391,150,150,1,0,149,150,22391,1,0,0,1,0
2020-08-31,US,Virginia,Newport News,2317,25,0,37.08166899,-76.51754109,51700.0,1292.788394476217,1.0789814415192058,2292,2300,24,0,2276,2273,178626,17,1,0,16,27
2020-08-31,US,Virginia,Norfolk,4394,52,0,36.89934014,-76.26420872,51710.0,1810.1523428166531,1.183431952662722,4342,4361,52,0,4309,4334,244076,33,0,0,33,27
2020-08-31,US,Virginia,Northampton,304,29,0,37.34062933,-75.87751591,51131.0,2596.071733561059,9.539473684210526,275,304,29,0,275,304,11735,0,0,0,0,0
2020-08-31,US,Virginia,Northumberland,89,4,0,37.89202088,-76.41949732,51133.0,735.841256717652,4.49438202247191,85,88,4,0,84,87,12147,1,0,0,1,1
2020-08-31,US,Virginia,Norton,26,0,0,36.93357076,-82.62750411,51720.0,653.1022356191911,0.0,26,26,0,0,26,26,3968,0,0,0,0,0
2020-08-31,US,Virginia,Nottoway,198,14,0,37.1435975,-78.05065922,51135.0,1299.8949579831933,7.070707070707071,184,198,14,0,184,198,15420,0,0,0,0,0
2020-08-31,US,Virginia,Orange,262,4,0,38.24530219,-78.01560400000002,51137.0,707.1334107041645,1.5267175572519085,258,262,4,0,258,260,36644,0,0,0,0,2
2020-08-31,US,Virginia,Page,361,25,0,38.61807452,-78.48797204,51139.0,1510.3338632750394,6.9252077562326875,336,360,25,0,335,360,23933,1,0,0,1,0
2020-08-31,US,Virginia,Patrick,224,11,0,36.680163799999995,-80.2865648,51141.0,1272.1490231712858,4.910714285714286,213,224,11,0,213,223,17673,0,0,0,0,1
2020-08-31,US,Virginia,Petersburg,631,20,0,37.20530399,-77.39368102,51730.0,2013.0160148025266,3.169572107765452,611,627,20,0,607,621,31567,4,0,0,4,6
2020-08-31,US,Virginia,Pittsylvania,770,4,0,36.81980341,-79.39731264,51143.0,1275.8060774762234,0.5194805194805194,766,768,4,0,764,723,60949,2,0,0,2,45
2020-08-31,US,Virginia,Poquoson,67,0,0,37.14259351,-76.35798148,51735.0,546.0027707603292,0.0,67,67,0,0,67,64,12190,0,0,0,0,3
2020-08-31,US,Virginia,Portsmouth,2213,34,0,36.85914825,-76.35971629,51740.0,2344.329329011208,1.5363759602349751,2179,2213,34,0,2179,2198,94632,0,0,0,0,15
2020-08-31,US,Virginia,Powhatan,189,4,0,37.55016038,-77.91267882,51145.0,637.3937677053824,2.1164021164021163,185,187,4,0,183,187,29189,2,0,0,2,0
2020-08-31,US,Virginia,Prince Edward,488,11,0,37.22554789,-78.43597949,51147.0,2140.1631435838963,2.2540983606557377,477,488,11,0,477,488,22950,0,0,0,0,0
2020-08-31,US,Virginia,Prince George,554,2,0,37.18497668,-77.22922187,51149.0,1444.4763121528956,0.36101083032490977,552,529,2,0,527,519,38082,25,0,0,25,10
2020-08-31,US,Virginia,Prince William,10836,185,0,38.70916224,-77.48713689,51153.0,2303.8897806882333,1.7072720561092654,10651,10767,184,0,10583,10722,468011,69,1,0,68,45
2020-08-31,US,Virginia,Pulaski,135,3,0,37.06474963,-80.71229738,51155.0,396.74376230640365,2.2222222222222223,132,132,3,0,129,130,34066,3,0,0,3,2
2020-08-31,US,Virginia,Radford,399,0,0,37.12222899,-80.56027320000003,51750.0,2186.4211737629457,0.0,399,384,0,0,384,334,18339,15,0,0,15,50
2020-08-31,US,Virginia,Rappahannock,53,2,0,38.68295619,-78.15826963,51157.0,719.1316146540026,3.7735849056603774,51,53,2,0,51,53,7252,0,0,0,0,0
2020-08-31,US,Virginia,Richmond,333,5,0,37.937575,-76.72920628,51159.0,3690.568547046437,1.5015015015015014,328,332,5,0,327,328,9038,1,0,0,1,4
2020-08-31,US,Virginia,Richmond City,3897,47,0,37.53255773,-77.47966921,51760.0,1691.1420090610845,1.206055940467026,3850,3879,47,0,3832,3831,228783,18,0,0,18,48
2020-08-31,US,Virginia,Roanoke,606,4,0,37.26865804,-80.06396753,51161.0,643.4077251396174,0.6600660066006601,602,590,4,0,586,589,94073,16,0,0,16,1
2020-08-31,US,Virginia,Roanoke City,1200,15,0,37.27791025,-79.96189766,51770.0,1210.3728957162887,1.25,1185,1189,15,0,1174,1186,99920,11,0,0,11,3
2020-08-31,US,Virginia,Rockbridge,85,1,0,37.81204314,-79.44605905,51163.0,376.5560625526071,1.1764705882352942,84,85,1,0,84,84,22752,0,0,0,0,1
2020-08-31,US,Virginia,Rockingham,1058,20,0,38.51006137,-78.87260325,51165.0,1291.0626250793187,1.8903591682419658,1038,1050,20,0,1030,1044,81244,8,0,0,8,6
2020-08-31,US,Virginia,Russell,187,4,0,36.93028320000001,-82.10095486,51167.0,703.3777175957271,2.1390374331550803,183,179,4,0,175,179,26748,8,0,0,8,0
2020-08-31,US,Virginia,Salem,212,3,0,37.2836193,-80.06219455,51775.0,837.9115449982214,1.4150943396226414,209,210,3,0,207,209,25643,2,0,0,2,1
2020-08-31,US,Virginia,Scott,153,4,0,36.71466456,-82.60171704,51169.0,709.4500602800705,2.6143790849673203,149,151,4,0,147,150,21534,2,0,0,2,1
2020-08-31,US,Virginia,Shenandoah,769,48,0,38.85905135,-78.56813762,51171.0,1763.1144534115922,6.24187256176853,721,766,48,0,718,765,43497,3,0,0,3,1
2020-08-31,US,Virginia,Smyth,273,3,0,36.84455636,-81.53344948,51173.0,906.8562317300026,1.0989010989010992,270,268,3,0,265,260,30472,5,0,0,5,8
2020-08-31,US,Virginia,Southampton,351,13,0,36.72231125,-77.10642712,51175.0,1990.8116385911176,3.703703703703704,338,344,13,0,331,342,17586,7,0,0,7,2
2020-08-31,US,Virginia,Spotsylvania,1801,38,0,38.18574462,-77.655399,51177.0,1322.1745035421945,2.109938922820655,1763,1793,38,0,1755,1781,134238,8,0,0,8,12
2020-08-31,US,Virginia,Stafford,1704,10,0,38.41758738,-77.45917053,51179.0,1114.585104852108,0.5868544600938967,1694,1691,10,0,1681,1681,149960,13,0,0,13,10
2020-08-31,US,Virginia,Staunton,170,0,0,38.15965544,-79.05979937,51790.0,681.8546446334028,0.0,170,170,0,0,170,170,24922,0,0,0,0,0
2020-08-31,US,Virginia,Suffolk,1635,61,0,36.70155394,-76.63603554,51800.0,1775.0901116081122,3.730886850152905,1574,1631,60,0,1571,1620,91185,4,1,0,3,11
2020-08-31,US,Virginia,Surry,68,3,0,37.11781893,-76.88450012,51181.0,1058.860168171909,4.411764705882354,65,66,3,0,63,65,6474,2,0,0,2,1
2020-08-31,US,Virginia,Sussex,339,9,0,36.92432914,-77.25791182,51183.0,3037.906622457209,2.6548672566371683,330,337,9,0,328,335,11237,2,0,0,2,2
2020-08-31,US,Virginia,Tazewell,195,1,0,37.12191123,-81.56685568,51185.0,480.3547234881143,0.5128205128205128,194,189,1,0,188,188,40855,6,0,0,6,1
2020-08-31,US,Virginia,Virginia Beach,6028,68,0,36.73285734,-76.04566934,51810.0,1339.632956570824,1.12806901128069,5960,5985,68,0,5917,5948,450189,43,0,0,43,37
2020-08-31,US,Virginia,Warren,391,6,0,38.90847745,-78.20280433,51187.0,973.5086146798128,1.5345268542199488,385,391,6,0,385,389,40003,0,0,0,0,2
2020-08-31,US,Virginia,Washington,368,9,0,36.72341572,-81.95666289,51191.0,684.7785634536658,2.4456521739130435,359,362,9,0,353,357,54402,6,0,0,6,5
2020-08-31,US,Virginia,Waynesboro,215,3,0,38.06451466,-78.90293905,51820.0,950.0662836942113,1.3953488372093024,212,215,3,0,212,214,22628,0,0,0,0,1
2020-08-31,US,Virginia,Westmoreland,223,3,0,38.11021557,-76.80213247,51193.0,1237.857341104635,1.345291479820628,220,223,3,0,220,223,17830,0,0,0,0,0
2020-08-31,US,Virginia,Williamsburg,155,6,0,37.28131268,-76.70905141,51830.0,1036.5119700414605,3.870967741935484,149,154,6,0,148,153,14896,1,0,0,1,1
2020-08-31,US,Virginia,Winchester,439,4,0,39.17054517,-78.17325058,51840.0,1563.501673908398,0.9111617312072892,435,438,4,0,434,436,28108,1,0,0,1,2
2020-08-31,US,Virginia,Wise,329,5,0,36.9746148,-82.62410519,51195.0,880.0791803761067,1.5197568389057752,324,328,5,0,323,321,38012,1,0,0,1,7
2020-08-31,US,Virginia,Wythe,160,3,0,36.91582035,-81.07834059,51197.0,557.8022590991493,1.875,157,159,3,0,156,154,28754,1,0,0,1,5
2020-08-31,US,Virginia,York,461,6,0,37.24374789,-76.54412815,51199.0,675.1611013473931,1.3015184381778742,455,454,5,0,449,451,67846,7,1,0,6,3
2020-08-31,US,Washington,Adams,634,7,0,46.98299757,-118.56017340000001,53001.0,3172.6967922734325,1.1041009463722398,627,625,7,0,618,620,19759,9,0,0,9,5
2020-08-31,US,Washington,Asotin,52,2,0,46.18894415,-117.2022851,53003.0,230.271897971836,3.8461538461538463,50,52,2,0,50,52,22610,0,0,0,0,0
2020-08-31,US,Washington,Benton,4159,122,0,46.23946995,-119.51208340000001,53005.0,2034.8353637653506,2.933397451310411,4037,4153,122,0,4031,4144,201877,6,0,0,6,9
2020-08-31,US,Washington,Chelan,1734,12,0,47.87046092,-120.6173956,53007.0,2246.1139896373056,0.6920415224913494,1722,1728,12,0,1716,1722,77036,6,0,0,6,6
2020-08-31,US,Washington,Clallam,209,1,0,48.04754642,-123.92263190000001,53009.0,270.26677529063375,0.4784688995215311,208,209,1,0,208,209,76737,0,0,0,0,0
2020-08-31,US,Washington,Clark,2183,55,0,45.77568046,-122.48292040000001,53011.0,447.11525660483255,2.5194686211635364,2128,2173,54,0,2119,2161,481857,10,1,0,9,12
2020-08-31,US,Washington,Columbia,13,1,0,46.29442881,-117.9051983,53013.0,326.2233375156838,7.6923076923076925,12,13,1,0,12,13,4059,0,0,0,0,0
2020-08-31,US,Washington,Cowlitz,542,6,0,46.19074721,-122.6782231,53015.0,490.085267602832,1.1070110701107012,536,539,6,0,533,537,108987,3,0,0,3,2
2020-08-31,US,Washington,Douglas,1154,8,0,47.7361335,-119.69293700000001,53017.0,2657.2106196320433,0.6932409012131716,1146,1152,8,0,1144,1150,42907,2,0,0,2,2
2020-08-31,US,Washington,Ferry,25,0,0,48.471143100000006,-118.5154041,53019.0,327.78287662252524,0.0,25,25,0,0,25,25,7649,0,0,0,0,0
2020-08-31,US,Washington,Franklin,3944,57,0,46.53351425,-118.9018212,53021.0,4141.899981096804,1.445233265720081,3887,3930,57,0,3873,3914,94347,14,0,0,14,16
2020-08-31,US,Washington,Garfield,4,0,0,46.43197502,-117.54540320000001,53023.0,179.77528089887642,0.0,4,4,0,0,4,4,2247,0,0,0,0,0
2020-08-31,US,Washington,Grant,2289,15,0,47.20753737,-119.4500749,53025.0,2342.0953004614607,0.6553079947575361,2274,2267,15,0,2252,2236,97331,22,0,0,22,31
2020-08-31,US,Washington,Grays Harbor,242,6,0,47.14003705,-123.7820567,53027.0,322.4044443852333,2.479338842975207,236,236,6,0,230,222,73901,6,0,0,6,14
2020-08-31,US,Washington,Island,270,11,0,48.14713305,-122.5216407,53029.0,317.1210110287641,4.0740740740740735,259,270,11,0,259,269,84460,0,0,0,0,1
2020-08-31,US,Washington,Jefferson,70,0,0,47.75003077,-123.56097040000002,53031.0,217.2496198131653,0.0,70,69,0,0,69,69,31729,1,0,0,1,0
2020-08-31,US,Washington,King,19643,723,0,47.49137892,-121.8346131,53033.0,871.944111769359,3.680700503996335,18920,19553,723,0,18830,19449,2233163,90,0,0,90,104
2020-08-31,US,Washington,Kitsap,999,9,0,47.63479026,-122.6436061,53035.0,367.9923970339592,0.9009009009009008,990,988,9,0,979,979,269805,11,0,0,11,9
2020-08-31,US,Washington,Kittitas,451,21,0,47.12521214,-120.67943899999999,53037.0,940.8574110775007,4.656319290465632,430,451,21,0,430,451,47364,0,0,0,0,0
2020-08-31,US,Washington,Klickitat,176,3,0,45.87325839,-120.7913598,53039.0,784.8383500557412,1.7045454545454546,173,175,3,0,172,174,22107,1,0,0,1,1
2020-08-31,US,Washington,Lewis,341,4,0,46.57756476,-122.39257690000001,53041.0,422.5160147199128,1.1730205278592376,337,338,4,0,334,335,79604,3,0,0,3,3
2020-08-31,US,Washington,Lincoln,31,1,0,47.57705241,-118.41943880000001,53043.0,283.3897065545296,3.2258064516129035,30,31,1,0,30,31,10740,0,0,0,0,0
2020-08-31,US,Washington,Mason,319,1,0,47.35007586,-123.1863685,53045.0,477.7737838485502,0.31347962382445144,318,313,1,0,312,311,65507,6,0,0,6,2
2020-08-31,US,Washington,Okanogan,996,7,0,48.54855019,-119.73872240000001,53047.0,2357.787088985157,0.7028112449799196,989,996,7,0,989,993,42132,0,0,0,0,3
2020-08-31,US,Washington,Pacific,60,3,0,46.55418369,-123.7285716,53049.0,267.01081393796454,5.0,57,60,3,0,57,60,22036,0,0,0,0,0
2020-08-31,US,Washington,Pend Oreille,53,0,0,48.53234021,-117.2741804,53051.0,386.1847857767415,0.0,53,53,0,0,53,52,13602,0,0,0,0,1
2020-08-31,US,Washington,Pierce,6794,169,0,47.03892768,-122.14059579999999,53053.0,750.7348228690138,2.4874889608478066,6625,6756,166,0,6590,6719,891299,38,3,0,35,37
2020-08-31,US,Washington,San Juan,29,0,0,48.60182783,-122.96745,53055.0,164.94141735866228,0.0,29,29,0,0,29,29,17128,0,0,0,0,0
2020-08-31,US,Washington,Skagit,1020,22,0,48.48171488,-121.766131,53057.0,789.4431330056888,2.156862745098039,998,1017,22,0,995,1011,128206,3,0,0,3,6
2020-08-31,US,Washington,Skamania,58,1,0,46.02408726,-121.91644029999999,53059.0,480.01324174459984,1.7241379310344829,57,58,1,0,57,58,11924,0,0,0,0,0
2020-08-31,US,Washington,Snohomish,6198,209,0,48.04615983,-121.7170703,53061.0,753.9384709329837,3.3720555017747658,5989,6178,209,0,5969,6159,814901,20,0,0,20,19
2020-08-31,US,Washington,Spokane,5307,135,0,47.62113146,-117.4046494,53063.0,1015.1148244637508,2.543810062182024,5172,5286,131,0,5155,5258,514631,21,4,0,17,28
2020-08-31,US,Washington,Stevens,126,1,0,48.40035475,-117.8542701,53065.0,275.5724689980973,0.7936507936507936,125,125,1,0,124,125,45260,1,0,0,1,0
2020-08-31,US,Washington,Thurston,925,13,0,46.9291895,-122.82906559999999,53067.0,318.3770685904673,1.4054054054054057,912,923,13,0,910,919,286419,2,0,0,2,4
2020-08-31,US,Washington,Unassigned,268,4,0,0.0,0.0,90053.0,0.0,1.492537313432836,264,281,4,0,277,267,,-13,0,0,-13,14
2020-08-31,US,Washington,Wahkiakum,6,0,0,46.29180039999999,-123.4250831,53069.0,133.6898395721925,0.0,6,6,0,0,6,6,4426,0,0,0,0,0
2020-08-31,US,Washington,Walla Walla,763,5,0,46.23040051,-118.4775539,53071.0,1255.7603686635946,0.6553079947575361,758,757,6,0,751,748,60922,6,-1,0,7,9
2020-08-31,US,Washington,Whatcom,1102,39,0,48.82227976,-121.74900179999999,53073.0,480.70421859391837,3.5390199637023594,1063,1088,39,0,1049,1081,225685,14,0,0,14,7
2020-08-31,US,Washington,Whitman,498,0,0,46.90022523,-117.52417630000001,53075.0,993.9326201500876,0.0,498,471,0,0,471,389,49791,27,0,0,27,82
2020-08-31,US,Washington,Yakima,10948,242,0,46.45738486,-120.73801259999999,53077.0,4363.961048020313,2.2104493971501644,10706,10942,239,0,10703,10928,251446,6,3,0,3,14
2020-08-31,US,West Virginia,Barbour,33,1,0,39.1307219,-80.00350858,54001.0,200.717717900371,3.0303030303030303,32,33,1,0,32,33,16535,0,0,0,0,0
2020-08-31,US,West Virginia,Berkeley,801,11,0,39.46704621,-78.02414609,54003.0,672.1433905899926,1.373283395755306,790,798,11,0,787,794,117123,3,0,0,3,4
2020-08-31,US,West Virginia,Boone,139,0,0,38.01974191,-81.69888019,54005.0,647.8072423917603,0.0,139,139,0,0,139,139,21951,0,0,0,0,0
2020-08-31,US,West Virginia,Braxton,9,0,0,38.70036159,-80.72011184,54007.0,64.48377158415133,0.0,9,9,0,0,9,9,14089,0,0,0,0,0
2020-08-31,US,West Virginia,Brooke,88,2,0,40.27367263,-80.57915332,54009.0,401.1121746661197,2.272727272727273,86,88,2,0,86,88,22203,0,0,0,0,0
2020-08-31,US,West Virginia,Cabell,541,8,0,38.42424062,-82.23855912,54011.0,588.3952362825603,1.478743068391867,533,530,8,0,522,524,93224,11,0,0,11,6
2020-08-31,US,West Virginia,Calhoun,10,0,0,38.84315422,-81.11934872,54013.0,140.66676044450696,0.0,10,9,0,0,9,9,7254,1,0,0,1,0
2020-08-31,US,West Virginia,Clay,27,2,0,38.46231092,-81.07652217,54015.0,317.3483779971791,7.407407407407407,25,26,2,0,24,20,8632,1,0,0,1,6
2020-08-31,US,West Virginia,Doddridge,6,0,0,39.27057157,-80.70671527,54017.0,71.02272727272727,0.0,6,6,0,0,6,6,8406,0,0,0,0,0
2020-08-31,US,West Virginia,Fayette,292,9,0,38.02974928,-81.08286634,54019.0,688.5818044616327,3.0821917808219177,283,268,9,0,259,247,43018,24,0,0,24,21
2020-08-31,US,West Virginia,Gilmer,18,0,0,38.9251277,-80.85952723,54021.0,230.09075802121947,0.0,18,18,0,0,18,18,8026,0,0,0,0,0
2020-08-31,US,West Virginia,Grant,141,6,0,39.10314817,-79.19440518,54023.0,1218.8796680497924,4.25531914893617,135,139,6,0,133,140,11626,2,0,0,2,-1
2020-08-31,US,West Virginia,Greenbrier,105,3,0,37.9463652,-80.45335881,54025.0,302.925393803012,2.8571428571428568,102,106,3,0,103,106,34786,-1,0,0,-1,0
2020-08-31,US,West Virginia,Hampshire,92,1,0,39.32103553,-78.60826476,54027.0,396.97950377562034,1.0869565217391304,91,92,1,0,91,91,23347,0,0,0,0,1
2020-08-31,US,West Virginia,Hancock,122,0,0,40.51943859,-80.57461608,54029.0,423.46407497396734,0.0,122,122,0,0,122,121,29094,0,0,0,0,1
2020-08-31,US,West Virginia,Hardy,73,0,0,39.00683177,-78.85855301,54031.0,529.9070847851335,0.0,73,73,0,0,73,72,13775,0,0,0,0,1
2020-08-31,US,West Virginia,Harrison,265,1,0,39.2853852,-80.37919577,54033.0,394.0168906863328,0.37735849056603776,264,265,1,0,264,263,67554,0,0,0,0,2
2020-08-31,US,West Virginia,Jackson,202,19,0,38.84263974,-81.68148753,54035.0,706.8868980963043,9.405940594059404,183,201,19,0,182,200,28706,1,0,0,1,1
2020-08-31,US,West Virginia,Jefferson,356,4,0,39.30776166,-77.86014147,54037.0,622.9657368844713,1.1235955056179776,352,355,4,0,351,352,56811,1,0,0,1,3
2020-08-31,US,West Virginia,Kanawha,1417,31,0,38.33860077,-81.52857054,54039.0,795.5132379690551,2.187720536344389,1386,1393,31,0,1362,1363,180454,24,0,0,24,30
2020-08-31,US,West Virginia,Lewis,32,2,0,38.9947249,-80.49988181,54041.0,201.16929653611615,6.25,30,32,2,0,30,32,16024,0,0,0,0,0
2020-08-31,US,West Virginia,Lincoln,115,1,0,38.172154,-82.07017953,54043.0,563.4768974472047,0.8695652173913043,114,115,1,0,114,113,20599,0,0,0,0,2
2020-08-31,US,West Virginia,Logan,484,27,0,37.8299889,-81.93528571,54045.0,1511.6024860239233,5.578512396694214,457,479,27,0,452,476,32607,5,0,0,5,3
2020-08-31,US,West Virginia,Marion,220,2,0,39.50984542,-80.24244659,54049.0,392.3526893993437,0.9090909090909092,218,217,2,0,215,216,56097,3,0,0,3,1
2020-08-31,US,West Virginia,Marshall,133,1,0,39.86064362,-80.66591062,54051.0,435.622809603354,0.7518796992481203,132,133,1,0,132,133,30785,0,0,0,0,0
2020-08-31,US,West Virginia,Mason,104,1,0,38.77071799,-82.02524219,54053.0,392.21602051591486,0.9615384615384616,103,102,1,0,101,102,26718,2,0,0,2,0
2020-08-31,US,West Virginia,McDowell,70,1,0,37.38002939,-81.65083669,54047.0,397.1856559237403,1.4285714285714286,69,70,1,0,69,71,18223,0,0,0,0,-1
2020-08-31,US,West Virginia,Mercer,310,23,0,37.40481169,-81.11023142,54055.0,527.587732734266,7.419354838709677,287,297,23,0,274,290,59131,13,0,0,13,7
2020-08-31,US,West Virginia,Mineral,145,4,0,39.41561583,-78.94104895,54057.0,539.6754503498586,2.7586206896551726,141,144,4,0,140,144,26940,1,0,0,1,0
2020-08-31,US,West Virginia,Mingo,243,5,0,37.73048351,-82.13338365,54059.0,1037.3975409836066,2.05761316872428,238,236,5,0,231,232,23785,7,0,0,7,4
2020-08-31,US,West Virginia,Monongalia,1126,5,0,39.63218457,-80.04766838,54061.0,1066.166723478393,0.4440497335701599,1121,1113,5,0,1108,1093,106420,13,0,0,13,20
2020-08-31,US,West Virginia,Monroe,123,4,0,37.56274716,-80.54577965,54063.0,926.5536723163842,3.2520325203252027,119,117,4,0,113,114,13280,6,0,0,6,3
2020-08-31,US,West Virginia,Morgan,38,0,0,39.55439028,-78.26311676,54065.0,212.48042943413105,0.0,38,37,0,0,37,37,17787,1,0,0,1,0
2020-08-31,US,West Virginia,Nicholas,52,2,0,38.29617706,-80.79759588,54067.0,212.2795558458524,3.8461538461538463,50,52,2,0,50,50,24842,0,0,0,0,2
2020-08-31,US,West Virginia,Ohio,293,5,0,40.0955451,-80.62203992,54069.0,707.5414744874548,1.706484641638225,288,290,5,0,285,290,41755,3,0,0,3,0
2020-08-31,US,West Virginia,Pendleton,44,1,0,38.68314479,-79.35084086,54071.0,631.3674845745444,2.272727272727273,43,44,1,0,43,44,6997,0,0,0,0,0
2020-08-31,US,West Virginia,Pleasants,15,2,0,39.37091679,-81.16771771,54073.0,201.07238605898124,13.333333333333336,13,15,2,0,13,15,7507,0,0,0,0,0
2020-08-31,US,West Virginia,Pocahontas,42,0,0,38.32758728,-80.00993811,54075.0,509.2761004001455,0.0,42,42,0,0,42,42,8414,0,0,0,0,0
2020-08-31,US,West Virginia,Preston,140,4,0,39.46770987,-79.66712803,54077.0,418.7604690117253,2.8571428571428568,136,140,4,0,136,139,33839,0,0,0,0,1
2020-08-31,US,West Virginia,Putnam,283,0,0,38.50782345,-81.9082131,54079.0,501.3286093888397,0.0,283,278,0,0,278,274,56682,5,0,0,5,4
2020-08-31,US,West Virginia,Raleigh,363,4,0,37.76936795,-81.2456041,54081.0,494.8133204291108,1.1019283746556474,359,356,3,0,353,346,74254,7,1,0,6,10
2020-08-31,US,West Virginia,Randolph,224,0,0,38.769899,-79.87919615,54083.0,780.6238020561074,0.0,224,223,0,0,223,222,28823,1,0,0,1,1
2020-08-31,US,West Virginia,Ritchie,5,0,0,39.18094587,-81.06356878,54085.0,52.33410090014655,0.0,5,5,0,0,5,5,9721,0,0,0,0,0
2020-08-31,US,West Virginia,Roane,31,1,0,38.71622686,-81.35243568,54087.0,226.4757451782584,3.2258064516129035,30,29,1,0,28,26,13932,2,0,0,2,3
2020-08-31,US,West Virginia,Summers,19,0,0,37.65390597,-80.86009693,54089.0,151.1174739521196,0.0,19,19,0,0,19,19,12760,0,0,0,0,0
2020-08-31,US,West Virginia,Taylor,105,4,0,39.33602617,-80.0421439,54091.0,628.9308176100631,3.809523809523809,101,105,4,0,101,105,16862,0,0,0,0,0
2020-08-31,US,West Virginia,Tucker,11,0,0,39.11240885,-79.57053576,54093.0,160.84222839596433,0.0,11,11,0,0,11,11,6955,0,0,0,0,0
2020-08-31,US,West Virginia,Tyler,15,0,0,39.46811972,-80.88772676,54095.0,174.60132697008495,0.0,15,15,0,0,15,15,8746,0,0,0,0,0
2020-08-31,US,West Virginia,Upshur,43,0,0,38.89285061,-80.23689136,54097.0,177.86234281932497,0.0,43,43,0,0,43,43,24415,0,0,0,0,0
2020-08-31,US,West Virginia,Wayne,248,10,0,38.14901357,-82.42287994,54099.0,629.4096746358052,4.032258064516129,238,248,10,0,238,246,39944,0,0,0,0,2
2020-08-31,US,West Virginia,Webster,7,0,0,38.49370949,-80.4202023,54101.0,86.27064333251171,0.0,7,7,0,0,7,7,8285,0,0,0,0,0
2020-08-31,US,West Virginia,Wetzel,45,0,0,39.6065771,-80.64016540000001,54103.0,298.70560902754727,0.0,45,45,0,0,45,45,15270,0,0,0,0,0
2020-08-31,US,West Virginia,Wirt,9,0,0,39.02775007,-81.37473928,54105.0,154.6126095172651,0.0,9,9,0,0,9,7,5830,0,0,0,0,2
2020-08-31,US,West Virginia,Wood,308,5,0,39.20967886,-81.5162836,54107.0,368.78277736535836,1.6233766233766234,303,305,5,0,300,305,84203,3,0,0,3,0
2020-08-31,US,West Virginia,Wyoming,67,3,0,37.612327,-81.54511071,54109.0,328.52799843091105,4.477611940298506,64,66,3,0,63,66,20786,1,0,0,1,0
2020-08-31,US,Wisconsin,Adams,112,3,0,43.96974651,-89.76782777,55001.0,553.9070227497526,2.6785714285714284,109,110,3,0,107,108,20348,2,0,0,2,2
2020-08-31,US,Wisconsin,Ashland,34,1,0,46.31956891,-90.67837132,55003.0,218.48091504947948,2.9411764705882355,33,34,1,0,33,34,15600,0,0,0,0,0
2020-08-31,US,Wisconsin,Barron,370,3,0,45.42372701,-91.84833627,55005.0,817.7879939881532,0.8108108108108109,367,370,3,0,367,371,45164,0,0,0,0,-1
2020-08-31,US,Wisconsin,Bayfield,45,1,0,46.52868768,-91.19716729,55007.0,299.28172386272945,2.2222222222222223,44,45,1,0,44,44,15042,0,0,0,0,1
2020-08-31,US,Wisconsin,Brown,5376,58,0,44.452655299999996,-88.00411844,55009.0,2032.191485662012,1.0788690476190477,5318,5370,58,0,5312,5319,263378,6,0,0,6,51
2020-08-31,US,Wisconsin,Buffalo,64,2,0,44.37835084,-91.75332578,55011.0,491.13652060471185,3.125,62,64,2,0,62,60,13125,0,0,0,0,4
2020-08-31,US,Wisconsin,Burnett,40,2,0,45.86303537,-92.36711412,55013.0,259.5043466978072,5.0,38,40,2,0,38,40,15392,0,0,0,0,0
2020-08-31,US,Wisconsin,Calumet,502,2,0,44.0816316,-88.21780273,55015.0,1002.2160554213499,0.398406374501992,500,500,2,0,498,491,50159,2,0,0,2,9
2020-08-31,US,Wisconsin,Chippewa,347,0,0,45.06939744,-91.28068855,55017.0,536.6698629713261,0.0,347,345,0,0,345,342,64135,2,0,0,2,3
2020-08-31,US,Wisconsin,Clark,241,8,0,44.73483377,-90.61207486,55019.0,693.0465290159316,3.319502074688797,233,240,8,0,232,239,34709,1,0,0,1,1
2020-08-31,US,Wisconsin,Columbia,351,2,0,43.46492199,-89.33589004,55021.0,610.0952513383854,0.5698005698005698,349,351,2,0,349,349,57358,0,0,0,0,2
2020-08-31,US,Wisconsin,Crawford,102,0,0,43.23870316,-90.93073686,55023.0,632.3228566114934,0.0,102,102,0,0,102,102,16291,0,0,0,0,0
2020-08-31,US,Wisconsin,Dane,5429,40,0,43.06601594,-89.41733797,55025.0,993.0582866131938,0.7367839381101492,5389,5426,40,0,5386,5387,542364,3,0,0,3,39
2020-08-31,US,Wisconsin,Dodge,1162,5,0,43.41576662,-88.70928178,55027.0,1322.8748050410409,0.43029259896729777,1157,1133,5,0,1128,1120,87847,29,0,0,29,13
2020-08-31,US,Wisconsin,Door,128,3,0,44.95856458,-87.30002707,55029.0,462.6283070695388,2.34375,125,128,3,0,125,128,27610,0,0,0,0,0
2020-08-31,US,Wisconsin,Douglas,252,0,0,46.43222285,-91.91595768,55031.0,584.0092699884125,0.0,252,249,0,0,249,249,43208,3,0,0,3,0
2020-08-31,US,Wisconsin,Dunn,175,0,0,44.94562799,-91.8962481,55033.0,385.73443837065776,0.0,175,176,0,0,176,173,45131,-1,0,0,-1,3
2020-08-31,US,Wisconsin,Eau Claire,801,6,0,44.726614,-91.28609183,55035.0,765.4377615962387,0.7490636704119851,795,801,6,0,795,790,104534,0,0,0,0,11
2020-08-31,US,Wisconsin,Florence,25,0,0,45.84963535,-88.39804137,55037.0,582.0721769499418,0.0,25,25,0,0,25,24,4321,0,0,0,0,1
2020-08-31,US,Wisconsin,Fond du Lac,1120,9,0,43.75354908,-88.48885325,55039.0,1083.1407212556696,0.8035714285714286,1111,1093,9,0,1084,1081,103066,27,0,0,27,12
2020-08-31,US,Wisconsin,Forest,78,4,0,45.66678019,-88.77084892,55041.0,866.2816525988451,5.128205128205129,74,77,4,0,73,77,8991,1,0,0,1,0
2020-08-31,US,Wisconsin,Grant,434,17,0,42.8671731,-90.7063218,55043.0,843.7178016679951,3.91705069124424,417,435,17,0,418,432,51554,-1,0,0,-1,3
2020-08-31,US,Wisconsin,Green,270,1,0,42.6794956,-89.60243287,55045.0,730.5194805194806,0.3703703703703704,269,268,1,0,267,265,36929,2,0,0,2,3
2020-08-31,US,Wisconsin,Green Lake,92,0,0,43.80025981,-89.04679553,55047.0,486.43789985724106,0.0,92,91,0,0,91,90,18918,1,0,0,1,1
2020-08-31,US,Wisconsin,Iowa,121,0,0,43.00050278,-90.13469017,55049.0,511.0228904468283,0.0,121,120,0,0,120,118,23771,1,0,0,1,2
2020-08-31,US,Wisconsin,Iron,122,1,0,46.26302338,-90.24295041,55051.0,2145.243537893441,0.819672131147541,121,122,1,0,121,121,5676,0,0,0,0,1
2020-08-31,US,Wisconsin,Jackson,76,1,0,44.31864893,-90.80566792,55053.0,368.16354212081575,1.3157894736842106,75,76,1,0,75,76,20478,0,0,0,0,0
2020-08-31,US,Wisconsin,Jefferson,902,6,0,43.02054068,-88.77529134,55055.0,1064.0682324906509,0.6651884700665188,896,900,6,0,894,889,85129,2,0,0,2,11
2020-08-31,US,Wisconsin,Juneau,199,1,0,43.92456975,-90.11120239,55057.0,745.6814179188368,0.5025125628140703,198,197,1,0,196,193,26617,2,0,0,2,4
2020-08-31,US,Wisconsin,Kenosha,2967,63,0,42.57639354,-88.04051686,55059.0,1749.8127517530565,2.1233569261880687,2904,2961,63,0,2898,2939,169290,6,0,0,6,22
2020-08-31,US,Wisconsin,Kewaunee,181,2,0,44.51727459,-87.61468386,55061.0,885.7786042869728,1.1049723756906078,179,171,2,0,169,169,20383,10,0,0,10,2
2020-08-31,US,Wisconsin,La Crosse,1182,1,0,43.90632465,-91.11451093,55063.0,1001.5591106290673,0.08460236886632826,1181,1177,1,0,1176,1156,118230,5,0,0,5,21
2020-08-31,US,Wisconsin,Lafayette,185,0,0,42.66005229,-90.1317729,55065.0,1110.1110111011099,0.0,185,185,0,0,185,185,16665,0,0,0,0,0
2020-08-31,US,Wisconsin,Langlade,83,2,0,45.26271619,-89.07483625,55067.0,432.5394757413101,2.409638554216868,81,83,2,0,81,84,19268,0,0,0,0,-1
2020-08-31,US,Wisconsin,Lincoln,83,1,0,45.33737523,-89.73411273,55069.0,300.80092777153624,1.2048192771084338,82,82,1,0,81,82,27689,1,0,0,1,0
2020-08-31,US,Wisconsin,Manitowoc,518,2,0,44.11946801,-87.80928853,55071.0,655.8539395550829,0.3861003861003861,516,517,2,0,515,513,79074,1,0,0,1,4
2020-08-31,US,Wisconsin,Marathon,778,13,0,44.89792533,-89.75863384,55073.0,573.3573092002476,1.6709511568123394,765,773,13,0,760,771,135428,5,0,0,5,2
2020-08-31,US,Wisconsin,Marinette,610,6,0,45.38553432,-88.03324599999998,55075.0,1511.7719950433705,0.9836065573770492,604,610,6,0,604,602,40434,0,0,0,0,8
2020-08-31,US,Wisconsin,Marquette,91,1,0,43.81911946,-89.40073763,55077.0,584.3071786310517,1.0989010989010992,90,89,1,0,88,89,15434,2,0,0,2,0
2020-08-31,US,Wisconsin,Menominee,29,0,0,45.00422544,-88.70950714,55078.0,636.523266022827,0.0,29,29,0,0,29,28,4658,0,0,0,0,1
2020-08-31,US,Wisconsin,Milwaukee,24079,489,0,43.00486062,-87.96733172,55079.0,2546.0862871487093,2.0308152331907467,23590,24040,489,0,23551,23977,948201,39,0,0,39,63
2020-08-31,US,Wisconsin,Monroe,282,2,0,43.94641218,-90.61881899999999,55081.0,609.6901822584481,0.7092198581560284,280,281,2,0,279,280,46051,1,0,0,1,1
2020-08-31,US,Wisconsin,Oconto,429,2,0,45.02715345,-88.26807503,55083.0,1131.030846295808,0.4662004662004662,427,424,2,0,422,419,37830,5,0,0,5,5
2020-08-31,US,Wisconsin,Oneida,212,0,0,45.70677897,-89.51944105,55085.0,595.5892681556397,0.0,212,210,0,0,210,210,35470,2,0,0,2,0
2020-08-31,US,Wisconsin,Outagamie,1866,20,0,44.41578887,-88.46565023,55087.0,993.1607100087821,1.0718113612004287,1846,1845,20,0,1825,1799,187365,21,0,0,21,46
2020-08-31,US,Wisconsin,Ozaukee,909,18,0,43.38352225,-87.94625009,55089.0,1018.8184396050257,1.98019801980198,891,909,18,0,891,897,89147,0,0,0,0,12
2020-08-31,US,Wisconsin,Pepin,46,0,0,44.58307413,-91.99949611,55091.0,631.2611499931385,0.0,46,46,0,0,46,46,7289,0,0,0,0,0
2020-08-31,US,Wisconsin,Pierce,291,5,0,44.71850291,-92.4224416,55093.0,680.6380689526126,1.718213058419244,286,291,5,0,286,289,42555,0,0,0,0,2
2020-08-31,US,Wisconsin,Polk,171,2,0,45.46130348,-92.44182875,55095.0,390.5625471073248,1.1695906432748535,169,171,2,0,169,171,43598,0,0,0,0,0
2020-08-31,US,Wisconsin,Portage,603,1,0,44.47558711,-89.50152965,55097.0,852.0318770135083,0.16583747927031509,602,596,1,0,595,587,70942,7,0,0,7,9
2020-08-31,US,Wisconsin,Price,36,0,0,45.68051754,-90.36098879999999,55099.0,269.64272339150625,0.0,36,36,0,0,36,36,13397,0,0,0,0,0
2020-08-31,US,Wisconsin,Racine,4006,89,0,42.74753117,-88.05941254,55101.0,2040.639597373556,2.2216674987518723,3917,3998,89,0,3909,3988,196584,8,0,0,8,10
2020-08-31,US,Wisconsin,Richland,49,4,0,43.3762778,-90.43012729,55103.0,284.0250405750058,8.16326530612245,45,49,4,0,45,47,17377,0,0,0,0,2
2020-08-31,US,Wisconsin,Rock,1686,26,0,42.67151616,-89.07147900000002,55105.0,1032.114303904404,1.5421115065243178,1660,1667,26,0,1641,1667,163129,19,0,0,19,0
2020-08-31,US,Wisconsin,Rusk,24,1,0,45.47498854,-91.1333012,55107.0,169.27634363097758,4.166666666666667,23,24,1,0,23,24,14147,0,0,0,0,0
2020-08-31,US,Wisconsin,Sauk,644,3,0,43.42574087,-89.94966132,55111.0,999.3482511405603,0.4658385093167702,641,644,3,0,641,634,64249,0,0,0,0,10
2020-08-31,US,Wisconsin,Sawyer,160,0,0,45.87931905,-91.14504927,55113.0,966.3002778113299,0.0,160,159,0,0,159,157,16489,1,0,0,1,2
2020-08-31,US,Wisconsin,Shawano,271,0,0,44.78902246,-88.76443896,55115.0,662.6078877234162,0.0,271,268,0,0,268,262,40796,3,0,0,3,6
2020-08-31,US,Wisconsin,Sheboygan,1037,9,0,43.72099677,-87.94579284,55117.0,899.0809779781515,0.8678881388621023,1028,1032,9,0,1023,1022,115456,5,0,0,5,10
2020-08-31,US,Wisconsin,St. Croix,637,7,0,45.03437474,-92.45000068,55109.0,702.4160022936032,1.0989010989010992,630,636,7,0,629,628,89694,1,0,0,1,8
2020-08-31,US,Wisconsin,Taylor,104,3,0,45.21179252,-90.5004405,55119.0,511.23236494125746,2.8846153846153846,101,103,3,0,100,98,20412,1,0,0,1,5
2020-08-31,US,Wisconsin,Trempealeau,411,2,0,44.30360275,-91.35893614,55121.0,1386.218759485986,0.4866180048661801,409,411,2,0,409,411,29442,0,0,0,0,0
2020-08-31,US,Wisconsin,Vernon,107,0,0,43.59422667,-90.8324691,55123.0,347.1546298098761,0.0,107,98,0,0,98,97,30785,9,0,0,9,1
2020-08-31,US,Wisconsin,Vilas,105,0,0,46.05467334,-89.51719204,55125.0,473.0795224149583,0.0,105,104,0,0,104,102,21938,1,0,0,1,2
2020-08-31,US,Wisconsin,Walworth,1703,27,0,42.66858202,-88.54163073,55127.0,1639.581006662302,1.5854374633000587,1676,1695,27,0,1668,1689,103718,8,0,0,8,6
2020-08-31,US,Wisconsin,Washburn,65,0,0,45.89838588,-91.79050449,55129.0,413.48600508905855,0.0,65,64,0,0,64,63,15878,1,0,0,1,1
2020-08-31,US,Wisconsin,Washington,1622,29,0,43.36863664,-88.22974712,55131.0,1192.3489715806345,1.7879161528976573,1593,1622,29,0,1593,1595,135693,0,0,0,0,27
2020-08-31,US,Wisconsin,Waukesha,5568,74,0,43.01833055,-88.30431188,55133.0,1377.5426894739705,1.3290229885057472,5494,5565,74,0,5491,5525,403072,3,0,0,3,40
2020-08-31,US,Wisconsin,Waupaca,663,17,0,44.47068056,-88.96534501,55135.0,1300.254951951363,2.5641025641025643,646,662,17,0,645,655,51128,1,0,0,1,7
2020-08-31,US,Wisconsin,Waushara,154,2,0,44.11324419,-89.24317107,55137.0,630.0372294726508,1.2987012987012987,152,154,2,0,152,152,24263,0,0,0,0,2
2020-08-31,US,Wisconsin,Winnebago,1528,21,0,44.06886922,-88.64477096,55139.0,888.8526936075901,1.37434554973822,1507,1512,21,0,1491,1493,171020,16,0,0,16,19
2020-08-31,US,Wisconsin,Wood,458,2,0,44.45537896,-90.04158336,55141.0,627.4058548747244,0.4366812227074236,456,456,2,0,454,450,73055,2,0,0,2,6
2020-08-31,US,Wyoming,Albany,134,0,0,41.65498705,-105.72354150000001,56001.0,344.6502057613169,0.0,134,134,0,0,134,133,38601,0,0,0,0,1
2020-08-31,US,Wyoming,Big Horn,43,0,0,44.52405055,-107.9960365,56003.0,364.715860899067,0.0,43,42,0,0,42,40,11881,1,0,0,1,2
2020-08-31,US,Wyoming,Campbell,193,0,0,44.24886082,-105.54744040000001,56005.0,416.4778489890162,0.0,193,189,0,0,189,188,46140,4,0,0,4,1
2020-08-31,US,Wyoming,Carbon,191,0,0,41.69357844,-106.9326084,56007.0,1290.5405405405404,0.0,191,190,0,0,190,190,14971,1,0,0,1,0
2020-08-31,US,Wyoming,Converse,31,0,0,42.97272268,-105.5081848,56009.0,224.2801331211113,0.0,31,31,0,0,31,29,13640,0,0,0,0,2
2020-08-31,US,Wyoming,Crook,14,0,0,44.58855102,-104.56977049999999,56011.0,184.59915611814347,0.0,14,14,0,0,14,14,7450,0,0,0,0,0
2020-08-31,US,Wyoming,Fremont,606,0,0,43.04183996,-108.6296893,56013.0,1543.5164667227018,0.0,606,604,0,0,604,601,39531,2,0,0,2,3
2020-08-31,US,Wyoming,Goshen,61,0,0,42.08798185,-104.3534743,56015.0,461.7364317614109,0.0,61,60,0,0,60,59,13376,1,0,0,1,1
2020-08-31,US,Wyoming,Hot Springs,29,0,0,43.71930657,-108.44231740000001,56017.0,657.1493315205076,0.0,29,29,0,0,29,29,4555,0,0,0,0,0
2020-08-31,US,Wyoming,Johnson,27,1,0,44.04057166,-106.58451740000001,56019.0,319.7158081705151,3.703703703703704,26,27,1,0,26,27,8460,0,0,0,0,0
2020-08-31,US,Wyoming,Laramie,570,0,0,41.30702520000001,-104.6887497,56021.0,572.8643216080402,0.0,570,568,0,0,568,563,98976,2,0,0,2,5
2020-08-31,US,Wyoming,Lincoln,112,0,0,42.26376367,-110.6563997,56023.0,564.8008068582956,0.0,112,112,0,0,112,110,19434,0,0,0,0,2
2020-08-31,US,Wyoming,Natrona,246,0,0,42.96180148,-106.79788500000001,56025.0,308.04678303989584,0.0,246,246,0,0,246,243,79115,0,0,0,0,3
2020-08-31,US,Wyoming,Niobrara,3,0,0,43.05607708,-104.47588959999999,56027.0,127.33446519524618,0.0,3,3,0,0,3,3,2388,0,0,0,0,0
2020-08-31,US,Wyoming,Park,164,0,0,44.52157546,-109.58528249999999,56029.0,561.7592656025209,0.0,164,160,0,0,160,159,29324,4,0,0,4,1
2020-08-31,US,Wyoming,Platte,7,0,0,42.13299116,-104.96633100000001,56031.0,83.40283569641367,0.0,7,7,0,0,7,7,8566,0,0,0,0,0
2020-08-31,US,Wyoming,Sheridan,149,0,0,44.79048913,-106.8862389,56033.0,488.76496637690667,0.0,149,148,0,0,148,147,30233,1,0,0,1,1
2020-08-31,US,Wyoming,Sublette,48,0,0,42.76558279,-109.91309220000001,56035.0,488.2514494964907,0.0,48,48,0,0,48,48,9813,0,0,0,0,0
2020-08-31,US,Wyoming,Sweetwater,302,0,0,41.65943896,-108.8827882,56037.0,713.2229648348015,0.0,302,301,0,0,301,296,43051,1,0,0,1,5
2020-08-31,US,Wyoming,Teton,430,0,0,43.93522482,-110.5890801,56039.0,1832.5946130242075,0.0,430,429,0,0,429,425,23081,1,0,0,1,4
2020-08-31,US,Wyoming,Uinta,298,0,0,41.2878183,-110.54757820000002,56041.0,1473.3511322060715,0.0,298,295,0,0,295,292,20299,3,0,0,3,3
2020-08-31,US,Wyoming,Unassigned,73,36,0,0.0,0.0,90056.0,0.0,49.31506849315068,37,73,36,0,37,73,,0,0,0,0,0
2020-08-31,US,Wyoming,Washakie,108,0,0,43.90451606,-107.68018700000002,56043.0,1383.7283792440744,0.0,108,108,0,0,108,108,7885,0,0,0,0,0
2020-08-31,US,Wyoming,Weston,11,0,0,43.83961191,-104.56748809999999,56045.0,158.79890284394398,0.0,11,11,0,0,11,11,6967,0,0,0,0,0
