Date,Country/Region,Province/State,Admin2,Confirmed,Deaths,Recovered,Latitude,Longitude,FIPS,Incidence_Rate,Case-Fatality_Ratio,Active Cases,Previous Confirmed,Previous Deaths,Previous Recovered,Previous Active,Prev2 Confirmed,Population,Daily Confirmed,Daily Deaths,Daily Recovered,Daily Active,Previous Daily Confirmed
2020-09-29,US,Alabama,Autauga,1787,27,0,32.53952745,-86.64408227,1001.0,3198.553759687841,1.510912143256855,1760,1785,25,0,1760,1773,55601,2,2,0,0,12
2020-09-29,US,Alabama,Baldwin,5606,50,0,30.72774991,-87.72207058,1003.0,2511.266204968777,0.8919015340706385,5556,5588,50,0,5538,5526,218022,18,0,0,18,62
2020-09-29,US,Alabama,Barbour,886,7,0,31.868263,-85.3871286,1005.0,3589.078830106133,0.7900677200902935,879,886,7,0,879,885,24881,0,0,0,0,1
2020-09-29,US,Alabama,Bibb,658,10,0,32.99642064,-87.12511459999996,1007.0,2938.287041171743,1.5197568389057752,648,657,10,0,647,656,22400,1,0,0,1,1
2020-09-29,US,Alabama,Blount,1621,15,0,33.98210918,-86.56790593,1009.0,2803.2372981012,0.9253547193090684,1606,1618,15,0,1603,1617,57840,3,0,0,3,1
2020-09-29,US,Alabama,Bullock,607,14,0,32.10030533,-85.71265535,1011.0,6009.306009306009,2.306425041186161,593,607,14,0,593,606,10138,0,0,0,0,1
2020-09-29,US,Alabama,Butler,917,40,0,31.75300095,-86.68057478,1013.0,4715.137803373097,4.362050163576881,877,914,39,0,875,913,19680,3,1,0,2,1
2020-09-29,US,Alabama,Calhoun,3556,44,0,33.77483727,-85.82630386,1015.0,3130.1439197218433,1.2373453318335208,3512,3548,44,0,3504,3534,114277,8,0,0,8,14
2020-09-29,US,Alabama,Chambers,1175,42,0,32.91360079,-85.39072749,1017.0,3533.409514644855,3.5744680851063837,1133,1172,42,0,1130,1168,33615,3,0,0,3,4
2020-09-29,US,Alabama,Cherokee,617,13,0,34.17805983,-85.60638968,1019.0,2355.321423118033,2.1069692058346843,604,614,13,0,601,612,26032,3,0,0,3,2
2020-09-29,US,Alabama,Chilton,1595,30,0,32.85044126,-86.7173256,1021.0,3590.078328981723,1.8808777429467085,1565,1593,30,0,1563,1588,44153,2,0,0,2,5
2020-09-29,US,Alabama,Choctaw,351,12,0,32.02227341,-88.26564429999998,1023.0,2788.1483835094127,3.418803418803418,339,351,12,0,339,351,12841,0,0,0,0,0
2020-09-29,US,Alabama,Clarke,1103,16,0,31.68099859,-87.83548597,1025.0,4669.376005418678,1.4505893019038985,1087,1104,16,0,1088,1100,23920,-1,0,0,-1,4
2020-09-29,US,Alabama,Clay,591,8,0,33.26984193,-85.85836077,1027.0,4465.432565168116,1.3536379018612519,583,592,8,0,584,587,13275,-1,0,0,-1,5
2020-09-29,US,Alabama,Cleburne,394,5,0,33.67679204,-85.52005899,1029.0,2642.5217974513753,1.269035532994924,389,389,5,0,384,382,14987,5,0,0,5,7
2020-09-29,US,Alabama,Coffee,1371,6,0,31.39932826,-85.98901039,1031.0,2619.3114516067403,0.43763676148796504,1365,1365,6,0,1359,1359,51909,6,0,0,6,6
2020-09-29,US,Alabama,Colbert,1677,26,0,34.69847452,-87.80168544,1033.0,3035.7886352528008,1.5503875968992251,1651,1675,26,0,1649,1666,54762,2,0,0,2,9
2020-09-29,US,Alabama,Conecuh,539,11,0,31.43401703,-86.99320044,1035.0,4466.727438468551,2.0408163265306123,528,537,11,0,526,536,12277,2,0,0,2,1
2020-09-29,US,Alabama,Coosa,174,3,0,32.93690146,-86.24847739,1037.0,1631.8109350089096,1.7241379310344829,171,172,3,0,169,172,10715,2,0,0,2,0
2020-09-29,US,Alabama,Covington,1407,27,0,31.247785399999998,-86.45050893,1039.0,3797.673351507463,1.9189765458422172,1380,1403,27,0,1376,1403,36986,4,0,0,4,0
2020-09-29,US,Alabama,Crenshaw,543,32,0,31.72941803,-86.31593104,1041.0,3942.7824571594538,5.893186003683241,511,542,32,0,510,540,13824,1,0,0,1,2
2020-09-29,US,Alabama,Cullman,1919,20,0,34.13020303,-86.86888037,1043.0,2290.8509215929707,1.0422094841063054,1899,1911,20,0,1891,1907,83442,8,0,0,8,4
2020-09-29,US,Alabama,Dale,1403,44,0,31.43037123,-85.61095742,1045.0,2853.2498169690057,3.1361368496079827,1359,1399,44,0,1355,1392,48956,4,0,0,4,7
2020-09-29,US,Alabama,Dallas,1798,26,0,32.32688101,-87.10866709999998,1047.0,4833.853102484139,1.4460511679644048,1772,1793,26,0,1767,1791,38310,5,0,0,5,2
2020-09-29,US,Alabama,DeKalb,2443,21,0,34.45946862,-85.80782906,1049.0,3416.162096402053,0.8595988538681948,2422,2435,21,0,2414,2432,71385,8,0,0,8,3
2020-09-29,US,Alabama,Elmore,2719,48,0,32.59785413,-86.14415284,1051.0,3348.151066999963,1.7653549098933432,2671,2691,48,0,2643,2673,81887,28,0,0,28,18
2020-09-29,US,Alabama,Escambia,1616,24,0,31.1256789,-87.15918694,1053.0,4411.3231239592715,1.4851485148514851,1592,1614,24,0,1590,1611,36748,2,0,0,2,3
2020-09-29,US,Alabama,Etowah,3548,45,0,34.04567266,-86.04051873,1055.0,3469.31591504674,1.2683201803833146,3503,3540,45,0,3495,3521,102501,8,0,0,8,19
2020-09-29,US,Alabama,Fayette,468,9,0,33.72076938,-87.73886638,1057.0,2870.813397129187,1.9230769230769231,459,467,8,0,459,462,16433,1,1,0,0,5
2020-09-29,US,Alabama,Franklin,1791,30,0,34.44235334,-87.84289505,1059.0,5710.732733881768,1.6750418760469012,1761,1790,29,0,1761,1781,31363,1,1,0,0,9
2020-09-29,US,Alabama,Geneva,644,4,0,31.09389027,-85.83572839,1061.0,2451.3722355448967,0.6211180124223602,640,638,4,0,634,634,26314,6,0,0,6,4
2020-09-29,US,Alabama,Greene,305,15,0,32.85504247,-87.95684022,1063.0,3760.3254839107385,4.918032786885246,290,303,15,0,288,303,8233,2,0,0,2,0
2020-09-29,US,Alabama,Hale,649,28,0,32.76039258,-87.63284988,1065.0,4429.731758924306,4.314329738058552,621,649,28,0,621,644,14726,0,0,0,0,5
2020-09-29,US,Alabama,Henry,510,5,0,31.51148016,-85.24267944,1067.0,2964.254577157803,0.9803921568627452,505,508,5,0,503,507,17209,2,0,0,2,1
2020-09-29,US,Alabama,Houston,2939,21,0,31.15197924,-85.29939599,1069.0,2775.731474660471,0.7145287512759442,2918,2935,21,0,2914,2920,104722,4,0,0,4,15
2020-09-29,US,Alabama,Jackson,1597,12,0,34.78144169,-85.99750489,1071.0,3093.4025491031653,0.7514088916718847,1585,1589,11,0,1578,1581,51736,8,1,0,7,8
2020-09-29,US,Alabama,Jefferson,19938,351,0,33.55554728,-86.89506300000002,1073.0,3027.454815183738,1.760457417995787,19587,19833,350,0,19483,19752,659300,105,1,0,104,81
2020-09-29,US,Alabama,Lamar,382,2,0,33.77995024,-88.09668032,1075.0,2767.113364722927,0.5235602094240838,380,377,2,0,375,370,13844,5,0,0,5,7
2020-09-29,US,Alabama,Lauderdale,1751,33,0,34.90171875,-87.65624729,1077.0,1888.2981591519367,1.8846373500856648,1718,1740,33,0,1707,1723,92387,11,0,0,11,17
2020-09-29,US,Alabama,Lawrence,634,25,0,34.52041498,-87.31069453,1079.0,1925.6469444781922,3.943217665615142,609,628,23,0,605,621,32957,6,2,0,4,7
2020-09-29,US,Alabama,Lee,5971,61,0,32.60154883,-85.35132246,1081.0,3628.8607164128307,1.0216044213699549,5910,5945,60,0,5885,5927,163941,26,1,0,25,18
2020-09-29,US,Alabama,Limestone,2144,20,0,34.81185586,-86.98310072,1083.0,2167.517565586614,0.9328358208955224,2124,2135,20,0,2115,2119,96174,9,0,0,9,16
2020-09-29,US,Alabama,Lowndes,659,27,0,32.1597283,-86.65158371,1085.0,6775.652889163068,4.0971168437025804,632,657,27,0,630,654,9974,2,0,0,2,3
2020-09-29,US,Alabama,Macon,483,18,0,32.38759944,-85.69267724,1087.0,2673.2344476422404,3.7267080745341614,465,483,18,0,465,483,18439,0,0,0,0,0
2020-09-29,US,Alabama,Madison,7981,79,0,34.76327133,-86.55069633,1089.0,2140.2004242321855,0.9898508958777096,7902,7978,78,0,7900,7927,366519,3,1,0,2,51
2020-09-29,US,Alabama,Marengo,726,20,0,32.24767634,-87.78796182,1091.0,3848.804537984414,2.7548209366391183,706,726,20,0,706,724,19066,0,0,0,0,2
2020-09-29,US,Alabama,Marion,975,29,0,34.13697363,-87.88704173,1093.0,3281.833787741089,2.9743589743589745,946,971,29,0,942,968,29763,4,0,0,4,3
2020-09-29,US,Alabama,Marshall,3975,43,0,34.36975964,-86.30486727,1095.0,4107.50821501643,1.0817610062893082,3932,3967,43,0,3924,3961,96109,8,0,0,8,6
2020-09-29,US,Alabama,Mobile,13507,293,0,30.78472347,-88.20842409,1097.0,3268.7979477747394,2.169245576367809,13214,13471,292,0,13179,13449,413757,36,1,0,35,22
2020-09-29,US,Alabama,Monroe,590,8,0,31.56729412,-87.36995001,1099.0,2845.704914870014,1.3559322033898304,582,590,8,0,582,590,21067,0,0,0,0,0
2020-09-29,US,Alabama,Montgomery,8866,185,0,32.2206831,-86.20969272,1101.0,3914.590747330961,2.0866230543649897,8681,8865,184,0,8681,8852,225763,1,1,0,0,13
2020-09-29,US,Alabama,Morgan,3334,28,0,34.45500589,-86.85475946,1103.0,2785.785309035002,0.8398320335932813,3306,3327,28,0,3299,3314,119089,7,0,0,7,13
2020-09-29,US,Alabama,Perry,542,6,0,32.64048341,-87.29770589,1105.0,6074.190294743921,1.1070110701107012,536,542,6,0,536,541,9140,0,0,0,0,1
2020-09-29,US,Alabama,Pickens,670,14,0,33.28094866,-88.08818103,1107.0,3361.766181635725,2.08955223880597,656,668,14,0,654,666,19938,2,0,0,2,2
2020-09-29,US,Alabama,Pike,1216,11,0,31.80396383,-85.9408295,1109.0,3672.162831430815,0.9046052631578948,1205,1205,10,0,1195,1205,33338,11,1,0,10,0
2020-09-29,US,Alabama,Randolph,666,13,0,33.29526734,-85.45708831,1111.0,2931.080010562451,1.951951951951952,653,660,13,0,647,654,22725,6,0,0,6,6
2020-09-29,US,Alabama,Russell,1768,3,0,32.28725256,-85.18415324,1113.0,3050.3269439795727,0.16968325791855204,1765,1765,3,0,1762,1763,57781,3,0,0,3,2
2020-09-29,US,Alabama,Shelby,6074,49,0,33.26879845,-86.66232561,1117.0,2790.052457028415,0.8067171550872572,6025,6043,49,0,5994,6013,215707,31,0,0,31,30
2020-09-29,US,Alabama,St. Clair,2359,36,0,33.71902176,-86.31029372,1115.0,2635.400840110823,1.5260703688003392,2323,2340,36,0,2304,2330,88690,19,0,0,19,10
2020-09-29,US,Alabama,Sumter,437,19,0,32.59117397,-88.19916205,1119.0,3516.5365735897644,4.3478260869565215,418,438,19,0,419,438,12691,-1,0,0,-1,0
2020-09-29,US,Alabama,Talladega,2178,30,0,33.37823223,-86.16886178,1121.0,2723.248893445697,1.3774104683195592,2148,2177,29,0,2148,2171,79828,1,1,0,0,6
2020-09-29,US,Alabama,Tallapoosa,1171,85,0,32.86698258,-85.79833053,1123.0,2900.8843857606457,7.2587532023911185,1086,1166,85,0,1081,1164,40497,5,0,0,5,2
2020-09-29,US,Alabama,Tuscaloosa,8837,118,0,33.28726072,-87.52556818,1125.0,4221.059922141817,1.335294783297499,8719,8744,118,0,8626,8654,208911,93,0,0,93,90
2020-09-29,US,Alabama,Walker,2354,85,0,33.80270512,-87.30027177,1127.0,3705.8610538247203,3.610875106202209,2269,2330,84,0,2246,2319,63711,24,1,0,23,11
2020-09-29,US,Alabama,Washington,560,12,0,31.4092794,-88.20689944,1129.0,3430.111478623054,2.142857142857143,548,561,13,0,548,559,16378,-1,-1,0,0,2
2020-09-29,US,Alabama,Wilcox,532,11,0,31.98773215,-87.30891118,1131.0,5128.699508338957,2.0676691729323307,521,532,11,0,521,532,10627,0,0,0,0,0
2020-09-29,US,Alabama,Winston,750,13,0,34.15030532,-87.37325922,1133.0,3174.065766642685,1.7333333333333334,737,745,12,0,733,745,23660,5,1,0,4,0
2020-09-29,US,Alaska,Aleutians East,3,0,0,55.32222414,-161.9722021,2013.0,89.90110878034163,0.0,3,3,0,0,3,3,3515,0,0,0,0,0
2020-09-29,US,Alaska,Aleutians West,9,0,0,52.3233,-174.1596,2016.0,159.7444089456869,0.0,9,8,0,0,8,8,5723,1,0,0,1,0
2020-09-29,US,Alaska,Anchorage,4353,35,0,61.14998174,-149.14269860000005,2020.0,1511.458333333333,0.8040431886055593,4318,4279,35,0,4244,4194,291538,74,0,0,74,85
2020-09-29,US,Alaska,Bethel,110,1,0,60.90980451,-159.8561831,2050.0,598.2813009898837,0.9090909090909092,109,112,1,0,111,109,18216,-2,0,0,-2,3
2020-09-29,US,Alaska,Bristol Bay,10,0,0,58.74513976,-156.701064,2060.0,1196.1722488038274,0.0,10,10,0,0,10,10,877,0,0,0,0,0
2020-09-29,US,Alaska,Denali,7,0,0,63.67264044,-150.0076108,2068.0,333.81020505484025,0.0,7,7,0,0,7,6,2059,0,0,0,0,1
2020-09-29,US,Alaska,Dillingham,9,0,0,59.79603738,-158.23819419999995,2070.0,183.0756712774613,0.0,9,9,0,0,9,9,5000,0,0,0,0,0
2020-09-29,US,Alaska,Fairbanks North Star,1122,11,0,64.80726247,-146.5692662,2090.0,1158.504476040021,0.9803921568627452,1111,1109,11,0,1098,1094,98971,13,0,0,13,15
2020-09-29,US,Alaska,Haines,5,0,0,59.09893571,-135.4679843,2100.0,197.6284584980237,0.0,5,5,0,0,5,5,2474,0,0,0,0,0
2020-09-29,US,Alaska,Juneau,291,1,0,58.45031811,-134.200436,2110.0,910.1144680052544,0.3436426116838488,290,290,1,0,289,288,32113,1,0,0,1,2
2020-09-29,US,Alaska,Kenai Peninsula,452,3,0,60.24429722,-151.53888840000005,2122.0,769.9121073788922,0.6637168141592921,449,449,3,0,446,449,58533,3,0,0,3,0
2020-09-29,US,Alaska,Ketchikan Gateway,50,0,0,55.57445008,-130.975561,2130.0,359.68635349974824,0.0,50,49,0,0,49,49,13918,1,0,0,1,0
2020-09-29,US,Alaska,Kodiak Island,22,0,0,57.65529415,-153.7493579,2150.0,169.2568087398061,0.0,22,22,0,0,22,22,13345,0,0,0,0,0
2020-09-29,US,Alaska,Kusilvak,14,0,0,62.15429159999999,-163.39678830000003,2158.0,168.39066634592254,0.0,14,14,0,0,14,13,8303,0,0,0,0,1
2020-09-29,US,Alaska,Matanuska-Susitna,622,2,0,62.31305045,-149.5741743,2170.0,574.2404239408402,0.3215434083601286,620,603,2,0,601,600,107610,19,0,0,19,3
2020-09-29,US,Alaska,Nome,71,0,0,64.90320724,-164.0353804,2180.0,709.7161135545782,0.0,71,71,0,0,71,69,10008,0,0,0,0,2
2020-09-29,US,Alaska,North Slope,129,0,0,69.31479216,-153.4836093,2185.0,1312.0423108218065,0.0,129,122,0,0,122,121,9872,7,0,0,7,1
2020-09-29,US,Alaska,Northwest Arctic,113,0,0,67.04919196,-159.7503946,2188.0,1482.7450465818133,0.0,113,108,0,0,108,107,7671,5,0,0,5,1
2020-09-29,US,Alaska,Petersburg,7,1,0,57.13978948,-132.9540995,2195.0,214.32945499081444,14.285714285714285,6,7,1,0,6,7,3221,0,0,0,0,0
2020-09-29,US,Alaska,Prince of Wales-Hyder,31,0,0,55.76261984,-133.0511621,2198.0,499.7581815250685,0.0,31,31,0,0,31,31,6422,0,0,0,0,0
2020-09-29,US,Alaska,Sitka,50,0,0,57.24124555,-135.3206587,2220.0,588.7201224537855,0.0,50,48,0,0,48,46,8647,2,0,0,2,2
2020-09-29,US,Alaska,Southeast Fairbanks,27,0,0,63.87692095,-143.2127643,2240.0,391.70172638909037,0.0,27,27,0,0,27,27,6918,0,0,0,0,0
2020-09-29,US,Alaska,Unassigned,20,0,0,0.0,0.0,90002.0,0.0,0.0,20,20,0,0,20,20,,0,0,0,0,0
2020-09-29,US,Alaska,Valdez-Cordova,77,0,0,61.47502768,-144.7126799,2261.0,836.7746142143013,0.0,77,76,0,0,76,76,9164,1,0,0,1,0
2020-09-29,US,Alaska,Wrangell,13,0,0,56.3202004,-132.05837309999998,2275.0,519.5843325339728,0.0,13,13,0,0,13,13,2503,0,0,0,0,0
2020-09-29,US,Alaska,Yakutat,24,0,0,59.890980799999994,-140.36014509999998,2282.0,4145.077720207254,0.0,24,24,0,0,24,24,604,0,0,0,0,0
2020-09-29,US,Alaska,Yukon-Koyukuk,81,2,0,65.50815459,-151.39073869999999,2290.0,1548.7571701720844,2.469135802469136,79,81,2,0,79,81,5327,0,0,0,0,0
2020-09-29,US,Arizona,Apache,3528,165,0,35.39465006,-109.4892383,4001.0,4907.702366213641,4.67687074829932,3363,3527,165,0,3362,3527,71818,1,0,0,1,0
2020-09-29,US,Arizona,Cochise,1905,71,0,31.87934684,-109.7516088,4003.0,1512.8412826988135,3.727034120734908,1834,1903,71,0,1832,1905,126770,2,0,0,2,-2
2020-09-29,US,Arizona,Coconino,4133,144,0,35.83883429,-111.77071780000001,4005.0,2880.621149181745,3.4841519477377214,3989,4098,144,0,3954,4080,142854,35,0,0,35,18
2020-09-29,US,Arizona,Gila,1328,56,0,33.80190085,-110.8132779,4007.0,2458.439779332815,4.216867469879518,1272,1303,56,0,1247,1304,53889,25,0,0,25,-1
2020-09-29,US,Arizona,Graham,843,25,0,32.93166885,-109.8882178,4009.0,2170.6105002961094,2.965599051008304,818,821,25,0,796,821,38072,22,0,0,22,0
2020-09-29,US,Arizona,Greenlee,59,1,0,33.21498827,-109.2405279,4011.0,621.1834070330598,1.6949152542372878,58,59,1,0,58,59,9483,0,0,0,0,0
2020-09-29,US,Arizona,La Paz,545,15,0,33.72854224,-113.98100290000001,4012.0,2581.959446655297,2.7522935779816518,530,544,15,0,529,544,21098,1,0,0,1,0
2020-09-29,US,Arizona,Maricopa,141738,3372,0,33.34835867,-112.49181540000001,4013.0,3159.975868448264,2.379037378825721,138366,141377,3364,0,138013,141211,4410824,361,8,0,353,166
2020-09-29,US,Arizona,Mohave,3997,227,0,35.70471703,-113.7577902,4015.0,1883.7690462388248,5.679259444583438,3770,3985,227,0,3758,3977,209550,12,0,0,12,8
2020-09-29,US,Arizona,Navajo,5783,235,0,35.3997715,-110.3218983,4017.0,5213.479499477119,4.0636347916306415,5548,5786,235,0,5551,5787,110445,-3,0,0,-3,-1
2020-09-29,US,Arizona,Pima,25569,622,0,32.0971334,-111.7890033,4019.0,2441.469751613467,2.432633266846572,24947,25445,622,0,24823,25412,1039073,124,0,0,124,33
2020-09-29,US,Arizona,Pinal,10627,208,0,32.90525627,-111.3449483,4021.0,2296.2948557549985,1.9572786299049592,10419,10571,207,0,10364,10547,447138,56,1,0,55,24
2020-09-29,US,Arizona,Santa Cruz,2848,63,0,31.52508998,-110.8479088,4023.0,6124.994623424665,2.212078651685393,2785,2843,63,0,2780,2836,46511,5,0,0,5,7
2020-09-29,US,Arizona,Unassigned,0,1,0,0.0,0.0,90004.0,0.0,0.0,-1,1,2,0,-1,0,,-1,-1,0,0,1
2020-09-29,US,Arizona,Yavapai,2558,82,0,34.59933926,-112.5538588,4025.0,1088.052267342694,3.205629397967162,2476,2532,82,0,2450,2532,231993,26,0,0,26,0
2020-09-29,US,Arizona,Yuma,12723,345,0,32.76895712,-113.90666740000002,4027.0,5951.250543765524,2.711624616835652,12378,12715,345,0,12370,12695,212128,8,0,0,8,20
2020-09-29,US,Arkansas,Arkansas,417,8,0,34.29145151,-91.37277296,5001.0,2384.764954821,1.9184652278177456,409,413,8,0,405,406,17769,4,0,0,4,7
2020-09-29,US,Arkansas,Ashley,435,10,0,33.19153461,-91.76984709999999,5003.0,2212.9521290125654,2.2988505747126435,425,434,10,0,424,431,20046,1,0,0,1,3
2020-09-29,US,Arkansas,Baxter,357,2,0,36.28784385,-92.33782872,5005.0,851.3784222073834,0.5602240896358543,355,351,2,0,349,345,41619,6,0,0,6,6
2020-09-29,US,Arkansas,Benton,6635,92,0,36.33644656,-94.25680817,5007.0,2376.934954019653,1.386586284853052,6543,6585,87,0,6498,6574,272608,50,5,0,45,11
2020-09-29,US,Arkansas,Boone,736,13,0,36.3084504,-93.09374925,5009.0,1966.232100876256,1.766304347826087,723,726,12,0,714,720,37480,10,1,0,9,6
2020-09-29,US,Arkansas,Bradley,342,8,0,33.46755808,-92.15980837,5011.0,3177.5527269348686,2.3391812865497075,334,342,8,0,334,342,10897,0,0,0,0,0
2020-09-29,US,Arkansas,Calhoun,36,0,0,33.55598792,-92.49974403,5013.0,693.7752938909233,0.0,36,36,0,0,36,36,5277,0,0,0,0,0
2020-09-29,US,Arkansas,Carroll,688,10,0,36.34038560000001,-93.54270261,5015.0,2424.242424242424,1.4534883720930232,678,672,10,0,662,665,28223,16,0,0,16,7
2020-09-29,US,Arkansas,Chicot,1007,22,0,33.26458973,-91.29539209,5017.0,9952.559794425777,2.184707050645481,985,1006,22,0,984,1006,10438,1,0,0,1,0
2020-09-29,US,Arkansas,Clark,350,4,0,34.04613432,-93.17484713,5019.0,1568.100358422939,1.1428571428571428,346,346,4,0,342,342,22061,4,0,0,4,4
2020-09-29,US,Arkansas,Clay,304,8,0,36.36826212,-90.4148172,5021.0,2089.203491168992,2.631578947368421,296,298,8,0,290,295,14847,6,0,0,6,3
2020-09-29,US,Arkansas,Cleburne,334,8,0,35.53864922,-92.02640019,5023.0,1340.3427103816366,2.395209580838323,326,331,8,0,323,331,24965,3,0,0,3,0
2020-09-29,US,Arkansas,Cleveland,186,12,0,33.89723187,-92.18537045,5025.0,2337.8582202111616,6.451612903225807,174,185,12,0,173,184,8018,1,0,0,1,1
2020-09-29,US,Arkansas,Columbia,480,18,0,33.21230701,-93.22642793,5027.0,2046.297480496227,3.75,462,469,18,0,451,451,23537,11,0,0,11,18
2020-09-29,US,Arkansas,Conway,272,3,0,35.26205537,-92.70506566,5029.0,1304.8066775400555,1.1029411764705883,269,267,3,0,264,267,20891,5,0,0,5,0
2020-09-29,US,Arkansas,Craighead,3015,22,0,35.83018283,-90.63235729,5031.0,2732.6614218902946,0.7296849087893864,2993,2986,22,0,2964,2950,108558,29,0,0,29,36
2020-09-29,US,Arkansas,Crawford,1436,16,0,35.58928601,-94.2446814,5033.0,2270.10449436426,1.1142061281337048,1420,1415,15,0,1400,1402,63406,21,1,0,20,13
2020-09-29,US,Arkansas,Crittenden,1959,46,0,35.21247318,-90.30839406,5035.0,4085.079762277135,2.348136804492088,1913,1948,46,0,1902,1945,48342,11,0,0,11,3
2020-09-29,US,Arkansas,Cross,446,13,0,35.29631396,-90.77185818,5037.0,2716.365186673975,2.914798206278027,433,440,13,0,427,434,16676,6,0,0,6,6
2020-09-29,US,Arkansas,Dallas,166,4,0,33.97042763,-92.65167437,5039.0,2368.383506919675,2.409638554216868,162,163,4,0,159,162,7182,3,0,0,3,1
2020-09-29,US,Arkansas,Desha,300,6,0,33.83011025,-91.25500948,5041.0,2640.612622128334,2.0,294,297,5,0,292,294,11512,3,1,0,2,3
2020-09-29,US,Arkansas,Drew,357,7,0,33.59035001,-91.71777921,5043.0,1959.4928371480325,1.96078431372549,350,357,7,0,350,357,18328,0,0,0,0,0
2020-09-29,US,Arkansas,Faulkner,2531,20,0,35.14719007,-92.33717519,5045.0,2008.618568809669,0.7902015013828526,2511,2502,19,0,2483,2473,124806,29,1,0,28,29
2020-09-29,US,Arkansas,Franklin,286,2,0,35.51202821,-93.89299569,5047.0,1614.4510302003948,0.6993006993006993,284,282,2,0,280,280,17810,4,0,0,4,2
2020-09-29,US,Arkansas,Fulton,169,3,0,36.38177105,-91.81729127,5049.0,1354.4922657690151,1.7751479289940828,166,162,3,0,159,161,12269,7,0,0,7,1
2020-09-29,US,Arkansas,Garland,1930,53,0,34.57692074,-93.14921604,5051.0,1941.9234097357776,2.7461139896373057,1877,1918,53,0,1865,1892,99154,12,0,0,12,26
2020-09-29,US,Arkansas,Grant,271,2,0,34.29017991,-92.42320562,5053.0,1483.7120175198468,0.7380073800738007,269,269,2,0,267,266,18188,2,0,0,2,3
2020-09-29,US,Arkansas,Greene,894,10,0,36.11735460000001,-90.55832668,5055.0,1972.4214009928296,1.1185682326621924,884,883,10,0,873,873,45325,11,0,0,11,10
2020-09-29,US,Arkansas,Hempstead,376,4,0,33.73325583,-93.66935133,5057.0,1746.2381571614346,1.0638297872340423,372,371,4,0,367,369,21741,5,0,0,5,2
2020-09-29,US,Arkansas,Hot Spring,1917,27,0,34.31709259,-92.95396325,5059.0,5676.467975481923,1.4084507042253518,1890,1913,27,0,1886,1904,33701,4,0,0,4,9
2020-09-29,US,Arkansas,Howard,482,12,0,34.09007427,-93.9934871,5061.0,3650.961975458264,2.489626556016597,470,472,12,0,460,471,13341,10,0,0,10,1
2020-09-29,US,Arkansas,Independence,1116,20,0,35.74242707,-91.57001641,5063.0,2950.429610046265,1.7921146953405018,1096,1103,20,0,1083,1095,37678,13,0,0,13,8
2020-09-29,US,Arkansas,Izard,252,0,0,36.09604046,-91.90847954,5065.0,1848.9984591679504,0.0,252,244,0,0,244,244,13593,8,0,0,8,0
2020-09-29,US,Arkansas,Jackson,335,1,0,35.59802983,-91.21494602,5067.0,2003.7083557629044,0.29850746268656714,334,327,1,0,326,324,16811,8,0,0,8,3
2020-09-29,US,Arkansas,Jefferson,3369,77,0,34.26767081,-91.92619839,5069.0,5041.601819705496,2.2855446720094985,3292,3350,75,0,3275,3299,68114,19,2,0,17,51
2020-09-29,US,Arkansas,Johnson,859,7,0,35.56759135,-93.46036368,5071.0,3231.996387990067,0.8149010477299186,852,853,6,0,847,851,26742,6,1,0,5,2
2020-09-29,US,Arkansas,Lafayette,114,2,0,33.24116713,-93.60677071,5073.0,1721.0144927536232,1.7543859649122806,112,114,2,0,112,107,6682,0,0,0,0,7
2020-09-29,US,Arkansas,Lawrence,449,12,0,36.04188196,-91.10867198,5075.0,2736.8036084359383,2.67260579064588,437,442,12,0,430,441,16434,7,0,0,7,1
2020-09-29,US,Arkansas,Lee,1063,18,0,34.78498904,-90.78383866,5077.0,12001.80648074969,1.6933207902163687,1045,1062,18,0,1044,1057,8985,1,0,0,1,5
2020-09-29,US,Arkansas,Lincoln,2020,15,0,33.95317155,-91.74002806,5079.0,15509.82800982801,0.7425742574257426,2005,2019,15,0,2004,2013,13383,1,0,0,1,6
2020-09-29,US,Arkansas,Little River,359,25,0,33.70375665,-94.23468591,5081.0,2928.4607227343176,6.963788300835653,334,358,25,0,333,358,12326,1,0,0,1,0
2020-09-29,US,Arkansas,Logan,415,1,0,35.21413234,-93.71951016,5083.0,1933.2898537221647,0.24096385542168675,414,411,1,0,410,407,21737,4,0,0,4,4
2020-09-29,US,Arkansas,Lonoke,1210,16,0,34.75392199,-91.88742357,5085.0,1650.5476817307556,1.3223140495867771,1194,1193,13,0,1180,1181,73657,17,3,0,14,12
2020-09-29,US,Arkansas,Madison,357,3,0,36.01038185,-93.72524943,5087.0,2153.7162162162163,0.8403361344537815,354,355,3,0,352,352,16481,2,0,0,2,3
2020-09-29,US,Arkansas,Marion,99,0,0,36.26844485,-92.68451899,5089.0,593.0274350065891,0.0,99,99,0,0,99,98,16722,0,0,0,0,1
2020-09-29,US,Arkansas,Miller,841,11,0,33.31403423,-93.89285258,5091.0,1944.1940032827054,1.3079667063020215,830,833,11,0,822,828,43592,8,0,0,8,5
2020-09-29,US,Arkansas,Mississippi,1694,51,0,35.76271485,-90.05194370000002,5093.0,4167.179159184276,3.0106257378984647,1643,1689,50,0,1639,1681,41239,5,1,0,4,8
2020-09-29,US,Arkansas,Monroe,135,0,0,34.6815935,-91.20540287,5095.0,2014.6246828831518,0.0,135,134,0,0,134,131,6900,1,0,0,1,3
2020-09-29,US,Arkansas,Montgomery,154,5,0,34.53704874,-93.65824478,5097.0,1713.7769864233248,3.2467532467532467,149,154,5,0,149,151,8924,0,0,0,0,3
2020-09-29,US,Arkansas,Nevada,223,13,0,33.66340119,-93.30632432,5099.0,2702.3751817741154,5.829596412556054,210,221,13,0,208,220,8326,2,0,0,2,1
2020-09-29,US,Arkansas,Newton,244,19,0,35.91947491,-93.21612969,5101.0,3147.168837869212,7.786885245901638,225,242,19,0,223,241,7805,2,0,0,2,1
2020-09-29,US,Arkansas,Ouachita,264,6,0,33.58839816,-92.87795984,5103.0,1129.0736463946625,2.272727272727273,258,263,6,0,257,263,23606,1,0,0,1,0
2020-09-29,US,Arkansas,Perry,88,0,0,34.945915299999996,-92.94372564,5105.0,841.7025346724057,0.0,88,88,0,0,88,88,10352,0,0,0,0,0
2020-09-29,US,Arkansas,Phillips,509,12,0,34.43268455,-90.84800154,5107.0,2862.445169272298,2.357563850687623,497,495,12,0,483,494,18029,14,0,0,14,1
2020-09-29,US,Arkansas,Pike,231,3,0,34.16250414,-93.65789349,5109.0,2155.252845680164,1.2987012987012987,228,230,3,0,227,227,10673,1,0,0,1,3
2020-09-29,US,Arkansas,Poinsett,663,14,0,35.57433534,-90.66268713,5111.0,2817.9190751445085,2.1116138763197587,649,660,14,0,646,657,23974,3,0,0,3,3
2020-09-29,US,Arkansas,Polk,268,4,0,34.48254879,-94.22728802,5113.0,1342.4163494289721,1.492537313432836,264,266,4,0,262,261,20049,2,0,0,2,5
2020-09-29,US,Arkansas,Pope,2153,31,0,35.44871474,-93.03212219,5115.0,3360.2821825446367,1.4398513701811426,2122,2140,31,0,2109,2127,64000,13,0,0,13,13
2020-09-29,US,Arkansas,Prairie,150,2,0,34.83624419,-91.55162157,5117.0,1860.5805011163488,1.3333333333333333,148,150,2,0,148,150,8074,0,0,0,0,0
2020-09-29,US,Arkansas,Pulaski,9422,152,0,34.77054088,-92.31355101,5119.0,2404.117261316983,1.6132455954149862,9270,9351,149,0,9202,9163,392680,71,3,0,68,188
2020-09-29,US,Arkansas,Randolph,430,22,0,36.3415714,-91.02455531,5121.0,2394.475999554516,5.116279069767441,408,421,22,0,399,417,17948,9,0,0,9,4
2020-09-29,US,Arkansas,Saline,2116,23,0,34.64916145,-92.67583224,5125.0,1728.2357457304572,1.0869565217391304,2093,2089,23,0,2066,2064,121421,27,0,0,27,25
2020-09-29,US,Arkansas,Scott,106,1,0,34.85588887,-94.0632176,5127.0,1031.028110106021,0.9433962264150944,105,101,1,0,100,101,10319,5,0,0,5,0
2020-09-29,US,Arkansas,Searcy,146,1,0,35.9109364,-92.69936482,5129.0,1852.5567821342472,0.6849315068493149,145,142,1,0,141,142,7958,4,0,0,4,0
2020-09-29,US,Arkansas,Sebastian,3779,60,0,35.19605503,-94.27162713,5131.0,2956.3394275074907,1.5877216194760517,3719,3738,60,0,3678,3704,127753,41,0,0,41,34
2020-09-29,US,Arkansas,Sevier,1206,18,0,33.99780401,-94.2424869,5133.0,7091.197742106191,1.492537313432836,1188,1203,18,0,1185,1203,17139,3,0,0,3,0
2020-09-29,US,Arkansas,Sharp,228,6,0,36.16258158,-91.47819342,5135.0,1307.18954248366,2.631578947368421,222,223,6,0,217,220,17366,5,0,0,5,3
2020-09-29,US,Arkansas,St. Francis,1519,6,0,35.02201976,-90.74828138,5123.0,6077.458590061615,0.3949967083607637,1513,1512,6,0,1506,1506,25439,7,0,0,7,6
2020-09-29,US,Arkansas,Stone,361,13,0,35.86251946,-92.15684085,5137.0,2886.614425075964,3.601108033240997,348,352,13,0,339,347,12457,9,0,0,9,5
2020-09-29,US,Arkansas,Unassigned,1892,0,0,0.0,0.0,90005.0,0.0,0.0,1892,1900,0,0,1900,1772,,-8,0,0,-8,128
2020-09-29,US,Arkansas,Union,901,38,0,33.16887091,-92.59746952,5139.0,2329.248746186857,4.217536071032186,863,894,37,0,857,892,39126,7,1,0,6,2
2020-09-29,US,Arkansas,Van Buren,174,3,0,35.58095779,-92.51295036,5141.0,1051.6772438803264,1.7241379310344829,171,174,3,0,171,174,16603,0,0,0,0,0
2020-09-29,US,Arkansas,Washington,9549,118,0,35.976844,-94.21800746,5143.0,3992.2738275909637,1.235731490208399,9431,9457,118,0,9339,9415,236961,92,0,0,92,42
2020-09-29,US,Arkansas,White,866,27,0,35.25688493,-91.74908296,5145.0,1099.6406486102117,3.117782909930716,839,849,26,0,823,841,78727,17,1,0,16,8
2020-09-29,US,Arkansas,Woodruff,54,0,0,35.18902527,-91.2439489,5147.0,854.4303797468355,0.0,54,53,0,0,53,53,6490,1,0,0,1,0
2020-09-29,US,Arkansas,Yell,1258,29,0,35.00292371,-93.41171338,5149.0,5894.756571856989,2.305246422893482,1229,1256,29,0,1227,1254,21535,2,0,0,2,2
2020-09-29,US,California,Alameda,21323,408,0,37.64629437,-121.8929271,6001.0,1275.8110461794176,1.9134268161140555,20915,21240,406,0,20834,21189,1666753,83,2,0,81,51
2020-09-29,US,California,Alpine,2,0,0,38.59678594,-119.82235940000001,6003.0,177.14791851195747,0.0,2,2,0,0,2,2,1101,0,0,0,0,0
2020-09-29,US,California,Amador,296,16,0,38.44583082,-120.65696000000001,6005.0,744.6166230629906,5.405405405405406,280,296,16,0,280,296,39383,0,0,0,0,0
2020-09-29,US,California,Butte,2837,44,0,39.66727762,-121.6005252,6007.0,1294.3344921664705,1.5509340853013749,2793,2833,44,0,2789,2827,231256,4,0,0,4,6
2020-09-29,US,California,Calaveras,317,14,0,38.20537103,-120.55291299999999,6009.0,690.5565842500816,4.416403785488959,303,317,14,0,303,317,45602,0,0,0,0,0
2020-09-29,US,California,Colusa,532,6,0,39.17881957,-122.2331726,6011.0,2469.021209449111,1.1278195488721805,526,531,6,0,525,529,21627,1,0,0,1,2
2020-09-29,US,California,Contra Costa,16702,206,0,37.91923498,-121.9289527,6013.0,1447.908412987657,1.2333852233265477,16496,16640,206,0,16434,16572,1150215,62,0,0,62,68
2020-09-29,US,California,Del Norte,139,1,0,41.74228275,-123.89740630000001,6015.0,499.78426578455344,0.7194244604316546,138,139,1,0,138,139,27828,0,0,0,0,0
2020-09-29,US,California,El Dorado,1144,4,0,38.77965956,-120.5233166,6017.0,593.2286886223508,0.34965034965034963,1140,1130,4,0,1126,1127,190678,14,0,0,14,3
2020-09-29,US,California,Fresno,28517,390,0,36.75733899,-119.6466953,6019.0,2854.2659851206236,1.3676052880737806,28127,28441,382,0,28059,28336,994400,76,8,0,68,105
2020-09-29,US,California,Glenn,593,3,0,39.59875897,-122.3938452,6021.0,2088.542950727292,0.5059021922428331,590,578,3,0,575,578,28047,15,0,0,15,0
2020-09-29,US,California,Humboldt,509,8,0,40.69923009,-123.876044,6023.0,375.4850322371236,1.5717092337917484,501,508,8,0,500,501,136373,1,0,0,1,7
2020-09-29,US,California,Imperial,11877,317,0,33.0393082,-115.36690420000001,6025.0,6554.09320420495,2.669024164351267,11560,11852,317,0,11535,11835,181827,25,0,0,25,17
2020-09-29,US,California,Inyo,188,15,0,36.51112084,-117.41119779999998,6027.0,1042.1863739675148,7.978723404255319,173,188,15,0,173,187,17987,0,0,0,0,1
2020-09-29,US,California,Kern,32019,369,0,35.34329425,-118.72777959999999,6029.0,3556.868347326489,1.1524407383116275,31650,31994,369,0,31625,31947,896764,25,0,0,25,47
2020-09-29,US,California,Kings,7661,80,0,36.07409056,-119.8159973,6031.0,5009.153916568589,1.0442500978984466,7581,7651,80,0,7571,7569,151366,10,0,0,10,82
2020-09-29,US,California,Lake,559,11,0,39.10124298,-122.75362439999999,6033.0,868.2011617432361,1.9677996422182469,548,555,11,0,544,549,64382,4,0,0,4,6
2020-09-29,US,California,Lassen,741,0,0,40.67311306,-120.59350990000002,6035.0,2423.70719262094,0.0,741,740,0,0,740,740,30802,1,0,0,1,0
2020-09-29,US,California,Los Angeles,269284,6551,0,34.30828379,-118.22824109999999,6037.0,2682.350133333573,2.4327475824779787,262733,268455,6515,0,261940,267801,10105518,829,36,0,793,654
2020-09-29,US,California,Madera,4557,65,0,37.21513971,-119.76655890000002,6039.0,2896.5149020829217,1.4263770024138689,4492,4539,65,0,4474,4481,157672,18,0,0,18,58
2020-09-29,US,California,Marin,6727,118,0,38.07122463,-122.72106310000001,6041.0,2599.043372767805,1.7541251672365097,6609,6730,118,0,6612,6716,259666,-3,0,0,-3,14
2020-09-29,US,California,Mariposa,76,2,0,37.57978556,-119.9073334,6043.0,441.7834098703714,2.631578947368421,74,75,2,0,73,75,17471,1,0,0,1,0
2020-09-29,US,California,Mendocino,939,18,0,39.4381191,-123.39113130000001,6045.0,1082.4332268959872,1.9169329073482428,921,934,18,0,916,931,87606,5,0,0,5,3
2020-09-29,US,California,Merced,8939,143,0,37.18922369,-120.72090349999999,6047.0,3219.17314894843,1.5997315135921244,8796,8872,142,0,8730,8872,274765,67,1,0,66,0
2020-09-29,US,California,Modoc,27,0,0,41.58965602,-120.7244817,6049.0,305.3953172718018,0.0,27,27,0,0,27,27,8777,0,0,0,0,0
2020-09-29,US,California,Mono,166,2,0,37.93899289,-118.8872409,6051.0,1149.2661312655773,1.2048192771084338,164,166,2,0,164,165,14250,0,0,0,0,1
2020-09-29,US,California,Monterey,10008,72,0,36.21862405,-121.24133970000001,6053.0,2305.6667150469634,0.7194244604316546,9936,9953,72,0,9881,9884,435594,55,0,0,55,69
2020-09-29,US,California,Napa,1705,13,0,38.50735751,-122.33283899999999,6055.0,1237.8034614937856,0.7624633431085044,1692,1690,13,0,1677,1681,139417,15,0,0,15,9
2020-09-29,US,California,Nevada,540,7,0,39.30394768,-120.76272809999999,6057.0,541.3262493108115,1.2962962962962965,533,537,7,0,530,534,99696,3,0,0,3,3
2020-09-29,US,California,Orange,53557,1249,0,33.70147516,-117.76459979999998,6059.0,1686.4670755224374,2.332094777526747,52308,53448,1216,0,52232,53315,3185968,109,33,0,76,133
2020-09-29,US,California,Placer,3596,45,0,39.06167234,-120.72405690000001,6061.0,902.7713272194592,1.2513904338153503,3551,3587,45,0,3542,3577,393149,9,0,0,9,10
2020-09-29,US,California,Plumas,50,0,0,40.00355989,-120.8395236,6063.0,265.85845695751584,0.0,50,50,0,0,50,50,18804,0,0,0,0,0
2020-09-29,US,California,Riverside,59173,1216,0,33.74314981,-115.9933578,6065.0,2395.138564511651,2.054991296706268,57957,58932,1206,0,57726,58178,2450758,241,10,0,231,754
2020-09-29,US,California,Sacramento,22438,412,0,38.45106826,-121.34253740000001,6067.0,1445.6933954787771,1.8361707817096,22026,22356,406,0,21950,22269,1540975,82,6,0,76,87
2020-09-29,US,California,San Benito,1348,11,0,36.60308176,-121.069975,6069.0,2146.223411030442,0.8160237388724035,1337,1348,11,0,1337,1345,61537,0,0,0,0,3
2020-09-29,US,California,San Bernardino,54849,952,0,34.84060306,-116.1774685,6071.0,2515.911076861682,1.7356743058214366,53897,54482,925,0,53557,54478,2171603,367,27,0,340,4
2020-09-29,US,California,San Diego,46985,781,0,33.03484597,-116.73653259999999,6073.0,1407.4402470696427,1.6622326274342876,46204,46734,776,0,45958,46610,3343364,251,5,0,246,124
2020-09-29,US,California,San Francisco,11238,101,0,37.75215114,-122.43856720000001,6075.0,1274.8015141529286,0.8987364299697455,11137,11195,101,0,11094,11143,883305,43,0,0,43,52
2020-09-29,US,California,San Joaquin,20357,447,0,37.93433732,-121.2730061,6077.0,2671.00353212237,2.195804882841283,19910,20245,441,0,19804,20194,752660,112,6,0,106,51
2020-09-29,US,California,San Luis Obispo,3597,29,0,35.38822029,-120.4039028,6079.0,1270.526401305495,0.8062274117319989,3568,3562,29,0,3533,3546,284010,35,0,0,35,16
2020-09-29,US,California,San Mateo,9950,150,0,37.422880799999994,-122.32755459999998,6081.0,1297.9846668223379,1.5075376884422111,9800,9897,150,0,9747,9843,769545,53,0,0,53,54
2020-09-29,US,California,Santa Barbara,9133,113,0,34.65329488,-120.0188492,6083.0,2045.4693067621647,1.2372714332639878,9020,9090,113,0,8977,9061,446527,43,0,0,43,29
2020-09-29,US,California,Santa Clara,21294,318,0,37.23104908,-121.6970462,6085.0,1101.7961959735499,1.4933784164553396,20976,21241,314,0,20927,21153,1937570,53,4,0,49,88
2020-09-29,US,California,Santa Cruz,2379,9,0,37.05580291,-122.0066524,6087.0,870.7491956824895,0.37831021437578816,2370,2360,9,0,2351,2358,274255,19,0,0,19,2
2020-09-29,US,California,Shasta,883,20,0,40.76391419,-122.0396884,6089.0,490.3376277210129,2.2650056625141564,863,883,17,0,866,856,180040,0,3,0,-3,27
2020-09-29,US,California,Sierra,6,0,0,39.57713498,-120.52007009999998,6091.0,199.6672212978369,0.0,6,6,0,0,6,6,2987,0,0,0,0,0
2020-09-29,US,California,Siskiyou,165,0,0,41.59198861,-122.54074340000001,6093.0,378.9705781023909,0.0,165,165,0,0,165,165,43724,0,0,0,0,0
2020-09-29,US,California,Solano,6419,69,0,38.26827353,-121.9357113,6095.0,1433.955183036482,1.0749337903100171,6350,6400,65,0,6335,6309,446610,19,4,0,15,91
2020-09-29,US,California,Sonoma,7412,122,0,38.52746429,-122.88625060000001,6097.0,1499.3850336613157,1.6459794927145168,7290,7412,122,0,7290,7412,499942,0,0,0,0,0
2020-09-29,US,California,Stanislaus,16496,359,0,37.55862499,-120.9970722,6099.0,2995.6779137761964,2.1762851600387974,16137,16471,356,0,16115,16452,549815,25,3,0,22,19
2020-09-29,US,California,Sutter,1717,11,0,39.03417539,-121.6945899,6101.0,1770.6324571263574,0.6406523005241701,1706,1705,11,0,1694,1705,96807,12,0,0,12,0
2020-09-29,US,California,Tehama,579,5,0,40.12570935,-122.23701709999999,6103.0,889.6195685575562,0.8635578583765112,574,573,5,0,568,560,63916,6,0,0,6,13
2020-09-29,US,California,Trinity,16,0,0,40.64917670000001,-123.114713,6105.0,130.24013024013024,0.0,16,16,0,0,16,16,12535,0,0,0,0,0
2020-09-29,US,California,Tulare,16071,263,0,36.22026558,-118.8020203,6107.0,3447.2699192398027,1.6364880841266878,15808,15970,263,0,15707,15970,465861,101,0,0,101,0
2020-09-29,US,California,Tuolumne,227,4,0,38.02644018,-119.95250929999999,6109.0,416.6819633613569,1.7621145374449338,223,227,4,0,223,227,54539,0,0,0,0,0
2020-09-29,US,California,Ventura,12812,150,0,34.44465746,-119.09106129999999,6111.0,1514.4100632856037,1.1707773961910708,12662,12775,150,0,12625,12729,850967,37,0,0,37,46
2020-09-29,US,California,Yolo,2825,55,0,38.68278902,-121.90182879999999,6113.0,1281.1791383219957,1.9469026548672568,2770,2815,55,0,2760,2803,220408,10,0,0,10,12
2020-09-29,US,California,Yuba,1158,8,0,39.26255932,-121.35356440000001,6115.0,1472.0089490008645,0.690846286701209,1150,1153,7,0,1146,1153,78041,5,1,0,4,0
2020-09-29,US,Colorado,Adams,9256,226,0,39.87432092,-104.3362578,8001.0,1788.872117675935,2.4416594641313742,9030,9149,226,0,8923,9099,511868,107,0,0,107,50
2020-09-29,US,Colorado,Alamosa,243,9,0,37.57250606,-105.7885451,8003.0,1496.9506560709665,3.703703703703704,234,242,9,0,233,242,16683,1,0,0,1,0
2020-09-29,US,Colorado,Arapahoe,9354,371,0,39.64977461,-104.3353617,8005.0,1424.63333282566,3.9662176608937347,8983,9298,371,0,8927,9239,651215,56,0,0,56,59
2020-09-29,US,Colorado,Archuleta,54,0,0,37.19474156,-107.04768670000001,8007.0,384.9169577304157,0.0,54,54,0,0,54,54,13765,0,0,0,0,0
2020-09-29,US,Colorado,Baca,18,0,0,37.31940883,-102.5603223,8009.0,502.65289025411903,0.0,18,17,0,0,17,17,3585,1,0,0,1,0
2020-09-29,US,Colorado,Bent,11,0,0,37.95474293,-103.0720195,8011.0,197.23865877712032,0.0,11,11,0,0,11,11,5882,0,0,0,0,0
2020-09-29,US,Colorado,Boulder,4396,79,0,40.09313619,-105.3546767,8013.0,1347.6560104967564,1.797088262056415,4317,4338,79,0,4259,4323,326078,58,0,0,58,15
2020-09-29,US,Colorado,Broomfield,653,33,0,39.95998787,-105.0566324,8014.0,926.7011991768964,5.0535987748851445,620,648,33,0,615,645,69267,5,0,0,5,3
2020-09-29,US,Colorado,Chaffee,334,19,0,38.74745778,-106.19265729999998,8015.0,1640.7938691294946,5.688622754491018,315,334,19,0,315,333,20027,0,0,0,0,1
2020-09-29,US,Colorado,Cheyenne,14,0,0,38.82777431,-102.6032558,8017.0,764.6095030038231,0.0,14,14,0,0,14,14,1876,0,0,0,0,0
2020-09-29,US,Colorado,Clear Creek,39,1,0,39.68864463,-105.6463118,8019.0,402.06185567010317,2.5641025641025643,38,39,1,0,38,39,9605,0,0,0,0,0
2020-09-29,US,Colorado,Conejos,34,0,0,37.201606,-106.19174879999998,8021.0,414.38147471054236,0.0,34,34,0,0,34,33,8200,0,0,0,0,1
2020-09-29,US,Colorado,Costilla,32,1,0,37.27732493,-105.4276548,8023.0,823.2570105479805,3.125,31,32,1,0,31,32,3828,0,0,0,0,0
2020-09-29,US,Colorado,Crowley,74,1,0,38.32608609,-103.7844965,8025.0,1220.9206401583895,1.351351351351351,73,73,1,0,72,73,5858,1,0,0,1,0
2020-09-29,US,Colorado,Custer,17,0,0,38.10883162,-105.3683478,8027.0,335.43804262036303,0.0,17,17,0,0,17,17,4954,0,0,0,0,0
2020-09-29,US,Colorado,Delta,189,3,0,38.86246243,-107.86313419999999,8029.0,606.5079263205185,1.5873015873015872,186,189,3,0,186,189,30953,0,0,0,0,0
2020-09-29,US,Colorado,Denver,13298,434,0,39.76018276,-104.87256950000001,8031.0,1828.6302049886483,3.2636486689727784,12864,13208,434,0,12774,13116,716492,90,0,0,90,92
2020-09-29,US,Colorado,Dolores,3,0,0,37.75208676,-108.5211585,8033.0,145.98540145985402,0.0,3,3,0,0,3,3,2074,0,0,0,0,0
2020-09-29,US,Colorado,Douglas,2625,60,0,39.33133796,-104.930001,8035.0,747.5352694259499,2.2857142857142856,2565,2608,60,0,2548,2574,342776,17,0,0,17,34
2020-09-29,US,Colorado,Eagle,1257,10,0,39.62754308,-106.6933637,8037.0,2280.18938088414,0.7955449482895783,1247,1257,10,0,1247,1254,54993,0,0,0,0,3
2020-09-29,US,Colorado,El Paso,6925,173,0,38.83240149,-104.5251411,8041.0,961.2675127671596,2.4981949458483754,6752,6892,173,0,6719,6871,713856,33,0,0,33,21
2020-09-29,US,Colorado,Elbert,163,3,0,39.28656773,-104.13587209999999,8039.0,609.824535149089,1.8404907975460123,160,161,3,0,158,158,26282,2,0,0,2,3
2020-09-29,US,Colorado,Fremont,176,1,0,38.47362326,-105.43996670000001,8043.0,367.9006668199586,0.5681818181818182,175,176,1,0,175,175,48021,0,0,0,0,1
2020-09-29,US,Colorado,Garfield,949,5,0,39.59921777,-107.902708,8045.0,1580.0602720567426,0.5268703898840885,944,947,5,0,942,945,59770,2,0,0,2,2
2020-09-29,US,Colorado,Gilpin,19,0,0,39.85646523,-105.5252597,8047.0,304.340861765177,0.0,19,18,0,0,18,18,6121,1,0,0,1,0
2020-09-29,US,Colorado,Grand,74,1,0,40.10603347,-106.11780420000001,8049.0,470.3190542773612,1.351351351351351,73,74,1,0,73,74,15525,0,0,0,0,0
2020-09-29,US,Colorado,Gunnison,297,7,0,38.66611652,-107.0320729,8051.0,1700.8361012484256,2.356902356902357,290,296,7,0,289,296,17246,1,0,0,1,0
2020-09-29,US,Colorado,Hinsdale,3,0,0,37.82247444,-107.3004345,8053.0,365.8536585365854,0.0,3,3,0,0,3,3,811,0,0,0,0,0
2020-09-29,US,Colorado,Huerfano,24,1,0,37.68473101,-104.9612585,8055.0,347.97738147020436,4.166666666666667,23,23,1,0,22,23,6889,1,0,0,1,0
2020-09-29,US,Colorado,Jackson,9,0,0,40.66593870000001,-106.3408905,8057.0,646.5517241379309,0.0,9,9,0,0,9,9,1399,0,0,0,0,0
2020-09-29,US,Colorado,Jefferson,5789,252,0,39.58635604,-105.2517692,8059.0,993.1701324970276,4.353083434099154,5537,5745,250,0,5495,5716,580233,44,2,0,42,29
2020-09-29,US,Colorado,Kiowa,1,0,0,38.43260896,-102.7392145,8061.0,71.12375533428165,0.0,1,1,0,0,1,1,1383,0,0,0,0,0
2020-09-29,US,Colorado,Kit Carson,79,3,0,39.30497777,-102.60221990000001,8063.0,1113.1463998872764,3.79746835443038,76,79,3,0,76,79,7163,0,0,0,0,0
2020-09-29,US,Colorado,La Plata,263,2,0,37.28632032,-107.8429014,8067.0,467.7967307589691,0.7604562737642585,261,262,2,0,260,260,56310,1,0,0,1,2
2020-09-29,US,Colorado,Lake,96,0,0,39.20278823,-106.35556969999999,8065.0,1181.2476928755998,0.0,96,95,0,0,95,94,7824,1,0,0,1,1
2020-09-29,US,Colorado,Larimer,2601,52,0,40.66671597,-105.4625784,8069.0,728.7776093516652,1.9992310649750096,2549,2560,52,0,2508,2530,350518,41,0,0,41,30
2020-09-29,US,Colorado,Las Animas,25,0,0,37.3153406,-104.03764579999999,8071.0,172.34247897421756,0.0,25,25,0,0,25,25,14503,0,0,0,0,0
2020-09-29,US,Colorado,Lincoln,10,0,0,38.98749519,-103.51366490000001,8073.0,175.40782318891422,0.0,10,10,0,0,10,11,5610,0,0,0,0,-1
2020-09-29,US,Colorado,Logan,878,6,0,40.7249637,-103.110817,8075.0,3918.068633138471,0.683371298405467,872,873,6,0,867,868,21528,5,0,0,5,5
2020-09-29,US,Colorado,Mesa,636,7,0,39.01787888,-108.469799,8077.0,412.4246157836717,1.1006289308176103,629,629,7,0,622,615,153207,7,0,0,7,14
2020-09-29,US,Colorado,Mineral,20,0,0,37.66954283,-106.92816979999999,8079.0,2600.780234070221,0.0,20,20,0,0,20,20,776,0,0,0,0,0
2020-09-29,US,Colorado,Moffat,42,1,0,40.61810999,-108.2070876,8081.0,316.1936309568621,2.380952380952381,41,42,1,0,41,42,13188,0,0,0,0,0
2020-09-29,US,Colorado,Montezuma,139,5,0,37.33859579,-108.59588570000001,8083.0,530.8788144979567,3.5971223021582728,134,138,5,0,133,138,26158,1,0,0,1,0
2020-09-29,US,Colorado,Montrose,384,13,0,38.40214114,-108.26390220000002,8085.0,898.0775527386688,3.3854166666666665,371,383,13,0,370,383,42214,1,0,0,1,0
2020-09-29,US,Colorado,Morgan,755,48,0,40.26279810000001,-103.8093302,8087.0,2597.357919361497,6.357615894039736,707,750,48,0,702,747,28558,5,0,0,5,3
2020-09-29,US,Colorado,Otero,98,6,0,37.9014485,-103.7173385,8089.0,536.1636940584309,6.1224489795918355,92,97,6,0,91,96,18432,1,0,0,1,1
2020-09-29,US,Colorado,Ouray,25,1,0,38.14717457,-107.7675136,8091.0,504.8465266558966,4.0,24,25,1,0,24,25,4833,0,0,0,0,0
2020-09-29,US,Colorado,Park,58,1,0,39.120926000000004,-105.7182065,8093.0,307.7739453435925,1.7241379310344829,57,57,1,0,56,57,18556,1,0,0,1,0
2020-09-29,US,Colorado,Phillips,34,0,0,40.59414277,-102.3577703,8095.0,797.1864009378662,0.0,34,34,0,0,34,34,4286,0,0,0,0,0
2020-09-29,US,Colorado,Pitkin,223,2,0,39.21720112,-106.9310027,8097.0,1255.1359261552316,0.8968609865470852,221,223,2,0,221,223,17950,0,0,0,0,0
2020-09-29,US,Colorado,Prowers,94,0,0,37.95544985,-102.3926052,8099.0,772.2642129477489,0.0,94,94,0,0,94,94,12164,0,0,0,0,0
2020-09-29,US,Colorado,Pueblo,1114,37,0,38.17359144,-104.5127437,8101.0,661.4259250463117,3.3213644524236985,1077,1091,37,0,1054,1090,167529,23,0,0,23,1
2020-09-29,US,Colorado,Rio Blanco,26,0,0,39.97913541,-108.2179009,8103.0,411.13219481340917,0.0,26,26,0,0,26,26,6336,0,0,0,0,0
2020-09-29,US,Colorado,Rio Grande,96,2,0,37.5836865,-106.3847838,8105.0,852.0457974616136,2.083333333333333,94,96,2,0,94,96,11250,0,0,0,0,0
2020-09-29,US,Colorado,Routt,158,8,0,40.48596505,-106.9905548,8107.0,616.2727201809812,5.063291139240507,150,158,8,0,150,155,25733,0,0,0,0,3
2020-09-29,US,Colorado,Saguache,111,2,0,38.08054629,-106.28246599999999,8109.0,1626.6119577960142,1.8018018018018016,109,111,2,0,109,111,6843,0,0,0,0,0
2020-09-29,US,Colorado,San Juan,6,0,0,37.76248981,-107.67632890000002,8111.0,824.1758241758242,0.0,6,6,0,0,6,6,762,0,0,0,0,0
2020-09-29,US,Colorado,San Miguel,97,0,0,38.00450883,-108.4020725,8113.0,1185.964054285365,0.0,97,97,0,0,97,97,8191,0,0,0,0,0
2020-09-29,US,Colorado,Sedgwick,15,1,0,40.87595412,-102.3519227,8115.0,667.2597864768683,6.666666666666668,14,15,1,0,14,15,2303,0,0,0,0,0
2020-09-29,US,Colorado,Summit,463,4,0,39.63803232,-106.1150762,8117.0,1493.01860630099,0.8639308855291576,459,463,4,0,459,462,31007,0,0,0,0,1
2020-09-29,US,Colorado,Teller,177,4,0,38.88133511,-105.16148929999999,8119.0,697.1797699700647,2.2598870056497176,173,176,4,0,172,176,25083,1,0,0,1,0
2020-09-29,US,Colorado,Washington,64,0,0,39.97015535,-103.202587,8121.0,1303.9934800325998,0.0,64,61,0,0,61,61,4909,3,0,0,3,0
2020-09-29,US,Colorado,Weld,4763,150,0,40.55499405,-104.39296209999999,8123.0,1467.8327971105607,3.1492756665966826,4613,4741,150,0,4591,4712,314305,22,0,0,22,29
2020-09-29,US,Colorado,Yuma,124,1,0,40.00346839,-102.4258673,8125.0,1237.6484679109692,0.8064516129032258,123,122,1,0,121,114,10020,2,0,0,2,8
2020-09-29,US,Connecticut,Fairfield,20190,1422,0,41.26809896,-73.3881171,9001.0,2140.285710651181,7.043090638930162,18768,20141,1422,0,18719,20015,943823,49,0,0,49,126
2020-09-29,US,Connecticut,Hartford,14737,1436,0,41.80283011,-72.73103891,9003.0,1652.6488135289105,9.744181312343082,13301,14670,1434,0,13236,14539,892697,67,2,0,65,131
2020-09-29,US,Connecticut,Litchfield,1874,141,0,41.7937534,-73.2451475,9005.0,1039.1886121785808,7.524012806830308,1733,1872,141,0,1731,1857,181111,2,0,0,2,15
2020-09-29,US,Connecticut,Middlesex,1588,193,0,41.45949668,-72.53714864,9007.0,977.6157994533232,12.153652392947107,1395,1583,193,0,1390,1566,162682,5,0,0,5,17
2020-09-29,US,Connecticut,New Haven,14451,1115,0,41.408032500000004,-72.93620426,9009.0,1690.6559408112478,7.715729015293058,13336,14434,1115,0,13319,14340,857620,17,0,0,17,94
2020-09-29,US,Connecticut,New London,1994,115,0,41.48896435,-72.10430976,9011.0,751.8683589360724,5.767301905717153,1879,1959,115,0,1844,1843,266784,35,0,0,35,116
2020-09-29,US,Connecticut,Tolland,1359,67,0,41.85853803,-72.3308481,9013.0,901.6659921311563,4.930095658572481,1292,1356,67,0,1289,1337,150921,3,0,0,3,19
2020-09-29,US,Connecticut,Unassigned,146,0,0,0.0,0.0,90009.0,0.0,0.0,146,147,0,0,147,132,,-1,0,0,-1,15
2020-09-29,US,Connecticut,Windham,990,16,0,41.82972709,-71.98182316,9015.0,847.7333835693856,1.616161616161616,974,985,16,0,969,958,117027,5,0,0,5,27
2020-09-29,US,Delaware,Kent,2949,117,0,39.08646628,-75.56884914,10001.0,1631.2103813348376,3.9674465920651074,2832,2937,116,0,2821,2925,178550,12,1,0,11,12
2020-09-29,US,Delaware,New Castle,10309,312,0,39.57992638,-75.64054974,10003.0,1845.0012796351873,3.0264817150063053,9997,10198,312,0,9886,10106,559335,111,0,0,111,92
2020-09-29,US,Delaware,Sussex,6782,206,0,38.66143781,-75.39031349,10005.0,2895.5064574661114,3.0374520790327337,6576,6761,206,0,6555,6740,229286,21,0,0,21,21
2020-09-29,US,Delaware,Unassigned,491,0,0,0.0,0.0,90010.0,0.0,0.0,491,493,0,0,493,489,,-2,0,0,-2,4
2020-09-29,US,District of Columbia,District of Columbia,15300,626,0,38.90417773,-77.01655992,11001.0,2167.909554246623,4.091503267973857,14674,15264,624,0,14640,15250,702455,36,2,0,34,14
2020-09-29,US,Florida,Alachua,8230,56,0,29.67866525,-82.35928158,12001.0,3058.9905702805872,0.6804374240583232,8174,8164,56,0,8108,8109,269956,66,0,0,66,55
2020-09-29,US,Florida,Baker,1475,12,0,30.33060121,-82.28467476,12003.0,5049.640534063677,0.8135593220338984,1463,1472,12,0,1460,1470,28355,3,0,0,3,2
2020-09-29,US,Florida,Bay,6106,105,0,30.26548745,-85.62122584,12005.0,3495.0344867061617,1.7196200458565345,6001,6063,104,0,5959,6057,185287,43,1,0,42,6
2020-09-29,US,Florida,Bradford,1127,8,0,29.95079741,-82.16611613,12007.0,3996.312187511081,0.709849157054126,1119,1102,8,0,1094,1099,27732,25,0,0,25,3
2020-09-29,US,Florida,Brevard,8983,295,0,28.29409504,-80.73091022,12009.0,1492.3364709556736,3.283980852721808,8688,8848,293,0,8555,8841,596849,135,2,0,133,7
2020-09-29,US,Florida,Broward,77122,1384,0,26.15184651,-80.48725556,12011.0,3949.348056973194,1.7945592697284822,75738,76874,1380,0,75494,76854,1951260,248,4,0,244,20
2020-09-29,US,Florida,Calhoun,616,11,0,30.40666734,-85.19394153,12013.0,4367.245657568238,1.7857142857142858,605,615,11,0,604,615,14587,1,0,0,1,0
2020-09-29,US,Florida,Charlotte,3074,136,0,26.90131002,-81.92949121,12015.0,1627.2298978349481,4.424202992843201,2938,3046,135,0,2911,3039,184998,28,1,0,27,7
2020-09-29,US,Florida,Citrus,2763,103,0,28.84804315,-82.47614748,12017.0,1846.2216936060456,3.7278320665942815,2660,2743,103,0,2640,2745,147929,20,0,0,20,-2
2020-09-29,US,Florida,Clay,5127,100,0,29.98319144,-81.85609986,12019.0,2338.4051228723115,1.9504583577140628,5027,5091,100,0,4991,5077,216072,36,0,0,36,14
2020-09-29,US,Florida,Collier,12732,218,0,26.11091986,-81.34687065,12021.0,3307.854986464087,1.712221174992146,12514,12692,216,0,12476,12681,378488,40,2,0,38,11
2020-09-29,US,Florida,Columbia,3828,56,0,30.22509788,-82.62160164,12023.0,5339.954802890384,1.4629049111807733,3772,3790,54,0,3736,3787,70503,38,2,0,36,3
2020-09-29,US,Florida,DeSoto,1566,25,0,27.18677893,-81.80941373,12027.0,4120.944185679325,1.5964240102171137,1541,1565,25,0,1540,1563,37489,1,0,0,1,2
2020-09-29,US,Florida,Dixie,834,8,0,29.60631086,-83.15724673,12029.0,4956.6147628669905,0.9592326139088728,826,832,7,0,825,832,16700,2,1,0,1,0
2020-09-29,US,Florida,Duval,30418,385,0,30.33225875,-81.66976468,12031.0,3175.968802042276,1.2656979420080217,30033,30264,379,0,29885,30207,950181,154,6,0,148,57
2020-09-29,US,Florida,Escambia,12319,230,0,30.67652764,-87.37284571,12033.0,3870.05365737192,1.8670346619043756,12089,12249,228,0,12021,12243,315534,70,2,0,68,6
2020-09-29,US,Florida,Flagler,1744,25,0,29.45933576,-81.31508595,12035.0,1515.4543321660394,1.43348623853211,1719,1729,23,0,1706,1726,112067,15,2,0,13,3
2020-09-29,US,Florida,Franklin,626,4,0,29.83791238,-84.82731662,12037.0,5162.8865979381435,0.6389776357827476,622,613,3,0,610,614,11736,13,1,0,12,-1
2020-09-29,US,Florida,Gadsden,2828,47,0,30.57796289,-84.61915825,12039.0,6193.604905825668,1.661951909476662,2781,2797,46,0,2751,2797,45894,31,1,0,30,0
2020-09-29,US,Florida,Gilchrist,512,12,0,29.72856978,-82.79880657,12041.0,2755.3546442794104,2.34375,500,511,12,0,499,511,18256,1,0,0,1,0
2020-09-29,US,Florida,Glades,541,4,0,26.95635849,-81.18996211,12043.0,3917.167475200927,0.7393715341959335,537,540,4,0,536,540,13724,1,0,0,1,0
2020-09-29,US,Florida,Gulf,875,14,0,29.93543004,-85.24270990000002,12045.0,6415.426350905492,1.6,861,875,14,0,861,875,16164,0,0,0,0,0
2020-09-29,US,Florida,Hamilton,853,8,0,30.49673973,-82.94998918,12047.0,5912.1153313002515,0.9378663540445488,845,850,8,0,842,849,14310,3,0,0,3,1
2020-09-29,US,Florida,Hardee,1364,11,0,27.49293939,-81.80956574,12049.0,5063.667075026915,0.8064516129032258,1353,1361,11,0,1350,1358,27245,3,0,0,3,3
2020-09-29,US,Florida,Hendry,2072,42,0,26.55386945,-81.16469006,12051.0,4930.750559230879,2.0270270270270268,2030,2069,42,0,2027,2069,41556,3,0,0,3,0
2020-09-29,US,Florida,Hernando,3150,125,0,28.55364461,-82.42700204,12053.0,1624.381188118812,3.968253968253968,3025,3127,119,0,3008,3126,190865,23,6,0,17,1
2020-09-29,US,Florida,Highlands,2170,89,0,27.34254618,-81.34071957,12055.0,2042.9105355814768,4.101382488479263,2081,2160,86,0,2074,2156,105424,10,3,0,7,4
2020-09-29,US,Florida,Hillsborough,42118,636,0,27.9276559,-82.32013172,12057.0,2861.339376942977,1.5100432119283915,41482,41947,628,0,41319,41826,1436888,171,8,0,163,121
2020-09-29,US,Florida,Holmes,755,7,0,30.86747479,-85.81319222,12059.0,3848.7026558597136,0.9271523178807948,748,753,7,0,746,753,19477,2,0,0,2,0
2020-09-29,US,Florida,Indian River,3243,117,0,27.69308961,-80.60556721,12061.0,2027.8509032471882,3.6077705827937097,3126,3225,116,0,3109,3219,157413,18,1,0,17,6
2020-09-29,US,Florida,Jackson,2822,79,0,30.795459700000002,-85.21500423,12063.0,6080.06205024346,2.799433026222537,2743,2811,77,0,2734,2810,48305,11,2,0,9,1
2020-09-29,US,Florida,Jefferson,563,9,0,30.43669112,-83.89442308,12065.0,3951.986522532641,1.5985790408525755,554,562,9,0,553,557,14288,1,0,0,1,5
2020-09-29,US,Florida,Lafayette,1233,12,0,29.98484137,-83.18166636,12067.0,14640.227974352883,0.97323600973236,1221,1233,12,0,1221,1233,8732,0,0,0,0,0
2020-09-29,US,Florida,Lake,7517,190,0,28.76202069,-81.7125123,12069.0,2047.5705359039873,2.5276040973792737,7327,7475,190,0,7285,7466,356495,42,0,0,42,9
2020-09-29,US,Florida,Lee,20445,467,0,26.58410348,-81.88399313,12071.0,2653.206623088932,2.284177060405967,19978,20388,467,0,19921,20377,754610,57,0,0,57,11
2020-09-29,US,Florida,Leon,10607,71,0,30.45955727,-84.27491114,12073.0,3612.959922611061,0.6693692844348073,10536,10491,69,0,10422,10482,292502,116,2,0,114,9
2020-09-29,US,Florida,Levy,1040,9,0,29.31829741,-82.74007147,12075.0,2505.842951111968,0.8653846153846154,1031,1037,9,0,1028,1035,40770,3,0,0,3,2
2020-09-29,US,Florida,Liberty,517,8,0,30.23766008,-84.8829258,12077.0,6188.652142686136,1.5473887814313343,509,516,8,0,508,516,8457,1,0,0,1,0
2020-09-29,US,Florida,Madison,1022,20,0,30.44396917,-83.47398594,12079.0,5526.4154004217835,1.9569471624266144,1002,1022,19,0,1003,1014,18529,0,1,0,-1,8
2020-09-29,US,Florida,Manatee,11546,290,0,27.47196942,-82.31831044,12081.0,2863.214904786821,2.5116923609908195,11256,11486,291,0,11195,11458,394855,60,-1,0,61,28
2020-09-29,US,Florida,Marion,9760,289,0,29.21227113,-82.05803627,12083.0,2669.737594336655,2.961065573770492,9471,9713,288,0,9425,9708,359977,47,1,0,46,5
2020-09-29,US,Florida,Martin,4908,142,0,27.0772071,-80.43109784,12085.0,3048.447204968944,2.893235533822331,4766,4894,142,0,4752,4890,160912,14,0,0,14,4
2020-09-29,US,Florida,Miami-Dade,170086,3243,0,25.6112362,-80.55170587,12086.0,6260.20449476249,1.9066825017932103,166843,169466,3228,0,166238,169426,2761581,620,15,0,605,40
2020-09-29,US,Florida,Monroe,1845,22,0,25.20904673,-81.07812416,12087.0,2485.5849544646226,1.1924119241192412,1823,1837,22,0,1815,1835,75027,8,0,0,8,2
2020-09-29,US,Florida,Nassau,2116,45,0,30.61037141,-81.80297522,12089.0,2387.588152327221,2.126654064272212,2071,2100,44,0,2056,2097,85832,16,1,0,15,3
2020-09-29,US,Florida,Okaloosa,5010,113,0,30.69143028,-86.59267105,12091.0,2377.3595649574354,2.255489021956088,4897,4971,109,0,4862,4953,207269,39,4,0,35,18
2020-09-29,US,Florida,Okeechobee,1566,27,0,27.386336199999995,-80.88944347,12093.0,3713.71656232214,1.7241379310344829,1539,1556,27,0,1529,1554,41537,10,0,0,10,2
2020-09-29,US,Florida,Orange,40224,446,0,28.51367621,-81.31799498,12095.0,2886.644103994971,1.1087907716786,39778,39990,444,0,39546,39973,1380645,234,2,0,232,17
2020-09-29,US,Florida,Osceola,12513,148,0,28.06312234,-81.14882926,12097.0,3330.1308579351758,1.1827699192839447,12365,12455,145,0,12310,12438,367990,58,3,0,55,17
2020-09-29,US,Florida,Palm Beach,46485,1350,0,26.64676272,-80.46536002,12099.0,3105.6875805902037,2.9041626331074535,45135,46310,1343,0,44967,46283,1485941,175,7,0,168,27
2020-09-29,US,Florida,Pasco,9279,208,0,28.30810945,-82.40227529,12101.0,1675.0699976712576,2.241620864317276,9071,9233,208,0,9025,9204,539630,46,0,0,46,29
2020-09-29,US,Florida,Pinellas,22129,752,0,27.93130349,-82.72239666,12103.0,2269.650337027024,3.3982556825884584,21377,22049,744,0,21305,22004,975280,80,8,0,72,45
2020-09-29,US,Florida,Polk,19974,529,0,27.95027105,-81.69732947,12105.0,2755.8821540970534,2.6484429758686288,19445,19888,528,0,19360,19849,708009,86,1,0,85,39
2020-09-29,US,Florida,Putnam,2139,39,0,29.60779729,-81.74230285,12107.0,2870.331852766334,1.82328190743338,2100,2130,39,0,2091,2127,74163,9,0,0,9,3
2020-09-29,US,Florida,Santa Rosa,5331,77,0,30.69341450000001,-87.02458128,12113.0,2892.362448660703,1.4443819170887262,5254,5312,76,0,5236,5314,179349,19,1,0,18,-2
2020-09-29,US,Florida,Sarasota,8177,256,0,27.18546175,-82.33174248,12115.0,1885.222090551526,3.1307325424972485,7921,8147,254,0,7893,8142,426718,30,2,0,28,5
2020-09-29,US,Florida,Seminole,9053,211,0,28.7158582,-81.24060348,12117.0,1918.715797772908,2.3307190986413344,8842,9009,209,0,8800,8998,467832,44,2,0,42,11
2020-09-29,US,Florida,St. Johns,5364,70,0,29.90096506,-81.43589967,12109.0,2026.6594124047879,1.3049962714392245,5294,5334,70,0,5264,5308,254261,30,0,0,30,26
2020-09-29,US,Florida,St. Lucie,8054,280,0,27.37763908,-80.47106649,12111.0,2453.2664020688585,3.476533399553017,7774,8009,276,0,7733,8000,321128,45,4,0,41,9
2020-09-29,US,Florida,Sumter,2251,69,0,28.70181754,-82.0794267,12119.0,1699.8942757891555,3.065304309195913,2182,2228,67,0,2161,2222,128754,23,2,0,21,6
2020-09-29,US,Florida,Suwannee,2732,70,0,30.19746066,-82.99099670000003,12121.0,6150.798117837765,2.562225475841874,2662,2717,70,0,2647,2714,44191,15,0,0,15,3
2020-09-29,US,Florida,Taylor,1327,13,0,30.04848048,-83.60445406,12123.0,6152.348277620659,0.9796533534287868,1314,1324,13,0,1311,1322,21623,3,0,0,3,2
2020-09-29,US,Florida,Unassigned,1712,0,0,0.0,0.0,90012.0,0.0,0.0,1712,1690,0,0,1690,1687,,22,0,0,22,3
2020-09-29,US,Florida,Union,966,15,0,30.04412971,-82.37497443,12125.0,6339.8306753297875,1.5527950310559009,951,956,14,0,942,955,14940,10,1,0,9,1
2020-09-29,US,Florida,Volusia,10898,244,0,29.05858895,-81.18263252,12127.0,1969.6936835332306,2.2389429253073962,10654,10834,239,0,10595,10815,547538,64,5,0,59,19
2020-09-29,US,Florida,Wakulla,1139,10,0,30.16548905,-84.39895211,12129.0,3375.9151130738906,0.8779631255487269,1129,1126,10,0,1116,1126,32461,13,0,0,13,0
2020-09-29,US,Florida,Walton,1970,25,0,30.64204028,-86.16935664,12131.0,2659.6103738305137,1.269035532994924,1945,1959,25,0,1934,1958,71375,11,0,0,11,1
2020-09-29,US,Florida,Washington,1077,22,0,30.61359259,-85.66002461,12133.0,4228.006124131433,2.042711234911792,1055,1077,22,0,1055,1076,24880,0,0,0,0,1
2020-09-29,US,Georgia,Appling,1035,29,0,31.74847232,-82.28909114,13001.0,5629.283150222996,2.8019323671497585,1006,1030,28,0,1002,1028,18507,5,1,0,4,2
2020-09-29,US,Georgia,Atkinson,443,3,0,31.29633502,-82.87545866,13003.0,5425.5970606246165,0.6772009029345373,440,441,3,0,438,441,8297,2,0,0,2,0
2020-09-29,US,Georgia,Bacon,599,14,0,31.55456473,-82.45936528,13005.0,5365.46040845575,2.337228714524207,585,598,14,0,584,597,11185,1,0,0,1,1
2020-09-29,US,Georgia,Baker,84,4,0,31.32669878,-84.44218806,13007.0,2764.976958525345,4.761904761904762,80,84,4,0,80,84,3092,0,0,0,0,0
2020-09-29,US,Georgia,Baldwin,2134,57,0,33.06882326,-83.24701748,13009.0,4753.8427266651815,2.6710402999062794,2077,2113,56,0,2057,2109,44823,21,1,0,20,4
2020-09-29,US,Georgia,Banks,487,8,0,34.35607081,-83.49644388,13011.0,2531.974628262452,1.6427104722792607,479,484,8,0,476,482,18988,3,0,0,3,2
2020-09-29,US,Georgia,Barrow,2200,48,0,33.99148694,-83.71436292,13013.0,2642.960115329169,2.1818181818181817,2152,2184,48,0,2136,2174,80809,16,0,0,16,10
2020-09-29,US,Georgia,Bartow,2924,85,0,34.23732119,-84.83887523,13015.0,2713.9913493846184,2.9069767441860463,2839,2913,85,0,2828,2910,106408,11,0,0,11,3
2020-09-29,US,Georgia,Ben Hill,782,24,0,31.76095874,-83.22145359,13017.0,4682.634730538922,3.0690537084398977,758,776,24,0,752,772,16787,6,0,0,6,4
2020-09-29,US,Georgia,Berrien,452,12,0,31.27590016,-83.22529920000002,13019.0,2330.257256276744,2.6548672566371683,440,449,12,0,437,449,19252,3,0,0,3,0
2020-09-29,US,Georgia,Bibb,6075,170,0,32.80904227,-83.70489165,13021.0,3966.4662213777838,2.7983539094650207,5905,6068,170,0,5898,6053,153095,7,0,0,7,15
2020-09-29,US,Georgia,Bleckley,434,21,0,32.43829035,-83.33035166,13023.0,3371.3974986405656,4.838709677419356,413,433,21,0,412,433,12838,1,0,0,1,0
2020-09-29,US,Georgia,Brantley,345,10,0,31.19576557,-81.97743999,13025.0,1805.4319953948398,2.898550724637681,335,344,10,0,334,344,18897,1,0,0,1,0
2020-09-29,US,Georgia,Brooks,523,26,0,30.83922642,-83.58303423,13027.0,3383.580254900692,4.97131931166348,497,523,26,0,497,520,15513,0,0,0,0,3
2020-09-29,US,Georgia,Bryan,1153,11,0,32.00979311,-81.44002948,13029.0,2909.6323213970268,0.9540329575021682,1142,1147,11,0,1136,1147,38109,6,0,0,6,0
2020-09-29,US,Georgia,Bulloch,2885,28,0,32.39577406,-81.74811421,13031.0,3624.007637423376,0.9705372616984402,2857,2882,28,0,2854,2880,77296,3,0,0,3,2
2020-09-29,US,Georgia,Burke,813,10,0,33.05917989,-81.99928721,13033.0,3632.220881919314,1.2300123001230012,803,805,10,0,795,802,22423,8,0,0,8,3
2020-09-29,US,Georgia,Butts,659,42,0,33.283094500000004,-83.95435040000002,13035.0,2642.765479627847,6.3732928679817915,617,657,42,0,615,654,24193,2,0,0,2,3
2020-09-29,US,Georgia,Calhoun,246,8,0,31.53169785,-84.62725131,13037.0,3974.79398933592,3.2520325203252027,238,244,8,0,236,244,6352,2,0,0,2,0
2020-09-29,US,Georgia,Camden,1296,11,0,30.92951916,-81.66601818,13039.0,2370.7606190319393,0.8487654320987654,1285,1290,9,0,1281,1290,53677,6,2,0,4,0
2020-09-29,US,Georgia,Candler,464,19,0,32.40209349,-82.07702563,13043.0,4295.1032120707205,4.094827586206897,445,459,19,0,440,458,10836,5,0,0,5,1
2020-09-29,US,Georgia,Carroll,2798,68,0,33.58138199,-85.07976677,13045.0,2331.822121474765,2.4303073624017157,2730,2788,68,0,2720,2769,118121,10,0,0,10,19
2020-09-29,US,Georgia,Catoosa,1193,18,0,34.89872298,-85.13757014,13047.0,1765.315182006511,1.5088013411567478,1175,1187,18,0,1169,1181,67420,6,0,0,6,6
2020-09-29,US,Georgia,Charlton,634,7,0,30.78371028,-82.13951596,13049.0,4734.169653524492,1.1041009463722398,627,633,7,0,626,633,12968,1,0,0,1,0
2020-09-29,US,Georgia,Chatham,8482,162,0,32.00043026,-81.12489526,13051.0,2930.5877068721284,1.909926904032068,8320,8446,159,0,8287,8428,289195,36,3,0,33,18
2020-09-29,US,Georgia,Chattahoochee,1632,1,0,32.34341231,-84.78809239,13053.0,14962.867883010913,0.06127450980392156,1631,1634,1,0,1633,1633,10684,-2,0,0,-2,1
2020-09-29,US,Georgia,Chattooga,771,22,0,34.47197698,-85.34535662,13055.0,3110.250514341038,2.8534370946822314,749,766,22,0,744,765,24790,5,0,0,5,1
2020-09-29,US,Georgia,Cherokee,6066,92,0,34.24393976,-84.47431861,13057.0,2344.1394581351224,1.5166501813386086,5974,6033,92,0,5941,6021,254149,33,0,0,33,12
2020-09-29,US,Georgia,Clarke,5064,44,0,33.95436462,-83.37124007,13059.0,3946.0457722607935,0.8688783570300158,5020,5035,44,0,4991,5024,127330,29,0,0,29,11
2020-09-29,US,Georgia,Clay,121,2,0,31.62221166,-84.97713865,13061.0,4269.583627381792,1.6528925619834711,119,121,2,0,119,121,2887,0,0,0,0,0
2020-09-29,US,Georgia,Clayton,7090,162,0,33.54187245,-84.35594188,13063.0,2425.955326836746,2.2849083215796897,6928,7094,162,0,6932,7078,289615,-4,0,0,-4,16
2020-09-29,US,Georgia,Clinch,379,6,0,30.91395822,-82.70432472,13065.0,5726.805681474766,1.5831134564643798,373,378,6,0,372,377,6648,1,0,0,1,1
2020-09-29,US,Georgia,Cobb,19634,427,0,33.94243204,-84.5761255,13067.0,2582.9418489464456,2.174798818376286,19207,19576,426,0,19150,19551,756865,58,1,0,57,25
2020-09-29,US,Georgia,Coffee,2061,50,0,31.54892966,-82.85492059999999,13069.0,4762.785108497215,2.4260067928190203,2011,2056,49,0,2007,2053,43093,5,1,0,4,3
2020-09-29,US,Georgia,Colquitt,1890,34,0,31.18810588,-83.7677946,13071.0,4144.736842105263,1.7989417989417988,1856,1882,33,0,1849,1878,45592,8,1,0,7,4
2020-09-29,US,Georgia,Columbia,3760,61,0,33.54534185,-82.263524,13073.0,2399.275112625547,1.6223404255319152,3699,3755,61,0,3694,3741,154291,5,0,0,5,14
2020-09-29,US,Georgia,Cook,549,13,0,31.16068491,-83.42947229,13075.0,3178.9229878401848,2.3679417122040074,536,549,13,0,536,549,17162,0,0,0,0,0
2020-09-29,US,Georgia,Coweta,2617,47,0,33.35334302,-84.76129976,13077.0,1762.1827633342084,1.7959495605655331,2570,2614,46,0,2568,2605,145864,3,1,0,2,9
2020-09-29,US,Georgia,Crawford,166,5,0,32.71391813,-83.98061238,13079.0,1338.2779748468233,3.0120481927710845,161,167,5,0,162,167,12318,-1,0,0,-1,0
2020-09-29,US,Georgia,Crisp,560,17,0,31.92289565,-83.76811843,13081.0,2503.1289111389237,3.0357142857142856,543,557,17,0,540,551,22601,3,0,0,3,6
2020-09-29,US,Georgia,Dade,282,5,0,34.854916700000004,-85.50490424,13083.0,1749.813849590469,1.7730496453900708,277,282,5,0,277,282,16226,0,0,0,0,0
2020-09-29,US,Georgia,Dawson,821,7,0,34.44244079,-84.16964071,13085.0,3144.629998467902,0.8526187576126675,814,814,7,0,807,814,25083,7,0,0,7,0
2020-09-29,US,Georgia,DeKalb,18773,365,0,33.76944049,-84.22396017,13089.0,2472.4185661210304,1.9442816811378043,18408,18699,364,0,18335,18647,756558,74,1,0,73,52
2020-09-29,US,Georgia,Decatur,1156,29,0,30.87967778,-84.57619536,13087.0,4378.124526586881,2.508650519031142,1127,1155,29,0,1126,1149,26575,1,0,0,1,6
2020-09-29,US,Georgia,Dodge,426,12,0,32.17265114,-83.16948926,13091.0,2067.4593545256007,2.8169014084507036,414,426,12,0,414,426,20705,0,0,0,0,0
2020-09-29,US,Georgia,Dooly,338,14,0,32.15630737,-83.79746561,13093.0,2524.2718446601943,4.142011834319527,324,338,14,0,324,338,13706,0,0,0,0,0
2020-09-29,US,Georgia,Dougherty,3152,187,0,31.53328528,-84.21722377,13095.0,3583.6099868115875,5.932741116751269,2965,3149,187,0,2962,3147,91243,3,0,0,3,2
2020-09-29,US,Georgia,Douglas,3571,71,0,33.70291126,-84.77026156,13097.0,2440.157711677361,1.988238588630636,3500,3558,71,0,3487,3550,145331,13,0,0,13,8
2020-09-29,US,Georgia,Early,495,33,0,31.32155345,-84.90255207,13099.0,4857.703631010795,6.666666666666668,462,493,33,0,460,493,10247,2,0,0,2,0
2020-09-29,US,Georgia,Echols,241,2,0,30.71101099,-82.89687287,13101.0,6015.9760359460815,0.8298755186721992,239,240,2,0,238,240,4000,1,0,0,1,0
2020-09-29,US,Georgia,Effingham,1445,23,0,32.36616021,-81.34280942,13103.0,2247.418190867239,1.5916955017301038,1422,1439,23,0,1416,1439,62190,6,0,0,6,0
2020-09-29,US,Georgia,Elbert,677,3,0,34.11302332,-82.83936148,13105.0,3527.1438991351465,0.4431314623338257,674,645,3,0,642,645,19120,32,0,0,32,0
2020-09-29,US,Georgia,Emanuel,1058,31,0,32.59221302,-82.30239915,13107.0,4671.906738496865,2.9300567107750477,1027,1050,31,0,1019,1047,22612,8,0,0,8,3
2020-09-29,US,Georgia,Evans,430,6,0,32.15328841,-81.8870105,13109.0,4036.042800825981,1.3953488372093024,424,428,6,0,422,428,10721,2,0,0,2,0
2020-09-29,US,Georgia,Fannin,658,24,0,34.86430205,-84.316964,13111.0,2512.601191385367,3.64741641337386,634,652,22,0,630,651,25964,6,2,0,4,1
2020-09-29,US,Georgia,Fayette,1860,50,0,33.41357794,-84.49089434,13113.0,1625.575724735844,2.6881720430107525,1810,1855,50,0,1805,1850,113459,5,0,0,5,5
2020-09-29,US,Georgia,Floyd,3183,45,0,34.26268279,-85.21577392,13115.0,3231.537696196877,1.4137606032045242,3138,3169,45,0,3124,3161,97927,14,0,0,14,8
2020-09-29,US,Georgia,Forsyth,4052,45,0,34.22604035,-84.12315129999998,13117.0,1658.9424037469498,1.1105626850937809,4007,4022,45,0,3977,4007,236612,30,0,0,30,15
2020-09-29,US,Georgia,Franklin,752,13,0,34.37525597,-83.23159927,13119.0,3220.6946764315385,1.7287234042553192,739,753,13,0,740,753,23023,-1,0,0,-1,0
2020-09-29,US,Georgia,Fulton,27650,576,0,33.79216944,-84.46319413,13121.0,2598.838089097381,2.0831826401446656,27074,27605,575,0,27030,27529,1050114,45,1,0,44,76
2020-09-29,US,Georgia,Gilmer,820,13,0,34.69316688,-84.45802506,13123.0,2614.0457139213872,1.5853658536585369,807,819,13,0,806,818,30816,1,0,0,1,1
2020-09-29,US,Georgia,Glascock,39,2,0,33.22879932,-82.61297636,13125.0,1312.6893301918547,5.128205128205129,37,39,2,0,37,38,2995,0,0,0,0,1
2020-09-29,US,Georgia,Glynn,3463,95,0,31.23279254,-81.53811412,13127.0,4060.1697697322143,2.7432861680623737,3368,3455,95,0,3360,3454,85219,8,0,0,8,1
2020-09-29,US,Georgia,Gordon,1867,36,0,34.50487351,-84.87296253,13129.0,3221.020306057313,1.9282271023031599,1831,1846,36,0,1810,1846,57685,21,0,0,21,0
2020-09-29,US,Georgia,Grady,778,22,0,30.87454847,-84.23418364,13131.0,3158.3647951934395,2.8277634961439593,756,774,22,0,752,774,24748,4,0,0,4,0
2020-09-29,US,Georgia,Greene,508,24,0,33.5769205,-83.17139104,13133.0,2772.320454049335,4.724409448818896,484,503,24,0,479,501,17698,5,0,0,5,2
2020-09-29,US,Georgia,Gwinnett,27519,407,0,33.96044201,-84.02137802,13135.0,2939.279038718291,1.4789781605436243,27112,27424,405,0,27019,27358,927781,95,2,0,93,66
2020-09-29,US,Georgia,Habersham,1654,67,0,34.63331566,-83.53094677,13137.0,3648.95870102365,4.050785973397823,1587,1639,67,0,1572,1640,45388,15,0,0,15,-1
2020-09-29,US,Georgia,Hall,9279,152,0,34.32207823,-83.81896936,13139.0,4538.717771875505,1.6381075546933936,9127,9248,152,0,9096,9247,202148,31,0,0,31,1
2020-09-29,US,Georgia,Hancock,393,42,0,33.2721566,-82.99766919,13141.0,4647.037956722242,10.687022900763358,351,392,42,0,350,391,8348,1,0,0,1,1
2020-09-29,US,Georgia,Haralson,486,8,0,33.79602175,-85.21005667,13143.0,1631.3104189044034,1.6460905349794241,478,478,8,0,470,473,29533,8,0,0,8,5
2020-09-29,US,Georgia,Harris,794,22,0,32.73709786,-84.90538572,13145.0,2253.3772278351685,2.7707808564231735,772,793,22,0,771,793,34475,1,0,0,1,0
2020-09-29,US,Georgia,Hart,515,13,0,34.34626973,-82.96567682,13147.0,1965.2738027094067,2.5242718446601944,502,510,13,0,497,507,26099,5,0,0,5,3
2020-09-29,US,Georgia,Heard,195,5,0,33.29686567,-85.12886832,13149.0,1635.4944225446616,2.5641025641025643,190,194,5,0,189,194,11879,1,0,0,1,0
2020-09-29,US,Georgia,Henry,5248,102,0,33.4533428,-84.14814659999998,13151.0,2237.3710889704607,1.9435975609756095,5146,5218,100,0,5118,5208,230220,30,2,0,28,10
2020-09-29,US,Georgia,Houston,3158,82,0,32.45802497,-83.66879087,13153.0,2000.4687608876047,2.5965801139962004,3076,3155,82,0,3073,3139,155469,3,0,0,3,16
2020-09-29,US,Georgia,Irwin,300,4,0,31.60213036,-83.27501387,13155.0,3186.06627017842,1.3333333333333333,296,295,4,0,291,295,9398,5,0,0,5,0
2020-09-29,US,Georgia,Jackson,2004,32,0,34.13794553,-83.56814788,13157.0,2746.0706798032256,1.5968063872255491,1972,1991,32,0,1959,1987,70422,13,0,0,13,4
2020-09-29,US,Georgia,Jasper,221,4,0,33.31535543,-83.68844964,13159.0,1554.2583866657294,1.8099547511312215,217,221,4,0,217,221,14040,0,0,0,0,0
2020-09-29,US,Georgia,Jeff Davis,720,20,0,31.80405727,-82.63724870000001,13161.0,4763.479986768111,2.7777777777777777,700,716,20,0,696,716,15029,4,0,0,4,0
2020-09-29,US,Georgia,Jefferson,797,29,0,33.05867328,-82.41609057,13163.0,5188.126546022653,3.6386449184441663,768,795,28,0,767,793,15430,2,1,0,1,2
2020-09-29,US,Georgia,Jenkins,424,30,0,32.79248718,-81.96040187,13165.0,4887.0447210696175,7.075471698113208,394,422,30,0,392,421,8683,2,0,0,2,1
2020-09-29,US,Georgia,Johnson,417,22,0,32.70211082,-82.66166794,13167.0,4324.3803795499325,5.2757793764988,395,416,22,0,394,416,9708,1,0,0,1,0
2020-09-29,US,Georgia,Jones,559,8,0,33.02512137,-83.56019163,13169.0,1945.362797981556,1.4311270125223614,551,557,8,0,549,553,28616,2,0,0,2,4
2020-09-29,US,Georgia,Lamar,369,18,0,33.07841647,-84.14263877,13171.0,1934.2663940871207,4.878048780487805,351,367,18,0,349,365,19000,2,0,0,2,2
2020-09-29,US,Georgia,Lanier,295,5,0,31.03828570000001,-83.06472457,13173.0,2830.279190252327,1.6949152542372878,290,295,5,0,290,295,10340,0,0,0,0,0
2020-09-29,US,Georgia,Laurens,1657,74,0,32.46325233,-82.92221316,13175.0,3485.0460606570477,4.465902232951117,1583,1652,69,0,1583,1651,47325,5,5,0,0,1
2020-09-29,US,Georgia,Lee,699,26,0,31.779330600000005,-84.14324253,13177.0,2330.621499066417,3.7195994277539337,673,698,25,0,673,698,29764,1,1,0,0,0
2020-09-29,US,Georgia,Liberty,1118,22,0,31.82588896,-81.49251135,13179.0,1819.8095548140313,1.9677996422182469,1096,1110,22,0,1088,1108,61497,8,0,0,8,2
2020-09-29,US,Georgia,Lincoln,213,7,0,33.79201475,-82.45024131,13181.0,2689.0544123216764,3.286384976525821,206,213,7,0,206,213,7915,0,0,0,0,0
2020-09-29,US,Georgia,Long,251,3,0,31.75218791,-81.74952375,13183.0,1283.2966920599213,1.195219123505976,248,251,3,0,248,251,18998,0,0,0,0,0
2020-09-29,US,Georgia,Lowndes,3907,82,0,30.83568832,-83.27056716,13185.0,3327.7685978570094,2.098797030970054,3825,3903,82,0,3821,3900,116321,4,0,0,4,3
2020-09-29,US,Georgia,Lumpkin,917,14,0,34.57286511,-84.00425681,13187.0,2728.354656352276,1.5267175572519085,903,908,14,0,894,908,32955,9,0,0,9,0
2020-09-29,US,Georgia,Macon,234,10,0,32.35207048,-84.04234127,13193.0,1807.368502355758,4.2735042735042725,224,234,10,0,224,233,13143,0,0,0,0,1
2020-09-29,US,Georgia,Madison,694,8,0,34.12920917,-83.21218732,13195.0,2322.623828647925,1.1527377521613833,686,693,8,0,685,691,29650,1,0,0,1,2
2020-09-29,US,Georgia,Marion,191,8,0,32.3483402,-84.52733571,13197.0,2284.962316066515,4.18848167539267,183,190,8,0,182,190,8351,1,0,0,1,0
2020-09-29,US,Georgia,McDuffie,605,14,0,33.47851918,-82.48252774,13189.0,2838.7762762762763,2.31404958677686,591,604,14,0,590,601,21531,1,0,0,1,3
2020-09-29,US,Georgia,McIntosh,291,7,0,31.49683595,-81.40163426,13191.0,2023.9254416469607,2.405498281786941,284,291,7,0,284,290,14340,0,0,0,0,1
2020-09-29,US,Georgia,Meriwether,545,13,0,33.04163534,-84.68859732,13199.0,2574.762602163745,2.385321100917431,532,544,13,0,531,544,21068,1,0,0,1,0
2020-09-29,US,Georgia,Miller,261,1,0,31.16568912,-84.73151117,13201.0,4564.533053515215,0.3831417624521073,260,261,1,0,260,260,5686,0,0,0,0,1
2020-09-29,US,Georgia,Mitchell,813,45,0,31.22483255,-84.19381821,13205.0,3718.611352513378,5.535055350553505,768,808,45,0,763,806,22192,5,0,0,5,2
2020-09-29,US,Georgia,Monroe,693,51,0,33.014289,-83.92097166,13207.0,2512.872579592429,7.359307359307358,642,690,51,0,639,686,27520,3,0,0,3,4
2020-09-29,US,Georgia,Montgomery,310,5,0,32.17201038,-82.53527476,13209.0,3379.851722634104,1.6129032258064515,305,306,5,0,301,304,9193,4,0,0,4,2
2020-09-29,US,Georgia,Morgan,485,3,0,33.59232073,-83.49129491,13211.0,2516.0821747250466,0.6185567010309279,482,481,2,0,479,481,18853,4,1,0,3,0
2020-09-29,US,Georgia,Murray,837,6,0,34.78897608,-84.74993177,13213.0,2087.4900239425383,0.7168458781362007,831,833,6,0,827,826,39921,4,0,0,4,7
2020-09-29,US,Georgia,Muscogee,6034,170,0,32.50931999,-84.87142262,13215.0,3082.2040261737047,2.8173682466025856,5864,6019,169,0,5850,6009,194160,15,1,0,14,10
2020-09-29,US,Georgia,Newton,2602,90,0,33.55514538,-83.84547140000002,13217.0,2328.536655211913,3.458877786318217,2512,2588,89,0,2499,2581,109541,14,1,0,13,7
2020-09-29,US,Georgia,Oconee,750,26,0,33.83749973,-83.43679568,13219.0,1861.9662363455807,3.466666666666667,724,745,26,0,719,739,39272,5,0,0,5,6
2020-09-29,US,Georgia,Oglethorpe,330,11,0,33.878629600000004,-83.08278123,13221.0,2162.6581034143783,3.333333333333333,319,330,11,0,319,330,15054,0,0,0,0,0
2020-09-29,US,Georgia,Out of GA,16287,158,0,0.0,0.0,80013.0,0.0,0.9700988518450298,16129,16318,158,0,16160,16364,,-31,0,0,-31,-46
2020-09-29,US,Georgia,Paulding,2789,54,0,33.91969522,-84.86848792,13223.0,1653.5540443595962,1.9361778415202584,2735,2780,53,0,2727,2776,164044,9,1,0,8,4
2020-09-29,US,Georgia,Peach,672,24,0,32.56934316,-83.82937,13225.0,2439.5556523633195,3.571428571428572,648,672,24,0,648,670,27297,0,0,0,0,2
2020-09-29,US,Georgia,Pickens,619,10,0,34.46589159,-84.46406611,13227.0,1899.2973520297007,1.615508885298869,609,618,10,0,608,618,31980,1,0,0,1,0
2020-09-29,US,Georgia,Pierce,611,20,0,31.35928155,-82.21598442,13229.0,3138.967377343951,3.2733224222585924,591,607,20,0,587,606,19389,4,0,0,4,1
2020-09-29,US,Georgia,Pike,329,10,0,33.09310242,-84.38790389,13231.0,1735.0490454593396,3.0395136778115504,319,329,10,0,319,326,18634,0,0,0,0,3
2020-09-29,US,Georgia,Polk,1484,17,0,34.00267074,-85.18677781,13233.0,3482.505338746392,1.1455525606469004,1467,1481,17,0,1464,1476,42470,3,0,0,3,5
2020-09-29,US,Georgia,Pulaski,313,22,0,32.23334561,-83.47549959999998,13235.0,2810.4516476609497,7.028753993610224,291,312,22,0,290,312,11069,1,0,0,1,0
2020-09-29,US,Georgia,Putnam,692,25,0,33.32056115,-83.37552891,13237.0,3128.5320312853205,3.61271676300578,667,688,25,0,663,688,21809,4,0,0,4,0
2020-09-29,US,Georgia,Quitman,32,1,0,31.86728114,-85.01773177,13239.0,1391.9095258808175,3.125,31,32,1,0,31,32,2279,0,0,0,0,0
2020-09-29,US,Georgia,Rabun,341,9,0,34.88389445,-83.40304637,13241.0,1989.846530898057,2.6392961876832843,332,340,9,0,331,340,16867,1,0,0,1,0
2020-09-29,US,Georgia,Randolph,331,29,0,31.76622818,-84.75732369,13243.0,4883.446444378873,8.761329305135952,302,331,29,0,302,331,6833,0,0,0,0,0
2020-09-29,US,Georgia,Richmond,7136,162,0,33.35777107,-82.07026432,13245.0,3523.6374050701666,2.2701793721973096,6974,7123,162,0,6961,7101,201554,13,0,0,13,22
2020-09-29,US,Georgia,Rockdale,1858,36,0,33.65145002,-84.02202167,13247.0,2044.0943495863407,1.9375672766415504,1822,1856,36,0,1820,1852,90594,2,0,0,2,4
2020-09-29,US,Georgia,Schley,105,2,0,32.2654021,-84.31258912,13249.0,1997.3368841544607,1.9047619047619049,103,105,2,0,103,105,5236,0,0,0,0,0
2020-09-29,US,Georgia,Screven,416,10,0,32.74976524,-81.60779441,13251.0,2978.66246598883,2.4038461538461537,406,414,10,0,404,414,13938,2,0,0,2,0
2020-09-29,US,Georgia,Seminole,356,9,0,30.93464824,-84.86823924,13253.0,4400.494437577256,2.5280898876404496,347,356,9,0,347,356,8315,0,0,0,0,0
2020-09-29,US,Georgia,Spalding,1335,61,0,33.26310031,-84.28013991,13255.0,2001.4092319685767,4.569288389513108,1274,1336,61,0,1275,1333,66100,-1,0,0,-1,3
2020-09-29,US,Georgia,Stephens,1064,38,0,34.55151201,-83.29405315,13257.0,4104.146576663452,3.571428571428572,1026,1055,38,0,1017,1058,26035,9,0,0,9,-3
2020-09-29,US,Georgia,Stewart,522,14,0,32.07996777,-84.83208037,13259.0,7884.0054372451295,2.681992337164751,508,522,14,0,508,521,6199,0,0,0,0,1
2020-09-29,US,Georgia,Sumter,933,62,0,32.03650571,-84.19821492,13261.0,3160.1409023167603,6.645230439442657,871,933,62,0,871,930,29733,0,0,0,0,3
2020-09-29,US,Georgia,Talbot,166,6,0,32.69642758,-84.53351366,13263.0,2679.5803066989506,3.614457831325301,160,166,6,0,160,166,6272,0,0,0,0,0
2020-09-29,US,Georgia,Taliaferro,22,0,0,33.56543317,-82.88136816,13265.0,1431.3597918022122,0.0,22,22,0,0,22,22,1608,0,0,0,0,0
2020-09-29,US,Georgia,Tattnall,836,11,0,32.04785085,-82.05539188,13267.0,3306.1773313295894,1.3157894736842106,825,834,12,0,822,832,25391,2,-1,0,3,2
2020-09-29,US,Georgia,Taylor,213,11,0,32.55792548,-84.25077141,13269.0,2655.860349127182,5.164319248826291,202,212,10,0,202,210,8039,1,1,0,0,2
2020-09-29,US,Georgia,Telfair,390,19,0,31.92829517,-82.93491155,13271.0,2459.016393442623,4.871794871794871,371,386,19,0,367,384,15876,4,0,0,4,2
2020-09-29,US,Georgia,Terrell,329,32,0,31.77527543,-84.44069698,13273.0,3856.523268081116,9.726443768996962,297,329,32,0,297,329,8611,0,0,0,0,0
2020-09-29,US,Georgia,Thomas,1495,63,0,30.86392347,-83.91847289,13275.0,3363.253920046793,4.214046822742476,1432,1494,63,0,1431,1492,44448,1,0,0,1,2
2020-09-29,US,Georgia,Tift,1787,57,0,31.45743864,-83.5236119,13277.0,4396.7129219565,3.189703413542249,1730,1775,57,0,1718,1774,40571,12,0,0,12,1
2020-09-29,US,Georgia,Toombs,1330,49,0,32.12059861,-82.32957247,13279.0,4957.137532612747,3.684210526315789,1281,1330,49,0,1281,1327,26887,0,0,0,0,3
2020-09-29,US,Georgia,Towns,334,9,0,34.91369188,-83.74107459999998,13281.0,2774.77776854698,2.6946107784431144,325,331,9,0,322,331,11852,3,0,0,3,0
2020-09-29,US,Georgia,Treutlen,258,9,0,32.40422134,-82.56904553,13283.0,3738.5886103463267,3.4883720930232562,249,258,8,0,250,258,6809,0,1,0,-1,0
2020-09-29,US,Georgia,Troup,2808,100,0,33.03349196,-85.02812115,13285.0,4015.903435256429,3.5612535612535607,2708,2805,99,0,2706,2802,70034,3,1,0,2,3
2020-09-29,US,Georgia,Turner,305,23,0,31.71612656,-83.62069378,13287.0,3819.661865998748,7.540983606557377,282,304,22,0,282,304,7912,1,1,0,0,0
2020-09-29,US,Georgia,Twiggs,195,7,0,32.67435595,-83.43078662,13289.0,2401.477832512315,3.58974358974359,188,194,7,0,187,192,8188,1,0,0,1,2
2020-09-29,US,Georgia,Unassigned,2231,6,0,0.0,0.0,90013.0,0.0,0.2689376961004034,2225,2223,6,0,2217,2237,,8,0,0,8,-14
2020-09-29,US,Georgia,Union,771,20,0,34.82995757,-83.98967069,13291.0,3145.526498306883,2.5940337224383923,751,756,20,0,736,757,24001,15,0,0,15,-1
2020-09-29,US,Georgia,Upson,796,62,0,32.87920671,-84.30024826,13293.0,3024.3161094224934,7.7889447236180915,734,791,62,0,729,789,26215,5,0,0,5,2
2020-09-29,US,Georgia,Walker,1552,36,0,34.73376362,-85.30165174,13295.0,2224.738750877997,2.31958762886598,1516,1535,36,0,1499,1531,69410,17,0,0,17,4
2020-09-29,US,Georgia,Walton,1826,55,0,33.78017694,-83.73552314,13297.0,1930.375397756705,3.0120481927710845,1771,1821,55,0,1766,1813,93503,5,0,0,5,8
2020-09-29,US,Georgia,Ware,1501,59,0,31.05449097,-82.42224148,13299.0,4200.481334303465,3.930712858094604,1442,1497,59,0,1438,1492,35680,4,0,0,4,5
2020-09-29,US,Georgia,Warren,152,5,0,33.41146451,-82.67795848,13301.0,2893.033878949372,3.2894736842105265,147,151,5,0,146,150,5251,1,0,0,1,1
2020-09-29,US,Georgia,Washington,675,8,0,32.96711864,-82.79357039,13303.0,3313.046039069402,1.1851851851851851,667,672,8,0,664,671,20386,3,0,0,3,1
2020-09-29,US,Georgia,Wayne,1139,30,0,31.5521809,-81.91894878,13305.0,3805.9277575433557,2.633889376646181,1109,1130,30,0,1100,1128,29808,9,0,0,9,2
2020-09-29,US,Georgia,Webster,44,2,0,32.04066113,-84.54742852,13307.0,1687.7637130801688,4.545454545454546,42,44,2,0,42,44,2611,0,0,0,0,0
2020-09-29,US,Georgia,Wheeler,336,11,0,32.12009104,-82.72574721,13309.0,4277.530235518778,3.273809523809524,325,334,11,0,323,332,7879,2,0,0,2,2
2020-09-29,US,Georgia,White,837,19,0,34.64624278,-83.74905525,13311.0,2717.7089421391,2.2700119474313016,818,833,19,0,814,832,29970,4,0,0,4,1
2020-09-29,US,Georgia,Whitfield,4585,60,0,34.80987459,-84.96093476,13313.0,4382.192147417517,1.3086150490730644,4525,4582,60,0,4522,4562,104062,3,0,0,3,20
2020-09-29,US,Georgia,Wilcox,248,20,0,31.97496928,-83.43438555,13315.0,2872.0324261725536,8.064516129032258,228,248,20,0,228,248,8812,0,0,0,0,0
2020-09-29,US,Georgia,Wilkes,268,5,0,33.78290391,-82.74286107,13317.0,2741.127135113021,1.8656716417910448,263,266,5,0,261,266,9876,2,0,0,2,0
2020-09-29,US,Georgia,Wilkinson,338,18,0,32.80291082,-83.17140684,13319.0,3774.849229394684,5.325443786982248,320,337,18,0,319,336,9036,1,0,0,1,1
2020-09-29,US,Georgia,Worth,535,30,0,31.55162306,-83.85090513,13321.0,2642.3667703857363,5.607476635514018,505,532,30,0,502,530,20299,3,0,0,3,2
2020-09-29,US,Hawaii,Hawaii,703,15,0,19.60121157,-155.5210167,15001.0,348.86086753708196,2.1337126600284493,688,700,15,0,685,700,200983,3,0,0,3,0
2020-09-29,US,Hawaii,Honolulu,11106,109,0,21.45803166,-157.97121819999995,15003.0,1139.5876921245724,0.9814514676751306,10997,11026,107,0,10919,10939,980080,80,2,0,78,87
2020-09-29,US,Hawaii,Kauai,59,0,0,22.03935037,-159.5966786,15007.0,81.61232761124867,0.0,59,59,0,0,59,59,72133,0,0,0,0,0
2020-09-29,US,Hawaii,Maui,390,9,0,20.86399628,-156.56890969999995,15009.0,232.95125345693688,2.3076923076923075,381,388,9,0,379,388,167207,2,0,0,2,0
2020-09-29,US,Hawaii,Out of HI,32,1,0,0.0,0.0,80015.0,0.0,3.125,31,30,1,0,29,30,,2,0,0,2,0
2020-09-29,US,Idaho,Ada,13009,147,0,43.4526575,-116.24155159999998,16001.0,2701.277235473549,1.1299869321239142,12862,12945,147,0,12798,12862,469966,64,0,0,64,83
2020-09-29,US,Idaho,Adams,28,2,0,44.89333571,-116.4545247,16003.0,652.0726595249182,7.142857142857142,26,28,2,0,26,28,4250,0,0,0,0,0
2020-09-29,US,Idaho,Bannock,1069,5,0,42.67002716,-112.2233311,16005.0,1217.4289358600583,0.4677268475210477,1064,1027,4,0,1023,1025,87138,42,1,0,41,2
2020-09-29,US,Idaho,Bear Lake,46,1,0,42.28269683,-111.32892379999998,16007.0,751.0204081632652,2.1739130434782608,45,44,1,0,43,42,6050,2,0,0,2,2
2020-09-29,US,Idaho,Benewah,149,3,0,47.21754179,-116.6586851,16009.0,1602.495160249516,2.0134228187919465,146,142,3,0,139,142,9226,7,0,0,7,0
2020-09-29,US,Idaho,Bingham,937,10,0,43.21672879999999,-112.3978437,16011.0,2001.6662750208288,1.0672358591248663,927,916,10,0,906,914,46236,21,0,0,21,2
2020-09-29,US,Idaho,Blaine,681,6,0,43.4085812,-113.9752658,16013.0,2958.1686286434124,0.8810572687224669,675,674,6,0,668,664,22601,7,0,0,7,10
2020-09-29,US,Idaho,Boise,70,2,0,43.98829931,-115.7309284,16015.0,893.8832843825819,2.8571428571428568,68,70,2,0,68,70,7634,0,0,0,0,0
2020-09-29,US,Idaho,Bonner,332,0,0,48.29996017,-116.6017932,16017.0,725.8575832440587,0.0,332,327,0,0,327,321,44727,5,0,0,5,6
2020-09-29,US,Idaho,Bonneville,2772,16,0,43.38713372,-111.6161537,16019.0,2328.1987535905664,0.5772005772005772,2756,2737,16,0,2721,2716,116854,35,0,0,35,21
2020-09-29,US,Idaho,Boundary,57,1,0,48.76684761,-116.4630179,16021.0,465.4961208656594,1.7543859649122806,56,57,1,0,56,57,11948,0,0,0,0,0
2020-09-29,US,Idaho,Butte,31,0,0,43.72592209,-113.1735463,16023.0,1193.6850211782826,0.0,31,30,0,0,30,30,2611,1,0,0,1,0
2020-09-29,US,Idaho,Camas,36,0,0,43.46665742,-114.8065892,16025.0,3254.97287522604,0.0,36,33,0,0,33,31,1127,3,0,0,3,2
2020-09-29,US,Idaho,Canyon,8242,101,0,43.61970148,-116.70954990000001,16027.0,3585.832437817872,1.2254307206988595,8141,8201,101,0,8100,8168,223499,41,0,0,41,33
2020-09-29,US,Idaho,Caribou,119,0,0,42.77149116,-111.5597683,16029.0,1663.172606568833,0.0,119,116,0,0,116,116,7060,3,0,0,3,0
2020-09-29,US,Idaho,Cassia,749,6,0,42.28347888,-113.6012409,16031.0,3116.9371618809832,0.8010680907877169,743,729,5,0,724,724,23864,20,1,0,19,5
2020-09-29,US,Idaho,Clark,34,0,0,44.28496071,-112.35057040000001,16033.0,4023.668639053255,0.0,34,33,0,0,33,33,852,1,0,0,1,0
2020-09-29,US,Idaho,Clearwater,48,0,0,46.67459924,-115.6622393,16035.0,548.1955230698949,0.0,48,47,0,0,47,44,8758,1,0,0,1,3
2020-09-29,US,Idaho,Custer,66,1,0,44.24186819,-114.2855494,16037.0,1529.5480880648902,1.5151515151515151,65,66,1,0,65,66,4280,0,0,0,0,0
2020-09-29,US,Idaho,Elmore,354,3,0,43.3507101,-115.4701578,16039.0,1286.7580240631019,0.8474576271186439,351,346,3,0,343,342,27259,8,0,0,8,4
2020-09-29,US,Idaho,Franklin,126,0,0,42.18332217,-111.81496659999999,16041.0,908.0426635918132,0.0,126,123,0,0,123,121,13726,3,0,0,3,2
2020-09-29,US,Idaho,Fremont,206,3,0,44.22800938,-111.48099429999999,16043.0,1572.6391327582255,1.4563106796116505,203,202,3,0,199,199,13168,4,0,0,4,3
2020-09-29,US,Idaho,Gem,336,3,0,44.06482372,-116.398376,16045.0,1855.1236749116608,0.8928571428571429,333,331,2,0,329,326,17634,5,1,0,4,5
2020-09-29,US,Idaho,Gooding,297,1,0,42.96927962,-114.81083059999999,16047.0,1956.6506357467554,0.3367003367003367,296,287,1,0,286,284,15196,10,0,0,10,3
2020-09-29,US,Idaho,Idaho,205,0,0,45.84721541,-115.4634436,16049.0,1229.97540049199,0.0,205,203,0,0,203,198,16513,2,0,0,2,5
2020-09-29,US,Idaho,Jefferson,590,2,0,43.82078483,-112.3131749,16051.0,1975.1598540390344,0.3389830508474576,588,581,2,0,579,569,29439,9,0,0,9,12
2020-09-29,US,Idaho,Jerome,773,7,0,42.68891267,-114.2655033,16053.0,3166.475503850565,0.9055627425614488,766,764,7,0,757,756,24015,9,0,0,9,8
2020-09-29,US,Idaho,Kootenai,2712,34,0,47.67282258,-116.7020872,16055.0,1636.7224512212051,1.2536873156342183,2678,2689,34,0,2655,2654,161505,23,0,0,23,35
2020-09-29,US,Idaho,Latah,486,0,0,46.81587887,-116.71136979999999,16057.0,1211.7283334995511,0.0,486,477,0,0,477,416,40134,9,0,0,9,61
2020-09-29,US,Idaho,Lemhi,104,0,0,44.9438088,-113.9309747,16059.0,1295.6272580042355,0.0,104,99,0,0,99,93,7961,5,0,0,5,6
2020-09-29,US,Idaho,Lewis,35,0,0,46.23315327,-116.434146,16061.0,911.9332985930173,0.0,35,22,0,0,22,15,3861,13,0,0,13,7
2020-09-29,US,Idaho,Lincoln,92,0,0,43.0012336,-114.1358773,16063.0,1714.498695490123,0.0,92,92,0,0,92,91,5360,0,0,0,0,1
2020-09-29,US,Idaho,Madison,813,1,0,43.78141028,-111.65384740000002,16065.0,2037.2365750369609,0.12300123001230012,812,768,1,0,767,736,39304,45,0,0,45,32
2020-09-29,US,Idaho,Minidoka,717,8,0,42.85518524,-113.6357257,16067.0,3407.956651932126,1.1157601115760112,709,695,8,0,687,685,20825,22,0,0,22,10
2020-09-29,US,Idaho,Nez Perce,456,24,0,46.32638236,-116.75009750000001,16069.0,1128.4894080380122,5.2631578947368425,432,442,24,0,418,435,40408,14,0,0,14,7
2020-09-29,US,Idaho,Oneida,26,0,0,42.19494279999999,-112.5407838,16071.0,573.8247627455307,0.0,26,26,0,0,26,26,4488,0,0,0,0,0
2020-09-29,US,Idaho,Owyhee,331,5,0,42.58016894,-116.16938710000001,16073.0,2799.627844032817,1.5105740181268883,326,329,5,0,324,329,11693,2,0,0,2,0
2020-09-29,US,Idaho,Payette,895,9,0,44.00545243,-116.7647695,16075.0,3736.7959584150976,1.005586592178771,886,879,8,0,871,876,23551,16,1,0,15,3
2020-09-29,US,Idaho,Power,240,1,0,42.69254894,-112.83957420000002,16077.0,3124.593151933342,0.4166666666666667,239,237,1,0,236,236,7768,3,0,0,3,1
2020-09-29,US,Idaho,Shoshone,215,18,0,47.35364087,-115.89167490000001,16079.0,1668.9954975935416,8.372093023255816,197,215,18,0,197,215,12796,0,0,0,0,0
2020-09-29,US,Idaho,Teton,176,0,0,43.75303583,-111.2056773,16081.0,1449.5140833470596,0.0,176,170,0,0,170,168,11640,6,0,0,6,2
2020-09-29,US,Idaho,Twin Falls,2315,37,0,42.35440512,-114.6685381,16083.0,2664.6561845346346,1.5982721382289418,2278,2270,37,0,2233,2224,86081,45,0,0,45,46
2020-09-29,US,Idaho,Unassigned,1,0,0,0.0,0.0,90016.0,0.0,0.0,1,,,,,,,,,,,
2020-09-29,US,Idaho,Valley,93,1,0,44.76728382,-115.5676773,16085.0,816.3623595505617,1.075268817204301,92,93,1,0,92,93,11041,0,0,0,0,0
2020-09-29,US,Idaho,Washington,365,6,0,44.45275475,-116.78476880000001,16087.0,3580.537571120267,1.643835616438356,359,361,6,0,355,361,10161,4,0,0,4,0
2020-09-29,US,Illinois,Adams,1183,10,0,39.98815591,-91.18786813,17001.0,1807.900970428669,0.8453085376162299,1173,1149,10,0,1139,1123,65691,34,0,0,34,26
2020-09-29,US,Illinois,Alexander,84,1,0,37.18049267,-89.32910838,17003.0,1458.0801944106927,1.1904761904761905,83,83,1,0,82,81,6060,1,0,0,1,2
2020-09-29,US,Illinois,Bond,334,6,0,38.88829622,-89.43534887,17005.0,2033.3617435772555,1.7964071856287425,328,330,5,0,325,328,16630,4,1,0,3,2
2020-09-29,US,Illinois,Boone,1136,23,0,42.32359279,-88.82345779,17007.0,2121.619602569849,2.0246478873239435,1113,1128,23,0,1105,1125,53577,8,0,0,8,3
2020-09-29,US,Illinois,Brown,67,0,0,39.96209138,-90.75068024,17009.0,1018.5466707205836,0.0,67,62,0,0,62,61,6556,5,0,0,5,1
2020-09-29,US,Illinois,Bureau,659,11,0,41.40385234,-89.5283051,17011.0,2019.7376486453354,1.6691957511380882,648,652,11,0,641,641,32993,7,0,0,7,11
2020-09-29,US,Illinois,Calhoun,61,0,0,39.16840183,-90.66330078,17013.0,1287.1913905887318,0.0,61,60,0,0,60,60,4802,1,0,0,1,0
2020-09-29,US,Illinois,Carroll,233,5,0,42.06823429,-89.93395545,17015.0,1628.8011184900386,2.145922746781116,228,235,5,0,230,230,14312,-2,0,0,-2,5
2020-09-29,US,Illinois,Cass,398,11,0,39.96991073,-90.24734436,17017.0,3276.529184160698,2.7638190954773867,387,398,11,0,387,398,12260,0,0,0,0,0
2020-09-29,US,Illinois,Champaign,4789,20,0,40.13919438,-88.20046615,17019.0,2283.858476124165,0.4176237210273544,4769,4733,20,0,4713,4703,209983,56,0,0,56,30
2020-09-29,US,Illinois,Christian,560,11,0,39.54581621,-89.27780482,17021.0,1733.5314512134719,1.9642857142857144,549,554,11,0,543,539,32661,6,0,0,6,15
2020-09-29,US,Illinois,Clark,176,3,0,39.33425789,-87.78705622,17023.0,1139.8225503529566,1.7045454545454546,173,174,2,0,172,173,15596,2,1,0,1,1
2020-09-29,US,Illinois,Clay,157,0,0,38.75388572,-88.48914513,17025.0,1190.837378640777,0.0,157,156,0,0,156,154,13253,1,0,0,1,2
2020-09-29,US,Illinois,Clinton,1203,21,0,38.60704876,-89.42385254,17027.0,3202.704861295991,1.745635910224439,1182,1190,20,0,1170,1169,37639,13,1,0,12,21
2020-09-29,US,Illinois,Coles,1488,31,0,39.51949084,-88.22358557,17029.0,2939.491515378993,2.083333333333333,1457,1472,31,0,1441,1464,50885,16,0,0,16,8
2020-09-29,US,Illinois,Cook,144697,5221,0,41.84144849,-87.81658794,17031.0,2809.5233749618706,3.6082296108419674,139476,144315,5217,0,139098,143634,5180493,382,4,0,378,681
2020-09-29,US,Illinois,Crawford,459,4,0,39.0032229,-87.75954624,17033.0,2458.884662773879,0.8714596949891068,455,458,4,0,454,450,18807,1,0,0,1,8
2020-09-29,US,Illinois,Cumberland,218,5,0,39.27432424,-88.2401158,17035.0,2024.8931822403863,2.2935779816513757,213,218,5,0,213,217,10808,0,0,0,0,1
2020-09-29,US,Illinois,De Witt,127,2,0,40.17514519,-88.90959682,17039.0,812.1243125719403,1.5748031496062993,125,125,2,0,123,122,15769,2,0,0,2,3
2020-09-29,US,Illinois,DeKalb,1604,38,0,41.89373302,-88.76958483,17037.0,1529.119040582667,2.3690773067331667,1566,1590,38,0,1552,1579,104143,14,0,0,14,11
2020-09-29,US,Illinois,Douglas,316,7,0,39.76768052,-88.21854195,17041.0,1623.426663241716,2.2151898734177213,309,314,7,0,307,312,19479,2,0,0,2,2
2020-09-29,US,Illinois,DuPage,17690,562,0,41.85116968,-88.08642662,17043.0,1916.7404360719927,3.1769361221028833,17128,17589,561,0,17028,17471,928589,101,1,0,100,118
2020-09-29,US,Illinois,Edgar,112,8,0,39.6809186,-87.74759563,17045.0,652.6426198939456,7.142857142857142,104,113,8,0,105,113,17360,-1,0,0,-1,0
2020-09-29,US,Illinois,Edwards,66,0,0,38.41353228,-88.05720863,17047.0,1032.0562939796716,0.0,66,64,0,0,64,63,6392,2,0,0,2,1
2020-09-29,US,Illinois,Effingham,879,2,0,39.05935711,-88.58969584,17049.0,2584.685956245589,0.22753128555176336,877,872,2,0,870,870,34208,7,0,0,7,2
2020-09-29,US,Illinois,Fayette,424,3,0,39.00072038,-89.02452658,17051.0,1987.2515935508054,0.7075471698113207,421,418,3,0,415,418,21416,6,0,0,6,0
2020-09-29,US,Illinois,Ford,107,5,0,40.59706922,-88.22350769,17053.0,825.5535838284083,4.672897196261682,102,105,5,0,100,106,13264,2,0,0,2,-1
2020-09-29,US,Illinois,Franklin,548,3,0,37.99189086,-88.92567818,17055.0,1424.5236424133718,0.5474452554744526,545,541,3,0,538,539,38701,7,0,0,7,2
2020-09-29,US,Illinois,Fulton,188,0,0,40.47289135,-90.20862357,17057.0,547.466511357018,0.0,188,178,0,0,178,176,34844,10,0,0,10,2
2020-09-29,US,Illinois,Gallatin,74,2,0,37.76430935,-88.22953869,17059.0,1532.7257663628836,2.702702702702702,72,73,2,0,71,73,5058,1,0,0,1,0
2020-09-29,US,Illinois,Greene,230,11,0,39.35907414,-90.388865,17061.0,1773.459788726964,4.782608695652174,219,229,11,0,218,227,13044,1,0,0,1,2
2020-09-29,US,Illinois,Grundy,677,5,0,41.28569601,-88.41905692,17063.0,1326.0469307008266,0.7385524372230429,672,670,5,0,665,669,50972,7,0,0,7,1
2020-09-29,US,Illinois,Hamilton,73,2,0,38.08163641,-88.53883373,17065.0,899.4578610152785,2.7397260273972597,71,71,2,0,69,68,8163,2,0,0,2,3
2020-09-29,US,Illinois,Hancock,223,3,0,40.40423981,-91.16313899,17067.0,1259.3178224531284,1.345291479820628,220,218,3,0,215,217,17844,5,0,0,5,1
2020-09-29,US,Illinois,Hardin,39,0,0,37.51810645,-88.26873022,17069.0,1020.6752159120648,0.0,39,40,0,0,40,40,3910,-1,0,0,-1,0
2020-09-29,US,Illinois,Henderson,70,0,0,40.81908672,-90.92491462,17071.0,1053.2651218778212,0.0,70,69,0,0,69,66,6709,1,0,0,1,3
2020-09-29,US,Illinois,Henry,669,5,0,41.3533994,-90.13296166,17073.0,1367.7345490973767,0.7473841554559043,664,666,5,0,661,666,49090,3,0,0,3,0
2020-09-29,US,Illinois,Iroquois,367,19,0,40.74717633,-87.82466784,17075.0,1353.5442944604265,5.177111716621253,348,367,19,0,348,365,27604,0,0,0,0,2
2020-09-29,US,Illinois,Jackson,1267,24,0,37.78595185,-89.38232563,17077.0,2232.599118942732,1.894238358326756,1243,1262,24,0,1238,1261,57419,5,0,0,5,1
2020-09-29,US,Illinois,Jasper,212,10,0,39.01054275,-88.15437049,17079.0,2206.0353798126957,4.716981132075472,202,213,9,0,204,211,9611,-1,1,0,-2,2
2020-09-29,US,Illinois,Jefferson,624,38,0,38.29980057,-88.9240025,17081.0,1655.8751724869974,6.089743589743589,586,620,38,0,582,611,37820,4,0,0,4,9
2020-09-29,US,Illinois,Jersey,395,15,0,39.08869046,-90.35393073,17083.0,1814.1735176594864,3.79746835443038,380,394,15,0,379,392,21847,1,0,0,1,2
2020-09-29,US,Illinois,Jo Daviess,269,2,0,42.36542373,-90.21094405,17085.0,1266.7765481516365,0.7434944237918215,267,266,2,0,264,263,21366,3,0,0,3,3
2020-09-29,US,Illinois,Johnson,162,0,0,37.45939802,-88.88165419,17087.0,1304.6629620681324,0.0,162,156,0,0,156,156,12456,6,0,0,6,0
2020-09-29,US,Illinois,Kane,13182,326,0,41.93842729,-88.42861412,17089.0,2475.9439747709907,2.4730693369746626,12856,13159,326,0,12833,13092,534216,23,0,0,23,67
2020-09-29,US,Illinois,Kankakee,2764,77,0,41.13746989,-87.86205334,17091.0,2515.8835630154194,2.7858176555716354,2687,2752,77,0,2675,2741,110024,12,0,0,12,11
2020-09-29,US,Illinois,Kendall,2034,25,0,41.59081014,-88.42869583,17093.0,1576.8664237537796,1.2291052114060963,2009,2020,25,0,1995,2009,127915,14,0,0,14,11
2020-09-29,US,Illinois,Knox,680,3,0,40.93148779,-90.21330340000002,17095.0,1368.2367854483996,0.4411764705882353,677,672,3,0,669,670,50112,8,0,0,8,2
2020-09-29,US,Illinois,LaSalle,1742,57,0,41.34426129999999,-88.88633881,17099.0,1603.0330637072213,3.2721010332950637,1685,1725,57,0,1668,1712,109430,17,0,0,17,13
2020-09-29,US,Illinois,Lake,16992,487,0,42.3224907,-88.00367925,17097.0,2439.504116806765,2.8660546139359697,16505,16953,487,0,16466,16892,700832,39,0,0,39,61
2020-09-29,US,Illinois,Lawrence,259,2,0,38.71987914,-87.72884035,17101.0,1651.9964281158313,0.7722007722007722,257,259,2,0,257,256,15765,0,0,0,0,3
2020-09-29,US,Illinois,Lee,391,1,0,41.74583951,-89.29977132,17103.0,1146.7620835288596,0.2557544757033248,390,383,1,0,382,371,34223,8,0,0,8,12
2020-09-29,US,Illinois,Livingston,406,6,0,40.89188292,-88.55784752,17105.0,1138.9138240574507,1.477832512315271,400,403,6,0,397,395,35761,3,0,0,3,8
2020-09-29,US,Illinois,Logan,466,1,0,40.12581572,-89.36638784,17107.0,1628.3457963519463,0.2145922746781116,465,468,1,0,467,464,28925,-2,0,0,-2,4
2020-09-29,US,Illinois,Macon,1598,44,0,39.86064913,-88.96342505,17115.0,1536.4055033699008,2.7534418022528158,1554,1560,44,0,1516,1544,104712,38,0,0,38,16
2020-09-29,US,Illinois,Macoupin,556,7,0,39.26119767,-89.92424028,17117.0,1237.5907047144192,1.2589928057553956,549,550,7,0,543,544,45313,6,0,0,6,6
2020-09-29,US,Illinois,Madison,5802,141,0,38.83042506,-89.90422563,17119.0,2206.3688841903518,2.4301964839710446,5661,5760,137,0,5623,5698,264461,42,4,0,38,62
2020-09-29,US,Illinois,Marion,569,2,0,38.64963204,-88.91899208,17121.0,1529.3643327509744,0.351493848857645,567,566,1,0,565,554,37620,3,1,0,2,12
2020-09-29,US,Illinois,Marshall,109,0,0,41.0327901,-89.34510444,17123.0,952.9638048609897,0.0,109,105,0,0,105,104,11534,4,0,0,4,1
2020-09-29,US,Illinois,Mason,154,1,0,40.23917274,-89.91824452,17125.0,1152.7808967737105,0.6493506493506493,153,153,1,0,152,147,13565,1,0,0,1,6
2020-09-29,US,Illinois,Massac,113,2,0,37.22078441,-88.71036614,17127.0,820.5053732210283,1.7699115044247788,111,113,2,0,111,112,14080,0,0,0,0,1
2020-09-29,US,Illinois,McDonough,491,15,0,40.45674722,-90.67775541,17109.0,1654.2011993800954,3.054989816700611,476,482,15,0,467,480,29955,9,0,0,9,2
2020-09-29,US,Illinois,McHenry,4625,118,0,42.32451172,-88.45248227,17111.0,1502.7260262400332,2.5513513513513515,4507,4609,118,0,4491,4581,308570,16,0,0,16,28
2020-09-29,US,Illinois,McLean,3305,23,0,40.48996987,-88.84621113,17113.0,1926.9226957094631,0.6959152798789713,3282,3295,23,0,3272,3279,172828,10,0,0,10,16
2020-09-29,US,Illinois,Menard,127,1,0,40.02742725,-89.80246001,17129.0,1041.325024598229,0.7874015748031497,126,125,1,0,124,125,12288,2,0,0,2,0
2020-09-29,US,Illinois,Mercer,141,5,0,41.20596782,-90.74290052,17131.0,913.3899073654206,3.5460992907801416,136,140,5,0,135,139,15601,1,0,0,1,1
2020-09-29,US,Illinois,Monroe,686,16,0,38.27594376,-90.17761038,17133.0,1980.5410399284008,2.332361516034985,670,680,16,0,664,674,34335,6,0,0,6,6
2020-09-29,US,Illinois,Montgomery,382,13,0,39.23198845,-89.47809254,17135.0,1344.4076863517985,3.4031413612565444,369,376,13,0,363,372,28601,6,0,0,6,4
2020-09-29,US,Illinois,Morgan,672,23,0,39.71654544,-90.20255104,17137.0,1996.5535682452908,3.4226190476190474,649,662,23,0,639,661,33976,10,0,0,10,1
2020-09-29,US,Illinois,Moultrie,219,4,0,39.64187451,-88.62099969,17139.0,1510.2406730570306,1.8264840182648399,215,218,3,0,215,214,14717,1,1,0,0,4
2020-09-29,US,Illinois,Ogle,732,6,0,42.04165196,-89.32184679,17141.0,1445.4120016586694,0.819672131147541,726,728,6,0,722,710,50923,4,0,0,4,18
2020-09-29,US,Illinois,Out of IL,2,0,0,0.0,0.0,80017.0,0.0,0.0,2,2,0,0,2,2,,0,0,0,0,0
2020-09-29,US,Illinois,Peoria,3526,51,0,40.78702156,-89.76078901,17143.0,1967.86453769694,1.4463981849120815,3475,3510,50,0,3460,3494,180621,16,1,0,15,16
2020-09-29,US,Illinois,Perry,354,15,0,38.08510853,-89.36856219,17145.0,1692.4842226047049,4.2372881355932215,339,353,15,0,338,350,21174,1,0,0,1,3
2020-09-29,US,Illinois,Piatt,141,0,0,40.01360584,-88.59319339,17147.0,862.7019089574153,0.0,141,139,0,0,139,140,16396,2,0,0,2,-1
2020-09-29,US,Illinois,Pike,139,1,0,39.62265059,-90.8877017,17149.0,893.2587879956302,0.7194244604316546,138,134,1,0,133,128,15611,5,0,0,5,6
2020-09-29,US,Illinois,Pope,29,1,0,37.41391284,-88.56152109,17151.0,694.2781900885803,3.4482758620689653,28,29,1,0,28,29,4212,0,0,0,0,0
2020-09-29,US,Illinois,Pulaski,181,1,0,37.22631423,-89.13085001,17153.0,3392.6897844423606,0.5524861878453039,180,181,1,0,180,180,5463,0,0,0,0,1
2020-09-29,US,Illinois,Putnam,59,0,0,41.2013541,-89.2869272,17155.0,1028.0536678863914,0.0,59,57,0,0,57,57,5740,2,0,0,2,0
2020-09-29,US,Illinois,Randolph,945,11,0,38.05095369,-89.82512254,17157.0,2973.381159146687,1.164021164021164,934,941,11,0,930,939,32106,4,0,0,4,2
2020-09-29,US,Illinois,Richland,217,6,0,38.71240969,-88.08475366,17159.0,1398.8267904338297,2.7649769585253456,211,213,6,0,207,209,15763,4,0,0,4,4
2020-09-29,US,Illinois,Rock Island,3037,77,0,41.46613806,-90.57042164,17161.0,2140.556389599589,2.53539677313138,2960,3026,76,0,2950,2995,143477,11,1,0,10,31
2020-09-29,US,Illinois,Saline,350,4,0,37.75332999,-88.54119706,17165.0,1489.9323145034268,1.1428571428571428,346,346,4,0,342,340,23906,4,0,0,4,6
2020-09-29,US,Illinois,Sangamon,2450,45,0,39.75836914,-89.65872023,17167.0,1258.5271636393522,1.836734693877551,2405,2432,45,0,2387,2411,195348,18,0,0,18,21
2020-09-29,US,Illinois,Schuyler,50,0,0,40.157179799999994,-90.61114163,17169.0,738.7706855791963,0.0,50,50,0,0,50,50,6907,0,0,0,0,0
2020-09-29,US,Illinois,Scott,79,0,0,39.642916899999996,-90.47814431,17171.0,1595.63724500101,0.0,79,79,0,0,79,78,4926,0,0,0,0,1
2020-09-29,US,Illinois,Shelby,402,4,0,39.39133527,-88.80611122,17173.0,1858.1861884071373,0.9950248756218906,398,394,4,0,390,390,21741,8,0,0,8,4
2020-09-29,US,Illinois,St. Clair,6729,190,0,38.46996033,-89.93063427,17163.0,2591.2063029966957,2.823599346113836,6539,6665,190,0,6475,6607,261059,64,0,0,64,58
2020-09-29,US,Illinois,Stark,55,2,0,41.09309773,-89.79745866,17175.0,1029.5769374766003,3.636363636363636,53,55,2,0,53,55,5427,0,0,0,0,0
2020-09-29,US,Illinois,Stephenson,535,6,0,42.35129217,-89.662598,17177.0,1202.3012270214392,1.1214953271028036,529,529,6,0,523,523,44753,6,0,0,6,6
2020-09-29,US,Illinois,Tazewell,1795,25,0,40.50716185,-89.51404662,17179.0,1361.8809890518426,1.3927576601671308,1770,1780,25,0,1755,1774,132328,15,0,0,15,6
2020-09-29,US,Illinois,Unassigned,2542,244,0,0.0,0.0,90017.0,0.0,9.59874114870181,2298,2532,244,0,2288,2537,,10,0,0,10,-5
2020-09-29,US,Illinois,Union,520,24,0,37.47119609,-89.25548938,17181.0,3122.560499609681,4.615384615384615,496,515,24,0,491,515,16841,5,0,0,5,0
2020-09-29,US,Illinois,Vermilion,817,4,0,40.18417171,-87.73384359,17183.0,1078.4339607698196,0.4895960832313341,813,791,4,0,787,770,76806,26,0,0,26,21
2020-09-29,US,Illinois,Wabash,160,3,0,38.44272901,-87.84922065,17185.0,1388.888888888889,1.875,157,158,3,0,155,154,11549,2,0,0,2,4
2020-09-29,US,Illinois,Warren,333,2,0,40.84925021,-90.6147432,17187.0,1976.9650914272142,0.6006006006006006,331,333,2,0,331,332,17032,0,0,0,0,1
2020-09-29,US,Illinois,Washington,217,1,0,38.35309213,-89.40982703,17189.0,1562.6125153020812,0.4608294930875576,216,216,1,0,215,211,13995,1,0,0,1,5
2020-09-29,US,Illinois,Wayne,293,5,0,38.42955355,-88.42586459,17191.0,1806.9688559975327,1.706484641638225,288,280,5,0,275,280,16332,13,0,0,13,0
2020-09-29,US,Illinois,White,169,0,0,38.08706198,-88.17657461,17193.0,1248.4302282632784,0.0,169,169,0,0,169,168,13665,0,0,0,0,1
2020-09-29,US,Illinois,Whiteside,765,21,0,41.75509713,-89.91556058,17195.0,1386.4975079293158,2.7450980392156863,744,753,20,0,733,743,55626,12,1,0,11,10
2020-09-29,US,Illinois,Will,14133,379,0,41.44619267,-87.97862712,17197.0,2046.0576509642515,2.6816670204485957,13754,14045,378,0,13667,13984,692310,88,1,0,87,61
2020-09-29,US,Illinois,Williamson,1416,47,0,37.73033511,-88.92994027,17199.0,2126.2219018874725,3.3192090395480225,1369,1406,45,0,1361,1401,67056,10,2,0,8,5
2020-09-29,US,Illinois,Winnebago,6069,151,0,42.33641854,-89.16085327,17201.0,2147.771187520349,2.48805404514747,5918,6037,149,0,5888,5959,284081,32,2,0,30,78
2020-09-29,US,Illinois,Woodford,428,6,0,40.78579374,-89.20973757,17203.0,1112.8734496476768,1.4018691588785046,422,426,6,0,420,424,38463,2,0,0,2,2
2020-09-29,US,Indiana,Adams,277,3,0,40.7457653,-84.93671406,18001.0,774.2404337982503,1.083032490974729,274,276,3,0,273,274,35636,1,0,0,1,2
2020-09-29,US,Indiana,Allen,6364,205,0,41.09194313,-85.06800636,18003.0,1677.8320006116544,3.221244500314268,6159,6330,205,0,6125,6292,375351,34,0,0,34,38
2020-09-29,US,Indiana,Bartholomew,1193,57,0,39.20744865,-85.89558181,18005.0,1423.984530729658,4.777870913663034,1136,1184,57,0,1127,1179,82753,9,0,0,9,5
2020-09-29,US,Indiana,Benton,86,0,0,40.60626947,-87.31093999,18007.0,983.0818472793782,0.0,86,87,0,0,87,87,8653,-1,0,0,-1,0
2020-09-29,US,Indiana,Blackford,122,3,0,40.47388153,-85.32499702,18009.0,1037.5914271134548,2.459016393442623,119,121,3,0,118,120,11930,1,0,0,1,1
2020-09-29,US,Indiana,Boone,997,46,0,40.0509304,-86.46841646,18011.0,1469.5694471058175,4.613841524573722,951,991,46,0,945,986,66999,6,0,0,6,5
2020-09-29,US,Indiana,Brown,103,3,0,39.19605589,-86.22868909,18013.0,682.4807845216009,2.9126213592233015,100,104,3,0,101,104,15234,-1,0,0,-1,0
2020-09-29,US,Indiana,Carroll,280,13,0,40.580783200000006,-86.56198812,18015.0,1382.2382386335587,4.642857142857143,267,278,13,0,265,277,20127,2,0,0,2,1
2020-09-29,US,Indiana,Cass,1958,9,0,40.76135835,-86.34830753,18017.0,5195.149778449945,0.4596527068437181,1949,1955,9,0,1946,1954,37955,3,0,0,3,1
2020-09-29,US,Indiana,Clark,2267,57,0,38.48015445,-85.70510334,18019.0,1916.282057784315,2.514336127040141,2210,2259,57,0,2202,2236,117360,8,0,0,8,23
2020-09-29,US,Indiana,Clay,310,5,0,39.39561833,-87.11723506,18021.0,1182.0781696854147,1.6129032258064515,305,308,5,0,303,302,26170,2,0,0,2,6
2020-09-29,US,Indiana,Clinton,634,14,0,40.30319754,-86.47277257,18023.0,1956.8505200777802,2.2082018927444795,620,623,14,0,609,609,32250,11,0,0,11,14
2020-09-29,US,Indiana,Crawford,110,0,0,38.28814402,-86.44518825,18025.0,1039.9924364186445,0.0,110,110,0,0,110,108,10558,0,0,0,0,2
2020-09-29,US,Indiana,Daviess,681,29,0,38.70186039,-87.07185406,18027.0,2041.9177835747053,4.258443465491924,652,680,28,0,652,677,33147,1,1,0,0,3
2020-09-29,US,Indiana,DeKalb,491,11,0,41.39804622,-84.99906934,18033.0,1129.384703852789,2.240325865580448,480,488,11,0,477,487,43226,3,0,0,3,1
2020-09-29,US,Indiana,Dearborn,679,28,0,39.14647946,-84.97333539,18029.0,1372.8820413279955,4.123711340206185,651,675,28,0,647,665,49568,4,0,0,4,10
2020-09-29,US,Indiana,Decatur,461,39,0,39.30712658,-85.50087166,18031.0,1735.7581234233214,8.459869848156183,422,459,39,0,420,458,26794,2,0,0,2,1
2020-09-29,US,Indiana,Delaware,2011,62,0,40.22787247,-85.39732772,18035.0,1761.9485696762604,3.0830432620586774,1949,2001,62,0,1939,1985,114772,10,0,0,10,16
2020-09-29,US,Indiana,Dubois,1009,19,0,38.36597551,-86.87924170000002,18037.0,2361.007113440659,1.883052527254708,990,999,19,0,980,991,42565,10,0,0,10,8
2020-09-29,US,Indiana,Elkhart,6734,112,0,41.59761169,-85.85875695,18039.0,3263.5297880692638,1.6632016632016633,6622,6707,111,0,6596,6667,205560,27,1,0,26,40
2020-09-29,US,Indiana,Fayette,423,14,0,39.63684962,-85.17797541,18041.0,1831.010302138343,3.309692671394799,409,423,13,0,410,423,23047,0,1,0,-1,0
2020-09-29,US,Indiana,Floyd,1404,64,0,38.32117957,-85.90385377,18043.0,1788.033926797585,4.558404558404559,1340,1396,64,0,1332,1389,77781,8,0,0,8,7
2020-09-29,US,Indiana,Fountain,130,2,0,40.12361933,-87.24217689,18045.0,795.3016028386148,1.5384615384615383,128,129,2,0,127,128,16351,1,0,0,1,1
2020-09-29,US,Indiana,Franklin,315,25,0,39.4142482,-85.06062647,18047.0,1384.1286580543106,7.936507936507938,290,313,25,0,288,311,22736,2,0,0,2,2
2020-09-29,US,Indiana,Fulton,246,2,0,41.0469907,-86.26252745,18049.0,1231.6010814058275,0.8130081300813008,244,244,2,0,242,241,20092,2,0,0,2,3
2020-09-29,US,Indiana,Gibson,545,5,0,38.30393723,-87.58054938,18051.0,1619.1806054844174,0.9174311926605504,540,535,5,0,530,530,33452,10,0,0,10,5
2020-09-29,US,Indiana,Grant,966,36,0,40.51587228,-85.65468702,18053.0,1468.7770834283624,3.7267080745341614,930,951,34,0,917,933,65936,15,2,0,13,18
2020-09-29,US,Indiana,Greene,429,36,0,39.03630547,-86.96223202,18055.0,1343.9007580978634,8.391608391608392,393,427,35,0,392,427,32006,2,1,0,1,0
2020-09-29,US,Indiana,Hamilton,4965,109,0,40.07306535,-86.05244729,18057.0,1468.8871072243212,2.1953675730110773,4856,4938,109,0,4829,4909,330086,27,0,0,27,29
2020-09-29,US,Indiana,Hancock,948,43,0,39.82304555,-85.77566351,18059.0,1212.772490021492,4.5358649789029535,905,946,43,0,903,932,76351,2,0,0,2,14
2020-09-29,US,Indiana,Harrison,598,24,0,38.19467379,-86.10948271,18061.0,1475.9965444896952,4.013377926421405,574,592,24,0,568,587,40350,6,0,0,6,5
2020-09-29,US,Indiana,Hendricks,2779,124,0,39.76719009,-86.51037283,18063.0,1631.7207931372607,4.4620367038503055,2655,2766,124,0,2642,2747,167009,13,0,0,13,19
2020-09-29,US,Indiana,Henry,822,26,0,39.93029017,-85.39625719,18065.0,1713.4995413991494,3.1630170316301705,796,812,26,0,786,809,48271,10,0,0,10,3
2020-09-29,US,Indiana,Howard,1339,64,0,40.48527731,-86.11351892,18067.0,1622.1651482845514,4.779686333084391,1275,1326,63,0,1263,1318,82366,13,1,0,12,8
2020-09-29,US,Indiana,Huntington,250,3,0,40.82907273,-85.48822092,18069.0,684.5564074479738,1.2,247,247,3,0,244,245,36240,3,0,0,3,2
2020-09-29,US,Indiana,Jackson,776,10,0,38.90915820000001,-86.03851889,18071.0,1754.4256290836747,1.2886597938144329,766,773,9,0,764,768,44111,3,1,0,2,5
2020-09-29,US,Indiana,Jasper,403,2,0,41.02078733,-87.11553319,18073.0,1200.7627674155294,0.4962779156327544,401,401,2,0,399,399,33370,2,0,0,2,2
2020-09-29,US,Indiana,Jay,192,0,0,40.43781032,-85.00576229,18075.0,939.5184967704052,0.0,192,192,0,0,192,188,20764,0,0,0,0,4
2020-09-29,US,Indiana,Jefferson,252,3,0,38.78576239,-85.43633383,18077.0,779.9925714993193,1.1904761904761905,249,250,3,0,247,248,32208,2,0,0,2,2
2020-09-29,US,Indiana,Jennings,317,12,0,38.99588883,-85.62710784,18079.0,1142.9601586443125,3.785488958990536,305,316,12,0,304,316,27611,1,0,0,1,0
2020-09-29,US,Indiana,Johnson,2362,125,0,39.48994426,-86.10149107,18081.0,1493.3582858624109,5.2921253175275185,2237,2352,124,0,2228,2338,156225,10,1,0,9,14
2020-09-29,US,Indiana,Knox,537,9,0,38.68861576,-87.4194665,18083.0,1467.4536809313001,1.675977653631285,528,528,9,0,519,525,36895,9,0,0,9,3
2020-09-29,US,Indiana,Kosciusko,1271,17,0,41.24521668,-85.86312322,18085.0,1599.6274667740634,1.3375295043273014,1254,1259,17,0,1242,1248,79344,12,0,0,12,11
2020-09-29,US,Indiana,LaGrange,647,11,0,41.64232188,-85.42674232,18087.0,1633.2609683445246,1.7001545595054095,636,640,11,0,629,639,39330,7,0,0,7,1
2020-09-29,US,Indiana,LaPorte,1519,41,0,41.54366008,-86.74072188,18091.0,1382.3165404775766,2.6991441737985515,1478,1491,41,0,1450,1474,110007,28,0,0,28,17
2020-09-29,US,Indiana,Lake,10745,324,0,41.41874274,-87.38277575,18089.0,2213.2141967031453,3.0153559795253613,10421,10688,323,0,10365,10618,484411,57,1,0,56,70
2020-09-29,US,Indiana,Lawrence,518,29,0,38.84112637,-86.48361629,18093.0,1141.723605906987,5.5984555984555975,489,516,29,0,487,515,45668,2,0,0,2,1
2020-09-29,US,Indiana,Madison,1714,75,0,40.16143691,-85.71964711,18095.0,1322.8472860020531,4.375729288214703,1639,1703,75,0,1628,1689,129641,11,0,0,11,14
2020-09-29,US,Indiana,Marion,21563,768,0,39.78163624,-86.13826325,18097.0,2235.476092234771,3.561656541297593,20795,21502,767,0,20735,21403,954670,61,1,0,60,99
2020-09-29,US,Indiana,Marshall,1021,24,0,41.32467367,-86.26185087,18099.0,2207.1857840805915,2.3506366307541624,997,1015,24,0,991,1012,46248,6,0,0,6,3
2020-09-29,US,Indiana,Martin,169,0,0,38.7099921,-86.80373186,18101.0,1647.9765967820574,0.0,169,168,0,0,168,168,10217,1,0,0,1,0
2020-09-29,US,Indiana,Miami,439,4,0,40.76940965,-86.04525048,18103.0,1236.0626196643766,0.9111617312072892,435,439,4,0,435,438,35567,0,0,0,0,1
2020-09-29,US,Indiana,Monroe,2671,37,0,39.16130004,-86.52414358,18105.0,1799.489325006232,1.3852489704230626,2634,2655,36,0,2619,2627,146917,16,1,0,15,28
2020-09-29,US,Indiana,Montgomery,513,21,0,40.04034823,-86.89335024,18107.0,1338.0979706818302,4.093567251461988,492,511,21,0,490,511,38346,2,0,0,2,0
2020-09-29,US,Indiana,Morgan,739,40,0,39.47899078,-86.44573375,18109.0,1048.3905290187124,5.412719891745602,699,734,38,0,696,729,70116,5,2,0,3,5
2020-09-29,US,Indiana,Newton,174,11,0,40.95610449,-87.39635768,18111.0,1244.279176201373,6.32183908045977,163,174,11,0,163,173,14011,0,0,0,0,1
2020-09-29,US,Indiana,Noble,929,32,0,41.39672484,-85.41966713,18113.0,1945.7942359249328,3.444564047362756,897,931,32,0,899,925,47532,-2,0,0,-2,6
2020-09-29,US,Indiana,Ohio,79,7,0,38.955304999999996,-84.96515993,18115.0,1344.6808510638298,8.860759493670884,72,79,7,0,72,79,5844,0,0,0,0,0
2020-09-29,US,Indiana,Orange,287,24,0,38.54118920000001,-86.49523093,18117.0,1460.857171943398,8.362369337979095,263,288,24,0,264,288,19489,-1,0,0,-1,0
2020-09-29,US,Indiana,Owen,171,1,0,39.31145587,-86.83900724,18119.0,822.1549112938122,0.5847953216374269,170,171,1,0,170,171,20845,0,0,0,0,0
2020-09-29,US,Indiana,Parke,107,2,0,39.77202286,-87.20375833,18121.0,631.752966877251,1.8691588785046729,105,107,2,0,105,103,16927,0,0,0,0,4
2020-09-29,US,Indiana,Perry,222,13,0,38.07809328,-86.63741946,18123.0,1158.119881057958,5.855855855855856,209,221,13,0,208,221,19102,1,0,0,1,0
2020-09-29,US,Indiana,Pike,169,1,0,38.40112197,-87.23574907,18125.0,1364.1133263378806,0.591715976331361,168,164,1,0,163,162,12410,5,0,0,5,2
2020-09-29,US,Indiana,Porter,2224,47,0,41.45986947,-87.06848888,18127.0,1305.248578253291,2.1133093525179856,2177,2199,47,0,2152,2176,169594,25,0,0,25,23
2020-09-29,US,Indiana,Posey,354,1,0,38.02097333,-87.86480429,18129.0,1392.2208675817044,0.2824858757062147,353,346,0,0,346,340,25540,8,1,0,7,6
2020-09-29,US,Indiana,Pulaski,114,1,0,41.04166107,-86.69890683,18131.0,922.852748320246,0.8771929824561403,113,114,1,0,113,113,12469,0,0,0,0,1
2020-09-29,US,Indiana,Putnam,590,11,0,39.66437981,-86.84517605,18133.0,1570.1511603150946,1.8644067796610169,579,584,11,0,573,581,37779,6,0,0,6,3
2020-09-29,US,Indiana,Randolph,223,8,0,40.15734772,-85.01139319,18135.0,904.1151429150618,3.5874439461883414,215,223,8,0,215,220,24851,0,0,0,0,3
2020-09-29,US,Indiana,Ripley,310,8,0,39.10235626,-85.26212744,18137.0,1094.4781810478746,2.5806451612903225,302,307,8,0,299,303,28523,3,0,0,3,4
2020-09-29,US,Indiana,Rush,158,4,0,39.62002287,-85.4655599,18139.0,952.8978951812317,2.5316455696202533,154,157,4,0,153,157,16663,1,0,0,1,0
2020-09-29,US,Indiana,Scott,393,11,0,38.68672078,-85.74627859,18143.0,1646.2112009382986,2.7989821882951653,382,390,11,0,379,381,23878,3,0,0,3,9
2020-09-29,US,Indiana,Shelby,683,29,0,39.52305623,-85.79158570000001,18145.0,1526.9735518343805,4.24597364568082,654,680,29,0,651,677,44593,3,0,0,3,3
2020-09-29,US,Indiana,Spencer,268,3,0,38.01519732,-87.0079644,18147.0,1321.6945307491244,1.1194029850746268,265,263,3,0,260,259,20327,5,0,0,5,4
2020-09-29,US,Indiana,St. Joseph,6679,115,0,41.61756781,-86.29040834,18141.0,2457.0865185817397,1.7218146429106154,6564,6619,113,0,6506,6576,270771,60,2,0,58,43
2020-09-29,US,Indiana,Starke,273,7,0,41.27890281,-86.64686895,18149.0,1187.2146118721464,2.5641025641025643,266,271,7,0,264,267,22935,2,0,0,2,4
2020-09-29,US,Indiana,Steuben,397,7,0,41.64423868,-85.00101094,18151.0,1147.5978493380355,1.7632241813602014,390,390,7,0,383,387,34586,7,0,0,7,3
2020-09-29,US,Indiana,Sullivan,338,12,0,39.08952258,-87.41414469,18153.0,1635.2992404083413,3.5502958579881656,326,338,12,0,326,338,20690,0,0,0,0,0
2020-09-29,US,Indiana,Switzerland,69,0,0,38.82767338,-85.03022429,18155.0,641.800762719747,0.0,69,69,0,0,69,69,10717,0,0,0,0,0
2020-09-29,US,Indiana,Tippecanoe,2590,13,0,40.38872739,-86.89413959,18157.0,1323.2378967159175,0.5019305019305019,2577,2566,13,0,2553,2523,193048,24,0,0,24,43
2020-09-29,US,Indiana,Tipton,229,22,0,40.31123252,-86.05234925,18159.0,1511.7507261684714,9.60698689956332,207,228,22,0,206,228,15128,1,0,0,1,0
2020-09-29,US,Indiana,Unassigned,0,227,0,0.0,0.0,90018.0,0.0,0.0,-227,0,226,0,-226,0,,0,1,0,-1,0
2020-09-29,US,Indiana,Union,79,0,0,39.62550777,-84.92497066,18161.0,1119.9319535015593,0.0,79,79,0,0,79,79,7037,0,0,0,0,0
2020-09-29,US,Indiana,Vanderburgh,3842,31,0,38.02658833,-87.58763124,18163.0,2117.376040914627,0.8068714211348256,3811,3781,31,0,3750,3719,180974,61,0,0,61,62
2020-09-29,US,Indiana,Vermillion,132,0,0,39.8523352,-87.46160542,18165.0,851.7228029423152,0.0,132,131,0,0,131,130,15479,1,0,0,1,1
2020-09-29,US,Indiana,Vigo,1879,28,0,39.42944561,-87.39169027,18167.0,1755.451335039893,1.4901543374135178,1851,1868,27,0,1841,1843,107386,11,1,0,10,25
2020-09-29,US,Indiana,Wabash,275,8,0,40.84704239,-85.79328272,18169.0,887.2112530649116,2.9090909090909087,267,272,8,0,264,271,31280,3,0,0,3,1
2020-09-29,US,Indiana,Warren,41,1,0,40.34728141,-87.35602659,18171.0,496.06775559588624,2.4390243902439024,40,41,1,0,40,40,8263,0,0,0,0,1
2020-09-29,US,Indiana,Warrick,1407,43,0,38.08922676,-87.2716085,18173.0,2233.404235055081,3.0561478322672357,1364,1382,42,0,1340,1344,62567,25,1,0,24,38
2020-09-29,US,Indiana,Washington,270,2,0,38.60219804,-86.1049363,18175.0,963.0475103438437,0.7407407407407407,268,270,1,0,269,269,27943,0,1,0,-1,1
2020-09-29,US,Indiana,Wayne,773,14,0,39.863344399999995,-85.01044989,18177.0,1173.274239572582,1.8111254851228975,759,770,14,0,756,768,65936,3,0,0,3,2
2020-09-29,US,Indiana,Wells,269,4,0,40.72934187,-85.22132966,18179.0,950.6644048628784,1.4869888475836432,265,267,4,0,263,265,28206,2,0,0,2,2
2020-09-29,US,Indiana,White,488,14,0,40.74911165,-86.86492015,18181.0,2024.7282383204715,2.8688524590163933,474,487,14,0,473,486,24133,1,0,0,1,1
2020-09-29,US,Indiana,Whitley,287,6,0,41.13863784,-85.50791236,18183.0,845.0123660346247,2.0905923344947737,281,282,6,0,276,279,34074,5,0,0,5,3
2020-09-29,US,Iowa,Adair,73,1,0,41.33075609,-94.47105874,19001.0,1020.6935123042506,1.3698630136986298,72,72,1,0,71,72,7063,1,0,0,1,0
2020-09-29,US,Iowa,Adams,33,0,0,41.02903567,-94.69932645,19003.0,916.1576901721266,0.0,33,33,0,0,33,33,3645,0,0,0,0,0
2020-09-29,US,Iowa,Allamakee,265,6,0,43.28383218,-91.37860922,19005.0,1936.1437860743767,2.2641509433962264,259,266,6,0,260,264,13832,-1,0,0,-1,2
2020-09-29,US,Iowa,Appanoose,144,3,0,40.74324454,-92.86865906,19007.0,1158.8604538870109,2.083333333333333,141,142,3,0,139,139,12437,2,0,0,2,3
2020-09-29,US,Iowa,Audubon,89,1,0,41.6844628,-94.90581859,19009.0,1619.3595342066958,1.1235955056179776,88,87,1,0,86,82,5506,2,0,0,2,5
2020-09-29,US,Iowa,Benton,338,1,0,42.08011739,-92.06463573,19011.0,1317.995710664847,0.2958579881656805,337,328,1,0,327,324,25642,10,0,0,10,4
2020-09-29,US,Iowa,Black Hawk,4541,92,0,42.4704581,-92.30524729,19013.0,3460.3895510104553,2.0259854657564413,4449,4509,90,0,4419,4500,132408,32,2,0,30,9
2020-09-29,US,Iowa,Boone,526,8,0,42.03657094,-93.9313999,19015.0,2005.031638331936,1.520912547528517,518,517,8,0,509,511,26346,9,0,0,9,6
2020-09-29,US,Iowa,Bremer,506,7,0,42.77461496,-92.31795937,19017.0,2018.9928976139167,1.383399209486166,499,502,7,0,495,495,24947,4,0,0,4,7
2020-09-29,US,Iowa,Buchanan,292,1,0,42.4709188,-91.83510825,19019.0,1378.9846517119245,0.3424657534246575,291,286,1,0,285,285,21199,6,0,0,6,1
2020-09-29,US,Iowa,Buena Vista,2003,12,0,42.73545875,-95.15100162,19021.0,10208.970438328237,0.5991013479780329,1991,1999,12,0,1987,1992,19874,4,0,0,4,7
2020-09-29,US,Iowa,Butler,279,2,0,42.73172833,-92.79015971,19023.0,1932.2667774776648,0.7168458781362007,277,275,2,0,273,271,14539,4,0,0,4,4
2020-09-29,US,Iowa,Calhoun,188,3,0,42.38521079,-94.64046046,19025.0,1944.5593711212246,1.5957446808510638,185,187,3,0,184,185,9699,1,0,0,1,2
2020-09-29,US,Iowa,Carroll,695,5,0,42.03617207,-94.86032705,19027.0,3446.565831886933,0.7194244604316546,690,685,5,0,680,674,20154,10,0,0,10,11
2020-09-29,US,Iowa,Cass,176,2,0,41.33149454,-94.92792482,19029.0,1371.1436584605794,1.1363636363636365,174,169,2,0,167,169,12930,7,0,0,7,0
2020-09-29,US,Iowa,Cedar,253,1,0,41.77233777,-91.13246684,19031.0,1358.243410103613,0.3952569169960474,252,252,1,0,251,250,18627,1,0,0,1,2
2020-09-29,US,Iowa,Cerro Gordo,1064,21,0,43.08177563,-93.2612239,19033.0,2506.4782096584217,1.973684210526316,1043,1059,21,0,1038,1058,42647,5,0,0,5,1
2020-09-29,US,Iowa,Cherokee,257,2,0,42.73538914,-95.62389402,19035.0,2287.4944370271473,0.7782101167315175,255,255,2,0,253,251,11321,2,0,0,2,4
2020-09-29,US,Iowa,Chickasaw,270,1,0,43.06001295,-92.31773347,19037.0,2262.6330344423027,0.3703703703703704,269,266,1,0,265,257,11964,4,0,0,4,9
2020-09-29,US,Iowa,Clarke,269,3,0,41.02868181,-93.78499767,19039.0,2863.2251197445453,1.1152416356877324,266,268,3,0,265,266,9423,1,0,0,1,2
2020-09-29,US,Iowa,Clay,343,4,0,43.08247182,-95.15096481,19041.0,2141.608391608392,1.1661807580174928,339,334,4,0,330,328,16134,9,0,0,9,6
2020-09-29,US,Iowa,Clayton,268,3,0,42.84443388,-91.34133693,19043.0,1527.1525443045184,1.1194029850746268,265,263,3,0,260,261,17556,5,0,0,5,2
2020-09-29,US,Iowa,Clinton,1139,21,0,41.89981633,-90.53275096,19045.0,2453.2081242326994,1.843722563652327,1118,1130,21,0,1109,1124,46518,9,0,0,9,6
2020-09-29,US,Iowa,Crawford,1108,6,0,42.03718237,-95.3819718,19047.0,6587.395957193817,0.5415162454873647,1102,1100,5,0,1095,1091,17158,8,1,0,7,9
2020-09-29,US,Iowa,Dallas,2829,38,0,41.68560356,-94.04127625,19049.0,3027.190138358319,1.3432308236125838,2791,2807,38,0,2769,2798,90180,22,0,0,22,9
2020-09-29,US,Iowa,Davis,128,4,0,40.74773536,-92.41005468,19051.0,1422.2222222222226,3.125,124,127,4,0,123,127,9017,1,0,0,1,0
2020-09-29,US,Iowa,Decatur,67,0,0,40.73742757,-93.78645949,19053.0,851.3341804320203,0.0,67,67,0,0,67,67,7890,0,0,0,0,0
2020-09-29,US,Iowa,Delaware,441,3,0,42.47104597,-91.3664492,19055.0,2592.4401857621538,0.6802721088435374,438,423,3,0,420,410,17069,18,0,0,18,13
2020-09-29,US,Iowa,Des Moines,806,8,0,40.92012606,-91.18326592,19057.0,2068.4168655529043,0.9925558312655088,798,800,8,0,792,797,39138,6,0,0,6,3
2020-09-29,US,Iowa,Dickinson,542,6,0,43.37787725,-95.1510206,19059.0,3140.572488121451,1.1070110701107012,536,530,6,0,524,528,17153,12,0,0,12,2
2020-09-29,US,Iowa,Dubuque,3402,42,0,42.46815349,-90.88181925,19061.0,3496.0076455899125,1.2345679012345678,3360,3332,41,0,3291,3283,96854,70,1,0,69,49
2020-09-29,US,Iowa,Emmet,275,10,0,43.37782951,-94.67858943,19063.0,2986.5334491746307,3.636363636363636,265,270,10,0,260,265,9253,5,0,0,5,5
2020-09-29,US,Iowa,Fayette,238,2,0,42.86271799,-91.84412309999999,19065.0,1211.1959287531806,0.8403361344537815,236,231,2,0,229,227,19660,7,0,0,7,4
2020-09-29,US,Iowa,Floyd,357,3,0,43.06000529999999,-92.78940097,19067.0,2282.3168392788652,0.8403361344537815,354,354,3,0,351,352,15761,3,0,0,3,2
2020-09-29,US,Iowa,Franklin,352,18,0,42.73270384,-93.26256925,19069.0,3495.5312810327705,5.113636363636363,334,351,18,0,333,350,10124,1,0,0,1,1
2020-09-29,US,Iowa,Fremont,122,0,0,40.74542720000001,-95.60129045,19071.0,1752.8735632183907,0.0,122,121,0,0,121,122,6993,1,0,0,1,-1
2020-09-29,US,Iowa,Greene,105,0,0,42.03614551,-94.39658081,19073.0,1181.368136813681,0.0,105,103,0,0,103,101,8981,2,0,0,2,2
2020-09-29,US,Iowa,Grundy,229,4,0,42.40183723,-92.78829551,19075.0,1872.138652714192,1.7467248908296944,225,224,3,0,221,223,12304,5,1,0,4,1
2020-09-29,US,Iowa,Guthrie,264,9,0,41.68378965,-94.50111014,19077.0,2469.828795958462,3.4090909090909087,255,252,7,0,245,245,10720,12,2,0,10,7
2020-09-29,US,Iowa,Hamilton,334,3,0,42.38382428,-93.70197703,19079.0,2260.881337575306,0.8982035928143712,331,332,3,0,329,327,14952,2,0,0,2,5
2020-09-29,US,Iowa,Hancock,199,2,0,43.08178477,-93.73454884,19081.0,1872.0602069614301,1.0050251256281406,197,195,2,0,193,188,10712,4,0,0,4,7
2020-09-29,US,Iowa,Hardin,311,1,0,42.38353877,-93.23654611,19083.0,1846.13558114686,0.3215434083601286,310,307,1,0,306,304,16868,4,0,0,4,3
2020-09-29,US,Iowa,Harrison,259,3,0,41.68330137,-95.81558439,19085.0,1843.5475834578974,1.1583011583011582,256,252,3,0,249,241,14134,7,0,0,7,11
2020-09-29,US,Iowa,Henry,773,4,0,40.98767962,-91.54436349,19087.0,3873.909992983863,0.517464424320828,769,755,4,0,751,746,20067,18,0,0,18,9
2020-09-29,US,Iowa,Howard,192,7,0,43.35671042,-92.31702714,19089.0,2096.52762611924,3.6458333333333335,185,192,7,0,185,190,9187,0,0,0,0,2
2020-09-29,US,Iowa,Humboldt,194,3,0,42.7764426,-94.20722537,19091.0,2029.7133291483567,1.5463917525773196,191,191,3,0,188,190,9547,3,0,0,3,1
2020-09-29,US,Iowa,Ida,128,1,0,42.38696136,-95.51355387,19093.0,1865.8892128279888,0.78125,127,126,1,0,125,122,6841,2,0,0,2,4
2020-09-29,US,Iowa,Iowa,222,1,0,41.68630265,-92.0643373,19095.0,1371.7251606524962,0.4504504504504505,221,216,1,0,215,213,16141,6,0,0,6,3
2020-09-29,US,Iowa,Jackson,358,3,0,42.17178824,-90.57354837,19097.0,1841.6585215288849,0.8379888268156425,355,352,3,0,349,350,19432,6,0,0,6,2
2020-09-29,US,Iowa,Jasper,870,34,0,41.68576082,-93.05567785,19099.0,2339.653085921743,3.9080459770114944,836,864,32,0,832,845,37147,6,2,0,4,19
2020-09-29,US,Iowa,Jefferson,140,1,0,41.03192394,-91.94849466,19101.0,765.2364033889038,0.7142857142857143,139,139,1,0,138,139,18381,1,0,0,1,0
2020-09-29,US,Iowa,Johnson,5179,27,0,41.67169354,-91.58754744,19103.0,3426.6243218208283,0.5213361652828732,5152,5170,27,0,5143,5147,151260,9,0,0,9,23
2020-09-29,US,Iowa,Jones,289,3,0,42.12118609,-91.13139641,19105.0,1397.4179198297954,1.038062283737024,286,284,3,0,281,276,20744,5,0,0,5,8
2020-09-29,US,Iowa,Keokuk,119,1,0,41.33649833,-92.1785067,19107.0,1161.4288502830373,0.8403361344537815,118,114,1,0,113,109,10225,5,0,0,5,5
2020-09-29,US,Iowa,Kossuth,286,0,0,43.20405458,-94.20691791,19109.0,1930.7365152231146,0.0,286,280,0,0,280,274,14908,6,0,0,6,6
2020-09-29,US,Iowa,Lee,652,7,0,40.64181461,-91.48183025,19111.0,1937.18988620495,1.0736196319018405,645,643,7,0,636,639,34055,9,0,0,9,4
2020-09-29,US,Iowa,Linn,4163,114,0,42.07923082,-91.59809485,19113.0,1836.2989951743668,2.7384098006245496,4049,4101,113,0,3988,4078,225909,62,1,0,61,23
2020-09-29,US,Iowa,Louisa,434,15,0,41.21842119,-91.26102611,19115.0,3932.9406434073403,3.4562211981566815,419,431,15,0,416,429,11169,3,0,0,3,2
2020-09-29,US,Iowa,Lucas,156,6,0,41.02958964,-93.32780803,19117.0,1813.9534883720928,3.8461538461538463,150,156,6,0,150,156,8645,0,0,0,0,0
2020-09-29,US,Iowa,Lyon,375,4,0,43.38107862,-96.20926845,19119.0,3190.131858783496,1.0666666666666669,371,351,4,0,347,332,11811,24,0,0,24,19
2020-09-29,US,Iowa,Madison,234,2,0,41.33081904,-94.01554631,19121.0,1432.2438486962908,0.8547008547008547,232,227,2,0,225,223,16249,7,0,0,7,4
2020-09-29,US,Iowa,Mahaska,427,20,0,41.33521503,-92.64083907,19123.0,1932.5639284906088,4.68384074941452,407,415,19,0,396,410,22000,12,1,0,11,5
2020-09-29,US,Iowa,Marion,772,8,0,41.33445101,-93.09934783,19125.0,2321.5950440561755,1.0362694300518134,764,769,7,0,762,763,33407,3,1,0,2,6
2020-09-29,US,Iowa,Marshall,1794,34,0,42.03586837,-92.99908190000001,19127.0,4556.884858645127,1.89520624303233,1760,1791,34,0,1757,1790,39981,3,0,0,3,1
2020-09-29,US,Iowa,Mills,191,1,0,41.03299766,-95.61920963,19129.0,1264.1471970348798,0.5235602094240838,190,183,1,0,182,181,15063,8,0,0,8,2
2020-09-29,US,Iowa,Mitchell,197,0,0,43.35638371,-92.78887719,19131.0,1860.9484224447385,0.0,197,191,0,0,191,191,10569,6,0,0,6,0
2020-09-29,US,Iowa,Monona,162,1,0,42.05220391,-95.95743843,19133.0,1880.4410911201394,0.6172839506172839,161,160,1,0,159,157,8679,2,0,0,2,3
2020-09-29,US,Iowa,Monroe,162,11,0,41.02988815,-92.8690667,19135.0,2101.9852082522384,6.790123456790122,151,160,11,0,149,159,7790,2,0,0,2,1
2020-09-29,US,Iowa,Montgomery,99,5,0,41.03018714,-95.15642896,19137.0,998.2857719068268,5.05050505050505,94,97,5,0,92,97,10003,2,0,0,2,0
2020-09-29,US,Iowa,Muscatine,1128,55,0,41.48370744,-91.11216970000001,19139.0,2643.915244702794,4.875886524822695,1073,1121,55,0,1066,1111,42929,7,0,0,7,10
2020-09-29,US,Iowa,O'Brien,407,9,0,43.08310673,-95.62474482,19141.0,2959.3543226932306,2.211302211302211,398,397,9,0,388,385,13840,10,0,0,10,12
2020-09-29,US,Iowa,Osceola,177,0,0,43.37824276,-95.62422844,19143.0,2970.7955689828805,0.0,177,169,0,0,169,168,6040,8,0,0,8,1
2020-09-29,US,Iowa,Page,191,0,0,40.7393172,-95.1497813,19145.0,1264.3145561660158,0.0,191,171,0,0,171,170,15249,20,0,0,20,1
2020-09-29,US,Iowa,Palo Alto,208,0,0,43.08193849,-94.67824621,19147.0,2340.760747242854,0.0,208,205,0,0,205,203,8929,3,0,0,3,2
2020-09-29,US,Iowa,Plymouth,1182,21,0,42.737633,-96.21366621,19149.0,4694.761091472376,1.7766497461928934,1161,1161,21,0,1140,1155,25095,21,0,0,21,6
2020-09-29,US,Iowa,Pocahontas,166,2,0,42.73420133,-94.67862564,19151.0,2507.9317117389332,1.2048192771084338,164,165,2,0,163,163,6740,1,0,0,1,2
2020-09-29,US,Iowa,Polk,16113,264,0,41.68679484,-93.57767461,19153.0,3287.287238274771,1.6384285980264384,15849,16010,262,0,15748,15962,487204,103,2,0,101,48
2020-09-29,US,Iowa,Pottawattamie,2201,39,0,41.33640314,-95.53907776,19155.0,2361.435959058429,1.7719218537028625,2162,2159,39,0,2120,2141,93533,42,0,0,42,18
2020-09-29,US,Iowa,Poweshiek,311,8,0,41.68625425,-92.53155731,19157.0,1680.717682663208,2.5723472668810294,303,307,8,0,299,304,18699,4,0,0,4,3
2020-09-29,US,Iowa,Ringgold,53,2,0,40.73518949,-94.24368535,19159.0,1082.9587249693502,3.7735849056603774,51,53,2,0,51,52,4968,0,0,0,0,1
2020-09-29,US,Iowa,Sac,267,0,0,42.38624071,-95.10547892,19161.0,2746.6310050406337,0.0,267,265,0,0,265,257,9719,2,0,0,2,8
2020-09-29,US,Iowa,Scott,3095,28,0,41.63935978,-90.61959493,19163.0,1789.6069803345608,0.9046849757673668,3067,3045,28,0,3017,3020,173283,50,0,0,50,25
2020-09-29,US,Iowa,Shelby,270,1,0,41.6850066,-95.31015553,19165.0,2357.255107386066,0.3703703703703704,269,268,1,0,267,267,11578,2,0,0,2,1
2020-09-29,US,Iowa,Sioux,1707,3,0,43.08221074,-96.17675679999999,19167.0,4897.432219193803,0.1757469244288225,1704,1680,3,0,1677,1646,34909,27,0,0,27,34
2020-09-29,US,Iowa,Story,3485,17,0,42.03621213,-93.46499005,19169.0,3588.455162329973,0.4878048780487805,3468,3462,17,0,3445,3453,98105,23,0,0,23,9
2020-09-29,US,Iowa,Tama,753,32,0,42.07991767,-92.53266945,19171.0,4467.782128871485,4.249667994687915,721,739,32,0,707,732,16904,14,0,0,14,7
2020-09-29,US,Iowa,Taylor,134,1,0,40.73710579,-94.69778563,19173.0,2189.1847737297826,0.746268656716418,133,132,1,0,131,131,6191,2,0,0,2,1
2020-09-29,US,Iowa,Unassigned,14,0,0,0.0,0.0,90019.0,0.0,0.0,14,14,0,0,14,23,,0,0,0,0,-9
2020-09-29,US,Iowa,Union,142,3,0,41.0277278,-94.24234847,19175.0,1160.0359447757535,2.112676056338028,139,138,3,0,135,137,12359,4,0,0,4,1
2020-09-29,US,Iowa,Van Buren,118,1,0,40.75326764,-91.95017958,19177.0,1675.1845542305512,0.8474576271186439,117,115,1,0,114,114,7020,3,0,0,3,1
2020-09-29,US,Iowa,Wapello,1341,57,0,41.03064984,-92.40954728,19179.0,3834.825130830164,4.250559284116331,1284,1340,57,0,1283,1334,35205,1,0,0,1,6
2020-09-29,US,Iowa,Warren,969,6,0,41.33559454,-93.56007641,19181.0,1882.796409279913,0.6191950464396285,963,966,6,0,960,965,51056,3,0,0,3,1
2020-09-29,US,Iowa,Washington,485,11,0,41.33577126,-91.71725711,19183.0,2208.058274527657,2.268041237113402,474,472,11,0,461,466,22141,13,0,0,13,6
2020-09-29,US,Iowa,Wayne,88,2,0,40.73969028,-93.32752197,19185.0,1366.2474770998292,2.272727272727273,86,87,2,0,85,87,6401,1,0,0,1,0
2020-09-29,US,Iowa,Webster,1317,14,0,42.42853483,-94.17987389,19187.0,3668.114973262032,1.0630220197418374,1303,1280,14,0,1266,1272,36277,37,0,0,37,8
2020-09-29,US,Iowa,Winnebago,323,13,0,43.37751174,-93.73407298,19189.0,3119.5673169789447,4.0247678018575845,310,317,13,0,304,315,10518,6,0,0,6,2
2020-09-29,US,Iowa,Winneshiek,340,8,0,43.29094334,-91.84422722,19191.0,1700.7653444049822,2.3529411764705883,332,340,6,0,334,339,20029,0,2,0,-2,1
2020-09-29,US,Iowa,Woodbury,5597,68,0,42.38979414,-96.0459439,19193.0,5428.341431716566,1.214936573164195,5529,5554,67,0,5487,5509,102539,43,1,0,42,45
2020-09-29,US,Iowa,Worth,109,0,0,43.37750768,-93.26087602,19195.0,1476.7646660344126,0.0,109,109,0,0,109,108,7453,0,0,0,0,1
2020-09-29,US,Iowa,Wright,597,1,0,42.73305373,-93.73515113,19197.0,4752.427957331635,0.16750418760469013,596,596,1,0,595,592,12690,1,0,0,1,4
2020-09-29,US,Kansas,Allen,38,0,0,37.88582951,-95.30030847,20001.0,307.21966205837174,0.0,38,38,0,0,38,34,12444,0,0,0,0,4
2020-09-29,US,Kansas,Anderson,73,0,0,38.21413251,-95.29272815,20003.0,928.989564774752,0.0,73,73,0,0,73,70,7878,0,0,0,0,3
2020-09-29,US,Kansas,Atchison,331,2,0,39.53185661,-95.30870026,20005.0,2059.354196478567,0.6042296072507553,329,331,2,0,329,331,16193,0,0,0,0,0
2020-09-29,US,Kansas,Barber,6,0,0,37.2288586,-98.68460053,20007.0,135.5319629545968,0.0,6,6,0,0,6,5,4472,0,0,0,0,1
2020-09-29,US,Kansas,Barton,513,7,0,38.47889676,-98.75636726,20009.0,1989.9918538345166,1.364522417153996,506,498,7,0,491,498,26111,15,0,0,15,0
2020-09-29,US,Kansas,Bourbon,156,2,0,37.85508555,-94.84865997,20011.0,1073.345259391771,1.2820512820512822,154,156,2,0,154,150,14653,0,0,0,0,6
2020-09-29,US,Kansas,Brown,120,4,0,39.82652589,-95.56421698,20013.0,1254.7051442910915,3.333333333333333,116,120,4,0,116,120,9598,0,0,0,0,0
2020-09-29,US,Kansas,Butler,566,3,0,37.78134351,-96.83878537,20015.0,845.8997773161364,0.5300353356890459,563,566,3,0,563,529,66765,0,0,0,0,37
2020-09-29,US,Kansas,Chase,82,1,0,38.30292938,-96.59563862,20017.0,3096.676737160121,1.2195121951219512,81,82,1,0,81,81,2629,0,0,0,0,1
2020-09-29,US,Kansas,Chautauqua,15,0,0,37.14994405,-96.2454192,20019.0,461.5384615384616,0.0,15,15,0,0,15,13,3309,0,0,0,0,2
2020-09-29,US,Kansas,Cherokee,507,7,0,37.16928494,-94.8462897,20021.0,2542.7554039821453,1.3806706114398422,500,507,7,0,500,494,20015,0,0,0,0,13
2020-09-29,US,Kansas,Cheyenne,60,2,0,39.78580976,-101.7318201,20023.0,2258.185923974407,3.333333333333333,58,60,2,0,58,58,2660,0,0,0,0,2
2020-09-29,US,Kansas,Clark,48,1,0,37.23577007,-99.81883015,20025.0,2407.221664994985,2.083333333333333,47,48,1,0,47,48,2005,0,0,0,0,0
2020-09-29,US,Kansas,Clay,49,2,0,39.34948772,-97.16518128,20027.0,612.3469132716823,4.081632653061225,47,49,2,0,47,48,7997,0,0,0,0,1
2020-09-29,US,Kansas,Cloud,70,0,0,39.48028352,-97.64925343,20029.0,796.7220578192578,0.0,70,70,0,0,70,67,8729,0,0,0,0,3
2020-09-29,US,Kansas,Coffey,115,8,0,38.2365018,-95.73379515,20031.0,1406.039858173371,6.956521739130435,107,115,8,0,107,115,8233,0,0,0,0,0
2020-09-29,US,Kansas,Comanche,11,0,0,37.19114520000001,-99.27113247,20033.0,647.0588235294118,0.0,11,11,0,0,11,11,1748,0,0,0,0,0
2020-09-29,US,Kansas,Cowley,375,5,0,37.23781842,-96.83776647,20035.0,1074.2523203850121,1.3333333333333333,370,375,5,0,370,358,35218,0,0,0,0,17
2020-09-29,US,Kansas,Crawford,1041,8,0,37.50675523,-94.85245778,20037.0,2681.7455819465195,0.7684918347742555,1033,1041,8,0,1033,1041,39019,0,0,0,0,0
2020-09-29,US,Kansas,Decatur,25,1,0,39.78468441,-100.45940809999999,20039.0,884.3296781039971,4.0,24,25,1,0,24,21,2871,0,0,0,0,4
2020-09-29,US,Kansas,Dickinson,203,1,0,38.86600962,-97.15532383,20041.0,1099.3176648976496,0.4926108374384237,202,203,1,0,202,188,18717,0,0,0,0,15
2020-09-29,US,Kansas,Doniphan,110,0,0,39.79067154,-95.14056866,20043.0,1447.3684210526314,0.0,110,110,0,0,110,110,7682,0,0,0,0,0
2020-09-29,US,Kansas,Douglas,2286,10,0,38.88503636,-95.2925121,20045.0,1869.8009962456754,0.4374453193350831,2276,2286,10,0,2276,2177,121436,0,0,0,0,109
2020-09-29,US,Kansas,Edwards,52,0,0,37.88735543,-99.31263309,20047.0,1858.470335954253,0.0,52,52,0,0,52,47,2849,0,0,0,0,5
2020-09-29,US,Kansas,Elk,1,0,0,37.45338105,-96.24369667,20049.0,39.52569169960474,0.0,1,1,0,0,1,1,2508,0,0,0,0,0
2020-09-29,US,Kansas,Ellis,1009,4,0,38.91458712,-99.31751551,20051.0,3533.779287640529,0.3964321110009911,1005,1009,4,0,1005,974,28710,0,0,0,0,35
2020-09-29,US,Kansas,Ellsworth,54,0,0,38.69677695,-98.20462799,20053.0,884.9557522123894,0.0,54,54,0,0,54,32,6196,0,0,0,0,22
2020-09-29,US,Kansas,Finney,2165,12,0,38.04340344,-100.73819379999999,20055.0,5936.874434420161,0.5542725173210161,2153,2162,12,0,2150,2134,36611,3,0,0,3,28
2020-09-29,US,Kansas,Ford,2802,10,0,37.69200114,-99.88825298,20057.0,8334.572711859366,0.35688793718772305,2792,2802,10,0,2792,2760,33888,0,0,0,0,42
2020-09-29,US,Kansas,Franklin,373,3,0,38.56443815,-95.28644341,20059.0,1460.2254932665203,0.8042895442359249,370,373,3,0,370,347,25631,0,0,0,0,26
2020-09-29,US,Kansas,Geary,306,2,0,38.99871131,-96.7577178,20061.0,966.214082728134,0.6535947712418301,304,304,2,0,302,302,32594,2,0,0,2,2
2020-09-29,US,Kansas,Gove,53,0,0,38.91588178,-100.4829321,20063.0,2010.6221547799692,0.0,53,53,0,0,53,33,2612,0,0,0,0,20
2020-09-29,US,Kansas,Graham,37,1,0,39.34987223,-99.88332493,20065.0,1490.7332796132152,2.702702702702702,36,37,1,0,36,37,2492,0,0,0,0,0
2020-09-29,US,Kansas,Grant,301,5,0,37.56227336,-101.3079758,20067.0,4209.79020979021,1.6611295681063123,296,293,5,0,288,272,7336,8,0,0,8,21
2020-09-29,US,Kansas,Gray,136,0,0,37.73836671,-100.4369088,20069.0,2271.2090848363396,0.0,136,136,0,0,136,136,6033,0,0,0,0,0
2020-09-29,US,Kansas,Greeley,7,0,0,38.4808095,-101.8061079,20071.0,568.1818181818181,0.0,7,7,0,0,7,7,1227,0,0,0,0,0
2020-09-29,US,Kansas,Greenwood,49,0,0,37.8774388,-96.23250453,20073.0,819.1240387830157,0.0,49,49,0,0,49,47,6055,0,0,0,0,2
2020-09-29,US,Kansas,Hamilton,44,0,0,37.99978709,-101.7921066,20075.0,1732.965734541158,0.0,44,44,0,0,44,44,2607,0,0,0,0,0
2020-09-29,US,Kansas,Harper,120,2,0,37.19175361,-98.07578384,20077.0,2207.5055187637968,1.6666666666666667,118,120,2,0,118,120,5506,0,0,0,0,0
2020-09-29,US,Kansas,Harvey,358,7,0,38.04293782,-97.42747573,20079.0,1039.8210810653813,1.9553072625698324,351,358,7,0,351,352,34210,0,0,0,0,6
2020-09-29,US,Kansas,Haskell,103,1,0,37.562039399999996,-100.8710738,20081.0,2595.766129032258,0.9708737864077671,102,103,1,0,102,103,3997,0,0,0,0,0
2020-09-29,US,Kansas,Hodgeman,25,0,0,38.08780079,-99.89829881,20083.0,1393.5340022296546,0.0,25,25,0,0,25,22,1818,0,0,0,0,3
2020-09-29,US,Kansas,Jackson,241,2,0,39.41673394,-95.79356799,20085.0,1829.7775415685971,0.8298755186721992,239,241,2,0,239,237,13280,0,0,0,0,4
2020-09-29,US,Kansas,Jefferson,197,4,0,39.2347941,-95.38289232,20087.0,1034.5008664601166,2.0304568527918785,193,192,4,0,188,187,18975,5,0,0,5,5
2020-09-29,US,Kansas,Jewell,17,1,0,39.78470589,-98.21820662,20089.0,590.4828065300452,5.882352941176472,16,17,1,0,16,17,2841,0,0,0,0,0
2020-09-29,US,Kansas,Johnson,11123,153,0,38.88548175,-94.82250877,20091.0,1846.4444780138147,1.3755281848422187,10970,11019,146,0,10873,10952,597555,104,7,0,97,67
2020-09-29,US,Kansas,Kearny,95,1,0,38.00017981,-101.32168100000001,20093.0,2475.247524752476,1.0526315789473684,94,95,1,0,94,95,3943,0,0,0,0,0
2020-09-29,US,Kansas,Kingman,90,1,0,37.55909527,-98.13638678,20095.0,1258.3892617449665,1.1111111111111112,89,90,1,0,89,85,7310,0,0,0,0,5
2020-09-29,US,Kansas,Kiowa,25,0,0,37.55848695,-99.2856537,20097.0,1010.1010101010099,0.0,25,25,0,0,25,24,2516,0,0,0,0,1
2020-09-29,US,Kansas,Labette,243,4,0,37.19113093,-95.29849679,20099.0,1238.6583749617698,1.6460905349794241,239,237,4,0,233,237,19964,6,0,0,6,0
2020-09-29,US,Kansas,Lane,13,0,0,38.48119447,-100.46607540000001,20101.0,846.9055374592834,0.0,13,13,0,0,13,13,1560,0,0,0,0,0
2020-09-29,US,Kansas,Leavenworth,2178,11,0,39.20183497,-95.03620809,20103.0,2663.959490202793,0.5050505050505051,2167,2178,11,0,2167,2039,81352,0,0,0,0,139
2020-09-29,US,Kansas,Lincoln,13,0,0,39.04549684,-98.20756994,20105.0,438.8926401080352,0.0,13,13,0,0,13,12,3023,0,0,0,0,1
2020-09-29,US,Kansas,Linn,76,0,0,38.21267844,-94.84254089,20107.0,783.2629083788519,0.0,76,76,0,0,76,71,9750,0,0,0,0,5
2020-09-29,US,Kansas,Logan,18,0,0,38.91735806,-101.148475,20109.0,644.2376521116679,0.0,18,18,0,0,18,7,2844,0,0,0,0,11
2020-09-29,US,Kansas,Lyon,1136,35,0,38.45576156,-96.15275715,20111.0,3422.2021388763374,3.080985915492957,1101,1128,35,0,1093,1112,33406,8,0,0,8,16
2020-09-29,US,Kansas,Marion,78,1,0,38.35855394,-97.09852509999999,20115.0,656.3446650959273,1.2820512820512822,77,78,1,0,77,76,11950,0,0,0,0,2
2020-09-29,US,Kansas,Marshall,26,0,0,39.78359669,-96.52278974,20117.0,267.84794478211603,0.0,26,26,0,0,26,23,9722,0,0,0,0,3
2020-09-29,US,Kansas,McPherson,285,1,0,38.39184858,-97.64769869,20113.0,998.528484338869,0.3508771929824561,284,283,1,0,282,277,28537,2,0,0,2,6
2020-09-29,US,Kansas,Meade,116,1,0,37.23859987,-100.36483100000001,20119.0,2876.2707661790228,0.8620689655172413,115,116,1,0,115,114,4146,0,0,0,0,2
2020-09-29,US,Kansas,Miami,370,1,0,38.56383358,-94.83832189,20121.0,1080.7021643251453,0.2702702702702703,369,370,1,0,369,357,33680,0,0,0,0,13
2020-09-29,US,Kansas,Mitchell,47,0,0,39.39331582,-98.20906732,20123.0,786.0846295367119,0.0,47,47,0,0,47,45,6150,0,0,0,0,2
2020-09-29,US,Kansas,Montgomery,429,6,0,37.19236568,-95.74329258,20125.0,1347.8274529517107,1.3986013986013983,423,429,6,0,423,407,32120,0,0,0,0,22
2020-09-29,US,Kansas,Morris,37,0,0,38.68827511,-96.65128437,20127.0,658.3629893238434,0.0,37,37,0,0,37,33,5521,0,0,0,0,4
2020-09-29,US,Kansas,Morton,15,2,0,37.19141121,-101.79925190000002,20129.0,579.8221878623889,13.333333333333336,13,15,2,0,13,15,2667,0,0,0,0,0
2020-09-29,US,Kansas,Nemaha,122,1,0,39.78345387,-96.01392079,20131.0,1192.4543055419801,0.819672131147541,121,100,1,0,99,100,10155,22,0,0,22,0
2020-09-29,US,Kansas,Neosho,179,0,0,37.55862897,-95.30670046,20133.0,1118.2607609170987,0.0,179,173,0,0,173,173,15951,6,0,0,6,0
2020-09-29,US,Kansas,Ness,82,7,0,38.47974157,-99.91547333,20135.0,2981.818181818182,8.536585365853659,75,82,7,0,75,82,2840,0,0,0,0,0
2020-09-29,US,Kansas,Norton,33,0,0,39.78443827,-99.90286639,20137.0,615.5567991046448,0.0,33,33,0,0,33,31,5430,0,0,0,0,2
2020-09-29,US,Kansas,Osage,108,0,0,38.65235984,-95.72707998,20139.0,677.1584425355821,0.0,108,108,0,0,108,104,15941,0,0,0,0,4
2020-09-29,US,Kansas,Osborne,8,0,0,39.3503437,-98.76753828,20141.0,233.84975153463898,0.0,8,8,0,0,8,6,3475,0,0,0,0,2
2020-09-29,US,Kansas,Ottawa,56,0,0,39.13237408,-97.65020313,20143.0,981.7671809256664,0.0,56,56,0,0,56,53,5802,0,0,0,0,3
2020-09-29,US,Kansas,Pawnee,463,1,0,38.18108732,-99.23692334,20145.0,7218.584346741502,0.2159827213822894,462,414,1,0,413,414,6562,49,0,0,49,0
2020-09-29,US,Kansas,Phillips,119,8,0,39.78465501,-99.34668865,20147.0,2273.5957202904087,6.722689075630252,111,119,8,0,111,116,5317,0,0,0,0,3
2020-09-29,US,Kansas,Pottawatomie,268,0,0,39.37925655,-96.34564657,20149.0,1099.1264405528439,0.0,268,268,0,0,268,245,24277,0,0,0,0,23
2020-09-29,US,Kansas,Pratt,76,0,0,37.64780729,-98.73922153,20151.0,829.3321693583588,0.0,76,76,0,0,76,72,9378,0,0,0,0,4
2020-09-29,US,Kansas,Rawlins,28,0,0,39.78525843,-101.07616170000001,20153.0,1106.7193675889328,0.0,28,28,0,0,28,22,2508,0,0,0,0,6
2020-09-29,US,Kansas,Reno,1077,4,0,37.95230263,-98.08607292,20155.0,1737.1528113810125,0.3714020427112349,1073,1071,4,0,1067,1068,62342,6,0,0,6,3
2020-09-29,US,Kansas,Republic,48,1,0,39.82799632,-97.65036709,20157.0,1035.3753235547886,2.083333333333333,47,48,1,0,47,48,4664,0,0,0,0,0
2020-09-29,US,Kansas,Rice,81,1,0,38.34616184,-98.19992118,20159.0,849.323686693929,1.2345679012345678,80,81,1,0,80,77,9531,0,0,0,0,4
2020-09-29,US,Kansas,Riley,1827,8,0,39.28935726,-96.73420026,20161.0,2461.202715809893,0.4378762999452655,1819,1827,8,0,1819,1807,73703,0,0,0,0,20
2020-09-29,US,Kansas,Rooks,100,3,0,39.35022773,-99.32484567,20163.0,2032.520325203252,3.0,97,100,3,0,97,70,5013,0,0,0,0,30
2020-09-29,US,Kansas,Rush,50,0,0,38.52275276,-99.30863983,20165.0,1646.9038208168647,0.0,50,50,0,0,50,42,3093,0,0,0,0,8
2020-09-29,US,Kansas,Russell,101,0,0,38.91462787,-98.76254297,20167.0,1473.1621936989495,0.0,101,101,0,0,101,83,6907,0,0,0,0,18
2020-09-29,US,Kansas,Saline,757,11,0,38.78369175,-97.65185177,20169.0,1396.060784892299,1.4531043593130781,746,757,11,0,746,724,54401,0,0,0,0,33
2020-09-29,US,Kansas,Scott,112,1,0,38.48222076,-100.90665390000001,20171.0,2322.2060957910016,0.8928571428571429,111,109,1,0,108,109,4897,3,0,0,3,0
2020-09-29,US,Kansas,Sedgwick,8571,86,0,37.6842718,-97.4608198,20173.0,1660.9113211715326,1.0033835025084588,8485,8546,86,0,8460,8478,513607,25,0,0,25,68
2020-09-29,US,Kansas,Seward,1738,5,0,37.19324632,-100.85072009999999,20175.0,8110.88295687885,0.28768699654775604,1733,1708,5,0,1703,1708,21780,30,0,0,30,0
2020-09-29,US,Kansas,Shawnee,2751,32,0,39.04100763,-95.75572640000001,20177.0,1555.3356890459365,1.1632133769538349,2719,2734,32,0,2702,2681,177499,17,0,0,17,53
2020-09-29,US,Kansas,Sheridan,21,0,0,39.35018161,-100.44182590000001,20179.0,833.0027766759223,0.0,21,21,0,0,21,15,2533,0,0,0,0,6
2020-09-29,US,Kansas,Sherman,37,0,0,39.35147699,-101.71976240000001,20181.0,625.3168835558561,0.0,37,37,0,0,37,31,5899,0,0,0,0,6
2020-09-29,US,Kansas,Smith,8,0,0,39.78516566,-98.78566062,20183.0,223.27658386826684,0.0,8,8,0,0,8,7,3603,0,0,0,0,1
2020-09-29,US,Kansas,Stafford,58,1,0,38.03100851,-98.71762001,20185.0,1395.572666025024,1.7241379310344829,57,58,1,0,57,56,4178,0,0,0,0,2
2020-09-29,US,Kansas,Stanton,48,2,0,37.56304714,-101.78435340000001,20187.0,2392.8215353938185,4.166666666666667,46,48,2,0,46,48,1987,0,0,0,0,0
2020-09-29,US,Kansas,Stevens,153,1,0,37.1923008,-101.3118967,20189.0,2789.4257064721974,0.6535947712418301,152,153,1,0,152,144,5559,0,0,0,0,9
2020-09-29,US,Kansas,Sumner,200,3,0,37.23682549,-97.47721621,20191.0,875.8101243650377,1.5,197,200,3,0,197,195,22996,0,0,0,0,5
2020-09-29,US,Kansas,Thomas,167,0,0,39.35107575,-101.0553705,20193.0,2147.3575929021467,0.0,167,126,0,0,126,126,7711,41,0,0,41,0
2020-09-29,US,Kansas,Trego,58,3,0,38.91467218,-99.87284448,20195.0,2069.2115590438816,5.172413793103448,55,58,3,0,55,57,2793,0,0,0,0,1
2020-09-29,US,Kansas,Wabaunsee,69,1,0,38.95471985,-96.20350509,20197.0,995.5273409320444,1.4492753623188406,68,69,1,0,68,67,6899,0,0,0,0,2
2020-09-29,US,Kansas,Wallace,18,0,0,38.91686134,-101.76388759999999,20199.0,1185.7707509881425,0.0,18,18,0,0,18,17,1503,0,0,0,0,1
2020-09-29,US,Kansas,Washington,19,0,0,39.78420784,-97.08753229999999,20201.0,351.4613392526822,0.0,19,19,0,0,19,17,5420,0,0,0,0,2
2020-09-29,US,Kansas,Wichita,6,0,0,38.48178252,-101.3471509,20203.0,283.15243039169417,0.0,6,6,0,0,6,6,2105,0,0,0,0,0
2020-09-29,US,Kansas,Wilson,62,2,0,37.55937174,-95.74323255,20205.0,727.2727272727273,3.2258064516129035,60,62,2,0,60,59,8665,0,0,0,0,3
2020-09-29,US,Kansas,Woodson,17,0,0,37.8865336,-95.74006277,20207.0,541.7463352453792,0.0,17,17,0,0,17,15,3183,0,0,0,0,2
2020-09-29,US,Kansas,Wyandotte,6991,134,0,39.11727348,-94.76378225,20209.0,4225.9821433968655,1.916750107280789,6857,6956,134,0,6822,6929,165324,35,0,0,35,27
2020-09-29,US,Kentucky,Adair,314,19,0,37.10459774,-85.28129668,21001.0,1635.2463285074468,6.050955414012739,295,310,19,0,291,310,19215,4,0,0,4,0
2020-09-29,US,Kentucky,Allen,351,9,0,36.75197631,-86.19457544,21003.0,1646.7276565798734,2.5641025641025643,342,347,9,0,338,337,21122,4,0,0,4,10
2020-09-29,US,Kentucky,Anderson,167,1,0,38.00671029,-84.99171713,21005.0,734.1627467358333,0.5988023952095808,166,161,1,0,160,160,22663,6,0,0,6,1
2020-09-29,US,Kentucky,Ballard,57,1,0,37.05842757,-88.99427697,21007.0,722.6166328600406,1.7543859649122806,56,57,1,0,56,56,7979,0,0,0,0,1
2020-09-29,US,Kentucky,Barren,790,13,0,36.96469836,-85.93338945,21009.0,1785.3510813803705,1.6455696202531649,777,762,13,0,749,757,44176,28,0,0,28,5
2020-09-29,US,Kentucky,Bath,88,1,0,38.14735938,-83.74588932,21011.0,704.0,1.1363636363636365,87,88,1,0,87,88,12383,0,0,0,0,0
2020-09-29,US,Kentucky,Bell,504,15,0,36.73355174,-83.67766671,21013.0,1936.0786724031962,2.9761904761904763,489,502,14,0,488,500,26569,2,1,0,1,2
2020-09-29,US,Kentucky,Boone,1597,25,0,38.97065142,-84.72615357,21015.0,1195.5293043172308,1.5654351909830932,1572,1585,25,0,1560,1574,131533,12,0,0,12,11
2020-09-29,US,Kentucky,Bourbon,199,1,0,38.2054607,-84.21827874,21017.0,1005.6599959571457,0.5025125628140703,198,195,1,0,194,192,20184,4,0,0,4,3
2020-09-29,US,Kentucky,Boyd,465,8,0,38.36176608,-82.68652187,21019.0,995.3337043537823,1.7204301075268815,457,447,8,0,439,445,47240,18,0,0,18,2
2020-09-29,US,Kentucky,Boyle,293,0,0,37.62680923,-84.8633779,21021.0,974.7172322022624,0.0,293,286,0,0,286,283,30100,7,0,0,7,3
2020-09-29,US,Kentucky,Bracken,41,0,0,38.69158994,-84.08532444,21023.0,493.7974226183307,0.0,41,41,0,0,41,41,8239,0,0,0,0,0
2020-09-29,US,Kentucky,Breathitt,89,0,0,37.52333168,-83.31959161,21025.0,704.6714172604909,0.0,89,87,0,0,87,87,12726,2,0,0,2,0
2020-09-29,US,Kentucky,Breckinridge,139,2,0,37.77377239,-86.42885017,21027.0,678.8103726131758,1.4388489208633093,137,136,2,0,134,136,20388,3,0,0,3,0
2020-09-29,US,Kentucky,Bullitt,900,10,0,37.97162523,-85.68955617,21029.0,1101.9148831970224,1.1111111111111112,890,892,9,0,883,885,81069,8,1,0,7,7
2020-09-29,US,Kentucky,Butler,340,16,0,37.20946153,-86.68748787,21031.0,2639.956518363227,4.705882352941177,324,341,16,0,325,341,12772,-1,0,0,-1,0
2020-09-29,US,Kentucky,Caldwell,161,0,0,37.14749129,-87.86948214,21033.0,1263.0422844590885,0.0,161,157,0,0,157,156,12715,4,0,0,4,1
2020-09-29,US,Kentucky,Calloway,608,8,0,36.62093411,-88.2731593,21035.0,1558.9343862977871,1.3157894736842106,600,587,8,0,579,582,39135,21,0,0,21,5
2020-09-29,US,Kentucky,Campbell,884,16,0,38.94384345,-84.37875208,21037.0,944.6059155411183,1.8099547511312215,868,879,16,0,863,876,93152,5,0,0,5,3
2020-09-29,US,Kentucky,Carlisle,79,1,0,36.85372876,-88.96692220000001,21039.0,1659.6638655462186,1.2658227848101269,78,79,1,0,78,79,4771,0,0,0,0,0
2020-09-29,US,Kentucky,Carroll,201,5,0,38.66599534,-85.12601074,21041.0,1890.6970181544532,2.487562189054726,196,199,5,0,194,199,10737,2,0,0,2,0
2020-09-29,US,Kentucky,Carter,196,3,0,38.31690743,-83.05092385,21043.0,731.4251595327835,1.5306122448979589,193,186,3,0,183,182,27004,10,0,0,10,4
2020-09-29,US,Kentucky,Casey,273,15,0,37.32533118,-84.92726209,21045.0,1689.4609814963794,5.494505494505495,258,272,15,0,257,272,15888,1,0,0,1,0
2020-09-29,US,Kentucky,Christian,1327,21,0,36.89267803,-87.49055367,21047.0,1883.3113353486328,1.5825169555388094,1306,1304,21,0,1283,1303,71671,23,0,0,23,1
2020-09-29,US,Kentucky,Clark,324,8,0,37.9689263,-84.14615986,21049.0,893.4726856575572,2.469135802469136,316,318,8,0,310,316,36249,6,0,0,6,2
2020-09-29,US,Kentucky,Clay,328,6,0,37.16451126,-83.712575,21051.0,1648.158384000804,1.8292682926829267,322,326,6,0,320,324,20105,2,0,0,2,2
2020-09-29,US,Kentucky,Clinton,121,2,0,36.72581156,-85.13377529,21053.0,1184.1847719710315,1.6528925619834711,119,121,2,0,119,121,10206,0,0,0,0,0
2020-09-29,US,Kentucky,Crittenden,121,1,0,37.35839237,-88.08826090000002,21055.0,1374.0631387690214,0.8264462809917356,120,121,1,0,120,121,8915,0,0,0,0,0
2020-09-29,US,Kentucky,Cumberland,102,0,0,36.78926125,-85.39050034,21057.0,1542.1832476564862,0.0,102,103,0,0,103,103,6659,-1,0,0,-1,0
2020-09-29,US,Kentucky,Daviess,1405,14,0,37.73028906,-87.09019479999998,21059.0,1384.0864536848223,0.99644128113879,1391,1395,14,0,1381,1382,101104,10,0,0,10,13
2020-09-29,US,Kentucky,Edmonson,137,12,0,37.21218923,-86.23955613,21061.0,1127.5720164609054,8.75912408759124,125,136,12,0,124,136,12274,1,0,0,1,0
2020-09-29,US,Kentucky,Elliott,41,0,0,38.11624059,-83.09771563,21063.0,545.4303578555275,0.0,41,39,0,0,39,39,7508,2,0,0,2,0
2020-09-29,US,Kentucky,Estill,161,0,0,37.69241417,-83.95956369,21065.0,1141.358287253651,0.0,161,160,0,0,160,160,14198,1,0,0,1,0
2020-09-29,US,Kentucky,Fayette,6294,74,0,38.0368225,-84.45576892,21067.0,1947.6902510273803,1.1757229107086111,6220,6162,74,0,6088,6054,323780,132,0,0,132,108
2020-09-29,US,Kentucky,Fleming,84,0,0,38.36758311,-83.69657514,21069.0,576.0921747479598,0.0,84,84,0,0,84,84,14432,0,0,0,0,0
2020-09-29,US,Kentucky,Floyd,184,4,0,37.56213922,-82.74750924,21071.0,517.0136840034842,2.1739130434782608,180,180,2,0,178,181,35845,4,2,0,2,-1
2020-09-29,US,Kentucky,Franklin,667,12,0,38.2379395,-84.87962551,21073.0,1308.0739738385205,1.7991004497751124,655,654,12,0,642,652,50815,13,0,0,13,2
2020-09-29,US,Kentucky,Fulton,157,3,0,36.55238827,-89.20140068,21075.0,2630.256324342436,1.9108280254777068,154,154,3,0,151,148,6120,3,0,0,3,6
2020-09-29,US,Kentucky,Gallatin,99,8,0,38.75398691,-84.8558382,21077.0,1116.2476040139813,8.080808080808081,91,99,8,0,91,99,8832,0,0,0,0,0
2020-09-29,US,Kentucky,Garrard,164,3,0,37.638866799999995,-84.53289319,21079.0,928.3369183742784,1.8292682926829267,161,159,3,0,156,157,17560,5,0,0,5,2
2020-09-29,US,Kentucky,Grant,169,6,0,38.64962758,-84.62415957,21081.0,674.1393753241056,3.5502958579881656,163,164,6,0,158,164,25121,5,0,0,5,0
2020-09-29,US,Kentucky,Graves,740,29,0,36.72292505,-88.65143315,21083.0,1985.7242526699936,3.918918918918919,711,738,29,0,709,735,37317,2,0,0,2,3
2020-09-29,US,Kentucky,Grayson,402,14,0,37.46231118,-86.34248968,21085.0,1521.1715291179473,3.4825870646766166,388,400,14,0,386,400,26321,2,0,0,2,0
2020-09-29,US,Kentucky,Green,272,8,0,37.26484328,-85.5540745,21087.0,2486.061603144137,2.9411764705882355,264,271,8,0,263,270,11049,1,0,0,1,1
2020-09-29,US,Kentucky,Greenup,425,4,0,38.54332505,-82.9215658,21089.0,1210.8952077041424,0.9411764705882352,421,416,4,0,412,413,35268,9,0,0,9,3
2020-09-29,US,Kentucky,Hancock,84,0,0,37.83766422,-86.78280584,21091.0,963.0818619582665,0.0,84,83,0,0,83,81,8758,1,0,0,1,2
2020-09-29,US,Kentucky,Hardin,1334,11,0,37.6976111,-85.96319251,21093.0,1202.25670974603,0.8245877061469266,1323,1312,11,0,1301,1311,110356,22,0,0,22,1
2020-09-29,US,Kentucky,Harlan,408,10,0,36.85699301,-83.21899516,21095.0,1568.6274509803925,2.4509803921568634,398,403,10,0,393,397,26409,5,0,0,5,6
2020-09-29,US,Kentucky,Harrison,178,0,0,38.44188174,-84.32869741,21097.0,942.4970877898974,0.0,178,177,0,0,177,177,18778,1,0,0,1,0
2020-09-29,US,Kentucky,Hart,179,1,0,37.29943898,-85.88461055,21099.0,940.3729971105856,0.5586592178770949,178,175,1,0,174,175,18906,4,0,0,4,0
2020-09-29,US,Kentucky,Henderson,778,4,0,37.79344553,-87.57392021,21101.0,1720.858217208582,0.5141388174807198,774,765,3,0,762,758,45591,13,1,0,12,7
2020-09-29,US,Kentucky,Henry,194,2,0,38.44942688,-85.11587507,21103.0,1203.0261689197569,1.0309278350515465,192,196,2,0,194,197,16106,-2,0,0,-2,-1
2020-09-29,US,Kentucky,Hickman,77,1,0,36.67948079999999,-88.97875928,21105.0,1757.9908675799084,1.2987012987012987,76,77,0,0,77,77,4421,0,1,0,-1,0
2020-09-29,US,Kentucky,Hopkins,637,39,0,37.30939025,-87.54670406,21107.0,1425.5023944859686,6.1224489795918355,598,633,39,0,594,631,45068,4,0,0,4,2
2020-09-29,US,Kentucky,Jackson,368,17,0,37.41866422,-83.99825483,21109.0,2760.897291619777,4.619565217391305,351,368,17,0,351,368,13442,0,0,0,0,0
2020-09-29,US,Kentucky,Jefferson,15788,307,0,38.18664655,-85.65931031,21111.0,2059.061736638857,1.9445148213833288,15481,15608,307,0,15301,15513,770517,180,0,0,180,95
2020-09-29,US,Kentucky,Jessamine,617,0,0,37.87119786,-84.58252003,21113.0,1140.1644645662016,0.0,617,611,0,0,611,608,53920,6,0,0,6,3
2020-09-29,US,Kentucky,Johnson,161,2,0,37.85106355,-82.8264322,21115.0,725.6174508743463,1.2422360248447204,159,158,2,0,156,155,22386,3,0,0,3,3
2020-09-29,US,Kentucky,Kenton,2048,49,0,38.93950319,-84.53241199,21117.0,1226.36199235919,2.392578125,1999,2037,47,0,1990,2030,166051,11,2,0,9,7
2020-09-29,US,Kentucky,Knott,211,1,0,37.35388197,-82.94981134,21119.0,1425.097933270296,0.4739336492890995,210,208,1,0,207,207,15126,3,0,0,3,1
2020-09-29,US,Kentucky,Knox,497,9,0,36.89225732,-83.85403396,21121.0,1595.7617595119602,1.8108651911468812,488,493,9,0,484,492,31304,4,0,0,4,1
2020-09-29,US,Kentucky,Larue,128,1,0,37.54567114,-85.70138352,21123.0,889.0123628281706,0.78125,127,124,1,0,123,124,14307,4,0,0,4,0
2020-09-29,US,Kentucky,Laurel,936,6,0,37.10975748,-84.11321779,21125.0,1539.1445907947314,0.6410256410256411,930,880,6,0,874,878,60669,56,0,0,56,2
2020-09-29,US,Kentucky,Lawrence,57,0,0,38.07136018,-82.72882223,21127.0,372.1355356793105,0.0,57,57,0,0,57,57,15571,0,0,0,0,0
2020-09-29,US,Kentucky,Lee,17,0,0,37.59645942,-83.71513901,21129.0,229.6366337971093,0.0,17,17,0,0,17,17,7033,0,0,0,0,0
2020-09-29,US,Kentucky,Leslie,79,0,0,37.09246661,-83.37999606,21131.0,799.8380074921535,0.0,79,75,0,0,75,75,10143,4,0,0,4,0
2020-09-29,US,Kentucky,Letcher,158,2,0,37.12306748,-82.85346474,21133.0,733.0766018651697,1.2658227848101269,156,157,2,0,155,154,21899,1,0,0,1,3
2020-09-29,US,Kentucky,Lewis,221,14,0,38.53184419,-83.37735618,21135.0,1664.7834274952918,6.334841628959277,207,222,14,0,208,221,13257,-1,0,0,-1,1
2020-09-29,US,Kentucky,Lincoln,200,13,0,37.45475628,-84.6565327,21137.0,814.6971363395658,6.5,187,192,13,0,179,192,24644,8,0,0,8,0
2020-09-29,US,Kentucky,Livingston,87,1,0,37.21137452,-88.34797529,21139.0,946.2693060691755,1.1494252873563218,86,87,1,0,86,87,9242,0,0,0,0,0
2020-09-29,US,Kentucky,Logan,560,28,0,36.85949479,-86.877635,21141.0,2066.2681720906207,5.0,532,554,28,0,526,553,26989,6,0,0,6,1
2020-09-29,US,Kentucky,Lyon,75,4,0,37.02080035,-88.07886257,21143.0,913.5200974421435,5.333333333333333,71,72,4,0,68,70,8009,3,0,0,3,2
2020-09-29,US,Kentucky,Madison,1784,7,0,37.71659336,-84.27220275,21151.0,1918.5477539871165,0.3923766816143498,1777,1761,7,0,1754,1750,92368,23,0,0,23,11
2020-09-29,US,Kentucky,Magoffin,92,0,0,37.70820545,-83.0657714,21153.0,756.5167338212317,0.0,92,84,0,0,84,84,12362,8,0,0,8,0
2020-09-29,US,Kentucky,Marion,230,8,0,37.55218078,-85.26898542,21155.0,1193.3793389716186,3.4782608695652173,222,228,8,0,220,228,19404,2,0,0,2,0
2020-09-29,US,Kentucky,Marshall,314,4,0,36.88007070000001,-88.32803576,21157.0,1009.6463022508037,1.2738853503184713,310,307,4,0,303,302,31191,7,0,0,7,5
2020-09-29,US,Kentucky,Martin,80,3,0,37.79990579,-82.51247478,21159.0,714.6047342563644,3.75,77,78,3,0,75,78,11323,2,0,0,2,0
2020-09-29,US,Kentucky,Mason,124,2,0,38.59471935,-83.82151043,21161.0,726.4206209724663,1.6129032258064515,122,124,2,0,122,124,17150,0,0,0,0,0
2020-09-29,US,Kentucky,McCracken,746,10,0,37.05350953,-88.70445755,21145.0,1140.3589226206855,1.3404825737265416,736,746,10,0,736,734,65346,0,0,0,0,12
2020-09-29,US,Kentucky,McCreary,174,0,0,36.73874143,-84.48102924,21147.0,1009.8079043584238,0.0,174,172,0,0,172,168,17408,2,0,0,2,4
2020-09-29,US,Kentucky,McLean,77,1,0,37.5301951,-87.26803443,21149.0,836.3201911589008,1.2987012987012987,76,77,1,0,76,77,9252,0,0,0,0,0
2020-09-29,US,Kentucky,Meade,222,3,0,37.96163597,-86.21028219,21163.0,776.9844603107938,1.351351351351351,219,219,3,0,216,218,28715,3,0,0,3,1
2020-09-29,US,Kentucky,Menifee,49,0,0,37.94090733,-83.59985712,21165.0,755.1240560949298,0.0,49,46,0,0,46,46,6451,3,0,0,3,0
2020-09-29,US,Kentucky,Mercer,248,2,0,37.81474237,-84.87488475,21167.0,1130.7162722837736,0.8064516129032258,246,244,2,0,242,239,21774,4,0,0,4,5
2020-09-29,US,Kentucky,Metcalfe,117,2,0,36.99459295,-85.63123699,21169.0,1161.7515638963362,1.709401709401709,115,116,2,0,114,115,10030,1,0,0,1,1
2020-09-29,US,Kentucky,Monroe,208,4,0,36.71225341,-85.71596443,21171.0,1953.0516431924882,1.9230769230769231,204,207,4,0,203,206,10718,1,0,0,1,1
2020-09-29,US,Kentucky,Montgomery,285,3,0,38.03253032,-83.9145241,21173.0,1012.1816954931278,1.0526315789473684,282,283,3,0,280,282,28203,2,0,0,2,1
2020-09-29,US,Kentucky,Morgan,63,0,0,37.92465657,-83.25558245,21175.0,473.36388909760313,0.0,63,58,0,0,58,58,13345,5,0,0,5,0
2020-09-29,US,Kentucky,Muhlenberg,780,12,0,37.21425819,-87.14632053,21177.0,2547.1882959963423,1.5384615384615383,768,774,12,0,762,773,30774,6,0,0,6,1
2020-09-29,US,Kentucky,Nelson,510,4,0,37.80335779,-85.4657193,21179.0,1103.1081694893255,0.7843137254901961,506,503,4,0,499,502,45851,7,0,0,7,1
2020-09-29,US,Kentucky,Nicholas,34,1,0,38.33342292,-84.01889177,21181.0,467.73971660475996,2.9411764705882355,33,33,1,0,32,32,7166,1,0,0,1,1
2020-09-29,US,Kentucky,Ohio,463,9,0,37.47751843,-86.85368087,21183.0,1929.6490789364007,1.9438444924406049,454,459,9,0,450,457,24087,4,0,0,4,2
2020-09-29,US,Kentucky,Oldham,1132,25,0,38.39791089,-85.448222,21185.0,1694.6361472477133,2.208480565371025,1107,1122,25,0,1097,1122,66470,10,0,0,10,0
2020-09-29,US,Kentucky,Owen,101,2,0,38.51679143,-84.82404619,21187.0,926.5205027061736,1.98019801980198,99,101,2,0,99,101,10880,0,0,0,0,0
2020-09-29,US,Kentucky,Owsley,42,1,0,37.42823949,-83.68811419,21189.0,951.3023782559455,2.380952380952381,41,39,1,0,38,39,4472,3,0,0,3,0
2020-09-29,US,Kentucky,Pendleton,102,0,0,38.69607718,-84.35599463,21191.0,699.1089787525702,0.0,102,102,0,0,102,102,14529,0,0,0,0,0
2020-09-29,US,Kentucky,Perry,339,9,0,37.25023553,-83.22922731,21193.0,1316.0959701840206,2.6548672566371683,330,335,9,0,326,335,26092,4,0,0,4,0
2020-09-29,US,Kentucky,Pike,458,3,0,37.47088263,-82.39487445,21195.0,791.3470177621118,0.6550218340611353,455,450,3,0,447,442,58402,8,0,0,8,8
2020-09-29,US,Kentucky,Powell,97,0,0,37.83218794,-83.82553961,21197.0,784.8531434582086,0.0,97,96,0,0,96,96,12442,1,0,0,1,0
2020-09-29,US,Kentucky,Pulaski,800,10,0,37.10466131,-84.57629079,21199.0,1231.1669924129335,1.25,790,793,10,0,783,787,64623,7,0,0,7,6
2020-09-29,US,Kentucky,Robertson,12,0,0,38.51923469,-84.05055616,21201.0,569.2599620493359,0.0,12,12,0,0,12,12,2135,0,0,0,0,0
2020-09-29,US,Kentucky,Rockcastle,176,1,0,37.36642393,-84.31176452,21203.0,1054.2078466606768,0.5681818181818182,175,174,1,0,173,172,16750,2,0,0,2,2
2020-09-29,US,Kentucky,Rowan,237,1,0,38.19484205,-83.42088935,21205.0,968.9288634505316,0.4219409282700422,236,221,1,0,220,221,24583,16,0,0,16,0
2020-09-29,US,Kentucky,Russell,250,6,0,36.99308373,-85.06070117,21207.0,1394.8557719131838,2.4,244,250,6,0,244,249,17821,0,0,0,0,1
2020-09-29,US,Kentucky,Scott,776,11,0,38.29622293,-84.5816631,21209.0,1361.3079783874816,1.4175257731958764,765,764,11,0,753,762,56031,12,0,0,12,2
2020-09-29,US,Kentucky,Shelby,1067,24,0,38.21476019,-85.194223,21211.0,2176.4849869451696,2.24929709465792,1043,1064,24,0,1040,1061,48518,3,0,0,3,3
2020-09-29,US,Kentucky,Simpson,278,8,0,36.74058474,-86.58047435,21213.0,1496.877019168641,2.8776978417266186,270,277,8,0,269,277,18529,1,0,0,1,0
2020-09-29,US,Kentucky,Spencer,215,0,0,38.03223971,-85.32749335,21215.0,1111.0536923156426,0.0,215,214,0,0,214,213,18794,1,0,0,1,1
2020-09-29,US,Kentucky,Taylor,301,7,0,37.3677562,-85.3329931,21217.0,1168.0701618223447,2.3255813953488373,294,299,7,0,292,298,25549,2,0,0,2,1
2020-09-29,US,Kentucky,Todd,190,8,0,36.8381152,-87.17878374,21219.0,1545.4693346347813,4.2105263157894735,182,188,8,0,180,188,12311,2,0,0,2,0
2020-09-29,US,Kentucky,Trigg,181,0,0,36.80767017,-87.87333656,21221.0,1235.4105521807385,0.0,181,174,0,0,174,173,14643,7,0,0,7,1
2020-09-29,US,Kentucky,Trimble,69,0,0,38.61056487,-85.33775972,21223.0,814.5437374572069,0.0,69,67,0,0,67,66,8515,2,0,0,2,1
2020-09-29,US,Kentucky,Union,347,3,0,37.66166713,-87.94300009,21225.0,2412.9059175300745,0.8645533141210374,344,336,3,0,333,330,14505,11,0,0,11,6
2020-09-29,US,Kentucky,Warren,4380,50,0,36.99903045,-86.42672751,21227.0,3295.8102576450765,1.1415525114155252,4330,4354,50,0,4304,4329,131264,26,0,0,26,25
2020-09-29,US,Kentucky,Washington,146,1,0,37.75599461,-85.17407732,21229.0,1207.1103761885076,0.6849315068493149,145,146,1,0,145,146,12084,0,0,0,0,0
2020-09-29,US,Kentucky,Wayne,155,0,0,36.80310688,-84.8251971,21231.0,762.3075788127675,0.0,155,152,0,0,152,150,20468,3,0,0,3,2
2020-09-29,US,Kentucky,Webster,167,3,0,37.52168356,-87.67989953,21233.0,1290.3724308453095,1.7964071856287425,164,164,3,0,161,164,13111,3,0,0,3,0
2020-09-29,US,Kentucky,Whitley,383,2,0,36.75700531,-84.14541217,21235.0,1056.1438341054488,0.5221932114882507,381,372,2,0,370,366,36242,11,0,0,11,6
2020-09-29,US,Kentucky,Wolfe,41,0,0,37.73941626,-83.49303612,21237.0,572.8657258627917,0.0,41,39,0,0,39,39,7177,2,0,0,2,0
2020-09-29,US,Kentucky,Woodford,277,0,0,38.04178222,-84.7417556,21239.0,1036.133762250318,0.0,277,274,0,0,274,273,26533,3,0,0,3,1
2020-09-29,US,Louisiana,Acadia,2963,99,0,30.295064899999996,-92.41419698,22001.0,4775.566121363528,3.341208234897064,2864,2959,97,0,2862,2962,62190,4,2,0,2,-3
2020-09-29,US,Louisiana,Allen,1588,50,0,30.65385745,-92.82442028,22003.0,6196.589534475358,3.1486146095717884,1538,1590,50,0,1540,1586,25605,-2,0,0,-2,4
2020-09-29,US,Louisiana,Ascension,3768,98,0,30.20406249,-90.91328409999998,22005.0,2976.209282487125,2.6008492569002124,3670,3757,98,0,3659,3750,124672,11,0,0,11,7
2020-09-29,US,Louisiana,Assumption,763,24,0,29.89946234,-91.06461642,22007.0,3485.4506418162714,3.145478374836173,739,760,24,0,736,761,22300,3,0,0,3,-1
2020-09-29,US,Louisiana,Avoyelles,1528,55,0,31.07796211,-92.00079449,22009.0,3806.297329613392,3.599476439790576,1473,1528,55,0,1473,1526,40462,0,0,0,0,2
2020-09-29,US,Louisiana,Beauregard,1010,37,0,30.64836518,-93.34173616,22011.0,2693.5488172387118,3.663366336633664,973,1007,37,0,970,1004,37253,3,0,0,3,3
2020-09-29,US,Louisiana,Bienville,491,32,0,32.34569994,-93.05398492,22013.0,3708.1791405482973,6.517311608961303,459,484,32,0,452,484,13308,7,0,0,7,0
2020-09-29,US,Louisiana,Bossier,3318,107,0,32.67932307,-93.60460152,22015.0,2611.796377490377,3.224834237492465,3211,3303,107,0,3196,3281,127185,15,0,0,15,22
2020-09-29,US,Louisiana,Caddo,8601,358,0,32.57991587,-93.88375652,22017.0,3580.706399560373,4.162306708522265,8243,8556,356,0,8200,8538,242922,45,2,0,43,18
2020-09-29,US,Louisiana,Calcasieu,7869,212,0,30.22931235,-93.35400434,22019.0,3868.0469533415912,2.694116151988817,7657,7854,212,0,7642,7856,203112,15,0,0,15,-2
2020-09-29,US,Louisiana,Caldwell,301,3,0,32.0902519,-92.11752148,22021.0,3034.88606573906,0.9966777408637874,298,302,3,0,299,301,9960,-1,0,0,-1,1
2020-09-29,US,Louisiana,Cameron,225,2,0,29.87592238,-93.19310676,22023.0,3226.7316793345763,0.8888888888888888,223,225,2,0,223,224,6968,0,0,0,0,1
2020-09-29,US,Louisiana,Catahoula,437,10,0,31.66778967,-91.84526385,22025.0,4602.907099220561,2.2883295194508007,427,434,10,0,424,436,9608,3,0,0,3,-2
2020-09-29,US,Louisiana,Claiborne,515,23,0,32.82308512,-92.99526883,22027.0,3286.5347798340777,4.466019417475729,492,513,23,0,490,507,15944,2,0,0,2,6
2020-09-29,US,Louisiana,Concordia,511,14,0,31.44817835,-91.63814433,22029.0,2653.3049483358427,2.7397260273972597,497,512,14,0,498,511,19572,-1,0,0,-1,1
2020-09-29,US,Louisiana,De Soto,906,35,0,32.05457447,-93.74130302,22031.0,3298.9840876816083,3.8631346578366452,871,904,35,0,869,906,27436,2,0,0,2,-2
2020-09-29,US,Louisiana,East Baton Rouge,15179,441,0,30.53842039,-91.09777565,22033.0,3449.3102061314507,2.9053297318663938,14738,15141,440,0,14701,15111,440956,38,1,0,37,30
2020-09-29,US,Louisiana,East Carroll,548,4,0,32.73926954,-91.23425694,22035.0,7987.1738813584025,0.7299270072992701,544,548,4,0,544,549,7037,0,0,0,0,-1
2020-09-29,US,Louisiana,East Feliciana,1742,72,0,30.84425359,-91.04976723,22037.0,9103.73660830938,4.133180252583236,1670,1745,69,0,1676,1740,19305,-3,3,0,-6,5
2020-09-29,US,Louisiana,Evangeline,1330,32,0,30.72985248,-92.39915924,22039.0,3982.632130558467,2.406015037593985,1298,1327,32,0,1295,1327,33443,3,0,0,3,0
2020-09-29,US,Louisiana,Franklin,1215,39,0,32.13675181,-91.67589857,22041.0,6070.447164626529,3.2098765432098766,1176,1204,39,0,1165,1204,20156,11,0,0,11,0
2020-09-29,US,Louisiana,Grant,498,30,0,31.59882456,-92.56124347,22043.0,2224.306579123677,6.024096385542169,468,499,30,0,469,495,22482,-1,0,0,-1,4
2020-09-29,US,Louisiana,Iberia,2934,89,0,29.86803617,-91.75871777,22045.0,4201.6325361592435,3.0334014996591683,2845,2932,89,0,2843,2929,70941,2,0,0,2,3
2020-09-29,US,Louisiana,Iberville,1410,58,0,30.25734305,-91.3499598,22047.0,4336.993632924241,4.113475177304965,1352,1410,58,0,1352,1409,32721,0,0,0,0,1
2020-09-29,US,Louisiana,Jackson,655,22,0,32.30251776,-92.55692092,22049.0,4160.3150406504055,3.3587786259541983,633,648,22,0,626,649,15902,7,0,0,7,-1
2020-09-29,US,Louisiana,Jefferson,17601,569,0,29.74075478,-90.11115756,22051.0,4069.6612430721416,3.2327708652917453,17032,17540,569,0,16971,17530,434051,61,0,0,61,10
2020-09-29,US,Louisiana,Jefferson Davis,1246,39,0,30.26896765,-92.81210004,22053.0,3972.2009691405256,3.1300160513643664,1207,1241,39,0,1202,1241,31582,5,0,0,5,0
2020-09-29,US,Louisiana,LaSalle,426,7,0,31.67884782,-92.15907765,22059.0,2860.596293311845,1.6431924882629108,419,425,7,0,418,423,14917,1,0,0,1,2
2020-09-29,US,Louisiana,Lafayette,8969,132,0,30.2049055,-92.06959876,22055.0,3669.953762428905,1.4717359794848923,8837,8969,132,0,8837,8959,242782,0,0,0,0,10
2020-09-29,US,Louisiana,Lafourche,3681,122,0,29.52470226,-90.40976986,22057.0,3770.9754748294304,3.3143167617495246,3559,3663,122,0,3541,3648,98115,18,0,0,18,15
2020-09-29,US,Louisiana,Lincoln,1338,48,0,32.6003154,-92.66597409999999,22061.0,2862.5219288862263,3.5874439461883414,1290,1333,48,0,1285,1321,47196,5,0,0,5,12
2020-09-29,US,Louisiana,Livingston,3795,76,0,30.44143993,-90.73061664,22063.0,2695.5230877412296,2.0026350461133067,3719,3771,76,0,3695,3777,139567,24,0,0,24,-6
2020-09-29,US,Louisiana,Madison,880,8,0,32.36918118,-91.23973355,22065.0,8035.79581773354,0.9090909090909092,872,878,8,0,870,877,11161,2,0,0,2,1
2020-09-29,US,Louisiana,Morehouse,786,22,0,32.81686191,-91.80421614,22067.0,3159.926027176972,2.7989821882951653,764,783,22,0,761,780,25398,3,0,0,3,3
2020-09-29,US,Louisiana,Natchitoches,1166,26,0,31.72321584,-93.09816516,22069.0,3055.71570837046,2.229845626072041,1140,1144,26,0,1118,1141,38659,22,0,0,22,3
2020-09-29,US,Louisiana,Orleans,12649,587,0,30.06971951,-89.92660315,22071.0,3242.1362368766413,4.640683057949245,12062,12599,587,0,12012,12569,391006,50,0,0,50,30
2020-09-29,US,Louisiana,Ouachita,6276,144,0,32.47645559,-92.15704172,22073.0,4094.4943534339336,2.294455066921606,6132,6258,144,0,6114,6249,154475,18,0,0,18,9
2020-09-29,US,Louisiana,Plaquemines,723,19,0,29.42245447,-89.60322085,22075.0,3116.7823425442944,2.627939142461964,704,689,19,0,670,687,23410,34,0,0,34,2
2020-09-29,US,Louisiana,Pointe Coupee,1063,40,0,30.71409502,-91.60209535,22077.0,4891.854578923148,3.762935089369708,1023,1062,40,0,1022,1062,21940,1,0,0,1,0
2020-09-29,US,Louisiana,Rapides,4238,149,0,31.19778499,-92.52997303,22079.0,3268.851042823645,3.5158093440302034,4089,4223,148,0,4075,4214,130562,15,1,0,14,9
2020-09-29,US,Louisiana,Red River,358,22,0,32.09530039,-93.34213308,22081.0,4240.701255626629,6.145251396648044,336,357,22,0,335,359,8477,1,0,0,1,-2
2020-09-29,US,Louisiana,Richland,779,12,0,32.41391005,-91.76634876,22083.0,3871.3845542192626,1.5404364569961488,767,788,12,0,776,786,20192,-9,0,0,-9,2
2020-09-29,US,Louisiana,Sabine,858,13,0,31.56388699,-93.55433981,22085.0,3592.363088259923,1.5151515151515151,845,857,13,0,844,857,24032,1,0,0,1,0
2020-09-29,US,Louisiana,St. Bernard,1421,30,0,29.87761636,-89.51887093,22087.0,3007.789348912031,2.1111893033075297,1391,1411,30,0,1381,1410,46721,10,0,0,10,1
2020-09-29,US,Louisiana,St. Charles,1817,59,0,29.90709658,-90.35555967,22089.0,3421.8455743879467,3.2471106219042376,1758,1798,59,0,1739,1803,52879,19,0,0,19,-5
2020-09-29,US,Louisiana,St. Helena,418,4,0,30.82210324,-90.71013176,22091.0,4125.542834583498,0.9569377990430622,414,414,4,0,410,408,10262,4,0,0,4,6
2020-09-29,US,Louisiana,St. James,812,40,0,30.02531716,-90.80212061,22093.0,3849.0709139173305,4.9261083743842375,772,810,40,0,770,808,21037,2,0,0,2,2
2020-09-29,US,Louisiana,St. John the Baptist,1591,100,0,30.12597499,-90.4753503,22095.0,3714.0789504400404,6.285355122564424,1491,1586,100,0,1486,1586,43184,5,0,0,5,0
2020-09-29,US,Louisiana,St. Landry,3312,124,0,30.59724262,-92.00135806,22097.0,4032.9258194924737,3.7439613526570046,3188,3317,124,0,3193,3307,82764,-5,0,0,-5,10
2020-09-29,US,Louisiana,St. Martin,2103,61,0,30.13112107,-91.61403569,22099.0,3935.91735135034,2.9006181645268665,2042,2095,61,0,2034,2094,53621,8,0,0,8,1
2020-09-29,US,Louisiana,St. Mary,1934,77,0,29.69262097,-91.44702164,22101.0,3919.105130907028,3.9813857290589447,1857,1924,77,0,1847,1917,49774,10,0,0,10,7
2020-09-29,US,Louisiana,St. Tammany,6975,254,0,30.40942847,-89.95642711,22103.0,2678.3760017510244,3.6415770609319003,6721,6955,253,0,6702,6941,258111,20,1,0,19,14
2020-09-29,US,Louisiana,Tangipahoa,4491,119,0,30.62888673,-90.40664996,22105.0,3332.640733759777,2.6497439323090624,4372,4475,119,0,4356,4471,133777,16,0,0,16,4
2020-09-29,US,Louisiana,Tensas,162,2,0,32.00760749,-91.32915234,22107.0,3737.886479003231,1.2345679012345678,160,161,2,0,159,161,4462,1,0,0,1,0
2020-09-29,US,Louisiana,Terrebonne,3646,116,0,29.37343766,-90.82626855,22109.0,3300.7124686540947,3.1815688425671964,3530,3632,116,0,3516,3630,111021,14,0,0,14,2
2020-09-29,US,Louisiana,Unassigned,196,182,0,0.0,0.0,90022.0,0.0,92.85714285714286,14,193,182,0,11,196,,3,0,0,3,-3
2020-09-29,US,Louisiana,Union,967,43,0,32.83121059,-92.3749373,22111.0,4373.9822688619515,4.446742502585316,924,969,43,0,926,969,22330,-2,0,0,-2,0
2020-09-29,US,Louisiana,Vermilion,2044,61,0,29.83517605,-92.30292538,22113.0,3434.659138646637,2.984344422700587,1983,2039,61,0,1978,2037,59830,5,0,0,5,2
2020-09-29,US,Louisiana,Vernon,1068,51,0,31.10884837,-93.18153838,22115.0,2251.7868814438425,4.775280898876406,1017,1051,51,0,1000,1049,48860,17,0,0,17,2
2020-09-29,US,Louisiana,Washington,1637,67,0,30.85288548,-90.03866652,22117.0,3543.750270597913,4.092852779474649,1570,1638,67,0,1571,1634,46582,-1,0,0,-1,4
2020-09-29,US,Louisiana,Webster,1276,25,0,32.70847669,-93.33121835,22119.0,3328.1168492436104,1.9592476489028208,1251,1263,25,0,1238,1263,38798,13,0,0,13,0
2020-09-29,US,Louisiana,West Baton Rouge,915,41,0,30.46058217,-91.30989571,22121.0,3457.396561496316,4.4808743169398895,874,906,41,0,865,908,26427,9,0,0,9,-2
2020-09-29,US,Louisiana,West Carroll,347,10,0,32.78550125,-91.461201,22123.0,3204.0627885503227,2.8818443804034577,337,347,10,0,337,349,10982,0,0,0,0,-2
2020-09-29,US,Louisiana,West Feliciana,723,25,0,30.87882871,-91.41485379999999,22125.0,4644.141829393628,3.457814661134164,698,758,25,0,733,756,15460,-35,0,0,-35,2
2020-09-29,US,Louisiana,Winn,632,18,0,31.94449367,-92.63789413,22127.0,4545.454545454545,2.848101265822785,614,627,18,0,609,628,14134,5,0,0,5,-1
2020-09-29,US,Maine,Androscoggin,723,10,0,44.1664747,-70.20380627,23001.0,667.7318359393038,1.3831258644536653,713,714,10,0,704,711,107679,9,0,0,9,3
2020-09-29,US,Maine,Aroostook,43,1,0,46.65926321,-68.59841248,23003.0,64.12646335098054,2.3255813953488373,42,43,1,0,42,43,67111,0,0,0,0,0
2020-09-29,US,Maine,Cumberland,2316,70,0,43.8370751,-70.37226999,23005.0,785.0767619312346,3.022452504317789,2246,2308,70,0,2238,2307,293557,8,0,0,8,1
2020-09-29,US,Maine,Franklin,62,1,0,44.97330019,-70.44381045,23007.0,205.3048114175966,1.6129032258064515,61,62,1,0,61,61,29897,0,0,0,0,1
2020-09-29,US,Maine,Hancock,54,1,0,44.59816444,-68.38401854,23009.0,98.20503027988434,1.851851851851852,53,54,1,0,53,54,54811,0,0,0,0,0
2020-09-29,US,Maine,Kennebec,215,11,0,44.40759555,-69.76738544,23011.0,175.79434514562314,5.116279069767441,204,215,11,0,204,214,122083,0,0,0,0,1
2020-09-29,US,Maine,Knox,39,1,0,44.11486325,-69.10529169,23013.0,98.05893593482851,2.5641025641025643,38,41,1,0,40,39,39771,-2,0,0,-2,2
2020-09-29,US,Maine,Lincoln,42,1,0,44.05996956,-69.54227124,23015.0,121.26811803430157,2.380952380952381,41,42,1,0,41,42,34342,0,0,0,0,0
2020-09-29,US,Maine,Oxford,149,1,0,44.49952995,-70.75682123,23017.0,257.00733074601123,0.6711409395973155,148,148,1,0,147,147,57618,1,0,0,1,1
2020-09-29,US,Maine,Penobscot,254,6,0,45.40194593,-68.65020455,23019.0,166.9427136735284,2.3622047244094486,248,254,6,0,248,254,151096,0,0,0,0,0
2020-09-29,US,Maine,Piscataquis,9,0,0,45.83839062,-69.2860223,23021.0,53.61930294906166,0.0,9,9,0,0,9,9,16800,0,0,0,0,0
2020-09-29,US,Maine,Sagadahoc,67,0,0,43.95415864,-69.85074999,23023.0,186.85854529228024,0.0,67,66,0,0,66,66,35634,1,0,0,1,0
2020-09-29,US,Maine,Somerset,86,8,0,45.51229767,-69.95995554,23025.0,170.35100229775767,9.30232558139535,78,86,8,0,78,86,50592,0,0,0,0,0
2020-09-29,US,Maine,Waldo,74,14,0,44.4858305,-69.12061935,23027.0,186.3275840362584,18.918918918918923,60,73,14,0,59,73,39694,1,0,0,1,0
2020-09-29,US,Maine,Washington,16,0,0,45.01607142,-67.62813524,23029.0,50.989515280920365,0.0,16,16,0,0,16,16,31490,0,0,0,0,0
2020-09-29,US,Maine,York,1188,16,0,43.47808377,-70.71052375,23031.0,572.141340101425,1.3468013468013469,1172,1169,15,0,1154,1165,206229,19,1,0,18,4
2020-09-29,US,Maryland,Allegany,473,23,0,39.62357628,-78.69280486,24001.0,671.7223358327652,4.8625792811839315,450,464,23,0,441,463,70975,9,0,0,9,1
2020-09-29,US,Maryland,Anne Arundel,10073,248,0,39.00670238,-76.60329337,24003.0,1739.0208447708524,2.462027201429564,9825,10027,248,0,9779,9969,576031,46,0,0,46,58
2020-09-29,US,Maryland,Baltimore,17939,630,0,39.45784712,-76.62911955,24005.0,2168.1956077691957,3.5119014437817047,17309,17902,626,0,17276,17837,828431,37,4,0,33,65
2020-09-29,US,Maryland,Baltimore City,15606,485,0,39.30211911,-76.61151012,24510.0,2629.530404893091,3.1077790593361527,15121,15582,487,0,15095,15525,621342,24,-2,0,26,57
2020-09-29,US,Maryland,Calvert,961,28,0,38.53961642,-76.56820632,24009.0,1038.6382058903,2.9136316337148798,933,950,28,0,922,942,92003,11,0,0,11,8
2020-09-29,US,Maryland,Caroline,654,7,0,38.87172293,-75.82904158,24011.0,1957.7321439262412,1.0703363914373092,647,652,7,0,645,646,33304,2,0,0,2,6
2020-09-29,US,Maryland,Carroll,1957,126,0,39.56453592,-77.02373735,24013.0,1161.7897617648282,6.438426162493613,1831,1952,126,0,1826,1948,168429,5,0,0,5,4
2020-09-29,US,Maryland,Cecil,1079,35,0,39.56647682,-75.94627411,24015.0,1049.0496329784648,3.243744207599629,1044,1068,35,0,1033,1057,102826,11,0,0,11,11
2020-09-29,US,Maryland,Charles,2779,101,0,38.51092331,-76.98580666,24017.0,1702.2241006511206,3.634400863620008,2678,2770,101,0,2669,2759,161503,9,0,0,9,11
2020-09-29,US,Maryland,Dorchester,594,10,0,38.45413522,-76.02752426,24019.0,1860.3777130508315,1.6835016835016836,584,593,10,0,583,593,31998,1,0,0,1,0
2020-09-29,US,Maryland,Frederick,4073,133,0,39.47296601,-77.39999394,24021.0,1569.2726172908954,3.2654063343972504,3940,4054,132,0,3922,4037,255648,19,1,0,18,17
2020-09-29,US,Maryland,Garrett,74,1,0,39.52786077,-79.27355126,24023.0,255.04928655132005,1.351351351351351,73,74,1,0,73,74,29163,0,0,0,0,0
2020-09-29,US,Maryland,Harford,3045,76,0,39.55010644,-76.30775940000002,24025.0,1192.0560912304602,2.495894909688013,2969,3039,76,0,2963,3021,253956,6,0,0,6,18
2020-09-29,US,Maryland,Howard,5098,122,0,39.25305293,-76.93126208,24027.0,1565.29214897602,2.39309533150255,4976,5082,122,0,4960,5061,323196,16,0,0,16,21
2020-09-29,US,Maryland,Kent,303,24,0,39.24976208,-76.04741541,24029.0,1560.0864998455359,7.920792079207921,279,304,24,0,280,304,19383,-1,0,0,-1,0
2020-09-29,US,Maryland,Montgomery,22512,848,0,39.13676329,-77.20358245,24031.0,2142.596089419504,3.766879886282872,21664,22421,847,0,21574,22360,1052567,91,1,0,90,61
2020-09-29,US,Maryland,Prince George's,29416,828,0,38.83070039,-76.8496441,24033.0,3234.919891304229,2.8147946695675823,28588,29305,828,0,28477,29210,909308,111,0,0,111,95
2020-09-29,US,Maryland,Queen Anne's,666,26,0,39.06198912,-76.03530977,24035.0,1321.9269168932733,3.903903903903904,640,662,26,0,636,659,50251,4,0,0,4,3
2020-09-29,US,Maryland,Somerset,276,5,0,38.1163542,-75.75118623,24039.0,1077.4515927545283,1.8115942028985508,271,278,5,0,273,276,25675,-2,0,0,-2,2
2020-09-29,US,Maryland,St. Mary's,1306,57,0,38.30058422,-76.60629279999998,24037.0,1150.55942207735,4.3644716692189895,1249,1302,57,0,1245,1291,112664,4,0,0,4,11
2020-09-29,US,Maryland,Talbot,565,6,0,38.76618159,-76.10882561,24041.0,1519.5933406847582,1.0619469026548674,559,565,6,0,559,559,36968,0,0,0,0,6
2020-09-29,US,Maryland,Unassigned,0,14,0,0.0,0.0,90024.0,0.0,0.0,-14,0,11,0,-11,0,,0,3,0,-3,0
2020-09-29,US,Maryland,Washington,1811,38,0,39.60835778,-77.82002295,24043.0,1198.948685525889,2.0982882385422417,1773,1794,37,0,1757,1787,150926,17,1,0,16,7
2020-09-29,US,Maryland,Wicomico,1998,48,0,38.37301947,-75.62705831,24045.0,1928.403903135828,2.4024024024024024,1950,1992,48,0,1944,1975,103195,6,0,0,6,17
2020-09-29,US,Maryland,Worcester,1053,27,0,38.21274277,-75.33200012,24047.0,2014.3086693702653,2.5641025641025643,1026,1048,27,0,1021,1050,51823,5,0,0,5,-2
2020-09-29,US,Massachusetts,Barnstable,1779,174,0,41.72980578,-70.28854339,25001.0,835.2504812432509,9.780775716694773,1605,1766,174,0,1592,1757,213413,13,0,0,13,9
2020-09-29,US,Massachusetts,Berkshire,717,50,0,42.37428441,-73.20524838,25003.0,573.8570879754129,6.973500697350071,667,713,50,0,663,711,126348,4,0,0,4,2
2020-09-29,US,Massachusetts,Bristol,10074,697,0,41.79228404,-71.10872211,25005.0,1782.3243108399076,6.918800873535835,9377,10050,697,0,9353,10018,564022,24,0,0,24,32
2020-09-29,US,Massachusetts,Dukes and Nantucket,169,1,0,41.40674725,-70.68763497,0.0,588.2148202290208,0.591715976331361,168,167,1,0,166,157,26707,2,0,0,2,10
2020-09-29,US,Massachusetts,Essex,19921,1283,0,42.6687626,-70.94687179,25009.0,2524.732774506549,6.440439736960997,18638,19819,1282,0,18537,19765,790638,102,1,0,101,54
2020-09-29,US,Massachusetts,Franklin,411,68,0,42.58119713,-72.58602547,25011.0,585.6369335993161,16.54501216545012,343,410,68,0,342,410,70963,1,0,0,1,0
2020-09-29,US,Massachusetts,Hampden,8254,779,0,42.13440424,-72.63235561,25013.0,1769.8318080845333,9.437848315968015,7475,8240,778,0,7462,8199,470406,14,1,0,13,41
2020-09-29,US,Massachusetts,Hampshire,1235,144,0,42.33997957,-72.65898478,25015.0,767.8915625194304,11.659919028340079,1091,1230,144,0,1086,1226,161355,5,0,0,5,4
2020-09-29,US,Massachusetts,Middlesex,27507,2149,0,42.48607732,-71.39049229,25017.0,1706.7082625229648,7.812556803722688,25358,27392,2149,0,25243,27340,1614714,115,0,0,115,52
2020-09-29,US,Massachusetts,Norfolk,10308,1061,0,42.16073095,-71.20530408,25021.0,1458.4556612783413,10.292976329064805,9247,10271,1059,0,9212,10247,705388,37,2,0,35,24
2020-09-29,US,Massachusetts,Plymouth,9726,770,0,41.94070556,-70.80802823,25023.0,1866.0711202182647,7.916923709644253,8956,9699,770,0,8929,9671,518132,27,0,0,27,28
2020-09-29,US,Massachusetts,Suffolk,24426,1135,0,42.327951399999996,-71.07850442,25025.0,3038.411159499793,4.6466879554573,23291,24360,1135,0,23225,24281,807252,66,0,0,66,79
2020-09-29,US,Massachusetts,Unassigned,2640,5,0,0.0,0.0,90025.0,0.0,0.1893939393939394,2635,2580,5,0,2575,2516,,60,0,0,60,64
2020-09-29,US,Massachusetts,Worcester,14417,1107,0,42.35026951,-71.90493363,25027.0,1735.6872319779636,7.678435180689464,13310,14375,1103,0,13272,14344,830839,42,4,0,38,31
2020-09-29,US,Michigan,Alcona,45,2,0,44.6846864,-83.59507875,26001.0,432.4843825084093,4.4444444444444455,43,43,2,0,41,43,10362,2,0,0,2,0
2020-09-29,US,Michigan,Alger,19,0,0,46.41292944,-86.60260122,26003.0,208.60781730346955,0.0,19,18,0,0,18,18,9097,1,0,0,1,0
2020-09-29,US,Michigan,Allegan,776,7,0,42.59147037,-85.89102866,26005.0,657.1760063007597,0.9020618556701032,769,774,7,0,767,765,117327,2,0,0,2,9
2020-09-29,US,Michigan,Alpena,148,14,0,45.03477666,-83.62212411,26007.0,521.0350290441824,9.459459459459461,134,148,14,0,134,148,28360,0,0,0,0,0
2020-09-29,US,Michigan,Antrim,71,0,0,44.99690221,-85.15503082,26009.0,304.40747727662495,0.0,71,71,0,0,71,70,23365,0,0,0,0,1
2020-09-29,US,Michigan,Arenac,70,3,0,44.0636262,-83.89277559,26011.0,470.3352818652154,4.285714285714286,67,70,3,0,67,70,15041,0,0,0,0,0
2020-09-29,US,Michigan,Baraga,35,2,0,46.6720582,-88.36363591,26013.0,426.36131075648683,5.7142857142857135,33,31,1,0,30,30,8320,4,1,0,3,1
2020-09-29,US,Michigan,Barry,317,4,0,42.59513984,-85.30834519,26015.0,515.0284321689683,1.2618296529968454,313,309,4,0,305,306,61157,8,0,0,8,3
2020-09-29,US,Michigan,Bay,1018,52,0,43.70639106,-83.98731479,26017.0,987.1419428660083,5.108055009823183,966,1012,50,0,962,1006,103923,6,2,0,4,6
2020-09-29,US,Michigan,Benzie,81,2,0,44.63899297,-86.01608482,26019.0,455.9270516717325,2.469135802469136,79,80,2,0,78,79,17753,1,0,0,1,1
2020-09-29,US,Michigan,Berrien,1898,74,0,41.95447397,-86.41313079999998,26021.0,1237.280069882204,3.898840885142255,1824,1891,74,0,1817,1877,154141,7,0,0,7,14
2020-09-29,US,Michigan,Branch,635,5,0,41.91600556,-85.05929476,26023.0,1459.1998529310385,0.7874015748031497,630,625,5,0,620,619,43622,10,0,0,10,6
2020-09-29,US,Michigan,Calhoun,1442,46,0,42.24633834,-85.00493569,26025.0,1074.8440283544153,3.19001386962552,1396,1401,45,0,1356,1357,134487,41,1,0,40,44
2020-09-29,US,Michigan,Cass,600,17,0,41.91522292,-85.99405727,26027.0,1158.5919246142855,2.833333333333333,583,594,16,0,578,579,51653,6,1,0,5,15
2020-09-29,US,Michigan,Charlevoix,107,3,0,45.37790017,-85.19614053,26029.0,409.2873809432736,2.803738317757009,104,107,3,0,104,107,26244,0,0,0,0,0
2020-09-29,US,Michigan,Cheboygan,93,2,0,45.44787015,-84.50122149,26031.0,367.9379648678589,2.150537634408602,91,94,2,0,92,91,25413,-1,0,0,-1,3
2020-09-29,US,Michigan,Chippewa,78,0,0,46.29552653,-84.54353449,26033.0,208.84093282283328,0.0,78,78,0,0,78,78,37517,0,0,0,0,0
2020-09-29,US,Michigan,Clare,113,4,0,43.98794227,-84.84819859999998,26035.0,365.1050080775444,3.5398230088495577,109,112,4,0,108,112,30757,1,0,0,1,0
2020-09-29,US,Michigan,Clinton,691,14,0,42.94400871,-84.60145248,26037.0,868.144983981406,2.0260492040520983,677,681,14,0,667,677,79332,10,0,0,10,4
2020-09-29,US,Michigan,Crawford,125,5,0,44.68255561,-84.61006219,26039.0,891.0114762278138,4.0,120,125,5,0,120,124,13901,0,0,0,0,1
2020-09-29,US,Michigan,Delta,496,8,0,45.90484910000001,-86.9080745,26041.0,1386.0943438408224,1.6129032258064515,488,471,8,0,463,414,35857,25,0,0,25,57
2020-09-29,US,Michigan,Dickinson,159,2,0,46.00999672,-87.86961634,26043.0,629.9774159039581,1.2578616352201255,157,143,2,0,141,131,25383,16,0,0,16,12
2020-09-29,US,Michigan,Eaton,690,10,0,42.59599185,-84.83740035,26045.0,625.7481771683533,1.4492753623188406,680,670,10,0,660,664,109826,20,0,0,20,6
2020-09-29,US,Michigan,Emmet,158,4,0,45.52625509,-84.89083249,26047.0,472.8415382313332,2.5316455696202533,154,158,4,0,154,157,33308,0,0,0,0,1
2020-09-29,US,Michigan,Federal Correctional Institution (FCI),195,5,0,0.0,0.0,0.0,0.0,2.5641025641025643,190,195,5,0,190,195,,0,0,0,0,0
2020-09-29,US,Michigan,Genesee,4651,309,0,43.02244215,-83.70589709,26049.0,1146.0943833736228,6.643732530638572,4342,4616,308,0,4308,4554,406892,35,1,0,34,62
2020-09-29,US,Michigan,Gladwin,100,2,0,43.98901072,-84.38774817,26051.0,392.94274824158117,2.0,98,98,2,0,96,96,25337,2,0,0,2,2
2020-09-29,US,Michigan,Gogebic,164,2,0,46.40862701,-89.69377193,26053.0,1173.5241502683366,1.2195121951219512,162,162,2,0,160,160,15096,2,0,0,2,2
2020-09-29,US,Michigan,Grand Traverse,491,9,0,44.69565625,-85.55585247,26055.0,527.4578893090409,1.8329938900203664,482,485,8,0,477,482,92573,6,1,0,5,3
2020-09-29,US,Michigan,Gratiot,288,15,0,43.29265605,-84.60505416,26057.0,707.4255115325096,5.208333333333333,273,274,15,0,259,270,40599,14,0,0,14,4
2020-09-29,US,Michigan,Hillsdale,355,27,0,41.88753639,-84.59312019,26059.0,778.4234184848152,7.605633802816901,328,352,27,0,325,348,45749,3,0,0,3,4
2020-09-29,US,Michigan,Houghton,531,1,0,46.89988536,-88.68495385,26061.0,1488.0618764712476,0.18832391713747645,530,505,1,0,504,475,36219,26,0,0,26,30
2020-09-29,US,Michigan,Huron,226,5,0,43.83353985,-83.04078453,26063.0,729.4793583163872,2.2123893805309733,221,226,5,0,221,225,31166,0,0,0,0,1
2020-09-29,US,Michigan,Ingham,3588,48,0,42.59716886,-84.37472069,26065.0,1227.0610042201595,1.3377926421404682,3540,3537,47,0,3490,3506,292735,51,1,0,50,31
2020-09-29,US,Michigan,Ionia,371,7,0,42.94502238,-85.07413319,26067.0,573.442354359553,1.8867924528301887,364,368,7,0,361,368,64210,3,0,0,3,0
2020-09-29,US,Michigan,Iosco,223,12,0,44.35486835,-83.63484895,26069.0,887.4915429617542,5.381165919282512,211,222,12,0,210,219,25081,1,0,0,1,3
2020-09-29,US,Michigan,Iron,197,2,0,46.20974132,-88.53136251,26071.0,1780.2277245617206,1.0152284263959392,195,179,2,0,177,164,11117,18,0,0,18,15
2020-09-29,US,Michigan,Isabella,716,14,0,43.64060976,-84.84664923,26073.0,1024.7309365697274,1.9553072625698324,702,712,14,0,698,700,70562,4,0,0,4,12
2020-09-29,US,Michigan,Jackson,1123,45,0,42.24807035,-84.42258681,26075.0,708.4726515677245,4.007123775601069,1078,1100,45,0,1055,1079,158823,23,0,0,23,21
2020-09-29,US,Michigan,Kalamazoo,2999,94,0,42.24542231,-85.53038622,26077.0,1131.416326499815,3.1343781260420136,2905,2944,94,0,2850,2888,264870,55,0,0,55,56
2020-09-29,US,Michigan,Kalkaska,86,4,0,44.68512729,-85.09085699,26079.0,476.77126067191483,4.651162790697675,82,85,4,0,81,85,17824,1,0,0,1,0
2020-09-29,US,Michigan,Kent,10061,176,0,43.03197711,-85.54934642,26081.0,1531.4595368023686,1.7493290925355331,9885,9978,175,0,9803,9843,653786,83,1,0,82,135
2020-09-29,US,Michigan,Keweenaw,10,0,0,47.63197653,-88.41434263,26083.0,472.5897920604915,0.0,10,12,0,0,12,10,2113,-2,0,0,-2,2
2020-09-29,US,Michigan,Lake,35,0,0,43.99050893,-85.802173,26085.0,295.2838943727326,0.0,35,35,0,0,35,32,11881,0,0,0,0,3
2020-09-29,US,Michigan,Lapeer,627,36,0,43.09052506,-83.22153148,26087.0,715.6962343191756,5.741626794258371,591,618,36,0,582,613,88028,9,0,0,9,5
2020-09-29,US,Michigan,Leelanau,115,1,0,44.94430054,-85.80150326,26089.0,528.468360829006,0.8695652173913043,114,115,1,0,114,112,21764,0,0,0,0,3
2020-09-29,US,Michigan,Lenawee,814,18,0,41.89475156,-84.06603727,26091.0,826.8072442128572,2.211302211302211,796,803,18,0,785,797,98266,11,0,0,11,6
2020-09-29,US,Michigan,Livingston,1403,31,0,42.60302282,-83.91297209,26093.0,730.7481965676192,2.209550962223806,1372,1391,30,0,1361,1377,191224,12,1,0,11,14
2020-09-29,US,Michigan,Luce,13,0,0,46.47227431,-85.54471223,26095.0,208.7012361534757,0.0,13,13,0,0,13,13,6283,0,0,0,0,0
2020-09-29,US,Michigan,Mackinac,62,0,0,46.07028979,-85.04980537,26097.0,574.1272340031485,0.0,62,61,0,0,61,59,10787,1,0,0,1,2
2020-09-29,US,Michigan,Macomb,14718,1023,0,42.69158356,-82.92752801,26099.0,1684.035644162513,6.95067264573991,13695,14628,1021,0,13607,14478,874759,90,2,0,88,150
2020-09-29,US,Michigan,Manistee,78,3,0,44.33352407,-86.05626916,26101.0,317.6154409968238,3.8461538461538463,75,77,3,0,74,76,24528,1,0,0,1,1
2020-09-29,US,Michigan,Marquette,384,12,0,46.4338914,-87.64043701,26103.0,575.7207754239192,3.125,372,376,12,0,364,362,66516,8,0,0,8,14
2020-09-29,US,Michigan,Mason,135,0,0,43.99509218,-86.24988902,26105.0,463.21712874004936,0.0,135,134,0,0,134,134,29100,1,0,0,1,0
2020-09-29,US,Michigan,Mecosta,220,3,0,43.64064262,-85.32463223,26107.0,506.2941569051619,1.3636363636363635,217,214,3,0,211,206,43545,6,0,0,6,8
2020-09-29,US,Michigan,Menominee,408,2,0,45.58038692,-87.55370409,26109.0,1791.044776119403,0.4901960784313725,406,396,1,0,395,375,22983,12,1,0,11,21
2020-09-29,US,Michigan,Michigan Department of Corrections (MDOC),5603,73,0,0.0,0.0,0.0,0.0,1.3028734606460826,5530,5599,73,0,5526,5593,,4,0,0,4,6
2020-09-29,US,Michigan,Midland,621,11,0,43.64330771,-84.38804374,26111.0,746.7891673481167,1.7713365539452497,610,618,11,0,607,605,83209,3,0,0,3,13
2020-09-29,US,Michigan,Missaukee,64,1,0,44.33772443,-85.09256478,26113.0,423.33642016139686,1.5625,63,63,1,0,62,63,15113,1,0,0,1,0
2020-09-29,US,Michigan,Monroe,1540,28,0,41.92734151,-83.53749864,26115.0,1023.2558139534883,1.818181818181818,1512,1528,28,0,1500,1513,150439,12,0,0,12,15
2020-09-29,US,Michigan,Montcalm,338,6,0,43.31082541,-85.15252824,26117.0,529.0508389681943,1.7751479289940828,332,325,6,0,319,315,63968,13,0,0,13,10
2020-09-29,US,Michigan,Montmorency,15,0,0,45.0275929,-84.12696227,26119.0,160.80617495711834,0.0,15,15,0,0,15,14,9265,0,0,0,0,1
2020-09-29,US,Michigan,Muskegon,1546,70,0,43.29123859,-86.15176712,26121.0,890.7274466197298,4.527813712807244,1476,1535,69,0,1466,1517,173588,11,1,0,10,18
2020-09-29,US,Michigan,Newaygo,376,2,0,43.554373999999996,-85.80070107,26123.0,767.660269497754,0.5319148936170213,374,372,2,0,370,361,48892,4,0,0,4,11
2020-09-29,US,Michigan,Oakland,20771,1203,0,42.66090111,-83.38595416,26125.0,1651.65905418644,5.791728852727361,19568,20650,1201,0,19449,20543,1259201,121,2,0,119,107
2020-09-29,US,Michigan,Oceana,526,6,0,43.64124435,-86.26726673,26127.0,1987.3805115804587,1.1406844106463878,520,520,6,0,514,518,26625,6,0,0,6,2
2020-09-29,US,Michigan,Ogemaw,68,5,0,44.33481032,-84.12725175,26129.0,323.85578892222696,7.352941176470589,63,68,5,0,63,67,20952,0,0,0,0,1
2020-09-29,US,Michigan,Ontonagon,42,0,0,46.665226200000006,-89.31390481,26131.0,734.2657342657343,0.0,42,42,0,0,42,42,5795,0,0,0,0,0
2020-09-29,US,Michigan,Osceola,97,0,0,43.98992088,-85.32566756,26133.0,413.4697357203751,0.0,97,95,0,0,95,93,23341,2,0,0,2,2
2020-09-29,US,Michigan,Oscoda,31,1,0,44.68192279,-84.12939244,26135.0,376.1679407838855,3.2258064516129035,30,31,1,0,30,30,8276,0,0,0,0,1
2020-09-29,US,Michigan,Otsego,180,11,0,45.02085831,-84.59898295,26137.0,729.6902870115131,6.111111111111112,169,179,11,0,168,176,24665,1,0,0,1,3
2020-09-29,US,Michigan,Ottawa,3479,66,0,42.95996803,-85.9969107,26139.0,1192.1324058527225,1.8970968669157804,3413,3452,66,0,3386,3398,290494,27,0,0,27,54
2020-09-29,US,Michigan,Out of MI,185,2,0,0.0,0.0,80026.0,0.0,1.0810810810810811,183,186,2,0,184,186,,-1,0,0,-1,0
2020-09-29,US,Michigan,Presque Isle,27,1,0,45.34018577,-83.91498656,26141.0,214.42185514612453,3.703703703703704,26,27,1,0,26,27,12738,0,0,0,0,0
2020-09-29,US,Michigan,Roscommon,103,4,0,44.33473082,-84.61067651,26143.0,428.8271784837005,3.8834951456310685,99,101,4,0,97,100,23884,2,0,0,2,1
2020-09-29,US,Michigan,Saginaw,2991,140,0,43.33433923,-84.05131209999998,26145.0,1569.757372506416,4.680708793045804,2851,2971,139,0,2832,2932,190800,20,1,0,19,39
2020-09-29,US,Michigan,Sanilac,149,7,0,43.42406072,-82.82055898,26151.0,361.91401505950927,4.697986577181208,142,148,7,0,141,147,41182,1,0,0,1,1
2020-09-29,US,Michigan,Schoolcraft,29,0,0,46.19235734,-86.19972234,26153.0,358.29009142574745,0.0,29,27,0,0,27,27,8068,2,0,0,2,0
2020-09-29,US,Michigan,Shiawassee,521,32,0,42.95392800000001,-84.14585902,26155.0,764.8043216582015,6.142034548944338,489,518,32,0,486,513,68192,3,0,0,3,5
2020-09-29,US,Michigan,St. Clair,1027,56,0,42.92655373,-82.67937954,26147.0,645.3923885174199,5.452775073028238,971,1015,56,0,959,1008,159337,12,0,0,12,7
2020-09-29,US,Michigan,St. Joseph,793,11,0,41.91441767,-85.52797979,26149.0,1300.7676661636376,1.3871374527112232,782,786,11,0,775,769,61043,7,0,0,7,17
2020-09-29,US,Michigan,Tuscola,515,31,0,43.46606813,-83.41897025,26157.0,985.7402622260504,6.019417475728155,484,513,31,0,482,509,52516,2,0,0,2,4
2020-09-29,US,Michigan,Unassigned,18,0,0,0.0,0.0,90026.0,0.0,0.0,18,9,0,0,9,17,,9,0,0,9,-8
2020-09-29,US,Michigan,Van Buren,769,17,0,42.25190229,-86.01939087,26159.0,1016.1607886147708,2.210663198959688,752,767,17,0,750,763,75448,2,0,0,2,4
2020-09-29,US,Michigan,Washtenaw,3722,116,0,42.253105,-83.83853204,26161.0,1012.5108473589572,3.1166039763567968,3606,3659,116,0,3543,3560,370963,63,0,0,63,99
2020-09-29,US,Michigan,Wayne,35295,2982,0,42.28098405,-83.281255,26163.0,2017.614613029005,8.448788780280493,32313,35141,2978,0,32163,35021,1753893,154,4,0,150,120
2020-09-29,US,Michigan,Wexford,127,4,0,44.33853602,-85.57712739,26165.0,377.6277838898635,3.1496062992125986,123,125,4,0,121,123,33466,2,0,0,2,2
2020-09-29,US,Minnesota,Aitkin,84,1,0,46.60962049,-93.41168259999999,27001.0,528.7674682110033,1.1904761904761905,83,83,1,0,82,81,15902,1,0,0,1,2
2020-09-29,US,Minnesota,Anoka,6281,137,0,45.27476015,-93.24604565,27003.0,1759.7731710938833,2.1811813405508675,6144,6238,137,0,6101,6182,353813,43,0,0,43,56
2020-09-29,US,Minnesota,Becker,284,2,0,46.93479392,-95.67158144,27005.0,825.0297766028527,0.7042253521126759,282,281,2,0,279,280,34371,3,0,0,3,1
2020-09-29,US,Minnesota,Beltrami,460,5,0,47.97373527,-94.93732139,27007.0,974.824107824023,1.0869565217391304,455,450,5,0,445,440,46847,10,0,0,10,10
2020-09-29,US,Minnesota,Benton,563,3,0,45.69804958,-93.99514135,27009.0,1376.8984323412164,0.5328596802841918,560,560,3,0,557,558,40545,3,0,0,3,2
2020-09-29,US,Minnesota,Big Stone,83,0,0,45.42712824,-96.41403739,27011.0,1662.9933880985775,0.0,83,83,0,0,83,83,4989,0,0,0,0,0
2020-09-29,US,Minnesota,Blue Earth,1736,6,0,44.03554215,-94.06699781,27013.0,2566.0355047078474,0.3456221198156682,1730,1726,6,0,1720,1714,67427,10,0,0,10,12
2020-09-29,US,Minnesota,Brown,196,2,0,44.24205652,-94.72562874,27015.0,783.7492002559181,1.020408163265306,194,196,2,0,194,195,25111,0,0,0,0,1
2020-09-29,US,Minnesota,Carlton,279,1,0,46.59180601,-92.67601019,27017.0,777.7870703353682,0.35842293906810035,278,276,1,0,275,271,35837,3,0,0,3,5
2020-09-29,US,Minnesota,Carver,1446,7,0,44.82017001,-93.80099179999999,27019.0,1375.9765532072815,0.4840940525587829,1439,1437,7,0,1430,1429,103551,9,0,0,9,8
2020-09-29,US,Minnesota,Cass,186,4,0,46.95043611,-94.32603968,27021.0,624.6012290540314,2.150537634408602,182,184,4,0,180,182,29519,2,0,0,2,2
2020-09-29,US,Minnesota,Chippewa,232,1,0,45.02343421,-95.56403693,27023.0,1966.1016949152545,0.4310344827586207,231,223,1,0,222,219,11924,9,0,0,9,4
2020-09-29,US,Minnesota,Chisago,517,1,0,45.5021011,-92.90861945,27025.0,913.7665918450308,0.1934235976789168,516,513,1,0,512,507,55922,4,0,0,4,6
2020-09-29,US,Minnesota,Clay,1424,41,0,46.89289518,-96.48761922,27027.0,2217.3087104107626,2.879213483146068,1383,1417,41,0,1376,1411,63955,7,0,0,7,6
2020-09-29,US,Minnesota,Clearwater,31,0,0,47.57992111,-95.37790562,27029.0,351.5536402812429,0.0,31,28,0,0,28,28,8810,3,0,0,3,0
2020-09-29,US,Minnesota,Cook,7,0,0,47.90504893,-90.52629546,27031.0,128.1347245103423,0.0,7,6,0,0,6,6,5393,1,0,0,1,0
2020-09-29,US,Minnesota,Cottonwood,229,0,0,44.00715262,-95.18138802,27033.0,2045.3733476241518,0.0,229,228,0,0,228,227,11277,1,0,0,1,1
2020-09-29,US,Minnesota,Crow Wing,554,18,0,46.48096553,-94.06755609,27035.0,851.5871185919608,3.249097472924188,536,555,18,0,537,533,64889,-1,0,0,-1,22
2020-09-29,US,Minnesota,Dakota,7692,126,0,44.67172617,-93.06299363,27037.0,1792.919227730111,1.6380655226209049,7566,7635,126,0,7509,7585,425423,57,0,0,57,50
2020-09-29,US,Minnesota,Dodge,261,0,0,44.02238415,-92.86244324,27039.0,1246.7755803955288,0.0,261,257,0,0,257,248,20822,4,0,0,4,9
2020-09-29,US,Minnesota,Douglas,352,2,0,45.93348491,-95.45335469,27041.0,922.8913767336986,0.5681818181818182,350,337,2,0,335,326,37964,15,0,0,15,11
2020-09-29,US,Minnesota,Faribault,147,0,0,43.67381499,-93.94787458,27043.0,1076.686442540101,0.0,147,147,0,0,147,146,13758,0,0,0,0,1
2020-09-29,US,Minnesota,Fillmore,133,0,0,43.67394126,-92.08980382,27045.0,631.319124697394,0.0,133,133,0,0,133,123,21058,0,0,0,0,10
2020-09-29,US,Minnesota,Freeborn,546,4,0,43.67385583,-93.34884422,27047.0,1803.1108615963806,0.7326007326007326,542,546,4,0,542,544,30444,0,0,0,0,2
2020-09-29,US,Minnesota,Goodhue,389,9,0,44.40849741,-92.72341949999999,27049.0,839.4475615019421,2.3136246786632397,380,382,9,0,373,376,46403,7,0,0,7,6
2020-09-29,US,Minnesota,Grant,63,4,0,45.93424769,-96.01139609,27051.0,1054.9229738780978,6.349206349206349,59,63,4,0,59,62,6021,0,0,0,0,1
2020-09-29,US,Minnesota,Hennepin,27557,932,0,45.00761521,-93.47694895,27053.0,2176.968233817306,3.3820807780237327,26625,27372,932,0,26440,27177,1259428,185,0,0,185,195
2020-09-29,US,Minnesota,Houston,130,0,0,43.67129565,-91.49143057,27055.0,698.9247311827958,0.0,130,128,0,0,128,127,18578,2,0,0,2,1
2020-09-29,US,Minnesota,Hubbard,122,1,0,47.10778564,-94.91693868,27057.0,567.6794937415663,0.819672131147541,121,117,1,0,116,111,21332,5,0,0,5,6
2020-09-29,US,Minnesota,Isanti,319,1,0,45.56181234,-93.29487636,27059.0,785.7917036161197,0.31347962382445144,318,315,1,0,314,307,39966,4,0,0,4,8
2020-09-29,US,Minnesota,Itasca,352,15,0,47.51009045,-93.63092229,27061.0,779.9689785065367,4.261363636363637,337,347,15,0,332,339,45108,5,0,0,5,8
2020-09-29,US,Minnesota,Jackson,153,1,0,43.67423373,-95.15398258,27063.0,1553.9305301645334,0.6535947712418301,152,149,1,0,148,150,9911,4,0,0,4,-1
2020-09-29,US,Minnesota,Kanabec,128,8,0,45.9459309,-93.29275192,27065.0,783.49758217543,6.25,120,127,8,0,119,126,16207,1,0,0,1,1
2020-09-29,US,Minnesota,Kandiyohi,1056,3,0,45.1526059,-95.00586446,27067.0,2444.501030116438,0.2840909090909091,1053,1055,2,0,1053,1026,42855,1,1,0,0,29
2020-09-29,US,Minnesota,Kittson,12,0,0,48.77754106,-96.78317184,27069.0,279.1996277338297,0.0,12,12,0,0,12,12,4248,0,0,0,0,0
2020-09-29,US,Minnesota,Koochiching,123,3,0,48.24539665,-93.78352843,27071.0,1005.8058712895577,2.4390243902439024,120,123,3,0,120,123,12440,0,0,0,0,0
2020-09-29,US,Minnesota,Lac qui Parle,68,1,0,44.9973857,-96.17488219,27073.0,1026.7250490714177,1.4705882352941178,67,65,1,0,64,60,6658,3,0,0,3,5
2020-09-29,US,Minnesota,Lake,60,0,0,47.64270764,-91.44557998,27075.0,563.8567803777839,0.0,60,60,0,0,60,59,10658,0,0,0,0,1
2020-09-29,US,Minnesota,Lake of the Woods,24,1,0,48.77217001,-94.90274472,27077.0,641.7112299465241,4.166666666666667,23,23,1,0,22,23,3758,1,0,0,1,0
2020-09-29,US,Minnesota,Le Sueur,476,4,0,44.37136597,-93.72844721,27079.0,1647.8000484647073,0.8403361344537815,472,474,4,0,470,472,28494,2,0,0,2,2
2020-09-29,US,Minnesota,Lincoln,118,0,0,44.41311883,-96.26688165,27081.0,2092.569604539812,0.0,118,116,0,0,116,115,5673,2,0,0,2,1
2020-09-29,US,Minnesota,Lyon,733,4,0,44.41327865,-95.83806103,27083.0,2877.443668053702,0.5457025920873124,729,722,4,0,718,713,25629,11,0,0,11,9
2020-09-29,US,Minnesota,Mahnomen,49,1,0,47.32557075,-95.80921485,27087.0,886.5569024787407,2.0408163265306123,48,49,1,0,48,48,5519,0,0,0,0,1
2020-09-29,US,Minnesota,Marshall,53,1,0,48.35825983,-96.37017407,27089.0,567.6949443016281,1.8867924528301887,52,53,1,0,52,53,9390,0,0,0,0,0
2020-09-29,US,Minnesota,Martin,446,11,0,43.67429718,-94.55099908,27091.0,2265.9147487679725,2.4663677130044843,435,430,10,0,420,426,19785,16,1,0,15,4
2020-09-29,US,Minnesota,McLeod,502,2,0,44.82367677,-94.27287017,27085.0,1398.6013986013986,0.398406374501992,500,501,2,0,499,494,35873,1,0,0,1,7
2020-09-29,US,Minnesota,Meeker,213,2,0,45.12328869,-94.52839455,27093.0,917.2336577383516,0.9389671361502347,211,213,2,0,211,207,23141,0,0,0,0,6
2020-09-29,US,Minnesota,Mille Lacs,169,3,0,45.93705297,-93.63236823,27095.0,643.1480001522243,1.7751479289940828,166,169,3,0,166,165,26139,0,0,0,0,4
2020-09-29,US,Minnesota,Morrison,270,2,0,46.01265363,-94.27341528,27097.0,808.7222188941472,0.7407407407407407,268,268,2,0,266,264,33169,2,0,0,2,4
2020-09-29,US,Minnesota,Mower,1344,6,0,43.67142874,-92.75234549,27099.0,3354.8000599071447,0.44642857142857145,1338,1342,5,0,1337,1336,40011,2,1,0,1,6
2020-09-29,US,Minnesota,Murray,174,2,0,44.02216709,-95.76328482,27101.0,2123.505003661216,1.1494252873563218,172,172,2,0,170,170,8276,2,0,0,2,2
2020-09-29,US,Minnesota,Nicollet,547,17,0,44.35291112,-94.24710352,27103.0,1595.9619536675034,3.107861060329068,530,545,17,0,528,542,34220,2,0,0,2,3
2020-09-29,US,Minnesota,Nobles,1979,16,0,43.67434621,-95.75329576,27105.0,9149.752646909245,0.8084891359272359,1963,1977,16,0,1961,1975,21924,2,0,0,2,2
2020-09-29,US,Minnesota,Norman,56,0,0,47.32628443,-96.45620947,27107.0,878.4313725490198,0.0,56,54,0,0,54,53,6475,2,0,0,2,1
2020-09-29,US,Minnesota,Olmsted,2535,28,0,44.00374114,-92.40209944,27109.0,1601.4605825905123,1.104536489151874,2507,2519,28,0,2491,2473,156277,16,0,0,16,46
2020-09-29,US,Minnesota,Otter Tail,469,4,0,46.40846929,-95.70835255,27111.0,798.3522282368161,0.8528784648187633,465,462,4,0,458,445,58812,7,0,0,7,17
2020-09-29,US,Minnesota,Pennington,120,1,0,48.06642577,-96.0370814,27113.0,849.9185494723422,0.8333333333333334,119,120,1,0,119,120,14178,0,0,0,0,0
2020-09-29,US,Minnesota,Pine,355,0,0,46.12105238,-92.74070188,27115.0,1200.1758003989314,0.0,355,343,0,0,343,336,29483,12,0,0,12,7
2020-09-29,US,Minnesota,Pipestone,238,10,0,44.02301619,-96.25841142,27117.0,2607.9333771641463,4.201680672268908,228,232,10,0,222,230,9047,6,0,0,6,2
2020-09-29,US,Minnesota,Polk,327,4,0,47.77372465,-96.40134647,27119.0,1042.5966075755643,1.2232415902140672,323,322,4,0,318,316,31529,5,0,0,5,6
2020-09-29,US,Minnesota,Pope,100,0,0,45.58606667,-95.44451209,27121.0,888.9679082585118,0.0,100,99,0,0,99,98,11097,1,0,0,1,1
2020-09-29,US,Minnesota,Ramsey,11167,323,0,45.01625271,-93.09872295,27123.0,2029.179333516257,2.892450971612788,10844,11088,322,0,10766,10985,550210,79,1,0,78,103
2020-09-29,US,Minnesota,Red Lake,45,1,0,47.87197525,-96.09561104,27125.0,1109.7410604192357,2.2222222222222223,44,45,1,0,44,45,3999,0,0,0,0,0
2020-09-29,US,Minnesota,Redwood,178,3,0,44.40555844,-95.25207021,27127.0,1173.3684904416612,1.6853932584269662,175,177,3,0,174,170,15249,1,0,0,1,7
2020-09-29,US,Minnesota,Renville,161,8,0,44.72836381,-94.94553734,27129.0,1106.6813307671157,4.9689440993788825,153,157,8,0,149,156,14612,4,0,0,4,1
2020-09-29,US,Minnesota,Rice,1347,8,0,44.3543376,-93.29658715,27131.0,2011.2882995878879,0.5939123979213066,1339,1343,8,0,1335,1343,66523,4,0,0,4,0
2020-09-29,US,Minnesota,Rock,181,0,0,43.67482683,-96.25296832,27133.0,1943.1025228126682,0.0,181,176,0,0,176,176,9414,5,0,0,5,0
2020-09-29,US,Minnesota,Roseau,126,0,0,48.77501878,-95.81079919,27135.0,830.8605341246291,0.0,126,125,0,0,125,124,15150,1,0,0,1,1
2020-09-29,US,Minnesota,Scott,2648,33,0,44.6490231,-93.53340251,27139.0,1777.026165502339,1.246223564954683,2615,2625,33,0,2592,2603,147381,23,0,0,23,22
2020-09-29,US,Minnesota,Sherburne,1177,14,0,45.44447208,-93.77617511,27141.0,1210.4321355848538,1.1894647408666101,1163,1169,14,0,1155,1161,96036,8,0,0,8,8
2020-09-29,US,Minnesota,Sibley,202,3,0,44.5796592,-94.23164924,27143.0,1358.896737302388,1.4851485148514851,199,199,3,0,196,195,15028,3,0,0,3,4
2020-09-29,US,Minnesota,St. Louis,1725,42,0,47.604840700000004,-92.46879855,27137.0,866.5293615311197,2.4347826086956523,1683,1659,41,0,1618,1618,199754,66,1,0,65,41
2020-09-29,US,Minnesota,Stearns,4094,24,0,45.55192576,-94.61078221,27145.0,2541.6731336334005,0.5862237420615535,4070,4077,24,0,4053,4045,159256,17,0,0,17,32
2020-09-29,US,Minnesota,Steele,555,2,0,44.02240351,-93.22627088,27147.0,1514.3660127152173,0.3603603603603603,553,555,2,0,553,553,36803,0,0,0,0,2
2020-09-29,US,Minnesota,Stevens,107,1,0,45.58613007,-96.00163705,27149.0,1091.2799592044876,0.9345794392523364,106,104,1,0,103,105,9753,3,0,0,3,-1
2020-09-29,US,Minnesota,Swift,144,1,0,45.2829032,-95.68264092,27151.0,1554.068638031513,0.6944444444444444,143,144,1,0,143,142,9345,0,0,0,0,2
2020-09-29,US,Minnesota,Todd,507,2,0,46.06996226,-94.89785296,27153.0,2055.627635420045,0.3944773175542407,505,504,2,0,502,502,24582,3,0,0,3,2
2020-09-29,US,Minnesota,Traverse,34,0,0,45.77298854,-96.47062949,27155.0,1043.2648051549554,0.0,34,34,0,0,34,31,3308,0,0,0,0,3
2020-09-29,US,Minnesota,Unassigned,153,52,0,0.0,0.0,90027.0,0.0,33.98692810457516,101,154,52,0,102,180,,-1,0,0,-1,-26
2020-09-29,US,Minnesota,Wabasha,206,0,0,44.28424356,-92.23121312,27157.0,952.513062375734,0.0,206,202,0,0,202,201,21645,4,0,0,4,1
2020-09-29,US,Minnesota,Wadena,73,0,0,46.58589171,-94.96968506,27159.0,533.5477269405059,0.0,73,72,0,0,72,69,13773,1,0,0,1,3
2020-09-29,US,Minnesota,Waseca,722,8,0,44.02211116,-93.58720034,27161.0,3879.217709004943,1.10803324099723,714,689,8,0,681,689,18691,33,0,0,33,0
2020-09-29,US,Minnesota,Washington,3918,55,0,45.03864533,-92.88429635,27163.0,1492.912665752172,1.403777437468096,3863,3883,55,0,3828,3841,259201,35,0,0,35,42
2020-09-29,US,Minnesota,Watonwan,535,4,0,43.97823903,-94.61413846,27165.0,4909.608149031844,0.7476635514018691,531,530,4,0,526,530,10980,5,0,0,5,0
2020-09-29,US,Minnesota,Wilkin,71,3,0,46.35721532,-96.4684375,27167.0,1143.8698243918154,4.225352112676056,68,70,3,0,67,66,6254,1,0,0,1,4
2020-09-29,US,Minnesota,Winona,920,18,0,43.98772283,-91.78081305,27169.0,1822.3595594643848,1.9565217391304348,902,913,18,0,895,906,50825,7,0,0,7,7
2020-09-29,US,Minnesota,Wright,1701,7,0,45.17297924,-93.96234781,27171.0,1229.2505257376588,0.41152263374485604,1694,1695,7,0,1688,1664,136349,6,0,0,6,31
2020-09-29,US,Minnesota,Yellow Medicine,198,2,0,44.71710183,-95.86842453,27173.0,2039.3449376866824,1.0101010101010102,196,190,2,0,188,187,9795,8,0,0,8,3
2020-09-29,US,Mississippi,Adams,945,37,0,31.47669768,-91.35326037,28001.0,3078.8779200469157,3.9153439153439153,908,943,37,0,906,942,31192,2,0,0,2,1
2020-09-29,US,Mississippi,Alcorn,832,11,0,34.88084463,-88.57996173,28003.0,2251.508673179444,1.3221153846153846,821,827,11,0,816,823,36925,5,0,0,5,4
2020-09-29,US,Mississippi,Amite,342,10,0,31.17467303,-90.80501621,28005.0,2781.166138082459,2.9239766081871346,332,335,10,0,325,332,12326,7,0,0,7,3
2020-09-29,US,Mississippi,Attala,672,25,0,33.08658803,-89.57838564,28007.0,3697.589963684384,3.7202380952380953,647,671,25,0,646,670,18365,1,0,0,1,1
2020-09-29,US,Mississippi,Benton,233,3,0,34.81681228,-89.18945516,28009.0,2821.1647899261407,1.2875536480686696,230,229,3,0,226,228,8271,4,0,0,4,1
2020-09-29,US,Mississippi,Bolivar,1857,70,0,33.79696941,-90.87372121,28011.0,6063.079535065955,3.769520732364028,1787,1849,66,0,1783,1847,31333,8,4,0,4,2
2020-09-29,US,Mississippi,Calhoun,527,12,0,33.93683395,-89.33686647,28013.0,3669.6608871248523,2.2770398481973437,515,524,12,0,512,522,14436,3,0,0,3,2
2020-09-29,US,Mississippi,Carroll,323,12,0,33.44834567,-89.91994479,28015.0,3247.210214134915,3.7151702786377703,311,321,12,0,309,320,9911,2,0,0,2,1
2020-09-29,US,Mississippi,Chickasaw,692,24,0,33.91983202,-88.9481545,28017.0,4046.073788224288,3.4682080924855487,668,685,24,0,661,685,17171,7,0,0,7,0
2020-09-29,US,Mississippi,Choctaw,187,6,0,33.34598242,-89.24809382,28019.0,2277.710109622412,3.2085561497326203,181,186,6,0,180,186,8278,1,0,0,1,0
2020-09-29,US,Mississippi,Claiborne,465,16,0,31.97061673,-90.90702196,28021.0,5173.564753004005,3.4408602150537635,449,465,16,0,449,465,9002,0,0,0,0,0
2020-09-29,US,Mississippi,Clarke,610,48,0,32.04158545,-88.68896219999998,28023.0,3925.1013448298054,7.868852459016392,562,603,46,0,557,603,15604,7,2,0,5,0
2020-09-29,US,Mississippi,Clay,599,18,0,33.65358105,-88.77784255,28025.0,3101.0561192793543,3.005008347245409,581,598,18,0,580,596,19386,1,0,0,1,2
2020-09-29,US,Mississippi,Coahoma,1167,30,0,34.22772299,-90.60415045,28027.0,5274.814680889532,2.570694087403599,1137,1163,29,0,1134,1162,22628,4,1,0,3,1
2020-09-29,US,Mississippi,Copiah,1199,33,0,31.86977774,-90.44565118,28029.0,4272.225191519687,2.7522935779816518,1166,1193,33,0,1160,1192,28543,6,0,0,6,1
2020-09-29,US,Mississippi,Covington,830,23,0,31.63225413,-89.55389939,28031.0,4453.745438935394,2.7710843373493974,807,827,23,0,804,827,18853,3,0,0,3,0
2020-09-29,US,Mississippi,DeSoto,5678,63,0,34.87625235,-89.99091418,28033.0,3070.1019221930846,1.1095456146530471,5615,5650,61,0,5589,5623,182001,28,2,0,26,27
2020-09-29,US,Mississippi,Forrest,2524,76,0,31.18961454,-89.25832496,28035.0,3369.9614136747805,3.0110935023771788,2448,2509,76,0,2433,2500,75036,15,0,0,15,9
2020-09-29,US,Mississippi,Franklin,197,3,0,31.47786634,-90.89672989,28037.0,2554.129391935693,1.5228426395939083,194,193,3,0,190,193,7788,4,0,0,4,0
2020-09-29,US,Mississippi,George,784,13,0,30.86259065,-88.64436789,28039.0,3200.0,1.6581632653061225,771,783,13,0,770,782,24250,1,0,0,1,1
2020-09-29,US,Mississippi,Greene,389,17,0,31.21444233,-88.63922281,28041.0,2863.2415722066835,4.370179948586118,372,386,17,0,369,387,13586,3,0,0,3,-1
2020-09-29,US,Mississippi,Grenada,1098,36,0,33.77036166,-89.80245083,28043.0,5289.526929376626,3.278688524590164,1062,1095,36,0,1059,1095,21055,3,0,0,3,0
2020-09-29,US,Mississippi,Hancock,595,22,0,30.41830223,-89.48851033,28045.0,1249.1602284178705,3.6974789915966384,573,590,22,0,568,588,47334,5,0,0,5,2
2020-09-29,US,Mississippi,Harrison,3917,74,0,30.51359752,-89.12467576,28047.0,1882.4490580545944,1.8892009190707173,3843,3888,74,0,3814,3883,206650,29,0,0,29,5
2020-09-29,US,Mississippi,Hinds,7179,161,0,32.2656285,-90.44435448,28049.0,3096.532091097309,2.242652179969355,7018,7151,160,0,6991,7148,237085,28,1,0,27,3
2020-09-29,US,Mississippi,Holmes,1100,60,0,33.12345854,-90.08923538,28051.0,6466.784244562023,5.454545454545454,1040,1100,59,0,1041,1098,17622,0,1,0,-1,2
2020-09-29,US,Mississippi,Humphreys,377,15,0,33.12825718,-90.52252707,28053.0,4675.099206349207,3.9787798408488064,362,378,15,0,363,378,8257,-1,0,0,-1,0
2020-09-29,US,Mississippi,Issaquena,105,3,0,32.72531359,-90.97392828,28055.0,7912.584777694045,2.8571428571428568,102,105,3,0,102,105,1308,0,0,0,0,0
2020-09-29,US,Mississippi,Itawamba,850,21,0,34.27993475,-88.3606733,28057.0,3634.031637451903,2.4705882352941178,829,835,21,0,814,831,23517,15,0,0,15,4
2020-09-29,US,Mississippi,Jackson,3553,70,0,30.54020656,-88.64184064,28059.0,2473.9411072505345,1.9701660568533637,3483,3527,70,0,3457,3521,143277,26,0,0,26,6
2020-09-29,US,Mississippi,Jasper,581,15,0,32.01922104,-89.11786866,28061.0,3546.3590307025565,2.5817555938037864,566,578,15,0,563,577,16428,3,0,0,3,1
2020-09-29,US,Mississippi,Jefferson,242,9,0,31.73397872,-91.03764977,28063.0,3462.0886981402,3.71900826446281,233,243,9,0,234,243,7106,-1,0,0,-1,0
2020-09-29,US,Mississippi,Jefferson Davis,346,11,0,31.56884708,-89.82670990000004,28065.0,3109.273903666427,3.1791907514450872,335,342,11,0,331,342,11234,4,0,0,4,0
2020-09-29,US,Mississippi,Jones,2515,80,0,31.62257767,-89.16896899999998,28067.0,3693.2068489529797,3.1809145129224654,2435,2504,79,0,2425,2498,68461,11,1,0,10,6
2020-09-29,US,Mississippi,Kemper,291,15,0,32.75462946,-88.64105766,28069.0,2987.066310819134,5.154639175257731,276,290,15,0,275,290,10027,1,0,0,1,0
2020-09-29,US,Mississippi,Lafayette,2208,40,0,34.35687874,-89.48490961,28071.0,4087.4507117865937,1.8115942028985508,2168,2198,40,0,2158,2193,54793,10,0,0,10,5
2020-09-29,US,Mississippi,Lamar,1743,36,0,31.20572971,-89.5077704,28073.0,2751.685269090507,2.0654044750430294,1707,1728,36,0,1692,1724,62447,15,0,0,15,4
2020-09-29,US,Mississippi,Lauderdale,2077,126,0,32.40419769,-88.66229662,28075.0,2802.0236087689714,6.066441983630236,1951,2065,125,0,1940,2064,75317,12,1,0,11,1
2020-09-29,US,Mississippi,Lawrence,437,14,0,31.55147224,-90.10841127,28077.0,3472.111870332115,3.203661327231121,423,433,13,0,420,433,12455,4,1,0,3,0
2020-09-29,US,Mississippi,Leake,963,38,0,32.7536828,-89.52402044,28079.0,4226.27929430352,3.9460020768431994,925,962,38,0,924,961,22763,1,0,0,1,1
2020-09-29,US,Mississippi,Lee,2804,71,0,34.291877500000005,-88.68149954,28081.0,3281.9888571562337,2.5320970042796005,2733,2764,70,0,2694,2748,85202,40,1,0,39,16
2020-09-29,US,Mississippi,Leflore,1426,81,0,33.55545125,-90.29900733,28083.0,5059.787815349679,5.680224403927069,1345,1417,81,0,1336,1413,28919,9,0,0,9,4
2020-09-29,US,Mississippi,Lincoln,1123,53,0,31.53288662,-90.45391915,28085.0,3288.1445261031236,4.719501335707926,1070,1114,53,0,1061,1104,34205,9,0,0,9,10
2020-09-29,US,Mississippi,Lowndes,1598,58,0,33.47386518,-88.44191529999998,28087.0,2727.1951531700656,3.62953692115144,1540,1581,58,0,1523,1579,58930,17,0,0,17,2
2020-09-29,US,Mississippi,Madison,3331,90,0,32.63389156,-90.03513564,28089.0,3134.4098163203853,2.7018913239267492,3241,3314,89,0,3225,3312,105630,17,1,0,16,2
2020-09-29,US,Mississippi,Marion,871,36,0,31.23132643,-89.8209217,28091.0,3544.5407561144343,4.133180252583236,835,869,35,0,834,868,24715,2,1,0,1,1
2020-09-29,US,Mississippi,Marshall,1118,21,0,34.76216286,-89.50299462,28093.0,3167.6772255907517,1.8783542039355996,1097,1115,17,0,1098,1111,35451,3,4,0,-1,4
2020-09-29,US,Mississippi,Monroe,1246,69,0,33.89236763,-88.4808438,28095.0,3534.551231135822,5.537720706260033,1177,1239,69,0,1170,1236,35564,7,0,0,7,3
2020-09-29,US,Mississippi,Montgomery,469,20,0,33.49419589,-89.61729103,28097.0,4797.953964194374,4.264392324093817,449,465,20,0,445,465,10023,4,0,0,4,0
2020-09-29,US,Mississippi,Neshoba,1597,104,0,32.75339664,-89.11726492,28099.0,5484.579984889072,6.512210394489667,1493,1581,104,0,1477,1580,29125,16,0,0,16,1
2020-09-29,US,Mississippi,Newton,778,24,0,32.40021118,-89.11843336,28101.0,3701.5891140926815,3.0848329048843186,754,773,24,0,749,773,21443,5,0,0,5,0
2020-09-29,US,Mississippi,Noxubee,558,16,0,33.11009499,-88.56949061,28103.0,5356.628587885188,2.867383512544803,542,555,16,0,539,551,10535,3,0,0,3,4
2020-09-29,US,Mississippi,Oktibbeha,1811,52,0,33.42491685,-88.87905132,28105.0,3652.16689858229,2.8713418001104363,1759,1802,52,0,1750,1801,49599,9,0,0,9,1
2020-09-29,US,Mississippi,Panola,1512,31,0,34.36398677,-89.95064249,28107.0,4422.087037903603,2.0502645502645502,1481,1510,31,0,1479,1507,34178,2,0,0,2,3
2020-09-29,US,Mississippi,Pearl River,909,53,0,30.77090935,-89.58677275,28109.0,1636.8056180786893,5.830583058305829,856,896,53,0,843,894,55387,13,0,0,13,2
2020-09-29,US,Mississippi,Perry,428,21,0,31.17161885,-88.99281835,28111.0,3574.709763634845,4.906542056074766,407,424,19,0,405,424,11931,4,2,0,2,0
2020-09-29,US,Mississippi,Pike,1249,53,0,31.17507789,-90.40392572,28113.0,3179.087762166565,4.243394715772618,1196,1242,51,0,1191,1240,39563,7,2,0,5,2
2020-09-29,US,Mississippi,Pontotoc,1293,16,0,34.226046000000004,-89.03636807,28115.0,4018.7729222353455,1.2374323279195671,1277,1282,16,0,1266,1279,31833,11,0,0,11,3
2020-09-29,US,Mississippi,Prentiss,879,18,0,34.61810501,-88.51986294,28117.0,3498.3682241502825,2.04778156996587,861,865,17,0,848,863,25315,14,1,0,13,2
2020-09-29,US,Mississippi,Quitman,387,5,0,34.25157572,-90.28908,28119.0,5697.879858657244,1.2919896640826871,382,380,5,0,375,377,7051,7,0,0,7,3
2020-09-29,US,Mississippi,Rankin,3346,79,0,32.26469147,-89.94537876,28121.0,2154.942004624173,2.3610280932456664,3267,3311,79,0,3232,3308,153902,35,0,0,35,3
2020-09-29,US,Mississippi,Scott,1177,27,0,32.406704100000006,-89.53789439,28123.0,4185.037690228986,2.293967714528462,1150,1176,27,0,1149,1176,28287,1,0,0,1,0
2020-09-29,US,Mississippi,Sharkey,266,14,0,32.88149103,-90.81595379999999,28125.0,6155.982411478824,5.2631578947368425,252,266,13,0,253,266,4377,0,1,0,-1,0
2020-09-29,US,Mississippi,Simpson,1050,47,0,31.91282117,-89.91716179,28127.0,3938.780103533648,4.476190476190476,1003,1048,46,0,1002,1047,26758,2,1,0,1,1
2020-09-29,US,Mississippi,Smith,545,15,0,32.01744532,-89.50644846,28129.0,3424.227192762001,2.7522935779816518,530,538,15,0,523,536,16002,7,0,0,7,2
2020-09-29,US,Mississippi,Stone,379,13,0,30.79187949,-89.11547539,28131.0,2066.9720767888307,3.430079155672823,366,376,12,0,364,375,18717,3,1,0,2,1
2020-09-29,US,Mississippi,Sunflower,1485,46,0,33.60192578,-90.58882684,28133.0,5913.978494623656,3.0976430976430978,1439,1480,46,0,1434,1473,25735,5,0,0,5,7
2020-09-29,US,Mississippi,Tallahatchie,777,24,0,33.95339918,-90.1729398,28135.0,5626.765153160982,3.088803088803089,753,776,21,0,755,774,13987,1,3,0,-2,2
2020-09-29,US,Mississippi,Tate,1012,38,0,34.65133709,-89.94485778,28137.0,3573.320151124607,3.7549407114624502,974,1011,38,0,973,1006,28759,1,0,0,1,5
2020-09-29,US,Mississippi,Tippah,687,18,0,34.76872156,-88.90988194,28139.0,3120.599591187827,2.6200873362445414,669,673,17,0,656,672,21995,14,1,0,13,1
2020-09-29,US,Mississippi,Tishomingo,703,38,0,34.74023475,-88.23917219,28141.0,3626.8895423825,5.405405405405406,665,694,38,0,656,691,19454,9,0,0,9,3
2020-09-29,US,Mississippi,Tunica,499,15,0,34.64967704,-90.37481167,28143.0,5180.647840531561,3.006012024048096,484,499,15,0,484,497,9944,0,0,0,0,2
2020-09-29,US,Mississippi,Union,1002,24,0,34.49162015,-89.00776006,28145.0,3477.3555439875067,2.395209580838323,978,999,24,0,975,998,28606,3,0,0,3,1
2020-09-29,US,Mississippi,Walthall,604,26,0,31.14971548,-90.10446654,28147.0,4227.915441691166,4.304635761589403,578,602,26,0,576,602,14465,2,0,0,2,0
2020-09-29,US,Mississippi,Warren,1415,50,0,32.35810271,-90.83352619,28149.0,3118.04499680483,3.53356890459364,1365,1409,50,0,1359,1409,46176,6,0,0,6,0
2020-09-29,US,Mississippi,Washington,2263,79,0,33.28392041,-90.94196237,28151.0,5153.8408982213205,3.4909412284577988,2184,2259,77,0,2182,2259,45063,4,2,0,2,0
2020-09-29,US,Mississippi,Wayne,912,21,0,31.64135687,-88.69573913,28153.0,4518.654313035723,2.3026315789473686,891,908,21,0,887,905,20298,4,0,0,4,3
2020-09-29,US,Mississippi,Webster,339,13,0,33.61300486,-89.28392912,28155.0,3498.813087005883,3.834808259587021,326,338,13,0,325,338,9788,1,0,0,1,0
2020-09-29,US,Mississippi,Wilkinson,307,18,0,31.16078225,-91.31018819,28157.0,3557.358053302433,5.8631921824104225,289,305,18,0,287,305,8792,2,0,0,2,0
2020-09-29,US,Mississippi,Winston,746,19,0,33.08747908,-89.03391385,28159.0,4154.8315232525765,2.5469168900804293,727,742,19,0,723,742,18165,4,0,0,4,0
2020-09-29,US,Mississippi,Yalobusha,442,14,0,34.02824175,-89.70762049999998,28161.0,3650.4790221341273,3.1674208144796383,428,437,14,0,423,436,12392,5,0,0,5,1
2020-09-29,US,Mississippi,Yazoo,1066,31,0,32.77890365,-90.39656148,28163.0,3590.434489727181,2.9080675422138835,1035,1062,30,0,1032,1062,28248,4,1,0,3,0
2020-09-29,US,Missouri,Adair,350,0,0,40.19058551,-92.60078167,29001.0,1381.0519670125873,0.0,350,350,0,0,350,343,25339,0,0,0,0,7
2020-09-29,US,Missouri,Andrew,259,2,0,39.98492163,-94.80163024,29003.0,1462.2854561878953,0.7722007722007722,257,259,2,0,257,258,17607,0,0,0,0,1
2020-09-29,US,Missouri,Atchison,54,0,0,40.43238737,-95.42970639,29005.0,1049.970834143496,0.0,54,54,0,0,54,53,5171,0,0,0,0,1
2020-09-29,US,Missouri,Audrain,447,4,0,39.215877,-91.84242683,29007.0,1760.67433433118,0.8948545861297539,443,447,4,0,443,431,25473,0,0,0,0,16
2020-09-29,US,Missouri,Barry,494,6,0,36.70978521,-93.82919888,29009.0,1380.3123864874685,1.214574898785425,488,494,6,0,488,490,35886,0,0,0,0,4
2020-09-29,US,Missouri,Barton,192,0,0,37.50207671,-94.34757022,29011.0,1633.486472690148,0.0,192,192,0,0,192,185,11798,0,0,0,0,7
2020-09-29,US,Missouri,Bates,126,2,0,38.25271289,-94.34113157,29013.0,779.1244125649271,1.5873015873015872,124,126,2,0,124,123,16320,0,0,0,0,3
2020-09-29,US,Missouri,Benton,335,3,0,38.29503305,-93.28756116,29015.0,1722.9851360386774,0.8955223880597015,332,335,3,0,332,333,19278,0,0,0,0,2
2020-09-29,US,Missouri,Bollinger,355,1,0,37.32449052,-90.02725304,29017.0,2925.9045578175233,0.28169014084507044,354,355,1,0,354,351,12169,0,0,0,0,4
2020-09-29,US,Missouri,Boone,4727,10,0,38.99186229,-92.30723575,29019.0,2619.3735003851207,0.2115506663845991,4717,4727,10,0,4717,4686,180005,0,0,0,0,41
2020-09-29,US,Missouri,Buchanan,2026,16,0,39.65816401,-94.80138942,29021.0,2319.0330113090063,0.7897334649555775,2010,2026,16,0,2010,2006,88571,0,0,0,0,20
2020-09-29,US,Missouri,Butler,659,7,0,36.71462476,-90.40421163,29023.0,1551.3913084420171,1.0622154779969648,652,659,7,0,652,650,42639,0,0,0,0,9
2020-09-29,US,Missouri,Caldwell,100,1,0,39.65620858,-93.98308093,29025.0,1108.6474501108646,1.0,99,100,1,0,99,95,9108,0,0,0,0,5
2020-09-29,US,Missouri,Callaway,672,3,0,38.83674754,-91.92186505,29027.0,1501.9109134389735,0.44642857142857145,669,672,3,0,669,662,44889,0,0,0,0,10
2020-09-29,US,Missouri,Camden,1023,11,0,38.02199522,-92.76083747,29029.0,2209.26465824425,1.075268817204301,1012,1023,11,0,1012,1008,45815,0,0,0,0,15
2020-09-29,US,Missouri,Cape Girardeau,1807,15,0,37.38489388,-89.6843587,29031.0,2291.0829075325532,0.8301051466519093,1792,1807,15,0,1792,1779,78753,0,0,0,0,28
2020-09-29,US,Missouri,Carroll,132,2,0,39.42762566,-93.50626255,29033.0,1520.912547528517,1.5151515151515151,130,132,2,0,130,132,8743,0,0,0,0,0
2020-09-29,US,Missouri,Carter,107,1,0,36.94160441,-90.96051322,29035.0,1788.699431628218,0.9345794392523364,106,107,1,0,106,109,6054,0,0,0,0,-2
2020-09-29,US,Missouri,Cass,1527,24,0,38.64789422,-94.353399,29037.0,1443.562110039705,1.5717092337917484,1503,1527,24,0,1503,1515,104954,0,0,0,0,12
2020-09-29,US,Missouri,Cedar,121,0,0,37.72391475,-93.85445441,29039.0,843.264338978326,0.0,121,121,0,0,121,113,14165,0,0,0,0,8
2020-09-29,US,Missouri,Chariton,48,0,0,39.51499357,-92.9629191,29041.0,646.3775922434688,0.0,48,48,0,0,48,47,7451,0,0,0,0,1
2020-09-29,US,Missouri,Christian,1472,6,0,36.9711783,-93.18537118,29043.0,1661.4933122636717,0.4076086956521739,1466,1472,6,0,1466,1453,86983,0,0,0,0,19
2020-09-29,US,Missouri,Clark,65,0,0,40.41040752,-91.73661677,29045.0,956.3042518758276,0.0,65,65,0,0,65,65,6842,0,0,0,0,0
2020-09-29,US,Missouri,Clay,1827,41,0,39.31132056,-94.41850862,29047.0,730.9520380239087,2.2441160372194857,1786,1827,41,0,1786,1809,246365,0,0,0,0,18
2020-09-29,US,Missouri,Clinton,244,0,0,39.6013098,-94.40465394,29049.0,1196.841124245843,0.0,244,244,0,0,244,241,20470,0,0,0,0,3
2020-09-29,US,Missouri,Cole,1584,14,0,38.50455671,-92.27860244,29051.0,2063.9781093230827,0.8838383838383839,1570,1584,14,0,1570,1559,76796,0,0,0,0,25
2020-09-29,US,Missouri,Cooper,434,2,0,38.844478,-92.80896081,29053.0,2450.731266587611,0.4608294930875576,432,434,2,0,432,431,17603,0,0,0,0,3
2020-09-29,US,Missouri,Crawford,407,4,0,37.97663738,-91.30528104,29055.0,1701.505016722408,0.9828009828009828,403,407,4,0,403,402,23957,0,0,0,0,5
2020-09-29,US,Missouri,Dade,70,0,0,37.431814,-93.8503345,29057.0,925.8034651501123,0.0,70,70,0,0,70,68,7569,0,0,0,0,2
2020-09-29,US,Missouri,Dallas,194,1,0,37.681135499999996,-93.02127031,29059.0,1149.425287356322,0.5154639175257731,193,194,1,0,193,190,16762,0,0,0,0,4
2020-09-29,US,Missouri,Daviess,123,1,0,39.96145298,-93.98519678,29061.0,1485.8661512442618,0.8130081300813008,122,123,1,0,122,117,8313,0,0,0,0,6
2020-09-29,US,Missouri,DeKalb,136,2,0,39.89201062,-94.40476508,29063.0,1083.9244440902207,1.4705882352941178,134,136,2,0,134,134,12630,0,0,0,0,2
2020-09-29,US,Missouri,Dent,150,2,0,37.60663134,-91.50790473,29065.0,963.2055480639567,1.3333333333333333,148,150,2,0,148,149,15441,0,0,0,0,1
2020-09-29,US,Missouri,Douglas,208,3,0,36.9325593,-92.49905109,29067.0,1577.550246492226,1.4423076923076923,205,208,3,0,205,205,13373,0,0,0,0,3
2020-09-29,US,Missouri,Dunklin,800,8,0,36.27167174,-90.09122243,29069.0,2746.215371940545,1.0,792,800,8,0,792,789,29423,0,0,0,0,11
2020-09-29,US,Missouri,Franklin,1757,29,0,38.41127108,-91.07522826,29071.0,1689.9593140131005,1.6505406943653955,1728,1757,29,0,1728,1736,103670,0,0,0,0,21
2020-09-29,US,Missouri,Gasconade,166,20,0,38.43947277,-91.50847147,29073.0,1128.7909696722427,12.048192771084338,146,166,20,0,146,166,14705,0,0,0,0,0
2020-09-29,US,Missouri,Gentry,125,9,0,40.21097916,-94.40944419,29075.0,1902.2979759549528,7.2,116,125,9,0,116,122,6628,0,0,0,0,3
2020-09-29,US,Missouri,Greene,6398,58,0,37.2575872,-93.34230916,29077.0,2182.97701016084,0.9065332916536416,6340,6398,58,0,6340,6312,291923,0,0,0,0,86
2020-09-29,US,Missouri,Grundy,195,4,0,40.11406587,-93.56509276,29079.0,1979.6954314720813,2.051282051282051,191,195,4,0,191,193,9914,0,0,0,0,2
2020-09-29,US,Missouri,Harrison,115,1,0,40.35570088,-93.99222144,29081.0,1376.9157088122604,0.8695652173913043,114,115,1,0,114,109,8414,0,0,0,0,6
2020-09-29,US,Missouri,Henry,205,5,0,38.38482826,-93.79293734,29083.0,939.3328445747801,2.4390243902439024,200,205,5,0,200,203,21792,0,0,0,0,2
2020-09-29,US,Missouri,Hickory,109,3,0,37.94163617,-93.3203037,29085.0,1142.0787929589274,2.7522935779816518,106,109,3,0,106,108,9509,0,0,0,0,1
2020-09-29,US,Missouri,Holt,79,1,0,40.09799248,-95.21638879999999,29087.0,1794.231205995912,1.2658227848101269,78,79,1,0,78,79,4404,0,0,0,0,0
2020-09-29,US,Missouri,Howard,176,2,0,39.1435761,-92.69756691,29089.0,1759.8240175982403,1.1363636363636365,174,176,2,0,174,175,10137,0,0,0,0,1
2020-09-29,US,Missouri,Howell,634,3,0,36.77383887,-91.88683935,29091.0,1580.3773961163595,0.473186119873817,631,634,3,0,631,622,40076,0,0,0,0,12
2020-09-29,US,Missouri,Iron,56,0,0,37.55487945,-90.7735296,29093.0,553.0864197530864,0.0,56,56,0,0,56,56,10177,0,0,0,0,0
2020-09-29,US,Missouri,Jackson,7588,102,0,39.01002188,-94.34724536,29095.0,1079.3572220064837,1.3442277279915655,7486,7588,101,0,7487,7512,700307,0,1,0,-1,76
2020-09-29,US,Missouri,Jasper,3830,53,0,37.20351921,-94.34050458,29097.0,3156.732164051168,1.3838120104438645,3777,3830,53,0,3777,3811,120636,0,0,0,0,19
2020-09-29,US,Missouri,Jefferson,4282,59,0,38.25926778,-90.53870896,29099.0,1902.4262376655515,1.3778608127043437,4223,4282,59,0,4223,4240,224347,0,0,0,0,42
2020-09-29,US,Missouri,Johnson,1111,4,0,38.74719601,-93.80691168,29101.0,2055.0479079575307,0.36003600360036003,1107,1111,4,0,1107,1117,53652,0,0,0,0,-6
2020-09-29,US,Missouri,Kansas City,11276,125,0,39.0997,-94.5786,0.0,2306.1992911239145,1.1085491308974813,11151,11276,125,0,11151,11147,491918,0,0,0,0,129
2020-09-29,US,Missouri,Knox,50,1,0,40.12699751,-92.14780832,29103.0,1262.945188178833,2.0,49,50,1,0,49,50,3947,0,0,0,0,0
2020-09-29,US,Missouri,Laclede,668,4,0,37.65896829,-92.5888493,29105.0,1869.94373372897,0.5988023952095808,664,668,4,0,664,641,35713,0,0,0,0,27
2020-09-29,US,Missouri,Lafayette,533,2,0,39.06986886,-93.78076396,29107.0,1629.570747217806,0.37523452157598497,531,533,2,0,531,529,32598,0,0,0,0,4
2020-09-29,US,Missouri,Lawrence,635,4,0,37.10626634,-93.83293097,29109.0,1655.585973145613,0.6299212598425197,631,635,4,0,631,624,38359,0,0,0,0,11
2020-09-29,US,Missouri,Lewis,92,2,0,40.09673161,-91.72070156,29111.0,941.0801963993454,2.1739130434782608,90,92,2,0,90,91,9855,0,0,0,0,1
2020-09-29,US,Missouri,Lincoln,787,3,0,39.05345619,-90.95588181,29113.0,1333.6044600342298,0.3811944091486658,784,787,3,0,784,776,57686,0,0,0,0,11
2020-09-29,US,Missouri,Linn,85,1,0,39.87001769,-93.10704106,29115.0,713.0872483221477,1.1764705882352942,84,85,1,0,84,83,12037,0,0,0,0,2
2020-09-29,US,Missouri,Livingston,408,1,0,39.78110272,-93.54645978,29117.0,2679.450975241348,0.24509803921568624,407,408,1,0,407,406,15146,0,0,0,0,2
2020-09-29,US,Missouri,Macon,151,0,0,39.83049768,-92.56453089,29121.0,998.8754382483296,0.0,151,151,0,0,151,150,15153,0,0,0,0,1
2020-09-29,US,Missouri,Madison,312,1,0,37.47865134,-90.34671429999999,29123.0,2581.0721376571805,0.3205128205128205,311,312,1,0,311,306,12188,0,0,0,0,6
2020-09-29,US,Missouri,Maries,84,0,0,38.16193985,-91.92249662,29125.0,965.8502932045532,0.0,84,84,0,0,84,82,8769,0,0,0,0,2
2020-09-29,US,Missouri,Marion,671,14,0,39.80601912,-91.62203062,29127.0,2351.9102698913425,2.0864381520119224,657,671,14,0,657,663,28592,0,0,0,0,8
2020-09-29,US,Missouri,McDonald,1118,11,0,36.62869595,-94.34867205,29119.0,4895.564215965321,0.9838998211091234,1107,1118,11,0,1107,1113,23078,0,0,0,0,5
2020-09-29,US,Missouri,Mercer,28,0,0,40.42212303,-93.56829590000001,29129.0,774.1222007188278,0.0,28,28,0,0,28,28,3641,0,0,0,0,0
2020-09-29,US,Missouri,Miller,510,1,0,38.21450288,-92.42610898,29131.0,1990.7100199070999,0.19607843137254904,509,510,1,0,509,508,25336,0,0,0,0,2
2020-09-29,US,Missouri,Mississippi,300,3,0,36.82516239,-89.29505753,29133.0,2276.176024279211,1.0,297,300,3,0,297,300,13336,0,0,0,0,0
2020-09-29,US,Missouri,Moniteau,324,4,0,38.63571781,-92.57976951,29135.0,2008.4304487974214,1.2345679012345678,320,324,4,0,320,321,16121,0,0,0,0,3
2020-09-29,US,Missouri,Monroe,90,1,0,39.49593978,-92.00043978,29137.0,1041.184636742249,1.1111111111111112,89,90,1,0,89,90,8664,0,0,0,0,0
2020-09-29,US,Missouri,Montgomery,85,1,0,38.94022054,-91.47000721,29139.0,735.8670245000432,1.1764705882352942,84,85,1,0,84,84,11534,0,0,0,0,1
2020-09-29,US,Missouri,Morgan,373,2,0,38.4181765,-92.88791859,29141.0,1808.309497260872,0.5361930294906166,371,373,2,0,371,359,20358,0,0,0,0,14
2020-09-29,US,Missouri,New Madrid,537,16,0,36.59666326,-89.66070007,29143.0,3144.764581869291,2.97951582867784,521,537,16,0,521,534,17296,0,0,0,0,3
2020-09-29,US,Missouri,Newton,1507,15,0,36.90519407,-94.3394104,29145.0,2587.7464111546124,0.99535500995355,1492,1507,15,0,1492,1481,58266,0,0,0,0,26
2020-09-29,US,Missouri,Nodaway,776,10,0,40.36079813,-94.88133008,29147.0,3512.583740720623,1.2886597938144329,766,764,10,0,754,760,22304,12,0,0,12,4
2020-09-29,US,Missouri,Oregon,126,0,0,36.68710164,-91.4033755,29149.0,1196.6948428150822,0.0,126,126,0,0,126,123,10541,0,0,0,0,3
2020-09-29,US,Missouri,Osage,159,2,0,38.46036182,-91.8613635,29151.0,1167.8295997062064,1.2578616352201255,157,159,2,0,157,156,13714,0,0,0,0,3
2020-09-29,US,Missouri,Ozark,128,0,0,36.64916339,-92.44459066,29153.0,1395.247438412906,0.0,128,128,0,0,128,125,9017,0,0,0,0,3
2020-09-29,US,Missouri,Pemiscot,536,10,0,36.2130572,-89.78742322,29155.0,3391.331857007276,1.8656716417910448,526,536,10,0,526,531,16272,0,0,0,0,5
2020-09-29,US,Missouri,Perry,634,7,0,37.70660776,-89.82741088,29157.0,3313.1270903010027,1.1041009463722398,627,634,7,0,627,625,19150,0,0,0,0,9
2020-09-29,US,Missouri,Pettis,1159,12,0,38.72798918,-93.28471706,29159.0,2737.428848106946,1.035375323554789,1147,1159,12,0,1147,1149,42542,0,0,0,0,10
2020-09-29,US,Missouri,Phelps,490,8,0,37.87736118,-91.79351727,29161.0,1099.3202162744262,1.6326530612244898,482,490,8,0,482,488,44732,0,0,0,0,2
2020-09-29,US,Missouri,Pike,241,4,0,39.34310674,-91.16980779,29163.0,1316.7959785815758,1.6597510373443984,237,241,4,0,237,239,18504,0,0,0,0,2
2020-09-29,US,Missouri,Platte,711,10,0,39.38154439,-94.77068479,29165.0,680.9170832615066,1.4064697609001406,701,711,10,0,701,704,102985,0,0,0,0,7
2020-09-29,US,Missouri,Polk,666,3,0,37.616229600000004,-93.39828174,29167.0,2071.6040934399202,0.4504504504504505,663,666,3,0,663,644,32201,0,0,0,0,22
2020-09-29,US,Missouri,Pulaski,676,5,0,37.82462075,-92.20783203,29169.0,1285.0000950443855,0.7396449704142012,671,676,5,0,671,659,52014,0,0,0,0,17
2020-09-29,US,Missouri,Putnam,33,1,0,40.47942497,-93.02042674,29171.0,702.725724020443,3.0303030303030303,32,33,1,0,32,33,4757,0,0,0,0,0
2020-09-29,US,Missouri,Ralls,151,0,0,39.52817427,-91.51838643,29173.0,1464.739547967795,0.0,151,151,0,0,151,150,10212,0,0,0,0,1
2020-09-29,US,Missouri,Randolph,264,2,0,39.44007257,-92.49713740000001,29175.0,1066.7528689187004,0.7575757575757576,262,264,2,0,262,258,24763,0,0,0,0,6
2020-09-29,US,Missouri,Ray,167,0,0,39.353746799999996,-93.98905745,29177.0,725.5191589191068,0.0,167,167,0,0,167,166,22883,0,0,0,0,1
2020-09-29,US,Missouri,Reynolds,39,0,0,37.36085952,-90.97009925,29179.0,622.0095693779904,0.0,39,39,0,0,39,39,6254,0,0,0,0,0
2020-09-29,US,Missouri,Ripley,170,0,0,36.65460667,-90.85990261,29181.0,1279.3497892835644,0.0,170,170,0,0,170,165,13401,0,0,0,0,5
2020-09-29,US,Missouri,Saline,728,9,0,39.13734288,-93.20259964,29195.0,3198.4534950134002,1.2362637362637363,719,728,9,0,719,726,22895,0,0,0,0,2
2020-09-29,US,Missouri,Schuyler,24,0,0,40.46921489,-92.52311943,29197.0,515.0214592274679,0.0,24,24,0,0,24,25,4599,0,0,0,0,-1
2020-09-29,US,Missouri,Scotland,31,1,0,40.45214695,-92.14709064,29199.0,632.3949408404733,3.2258064516129035,30,31,1,0,30,31,4966,0,0,0,0,0
2020-09-29,US,Missouri,Scott,891,17,0,37.05588075,-89.56474493,29201.0,2327.586206896552,1.9079685746352413,874,891,17,0,874,878,38458,0,0,0,0,13
2020-09-29,US,Missouri,Shannon,110,1,0,37.15772072,-91.40190382,29203.0,1347.0487386725447,0.9090909090909092,109,110,1,0,109,109,8189,0,0,0,0,1
2020-09-29,US,Missouri,Shelby,68,1,0,39.79742518,-92.07634971,29205.0,1146.7116357504215,1.4705882352941178,67,68,1,0,67,67,6050,0,0,0,0,1
2020-09-29,US,Missouri,St. Charles,7751,120,0,38.77875681,-90.66662425,29183.0,1928.003940082881,1.5481873306670106,7631,7751,120,0,7631,7678,399182,0,0,0,0,73
2020-09-29,US,Missouri,St. Clair,76,0,0,38.03699437,-93.77631447,29185.0,808.7687559859529,0.0,76,76,0,0,76,76,9395,0,0,0,0,0
2020-09-29,US,Missouri,St. Francois,2131,11,0,37.81214171,-90.47598685,29187.0,3170.4232686156365,0.5161895823557016,2120,2131,11,0,2120,2092,66692,0,0,0,0,39
2020-09-29,US,Missouri,St. Louis,24425,809,0,38.63770039999999,-90.4458375,29189.0,2456.73678969629,3.312180143295804,23616,24207,801,0,23406,24104,996945,218,8,0,210,103
2020-09-29,US,Missouri,St. Louis City,7125,198,0,38.63555736,-90.24349225,29510.0,2370.448738422229,2.7789473684210533,6927,7089,198,0,6891,7067,302838,36,0,0,36,22
2020-09-29,US,Missouri,Ste. Genevieve,203,1,0,37.89090059,-90.1949941,29186.0,1134.458477702023,0.4926108374384237,202,203,1,0,202,205,17888,0,0,0,0,-2
2020-09-29,US,Missouri,Stoddard,520,13,0,36.85571651,-89.9444155,29207.0,1791.5590008613267,2.5,507,520,13,0,507,508,29206,0,0,0,0,12
2020-09-29,US,Missouri,Stone,470,4,0,36.75000327,-93.45256475,29209.0,1470.956434651978,0.851063829787234,466,470,4,0,466,466,31749,0,0,0,0,4
2020-09-29,US,Missouri,Sullivan,209,0,0,40.2099105,-93.11150106,29211.0,3432.419116439481,0.0,209,209,0,0,209,193,6221,0,0,0,0,16
2020-09-29,US,Missouri,Taney,1219,31,0,36.65465345,-93.04075153,29213.0,2179.5880417679873,2.543068088597211,1188,1219,31,0,1188,1213,55852,0,0,0,0,6
2020-09-29,US,Missouri,Texas,329,2,0,37.31728859,-91.96564727,29215.0,1295.3775887865186,0.6079027355623101,327,329,2,0,327,326,25571,0,0,0,0,3
2020-09-29,US,Missouri,Vernon,187,1,0,37.8457799,-94.34127305,29217.0,909.4003793220834,0.5347593582887701,186,187,1,0,186,185,20528,0,0,0,0,2
2020-09-29,US,Missouri,Warren,482,1,0,38.76529479,-91.16124662,29219.0,1352.0715868607815,0.2074688796680498,481,482,1,0,481,479,34711,0,0,0,0,3
2020-09-29,US,Missouri,Washington,430,10,0,37.96130078,-90.87948158,29221.0,1738.7788111605335,2.3255813953488373,420,430,10,0,420,423,24943,0,0,0,0,7
2020-09-29,US,Missouri,Wayne,226,0,0,37.11303869,-90.46001416,29223.0,1755.6125223335666,0.0,226,226,0,0,226,223,13122,0,0,0,0,3
2020-09-29,US,Missouri,Webster,665,5,0,37.2813734,-92.876329,29225.0,1679.6322489391794,0.7518796992481203,660,665,5,0,660,657,39109,0,0,0,0,8
2020-09-29,US,Missouri,Worth,21,0,0,40.47945588,-94.42328751,29227.0,1043.2190760059614,0.0,21,21,0,0,21,21,2040,0,0,0,0,0
2020-09-29,US,Missouri,Wright,359,0,0,37.27029221,-92.46914488,29229.0,1962.9285362786375,0.0,359,359,0,0,359,352,18378,0,0,0,0,7
2020-09-29,US,Montana,Beaverhead,94,1,0,45.13434354,-112.89846940000001,30001.0,994.3933142917592,1.0638297872340423,93,85,1,0,84,85,9404,9,0,0,9,0
2020-09-29,US,Montana,Big Horn,928,22,0,45.42335905,-107.492347,30003.0,6967.490051805691,2.3706896551724137,906,912,23,0,889,900,13338,16,-1,0,17,12
2020-09-29,US,Montana,Blaine,31,0,0,48.43175214,-108.9582723,30005.0,464.00239485107016,0.0,31,25,0,0,25,21,6807,6,0,0,6,4
2020-09-29,US,Montana,Broadwater,18,0,0,46.33277565,-111.49558130000001,30007.0,288.6002886002886,0.0,18,17,0,0,17,17,6085,1,0,0,1,0
2020-09-29,US,Montana,Carbon,119,0,0,45.22850116,-109.0274047,30009.0,1109.5571095571097,0.0,119,118,0,0,118,116,10714,1,0,0,1,2
2020-09-29,US,Montana,Carter,6,0,0,45.5197966,-104.53955359999999,30011.0,479.2332268370607,0.0,6,4,0,0,4,4,1238,2,0,0,2,0
2020-09-29,US,Montana,Cascade,729,5,0,47.30797024,-111.3467922,30013.0,895.9516259862842,0.6858710562414266,724,700,5,0,695,677,81643,29,0,0,29,23
2020-09-29,US,Montana,Chouteau,29,0,0,47.88084126,-110.4353362,30015.0,514.6406388642414,0.0,29,29,0,0,29,29,5745,0,0,0,0,0
2020-09-29,US,Montana,Custer,116,2,0,46.25319932,-105.57375259999998,30017.0,1017.3653744957028,1.7241379310344829,114,116,2,0,114,116,11586,0,0,0,0,0
2020-09-29,US,Montana,Daniels,5,0,0,48.78420029,-105.54763429999998,30019.0,295.8579881656805,0.0,5,5,0,0,5,5,1747,0,0,0,0,0
2020-09-29,US,Montana,Dawson,78,1,0,47.26584855,-104.89444170000002,30021.0,905.6078021595264,1.2820512820512822,77,78,1,0,77,78,8680,0,0,0,0,0
2020-09-29,US,Montana,Deer Lodge,115,0,0,46.05953325,-113.073353,30023.0,1258.2056892778994,0.0,115,116,0,0,116,116,9131,-1,0,0,-1,0
2020-09-29,US,Montana,Fallon,5,0,0,46.33478338,-104.41835649999999,30025.0,175.68517217146874,0.0,5,5,0,0,5,5,2920,0,0,0,0,0
2020-09-29,US,Montana,Fergus,65,1,0,47.26331584,-109.2245206,30027.0,588.2352941176471,1.5384615384615383,64,64,1,0,63,63,11113,1,0,0,1,1
2020-09-29,US,Montana,Flathead,1112,18,0,48.29575866,-114.05205690000001,30029.0,1071.229023370518,1.6187050359712232,1094,1062,17,0,1045,1034,102106,50,1,0,49,28
2020-09-29,US,Montana,Gallatin,1380,4,0,45.54486106,-111.1692571,30031.0,1205.9352989496128,0.2898550724637681,1376,1369,4,0,1365,1353,111876,11,0,0,11,16
2020-09-29,US,Montana,Garfield,17,0,0,47.27545948,-107.0002351,30033.0,1351.3513513513512,0.0,17,17,0,0,17,17,1268,0,0,0,0,0
2020-09-29,US,Montana,Glacier,340,1,0,48.70513576,-112.9934235,30035.0,2472.187886279357,0.29411764705882354,339,315,1,0,314,279,13747,25,0,0,25,36
2020-09-29,US,Montana,Golden Valley,5,0,0,46.3816474,-109.17685220000001,30037.0,609.0133982947625,0.0,5,5,0,0,5,5,826,0,0,0,0,0
2020-09-29,US,Montana,Granite,22,0,0,46.40605220000001,-113.4414186,30039.0,651.0802012429713,0.0,22,22,0,0,22,22,3378,0,0,0,0,0
2020-09-29,US,Montana,Hill,179,3,0,48.62879827,-110.1129252,30041.0,1085.9014802232468,1.675977653631285,176,173,3,0,170,152,16347,6,0,0,6,21
2020-09-29,US,Montana,Jefferson,83,0,0,46.14907081,-112.094396,30043.0,679.1588249734066,0.0,83,82,0,0,82,77,12097,1,0,0,1,5
2020-09-29,US,Montana,Judith Basin,8,0,0,47.04581276,-110.26606880000001,30045.0,398.6048829098157,0.0,8,7,0,0,7,7,1952,1,0,0,1,0
2020-09-29,US,Montana,Lake,281,1,0,47.64514965,-114.0898013,30047.0,922.5819160811608,0.3558718861209965,280,277,1,0,276,276,30250,4,0,0,4,1
2020-09-29,US,Montana,Lewis and Clark,308,3,0,47.12610041,-112.39469799999999,30049.0,443.59949302915084,0.9740259740259741,305,275,3,0,272,275,68700,33,0,0,33,0
2020-09-29,US,Montana,Liberty,20,0,0,48.56084317,-111.02430700000001,30051.0,855.7980316645271,0.0,20,19,0,0,19,19,2430,1,0,0,1,0
2020-09-29,US,Montana,Lincoln,126,3,0,48.54265777,-115.4046155,30053.0,630.6306306306308,2.380952380952381,123,120,3,0,117,117,19794,6,0,0,6,3
2020-09-29,US,Montana,Madison,110,1,0,45.30080065,-111.9173017,30057.0,1279.0697674418604,0.9090909090909092,109,104,1,0,103,102,8768,6,0,0,6,2
2020-09-29,US,Montana,McCone,23,0,0,47.64469406,-105.79449939999999,30055.0,1382.2115384615383,0.0,23,23,0,0,23,19,1675,0,0,0,0,4
2020-09-29,US,Montana,Meagher,25,2,0,46.59907074,-110.8898557,30059.0,1342.6423200859292,8.0,23,25,2,0,23,25,1866,0,0,0,0,0
2020-09-29,US,Montana,Mineral,4,0,0,47.15283992,-115.00152390000001,30061.0,90.97111667045714,0.0,4,4,0,0,4,2,4316,0,0,0,0,2
2020-09-29,US,Montana,Missoula,794,3,0,47.03728583,-113.92135079999998,30063.0,663.8795986622074,0.3778337531486146,791,739,3,0,736,739,118791,55,0,0,55,0
2020-09-29,US,Montana,Musselshell,37,1,0,46.49684637,-108.39498,30065.0,798.6186056550831,2.702702702702702,36,36,1,0,35,35,4651,1,0,0,1,1
2020-09-29,US,Montana,Park,100,0,0,45.48965095,-110.52643940000002,30067.0,602.1919788028423,0.0,100,100,0,0,100,98,16736,0,0,0,0,2
2020-09-29,US,Montana,Phillips,122,0,0,48.25936577,-107.9128511,30071.0,3085.483055134041,0.0,122,122,0,0,122,121,4074,0,0,0,0,1
2020-09-29,US,Montana,Pondera,49,0,0,48.22773388,-112.22527029999999,30073.0,828.9629504313991,0.0,49,37,0,0,37,29,5972,12,0,0,12,8
2020-09-29,US,Montana,Powder River,10,0,0,45.39617714,-105.636738,30075.0,594.5303210463734,0.0,10,10,0,0,10,9,1716,0,0,0,0,1
2020-09-29,US,Montana,Powell,12,0,0,46.85538891,-112.93591640000001,30077.0,174.1654571843251,0.0,12,12,0,0,12,12,6968,0,0,0,0,0
2020-09-29,US,Montana,Prairie,4,0,0,46.86048047,-105.379384,30079.0,371.4020427112349,0.0,4,4,0,0,4,2,1087,0,0,0,0,2
2020-09-29,US,Montana,Ravalli,149,2,0,46.08520862,-114.11891640000002,30081.0,340.13605442176873,1.342281879194631,147,141,2,0,139,140,43172,8,0,0,8,1
2020-09-29,US,Montana,Richland,83,2,0,47.78668011,-104.5610786,30083.0,768.3051004350642,2.409638554216868,81,83,2,0,81,79,10913,0,0,0,0,4
2020-09-29,US,Montana,Roosevelt,384,4,0,48.29607488,-105.00792679999999,30085.0,3489.640130861505,1.0416666666666667,380,383,4,0,379,354,11059,1,0,0,1,29
2020-09-29,US,Montana,Rosebud,639,19,0,46.23397237,-106.72928799999998,30087.0,7150.05035246727,2.97339593114241,620,641,19,0,622,635,9063,-2,0,0,-2,6
2020-09-29,US,Montana,Sanders,47,1,0,47.67657534,-115.1329916,30089.0,388.0128787253364,2.127659574468085,46,46,1,0,45,46,11844,1,0,0,1,0
2020-09-29,US,Montana,Sheridan,16,0,0,48.72085833,-104.50382900000001,30091.0,483.5297673012995,0.0,16,14,0,0,14,13,3424,2,0,0,2,1
2020-09-29,US,Montana,Silver Bow,267,0,0,45.90018933,-112.6620092,30093.0,764.7143061721323,0.0,267,264,0,0,264,255,34993,3,0,0,3,9
2020-09-29,US,Montana,Stillwater,77,2,0,45.67071407,-109.3950061,30095.0,798.58950425223,2.5974025974025974,75,72,2,0,70,69,9534,5,0,0,5,3
2020-09-29,US,Montana,Sweet Grass,47,1,0,45.81367654,-109.9425686,30097.0,1257.6933369012575,2.127659574468085,46,45,1,0,44,43,3710,2,0,0,2,2
2020-09-29,US,Montana,Teton,25,0,0,47.83741052,-112.24106880000001,30099.0,406.70245648283714,0.0,25,24,0,0,24,21,6162,1,0,0,1,3
2020-09-29,US,Montana,Toole,107,6,0,48.65577551,-111.69424140000001,30101.0,2259.2905405405404,5.607476635514018,101,107,6,0,101,76,4853,0,0,0,0,31
2020-09-29,US,Montana,Treasure,3,0,0,46.20973220000001,-107.26665159999999,30103.0,431.0344827586207,0.0,3,3,0,0,3,3,679,0,0,0,0,0
2020-09-29,US,Montana,Valley,86,0,0,48.36435097,-106.6669635,30105.0,1162.7906976744189,0.0,86,86,0,0,86,83,7437,0,0,0,0,3
2020-09-29,US,Montana,Wheatland,20,1,0,46.46652491,-109.84646359999999,30107.0,940.7337723424272,5.0,19,18,1,0,17,17,2236,2,0,0,2,1
2020-09-29,US,Montana,Wibaux,9,0,0,46.95925154,-104.2510927,30109.0,928.7925696594427,0.0,9,9,0,0,9,9,1034,0,0,0,0,0
2020-09-29,US,Montana,Yellowstone,3256,67,0,45.93955949,-108.26914860000001,30111.0,2018.5988840669559,2.0577395577395583,3189,3244,64,0,3180,3206,160137,12,3,0,9,38
2020-09-29,US,Nebraska,Adams,570,12,0,40.52449420000001,-98.50117804,31001.0,1817.4281797021968,2.1052631578947367,558,558,12,0,546,548,31511,12,0,0,12,10
2020-09-29,US,Nebraska,Antelope,79,1,0,42.17695516,-98.06662829999999,31003.0,1254.3664655446173,1.2658227848101269,78,76,1,0,75,69,6336,3,0,0,3,7
2020-09-29,US,Nebraska,Arthur,1,0,0,41.56896142,-101.6959559,31005.0,215.98272138228938,0.0,1,1,0,0,1,1,465,0,0,0,0,0
2020-09-29,US,Nebraska,Banner,2,0,0,41.54634427,-103.7114332,31007.0,268.4563758389262,0.0,2,2,0,0,2,2,730,0,0,0,0,0
2020-09-29,US,Nebraska,Blaine,1,0,0,41.91311716,-99.97677845,31009.0,215.05376344086025,0.0,1,1,0,0,1,1,476,0,0,0,0,0
2020-09-29,US,Nebraska,Boone,85,0,0,41.70759415,-98.06737183,31011.0,1637.1340523882898,0.0,85,85,0,0,85,82,5239,0,0,0,0,3
2020-09-29,US,Nebraska,Box Butte,88,1,0,42.22079243,-103.08788340000001,31013.0,816.0994157470093,1.1363636363636365,87,83,1,0,82,79,10772,5,0,0,5,4
2020-09-29,US,Nebraska,Boyd,27,0,0,42.899727399999996,-98.76486568,31015.0,1406.9828035435125,0.0,27,26,0,0,26,24,1955,1,0,0,1,2
2020-09-29,US,Nebraska,Brown,35,0,0,42.43018907,-99.92904055,31017.0,1184.4331641285955,0.0,35,34,0,0,34,34,2973,1,0,0,1,0
2020-09-29,US,Nebraska,Buffalo,1097,6,0,40.85486962,-99.07500296,31019.0,2209.0658289534626,0.5469462169553327,1091,1085,5,0,1080,1069,49615,12,1,0,11,16
2020-09-29,US,Nebraska,Burt,78,0,0,41.85056773,-96.32605633,31021.0,1207.6172782164422,0.0,78,77,0,0,77,76,6488,1,0,0,1,1
2020-09-29,US,Nebraska,Butler,123,1,0,41.22703692,-97.13106306,31023.0,1534.4311377245508,0.8130081300813008,122,120,1,0,119,117,8058,3,0,0,3,3
2020-09-29,US,Nebraska,Cass,336,2,0,40.90899107,-96.13971217,31025.0,1280.0975312404755,0.5952380952380952,334,334,2,0,332,330,26159,2,0,0,2,4
2020-09-29,US,Nebraska,Cedar,89,0,0,42.598885100000004,-97.25311951,31027.0,1059.271601999524,0.0,89,87,0,0,87,84,8446,2,0,0,2,3
2020-09-29,US,Nebraska,Chase,23,0,0,40.523719799999995,-101.69780259999999,31029.0,586.1365953109073,0.0,23,23,0,0,23,23,3977,0,0,0,0,0
2020-09-29,US,Nebraska,Cherry,50,4,0,42.54502621,-101.1244332,31031.0,878.8890841975743,8.0,46,47,4,0,43,47,5761,3,0,0,3,0
2020-09-29,US,Nebraska,Cheyenne,39,0,0,41.21999357,-102.9941693,31033.0,437.7104377104377,0.0,39,39,0,0,39,37,9310,0,0,0,0,2
2020-09-29,US,Nebraska,Clay,77,0,0,40.52439441,-98.05126296,31035.0,1241.3348379816216,0.0,77,72,0,0,72,72,6214,5,0,0,5,0
2020-09-29,US,Nebraska,Colfax,789,5,0,41.57486951,-97.0868542,31037.0,7367.634699785227,0.6337135614702155,784,786,5,0,781,783,10881,3,0,0,3,3
2020-09-29,US,Nebraska,Cuming,154,0,0,41.91637624,-96.78730772,31039.0,1740.8998417363778,0.0,154,152,0,0,152,147,8940,2,0,0,2,5
2020-09-29,US,Nebraska,Custer,87,4,0,41.39374521,-99.72805369,31041.0,807.2747517862114,4.597701149425287,83,87,4,0,83,84,10840,0,0,0,0,3
2020-09-29,US,Nebraska,Dakota,2225,43,0,42.39040144,-96.56656425,31043.0,11110.556276840107,1.9325842696629212,2182,2217,43,0,2174,2215,20083,8,0,0,8,2
2020-09-29,US,Nebraska,Dawes,126,0,0,42.71985036,-103.1313774,31045.0,1466.9926650366751,0.0,126,124,0,0,124,123,8716,2,0,0,2,1
2020-09-29,US,Nebraska,Dawson,1090,13,0,40.87028216,-99.82014609999999,31047.0,4619.6228014409835,1.1926605504587156,1077,1086,12,0,1074,1083,23709,4,1,0,3,3
2020-09-29,US,Nebraska,Deuel,4,0,0,41.11168186,-102.33333309999999,31049.0,222.9654403567447,0.0,4,4,0,0,4,4,1825,0,0,0,0,0
2020-09-29,US,Nebraska,Dixon,92,2,0,42.49188363,-96.86782408,31051.0,1632.3633782824695,2.1739130434782608,90,91,2,0,89,90,5709,1,0,0,1,1
2020-09-29,US,Nebraska,Dodge,1214,12,0,41.58071748,-96.65598179,31053.0,3320.114863940927,0.9884678747940692,1202,1194,12,0,1182,1185,36791,20,0,0,20,9
2020-09-29,US,Nebraska,Douglas,16283,193,0,41.29518299,-96.15085305,31055.0,2850.031593115676,1.1852852668427194,16090,16150,192,0,15958,16013,566880,133,1,0,132,137
2020-09-29,US,Nebraska,Dundy,12,1,0,40.17638677,-101.6876522,31057.0,708.8009450679268,8.333333333333334,11,11,1,0,10,11,1770,1,0,0,1,0
2020-09-29,US,Nebraska,Fillmore,56,1,0,40.52458567,-97.59646937,31059.0,1025.2654705236178,1.7857142857142858,55,55,1,0,54,55,5527,1,0,0,1,0
2020-09-29,US,Nebraska,Franklin,31,0,0,40.17636348,-98.95299073,31061.0,1040.6176569318563,0.0,31,28,0,0,28,28,3023,3,0,0,3,0
2020-09-29,US,Nebraska,Frontier,8,0,0,40.52993007,-100.3924658,31063.0,304.52988199467075,0.0,8,8,0,0,8,8,2608,0,0,0,0,0
2020-09-29,US,Nebraska,Furnas,40,2,0,40.17642064,-99.91247454,31065.0,855.4319931565442,5.0,38,39,2,0,37,39,4715,1,0,0,1,0
2020-09-29,US,Nebraska,Gage,260,5,0,40.26186809,-96.68946704,31067.0,1208.5715613814905,1.9230769230769231,255,255,5,0,250,249,21493,5,0,0,5,6
2020-09-29,US,Nebraska,Garden,10,0,0,41.61703149,-102.3313973,31069.0,544.3658138268917,0.0,10,10,0,0,10,10,1897,0,0,0,0,0
2020-09-29,US,Nebraska,Garfield,12,0,0,41.91428955,-98.99111827,31071.0,609.4464195022854,0.0,12,12,0,0,12,11,1987,0,0,0,0,1
2020-09-29,US,Nebraska,Gosper,38,0,0,40.51481965,-99.83020279,31073.0,1909.5477386934674,0.0,38,35,0,0,35,35,1996,3,0,0,3,0
2020-09-29,US,Nebraska,Grant,1,0,0,41.91528587,-101.740701,31075.0,160.5136436597111,0.0,1,1,0,0,1,1,660,0,0,0,0,0
2020-09-29,US,Nebraska,Greeley,31,0,0,41.56742671,-98.52150266,31077.0,1315.7894736842104,0.0,31,28,0,0,28,27,2356,3,0,0,3,1
2020-09-29,US,Nebraska,Hall,2033,47,0,40.87257079,-98.50218293,31079.0,3313.6113963457374,2.311854402361043,1986,2018,47,0,1971,2015,61607,15,0,0,15,3
2020-09-29,US,Nebraska,Hamilton,132,12,0,40.87349452,-98.02099117,31081.0,1415.7014157014155,9.090909090909092,120,131,12,0,119,130,9280,1,0,0,1,1
2020-09-29,US,Nebraska,Harlan,23,0,0,40.17658508,-99.40438879,31083.0,680.4733727810651,0.0,23,23,0,0,23,23,3401,0,0,0,0,0
2020-09-29,US,Nebraska,Hitchcock,5,0,0,40.17609175,-101.04164770000001,31087.0,181.02824040550323,0.0,5,4,0,0,4,4,2806,1,0,0,1,0
2020-09-29,US,Nebraska,Holt,88,1,0,42.45522056,-98.78402558,31089.0,874.1432402900566,1.1363636363636365,87,84,1,0,83,74,10178,4,0,0,4,10
2020-09-29,US,Nebraska,Hooker,11,1,0,41.91586243,-101.1354293,31091.0,1612.9032258064515,9.090909090909092,10,11,0,0,11,7,682,0,1,0,-1,4
2020-09-29,US,Nebraska,Howard,98,5,0,41.2200529,-98.5166499,31093.0,1520.5585725368505,5.1020408163265305,93,98,5,0,93,95,6468,0,0,0,0,3
2020-09-29,US,Nebraska,Jefferson,32,0,0,40.17584531,-97.142601,31095.0,454.1583877377236,0.0,32,31,0,0,31,31,7097,1,0,0,1,0
2020-09-29,US,Nebraska,Johnson,61,0,0,40.39257596,-96.26522753,31097.0,1202.9185564977322,0.0,61,58,0,0,58,53,5134,3,0,0,3,5
2020-09-29,US,Nebraska,Kearney,149,0,0,40.50663314,-98.94877182,31099.0,2294.072363356428,0.0,149,145,0,0,145,141,6544,4,0,0,4,4
2020-09-29,US,Nebraska,Keith,65,0,0,41.19930341,-101.66201640000001,31101.0,809.0614886731391,0.0,65,65,0,0,65,64,8021,0,0,0,0,1
2020-09-29,US,Nebraska,Keya Paha,5,0,0,42.87990694,-99.71343729,31103.0,620.3473945409428,0.0,5,5,0,0,5,5,810,0,0,0,0,0
2020-09-29,US,Nebraska,Kimball,15,0,0,41.19774275,-103.7148131,31105.0,412.9955947136564,0.0,15,15,0,0,15,15,3618,0,0,0,0,0
2020-09-29,US,Nebraska,Knox,176,0,0,42.63758421,-97.89178836,31107.0,2112.3379740758523,0.0,176,172,0,0,172,163,8419,4,0,0,4,9
2020-09-29,US,Nebraska,Lancaster,6388,24,0,40.78416049,-96.68777155,31109.0,2001.943025478705,0.3757044458359424,6364,6313,24,0,6289,6253,317272,75,0,0,75,60
2020-09-29,US,Nebraska,Lincoln,431,4,0,41.04658298,-100.74753740000001,31111.0,1234.4618204731626,0.9280742459396752,427,428,2,0,426,372,35185,3,2,0,1,56
2020-09-29,US,Nebraska,Logan,6,0,0,41.56650314,-100.4817851,31113.0,802.1390374331551,0.0,6,6,0,0,6,6,749,0,0,0,0,0
2020-09-29,US,Nebraska,Loup,3,0,0,41.91371961,-99.45440415,31115.0,451.8072289156627,0.0,3,3,0,0,3,3,618,0,0,0,0,0
2020-09-29,US,Nebraska,Madison,839,5,0,41.91676024,-97.6005481,31119.0,2390.3814923502096,0.5959475566150179,834,833,5,0,828,827,35392,6,0,0,6,6
2020-09-29,US,Nebraska,McPherson,6,0,0,41.56797682,-101.05993620000001,31117.0,1214.5748987854256,0.0,6,6,0,0,6,6,492,0,0,0,0,0
2020-09-29,US,Nebraska,Merrick,81,1,0,41.16624273,-98.0374887,31121.0,1044.4874274661508,1.2345679012345678,80,80,1,0,79,80,7733,1,0,0,1,0
2020-09-29,US,Nebraska,Morrill,78,0,0,41.71711774,-103.0061405,31123.0,1680.3102111158985,0.0,78,78,0,0,78,78,4686,0,0,0,0,0
2020-09-29,US,Nebraska,Nance,49,0,0,41.39750195,-97.99327291,31125.0,1392.4410343847683,0.0,49,49,0,0,49,49,3532,0,0,0,0,0
2020-09-29,US,Nebraska,Nemaha,128,0,0,40.38514847,-95.85433992,31127.0,1835.915088927137,0.0,128,122,0,0,122,122,6958,6,0,0,6,0
2020-09-29,US,Nebraska,Nuckolls,16,0,0,40.17637905,-98.04743961,31129.0,385.7280617164899,0.0,16,16,0,0,16,16,4195,0,0,0,0,0
2020-09-29,US,Nebraska,Otoe,163,1,0,40.64843556,-96.13374142,31131.0,1017.986510117412,0.6134969325153374,162,155,1,0,154,152,15985,8,0,0,8,3
2020-09-29,US,Nebraska,Pawnee,19,0,0,40.13141096,-96.23705437,31133.0,727.1335629544585,0.0,19,20,0,0,20,19,2632,-1,0,0,-1,1
2020-09-29,US,Nebraska,Perkins,32,10,0,40.85082525,-101.6502942,31135.0,1106.8834313386371,31.25,22,32,10,0,22,33,2929,0,0,0,0,-1
2020-09-29,US,Nebraska,Phelps,108,0,0,40.51156033,-99.41461667,31137.0,1195.483728138145,0.0,108,107,0,0,107,107,8996,1,0,0,1,0
2020-09-29,US,Nebraska,Pierce,110,8,0,42.26434853,-97.60122773,31139.0,1538.8919977616117,7.272727272727272,102,108,8,0,100,106,7142,2,0,0,2,2
2020-09-29,US,Nebraska,Platte,1131,4,0,41.57246836,-97.52144359,31141.0,3379.1455034359133,0.3536693191865606,1127,1111,4,0,1107,1107,33363,20,0,0,20,4
2020-09-29,US,Nebraska,Polk,61,1,0,41.18813488,-97.56630712,31143.0,1170.151544216382,1.639344262295082,60,60,1,0,59,59,5278,1,0,0,1,1
2020-09-29,US,Nebraska,Red Willow,40,0,0,40.17556879999999,-100.476998,31145.0,372.9951510630362,0.0,40,39,0,0,39,33,10726,1,0,0,1,6
2020-09-29,US,Nebraska,Richardson,56,1,0,40.1247415,-95.71755036,31147.0,712.0152574698027,1.7857142857142858,55,55,1,0,54,55,7937,1,0,0,1,0
2020-09-29,US,Nebraska,Rock,42,1,0,42.42252217,-99.44832069,31149.0,3095.062638172439,2.380952380952381,41,42,1,0,41,42,1360,0,0,0,0,0
2020-09-29,US,Nebraska,Saline,743,2,0,40.52418865,-97.14085859,31151.0,5223.565804274464,0.2691790040376851,741,739,2,0,737,737,14350,4,0,0,4,2
2020-09-29,US,Nebraska,Sarpy,3729,16,0,41.11314181,-96.11156432,31153.0,1992.029744225304,0.4290694556181282,3713,3687,16,0,3671,3640,184459,42,0,0,42,47
2020-09-29,US,Nebraska,Saunders,480,3,0,41.227810299999994,-96.63773905,31155.0,2224.48790434702,0.625,477,474,3,0,471,469,21303,6,0,0,6,5
2020-09-29,US,Nebraska,Scotts Bluff,423,8,0,41.85070896,-103.70809859999999,31157.0,1187.6017743837385,1.8912529550827424,415,419,8,0,411,414,35989,4,0,0,4,5
2020-09-29,US,Nebraska,Seward,238,3,0,40.87241834,-97.139673,31159.0,1376.9960657255265,1.2605042016806722,235,233,3,0,230,233,17318,5,0,0,5,0
2020-09-29,US,Nebraska,Sheridan,49,0,0,42.50284406,-102.4126613,31161.0,934.0449866565002,0.0,49,49,0,0,49,48,5190,0,0,0,0,1
2020-09-29,US,Nebraska,Sherman,26,2,0,41.22045983,-98.97588642,31163.0,866.3778740419859,7.6923076923076925,24,24,2,0,22,24,3038,2,0,0,2,0
2020-09-29,US,Nebraska,Sioux,7,0,0,42.48932059,-103.7576544,31165.0,600.3430531732419,0.0,7,7,0,0,7,7,1187,0,0,0,0,0
2020-09-29,US,Nebraska,Stanton,39,0,0,41.9169835,-97.19394708,31167.0,658.7837837837837,0.0,39,39,0,0,39,39,5970,0,0,0,0,0
2020-09-29,US,Nebraska,Thayer,31,0,0,40.17626377,-97.59504381,31169.0,619.6282230661603,0.0,31,31,0,0,31,31,5039,0,0,0,0,0
2020-09-29,US,Nebraska,Thomas,5,0,0,41.91358968,-100.5556632,31171.0,692.5207756232687,0.0,5,4,0,0,4,4,720,1,0,0,1,0
2020-09-29,US,Nebraska,Thurston,262,4,0,42.15725356,-96.54157099,31173.0,3626.799557032115,1.5267175572519085,258,260,4,0,256,257,7303,2,0,0,2,3
2020-09-29,US,Nebraska,Unassigned,299,0,0,0.0,0.0,90031.0,0.0,0.0,299,302,0,0,302,273,,-3,0,0,-3,29
2020-09-29,US,Nebraska,Valley,42,0,0,41.56730777,-98.98197724,31175.0,1010.1010101010099,0.0,42,42,0,0,42,40,4190,0,0,0,0,2
2020-09-29,US,Nebraska,Washington,273,4,0,41.52815707,-96.22019892,31177.0,1316.995513531767,1.465201465201465,269,274,4,0,270,268,20667,-1,0,0,-1,6
2020-09-29,US,Nebraska,Wayne,162,0,0,42.20934475,-97.11926964,31179.0,1726.1587639850825,0.0,162,161,0,0,161,154,9403,1,0,0,1,7
2020-09-29,US,Nebraska,Webster,18,0,0,40.17642643,-98.50019851,31181.0,516.2030398623458,0.0,18,17,0,0,17,16,3533,1,0,0,1,1
2020-09-29,US,Nebraska,Wheeler,1,0,0,41.91482725,-98.52798941,31183.0,127.7139208173691,0.0,1,1,0,0,1,1,805,0,0,0,0,0
2020-09-29,US,Nebraska,York,174,2,0,40.87272618,-97.59710186,31185.0,1272.0228086848454,1.1494252873563218,172,169,2,0,167,167,13772,5,0,0,5,2
2020-09-29,US,Nevada,Carson City,543,8,0,39.15509045,-119.7480219,32510.0,971.0995064024607,1.4732965009208103,535,540,8,0,532,539,55414,3,0,0,3,1
2020-09-29,US,Nevada,Churchill,150,3,0,39.58105744,-118.3394607,32001.0,602.1919788028423,2.0,147,149,3,0,146,148,24440,1,0,0,1,1
2020-09-29,US,Nevada,Clark,66899,1385,0,36.21458855,-115.0130241,32003.0,2951.3635371010473,2.0702850565778257,65514,66620,1379,0,65241,66262,2231647,279,6,0,273,358
2020-09-29,US,Nevada,Douglas,306,1,0,38.912862,-119.61713329999999,32005.0,625.7028933646867,0.32679738562091504,305,304,1,0,303,300,48467,2,0,0,2,4
2020-09-29,US,Nevada,Elko,968,10,0,41.14531606,-115.3577619,32007.0,1834.0975406419336,1.033057851239669,958,961,10,0,951,952,52460,7,0,0,7,9
2020-09-29,US,Nevada,Eureka,10,0,0,39.98100864,-116.26832040000001,32011.0,492.8536224741252,0.0,10,10,0,0,10,10,2003,0,0,0,0,0
2020-09-29,US,Nevada,Humboldt,127,4,0,41.40692186,-118.11094270000001,32013.0,754.5600380250728,3.1496062992125986,123,126,4,0,122,126,16786,1,0,0,1,0
2020-09-29,US,Nevada,Lander,73,1,0,39.933223299999995,-117.03970749999999,32015.0,1319.595083152567,1.3698630136986298,72,73,1,0,72,71,5575,0,0,0,0,2
2020-09-29,US,Nevada,Lincoln,7,0,0,37.64268459,-114.8790388,32017.0,135.05691684352692,0.0,7,7,0,0,7,7,5201,0,0,0,0,0
2020-09-29,US,Nevada,Lyon,438,7,0,39.01777974,-119.18704790000001,32019.0,761.6066770996347,1.5981735159817352,431,436,7,0,429,435,55808,2,0,0,2,1
2020-09-29,US,Nevada,Mineral,13,0,0,38.53841696,-118.4344506,32021.0,288.56825749167587,0.0,13,13,0,0,13,13,4514,0,0,0,0,0
2020-09-29,US,Nevada,Nye,510,15,0,38.04264256,-116.47227020000001,32023.0,1096.2319712830213,2.9411764705882355,495,508,15,0,493,505,45346,2,0,0,2,3
2020-09-29,US,Nevada,Pershing,22,0,0,40.44003782,-118.40056409999998,32027.0,327.13754646840147,0.0,22,22,0,0,22,21,6666,0,0,0,0,1
2020-09-29,US,Nevada,Storey,10,0,0,39.44875482,-119.5250207,32029.0,242.5418384671356,0.0,10,10,0,0,10,10,4029,0,0,0,0,0
2020-09-29,US,Nevada,Washoe,9455,158,0,40.66562265,-119.6631594,32031.0,2005.2214226786193,1.6710735060814383,9297,9349,156,0,9193,9268,465735,106,2,0,104,81
2020-09-29,US,Nevada,White Pine,64,1,0,39.44157041,-114.89996599999999,32033.0,668.0584551148228,1.5625,63,63,1,0,62,61,9475,1,0,0,1,2
2020-09-29,US,New Hampshire,Belknap,148,4,0,43.51637314,-71.41684235,33001.0,241.42374761430926,2.702702702702702,144,148,4,0,144,147,61022,0,0,0,0,1
2020-09-29,US,New Hampshire,Carroll,123,2,0,43.87498583,-71.20430216,33003.0,251.4823144551216,1.6260162601626016,121,124,2,0,122,123,48779,-1,0,0,-1,1
2020-09-29,US,New Hampshire,Cheshire,151,3,0,42.92015988,-72.25311043,33005.0,198.46224617204442,1.9867549668874167,148,151,3,0,148,148,76493,0,0,0,0,3
2020-09-29,US,New Hampshire,Coos,22,0,0,44.69063265,-71.30633239,33007.0,69.70186610905174,0.0,22,22,0,0,22,22,31589,0,0,0,0,0
2020-09-29,US,New Hampshire,Grafton,142,1,0,43.93779815,-71.82057197,33009.0,157.9778830963665,0.7042253521126759,141,142,1,0,141,141,89786,0,0,0,0,1
2020-09-29,US,New Hampshire,Hillsborough,4408,289,0,42.91537785,-71.7200253,33011.0,1057.0109705653138,6.556261343012705,4119,4400,289,0,4111,4381,415247,8,0,0,8,19
2020-09-29,US,New Hampshire,Merrimack,588,23,0,43.29662971,-71.6811573,33013.0,388.39825352894167,3.91156462585034,565,587,23,0,564,583,151132,1,0,0,1,4
2020-09-29,US,New Hampshire,Rockingham,2033,103,0,42.98499744,-71.12883377,33015.0,656.2954976127372,5.066404328578456,1930,2020,103,0,1917,2017,309176,13,0,0,13,3
2020-09-29,US,New Hampshire,Strafford,557,13,0,43.291833000000004,-71.02336013,33017.0,426.38536969984597,2.3339317773788157,544,552,13,0,539,551,130090,5,0,0,5,1
2020-09-29,US,New Hampshire,Sullivan,58,1,0,43.36094111,-72.22203125,33019.0,134.42729337597925,1.7241379310344829,57,57,1,0,56,55,43144,1,0,0,1,2
2020-09-29,US,New Hampshire,Unassigned,3,0,0,0.0,0.0,90033.0,0.0,0.0,3,5,0,0,5,4,,-2,0,0,-2,1
2020-09-29,US,New Jersey,Atlantic,4114,256,0,39.47538693,-74.65848483,34001.0,1560.2836879432625,6.222654350996598,3858,4096,256,0,3840,4084,265429,18,0,0,18,12
2020-09-29,US,New Jersey,Bergen,22473,2047,0,40.96010917,-74.07164325,34003.0,2410.7435941995404,9.108708227650961,20426,22439,2045,0,20394,22406,936692,34,2,0,32,33
2020-09-29,US,New Jersey,Burlington,7169,497,0,39.87681124,-74.66927768,34005.0,1609.7487588385736,6.932626586692705,6672,7145,496,0,6649,7127,445384,24,1,0,23,18
2020-09-29,US,New Jersey,Camden,9927,611,0,39.80343818,-74.96388753,34007.0,1960.0332496826081,6.1549309962727925,9316,9907,610,0,9297,9888,507078,20,1,0,19,19
2020-09-29,US,New Jersey,Cape May,1026,96,0,39.15008829,-74.80170244,34009.0,1114.744836428036,9.35672514619883,930,1023,96,0,927,1023,92560,3,0,0,3,0
2020-09-29,US,New Jersey,Cumberland,3794,160,0,39.37199394,-75.10712559,34011.0,2537.3343944571884,4.217185028993147,3634,3790,159,0,3631,3784,150972,4,1,0,3,6
2020-09-29,US,New Jersey,Essex,21091,2129,0,40.78681335,-74.24657979,34013.0,2639.757188898276,10.094353041581716,18962,21070,2129,0,18941,21054,799767,21,0,0,21,16
2020-09-29,US,New Jersey,Gloucester,4560,228,0,39.71581067,-75.13995546,34015.0,1563.5929720610627,5.0,4332,4523,227,0,4296,4511,291408,37,1,0,36,12
2020-09-29,US,New Jersey,Hudson,20692,1515,0,40.73766234,-74.07515667,34017.0,3077.376110031217,7.321670210709453,19177,20661,1516,0,19145,20643,676061,31,-1,0,32,18
2020-09-29,US,New Jersey,Hunterdon,1330,125,0,40.56335249,-74.91284156,34019.0,1069.381125825152,9.398496240601505,1205,1324,125,0,1199,1321,124714,6,0,0,6,3
2020-09-29,US,New Jersey,Mercer,8653,637,0,40.28047017,-74.70479631,34021.0,2355.0063957760667,7.361608690627527,8016,8643,636,0,8007,8637,369811,10,1,0,9,6
2020-09-29,US,New Jersey,Middlesex,19539,1428,0,40.43629879,-74.41426991,34023.0,2368.185663622855,7.308460003070781,18111,19503,1425,0,18078,19444,829685,36,3,0,33,59
2020-09-29,US,New Jersey,Monmouth,11892,868,0,40.26549699,-74.22240686,34025.0,1921.799626693816,7.299024554322234,11024,11856,867,0,10989,11827,621354,36,1,0,35,29
2020-09-29,US,New Jersey,Morris,7887,831,0,40.86095313,-74.54553709999998,34027.0,1603.5539651719546,10.536325599087103,7056,7871,831,0,7040,7860,494228,16,0,0,16,11
2020-09-29,US,New Jersey,Ocean,13481,1048,0,39.8895449,-74.28089251,34029.0,2220.2422321990302,7.773904013055412,12433,13402,1048,0,12354,13158,601651,79,0,0,79,244
2020-09-29,US,New Jersey,Passaic,19065,1255,0,41.03238628,-74.29954144,34031.0,3799.1255933331463,6.582743246787307,17810,19023,1255,0,17768,19004,503310,42,0,0,42,19
2020-09-29,US,New Jersey,Salem,1072,89,0,39.58719656,-75.34696629999998,34033.0,1718.3617856856615,8.302238805970148,983,1068,89,0,979,1064,62607,4,0,0,4,4
2020-09-29,US,New Jersey,Somerset,5819,573,0,40.56465737,-74.61683016,34035.0,1769.0478941064166,9.847052758205878,5246,5808,573,0,5235,5798,331164,11,0,0,11,10
2020-09-29,US,New Jersey,Sussex,1506,198,0,41.13891592,-74.69118243,34037.0,1071.9776778087808,13.147410358565738,1308,1502,198,0,1304,1497,140799,4,0,0,4,5
2020-09-29,US,New Jersey,Unassigned,339,0,0,0.0,0.0,90034.0,0.0,0.0,339,339,0,0,339,336,,0,0,0,0,3
2020-09-29,US,New Jersey,Union,17689,1355,0,40.65835409,-74.30680092,34039.0,3179.524787854931,7.660127763016564,16334,17671,1355,0,16316,17641,558067,18,0,0,18,30
2020-09-29,US,New Jersey,Warren,1445,171,0,40.85951833,-74.99556527,34041.0,1372.6998964537795,11.833910034602075,1274,1443,171,0,1272,1441,105779,2,0,0,2,2
2020-09-29,US,New Mexico,Bernalillo,6547,177,0,35.05163625,-106.6703554,35001.0,964.0402814815033,2.7035283335879035,6370,6499,177,0,6322,6452,678701,48,0,0,48,47
2020-09-29,US,New Mexico,Catron,9,1,0,33.91514144,-108.4046587,35003.0,255.17436915225403,11.111111111111109,8,9,1,0,8,9,3578,0,0,0,0,0
2020-09-29,US,New Mexico,Chaves,1192,12,0,33.36406072,-104.4665365,35005.0,1844.7728855528894,1.0067114093959733,1180,1164,12,0,1152,1159,64689,28,0,0,28,5
2020-09-29,US,New Mexico,Cibola,423,21,0,34.91131525,-107.998876,35006.0,1585.754451733833,4.964539007092198,402,420,21,0,399,422,26746,3,0,0,3,-2
2020-09-29,US,New Mexico,Colfax,36,1,0,36.60569702,-104.64726740000002,35007.0,301.48228791558495,2.7777777777777777,35,36,1,0,35,36,12110,0,0,0,0,0
2020-09-29,US,New Mexico,Curry,818,6,0,34.57421077,-103.34688759999999,35009.0,1670.9564080565424,0.7334963325183375,812,801,6,0,795,790,49437,17,0,0,17,11
2020-09-29,US,New Mexico,De Baca,1,0,0,34.34274529,-104.4117842,35011.0,57.20823798627003,0.0,1,1,0,0,1,1,1781,0,0,0,0,0
2020-09-29,US,New Mexico,Dona Ana,3387,55,0,32.35275771,-106.83293870000001,35013.0,1552.2812163431793,1.6238559196929436,3332,3362,55,0,3307,3343,217522,25,0,0,25,19
2020-09-29,US,New Mexico,Eddy,839,11,0,32.47167456,-104.3053527,35015.0,1435.1693465617514,1.3110846245530394,828,826,9,0,817,824,57900,13,2,0,11,2
2020-09-29,US,New Mexico,Grant,124,2,0,32.73911281,-108.3827845,35017.0,459.29328098377664,1.6129032258064515,122,124,2,0,122,120,27346,0,0,0,0,4
2020-09-29,US,New Mexico,Guadalupe,34,1,0,34.86319296,-104.790669,35019.0,790.6976744186046,2.9411764705882355,33,34,1,0,33,34,4341,0,0,0,0,0
2020-09-29,US,New Mexico,Harding,2,0,0,35.85751555,-103.82209379999999,35021.0,320.0,0.0,2,2,0,0,2,2,655,0,0,0,0,0
2020-09-29,US,New Mexico,Hidalgo,99,2,0,31.91383467,-108.7151824,35023.0,2358.265840876608,2.0202020202020203,97,99,2,0,97,99,4240,0,0,0,0,0
2020-09-29,US,New Mexico,Lea,1419,22,0,32.79215361,-103.4123733,35025.0,1996.6230476994515,1.5503875968992251,1397,1414,22,0,1392,1412,69611,5,0,0,5,2
2020-09-29,US,New Mexico,Lincoln,212,3,0,33.74526079,-105.4586166,35027.0,1083.1800531371348,1.4150943396226414,209,211,3,0,208,211,19556,1,0,0,1,0
2020-09-29,US,New Mexico,Los Alamos,33,0,0,35.86631386,-106.31349850000001,35028.0,170.37534204140638,0.0,33,33,0,0,33,33,19101,0,0,0,0,0
2020-09-29,US,New Mexico,Luna,422,7,0,32.18179341,-107.75088259999998,35029.0,1779.914800286811,1.6587677725118484,415,422,7,0,415,419,23963,0,0,0,0,3
2020-09-29,US,New Mexico,McKinley,4338,257,0,35.58007720000001,-108.262245,35031.0,6078.4396149480835,5.9243891194098675,4081,4335,257,0,4078,4322,72290,3,0,0,3,13
2020-09-29,US,New Mexico,Mora,7,0,0,36.01095101,-104.9497716,35033.0,154.83300154833,0.0,7,7,0,0,7,7,4506,0,0,0,0,0
2020-09-29,US,New Mexico,Otero,268,13,0,32.61348406,-105.7417604,35035.0,397.0958660542303,4.8507462686567155,255,264,13,0,251,263,66781,4,0,0,4,1
2020-09-29,US,New Mexico,Quay,74,2,0,35.10403332,-103.54817270000001,35037.0,896.6436447352478,2.702702702702702,72,74,2,0,72,74,8253,0,0,0,0,0
2020-09-29,US,New Mexico,Rio Arriba,400,13,0,36.51072137,-106.69316740000001,35039.0,1027.7228231545953,3.25,387,399,13,0,386,397,39006,1,0,0,1,2
2020-09-29,US,New Mexico,Roosevelt,282,4,0,34.02097406,-103.4799493,35041.0,1524.3243243243246,1.4184397163120568,278,282,4,0,278,282,18743,0,0,0,0,0
2020-09-29,US,New Mexico,San Juan,3341,199,0,36.50838318,-108.32043700000001,35045.0,2695.2677519805097,5.956300508829693,3142,3336,199,0,3137,3327,125043,5,0,0,5,9
2020-09-29,US,New Mexico,San Miguel,100,0,0,35.48014807,-104.8163562,35047.0,366.6092312204422,0.0,100,100,0,0,100,100,27591,0,0,0,0,0
2020-09-29,US,New Mexico,Sandoval,1367,42,0,35.68862401,-106.86878030000001,35043.0,931.5288794395835,3.0724213606437454,1325,1357,42,0,1315,1351,145179,10,0,0,10,6
2020-09-29,US,New Mexico,Santa Fe,1021,6,0,35.50708973,-105.9774716,35049.0,679.0460101890155,0.5876591576885406,1015,1014,6,0,1008,1004,150056,7,0,0,7,10
2020-09-29,US,New Mexico,Sierra,46,1,0,33.13028233,-107.1925893,35051.0,426.28116022611437,2.1739130434782608,45,46,1,0,45,46,10968,0,0,0,0,0
2020-09-29,US,New Mexico,Socorro,106,6,0,34.00715494,-106.9298354,35053.0,637.1340986956783,5.660377358490566,100,105,6,0,99,103,16735,1,0,0,1,2
2020-09-29,US,New Mexico,Taos,145,4,0,36.58006022,-105.63101979999999,35055.0,443.11340647251166,2.7586206896551726,141,144,4,0,140,143,32835,1,0,0,1,1
2020-09-29,US,New Mexico,Torrance,74,1,0,34.64048375,-105.8508949,35057.0,478.62363365888365,1.351351351351351,73,74,1,0,73,72,15591,0,0,0,0,2
2020-09-29,US,New Mexico,Unassigned,1379,0,0,0.0,0.0,90035.0,0.0,0.0,1379,1379,0,0,1379,1378,,0,0,0,0,1
2020-09-29,US,New Mexico,Union,31,2,0,36.48126404,-103.4709624,35059.0,763.7349100763735,6.451612903225807,29,31,2,0,29,31,4118,0,0,0,0,0
2020-09-29,US,New Mexico,Valencia,581,4,0,34.71669834,-106.8103733,35061.0,757.6152722720634,0.6884681583476764,577,581,4,0,577,578,76456,0,0,0,0,3
2020-09-29,US,New York,Albany,3116,134,0,42.60060306,-73.97723916,36001.0,1019.9472350788527,4.300385109114249,2982,3104,134,0,2970,3095,307117,12,0,0,12,9
2020-09-29,US,New York,Allegany,108,1,0,42.25748406,-78.02750466,36003.0,234.3190644594389,0.925925925925926,107,106,1,0,105,106,46430,2,0,0,2,0
2020-09-29,US,New York,Bronx,53025,4950,0,40.85209301,-73.86282755,36005.0,3738.8759186775983,9.335219236209337,48075,52956,4950,0,48006,52920,1432132,69,0,0,69,36
2020-09-29,US,New York,Broome,1642,82,0,42.15903158,-75.81326086,36007.0,861.9965562135147,4.993909866017052,1560,1606,82,0,1524,1572,191659,36,0,0,36,34
2020-09-29,US,New York,Cattaraugus,271,6,0,42.24778241,-78.67923096,36009.0,356.03084724831507,2.2140221402214024,265,260,6,0,254,260,76840,11,0,0,11,0
2020-09-29,US,New York,Cayuga,219,2,0,42.91261714,-76.55731592,36011.0,285.99038863351444,0.9132420091324199,217,218,2,0,216,215,77145,1,0,0,1,3
2020-09-29,US,New York,Chautauqua,585,9,0,42.22769210000001,-79.36691763,36013.0,460.9820098815631,1.5384615384615383,576,578,9,0,569,573,127939,7,0,0,7,5
2020-09-29,US,New York,Chemung,492,3,0,42.13891056,-76.7638805,36015.0,589.532208588957,0.6097560975609756,489,470,3,0,467,461,84254,22,0,0,22,9
2020-09-29,US,New York,Chenango,251,7,0,42.49430041,-75.60887553,36017.0,531.7008070836952,2.7888446215139444,244,251,7,0,244,249,47536,0,0,0,0,2
2020-09-29,US,New York,Clinton,162,5,0,44.74530905,-73.67875352,36019.0,201.2797415667516,3.08641975308642,157,161,5,0,156,160,80695,1,0,0,1,1
2020-09-29,US,New York,Columbia,592,37,0,42.24819348,-73.63089095,36021.0,995.6105682716403,6.25,555,591,37,0,554,591,59916,1,0,0,1,0
2020-09-29,US,New York,Cortland,181,0,0,42.59509207,-76.07048931,36023.0,380.40394275025744,0.0,181,171,0,0,171,171,47823,10,0,0,10,0
2020-09-29,US,New York,Delaware,136,4,0,42.19837623,-74.96709306,36025.0,308.14546278463797,2.9411764705882355,132,135,4,0,131,134,44527,1,0,0,1,1
2020-09-29,US,New York,Dutchess,5130,156,0,41.76486060000001,-73.74356679,36027.0,1743.60508194604,3.04093567251462,4974,5124,156,0,4968,5120,293718,6,0,0,6,4
2020-09-29,US,New York,Erie,11445,693,0,42.76249024,-78.73063652,36029.0,1245.7793713304206,6.055045871559633,10752,11359,693,0,10666,11342,919719,86,0,0,86,17
2020-09-29,US,New York,Essex,168,0,0,44.11630765,-73.77297842,36031.0,455.4697031313542,0.0,168,168,0,0,168,167,37300,0,0,0,0,1
2020-09-29,US,New York,Franklin,66,0,0,44.59040891,-74.29926032,36033.0,131.94194554396066,0.0,66,66,0,0,66,66,50293,0,0,0,0,0
2020-09-29,US,New York,Fulton,339,24,0,43.11363907,-74.41798804,36035.0,635.0336249367776,7.079646017699115,315,337,24,0,313,335,53591,2,0,0,2,2
2020-09-29,US,New York,Genesee,327,5,0,43.0022601,-78.19135193,36037.0,570.8798882681564,1.529051987767584,322,321,5,0,316,321,57511,6,0,0,6,0
2020-09-29,US,New York,Greene,323,18,0,42.275797,-74.12384884,36039.0,684.4960583199119,5.572755417956658,305,323,18,0,305,323,47491,0,0,0,0,0
2020-09-29,US,New York,Hamilton,15,0,0,43.66146647,-74.49721957,36041.0,339.67391304347825,0.0,15,15,0,0,15,15,4434,0,0,0,0,0
2020-09-29,US,New York,Herkimer,337,10,0,43.42034246,-74.96145307,36043.0,549.5849573541643,2.967359050445104,327,335,10,0,325,334,61833,2,0,0,2,1
2020-09-29,US,New York,Jefferson,170,0,0,44.04200959,-75.94653457,36045.0,154.77903017280624,0.0,170,170,0,0,170,170,111755,0,0,0,0,0
2020-09-29,US,New York,Kings,68658,7329,0,40.636182500000004,-73.94935552,36047.0,2682.054749730752,10.674648256576072,61329,68462,7327,0,61135,68279,2582830,196,2,0,194,183
2020-09-29,US,New York,Lewis,50,0,0,43.784415700000004,-75.44903992,36049.0,190.14298752661998,0.0,50,50,0,0,50,50,26447,0,0,0,0,0
2020-09-29,US,New York,Livingston,207,8,0,42.72596275,-77.77966158,36051.0,329.0205677591633,3.864734299516908,199,207,8,0,199,207,63227,0,0,0,0,0
2020-09-29,US,New York,Madison,497,17,0,42.91653905,-75.67266639,36053.0,700.5821739191722,3.420523138832998,480,493,17,0,476,493,70795,4,0,0,4,0
2020-09-29,US,New York,Monroe,6074,289,0,43.14638895,-77.69322942,36055.0,818.8522048613452,4.757984853473823,5785,6045,289,0,5756,6026,742474,29,0,0,29,19
2020-09-29,US,New York,Montgomery,234,4,0,42.90123494,-74.44011632,36057.0,475.4068385445237,1.709401709401709,230,232,4,0,228,232,49455,2,0,0,2,0
2020-09-29,US,New York,Nassau,46791,2201,0,40.74066522,-73.58941873,36059.0,3448.3139807387893,4.7038960483853725,44590,46711,2201,0,44510,46643,1358343,80,0,0,80,68
2020-09-29,US,New York,New York,33497,3178,0,40.76727260000001,-73.97152637,36061.0,2056.6633879902206,9.487416783592561,30319,33418,3178,0,30240,33371,,79,0,0,79,47
2020-09-29,US,New York,Niagara,1783,101,0,43.19898042,-78.74777412,36063.0,851.9645835025635,5.664610207515423,1682,1780,101,0,1679,1777,210433,3,0,0,3,3
2020-09-29,US,New York,Oneida,2432,123,0,43.24375382,-75.43710392,36065.0,1063.536696826445,5.057565789473684,2309,2420,123,0,2297,2412,229577,12,0,0,12,8
2020-09-29,US,New York,Onondaga,4409,205,0,43.00491923,-76.19971155,36067.0,957.3793558697844,4.649580403719664,4204,4379,205,0,4174,4365,461809,30,0,0,30,14
2020-09-29,US,New York,Ontario,475,35,0,42.85145728,-77.30874425,36069.0,432.69537334778687,7.36842105263158,440,474,35,0,439,473,109864,1,0,0,1,1
2020-09-29,US,New York,Orange,12122,498,0,41.40337468,-74.30240757,36071.0,3149.062191510365,4.108232964857284,11624,12062,498,0,11564,12036,381951,60,0,0,60,26
2020-09-29,US,New York,Orleans,335,54,0,43.2516977,-78.2320066,36073.0,830.1942902458368,16.119402985074625,281,335,54,0,281,335,40612,0,0,0,0,0
2020-09-29,US,New York,Oswego,499,3,0,43.42778894,-76.14635194,36075.0,426.0441924797651,0.6012024048096193,496,493,3,0,490,493,117898,6,0,0,6,0
2020-09-29,US,New York,Otsego,340,5,0,42.63492579,-75.03151402,36077.0,571.4958062293043,1.4705882352941178,335,340,5,0,335,338,59749,0,0,0,0,2
2020-09-29,US,New York,Putnam,1612,63,0,41.42630093,-73.74965532,36079.0,1639.5443449959314,3.908188585607941,1549,1604,63,0,1541,1599,98892,8,0,0,8,5
2020-09-29,US,New York,Queens,72465,7252,0,40.71088124,-73.81684712,36081.0,3215.1537497038407,10.007589870972193,65213,72323,7250,0,65073,72233,2278906,142,2,0,140,90
2020-09-29,US,New York,Rensselaer,916,42,0,42.71348136,-73.51089874,36083.0,577.1387527250274,4.585152838427947,874,913,42,0,871,911,159442,3,0,0,3,2
2020-09-29,US,New York,Richmond,15950,1086,0,40.58582155,-74.14808598,36085.0,3349.8339784476507,6.808777429467084,14864,15913,1086,0,14827,15890,476179,37,0,0,37,23
2020-09-29,US,New York,Rockland,15342,675,0,41.15027894,-74.02560498,36087.0,4709.182937422686,4.399687133359405,14667,15277,675,0,14602,15167,325695,65,0,0,65,110
2020-09-29,US,New York,Saratoga,1060,17,0,43.10904162,-73.86653895,36091.0,461.1442467904795,1.6037735849056605,1043,1052,17,0,1035,1044,230163,8,0,0,8,8
2020-09-29,US,New York,Schenectady,1405,48,0,42.81668777,-74.05278291,36093.0,904.7064050637804,3.4163701067615664,1357,1403,48,0,1355,1402,155350,2,0,0,2,1
2020-09-29,US,New York,Schoharie,85,0,0,42.58831742,-74.44339029999998,36095.0,274.20239362560085,0.0,85,85,0,0,85,85,31097,0,0,0,0,0
2020-09-29,US,New York,Schuyler,43,0,0,42.39184015,-76.8773299,36097.0,241.47807042174423,0.0,43,41,0,0,41,41,17912,2,0,0,2,0
2020-09-29,US,New York,Seneca,107,3,0,42.78081007,-76.82497064,36099.0,314.5578551269992,2.803738317757009,104,106,3,0,103,106,34300,1,0,0,1,0
2020-09-29,US,New York,St. Lawrence,325,4,0,44.4976179,-75.06550039,36089.0,301.6521254872842,1.2307692307692308,321,324,4,0,320,322,108047,1,0,0,1,2
2020-09-29,US,New York,Steuben,450,42,0,42.2689144,-77.3829924,36101.0,471.8019689868839,9.333333333333334,408,420,42,0,378,416,95796,30,0,0,30,4
2020-09-29,US,New York,Suffolk,46464,2011,0,40.88320119,-72.8012172,36103.0,3146.686207039004,4.328081955922865,44453,46428,2011,0,44417,46387,1481093,36,0,0,36,41
2020-09-29,US,New York,Sullivan,1600,48,0,41.71579493,-74.76394559,36105.0,2121.1157068618095,3.0,1552,1594,48,0,1546,1591,75498,6,0,0,6,3
2020-09-29,US,New York,Tioga,242,25,0,42.16852837,-76.30835812,36107.0,502.0434412795884,10.330578512396695,217,237,25,0,212,235,48560,5,0,0,5,2
2020-09-29,US,New York,Tompkins,417,0,0,42.44945765,-76.47229843,36109.0,408.1033470346448,0.0,417,414,0,0,414,413,102793,3,0,0,3,1
2020-09-29,US,New York,Ulster,2272,95,0,41.89027881,-74.26252104,36111.0,1279.4737938763212,4.181338028169014,2177,2264,95,0,2169,2260,178599,8,0,0,8,4
2020-09-29,US,New York,Unassigned,0,19,0,0.0,0.0,90036.0,0.0,0.0,-19,0,19,0,-19,0,,0,0,0,0,0
2020-09-29,US,New York,Warren,386,33,0,43.56173026,-73.8433699,36113.0,603.6531965469786,8.549222797927461,353,383,33,0,350,381,64265,3,0,0,3,2
2020-09-29,US,New York,Washington,301,14,0,43.31153794,-73.43043448,36115.0,491.79792170446365,4.651162790697675,287,299,14,0,285,296,61197,2,0,0,2,3
2020-09-29,US,New York,Wayne,321,5,0,43.15494365,-77.02976528,36117.0,356.99192597700124,1.557632398753894,316,320,5,0,315,318,90064,1,0,0,1,2
2020-09-29,US,New York,Westchester,38182,1454,0,41.16278376,-73.75741653,36119.0,3946.4354743019676,3.8080771043947412,36728,38133,1454,0,36679,38098,967612,49,0,0,49,35
2020-09-29,US,New York,Wyoming,137,5,0,42.70145109,-78.22199579,36121.0,343.7115833312426,3.6496350364963503,132,137,5,0,132,137,40085,0,0,0,0,0
2020-09-29,US,New York,Yates,64,7,0,42.63505484,-77.10369919,36123.0,256.89399108898965,10.9375,57,64,7,0,57,64,24841,0,0,0,0,0
2020-09-29,US,North Carolina,Alamance,3962,54,0,36.0434701,-79.39976137,37001.0,2337.339020347002,1.3629480060575467,3908,3950,54,0,3896,3934,166436,12,0,0,12,16
2020-09-29,US,North Carolina,Alexander,528,7,0,35.922379600000006,-81.17751948,37003.0,1408.1126490119213,1.3257575757575757,521,528,7,0,521,526,37353,0,0,0,0,2
2020-09-29,US,North Carolina,Alleghany,236,0,0,36.49360862,-81.12857041,37005.0,2119.062584178864,0.0,236,233,0,0,233,231,11161,3,0,0,3,2
2020-09-29,US,North Carolina,Anson,606,4,0,34.97403241,-80.09953279,37007.0,2478.933158798985,0.6600660066006601,602,605,4,0,601,602,24877,1,0,0,1,3
2020-09-29,US,North Carolina,Ashe,268,1,0,36.43296207,-81.49862729,37009.0,985.1854574863066,0.373134328358209,267,269,1,0,268,268,27109,-1,0,0,-1,1
2020-09-29,US,North Carolina,Avery,362,0,0,36.07569796,-81.92308483,37011.0,2061.855670103093,0.0,362,359,0,0,359,356,17505,3,0,0,3,3
2020-09-29,US,North Carolina,Beaufort,971,24,0,35.48531943,-76.84325809,37013.0,2066.2212197301787,2.4716786817713703,947,966,23,0,943,956,47079,5,1,0,4,10
2020-09-29,US,North Carolina,Bertie,594,9,0,36.0688473,-76.96545943,37015.0,3135.060959518657,1.5151515151515151,585,590,8,0,582,588,19026,4,1,0,3,2
2020-09-29,US,North Carolina,Bladen,914,15,0,34.61296243,-78.56180059,37017.0,2793.2277978118696,1.6411378555798688,899,907,15,0,892,906,33190,7,0,0,7,1
2020-09-29,US,North Carolina,Brunswick,1646,27,0,34.070565,-78.22814204,37019.0,1152.4996499089764,1.640340218712029,1619,1642,27,0,1615,1639,136744,4,0,0,4,3
2020-09-29,US,North Carolina,Buncombe,3151,82,0,35.61113393,-82.53305,37021.0,1206.3968513463326,2.6023484608060934,3069,3141,82,0,3059,3125,259103,10,0,0,10,16
2020-09-29,US,North Carolina,Burke,2130,40,0,35.74989637,-81.70755735,37023.0,2353.9813228711937,1.8779342723004693,2090,2127,38,0,2089,2120,90382,3,2,0,1,7
2020-09-29,US,North Carolina,Cabarrus,4041,70,0,35.3877799,-80.55267168,37025.0,1866.91799143463,1.7322444939371442,3971,4031,69,0,3962,4035,211342,10,1,0,9,-4
2020-09-29,US,North Carolina,Caldwell,1675,18,0,35.95204977,-81.54799522,37027.0,2038.2584146608576,1.0746268656716418,1657,1672,18,0,1654,1664,82029,3,0,0,3,8
2020-09-29,US,North Carolina,Camden,115,3,0,36.33804939,-76.15568396,37029.0,1058.249746940278,2.608695652173913,112,115,3,0,112,115,10710,0,0,0,0,0
2020-09-29,US,North Carolina,Carteret,718,5,0,34.8932941,-76.54120135,37031.0,1033.4950268449613,0.6963788300835655,713,713,5,0,708,708,69524,5,0,0,5,5
2020-09-29,US,North Carolina,Caswell,362,5,0,36.39312665,-79.33353281,37033.0,1601.4864625729956,1.3812154696132597,357,361,4,0,357,358,22698,1,1,0,0,3
2020-09-29,US,North Carolina,Catawba,3204,52,0,35.66211129,-81.2132617,37035.0,2008.1353297691646,1.6229712858926342,3152,3188,52,0,3136,3173,158652,16,0,0,16,15
2020-09-29,US,North Carolina,Chatham,1689,58,0,35.70394416,-79.25541492,37037.0,2268.027393581308,3.4339846062759034,1631,1684,57,0,1627,1672,73139,5,1,0,4,12
2020-09-29,US,North Carolina,Cherokee,646,12,0,35.1349263,-84.05970864,37039.0,2257.793932615685,1.8575851393188851,634,628,12,0,616,625,28383,18,0,0,18,3
2020-09-29,US,North Carolina,Chowan,361,4,0,36.12908077,-76.60118385,37041.0,2589.1128164670445,1.10803324099723,357,360,3,0,357,356,14029,1,1,0,0,4
2020-09-29,US,North Carolina,Clay,123,2,0,35.05704275,-83.74353633,37043.0,1095.1829756922805,1.6260162601626016,121,119,2,0,117,118,11139,4,0,0,4,1
2020-09-29,US,North Carolina,Cleveland,2254,63,0,35.33553364,-81.55204486,37045.0,2301.244550624317,2.7950310559006213,2191,2242,63,0,2179,2224,97645,12,0,0,12,18
2020-09-29,US,North Carolina,Columbus,1378,57,0,34.26744084,-78.65801424,37047.0,2482.525041435469,4.136429608127721,1321,1377,57,0,1320,1374,55655,1,0,0,1,3
2020-09-29,US,North Carolina,Craven,1669,39,0,35.11833364,-77.08398081,37049.0,1634.0477192845044,2.3367285799880166,1630,1636,34,0,1602,1634,102912,33,5,0,28,2
2020-09-29,US,North Carolina,Cumberland,5533,77,0,35.04762133,-78.82623165,37051.0,1649.136088748737,1.3916500994035783,5456,5515,76,0,5439,5500,332330,18,1,0,17,15
2020-09-29,US,North Carolina,Currituck,184,3,0,36.36123664,-75.95876401,37053.0,662.7525843748874,1.6304347826086956,181,184,3,0,181,184,27072,0,0,0,0,0
2020-09-29,US,North Carolina,Dare,272,3,0,35.66520691,-75.71767334,37055.0,734.9563619660083,1.1029411764705883,269,274,3,0,271,273,36501,-2,0,0,-2,1
2020-09-29,US,North Carolina,Davidson,2797,37,0,35.79115496,-80.21256572,37057.0,1668.7648037993185,1.3228459063282088,2760,2783,34,0,2749,2761,166614,14,3,0,11,22
2020-09-29,US,North Carolina,Davie,568,6,0,35.93099927,-80.54496571,37059.0,1325.6780096158334,1.056338028169014,562,563,6,0,557,561,42733,5,0,0,5,2
2020-09-29,US,North Carolina,Duplin,2394,54,0,34.93449805,-77.93140529,37061.0,4075.517951686216,2.255639097744361,2340,2379,54,0,2325,2379,58856,15,0,0,15,0
2020-09-29,US,North Carolina,Durham,7780,95,0,36.03638492,-78.87608331,37063.0,2419.9970138854333,1.2210796915167097,7685,7756,94,0,7662,7741,316739,24,1,0,23,15
2020-09-29,US,North Carolina,Edgecombe,1373,49,0,35.91230639,-77.59436892,37065.0,2667.4696922598696,3.5688273852876917,1324,1366,47,0,1319,1362,52005,7,2,0,5,4
2020-09-29,US,North Carolina,Forsyth,7067,103,0,36.12859861,-80.25459052,37067.0,1848.5724375155316,1.4574784208292062,6964,7041,101,0,6940,7023,379099,26,2,0,24,18
2020-09-29,US,North Carolina,Franklin,1212,31,0,36.081519,-78.28708884,37069.0,1739.2552199182032,2.557755775577558,1181,1212,31,0,1181,1210,67560,0,0,0,0,2
2020-09-29,US,North Carolina,Gaston,5224,84,0,35.29373559,-81.17477045,37071.0,2326.6482280685345,1.6079632465543643,5140,5181,84,0,5097,5162,222846,43,0,0,43,19
2020-09-29,US,North Carolina,Gates,144,3,0,36.44667547,-76.69749701,37073.0,1245.4592631032692,2.083333333333333,141,142,3,0,139,142,11573,2,0,0,2,0
2020-09-29,US,North Carolina,Graham,165,3,0,35.3506925,-83.83369267,37075.0,1954.7446984954395,1.818181818181818,162,158,3,0,155,155,8484,7,0,0,7,3
2020-09-29,US,North Carolina,Granville,1746,50,0,36.30337451,-78.65184241,37077.0,2888.671971940506,2.8636884306987405,1696,1740,50,0,1690,1731,60115,6,0,0,6,9
2020-09-29,US,North Carolina,Greene,618,5,0,35.48544173,-77.67578087,37079.0,2933.219421899473,0.8090614886731392,613,607,5,0,602,604,21012,11,0,0,11,3
2020-09-29,US,North Carolina,Guilford,8689,181,0,36.07959451,-79.78824948,37081.0,1617.5391958657715,2.0830935665784325,8508,8635,180,0,8455,8597,533670,54,1,0,53,38
2020-09-29,US,North Carolina,Halifax,1040,19,0,36.25669272,-77.6556109,37083.0,2079.584083183364,1.8269230769230769,1021,1030,19,0,1011,1025,50574,10,0,0,10,5
2020-09-29,US,North Carolina,Harnett,2272,54,0,35.36731853,-78.87243571,37085.0,1670.8830970171207,2.376760563380281,2218,2249,53,0,2196,2244,134214,23,1,0,22,5
2020-09-29,US,North Carolina,Haywood,613,31,0,35.55269063,-82.98196486,37087.0,983.6802156714862,5.057096247960848,582,610,31,0,579,609,61971,3,0,0,3,1
2020-09-29,US,North Carolina,Henderson,2032,64,0,35.33788927,-82.4766782,37089.0,1730.5841573196383,3.1496062992125986,1968,2024,64,0,1960,2021,116748,8,0,0,8,3
2020-09-29,US,North Carolina,Hertford,755,30,0,36.3607755,-76.98104134,37091.0,3188.748574566035,3.9735099337748334,725,755,29,0,726,754,23659,0,1,0,-1,1
2020-09-29,US,North Carolina,Hoke,1195,18,0,35.01888303,-79.23651674,37093.0,2163.5224680450447,1.5062761506276148,1177,1179,17,0,1162,1167,54764,16,1,0,15,12
2020-09-29,US,North Carolina,Hyde,126,5,0,35.42017674,-76.15180542,37095.0,2552.157180473972,3.968253968253968,121,125,5,0,120,126,5230,1,0,0,1,-1
2020-09-29,US,North Carolina,Iredell,3098,32,0,35.80950511,-80.8743128,37097.0,1704.0141689493194,1.0329244673983216,3066,3089,32,0,3057,3080,178435,9,0,0,9,9
2020-09-29,US,North Carolina,Jackson,659,7,0,35.28814273,-83.14093385,37099.0,1499.8406846010287,1.0622154779969648,652,655,7,0,648,653,43327,4,0,0,4,2
2020-09-29,US,North Carolina,Johnston,4542,57,0,35.51745004,-78.36622717,37101.0,2169.6864893784727,1.2549537648612945,4485,4534,56,0,4478,4521,202675,8,1,0,7,13
2020-09-29,US,North Carolina,Jones,159,11,0,35.02254606,-77.35870791,37103.0,1688.0772905828644,6.918238993710692,148,159,11,0,148,158,9637,0,0,0,0,1
2020-09-29,US,North Carolina,Lee,1661,15,0,35.47623147,-79.17569362,37105.0,2688.6158727075544,0.9030704394942806,1646,1646,14,0,1632,1640,61452,15,1,0,14,6
2020-09-29,US,North Carolina,Lenoir,1014,33,0,35.24032589999999,-77.64245615,37107.0,1812.3648322579493,3.2544378698224854,981,1016,32,0,984,1011,55976,-2,1,0,-3,5
2020-09-29,US,North Carolina,Lincoln,1659,14,0,35.48508185,-81.21740317,37109.0,1926.583131075008,0.8438818565400844,1645,1653,14,0,1639,1625,83770,6,0,0,6,28
2020-09-29,US,North Carolina,Macon,604,2,0,35.14867843,-83.41696617,37113.0,1684.4218863294104,0.3311258278145696,602,603,3,0,600,598,35285,1,-1,0,2,5
2020-09-29,US,North Carolina,Madison,110,1,0,35.85402722,-82.71346418,37115.0,505.630889450701,0.9090909090909092,109,110,1,0,109,105,21763,0,0,0,0,5
2020-09-29,US,North Carolina,Martin,461,9,0,35.84326734,-77.10860251,37117.0,2054.367201426025,1.9522776572668112,452,462,10,0,452,460,22671,-1,-1,0,0,2
2020-09-29,US,North Carolina,McDowell,1011,27,0,35.67736232,-82.0482425,37111.0,2209.5462890112767,2.6706231454005933,984,1008,27,0,981,986,45507,3,0,0,3,22
2020-09-29,US,North Carolina,Mecklenburg,28844,354,0,35.24469268,-80.8317671,37119.0,2597.725414191485,1.227291637775621,28490,28774,352,0,28422,28708,1093901,70,2,0,68,66
2020-09-29,US,North Carolina,Mitchell,159,3,0,36.01059309,-82.1582442,37121.0,1062.5501202886928,1.8867924528301887,156,158,3,0,155,157,15000,1,0,0,1,1
2020-09-29,US,North Carolina,Montgomery,1052,30,0,35.33155144,-79.90416657,37123.0,3871.490082066757,2.8517110266159698,1022,1052,30,0,1022,1049,27271,0,0,0,0,3
2020-09-29,US,North Carolina,Moore,1703,29,0,35.30885257,-79.48474178,37125.0,1688.1443298969073,1.7028772753963597,1674,1690,29,0,1661,1664,98682,13,0,0,13,26
2020-09-29,US,North Carolina,Nash,2400,40,0,35.96575634,-77.98422508,37127.0,2545.1229082271093,1.6666666666666667,2360,2377,39,0,2338,2343,94016,23,1,0,22,34
2020-09-29,US,North Carolina,New Hanover,4328,30,0,34.25758282,-77.87075626,37129.0,1845.8415254634867,0.6931608133086876,4298,4316,30,0,4286,4293,232274,12,0,0,12,23
2020-09-29,US,North Carolina,Northampton,459,17,0,36.41736238,-77.39769443,37131.0,2355.900015398039,3.703703703703704,442,454,17,0,437,452,19676,5,0,0,5,2
2020-09-29,US,North Carolina,Onslow,2237,25,0,34.72607366,-77.42908179,37133.0,1130.1518657357353,1.1175681716584709,2212,2205,25,0,2180,2193,197683,32,0,0,32,12
2020-09-29,US,North Carolina,Orange,2675,55,0,36.06092947,-79.12167935,37135.0,1801.6379751609686,2.05607476635514,2620,2668,55,0,2613,2663,146027,7,0,0,7,5
2020-09-29,US,North Carolina,Pamlico,270,2,0,35.15253315,-76.66559823,37137.0,2121.640735502121,0.7407407407407407,268,270,2,0,268,270,12670,0,0,0,0,0
2020-09-29,US,North Carolina,Pasquotank,709,31,0,36.26723798,-76.25134778,37139.0,1780.3334672559256,4.372355430183357,678,710,30,0,680,707,39639,-1,1,0,-2,3
2020-09-29,US,North Carolina,Pender,966,7,0,34.52265624,-77.90352133,37141.0,1531.8744053282587,0.7246376811594203,959,968,5,0,963,967,62162,-2,2,0,-4,1
2020-09-29,US,North Carolina,Perquimans,187,3,0,36.17847453,-76.40603143,37143.0,1388.9920522914654,1.60427807486631,184,187,3,0,184,187,13422,0,0,0,0,0
2020-09-29,US,North Carolina,Person,437,8,0,36.38989032,-78.97217358,37145.0,1106.6092681691568,1.8306636155606408,429,437,7,0,430,436,39507,0,1,0,-1,1
2020-09-29,US,North Carolina,Pitt,4945,29,0,35.59535426,-77.37353178,37147.0,2735.944052848812,0.5864509605662285,4916,4931,29,0,4902,4918,179914,14,0,0,14,13
2020-09-29,US,North Carolina,Polk,320,11,0,35.27820615,-82.16812354,37149.0,1544.1034549314804,3.4375,309,315,11,0,304,313,20611,5,0,0,5,2
2020-09-29,US,North Carolina,Randolph,2863,54,0,35.71015088,-79.80570339,37151.0,1992.802800921576,1.8861334264757248,2809,2843,52,0,2791,2834,143351,20,2,0,18,9
2020-09-29,US,North Carolina,Richmond,1026,17,0,35.00417719,-79.74491009,37153.0,2288.697048785385,1.6569200779727096,1009,1023,17,0,1006,1013,44887,3,0,0,3,10
2020-09-29,US,North Carolina,Robeson,4565,76,0,34.64244496,-79.10250529999998,37155.0,3494.7368421052643,1.6648411829134722,4489,4546,75,0,4471,4530,131831,19,1,0,18,16
2020-09-29,US,North Carolina,Rockingham,1286,14,0,36.39593137,-79.77504841,37157.0,1413.0315349961545,1.088646967340591,1272,1276,14,0,1262,1257,90690,10,0,0,10,19
2020-09-29,US,North Carolina,Rowan,3402,100,0,35.64003916,-80.52446628,37159.0,2394.290862001013,2.9394473838918285,3302,3388,97,0,3291,3369,141262,14,3,0,11,19
2020-09-29,US,North Carolina,Rutherford,1231,32,0,35.40114178,-81.92112099,37161.0,1836.5185218338327,2.5995125913891144,1199,1212,32,0,1180,1197,66826,19,0,0,19,15
2020-09-29,US,North Carolina,Sampson,2250,28,0,34.98820368,-78.36914061,37163.0,3541.5781272134864,1.2444444444444445,2222,2240,28,0,2212,2238,63626,10,0,0,10,2
2020-09-29,US,North Carolina,Scotland,1174,13,0,34.8386299,-79.4757978,37165.0,3371.335037188065,1.1073253833049403,1161,1170,13,0,1157,1167,34810,4,0,0,4,3
2020-09-29,US,North Carolina,Stanly,1989,56,0,35.31647813,-80.25093221,37167.0,3166.8948826545234,2.815485168426345,1933,1982,56,0,1926,1956,62075,7,0,0,7,26
2020-09-29,US,North Carolina,Stokes,453,3,0,36.4017975,-80.23893369,37169.0,993.617161281832,0.6622516556291391,450,447,3,0,444,441,45467,6,0,0,6,6
2020-09-29,US,North Carolina,Surry,1334,23,0,36.41689489,-80.69102283,37171.0,1858.3787247677026,1.7241379310344829,1311,1332,23,0,1309,1323,71948,2,0,0,2,9
2020-09-29,US,North Carolina,Swain,144,3,0,35.48665845,-83.48748932,37173.0,1009.0393104898044,2.083333333333333,141,144,3,0,141,144,14245,0,0,0,0,0
2020-09-29,US,North Carolina,Transylvania,333,7,0,35.20383864,-82.79638423,37175.0,968.4455431147304,2.1021021021021022,326,329,7,0,322,330,34215,4,0,0,4,-1
2020-09-29,US,North Carolina,Tyrrell,116,3,0,35.87147226,-76.17055253,37177.0,2888.4462151394428,2.586206896551724,113,117,3,0,114,116,4131,-1,0,0,-1,1
2020-09-29,US,North Carolina,Union,4849,59,0,34.98960527,-80.52955873,37179.0,2021.6043592277126,1.2167457207671686,4790,4834,59,0,4775,4799,235908,15,0,0,15,35
2020-09-29,US,North Carolina,Vance,1050,44,0,36.36880673,-78.40670845,37181.0,2357.6961940047154,4.190476190476192,1006,1047,44,0,1003,1042,44582,3,0,0,3,5
2020-09-29,US,North Carolina,Wake,17681,244,0,35.78879266,-78.65249174,37183.0,1590.3597985538254,1.3800124427351397,17437,17651,242,0,17409,17596,1092305,30,2,0,28,55
2020-09-29,US,North Carolina,Warren,347,7,0,36.39728256,-78.10652228,37185.0,1758.6538948862194,2.0172910662824206,340,346,7,0,339,344,19807,1,0,0,1,2
2020-09-29,US,North Carolina,Washington,209,8,0,35.83810081,-76.57299037,37187.0,1804.8359240069085,3.827751196172249,201,208,8,0,200,208,11859,1,0,0,1,0
2020-09-29,US,North Carolina,Watauga,896,1,0,36.23103603,-81.70033724,37189.0,1594.9587909642735,0.11160714285714286,895,852,1,0,851,841,55945,44,0,0,44,11
2020-09-29,US,North Carolina,Wayne,3400,69,0,35.36438125,-78.00027268,37191.0,2761.286759629988,2.0294117647058822,3331,3390,67,0,3323,3381,123248,10,2,0,8,9
2020-09-29,US,North Carolina,Wilkes,1244,34,0,36.2084135,-81.16232895,37193.0,1818.3944337250773,2.733118971061093,1210,1243,33,0,1210,1234,68557,1,1,0,0,9
2020-09-29,US,North Carolina,Wilson,2262,52,0,35.70625477,-77.917978,37195.0,2765.247368614076,2.2988505747126435,2210,2252,49,0,2203,2240,81455,10,3,0,7,12
2020-09-29,US,North Carolina,Yadkin,746,9,0,36.16222629,-80.66239436,37197.0,1980.5134467836567,1.206434316353887,737,744,8,0,736,742,37543,2,1,0,1,2
2020-09-29,US,North Carolina,Yancey,215,0,0,35.90079156,-82.31237181,37199.0,1189.8832254136921,0.0,215,212,0,0,212,212,17903,3,0,0,3,0
2020-09-29,US,North Dakota,Adams,21,0,0,46.09686891,-102.5285397,38001.0,947.6534296028881,0.0,21,21,0,0,21,21,2294,0,0,0,0,0
2020-09-29,US,North Dakota,Barnes,237,0,0,46.93579637,-98.06605978,38003.0,2275.5640902544405,0.0,237,235,0,0,235,235,10542,2,0,0,2,0
2020-09-29,US,North Dakota,Benson,344,6,0,48.0683985,-99.35916363,38005.0,5035.1288056206095,1.7441860465116281,338,343,6,0,337,343,6962,1,0,0,1,0
2020-09-29,US,North Dakota,Billings,17,0,0,47.02366884,-103.3762965,38007.0,1831.896551724138,0.0,17,18,0,0,18,18,919,-1,0,0,-1,0
2020-09-29,US,North Dakota,Bottineau,94,4,0,48.79106111,-100.8378166,38009.0,1496.3387456224136,4.25531914893617,90,82,4,0,78,81,6411,12,0,0,12,1
2020-09-29,US,North Dakota,Bowman,42,0,0,46.11285362,-103.5203343,38011.0,1388.888888888889,0.0,42,41,0,0,41,38,3076,1,0,0,1,3
2020-09-29,US,North Dakota,Burke,35,1,0,48.79094471,-102.51821170000001,38013.0,1654.8463356973996,2.8571428571428568,34,33,1,0,32,33,2100,2,0,0,2,0
2020-09-29,US,North Dakota,Burleigh,3712,46,0,46.97847375,-100.46452140000001,38015.0,3881.7894714826507,1.2392241379310345,3666,3651,45,0,3606,3582,95273,61,1,0,60,69
2020-09-29,US,North Dakota,Cass,5250,77,0,46.93201724,-97.24447190000001,38017.0,2885.836315364193,1.4666666666666666,5173,5177,77,0,5100,5122,181516,73,0,0,73,55
2020-09-29,US,North Dakota,Cavalier,55,0,0,48.77286211,-98.46685243,38019.0,1461.9883040935672,0.0,55,55,0,0,55,55,3829,0,0,0,0,0
2020-09-29,US,North Dakota,Dickey,77,0,0,46.11017712,-98.50490079999999,38021.0,1580.4597701149426,0.0,77,70,0,0,70,70,4903,7,0,0,7,0
2020-09-29,US,North Dakota,Divide,8,0,0,48.814938700000006,-103.48736109999999,38023.0,353.356890459364,0.0,8,7,0,0,7,7,2283,1,0,0,1,0
2020-09-29,US,North Dakota,Dunn,108,1,0,47.35423935,-102.61604679999999,38025.0,2441.22965641953,0.925925925925926,107,106,1,0,105,105,4332,2,0,0,2,1
2020-09-29,US,North Dakota,Eddy,84,3,0,47.71701474,-98.90432337,38027.0,3672.933974639265,3.571428571428572,81,84,3,0,81,84,2313,0,0,0,0,0
2020-09-29,US,North Dakota,Emmons,183,1,0,46.28398398,-100.2389766,38029.0,5646.4054304227075,0.5464480874316939,182,174,1,0,173,169,3295,9,0,0,9,5
2020-09-29,US,North Dakota,Foster,65,0,0,47.457108399999996,-98.88279923,38031.0,2024.9221183800626,0.0,65,64,0,0,64,63,3216,1,0,0,1,1
2020-09-29,US,North Dakota,Golden Valley,49,0,0,46.94022281,-103.8465421,38033.0,2782.5099375354907,0.0,49,46,0,0,46,45,1769,3,0,0,3,1
2020-09-29,US,North Dakota,Grand Forks,2261,13,0,47.92093639,-97.45450447,38035.0,3255.532677715224,0.5749668288367978,2248,2238,13,0,2225,2233,70770,23,0,0,23,5
2020-09-29,US,North Dakota,Grant,25,1,0,46.35821257,-101.63900129999999,38037.0,1099.3843447669308,4.0,24,21,0,0,21,21,2374,4,1,0,3,0
2020-09-29,US,North Dakota,Griggs,60,1,0,47.45785838,-98.23850925,38039.0,2689.376961004034,1.6666666666666667,59,58,1,0,57,58,2232,2,0,0,2,0
2020-09-29,US,North Dakota,Hettinger,64,0,0,46.43375068,-102.4632417,38041.0,2561.0244097639056,0.0,64,64,0,0,64,64,2514,0,0,0,0,0
2020-09-29,US,North Dakota,Kidder,52,0,0,46.97830064,-99.77507857,38043.0,2096.7741935483873,0.0,52,51,0,0,51,51,2450,1,0,0,1,0
2020-09-29,US,North Dakota,LaMoure,66,0,0,46.45681054,-98.53542355,38045.0,1631.2407315867526,0.0,66,65,0,0,65,63,4062,1,0,0,1,2
2020-09-29,US,North Dakota,Logan,64,0,0,46.45729487,-99.47719806,38047.0,3459.4594594594605,0.0,64,59,0,0,59,59,1903,5,0,0,5,0
2020-09-29,US,North Dakota,McHenry,89,1,0,48.23104458,-100.6324822,38049.0,1549.1731940818106,1.1235955056179776,88,62,1,0,61,62,5816,27,0,0,27,0
2020-09-29,US,North Dakota,McIntosh,70,3,0,46.11182017,-99.44145858,38051.0,2803.3640368442134,4.285714285714286,67,68,3,0,65,68,2585,2,0,0,2,0
2020-09-29,US,North Dakota,McKenzie,242,2,0,47.74133370000001,-103.395905,38053.0,1610.7561235356766,0.8264462809917356,240,235,2,0,233,232,13632,7,0,0,7,3
2020-09-29,US,North Dakota,McLean,281,3,0,47.60766714,-101.3182418,38055.0,2973.5449735449733,1.0676156583629892,278,274,3,0,271,272,9541,7,0,0,7,2
2020-09-29,US,North Dakota,Mercer,156,0,0,47.31213126,-101.8318399,38057.0,1905.4598754122394,0.0,156,147,0,0,147,144,8267,9,0,0,9,3
2020-09-29,US,North Dakota,Morton,1289,26,0,46.71681782,-101.2822377,38059.0,4109.807422522636,2.0170674941815356,1263,1276,24,0,1252,1257,31095,13,2,0,11,19
2020-09-29,US,North Dakota,Mountrail,269,2,0,48.20197971,-102.3555315,38061.0,2550.972024656235,0.7434944237918215,267,257,2,0,255,254,10218,12,0,0,12,3
2020-09-29,US,North Dakota,Nelson,70,0,0,47.9226426,-98.19038437,38063.0,2431.3997915943037,0.0,70,57,0,0,57,57,2869,13,0,0,13,0
2020-09-29,US,North Dakota,Oliver,22,0,0,47.11530482,-101.3406158,38065.0,1123.0219499744767,0.0,22,21,0,0,21,21,1952,1,0,0,1,0
2020-09-29,US,North Dakota,Pembina,88,0,0,48.76623521,-97.5523809,38067.0,1293.9273636229966,0.0,88,85,0,0,85,84,6947,3,0,0,3,1
2020-09-29,US,North Dakota,Pierce,34,0,0,48.24977025,-99.96407787,38069.0,855.3459119496855,0.0,34,33,0,0,33,32,4081,1,0,0,1,1
2020-09-29,US,North Dakota,Ramsey,246,2,0,48.26886249,-98.72223879,38071.0,2135.6020487889573,0.8130081300813008,244,240,2,0,238,239,11481,6,0,0,6,1
2020-09-29,US,North Dakota,Ransom,82,0,0,46.45621782,-97.65742504,38073.0,1571.4833269451894,0.0,82,82,0,0,82,82,5237,0,0,0,0,0
2020-09-29,US,North Dakota,Renville,68,1,0,48.71982533,-101.6603912,38075.0,2922.2174473571117,1.4705882352941178,67,67,1,0,66,66,2374,1,0,0,1,1
2020-09-29,US,North Dakota,Richland,243,1,0,46.26440649,-96.94852979,38077.0,1502.1326574766645,0.41152263374485604,242,242,1,0,241,238,16239,1,0,0,1,4
2020-09-29,US,North Dakota,Rolette,195,5,0,48.77245354,-99.84097493,38079.0,1375.5643340857791,2.5641025641025643,190,187,5,0,182,184,14301,8,0,0,8,3
2020-09-29,US,North Dakota,Sargent,76,0,0,46.10830372,-97.63217159,38081.0,1949.7178040020526,0.0,76,74,0,0,74,74,3870,2,0,0,2,0
2020-09-29,US,North Dakota,Sheridan,13,0,0,47.57700669,-100.3426391,38083.0,988.5931558935364,0.0,13,12,0,0,12,12,1349,1,0,0,1,0
2020-09-29,US,North Dakota,Sioux,152,3,0,46.11323337,-101.04401490000001,38085.0,3593.3806146572106,1.973684210526316,149,152,3,0,149,150,4358,0,0,0,0,2
2020-09-29,US,North Dakota,Slope,7,0,0,46.44737738,-103.4601547,38087.0,933.3333333333336,0.0,7,7,0,0,7,7,763,0,0,0,0,0
2020-09-29,US,North Dakota,Stark,1659,14,0,46.80851182,-102.65763259999999,38089.0,5268.5064625742325,0.8438818565400844,1645,1639,14,0,1625,1616,30997,20,0,0,20,23
2020-09-29,US,North Dakota,Steele,28,0,0,47.45611548,-97.72728747,38091.0,1481.4814814814815,0.0,28,28,0,0,28,28,1903,0,0,0,0,0
2020-09-29,US,North Dakota,Stutsman,515,3,0,46.97962541,-98.95637318,38093.0,2487.4420401854713,0.5825242718446602,512,513,3,0,510,512,20917,2,0,0,2,1
2020-09-29,US,North Dakota,Towner,21,0,0,48.68565745,-99.24564265,38095.0,959.342165372316,0.0,21,19,0,0,19,19,2192,2,0,0,2,0
2020-09-29,US,North Dakota,Traill,123,0,0,47.45367788,-97.16323288,38097.0,1530.6122448979593,0.0,123,122,0,0,122,119,8037,1,0,0,1,3
2020-09-29,US,North Dakota,Walsh,209,1,0,48.36876964,-97.72574783,38099.0,1964.1011183159478,0.4784688995215311,208,195,1,0,194,192,10667,14,0,0,14,3
2020-09-29,US,North Dakota,Ward,1097,11,0,48.22390169,-101.54367629999999,38101.0,1621.7974305524756,1.0027347310847767,1086,1071,10,0,1061,1056,67744,26,1,0,25,15
2020-09-29,US,North Dakota,Wells,38,0,0,47.58614526,-99.65904998,38103.0,991.13197704747,0.0,38,36,0,0,36,36,3957,2,0,0,2,0
2020-09-29,US,North Dakota,Williams,1046,7,0,48.34522353,-103.4793387,38105.0,2782.7289898640556,0.6692160611854685,1039,1019,7,0,1012,991,35350,27,0,0,27,28
2020-09-29,US,Ohio,Adams,137,4,0,38.84541072,-83.4718964,39001.0,494.6205502202325,2.9197080291970803,133,136,4,0,132,135,27724,1,0,0,1,1
2020-09-29,US,Ohio,Allen,1473,72,0,40.77285242,-84.10802343,39003.0,1439.1652255473816,4.887983706720979,1401,1462,69,0,1393,1441,102663,11,3,0,8,21
2020-09-29,US,Ohio,Ashland,248,4,0,40.84772277,-82.27280781,39005.0,463.69007553660913,1.6129032258064515,244,246,4,0,242,242,53745,2,0,0,2,4
2020-09-29,US,Ohio,Ashtabula,662,48,0,41.70860332,-80.74830218,39007.0,680.7827973797059,7.250755287009063,614,660,48,0,612,659,97493,2,0,0,2,1
2020-09-29,US,Ohio,Athens,740,2,0,39.33425634,-82.04278644,39009.0,1132.7628698700385,0.2702702702702703,738,724,2,0,722,707,65818,16,0,0,16,17
2020-09-29,US,Ohio,Auglaize,625,11,0,40.55998859,-84.22421429999999,39011.0,1368.9328894340285,1.76,614,611,9,0,602,608,45804,14,2,0,12,3
2020-09-29,US,Ohio,Belmont,724,27,0,40.01625942,-80.9924051,39013.0,1080.5002537086232,3.7292817679558015,697,724,27,0,697,722,67505,0,0,0,0,2
2020-09-29,US,Ohio,Brown,292,3,0,38.93416837,-83.86788395,39015.0,672.3153435255111,1.0273972602739727,289,292,2,0,290,290,43602,0,1,0,-1,2
2020-09-29,US,Ohio,Butler,6151,112,0,39.44012838,-84.57388716,39017.0,1605.4435262858426,1.8208421394895142,6039,6085,111,0,5974,6040,382378,66,1,0,65,45
2020-09-29,US,Ohio,Carroll,152,7,0,40.578968599999996,-81.09178213,39019.0,564.7618339897451,4.605263157894737,145,152,7,0,145,152,27081,0,0,0,0,0
2020-09-29,US,Ohio,Champaign,314,3,0,40.13923427,-83.76875242,39021.0,807.5093223608075,0.9554140127388536,311,313,3,0,310,308,38754,1,0,0,1,5
2020-09-29,US,Ohio,Clark,1853,41,0,39.91592258,-83.78498252,39023.0,1381.9798184706488,2.212628170534269,1812,1839,40,0,1799,1810,134585,14,1,0,13,29
2020-09-29,US,Ohio,Clermont,1761,23,0,39.04847534,-84.15375786,39025.0,853.0819462476021,1.3060760931289042,1738,1744,23,0,1721,1731,205466,17,0,0,17,13
2020-09-29,US,Ohio,Clinton,305,12,0,39.41485808,-83.80852286,39027.0,726.7441860465117,3.9344262295081966,293,302,13,0,289,299,42057,3,-1,0,4,3
2020-09-29,US,Ohio,Columbiana,1951,80,0,40.76932373,-80.78094576,39029.0,1914.941648753963,4.100461301896464,1871,1940,80,0,1860,1932,102665,11,0,0,11,8
2020-09-29,US,Ohio,Coshocton,235,11,0,40.30096166,-81.91729018,39031.0,642.0765027322402,4.680851063829787,224,234,11,0,223,234,36629,1,0,0,1,0
2020-09-29,US,Ohio,Crawford,248,6,0,40.85065156,-82.91989099,39033.0,597.6767725454282,2.419354838709677,242,247,6,0,241,244,41550,1,0,0,1,3
2020-09-29,US,Ohio,Cuyahoga,17603,657,0,41.424119,-81.65918339,39035.0,1425.2610374132034,3.732318354825882,16946,17554,656,0,16898,17490,1243857,49,1,0,48,64
2020-09-29,US,Ohio,Darke,811,44,0,40.13412966,-84.6194517,39037.0,1586.680492242678,5.425400739827373,767,806,43,0,763,804,51323,5,1,0,4,2
2020-09-29,US,Ohio,Defiance,332,12,0,41.32398837,-84.49076944,39039.0,871.6885026386957,3.614457831325301,320,330,12,0,318,325,38165,2,0,0,2,5
2020-09-29,US,Ohio,Delaware,2328,21,0,40.27942393,-83.00457058,39041.0,1112.933066254894,0.9020618556701032,2307,2306,21,0,2285,2281,204826,22,0,0,22,25
2020-09-29,US,Ohio,Erie,960,47,0,41.36796058,-82.62904521,39043.0,1292.6507419276656,4.895833333333333,913,959,47,0,912,946,74615,1,0,0,1,13
2020-09-29,US,Ohio,Fairfield,2146,54,0,39.75107189,-82.63088163,39045.0,1361.8998058055265,2.516309412861137,2092,2132,53,0,2079,2118,155782,14,1,0,13,14
2020-09-29,US,Ohio,Fayette,234,6,0,39.56021306,-83.4562016,39047.0,820.3330411919369,2.5641025641025643,228,233,6,0,227,232,28666,1,0,0,1,1
2020-09-29,US,Ohio,Franklin,27283,615,0,39.96995815,-83.01115755,39049.0,2071.9860019623984,2.2541509364805923,26668,27119,607,0,26512,26961,1310300,164,8,0,156,158
2020-09-29,US,Ohio,Fulton,299,1,0,41.60213491,-84.12571393,39051.0,709.775435597968,0.33444816053511706,298,259,1,0,258,246,42276,40,0,0,40,13
2020-09-29,US,Ohio,Gallia,197,13,0,38.82708533,-82.31647569,39053.0,658.9069502976788,6.598984771573603,184,196,13,0,183,191,29979,1,0,0,1,5
2020-09-29,US,Ohio,Geauga,733,49,0,41.49952319,-81.17935342,39055.0,782.7099061388803,6.684856753069577,684,726,49,0,677,723,94031,7,0,0,7,3
2020-09-29,US,Ohio,Greene,1536,34,0,39.69116283,-83.89032084,39057.0,909.2146776609034,2.2135416666666665,1502,1490,34,0,1456,1465,167995,46,0,0,46,25
2020-09-29,US,Ohio,Guernsey,174,8,0,40.05026529,-81.49248905,39059.0,447.58842443729895,4.597701149425287,166,173,8,0,165,170,39022,1,0,0,1,3
2020-09-29,US,Ohio,Hamilton,13340,321,0,39.19673558,-84.54502924,39061.0,1631.8581775789535,2.4062968515742127,13019,13237,315,0,12922,13191,816684,103,6,0,97,46
2020-09-29,US,Ohio,Hancock,731,10,0,41.00250487,-83.66838948,39063.0,964.5962814879326,1.3679890560875514,721,720,10,0,710,712,75930,11,0,0,11,8
2020-09-29,US,Ohio,Hardin,257,13,0,40.66015414,-83.65929931,39065.0,819.3846644348796,5.058365758754863,244,257,13,0,244,256,31480,0,0,0,0,1
2020-09-29,US,Ohio,Harrison,64,3,0,40.29380509,-81.09068544,39067.0,425.531914893617,4.6875,61,64,3,0,61,64,15174,0,0,0,0,0
2020-09-29,US,Ohio,Henry,337,15,0,41.333964200000004,-84.06830637,39069.0,1247.8708435162555,4.451038575667655,322,334,14,0,320,318,27086,3,1,0,2,16
2020-09-29,US,Ohio,Highland,231,3,0,39.1839264,-83.60331456,39071.0,535.205393758254,1.2987012987012987,228,230,3,0,227,230,43058,1,0,0,1,0
2020-09-29,US,Ohio,Hocking,167,9,0,39.49537927,-82.47991446,39073.0,590.8576280781207,5.389221556886229,158,167,9,0,158,166,28385,0,0,0,0,1
2020-09-29,US,Ohio,Holmes,399,9,0,40.56163713,-81.92635677,39075.0,907.6433121019107,2.255639097744361,390,395,9,0,386,390,43892,4,0,0,4,5
2020-09-29,US,Ohio,Huron,572,7,0,41.14651175,-82.59867951,39077.0,981.7045961624277,1.2237762237762235,565,555,7,0,548,551,58504,17,0,0,17,4
2020-09-29,US,Ohio,Jackson,266,7,0,39.01914254,-82.61818559999998,39079.0,820.658377811372,2.631578947368421,259,261,6,0,255,263,32384,5,1,0,4,-2
2020-09-29,US,Ohio,Jefferson,342,4,0,40.38614126,-80.76259514,39081.0,523.5361653272101,1.1695906432748535,338,338,4,0,334,336,65767,4,0,0,4,2
2020-09-29,US,Ohio,Knox,289,15,0,40.39830217,-82.42027563,39083.0,463.7206764866339,5.190311418685121,274,288,15,0,273,286,61893,1,0,0,1,2
2020-09-29,US,Ohio,Lake,1660,51,0,41.69710807,-81.23676539,39085.0,721.2718717005071,3.0722891566265065,1609,1648,51,0,1597,1638,230514,12,0,0,12,10
2020-09-29,US,Ohio,Lawrence,686,22,0,38.59743452,-82.53466552,39087.0,1153.6585776028792,3.206997084548105,664,671,22,0,649,659,59866,15,0,0,15,12
2020-09-29,US,Ohio,Licking,1960,63,0,40.09136236,-82.48185785,39089.0,1108.2086598590993,3.2142857142857144,1897,1949,63,0,1886,1936,175769,11,0,0,11,13
2020-09-29,US,Ohio,Logan,314,3,0,40.38996525,-83.76784341,39091.0,687.5109476265545,0.9554140127388536,311,313,3,0,310,312,45358,1,0,0,1,1
2020-09-29,US,Ohio,Lorain,2342,86,0,41.29553751,-82.15083537,39093.0,755.8910768058922,3.672075149444919,2256,2333,86,0,2247,2317,309461,9,0,0,9,16
2020-09-29,US,Ohio,Lucas,7377,364,0,41.62101218,-83.65468618,39095.0,1722.1978391401385,4.9342551172563365,7013,7343,364,0,6979,7322,429899,34,0,0,34,21
2020-09-29,US,Ohio,Madison,855,12,0,39.89381073,-83.40178317,39097.0,1911.4260803469629,1.4035087719298245,843,843,12,0,831,830,44413,12,0,0,12,13
2020-09-29,US,Ohio,Mahoning,3114,282,0,41.01631101,-80.77287029,39099.0,1361.710315152416,9.05587668593449,2832,3095,281,0,2814,3073,229642,19,1,0,18,22
2020-09-29,US,Ohio,Marion,3114,47,0,40.58610662,-83.15736305,39101.0,4783.924538736884,1.5093127809890816,3067,3111,47,0,3064,3103,65256,3,0,0,3,8
2020-09-29,US,Ohio,Medina,1493,39,0,41.11770589,-81.89986209999998,39103.0,830.6165366684097,2.61219022103148,1454,1475,39,0,1436,1475,179146,18,0,0,18,0
2020-09-29,US,Ohio,Meigs,177,11,0,39.09224872,-82.0305041,39105.0,772.6895708735321,6.214689265536723,166,176,10,0,166,176,23106,1,1,0,0,0
2020-09-29,US,Ohio,Mercer,1139,19,0,40.54043046,-84.62912742,39107.0,2766.4432138346447,1.6681299385425812,1120,1132,18,0,1114,1132,40959,7,1,0,6,0
2020-09-29,US,Ohio,Miami,1476,52,0,40.0543329,-84.22871271,39109.0,1379.6068681241645,3.523035230352304,1424,1463,51,0,1412,1454,106222,13,1,0,12,9
2020-09-29,US,Ohio,Monroe,110,18,0,39.72984936,-81.08464734,39111.0,805.6247253552073,16.363636363636363,92,110,18,0,92,110,13790,0,0,0,0,0
2020-09-29,US,Ohio,Montgomery,7993,166,0,39.75394919,-84.29050975,39113.0,1503.328085885117,2.0768172150631803,7827,7938,164,0,7774,7883,532331,55,2,0,53,55
2020-09-29,US,Ohio,Morgan,50,0,0,39.62081738,-81.85308173,39115.0,344.6374414116349,0.0,50,50,0,0,50,49,14604,0,0,0,0,1
2020-09-29,US,Ohio,Morrow,262,2,0,40.52363560000001,-82.7892599,39117.0,741.6213768115942,0.7633587786259542,260,261,2,0,259,261,35112,1,0,0,1,0
2020-09-29,US,Ohio,Muskingum,455,3,0,39.96575964,-81.94363275,39119.0,527.7503914632025,0.6593406593406593,452,438,3,0,435,421,86183,17,0,0,17,17
2020-09-29,US,Ohio,Noble,35,0,0,39.76818851,-81.45937183,39121.0,242.65113699389903,0.0,35,34,0,0,34,33,14354,1,0,0,1,1
2020-09-29,US,Ohio,Ottawa,472,30,0,41.53781826,-83.0940185,39123.0,1164.7131400370142,6.3559322033898304,442,471,30,0,441,469,40769,1,0,0,1,2
2020-09-29,US,Ohio,Paulding,113,0,0,41.11676341,-84.5801017,39125.0,605.1842330762639,0.0,113,110,0,0,110,110,18760,3,0,0,3,0
2020-09-29,US,Ohio,Perry,303,9,0,39.73508655,-82.23804971,39127.0,838.5454142912492,2.9702970297029703,294,300,9,0,291,298,36033,3,0,0,3,2
2020-09-29,US,Ohio,Pickaway,2684,45,0,39.64170392,-83.0243386,39129.0,4591.409069914638,1.676602086438152,2639,2679,44,0,2635,2678,58086,5,1,0,4,1
2020-09-29,US,Ohio,Pike,204,0,0,39.07634001,-83.06769584,39131.0,734.5527869796917,0.0,204,202,0,0,202,200,28067,2,0,0,2,2
2020-09-29,US,Ohio,Portage,1177,66,0,41.16793482,-81.19735782,39133.0,724.45927147834,5.607476635514018,1111,1168,66,0,1102,1155,162927,9,0,0,9,13
2020-09-29,US,Ohio,Preble,447,16,0,39.7420247,-84.64787018,39135.0,1093.3907343084977,3.5794183445190155,431,445,15,0,430,440,40997,2,1,0,1,5
2020-09-29,US,Ohio,Putnam,625,23,0,41.02094889,-84.1336111,39137.0,1845.7812823011725,3.68,602,619,23,0,596,608,33780,6,0,0,6,11
2020-09-29,US,Ohio,Richland,941,19,0,40.77180308,-82.53799609999999,39139.0,776.6974264159662,2.0191285866099893,922,922,19,0,903,903,121099,19,0,0,19,19
2020-09-29,US,Ohio,Ross,904,26,0,39.33705391,-83.06000914,39141.0,1179.1406881798973,2.8761061946902653,878,896,24,0,872,890,76931,8,2,0,6,6
2020-09-29,US,Ohio,Sandusky,587,20,0,41.35624126,-83.137872,39143.0,1003.1101541406064,3.4071550255536627,567,580,20,0,560,577,58799,7,0,0,7,3
2020-09-29,US,Ohio,Scioto,528,7,0,38.80270163,-82.98907345,39145.0,701.0648750564302,1.3257575757575757,521,516,7,0,509,511,75502,12,0,0,12,5
2020-09-29,US,Ohio,Seneca,495,14,0,41.12351311,-83.12783209,39147.0,897.0966689622676,2.8282828282828283,481,488,14,0,474,485,55207,7,0,0,7,3
2020-09-29,US,Ohio,Shelby,669,10,0,40.33163494,-84.20258189,39149.0,1376.8265075118336,1.4947683109118086,659,660,10,0,650,649,48627,9,0,0,9,11
2020-09-29,US,Ohio,Stark,2946,175,0,40.81482476,-81.36437305,39151.0,794.9142755379027,5.940257976917856,2771,2913,175,0,2738,2883,371574,33,0,0,33,30
2020-09-29,US,Ohio,Summit,5393,252,0,41.12464734,-81.53123079,39153.0,996.8337174892283,4.672723901353606,5141,5366,252,0,5114,5332,541918,27,0,0,27,34
2020-09-29,US,Ohio,Trumbull,1921,132,0,41.31735028,-80.76109643,39155.0,970.329437198824,6.871421134825613,1789,1916,132,0,1784,1896,198627,5,0,0,5,20
2020-09-29,US,Ohio,Tuscarawas,943,20,0,40.44214695,-81.47226262,39157.0,1025.1448574255057,2.1208907741251326,923,941,20,0,921,936,92176,2,0,0,2,5
2020-09-29,US,Ohio,Union,551,2,0,40.30016061,-83.37239023,39159.0,934.0882891435547,0.3629764065335753,549,551,2,0,549,545,57835,0,0,0,0,6
2020-09-29,US,Ohio,Van Wert,128,3,0,40.8554138,-84.59111700000003,39161.0,452.69672855879753,2.34375,125,124,3,0,121,123,28281,4,0,0,4,1
2020-09-29,US,Ohio,Vinton,48,3,0,39.25208988,-82.4831444,39163.0,366.8322506687046,6.25,45,47,3,0,44,47,13139,1,0,0,1,0
2020-09-29,US,Ohio,Warren,3136,49,0,39.42581994,-84.16557457,39165.0,1336.7319971696745,1.5625,3087,3115,49,0,3066,3096,232173,21,0,0,21,19
2020-09-29,US,Ohio,Washington,263,23,0,39.45690571,-81.49121382,39167.0,438.984493665604,8.745247148288973,240,262,23,0,239,261,60155,1,0,0,1,1
2020-09-29,US,Ohio,Wayne,942,68,0,40.82925852,-81.88844833,39169.0,814.1042260824478,7.218683651804671,874,940,68,0,872,936,115967,2,0,0,2,4
2020-09-29,US,Ohio,Williams,216,3,0,41.56052014,-84.58429552,39171.0,588.6841818380028,1.3888888888888888,213,214,3,0,211,213,36804,2,0,0,2,1
2020-09-29,US,Ohio,Wood,1942,73,0,41.36224827,-83.62285108,39173.0,1484.5165383703952,3.7590113285272913,1869,1921,72,0,1849,1902,130696,21,1,0,20,19
2020-09-29,US,Ohio,Wyandot,215,12,0,40.84339621,-83.30734173,39175.0,987.5068895829506,5.5813953488372094,203,213,12,0,201,213,21935,2,0,0,2,0
2020-09-29,US,Oklahoma,Adair,634,10,0,35.88494195,-94.65859267,40001.0,2856.627917455168,1.5772870662460567,624,622,10,0,612,621,22082,12,0,0,12,1
2020-09-29,US,Oklahoma,Alfalfa,72,0,0,36.73090616,-98.32408495,40003.0,1262.7148368993335,0.0,72,72,0,0,72,65,5754,0,0,0,0,7
2020-09-29,US,Oklahoma,Atoka,310,1,0,34.37366573,-96.03802487,40005.0,2253.234481756069,0.3225806451612903,309,303,1,0,302,302,13838,7,0,0,7,1
2020-09-29,US,Oklahoma,Beaver,60,0,0,36.7496847,-100.4758872,40007.0,1129.730747505178,0.0,60,57,0,0,57,55,5319,3,0,0,3,2
2020-09-29,US,Oklahoma,Beckham,556,3,0,35.26862449,-99.68128023,40009.0,2543.5747289445994,0.5395683453237411,553,538,2,0,536,505,21709,18,1,0,17,33
2020-09-29,US,Oklahoma,Blaine,134,1,0,35.87518314,-98.43307003,40011.0,1421.1475235974121,0.746268656716418,133,131,1,0,130,126,9485,3,0,0,3,5
2020-09-29,US,Oklahoma,Bryan,978,4,0,33.96472458,-96.25903472,40013.0,2037.7122616939264,0.40899795501022496,974,965,4,0,961,960,47192,13,0,0,13,5
2020-09-29,US,Oklahoma,Caddo,791,21,0,35.17364557,-98.37534464,40015.0,2750.156456435575,2.6548672566371683,770,779,21,0,758,759,28977,12,0,0,12,20
2020-09-29,US,Oklahoma,Canadian,2360,17,0,35.5426055,-97.98465569,40017.0,1591.304465092444,0.7203389830508474,2343,2325,17,0,2308,2267,144447,35,0,0,35,58
2020-09-29,US,Oklahoma,Carter,555,8,0,34.25103751,-97.28552485,40019.0,1153.5823408368146,1.4414414414414414,547,553,8,0,545,551,48177,2,0,0,2,2
2020-09-29,US,Oklahoma,Cherokee,1099,8,0,35.90692775,-94.99980896,40021.0,2258.6678175802044,0.7279344858962693,1091,1085,8,0,1077,1078,48675,14,0,0,14,7
2020-09-29,US,Oklahoma,Choctaw,324,2,0,34.02807439,-95.54771129,40023.0,2208.287895310796,0.6172839506172839,322,322,2,0,320,319,14668,2,0,0,2,3
2020-09-29,US,Oklahoma,Cimarron,25,0,0,36.74817177,-102.5173885,40025.0,1169.864295741694,0.0,25,25,0,0,25,25,2153,0,0,0,0,0
2020-09-29,US,Oklahoma,Cleveland,6124,70,0,35.20413532,-97.32519562,40027.0,2156.231735055314,1.1430437622468974,6054,6063,70,0,5993,6007,281669,61,0,0,61,56
2020-09-29,US,Oklahoma,Coal,70,0,0,34.58840127,-96.29798747,40029.0,1273.8853503184716,0.0,70,70,0,0,70,70,5520,0,0,0,0,0
2020-09-29,US,Oklahoma,Comanche,1640,13,0,34.65973764,-98.47195055,40031.0,1358.189301774756,0.7926829268292683,1627,1610,13,0,1597,1599,120422,30,0,0,30,11
2020-09-29,US,Oklahoma,Cotton,68,3,0,34.28845626,-98.37053567,40033.0,1200.141193081539,4.411764705882354,65,68,3,0,65,68,5776,0,0,0,0,0
2020-09-29,US,Oklahoma,Craig,511,1,0,36.76268118,-95.20916602,40035.0,3613.3503040588316,0.19569471624266144,510,507,1,0,506,503,14306,4,0,0,4,4
2020-09-29,US,Oklahoma,Creek,1175,34,0,35.90230551,-96.37086028,40037.0,1642.851150694891,2.8936170212765964,1141,1157,33,0,1124,1145,71604,18,1,0,17,12
2020-09-29,US,Oklahoma,Custer,704,0,0,35.63853802,-99.00170785,40039.0,2427.3351032651794,0.0,704,685,0,0,685,671,29036,19,0,0,19,14
2020-09-29,US,Oklahoma,Delaware,775,25,0,36.40823634,-94.80325046,40041.0,1801.9484293984976,3.2258064516129035,750,756,25,0,731,749,42733,19,0,0,19,7
2020-09-29,US,Oklahoma,Dewey,68,1,0,35.98772922,-99.00730714,40043.0,1390.3087303209977,1.4705882352941178,67,67,1,0,66,67,4894,1,0,0,1,0
2020-09-29,US,Oklahoma,Ellis,11,0,0,36.218019399999996,-99.75324573,40045.0,285.0479398807981,0.0,11,11,0,0,11,11,3952,0,0,0,0,0
2020-09-29,US,Oklahoma,Garfield,1701,20,0,36.3791334,-97.78265517,40047.0,2785.966981132075,1.1757789535567311,1681,1680,20,0,1660,1654,60913,21,0,0,21,26
2020-09-29,US,Oklahoma,Garvin,373,5,0,34.70418038,-97.30811132,40049.0,1346.0358702320375,1.3404825737265416,368,372,5,0,367,369,27811,1,0,0,1,3
2020-09-29,US,Oklahoma,Grady,1107,11,0,35.0167709,-97.88339847,40051.0,1982.6628935773904,0.9936766034327009,1096,1083,11,0,1072,1076,55551,24,0,0,24,7
2020-09-29,US,Oklahoma,Grant,50,1,0,36.796296999999996,-97.78638765,40053.0,1153.9349180706208,2.0,49,48,0,0,48,47,4326,2,1,0,1,1
2020-09-29,US,Oklahoma,Greer,108,8,0,34.93535801,-99.56056120000001,40055.0,1890.7563025210086,7.407407407407407,100,108,8,0,100,108,5821,0,0,0,0,0
2020-09-29,US,Oklahoma,Harmon,44,0,0,34.7440135,-99.84741652,40057.0,1658.4998115341125,0.0,44,44,0,0,44,43,2664,0,0,0,0,1
2020-09-29,US,Oklahoma,Harper,29,1,0,36.78836519,-99.6679804,40059.0,786.3340563991324,3.4482758620689653,28,29,1,0,28,29,3797,0,0,0,0,0
2020-09-29,US,Oklahoma,Haskell,281,4,0,35.22257600000001,-95.11513306,40061.0,2225.3900372218263,1.4234875444839858,277,279,4,0,275,278,12668,2,0,0,2,1
2020-09-29,US,Oklahoma,Hughes,297,4,0,35.04912569,-96.24921145,40063.0,2236.6142028767226,1.3468013468013469,293,296,4,0,292,296,13335,1,0,0,1,0
2020-09-29,US,Oklahoma,Jackson,785,10,0,34.58781741,-99.41138784,40065.0,3200.163065633917,1.2738853503184713,775,775,10,0,765,765,24949,10,0,0,10,10
2020-09-29,US,Oklahoma,Jefferson,43,0,0,34.11130184,-97.83182974,40067.0,716.4278573808731,0.0,43,42,0,0,42,42,6123,1,0,0,1,0
2020-09-29,US,Oklahoma,Johnston,180,4,0,34.31440473,-96.66011537,40069.0,1623.8159675236807,2.2222222222222223,176,173,4,0,169,167,10949,7,0,0,7,6
2020-09-29,US,Oklahoma,Kay,616,13,0,36.81799745,-97.14421435,40071.0,1414.855987872663,2.1103896103896105,603,596,13,0,583,594,44161,20,0,0,20,2
2020-09-29,US,Oklahoma,Kingfisher,357,2,0,35.94530008,-97.94193268,40073.0,2264.5099904852523,0.5602240896358543,355,352,2,0,350,348,15816,5,0,0,5,4
2020-09-29,US,Oklahoma,Kiowa,77,2,0,34.91671958,-98.97720696,40075.0,884.2443729903537,2.5974025974025974,75,76,2,0,74,76,8729,1,0,0,1,0
2020-09-29,US,Oklahoma,Latimer,138,2,0,34.87844729,-95.25215049,40077.0,1369.9990072470962,1.4492753623188406,136,137,2,0,135,137,10231,1,0,0,1,0
2020-09-29,US,Oklahoma,Le Flore,1163,18,0,34.89851864,-94.70392124,40079.0,2332.858604296632,1.5477214101461736,1145,1136,18,0,1118,1118,49980,27,0,0,27,18
2020-09-29,US,Oklahoma,Lincoln,460,10,0,35.70270942,-96.8812462,40081.0,1318.9207787367036,2.1739130434782608,450,452,10,0,442,446,34920,8,0,0,8,6
2020-09-29,US,Oklahoma,Logan,504,1,0,35.91899576,-97.44352845,40083.0,1049.7594301305949,0.1984126984126984,503,492,1,0,491,483,47291,12,0,0,12,9
2020-09-29,US,Oklahoma,Love,186,1,0,33.95273467,-97.23906784,40085.0,1814.1031893104453,0.5376344086021505,185,179,1,0,178,178,10134,7,0,0,7,1
2020-09-29,US,Oklahoma,Major,96,1,0,36.31149996,-98.53467076,40093.0,1258.3562721195435,1.0416666666666667,95,91,1,0,90,90,7644,5,0,0,5,1
2020-09-29,US,Oklahoma,Marshall,183,2,0,34.02311222,-96.76855464,40095.0,1080.8575984879806,1.0928961748633879,181,181,2,0,179,180,16806,2,0,0,2,1
2020-09-29,US,Oklahoma,Mayes,653,11,0,36.30179091,-95.23175116,40097.0,1588.8077858880781,1.6845329249617151,642,641,11,0,630,636,41107,12,0,0,12,5
2020-09-29,US,Oklahoma,McClain,884,7,0,35.01123903,-97.44572302,40087.0,2184.1181993378464,0.7918552036199095,877,874,7,0,867,861,39985,10,0,0,10,13
2020-09-29,US,Oklahoma,McCurtain,1289,34,0,34.11664328,-94.77222373,40089.0,3926.0477582846006,2.637703646237393,1255,1285,34,0,1251,1279,32703,4,0,0,4,6
2020-09-29,US,Oklahoma,McIntosh,328,5,0,35.37235506,-95.66599306,40091.0,1673.8109818330277,1.5243902439024388,323,324,5,0,319,323,19815,4,0,0,4,1
2020-09-29,US,Oklahoma,Murray,144,1,0,34.48116015,-97.06826283,40099.0,1023.2359837987635,0.6944444444444444,143,139,1,0,138,138,13953,5,0,0,5,1
2020-09-29,US,Oklahoma,Muskogee,1846,23,0,35.61318461,-95.37802952,40101.0,2714.825654072974,1.2459371614301191,1823,1832,23,0,1809,1823,68362,14,0,0,14,9
2020-09-29,US,Oklahoma,Noble,152,2,0,36.38953329,-97.22928674,40103.0,1365.5556553768754,1.3157894736842106,150,152,2,0,150,152,11289,0,0,0,0,0
2020-09-29,US,Oklahoma,Nowata,151,4,0,36.79843529,-95.61902331,40105.0,1498.6105597459314,2.6490066225165565,147,151,4,0,147,150,10218,0,0,0,0,1
2020-09-29,US,Oklahoma,Okfuskee,143,5,0,35.46485198,-96.32639984,40107.0,1192.362211289919,3.4965034965034967,138,140,4,0,136,140,12098,3,1,0,2,0
2020-09-29,US,Oklahoma,Oklahoma,18175,195,0,35.55140095,-97.40716948,40109.0,2279.185487450999,1.0729023383768914,17980,18018,194,0,17824,17869,792582,157,1,0,156,149
2020-09-29,US,Oklahoma,Okmulgee,849,7,0,35.64661916,-95.96432828,40111.0,2207.201351878331,0.8244994110718492,842,835,7,0,828,832,38335,14,0,0,14,3
2020-09-29,US,Oklahoma,Osage,1000,13,0,36.62888819,-96.39635704,40113.0,2129.3358601452205,1.3,987,985,13,0,972,906,47014,15,0,0,15,79
2020-09-29,US,Oklahoma,Ottawa,875,6,0,36.83532655,-94.81011909,40115.0,2811.064349278761,0.6857142857142857,869,871,6,0,865,866,31175,4,0,0,4,5
2020-09-29,US,Oklahoma,Pawnee,258,3,0,36.31743373,-96.70331759999999,40117.0,1575.476306790425,1.162790697674419,255,255,3,0,252,252,16390,3,0,0,3,3
2020-09-29,US,Oklahoma,Payne,2275,7,0,36.07695283,-96.97584944,40119.0,2781.717695392742,0.3076923076923077,2268,2254,6,0,2248,2231,82040,21,1,0,20,23
2020-09-29,US,Oklahoma,Pittsburg,969,19,0,34.92065823,-95.75134320000001,40121.0,2219.727859989921,1.96078431372549,950,963,19,0,944,960,43877,6,0,0,6,3
2020-09-29,US,Oklahoma,Pontotoc,434,3,0,34.72959848,-96.68337199,40123.0,1133.6328492320552,0.6912442396313364,431,427,3,0,424,417,38247,7,0,0,7,10
2020-09-29,US,Oklahoma,Pottawatomie,1371,10,0,35.20614018,-96.94923008,40125.0,1888.6378664315628,0.7293946024799417,1361,1364,10,0,1354,1350,72679,7,0,0,7,14
2020-09-29,US,Oklahoma,Pushmataha,164,2,0,34.41635232,-95.37603505,40127.0,1478.0100937274694,1.2195121951219512,162,164,2,0,162,164,11179,0,0,0,0,0
2020-09-29,US,Oklahoma,Roger Mills,57,1,0,35.68711719,-99.69666167,40129.0,1590.845660061401,1.7543859649122806,56,52,1,0,51,51,3656,5,0,0,5,1
2020-09-29,US,Oklahoma,Rogers,1905,52,0,36.37004357,-95.60406759,40131.0,2060.3727057398414,2.729658792650919,1853,1875,50,0,1825,1867,91984,30,2,0,28,8
2020-09-29,US,Oklahoma,Seminole,460,6,0,35.16478725,-96.61686741,40133.0,1896.2816390469125,1.3043478260869563,454,453,6,0,447,450,24578,7,0,0,7,3
2020-09-29,US,Oklahoma,Sequoyah,907,11,0,35.49447108,-94.75463785,40135.0,2181.914407370877,1.2127894156560088,896,898,11,0,887,884,41179,9,0,0,9,14
2020-09-29,US,Oklahoma,Stephens,450,5,0,34.48556989,-97.85141892,40137.0,1043.0429038314442,1.1111111111111112,445,444,5,0,439,433,43265,6,0,0,6,11
2020-09-29,US,Oklahoma,Texas,1540,10,0,36.74777635,-101.4889765,40139.0,7706.550567982786,0.6493506493506493,1530,1520,9,0,1511,1519,20455,20,1,0,19,1
2020-09-29,US,Oklahoma,Tillman,99,2,0,34.37288446,-98.92426619,40141.0,1365.5172413793102,2.0202020202020203,97,99,2,0,97,99,7348,0,0,0,0,0
2020-09-29,US,Oklahoma,Tulsa,17207,162,0,36.11939621,-95.94013939,40143.0,2640.925052797014,0.9414773057476608,17045,17004,160,0,16844,16887,648360,203,2,0,201,117
2020-09-29,US,Oklahoma,Unassigned,23,0,0,0.0,0.0,90040.0,0.0,0.0,23,51,0,0,51,51,,-28,0,0,-28,0
2020-09-29,US,Oklahoma,Wagoner,1498,26,0,35.96024096,-95.51911308,40145.0,1842.8077599675232,1.7356475300400531,1472,1481,26,0,1455,1476,80110,17,0,0,17,5
2020-09-29,US,Oklahoma,Washington,1000,40,0,36.71380786,-95.90514104,40147.0,1940.7301026646226,4.0,960,993,40,0,953,992,51843,7,0,0,7,1
2020-09-29,US,Oklahoma,Washita,87,0,0,35.29071824,-98.99180434,40149.0,796.9952363503114,0.0,87,86,0,0,86,83,11127,1,0,0,1,3
2020-09-29,US,Oklahoma,Woods,113,0,0,36.76705782,-98.86573064,40151.0,1285.1131581940178,0.0,113,113,0,0,113,109,8897,0,0,0,0,4
2020-09-29,US,Oklahoma,Woodward,1091,4,0,36.42316318,-99.26283045,40153.0,5398.05056652318,0.3666361136571952,1087,1059,4,0,1055,1036,20222,32,0,0,32,23
2020-09-29,US,Oregon,Baker,95,2,0,44.70915557,-117.6749883,41001.0,589.1838253535103,2.1052631578947367,93,94,2,0,92,94,16006,1,0,0,1,0
2020-09-29,US,Oregon,Benton,322,6,0,44.49167306,-123.4316987,41003.0,346.0393539165852,1.8633540372670807,316,314,6,0,308,310,92101,8,0,0,8,4
2020-09-29,US,Oregon,Clackamas,2448,62,0,45.18787398,-122.2179634,41005.0,585.3840506758938,2.5326797385620914,2386,2420,61,0,2359,2408,416075,28,1,0,27,12
2020-09-29,US,Oregon,Clatsop,218,0,0,45.99712889,-123.660711,41007.0,541.9649960222753,0.0,218,217,0,0,217,212,39764,1,0,0,1,5
2020-09-29,US,Oregon,Columbia,182,1,0,45.94464254,-123.08908980000001,41009.0,347.6334186499599,0.5494505494505495,181,179,1,0,178,171,52377,3,0,0,3,8
2020-09-29,US,Oregon,Coos,158,0,0,43.17406868,-124.0594514,41011.0,245.0106222959666,0.0,158,157,0,0,157,157,64389,1,0,0,1,0
2020-09-29,US,Oregon,Crook,63,1,0,44.14230227,-120.356297,41013.0,258.1544009178823,1.5873015873015872,62,62,1,0,61,62,23867,1,0,0,1,0
2020-09-29,US,Oregon,Curry,31,0,0,42.45911325,-124.15728200000001,41015.0,135.22355507088332,0.0,31,31,0,0,31,31,22813,0,0,0,0,0
2020-09-29,US,Oregon,Deschutes,859,12,0,43.91570171,-121.2289121,41017.0,434.51429496388323,1.3969732246798603,847,852,12,0,840,840,191996,7,0,0,7,12
2020-09-29,US,Oregon,Douglas,239,4,0,43.27941273,-123.16729099999999,41019.0,215.35411785907368,1.6736401673640169,235,233,4,0,229,232,110283,6,0,0,6,1
2020-09-29,US,Oregon,Gilliam,8,0,0,45.37160076,-120.20488689999999,41021.0,418.41004184100416,0.0,8,8,0,0,8,8,1894,0,0,0,0,0
2020-09-29,US,Oregon,Grant,10,0,0,44.49024544,-119.0068631,41023.0,138.90818169190166,0.0,10,10,0,0,10,10,7176,0,0,0,0,0
2020-09-29,US,Oregon,Harney,12,0,0,43.06422669,-118.96663059999999,41025.0,162.31570404436633,0.0,12,12,0,0,12,12,7329,0,0,0,0,0
2020-09-29,US,Oregon,Hood River,252,0,0,45.51872811,-121.65520359999998,41027.0,1077.752117013087,0.0,252,252,0,0,252,251,23428,0,0,0,0,1
2020-09-29,US,Oregon,Jackson,1171,5,0,42.43201126,-122.72893090000001,41029.0,529.9985516692012,0.4269854824935952,1166,1161,5,0,1156,1148,219564,10,0,0,10,13
2020-09-29,US,Oregon,Jefferson,545,8,0,44.62806839,-121.17832,41031.0,2210.23602887501,1.4678899082568808,537,541,8,0,533,534,24192,4,0,0,4,7
2020-09-29,US,Oregon,Josephine,203,2,0,42.3665549,-123.5561938,41033.0,232.03447369323442,0.9852216748768472,201,198,2,0,196,198,87393,5,0,0,5,0
2020-09-29,US,Oregon,Klamath,290,2,0,42.68762984,-121.64964609999998,41035.0,424.983147220024,0.6896551724137931,288,280,2,0,278,280,67653,10,0,0,10,0
2020-09-29,US,Oregon,Lake,33,0,0,42.79246693,-120.38501629999999,41037.0,419.3671368661838,0.0,33,33,0,0,33,33,7879,0,0,0,0,0
2020-09-29,US,Oregon,Lane,1267,17,0,43.93727035,-122.847753,41039.0,331.6172294388157,1.3417521704814523,1250,1234,17,0,1217,1210,379611,33,0,0,33,24
2020-09-29,US,Oregon,Lincoln,481,13,0,44.64252874,-123.86991200000001,41041.0,962.7316760738161,2.702702702702702,468,482,13,0,469,482,49388,-1,0,0,-1,0
2020-09-29,US,Oregon,Linn,525,13,0,44.48899494,-122.53731540000001,41043.0,404.62739597222327,2.4761904761904763,512,522,13,0,509,522,127335,3,0,0,3,0
2020-09-29,US,Oregon,Malheur,1642,30,0,43.1937027,-117.62273950000001,41045.0,5371.103333224298,1.8270401948842876,1612,1633,27,0,1606,1627,30725,9,3,0,6,6
2020-09-29,US,Oregon,Marion,4743,95,0,44.90287942,-122.58151170000001,41047.0,1363.64420472776,2.0029517183217367,4648,4695,94,0,4601,4683,346868,48,1,0,47,12
2020-09-29,US,Oregon,Morrow,509,6,0,45.41846568,-119.584546,41049.0,4386.796518141859,1.1787819253438114,503,505,6,0,499,499,11372,4,0,0,4,6
2020-09-29,US,Oregon,Multnomah,7257,140,0,45.54747959,-122.4169351,41051.0,892.7791549538356,1.9291718340912225,7117,7204,138,0,7066,7184,811880,53,2,0,51,20
2020-09-29,US,Oregon,Polk,535,15,0,44.90322804,-123.4128888,41053.0,621.4787709821687,2.803738317757009,520,532,15,0,517,530,85234,3,0,0,3,2
2020-09-29,US,Oregon,Sherman,18,0,0,45.41501554,-120.6827834,41055.0,1011.2359550561798,0.0,18,18,0,0,18,18,1708,0,0,0,0,0
2020-09-29,US,Oregon,Tillamook,53,0,0,45.46248721,-123.712066,41057.0,196.0349164077526,0.0,53,53,0,0,53,53,26787,0,0,0,0,0
2020-09-29,US,Oregon,Umatilla,2998,41,0,45.59073056,-118.7353826,41059.0,3846.055163566389,1.3675783855903936,2957,2987,41,0,2946,2976,77516,11,0,0,11,11
2020-09-29,US,Oregon,Union,446,2,0,45.30915495,-118.0068979,41061.0,1662.0085708962176,0.4484304932735426,444,446,2,0,444,446,26461,0,0,0,0,0
2020-09-29,US,Oregon,Wallowa,32,1,0,45.57894064,-117.18353799999998,41063.0,443.95116537180917,3.125,31,31,1,0,30,31,7081,1,0,0,1,0
2020-09-29,US,Oregon,Wasco,296,3,0,45.16292781,-121.16709540000001,41065.0,1109.36211678285,1.0135135135135136,293,296,3,0,293,292,26505,0,0,0,0,4
2020-09-29,US,Oregon,Washington,4581,60,0,45.55972701,-123.0955257,41067.0,761.4795409513423,1.309757694826457,4521,4540,60,0,4480,4519,597695,41,0,0,41,21
2020-09-29,US,Oregon,Yamhill,769,14,0,45.23330449,-123.3086963,41071.0,718.0205415499534,1.820546163849155,755,762,13,0,749,757,107002,7,1,0,6,5
2020-09-29,US,Pennsylvania,Adams,837,26,0,39.87140411,-77.21610347,42001.0,812.5503596773098,3.106332138590203,811,835,26,0,809,833,102811,2,0,0,2,2
2020-09-29,US,Pennsylvania,Allegheny,12305,357,0,40.46809875,-79.98167747,42003.0,1011.886895632974,2.9012596505485573,11948,12234,355,0,11879,12162,1218452,71,2,0,69,72
2020-09-29,US,Pennsylvania,Armstrong,444,18,0,40.81665618,-79.46290811,42005.0,685.8731752529543,4.0540540540540535,426,439,18,0,421,435,65263,5,0,0,5,4
2020-09-29,US,Pennsylvania,Beaver,1905,122,0,40.6825484,-80.34921611,42007.0,1162.0884651281958,6.404199475065616,1783,1901,122,0,1779,1886,164742,4,0,0,4,15
2020-09-29,US,Pennsylvania,Bedford,243,6,0,40.00522157,-78.48998442,42009.0,507.43401269629135,2.469135802469136,237,242,6,0,236,242,48176,1,0,0,1,0
2020-09-29,US,Pennsylvania,Berks,7141,394,0,40.41570541,-75.92457766,42011.0,1695.5390299265844,5.517434532978576,6747,7091,393,0,6698,7069,420152,50,1,0,49,22
2020-09-29,US,Pennsylvania,Blair,705,18,0,40.47961444,-78.34917412,42013.0,578.6799530489458,2.5531914893617023,687,689,18,0,671,679,122492,16,0,0,16,10
2020-09-29,US,Pennsylvania,Bradford,166,4,0,41.78869215,-76.51570822,42015.0,275.18525272284205,2.409638554216868,162,156,3,0,153,148,60833,10,1,0,9,8
2020-09-29,US,Pennsylvania,Bucks,8849,607,0,40.33682119,-75.10836643,42017.0,1408.4708803539884,6.8595321505254825,8242,8819,607,0,8212,8789,628195,30,0,0,30,30
2020-09-29,US,Pennsylvania,Butler,1059,25,0,40.91152759,-79.91351055,42019.0,563.7386680010434,2.3607176581680833,1034,1052,25,0,1027,1049,187888,7,0,0,7,3
2020-09-29,US,Pennsylvania,Cambria,585,7,0,40.49527404,-78.71377428,42021.0,449.3363647535947,1.1965811965811963,578,579,7,0,572,574,131730,6,0,0,6,5
2020-09-29,US,Pennsylvania,Cameron,8,0,0,41.43625568,-78.20376845,42023.0,179.89655947830002,0.0,8,8,0,0,8,8,4492,0,0,0,0,0
2020-09-29,US,Pennsylvania,Carbon,467,28,0,40.91545395,-75.7068525,42025.0,727.6183353588234,5.995717344753747,439,466,28,0,438,463,64227,1,0,0,1,3
2020-09-29,US,Pennsylvania,Centre,2667,11,0,40.92058903,-77.82200624,42027.0,1642.3930781784036,0.4124484439445069,2656,2551,11,0,2540,2481,162805,116,0,0,116,70
2020-09-29,US,Pennsylvania,Chester,6920,367,0,39.97291773,-75.74768357,42029.0,1318.122855907457,5.303468208092486,6553,6777,367,0,6410,6777,522046,143,0,0,143,0
2020-09-29,US,Pennsylvania,Clarion,127,3,0,41.19265812,-79.42413524,42031.0,330.4022061501638,2.3622047244094486,124,122,3,0,119,122,38779,5,0,0,5,0
2020-09-29,US,Pennsylvania,Clearfield,329,6,0,41.00110782,-78.47592663,42033.0,415.1157655668412,1.82370820668693,323,324,6,0,318,323,79388,5,0,0,5,1
2020-09-29,US,Pennsylvania,Clinton,208,6,0,41.23255967,-77.63785995,42035.0,538.4137502588528,2.8846153846153846,202,207,6,0,201,207,38684,1,0,0,1,0
2020-09-29,US,Pennsylvania,Columbia,907,35,0,41.04821986,-76.40565017,42037.0,1396.1578720522134,3.858875413450937,872,893,35,0,858,889,65456,14,0,0,14,4
2020-09-29,US,Pennsylvania,Crawford,311,3,0,41.68447709,-80.10760592,42039.0,367.4863226553545,0.964630225080386,308,308,3,0,305,305,85063,3,0,0,3,3
2020-09-29,US,Pennsylvania,Cumberland,1890,77,0,40.1625372,-77.26130755,42041.0,745.9446659036192,4.0740740740740735,1813,1877,77,0,1800,1859,251423,13,0,0,13,18
2020-09-29,US,Pennsylvania,Dauphin,3830,181,0,40.41377078,-76.77993242,42043.0,1376.2176651730692,4.725848563968668,3649,3806,181,0,3625,3788,277097,24,0,0,24,18
2020-09-29,US,Pennsylvania,Delaware,11482,756,0,39.91680171,-75.40243663,42045.0,2025.9480861830764,6.584218777216513,10726,11422,756,0,10666,11401,564751,60,0,0,60,21
2020-09-29,US,Pennsylvania,Elk,73,2,0,41.42822061,-78.64524744,42047.0,244.06552992310262,2.7397260273972597,71,73,2,0,71,72,30169,0,0,0,0,1
2020-09-29,US,Pennsylvania,Erie,1563,38,0,41.99253829,-80.03301954,42049.0,579.4726539328509,2.4312220089571337,1525,1552,38,0,1514,1544,272061,11,0,0,11,8
2020-09-29,US,Pennsylvania,Fayette,809,7,0,39.92041012,-79.64291195,42051.0,625.8025589058898,0.865265760197775,802,803,7,0,796,799,130441,6,0,0,6,4
2020-09-29,US,Pennsylvania,Forest,15,0,0,41.51095103,-79.23229292,42053.0,206.9821995308404,0.0,15,15,0,0,15,15,7279,0,0,0,0,0
2020-09-29,US,Pennsylvania,Franklin,1790,50,0,39.92956518,-77.72157791,42055.0,1154.637579260387,2.793296089385475,1740,1777,50,0,1727,1774,154835,13,0,0,13,3
2020-09-29,US,Pennsylvania,Fulton,53,2,0,39.92913544,-78.11163677,42057.0,364.762560220234,3.7735849056603774,51,50,2,0,48,48,14523,3,0,0,3,2
2020-09-29,US,Pennsylvania,Greene,188,1,0,39.85746531,-80.22357106,42059.0,518.8640189882152,0.5319148936170213,187,188,1,0,187,187,36506,0,0,0,0,1
2020-09-29,US,Pennsylvania,Huntingdon,405,6,0,40.42162652,-77.97673273,42061.0,897.1291866028707,1.4814814814814814,399,404,6,0,398,403,45168,1,0,0,1,1
2020-09-29,US,Pennsylvania,Indiana,730,12,0,40.65241041,-79.08963285,42063.0,868.2930310563437,1.643835616438356,718,717,12,0,705,707,84501,13,0,0,13,10
2020-09-29,US,Pennsylvania,Jefferson,112,3,0,41.12913106,-78.9986361,42065.0,257.915947035118,2.6785714285714284,109,112,3,0,109,113,43641,0,0,0,0,-1
2020-09-29,US,Pennsylvania,Juniata,194,7,0,40.53358749,-77.39975129999998,42067.0,783.4268868876953,3.608247422680413,187,191,7,0,184,191,24704,3,0,0,3,0
2020-09-29,US,Pennsylvania,Lackawanna,2579,217,0,41.43564672,-75.60379201,42069.0,1230.0046739223746,8.414113997673518,2362,2555,217,0,2338,2541,210793,24,0,0,24,14
2020-09-29,US,Pennsylvania,Lancaster,7938,459,0,40.03904563,-76.24770128,42071.0,1454.5814367702355,5.782312925170068,7479,7887,458,0,7429,7859,543557,51,1,0,50,28
2020-09-29,US,Pennsylvania,Lawrence,531,23,0,40.99206278,-80.33393706,42073.0,620.9654785293292,4.331450094161959,508,531,23,0,508,519,86184,0,0,0,0,12
2020-09-29,US,Pennsylvania,Lebanon,2057,59,0,40.36680311,-76.45651841,42075.0,1450.7063113129702,2.868254739912494,1998,2049,59,0,1990,2037,141314,8,0,0,8,12
2020-09-29,US,Pennsylvania,Lehigh,5669,353,0,40.6154815,-75.59435245,42077.0,1534.9915249189044,6.226847768565885,5316,5637,353,0,5284,5623,368100,32,0,0,32,14
2020-09-29,US,Pennsylvania,Luzerne,4126,190,0,41.17823008,-75.98447579,42079.0,1299.8673669022141,4.604944255937954,3936,4114,190,0,3924,4102,317646,12,0,0,12,12
2020-09-29,US,Pennsylvania,Lycoming,699,25,0,41.34310539,-77.06629984,42081.0,616.9516059276782,3.57653791130186,674,694,25,0,669,690,113664,5,0,0,5,4
2020-09-29,US,Pennsylvania,McKean,58,2,0,41.80938602,-78.56478358,42083.0,142.76923076923075,3.4482758620689653,56,57,2,0,55,57,40968,1,0,0,1,0
2020-09-29,US,Pennsylvania,Mercer,741,18,0,41.30248872,-80.25816981,42085.0,677.1823365989178,2.42914979757085,723,735,17,0,718,728,110683,6,1,0,5,7
2020-09-29,US,Pennsylvania,Mifflin,229,2,0,40.61116939,-77.61070738,42087.0,496.3370757293337,0.8733624454148472,227,226,2,0,224,224,46222,3,0,0,3,2
2020-09-29,US,Pennsylvania,Monroe,1801,133,0,41.05934058,-75.34031025,42089.0,1057.7256256203343,7.384786229872294,1668,1797,133,0,1664,1792,169507,4,0,0,4,5
2020-09-29,US,Pennsylvania,Montgomery,12258,878,0,40.21053671,-75.36652296,42091.0,1475.2411498167685,7.162669277206723,11380,12209,878,0,11331,12180,828604,49,0,0,49,29
2020-09-29,US,Pennsylvania,Montour,173,5,0,41.03023987,-76.66345939,42093.0,948.9851892484917,2.8901734104046244,168,174,5,0,169,174,18240,-1,0,0,-1,0
2020-09-29,US,Pennsylvania,Northampton,4513,305,0,40.75182733,-75.30471829,42095.0,1478.2907774702328,6.758253933082208,4208,4503,305,0,4198,4487,304807,10,0,0,10,16
2020-09-29,US,Pennsylvania,Northumberland,1053,57,0,40.84785433,-76.70798222,42097.0,1159.1426967405305,5.413105413105413,996,1039,55,0,984,1024,91083,14,2,0,12,15
2020-09-29,US,Pennsylvania,Perry,228,6,0,40.40206612,-77.26297447,42099.0,492.7385892116184,2.631578947368421,222,223,6,0,217,222,46139,5,0,0,5,1
2020-09-29,US,Pennsylvania,Philadelphia,37067,1801,0,40.00338507,-75.1379271,42101.0,2339.9938386327826,4.858769255672161,35266,36452,1800,0,34652,36187,1584138,615,1,0,614,265
2020-09-29,US,Pennsylvania,Pike,579,22,0,41.33155042,-75.03208106,42103.0,1037.4670752029242,3.7996545768566494,557,576,22,0,554,577,55933,3,0,0,3,-1
2020-09-29,US,Pennsylvania,Potter,29,0,0,41.74471626,-77.89559864,42105.0,175.48106014764613,0.0,29,29,0,0,29,29,16622,0,0,0,0,0
2020-09-29,US,Pennsylvania,Schuylkill,1175,52,0,40.70497338,-76.2150785,42107.0,831.2169723894482,4.425531914893617,1123,1160,52,0,1108,1143,142067,15,0,0,15,17
2020-09-29,US,Pennsylvania,Snyder,325,5,0,40.77129231,-77.06840691,42109.0,805.0133756068562,1.5384615384615383,320,315,4,0,311,314,40540,10,1,0,9,1
2020-09-29,US,Pennsylvania,Somerset,219,3,0,39.97172723,-79.02699593,42111.0,298.17419363622747,1.3698630136986298,216,219,3,0,216,218,73952,0,0,0,0,1
2020-09-29,US,Pennsylvania,Sullivan,13,0,0,41.44634738,-76.51246591,42113.0,214.3092647543686,0.0,13,13,0,0,13,13,6071,0,0,0,0,0
2020-09-29,US,Pennsylvania,Susquehanna,294,28,0,41.82147784,-75.80071959,42115.0,729.0220194405873,9.523809523809524,266,293,28,0,265,293,40589,1,0,0,1,0
2020-09-29,US,Pennsylvania,Tioga,73,3,0,41.77255149,-77.25433032,42117.0,179.84282230051002,4.109589041095891,70,70,3,0,67,70,40763,3,0,0,3,0
2020-09-29,US,Pennsylvania,Union,475,6,0,40.96188846,-77.05996014,42119.0,1057.3648242548359,1.263157894736842,469,475,6,0,469,472,44785,0,0,0,0,3
2020-09-29,US,Pennsylvania,Venango,87,1,0,41.40323442,-79.75845449,42121.0,171.7060077366385,1.1494252873563218,86,84,1,0,83,85,51266,3,0,0,3,-1
2020-09-29,US,Pennsylvania,Warren,44,1,0,41.81304978,-79.26969577,42123.0,112.2706743895282,2.272727272727273,43,43,1,0,42,43,39498,1,0,0,1,0
2020-09-29,US,Pennsylvania,Washington,1364,30,0,40.19208869,-80.24582867,42125.0,659.3672201677423,2.1994134897360698,1334,1346,30,0,1316,1338,207346,18,0,0,18,8
2020-09-29,US,Pennsylvania,Wayne,237,10,0,41.64938475,-75.29956506,42127.0,461.4396137146863,4.219409282700422,227,234,10,0,224,232,51276,3,0,0,3,2
2020-09-29,US,Pennsylvania,Westmoreland,2260,56,0,40.31377979999999,-79.46615476,42129.0,647.7519282084501,2.4778761061946897,2204,2246,55,0,2191,2225,350611,14,1,0,13,21
2020-09-29,US,Pennsylvania,Wyoming,78,8,0,41.51955538,-76.01074915,42131.0,291.10994998880346,10.256410256410255,70,78,8,0,70,76,27046,0,0,0,0,2
2020-09-29,US,Pennsylvania,York,4891,158,0,39.9210089,-76.73040131,42133.0,1089.1688824160801,3.230423226334083,4733,4851,156,0,4695,4828,448273,40,2,0,38,23
2020-09-29,US,Puerto Rico,Adjuntas,150,0,0,18.180117000000006,-66.754367,72001.0,769.9019658163527,0.0,150,150,0,0,150,147,,0,0,0,0,3
2020-09-29,US,Puerto Rico,Aguada,348,0,0,18.360255,-67.17513100000001,72003.0,829.3810624657402,0.0,348,342,0,0,342,338,,6,0,0,6,4
2020-09-29,US,Puerto Rico,Aguadilla,438,0,0,18.459681,-67.12081500000001,72005.0,718.6336117081496,0.0,438,435,0,0,435,435,,3,0,0,3,0
2020-09-29,US,Puerto Rico,Aguas Buenas,282,0,0,18.251619,-66.126806,72007.0,983.9840887679263,0.0,282,270,0,0,270,269,,12,0,0,12,1
2020-09-29,US,Puerto Rico,Aibonito,158,0,0,18.131361,-66.264131,72009.0,610.0386100386098,0.0,158,157,0,0,157,156,,1,0,0,1,1
2020-09-29,US,Puerto Rico,Anasco,225,0,0,18.287985,-67.120611,72011.0,768.9415946139914,0.0,225,222,0,0,222,222,,3,0,0,3,0
2020-09-29,US,Puerto Rico,Arecibo,845,0,0,18.406631,-66.675077,72013.0,876.1924512650353,0.0,845,836,0,0,836,827,,9,0,0,9,9
2020-09-29,US,Puerto Rico,Arroyo,169,0,0,17.998457000000005,-66.056546,72015.0,863.3461047254152,0.0,169,165,0,0,165,165,,4,0,0,4,0
2020-09-29,US,Puerto Rico,Barceloneta,250,0,0,18.445532999999998,-66.56053100000001,72017.0,1007.4145712443584,0.0,250,245,0,0,245,239,,5,0,0,5,6
2020-09-29,US,Puerto Rico,Barranquitas,476,0,0,18.201592,-66.30963,72019.0,1570.0244079424765,0.0,476,456,0,0,456,446,,20,0,0,20,10
2020-09-29,US,Puerto Rico,Bayamon,3847,0,0,18.34946,-66.168435,72021.0,1848.4883430394586,0.0,3847,3767,0,0,3767,3695,,80,0,0,80,72
2020-09-29,US,Puerto Rico,Cabo Rojo,349,0,0,18.040993,-67.154391,72023.0,685.4292279592278,0.0,349,347,0,0,347,342,,2,0,0,2,5
2020-09-29,US,Puerto Rico,Caguas,1653,0,0,18.211615,-66.050779,72025.0,1156.8096407801645,0.0,1653,1627,0,0,1627,1596,,26,0,0,26,31
2020-09-29,US,Puerto Rico,Camuy,295,0,0,18.418578,-66.860206,72027.0,839.0454791091897,0.0,295,290,0,0,290,283,,5,0,0,5,7
2020-09-29,US,Puerto Rico,Canovanas,729,0,0,18.328802,-65.887612,72029.0,1529.9697783747479,0.0,729,715,0,0,715,690,,14,0,0,14,25
2020-09-29,US,Puerto Rico,Carolina,2912,0,0,18.374986,-65.95683100000001,72031.0,1647.4129054887362,0.0,2912,2842,0,0,2842,2611,,70,0,0,70,231
2020-09-29,US,Puerto Rico,Catano,469,0,0,18.437269,-66.14330600000001,72033.0,1666.666666666667,0.0,469,455,0,0,455,449,,14,0,0,14,6
2020-09-29,US,Puerto Rico,Cayey,363,0,0,18.102851,-66.14914,72035.0,754.3797668280721,0.0,363,357,0,0,357,354,,6,0,0,6,3
2020-09-29,US,Puerto Rico,Ceiba,144,0,0,18.251818,-65.666416,72037.0,1056.4155234392194,0.0,144,141,0,0,141,132,,3,0,0,3,9
2020-09-29,US,Puerto Rico,Ciales,259,0,0,18.28885,-66.516475,72039.0,1378.9798743477795,0.0,259,253,0,0,253,252,,6,0,0,6,1
2020-09-29,US,Puerto Rico,Cidra,342,0,0,18.173559,-66.161179,72041.0,786.5685372585097,0.0,342,329,0,0,329,314,,13,0,0,13,15
2020-09-29,US,Puerto Rico,Coamo,307,0,0,18.097597,-66.36014,72043.0,757.8001579778831,0.0,307,294,0,0,294,289,,13,0,0,13,5
2020-09-29,US,Puerto Rico,Comerio,254,0,0,18.224687,-66.221622,72045.0,1222.4468187506016,0.0,254,252,0,0,252,250,,2,0,0,2,2
2020-09-29,US,Puerto Rico,Corozal,634,0,0,18.304264,-66.327738,72047.0,1706.9624683646546,0.0,634,617,0,0,617,611,,17,0,0,17,6
2020-09-29,US,Puerto Rico,Culebra,23,0,0,18.31586,-65.28813000000001,72049.0,1265.1265126512649,0.0,23,23,0,0,23,23,,0,0,0,0,0
2020-09-29,US,Puerto Rico,Dorado,811,0,0,18.436115,-66.278669,72051.0,2124.983623739028,0.0,811,802,0,0,802,786,,9,0,0,9,16
2020-09-29,US,Puerto Rico,Fajardo,570,0,0,18.318373,-65.666866,72053.0,1540.8320493066253,0.0,570,552,0,0,552,543,,18,0,0,18,9
2020-09-29,US,Puerto Rico,Florida,270,0,0,18.373715,-66.560488,72054.0,2129.3375394321765,0.0,270,269,0,0,269,269,,1,0,0,1,0
2020-09-29,US,Puerto Rico,Guanica,107,0,0,17.982429,-66.91964300000001,72055.0,550.77984248726,0.0,107,107,0,0,107,104,,0,0,0,0,3
2020-09-29,US,Puerto Rico,Guayama,301,0,0,18.007516,-66.13390799999999,72057.0,663.5509898152637,0.0,301,287,0,0,287,287,,14,0,0,14,0
2020-09-29,US,Puerto Rico,Guayanilla,183,0,0,18.039942,-66.79186,72059.0,847.9681201056485,0.0,183,179,0,0,179,179,,4,0,0,4,0
2020-09-29,US,Puerto Rico,Guaynabo,1796,0,0,18.345114000000002,-66.11452299999999,72061.0,1834.0754054164454,0.0,1796,1757,0,0,1757,1720,,39,0,0,39,37
2020-09-29,US,Puerto Rico,Gurabo,562,0,0,18.266461,-65.97970500000001,72063.0,1238.7312922920935,0.0,562,543,0,0,543,533,,19,0,0,19,10
2020-09-29,US,Puerto Rico,Hatillo,314,0,0,18.410928,-66.79632600000001,72065.0,748.4566062021788,0.0,314,312,0,0,312,310,,2,0,0,2,2
2020-09-29,US,Puerto Rico,Hormigueros,175,0,0,18.134532,-67.113972,72067.0,1014.4927536231884,0.0,175,175,0,0,175,174,,0,0,0,0,1
2020-09-29,US,Puerto Rico,Humacao,554,0,0,18.145211,-65.810174,72069.0,947.5592652139703,0.0,554,545,0,0,545,529,,9,0,0,9,16
2020-09-29,US,Puerto Rico,Isabela,276,0,0,18.44981,-67.005093,72071.0,604.8519646731389,0.0,276,275,0,0,275,268,,1,0,0,1,7
2020-09-29,US,Puerto Rico,Jayuya,233,0,0,18.211446,-66.58878,72073.0,1400.0721067179425,0.0,233,230,0,0,230,228,,3,0,0,3,2
2020-09-29,US,Puerto Rico,Juana Diaz,355,0,0,18.050764,-66.49458100000001,72075.0,444.32206465824754,0.0,355,354,0,0,354,346,,1,0,0,1,8
2020-09-29,US,Puerto Rico,Juncos,407,0,0,18.223793,-65.909109,72077.0,1010.1762223876892,0.0,407,402,0,0,402,390,,5,0,0,5,12
2020-09-29,US,Puerto Rico,Lajas,167,0,0,18.011661,-67.040585,72079.0,648.4681396342172,0.0,167,164,0,0,164,162,,3,0,0,3,2
2020-09-29,US,Puerto Rico,Lares,346,0,0,18.269035000000002,-66.867236,72081.0,1125.0934868142945,0.0,346,333,0,0,333,328,,13,0,0,13,5
2020-09-29,US,Puerto Rico,Las Marias,109,0,0,18.23679,-66.98362,72083.0,1103.1272138447523,0.0,109,109,0,0,109,108,,0,0,0,0,1
2020-09-29,US,Puerto Rico,Las Piedras,499,0,0,18.187527,-65.86946800000001,72085.0,1290.2391725921138,0.0,499,492,0,0,492,488,,7,0,0,7,4
2020-09-29,US,Puerto Rico,Loiza,289,0,0,18.425688,-65.89943000000001,72087.0,961.410512308716,0.0,289,286,0,0,286,270,,3,0,0,3,16
2020-09-29,US,Puerto Rico,Luquillo,274,0,0,18.342114000000002,-65.72509699999999,72089.0,1365.3577835359774,0.0,274,266,0,0,266,261,,8,0,0,8,5
2020-09-29,US,Puerto Rico,Manati,578,0,0,18.420473,-66.490461,72091.0,1310.2713485820507,0.0,578,561,0,0,561,552,,17,0,0,17,9
2020-09-29,US,Puerto Rico,Maricao,85,0,0,18.171795,-66.942126,72093.0,1354.365838113448,0.0,85,85,0,0,85,85,,0,0,0,0,0
2020-09-29,US,Puerto Rico,Maunabo,125,0,0,18.017889,-65.922235,72095.0,1022.4948875255625,0.0,125,121,0,0,121,118,,4,0,0,4,3
2020-09-29,US,Puerto Rico,Mayaguez,834,0,0,18.2013,-67.1452,72097.0,936.2370902559495,0.0,834,831,0,0,831,813,,3,0,0,3,18
2020-09-29,US,Puerto Rico,Moca,357,0,0,18.377805,-67.080952,72099.0,890.074546859807,0.0,357,348,0,0,348,343,,9,0,0,9,5
2020-09-29,US,Puerto Rico,Morovis,527,0,0,18.316963,-66.420383,72101.0,1616.0686905857099,0.0,527,523,0,0,523,521,,4,0,0,4,2
2020-09-29,US,Puerto Rico,Naguabo,213,0,0,18.230636999999998,-65.753897,72103.0,797.1556886227545,0.0,213,209,0,0,209,206,,4,0,0,4,3
2020-09-29,US,Puerto Rico,Naranjito,634,0,0,18.288019,-66.252703,72105.0,2085.389119136899,0.0,634,628,0,0,628,622,,6,0,0,6,6
2020-09-29,US,Puerto Rico,Orocovis,348,0,0,18.215046,-66.433604,72107.0,1485.7191649233664,0.0,348,340,0,0,340,336,,8,0,0,8,4
2020-09-29,US,Puerto Rico,Out of PR,791,0,0,0.0,0.0,72888.0,0.0,0.0,791,791,0,0,791,790,,0,0,0,0,1
2020-09-29,US,Puerto Rico,Patillas,176,0,0,18.03174,-66.012242,72109.0,913.0051356538879,0.0,176,170,0,0,170,169,,6,0,0,6,1
2020-09-29,US,Puerto Rico,Penuelas,123,0,0,18.059645,-66.721572,72111.0,506.548060291574,0.0,123,122,0,0,122,119,,1,0,0,1,3
2020-09-29,US,Puerto Rico,Ponce,950,0,0,18.059498,-66.613748,72113.0,571.1640322978229,0.0,950,932,0,0,932,889,,18,0,0,18,43
2020-09-29,US,Puerto Rico,Quebradillas,183,0,0,18.439692,-66.926113,72115.0,706.0457579381921,0.0,183,181,0,0,181,179,,2,0,0,2,2
2020-09-29,US,Puerto Rico,Rincon,196,0,0,18.335442999999998,-67.23174,72117.0,1289.4736842105262,0.0,196,194,0,0,194,193,,2,0,0,2,1
2020-09-29,US,Puerto Rico,Rio Grande,616,0,0,18.346329,-65.813742,72119.0,1134.3547436652914,0.0,616,607,0,0,607,597,,9,0,0,9,10
2020-09-29,US,Puerto Rico,Sabana Grande,203,0,0,18.08282,-66.943758,72121.0,803.4830793587967,0.0,203,203,0,0,203,202,,0,0,0,0,1
2020-09-29,US,Puerto Rico,Salinas,447,0,0,18.010386999999994,-66.256592,72123.0,1438.316493982882,0.0,447,437,0,0,437,431,,10,0,0,10,6
2020-09-29,US,Puerto Rico,San German,265,0,0,18.111484,-67.03858100000001,72125.0,745.9115602218031,0.0,265,265,0,0,265,263,,0,0,0,0,2
2020-09-29,US,Puerto Rico,San Juan,7850,0,0,18.386933,-66.061128,72127.0,1985.7029388403491,0.0,7850,7658,0,0,7658,7433,,192,0,0,192,225
2020-09-29,US,Puerto Rico,San Lorenzo,520,0,0,18.147987,-65.976392,72129.0,1266.501047298943,0.0,520,505,0,0,505,502,,15,0,0,15,3
2020-09-29,US,Puerto Rico,San Sebastian,397,0,0,18.328646,-66.971214,72131.0,935.6587320292247,0.0,397,368,0,0,368,359,,29,0,0,29,9
2020-09-29,US,Puerto Rico,Santa Isabel,181,0,0,17.994525,-66.388913,72133.0,777.6918449772278,0.0,181,176,0,0,176,171,,5,0,0,5,5
2020-09-29,US,Puerto Rico,Toa Alta,1309,0,0,18.362406,-66.246616,72135.0,1767.342640347798,0.0,1309,1281,0,0,1281,1266,,28,0,0,28,15
2020-09-29,US,Puerto Rico,Toa Baja,1431,0,0,18.431445999999998,-66.213553,72137.0,1596.9378075862915,0.0,1431,1387,0,0,1387,1349,,44,0,0,44,38
2020-09-29,US,Puerto Rico,Trujillo Alto,1129,0,0,18.336159,-65.99888399999999,72139.0,1508.5112637289224,0.0,1129,1103,0,0,1103,1070,,26,0,0,26,33
2020-09-29,US,Puerto Rico,Unassigned,602,654,0,0.0,0.0,72999.0,0.0,108.6378737541528,-52,553,648,0,-95,521,,49,6,0,43,32
2020-09-29,US,Puerto Rico,Utuado,152,0,0,18.271214,-66.702984,72141.0,458.53570243446256,0.0,152,145,0,0,145,143,,7,0,0,7,2
2020-09-29,US,Puerto Rico,Vega Alta,779,0,0,18.409346,-66.33725,72143.0,1949.8886135516007,0.0,779,771,0,0,771,761,,8,0,0,8,10
2020-09-29,US,Puerto Rico,Vega Baja,985,0,0,18.428262,-66.397924,72145.0,1650.9671147464048,0.0,985,959,0,0,959,959,,26,0,0,26,0
2020-09-29,US,Puerto Rico,Vieques,93,0,0,18.123276,-65.44097099999999,72147.0,999.8924846790668,0.0,93,89,0,0,89,89,,4,0,0,4,0
2020-09-29,US,Puerto Rico,Villalba,136,0,0,18.127951,-66.473115,72149.0,521.6123959651748,0.0,136,134,0,0,134,132,,2,0,0,2,2
2020-09-29,US,Puerto Rico,Yabucoa,318,0,0,18.070399,-65.896289,72151.0,838.1434332252707,0.0,318,313,0,0,313,304,,5,0,0,5,9
2020-09-29,US,Puerto Rico,Yauco,415,0,0,18.080374,-66.858814,72153.0,987.0846514282996,0.0,415,406,0,0,406,399,,9,0,0,9,7
2020-09-29,US,Rhode Island,Bristol,404,0,0,41.71018079,-71.28652315,44001.0,833.3505229068255,0.0,404,404,0,0,404,404,48649,0,0,0,0,0
2020-09-29,US,Rhode Island,Kent,1867,0,0,41.67106337,-71.57641596,44003.0,1136.3913032892654,0.0,1867,1867,0,0,1867,1867,163861,0,0,0,0,0
2020-09-29,US,Rhode Island,Newport,518,0,0,41.5642026,-71.26569799,44005.0,631.0762408323384,0.0,518,518,0,0,518,518,82542,0,0,0,0,0
2020-09-29,US,Rhode Island,Providence,18437,0,0,41.87064746,-71.57753536,44007.0,2885.601105596692,0.0,18437,18437,0,0,18437,18437,636084,0,0,0,0,0
2020-09-29,US,Rhode Island,Unassigned,2527,1113,0,0.0,0.0,90044.0,0.0,44.04432132963989,1414,2395,1110,0,1285,2152,,132,3,0,129,243
2020-09-29,US,Rhode Island,Washington,803,0,0,41.45961631,-71.61435303,44009.0,639.4483066166575,0.0,803,803,0,0,803,803,126179,0,0,0,0,0
2020-09-29,US,South Carolina,Abbeville,582,13,0,34.22333378,-82.46170658,45001.0,2372.8951767439958,2.233676975945017,569,579,12,0,567,579,24541,3,1,0,2,0
2020-09-29,US,South Carolina,Aiken,4208,82,0,33.54338026,-81.63645384,45003.0,2462.662109649328,1.9486692015209128,4126,4160,82,0,4078,4149,169401,48,0,0,48,11
2020-09-29,US,South Carolina,Allendale,398,6,0,32.98837386,-81.35321066,45005.0,4581.031307550646,1.5075376884422111,392,388,6,0,382,383,8903,10,0,0,10,5
2020-09-29,US,South Carolina,Anderson,4540,178,0,34.51828081,-82.63959517,45007.0,2241.333346498287,3.920704845814978,4362,4501,177,0,4324,4463,200482,39,1,0,38,38
2020-09-29,US,South Carolina,Bamberg,649,33,0,33.21927586,-81.05659969,45009.0,4613.9627470496225,5.084745762711863,616,648,33,0,615,645,14275,1,0,0,1,3
2020-09-29,US,South Carolina,Barnwell,732,16,0,33.26679302,-81.43584352,45011.0,3508.0993002971336,2.1857923497267757,716,719,16,0,703,709,21112,13,0,0,13,10
2020-09-29,US,South Carolina,Beaufort,5685,83,0,32.39226291,-80.72619758,45013.0,2959.057265695756,1.4599824098504837,5602,5646,83,0,5563,5622,188715,39,0,0,39,24
2020-09-29,US,South Carolina,Berkeley,5518,89,0,33.20222596,-79.94654523,45015.0,2421.1630182486715,1.6129032258064515,5429,5526,88,0,5438,5512,221091,-8,1,0,-9,14
2020-09-29,US,South Carolina,Calhoun,458,17,0,33.66926881,-80.77722168,45017.0,3147.117432831719,3.711790393013101,441,455,17,0,438,454,14520,3,0,0,3,1
2020-09-29,US,South Carolina,Charleston,15888,261,0,32.82487866,-79.96512315,45019.0,3861.878533613997,1.6427492447129908,15627,15865,260,0,15605,15817,405905,23,1,0,22,48
2020-09-29,US,South Carolina,Cherokee,1172,37,0,35.05122251,-81.61828622,45021.0,2045.3752181500872,3.1569965870307164,1135,1165,37,0,1128,1163,57078,7,0,0,7,2
2020-09-29,US,South Carolina,Chester,1047,21,0,34.69249168,-81.1583216,45023.0,3247.115742463714,2.005730659025788,1026,1045,21,0,1024,1043,32251,2,0,0,2,2
2020-09-29,US,South Carolina,Chesterfield,1237,37,0,34.64137396,-80.15640140000002,45025.0,2709.7480832420592,2.9911075181891675,1200,1230,37,0,1193,1230,45754,7,0,0,7,0
2020-09-29,US,South Carolina,Clarendon,1108,67,0,33.66610974,-80.21647898,45027.0,3283.449399911097,6.046931407942238,1041,1105,66,0,1039,1101,33700,3,1,0,2,4
2020-09-29,US,South Carolina,Colleton,1056,42,0,32.87582989,-80.67641292,45029.0,2802.770921251692,3.977272727272727,1014,1042,42,0,1000,1031,37660,14,0,0,14,11
2020-09-29,US,South Carolina,Darlington,2072,54,0,34.33358335,-79.96027485,45031.0,3110.270497463149,2.606177606177606,2018,2058,53,0,2005,2056,66802,14,1,0,13,2
2020-09-29,US,South Carolina,Dillon,1058,39,0,34.39007791,-79.37741872,45033.0,3471.2424948325074,3.6862003780718338,1019,1047,37,0,1010,1039,30599,11,2,0,9,8
2020-09-29,US,South Carolina,Dorchester,4193,91,0,33.0794369,-80.40502652,45035.0,2575.4104502822324,2.1702838063439067,4102,4185,91,0,4094,4173,160647,8,0,0,8,12
2020-09-29,US,South Carolina,Edgefield,823,18,0,33.77221995,-81.96231108,45037.0,3019.075568598679,2.187120291616039,805,816,18,0,798,814,27052,7,0,0,7,2
2020-09-29,US,South Carolina,Fairfield,772,35,0,34.39287073,-81.1195624,45039.0,3454.6024074819893,4.533678756476684,737,769,35,0,734,765,22402,3,0,0,3,4
2020-09-29,US,South Carolina,Florence,4953,191,0,34.02361754,-79.70189312,45041.0,3581.526179922339,3.8562487381385018,4762,4941,190,0,4751,4931,138159,12,1,0,11,10
2020-09-29,US,South Carolina,Georgetown,1908,45,0,33.43443342,-79.33202141,45043.0,3044.0331844288453,2.358490566037736,1863,1895,45,0,1850,1893,62249,13,0,0,13,2
2020-09-29,US,South Carolina,Greenville,14537,305,0,34.89502264,-82.37295012,45045.0,2776.6635723590466,2.098094517438261,14232,14423,300,0,14123,14356,514213,114,5,0,109,67
2020-09-29,US,South Carolina,Greenwood,2216,72,0,34.15272415,-82.12715789,45047.0,3129.4572877095366,3.249097472924188,2144,2214,72,0,2142,2213,70741,2,0,0,2,1
2020-09-29,US,South Carolina,Hampton,663,27,0,32.77419582,-81.13845571,45049.0,3449.1728228071997,4.072398190045249,636,654,26,0,628,645,19351,9,1,0,8,9
2020-09-29,US,South Carolina,Horry,10387,197,0,33.9212828,-78.99555293,45051.0,2933.509564195763,1.8966015211321845,10190,10361,196,0,10165,10353,344147,26,1,0,25,8
2020-09-29,US,South Carolina,Jasper,822,20,0,32.43171982,-81.02487495,45053.0,2733.34885112892,2.4330900243309004,802,816,20,0,796,814,28971,6,0,0,6,2
2020-09-29,US,South Carolina,Kershaw,2017,38,0,34.33988254,-80.58763164,45055.0,3030.758365764601,1.8839861179970248,1979,1999,37,0,1962,1985,65592,18,1,0,17,14
2020-09-29,US,South Carolina,Lancaster,2178,52,0,34.68270843,-80.70513032,45057.0,2222.1768763008613,2.3875114784205693,2126,2168,52,0,2116,2167,95380,10,0,0,10,1
2020-09-29,US,South Carolina,Laurens,1685,56,0,34.48244419,-82.00490796,45059.0,2496.5551983168625,3.3234421364985165,1629,1679,56,0,1623,1676,66994,6,0,0,6,3
2020-09-29,US,South Carolina,Lee,719,35,0,34.16393091,-80.25690731,45061.0,4272.640836700737,4.8678720445062575,684,720,35,0,685,719,17142,-1,0,0,-1,1
2020-09-29,US,South Carolina,Lexington,7419,161,0,33.89665987,-81.27146426,45063.0,2483.347280334728,2.1701037875724487,7258,7352,159,0,7193,7278,295032,67,2,0,65,74
2020-09-29,US,South Carolina,Marion,896,25,0,34.07859748,-79.36400756,45067.0,2922.6604038229443,2.790178571428572,871,884,24,0,860,881,31039,12,1,0,11,3
2020-09-29,US,South Carolina,Marlboro,934,11,0,34.59905577,-79.67561152,45069.0,3576.0778007504405,1.1777301927194859,923,934,11,0,923,932,26398,0,0,0,0,2
2020-09-29,US,South Carolina,McCormick,236,6,0,33.90161443,-82.30794338,45065.0,2493.9237028426505,2.5423728813559316,230,234,6,0,228,234,9410,2,0,0,2,0
2020-09-29,US,South Carolina,Newberry,1266,27,0,34.28629098,-81.59935761,45071.0,3293.4443288241414,2.1327014218009483,1239,1264,27,0,1237,1249,38520,2,0,0,2,15
2020-09-29,US,South Carolina,Oconee,1694,27,0,34.75225169,-83.06742317,45073.0,2129.5853971287056,1.5938606847697756,1667,1426,26,0,1400,1419,78374,268,1,0,267,7
2020-09-29,US,South Carolina,Orangeburg,3133,126,0,33.4391073,-80.79886287,45075.0,3635.625181317088,4.021704436642196,3007,3121,126,0,2995,3115,86934,12,0,0,12,6
2020-09-29,US,South Carolina,Pickens,3152,45,0,34.88807695,-82.72791551,45077.0,2484.158759181614,1.427664974619289,3107,2951,45,0,2906,2937,124937,201,0,0,201,14
2020-09-29,US,South Carolina,Richland,15396,244,0,34.01791263,-80.90267209,45079.0,3703.106847957591,1.58482722785139,15152,15340,244,0,15096,15250,414576,56,0,0,56,90
2020-09-29,US,South Carolina,Saluda,691,21,0,34.00795823,-81.72713237,45081.0,3375.177062472525,3.0390738060781475,670,688,21,0,667,689,20544,3,0,0,3,-1
2020-09-29,US,South Carolina,Spartanburg,6948,199,0,34.92960077,-81.99225984,45083.0,2172.709789389746,2.864133563615429,6749,6928,199,0,6729,6917,313888,20,0,0,20,11
2020-09-29,US,South Carolina,Sumter,3238,78,0,33.91826534,-80.37942316,45085.0,3034.0795157466664,2.408894379246449,3160,3222,77,0,3145,3215,106512,16,1,0,15,7
2020-09-29,US,South Carolina,Union,574,12,0,34.68835752,-81.61730349,45087.0,2101.332552350271,2.0905923344947737,562,565,12,0,553,565,27410,9,0,0,9,0
2020-09-29,US,South Carolina,Williamsburg,1337,45,0,33.62190129,-79.72767442,45089.0,4402.660695468915,3.3657442034405385,1292,1339,45,0,1294,1335,30606,-2,0,0,-2,4
2020-09-29,US,South Carolina,York,5439,75,0,34.97281497,-81.18085944,45091.0,1935.7318518465795,1.3789299503585215,5364,5388,75,0,5313,5371,274118,51,0,0,51,17
2020-09-29,US,South Dakota,Aurora,58,0,0,43.71757685,-98.56050467,46003.0,2108.324245728826,0.0,58,56,0,0,56,54,2801,2,0,0,2,2
2020-09-29,US,South Dakota,Beadle,804,9,0,44.41464384,-98.27858469,46005.0,4357.015119492766,1.1194029850746268,795,801,9,0,792,791,18883,3,0,0,3,10
2020-09-29,US,South Dakota,Bennett,67,1,0,43.19486375,-101.6665572,46007.0,1991.0846953937594,1.492537313432836,66,67,1,0,66,67,3468,0,0,0,0,0
2020-09-29,US,South Dakota,Bon Homme,85,1,0,42.98914167,-97.88592746,46009.0,1231.705549920301,1.1764705882352942,84,83,1,0,82,84,6980,2,0,0,2,-1
2020-09-29,US,South Dakota,Brookings,771,2,0,44.36974375,-96.79079945,46011.0,2198.021495566896,0.2594033722438392,769,768,2,0,766,763,35232,3,0,0,3,5
2020-09-29,US,South Dakota,Brown,1223,4,0,45.58994323,-98.35165355,46013.0,3148.896727516157,0.3270645952575634,1219,1205,4,0,1201,1189,39316,18,0,0,18,16
2020-09-29,US,South Dakota,Brule,126,0,0,43.71756379,-99.08118954,46015.0,2378.704927317349,0.0,126,121,0,0,121,120,5229,5,0,0,5,1
2020-09-29,US,South Dakota,Buffalo,138,3,0,44.07657829,-99.20814467,46017.0,7033.639143730888,2.1739130434782608,135,138,3,0,135,138,2036,0,0,0,0,0
2020-09-29,US,South Dakota,Butte,106,3,0,44.90608745,-103.5079318,46019.0,1016.3965864416533,2.830188679245283,103,104,3,0,101,102,10222,2,0,0,2,2
2020-09-29,US,South Dakota,Campbell,31,0,0,45.77074915,-100.0510181,46021.0,2252.906976744186,0.0,31,30,0,0,30,29,1377,1,0,0,1,1
2020-09-29,US,South Dakota,Charles Mix,177,0,0,43.20660134,-98.58856175,46023.0,1904.8643994834265,0.0,177,174,0,0,174,173,9338,3,0,0,3,1
2020-09-29,US,South Dakota,Clark,43,0,0,44.85834507,-97.72925109,46025.0,1150.963597430407,0.0,43,40,0,0,40,40,3739,3,0,0,3,0
2020-09-29,US,South Dakota,Clay,564,6,0,42.91296147,-96.97656917,46027.0,4008.5287846481874,1.0638297872340423,558,564,5,0,559,563,14041,0,1,0,-1,1
2020-09-29,US,South Dakota,Codington,882,6,0,44.97788119,-97.18827677,46029.0,3148.987825341854,0.6802721088435374,876,876,4,0,872,872,28015,6,2,0,4,4
2020-09-29,US,South Dakota,Corson,92,1,0,45.70889983,-101.1970473,46031.0,2251.5907978463047,1.0869565217391304,91,91,1,0,90,91,4165,1,0,0,1,0
2020-09-29,US,South Dakota,Custer,186,2,0,43.67741105,-103.45345209999999,46033.0,2073.1163620151583,1.075268817204301,184,186,2,0,184,185,8726,0,0,0,0,1
2020-09-29,US,South Dakota,Davison,320,2,0,43.67490933,-98.14458906,46035.0,1618.204804045512,0.625,318,305,2,0,303,295,19790,15,0,0,15,10
2020-09-29,US,South Dakota,Day,79,0,0,45.367281,-97.60737498,46037.0,1456.4896755162245,0.0,79,76,0,0,76,76,5505,3,0,0,3,0
2020-09-29,US,South Dakota,Deuel,86,0,0,44.75994309,-96.66943645,46039.0,1976.5571133072851,0.0,86,84,0,0,84,84,4337,2,0,0,2,0
2020-09-29,US,South Dakota,Dewey,153,0,0,45.15639647,-100.8709139,46041.0,2596.74134419552,0.0,153,146,0,0,146,144,5904,7,0,0,7,2
2020-09-29,US,South Dakota,Douglas,83,1,0,43.38520741,-98.36978007,46043.0,2841.4926395070183,1.2048192771084338,82,82,1,0,81,80,2935,1,0,0,1,2
2020-09-29,US,South Dakota,Edmunds,94,0,0,45.41846445,-99.21545423,46045.0,2454.949072864978,0.0,94,94,0,0,94,93,3875,0,0,0,0,1
2020-09-29,US,South Dakota,Fall River,95,4,0,43.23929297,-103.5275691,46047.0,1415.1646059883808,4.2105263157894735,91,95,3,0,92,94,6758,0,1,0,-1,1
2020-09-29,US,South Dakota,Faulk,73,1,0,45.07082625,-99.14535601,46049.0,3175.2936059156154,1.3698630136986298,72,73,1,0,72,73,2330,0,0,0,0,0
2020-09-29,US,South Dakota,Grant,139,1,0,45.1723937,-96.77002276,46051.0,1971.0720363017583,0.7194244604316546,138,133,1,0,132,128,7147,6,0,0,6,5
2020-09-29,US,South Dakota,Gregory,130,3,0,43.19419064,-99.18883902,46053.0,3106.332138590203,2.3076923076923075,127,128,3,0,125,127,4212,2,0,0,2,1
2020-09-29,US,South Dakota,Haakon,26,0,0,44.29299053,-101.539099,46055.0,1369.1416535018432,0.0,26,26,0,0,26,24,1918,0,0,0,0,2
2020-09-29,US,South Dakota,Hamlin,100,0,0,44.67385954,-97.18829593,46057.0,1622.3231667748214,0.0,100,99,0,0,99,99,6111,1,0,0,1,0
2020-09-29,US,South Dakota,Hand,43,0,0,44.54708407,-99.00386459,46059.0,1347.539956126606,0.0,43,40,0,0,40,38,3262,3,0,0,3,2
2020-09-29,US,South Dakota,Hanson,42,0,0,43.6746384,-97.78715148,46061.0,1216.3336229365766,0.0,42,40,0,0,40,38,3376,2,0,0,2,2
2020-09-29,US,South Dakota,Harding,4,0,0,45.58015551,-103.4958629,46063.0,308.1664098613251,0.0,4,4,0,0,4,4,1249,0,0,0,0,0
2020-09-29,US,South Dakota,Hughes,453,5,0,44.39091534,-99.99661148,46065.0,2584.731256419035,1.1037527593818983,448,446,5,0,441,437,17650,7,0,0,7,9
2020-09-29,US,South Dakota,Hutchinson,101,2,0,43.33449012,-97.75536441,46067.0,1385.2695103552326,1.98019801980198,99,99,2,0,97,99,7380,2,0,0,2,0
2020-09-29,US,South Dakota,Hyde,19,0,0,44.54747703,-99.48572582,46069.0,1460.415065334358,0.0,19,19,0,0,19,19,1282,0,0,0,0,0
2020-09-29,US,South Dakota,Jackson,35,1,0,43.69318385,-101.6255063,46071.0,1046.6507177033493,2.8571428571428568,34,35,1,0,34,34,3307,0,0,0,0,1
2020-09-29,US,South Dakota,Jerauld,92,1,0,44.06637798,-98.62965972,46073.0,4570.293094883259,1.0869565217391304,91,85,1,0,84,84,2043,7,0,0,7,1
2020-09-29,US,South Dakota,Jones,14,0,0,43.96278565,-100.6940008,46075.0,1550.387596899225,0.0,14,13,0,0,13,13,928,1,0,0,1,0
2020-09-29,US,South Dakota,Kingsbury,57,0,0,44.36956169,-97.4913945,46077.0,1154.0797732334481,0.0,57,56,0,0,56,55,4919,1,0,0,1,1
2020-09-29,US,South Dakota,Lake,198,7,0,44.02193107,-97.12926365,46079.0,1547.2376338204267,3.5353535353535355,191,196,7,0,189,195,13057,2,0,0,2,1
2020-09-29,US,South Dakota,Lawrence,418,5,0,44.35919441,-103.79294279999999,46081.0,1617.396687819223,1.1961722488038278,413,412,4,0,408,402,25741,6,1,0,5,10
2020-09-29,US,South Dakota,Lincoln,1385,2,0,43.27841182,-96.72039050000001,46083.0,2265.737468917681,0.1444043321299639,1383,1363,2,0,1361,1355,58807,22,0,0,22,8
2020-09-29,US,South Dakota,Lyman,165,3,0,43.89522709,-99.85201878,46085.0,4363.924887595874,1.818181818181818,162,162,3,0,159,160,3821,3,0,0,3,2
2020-09-29,US,South Dakota,Marshall,40,0,0,45.75870838,-97.59855639,46091.0,810.5369807497467,0.0,40,38,0,0,38,38,5112,2,0,0,2,0
2020-09-29,US,South Dakota,McCook,98,1,0,43.6742571,-97.36863144,46087.0,1754.385964912281,1.020408163265306,97,97,1,0,96,96,5546,1,0,0,1,1
2020-09-29,US,South Dakota,McPherson,33,0,0,45.76626028,-99.22118798,46089.0,1387.1374527112232,0.0,33,33,0,0,33,33,2407,0,0,0,0,0
2020-09-29,US,South Dakota,Meade,548,5,0,44.56676791,-102.71627409999999,46093.0,1934.2086686432306,0.9124087591240876,543,542,5,0,537,537,28294,6,0,0,6,5
2020-09-29,US,South Dakota,Mellette,31,0,0,43.58078848,-100.7563186,46095.0,1504.1242115477924,0.0,31,30,0,0,30,30,2042,1,0,0,1,0
2020-09-29,US,South Dakota,Miner,24,0,0,44.02197882,-97.60992207,46097.0,1083.0324909747294,0.0,24,23,0,0,23,23,2213,1,0,0,1,0
2020-09-29,US,South Dakota,Minnehaha,6732,81,0,43.67441641,-96.7910885,46099.0,3485.6628040634996,1.2032085561497323,6651,6691,81,0,6610,6650,192876,41,0,0,41,41
2020-09-29,US,South Dakota,Moody,96,0,0,44.02266214,-96.67081159,46101.0,1459.85401459854,0.0,96,94,0,0,94,90,6579,2,0,0,2,4
2020-09-29,US,South Dakota,Oglala Lakota,290,3,0,43.33749164,-102.55554980000001,46102.0,2045.5667630669393,1.0344827586206895,287,287,3,0,284,281,14309,3,0,0,3,6
2020-09-29,US,South Dakota,Pennington,2365,37,0,44.0025835,-102.8240777,46103.0,2078.6640298835423,1.5644820295983086,2328,2328,37,0,2291,2311,111729,37,0,0,37,17
2020-09-29,US,South Dakota,Perkins,40,0,0,45.49049506,-102.47555859999999,46105.0,1396.1605584642236,0.0,40,40,0,0,40,38,2922,0,0,0,0,2
2020-09-29,US,South Dakota,Potter,46,0,0,45.06583079,-99.95498503,46107.0,2136.553646075244,0.0,46,45,0,0,45,43,2207,1,0,0,1,2
2020-09-29,US,South Dakota,Roberts,212,1,0,45.62975048,-96.94672673,46109.0,2039.638252838176,0.4716981132075472,211,209,1,0,208,209,10447,3,0,0,3,0
2020-09-29,US,South Dakota,Sanborn,29,0,0,44.02351092,-98.09098159999999,46111.0,1237.2013651877132,0.0,29,29,0,0,29,29,2429,0,0,0,0,0
2020-09-29,US,South Dakota,Spink,137,0,0,44.93837606,-98.34626602,46115.0,2148.6825595984938,0.0,137,136,0,0,136,134,6495,1,0,0,1,2
2020-09-29,US,South Dakota,Stanley,42,0,0,44.41381872,-100.7349153,46117.0,1355.713363460297,0.0,42,42,0,0,42,41,3022,0,0,0,0,1
2020-09-29,US,South Dakota,Sully,12,0,0,44.71571812,-100.1278092,46119.0,862.6887131560028,0.0,12,11,0,0,11,11,1392,1,0,0,1,0
2020-09-29,US,South Dakota,Todd,124,5,0,43.19338568,-100.71955030000001,46121.0,1218.4337231011104,4.032258064516129,119,120,5,0,115,120,10283,4,0,0,4,0
2020-09-29,US,South Dakota,Tripp,162,0,0,43.34459388,-99.8854891,46123.0,2977.393861422533,0.0,162,158,0,0,158,155,5478,4,0,0,4,3
2020-09-29,US,South Dakota,Turner,167,2,0,43.3109081,-97.14865776,46125.0,1991.8893129770995,1.1976047904191616,165,164,2,0,162,162,8424,3,0,0,3,2
2020-09-29,US,South Dakota,Union,404,7,0,42.83112163,-96.6557828,46127.0,2535.7770524730104,1.7326732673267329,397,402,7,0,395,402,15619,2,0,0,2,0
2020-09-29,US,South Dakota,Walworth,126,1,0,45.43019636,-100.03075140000001,46129.0,2318.3072677092914,0.7936507936507936,125,126,1,0,125,123,5587,0,0,0,0,3
2020-09-29,US,South Dakota,Yankton,420,4,0,43.00924485,-97.39467635,46135.0,1840.97484001052,0.9523809523809524,416,417,4,0,413,413,22869,3,0,0,3,4
2020-09-29,US,South Dakota,Ziebach,62,0,0,44.97881876,-101.6654622,46137.0,2249.6371552975324,0.0,62,61,0,0,61,61,2742,1,0,0,1,0
2020-09-29,US,Tennessee,Anderson,1210,13,0,36.12684348,-84.19965764,47001.0,1571.8776793369534,1.0743801652892562,1197,1202,13,0,1189,1200,76482,8,0,0,8,2
2020-09-29,US,Tennessee,Bedford,1373,17,0,35.51123746,-86.45549096,47003.0,2761.8530364291028,1.2381646030589952,1356,1370,17,0,1353,1364,49038,3,0,0,3,6
2020-09-29,US,Tennessee,Benton,341,8,0,36.07110411,-88.06849355,47005.0,2110.1485148514853,2.3460410557184748,333,339,9,0,330,337,16184,2,-1,0,3,2
2020-09-29,US,Tennessee,Bledsoe,862,4,0,35.59942968,-85.20611967,47007.0,5722.251725969198,0.4640371229698376,858,862,4,0,858,862,14755,0,0,0,0,0
2020-09-29,US,Tennessee,Blount,2563,24,0,35.68938198,-83.92847788,47009.0,1925.7934599663377,0.9364026531408506,2539,2548,24,0,2524,2535,131349,15,0,0,15,13
2020-09-29,US,Tennessee,Bradley,2972,17,0,35.15739424,-84.857186,47011.0,2749.051891591897,0.5720053835800808,2955,2967,17,0,2950,2962,106727,5,0,0,5,5
2020-09-29,US,Tennessee,Campbell,461,4,0,36.40355516,-84.15108559999999,47013.0,1157.070428191356,0.8676789587852495,457,456,4,0,452,454,39583,5,0,0,5,2
2020-09-29,US,Tennessee,Cannon,295,0,0,35.80990797,-86.05738983,47015.0,2009.8106008993047,0.0,295,295,0,0,295,292,14462,0,0,0,0,3
2020-09-29,US,Tennessee,Carroll,913,20,0,35.97366108,-88.45189331,47017.0,3288.0757734000786,2.190580503833516,893,905,20,0,885,899,28020,8,0,0,8,6
2020-09-29,US,Tennessee,Carter,1180,28,0,36.28969086,-82.12588974,47019.0,2092.5324963203348,2.3728813559322037,1152,1179,28,0,1151,1177,56351,1,0,0,1,2
2020-09-29,US,Tennessee,Cheatham,819,9,0,36.26136216,-87.08903581,47021.0,2013.9179187055845,1.0989010989010992,810,819,10,0,809,815,40439,0,-1,0,1,4
2020-09-29,US,Tennessee,Chester,650,11,0,35.42527478,-88.6095842,47023.0,3757.8770885124586,1.6923076923076923,639,646,10,0,636,643,17276,4,1,0,3,3
2020-09-29,US,Tennessee,Claiborne,445,5,0,36.48319149,-83.65947309,47025.0,1392.4090240620794,1.1235955056179776,440,442,5,0,437,442,31756,3,0,0,3,0
2020-09-29,US,Tennessee,Clay,235,5,0,36.55151008,-85.53930419,47027.0,3086.014445173999,2.127659574468085,230,234,5,0,229,233,7717,1,0,0,1,1
2020-09-29,US,Tennessee,Cocke,753,10,0,35.9278914,-83.11828725,47029.0,2091.4342850794355,1.3280212483399734,743,753,10,0,743,754,35774,0,0,0,0,-1
2020-09-29,US,Tennessee,Coffee,1277,13,0,35.49090731,-86.07311784,47031.0,2259.377211606511,1.0180109631949883,1264,1255,13,0,1242,1254,55700,22,0,0,22,1
2020-09-29,US,Tennessee,Crockett,544,19,0,35.81830662,-89.14916269,47033.0,3822.909346451159,3.492647058823529,525,544,19,0,525,542,14328,0,0,0,0,2
2020-09-29,US,Tennessee,Cumberland,1219,19,0,35.95271721,-84.99840585,47035.0,2014.2101784534038,1.5586546349466777,1200,1217,18,0,1199,1217,59673,2,1,0,1,0
2020-09-29,US,Tennessee,Davidson,26797,311,0,36.17007426,-86.78646056,47037.0,3860.438179974184,1.1605776766055902,26486,26685,307,0,26378,26630,692587,112,4,0,108,55
2020-09-29,US,Tennessee,DeKalb,574,14,0,35.97616272,-85.83689361,47041.0,2801.3665202537823,2.4390243902439024,560,572,14,0,558,570,20138,2,0,0,2,2
2020-09-29,US,Tennessee,Decatur,534,7,0,35.60048904,-88.11043779,47039.0,4578.581840006859,1.310861423220974,527,531,7,0,524,530,11706,3,0,0,3,1
2020-09-29,US,Tennessee,Dickson,1280,15,0,36.14669837,-87.35891709,47043.0,2372.655149403129,1.171875,1265,1277,15,0,1262,1274,53446,3,0,0,3,3
2020-09-29,US,Tennessee,Dyer,1420,17,0,36.05931946,-89.41542855,47045.0,3821.416076858904,1.1971830985915493,1403,1403,14,0,1389,1387,37320,17,3,0,14,16
2020-09-29,US,Tennessee,Fayette,1227,19,0,35.19615831,-89.41399032,47047.0,2983.006345270221,1.5484922575387123,1208,1206,19,0,1187,1204,40507,21,0,0,21,2
2020-09-29,US,Tennessee,Fentress,546,3,0,36.38128818,-84.92870012,47049.0,2947.686659828321,0.5494505494505495,543,527,3,0,524,526,18217,19,0,0,19,1
2020-09-29,US,Tennessee,Franklin,994,10,0,35.15634626,-86.09201039,47051.0,2355.0037907505684,1.0060362173038229,984,989,10,0,979,989,41890,5,0,0,5,0
2020-09-29,US,Tennessee,Gibson,1726,24,0,35.99438059,-88.93358327,47053.0,3512.9139275028997,1.3904982618771726,1702,1713,23,0,1690,1704,49045,13,1,0,12,9
2020-09-29,US,Tennessee,Giles,644,17,0,35.20222469,-87.03992678,47055.0,2185.7181645397773,2.6397515527950306,627,637,17,0,620,631,29503,7,0,0,7,6
2020-09-29,US,Tennessee,Grainger,394,3,0,36.27469206,-83.51254721,47057.0,1689.5368782161233,0.7614213197969543,391,386,3,0,383,386,23145,8,0,0,8,0
2020-09-29,US,Tennessee,Greene,1169,46,0,36.17470125,-82.84691273,47059.0,1692.5103881625619,3.934987168520103,1123,1166,44,0,1122,1161,69087,3,2,0,1,5
2020-09-29,US,Tennessee,Grundy,317,6,0,35.38433717,-85.72142731,47061.0,2360.914575109853,1.892744479495268,311,312,6,0,306,309,13346,5,0,0,5,3
2020-09-29,US,Tennessee,Hamblen,1948,28,0,36.21990035,-83.26586179,47063.0,2999.9691994948716,1.4373716632443532,1920,1943,26,0,1917,1939,64569,5,2,0,3,4
2020-09-29,US,Tennessee,Hamilton,9634,95,0,35.17670231,-85.16652245,47065.0,2619.329860469163,0.9860909279634628,9539,9564,95,0,9469,9519,364286,70,0,0,70,45
2020-09-29,US,Tennessee,Hancock,107,3,0,36.52692871,-83.22375847,47067.0,1616.3141993957706,2.803738317757009,104,107,3,0,104,108,6549,0,0,0,0,-1
2020-09-29,US,Tennessee,Hardeman,1584,26,0,35.20772017,-88.99161161,47069.0,6323.353293413174,1.6414141414141414,1558,1583,26,0,1557,1582,25220,1,0,0,1,1
2020-09-29,US,Tennessee,Hardin,1055,16,0,35.19732531,-88.18593755,47071.0,4112.739747388118,1.5165876777251184,1039,1052,16,0,1036,1047,25776,3,0,0,3,5
2020-09-29,US,Tennessee,Hawkins,827,20,0,36.44355426,-82.94885298,47073.0,1456.3448737364845,2.4183796856106414,807,823,18,0,805,822,56530,4,2,0,2,1
2020-09-29,US,Tennessee,Haywood,998,21,0,35.58332824,-89.28536625,47075.0,5767.4526121128065,2.1042084168336674,977,992,21,0,971,992,17335,6,0,0,6,0
2020-09-29,US,Tennessee,Henderson,1191,25,0,35.65581134,-88.38600175,47077.0,4235.871536792688,2.0990764063811924,1166,1191,24,0,1167,1189,27847,0,1,0,-1,2
2020-09-29,US,Tennessee,Henry,630,9,0,36.33160906,-88.30121797,47079.0,1947.7508115628384,1.4285714285714286,621,628,9,0,619,628,32358,2,0,0,2,0
2020-09-29,US,Tennessee,Hickman,600,8,0,35.80609681,-87.47643507,47081.0,2383.032806418302,1.3333333333333333,592,599,8,0,591,593,25063,1,0,0,1,6
2020-09-29,US,Tennessee,Houston,234,3,0,36.28872054,-87.71878828,47083.0,2853.3105718814777,1.2820512820512822,231,228,3,0,225,224,8263,6,0,0,6,4
2020-09-29,US,Tennessee,Humphreys,267,3,0,36.03958805,-87.77992872,47085.0,1436.8743945753954,1.1235955056179776,264,263,3,0,260,258,18486,4,0,0,4,5
2020-09-29,US,Tennessee,Jackson,332,5,0,36.36380466,-85.67239905,47087.0,2816.9014084507044,1.5060240963855422,327,332,5,0,327,331,11758,0,0,0,0,1
2020-09-29,US,Tennessee,Jefferson,1144,14,0,36.04818632,-83.45148924,47089.0,2099.275162858978,1.2237762237762235,1130,1134,14,0,1120,1130,54012,10,0,0,10,4
2020-09-29,US,Tennessee,Johnson,732,3,0,36.45523950000001,-81.84886538,47091.0,4115.133798066112,0.4098360655737705,729,729,2,0,727,726,17778,3,1,0,2,3
2020-09-29,US,Tennessee,Knox,9605,79,0,35.99508821,-83.94635435,47093.0,2042.2569650424289,0.8224882873503384,9526,9550,80,0,9470,9497,465289,55,-1,0,56,53
2020-09-29,US,Tennessee,Lake,925,2,0,36.34180170000001,-89.48921915,47095.0,13184.150513112883,0.21621621621621626,923,925,2,0,923,925,7411,0,0,0,0,0
2020-09-29,US,Tennessee,Lauderdale,1003,16,0,35.75893438,-89.63015909999999,47097.0,3912.924745445324,1.5952143569292123,987,995,16,0,979,994,25825,8,0,0,8,1
2020-09-29,US,Tennessee,Lawrence,1089,13,0,35.21675201,-87.39787695,47099.0,2467.038194916406,1.1937557392102849,1076,1077,13,0,1064,1067,43734,12,0,0,12,10
2020-09-29,US,Tennessee,Lewis,208,1,0,35.52853208,-87.49022694,47101.0,1695.4678839256603,0.4807692307692308,207,207,1,0,206,204,12086,1,0,0,1,3
2020-09-29,US,Tennessee,Lincoln,633,1,0,35.13738622,-86.58910106,47103.0,1841.9367979980213,0.1579778830963665,632,628,1,0,627,624,34117,5,0,0,5,4
2020-09-29,US,Tennessee,Loudon,1199,6,0,35.73939663,-84.31145275,47105.0,2217.577864910853,0.5004170141784821,1193,1190,6,0,1184,1184,53054,9,0,0,9,6
2020-09-29,US,Tennessee,Macon,1067,21,0,36.53157855,-86.00778595,47111.0,4337.045768636696,1.9681349578256797,1046,1068,21,0,1047,1067,24265,-1,0,0,-1,1
2020-09-29,US,Tennessee,Madison,2992,65,0,35.61181957,-88.84076036,47113.0,3053.559764859569,2.1724598930481283,2927,2943,64,0,2879,2921,97605,49,1,0,48,22
2020-09-29,US,Tennessee,Marion,551,8,0,35.12997174,-85.62265895,47115.0,1906.1127062649184,1.4519056261343013,543,538,8,0,530,533,28575,13,0,0,13,5
2020-09-29,US,Tennessee,Marshall,781,5,0,35.45798777,-86.76420988,47117.0,2272.0,0.6402048655569782,776,780,5,0,775,778,33683,1,0,0,1,2
2020-09-29,US,Tennessee,Maury,2427,25,0,35.618741299999996,-87.07462444,47119.0,2517.9744156369634,1.0300782859497322,2402,2420,24,0,2396,2409,94340,7,1,0,6,11
2020-09-29,US,Tennessee,McMinn,1163,25,0,35.42812616,-84.61520715,47107.0,2161.9511469680633,2.149613069647464,1138,1150,25,0,1125,1146,53285,13,0,0,13,4
2020-09-29,US,Tennessee,McNairy,925,18,0,35.17468549,-88.5647812,47109.0,3600.0622713473963,1.945945945945946,907,918,18,0,900,896,25832,7,0,0,7,22
2020-09-29,US,Tennessee,Meigs,232,3,0,35.51558739,-84.81482914,47121.0,1867.6541619706973,1.293103448275862,229,228,3,0,225,228,12306,4,0,0,4,0
2020-09-29,US,Tennessee,Monroe,1066,18,0,35.44550387,-84.24902965,47123.0,2290.2567407884844,1.6885553470919326,1048,1058,18,0,1040,1052,46357,8,0,0,8,6
2020-09-29,US,Tennessee,Montgomery,3133,44,0,36.49609412,-87.38550661,47125.0,1499.0932710664954,1.4044047239067985,3089,3123,44,0,3079,3111,205950,10,0,0,10,12
2020-09-29,US,Tennessee,Moore,183,1,0,35.27724699,-86.36230578,47127.0,2820.5918618988903,0.5464480874316939,182,180,1,0,179,179,6411,3,0,0,3,1
2020-09-29,US,Tennessee,Morgan,321,3,0,36.13248031,-84.64880098,47129.0,1499.7897491005933,0.9345794392523364,318,321,3,0,318,320,21579,0,0,0,0,1
2020-09-29,US,Tennessee,Obion,1202,11,0,36.35732446,-89.14921589,47131.0,3997.4724799627534,0.9151414309484192,1191,1200,11,0,1189,1191,30267,2,0,0,2,9
2020-09-29,US,Tennessee,Out of TN,2977,27,0,0.0,0.0,80047.0,0.0,0.9069533087000335,2950,2997,27,0,2970,2986,,-20,0,0,-20,11
2020-09-29,US,Tennessee,Overton,770,6,0,36.34117832,-85.28989535,47133.0,3462.0745470077777,0.7792207792207793,764,766,6,0,760,758,22068,4,0,0,4,8
2020-09-29,US,Tennessee,Perry,153,0,0,35.63708728,-87.86139634,47135.0,1894.502228826152,0.0,153,153,0,0,153,153,8064,0,0,0,0,0
2020-09-29,US,Tennessee,Pickett,126,2,0,36.55606529,-85.07763299999998,47137.0,2496.038034865293,1.5873015873015872,124,123,2,0,121,123,5082,3,0,0,3,0
2020-09-29,US,Tennessee,Polk,407,10,0,35.12245443,-84.52075859,47139.0,2418.013307984791,2.457002457002457,397,406,10,0,396,399,16898,1,0,0,1,7
2020-09-29,US,Tennessee,Putnam,3365,41,0,36.14005459,-85.50646123,47141.0,4193.407688952583,1.2184249628528974,3324,3355,41,0,3314,3349,78843,10,0,0,10,6
2020-09-29,US,Tennessee,Rhea,854,13,0,35.60536161,-84.93076643,47143.0,2574.848493984985,1.5222482435597189,841,850,13,0,837,844,33044,4,0,0,4,6
2020-09-29,US,Tennessee,Roane,912,6,0,35.84923189,-84.52458689,47145.0,1708.441047544116,0.6578947368421053,906,909,6,0,903,905,53140,3,0,0,3,4
2020-09-29,US,Tennessee,Robertson,2239,39,0,36.52454807,-86.87346725,47147.0,3117.819893334076,1.7418490397498885,2200,2231,35,0,2196,2225,71012,8,4,0,4,6
2020-09-29,US,Tennessee,Rutherford,9452,90,0,35.84591405,-86.4107263,47149.0,2844.546097476564,0.9521794329242488,9362,9408,90,0,9318,9361,324890,44,0,0,44,47
2020-09-29,US,Tennessee,Scott,219,2,0,36.42325673,-84.50360494,47151.0,992.3871669385536,0.9132420091324199,217,218,2,0,216,217,22039,1,0,0,1,1
2020-09-29,US,Tennessee,Sequatchie,244,1,0,35.36979721,-85.41022136,47153.0,1623.8519898842007,0.4098360655737705,243,242,1,0,241,238,14876,2,0,0,2,4
2020-09-29,US,Tennessee,Sevier,2664,15,0,35.78077323,-83.52244332,47155.0,2711.450381679389,0.5630630630630631,2649,2647,15,0,2632,2638,97892,17,0,0,17,9
2020-09-29,US,Tennessee,Shelby,31097,466,0,35.1864775,-89.89692423,47157.0,3318.195495781964,1.4985368363507734,30631,31034,460,0,30574,30953,935764,63,6,0,57,81
2020-09-29,US,Tennessee,Smith,740,11,0,36.25359775,-85.95411046,47159.0,3671.1812273651835,1.4864864864864864,729,734,11,0,723,731,19942,6,0,0,6,3
2020-09-29,US,Tennessee,Stewart,221,2,0,36.50235092,-87.83920548,47161.0,1611.3744075829386,0.9049773755656108,219,219,2,0,217,214,13561,2,0,0,2,5
2020-09-29,US,Tennessee,Sullivan,2231,33,0,36.51240691,-82.30412917,47163.0,1408.9221208982751,1.4791573285522188,2198,2220,33,0,2187,2197,157668,11,0,0,11,23
2020-09-29,US,Tennessee,Sumner,4895,98,0,36.46824103,-86.45917204,47165.0,2559.035565105106,2.0020429009193053,4797,4883,98,0,4785,4865,187149,12,0,0,12,18
2020-09-29,US,Tennessee,Tipton,1845,19,0,35.501942,-89.73694895,47167.0,2995.178493157357,1.029810298102981,1826,1836,19,0,1817,1832,61581,9,0,0,9,4
2020-09-29,US,Tennessee,Trousdale,1669,7,0,36.39026213,-86.16087954,47169.0,14790.85430698334,0.4194128220491312,1662,1668,7,0,1661,1666,11012,1,0,0,1,2
2020-09-29,US,Tennessee,Unassigned,3044,4,0,0.0,0.0,90047.0,0.0,0.1314060446780552,3040,3047,6,0,3041,3042,,-3,-2,0,-1,5
2020-09-29,US,Tennessee,Unicoi,291,1,0,36.10890856,-82.43709629,47171.0,1627.2437510484815,0.3436426116838488,290,288,1,0,287,289,17761,3,0,0,3,-1
2020-09-29,US,Tennessee,Union,376,2,0,36.28590426,-83.83651902,47173.0,1882.6356899659522,0.5319148936170213,374,371,2,0,369,364,19688,5,0,0,5,7
2020-09-29,US,Tennessee,Van Buren,166,0,0,35.69864497,-85.45221699,47175.0,2826.975476839237,0.0,166,166,0,0,166,166,5765,0,0,0,0,0
2020-09-29,US,Tennessee,Warren,1077,7,0,35.672829899999996,-85.77969117,47177.0,2609.201250090849,0.6499535747446611,1070,1078,7,0,1071,1075,40878,-1,0,0,-1,3
2020-09-29,US,Tennessee,Washington,2355,38,0,36.29472368,-82.49454720000001,47179.0,1820.289855072464,1.6135881104033971,2317,2337,36,0,2301,2328,128607,18,2,0,16,9
2020-09-29,US,Tennessee,Wayne,1501,5,0,35.23868267,-87.78644456,47181.0,9002.579019972409,0.3331112591605596,1496,1502,5,0,1497,1499,16558,-1,0,0,-1,3
2020-09-29,US,Tennessee,Weakley,1216,20,0,36.29896232,-88.71990865,47183.0,3648.583773403745,1.6447368421052633,1196,1212,19,0,1193,1205,33415,4,1,0,3,7
2020-09-29,US,Tennessee,White,855,10,0,35.92929884,-85.45591799,47185.0,3126.714207350521,1.1695906432748535,845,849,9,0,840,847,27107,6,1,0,5,2
2020-09-29,US,Tennessee,Williamson,5366,36,0,35.89099229,-86.89281867,47187.0,2250.7256346157073,0.6708907938874394,5330,5341,36,0,5305,5310,231729,25,0,0,25,31
2020-09-29,US,Tennessee,Wilson,3562,47,0,36.15496772,-86.29775884,47189.0,2462.376518246611,1.3194834362717571,3515,3538,45,0,3493,3519,140625,24,2,0,22,19
2020-09-29,US,Texas,Anderson,2824,31,0,31.81534745,-95.65354823,48001.0,4891.3137611500815,1.0977337110481586,2793,2840,31,0,2809,2840,58057,-16,0,0,-16,0
2020-09-29,US,Texas,Andrews,425,9,0,32.30468633,-102.63765479999999,48003.0,2272.1197540764497,2.117647058823529,416,425,9,0,416,425,18128,0,0,0,0,0
2020-09-29,US,Texas,Angelina,2153,82,0,31.25457347,-94.60901487,48005.0,2482.8461050567953,3.808639108221087,2071,2144,82,0,2062,2144,87092,9,0,0,9,0
2020-09-29,US,Texas,Aransas,323,18,0,28.10556197,-96.9995047,48007.0,1373.8834538494255,5.572755417956658,305,323,18,0,305,323,23792,0,0,0,0,0
2020-09-29,US,Texas,Archer,87,1,0,33.61569967,-98.68754589,48009.0,1017.1869519466852,1.1494252873563218,86,87,1,0,86,87,8786,0,0,0,0,0
2020-09-29,US,Texas,Armstrong,13,1,0,34.96507426,-101.35748740000001,48011.0,688.924218335983,7.6923076923076925,12,13,1,0,12,13,1892,0,0,0,0,0
2020-09-29,US,Texas,Atascosa,1146,32,0,28.89333001,-98.52730485,48013.0,2240.3378100991144,2.7923211169284468,1114,1144,30,0,1114,1144,50310,2,2,0,0,0
2020-09-29,US,Texas,Austin,499,9,0,29.88548725,-96.27736949,48015.0,1661.5610015982952,1.8036072144288575,490,499,9,0,490,499,29989,0,0,0,0,0
2020-09-29,US,Texas,Bailey,224,5,0,34.06854817,-102.8299707,48017.0,3200.0,2.232142857142857,219,219,5,0,214,219,7027,5,0,0,5,0
2020-09-29,US,Texas,Bandera,159,8,0,29.74619598,-99.24598147,48019.0,687.9543094496365,5.031446540880503,151,157,8,0,149,157,22824,2,0,0,2,0
2020-09-29,US,Texas,Bastrop,1832,29,0,30.10370699,-97.31206354,48021.0,2064.8535329057854,1.5829694323144106,1803,1818,29,0,1789,1818,86976,14,0,0,14,0
2020-09-29,US,Texas,Baylor,19,1,0,33.61640794,-99.21352901,48023.0,541.4648047876889,5.2631578947368425,18,19,1,0,18,19,3582,0,0,0,0,0
2020-09-29,US,Texas,Bee,1820,33,0,28.41761668,-97.74215593,48025.0,5588.822355289422,1.8131868131868127,1787,1820,33,0,1787,1814,32587,0,0,0,0,6
2020-09-29,US,Texas,Bell,5534,85,0,31.03736027,-97.4785025,48027.0,1524.8371559885816,1.5359595229490424,5449,5473,85,0,5388,5473,355642,61,0,0,61,0
2020-09-29,US,Texas,Bexar,57677,1303,0,29.44928723,-98.52019748,48029.0,2878.7344888133784,2.259132756558073,56374,57208,1297,0,55911,57145,1986049,469,6,0,463,63
2020-09-29,US,Texas,Blanco,144,5,0,30.26640707,-98.3999852,48031.0,1206.9399044505908,3.4722222222222223,139,144,5,0,139,144,11702,0,0,0,0,0
2020-09-29,US,Texas,Borden,1,0,0,32.74363984,-101.43165090000001,48033.0,152.9051987767584,0.0,1,1,0,0,1,1,648,0,0,0,0,0
2020-09-29,US,Texas,Bosque,335,6,0,31.89978581,-97.63613524,48035.0,1792.881990901793,1.791044776119403,329,324,6,0,318,324,18691,11,0,0,11,0
2020-09-29,US,Texas,Bowie,1382,53,0,33.44626922,-94.41834132,48037.0,1482.117003592686,3.8350217076700432,1329,1377,53,0,1324,1370,94324,5,0,0,5,7
2020-09-29,US,Texas,Brazoria,11412,167,0,29.18757369,-95.44563172,48039.0,3049.184532843127,1.4633718892393972,11245,11395,167,0,11228,11281,370200,17,0,0,17,114
2020-09-29,US,Texas,Brazos,6453,64,0,30.663644800000004,-96.30205577,48041.0,2815.3099109554078,0.9917867658453432,6389,6402,64,0,6338,6332,226758,51,0,0,51,70
2020-09-29,US,Texas,Brewster,220,3,0,29.81008251,-103.25203259999999,48043.0,2390.5248288601542,1.3636363636363635,217,218,3,0,215,218,9267,2,0,0,2,0
2020-09-29,US,Texas,Briscoe,14,1,0,34.53026962,-101.2084947,48045.0,905.5627425614488,7.142857142857142,13,12,1,0,11,12,1516,2,0,0,2,0
2020-09-29,US,Texas,Brooks,317,22,0,27.03103197,-98.21808402,48047.0,4469.1949809671505,6.94006309148265,295,317,22,0,295,317,7114,0,0,0,0,0
2020-09-29,US,Texas,Brown,580,25,0,31.77430356,-98.99907113,48049.0,1531.7980139446438,4.310344827586206,555,570,25,0,545,570,37924,10,0,0,10,0
2020-09-29,US,Texas,Burleson,342,6,0,30.49273808,-96.62158484,48051.0,1854.3620885973,1.7543859649122806,336,339,6,0,333,338,18389,3,0,0,3,1
2020-09-29,US,Texas,Burnet,739,12,0,30.78801353,-98.181887,48053.0,1534.6277645104349,1.6238159675236807,727,729,12,0,717,729,47542,10,0,0,10,0
2020-09-29,US,Texas,Caldwell,1527,35,0,29.83668859,-97.61814775,48055.0,3497.1601319164533,2.2920759659463,1492,1523,35,0,1488,1523,43247,4,0,0,4,0
2020-09-29,US,Texas,Calhoun,823,7,0,28.47048236,-96.61633945,48057.0,3865.664631282292,0.8505467800729041,816,821,7,0,814,821,21561,2,0,0,2,0
2020-09-29,US,Texas,Callahan,94,3,0,32.29760619,-99.37326312,48059.0,674.1734203542998,3.191489361702128,91,88,3,0,85,88,13994,6,0,0,6,0
2020-09-29,US,Texas,Cameron,22781,926,0,26.14524221,-97.48140372,48061.0,5383.504701498005,4.06479083446732,21855,22698,913,0,21785,22698,423908,83,13,0,70,0
2020-09-29,US,Texas,Camp,358,11,0,32.97195142,-94.97790104,48063.0,2734.0766763403085,3.0726256983240225,347,355,11,0,344,355,13033,3,0,0,3,0
2020-09-29,US,Texas,Carson,23,0,0,35.40365929,-101.35426690000001,48065.0,388.12014849814375,0.0,23,23,0,0,23,23,6005,0,0,0,0,0
2020-09-29,US,Texas,Cass,373,15,0,33.07499881,-94.34646905,48067.0,1242.2567108505964,4.021447721179625,358,372,15,0,357,370,30119,1,0,0,1,2
2020-09-29,US,Texas,Castro,259,5,0,34.53016752,-102.2617243,48069.0,3439.5750332005323,1.9305019305019304,254,257,5,0,252,257,7665,2,0,0,2,0
2020-09-29,US,Texas,Chambers,1309,8,0,29.70972016,-94.67154501,48071.0,2986.062002418049,0.6111535523300229,1301,1309,8,0,1301,1309,42454,0,0,0,0,0
2020-09-29,US,Texas,Cherokee,1561,30,0,31.837258000000002,-95.16559897,48073.0,2965.087566006914,1.9218449711723251,1531,1547,30,0,1517,1547,52592,14,0,0,14,0
2020-09-29,US,Texas,Childress,72,0,0,34.529304100000004,-100.2077916,48075.0,985.4913769504517,0.0,72,69,0,0,69,69,7291,3,0,0,3,0
2020-09-29,US,Texas,Clay,79,2,0,33.78686685,-98.20771198,48077.0,754.4647120618853,2.5316455696202533,77,90,2,0,88,90,10456,-11,0,0,-11,0
2020-09-29,US,Texas,Cochran,52,1,0,33.60425307,-102.82844990000001,48079.0,1822.6428321065546,1.9230769230769231,51,52,1,0,51,52,2836,0,0,0,0,0
2020-09-29,US,Texas,Coke,53,3,0,31.88911733,-100.5297533,48081.0,1564.8066135222912,5.660377358490566,50,53,3,0,50,53,3370,0,0,0,0,0
2020-09-29,US,Texas,Coleman,77,4,0,31.76736834,-99.45240766,48083.0,941.8960244648317,5.194805194805196,73,72,4,0,68,72,8397,5,0,0,5,0
2020-09-29,US,Texas,Collin,13825,146,0,33.18820114,-96.57264368,48085.0,1336.0973394025496,1.0560578661844484,13679,13770,146,0,13624,13537,1005146,55,0,0,55,233
2020-09-29,US,Texas,Collingsworth,18,0,0,34.96489496,-100.27001109999999,48087.0,616.4383561643834,0.0,18,18,0,0,18,18,2962,0,0,0,0,0
2020-09-29,US,Texas,Colorado,486,4,0,29.622097999999998,-96.5273805,48089.0,2261.201321360443,0.8230452674897121,482,486,4,0,482,486,21217,0,0,0,0,0
2020-09-29,US,Texas,Comal,2744,102,0,29.80811278,-98.27647225,48091.0,1756.6209373339566,3.7172011661807587,2642,2714,102,0,2612,2714,148373,30,0,0,30,0
2020-09-29,US,Texas,Comanche,309,4,0,31.94854689,-98.55876441,48093.0,2266.2266226622664,1.2944983818770226,305,300,4,0,296,300,13534,9,0,0,9,0
2020-09-29,US,Texas,Concho,132,2,0,31.32635934,-99.86473038,48095.0,4842.259721203228,1.5151515151515151,130,130,2,0,128,130,4276,2,0,0,2,0
2020-09-29,US,Texas,Cooke,461,6,0,33.63979567,-97.21240912,48097.0,1117.3861405337275,1.3015184381778742,455,440,6,0,434,440,40574,21,0,0,21,0
2020-09-29,US,Texas,Coryell,1824,12,0,31.39078397,-97.79936155,48099.0,2401.548366710116,0.6578947368421053,1812,1816,12,0,1804,1818,74808,8,0,0,8,-2
2020-09-29,US,Texas,Cottle,29,3,0,34.07783319,-100.27850620000001,48101.0,2074.3919885550786,10.344827586206897,26,27,3,0,24,27,1389,2,0,0,2,0
2020-09-29,US,Texas,Crane,72,2,0,31.43052248,-102.5143314,48103.0,1500.93808630394,2.7777777777777777,70,72,2,0,70,72,4794,0,0,0,0,0
2020-09-29,US,Texas,Crockett,164,7,0,30.72367027,-101.4134238,48105.0,4734.411085450346,4.2682926829268295,157,164,7,0,157,164,3499,0,0,0,0,0
2020-09-29,US,Texas,Crosby,88,3,0,33.61431553,-101.30003640000001,48107.0,1533.9027366219282,3.4090909090909087,85,87,3,0,84,87,5779,1,0,0,1,0
2020-09-29,US,Texas,Culberson,55,2,0,31.44506775,-104.5185739,48109.0,2533.394748963611,3.636363636363636,53,54,2,0,52,54,2204,1,0,0,1,0
2020-09-29,US,Texas,Dallam,257,9,0,36.27787176,-102.60207249999999,48111.0,3526.8285988747084,3.5019455252918283,248,249,9,0,240,249,7200,8,0,0,8,0
2020-09-29,US,Texas,Dallas,82161,1126,0,32.76670599,-96.77796049999999,48113.0,3117.4540393607926,1.3704799113934836,81035,81372,1124,0,80248,81175,2637772,789,2,0,787,197
2020-09-29,US,Texas,Dawson,433,10,0,32.74255572,-101.94772420000001,48115.0,3401.948460087995,2.3094688221709005,423,433,9,0,424,433,12619,0,1,0,-1,0
2020-09-29,US,Texas,DeWitt,997,38,0,29.08101855,-97.35681170000001,48123.0,4945.436507936508,3.8114343029087263,959,996,37,0,959,996,20187,1,1,0,0,0
2020-09-29,US,Texas,Deaf Smith,892,22,0,34.96522957,-102.6054267,48117.0,4809.662460908013,2.4663677130044843,870,886,22,0,864,886,18760,6,0,0,6,0
2020-09-29,US,Texas,Delta,27,0,0,33.38570922,-95.66921122,48119.0,506.4715813168261,0.0,27,26,0,0,26,26,5349,1,0,0,1,0
2020-09-29,US,Texas,Denton,12148,152,0,33.20521901,-97.11691153,48121.0,1369.2407747008308,1.251234771155746,11996,12058,152,0,11906,11985,859064,90,0,0,90,73
2020-09-29,US,Texas,Dickens,50,2,0,33.61616822,-100.7788855,48125.0,2261.420171867933,4.0,48,49,2,0,47,49,2249,1,0,0,1,0
2020-09-29,US,Texas,Dimmit,256,7,0,28.42270064,-99.75645095,48127.0,2528.6448044251283,2.734375,249,256,7,0,249,256,10308,0,0,0,0,0
2020-09-29,US,Texas,Donley,65,1,0,34.96517499,-100.8140093,48129.0,1982.916412446613,1.5384615384615383,64,64,1,0,63,64,3319,1,0,0,1,0
2020-09-29,US,Texas,Duval,441,16,0,27.68184592,-98.50864568,48131.0,3952.6754503898896,3.6281179138322,425,439,15,0,424,439,11212,2,1,0,1,0
2020-09-29,US,Texas,Eastland,182,3,0,32.32743996,-98.83243566,48133.0,991.2854030501088,1.6483516483516485,179,171,3,0,168,171,18322,11,0,0,11,0
2020-09-29,US,Texas,Ector,4873,99,0,31.86898877,-102.54294279999999,48135.0,2931.603929660757,2.031602708803612,4774,4851,99,0,4752,4785,162124,22,0,0,22,66
2020-09-29,US,Texas,Edwards,67,1,0,29.98202582,-100.304252,48137.0,3467.9089026915112,1.492537313432836,66,67,1,0,66,67,1928,0,0,0,0,0
2020-09-29,US,Texas,El Paso,24170,523,0,31.76980765,-106.23632749999999,48141.0,2879.9935179293598,2.1638394704178734,23647,23905,523,0,23382,23784,840758,265,0,0,265,121
2020-09-29,US,Texas,Ellis,4450,68,0,32.34894117,-96.79371841,48139.0,2407.6699165701793,1.5280898876404494,4382,4398,68,0,4330,4398,179436,52,0,0,52,0
2020-09-29,US,Texas,Erath,880,12,0,32.23602653,-98.21773417,48143.0,2060.986463066186,1.3636363636363635,868,847,12,0,835,847,42446,33,0,0,33,0
2020-09-29,US,Texas,Falls,282,5,0,31.25350609,-96.93630086,48145.0,1630.3405214777124,1.7730496453900708,277,279,5,0,274,276,17335,3,0,0,3,3
2020-09-29,US,Texas,Fannin,691,15,0,33.59564294,-96.10751083,48147.0,1945.7115503745001,2.170767004341534,676,679,15,0,664,679,35286,12,0,0,12,0
2020-09-29,US,Texas,Fayette,604,20,0,29.87788372,-96.92076062,48149.0,2383.019016807386,3.3112582781456954,584,597,20,0,577,597,25349,7,0,0,7,0
2020-09-29,US,Texas,Fisher,66,3,0,32.74281316,-100.40193020000001,48151.0,1723.237597911227,4.545454545454546,63,66,3,0,63,66,3839,0,0,0,0,0
2020-09-29,US,Texas,Floyd,111,9,0,34.07227468,-101.3031546,48153.0,1943.2773109243692,8.108108108108109,102,111,9,0,102,111,5837,0,0,0,0,0
2020-09-29,US,Texas,Foard,13,0,0,33.97308618,-99.7767797,48155.0,1125.5411255411254,0.0,13,9,0,0,9,9,1200,4,0,0,4,0
2020-09-29,US,Texas,Fort Bend,16387,288,0,29.52704478,-95.77219463,48157.0,2018.8791752496038,1.7574906938426802,16099,16295,288,0,16007,16207,787858,92,0,0,92,88
2020-09-29,US,Texas,Franklin,134,6,0,33.17653242,-95.21917243,48159.0,1249.4172494172494,4.477611940298506,128,134,6,0,128,134,10766,0,0,0,0,0
2020-09-29,US,Texas,Freestone,414,2,0,31.70422788,-96.15072516,48161.0,2099.710909367551,0.4830917874396135,412,410,2,0,408,407,19808,4,0,0,4,3
2020-09-29,US,Texas,Frio,977,9,0,28.86751206,-99.10804207,48163.0,4811.38579730129,0.9211873080859776,968,975,9,0,966,975,19816,2,0,0,2,0
2020-09-29,US,Texas,Gaines,343,9,0,32.74055318,-102.6353295,48165.0,1595.9426763446866,2.623906705539359,334,343,9,0,334,343,20901,0,0,0,0,0
2020-09-29,US,Texas,Galveston,11636,158,0,29.40167322,-94.90469073,48167.0,3400.956921017481,1.3578549329666552,11478,11604,158,0,11446,11604,337890,32,0,0,32,0
2020-09-29,US,Texas,Garza,105,4,0,33.17969345,-101.2984114,48169.0,1685.6638304703806,3.809523809523809,101,105,4,0,101,105,6578,0,0,0,0,0
2020-09-29,US,Texas,Gillespie,314,10,0,30.31824095,-98.94676915,48171.0,1163.4800652141694,3.1847133757961785,304,312,10,0,302,312,26804,2,0,0,2,0
2020-09-29,US,Texas,Glasscock,9,0,0,31.86942909,-101.5207776,48173.0,638.7508871540099,0.0,9,9,0,0,9,9,1388,0,0,0,0,0
2020-09-29,US,Texas,Goliad,154,6,0,28.65696592,-97.42760647,48175.0,2010.9689213893967,3.8961038961038965,148,154,6,0,148,154,7584,0,0,0,0,0
2020-09-29,US,Texas,Gonzales,1058,18,0,29.45634206,-97.49424032,48177.0,5077.506358880837,1.7013232514177694,1040,1058,18,0,1040,1058,20826,0,0,0,0,0
2020-09-29,US,Texas,Gray,314,6,0,35.40081878,-100.8129222,48179.0,1434.7071187060221,1.9108280254777068,308,310,6,0,304,310,21895,4,0,0,4,0
2020-09-29,US,Texas,Grayson,1891,46,0,33.62744998,-96.67753461,48181.0,1388.2770974657153,2.4325753569539925,1845,1866,46,0,1820,1866,133991,25,0,0,25,0
2020-09-29,US,Texas,Gregg,2241,66,0,32.47940482,-94.81591935,48183.0,1808.0600266247125,2.9451137884872827,2175,2225,66,0,2159,2225,123707,16,0,0,16,0
2020-09-29,US,Texas,Grimes,1091,32,0,30.54579585,-95.98902499,48185.0,3777.7008310249294,2.9330889092575623,1059,1087,32,0,1055,1087,28360,4,0,0,4,0
2020-09-29,US,Texas,Guadalupe,3574,76,0,29.58165339,-97.94786822,48187.0,2142.08226698712,2.1264689423614995,3498,3560,76,0,3484,3560,163694,14,0,0,14,0
2020-09-29,US,Texas,Hale,1880,56,0,34.07044901,-101.82681140000001,48189.0,5627.731545231397,2.9787234042553186,1824,1865,54,0,1811,1865,33830,15,2,0,13,0
2020-09-29,US,Texas,Hall,31,1,0,34.5307555,-100.68138520000001,48191.0,1045.8839406207828,3.2258064516129035,30,28,1,0,27,28,3028,3,0,0,3,0
2020-09-29,US,Texas,Hamilton,144,4,0,31.70470573,-98.11083887,48193.0,1701.9264862309421,2.7777777777777777,140,137,4,0,133,137,8484,7,0,0,7,0
2020-09-29,US,Texas,Hansford,119,5,0,36.27743284,-101.3545796,48195.0,2204.1118725689944,4.201680672268908,114,114,4,0,110,114,5463,5,1,0,4,0
2020-09-29,US,Texas,Hardeman,30,0,0,34.28944521,-99.74632408,48197.0,762.7765064836003,0.0,30,25,0,0,25,25,3922,5,0,0,5,0
2020-09-29,US,Texas,Hardin,1342,30,0,30.33364686,-94.38931817,48199.0,2329.7802159647235,2.2354694485842033,1312,1342,30,0,1312,1342,57207,0,0,0,0,0
2020-09-29,US,Texas,Harris,142315,2588,0,29.85864939,-95.39339521,48201.0,3019.4183511639867,1.818501212099919,139727,141707,2576,0,139131,141353,4698619,608,12,0,596,354
2020-09-29,US,Texas,Harrison,898,32,0,32.54935988,-94.36934071,48203.0,1349.300557450453,3.5634743875278403,866,896,32,0,864,891,66726,2,0,0,2,5
2020-09-29,US,Texas,Hartley,133,0,0,35.84008013,-102.6029022,48205.0,2385.222381635581,0.0,133,130,0,0,130,130,5619,3,0,0,3,0
2020-09-29,US,Texas,Haskell,69,2,0,33.17823584,-99.73037358,48207.0,1219.5121951219512,2.898550724637681,67,65,2,0,63,65,5813,4,0,0,4,0
2020-09-29,US,Texas,Hays,5926,63,0,30.05669873,-98.02944344,48209.0,2574.3838812116896,1.0631117111036112,5863,5916,61,0,5855,5871,222631,10,2,0,8,45
2020-09-29,US,Texas,Hemphill,73,0,0,35.83764858,-100.2703577,48211.0,1911.4951557999482,0.0,73,73,0,0,73,73,3825,0,0,0,0,0
2020-09-29,US,Texas,Henderson,973,23,0,32.21128872,-95.85846587,48213.0,1176.0155674003167,2.36382322713258,950,963,23,0,940,963,82299,10,0,0,10,0
2020-09-29,US,Texas,Hidalgo,31835,1681,0,26.39418217,-98.18299696,48215.0,3664.6418182425145,5.2803518140411505,30154,31677,1661,0,30016,31562,865939,158,20,0,138,115
2020-09-29,US,Texas,Hill,670,14,0,31.99045053,-97.13423143,48217.0,1828.1535648994518,2.08955223880597,656,650,14,0,636,650,36354,20,0,0,20,0
2020-09-29,US,Texas,Hockley,356,8,0,33.60771256,-102.3431676,48219.0,1546.41414360801,2.247191011235955,348,351,8,0,343,351,22980,5,0,0,5,0
2020-09-29,US,Texas,Hood,966,27,0,32.42990927,-97.83242024,48221.0,1567.0879094138834,2.7950310559006213,939,945,27,0,918,945,60537,21,0,0,21,0
2020-09-29,US,Texas,Hopkins,360,8,0,33.14875072,-95.56351139,48223.0,970.7690648258008,2.2222222222222223,352,354,8,0,346,354,36810,6,0,0,6,0
2020-09-29,US,Texas,Houston,373,11,0,31.31925973,-95.42226208,48225.0,1623.9986067572274,2.949061662198392,362,373,11,0,362,373,23169,0,0,0,0,0
2020-09-29,US,Texas,Howard,823,16,0,32.30621324,-101.4356444,48227.0,2244.708706087716,1.9441069258809236,807,757,16,0,741,757,36459,66,0,0,66,0
2020-09-29,US,Texas,Hudspeth,49,3,0,31.45628381,-105.388178,48229.0,1002.8653295128939,6.1224489795918355,46,47,3,0,44,47,4795,2,0,0,2,0
2020-09-29,US,Texas,Hunt,1632,37,0,33.12351514,-96.08551032,48231.0,1655.2731403533685,2.267156862745098,1595,1632,36,0,1596,1632,96493,0,1,0,-1,0
2020-09-29,US,Texas,Hutchinson,221,5,0,35.84006574,-101.3546643,48233.0,1055.497182156844,2.262443438914027,216,211,5,0,206,211,21198,10,0,0,10,0
2020-09-29,US,Texas,Irion,10,0,0,31.30375559,-100.982439,48235.0,651.0416666666666,0.0,10,10,0,0,10,10,1522,0,0,0,0,0
2020-09-29,US,Texas,Jack,141,2,0,33.23377248,-98.17283469,48237.0,1578.063794068271,1.4184397163120568,139,133,2,0,131,133,8843,8,0,0,8,0
2020-09-29,US,Texas,Jackson,608,16,0,28.95472367,-96.57749563,48239.0,4119.241192411924,2.631578947368421,592,606,16,0,590,606,14874,2,0,0,2,0
2020-09-29,US,Texas,Jasper,480,26,0,30.74685667,-94.02667579,48241.0,1351.0090348729207,5.416666666666668,454,473,26,0,447,473,35872,7,0,0,7,0
2020-09-29,US,Texas,Jeff Davis,14,0,0,30.71490589,-104.1399973,48243.0,615.6552330694811,0.0,14,14,0,0,14,14,2252,0,0,0,0,0
2020-09-29,US,Texas,Jefferson,7459,133,0,29.8832777,-94.16434171,48245.0,2965.038856756703,1.7830808419359163,7326,7402,133,0,7269,7402,255001,57,0,0,57,0
2020-09-29,US,Texas,Jim Hogg,108,3,0,27.04453923,-98.69681870000001,48247.0,2076.923076923077,2.7777777777777777,105,108,3,0,105,108,5248,0,0,0,0,0
2020-09-29,US,Texas,Jim Wells,1475,37,0,27.73103938,-98.0904705,48249.0,3643.594684057112,2.5084745762711864,1438,1474,36,0,1438,1469,40822,1,1,0,0,5
2020-09-29,US,Texas,Johnson,3102,50,0,32.37877812,-97.36615819,48251.0,1764.334506902063,1.6118633139909735,3052,3011,50,0,2961,3011,171361,91,0,0,91,0
2020-09-29,US,Texas,Jones,577,0,0,32.73997145,-99.87861576,48253.0,2873.0767315640087,0.0,577,575,0,0,575,575,19817,2,0,0,2,0
2020-09-29,US,Texas,Karnes,937,16,0,28.90705334,-97.85960149,48255.0,6006.02525479136,1.7075773745997866,921,937,16,0,921,937,15650,0,0,0,0,0
2020-09-29,US,Texas,Kaufman,3193,47,0,32.599141700000004,-96.28734728,48257.0,2345.138593063737,1.4719699342311303,3146,3136,47,0,3089,3136,128622,57,0,0,57,0
2020-09-29,US,Texas,Kendall,334,7,0,29.94414155,-98.7113588,48259.0,704.1808100187642,2.0958083832335332,327,328,7,0,321,328,45641,6,0,0,6,0
2020-09-29,US,Texas,Kenedy,7,2,0,26.92601662,-97.66413984,48261.0,1732.6732673267327,28.57142857142857,5,7,2,0,5,7,442,0,0,0,0,0
2020-09-29,US,Texas,Kent,9,0,0,33.18104136,-100.7780939,48263.0,1181.1023622047244,0.0,9,9,0,0,9,9,726,0,0,0,0,0
2020-09-29,US,Texas,Kerr,592,10,0,30.06040006,-99.34930144,48265.0,1125.4752851711028,1.6891891891891893,582,591,10,0,581,591,52405,1,0,0,1,0
2020-09-29,US,Texas,Kimble,16,1,0,30.48678918,-99.74856473,48267.0,368.9186073322573,6.25,15,16,1,0,15,16,4362,0,0,0,0,0
2020-09-29,US,Texas,Kinney,44,1,0,29.34967888,-100.41866379999999,48271.0,1199.890919007363,2.272727272727273,43,44,1,0,43,44,3767,0,0,0,0,0
2020-09-29,US,Texas,Kleberg,1003,43,0,27.42435506,-97.69894948,48273.0,3269.230769230769,4.287138584247258,960,1001,42,0,959,1001,31129,2,1,0,1,0
2020-09-29,US,Texas,Knox,92,8,0,33.60519951,-99.74229059999999,48275.0,2510.9170305676857,8.695652173913043,84,73,8,0,65,73,3653,19,0,0,19,0
2020-09-29,US,Texas,La Salle,357,11,0,28.34453111,-99.09908775,48283.0,4747.340425531916,3.0812324929971986,346,362,11,0,351,359,7531,-5,0,0,-5,3
2020-09-29,US,Texas,Lamar,1199,35,0,33.66981763,-95.57404777,48277.0,2404.781483784272,2.9190992493744785,1164,1161,35,0,1126,1136,49728,38,0,0,38,25
2020-09-29,US,Texas,Lamb,336,22,0,34.06859623,-102.35162890000001,48279.0,2606.065306755604,6.547619047619048,314,336,22,0,314,336,13158,0,0,0,0,0
2020-09-29,US,Texas,Lampasas,254,8,0,31.19531316,-98.24206613,48281.0,1185.3649430651485,3.1496062992125986,246,250,8,0,242,250,21229,4,0,0,4,0
2020-09-29,US,Texas,Lavaca,986,35,0,29.38508402,-96.93186692,48285.0,4892.329066190335,3.549695740365112,951,981,35,0,946,981,20110,5,0,0,5,0
2020-09-29,US,Texas,Lee,226,14,0,30.31120597,-96.97045773,48287.0,1310.9809153663205,6.1946902654867255,212,221,14,0,207,221,17144,5,0,0,5,0
2020-09-29,US,Texas,Leon,244,6,0,31.29872538,-95.9936328,48289.0,1401.9765571133069,2.459016393442623,238,240,6,0,234,240,17270,4,0,0,4,0
2020-09-29,US,Texas,Liberty,2260,51,0,30.15152688,-94.81205615,48291.0,2561.806413584375,2.2566371681415935,2209,2256,51,0,2205,2256,86323,4,0,0,4,0
2020-09-29,US,Texas,Limestone,572,14,0,31.5454767,-96.58095444,48293.0,2440.5853991551817,2.4475524475524475,558,568,13,0,555,568,23519,4,1,0,3,0
2020-09-29,US,Texas,Lipscomb,32,0,0,36.27783108,-100.27331509999999,48295.0,989.7927621404268,0.0,32,32,0,0,32,32,3355,0,0,0,0,0
2020-09-29,US,Texas,Live Oak,374,9,0,28.35101362,-98.1246786,48297.0,3063.815843368559,2.406417112299465,365,374,9,0,365,374,12166,0,0,0,0,0
2020-09-29,US,Texas,Llano,128,2,0,30.70645047,-98.68475262,48299.0,587.2906629961,1.5625,126,124,2,0,122,124,21646,4,0,0,4,0
2020-09-29,US,Texas,Lubbock,11764,126,0,33.61008596,-101.82047890000001,48303.0,3787.8861058251146,1.0710642638558314,11638,11422,125,0,11297,11324,307412,342,1,0,341,98
2020-09-29,US,Texas,Lynn,99,5,0,33.17657705,-101.8162849,48305.0,1663.5859519408502,5.05050505050505,94,99,5,0,94,99,5877,0,0,0,0,0
2020-09-29,US,Texas,Madison,719,6,0,30.96694679,-95.93003775,48313.0,5033.604032483898,0.8344923504867872,713,722,6,0,716,721,14422,-3,0,0,-3,1
2020-09-29,US,Texas,Marion,150,14,0,32.79868409,-94.35661230000001,48315.0,1522.224477369596,9.333333333333334,136,150,14,0,136,150,9928,0,0,0,0,0
2020-09-29,US,Texas,Martin,77,6,0,32.30600051,-101.9513518,48317.0,1334.2574943683935,7.792207792207793,71,77,6,0,71,77,5753,0,0,0,0,0
2020-09-29,US,Texas,Mason,77,2,0,30.71780434,-99.22629416,48319.0,1801.5910154422088,2.5974025974025974,75,77,2,0,75,77,4280,0,0,0,0,0
2020-09-29,US,Texas,Matagorda,1036,48,0,28.81955746,-96.01230294,48321.0,2827.279425811205,4.633204633204633,988,1035,46,0,989,1035,36552,1,2,0,-1,0
2020-09-29,US,Texas,Maverick,3712,124,0,28.7429195,-100.3157686,48323.0,6321.310582064643,3.3405172413793105,3588,3712,124,0,3588,3712,58485,0,0,0,0,0
2020-09-29,US,Texas,McCulloch,156,4,0,31.1925468,-99.34682807,48307.0,1953.9078156312626,2.5641025641025643,152,155,4,0,151,155,7987,1,0,0,1,0
2020-09-29,US,Texas,McLennan,8061,104,0,31.55255453,-97.20217694,48309.0,3141.1837598344646,1.2901625108547328,7957,8000,102,0,7898,7983,254607,61,2,0,59,17
2020-09-29,US,Texas,McMullen,24,1,0,28.35251708,-98.56769164,48311.0,3230.1480484522212,4.166666666666667,23,24,1,0,23,24,749,0,0,0,0,0
2020-09-29,US,Texas,Medina,1207,45,0,29.355730100000002,-99.11030298,48325.0,2339.872828784119,3.728251864125932,1162,1198,45,0,1153,1198,50921,9,0,0,9,0
2020-09-29,US,Texas,Menard,26,0,0,30.88990665,-99.82047940000001,48327.0,1216.0898035547239,0.0,26,26,0,0,26,26,2139,0,0,0,0,0
2020-09-29,US,Texas,Midland,3857,85,0,31.86904128,-102.03156820000001,48329.0,2181.1663047412235,2.203785325382422,3772,3759,84,0,3675,3707,172578,98,1,0,97,52
2020-09-29,US,Texas,Milam,498,6,0,30.78581830000001,-96.97718698,48331.0,2006.203923780365,1.2048192771084338,492,498,6,0,492,495,25131,0,0,0,0,3
2020-09-29,US,Texas,Mills,59,0,0,31.49557106,-98.59272068,48333.0,1210.7531294890214,0.0,59,59,0,0,59,59,4921,0,0,0,0,0
2020-09-29,US,Texas,Mitchell,91,1,0,32.30623474,-100.9212058,48335.0,1064.9502633118782,1.0989010989010992,90,90,1,0,89,90,8145,1,0,0,1,0
2020-09-29,US,Texas,Montague,187,4,0,33.67521893,-97.72500958,48337.0,943.5866384095268,2.1390374331550803,183,180,4,0,176,180,19596,7,0,0,7,0
2020-09-29,US,Texas,Montgomery,10996,158,0,30.30079133,-95.50572772,48339.0,1810.3659751296937,1.4368861404146962,10838,10912,158,0,10754,10814,590925,84,0,0,84,98
2020-09-29,US,Texas,Moore,1182,22,0,35.83769242,-101.8930281,48341.0,5644.699140401146,1.8612521150592216,1160,1174,22,0,1152,1174,21485,8,0,0,8,0
2020-09-29,US,Texas,Morris,188,3,0,33.11304005,-94.73255695,48343.0,1517.5976751695187,1.5957446808510638,185,186,3,0,183,185,12339,2,0,0,2,1
2020-09-29,US,Texas,Motley,9,0,0,34.07408766,-100.77972199999999,48345.0,750.0,0.0,9,9,0,0,9,9,1234,0,0,0,0,0
2020-09-29,US,Texas,Nacogdoches,1614,63,0,31.62017125,-94.61803994,48347.0,2475.308263296731,3.903345724907063,1551,1599,62,0,1537,1576,65711,15,1,0,14,23
2020-09-29,US,Texas,Navarro,1294,27,0,32.04620681,-96.47428766,48349.0,2582.164308662423,2.0865533230293662,1267,1283,26,0,1257,1283,49565,11,1,0,10,0
2020-09-29,US,Texas,Newton,181,10,0,30.78548982,-93.74408813,48351.0,1331.3718278778965,5.524861878453039,171,180,10,0,170,180,13746,1,0,0,1,0
2020-09-29,US,Texas,Nolan,260,5,0,32.30365282,-100.4060208,48353.0,1767.0246024194644,1.9230769230769231,255,256,5,0,251,256,14751,4,0,0,4,0
2020-09-29,US,Texas,Nueces,20534,417,0,27.736286,-97.5433285,48355.0,5667.7725824882555,2.0307782214863157,20117,20472,416,0,20056,20456,362265,62,1,0,61,16
2020-09-29,US,Texas,Ochiltree,137,5,0,36.27829105,-100.8158184,48357.0,1392.8426189507932,3.6496350364963503,132,137,5,0,132,137,9947,0,0,0,0,0
2020-09-29,US,Texas,Oldham,18,1,0,35.40425596,-102.6027606,48359.0,852.2727272727273,5.5555555555555545,17,17,1,0,16,17,2131,1,0,0,1,0
2020-09-29,US,Texas,Orange,1981,43,0,30.11879481,-93.89412775,48361.0,2375.413688905943,2.170620898536093,1938,1996,43,0,1953,1996,83572,-15,0,0,-15,0
2020-09-29,US,Texas,Palo Pinto,582,15,0,32.75310985,-98.31319001,48363.0,1993.9018123265607,2.5773195876288657,567,561,15,0,546,561,28875,21,0,0,21,0
2020-09-29,US,Texas,Panola,386,26,0,32.163959600000005,-94.30552481,48365.0,1664.2235060791586,6.735751295336788,360,386,26,0,360,381,23148,0,0,0,0,5
2020-09-29,US,Texas,Parker,2019,34,0,32.77757172,-97.80500621,48367.0,1413.0936883215052,1.6840019811788014,1985,1967,34,0,1933,1967,138371,52,0,0,52,0
2020-09-29,US,Texas,Parmer,439,7,0,34.52993409,-102.78446679999999,48369.0,4570.5361790734005,1.5945330296127562,432,433,7,0,426,433,9864,6,0,0,6,0
2020-09-29,US,Texas,Pecos,376,5,0,30.78097267,-102.72412609999999,48371.0,2376.2876824875184,1.3297872340425532,371,368,5,0,363,368,15673,8,0,0,8,0
2020-09-29,US,Texas,Polk,856,22,0,30.79472531,-94.82766240000001,48373.0,1666.8938523552665,2.5700934579439254,834,855,22,0,833,855,50031,1,0,0,1,0
2020-09-29,US,Texas,Potter,5938,70,0,35.40133773,-101.893964,48375.0,5057.275475876166,1.1788480970023576,5868,4881,66,0,4815,4780,119648,1057,4,0,1053,101
2020-09-29,US,Texas,Presidio,97,6,0,29.99954402,-104.24080790000001,48377.0,1446.8973747016707,6.185567010309278,91,97,6,0,91,97,6948,0,0,0,0,0
2020-09-29,US,Texas,Rains,69,3,0,32.87109387,-95.79232691,48379.0,551.3824516541473,4.3478260869565215,66,68,3,0,65,68,12159,1,0,0,1,0
2020-09-29,US,Texas,Randall,2918,41,0,34.96585996,-101.8971322,48381.0,2118.8994503060712,1.405071967100754,2877,2833,41,0,2792,2833,136271,85,0,0,85,0
2020-09-29,US,Texas,Reagan,87,6,0,31.36607041,-101.52326590000001,48383.0,2260.327357755261,6.896551724137932,81,87,6,0,81,87,3741,0,0,0,0,0
2020-09-29,US,Texas,Real,118,7,0,29.83321503,-99.82018052,48385.0,3418.308227114717,5.932203389830509,111,118,7,0,111,118,3478,0,0,0,0,0
2020-09-29,US,Texas,Red River,162,14,0,33.61886692,-95.04841765,48387.0,1347.4174498877153,8.641975308641975,148,162,14,0,148,162,12175,0,0,0,0,0
2020-09-29,US,Texas,Reeves,199,6,0,31.32323325,-103.69038959999999,48389.0,1245.6184276414622,3.0150753768844223,193,196,6,0,190,196,15695,3,0,0,3,0
2020-09-29,US,Texas,Refugio,307,14,0,28.323897600000002,-97.15766311,48391.0,4418.5377086931485,4.5602605863192185,293,307,14,0,293,307,7032,0,0,0,0,0
2020-09-29,US,Texas,Roberts,10,0,0,35.83809685,-100.813175,48393.0,1170.96018735363,0.0,10,9,0,0,9,9,903,1,0,0,1,0
2020-09-29,US,Texas,Robertson,313,3,0,31.02539637,-96.51272246,48395.0,1833.1966733044394,0.9584664536741214,310,309,3,0,306,309,17284,4,0,0,4,0
2020-09-29,US,Texas,Rockwall,1662,26,0,32.89779518,-96.40771592,48397.0,1584.1395415336224,1.5643802647412757,1636,1629,26,0,1603,1629,100657,33,0,0,33,0
2020-09-29,US,Texas,Runnels,278,6,0,31.8314342,-99.97616148,48399.0,2708.495713172253,2.1582733812949644,272,270,6,0,264,270,10234,8,0,0,8,0
2020-09-29,US,Texas,Rusk,964,11,0,32.10773545,-94.76176432,48401.0,1771.8633974194022,1.1410788381742738,953,962,11,0,951,960,54450,2,0,0,2,2
2020-09-29,US,Texas,Sabine,81,8,0,31.34318809,-93.85440451,48403.0,768.3551508252704,9.876543209876543,73,78,8,0,70,78,10589,3,0,0,3,0
2020-09-29,US,Texas,San Augustine,202,15,0,31.39457611,-94.17000399,48405.0,2452.3491562462063,7.425742574257426,187,201,15,0,186,201,8232,1,0,0,1,0
2020-09-29,US,Texas,San Jacinto,227,9,0,30.57933681,-95.16260304,48407.0,786.5830416854361,3.9647577092511015,218,227,9,0,218,227,28719,0,0,0,0,0
2020-09-29,US,Texas,San Patricio,1466,76,0,28.00880118,-97.51763891,48409.0,2196.9129327139217,5.184174624829468,1390,1466,75,0,1391,1466,66893,0,1,0,-1,0
2020-09-29,US,Texas,San Saba,65,0,0,31.1577796,-98.81758731,48411.0,1073.4929810074318,0.0,65,65,0,0,65,65,6054,0,0,0,0,0
2020-09-29,US,Texas,Schleicher,53,2,0,30.89740592,-100.5384842,48413.0,1897.6011457214465,3.7735849056603774,51,53,2,0,51,53,2895,0,0,0,0,0
2020-09-29,US,Texas,Scurry,646,4,0,32.74613808,-100.91626640000001,48415.0,3867.568700233491,0.6191950464396285,642,646,4,0,642,646,16866,0,0,0,0,0
2020-09-29,US,Texas,Shackelford,34,0,0,32.73587756,-99.35401337,48417.0,1041.347626339969,0.0,34,25,0,0,25,25,3253,9,0,0,9,0
2020-09-29,US,Texas,Shelby,480,27,0,31.79211404,-94.14550696,48419.0,1899.184933132864,5.625,453,480,27,0,453,480,25418,0,0,0,0,0
2020-09-29,US,Texas,Sherman,66,0,0,36.27751473,-101.8933156,48421.0,2183.9841164791533,0.0,66,63,0,0,63,63,3079,3,0,0,3,0
2020-09-29,US,Texas,Smith,3812,105,0,32.37474036,-95.27175679999999,48423.0,1637.8017709913172,2.7544596012591813,3707,3766,104,0,3662,3766,230221,46,1,0,45,0
2020-09-29,US,Texas,Somervell,145,5,0,32.22236802,-97.77403489,48425.0,1588.5188431200702,3.4482758620689653,140,143,5,0,138,143,9016,2,0,0,2,0
2020-09-29,US,Texas,Starr,3413,167,0,26.56150059,-98.73892358,48427.0,5280.584221682422,4.893055962496336,3246,3409,164,0,3245,3409,64525,4,3,0,1,0
2020-09-29,US,Texas,Stephens,136,4,0,32.73553157,-98.83631615,48429.0,1452.060644885757,2.9411764705882355,132,134,4,0,130,134,9433,2,0,0,2,0
2020-09-29,US,Texas,Sterling,5,0,0,31.82781912,-101.05007459999999,48431.0,387.29666924864443,0.0,5,5,0,0,5,5,1311,0,0,0,0,0
2020-09-29,US,Texas,Stonewall,14,1,0,33.17906744,-100.25384009999999,48433.0,1037.037037037037,7.142857142857142,13,14,1,0,13,14,1362,0,0,0,0,0
2020-09-29,US,Texas,Sutton,84,3,0,30.49856623,-100.5382014,48435.0,2224.576271186441,3.571428571428572,81,81,3,0,78,81,3758,3,0,0,3,0
2020-09-29,US,Texas,Swisher,106,3,0,34.53028891,-101.73491740000001,48437.0,1433.013383804245,2.830188679245283,103,109,3,0,106,109,7462,-3,0,0,-3,0
2020-09-29,US,Texas,Tarrant,47917,719,0,32.77143818,-97.29101614,48439.0,2279.032492039296,1.500511300790951,47198,47917,711,0,47206,47917,2084931,0,8,0,-8,0
2020-09-29,US,Texas,Taylor,1508,55,0,32.30163422,-99.89007449,48441.0,1092.4844603503484,3.647214854111406,1453,1485,55,0,1430,1485,137640,23,0,0,23,0
2020-09-29,US,Texas,Terrell,3,0,0,30.22429013,-102.0766732,48443.0,386.59793814432993,0.0,3,3,0,0,3,3,823,0,0,0,0,0
2020-09-29,US,Texas,Terry,242,4,0,33.17402785,-102.3354521,48445.0,1961.5789900299912,1.6528925619834711,238,242,4,0,238,242,12287,0,0,0,0,0
2020-09-29,US,Texas,Throckmorton,8,2,0,33.17751417,-99.21226795,48447.0,532.9780146568954,25.0,6,8,2,0,6,8,1515,0,0,0,0,0
2020-09-29,US,Texas,Titus,1600,28,0,33.21339719,-94.96797273,48449.0,4885.496183206107,1.75,1572,1600,28,0,1572,1557,33033,0,0,0,0,43
2020-09-29,US,Texas,Tom Green,3718,69,0,31.40464436,-100.46244300000001,48451.0,3119.1275167785234,1.8558364712210864,3649,3686,69,0,3617,3674,118189,32,0,0,32,12
2020-09-29,US,Texas,Travis,29421,426,0,30.33432034,-97.78535620000001,48453.0,2309.4240451382075,1.447945345161619,28995,29343,426,0,28917,29252,1248743,78,0,0,78,91
2020-09-29,US,Texas,Trinity,196,7,0,31.0879489,-95.1367187,48455.0,1337.7926421404684,3.571428571428572,189,196,7,0,189,196,14740,0,0,0,0,0
2020-09-29,US,Texas,Tyler,227,4,0,30.77031716,-94.37690895,48457.0,1047.4344776670357,1.7621145374449338,223,216,4,0,212,216,21696,11,0,0,11,0
2020-09-29,US,Texas,Upshur,390,10,0,32.73706798,-94.93999853,48459.0,934.0646181112736,2.5641025641025643,380,389,10,0,379,387,41260,1,0,0,1,2
2020-09-29,US,Texas,Upton,25,2,0,31.36868194,-102.0423217,48461.0,683.6204539239814,8.0,23,25,2,0,23,25,3671,0,0,0,0,0
2020-09-29,US,Texas,Uvalde,790,34,0,29.35739637,-99.76229172,48463.0,2954.264986350548,4.30379746835443,756,785,34,0,751,783,26846,5,0,0,5,2
2020-09-29,US,Texas,Val Verde,2203,104,0,29.89149232,-101.1525205,48465.0,4493.625701172871,4.720835224693599,2099,2186,104,0,2082,2186,49208,17,0,0,17,0
2020-09-29,US,Texas,Van Zandt,589,19,0,32.56483801,-95.83766469,48467.0,1040.819932850327,3.2258064516129035,570,586,19,0,567,586,56019,3,0,0,3,0
2020-09-29,US,Texas,Victoria,4062,96,0,28.79780988,-96.96813006,48469.0,4411.189783241388,2.3633677991137367,3966,4046,96,0,3950,4046,92035,16,0,0,16,0
2020-09-29,US,Texas,Walker,3732,57,0,30.73872995,-95.57440968,48471.0,5114.360499376465,1.5273311897106108,3675,3709,57,0,3652,3709,72480,23,0,0,23,0
2020-09-29,US,Texas,Waller,856,14,0,30.01058447,-95.99011759,48473.0,1549.433443145205,1.6355140186915889,842,856,14,0,842,856,53126,0,0,0,0,0
2020-09-29,US,Texas,Ward,134,1,0,31.50999644,-103.09279090000001,48475.0,1116.8528088014666,0.746268656716418,133,128,1,0,127,128,11720,6,0,0,6,0
2020-09-29,US,Texas,Washington,641,48,0,30.21498498,-96.40946246,48477.0,1786.411013878825,7.488299531981279,593,640,48,0,592,640,35108,1,0,0,1,0
2020-09-29,US,Texas,Webb,13697,292,0,27.7610369,-99.33237355,48479.0,4950.985353440424,2.13185369058918,13405,13697,292,0,13405,13474,275910,0,0,0,0,223
2020-09-29,US,Texas,Wharton,1366,52,0,29.27765923,-96.22319248,48481.0,3287.1306189238617,3.806734992679356,1314,1364,52,0,1312,1364,41619,2,0,0,2,0
2020-09-29,US,Texas,Wheeler,48,0,0,35.40114335,-100.26995140000001,48483.0,949.3670886075952,0.0,48,48,0,0,48,48,5191,0,0,0,0,0
2020-09-29,US,Texas,Wichita,1797,24,0,33.98842886,-98.70410340000001,48485.0,1358.9956893291992,1.335559265442404,1773,1741,24,0,1717,1741,132064,56,0,0,56,0
2020-09-29,US,Texas,Wilbarger,207,2,0,34.07945812,-99.24178437,48487.0,1621.1136345837576,0.966183574879227,205,188,2,0,186,188,12820,19,0,0,19,0
2020-09-29,US,Texas,Willacy,1214,49,0,26.47411727,-97.61535848,48489.0,5684.052813933889,4.0362438220757815,1165,1213,49,0,1164,1214,21515,1,0,0,1,-1
2020-09-29,US,Texas,Williamson,8642,144,0,30.64655664,-97.60048540000001,48491.0,1463.3791154362618,1.6662809534829899,8498,8624,143,0,8481,8565,566719,18,1,0,17,59
2020-09-29,US,Texas,Wilson,897,26,0,29.1732598,-98.08693082,48493.0,1756.4127667906796,2.898550724637681,871,892,26,0,866,892,50224,5,0,0,5,0
2020-09-29,US,Texas,Winkler,115,3,0,31.85008651,-103.04851629999999,48495.0,1435.705368289638,2.608695652173913,112,115,3,0,112,118,7720,0,0,0,0,-3
2020-09-29,US,Texas,Wise,768,14,0,33.21570665,-97.65460265,48497.0,1097.3936899862829,1.8229166666666667,754,760,14,0,746,760,68305,8,0,0,8,0
2020-09-29,US,Texas,Wood,526,24,0,32.78722382,-95.38236368,48499.0,1155.0539098355255,4.56273764258555,502,525,23,0,502,525,45129,1,1,0,0,0
2020-09-29,US,Texas,Yoakum,224,5,0,33.17320212,-102.82764329999999,48501.0,2570.871112131298,2.232142857142857,219,224,5,0,219,224,8591,0,0,0,0,0
2020-09-29,US,Texas,Young,327,6,0,33.17659707,-98.68790885,48503.0,1815.657967795669,1.834862385321101,321,314,6,0,308,314,18045,13,0,0,13,0
2020-09-29,US,Texas,Zapata,333,6,0,27.00156391,-99.16987152,48505.0,2348.5436208477327,1.8018018018018016,327,333,6,0,327,333,14190,0,0,0,0,0
2020-09-29,US,Texas,Zavala,365,16,0,28.86617238,-99.76050829,48507.0,3082.7702702702704,4.383561643835616,349,357,16,0,341,357,11983,8,0,0,8,0
2020-09-29,US,Utah,Bear River,3398,11,0,41.52106798,-113.08328159999999,0.0,1818.8825487908014,0.3237198351971748,3387,3372,11,0,3361,3351,,26,0,0,26,21
2020-09-29,US,Utah,Central Utah,671,3,0,39.37231946,-111.5758676,0.0,818.7519828196305,0.44709388971684055,668,661,3,0,658,647,,10,0,0,10,14
2020-09-29,US,Utah,Davis,5215,29,0,40.99001837,-112.1139997,49011.0,1467.0263670913496,0.5560882070949185,5186,5167,28,0,5139,5104,351713,48,1,0,47,63
2020-09-29,US,Utah,Salt Lake,31345,253,0,40.66616532,-111.92160109999999,49035.0,2701.137588684263,0.807146275323018,31092,31079,251,0,30828,30784,1152633,266,2,0,264,295
2020-09-29,US,Utah,San Juan,701,29,0,37.62762978,-109.80337140000002,49037.0,4579.3049385941995,4.136947218259629,672,700,29,0,671,700,15449,1,0,0,1,0
2020-09-29,US,Utah,Southeast Utah,221,1,0,38.99617072,-110.70139579999999,0.0,549.3549429516021,0.4524886877828054,220,216,1,0,215,214,,5,0,0,5,2
2020-09-29,US,Utah,Southwest Utah,4255,33,0,37.85447192,-111.4418764,0.0,1688.2106950428895,0.7755581668625147,4222,4234,32,0,4202,4210,,21,1,0,20,24
2020-09-29,US,Utah,Summit,1014,1,0,40.86688146,-110.9535882,49043.0,2405.9793569818485,0.09861932938856016,1013,1005,1,0,1004,998,41933,9,0,0,9,7
2020-09-29,US,Utah,Tooele,891,0,0,40.44862644,-113.12957150000001,49045.0,1233.0643933627643,0.0,891,887,0,0,887,877,69907,4,0,0,4,10
2020-09-29,US,Utah,TriCounty,238,2,0,40.12491499,-109.5174415,0.0,420.3313199816326,0.8403361344537815,236,237,2,0,235,237,,1,0,0,1,0
2020-09-29,US,Utah,Utah,19046,57,0,40.116672200000004,-111.66576620000001,49049.0,2993.547981484829,0.29927543841226506,18989,18792,57,0,18735,18436,622213,254,0,0,254,356
2020-09-29,US,Utah,Wasatch,781,7,0,40.33110236,-111.1691419,49051.0,2290.927224194069,0.8962868117797695,774,770,7,0,763,762,33240,11,0,0,11,8
2020-09-29,US,Utah,Weber-Morgan,4360,31,0,41.27116049,-111.9145117,0.0,1600.9576370452787,0.7110091743119266,4329,4322,31,0,4291,4295,,38,0,0,38,27
2020-09-29,US,Vermont,Addison,84,2,0,44.03217337,-73.14130877,50001.0,228.4036218288604,2.380952380952381,82,83,2,0,81,83,36973,1,0,0,1,0
2020-09-29,US,Vermont,Bennington,115,1,0,43.03519828,-73.09048868,50003.0,324.2176487172258,0.8695652173913043,114,114,1,0,113,114,35631,1,0,0,1,0
2020-09-29,US,Vermont,Caledonia,34,0,0,44.46548598,-72.10314651,50005.0,113.35978394958825,0.0,34,34,0,0,34,34,30302,0,0,0,0,0
2020-09-29,US,Vermont,Chittenden,837,39,0,44.46322849,-73.08359212,50007.0,511.0701332323813,4.659498207885305,798,836,39,0,797,835,164572,1,0,0,1,1
2020-09-29,US,Vermont,Essex,6,0,0,44.72736416,-71.73579864,50009.0,97.35518416355671,0.0,6,6,0,0,6,6,6250,0,0,0,0,0
2020-09-29,US,Vermont,Franklin,128,7,0,44.85627605,-72.91249563,50011.0,259.09882191004414,5.46875,121,127,7,0,120,126,49421,1,0,0,1,1
2020-09-29,US,Vermont,Grand Isle,14,0,0,44.797582399999996,-73.29679772,50013.0,193.503800967519,0.0,14,14,0,0,14,14,7090,0,0,0,0,0
2020-09-29,US,Vermont,Lamoille,58,1,0,44.60353043,-72.64356694,50015.0,228.68858922797887,1.7241379310344829,57,58,1,0,57,58,25300,0,0,0,0,0
2020-09-29,US,Vermont,Orange,25,0,0,44.00470222,-72.37640104,50017.0,86.52914301536758,0.0,25,25,0,0,25,25,28999,0,0,0,0,0
2020-09-29,US,Vermont,Orleans,21,0,0,44.82964024,-72.24562697,50019.0,77.67133927580724,0.0,21,21,0,0,21,21,26907,0,0,0,0,0
2020-09-29,US,Vermont,Rutland,131,1,0,43.57723578,-73.03741676,50021.0,225.12072313588013,0.7633587786259542,130,131,1,0,130,131,58672,0,0,0,0,0
2020-09-29,US,Vermont,Unassigned,8,0,0,0.0,0.0,90050.0,0.0,0.0,8,8,0,0,8,8,,0,0,0,0,0
2020-09-29,US,Vermont,Washington,78,2,0,44.27343241,-72.61604978,50023.0,133.54106387714222,2.5641025641025643,76,78,2,0,76,77,58140,0,0,0,0,1
2020-09-29,US,Vermont,Windham,123,3,0,42.986982,-72.71268875,50025.0,291.3173227227512,2.4390243902439024,120,123,3,0,120,123,42756,0,0,0,0,0
2020-09-29,US,Vermont,Windsor,87,2,0,43.58010937,-72.58595157,50027.0,158.00370491446006,2.2988505747126435,85,87,2,0,85,87,55286,0,0,0,0,0
2020-09-29,US,Virginia,Accomack,1175,19,0,37.76707161,-75.63234615,51001.0,3635.9697982423572,1.6170212765957446,1156,1175,19,0,1156,1175,32412,0,0,0,0,0
2020-09-29,US,Virginia,Albemarle,1283,21,0,38.02080697,-78.55481085,51003.0,1173.511387542303,1.6367887763055342,1262,1274,21,0,1253,1255,108718,9,0,0,9,19
2020-09-29,US,Virginia,Alexandria,3841,69,0,38.814003,-77.08183073,51510.0,2409.238025942745,1.7964071856287425,3772,3825,69,0,3756,3814,160530,16,0,0,16,11
2020-09-29,US,Virginia,Alleghany,79,4,0,37.78636074,-80.00222498,51005.0,531.628532974428,5.063291139240507,75,79,4,0,75,79,14910,0,0,0,0,0
2020-09-29,US,Virginia,Amelia,124,5,0,37.34081025,-77.98584649,51007.0,943.3244579688094,4.032258064516129,119,124,5,0,119,124,13013,0,0,0,0,0
2020-09-29,US,Virginia,Amherst,402,4,0,37.60308293,-79.14548696,51009.0,1271.9506407214046,0.9950248756218906,398,398,4,0,394,396,31666,4,0,0,4,2
2020-09-29,US,Virginia,Appomattox,215,3,0,37.37569884,-78.81340003,51011.0,1351.2664194582364,1.3953488372093024,212,216,3,0,213,215,15841,-1,0,0,-1,1
2020-09-29,US,Virginia,Arlington,3985,150,0,38.8767675,-77.10139853,51013.0,1682.5563033583571,3.764115432873275,3835,3963,149,0,3814,3951,237521,22,1,0,21,12
2020-09-29,US,Virginia,Augusta,505,7,0,38.16404586,-79.12461614,51015.0,668.3607295058101,1.3861386138613858,498,500,7,0,493,497,75457,5,0,0,5,3
2020-09-29,US,Virginia,Bath,10,0,0,38.05852573,-79.73912095,51017.0,241.13817217265492,0.0,10,9,0,0,9,9,4292,1,0,0,1,0
2020-09-29,US,Virginia,Bedford,776,13,0,37.3080028,-79.5281964,51019.0,982.3157841437016,1.6752577319587634,763,769,13,0,756,760,78747,7,0,0,7,9
2020-09-29,US,Virginia,Bland,64,5,0,37.13128068,-81.13599391,51021.0,1019.108280254777,7.8125,59,64,5,0,59,64,6293,0,0,0,0,0
2020-09-29,US,Virginia,Botetourt,305,10,0,37.55531756,-79.80982182,51023.0,912.6544779915616,3.278688524590164,295,302,10,0,292,302,33277,3,0,0,3,0
2020-09-29,US,Virginia,Bristol,186,5,0,36.616302399999995,-82.16359122,51520.0,1109.6527860637154,2.6881720430107525,181,186,5,0,181,185,16482,0,0,0,0,1
2020-09-29,US,Virginia,Brunswick,361,5,0,36.76366949,-77.8593436,51025.0,2224.138993284456,1.3850415512465375,356,358,5,0,353,358,16384,3,0,0,3,0
2020-09-29,US,Virginia,Buchanan,149,2,0,37.26818323,-82.03749726,51027.0,709.3886878689772,1.342281879194631,147,140,2,0,138,140,21221,9,0,0,9,0
2020-09-29,US,Virginia,Buckingham,681,9,0,37.57242268,-78.52518834,51029.0,3971.308607417776,1.3215859030837005,672,679,9,0,670,679,16999,2,0,0,2,0
2020-09-29,US,Virginia,Buena Vista,85,1,0,37.73484642,-79.35296097,51530.0,1312.133374498302,1.1764705882352942,84,83,1,0,82,83,6237,2,0,0,2,0
2020-09-29,US,Virginia,Campbell,458,4,0,37.20553386,-79.09678609,51031.0,834.4720779812335,0.8733624454148472,454,453,4,0,449,450,54973,5,0,0,5,3
2020-09-29,US,Virginia,Caroline,362,5,0,38.02679129,-77.34901405,51033.0,1178.1936533767293,1.3812154696132597,357,358,5,0,353,354,30772,4,0,0,4,4
2020-09-29,US,Virginia,Carroll,505,24,0,36.73066666,-80.73455942,51035.0,1695.1428283709845,4.752475247524752,481,502,24,0,478,500,29636,3,0,0,3,2
2020-09-29,US,Virginia,Charles City,83,5,0,37.35358063,-77.05634116,51036.0,1192.0149360907656,6.024096385542169,78,84,5,0,79,85,6941,-1,0,0,-1,-1
2020-09-29,US,Virginia,Charlotte,108,0,0,37.01909701,-78.66314092,51037.0,909.0909090909092,0.0,108,107,0,0,107,107,11938,1,0,0,1,0
2020-09-29,US,Virginia,Charlottesville,1233,28,0,38.03527919,-78.48569588,51540.0,2608.640460373207,2.2708840227088403,1205,1222,28,0,1194,1216,48117,11,0,0,11,6
2020-09-29,US,Virginia,Chesapeake,4333,72,0,36.67670048,-76.30545744,51550.0,1769.7633099842749,1.661666282021694,4261,4315,72,0,4243,4299,242634,18,0,0,18,16
2020-09-29,US,Virginia,Chesterfield,6036,95,0,37.37373208,-77.58680140000001,51041.0,1710.8746549055845,1.5738899933730948,5941,6000,94,0,5906,5985,348556,36,1,0,35,15
2020-09-29,US,Virginia,Clarke,95,0,0,39.11271747,-77.99199425,51043.0,649.8392502907176,0.0,95,94,0,0,94,94,14523,1,0,0,1,0
2020-09-29,US,Virginia,Colonial Heights,260,26,0,37.26420587,-77.39609676,51570.0,1496.8336211859528,10.0,234,256,25,0,231,256,17833,4,1,0,3,0
2020-09-29,US,Virginia,Covington,32,0,0,37.7824656,-79.98631446,51580.0,577.825929938606,0.0,32,32,0,0,32,32,5460,0,0,0,0,0
2020-09-29,US,Virginia,Craig,31,0,0,37.48133648,-80.21072274,51045.0,604.1707269538101,0.0,31,31,0,0,31,31,5064,0,0,0,0,0
2020-09-29,US,Virginia,Culpeper,1205,17,0,38.48199985,-77.95630870000002,51047.0,2290.6567816747456,1.410788381742739,1188,1199,17,0,1182,1196,51859,6,0,0,6,3
2020-09-29,US,Virginia,Cumberland,105,2,0,37.51328851,-78.24398086,51049.0,1057.188884414015,1.9047619047619049,103,105,2,0,103,105,9809,0,0,0,0,0
2020-09-29,US,Virginia,Danville,885,28,0,36.58022376,-79.40395668,51590.0,2210.0689241833984,3.1638418079096047,857,880,27,0,853,875,40693,5,1,0,4,5
2020-09-29,US,Virginia,Dickenson,102,1,0,37.12560977,-82.35124171,51051.0,712.3899986031569,0.9803921568627452,101,101,1,0,100,101,14523,1,0,0,1,0
2020-09-29,US,Virginia,Dinwiddie,398,11,0,37.07544585,-77.63451754,51053.0,1394.3385650224216,2.7638190954773867,387,391,11,0,380,385,28529,7,0,0,7,6
2020-09-29,US,Virginia,Emporia,259,26,0,36.69455571,-77.53406129,51595.0,4844.743733632623,10.038610038610038,233,259,26,0,233,258,5121,0,0,0,0,1
2020-09-29,US,Virginia,Essex,180,2,0,37.93357639,-76.94230311,51057.0,1643.3853738701723,1.1111111111111112,178,180,2,0,178,180,10919,0,0,0,0,0
2020-09-29,US,Virginia,Fairfax,20924,586,0,38.83677558,-77.27565836,51059.0,1823.391417407096,2.8006117377174538,20338,20822,586,0,20236,20801,1150795,102,0,0,102,21
2020-09-29,US,Virginia,Fairfax,20924,586,0,38.83677558,-77.27565836,51059.0,1823.391417407096,2.8006117377174538,20338,20822,586,0,20236,20801,24574,102,0,0,102,21
2020-09-29,US,Virginia,Fairfax City,138,8,0,38.85157547,-77.29779640000002,51600.0,574.5451517548607,5.797101449275362,130,138,8,0,130,137,24574,0,0,0,0,1
2020-09-29,US,Virginia,Falls Church,70,7,0,38.88485255,-77.17560759,51610.0,478.8944379831703,10.0,63,70,7,0,63,70,14772,0,0,0,0,0
2020-09-29,US,Virginia,Fauquier,939,25,0,38.73564842,-77.80647472,51061.0,1318.4128499620904,2.6624068157614484,914,939,25,0,914,936,70675,0,0,0,0,3
2020-09-29,US,Virginia,Floyd,203,9,0,36.9302126,-80.36738849,51063.0,1288.9707283002094,4.433497536945813,194,203,9,0,194,203,15795,0,0,0,0,0
2020-09-29,US,Virginia,Fluvanna,379,9,0,37.84157909,-78.27715475,51065.0,1389.8056472313901,2.3746701846965697,370,379,9,0,370,379,26783,0,0,0,0,0
2020-09-29,US,Virginia,Franklin,194,1,0,36.99536167,-79.88023649,51067.0,346.1689447200313,0.5154639175257731,193,194,1,0,193,194,56195,0,0,0,0,0
2020-09-29,US,Virginia,Franklin,194,1,0,36.99536167,-79.88023649,51067.0,346.1689447200313,0.5154639175257731,193,194,1,0,193,194,8013,0,0,0,0,0
2020-09-29,US,Virginia,Franklin City,422,9,0,36.6831435,-76.93859681,51620.0,5296.849504204845,2.1327014218009483,413,416,9,0,407,415,8013,6,0,0,6,1
2020-09-29,US,Virginia,Frederick,895,13,0,39.20172582,-78.25974949,51069.0,1002.0937601468993,1.4525139664804467,882,888,13,0,875,883,88355,7,0,0,7,5
2020-09-29,US,Virginia,Fredericksburg,546,5,0,38.2977863,-77.4922454,51630.0,1880.424300867888,0.9157509157509156,541,539,5,0,534,539,29144,7,0,0,7,0
2020-09-29,US,Virginia,Galax,418,30,0,36.66601852,-80.91703124,51640.0,6585.78856152513,7.177033492822965,388,418,30,0,388,418,6423,0,0,0,0,0
2020-09-29,US,Virginia,Giles,90,0,0,37.31234791,-80.70636931,51071.0,538.2775119617224,0.0,90,90,0,0,90,89,16844,0,0,0,0,1
2020-09-29,US,Virginia,Gloucester,249,2,0,37.40809042,-76.53524337,51073.0,666.7023669272786,0.8032128514056225,247,247,2,0,245,244,37349,2,0,0,2,3
2020-09-29,US,Virginia,Goochland,274,7,0,37.71714806,-77.90381514,51075.0,1153.5385003999495,2.554744525547445,267,272,7,0,265,271,23244,2,0,0,2,1
2020-09-29,US,Virginia,Grayson,322,15,0,36.65677234,-81.23215889,51077.0,2070.7395498392284,4.658385093167702,307,320,13,0,307,320,15631,2,2,0,0,0
2020-09-29,US,Virginia,Greene,221,3,0,38.29545894,-78.46525378,51079.0,1115.0915787880317,1.3574660633484164,218,219,3,0,216,216,19779,2,0,0,2,3
2020-09-29,US,Virginia,Greensville,794,11,0,36.67878901,-77.56351439,51081.0,7004.2342978122815,1.3853904282115868,783,789,11,0,778,789,11627,5,0,0,5,0
2020-09-29,US,Virginia,Halifax,357,6,0,36.76654925,-78.93512622,51083.0,1052.7557429742562,1.680672268907563,351,351,6,0,345,348,34120,6,0,0,6,3
2020-09-29,US,Virginia,Hampton,1837,26,0,37.03513786,-76.35879121,51650.0,1365.697717641811,1.4153511159499184,1811,1827,26,0,1801,1819,134313,10,0,0,10,8
2020-09-29,US,Virginia,Hanover,1311,38,0,37.7583355,-77.49464673,51085.0,1216.5246923890652,2.898550724637681,1273,1297,37,0,1260,1293,107239,14,1,0,13,4
2020-09-29,US,Virginia,Harrisonburg,2652,34,0,38.43542574,-78.87536254,51660.0,5002.263467632412,1.2820512820512822,2618,2636,34,0,2602,2631,54033,16,0,0,16,5
2020-09-29,US,Virginia,Henrico,5478,212,0,37.53460572,-77.39326555,51087.0,1655.895386587187,3.870025556772545,5266,5452,211,0,5241,5453,329261,26,1,0,25,-1
2020-09-29,US,Virginia,Henry,1070,26,0,36.68542395,-79.87634026,51089.0,2116.423047253595,2.4299065420560746,1044,1065,26,0,1039,1065,50953,5,0,0,5,0
2020-09-29,US,Virginia,Highland,7,0,0,38.35799465,-79.56124594,51091.0,319.634703196347,0.0,7,7,0,0,7,7,2210,0,0,0,0,0
2020-09-29,US,Virginia,Hopewell,401,7,0,37.29186313,-77.29754684,51670.0,1779.928092680545,1.745635910224439,394,395,7,0,388,393,22596,6,0,0,6,2
2020-09-29,US,Virginia,Isle of Wight,750,19,0,36.90579348,-76.70842863,51093.0,2021.0730550540304,2.533333333333333,731,742,19,0,723,739,36953,8,0,0,8,3
2020-09-29,US,Virginia,James City,856,21,0,37.31156958,-76.76950618,51095.0,1118.6179318636227,2.453271028037383,835,852,20,0,832,851,76397,4,1,0,3,1
2020-09-29,US,Virginia,King George,229,4,0,38.26818502,-77.15852768,51099.0,853.3313459531972,1.7467248908296944,225,229,4,0,225,229,26575,0,0,0,0,0
2020-09-29,US,Virginia,King William,161,2,0,37.70965316,-77.09384941,51101.0,938.8850011663167,1.2422360248447204,159,161,2,0,159,161,16939,0,0,0,0,0
2020-09-29,US,Virginia,King and Queen,72,1,0,37.71044922,-76.88689628,51097.0,1024.9110320284697,1.3888888888888888,71,72,1,0,71,72,7042,0,0,0,0,0
2020-09-29,US,Virginia,Lancaster,151,0,0,37.71889653,-76.46400482,51103.0,1424.125247571442,0.0,151,149,0,0,149,146,10783,2,0,0,2,3
2020-09-29,US,Virginia,Lee,273,7,0,36.70586667,-83.12606515,51105.0,1165.5210690347094,2.5641025641025643,266,270,7,0,263,269,23541,3,0,0,3,1
2020-09-29,US,Virginia,Lexington,101,1,0,37.78258621,-79.44262866,51678.0,1356.432984152565,0.99009900990099,100,86,1,0,85,85,7136,15,0,0,15,1
2020-09-29,US,Virginia,Loudoun,6851,124,0,39.08990083,-77.63481877,51107.0,1656.6796763538055,1.8099547511312215,6727,6830,124,0,6706,6816,406850,21,0,0,21,14
2020-09-29,US,Virginia,Louisa,293,6,0,37.97850256,-77.96274807,51109.0,779.4418876858823,2.04778156996587,287,291,6,0,285,290,36778,2,0,0,2,1
2020-09-29,US,Virginia,Lunenburg,118,3,0,36.94618528,-78.24133319,51111.0,967.5303378156772,2.5423728813559316,115,118,3,0,115,118,12086,0,0,0,0,0
2020-09-29,US,Virginia,Lynchburg,1426,13,0,37.40021399,-79.19888138,51680.0,1735.4687956382047,0.91164095371669,1413,1408,13,0,1395,1396,82126,18,0,0,18,12
2020-09-29,US,Virginia,Madison,108,3,0,38.41531222,-78.28220331,51113.0,814.4182188371917,2.7777777777777777,105,108,3,0,105,106,13295,0,0,0,0,2
2020-09-29,US,Virginia,Manassas,1926,25,0,38.7464321,-77.48509905,51683.0,4687.842278203724,1.2980269989615785,1901,1919,25,0,1894,1920,41641,7,0,0,7,-1
2020-09-29,US,Virginia,Manassas Park,616,8,0,38.77058531,-77.44399307,51685.0,3524.4307128962128,1.2987012987012987,608,613,8,0,605,612,17307,3,0,0,3,1
2020-09-29,US,Virginia,Martinsville,382,17,0,36.68212094,-79.86352771,51690.0,3042.854866974669,4.450261780104712,365,383,17,0,366,382,12902,-1,0,0,-1,1
2020-09-29,US,Virginia,Mathews,75,0,0,37.44164146,-76.34098896,51115.0,848.992528865746,0.0,75,74,0,0,74,74,8802,1,0,0,1,0
2020-09-29,US,Virginia,Mecklenburg,719,33,0,36.67882005,-78.36131056,51117.0,2350.6718540556444,4.589707927677329,686,718,33,0,685,718,30650,1,0,0,1,0
2020-09-29,US,Virginia,Middlesex,120,10,0,37.63191998,-76.55064617,51119.0,1134.001134001134,8.333333333333334,110,119,10,0,109,119,10769,1,0,0,1,0
2020-09-29,US,Virginia,Montgomery,1975,4,0,37.17746986,-80.37868691,51121.0,2004.3639315979087,0.20253164556962025,1971,1943,4,0,1939,1936,98985,32,0,0,32,7
2020-09-29,US,Virginia,Nelson,104,2,0,37.78790447,-78.88498513,51125.0,696.584058941728,1.9230769230769231,102,104,2,0,102,104,14836,0,0,0,0,0
2020-09-29,US,Virginia,New Kent,194,3,0,37.50694406,-76.99828634,51127.0,840.1541726213676,1.5463917525773196,191,191,3,0,188,191,22391,3,0,0,3,0
2020-09-29,US,Virginia,Newport News,2753,40,0,37.08166899,-76.51754109,51700.0,1536.0580276189148,1.452960406828914,2713,2744,39,0,2705,2733,178626,9,1,0,8,11
2020-09-29,US,Virginia,Norfolk,4870,78,0,36.89934014,-76.26420872,51710.0,2006.2453139547333,1.6016427104722792,4792,4840,78,0,4762,4824,244076,30,0,0,30,16
2020-09-29,US,Virginia,Northampton,305,31,0,37.34062933,-75.87751591,51131.0,2604.611443210931,10.163934426229508,274,305,31,0,274,305,11735,0,0,0,0,0
2020-09-29,US,Virginia,Northumberland,173,6,0,37.89202088,-76.41949732,51133.0,1430.343116990492,3.4682080924855487,167,165,6,0,159,160,12147,8,0,0,8,5
2020-09-29,US,Virginia,Norton,34,0,0,36.93357076,-82.62750411,51720.0,854.0567696558653,0.0,34,34,0,0,34,34,3968,0,0,0,0,0
2020-09-29,US,Virginia,Nottoway,266,18,0,37.1435975,-78.05065922,51135.0,1746.3235294117646,6.7669172932330826,248,265,18,0,247,265,15420,1,0,0,1,0
2020-09-29,US,Virginia,Orange,327,4,0,38.24530219,-78.01560400000002,51137.0,882.5672721384037,1.2232415902140672,323,327,4,0,323,325,36644,0,0,0,0,2
2020-09-29,US,Virginia,Page,398,29,0,38.61807452,-78.48797204,51139.0,1665.1326248849468,7.286432160804019,369,397,29,0,368,393,23933,1,0,0,1,4
2020-09-29,US,Virginia,Patrick,276,25,0,36.680163799999995,-80.2865648,51141.0,1567.4693321217624,9.057971014492754,251,276,25,0,251,277,17673,0,0,0,0,-1
2020-09-29,US,Virginia,Petersburg,745,29,0,37.20530399,-77.39368102,51730.0,2376.6987813437117,3.8926174496644297,716,745,29,0,716,740,31567,0,0,0,0,5
2020-09-29,US,Virginia,Pittsylvania,1008,10,0,36.81980341,-79.39731264,51143.0,1670.146137787057,0.992063492063492,998,1002,9,0,993,998,60949,6,1,0,5,4
2020-09-29,US,Virginia,Poquoson,75,2,0,37.14259351,-76.35798148,51735.0,611.1971314481298,2.6666666666666665,73,75,2,0,73,74,12190,0,0,0,0,1
2020-09-29,US,Virginia,Portsmouth,2567,59,0,36.85914825,-76.35971629,51740.0,2719.337274094791,2.2984028048305416,2508,2561,59,0,2502,2559,94632,6,0,0,6,2
2020-09-29,US,Virginia,Powhatan,229,5,0,37.55016038,-77.91267882,51145.0,772.2919196007015,2.183406113537118,224,223,5,0,218,222,29189,6,0,0,6,1
2020-09-29,US,Virginia,Prince Edward,582,12,0,37.22554789,-78.43597949,51147.0,2552.407683536532,2.061855670103093,570,580,12,0,568,580,22950,2,0,0,2,0
2020-09-29,US,Virginia,Prince George,820,5,0,37.18497668,-77.22922187,51149.0,2138.0335306234188,0.6097560975609756,815,811,5,0,806,803,38082,9,0,0,9,8
2020-09-29,US,Virginia,Prince William,12541,203,0,38.70916224,-77.48713689,51153.0,2666.3973550767005,1.6186906945219681,12338,12484,203,0,12281,12449,468011,57,0,0,57,35
2020-09-29,US,Virginia,Pulaski,236,5,0,37.06474963,-80.71229738,51155.0,693.5668733652687,2.1186440677966103,231,236,5,0,231,236,34066,0,0,0,0,0
2020-09-29,US,Virginia,Radford,745,1,0,37.12222899,-80.56027320000003,51750.0,4082.415474820538,0.1342281879194631,744,740,1,0,739,740,18339,5,0,0,5,0
2020-09-29,US,Virginia,Rappahannock,63,2,0,38.68295619,-78.15826963,51157.0,854.8168249660788,3.1746031746031744,61,63,2,0,61,63,7252,0,0,0,0,0
2020-09-29,US,Virginia,Richmond,354,4,0,37.937575,-76.72920628,51159.0,3923.307104067384,1.1299435028248588,350,352,4,0,348,349,9038,2,0,0,2,3
2020-09-29,US,Virginia,Richmond City,4649,61,0,37.53255773,-77.47966921,51760.0,2017.4799076533184,1.3121101312110128,4588,4647,61,0,4586,4637,228783,2,0,0,2,10
2020-09-29,US,Virginia,Roanoke,891,9,0,37.26865804,-80.06396753,51161.0,946.0004671607244,1.0101010101010102,882,880,7,0,873,879,94073,11,2,0,9,1
2020-09-29,US,Virginia,Roanoke City,1744,27,0,37.27791025,-79.96189766,51770.0,1759.0752751076727,1.548165137614679,1717,1716,27,0,1689,1713,99920,28,0,0,28,3
2020-09-29,US,Virginia,Rockbridge,114,2,0,37.81204314,-79.44605905,51163.0,505.0281309529083,1.7543859649122806,112,114,2,0,112,115,22752,0,0,0,0,-1
2020-09-29,US,Virginia,Rockingham,1445,22,0,38.51006137,-78.87260325,51165.0,1763.3133206423583,1.5224913494809689,1423,1437,22,0,1415,1424,81244,8,0,0,8,13
2020-09-29,US,Virginia,Russell,272,5,0,36.93028320000001,-82.10095486,51167.0,1023.0948619574212,1.8382352941176472,267,264,5,0,259,262,26748,8,0,0,8,2
2020-09-29,US,Virginia,Salem,271,6,0,37.2836193,-80.06219455,51775.0,1071.1039089364058,2.2140221402214024,265,267,6,0,261,267,25643,4,0,0,4,0
2020-09-29,US,Virginia,Scott,189,4,0,36.71466456,-82.60171704,51169.0,876.3794862283223,2.1164021164021163,185,189,4,0,185,186,21534,0,0,0,0,3
2020-09-29,US,Virginia,Shenandoah,806,58,0,38.85905135,-78.56813762,51171.0,1847.945707997065,7.196029776674937,748,806,58,0,748,806,43497,0,0,0,0,0
2020-09-29,US,Virginia,Smyth,512,20,0,36.84455636,-81.53344948,51173.0,1700.7706617060855,3.90625,492,496,20,0,476,491,30472,16,0,0,16,5
2020-09-29,US,Virginia,Southampton,760,25,0,36.72231125,-77.10642712,51175.0,4310.589302932335,3.2894736842105265,735,757,23,0,734,757,17586,3,2,0,1,0
2020-09-29,US,Virginia,Spotsylvania,2151,44,0,38.18574462,-77.655399,51177.0,1579.1212421539478,2.0455602045560206,2107,2145,44,0,2101,2136,134238,6,0,0,6,9
2020-09-29,US,Virginia,Stafford,2024,17,0,38.41758738,-77.45917053,51179.0,1323.8968616318468,0.8399209486166008,2007,2018,17,0,2001,2012,149960,6,0,0,6,6
2020-09-29,US,Virginia,Staunton,263,0,0,38.15965544,-79.05979937,51790.0,1054.8692443446173,0.0,263,259,0,0,259,257,24922,4,0,0,4,2
2020-09-29,US,Virginia,Suffolk,1984,72,0,36.70155394,-76.63603554,51800.0,2153.993138489599,3.629032258064516,1912,1974,72,0,1902,1972,91185,10,0,0,10,2
2020-09-29,US,Virginia,Surry,121,3,0,37.11781893,-76.88450012,51181.0,1884.148240423544,2.479338842975207,118,119,3,0,116,119,6474,2,0,0,2,0
2020-09-29,US,Virginia,Sussex,509,11,0,36.92432914,-77.25791182,51183.0,4561.340621919527,2.161100196463654,498,466,11,0,455,465,11237,43,0,0,43,1
2020-09-29,US,Virginia,Tazewell,316,2,0,37.12191123,-81.56685568,51185.0,778.4209878063801,0.6329113924050633,314,304,2,0,302,301,40855,12,0,0,12,3
2020-09-29,US,Virginia,Virginia Beach,6901,91,0,36.73285734,-76.04566934,51810.0,1533.644166107375,1.3186494710911465,6810,6858,91,0,6767,6826,450189,43,0,0,43,32
2020-09-29,US,Virginia,Warren,435,7,0,38.90847745,-78.20280433,51187.0,1083.0594562294593,1.6091954022988506,428,431,7,0,424,418,40003,4,0,0,4,13
2020-09-29,US,Virginia,Washington,585,20,0,36.72341572,-81.95666289,51191.0,1088.5746185336807,3.418803418803418,565,581,20,0,561,572,54402,4,0,0,4,9
2020-09-29,US,Virginia,Waynesboro,271,3,0,38.06451466,-78.90293905,51820.0,1197.5254087494475,1.1070110701107012,268,272,3,0,269,266,22628,-1,0,0,-1,6
2020-09-29,US,Virginia,Westmoreland,276,3,0,38.11021557,-76.80213247,51193.0,1532.0566194837634,1.0869565217391304,273,275,3,0,272,275,17830,1,0,0,1,0
2020-09-29,US,Virginia,Williamsburg,183,7,0,37.28131268,-76.70905141,51830.0,1223.75284204895,3.8251366120218577,176,182,7,0,175,181,14896,1,0,0,1,1
2020-09-29,US,Virginia,Winchester,505,4,0,39.17054517,-78.17325058,51840.0,1798.5611510791364,0.7920792079207921,501,500,4,0,496,499,28108,5,0,0,5,1
2020-09-29,US,Virginia,Wise,421,9,0,36.9746148,-82.62410519,51195.0,1126.1803493566595,2.1377672209026133,412,412,9,0,403,411,38012,9,0,0,9,1
2020-09-29,US,Virginia,Wythe,244,4,0,36.91582035,-81.07834059,51197.0,850.6484451262027,1.639344262295082,240,238,4,0,234,238,28754,6,0,0,6,0
2020-09-29,US,Virginia,York,549,8,0,37.24374789,-76.54412815,51199.0,804.042179261863,1.4571948998178506,541,546,8,0,538,545,67846,3,0,0,3,1
2020-09-29,US,Washington,Adams,864,10,0,46.98299757,-118.56017340000001,53001.0,4323.675123855277,1.1574074074074074,854,858,10,0,848,846,19759,6,0,0,6,12
2020-09-29,US,Washington,Asotin,116,3,0,46.18894415,-117.2022851,53003.0,513.6834647064034,2.586206896551724,113,111,2,0,109,110,22610,5,1,0,4,1
2020-09-29,US,Washington,Benton,4572,133,0,46.23946995,-119.51208340000001,53005.0,2236.9000440334653,2.9090113735783025,4439,4545,130,0,4415,4541,201877,27,3,0,24,4
2020-09-29,US,Washington,Chelan,1852,16,0,47.87046092,-120.6173956,53007.0,2398.963730569948,0.8639308855291576,1836,1848,15,0,1833,1845,77036,4,1,0,3,3
2020-09-29,US,Washington,Clallam,231,1,0,48.04754642,-123.92263190000001,53009.0,298.7159095317532,0.4329004329004329,230,231,1,0,230,230,76737,0,0,0,0,1
2020-09-29,US,Washington,Clark,3291,66,0,45.77568046,-122.48292040000001,53011.0,674.0523634844267,2.005469462169553,3225,3245,62,0,3183,3234,481857,46,4,0,42,11
2020-09-29,US,Washington,Columbia,14,1,0,46.29442881,-117.9051983,53013.0,351.3174404015057,7.142857142857142,13,14,1,0,13,14,4059,0,0,0,0,0
2020-09-29,US,Washington,Cowlitz,679,7,0,46.19074721,-122.6782231,53015.0,613.9629090448763,1.0309278350515465,672,661,7,0,654,659,108987,18,0,0,18,2
2020-09-29,US,Washington,Douglas,1190,9,0,47.7361335,-119.69293700000001,53017.0,2740.104538442055,0.7563025210084033,1181,1189,9,0,1180,1186,42907,1,0,0,1,3
2020-09-29,US,Washington,Ferry,30,0,0,48.471143100000006,-118.5154041,53019.0,393.3394519470304,0.0,30,30,0,0,30,30,7649,0,0,0,0,0
2020-09-29,US,Washington,Franklin,4310,66,0,46.53351425,-118.9018212,53021.0,4526.264938774652,1.5313225058004643,4244,4297,66,0,4231,4282,94347,13,0,0,13,15
2020-09-29,US,Washington,Garfield,13,0,0,46.43197502,-117.54540320000001,53023.0,584.2696629213483,0.0,13,11,0,0,11,11,2247,2,0,0,2,0
2020-09-29,US,Washington,Grant,2973,21,0,47.20753737,-119.4500749,53025.0,3041.961261805122,0.7063572149344097,2952,2953,21,0,2932,2937,97331,20,0,0,20,16
2020-09-29,US,Washington,Grays Harbor,501,10,0,47.14003705,-123.7820567,53027.0,667.4571348636442,1.996007984031936,491,502,7,0,495,499,73901,-1,3,0,-4,3
2020-09-29,US,Washington,Island,313,12,0,48.14713305,-122.5216407,53029.0,367.62546834075243,3.8338658146964857,301,313,12,0,301,313,84460,0,0,0,0,0
2020-09-29,US,Washington,Jefferson,71,0,0,47.75003077,-123.56097040000002,53031.0,220.35318581049626,0.0,71,71,0,0,71,71,31729,0,0,0,0,0
2020-09-29,US,Washington,King,22237,761,0,47.49137892,-121.8346131,53033.0,987.0906283874782,3.4222242208931064,21476,22198,768,0,21430,22103,2233163,39,-7,0,46,95
2020-09-29,US,Washington,Kitsap,1216,12,0,47.63479026,-122.6436061,53035.0,447.9266814747691,0.986842105263158,1204,1213,13,0,1200,1201,269805,3,-1,0,4,12
2020-09-29,US,Washington,Kittitas,542,22,0,47.12521214,-120.67943899999999,53037.0,1130.6978199645353,4.059040590405904,520,537,22,0,515,533,47364,5,0,0,5,4
2020-09-29,US,Washington,Klickitat,193,3,0,45.87325839,-120.7913598,53039.0,860.6465997770346,1.5544041450777202,190,193,3,0,190,192,22107,0,0,0,0,1
2020-09-29,US,Washington,Lewis,537,5,0,46.57756476,-122.39257690000001,53041.0,665.3697944416223,0.931098696461825,532,524,4,0,520,522,79604,13,1,0,12,2
2020-09-29,US,Washington,Lincoln,51,1,0,47.57705241,-118.41943880000001,53043.0,466.2217752993875,1.96078431372549,50,48,1,0,47,49,10740,3,0,0,3,-1
2020-09-29,US,Washington,Mason,403,5,0,47.35007586,-123.1863685,53045.0,603.582554517134,1.2406947890818858,398,401,4,0,397,396,65507,2,1,0,1,5
2020-09-29,US,Washington,Okanogan,1049,10,0,48.54855019,-119.73872240000001,53047.0,2483.25166299742,0.9532888465204956,1039,1050,10,0,1040,1049,42132,-1,0,0,-1,1
2020-09-29,US,Washington,Pacific,83,3,0,46.55418369,-123.7285716,53049.0,369.3649592808509,3.614457831325301,80,80,3,0,77,80,22036,3,0,0,3,0
2020-09-29,US,Washington,Pend Oreille,65,0,0,48.53234021,-117.2741804,53051.0,473.62285048090934,0.0,65,62,0,0,62,62,13602,3,0,0,3,0
2020-09-29,US,Washington,Pierce,8002,206,0,47.03892768,-122.14059579999999,53053.0,884.2184357665362,2.574356410897276,7796,7961,200,0,7761,7913,891299,41,6,0,35,48
2020-09-29,US,Washington,San Juan,29,0,0,48.60182783,-122.96745,53055.0,164.94141735866228,0.0,29,29,0,0,29,29,17128,0,0,0,0,0
2020-09-29,US,Washington,Skagit,1107,23,0,48.48171488,-121.766131,53057.0,856.7779884679387,2.0776874435411017,1084,1107,22,0,1085,1103,128206,0,1,0,-1,4
2020-09-29,US,Washington,Skamania,65,1,0,46.02408726,-121.91644029999999,53059.0,537.9458743689481,1.5384615384615383,64,65,1,0,64,65,11924,0,0,0,0,0
2020-09-29,US,Washington,Snohomish,6950,215,0,48.04615983,-121.7170703,53061.0,845.4134193262724,3.093525179856115,6735,6920,212,0,6708,6905,814901,30,3,0,27,15
2020-09-29,US,Washington,Spokane,6922,169,0,47.62113146,-117.4046494,53063.0,1324.029548697585,2.4414908985842243,6753,6866,165,0,6701,6801,514631,56,4,0,52,65
2020-09-29,US,Washington,Stevens,167,2,0,48.40035475,-117.8542701,53065.0,365.2428755768432,1.1976047904191616,165,167,2,0,165,167,45260,0,0,0,0,0
2020-09-29,US,Washington,Thurston,1103,19,0,46.9291895,-122.82906559999999,53067.0,379.6431423300383,1.7225747960108797,1084,1101,17,0,1084,1087,286419,2,2,0,0,14
2020-09-29,US,Washington,Unassigned,309,3,0,0.0,0.0,90053.0,0.0,0.9708737864077671,306,300,4,0,296,301,,9,-1,0,10,-1
2020-09-29,US,Washington,Wahkiakum,6,0,0,46.29180039999999,-123.4250831,53069.0,133.6898395721925,0.0,6,6,0,0,6,6,4426,0,0,0,0,0
2020-09-29,US,Washington,Walla Walla,901,5,0,46.23040051,-118.4775539,53071.0,1482.8834759710337,0.5549389567147613,896,898,6,0,892,892,60922,3,-1,0,4,6
2020-09-29,US,Washington,Whatcom,1353,44,0,48.82227976,-121.74900179999999,53073.0,590.1931104878145,3.2520325203252027,1309,1345,42,0,1303,1338,225685,8,2,0,6,7
2020-09-29,US,Washington,Whitman,1319,0,0,46.90022523,-117.52417630000001,53075.0,2632.524349353345,0.0,1319,1283,0,0,1283,1272,49791,36,0,0,36,11
2020-09-29,US,Washington,Yakima,11413,260,0,46.45738486,-120.73801259999999,53077.0,4549.313796223587,2.278103916586349,11153,11405,258,0,11147,11395,251446,8,2,0,6,10
2020-09-29,US,West Virginia,Barbour,78,1,0,39.1307219,-80.00350858,54001.0,474.42369685542235,1.2820512820512822,77,66,1,0,65,56,16535,12,0,0,12,10
2020-09-29,US,West Virginia,Berkeley,1009,15,0,39.46704621,-78.02414609,54003.0,846.6824982588046,1.4866204162537169,994,1002,14,0,988,995,117123,7,1,0,6,7
2020-09-29,US,West Virginia,Boone,227,1,0,38.01974191,-81.69888019,54005.0,1057.9298131146013,0.4405286343612335,226,220,1,0,219,218,21951,7,0,0,7,2
2020-09-29,US,West Virginia,Braxton,13,0,0,38.70036159,-80.72011184,54007.0,93.14322562155192,0.0,13,13,0,0,13,13,14089,0,0,0,0,0
2020-09-29,US,West Virginia,Brooke,114,1,0,40.27367263,-80.57915332,54009.0,519.6225899083823,0.8771929824561403,113,113,1,0,112,113,22203,1,0,0,1,0
2020-09-29,US,West Virginia,Cabell,843,10,0,38.42424062,-82.23855912,54011.0,916.8524661482409,1.1862396204033214,833,823,10,0,813,804,93224,20,0,0,20,19
2020-09-29,US,West Virginia,Calhoun,25,0,0,38.84315422,-81.11934872,54013.0,351.6669011112674,0.0,25,25,0,0,25,25,7254,0,0,0,0,0
2020-09-29,US,West Virginia,Clay,36,2,0,38.46231092,-81.07652217,54015.0,423.1311706629055,5.5555555555555545,34,36,2,0,34,36,8632,0,0,0,0,0
2020-09-29,US,West Virginia,Doddridge,26,1,0,39.27057157,-80.70671527,54017.0,307.7651515151515,3.8461538461538463,25,25,1,0,24,25,8406,1,0,0,1,0
2020-09-29,US,West Virginia,Fayette,629,13,0,38.02974928,-81.08286634,54019.0,1483.2806678300242,2.066772655007949,616,622,13,0,609,615,43018,7,0,0,7,7
2020-09-29,US,West Virginia,Gilmer,48,0,0,38.9251277,-80.85952723,54021.0,613.5753547232521,0.0,48,46,0,0,46,46,8026,2,0,0,2,0
2020-09-29,US,West Virginia,Grant,161,7,0,39.10314817,-79.19440518,54023.0,1391.770401106501,4.3478260869565215,154,161,7,0,154,161,11626,0,0,0,0,0
2020-09-29,US,West Virginia,Greenbrier,127,3,0,37.9463652,-80.45335881,54025.0,366.3954763141192,2.3622047244094486,124,127,3,0,124,127,34786,0,0,0,0,0
2020-09-29,US,West Virginia,Hampshire,108,1,0,39.32103553,-78.60826476,54027.0,466.0194174757282,0.925925925925926,107,108,1,0,107,107,23347,0,0,0,0,1
2020-09-29,US,West Virginia,Hancock,150,0,0,40.51943859,-80.57461608,54029.0,520.6525511975009,0.0,150,150,0,0,150,150,29094,0,0,0,0,0
2020-09-29,US,West Virginia,Hardy,91,1,0,39.00683177,-78.85855301,54031.0,660.569105691057,1.0989010989010992,90,90,1,0,89,90,13775,1,0,0,1,0
2020-09-29,US,West Virginia,Harrison,382,9,0,39.2853852,-80.37919577,54033.0,567.979065064827,2.356020942408377,373,369,9,0,360,365,67554,13,0,0,13,4
2020-09-29,US,West Virginia,Jackson,270,23,0,38.84263974,-81.68148753,54035.0,944.84882418813,8.518518518518519,247,266,23,0,243,264,28706,4,0,0,4,2
2020-09-29,US,West Virginia,Jefferson,436,4,0,39.30776166,-77.86014147,54037.0,762.9580373079483,0.9174311926605504,432,433,4,0,429,431,56811,3,0,0,3,2
2020-09-29,US,West Virginia,Kanawha,2704,79,0,38.33860077,-81.52857054,54039.0,1518.0436100693896,2.9215976331360953,2625,2688,79,0,2609,2651,180454,16,0,0,16,37
2020-09-29,US,West Virginia,Lewis,38,2,0,38.9947249,-80.49988181,54041.0,238.888539636638,5.2631578947368425,36,38,2,0,36,38,16024,0,0,0,0,0
2020-09-29,US,West Virginia,Lincoln,171,2,0,38.172154,-82.07017953,54043.0,837.8656475084523,1.1695906432748535,169,169,2,0,167,167,20599,2,0,0,2,2
2020-09-29,US,West Virginia,Logan,620,42,0,37.8299889,-81.93528571,54045.0,1936.3502920141168,6.774193548387097,578,620,41,0,579,617,32607,0,1,0,-1,3
2020-09-29,US,West Virginia,Marion,284,3,0,39.50984542,-80.24244659,54049.0,506.4916535882437,1.056338028169014,281,274,3,0,271,269,56097,10,0,0,10,5
2020-09-29,US,West Virginia,Marshall,179,1,0,39.86064362,-80.66591062,54051.0,586.2893452556418,0.5586592178770949,178,178,1,0,177,173,30785,1,0,0,1,5
2020-09-29,US,West Virginia,Mason,143,6,0,38.77071799,-82.02524219,54053.0,539.297028209383,4.195804195804196,137,142,6,0,136,142,26718,1,0,0,1,0
2020-09-29,US,West Virginia,McDowell,87,1,0,37.38002939,-81.65083669,54047.0,493.6450295052202,1.1494252873563218,86,86,1,0,85,86,18223,1,0,0,1,0
2020-09-29,US,West Virginia,Mercer,425,28,0,37.40481169,-81.11023142,54055.0,723.3057626195582,6.588235294117648,397,418,28,0,390,415,59131,7,0,0,7,3
2020-09-29,US,West Virginia,Mineral,175,4,0,39.41561583,-78.94104895,54057.0,651.3324400774154,2.2857142857142856,171,175,4,0,171,174,26940,0,0,0,0,1
2020-09-29,US,West Virginia,Mingo,377,9,0,37.73048351,-82.13338365,54059.0,1609.4603825136612,2.3872679045092844,368,377,9,0,368,376,23785,0,0,0,0,1
2020-09-29,US,West Virginia,Monongalia,2035,5,0,39.63218457,-80.04766838,54061.0,1926.8643714729392,0.2457002457002457,2030,2021,5,0,2016,1999,106420,14,0,0,14,22
2020-09-29,US,West Virginia,Monroe,151,8,0,37.56274716,-80.54577965,54063.0,1137.476459510358,5.298013245033113,143,149,7,0,142,149,13280,2,1,0,1,0
2020-09-29,US,West Virginia,Morgan,55,0,0,39.55439028,-78.26311676,54065.0,307.5374636546634,0.0,55,55,0,0,55,55,17787,0,0,0,0,0
2020-09-29,US,West Virginia,Nicholas,105,3,0,38.29617706,-80.79759588,54067.0,428.6414108425866,2.8571428571428568,102,104,3,0,101,102,24842,1,0,0,1,2
2020-09-29,US,West Virginia,Ohio,374,6,0,40.0955451,-80.62203992,54069.0,903.1416773321097,1.60427807486631,368,373,6,0,367,373,41755,1,0,0,1,0
2020-09-29,US,West Virginia,Pendleton,53,1,0,38.68314479,-79.35084086,54071.0,760.5108336920648,1.8867924528301887,52,53,1,0,52,53,6997,0,0,0,0,0
2020-09-29,US,West Virginia,Pleasants,18,3,0,39.37091679,-81.16771771,54073.0,241.28686327077747,16.666666666666668,15,17,3,0,14,17,7507,1,0,0,1,0
2020-09-29,US,West Virginia,Pocahontas,59,0,0,38.32758728,-80.00993811,54075.0,715.4116648478232,0.0,59,59,0,0,59,59,8414,0,0,0,0,0
2020-09-29,US,West Virginia,Preston,157,5,0,39.46770987,-79.66712803,54077.0,469.60995453457764,3.1847133757961785,152,157,4,0,153,154,33839,0,1,0,-1,3
2020-09-29,US,West Virginia,Putnam,576,8,0,38.50782345,-81.9082131,54079.0,1020.3720106288753,1.3888888888888888,568,566,5,0,561,559,56682,10,3,0,7,7
2020-09-29,US,West Virginia,Raleigh,526,8,0,37.76936795,-81.2456041,54081.0,717.0022218890144,1.520912547528517,518,521,8,0,513,520,74254,5,0,0,5,1
2020-09-29,US,West Virginia,Randolph,256,2,0,38.769899,-79.87919615,54083.0,892.1414880641228,0.78125,254,252,2,0,250,252,28823,4,0,0,4,0
2020-09-29,US,West Virginia,Ritchie,13,0,0,39.18094587,-81.06356878,54085.0,136.068662340381,0.0,13,13,0,0,13,13,9721,0,0,0,0,0
2020-09-29,US,West Virginia,Roane,52,2,0,38.71622686,-81.35243568,54087.0,379.8947983635301,3.8461538461538463,50,51,2,0,49,49,13932,1,0,0,1,2
2020-09-29,US,West Virginia,Summers,55,0,0,37.65390597,-80.86009693,54089.0,437.4453193350832,0.0,55,55,0,0,55,54,12760,0,0,0,0,1
2020-09-29,US,West Virginia,Taylor,127,7,0,39.33602617,-80.0421439,54091.0,760.7067984426476,5.511811023622046,120,127,7,0,120,126,16862,0,0,0,0,1
2020-09-29,US,West Virginia,Tucker,34,0,0,39.11240885,-79.57053576,54093.0,497.14870595116247,0.0,34,29,0,0,29,26,6955,5,0,0,5,3
2020-09-29,US,West Virginia,Tyler,16,1,0,39.46811972,-80.88772676,54095.0,186.2414154347573,6.25,15,16,1,0,15,16,8746,0,0,0,0,0
2020-09-29,US,West Virginia,Upshur,84,1,0,38.89285061,-80.23689136,54097.0,347.4520185307743,1.1904761904761905,83,81,1,0,80,77,24415,3,0,0,3,4
2020-09-29,US,West Virginia,Wayne,403,11,0,38.14901357,-82.42287994,54099.0,1022.7907212831836,2.729528535980149,392,398,11,0,387,395,39944,5,0,0,5,3
2020-09-29,US,West Virginia,Webster,8,0,0,38.49370949,-80.4202023,54101.0,98.59502095144195,0.0,8,8,0,0,8,8,8285,0,0,0,0,0
2020-09-29,US,West Virginia,Wetzel,56,0,0,39.6065771,-80.64016540000001,54103.0,371.72253567872565,0.0,56,55,0,0,55,55,15270,1,0,0,1,0
2020-09-29,US,West Virginia,Wirt,12,0,0,39.02775007,-81.37473928,54105.0,206.15014602302008,0.0,12,12,0,0,12,12,5830,0,0,0,0,0
2020-09-29,US,West Virginia,Wood,374,6,0,39.20967886,-81.5162836,54107.0,447.8076582293637,1.60427807486631,368,366,6,0,360,364,84203,8,0,0,8,2
2020-09-29,US,West Virginia,Wyoming,118,4,0,37.612327,-81.54511071,54109.0,578.6015494753359,3.3898305084745757,114,118,3,0,115,115,20786,0,1,0,-1,3
2020-09-29,US,Wisconsin,Adams,255,4,0,43.96974651,-89.76782777,55001.0,1261.127596439169,1.568627450980392,251,253,4,0,249,251,20348,2,0,0,2,2
2020-09-29,US,Wisconsin,Ashland,122,2,0,46.31956891,-90.67837132,55003.0,783.9609304716616,1.639344262295082,120,110,2,0,108,103,15600,12,0,0,12,7
2020-09-29,US,Wisconsin,Barron,482,5,0,45.42372701,-91.84833627,55005.0,1065.3346300061887,1.037344398340249,477,478,5,0,473,466,45164,4,0,0,4,12
2020-09-29,US,Wisconsin,Bayfield,113,1,0,46.52868768,-91.19716729,55007.0,751.5296621441873,0.8849557522123894,112,105,1,0,104,100,15042,8,0,0,8,5
2020-09-29,US,Wisconsin,Brown,9223,63,0,44.452655299999996,-88.00411844,55009.0,3486.4029152270728,0.6830749213921717,9160,8985,62,0,8923,8897,263378,238,1,0,237,88
2020-09-29,US,Wisconsin,Buffalo,141,2,0,44.37835084,-91.75332578,55011.0,1082.0351469572556,1.4184397163120568,139,140,2,0,138,139,13125,1,0,0,1,1
2020-09-29,US,Wisconsin,Burnett,199,3,0,45.86303537,-92.36711412,55013.0,1291.0341248215907,1.5075376884422111,196,194,3,0,191,190,15392,5,0,0,5,4
2020-09-29,US,Wisconsin,Calumet,1236,4,0,44.0816316,-88.21780273,55015.0,2467.6076583681047,0.32362459546925565,1232,1183,3,0,1180,1144,50159,53,1,0,52,39
2020-09-29,US,Wisconsin,Chippewa,567,0,0,45.06939744,-91.28068855,55017.0,876.9216492932042,0.0,567,555,0,0,555,546,64135,12,0,0,12,9
2020-09-29,US,Wisconsin,Clark,407,8,0,44.73483377,-90.61207486,55019.0,1170.4146776327138,1.9656019656019657,399,402,8,0,394,397,34709,5,0,0,5,5
2020-09-29,US,Wisconsin,Columbia,657,3,0,43.46492199,-89.33589004,55021.0,1141.9731627615936,0.45662100456620996,654,645,2,0,643,622,57358,12,1,0,11,23
2020-09-29,US,Wisconsin,Crawford,173,0,0,43.23870316,-90.93073686,55023.0,1072.469158762631,0.0,173,168,0,0,168,164,16291,5,0,0,5,4
2020-09-29,US,Wisconsin,Dane,9857,42,0,43.06601594,-89.41733797,55025.0,1803.016307081645,0.4260931317845186,9815,9763,41,0,9722,9607,542364,94,1,0,93,156
2020-09-29,US,Wisconsin,Dodge,1931,17,0,43.41576662,-88.70928178,55027.0,2198.340145038081,0.8803728638011393,1914,1884,16,0,1868,1837,87847,47,1,0,46,47
2020-09-29,US,Wisconsin,Door,354,3,0,44.95856458,-87.30002707,55029.0,1279.4564117391933,0.8474576271186439,351,340,3,0,337,329,27610,14,0,0,14,11
2020-09-29,US,Wisconsin,Douglas,493,0,0,46.43222285,-91.91595768,55031.0,1142.52607184241,0.0,493,489,0,0,489,455,43208,4,0,0,4,34
2020-09-29,US,Wisconsin,Dunn,593,0,0,44.94562799,-91.8962481,55033.0,1307.0886968788573,0.0,593,556,0,0,556,527,45131,37,0,0,37,29
2020-09-29,US,Wisconsin,Eau Claire,1969,6,0,44.726614,-91.28609183,55035.0,1881.5817135867596,0.3047232097511427,1963,1940,6,0,1934,1887,104534,29,0,0,29,53
2020-09-29,US,Wisconsin,Florence,96,2,0,45.84963535,-88.39804137,55037.0,2235.1571594877764,2.083333333333333,94,94,2,0,92,91,4321,2,0,0,2,3
2020-09-29,US,Wisconsin,Fond du Lac,2171,14,0,43.75354908,-88.48885325,55039.0,2099.5522373625518,0.6448641179180101,2157,2121,13,0,2108,2045,103066,50,1,0,49,76
2020-09-29,US,Wisconsin,Forest,289,6,0,45.66678019,-88.77084892,55041.0,3209.684584629054,2.0761245674740483,283,274,4,0,270,272,8991,15,2,0,13,2
2020-09-29,US,Wisconsin,Grant,1030,19,0,42.8671731,-90.7063218,55043.0,2002.3717412857948,1.8446601941747571,1011,1016,19,0,997,1003,51554,14,0,0,14,13
2020-09-29,US,Wisconsin,Green,536,3,0,42.6794956,-89.60243287,55045.0,1450.2164502164505,0.5597014925373134,533,526,3,0,523,515,36929,10,0,0,10,11
2020-09-29,US,Wisconsin,Green Lake,296,0,0,43.80025981,-89.04679553,55047.0,1565.061069105906,0.0,296,286,0,0,286,277,18918,10,0,0,10,9
2020-09-29,US,Wisconsin,Iowa,187,0,0,43.00050278,-90.13469017,55049.0,789.7626488723711,0.0,187,186,0,0,186,183,23771,1,0,0,1,3
2020-09-29,US,Wisconsin,Iron,143,1,0,46.26302338,-90.24295041,55051.0,2514.5067698259186,0.6993006993006993,142,142,1,0,141,142,5676,1,0,0,1,0
2020-09-29,US,Wisconsin,Jackson,152,1,0,44.31864893,-90.80566792,55053.0,736.3270842416315,0.6578947368421053,151,150,1,0,149,150,20478,2,0,0,2,0
2020-09-29,US,Wisconsin,Jefferson,1486,8,0,43.02054068,-88.77529134,55055.0,1752.9993275843765,0.5383580080753702,1478,1430,8,0,1422,1418,85129,56,0,0,56,12
2020-09-29,US,Wisconsin,Juneau,388,2,0,43.92456975,-90.11120239,55057.0,1453.8914078015516,0.5154639175257731,386,382,2,0,380,379,26617,6,0,0,6,3
2020-09-29,US,Wisconsin,Kenosha,3549,67,0,42.57639354,-88.04051686,55059.0,2093.0520579614417,1.88785573400958,3482,3522,65,0,3457,3511,169290,27,2,0,25,11
2020-09-29,US,Wisconsin,Kewaunee,585,2,0,44.51727459,-87.61468386,55061.0,2862.8755994910443,0.3418803418803419,583,540,2,0,538,536,20383,45,0,0,45,4
2020-09-29,US,Wisconsin,La Crosse,3095,2,0,43.90632465,-91.11451093,55063.0,2622.525759219089,0.06462035541195478,3093,3055,2,0,3053,3047,118230,40,0,0,40,8
2020-09-29,US,Wisconsin,Lafayette,299,0,0,42.66005229,-90.1317729,55065.0,1794.179417941794,0.0,299,289,0,0,289,283,16665,10,0,0,10,6
2020-09-29,US,Wisconsin,Langlade,198,2,0,45.26271619,-89.07483625,55067.0,1031.8411589973423,1.0101010101010102,196,198,2,0,196,186,19268,0,0,0,0,12
2020-09-29,US,Wisconsin,Lincoln,234,1,0,45.33737523,-89.73411273,55069.0,848.0411698619215,0.4273504273504273,233,229,1,0,228,211,27689,5,0,0,5,18
2020-09-29,US,Wisconsin,Manitowoc,1170,3,0,44.11946801,-87.80928853,55071.0,1481.3689368329092,0.2564102564102564,1167,1105,3,0,1102,1070,79074,65,0,0,65,35
2020-09-29,US,Wisconsin,Marathon,1458,14,0,44.89792533,-89.75863384,55073.0,1074.4922324086904,0.9602194787379972,1444,1434,14,0,1420,1380,135428,24,0,0,24,54
2020-09-29,US,Wisconsin,Marinette,976,8,0,45.38553432,-88.03324599999998,55075.0,2418.835192069393,0.819672131147541,968,944,8,0,936,922,40434,32,0,0,32,22
2020-09-29,US,Wisconsin,Marquette,281,1,0,43.81911946,-89.40073763,55077.0,1804.2891999486328,0.3558718861209965,280,271,1,0,270,264,15434,10,0,0,10,7
2020-09-29,US,Wisconsin,Menominee,81,0,0,45.00422544,-88.70950714,55078.0,1777.8753292361719,0.0,81,74,0,0,74,71,4658,7,0,0,7,3
2020-09-29,US,Wisconsin,Milwaukee,28934,529,0,43.00486062,-87.96733172,55079.0,3059.4485083417394,1.8282988871224168,28405,28692,529,0,28163,28535,948201,242,0,0,242,157
2020-09-29,US,Wisconsin,Monroe,549,3,0,43.94641218,-90.61881899999999,55081.0,1186.9500356733618,0.5464480874316939,546,540,2,0,538,527,46051,9,1,0,8,13
2020-09-29,US,Wisconsin,Oconto,916,4,0,45.02715345,-88.26807503,55083.0,2414.974953862379,0.4366812227074236,912,881,4,0,877,878,37830,35,0,0,35,3
2020-09-29,US,Wisconsin,Oneida,461,2,0,45.70677897,-89.51944105,55085.0,1295.125719904481,0.4338394793926248,459,449,2,0,447,443,35470,12,0,0,12,6
2020-09-29,US,Wisconsin,Outagamie,4760,29,0,44.41578887,-88.46565023,55087.0,2533.4646193150065,0.6092436974789915,4731,4604,29,0,4575,4373,187365,156,0,0,156,231
2020-09-29,US,Wisconsin,Ozaukee,1385,19,0,43.38352225,-87.94625009,55089.0,1552.3251252507819,1.371841155234657,1366,1355,19,0,1336,1353,89147,30,0,0,30,2
2020-09-29,US,Wisconsin,Pepin,67,0,0,44.58307413,-91.99949611,55091.0,919.4455880334843,0.0,67,67,0,0,67,67,7289,0,0,0,0,0
2020-09-29,US,Wisconsin,Pierce,448,7,0,44.71850291,-92.4224416,55093.0,1047.8551714459466,1.5625,441,442,7,0,435,438,42555,6,0,0,6,4
2020-09-29,US,Wisconsin,Polk,250,2,0,45.46130348,-92.44182875,55095.0,570.9978758879017,0.8,248,248,2,0,246,244,43598,2,0,0,2,4
2020-09-29,US,Wisconsin,Portage,1481,6,0,44.47558711,-89.50152965,55097.0,2092.6355055671734,0.4051316677920324,1475,1464,4,0,1460,1415,70942,17,2,0,15,49
2020-09-29,US,Wisconsin,Price,118,0,0,45.68051754,-90.36098879999999,55099.0,883.8289266721595,0.0,118,110,0,0,110,107,13397,8,0,0,8,3
2020-09-29,US,Wisconsin,Racine,4947,95,0,42.74753117,-88.05941254,55101.0,2519.9810504760308,1.9203557711744488,4852,4908,95,0,4813,4857,196584,39,0,0,39,51
2020-09-29,US,Wisconsin,Richland,141,4,0,43.3762778,-90.43012729,55103.0,817.2965453280779,2.8368794326241136,137,134,4,0,130,134,17377,7,0,0,7,0
2020-09-29,US,Wisconsin,Rock,2601,32,0,42.67151616,-89.07147900000002,55105.0,1592.2475115393563,1.2302960399846212,2569,2573,32,0,2541,2540,163129,28,0,0,28,33
2020-09-29,US,Wisconsin,Rusk,64,1,0,45.47498854,-91.1333012,55107.0,451.40358301594017,1.5625,63,62,1,0,61,61,14147,2,0,0,2,1
2020-09-29,US,Wisconsin,Sauk,928,3,0,43.42574087,-89.94966132,55111.0,1440.054622761553,0.3232758620689655,925,907,3,0,904,902,64249,21,0,0,21,5
2020-09-29,US,Wisconsin,Sawyer,219,1,0,45.87931905,-91.14504927,55113.0,1322.6235052542575,0.45662100456620996,218,214,1,0,213,211,16489,5,0,0,5,3
2020-09-29,US,Wisconsin,Shawano,968,1,0,44.78902246,-88.76443896,55115.0,2366.806034377369,0.10330578512396696,967,922,1,0,921,864,40796,46,0,0,46,58
2020-09-29,US,Wisconsin,Sheboygan,1710,16,0,43.72099677,-87.94579284,55117.0,1482.5732616611756,0.935672514619883,1694,1594,16,0,1578,1578,115456,116,0,0,116,16
2020-09-29,US,Wisconsin,St. Croix,947,8,0,45.03437474,-92.45000068,55109.0,1044.2511054506158,0.8447729672650475,939,934,8,0,926,914,89694,13,0,0,13,20
2020-09-29,US,Wisconsin,Taylor,194,4,0,45.21179252,-90.5004405,55119.0,953.6449884481148,2.061855670103093,190,191,4,0,187,184,20412,3,0,0,3,7
2020-09-29,US,Wisconsin,Trempealeau,656,2,0,44.30360275,-91.35893614,55121.0,2212.5535431211847,0.3048780487804878,654,634,2,0,632,630,29442,22,0,0,22,4
2020-09-29,US,Wisconsin,Vernon,238,1,0,43.59422667,-90.8324691,55123.0,772.1757186425281,0.4201680672268908,237,234,0,0,234,228,30785,4,1,0,3,6
2020-09-29,US,Wisconsin,Vilas,227,1,0,46.05467334,-89.51719204,55125.0,1022.7528722685288,0.4405286343612335,226,217,1,0,216,212,21938,10,0,0,10,5
2020-09-29,US,Wisconsin,Walworth,2618,35,0,42.66858202,-88.54163073,55127.0,2520.5067970886125,1.3368983957219251,2583,2584,35,0,2549,2584,103718,34,0,0,34,0
2020-09-29,US,Wisconsin,Washburn,113,1,0,45.89838588,-91.79050449,55129.0,718.8295165394403,0.8849557522123894,112,107,1,0,106,102,15878,6,0,0,6,5
2020-09-29,US,Wisconsin,Washington,2662,32,0,43.36863664,-88.22974712,55131.0,1956.8637252451592,1.2021036814425243,2630,2604,32,0,2572,2604,135693,58,0,0,58,0
2020-09-29,US,Wisconsin,Waukesha,7529,89,0,43.01833055,-88.30431188,55133.0,1862.7009534930896,1.1820958958693053,7440,7398,87,0,7311,7362,403072,131,2,0,129,36
2020-09-29,US,Wisconsin,Waupaca,1092,20,0,44.47068056,-88.96534501,55135.0,2141.596391449304,1.8315018315018317,1072,1065,20,0,1045,1043,51128,27,0,0,27,22
2020-09-29,US,Wisconsin,Waushara,372,2,0,44.11324419,-89.24317107,55137.0,1521.9081127521176,0.5376344086021505,370,358,2,0,356,348,24263,14,0,0,14,10
2020-09-29,US,Wisconsin,Winnebago,4057,27,0,44.06886922,-88.64477096,55139.0,2359.996975108634,0.6655163914222332,4030,3809,26,0,3783,3681,171020,248,1,0,247,128
2020-09-29,US,Wisconsin,Wood,831,5,0,44.45537896,-90.04158336,55141.0,1138.37175851724,0.601684717208183,826,829,5,0,824,826,73055,2,0,0,2,3
2020-09-29,US,Wyoming,Albany,557,0,0,41.65498705,-105.72354150000001,56001.0,1432.6131687242798,0.0,557,548,0,0,548,520,38601,9,0,0,9,28
2020-09-29,US,Wyoming,Big Horn,59,2,0,44.52405055,-107.9960365,56003.0,500.42408821034775,3.3898305084745757,57,60,2,0,58,58,11881,-1,0,0,-1,2
2020-09-29,US,Wyoming,Campbell,323,1,0,44.24886082,-105.54744040000001,56005.0,697.0069700697007,0.30959752321981426,322,318,1,0,317,303,46140,5,0,0,5,15
2020-09-29,US,Wyoming,Carbon,228,2,0,41.69357844,-106.9326084,56007.0,1540.5405405405404,0.8771929824561403,226,228,2,0,226,228,14971,0,0,0,0,0
2020-09-29,US,Wyoming,Converse,129,0,0,42.97272268,-105.5081848,56009.0,933.2947475039792,0.0,129,122,0,0,122,115,13640,7,0,0,7,7
2020-09-29,US,Wyoming,Crook,45,0,0,44.58855102,-104.56977049999999,56011.0,593.3544303797469,0.0,45,46,0,0,46,44,7450,-1,0,0,-1,2
2020-09-29,US,Wyoming,Fremont,729,14,0,43.04183996,-108.6296893,56013.0,1856.8044624436466,1.9204389574759944,715,726,14,0,712,716,39531,3,0,0,3,10
2020-09-29,US,Wyoming,Goshen,104,2,0,42.08798185,-104.3534743,56015.0,787.2227689047006,1.9230769230769231,102,101,2,0,99,98,13376,3,0,0,3,3
2020-09-29,US,Wyoming,Hot Springs,38,0,0,43.71930657,-108.44231740000001,56017.0,861.0922275096308,0.0,38,38,0,0,38,38,4555,0,0,0,0,0
2020-09-29,US,Wyoming,Johnson,40,1,0,44.04057166,-106.58451740000001,56019.0,473.6530491415039,2.5,39,36,1,0,35,36,8460,4,0,0,4,0
2020-09-29,US,Wyoming,Laramie,707,4,0,41.30702520000001,-104.6887497,56021.0,710.5527638190955,0.5657708628005658,703,704,4,0,700,695,98976,3,0,0,3,9
2020-09-29,US,Wyoming,Lincoln,196,1,0,42.26376367,-110.6563997,56023.0,988.4014120020172,0.5102040816326531,195,187,1,0,186,177,19434,9,0,0,9,10
2020-09-29,US,Wyoming,Natrona,584,4,0,42.96180148,-106.79788500000001,56025.0,731.2980540459315,0.6849315068493149,580,577,4,0,573,559,79115,7,0,0,7,18
2020-09-29,US,Wyoming,Niobrara,4,0,0,43.05607708,-104.47588959999999,56027.0,169.77928692699493,0.0,4,4,0,0,4,4,2388,0,0,0,0,0
2020-09-29,US,Wyoming,Park,240,2,0,44.52157546,-109.58528249999999,56029.0,822.0867301500308,0.8333333333333334,238,238,2,0,236,236,29324,2,0,0,2,2
2020-09-29,US,Wyoming,Platte,32,1,0,42.13299116,-104.96633100000001,56031.0,381.2701060407482,3.125,31,30,1,0,29,28,8566,2,0,0,2,2
2020-09-29,US,Wyoming,Sheridan,295,4,0,44.79048913,-106.8862389,56033.0,967.68902739052,1.3559322033898304,291,292,4,0,288,289,30233,3,0,0,3,3
2020-09-29,US,Wyoming,Sublette,108,1,0,42.76558279,-109.91309220000001,56035.0,1098.565761367104,0.925925925925926,107,100,1,0,99,97,9813,8,0,0,8,3
2020-09-29,US,Wyoming,Sweetwater,336,2,0,41.65943896,-108.8827882,56037.0,793.5195900148785,0.5952380952380952,334,334,2,0,332,335,43051,2,0,0,2,-1
2020-09-29,US,Wyoming,Teton,560,1,0,43.93522482,-110.5890801,56039.0,2386.634844868735,0.17857142857142858,559,560,1,0,559,554,23081,0,0,0,0,6
2020-09-29,US,Wyoming,Uinta,354,2,0,41.2878183,-110.54757820000002,56041.0,1750.2224859092255,0.5649717514124294,352,354,2,0,352,352,20299,0,0,0,0,2
2020-09-29,US,Wyoming,Washakie,116,6,0,43.90451606,-107.68018700000002,56043.0,1486.2267777065986,5.172413793103448,110,115,6,0,109,115,7885,1,0,0,1,0
2020-09-29,US,Wyoming,Weston,37,0,0,43.83961191,-104.56748809999999,56045.0,534.141764111448,0.0,37,36,0,0,36,36,6967,1,0,0,1,0
