Date,Country/Region,Province/State,Admin2,Confirmed,Deaths,Recovered,Latitude,Longitude,FIPS,Incidence_Rate,Case-Fatality_Ratio,Incident_Rate,Case_Fatality_Ratio,Active Cases,Previous Confirmed,Previous Deaths,Previous Recovered,Previous Active,Prev2 Confirmed,Population,Daily Confirmed,Daily Deaths,Daily Recovered,Daily Active,Previous Daily Confirmed
2020-11-19,US,Alabama,Autauga,2554,39,0,32.53952745,-86.64408227,1001.0,0.0,0.0,4571.408115412841,1.5270164447924823,2515,2529,37,0,2492,2506,55601,25,2,0,23,23
2020-11-19,US,Alabama,Baldwin,7933,84,0,30.72774991,-87.72207058,1003.0,0.0,0.0,3553.670139853248,1.0588680196646918,7849,7849,84,0,7765,7772,218022,84,0,0,84,77
2020-11-19,US,Alabama,Barbour,1145,10,0,31.868263,-85.3871286,1005.0,0.0,0.0,4638.256501660861,0.8733624454148472,1135,1137,10,0,1127,1134,24881,8,0,0,8,3
2020-11-19,US,Alabama,Bibb,1011,18,0,32.99642064,-87.12511459999996,1007.0,0.0,0.0,4514.602125569349,1.7804154302670625,993,1008,18,0,990,1004,22400,3,0,0,3,4
2020-11-19,US,Alabama,Blount,2683,35,0,33.98210918,-86.56790593,1009.0,0.0,0.0,4639.781413205134,1.3045098770033543,2648,2648,35,0,2613,2594,57840,35,0,0,35,54
2020-11-19,US,Alabama,Bullock,680,19,0,32.10030533,-85.71265535,1011.0,0.0,0.0,6732.006732006732,2.794117647058824,661,678,19,0,659,678,10138,2,0,0,2,0
2020-11-19,US,Alabama,Butler,1113,41,0,31.75300095,-86.68057478,1013.0,0.0,0.0,5722.953517071164,3.6837376460017968,1072,1102,41,0,1061,1099,19680,11,0,0,11,3
2020-11-19,US,Alabama,Calhoun,5814,111,0,33.77483727,-85.82630386,1015.0,0.0,0.0,5117.73249416839,1.909184726522188,5703,5764,95,0,5669,5702,114277,50,16,0,34,62
2020-11-19,US,Alabama,Chambers,1641,48,0,32.91360079,-85.39072749,1017.0,0.0,0.0,4934.744692367835,2.9250457038391224,1593,1620,48,0,1572,1595,33615,21,0,0,21,25
2020-11-19,US,Alabama,Cherokee,956,24,0,34.17805983,-85.60638968,1019.0,0.0,0.0,3649.412123988395,2.510460251046025,932,935,16,0,919,919,26032,21,8,0,13,16
2020-11-19,US,Alabama,Chilton,2122,36,0,32.85044126,-86.7173256,1021.0,0.0,0.0,4776.267218870982,1.6965127238454287,2086,2104,36,0,2068,2093,44153,18,0,0,18,11
2020-11-19,US,Alabama,Choctaw,411,12,0,32.02227341,-88.26564429999998,1023.0,0.0,0.0,3264.7549447930733,2.9197080291970803,399,411,12,0,399,411,12841,0,0,0,0,0
2020-11-19,US,Alabama,Clarke,1530,19,0,31.68099859,-87.83548597,1025.0,0.0,0.0,6477.0129540259095,1.2418300653594772,1511,1511,19,0,1492,1507,23920,19,0,0,19,4
2020-11-19,US,Alabama,Clay,868,23,0,33.26984193,-85.85836077,1027.0,0.0,0.0,6558.367963732528,2.6497695852534564,845,859,15,0,844,852,13275,9,8,0,1,7
2020-11-19,US,Alabama,Cleburne,696,14,0,33.67679204,-85.52005899,1029.0,0.0,0.0,4668.008048289738,2.0114942528735638,682,689,12,0,677,684,14987,7,2,0,5,5
2020-11-19,US,Alabama,Coffee,2246,15,0,31.39932826,-85.98901039,1031.0,0.0,0.0,4291.009132245616,0.6678539626001779,2231,2223,14,0,2209,2195,51909,23,1,0,22,28
2020-11-19,US,Alabama,Colbert,2847,40,0,34.69847452,-87.80168544,1033.0,0.0,0.0,5153.780706359406,1.4049877063575693,2807,2820,39,0,2781,2792,54762,27,1,0,26,28
2020-11-19,US,Alabama,Conecuh,666,14,0,31.43401703,-86.99320044,1035.0,0.0,0.0,5519.184552912903,2.1021021021021022,652,655,14,0,641,647,12277,11,0,0,11,8
2020-11-19,US,Alabama,Coosa,293,4,0,32.93690146,-86.24847739,1037.0,0.0,0.0,2747.8195629747725,1.3651877133105803,289,282,4,0,278,273,10715,11,0,0,11,9
2020-11-19,US,Alabama,Covington,2081,32,0,31.247785399999998,-86.45050893,1039.0,0.0,0.0,5616.885745904074,1.537722248918789,2049,2057,32,0,2025,2047,36986,24,0,0,24,10
2020-11-19,US,Alabama,Crenshaw,692,30,0,31.72941803,-86.31593104,1041.0,0.0,0.0,5024.687772291606,4.335260115606936,662,683,30,0,653,680,13824,9,0,0,9,3
2020-11-19,US,Alabama,Cullman,3940,32,0,34.13020303,-86.86888037,1043.0,0.0,0.0,4703.466717600993,0.8121827411167513,3908,3907,31,0,3876,3799,83442,33,1,0,32,108
2020-11-19,US,Alabama,Dale,2227,55,0,31.43037123,-85.61095742,1045.0,0.0,0.0,4529.000244041326,2.469690166142793,2172,2224,54,0,2170,2197,48956,3,1,0,2,27
2020-11-19,US,Alabama,Dallas,2134,31,0,32.32688101,-87.10866709999998,1047.0,0.0,0.0,5737.176040434456,1.4526710402999063,2103,2107,30,0,2077,2087,38310,27,1,0,26,20
2020-11-19,US,Alabama,DeKalb,4435,34,0,34.45946862,-85.80782906,1049.0,0.0,0.0,6201.669626501474,0.7666290868094702,4401,4352,34,0,4318,4260,71385,83,0,0,83,92
2020-11-19,US,Alabama,Elmore,3797,61,0,32.59785413,-86.14415284,1051.0,0.0,0.0,4675.590143949562,1.6065314722149064,3736,3759,61,0,3698,3720,81887,38,0,0,38,39
2020-11-19,US,Alabama,Escambia,1917,31,0,31.1256789,-87.15918694,1053.0,0.0,0.0,5232.986651379903,1.6171100678142931,1886,1908,31,0,1877,1883,36748,9,0,0,9,25
2020-11-19,US,Alabama,Etowah,5650,63,0,34.04567266,-86.04051873,1055.0,0.0,0.0,5524.699808346697,1.1150442477876106,5587,5562,61,0,5501,5440,102501,88,2,0,86,122
2020-11-19,US,Alabama,Fayette,782,16,0,33.72076938,-87.73886638,1057.0,0.0,0.0,4796.957428536376,2.0460358056265986,766,766,16,0,750,757,16433,16,0,0,16,9
2020-11-19,US,Alabama,Franklin,2380,33,0,34.44235334,-87.84289505,1059.0,0.0,0.0,7588.801734583253,1.3865546218487397,2347,2362,33,0,2329,2351,31363,18,0,0,18,11
2020-11-19,US,Alabama,Geneva,1135,8,0,31.09389027,-85.83572839,1061.0,0.0,0.0,4320.3532412165505,0.7048458149779736,1127,1124,8,0,1116,1118,26314,11,0,0,11,6
2020-11-19,US,Alabama,Greene,389,17,0,32.85504247,-87.95684022,1063.0,0.0,0.0,4795.956108987794,4.370179948586118,372,382,17,0,365,379,8233,7,0,0,7,3
2020-11-19,US,Alabama,Hale,897,31,0,32.76039258,-87.63284988,1065.0,0.0,0.0,6122.448979591837,3.455964325529543,866,889,31,0,858,879,14726,8,0,0,8,10
2020-11-19,US,Alabama,Henry,823,6,0,31.51148016,-85.24267944,1067.0,0.0,0.0,4783.4931705899435,0.7290400972053463,817,819,6,0,813,817,17209,4,0,0,4,2
2020-11-19,US,Alabama,Houston,4907,38,0,31.15197924,-85.29939599,1069.0,0.0,0.0,4634.404336903344,0.7744039127776645,4869,4856,37,0,4819,4800,104722,51,1,0,50,56
2020-11-19,US,Alabama,Jackson,2800,24,0,34.78144169,-85.99750489,1071.0,0.0,0.0,5423.623755472049,0.8571428571428571,2776,2769,24,0,2745,2741,51736,31,0,0,31,28
2020-11-19,US,Alabama,Jefferson,29186,490,0,33.55554728,-86.89506300000002,1073.0,0.0,0.0,4431.70309138091,1.6788871376687453,28696,28781,481,0,28300,28420,659300,405,9,0,396,361
2020-11-19,US,Alabama,Lamar,600,7,0,33.77995024,-88.09668032,1075.0,0.0,0.0,4346.251358203549,1.1666666666666667,593,596,7,0,589,588,13844,4,0,0,4,8
2020-11-19,US,Alabama,Lauderdale,3578,53,0,34.90171875,-87.65624729,1077.0,0.0,0.0,3858.555575925546,1.4812744550027948,3525,3487,53,0,3434,3431,92387,91,0,0,91,56
2020-11-19,US,Alabama,Lawrence,1152,35,0,34.52041498,-87.31069453,1079.0,0.0,0.0,3498.967318673308,3.0381944444444446,1117,1124,35,0,1089,1098,32957,28,0,0,28,26
2020-11-19,US,Alabama,Lee,7363,64,0,32.60154883,-85.35132246,1081.0,0.0,0.0,4474.845328244461,0.8692109194621758,7299,7331,64,0,7267,7278,163941,32,0,0,32,53
2020-11-19,US,Alabama,Limestone,3834,44,0,34.81185586,-86.98310072,1083.0,0.0,0.0,3876.0551989081537,1.147626499739176,3790,3759,42,0,3717,3723,96174,75,2,0,73,36
2020-11-19,US,Alabama,Lowndes,770,29,0,32.1597283,-86.65158371,1085.0,0.0,0.0,7916.923709644252,3.7662337662337664,741,770,29,0,741,767,9974,0,0,0,0,3
2020-11-19,US,Alabama,Macon,680,20,0,32.38759944,-85.69267724,1087.0,0.0,0.0,3763.559884879345,2.9411764705882355,660,666,20,0,646,662,18439,14,0,0,14,4
2020-11-19,US,Alabama,Madison,11834,129,0,34.76327133,-86.55069633,1089.0,0.0,0.0,3173.428369924029,1.0900794321446678,11705,11693,121,0,11572,11523,366519,141,8,0,133,170
2020-11-19,US,Alabama,Marengo,1157,24,0,32.24767634,-87.78796182,1091.0,0.0,0.0,6133.700895933839,2.0743301642178045,1133,1146,23,0,1123,1139,19066,11,1,0,10,7
2020-11-19,US,Alabama,Marion,1303,33,0,34.13697363,-87.88704173,1093.0,0.0,0.0,4385.8763337709115,2.532617037605526,1270,1300,33,0,1267,1294,29763,3,0,0,3,6
2020-11-19,US,Alabama,Marshall,5575,54,0,34.36975964,-86.30486727,1095.0,0.0,0.0,5760.844855023043,0.9686098654708521,5521,5516,53,0,5463,5384,96109,59,1,0,58,132
2020-11-19,US,Alabama,Mobile,18966,356,0,30.78472347,-88.20842409,1097.0,0.0,0.0,4589.917959391109,1.877043129811241,18610,18834,354,0,18480,18696,413757,132,2,0,130,138
2020-11-19,US,Alabama,Monroe,752,11,0,31.56729412,-87.36995001,1099.0,0.0,0.0,3627.06795929195,1.4627659574468086,741,743,11,0,732,733,21067,9,0,0,9,10
2020-11-19,US,Alabama,Montgomery,11837,231,0,32.2206831,-86.20969272,1101.0,0.0,0.0,5226.371607958108,1.9515079834417504,11606,11789,227,0,11562,11709,225763,48,4,0,44,80
2020-11-19,US,Alabama,Morgan,5738,44,0,34.45500589,-86.85475946,1103.0,0.0,0.0,4794.491932586335,0.7668177065179506,5694,5640,44,0,5596,5535,119089,98,0,0,98,105
2020-11-19,US,Alabama,Perry,651,6,0,32.64048341,-87.29770589,1105.0,0.0,0.0,7295.752549590945,0.9216589861751152,645,645,6,0,639,642,9140,6,0,0,6,3
2020-11-19,US,Alabama,Pickens,1108,18,0,33.28094866,-88.08818103,1107.0,0.0,0.0,5559.458103361766,1.624548736462094,1090,1094,19,0,1075,1083,19938,14,0,0,15,11
2020-11-19,US,Alabama,Pike,1520,14,0,31.80396383,-85.9408295,1109.0,0.0,0.0,4590.203539288518,0.9210526315789472,1506,1515,14,0,1501,1511,33338,5,0,0,5,4
2020-11-19,US,Alabama,Randolph,968,21,0,33.29526734,-85.45708831,1111.0,0.0,0.0,4260.1883637003775,2.169421487603306,947,966,20,0,946,958,22725,2,1,0,1,8
2020-11-19,US,Alabama,Russell,2104,3,0,32.28725256,-85.18415324,1113.0,0.0,0.0,3630.027087179311,0.14258555133079848,2101,2096,3,0,2093,2087,57781,8,0,0,8,9
2020-11-19,US,Alabama,Shelby,9444,75,0,33.26879845,-86.66232561,1117.0,0.0,0.0,4338.040073127486,0.7941550190597204,9369,9317,75,0,9242,9160,215707,127,0,0,127,157
2020-11-19,US,Alabama,St. Clair,3856,55,0,33.71902176,-86.31029372,1115.0,0.0,0.0,4307.802305836089,1.4263485477178424,3801,3820,55,0,3765,3764,88690,36,0,0,36,56
2020-11-19,US,Alabama,Sumter,547,22,0,32.59117397,-88.19916205,1119.0,0.0,0.0,4401.705962822885,4.021937842778794,525,542,22,0,520,537,12691,5,0,0,5,5
2020-11-19,US,Alabama,Talladega,3263,41,0,33.37823223,-86.16886178,1121.0,0.0,0.0,4079.8719647903167,1.256512411890898,3222,3227,41,0,3186,3188,79828,36,0,0,36,39
2020-11-19,US,Alabama,Tallapoosa,1665,89,0,32.86698258,-85.79833053,1123.0,0.0,0.0,4124.656278643446,5.345345345345344,1576,1642,89,0,1553,1614,40497,23,0,0,23,28
2020-11-19,US,Alabama,Tuscaloosa,12179,149,0,33.28726072,-87.52556818,1125.0,0.0,0.0,5817.391512025029,1.2234173577469414,12030,12052,149,0,11903,11949,208911,127,0,0,127,103
2020-11-19,US,Alabama,Walker,3399,96,0,33.80270512,-87.30027177,1127.0,0.0,0.0,5350.986287999243,2.8243601059135037,3303,3377,96,0,3281,3326,63711,22,0,0,22,51
2020-11-19,US,Alabama,Washington,884,17,0,31.4092794,-88.20689944,1129.0,0.0,0.0,5414.675976969252,1.9230769230769231,867,878,17,0,861,880,16378,6,0,0,6,0
2020-11-19,US,Alabama,Wilcox,619,18,0,31.98773215,-87.30891118,1131.0,0.0,0.0,5967.415405379351,2.9079159935379644,601,612,18,0,594,608,10627,7,0,0,7,4
2020-11-19,US,Alabama,Winston,1183,23,0,34.15030532,-87.37325922,1133.0,0.0,0.0,5006.559735917728,1.9442096365173291,1160,1178,22,0,1156,1149,23660,5,1,0,4,29
2020-11-19,US,Alaska,Aleutians East,21,0,0,55.32222414,-161.9722021,2013.0,0.0,0.0,629.3077614623912,0.0,21,22,0,0,22,22,3515,0,0,0,-1,0
2020-11-19,US,Alaska,Aleutians West,106,0,0,52.3233,-174.1596,2016.0,0.0,0.0,1881.4341498047568,0.0,106,106,0,0,106,106,5723,0,0,0,0,0
2020-11-19,US,Alaska,Anchorage,13811,62,0,61.14998174,-149.14269860000005,2020.0,0.0,0.0,4795.48611111111,0.44891752950546665,13749,13561,61,0,13500,13275,291538,250,1,0,249,286
2020-11-19,US,Alaska,Bethel,1061,1,0,60.90980451,-159.8561831,2050.0,0.0,0.0,5770.695094093333,0.0942507068803016,1060,1024,1,0,1023,967,18216,37,0,0,37,57
2020-11-19,US,Alaska,Bristol Bay plus Lake and Peninsula,140,0,0,58.62403337,-156.21405890000003,2164.0,0.0,0.0,3482.587064676617,0.0,140,138,0,0,138,137,,2,0,0,2,1
2020-11-19,US,Alaska,Denali,40,0,0,63.67264044,-150.0076108,2068.0,0.0,0.0,1907.4868860276583,0.0,40,39,0,0,39,39,2059,1,0,0,1,0
2020-11-19,US,Alaska,Dillingham,85,0,0,59.79603738,-158.23819419999995,2070.0,0.0,0.0,1729.0480065093573,0.0,85,85,0,0,85,85,5000,0,0,0,0,0
2020-11-19,US,Alaska,Fairbanks North Star,3001,17,0,64.80726247,-146.5692662,2090.0,0.0,0.0,3098.6380860927834,0.56647784071976,2984,2968,17,0,2951,2932,98971,33,0,0,33,36
2020-11-19,US,Alaska,Haines,16,0,0,59.09893571,-135.4679843,2100.0,0.0,0.0,632.4110671936759,0.0,16,16,0,0,16,16,2474,0,0,0,0,0
2020-11-19,US,Alaska,Juneau,774,4,0,58.45031811,-134.200436,2110.0,0.0,0.0,2420.7168324263466,0.5167958656330749,770,767,4,0,763,760,32113,7,0,0,7,7
2020-11-19,US,Alaska,Kenai Peninsula,1972,6,0,60.24429722,-151.53888840000005,2122.0,0.0,0.0,3358.997070245963,0.30425963488843816,1966,1898,6,0,1892,1831,58533,74,0,0,74,67
2020-11-19,US,Alaska,Ketchikan Gateway,184,0,0,55.57445008,-130.975561,2130.0,0.0,0.0,1323.6457808790735,0.0,184,182,0,0,182,181,13918,2,0,0,2,1
2020-11-19,US,Alaska,Kodiak Island,192,0,0,57.65529415,-153.7493579,2150.0,0.0,0.0,1477.150330820126,0.0,192,186,0,0,186,175,13345,6,0,0,6,11
2020-11-19,US,Alaska,Kusilvak,370,0,0,62.15429159999999,-163.39678830000003,2158.0,0.0,0.0,4450.324753427953,0.0,370,369,0,0,369,359,8303,1,0,0,1,10
2020-11-19,US,Alaska,Matanuska-Susitna,2459,5,0,62.31305045,-149.5741743,2170.0,0.0,0.0,2270.188428409206,0.20333468889792602,2454,2427,5,0,2422,2385,107610,32,0,0,32,42
2020-11-19,US,Alaska,Nome,175,0,0,64.90320724,-164.0353804,2180.0,0.0,0.0,1749.3002798880448,0.0,175,170,0,0,170,170,10008,5,0,0,5,0
2020-11-19,US,Alaska,North Slope,396,0,0,69.31479216,-153.4836093,2185.0,0.0,0.0,4027.66476810415,0.0,396,390,0,0,390,383,9872,6,0,0,6,7
2020-11-19,US,Alaska,Northwest Arctic,316,0,0,67.04919196,-159.7503946,2188.0,0.0,0.0,4146.43747539693,0.0,316,314,0,0,314,311,7671,2,0,0,2,3
2020-11-19,US,Alaska,Petersburg,23,1,0,57.13978948,-132.9540995,2195.0,0.0,0.0,704.2253521126761,4.3478260869565215,22,23,1,0,22,23,3221,0,0,0,0,0
2020-11-19,US,Alaska,Prince of Wales-Hyder,46,1,0,55.76261984,-133.0511621,2198.0,0.0,0.0,741.5766564565532,2.1739130434782608,45,46,1,0,45,46,6422,0,0,0,0,0
2020-11-19,US,Alaska,Sitka,142,0,0,57.24124555,-135.3206587,2220.0,0.0,0.0,1671.9651477687505,0.0,142,136,0,0,136,135,8647,6,0,0,6,1
2020-11-19,US,Alaska,Skagway,8,0,0,59.56149996,-135.33377480000001,2230.0,0.0,0.0,676.2468300929838,0.0,8,7,0,0,7,7,1148,1,0,0,1,0
2020-11-19,US,Alaska,Southeast Fairbanks,191,1,0,63.87692095,-143.2127643,2240.0,0.0,0.0,2770.9270274191213,0.5235602094240838,190,172,1,0,171,163,6918,19,0,0,19,9
2020-11-19,US,Alaska,Unassigned,115,0,0,0.0,0.0,90002.0,0.0,0.0,0.0,0.0,115,112,0,0,112,112,,3,0,0,3,0
2020-11-19,US,Alaska,Valdez-Cordova,228,1,0,61.47502768,-144.7126799,2261.0,0.0,0.0,2477.722234296892,0.43859649122807015,227,225,1,0,224,221,9164,3,0,0,3,4
2020-11-19,US,Alaska,Wrangell,20,0,0,56.3202004,-132.05837309999998,2275.0,0.0,0.0,799.3605115907277,0.0,20,20,0,0,20,20,2503,0,0,0,0,0
2020-11-19,US,Alaska,Yakutat,44,0,0,59.890980799999994,-140.36014509999998,2282.0,0.0,0.0,7599.3091537133,0.0,44,43,0,0,43,40,604,1,0,0,1,3
2020-11-19,US,Alaska,Yukon-Koyukuk,145,2,0,65.50815459,-151.39073869999999,2290.0,0.0,0.0,2772.466539196941,1.3793103448275863,143,142,2,0,140,140,5327,3,0,0,3,2
2020-11-19,US,Arizona,Apache,4622,189,0,35.39465006,-109.4892383,4001.0,0.0,0.0,6429.535242811635,4.089138900908696,4433,4564,189,0,4375,4488,71818,58,0,0,58,76
2020-11-19,US,Arizona,Cochise,2828,77,0,31.87934684,-109.7516088,4003.0,0.0,0.0,2245.834723082543,2.722772277227723,2751,2807,77,0,2730,2777,126770,21,0,0,21,30
2020-11-19,US,Arizona,Coconino,6618,161,0,35.83883429,-111.77071780000001,4005.0,0.0,0.0,4612.618138225208,2.432759141734663,6457,6537,161,0,6376,6476,142854,81,0,0,81,61
2020-11-19,US,Arizona,Gila,2466,83,0,33.80190085,-110.8132779,4007.0,0.0,0.0,4565.144951682772,3.365774533657745,2383,2435,81,0,2354,2388,53889,31,2,0,29,47
2020-11-19,US,Arizona,Graham,1767,33,0,32.93166885,-109.8882178,4009.0,0.0,0.0,4549.784998841311,1.867572156196944,1734,1745,33,0,1712,1720,38072,22,0,0,22,25
2020-11-19,US,Arizona,Greenlee,146,2,0,33.21498827,-109.2405279,4011.0,0.0,0.0,1537.1657190987576,1.3698630136986298,144,142,2,0,140,132,9483,4,0,0,4,10
2020-11-19,US,Arizona,La Paz,722,18,0,33.72854224,-113.98100290000001,4012.0,0.0,0.0,3420.5040742846313,2.4930747922437675,704,707,18,0,689,687,21098,15,0,0,15,20
2020-11-19,US,Arizona,Maricopa,183177,3850,0,33.34835867,-112.49181540000001,4013.0,0.0,0.0,4083.8370772463813,2.1017922555779385,179327,180608,3837,0,176771,178639,4410824,2569,13,0,2556,1969
2020-11-19,US,Arizona,Mohave,5329,246,0,35.70471703,-113.7577902,4015.0,0.0,0.0,2511.5349630739793,4.616250703696752,5083,5271,246,0,5025,5208,209550,58,0,0,58,63
2020-11-19,US,Arizona,Navajo,7345,264,0,35.3997715,-110.3218983,4017.0,0.0,0.0,6621.650860048321,3.5942818243703196,7081,7295,263,0,7032,7231,110445,50,1,0,49,64
2020-11-19,US,Arizona,Pima,34423,674,0,32.0971334,-111.7890033,4019.0,0.0,0.0,3286.8987156240123,1.9579932022194464,33749,33822,674,0,33148,33444,1039073,601,0,0,601,378
2020-11-19,US,Arizona,Pinal,14571,247,0,32.90525627,-111.3449483,4021.0,0.0,0.0,3148.519087532331,1.6951478965067601,14324,14154,246,0,13908,13936,447138,417,1,0,416,218
2020-11-19,US,Arizona,Santa Cruz,3409,67,0,31.52508998,-110.8479088,4023.0,0.0,0.0,7331.498128951784,1.9653857436198297,3342,3363,66,0,3297,3337,46511,46,1,0,45,26
2020-11-19,US,Arizona,Yavapai,3989,104,0,34.59933926,-112.5538588,4025.0,0.0,0.0,1696.7320150234582,2.607169716720983,3885,3864,104,0,3760,3791,231993,125,0,0,125,73
2020-11-19,US,Arizona,Yuma,15813,369,0,32.76895712,-113.90666740000002,4027.0,0.0,0.0,7396.6143872171815,2.3335230506545246,15444,15788,368,0,15420,15642,212128,25,1,0,24,146
2020-11-19,US,Arkansas,Arkansas,881,20,0,34.29145151,-91.37277296,5001.0,0.0,0.0,5038.316367379618,2.2701475595913734,861,866,20,0,846,858,17769,15,0,0,15,8
2020-11-19,US,Arkansas,Ashley,713,13,0,33.19153461,-91.76984709999999,5003.0,0.0,0.0,3627.2065930711706,1.82328190743338,700,702,13,0,689,696,20046,11,0,0,11,6
2020-11-19,US,Arkansas,Baxter,1182,25,0,36.28784385,-92.33782872,5005.0,0.0,0.0,2818.8495659639416,2.1150592216582065,1157,1143,24,0,1119,1125,41619,39,1,0,38,18
2020-11-19,US,Arkansas,Benton,10747,140,0,36.33644656,-94.25680817,5007.0,0.0,0.0,3850.025614295285,1.3026891225458268,10607,10618,138,0,10480,10543,272608,129,2,0,127,75
2020-11-19,US,Arkansas,Boone,1489,41,0,36.3084504,-93.09374925,5009.0,0.0,0.0,3977.879888865142,2.7535258562793823,1448,1442,41,0,1401,1417,37480,47,0,0,47,25
2020-11-19,US,Arkansas,Bradley,415,8,0,33.46755808,-92.15980837,5011.0,0.0,0.0,3855.802285608102,1.9277108433734942,407,409,8,0,401,401,10897,6,0,0,6,8
2020-11-19,US,Arkansas,Calhoun,117,0,0,33.55598792,-92.49974403,5013.0,0.0,0.0,2254.7697051454998,0.0,117,113,0,0,113,111,5277,4,0,0,4,2
2020-11-19,US,Arkansas,Carroll,1223,21,0,36.34038560000001,-93.54270261,5015.0,0.0,0.0,4309.372797744891,1.7170891251022078,1202,1205,21,0,1184,1195,28223,18,0,0,18,10
2020-11-19,US,Arkansas,Chicot,1111,24,0,33.26458973,-91.29539209,5017.0,0.0,0.0,10980.430915200632,2.16021602160216,1087,1108,24,0,1084,1104,10438,3,0,0,3,4
2020-11-19,US,Arkansas,Clark,716,8,0,34.04613432,-93.17484713,5019.0,0.0,0.0,3207.885304659498,1.11731843575419,708,705,8,0,697,695,22061,11,0,0,11,10
2020-11-19,US,Arkansas,Clay,742,18,0,36.36826212,-90.4148172,5021.0,0.0,0.0,5099.305889629579,2.4258760107816717,724,728,18,0,710,713,14847,14,0,0,14,15
2020-11-19,US,Arkansas,Cleburne,624,20,0,35.53864922,-92.02640019,5023.0,0.0,0.0,2504.113327180064,3.2051282051282053,604,609,20,0,589,605,24965,15,0,0,15,4
2020-11-19,US,Arkansas,Cleveland,322,14,0,33.89723187,-92.18537045,5025.0,0.0,0.0,4047.259929612871,4.3478260869565215,308,314,14,0,300,307,8018,8,0,0,8,7
2020-11-19,US,Arkansas,Columbia,929,23,0,33.21230701,-93.22642793,5027.0,0.0,0.0,3960.438248710407,2.4757804090419806,906,913,23,0,890,890,23537,16,0,0,16,23
2020-11-19,US,Arkansas,Conway,554,6,0,35.26205537,-92.70506566,5029.0,0.0,0.0,2657.5841888132018,1.083032490974729,548,532,6,0,526,521,20891,22,0,0,22,11
2020-11-19,US,Arkansas,Craighead,6319,70,0,35.83018283,-90.63235729,5031.0,0.0,0.0,5727.259543921981,1.1077702168064567,6249,6207,70,0,6137,6124,108558,112,0,0,112,83
2020-11-19,US,Arkansas,Crawford,2785,35,0,35.58928601,-94.2446814,5033.0,0.0,0.0,4402.674802788624,1.2567324955116697,2750,2731,34,0,2697,2711,63406,54,1,0,53,20
2020-11-19,US,Arkansas,Crittenden,3011,55,0,35.21247318,-90.30839406,5035.0,0.0,0.0,6278.803044520904,1.826635669212886,2956,2964,55,0,2909,2932,48342,47,0,0,47,32
2020-11-19,US,Arkansas,Cross,724,25,0,35.29631396,-90.77185818,5037.0,0.0,0.0,4409.525549668068,3.4530386740331487,699,715,24,0,691,706,16676,9,1,0,8,9
2020-11-19,US,Arkansas,Dallas,254,6,0,33.97042763,-92.65167437,5039.0,0.0,0.0,3623.912112997575,2.3622047244094486,248,252,6,0,246,242,7182,2,0,0,2,10
2020-11-19,US,Arkansas,Desha,503,8,0,33.83011025,-91.25500948,5041.0,0.0,0.0,4427.42716310184,1.5904572564612327,495,492,8,0,484,488,11512,11,0,0,11,4
2020-11-19,US,Arkansas,Drew,545,7,0,33.59035001,-91.71777921,5043.0,0.0,0.0,2991.382622536912,1.2844036697247707,538,535,7,0,528,532,18328,10,0,0,10,3
2020-11-19,US,Arkansas,Faulkner,4292,49,0,35.14719007,-92.33717519,5045.0,0.0,0.0,3406.159975239471,1.1416589002795898,4243,4234,47,0,4187,4181,124806,58,2,0,56,53
2020-11-19,US,Arkansas,Franklin,690,7,0,35.51202821,-93.89299569,5047.0,0.0,0.0,3895.0042337002533,1.0144927536231885,683,682,7,0,675,676,17810,8,0,0,8,6
2020-11-19,US,Arkansas,Fulton,473,12,0,36.38177105,-91.81729127,5049.0,0.0,0.0,3790.975394726297,2.5369978858350954,461,465,12,0,453,459,12269,8,0,0,8,6
2020-11-19,US,Arkansas,Garland,3350,99,0,34.57692074,-93.14921604,5051.0,0.0,0.0,3370.6960738937073,2.955223880597015,3251,3271,96,0,3175,3248,99154,79,3,0,76,23
2020-11-19,US,Arkansas,Grant,502,5,0,34.29017991,-92.42320562,5053.0,0.0,0.0,2748.425951272927,0.99601593625498,497,485,5,0,480,473,18188,17,0,0,17,12
2020-11-19,US,Arkansas,Greene,2401,26,0,36.11735460000001,-90.55832668,5055.0,0.0,0.0,5297.297297297298,1.0828821324448146,2375,2330,26,0,2304,2277,45325,71,0,0,71,53
2020-11-19,US,Arkansas,Hempstead,759,6,0,33.73325583,-93.66935133,5057.0,0.0,0.0,3524.9860672487457,0.7905138339920948,753,742,6,0,736,733,21741,17,0,0,17,9
2020-11-19,US,Arkansas,Hot Spring,2689,41,0,34.31709259,-92.95396325,5059.0,0.0,0.0,7962.452992212254,1.5247303830420231,2648,2660,41,0,2619,2635,33701,29,0,0,29,25
2020-11-19,US,Arkansas,Howard,747,15,0,34.09007427,-93.9934871,5061.0,0.0,0.0,5658.233600969549,2.0080321285140563,732,736,15,0,721,728,13341,11,0,0,11,8
2020-11-19,US,Arkansas,Independence,1914,69,0,35.74242707,-91.57001641,5063.0,0.0,0.0,5060.145406477198,3.6050156739811916,1845,1897,69,0,1828,1880,37678,17,0,0,17,17
2020-11-19,US,Arkansas,Izard,933,4,0,36.09604046,-91.90847954,5065.0,0.0,0.0,6845.6966762051525,0.4287245444801715,929,926,4,0,922,923,13593,7,0,0,7,3
2020-11-19,US,Arkansas,Jackson,1464,6,0,35.59802983,-91.21494602,5067.0,0.0,0.0,8756.504575632513,0.4098360655737705,1458,1358,6,0,1352,1287,16811,106,0,0,106,71
2020-11-19,US,Arkansas,Jefferson,4894,106,0,34.26767081,-91.92619839,5069.0,0.0,0.0,7323.716030168803,2.1659174499387004,4788,4853,106,0,4747,4831,68114,41,0,0,41,22
2020-11-19,US,Arkansas,Johnson,1180,11,0,35.56759135,-93.46036368,5071.0,0.0,0.0,4439.762209346076,0.9322033898305084,1169,1169,11,0,1158,1160,26742,11,0,0,11,9
2020-11-19,US,Arkansas,Lafayette,246,3,0,33.24116713,-93.60677071,5073.0,0.0,0.0,3713.768115942029,1.2195121951219512,243,236,3,0,233,234,6682,10,0,0,10,2
2020-11-19,US,Arkansas,Lawrence,1054,27,0,36.04188196,-91.10867198,5075.0,0.0,0.0,6424.478849201511,2.5616698292220117,1027,1041,27,0,1014,1034,16434,13,0,0,13,7
2020-11-19,US,Arkansas,Lee,1147,18,0,34.78498904,-90.78383866,5077.0,0.0,0.0,12950.208874336682,1.5693112467306016,1129,1145,18,0,1127,1142,8985,2,0,0,2,3
2020-11-19,US,Arkansas,Lincoln,2379,18,0,33.95317155,-91.74002806,5079.0,0.0,0.0,18266.27764127764,0.7566204287515763,2361,2377,18,0,2359,2365,13383,2,0,0,2,12
2020-11-19,US,Arkansas,Little River,588,39,0,33.70375665,-94.23468591,5081.0,0.0,0.0,4796.476058406069,6.632653061224491,549,579,39,0,540,572,12326,9,0,0,9,7
2020-11-19,US,Arkansas,Logan,816,6,0,35.21413234,-93.71951016,5083.0,0.0,0.0,3801.3602906922583,0.7352941176470589,810,781,6,0,775,776,21737,35,0,0,35,5
2020-11-19,US,Arkansas,Lonoke,2389,43,0,34.75392199,-91.88742357,5085.0,0.0,0.0,3258.8086046733692,1.7999162829635829,2346,2360,42,0,2318,2320,73657,29,1,0,28,40
2020-11-19,US,Arkansas,Madison,543,6,0,36.01038185,-93.72524943,5087.0,0.0,0.0,3275.820463320463,1.1049723756906078,537,537,6,0,531,536,16481,6,0,0,6,1
2020-11-19,US,Arkansas,Marion,351,5,0,36.26844485,-92.68451899,5089.0,0.0,0.0,2102.551815023361,1.4245014245014245,346,333,5,0,328,326,16722,18,0,0,18,7
2020-11-19,US,Arkansas,Miller,1987,22,0,33.31403423,-93.89285258,5091.0,0.0,0.0,4593.476200383753,1.1071967790639154,1965,1947,22,0,1925,1931,43592,40,0,0,40,16
2020-11-19,US,Arkansas,Mississippi,2934,79,0,35.76271485,-90.05194370000002,5093.0,0.0,0.0,7217.534623994488,2.6925698704839807,2855,2892,79,0,2813,2869,41239,42,0,0,42,23
2020-11-19,US,Arkansas,Monroe,277,4,0,34.6815935,-91.20540287,5095.0,0.0,0.0,4133.711386360244,1.444043321299639,273,273,4,0,269,271,6900,4,0,0,4,2
2020-11-19,US,Arkansas,Montgomery,231,10,0,34.53704874,-93.65824478,5097.0,0.0,0.0,2570.665479634988,4.329004329004329,221,223,10,0,213,221,8924,8,0,0,8,2
2020-11-19,US,Arkansas,Nevada,408,14,0,33.66340119,-93.30632432,5099.0,0.0,0.0,4944.255937954436,3.431372549019608,394,400,14,0,386,391,8326,8,0,0,8,9
2020-11-19,US,Arkansas,Newton,394,22,0,35.91947491,-93.21612969,5101.0,0.0,0.0,5081.903779182252,5.583756345177664,372,388,22,0,366,384,7805,6,0,0,6,4
2020-11-19,US,Arkansas,Ouachita,562,11,0,33.58839816,-92.87795984,5103.0,0.0,0.0,2403.558292703789,1.9572953736654803,551,547,11,0,536,526,23606,15,0,0,15,21
2020-11-19,US,Arkansas,Perry,217,3,0,34.945915299999996,-92.94372564,5105.0,0.0,0.0,2075.561932089909,1.3824884792626728,214,210,3,0,207,205,10352,7,0,0,7,5
2020-11-19,US,Arkansas,Phillips,863,16,0,34.43268455,-90.84800154,5107.0,0.0,0.0,4853.222359689574,1.853997682502897,847,851,16,0,835,846,18029,12,0,0,12,5
2020-11-19,US,Arkansas,Pike,336,1,0,34.16250414,-93.65789349,5109.0,0.0,0.0,3134.9132300802394,0.2976190476190476,335,330,1,0,329,326,10673,6,0,0,6,4
2020-11-19,US,Arkansas,Poinsett,1552,38,0,35.57433534,-90.66268713,5111.0,0.0,0.0,6596.395783747025,2.4484536082474233,1514,1514,37,0,1477,1495,23974,38,1,0,37,19
2020-11-19,US,Arkansas,Polk,642,7,0,34.48254879,-94.22728802,5113.0,0.0,0.0,3215.788419154478,1.0903426791277258,635,618,6,0,612,609,20049,24,1,0,23,9
2020-11-19,US,Arkansas,Pope,3374,40,0,35.44871474,-93.03212219,5115.0,0.0,0.0,5265.950805343988,1.1855364552459988,3334,3319,40,0,3279,3270,64000,55,0,0,55,49
2020-11-19,US,Arkansas,Prairie,330,6,0,34.83624419,-91.55162157,5117.0,0.0,0.0,4093.277102455966,1.818181818181818,324,329,5,0,324,324,8074,1,1,0,0,5
2020-11-19,US,Arkansas,Pulaski,15049,247,0,34.77054088,-92.31355101,5119.0,0.0,0.0,3839.902426826499,1.641305070104326,14802,14832,244,0,14588,14684,392680,217,3,0,214,148
2020-11-19,US,Arkansas,Randolph,892,28,0,36.3415714,-91.02455531,5121.0,0.0,0.0,4967.145561866578,3.1390134529147984,864,874,28,0,846,861,17948,18,0,0,18,13
2020-11-19,US,Arkansas,Saline,4094,49,0,34.64916145,-92.67583224,5125.0,0.0,0.0,3343.760464565449,1.1968734733756716,4045,4004,48,0,3956,3957,121421,90,1,0,89,47
2020-11-19,US,Arkansas,Scott,316,2,0,34.85588887,-94.0632176,5127.0,0.0,0.0,3073.6309697500237,0.6329113924050633,314,307,2,0,305,302,10319,9,0,0,9,5
2020-11-19,US,Arkansas,Searcy,265,1,0,35.9109364,-92.69936482,5129.0,0.0,0.0,3362.5174470244892,0.37735849056603776,264,262,1,0,261,258,7958,3,0,0,3,4
2020-11-19,US,Arkansas,Sebastian,6386,119,0,35.19605503,-94.27162713,5131.0,0.0,0.0,4995.814655745657,1.8634512997181332,6267,6267,118,0,6149,6218,127753,119,1,0,118,49
2020-11-19,US,Arkansas,Sevier,1620,16,0,33.99780401,-94.2424869,5133.0,0.0,0.0,9525.489504321751,0.9876543209876544,1604,1607,16,0,1591,1601,17139,13,0,0,13,6
2020-11-19,US,Arkansas,Sharp,578,14,0,36.16258158,-91.47819342,5135.0,0.0,0.0,3313.8401559454187,2.4221453287197234,564,560,13,0,547,555,17366,18,1,0,17,5
2020-11-19,US,Arkansas,St. Francis,1949,13,0,35.02201976,-90.74828138,5123.0,0.0,0.0,7797.871489157397,0.6670087224217548,1936,1933,12,0,1921,1929,25439,16,1,0,15,4
2020-11-19,US,Arkansas,Stone,435,22,0,35.86251946,-92.15684085,5137.0,0.0,0.0,3478.3304014073246,5.057471264367816,413,434,22,0,412,431,12457,1,0,0,1,3
2020-11-19,US,Arkansas,Unassigned,2383,0,0,0.0,0.0,90005.0,0.0,0.0,0.0,0.0,2383,2379,0,0,2379,2208,,4,0,0,4,171
2020-11-19,US,Arkansas,Union,1393,56,0,33.16887091,-92.59746952,5139.0,0.0,0.0,3601.158161418748,4.0201005025125625,1337,1380,56,0,1324,1358,39126,13,0,0,13,22
2020-11-19,US,Arkansas,Van Buren,296,3,0,35.58095779,-92.51295036,5141.0,0.0,0.0,1789.060139014808,1.0135135135135136,293,288,3,0,285,278,16603,8,0,0,8,10
2020-11-19,US,Arkansas,Washington,14083,168,0,35.976844,-94.21800746,5143.0,0.0,0.0,5887.861798509116,1.1929276432578286,13915,13934,168,0,13766,13782,236961,149,0,0,149,152
2020-11-19,US,Arkansas,White,2578,45,0,35.25688493,-91.74908296,5145.0,0.0,0.0,3273.526087895065,1.7455391776570983,2533,2518,44,0,2474,2419,78727,60,1,0,59,99
2020-11-19,US,Arkansas,Woodruff,179,0,0,35.18902527,-91.2439489,5147.0,0.0,0.0,2832.278481012658,0.0,179,176,0,0,176,172,6490,3,0,0,3,4
2020-11-19,US,Arkansas,Yell,1545,33,0,35.00292371,-93.41171338,5149.0,0.0,0.0,7239.585773862518,2.1359223300970878,1512,1521,33,0,1488,1509,21535,24,0,0,24,12
2020-11-19,US,California,Alameda,26927,495,0,37.64629437,-121.8929271,6001.0,0.0,0.0,1611.1130722915714,1.8383035614810408,26432,26655,494,0,26161,26460,1666753,272,1,0,271,195
2020-11-19,US,California,Alpine,39,0,0,38.59678594,-119.82235940000001,6003.0,0.0,0.0,3454.3844109831707,0.0,39,36,0,0,36,36,1101,3,0,0,3,0
2020-11-19,US,California,Amador,430,16,0,38.44583082,-120.65696000000001,6005.0,0.0,0.0,1081.706580800966,3.72093023255814,414,423,16,0,407,414,39383,7,0,0,7,9
2020-11-19,US,California,Butte,3537,58,0,39.66727762,-121.6005252,6007.0,0.0,0.0,1613.6979551613697,1.6398077466779757,3479,3501,57,0,3444,3490,231256,36,1,0,35,11
2020-11-19,US,California,Calaveras,409,21,0,38.20537103,-120.55291299999999,6009.0,0.0,0.0,890.9704825182444,5.134474327628362,388,405,21,0,384,402,45602,4,0,0,4,3
2020-11-19,US,California,Colusa,618,6,0,39.17881957,-122.2331726,6011.0,0.0,0.0,2868.148698194644,0.9708737864077671,612,608,6,0,602,603,21627,10,0,0,10,5
2020-11-19,US,California,Contra Costa,21758,255,0,37.91923498,-121.9289527,6013.0,0.0,0.0,1886.2166955924704,1.171982718999908,21503,21630,253,0,21377,21458,1150215,128,2,0,126,172
2020-11-19,US,California,Del Norte,242,1,0,41.74228275,-123.89740630000001,6015.0,0.0,0.0,870.128002301165,0.4132231404958678,241,242,1,0,241,235,27828,0,0,0,0,7
2020-11-19,US,California,El Dorado,1847,4,0,38.77965956,-120.5233166,6017.0,0.0,0.0,957.7739404593373,0.2165674066053059,1843,1798,4,0,1794,1701,190678,49,0,0,49,97
2020-11-19,US,California,Fresno,34997,463,0,36.75733899,-119.6466953,6019.0,0.0,0.0,3502.849061306114,1.3229705403320284,34534,34765,463,0,34302,34593,994400,232,0,0,232,172
2020-11-19,US,California,Glenn,805,6,0,39.59875897,-122.3938452,6021.0,0.0,0.0,2835.2058605994434,0.7453416149068323,799,795,6,0,789,786,28047,10,0,0,10,9
2020-11-19,US,California,Humboldt,711,9,0,40.69923009,-123.876044,6023.0,0.0,0.0,524.4987385473377,1.2658227848101269,702,699,9,0,690,695,136373,12,0,0,12,4
2020-11-19,US,California,Imperial,14644,353,0,33.0393082,-115.36690420000001,6025.0,0.0,0.0,8081.008746516569,2.41054356733133,14291,14431,353,0,14078,14301,181827,213,0,0,213,130
2020-11-19,US,California,Inyo,265,16,0,36.51112084,-117.41119779999998,6027.0,0.0,0.0,1469.0393037308054,6.037735849056604,249,265,16,0,249,263,17987,0,0,0,0,2
2020-11-19,US,California,Kern,37323,437,0,35.34329425,-118.72777959999999,6029.0,0.0,0.0,4146.069437748416,1.1708597915494467,36886,37141,432,0,36709,36919,896764,182,5,0,177,222
2020-11-19,US,California,Kings,9708,86,0,36.07409056,-119.8159973,6031.0,0.0,0.0,6347.5872891329955,0.8858673259167696,9622,9653,87,0,9566,9601,151366,55,0,0,56,52
2020-11-19,US,California,Lake,807,18,0,39.10124298,-122.75362439999999,6033.0,0.0,0.0,1253.3780635541887,2.2304832713754648,789,802,18,0,784,788,64382,5,0,0,5,14
2020-11-19,US,California,Lassen,1214,3,0,40.67311306,-120.59350990000002,6035.0,0.0,0.0,3970.823929611095,0.2471169686985173,1211,1177,2,0,1175,1135,30802,37,1,0,36,42
2020-11-19,US,California,Los Angeles,353232,7363,0,34.30828379,-118.22824109999999,6037.0,0.0,0.0,3518.559967534961,2.0844657335688725,345869,348336,7335,0,341001,344523,10105518,4896,28,0,4868,3813
2020-11-19,US,California,Madera,5624,79,0,37.21513971,-119.76655890000002,6039.0,0.0,0.0,3574.7201688203554,1.4046941678520626,5545,5602,79,0,5523,5561,157672,22,0,0,22,41
2020-11-19,US,California,Marin,7467,128,0,38.07122463,-122.72106310000001,6041.0,0.0,0.0,2884.9497345707155,1.714209187089862,7339,7448,128,0,7320,7409,259666,19,0,0,19,39
2020-11-19,US,California,Mariposa,93,2,0,37.57978556,-119.9073334,6043.0,0.0,0.0,540.6033831308491,2.150537634408602,91,93,2,0,91,92,17471,0,0,0,0,1
2020-11-19,US,California,Mendocino,1338,22,0,39.4381191,-123.39113130000001,6045.0,0.0,0.0,1542.3808919987548,1.6442451420029895,1316,1311,22,0,1289,1311,87606,27,0,0,27,0
2020-11-19,US,California,Merced,10749,175,0,37.18922369,-120.72090349999999,6047.0,0.0,0.0,3871.0025929127055,1.6280584240394456,10574,10662,174,0,10488,10552,274765,87,1,0,86,110
2020-11-19,US,California,Modoc,104,0,0,41.58965602,-120.7244817,6049.0,0.0,0.0,1176.3375183802734,0.0,104,100,0,0,100,98,8777,4,0,0,4,2
2020-11-19,US,California,Mono,493,2,0,37.93899289,-118.8872409,6051.0,0.0,0.0,3413.181944059817,0.4056795131845842,491,493,2,0,491,493,14250,0,0,0,0,0
2020-11-19,US,California,Monterey,13340,111,0,36.21862405,-121.24133970000001,6053.0,0.0,0.0,3073.3007572668357,0.8320839580209896,13229,13220,111,0,13109,13110,435594,120,0,0,120,110
2020-11-19,US,California,Napa,2607,17,0,38.50735751,-122.33283899999999,6055.0,0.0,0.0,1892.6414217679169,0.6520905255082471,2590,2568,17,0,2551,2536,139417,39,0,0,39,32
2020-11-19,US,California,Nevada,934,9,0,39.30394768,-120.76272809999999,6057.0,0.0,0.0,936.2939201042552,0.9635974304068522,925,929,9,0,920,901,99696,5,0,0,5,28
2020-11-19,US,California,Orange,67167,1537,0,33.70147516,-117.76459979999998,6059.0,0.0,0.0,2115.035085266455,2.288326112525496,65630,66585,1528,0,65057,65957,3185968,582,9,0,573,628
2020-11-19,US,California,Placer,5642,66,0,39.06167234,-120.72405690000001,6061.0,0.0,0.0,1416.4170823615655,1.1697979439914925,5576,5543,65,0,5478,5489,393149,99,1,0,98,54
2020-11-19,US,California,Plumas,161,0,0,40.00355989,-120.8395236,6063.0,0.0,0.0,856.0642314032009,0.0,161,153,0,0,153,147,18804,8,0,0,8,6
2020-11-19,US,California,Riverside,78009,1396,0,33.74314981,-115.9933578,6065.0,0.0,0.0,3157.5611221163263,1.7895371046930482,76613,77636,1383,0,76253,76724,2450758,373,13,0,360,912
2020-11-19,US,California,Sacramento,31852,536,0,38.45106826,-121.34253740000001,6067.0,0.0,0.0,2052.2428929846687,1.6827828707773451,31316,31387,533,0,30854,30999,1540975,465,3,0,462,388
2020-11-19,US,California,San Benito,1676,15,0,36.60308176,-121.069975,6069.0,0.0,0.0,2668.4498789963063,0.8949880668257757,1661,1652,15,0,1637,1643,61537,24,0,0,24,9
2020-11-19,US,California,San Bernardino,80318,1124,0,34.84060306,-116.1774685,6071.0,0.0,0.0,3684.168277842378,1.3994372369829926,79194,78298,1118,0,77180,76685,2171603,2020,6,0,2014,1613
2020-11-19,US,California,San Diego,68140,952,0,33.03484597,-116.73653259999999,6073.0,0.0,0.0,2041.140330644364,1.3971235691223949,67188,67241,945,0,66296,66319,3343364,899,7,0,892,922
2020-11-19,US,California,San Francisco,14057,156,0,37.75215114,-122.43856720000001,6075.0,0.0,0.0,1594.579541239341,1.1097673756847122,13901,13952,156,0,13796,13847,883305,105,0,0,105,105
2020-11-19,US,California,San Joaquin,24335,505,0,37.93433732,-121.2730061,6077.0,0.0,0.0,3192.9494009037617,2.0752003287446064,23830,24171,504,0,23667,23734,752660,164,1,0,163,437
2020-11-19,US,California,San Luis Obispo,5400,34,0,35.38822029,-120.4039028,6079.0,0.0,0.0,1907.3790845286828,0.6296296296296297,5366,5321,34,0,5287,5250,284010,79,0,0,79,71
2020-11-19,US,California,San Mateo,12878,168,0,37.422880799999994,-122.32755459999998,6081.0,0.0,0.0,1679.9443758128714,1.3045503960242273,12710,12780,168,0,12612,12684,769545,98,0,0,98,96
2020-11-19,US,California,Santa Barbara,10702,133,0,34.65329488,-120.0188492,6083.0,0.0,0.0,2396.869869809339,1.2427583629228185,10569,10612,133,0,10479,10577,446527,90,0,0,90,35
2020-11-19,US,California,Santa Clara,29631,459,0,37.23104908,-121.6970462,6085.0,0.0,0.0,1536.9955784987646,1.5490533562822721,29172,29297,453,0,28844,29023,1937570,334,6,0,328,274
2020-11-19,US,California,Santa Cruz,3628,27,0,37.05580291,-122.0066524,6087.0,0.0,0.0,1327.9016737856543,0.7442116868798236,3601,3557,26,0,3531,3542,274255,71,1,0,70,15
2020-11-19,US,California,Shasta,3570,37,0,40.76391419,-122.0396884,6089.0,0.0,0.0,1982.452243447357,1.0364145658263306,3533,3483,36,0,3447,3483,180040,87,1,0,86,0
2020-11-19,US,California,Sierra,15,0,0,39.57713498,-120.52007009999998,6091.0,0.0,0.0,499.1680532445923,0.0,15,15,0,0,15,15,2987,0,0,0,0,0
2020-11-19,US,California,Siskiyou,436,1,0,41.59198861,-122.54074340000001,6093.0,0.0,0.0,1001.4010427432877,0.22935779816513766,435,429,1,0,428,403,43724,7,0,0,7,26
2020-11-19,US,California,Solano,9291,80,0,38.26827353,-121.9357113,6095.0,0.0,0.0,2075.537872813827,0.8610483263373157,9211,9161,80,0,9081,9088,446610,130,0,0,130,73
2020-11-19,US,California,Sonoma,11316,150,0,38.52746429,-122.88625060000001,6097.0,0.0,0.0,2289.1312791299843,1.325556733828208,11166,11169,150,0,11019,11133,499942,147,0,0,147,36
2020-11-19,US,California,Stanislaus,19802,415,0,37.55862499,-120.9970722,6099.0,0.0,0.0,3596.0483783096647,2.095747904252096,19387,19658,413,0,19245,19510,549815,144,2,0,142,148
2020-11-19,US,California,Sutter,2521,13,0,39.03417539,-121.6945899,6101.0,0.0,0.0,2599.74631590888,0.5156683855612852,2508,2456,13,0,2443,2399,96807,65,0,0,65,57
2020-11-19,US,California,Tehama,1338,19,0,40.12570935,-122.23701709999999,6103.0,0.0,0.0,2055.8048060967367,1.4200298953662185,1319,1290,19,0,1271,1261,63916,48,0,0,48,29
2020-11-19,US,California,Trinity,103,0,0,40.64917670000001,-123.114713,6105.0,0.0,0.0,838.4208384208383,0.0,103,98,0,0,98,83,12535,5,0,0,5,15
2020-11-19,US,California,Tulare,19461,301,0,36.22026558,-118.8020203,6107.0,0.0,0.0,4174.4334452321455,1.5466831098093623,19160,19320,301,0,19019,19054,465861,141,0,0,141,266
2020-11-19,US,California,Tuolumne,648,8,0,38.02644018,-119.95250929999999,6109.0,0.0,0.0,1189.4709791108335,1.2345679012345678,640,615,8,0,607,569,54539,33,0,0,33,46
2020-11-19,US,California,Ventura,17169,173,0,34.44465746,-119.09106129999999,6111.0,0.0,0.0,2029.4182310763754,1.0076300308695905,16996,16797,173,0,16624,16691,850967,372,0,0,372,106
2020-11-19,US,California,Yolo,3981,72,0,38.68278902,-121.90182879999999,6113.0,0.0,0.0,1805.442176870748,1.808590806330068,3909,3933,71,0,3862,3892,220408,48,1,0,47,41
2020-11-19,US,California,Yuba,1665,10,0,39.26255932,-121.35356440000001,6115.0,0.0,0.0,2116.4895510245588,0.6006006006006006,1655,1643,10,0,1633,1618,78041,22,0,0,22,25
2020-11-19,US,Colorado,Adams,24504,302,0,39.87432092,-104.3362578,8001.0,0.0,0.0,4735.795416111831,1.2324518445968005,24202,23832,294,0,23538,23339,511868,672,8,0,664,493
2020-11-19,US,Colorado,Alamosa,488,11,0,37.57250606,-105.7885451,8003.0,0.0,0.0,3006.2218936733807,2.2540983606557377,477,472,11,0,461,465,16683,16,0,0,16,7
2020-11-19,US,Colorado,Arapahoe,22200,425,0,39.64977461,-104.3353617,8005.0,0.0,0.0,3381.105408245633,1.9144144144144144,21775,21540,420,0,21120,20970,651215,660,5,0,655,570
2020-11-19,US,Colorado,Archuleta,120,0,0,37.19474156,-107.04768670000001,8007.0,0.0,0.0,855.3710171787013,0.0,120,107,0,0,107,106,13765,13,0,0,13,1
2020-11-19,US,Colorado,Baca,52,0,0,37.31940883,-102.5603223,8009.0,0.0,0.0,1452.1083496230106,0.0,52,47,0,0,47,45,3585,5,0,0,5,2
2020-11-19,US,Colorado,Bent,46,0,0,37.95474293,-103.0720195,8011.0,0.0,0.0,824.8162094315941,0.0,46,40,0,0,40,37,5882,6,0,0,6,3
2020-11-19,US,Colorado,Boulder,9231,111,0,40.09313619,-105.3546767,8013.0,0.0,0.0,2829.89368355222,1.2024699382515438,9120,8982,107,0,8875,8791,326078,249,4,0,245,191
2020-11-19,US,Colorado,Broomfield,1656,48,0,39.95998787,-105.0566324,8014.0,0.0,0.0,2350.102887958561,2.898550724637681,1608,1615,47,0,1568,1581,69267,41,1,0,40,34
2020-11-19,US,Colorado,Chaffee,518,21,0,38.74745778,-106.19265729999998,8015.0,0.0,0.0,2544.7042640990367,4.0540540540540535,497,510,21,0,489,508,20027,8,0,0,8,2
2020-11-19,US,Colorado,Cheyenne,41,0,0,38.82777431,-102.6032558,8017.0,0.0,0.0,2239.213544511196,0.0,41,33,0,0,33,29,1876,8,0,0,8,4
2020-11-19,US,Colorado,Clear Creek,157,1,0,39.68864463,-105.6463118,8019.0,0.0,0.0,1618.5567010309278,0.6369426751592356,156,146,1,0,145,145,9605,11,0,0,11,1
2020-11-19,US,Colorado,Conejos,139,2,0,37.201606,-106.19174879999998,8021.0,0.0,0.0,1694.0889701401584,1.4388489208633093,137,132,2,0,130,130,8200,7,0,0,7,2
2020-11-19,US,Colorado,Costilla,63,1,0,37.27732493,-105.4276548,8023.0,0.0,0.0,1620.7872395163363,1.5873015873015872,62,61,1,0,60,61,3828,2,0,0,2,0
2020-11-19,US,Colorado,Crowley,796,1,0,38.32608609,-103.7844965,8025.0,0.0,0.0,13133.146345487545,0.12562814070351758,795,711,1,0,710,697,5858,85,0,0,85,14
2020-11-19,US,Colorado,Custer,54,0,0,38.10883162,-105.3683478,8027.0,0.0,0.0,1065.5090765588004,0.0,54,53,0,0,53,50,4954,1,0,0,1,3
2020-11-19,US,Colorado,Delta,417,7,0,38.86246243,-107.86313419999999,8029.0,0.0,0.0,1338.1682818817792,1.6786570743405276,410,393,7,0,386,375,30953,24,0,0,24,18
2020-11-19,US,Colorado,Denver,30321,492,0,39.76018276,-104.87256950000001,8031.0,0.0,0.0,4169.491385581351,1.6226377757989512,29829,29423,483,0,28940,28834,716492,898,9,0,889,589
2020-11-19,US,Colorado,Dolores,7,0,0,37.75208676,-108.5211585,8033.0,0.0,0.0,340.63260340632604,0.0,7,4,0,0,4,4,2074,3,0,0,3,0
2020-11-19,US,Colorado,Douglas,8199,94,0,39.33133796,-104.930001,8035.0,0.0,0.0,2334.873018675567,1.1464812782046592,8105,7835,91,0,7744,7603,342776,364,3,0,361,232
2020-11-19,US,Colorado,Eagle,1987,11,0,39.62754308,-106.6933637,8037.0,0.0,0.0,3604.404375351461,0.5535983895319577,1976,1968,11,0,1957,1930,54993,19,0,0,19,38
2020-11-19,US,Colorado,El Paso,20401,241,0,38.83240149,-104.5251411,8041.0,0.0,0.0,2831.887152052393,1.181314641439145,20160,19849,232,0,19617,19218,713856,552,9,0,543,631
2020-11-19,US,Colorado,Elbert,447,5,0,39.28656773,-104.13587209999999,8039.0,0.0,0.0,1672.3409031389124,1.1185682326621924,442,431,4,0,427,419,26282,16,1,0,15,12
2020-11-19,US,Colorado,Fremont,1875,2,0,38.47362326,-105.43996670000001,8043.0,0.0,0.0,3919.396308451264,0.10666666666666667,1873,1707,2,0,1705,1619,48021,168,0,0,168,88
2020-11-19,US,Colorado,Garfield,1744,6,0,39.59921777,-107.902708,8045.0,0.0,0.0,2903.714556867185,0.3440366972477064,1738,1695,6,0,1689,1666,59770,49,0,0,49,29
2020-11-19,US,Colorado,Gilpin,73,0,0,39.85646523,-105.5252597,8047.0,0.0,0.0,1169.3096267819958,0.0,73,65,0,0,65,63,6121,8,0,0,8,2
2020-11-19,US,Colorado,Grand,251,1,0,40.10603347,-106.11780420000001,8049.0,0.0,0.0,1595.2713868056437,0.398406374501992,250,241,1,0,240,229,15525,10,0,0,10,12
2020-11-19,US,Colorado,Gunnison,428,7,0,38.66611652,-107.0320729,8051.0,0.0,0.0,2451.036536479212,1.6355140186915889,421,427,7,0,420,426,17246,1,0,0,1,1
2020-11-19,US,Colorado,Hinsdale,6,0,0,37.82247444,-107.3004345,8053.0,0.0,0.0,731.7073170731708,0.0,6,6,0,0,6,6,811,0,0,0,0,0
2020-11-19,US,Colorado,Huerfano,98,4,0,37.68473101,-104.9612585,8055.0,0.0,0.0,1420.9076410033347,4.081632653061225,94,96,4,0,92,94,6889,2,0,0,2,2
2020-11-19,US,Colorado,Jackson,14,0,0,40.66593870000001,-106.3408905,8057.0,0.0,0.0,1005.7471264367816,0.0,14,14,0,0,14,14,1399,0,0,0,0,0
2020-11-19,US,Colorado,Jefferson,16299,404,0,39.58635604,-105.2517692,8059.0,0.0,0.0,2796.282603138548,2.4786796735996077,15895,15717,393,0,15324,15287,580233,582,11,0,571,430
2020-11-19,US,Colorado,Kiowa,18,0,0,38.43260896,-102.7392145,8061.0,0.0,0.0,1280.2275960170698,0.0,18,17,0,0,17,16,1383,1,0,0,1,1
2020-11-19,US,Colorado,Kit Carson,242,3,0,39.30497777,-102.60221990000001,8063.0,0.0,0.0,3409.8915034521638,1.2396694214876034,239,240,3,0,237,236,7163,2,0,0,2,4
2020-11-19,US,Colorado,La Plata,710,3,0,37.28632032,-107.8429014,8067.0,0.0,0.0,1262.8733035698406,0.4225352112676056,707,682,3,0,679,660,56310,28,0,0,28,22
2020-11-19,US,Colorado,Lake,221,0,0,39.20278823,-106.35556969999999,8065.0,0.0,0.0,2719.3306263073705,0.0,221,209,0,0,209,202,7824,12,0,0,12,7
2020-11-19,US,Colorado,Larimer,7937,65,0,40.66671597,-105.4625784,8069.0,0.0,0.0,2223.8784642153664,0.8189492251480408,7872,7662,64,0,7598,7415,350518,275,1,0,274,247
2020-11-19,US,Colorado,Las Animas,143,0,0,37.3153406,-104.03764579999999,8071.0,0.0,0.0,985.7989797325245,0.0,143,128,0,0,128,123,14503,15,0,0,15,5
2020-11-19,US,Colorado,Lincoln,102,0,0,38.98749519,-103.51366490000001,8073.0,0.0,0.0,1789.159796526925,0.0,102,91,0,0,91,88,5610,11,0,0,11,3
2020-11-19,US,Colorado,Logan,1903,25,0,40.7249637,-103.110817,8075.0,0.0,0.0,8492.123700298987,1.3137151865475565,1878,1862,22,0,1840,1771,21528,41,3,0,38,91
2020-11-19,US,Colorado,Mesa,4354,48,0,39.01787888,-108.469799,8077.0,0.0,0.0,2823.4226055379027,1.1024345429490123,4306,4020,41,0,3979,3859,153207,334,7,0,327,161
2020-11-19,US,Colorado,Mineral,21,0,0,37.66954283,-106.92816979999999,8079.0,0.0,0.0,2730.8192457737327,0.0,21,21,0,0,21,21,776,0,0,0,0,0
2020-11-19,US,Colorado,Moffat,192,2,0,40.61810999,-108.2070876,8081.0,0.0,0.0,1445.4565986599414,1.0416666666666667,190,171,1,0,170,151,13188,21,1,0,20,20
2020-11-19,US,Colorado,Montezuma,483,6,0,37.33859579,-108.59588570000001,8083.0,0.0,0.0,1844.7083985792306,1.2422360248447204,477,448,5,0,443,437,26158,35,1,0,34,11
2020-11-19,US,Colorado,Montrose,714,15,0,38.40214114,-108.26390220000002,8085.0,0.0,0.0,1669.8629496234626,2.100840336134454,699,682,15,0,667,670,42214,32,0,0,32,12
2020-11-19,US,Colorado,Morgan,1357,51,0,40.26279810000001,-103.8093302,8087.0,0.0,0.0,4668.36383652126,3.758290346352248,1306,1325,51,0,1274,1301,28558,32,0,0,32,24
2020-11-19,US,Colorado,Otero,363,8,0,37.9014485,-103.7173385,8089.0,0.0,0.0,1985.9940912572488,2.203856749311295,355,334,6,0,328,326,18432,29,2,0,27,8
2020-11-19,US,Colorado,Ouray,104,2,0,38.14717457,-107.7675136,8091.0,0.0,0.0,2100.1615508885293,1.9230769230769231,102,104,2,0,102,104,4833,0,0,0,0,0
2020-11-19,US,Colorado,Park,186,3,0,39.120926000000004,-105.7182065,8093.0,0.0,0.0,986.9992040328999,1.6129032258064515,183,181,3,0,178,175,18556,5,0,0,5,6
2020-11-19,US,Colorado,Phillips,145,1,0,40.59414277,-102.3577703,8095.0,0.0,0.0,3399.7655334114893,0.6896551724137931,144,131,1,0,130,131,4286,14,0,0,14,0
2020-11-19,US,Colorado,Pitkin,413,2,0,39.21720112,-106.9310027,8097.0,0.0,0.0,2324.5342488883884,0.4842615012106538,411,399,2,0,397,395,17950,14,0,0,14,4
2020-11-19,US,Colorado,Prowers,410,11,0,37.95544985,-102.3926052,8099.0,0.0,0.0,3368.3864607295427,2.6829268292682933,399,401,11,0,390,381,12164,9,0,0,9,20
2020-11-19,US,Colorado,Pueblo,5736,80,0,38.17359144,-104.5127437,8101.0,0.0,0.0,3405.6904004179933,1.3947001394700143,5656,5516,70,0,5446,5275,167529,220,10,0,210,241
2020-11-19,US,Colorado,Rio Blanco,80,0,0,39.97913541,-108.2179009,8103.0,0.0,0.0,1265.022137887413,0.0,80,72,0,0,72,67,6336,8,0,0,8,5
2020-11-19,US,Colorado,Rio Grande,185,4,0,37.5836865,-106.3847838,8105.0,0.0,0.0,1641.9632555249843,2.1621621621621623,181,180,4,0,176,179,11250,5,0,0,5,1
2020-11-19,US,Colorado,Routt,472,9,0,40.48596505,-106.9905548,8107.0,0.0,0.0,1841.017240034324,1.9067796610169487,463,443,9,0,434,418,25733,29,0,0,29,25
2020-11-19,US,Colorado,Saguache,195,2,0,38.08054629,-106.28246599999999,8109.0,0.0,0.0,2857.561547479484,1.0256410256410255,193,193,2,0,191,194,6843,2,0,0,2,0
2020-11-19,US,Colorado,San Juan,19,0,0,37.76248981,-107.67632890000002,8111.0,0.0,0.0,2609.8901098901097,0.0,19,18,0,0,18,16,762,1,0,0,1,2
2020-11-19,US,Colorado,San Miguel,173,0,0,38.00450883,-108.4020725,8113.0,0.0,0.0,2115.173004034723,0.0,173,168,0,0,168,166,8191,5,0,0,5,2
2020-11-19,US,Colorado,Sedgwick,91,1,0,40.87595412,-102.3519227,8115.0,0.0,0.0,4048.0427046263344,1.0989010989010992,90,85,1,0,84,77,2303,6,0,0,6,8
2020-11-19,US,Colorado,Summit,1227,4,0,39.63803232,-106.1150762,8117.0,0.0,0.0,3956.6605398084553,0.32599837000815,1223,1188,4,0,1184,1173,31007,39,0,0,39,15
2020-11-19,US,Colorado,Teller,483,4,0,38.88133511,-105.16148929999999,8119.0,0.0,0.0,1902.473609579329,0.8281573498964804,479,435,4,0,431,419,25083,48,0,0,48,16
2020-11-19,US,Colorado,Unassigned,25,0,0,0.0,0.0,90008.0,0.0,0.0,0.0,0.0,25,23,0,0,23,23,,2,0,0,2,0
2020-11-19,US,Colorado,Washington,173,5,0,39.97015535,-103.202587,8121.0,0.0,0.0,3524.8573757131207,2.8901734104046244,168,170,4,0,166,165,4909,3,1,0,2,5
2020-11-19,US,Colorado,Weld,11009,178,0,40.55499405,-104.39296209999999,8123.0,0.0,0.0,3392.687647153089,1.616858933599782,10831,10669,176,0,10493,10402,314305,340,2,0,338,267
2020-11-19,US,Colorado,Yuma,283,1,0,40.00346839,-102.4258673,8125.0,0.0,0.0,2824.6331969258413,0.353356890459364,282,274,1,0,273,267,10020,9,0,0,9,7
2020-11-19,US,Connecticut,Fairfield,33067,1466,0,41.26809896,-73.3881171,9001.0,0.0,0.0,3505.340643591016,4.433423050170865,31601,32369,1463,0,30906,31773,943823,698,3,0,695,596
2020-11-19,US,Connecticut,Hartford,24706,1548,0,41.80283011,-72.73103891,9003.0,0.0,0.0,2770.600636971247,6.265684449121671,23158,24154,1544,0,22610,23636,892697,552,4,0,548,518
2020-11-19,US,Connecticut,Litchfield,3500,156,0,41.7937534,-73.2451475,9005.0,0.0,0.0,1940.8538647945745,4.457142857142856,3344,3381,155,0,3226,3299,181111,119,1,0,118,82
2020-11-19,US,Connecticut,Middlesex,3025,197,0,41.45949668,-72.53714864,9007.0,0.0,0.0,1862.271910167697,6.512396694214876,2828,2935,197,0,2738,2863,162682,90,0,0,90,72
2020-11-19,US,Connecticut,New Haven,24733,1180,0,41.408032500000004,-72.93620426,9009.0,0.0,0.0,2893.570921326178,4.770953786439169,23553,24115,1172,0,22943,23593,857620,618,8,0,610,522
2020-11-19,US,Connecticut,New London,5256,162,0,41.48896435,-72.10430976,9011.0,0.0,0.0,1981.8556141263773,3.0821917808219177,5094,5112,157,0,4955,4968,266784,144,5,0,139,144
2020-11-19,US,Connecticut,Tolland,2573,71,0,41.85853803,-72.3308481,9013.0,0.0,0.0,1707.1277393329394,2.7594247959580263,2502,2495,71,0,2424,2418,150921,78,0,0,78,77
2020-11-19,US,Connecticut,Unassigned,403,0,0,0.0,0.0,90009.0,0.0,0.0,0.0,0.0,403,408,0,0,408,436,,0,0,0,-5,0
2020-11-19,US,Connecticut,Windham,2118,25,0,41.82972709,-71.98182316,9015.0,0.0,0.0,1813.6356630302607,1.1803588290840414,2093,2059,25,0,2034,2000,117027,59,0,0,59,59
2020-11-19,US,Delaware,Kent,4225,122,0,39.08646628,-75.56884914,10001.0,0.0,0.0,2337.017246910712,2.887573964497041,4103,4172,122,0,4050,4140,178550,53,0,0,53,32
2020-11-19,US,Delaware,New Castle,16490,369,0,39.57992638,-75.64054974,10003.0,0.0,0.0,2951.214579608521,2.2377198302001213,16121,16240,369,0,15871,16123,559335,250,0,0,250,117
2020-11-19,US,Delaware,Sussex,9341,251,0,38.66143781,-75.39031349,10005.0,0.0,0.0,3988.045682570178,2.6870784712557536,9090,9247,251,0,8996,9194,229286,94,0,0,94,53
2020-11-19,US,Delaware,Unassigned,97,0,0,0.0,0.0,90010.0,0.0,0.0,0.0,0.0,97,96,0,0,96,95,,1,0,0,1,1
2020-11-19,US,District of Columbia,District of Columbia,19678,667,0,38.90417773,-77.01655992,11001.0,0.0,0.0,2788.2434123179773,3.3895721109868884,19011,19465,665,0,18800,19309,702455,213,2,0,211,156
2020-11-19,US,Florida,Alachua,12113,91,0,29.67866525,-82.35928158,12001.0,0.0,0.0,4502.25428648952,0.7512589779575662,12022,11994,91,0,11903,11854,269956,119,0,0,119,140
2020-11-19,US,Florida,Baker,1941,29,0,30.33060121,-82.28467476,12003.0,0.0,0.0,6644.984594317017,1.4940752189592994,1912,1932,29,0,1903,1915,28355,9,0,0,9,17
2020-11-19,US,Florida,Bay,7912,146,0,30.26548745,-85.62122584,12005.0,0.0,0.0,4528.777081365732,1.845298281092012,7766,7855,145,0,7710,7765,185287,57,1,0,56,90
2020-11-19,US,Florida,Bradford,1344,16,0,29.95079741,-82.16611613,12007.0,0.0,0.0,4765.788447218184,1.1904761904761905,1328,1336,16,0,1320,1323,27732,8,0,0,8,13
2020-11-19,US,Florida,Brevard,14112,418,0,28.29409504,-80.73091022,12009.0,0.0,0.0,2344.4119200853243,2.9620181405895694,13694,13948,416,0,13532,13802,596849,164,2,0,162,146
2020-11-19,US,Florida,Broward,98377,1611,0,26.15184651,-80.48725556,12011.0,0.0,0.0,5037.797435243535,1.6375778891407544,96766,97475,1608,0,95867,96700,1951260,902,3,0,899,775
2020-11-19,US,Florida,Calhoun,818,21,0,30.40666734,-85.19394153,12013.0,0.0,0.0,5799.361928394186,2.567237163814181,797,813,21,0,792,809,14587,5,0,0,5,4
2020-11-19,US,Florida,Charlotte,4503,179,0,26.90131002,-81.92949121,12015.0,0.0,0.0,2383.6747657614733,3.9751276926493455,4324,4425,176,0,4249,4383,184998,78,3,0,75,42
2020-11-19,US,Florida,Citrus,4125,152,0,28.84804315,-82.47614748,12017.0,0.0,0.0,2756.302745611632,3.684848484848485,3973,4086,150,0,3936,4019,147929,39,2,0,37,67
2020-11-19,US,Florida,Clay,7181,139,0,29.98319144,-81.85609986,12019.0,0.0,0.0,3275.2266798022365,1.9356635566077147,7042,7081,139,0,6942,6999,216072,100,0,0,100,82
2020-11-19,US,Florida,Collier,16447,269,0,26.11091986,-81.34687065,12021.0,0.0,0.0,4273.035733771194,1.635556636468657,16178,16308,268,0,16040,16117,378488,139,1,0,138,191
2020-11-19,US,Florida,Columbia,4571,88,0,30.22509788,-82.62160164,12023.0,0.0,0.0,6376.419384538124,1.925180485670532,4483,4538,87,0,4451,4528,70503,33,1,0,32,10
2020-11-19,US,Florida,DeSoto,2118,33,0,27.18677893,-81.80941373,12027.0,0.0,0.0,5573.537538485829,1.5580736543909348,2085,1882,33,0,1849,1853,37489,236,0,0,236,29
2020-11-19,US,Florida,Dixie,943,11,0,29.60631086,-83.15724673,12029.0,0.0,0.0,5604.4217282776635,1.1664899257688228,932,937,11,0,926,938,16700,6,0,0,6,0
2020-11-19,US,Florida,Duval,39745,564,0,30.33225875,-81.66976468,12031.0,0.0,0.0,4149.808667143476,1.4190464209334508,39181,39305,563,0,38742,39052,950181,440,1,0,439,253
2020-11-19,US,Florida,Escambia,15584,293,0,30.67652764,-87.37284571,12033.0,0.0,0.0,4895.763957828071,1.8801334702258727,15291,15436,290,0,15146,15298,315534,148,3,0,145,138
2020-11-19,US,Florida,Flagler,2484,41,0,29.45933576,-81.31508595,12035.0,0.0,0.0,2158.47967953007,1.6505636070853462,2443,2466,41,0,2425,2429,112067,18,0,0,18,37
2020-11-19,US,Florida,Franklin,813,4,0,29.83791238,-84.82731662,12037.0,0.0,0.0,6705.154639175257,0.4920049200492005,809,809,4,0,805,809,11736,4,0,0,4,0
2020-11-19,US,Florida,Gadsden,3179,56,0,30.57796289,-84.61915825,12039.0,0.0,0.0,6962.330267192291,1.7615602390688896,3123,3156,56,0,3100,3150,45894,23,0,0,23,6
2020-11-19,US,Florida,Gilchrist,705,19,0,29.72856978,-82.79880657,12041.0,0.0,0.0,3793.994187923797,2.695035460992908,686,700,19,0,681,679,18256,5,0,0,5,21
2020-11-19,US,Florida,Glades,646,8,0,26.95635849,-81.18996211,12043.0,0.0,0.0,4677.431033234378,1.238390092879257,638,643,8,0,635,641,13724,3,0,0,3,2
2020-11-19,US,Florida,Gulf,1029,18,0,29.93543004,-85.24270990000002,12045.0,0.0,0.0,7544.5413886648585,1.749271137026239,1011,1024,18,0,1006,1021,16164,5,0,0,5,3
2020-11-19,US,Florida,Hamilton,952,11,0,30.49673973,-82.94998918,12047.0,0.0,0.0,6598.2811200443575,1.1554621848739497,941,950,11,0,939,940,14310,2,0,0,2,10
2020-11-19,US,Florida,Hardee,1713,18,0,27.49293939,-81.80956574,12049.0,0.0,0.0,6359.282770909901,1.0507880910683012,1695,1708,18,0,1690,1701,27245,5,0,0,5,7
2020-11-19,US,Florida,Hendry,2401,45,0,26.55386945,-81.16469006,12051.0,0.0,0.0,5713.673789919565,1.874219075385256,2356,2391,45,0,2346,2374,41556,10,0,0,10,17
2020-11-19,US,Florida,Hernando,4440,189,0,28.55364461,-82.42700204,12053.0,0.0,0.0,2289.6039603960394,4.256756756756757,4251,4366,187,0,4179,4312,190865,74,2,0,72,54
2020-11-19,US,Florida,Highlands,3372,133,0,27.34254618,-81.34071957,12055.0,0.0,0.0,3174.5135142768377,3.944246737841044,3239,3325,133,0,3192,3285,105424,47,0,0,47,40
2020-11-19,US,Florida,Hillsborough,54326,883,0,27.9276559,-82.32013172,12057.0,0.0,0.0,3690.7052327224505,1.625372749696278,53443,53900,877,0,53023,53432,1436888,426,6,0,420,468
2020-11-19,US,Florida,Holmes,1062,14,0,30.86747479,-85.81319222,12059.0,0.0,0.0,5413.6718152622725,1.3182674199623352,1048,1055,14,0,1041,1040,19477,7,0,0,7,15
2020-11-19,US,Florida,Indian River,4621,129,0,27.69308961,-80.60556721,12061.0,0.0,0.0,2889.515579372573,2.791603549015365,4492,4580,127,0,4453,4523,157413,41,2,0,39,57
2020-11-19,US,Florida,Jackson,3628,89,0,30.795459700000002,-85.21500423,12063.0,0.0,0.0,7816.607058215193,2.453142227122381,3539,3603,89,0,3514,3558,48305,25,0,0,25,45
2020-11-19,US,Florida,Jefferson,728,11,0,30.43669112,-83.89442308,12065.0,0.0,0.0,5110.206373718938,1.510989010989011,717,725,11,0,714,724,14288,3,0,0,3,1
2020-11-19,US,Florida,Lafayette,1294,19,0,29.98484137,-83.18166636,12067.0,0.0,0.0,15364.521491332223,1.4683153013910355,1275,1294,19,0,1275,1292,8732,0,0,0,0,2
2020-11-19,US,Florida,Lake,9872,243,0,28.76202069,-81.7125123,12069.0,0.0,0.0,2689.053655772804,2.4615072933549436,9629,9815,243,0,9572,9721,356495,57,0,0,57,94
2020-11-19,US,Florida,Lee,27275,553,0,26.58410348,-81.88399313,12071.0,0.0,0.0,3539.5554240523657,2.0274977085242902,26722,26989,549,0,26440,26702,754610,286,4,0,282,287
2020-11-19,US,Florida,Leon,13947,128,0,30.45955727,-84.27491114,12073.0,0.0,0.0,4750.631850726543,0.9177600917760091,13819,13799,127,0,13672,13678,292502,148,1,0,147,121
2020-11-19,US,Florida,Levy,1308,12,0,29.31829741,-82.74007147,12075.0,0.0,0.0,3151.579403898513,0.9174311926605504,1296,1284,12,0,1272,1270,40770,24,0,0,24,14
2020-11-19,US,Florida,Liberty,559,14,0,30.23766008,-84.8829258,12077.0,0.0,0.0,6691.405314819248,2.5044722719141324,545,558,14,0,544,557,8457,1,0,0,1,1
2020-11-19,US,Florida,Madison,1201,25,0,30.44396917,-83.47398594,12079.0,0.0,0.0,6494.349213215812,2.0815986677768525,1176,1193,25,0,1168,1187,18529,8,0,0,8,6
2020-11-19,US,Florida,Manatee,15343,363,0,27.47196942,-82.31831044,12081.0,0.0,0.0,3804.807403788689,2.365899758847683,14980,15147,362,0,14785,15040,394855,196,1,0,195,107
2020-11-19,US,Florida,Marion,12061,372,0,29.21227113,-82.05803627,12083.0,0.0,0.0,3299.150115296557,3.08432136638753,11689,11952,371,0,11581,11871,359977,109,1,0,108,81
2020-11-19,US,Florida,Martin,5862,170,0,27.0772071,-80.43109784,12085.0,0.0,0.0,3640.993788819876,2.900034118048448,5692,5828,170,0,5658,5779,160912,34,0,0,34,49
2020-11-19,US,Florida,Miami-Dade,209166,3738,0,25.6112362,-80.55170587,12086.0,0.0,0.0,7698.5873813923035,1.7870973293938786,205428,207221,3731,0,203490,205536,2761581,1945,7,0,1938,1685
2020-11-19,US,Florida,Monroe,2965,25,0,25.20904673,-81.07812416,12087.0,0.0,0.0,3994.449533868621,0.8431703204047217,2940,2892,25,0,2867,2854,75027,73,0,0,73,38
2020-11-19,US,Florida,Nassau,2837,53,0,30.61037141,-81.80297522,12089.0,0.0,0.0,3201.1283497884333,1.8681706027493832,2784,2819,53,0,2766,2786,85832,18,0,0,18,33
2020-11-19,US,Florida,Okaloosa,7980,139,0,30.69143028,-86.59267105,12091.0,0.0,0.0,3786.6924807106457,1.7418546365914789,7841,7864,139,0,7725,7757,207269,116,0,0,116,107
2020-11-19,US,Florida,Okeechobee,1926,43,0,27.386336199999995,-80.88944347,12093.0,0.0,0.0,4567.444507683552,2.232606438213915,1883,1905,43,0,1862,1888,41537,21,0,0,21,17
2020-11-19,US,Florida,Orange,53384,619,0,28.51367621,-81.31799498,12095.0,0.0,0.0,3831.0612780346937,1.1595234527199159,52765,52862,613,0,52249,52298,1380645,522,6,0,516,564
2020-11-19,US,Florida,Osceola,16693,238,0,28.06312234,-81.14882926,12097.0,0.0,0.0,4442.569680453279,1.4257473192356078,16455,16491,229,0,16262,16266,367990,202,9,0,193,225
2020-11-19,US,Florida,Palm Beach,60219,1644,0,26.64676272,-80.46536002,12099.0,0.0,0.0,4023.263427246671,2.7300353708962293,58575,59656,1641,0,58015,59154,1485941,563,3,0,560,502
2020-11-19,US,Florida,Pasco,13156,262,0,28.30810945,-82.40227529,12101.0,0.0,0.0,2374.9564489021514,1.9914867740954696,12894,12968,263,0,12705,12771,539630,188,0,0,189,197
2020-11-19,US,Florida,Pinellas,30006,866,0,27.93130349,-82.72239666,12103.0,0.0,0.0,3077.551087389077,2.8860894487769118,29140,29737,862,0,28875,29509,975280,269,4,0,265,228
2020-11-19,US,Florida,Polk,25897,656,0,27.95027105,-81.69732947,12105.0,0.0,0.0,3573.099035979343,2.5331119434683558,25241,25696,657,0,25039,25531,708009,201,0,0,202,165
2020-11-19,US,Florida,Putnam,2596,55,0,29.60779729,-81.74230285,12107.0,0.0,0.0,3483.5818091544666,2.1186440677966103,2541,2574,55,0,2519,2549,74163,22,0,0,22,25
2020-11-19,US,Florida,Santa Rosa,6839,96,0,30.69341450000001,-87.02458128,12113.0,0.0,0.0,3710.535881896557,1.4037139932738705,6743,6740,96,0,6644,6673,179349,99,0,0,99,67
2020-11-19,US,Florida,Sarasota,11905,371,0,27.18546175,-82.33174248,12115.0,0.0,0.0,2744.7192109595103,3.116337673246535,11534,11620,364,0,11256,11528,426718,285,7,0,278,92
2020-11-19,US,Florida,Seminole,11887,261,0,28.7158582,-81.24060348,12117.0,0.0,0.0,2519.360950859003,2.1956759485151847,11626,11786,259,0,11527,11666,467832,101,2,0,99,120
2020-11-19,US,Florida,St. Johns,7786,90,0,29.90096506,-81.43589967,12109.0,0.0,0.0,2941.7543223310363,1.1559208836372976,7696,7699,89,0,7610,7644,254261,87,1,0,86,55
2020-11-19,US,Florida,St. Lucie,10052,354,0,27.37763908,-80.47106649,12111.0,0.0,0.0,3061.8616679409192,3.5216872264226025,9698,9985,352,0,9633,9929,321128,67,2,0,65,56
2020-11-19,US,Florida,Sumter,3230,91,0,28.70181754,-82.0794267,12119.0,0.0,0.0,2439.208578764537,2.8173374613003097,3139,3212,91,0,3121,3184,128754,18,0,0,18,28
2020-11-19,US,Florida,Suwannee,3181,83,0,30.19746066,-82.99099670000003,12121.0,0.0,0.0,7161.672332665421,2.609242376611129,3098,3150,83,0,3067,3142,44191,31,0,0,31,8
2020-11-19,US,Florida,Taylor,1593,20,0,30.04848048,-83.60445406,12123.0,0.0,0.0,7385.599703277851,1.2554927809165095,1573,1586,20,0,1566,1583,21623,7,0,0,7,3
2020-11-19,US,Florida,Unassigned,2184,0,0,0.0,0.0,90012.0,0.0,0.0,0.0,0.0,2184,2160,0,0,2160,2141,,24,0,0,24,19
2020-11-19,US,Florida,Union,1201,57,0,30.04412971,-82.37497443,12125.0,0.0,0.0,7882.129028023889,4.746044962531224,1144,1199,53,0,1146,1197,14940,2,4,0,-2,2
2020-11-19,US,Florida,Volusia,14681,351,0,29.05858895,-81.18263252,12127.0,0.0,0.0,2653.4293418931325,2.3908453102649685,14330,14563,350,0,14213,14460,547538,118,1,0,117,103
2020-11-19,US,Florida,Wakulla,1518,12,0,30.16548905,-84.39895211,12129.0,0.0,0.0,4499.244198109013,0.7905138339920948,1506,1502,12,0,1490,1493,32461,16,0,0,16,9
2020-11-19,US,Florida,Walton,3368,35,0,30.64204028,-86.16935664,12131.0,0.0,0.0,4546.988700031051,1.0391923990498813,3333,3333,34,0,3299,3304,71375,35,1,0,34,29
2020-11-19,US,Florida,Washington,1428,24,0,30.61359259,-85.66002461,12133.0,0.0,0.0,5605.93569661995,1.680672268907563,1404,1417,24,0,1393,1410,24880,11,0,0,11,7
2020-11-19,US,Georgia,Appling,1309,39,0,31.74847232,-82.28909114,13001.0,0.0,0.0,7119.547481779616,2.979373567608861,1270,1306,39,0,1267,1305,18507,3,0,0,3,1
2020-11-19,US,Georgia,Atkinson,569,8,0,31.29633502,-82.87545866,13003.0,0.0,0.0,6968.7691365584815,1.40597539543058,561,567,8,0,559,568,8297,2,0,0,2,0
2020-11-19,US,Georgia,Bacon,743,22,0,31.55456473,-82.45936528,13005.0,0.0,0.0,6655.320673593694,2.960969044414536,721,742,22,0,720,743,11185,1,0,0,1,0
2020-11-19,US,Georgia,Baker,120,6,0,31.32669878,-84.44218806,13007.0,0.0,0.0,3949.9670836076366,5.0,114,120,6,0,114,120,3092,0,0,0,0,0
2020-11-19,US,Georgia,Baldwin,2578,69,0,33.06882326,-83.24701748,13009.0,0.0,0.0,5742.927155268434,2.676493405740884,2509,2573,69,0,2504,2559,44823,5,0,0,5,14
2020-11-19,US,Georgia,Banks,702,12,0,34.35607081,-83.49644388,13011.0,0.0,0.0,3649.786835811584,1.709401709401709,690,684,11,0,673,677,18988,18,1,0,17,7
2020-11-19,US,Georgia,Barrow,3171,56,0,33.99148694,-83.71436292,13013.0,0.0,0.0,3809.4666025949055,1.7660044150110374,3115,3133,56,0,3077,3110,80809,38,0,0,38,23
2020-11-19,US,Georgia,Bartow,4720,105,0,34.23732119,-84.83887523,13015.0,0.0,0.0,4380.998347843844,2.2245762711864407,4615,4670,105,0,4565,4609,106408,50,0,0,50,61
2020-11-19,US,Georgia,Ben Hill,978,38,0,31.76095874,-83.22145359,13017.0,0.0,0.0,5856.2874251497005,3.8854805725971366,940,974,38,0,936,973,16787,4,0,0,4,1
2020-11-19,US,Georgia,Berrien,646,27,0,31.27590016,-83.22529920000002,13019.0,0.0,0.0,3330.4119193689744,4.1795665634674934,619,641,27,0,614,636,19252,5,0,0,5,5
2020-11-19,US,Georgia,Bibb,7324,228,0,32.80904227,-83.70489165,13021.0,0.0,0.0,4781.958618168048,3.113052976515565,7096,7304,228,0,7076,7255,153095,20,0,0,20,49
2020-11-19,US,Georgia,Bleckley,696,30,0,32.43829035,-83.33035166,13023.0,0.0,0.0,5406.665113027267,4.310344827586206,666,695,31,0,664,693,12838,1,0,0,2,2
2020-11-19,US,Georgia,Brantley,746,16,0,31.19576557,-81.97743999,13025.0,0.0,0.0,3903.919619027683,2.1447721179624666,730,734,15,0,719,731,18897,12,1,0,11,3
2020-11-19,US,Georgia,Brooks,623,30,0,30.83922642,-83.58303423,13027.0,0.0,0.0,4030.5363265834253,4.815409309791332,593,620,30,0,590,617,15513,3,0,0,3,3
2020-11-19,US,Georgia,Bryan,1438,17,0,32.00979311,-81.44002948,13029.0,0.0,0.0,3628.8389229565705,1.1821974965229485,1421,1422,17,0,1405,1415,38109,16,0,0,16,7
2020-11-19,US,Georgia,Bulloch,3666,52,0,32.39577406,-81.74811421,13031.0,0.0,0.0,4605.0648176062705,1.4184397163120568,3614,3649,51,0,3598,3644,77296,17,1,0,16,5
2020-11-19,US,Georgia,Burke,1185,14,0,33.05917989,-81.99928721,13033.0,0.0,0.0,5294.196488406379,1.181434599156118,1171,1181,14,0,1167,1176,22423,4,0,0,4,5
2020-11-19,US,Georgia,Butts,984,46,0,33.283094500000004,-83.95435040000002,13035.0,0.0,0.0,3946.102021174206,4.674796747967481,938,978,46,0,932,979,24193,6,0,0,6,0
2020-11-19,US,Georgia,Calhoun,294,10,0,31.53169785,-84.62725131,13037.0,0.0,0.0,4750.363548230732,3.4013605442176873,284,295,10,0,285,293,6352,0,0,0,-1,2
2020-11-19,US,Georgia,Camden,1699,20,0,30.92951916,-81.66601818,13039.0,0.0,0.0,3107.9647312772113,1.1771630370806356,1679,1677,20,0,1657,1664,53677,22,0,0,22,13
2020-11-19,US,Georgia,Candler,603,29,0,32.40209349,-82.07702563,13043.0,0.0,0.0,5581.782838100527,4.8092868988391375,574,602,29,0,573,602,10836,1,0,0,1,0
2020-11-19,US,Georgia,Carroll,5080,90,0,33.58138199,-85.07976677,13045.0,0.0,0.0,4233.6155743716245,1.7716535433070866,4990,5014,90,0,4924,4976,118121,66,0,0,66,38
2020-11-19,US,Georgia,Catoosa,1859,27,0,34.89872298,-85.13757014,13047.0,0.0,0.0,2750.8138502515526,1.4523937600860677,1832,1836,26,0,1810,1805,67420,23,1,0,22,31
2020-11-19,US,Georgia,Charlton,772,17,0,30.78371028,-82.13951596,13049.0,0.0,0.0,5764.635603345281,2.2020725388601035,755,767,17,0,750,760,12968,5,0,0,5,7
2020-11-19,US,Georgia,Chatham,10411,206,0,32.00043026,-81.12489526,13051.0,0.0,0.0,3597.070103306499,1.978676399961579,10205,10324,204,0,10120,10285,289195,87,2,0,85,39
2020-11-19,US,Georgia,Chattahoochee,1942,3,0,32.34341231,-84.78809239,13053.0,0.0,0.0,17805.079306867152,0.15447991761071062,1939,1933,3,0,1930,1933,10684,9,0,0,9,0
2020-11-19,US,Georgia,Chattooga,1175,32,0,34.47197698,-85.34535662,13055.0,0.0,0.0,4740.005647666304,2.723404255319149,1143,1169,32,0,1137,1166,24790,6,0,0,6,3
2020-11-19,US,Georgia,Cherokee,9515,116,0,34.24393976,-84.47431861,13057.0,0.0,0.0,3676.9678444041688,1.2191276931161323,9399,9401,114,0,9287,9303,254149,114,2,0,112,98
2020-11-19,US,Georgia,Clarke,7560,52,0,33.95436462,-83.37124007,13059.0,0.0,0.0,5891.016200294551,0.6878306878306878,7508,7520,52,0,7468,7477,127330,40,0,0,40,43
2020-11-19,US,Georgia,Clay,147,3,0,31.62221166,-84.97713865,13061.0,0.0,0.0,5187.014820042343,2.0408163265306123,144,145,3,0,142,144,2887,2,0,0,2,1
2020-11-19,US,Georgia,Clayton,9895,194,0,33.54187245,-84.35594188,13063.0,0.0,0.0,3385.7303186247673,1.9605861546235472,9701,9819,195,0,9624,9741,289615,76,0,0,77,78
2020-11-19,US,Georgia,Clinch,527,13,0,30.91395822,-82.70432472,13065.0,0.0,0.0,7963.130855243277,2.4667931688804554,514,527,13,0,514,527,6648,0,0,0,0,0
2020-11-19,US,Georgia,Cobb,27641,499,0,33.94243204,-84.5761255,13067.0,0.0,0.0,3636.299055043735,1.8052892442386308,27142,27415,500,0,26915,27152,756865,226,0,0,227,263
2020-11-19,US,Georgia,Coffee,2780,73,0,31.54892966,-82.85492059999999,13069.0,0.0,0.0,6424.329258429044,2.62589928057554,2707,2758,72,0,2686,2741,43093,22,1,0,21,17
2020-11-19,US,Georgia,Colquitt,2588,47,0,31.18810588,-83.7677946,13071.0,0.0,0.0,5675.438596491228,1.8160741885625968,2541,2587,47,0,2540,2576,45592,1,0,0,1,11
2020-11-19,US,Georgia,Columbia,6000,75,0,33.54534185,-82.263524,13073.0,0.0,0.0,3828.630498870554,1.25,5925,5914,75,0,5839,5874,154291,86,0,0,86,40
2020-11-19,US,Georgia,Cook,812,17,0,31.16068491,-83.42947229,13075.0,0.0,0.0,4701.795020266358,2.0935960591133007,795,802,17,0,785,793,17162,10,0,0,10,9
2020-11-19,US,Georgia,Coweta,4689,70,0,33.35334302,-84.76129976,13077.0,0.0,0.0,3157.384400945397,1.4928556195350822,4619,4622,69,0,4553,4565,145864,67,1,0,66,57
2020-11-19,US,Georgia,Crawford,238,6,0,32.71391813,-83.98061238,13079.0,0.0,0.0,1918.735891647856,2.5210084033613445,232,236,6,0,230,234,12318,2,0,0,2,2
2020-11-19,US,Georgia,Crisp,901,32,0,31.92289565,-83.76811843,13081.0,0.0,0.0,4027.355623100304,3.5516093229744734,869,894,32,0,862,890,22601,7,0,0,7,4
2020-11-19,US,Georgia,Dade,468,7,0,34.854916700000004,-85.50490424,13083.0,0.0,0.0,2903.946388682055,1.4957264957264955,461,464,7,0,457,458,16226,4,0,0,4,6
2020-11-19,US,Georgia,Dawson,1062,11,0,34.44244079,-84.16964071,13085.0,0.0,0.0,4067.71870690976,1.0357815442561205,1051,1047,11,0,1036,1029,25083,15,0,0,15,18
2020-11-19,US,Georgia,DeKalb,25674,445,0,33.76944049,-84.22396017,13089.0,0.0,0.0,3381.285583901951,1.733271013476669,25229,25468,445,0,25023,25243,756558,206,0,0,206,225
2020-11-19,US,Georgia,Decatur,1551,46,0,30.87967778,-84.57619536,13087.0,0.0,0.0,5874.1099833358585,2.9658284977433915,1505,1540,45,0,1495,1534,26575,11,1,0,10,6
2020-11-19,US,Georgia,Dodge,1042,47,0,32.17265114,-83.16948926,13091.0,0.0,0.0,5057.024993933512,4.510556621880999,995,1039,43,0,996,1030,20705,3,4,0,-1,9
2020-11-19,US,Georgia,Dooly,464,19,0,32.15630737,-83.79746561,13093.0,0.0,0.0,3465.2725914861835,4.094827586206897,445,459,19,0,440,456,13706,5,0,0,5,3
2020-11-19,US,Georgia,Dougherty,3628,203,0,31.53328528,-84.21722377,13095.0,0.0,0.0,4124.789667561054,5.595369349503858,3425,3613,202,0,3411,3598,91243,15,1,0,14,15
2020-11-19,US,Georgia,Douglas,5195,85,0,33.70291126,-84.77026156,13097.0,0.0,0.0,3549.879392933041,1.6361886429258905,5110,5158,84,0,5074,5100,145331,37,1,0,36,58
2020-11-19,US,Georgia,Early,641,36,0,31.32155345,-84.90255207,13099.0,0.0,0.0,6290.480863591757,5.616224648985959,605,638,36,0,602,637,10247,3,0,0,3,1
2020-11-19,US,Georgia,Echols,268,2,0,30.71101099,-82.89687287,13101.0,0.0,0.0,6689.9650524213685,0.746268656716418,266,268,2,0,266,267,4000,0,0,0,0,1
2020-11-19,US,Georgia,Effingham,2109,31,0,32.36616021,-81.34280942,13103.0,0.0,0.0,3280.1418439716313,1.4698909435751542,2078,2091,30,0,2061,2071,62190,18,1,0,17,20
2020-11-19,US,Georgia,Elbert,1083,19,0,34.11302332,-82.83936148,13105.0,0.0,0.0,5642.388246326977,1.7543859649122806,1064,1074,19,0,1055,1063,19120,9,0,0,9,11
2020-11-19,US,Georgia,Emanuel,1405,47,0,32.59221302,-82.30239915,13107.0,0.0,0.0,6204.186169743,3.3451957295373664,1358,1400,47,0,1353,1398,22612,5,0,0,5,2
2020-11-19,US,Georgia,Evans,540,12,0,32.15328841,-81.8870105,13109.0,0.0,0.0,5068.518866153558,2.2222222222222223,528,536,12,0,524,536,10721,4,0,0,4,0
2020-11-19,US,Georgia,Fannin,968,36,0,34.86430205,-84.316964,13111.0,0.0,0.0,3696.349473041089,3.71900826446281,932,960,36,0,924,950,25964,8,0,0,8,10
2020-11-19,US,Georgia,Fayette,2855,62,0,33.41357794,-84.49089434,13113.0,0.0,0.0,2495.17134092518,2.171628721541156,2793,2820,62,0,2758,2803,113459,35,0,0,35,17
2020-11-19,US,Georgia,Floyd,5166,73,0,34.26268279,-85.21577392,13115.0,0.0,0.0,5244.7765436861655,1.4130855594270229,5093,5098,71,0,5027,5035,97927,68,2,0,66,63
2020-11-19,US,Georgia,Forsyth,6183,61,0,34.22604035,-84.12315129999998,13117.0,0.0,0.0,2531.401994661252,0.9865760957464014,6122,6116,58,0,6058,6026,236612,67,3,0,64,90
2020-11-19,US,Georgia,Franklin,1150,20,0,34.37525597,-83.23159927,13119.0,0.0,0.0,4925.264465287592,1.7391304347826086,1130,1132,20,0,1112,1120,23023,18,0,0,18,12
2020-11-19,US,Georgia,Fulton,37638,679,0,33.79216944,-84.46319413,13121.0,0.0,0.0,3537.615479112015,1.8040278442000104,36959,37381,679,0,36702,37154,1050114,257,0,0,257,227
2020-11-19,US,Georgia,Gilmer,1214,31,0,34.69316688,-84.45802506,13123.0,0.0,0.0,3870.062800854346,2.5535420098846786,1183,1201,30,0,1171,1194,30816,13,1,0,12,7
2020-11-19,US,Georgia,Glascock,78,2,0,33.22879932,-82.61297636,13125.0,0.0,0.0,2625.3786603837093,2.5641025641025643,76,76,2,0,74,75,2995,2,0,0,2,1
2020-11-19,US,Georgia,Glynn,4134,116,0,31.23279254,-81.53811412,13127.0,0.0,0.0,4846.878956994794,2.805999032414127,4018,4125,116,0,4009,4105,85219,9,0,0,9,20
2020-11-19,US,Georgia,Gordon,3219,60,0,34.50487351,-84.87296253,13129.0,0.0,0.0,5553.54277728896,1.863932898415657,3159,3165,59,0,3106,3126,57685,54,1,0,53,39
2020-11-19,US,Georgia,Grady,969,30,0,30.87454847,-84.23418364,13131.0,0.0,0.0,3933.747412008281,3.095975232198142,939,968,30,0,938,968,24748,1,0,0,1,0
2020-11-19,US,Georgia,Greene,695,28,0,33.5769205,-83.17139104,13133.0,0.0,0.0,3792.839991268281,4.028776978417266,667,689,28,0,661,687,17698,6,0,0,6,2
2020-11-19,US,Georgia,Gwinnett,36973,502,0,33.96044201,-84.02137802,13135.0,0.0,0.0,3949.0520694259008,1.3577475455061805,36471,36713,500,0,36213,36485,927781,260,2,0,258,228
2020-11-19,US,Georgia,Habersham,2135,79,0,34.63331566,-83.53094677,13137.0,0.0,0.0,4710.112954465229,3.700234192037471,2056,2094,78,0,2016,2080,45388,41,1,0,40,14
2020-11-19,US,Georgia,Hall,11974,196,0,34.32207823,-83.81896936,13139.0,0.0,0.0,5856.946502903038,1.6368799064640054,11778,11913,196,0,11717,11834,202148,61,0,0,61,79
2020-11-19,US,Georgia,Hancock,461,45,0,33.2721566,-82.99766919,13141.0,0.0,0.0,5451.105592999882,9.761388286334057,416,453,45,0,408,447,8348,8,0,0,8,6
2020-11-19,US,Georgia,Haralson,1206,21,0,33.79602175,-85.21005667,13143.0,0.0,0.0,4048.0665950590774,1.7412935323383083,1185,1180,20,0,1160,1163,29533,26,1,0,25,17
2020-11-19,US,Georgia,Harris,986,27,0,32.73709786,-84.90538572,13145.0,0.0,0.0,2798.2744919968213,2.738336713995943,959,977,27,0,950,972,34475,9,0,0,9,5
2020-11-19,US,Georgia,Hart,753,25,0,34.34626973,-82.96567682,13147.0,0.0,0.0,2873.4974241556956,3.3200531208499338,728,737,25,0,712,727,26099,16,0,0,16,10
2020-11-19,US,Georgia,Heard,342,7,0,33.29686567,-85.12886832,13149.0,0.0,0.0,2868.405602616791,2.046783625730994,335,340,7,0,333,338,11879,2,0,0,2,2
2020-11-19,US,Georgia,Henry,7972,131,0,33.4533428,-84.14814659999998,13151.0,0.0,0.0,3398.689466705889,1.6432513798294028,7841,7908,131,0,7777,7847,230220,64,0,0,64,61
2020-11-19,US,Georgia,Houston,4512,103,0,32.45802497,-83.66879087,13153.0,0.0,0.0,2858.174493073108,2.2828014184397163,4409,4486,103,0,4383,4457,155469,26,0,0,26,29
2020-11-19,US,Georgia,Irwin,418,11,0,31.60213036,-83.27501387,13155.0,0.0,0.0,4439.252336448598,2.631578947368421,407,410,12,0,398,405,9398,8,0,0,9,5
2020-11-19,US,Georgia,Jackson,3073,51,0,34.13794553,-83.56814788,13157.0,0.0,0.0,4210.9157679816935,1.6596160104132769,3022,3045,52,0,2993,3024,70422,28,0,0,29,21
2020-11-19,US,Georgia,Jasper,430,6,0,33.31535543,-83.68844964,13159.0,0.0,0.0,3024.1226527885224,1.3953488372093024,424,421,6,0,415,414,14040,9,0,0,9,7
2020-11-19,US,Georgia,Jeff Davis,940,31,0,31.80405727,-82.63724870000001,13161.0,0.0,0.0,6218.987760502811,3.2978723404255317,909,941,31,0,910,937,15029,0,0,0,-1,4
2020-11-19,US,Georgia,Jefferson,970,40,0,33.05867328,-82.41609057,13163.0,0.0,0.0,6314.281994531962,4.123711340206185,930,961,40,0,921,956,15430,9,0,0,9,5
2020-11-19,US,Georgia,Jenkins,496,34,0,32.79248718,-81.96040187,13165.0,0.0,0.0,5716.920239741817,6.854838709677418,462,495,33,0,462,495,8683,1,1,0,0,0
2020-11-19,US,Georgia,Johnson,519,29,0,32.70211082,-82.66166794,13167.0,0.0,0.0,5382.142486777973,5.5876685934489405,490,515,29,0,486,514,9708,4,0,0,4,1
2020-11-19,US,Georgia,Jones,753,18,0,33.02512137,-83.56019163,13169.0,0.0,0.0,2620.497650948321,2.3904382470119523,735,748,18,0,730,740,28616,5,0,0,5,8
2020-11-19,US,Georgia,Lamar,620,26,0,33.07841647,-84.14263877,13171.0,0.0,0.0,3249.9868952141333,4.193548387096774,594,612,25,0,587,611,19000,8,1,0,7,1
2020-11-19,US,Georgia,Lanier,384,10,0,31.03828570000001,-83.06472457,13173.0,0.0,0.0,3684.1600307013337,2.6041666666666665,374,384,10,0,374,383,10340,0,0,0,0,1
2020-11-19,US,Georgia,Laurens,2511,112,0,32.46325233,-82.92221316,13175.0,0.0,0.0,5281.201362890673,4.460374352847472,2399,2505,110,0,2395,2499,47325,6,2,0,4,6
2020-11-19,US,Georgia,Lee,893,33,0,31.779330600000005,-84.14324253,13177.0,0.0,0.0,2977.4606561749797,3.695408734602464,860,888,33,0,855,873,29764,5,0,0,5,15
2020-11-19,US,Georgia,Liberty,1477,28,0,31.82588896,-81.49251135,13179.0,0.0,0.0,2404.167005778465,1.895734597156398,1449,1462,28,0,1434,1455,61497,15,0,0,15,7
2020-11-19,US,Georgia,Lincoln,297,10,0,33.79201475,-82.45024131,13181.0,0.0,0.0,3749.5265749274076,3.3670033670033668,287,295,10,0,285,292,7915,2,0,0,2,3
2020-11-19,US,Georgia,Long,319,5,0,31.75218791,-81.74952375,13183.0,0.0,0.0,1630.9627281558362,1.567398119122257,314,315,5,0,310,314,18998,4,0,0,4,1
2020-11-19,US,Georgia,Lowndes,5940,124,0,30.83568832,-83.27056716,13185.0,0.0,0.0,5059.36664224997,2.087542087542088,5816,5889,123,0,5766,5821,116321,51,1,0,50,68
2020-11-19,US,Georgia,Lumpkin,1216,20,0,34.57286511,-84.00425681,13187.0,0.0,0.0,3617.970842011306,1.6447368421052633,1196,1203,20,0,1183,1189,32955,13,0,0,13,14
2020-11-19,US,Georgia,Macon,321,15,0,32.35207048,-84.04234127,13193.0,0.0,0.0,2479.3388429752067,4.672897196261682,306,317,15,0,302,312,13143,4,0,0,4,5
2020-11-19,US,Georgia,Madison,1036,18,0,34.12920917,-83.21218732,13195.0,0.0,0.0,3467.202141900937,1.7374517374517375,1018,1018,17,0,1001,1014,29650,18,1,0,17,4
2020-11-19,US,Georgia,Marion,240,10,0,32.3483402,-84.52733571,13197.0,0.0,0.0,2871.156836942218,4.166666666666667,230,240,10,0,230,240,8351,0,0,0,0,0
2020-11-19,US,Georgia,McDuffie,900,20,0,33.47851918,-82.48252774,13189.0,0.0,0.0,4222.972972972973,2.2222222222222223,880,893,20,0,873,877,21531,7,0,0,7,16
2020-11-19,US,Georgia,McIntosh,358,8,0,31.49683595,-81.40163426,13191.0,0.0,0.0,2489.915148142997,2.23463687150838,350,357,8,0,349,357,14340,1,0,0,1,0
2020-11-19,US,Georgia,Meriwether,749,19,0,33.04163534,-84.68859732,13199.0,0.0,0.0,3538.5269523314587,2.5367156208277706,730,748,19,0,729,747,21068,1,0,0,1,1
2020-11-19,US,Georgia,Miller,401,3,0,31.16568912,-84.73151117,13201.0,0.0,0.0,7012.941587967821,0.7481296758104738,398,401,3,0,398,401,5686,0,0,0,0,0
2020-11-19,US,Georgia,Mitchell,948,48,0,31.22483255,-84.19381821,13205.0,0.0,0.0,4336.092942414124,5.063291139240507,900,947,48,0,899,943,22192,1,0,0,1,4
2020-11-19,US,Georgia,Monroe,988,61,0,33.014289,-83.92097166,13207.0,0.0,0.0,3582.5658133294646,6.174089068825912,927,978,61,0,917,968,27520,10,0,0,10,10
2020-11-19,US,Georgia,Montgomery,417,10,0,32.17201038,-82.53527476,13209.0,0.0,0.0,4546.445704317488,2.3980815347721824,407,415,10,0,405,412,9193,2,0,0,2,3
2020-11-19,US,Georgia,Morgan,776,8,0,33.59232073,-83.49129491,13211.0,0.0,0.0,4025.7314795600746,1.0309278350515465,768,772,8,0,764,762,18853,4,0,0,4,10
2020-11-19,US,Georgia,Murray,1535,20,0,34.78897608,-84.74993177,13213.0,0.0,0.0,3828.312051077415,1.3029315960912051,1515,1492,18,0,1474,1440,39921,43,2,0,41,52
2020-11-19,US,Georgia,Muscogee,7051,189,0,32.50931999,-84.87142262,13215.0,0.0,0.0,3601.6938330379166,2.680470855197844,6862,7002,188,0,6814,6982,194160,49,1,0,48,20
2020-11-19,US,Georgia,Newton,3597,108,0,33.55514538,-83.84547140000002,13217.0,0.0,0.0,3218.9647766323023,3.0025020850708923,3489,3569,108,0,3461,3544,109541,28,0,0,28,25
2020-11-19,US,Georgia,Oconee,1281,33,0,33.83749973,-83.43679568,13219.0,0.0,0.0,3180.238331678252,2.5761124121779857,1248,1274,34,0,1240,1269,39272,7,0,0,8,5
2020-11-19,US,Georgia,Oglethorpe,521,14,0,33.878629600000004,-83.08278123,13221.0,0.0,0.0,3414.3783996330035,2.687140115163148,507,514,14,0,500,513,15054,7,0,0,7,1
2020-11-19,US,Georgia,Out of GA,16822,235,0,0.0,0.0,80013.0,0.0,0.0,0.0,1.3969801450481512,16587,16845,232,0,16613,16797,,0,3,0,-26,48
2020-11-19,US,Georgia,Paulding,4494,73,0,33.91969522,-84.86848792,13223.0,0.0,0.0,2664.421611814997,1.6243880729862041,4421,4426,73,0,4353,4372,164044,68,0,0,68,54
2020-11-19,US,Georgia,Peach,999,27,0,32.56934316,-83.82937,13225.0,0.0,0.0,3626.660858200829,2.702702702702702,972,992,27,0,965,986,27297,7,0,0,7,6
2020-11-19,US,Georgia,Pickens,1035,15,0,34.46589159,-84.46406611,13227.0,0.0,0.0,3175.7233592095977,1.4492753623188406,1020,1031,15,0,1016,1017,31980,4,0,0,4,14
2020-11-19,US,Georgia,Pierce,1182,29,0,31.35928155,-82.21598442,13229.0,0.0,0.0,6072.437708707937,2.45346869712352,1153,1178,29,0,1149,1174,19389,4,0,0,4,4
2020-11-19,US,Georgia,Pike,729,16,0,33.09310242,-84.38790389,13231.0,0.0,0.0,3844.5311675983535,2.194787379972565,713,719,16,0,703,718,18634,10,0,0,10,1
2020-11-19,US,Georgia,Polk,2238,33,0,34.00267074,-85.18677781,13233.0,0.0,0.0,5251.918428648534,1.4745308310991958,2205,2205,33,0,2172,2180,42470,33,0,0,33,25
2020-11-19,US,Georgia,Pulaski,432,24,0,32.23334561,-83.47549959999998,13235.0,0.0,0.0,3878.9620184969012,5.5555555555555545,408,429,24,0,405,428,11069,3,0,0,3,1
2020-11-19,US,Georgia,Putnam,952,28,0,33.32056115,-83.37552891,13237.0,0.0,0.0,4303.992043039922,2.9411764705882355,924,948,28,0,920,946,21809,4,0,0,4,2
2020-11-19,US,Georgia,Quitman,76,1,0,31.86728114,-85.01773177,13239.0,0.0,0.0,3305.785123966942,1.3157894736842106,75,75,1,0,74,74,2279,1,0,0,1,1
2020-11-19,US,Georgia,Rabun,528,11,0,34.88389445,-83.40304637,13241.0,0.0,0.0,3081.052693003443,2.083333333333333,517,518,11,0,507,511,16867,10,0,0,10,7
2020-11-19,US,Georgia,Randolph,364,30,0,31.76622818,-84.75732369,13243.0,0.0,0.0,5370.3157273532015,8.241758241758241,334,364,30,0,334,364,6833,0,0,0,0,0
2020-11-19,US,Georgia,Richmond,9645,211,0,33.35777107,-82.07026432,13245.0,0.0,0.0,4762.539626107309,2.187662001036806,9434,9514,212,0,9302,9468,201554,131,0,0,132,46
2020-11-19,US,Georgia,Rockdale,2555,48,0,33.65145002,-84.02202167,13247.0,0.0,0.0,2810.9047702869207,1.8786692759295496,2507,2531,48,0,2483,2518,90594,24,0,0,24,13
2020-11-19,US,Georgia,Schley,156,2,0,32.2654021,-84.31258912,13249.0,0.0,0.0,2967.4719421723407,1.2820512820512822,154,156,2,0,154,154,5236,0,0,0,0,2
2020-11-19,US,Georgia,Screven,494,12,0,32.74976524,-81.60779441,13251.0,0.0,0.0,3537.161678361735,2.42914979757085,482,493,12,0,481,492,13938,1,0,0,1,1
2020-11-19,US,Georgia,Seminole,500,12,0,30.93464824,-84.86823924,13253.0,0.0,0.0,6180.469715698394,2.4,488,499,12,0,487,496,8315,1,0,0,1,3
2020-11-19,US,Georgia,Spalding,2187,75,0,33.26310031,-84.28013991,13255.0,0.0,0.0,3278.713101359759,3.4293552812071337,2112,2165,74,0,2091,2152,66100,22,1,0,21,13
2020-11-19,US,Georgia,Stephens,1412,47,0,34.55151201,-83.29405315,13257.0,0.0,0.0,5446.480231436837,3.328611898016997,1365,1407,47,0,1360,1398,26035,5,0,0,5,9
2020-11-19,US,Georgia,Stewart,617,17,0,32.07996777,-84.83208037,13259.0,0.0,0.0,9318.834012988977,2.7552674230145873,600,617,17,0,600,617,6199,0,0,0,0,0
2020-11-19,US,Georgia,Sumter,1188,71,0,32.03650571,-84.19821492,13261.0,0.0,0.0,4023.845007451565,5.9764309764309775,1117,1186,71,0,1115,1183,29733,2,0,0,2,3
2020-11-19,US,Georgia,Talbot,224,8,0,32.69642758,-84.53351366,13263.0,0.0,0.0,3615.819209039548,3.571428571428572,216,223,8,0,215,224,6272,1,0,0,1,0
2020-11-19,US,Georgia,Taliaferro,38,0,0,33.56543317,-82.88136816,13265.0,0.0,0.0,2472.3487312947304,0.0,38,37,0,0,37,37,1608,1,0,0,1,0
2020-11-19,US,Georgia,Tattnall,1052,25,0,32.04785085,-82.05539188,13267.0,0.0,0.0,4160.404967175512,2.376425855513308,1027,1050,24,0,1026,1049,25391,2,1,0,1,1
2020-11-19,US,Georgia,Taylor,330,13,0,32.55792548,-84.25077141,13269.0,0.0,0.0,4114.713216957606,3.939393939393939,317,324,13,0,311,322,8039,6,0,0,6,2
2020-11-19,US,Georgia,Telfair,640,28,0,31.92829517,-82.93491155,13271.0,0.0,0.0,4035.30895334174,4.375,612,640,28,0,612,639,15876,0,0,0,0,1
2020-11-19,US,Georgia,Terrell,388,33,0,31.77527543,-84.44069698,13273.0,0.0,0.0,4548.118626186848,8.505154639175258,355,389,33,0,356,387,8611,0,0,0,-1,2
2020-11-19,US,Georgia,Thomas,1850,81,0,30.86392347,-83.91847289,13275.0,0.0,0.0,4161.886121797035,4.378378378378378,1769,1844,78,0,1766,1837,44448,6,3,0,3,7
2020-11-19,US,Georgia,Tift,2340,75,0,31.45743864,-83.5236119,13277.0,0.0,0.0,5757.3073516386185,3.2051282051282053,2265,2316,75,0,2241,2299,40571,24,0,0,24,17
2020-11-19,US,Georgia,Toombs,1655,62,0,32.12059861,-82.32957247,13279.0,0.0,0.0,6168.468132687292,3.7462235649546822,1593,1648,62,0,1586,1637,26887,7,0,0,7,11
2020-11-19,US,Georgia,Towns,540,24,0,34.91369188,-83.74107459999998,13281.0,0.0,0.0,4486.167649746614,4.4444444444444455,516,539,24,0,515,536,11852,1,0,0,1,3
2020-11-19,US,Georgia,Treutlen,378,14,0,32.40422134,-82.56904553,13283.0,0.0,0.0,5477.467033763222,3.703703703703704,364,379,14,0,365,377,6809,0,0,0,-1,2
2020-11-19,US,Georgia,Troup,3775,117,0,33.03349196,-85.02812115,13285.0,0.0,0.0,5398.8730299476565,3.0993377483443707,3658,3756,117,0,3639,3741,70034,19,0,0,19,15
2020-11-19,US,Georgia,Turner,423,26,0,31.71612656,-83.62069378,13287.0,0.0,0.0,5297.432686286787,6.1465721040189125,397,415,26,0,389,410,7912,8,0,0,8,5
2020-11-19,US,Georgia,Twiggs,248,14,0,32.67435595,-83.43078662,13289.0,0.0,0.0,3054.1871921182264,5.645161290322582,234,246,14,0,232,244,8188,2,0,0,2,2
2020-11-19,US,Georgia,Unassigned,2458,2,0,0.0,0.0,90013.0,0.0,0.0,0.0,0.08136696501220504,2456,2497,3,0,2494,2443,,0,0,0,-38,54
2020-11-19,US,Georgia,Union,1027,33,0,34.82995757,-83.98967069,13291.0,0.0,0.0,4189.955530170128,3.2132424537487827,994,1023,32,0,991,1014,24001,4,1,0,3,9
2020-11-19,US,Georgia,Upson,1437,77,0,32.87920671,-84.30024826,13293.0,0.0,0.0,5459.726443768997,5.35838552540014,1360,1429,77,0,1352,1408,26215,8,0,0,8,21
2020-11-19,US,Georgia,Walker,2399,50,0,34.73376362,-85.30165174,13295.0,0.0,0.0,3438.884190306905,2.084201750729471,2349,2361,51,0,2310,2324,69410,38,0,0,39,37
2020-11-19,US,Georgia,Walton,3008,78,0,33.78017694,-83.73552314,13297.0,0.0,0.0,3179.939318977092,2.5930851063829787,2930,2979,78,0,2901,2959,93503,29,0,0,29,20
2020-11-19,US,Georgia,Ware,2537,77,0,31.05449097,-82.42224148,13299.0,0.0,0.0,7099.680976101192,3.0350808040993305,2460,2523,78,0,2445,2505,35680,14,0,0,15,18
2020-11-19,US,Georgia,Warren,208,8,0,33.41146451,-82.67795848,13301.0,0.0,0.0,3958.88846593072,3.8461538461538463,200,207,8,0,199,204,5251,1,0,0,1,3
2020-11-19,US,Georgia,Washington,1034,23,0,32.96711864,-82.79357039,13303.0,0.0,0.0,5075.095710218907,2.224371373307544,1011,1028,22,0,1006,1025,20386,6,1,0,5,3
2020-11-19,US,Georgia,Wayne,1536,45,0,31.5521809,-81.91894878,13305.0,0.0,0.0,5132.489056704648,2.9296875,1491,1525,45,0,1480,1520,29808,11,0,0,11,5
2020-11-19,US,Georgia,Webster,60,2,0,32.04066113,-84.54742852,13307.0,0.0,0.0,2301.4959723820484,3.333333333333333,58,60,2,0,58,59,2611,0,0,0,0,1
2020-11-19,US,Georgia,Wheeler,420,18,0,32.12009104,-82.72574721,13309.0,0.0,0.0,5346.912794398472,4.285714285714286,402,420,18,0,402,420,7879,0,0,0,0,0
2020-11-19,US,Georgia,White,1190,26,0,34.64624278,-83.74905525,13311.0,0.0,0.0,3863.887265406845,2.184873949579832,1164,1161,26,0,1135,1140,29970,29,0,0,29,21
2020-11-19,US,Georgia,Whitfield,7049,75,0,34.80987459,-84.96093476,13313.0,0.0,0.0,6737.202278548763,1.0639807064831892,6974,6932,76,0,6856,6876,104062,117,0,0,118,56
2020-11-19,US,Georgia,Wilcox,350,28,0,31.97496928,-83.43438555,13315.0,0.0,0.0,4053.271569195136,8.0,322,346,28,0,318,341,8812,4,0,0,4,5
2020-11-19,US,Georgia,Wilkes,418,7,0,33.78290391,-82.74286107,13317.0,0.0,0.0,4275.340083870308,1.6746411483253592,411,412,7,0,405,407,9876,6,0,0,6,5
2020-11-19,US,Georgia,Wilkinson,423,18,0,32.80291082,-83.17140684,13319.0,0.0,0.0,4724.1456332365415,4.25531914893617,405,423,18,0,405,421,9036,0,0,0,0,2
2020-11-19,US,Georgia,Worth,702,36,0,31.55162306,-83.85090513,13321.0,0.0,0.0,3467.180323010816,5.128205128205129,666,699,36,0,663,694,20299,3,0,0,3,5
2020-11-19,US,Hawaii,Hawaii,1509,32,0,19.60121157,-155.5210167,15001.0,0.0,0.0,748.835062750294,2.1206096752816435,1477,1497,32,0,1465,1495,200983,12,0,0,12,2
2020-11-19,US,Hawaii,Honolulu,14598,173,0,21.45803166,-157.97121819999995,15003.0,0.0,0.0,1497.9021366499646,1.1850938484723934,14425,14523,173,0,14350,14465,980080,75,0,0,75,58
2020-11-19,US,Hawaii,Kauai,87,0,0,22.03935037,-159.5966786,15007.0,0.0,0.0,120.34360173184126,0.0,87,83,0,0,83,83,72133,4,0,0,4,0
2020-11-19,US,Hawaii,Maui,723,17,0,20.86399628,-156.56890969999995,15009.0,0.0,0.0,431.8557852547831,2.351313969571231,706,714,17,0,697,712,167207,9,0,0,9,2
2020-11-19,US,Hawaii,Out of HI,164,1,0,0.0,0.0,80015.0,0.0,0.0,0.0,0.6097560975609756,163,157,1,0,156,150,,7,0,0,7,7
2020-11-19,US,Idaho,Ada,22590,223,0,43.4526575,-116.24155159999998,16001.0,0.0,0.0,4690.741236785877,0.9871624612660468,22367,22316,215,0,22101,22032,469966,274,8,0,266,284
2020-11-19,US,Idaho,Adams,88,2,0,44.89333571,-116.4545247,16003.0,0.0,0.0,2049.371215649744,2.272727272727273,86,86,2,0,84,86,4250,2,0,0,2,0
2020-11-19,US,Idaho,Bannock,3698,27,0,42.67002716,-112.2233311,16005.0,0.0,0.0,4211.461370262391,0.7301243915630071,3671,3597,25,0,3572,3530,87138,101,2,0,99,67
2020-11-19,US,Idaho,Bear Lake,155,1,0,42.28269683,-111.32892379999998,16007.0,0.0,0.0,2530.612244897959,0.6451612903225806,154,153,1,0,152,141,6050,2,0,0,2,12
2020-11-19,US,Idaho,Benewah,233,3,0,47.21754179,-116.6586851,16009.0,0.0,0.0,2505.915250591525,1.2875536480686696,230,228,3,0,225,228,9226,5,0,0,5,0
2020-11-19,US,Idaho,Bingham,2330,27,0,43.21672879999999,-112.3978437,16011.0,0.0,0.0,4977.462562218282,1.158798283261803,2303,2273,27,0,2246,2228,46236,57,0,0,57,45
2020-11-19,US,Idaho,Blaine,1166,7,0,43.4085812,-113.9752658,16013.0,0.0,0.0,5064.940706311629,0.6003430531732419,1159,1148,7,0,1141,1117,22601,18,0,0,18,31
2020-11-19,US,Idaho,Boise,119,2,0,43.98829931,-115.7309284,16015.0,0.0,0.0,1519.6015834503894,1.680672268907563,117,119,2,0,117,116,7634,0,0,0,0,3
2020-11-19,US,Idaho,Bonner,809,3,0,48.29996017,-116.6017932,16017.0,0.0,0.0,1768.7312796519382,0.3708281829419036,806,789,3,0,786,779,44727,20,0,0,20,10
2020-11-19,US,Idaho,Bonneville,6515,54,0,43.38713372,-111.6161537,16019.0,0.0,0.0,5471.938989770036,0.8288564850345357,6461,6413,53,0,6360,6298,116854,102,1,0,101,115
2020-11-19,US,Idaho,Boundary,316,1,0,48.76684761,-116.4630179,16021.0,0.0,0.0,2580.6451612903224,0.3164556962025317,315,304,1,0,303,295,11948,12,0,0,12,9
2020-11-19,US,Idaho,Butte,117,0,0,43.72592209,-113.1735463,16023.0,0.0,0.0,4505.198305737389,0.0,117,116,0,0,116,113,2611,1,0,0,1,3
2020-11-19,US,Idaho,Camas,51,0,0,43.46665742,-114.8065892,16025.0,0.0,0.0,4611.211573236889,0.0,51,51,0,0,51,51,1127,0,0,0,0,0
2020-11-19,US,Idaho,Canyon,13244,134,0,43.61970148,-116.70954990000001,16027.0,0.0,0.0,5762.043776566355,1.011778918755663,13110,13000,132,0,12868,12874,223499,244,2,0,242,126
2020-11-19,US,Idaho,Caribou,405,9,0,42.77149116,-111.5597683,16029.0,0.0,0.0,5660.377358490567,2.2222222222222223,396,391,8,0,383,388,7060,14,1,0,13,3
2020-11-19,US,Idaho,Cassia,1955,15,0,42.28347888,-113.6012409,16031.0,0.0,0.0,8135.663753641282,0.7672634271099744,1940,1925,15,0,1910,1902,23864,30,0,0,30,23
2020-11-19,US,Idaho,Clark,47,0,0,44.28496071,-112.35057040000001,16033.0,0.0,0.0,5562.130177514792,0.0,47,47,0,0,47,47,852,0,0,0,0,0
2020-11-19,US,Idaho,Clearwater,334,0,0,46.67459924,-115.6622393,16035.0,0.0,0.0,3814.5271813613517,0.0,334,329,0,0,329,323,8758,5,0,0,5,6
2020-11-19,US,Idaho,Custer,130,1,0,44.24186819,-114.2855494,16037.0,0.0,0.0,3012.746234067208,0.7692307692307693,129,125,1,0,124,122,4280,5,0,0,5,3
2020-11-19,US,Idaho,Elmore,785,6,0,43.3507101,-115.4701578,16039.0,0.0,0.0,2853.404092908291,0.7643312101910829,779,775,5,0,770,753,27259,10,1,0,9,22
2020-11-19,US,Idaho,Franklin,551,4,0,42.18332217,-111.81496659999999,16041.0,0.0,0.0,3970.884981262612,0.7259528130671506,547,543,4,0,539,528,13726,8,0,0,8,15
2020-11-19,US,Idaho,Fremont,639,8,0,44.22800938,-111.48099429999999,16043.0,0.0,0.0,4878.234979769448,1.2519561815336464,631,633,7,0,626,630,13168,6,1,0,5,3
2020-11-19,US,Idaho,Gem,699,5,0,44.06482372,-116.398376,16045.0,0.0,0.0,3859.3197879858653,0.7153075822603719,694,668,5,0,663,651,17634,31,0,0,31,17
2020-11-19,US,Idaho,Gooding,873,9,0,42.96927962,-114.81083059999999,16047.0,0.0,0.0,5751.367020225312,1.0309278350515465,864,862,9,0,853,845,15196,11,0,0,11,17
2020-11-19,US,Idaho,Idaho,633,5,0,45.84721541,-115.4634436,16049.0,0.0,0.0,3797.9240415191707,0.7898894154818326,628,581,5,0,576,564,16513,52,0,0,52,17
2020-11-19,US,Idaho,Jefferson,1349,10,0,43.82078483,-112.3131749,16051.0,0.0,0.0,4516.085835760437,0.7412898443291327,1339,1333,10,0,1323,1308,29439,16,0,0,16,25
2020-11-19,US,Idaho,Jerome,1719,12,0,42.68891267,-114.2655033,16053.0,0.0,0.0,7041.618875962642,0.6980802792321117,1707,1693,11,0,1682,1668,24015,26,1,0,25,25
2020-11-19,US,Idaho,Kootenai,6352,68,0,47.67282258,-116.7020872,16055.0,0.0,0.0,3833.503322329312,1.070528967254408,6284,6221,66,0,6155,6115,161505,131,2,0,129,106
2020-11-19,US,Idaho,Latah,1525,1,0,46.81587887,-116.71136979999999,16057.0,0.0,0.0,3802.233968285629,0.06557377049180327,1524,1486,1,0,1485,1450,40134,39,0,0,39,36
2020-11-19,US,Idaho,Lemhi,409,7,0,44.9438088,-113.9309747,16059.0,0.0,0.0,5095.303351189735,1.7114914425427872,402,405,7,0,398,400,7961,4,0,0,4,5
2020-11-19,US,Idaho,Lewis,165,3,0,46.23315327,-116.434146,16061.0,0.0,0.0,4299.11412193851,1.818181818181818,162,158,3,0,155,157,3861,7,0,0,7,1
2020-11-19,US,Idaho,Lincoln,326,8,0,43.0012336,-114.1358773,16063.0,0.0,0.0,6075.288855758479,2.4539877300613497,318,322,8,0,314,318,5360,4,0,0,4,4
2020-11-19,US,Idaho,Madison,3618,7,0,43.78141028,-111.65384740000002,16065.0,0.0,0.0,9066.078632821309,0.19347705914870092,3611,3544,7,0,3537,3498,39304,74,0,0,74,46
2020-11-19,US,Idaho,Minidoka,1599,14,0,42.85518524,-113.6357257,16067.0,0.0,0.0,7600.171110794239,0.8755472170106317,1585,1585,13,0,1572,1565,20825,14,1,0,13,20
2020-11-19,US,Idaho,Nez Perce,1965,27,0,46.32638236,-116.75009750000001,16069.0,0.0,0.0,4862.898435953277,1.3740458015267176,1938,1934,27,0,1907,1881,40408,31,0,0,31,53
2020-11-19,US,Idaho,Oneida,113,0,0,42.19494279999999,-112.5407838,16071.0,0.0,0.0,2493.930699624807,0.0,113,110,0,0,110,108,4488,3,0,0,3,2
2020-11-19,US,Idaho,Owyhee,537,5,0,42.58016894,-116.16938710000001,16073.0,0.0,0.0,4541.994417660492,0.931098696461825,532,518,5,0,513,508,11693,19,0,0,19,10
2020-11-19,US,Idaho,Payette,1430,13,0,44.00545243,-116.7647695,16075.0,0.0,0.0,5970.5231514341785,0.9090909090909092,1417,1410,13,0,1397,1397,23551,20,0,0,20,13
2020-11-19,US,Idaho,Power,429,4,0,42.69254894,-112.83957420000002,16077.0,0.0,0.0,5585.21025908085,0.9324009324009324,425,421,4,0,417,421,7768,8,0,0,8,0
2020-11-19,US,Idaho,Shoshone,437,22,0,47.35364087,-115.89167490000001,16079.0,0.0,0.0,3392.3303834808253,5.034324942791762,415,425,22,0,403,419,12796,12,0,0,12,6
2020-11-19,US,Idaho,Teton,468,2,0,43.75303583,-111.2056773,16081.0,0.0,0.0,3854.389721627409,0.4273504273504273,466,461,2,0,459,450,11640,7,0,0,7,11
2020-11-19,US,Idaho,Twin Falls,6209,75,0,42.35440512,-114.6685381,16083.0,0.0,0.0,7146.803563617947,1.2079239813174425,6134,6102,72,0,6030,5996,86081,107,3,0,104,106
2020-11-19,US,Idaho,Unassigned,1,0,0,0.0,0.0,90016.0,0.0,0.0,0.0,0.0,1,1,0,0,1,1,,0,0,0,0,0
2020-11-19,US,Idaho,Valley,205,1,0,44.76728382,-115.5676773,16085.0,0.0,0.0,1799.508426966292,0.4878048780487805,204,202,1,0,201,201,11041,3,0,0,3,1
2020-11-19,US,Idaho,Washington,640,10,0,44.45275475,-116.78476880000001,16087.0,0.0,0.0,6278.202864430057,1.5625,630,632,10,0,622,623,10161,8,0,0,8,9
2020-11-19,US,Illinois,Adams,4104,41,0,39.98815591,-91.18786813,17001.0,0.0,0.0,6271.87285092076,0.9990253411306044,4063,3965,41,0,3924,3888,65691,139,0,0,139,77
2020-11-19,US,Illinois,Alexander,226,2,0,37.18049267,-89.32910838,17003.0,0.0,0.0,3922.930046866864,0.8849557522123894,224,222,2,0,220,220,6060,4,0,0,4,2
2020-11-19,US,Illinois,Bond,875,10,0,38.88829622,-89.43534887,17005.0,0.0,0.0,5326.920735419457,1.1428571428571428,865,863,10,0,853,842,16630,12,0,0,12,21
2020-11-19,US,Illinois,Boone,3365,29,0,42.32359279,-88.82345779,17007.0,0.0,0.0,6284.551023457344,0.861812778603269,3336,3295,29,0,3266,3232,53577,70,0,0,70,63
2020-11-19,US,Illinois,Brown,260,3,0,39.96209138,-90.75068024,17009.0,0.0,0.0,3952.569169960474,1.1538461538461535,257,248,3,0,245,236,6556,12,0,0,12,12
2020-11-19,US,Illinois,Bureau,1821,32,0,41.40385234,-89.5283051,17011.0,0.0,0.0,5581.095991173225,1.7572762218561229,1789,1791,30,0,1761,1726,32993,30,2,0,28,65
2020-11-19,US,Illinois,Calhoun,194,0,0,39.16840183,-90.66330078,17013.0,0.0,0.0,4093.690652036295,0.0,194,188,0,0,188,167,4802,6,0,0,6,21
2020-11-19,US,Illinois,Carroll,941,23,0,42.06823429,-89.93395545,17015.0,0.0,0.0,6578.119538622859,2.4442082890541976,918,930,23,0,907,911,14312,11,0,0,11,19
2020-11-19,US,Illinois,Cass,805,17,0,39.96991073,-90.24734436,17017.0,0.0,0.0,6627.150736807442,2.111801242236025,788,778,15,0,763,757,12260,27,2,0,25,21
2020-11-19,US,Illinois,Champaign,9649,42,0,40.13919438,-88.20046615,17019.0,0.0,0.0,4601.576620614338,0.4352782671779459,9607,9429,41,0,9388,9310,209983,220,1,0,219,119
2020-11-19,US,Illinois,Christian,1631,35,0,39.54581621,-89.27780482,17021.0,0.0,0.0,5048.910351659239,2.145922746781116,1596,1591,33,0,1558,1558,32661,40,2,0,38,33
2020-11-19,US,Illinois,Clark,664,19,0,39.33425789,-87.78705622,17023.0,0.0,0.0,4300.239621786153,2.8614457831325297,645,647,19,0,628,633,15596,17,0,0,17,14
2020-11-19,US,Illinois,Clay,667,16,0,38.75388572,-88.48914513,17025.0,0.0,0.0,5059.162621359224,2.39880059970015,651,636,16,0,620,616,13253,31,0,0,31,20
2020-11-19,US,Illinois,Clinton,2784,56,0,38.60704876,-89.42385254,17027.0,0.0,0.0,7411.745913423141,2.0114942528735638,2728,2727,55,0,2672,2647,37639,57,1,0,56,80
2020-11-19,US,Illinois,Coles,2985,56,0,39.51949084,-88.22358557,17029.0,0.0,0.0,5896.7622133106825,1.8760469011725291,2929,2921,56,0,2865,2888,50885,64,0,0,64,33
2020-11-19,US,Illinois,Cook,268284,6148,0,41.84144849,-87.81658794,17031.0,0.0,0.0,5209.162381585455,2.2916014372828792,262136,262429,6120,0,256309,260004,5180493,5855,28,0,5827,2425
2020-11-19,US,Illinois,Crawford,948,9,0,39.0032229,-87.75954624,17033.0,0.0,0.0,5078.480741415332,0.9493670886075948,939,934,9,0,925,897,18807,14,0,0,14,37
2020-11-19,US,Illinois,Cumberland,516,12,0,39.27432424,-88.2401158,17035.0,0.0,0.0,4792.8664313579775,2.3255813953488373,504,503,7,0,496,496,10808,13,5,0,8,7
2020-11-19,US,Illinois,De Witt,542,12,0,40.17514519,-88.90959682,17039.0,0.0,0.0,3465.9163575904845,2.2140221402214024,530,522,11,0,511,510,15769,20,1,0,19,12
2020-11-19,US,Illinois,DeKalb,4319,44,0,41.89373302,-88.76958483,17037.0,0.0,0.0,4117.372279474151,1.0187543412827045,4275,4220,44,0,4176,4146,104143,99,0,0,99,74
2020-11-19,US,Illinois,Douglas,1197,12,0,39.76768052,-88.21854195,17041.0,0.0,0.0,6149.499100950424,1.0025062656641603,1185,1166,12,0,1154,1144,19479,31,0,0,31,22
2020-11-19,US,Illinois,DuPage,38670,731,0,41.85116968,-88.08642662,17043.0,0.0,0.0,4189.957753697227,1.8903542798034647,37939,37632,716,0,36916,36941,928589,1038,15,0,1023,691
2020-11-19,US,Illinois,Edgar,641,15,0,39.6809186,-87.74759563,17045.0,0.0,0.0,3735.213565643028,2.3400936037441498,626,617,15,0,602,606,17360,24,0,0,24,11
2020-11-19,US,Illinois,Edwards,185,3,0,38.41353228,-88.05720863,17047.0,0.0,0.0,2892.885066458171,1.6216216216216215,182,176,3,0,173,172,6392,9,0,0,9,4
2020-11-19,US,Illinois,Effingham,2267,13,0,39.05935711,-88.58969584,17049.0,0.0,0.0,6666.078569748293,0.5734450816056462,2254,2186,11,0,2175,2161,34208,81,2,0,79,25
2020-11-19,US,Illinois,Fayette,1347,27,0,39.00072038,-89.02452658,17051.0,0.0,0.0,6313.2733408323975,2.0044543429844097,1320,1287,27,0,1260,1223,21416,60,0,0,60,64
2020-11-19,US,Illinois,Ford,605,21,0,40.59706922,-88.22350769,17053.0,0.0,0.0,4667.849702955019,3.471074380165289,584,581,21,0,560,558,13264,24,0,0,24,23
2020-11-19,US,Illinois,Franklin,1757,18,0,37.99189086,-88.92567818,17055.0,0.0,0.0,4567.313941095427,1.0244735344336935,1739,1717,18,0,1699,1673,38701,40,0,0,40,44
2020-11-19,US,Illinois,Fulton,1137,7,0,40.47289135,-90.20862357,17057.0,0.0,0.0,3311.00757134537,0.6156552330694811,1130,1116,7,0,1109,1080,34844,21,0,0,21,36
2020-11-19,US,Illinois,Gallatin,169,3,0,37.76430935,-88.22953869,17059.0,0.0,0.0,3500.4142502071254,1.7751479289940828,166,166,3,0,163,164,5058,3,0,0,3,2
2020-11-19,US,Illinois,Greene,692,26,0,39.35907414,-90.388865,17061.0,0.0,0.0,5335.800755648084,3.757225433526012,666,678,22,0,656,654,13044,14,4,0,10,24
2020-11-19,US,Illinois,Grundy,2264,10,0,41.28569601,-88.41905692,17063.0,0.0,0.0,4434.520311826694,0.4416961130742049,2254,2201,10,0,2191,2126,50972,63,0,0,63,75
2020-11-19,US,Illinois,Hamilton,325,3,0,38.08163641,-88.53883373,17065.0,0.0,0.0,4004.4356826022663,0.9230769230769232,322,315,3,0,312,308,8163,10,0,0,10,7
2020-11-19,US,Illinois,Hancock,840,8,0,40.40423981,-91.16313899,17067.0,0.0,0.0,4743.618703410888,0.9523809523809524,832,819,8,0,811,798,17844,21,0,0,21,21
2020-11-19,US,Illinois,Hardin,105,0,0,37.51810645,-88.26873022,17069.0,0.0,0.0,2747.971735147867,0.0,105,103,0,0,103,99,3910,2,0,0,2,4
2020-11-19,US,Illinois,Henderson,241,0,0,40.81908672,-90.92491462,17071.0,0.0,0.0,3626.241348179356,0.0,241,238,0,0,238,230,6709,3,0,0,3,8
2020-11-19,US,Illinois,Henry,2092,12,0,41.3533994,-90.13296166,17073.0,0.0,0.0,4276.9815795391805,0.5736137667304015,2080,1999,12,0,1987,1928,49090,93,0,0,93,71
2020-11-19,US,Illinois,Iroquois,1360,24,0,40.74717633,-87.82466784,17075.0,0.0,0.0,5015.858965847901,1.7647058823529411,1336,1306,24,0,1282,1260,27604,54,0,0,54,46
2020-11-19,US,Illinois,Jackson,2314,33,0,37.78595185,-89.38232563,17077.0,0.0,0.0,4077.533039647577,1.4261019878997407,2281,2281,31,0,2250,2228,57419,33,2,0,31,53
2020-11-19,US,Illinois,Jasper,546,11,0,39.01054275,-88.15437049,17079.0,0.0,0.0,5681.581685744019,2.0146520146520146,535,534,11,0,523,524,9611,12,0,0,12,10
2020-11-19,US,Illinois,Jefferson,1562,57,0,38.29980057,-88.9240025,17081.0,0.0,0.0,4144.995223437002,3.6491677336747768,1505,1530,57,0,1473,1501,37820,32,0,0,32,29
2020-11-19,US,Illinois,Jersey,1020,23,0,39.08869046,-90.35393073,17083.0,0.0,0.0,4684.70123547513,2.2549019607843137,997,1001,23,0,978,965,21847,19,0,0,19,36
2020-11-19,US,Illinois,Jo Daviess,933,15,0,42.36542373,-90.21094405,17085.0,0.0,0.0,4393.689663291735,1.6077170418006432,918,920,14,0,906,909,21366,13,1,0,12,11
2020-11-19,US,Illinois,Johnson,613,2,0,37.45939802,-88.88165419,17087.0,0.0,0.0,4936.780220665218,0.3262642740619902,611,596,2,0,594,587,12456,17,0,0,17,9
2020-11-19,US,Illinois,Kane,27663,425,0,41.93842729,-88.42861412,17089.0,0.0,0.0,5195.8760562957,1.536348190724072,27238,26982,417,0,26565,26656,534216,681,8,0,673,326
2020-11-19,US,Illinois,Kankakee,7175,92,0,41.13746989,-87.86205334,17091.0,0.0,0.0,6530.920609491908,1.2822299651567943,7083,6971,90,0,6881,6805,110024,204,2,0,202,166
2020-11-19,US,Illinois,Kendall,5298,39,0,41.59081014,-88.42869583,17093.0,0.0,0.0,4107.295139158075,0.7361268403171007,5259,5149,37,0,5112,5066,127915,149,2,0,147,83
2020-11-19,US,Illinois,Knox,2301,51,0,40.93148779,-90.21330340000002,17095.0,0.0,0.0,4629.87182840701,2.216427640156453,2250,2233,49,0,2184,2184,50112,68,2,0,66,49
2020-11-19,US,Illinois,LaSalle,5187,111,0,41.34426129999999,-88.88633881,17099.0,0.0,0.0,4773.2103911879185,2.1399652978600345,5076,5059,107,0,4952,4885,109430,128,4,0,124,174
2020-11-19,US,Illinois,Lake,32825,586,0,42.3224907,-88.00367925,17097.0,0.0,0.0,4712.613149375121,1.7852246763137851,32239,32063,578,0,31485,31753,700832,762,8,0,754,310
2020-11-19,US,Illinois,Lawrence,712,9,0,38.71987914,-87.72884035,17101.0,0.0,0.0,4541.395586171706,1.2640449438202248,703,665,8,0,657,634,15765,47,1,0,46,31
2020-11-19,US,Illinois,Lee,1564,17,0,41.74583951,-89.29977132,17103.0,0.0,0.0,4587.048334115439,1.0869565217391304,1547,1532,14,0,1518,1520,34223,32,3,0,29,12
2020-11-19,US,Illinois,Livingston,1863,17,0,40.89188292,-88.55784752,17105.0,0.0,0.0,5226.099640933573,0.9125067096081588,1846,1788,16,0,1772,1725,35761,75,1,0,74,63
2020-11-19,US,Illinois,Logan,1314,10,0,40.12581572,-89.36638784,17107.0,0.0,0.0,4591.515829198406,0.7610350076103499,1304,1281,9,0,1272,1239,28925,33,1,0,32,42
2020-11-19,US,Illinois,Macon,5670,108,0,39.86064913,-88.96342505,17115.0,0.0,0.0,5451.451316712977,1.9047619047619049,5562,5584,100,0,5484,5460,104712,86,8,0,78,124
2020-11-19,US,Illinois,Macoupin,1762,16,0,39.26119767,-89.92424028,17117.0,0.0,0.0,3922.0050750122414,0.9080590238365494,1746,1630,16,0,1614,1573,45313,132,0,0,132,57
2020-11-19,US,Illinois,Madison,12032,207,0,38.83042506,-89.90422563,17119.0,0.0,0.0,4575.496452012808,1.7204122340425532,11825,11826,201,0,11625,11500,264461,206,6,0,200,326
2020-11-19,US,Illinois,Marion,2012,41,0,38.64963204,-88.91899208,17121.0,0.0,0.0,5407.875285579895,2.0377733598409544,1971,1979,40,0,1939,1921,37620,33,1,0,32,58
2020-11-19,US,Illinois,Marshall,307,5,0,41.0327901,-89.34510444,17123.0,0.0,0.0,2684.035670571778,1.6286644951140066,302,298,5,0,293,281,11534,9,0,0,9,17
2020-11-19,US,Illinois,Mason,553,14,0,40.23917274,-89.91824452,17125.0,0.0,0.0,4139.531402051051,2.5316455696202533,539,537,14,0,523,521,13565,16,0,0,16,16
2020-11-19,US,Illinois,Massac,384,2,0,37.22078441,-88.71036614,17127.0,0.0,0.0,2788.266047051989,0.5208333333333334,382,362,2,0,360,340,14080,22,0,0,22,22
2020-11-19,US,Illinois,McDonough,1399,34,0,40.45674722,-90.67775541,17109.0,0.0,0.0,4713.294252408868,2.4303073624017157,1365,1356,32,0,1324,1337,29955,43,2,0,41,19
2020-11-19,US,Illinois,McHenry,12194,143,0,42.32451172,-88.45248227,17111.0,0.0,0.0,3961.998089507236,1.1727078891257996,12051,11937,133,0,11804,11746,308570,257,10,0,247,191
2020-11-19,US,Illinois,McLean,7258,47,0,40.48996987,-88.84621113,17113.0,0.0,0.0,4231.650506946833,0.6475613116561036,7211,7065,45,0,7020,6938,172828,193,2,0,191,127
2020-11-19,US,Illinois,Menard,356,1,0,40.02742725,-89.80246001,17129.0,0.0,0.0,2918.9898327320434,0.2808988764044944,355,340,1,0,339,334,12288,16,0,0,16,6
2020-11-19,US,Illinois,Mercer,611,7,0,41.20596782,-90.74290052,17131.0,0.0,0.0,3958.022931916824,1.1456628477905073,604,603,7,0,596,588,15601,8,0,0,8,15
2020-11-19,US,Illinois,Monroe,1684,43,0,38.27594376,-90.17761038,17133.0,0.0,0.0,4861.852931835898,2.553444180522565,1641,1659,43,0,1616,1631,34335,25,0,0,25,28
2020-11-19,US,Illinois,Montgomery,993,18,0,39.23198845,-89.47809254,17135.0,0.0,0.0,3494.7561061448578,1.8126888217522656,975,960,18,0,942,938,28601,33,0,0,33,22
2020-11-19,US,Illinois,Morgan,1830,33,0,39.71654544,-90.20255104,17137.0,0.0,0.0,5437.043199239408,1.8032786885245904,1797,1796,32,0,1764,1703,33976,34,1,0,33,93
2020-11-19,US,Illinois,Moultrie,753,10,0,39.64187451,-88.62099969,17139.0,0.0,0.0,5192.74532790842,1.3280212483399734,743,740,9,0,731,723,14717,13,1,0,12,17
2020-11-19,US,Illinois,Ogle,2408,21,0,42.04165196,-89.32184679,17141.0,0.0,0.0,4754.852595620323,0.8720930232558141,2387,2356,18,0,2338,2326,50923,52,3,0,49,30
2020-11-19,US,Illinois,Out of IL,9,0,0,0.0,0.0,80017.0,0.0,0.0,0.0,0.0,9,25,0,0,25,16,,0,0,0,-16,9
2020-11-19,US,Illinois,Peoria,7652,114,0,40.78702156,-89.76078901,17143.0,0.0,0.0,4270.589745450081,1.48980658651333,7538,7483,112,0,7371,7281,180621,169,2,0,167,202
2020-11-19,US,Illinois,Perry,852,19,0,38.08510853,-89.36856219,17145.0,0.0,0.0,4073.4366035570856,2.2300469483568075,833,827,16,0,811,793,21174,25,3,0,22,34
2020-11-19,US,Illinois,Piatt,654,5,0,40.01360584,-88.59319339,17147.0,0.0,0.0,4001.4684287812042,0.764525993883792,649,634,5,0,629,621,16396,20,0,0,20,13
2020-11-19,US,Illinois,Pike,883,18,0,39.62265059,-90.8877017,17149.0,0.0,0.0,5674.44251654778,2.0385050962627407,865,861,17,0,844,860,15611,22,1,0,21,1
2020-11-19,US,Illinois,Pope,66,1,0,37.41391284,-88.56152109,17151.0,0.0,0.0,1580.081398132631,1.5151515151515151,65,66,1,0,65,64,4212,0,0,0,0,2
2020-11-19,US,Illinois,Pulaski,340,2,0,37.22631423,-89.13085001,17153.0,0.0,0.0,6373.008434864105,0.5882352941176471,338,330,2,0,328,325,5463,10,0,0,10,5
2020-11-19,US,Illinois,Putnam,197,0,0,41.2013541,-89.2869272,17155.0,0.0,0.0,3432.653772434222,0.0,197,189,0,0,189,175,5740,8,0,0,8,14
2020-11-19,US,Illinois,Randolph,1906,22,0,38.05095369,-89.82512254,17157.0,0.0,0.0,5997.105279718077,1.154249737670514,1884,1846,21,0,1825,1829,32106,60,1,0,59,17
2020-11-19,US,Illinois,Richland,583,19,0,38.71240969,-88.08475366,17159.0,0.0,0.0,3758.1383355895055,3.2590051457975986,564,549,19,0,530,536,15763,34,0,0,34,13
2020-11-19,US,Illinois,Rock Island,7310,115,0,41.46613806,-90.57042164,17161.0,0.0,0.0,5152.277645035559,1.5731874145006841,7195,7186,114,0,7072,7057,143477,124,1,0,123,129
2020-11-19,US,Illinois,Saline,964,18,0,37.75332999,-88.54119706,17165.0,0.0,0.0,4103.699289089439,1.867219917012448,946,941,18,0,923,923,23906,23,0,0,23,18
2020-11-19,US,Illinois,Sangamon,8376,86,0,39.75836914,-89.65872023,17167.0,0.0,0.0,4302.6218459768215,1.0267430754536773,8290,8137,80,0,8057,8047,195348,239,6,0,233,90
2020-11-19,US,Illinois,Schuyler,199,1,0,40.157179799999994,-90.61114163,17169.0,0.0,0.0,2940.307328605201,0.5025125628140703,198,190,1,0,189,180,6907,9,0,0,9,10
2020-11-19,US,Illinois,Scott,203,0,0,39.642916899999996,-90.47814431,17171.0,0.0,0.0,4100.181781458291,0.0,203,199,0,0,199,194,4926,4,0,0,4,5
2020-11-19,US,Illinois,Shelby,1136,23,0,39.39133527,-88.80611122,17173.0,0.0,0.0,5250.993806046039,2.0246478873239435,1113,1117,23,0,1094,1101,21741,19,0,0,19,16
2020-11-19,US,Illinois,St. Clair,11191,248,0,38.46996033,-89.93063427,17163.0,0.0,0.0,4309.43524102185,2.21606648199446,10943,11018,247,0,10771,10879,261059,173,1,0,172,139
2020-11-19,US,Illinois,Stark,181,3,0,41.09309773,-89.79745866,17175.0,0.0,0.0,3388.244103332085,1.6574585635359116,178,176,3,0,173,170,5427,5,0,0,5,6
2020-11-19,US,Illinois,Stephenson,2146,25,0,42.35129217,-89.662598,17177.0,0.0,0.0,4822.688660164502,1.1649580615097856,2121,2093,19,0,2074,2067,44753,53,6,0,47,26
2020-11-19,US,Illinois,Tazewell,5375,81,0,40.50716185,-89.51404662,17179.0,0.0,0.0,4078.0558864365757,1.5069767441860464,5294,5206,74,0,5132,4998,132328,169,7,0,162,208
2020-11-19,US,Illinois,Unassigned,288,0,0,0.0,0.0,90017.0,0.0,0.0,0.0,0.0,288,287,0,0,287,296,,1,0,0,1,0
2020-11-19,US,Illinois,Union,1040,26,0,37.47119609,-89.25548938,17181.0,0.0,0.0,6245.120999219362,2.5,1014,1006,26,0,980,988,16841,34,0,0,34,18
2020-11-19,US,Illinois,Vermilion,3148,37,0,40.18417171,-87.73384359,17183.0,0.0,0.0,4155.336730114313,1.1753494282083865,3111,3051,33,0,3018,2996,76806,97,4,0,93,55
2020-11-19,US,Illinois,Wabash,424,8,0,38.44272901,-87.84922065,17185.0,0.0,0.0,3680.555555555556,1.8867924528301887,416,410,6,0,404,399,11549,14,2,0,12,11
2020-11-19,US,Illinois,Warren,895,14,0,40.84925021,-90.6147432,17187.0,0.0,0.0,5313.464735217288,1.5642458100558658,881,875,14,0,861,855,17032,20,0,0,20,20
2020-11-19,US,Illinois,Washington,550,2,0,38.35309213,-89.40982703,17189.0,0.0,0.0,3960.5386332541225,0.3636363636363637,548,540,2,0,538,527,13995,10,0,0,10,13
2020-11-19,US,Illinois,Wayne,769,30,0,38.42955355,-88.42586459,17191.0,0.0,0.0,4742.522355843354,3.901170351105332,739,746,29,0,717,739,16332,23,1,0,22,7
2020-11-19,US,Illinois,White,474,8,0,38.08706198,-88.17657461,17193.0,0.0,0.0,3501.514368028367,1.6877637130801688,466,454,8,0,446,449,13665,20,0,0,20,5
2020-11-19,US,Illinois,Whiteside,3195,83,0,41.75509713,-89.91556058,17195.0,0.0,0.0,5790.666062528319,2.5978090766823163,3112,3115,79,0,3036,3083,55626,80,4,0,76,32
2020-11-19,US,Illinois,Will,32818,517,0,41.44619267,-87.97862712,17197.0,0.0,0.0,4751.115827449573,1.5753549881162776,32301,31913,513,0,31400,31289,692310,905,4,0,901,624
2020-11-19,US,Illinois,Williamson,3063,76,0,37.73033511,-88.92994027,17199.0,0.0,0.0,4599.306275057435,2.4812275546849496,2987,2980,75,0,2905,2919,67056,83,1,0,82,61
2020-11-19,US,Illinois,Winnebago,16528,236,0,42.33641854,-89.16085327,17201.0,0.0,0.0,5849.128717636569,1.4278799612778317,16292,16225,233,0,15992,16045,284081,303,3,0,300,180
2020-11-19,US,Illinois,Woodford,1398,24,0,40.78579374,-89.20973757,17203.0,0.0,0.0,3635.039912634234,1.7167381974248928,1374,1341,23,0,1318,1298,38463,57,1,0,56,43
2020-11-19,US,Indiana,Adams,1482,18,0,40.7457653,-84.93671406,18001.0,0.0,0.0,4142.326075411577,1.214574898785425,1464,1431,18,0,1413,1376,35636,51,0,0,51,55
2020-11-19,US,Indiana,Allen,15815,282,0,41.09194313,-85.06800636,18003.0,0.0,0.0,4169.5337978745,1.7831172937085047,15533,15343,279,0,15064,14855,375351,472,3,0,469,488
2020-11-19,US,Indiana,Bartholomew,2670,62,0,39.20744865,-85.89558181,18005.0,0.0,0.0,3186.9561584645317,2.322097378277153,2608,2573,62,0,2511,2489,82753,97,0,0,97,84
2020-11-19,US,Indiana,Benton,292,1,0,40.60626947,-87.31093999,18007.0,0.0,0.0,3337.905807041609,0.3424657534246575,291,262,1,0,261,253,8653,30,0,0,30,9
2020-11-19,US,Indiana,Blackford,430,10,0,40.47388153,-85.32499702,18009.0,0.0,0.0,3657.084538186767,2.3255813953488373,420,417,10,0,407,410,11930,13,0,0,13,7
2020-11-19,US,Indiana,Boone,2152,53,0,40.0509304,-86.46841646,18011.0,0.0,0.0,3172.029538788084,2.4628252788104095,2099,2076,53,0,2023,2040,66999,76,0,0,76,36
2020-11-19,US,Indiana,Brown,300,3,0,39.19605589,-86.22868909,18013.0,0.0,0.0,1987.8081102570893,1.0,297,292,3,0,289,285,15234,8,0,0,8,7
2020-11-19,US,Indiana,Carroll,615,13,0,40.580783200000006,-86.56198812,18015.0,0.0,0.0,3035.9875598558533,2.1138211382113816,602,591,13,0,578,577,20127,24,0,0,24,14
2020-11-19,US,Indiana,Cass,2828,31,0,40.76135835,-86.34830753,18017.0,0.0,0.0,7503.51561463557,1.0961810466760962,2797,2802,29,0,2773,2780,37955,26,2,0,24,22
2020-11-19,US,Indiana,Clark,4539,74,0,38.48015445,-85.70510334,18019.0,0.0,0.0,3836.790586803265,1.6303150473672614,4465,4440,74,0,4366,4370,117360,99,0,0,99,70
2020-11-19,US,Indiana,Clay,958,21,0,39.39561833,-87.11723506,18021.0,0.0,0.0,3653.0028598665385,2.1920668058455117,937,908,21,0,887,895,26170,50,0,0,50,13
2020-11-19,US,Indiana,Clinton,1596,20,0,40.30319754,-86.47277257,18023.0,0.0,0.0,4926.077965369302,1.2531328320802004,1576,1561,20,0,1541,1512,32250,35,0,0,35,49
2020-11-19,US,Indiana,Crawford,250,1,0,38.28814402,-86.44518825,18025.0,0.0,0.0,2363.619173678737,0.4,249,244,1,0,243,239,10558,6,0,0,6,5
2020-11-19,US,Indiana,Daviess,1350,43,0,38.70186039,-87.07185406,18027.0,0.0,0.0,4047.8546370423683,3.185185185185185,1307,1321,42,0,1279,1284,33147,29,1,0,28,37
2020-11-19,US,Indiana,DeKalb,1567,25,0,41.39804622,-84.99906934,18033.0,0.0,0.0,3604.370327774583,1.5954052329291641,1542,1508,23,0,1485,1448,43226,59,2,0,57,60
2020-11-19,US,Indiana,Dearborn,1888,29,0,39.14647946,-84.97333539,18029.0,0.0,0.0,3817.3804035747503,1.5360169491525424,1859,1816,29,0,1787,1766,49568,72,0,0,72,50
2020-11-19,US,Indiana,Decatur,1122,42,0,39.30712658,-85.50087166,18031.0,0.0,0.0,4224.5566474641355,3.7433155080213902,1080,1085,42,0,1043,1070,26794,37,0,0,37,15
2020-11-19,US,Indiana,Delaware,4423,101,0,40.22787247,-85.39732772,18035.0,0.0,0.0,3875.2354667718055,2.283517974225638,4322,4332,99,0,4233,4244,114772,91,2,0,89,88
2020-11-19,US,Indiana,Dubois,2184,30,0,38.36597551,-86.87924170000002,18037.0,0.0,0.0,5110.445526020218,1.3736263736263736,2154,2143,29,0,2114,2104,42565,41,1,0,40,39
2020-11-19,US,Indiana,Elkhart,15455,203,0,41.59761169,-85.85875695,18039.0,0.0,0.0,7490.0286419082995,1.3134907796829505,15252,15176,197,0,14979,14878,205560,279,6,0,273,298
2020-11-19,US,Indiana,Fayette,1336,31,0,39.63684962,-85.17797541,18041.0,0.0,0.0,5783.049086659164,2.320359281437126,1305,1317,31,0,1286,1289,23047,19,0,0,19,28
2020-11-19,US,Indiana,Floyd,2824,77,0,38.32117957,-85.90385377,18043.0,0.0,0.0,3596.444308601411,2.726628895184136,2747,2772,77,0,2695,2715,77781,52,0,0,52,57
2020-11-19,US,Indiana,Fountain,661,7,0,40.12361933,-87.24217689,18045.0,0.0,0.0,4043.8027652024957,1.059001512859304,654,647,7,0,640,638,16351,14,0,0,14,9
2020-11-19,US,Indiana,Franklin,591,25,0,39.4142482,-85.06062647,18047.0,0.0,0.0,2596.889006063802,4.230118443316413,566,571,25,0,546,559,22736,20,0,0,20,12
2020-11-19,US,Indiana,Fulton,743,17,0,41.0469907,-86.26252745,18049.0,0.0,0.0,3719.8357865224793,2.288021534320323,726,714,17,0,697,706,20092,29,0,0,29,8
2020-11-19,US,Indiana,Gibson,1597,20,0,38.30393723,-87.58054938,18051.0,0.0,0.0,4744.644820107549,1.2523481527864746,1577,1561,19,0,1542,1513,33452,36,1,0,35,48
2020-11-19,US,Indiana,Grant,2259,46,0,40.51587228,-85.65468702,18053.0,0.0,0.0,3434.7488938557676,2.0362992474546258,2213,2212,46,0,2166,2143,65936,47,0,0,47,69
2020-11-19,US,Indiana,Greene,927,52,0,39.03630547,-86.96223202,18055.0,0.0,0.0,2903.9533863792994,5.6094929881337645,875,899,52,0,847,889,32006,28,0,0,28,10
2020-11-19,US,Indiana,Hamilton,11271,157,0,40.07306535,-86.05244729,18057.0,0.0,0.0,3334.506865161193,1.3929553721941266,11114,10904,155,0,10749,10648,330086,367,2,0,365,256
2020-11-19,US,Indiana,Hancock,2219,48,0,39.82304555,-85.77566351,18059.0,0.0,0.0,2838.757547845665,2.163136547994592,2171,2170,48,0,2122,2102,76351,49,0,0,49,68
2020-11-19,US,Indiana,Harrison,1258,24,0,38.19467379,-86.10948271,18061.0,0.0,0.0,3105.0228310502284,1.9077901430842608,1234,1229,24,0,1205,1202,40350,29,0,0,29,27
2020-11-19,US,Indiana,Hendricks,5279,153,0,39.76719009,-86.51037283,18063.0,0.0,0.0,3099.623629712702,2.8982761886720967,5126,5113,152,0,4961,4973,167009,166,1,0,165,140
2020-11-19,US,Indiana,Henry,2186,36,0,39.93029017,-85.39625719,18065.0,0.0,0.0,4556.824814475111,1.6468435498627634,2150,2130,35,0,2095,2104,48271,56,1,0,55,26
2020-11-19,US,Indiana,Howard,2892,73,0,40.48527731,-86.11351892,18067.0,0.0,0.0,3503.585966272533,2.524204702627939,2819,2603,73,0,2530,2534,82366,289,0,0,289,69
2020-11-19,US,Indiana,Huntington,1022,7,0,40.82907273,-85.48822092,18069.0,0.0,0.0,2798.466593647317,0.6849315068493149,1015,994,7,0,987,929,36240,28,0,0,28,65
2020-11-19,US,Indiana,Jackson,1877,32,0,38.90915820000001,-86.03851889,18071.0,0.0,0.0,4243.630033234609,1.704848161960575,1845,1823,31,0,1792,1780,44111,54,1,0,53,43
2020-11-19,US,Indiana,Jasper,1238,8,0,41.02078733,-87.11553319,18073.0,0.0,0.0,3688.6955485370363,0.6462035541195477,1230,1217,8,0,1209,1196,33370,21,0,0,21,21
2020-11-19,US,Indiana,Jay,842,11,0,40.43781032,-85.00576229,18075.0,0.0,0.0,4120.180074378548,1.3064133016627075,831,803,10,0,793,773,20764,39,1,0,38,30
2020-11-19,US,Indiana,Jefferson,1005,14,0,38.78576239,-85.43633383,18077.0,0.0,0.0,3110.684660146094,1.3930348258706469,991,906,14,0,892,844,32208,99,0,0,99,62
2020-11-19,US,Indiana,Jennings,746,13,0,38.99588883,-85.62710784,18079.0,0.0,0.0,2689.742202992609,1.7426273458445043,733,713,13,0,700,685,27611,33,0,0,33,28
2020-11-19,US,Indiana,Johnson,5529,160,0,39.48994426,-86.10149107,18081.0,0.0,0.0,3495.672295738049,2.8938325194429373,5369,5387,160,0,5227,5245,156225,142,0,0,142,142
2020-11-19,US,Indiana,Knox,1584,14,0,38.68861576,-87.4194665,18083.0,0.0,0.0,4328.578455484506,0.8838383838383839,1570,1545,14,0,1531,1504,36895,39,0,0,39,41
2020-11-19,US,Indiana,Kosciusko,3955,39,0,41.24521668,-85.86312322,18085.0,0.0,0.0,4977.597664115989,0.986093552465234,3916,3765,39,0,3726,3662,79344,190,0,0,190,103
2020-11-19,US,Indiana,LaGrange,1285,24,0,41.64232188,-85.42674232,18087.0,0.0,0.0,3243.8026960165607,1.8677042801556418,1261,1267,24,0,1243,1245,39330,18,0,0,18,22
2020-11-19,US,Indiana,LaPorte,4080,86,0,41.54366008,-86.74072188,18091.0,0.0,0.0,3712.871287128713,2.107843137254902,3994,4001,84,0,3917,3898,110007,79,2,0,77,103
2020-11-19,US,Indiana,Lake,24508,433,0,41.41874274,-87.38277575,18089.0,0.0,0.0,5048.064544699923,1.7667700342745225,24075,23953,430,0,23523,23588,484411,555,3,0,552,365
2020-11-19,US,Indiana,Lawrence,1607,44,0,38.84112637,-86.48361629,18093.0,0.0,0.0,3541.988097862024,2.7380211574362168,1563,1583,43,0,1540,1547,45668,24,1,0,23,36
2020-11-19,US,Indiana,Madison,4290,118,0,40.16143691,-85.71964711,18095.0,0.0,0.0,3310.977162747262,2.7505827505827507,4172,4183,118,0,4065,4069,129641,107,0,0,107,114
2020-11-19,US,Indiana,Marion,38327,831,0,39.78163624,-86.13826325,18097.0,0.0,0.0,3973.430978392713,2.168184308711874,37496,37552,828,0,36724,36874,954670,775,3,0,772,678
2020-11-19,US,Indiana,Marshall,2696,39,0,41.32467367,-86.26185087,18099.0,0.0,0.0,5828.181071382247,1.446587537091988,2657,2637,38,0,2599,2558,46248,59,1,0,58,79
2020-11-19,US,Indiana,Martin,320,2,0,38.7099921,-86.80373186,18101.0,0.0,0.0,3120.429058995612,0.625,318,304,2,0,302,293,10217,16,0,0,16,11
2020-11-19,US,Indiana,Miami,1360,12,0,40.76940965,-86.04525048,18103.0,0.0,0.0,3829.260051807636,0.8823529411764706,1348,1289,11,0,1278,1230,35567,71,1,0,70,59
2020-11-19,US,Indiana,Monroe,4817,43,0,39.16130004,-86.52414358,18105.0,0.0,0.0,3245.2789511624933,0.8926717874195558,4774,4713,43,0,4670,4593,146917,104,0,0,104,120
2020-11-19,US,Indiana,Montgomery,1192,25,0,40.04034823,-86.89335024,18107.0,0.0,0.0,3109.186707705149,2.097315436241611,1167,1154,24,0,1130,1144,38346,38,1,0,37,10
2020-11-19,US,Indiana,Morgan,1831,43,0,39.47899078,-86.44573375,18109.0,0.0,0.0,2597.568414929989,2.3484434735117423,1788,1787,42,0,1745,1747,70116,44,1,0,43,40
2020-11-19,US,Indiana,Newton,508,12,0,40.95610449,-87.39635768,18111.0,0.0,0.0,3632.7231121281466,2.3622047244094486,496,484,12,0,472,476,14011,24,0,0,24,8
2020-11-19,US,Indiana,Noble,2267,44,0,41.39672484,-85.41966713,18113.0,0.0,0.0,4748.240616621984,1.9408910454344952,2223,2186,44,0,2142,2129,47532,81,0,0,81,57
2020-11-19,US,Indiana,Ohio,213,7,0,38.955304999999996,-84.96515993,18115.0,0.0,0.0,3625.531914893617,3.286384976525821,206,209,7,0,202,201,5844,4,0,0,4,8
2020-11-19,US,Indiana,Orange,618,28,0,38.54118920000001,-86.49523093,18117.0,0.0,0.0,3145.678509620279,4.53074433656958,590,601,28,0,573,592,19489,17,0,0,17,9
2020-11-19,US,Indiana,Owen,514,6,0,39.31145587,-86.83900724,18119.0,0.0,0.0,2471.272657339295,1.1673151750972763,508,495,6,0,489,480,20845,19,0,0,19,15
2020-11-19,US,Indiana,Parke,475,6,0,39.77202286,-87.20375833,18121.0,0.0,0.0,2804.51083426817,1.263157894736842,469,442,6,0,436,425,16927,33,0,0,33,17
2020-11-19,US,Indiana,Perry,775,21,0,38.07809328,-86.63741946,18123.0,0.0,0.0,4042.9860712608893,2.7096774193548385,754,762,21,0,741,752,19102,13,0,0,13,10
2020-11-19,US,Indiana,Pike,480,18,0,38.40112197,-87.23574907,18125.0,0.0,0.0,3874.404713859069,3.75,462,471,18,0,453,464,12410,9,0,0,9,7
2020-11-19,US,Indiana,Porter,7207,69,0,41.45986947,-87.06848888,18127.0,0.0,0.0,4229.733140050121,0.9574025253226032,7138,6992,69,0,6923,6846,169594,215,0,0,215,146
2020-11-19,US,Indiana,Posey,1108,13,0,38.02097333,-87.86480429,18129.0,0.0,0.0,4357.572658984544,1.1732851985559567,1095,1096,13,0,1083,1076,25540,12,0,0,12,20
2020-11-19,US,Indiana,Pulaski,343,10,0,41.04166107,-86.69890683,18131.0,0.0,0.0,2776.653444507407,2.915451895043732,333,335,10,0,325,327,12469,8,0,0,8,8
2020-11-19,US,Indiana,Putnam,1090,25,0,39.66437981,-86.84517605,18133.0,0.0,0.0,2900.7877368533104,2.2935779816513757,1065,1046,24,0,1022,1037,37779,44,1,0,43,9
2020-11-19,US,Indiana,Randolph,1045,16,0,40.15734772,-85.01139319,18135.0,0.0,0.0,4236.772754915873,1.5311004784688995,1029,1024,13,0,1011,993,24851,21,3,0,18,31
2020-11-19,US,Indiana,Ripley,1089,13,0,39.10235626,-85.26212744,18137.0,0.0,0.0,3844.795932777856,1.1937557392102849,1076,1054,13,0,1041,1018,28523,35,0,0,35,36
2020-11-19,US,Indiana,Rush,468,6,0,39.62002287,-85.4655599,18139.0,0.0,0.0,2822.507689524154,1.2820512820512822,462,455,6,0,449,450,16663,13,0,0,13,5
2020-11-19,US,Indiana,Scott,876,17,0,38.68672078,-85.74627859,18143.0,0.0,0.0,3669.417333389186,1.9406392694063928,859,823,17,0,806,801,23878,53,0,0,53,22
2020-11-19,US,Indiana,Shelby,1586,52,0,39.52305623,-85.79158570000001,18145.0,0.0,0.0,3545.7980281249293,3.278688524590164,1534,1550,49,0,1501,1520,44593,36,3,0,33,30
2020-11-19,US,Indiana,Spencer,730,7,0,38.01519732,-87.0079644,18147.0,0.0,0.0,3600.1380874882866,0.9589041095890408,723,718,7,0,711,706,20327,12,0,0,12,12
2020-11-19,US,Indiana,St. Joseph,15239,212,0,41.61756781,-86.29040834,18141.0,0.0,0.0,5606.159822827838,1.3911673994356586,15027,14965,204,0,14761,14700,270771,274,8,0,266,265
2020-11-19,US,Indiana,Starke,825,19,0,41.27890281,-86.64686895,18149.0,0.0,0.0,3587.7364644487925,2.303030303030303,806,804,19,0,785,788,22935,21,0,0,21,16
2020-11-19,US,Indiana,Steuben,1264,13,0,41.64423868,-85.00101094,18151.0,0.0,0.0,3653.8127999074986,1.0284810126582278,1251,1233,13,0,1220,1184,34586,31,0,0,31,49
2020-11-19,US,Indiana,Sullivan,759,15,0,39.08952258,-87.41414469,18153.0,0.0,0.0,3672.166045769026,1.9762845849802368,744,733,15,0,718,706,20690,26,0,0,26,27
2020-11-19,US,Indiana,Switzerland,231,3,0,38.82767338,-85.03022429,18155.0,0.0,0.0,2148.6373360617613,1.2987012987012987,228,225,3,0,222,217,10717,6,0,0,6,8
2020-11-19,US,Indiana,Tippecanoe,7415,25,0,40.38872739,-86.89413959,18157.0,0.0,0.0,3788.343244844992,0.33715441672285906,7390,7153,24,0,7129,6981,193048,262,1,0,261,172
2020-11-19,US,Indiana,Tipton,485,25,0,40.31123252,-86.05234925,18159.0,0.0,0.0,3201.742804330604,5.154639175257731,460,468,25,0,443,457,15128,17,0,0,17,11
2020-11-19,US,Indiana,Unassigned,0,254,0,0.0,0.0,90018.0,0.0,0.0,0.0,0.0,-254,0,254,0,-254,0,,0,0,0,0,0
2020-11-19,US,Indiana,Union,238,1,0,39.62550777,-84.92497066,18161.0,0.0,0.0,3373.9722143464696,0.4201680672268908,237,235,1,0,234,231,7037,3,0,0,3,4
2020-11-19,US,Indiana,Vanderburgh,8761,109,0,38.02658833,-87.58763124,18163.0,0.0,0.0,4828.3007533714335,1.2441502111631093,8652,8637,108,0,8529,8522,180974,124,1,0,123,115
2020-11-19,US,Indiana,Vermillion,506,2,0,39.8523352,-87.46160542,18165.0,0.0,0.0,3264.9374112788746,0.3952569169960474,504,478,2,0,476,470,15479,28,0,0,28,8
2020-11-19,US,Indiana,Vigo,5273,69,0,39.42944561,-87.39169027,18167.0,0.0,0.0,4926.287860386031,1.3085530058790062,5204,5087,69,0,5018,4993,107386,186,0,0,186,94
2020-11-19,US,Indiana,Wabash,1305,17,0,40.84704239,-85.79328272,18169.0,0.0,0.0,4210.220673635308,1.3026819923371646,1288,1243,17,0,1226,1181,31280,62,0,0,62,62
2020-11-19,US,Indiana,Warren,201,2,0,40.34728141,-87.35602659,18171.0,0.0,0.0,2431.9419237749553,0.9950248756218906,199,193,2,0,191,185,8263,8,0,0,8,8
2020-11-19,US,Indiana,Warrick,2937,72,0,38.08922676,-87.2716085,18173.0,0.0,0.0,4662.052763579796,2.4514811031664965,2865,2900,71,0,2829,2864,62567,37,1,0,36,36
2020-11-19,US,Indiana,Washington,620,5,0,38.60219804,-86.1049363,18175.0,0.0,0.0,2211.4424311599373,0.8064516129032258,615,602,5,0,597,590,27943,18,0,0,18,12
2020-11-19,US,Indiana,Wayne,2675,54,0,39.863344399999995,-85.01044989,18177.0,0.0,0.0,4060.166352984033,2.0186915887850465,2621,2577,52,0,2525,2499,65936,98,2,0,96,78
2020-11-19,US,Indiana,Wells,1072,21,0,40.72934187,-85.22132966,18179.0,0.0,0.0,3788.5213457732543,1.958955223880597,1051,1048,21,0,1027,960,28206,24,0,0,24,88
2020-11-19,US,Indiana,White,1077,19,0,40.74911165,-86.86492015,18181.0,0.0,0.0,4468.508837440876,1.7641597028783658,1058,1052,19,0,1033,1030,24133,25,0,0,25,22
2020-11-19,US,Indiana,Whitley,1158,10,0,41.13863784,-85.50791236,18183.0,0.0,0.0,3409.4924037215874,0.8635578583765112,1148,1107,8,0,1099,1062,34074,51,2,0,49,45
2020-11-19,US,Iowa,Adair,385,6,0,41.33075609,-94.47105874,19001.0,0.0,0.0,5383.109619686801,1.5584415584415583,379,377,5,0,372,359,7063,8,1,0,7,18
2020-11-19,US,Iowa,Adams,150,1,0,41.02903567,-94.69932645,19003.0,0.0,0.0,4164.353137146029,0.6666666666666666,149,143,1,0,142,140,3645,7,0,0,7,3
2020-11-19,US,Iowa,Allamakee,674,11,0,43.28383218,-91.37860922,19005.0,0.0,0.0,4924.380799298605,1.632047477744807,663,663,9,0,654,640,13832,11,2,0,9,23
2020-11-19,US,Iowa,Appanoose,676,6,0,40.74324454,-92.86865906,19007.0,0.0,0.0,5440.206019636245,0.8875739644970414,670,665,5,0,660,647,12437,11,1,0,10,18
2020-11-19,US,Iowa,Audubon,274,1,0,41.6844628,-94.90581859,19009.0,0.0,0.0,4985.443959243086,0.36496350364963503,273,270,1,0,269,269,5506,4,0,0,4,1
2020-11-19,US,Iowa,Benton,1486,13,0,42.08011739,-92.06463573,19011.0,0.0,0.0,5794.501852212907,0.8748317631224765,1473,1456,12,0,1444,1420,25642,30,1,0,29,36
2020-11-19,US,Iowa,Black Hawk,9803,125,0,42.4704581,-92.30524729,19013.0,0.0,0.0,7470.204529521139,1.2751198612669592,9678,9615,124,0,9491,9415,132408,188,1,0,187,200
2020-11-19,US,Iowa,Boone,1198,10,0,42.03657094,-93.9313999,19015.0,0.0,0.0,4566.592970953724,0.8347245409015025,1188,1180,10,0,1170,1133,26346,18,0,0,18,47
2020-11-19,US,Iowa,Bremer,1677,12,0,42.77461496,-92.31795937,19017.0,0.0,0.0,6691.405314819248,0.7155635062611807,1665,1611,12,0,1599,1575,24947,66,0,0,66,36
2020-11-19,US,Iowa,Buchanan,1026,8,0,42.4709188,-91.83510825,19019.0,0.0,0.0,4845.3364817001175,0.7797270955165692,1018,997,7,0,990,963,21199,29,1,0,28,34
2020-11-19,US,Iowa,Buena Vista,2832,14,0,42.73545875,-95.15100162,19021.0,0.0,0.0,14434.250764525994,0.4943502824858757,2818,2790,14,0,2776,2763,19874,42,0,0,42,27
2020-11-19,US,Iowa,Butler,856,3,0,42.73172833,-92.79015971,19023.0,0.0,0.0,5928.38839254796,0.3504672897196261,853,827,3,0,824,800,14539,29,0,0,29,27
2020-11-19,US,Iowa,Calhoun,955,7,0,42.38521079,-94.64046046,19025.0,0.0,0.0,9877.947869259411,0.7329842931937173,948,927,7,0,920,913,9699,28,0,0,28,14
2020-11-19,US,Iowa,Carroll,1822,15,0,42.03617207,-94.86032705,19027.0,0.0,0.0,9035.457475824449,0.8232711306256859,1807,1792,15,0,1777,1774,20154,30,0,0,30,18
2020-11-19,US,Iowa,Cass,693,18,0,41.33149454,-94.92792482,19029.0,0.0,0.0,5398.878155188532,2.5974025974025974,675,678,18,0,660,665,12930,15,0,0,15,13
2020-11-19,US,Iowa,Cedar,927,13,0,41.77233777,-91.13246684,19031.0,0.0,0.0,4976.646803027863,1.4023732470334411,914,903,13,0,890,888,18627,24,0,0,24,15
2020-11-19,US,Iowa,Cerro Gordo,3017,38,0,43.08177563,-93.2612239,19033.0,0.0,0.0,7107.184923439341,1.2595293337752735,2979,2924,37,0,2887,2827,42647,93,1,0,92,97
2020-11-19,US,Iowa,Cherokee,696,4,0,42.73538914,-95.62389402,19035.0,0.0,0.0,6194.926568758345,0.5747126436781609,692,680,4,0,676,671,11321,16,0,0,16,9
2020-11-19,US,Iowa,Chickasaw,719,2,0,43.06001295,-92.31773347,19037.0,0.0,0.0,6025.3079694963535,0.27816411682892905,717,701,2,0,699,655,11964,18,0,0,18,46
2020-11-19,US,Iowa,Clarke,447,4,0,41.02868181,-93.78499767,19039.0,0.0,0.0,4757.8499201703025,0.8948545861297539,443,446,4,0,442,437,9423,1,0,0,1,9
2020-11-19,US,Iowa,Clay,979,4,0,43.08247182,-95.15096481,19041.0,0.0,0.0,6112.6373626373625,0.4085801838610828,975,949,4,0,945,933,16134,30,0,0,30,16
2020-11-19,US,Iowa,Clayton,927,4,0,42.84443388,-91.34133693,19043.0,0.0,0.0,5282.352270784661,0.43149946062567424,923,914,4,0,910,888,17556,13,0,0,13,26
2020-11-19,US,Iowa,Clinton,2864,37,0,41.89981633,-90.53275096,19045.0,0.0,0.0,6168.558444075901,1.291899441340782,2827,2791,37,0,2754,2718,46518,73,0,0,73,73
2020-11-19,US,Iowa,Crawford,1656,15,0,42.03718237,-95.3819718,19047.0,0.0,0.0,9845.422116527945,0.9057971014492754,1641,1641,15,0,1626,1627,17158,15,0,0,15,14
2020-11-19,US,Iowa,Dallas,5687,54,0,41.68560356,-94.04127625,19049.0,0.0,0.0,6085.411918290479,0.949534024969228,5633,5578,54,0,5524,5486,90180,109,0,0,109,92
2020-11-19,US,Iowa,Davis,403,4,0,40.74773536,-92.41005468,19051.0,0.0,0.0,4477.777777777777,0.9925558312655088,399,389,4,0,385,375,9017,14,0,0,14,14
2020-11-19,US,Iowa,Decatur,287,0,0,40.73742757,-93.78645949,19053.0,0.0,0.0,3646.7598475222358,0.0,287,279,0,0,279,272,7890,8,0,0,8,7
2020-11-19,US,Iowa,Delaware,1290,21,0,42.47104597,-91.3664492,19055.0,0.0,0.0,7583.3284345423535,1.627906976744186,1269,1276,20,0,1256,1241,17069,14,1,0,13,35
2020-11-19,US,Iowa,Des Moines,2537,15,0,40.92012606,-91.18326592,19057.0,0.0,0.0,6510.63720584084,0.5912495072920773,2522,2477,15,0,2462,2392,39138,60,0,0,60,85
2020-11-19,US,Iowa,Dickinson,1200,9,0,43.37787725,-95.1510206,19059.0,0.0,0.0,6953.297021671108,0.75,1191,1133,9,0,1124,1124,17153,67,0,0,67,9
2020-11-19,US,Iowa,Dubuque,8321,89,0,42.46815349,-90.88181925,19061.0,0.0,0.0,8550.934632261513,1.0695829828145655,8232,8200,88,0,8112,8068,96854,121,1,0,120,132
2020-11-19,US,Iowa,Emmet,673,23,0,43.37782951,-94.67858943,19063.0,0.0,0.0,7308.861859252824,3.4175334323922733,650,647,23,0,624,638,9253,26,0,0,26,9
2020-11-19,US,Iowa,Fayette,909,8,0,42.86271799,-91.84412309999999,19065.0,0.0,0.0,4625.954198473282,0.8800880088008801,901,884,8,0,876,858,19660,25,0,0,25,26
2020-11-19,US,Iowa,Floyd,871,14,0,43.06000529999999,-92.78940097,19067.0,0.0,0.0,5568.341644291011,1.6073478760045925,857,826,13,0,813,799,15761,45,1,0,44,27
2020-11-19,US,Iowa,Franklin,647,19,0,42.73270384,-93.26256925,19069.0,0.0,0.0,6425.024826216486,2.9366306027820714,628,634,19,0,615,596,10124,13,0,0,13,38
2020-11-19,US,Iowa,Fremont,324,2,0,40.74542720000001,-95.60129045,19071.0,0.0,0.0,4655.172413793103,0.6172839506172839,322,321,2,0,319,313,6993,3,0,0,3,8
2020-11-19,US,Iowa,Greene,456,0,0,42.03614551,-94.39658081,19073.0,0.0,0.0,5130.513051305131,0.0,456,446,0,0,446,428,8981,10,0,0,10,18
2020-11-19,US,Iowa,Grundy,733,10,0,42.40183723,-92.78829551,19075.0,0.0,0.0,5992.478744277306,1.364256480218281,723,709,10,0,699,692,12304,24,0,0,24,17
2020-11-19,US,Iowa,Guthrie,667,15,0,41.68378965,-94.50111014,19077.0,0.0,0.0,6240.059874637478,2.2488755622188905,652,648,15,0,633,638,10720,19,0,0,19,10
2020-11-19,US,Iowa,Hamilton,904,7,0,42.38382428,-93.70197703,19079.0,0.0,0.0,6119.2716442158,0.7743362831858407,897,877,6,0,871,842,14952,27,1,0,26,35
2020-11-19,US,Iowa,Hancock,750,7,0,43.08178477,-93.73454884,19081.0,0.0,0.0,7055.503292568204,0.9333333333333332,743,733,6,0,727,701,10712,17,1,0,16,32
2020-11-19,US,Iowa,Hardin,990,10,0,42.38353877,-93.23654611,19083.0,0.0,0.0,5876.7659978629945,1.0101010101010102,980,972,10,0,962,935,16868,18,0,0,18,37
2020-11-19,US,Iowa,Harrison,967,26,0,41.68330137,-95.81558439,19085.0,0.0,0.0,6883.052174531995,2.6887280248190284,941,952,26,0,926,936,14134,15,0,0,15,16
2020-11-19,US,Iowa,Henry,1636,7,0,40.98767962,-91.54436349,19087.0,0.0,0.0,8198.857371955497,0.4278728606356968,1629,1608,7,0,1601,1572,20067,28,0,0,28,36
2020-11-19,US,Iowa,Howard,464,9,0,43.35671042,-92.31702714,19089.0,0.0,0.0,5066.6084297881625,1.9396551724137927,455,449,9,0,440,423,9187,15,0,0,15,26
2020-11-19,US,Iowa,Humboldt,629,4,0,42.7764426,-94.20722537,19091.0,0.0,0.0,6580.874659970706,0.6359300476947536,625,616,4,0,612,597,9547,13,0,0,13,19
2020-11-19,US,Iowa,Ida,417,9,0,42.38696136,-95.51355387,19093.0,0.0,0.0,6078.7172011661805,2.1582733812949644,408,411,8,0,403,404,6841,6,1,0,5,7
2020-11-19,US,Iowa,Iowa,825,11,0,41.68630265,-92.0643373,19095.0,0.0,0.0,5097.627286208601,1.3333333333333333,814,799,11,0,788,784,16141,26,0,0,26,15
2020-11-19,US,Iowa,Jackson,1284,8,0,42.17178824,-90.57354837,19097.0,0.0,0.0,6605.27804928237,0.6230529595015576,1276,1270,8,0,1262,1244,19432,14,0,0,14,26
2020-11-19,US,Iowa,Jasper,1958,39,0,41.68576082,-93.05567785,19099.0,0.0,0.0,5265.5640715342215,1.9918283963227783,1919,1919,37,0,1882,1876,37147,39,2,0,37,43
2020-11-19,US,Iowa,Jefferson,568,1,0,41.03192394,-91.94849466,19101.0,0.0,0.0,3104.6734080349825,0.17605633802816897,567,552,1,0,551,527,18381,16,0,0,16,25
2020-11-19,US,Iowa,Johnson,8700,35,0,41.67169354,-91.58754744,19103.0,0.0,0.0,5756.25248114331,0.4022988505747127,8665,8556,35,0,8521,8433,151260,144,0,0,144,123
2020-11-19,US,Iowa,Jones,2083,10,0,42.12118609,-91.13139641,19105.0,0.0,0.0,10072.046806247281,0.4800768122899664,2073,2048,9,0,2039,1998,20744,35,1,0,34,50
2020-11-19,US,Iowa,Keokuk,488,5,0,41.33649833,-92.1785067,19107.0,0.0,0.0,4762.834276790943,1.024590163934426,483,467,5,0,462,449,10225,21,0,0,21,18
2020-11-19,US,Iowa,Kossuth,878,3,0,43.20405458,-94.20691791,19109.0,0.0,0.0,5927.226085195436,0.3416856492027335,875,831,3,0,828,803,14908,47,0,0,47,28
2020-11-19,US,Iowa,Lee,1794,14,0,40.64181461,-91.48183025,19111.0,0.0,0.0,5330.243337195829,0.7803790412486065,1780,1757,14,0,1743,1696,34055,37,0,0,37,61
2020-11-19,US,Iowa,Linn,12620,150,0,42.07923082,-91.59809485,19113.0,0.0,0.0,5566.681075930941,1.1885895404120443,12470,12407,150,0,12257,12162,225909,213,0,0,213,245
2020-11-19,US,Iowa,Louisa,763,16,0,41.21842119,-91.26102611,19115.0,0.0,0.0,6914.3633892161315,2.0969855832241158,747,748,16,0,732,735,11169,15,0,0,15,13
2020-11-19,US,Iowa,Lucas,295,6,0,41.02958964,-93.32780803,19117.0,0.0,0.0,3430.232558139535,2.0338983050847457,289,291,6,0,285,288,8645,4,0,0,4,3
2020-11-19,US,Iowa,Lyon,899,8,0,43.38107862,-96.20926845,19119.0,0.0,0.0,7647.809442790302,0.8898776418242491,891,874,8,0,866,859,11811,25,0,0,25,15
2020-11-19,US,Iowa,Madison,608,4,0,41.33081904,-94.01554631,19121.0,0.0,0.0,3721.385726527115,0.6578947368421053,604,598,4,0,594,584,16249,10,0,0,10,14
2020-11-19,US,Iowa,Mahaska,1130,26,0,41.33521503,-92.64083907,19123.0,0.0,0.0,5114.279248698801,2.3008849557522124,1104,1119,26,0,1093,1106,22000,11,0,0,11,13
2020-11-19,US,Iowa,Marion,1812,17,0,41.33445101,-93.09934783,19125.0,0.0,0.0,5449.132409105945,0.9381898454746136,1795,1763,17,0,1746,1714,33407,49,0,0,49,49
2020-11-19,US,Iowa,Marshall,3157,40,0,42.03586837,-92.99908190000001,19127.0,0.0,0.0,8018.999720592345,1.2670256572695595,3117,3114,40,0,3074,3077,39981,43,0,0,43,37
2020-11-19,US,Iowa,Mills,921,6,0,41.03299766,-95.61920963,19129.0,0.0,0.0,6095.704546958767,0.6514657980456026,915,886,6,0,880,863,15063,35,0,0,35,23
2020-11-19,US,Iowa,Mitchell,672,4,0,43.35638371,-92.78887719,19131.0,0.0,0.0,6348.0068014358585,0.5952380952380952,668,641,4,0,637,622,10569,31,0,0,31,19
2020-11-19,US,Iowa,Monona,359,2,0,42.05220391,-95.95743843,19133.0,0.0,0.0,4167.150319210678,0.5571030640668524,357,354,2,0,352,347,8679,5,0,0,5,7
2020-11-19,US,Iowa,Monroe,397,12,0,41.02988815,-92.8690667,19135.0,0.0,0.0,5151.161281951473,3.022670025188917,385,392,12,0,380,384,7790,5,0,0,5,8
2020-11-19,US,Iowa,Montgomery,403,10,0,41.03018714,-95.15642896,19137.0,0.0,0.0,4063.728950287385,2.481389578163772,393,389,10,0,379,369,10003,14,0,0,14,20
2020-11-19,US,Iowa,Muscatine,2528,63,0,41.48370744,-91.11216970000001,19139.0,0.0,0.0,5925.370335645978,2.492088607594937,2465,2469,62,0,2407,2409,42929,59,1,0,58,60
2020-11-19,US,Iowa,O'Brien,1152,26,0,43.08310673,-95.62474482,19141.0,0.0,0.0,8376.354249981821,2.2569444444444446,1126,1132,26,0,1106,1116,13840,20,0,0,20,16
2020-11-19,US,Iowa,Osceola,469,0,0,43.37824276,-95.62422844,19143.0,0.0,0.0,7871.769050016785,0.0,469,461,0,0,461,449,6040,8,0,0,8,12
2020-11-19,US,Iowa,Page,1044,3,0,40.7393172,-95.1497813,19145.0,0.0,0.0,6910.703647315814,0.28735632183908044,1041,1031,3,0,1028,1014,15249,13,0,0,13,17
2020-11-19,US,Iowa,Palo Alto,571,3,0,43.08193849,-94.67824621,19147.0,0.0,0.0,6425.8383974791805,0.5253940455341506,568,565,3,0,562,520,8929,6,0,0,6,45
2020-11-19,US,Iowa,Plymouth,2507,36,0,42.737633,-96.21366621,19149.0,0.0,0.0,9957.500893672795,1.4359792580773834,2471,2458,36,0,2422,2414,25095,49,0,0,49,44
2020-11-19,US,Iowa,Pocahontas,492,2,0,42.73420133,-94.67862564,19151.0,0.0,0.0,7433.147001057561,0.4065040650406504,490,485,2,0,483,475,6740,7,0,0,7,10
2020-11-19,US,Iowa,Polk,29698,317,0,41.68679484,-93.57767461,19153.0,0.0,0.0,6058.825569557757,1.0674119469324534,29381,29223,315,0,28908,28710,487204,475,2,0,473,513
2020-11-19,US,Iowa,Pottawattamie,5392,62,0,41.33640314,-95.53907776,19155.0,0.0,0.0,5785.035298156771,1.1498516320474776,5330,5234,61,0,5173,5080,93533,158,1,0,157,154
2020-11-19,US,Iowa,Poweshiek,867,12,0,41.68625425,-92.53155731,19157.0,0.0,0.0,4685.473411154345,1.3840830449826989,855,854,12,0,842,839,18699,13,0,0,13,15
2020-11-19,US,Iowa,Ringgold,158,2,0,40.73518949,-94.24368535,19159.0,0.0,0.0,3228.442991418063,1.2658227848101269,156,154,2,0,152,152,4968,4,0,0,4,2
2020-11-19,US,Iowa,Sac,730,7,0,42.38624071,-95.10547892,19161.0,0.0,0.0,7509.515481946301,0.9589041095890408,723,717,7,0,710,694,9719,13,0,0,13,23
2020-11-19,US,Iowa,Scott,9491,68,0,41.63935978,-90.61959493,19163.0,0.0,0.0,5487.935331294126,0.7164682330629017,9423,9208,66,0,9142,8962,173283,283,2,0,281,246
2020-11-19,US,Iowa,Shelby,695,3,0,41.6850066,-95.31015553,19165.0,0.0,0.0,6067.74925790117,0.4316546762589928,692,679,3,0,676,660,11578,16,0,0,16,19
2020-11-19,US,Iowa,Sioux,3392,22,0,43.08221074,-96.17675679999999,19167.0,0.0,0.0,9731.745804045331,0.6485849056603774,3370,3350,22,0,3328,3289,34909,42,0,0,42,61
2020-11-19,US,Iowa,Story,6024,19,0,42.03621213,-93.46499005,19169.0,0.0,0.0,6202.8275173244665,0.3154050464807437,6005,5905,19,0,5886,5733,98105,119,0,0,119,172
2020-11-19,US,Iowa,Tama,1409,39,0,42.07991767,-92.53266945,19171.0,0.0,0.0,8360.03322653376,2.7679205110007103,1370,1388,39,0,1349,1366,16904,21,0,0,21,22
2020-11-19,US,Iowa,Taylor,403,2,0,40.73710579,-94.69778563,19173.0,0.0,0.0,6583.891520993302,0.4962779156327544,401,393,2,0,391,384,6191,10,0,0,10,9
2020-11-19,US,Iowa,Unassigned,520,0,0,0.0,0.0,90019.0,0.0,0.0,0.0,0.0,520,497,0,0,497,468,,23,0,0,23,29
2020-11-19,US,Iowa,Union,639,6,0,41.0277278,-94.24234847,19175.0,0.0,0.0,5220.161751490891,0.9389671361502347,633,611,6,0,605,578,12359,28,0,0,28,33
2020-11-19,US,Iowa,Van Buren,318,4,0,40.75326764,-91.95017958,19177.0,0.0,0.0,4514.4804088586025,1.2578616352201255,314,310,4,0,306,299,7020,8,0,0,8,11
2020-11-19,US,Iowa,Wapello,2276,70,0,41.03064984,-92.40954728,19179.0,0.0,0.0,6508.621922274014,3.075571177504393,2206,2240,70,0,2170,2212,35205,36,0,0,36,28
2020-11-19,US,Iowa,Warren,2377,9,0,41.33559454,-93.56007641,19181.0,0.0,0.0,4618.583142268682,0.37862852334875896,2368,2328,9,0,2319,2278,51056,49,0,0,49,50
2020-11-19,US,Iowa,Washington,1214,12,0,41.33577126,-91.71725711,19183.0,0.0,0.0,5526.974732529024,0.9884678747940692,1202,1182,12,0,1170,1146,22141,32,0,0,32,36
2020-11-19,US,Iowa,Wayne,268,6,0,40.73969028,-93.32752197,19185.0,0.0,0.0,4160.84458934948,2.238805970149253,262,268,6,0,262,265,6401,0,0,0,0,3
2020-11-19,US,Iowa,Webster,3173,27,0,42.42853483,-94.17987389,19187.0,0.0,0.0,8837.455436720142,0.8509297195083517,3146,3119,27,0,3092,3053,36277,54,0,0,54,66
2020-11-19,US,Iowa,Winnebago,825,23,0,43.37751174,-93.73407298,19189.0,0.0,0.0,7967.935097546842,2.787878787878788,802,805,23,0,782,784,10518,20,0,0,20,21
2020-11-19,US,Iowa,Winneshiek,840,9,0,43.29094334,-91.84422722,19191.0,0.0,0.0,4201.890850882896,1.0714285714285714,831,805,9,0,796,785,20029,35,0,0,35,20
2020-11-19,US,Iowa,Woodbury,9577,110,0,42.38979414,-96.0459439,19193.0,0.0,0.0,9288.409128381196,1.1485851519264905,9467,9488,109,0,9379,9362,102539,89,1,0,88,126
2020-11-19,US,Iowa,Worth,307,0,0,43.37750768,-93.26087602,19195.0,0.0,0.0,4159.328004335456,0.0,307,291,0,0,291,283,7453,16,0,0,16,8
2020-11-19,US,Iowa,Wright,1101,5,0,42.73305373,-93.73515113,19197.0,0.0,0.0,8764.527941410603,0.4541326067211626,1096,1088,4,0,1084,1049,12690,13,1,0,12,39
2020-11-19,US,Kansas,Allen,283,1,0,37.88582951,-95.30030847,20001.0,0.0,0.0,2287.9780095399788,0.353356890459364,282,283,1,0,282,256,12444,0,0,0,0,27
2020-11-19,US,Kansas,Anderson,329,0,0,38.21413251,-95.29272815,20003.0,0.0,0.0,4186.815983710868,0.0,329,329,0,0,329,323,7878,0,0,0,0,6
2020-11-19,US,Kansas,Atchison,736,9,0,39.53185661,-95.30870026,20005.0,0.0,0.0,4579.1078205686545,1.2228260869565215,727,736,9,0,727,712,16193,0,0,0,0,24
2020-11-19,US,Kansas,Barber,164,0,0,37.2288586,-98.68460053,20007.0,0.0,0.0,3704.540320758979,0.0,164,164,0,0,164,158,4472,0,0,0,0,6
2020-11-19,US,Kansas,Barton,1372,13,0,38.47889676,-98.75636726,20009.0,0.0,0.0,5322.161449241631,0.9475218658892128,1359,1372,13,0,1359,1303,26111,0,0,0,0,69
2020-11-19,US,Kansas,Bourbon,438,3,0,37.85508555,-94.84865997,20011.0,0.0,0.0,3013.62322829228,0.6849315068493149,435,438,3,0,435,395,14653,0,0,0,0,43
2020-11-19,US,Kansas,Brown,554,7,0,39.82652589,-95.56421698,20013.0,0.0,0.0,5792.555416143873,1.263537906137184,547,554,6,0,548,506,9598,0,1,0,-1,48
2020-11-19,US,Kansas,Butler,2654,7,0,37.78134351,-96.83878537,20015.0,0.0,0.0,3966.4629134223073,0.2637528259231349,2647,2654,7,0,2647,2535,66765,0,0,0,0,119
2020-11-19,US,Kansas,Chase,139,3,0,38.30292938,-96.59563862,20017.0,0.0,0.0,5249.244712990937,2.1582733812949644,136,139,3,0,136,139,2629,0,0,0,0,0
2020-11-19,US,Kansas,Chautauqua,54,0,0,37.14994405,-96.2454192,20019.0,0.0,0.0,1661.5384615384617,0.0,54,54,0,0,54,45,3309,0,0,0,0,9
2020-11-19,US,Kansas,Cherokee,999,8,0,37.16928494,-94.8462897,20021.0,0.0,0.0,5010.281358142334,0.8008008008008008,991,999,8,0,991,931,20015,0,0,0,0,68
2020-11-19,US,Kansas,Cheyenne,189,8,0,39.78580976,-101.7318201,20023.0,0.0,0.0,7113.285660519384,4.232804232804233,181,189,8,0,181,183,2660,0,0,0,0,6
2020-11-19,US,Kansas,Clark,95,4,0,37.23577007,-99.81883015,20025.0,0.0,0.0,4764.292878635908,4.2105263157894735,91,95,4,0,91,91,2005,0,0,0,0,4
2020-11-19,US,Kansas,Clay,381,9,0,39.34948772,-97.16518128,20027.0,0.0,0.0,4761.309672581854,2.3622047244094486,372,381,9,0,372,311,7997,0,0,0,0,70
2020-11-19,US,Kansas,Cloud,469,4,0,39.48028352,-97.64925343,20029.0,0.0,0.0,5338.0377873890275,0.8528784648187633,465,469,4,0,465,439,8729,0,0,0,0,30
2020-11-19,US,Kansas,Coffey,258,9,0,38.2365018,-95.73379515,20031.0,0.0,0.0,3154.4198557280847,3.4883720930232562,249,258,9,0,249,251,8233,0,0,0,0,7
2020-11-19,US,Kansas,Comanche,35,0,0,37.19114520000001,-99.27113247,20033.0,0.0,0.0,2058.8235294117653,0.0,35,35,0,0,35,31,1748,0,0,0,0,4
2020-11-19,US,Kansas,Cowley,1198,10,0,37.23781842,-96.83776647,20035.0,0.0,0.0,3431.8780795233183,0.8347245409015025,1188,1198,10,0,1188,1104,35218,0,0,0,0,94
2020-11-19,US,Kansas,Crawford,2026,17,0,37.50675523,-94.85245778,20037.0,0.0,0.0,5219.228193106291,0.8390918065153011,2009,2026,14,0,2012,1944,39019,0,3,0,-3,82
2020-11-19,US,Kansas,Decatur,189,1,0,39.78468441,-100.45940809999999,20039.0,0.0,0.0,6685.532366466218,0.5291005291005291,188,189,1,0,188,188,2871,0,0,0,0,1
2020-11-19,US,Kansas,Dickinson,634,6,0,38.86600962,-97.15532383,20041.0,0.0,0.0,3433.33694357197,0.946372239747634,628,634,6,0,628,596,18717,0,0,0,0,38
2020-11-19,US,Kansas,Doniphan,363,2,0,39.79067154,-95.14056866,20043.0,0.0,0.0,4776.315789473684,0.5509641873278237,361,363,2,0,361,344,7682,0,0,0,0,19
2020-11-19,US,Kansas,Douglas,4104,20,0,38.88503636,-95.2925121,20045.0,0.0,0.0,3356.8080877481407,0.4873294346978557,4084,4035,20,0,4015,3979,121436,69,0,0,69,56
2020-11-19,US,Kansas,Edwards,149,0,0,37.88735543,-99.31263309,20047.0,0.0,0.0,5325.232308791994,0.0,149,149,0,0,149,129,2849,0,0,0,0,20
2020-11-19,US,Kansas,Elk,36,0,0,37.45338105,-96.24369667,20049.0,0.0,0.0,1422.924901185771,0.0,36,36,0,0,36,33,2508,0,0,0,0,3
2020-11-19,US,Kansas,Ellis,1981,21,0,38.91458712,-99.31751551,20051.0,0.0,0.0,6937.974993871047,1.060070671378092,1960,1981,21,0,1960,1908,28710,0,0,0,0,73
2020-11-19,US,Kansas,Ellsworth,523,4,0,38.69677695,-98.20462799,20053.0,0.0,0.0,8570.960340871845,0.7648183556405354,519,523,4,0,519,502,6196,0,0,0,0,21
2020-11-19,US,Kansas,Finney,4307,23,0,38.04340344,-100.73819379999999,20055.0,0.0,0.0,11810.678147366109,0.5340143951706524,4284,4243,23,0,4220,4162,36611,64,0,0,64,81
2020-11-19,US,Kansas,Ford,4336,13,0,37.69200114,-99.88825298,20057.0,0.0,0.0,12897.468693298433,0.29981549815498154,4323,4336,13,0,4323,4225,33888,0,0,0,0,111
2020-11-19,US,Kansas,Franklin,919,13,0,38.56443815,-95.28644341,20059.0,0.0,0.0,3597.713748825556,1.4145810663764962,906,919,13,0,906,887,25631,0,0,0,0,32
2020-11-19,US,Kansas,Geary,748,5,0,38.99871131,-96.7577178,20061.0,0.0,0.0,2361.856646668772,0.6684491978609626,743,748,5,0,743,726,32594,0,0,0,0,22
2020-11-19,US,Kansas,Gove,260,19,0,38.91588178,-100.4829321,20063.0,0.0,0.0,9863.429438543248,7.3076923076923075,241,260,19,0,241,251,2612,0,0,0,0,9
2020-11-19,US,Kansas,Graham,117,2,0,39.34987223,-99.88332493,20065.0,0.0,0.0,4713.9403706688145,1.709401709401709,115,117,2,0,115,113,2492,0,0,0,0,4
2020-11-19,US,Kansas,Grant,643,10,0,37.56227336,-101.3079758,20067.0,0.0,0.0,8993.006993006993,1.5552099533437014,633,632,10,0,622,622,7336,11,0,0,11,10
2020-11-19,US,Kansas,Gray,383,4,0,37.73836671,-100.4369088,20069.0,0.0,0.0,6396.125584502338,1.0443864229765014,379,383,4,0,379,313,6033,0,0,0,0,70
2020-11-19,US,Kansas,Greeley,79,0,0,38.4808095,-101.8061079,20071.0,0.0,0.0,6412.3376623376635,0.0,79,79,0,0,79,69,1227,0,0,0,0,10
2020-11-19,US,Kansas,Greenwood,161,0,0,37.8774388,-96.23250453,20073.0,0.0,0.0,2691.407556001337,0.0,161,161,0,0,161,161,6055,0,0,0,0,0
2020-11-19,US,Kansas,Hamilton,115,0,0,37.99978709,-101.7921066,20075.0,0.0,0.0,4529.342260732572,0.0,115,115,0,0,115,101,2607,0,0,0,0,14
2020-11-19,US,Kansas,Harper,262,5,0,37.19175361,-98.07578384,20077.0,0.0,0.0,4819.720382634289,1.9083969465648856,257,262,5,0,257,253,5506,0,0,0,0,9
2020-11-19,US,Kansas,Harvey,1482,8,0,38.04293782,-97.42747573,20079.0,0.0,0.0,4304.510732231549,0.5398110661268556,1474,1482,8,0,1474,1373,34210,0,0,0,0,109
2020-11-19,US,Kansas,Haskell,229,1,0,37.562039399999996,-100.8710738,20081.0,0.0,0.0,5771.169354838708,0.4366812227074236,228,229,1,0,228,223,3997,0,0,0,0,6
2020-11-19,US,Kansas,Hodgeman,118,0,0,38.08780079,-99.89829881,20083.0,0.0,0.0,6577.480490523969,0.0,118,118,0,0,118,112,1818,0,0,0,0,6
2020-11-19,US,Kansas,Jackson,539,4,0,39.41673394,-95.79356799,20085.0,0.0,0.0,4092.3240452509294,0.7421150278293135,535,539,4,0,535,515,13280,0,0,0,0,24
2020-11-19,US,Kansas,Jefferson,586,6,0,39.2347941,-95.38289232,20087.0,0.0,0.0,3077.246232211311,1.023890784982935,580,568,6,0,562,525,18975,18,0,0,18,43
2020-11-19,US,Kansas,Jewell,50,1,0,39.78470589,-98.21820662,20089.0,0.0,0.0,1736.714136853074,2.0,49,43,1,0,42,43,2841,7,0,0,7,0
2020-11-19,US,Kansas,Johnson,22826,260,0,38.88548175,-94.82250877,20091.0,0.0,0.0,3789.170336702629,1.1390519582931744,22566,22826,252,0,22574,21981,597555,0,8,0,-8,845
2020-11-19,US,Kansas,Kearny,280,8,0,38.00017981,-101.32168100000001,20093.0,0.0,0.0,7295.466388744138,2.8571428571428568,272,280,8,0,272,259,3943,0,0,0,0,21
2020-11-19,US,Kansas,Kingman,268,3,0,37.55909527,-98.13638678,20095.0,0.0,0.0,3747.203579418344,1.1194029850746268,265,268,3,0,265,254,7310,0,0,0,0,14
2020-11-19,US,Kansas,Kiowa,100,0,0,37.55848695,-99.2856537,20097.0,0.0,0.0,4040.4040404040397,0.0,100,100,0,0,100,100,2516,0,0,0,0,0
2020-11-19,US,Kansas,Labette,721,6,0,37.19113093,-95.29849679,20099.0,0.0,0.0,3675.196248343358,0.8321775312066574,715,721,6,0,715,672,19964,0,0,0,0,49
2020-11-19,US,Kansas,Lane,55,0,0,38.48119447,-100.46607540000001,20101.0,0.0,0.0,3583.061889250814,0.0,55,55,0,0,55,52,1560,0,0,0,0,3
2020-11-19,US,Kansas,Leavenworth,3297,27,0,39.20183497,-95.03620809,20103.0,0.0,0.0,4032.6328921940362,0.818926296633303,3270,3297,27,0,3270,3208,81352,0,0,0,0,89
2020-11-19,US,Kansas,Lincoln,47,1,0,39.04549684,-98.20756994,20105.0,0.0,0.0,1586.7656988521273,2.127659574468085,46,47,1,0,46,39,3023,0,0,0,0,8
2020-11-19,US,Kansas,Linn,237,1,0,38.21267844,-94.84254089,20107.0,0.0,0.0,2442.5435432340514,0.4219409282700422,236,237,1,0,236,217,9750,0,0,0,0,20
2020-11-19,US,Kansas,Logan,199,0,0,38.91735806,-101.148475,20109.0,0.0,0.0,7122.405153901217,0.0,199,199,0,0,199,193,2844,0,0,0,0,6
2020-11-19,US,Kansas,Lyon,2118,41,0,38.45576156,-96.15275715,20111.0,0.0,0.0,6380.478987799366,1.935788479697828,2077,2118,41,0,2077,1977,33406,0,0,0,0,141
2020-11-19,US,Kansas,Marion,357,1,0,38.35855394,-97.09852509999999,20115.0,0.0,0.0,3004.039044092898,0.2801120448179272,356,357,1,0,356,334,11950,0,0,0,0,23
2020-11-19,US,Kansas,Marshall,321,0,0,39.78359669,-96.52278974,20117.0,0.0,0.0,3306.8919336561244,0.0,321,321,0,0,321,290,9722,0,0,0,0,31
2020-11-19,US,Kansas,McPherson,1150,8,0,38.39184858,-97.64769869,20113.0,0.0,0.0,4029.1500245252614,0.6956521739130435,1142,1063,8,0,1055,1063,28537,87,0,0,87,0
2020-11-19,US,Kansas,Meade,261,2,0,37.23859987,-100.36483100000001,20119.0,0.0,0.0,6471.609223902801,0.7662835249042146,259,261,2,0,259,229,4146,0,0,0,0,32
2020-11-19,US,Kansas,Miami,823,2,0,38.56383358,-94.83832189,20121.0,0.0,0.0,2403.832111458364,0.24301336573511545,821,823,2,0,821,786,33680,0,0,0,0,37
2020-11-19,US,Kansas,Mitchell,157,0,0,39.39331582,-98.20906732,20123.0,0.0,0.0,2625.857166750293,0.0,157,157,0,0,157,136,6150,0,0,0,0,21
2020-11-19,US,Kansas,Montgomery,940,6,0,37.19236568,-95.74329258,20125.0,0.0,0.0,2953.2815985422108,0.6382978723404256,934,940,6,0,934,879,32120,0,0,0,0,61
2020-11-19,US,Kansas,Morris,143,1,0,38.68827511,-96.65128437,20127.0,0.0,0.0,2544.4839857651245,0.6993006993006993,142,143,1,0,142,136,5521,0,0,0,0,7
2020-11-19,US,Kansas,Morton,137,4,0,37.19141121,-101.79925190000002,20129.0,0.0,0.0,5295.709315809819,2.9197080291970803,133,105,3,0,102,105,2667,32,1,0,31,0
2020-11-19,US,Kansas,Nemaha,826,6,0,39.78345387,-96.01392079,20131.0,0.0,0.0,8073.502101456357,0.7263922518159807,820,826,6,0,820,814,10155,0,0,0,0,12
2020-11-19,US,Kansas,Neosho,558,0,0,37.55862897,-95.30670046,20133.0,0.0,0.0,3485.974885987381,0.0,558,558,0,0,558,551,15951,0,0,0,0,7
2020-11-19,US,Kansas,Ness,217,10,0,38.47974157,-99.91547333,20135.0,0.0,0.0,7890.909090909091,4.6082949308755765,207,217,10,0,207,204,2840,0,0,0,0,13
2020-11-19,US,Kansas,Norton,1025,21,0,39.78443827,-99.90286639,20137.0,0.0,0.0,19119.567244916998,2.048780487804878,1004,1025,21,0,1004,1014,5430,0,0,0,0,11
2020-11-19,US,Kansas,Osage,390,6,0,38.65235984,-95.72707998,20139.0,0.0,0.0,2445.294375822936,1.5384615384615383,384,390,6,0,384,361,15941,0,0,0,0,29
2020-11-19,US,Kansas,Osborne,56,0,0,39.3503437,-98.76753828,20141.0,0.0,0.0,1636.9482607424732,0.0,56,56,0,0,56,48,3475,0,0,0,0,8
2020-11-19,US,Kansas,Ottawa,184,0,0,39.13237408,-97.65020313,20143.0,0.0,0.0,3225.8064516129034,0.0,184,184,0,0,184,169,5802,0,0,0,0,15
2020-11-19,US,Kansas,Pawnee,549,1,0,38.18108732,-99.23692334,20145.0,0.0,0.0,8559.401309635174,0.18214936247723126,548,549,1,0,548,528,6562,0,0,0,0,21
2020-11-19,US,Kansas,Phillips,338,10,0,39.78465501,-99.34668865,20147.0,0.0,0.0,6457.776079480321,2.9585798816568047,328,338,10,0,328,323,5317,0,0,0,0,15
2020-11-19,US,Kansas,Pottawatomie,590,2,0,39.37925655,-96.34564657,20149.0,0.0,0.0,2419.718656440963,0.3389830508474576,588,590,2,0,588,574,24277,0,0,0,0,16
2020-11-19,US,Kansas,Pratt,416,1,0,37.64780729,-98.73922153,20151.0,0.0,0.0,4539.502400698385,0.2403846153846154,415,416,1,0,415,390,9378,0,0,0,0,26
2020-11-19,US,Kansas,Rawlins,159,2,0,39.78525843,-101.07616170000001,20153.0,0.0,0.0,6284.584980237155,1.2578616352201255,157,159,0,0,159,158,2508,0,2,0,-2,1
2020-11-19,US,Kansas,Reno,3969,37,0,37.95230263,-98.08607292,20155.0,0.0,0.0,6401.819413529469,0.9322247417485512,3932,3969,37,0,3932,3724,62342,0,0,0,0,245
2020-11-19,US,Kansas,Republic,212,1,0,39.82799632,-97.65036709,20157.0,0.0,0.0,4572.907679033649,0.4716981132075472,211,207,1,0,206,188,4664,5,0,0,5,19
2020-11-19,US,Kansas,Rice,314,1,0,38.34616184,-98.19992118,20159.0,0.0,0.0,3292.439970640662,0.3184713375796178,313,314,1,0,313,284,9531,0,0,0,0,30
2020-11-19,US,Kansas,Riley,3043,14,0,39.28935726,-96.73420026,20161.0,0.0,0.0,4099.310270503287,0.4600722970752547,3029,2987,14,0,2973,2987,73703,56,0,0,56,0
2020-11-19,US,Kansas,Rooks,284,7,0,39.35022773,-99.32484567,20163.0,0.0,0.0,5772.357723577235,2.4647887323943656,277,284,7,0,277,261,5013,0,0,0,0,23
2020-11-19,US,Kansas,Rush,166,0,0,38.52275276,-99.30863983,20165.0,0.0,0.0,5467.720685111989,0.0,166,166,0,0,166,156,3093,0,0,0,0,10
2020-11-19,US,Kansas,Russell,391,8,0,38.91462787,-98.76254297,20167.0,0.0,0.0,5703.0338389731605,2.0460358056265986,383,391,8,0,383,379,6907,0,0,0,0,12
2020-11-19,US,Kansas,Saline,1850,17,0,38.78369175,-97.65185177,20169.0,0.0,0.0,3411.773384479197,0.9189189189189191,1833,1850,17,0,1833,1729,54401,0,0,0,0,121
2020-11-19,US,Kansas,Scott,318,2,0,38.48222076,-100.90665390000001,20171.0,0.0,0.0,6593.406593406594,0.6289308176100629,316,312,2,0,310,290,4897,6,0,0,6,22
2020-11-19,US,Kansas,Sedgwick,22390,141,0,37.6842718,-97.4608198,20173.0,0.0,0.0,4338.79412916003,0.6297454220634212,22249,22390,141,0,22249,21255,513607,0,0,0,0,1135
2020-11-19,US,Kansas,Seward,2628,13,0,37.19324632,-100.85072009999999,20175.0,0.0,0.0,12264.3270487213,0.4946727549467275,2615,2566,13,0,2553,2566,21780,62,0,0,62,0
2020-11-19,US,Kansas,Shawnee,6097,104,0,39.04100763,-95.75572640000001,20177.0,0.0,0.0,3447.0671378091874,1.7057569296375266,5993,6097,97,0,6000,5792,177499,0,7,0,-7,305
2020-11-19,US,Kansas,Sheridan,283,0,0,39.35018161,-100.44182590000001,20179.0,0.0,0.0,11225.704085680283,0.0,283,283,0,0,283,274,2533,0,0,0,0,9
2020-11-19,US,Kansas,Sherman,382,7,0,39.35147699,-101.71976240000001,20181.0,0.0,0.0,6455.974311306405,1.8324607329842928,375,371,7,0,364,356,5899,11,0,0,11,15
2020-11-19,US,Kansas,Smith,95,1,0,39.78516566,-98.78566062,20183.0,0.0,0.0,2651.4094334356682,1.0526315789473684,94,95,1,0,94,86,3603,0,0,0,0,9
2020-11-19,US,Kansas,Stafford,168,1,0,38.03100851,-98.71762001,20185.0,0.0,0.0,4042.348411934553,0.5952380952380952,167,168,1,0,167,156,4178,0,0,0,0,12
2020-11-19,US,Kansas,Stanton,125,2,0,37.56304714,-101.78435340000001,20187.0,0.0,0.0,6231.3060817547375,1.6,123,125,2,0,123,121,1987,0,0,0,0,4
2020-11-19,US,Kansas,Stevens,379,2,0,37.1923008,-101.3118967,20189.0,0.0,0.0,6909.753874202371,0.5277044854881267,377,379,2,0,377,364,5559,0,0,0,0,15
2020-11-19,US,Kansas,Sumner,627,6,0,37.23682549,-97.47721621,20191.0,0.0,0.0,2745.664739884393,0.9569377990430622,621,627,4,0,623,600,22996,0,2,0,-2,27
2020-11-19,US,Kansas,Thomas,597,2,0,39.35107575,-101.0553705,20193.0,0.0,0.0,7676.481933907677,0.33500837520938026,595,572,2,0,570,567,7711,25,0,0,25,5
2020-11-19,US,Kansas,Trego,175,3,0,38.91467218,-99.87284448,20195.0,0.0,0.0,6243.3107384944715,1.7142857142857142,172,175,3,0,172,170,2793,0,0,0,0,5
2020-11-19,US,Kansas,Wabaunsee,266,1,0,38.95471985,-96.20350509,20197.0,0.0,0.0,3837.830038955418,0.3759398496240601,265,266,1,0,265,252,6899,0,0,0,0,14
2020-11-19,US,Kansas,Wallace,128,0,0,38.91686134,-101.76388759999999,20199.0,0.0,0.0,8432.147562582346,0.0,128,128,0,0,128,124,1503,0,0,0,0,4
2020-11-19,US,Kansas,Washington,239,5,0,39.78420784,-97.08753229999999,20201.0,0.0,0.0,4421.013688494266,2.092050209205021,234,239,5,0,234,231,5420,0,0,0,0,8
2020-11-19,US,Kansas,Wichita,104,1,0,38.48178252,-101.3471509,20203.0,0.0,0.0,4907.9754601227005,0.9615384615384616,103,104,1,0,103,96,2105,0,0,0,0,8
2020-11-19,US,Kansas,Wilson,232,4,0,37.55937174,-95.74323255,20205.0,0.0,0.0,2721.407624633431,1.7241379310344829,228,220,4,0,216,220,8665,12,0,0,12,0
2020-11-19,US,Kansas,Woodson,53,0,0,37.8865336,-95.74006277,20207.0,0.0,0.0,1688.9738687061822,0.0,53,53,0,0,53,48,3183,0,0,0,0,5
2020-11-19,US,Kansas,Wyandotte,10235,171,0,39.11727348,-94.76378225,20209.0,0.0,0.0,6186.944247985541,1.6707376648754275,10064,10235,167,0,10068,9964,165324,0,4,0,-4,271
2020-11-19,US,Kentucky,Adair,653,23,0,37.10459774,-85.28129668,21001.0,0.0,0.0,3400.6874283928755,3.5222052067381315,630,630,23,0,607,623,19215,23,0,0,23,7
2020-11-19,US,Kentucky,Allen,643,12,0,36.75197631,-86.19457544,21003.0,0.0,0.0,3016.6549378372038,1.8662519440124417,631,634,12,0,622,631,21122,9,0,0,9,3
2020-11-19,US,Kentucky,Anderson,413,1,0,38.00671029,-84.99171713,21005.0,0.0,0.0,1815.6240383347254,0.2421307506053269,412,397,1,0,396,391,22663,16,0,0,16,6
2020-11-19,US,Kentucky,Ballard,121,2,0,37.05842757,-88.99427697,21007.0,0.0,0.0,1533.975659229209,1.6528925619834711,119,117,2,0,115,116,7979,4,0,0,4,1
2020-11-19,US,Kentucky,Barren,1764,24,0,36.96469836,-85.93338945,21009.0,0.0,0.0,3986.530769056928,1.3605442176870748,1740,1733,24,0,1709,1708,44176,31,0,0,31,25
2020-11-19,US,Kentucky,Bath,211,1,0,38.14735938,-83.74588932,21011.0,0.0,0.0,1688.0,0.4739336492890995,210,208,1,0,207,205,12383,3,0,0,3,3
2020-11-19,US,Kentucky,Bell,1115,18,0,36.73355174,-83.67766671,21013.0,0.0,0.0,4283.189920098341,1.6143497757847534,1097,1099,18,0,1081,1086,26569,16,0,0,16,13
2020-11-19,US,Kentucky,Boone,3660,26,0,38.97065142,-84.72615357,21015.0,0.0,0.0,2739.910616030723,0.7103825136612022,3634,3496,25,0,3471,3395,131533,164,1,0,163,101
2020-11-19,US,Kentucky,Bourbon,472,1,0,38.2054607,-84.21827874,21017.0,0.0,0.0,2385.284010511421,0.21186440677966098,471,455,1,0,454,439,20184,17,0,0,17,16
2020-11-19,US,Kentucky,Boyd,1122,23,0,38.36176608,-82.68652187,21019.0,0.0,0.0,2401.643905989127,2.049910873440285,1099,1089,23,0,1066,1052,47240,33,0,0,33,37
2020-11-19,US,Kentucky,Boyle,738,0,0,37.62680923,-84.8633779,21021.0,0.0,0.0,2455.089820359281,0.0,738,714,0,0,714,704,30100,24,0,0,24,10
2020-11-19,US,Kentucky,Bracken,114,3,0,38.69158994,-84.08532444,21023.0,0.0,0.0,1372.9977116704806,2.631578947368421,111,114,3,0,111,112,8239,0,0,0,0,2
2020-11-19,US,Kentucky,Breathitt,277,3,0,37.52333168,-83.31959161,21025.0,0.0,0.0,2193.1908155186065,1.083032490974729,274,274,3,0,271,257,12726,3,0,0,3,17
2020-11-19,US,Kentucky,Breckinridge,395,4,0,37.77377239,-86.42885017,21027.0,0.0,0.0,1928.9935049079447,1.0126582278481011,391,389,3,0,386,377,20388,6,1,0,5,12
2020-11-19,US,Kentucky,Bullitt,2402,21,0,37.97162523,-85.68955617,21029.0,0.0,0.0,2940.8883882658315,0.8742714404662781,2381,2341,21,0,2320,2272,81069,61,0,0,61,69
2020-11-19,US,Kentucky,Butler,490,16,0,37.20946153,-86.68748787,21031.0,0.0,0.0,3804.6432176411213,3.26530612244898,474,487,16,0,471,480,12772,3,0,0,3,7
2020-11-19,US,Kentucky,Caldwell,451,1,0,37.14749129,-87.86948214,21033.0,0.0,0.0,3538.087393112105,0.22172949002217296,450,449,1,0,448,440,12715,2,0,0,2,9
2020-11-19,US,Kentucky,Calloway,1461,13,0,36.62093411,-88.2731593,21035.0,0.0,0.0,3746.0577933899126,0.8898015058179329,1448,1410,12,0,1398,1396,39135,51,1,0,50,14
2020-11-19,US,Kentucky,Campbell,2323,16,0,38.94384345,-84.37875208,21037.0,0.0,0.0,2482.261925115404,0.6887645286267757,2307,2215,15,0,2200,2144,93152,108,1,0,107,71
2020-11-19,US,Kentucky,Carlisle,168,1,0,36.85372876,-88.96692220000001,21039.0,0.0,0.0,3529.4117647058824,0.5952380952380952,167,161,1,0,160,156,4771,7,0,0,7,5
2020-11-19,US,Kentucky,Carroll,286,6,0,38.66599534,-85.12601074,21041.0,0.0,0.0,2690.2455084187754,2.097902097902098,280,280,6,0,274,273,10737,6,0,0,6,7
2020-11-19,US,Kentucky,Carter,567,4,0,38.31690743,-83.05092385,21043.0,0.0,0.0,2115.908497219838,0.7054673721340388,563,552,4,0,548,538,27004,15,0,0,15,14
2020-11-19,US,Kentucky,Casey,439,16,0,37.32533118,-84.92726209,21045.0,0.0,0.0,2716.7522742743977,3.644646924829157,423,422,16,0,406,405,15888,17,0,0,17,17
2020-11-19,US,Kentucky,Christian,2604,37,0,36.89267803,-87.49055367,21047.0,0.0,0.0,3695.661429727083,1.4208909370199694,2567,2574,37,0,2537,2487,71671,30,0,0,30,87
2020-11-19,US,Kentucky,Clark,728,12,0,37.9689263,-84.14615986,21049.0,0.0,0.0,2007.5559109836472,1.6483516483516485,716,711,12,0,699,705,36249,17,0,0,17,6
2020-11-19,US,Kentucky,Clay,862,8,0,37.16451126,-83.712575,21051.0,0.0,0.0,4331.440631124065,0.9280742459396752,854,825,8,0,817,811,20105,37,0,0,37,14
2020-11-19,US,Kentucky,Clinton,340,4,0,36.72581156,-85.13377529,21053.0,0.0,0.0,3327.4613427285185,1.1764705882352942,336,334,4,0,330,328,10206,6,0,0,6,6
2020-11-19,US,Kentucky,Crittenden,211,1,0,37.35839237,-88.08826090000002,21055.0,0.0,0.0,2396.093572564161,0.4739336492890995,210,210,1,0,209,208,8915,1,0,0,1,2
2020-11-19,US,Kentucky,Cumberland,204,0,0,36.78926125,-85.39050034,21057.0,0.0,0.0,3084.3664953129723,0.0,204,197,0,0,197,191,6659,7,0,0,7,6
2020-11-19,US,Kentucky,Daviess,2901,41,0,37.73028906,-87.09019479999998,21059.0,0.0,0.0,2857.8183645122203,1.4133057566356428,2860,2846,39,0,2807,2787,101104,55,2,0,53,59
2020-11-19,US,Kentucky,Edmonson,309,12,0,37.21218923,-86.23955613,21061.0,0.0,0.0,2543.2098765432097,3.8834951456310685,297,296,12,0,284,280,12274,13,0,0,13,16
2020-11-19,US,Kentucky,Elliott,528,0,0,38.11624059,-83.09771563,21063.0,0.0,0.0,7024.0787548224025,0.0,528,527,0,0,527,518,7508,1,0,0,1,9
2020-11-19,US,Kentucky,Estill,397,0,0,37.69241417,-83.95956369,21065.0,0.0,0.0,2814.405217637885,0.0,397,389,0,0,389,382,14198,8,0,0,8,7
2020-11-19,US,Kentucky,Fayette,14663,102,0,38.0368225,-84.45576892,21067.0,0.0,0.0,4537.493192058227,0.6956284525676873,14561,14485,100,0,14385,14300,323780,178,2,0,176,185
2020-11-19,US,Kentucky,Fleming,263,0,0,38.36758311,-83.69657514,21069.0,0.0,0.0,1803.71716617516,0.0,263,256,0,0,256,250,14432,7,0,0,7,6
2020-11-19,US,Kentucky,Floyd,960,5,0,37.56213922,-82.74750924,21071.0,0.0,0.0,2697.462699148613,0.5208333333333334,955,929,5,0,924,916,35845,31,0,0,31,13
2020-11-19,US,Kentucky,Franklin,1162,14,0,38.2379395,-84.87962551,21073.0,0.0,0.0,2278.833519640721,1.2048192771084338,1148,1146,14,0,1132,1135,50815,16,0,0,16,11
2020-11-19,US,Kentucky,Fulton,270,3,0,36.55238827,-89.20140068,21075.0,0.0,0.0,4523.370748869157,1.1111111111111112,267,266,3,0,263,262,6120,4,0,0,4,4
2020-11-19,US,Kentucky,Gallatin,173,9,0,38.75398691,-84.8558382,21077.0,0.0,0.0,1950.614499943624,5.202312138728324,164,173,8,0,165,172,8832,0,1,0,-1,1
2020-11-19,US,Kentucky,Garrard,471,4,0,37.638866799999995,-84.53289319,21079.0,0.0,0.0,2666.1383448432016,0.8492569002123143,467,459,4,0,455,451,17560,12,0,0,12,8
2020-11-19,US,Kentucky,Grant,511,6,0,38.64962758,-84.62415957,21081.0,0.0,0.0,2038.3740875184487,1.1741682974559686,505,494,6,0,488,473,25121,17,0,0,17,21
2020-11-19,US,Kentucky,Graves,1458,34,0,36.72292505,-88.65143315,21083.0,0.0,0.0,3912.41345999034,2.3319615912208507,1424,1396,33,0,1363,1383,37317,62,1,0,61,13
2020-11-19,US,Kentucky,Grayson,796,19,0,37.46231118,-86.34248968,21085.0,0.0,0.0,3012.0709880046916,2.386934673366834,777,779,19,0,760,768,26321,17,0,0,17,11
2020-11-19,US,Kentucky,Green,429,10,0,37.26484328,-85.5540745,21087.0,0.0,0.0,3921.030984370716,2.331002331002331,419,423,10,0,413,415,11049,6,0,0,6,8
2020-11-19,US,Kentucky,Greenup,1009,12,0,38.54332505,-82.9215658,21089.0,0.0,0.0,2874.8076813493644,1.189296333002973,997,987,12,0,975,967,35268,22,0,0,22,20
2020-11-19,US,Kentucky,Hancock,261,8,0,37.83766422,-86.78280584,21091.0,0.0,0.0,2992.4329282274707,3.0651340996168583,253,254,8,0,246,248,8758,7,0,0,7,6
2020-11-19,US,Kentucky,Hardin,3511,24,0,37.6976111,-85.96319251,21093.0,0.0,0.0,3164.260350763352,0.6835659356308744,3487,3405,24,0,3381,3342,110356,106,0,0,106,63
2020-11-19,US,Kentucky,Harlan,775,15,0,36.85699301,-83.21899516,21095.0,0.0,0.0,2979.6232218377545,1.935483870967742,760,759,15,0,744,750,26409,16,0,0,16,9
2020-11-19,US,Kentucky,Harrison,385,1,0,38.44188174,-84.32869741,21097.0,0.0,0.0,2038.547071905115,0.2597402597402597,384,366,1,0,365,359,18778,19,0,0,19,7
2020-11-19,US,Kentucky,Hart,654,3,0,37.29943898,-85.88461055,21099.0,0.0,0.0,3435.7762017336495,0.4587155963302753,651,642,3,0,639,632,18906,12,0,0,12,10
2020-11-19,US,Kentucky,Henderson,1806,33,0,37.79344553,-87.57392021,21101.0,0.0,0.0,3994.691439946914,1.8272425249169435,1773,1782,33,0,1749,1735,45591,24,0,0,24,47
2020-11-19,US,Kentucky,Henry,424,3,0,38.44942688,-85.11587507,21103.0,0.0,0.0,2629.2943073297783,0.7075471698113207,421,417,3,0,414,413,16106,7,0,0,7,4
2020-11-19,US,Kentucky,Hickman,135,1,0,36.67948079999999,-88.97875928,21105.0,0.0,0.0,3082.1917808219177,0.7407407407407407,134,133,1,0,132,132,4421,2,0,0,2,1
2020-11-19,US,Kentucky,Hopkins,1550,45,0,37.30939025,-87.54670406,21107.0,0.0,0.0,3468.647898670725,2.9032258064516134,1505,1510,44,0,1466,1465,45068,40,1,0,39,45
2020-11-19,US,Kentucky,Jackson,601,17,0,37.41866422,-83.99825483,21109.0,0.0,0.0,4508.965413759472,2.8286189683860234,584,594,17,0,577,581,13442,7,0,0,7,13
2020-11-19,US,Kentucky,Jefferson,31411,419,0,38.18664655,-85.65931031,21111.0,0.0,0.0,4096.604269670835,1.3339276049791475,30992,30695,414,0,30281,30170,770517,716,5,0,711,525
2020-11-19,US,Kentucky,Jessamine,1454,27,0,37.87119786,-84.58252003,21113.0,0.0,0.0,2686.870553450984,1.856946354883081,1427,1429,27,0,1402,1397,53920,25,0,0,25,32
2020-11-19,US,Kentucky,Johnson,639,2,0,37.85106355,-82.8264322,21115.0,0.0,0.0,2879.9351000540833,0.3129890453834116,637,621,2,0,619,612,22386,18,0,0,18,9
2020-11-19,US,Kentucky,Kenton,4426,60,0,38.93950319,-84.53241199,21117.0,0.0,0.0,2650.33114169032,1.3556258472661546,4366,4246,52,0,4194,4155,166051,180,8,0,172,91
2020-11-19,US,Kentucky,Knott,479,9,0,37.35388197,-82.94981134,21119.0,0.0,0.0,3235.174929082805,1.8789144050104385,470,477,9,0,468,470,15126,2,0,0,2,7
2020-11-19,US,Kentucky,Knox,1072,10,0,36.89225732,-83.85403396,21121.0,0.0,0.0,3441.96500240809,0.9328358208955224,1062,1066,10,0,1056,1046,31304,6,0,0,6,20
2020-11-19,US,Kentucky,Larue,469,1,0,37.54567114,-85.70138352,21123.0,0.0,0.0,3257.3968606750927,0.2132196162046908,468,452,1,0,451,444,14307,17,0,0,17,8
2020-11-19,US,Kentucky,Laurel,2162,11,0,37.10975748,-84.11321779,21125.0,0.0,0.0,3555.160903096377,0.5087881591119334,2151,2124,11,0,2113,2077,60669,38,0,0,38,47
2020-11-19,US,Kentucky,Lawrence,313,1,0,38.07136018,-82.72882223,21127.0,0.0,0.0,2043.4810994320042,0.3194888178913738,312,299,1,0,298,286,15571,14,0,0,14,13
2020-11-19,US,Kentucky,Lee,673,13,0,37.59645942,-83.71513901,21129.0,0.0,0.0,9090.90909090909,1.9316493313521543,660,604,11,0,593,570,7033,69,2,0,67,34
2020-11-19,US,Kentucky,Leslie,183,1,0,37.09246661,-83.37999606,21131.0,0.0,0.0,1852.7893084944824,0.5464480874316939,182,176,1,0,175,172,10143,7,0,0,7,4
2020-11-19,US,Kentucky,Letcher,424,2,0,37.12306748,-82.85346474,21133.0,0.0,0.0,1967.2435391824804,0.4716981132075472,422,422,2,0,420,418,21899,2,0,0,2,4
2020-11-19,US,Kentucky,Lewis,435,18,0,38.53184419,-83.37735618,21135.0,0.0,0.0,3276.8361581920904,4.137931034482759,417,428,18,0,410,422,13257,7,0,0,7,6
2020-11-19,US,Kentucky,Lincoln,521,20,0,37.45475628,-84.6565327,21137.0,0.0,0.0,2122.286040164569,3.838771593090211,501,501,20,0,481,494,24644,20,0,0,20,7
2020-11-19,US,Kentucky,Livingston,233,2,0,37.21137452,-88.34797529,21139.0,0.0,0.0,2534.2614748749183,0.8583690987124464,231,222,2,0,220,218,9242,11,0,0,11,4
2020-11-19,US,Kentucky,Logan,1043,33,0,36.85949479,-86.877635,21141.0,0.0,0.0,3848.424470518781,3.1639501438159154,1010,1014,33,0,981,998,26989,29,0,0,29,16
2020-11-19,US,Kentucky,Lyon,166,5,0,37.02080035,-88.07886257,21143.0,0.0,0.0,2021.9244823386114,3.0120481927710845,161,161,5,0,156,161,8009,5,0,0,5,0
2020-11-19,US,Kentucky,Madison,3226,16,0,37.71659336,-84.27220275,21151.0,0.0,0.0,3469.3021605170616,0.4959702417854929,3210,3164,16,0,3148,3087,92368,62,0,0,62,77
2020-11-19,US,Kentucky,Magoffin,345,1,0,37.70820545,-83.0657714,21153.0,0.0,0.0,2836.937751829619,0.2898550724637681,344,343,1,0,342,332,12362,2,0,0,2,11
2020-11-19,US,Kentucky,Marion,807,12,0,37.55218078,-85.26898542,21155.0,0.0,0.0,4187.204898043896,1.4869888475836432,795,771,12,0,759,753,19404,36,0,0,36,18
2020-11-19,US,Kentucky,Marshall,796,10,0,36.88007070000001,-88.32803576,21157.0,0.0,0.0,2559.485530546624,1.256281407035176,786,777,10,0,767,755,31191,19,0,0,19,22
2020-11-19,US,Kentucky,Martin,350,5,0,37.79990579,-82.51247478,21159.0,0.0,0.0,3126.395712371594,1.4285714285714286,345,340,5,0,335,337,11323,10,0,0,10,3
2020-11-19,US,Kentucky,Mason,310,2,0,38.59471935,-83.82151043,21161.0,0.0,0.0,1816.0515524311652,0.6451612903225806,308,291,2,0,289,288,17150,19,0,0,19,3
2020-11-19,US,Kentucky,McCracken,2096,14,0,37.05350953,-88.70445755,21145.0,0.0,0.0,3204.011128435599,0.6679389312977099,2082,2008,13,0,1995,1954,65346,88,1,0,87,54
2020-11-19,US,Kentucky,McCreary,329,1,0,36.73874143,-84.48102924,21147.0,0.0,0.0,1909.3494283558703,0.30395136778115506,328,321,1,0,320,315,17408,8,0,0,8,6
2020-11-19,US,Kentucky,McLean,334,12,0,37.5301951,-87.26803443,21149.0,0.0,0.0,3627.674595416531,3.5928143712574854,322,326,12,0,314,320,9252,8,0,0,8,6
2020-11-19,US,Kentucky,Meade,587,4,0,37.96163597,-86.21028219,21163.0,0.0,0.0,2054.4589108217842,0.6814310051107325,583,562,4,0,558,558,28715,25,0,0,25,4
2020-11-19,US,Kentucky,Menifee,110,1,0,37.94090733,-83.59985712,21165.0,0.0,0.0,1695.1764524580058,0.9090909090909092,109,108,1,0,107,108,6451,2,0,0,2,0
2020-11-19,US,Kentucky,Mercer,566,6,0,37.81474237,-84.87488475,21167.0,0.0,0.0,2580.5863310992568,1.060070671378092,560,541,6,0,535,532,21774,25,0,0,25,9
2020-11-19,US,Kentucky,Metcalfe,334,2,0,36.99459295,-85.63123699,21169.0,0.0,0.0,3316.453182404925,0.5988023952095808,332,324,2,0,322,320,10030,10,0,0,10,4
2020-11-19,US,Kentucky,Monroe,635,8,0,36.71225341,-85.71596443,21171.0,0.0,0.0,5962.441314553989,1.2598425196850394,627,625,6,0,619,610,10718,10,2,0,8,15
2020-11-19,US,Kentucky,Montgomery,776,8,0,38.03253032,-83.9145241,21173.0,0.0,0.0,2755.9754235181304,1.0309278350515465,768,747,8,0,739,732,28203,29,0,0,29,15
2020-11-19,US,Kentucky,Morgan,245,0,0,37.92465657,-83.25558245,21175.0,0.0,0.0,1840.8595687129007,0.0,245,232,0,0,232,230,13345,13,0,0,13,2
2020-11-19,US,Kentucky,Muhlenberg,1225,19,0,37.21425819,-87.14632053,21177.0,0.0,0.0,4000.391875122461,1.5510204081632653,1206,1193,19,0,1174,1159,30774,32,0,0,32,34
2020-11-19,US,Kentucky,Nelson,1797,5,0,37.80335779,-85.4657193,21179.0,0.0,0.0,3886.8340795535655,0.2782415136338341,1792,1736,5,0,1731,1706,45851,61,0,0,61,30
2020-11-19,US,Kentucky,Nicholas,147,3,0,38.33342292,-84.01889177,21181.0,0.0,0.0,2022.2864217911679,2.0408163265306123,144,146,3,0,143,146,7166,1,0,0,1,0
2020-11-19,US,Kentucky,Ohio,813,14,0,37.47751843,-86.85368087,21183.0,0.0,0.0,3388.3470867716933,1.7220172201722015,799,800,14,0,786,789,24087,13,0,0,13,11
2020-11-19,US,Kentucky,Oldham,1884,30,0,38.39791089,-85.448222,21185.0,0.0,0.0,2820.4015030165124,1.5923566878980893,1854,1844,30,0,1814,1811,66470,40,0,0,40,33
2020-11-19,US,Kentucky,Owen,167,3,0,38.51679143,-84.82404619,21187.0,0.0,0.0,1531.9695440785254,1.7964071856287425,164,162,3,0,159,161,10880,5,0,0,5,1
2020-11-19,US,Kentucky,Owsley,161,1,0,37.42823949,-83.68811419,21189.0,0.0,0.0,3646.659116647792,0.6211180124223602,160,150,1,0,149,144,4472,11,0,0,11,6
2020-11-19,US,Kentucky,Pendleton,261,1,0,38.69607718,-84.35599463,21191.0,0.0,0.0,1788.8965044551062,0.3831417624521073,260,249,1,0,248,235,14529,12,0,0,12,14
2020-11-19,US,Kentucky,Perry,822,10,0,37.25023553,-83.22922731,21193.0,0.0,0.0,3191.2415560214313,1.2165450121654502,812,804,10,0,794,790,26092,18,0,0,18,14
2020-11-19,US,Kentucky,Pike,1540,12,0,37.47088263,-82.39487445,21195.0,0.0,0.0,2660.861151427189,0.7792207792207793,1528,1499,12,0,1487,1480,58402,41,0,0,41,19
2020-11-19,US,Kentucky,Powell,346,0,0,37.83218794,-83.82553961,21197.0,0.0,0.0,2799.5792539849504,0.0,346,335,0,0,335,324,12442,11,0,0,11,11
2020-11-19,US,Kentucky,Pulaski,1336,13,0,37.10466131,-84.57629079,21199.0,0.0,0.0,2056.048877329599,0.9730538922155688,1323,1294,13,0,1281,1259,64623,42,0,0,42,35
2020-11-19,US,Kentucky,Robertson,67,2,0,38.51923469,-84.05055616,21201.0,0.0,0.0,3178.3681214421254,2.985074626865672,65,63,2,0,61,63,2135,4,0,0,4,0
2020-11-19,US,Kentucky,Rockcastle,452,6,0,37.36642393,-84.31176452,21203.0,0.0,0.0,2707.3974243785565,1.327433628318584,446,451,5,0,446,451,16750,1,1,0,0,0
2020-11-19,US,Kentucky,Rowan,635,2,0,38.19484205,-83.42088935,21205.0,0.0,0.0,2596.075224856909,0.31496062992125984,633,611,2,0,609,604,24583,24,0,0,24,7
2020-11-19,US,Kentucky,Russell,494,7,0,36.99308373,-85.06070117,21207.0,0.0,0.0,2756.2350053004525,1.4170040485829958,487,480,7,0,473,476,17821,14,0,0,14,4
2020-11-19,US,Kentucky,Scott,1499,20,0,38.29622293,-84.5816631,21209.0,0.0,0.0,2629.640025261385,1.3342228152101399,1479,1470,20,0,1450,1452,56031,29,0,0,29,18
2020-11-19,US,Kentucky,Shelby,1957,25,0,38.21476019,-85.194223,21211.0,0.0,0.0,3991.922323759791,1.2774655084312725,1932,1919,25,0,1894,1893,48518,38,0,0,38,26
2020-11-19,US,Kentucky,Simpson,508,8,0,36.74058474,-86.58047435,21213.0,0.0,0.0,2735.300452293776,1.5748031496062993,500,500,8,0,492,490,18529,8,0,0,8,10
2020-11-19,US,Kentucky,Spencer,521,1,0,38.03223971,-85.32749335,21215.0,0.0,0.0,2692.367319518371,0.19193857965451053,520,508,1,0,507,504,18794,13,0,0,13,4
2020-11-19,US,Kentucky,Taylor,773,7,0,37.3677562,-85.3329931,21217.0,0.0,0.0,2999.7283557763208,0.9055627425614488,766,746,7,0,739,731,25549,27,0,0,27,15
2020-11-19,US,Kentucky,Todd,367,13,0,36.8381152,-87.17878374,21219.0,0.0,0.0,2985.1960305840253,3.5422343324250685,354,362,13,0,349,358,12311,5,0,0,5,4
2020-11-19,US,Kentucky,Trigg,347,1,0,36.80767017,-87.87333656,21221.0,0.0,0.0,2368.4390144017475,0.2881844380403458,346,337,1,0,336,323,14643,10,0,0,10,14
2020-11-19,US,Kentucky,Trimble,136,0,0,38.61056487,-85.33775972,21223.0,0.0,0.0,1605.4775115098569,0.0,136,134,0,0,134,134,8515,2,0,0,2,0
2020-11-19,US,Kentucky,Union,655,6,0,37.66166713,-87.94300009,21225.0,0.0,0.0,4554.620680063973,0.916030534351145,649,647,6,0,641,625,14505,8,0,0,8,22
2020-11-19,US,Kentucky,Warren,6502,61,0,36.99903045,-86.42672751,21227.0,0.0,0.0,4892.547555983626,0.9381728698861888,6441,6388,61,0,6327,6300,131264,114,0,0,114,88
2020-11-19,US,Kentucky,Washington,416,2,0,37.75599461,-85.17407732,21229.0,0.0,0.0,3439.4377842083504,0.4807692307692308,414,396,2,0,394,390,12084,20,0,0,20,6
2020-11-19,US,Kentucky,Wayne,433,2,0,36.80310688,-84.8251971,21231.0,0.0,0.0,2129.5431072640536,0.4618937644341801,431,423,2,0,421,419,20468,10,0,0,10,4
2020-11-19,US,Kentucky,Webster,505,5,0,37.52168356,-87.67989953,21233.0,0.0,0.0,3902.0244166280327,0.99009900990099,500,486,5,0,481,476,13111,19,0,0,19,10
2020-11-19,US,Kentucky,Whitley,1279,8,0,36.75700531,-84.14541217,21235.0,0.0,0.0,3526.913743657622,0.6254886630179828,1271,1250,8,0,1242,1230,36242,29,0,0,29,20
2020-11-19,US,Kentucky,Wolfe,147,1,0,37.73941626,-83.49303612,21237.0,0.0,0.0,2053.9332122397655,0.6802721088435374,146,145,1,0,144,138,7177,2,0,0,2,7
2020-11-19,US,Kentucky,Woodford,613,0,0,38.04178222,-84.7417556,21239.0,0.0,0.0,2292.960275304856,0.0,613,578,0,0,578,560,26533,35,0,0,35,18
2020-11-19,US,Louisiana,Acadia,3634,112,0,30.295064899999996,-92.41419698,22001.0,0.0,0.0,5857.03924570876,3.0820033021463957,3522,3600,112,0,3488,3587,62190,34,0,0,34,13
2020-11-19,US,Louisiana,Allen,1990,67,0,30.65385745,-92.82442028,22003.0,0.0,0.0,7765.247590431966,3.3668341708542715,1923,1986,67,0,1919,1981,25605,4,0,0,4,5
2020-11-19,US,Louisiana,Ascension,5228,105,0,30.20406249,-90.91328409999998,22005.0,0.0,0.0,4129.411393004961,2.008416220351951,5123,5173,104,0,5069,5068,124672,55,1,0,54,105
2020-11-19,US,Louisiana,Assumption,951,25,0,29.89946234,-91.06461642,22007.0,0.0,0.0,4344.251062080307,2.6288117770767614,926,942,25,0,917,936,22300,9,0,0,9,6
2020-11-19,US,Louisiana,Avoyelles,1961,67,0,31.07796211,-92.00079449,22009.0,0.0,0.0,4884.914308489438,3.4166241713411525,1894,1952,67,0,1885,1942,40462,9,0,0,9,10
2020-11-19,US,Louisiana,Beauregard,1254,48,0,30.64836518,-93.34173616,22011.0,0.0,0.0,3344.2675414033124,3.827751196172249,1206,1216,47,0,1169,1223,37253,38,1,0,37,0
2020-11-19,US,Louisiana,Bienville,710,37,0,32.34569994,-93.05398492,22013.0,0.0,0.0,5362.132769428291,5.211267605633803,673,706,37,0,669,693,13308,4,0,0,4,13
2020-11-19,US,Louisiana,Bossier,5625,141,0,32.67932307,-93.60460152,22015.0,0.0,0.0,4427.774148096254,2.506666666666667,5484,5424,141,0,5283,5295,127185,201,0,0,201,129
2020-11-19,US,Louisiana,Caddo,11928,428,0,32.57991587,-93.88375652,22017.0,0.0,0.0,4965.779087775391,3.5881958417169684,11500,11799,428,0,11371,11705,242922,129,0,0,129,94
2020-11-19,US,Louisiana,Calcasieu,9826,239,0,30.22931235,-93.35400434,22019.0,0.0,0.0,4830.020252069447,2.4323224099328318,9587,9743,239,0,9504,9664,203112,83,0,0,83,79
2020-11-19,US,Louisiana,Caldwell,539,6,0,32.0902519,-92.11752148,22021.0,0.0,0.0,5434.563420044364,1.1131725417439704,533,528,5,0,523,517,9960,11,1,0,10,11
2020-11-19,US,Louisiana,Cameron,271,3,0,29.87592238,-93.19310676,22023.0,0.0,0.0,3886.4190448874233,1.1070110701107012,268,265,3,0,262,268,6968,6,0,0,6,0
2020-11-19,US,Louisiana,Catahoula,546,17,0,31.66778967,-91.84526385,22025.0,0.0,0.0,5751.00063197809,3.1135531135531136,529,543,17,0,526,533,9608,3,0,0,3,10
2020-11-19,US,Louisiana,Claiborne,709,29,0,32.82308512,-92.99526883,22027.0,0.0,0.0,4524.56924058711,4.090267983074753,680,697,29,0,668,696,15944,12,0,0,12,1
2020-11-19,US,Louisiana,Concordia,829,25,0,31.44817835,-91.63814433,22029.0,0.0,0.0,4304.4810218599105,3.0156815440289506,804,814,25,0,789,804,19572,15,0,0,15,10
2020-11-19,US,Louisiana,De Soto,1163,37,0,32.05457447,-93.74130302,22031.0,0.0,0.0,4234.788624695044,3.181427343078246,1126,1154,37,0,1117,1142,27436,9,0,0,9,12
2020-11-19,US,Louisiana,East Baton Rouge,18416,491,0,30.53842039,-91.09777565,22033.0,0.0,0.0,4184.8933892955265,2.6661598609904433,17925,18329,490,0,17839,18125,440956,87,1,0,86,204
2020-11-19,US,Louisiana,East Carroll,659,7,0,32.73926954,-91.23425694,22035.0,0.0,0.0,9605.01384637808,1.0622154779969648,652,653,7,0,646,648,7037,6,0,0,6,5
2020-11-19,US,Louisiana,East Feliciana,2034,83,0,30.84425359,-91.04976723,22037.0,0.0,0.0,10629.73608570682,4.08062930186824,1951,2016,83,0,1933,2015,19305,18,0,0,18,1
2020-11-19,US,Louisiana,Evangeline,1694,42,0,30.72985248,-92.39915924,22039.0,0.0,0.0,5072.6156610271,2.479338842975207,1652,1673,41,0,1632,1668,33443,21,1,0,20,5
2020-11-19,US,Louisiana,Franklin,1548,56,0,32.13675181,-91.67589857,22041.0,0.0,0.0,7734.1993504871325,3.617571059431525,1492,1532,55,0,1477,1530,20156,16,1,0,15,2
2020-11-19,US,Louisiana,Grant,660,32,0,31.59882456,-92.56124347,22043.0,0.0,0.0,2947.876189200053,4.848484848484849,628,648,32,0,616,637,22482,12,0,0,12,11
2020-11-19,US,Louisiana,Iberia,3433,103,0,29.86803617,-91.75871777,22045.0,0.0,0.0,4916.225118144063,3.0002912904165453,3330,3405,103,0,3302,3392,70941,28,0,0,28,13
2020-11-19,US,Louisiana,Iberville,1719,63,0,30.25734305,-91.3499598,22047.0,0.0,0.0,5287.441173756574,3.6649214659685865,1656,1696,63,0,1633,1684,32721,23,0,0,23,12
2020-11-19,US,Louisiana,Jackson,1062,26,0,32.30251776,-92.55692092,22049.0,0.0,0.0,6745.426829268294,2.4482109227871938,1036,1045,26,0,1019,1038,15902,17,0,0,17,7
2020-11-19,US,Louisiana,Jefferson,20680,622,0,29.74075478,-90.11115756,22051.0,0.0,0.0,4781.580279912046,3.0077369439071564,20058,20543,622,0,19921,20357,434051,137,0,0,137,186
2020-11-19,US,Louisiana,Jefferson Davis,1541,47,0,30.26896765,-92.81210004,22053.0,0.0,0.0,4912.649834225963,3.0499675535366646,1494,1522,47,0,1475,1521,31582,19,0,0,19,1
2020-11-19,US,Louisiana,LaSalle,811,20,0,31.67884782,-92.15907765,22059.0,0.0,0.0,5445.876980929358,2.466091245376079,791,794,20,0,774,778,14917,17,0,0,17,16
2020-11-19,US,Louisiana,Lafayette,10963,144,0,30.2049055,-92.06959876,22055.0,0.0,0.0,4485.8627603420755,1.3135090759828514,10819,10782,143,0,10639,10680,242782,181,1,0,180,102
2020-11-19,US,Louisiana,Lafourche,4399,134,0,29.52470226,-90.40976986,22057.0,0.0,0.0,4506.5257032802665,3.046146851557172,4265,4372,134,0,4238,4342,98115,27,0,0,27,30
2020-11-19,US,Louisiana,Lincoln,2258,54,0,32.6003154,-92.66597409999999,22061.0,0.0,0.0,4830.773180437293,2.391496899911426,2204,2224,54,0,2170,2169,47196,34,0,0,34,55
2020-11-19,US,Louisiana,Livingston,5313,87,0,30.44143993,-90.73061664,22063.0,0.0,0.0,3773.7323228377218,1.6374929418407682,5226,5264,87,0,5177,5168,139567,49,0,0,49,96
2020-11-19,US,Louisiana,Madison,987,12,0,32.36918118,-91.23973355,22065.0,0.0,0.0,9012.875536480691,1.2158054711246202,975,974,12,0,962,970,11161,13,0,0,13,4
2020-11-19,US,Louisiana,Morehouse,1126,30,0,32.81686191,-91.80421614,22067.0,0.0,0.0,4526.815148347672,2.6642984014209588,1096,1102,30,0,1072,1083,25398,24,0,0,24,19
2020-11-19,US,Louisiana,Natchitoches,1835,41,0,31.72321584,-93.09816516,22069.0,0.0,0.0,4808.952251166204,2.23433242506812,1794,1811,41,0,1770,1793,38659,24,0,0,24,18
2020-11-19,US,Louisiana,Orleans,14874,644,0,30.06971951,-89.92660315,22071.0,0.0,0.0,3812.438484251969,4.329702837165524,14230,14786,644,0,14142,14711,391006,88,0,0,88,75
2020-11-19,US,Louisiana,Ouachita,8727,200,0,32.47645559,-92.15704172,22073.0,0.0,0.0,5693.539232380171,2.2917382834880256,8527,8617,196,0,8421,8473,154475,110,4,0,106,144
2020-11-19,US,Louisiana,Plaquemines,1048,19,0,29.42245447,-89.60322085,22075.0,0.0,0.0,4517.825580894081,1.8129770992366407,1029,1036,19,0,1017,1022,23410,12,0,0,12,14
2020-11-19,US,Louisiana,Pointe Coupee,1278,48,0,30.71409502,-91.60209535,22077.0,0.0,0.0,5881.270133456053,3.755868544600939,1230,1267,48,0,1219,1258,21940,11,0,0,11,9
2020-11-19,US,Louisiana,Rapides,5825,180,0,31.19778499,-92.52997303,22079.0,0.0,0.0,4492.934715537454,3.0901287553648067,5645,5780,180,0,5600,5699,130562,45,0,0,45,81
2020-11-19,US,Louisiana,Red River,549,26,0,32.09530039,-93.34213308,22081.0,0.0,0.0,6503.19829424307,4.735883424408015,523,547,26,0,521,545,8477,2,0,0,2,2
2020-11-19,US,Louisiana,Richland,1214,25,0,32.41391005,-91.76634876,22083.0,0.0,0.0,6033.197495278801,2.059308072487644,1189,1205,24,0,1181,1190,20192,9,1,0,8,15
2020-11-19,US,Louisiana,Sabine,1289,19,0,31.56388699,-93.55433981,22085.0,0.0,0.0,5396.918439122425,1.4740108611326608,1270,1276,19,0,1257,1249,24032,13,0,0,13,27
2020-11-19,US,Louisiana,St. Bernard,1704,34,0,29.87761636,-89.51887093,22087.0,0.0,0.0,3606.807213614427,1.9953051643192488,1670,1697,34,0,1663,1688,46721,7,0,0,7,9
2020-11-19,US,Louisiana,St. Charles,2320,70,0,29.90709658,-90.35555967,22089.0,0.0,0.0,4369.1148775894535,3.0172413793103448,2250,2312,70,0,2242,2294,52879,8,0,0,8,18
2020-11-19,US,Louisiana,St. Helena,489,4,0,30.82210324,-90.71013176,22091.0,0.0,0.0,4826.292933280695,0.8179959100204499,485,494,4,0,490,496,10262,0,0,0,-5,0
2020-11-19,US,Louisiana,St. James,927,40,0,30.02531716,-90.80212061,22093.0,0.0,0.0,4394.197952218429,4.314994606256742,887,922,40,0,882,920,21037,5,0,0,5,2
2020-11-19,US,Louisiana,St. John the Baptist,1844,114,0,30.12597499,-90.4753503,22095.0,0.0,0.0,4304.6898709059915,6.182212581344903,1730,1829,114,0,1715,1816,43184,15,0,0,15,13
2020-11-19,US,Louisiana,St. Landry,4487,146,0,30.59724262,-92.00135806,22097.0,0.0,0.0,5463.689055574497,3.253844439491865,4341,4410,146,0,4264,4355,82764,77,0,0,77,55
2020-11-19,US,Louisiana,St. Martin,2528,70,0,30.13112107,-91.61403569,22099.0,0.0,0.0,4731.335741423518,2.7689873417721516,2458,2513,70,0,2443,2496,53621,15,0,0,15,17
2020-11-19,US,Louisiana,St. Mary,2256,94,0,29.69262097,-91.44702164,22101.0,0.0,0.0,4571.613844532707,4.166666666666667,2162,2247,94,0,2153,2239,49774,9,0,0,9,8
2020-11-19,US,Louisiana,St. Tammany,9255,287,0,30.40942847,-89.95642711,22103.0,0.0,0.0,3553.888157162112,3.1010264721772014,8968,9193,285,0,8908,9020,258111,62,2,0,60,173
2020-11-19,US,Louisiana,Tangipahoa,6079,139,0,30.62888673,-90.40664996,22105.0,0.0,0.0,4511.049436768131,2.286560289521302,5940,6009,139,0,5870,5881,133777,70,0,0,70,128
2020-11-19,US,Louisiana,Tensas,203,3,0,32.00760749,-91.32915234,22107.0,0.0,0.0,4683.894785417629,1.477832512315271,200,203,3,0,200,202,4462,0,0,0,0,1
2020-11-19,US,Louisiana,Terrebonne,4238,134,0,29.37343766,-90.82626855,22109.0,0.0,0.0,3836.648228786631,3.161868806040585,4104,4223,134,0,4089,4205,111021,15,0,0,15,18
2020-11-19,US,Louisiana,Unassigned,345,0,0,0.0,0.0,90022.0,0.0,0.0,0.0,0.0,345,330,0,0,330,316,,15,0,0,15,14
2020-11-19,US,Louisiana,Union,1325,56,0,32.83121059,-92.3749373,22111.0,0.0,0.0,5993.305590736385,4.226415094339623,1269,1314,56,0,1258,1298,22330,11,0,0,11,16
2020-11-19,US,Louisiana,Vermilion,2380,71,0,29.83517605,-92.30292538,22113.0,0.0,0.0,3999.26064088992,2.9831932773109244,2309,2362,71,0,2291,2347,59830,18,0,0,18,15
2020-11-19,US,Louisiana,Vernon,1281,61,0,31.10884837,-93.18153838,22115.0,0.0,0.0,2700.879208922811,4.761904761904762,1220,1266,61,0,1205,1256,48860,15,0,0,15,10
2020-11-19,US,Louisiana,Washington,2096,75,0,30.85288548,-90.03866652,22117.0,0.0,0.0,4537.385807680651,3.5782442748091605,2021,2094,74,0,2020,2061,46582,2,1,0,1,33
2020-11-19,US,Louisiana,Webster,1768,49,0,32.70847669,-93.33121835,22119.0,0.0,0.0,4611.371935315598,2.771493212669683,1719,1746,49,0,1697,1715,38798,22,0,0,22,31
2020-11-19,US,Louisiana,West Baton Rouge,1201,43,0,30.46058217,-91.30989571,22121.0,0.0,0.0,4538.06914793123,3.5803497085761866,1158,1195,43,0,1152,1170,26427,6,0,0,6,25
2020-11-19,US,Louisiana,West Carroll,489,19,0,32.78550125,-91.461201,22123.0,0.0,0.0,4515.235457063713,3.8854805725971366,470,476,19,0,457,473,10982,13,0,0,13,3
2020-11-19,US,Louisiana,West Feliciana,774,25,0,30.87882871,-91.41485379999999,22125.0,0.0,0.0,4971.736896197328,3.2299741602067185,749,777,25,0,752,783,15460,0,0,0,-3,0
2020-11-19,US,Louisiana,Winn,871,24,0,31.94449367,-92.63789413,22127.0,0.0,0.0,6264.384349827386,2.755453501722158,847,861,24,0,837,855,14134,10,0,0,10,6
2020-11-19,US,Maine,Androscoggin,1269,14,0,44.1664747,-70.20380627,23001.0,0.0,0.0,1171.9940522918068,1.1032308904649328,1255,1248,14,0,1234,1231,107679,21,0,0,21,17
2020-11-19,US,Maine,Aroostook,89,1,0,46.65926321,-68.59841248,23003.0,0.0,0.0,132.72686600551785,1.1235955056179776,88,88,1,0,87,88,67111,1,0,0,1,0
2020-11-19,US,Maine,Cumberland,3415,70,0,43.8370751,-70.37226999,23005.0,0.0,0.0,1157.615346284614,2.049780380673499,3345,3361,70,0,3291,3330,293557,54,0,0,54,31
2020-11-19,US,Maine,Franklin,179,2,0,44.97330019,-70.44381045,23007.0,0.0,0.0,592.734858770158,1.11731843575419,177,170,2,0,168,163,29897,9,0,0,9,7
2020-11-19,US,Maine,Hancock,192,1,0,44.59816444,-68.38401854,23009.0,0.0,0.0,349.17344099514435,0.5208333333333334,191,188,1,0,187,177,54811,4,0,0,4,11
2020-11-19,US,Maine,Kennebec,629,15,0,44.40759555,-69.76738544,23011.0,0.0,0.0,514.3006655655672,2.384737678855326,614,619,14,0,605,603,122083,10,1,0,9,16
2020-11-19,US,Maine,Knox,174,3,0,44.11486325,-69.10529169,23013.0,0.0,0.0,437.4937141707734,1.7241379310344829,171,172,3,0,169,172,39771,2,0,0,2,0
2020-11-19,US,Maine,Lincoln,127,1,0,44.05996956,-69.54227124,23015.0,0.0,0.0,366.6916902465785,0.7874015748031497,126,117,1,0,116,113,34342,10,0,0,10,4
2020-11-19,US,Maine,Oxford,267,2,0,44.49952995,-70.75682123,23017.0,0.0,0.0,460.5433376455369,0.7490636704119851,265,252,2,0,250,248,57618,15,0,0,15,4
2020-11-19,US,Maine,Penobscot,573,7,0,45.40194593,-68.65020455,23019.0,0.0,0.0,376.60698793280227,1.2216404886561956,566,533,7,0,526,516,151096,40,0,0,40,17
2020-11-19,US,Maine,Piscataquis,28,0,0,45.83839062,-69.2860223,23021.0,0.0,0.0,166.81560917485848,0.0,28,28,0,0,28,24,16800,0,0,0,0,4
2020-11-19,US,Maine,Sagadahoc,128,0,0,43.95415864,-69.85074999,23023.0,0.0,0.0,356.98348951361,0.0,128,123,0,0,123,122,35634,5,0,0,5,1
2020-11-19,US,Maine,Somerset,370,12,0,45.51229767,-69.95995554,23025.0,0.0,0.0,732.9054750019808,3.2432432432432434,358,366,12,0,354,361,50592,4,0,0,4,5
2020-11-19,US,Maine,Unassigned,3,0,0,0.0,0.0,90023.0,0.0,0.0,0.0,0.0,3,6,0,0,6,5,,0,0,0,-3,1
2020-11-19,US,Maine,Waldo,200,16,0,44.4858305,-69.12061935,23027.0,0.0,0.0,503.5880649628604,8.0,184,199,16,0,183,194,39694,1,0,0,1,5
2020-11-19,US,Maine,Washington,170,0,0,45.01607142,-67.62813524,23029.0,0.0,0.0,541.7635998597789,0.0,170,159,0,0,159,156,31490,11,0,0,11,3
2020-11-19,US,Maine,York,1921,27,0,43.47808377,-70.71052375,23031.0,0.0,0.0,925.1544733458228,1.4055179593961478,1894,1890,27,0,1863,1860,206229,31,0,0,31,30
2020-11-19,US,Maryland,Allegany,1990,44,0,39.62357628,-78.69280486,24001.0,0.0,0.0,2826.062258577596,2.2110552763819094,1946,1889,39,0,1850,1771,70975,101,5,0,96,118
2020-11-19,US,Maryland,Anne Arundel,14931,288,0,39.00670238,-76.60329337,24003.0,0.0,0.0,2577.714705973752,1.9288728149487644,14643,14660,288,0,14372,14480,576031,271,0,0,271,180
2020-11-19,US,Maryland,Baltimore,25753,700,0,39.45784712,-76.62911955,24005.0,0.0,0.0,3112.634008968176,2.7181299266104917,25053,25253,698,0,24555,24897,828431,500,2,0,498,356
2020-11-19,US,Maryland,Baltimore City,21783,532,0,39.30211911,-76.61151012,24510.0,0.0,0.0,3670.323004599909,2.4422714961208283,21251,21409,532,0,20877,21186,621342,374,0,0,374,223
2020-11-19,US,Maryland,Calvert,1430,31,0,38.53961642,-76.56820632,24009.0,0.0,0.0,1545.5282356119967,2.1678321678321684,1399,1402,31,0,1371,1388,92003,28,0,0,28,14
2020-11-19,US,Maryland,Caroline,839,9,0,38.87172293,-75.82904158,24011.0,0.0,0.0,2511.52487577082,1.0727056019070322,830,825,9,0,816,823,33304,14,0,0,14,2
2020-11-19,US,Maryland,Carroll,2880,133,0,39.56453592,-77.02373735,24013.0,0.0,0.0,1709.7365937060322,4.6180555555555545,2747,2845,132,0,2713,2780,168429,35,1,0,34,65
2020-11-19,US,Maryland,Cecil,1744,37,0,39.56647682,-75.94627411,24015.0,0.0,0.0,1695.5908803655634,2.1215596330275233,1707,1694,37,0,1657,1669,102826,50,0,0,50,25
2020-11-19,US,Maryland,Charles,3880,104,0,38.51092331,-76.98580666,24017.0,0.0,0.0,2376.620910588826,2.6804123711340204,3776,3831,104,0,3727,3790,161503,49,0,0,49,41
2020-11-19,US,Maryland,Dorchester,929,14,0,38.45413522,-76.02752426,24019.0,0.0,0.0,2909.580632027311,1.5069967707212055,915,919,14,0,905,918,31998,10,0,0,10,1
2020-11-19,US,Maryland,Frederick,5859,144,0,39.47296601,-77.39999394,24021.0,0.0,0.0,2257.394614462891,2.457757296466974,5715,5778,142,0,5636,5703,255648,81,2,0,79,75
2020-11-19,US,Maryland,Garrett,408,2,0,39.52786077,-79.27355126,24023.0,0.0,0.0,1406.217688012683,0.4901960784313725,406,366,1,0,365,328,29163,42,1,0,41,38
2020-11-19,US,Maryland,Harford,5102,88,0,39.55010644,-76.30775940000002,24025.0,0.0,0.0,1997.3301075395104,1.7248137985103882,5014,4959,88,0,4871,4828,253956,143,0,0,143,131
2020-11-19,US,Maryland,Howard,7106,133,0,39.25305293,-76.93126208,24027.0,0.0,0.0,2181.8293469249897,1.8716577540106951,6973,7005,132,0,6873,6945,323196,101,1,0,100,60
2020-11-19,US,Maryland,Kent,387,26,0,39.24976208,-76.04741541,24029.0,0.0,0.0,1992.5857275254864,6.718346253229973,361,377,26,0,351,376,19383,10,0,0,10,1
2020-11-19,US,Maryland,Montgomery,30298,919,0,39.13676329,-77.20358245,24031.0,0.0,0.0,2883.6343424499,3.0332035117829563,29379,29833,916,0,28917,29571,1052567,465,3,0,462,262
2020-11-19,US,Maryland,Prince George's,37581,902,0,38.83070039,-76.8496441,24033.0,0.0,0.0,4132.83670230841,2.400149011468561,36679,37184,899,0,36285,36905,909308,397,3,0,394,279
2020-11-19,US,Maryland,Queen Anne's,963,27,0,39.06198912,-76.03530977,24035.0,0.0,0.0,1911.434866318652,2.803738317757009,936,946,27,0,919,937,50251,17,0,0,17,9
2020-11-19,US,Maryland,Somerset,609,8,0,38.1163542,-75.75118623,24039.0,0.0,0.0,2377.420362273579,1.3136288998357963,601,584,8,0,576,575,25675,25,0,0,25,9
2020-11-19,US,Maryland,St. Mary's,1815,60,0,38.30058422,-76.60629279999998,24037.0,0.0,0.0,1598.9780636067308,3.3057851239669422,1755,1786,60,0,1726,1771,112664,29,0,0,29,15
2020-11-19,US,Maryland,Talbot,726,7,0,38.76618159,-76.10882561,24041.0,0.0,0.0,1952.6102041365214,0.9641873278236914,719,723,7,0,716,719,36968,3,0,0,3,4
2020-11-19,US,Maryland,Unassigned,0,20,0,0.0,0.0,90024.0,0.0,0.0,0.0,0.0,-20,0,18,0,-18,0,,0,2,0,-2,0
2020-11-19,US,Maryland,Washington,3295,56,0,39.60835778,-77.82002295,24043.0,0.0,0.0,2181.41133009818,1.6995447647951438,3239,3187,55,0,3132,3112,150926,108,1,0,107,75
2020-11-19,US,Maryland,Wicomico,3033,55,0,38.37301947,-75.62705831,24045.0,0.0,0.0,2927.3518709764594,1.8133860863831193,2978,2992,55,0,2937,2956,103195,41,0,0,41,36
2020-11-19,US,Maryland,Worcester,1392,33,0,38.21274277,-75.33200012,24047.0,0.0,0.0,2662.7898079424594,2.3706896551724137,1359,1376,33,0,1343,1377,51823,16,0,0,16,0
2020-11-19,US,Massachusetts,Barnstable,2456,190,0,41.72980578,-70.28854339,25001.0,0.0,0.0,1153.1057796140665,7.736156351791531,2266,2426,190,0,2236,2374,213413,30,0,0,30,52
2020-11-19,US,Massachusetts,Berkshire,1182,52,0,42.37428441,-73.20524838,25003.0,0.0,0.0,946.0238186707643,4.399323181049069,1130,1151,52,0,1099,1101,126348,31,0,0,31,50
2020-11-19,US,Massachusetts,Bristol,17128,821,0,41.79228404,-71.10872211,25005.0,0.0,0.0,3030.340559466541,4.793320878094349,16307,16791,815,0,15976,16397,564022,337,6,0,331,394
2020-11-19,US,Massachusetts,Dukes and Nantucket,475,2,0,41.40674725,-70.68763497,0.0,0.0,0.0,1653.2665065608576,0.42105263157894735,473,465,2,0,463,446,26707,10,0,0,10,19
2020-11-19,US,Massachusetts,Essex,30381,1407,0,42.6687626,-70.94687179,25009.0,0.0,0.0,3850.4044185675134,4.631183963661499,28974,29983,1403,0,28580,29558,790638,398,4,0,394,425
2020-11-19,US,Massachusetts,Franklin,565,75,0,42.58119713,-72.58602547,25011.0,0.0,0.0,805.0726702764322,13.27433628318584,490,562,75,0,487,555,70963,3,0,0,3,7
2020-11-19,US,Massachusetts,Hampden,13701,873,0,42.13440424,-72.63235561,25013.0,0.0,0.0,2937.7835719125505,6.371797679001533,12828,13557,866,0,12691,13318,470406,144,7,0,137,239
2020-11-19,US,Massachusetts,Hampshire,2010,160,0,42.33997957,-72.65898478,25015.0,0.0,0.0,1249.7668345457935,7.960199004975125,1850,1979,160,0,1819,1918,161355,31,0,0,31,61
2020-11-19,US,Massachusetts,Middlesex,40230,2367,0,42.48607732,-71.39049229,25017.0,0.0,0.0,2496.1236558439264,5.883668903803133,37863,39666,2366,0,37300,39117,1614714,564,1,0,563,549
2020-11-19,US,Massachusetts,Norfolk,14380,1155,0,42.16073095,-71.20530408,25021.0,0.0,0.0,2034.593753316119,8.031988873435326,13225,14223,1153,0,13070,14064,705388,157,2,0,155,159
2020-11-19,US,Massachusetts,Plymouth,13386,880,0,41.94070556,-70.80802823,25023.0,0.0,0.0,2568.294058733466,6.574032571343193,12506,13260,878,0,12382,13146,518132,126,2,0,124,114
2020-11-19,US,Massachusetts,Suffolk,33994,1218,0,42.327951399999996,-71.07850442,25025.0,0.0,0.0,4228.598581676736,3.582985232688121,32776,33695,1215,0,32480,33366,807252,299,3,0,296,329
2020-11-19,US,Massachusetts,Unassigned,7030,7,0,0.0,0.0,90025.0,0.0,0.0,0.0,0.09957325746799432,7023,6870,7,0,6863,6693,,160,0,0,160,177
2020-11-19,US,Massachusetts,Worcester,21632,1228,0,42.35026951,-71.90493363,25027.0,0.0,0.0,2604.31339405891,5.6767751479289945,20404,21240,1225,0,20015,20911,830839,392,3,0,389,329
2020-11-19,US,Michigan,Alcona,121,3,0,44.6846864,-83.59507875,26001.0,0.0,0.0,1162.902450744834,2.479338842975207,118,120,3,0,117,109,10362,1,0,0,1,11
2020-11-19,US,Michigan,Alger,198,2,0,46.41292944,-86.60260122,26003.0,0.0,0.0,2173.913043478261,1.0101010101010102,196,192,2,0,190,177,9097,6,0,0,6,15
2020-11-19,US,Michigan,Allegan,3138,19,0,42.59147037,-85.89102866,26005.0,0.0,0.0,2657.497819293536,0.6054811982154238,3119,3020,17,0,3003,2945,117327,118,2,0,116,75
2020-11-19,US,Michigan,Alpena,400,16,0,45.03477666,-83.62212411,26007.0,0.0,0.0,1408.2027812004928,4.0,384,381,16,0,365,362,28360,19,0,0,19,19
2020-11-19,US,Michigan,Antrim,300,5,0,44.99690221,-85.15503082,26009.0,0.0,0.0,1286.2287772251755,1.6666666666666667,295,295,4,0,291,286,23365,5,1,0,4,9
2020-11-19,US,Michigan,Arenac,283,9,0,44.0636262,-83.89277559,26011.0,0.0,0.0,1901.4983538265133,3.180212014134276,274,273,9,0,264,256,15041,10,0,0,10,17
2020-11-19,US,Michigan,Baraga,364,5,0,46.6720582,-88.36363591,26013.0,0.0,0.0,4434.157631867462,1.3736263736263736,359,354,5,0,349,341,8320,10,0,0,10,13
2020-11-19,US,Michigan,Barry,1592,11,0,42.59513984,-85.30834519,26015.0,0.0,0.0,2586.515028432169,0.6909547738693468,1581,1559,11,0,1548,1508,61157,33,0,0,33,51
2020-11-19,US,Michigan,Bay,3390,80,0,43.70639106,-83.98731479,26017.0,0.0,0.0,3287.240850997809,2.359882005899705,3310,3315,79,0,3236,3186,103923,75,1,0,74,129
2020-11-19,US,Michigan,Benzie,262,4,0,44.63899297,-86.01608482,26019.0,0.0,0.0,1474.7270066419007,1.5267175572519085,258,249,3,0,246,242,17753,13,1,0,12,7
2020-11-19,US,Michigan,Berrien,5254,106,0,41.95447397,-86.41313079999998,26021.0,0.0,0.0,3425.0102672081666,2.0175104682146934,5148,5046,103,0,4943,4909,154141,208,3,0,205,137
2020-11-19,US,Michigan,Branch,1837,24,0,41.91600556,-85.05929476,26023.0,0.0,0.0,4221.338787140658,1.30647795318454,1813,1789,24,0,1765,1730,43622,48,0,0,48,59
2020-11-19,US,Michigan,Calhoun,5188,109,0,42.24633834,-85.00493569,26025.0,0.0,0.0,3867.053272609367,2.101002313030069,5079,5060,105,0,4955,4974,134487,128,4,0,124,86
2020-11-19,US,Michigan,Cass,1805,28,0,41.91522292,-85.99405727,26027.0,0.0,0.0,3485.4307065479748,1.551246537396122,1777,1763,27,0,1736,1733,51653,42,1,0,41,30
2020-11-19,US,Michigan,Charlevoix,418,5,0,45.37790017,-85.19614053,26029.0,0.0,0.0,1598.8983666755921,1.1961722488038278,413,406,5,0,401,382,26244,12,0,0,12,24
2020-11-19,US,Michigan,Cheboygan,368,15,0,45.44787015,-84.50122149,26031.0,0.0,0.0,1455.926570659915,4.076086956521738,353,362,15,0,347,344,25413,6,0,0,6,18
2020-11-19,US,Michigan,Chippewa,665,2,0,46.29552653,-84.54353449,26033.0,0.0,0.0,1780.5028247074888,0.3007518796992481,663,597,2,0,595,563,37517,68,0,0,68,34
2020-11-19,US,Michigan,Clare,592,22,0,43.98794227,-84.84819859999998,26035.0,0.0,0.0,1912.762520193861,3.716216216216216,570,575,22,0,553,564,30757,17,0,0,17,11
2020-11-19,US,Michigan,Clinton,2286,18,0,42.94400871,-84.60145248,26037.0,0.0,0.0,2872.039700986243,0.7874015748031497,2268,2232,18,0,2214,2193,79332,54,0,0,54,39
2020-11-19,US,Michigan,Crawford,265,5,0,44.68255561,-84.61006219,26039.0,0.0,0.0,1888.9443296029654,1.8867924528301887,260,253,5,0,248,244,13901,12,0,0,12,9
2020-11-19,US,Michigan,Delta,2218,56,0,45.90484910000001,-86.9080745,26041.0,0.0,0.0,6198.300916610778,2.524797114517584,2162,2150,55,0,2095,2108,35857,68,1,0,67,42
2020-11-19,US,Michigan,Dickinson,1446,30,0,46.00999672,-87.86961634,26043.0,0.0,0.0,5729.228574824677,2.074688796680498,1416,1419,30,0,1389,1391,25383,27,0,0,27,28
2020-11-19,US,Michigan,Eaton,2424,25,0,42.59599185,-84.83740035,26045.0,0.0,0.0,2198.2805528349113,1.0313531353135317,2399,2348,24,0,2324,2270,109826,76,1,0,75,78
2020-11-19,US,Michigan,Emmet,806,26,0,45.52625509,-84.89083249,26047.0,0.0,0.0,2412.090378572497,3.2258064516129035,780,785,22,0,763,767,33308,21,4,0,17,18
2020-11-19,US,Michigan,Federal Correctional Institution (FCI),197,5,0,0.0,0.0,0.0,0.0,0.0,0.0,2.538071065989848,192,197,5,0,192,197,,0,0,0,0,0
2020-11-19,US,Michigan,Genesee,11773,389,0,43.02244215,-83.70589709,26049.0,0.0,0.0,2901.089910870278,3.3041705597553723,11384,11498,378,0,11120,11179,406892,275,11,0,264,319
2020-11-19,US,Michigan,Gladwin,585,8,0,43.98901072,-84.38774817,26051.0,0.0,0.0,2298.71507721325,1.3675213675213675,577,559,8,0,551,538,25337,26,0,0,26,21
2020-11-19,US,Michigan,Gogebic,685,19,0,46.40862701,-89.69377193,26053.0,0.0,0.0,4901.6100178890865,2.7737226277372264,666,678,19,0,659,664,15096,7,0,0,7,14
2020-11-19,US,Michigan,Grand Traverse,1451,17,0,44.69565625,-85.55585247,26055.0,0.0,0.0,1558.7401168786525,1.171605789110958,1434,1424,17,0,1407,1389,92573,27,0,0,27,35
2020-11-19,US,Michigan,Gratiot,1241,24,0,43.29265605,-84.60505416,26057.0,0.0,0.0,3048.3161799022378,1.93392425463336,1217,1196,23,0,1173,1175,40599,45,1,0,44,21
2020-11-19,US,Michigan,Hillsdale,1240,34,0,41.88753639,-84.59312019,26059.0,0.0,0.0,2719.000109637101,2.7419354838709675,1206,1171,32,0,1139,1141,45749,69,2,0,67,30
2020-11-19,US,Michigan,Houghton,1373,11,0,46.89988536,-88.68495385,26061.0,0.0,0.0,3847.662818069723,0.8011653313911143,1362,1348,10,0,1338,1326,36219,25,1,0,24,22
2020-11-19,US,Michigan,Huron,550,12,0,43.83353985,-83.04078453,26063.0,0.0,0.0,1775.2816242212964,2.1818181818181817,538,528,11,0,517,499,31166,22,1,0,21,29
2020-11-19,US,Michigan,Ingham,7421,95,0,42.59716886,-84.37472069,26065.0,0.0,0.0,2537.9096188176713,1.2801509230561918,7326,7168,91,0,7077,7038,292735,253,4,0,249,130
2020-11-19,US,Michigan,Ionia,1768,13,0,42.94502238,-85.07413319,26067.0,0.0,0.0,2732.738766867088,0.7352941176470589,1755,1693,13,0,1680,1640,64210,75,0,0,75,53
2020-11-19,US,Michigan,Iosco,573,19,0,44.35486835,-83.63484895,26069.0,0.0,0.0,2280.415489314284,3.3158813263525304,554,564,19,0,545,522,25081,9,0,0,9,42
2020-11-19,US,Michigan,Iron,653,31,0,46.20974132,-88.53136251,26071.0,0.0,0.0,5900.957889029461,4.747320061255743,622,646,31,0,615,633,11117,7,0,0,7,13
2020-11-19,US,Michigan,Isabella,2002,17,0,43.64060976,-84.84664923,26073.0,0.0,0.0,2865.2392947103276,0.8491508491508492,1985,1958,17,0,1941,1922,70562,44,0,0,44,36
2020-11-19,US,Michigan,Jackson,3880,87,0,42.24807035,-84.42258681,26075.0,0.0,0.0,2447.795091792316,2.242268041237113,3793,3698,84,0,3614,3631,158823,182,3,0,179,67
2020-11-19,US,Michigan,Kalamazoo,7976,150,0,42.24542231,-85.53038622,26077.0,0.0,0.0,3009.0618940188483,1.880641925777332,7826,7725,149,0,7576,7654,264870,251,1,0,250,71
2020-11-19,US,Michigan,Kalkaska,275,4,0,44.68512729,-85.09085699,26079.0,0.0,0.0,1524.5592637764719,1.4545454545454546,271,269,4,0,265,263,17824,6,0,0,6,6
2020-11-19,US,Michigan,Kent,27049,277,0,43.03197711,-85.54934642,26081.0,0.0,0.0,4117.329193019309,1.0240674331768271,26772,26307,267,0,26040,25699,653786,742,10,0,732,608
2020-11-19,US,Michigan,Keweenaw,57,1,0,47.63197653,-88.41434263,26083.0,0.0,0.0,2693.761814744801,1.7543859649122806,56,55,1,0,54,47,2113,2,0,0,2,8
2020-11-19,US,Michigan,Lake,155,1,0,43.99050893,-85.802173,26085.0,0.0,0.0,1307.6858179363876,0.6451612903225806,154,150,1,0,149,138,11881,5,0,0,5,12
2020-11-19,US,Michigan,Lapeer,1832,47,0,43.09052506,-83.22153148,26087.0,0.0,0.0,2091.157099318548,2.5655021834061134,1785,1764,47,0,1717,1699,88028,68,0,0,68,65
2020-11-19,US,Michigan,Leelanau,300,2,0,44.94430054,-85.80150326,26089.0,0.0,0.0,1378.6131152061025,0.6666666666666666,298,288,2,0,286,282,21764,12,0,0,12,6
2020-11-19,US,Michigan,Lenawee,1927,22,0,41.89475156,-84.06603727,26091.0,0.0,0.0,1957.318869285228,1.1416709911779972,1905,1870,22,0,1848,1835,98266,57,0,0,57,35
2020-11-19,US,Michigan,Livingston,4099,40,0,42.60302282,-83.91297209,26093.0,0.0,0.0,2134.951431026849,0.9758477677482312,4059,3990,39,0,3951,3924,191224,109,1,0,108,66
2020-11-19,US,Michigan,Luce,152,0,0,46.47227431,-85.54471223,26095.0,0.0,0.0,2440.199068871408,0.0,152,146,0,0,146,144,6283,6,0,0,6,2
2020-11-19,US,Michigan,Mackinac,237,0,0,46.07028979,-85.04980537,26097.0,0.0,0.0,2194.647652560422,0.0,237,233,0,0,233,228,10787,4,0,0,4,5
2020-11-19,US,Michigan,Macomb,30211,1193,0,42.69158356,-82.92752801,26099.0,0.0,0.0,3456.746898069961,3.94889278739532,29018,29617,1176,0,28441,29063,874759,594,17,0,577,554
2020-11-19,US,Michigan,Manistee,284,5,0,44.33352407,-86.05626916,26101.0,0.0,0.0,1156.4459646551022,1.7605633802816902,279,276,5,0,271,263,24528,8,0,0,8,13
2020-11-19,US,Michigan,Marquette,2393,24,0,46.4338914,-87.64043701,26103.0,0.0,0.0,3587.759936430831,1.0029251984956122,2369,2321,23,0,2298,2240,66516,72,1,0,71,81
2020-11-19,US,Michigan,Mason,487,6,0,43.99509218,-86.24988902,26105.0,0.0,0.0,1671.012901454845,1.2320328542094456,481,478,6,0,472,467,29100,9,0,0,9,11
2020-11-19,US,Michigan,Mecosta,1001,7,0,43.64064262,-85.32463223,26107.0,0.0,0.0,2303.6384139184865,0.6993006993006993,994,981,7,0,974,972,43545,20,0,0,20,9
2020-11-19,US,Michigan,Menominee,1139,12,0,45.58038692,-87.55370409,26109.0,0.0,0.0,5000.0,1.0535557506584723,1127,1122,11,0,1111,1096,22983,17,1,0,16,26
2020-11-19,US,Michigan,Michigan Department of Corrections (MDOC),9947,77,0,0.0,0.0,0.0,0.0,0.0,0.0,0.7741027445460943,9870,9573,77,0,9496,9527,,374,0,0,374,46
2020-11-19,US,Michigan,Midland,2435,22,0,43.64330771,-84.38804374,26111.0,0.0,0.0,2928.231276155659,0.9034907597535934,2413,2371,19,0,2352,2297,83209,64,3,0,61,74
2020-11-19,US,Michigan,Missaukee,221,2,0,44.33772443,-85.09256478,26113.0,0.0,0.0,1461.833575869824,0.9049773755656108,219,214,2,0,212,213,15113,7,0,0,7,1
2020-11-19,US,Michigan,Monroe,4056,56,0,41.92734151,-83.53749864,26115.0,0.0,0.0,2695.0166112956813,1.3806706114398422,4000,3892,55,0,3837,3754,150439,164,1,0,163,138
2020-11-19,US,Michigan,Montcalm,1453,21,0,43.31082541,-85.15252824,26117.0,0.0,0.0,2274.292511895818,1.445285615966965,1432,1405,21,0,1384,1377,63968,48,0,0,48,28
2020-11-19,US,Michigan,Montmorency,103,1,0,45.0275929,-84.12696227,26119.0,0.0,0.0,1104.2024013722128,0.9708737864077671,102,99,1,0,98,94,9265,4,0,0,4,5
2020-11-19,US,Michigan,Muskegon,5802,137,0,43.29123859,-86.15176712,26121.0,0.0,0.0,3342.820598504316,2.361254739744916,5665,5591,123,0,5468,5467,173588,211,14,0,197,124
2020-11-19,US,Michigan,Newaygo,1265,13,0,43.554373999999996,-85.80070107,26123.0,0.0,0.0,2582.686810943242,1.0276679841897234,1252,1220,10,0,1210,1202,48892,45,3,0,42,18
2020-11-19,US,Michigan,Oakland,38325,1299,0,42.66090111,-83.38595416,26125.0,0.0,0.0,3047.510146439522,3.3894324853228963,37026,37587,1287,0,36300,36983,1259201,738,12,0,726,604
2020-11-19,US,Michigan,Oceana,1003,11,0,43.64124435,-86.26726673,26127.0,0.0,0.0,3789.624815808365,1.0967098703888336,992,982,10,0,972,967,26625,21,1,0,20,15
2020-11-19,US,Michigan,Ogemaw,351,10,0,44.33481032,-84.12725175,26129.0,0.0,0.0,1671.6673810544366,2.849002849002849,341,339,10,0,329,322,20952,12,0,0,12,17
2020-11-19,US,Michigan,Ontonagon,251,9,0,46.665226200000006,-89.31390481,26131.0,0.0,0.0,4388.111888111888,3.585657370517928,242,251,7,0,244,246,5795,0,2,0,-2,5
2020-11-19,US,Michigan,Osceola,394,2,0,43.98992088,-85.32566756,26133.0,0.0,0.0,1679.454390451833,0.5076142131979695,392,380,2,0,378,368,23341,14,0,0,14,12
2020-11-19,US,Michigan,Oscoda,111,2,0,44.68192279,-84.12939244,26135.0,0.0,0.0,1346.923917000364,1.8018018018018016,109,107,2,0,105,100,8276,4,0,0,4,7
2020-11-19,US,Michigan,Otsego,603,15,0,45.02085831,-84.59898295,26137.0,0.0,0.0,2444.4624614885684,2.487562189054726,588,588,15,0,573,568,24665,15,0,0,15,20
2020-11-19,US,Michigan,Ottawa,11040,120,0,42.95996803,-85.9969107,26139.0,0.0,0.0,3783.0243634992976,1.0869565217391304,10920,10706,111,0,10595,10379,290494,334,9,0,325,327
2020-11-19,US,Michigan,Out of MI,818,5,0,0.0,0.0,80026.0,0.0,0.0,0.0,0.6112469437652812,813,719,5,0,714,647,,99,0,0,99,72
2020-11-19,US,Michigan,Presque Isle,181,2,0,45.34018577,-83.91498656,26141.0,0.0,0.0,1437.4205844980938,1.1049723756906078,179,177,2,0,175,168,12738,4,0,0,4,9
2020-11-19,US,Michigan,Roscommon,440,7,0,44.33473082,-84.61067651,26143.0,0.0,0.0,1831.88309255173,1.5909090909090908,433,419,7,0,412,399,23884,21,0,0,21,20
2020-11-19,US,Michigan,Saginaw,6988,195,0,43.33433923,-84.05131209999998,26145.0,0.0,0.0,3667.4906449598243,2.790497996565541,6793,6842,187,0,6655,6686,190800,146,8,0,138,156
2020-11-19,US,Michigan,Sanilac,487,12,0,43.42406072,-82.82055898,26151.0,0.0,0.0,1182.9001700267183,2.4640657084188917,475,467,11,0,456,448,41182,20,1,0,19,19
2020-11-19,US,Michigan,Schoolcraft,160,2,0,46.19235734,-86.19972234,26153.0,0.0,0.0,1976.7729182110204,1.25,158,158,2,0,156,156,8068,2,0,0,2,2
2020-11-19,US,Michigan,Shiawassee,1512,36,0,42.95392800000001,-84.14585902,26155.0,0.0,0.0,2219.547282816124,2.380952380952381,1476,1451,36,0,1415,1429,68192,61,0,0,61,22
2020-11-19,US,Michigan,St. Clair,3364,76,0,42.92655373,-82.67937954,26147.0,0.0,0.0,2114.02141672113,2.2592152199762188,3288,3223,74,0,3149,3140,159337,141,2,0,139,83
2020-11-19,US,Michigan,St. Joseph,2184,30,0,41.91441767,-85.52797979,26149.0,0.0,0.0,3582.442096975264,1.3736263736263736,2154,2118,29,0,2089,2095,61043,66,1,0,65,23
2020-11-19,US,Michigan,Tuscola,1343,44,0,43.46606813,-83.41897025,26157.0,0.0,0.0,2570.5809168341466,3.276247207743857,1299,1318,43,0,1275,1286,52516,25,1,0,24,32
2020-11-19,US,Michigan,Unassigned,15,0,0,0.0,0.0,90026.0,0.0,0.0,0.0,0.0,15,16,0,0,16,35,,0,0,0,-1,0
2020-11-19,US,Michigan,Van Buren,2209,30,0,42.25190229,-86.01939087,26159.0,0.0,0.0,2918.9846320546526,1.358080579447714,2179,2136,29,0,2107,2085,75448,73,1,0,72,51
2020-11-19,US,Michigan,Washtenaw,8228,127,0,42.253105,-83.83853204,26161.0,0.0,0.0,2238.2964137747176,1.543509965969859,8101,8057,125,0,7932,7935,370963,171,2,0,169,122
2020-11-19,US,Michigan,Wayne,54721,3145,0,42.28098405,-83.281255,26163.0,0.0,0.0,3128.0886595710504,5.747336488733758,51576,53764,3136,0,50628,52958,1753893,957,9,0,948,806
2020-11-19,US,Michigan,Wexford,445,12,0,44.33853602,-85.57712739,26165.0,0.0,0.0,1323.183967173144,2.696629213483146,433,427,11,0,416,417,33466,18,1,0,17,10
2020-11-19,US,Minnesota,Aitkin,563,18,0,46.60962049,-93.41168259999999,27001.0,0.0,0.0,3544.00100717613,3.197158081705151,545,548,15,0,533,537,15902,15,3,0,12,11
2020-11-19,US,Minnesota,Anoka,17859,203,0,45.27476015,-93.24604565,27003.0,0.0,0.0,5003.628253871305,1.1366817850943502,17656,17374,196,0,17178,16981,353813,485,7,0,478,393
2020-11-19,US,Minnesota,Becker,1492,6,0,46.93479392,-95.67158144,27005.0,0.0,0.0,4334.3113615896345,0.4021447721179625,1486,1444,5,0,1439,1404,34371,48,1,0,47,40
2020-11-19,US,Minnesota,Beltrami,1659,13,0,47.97373527,-94.93732139,27007.0,0.0,0.0,3515.7243366957696,0.7836045810729355,1646,1628,13,0,1615,1584,46847,31,0,0,31,44
2020-11-19,US,Minnesota,Benton,2370,36,0,45.69804958,-93.99514135,27009.0,0.0,0.0,5796.17990168505,1.5189873417721518,2334,2225,35,0,2190,2187,40545,145,1,0,144,38
2020-11-19,US,Minnesota,Big Stone,256,1,0,45.42712824,-96.41403739,27011.0,0.0,0.0,5129.232618713685,0.390625,255,251,1,0,250,245,4989,5,0,0,5,6
2020-11-19,US,Minnesota,Blue Earth,3436,12,0,44.03554215,-94.06699781,27013.0,0.0,0.0,5078.858291576131,0.3492433061699651,3424,3304,12,0,3292,3270,67427,132,0,0,132,34
2020-11-19,US,Minnesota,Brown,960,9,0,44.24205652,-94.72562874,27015.0,0.0,0.0,3838.7715930902114,0.9375,951,909,6,0,903,879,25111,51,3,0,48,30
2020-11-19,US,Minnesota,Carlton,1313,9,0,46.59180601,-92.67601019,27017.0,0.0,0.0,3660.3384349474495,0.6854531607006854,1304,1250,9,0,1241,1228,35837,63,0,0,63,22
2020-11-19,US,Minnesota,Carver,3594,10,0,44.82017001,-93.80099179999999,27019.0,0.0,0.0,3419.958321042164,0.2782415136338341,3584,3443,10,0,3433,3349,103551,151,0,0,151,94
2020-11-19,US,Minnesota,Cass,1057,8,0,46.95043611,-94.32603968,27021.0,0.0,0.0,3549.4811780113505,0.7568590350047304,1049,1015,8,0,1007,996,29519,42,0,0,42,19
2020-11-19,US,Minnesota,Chippewa,697,7,0,45.02343421,-95.56403693,27023.0,0.0,0.0,5906.77966101695,1.0043041606886658,690,691,7,0,684,683,11924,6,0,0,6,8
2020-11-19,US,Minnesota,Chisago,2547,7,0,45.5021011,-92.90861945,27025.0,0.0,0.0,4501.6702310044375,0.2748331370239497,2540,2465,5,0,2460,2398,55922,82,2,0,80,67
2020-11-19,US,Minnesota,Clay,4076,51,0,46.89289518,-96.48761922,27027.0,0.0,0.0,6346.73476378811,1.2512266928361138,4025,3955,51,0,3904,3902,63955,121,0,0,121,53
2020-11-19,US,Minnesota,Clearwater,387,4,0,47.57992111,-95.37790562,27029.0,0.0,0.0,4388.750283511,1.0335917312661498,383,372,3,0,369,345,8810,15,1,0,14,27
2020-11-19,US,Minnesota,Cook,50,0,0,47.90504893,-90.52629546,27031.0,0.0,0.0,915.2480322167308,0.0,50,48,0,0,48,46,5393,2,0,0,2,2
2020-11-19,US,Minnesota,Cottonwood,580,0,0,44.00715262,-95.18138802,27033.0,0.0,0.0,5180.421579135405,0.0,580,552,0,0,552,545,11277,28,0,0,28,7
2020-11-19,US,Minnesota,Crow Wing,2810,27,0,46.48096553,-94.06755609,27035.0,0.0,0.0,4319.422027515179,0.9608540925266904,2783,2688,26,0,2662,2603,64889,122,1,0,121,85
2020-11-19,US,Minnesota,Dakota,17340,170,0,44.67172617,-93.06299363,27037.0,0.0,0.0,4041.760193556959,0.9803921568627452,17170,16897,165,0,16732,16469,425423,443,5,0,438,428
2020-11-19,US,Minnesota,Dodge,723,0,0,44.02238415,-92.86244324,27039.0,0.0,0.0,3453.711665233591,0.0,723,699,0,0,699,688,20822,24,0,0,24,11
2020-11-19,US,Minnesota,Douglas,1880,22,0,45.93348491,-95.45335469,27041.0,0.0,0.0,4929.078943918617,1.1702127659574468,1858,1833,21,0,1812,1794,37964,47,1,0,46,39
2020-11-19,US,Minnesota,Faribault,430,0,0,43.67381499,-93.94787458,27043.0,0.0,0.0,3149.4909543690032,0.0,430,414,0,0,414,404,13758,16,0,0,16,10
2020-11-19,US,Minnesota,Fillmore,536,0,0,43.67394126,-92.08980382,27045.0,0.0,0.0,2544.2635401338584,0.0,536,511,0,0,511,500,21058,25,0,0,25,11
2020-11-19,US,Minnesota,Freeborn,1235,5,0,43.67385583,-93.34884422,27047.0,0.0,0.0,4078.465044087051,0.4048582995951417,1230,1193,5,0,1188,1168,30444,42,0,0,42,25
2020-11-19,US,Minnesota,Goodhue,1545,25,0,44.40849741,-92.72341949999999,27049.0,0.0,0.0,3334.0526542943458,1.6181229773462784,1520,1498,23,0,1475,1437,46403,47,2,0,45,61
2020-11-19,US,Minnesota,Grant,197,6,0,45.93424769,-96.01139609,27051.0,0.0,0.0,3298.727394507703,3.045685279187817,191,193,6,0,187,189,6021,4,0,0,4,4
2020-11-19,US,Minnesota,Hennepin,54662,1066,0,45.00761521,-93.47694895,27053.0,0.0,0.0,4318.229037882265,1.9501664776261387,53596,53486,1061,0,52425,52689,1259428,1176,5,0,1171,797
2020-11-19,US,Minnesota,Houston,543,2,0,43.67129565,-91.49143057,27055.0,0.0,0.0,2919.3548387096776,0.3683241252302026,541,524,2,0,522,514,18578,19,0,0,19,10
2020-11-19,US,Minnesota,Hubbard,843,17,0,47.10778564,-94.91693868,27057.0,0.0,0.0,3922.572239542134,2.0166073546856467,826,826,15,0,811,806,21332,17,2,0,15,20
2020-11-19,US,Minnesota,Isanti,1443,11,0,45.56181234,-93.29487636,27059.0,0.0,0.0,3554.5373928465865,0.7623007623007623,1432,1408,11,0,1397,1349,39966,35,0,0,35,59
2020-11-19,US,Minnesota,Itasca,1533,21,0,47.51009045,-93.63092229,27061.0,0.0,0.0,3396.8535342344344,1.3698630136986298,1512,1489,19,0,1470,1452,45108,44,2,0,42,37
2020-11-19,US,Minnesota,Jackson,358,1,0,43.67423373,-95.15398258,27063.0,0.0,0.0,3635.994312411131,0.2793296089385475,357,356,1,0,355,350,9911,2,0,0,2,6
2020-11-19,US,Minnesota,Kanabec,455,11,0,45.9459309,-93.29275192,27065.0,0.0,0.0,2785.0890616392244,2.417582417582417,444,446,11,0,435,436,16207,9,0,0,9,10
2020-11-19,US,Minnesota,Kandiyohi,3047,12,0,45.1526059,-95.00586446,27067.0,0.0,0.0,7053.404013981805,0.3938299967180834,3035,2956,9,0,2947,2873,42855,91,3,0,88,83
2020-11-19,US,Minnesota,Kittson,150,3,0,48.77754106,-96.78317184,27069.0,0.0,0.0,3489.995346672871,2.0,147,148,2,0,146,144,4248,2,1,0,1,4
2020-11-19,US,Minnesota,Koochiching,300,5,0,48.24539665,-93.78352843,27071.0,0.0,0.0,2453.1850519257505,1.6666666666666667,295,293,5,0,288,285,12440,7,0,0,7,8
2020-11-19,US,Minnesota,Lac qui Parle,279,3,0,44.9973857,-96.17488219,27073.0,0.0,0.0,4212.5924807489055,1.075268817204301,276,266,3,0,263,248,6658,13,0,0,13,18
2020-11-19,US,Minnesota,Lake,285,1,0,47.64270764,-91.44557998,27075.0,0.0,0.0,2678.3197067944743,0.3508771929824561,284,266,1,0,265,255,10658,19,0,0,19,11
2020-11-19,US,Minnesota,Lake of the Woods,78,1,0,48.77217001,-94.90274472,27077.0,0.0,0.0,2085.561497326203,1.2820512820512822,77,78,1,0,77,78,3758,0,0,0,0,0
2020-11-19,US,Minnesota,Le Sueur,1172,8,0,44.37136597,-93.72844721,27079.0,0.0,0.0,4057.188354623188,0.6825938566552902,1164,1113,8,0,1105,1091,28494,59,0,0,59,22
2020-11-19,US,Minnesota,Lincoln,281,1,0,44.41311883,-96.26688165,27081.0,0.0,0.0,4983.153041319383,0.3558718861209965,280,275,1,0,274,270,5673,6,0,0,6,5
2020-11-19,US,Minnesota,Lyon,1702,10,0,44.41327865,-95.83806103,27083.0,0.0,0.0,6681.32213237026,0.5875440658049353,1692,1677,9,0,1668,1644,25629,25,1,0,24,33
2020-11-19,US,Minnesota,Mahnomen,216,4,0,47.32557075,-95.80921485,27087.0,0.0,0.0,3908.087570110367,1.851851851851852,212,210,3,0,207,198,5519,6,1,0,5,12
2020-11-19,US,Minnesota,Marshall,360,7,0,48.35825983,-96.37017407,27089.0,0.0,0.0,3856.041131105399,1.9444444444444444,353,352,7,0,345,350,9390,8,0,0,8,2
2020-11-19,US,Minnesota,Martin,890,20,0,43.67429718,-94.55099908,27091.0,0.0,0.0,4521.668444850887,2.247191011235955,870,865,19,0,846,852,19785,25,1,0,24,13
2020-11-19,US,Minnesota,McLeod,1539,8,0,44.82367677,-94.27287017,27085.0,0.0,0.0,4287.744128381579,0.5198180636777128,1531,1465,8,0,1457,1415,35873,74,0,0,74,50
2020-11-19,US,Minnesota,Meeker,880,7,0,45.12328869,-94.52839455,27093.0,0.0,0.0,3789.509947463612,0.7954545454545454,873,828,6,0,822,800,23141,52,1,0,51,28
2020-11-19,US,Minnesota,Mille Lacs,1178,30,0,45.93705297,-93.63236823,27095.0,0.0,0.0,4483.007953723789,2.546689303904924,1148,1139,30,0,1109,1110,26139,39,0,0,39,29
2020-11-19,US,Minnesota,Morrison,1862,19,0,46.01265363,-94.27341528,27097.0,0.0,0.0,5577.18804289223,1.020408163265306,1843,1507,16,0,1491,1480,33169,355,3,0,352,27
2020-11-19,US,Minnesota,Mower,2155,22,0,43.67142874,-92.75234549,27099.0,0.0,0.0,5379.162298437422,1.0208816705336428,2133,2081,22,0,2059,2065,40011,74,0,0,74,16
2020-11-19,US,Minnesota,Murray,481,3,0,44.02216709,-95.76328482,27101.0,0.0,0.0,5870.1488894312915,0.6237006237006237,478,469,3,0,466,464,8276,12,0,0,12,5
2020-11-19,US,Minnesota,Nicollet,1328,22,0,44.35291112,-94.24710352,27103.0,0.0,0.0,3874.657174534633,1.6566265060240963,1306,1261,22,0,1239,1246,34220,67,0,0,67,15
2020-11-19,US,Minnesota,Nobles,2855,27,0,43.67434621,-95.75329576,27105.0,0.0,0.0,13199.8705441768,0.9457092819614712,2828,2840,27,0,2813,2830,21924,15,0,0,15,10
2020-11-19,US,Minnesota,Norman,277,6,0,47.32628443,-96.45620947,27107.0,0.0,0.0,4345.098039215686,2.166064981949458,271,269,6,0,263,262,6475,8,0,0,8,7
2020-11-19,US,Minnesota,Olmsted,5698,30,0,44.00374114,-92.40209944,27109.0,0.0,0.0,3599.6538065486156,0.5265005265005265,5668,5538,30,0,5508,5428,156277,160,0,0,160,110
2020-11-19,US,Minnesota,Otter Tail,2261,14,0,46.40846929,-95.70835255,27111.0,0.0,0.0,3848.7726823953967,0.6191950464396285,2247,2197,12,0,2185,2137,58812,64,2,0,62,60
2020-11-19,US,Minnesota,Pennington,451,4,0,48.06642577,-96.0370814,27113.0,0.0,0.0,3194.2772151002196,0.8869179600886918,447,439,4,0,435,427,14178,12,0,0,12,12
2020-11-19,US,Minnesota,Pine,1023,5,0,46.12105238,-92.74070188,27115.0,0.0,0.0,3458.534771290443,0.4887585532746823,1018,996,5,0,991,970,29483,27,0,0,27,26
2020-11-19,US,Minnesota,Pipestone,605,17,0,44.02301619,-96.25841142,27117.0,0.0,0.0,6629.410475564323,2.809917355371901,588,575,17,0,558,566,9047,30,0,0,30,9
2020-11-19,US,Minnesota,Polk,1949,20,0,47.77372465,-96.40134647,27119.0,0.0,0.0,6214.130850656804,1.026167265264238,1929,1845,20,0,1825,1808,31529,104,0,0,104,37
2020-11-19,US,Minnesota,Pope,419,0,0,45.58606667,-95.44451209,27121.0,0.0,0.0,3724.7755356031653,0.0,419,406,0,0,406,389,11097,13,0,0,13,17
2020-11-19,US,Minnesota,Ramsey,23071,450,0,45.01625271,-93.09872295,27123.0,0.0,0.0,4192.28050537777,1.950500628494647,22621,22497,441,0,22056,22160,550210,574,9,0,565,337
2020-11-19,US,Minnesota,Red Lake,162,3,0,47.87197525,-96.09561104,27125.0,0.0,0.0,3995.067817509248,1.851851851851852,159,163,3,0,160,159,3999,0,0,0,-1,4
2020-11-19,US,Minnesota,Redwood,641,17,0,44.40555844,-95.25207021,27127.0,0.0,0.0,4225.444957152275,2.65210608424337,624,622,17,0,605,591,15249,19,0,0,19,31
2020-11-19,US,Minnesota,Renville,580,17,0,44.72836381,-94.94553734,27129.0,0.0,0.0,3986.802309595821,2.931034482758621,563,552,16,0,536,531,14612,28,1,0,27,21
2020-11-19,US,Minnesota,Rice,3248,27,0,44.3543376,-93.29658715,27131.0,0.0,0.0,4849.787971092397,0.8312807881773399,3221,3071,27,0,3044,2954,66523,177,0,0,177,117
2020-11-19,US,Minnesota,Rock,563,9,0,43.67482683,-96.25296832,27133.0,0.0,0.0,6044.015029522276,1.5985790408525755,554,549,9,0,540,541,9414,14,0,0,14,8
2020-11-19,US,Minnesota,Roseau,826,1,0,48.77501878,-95.81079919,27135.0,0.0,0.0,5446.752390372569,0.12106537530266345,825,807,1,0,806,764,15150,19,0,0,19,43
2020-11-19,US,Minnesota,Scott,6701,52,0,44.6490231,-93.53340251,27139.0,0.0,0.0,4496.923087247422,0.7760035815549918,6649,6467,51,0,6416,6296,147381,234,1,0,233,171
2020-11-19,US,Minnesota,Sherburne,4558,36,0,45.44447208,-93.77617511,27141.0,0.0,0.0,4687.467862358338,0.7898200965335673,4522,4328,33,0,4295,4191,96036,230,3,0,227,137
2020-11-19,US,Minnesota,Sibley,593,4,0,44.5796592,-94.23164924,27143.0,0.0,0.0,3989.236461486714,0.6745362563237775,589,554,4,0,550,531,15028,39,0,0,39,23
2020-11-19,US,Minnesota,St. Louis,6546,87,0,47.604840700000004,-92.46879855,27137.0,0.0,0.0,3288.290551062441,1.3290559120073326,6459,6192,85,0,6107,6011,199754,354,2,0,352,181
2020-11-19,US,Minnesota,Stearns,11238,79,0,45.55192576,-94.61078221,27145.0,0.0,0.0,6976.874126959491,0.7029720590852465,11159,10739,76,0,10663,10524,159256,499,3,0,496,215
2020-11-19,US,Minnesota,Steele,1482,6,0,44.02240351,-93.22627088,27147.0,0.0,0.0,4043.7665420611747,0.4048582995951417,1476,1447,6,0,1441,1423,36803,35,0,0,35,24
2020-11-19,US,Minnesota,Stevens,380,1,0,45.58613007,-96.00163705,27149.0,0.0,0.0,3875.5736868944414,0.2631578947368421,379,379,1,0,378,372,9753,1,0,0,1,7
2020-11-19,US,Minnesota,Swift,442,5,0,45.2829032,-95.68264092,27151.0,0.0,0.0,4770.127347291172,1.1312217194570136,437,432,5,0,427,412,9345,10,0,0,10,20
2020-11-19,US,Minnesota,Todd,1535,12,0,46.06996226,-94.89785296,27153.0,0.0,0.0,6223.645799545897,0.7817589576547231,1523,1502,12,0,1490,1478,24582,33,0,0,33,24
2020-11-19,US,Minnesota,Traverse,109,0,0,45.77298854,-96.47062949,27155.0,0.0,0.0,3344.584228290886,0.0,109,108,0,0,108,108,3308,1,0,0,1,0
2020-11-19,US,Minnesota,Unassigned,373,56,0,0.0,0.0,90027.0,0.0,0.0,0.0,15.013404825737267,317,320,56,0,264,319,,53,0,0,53,1
2020-11-19,US,Minnesota,Wabasha,801,1,0,44.28424356,-92.23121312,27157.0,0.0,0.0,3703.7037037037044,0.12484394506866416,800,780,1,0,779,755,21645,21,0,0,21,25
2020-11-19,US,Minnesota,Wadena,613,6,0,46.58589171,-94.96968506,27159.0,0.0,0.0,4480.339131705891,0.9787928221859706,607,590,6,0,584,577,13773,23,0,0,23,13
2020-11-19,US,Minnesota,Waseca,1201,10,0,44.02211116,-93.58720034,27161.0,0.0,0.0,6452.826133677198,0.832639467110741,1191,1175,10,0,1165,1157,18691,26,0,0,26,18
2020-11-19,US,Minnesota,Washington,11495,100,0,45.03864533,-92.88429635,27163.0,0.0,0.0,4380.0487730528885,0.8699434536755111,11395,11204,100,0,11104,10924,259201,291,0,0,291,280
2020-11-19,US,Minnesota,Watonwan,730,4,0,43.97823903,-94.61413846,27165.0,0.0,0.0,6699.091493071488,0.547945205479452,726,717,4,0,713,708,10980,13,0,0,13,9
2020-11-19,US,Minnesota,Wilkin,292,5,0,46.35721532,-96.4684375,27167.0,0.0,0.0,4704.366038343806,1.7123287671232876,287,275,4,0,271,270,6254,17,1,0,16,5
2020-11-19,US,Minnesota,Winona,2260,25,0,43.98772283,-91.78081305,27169.0,0.0,0.0,4476.665874336422,1.106194690265487,2235,2191,22,0,2169,2170,50825,69,3,0,66,21
2020-11-19,US,Minnesota,Wright,5817,30,0,45.17297924,-93.96234781,27171.0,0.0,0.0,4203.733279374463,0.5157297576070139,5787,5602,30,0,5572,5439,136349,215,0,0,215,163
2020-11-19,US,Minnesota,Yellow Medicine,499,8,0,44.71710183,-95.86842453,27173.0,0.0,0.0,5139.56123184674,1.6032064128256514,491,491,8,0,483,472,9795,8,0,0,8,19
2020-11-19,US,Mississippi,Adams,1296,48,0,31.47669768,-91.35326037,28001.0,0.0,0.0,4222.461147492913,3.703703703703704,1248,1276,48,0,1228,1259,31192,20,0,0,20,17
2020-11-19,US,Mississippi,Alcorn,1398,23,0,34.88084463,-88.57996173,28003.0,0.0,0.0,3783.184044597191,1.6452074391988556,1375,1375,23,0,1352,1358,36925,23,0,0,23,17
2020-11-19,US,Mississippi,Amite,476,14,0,31.17467303,-90.80501621,28005.0,0.0,0.0,3870.862812067984,2.9411764705882355,462,462,14,0,448,460,12326,14,0,0,14,2
2020-11-19,US,Mississippi,Attala,1019,30,0,33.08658803,-89.57838564,28007.0,0.0,0.0,5606.910971717839,2.944062806673209,989,1005,29,0,976,975,18365,14,1,0,13,30
2020-11-19,US,Mississippi,Benton,476,17,0,34.81681228,-89.18945516,28009.0,0.0,0.0,5763.409613754692,3.571428571428572,459,470,17,0,453,460,8271,6,0,0,6,10
2020-11-19,US,Mississippi,Bolivar,2315,83,0,33.79696941,-90.87372121,28011.0,0.0,0.0,7558.4432545383315,3.585313174946004,2232,2294,83,0,2211,2266,31333,21,0,0,21,28
2020-11-19,US,Mississippi,Calhoun,696,13,0,33.93683395,-89.33686647,28013.0,0.0,0.0,4846.459160225611,1.8678160919540232,683,694,13,0,681,690,14436,2,0,0,2,4
2020-11-19,US,Mississippi,Carroll,671,14,0,33.44834567,-89.91994479,28015.0,0.0,0.0,6745.752488187392,2.0864381520119224,657,664,13,0,651,655,9911,7,1,0,6,9
2020-11-19,US,Mississippi,Chickasaw,993,32,0,33.91983202,-88.9481545,28017.0,0.0,0.0,5805.998947553062,3.2225579053373616,961,986,32,0,954,976,17171,7,0,0,7,10
2020-11-19,US,Mississippi,Choctaw,289,7,0,33.34598242,-89.24809382,28019.0,0.0,0.0,3520.0974421437268,2.4221453287197234,282,280,7,0,273,269,8278,9,0,0,9,11
2020-11-19,US,Mississippi,Claiborne,570,16,0,31.97061673,-90.90702196,28021.0,0.0,0.0,6341.789052069425,2.8070175438596485,554,568,16,0,552,568,9002,2,0,0,2,0
2020-11-19,US,Mississippi,Clarke,859,53,0,32.04158545,-88.68896219999998,28023.0,0.0,0.0,5527.314844604593,6.169965075669383,806,852,53,0,799,848,15604,7,0,0,7,4
2020-11-19,US,Mississippi,Clay,827,26,0,33.65358105,-88.77784255,28025.0,0.0,0.0,4281.424725616072,3.1438935912938333,801,824,26,0,798,817,19386,3,0,0,3,7
2020-11-19,US,Mississippi,Coahoma,1429,40,0,34.22772299,-90.60415045,28027.0,0.0,0.0,6459.048996564817,2.7991602519244227,1389,1421,40,0,1381,1402,22628,8,0,0,8,19
2020-11-19,US,Mississippi,Copiah,1551,39,0,31.86977774,-90.44565118,28029.0,0.0,0.0,5526.4564404062,2.514506769825919,1512,1538,39,0,1499,1519,28543,13,0,0,13,19
2020-11-19,US,Mississippi,Covington,1122,34,0,31.63225413,-89.55389939,28031.0,0.0,0.0,6020.605280103026,3.0303030303030303,1088,1112,33,0,1079,1110,18853,10,1,0,9,2
2020-11-19,US,Mississippi,DeSoto,9232,93,0,34.87625235,-89.99091418,28033.0,0.0,0.0,4991.754305334018,1.00736568457539,9139,9117,92,0,9025,8985,182001,115,1,0,114,132
2020-11-19,US,Mississippi,Forrest,3517,85,0,31.18961454,-89.25832496,28035.0,0.0,0.0,4695.7822075650565,2.416832527722491,3432,3490,85,0,3405,3460,75036,27,0,0,27,30
2020-11-19,US,Mississippi,Franklin,299,4,0,31.47786634,-90.89672989,28037.0,0.0,0.0,3876.5720212628025,1.3377926421404682,295,297,4,0,293,289,7788,2,0,0,2,8
2020-11-19,US,Mississippi,George,1182,23,0,30.86259065,-88.64436789,28039.0,0.0,0.0,4824.489795918366,1.9458544839255496,1159,1173,23,0,1150,1167,24250,9,0,0,9,6
2020-11-19,US,Mississippi,Greene,567,22,0,31.21444233,-88.63922281,28041.0,0.0,0.0,4173.413808332107,3.880070546737213,545,564,20,0,544,560,13586,3,2,0,1,4
2020-11-19,US,Mississippi,Grenada,1327,44,0,33.77036166,-89.80245083,28043.0,0.0,0.0,6392.71606127758,3.3157498116051243,1283,1321,44,0,1277,1318,21055,6,0,0,6,3
2020-11-19,US,Mississippi,Hancock,1098,37,0,30.41830223,-89.48851033,28045.0,0.0,0.0,2305.172992945919,3.36976320582878,1061,1095,36,0,1059,1082,47334,3,1,0,2,13
2020-11-19,US,Mississippi,Harrison,6604,104,0,30.51359752,-89.12467576,28047.0,0.0,0.0,3173.779315647828,1.5748031496062993,6500,6530,104,0,6426,6476,206650,74,0,0,74,54
2020-11-19,US,Mississippi,Hinds,9261,189,0,32.2656285,-90.44435448,28049.0,0.0,0.0,3994.565217391305,2.0408163265306123,9072,9166,187,0,8979,9045,237085,95,2,0,93,121
2020-11-19,US,Mississippi,Holmes,1214,60,0,33.12345854,-90.08923538,28051.0,0.0,0.0,7136.978248089359,4.942339373970347,1154,1210,60,0,1150,1203,17622,4,0,0,4,7
2020-11-19,US,Mississippi,Humphreys,509,18,0,33.12825718,-90.52252707,28053.0,0.0,0.0,6312.003968253968,3.536345776031433,491,509,18,0,491,506,8257,0,0,0,0,3
2020-11-19,US,Mississippi,Issaquena,108,4,0,32.72531359,-90.97392828,28055.0,0.0,0.0,8138.6586284853065,3.703703703703704,104,108,4,0,104,108,1308,0,0,0,0,0
2020-11-19,US,Mississippi,Itawamba,1410,33,0,34.27993475,-88.3606733,28057.0,0.0,0.0,6028.217186831977,2.3404255319148937,1377,1396,33,0,1363,1380,23517,14,0,0,14,16
2020-11-19,US,Mississippi,Jackson,5892,112,0,30.54020656,-88.64184064,28059.0,0.0,0.0,4102.578385567168,1.9008825526137132,5780,5830,111,0,5719,5786,143277,62,1,0,61,44
2020-11-19,US,Mississippi,Jasper,785,21,0,32.01922104,-89.11786866,28061.0,0.0,0.0,4791.552218763352,2.6751592356687897,764,779,21,0,758,773,16428,6,0,0,6,6
2020-11-19,US,Mississippi,Jefferson,328,11,0,31.73397872,-91.03764977,28063.0,0.0,0.0,4692.417739628039,3.3536585365853657,317,306,11,0,295,302,7106,22,0,0,22,4
2020-11-19,US,Mississippi,Jefferson Davis,523,16,0,31.56884708,-89.82670990000004,28065.0,0.0,0.0,4699.856218547809,3.0592734225621414,507,520,16,0,504,513,11234,3,0,0,3,7
2020-11-19,US,Mississippi,Jones,3337,87,0,31.62257767,-89.16896899999998,28067.0,0.0,0.0,4900.2907574378105,2.6071321546299067,3250,3308,87,0,3221,3276,68461,29,0,0,29,32
2020-11-19,US,Mississippi,Kemper,392,15,0,32.75462946,-88.64105766,28069.0,0.0,0.0,4023.814411825087,3.826530612244898,377,380,15,0,365,365,10027,12,0,0,12,15
2020-11-19,US,Mississippi,Lafayette,2968,46,0,34.35687874,-89.48490961,28071.0,0.0,0.0,5494.363094466762,1.5498652291105122,2922,2946,45,0,2901,2912,54793,22,1,0,21,34
2020-11-19,US,Mississippi,Lamar,2656,48,0,31.20572971,-89.5077704,28073.0,0.0,0.0,4193.044219566486,1.8072289156626504,2608,2630,48,0,2582,2613,62447,26,0,0,26,17
2020-11-19,US,Mississippi,Lauderdale,3164,142,0,32.40419769,-88.66229662,28075.0,0.0,0.0,4268.465430016863,4.487989886219975,3022,3120,141,0,2979,3084,75317,44,1,0,43,36
2020-11-19,US,Mississippi,Lawrence,674,14,0,31.55147224,-90.10841127,28077.0,0.0,0.0,5355.156523120928,2.0771513353115734,660,668,14,0,654,651,12455,6,0,0,6,17
2020-11-19,US,Mississippi,Leake,1286,43,0,32.7536828,-89.52402044,28079.0,0.0,0.0,5643.816378478013,3.3437013996889577,1243,1271,43,0,1228,1268,22763,15,0,0,15,3
2020-11-19,US,Mississippi,Lee,4622,91,0,34.291877500000005,-88.68149954,28081.0,0.0,0.0,5409.897467109883,1.9688446559930768,4531,4579,90,0,4489,4491,85202,43,1,0,42,88
2020-11-19,US,Mississippi,Leflore,1965,89,0,33.55545125,-90.29900733,28083.0,0.0,0.0,6972.288258879466,4.529262086513995,1876,1945,89,0,1856,1929,28919,20,0,0,20,16
2020-11-19,US,Mississippi,Lincoln,1746,64,0,31.53288662,-90.45391915,28085.0,0.0,0.0,5112.28881796621,3.665521191294387,1682,1735,64,0,1671,1710,34205,11,0,0,11,25
2020-11-19,US,Mississippi,Lowndes,2179,62,0,33.47386518,-88.44191529999998,28087.0,0.0,0.0,3718.747333390221,2.845341899954108,2117,2162,62,0,2100,2140,58930,17,0,0,17,22
2020-11-19,US,Mississippi,Madison,4462,99,0,32.63389156,-90.03513564,28089.0,0.0,0.0,4198.660042155977,2.218735992828328,4363,4402,99,0,4303,4339,105630,60,0,0,60,63
2020-11-19,US,Mississippi,Marion,1066,46,0,31.23132643,-89.8209217,28091.0,0.0,0.0,4338.094656737069,4.3151969981238265,1020,1056,46,0,1010,1049,24715,10,0,0,10,7
2020-11-19,US,Mississippi,Marshall,2004,41,0,34.76216286,-89.50299462,28093.0,0.0,0.0,5678.018926729756,2.045908183632734,1963,1974,41,0,1933,1935,35451,30,0,0,30,39
2020-11-19,US,Mississippi,Monroe,1827,77,0,33.89236763,-88.4808438,28095.0,0.0,0.0,5182.684670373312,4.21455938697318,1750,1810,76,0,1734,1787,35564,17,1,0,16,23
2020-11-19,US,Mississippi,Montgomery,696,25,0,33.49419589,-89.61729103,28097.0,0.0,0.0,7120.2046035805615,3.5919540229885056,671,690,24,0,666,678,10023,6,1,0,5,12
2020-11-19,US,Mississippi,Neshoba,2113,111,0,32.75339664,-89.11726492,28099.0,0.0,0.0,7256.679717013531,5.253194510175106,2002,2099,111,0,1988,2075,29125,14,0,0,14,24
2020-11-19,US,Mississippi,Newton,1006,29,0,32.40021118,-89.11843336,28101.0,0.0,0.0,4786.373584546579,2.8827037773359843,977,989,29,0,960,980,21443,17,0,0,17,9
2020-11-19,US,Mississippi,Noxubee,671,17,0,33.11009499,-88.56949061,28103.0,0.0,0.0,6441.393875395987,2.5335320417287632,654,665,17,0,648,654,10535,6,0,0,6,11
2020-11-19,US,Mississippi,Oktibbeha,2317,58,0,33.42491685,-88.87905132,28105.0,0.0,0.0,4672.595639986287,2.503236944324557,2259,2292,58,0,2234,2278,49599,25,0,0,25,14
2020-11-19,US,Mississippi,Panola,2020,47,0,34.36398677,-89.95064249,28107.0,0.0,0.0,5907.814693495556,2.3267326732673266,1973,2004,46,0,1958,1984,34178,16,1,0,15,20
2020-11-19,US,Mississippi,Pearl River,1363,66,0,30.77090935,-89.58677275,28109.0,0.0,0.0,2454.308093994778,4.842259721203228,1297,1357,66,0,1291,1339,55387,6,0,0,6,18
2020-11-19,US,Mississippi,Perry,622,24,0,31.17161885,-88.99281835,28111.0,0.0,0.0,5195.022133132882,3.858520900321544,598,616,24,0,592,608,11931,6,0,0,6,8
2020-11-19,US,Mississippi,Pike,1564,58,0,31.17507789,-90.40392572,28113.0,0.0,0.0,3980.859295459173,3.70843989769821,1506,1556,58,0,1498,1547,39563,8,0,0,8,9
2020-11-19,US,Mississippi,Pontotoc,1858,26,0,34.226046000000004,-89.03636807,28115.0,0.0,0.0,5774.84925716417,1.3993541442411197,1832,1841,26,0,1815,1824,31833,17,0,0,17,17
2020-11-19,US,Mississippi,Prentiss,1349,25,0,34.61810501,-88.51986294,28117.0,0.0,0.0,5368.940539680013,1.853224610822832,1324,1334,25,0,1309,1310,25315,15,0,0,15,24
2020-11-19,US,Mississippi,Quitman,462,6,0,34.25157572,-90.28908,28119.0,0.0,0.0,6802.120141342756,1.2987012987012987,456,459,6,0,453,456,7051,3,0,0,3,3
2020-11-19,US,Mississippi,Rankin,5038,94,0,32.26469147,-89.94537876,28121.0,0.0,0.0,3244.649677016313,1.8658197697499008,4944,4954,93,0,4861,4833,153902,84,1,0,83,121
2020-11-19,US,Mississippi,Scott,1438,29,0,32.406704100000006,-89.53789439,28123.0,0.0,0.0,5113.070686957759,2.016689847009736,1409,1426,29,0,1397,1414,28287,12,0,0,12,12
2020-11-19,US,Mississippi,Sharkey,296,16,0,32.88149103,-90.81595379999999,28125.0,0.0,0.0,6850.266142096737,5.405405405405406,280,296,16,0,280,296,4377,0,0,0,0,0
2020-11-19,US,Mississippi,Simpson,1383,53,0,31.91282117,-89.91716179,28127.0,0.0,0.0,5187.9360792257485,3.832248734634852,1330,1377,53,0,1324,1369,26758,6,0,0,6,8
2020-11-19,US,Mississippi,Smith,670,16,0,32.01744532,-89.50644846,28129.0,0.0,0.0,4209.600402111083,2.388059701492537,654,668,16,0,652,664,16002,2,0,0,2,4
2020-11-19,US,Mississippi,Stone,663,14,0,30.79187949,-89.11547539,28131.0,0.0,0.0,3615.837696335079,2.1116138763197587,649,652,14,0,638,636,18717,11,0,0,11,16
2020-11-19,US,Mississippi,Sunflower,1836,54,0,33.60192578,-90.58882684,28133.0,0.0,0.0,7311.827956989246,2.9411764705882355,1782,1817,54,0,1763,1801,25735,19,0,0,19,16
2020-11-19,US,Mississippi,Tallahatchie,933,27,0,33.95339918,-90.1729398,28135.0,0.0,0.0,6756.4631761894425,2.893890675241157,906,926,27,0,899,921,13987,7,0,0,7,5
2020-11-19,US,Mississippi,Tate,1553,47,0,34.65133709,-89.94485778,28137.0,0.0,0.0,5483.56343349458,3.0264005151320026,1506,1539,47,0,1492,1517,28759,14,0,0,14,22
2020-11-19,US,Mississippi,Tippah,1157,30,0,34.76872156,-88.90988194,28139.0,0.0,0.0,5255.507608448785,2.592912705272256,1127,1150,29,0,1121,1133,21995,7,1,0,6,17
2020-11-19,US,Mississippi,Tishomingo,1020,41,0,34.74023475,-88.23917219,28141.0,0.0,0.0,5262.343290512305,4.019607843137255,979,1009,41,0,968,999,19454,11,0,0,11,10
2020-11-19,US,Mississippi,Tunica,588,19,0,34.64967704,-90.37481167,28143.0,0.0,0.0,6104.651162790698,3.2312925170068025,569,585,19,0,566,579,9944,3,0,0,3,6
2020-11-19,US,Mississippi,Union,1525,25,0,34.49162015,-89.00776006,28145.0,0.0,0.0,5292.382439701544,1.639344262295082,1500,1508,25,0,1483,1500,28606,17,0,0,17,8
2020-11-19,US,Mississippi,Walthall,728,27,0,31.14971548,-90.10446654,28147.0,0.0,0.0,5095.89808203836,3.708791208791209,701,725,27,0,698,719,14465,3,0,0,3,6
2020-11-19,US,Mississippi,Warren,1681,56,0,32.35810271,-90.83352619,28149.0,0.0,0.0,3704.193384896763,3.3313503866745986,1625,1670,56,0,1614,1663,46176,11,0,0,11,7
2020-11-19,US,Mississippi,Washington,2981,106,0,33.28392041,-90.94196237,28151.0,0.0,0.0,6789.040971099319,3.555853740355585,2875,2948,107,0,2841,2908,45063,33,0,0,34,40
2020-11-19,US,Mississippi,Wayne,1135,22,0,31.64135687,-88.69573913,28153.0,0.0,0.0,5623.54456721003,1.9383259911894275,1113,1125,22,0,1103,1115,20298,10,0,0,10,10
2020-11-19,US,Mississippi,Webster,408,14,0,33.61300486,-89.28392912,28155.0,0.0,0.0,4210.9608834761075,3.431372549019608,394,406,14,0,392,404,9788,2,0,0,2,2
2020-11-19,US,Mississippi,Wilkinson,365,22,0,31.16078225,-91.31018819,28157.0,0.0,0.0,4229.432213209733,6.027397260273973,343,364,22,0,342,363,8792,1,0,0,1,1
2020-11-19,US,Mississippi,Winston,1076,24,0,33.08747908,-89.03391385,28159.0,0.0,0.0,5992.759676970201,2.2304832713754648,1052,1057,23,0,1034,1039,18165,19,1,0,18,18
2020-11-19,US,Mississippi,Yalobusha,652,26,0,34.02824175,-89.70762049999998,28161.0,0.0,0.0,5384.869507763462,3.987730061349693,626,646,26,0,620,638,12392,6,0,0,6,8
2020-11-19,US,Mississippi,Yazoo,1433,36,0,32.77890365,-90.39656148,28163.0,0.0,0.0,4826.5409228696535,2.5122121423586883,1397,1428,36,0,1392,1425,28248,5,0,0,5,3
2020-11-19,US,Missouri,Adair,951,0,0,40.19058551,-92.60078167,29001.0,0.0,0.0,3752.515487511344,0.0,951,925,0,0,925,904,25339,26,0,0,26,21
2020-11-19,US,Missouri,Andrew,668,8,0,39.98492163,-94.80163024,29003.0,0.0,0.0,3771.454381210479,1.1976047904191616,660,658,8,0,650,644,17607,10,0,0,10,14
2020-11-19,US,Missouri,Atchison,170,1,0,40.43238737,-95.42970639,29005.0,0.0,0.0,3305.463737118413,0.5882352941176471,169,157,1,0,156,157,5171,13,0,0,13,0
2020-11-19,US,Missouri,Audrain,904,11,0,39.215877,-91.84242683,29007.0,0.0,0.0,3560.7373562312905,1.2168141592920354,893,889,11,0,878,878,25473,15,0,0,15,11
2020-11-19,US,Missouri,Barry,1297,22,0,36.70978521,-93.82919888,29009.0,0.0,0.0,3624.018553186733,1.6962220508866614,1275,1276,22,0,1254,1264,35886,21,0,0,21,12
2020-11-19,US,Missouri,Barton,581,4,0,37.50207671,-94.34757022,29011.0,0.0,0.0,4942.99812829675,0.6884681583476764,577,573,4,0,569,570,11798,8,0,0,8,3
2020-11-19,US,Missouri,Bates,442,8,0,38.25271289,-94.34113157,29013.0,0.0,0.0,2733.1189710610934,1.8099547511312215,434,414,8,0,406,406,16320,28,0,0,28,8
2020-11-19,US,Missouri,Benton,708,8,0,38.29503305,-93.28756116,29015.0,0.0,0.0,3641.413362135473,1.1299435028248588,700,702,7,0,695,697,19278,6,1,0,5,5
2020-11-19,US,Missouri,Bollinger,734,7,0,37.32449052,-90.02725304,29017.0,0.0,0.0,6049.616747712849,0.9536784741144414,727,725,7,0,718,711,12169,9,0,0,9,14
2020-11-19,US,Missouri,Boone,9217,16,0,38.99186229,-92.30723575,29019.0,0.0,0.0,5107.418141114799,0.1735922751437561,9201,9029,16,0,9013,8823,180005,188,0,0,188,206
2020-11-19,US,Missouri,Buchanan,4025,52,0,39.65816401,-94.80138942,29021.0,0.0,0.0,4607.160844283687,1.291925465838509,3973,3970,50,0,3920,3917,88571,55,2,0,53,53
2020-11-19,US,Missouri,Butler,1836,8,0,36.71462476,-90.40421163,29023.0,0.0,0.0,4322.237393474269,0.4357298474945534,1828,1799,8,0,1791,1771,42639,37,0,0,37,28
2020-11-19,US,Missouri,Caldwell,321,1,0,39.65620858,-93.98308093,29025.0,0.0,0.0,3558.758314855876,0.3115264797507788,320,320,1,0,319,301,9108,1,0,0,1,19
2020-11-19,US,Missouri,Callaway,2456,7,0,38.83674754,-91.92186505,29027.0,0.0,0.0,5489.126790782916,0.2850162866449512,2449,2408,7,0,2401,2338,44889,48,0,0,48,70
2020-11-19,US,Missouri,Camden,2229,44,0,38.02199522,-92.76083747,29029.0,0.0,0.0,4813.735017816651,1.973979362943024,2185,2147,44,0,2103,2124,45815,82,0,0,82,23
2020-11-19,US,Missouri,Cape Girardeau,4323,59,0,37.38489388,-89.6843587,29031.0,0.0,0.0,5481.102052718998,1.364792967846403,4264,4220,59,0,4161,4124,78753,103,0,0,103,96
2020-11-19,US,Missouri,Carroll,345,4,0,39.42762566,-93.50626255,29033.0,0.0,0.0,3975.112340131352,1.1594202898550725,341,337,4,0,333,331,8743,8,0,0,8,6
2020-11-19,US,Missouri,Carter,256,4,0,36.94160441,-90.96051322,29035.0,0.0,0.0,4279.505182213306,1.5625,252,244,4,0,240,242,6054,12,0,0,12,2
2020-11-19,US,Missouri,Cass,3214,36,0,38.64789422,-94.353399,29037.0,0.0,0.0,3038.3815466061637,1.1200995644057252,3178,3152,36,0,3116,3078,104954,62,0,0,62,74
2020-11-19,US,Missouri,Cedar,403,4,0,37.72391475,-93.85445441,29039.0,0.0,0.0,2808.558087671615,0.9925558312655088,399,392,4,0,388,388,14165,11,0,0,11,4
2020-11-19,US,Missouri,Chariton,204,0,0,39.51499357,-92.9629191,29041.0,0.0,0.0,2747.104767034743,0.0,204,199,0,0,199,192,7451,5,0,0,5,7
2020-11-19,US,Missouri,Christian,3320,20,0,36.9711783,-93.18537118,29043.0,0.0,0.0,3747.3898075512157,0.6024096385542169,3300,3279,20,0,3259,3235,86983,41,0,0,41,44
2020-11-19,US,Missouri,Clark,248,2,0,40.41040752,-91.73661677,29045.0,0.0,0.0,3648.668530233927,0.8064516129032258,246,238,2,0,236,234,6842,10,0,0,10,4
2020-11-19,US,Missouri,Clay,4032,60,0,39.31132056,-94.41850862,29047.0,0.0,0.0,1613.1355321906956,1.488095238095238,3972,3954,60,0,3894,3825,246365,78,0,0,78,129
2020-11-19,US,Missouri,Clinton,786,41,0,39.6013098,-94.40465394,29049.0,0.0,0.0,3855.398047775543,5.216284987277353,745,779,39,0,740,765,20470,7,2,0,5,14
2020-11-19,US,Missouri,Cole,5338,38,0,38.50455671,-92.27860244,29051.0,0.0,0.0,6955.501987100137,0.7118771075309105,5300,5228,38,0,5190,5144,76796,110,0,0,110,84
2020-11-19,US,Missouri,Cooper,1050,6,0,38.844478,-92.80896081,29053.0,0.0,0.0,5929.1885481958325,0.5714285714285714,1044,1031,6,0,1025,1012,17603,19,0,0,19,19
2020-11-19,US,Missouri,Crawford,1029,10,0,37.97663738,-91.30528104,29055.0,0.0,0.0,4301.8394648829435,0.9718172983479106,1019,1015,10,0,1005,1005,23957,14,0,0,14,10
2020-11-19,US,Missouri,Dade,257,5,0,37.431814,-93.8503345,29057.0,0.0,0.0,3399.021293479699,1.9455252918287935,252,252,5,0,247,247,7569,5,0,0,5,5
2020-11-19,US,Missouri,Dallas,543,5,0,37.681135499999996,-93.02127031,29059.0,0.0,0.0,3217.2058300746526,0.9208103130755064,538,534,5,0,529,530,16762,9,0,0,9,4
2020-11-19,US,Missouri,Daviess,295,7,0,39.96145298,-93.98519678,29061.0,0.0,0.0,3563.662720463881,2.3728813559322037,288,294,6,0,288,295,8313,1,1,0,0,0
2020-11-19,US,Missouri,DeKalb,489,9,0,39.89201062,-94.40476508,29063.0,0.0,0.0,3897.3459791185146,1.8404907975460123,480,486,9,0,477,484,12630,3,0,0,3,2
2020-11-19,US,Missouri,Dent,407,4,0,37.60663134,-91.50790473,29065.0,0.0,0.0,2613.497720413536,0.9828009828009828,403,402,4,0,398,396,15441,5,0,0,5,6
2020-11-19,US,Missouri,Douglas,371,14,0,36.9325593,-92.49905109,29067.0,0.0,0.0,2813.8035646568073,3.7735849056603774,357,367,14,0,353,364,13373,4,0,0,4,3
2020-11-19,US,Missouri,Dunklin,1544,13,0,36.27167174,-90.09122243,29069.0,0.0,0.0,5300.195667845251,0.8419689119170984,1531,1540,13,0,1527,1510,29423,4,0,0,4,30
2020-11-19,US,Missouri,Franklin,4148,58,0,38.41127108,-91.07522826,29071.0,0.0,0.0,3989.727509690575,1.3982642237222758,4090,4067,58,0,4009,4034,103670,81,0,0,81,33
2020-11-19,US,Missouri,Gasconade,396,24,0,38.43947277,-91.50847147,29073.0,0.0,0.0,2692.778457772338,6.0606060606060606,372,390,24,0,366,390,14705,6,0,0,6,0
2020-11-19,US,Missouri,Gentry,346,11,0,40.21097916,-94.40944419,29075.0,0.0,0.0,5265.5607974433115,3.1791907514450872,335,335,11,0,324,332,6628,11,0,0,11,3
2020-11-19,US,Missouri,Greene,12377,169,0,37.2575872,-93.34230916,29077.0,0.0,0.0,4222.992568734092,1.3654358891492284,12208,12192,162,0,12030,12031,291923,185,7,0,178,161
2020-11-19,US,Missouri,Grundy,439,13,0,40.11406587,-93.56509276,29079.0,0.0,0.0,4456.852791878173,2.9612756264236904,426,430,12,0,418,422,9914,9,1,0,8,8
2020-11-19,US,Missouri,Harrison,339,1,0,40.35570088,-93.99222144,29081.0,0.0,0.0,4058.9080459770116,0.2949852507374631,338,329,1,0,328,325,8414,10,0,0,10,4
2020-11-19,US,Missouri,Henry,928,9,0,38.38482826,-93.79293734,29083.0,0.0,0.0,4252.199413489736,0.9698275862068966,919,878,9,0,869,866,21792,50,0,0,50,12
2020-11-19,US,Missouri,Hickory,341,4,0,37.94163617,-93.3203037,29085.0,0.0,0.0,3572.9253981559086,1.1730205278592376,337,332,4,0,328,332,9509,9,0,0,9,0
2020-11-19,US,Missouri,Holt,216,2,0,40.09799248,-95.21638879999999,29087.0,0.0,0.0,4905.74608221667,0.925925925925926,214,208,2,0,206,204,4404,8,0,0,8,4
2020-11-19,US,Missouri,Howard,414,2,0,39.1435761,-92.69756691,29089.0,0.0,0.0,4139.586041395861,0.4830917874396135,412,404,2,0,402,397,10137,10,0,0,10,7
2020-11-19,US,Missouri,Howell,1491,25,0,36.77383887,-91.88683935,29091.0,0.0,0.0,3716.628860582795,1.676727028839705,1466,1476,25,0,1451,1464,40076,15,0,0,15,12
2020-11-19,US,Missouri,Iron,198,0,0,37.55487945,-90.7735296,29093.0,0.0,0.0,1955.555555555556,0.0,198,190,0,0,190,181,10177,8,0,0,8,9
2020-11-19,US,Missouri,Jackson,14949,166,0,39.01002188,-94.34724536,29095.0,0.0,0.0,2126.424764335124,1.110442170044819,14783,14701,165,0,14536,14380,700307,248,1,0,247,321
2020-11-19,US,Missouri,Jasper,7443,102,0,37.20351921,-94.34050458,29097.0,0.0,0.0,6134.610312541211,1.3704151551793629,7341,7284,102,0,7182,7140,120636,159,0,0,159,144
2020-11-19,US,Missouri,Jefferson,9134,96,0,38.25926778,-90.53870896,29099.0,0.0,0.0,4058.0946414846208,1.051018173855923,9038,8968,96,0,8872,8780,224347,166,0,0,166,188
2020-11-19,US,Missouri,Johnson,2228,12,0,38.74719601,-93.80691168,29101.0,0.0,0.0,4121.1941844548855,0.5385996409335727,2216,2165,12,0,2153,2130,53652,63,0,0,63,35
2020-11-19,US,Missouri,Kansas City,20337,250,0,39.0997,-94.5786,0.0,0.0,0.0,4159.380541290089,1.2292865221025715,20087,20045,249,0,19796,19645,491918,292,1,0,291,400
2020-11-19,US,Missouri,Knox,119,1,0,40.12699751,-92.14780832,29103.0,0.0,0.0,3005.8095478656232,0.8403361344537815,118,118,1,0,117,117,3947,1,0,0,1,1
2020-11-19,US,Missouri,Laclede,1611,29,0,37.65896829,-92.5888493,29105.0,0.0,0.0,4509.699633289478,1.8001241464928617,1582,1574,29,0,1545,1553,35713,37,0,0,37,21
2020-11-19,US,Missouri,Lafayette,1309,29,0,39.06986886,-93.78076396,29107.0,0.0,0.0,4002.0790020790014,2.215431627196333,1280,1278,28,0,1250,1261,32598,31,1,0,30,17
2020-11-19,US,Missouri,Lawrence,1712,33,0,37.10626634,-93.83293097,29109.0,0.0,0.0,4463.564072480772,1.927570093457944,1679,1679,33,0,1646,1657,38359,33,0,0,33,22
2020-11-19,US,Missouri,Lewis,392,2,0,40.09673161,-91.72070156,29111.0,0.0,0.0,4009.819967266776,0.5102040816326531,390,380,2,0,378,374,9855,12,0,0,12,6
2020-11-19,US,Missouri,Lincoln,2013,8,0,39.05345619,-90.95588181,29113.0,0.0,0.0,3411.112805652992,0.3974167908594137,2005,1972,8,0,1964,1928,57686,41,0,0,41,44
2020-11-19,US,Missouri,Linn,269,10,0,39.87001769,-93.10704106,29115.0,0.0,0.0,2256.711409395973,3.717472118959108,259,264,10,0,254,256,12037,5,0,0,5,8
2020-11-19,US,Missouri,Livingston,701,11,0,39.78110272,-93.54645978,29117.0,0.0,0.0,4603.664543245551,1.5691868758915837,690,690,11,0,679,687,15146,11,0,0,11,3
2020-11-19,US,Missouri,Macon,514,2,0,39.83049768,-92.56453089,29121.0,0.0,0.0,3400.1455315208045,0.3891050583657588,512,489,2,0,487,472,15153,25,0,0,25,17
2020-11-19,US,Missouri,Madison,727,7,0,37.47865134,-90.34671429999999,29123.0,0.0,0.0,6014.228987425546,0.9628610729023384,720,720,7,0,713,715,12188,7,0,0,7,5
2020-11-19,US,Missouri,Maries,314,2,0,38.16193985,-91.92249662,29125.0,0.0,0.0,3610.440381740829,0.6369426751592356,312,308,2,0,306,303,8769,6,0,0,6,5
2020-11-19,US,Missouri,Marion,1527,15,0,39.80601912,-91.62203062,29127.0,0.0,0.0,5352.260778128286,0.9823182711198428,1512,1499,15,0,1484,1455,28592,28,0,0,28,44
2020-11-19,US,Missouri,McDonald,1334,15,0,36.62869595,-94.34867205,29119.0,0.0,0.0,5841.3977317511035,1.1244377811094453,1319,1332,15,0,1317,1325,23078,2,0,0,2,7
2020-11-19,US,Missouri,Mercer,66,0,0,40.42212303,-93.56829590000001,29129.0,0.0,0.0,1824.716615980094,0.0,66,63,0,0,63,62,3641,3,0,0,3,1
2020-11-19,US,Missouri,Miller,1356,23,0,38.21450288,-92.42610898,29131.0,0.0,0.0,5292.946641164761,1.696165191740413,1333,1298,23,0,1275,1283,25336,58,0,0,58,15
2020-11-19,US,Missouri,Mississippi,670,6,0,36.82516239,-89.29505753,29133.0,0.0,0.0,5083.459787556904,0.8955223880597015,664,664,6,0,658,654,13336,6,0,0,6,10
2020-11-19,US,Missouri,Moniteau,1096,15,0,38.63571781,-92.57976951,29135.0,0.0,0.0,6793.949913215968,1.368613138686131,1081,1080,15,0,1065,1065,16121,16,0,0,16,15
2020-11-19,US,Missouri,Monroe,320,3,0,39.49593978,-92.00043978,29137.0,0.0,0.0,3701.989819527996,0.9375,317,308,3,0,305,299,8664,12,0,0,12,9
2020-11-19,US,Missouri,Montgomery,280,5,0,38.94022054,-91.47000721,29139.0,0.0,0.0,2424.0325512942604,1.7857142857142858,275,275,5,0,270,272,11534,5,0,0,5,3
2020-11-19,US,Missouri,Morgan,961,9,0,38.4181765,-92.88791859,29141.0,0.0,0.0,4658.942163184176,0.9365244536940688,952,944,9,0,935,935,20358,17,0,0,17,9
2020-11-19,US,Missouri,New Madrid,1184,23,0,36.59666326,-89.66070007,29143.0,0.0,0.0,6933.708128367299,1.9425675675675675,1161,1168,23,0,1145,1141,17296,16,0,0,16,27
2020-11-19,US,Missouri,Newton,2722,37,0,36.90519407,-94.3394104,29145.0,0.0,0.0,4674.084758568582,1.3592946362968406,2685,2673,37,0,2636,2633,58266,49,0,0,49,40
2020-11-19,US,Missouri,Nodaway,1798,11,0,40.36079813,-94.88133008,29147.0,0.0,0.0,8138.692739453196,0.6117908787541713,1787,1755,11,0,1744,1739,22304,43,0,0,43,16
2020-11-19,US,Missouri,Oregon,339,0,0,36.68710164,-91.4033755,29149.0,0.0,0.0,3219.6789818596253,0.0,339,333,0,0,333,328,10541,6,0,0,6,5
2020-11-19,US,Missouri,Osage,821,3,0,38.46036182,-91.8613635,29151.0,0.0,0.0,6030.11384502387,0.3654080389768575,818,810,3,0,807,803,13714,11,0,0,11,7
2020-11-19,US,Missouri,Ozark,265,1,0,36.64916339,-92.44459066,29153.0,0.0,0.0,2888.59821233922,0.37735849056603776,264,264,1,0,263,259,9017,1,0,0,1,5
2020-11-19,US,Missouri,Pemiscot,985,16,0,36.2130572,-89.78742322,29155.0,0.0,0.0,6232.204998418221,1.6243654822335023,969,974,16,0,958,965,16272,11,0,0,11,9
2020-11-19,US,Missouri,Perry,1353,8,0,37.70660776,-89.82741088,29157.0,0.0,0.0,7070.4431438127085,0.5912786400591279,1345,1336,8,0,1328,1325,19150,17,0,0,17,11
2020-11-19,US,Missouri,Pettis,2517,29,0,38.72798918,-93.28471706,29159.0,0.0,0.0,5944.873520867285,1.152165276122368,2488,2509,29,0,2480,2501,42542,8,0,0,8,8
2020-11-19,US,Missouri,Phelps,1391,38,0,37.87736118,-91.79351727,29161.0,0.0,0.0,3120.7233078320955,2.731847591660676,1353,1361,38,0,1323,1332,44732,30,0,0,30,29
2020-11-19,US,Missouri,Pike,730,8,0,39.34310674,-91.16980779,29163.0,0.0,0.0,3988.635121844607,1.095890410958904,722,713,8,0,705,694,18504,17,0,0,17,19
2020-11-19,US,Missouri,Platte,1430,14,0,39.38154439,-94.77068479,29165.0,0.0,0.0,1369.4956808213146,0.9790209790209792,1416,1402,14,0,1388,1364,102985,28,0,0,28,38
2020-11-19,US,Missouri,Polk,1282,11,0,37.616229600000004,-93.39828174,29167.0,0.0,0.0,3987.6823540390055,0.858034321372855,1271,1271,11,0,1260,1265,32201,11,0,0,11,6
2020-11-19,US,Missouri,Pulaski,1376,14,0,37.82462075,-92.20783203,29169.0,0.0,0.0,2615.621495238276,1.0174418604651163,1362,1353,14,0,1339,1339,52014,23,0,0,23,14
2020-11-19,US,Missouri,Putnam,106,1,0,40.47942497,-93.02042674,29171.0,0.0,0.0,2257.2402044293012,0.9433962264150944,105,103,1,0,102,101,4757,3,0,0,3,2
2020-11-19,US,Missouri,Ralls,377,1,0,39.52817427,-91.51838643,29173.0,0.0,0.0,3656.9987389659523,0.26525198938992045,376,363,1,0,362,347,10212,14,0,0,14,16
2020-11-19,US,Missouri,Randolph,1052,5,0,39.44007257,-92.49713740000001,29175.0,0.0,0.0,4250.848553418458,0.4752851711026616,1047,1039,5,0,1034,1015,24763,13,0,0,13,24
2020-11-19,US,Missouri,Ray,591,4,0,39.353746799999996,-93.98905745,29177.0,0.0,0.0,2567.5558258754018,0.6768189509306259,587,581,3,0,578,568,22883,10,1,0,9,13
2020-11-19,US,Missouri,Reynolds,149,2,0,37.36085952,-90.97009925,29179.0,0.0,0.0,2376.395534290271,1.342281879194631,147,146,2,0,144,142,6254,3,0,0,3,4
2020-11-19,US,Missouri,Ripley,444,5,0,36.65460667,-90.85990261,29181.0,0.0,0.0,3341.360626128839,1.1261261261261262,439,436,5,0,431,431,13401,8,0,0,8,5
2020-11-19,US,Missouri,Saline,1417,12,0,39.13734288,-93.20259964,29195.0,0.0,0.0,6225.5612670796545,0.8468595624558928,1405,1386,12,0,1374,1371,22895,31,0,0,31,15
2020-11-19,US,Missouri,Schuyler,115,0,0,40.46921489,-92.52311943,29197.0,0.0,0.0,2467.8111587982835,0.0,115,112,0,0,112,110,4599,3,0,0,3,2
2020-11-19,US,Missouri,Scotland,152,1,0,40.45214695,-92.14709064,29199.0,0.0,0.0,3100.775193798449,0.6578947368421053,151,149,1,0,148,147,4966,3,0,0,3,2
2020-11-19,US,Missouri,Scott,2259,36,0,37.05588075,-89.56474493,29201.0,0.0,0.0,5901.2539184952975,1.593625498007968,2223,2205,33,0,2172,2139,38458,54,3,0,51,66
2020-11-19,US,Missouri,Shannon,320,10,0,37.15772072,-91.40190382,29203.0,0.0,0.0,3918.687239774676,3.125,310,319,10,0,309,316,8189,1,0,0,1,3
2020-11-19,US,Missouri,Shelby,170,1,0,39.79742518,-92.07634971,29205.0,0.0,0.0,2866.779089376054,0.5882352941176471,169,169,1,0,168,163,6050,1,0,0,1,6
2020-11-19,US,Missouri,St. Charles,16953,177,0,38.77875681,-90.66662425,29183.0,0.0,0.0,4216.933401654635,1.0440629976995222,16776,16662,175,0,16487,16274,399182,291,2,0,289,388
2020-11-19,US,Missouri,St. Clair,276,1,0,38.03699437,-93.77631447,29185.0,0.0,0.0,2937.1075875279344,0.3623188405797101,275,259,1,0,258,252,9395,17,0,0,17,7
2020-11-19,US,Missouri,St. Francois,4400,36,0,37.81214171,-90.47598685,29187.0,0.0,0.0,6546.157851670014,0.8181818181818182,4364,4323,36,0,4287,4248,66692,77,0,0,77,75
2020-11-19,US,Missouri,St. Louis,44194,927,0,38.63770039999999,-90.4458375,29189.0,0.0,0.0,4445.15970046419,2.0975698058559984,43267,43581,921,0,42660,42841,996945,613,6,0,607,740
2020-11-19,US,Missouri,St. Louis City,11150,230,0,38.63555736,-90.24349225,29510.0,0.0,0.0,3709.5443415309273,2.0627802690582957,10920,11150,230,0,10920,10968,302838,0,0,0,0,182
2020-11-19,US,Missouri,Ste. Genevieve,895,2,0,37.89090059,-90.1949941,29186.0,0.0,0.0,5001.676539622221,0.223463687150838,893,877,2,0,875,861,17888,18,0,0,18,16
2020-11-19,US,Missouri,Stoddard,1400,19,0,36.85571651,-89.9444155,29207.0,0.0,0.0,4823.428079242033,1.3571428571428572,1381,1363,17,0,1346,1320,29206,37,2,0,35,43
2020-11-19,US,Missouri,Stone,1042,15,0,36.75000327,-93.45256475,29209.0,0.0,0.0,3261.141712568853,1.4395393474088292,1027,1031,14,0,1017,1020,31749,11,1,0,10,11
2020-11-19,US,Missouri,Sullivan,517,5,0,40.2099105,-93.11150106,29211.0,0.0,0.0,8490.720972245032,0.9671179883945842,512,508,5,0,503,504,6221,9,0,0,9,4
2020-11-19,US,Missouri,Taney,2474,37,0,36.65465345,-93.04075153,29213.0,0.0,0.0,4423.544557287942,1.4955537590945838,2437,2445,37,0,2408,2413,55852,29,0,0,29,32
2020-11-19,US,Missouri,Texas,872,7,0,37.31728859,-91.96564727,29215.0,0.0,0.0,3433.341207969132,0.8027522935779816,865,862,7,0,855,859,25571,10,0,0,10,3
2020-11-19,US,Missouri,Vernon,584,5,0,37.8457799,-94.34127305,29217.0,0.0,0.0,2840.0525215192347,0.8561643835616438,579,572,5,0,567,567,20528,12,0,0,12,5
2020-11-19,US,Missouri,Warren,1005,2,0,38.76529479,-91.16124662,29219.0,0.0,0.0,2819.1534124379364,0.19900497512437806,1003,987,2,0,985,959,34711,18,0,0,18,28
2020-11-19,US,Missouri,Washington,1222,22,0,37.96130078,-90.87948158,29221.0,0.0,0.0,4941.366761019005,1.8003273322422257,1200,1189,22,0,1167,1172,24943,33,0,0,33,17
2020-11-19,US,Missouri,Wayne,429,3,0,37.11303869,-90.46001416,29223.0,0.0,0.0,3332.5565136331847,0.6993006993006993,426,423,3,0,420,413,13122,6,0,0,6,10
2020-11-19,US,Missouri,Webster,1616,23,0,37.2813734,-92.876329,29225.0,0.0,0.0,4081.632653061225,1.4232673267326732,1593,1594,23,0,1571,1556,39109,22,0,0,22,38
2020-11-19,US,Missouri,Worth,54,0,0,40.47945588,-94.42328751,29227.0,0.0,0.0,2682.563338301043,0.0,54,53,0,0,53,52,2040,1,0,0,1,1
2020-11-19,US,Missouri,Wright,707,11,0,37.27029221,-92.46914488,29229.0,0.0,0.0,3865.7116299414947,1.555869872701556,696,705,11,0,694,702,18378,2,0,0,2,3
2020-11-19,US,Montana,Beaverhead,489,3,0,45.13434354,-112.89846940000001,30001.0,0.0,0.0,5172.960964773088,0.6134969325153374,486,488,3,0,485,479,9404,1,0,0,1,9
2020-11-19,US,Montana,Big Horn,1733,48,0,45.42335905,-107.492347,30003.0,0.0,0.0,13011.487348900071,2.7697634160415463,1685,1719,48,0,1671,1700,13338,14,0,0,14,19
2020-11-19,US,Montana,Blaine,475,17,0,48.43175214,-108.9582723,30005.0,0.0,0.0,7109.714114653495,3.5789473684210527,458,472,17,0,455,465,6807,3,0,0,3,7
2020-11-19,US,Montana,Broadwater,151,0,0,46.33277565,-111.49558130000001,30007.0,0.0,0.0,2421.0357543690875,0.0,151,147,0,0,147,144,6085,4,0,0,4,3
2020-11-19,US,Montana,Carbon,510,4,0,45.22850116,-109.0274047,30009.0,0.0,0.0,4755.244755244756,0.7843137254901961,506,497,4,0,493,491,10714,13,0,0,13,6
2020-11-19,US,Montana,Carter,100,3,0,45.5197966,-104.53955359999999,30011.0,0.0,0.0,7987.220447284344,3.0,97,99,3,0,96,97,1238,1,0,0,1,2
2020-11-19,US,Montana,Cascade,4344,53,0,47.30797024,-111.3467922,30013.0,0.0,0.0,5338.839318634319,1.2200736648250459,4291,4180,53,0,4127,4133,81643,164,0,0,164,47
2020-11-19,US,Montana,Chouteau,221,1,0,47.88084126,-110.4353362,30015.0,0.0,0.0,3921.916592724046,0.4524886877828054,220,216,1,0,215,210,5745,5,0,0,5,6
2020-11-19,US,Montana,Custer,620,6,0,46.25319932,-105.57375259999998,30017.0,0.0,0.0,5437.642518856341,0.967741935483871,614,615,6,0,609,566,11586,5,0,0,5,49
2020-11-19,US,Montana,Daniels,88,3,0,48.78420029,-105.54763429999998,30019.0,0.0,0.0,5207.100591715976,3.4090909090909087,85,79,3,0,76,68,1747,9,0,0,9,11
2020-11-19,US,Montana,Dawson,492,8,0,47.26584855,-104.89444170000002,30021.0,0.0,0.0,5712.295367467781,1.6260162601626016,484,476,8,0,468,456,8680,16,0,0,16,20
2020-11-19,US,Montana,Deer Lodge,632,10,0,46.05953325,-113.073353,30023.0,0.0,0.0,6914.660831509847,1.5822784810126582,622,626,10,0,616,612,9131,6,0,0,6,14
2020-11-19,US,Montana,Fallon,200,0,0,46.33478338,-104.41835649999999,30025.0,0.0,0.0,7027.406886858749,0.0,200,182,0,0,182,168,2920,18,0,0,18,14
2020-11-19,US,Montana,Fergus,467,2,0,47.26331584,-109.2245206,30027.0,0.0,0.0,4226.244343891402,0.4282655246252677,465,458,2,0,456,451,11113,9,0,0,9,7
2020-11-19,US,Montana,Flathead,5488,27,0,48.29575866,-114.05205690000001,30029.0,0.0,0.0,5286.784964260255,0.4919825072886298,5461,5373,27,0,5346,5249,102106,115,0,0,115,124
2020-11-19,US,Montana,Gallatin,6233,13,0,45.54486106,-111.1692571,30031.0,0.0,0.0,5446.8077669224185,0.208567303064335,6220,6065,13,0,6052,5947,111876,168,0,0,168,118
2020-11-19,US,Montana,Garfield,55,1,0,47.27545948,-107.0002351,30033.0,0.0,0.0,4372.019077901431,1.818181818181818,54,55,1,0,54,50,1268,0,0,0,0,5
2020-11-19,US,Montana,Glacier,1145,18,0,48.70513576,-112.9934235,30035.0,0.0,0.0,8325.456264087836,1.5720524017467248,1127,1119,18,0,1101,1117,13747,26,0,0,26,2
2020-11-19,US,Montana,Golden Valley,22,0,0,46.3816474,-109.17685220000001,30037.0,0.0,0.0,2679.658952496955,0.0,22,22,0,0,22,21,826,0,0,0,0,1
2020-11-19,US,Montana,Granite,112,1,0,46.40605220000001,-113.4414186,30039.0,0.0,0.0,3314.5901154187627,0.8928571428571429,111,107,1,0,106,103,3378,5,0,0,5,4
2020-11-19,US,Montana,Hill,1192,26,0,48.62879827,-110.1129252,30041.0,0.0,0.0,7231.254549866538,2.1812080536912752,1166,1176,26,0,1150,1164,16347,16,0,0,16,12
2020-11-19,US,Montana,Jefferson,371,0,0,46.14907081,-112.094396,30043.0,0.0,0.0,3035.7581212666723,0.0,371,357,0,0,357,333,12097,14,0,0,14,24
2020-11-19,US,Montana,Judith Basin,46,0,0,47.04581276,-110.26606880000001,30045.0,0.0,0.0,2291.97807673144,0.0,46,43,0,0,43,39,1952,3,0,0,3,4
2020-11-19,US,Montana,Lake,866,10,0,47.64514965,-114.0898013,30047.0,0.0,0.0,2843.259570556176,1.1547344110854505,856,852,10,0,842,840,30250,14,0,0,14,12
2020-11-19,US,Montana,Lewis and Clark,2048,9,0,47.12610041,-112.39469799999999,30049.0,0.0,0.0,2949.648577025003,0.439453125,2039,1993,9,0,1984,1929,68700,55,0,0,55,64
2020-11-19,US,Montana,Liberty,59,1,0,48.56084317,-111.02430700000001,30051.0,0.0,0.0,2524.604193410355,1.6949152542372878,58,56,1,0,55,52,2430,3,0,0,3,4
2020-11-19,US,Montana,Lincoln,620,6,0,48.54265777,-115.4046155,30053.0,0.0,0.0,3103.103103103103,0.967741935483871,614,590,6,0,584,575,19794,30,0,0,30,15
2020-11-19,US,Montana,Madison,353,2,0,45.30080065,-111.9173017,30057.0,0.0,0.0,4104.6511627906975,0.56657223796034,351,339,2,0,337,332,8768,14,0,0,14,7
2020-11-19,US,Montana,McCone,81,0,0,47.64469406,-105.79449939999999,30055.0,0.0,0.0,4867.788461538462,0.0,81,81,0,0,81,78,1675,0,0,0,0,3
2020-11-19,US,Montana,Meagher,102,7,0,46.59907074,-110.8898557,30059.0,0.0,0.0,5477.980665950591,6.862745098039214,95,101,7,0,94,101,1866,1,0,0,1,0
2020-11-19,US,Montana,Mineral,32,1,0,47.15283992,-115.00152390000001,30061.0,0.0,0.0,727.7689333636571,3.125,31,29,1,0,28,27,4316,3,0,0,3,2
2020-11-19,US,Montana,Missoula,3819,32,0,47.03728583,-113.92135079999998,30063.0,0.0,0.0,3193.14381270903,0.8379156847342236,3787,3699,32,0,3667,3596,118791,120,0,0,120,103
2020-11-19,US,Montana,Musselshell,186,2,0,46.49684637,-108.39498,30065.0,0.0,0.0,4014.677314914741,1.075268817204301,184,181,2,0,179,181,4651,5,0,0,5,0
2020-11-19,US,Montana,Park,492,2,0,45.48965095,-110.52643940000002,30067.0,0.0,0.0,2962.7845357099845,0.4065040650406504,490,487,2,0,485,477,16736,5,0,0,5,10
2020-11-19,US,Montana,Petroleum,5,0,0,47.118246299999996,-108.2508876,30069.0,0.0,0.0,1026.694045174538,0.0,5,5,0,0,5,5,513,0,0,0,0,0
2020-11-19,US,Montana,Phillips,240,5,0,48.25936577,-107.9128511,30071.0,0.0,0.0,6069.80273141123,2.083333333333333,235,234,5,0,229,230,4074,6,0,0,6,4
2020-11-19,US,Montana,Pondera,258,2,0,48.22773388,-112.22527029999999,30073.0,0.0,0.0,4364.743698189815,0.7751937984496124,256,252,2,0,250,236,5972,6,0,0,6,16
2020-11-19,US,Montana,Powder River,79,5,0,45.39617714,-105.636738,30075.0,0.0,0.0,4696.7895362663485,6.329113924050633,74,79,5,0,74,78,1716,0,0,0,0,1
2020-11-19,US,Montana,Powell,393,1,0,46.85538891,-112.93591640000001,30077.0,0.0,0.0,5703.918722786647,0.2544529262086514,392,393,1,0,392,391,6968,0,0,0,0,2
2020-11-19,US,Montana,Prairie,60,0,0,46.86048047,-105.379384,30079.0,0.0,0.0,5571.030640668524,0.0,60,60,0,0,60,48,1087,0,0,0,0,12
2020-11-19,US,Montana,Ravalli,920,9,0,46.08520862,-114.11891640000002,30081.0,0.0,0.0,2100.168926631055,0.9782608695652174,911,842,9,0,833,828,43172,78,0,0,78,14
2020-11-19,US,Montana,Richland,490,7,0,47.78668011,-104.5610786,30083.0,0.0,0.0,4535.777098953994,1.4285714285714286,483,488,7,0,481,487,10913,2,0,0,2,1
2020-11-19,US,Montana,Roosevelt,1165,37,0,48.29607488,-105.00792679999999,30085.0,0.0,0.0,10587.059251181388,3.1759656652360517,1128,1151,37,0,1114,1145,11059,14,0,0,14,6
2020-11-19,US,Montana,Rosebud,833,23,0,46.23397237,-106.72928799999998,30087.0,0.0,0.0,9320.801163701466,2.7611044417767108,810,830,23,0,807,825,9063,3,0,0,3,5
2020-11-19,US,Montana,Sanders,185,2,0,47.67657534,-115.1329916,30089.0,0.0,0.0,1527.2847354082392,1.0810810810810811,183,185,2,0,183,180,11844,0,0,0,0,5
2020-11-19,US,Montana,Sheridan,224,0,0,48.72085833,-104.50382900000001,30091.0,0.0,0.0,6769.4167422181945,0.0,224,217,0,0,217,217,3424,7,0,0,7,0
2020-11-19,US,Montana,Silver Bow,1506,17,0,45.90018933,-112.6620092,30093.0,0.0,0.0,4313.332378633825,1.1288180610889775,1489,1388,17,0,1371,1290,34993,118,0,0,118,98
2020-11-19,US,Montana,Stillwater,375,4,0,45.67071407,-109.3950061,30095.0,0.0,0.0,3889.234598630989,1.0666666666666669,371,373,4,0,369,363,9534,2,0,0,2,10
2020-11-19,US,Montana,Sweet Grass,208,3,0,45.81367654,-109.9425686,30097.0,0.0,0.0,5565.962001605566,1.4423076923076923,205,202,3,0,199,188,3710,6,0,0,6,14
2020-11-19,US,Montana,Teton,154,3,0,47.83741052,-112.24106880000001,30099.0,0.0,0.0,2505.287131934277,1.9480519480519483,151,139,3,0,136,135,6162,15,0,0,15,4
2020-11-19,US,Montana,Toole,574,8,0,48.65577551,-111.69424140000001,30101.0,0.0,0.0,12119.932432432432,1.3937282229965158,566,573,8,0,565,573,4853,1,0,0,1,0
2020-11-19,US,Montana,Treasure,28,1,0,46.20973220000001,-107.26665159999999,30103.0,0.0,0.0,4022.988505747127,3.571428571428572,27,28,1,0,27,28,679,0,0,0,0,0
2020-11-19,US,Montana,Valley,507,5,0,48.36435097,-106.6669635,30105.0,0.0,0.0,6855.056787452677,0.9861932938856016,502,502,5,0,497,500,7437,5,0,0,5,2
2020-11-19,US,Montana,Wheatland,94,3,0,46.46652491,-109.84646359999999,30107.0,0.0,0.0,4421.448730009407,3.191489361702128,91,92,3,0,89,90,2236,2,0,0,2,2
2020-11-19,US,Montana,Wibaux,73,1,0,46.95925154,-104.2510927,30109.0,0.0,0.0,7533.539731682146,1.3698630136986298,72,69,1,0,68,69,1034,4,0,0,4,0
2020-11-19,US,Montana,Yellowstone,9603,109,0,45.93955949,-108.26914860000001,30111.0,0.0,0.0,5953.50278983261,1.1350619598042275,9494,9501,109,0,9392,9241,160137,102,0,0,102,260
2020-11-19,US,Nebraska,Adams,1365,21,0,40.52449420000001,-98.50117804,31001.0,0.0,0.0,4352.262219813156,1.5384615384615383,1344,1336,21,0,1315,1305,31511,29,0,0,29,31
2020-11-19,US,Nebraska,Antelope,290,1,0,42.17695516,-98.06662829999999,31003.0,0.0,0.0,4604.6363925055575,0.3448275862068966,289,281,1,0,280,263,6336,9,0,0,9,18
2020-11-19,US,Nebraska,Arthur,13,0,0,41.56896142,-101.6959559,31005.0,0.0,0.0,2807.775377969763,0.0,13,13,0,0,13,13,465,0,0,0,0,0
2020-11-19,US,Nebraska,Banner,12,0,0,41.54634427,-103.7114332,31007.0,0.0,0.0,1610.7382550335572,0.0,12,11,0,0,11,10,730,1,0,0,1,1
2020-11-19,US,Nebraska,Blaine,14,0,0,41.91311716,-99.97677845,31009.0,0.0,0.0,3010.752688172043,0.0,14,13,0,0,13,11,476,1,0,0,1,2
2020-11-19,US,Nebraska,Boone,272,1,0,41.70759415,-98.06737183,31011.0,0.0,0.0,5238.828967642527,0.36764705882352944,271,271,0,0,271,253,5239,1,1,0,0,18
2020-11-19,US,Nebraska,Box Butte,506,2,0,42.22079243,-103.08788340000001,31013.0,0.0,0.0,4692.571640545303,0.3952569169960474,504,473,2,0,471,439,10772,33,0,0,33,34
2020-11-19,US,Nebraska,Boyd,111,2,0,42.899727399999996,-98.76486568,31015.0,0.0,0.0,5784.262636789995,1.8018018018018016,109,108,2,0,106,102,1955,3,0,0,3,6
2020-11-19,US,Nebraska,Brown,148,1,0,42.43018907,-99.92904055,31017.0,0.0,0.0,5008.4602368866335,0.6756756756756757,147,138,0,0,138,131,2973,10,1,0,9,7
2020-11-19,US,Nebraska,Buffalo,3106,26,0,40.85486962,-99.07500296,31019.0,0.0,0.0,6254.6567590970435,0.8370895041854475,3080,2994,26,0,2968,2943,49615,112,0,0,112,51
2020-11-19,US,Nebraska,Burt,346,1,0,41.85056773,-96.32605633,31021.0,0.0,0.0,5356.866387985756,0.28901734104046245,345,336,1,0,335,328,6488,10,0,0,10,8
2020-11-19,US,Nebraska,Butler,468,4,0,41.22703692,-97.13106306,31023.0,0.0,0.0,5838.323353293413,0.8547008547008547,464,447,3,0,444,427,8058,21,1,0,20,20
2020-11-19,US,Nebraska,Cass,968,5,0,40.90899107,-96.13971217,31025.0,0.0,0.0,3687.900030478513,0.5165289256198347,963,950,5,0,945,926,26159,18,0,0,18,24
2020-11-19,US,Nebraska,Cedar,298,1,0,42.598885100000004,-97.25311951,31027.0,0.0,0.0,3546.774577481552,0.3355704697986577,297,273,1,0,272,263,8446,25,0,0,25,10
2020-11-19,US,Nebraska,Chase,241,2,0,40.523719799999995,-101.69780259999999,31029.0,0.0,0.0,6141.692150866463,0.8298755186721992,239,239,2,0,237,235,3977,2,0,0,2,4
2020-11-19,US,Nebraska,Cherry,159,4,0,42.54502621,-101.1244332,31031.0,0.0,0.0,2794.867287748287,2.5157232704402515,155,156,4,0,152,148,5761,3,0,0,3,8
2020-11-19,US,Nebraska,Cheyenne,386,1,0,41.21999357,-102.9941693,31033.0,0.0,0.0,4332.210998877666,0.2590673575129533,385,365,1,0,364,359,9310,21,0,0,21,6
2020-11-19,US,Nebraska,Clay,320,2,0,40.52439441,-98.05126296,31035.0,0.0,0.0,5158.794131871675,0.625,318,314,2,0,312,300,6214,6,0,0,6,14
2020-11-19,US,Nebraska,Colfax,1215,9,0,41.57486951,-97.0868542,31037.0,0.0,0.0,11345.597161266223,0.7407407407407407,1206,1185,9,0,1176,1163,10881,30,0,0,30,22
2020-11-19,US,Nebraska,Cuming,527,3,0,41.91637624,-96.78730772,31039.0,0.0,0.0,5957.494912955009,0.5692599620493358,524,511,3,0,508,481,8940,16,0,0,16,30
2020-11-19,US,Nebraska,Custer,396,9,0,41.39374521,-99.72805369,31041.0,0.0,0.0,3674.491973647583,2.272727272727273,387,378,9,0,369,364,10840,18,0,0,18,14
2020-11-19,US,Nebraska,Dakota,2960,49,0,42.39040144,-96.56656425,31043.0,0.0,0.0,14780.784979526616,1.6554054054054057,2911,2931,49,0,2882,2901,20083,29,0,0,29,30
2020-11-19,US,Nebraska,Dawes,415,9,0,42.71985036,-103.1313774,31045.0,0.0,0.0,4831.761555477937,2.1686746987951806,406,407,9,0,398,402,8716,8,0,0,8,5
2020-11-19,US,Nebraska,Dawson,1790,15,0,40.87028216,-99.82014609999999,31047.0,0.0,0.0,7586.353040898495,0.8379888268156425,1775,1761,15,0,1746,1737,23709,29,0,0,29,24
2020-11-19,US,Nebraska,Deuel,31,0,0,41.11168186,-102.33333309999999,31049.0,0.0,0.0,1727.9821627647714,0.0,31,29,0,0,29,28,1825,2,0,0,2,1
2020-11-19,US,Nebraska,Dixon,333,3,0,42.49188363,-96.86782408,31051.0,0.0,0.0,5908.445706174593,0.9009009009009008,330,326,3,0,323,320,5709,7,0,0,7,6
2020-11-19,US,Nebraska,Dodge,2501,29,0,41.58071748,-96.65598179,31053.0,0.0,0.0,6839.874196636128,1.1595361855257895,2472,2466,26,0,2440,2427,36791,35,3,0,32,39
2020-11-19,US,Nebraska,Douglas,34680,271,0,41.29518299,-96.15085305,31055.0,0.0,0.0,6070.078956534524,0.7814302191464821,34409,33889,269,0,33620,32969,566880,791,2,0,789,920
2020-11-19,US,Nebraska,Dundy,51,2,0,40.17638677,-101.6876522,31057.0,0.0,0.0,3012.404016538689,3.92156862745098,49,47,2,0,45,47,1770,4,0,0,4,0
2020-11-19,US,Nebraska,Fillmore,277,3,0,40.52458567,-97.59646937,31059.0,0.0,0.0,5071.4024166971785,1.083032490974729,274,268,3,0,265,263,5527,9,0,0,9,5
2020-11-19,US,Nebraska,Franklin,153,2,0,40.17636348,-98.95299073,31061.0,0.0,0.0,5135.95166163142,1.30718954248366,151,147,2,0,145,142,3023,6,0,0,6,5
2020-11-19,US,Nebraska,Frontier,92,1,0,40.52993007,-100.3924658,31063.0,0.0,0.0,3502.093642938713,1.0869565217391304,91,85,1,0,84,84,2608,7,0,0,7,1
2020-11-19,US,Nebraska,Furnas,210,3,0,40.17642064,-99.91247454,31065.0,0.0,0.0,4491.017964071856,1.4285714285714286,207,207,3,0,204,198,4715,3,0,0,3,9
2020-11-19,US,Nebraska,Gage,1102,7,0,40.26186809,-96.68946704,31067.0,0.0,0.0,5122.484079393855,0.6352087114337568,1095,1074,7,0,1067,1041,21493,28,0,0,28,33
2020-11-19,US,Nebraska,Garden,69,0,0,41.61703149,-102.3313973,31069.0,0.0,0.0,3756.124115405552,0.0,69,69,0,0,69,67,1897,0,0,0,0,2
2020-11-19,US,Nebraska,Garfield,84,0,0,41.91428955,-98.99111827,31071.0,0.0,0.0,4266.124936515998,0.0,84,85,0,0,85,70,1987,0,0,0,-1,15
2020-11-19,US,Nebraska,Gosper,100,1,0,40.51481965,-99.83020279,31073.0,0.0,0.0,5025.125628140703,1.0,99,97,1,0,96,94,1996,3,0,0,3,3
2020-11-19,US,Nebraska,Grant,15,1,0,41.91528587,-101.740701,31075.0,0.0,0.0,2407.704654895666,6.666666666666668,14,15,1,0,14,13,660,0,0,0,0,2
2020-11-19,US,Nebraska,Greeley,99,0,0,41.56742671,-98.52150266,31077.0,0.0,0.0,4202.037351443124,0.0,99,94,0,0,94,90,2356,5,0,0,5,4
2020-11-19,US,Nebraska,Hall,3970,67,0,40.87257079,-98.50218293,31079.0,0.0,0.0,6470.751226508892,1.6876574307304786,3903,3875,63,0,3812,3764,61607,95,4,0,91,111
2020-11-19,US,Nebraska,Hamilton,450,13,0,40.87349452,-98.02099117,31081.0,0.0,0.0,4826.254826254826,2.888888888888889,437,433,13,0,420,416,9280,17,0,0,17,17
2020-11-19,US,Nebraska,Harlan,113,0,0,40.17658508,-99.40438879,31083.0,0.0,0.0,3343.1952662721887,0.0,113,111,0,0,111,105,3401,2,0,0,2,6
2020-11-19,US,Nebraska,Hayes,37,0,0,40.52451972,-101.0603568,31085.0,0.0,0.0,4013.0151843817794,0.0,37,35,0,0,35,33,916,2,0,0,2,2
2020-11-19,US,Nebraska,Hitchcock,82,1,0,40.17609175,-101.04164770000001,31087.0,0.0,0.0,2968.8631426502534,1.2195121951219512,81,81,1,0,80,80,2806,1,0,0,1,1
2020-11-19,US,Nebraska,Holt,480,9,0,42.45522056,-98.78402558,31089.0,0.0,0.0,4768.054037945762,1.875,471,474,8,0,466,467,10178,6,1,0,5,7
2020-11-19,US,Nebraska,Hooker,42,1,0,41.91586243,-101.1354293,31091.0,0.0,0.0,6158.357771260999,2.380952380952381,41,41,1,0,40,41,682,1,0,0,1,0
2020-11-19,US,Nebraska,Howard,284,6,0,41.2200529,-98.5166499,31093.0,0.0,0.0,4406.516679596586,2.112676056338028,278,267,6,0,261,256,6468,17,0,0,17,11
2020-11-19,US,Nebraska,Jefferson,272,0,0,40.17584531,-97.142601,31095.0,0.0,0.0,3860.34629577065,0.0,272,266,0,0,266,257,7097,6,0,0,6,9
2020-11-19,US,Nebraska,Johnson,295,1,0,40.39257596,-96.26522753,31097.0,0.0,0.0,5817.393019128376,0.3389830508474576,294,285,1,0,284,271,5134,10,0,0,10,14
2020-11-19,US,Nebraska,Kearney,439,0,0,40.50663314,-98.94877182,31099.0,0.0,0.0,6759.045419553503,0.0,439,423,0,0,423,409,6544,16,0,0,16,14
2020-11-19,US,Nebraska,Keith,285,0,0,41.19930341,-101.66201640000001,31101.0,0.0,0.0,3547.4234503360717,0.0,285,265,0,0,265,252,8021,20,0,0,20,13
2020-11-19,US,Nebraska,Keya Paha,17,0,0,42.87990694,-99.71343729,31103.0,0.0,0.0,2109.181141439206,0.0,17,17,0,0,17,17,810,0,0,0,0,0
2020-11-19,US,Nebraska,Kimball,144,0,0,41.19774275,-103.7148131,31105.0,0.0,0.0,3964.7577092511015,0.0,144,142,0,0,142,140,3618,2,0,0,2,2
2020-11-19,US,Nebraska,Knox,383,2,0,42.63758421,-97.89178836,31107.0,0.0,0.0,4596.735477676429,0.5221932114882507,381,374,2,0,372,369,8419,9,0,0,9,5
2020-11-19,US,Nebraska,Lancaster,13797,62,0,40.78416049,-96.68777155,31109.0,0.0,0.0,4323.858472531261,0.4493730521127781,13735,13548,61,0,13487,13195,317272,249,1,0,248,353
2020-11-19,US,Nebraska,Lincoln,1929,12,0,41.04658298,-100.74753740000001,31111.0,0.0,0.0,5525.004296270838,0.6220839813374806,1917,1890,12,0,1878,1848,35185,39,0,0,39,42
2020-11-19,US,Nebraska,Logan,30,0,0,41.56650314,-100.4817851,31113.0,0.0,0.0,4010.695187165775,0.0,30,27,0,0,27,24,749,3,0,0,3,3
2020-11-19,US,Nebraska,Loup,27,0,0,41.91371961,-99.45440415,31115.0,0.0,0.0,4066.2650602409635,0.0,27,23,0,0,23,21,618,4,0,0,4,2
2020-11-19,US,Nebraska,Madison,2733,14,0,41.91676024,-97.6005481,31119.0,0.0,0.0,7786.546625259979,0.5122575923893158,2719,2650,14,0,2636,2580,35392,83,0,0,83,70
2020-11-19,US,Nebraska,McPherson,15,0,0,41.56797682,-101.05993620000001,31117.0,0.0,0.0,3036.437246963563,0.0,15,14,0,0,14,14,492,1,0,0,1,0
2020-11-19,US,Nebraska,Merrick,379,3,0,41.16624273,-98.0374887,31121.0,0.0,0.0,4887.169568020632,0.7915567282321899,376,361,2,0,359,339,7733,18,1,0,17,22
2020-11-19,US,Nebraska,Morrill,274,1,0,41.71711774,-103.0061405,31123.0,0.0,0.0,5902.628177509693,0.36496350364963503,273,257,1,0,256,238,4686,17,0,0,17,19
2020-11-19,US,Nebraska,Nance,217,2,0,41.39750195,-97.99327291,31125.0,0.0,0.0,6166.5245808468335,0.9216589861751152,215,212,1,0,211,207,3532,5,1,0,4,5
2020-11-19,US,Nebraska,Nemaha,274,0,0,40.38514847,-95.85433992,31127.0,0.0,0.0,3930.0057372346528,0.0,274,264,0,0,264,255,6958,10,0,0,10,9
2020-11-19,US,Nebraska,Nuckolls,170,0,0,40.17637905,-98.04743961,31129.0,0.0,0.0,4098.360655737705,0.0,170,162,0,0,162,158,4195,8,0,0,8,4
2020-11-19,US,Nebraska,Otoe,651,1,0,40.64843556,-96.13374142,31131.0,0.0,0.0,4065.7007244566576,0.15360983102918588,650,634,1,0,633,604,15985,17,0,0,17,30
2020-11-19,US,Nebraska,Pawnee,61,0,0,40.13141096,-96.23705437,31133.0,0.0,0.0,2334.481438959051,0.0,61,60,0,0,60,59,2632,1,0,0,1,1
2020-11-19,US,Nebraska,Perkins,114,10,0,40.85082525,-101.6502942,31135.0,0.0,0.0,3943.272224143895,8.771929824561402,104,108,10,0,98,104,2929,6,0,0,6,4
2020-11-19,US,Nebraska,Phelps,476,3,0,40.51156033,-99.41461667,31137.0,0.0,0.0,5268.983838831083,0.6302521008403361,473,459,3,0,456,452,8996,17,0,0,17,7
2020-11-19,US,Nebraska,Pierce,372,12,0,42.26434853,-97.60122773,31139.0,0.0,0.0,5204.252937884723,3.2258064516129035,360,364,12,0,352,348,7142,8,0,0,8,16
2020-11-19,US,Nebraska,Platte,2792,19,0,41.57246836,-97.52144359,31141.0,0.0,0.0,8341.798625634898,0.6805157593123209,2773,2740,16,0,2724,2663,33363,52,3,0,49,77
2020-11-19,US,Nebraska,Polk,284,8,0,41.18813488,-97.56630712,31143.0,0.0,0.0,5447.918664876271,2.8169014084507036,276,279,8,0,271,277,5278,5,0,0,5,2
2020-11-19,US,Nebraska,Red Willow,500,3,0,40.17556879999999,-100.476998,31145.0,0.0,0.0,4662.439388287952,0.6,497,460,3,0,457,449,10726,40,0,0,40,11
2020-11-19,US,Nebraska,Richardson,270,2,0,40.1247415,-95.71755036,31147.0,0.0,0.0,3432.930705657979,0.7407407407407407,268,262,2,0,260,255,7937,8,0,0,8,7
2020-11-19,US,Nebraska,Rock,75,1,0,42.42252217,-99.44832069,31149.0,0.0,0.0,5526.897568165071,1.3333333333333333,74,75,1,0,74,72,1360,0,0,0,0,3
2020-11-19,US,Nebraska,Saline,1330,2,0,40.52418865,-97.14085859,31151.0,0.0,0.0,9350.3937007874,0.15037593984962405,1328,1299,2,0,1297,1269,14350,31,0,0,31,30
2020-11-19,US,Nebraska,Sarpy,9831,52,0,41.11314181,-96.11156432,31153.0,0.0,0.0,5251.714780230347,0.5289390702878649,9779,9599,46,0,9553,9372,184459,232,6,0,226,227
2020-11-19,US,Nebraska,Saunders,1075,6,0,41.227810299999994,-96.63773905,31155.0,0.0,0.0,4981.926035777181,0.5581395348837209,1069,1052,6,0,1046,1031,21303,23,0,0,23,21
2020-11-19,US,Nebraska,Scotts Bluff,2453,13,0,41.85070896,-103.70809859999999,31157.0,0.0,0.0,6886.96726374305,0.5299633102323685,2440,2363,13,0,2350,2340,35989,90,0,0,90,23
2020-11-19,US,Nebraska,Seward,711,4,0,40.87241834,-97.139673,31159.0,0.0,0.0,4113.631103911132,0.5625879043600562,707,696,4,0,692,676,17318,15,0,0,15,20
2020-11-19,US,Nebraska,Sheridan,255,1,0,42.50284406,-102.4126613,31161.0,0.0,0.0,4860.846359130766,0.392156862745098,254,240,1,0,239,228,5190,15,0,0,15,12
2020-11-19,US,Nebraska,Sherman,105,3,0,41.22045983,-98.97588642,31163.0,0.0,0.0,3498.833722092636,2.8571428571428568,102,103,3,0,100,100,3038,2,0,0,2,3
2020-11-19,US,Nebraska,Sioux,18,0,0,42.48932059,-103.7576544,31165.0,0.0,0.0,1543.7392795883359,0.0,18,18,0,0,18,16,1187,0,0,0,0,2
2020-11-19,US,Nebraska,Stanton,172,0,0,41.9169835,-97.19394708,31167.0,0.0,0.0,2905.4054054054054,0.0,172,168,0,0,168,160,5970,4,0,0,4,8
2020-11-19,US,Nebraska,Thayer,195,1,0,40.17626377,-97.59504381,31169.0,0.0,0.0,3897.661403158105,0.5128205128205128,194,193,1,0,192,166,5039,2,0,0,2,27
2020-11-19,US,Nebraska,Thomas,27,0,0,41.91358968,-100.5556632,31171.0,0.0,0.0,3739.612188365651,0.0,27,26,0,0,26,26,720,1,0,0,1,0
2020-11-19,US,Nebraska,Thurston,505,4,0,42.15725356,-96.54157099,31173.0,0.0,0.0,6990.586932447398,0.7920792079207921,501,497,4,0,493,486,7303,8,0,0,8,11
2020-11-19,US,Nebraska,Unassigned,917,4,0,0.0,0.0,90031.0,0.0,0.0,0.0,0.4362050163576881,913,871,2,0,869,839,,46,2,0,44,32
2020-11-19,US,Nebraska,Valley,162,1,0,41.56730777,-98.98197724,31175.0,0.0,0.0,3896.1038961038957,0.6172839506172839,161,157,1,0,156,140,4190,5,0,0,5,17
2020-11-19,US,Nebraska,Washington,969,10,0,41.52815707,-96.22019892,31177.0,0.0,0.0,4674.610449129239,1.0319917440660475,959,941,9,0,932,925,20667,28,1,0,27,16
2020-11-19,US,Nebraska,Wayne,660,3,0,42.20934475,-97.11926964,31179.0,0.0,0.0,7032.498668087374,0.4545454545454545,657,641,3,0,638,627,9403,19,0,0,19,14
2020-11-19,US,Nebraska,Webster,165,3,0,40.17642643,-98.50019851,31181.0,0.0,0.0,4731.86119873817,1.818181818181818,162,165,3,0,162,161,3533,0,0,0,0,4
2020-11-19,US,Nebraska,Wheeler,11,0,0,41.91482725,-98.52798941,31183.0,0.0,0.0,1404.85312899106,0.0,11,10,0,0,10,8,805,1,0,0,1,2
2020-11-19,US,Nebraska,York,863,3,0,40.87272618,-97.59710186,31185.0,0.0,0.0,6308.940712040354,0.3476245654692932,860,851,3,0,848,839,13772,12,0,0,12,12
2020-11-19,US,Nevada,Carson City,1523,11,0,39.15509045,-119.7480219,32510.0,0.0,0.0,2723.728449817584,0.7222586999343401,1512,1479,11,0,1468,1443,55414,44,0,0,44,36
2020-11-19,US,Nevada,Churchill,619,8,0,39.58105744,-118.3394607,32001.0,0.0,0.0,2485.045565859729,1.292407108239095,611,568,8,0,560,568,24440,51,0,0,51,0
2020-11-19,US,Nevada,Clark,100552,1647,0,36.21458855,-115.0130241,32003.0,0.0,0.0,4436.02305539073,1.6379584692497415,98905,98930,1641,0,97289,97608,2231647,1622,6,0,1616,1322
2020-11-19,US,Nevada,Douglas,501,2,0,38.912862,-119.61713329999999,32005.0,0.0,0.0,1024.4351293323793,0.3992015968063872,499,498,2,0,496,493,48467,3,0,0,3,5
2020-11-19,US,Nevada,Elko,2173,16,0,41.14531606,-115.3577619,32007.0,0.0,0.0,4117.245822122854,0.7363092498849517,2157,2133,16,0,2117,2099,52460,40,0,0,40,34
2020-11-19,US,Nevada,Esmeralda,5,0,0,37.78436681,-117.63199990000001,32009.0,0.0,0.0,572.737686139748,0.0,5,5,0,0,5,5,826,0,0,0,0,0
2020-11-19,US,Nevada,Eureka,22,0,0,39.98100864,-116.26832040000001,32011.0,0.0,0.0,1084.2779694430753,0.0,22,21,0,0,21,21,2003,1,0,0,1,0
2020-11-19,US,Nevada,Humboldt,245,4,0,41.40692186,-118.11094270000001,32013.0,0.0,0.0,1455.6473174499436,1.6326530612244898,241,245,4,0,241,242,16786,0,0,0,0,3
2020-11-19,US,Nevada,Lander,149,4,0,39.933223299999995,-117.03970749999999,32015.0,0.0,0.0,2693.420101229212,2.684563758389262,145,148,4,0,144,145,5575,1,0,0,1,3
2020-11-19,US,Nevada,Lincoln,162,1,0,37.64268459,-114.8790388,32017.0,0.0,0.0,3125.60293266448,0.6172839506172839,161,162,1,0,161,142,5201,0,0,0,0,20
2020-11-19,US,Nevada,Lyon,739,14,0,39.01777974,-119.18704790000001,32019.0,0.0,0.0,1284.9939141018954,1.8944519621109608,725,732,14,0,718,729,55808,7,0,0,7,3
2020-11-19,US,Nevada,Mineral,61,1,0,38.53841696,-118.4344506,32021.0,0.0,0.0,1354.0510543840178,1.639344262295082,60,42,1,0,41,42,4514,19,0,0,19,0
2020-11-19,US,Nevada,Nye,1088,22,0,38.04264256,-116.47227020000001,32023.0,0.0,0.0,2338.628205403779,2.022058823529412,1066,1078,22,0,1056,1070,45346,10,0,0,10,8
2020-11-19,US,Nevada,Pershing,46,0,0,40.44003782,-118.40056409999998,32027.0,0.0,0.0,684.0148698884757,0.0,46,45,0,0,45,45,6666,1,0,0,1,0
2020-11-19,US,Nevada,Storey,31,0,0,39.44875482,-119.5250207,32029.0,0.0,0.0,751.8796992481202,0.0,31,29,0,0,29,29,4029,2,0,0,2,0
2020-11-19,US,Nevada,Washoe,19742,222,0,40.66562265,-119.6631594,32031.0,0.0,0.0,4186.893847331709,1.1245061290649376,19520,19132,222,0,18910,18902,465735,610,0,0,610,230
2020-11-19,US,Nevada,White Pine,218,1,0,39.44157041,-114.89996599999999,32033.0,0.0,0.0,2275.574112734864,0.4587155963302753,217,212,1,0,211,212,9475,6,0,0,6,0
2020-11-19,US,New Hampshire,Belknap,485,8,0,43.51637314,-71.41684235,33001.0,0.0,0.0,791.1521458982431,1.649484536082474,477,460,7,0,453,436,61022,25,1,0,24,24
2020-11-19,US,New Hampshire,Carroll,260,2,0,43.87498583,-71.20430216,33003.0,0.0,0.0,531.588632181558,0.7692307692307693,258,253,2,0,251,249,48779,7,0,0,7,4
2020-11-19,US,New Hampshire,Cheshire,379,3,0,42.92015988,-72.25311043,33005.0,0.0,0.0,498.1270946967208,0.7915567282321899,376,373,3,0,370,358,76493,6,0,0,6,15
2020-11-19,US,New Hampshire,Coos,266,4,0,44.69063265,-71.30633239,33007.0,0.0,0.0,842.7589265912619,1.5037593984962403,262,261,4,0,257,235,31589,5,0,0,5,26
2020-11-19,US,New Hampshire,Grafton,444,2,0,43.93779815,-71.82057197,33009.0,0.0,0.0,493.9590147520192,0.4504504504504505,442,429,2,0,427,418,89786,15,0,0,15,11
2020-11-19,US,New Hampshire,Hillsborough,7299,330,0,42.91537785,-71.7200253,33011.0,0.0,0.0,1750.254780888436,4.521167283189478,6969,7086,329,0,6757,6940,415247,213,1,0,212,146
2020-11-19,US,New Hampshire,Merrimack,1383,34,0,43.29662971,-71.6811573,33013.0,0.0,0.0,913.5285452900107,2.458423716558207,1349,1331,34,0,1297,1310,151132,52,0,0,52,21
2020-11-19,US,New Hampshire,Rockingham,3917,105,0,42.98499744,-71.12883377,33015.0,0.0,0.0,1264.4906365711224,2.6806229257084504,3812,3773,105,0,3668,3656,309176,144,0,0,144,117
2020-11-19,US,New Hampshire,Strafford,1295,14,0,43.291833000000004,-71.02336013,33017.0,0.0,0.0,991.326846968224,1.0810810810810811,1281,1267,14,0,1253,1233,130090,28,0,0,28,34
2020-11-19,US,New Hampshire,Sullivan,183,4,0,43.36094111,-72.22203125,33019.0,0.0,0.0,424.1412877207621,2.1857923497267757,179,180,4,0,176,177,43144,3,0,0,3,3
2020-11-19,US,New Hampshire,Unassigned,384,0,0,0.0,0.0,90033.0,0.0,0.0,0.0,0.0,384,353,0,0,353,307,,31,0,0,31,46
2020-11-19,US,New Jersey,Atlantic,6920,276,0,39.47538693,-74.65848483,34001.0,0.0,0.0,2624.492737133538,3.988439306358381,6644,6829,275,0,6554,6728,265429,91,1,0,90,101
2020-11-19,US,New Jersey,Bergen,30666,2096,0,40.96010917,-74.07164325,34003.0,0.0,0.0,3289.6303590852626,6.834931194156394,28570,30224,2091,0,28133,29800,936692,442,5,0,437,424
2020-11-19,US,New Jersey,Burlington,11225,530,0,39.87681124,-74.66927768,34005.0,0.0,0.0,2520.4951622210897,4.721603563474387,10695,11020,529,0,10491,10849,445384,205,1,0,204,171
2020-11-19,US,New Jersey,Camden,15830,658,0,39.80343818,-74.96388753,34007.0,0.0,0.0,3125.549142991405,4.156664560960202,15172,15517,654,0,14863,15295,507078,313,4,0,309,222
2020-11-19,US,New Jersey,Cape May,1452,105,0,39.15008829,-74.80170244,34009.0,0.0,0.0,1577.5921076934778,7.231404958677686,1347,1426,105,0,1321,1406,92560,26,0,0,26,20
2020-11-19,US,New Jersey,Cumberland,4583,170,0,39.37199394,-75.10712559,34011.0,0.0,0.0,3064.9982946223768,3.709360680776784,4413,4532,170,0,4362,4522,150972,51,0,0,51,10
2020-11-19,US,New Jersey,Essex,31561,2191,0,40.78681335,-74.24657979,34013.0,0.0,0.0,3950.186176038049,6.942112100377048,29370,31168,2187,0,28981,30780,799767,393,4,0,389,388
2020-11-19,US,New Jersey,Gloucester,7589,263,0,39.71581067,-75.13995546,34015.0,0.0,0.0,2602.2164616165355,3.4655422321781524,7326,7432,260,0,7172,7321,291408,157,3,0,154,111
2020-11-19,US,New Jersey,Hudson,28090,1552,0,40.73766234,-74.07515667,34017.0,0.0,0.0,4177.628790391305,5.525097899608403,26538,27725,1550,0,26175,27372,676061,365,2,0,363,353
2020-11-19,US,New Jersey,Hunterdon,2119,128,0,40.56335249,-74.91284156,34019.0,0.0,0.0,1703.77338768684,6.040585181689477,1991,2081,128,0,1953,2049,124714,38,0,0,38,32
2020-11-19,US,New Jersey,Mercer,11865,648,0,40.28047017,-74.70479631,34021.0,0.0,0.0,3229.1865117165166,5.461441213653604,11217,11641,648,0,10993,11409,369811,224,0,0,224,232
2020-11-19,US,New Jersey,Middlesex,27159,1469,0,40.43629879,-74.41426991,34023.0,0.0,0.0,3291.7526198031183,5.408888397952796,25690,26818,1467,0,25351,26354,829685,341,2,0,339,464
2020-11-19,US,New Jersey,Monmouth,17725,882,0,40.26549699,-74.22240686,34025.0,0.0,0.0,2864.43814187251,4.976022566995769,16843,17442,881,0,16561,17157,621354,283,1,0,282,285
2020-11-19,US,New Jersey,Morris,11760,854,0,40.86095313,-74.54553709999998,34027.0,0.0,0.0,2390.9971637406093,7.261904761904763,10906,11597,852,0,10745,11428,494228,163,2,0,161,169
2020-11-19,US,New Jersey,Ocean,19393,1093,0,39.8895449,-74.28089251,34029.0,0.0,0.0,3193.914220683613,5.636054246377559,18300,19163,1092,0,18071,18954,601651,230,1,0,229,209
2020-11-19,US,New Jersey,Passaic,26032,1293,0,41.03238628,-74.29954144,34031.0,0.0,0.0,5187.455412832336,4.966963736939152,24739,25682,1291,0,24391,25342,503310,350,2,0,348,340
2020-11-19,US,New Jersey,Salem,1425,91,0,39.58719656,-75.34696629999998,34033.0,0.0,0.0,2284.2029333974515,6.385964912280703,1334,1399,91,0,1308,1376,62607,26,0,0,26,23
2020-11-19,US,New Jersey,Somerset,8058,605,0,40.56465737,-74.61683016,34035.0,0.0,0.0,2449.7315570904802,7.5080665177463395,7453,7963,605,0,7358,7843,331164,95,0,0,95,120
2020-11-19,US,New Jersey,Sussex,2209,198,0,41.13891592,-74.69118243,34037.0,0.0,0.0,1572.3762883662662,8.963331824354912,2011,2158,198,0,1960,2123,140799,51,0,0,51,35
2020-11-19,US,New Jersey,Unassigned,696,0,0,0.0,0.0,90034.0,0.0,0.0,0.0,0.0,696,734,0,0,734,706,,0,0,0,-38,28
2020-11-19,US,New Jersey,Union,25235,1414,0,40.65835409,-74.30680092,34039.0,0.0,0.0,4535.887162729333,5.603328710124828,23821,24912,1408,0,23504,24626,558067,323,6,0,317,286
2020-11-19,US,New Jersey,Warren,2152,173,0,40.85951833,-74.99556527,34041.0,0.0,0.0,2044.3253821235528,8.03903345724907,1979,2099,173,0,1926,2079,105779,53,0,0,53,20
2020-11-19,US,New Mexico,Bernalillo,19541,277,0,35.05163625,-106.6703554,35001.0,0.0,0.0,2877.395927971599,1.4175323678419731,19264,18425,275,0,18150,17433,678701,1116,2,0,1114,992
2020-11-19,US,New Mexico,Catron,25,1,0,33.91514144,-108.4046587,35003.0,0.0,0.0,708.8176920895946,4.0,24,22,1,0,21,17,3578,3,0,0,3,5
2020-11-19,US,New Mexico,Chaves,3563,25,0,33.36406072,-104.4665365,35005.0,0.0,0.0,5514.199489282674,0.7016559079427449,3538,3452,25,0,3427,3261,64689,111,0,0,111,191
2020-11-19,US,New Mexico,Cibola,1190,33,0,34.91131525,-107.998876,35006.0,0.0,0.0,4461.105904404873,2.773109243697479,1157,1106,33,0,1073,1059,26746,84,0,0,84,47
2020-11-19,US,New Mexico,Colfax,119,2,0,36.60569702,-104.64726740000002,35007.0,0.0,0.0,996.5664517209613,1.680672268907563,117,110,2,0,108,100,12110,9,0,0,9,10
2020-11-19,US,New Mexico,Curry,2601,16,0,34.57421077,-103.34688759999999,35009.0,0.0,0.0,5313.151121460964,0.6151480199923106,2585,2516,16,0,2500,2428,49437,85,0,0,85,88
2020-11-19,US,New Mexico,De Baca,27,0,0,34.34274529,-104.4117842,35011.0,0.0,0.0,1544.6224256292905,0.0,27,27,0,0,27,25,1781,0,0,0,0,2
2020-11-19,US,New Mexico,Dona Ana,11289,151,0,32.35275771,-106.83293870000001,35013.0,0.0,0.0,5173.812415499897,1.3375852599875986,11138,10789,149,0,10640,10351,217522,500,2,0,498,438
2020-11-19,US,New Mexico,Eddy,2364,37,0,32.47167456,-104.3053527,35015.0,0.0,0.0,4043.790626069107,1.5651438240270727,2327,2297,34,0,2263,2251,57900,67,3,0,64,46
2020-11-19,US,New Mexico,Grant,366,6,0,32.73911281,-108.3827845,35017.0,0.0,0.0,1355.6559745166307,1.639344262295082,360,348,6,0,342,329,27346,18,0,0,18,19
2020-11-19,US,New Mexico,Guadalupe,91,2,0,34.86319296,-104.790669,35019.0,0.0,0.0,2116.279069767442,2.1978021978021984,89,87,2,0,85,71,4341,4,0,0,4,16
2020-11-19,US,New Mexico,Harding,4,0,0,35.85751555,-103.82209379999999,35021.0,0.0,0.0,640.0,0.0,4,4,0,0,4,4,655,0,0,0,0,0
2020-11-19,US,New Mexico,Hidalgo,154,3,0,31.91383467,-108.7151824,35023.0,0.0,0.0,3668.413530252501,1.9480519480519483,151,148,3,0,145,148,4240,6,0,0,6,0
2020-11-19,US,New Mexico,Lea,3378,35,0,32.79215361,-103.4123733,35025.0,0.0,0.0,4753.060363022372,1.0361160449970397,3343,3222,34,0,3188,3099,69611,156,1,0,155,123
2020-11-19,US,New Mexico,Lincoln,585,7,0,33.74526079,-105.4586166,35027.0,0.0,0.0,2988.963825873697,1.1965811965811963,578,557,7,0,550,542,19556,28,0,0,28,15
2020-11-19,US,New Mexico,Los Alamos,103,0,0,35.86631386,-106.31349850000001,35028.0,0.0,0.0,531.7775827352987,0.0,103,98,0,0,98,93,19101,5,0,0,5,5
2020-11-19,US,New Mexico,Luna,1667,22,0,32.18179341,-107.75088259999998,35029.0,0.0,0.0,7031.085241891265,1.3197360527894422,1645,1613,22,0,1591,1579,23963,54,0,0,54,34
2020-11-19,US,New Mexico,McKinley,5647,270,0,35.58007720000001,-108.262245,35031.0,0.0,0.0,7912.62067902532,4.781299805206303,5377,5438,270,0,5168,5364,72290,209,0,0,209,74
2020-11-19,US,New Mexico,Mora,29,0,0,36.01095101,-104.9497716,35033.0,0.0,0.0,641.4510064145101,0.0,29,25,0,0,25,22,4506,4,0,0,4,3
2020-11-19,US,New Mexico,Otero,1037,22,0,32.61348406,-105.7417604,35035.0,0.0,0.0,1536.5239294710327,2.1215043394406945,1015,972,22,0,950,922,66781,65,0,0,65,50
2020-11-19,US,New Mexico,Quay,169,3,0,35.10403332,-103.54817270000001,35037.0,0.0,0.0,2047.740215679147,1.7751479289940828,166,161,3,0,158,156,8253,8,0,0,8,5
2020-11-19,US,New Mexico,Rio Arriba,967,19,0,36.51072137,-106.69316740000001,35039.0,0.0,0.0,2484.519924976234,1.9648397104446744,948,885,19,0,866,837,39006,82,0,0,82,48
2020-11-19,US,New Mexico,Roosevelt,793,13,0,34.02097406,-103.4799493,35041.0,0.0,0.0,4286.486486486487,1.639344262295082,780,768,13,0,755,752,18743,25,0,0,25,16
2020-11-19,US,New Mexico,San Juan,4707,211,0,36.50838318,-108.32043700000001,35045.0,0.0,0.0,3797.253908581939,4.482685362226472,4496,4561,210,0,4351,4516,125043,146,1,0,145,45
2020-11-19,US,New Mexico,San Miguel,328,0,0,35.48014807,-104.8163562,35047.0,0.0,0.0,1202.47827840305,0.0,328,304,0,0,304,294,27591,24,0,0,24,10
2020-11-19,US,New Mexico,Sandoval,3606,64,0,35.68862401,-106.86878030000001,35043.0,0.0,0.0,2457.27369367896,1.7748197448696617,3542,3338,62,0,3276,3158,145179,268,2,0,266,180
2020-11-19,US,New Mexico,Santa Fe,3808,24,0,35.50708973,-105.9774716,35049.0,0.0,0.0,2532.6221418215187,0.6302521008403361,3784,3542,24,0,3518,3346,150056,266,0,0,266,196
2020-11-19,US,New Mexico,Sierra,220,2,0,33.13028233,-107.1925893,35051.0,0.0,0.0,2038.735983690112,0.9090909090909092,218,211,2,0,209,202,10968,9,0,0,9,9
2020-11-19,US,New Mexico,Socorro,472,25,0,34.00715494,-106.9298354,35053.0,0.0,0.0,2837.049948909058,5.296610169491525,447,446,25,0,421,435,16735,26,0,0,26,11
2020-11-19,US,New Mexico,Taos,589,9,0,36.58006022,-105.63101979999999,35055.0,0.0,0.0,1799.9572166366165,1.528013582342954,580,537,9,0,528,501,32835,52,0,0,52,36
2020-11-19,US,New Mexico,Torrance,196,1,0,34.64048375,-105.8508949,35057.0,0.0,0.0,1267.705840501908,0.5102040816326531,195,191,1,0,190,189,15591,5,0,0,5,2
2020-11-19,US,New Mexico,Unassigned,2416,2,0,0.0,0.0,90035.0,0.0,0.0,0.0,0.08278145695364239,2414,2338,2,0,2336,2299,,78,0,0,78,39
2020-11-19,US,New Mexico,Union,79,2,0,36.48126404,-103.4709624,35059.0,0.0,0.0,1946.2921901946293,2.5316455696202533,77,58,2,0,56,58,4118,21,0,0,21,0
2020-11-19,US,New Mexico,Valencia,1986,18,0,34.71669834,-106.8103733,35061.0,0.0,0.0,2589.714166492802,0.9063444108761328,1968,1855,17,0,1838,1718,76456,131,1,0,130,137
2020-11-19,US,New York,Albany,4822,147,0,42.60060306,-73.97723916,36001.0,0.0,0.0,1578.365073026389,3.0485275819162174,4675,4730,147,0,4583,4653,307117,92,0,0,92,77
2020-11-19,US,New York,Allegany,709,41,0,42.25748406,-78.02750466,36003.0,0.0,0.0,1538.2612657568725,5.782792665726376,668,692,39,0,653,667,46430,17,2,0,15,25
2020-11-19,US,New York,Bronx,59856,5022,0,40.85209301,-73.86282755,36005.0,0.0,0.0,4220.540442967776,8.390136327185244,54834,59548,5023,0,54525,59265,1432132,308,0,0,309,283
2020-11-19,US,New York,Broome,4620,126,0,42.15903158,-75.81326086,36007.0,0.0,0.0,2425.3496283230443,2.727272727272727,4494,4545,126,0,4419,4469,191659,75,0,0,75,76
2020-11-19,US,New York,Cattaraugus,780,22,0,42.24778241,-78.67923096,36009.0,0.0,0.0,1024.73823193242,2.8205128205128207,758,739,22,0,717,695,76840,41,0,0,41,44
2020-11-19,US,New York,Cayuga,676,6,0,42.91261714,-76.55731592,36011.0,0.0,0.0,882.7831174258254,0.8875739644970414,670,664,6,0,658,654,77145,12,0,0,12,10
2020-11-19,US,New York,Chautauqua,1316,16,0,42.22769210000001,-79.36691763,36013.0,0.0,0.0,1037.0125213745932,1.2158054711246202,1300,1304,16,0,1288,1265,127939,12,0,0,12,39
2020-11-19,US,New York,Chemung,2487,29,0,42.13891056,-76.7638805,36015.0,0.0,0.0,2980.013420245399,1.1660635303578608,2458,2438,29,0,2409,2404,84254,49,0,0,49,34
2020-11-19,US,New York,Chenango,531,10,0,42.49430041,-75.60887553,36017.0,0.0,0.0,1124.8331815196898,1.8832391713747645,521,518,10,0,508,512,47536,13,0,0,13,6
2020-11-19,US,New York,Clinton,397,5,0,44.74530905,-73.67875352,36019.0,0.0,0.0,493.2596135925949,1.2594458438287153,392,389,5,0,384,384,80695,8,0,0,8,5
2020-11-19,US,New York,Columbia,918,56,0,42.24819348,-73.63089095,36021.0,0.0,0.0,1543.8690906644692,6.100217864923748,862,906,55,0,851,895,59916,12,1,0,11,11
2020-11-19,US,New York,Cortland,827,1,0,42.59509207,-76.07048931,36023.0,0.0,0.0,1738.088732897585,0.12091898428053205,826,801,1,0,800,779,47823,26,0,0,26,22
2020-11-19,US,New York,Delaware,291,7,0,42.19837623,-74.96709306,36025.0,0.0,0.0,659.3406593406594,2.405498281786941,284,289,7,0,282,281,44527,2,0,0,2,8
2020-11-19,US,New York,Dutchess,6439,177,0,41.76486060000001,-73.74356679,36027.0,0.0,0.0,2188.5132792691134,2.7488740487653356,6262,6386,176,0,6210,6308,293718,53,1,0,52,78
2020-11-19,US,New York,Erie,19473,746,0,42.76249024,-78.73063652,36029.0,0.0,0.0,2119.620943461536,3.8309454115955424,18727,18983,746,0,18237,18410,919719,490,0,0,490,573
2020-11-19,US,New York,Essex,239,14,0,44.11630765,-73.77297842,36031.0,0.0,0.0,647.9598752880574,5.857740585774058,225,236,14,0,222,234,37300,3,0,0,3,2
2020-11-19,US,New York,Franklin,215,3,0,44.59040891,-74.29926032,36033.0,0.0,0.0,429.81088321138697,1.3953488372093024,212,207,3,0,204,195,50293,8,0,0,8,12
2020-11-19,US,New York,Fulton,415,28,0,43.11363907,-74.41798804,36035.0,0.0,0.0,777.4010452765863,6.746987951807228,387,408,28,0,380,403,53591,7,0,0,7,5
2020-11-19,US,New York,Genesee,674,6,0,43.0022601,-78.19135193,36037.0,0.0,0.0,1176.6759776536312,0.8902077151335311,668,655,6,0,649,635,57511,19,0,0,19,20
2020-11-19,US,New York,Greene,600,18,0,42.275797,-74.12384884,36039.0,0.0,0.0,1271.5097058574213,3.0,582,596,18,0,578,593,47491,4,0,0,4,3
2020-11-19,US,New York,Hamilton,35,1,0,43.66146647,-74.49721957,36041.0,0.0,0.0,792.572463768116,2.8571428571428568,34,31,1,0,30,26,4434,4,0,0,4,5
2020-11-19,US,New York,Herkimer,537,11,0,43.42034246,-74.96145307,36043.0,0.0,0.0,875.7481367928375,2.0484171322160147,526,524,11,0,513,508,61833,13,0,0,13,16
2020-11-19,US,New York,Jefferson,354,1,0,44.04200959,-75.94653457,36045.0,0.0,0.0,322.3045687127848,0.2824858757062147,353,345,1,0,344,339,111755,9,0,0,9,6
2020-11-19,US,New York,Kings,83083,7465,0,40.636182500000004,-73.94935552,36047.0,0.0,0.0,3245.5526635188908,8.984990912701756,75618,82543,7457,0,75086,82090,2582830,540,8,0,532,453
2020-11-19,US,New York,Lewis,275,7,0,43.784415700000004,-75.44903992,36049.0,0.0,0.0,1045.78643139641,2.5454545454545454,268,265,7,0,258,253,26447,10,0,0,10,12
2020-11-19,US,New York,Livingston,542,8,0,42.72596275,-77.77966158,36051.0,0.0,0.0,861.4934672727852,1.4760147601476017,534,527,8,0,519,509,63227,15,0,0,15,18
2020-11-19,US,New York,Madison,766,17,0,42.91653905,-75.67266639,36053.0,0.0,0.0,1079.7705135253238,2.219321148825065,749,753,17,0,736,739,70795,13,0,0,13,14
2020-11-19,US,New York,Monroe,11444,309,0,43.14638895,-77.69322942,36055.0,0.0,0.0,1542.7962845626,2.7001048584411045,11135,11148,309,0,10839,10891,742474,296,0,0,296,257
2020-11-19,US,New York,Montgomery,362,11,0,42.90123494,-74.44011632,36057.0,0.0,0.0,735.4584425346904,3.0386740331491717,351,349,11,0,338,331,49455,13,0,0,13,18
2020-11-19,US,New York,Nassau,55486,2238,0,40.74066522,-73.58941873,36059.0,0.0,0.0,4089.1015266883037,4.03344987924882,53248,55112,2236,0,52876,54715,1358343,374,2,0,372,397
2020-11-19,US,New York,New York,41263,3217,0,40.76727260000001,-73.97152637,36061.0,0.0,0.0,2533.483636703002,7.796330853306838,38046,40908,3214,0,37694,40587,,355,3,0,352,321
2020-11-19,US,New York,Niagara,2934,103,0,43.19898042,-78.74777412,36063.0,0.0,0.0,1401.9428423984975,3.510565780504431,2831,2869,103,0,2766,2798,210433,65,0,0,65,71
2020-11-19,US,New York,Oneida,3846,142,0,43.24375382,-75.43710392,36065.0,0.0,0.0,1681.8923256556366,3.692147685907437,3704,3752,142,0,3610,3667,229577,94,0,0,94,85
2020-11-19,US,New York,Onondaga,8494,222,0,43.00491923,-76.19971155,36067.0,0.0,0.0,1844.4046833200152,2.613609606781257,8272,8301,222,0,8079,8084,461809,193,0,0,193,217
2020-11-19,US,New York,Ontario,1022,37,0,42.85145728,-77.30874425,36069.0,0.0,0.0,930.9782559188172,3.620352250489237,985,1008,37,0,971,986,109864,14,0,0,14,22
2020-11-19,US,New York,Orange,15566,514,0,41.40337468,-74.30240757,36071.0,0.0,0.0,4043.747077466618,3.3020686110754207,15052,15412,514,0,14898,15283,381951,154,0,0,154,129
2020-11-19,US,New York,Orleans,548,56,0,43.2516977,-78.2320066,36073.0,0.0,0.0,1358.0491673275178,10.218978102189784,492,538,56,0,482,526,40612,10,0,0,10,12
2020-11-19,US,New York,Oswego,1081,5,0,43.42778894,-76.14635194,36075.0,0.0,0.0,922.9534510433386,0.4625346901017576,1076,1053,5,0,1048,1006,117898,28,0,0,28,47
2020-11-19,US,New York,Otsego,492,8,0,42.63492579,-75.03151402,36077.0,0.0,0.0,826.9880490141697,1.6260162601626016,484,480,8,0,472,470,59749,12,0,0,12,10
2020-11-19,US,New York,Out of NY,0,115,0,0.0,0.0,80036.0,0.0,0.0,0.0,0.0,-115,0,115,0,-115,0,,0,0,0,0,0
2020-11-19,US,New York,Putnam,2306,64,0,41.42630093,-73.74965532,36079.0,0.0,0.0,2345.4027664768105,2.7753686036426712,2242,2269,64,0,2205,2243,98892,37,0,0,37,26
2020-11-19,US,New York,Queens,84269,7329,0,40.71088124,-73.81684712,36081.0,0.0,0.0,3738.877959481032,8.697148417567552,76940,83809,7324,0,76485,83311,2278906,460,5,0,455,498
2020-11-19,US,New York,Rensselaer,1411,50,0,42.71348136,-73.51089874,36083.0,0.0,0.0,889.0205022871327,3.5435861091424523,1361,1389,50,0,1339,1364,159442,22,0,0,22,25
2020-11-19,US,New York,Richmond,20398,1114,0,40.58582155,-74.14808598,36085.0,0.0,0.0,4284.007115509417,5.4613197372291395,19284,20214,1112,0,19102,20022,476179,184,2,0,182,192
2020-11-19,US,New York,Rockland,20263,690,0,41.15027894,-74.02560498,36087.0,0.0,0.0,6219.669786272712,3.4052213393870603,19573,20176,690,0,19486,20044,325695,87,0,0,87,132
2020-11-19,US,New York,Saratoga,1804,19,0,43.10904162,-73.86653895,36091.0,0.0,0.0,784.8153030283256,1.0532150776053215,1785,1769,19,0,1750,1741,230163,35,0,0,35,28
2020-11-19,US,New York,Schenectady,1983,55,0,42.81668777,-74.05278291,36093.0,0.0,0.0,1276.8916734814775,2.773575390821987,1928,1950,54,0,1896,1920,155350,33,1,0,32,30
2020-11-19,US,New York,Schoharie,162,2,0,42.58831742,-74.44339029999998,36095.0,0.0,0.0,522.5975031452626,1.2345679012345678,160,160,2,0,158,155,31097,2,0,0,2,5
2020-11-19,US,New York,Schuyler,247,3,0,42.39184015,-76.8773299,36097.0,0.0,0.0,1387.0949626551355,1.214574898785425,244,238,3,0,235,237,17912,9,0,0,9,1
2020-11-19,US,New York,Seneca,225,5,0,42.78081007,-76.82497064,36099.0,0.0,0.0,661.453433678269,2.2222222222222223,220,222,5,0,217,220,34300,3,0,0,3,2
2020-11-19,US,New York,St. Lawrence,627,6,0,44.4976179,-75.06550039,36089.0,0.0,0.0,581.9565620939297,0.9569377990430622,621,610,6,0,604,603,108047,17,0,0,17,7
2020-11-19,US,New York,Steuben,1488,87,0,42.2689144,-77.3829924,36101.0,0.0,0.0,1560.0918441166295,5.846774193548387,1401,1467,87,0,1380,1448,95796,21,0,0,21,19
2020-11-19,US,New York,Suffolk,54916,2030,0,40.88320119,-72.8012172,36103.0,0.0,0.0,3719.0818643628168,3.6965547381455313,52886,54485,2029,0,52456,54055,1481093,431,1,0,430,430
2020-11-19,US,New York,Sullivan,2031,48,0,41.71579493,-74.76394559,36105.0,0.0,0.0,2692.491250397709,2.3633677991137367,1983,2008,48,0,1960,1993,75498,23,0,0,23,15
2020-11-19,US,New York,Tioga,996,46,0,42.16852837,-76.30835812,36107.0,0.0,0.0,2066.261436010207,4.618473895582329,950,984,46,0,938,973,48560,12,0,0,12,11
2020-11-19,US,New York,Tompkins,840,0,0,42.44945765,-76.47229843,36109.0,0.0,0.0,822.0786846741045,0.0,840,828,0,0,828,820,102793,12,0,0,12,8
2020-11-19,US,New York,Ulster,2937,98,0,41.89027881,-74.26252104,36111.0,0.0,0.0,1653.9676640029736,3.3367381681988424,2839,2865,98,0,2767,2835,178599,72,0,0,72,30
2020-11-19,US,New York,Unassigned,0,35,0,0.0,0.0,90036.0,0.0,0.0,0.0,0.0,-35,0,33,0,-33,0,,0,2,0,-2,0
2020-11-19,US,New York,Warren,525,35,0,43.56173026,-73.8433699,36113.0,0.0,0.0,821.0309020392842,6.666666666666668,490,518,35,0,483,515,64265,7,0,0,7,3
2020-11-19,US,New York,Washington,411,14,0,43.31153794,-73.43043448,36115.0,0.0,0.0,671.5247369452978,3.40632603406326,397,407,14,0,393,407,61197,4,0,0,4,0
2020-11-19,US,New York,Wayne,854,12,0,43.15494365,-77.02976528,36117.0,0.0,0.0,949.7542205120219,1.4051522248243558,842,824,12,0,812,808,90064,30,0,0,30,16
2020-11-19,US,New York,Westchester,45672,1494,0,41.16278376,-73.75741653,36119.0,0.0,0.0,4720.5908800565585,3.271150814503416,44178,45335,1493,0,43842,44975,967612,337,1,0,336,360
2020-11-19,US,New York,Wyoming,382,5,0,42.70145109,-78.22199579,36121.0,0.0,0.0,958.3782834491583,1.3089005235602094,377,375,5,0,370,363,40085,7,0,0,7,12
2020-11-19,US,New York,Yates,220,7,0,42.63505484,-77.10369919,36123.0,0.0,0.0,883.0730943684019,3.1818181818181817,213,218,7,0,211,217,24841,2,0,0,2,1
2020-11-19,US,North Carolina,Alamance,6306,96,0,36.0434701,-79.39976137,37001.0,0.0,0.0,3720.1564518698133,1.5223596574690768,6210,6260,96,0,6164,6197,166436,46,0,0,46,63
2020-11-19,US,North Carolina,Alexander,1373,13,0,35.922379600000006,-81.17751948,37003.0,0.0,0.0,3661.626263434408,0.946831755280408,1360,1359,13,0,1346,1337,37353,14,0,0,14,22
2020-11-19,US,North Carolina,Alleghany,367,1,0,36.49360862,-81.12857041,37005.0,0.0,0.0,3295.321899973063,0.2724795640326976,366,365,1,0,364,363,11161,2,0,0,2,2
2020-11-19,US,North Carolina,Anson,841,13,0,34.97403241,-80.09953279,37007.0,0.0,0.0,3440.235621369549,1.5457788347205708,828,837,13,0,824,826,24877,4,0,0,4,11
2020-11-19,US,North Carolina,Ashe,661,3,0,36.43296207,-81.49862729,37009.0,0.0,0.0,2429.879057456898,0.453857791225416,658,657,3,0,654,653,27109,4,0,0,4,4
2020-11-19,US,North Carolina,Avery,834,3,0,36.07569796,-81.92308483,37011.0,0.0,0.0,4750.242068690551,0.3597122302158273,831,816,3,0,813,802,17505,18,0,0,18,14
2020-11-19,US,North Carolina,Beaufort,1592,52,0,35.48531943,-76.84325809,37013.0,0.0,0.0,3387.6665106183773,3.266331658291457,1540,1574,52,0,1522,1566,47079,18,0,0,18,8
2020-11-19,US,North Carolina,Bertie,820,22,0,36.0688473,-76.96545943,37015.0,0.0,0.0,4327.861930648652,2.6829268292682933,798,812,22,0,790,805,19026,8,0,0,8,7
2020-11-19,US,North Carolina,Bladen,1233,19,0,34.61296243,-78.56180059,37017.0,0.0,0.0,3768.107083919076,1.5409570154095702,1214,1213,19,0,1194,1205,33190,20,0,0,20,8
2020-11-19,US,North Carolina,Brunswick,2654,55,0,34.070565,-78.22814204,37019.0,0.0,0.0,1858.2831536199408,2.0723436322532027,2599,2623,55,0,2568,2587,136744,31,0,0,31,36
2020-11-19,US,North Carolina,Buncombe,5010,121,0,35.61113393,-82.53305,37021.0,0.0,0.0,1918.1365360981044,2.4151696606786426,4889,4964,118,0,4846,4923,259103,46,3,0,43,41
2020-11-19,US,North Carolina,Burke,3381,61,0,35.74989637,-81.70755735,37023.0,0.0,0.0,3736.530916726529,1.8041999408459035,3320,3334,61,0,3273,3285,90382,47,0,0,47,49
2020-11-19,US,North Carolina,Cabarrus,6117,102,0,35.3877799,-80.55267168,37025.0,0.0,0.0,2826.017657412925,1.6674840608141246,6015,6042,101,0,5941,5981,211342,75,1,0,74,61
2020-11-19,US,North Carolina,Caldwell,3142,21,0,35.95204977,-81.54799522,37027.0,0.0,0.0,3823.407724695174,0.668364099299809,3121,3117,21,0,3096,3086,82029,25,0,0,25,31
2020-11-19,US,North Carolina,Camden,165,3,0,36.33804939,-76.15568396,37029.0,0.0,0.0,1518.3583325664856,1.818181818181818,162,163,3,0,160,162,10710,2,0,0,2,1
2020-11-19,US,North Carolina,Carteret,1516,14,0,34.8932941,-76.54120135,37031.0,0.0,0.0,2182.1427029205593,0.9234828496042216,1502,1484,14,0,1470,1454,69524,32,0,0,32,30
2020-11-19,US,North Carolina,Caswell,753,6,0,36.39312665,-79.33353281,37033.0,0.0,0.0,3331.26880198195,0.796812749003984,747,744,6,0,738,732,22698,9,0,0,9,12
2020-11-19,US,North Carolina,Catawba,5968,76,0,35.66211129,-81.2132617,37035.0,0.0,0.0,3740.496769058169,1.2734584450402144,5892,5901,74,0,5827,5800,158652,67,2,0,65,101
2020-11-19,US,North Carolina,Chatham,2224,65,0,35.70394416,-79.25541492,37037.0,0.0,0.0,2986.437491607359,2.9226618705035965,2159,2202,65,0,2137,2193,73139,22,0,0,22,9
2020-11-19,US,North Carolina,Cherokee,877,15,0,35.1349263,-84.05970864,37039.0,0.0,0.0,3065.1474905634004,1.710376282782212,862,870,15,0,855,865,28383,7,0,0,7,5
2020-11-19,US,North Carolina,Chowan,578,17,0,36.12908077,-76.60118385,37041.0,0.0,0.0,4145.44932941261,2.9411764705882355,561,575,17,0,558,574,14029,3,0,0,3,1
2020-11-19,US,North Carolina,Clay,266,5,0,35.05704275,-83.74353633,37043.0,0.0,0.0,2368.4444840174515,1.8796992481203008,261,266,5,0,261,265,11139,0,0,0,0,1
2020-11-19,US,North Carolina,Cleveland,3881,101,0,35.33553364,-81.55204486,37045.0,0.0,0.0,3962.346983572749,2.60242205617109,3780,3841,99,0,3742,3815,97645,40,2,0,38,26
2020-11-19,US,North Carolina,Columbus,2345,69,0,34.26744084,-78.65801424,37047.0,0.0,0.0,4224.616271528428,2.942430703624733,2276,2267,68,0,2199,2241,55655,78,1,0,77,26
2020-11-19,US,North Carolina,Craven,2804,67,0,35.11833364,-77.08398081,37049.0,0.0,0.0,2745.278493034002,2.3894436519258204,2737,2773,67,0,2706,2727,102912,31,0,0,31,46
2020-11-19,US,North Carolina,Cumberland,8555,109,0,35.04762133,-78.82623165,37051.0,0.0,0.0,2549.857082820431,1.2741087083576856,8446,8420,109,0,8311,8358,332330,135,0,0,135,62
2020-11-19,US,North Carolina,Currituck,297,5,0,36.36123664,-75.95876401,37053.0,0.0,0.0,1069.7691171703343,1.6835016835016836,292,292,4,0,288,285,27072,5,1,0,4,7
2020-11-19,US,North Carolina,Dare,567,4,0,35.66520691,-75.71767334,37055.0,0.0,0.0,1532.0597692453186,0.7054673721340388,563,554,3,0,551,548,36501,13,1,0,12,6
2020-11-19,US,North Carolina,Davidson,4663,48,0,35.79115496,-80.21256572,37057.0,0.0,0.0,2782.070175229255,1.0293802273214672,4615,4593,48,0,4545,4528,166614,70,0,0,70,65
2020-11-19,US,North Carolina,Davie,1046,12,0,35.93099927,-80.54496571,37059.0,0.0,0.0,2441.3014050319753,1.147227533460803,1034,1015,12,0,1003,995,42733,31,0,0,31,20
2020-11-19,US,North Carolina,Duplin,3156,56,0,34.93449805,-77.93140529,37061.0,0.0,0.0,5372.737951345738,1.7743979721166032,3100,3118,56,0,3062,3086,58856,38,0,0,38,32
2020-11-19,US,North Carolina,Durham,10512,108,0,36.03638492,-78.87608331,37063.0,0.0,0.0,3269.7954511521425,1.0273972602739727,10404,10444,107,0,10337,10372,316739,68,1,0,67,72
2020-11-19,US,North Carolina,Edgecombe,2343,70,0,35.91230639,-77.59436892,37065.0,0.0,0.0,4551.989431147032,2.9876227059325653,2273,2329,69,0,2260,2314,52005,14,1,0,13,15
2020-11-19,US,North Carolina,Forsyth,11577,153,0,36.12859861,-80.25459052,37067.0,0.0,0.0,3028.2896715886945,1.3215859030837005,11424,11366,151,0,11215,11182,379099,211,2,0,209,184
2020-11-19,US,North Carolina,Franklin,1779,32,0,36.081519,-78.28708884,37069.0,0.0,0.0,2552.916696563105,1.7987633501967395,1747,1746,32,0,1714,1732,67560,33,0,0,33,14
2020-11-19,US,North Carolina,Gaston,9232,170,0,35.29373559,-81.17477045,37071.0,0.0,0.0,4111.71830810274,1.8414211438474868,9062,9145,170,0,8975,9075,222846,87,0,0,87,70
2020-11-19,US,North Carolina,Gates,188,5,0,36.44667547,-76.69749701,37073.0,0.0,0.0,1626.0162601626016,2.6595744680851063,183,188,5,0,183,186,11573,0,0,0,0,2
2020-11-19,US,North Carolina,Graham,265,11,0,35.3506925,-83.83369267,37075.0,0.0,0.0,3139.4384551593407,4.150943396226415,254,265,11,0,254,265,8484,0,0,0,0,0
2020-11-19,US,North Carolina,Granville,2334,55,0,36.30337451,-78.65184241,37077.0,0.0,0.0,3861.489337061364,2.356469580119965,2279,2324,55,0,2269,2309,60115,10,0,0,10,15
2020-11-19,US,North Carolina,Greene,1122,21,0,35.48544173,-77.67578087,37079.0,0.0,0.0,5325.359532963121,1.8716577540106951,1101,1106,21,0,1085,1105,21012,16,0,0,16,1
2020-11-19,US,North Carolina,Guilford,14687,225,0,36.07959451,-79.78824948,37081.0,0.0,0.0,2734.123393909608,1.5319670456866616,14462,14549,222,0,14327,14326,533670,138,3,0,135,223
2020-11-19,US,North Carolina,Halifax,1784,34,0,36.25669272,-77.6556109,37083.0,0.0,0.0,3567.286542691462,1.9058295964125558,1750,1769,33,0,1736,1740,50574,15,1,0,14,29
2020-11-19,US,North Carolina,Harnett,3589,77,0,35.36731853,-78.87243571,37085.0,0.0,0.0,2639.436371124316,2.1454444134856505,3512,3513,77,0,3436,3472,134214,76,0,0,76,41
2020-11-19,US,North Carolina,Haywood,931,37,0,35.55269063,-82.98196486,37087.0,0.0,0.0,1493.9743569170532,3.9742212674543502,894,916,37,0,879,900,61971,15,0,0,15,16
2020-11-19,US,North Carolina,Henderson,2886,70,0,35.33788927,-82.4766782,37089.0,0.0,0.0,2457.906436035668,2.4255024255024256,2816,2870,70,0,2800,2844,116748,16,0,0,16,26
2020-11-19,US,North Carolina,Hertford,928,39,0,36.3607755,-76.98104134,37091.0,0.0,0.0,3919.415466486464,4.202586206896552,889,927,39,0,888,922,23659,1,0,0,1,5
2020-11-19,US,North Carolina,Hoke,1823,30,0,35.01888303,-79.23651674,37093.0,0.0,0.0,3300.5033131766663,1.6456390565002743,1793,1804,28,0,1776,1783,54764,19,2,0,17,21
2020-11-19,US,North Carolina,Hyde,180,5,0,35.42017674,-76.15180542,37095.0,0.0,0.0,3645.938829248531,2.7777777777777777,175,180,5,0,175,180,5230,0,0,0,0,0
2020-11-19,US,North Carolina,Iredell,4791,42,0,35.80950511,-80.8743128,37097.0,0.0,0.0,2635.226560179532,0.8766437069505323,4749,4709,42,0,4667,4641,178435,82,0,0,82,68
2020-11-19,US,North Carolina,Jackson,1304,8,0,35.28814273,-83.14093385,37099.0,0.0,0.0,2967.8182894078027,0.6134969325153374,1296,1291,8,0,1283,1284,43327,13,0,0,13,7
2020-11-19,US,North Carolina,Johnston,6882,70,0,35.51745004,-78.36622717,37101.0,0.0,0.0,3287.490625253775,1.017146178436501,6812,6801,70,0,6731,6712,202675,81,0,0,81,89
2020-11-19,US,North Carolina,Jones,231,15,0,35.02254606,-77.35870791,37103.0,0.0,0.0,2452.489648582652,6.493506493506493,216,229,15,0,214,224,9637,2,0,0,2,5
2020-11-19,US,North Carolina,Lee,2326,29,0,35.47623147,-79.17569362,37105.0,0.0,0.0,3765.0334255976945,1.2467755803955287,2297,2310,29,0,2281,2304,61452,16,0,0,16,6
2020-11-19,US,North Carolina,Lenoir,1877,49,0,35.24032589999999,-77.64245615,37107.0,0.0,0.0,3354.841015925217,2.610548748002131,1828,1843,46,0,1797,1803,55976,34,3,0,31,40
2020-11-19,US,North Carolina,Lincoln,3049,20,0,35.48508185,-81.21740317,37109.0,0.0,0.0,3540.778762295177,0.6559527714004592,3029,3007,20,0,2987,2962,83770,42,0,0,42,45
2020-11-19,US,North Carolina,Macon,868,8,0,35.14867843,-83.41696617,37113.0,0.0,0.0,2420.659267109153,0.9216589861751152,860,866,8,0,858,852,35285,2,0,0,2,14
2020-11-19,US,North Carolina,Madison,411,7,0,35.85402722,-82.71346418,37115.0,0.0,0.0,1889.220868765801,1.70316301703163,404,403,7,0,396,399,21763,8,0,0,8,4
2020-11-19,US,North Carolina,Martin,761,21,0,35.84326734,-77.10860251,37117.0,0.0,0.0,3391.2655971479503,2.759526938239159,740,750,21,0,729,745,22671,11,0,0,11,5
2020-11-19,US,North Carolina,McDowell,1627,34,0,35.67736232,-82.0482425,37111.0,0.0,0.0,3555.8178162426784,2.089735709895513,1593,1624,34,0,1590,1595,45507,3,0,0,3,29
2020-11-19,US,North Carolina,Mecklenburg,39556,426,0,35.24469268,-80.8317671,37119.0,0.0,0.0,3562.46104852858,1.076954191525938,39130,39166,425,0,38741,38843,1093901,390,1,0,389,323
2020-11-19,US,North Carolina,Mitchell,429,4,0,36.01059309,-82.1582442,37121.0,0.0,0.0,2866.880513231756,0.9324009324009324,425,426,4,0,422,412,15000,3,0,0,3,14
2020-11-19,US,North Carolina,Montgomery,1315,41,0,35.33155144,-79.90416657,37123.0,0.0,0.0,4839.362602583447,3.1178707224334596,1274,1304,41,0,1263,1295,27271,11,0,0,11,9
2020-11-19,US,North Carolina,Moore,2635,58,0,35.30885257,-79.48474178,37125.0,0.0,0.0,2612.0142743854085,2.2011385199240987,2577,2612,58,0,2554,2582,98682,23,0,0,23,30
2020-11-19,US,North Carolina,Nash,4076,91,0,35.96575634,-77.98422508,37127.0,0.0,0.0,4322.467072472375,2.232580961727184,3985,4049,89,0,3960,4007,94016,27,2,0,25,42
2020-11-19,US,North Carolina,New Hanover,6362,49,0,34.25758282,-77.87075626,37129.0,0.0,0.0,2713.3188042972965,0.7701980509273814,6313,6281,49,0,6232,6227,232274,81,0,0,81,54
2020-11-19,US,North Carolina,Northampton,701,23,0,36.41736238,-77.39769443,37131.0,0.0,0.0,3598.008520248421,3.2810271041369474,678,690,22,0,668,683,19676,11,1,0,10,7
2020-11-19,US,North Carolina,Onslow,4447,36,0,34.72607366,-77.42908179,37133.0,0.0,0.0,2246.6630965251748,0.8095345176523498,4411,4364,36,0,4328,4281,197683,83,0,0,83,83
2020-11-19,US,North Carolina,Orange,3593,61,0,36.06092947,-79.12167935,37135.0,0.0,0.0,2419.919717664808,1.697745616476482,3532,3572,61,0,3511,3539,146027,21,0,0,21,33
2020-11-19,US,North Carolina,Pamlico,356,3,0,35.15253315,-76.66559823,37137.0,0.0,0.0,2797.4225994027975,0.8426966292134831,353,356,3,0,353,356,12670,0,0,0,0,0
2020-11-19,US,North Carolina,Pasquotank,1009,35,0,36.26723798,-76.25134778,37139.0,0.0,0.0,2533.6480514262757,3.468780971258672,974,1007,35,0,972,1002,39639,2,0,0,2,5
2020-11-19,US,North Carolina,Pender,1691,17,0,34.52265624,-77.90352133,37141.0,0.0,0.0,2681.573104979385,1.0053222945002958,1674,1658,17,0,1641,1655,62162,33,0,0,33,3
2020-11-19,US,North Carolina,Perquimans,304,4,0,36.17847453,-76.40603143,37143.0,0.0,0.0,2258.040555596821,1.3157894736842106,300,303,4,0,299,293,13422,1,0,0,1,10
2020-11-19,US,North Carolina,Person,855,11,0,36.38989032,-78.97217358,37145.0,0.0,0.0,2165.105089896176,1.286549707602339,844,849,11,0,838,846,39507,6,0,0,6,3
2020-11-19,US,North Carolina,Pitt,7220,44,0,35.59535426,-77.37353178,37147.0,0.0,0.0,3994.644299609388,0.6094182825484764,7176,7101,44,0,7057,7059,179914,119,0,0,119,42
2020-11-19,US,North Carolina,Polk,446,13,0,35.27820615,-82.16812354,37149.0,0.0,0.0,2152.094190310751,2.914798206278027,433,438,13,0,425,433,20611,8,0,0,8,5
2020-11-19,US,North Carolina,Randolph,4798,74,0,35.71015088,-79.80570339,37151.0,0.0,0.0,3339.6674253656024,1.5423092955398083,4724,4748,74,0,4674,4699,143351,50,0,0,50,49
2020-11-19,US,North Carolina,Richmond,1703,36,0,35.00417719,-79.74491009,37153.0,0.0,0.0,3798.8801891632647,2.113916617733412,1667,1681,36,0,1645,1675,44887,22,0,0,22,6
2020-11-19,US,North Carolina,Robeson,6856,103,0,34.64244496,-79.10250529999998,37155.0,0.0,0.0,5248.612440191388,1.502333722287048,6753,6804,103,0,6701,6775,131831,52,0,0,52,29
2020-11-19,US,North Carolina,Rockingham,2661,22,0,36.39593137,-79.77504841,37157.0,0.0,0.0,2923.854521481156,0.8267568583239384,2639,2645,22,0,2623,2599,90690,16,0,0,16,46
2020-11-19,US,North Carolina,Rowan,5071,125,0,35.64003916,-80.52446628,37159.0,0.0,0.0,3568.9150385676476,2.4649970420035494,4946,5002,125,0,4877,4950,141262,69,0,0,69,52
2020-11-19,US,North Carolina,Rutherford,2094,73,0,35.40114178,-81.92112099,37161.0,0.0,0.0,3124.0209461576333,3.4861509073543457,2021,2070,73,0,1997,2040,66826,24,0,0,24,30
2020-11-19,US,North Carolina,Sampson,3306,33,0,34.98820368,-78.36914061,37163.0,0.0,0.0,5203.7587949190165,0.998185117967332,3273,3263,33,0,3230,3233,63626,43,0,0,43,30
2020-11-19,US,North Carolina,Scotland,1805,37,0,34.8386299,-79.4757978,37165.0,0.0,0.0,5183.355828044683,2.0498614958448758,1768,1791,37,0,1754,1777,34810,14,0,0,14,14
2020-11-19,US,North Carolina,Stanly,2754,78,0,35.31647813,-80.25093221,37167.0,0.0,0.0,4384.9313759831875,2.832244008714597,2676,2734,78,0,2656,2715,62075,20,0,0,20,19
2020-11-19,US,North Carolina,Stokes,977,14,0,36.4017975,-80.23893369,37169.0,0.0,0.0,2142.9668136254963,1.4329580348004094,963,949,14,0,935,926,45467,28,0,0,28,23
2020-11-19,US,North Carolina,Surry,2480,41,0,36.41689489,-80.69102283,37171.0,0.0,0.0,3454.856999568143,1.653225806451613,2439,2426,41,0,2385,2385,71948,54,0,0,54,41
2020-11-19,US,North Carolina,Swain,356,5,0,35.48665845,-83.48748932,37173.0,0.0,0.0,2494.5694064886834,1.404494382022472,351,353,5,0,348,339,14245,3,0,0,3,14
2020-11-19,US,North Carolina,Transylvania,494,9,0,35.20383864,-82.79638423,37175.0,0.0,0.0,1436.6729678638944,1.8218623481781375,485,487,9,0,478,488,34215,7,0,0,7,0
2020-11-19,US,North Carolina,Tyrrell,137,3,0,35.87147226,-76.17055253,37177.0,0.0,0.0,3411.3545816733067,2.18978102189781,134,136,3,0,133,135,4131,1,0,0,1,1
2020-11-19,US,North Carolina,Unassigned,490,0,0,0.0,0.0,90037.0,0.0,0.0,0.0,0.0,490,6,0,0,6,5,,484,0,0,484,1
2020-11-19,US,North Carolina,Union,7063,70,0,34.98960527,-80.52955873,37179.0,0.0,0.0,2944.6466465715275,0.9910802775024776,6993,6995,68,0,6927,6906,235908,68,2,0,66,89
2020-11-19,US,North Carolina,Vance,1500,51,0,36.36880673,-78.40670845,37181.0,0.0,0.0,3368.1374200067357,3.4,1449,1482,48,0,1434,1466,44582,18,3,0,15,16
2020-11-19,US,North Carolina,Wake,25688,283,0,35.78879266,-78.65249174,37183.0,0.0,0.0,2310.568548456008,1.1016817190906258,25405,25321,282,0,25039,25133,1092305,367,1,0,366,188
2020-11-19,US,North Carolina,Warren,567,8,0,36.39728256,-78.10652228,37185.0,0.0,0.0,2873.650600577771,1.4109347442680775,559,558,8,0,550,552,19807,9,0,0,9,6
2020-11-19,US,North Carolina,Washington,294,8,0,35.83810081,-76.57299037,37187.0,0.0,0.0,2538.860103626943,2.7210884353741496,286,293,8,0,285,291,11859,1,0,0,1,2
2020-11-19,US,North Carolina,Watauga,1642,6,0,36.23103603,-81.70033724,37189.0,0.0,0.0,2922.904391476939,0.3654080389768575,1636,1625,6,0,1619,1597,55945,17,0,0,17,28
2020-11-19,US,North Carolina,Wayne,5309,109,0,35.36438125,-78.00027268,37191.0,0.0,0.0,4311.6680608457655,2.0531173478997933,5200,5261,106,0,5155,5233,123248,48,3,0,45,28
2020-11-19,US,North Carolina,Wilkes,2397,45,0,36.2084135,-81.16232895,37193.0,0.0,0.0,3503.771268198561,1.8773466833541927,2352,2354,44,0,2310,2307,68557,43,1,0,42,47
2020-11-19,US,North Carolina,Wilson,3665,74,0,35.70625477,-77.917978,37195.0,0.0,0.0,4480.38532536277,2.019099590723056,3591,3633,74,0,3559,3599,81455,32,0,0,32,34
2020-11-19,US,North Carolina,Yadkin,1317,12,0,36.16222629,-80.66239436,37197.0,0.0,0.0,3496.4292351395115,0.9111617312072892,1305,1294,12,0,1282,1258,37543,23,0,0,23,36
2020-11-19,US,North Carolina,Yancey,460,2,0,35.90079156,-82.31237181,37199.0,0.0,0.0,2545.796668326969,0.43478260869565216,458,450,2,0,448,427,17903,10,0,0,10,23
2020-11-19,US,North Dakota,Adams,146,0,0,46.09686891,-102.5285397,38001.0,0.0,0.0,6588.4476534296045,0.0,146,143,0,0,143,135,2294,3,0,0,3,8
2020-11-19,US,North Dakota,Barnes,841,5,0,46.93579637,-98.06605978,38003.0,0.0,0.0,8074.891982717235,0.5945303210463734,836,771,5,0,766,759,10542,70,0,0,70,12
2020-11-19,US,North Dakota,Benson,689,13,0,48.0683985,-99.35916363,38005.0,0.0,0.0,10084.894613583136,1.8867924528301887,676,680,13,0,667,676,6962,9,0,0,9,4
2020-11-19,US,North Dakota,Billings,37,0,0,47.02366884,-103.3762965,38007.0,0.0,0.0,3987.0689655172414,0.0,37,37,0,0,37,37,919,0,0,0,0,0
2020-11-19,US,North Dakota,Bottineau,470,19,0,48.79106111,-100.8378166,38009.0,0.0,0.0,7481.693728112065,4.042553191489361,451,461,18,0,443,451,6411,9,1,0,8,10
2020-11-19,US,North Dakota,Bowman,174,3,0,46.11285362,-103.5203343,38011.0,0.0,0.0,5753.968253968254,1.7241379310344829,171,171,3,0,168,170,3076,3,0,0,3,1
2020-11-19,US,North Dakota,Burke,154,1,0,48.79094471,-102.51821170000001,38013.0,0.0,0.0,7281.3238770685575,0.6493506493506493,153,154,1,0,153,152,2100,0,0,0,0,2
2020-11-19,US,North Dakota,Burleigh,10474,110,0,46.97847375,-100.46452140000001,38015.0,0.0,0.0,10953.088072281595,1.0502195913691044,10364,10334,108,0,10226,10145,95273,140,2,0,138,189
2020-11-19,US,North Dakota,Cass,14414,112,0,46.93201724,-97.24447190000001,38017.0,0.0,0.0,7923.132314220852,0.7770223393922575,14302,14113,112,0,14001,13783,181516,301,0,0,301,330
2020-11-19,US,North Dakota,Cavalier,297,2,0,48.77286211,-98.46685243,38019.0,0.0,0.0,7894.736842105262,0.6734006734006734,295,285,2,0,283,281,3829,12,0,0,12,4
2020-11-19,US,North Dakota,Dickey,508,22,0,46.11017712,-98.50490079999999,38021.0,0.0,0.0,10426.929392446636,4.330708661417323,486,493,22,0,471,485,4903,15,0,0,15,8
2020-11-19,US,North Dakota,Divide,115,1,0,48.814938700000006,-103.48736109999999,38023.0,0.0,0.0,5079.505300353357,0.8695652173913043,114,114,1,0,113,109,2283,1,0,0,1,5
2020-11-19,US,North Dakota,Dunn,266,6,0,47.35423935,-102.61604679999999,38025.0,0.0,0.0,6012.658227848101,2.255639097744361,260,260,6,0,254,256,4332,6,0,0,6,4
2020-11-19,US,North Dakota,Eddy,333,4,0,47.71701474,-98.90432337,38027.0,0.0,0.0,14560.559685177088,1.2012012012012012,329,323,4,0,319,317,2313,10,0,0,10,6
2020-11-19,US,North Dakota,Emmons,324,9,0,46.28398398,-100.2389766,38029.0,0.0,0.0,9996.914532551682,2.7777777777777777,315,322,9,0,313,322,3295,2,0,0,2,0
2020-11-19,US,North Dakota,Foster,405,2,0,47.457108399999996,-98.88279923,38031.0,0.0,0.0,12616.822429906542,0.4938271604938271,403,364,2,0,362,361,3216,41,0,0,41,3
2020-11-19,US,North Dakota,Golden Valley,144,0,0,46.94022281,-103.8465421,38033.0,0.0,0.0,8177.172061328792,0.0,144,140,0,0,140,139,1769,4,0,0,4,1
2020-11-19,US,North Dakota,Grand Forks,7323,35,0,47.92093639,-97.45450447,38035.0,0.0,0.0,10544.12463463449,0.4779461969138331,7288,7142,35,0,7107,7050,70770,181,0,0,181,92
2020-11-19,US,North Dakota,Grant,131,5,0,46.35821257,-101.63900129999999,38037.0,0.0,0.0,5760.773966578716,3.816793893129771,126,128,5,0,123,124,2374,3,0,0,3,4
2020-11-19,US,North Dakota,Griggs,195,1,0,47.45785838,-98.23850925,38039.0,0.0,0.0,8740.475123263112,0.5128205128205128,194,187,1,0,186,185,2232,8,0,0,8,2
2020-11-19,US,North Dakota,Hettinger,197,3,0,46.43375068,-102.4632417,38041.0,0.0,0.0,7883.153261304521,1.5228426395939083,194,194,3,0,191,194,2514,3,0,0,3,0
2020-11-19,US,North Dakota,Kidder,162,5,0,46.97830064,-99.77507857,38043.0,0.0,0.0,6532.258064516129,3.08641975308642,157,159,5,0,154,157,2450,3,0,0,3,2
2020-11-19,US,North Dakota,LaMoure,314,14,0,46.45681054,-98.53542355,38045.0,0.0,0.0,7760.751359367277,4.4585987261146505,300,309,14,0,295,305,4062,5,0,0,5,4
2020-11-19,US,North Dakota,Logan,149,5,0,46.45729487,-99.47719806,38047.0,0.0,0.0,8054.054054054054,3.355704697986577,144,147,5,0,142,147,1903,2,0,0,2,0
2020-11-19,US,North Dakota,McHenry,396,16,0,48.23104458,-100.6324822,38049.0,0.0,0.0,6892.950391644908,4.040404040404041,380,388,16,0,372,387,5816,8,0,0,8,1
2020-11-19,US,North Dakota,McIntosh,220,6,0,46.11182017,-99.44145858,38051.0,0.0,0.0,8810.572687224669,2.727272727272727,214,220,5,0,215,218,2585,0,1,0,-1,2
2020-11-19,US,North Dakota,McKenzie,793,5,0,47.74133370000001,-103.395905,38053.0,0.0,0.0,5278.2215122470725,0.6305170239596469,788,789,5,0,784,777,13632,4,0,0,4,12
2020-11-19,US,North Dakota,McLean,871,13,0,47.60766714,-101.3182418,38055.0,0.0,0.0,9216.931216931216,1.492537313432836,858,863,13,0,850,855,9541,8,0,0,8,8
2020-11-19,US,North Dakota,Mercer,743,5,0,47.31213126,-101.8318399,38057.0,0.0,0.0,9075.36338096983,0.6729475100942126,738,728,5,0,723,725,8267,15,0,0,15,3
2020-11-19,US,North Dakota,Morton,3568,65,0,46.71681782,-101.2822377,38059.0,0.0,0.0,11376.099987246524,1.8217488789237668,3503,3508,65,0,3443,3437,31095,60,0,0,60,71
2020-11-19,US,North Dakota,Mountrail,927,13,0,48.20197971,-102.3555315,38061.0,0.0,0.0,8790.896159317212,1.4023732470334411,914,894,12,0,882,878,10218,33,1,0,32,16
2020-11-19,US,North Dakota,Nelson,310,9,0,47.9226426,-98.19038437,38063.0,0.0,0.0,10767.627648489059,2.9032258064516134,301,308,9,0,299,305,2869,2,0,0,2,3
2020-11-19,US,North Dakota,Oliver,110,2,0,47.11530482,-101.3406158,38065.0,0.0,0.0,5615.109749872384,1.818181818181818,108,109,2,0,107,108,1952,1,0,0,1,1
2020-11-19,US,North Dakota,Pembina,519,4,0,48.76623521,-97.5523809,38067.0,0.0,0.0,7631.230701367446,0.7707129094412332,515,509,3,0,506,499,6947,10,1,0,9,10
2020-11-19,US,North Dakota,Pierce,339,5,0,48.24977025,-99.96407787,38069.0,0.0,0.0,8528.301886792453,1.4749262536873156,334,330,5,0,325,327,4081,9,0,0,9,3
2020-11-19,US,North Dakota,Ramsey,969,6,0,48.26886249,-98.72223879,38071.0,0.0,0.0,8412.188558034552,0.6191950464396285,963,958,6,0,952,955,11481,11,0,0,11,3
2020-11-19,US,North Dakota,Ransom,381,5,0,46.45621782,-97.65742504,38073.0,0.0,0.0,7301.648141050211,1.3123359580052494,376,365,5,0,360,361,5237,16,0,0,16,4
2020-11-19,US,North Dakota,Renville,170,2,0,48.71982533,-101.6603912,38075.0,0.0,0.0,7305.5436183927795,1.1764705882352942,168,168,2,0,166,168,2374,2,0,0,2,0
2020-11-19,US,North Dakota,Richland,954,7,0,46.26440649,-96.94852979,38077.0,0.0,0.0,5897.261544167645,0.7337526205450734,947,917,7,0,910,897,16239,37,0,0,37,20
2020-11-19,US,North Dakota,Rolette,1194,14,0,48.77245354,-99.84097493,38079.0,0.0,0.0,8422.686230248308,1.1725293132328307,1180,1148,14,0,1134,1108,14301,46,0,0,46,40
2020-11-19,US,North Dakota,Sargent,239,3,0,46.10830372,-97.63217159,38081.0,0.0,0.0,6131.349409953822,1.2552301255230125,236,231,3,0,228,227,3870,8,0,0,8,4
2020-11-19,US,North Dakota,Sheridan,72,1,0,47.57700669,-100.3426391,38083.0,0.0,0.0,5475.2851711026615,1.3888888888888888,71,70,1,0,69,70,1349,2,0,0,2,0
2020-11-19,US,North Dakota,Sioux,389,6,0,46.11323337,-101.04401490000001,38085.0,0.0,0.0,9196.217494089837,1.5424164524421593,383,386,5,0,381,384,4358,3,1,0,2,2
2020-11-19,US,North Dakota,Slope,19,0,0,46.44737738,-103.4601547,38087.0,0.0,0.0,2533.333333333333,0.0,19,18,0,0,18,18,763,1,0,0,1,0
2020-11-19,US,North Dakota,Stark,3182,37,0,46.80851182,-102.65763259999999,38089.0,0.0,0.0,10105.116072279208,1.162790697674419,3145,3106,37,0,3069,3091,30997,76,0,0,76,15
2020-11-19,US,North Dakota,Steele,102,1,0,47.45611548,-97.72728747,38091.0,0.0,0.0,5396.825396825397,0.9803921568627452,101,94,1,0,93,92,1903,8,0,0,8,2
2020-11-19,US,North Dakota,Stutsman,2252,35,0,46.97962541,-98.95637318,38093.0,0.0,0.0,10877.12519319938,1.5541740674955595,2217,2216,34,0,2182,2079,20917,36,1,0,35,137
2020-11-19,US,North Dakota,Towner,185,8,0,48.68565745,-99.24564265,38095.0,0.0,0.0,8451.347647327546,4.3243243243243255,177,178,8,0,170,173,2192,7,0,0,7,5
2020-11-19,US,North Dakota,Traill,607,10,0,47.45367788,-97.16323288,38097.0,0.0,0.0,7553.509208561473,1.6474464579901154,597,598,10,0,588,585,8037,9,0,0,9,13
2020-11-19,US,North Dakota,Unassigned,0,6,0,0.0,0.0,90038.0,0.0,0.0,0.0,0.0,-6,0,6,0,-6,0,,0,0,0,0,0
2020-11-19,US,North Dakota,Walsh,1275,10,0,48.36876964,-97.72574783,38099.0,0.0,0.0,11981.956583027913,0.7843137254901961,1265,1250,10,0,1240,1225,10667,25,0,0,25,25
2020-11-19,US,North Dakota,Ward,6560,105,0,48.22390169,-101.54367629999999,38101.0,0.0,0.0,9698.259931106873,1.6006097560975612,6455,6486,103,0,6383,6356,67744,74,2,0,72,130
2020-11-19,US,North Dakota,Wells,280,3,0,47.58614526,-99.65904998,38103.0,0.0,0.0,7303.077725612937,1.0714285714285714,277,277,3,0,274,276,3957,3,0,0,3,1
2020-11-19,US,North Dakota,Williams,2724,22,0,48.34522353,-103.4793387,38105.0,0.0,0.0,7246.800925802761,0.8076358296622613,2702,2687,22,0,2665,2646,35350,37,0,0,37,41
2020-11-19,US,Ohio,Adams,637,10,0,38.84541072,-83.4718964,39001.0,0.0,0.0,2299.8050400750963,1.5698587127158556,627,618,10,0,608,586,27724,19,0,0,19,32
2020-11-19,US,Ohio,Allen,4194,81,0,40.77285242,-84.10802343,39003.0,0.0,0.0,4097.663921212299,1.931330472103004,4113,4114,81,0,4033,4001,102663,80,0,0,80,113
2020-11-19,US,Ohio,Ashland,881,21,0,40.84772277,-82.27280781,39005.0,0.0,0.0,1647.2215989828733,2.3836549375709417,860,857,20,0,837,832,53745,24,1,0,23,25
2020-11-19,US,Ohio,Ashtabula,1831,53,0,41.70860332,-80.74830218,39007.0,0.0,0.0,1882.9506072541412,2.8945931185144733,1778,1752,53,0,1699,1678,97493,79,0,0,79,74
2020-11-19,US,Ohio,Athens,1706,4,0,39.33425634,-82.04278644,39009.0,0.0,0.0,2611.4776432409258,0.2344665885111372,1702,1682,4,0,1678,1665,65818,24,0,0,24,17
2020-11-19,US,Ohio,Auglaize,2047,22,0,40.55998859,-84.22421429999999,39011.0,0.0,0.0,4483.52899947433,1.074743527112848,2025,2000,22,0,1978,1931,45804,47,0,0,47,69
2020-11-19,US,Ohio,Belmont,1420,28,0,40.01625942,-80.9924051,39013.0,0.0,0.0,2119.2132047876307,1.971830985915493,1392,1374,28,0,1346,1321,67505,46,0,0,46,53
2020-11-19,US,Ohio,Brown,825,4,0,38.93416837,-83.86788395,39015.0,0.0,0.0,1899.5210904402288,0.4848484848484849,821,798,4,0,794,769,43602,27,0,0,27,29
2020-11-19,US,Ohio,Butler,13328,142,0,39.44012838,-84.57388716,39017.0,0.0,0.0,3478.678478025965,1.065426170468187,13186,13050,142,0,12908,12874,382378,278,0,0,278,176
2020-11-19,US,Ohio,Carroll,380,10,0,40.578968599999996,-81.09178213,39019.0,0.0,0.0,1411.9045849743627,2.631578947368421,370,374,10,0,364,365,27081,6,0,0,6,9
2020-11-19,US,Ohio,Champaign,817,4,0,40.13923427,-83.76875242,39021.0,0.0,0.0,2101.0672495821013,0.4895960832313341,813,777,4,0,773,763,38754,40,0,0,40,14
2020-11-19,US,Ohio,Clark,4499,64,0,39.91592258,-83.78498252,39023.0,0.0,0.0,3355.3843514837818,1.4225383418537452,4435,4389,62,0,4327,4327,134585,110,2,0,108,62
2020-11-19,US,Ohio,Clermont,4948,45,0,39.04847534,-84.15375786,39025.0,0.0,0.0,2396.9616524890034,0.9094583670169766,4903,4817,44,0,4773,4685,205466,131,1,0,130,132
2020-11-19,US,Ohio,Clinton,940,14,0,39.41485808,-83.80852286,39027.0,0.0,0.0,2239.8017537171177,1.4893617021276595,926,919,14,0,905,898,42057,21,0,0,21,21
2020-11-19,US,Ohio,Columbiana,3052,95,0,40.76932373,-80.78094576,39029.0,0.0,0.0,2995.5929841092243,3.1127129750982965,2957,2948,93,0,2855,2891,102665,104,2,0,102,57
2020-11-19,US,Ohio,Coshocton,726,13,0,40.30096166,-81.91729018,39031.0,0.0,0.0,1983.6065573770493,1.7906336088154269,713,696,13,0,683,684,36629,30,0,0,30,12
2020-11-19,US,Ohio,Crawford,1028,15,0,40.85065156,-82.91989099,39033.0,0.0,0.0,2477.466621680243,1.4591439688715953,1013,1000,15,0,985,972,41550,28,0,0,28,28
2020-11-19,US,Ohio,Cuyahoga,31895,720,0,41.424119,-81.65918339,39035.0,0.0,0.0,2582.440537879573,2.257407117102994,31175,31140,719,0,30421,30581,1243857,755,1,0,754,559
2020-11-19,US,Ohio,Darke,1940,58,0,40.13412966,-84.6194517,39037.0,0.0,0.0,3795.5119049948153,2.989690721649485,1882,1832,58,0,1774,1793,51323,108,0,0,108,39
2020-11-19,US,Ohio,Defiance,1153,21,0,41.32398837,-84.49076944,39039.0,0.0,0.0,3027.279649224145,1.8213356461405033,1132,1117,20,0,1097,1092,38165,36,1,0,35,25
2020-11-19,US,Ohio,Delaware,4737,34,0,40.27942393,-83.00457058,39041.0,0.0,0.0,2264.5893190933994,0.7177538526493561,4703,4618,34,0,4584,4529,204826,119,0,0,119,89
2020-11-19,US,Ohio,Erie,1836,62,0,41.36796058,-82.62904521,39043.0,0.0,0.0,2472.19454393666,3.3769063180827885,1774,1810,62,0,1748,1790,74615,26,0,0,26,20
2020-11-19,US,Ohio,Fairfield,4690,63,0,39.75107189,-82.63088163,39045.0,0.0,0.0,2976.3793519235405,1.3432835820895523,4627,4580,61,0,4519,4457,155782,110,2,0,108,123
2020-11-19,US,Ohio,Fayette,811,17,0,39.56021306,-83.4562016,39047.0,0.0,0.0,2843.120070113935,2.096177558569667,794,801,16,0,785,774,28666,10,1,0,9,27
2020-11-19,US,Ohio,Franklin,45650,658,0,39.96995815,-83.01115755,39049.0,0.0,0.0,3466.853388175182,1.4414019715224535,44992,44809,653,0,44156,44159,1310300,841,5,0,836,650
2020-11-19,US,Ohio,Fulton,1089,24,0,41.60213491,-84.12571393,39051.0,0.0,0.0,2585.1018373451075,2.203856749311295,1065,1045,22,0,1023,1022,42276,44,2,0,42,23
2020-11-19,US,Ohio,Gallia,578,13,0,38.82708533,-82.31647569,39053.0,0.0,0.0,1933.2396815840525,2.2491349480968856,565,575,13,0,562,562,29979,3,0,0,3,13
2020-11-19,US,Ohio,Geauga,1707,51,0,41.49952319,-81.17935342,39055.0,0.0,0.0,1822.7637241187838,2.987697715289982,1656,1646,51,0,1595,1613,94031,61,0,0,61,33
2020-11-19,US,Ohio,Greene,4583,61,0,39.69116283,-83.89032084,39057.0,0.0,0.0,2712.845617005156,1.3310058913375518,4522,4480,61,0,4419,4373,167995,103,0,0,103,107
2020-11-19,US,Ohio,Guernsey,728,8,0,40.05026529,-81.49248905,39059.0,0.0,0.0,1872.668810289389,1.0989010989010992,720,695,8,0,687,689,39022,33,0,0,33,6
2020-11-19,US,Ohio,Hamilton,27106,368,0,39.19673558,-84.54502924,39061.0,0.0,0.0,3315.8281680251207,1.3576329963845644,26738,26468,367,0,26101,26066,816684,638,1,0,637,402
2020-11-19,US,Ohio,Hancock,2025,33,0,41.00250487,-83.66838948,39063.0,0.0,0.0,2672.103242151934,1.6296296296296295,1992,1993,33,0,1960,1941,75930,32,0,0,32,52
2020-11-19,US,Ohio,Hardin,759,18,0,40.66015414,-83.65929931,39065.0,0.0,0.0,2419.894787183166,2.3715415019762847,741,725,17,0,708,691,31480,34,1,0,33,34
2020-11-19,US,Ohio,Harrison,164,3,0,40.29380509,-81.09068544,39067.0,0.0,0.0,1090.4255319148936,1.8292682926829267,161,161,3,0,158,157,15174,3,0,0,3,4
2020-11-19,US,Ohio,Henry,863,22,0,41.333964200000004,-84.06830637,39069.0,0.0,0.0,3195.586166037177,2.5492468134414827,841,847,21,0,826,837,27086,16,1,0,15,10
2020-11-19,US,Ohio,Highland,882,17,0,39.1839264,-83.60331456,39071.0,0.0,0.0,2043.511503440606,1.9274376417233559,865,872,16,0,856,845,43058,10,1,0,9,27
2020-11-19,US,Ohio,Hocking,521,11,0,39.49537927,-82.47991446,39073.0,0.0,0.0,1843.334276818568,2.111324376199616,510,510,11,0,499,498,28385,11,0,0,11,12
2020-11-19,US,Ohio,Holmes,1309,36,0,40.56163713,-81.92635677,39075.0,0.0,0.0,2977.707006369427,2.750190985485103,1273,1284,36,0,1248,1266,43892,25,0,0,25,18
2020-11-19,US,Ohio,Huron,1263,18,0,41.14651175,-82.59867951,39077.0,0.0,0.0,2167.644938729276,1.4251781472684086,1245,1219,18,0,1201,1186,58504,44,0,0,44,33
2020-11-19,US,Ohio,Jackson,803,11,0,39.01914254,-82.61818559999998,39079.0,0.0,0.0,2477.401042791473,1.3698630136986298,792,787,11,0,776,772,32384,16,0,0,16,15
2020-11-19,US,Ohio,Jefferson,939,4,0,40.38614126,-80.76259514,39081.0,0.0,0.0,1437.4282433983926,0.42598509052183176,935,903,4,0,899,862,65767,36,0,0,36,41
2020-11-19,US,Ohio,Knox,1012,18,0,40.39830217,-82.42027563,39083.0,0.0,0.0,1623.824652610635,1.7786561264822134,994,976,18,0,958,929,61893,36,0,0,36,47
2020-11-19,US,Ohio,Lake,5665,66,0,41.69710807,-81.23676539,39085.0,0.0,0.0,2461.448887459863,1.1650485436893203,5599,5413,62,0,5351,5197,230514,252,4,0,248,216
2020-11-19,US,Ohio,Lawrence,1681,34,0,38.59743452,-82.53466552,39087.0,0.0,0.0,2826.96803054,2.0226055919095782,1647,1645,33,0,1612,1612,59866,36,1,0,35,33
2020-11-19,US,Ohio,Licking,4646,74,0,40.09136236,-82.48185785,39089.0,0.0,0.0,2626.906853931314,1.5927679724494188,4572,4540,72,0,4468,4432,175769,106,2,0,104,108
2020-11-19,US,Ohio,Logan,1053,11,0,40.38996525,-83.76784341,39091.0,0.0,0.0,2305.570152390961,1.0446343779677112,1042,1021,11,0,1010,984,45358,32,0,0,32,37
2020-11-19,US,Ohio,Lorain,5320,97,0,41.29553751,-82.15083537,39093.0,0.0,0.0,1717.0540258784577,1.823308270676692,5223,5148,96,0,5052,5040,309461,172,1,0,171,108
2020-11-19,US,Ohio,Lucas,12611,404,0,41.62101218,-83.65468618,39095.0,0.0,0.0,2944.1015249283287,3.203552454206645,12207,12443,404,0,12039,12297,429899,168,0,0,168,146
2020-11-19,US,Ohio,Madison,1420,18,0,39.89381073,-83.40178317,39097.0,0.0,0.0,3174.5322036171783,1.2676056338028172,1402,1392,18,0,1374,1354,44413,28,0,0,28,38
2020-11-19,US,Ohio,Mahoning,6141,298,0,41.01631101,-80.77287029,39099.0,0.0,0.0,2685.3767004980696,4.85262986484286,5843,5941,297,0,5644,5815,229642,200,1,0,199,126
2020-11-19,US,Ohio,Marion,4323,51,0,40.58610662,-83.15736305,39101.0,0.0,0.0,6641.2671101347305,1.1797362942401108,4272,4267,51,0,4216,4191,65256,56,0,0,56,76
2020-11-19,US,Ohio,Medina,3786,53,0,41.11770589,-81.89986209999998,39103.0,0.0,0.0,2106.305564518821,1.399894347596408,3733,3680,52,0,3628,3594,179146,106,1,0,105,86
2020-11-19,US,Ohio,Meigs,331,12,0,39.09224872,-82.0305041,39105.0,0.0,0.0,1444.9731523115204,3.625377643504532,319,327,12,0,315,319,23106,4,0,0,4,8
2020-11-19,US,Ohio,Mercer,2680,37,0,40.54043046,-84.62912742,39107.0,0.0,0.0,6509.278150199165,1.3805970149253732,2643,2619,37,0,2582,2544,40959,61,0,0,61,75
2020-11-19,US,Ohio,Miami,3693,65,0,40.0543329,-84.22871271,39109.0,0.0,0.0,3451.821249310664,1.7600866504197132,3628,3588,65,0,3523,3528,106222,105,0,0,105,60
2020-11-19,US,Ohio,Monroe,271,20,0,39.72984936,-81.08464734,39111.0,0.0,0.0,1984.7663688296466,7.380073800738008,251,268,20,0,248,264,13790,3,0,0,3,4
2020-11-19,US,Ohio,Montgomery,17811,220,0,39.75394919,-84.29050975,39113.0,0.0,0.0,3349.90323254095,1.2351917354443882,17591,17496,215,0,17281,17243,532331,315,5,0,310,253
2020-11-19,US,Ohio,Morgan,198,2,0,39.62081738,-81.85308173,39115.0,0.0,0.0,1364.7642679900744,1.0101010101010102,196,185,1,0,184,174,14604,13,1,0,12,11
2020-11-19,US,Ohio,Morrow,755,2,0,40.52363560000001,-82.7892599,39117.0,0.0,0.0,2137.115036231884,0.26490066225165565,753,724,2,0,722,701,35112,31,0,0,31,23
2020-11-19,US,Ohio,Muskingum,2079,10,0,39.96575964,-81.94363275,39119.0,0.0,0.0,2411.4133271472483,0.48100048100048104,2069,1985,10,0,1975,1894,86183,94,0,0,94,91
2020-11-19,US,Ohio,Noble,511,18,0,39.76818851,-81.45937183,39121.0,0.0,0.0,3542.706600110926,3.522504892367906,493,496,18,0,478,489,14354,15,0,0,15,7
2020-11-19,US,Ohio,Ottawa,1016,30,0,41.53781826,-83.0940185,39123.0,0.0,0.0,2507.094386181369,2.9527559055118107,986,985,30,0,955,971,40769,31,0,0,31,14
2020-11-19,US,Ohio,Paulding,531,10,0,41.11676341,-84.5801017,39125.0,0.0,0.0,2843.8303341902315,1.8832391713747645,521,515,9,0,506,502,18760,16,1,0,15,13
2020-11-19,US,Ohio,Perry,663,12,0,39.73508655,-82.23804971,39127.0,0.0,0.0,1834.8369956273868,1.8099547511312215,651,652,12,0,640,621,36033,11,0,0,11,31
2020-11-19,US,Ohio,Pickaway,3777,47,0,39.64170392,-83.0243386,39129.0,0.0,0.0,6461.1594847494725,1.2443738416732857,3730,3752,46,0,3706,3721,58086,25,1,0,24,31
2020-11-19,US,Ohio,Pike,631,1,0,39.07634001,-83.06769584,39131.0,0.0,0.0,2272.072591098949,0.15847860538827258,630,617,1,0,616,605,28067,14,0,0,14,12
2020-11-19,US,Ohio,Portage,2965,71,0,41.16793482,-81.19735782,39133.0,0.0,0.0,1824.9972301897005,2.3946037099494104,2894,2885,71,0,2814,2832,162927,80,0,0,80,53
2020-11-19,US,Ohio,Preble,1325,21,0,39.7420247,-84.64787018,39135.0,0.0,0.0,3241.035174404384,1.5849056603773586,1304,1286,21,0,1265,1247,40997,39,0,0,39,39
2020-11-19,US,Ohio,Putnam,2080,44,0,41.02094889,-84.1336111,39137.0,0.0,0.0,6142.760107498302,2.1153846153846154,2036,2054,43,0,2011,2024,33780,26,1,0,25,30
2020-11-19,US,Ohio,Richland,2626,29,0,40.77180308,-82.53799609999999,39139.0,0.0,0.0,2167.4893111246843,1.1043412033511044,2597,2560,28,0,2532,2478,121099,66,1,0,65,82
2020-11-19,US,Ohio,Ross,2207,56,0,39.33705391,-83.06000914,39141.0,0.0,0.0,2878.7206845276914,2.5373810602628,2151,2178,56,0,2122,2130,76931,29,0,0,29,48
2020-11-19,US,Ohio,Sandusky,1322,27,0,41.35624126,-83.137872,39143.0,0.0,0.0,2259.133941693154,2.0423600605143717,1295,1285,25,0,1260,1272,58799,37,2,0,35,13
2020-11-19,US,Ohio,Scioto,1691,12,0,38.80270163,-82.98907345,39145.0,0.0,0.0,2245.2664843189846,0.7096392667060911,1679,1648,12,0,1636,1618,75502,43,0,0,43,30
2020-11-19,US,Ohio,Seneca,1483,17,0,41.12351311,-83.12783209,39147.0,0.0,0.0,2687.6653738808945,1.1463250168577208,1466,1428,16,0,1412,1365,55207,55,1,0,54,63
2020-11-19,US,Ohio,Shelby,1643,15,0,40.33163494,-84.20258189,39149.0,0.0,0.0,3381.3541881045485,0.9129640900791236,1628,1598,15,0,1583,1570,48627,45,0,0,45,28
2020-11-19,US,Ohio,Stark,7446,195,0,40.81482476,-81.36437305,39151.0,0.0,0.0,2009.1417839970209,2.6188557614826746,7251,7233,194,0,7039,7053,371574,213,1,0,212,180
2020-11-19,US,Ohio,Summit,11659,300,0,41.12464734,-81.53123079,39153.0,0.0,0.0,2155.0313948093667,2.5731194785144518,11359,11346,299,0,11047,11152,541918,313,1,0,312,194
2020-11-19,US,Ohio,Trumbull,4466,142,0,41.31735028,-80.76109643,39155.0,0.0,0.0,2255.851778516371,3.179579041648007,4324,4235,140,0,4095,4084,198627,231,2,0,229,151
2020-11-19,US,Ohio,Tuscarawas,2759,54,0,40.44214695,-81.47226262,39157.0,0.0,0.0,2999.336862817572,1.9572308807538965,2705,2694,51,0,2643,2527,92176,65,3,0,62,167
2020-11-19,US,Ohio,Union,1623,7,0,40.30016061,-83.37239023,39159.0,0.0,0.0,2751.407065843901,0.4313000616142945,1616,1582,6,0,1576,1548,57835,41,1,0,40,34
2020-11-19,US,Ohio,Van Wert,781,6,0,40.8554138,-84.59111700000003,39161.0,0.0,0.0,2762.1573828470373,0.7682458386683739,775,751,6,0,745,719,28281,30,0,0,30,32
2020-11-19,US,Ohio,Vinton,192,5,0,39.25208988,-82.4831444,39163.0,0.0,0.0,1467.3290026748184,2.6041666666666665,187,184,5,0,179,182,13139,8,0,0,8,2
2020-11-19,US,Ohio,Warren,7169,74,0,39.42581994,-84.16557457,39165.0,0.0,0.0,3055.8136759277413,1.0322220672339235,7095,7031,73,0,6958,6912,232173,138,1,0,137,119
2020-11-19,US,Ohio,Washington,930,27,0,39.45690571,-81.49121382,39167.0,0.0,0.0,1552.3025821635424,2.9032258064516134,903,902,27,0,875,892,60155,28,0,0,28,10
2020-11-19,US,Ohio,Wayne,2870,92,0,40.82925852,-81.88844833,39169.0,0.0,0.0,2480.338777979431,3.2055749128919864,2778,2823,87,0,2736,2775,115967,47,5,0,42,48
2020-11-19,US,Ohio,Williams,914,8,0,41.56052014,-84.58429552,39171.0,0.0,0.0,2491.006213888586,0.8752735229759301,906,891,6,0,885,853,36804,23,2,0,21,38
2020-11-19,US,Ohio,Wood,3974,106,0,41.36224827,-83.62285108,39173.0,0.0,0.0,3037.8314745025496,2.6673376950176144,3868,3903,105,0,3798,3842,130696,71,1,0,70,61
2020-11-19,US,Ohio,Wyandot,595,16,0,40.84339621,-83.30734173,39175.0,0.0,0.0,2732.867903729561,2.6890756302521006,579,574,15,0,559,550,21935,21,1,0,20,24
2020-11-19,US,Oklahoma,Adair,1093,13,0,35.88494195,-94.65859267,40001.0,0.0,0.0,4924.754438136433,1.1893870082342175,1080,1076,13,0,1063,1070,22082,17,0,0,17,6
2020-11-19,US,Oklahoma,Alfalfa,265,0,0,36.73090616,-98.32408495,40003.0,0.0,0.0,4647.492108032269,0.0,265,257,0,0,257,249,5754,8,0,0,8,8
2020-11-19,US,Oklahoma,Atoka,726,1,0,34.37366573,-96.03802487,40005.0,0.0,0.0,5276.929786306149,0.13774104683195593,725,690,1,0,689,638,13838,36,0,0,36,52
2020-11-19,US,Oklahoma,Beaver,148,1,0,36.7496847,-100.4758872,40007.0,0.0,0.0,2786.669177179439,0.6756756756756757,147,148,1,0,147,142,5319,0,0,0,0,6
2020-11-19,US,Oklahoma,Beckham,1136,17,0,35.26862449,-99.68128023,40009.0,0.0,0.0,5196.944050505513,1.4964788732394363,1119,1124,17,0,1107,1120,21709,12,0,0,12,4
2020-11-19,US,Oklahoma,Blaine,302,2,0,35.87518314,-98.43307003,40011.0,0.0,0.0,3202.8847173613317,0.6622516556291391,300,299,2,0,297,295,9485,3,0,0,3,4
2020-11-19,US,Oklahoma,Bryan,2468,18,0,33.96472458,-96.25903472,40013.0,0.0,0.0,5142.20231274091,0.7293354943273906,2450,2425,17,0,2408,2367,47192,43,1,0,42,58
2020-11-19,US,Oklahoma,Caddo,1543,28,0,35.17364557,-98.37534464,40015.0,0.0,0.0,5364.717335373061,1.8146467919637068,1515,1521,28,0,1493,1470,28977,22,0,0,22,51
2020-11-19,US,Oklahoma,Canadian,5834,25,0,35.5426055,-97.98465569,40017.0,0.0,0.0,3933.7585802327612,0.4285224545766198,5809,5721,25,0,5696,5582,144447,113,0,0,113,139
2020-11-19,US,Oklahoma,Carter,1327,13,0,34.25103751,-97.28552485,40019.0,0.0,0.0,2758.2049843071227,0.9796533534287868,1314,1295,13,0,1282,1261,48177,32,0,0,32,34
2020-11-19,US,Oklahoma,Cherokee,1909,10,0,35.90692775,-94.99980896,40021.0,0.0,0.0,3923.3820416384083,0.5238344683080147,1899,1856,10,0,1846,1844,48675,53,0,0,53,12
2020-11-19,US,Oklahoma,Choctaw,614,4,0,34.02807439,-95.54771129,40023.0,0.0,0.0,4184.841875681571,0.6514657980456026,610,626,3,0,623,623,14668,0,1,0,-13,3
2020-11-19,US,Oklahoma,Cimarron,60,0,0,36.74817177,-102.5173885,40025.0,0.0,0.0,2807.6743097800645,0.0,60,60,0,0,60,58,2153,0,0,0,0,2
2020-11-19,US,Oklahoma,Cleveland,10992,118,0,35.20413532,-97.32519562,40027.0,0.0,0.0,3870.2317491391273,1.0735080058224162,10874,10830,117,0,10713,10709,281669,162,1,0,161,121
2020-11-19,US,Oklahoma,Coal,230,0,0,34.58840127,-96.29798747,40029.0,0.0,0.0,4185.623293903549,0.0,230,224,0,0,224,220,5520,6,0,0,6,4
2020-11-19,US,Oklahoma,Comanche,3819,28,0,34.65973764,-98.47195055,40031.0,0.0,0.0,3162.7591118767027,0.7331762241424457,3791,3733,27,0,3706,3616,120422,86,1,0,85,117
2020-11-19,US,Oklahoma,Cotton,162,3,0,34.28845626,-98.37053567,40033.0,0.0,0.0,2859.159901164843,1.851851851851852,159,160,3,0,157,157,5776,2,0,0,2,3
2020-11-19,US,Oklahoma,Craig,816,2,0,36.76268118,-95.20916602,40035.0,0.0,0.0,5770.046669495121,0.24509803921568624,814,807,2,0,805,798,14306,9,0,0,9,9
2020-11-19,US,Oklahoma,Creek,2208,42,0,35.90230551,-96.37086028,40037.0,0.0,0.0,3087.161992114315,1.9021739130434785,2166,2194,42,0,2152,2124,71604,14,0,0,14,70
2020-11-19,US,Oklahoma,Custer,1528,11,0,35.63853802,-99.00170785,40039.0,0.0,0.0,5268.420508223288,0.7198952879581152,1517,1504,11,0,1493,1486,29036,24,0,0,24,18
2020-11-19,US,Oklahoma,Delaware,1676,38,0,36.40823634,-94.80325046,40041.0,0.0,0.0,3896.8587969959776,2.2673031026252985,1638,1664,38,0,1626,1644,42733,12,0,0,12,20
2020-11-19,US,Oklahoma,Dewey,152,1,0,35.98772922,-99.00730714,40043.0,0.0,0.0,3107.7489265998765,0.6578947368421053,151,148,1,0,147,142,4894,4,0,0,4,6
2020-11-19,US,Oklahoma,Ellis,106,0,0,36.218019399999996,-99.75324573,40045.0,0.0,0.0,2746.825602487691,0.0,106,97,0,0,97,97,3952,9,0,0,9,0
2020-11-19,US,Oklahoma,Garfield,3198,33,0,36.3791334,-97.78265517,40047.0,0.0,0.0,5237.814465408805,1.0318949343339587,3165,3143,33,0,3110,3109,60913,55,0,0,55,34
2020-11-19,US,Oklahoma,Garvin,1325,10,0,34.70418038,-97.30811132,40049.0,0.0,0.0,4781.494713290751,0.7547169811320755,1315,1291,10,0,1281,1256,27811,34,0,0,34,35
2020-11-19,US,Oklahoma,Grady,2244,19,0,35.0167709,-97.88339847,40051.0,0.0,0.0,4019.056488877745,0.8467023172905526,2225,2195,19,0,2176,2155,55551,49,0,0,49,40
2020-11-19,US,Oklahoma,Grant,180,3,0,36.796296999999996,-97.78638765,40053.0,0.0,0.0,4154.165705054235,1.6666666666666667,177,177,3,0,174,174,4326,3,0,0,3,3
2020-11-19,US,Oklahoma,Greer,213,8,0,34.93535801,-99.56056120000001,40055.0,0.0,0.0,3728.991596638656,3.755868544600939,205,209,8,0,201,206,5821,4,0,0,4,3
2020-11-19,US,Oklahoma,Harmon,94,0,0,34.7440135,-99.84741652,40057.0,0.0,0.0,3543.158688277422,0.0,94,94,0,0,94,93,2664,0,0,0,0,1
2020-11-19,US,Oklahoma,Harper,128,2,0,36.78836519,-99.6679804,40059.0,0.0,0.0,3470.715835140998,1.5625,126,122,2,0,120,121,3797,6,0,0,6,1
2020-11-19,US,Oklahoma,Haskell,585,6,0,35.22257600000001,-95.11513306,40061.0,0.0,0.0,4632.929436920884,1.0256410256410255,579,574,6,0,568,565,12668,11,0,0,11,9
2020-11-19,US,Oklahoma,Hughes,529,7,0,35.04912569,-96.24921145,40063.0,0.0,0.0,3983.733714888169,1.3232514177693762,522,521,7,0,514,514,13335,8,0,0,8,7
2020-11-19,US,Oklahoma,Jackson,1603,24,0,34.58781741,-99.41138784,40065.0,0.0,0.0,6534.855279249898,1.497192763568309,1579,1585,24,0,1561,1551,24949,18,0,0,18,34
2020-11-19,US,Oklahoma,Jefferson,140,2,0,34.11130184,-97.83182974,40067.0,0.0,0.0,2332.555814728424,1.4285714285714286,138,132,2,0,130,126,6123,8,0,0,8,6
2020-11-19,US,Oklahoma,Johnston,447,4,0,34.31440473,-96.66011537,40069.0,0.0,0.0,4032.4763193504737,0.8948545861297539,443,440,4,0,436,429,10949,7,0,0,7,11
2020-11-19,US,Oklahoma,Kay,1434,21,0,36.81799745,-97.14421435,40071.0,0.0,0.0,3293.674491249024,1.4644351464435146,1413,1344,21,0,1323,1307,44161,90,0,0,90,37
2020-11-19,US,Oklahoma,Kingfisher,760,6,0,35.94530008,-97.94193268,40073.0,0.0,0.0,4820.805581985411,0.7894736842105263,754,748,6,0,742,731,15816,12,0,0,12,17
2020-11-19,US,Oklahoma,Kiowa,281,6,0,34.91671958,-98.97720696,40075.0,0.0,0.0,3226.917776757005,2.1352313167259784,275,280,6,0,274,267,8729,1,0,0,1,13
2020-11-19,US,Oklahoma,Latimer,280,3,0,34.87844729,-95.25215049,40077.0,0.0,0.0,2779.708130646282,1.0714285714285714,277,279,3,0,276,277,10231,1,0,0,1,2
2020-11-19,US,Oklahoma,Le Flore,2168,26,0,34.89851864,-94.70392124,40079.0,0.0,0.0,4348.785429161736,1.1992619926199262,2142,2127,26,0,2101,2077,49980,41,0,0,41,50
2020-11-19,US,Oklahoma,Lincoln,1132,25,0,35.70270942,-96.8812462,40081.0,0.0,0.0,3245.692003325974,2.208480565371025,1107,1118,24,0,1094,1083,34920,14,1,0,13,35
2020-11-19,US,Oklahoma,Logan,1174,3,0,35.91899576,-97.44352845,40083.0,0.0,0.0,2445.272958280394,0.2555366269165247,1171,1153,3,0,1150,1128,47291,21,0,0,21,25
2020-11-19,US,Oklahoma,Love,468,1,0,33.95273467,-97.23906784,40085.0,0.0,0.0,4564.517702135961,0.21367521367521367,467,440,1,0,439,436,10134,28,0,0,28,4
2020-11-19,US,Oklahoma,Major,361,2,0,36.31149996,-98.53467076,40093.0,0.0,0.0,4731.943898282868,0.554016620498615,359,349,2,0,347,344,7644,12,0,0,12,5
2020-11-19,US,Oklahoma,Marshall,570,2,0,34.02311222,-96.76855464,40095.0,0.0,0.0,3366.6056346346936,0.3508771929824561,568,557,2,0,555,544,16806,13,0,0,13,13
2020-11-19,US,Oklahoma,Mayes,1328,17,0,36.30179091,-95.23175116,40097.0,0.0,0.0,3231.1435523114355,1.2801204819277108,1311,1302,17,0,1285,1266,41107,26,0,0,26,36
2020-11-19,US,Oklahoma,McClain,2059,16,0,35.01123903,-97.44572302,40087.0,0.0,0.0,5087.216484656817,0.7770762506070908,2043,2021,16,0,2005,1986,39985,38,0,0,38,35
2020-11-19,US,Oklahoma,McCurtain,2084,44,0,34.11664328,-94.77222373,40089.0,0.0,0.0,6347.465886939572,2.111324376199616,2040,2052,43,0,2009,2022,32703,32,1,0,31,30
2020-11-19,US,Oklahoma,McIntosh,709,13,0,35.37235506,-95.66599306,40091.0,0.0,0.0,3618.0853235354152,1.833568406205924,696,693,13,0,680,682,19815,16,0,0,16,11
2020-11-19,US,Oklahoma,Murray,508,4,0,34.48116015,-97.06826283,40099.0,0.0,0.0,3609.7491650678603,0.7874015748031497,504,492,4,0,488,485,13953,16,0,0,16,7
2020-11-19,US,Oklahoma,Muskogee,3650,29,0,35.61318461,-95.37802952,40101.0,0.0,0.0,5367.883877229878,0.7945205479452054,3621,3608,29,0,3579,3432,68362,42,0,0,42,176
2020-11-19,US,Oklahoma,Noble,345,4,0,36.38953329,-97.22928674,40103.0,0.0,0.0,3099.4519809540916,1.1594202898550725,341,342,4,0,338,337,11289,3,0,0,3,5
2020-11-19,US,Oklahoma,Nowata,357,4,0,36.79843529,-95.61902331,40105.0,0.0,0.0,3543.0726478761408,1.1204481792717087,353,354,4,0,350,347,10218,3,0,0,3,7
2020-11-19,US,Oklahoma,Okfuskee,869,13,0,35.46485198,-96.32639984,40107.0,0.0,0.0,7245.893437838739,1.4959723820483315,856,855,12,0,843,850,12098,14,1,0,13,5
2020-11-19,US,Oklahoma,Oklahoma,33309,270,0,35.55140095,-97.40716948,40109.0,0.0,0.0,4177.022800633031,0.8105917319643341,33039,32578,266,0,32312,31970,792582,731,4,0,727,608
2020-11-19,US,Oklahoma,Okmulgee,1608,17,0,35.64661916,-95.96432828,40111.0,0.0,0.0,4180.423761861433,1.0572139303482586,1591,1588,16,0,1572,1570,38335,20,1,0,19,18
2020-11-19,US,Oklahoma,Osage,1749,18,0,36.62888819,-96.39635704,40113.0,0.0,0.0,3724.208419393991,1.0291595197255574,1731,1729,18,0,1711,1705,47014,20,0,0,20,24
2020-11-19,US,Oklahoma,Ottawa,1549,22,0,36.83532655,-94.81011909,40115.0,0.0,0.0,4976.3870594660575,1.4202711426726922,1527,1533,22,0,1511,1517,31175,16,0,0,16,16
2020-11-19,US,Oklahoma,Pawnee,480,5,0,36.31743373,-96.70331759999999,40117.0,0.0,0.0,2931.1187103077673,1.0416666666666667,475,477,5,0,472,462,16390,3,0,0,3,15
2020-11-19,US,Oklahoma,Payne,3697,17,0,36.07695283,-96.97584944,40119.0,0.0,0.0,4520.444096644821,0.4598322964565864,3680,3641,17,0,3624,3581,82040,56,0,0,56,60
2020-11-19,US,Oklahoma,Pittsburg,1686,21,0,34.92065823,-95.75134320000001,40121.0,0.0,0.0,3862.1890319329273,1.2455516014234875,1665,1656,21,0,1635,1620,43877,30,0,0,30,36
2020-11-19,US,Oklahoma,Pontotoc,1545,9,0,34.72959848,-96.68337199,40123.0,0.0,0.0,4035.628460975865,0.5825242718446602,1536,1495,8,0,1487,1441,38247,50,1,0,49,54
2020-11-19,US,Oklahoma,Pottawatomie,2932,21,0,35.20614018,-96.94923008,40125.0,0.0,0.0,4039.0125633678635,0.7162346521145976,2911,2881,21,0,2860,2837,72679,51,0,0,51,44
2020-11-19,US,Oklahoma,Pushmataha,380,6,0,34.41635232,-95.37603505,40127.0,0.0,0.0,3424.6575342465753,1.5789473684210529,374,372,6,0,366,369,11179,8,0,0,8,3
2020-11-19,US,Oklahoma,Roger Mills,123,5,0,35.68711719,-99.69666167,40129.0,0.0,0.0,3432.8774769746033,4.0650406504065035,118,122,5,0,117,119,3656,1,0,0,1,3
2020-11-19,US,Oklahoma,Rogers,3458,60,0,36.37004357,-95.60406759,40131.0,0.0,0.0,3740.03612411988,1.735106998264893,3398,3394,59,0,3335,3317,91984,64,1,0,63,77
2020-11-19,US,Oklahoma,Seminole,1110,9,0,35.16478725,-96.61686741,40133.0,0.0,0.0,4575.810042047984,0.8108108108108109,1101,1098,9,0,1089,1090,24578,12,0,0,12,8
2020-11-19,US,Oklahoma,Sequoyah,1635,14,0,35.49447108,-94.75463785,40135.0,0.0,0.0,3933.21946642931,0.8562691131498471,1621,1612,14,0,1598,1593,41179,23,0,0,23,19
2020-11-19,US,Oklahoma,Stephens,1277,12,0,34.48556989,-97.85141892,40137.0,0.0,0.0,2959.923973761677,0.9397024275646044,1265,1218,12,0,1206,1178,43265,59,0,0,59,40
2020-11-19,US,Oklahoma,Texas,2156,11,0,36.74777635,-101.4889765,40139.0,0.0,0.0,10789.1707951759,0.5102040816326531,2145,2153,11,0,2142,2119,20455,3,0,0,3,34
2020-11-19,US,Oklahoma,Tillman,258,5,0,34.37288446,-98.92426619,40141.0,0.0,0.0,3558.6206896551726,1.937984496124031,253,245,4,0,241,239,7348,13,1,0,12,6
2020-11-19,US,Oklahoma,Tulsa,28506,246,0,36.11939621,-95.94013939,40143.0,0.0,0.0,4375.09208781494,0.8629762155335718,28260,28127,243,0,27884,27729,648360,379,3,0,376,398
2020-11-19,US,Oklahoma,Unassigned,127,0,0,0.0,0.0,90040.0,0.0,0.0,0.0,0.0,127,103,0,0,103,78,,24,0,0,24,25
2020-11-19,US,Oklahoma,Wagoner,2389,35,0,35.96024096,-95.51911308,40145.0,0.0,0.0,2938.8970217372585,1.4650481372959396,2354,2358,35,0,2323,2317,80110,31,0,0,31,41
2020-11-19,US,Oklahoma,Washington,1717,44,0,36.71380786,-95.90514104,40147.0,0.0,0.0,3332.233586275156,2.5626092020966804,1673,1700,44,0,1656,1685,51843,17,0,0,17,15
2020-11-19,US,Oklahoma,Washita,291,2,0,35.29071824,-98.99180434,40149.0,0.0,0.0,2665.8116526200074,0.6872852233676976,289,283,2,0,281,280,11127,8,0,0,8,3
2020-11-19,US,Oklahoma,Woods,402,1,0,36.76705782,-98.86573064,40151.0,0.0,0.0,4571.818491982259,0.24875621890547264,401,394,1,0,393,380,8897,8,0,0,8,14
2020-11-19,US,Oklahoma,Woodward,1619,6,0,36.42316318,-99.26283045,40153.0,0.0,0.0,8010.489337489485,0.3705991352686844,1613,1612,6,0,1606,1600,20222,7,0,0,7,12
2020-11-19,US,Oregon,Baker,240,3,0,44.70915557,-117.6749883,41001.0,0.0,0.0,1488.4644008930786,1.25,237,236,3,0,233,227,16006,4,0,0,4,9
2020-11-19,US,Oregon,Benton,664,7,0,44.49167306,-123.4316987,41003.0,0.0,0.0,713.5718354056288,1.0542168674698795,657,649,7,0,642,637,92101,15,0,0,15,12
2020-11-19,US,Oregon,Clackamas,4945,76,0,45.18787398,-122.2179634,41005.0,0.0,0.0,1182.4853474641727,1.5369059656218402,4869,4823,75,0,4748,4745,416075,122,1,0,121,78
2020-11-19,US,Oregon,Clatsop,313,0,0,45.99712889,-123.660711,41007.0,0.0,0.0,778.1424025457437,0.0,313,311,0,0,311,308,39764,2,0,0,2,3
2020-11-19,US,Oregon,Columbia,385,2,0,45.94464254,-123.08908980000001,41009.0,0.0,0.0,735.3783856056842,0.5194805194805194,383,371,2,0,369,365,52377,14,0,0,14,6
2020-11-19,US,Oregon,Coos,360,1,0,43.17406868,-124.0594514,41011.0,0.0,0.0,558.2520508009367,0.2777777777777778,359,352,1,0,351,347,64389,8,0,0,8,5
2020-11-19,US,Oregon,Crook,180,6,0,44.14230227,-120.356297,41013.0,0.0,0.0,737.5840026225209,3.333333333333333,174,174,6,0,168,168,23867,6,0,0,6,6
2020-11-19,US,Oregon,Curry,96,2,0,42.45911325,-124.15728200000001,41015.0,0.0,0.0,418.7568157033807,2.083333333333333,94,90,2,0,88,87,22813,6,0,0,6,3
2020-11-19,US,Oregon,Deschutes,1781,14,0,43.91570171,-121.2289121,41017.0,0.0,0.0,900.8963438075392,0.7860752386299832,1767,1751,14,0,1737,1711,191996,30,0,0,30,40
2020-11-19,US,Oregon,Douglas,718,13,0,43.27941273,-123.16729099999999,41019.0,0.0,0.0,646.9634168318618,1.8105849582172704,705,697,12,0,685,665,110283,21,1,0,20,32
2020-11-19,US,Oregon,Gilliam,21,0,0,45.37160076,-120.20488689999999,41021.0,0.0,0.0,1098.326359832636,0.0,21,21,0,0,21,19,1894,0,0,0,0,2
2020-11-19,US,Oregon,Grant,74,1,0,44.49024544,-119.0068631,41023.0,0.0,0.0,1027.9205445200723,1.351351351351351,73,71,0,0,71,66,7176,3,1,0,2,5
2020-11-19,US,Oregon,Harney,78,0,0,43.06422669,-118.96663059999999,41025.0,0.0,0.0,1055.052076288381,0.0,78,73,0,0,73,70,7329,5,0,0,5,3
2020-11-19,US,Oregon,Hood River,346,1,0,45.51872811,-121.65520359999998,41027.0,0.0,0.0,1479.7707638354289,0.28901734104046245,345,338,1,0,337,327,23428,8,0,0,8,11
2020-11-19,US,Oregon,Jackson,3156,19,0,42.43201126,-122.72893090000001,41029.0,0.0,0.0,1428.416250271562,0.6020278833967047,3137,3067,11,0,3056,2959,219564,89,8,0,81,108
2020-11-19,US,Oregon,Jefferson,738,11,0,44.62806839,-121.17832,41031.0,0.0,0.0,2992.9434666234083,1.4905149051490514,727,728,11,0,717,713,24192,10,0,0,10,15
2020-11-19,US,Oregon,Josephine,383,4,0,42.3665549,-123.5561938,41033.0,0.0,0.0,437.779327214329,1.0443864229765014,379,370,4,0,366,350,87393,13,0,0,13,20
2020-11-19,US,Oregon,Klamath,573,3,0,42.68762984,-121.64964609999998,41035.0,0.0,0.0,839.7080805416336,0.5235602094240838,570,553,3,0,550,553,67653,20,0,0,20,0
2020-11-19,US,Oregon,Lake,82,0,0,42.79246693,-120.38501629999999,41037.0,0.0,0.0,1042.063794637184,0.0,82,77,0,0,77,69,7879,5,0,0,5,8
2020-11-19,US,Oregon,Lane,3582,37,0,43.93727035,-122.847753,41039.0,0.0,0.0,937.5318988554365,1.0329424902289224,3545,3461,36,0,3425,3341,379611,121,1,0,120,120
2020-11-19,US,Oregon,Lincoln,552,13,0,44.64252874,-123.86991200000001,41041.0,0.0,0.0,1104.839678155398,2.355072463768116,539,551,13,0,538,546,49388,1,0,0,1,5
2020-11-19,US,Oregon,Linn,1162,18,0,44.48899494,-122.53731540000001,41043.0,0.0,0.0,895.5753030851877,1.5490533562822721,1144,1153,18,0,1135,1122,127335,9,0,0,9,31
2020-11-19,US,Oregon,Malheur,2242,39,0,43.1937027,-117.62273950000001,41045.0,0.0,0.0,7333.747669359851,1.7395182872435326,2203,2221,38,0,2183,2188,30725,21,1,0,20,33
2020-11-19,US,Oregon,Marion,7914,127,0,44.90287942,-122.58151170000001,41047.0,0.0,0.0,2275.327901373707,1.6047510740459945,7787,7830,127,0,7703,7747,346868,84,0,0,84,83
2020-11-19,US,Oregon,Morrow,598,7,0,45.41846568,-119.584546,41049.0,0.0,0.0,5153.839524260967,1.1705685618729098,591,597,7,0,590,595,11372,1,0,0,1,2
2020-11-19,US,Oregon,Multnomah,13725,208,0,45.54747959,-122.4169351,41051.0,0.0,0.0,1688.4930276617602,1.5154826958105647,13517,13350,203,0,13147,13138,811880,375,5,0,370,212
2020-11-19,US,Oregon,Polk,961,15,0,44.90322804,-123.4128888,41053.0,0.0,0.0,1116.3385026427368,1.5608740894901143,946,940,15,0,925,930,85234,21,0,0,21,10
2020-11-19,US,Oregon,Sherman,23,0,0,45.41501554,-120.6827834,41055.0,0.0,0.0,1292.134831460674,0.0,23,23,0,0,23,23,1708,0,0,0,0,0
2020-11-19,US,Oregon,Tillamook,109,0,0,45.46248721,-123.712066,41057.0,0.0,0.0,403.1661488385857,0.0,109,109,0,0,109,105,26787,0,0,0,0,4
2020-11-19,US,Oregon,Umatilla,3969,48,0,45.59073056,-118.7353826,41059.0,0.0,0.0,5091.7254650416935,1.2093726379440666,3921,3952,48,0,3904,3924,77516,17,0,0,17,28
2020-11-19,US,Oregon,Union,638,2,0,45.30915495,-118.0068979,41061.0,0.0,0.0,2377.4920812371897,0.31347962382445144,636,630,2,0,628,627,26461,8,0,0,8,3
2020-11-19,US,Oregon,Wallowa,70,2,0,45.57894064,-117.18353799999998,41063.0,0.0,0.0,971.1431742508323,2.8571428571428568,68,70,2,0,68,70,7081,0,0,0,0,0
2020-11-19,US,Oregon,Wasco,434,18,0,45.16292781,-121.16709540000001,41065.0,0.0,0.0,1626.5647252829626,4.147465437788019,416,426,17,0,409,422,26505,8,1,0,7,4
2020-11-19,US,Oregon,Washington,8313,95,0,45.55972701,-123.0955257,41067.0,0.0,0.0,1381.8335350204127,1.1427884037050402,8218,8191,94,0,8097,8020,597695,122,1,0,121,171
2020-11-19,US,Oregon,Wheeler,1,0,0,44.72698162,-120.02814270000002,41069.0,0.0,0.0,75.07507507507508,0.0,1,1,0,0,1,1,1366,0,0,0,0,0
2020-11-19,US,Oregon,Yamhill,1447,16,0,45.23330449,-123.3086963,41071.0,0.0,0.0,1351.0737628384684,1.10573600552868,1431,1412,16,0,1396,1385,107002,35,0,0,35,27
2020-11-19,US,Pennsylvania,Adams,1611,42,0,39.87140411,-77.21610347,42001.0,0.0,0.0,1563.941014862779,2.60707635009311,1569,1587,40,0,1547,1552,102811,24,2,0,22,35
2020-11-19,US,Pennsylvania,Allegheny,22043,462,0,40.46809875,-79.98167747,42003.0,0.0,0.0,1812.679629454502,2.0959034614163228,21581,21434,453,0,20981,20814,1218452,609,9,0,600,620
2020-11-19,US,Pennsylvania,Armstrong,1395,32,0,40.81665618,-79.46290811,42005.0,0.0,0.0,2154.939368193404,2.2939068100358417,1363,1331,32,0,1299,1277,65263,64,0,0,64,54
2020-11-19,US,Pennsylvania,Beaver,3102,145,0,40.6825484,-80.34921611,42007.0,0.0,0.0,1892.282634555204,4.674403610573823,2957,3012,144,0,2868,2916,164742,90,1,0,89,96
2020-11-19,US,Pennsylvania,Bedford,1069,12,0,40.00522157,-78.48998442,42009.0,0.0,0.0,2232.292014700969,1.1225444340505144,1057,1026,11,0,1015,982,48176,43,1,0,42,44
2020-11-19,US,Pennsylvania,Berks,12082,449,0,40.41570541,-75.92457766,42011.0,0.0,0.0,2868.716224558604,3.7162721403741097,11633,11888,445,0,11443,11709,420152,194,4,0,190,179
2020-11-19,US,Pennsylvania,Blair,2872,45,0,40.47961444,-78.34917412,42013.0,0.0,0.0,2357.40258887457,1.5668523676880224,2827,2748,43,0,2705,2676,122492,124,2,0,122,72
2020-11-19,US,Pennsylvania,Bradford,1550,29,0,41.78869215,-76.51570822,42015.0,0.0,0.0,2569.500853737381,1.870967741935484,1521,1493,29,0,1464,1439,60833,57,0,0,57,54
2020-11-19,US,Pennsylvania,Bucks,14076,646,0,40.33682119,-75.10836643,42017.0,0.0,0.0,2240.438028236268,4.5893719806763285,13430,13686,641,0,13045,13518,628195,390,5,0,385,168
2020-11-19,US,Pennsylvania,Butler,3313,52,0,40.91152759,-79.91351055,42019.0,0.0,0.0,1763.6130378540668,1.5695744038635675,3261,3218,48,0,3170,3108,187888,95,4,0,91,110
2020-11-19,US,Pennsylvania,Cambria,2663,28,0,40.49527404,-78.71377428,42021.0,0.0,0.0,2045.4405800663635,1.0514457378895985,2635,2530,25,0,2505,2359,131730,133,3,0,130,171
2020-11-19,US,Pennsylvania,Cameron,17,0,0,41.43625568,-78.20376845,42023.0,0.0,0.0,382.2801888913874,0.0,17,17,0,0,17,16,4492,0,0,0,0,1
2020-11-19,US,Pennsylvania,Carbon,979,40,0,40.91545395,-75.7068525,42025.0,0.0,0.0,1525.3497865445138,4.085801838610827,939,949,40,0,909,919,64227,30,0,0,30,30
2020-11-19,US,Pennsylvania,Centre,5411,28,0,40.92058903,-77.82200624,42027.0,0.0,0.0,3332.2043292176,0.517464424320828,5383,5329,25,0,5304,5240,162805,82,3,0,79,89
2020-11-19,US,Pennsylvania,Chester,10351,388,0,39.97291773,-75.74768357,42029.0,0.0,0.0,1971.6603585979892,3.748430103371655,9963,10141,388,0,9753,9999,522046,210,0,0,210,142
2020-11-19,US,Pennsylvania,Clarion,599,6,0,41.19265812,-79.42413524,42031.0,0.0,0.0,1558.3537124720328,1.001669449081803,593,570,6,0,564,556,38779,29,0,0,29,14
2020-11-19,US,Pennsylvania,Clearfield,1015,8,0,41.00110782,-78.47592663,42033.0,0.0,0.0,1280.6762980253611,0.7881773399014779,1007,975,8,0,967,909,79388,40,0,0,40,66
2020-11-19,US,Pennsylvania,Clinton,468,9,0,41.23255967,-77.63785995,42035.0,0.0,0.0,1211.4309380824188,1.9230769230769231,459,452,9,0,443,421,38684,16,0,0,16,31
2020-11-19,US,Pennsylvania,Columbia,1284,45,0,41.04821986,-76.40565017,42037.0,0.0,0.0,1976.479280832461,3.504672897196261,1239,1275,45,0,1230,1257,65456,9,0,0,9,18
2020-11-19,US,Pennsylvania,Crawford,1310,9,0,41.68447709,-80.10760592,42039.0,0.0,0.0,1547.9327417315576,0.6870229007633588,1301,1241,8,0,1233,1178,85063,69,1,0,68,63
2020-11-19,US,Pennsylvania,Cumberland,3933,95,0,40.1625372,-77.26130755,42041.0,0.0,0.0,1552.2753285708648,2.415458937198068,3838,3821,91,0,3730,3647,251423,112,4,0,108,174
2020-11-19,US,Pennsylvania,Dauphin,6514,209,0,40.41377078,-76.77993242,42043.0,0.0,0.0,2340.648008077643,3.2084740558796434,6305,6365,206,0,6159,6256,277097,149,3,0,146,109
2020-11-19,US,Pennsylvania,Delaware,17625,783,0,39.91680171,-75.40243663,42045.0,0.0,0.0,3109.8532502157045,4.4425531914893615,16842,17294,781,0,16513,16963,564751,331,2,0,329,331
2020-11-19,US,Pennsylvania,Elk,393,3,0,41.42822061,-78.64524744,42047.0,0.0,0.0,1313.9418254764294,0.7633587786259542,390,383,3,0,380,377,30169,10,0,0,10,6
2020-11-19,US,Pennsylvania,Erie,3899,46,0,41.99253829,-80.03301954,42049.0,0.0,0.0,1445.5303120180329,1.1797896896640163,3853,3764,46,0,3718,3630,272061,135,0,0,135,134
2020-11-19,US,Pennsylvania,Fayette,1547,17,0,39.92041012,-79.64291195,42051.0,0.0,0.0,1196.6830143725729,1.0989010989010992,1530,1502,17,0,1485,1428,130441,45,0,0,45,74
2020-11-19,US,Pennsylvania,Forest,31,1,0,41.51095103,-79.23229292,42053.0,0.0,0.0,427.7632123637367,3.2258064516129035,30,29,1,0,28,29,7279,2,0,0,2,0
2020-11-19,US,Pennsylvania,Franklin,3508,87,0,39.92956518,-77.72157791,42055.0,0.0,0.0,2262.831635779574,2.480045610034208,3421,3425,84,0,3341,3258,154835,83,3,0,80,167
2020-11-19,US,Pennsylvania,Fulton,191,4,0,39.92913544,-78.11163677,42057.0,0.0,0.0,1314.5216792842396,2.094240837696335,187,183,4,0,179,172,14523,8,0,0,8,11
2020-11-19,US,Pennsylvania,Greene,529,1,0,39.85746531,-80.22357106,42059.0,0.0,0.0,1459.9950321530096,0.1890359168241966,528,507,1,0,506,473,36506,22,0,0,22,34
2020-11-19,US,Pennsylvania,Huntingdon,1461,43,0,40.42162652,-77.97673273,42061.0,0.0,0.0,3236.310473152578,2.943189596167009,1418,1439,40,0,1399,1415,45168,22,3,0,19,24
2020-11-19,US,Pennsylvania,Indiana,1998,29,0,40.65241041,-79.08963285,42063.0,0.0,0.0,2376.5061315761304,1.4514514514514514,1969,1936,27,0,1909,1861,84501,62,2,0,60,75
2020-11-19,US,Pennsylvania,Jefferson,492,4,0,41.12913106,-78.9986361,42065.0,0.0,0.0,1132.9879101899828,0.8130081300813008,488,470,4,0,466,446,43641,22,0,0,22,24
2020-11-19,US,Pennsylvania,Juniata,518,11,0,40.53358749,-77.39975129999998,42067.0,0.0,0.0,2091.8305536485886,2.123552123552124,507,494,11,0,483,459,24704,24,0,0,24,35
2020-11-19,US,Pennsylvania,Lackawanna,4539,229,0,41.43564672,-75.60379201,42069.0,0.0,0.0,2164.789148869197,5.045164133068958,4310,4465,229,0,4236,4415,210793,74,0,0,74,50
2020-11-19,US,Pennsylvania,Lancaster,13221,502,0,40.03904563,-76.24770128,42071.0,0.0,0.0,2422.6532093145984,3.796989637697602,12719,12853,499,0,12354,12603,543557,368,3,0,365,250
2020-11-19,US,Pennsylvania,Lawrence,1725,59,0,40.99206278,-80.33393706,42073.0,0.0,0.0,2017.2607353353915,3.420289855072464,1666,1686,58,0,1628,1645,86184,39,1,0,38,41
2020-11-19,US,Pennsylvania,Lebanon,4361,92,0,40.36680311,-76.45651841,42075.0,0.0,0.0,3075.6102205327484,2.10960788809906,4269,4279,89,0,4190,4189,141314,82,3,0,79,90
2020-11-19,US,Pennsylvania,Lehigh,9183,376,0,40.6154815,-75.59435245,42077.0,0.0,0.0,2486.47507026465,4.0945224872046175,8807,8970,374,0,8596,8831,368100,213,2,0,211,139
2020-11-19,US,Pennsylvania,Luzerne,7736,238,0,41.17823008,-75.98447579,42079.0,0.0,0.0,2437.172552194747,3.0765253360910028,7498,7555,236,0,7319,7327,317646,181,2,0,179,228
2020-11-19,US,Pennsylvania,Lycoming,1533,34,0,41.34310539,-77.06629984,42081.0,0.0,0.0,1353.0569554894569,2.2178734507501634,1499,1463,33,0,1430,1398,113664,70,1,0,69,65
2020-11-19,US,Pennsylvania,McKean,327,3,0,41.80938602,-78.56478358,42083.0,0.0,0.0,804.9230769230769,0.9174311926605504,324,302,2,0,300,300,40968,25,1,0,24,2
2020-11-19,US,Pennsylvania,Mercer,2142,32,0,41.30248872,-80.25816981,42085.0,0.0,0.0,1957.523029682702,1.4939309056956116,2110,2084,31,0,2053,1973,110683,58,1,0,57,111
2020-11-19,US,Pennsylvania,Mifflin,1136,12,0,40.61116939,-77.61070738,42087.0,0.0,0.0,2462.1786813472627,1.056338028169014,1124,1048,10,0,1038,961,46222,88,2,0,86,87
2020-11-19,US,Pennsylvania,Monroe,2728,137,0,41.05934058,-75.34031025,42089.0,0.0,0.0,1602.1518637935997,5.021994134897361,2591,2659,137,0,2522,2631,169507,69,0,0,69,28
2020-11-19,US,Pennsylvania,Montgomery,18516,914,0,40.21053671,-75.36652296,42091.0,0.0,0.0,2228.386778431007,4.936271332901273,17602,18155,909,0,17246,17892,828604,361,5,0,356,263
2020-11-19,US,Pennsylvania,Montour,394,14,0,41.03023987,-76.66345939,42093.0,0.0,0.0,2161.272627537027,3.5532994923857872,380,392,14,0,378,378,18240,2,0,0,2,14
2020-11-19,US,Pennsylvania,Northampton,7311,324,0,40.75182733,-75.30471829,42095.0,0.0,0.0,2394.8114057356242,4.431678292983175,6987,7143,324,0,6819,7013,304807,168,0,0,168,130
2020-11-19,US,Pennsylvania,Northumberland,2081,120,0,40.84785433,-76.70798222,42097.0,0.0,0.0,2290.765386435939,5.766458433445458,1961,2057,119,0,1938,1999,91083,24,1,0,23,58
2020-11-19,US,Pennsylvania,Perry,530,9,0,40.40206612,-77.26297447,42099.0,0.0,0.0,1145.4011065006916,1.69811320754717,521,519,8,0,511,498,46139,11,1,0,10,21
2020-11-19,US,Pennsylvania,Philadelphia,58012,1945,0,40.00338507,-75.1379271,42101.0,0.0,0.0,3662.225768655812,3.3527546024960357,56067,57201,1942,0,55259,56372,1584138,811,3,0,808,829
2020-11-19,US,Pennsylvania,Pike,768,23,0,41.33155042,-75.03208106,42103.0,0.0,0.0,1376.1221308391116,2.9947916666666665,745,751,23,0,728,745,55933,17,0,0,17,6
2020-11-19,US,Pennsylvania,Potter,123,3,0,41.74471626,-77.89559864,42105.0,0.0,0.0,744.2817378676027,2.4390243902439024,120,118,3,0,115,110,16622,5,0,0,5,8
2020-11-19,US,Pennsylvania,Schuylkill,3175,144,0,40.70497338,-76.2150785,42107.0,0.0,0.0,2246.054372201275,4.535433070866142,3031,3121,139,0,2982,3051,142067,54,5,0,49,70
2020-11-19,US,Pennsylvania,Snyder,796,19,0,40.77129231,-77.06840691,42109.0,0.0,0.0,1971.6635291786386,2.386934673366834,777,778,18,0,760,757,40540,18,1,0,17,21
2020-11-19,US,Pennsylvania,Somerset,1102,9,0,39.97172723,-79.02699593,42111.0,0.0,0.0,1500.4016501695098,0.8166969147005445,1093,1045,8,0,1037,963,73952,57,1,0,56,82
2020-11-19,US,Pennsylvania,Sullivan,39,1,0,41.44634738,-76.51246591,42113.0,0.0,0.0,642.9277942631059,2.5641025641025643,38,39,1,0,38,34,6071,0,0,0,0,5
2020-11-19,US,Pennsylvania,Susquehanna,509,31,0,41.82147784,-75.80071959,42115.0,0.0,0.0,1262.1503669906765,6.090373280943027,478,504,31,0,473,500,40589,5,0,0,5,4
2020-11-19,US,Pennsylvania,Tioga,633,7,0,41.77255149,-77.25433032,42117.0,0.0,0.0,1559.458993372915,1.1058451816745656,626,619,7,0,612,583,40763,14,0,0,14,36
2020-11-19,US,Pennsylvania,Union,1084,14,0,40.96188846,-77.05996014,42119.0,0.0,0.0,2413.017830509984,1.2915129151291511,1070,1041,13,0,1028,1031,44785,43,1,0,42,10
2020-11-19,US,Pennsylvania,Venango,651,4,0,41.40323442,-79.75845449,42121.0,0.0,0.0,1284.8346096155365,0.6144393241167435,647,615,1,0,614,590,51266,36,3,0,33,25
2020-11-19,US,Pennsylvania,Warren,132,1,0,41.81304978,-79.26969577,42123.0,0.0,0.0,336.81202316858463,0.7575757575757576,131,124,1,0,123,118,39498,8,0,0,8,6
2020-11-19,US,Pennsylvania,Washington,3493,56,0,40.19208869,-80.24582867,42125.0,0.0,0.0,1688.5408358107943,1.6032064128256514,3437,3340,53,0,3287,3223,207346,153,3,0,150,117
2020-11-19,US,Pennsylvania,Wayne,370,12,0,41.64938475,-75.29956506,42127.0,0.0,0.0,720.3909581199742,3.2432432432432434,358,360,12,0,348,357,51276,10,0,0,10,3
2020-11-19,US,Pennsylvania,Westmoreland,6908,150,0,40.31377979999999,-79.46615476,42129.0,0.0,0.0,1979.942619497333,2.1713954834973945,6758,6649,143,0,6506,6421,350611,259,7,0,252,228
2020-11-19,US,Pennsylvania,Wyoming,362,16,0,41.51955538,-76.01074915,42131.0,0.0,0.0,1351.0487422557292,4.419889502762431,346,344,13,0,331,336,27046,18,3,0,15,8
2020-11-19,US,Pennsylvania,York,8825,231,0,39.9210089,-76.73040131,42133.0,0.0,0.0,1965.224982073585,2.6175637393767706,8594,8632,227,0,8405,8454,448273,193,4,0,189,178
2020-11-19,US,Puerto Rico,Adjuntas,137,0,0,18.180117000000006,-66.754367,72001.0,0.0,0.0,789.0341530841445,0.0,137,136,0,0,136,136,,1,0,0,1,0
2020-11-19,US,Puerto Rico,Aguada,341,0,0,18.360255,-67.17513100000001,72003.0,0.0,0.0,929.3072436910668,0.0,341,320,0,0,320,314,,21,0,0,21,6
2020-11-19,US,Puerto Rico,Aguadilla,410,0,0,18.459681,-67.12081500000001,72005.0,0.0,0.0,815.6769123644682,0.0,410,408,0,0,408,398,,2,0,0,2,10
2020-11-19,US,Puerto Rico,Aguas Buenas,289,0,0,18.251619,-66.126806,72007.0,0.0,0.0,1164.6651084065447,0.0,289,278,0,0,278,277,,11,0,0,11,1
2020-11-19,US,Puerto Rico,Aibonito,127,0,0,18.131361,-66.264131,72009.0,0.0,0.0,574.4526868102045,0.0,127,122,0,0,122,121,,5,0,0,5,1
2020-11-19,US,Puerto Rico,Anasco,231,0,0,18.287985,-67.120611,72011.0,0.0,0.0,882.9937693513243,0.0,231,228,0,0,228,226,,3,0,0,3,2
2020-11-19,US,Puerto Rico,Arecibo,807,0,0,18.406631,-66.675077,72013.0,0.0,0.0,984.5545714076567,0.0,807,794,0,0,794,769,,13,0,0,13,25
2020-11-19,US,Puerto Rico,Arroyo,69,0,0,17.998457000000005,-66.056546,72015.0,0.0,0.0,400.2784545770971,0.0,69,69,0,0,69,69,,0,0,0,0,0
2020-11-19,US,Puerto Rico,Barceloneta,231,0,0,18.445532999999998,-66.56053100000001,72017.0,0.0,0.0,973.5744089012517,0.0,231,228,0,0,228,227,,3,0,0,3,1
2020-11-19,US,Puerto Rico,Barranquitas,368,0,0,18.201592,-66.30963,72019.0,0.0,0.0,1327.321911632101,0.0,368,360,0,0,360,359,,8,0,0,8,1
2020-11-19,US,Puerto Rico,Bayamon,3577,0,0,18.34946,-66.168435,72021.0,0.0,0.0,2113.2044260910147,0.0,3577,3552,0,0,3552,3535,,25,0,0,25,17
2020-11-19,US,Puerto Rico,Cabo Rojo,233,0,0,18.040993,-67.154391,72023.0,0.0,0.0,490.3714616436915,0.0,233,232,0,0,232,232,,1,0,0,1,0
2020-11-19,US,Puerto Rico,Caguas,1768,0,0,18.211615,-66.050779,72025.0,0.0,0.0,1418.8722854437185,0.0,1768,1747,0,0,1747,1739,,21,0,0,21,8
2020-11-19,US,Puerto Rico,Camuy,314,0,0,18.418578,-66.860206,72027.0,0.0,0.0,1029.3731969577761,0.0,314,302,0,0,302,296,,12,0,0,12,6
2020-11-19,US,Puerto Rico,Canovanas,635,0,0,18.328802,-65.887612,72029.0,0.0,0.0,1421.408425482383,0.0,635,631,0,0,631,627,,4,0,0,4,4
2020-11-19,US,Puerto Rico,Carolina,3144,0,0,18.374986,-65.95683100000001,72031.0,0.0,0.0,2139.008327437,0.0,3144,3124,0,0,3124,3111,,20,0,0,20,13
2020-11-19,US,Puerto Rico,Catano,420,0,0,18.437269,-66.14330600000001,72033.0,0.0,0.0,1816.5304268846505,0.0,420,420,0,0,420,420,,0,0,0,0,0
2020-11-19,US,Puerto Rico,Cayey,282,0,0,18.102851,-66.14914,72035.0,0.0,0.0,664.9531938975217,0.0,282,274,0,0,274,274,,8,0,0,8,0
2020-11-19,US,Puerto Rico,Ceiba,93,0,0,18.251818,-65.666416,72037.0,0.0,0.0,852.8980190755686,0.0,93,93,0,0,93,93,,0,0,0,0,0
2020-11-19,US,Puerto Rico,Ciales,276,0,0,18.28885,-66.516475,72039.0,0.0,0.0,1745.9514170040484,0.0,276,273,0,0,273,270,,3,0,0,3,3
2020-11-19,US,Puerto Rico,Cidra,328,0,0,18.173559,-66.161179,72041.0,0.0,0.0,856.2403738220169,0.0,328,320,0,0,320,319,,8,0,0,8,1
2020-11-19,US,Puerto Rico,Coamo,212,0,0,18.097597,-66.36014,72043.0,0.0,0.0,553.0050083472454,0.0,212,210,0,0,210,207,,2,0,0,2,3
2020-11-19,US,Puerto Rico,Comerio,195,0,0,18.224687,-66.221622,72045.0,0.0,0.0,1045.6885456885457,0.0,195,184,0,0,184,182,,11,0,0,11,2
2020-11-19,US,Puerto Rico,Corozal,546,0,0,18.304264,-66.327738,72047.0,0.0,0.0,1690.7688972842413,0.0,546,545,0,0,545,536,,1,0,0,1,9
2020-11-19,US,Puerto Rico,Culebra,20,0,0,18.31586,-65.28813000000001,72049.0,0.0,0.0,1166.8611435239204,0.0,20,19,0,0,19,19,,1,0,0,1,0
2020-11-19,US,Puerto Rico,Dorado,693,0,0,18.436115,-66.278669,72051.0,0.0,0.0,1917.4898314933173,0.0,693,690,0,0,690,682,,3,0,0,3,8
2020-11-19,US,Puerto Rico,Fajardo,369,0,0,18.318373,-65.666866,72053.0,0.0,0.0,1252.800977795885,0.0,369,366,0,0,366,366,,3,0,0,3,0
2020-11-19,US,Puerto Rico,Florida,162,0,0,18.373715,-66.560488,72054.0,0.0,0.0,1431.4747724662009,0.0,162,161,0,0,161,149,,1,0,0,1,12
2020-11-19,US,Puerto Rico,Guanica,78,0,0,17.982429,-66.91964300000001,72055.0,0.0,0.0,507.053240590262,0.0,78,76,0,0,76,76,,2,0,0,2,0
2020-11-19,US,Puerto Rico,Guayama,210,0,0,18.007516,-66.13390799999999,72057.0,0.0,0.0,532.117065754466,0.0,210,205,0,0,205,204,,5,0,0,5,1
2020-11-19,US,Puerto Rico,Guayanilla,99,0,0,18.039942,-66.79186,72059.0,0.0,0.0,561.7658741417466,0.0,99,98,0,0,98,98,,1,0,0,1,0
2020-11-19,US,Puerto Rico,Guaynabo,1679,0,0,18.345114000000002,-66.11452299999999,72061.0,0.0,0.0,2005.3028855341104,0.0,1679,1665,0,0,1665,1661,,14,0,0,14,4
2020-11-19,US,Puerto Rico,Gurabo,599,0,0,18.266461,-65.97970500000001,72063.0,0.0,0.0,1271.9512454080225,0.0,599,592,0,0,592,587,,7,0,0,7,5
2020-11-19,US,Puerto Rico,Hatillo,297,0,0,18.410928,-66.79632600000001,72065.0,0.0,0.0,757.3053189861798,0.0,297,293,0,0,293,293,,4,0,0,4,0
2020-11-19,US,Puerto Rico,Hormigueros,144,0,0,18.134532,-67.113972,72067.0,0.0,0.0,927.9546333290373,0.0,144,141,0,0,141,141,,3,0,0,3,0
2020-11-19,US,Puerto Rico,Humacao,482,0,0,18.145211,-65.810174,72069.0,0.0,0.0,951.5724636250568,0.0,482,480,0,0,480,475,,2,0,0,2,5
2020-11-19,US,Puerto Rico,Isabela,308,0,0,18.44981,-67.005093,72071.0,0.0,0.0,761.9424585013483,0.0,308,298,0,0,298,295,,10,0,0,10,3
2020-11-19,US,Puerto Rico,Jayuya,115,0,0,18.211446,-66.58878,72073.0,0.0,0.0,827.8741631272046,0.0,115,114,0,0,114,114,,1,0,0,1,0
2020-11-19,US,Puerto Rico,Juana Diaz,301,0,0,18.050764,-66.49458100000001,72075.0,0.0,0.0,673.6945768705657,0.0,301,290,0,0,290,279,,11,0,0,11,11
2020-11-19,US,Puerto Rico,Juncos,471,0,0,18.223793,-65.909109,72077.0,0.0,0.0,1234.438474642904,0.0,471,455,0,0,455,451,,16,0,0,16,4
2020-11-19,US,Puerto Rico,Lajas,78,0,0,18.011661,-67.040585,72079.0,0.0,0.0,354.38437074057254,0.0,78,76,0,0,76,76,,2,0,0,2,0
2020-11-19,US,Puerto Rico,Lares,225,0,0,18.269035000000002,-66.867236,72081.0,0.0,0.0,926.8413247652002,0.0,225,222,0,0,222,221,,3,0,0,3,1
2020-11-19,US,Puerto Rico,Las Marias,75,0,0,18.23679,-66.98362,72083.0,0.0,0.0,946.1334678945376,0.0,75,65,0,0,65,64,,10,0,0,10,1
2020-11-19,US,Puerto Rico,Las Piedras,465,0,0,18.187527,-65.86946800000001,72085.0,0.0,0.0,1256.5190369389575,0.0,465,447,0,0,447,444,,18,0,0,18,3
2020-11-19,US,Puerto Rico,Loiza,310,0,0,18.425688,-65.89943000000001,72087.0,0.0,0.0,1262.5748381053231,0.0,310,304,0,0,304,298,,6,0,0,6,6
2020-11-19,US,Puerto Rico,Luquillo,186,0,0,18.342114000000002,-65.72509699999999,72089.0,0.0,0.0,1052.929521652986,0.0,186,185,0,0,185,184,,1,0,0,1,1
2020-11-19,US,Puerto Rico,Manati,421,0,0,18.420473,-66.490461,72091.0,0.0,0.0,1129.0798401587685,0.0,421,416,0,0,416,407,,5,0,0,5,9
2020-11-19,US,Puerto Rico,Maricao,50,0,0,18.171795,-66.942126,72093.0,0.0,0.0,920.8103130755064,0.0,50,50,0,0,50,50,,0,0,0,0,0
2020-11-19,US,Puerto Rico,Maunabo,77,0,0,18.017889,-65.922235,72095.0,0.0,0.0,746.0517391725607,0.0,77,77,0,0,77,77,,0,0,0,0,0
2020-11-19,US,Puerto Rico,Mayaguez,598,0,0,18.2013,-67.1452,72097.0,0.0,0.0,836.0128617363347,0.0,598,594,0,0,594,586,,4,0,0,4,8
2020-11-19,US,Puerto Rico,Moca,360,0,0,18.377805,-67.080952,72099.0,0.0,0.0,1031.7847009257403,0.0,360,354,0,0,354,343,,6,0,0,6,11
2020-11-19,US,Puerto Rico,Morovis,453,0,0,18.316963,-66.420383,72101.0,0.0,0.0,1493.3245426075491,0.0,453,445,0,0,445,439,,8,0,0,8,6
2020-11-19,US,Puerto Rico,Naguabo,297,0,0,18.230636999999998,-65.753897,72103.0,0.0,0.0,1152.9055549085824,0.0,297,293,0,0,293,293,,4,0,0,4,0
2020-11-19,US,Puerto Rico,Naranjito,463,0,0,18.288019,-66.252703,72105.0,0.0,0.0,1692.9320998939636,0.0,463,461,0,0,461,460,,2,0,0,2,1
2020-11-19,US,Puerto Rico,Orocovis,290,0,0,18.215046,-66.433604,72107.0,0.0,0.0,1434.2235410484668,0.0,290,283,0,0,283,283,,7,0,0,7,0
2020-11-19,US,Puerto Rico,Out of PR,170,0,0,0.0,0.0,72888.0,0.0,0.0,0.0,0.0,170,170,0,0,170,169,,0,0,0,0,1
2020-11-19,US,Puerto Rico,Patillas,82,0,0,18.03174,-66.012242,72109.0,0.0,0.0,505.82937511566223,0.0,82,80,0,0,80,80,,2,0,0,2,0
2020-11-19,US,Puerto Rico,Penuelas,112,0,0,18.059645,-66.721572,72111.0,0.0,0.0,581.8484077094913,0.0,112,110,0,0,110,108,,2,0,0,2,2
2020-11-19,US,Puerto Rico,Ponce,771,0,0,18.059498,-66.613748,72113.0,0.0,0.0,584.6179510316118,0.0,771,763,0,0,763,762,,8,0,0,8,1
2020-11-19,US,Puerto Rico,Quebradillas,237,0,0,18.439692,-66.926113,72115.0,0.0,0.0,1034.1216511039356,0.0,237,234,0,0,234,233,,3,0,0,3,1
2020-11-19,US,Puerto Rico,Rincon,135,0,0,18.335442999999998,-67.23174,72117.0,0.0,0.0,988.5764499121266,0.0,135,135,0,0,135,134,,0,0,0,0,1
2020-11-19,US,Puerto Rico,Rio Grande,588,0,0,18.346329,-65.813742,72119.0,0.0,0.0,1224.3623112962,0.0,588,581,0,0,581,581,,7,0,0,7,0
2020-11-19,US,Puerto Rico,Sabana Grande,102,0,0,18.08282,-66.943758,72121.0,0.0,0.0,469.7862932940308,0.0,102,102,0,0,102,101,,0,0,0,0,1
2020-11-19,US,Puerto Rico,Salinas,202,0,0,18.010386999999994,-66.256592,72123.0,0.0,0.0,744.6181067531703,0.0,202,180,0,0,180,176,,22,0,0,22,4
2020-11-19,US,Puerto Rico,San German,172,0,0,18.111484,-67.03858100000001,72125.0,0.0,0.0,569.0276904754028,0.0,172,168,0,0,168,167,,4,0,0,4,1
2020-11-19,US,Puerto Rico,San Juan,7767,0,0,18.386933,-66.061128,72127.0,0.0,0.0,2439.070345841145,0.0,7767,7708,0,0,7708,7686,,59,0,0,59,22
2020-11-19,US,Puerto Rico,San Lorenzo,564,0,0,18.147987,-65.976392,72129.0,0.0,0.0,1567.145516685654,0.0,564,562,0,0,562,561,,2,0,0,2,1
2020-11-19,US,Puerto Rico,San Sebastian,379,0,0,18.328646,-66.971214,72131.0,0.0,0.0,1066.764242287773,0.0,379,378,0,0,378,358,,1,0,0,1,20
2020-11-19,US,Puerto Rico,Santa Isabel,103,0,0,17.994525,-66.388913,72133.0,0.0,0.0,485.6428874534397,0.0,103,99,0,0,99,99,,4,0,0,4,0
2020-11-19,US,Puerto Rico,Toa Alta,1325,0,0,18.362406,-66.246616,72135.0,0.0,0.0,1839.639014231169,0.0,1325,1315,0,0,1315,1304,,10,0,0,10,11
2020-11-19,US,Puerto Rico,Toa Baja,1392,0,0,18.431445999999998,-66.213553,72137.0,0.0,0.0,1874.2173930605486,0.0,1392,1382,0,0,1382,1376,,10,0,0,10,6
2020-11-19,US,Puerto Rico,Trujillo Alto,1212,0,0,18.336159,-65.99888399999999,72139.0,0.0,0.0,1903.4456764142346,0.0,1212,1207,0,0,1207,1206,,5,0,0,5,1
2020-11-19,US,Puerto Rico,Unassigned,1073,982,0,0.0,0.0,72999.0,0.0,0.0,0.0,91.51910531220877,91,1067,971,0,96,1060,,6,11,0,-5,7
2020-11-19,US,Puerto Rico,Utuado,193,0,0,18.271214,-66.702984,72141.0,0.0,0.0,704.5081219200584,0.0,193,190,0,0,190,182,,3,0,0,3,8
2020-11-19,US,Puerto Rico,Vega Alta,627,0,0,18.409346,-66.33725,72143.0,0.0,0.0,1738.7205013726739,0.0,627,615,0,0,615,611,,12,0,0,12,4
2020-11-19,US,Puerto Rico,Vega Baja,979,0,0,18.428262,-66.397924,72145.0,0.0,0.0,1957.099734122304,0.0,979,969,0,0,969,957,,10,0,0,10,12
2020-11-19,US,Puerto Rico,Vieques,24,0,0,18.123276,-65.44097099999999,72147.0,0.0,0.0,286.19127116622946,0.0,24,24,0,0,24,24,,0,0,0,0,0
2020-11-19,US,Puerto Rico,Villalba,277,0,0,18.127951,-66.473115,72149.0,0.0,0.0,1296.0883398839605,0.0,277,274,0,0,274,273,,3,0,0,3,1
2020-11-19,US,Puerto Rico,Yabucoa,265,0,0,18.070399,-65.896289,72151.0,0.0,0.0,820.8908989529767,0.0,265,264,0,0,264,260,,1,0,0,1,4
2020-11-19,US,Puerto Rico,Yauco,272,0,0,18.080374,-66.858814,72153.0,0.0,0.0,810.126582278481,0.0,272,268,0,0,268,265,,4,0,0,4,3
2020-11-19,US,Rhode Island,Bristol,1044,26,0,41.71018079,-71.28652315,44001.0,0.0,0.0,2153.509767115658,2.490421455938697,1018,1044,26,0,1018,852,48649,0,0,0,0,192
2020-11-19,US,Rhode Island,Kent,4152,133,0,41.67106337,-71.57641596,44003.0,0.0,0.0,2527.207654663648,3.2032755298651248,4019,4152,133,0,4019,3368,163861,0,0,0,0,784
2020-11-19,US,Rhode Island,Newport,1046,10,0,41.5642026,-71.26569799,44005.0,0.0,0.0,1274.335420676884,0.9560229445506692,1036,1046,10,0,1036,906,82542,0,0,0,0,140
2020-11-19,US,Rhode Island,Providence,31512,1009,0,41.87064746,-71.57753536,44007.0,0.0,0.0,4931.987961141344,3.2019548108657014,30503,31512,1009,0,30503,27808,636084,0,0,0,0,3704
2020-11-19,US,Rhode Island,Unassigned,7306,26,0,0.0,0.0,90044.0,0.0,0.0,0.0,0.3558718861209965,7280,6266,22,0,6244,9992,,1040,4,0,1036,0
2020-11-19,US,Rhode Island,Washington,1891,84,0,41.45961631,-71.61435303,44009.0,0.0,0.0,1505.8490010113314,4.442094130089901,1807,1891,84,0,1807,1602,126179,0,0,0,0,289
2020-11-19,US,South Carolina,Abbeville,887,19,0,34.22333378,-82.46170658,45001.0,0.0,0.0,3616.422717821177,2.142051860202931,868,882,19,0,863,872,24541,5,0,0,5,10
2020-11-19,US,South Carolina,Aiken,5875,95,0,33.54338026,-81.63645384,45003.0,0.0,0.0,3438.2461725736225,1.6170212765957446,5780,5840,95,0,5745,5788,169401,35,0,0,35,52
2020-11-19,US,South Carolina,Allendale,442,8,0,32.98837386,-81.35321066,45005.0,0.0,0.0,5087.476979742173,1.8099547511312215,434,442,8,0,434,442,8903,0,0,0,0,0
2020-11-19,US,South Carolina,Anderson,7273,218,0,34.51828081,-82.63959517,45007.0,0.0,0.0,3590.5765262295245,2.9973875979650764,7055,7186,215,0,6971,7129,200482,87,3,0,84,57
2020-11-19,US,South Carolina,Bamberg,716,36,0,33.21927586,-81.05659969,45009.0,0.0,0.0,5090.288639272004,5.027932960893856,680,715,36,0,679,714,14275,1,0,0,1,1
2020-11-19,US,South Carolina,Barnwell,936,26,0,33.26679302,-81.43584352,45011.0,0.0,0.0,4485.766318412729,2.7777777777777777,910,931,26,0,905,928,21112,5,0,0,5,3
2020-11-19,US,South Carolina,Beaufort,6739,94,0,32.39226291,-80.72619758,45013.0,0.0,0.0,3507.667003258346,1.3948657070782016,6645,6693,94,0,6599,6660,188715,46,0,0,46,33
2020-11-19,US,South Carolina,Berkeley,6806,102,0,33.20222596,-79.94654523,45015.0,0.0,0.0,2986.3058177238963,1.4986776373787831,6704,6774,102,0,6672,6745,221091,32,0,0,32,29
2020-11-19,US,South Carolina,Calhoun,540,18,0,33.66926881,-80.77722168,45017.0,0.0,0.0,3710.575139146568,3.333333333333333,522,537,18,0,519,533,14520,3,0,0,3,4
2020-11-19,US,South Carolina,Charleston,18954,290,0,32.82487866,-79.96512315,45019.0,0.0,0.0,4607.127752147514,1.5300200485385669,18664,18867,289,0,18578,18717,405905,87,1,0,86,150
2020-11-19,US,South Carolina,Cherokee,1906,59,0,35.05122251,-81.61828622,45021.0,0.0,0.0,3326.352530541012,3.0954879328436515,1847,1878,59,0,1819,1863,57078,28,0,0,28,15
2020-11-19,US,South Carolina,Chester,1430,32,0,34.69249168,-81.1583216,45023.0,0.0,0.0,4434.9336310631425,2.2377622377622384,1398,1412,32,0,1380,1403,32251,18,0,0,18,9
2020-11-19,US,South Carolina,Chesterfield,1672,52,0,34.64137396,-80.15640140000002,45025.0,0.0,0.0,3662.6506024096393,3.1100478468899517,1620,1659,52,0,1607,1652,45754,13,0,0,13,7
2020-11-19,US,South Carolina,Clarendon,1304,69,0,33.66610974,-80.21647898,45027.0,0.0,0.0,3864.276189065047,5.291411042944786,1235,1300,69,0,1231,1298,33700,4,0,0,4,2
2020-11-19,US,South Carolina,Colleton,1431,49,0,32.87582989,-80.67641292,45029.0,0.0,0.0,3798.07309499164,3.424178895877009,1382,1424,49,0,1375,1413,37660,7,0,0,7,11
2020-11-19,US,South Carolina,Darlington,2865,70,0,34.33358335,-79.96027485,45031.0,0.0,0.0,4300.6394668107705,2.443280977312391,2795,2847,70,0,2777,2829,66802,18,0,0,18,18
2020-11-19,US,South Carolina,Dillon,1465,51,0,34.39007791,-79.37741872,45033.0,0.0,0.0,4806.588142655599,3.48122866894198,1414,1455,51,0,1404,1447,30599,10,0,0,10,8
2020-11-19,US,South Carolina,Dorchester,5426,109,0,33.0794369,-80.40502652,45035.0,0.0,0.0,3332.739590563175,2.008846295613712,5317,5401,109,0,5292,5364,160647,25,0,0,25,37
2020-11-19,US,South Carolina,Edgefield,1095,22,0,33.77221995,-81.96231108,45037.0,0.0,0.0,4016.8745414526784,2.0091324200913236,1073,1083,22,0,1061,1081,27052,12,0,0,12,2
2020-11-19,US,South Carolina,Fairfield,990,42,0,34.39287073,-81.1195624,45039.0,0.0,0.0,4430.124848973017,4.242424242424242,948,987,41,0,946,981,22402,3,1,0,2,6
2020-11-19,US,South Carolina,Florence,6311,210,0,34.02361754,-79.70189312,45041.0,0.0,0.0,4563.49923712697,3.3275233718903503,6101,6271,209,0,6062,6222,138159,40,1,0,39,49
2020-11-19,US,South Carolina,Georgetown,2655,64,0,33.43443342,-79.33202141,45043.0,0.0,0.0,4235.80089342693,2.4105461393596985,2591,2635,63,0,2572,2620,62249,20,1,0,19,15
2020-11-19,US,South Carolina,Greenville,21590,380,0,34.89502264,-82.37295012,45045.0,0.0,0.0,4123.833426926589,1.760074108383511,21210,21343,378,0,20965,21125,514213,247,2,0,245,218
2020-11-19,US,South Carolina,Greenwood,2874,78,0,34.15272415,-82.12715789,45047.0,0.0,0.0,4058.691446244228,2.7139874739039667,2796,2839,78,0,2761,2826,70741,35,0,0,35,13
2020-11-19,US,South Carolina,Hampton,833,32,0,32.77419582,-81.13845571,45049.0,0.0,0.0,4333.576110706482,3.8415366146458574,801,827,32,0,795,822,19351,6,0,0,6,5
2020-11-19,US,South Carolina,Horry,13973,254,0,33.9212828,-78.99555293,45051.0,0.0,0.0,3946.272180659228,1.8177914549488297,13719,13872,253,0,13619,13773,344147,101,1,0,100,99
2020-11-19,US,South Carolina,Jasper,1004,23,0,32.43171982,-81.02487495,45053.0,0.0,0.0,3338.542878994447,2.2908366533864544,981,1000,23,0,977,999,28971,4,0,0,4,1
2020-11-19,US,South Carolina,Kershaw,2797,58,0,34.33988254,-80.58763164,45055.0,0.0,0.0,4202.791843849078,2.0736503396496246,2739,2787,58,0,2729,2769,65592,10,0,0,10,18
2020-11-19,US,South Carolina,Lancaster,3177,64,0,34.68270843,-80.70513032,45057.0,0.0,0.0,3241.439823695058,2.014479068303431,3113,3143,64,0,3079,3095,95380,34,0,0,34,48
2020-11-19,US,South Carolina,Laurens,2291,67,0,34.48244419,-82.00490796,45059.0,0.0,0.0,3394.4260886314137,2.9244871235268444,2224,2254,67,0,2187,2233,66994,37,0,0,37,21
2020-11-19,US,South Carolina,Lee,850,36,0,34.16393091,-80.25690731,45061.0,0.0,0.0,5051.105300689327,4.235294117647058,814,844,36,0,808,841,17142,6,0,0,6,3
2020-11-19,US,South Carolina,Lexington,10650,224,0,33.89665987,-81.27146426,45063.0,0.0,0.0,3564.853556485355,2.103286384976526,10426,10583,223,0,10360,10492,295032,67,1,0,66,91
2020-11-19,US,South Carolina,Marion,1274,46,0,34.07859748,-79.36400756,45067.0,0.0,0.0,4155.6577616857485,3.6106750392464684,1228,1269,46,0,1223,1267,31039,5,0,0,5,2
2020-11-19,US,South Carolina,Marlboro,1299,16,0,34.59905577,-79.67561152,45069.0,0.0,0.0,4973.581438088674,1.2317167051578135,1283,1291,16,0,1275,1277,26398,8,0,0,8,14
2020-11-19,US,South Carolina,McCormick,312,7,0,33.90161443,-82.30794338,45065.0,0.0,0.0,3297.051674944521,2.243589743589744,305,309,7,0,302,307,9410,3,0,0,3,2
2020-11-19,US,South Carolina,Newberry,2004,62,0,34.28629098,-81.59935761,45071.0,0.0,0.0,5213.319458896983,3.0938123752495015,1942,1988,62,0,1926,1951,38520,16,0,0,16,37
2020-11-19,US,South Carolina,Oconee,2925,37,0,34.75225169,-83.06742317,45073.0,0.0,0.0,3677.11764262188,1.264957264957265,2888,2888,37,0,2851,2865,78374,37,0,0,37,23
2020-11-19,US,South Carolina,Orangeburg,3613,133,0,33.4391073,-80.79886287,45075.0,0.0,0.0,4192.631273571222,3.6811513977304178,3480,3598,133,0,3465,3586,86934,15,0,0,15,12
2020-11-19,US,South Carolina,Pickens,5577,76,0,34.88807695,-82.72791551,45077.0,0.0,0.0,4395.353236026607,1.3627398242782858,5501,5504,74,0,5430,5465,124937,73,2,0,71,39
2020-11-19,US,South Carolina,Richland,19315,291,0,34.01791263,-80.90267209,45079.0,0.0,0.0,4645.720236964203,1.506601087237898,19024,19199,290,0,18909,19062,414576,116,1,0,115,137
2020-11-19,US,South Carolina,Saluda,772,25,0,34.00795823,-81.72713237,45081.0,0.0,0.0,3770.8201045279134,3.238341968911917,747,771,25,0,746,770,20544,1,0,0,1,1
2020-11-19,US,South Carolina,Spartanburg,11158,262,0,34.92960077,-81.99225984,45083.0,0.0,0.0,3489.219319230108,2.348091055744757,10896,10967,258,0,10709,10884,313888,191,4,0,187,83
2020-11-19,US,South Carolina,Sumter,3979,97,0,33.91826534,-80.37942316,45085.0,0.0,0.0,3728.413339455215,2.4377984418195533,3882,3950,97,0,3853,3922,106512,29,0,0,29,28
2020-11-19,US,South Carolina,Union,964,25,0,34.68835752,-81.61730349,45087.0,0.0,0.0,3529.067213354811,2.5933609958506225,939,942,24,0,918,933,27410,22,1,0,21,9
2020-11-19,US,South Carolina,Williamsburg,1582,50,0,33.62190129,-79.72767442,45089.0,0.0,0.0,5209.430979978925,3.1605562579013906,1532,1574,50,0,1524,1566,30606,8,0,0,8,8
2020-11-19,US,South Carolina,York,8629,123,0,34.97281497,-81.18085944,45091.0,0.0,0.0,3071.048014264411,1.4254258894425773,8506,8486,123,0,8363,8369,274118,143,0,0,143,117
2020-11-19,US,South Dakota,Aurora,317,2,0,43.71757685,-98.56050467,46003.0,0.0,0.0,11523.082515448928,0.6309148264984227,315,312,2,0,310,305,2801,5,0,0,5,7
2020-11-19,US,South Dakota,Beadle,2066,24,0,44.41464384,-98.27858469,46005.0,0.0,0.0,11196.011488646831,1.1616650532429815,2042,2024,22,0,2002,1975,18883,42,2,0,40,49
2020-11-19,US,South Dakota,Bennett,289,5,0,43.19486375,-101.6665572,46007.0,0.0,0.0,8588.410104011888,1.7301038062283738,284,281,5,0,276,277,3468,8,0,0,8,4
2020-11-19,US,South Dakota,Bon Homme,1263,10,0,42.98914167,-97.88592746,46009.0,0.0,0.0,18301.695406462837,0.7917656373713381,1253,1243,8,0,1235,1237,6980,20,2,0,18,6
2020-11-19,US,South Dakota,Brookings,2167,14,0,44.36974375,-96.79079945,46011.0,0.0,0.0,6177.837329304101,0.6460544531610521,2153,2136,14,0,2122,2102,35232,31,0,0,31,34
2020-11-19,US,South Dakota,Brown,3075,12,0,45.58994323,-98.35165355,46013.0,0.0,0.0,7917.299621514457,0.3902439024390244,3063,3027,10,0,3017,2980,39316,48,2,0,46,47
2020-11-19,US,South Dakota,Brule,491,5,0,43.71756379,-99.08118954,46015.0,0.0,0.0,9269.397772323957,1.0183299389002036,486,487,5,0,482,475,5229,4,0,0,4,12
2020-11-19,US,South Dakota,Buffalo,347,5,0,44.07657829,-99.20814467,46017.0,0.0,0.0,17686.034658511722,1.4409221902017288,342,341,5,0,336,334,2036,6,0,0,6,7
2020-11-19,US,South Dakota,Butte,638,9,0,44.90608745,-103.5079318,46019.0,0.0,0.0,6117.556812733723,1.4106583072100314,629,633,9,0,624,621,10222,5,0,0,5,12
2020-11-19,US,South Dakota,Campbell,96,1,0,45.77074915,-100.0510181,46021.0,0.0,0.0,6976.744186046512,1.0416666666666667,95,96,1,0,95,96,1377,0,0,0,0,0
2020-11-19,US,South Dakota,Charles Mix,690,1,0,43.20660134,-98.58856175,46023.0,0.0,0.0,7425.742574257426,0.14492753623188406,689,672,1,0,671,652,9338,18,0,0,18,20
2020-11-19,US,South Dakota,Clark,208,1,0,44.85834507,-97.72925109,46025.0,0.0,0.0,5567.45182012848,0.4807692307692308,207,199,1,0,198,193,3739,9,0,0,9,6
2020-11-19,US,South Dakota,Clay,1167,9,0,42.91296147,-96.97656917,46027.0,0.0,0.0,8294.243070362474,0.7712082262210797,1158,1159,8,0,1151,1142,14041,8,1,0,7,17
2020-11-19,US,South Dakota,Codington,2347,34,0,44.97788119,-97.18827677,46029.0,0.0,0.0,8379.449462672712,1.4486578610992755,2313,2318,31,0,2287,2289,28015,29,3,0,26,29
2020-11-19,US,South Dakota,Corson,331,3,0,45.70889983,-101.1970473,46031.0,0.0,0.0,8100.8321096426835,0.9063444108761328,328,326,3,0,323,320,4165,5,0,0,5,6
2020-11-19,US,South Dakota,Custer,468,5,0,43.67741105,-103.45345209999999,46033.0,0.0,0.0,5216.228265715559,1.0683760683760684,463,457,5,0,452,442,8726,11,0,0,11,15
2020-11-19,US,South Dakota,Davison,2076,17,0,43.67490933,-98.14458906,46035.0,0.0,0.0,10498.103666245259,0.8188824662813102,2059,2045,17,0,2028,1983,19790,31,0,0,31,62
2020-11-19,US,South Dakota,Day,290,5,0,45.367281,-97.60737498,46037.0,0.0,0.0,5346.607669616519,1.7241379310344829,285,285,5,0,280,279,5505,5,0,0,5,6
2020-11-19,US,South Dakota,Deuel,267,2,0,44.75994309,-96.66943645,46039.0,0.0,0.0,6136.520340151689,0.7490636704119851,265,265,2,0,263,261,4337,2,0,0,2,4
2020-11-19,US,South Dakota,Dewey,714,2,0,45.15639647,-100.8709139,46041.0,0.0,0.0,12118.126272912425,0.2801120448179272,712,713,2,0,711,711,5904,1,0,0,1,2
2020-11-19,US,South Dakota,Douglas,267,5,0,43.38520741,-98.36978007,46043.0,0.0,0.0,9140.705237932216,1.8726591760299625,262,264,5,0,259,260,2935,3,0,0,3,4
2020-11-19,US,South Dakota,Edmunds,213,1,0,45.41846445,-99.21545423,46045.0,0.0,0.0,5562.810133194045,0.4694835680751174,212,213,1,0,212,209,3875,0,0,0,0,4
2020-11-19,US,South Dakota,Fall River,336,7,0,43.23929297,-103.5275691,46047.0,0.0,0.0,5005.213764337852,2.083333333333333,329,330,7,0,323,324,6758,6,0,0,6,6
2020-11-19,US,South Dakota,Faulk,267,8,0,45.07082625,-99.14535601,46049.0,0.0,0.0,11613.74510656807,2.9962546816479403,259,264,6,0,258,261,2330,3,2,0,1,3
2020-11-19,US,South Dakota,Grant,505,5,0,45.1723937,-96.77002276,46051.0,0.0,0.0,7161.089052750993,0.99009900990099,500,495,5,0,490,488,7147,10,0,0,10,7
2020-11-19,US,South Dakota,Gregory,387,17,0,43.19419064,-99.18883902,46053.0,0.0,0.0,9247.311827956992,4.3927648578811365,370,383,15,0,368,373,4212,4,2,0,2,10
2020-11-19,US,South Dakota,Haakon,131,3,0,44.29299053,-101.539099,46055.0,0.0,0.0,6898.36756187467,2.2900763358778624,128,129,3,0,126,123,1918,2,0,0,2,6
2020-11-19,US,South Dakota,Hamlin,383,0,0,44.67385954,-97.18829593,46057.0,0.0,0.0,6213.497728747567,0.0,383,372,0,0,372,345,6111,11,0,0,11,27
2020-11-19,US,South Dakota,Hand,256,1,0,44.54708407,-99.00386459,46059.0,0.0,0.0,8022.563459730492,0.390625,255,254,1,0,253,252,3262,2,0,0,2,2
2020-11-19,US,South Dakota,Hanson,201,1,0,43.6746384,-97.78715148,46061.0,0.0,0.0,5821.02519548219,0.4975124378109453,200,198,1,0,197,194,3376,3,0,0,3,4
2020-11-19,US,South Dakota,Harding,64,0,0,45.58015551,-103.4958629,46063.0,0.0,0.0,4930.662557781202,0.0,64,64,0,0,64,64,1249,0,0,0,0,0
2020-11-19,US,South Dakota,Hughes,1420,13,0,44.39091534,-99.99661148,46065.0,0.0,0.0,8102.248088554148,0.9154929577464788,1407,1408,9,0,1399,1378,17650,12,4,0,8,30
2020-11-19,US,South Dakota,Hutchinson,465,3,0,43.33449012,-97.75536441,46067.0,0.0,0.0,6377.725963516665,0.6451612903225806,462,461,3,0,458,444,7380,4,0,0,4,17
2020-11-19,US,South Dakota,Hyde,108,0,0,44.54747703,-99.48572582,46069.0,0.0,0.0,8301.30668716372,0.0,108,107,0,0,107,105,1282,1,0,0,1,2
2020-11-19,US,South Dakota,Jackson,183,5,0,43.69318385,-101.6255063,46071.0,0.0,0.0,5472.488038277512,2.7322404371584703,178,183,5,0,178,180,3307,0,0,0,0,3
2020-11-19,US,South Dakota,Jerauld,227,13,0,44.06637798,-98.62965972,46073.0,0.0,0.0,11276.701440635868,5.7268722466960345,214,222,13,0,209,221,2043,5,0,0,5,1
2020-11-19,US,South Dakota,Jones,51,0,0,43.96278565,-100.6940008,46075.0,0.0,0.0,5647.840531561463,0.0,51,50,0,0,50,50,928,1,0,0,1,0
2020-11-19,US,South Dakota,Kingsbury,388,7,0,44.36956169,-97.4913945,46077.0,0.0,0.0,7855.841263413647,1.8041237113402064,381,372,7,0,365,360,4919,16,0,0,16,12
2020-11-19,US,South Dakota,Lake,745,9,0,44.02193107,-97.12926365,46079.0,0.0,0.0,5821.6769555364535,1.2080536912751678,736,734,9,0,725,726,13057,11,0,0,11,8
2020-11-19,US,South Dakota,Lawrence,1757,13,0,44.35919441,-103.79294279999999,46081.0,0.0,0.0,6798.483206933911,0.7398975526465567,1744,1725,13,0,1712,1690,25741,32,0,0,32,35
2020-11-19,US,South Dakota,Lincoln,4775,43,0,43.27841182,-96.72039050000001,46083.0,0.0,0.0,7811.47755529381,0.900523560209424,4732,4689,42,0,4647,4601,58807,86,1,0,85,88
2020-11-19,US,South Dakota,Lyman,397,8,0,43.89522709,-99.85201878,46085.0,0.0,0.0,10499.867759851892,2.0151133501259446,389,389,8,0,381,381,3821,8,0,0,8,8
2020-11-19,US,South Dakota,Marshall,129,3,0,45.75870838,-97.59855639,46091.0,0.0,0.0,2613.981762917933,2.3255813953488373,126,127,3,0,124,123,5112,2,0,0,2,4
2020-11-19,US,South Dakota,McCook,538,10,0,43.6742571,-97.36863144,46087.0,0.0,0.0,9631.220909416397,1.858736059479554,528,525,9,0,516,512,5546,13,1,0,12,13
2020-11-19,US,South Dakota,McPherson,117,1,0,45.76626028,-99.22118798,46089.0,0.0,0.0,4918.032786885246,0.8547008547008547,116,112,1,0,111,110,2407,5,0,0,5,2
2020-11-19,US,South Dakota,Meade,1516,12,0,44.56676791,-102.71627409999999,46093.0,0.0,0.0,5350.840039531272,0.7915567282321899,1504,1504,11,0,1493,1465,28294,12,1,0,11,39
2020-11-19,US,South Dakota,Mellette,146,1,0,43.58078848,-100.7563186,46095.0,0.0,0.0,7083.939835031538,0.6849315068493149,145,141,1,0,140,135,2042,5,0,0,5,6
2020-11-19,US,South Dakota,Miner,178,3,0,44.02197882,-97.60992207,46097.0,0.0,0.0,8032.490974729242,1.6853932584269662,175,176,3,0,173,176,2213,2,0,0,2,0
2020-11-19,US,South Dakota,Minnehaha,18013,149,0,43.67441641,-96.7910885,46099.0,0.0,0.0,9326.685099464621,0.8271803697329706,17864,17751,143,0,17608,17452,192876,262,6,0,256,299
2020-11-19,US,South Dakota,Moody,366,6,0,44.02266214,-96.67081159,46101.0,0.0,0.0,5565.693430656935,1.639344262295082,360,358,6,0,352,355,6579,8,0,0,8,3
2020-11-19,US,South Dakota,Oglala Lakota,1477,17,0,43.33749164,-102.55554980000001,46102.0,0.0,0.0,10418.283134654725,1.1509817197020988,1460,1453,17,0,1436,1418,14309,24,0,0,24,35
2020-11-19,US,South Dakota,Pennington,7469,61,0,44.0025835,-102.8240777,46103.0,0.0,0.0,6564.7110525159305,0.8167090641317445,7408,7385,61,0,7324,7159,111729,84,0,0,84,226
2020-11-19,US,South Dakota,Perkins,137,0,0,45.49049506,-102.47555859999999,46105.0,0.0,0.0,4781.8499127399655,0.0,137,127,0,0,127,120,2922,10,0,0,10,7
2020-11-19,US,South Dakota,Potter,223,0,0,45.06583079,-99.95498503,46107.0,0.0,0.0,10357.64050162564,0.0,223,221,0,0,221,217,2207,2,0,0,2,4
2020-11-19,US,South Dakota,Roberts,604,15,0,45.62975048,-96.94672673,46109.0,0.0,0.0,5811.044833557822,2.4834437086092715,589,596,13,0,583,577,10447,8,2,0,6,19
2020-11-19,US,South Dakota,Sanborn,220,1,0,44.02351092,-98.09098159999999,46111.0,0.0,0.0,9385.66552901024,0.4545454545454545,219,214,1,0,213,211,2429,6,0,0,6,3
2020-11-19,US,South Dakota,Spink,487,8,0,44.93837606,-98.34626602,46115.0,0.0,0.0,7638.01756587202,1.6427104722792607,479,475,8,0,467,468,6495,12,0,0,12,7
2020-11-19,US,South Dakota,Stanley,195,0,0,44.41381872,-100.7349153,46117.0,0.0,0.0,6294.3834732085215,0.0,195,188,0,0,188,184,3022,7,0,0,7,4
2020-11-19,US,South Dakota,Sully,78,2,0,44.71571812,-100.1278092,46119.0,0.0,0.0,5607.476635514018,2.5641025641025643,76,77,1,0,76,77,1392,1,1,0,0,0
2020-11-19,US,South Dakota,Todd,776,10,0,43.19338568,-100.71955030000001,46121.0,0.0,0.0,7625.036847794046,1.2886597938144329,766,741,10,0,731,719,10283,35,0,0,35,22
2020-11-19,US,South Dakota,Tripp,425,2,0,43.34459388,-99.8854891,46123.0,0.0,0.0,7811.064142620842,0.4705882352941176,423,423,2,0,421,417,5478,2,0,0,2,6
2020-11-19,US,South Dakota,Turner,733,35,0,43.3109081,-97.14865776,46125.0,0.0,0.0,8742.843511450379,4.774897680763983,698,727,35,0,692,716,8424,6,0,0,6,11
2020-11-19,US,South Dakota,Union,1109,19,0,42.83112163,-96.6557828,46127.0,0.0,0.0,6960.833542555864,1.7132551848512174,1090,1091,19,0,1072,1072,15619,18,0,0,18,19
2020-11-19,US,South Dakota,Walworth,405,10,0,45.43019636,-100.03075140000001,46129.0,0.0,0.0,7451.701931922725,2.469135802469136,395,393,10,0,383,386,5587,12,0,0,12,7
2020-11-19,US,South Dakota,Yankton,1415,8,0,43.00924485,-97.39467635,46135.0,0.0,0.0,6202.331901464014,0.5653710247349824,1407,1388,8,0,1380,1363,22869,27,0,0,27,25
2020-11-19,US,South Dakota,Ziebach,153,4,0,44.97881876,-101.6654622,46137.0,0.0,0.0,5551.523947750363,2.6143790849673203,149,153,3,0,150,149,2742,0,1,0,-1,4
2020-11-19,US,Tennessee,Anderson,2535,25,0,36.12684348,-84.19965764,47001.0,0.0,0.0,3293.1486918340306,0.9861932938856016,2510,2510,25,0,2485,2488,76482,25,0,0,25,22
2020-11-19,US,Tennessee,Bedford,2381,28,0,35.51123746,-86.45549096,47003.0,0.0,0.0,4789.49168225615,1.1759764804703905,2353,2368,28,0,2340,2343,49038,13,0,0,13,25
2020-11-19,US,Tennessee,Benton,718,14,0,36.07110411,-88.06849355,47005.0,0.0,0.0,4443.069306930693,1.9498607242339836,704,689,13,0,676,669,16184,29,1,0,28,20
2020-11-19,US,Tennessee,Bledsoe,1127,5,0,35.59942968,-85.20611967,47007.0,0.0,0.0,7481.4126394052055,0.4436557231588287,1122,1118,4,0,1114,1117,14755,9,1,0,8,1
2020-11-19,US,Tennessee,Blount,4804,50,0,35.68938198,-83.92847788,47009.0,0.0,0.0,3609.6417408030775,1.0407993338884265,4754,4727,49,0,4678,4557,131349,77,1,0,76,170
2020-11-19,US,Tennessee,Bradley,4622,31,0,35.15739424,-84.857186,47011.0,0.0,0.0,4275.275182684303,0.6707053223712679,4591,4567,30,0,4537,4498,106727,55,1,0,54,69
2020-11-19,US,Tennessee,Campbell,1383,20,0,36.40355516,-84.15108559999999,47013.0,0.0,0.0,3471.211284574068,1.4461315979754157,1363,1377,20,0,1357,1363,39583,6,0,0,6,14
2020-11-19,US,Tennessee,Cannon,653,2,0,35.80990797,-86.05738983,47015.0,0.0,0.0,4448.834991143208,0.30627871362940273,651,639,2,0,637,631,14462,14,0,0,14,8
2020-11-19,US,Tennessee,Carroll,1540,30,0,35.97366108,-88.45189331,47017.0,0.0,0.0,5546.151906939893,1.9480519480519483,1510,1512,30,0,1482,1476,28020,28,0,0,28,36
2020-11-19,US,Tennessee,Carter,2427,49,0,36.28969086,-82.12588974,47019.0,0.0,0.0,4303.8782784486875,2.018953440461475,2378,2363,46,0,2317,2309,56351,64,3,0,61,54
2020-11-19,US,Tennessee,Cheatham,1421,16,0,36.26136216,-87.08903581,47021.0,0.0,0.0,3494.233653822509,1.1259676284306823,1405,1399,16,0,1383,1386,40439,22,0,0,22,13
2020-11-19,US,Tennessee,Chester,931,19,0,35.42527478,-88.6095842,47023.0,0.0,0.0,5382.43626062323,2.0408163265306123,912,923,19,0,904,901,17276,8,0,0,8,22
2020-11-19,US,Tennessee,Claiborne,698,9,0,36.48319149,-83.65947309,47025.0,0.0,0.0,2184.048311899621,1.2893982808022924,689,690,9,0,681,673,31756,8,0,0,8,17
2020-11-19,US,Tennessee,Clay,510,18,0,36.55151008,-85.53930419,47027.0,0.0,0.0,6697.307944845699,3.5294117647058822,492,497,17,0,480,485,7717,13,1,0,12,12
2020-11-19,US,Tennessee,Cocke,1488,26,0,35.9278914,-83.11828725,47029.0,0.0,0.0,4132.874125097212,1.7473118279569892,1462,1488,26,0,1462,1470,35774,0,0,0,0,18
2020-11-19,US,Tennessee,Coffee,2518,38,0,35.49090731,-86.07311784,47031.0,0.0,0.0,4455.060155697099,1.5091342335186655,2480,2501,36,0,2465,2451,55700,17,2,0,15,50
2020-11-19,US,Tennessee,Crockett,1091,25,0,35.81830662,-89.14916269,47033.0,0.0,0.0,7666.900913562896,2.2914757103574703,1066,1084,25,0,1059,1067,14328,7,0,0,7,17
2020-11-19,US,Tennessee,Cumberland,2271,34,0,35.95271721,-84.99840585,47035.0,0.0,0.0,3752.4785194976866,1.4971378247468077,2237,2254,34,0,2220,2224,59673,17,0,0,17,30
2020-11-19,US,Tennessee,Davidson,39405,393,0,36.17007426,-86.78646056,47037.0,0.0,0.0,5676.7760003688,0.9973353635325466,39012,39122,391,0,38731,38719,692587,283,2,0,281,403
2020-11-19,US,Tennessee,DeKalb,1020,20,0,35.97616272,-85.83689361,47041.0,0.0,0.0,4978.038067349927,1.96078431372549,1000,1017,20,0,997,996,20138,3,0,0,3,21
2020-11-19,US,Tennessee,Decatur,860,11,0,35.60048904,-88.11043779,47039.0,0.0,0.0,7373.746034467976,1.2790697674418603,849,860,11,0,849,826,11706,0,0,0,0,34
2020-11-19,US,Tennessee,Dickson,2528,26,0,36.14669837,-87.35891709,47043.0,0.0,0.0,4685.99392007118,1.0284810126582278,2502,2519,26,0,2493,2461,53446,9,0,0,9,58
2020-11-19,US,Tennessee,Dyer,2972,48,0,36.05931946,-89.41542855,47045.0,0.0,0.0,7998.062380580747,1.6150740242261103,2924,2921,48,0,2873,2886,37320,51,0,0,51,35
2020-11-19,US,Tennessee,Fayette,2071,37,0,35.19615831,-89.41399032,47047.0,0.0,0.0,5034.886830525369,1.7865765330758088,2034,2047,37,0,2010,2019,40507,24,0,0,24,28
2020-11-19,US,Tennessee,Fentress,1114,19,0,36.38128818,-84.92870012,47049.0,0.0,0.0,6014.144577012365,1.7055655296229804,1095,1110,19,0,1091,1100,18217,4,0,0,4,10
2020-11-19,US,Tennessee,Franklin,1821,29,0,35.15634626,-86.09201039,47051.0,0.0,0.0,4314.347990902199,1.5925315760571117,1792,1793,29,0,1764,1760,41890,28,0,0,28,33
2020-11-19,US,Tennessee,Gibson,2871,60,0,35.99438059,-88.93358327,47053.0,0.0,0.0,5843.323224716584,2.089864158829676,2811,2830,60,0,2770,2713,49045,41,0,0,41,117
2020-11-19,US,Tennessee,Giles,1300,40,0,35.20222469,-87.03992678,47055.0,0.0,0.0,4412.163996741787,3.0769230769230766,1260,1300,40,0,1260,1293,29503,0,0,0,0,7
2020-11-19,US,Tennessee,Grainger,842,12,0,36.27469206,-83.51254721,47057.0,0.0,0.0,3610.6346483704974,1.4251781472684086,830,837,11,0,826,824,23145,5,1,0,4,13
2020-11-19,US,Tennessee,Greene,2693,67,0,36.17470125,-82.84691273,47059.0,0.0,0.0,3898.9995511734637,2.487931674712217,2626,2663,67,0,2596,2591,69087,30,0,0,30,72
2020-11-19,US,Tennessee,Grundy,714,14,0,35.38433717,-85.72142731,47061.0,0.0,0.0,5317.6435540329185,1.96078431372549,700,708,14,0,694,704,13346,6,0,0,6,4
2020-11-19,US,Tennessee,Hamblen,3131,57,0,36.21990035,-83.26586179,47063.0,0.0,0.0,4821.819077832876,1.820504631108272,3074,3109,56,0,3053,3084,64569,22,1,0,21,25
2020-11-19,US,Tennessee,Hamilton,15246,134,0,35.17670231,-85.16652245,47065.0,0.0,0.0,4145.142521560397,0.8789190607372426,15112,15066,129,0,14937,14919,364286,180,5,0,175,147
2020-11-19,US,Tennessee,Hancock,138,3,0,36.52692871,-83.22375847,47067.0,0.0,0.0,2084.592145015106,2.1739130434782608,135,135,3,0,132,134,6549,3,0,0,3,1
2020-11-19,US,Tennessee,Hardeman,2168,36,0,35.20772017,-88.99161161,47069.0,0.0,0.0,8654.690618762475,1.6605166051660516,2132,2151,36,0,2115,2135,25220,17,0,0,17,16
2020-11-19,US,Tennessee,Hardin,1673,25,0,35.19732531,-88.18593755,47071.0,0.0,0.0,6521.908623109309,1.4943215780035863,1648,1644,25,0,1619,1635,25776,29,0,0,29,9
2020-11-19,US,Tennessee,Hawkins,1707,34,0,36.44355426,-82.94885298,47073.0,0.0,0.0,3006.022611206988,1.9917984768599883,1673,1696,32,0,1664,1670,56530,11,2,0,9,26
2020-11-19,US,Tennessee,Haywood,1534,29,0,35.58332824,-89.28536625,47075.0,0.0,0.0,8865.002311604254,1.8904823989569752,1505,1527,29,0,1498,1506,17335,7,0,0,7,21
2020-11-19,US,Tennessee,Henderson,1728,30,0,35.65581134,-88.38600175,47077.0,0.0,0.0,6145.748123910801,1.7361111111111112,1698,1694,30,0,1664,1659,27847,34,0,0,34,35
2020-11-19,US,Tennessee,Henry,1339,16,0,36.33160906,-88.30121797,47079.0,0.0,0.0,4139.743391559747,1.1949215832710978,1323,1289,15,0,1274,1261,32358,50,1,0,49,28
2020-11-19,US,Tennessee,Hickman,1060,17,0,35.80609681,-87.47643507,47081.0,0.0,0.0,4210.024624672333,1.6037735849056605,1043,1047,17,0,1030,1031,25063,13,0,0,13,16
2020-11-19,US,Tennessee,Houston,558,19,0,36.28872054,-87.71878828,47083.0,0.0,0.0,6804.048286794295,3.4050179211469533,539,554,19,0,535,549,8263,4,0,0,4,5
2020-11-19,US,Tennessee,Humphreys,621,7,0,36.03958805,-87.77992872,47085.0,0.0,0.0,3341.943816596707,1.1272141706924317,614,619,7,0,612,610,18486,2,0,0,2,9
2020-11-19,US,Tennessee,Jackson,639,9,0,36.36380466,-85.67239905,47087.0,0.0,0.0,5421.686746987953,1.4084507042253518,630,634,9,0,625,629,11758,5,0,0,5,5
2020-11-19,US,Tennessee,Jefferson,2033,30,0,36.04818632,-83.45148924,47089.0,0.0,0.0,3730.617487842922,1.4756517461878995,2003,1999,28,0,1971,1974,54012,34,2,0,32,25
2020-11-19,US,Tennessee,Johnson,1350,18,0,36.45523950000001,-81.84886538,47091.0,0.0,0.0,7589.38610299078,1.3333333333333333,1332,1346,18,0,1328,1337,17778,4,0,0,4,9
2020-11-19,US,Tennessee,Knox,16817,128,0,35.99508821,-83.94635435,47093.0,0.0,0.0,3575.703839783293,0.7611345662127609,16689,16716,126,0,16590,16474,465289,101,2,0,99,242
2020-11-19,US,Tennessee,Lake,1127,5,0,36.34180170000001,-89.48921915,47095.0,0.0,0.0,16063.283922462942,0.4436557231588287,1122,1122,5,0,1117,1116,7411,5,0,0,5,6
2020-11-19,US,Tennessee,Lauderdale,1932,20,0,35.75893438,-89.63015909999999,47097.0,0.0,0.0,7537.159130807943,1.0351966873706004,1912,1909,20,0,1889,1883,25825,23,0,0,23,26
2020-11-19,US,Tennessee,Lawrence,2399,31,0,35.21675201,-87.39787695,47099.0,0.0,0.0,5434.7333605183285,1.2922050854522718,2368,2364,28,0,2336,2339,43734,35,3,0,32,25
2020-11-19,US,Tennessee,Lewis,680,10,0,35.52853208,-87.49022694,47101.0,0.0,0.0,5542.875774372351,1.4705882352941178,670,681,10,0,671,671,12086,0,0,0,-1,10
2020-11-19,US,Tennessee,Lincoln,1337,11,0,35.13738622,-86.58910106,47103.0,0.0,0.0,3890.473142059012,0.8227374719521316,1326,1322,11,0,1311,1304,34117,15,0,0,15,18
2020-11-19,US,Tennessee,Loudon,2073,16,0,35.73939663,-84.31145275,47105.0,0.0,0.0,3834.0608123104244,0.7718282682103232,2057,2079,16,0,2063,2049,53054,0,0,0,-6,30
2020-11-19,US,Tennessee,Macon,1707,27,0,36.53157855,-86.00778595,47111.0,0.0,0.0,6938.4602877814805,1.5817223198594024,1680,1671,27,0,1644,1652,24265,36,0,0,36,19
2020-11-19,US,Tennessee,Madison,4922,100,0,35.61181957,-88.84076036,47113.0,0.0,0.0,5023.269105160026,2.031694433157253,4822,4865,98,0,4767,4718,97605,57,2,0,55,147
2020-11-19,US,Tennessee,Marion,1009,15,0,35.12997174,-85.62265895,47115.0,0.0,0.0,3490.5040301657036,1.4866204162537169,994,1001,15,0,986,991,28575,8,0,0,8,10
2020-11-19,US,Tennessee,Marshall,1561,17,0,35.45798777,-86.76420988,47117.0,0.0,0.0,4541.090909090909,1.0890454836643175,1544,1549,15,0,1534,1520,33683,12,2,0,10,29
2020-11-19,US,Tennessee,Maury,5226,52,0,35.618741299999996,-87.07462444,47119.0,0.0,0.0,5421.892993868468,0.9950248756218906,5174,5158,50,0,5108,5125,94340,68,2,0,66,33
2020-11-19,US,Tennessee,McMinn,2249,53,0,35.42812616,-84.61520715,47107.0,0.0,0.0,4180.7636539391015,2.3566029346376167,2196,2219,50,0,2169,2186,53285,30,3,0,27,33
2020-11-19,US,Tennessee,McNairy,1354,32,0,35.17468549,-88.5647812,47109.0,0.0,0.0,5269.712773410135,2.3633677991137367,1322,1351,31,0,1320,1326,25832,3,1,0,2,25
2020-11-19,US,Tennessee,Meigs,437,12,0,35.51558739,-84.81482914,47121.0,0.0,0.0,3517.9520206085967,2.7459954233409607,425,431,10,0,421,427,12306,6,2,0,4,4
2020-11-19,US,Tennessee,Monroe,1889,42,0,35.44550387,-84.24902965,47123.0,0.0,0.0,4058.438070684284,2.223398623610376,1847,1870,42,0,1828,1849,46357,19,0,0,19,21
2020-11-19,US,Tennessee,Montgomery,5805,77,0,36.49609412,-87.38550661,47125.0,0.0,0.0,2777.604991554741,1.326442721791559,5728,5759,77,0,5682,5705,205950,46,0,0,46,54
2020-11-19,US,Tennessee,Moore,352,2,0,35.27724699,-86.36230578,47127.0,0.0,0.0,5425.400739827373,0.5681818181818182,350,348,2,0,346,343,6411,4,0,0,4,5
2020-11-19,US,Tennessee,Morgan,600,6,0,36.13248031,-84.64880098,47129.0,0.0,0.0,2803.345325421669,1.0,594,594,6,0,588,581,21579,6,0,0,6,13
2020-11-19,US,Tennessee,Obion,2397,40,0,36.35732446,-89.14921589,47131.0,0.0,0.0,7971.66517010875,1.6687526074259489,2357,2350,39,0,2311,2291,30267,47,1,0,46,59
2020-11-19,US,Tennessee,Out of TN,6256,46,0,0.0,0.0,80047.0,0.0,0.0,0.0,0.7352941176470589,6210,6180,45,0,6135,6176,,76,1,0,75,4
2020-11-19,US,Tennessee,Overton,1448,33,0,36.34117832,-85.28989535,47133.0,0.0,0.0,6510.4986286587855,2.2790055248618786,1415,1440,34,0,1406,1431,22068,8,0,0,9,9
2020-11-19,US,Tennessee,Perry,450,21,0,35.63708728,-87.86139634,47135.0,0.0,0.0,5572.0653789004455,4.666666666666667,429,445,18,0,427,442,8064,5,3,0,2,3
2020-11-19,US,Tennessee,Pickett,352,12,0,36.55606529,-85.07763299999998,47137.0,0.0,0.0,6973.058637083994,3.4090909090909087,340,347,12,0,335,345,5082,5,0,0,5,2
2020-11-19,US,Tennessee,Polk,612,14,0,35.12245443,-84.52075859,47139.0,0.0,0.0,3635.9315589353614,2.2875816993464047,598,607,14,0,593,607,16898,5,0,0,5,0
2020-11-19,US,Tennessee,Putnam,5498,74,0,36.14005459,-85.50646123,47141.0,0.0,0.0,6851.517228487756,1.345943979628956,5424,5505,74,0,5431,5451,78843,0,0,0,-7,54
2020-11-19,US,Tennessee,Rhea,1485,29,0,35.60536161,-84.93076643,47143.0,0.0,0.0,4477.341936261947,1.9528619528619529,1456,1477,28,0,1449,1448,33044,8,1,0,7,29
2020-11-19,US,Tennessee,Roane,2096,21,0,35.84923189,-84.52458689,47145.0,0.0,0.0,3926.4171443557752,1.001908396946565,2075,2084,19,0,2065,2052,53140,12,2,0,10,32
2020-11-19,US,Tennessee,Robertson,3353,49,0,36.52454807,-86.87346725,47147.0,0.0,0.0,4669.071059557462,1.4613778705636744,3304,3319,49,0,3270,3282,71012,34,0,0,34,37
2020-11-19,US,Tennessee,Rutherford,16052,143,0,35.84591405,-86.4107263,47149.0,0.0,0.0,4830.7928434927835,0.8908547221530028,15909,15857,139,0,15718,15635,324890,195,4,0,191,222
2020-11-19,US,Tennessee,Scott,843,6,0,36.42325673,-84.50360494,47151.0,0.0,0.0,3820.010875475802,0.7117437722419929,837,802,6,0,796,781,22039,41,0,0,41,21
2020-11-19,US,Tennessee,Sequatchie,479,5,0,35.36979721,-85.41022136,47153.0,0.0,0.0,3187.8077998136564,1.0438413361169103,474,470,5,0,465,464,14876,9,0,0,9,6
2020-11-19,US,Tennessee,Sevier,4346,28,0,35.78077323,-83.52244332,47155.0,0.0,0.0,4423.409669211196,0.6442705936493327,4318,4337,27,0,4310,4250,97892,9,1,0,8,87
2020-11-19,US,Tennessee,Shelby,44374,625,0,35.1864775,-89.89692423,47157.0,0.0,0.0,4734.913558537121,1.4084824446748097,43749,44102,623,0,43479,43700,935764,272,2,0,270,402
2020-11-19,US,Tennessee,Smith,1314,17,0,36.25359775,-85.95411046,47159.0,0.0,0.0,6518.827206429528,1.2937595129375952,1297,1304,17,0,1287,1289,19942,10,0,0,10,15
2020-11-19,US,Tennessee,Stewart,527,14,0,36.50235092,-87.83920548,47161.0,0.0,0.0,3842.5082026977757,2.6565464895635675,513,525,14,0,511,519,13561,2,0,0,2,6
2020-11-19,US,Tennessee,Sullivan,5620,89,0,36.51240691,-82.30412917,47163.0,0.0,0.0,3549.144921312552,1.5836298932384343,5531,5504,79,0,5425,5394,157668,116,10,0,106,110
2020-11-19,US,Tennessee,Sumner,8529,129,0,36.46824103,-86.45917204,47165.0,0.0,0.0,4458.838474929817,1.5124868097080548,8400,8422,128,0,8294,8312,187149,107,1,0,106,110
2020-11-19,US,Tennessee,Tipton,3233,34,0,35.501942,-89.73694895,47167.0,0.0,0.0,5248.461825678988,1.0516548097742036,3199,3204,34,0,3170,3138,61581,29,0,0,29,66
2020-11-19,US,Tennessee,Trousdale,1885,12,0,36.39026213,-86.16087954,47169.0,0.0,0.0,16705.069124423964,0.6366047745358089,1873,1877,11,0,1866,1874,11012,8,1,0,7,3
2020-11-19,US,Tennessee,Unassigned,4099,14,0,0.0,0.0,90047.0,0.0,0.0,0.0,0.34154671871188097,4085,4307,10,0,4297,4093,,0,4,0,-212,214
2020-11-19,US,Tennessee,Unicoi,719,22,0,36.10890856,-82.43709629,47171.0,0.0,0.0,4020.5782027624,3.05980528511822,697,713,18,0,695,693,17761,6,4,0,2,20
2020-11-19,US,Tennessee,Union,666,5,0,36.28590426,-83.83651902,47173.0,0.0,0.0,3334.6685359503304,0.7507507507507507,661,662,5,0,657,657,19688,4,0,0,4,5
2020-11-19,US,Tennessee,Van Buren,309,2,0,35.69864497,-85.45221699,47175.0,0.0,0.0,5262.261580381472,0.6472491909385113,307,301,2,0,299,290,5765,8,0,0,8,11
2020-11-19,US,Tennessee,Warren,2140,16,0,35.672829899999996,-85.77969117,47177.0,0.0,0.0,5184.485306587204,0.7476635514018691,2124,2120,16,0,2104,2078,40878,20,0,0,20,42
2020-11-19,US,Tennessee,Washington,5277,92,0,36.29472368,-82.49454720000001,47179.0,0.0,0.0,4078.8405797101454,1.7434148190259615,5185,5197,89,0,5108,5125,128607,80,3,0,77,72
2020-11-19,US,Tennessee,Wayne,1749,9,0,35.23868267,-87.78644456,47181.0,0.0,0.0,10490.013794757991,0.5145797598627787,1740,1738,9,0,1729,1726,16558,11,0,0,11,12
2020-11-19,US,Tennessee,Weakley,2012,34,0,36.29896232,-88.71990865,47183.0,0.0,0.0,6036.9659145463265,1.6898608349900597,1978,1985,34,0,1951,1945,33415,27,0,0,27,40
2020-11-19,US,Tennessee,White,1602,17,0,35.92929884,-85.45591799,47185.0,0.0,0.0,5858.475041140977,1.0611735330836454,1585,1599,17,0,1582,1580,27107,3,0,0,3,19
2020-11-19,US,Tennessee,Williamson,10055,70,0,35.89099229,-86.89281867,47187.0,0.0,0.0,4217.489052564468,0.69617105917454,9985,9993,69,0,9924,9892,231729,62,1,0,61,101
2020-11-19,US,Tennessee,Wilson,6581,71,0,36.15496772,-86.29775884,47189.0,0.0,0.0,4549.382331999143,1.0788633946208783,6510,6476,70,0,6406,6377,140625,105,1,0,104,99
2020-11-19,US,Texas,Anderson,3101,46,0,31.81534745,-95.65354823,48001.0,0.0,0.0,5371.092058543344,1.4833924540470815,3055,3095,45,0,3050,3065,58057,6,1,0,5,30
2020-11-19,US,Texas,Andrews,940,13,0,32.30468633,-102.63765479999999,48003.0,0.0,0.0,5025.394279604384,1.3829787234042554,927,926,13,0,913,896,18128,14,0,0,14,30
2020-11-19,US,Texas,Angelina,2497,97,0,31.25457347,-94.60901487,48005.0,0.0,0.0,2879.5479444156144,3.884661593912696,2400,2446,97,0,2349,2446,87092,51,0,0,51,0
2020-11-19,US,Texas,Aransas,376,18,0,28.10556197,-96.9995047,48007.0,0.0,0.0,1599.3194385367926,4.787234042553191,358,376,18,0,358,375,23792,0,0,0,0,1
2020-11-19,US,Texas,Archer,220,2,0,33.61569967,-98.68754589,48009.0,0.0,0.0,2572.196889980124,0.9090909090909092,218,209,2,0,207,207,8786,11,0,0,11,2
2020-11-19,US,Texas,Armstrong,38,1,0,34.96507426,-101.35748740000001,48011.0,0.0,0.0,2013.77848436672,2.631578947368421,37,37,1,0,36,37,1892,1,0,0,1,0
2020-11-19,US,Texas,Atascosa,1416,38,0,28.89333001,-98.52730485,48013.0,0.0,0.0,2768.166089965398,2.68361581920904,1378,1415,38,0,1377,1385,50310,1,0,0,1,30
2020-11-19,US,Texas,Austin,552,11,0,29.88548725,-96.27736949,48015.0,0.0,0.0,1838.039424613745,1.9927536231884055,541,546,11,0,535,546,29989,6,0,0,6,0
2020-11-19,US,Texas,Bailey,435,6,0,34.06854817,-102.8299707,48017.0,0.0,0.0,6214.2857142857165,1.3793103448275863,429,422,6,0,416,422,7027,13,0,0,13,0
2020-11-19,US,Texas,Bandera,215,11,0,29.74619598,-99.24598147,48019.0,0.0,0.0,930.2526825891313,5.116279069767441,204,215,11,0,204,211,22824,0,0,0,0,4
2020-11-19,US,Texas,Bastrop,2186,34,0,30.10370699,-97.31206354,48021.0,0.0,0.0,2463.8481566222963,1.555352241537054,2152,2166,34,0,2132,2142,86976,20,0,0,20,24
2020-11-19,US,Texas,Baylor,52,4,0,33.61640794,-99.21352901,48023.0,0.0,0.0,1481.903676261043,7.6923076923076925,48,51,4,0,47,50,3582,1,0,0,1,1
2020-11-19,US,Texas,Bee,1933,40,0,28.41761668,-97.74215593,48025.0,0.0,0.0,5935.820666359587,2.0693222969477496,1893,1933,40,0,1893,1925,32587,0,0,0,0,8
2020-11-19,US,Texas,Bell,7820,111,0,31.03736027,-97.4785025,48027.0,0.0,0.0,2154.7210986322207,1.4194373401534526,7709,7733,111,0,7622,7549,355642,87,0,0,87,184
2020-11-19,US,Texas,Bexar,71377,1465,0,29.44928723,-98.52019748,48029.0,0.0,0.0,3562.5194030208318,2.05248189192597,69912,70894,1458,0,69436,70528,1986049,483,7,0,476,366
2020-11-19,US,Texas,Blanco,174,6,0,30.26640707,-98.3999852,48031.0,0.0,0.0,1458.3857178777973,3.4482758620689653,168,171,6,0,165,171,11702,3,0,0,3,0
2020-11-19,US,Texas,Borden,4,0,0,32.74363984,-101.43165090000001,48033.0,0.0,0.0,611.6207951070336,0.0,4,4,0,0,4,4,648,0,0,0,0,0
2020-11-19,US,Texas,Bosque,500,15,0,31.89978581,-97.63613524,48035.0,0.0,0.0,2675.943270002676,3.0,485,495,15,0,480,483,18691,5,0,0,5,12
2020-11-19,US,Texas,Bowie,2405,93,0,33.44626922,-94.41834132,48037.0,0.0,0.0,2579.226768191324,3.8669438669438665,2312,2395,92,0,2303,2386,94324,10,1,0,9,9
2020-11-19,US,Texas,Brazoria,13516,193,0,29.18757369,-95.44563172,48039.0,0.0,0.0,3611.354551867131,1.427937259544244,13323,13455,192,0,13263,13364,370200,61,1,0,60,91
2020-11-19,US,Texas,Brazos,8864,99,0,30.663644800000004,-96.30205577,48041.0,0.0,0.0,3867.1791493427454,1.1168772563176896,8765,8803,96,0,8707,8721,226758,61,3,0,58,82
2020-11-19,US,Texas,Brewster,419,5,0,29.81008251,-103.25203259999999,48043.0,0.0,0.0,4552.863196783657,1.1933174224343674,414,419,5,0,414,391,9267,0,0,0,0,28
2020-11-19,US,Texas,Briscoe,37,1,0,34.53026962,-101.2084947,48045.0,0.0,0.0,2393.272962483829,2.702702702702702,36,37,1,0,36,37,1516,0,0,0,0,0
2020-11-19,US,Texas,Brooks,384,25,0,27.03103197,-98.21808402,48047.0,0.0,0.0,5413.7882419286625,6.510416666666668,359,380,25,0,355,380,7114,4,0,0,4,0
2020-11-19,US,Texas,Brown,867,30,0,31.77430356,-98.99907113,48049.0,0.0,0.0,2289.7739277413903,3.460207612456748,837,842,30,0,812,837,37924,25,0,0,25,5
2020-11-19,US,Texas,Burleson,603,7,0,30.49273808,-96.62158484,48051.0,0.0,0.0,3269.533156211029,1.1608623548922057,596,592,7,0,585,578,18389,11,0,0,11,14
2020-11-19,US,Texas,Burnet,1297,16,0,30.78801353,-98.181887,48053.0,0.0,0.0,2693.38594123144,1.2336160370084812,1281,1275,16,0,1259,1259,47542,22,0,0,22,16
2020-11-19,US,Texas,Caldwell,1802,39,0,29.83668859,-97.61814775,48055.0,0.0,0.0,4126.969585928911,2.164261931187569,1763,1796,39,0,1757,1789,43247,6,0,0,6,7
2020-11-19,US,Texas,Calhoun,964,9,0,28.47048236,-96.61633945,48057.0,0.0,0.0,4527.947393142321,0.933609958506224,955,962,9,0,953,958,21561,2,0,0,2,4
2020-11-19,US,Texas,Callahan,189,8,0,32.29760619,-99.37326312,48059.0,0.0,0.0,1355.5188983719431,4.232804232804233,181,182,8,0,174,180,13994,7,0,0,7,2
2020-11-19,US,Texas,Cameron,25308,1106,0,26.14524221,-97.48140372,48061.0,0.0,0.0,5980.674113757583,4.370159633317528,24202,25234,1103,0,24131,25159,423908,74,3,0,71,75
2020-11-19,US,Texas,Camp,436,15,0,32.97195142,-94.97790104,48063.0,0.0,0.0,3329.7693600122193,3.440366972477064,421,435,15,0,420,432,13033,1,0,0,1,3
2020-11-19,US,Texas,Carson,85,2,0,35.40365929,-101.35426690000001,48065.0,0.0,0.0,1434.3570705366187,2.3529411764705883,83,82,2,0,80,78,6005,3,0,0,3,4
2020-11-19,US,Texas,Cass,714,33,0,33.07499881,-94.34646905,48067.0,0.0,0.0,2377.9391194298278,4.621848739495798,681,710,33,0,677,697,30119,4,0,0,4,13
2020-11-19,US,Texas,Castro,414,7,0,34.53016752,-102.2617243,48069.0,0.0,0.0,5498.00796812749,1.6908212560386473,407,413,7,0,406,407,7665,1,0,0,1,6
2020-11-19,US,Texas,Chambers,1815,10,0,29.70972016,-94.67154501,48071.0,0.0,0.0,4140.338070579647,0.5509641873278237,1805,1785,10,0,1775,1724,42454,30,0,0,30,61
2020-11-19,US,Texas,Cherokee,1690,47,0,31.837258000000002,-95.16559897,48073.0,0.0,0.0,3210.120427003001,2.7810650887573964,1643,1690,47,0,1643,1690,52592,0,0,0,0,0
2020-11-19,US,Texas,Childress,808,0,0,34.529304100000004,-100.2077916,48075.0,0.0,0.0,11059.403230221737,0.0,808,790,0,0,790,790,7291,18,0,0,18,0
2020-11-19,US,Texas,Clay,227,6,0,33.78686685,-98.20771198,48077.0,0.0,0.0,2167.892273899341,2.643171806167401,221,208,6,0,202,199,10456,19,0,0,19,9
2020-11-19,US,Texas,Cochran,149,4,0,33.60425307,-102.82844990000001,48079.0,0.0,0.0,5222.572730459166,2.684563758389262,145,147,4,0,143,147,2836,2,0,0,2,0
2020-11-19,US,Texas,Coke,157,9,0,31.88911733,-100.5297533,48081.0,0.0,0.0,4635.370534396221,5.732484076433121,148,154,9,0,145,153,3370,3,0,0,3,1
2020-11-19,US,Texas,Coleman,172,5,0,31.76736834,-99.45240766,48083.0,0.0,0.0,2103.975535168196,2.9069767441860463,167,172,5,0,167,169,8397,0,0,0,0,3
2020-11-19,US,Texas,Collin,22337,229,0,33.18820114,-96.57264368,48085.0,0.0,0.0,2158.7273974853338,1.0252048171195771,22108,21983,225,0,21758,21689,1005146,354,4,0,350,294
2020-11-19,US,Texas,Collingsworth,34,0,0,34.96489496,-100.27001109999999,48087.0,0.0,0.0,1164.3835616438355,0.0,34,29,0,0,29,29,2962,5,0,0,5,0
2020-11-19,US,Texas,Colorado,552,4,0,29.622097999999998,-96.5273805,48089.0,0.0,0.0,2568.27804401433,0.7246376811594203,548,544,4,0,540,543,21217,8,0,0,8,1
2020-11-19,US,Texas,Comal,3056,112,0,29.80811278,-98.27647225,48091.0,0.0,0.0,1956.353347118284,3.6649214659685865,2944,3056,110,0,2946,3027,148373,0,2,0,-2,29
2020-11-19,US,Texas,Comanche,415,6,0,31.94854689,-98.55876441,48093.0,0.0,0.0,3043.637697103044,1.4457831325301205,409,413,6,0,407,408,13534,2,0,0,2,5
2020-11-19,US,Texas,Concho,179,2,0,31.32635934,-99.86473038,48095.0,0.0,0.0,6566.3976522377125,1.11731843575419,177,177,2,0,175,177,4276,2,0,0,2,0
2020-11-19,US,Texas,Cooke,701,13,0,33.63979567,-97.21240912,48097.0,0.0,0.0,1699.1056063213516,1.854493580599144,688,667,13,0,654,655,40574,34,0,0,34,12
2020-11-19,US,Texas,Coryell,2248,16,0,31.39078397,-97.79936155,48099.0,0.0,0.0,2959.803030901502,0.7117437722419929,2232,2208,14,0,2194,2199,74808,40,2,0,38,9
2020-11-19,US,Texas,Cottle,49,4,0,34.07783319,-100.27850620000001,48101.0,0.0,0.0,3505.0071530758228,8.16326530612245,45,48,4,0,44,45,1389,1,0,0,1,3
2020-11-19,US,Texas,Crane,156,7,0,31.43052248,-102.5143314,48103.0,0.0,0.0,3252.032520325203,4.487179487179487,149,154,6,0,148,155,4794,2,1,0,1,0
2020-11-19,US,Texas,Crockett,210,7,0,30.72367027,-101.4134238,48105.0,0.0,0.0,6062.355658198615,3.333333333333333,203,210,7,0,203,209,3499,0,0,0,0,1
2020-11-19,US,Texas,Crosby,163,14,0,33.61431553,-101.30003640000001,48107.0,0.0,0.0,2841.206205333798,8.588957055214724,149,163,13,0,150,162,5779,0,1,0,-1,1
2020-11-19,US,Texas,Culberson,156,3,0,31.44506775,-104.5185739,48109.0,0.0,0.0,7185.62874251497,1.9230769230769231,153,151,3,0,148,148,2204,5,0,0,5,3
2020-11-19,US,Texas,Dallam,427,14,0,36.27787176,-102.60207249999999,48111.0,0.0,0.0,5859.750240153698,3.278688524590164,413,424,13,0,411,424,7200,3,1,0,2,0
2020-11-19,US,Texas,Dallas,113764,1429,0,32.76670599,-96.77796049999999,48113.0,0.0,0.0,4316.574059880494,1.2561091382159562,112335,111960,1410,0,110550,111174,2637772,1804,19,0,1785,786
2020-11-19,US,Texas,Dawson,1128,30,0,32.74255572,-101.94772420000001,48115.0,0.0,0.0,8862.350722815841,2.6595744680851063,1098,1107,30,0,1077,1088,12619,21,0,0,21,19
2020-11-19,US,Texas,DeWitt,1167,44,0,29.08101855,-97.35681170000001,48123.0,0.0,0.0,5788.690476190476,3.770351328191945,1123,1167,44,0,1123,1167,20187,0,0,0,0,0
2020-11-19,US,Texas,Deaf Smith,1217,36,0,34.96522957,-102.6054267,48117.0,0.0,0.0,6562.061900140192,2.9580936729663105,1181,1214,36,0,1178,1212,18760,3,0,0,3,2
2020-11-19,US,Texas,Delta,45,0,0,33.38570922,-95.66921122,48119.0,0.0,0.0,844.1193021947099,0.0,45,45,0,0,45,44,5349,0,0,0,0,1
2020-11-19,US,Texas,Denton,17837,199,0,33.20521901,-97.11691153,48121.0,0.0,0.0,2010.4665540285407,1.1156584627459774,17638,17553,197,0,17356,17347,859064,284,2,0,282,206
2020-11-19,US,Texas,Dickens,64,2,0,33.61616822,-100.7788855,48125.0,0.0,0.0,2894.617819990954,3.125,62,64,2,0,62,64,2249,0,0,0,0,0
2020-11-19,US,Texas,Dimmit,335,8,0,28.42270064,-99.75645095,48127.0,0.0,0.0,3308.9687870406956,2.388059701492537,327,332,8,0,324,328,10308,3,0,0,3,4
2020-11-19,US,Texas,Donley,107,1,0,34.96517499,-100.8140093,48129.0,0.0,0.0,3264.1854789505796,0.9345794392523364,106,101,1,0,100,101,3319,6,0,0,6,0
2020-11-19,US,Texas,Duval,546,22,0,27.68184592,-98.50864568,48131.0,0.0,0.0,4893.788652863673,4.029304029304028,524,544,22,0,522,543,11212,2,0,0,2,1
2020-11-19,US,Texas,Eastland,331,9,0,32.32743996,-98.83243566,48133.0,0.0,0.0,1802.8322440087145,2.7190332326283992,322,324,9,0,315,316,18322,7,0,0,7,8
2020-11-19,US,Texas,Ector,8206,130,0,31.86898877,-102.54294279999999,48135.0,0.0,0.0,4936.741606155586,1.5842066780404582,8076,8206,130,0,8076,8206,162124,0,0,0,0,0
2020-11-19,US,Texas,Edwards,81,2,0,29.98202582,-100.304252,48137.0,0.0,0.0,4192.546583850932,2.469135802469136,79,81,2,0,79,79,1928,0,0,0,0,2
2020-11-19,US,Texas,El Paso,77977,876,0,31.76980765,-106.23632749999999,48141.0,0.0,0.0,9291.404821993283,1.1234081844646495,77101,77186,839,0,76347,76075,840758,791,37,0,754,1111
2020-11-19,US,Texas,Ellis,6008,103,0,32.34894117,-96.79371841,48139.0,0.0,0.0,3250.624912079469,1.7143808255659119,5905,5831,103,0,5728,5770,179436,177,0,0,177,61
2020-11-19,US,Texas,Erath,1239,18,0,32.23602653,-98.21773417,48143.0,0.0,0.0,2901.7752587943232,1.452784503631961,1221,1223,18,0,1205,1217,42446,16,0,0,16,6
2020-11-19,US,Texas,Falls,745,13,0,31.25350609,-96.93630086,48145.0,0.0,0.0,4307.105278371972,1.74496644295302,732,727,13,0,714,721,17335,18,0,0,18,6
2020-11-19,US,Texas,Fannin,924,26,0,33.59564294,-96.10751083,48147.0,0.0,0.0,2601.790843047812,2.813852813852814,898,911,26,0,885,904,35286,13,0,0,13,7
2020-11-19,US,Texas,Fayette,741,23,0,29.87788372,-96.92076062,48149.0,0.0,0.0,2923.5382308845587,3.10391363022942,718,733,23,0,710,803,25349,8,0,0,8,0
2020-11-19,US,Texas,Fisher,143,4,0,32.74281316,-100.40193020000001,48151.0,0.0,0.0,3733.6814621409917,2.797202797202797,139,143,4,0,139,140,3839,0,0,0,0,3
2020-11-19,US,Texas,Floyd,185,11,0,34.07227468,-101.3031546,48153.0,0.0,0.0,3238.795518207283,5.945945945945946,174,184,10,0,174,184,5837,1,1,0,0,0
2020-11-19,US,Texas,Foard,25,1,0,33.97308618,-99.7767797,48155.0,0.0,0.0,2164.5021645021648,4.0,24,25,1,0,24,25,1200,0,0,0,0,0
2020-11-19,US,Texas,Fort Bend,19095,324,0,29.52704478,-95.77219463,48157.0,0.0,0.0,2352.504903361883,1.6967792615868031,18771,18972,322,0,18650,18873,787858,123,2,0,121,99
2020-11-19,US,Texas,Franklin,244,10,0,33.17653242,-95.21917243,48159.0,0.0,0.0,2275.0582750582753,4.0983606557377055,234,242,10,0,232,239,10766,2,0,0,2,3
2020-11-19,US,Texas,Freestone,491,9,0,31.70422788,-96.15072516,48161.0,0.0,0.0,2490.236851447989,1.8329938900203664,482,489,9,0,480,486,19808,2,0,0,2,3
2020-11-19,US,Texas,Frio,1082,9,0,28.86751206,-99.10804207,48163.0,0.0,0.0,5328.47434255885,0.8317929759704251,1073,1078,9,0,1069,1062,19816,4,0,0,4,16
2020-11-19,US,Texas,Gaines,844,14,0,32.74055318,-102.6353295,48165.0,0.0,0.0,3927.0426205099575,1.6587677725118484,830,818,14,0,804,796,20901,26,0,0,26,22
2020-11-19,US,Texas,Galveston,13827,177,0,29.40167322,-94.90469073,48167.0,0.0,0.0,4041.339923247569,1.280104144065958,13650,13760,176,0,13584,13696,337890,67,1,0,66,64
2020-11-19,US,Texas,Garza,159,13,0,33.17969345,-101.2984114,48169.0,0.0,0.0,2552.576657569433,8.176100628930818,146,156,13,0,143,156,6578,3,0,0,3,0
2020-11-19,US,Texas,Gillespie,436,10,0,30.31824095,-98.94676915,48171.0,0.0,0.0,1615.5328294056617,2.2935779816513757,426,433,10,0,423,423,26804,3,0,0,3,10
2020-11-19,US,Texas,Glasscock,29,0,0,31.86942909,-101.5207776,48173.0,0.0,0.0,2058.1973030518093,0.0,29,28,0,0,28,25,1388,1,0,0,1,3
2020-11-19,US,Texas,Goliad,172,6,0,28.65696592,-97.42760647,48175.0,0.0,0.0,2246.0172368764693,3.4883720930232562,166,172,6,0,166,172,7584,0,0,0,0,0
2020-11-19,US,Texas,Gonzales,1203,22,0,29.45634206,-97.49424032,48177.0,0.0,0.0,5773.383884436339,1.828761429758936,1181,1203,21,0,1182,1184,20826,0,1,0,-1,19
2020-11-19,US,Texas,Gray,1163,16,0,35.40081878,-100.8129222,48179.0,0.0,0.0,5313.899296353833,1.3757523645743766,1147,1139,14,0,1125,1115,21895,24,2,0,22,24
2020-11-19,US,Texas,Grayson,3727,98,0,33.62744998,-96.67753461,48181.0,0.0,0.0,2736.175961001968,2.629460692245774,3629,3623,93,0,3530,3547,133991,104,5,0,99,76
2020-11-19,US,Texas,Gregg,3059,101,0,32.47940482,-94.81591935,48183.0,0.0,0.0,2468.030174674251,3.301732592350441,2958,3012,101,0,2911,2973,123707,47,0,0,47,39
2020-11-19,US,Texas,Grimes,1306,38,0,30.54579585,-95.98902499,48185.0,0.0,0.0,4522.160664819945,2.909647779479326,1268,1294,37,0,1257,1266,28360,12,1,0,11,28
2020-11-19,US,Texas,Guadalupe,4132,83,0,29.58165339,-97.94786822,48187.0,0.0,0.0,2476.5204049218746,2.0087124878993223,4049,4137,83,0,4054,4084,163694,0,0,0,-5,53
2020-11-19,US,Texas,Hale,3652,84,0,34.07044901,-101.82681140000001,48189.0,0.0,0.0,10932.167874034605,2.300109529025192,3568,3505,82,0,3423,3446,33830,147,2,0,145,59
2020-11-19,US,Texas,Hall,73,3,0,34.5307555,-100.68138520000001,48191.0,0.0,0.0,2462.8879892037785,4.109589041095891,70,63,3,0,60,61,3028,10,0,0,10,2
2020-11-19,US,Texas,Hamilton,268,7,0,31.70470573,-98.11083887,48193.0,0.0,0.0,3167.474293818697,2.611940298507463,261,264,7,0,257,258,8484,4,0,0,4,6
2020-11-19,US,Texas,Hansford,225,9,0,36.27743284,-101.3545796,48195.0,0.0,0.0,4167.438414521208,4.0,216,221,8,0,213,220,5463,4,1,0,3,1
2020-11-19,US,Texas,Hardeman,76,4,0,34.28944521,-99.74632408,48197.0,0.0,0.0,1932.3671497584546,5.2631578947368425,72,75,4,0,71,74,3922,1,0,0,1,1
2020-11-19,US,Texas,Hardin,1549,41,0,30.33364686,-94.38931817,48199.0,0.0,0.0,2689.142738099372,2.6468689477081995,1508,1530,41,0,1489,1526,57207,19,0,0,19,4
2020-11-19,US,Texas,Harris,178811,2943,0,29.85864939,-95.39339521,48201.0,0.0,0.0,3793.733723008704,1.6458718982612923,175868,177466,2928,0,174538,175959,4698619,1345,15,0,1330,1507
2020-11-19,US,Texas,Harrison,1212,44,0,32.54935988,-94.36934071,48203.0,0.0,0.0,1821.104983997716,3.6303630363036303,1168,1207,41,0,1166,1204,66726,5,3,0,2,3
2020-11-19,US,Texas,Hartley,200,0,0,35.84008013,-102.6029022,48205.0,0.0,0.0,3586.800573888092,0.0,200,199,0,0,199,199,5619,1,0,0,1,0
2020-11-19,US,Texas,Haskell,93,3,0,33.17823584,-99.73037358,48207.0,0.0,0.0,1643.6903499469774,3.2258064516129035,90,93,3,0,90,93,5813,0,0,0,0,0
2020-11-19,US,Texas,Hays,6899,95,0,30.05669873,-98.02944344,48209.0,0.0,0.0,2997.0763409516444,1.3770111610378315,6804,6833,93,0,6740,6798,222631,66,2,0,64,35
2020-11-19,US,Texas,Hemphill,233,1,0,35.83764858,-100.2703577,48211.0,0.0,0.0,6101.0735794710645,0.4291845493562232,232,219,1,0,218,219,3825,14,0,0,14,0
2020-11-19,US,Texas,Henderson,1650,47,0,32.21128872,-95.85846587,48213.0,0.0,0.0,1994.2710032996122,2.8484848484848486,1603,1628,46,0,1582,1606,82299,22,1,0,21,22
2020-11-19,US,Texas,Hidalgo,39366,2022,0,26.39418217,-98.18299696,48215.0,0.0,0.0,4531.562425535882,5.136412132296906,37344,38687,2015,0,36672,38006,865939,679,7,0,672,681
2020-11-19,US,Texas,Hill,1046,17,0,31.99045053,-97.13423143,48217.0,0.0,0.0,2854.102431171383,1.6252390057361377,1029,1010,16,0,994,1001,36354,36,1,0,35,9
2020-11-19,US,Texas,Hockley,1199,41,0,33.60771256,-102.3431676,48219.0,0.0,0.0,5208.288084792146,3.4195162635529615,1158,1161,39,0,1122,1161,22980,38,2,0,36,0
2020-11-19,US,Texas,Hood,1436,42,0,32.42990927,-97.83242024,48221.0,0.0,0.0,2329.542689356456,2.9247910863509747,1394,1395,42,0,1353,1373,60537,41,0,0,41,22
2020-11-19,US,Texas,Hopkins,786,50,0,33.14875072,-95.56351139,48223.0,0.0,0.0,2119.5124582029985,6.361323155216285,736,779,49,0,730,776,36810,7,1,0,6,3
2020-11-19,US,Texas,Houston,459,15,0,31.31925973,-95.42226208,48225.0,0.0,0.0,1998.4326018808774,3.2679738562091503,444,453,15,0,438,454,23169,6,0,0,6,0
2020-11-19,US,Texas,Howard,1573,32,0,32.30621324,-101.4356444,48227.0,0.0,0.0,4290.312022692559,2.03432930705658,1541,1553,30,0,1523,1516,36459,20,2,0,18,37
2020-11-19,US,Texas,Hudspeth,159,3,0,31.45628381,-105.388178,48229.0,0.0,0.0,3254.195661072452,1.8867924528301887,156,155,3,0,152,145,4795,4,0,0,4,10
2020-11-19,US,Texas,Hunt,2515,55,0,33.12351514,-96.08551032,48231.0,0.0,0.0,2550.8651642087752,2.1868787276341948,2460,2515,54,0,2461,2400,96493,0,1,0,-1,115
2020-11-19,US,Texas,Hutchinson,600,15,0,35.84006574,-101.3546643,48233.0,0.0,0.0,2865.603209475595,2.5,585,584,13,0,571,584,21198,16,2,0,14,0
2020-11-19,US,Texas,Irion,16,0,0,31.30375559,-100.982439,48235.0,0.0,0.0,1041.6666666666667,0.0,16,16,0,0,16,16,1522,0,0,0,0,0
2020-11-19,US,Texas,Jack,211,3,0,33.23377248,-98.17283469,48237.0,0.0,0.0,2361.499720201455,1.4218009478672986,208,206,3,0,203,201,8843,5,0,0,5,5
2020-11-19,US,Texas,Jackson,760,16,0,28.95472367,-96.57749563,48239.0,0.0,0.0,5149.051490514905,2.1052631578947367,744,757,16,0,741,727,14874,3,0,0,3,30
2020-11-19,US,Texas,Jasper,536,34,0,30.74685667,-94.02667579,48241.0,0.0,0.0,1508.6267556080948,6.343283582089553,502,535,34,0,501,530,35872,1,0,0,1,5
2020-11-19,US,Texas,Jeff Davis,30,0,0,30.71490589,-104.1399973,48243.0,0.0,0.0,1319.2612137203164,0.0,30,30,0,0,30,30,2252,0,0,0,0,0
2020-11-19,US,Texas,Jefferson,9659,172,0,29.8832777,-94.16434171,48245.0,0.0,0.0,3839.5643273110327,1.780722642095455,9487,9556,172,0,9384,9368,255001,103,0,0,103,188
2020-11-19,US,Texas,Jim Hogg,195,7,0,27.04453923,-98.69681870000001,48247.0,0.0,0.0,3750.0,3.58974358974359,188,194,7,0,187,194,5248,1,0,0,1,0
2020-11-19,US,Texas,Jim Wells,1878,54,0,27.73103938,-98.0904705,48249.0,0.0,0.0,4639.098858752038,2.8753993610223643,1824,1869,53,0,1816,1863,40822,9,1,0,8,6
2020-11-19,US,Texas,Johnson,4716,86,0,32.37877812,-97.36615819,48251.0,0.0,0.0,2682.3344727756703,1.823579304495335,4630,4584,81,0,4503,4509,171361,132,5,0,127,75
2020-11-19,US,Texas,Jones,1588,7,0,32.73997145,-99.87861576,48253.0,0.0,0.0,7907.1851814967895,0.4408060453400504,1581,1576,6,0,1570,1578,19817,12,1,0,11,0
2020-11-19,US,Texas,Karnes,986,18,0,28.90705334,-97.85960149,48255.0,0.0,0.0,6320.1076854047815,1.8255578093306288,968,987,18,0,969,981,15650,0,0,0,-1,6
2020-11-19,US,Texas,Kaufman,4244,72,0,32.599141700000004,-96.28734728,48257.0,0.0,0.0,3117.0586247925153,1.6965127238454287,4172,4163,72,0,4091,4119,128622,81,0,0,81,44
2020-11-19,US,Texas,Kendall,474,12,0,29.94414155,-98.7113588,48259.0,0.0,0.0,999.3464190086653,2.5316455696202533,462,473,11,0,462,456,45641,1,1,0,0,17
2020-11-19,US,Texas,Kenedy,11,2,0,26.92601662,-97.66413984,48261.0,0.0,0.0,2722.772277227723,18.181818181818183,9,11,2,0,9,11,442,0,0,0,0,0
2020-11-19,US,Texas,Kent,21,1,0,33.18104136,-100.7780939,48263.0,0.0,0.0,2755.905511811024,4.761904761904762,20,21,1,0,20,21,726,0,0,0,0,0
2020-11-19,US,Texas,Kerr,840,20,0,30.06040006,-99.34930144,48265.0,0.0,0.0,1596.958174904943,2.380952380952381,820,830,19,0,811,816,52405,10,1,0,9,14
2020-11-19,US,Texas,Kimble,74,2,0,30.48678918,-99.74856473,48267.0,0.0,0.0,1706.24855891169,2.702702702702702,72,64,2,0,62,60,4362,10,0,0,10,4
2020-11-19,US,Texas,King,1,0,0,33.61643847,-100.2558057,48269.0,0.0,0.0,367.6470588235293,0.0,1,1,0,0,1,1,277,0,0,0,0,0
2020-11-19,US,Texas,Kinney,85,2,0,29.34967888,-100.41866379999999,48271.0,0.0,0.0,2317.971093536951,2.3529411764705883,83,85,2,0,83,83,3767,0,0,0,0,2
2020-11-19,US,Texas,Kleberg,1124,54,0,27.42435506,-97.69894948,48273.0,0.0,0.0,3663.6245110821374,4.804270462633452,1070,1124,54,0,1070,1123,31129,0,0,0,0,1
2020-11-19,US,Texas,Knox,116,9,0,33.60519951,-99.74229059999999,48275.0,0.0,0.0,3165.9388646288207,7.758620689655173,107,116,9,0,107,116,3653,0,0,0,0,0
2020-11-19,US,Texas,La Salle,384,14,0,28.34453111,-99.09908775,48283.0,0.0,0.0,5106.3829787234035,3.6458333333333335,370,380,14,0,366,378,7531,4,0,0,4,2
2020-11-19,US,Texas,Lamar,2385,65,0,33.66981763,-95.57404777,48277.0,0.0,0.0,4783.489440221424,2.7253668763102725,2320,2385,65,0,2320,2314,49728,0,0,0,0,71
2020-11-19,US,Texas,Lamb,893,35,0,34.06859623,-102.35162890000001,48279.0,0.0,0.0,6926.239044442721,3.9193729003359454,858,849,35,0,814,849,13158,44,0,0,44,0
2020-11-19,US,Texas,Lampasas,355,10,0,31.19531316,-98.24206613,48281.0,0.0,0.0,1656.71084562255,2.8169014084507036,345,346,10,0,336,344,21229,9,0,0,9,2
2020-11-19,US,Texas,Lavaca,1325,39,0,29.38508402,-96.93186692,48285.0,0.0,0.0,6574.377294829809,2.9433962264150937,1286,1322,39,0,1283,1297,20110,3,0,0,3,25
2020-11-19,US,Texas,Lee,272,15,0,30.31120597,-96.97045773,48287.0,0.0,0.0,1577.8177388479612,5.514705882352941,257,263,15,0,248,261,17144,9,0,0,9,2
2020-11-19,US,Texas,Leon,423,14,0,31.29872538,-95.9936328,48289.0,0.0,0.0,2430.475752700529,3.309692671394799,409,419,14,0,405,417,17270,4,0,0,4,2
2020-11-19,US,Texas,Liberty,2383,65,0,30.15152688,-94.81205615,48291.0,0.0,0.0,2701.2321608723746,2.72765421737306,2318,2384,63,0,2321,2382,86323,0,2,0,-3,2
2020-11-19,US,Texas,Limestone,748,17,0,31.5454767,-96.58095444,48293.0,0.0,0.0,3191.5347527413924,2.272727272727273,731,741,17,0,724,708,23519,7,0,0,7,33
2020-11-19,US,Texas,Lipscomb,121,1,0,36.27783108,-100.27331509999999,48295.0,0.0,0.0,3742.6538818434888,0.8264462809917356,120,121,1,0,120,117,3355,0,0,0,0,4
2020-11-19,US,Texas,Live Oak,412,10,0,28.35101362,-98.1246786,48297.0,0.0,0.0,3375.1126402883588,2.4271844660194173,402,411,10,0,401,411,12166,1,0,0,1,0
2020-11-19,US,Texas,Llano,257,4,0,30.70645047,-98.68475262,48299.0,0.0,0.0,1179.1695342968574,1.5564202334630348,253,251,4,0,247,245,21646,6,0,0,6,6
2020-11-19,US,Texas,Loving,1,0,0,31.84947612,-103.5818571,48301.0,0.0,0.0,591.7159763313608,0.0,1,1,0,0,1,3,152,0,0,0,0,0
2020-11-19,US,Texas,Lubbock,27105,284,0,33.61008596,-101.82047890000001,48303.0,0.0,0.0,8727.529148112013,1.0477771628850765,26821,26693,277,0,26416,26145,307412,412,7,0,405,548
2020-11-19,US,Texas,Lynn,298,9,0,33.17657705,-101.8162849,48305.0,0.0,0.0,5007.561754327004,3.0201342281879198,289,292,9,0,283,290,5877,6,0,0,6,2
2020-11-19,US,Texas,Madison,832,10,0,30.96694679,-95.93003775,48313.0,0.0,0.0,5824.698963875665,1.2019230769230769,822,825,9,0,816,816,14422,7,1,0,6,9
2020-11-19,US,Texas,Marion,182,15,0,32.79868409,-94.35661230000001,48315.0,0.0,0.0,1846.9656992084435,8.241758241758241,167,182,15,0,167,181,9928,0,0,0,0,1
2020-11-19,US,Texas,Martin,162,7,0,32.30600051,-101.9513518,48317.0,0.0,0.0,2807.139143995841,4.320987654320987,155,154,7,0,147,149,5753,8,0,0,8,5
2020-11-19,US,Texas,Mason,133,2,0,30.71780434,-99.22629416,48319.0,0.0,0.0,3111.839026672905,1.5037593984962403,131,130,2,0,128,128,4280,3,0,0,3,2
2020-11-19,US,Texas,Matagorda,1180,58,0,28.81955746,-96.01230294,48321.0,0.0,0.0,3220.260349862184,4.915254237288137,1122,1176,57,0,1119,1172,36552,4,1,0,3,4
2020-11-19,US,Texas,Maverick,4690,169,0,28.7429195,-100.3157686,48323.0,0.0,0.0,7986.785191240079,3.603411513859275,4521,4662,169,0,4493,4662,58485,28,0,0,28,0
2020-11-19,US,Texas,McCulloch,269,6,0,31.1925468,-99.34682807,48307.0,0.0,0.0,3369.238476953908,2.2304832713754648,263,263,6,0,257,261,7987,6,0,0,6,2
2020-11-19,US,Texas,McLennan,12761,170,0,31.55255453,-97.20217694,48309.0,0.0,0.0,4972.664180529416,1.3321839981192696,12591,12572,168,0,12404,12323,254607,189,2,0,187,249
2020-11-19,US,Texas,McMullen,26,1,0,28.35251708,-98.56769164,48311.0,0.0,0.0,3499.327052489906,3.8461538461538463,25,26,1,0,25,25,749,0,0,0,0,1
2020-11-19,US,Texas,Medina,1358,49,0,29.355730100000002,-99.11030298,48325.0,0.0,0.0,2632.599255583127,3.608247422680413,1309,1354,49,0,1305,1353,50921,4,0,0,4,1
2020-11-19,US,Texas,Menard,100,3,0,30.88990665,-99.82047940000001,48327.0,0.0,0.0,4677.268475210477,3.0,97,98,3,0,95,97,2139,2,0,0,2,1
2020-11-19,US,Texas,Midland,6576,119,0,31.86904128,-102.03156820000001,48329.0,0.0,0.0,3718.783930510315,1.809610705596107,6457,6576,119,0,6457,6576,172578,0,0,0,0,0
2020-11-19,US,Texas,Milam,605,9,0,30.78581830000001,-96.97718698,48331.0,0.0,0.0,2437.2557708576724,1.487603305785124,596,602,9,0,593,594,25131,3,0,0,3,8
2020-11-19,US,Texas,Mills,116,4,0,31.49557106,-98.59272068,48333.0,0.0,0.0,2380.463780012313,3.4482758620689653,112,115,4,0,111,114,4921,1,0,0,1,1
2020-11-19,US,Texas,Mitchell,272,5,0,32.30623474,-100.9212058,48335.0,0.0,0.0,3183.1480397893506,1.8382352941176472,267,271,4,0,267,263,8145,1,1,0,0,8
2020-11-19,US,Texas,Montague,483,14,0,33.67521893,-97.72500958,48337.0,0.0,0.0,2437.178322736906,2.898550724637681,469,447,14,0,433,433,19596,36,0,0,36,14
2020-11-19,US,Texas,Montgomery,15758,201,0,30.30079133,-95.50572772,48339.0,0.0,0.0,2594.37495781136,1.2755425815458814,15557,15428,199,0,15229,15227,590925,330,2,0,328,201
2020-11-19,US,Texas,Moore,1534,27,0,35.83769242,-101.8930281,48341.0,0.0,0.0,7325.692454632282,1.760104302477184,1507,1527,26,0,1501,1523,21485,7,1,0,6,4
2020-11-19,US,Texas,Morris,260,8,0,33.11304005,-94.73255695,48343.0,0.0,0.0,2098.805295447207,3.0769230769230766,252,257,8,0,249,253,12339,3,0,0,3,4
2020-11-19,US,Texas,Motley,19,0,0,34.07408766,-100.77972199999999,48345.0,0.0,0.0,1583.333333333333,0.0,19,19,0,0,19,19,1234,0,0,0,0,0
2020-11-19,US,Texas,Nacogdoches,1915,77,0,31.62017125,-94.61803994,48347.0,0.0,0.0,2936.9363842709035,4.02088772845953,1838,1907,76,0,1831,1906,65711,8,1,0,7,1
2020-11-19,US,Texas,Navarro,1669,35,0,32.04620681,-96.47428766,48349.0,0.0,0.0,3330.4731307245625,2.097064110245656,1634,1639,35,0,1604,1630,49565,30,0,0,30,9
2020-11-19,US,Texas,Newton,193,16,0,30.78548982,-93.74408813,48351.0,0.0,0.0,1419.6395733725635,8.290155440414507,177,192,16,0,176,192,13746,1,0,0,1,0
2020-11-19,US,Texas,Nolan,604,8,0,32.30365282,-100.4060208,48353.0,0.0,0.0,4104.934076389833,1.3245033112582782,596,593,7,0,586,580,14751,11,1,0,10,13
2020-11-19,US,Texas,Nueces,22724,467,0,27.736286,-97.5433285,48355.0,0.0,0.0,6272.254025736003,2.055095933814469,22257,22510,466,0,22044,22338,362265,214,1,0,213,172
2020-11-19,US,Texas,Ochiltree,555,6,0,36.27829105,-100.8158184,48357.0,0.0,0.0,5642.537616917446,1.0810810810810811,549,536,6,0,530,536,9947,19,0,0,19,0
2020-11-19,US,Texas,Oldham,32,2,0,35.40425596,-102.6027606,48359.0,0.0,0.0,1515.1515151515152,6.25,30,31,2,0,29,31,2131,1,0,0,1,0
2020-11-19,US,Texas,Orange,2439,51,0,30.11879481,-93.89412775,48361.0,0.0,0.0,2924.600700273395,2.0910209102091017,2388,2427,51,0,2376,2384,83572,12,0,0,12,43
2020-11-19,US,Texas,Palo Pinto,879,27,0,32.75310985,-98.31319001,48363.0,0.0,0.0,3011.408407276713,3.0716723549488054,852,850,27,0,823,837,28875,29,0,0,29,13
2020-11-19,US,Texas,Panola,521,34,0,32.163959600000005,-94.30552481,48365.0,0.0,0.0,2246.270587220833,6.525911708253359,487,519,34,0,485,519,23148,2,0,0,2,0
2020-11-19,US,Texas,Parker,3299,61,0,32.77757172,-97.80500621,48367.0,0.0,0.0,2308.962891417853,1.849045165201576,3238,3114,60,0,3054,3076,138371,185,1,0,184,38
2020-11-19,US,Texas,Parmer,657,22,0,34.52993409,-102.78446679999999,48369.0,0.0,0.0,6840.1874023945875,3.34855403348554,635,653,22,0,631,653,9864,4,0,0,4,0
2020-11-19,US,Texas,Pecos,678,15,0,30.78097267,-102.72412609999999,48371.0,0.0,0.0,4284.901725336536,2.2123893805309733,663,669,15,0,654,659,15673,9,0,0,9,10
2020-11-19,US,Texas,Polk,988,42,0,30.79472531,-94.82766240000001,48373.0,0.0,0.0,1923.9382314567795,4.251012145748988,946,983,42,0,941,983,50031,5,0,0,5,0
2020-11-19,US,Texas,Potter,11286,148,0,35.40133773,-101.893964,48375.0,0.0,0.0,9612.059787931696,1.3113592060960482,11138,11052,143,0,10909,10868,119648,234,5,0,229,184
2020-11-19,US,Texas,Presidio,261,7,0,29.99954402,-104.24080790000001,48377.0,0.0,0.0,3893.198090692124,2.681992337164751,254,247,7,0,240,237,6948,14,0,0,14,10
2020-11-19,US,Texas,Rains,142,6,0,32.87109387,-95.79232691,48379.0,0.0,0.0,1134.7291034041873,4.225352112676056,136,141,6,0,135,138,12159,1,0,0,1,3
2020-11-19,US,Texas,Randall,8837,79,0,34.96585996,-101.8971322,48381.0,0.0,0.0,6416.968623151046,0.8939685413601901,8758,8661,73,0,8588,8405,136271,176,6,0,170,256
2020-11-19,US,Texas,Reagan,155,6,0,31.36607041,-101.52326590000001,48383.0,0.0,0.0,4027.0200051961547,3.870967741935484,149,150,6,0,144,143,3741,5,0,0,5,7
2020-11-19,US,Texas,Real,130,8,0,29.83321503,-99.82018052,48385.0,0.0,0.0,3765.932792584009,6.153846153846153,122,129,8,0,121,128,3478,1,0,0,1,1
2020-11-19,US,Texas,Red River,215,18,0,33.61886692,-95.04841765,48387.0,0.0,0.0,1788.2392081843134,8.372093023255816,197,213,18,0,195,213,12175,2,0,0,2,0
2020-11-19,US,Texas,Reeves,435,11,0,31.32323325,-103.69038959999999,48389.0,0.0,0.0,2722.8342513770667,2.528735632183908,424,416,11,0,405,412,15695,19,0,0,19,4
2020-11-19,US,Texas,Refugio,332,16,0,28.323897600000002,-97.15766311,48391.0,0.0,0.0,4778.353483016696,4.819277108433735,316,332,16,0,316,330,7032,0,0,0,0,2
2020-11-19,US,Texas,Roberts,25,0,0,35.83809685,-100.813175,48393.0,0.0,0.0,2927.400468384075,0.0,25,23,0,0,23,23,903,2,0,0,2,0
2020-11-19,US,Texas,Robertson,463,6,0,31.02539637,-96.51272246,48395.0,0.0,0.0,2711.725430479091,1.2958963282937366,457,459,6,0,453,456,17284,4,0,0,4,3
2020-11-19,US,Texas,Rockwall,2487,35,0,32.89779518,-96.40771592,48397.0,0.0,0.0,2370.490396988038,1.4073180538801768,2452,2464,35,0,2429,2414,100657,23,0,0,23,50
2020-11-19,US,Texas,Runnels,331,11,0,31.8314342,-99.97616148,48399.0,0.0,0.0,3224.863600935308,3.323262839879154,320,326,11,0,315,325,10234,5,0,0,5,1
2020-11-19,US,Texas,Rusk,1144,29,0,32.10773545,-94.76176432,48401.0,0.0,0.0,2102.7092600080873,2.534965034965035,1115,1146,29,0,1117,1139,54450,0,0,0,-2,7
2020-11-19,US,Texas,Sabine,120,10,0,31.34318809,-93.85440451,48403.0,0.0,0.0,1138.3039271485484,8.333333333333334,110,120,10,0,110,117,10589,0,0,0,0,3
2020-11-19,US,Texas,San Augustine,254,16,0,31.39457611,-94.17000399,48405.0,0.0,0.0,3083.64695884424,6.299212598425197,238,243,16,0,227,243,8232,11,0,0,11,0
2020-11-19,US,Texas,San Jacinto,250,14,0,30.57933681,-95.16260304,48407.0,0.0,0.0,866.2808829134758,5.6,236,250,14,0,236,250,28719,0,0,0,0,0
2020-11-19,US,Texas,San Patricio,1747,84,0,28.00880118,-97.51763891,48409.0,0.0,0.0,2618.012887756631,4.8082427017744696,1663,1747,84,0,1663,1747,66893,0,0,0,0,0
2020-11-19,US,Texas,San Saba,291,5,0,31.1577796,-98.81758731,48411.0,0.0,0.0,4805.945499587118,1.718213058419244,286,277,5,0,272,270,6054,14,0,0,14,7
2020-11-19,US,Texas,Schleicher,100,2,0,30.89740592,-100.5384842,48413.0,0.0,0.0,3580.3795202291444,2.0,98,99,2,0,97,98,2895,1,0,0,1,1
2020-11-19,US,Texas,Scurry,1449,19,0,32.74613808,-100.91626640000001,48415.0,0.0,0.0,8675.088307489672,1.311249137336094,1430,1426,19,0,1407,1397,16866,23,0,0,23,29
2020-11-19,US,Texas,Shackelford,46,0,0,32.73587756,-99.35401337,48417.0,0.0,0.0,1408.8820826952524,0.0,46,46,0,0,46,46,3253,0,0,0,0,0
2020-11-19,US,Texas,Shelby,589,35,0,31.79211404,-94.14550696,48419.0,0.0,0.0,2330.4581783651183,5.942275042444821,554,588,35,0,553,588,25418,1,0,0,1,0
2020-11-19,US,Texas,Sherman,87,1,0,36.27751473,-101.8933156,48421.0,0.0,0.0,2878.8881535407013,1.1494252873563218,86,86,1,0,85,86,3079,1,0,0,1,0
2020-11-19,US,Texas,Smith,5573,181,0,32.37474036,-95.27175679999999,48423.0,0.0,0.0,2394.404320497012,3.2478019020276334,5392,5428,177,0,5251,5366,230221,145,4,0,141,62
2020-11-19,US,Texas,Somervell,224,5,0,32.22236802,-97.77403489,48425.0,0.0,0.0,2453.9877300613502,2.232142857142857,219,222,5,0,217,217,9016,2,0,0,2,5
2020-11-19,US,Texas,Starr,3767,187,0,26.56150059,-98.73892358,48427.0,0.0,0.0,5828.292048953322,4.9641624634988055,3580,3745,187,0,3558,3742,64525,22,0,0,22,3
2020-11-19,US,Texas,Stephens,224,7,0,32.73553157,-98.83631615,48429.0,0.0,0.0,2391.6292974588932,3.125,217,217,7,0,210,216,9433,7,0,0,7,1
2020-11-19,US,Texas,Sterling,30,1,0,31.82781912,-101.05007459999999,48431.0,0.0,0.0,2323.7800154918673,3.333333333333333,29,28,1,0,27,27,1311,2,0,0,2,1
2020-11-19,US,Texas,Stonewall,24,1,0,33.17906744,-100.25384009999999,48433.0,0.0,0.0,1777.7777777777774,4.166666666666667,23,24,1,0,23,24,1362,0,0,0,0,0
2020-11-19,US,Texas,Sutton,173,3,0,30.49856623,-100.5382014,48435.0,0.0,0.0,4581.567796610169,1.7341040462427746,170,166,3,0,163,164,3758,7,0,0,7,2
2020-11-19,US,Texas,Swisher,220,7,0,34.53028891,-101.73491740000001,48437.0,0.0,0.0,2974.17872110315,3.1818181818181817,213,215,6,0,209,215,7462,5,1,0,4,0
2020-11-19,US,Texas,Tarrant,87536,968,0,32.77143818,-97.29101614,48439.0,0.0,0.0,4163.394791475923,1.1058307439225004,86568,85759,958,0,84801,83647,2084931,1777,10,0,1767,2112
2020-11-19,US,Texas,Taylor,2990,98,0,32.30163422,-99.89007449,48441.0,0.0,0.0,2166.1329817291394,3.2775919732441468,2892,2969,93,0,2876,2958,137640,21,5,0,16,11
2020-11-19,US,Texas,Terrell,11,0,0,30.22429013,-102.0766732,48443.0,0.0,0.0,1417.5257731958764,0.0,11,11,0,0,11,11,823,0,0,0,0,0
2020-11-19,US,Texas,Terry,851,18,0,33.17402785,-102.3354521,48445.0,0.0,0.0,6897.949258328605,2.1151586368977675,833,838,15,0,823,811,12287,13,3,0,10,27
2020-11-19,US,Texas,Throckmorton,22,2,0,33.17751417,-99.21226795,48447.0,0.0,0.0,1465.6895403064625,9.090909090909092,20,22,2,0,20,22,1515,0,0,0,0,0
2020-11-19,US,Texas,Titus,1831,40,0,33.21339719,-94.96797273,48449.0,0.0,0.0,5590.839694656489,2.184598580010923,1791,1831,38,0,1793,1831,33033,0,2,0,-2,0
2020-11-19,US,Texas,Tom Green,7793,97,0,31.40464436,-100.46244300000001,48451.0,0.0,0.0,6537.751677852349,1.2447067881432057,7696,7650,95,0,7555,7481,118189,143,2,0,141,169
2020-11-19,US,Texas,Travis,35616,473,0,30.33432034,-97.78535620000001,48453.0,0.0,0.0,2795.705339439258,1.3280548068283915,35143,35326,469,0,34857,35020,1248743,290,4,0,286,306
2020-11-19,US,Texas,Trinity,225,8,0,31.0879489,-95.1367187,48455.0,0.0,0.0,1535.7313493959455,3.555555555555556,217,217,8,0,209,215,14740,8,0,0,8,2
2020-11-19,US,Texas,Tyler,291,4,0,30.77031716,-94.37690895,48457.0,0.0,0.0,1342.7464008859358,1.3745704467353952,287,291,4,0,287,282,21696,0,0,0,0,9
2020-11-19,US,Texas,Upshur,580,17,0,32.73706798,-94.93999853,48459.0,0.0,0.0,1389.1217397552273,2.931034482758621,563,573,17,0,556,573,41260,7,0,0,7,0
2020-11-19,US,Texas,Upton,43,5,0,31.36868194,-102.0423217,48461.0,0.0,0.0,1175.827180749248,11.627906976744184,38,41,5,0,36,40,3671,2,0,0,2,1
2020-11-19,US,Texas,Uvalde,1014,38,0,29.35739637,-99.76229172,48463.0,0.0,0.0,3791.9299951385524,3.7475345167652865,976,1008,38,0,970,1001,26846,6,0,0,6,7
2020-11-19,US,Texas,Val Verde,2932,137,0,29.89149232,-101.1525205,48465.0,0.0,0.0,5980.622131565528,4.672578444747613,2795,2932,136,0,2796,2932,49208,0,1,0,-1,0
2020-11-19,US,Texas,Van Zandt,1007,32,0,32.56483801,-95.83766469,48467.0,0.0,0.0,1779.4663368086233,3.1777557100297917,975,978,32,0,946,953,56019,29,0,0,29,25
2020-11-19,US,Texas,Victoria,4733,99,0,28.79780988,-96.96813006,48469.0,0.0,0.0,5139.8722905173545,2.0916965983519966,4634,4698,99,0,4599,4627,92035,35,0,0,35,71
2020-11-19,US,Texas,Walker,4053,68,0,30.73872995,-95.57440968,48471.0,0.0,0.0,5554.261281879103,1.677769553417222,3985,4046,68,0,3978,4028,72480,7,0,0,7,18
2020-11-19,US,Texas,Waller,1063,18,0,30.01058447,-95.99011759,48473.0,0.0,0.0,1924.1212033450383,1.6933207902163687,1045,1059,17,0,1042,1059,53126,4,1,0,3,0
2020-11-19,US,Texas,Ward,306,4,0,31.50999644,-103.09279090000001,48475.0,0.0,0.0,2550.425070845141,1.30718954248366,302,300,4,0,296,296,11720,6,0,0,6,4
2020-11-19,US,Texas,Washington,886,53,0,30.21498498,-96.40946246,48477.0,0.0,0.0,2469.204615127362,5.981941309255079,833,869,52,0,817,846,35108,17,1,0,16,23
2020-11-19,US,Texas,Webb,18109,366,0,27.7610369,-99.33237355,48479.0,0.0,0.0,6545.768691352313,2.021094483406041,17743,17815,364,0,17451,17450,275910,294,2,0,292,365
2020-11-19,US,Texas,Wharton,1540,64,0,29.27765923,-96.22319248,48481.0,0.0,0.0,3705.842718259698,4.155844155844156,1476,1527,62,0,1465,1526,41619,13,2,0,11,1
2020-11-19,US,Texas,Wheeler,200,4,0,35.40114335,-100.26995140000001,48483.0,0.0,0.0,3955.6962025316457,2.0,196,191,4,0,187,191,5191,9,0,0,9,0
2020-11-19,US,Texas,Wichita,5853,97,0,33.98842886,-98.70410340000001,48485.0,0.0,0.0,4426.378280269228,1.657269776183154,5756,5707,93,0,5614,5558,132064,146,4,0,142,149
2020-11-19,US,Texas,Wilbarger,559,10,0,34.07945812,-99.24178437,48487.0,0.0,0.0,4377.789960059519,1.7889087656529516,549,549,9,0,540,539,12820,10,1,0,9,10
2020-11-19,US,Texas,Willacy,1304,59,0,26.47411727,-97.61535848,48489.0,0.0,0.0,6105.440584324375,4.524539877300613,1245,1301,59,0,1242,1299,21515,3,0,0,3,2
2020-11-19,US,Texas,Williamson,11310,161,0,30.64655664,-97.60048540000001,48491.0,0.0,0.0,1915.1605873159133,1.4235190097259065,11149,11184,160,0,11024,11084,566719,126,1,0,125,100
2020-11-19,US,Texas,Wilson,1077,28,0,29.1732598,-98.08693082,48493.0,0.0,0.0,2108.870178186802,2.5998142989786444,1049,1075,28,0,1047,1049,50224,2,0,0,2,26
2020-11-19,US,Texas,Winkler,248,5,0,31.85008651,-103.04851629999999,48495.0,0.0,0.0,3096.1298377028716,2.0161290322580645,243,242,5,0,237,234,7720,6,0,0,6,8
2020-11-19,US,Texas,Wise,1357,28,0,33.21570665,-97.65460265,48497.0,0.0,0.0,1939.0146319158664,2.0633750921149594,1329,1279,27,0,1252,1249,68305,78,1,0,77,30
2020-11-19,US,Texas,Wood,836,47,0,32.78722382,-95.38236368,48499.0,0.0,0.0,1835.7891038450562,5.6220095693779895,789,817,46,0,771,805,45129,19,1,0,18,12
2020-11-19,US,Texas,Yoakum,574,10,0,33.17320212,-102.82764329999999,48501.0,0.0,0.0,6587.857224836452,1.7421602787456445,564,544,10,0,534,525,8591,30,0,0,30,19
2020-11-19,US,Texas,Young,774,18,0,33.17659707,-98.68790885,48503.0,0.0,0.0,4297.612437534703,2.3255813953488373,756,759,16,0,743,754,18045,15,2,0,13,5
2020-11-19,US,Texas,Zapata,425,9,0,27.00156391,-99.16987152,48505.0,0.0,0.0,2997.390507087947,2.117647058823529,416,424,9,0,415,423,14190,1,0,0,1,1
2020-11-19,US,Texas,Zavala,548,21,0,28.86617238,-99.76050829,48507.0,0.0,0.0,4628.378378378378,3.832116788321168,527,546,21,0,525,534,11983,2,0,0,2,12
2020-11-19,US,Utah,Bear River,8365,25,0,41.52106798,-113.08328159999999,0.0,0.0,0.0,4477.619929557109,0.2988643156007173,8340,8082,25,0,8057,7897,,283,0,0,283,185
2020-11-19,US,Utah,Central Utah,2471,15,0,39.37231946,-111.5758676,0.0,0.0,0.0,3015.106035092857,0.6070416835289356,2456,2360,15,0,2345,2254,,111,0,0,111,106
2020-11-19,US,Utah,Davis,13614,55,0,40.99001837,-112.1139997,49011.0,0.0,0.0,3829.740548721311,0.4039958865873365,13559,13261,55,0,13206,12951,351713,353,0,0,353,310
2020-11-19,US,Utah,Salt Lake,69503,363,0,40.66616532,-111.92160109999999,49035.0,0.0,0.0,5989.381586419599,0.5222796138296188,69140,67942,359,0,67583,66727,1152633,1561,4,0,1557,1215
2020-11-19,US,Utah,San Juan,959,30,0,37.62762978,-109.80337140000002,49037.0,0.0,0.0,6264.6981970211655,3.1282586027111576,929,945,30,0,915,937,15449,14,0,0,14,8
2020-11-19,US,Utah,Southeast Utah,1054,6,0,38.99617072,-110.70139579999999,0.0,0.0,0.0,2620.0004971537946,0.5692599620493358,1048,1011,6,0,1005,962,,43,0,0,43,49
2020-11-19,US,Utah,Southwest Utah,9678,77,0,37.85447192,-111.4418764,0.0,0.0,0.0,3839.8362177732283,0.7956189295308949,9601,9459,73,0,9386,9228,,219,4,0,215,231
2020-11-19,US,Utah,Summit,1981,3,0,40.86688146,-110.9535882,49043.0,0.0,0.0,4700.43896073081,0.1514386673397274,1978,1950,3,0,1947,1919,41933,31,0,0,31,31
2020-11-19,US,Utah,Tooele,2411,9,0,40.44862644,-113.12957150000001,49045.0,0.0,0.0,3336.6085885495227,0.3732890916632103,2402,2348,9,0,2339,2283,69907,63,0,0,63,65
2020-11-19,US,Utah,TriCounty,1136,4,0,40.12491499,-109.5174415,0.0,0.0,0.0,2006.2873088198933,0.35211267605633795,1132,1102,4,0,1098,1037,,34,0,0,34,65
2020-11-19,US,Utah,Utah,42096,112,0,40.116672200000004,-111.66576620000001,49049.0,0.0,0.0,6616.423176970773,0.26605853287723297,41984,41132,107,0,41025,40623,622213,964,5,0,959,509
2020-11-19,US,Utah,Wasatch,1760,11,0,40.33110236,-111.1691419,49051.0,0.0,0.0,5162.652899592268,0.625,1749,1726,10,0,1716,1688,33240,34,1,0,33,38
2020-11-19,US,Utah,Weber-Morgan,10968,46,0,41.27116049,-111.9145117,0.0,0.0,0.0,4027.363156677205,0.4194018964259664,10922,10710,44,0,10666,10451,,258,2,0,256,259
2020-11-19,US,Vermont,Addison,155,2,0,44.03217337,-73.14130877,50001.0,0.0,0.0,421.45906408896866,1.2903225806451613,153,152,2,0,150,150,36973,3,0,0,3,2
2020-11-19,US,Vermont,Bennington,173,1,0,43.03519828,-73.09048868,50003.0,0.0,0.0,487.73611502678324,0.5780346820809249,172,170,1,0,169,169,35631,3,0,0,3,1
2020-11-19,US,Vermont,Caledonia,85,0,0,44.46548598,-72.10314651,50005.0,0.0,0.0,283.39945987397067,0.0,85,78,0,0,78,77,30302,7,0,0,7,1
2020-11-19,US,Vermont,Chittenden,1289,39,0,44.46322849,-73.08359212,50007.0,0.0,0.0,787.0602171284819,3.0256012412723035,1250,1251,39,0,1212,1236,164572,38,0,0,38,15
2020-11-19,US,Vermont,Essex,26,0,0,44.72736416,-71.73579864,50009.0,0.0,0.0,421.87246470874567,0.0,26,25,0,0,25,25,6250,1,0,0,1,0
2020-11-19,US,Vermont,Franklin,183,7,0,44.85627605,-72.91249563,50011.0,0.0,0.0,370.4303469495162,3.8251366120218577,176,173,7,0,166,171,49421,10,0,0,10,2
2020-11-19,US,Vermont,Grand Isle,36,0,0,44.797582399999996,-73.29679772,50013.0,0.0,0.0,497.581202487906,0.0,36,35,0,0,35,34,7090,1,0,0,1,1
2020-11-19,US,Vermont,Lamoille,122,1,0,44.60353043,-72.64356694,50015.0,0.0,0.0,481.0346187209211,0.819672131147541,121,110,1,0,109,109,25300,12,0,0,12,1
2020-11-19,US,Vermont,Orange,136,0,0,44.00470222,-72.37640104,50017.0,0.0,0.0,470.71853800359963,0.0,136,129,0,0,129,122,28999,7,0,0,7,7
2020-11-19,US,Vermont,Orleans,86,1,0,44.82964024,-72.24562697,50019.0,0.0,0.0,318.0826275104486,1.162790697674419,85,83,1,0,82,81,26907,3,0,0,3,2
2020-11-19,US,Vermont,Rutland,198,3,0,43.57723578,-73.03741676,50021.0,0.0,0.0,340.2588029076661,1.5151515151515151,195,195,2,0,193,190,58672,3,1,0,2,5
2020-11-19,US,Vermont,Unassigned,8,0,0,0.0,0.0,90050.0,0.0,0.0,0.0,0.0,8,9,0,0,9,8,,0,0,0,-1,1
2020-11-19,US,Vermont,Washington,470,2,0,44.27343241,-72.61604978,50023.0,0.0,0.0,804.6705131058569,0.425531914893617,468,420,2,0,418,403,58140,50,0,0,50,17
2020-11-19,US,Vermont,Windham,185,3,0,42.986982,-72.71268875,50025.0,0.0,0.0,438.16020084316233,1.6216216216216215,182,179,3,0,176,177,42756,6,0,0,6,2
2020-11-19,US,Vermont,Windsor,158,2,0,43.58010937,-72.58595157,50027.0,0.0,0.0,286.94925720097336,1.2658227848101269,156,152,2,0,150,152,55286,6,0,0,6,0
2020-11-19,US,Virginia,Accomack,1279,21,0,37.76707161,-75.63234615,51001.0,0.0,0.0,3957.791805916574,1.6419077404222049,1258,1270,21,0,1249,1266,32412,9,0,0,9,4
2020-11-19,US,Virginia,Albemarle,1755,26,0,38.02080697,-78.55481085,51003.0,0.0,0.0,1605.231866825208,1.4814814814814814,1729,1742,26,0,1716,1731,108718,13,0,0,13,11
2020-11-19,US,Virginia,Alexandria,4797,77,0,38.814003,-77.08183073,51510.0,0.0,0.0,3008.881752264345,1.6051698978528246,4720,4768,76,0,4692,4726,160530,29,1,0,28,42
2020-11-19,US,Virginia,Alleghany,259,6,0,37.78636074,-80.00222498,51005.0,0.0,0.0,1742.9340511440107,2.3166023166023164,253,245,6,0,239,246,14910,14,0,0,14,0
2020-11-19,US,Virginia,Amelia,165,6,0,37.34081025,-77.98584649,51007.0,0.0,0.0,1255.2301255230125,3.636363636363636,159,164,6,0,158,164,13013,1,0,0,1,0
2020-11-19,US,Virginia,Amherst,699,6,0,37.60308293,-79.14548696,51009.0,0.0,0.0,2211.6753678215478,0.8583690987124464,693,693,6,0,687,691,31666,6,0,0,6,2
2020-11-19,US,Virginia,Appomattox,362,6,0,37.37569884,-78.81340003,51011.0,0.0,0.0,2275.15555276224,1.6574585635359116,356,358,6,0,352,355,15841,4,0,0,4,3
2020-11-19,US,Virginia,Arlington,5544,156,0,38.8767675,-77.10139853,51013.0,0.0,0.0,2340.801040356018,2.813852813852814,5388,5512,156,0,5356,5454,237521,32,0,0,32,58
2020-11-19,US,Virginia,Augusta,954,11,0,38.16404586,-79.12461614,51015.0,0.0,0.0,1262.6062097990946,1.1530398322851152,943,938,11,0,927,914,75457,16,0,0,16,24
2020-11-19,US,Virginia,Bath,46,0,0,38.05852573,-79.73912095,51017.0,0.0,0.0,1109.2355919942129,0.0,46,45,0,0,45,42,4292,1,0,0,1,3
2020-11-19,US,Virginia,Bedford,1606,18,0,37.3080028,-79.5281964,51019.0,0.0,0.0,2032.988594503589,1.1207970112079702,1588,1596,18,0,1578,1584,78747,10,0,0,10,12
2020-11-19,US,Virginia,Bland,111,5,0,37.13128068,-81.13599391,51021.0,0.0,0.0,1767.5159235668787,4.504504504504505,106,110,5,0,105,107,6293,1,0,0,1,3
2020-11-19,US,Virginia,Botetourt,654,13,0,37.55531756,-79.80982182,51023.0,0.0,0.0,1956.9705855950208,1.9877675840978597,641,638,13,0,625,630,33277,16,0,0,16,8
2020-11-19,US,Virginia,Bristol,459,7,0,36.616302399999995,-82.16359122,51520.0,0.0,0.0,2738.336713995943,1.5250544662309369,452,449,7,0,442,439,16482,10,0,0,10,10
2020-11-19,US,Virginia,Brunswick,453,6,0,36.76366949,-77.8593436,51025.0,0.0,0.0,2790.955578830633,1.3245033112582782,447,452,6,0,446,449,16384,1,0,0,1,3
2020-11-19,US,Virginia,Buchanan,351,5,0,37.26818323,-82.03749726,51027.0,0.0,0.0,1671.1102647114835,1.4245014245014245,346,351,5,0,346,331,21221,0,0,0,0,20
2020-11-19,US,Virginia,Buckingham,837,9,0,37.57242268,-78.52518834,51029.0,0.0,0.0,4881.035689293212,1.075268817204301,828,821,9,0,812,821,16999,16,0,0,16,0
2020-11-19,US,Virginia,Buena Vista,204,1,0,37.73484642,-79.35296097,51530.0,0.0,0.0,3149.1200987959255,0.4901960784313725,203,194,1,0,193,189,6237,10,0,0,10,5
2020-11-19,US,Virginia,Campbell,970,12,0,37.20553386,-79.09678609,51031.0,0.0,0.0,1767.3316935410407,1.2371134020618555,958,962,12,0,950,956,54973,8,0,0,8,6
2020-11-19,US,Virginia,Caroline,527,6,0,38.02679129,-77.34901405,51033.0,0.0,0.0,1715.2156224572825,1.1385199240986716,521,516,6,0,510,499,30772,11,0,0,11,17
2020-11-19,US,Virginia,Carroll,806,29,0,36.73066666,-80.73455942,51035.0,0.0,0.0,2705.515088449532,3.5980148883374685,777,786,29,0,757,777,29636,20,0,0,20,9
2020-11-19,US,Virginia,Charles City,125,5,0,37.35358063,-77.05634116,51036.0,0.0,0.0,1795.2032170041648,4.0,120,125,5,0,120,121,6941,0,0,0,0,4
2020-11-19,US,Virginia,Charlotte,264,4,0,37.01909701,-78.66314092,51037.0,0.0,0.0,2222.222222222222,1.5151515151515151,260,262,4,0,258,259,11938,2,0,0,2,3
2020-11-19,US,Virginia,Charlottesville,1769,31,0,38.03527919,-78.48569588,51540.0,0.0,0.0,3742.6479922142767,1.7524024872809496,1738,1762,31,0,1731,1752,48117,7,0,0,7,10
2020-11-19,US,Virginia,Chesapeake,5729,80,0,36.67670048,-76.30545744,51550.0,0.0,0.0,2339.943227071293,1.39640425903299,5649,5695,80,0,5615,5636,242634,34,0,0,34,59
2020-11-19,US,Virginia,Chesterfield,8363,124,0,37.37373208,-77.58680140000001,51041.0,0.0,0.0,2370.45141467452,1.4827215114193468,8239,8295,123,0,8172,8253,348556,68,1,0,67,42
2020-11-19,US,Virginia,Clarke,172,2,0,39.11271747,-77.99199425,51043.0,0.0,0.0,1176.5510636842466,1.162790697674419,170,167,2,0,165,160,14523,5,0,0,5,7
2020-11-19,US,Virginia,Colonial Heights,366,26,0,37.26420587,-77.39609676,51570.0,0.0,0.0,2107.0811744386874,7.103825136612022,340,362,26,0,336,361,17833,4,0,0,4,1
2020-11-19,US,Virginia,Covington,110,0,0,37.7824656,-79.98631446,51580.0,0.0,0.0,1986.276634163958,0.0,110,106,0,0,106,103,5460,4,0,0,4,3
2020-11-19,US,Virginia,Craig,75,0,0,37.48133648,-80.21072274,51045.0,0.0,0.0,1461.703371662444,0.0,75,74,0,0,74,73,5064,1,0,0,1,1
2020-11-19,US,Virginia,Culpeper,1854,19,0,38.48199985,-77.95630870000002,51047.0,0.0,0.0,3524.3798118049617,1.0248112189859762,1835,1838,19,0,1819,1825,51859,16,0,0,16,13
2020-11-19,US,Virginia,Cumberland,139,4,0,37.51328851,-78.24398086,51049.0,0.0,0.0,1399.5167136528394,2.8776978417266186,135,139,4,0,135,139,9809,0,0,0,0,0
2020-11-19,US,Virginia,Danville,1469,47,0,36.58022376,-79.40395668,51590.0,0.0,0.0,3668.4646888422735,3.1994554118447924,1422,1461,47,0,1414,1453,40693,8,0,0,8,8
2020-11-19,US,Virginia,Dickenson,229,1,0,37.12560977,-82.35124171,51051.0,0.0,0.0,1599.385389020813,0.4366812227074236,228,223,1,0,222,210,14523,6,0,0,6,13
2020-11-19,US,Virginia,Dinwiddie,612,13,0,37.07544585,-77.63451754,51053.0,0.0,0.0,2144.0582959641256,2.124183006535948,599,607,12,0,595,602,28529,5,1,0,4,5
2020-11-19,US,Virginia,Emporia,307,28,0,36.69455571,-77.53406129,51595.0,0.0,0.0,5742.611298166854,9.120521172638435,279,307,28,0,279,308,5121,0,0,0,0,0
2020-11-19,US,Virginia,Essex,221,2,0,37.93357639,-76.94230311,51057.0,0.0,0.0,2017.7120423628228,0.9049773755656108,219,219,2,0,217,217,10919,2,0,0,2,2
2020-11-19,US,Virginia,Fairfax,27475,612,0,38.83677558,-77.27565836,51059.0,0.0,0.0,2394.2687437038794,2.227479526842584,26863,27270,611,0,26659,27021,1150795,205,1,0,204,249
2020-11-19,US,Virginia,Fairfax,27475,612,0,38.83677558,-77.27565836,51059.0,0.0,0.0,2394.2687437038794,2.227479526842584,26863,27270,611,0,26659,27021,24574,205,1,0,204,249
2020-11-19,US,Virginia,Fairfax City,191,8,0,38.85157547,-77.29779640000002,51600.0,0.0,0.0,795.2037969940463,4.18848167539267,183,190,8,0,182,187,24574,1,0,0,1,3
2020-11-19,US,Virginia,Falls Church,86,7,0,38.88485255,-77.17560759,51610.0,0.0,0.0,588.3560238078949,8.13953488372093,79,85,7,0,78,83,14772,1,0,0,1,2
2020-11-19,US,Virginia,Fauquier,1309,27,0,38.73564842,-77.80647472,51061.0,0.0,0.0,1837.9152509056191,2.0626432391138274,1282,1295,27,0,1268,1291,70675,14,0,0,14,4
2020-11-19,US,Virginia,Floyd,298,15,0,36.9302126,-80.36738849,51063.0,0.0,0.0,1892.1836307067115,5.033557046979865,283,296,15,0,281,286,15795,2,0,0,2,10
2020-11-19,US,Virginia,Fluvanna,468,9,0,37.84157909,-78.27715475,51065.0,0.0,0.0,1716.171617161716,1.9230769230769231,459,468,9,0,459,466,26783,0,0,0,0,2
2020-11-19,US,Virginia,Franklin,1343,11,0,36.99536167,-79.88023649,51067.0,0.0,0.0,2396.416972984547,0.8190618019359642,1332,1291,10,0,1281,1275,56195,52,1,0,51,16
2020-11-19,US,Virginia,Franklin,1343,11,0,36.99536167,-79.88023649,51067.0,0.0,0.0,2396.416972984547,0.8190618019359642,1332,1291,10,0,1281,1275,8013,52,1,0,51,16
2020-11-19,US,Virginia,Franklin City,530,16,0,36.6831435,-76.93859681,51620.0,0.0,0.0,6652.441320446843,3.018867924528302,514,530,15,0,515,531,8013,0,1,0,-1,0
2020-11-19,US,Virginia,Frederick,1704,17,0,39.20172582,-78.25974949,51069.0,0.0,0.0,1907.8969466930905,0.9976525821596244,1687,1646,17,0,1629,1558,88355,58,0,0,58,88
2020-11-19,US,Virginia,Fredericksburg,641,6,0,38.2977863,-77.4922454,51630.0,0.0,0.0,2207.6043532166964,0.93603744149766,635,640,6,0,634,639,29144,1,0,0,1,1
2020-11-19,US,Virginia,Galax,513,30,0,36.66601852,-80.91703124,51640.0,0.0,0.0,8082.558689144477,5.847953216374268,483,509,30,0,479,506,6423,4,0,0,4,3
2020-11-19,US,Virginia,Giles,217,0,0,37.31234791,-80.70636931,51071.0,0.0,0.0,1297.846889952153,0.0,217,210,0,0,210,207,16844,7,0,0,7,3
2020-11-19,US,Virginia,Gloucester,391,3,0,37.40809042,-76.53524337,51073.0,0.0,0.0,1046.9101424440398,0.7672634271099744,388,388,3,0,385,387,37349,3,0,0,3,1
2020-11-19,US,Virginia,Goochland,382,7,0,37.71714806,-77.90381514,51075.0,0.0,0.0,1608.217909316718,1.8324607329842928,375,376,7,0,369,374,23244,6,0,0,6,2
2020-11-19,US,Virginia,Grayson,473,21,0,36.65677234,-81.23215889,51077.0,0.0,0.0,3041.800643086817,4.439746300211416,452,463,20,0,443,461,15631,10,1,0,9,2
2020-11-19,US,Virginia,Greene,338,4,0,38.29545894,-78.46525378,51079.0,0.0,0.0,1705.434179322872,1.183431952662722,334,336,4,0,332,335,19779,2,0,0,2,1
2020-11-19,US,Virginia,Greensville,925,16,0,36.67878901,-77.56351439,51081.0,0.0,0.0,8159.84474241355,1.7297297297297298,909,923,16,0,907,921,11627,2,0,0,2,2
2020-11-19,US,Virginia,Halifax,752,12,0,36.76654925,-78.93512622,51083.0,0.0,0.0,2217.5695202146794,1.5957446808510638,740,751,12,0,739,746,34120,1,0,0,1,5
2020-11-19,US,Virginia,Hampton,2481,34,0,37.03513786,-76.35879121,51650.0,0.0,0.0,1844.4725299234256,1.3704151551793629,2447,2449,34,0,2415,2442,134313,32,0,0,32,7
2020-11-19,US,Virginia,Hanover,2090,48,0,37.7583355,-77.49464673,51085.0,0.0,0.0,1939.3871907651765,2.2966507177033493,2042,2068,48,0,2020,2050,107239,22,0,0,22,18
2020-11-19,US,Virginia,Harrisonburg,3296,36,0,38.43542574,-78.87536254,51660.0,0.0,0.0,6216.991097027312,1.0922330097087378,3260,3296,36,0,3260,3291,54033,0,0,0,0,5
2020-11-19,US,Virginia,Henrico,7509,242,0,37.53460572,-77.39326555,51087.0,0.0,0.0,2269.828123016281,3.2227993074976693,7267,7456,241,0,7215,7361,329261,53,1,0,52,95
2020-11-19,US,Virginia,Henry,1652,39,0,36.68542395,-79.87634026,51089.0,0.0,0.0,3267.598947722373,2.360774818401937,1613,1637,37,0,1600,1621,50953,15,2,0,13,16
2020-11-19,US,Virginia,Highland,14,0,0,38.35799465,-79.56124594,51091.0,0.0,0.0,639.269406392694,0.0,14,14,0,0,14,14,2210,0,0,0,0,0
2020-11-19,US,Virginia,Hopewell,567,9,0,37.29186313,-77.29754684,51670.0,0.0,0.0,2516.7561809223666,1.5873015873015872,558,566,8,0,558,565,22596,1,1,0,0,1
2020-11-19,US,Virginia,Isle of Wight,950,27,0,36.90579348,-76.70842863,51093.0,0.0,0.0,2560.025869735105,2.8421052631578947,923,941,27,0,914,941,36953,9,0,0,9,0
2020-11-19,US,Virginia,James City,1082,22,0,37.31156958,-76.76950618,51095.0,0.0,0.0,1413.9539746220096,2.033271719038817,1060,1077,22,0,1055,1075,76397,5,0,0,5,2
2020-11-19,US,Virginia,King George,350,5,0,38.26818502,-77.15852768,51099.0,0.0,0.0,1304.2182143389475,1.4285714285714286,345,348,5,0,343,342,26575,2,0,0,2,6
2020-11-19,US,Virginia,King William,263,5,0,37.70965316,-77.09384941,51101.0,0.0,0.0,1533.7065547002567,1.9011406844106464,258,260,5,0,255,256,16939,3,0,0,3,4
2020-11-19,US,Virginia,King and Queen,99,2,0,37.71044922,-76.88689628,51097.0,0.0,0.0,1409.2526690391462,2.0202020202020203,97,99,2,0,97,98,7042,0,0,0,0,1
2020-11-19,US,Virginia,Lancaster,223,1,0,37.71889653,-76.46400482,51103.0,0.0,0.0,2103.1783457512024,0.4484304932735426,222,223,1,0,222,223,10783,0,0,0,0,0
2020-11-19,US,Virginia,Lee,777,11,0,36.70586667,-83.12606515,51105.0,0.0,0.0,3317.2522734064805,1.4157014157014156,766,770,11,0,759,754,23541,7,0,0,7,16
2020-11-19,US,Virginia,Lexington,312,2,0,37.78258621,-79.44262866,51678.0,0.0,0.0,4190.169218372281,0.6410256410256411,310,308,2,0,306,307,7136,4,0,0,4,1
2020-11-19,US,Virginia,Loudoun,9046,138,0,39.08990083,-77.63481877,51107.0,0.0,0.0,2187.4652389865023,1.5255361485739554,8908,9020,136,0,8884,8954,406850,26,2,0,24,66
2020-11-19,US,Virginia,Louisa,457,8,0,37.97850256,-77.96274807,51109.0,0.0,0.0,1215.7165278923144,1.7505470459518602,449,450,8,0,442,448,36778,7,0,0,7,2
2020-11-19,US,Virginia,Lunenburg,161,5,0,36.94618528,-78.24133319,51111.0,0.0,0.0,1320.104952443424,3.1055900621118013,156,159,5,0,154,159,12086,2,0,0,2,0
2020-11-19,US,Virginia,Lynchburg,2395,27,0,37.40021399,-79.19888138,51680.0,0.0,0.0,2914.760003894461,1.1273486430062631,2368,2387,27,0,2360,2374,82126,8,0,0,8,13
2020-11-19,US,Virginia,Madison,171,4,0,38.41531222,-78.28220331,51113.0,0.0,0.0,1289.495513158887,2.3391812865497075,167,170,4,0,166,170,13295,1,0,0,1,0
2020-11-19,US,Virginia,Manassas,2180,28,0,38.7464321,-77.48509905,51683.0,0.0,0.0,5306.072775952293,1.2844036697247707,2152,2171,28,0,2143,2162,41641,9,0,0,9,9
2020-11-19,US,Virginia,Manassas Park,688,8,0,38.77058531,-77.44399307,51685.0,0.0,0.0,3936.377159858108,1.162790697674419,680,686,8,0,678,680,17307,2,0,0,2,6
2020-11-19,US,Virginia,Martinsville,595,24,0,36.68212094,-79.86352771,51690.0,0.0,0.0,4739.525250916043,4.033613445378151,571,578,24,0,554,576,12902,17,0,0,17,2
2020-11-19,US,Virginia,Mathews,151,1,0,37.44164146,-76.34098896,51115.0,0.0,0.0,1709.3049581163687,0.6622516556291391,150,149,1,0,148,149,8802,2,0,0,2,0
2020-11-19,US,Virginia,Mecklenburg,958,35,0,36.67882005,-78.36131056,51117.0,0.0,0.0,3132.0495635400653,3.653444676409186,923,957,35,0,922,954,30650,1,0,0,1,3
2020-11-19,US,Virginia,Middlesex,152,11,0,37.63191998,-76.55064617,51119.0,0.0,0.0,1436.4014364014365,7.236842105263157,141,152,11,0,141,151,10769,0,0,0,0,1
2020-11-19,US,Virginia,Montgomery,3547,12,0,37.17746986,-80.37868691,51121.0,0.0,0.0,3599.7361343684984,0.33831406822667043,3535,3502,10,0,3492,3429,98985,45,2,0,43,73
2020-11-19,US,Virginia,Nelson,155,2,0,37.78790447,-78.88498513,51125.0,0.0,0.0,1038.1781647689218,1.2903225806451613,153,154,2,0,152,153,14836,1,0,0,1,1
2020-11-19,US,Virginia,New Kent,343,4,0,37.50694406,-76.99828634,51127.0,0.0,0.0,1485.4272227274694,1.1661807580174928,339,338,4,0,334,336,22391,5,0,0,5,2
2020-11-19,US,Virginia,Newport News,3654,53,0,37.08166899,-76.51754109,51700.0,0.0,0.0,2038.7780722555447,1.4504652435686918,3601,3618,53,0,3565,3600,178626,36,0,0,36,18
2020-11-19,US,Virginia,Norfolk,6116,88,0,36.89934014,-76.26420872,51710.0,0.0,0.0,2519.5475031102983,1.4388489208633093,6028,6083,87,0,5996,6037,244076,33,1,0,32,46
2020-11-19,US,Virginia,Northampton,334,31,0,37.34062933,-75.87751591,51131.0,0.0,0.0,2852.2630230572167,9.281437125748504,303,334,31,0,303,333,11735,0,0,0,0,1
2020-11-19,US,Virginia,Northumberland,245,8,0,37.89202088,-76.41949732,51133.0,0.0,0.0,2025.6304257957834,3.26530612244898,237,245,8,0,237,244,12147,0,0,0,0,1
2020-11-19,US,Virginia,Norton,65,0,0,36.93357076,-82.62750411,51720.0,0.0,0.0,1632.755589047978,0.0,65,63,0,0,63,64,3968,2,0,0,2,0
2020-11-19,US,Virginia,Nottoway,474,21,0,37.1435975,-78.05065922,51135.0,0.0,0.0,3111.8697478991608,4.4303797468354436,453,457,21,0,436,451,15420,17,0,0,17,6
2020-11-19,US,Virginia,Orange,502,7,0,38.24530219,-78.01560400000002,51137.0,0.0,0.0,1354.889206769048,1.3944223107569722,495,495,7,0,488,495,36644,7,0,0,7,0
2020-11-19,US,Virginia,Page,544,31,0,38.61807452,-78.48797204,51139.0,0.0,0.0,2275.960170697013,5.6985294117647065,513,535,31,0,504,527,23933,9,0,0,9,8
2020-11-19,US,Virginia,Patrick,412,27,0,36.680163799999995,-80.2865648,51141.0,0.0,0.0,2339.845524761472,6.553398058252427,385,406,27,0,379,404,17673,6,0,0,6,2
2020-11-19,US,Virginia,Petersburg,1029,31,0,37.20530399,-77.39368102,51730.0,0.0,0.0,3282.715497990175,3.012633624878523,998,1023,31,0,992,1020,31567,6,0,0,6,3
2020-11-19,US,Virginia,Pittsylvania,1554,21,0,36.81980341,-79.39731264,51143.0,0.0,0.0,2574.8086290883784,1.351351351351351,1533,1548,18,0,1530,1539,60949,6,3,0,3,9
2020-11-19,US,Virginia,Poquoson,121,2,0,37.14259351,-76.35798148,51735.0,0.0,0.0,986.0647054029828,1.6528925619834711,119,118,2,0,116,119,12190,3,0,0,3,0
2020-11-19,US,Virginia,Portsmouth,3039,70,0,36.85914825,-76.35971629,51740.0,0.0,0.0,3219.3478675395672,2.303389272787101,2969,3031,70,0,2961,3027,94632,8,0,0,8,4
2020-11-19,US,Virginia,Powhatan,385,6,0,37.55016038,-77.91267882,51145.0,0.0,0.0,1298.3947119924458,1.5584415584415583,379,382,6,0,376,381,29189,3,0,0,3,1
2020-11-19,US,Virginia,Prince Edward,836,14,0,37.22554789,-78.43597949,51147.0,0.0,0.0,3666.345057451101,1.6746411483253592,822,831,14,0,817,830,22950,5,0,0,5,1
2020-11-19,US,Virginia,Prince George,1328,7,0,37.18497668,-77.22922187,51149.0,0.0,0.0,3462.5713764242687,0.5271084337349398,1321,1316,7,0,1309,1315,38082,12,0,0,12,1
2020-11-19,US,Virginia,Prince William,16429,231,0,38.70916224,-77.48713689,51153.0,0.0,0.0,3493.0421933302864,1.4060502769492973,16198,16283,230,0,16053,16123,468011,146,1,0,145,160
2020-11-19,US,Virginia,Pulaski,478,10,0,37.06474963,-80.71229738,51155.0,0.0,0.0,1404.7668028330445,2.092050209205021,468,460,8,0,452,437,34066,18,2,0,16,23
2020-11-19,US,Virginia,Radford,1063,2,0,37.12222899,-80.56027320000003,51750.0,0.0,0.0,5824.97671105266,0.18814675446848544,1061,1053,2,0,1051,1039,18339,10,0,0,10,14
2020-11-19,US,Virginia,Rappahannock,75,2,0,38.68295619,-78.15826963,51157.0,0.0,0.0,1017.6390773405701,2.6666666666666665,73,74,2,0,72,75,7252,1,0,0,1,0
2020-11-19,US,Virginia,Richmond,380,4,0,37.937575,-76.72920628,51159.0,0.0,0.0,4211.459603236173,1.0526315789473684,376,379,4,0,375,374,9038,1,0,0,1,5
2020-11-19,US,Virginia,Richmond City,6159,80,0,37.53255773,-77.47966921,51760.0,0.0,0.0,2672.759464666979,1.298912161065108,6079,6104,80,0,6024,6055,228783,55,0,0,55,49
2020-11-19,US,Virginia,Roanoke,2344,28,0,37.26865804,-80.06396753,51161.0,0.0,0.0,2488.692587008685,1.1945392491467577,2316,2292,28,0,2264,2153,94073,52,0,0,52,139
2020-11-19,US,Virginia,Roanoke City,3672,65,0,37.27791025,-79.96189766,51770.0,0.0,0.0,3703.741060891843,1.7701525054466232,3607,3585,62,0,3523,3535,99920,87,3,0,84,50
2020-11-19,US,Virginia,Rockbridge,214,2,0,37.81204314,-79.44605905,51163.0,0.0,0.0,948.0352633677403,0.9345794392523364,212,212,2,0,210,207,22752,2,0,0,2,5
2020-11-19,US,Virginia,Rockingham,2025,31,0,38.51006137,-78.87260325,51165.0,0.0,0.0,2471.079220969395,1.530864197530864,1994,2017,31,0,1986,2005,81244,8,0,0,8,12
2020-11-19,US,Virginia,Russell,729,8,0,36.93028320000001,-82.10095486,51167.0,0.0,0.0,2742.0446851726474,1.0973936899862826,721,716,8,0,708,692,26748,13,0,0,13,24
2020-11-19,US,Virginia,Salem,765,18,0,37.2836193,-80.06219455,51775.0,0.0,0.0,3023.5959053001857,2.3529411764705883,747,742,17,0,725,741,25643,23,1,0,22,1
2020-11-19,US,Virginia,Scott,659,12,0,36.71466456,-82.60171704,51169.0,0.0,0.0,3055.735880552723,1.8209408194233687,647,644,12,0,632,639,21534,15,0,0,15,5
2020-11-19,US,Virginia,Shenandoah,1251,62,0,38.85905135,-78.56813762,51171.0,0.0,0.0,2868.2134996331624,4.95603517186251,1189,1225,62,0,1163,1199,43497,26,0,0,26,26
2020-11-19,US,Virginia,Smyth,887,37,0,36.84455636,-81.53344948,51173.0,0.0,0.0,2946.4522986978473,4.1713641488162345,850,870,37,0,833,849,30472,17,0,0,17,21
2020-11-19,US,Virginia,Southampton,959,39,0,36.72231125,-77.10642712,51175.0,0.0,0.0,5439.283080936986,4.066736183524505,920,957,39,0,918,955,17586,2,0,0,2,2
2020-11-19,US,Virginia,Spotsylvania,2825,56,0,38.18574462,-77.655399,51177.0,0.0,0.0,2073.927247366296,1.982300884955752,2769,2807,56,0,2751,2791,134238,18,0,0,18,16
2020-11-19,US,Virginia,Stafford,2891,22,0,38.41758738,-77.45917053,51179.0,0.0,0.0,1891.0009026569512,0.7609823590453131,2869,2851,22,0,2829,2824,149960,40,0,0,40,27
2020-11-19,US,Virginia,Staunton,538,11,0,38.15965544,-79.05979937,51790.0,0.0,0.0,2157.8694047810045,2.044609665427509,527,532,11,0,521,518,24922,6,0,0,6,14
2020-11-19,US,Virginia,Suffolk,2565,80,0,36.70155394,-76.63603554,51800.0,0.0,0.0,2784.7743952751125,3.1189083820662766,2485,2553,80,0,2473,2548,91185,12,0,0,12,5
2020-11-19,US,Virginia,Surry,154,5,0,37.11781893,-76.88450012,51181.0,0.0,0.0,2398.006851448147,3.2467532467532467,149,153,5,0,148,151,6474,1,0,0,1,2
2020-11-19,US,Virginia,Sussex,658,13,0,36.92432914,-77.25791182,51183.0,0.0,0.0,5896.5857155659105,1.975683890577508,645,657,13,0,644,656,11237,1,0,0,1,1
2020-11-19,US,Virginia,Tazewell,846,4,0,37.12191123,-81.56685568,51185.0,0.0,0.0,2084.0004926715114,0.4728132387706856,842,829,4,0,825,805,40855,17,0,0,17,24
2020-11-19,US,Virginia,Virginia Beach,9614,112,0,36.73285734,-76.04566934,51810.0,0.0,0.0,2136.567890589234,1.1649677553567714,9502,9533,111,0,9422,9449,450189,81,1,0,80,84
2020-11-19,US,Virginia,Warren,739,24,0,38.90847745,-78.20280433,51187.0,0.0,0.0,1839.9561796633802,3.247631935047361,715,724,24,0,700,708,40003,15,0,0,15,16
2020-11-19,US,Virginia,Washington,1521,29,0,36.72341572,-81.95666289,51191.0,0.0,0.0,2830.294008187571,1.9066403681788295,1492,1499,29,0,1470,1478,54402,22,0,0,22,21
2020-11-19,US,Virginia,Waynesboro,497,4,0,38.06451466,-78.90293905,51820.0,0.0,0.0,2196.199734865223,0.8048289738430584,493,480,4,0,476,474,22628,17,0,0,17,6
2020-11-19,US,Virginia,Westmoreland,389,5,0,38.11021557,-76.80213247,51193.0,0.0,0.0,2159.3116847071883,1.2853470437017995,384,386,5,0,381,384,17830,3,0,0,3,2
2020-11-19,US,Virginia,Williamsburg,275,8,0,37.28131268,-76.70905141,51830.0,0.0,0.0,1838.972850073559,2.9090909090909087,267,264,8,0,256,260,14896,11,0,0,11,4
2020-11-19,US,Virginia,Winchester,832,4,0,39.17054517,-78.17325058,51840.0,0.0,0.0,2963.174015243251,0.4807692307692308,828,818,4,0,814,789,28108,14,0,0,14,29
2020-11-19,US,Virginia,Wise,1079,32,0,36.9746148,-82.62410519,51195.0,0.0,0.0,2886.3387101088733,2.9657089898053752,1047,1066,23,0,1043,1048,38012,13,9,0,4,18
2020-11-19,US,Virginia,Wythe,512,7,0,36.91582035,-81.07834059,51197.0,0.0,0.0,1784.9672291172778,1.3671875,505,504,7,0,497,496,28754,8,0,0,8,8
2020-11-19,US,Virginia,York,783,9,0,37.24374789,-76.54412815,51199.0,0.0,0.0,1146.7486818980667,1.1494252873563218,774,775,9,0,766,767,67846,8,0,0,8,8
2020-11-19,US,Washington,Adams,1200,11,0,46.98299757,-118.56017340000001,53001.0,0.0,0.0,6005.104338687885,0.9166666666666666,1189,1162,11,0,1151,1147,19759,38,0,0,38,15
2020-11-19,US,Washington,Asotin,526,12,0,46.18894415,-117.2022851,53003.0,0.0,0.0,2329.2888140997256,2.281368821292776,514,520,10,0,510,518,22610,6,2,0,4,2
2020-11-19,US,Washington,Benton,6917,139,0,46.23946995,-119.51208340000001,53005.0,0.0,0.0,3384.2164489456427,2.0095417088333094,6778,6834,139,0,6695,6715,201877,83,0,0,83,119
2020-11-19,US,Washington,Chelan,2196,22,0,47.87046092,-120.6173956,53007.0,0.0,0.0,2844.5595854922276,1.0018214936247722,2174,2190,22,0,2168,2186,77036,6,0,0,6,4
2020-11-19,US,Washington,Clallam,358,3,0,48.04754642,-123.92263190000001,53009.0,0.0,0.0,462.94500265094206,0.8379888268156425,355,341,3,0,338,335,76737,17,0,0,17,6
2020-11-19,US,Washington,Clark,6760,107,0,45.77568046,-122.48292040000001,53011.0,0.0,0.0,1384.5621322256836,1.5828402366863903,6653,6556,106,0,6450,6315,481857,204,1,0,203,241
2020-11-19,US,Washington,Columbia,26,2,0,46.29442881,-117.9051983,53013.0,0.0,0.0,652.4466750313676,7.6923076923076925,24,26,2,0,24,25,4059,0,0,0,0,1
2020-11-19,US,Washington,Cowlitz,1114,8,0,46.19074721,-122.6782231,53015.0,0.0,0.0,1007.2970260323892,0.7181328545780971,1106,1104,8,0,1096,1090,108987,10,0,0,10,14
2020-11-19,US,Washington,Douglas,1289,11,0,47.7361335,-119.69293700000001,53017.0,0.0,0.0,2968.0628151695873,0.8533747090768037,1278,1288,11,0,1277,1287,42907,1,0,0,1,1
2020-11-19,US,Washington,Ferry,45,1,0,48.471143100000006,-118.5154041,53019.0,0.0,0.0,590.0091779205453,2.2222222222222223,44,45,1,0,44,44,7649,0,0,0,0,1
2020-11-19,US,Washington,Franklin,5683,70,0,46.53351425,-118.9018212,53021.0,0.0,0.0,5968.1586188065785,1.2317437972901637,5613,5645,70,0,5575,5579,94347,38,0,0,38,66
2020-11-19,US,Washington,Garfield,52,0,0,46.43197502,-117.54540320000001,53023.0,0.0,0.0,2337.078651685393,0.0,52,52,0,0,52,52,2247,0,0,0,0,0
2020-11-19,US,Washington,Grant,3738,32,0,47.20753737,-119.4500749,53025.0,0.0,0.0,3824.706086992111,0.8560727661851257,3706,3721,32,0,3689,3715,97331,17,0,0,17,6
2020-11-19,US,Washington,Grays Harbor,894,15,0,47.14003705,-123.7820567,53027.0,0.0,0.0,1191.0312945471014,1.6778523489932886,879,884,15,0,869,881,73901,10,0,0,10,3
2020-11-19,US,Washington,Island,520,12,0,48.14713305,-122.5216407,53029.0,0.0,0.0,610.7515767961381,2.3076923076923075,508,514,12,0,502,508,84460,6,0,0,6,6
2020-11-19,US,Washington,Jefferson,128,0,0,47.75003077,-123.56097040000002,53031.0,0.0,0.0,397.2564476583594,0.0,128,123,0,0,123,122,31729,5,0,0,5,1
2020-11-19,US,Washington,King,36471,846,0,47.49137892,-121.8346131,53033.0,0.0,0.0,1618.931614332856,2.3196512297441805,35625,35897,845,0,35052,35669,2233163,574,1,0,573,228
2020-11-19,US,Washington,Kitsap,2076,28,0,47.63479026,-122.6436061,53035.0,0.0,0.0,764.7169331756751,1.348747591522158,2048,2048,28,0,2020,2045,269805,28,0,0,28,3
2020-11-19,US,Washington,Kittitas,816,23,0,47.12521214,-120.67943899999999,53037.0,0.0,0.0,1702.3052049650569,2.8186274509803924,793,816,22,0,794,815,47364,0,1,0,-1,1
2020-11-19,US,Washington,Klickitat,237,3,0,45.87325839,-120.7913598,53039.0,0.0,0.0,1056.85618729097,1.2658227848101269,234,237,3,0,234,236,22107,0,0,0,0,1
2020-11-19,US,Washington,Lewis,981,15,0,46.57756476,-122.39257690000001,53041.0,0.0,0.0,1215.5079485050862,1.529051987767584,966,956,14,0,942,954,79604,25,1,0,24,2
2020-11-19,US,Washington,Lincoln,126,3,0,47.57705241,-118.41943880000001,53043.0,0.0,0.0,1151.8420330926044,2.380952380952381,123,122,2,0,120,122,10740,4,1,0,3,0
2020-11-19,US,Washington,Mason,640,11,0,47.35007586,-123.1863685,53045.0,0.0,0.0,958.5430146177812,1.71875,629,633,11,0,622,632,65507,7,0,0,7,1
2020-11-19,US,Washington,Okanogan,1167,11,0,48.54855019,-119.73872240000001,53047.0,0.0,0.0,2762.5878843832115,0.9425878320479862,1156,1161,11,0,1150,1157,42132,6,0,0,6,4
2020-11-19,US,Washington,Pacific,191,3,0,46.55418369,-123.7285716,53049.0,0.0,0.0,849.984424369187,1.5706806282722514,188,190,3,0,187,183,22036,1,0,0,1,7
2020-11-19,US,Washington,Pend Oreille,189,1,0,48.53234021,-117.2741804,53051.0,0.0,0.0,1377.1495190906442,0.5291005291005291,188,187,1,0,186,186,13602,2,0,0,2,1
2020-11-19,US,Washington,Pierce,13912,261,0,47.03892768,-122.14059579999999,53053.0,0.0,0.0,1537.2715419125284,1.8760782058654402,13651,13665,259,0,13406,13461,891299,247,2,0,245,204
2020-11-19,US,Washington,San Juan,54,0,0,48.60182783,-122.96745,53055.0,0.0,0.0,307.1322943919918,0.0,54,54,0,0,54,55,17128,0,0,0,0,0
2020-11-19,US,Washington,Skagit,1687,26,0,48.48171488,-121.766131,53057.0,0.0,0.0,1305.677024882938,1.5411973918197983,1661,1672,26,0,1646,1670,128206,15,0,0,15,2
2020-11-19,US,Washington,Skamania,87,1,0,46.02408726,-121.91644029999999,53059.0,0.0,0.0,720.0198626168997,1.1494252873563218,86,86,1,0,85,86,11924,1,0,0,1,0
2020-11-19,US,Washington,Snohomish,12002,258,0,48.04615983,-121.7170703,53061.0,0.0,0.0,1459.9499077343771,2.149641726378937,11744,11798,258,0,11540,11692,814901,204,0,0,204,106
2020-11-19,US,Washington,Spokane,13331,229,0,47.62113146,-117.4046494,53063.0,0.0,0.0,2549.933243815011,1.717800615107644,13102,13090,227,0,12863,12938,514631,241,2,0,239,152
2020-11-19,US,Washington,Stevens,466,6,0,48.40035475,-117.8542701,53065.0,0.0,0.0,1019.1807186755024,1.2875536480686696,460,454,6,0,448,448,45260,12,0,0,12,6
2020-11-19,US,Washington,Thurston,2444,44,0,46.9291895,-122.82906559999999,53067.0,0.0,0.0,841.2038439298401,1.8003273322422257,2400,2401,45,0,2356,2363,286419,43,0,0,44,38
2020-11-19,US,Washington,Unassigned,440,3,0,0.0,0.0,90053.0,0.0,0.0,0.0,0.6818181818181818,437,425,3,0,422,449,,15,0,0,15,0
2020-11-19,US,Washington,Wahkiakum,12,0,0,46.29180039999999,-123.4250831,53069.0,0.0,0.0,267.379679144385,0.0,12,12,0,0,12,12,4426,0,0,0,0,0
2020-11-19,US,Washington,Walla Walla,1845,20,0,46.23040051,-118.4775539,53071.0,0.0,0.0,3036.5371955233704,1.084010840108401,1825,1818,19,0,1799,1796,60922,27,1,0,26,22
2020-11-19,US,Washington,Whatcom,1983,52,0,48.82227976,-121.74900179999999,53073.0,0.0,0.0,865.0058670342469,2.6222894604135147,1931,1940,52,0,1888,1942,225685,43,0,0,43,0
2020-11-19,US,Washington,Whitman,2098,23,0,46.90022523,-117.52417630000001,53075.0,0.0,0.0,4187.290435893342,1.0962821734985702,2075,2086,23,0,2063,2060,49791,12,0,0,12,26
2020-11-19,US,Washington,Yakima,12710,291,0,46.45738486,-120.73801259999999,53077.0,0.0,0.0,5066.308450889494,2.2895357985837923,12419,12671,291,0,12380,12631,251446,39,0,0,39,40
2020-11-19,US,West Virginia,Barbour,298,4,0,39.1307219,-80.00350858,54001.0,0.0,0.0,1812.5418161912287,1.342281879194631,294,270,4,0,266,270,16535,28,0,0,28,0
2020-11-19,US,West Virginia,Berkeley,2440,21,0,39.46704621,-78.02414609,54003.0,0.0,0.0,2047.4779938072181,0.860655737704918,2419,2379,20,0,2359,2298,117123,61,1,0,60,81
2020-11-19,US,West Virginia,Boone,553,12,0,38.01974191,-81.69888019,54005.0,0.0,0.0,2577.2475182923986,2.16998191681736,541,538,12,0,526,530,21951,15,0,0,15,8
2020-11-19,US,West Virginia,Braxton,98,0,0,38.70036159,-80.72011184,54007.0,0.0,0.0,702.1566239163144,0.0,98,97,0,0,97,97,14089,1,0,0,1,0
2020-11-19,US,West Virginia,Brooke,455,8,0,40.27367263,-80.57915332,54009.0,0.0,0.0,2073.9322667395963,1.7582417582417582,447,421,8,0,413,401,22203,34,0,0,34,20
2020-11-19,US,West Virginia,Cabell,2349,47,0,38.42424062,-82.23855912,54011.0,0.0,0.0,2554.7881885910056,2.0008514261387824,2302,2303,46,0,2257,2229,93224,46,1,0,45,74
2020-11-19,US,West Virginia,Calhoun,49,0,0,38.84315422,-81.11934872,54013.0,0.0,0.0,689.2671261780841,0.0,49,46,0,0,46,44,7254,3,0,0,3,2
2020-11-19,US,West Virginia,Clay,100,3,0,38.46231092,-81.07652217,54015.0,0.0,0.0,1175.3643629525152,3.0,97,100,3,0,97,99,8632,0,0,0,0,1
2020-11-19,US,West Virginia,Doddridge,95,2,0,39.27057157,-80.70671527,54017.0,0.0,0.0,1124.5265151515152,2.1052631578947367,93,91,1,0,90,89,8406,4,1,0,3,2
2020-11-19,US,West Virginia,Fayette,997,31,0,38.02974928,-81.08286634,54019.0,0.0,0.0,2351.082394000849,3.1093279839518555,966,987,31,0,956,969,43018,10,0,0,10,18
2020-11-19,US,West Virginia,Gilmer,180,0,0,38.9251277,-80.85952723,54021.0,0.0,0.0,2300.907580212195,0.0,180,180,0,0,180,179,8026,0,0,0,0,1
2020-11-19,US,West Virginia,Grant,264,9,0,39.10314817,-79.19440518,54023.0,0.0,0.0,2282.157676348548,3.4090909090909087,255,249,9,0,240,244,11626,15,0,0,15,5
2020-11-19,US,West Virginia,Greenbrier,344,6,0,37.9463652,-80.45335881,54025.0,0.0,0.0,992.4412901736772,1.7441860465116281,338,336,6,0,330,330,34786,8,0,0,8,6
2020-11-19,US,West Virginia,Hampshire,242,1,0,39.32103553,-78.60826476,54027.0,0.0,0.0,1044.2286947141317,0.4132231404958678,241,233,1,0,232,217,23347,9,0,0,9,16
2020-11-19,US,West Virginia,Hancock,459,4,0,40.51943859,-80.57461608,54029.0,0.0,0.0,1593.1968066643524,0.8714596949891068,455,432,4,0,428,407,29094,27,0,0,27,25
2020-11-19,US,West Virginia,Hardy,177,1,0,39.00683177,-78.85855301,54031.0,0.0,0.0,1284.8432055749126,0.5649717514124294,176,170,1,0,169,168,13775,7,0,0,7,2
2020-11-19,US,West Virginia,Harrison,977,15,0,39.2853852,-80.37919577,54033.0,0.0,0.0,1452.6584988699892,1.5353121801432958,962,919,15,0,904,905,67554,58,0,0,58,14
2020-11-19,US,West Virginia,Jackson,620,25,0,38.84263974,-81.68148753,54035.0,0.0,0.0,2169.652855543113,4.032258064516129,595,592,24,0,568,569,28706,28,1,0,27,23
2020-11-19,US,West Virginia,Jefferson,1060,15,0,39.30776166,-77.86014147,54037.0,0.0,0.0,1854.8979806110665,1.4150943396226414,1045,1028,15,0,1013,997,56811,32,0,0,32,31
2020-11-19,US,West Virginia,Kanawha,4934,132,0,38.33860077,-81.52857054,54039.0,0.0,0.0,2769.9804630482136,2.6753141467369272,4802,4855,130,0,4725,4786,180454,79,2,0,77,69
2020-11-19,US,West Virginia,Lewis,215,2,0,38.9947249,-80.49988181,54041.0,0.0,0.0,1351.6062111020306,0.9302325581395348,213,204,2,0,202,201,16024,11,0,0,11,3
2020-11-19,US,West Virginia,Lincoln,371,2,0,38.172154,-82.07017953,54043.0,0.0,0.0,1817.8254691557647,0.5390835579514824,369,363,2,0,361,357,20599,8,0,0,8,6
2020-11-19,US,West Virginia,Logan,958,49,0,37.8299889,-81.93528571,54045.0,0.0,0.0,2991.9735157250384,5.11482254697286,909,949,48,0,901,928,32607,9,1,0,8,21
2020-11-19,US,West Virginia,Marion,653,5,0,39.50984542,-80.24244659,54049.0,0.0,0.0,1164.5741189898704,0.7656967840735069,648,635,5,0,630,621,56097,18,0,0,18,14
2020-11-19,US,West Virginia,Marshall,911,12,0,39.86064362,-80.66591062,54051.0,0.0,0.0,2983.8524778094397,1.3172338090010978,899,864,10,0,854,822,30785,47,2,0,45,42
2020-11-19,US,West Virginia,Mason,290,6,0,38.77071799,-82.02524219,54053.0,0.0,0.0,1093.6792879770703,2.0689655172413794,284,274,6,0,268,260,26718,16,0,0,16,14
2020-11-19,US,West Virginia,McDowell,537,1,0,37.38002939,-81.65083669,54047.0,0.0,0.0,3046.9813890149794,0.186219739292365,536,515,1,0,514,504,18223,22,0,0,22,11
2020-11-19,US,West Virginia,Mercer,1125,37,0,37.40481169,-81.11023142,54055.0,0.0,0.0,1914.6329010517718,3.2888888888888888,1088,1108,37,0,1071,1083,59131,17,0,0,17,25
2020-11-19,US,West Virginia,Mineral,781,4,0,39.41561583,-78.94104895,54057.0,0.0,0.0,2906.803632574067,0.5121638924455826,777,733,4,0,729,656,26940,48,0,0,48,77
2020-11-19,US,West Virginia,Mingo,873,14,0,37.73048351,-82.13338365,54059.0,0.0,0.0,3726.9467213114754,1.6036655211912945,859,859,14,0,845,840,23785,14,0,0,14,19
2020-11-19,US,West Virginia,Monongalia,2905,7,0,39.63218457,-80.04766838,54061.0,0.0,0.0,2750.634397606333,0.24096385542168675,2898,2863,7,0,2856,2835,106420,42,0,0,42,28
2020-11-19,US,West Virginia,Monroe,310,8,0,37.56274716,-80.54577965,54063.0,0.0,0.0,2335.216572504708,2.5806451612903225,302,305,8,0,297,302,13280,5,0,0,5,3
2020-11-19,US,West Virginia,Morgan,219,0,0,39.55439028,-78.26311676,54065.0,0.0,0.0,1224.558264370387,0.0,219,215,0,0,215,216,17787,4,0,0,4,0
2020-11-19,US,West Virginia,Nicholas,281,4,0,38.29617706,-80.79759588,54067.0,0.0,0.0,1147.1260613977793,1.4234875444839858,277,275,5,0,270,269,24842,6,0,0,7,6
2020-11-19,US,West Virginia,Ohio,1182,14,0,40.0955451,-80.62203992,54069.0,0.0,0.0,2854.314071140518,1.1844331641285957,1168,1143,13,0,1130,1079,41755,39,1,0,38,64
2020-11-19,US,West Virginia,Pendleton,88,1,0,38.68314479,-79.35084086,54071.0,0.0,0.0,1262.7349691490888,1.1363636363636365,87,88,1,0,87,86,6997,0,0,0,0,2
2020-11-19,US,West Virginia,Pleasants,65,3,0,39.37091679,-81.16771771,54073.0,0.0,0.0,871.3136729222522,4.615384615384615,62,64,3,0,61,62,7507,1,0,0,1,2
2020-11-19,US,West Virginia,Pocahontas,84,0,0,38.32758728,-80.00993811,54075.0,0.0,0.0,1018.552200800291,0.0,84,82,0,0,82,80,8414,2,0,0,2,2
2020-11-19,US,West Virginia,Preston,405,6,0,39.46770987,-79.66712803,54077.0,0.0,0.0,1211.4142139267767,1.4814814814814814,399,376,6,0,370,364,33839,29,0,0,29,12
2020-11-19,US,West Virginia,Putnam,1504,28,0,38.50782345,-81.9082131,54079.0,0.0,0.0,2664.3046944198404,1.8617021276595744,1476,1470,28,0,1442,1449,56682,34,0,0,34,21
2020-11-19,US,West Virginia,Raleigh,1301,15,0,37.76936795,-81.2456041,54081.0,0.0,0.0,1773.4218453946921,1.1529592621060722,1286,1165,15,0,1150,1148,74254,136,0,0,136,17
2020-11-19,US,West Virginia,Randolph,592,2,0,38.769899,-79.87919615,54083.0,0.0,0.0,2063.077191148284,0.33783783783783783,590,584,2,0,582,579,28823,8,0,0,8,5
2020-11-19,US,West Virginia,Ritchie,106,1,0,39.18094587,-81.06356878,54085.0,0.0,0.0,1109.4829390831067,0.9433962264150944,105,100,1,0,99,100,9721,6,0,0,6,0
2020-11-19,US,West Virginia,Roane,141,3,0,38.71622686,-81.35243568,54087.0,0.0,0.0,1030.0993571011104,2.127659574468085,138,139,3,0,136,138,13932,2,0,0,2,1
2020-11-19,US,West Virginia,Summers,232,5,0,37.65390597,-80.86009693,54089.0,0.0,0.0,1845.2238924679868,2.155172413793104,227,227,5,0,222,222,12760,5,0,0,5,5
2020-11-19,US,West Virginia,Taylor,235,8,0,39.33602617,-80.0421439,54091.0,0.0,0.0,1407.6070679844265,3.404255319148936,227,232,8,0,224,224,16862,3,0,0,3,8
2020-11-19,US,West Virginia,Tucker,91,0,0,39.11240885,-79.57053576,54093.0,0.0,0.0,1330.603889457523,0.0,91,83,0,0,83,77,6955,8,0,0,8,6
2020-11-19,US,West Virginia,Tyler,115,1,0,39.46811972,-80.88772676,54095.0,0.0,0.0,1338.610173437318,0.8695652173913043,114,110,0,0,110,109,8746,5,1,0,4,1
2020-11-19,US,West Virginia,Upshur,397,4,0,38.89285061,-80.23689136,54097.0,0.0,0.0,1642.1244209133026,1.0075566750629723,393,386,4,0,382,372,24415,11,0,0,11,14
2020-11-19,US,West Virginia,Wayne,863,14,0,38.14901357,-82.42287994,54099.0,0.0,0.0,2190.244150043145,1.6222479721900347,849,849,14,0,835,822,39944,14,0,0,14,27
2020-11-19,US,West Virginia,Webster,51,0,0,38.49370949,-80.4202023,54101.0,0.0,0.0,628.5432585654423,0.0,51,49,0,0,49,49,8285,2,0,0,2,0
2020-11-19,US,West Virginia,Wetzel,352,11,0,39.6065771,-80.64016540000001,54103.0,0.0,0.0,2336.541652837703,3.125,341,340,11,0,329,339,15270,12,0,0,12,1
2020-11-19,US,West Virginia,Wirt,73,1,0,39.02775007,-81.37473928,54105.0,0.0,0.0,1254.0800549733722,1.3698630136986298,72,73,1,0,72,70,5830,0,0,0,0,3
2020-11-19,US,West Virginia,Wood,1843,12,0,39.20967886,-81.5162836,54107.0,0.0,0.0,2206.7099307933613,0.6511123168746609,1831,1779,11,0,1768,1702,84203,64,1,0,63,77
2020-11-19,US,West Virginia,Wyoming,559,7,0,37.612327,-81.54511071,54109.0,0.0,0.0,2741.0022555653627,1.2522361359570662,552,539,7,0,532,531,20786,20,0,0,20,8
2020-11-19,US,Wisconsin,Adams,985,7,0,43.96974651,-89.76782777,55001.0,0.0,0.0,4871.414441147379,0.7106598984771574,978,949,7,0,942,926,20348,36,0,0,36,23
2020-11-19,US,Wisconsin,Ashland,570,7,0,46.31956891,-90.67837132,55003.0,0.0,0.0,3662.768281711862,1.2280701754385963,563,560,7,0,553,547,15600,10,0,0,10,13
2020-11-19,US,Wisconsin,Barron,3070,35,0,45.42372701,-91.84833627,55005.0,0.0,0.0,6785.430112280082,1.1400651465798046,3035,2930,35,0,2895,2802,45164,140,0,0,140,128
2020-11-19,US,Wisconsin,Bayfield,604,6,0,46.52868768,-91.19716729,55007.0,0.0,0.0,4017.0258047353027,0.9933774834437086,598,589,6,0,583,580,15042,15,0,0,15,9
2020-11-19,US,Wisconsin,Brown,21047,130,0,44.452655299999996,-88.00411844,55009.0,0.0,0.0,7956.014545894413,0.6176652254478073,20917,20782,128,0,20654,20565,263378,265,2,0,263,217
2020-11-19,US,Wisconsin,Buffalo,658,4,0,44.37835084,-91.75332578,55011.0,0.0,0.0,5049.497352467193,0.6079027355623101,654,634,4,0,630,612,13125,24,0,0,24,22
2020-11-19,US,Wisconsin,Burnett,660,9,0,45.86303537,-92.36711412,55013.0,0.0,0.0,4281.821720513819,1.3636363636363635,651,638,9,0,629,599,15392,22,0,0,22,39
2020-11-19,US,Wisconsin,Calumet,3897,23,0,44.0816316,-88.21780273,55015.0,0.0,0.0,7780.151330631475,0.590197587888119,3874,3841,22,0,3819,3787,50159,56,1,0,55,54
2020-11-19,US,Wisconsin,Chippewa,3933,45,0,45.06939744,-91.28068855,55017.0,0.0,0.0,6082.773980017941,1.1441647597254003,3888,3836,44,0,3792,3733,64135,97,1,0,96,103
2020-11-19,US,Wisconsin,Clark,1965,34,0,44.73483377,-90.61207486,55019.0,0.0,0.0,5650.773566457698,1.7302798982188294,1931,1923,33,0,1890,1873,34709,42,1,0,41,50
2020-11-19,US,Wisconsin,Columbia,3107,11,0,43.46492199,-89.33589004,55021.0,0.0,0.0,5400.472780365711,0.3540392661731574,3096,3046,11,0,3035,2984,57358,61,0,0,61,62
2020-11-19,US,Wisconsin,Crawford,762,4,0,43.23870316,-90.93073686,55023.0,0.0,0.0,4723.823693509392,0.5249343832020997,758,733,4,0,729,718,16291,29,0,0,29,15
2020-11-19,US,Wisconsin,Dane,24519,71,0,43.06601594,-89.41733797,55025.0,0.0,0.0,4484.950475127814,0.2895713528284188,24448,24105,70,0,24035,23546,542364,414,1,0,413,559
2020-11-19,US,Wisconsin,Dodge,7737,69,0,43.41576662,-88.70928178,55027.0,0.0,0.0,8808.16038433953,0.8918185343156262,7668,7457,63,0,7394,7252,87847,280,6,0,274,205
2020-11-19,US,Wisconsin,Door,1566,10,0,44.95856458,-87.30002707,55029.0,0.0,0.0,5659.96819430389,0.6385696040868455,1556,1539,10,0,1529,1512,27610,27,0,0,27,27
2020-11-19,US,Wisconsin,Douglas,1505,1,0,46.43222285,-91.91595768,55031.0,0.0,0.0,3487.833140208574,0.0664451827242525,1504,1441,1,0,1440,1419,43208,64,0,0,64,22
2020-11-19,US,Wisconsin,Dunn,2307,5,0,44.94562799,-91.8962481,55033.0,0.0,0.0,5085.0819961206125,0.2167316861725184,2302,2246,5,0,2241,2203,45131,61,0,0,61,43
2020-11-19,US,Wisconsin,Eau Claire,6869,53,0,44.726614,-91.28609183,55035.0,0.0,0.0,6564.0349368346615,0.7715824719755423,6816,6685,51,0,6634,6336,104534,184,2,0,182,349
2020-11-19,US,Wisconsin,Florence,308,11,0,45.84963535,-88.39804137,55037.0,0.0,0.0,7171.129220023283,3.571428571428572,297,301,11,0,290,290,4321,7,0,0,7,11
2020-11-19,US,Wisconsin,Fond du Lac,7929,40,0,43.75354908,-88.48885325,55039.0,0.0,0.0,7668.056052532325,0.5044772354647497,7889,7719,37,0,7682,7593,103066,210,3,0,207,126
2020-11-19,US,Wisconsin,Forest,719,16,0,45.66678019,-88.77084892,55041.0,0.0,0.0,7985.3398489560195,2.2253129346314324,703,708,15,0,693,701,8991,11,1,0,10,7
2020-11-19,US,Wisconsin,Grant,3274,56,0,42.8671731,-90.7063218,55043.0,0.0,0.0,6364.820466960866,1.7104459376908983,3218,3199,55,0,3144,3116,51554,75,1,0,74,83
2020-11-19,US,Wisconsin,Green,1502,6,0,42.6794956,-89.60243287,55045.0,0.0,0.0,4063.8528138528136,0.3994673768308921,1496,1467,6,0,1461,1445,36929,35,0,0,35,22
2020-11-19,US,Wisconsin,Green Lake,1285,5,0,43.80025981,-89.04679553,55047.0,0.0,0.0,6794.268492571247,0.3891050583657588,1280,1270,5,0,1265,1252,18918,15,0,0,15,18
2020-11-19,US,Wisconsin,Iowa,1146,4,0,43.00050278,-90.13469017,55049.0,0.0,0.0,4839.935805388968,0.34904013961605584,1142,1102,4,0,1098,1059,23771,44,0,0,44,43
2020-11-19,US,Wisconsin,Iron,375,9,0,46.26302338,-90.24295041,55051.0,0.0,0.0,6593.986284508528,2.4,366,371,9,0,362,362,5676,4,0,0,4,9
2020-11-19,US,Wisconsin,Jackson,1397,4,0,44.31864893,-90.80566792,55053.0,0.0,0.0,6767.427215036573,0.2863278453829635,1393,1379,4,0,1375,1309,20478,18,0,0,18,70
2020-11-19,US,Wisconsin,Jefferson,4891,34,0,43.02054068,-88.77529134,55055.0,0.0,0.0,5769.79792140995,0.6951543651604989,4857,4794,34,0,4760,4615,85129,97,0,0,97,179
2020-11-19,US,Wisconsin,Juneau,1705,7,0,43.92456975,-90.11120239,55057.0,0.0,0.0,6388.878480158879,0.4105571847507332,1698,1662,7,0,1655,1638,26617,43,0,0,43,24
2020-11-19,US,Wisconsin,Kenosha,8887,122,0,42.57639354,-88.04051686,55059.0,0.0,0.0,5241.181639645909,1.372791718240126,8765,8775,113,0,8662,8477,169290,112,9,0,103,298
2020-11-19,US,Wisconsin,Kewaunee,1551,14,0,44.51727459,-87.61468386,55061.0,0.0,0.0,7590.290691983948,0.9026434558349452,1537,1527,14,0,1513,1496,20383,24,0,0,24,31
2020-11-19,US,Wisconsin,La Crosse,7177,32,0,43.90632465,-91.11451093,55063.0,0.0,0.0,6081.378796095446,0.44586874738748783,7145,7101,31,0,7070,6892,118230,76,1,0,75,209
2020-11-19,US,Wisconsin,Lafayette,988,2,0,42.66005229,-90.1317729,55065.0,0.0,0.0,5928.592859285928,0.20242914979757085,986,971,2,0,969,953,16665,17,0,0,17,18
2020-11-19,US,Wisconsin,Langlade,1488,30,0,45.26271619,-89.07483625,55067.0,0.0,0.0,7754.442649434572,2.0161290322580645,1458,1474,28,0,1446,1454,19268,14,2,0,12,20
2020-11-19,US,Wisconsin,Lincoln,1740,25,0,45.33737523,-89.73411273,55069.0,0.0,0.0,6305.947160511722,1.4367816091954022,1715,1694,20,0,1674,1643,27689,46,5,0,41,51
2020-11-19,US,Wisconsin,Manitowoc,4896,33,0,44.11946801,-87.80928853,55071.0,0.0,0.0,6198.9592433623275,0.6740196078431373,4863,4800,33,0,4767,4704,79074,96,0,0,96,96
2020-11-19,US,Wisconsin,Marathon,9288,123,0,44.89792533,-89.75863384,55073.0,0.0,0.0,6844.913480529433,1.3242894056847545,9165,9140,120,0,9020,8924,135428,148,3,0,145,216
2020-11-19,US,Wisconsin,Marinette,2841,25,0,45.38553432,-88.03324599999998,55075.0,0.0,0.0,7040.8921933085485,0.8799718409010912,2816,2796,24,0,2772,2747,40434,45,1,0,44,49
2020-11-19,US,Wisconsin,Marquette,1077,7,0,43.81911946,-89.40073763,55077.0,0.0,0.0,6915.371773468602,0.6499535747446611,1070,1071,7,0,1064,1044,15434,6,0,0,6,27
2020-11-19,US,Wisconsin,Menominee,530,2,0,45.00422544,-88.70950714,55078.0,0.0,0.0,11633.011413520633,0.37735849056603776,528,526,2,0,524,508,4658,4,0,0,4,18
2020-11-19,US,Wisconsin,Milwaukee,63141,689,0,43.00486062,-87.96733172,55079.0,0.0,0.0,6676.458086168721,1.091208564957793,62452,62175,677,0,61498,61106,948201,966,12,0,954,1069
2020-11-19,US,Wisconsin,Monroe,2146,11,0,43.94641218,-90.61881899999999,55081.0,0.0,0.0,4639.699046548332,0.5125815470643057,2135,2065,11,0,2054,2019,46051,81,0,0,81,46
2020-11-19,US,Wisconsin,Oconto,3117,26,0,45.02715345,-88.26807503,55083.0,0.0,0.0,8217.76957553388,0.8341353865896696,3091,3057,26,0,3031,3019,37830,60,0,0,60,38
2020-11-19,US,Wisconsin,Oneida,2090,26,0,45.70677897,-89.51944105,55085.0,0.0,0.0,5871.611181345695,1.2440191387559811,2064,2049,25,0,2024,2010,35470,41,1,0,40,39
2020-11-19,US,Wisconsin,Outagamie,13297,110,0,44.41578887,-88.46565023,55087.0,0.0,0.0,7077.201479628498,0.8272542678799729,13187,13102,107,0,12995,12916,187365,195,3,0,192,186
2020-11-19,US,Wisconsin,Ozaukee,4604,36,0,43.38352225,-87.94625009,55089.0,0.0,0.0,5160.220127548448,0.7819287576020851,4568,4457,35,0,4422,4373,89147,147,1,0,146,84
2020-11-19,US,Wisconsin,Pepin,409,2,0,44.58307413,-91.99949611,55091.0,0.0,0.0,5612.735007547688,0.4889975550122249,407,386,2,0,384,373,7289,23,0,0,23,13
2020-11-19,US,Wisconsin,Pierce,2019,15,0,44.71850291,-92.4224416,55093.0,0.0,0.0,4722.36515881555,0.7429420505200595,2004,1931,14,0,1917,1857,42555,88,1,0,87,74
2020-11-19,US,Wisconsin,Polk,1738,4,0,45.46130348,-92.44182875,55095.0,0.0,0.0,3969.577233172693,0.23014959723820486,1734,1708,4,0,1704,1644,43598,30,0,0,30,64
2020-11-19,US,Wisconsin,Portage,4387,35,0,44.47558711,-89.50152965,55097.0,0.0,0.0,6198.77917820607,0.7978117164349213,4352,4304,33,0,4271,4238,70942,83,2,0,81,66
2020-11-19,US,Wisconsin,Price,651,3,0,45.68051754,-90.36098879999999,55099.0,0.0,0.0,4876.039247996405,0.4608294930875576,648,642,3,0,639,621,13397,9,0,0,9,21
2020-11-19,US,Wisconsin,Racine,13501,149,0,42.74753117,-88.05941254,55101.0,0.0,0.0,6877.352771877277,1.1036219539293386,13352,13245,144,0,13101,12987,196584,256,5,0,251,258
2020-11-19,US,Wisconsin,Richland,774,11,0,43.3762778,-90.43012729,55103.0,0.0,0.0,4486.436355205194,1.421188630490956,763,759,10,0,749,751,17377,15,1,0,14,8
2020-11-19,US,Wisconsin,Rock,8468,64,0,42.67151616,-89.07147900000002,55105.0,0.0,0.0,5183.8338822434725,0.7557864903164856,8404,8382,62,0,8320,8294,163129,86,2,0,84,88
2020-11-19,US,Wisconsin,Rusk,726,5,0,45.47498854,-91.1333012,55107.0,0.0,0.0,5120.609394837072,0.6887052341597796,721,698,5,0,693,651,14147,28,0,0,28,47
2020-11-19,US,Wisconsin,Sauk,3171,14,0,43.42574087,-89.94966132,55111.0,0.0,0.0,4920.703888768196,0.44150110375275936,3157,3131,12,0,3119,3069,64249,40,2,0,38,62
2020-11-19,US,Wisconsin,Sawyer,733,6,0,45.87931905,-91.14504927,55113.0,0.0,0.0,4426.863147723155,0.8185538881309686,727,716,5,0,711,691,16489,17,1,0,16,25
2020-11-19,US,Wisconsin,Shawano,3544,43,0,44.78902246,-88.76443896,55115.0,0.0,0.0,8665.248539084085,1.2133182844243793,3501,3504,43,0,3461,3458,40796,40,0,0,40,46
2020-11-19,US,Wisconsin,Sheboygan,8295,50,0,43.72099677,-87.94579284,55117.0,0.0,0.0,7191.780821917808,0.6027727546714888,8245,8105,50,0,8055,7898,115456,190,0,0,190,207
2020-11-19,US,Wisconsin,St. Croix,3886,19,0,45.03437474,-92.45000068,55109.0,0.0,0.0,4285.068422155326,0.4889346371590324,3867,3770,19,0,3751,3667,89694,116,0,0,116,103
2020-11-19,US,Wisconsin,Taylor,1063,12,0,45.21179252,-90.5004405,55119.0,0.0,0.0,5225.3846531976615,1.1288805268109126,1051,1035,12,0,1023,946,20412,28,0,0,28,89
2020-11-19,US,Wisconsin,Trempealeau,2022,11,0,44.30360275,-91.35893614,55121.0,0.0,0.0,6819.791561266822,0.5440158259149357,2011,1990,8,0,1982,1892,29442,32,3,0,29,98
2020-11-19,US,Wisconsin,Vernon,924,7,0,43.59422667,-90.8324691,55123.0,0.0,0.0,2997.858672376873,0.7575757575757576,917,900,7,0,893,879,30785,24,0,0,24,21
2020-11-19,US,Wisconsin,Vilas,1078,11,0,46.05467334,-89.51719204,55125.0,0.0,0.0,4856.949763460239,1.020408163265306,1067,1064,11,0,1053,1038,21938,14,0,0,14,26
2020-11-19,US,Wisconsin,Walworth,5937,47,0,42.66858202,-88.54163073,55127.0,0.0,0.0,5715.908653290715,0.7916456122620852,5890,5796,46,0,5750,5658,103718,141,1,0,140,138
2020-11-19,US,Wisconsin,Washburn,549,2,0,45.89838588,-91.79050449,55129.0,0.0,0.0,3492.3664122137407,0.3642987249544625,547,526,2,0,524,504,15878,23,0,0,23,22
2020-11-19,US,Wisconsin,Washington,8392,66,0,43.36863664,-88.22974712,55131.0,0.0,0.0,6169.0459738006675,0.786463298379409,8326,8192,63,0,8129,8019,135693,200,3,0,197,173
2020-11-19,US,Wisconsin,Waukesha,24298,173,0,43.01833055,-88.30431188,55133.0,0.0,0.0,6011.410249432211,0.7119927566054819,24125,23149,171,0,22978,21758,403072,1149,2,0,1147,1391
2020-11-19,US,Wisconsin,Waupaca,3821,101,0,44.47068056,-88.96534501,55135.0,0.0,0.0,7493.626201215925,2.6432870976184244,3720,3778,98,0,3680,3727,51128,43,3,0,40,51
2020-11-19,US,Wisconsin,Waushara,1700,7,0,44.11324419,-89.24317107,55137.0,0.0,0.0,6954.956429243546,0.4117647058823529,1693,1681,7,0,1674,1657,24263,19,0,0,19,24
2020-11-19,US,Wisconsin,Winnebago,13150,102,0,44.06886922,-88.64477096,55139.0,0.0,0.0,7649.484895903018,0.7756653992395437,13048,12975,102,0,12873,12813,171020,175,0,0,175,162
2020-11-19,US,Wisconsin,Wood,3727,22,0,44.45537896,-90.04158336,55141.0,0.0,0.0,5105.549391087548,0.5902870941776227,3705,3612,20,0,3592,3406,73055,115,2,0,113,206
2020-11-19,US,Wyoming,Albany,2745,9,0,41.65498705,-105.72354150000001,56001.0,0.0,0.0,7060.185185185185,0.3278688524590164,2736,2697,8,0,2689,2647,38601,48,1,0,47,50
2020-11-19,US,Wyoming,Big Horn,408,10,0,44.52405055,-107.9960365,56003.0,0.0,0.0,3460.5597964376593,2.4509803921568634,398,402,9,0,393,384,11881,6,1,0,5,18
2020-11-19,US,Wyoming,Campbell,2419,7,0,44.24886082,-105.54744040000001,56005.0,0.0,0.0,5219.999568416737,0.2893757751136833,2412,2341,7,0,2334,2265,46140,78,0,0,78,76
2020-11-19,US,Wyoming,Carbon,526,6,0,41.69357844,-106.9326084,56007.0,0.0,0.0,3554.054054054054,1.1406844106463878,520,510,5,0,505,500,14971,16,1,0,15,10
2020-11-19,US,Wyoming,Converse,528,6,0,42.97272268,-105.5081848,56009.0,0.0,0.0,3819.997106062799,1.1363636363636365,522,512,6,0,506,497,13640,16,0,0,16,15
2020-11-19,US,Wyoming,Crook,266,4,0,44.58855102,-104.56977049999999,56011.0,0.0,0.0,3507.383966244726,1.5037593984962403,262,250,4,0,246,239,7450,16,0,0,16,11
2020-11-19,US,Wyoming,Fremont,2734,25,0,43.04183996,-108.6296893,56013.0,0.0,0.0,6963.653498382619,0.91441111923921,2709,2654,22,0,2632,2569,39531,80,3,0,77,85
2020-11-19,US,Wyoming,Goshen,487,6,0,42.08798185,-104.3534743,56015.0,0.0,0.0,3686.3220043902807,1.2320328542094456,481,463,6,0,457,435,13376,24,0,0,24,28
2020-11-19,US,Wyoming,Hot Springs,103,0,0,43.71930657,-108.44231740000001,56017.0,0.0,0.0,2334.0131429866306,0.0,103,98,0,0,98,90,4555,5,0,0,5,8
2020-11-19,US,Wyoming,Johnson,235,4,0,44.04057166,-106.58451740000001,56019.0,0.0,0.0,2782.711663706335,1.702127659574468,231,220,4,0,216,206,8460,15,0,0,15,14
2020-11-19,US,Wyoming,Laramie,3855,18,0,41.30702520000001,-104.6887497,56021.0,0.0,0.0,3874.3718592964815,0.4669260700389105,3837,3627,15,0,3612,3565,98976,228,3,0,225,62
2020-11-19,US,Wyoming,Lincoln,561,6,0,42.26376367,-110.6563997,56023.0,0.0,0.0,2829.046898638427,1.0695187165775402,555,545,6,0,539,536,19434,16,0,0,16,9
2020-11-19,US,Wyoming,Natrona,3914,36,0,42.96180148,-106.79788500000001,56025.0,0.0,0.0,4901.199629342082,0.919775166070516,3878,3766,27,0,3739,3576,79115,148,9,0,139,190
2020-11-19,US,Wyoming,Niobrara,83,0,0,43.05607708,-104.47588959999999,56027.0,0.0,0.0,3522.9202037351442,0.0,83,79,0,0,79,73,2388,4,0,0,4,6
2020-11-19,US,Wyoming,Park,1139,4,0,44.52157546,-109.58528249999999,56029.0,0.0,0.0,3901.486606837021,0.3511852502194908,1135,1119,4,0,1115,1092,29324,20,0,0,20,27
2020-11-19,US,Wyoming,Platte,280,5,0,42.13299116,-104.96633100000001,56031.0,0.0,0.0,3336.1134278565473,1.7857142857142858,275,279,5,0,274,275,8566,1,0,0,1,4
2020-11-19,US,Wyoming,Sheridan,1486,10,0,44.79048913,-106.8862389,56033.0,0.0,0.0,4874.528456618009,0.6729475100942126,1476,1456,9,0,1447,1409,30233,30,1,0,29,47
2020-11-19,US,Wyoming,Sublette,335,1,0,42.76558279,-109.91309220000001,56035.0,0.0,0.0,3407.5882412775914,0.29850746268656714,334,311,1,0,310,297,9813,24,0,0,24,14
2020-11-19,US,Wyoming,Sweetwater,1269,6,0,41.65943896,-108.8827882,56037.0,0.0,0.0,2996.95345157405,0.4728132387706856,1263,1224,4,0,1220,1151,43051,45,2,0,43,73
2020-11-19,US,Wyoming,Teton,1298,2,0,43.93522482,-110.5890801,56039.0,0.0,0.0,5531.878622570746,0.15408320493066255,1296,1271,2,0,1269,1252,23081,27,0,0,27,19
2020-11-19,US,Wyoming,Uinta,869,4,0,41.2878183,-110.54757820000002,56041.0,0.0,0.0,4296.45011371502,0.4602991944764097,865,835,4,0,831,796,20299,34,0,0,34,39
2020-11-19,US,Wyoming,Washakie,274,7,0,43.90451606,-107.68018700000002,56043.0,0.0,0.0,3510.570147341448,2.554744525547445,267,263,7,0,256,253,7885,11,0,0,11,10
2020-11-19,US,Wyoming,Weston,355,0,0,43.83961191,-104.56748809999999,56045.0,0.0,0.0,5124.873682690921,0.0,355,353,0,0,353,346,6967,2,0,0,2,7
