Date,Country/Region,Province/State,Admin2,Confirmed,Deaths,Recovered,Latitude,Longitude,FIPS,Incidence_Rate,Case-Fatality_Ratio,Active Cases,Previous Confirmed,Previous Deaths,Previous Recovered,Previous Active,Prev2 Confirmed,Population,Daily Confirmed,Daily Deaths,Daily Recovered,Daily Active,Previous Daily Confirmed
2020-11-06,US,Alabama,Autauga,2242,30,0,32.53952745,-86.64408227,1001.0,4012.958885965383,1.3380909901873328,2212,2230,31,0,2199,2212,55601,12,-1,0,13,18
2020-11-06,US,Alabama,Baldwin,7134,83,0,30.72774991,-87.72207058,1003.0,3195.749751381958,1.1634426689094477,7051,7097,77,0,7020,7061,218022,37,6,0,31,36
2020-11-06,US,Alabama,Barbour,1090,9,0,31.868263,-85.3871286,1005.0,4415.458154419509,0.8256880733944955,1081,1080,9,0,1071,1079,24881,10,0,0,10,1
2020-11-06,US,Alabama,Bibb,917,15,0,32.99642064,-87.12511459999996,1007.0,4094.8468339733854,1.6357688113413305,902,907,15,0,892,897,22400,10,0,0,10,10
2020-11-06,US,Alabama,Blount,2253,26,0,33.98210918,-86.56790593,1009.0,3896.171272438004,1.1540168664003552,2227,2222,25,0,2197,2188,57840,31,1,0,30,34
2020-11-06,US,Alabama,Bullock,662,17,0,32.10030533,-85.71265535,1011.0,6553.806553806554,2.5679758308157097,645,661,17,0,644,659,10138,1,0,0,1,2
2020-11-06,US,Alabama,Butler,1044,41,0,31.75300095,-86.68057478,1013.0,5368.161250514192,3.927203065134099,1003,1037,41,0,996,1034,19680,7,0,0,7,3
2020-11-06,US,Alabama,Calhoun,5077,67,0,33.77483727,-85.82630386,1015.0,4468.993442190044,1.319676974591294,5010,5039,66,0,4973,5001,114277,38,1,0,37,38
2020-11-06,US,Alabama,Chambers,1469,48,0,32.91360079,-85.39072749,1017.0,4417.513682564503,3.2675289312457454,1421,1461,48,0,1413,1449,33615,8,0,0,8,12
2020-11-06,US,Alabama,Cherokee,832,15,0,34.17805983,-85.60638968,1019.0,3176.057413345549,1.8028846153846156,817,831,15,0,816,823,26032,1,0,0,1,8
2020-11-06,US,Alabama,Chilton,1992,35,0,32.85044126,-86.7173256,1021.0,4483.658953812911,1.7570281124497993,1957,1983,33,0,1950,1970,44153,9,2,0,7,13
2020-11-06,US,Alabama,Choctaw,403,12,0,32.02227341,-88.26564429999998,1023.0,3201.2074032885853,2.977667493796526,391,399,12,0,387,397,12841,4,0,0,4,2
2020-11-06,US,Alabama,Clarke,1436,18,0,31.68099859,-87.83548597,1025.0,6079.078824824316,1.2534818941504178,1418,1422,18,0,1404,1417,23920,14,0,0,14,5
2020-11-06,US,Alabama,Clay,806,13,0,33.26984193,-85.85836077,1027.0,6089.913109180204,1.6129032258064515,793,799,13,0,786,793,13275,7,0,0,7,6
2020-11-06,US,Alabama,Cleburne,616,10,0,33.67679204,-85.52005899,1029.0,4131.455399061033,1.6233766233766234,606,614,10,0,604,604,14987,2,0,0,2,10
2020-11-06,US,Alabama,Coffee,1947,11,0,31.39932826,-85.98901039,1031.0,3719.766153375874,0.5649717514124294,1936,1920,11,0,1909,1909,51909,27,0,0,27,11
2020-11-06,US,Alabama,Colbert,2425,33,0,34.69847452,-87.80168544,1033.0,4389.8553610542895,1.3608247422680413,2392,2390,32,0,2358,2366,54762,35,1,0,34,24
2020-11-06,US,Alabama,Conecuh,596,13,0,31.43401703,-86.99320044,1035.0,4939.090080384521,2.1812080536912752,583,592,13,0,579,588,12277,4,0,0,4,4
2020-11-06,US,Alabama,Coosa,233,3,0,32.93690146,-86.24847739,1037.0,2185.126137109632,1.2875536480686696,230,230,3,0,227,229,10715,3,0,0,3,1
2020-11-06,US,Alabama,Covington,1934,32,0,31.247785399999998,-86.45050893,1039.0,5220.113903209262,1.654601861427094,1902,1912,32,0,1880,1902,36986,22,0,0,22,10
2020-11-06,US,Alabama,Crenshaw,641,30,0,31.72941803,-86.31593104,1041.0,4654.3711879175125,4.6801872074883,611,634,30,0,604,629,13824,7,0,0,7,5
2020-11-06,US,Alabama,Cullman,3089,27,0,34.13020303,-86.86888037,1043.0,3687.5656575303215,0.8740692780835222,3062,3001,26,0,2975,2954,83442,88,1,0,87,47
2020-11-06,US,Alabama,Dale,2000,54,0,31.43037123,-85.61095742,1045.0,4067.355405515334,2.7,1946,1982,52,0,1930,1973,48956,18,2,0,16,9
2020-11-06,US,Alabama,Dallas,1970,27,0,32.32688101,-87.10866709999998,1047.0,5296.268415958705,1.3705583756345177,1943,1952,27,0,1925,1944,38310,18,0,0,18,8
2020-11-06,US,Alabama,DeKalb,3820,30,0,34.45946862,-85.80782906,1049.0,5341.686126997888,0.7853403141361257,3790,3790,31,0,3759,3769,71385,30,-1,0,31,21
2020-11-06,US,Alabama,Elmore,3403,59,0,32.59785413,-86.14415284,1051.0,4190.422243839968,1.7337643255950632,3344,3379,59,0,3320,3366,81887,24,0,0,24,13
2020-11-06,US,Alabama,Escambia,1817,31,0,31.1256789,-87.15918694,1053.0,4960.008735293315,1.7061089708310402,1786,1803,31,0,1772,1797,36748,14,0,0,14,6
2020-11-06,US,Alabama,Etowah,4792,57,0,34.04567266,-86.04051873,1055.0,4685.727695857942,1.189482470784641,4735,4745,57,0,4688,4713,102501,47,0,0,47,32
2020-11-06,US,Alabama,Fayette,644,15,0,33.72076938,-87.73886638,1057.0,3950.4355293828967,2.329192546583851,629,631,15,0,616,624,16433,13,0,0,13,7
2020-11-06,US,Alabama,Franklin,2232,33,0,34.44235334,-87.84289505,1059.0,7116.893055289841,1.478494623655914,2199,2219,32,0,2187,2202,31363,13,1,0,12,17
2020-11-06,US,Alabama,Geneva,1012,8,0,31.09389027,-85.83572839,1061.0,3852.156370141982,0.7905138339920948,1004,1003,8,0,995,993,26314,9,0,0,9,10
2020-11-06,US,Alabama,Greene,356,17,0,32.85504247,-87.95684022,1063.0,4389.101220564666,4.775280898876406,339,354,17,0,337,354,8233,2,0,0,2,0
2020-11-06,US,Alabama,Hale,820,30,0,32.76039258,-87.63284988,1065.0,5596.887584465225,3.6585365853658534,790,817,30,0,787,816,14726,3,0,0,3,1
2020-11-06,US,Alabama,Henry,770,6,0,31.51148016,-85.24267944,1067.0,4475.4431851206045,0.7792207792207793,764,766,6,0,760,762,17209,4,0,0,4,4
2020-11-06,US,Alabama,Houston,4436,36,0,31.15197924,-85.29939599,1069.0,4189.569520787291,0.8115419296663661,4400,4408,35,0,4373,4377,104722,28,1,0,27,31
2020-11-06,US,Alabama,Jackson,2439,21,0,34.78144169,-85.99750489,1071.0,4724.363692712975,0.8610086100861009,2418,2422,21,0,2401,2386,51736,17,0,0,17,36
2020-11-06,US,Alabama,Jefferson,25370,391,0,33.55554728,-86.89506300000002,1073.0,3852.268465303011,1.5411903823413482,24979,25159,391,0,24768,24973,659300,211,0,0,211,186
2020-11-06,US,Alabama,Lamar,544,7,0,33.77995024,-88.09668032,1075.0,3940.601231437885,1.286764705882353,537,541,7,0,534,540,13844,3,0,0,3,1
2020-11-06,US,Alabama,Lauderdale,2874,45,0,34.90171875,-87.65624729,1077.0,3099.354031640587,1.5657620041753653,2829,2835,45,0,2790,2820,92387,39,0,0,39,15
2020-11-06,US,Alabama,Lawrence,983,34,0,34.52041498,-87.31069453,1079.0,2985.6639533471025,3.4587995930824014,949,977,34,0,943,968,32957,6,0,0,6,9
2020-11-06,US,Alabama,Lee,6851,65,0,32.60154883,-85.35132246,1081.0,4163.678574467309,0.9487666034155596,6786,6812,65,0,6747,6776,163941,39,0,0,39,36
2020-11-06,US,Alabama,Limestone,3271,37,0,34.81185586,-86.98310072,1083.0,3306.8796441389068,1.1311525527361663,3234,3231,36,0,3195,3200,96174,40,1,0,39,31
2020-11-06,US,Alabama,Lowndes,743,29,0,32.1597283,-86.65158371,1085.0,7639.317293851532,3.9030955585464335,714,739,29,0,710,735,9974,4,0,0,4,4
2020-11-06,US,Alabama,Macon,596,20,0,32.38759944,-85.69267724,1087.0,3298.649546158955,3.355704697986577,576,590,21,0,569,588,18439,6,-1,0,7,2
2020-11-06,US,Alabama,Madison,10150,106,0,34.76327133,-86.55069633,1089.0,2721.8436669536,1.0443349753694582,10044,10078,102,0,9976,9959,366519,72,4,0,68,119
2020-11-06,US,Alabama,Marengo,1080,24,0,32.24767634,-87.78796182,1091.0,5725.494354026401,2.2222222222222223,1056,1077,24,0,1053,1073,19066,3,0,0,3,4
2020-11-06,US,Alabama,Marion,1197,31,0,34.13697363,-87.88704173,1093.0,4029.082096334444,2.5898078529657482,1166,1188,31,0,1157,1177,29763,9,0,0,9,11
2020-11-06,US,Alabama,Marshall,4769,53,0,34.36975964,-86.30486727,1095.0,4927.976522619712,1.1113440972950304,4716,4727,53,0,4674,4681,96109,42,0,0,42,46
2020-11-06,US,Alabama,Mobile,17667,325,0,30.78472347,-88.20842409,1097.0,4275.549962488807,1.839587932303164,17342,17591,324,0,17267,17505,413757,76,1,0,75,86
2020-11-06,US,Alabama,Monroe,688,10,0,31.56729412,-87.36995001,1099.0,3318.381324458593,1.4534883720930232,678,683,10,0,673,678,21067,5,0,0,5,5
2020-11-06,US,Alabama,Montgomery,11002,215,0,32.2206831,-86.20969272,1101.0,4857.695398391071,1.9541901472459555,10787,10937,215,0,10722,10889,225763,65,0,0,65,48
2020-11-06,US,Alabama,Morgan,4753,39,0,34.45500589,-86.85475946,1103.0,3971.456980756858,0.820534399326741,4714,4702,39,0,4663,4669,119089,51,0,0,51,33
2020-11-06,US,Alabama,Perry,615,6,0,32.64048341,-87.29770589,1105.0,6892.300795696515,0.975609756097561,609,614,6,0,608,609,9140,1,0,0,1,5
2020-11-06,US,Alabama,Pickens,979,18,0,33.28094866,-88.08818103,1107.0,4912.192674360262,1.838610827374872,961,972,18,0,954,958,19938,7,0,0,7,14
2020-11-06,US,Alabama,Pike,1419,14,0,31.80396383,-85.9408295,1109.0,4285.196593585794,0.9866102889358704,1405,1410,14,0,1396,1406,33338,9,0,0,9,4
2020-11-06,US,Alabama,Randolph,883,16,0,33.29526734,-85.45708831,1111.0,3886.101575565531,1.8120045300113248,867,879,16,0,863,876,22725,4,0,0,4,3
2020-11-06,US,Alabama,Russell,2018,3,0,32.28725256,-85.18415324,1113.0,3481.6514552889007,0.14866204162537167,2015,2012,3,0,2009,2008,57781,6,0,0,6,4
2020-11-06,US,Alabama,Shelby,8090,70,0,33.26879845,-86.66232561,1117.0,3716.088965650293,0.865265760197775,8020,8017,70,0,7947,7947,215707,73,0,0,73,70
2020-11-06,US,Alabama,St. Clair,3417,52,0,33.71902176,-86.31029372,1115.0,3817.365269461078,1.5218027509511267,3365,3378,51,0,3327,3357,88690,39,1,0,38,21
2020-11-06,US,Alabama,Sumter,502,21,0,32.59117397,-88.19916205,1119.0,4039.591212682063,4.183266932270916,481,494,21,0,473,490,12691,8,0,0,8,4
2020-11-06,US,Alabama,Talladega,2910,40,0,33.37823223,-86.16886178,1121.0,3638.500587661607,1.3745704467353952,2870,2892,39,0,2853,2866,79828,18,1,0,17,26
2020-11-06,US,Alabama,Tallapoosa,1454,87,0,32.86698258,-85.79833053,1123.0,3601.9520895781206,5.9834938101788175,1367,1443,87,0,1356,1430,40497,11,0,0,11,13
2020-11-06,US,Alabama,Tuscaloosa,11025,146,0,33.28726072,-87.52556818,1125.0,5266.174679372358,1.3242630385487528,10879,10976,145,0,10831,10937,208911,49,1,0,48,39
2020-11-06,US,Alabama,Walker,3109,96,0,33.80270512,-87.30027177,1127.0,4894.444356984304,3.087809585075587,3013,3083,95,0,2988,3056,63711,26,1,0,25,27
2020-11-06,US,Alabama,Washington,801,12,0,31.4092794,-88.20689944,1129.0,4906.284454244763,1.49812734082397,789,794,12,0,782,787,16378,7,0,0,7,7
2020-11-06,US,Alabama,Wilcox,586,12,0,31.98773215,-87.30891118,1131.0,5649.28178926058,2.04778156996587,574,585,12,0,573,580,10627,1,0,0,1,5
2020-11-06,US,Alabama,Winston,1019,13,0,34.15030532,-87.37325922,1133.0,4312.497354945194,1.2757605495583906,1006,1010,13,0,997,1002,23660,9,0,0,9,8
2020-11-06,US,Alaska,Aleutians East,19,0,0,55.32222414,-161.9722021,2013.0,569.3736889421638,0.0,19,18,0,0,18,18,3515,1,0,0,1,0
2020-11-06,US,Alaska,Aleutians West,102,0,0,52.3233,-174.1596,2016.0,1810.436634717785,0.0,102,102,0,0,102,101,5723,0,0,0,0,1
2020-11-06,US,Alaska,Anchorage,9574,51,0,61.14998174,-149.14269860000005,2020.0,3324.305555555556,0.5326927094213495,9523,9253,51,0,9202,9088,291538,321,0,0,321,165
2020-11-06,US,Alaska,Bethel,617,1,0,60.90980451,-159.8561831,2050.0,3355.814206461438,0.1620745542949757,616,585,1,0,584,545,18216,32,0,0,32,40
2020-11-06,US,Alaska,Bristol Bay plus Lake and Peninsula,116,0,0,58.62403337,-156.21405890000003,2164.0,2885.5721393034833,0.0,116,115,0,0,115,115,,1,0,0,1,0
2020-11-06,US,Alaska,Denali,33,0,0,63.67264044,-150.0076108,2068.0,1573.6766809728185,0.0,33,33,0,0,33,33,2059,0,0,0,0,0
2020-11-06,US,Alaska,Dillingham,63,0,0,59.79603738,-158.23819419999995,2070.0,1281.5296989422295,0.0,63,63,0,0,63,63,5000,0,0,0,0,0
2020-11-06,US,Alaska,Fairbanks North Star,2476,16,0,64.80726247,-146.5692662,2090.0,2556.557114683683,0.6462035541195477,2460,2471,16,0,2455,2447,98971,5,0,0,5,24
2020-11-06,US,Alaska,Haines,15,0,0,59.09893571,-135.4679843,2100.0,592.8853754940711,0.0,15,14,0,0,14,14,2474,1,0,0,1,0
2020-11-06,US,Alaska,Juneau,642,3,0,58.45031811,-134.200436,2110.0,2007.8814036404572,0.4672897196261682,639,631,3,0,628,628,32113,11,0,0,11,3
2020-11-06,US,Alaska,Kenai Peninsula,1255,4,0,60.24429722,-151.53888840000005,2122.0,2137.698439735641,0.3187250996015936,1251,1216,4,0,1212,1202,58533,39,0,0,39,14
2020-11-06,US,Alaska,Ketchikan Gateway,105,0,0,55.57445008,-130.975561,2130.0,755.3413423494712,0.0,105,98,0,0,98,93,13918,7,0,0,7,5
2020-11-06,US,Alaska,Kodiak Island,131,0,0,57.65529415,-153.7493579,2150.0,1007.847361132482,0.0,131,131,0,0,131,130,13345,0,0,0,0,1
2020-11-06,US,Alaska,Kusilvak,296,0,0,62.15429159999999,-163.39678830000003,2158.0,3560.2598027423633,0.0,296,284,0,0,284,279,8303,12,0,0,12,5
2020-11-06,US,Alaska,Matanuska-Susitna,1823,3,0,62.31305045,-149.5741743,2170.0,1683.0229788491185,0.16456390565002746,1820,1751,3,0,1748,1715,107610,72,0,0,72,36
2020-11-06,US,Alaska,Nome,148,0,0,64.90320724,-164.0353804,2180.0,1479.408236705318,0.0,148,146,0,0,146,144,10008,2,0,0,2,2
2020-11-06,US,Alaska,North Slope,305,0,0,69.31479216,-153.4836093,2185.0,3102.1155410903166,0.0,305,296,0,0,296,288,9872,9,0,0,9,8
2020-11-06,US,Alaska,Northwest Arctic,279,0,0,67.04919196,-159.7503946,2188.0,3660.936884923239,0.0,279,278,0,0,278,278,7671,1,0,0,1,0
2020-11-06,US,Alaska,Petersburg,20,1,0,57.13978948,-132.9540995,2195.0,612.369871402327,5.0,19,20,1,0,19,20,3221,0,0,0,0,0
2020-11-06,US,Alaska,Prince of Wales-Hyder,36,1,0,55.76261984,-133.0511621,2198.0,580.3643398355633,2.7777777777777777,35,36,1,0,35,36,6422,0,0,0,0,0
2020-11-06,US,Alaska,Sitka,93,0,0,57.24124555,-135.3206587,2220.0,1095.019427764041,0.0,93,89,0,0,89,88,8647,4,0,0,4,1
2020-11-06,US,Alaska,Skagway,7,0,0,59.56149996,-135.33377480000001,2230.0,591.7159763313608,0.0,7,7,0,0,7,7,1148,0,0,0,0,0
2020-11-06,US,Alaska,Southeast Fairbanks,97,1,0,63.87692095,-143.2127643,2240.0,1407.2247207311764,1.0309278350515465,96,95,1,0,94,94,6918,2,0,0,2,1
2020-11-06,US,Alaska,Unassigned,79,0,0,0.0,0.0,90002.0,0.0,0.0,79,77,0,0,77,73,,2,0,0,2,4
2020-11-06,US,Alaska,Valdez-Cordova,185,1,0,61.47502768,-144.7126799,2261.0,2010.4325146707238,0.5405405405405406,184,183,1,0,182,180,9164,2,0,0,2,3
2020-11-06,US,Alaska,Wrangell,19,0,0,56.3202004,-132.05837309999998,2275.0,759.3924860111911,0.0,19,19,0,0,19,19,2503,0,0,0,0,0
2020-11-06,US,Alaska,Yakutat,37,0,0,59.890980799999994,-140.36014509999998,2282.0,6390.328151986183,0.0,37,37,0,0,37,37,604,0,0,0,0,0
2020-11-06,US,Alaska,Yukon-Koyukuk,127,2,0,65.50815459,-151.39073869999999,2290.0,2428.2982791587,1.5748031496062993,125,126,2,0,124,125,5327,1,0,0,1,1
2020-11-06,US,Arizona,Apache,4111,180,0,35.39465006,-109.4892383,4001.0,5718.697400086247,4.378496716127463,3931,4066,179,0,3887,4054,71818,45,1,0,44,12
2020-11-06,US,Arizona,Cochise,2331,76,0,31.87934684,-109.7516088,4003.0,1851.145947491304,3.2604032604032605,2255,2307,76,0,2231,2272,126770,24,0,0,24,35
2020-11-06,US,Arizona,Coconino,5668,151,0,35.83883429,-111.77071780000001,4005.0,3950.486492514428,2.6640790402258294,5517,5606,149,0,5457,5498,142854,62,2,0,60,108
2020-11-06,US,Arizona,Gila,2092,73,0,33.80190085,-110.8132779,4007.0,3872.7831463586213,3.4894837476099427,2019,2081,73,0,2008,2047,53889,11,0,0,11,34
2020-11-06,US,Arizona,Graham,1364,31,0,32.93166885,-109.8882178,4009.0,3512.114735947678,2.272727272727273,1333,1343,31,0,1312,1320,38072,21,0,0,21,23
2020-11-06,US,Arizona,Greenlee,107,2,0,33.21498827,-109.2405279,4011.0,1126.5529585175827,1.8691588785046729,105,106,2,0,104,106,9483,1,0,0,1,0
2020-11-06,US,Arizona,La Paz,636,18,0,33.72854224,-113.98100290000001,4012.0,3013.075611142695,2.830188679245283,618,635,18,0,617,633,21098,1,0,0,1,2
2020-11-06,US,Arizona,Maricopa,164269,3682,0,33.34835867,-112.49181540000001,4013.0,3662.292934386882,2.241445434013721,160587,162958,3672,0,159286,161588,4410824,1311,10,0,1301,1370
2020-11-06,US,Arizona,Mohave,4647,240,0,35.70471703,-113.7577902,4015.0,2190.111272922646,5.164622336991608,4407,4596,237,0,4359,4550,209550,51,3,0,48,46
2020-11-06,US,Arizona,Navajo,6739,254,0,35.3997715,-110.3218983,4017.0,6075.330857163463,3.7691052084879066,6485,6665,252,0,6413,6618,110445,74,2,0,72,47
2020-11-06,US,Arizona,Pima,29764,653,0,32.0971334,-111.7890033,4019.0,2842.031588526076,2.193925547641446,29111,29456,650,0,28806,29291,1039073,308,3,0,305,165
2020-11-06,US,Arizona,Pinal,12524,230,0,32.90525627,-111.3449483,4021.0,2706.200882043437,1.8364739699776431,12294,12510,230,0,12280,12361,447138,14,0,0,14,149
2020-11-06,US,Arizona,Santa Cruz,3103,66,0,31.52508998,-110.8479088,4023.0,6673.405307755173,2.1269738962294555,3037,3085,65,0,3020,3080,46511,18,1,0,17,5
2020-11-06,US,Arizona,Unassigned,1,0,0,0.0,0.0,90004.0,0.0,0.0,1,1,0,0,1,1,,0,0,0,0,0
2020-11-06,US,Arizona,Yavapai,3138,92,0,34.59933926,-112.5538588,4025.0,1334.7568471154705,2.9318036966220524,3046,3134,92,0,3042,3113,231993,4,0,0,4,21
2020-11-06,US,Arizona,Yuma,14270,361,0,32.76895712,-113.90666740000002,4027.0,6674.86797606964,2.5297827610371413,13909,14219,361,0,13858,14101,212128,51,0,0,51,118
2020-11-06,US,Arkansas,Arkansas,766,20,0,34.29145151,-91.37277296,5001.0,4380.647375042891,2.610966057441253,746,760,20,0,740,744,17769,6,0,0,6,16
2020-11-06,US,Arkansas,Ashley,605,13,0,33.19153461,-91.76984709999999,5003.0,3077.7839955232234,2.1487603305785123,592,594,13,0,581,586,20046,11,0,0,11,8
2020-11-06,US,Arkansas,Baxter,880,12,0,36.28784385,-92.33782872,5005.0,2098.6358866736623,1.3636363636363635,868,848,12,0,836,824,41619,32,0,0,32,24
2020-11-06,US,Arkansas,Benton,9226,129,0,36.33644656,-94.25680817,5007.0,3305.139696425821,1.3982224149143725,9097,9060,127,0,8933,8838,272608,166,2,0,164,222
2020-11-06,US,Arkansas,Boone,1165,38,0,36.3084504,-93.09374925,5009.0,3112.3103227185297,3.2618025751072963,1127,1145,38,0,1107,1130,37480,20,0,0,20,15
2020-11-06,US,Arkansas,Bradley,382,8,0,33.46755808,-92.15980837,5011.0,3549.1963207284216,2.094240837696335,374,380,8,0,372,376,10897,2,0,0,2,4
2020-11-06,US,Arkansas,Calhoun,74,0,0,33.55598792,-92.49974403,5013.0,1426.0936596646752,0.0,74,71,0,0,71,60,5277,3,0,0,3,11
2020-11-06,US,Arkansas,Carroll,1087,19,0,36.34038560000001,-93.54270261,5015.0,3830.16208597604,1.7479300827966882,1068,1070,19,0,1051,1064,28223,17,0,0,17,6
2020-11-06,US,Arkansas,Chicot,1059,23,0,33.26458973,-91.29539209,5017.0,10466.495354813203,2.1718602455146363,1036,1059,23,0,1036,1059,10438,0,0,0,0,0
2020-11-06,US,Arkansas,Clark,581,6,0,34.04613432,-93.17484713,5019.0,2603.0465949820787,1.032702237521515,575,564,6,0,558,553,22061,17,0,0,17,11
2020-11-06,US,Arkansas,Clay,557,15,0,36.36826212,-90.4148172,5021.0,3827.9156071747652,2.692998204667864,542,544,15,0,529,536,14847,13,0,0,13,8
2020-11-06,US,Arkansas,Cleburne,540,18,0,35.53864922,-92.02640019,5023.0,2167.021148521209,3.333333333333333,522,534,17,0,517,516,24965,6,1,0,5,18
2020-11-06,US,Arkansas,Cleveland,275,13,0,33.89723187,-92.18537045,5025.0,3456.510809451986,4.727272727272728,262,274,13,0,261,270,8018,1,0,0,1,4
2020-11-06,US,Arkansas,Columbia,790,22,0,33.21230701,-93.22642793,5027.0,3367.864603316707,2.7848101265822787,768,777,22,0,755,768,23537,13,0,0,13,9
2020-11-06,US,Arkansas,Conway,390,4,0,35.26205537,-92.70506566,5029.0,1870.8625155905206,1.0256410256410255,386,382,4,0,378,367,20891,8,0,0,8,15
2020-11-06,US,Arkansas,Craighead,5328,54,0,35.83018283,-90.63235729,5031.0,4829.061378385238,1.0135135135135136,5274,5193,52,0,5141,5117,108558,135,2,0,133,76
2020-11-06,US,Arkansas,Crawford,2334,31,0,35.58928601,-94.2446814,5033.0,3689.710229697899,1.3281919451585262,2303,2291,31,0,2260,2250,63406,43,0,0,43,41
2020-11-06,US,Arkansas,Crittenden,2658,53,0,35.21247318,-90.30839406,5035.0,5542.6962777604,1.99398043641836,2605,2614,53,0,2561,2588,48342,44,0,0,44,26
2020-11-06,US,Arkansas,Cross,635,23,0,35.29631396,-90.77185818,5037.0,3867.470613313844,3.622047244094488,612,629,23,0,606,635,16676,6,0,0,6,-6
2020-11-06,US,Arkansas,Dallas,196,6,0,33.97042763,-92.65167437,5039.0,2796.404622628049,3.0612244897959178,190,192,6,0,186,190,7182,4,0,0,4,2
2020-11-06,US,Arkansas,Desha,454,8,0,33.83011025,-91.25500948,5041.0,3996.127101487545,1.7621145374449338,446,447,8,0,439,441,11512,7,0,0,7,6
2020-11-06,US,Arkansas,Drew,465,7,0,33.59035001,-91.71777921,5043.0,2552.2805862012187,1.5053763440860215,458,464,7,0,457,454,18328,1,0,0,1,10
2020-11-06,US,Arkansas,Faulkner,3683,44,0,35.14719007,-92.33717519,5045.0,2922.8534922663025,1.1946782514254684,3639,3648,42,0,3606,3610,124806,35,2,0,33,38
2020-11-06,US,Arkansas,Franklin,602,2,0,35.51202821,-93.89299569,5047.0,3398.2500705616712,0.3322259136212625,600,595,2,0,593,589,17810,7,0,0,7,6
2020-11-06,US,Arkansas,Fulton,377,11,0,36.38177105,-91.81729127,5049.0,3021.5596697924184,2.9177718832891246,366,373,11,0,362,355,12269,4,0,0,4,18
2020-11-06,US,Arkansas,Garland,2789,76,0,34.57692074,-93.14921604,5051.0,2806.2302537580745,2.7249910362136966,2713,2748,76,0,2672,2700,99154,41,0,0,41,48
2020-11-06,US,Arkansas,Grant,404,4,0,34.29017991,-92.42320562,5053.0,2211.880646044347,0.99009900990099,400,400,4,0,396,392,18188,4,0,0,4,8
2020-11-06,US,Arkansas,Greene,1858,22,0,36.11735460000001,-90.55832668,5055.0,4099.2829564258145,1.1840688912809472,1836,1793,21,0,1772,1762,45325,65,1,0,64,31
2020-11-06,US,Arkansas,Hempstead,651,5,0,33.73325583,-93.66935133,5057.0,3023.407022106632,0.7680491551459293,646,635,5,0,630,627,21741,16,0,0,16,8
2020-11-06,US,Arkansas,Hot Spring,2379,38,0,34.31709259,-92.95396325,5059.0,7044.50564093453,1.5973097940311054,2341,2361,38,0,2323,2352,33701,18,0,0,18,9
2020-11-06,US,Arkansas,Howard,668,14,0,34.09007427,-93.9934871,5061.0,5059.839418269959,2.0958083832335332,654,658,14,0,644,631,13341,10,0,0,10,27
2020-11-06,US,Arkansas,Independence,1591,66,0,35.74242707,-91.57001641,5063.0,4206.212822207534,4.14833438089252,1525,1573,62,0,1511,1558,37678,18,4,0,14,15
2020-11-06,US,Arkansas,Izard,787,2,0,36.09604046,-91.90847954,5065.0,5774.4515371634025,0.25412960609911056,785,691,2,0,689,689,13593,96,0,0,96,2
2020-11-06,US,Arkansas,Jackson,977,6,0,35.59802983,-91.21494602,5067.0,5843.650936060769,0.6141248720573184,971,968,6,0,962,935,16811,9,0,0,9,33
2020-11-06,US,Arkansas,Jefferson,4460,102,0,34.26767081,-91.92619839,5069.0,6674.248772895966,2.2869955156950668,4358,4416,102,0,4314,4393,68114,44,0,0,44,23
2020-11-06,US,Arkansas,Johnson,1084,11,0,35.56759135,-93.46036368,5071.0,4078.5612160433443,1.014760147601476,1073,1075,9,0,1066,1069,26742,9,2,0,7,6
2020-11-06,US,Arkansas,Lafayette,218,3,0,33.24116713,-93.60677071,5073.0,3291.062801932367,1.3761467889908257,215,214,3,0,211,213,6682,4,0,0,4,1
2020-11-06,US,Arkansas,Lawrence,938,22,0,36.04188196,-91.10867198,5075.0,5717.420455930757,2.345415778251599,916,926,22,0,904,917,16434,12,0,0,12,9
2020-11-06,US,Arkansas,Lee,1117,18,0,34.78498904,-90.78383866,5077.0,12611.4937337699,1.6114592658907791,1099,1116,18,0,1098,1117,8985,1,0,0,1,-1
2020-11-06,US,Arkansas,Lincoln,2354,18,0,33.95317155,-91.74002806,5079.0,18074.324324324323,0.7646559048428208,2336,2351,18,0,2333,2349,13383,3,0,0,3,2
2020-11-06,US,Arkansas,Little River,512,37,0,33.70375665,-94.23468591,5081.0,4176.523370584877,7.2265625,475,507,37,0,470,502,12326,5,0,0,5,5
2020-11-06,US,Arkansas,Logan,637,5,0,35.21413234,-93.71951016,5083.0,2967.483462219324,0.7849293563579278,632,625,5,0,620,619,21737,12,0,0,12,6
2020-11-06,US,Arkansas,Lonoke,2005,34,0,34.75392199,-91.88742357,5085.0,2734.998431297658,1.6957605985037407,1971,1951,34,0,1917,1923,73657,54,0,0,54,28
2020-11-06,US,Arkansas,Madison,460,6,0,36.01038185,-93.72524943,5087.0,2775.096525096525,1.3043478260869563,454,458,6,0,452,455,16481,2,0,0,2,3
2020-11-06,US,Arkansas,Marion,210,2,0,36.26844485,-92.68451899,5089.0,1257.9369833473104,0.9523809523809524,208,203,2,0,201,193,16722,7,0,0,7,10
2020-11-06,US,Arkansas,Miller,1758,22,0,33.31403423,-93.89285258,5091.0,4064.0821138775227,1.2514220705346986,1736,1729,22,0,1707,1701,43592,29,0,0,29,28
2020-11-06,US,Arkansas,Mississippi,2543,70,0,35.76271485,-90.05194370000002,5093.0,6255.6886669454625,2.7526543452615018,2473,2511,70,0,2441,2478,41239,32,0,0,32,33
2020-11-06,US,Arkansas,Monroe,246,2,0,34.6815935,-91.20540287,5095.0,3671.093866587077,0.8130081300813008,244,244,2,0,242,235,6900,2,0,0,2,9
2020-11-06,US,Arkansas,Montgomery,196,8,0,34.53704874,-93.65824478,5097.0,2181.1707099933233,4.081632653061225,188,195,8,0,187,195,8924,1,0,0,1,0
2020-11-06,US,Arkansas,Nevada,354,14,0,33.66340119,-93.30632432,5099.0,4289.869122636937,3.9548022598870056,340,351,14,0,337,346,8326,3,0,0,3,5
2020-11-06,US,Arkansas,Newton,342,21,0,35.91947491,-93.21612969,5101.0,4411.195666193731,6.140350877192982,321,332,21,0,311,328,7805,10,0,0,10,4
2020-11-06,US,Arkansas,Ouachita,426,9,0,33.58839816,-92.87795984,5103.0,1821.9142930459327,2.112676056338028,417,418,9,0,409,410,23606,8,0,0,8,8
2020-11-06,US,Arkansas,Perry,172,2,0,34.945915299999996,-92.94372564,5105.0,1645.1458632233382,1.162790697674419,170,168,2,0,166,165,10352,4,0,0,4,3
2020-11-06,US,Arkansas,Phillips,801,16,0,34.43268455,-90.84800154,5107.0,4504.5551681475645,1.9975031210986267,785,795,16,0,779,793,18029,6,0,0,6,2
2020-11-06,US,Arkansas,Pike,288,1,0,34.16250414,-93.65789349,5109.0,2687.068482925919,0.3472222222222222,287,287,1,0,286,281,10673,1,0,0,1,6
2020-11-06,US,Arkansas,Poinsett,1305,28,0,35.57433534,-90.66268713,5111.0,5546.582794967698,2.1455938697318007,1277,1281,28,0,1253,1258,23974,24,0,0,24,23
2020-11-06,US,Arkansas,Polk,422,5,0,34.48254879,-94.22728802,5113.0,2113.804848727709,1.1848341232227488,417,410,5,0,405,394,20049,12,0,0,12,16
2020-11-06,US,Arkansas,Pope,2944,38,0,35.44871474,-93.03212219,5115.0,4594.830815332751,1.2907608695652173,2906,2924,38,0,2886,2896,64000,20,0,0,20,28
2020-11-06,US,Arkansas,Prairie,267,5,0,34.83624419,-91.55162157,5117.0,3311.8332919871004,1.8726591760299625,262,266,5,0,261,262,8074,1,0,0,1,4
2020-11-06,US,Arkansas,Pulaski,12992,228,0,34.77054088,-92.31355101,5119.0,3315.0383633018732,1.7549261083743843,12764,12863,226,0,12637,12719,392680,129,2,0,127,144
2020-11-06,US,Arkansas,Randolph,730,26,0,36.3415714,-91.02455531,5121.0,4065.040650406504,3.5616438356164384,704,718,26,0,692,714,17948,12,0,0,12,4
2020-11-06,US,Arkansas,Saline,3287,40,0,34.64916145,-92.67583224,5125.0,2684.6459811984937,1.2169151201703678,3247,3229,39,0,3190,3173,121421,58,1,0,57,56
2020-11-06,US,Arkansas,Scott,257,2,0,34.85588887,-94.0632176,5127.0,2499.7568329928995,0.7782101167315175,255,249,2,0,247,236,10319,8,0,0,8,13
2020-11-06,US,Arkansas,Searcy,226,1,0,35.9109364,-92.69936482,5129.0,2867.656388783149,0.4424778761061947,225,225,1,0,224,222,7958,1,0,0,1,3
2020-11-06,US,Arkansas,Sebastian,5389,105,0,35.19605503,-94.27162713,5131.0,4215.854240496921,1.9484134347745408,5284,5297,105,0,5192,5219,127753,92,0,0,92,78
2020-11-06,US,Arkansas,Sevier,1486,16,0,33.99780401,-94.2424869,5133.0,8737.57864408773,1.0767160161507403,1470,1478,16,0,1462,1458,17139,8,0,0,8,20
2020-11-06,US,Arkansas,Sharp,420,11,0,36.16258158,-91.47819342,5135.0,2407.980736154111,2.619047619047619,409,407,10,0,397,401,17366,13,1,0,12,6
2020-11-06,US,Arkansas,St. Francis,1830,10,0,35.02201976,-90.74828138,5123.0,7321.757221733216,0.5464480874316939,1820,1818,10,0,1808,1816,25439,12,0,0,12,2
2020-11-06,US,Arkansas,Stone,413,22,0,35.86251946,-92.15684085,5137.0,3302.4148408763795,5.326876513317192,391,412,22,0,390,411,12457,1,0,0,1,1
2020-11-06,US,Arkansas,Unassigned,1711,0,0,0.0,0.0,90005.0,0.0,0.0,1711,1599,0,0,1599,1604,,112,0,0,112,-5
2020-11-06,US,Arkansas,Union,1244,53,0,33.16887091,-92.59746952,5139.0,3215.966082415594,4.260450160771704,1191,1234,52,0,1182,1220,39126,10,1,0,9,14
2020-11-06,US,Arkansas,Van Buren,242,3,0,35.58095779,-92.51295036,5141.0,1462.677546086431,1.2396694214876034,239,223,3,0,220,217,16603,19,0,0,19,6
2020-11-06,US,Arkansas,Washington,12325,159,0,35.976844,-94.21800746,5143.0,5152.872020636573,1.2900608519269776,12166,12191,159,0,12032,12097,236961,134,0,0,134,94
2020-11-06,US,Arkansas,White,1860,37,0,35.25688493,-91.74908296,5145.0,2361.814788008076,1.9892473118279568,1823,1798,37,0,1761,1727,78727,62,0,0,62,71
2020-11-06,US,Arkansas,Woodruff,150,0,0,35.18902527,-91.2439489,5147.0,2373.4177215189875,0.0,150,147,0,0,147,146,6490,3,0,0,3,1
2020-11-06,US,Arkansas,Yell,1396,32,0,35.00292371,-93.41171338,5149.0,6541.39918466801,2.292263610315186,1364,1384,32,0,1352,1374,21535,12,0,0,12,10
2020-11-06,US,California,Alameda,24418,471,0,37.64629437,-121.8929271,6001.0,1460.99301813108,1.9289049062167252,23947,24370,465,0,23905,24233,1666753,48,6,0,42,137
2020-11-06,US,California,Alpine,22,0,0,38.59678594,-119.82235940000001,6003.0,1948.627103631532,0.0,22,18,0,0,18,18,1101,4,0,0,4,0
2020-11-06,US,California,Amador,363,16,0,38.44583082,-120.65696000000001,6005.0,913.1616019319783,4.40771349862259,347,362,16,0,346,361,39383,1,0,0,1,1
2020-11-06,US,California,Butte,3239,54,0,39.66727762,-121.6005252,6007.0,1477.7403666292553,1.6671812287743133,3185,3218,54,0,3164,3211,231256,21,0,0,21,7
2020-11-06,US,California,Calaveras,361,21,0,38.20537103,-120.55291299999999,6009.0,786.4067095087681,5.8171745152354575,340,361,21,0,340,361,45602,0,0,0,0,0
2020-11-06,US,California,Colusa,576,6,0,39.17881957,-122.2331726,6011.0,2673.2259711328725,1.0416666666666667,570,576,6,0,570,572,21627,0,0,0,0,4
2020-11-06,US,California,Contra Costa,19685,250,0,37.91923498,-121.9289527,6013.0,1706.5068320956784,1.27000254000508,19435,19517,248,0,19269,19416,1150215,168,2,0,166,101
2020-11-06,US,California,Del Norte,201,1,0,41.74228275,-123.89740630000001,6015.0,722.7096217460089,0.4975124378109453,200,198,1,0,197,194,27828,3,0,0,3,4
2020-11-06,US,California,El Dorado,1469,4,0,38.77965956,-120.5233166,6017.0,761.7595660718823,0.2722940776038121,1465,1459,4,0,1455,1445,190678,10,0,0,10,14
2020-11-06,US,California,Fresno,32056,454,0,36.75733899,-119.6466953,6019.0,3208.484427500323,1.4162715248315447,31602,31952,447,0,31505,31856,994400,104,7,0,97,96
2020-11-06,US,California,Glenn,714,3,0,39.59875897,-122.3938452,6021.0,2514.7043285316804,0.4201680672268908,711,710,3,0,707,707,28047,4,0,0,4,3
2020-11-06,US,California,Humboldt,605,10,0,40.69923009,-123.876044,6023.0,446.30342731524513,1.6528925619834711,595,599,10,0,589,592,136373,6,0,0,6,7
2020-11-06,US,California,Imperial,13398,341,0,33.0393082,-115.36690420000001,6025.0,7393.4276963827515,2.5451559934318557,13057,13330,340,0,12990,13284,181827,68,1,0,67,46
2020-11-06,US,California,Inyo,247,15,0,36.51112084,-117.41119779999998,6027.0,1369.2555019679585,6.0728744939271255,232,247,15,0,232,247,17987,0,0,0,0,0
2020-11-06,US,California,Kern,34973,428,0,35.34329425,-118.72777959999999,6029.0,3885.016918424976,1.2238012180825208,34545,34779,426,0,34353,34676,896764,194,2,0,192,103
2020-11-06,US,California,Kings,8846,84,0,36.07409056,-119.8159973,6031.0,5783.9675689813,0.9495817318562062,8762,8817,84,0,8733,8783,151366,29,0,0,29,34
2020-11-06,US,California,Lake,740,17,0,39.10124298,-122.75362439999999,6033.0,1149.318174758488,2.2972972972972974,723,739,17,0,722,734,64382,1,0,0,1,5
2020-11-06,US,California,Lassen,782,1,0,40.67311306,-120.59350990000002,6035.0,2557.8124488928147,0.1278772378516624,781,781,1,0,780,782,30802,1,0,0,1,-1
2020-11-06,US,California,Los Angeles,317656,7157,0,34.30828379,-118.22824109999999,6037.0,3164.185818519516,2.2530662099881638,310499,315564,7140,0,308424,313526,10105518,2092,17,0,2075,2038
2020-11-06,US,California,Madera,5249,76,0,37.21513971,-119.76655890000002,6039.0,3336.363116311885,1.4478948371118308,5173,5219,76,0,5143,5182,157672,30,0,0,30,37
2020-11-06,US,California,Marin,7205,127,0,38.07122463,-122.72106310000001,6041.0,2783.72342809455,1.7626648160999303,7078,7197,127,0,7070,7181,259666,8,0,0,8,16
2020-11-06,US,California,Mariposa,81,2,0,37.57978556,-119.9073334,6043.0,470.8481078881591,2.469135802469136,79,81,2,0,79,81,17471,0,0,0,0,0
2020-11-06,US,California,Mendocino,1213,21,0,39.4381191,-123.39113130000001,6045.0,1398.2870119540282,1.7312448474855733,1192,1193,21,0,1172,1188,87606,20,0,0,20,5
2020-11-06,US,California,Merced,9916,163,0,37.18922369,-120.72090349999999,6047.0,3571.01699798329,1.6438079870915692,9753,9880,161,0,9719,9819,274765,36,2,0,34,61
2020-11-06,US,California,Modoc,68,0,0,41.58965602,-120.7244817,6049.0,769.1437620178713,0.0,68,64,0,0,64,58,8777,4,0,0,4,6
2020-11-06,US,California,Mono,336,2,0,37.93899289,-118.8872409,6051.0,2326.225422320687,0.5952380952380952,334,268,2,0,266,237,14250,68,0,0,68,31
2020-11-06,US,California,Monterey,11998,99,0,36.21862405,-121.24133970000001,6053.0,2764.1276226152545,0.8251375229204867,11899,11956,99,0,11857,11906,435594,42,0,0,42,50
2020-11-06,US,California,Napa,2158,16,0,38.50735751,-122.33283899999999,6055.0,1566.674410500639,0.7414272474513438,2142,2133,16,0,2117,2130,139417,25,0,0,25,3
2020-11-06,US,California,Nevada,688,9,0,39.30394768,-120.76272809999999,6057.0,689.6897398626636,1.3081395348837208,679,681,9,0,672,672,99696,7,0,0,7,9
2020-11-06,US,California,Orange,61421,1503,0,33.70147516,-117.76459979999998,6059.0,1934.0981430189074,2.447045798668208,59918,61112,1494,0,59618,60841,3185968,309,9,0,300,271
2020-11-06,US,California,Placer,4692,60,0,39.06167234,-120.72405690000001,6061.0,1177.9207639915746,1.278772378516624,4632,4640,60,0,4580,4542,393149,52,0,0,52,98
2020-11-06,US,California,Plumas,94,0,0,40.00355989,-120.8395236,6063.0,499.8138990801297,0.0,94,90,0,0,90,86,18804,4,0,0,4,4
2020-11-06,US,California,Riverside,70696,1333,0,33.74314981,-115.9933578,6065.0,2861.5536808462584,1.885538078533439,69363,70309,1331,0,68978,69827,2450758,387,2,0,385,482
2020-11-06,US,California,Sacramento,27278,506,0,38.45106826,-121.34253740000001,6067.0,1757.5374116173493,1.8549747048903882,26772,27043,506,0,26537,26884,1540975,235,0,0,235,159
2020-11-06,US,California,San Benito,1499,15,0,36.60308176,-121.069975,6069.0,2386.6386447586297,1.0006671114076051,1484,1491,15,0,1476,1483,61537,8,0,0,8,8
2020-11-06,US,California,San Bernardino,67777,1092,0,34.84060306,-116.1774685,6071.0,3108.915478066222,1.6111660297741122,66685,67196,1092,0,66104,66656,2171603,581,0,0,581,540
2020-11-06,US,California,San Diego,59116,907,0,33.03484597,-116.73653259999999,6073.0,1770.8255325267426,1.5342716015968605,58209,58636,904,0,57732,58106,3343364,480,3,0,477,530
2020-11-06,US,California,San Francisco,12753,151,0,37.75215114,-122.43856720000001,6075.0,1446.6580984154032,1.1840351289892574,12602,12666,149,0,12517,12599,883305,87,2,0,85,67
2020-11-06,US,California,San Joaquin,22556,494,0,37.93433732,-121.2730061,6077.0,2959.530169993229,2.190104628480227,22062,22450,494,0,21956,22365,752660,106,0,0,106,85
2020-11-06,US,California,San Luis Obispo,4496,33,0,35.38822029,-120.4039028,6079.0,1588.069697044622,0.7339857651245552,4463,4422,33,0,4389,4380,284010,74,0,0,74,42
2020-11-06,US,California,San Mateo,11710,162,0,37.422880799999994,-122.32755459999998,6081.0,1527.5779345215656,1.3834329632792486,11548,11629,161,0,11468,11564,769545,81,1,0,80,65
2020-11-06,US,California,Santa Barbara,10089,130,0,34.65329488,-120.0188492,6083.0,2259.5795287335472,1.2885320646248388,9959,10042,130,0,9912,10016,446527,47,0,0,47,26
2020-11-06,US,California,Santa Clara,25883,430,0,37.23104908,-121.6970462,6085.0,1333.3492405018644,1.6613221033110537,25453,25705,424,0,25281,25543,1937570,178,6,0,172,162
2020-11-06,US,California,Santa Cruz,3031,26,0,37.05580291,-122.0066524,6087.0,1109.3908415778167,0.8578027053777632,3005,3007,26,0,2981,2980,274255,24,0,0,24,27
2020-11-06,US,California,Shasta,2452,34,0,40.76391419,-122.0396884,6089.0,1361.6170590848512,1.3866231647634584,2418,2375,33,0,2342,2288,180040,77,1,0,76,87
2020-11-06,US,California,Sierra,7,0,0,39.57713498,-120.52007009999998,6091.0,232.94509151414314,0.0,7,6,0,0,6,6,2987,1,0,0,1,0
2020-11-06,US,California,Siskiyou,287,0,0,41.59198861,-122.54074340000001,6093.0,659.1791267599164,0.0,287,278,0,0,278,272,43724,9,0,0,9,6
2020-11-06,US,California,Solano,8132,79,0,38.26827353,-121.9357113,6095.0,1816.626195428053,0.971470732907034,8053,7996,76,0,7920,7940,446610,136,3,0,133,56
2020-11-06,US,California,Sonoma,10170,146,0,38.52746429,-122.88625060000001,6097.0,2057.305152770585,1.4355948869223203,10024,10116,146,0,9970,10041,499942,54,0,0,54,75
2020-11-06,US,California,Stanislaus,18286,407,0,37.55862499,-120.9970722,6099.0,3320.74238186903,2.2257464727113643,17879,18204,405,0,17799,18134,549815,82,2,0,80,70
2020-11-06,US,California,Sutter,1977,12,0,39.03417539,-121.6945899,6101.0,2038.7538542450839,0.6069802731411229,1965,1964,12,0,1952,1951,96807,13,0,0,13,13
2020-11-06,US,California,Tehama,1015,17,0,40.12570935,-122.23701709999999,6103.0,1559.5230778686005,1.6748768472906403,998,997,15,0,982,988,63916,18,2,0,16,9
2020-11-06,US,California,Trinity,41,0,0,40.64917670000001,-123.114713,6105.0,333.74033374033377,0.0,41,40,0,0,40,37,12535,1,0,0,1,3
2020-11-06,US,California,Tulare,18208,297,0,36.22026558,-118.8020203,6107.0,3905.661793884533,1.631151142355009,17911,18117,297,0,17820,18053,465861,91,0,0,91,64
2020-11-06,US,California,Tuolumne,318,7,0,38.02644018,-119.95250929999999,6109.0,583.7218693784647,2.2012578616352205,311,312,7,0,305,309,54539,6,0,0,6,3
2020-11-06,US,California,Ventura,15113,169,0,34.44465746,-119.09106129999999,6111.0,1786.3939499247049,1.118242572619599,14944,14936,167,0,14769,14816,850967,177,2,0,175,120
2020-11-06,US,California,Yolo,3423,63,0,38.68278902,-121.90182879999999,6113.0,1552.3809523809525,1.8404907975460123,3360,3395,62,0,3333,3363,220408,28,1,0,27,32
2020-11-06,US,California,Yuba,1428,10,0,39.26255932,-121.35356440000001,6115.0,1815.2234707886307,0.7002801120448179,1418,1411,10,0,1401,1398,78041,17,0,0,17,13
2020-11-06,US,Colorado,Adams,17503,270,0,39.87432092,-104.3362578,8001.0,3382.738620968225,1.542592698394561,17233,17104,266,0,16838,16635,511868,399,4,0,395,469
2020-11-06,US,Colorado,Alamosa,381,9,0,37.57250606,-105.7885451,8003.0,2347.0707817408984,2.3622047244094486,372,374,9,0,365,368,16683,7,0,0,7,6
2020-11-06,US,Colorado,Arapahoe,15581,390,0,39.64977461,-104.3353617,8005.0,2373.0181696340187,2.5030485848148385,15191,15182,389,0,14793,14787,651215,399,1,0,398,395
2020-11-06,US,Colorado,Archuleta,71,0,0,37.19474156,-107.04768670000001,8007.0,506.0945184973983,0.0,71,69,0,0,69,69,13765,2,0,0,2,0
2020-11-06,US,Colorado,Baca,39,0,0,37.31940883,-102.5603223,8009.0,1089.0812622172577,0.0,39,39,0,0,39,38,3585,0,0,0,0,1
2020-11-06,US,Colorado,Bent,23,0,0,37.95474293,-103.0720195,8011.0,412.408104715797,0.0,23,21,0,0,21,21,5882,2,0,0,2,0
2020-11-06,US,Colorado,Boulder,6593,96,0,40.09313619,-105.3546767,8013.0,2021.1774515935208,1.4560897922038525,6497,6425,95,0,6330,6267,326078,168,1,0,167,158
2020-11-06,US,Colorado,Broomfield,1209,43,0,39.95998787,-105.0566324,8014.0,1715.7454055204712,3.5566583953680726,1166,1185,43,0,1142,1156,69267,24,0,0,24,29
2020-11-06,US,Colorado,Chaffee,454,20,0,38.74745778,-106.19265729999998,8015.0,2230.300648457457,4.405286343612334,434,445,20,0,425,439,20027,9,0,0,9,6
2020-11-06,US,Colorado,Cheyenne,16,0,0,38.82777431,-102.6032558,8017.0,873.8394320043692,0.0,16,16,0,0,16,15,1876,0,0,0,0,1
2020-11-06,US,Colorado,Clear Creek,98,1,0,39.68864463,-105.6463118,8019.0,1010.3092783505156,1.020408163265306,97,96,1,0,95,94,9605,2,0,0,2,2
2020-11-06,US,Colorado,Conejos,99,1,0,37.201606,-106.19174879999998,8021.0,1206.581352833638,1.0101010101010102,98,94,0,0,94,88,8200,5,1,0,4,6
2020-11-06,US,Colorado,Costilla,47,1,0,37.27732493,-105.4276548,8023.0,1209.1587342423466,2.127659574468085,46,43,1,0,42,42,3828,4,0,0,4,1
2020-11-06,US,Colorado,Crowley,201,1,0,38.32608609,-103.7844965,8025.0,3316.284441511302,0.4975124378109453,200,199,1,0,198,196,5858,2,0,0,2,3
2020-11-06,US,Colorado,Custer,32,0,0,38.10883162,-105.3683478,8027.0,631.4127861089188,0.0,32,32,0,0,32,32,4954,0,0,0,0,0
2020-11-06,US,Colorado,Delta,248,3,0,38.86246243,-107.86313419999999,8029.0,795.8410885052307,1.2096774193548387,245,240,3,0,237,236,30953,8,0,0,8,4
2020-11-06,US,Colorado,Denver,22103,457,0,39.76018276,-104.87256950000001,8031.0,3039.4204708124603,2.0675926344840065,21646,21546,455,0,21091,20977,716492,557,2,0,555,569
2020-11-06,US,Colorado,Dolores,3,0,0,37.75208676,-108.5211585,8033.0,145.98540145985402,0.0,3,3,0,0,3,3,2074,0,0,0,0,0
2020-11-06,US,Colorado,Douglas,5182,68,0,39.33133796,-104.930001,8035.0,1475.7058156820083,1.312234658433037,5114,4998,68,0,4930,4803,342776,184,0,0,184,195
2020-11-06,US,Colorado,Eagle,1626,10,0,39.62754308,-106.6933637,8037.0,2949.552850690224,0.6150061500615006,1616,1605,10,0,1595,1573,54993,21,0,0,21,32
2020-11-06,US,Colorado,El Paso,13304,208,0,38.83240149,-104.5251411,8041.0,1846.7441140583808,1.5634395670475043,13096,12925,208,0,12717,12542,713856,379,0,0,379,383
2020-11-06,US,Colorado,Elbert,282,3,0,39.28656773,-104.13587209999999,8039.0,1055.0338583560927,1.0638297872340423,279,274,3,0,271,268,26282,8,0,0,8,6
2020-11-06,US,Colorado,Fremont,1038,2,0,38.47362326,-105.43996670000001,8043.0,2169.7777963586195,0.1926782273603083,1036,976,2,0,974,937,48021,62,0,0,62,39
2020-11-06,US,Colorado,Garfield,1347,5,0,39.59921777,-107.902708,8045.0,2242.7199014335424,0.3711952487008166,1342,1307,5,0,1302,1288,59770,40,0,0,40,19
2020-11-06,US,Colorado,Gilpin,41,0,0,39.85646523,-105.5252597,8047.0,656.7355438090661,0.0,41,36,0,0,36,34,6121,5,0,0,5,2
2020-11-06,US,Colorado,Grand,167,1,0,40.10603347,-106.11780420000001,8049.0,1061.3957035718822,0.5988023952095808,166,165,1,0,164,162,15525,2,0,0,2,3
2020-11-06,US,Colorado,Gunnison,332,7,0,38.66611652,-107.0320729,8051.0,1901.2713320352768,2.108433734939759,325,332,7,0,325,329,17246,0,0,0,0,3
2020-11-06,US,Colorado,Hinsdale,4,0,0,37.82247444,-107.3004345,8053.0,487.8048780487805,0.0,4,4,0,0,4,4,811,0,0,0,0,0
2020-11-06,US,Colorado,Huerfano,49,2,0,37.68473101,-104.9612585,8055.0,710.4538205016672,4.081632653061225,47,47,2,0,45,43,6889,2,0,0,2,4
2020-11-06,US,Colorado,Jackson,9,0,0,40.66593870000001,-106.3408905,8057.0,646.5517241379309,0.0,9,9,0,0,9,9,1399,0,0,0,0,0
2020-11-06,US,Colorado,Jefferson,10944,343,0,39.58635604,-105.2517692,8059.0,1877.5702072978875,3.1341374269005846,10601,10607,336,0,10271,10298,580233,337,7,0,330,309
2020-11-06,US,Colorado,Kiowa,6,0,0,38.43260896,-102.7392145,8061.0,426.7425320056898,0.0,6,6,0,0,6,6,1383,0,0,0,0,0
2020-11-06,US,Colorado,Kit Carson,184,3,0,39.30497777,-102.60221990000001,8063.0,2592.644779484289,1.6304347826086956,181,184,3,0,181,139,7163,0,0,0,0,45
2020-11-06,US,Colorado,La Plata,431,2,0,37.28632032,-107.8429014,8067.0,766.6174561107059,0.4640371229698376,429,416,2,0,414,405,56310,15,0,0,15,11
2020-11-06,US,Colorado,Lake,160,0,0,39.20278823,-106.35556969999999,8065.0,1968.7461547926666,0.0,160,155,0,0,155,152,7824,5,0,0,5,3
2020-11-06,US,Colorado,Larimer,5142,60,0,40.66671597,-105.4625784,8069.0,1440.743739825553,1.166861143523921,5082,4975,60,0,4915,4804,350518,167,0,0,167,171
2020-11-06,US,Colorado,Las Animas,96,0,0,37.3153406,-104.03764579999999,8071.0,661.7951192609954,0.0,96,95,1,0,94,92,14503,1,-1,0,2,3
2020-11-06,US,Colorado,Lincoln,26,0,0,38.98749519,-103.51366490000001,8073.0,456.060340291177,0.0,26,26,0,0,26,25,5610,0,0,0,0,1
2020-11-06,US,Colorado,Logan,1466,14,0,40.7249637,-103.110817,8075.0,6542.01436922665,0.9549795361527968,1452,1416,14,0,1402,1407,21528,50,0,0,50,9
2020-11-06,US,Colorado,Mesa,2115,22,0,39.01787888,-108.469799,8077.0,1371.5063873938134,1.0401891252955082,2093,2036,19,0,2017,1965,153207,79,3,0,76,71
2020-11-06,US,Colorado,Mineral,21,0,0,37.66954283,-106.92816979999999,8079.0,2730.8192457737327,0.0,21,21,0,0,21,21,776,0,0,0,0,0
2020-11-06,US,Colorado,Moffat,85,1,0,40.61810999,-108.2070876,8081.0,639.9156816984115,1.1764705882352942,84,83,1,0,82,85,13188,2,0,0,2,-2
2020-11-06,US,Colorado,Montezuma,267,5,0,37.33859579,-108.59588570000001,8083.0,1019.7456364816866,1.8726591760299625,262,260,5,0,255,239,26158,7,0,0,7,21
2020-11-06,US,Colorado,Montrose,524,14,0,38.40214114,-108.26390220000002,8085.0,1225.5016605079752,2.6717557251908395,510,510,14,0,496,502,42214,14,0,0,14,8
2020-11-06,US,Colorado,Morgan,1011,50,0,40.26279810000001,-103.8093302,8087.0,3478.051465529104,4.9455984174085055,961,973,49,0,924,957,28558,38,1,0,37,16
2020-11-06,US,Colorado,Otero,211,7,0,37.9014485,-103.7173385,8089.0,1154.3932596564175,3.3175355450236967,204,199,7,0,192,198,18432,12,0,0,12,1
2020-11-06,US,Colorado,Ouray,52,2,0,38.14717457,-107.7675136,8091.0,1050.0807754442646,3.8461538461538463,50,49,2,0,47,45,4833,3,0,0,3,4
2020-11-06,US,Colorado,Park,118,1,0,39.120926000000004,-105.7182065,8093.0,626.1607853542054,0.8474576271186439,117,114,1,0,113,114,18556,4,0,0,4,0
2020-11-06,US,Colorado,Phillips,84,0,0,40.59414277,-102.3577703,8095.0,1969.519343493552,0.0,84,83,0,0,83,71,4286,1,0,0,1,12
2020-11-06,US,Colorado,Pitkin,319,2,0,39.21720112,-106.9310027,8097.0,1795.4634997467215,0.6269592476489029,317,313,2,0,311,306,17950,6,0,0,6,7
2020-11-06,US,Colorado,Prowers,240,11,0,37.95544985,-102.3926052,8099.0,1971.7384160368051,4.583333333333333,229,232,10,0,222,223,12164,8,1,0,7,9
2020-11-06,US,Colorado,Pueblo,2964,53,0,38.17359144,-104.5127437,8101.0,1759.8442027264527,1.7881241565452093,2911,2826,52,0,2774,2721,167529,138,1,0,137,105
2020-11-06,US,Colorado,Rio Blanco,33,0,0,39.97913541,-108.2179009,8103.0,521.8216318785579,0.0,33,31,0,0,31,31,6336,2,0,0,2,0
2020-11-06,US,Colorado,Rio Grande,142,3,0,37.5836865,-106.3847838,8105.0,1260.3177420786367,2.112676056338028,139,137,3,0,134,133,11250,5,0,0,5,4
2020-11-06,US,Colorado,Routt,261,9,0,40.48596505,-106.9905548,8107.0,1018.0201263749124,3.4482758620689653,252,248,9,0,239,243,25733,13,0,0,13,5
2020-11-06,US,Colorado,Saguache,159,2,0,38.08054629,-106.28246599999999,8109.0,2330.011723329425,1.2578616352201255,157,155,2,0,153,151,6843,4,0,0,4,4
2020-11-06,US,Colorado,San Juan,12,0,0,37.76248981,-107.67632890000002,8111.0,1648.3516483516485,0.0,12,11,0,0,11,11,762,1,0,0,1,0
2020-11-06,US,Colorado,San Miguel,114,0,0,38.00450883,-108.4020725,8113.0,1393.8134246240372,0.0,114,114,0,0,114,112,8191,0,0,0,0,2
2020-11-06,US,Colorado,Sedgwick,57,1,0,40.87595412,-102.3519227,8115.0,2535.5871886120995,1.7543859649122806,56,53,1,0,52,51,2303,4,0,0,4,2
2020-11-06,US,Colorado,Summit,904,4,0,39.63803232,-106.1150762,8117.0,2915.0946438360584,0.4424778761061947,900,873,4,0,869,857,31007,31,0,0,31,16
2020-11-06,US,Colorado,Teller,302,4,0,38.88133511,-105.16148929999999,8119.0,1189.5383645816921,1.3245033112582782,298,294,4,0,290,287,25083,8,0,0,8,7
2020-11-06,US,Colorado,Unassigned,23,0,0,0.0,0.0,90008.0,0.0,0.0,23,23,0,0,23,23,,0,0,0,0,0
2020-11-06,US,Colorado,Washington,127,1,0,39.97015535,-103.202587,8121.0,2587.6120619396897,0.7874015748031497,126,124,1,0,123,111,4909,3,0,0,3,13
2020-11-06,US,Colorado,Weld,7544,163,0,40.55499405,-104.39296209999999,8123.0,2324.864711610764,2.1606574761399786,7381,7334,161,0,7173,7167,314305,210,2,0,208,167
2020-11-06,US,Colorado,Yuma,243,1,0,40.00346839,-102.4258673,8125.0,2425.3917556642373,0.41152263374485604,242,239,1,0,238,230,10020,4,0,0,4,9
2020-11-06,US,Connecticut,Fairfield,26435,1447,0,41.26809896,-73.3881171,9001.0,2802.3007806371447,5.473803669377719,24988,26120,1445,0,24675,25538,943823,315,2,0,313,582
2020-11-06,US,Connecticut,Hartford,19769,1505,0,41.80283011,-72.73103891,9003.0,2216.951509442426,7.612929333805453,18264,19511,1498,0,18013,19131,892697,258,7,0,251,380
2020-11-06,US,Connecticut,Litchfield,2559,146,0,41.7937534,-73.2451475,9005.0,1419.0414400026618,5.705353653771003,2413,2531,146,0,2385,2448,181111,28,0,0,28,83
2020-11-06,US,Connecticut,Middlesex,2231,198,0,41.45949668,-72.53714864,9007.0,1373.4640104410353,8.874943971313312,2033,2182,198,0,1984,2145,162682,49,0,0,49,37
2020-11-06,US,Connecticut,New Haven,19154,1137,0,41.408032500000004,-72.93620426,9009.0,2240.8707971973317,5.9360968988200895,18017,18862,1135,0,17727,18374,857620,292,2,0,290,488
2020-11-06,US,Connecticut,New London,4220,149,0,41.48896435,-72.10430976,9011.0,1591.2158850101432,3.530805687203792,4071,4141,146,0,3995,4068,266784,79,3,0,76,73
2020-11-06,US,Connecticut,Tolland,1940,68,0,41.85853803,-72.3308481,9013.0,1287.146449399885,3.5051546391752577,1872,1922,68,0,1854,1864,150921,18,0,0,18,58
2020-11-06,US,Connecticut,Unassigned,207,0,0,0.0,0.0,90009.0,0.0,0.0,207,202,0,0,202,239,,5,0,0,5,-37
2020-11-06,US,Connecticut,Windham,1610,21,0,41.82972709,-71.98182316,9015.0,1378.6371187340515,1.3043478260869563,1589,1589,20,0,1569,1566,117027,21,1,0,20,23
2020-11-06,US,Delaware,Kent,3717,122,0,39.08646628,-75.56884914,10001.0,2056.022037104643,3.2822168415388755,3595,3681,122,0,3559,3636,178550,36,0,0,36,45
2020-11-06,US,Delaware,New Castle,13818,354,0,39.57992638,-75.64054974,10003.0,2473.0068563390264,2.5618758141554494,13464,13639,354,0,13285,13507,559335,179,0,0,179,132
2020-11-06,US,Delaware,Sussex,8408,240,0,38.66143781,-75.39031349,10005.0,3589.7107482121887,2.85442435775452,8168,8342,240,0,8102,8299,229286,66,0,0,66,43
2020-11-06,US,Delaware,Unassigned,92,0,0,0.0,0.0,90010.0,0.0,0.0,92,91,0,0,91,92,,1,0,0,1,-1
2020-11-06,US,District of Columbia,District of Columbia,17792,652,0,38.90417773,-77.01655992,11001.0,2521.0095940624788,3.6645683453237416,17140,17682,650,0,17032,17601,702455,110,2,0,108,81
2020-11-06,US,Florida,Alachua,11047,78,0,29.67866525,-82.35928158,12001.0,4106.035094761804,0.7060740472526478,10969,10996,78,0,10918,10913,269956,51,0,0,51,83
2020-11-06,US,Florida,Baker,1844,26,0,30.33060121,-82.28467476,12003.0,6312.906538856557,1.4099783080260304,1818,1840,24,0,1816,1826,28355,4,2,0,2,14
2020-11-06,US,Florida,Bay,7087,138,0,30.26548745,-85.62122584,12005.0,4056.5524741707454,1.9472273176238184,6949,7060,138,0,6922,7013,185287,27,0,0,27,47
2020-11-06,US,Florida,Bradford,1258,15,0,29.95079741,-82.16611613,12007.0,4460.834722172973,1.192368839427663,1243,1254,15,0,1239,1246,27732,4,0,0,4,8
2020-11-06,US,Florida,Brevard,12429,385,0,28.29409504,-80.73091022,12009.0,2064.816876044536,3.0975943358275004,12044,12318,384,0,11934,12195,596849,111,1,0,110,123
2020-11-06,US,Florida,Broward,89751,1545,0,26.15184651,-80.48725556,12011.0,4596.0677557817635,1.7214292876959587,88206,89184,1542,0,87642,88381,1951260,567,3,0,564,803
2020-11-06,US,Florida,Calhoun,752,15,0,30.40666734,-85.19394153,12013.0,5331.44275079759,1.9946808510638296,737,746,15,0,731,734,14587,6,0,0,6,12
2020-11-06,US,Florida,Charlotte,3922,165,0,26.90131002,-81.92949121,12015.0,2076.120904134244,4.20703722590515,3757,3884,163,0,3721,3859,184998,38,2,0,36,25
2020-11-06,US,Florida,Citrus,3440,139,0,28.84804315,-82.47614748,12017.0,2298.589441188852,4.040697674418603,3301,3402,136,0,3266,3369,147929,38,3,0,35,33
2020-11-06,US,Florida,Clay,6433,127,0,29.98319144,-81.85609986,12019.0,2934.066735993287,1.9741955541737917,6306,6395,127,0,6268,6340,216072,38,0,0,38,55
2020-11-06,US,Florida,Collier,15091,259,0,26.11091986,-81.34687065,12021.0,3920.7382658442934,1.7162547213571002,14832,15005,259,0,14746,14909,378488,86,0,0,86,96
2020-11-06,US,Florida,Columbia,4360,79,0,30.22509788,-82.62160164,12023.0,6082.0801830203945,1.811926605504587,4281,4343,79,0,4264,4340,70503,17,0,0,17,3
2020-11-06,US,Florida,DeSoto,1710,30,0,27.18677893,-81.80941373,12027.0,4499.88158206363,1.7543859649122806,1680,1703,30,0,1673,1699,37489,7,0,0,7,4
2020-11-06,US,Florida,Dixie,919,11,0,29.60631086,-83.15724673,12029.0,5461.785332223939,1.1969532100108813,908,918,11,0,907,915,16700,1,0,0,1,3
2020-11-06,US,Florida,Duval,36438,534,0,30.33225875,-81.66976468,12031.0,3804.5220332966164,1.465503046270377,35904,36282,532,0,35750,36081,950181,156,2,0,154,201
2020-11-06,US,Florida,Escambia,14139,274,0,30.67652764,-87.37284571,12033.0,4441.81253848377,1.9379022561708752,13865,14033,273,0,13760,13914,315534,106,1,0,105,119
2020-11-06,US,Florida,Flagler,2254,40,0,29.45933576,-81.31508595,12035.0,1958.6204499439527,1.7746228926353151,2214,2248,40,0,2208,2225,112067,6,0,0,6,23
2020-11-06,US,Florida,Franklin,791,4,0,29.83791238,-84.82731662,12037.0,6523.711340206187,0.5056890012642224,787,792,4,0,788,791,11736,-1,0,0,-1,1
2020-11-06,US,Florida,Gadsden,3092,56,0,30.57796289,-84.61915825,12039.0,6771.791502409113,1.8111254851228975,3036,3082,56,0,3026,3076,45894,10,0,0,10,6
2020-11-06,US,Florida,Gilchrist,624,19,0,29.72856978,-82.79880657,12041.0,3358.088472715531,3.0448717948717947,605,622,19,0,603,620,18256,2,0,0,2,2
2020-11-06,US,Florida,Glades,624,6,0,26.95635849,-81.18996211,12043.0,4518.137716313084,0.9615384615384616,618,623,6,0,617,622,13724,1,0,0,1,1
2020-11-06,US,Florida,Gulf,979,15,0,29.93543004,-85.24270990000002,12045.0,7177.945597184545,1.5321756894790604,964,979,15,0,964,964,16164,0,0,0,0,15
2020-11-06,US,Florida,Hamilton,922,10,0,30.49673973,-82.94998918,12047.0,6390.352093152204,1.084598698481562,912,919,10,0,909,918,14310,3,0,0,3,1
2020-11-06,US,Florida,Hardee,1641,17,0,27.49293939,-81.80956574,12049.0,6091.992426773581,1.035953686776356,1624,1640,17,0,1623,1633,27245,1,0,0,1,7
2020-11-06,US,Florida,Hendry,2281,44,0,26.55386945,-81.16469006,12051.0,5428.109085717007,1.9289785181937744,2237,2277,44,0,2233,2273,41556,4,0,0,4,4
2020-11-06,US,Florida,Hernando,3946,177,0,28.55364461,-82.42700204,12053.0,2034.859735973597,4.485554992397365,3769,3915,177,0,3738,3869,190865,31,0,0,31,46
2020-11-06,US,Florida,Highlands,2870,121,0,27.34254618,-81.34071957,12055.0,2701.9139341561468,4.21602787456446,2749,2829,120,0,2709,2807,105424,41,1,0,40,22
2020-11-06,US,Florida,Hillsborough,50127,830,0,27.9276559,-82.32013172,12057.0,3405.4408791495466,1.6557942825223932,49297,49794,828,0,48966,49376,1436888,333,2,0,331,418
2020-11-06,US,Florida,Holmes,976,13,0,30.86747479,-85.81319222,12059.0,4975.276545853088,1.3319672131147542,963,962,13,0,949,956,19477,14,0,0,14,6
2020-11-06,US,Florida,Indian River,4080,126,0,27.69308961,-80.60556721,12061.0,2551.22777836834,3.0882352941176467,3954,4048,126,0,3922,4014,157413,32,0,0,32,34
2020-11-06,US,Florida,Jackson,3299,83,0,30.795459700000002,-85.21500423,12063.0,7107.769207566685,2.5159139133070627,3216,3264,83,0,3181,3229,48305,35,0,0,35,35
2020-11-06,US,Florida,Jefferson,700,11,0,30.43669112,-83.89442308,12065.0,4913.65997472975,1.5714285714285714,689,696,11,0,685,689,14288,4,0,0,4,7
2020-11-06,US,Florida,Lafayette,1290,16,0,29.98484137,-83.18166636,12067.0,15317.026834481121,1.2403100775193798,1274,1287,16,0,1271,1287,8732,3,0,0,3,0
2020-11-06,US,Florida,Lake,9103,236,0,28.76202069,-81.7125123,12069.0,2479.584220877211,2.5925519059650664,8867,9047,234,0,8813,8947,356495,56,2,0,54,100
2020-11-06,US,Florida,Lee,24508,531,0,26.58410348,-81.88399313,12071.0,3180.473852710372,2.1666394646645992,23977,24328,529,0,23799,24152,754610,180,2,0,178,176
2020-11-06,US,Florida,Leon,12825,119,0,30.45955727,-84.27491114,12073.0,4368.4558317608025,0.9278752436647172,12706,12746,119,0,12627,12658,292502,79,0,0,79,88
2020-11-06,US,Florida,Levy,1189,12,0,29.31829741,-82.74007147,12075.0,2864.8531431462793,1.0092514718250631,1177,1183,12,0,1171,1173,40770,6,0,0,6,10
2020-11-06,US,Florida,Liberty,545,11,0,30.23766008,-84.8829258,12077.0,6523.82092410821,2.018348623853211,534,543,11,0,532,543,8457,2,0,0,2,0
2020-11-06,US,Florida,Madison,1100,25,0,30.44396917,-83.47398594,12079.0,5948.196614935381,2.272727272727273,1075,1095,25,0,1070,1090,18529,5,0,0,5,5
2020-11-06,US,Florida,Manatee,13944,330,0,27.47196942,-82.31831044,12081.0,3457.8788006536847,2.3666092943201376,13614,13892,330,0,13562,13842,394855,52,0,0,52,50
2020-11-06,US,Florida,Marion,11205,355,0,29.21227113,-82.05803627,12083.0,3065.000998416211,3.1682284694332887,10850,11160,352,0,10808,11089,359977,45,3,0,42,71
2020-11-06,US,Florida,Martin,5524,168,0,27.0772071,-80.43109784,12085.0,3431.055900621119,3.041274438812455,5356,5505,168,0,5337,5482,160912,19,0,0,19,23
2020-11-06,US,Florida,Miami-Dade,191838,3671,0,25.6112362,-80.55170587,12086.0,7060.811059500762,1.9135937614028504,188167,190728,3670,0,187058,189332,2761581,1110,1,0,1109,1396
2020-11-06,US,Florida,Monroe,2522,25,0,25.20904673,-81.07812416,12087.0,3397.6397046936468,0.9912767644726408,2497,2477,25,0,2452,2426,75027,45,0,0,45,51
2020-11-06,US,Florida,Nassau,2576,52,0,30.61037141,-81.80297522,12089.0,2906.629055007052,2.018633540372671,2524,2561,52,0,2509,2535,85832,15,0,0,15,26
2020-11-06,US,Florida,Okaloosa,6901,130,0,30.69143028,-86.59267105,12091.0,3274.6823069403717,1.883784958701637,6771,6823,130,0,6693,6722,207269,78,0,0,78,101
2020-11-06,US,Florida,Okeechobee,1788,42,0,27.386336199999995,-80.88944347,12093.0,4240.182128628344,2.348993288590604,1746,1784,42,0,1742,1775,41537,4,0,0,4,9
2020-11-06,US,Florida,Orange,48322,576,0,28.51367621,-81.31799498,12095.0,3467.7907814549767,1.192003642233351,47746,48015,567,0,47448,47655,1380645,307,9,0,298,360
2020-11-06,US,Florida,Osceola,14869,211,0,28.06312234,-81.14882926,12097.0,3957.141830627197,1.4190597888223822,14658,14767,210,0,14557,14644,367990,102,1,0,101,123
2020-11-06,US,Florida,Palm Beach,54624,1606,0,26.64676272,-80.46536002,12099.0,3649.4585006380407,2.940099589923843,53018,54260,1606,0,52654,53802,1485941,364,0,0,364,458
2020-11-06,US,Florida,Pasco,11558,245,0,28.30810945,-82.40227529,12101.0,2086.481197659704,2.119743900328777,11313,11445,245,0,11200,11328,539630,113,0,0,113,117
2020-11-06,US,Florida,Pinellas,27192,831,0,27.93130349,-82.72239666,12103.0,2788.934518705718,3.0560458958517214,26361,26884,830,0,26054,26679,975280,308,1,0,307,205
2020-11-06,US,Florida,Polk,23879,637,0,27.95027105,-81.69732947,12105.0,3294.668567021305,2.6676158968130994,23242,23763,635,0,23128,23612,708009,116,2,0,114,151
2020-11-06,US,Florida,Putnam,2461,51,0,29.60779729,-81.74230285,12107.0,3302.4248198494383,2.072328321820398,2410,2455,51,0,2404,2441,74163,6,0,0,6,14
2020-11-06,US,Florida,Santa Rosa,6175,88,0,30.69341450000001,-87.02458128,12113.0,3350.2791447157824,1.4251012145748987,6087,6142,88,0,6054,6107,179349,33,0,0,33,35
2020-11-06,US,Florida,Sarasota,10247,350,0,27.18546175,-82.33174248,12115.0,2362.4643221085344,3.415633844051918,9897,10186,348,0,9838,10082,426718,61,2,0,59,104
2020-11-06,US,Florida,Seminole,10801,250,0,28.7158582,-81.24060348,12117.0,2289.191354439984,2.314600499953708,10551,10725,245,0,10480,10645,467832,76,5,0,71,80
2020-11-06,US,Florida,St. Johns,6965,86,0,29.90096506,-81.43589967,12109.0,2631.5590617821304,1.2347451543431442,6879,6907,85,0,6822,6831,254261,58,1,0,57,76
2020-11-06,US,Florida,St. Lucie,9445,339,0,27.37763908,-80.47106649,12111.0,2876.968111192,3.58920063525675,9106,9392,338,0,9054,9324,321128,53,1,0,52,68
2020-11-06,US,Florida,Sumter,3047,88,0,28.70181754,-82.0794267,12119.0,2301.0119317323665,2.888086642599278,2959,3026,87,0,2939,3009,128754,21,1,0,20,17
2020-11-06,US,Florida,Suwannee,3059,80,0,30.19746066,-82.99099670000003,12121.0,6887.002724182183,2.615233736515201,2979,3057,80,0,2977,3048,44191,2,0,0,2,9
2020-11-06,US,Florida,Taylor,1525,18,0,30.04848048,-83.60445406,12123.0,7070.332421530901,1.180327868852459,1507,1516,18,0,1498,1511,21623,9,0,0,9,5
2020-11-06,US,Florida,Unassigned,1784,0,0,0.0,0.0,90012.0,0.0,0.0,1784,1817,0,0,1817,1864,,-33,0,0,-33,-47
2020-11-06,US,Florida,Union,1174,47,0,30.04412971,-82.37497443,12125.0,7704.928791756905,4.003407155025553,1127,1172,47,0,1125,1167,14940,2,0,0,2,5
2020-11-06,US,Florida,Volusia,13439,329,0,29.05858895,-81.18263252,12127.0,2428.951496880445,2.448098816876256,13110,13360,326,0,13034,13282,547538,79,3,0,76,78
2020-11-06,US,Florida,Wakulla,1369,11,0,30.16548905,-84.39895211,12129.0,4057.618779454044,0.8035062089116143,1358,1357,11,0,1346,1353,32461,12,0,0,12,4
2020-11-06,US,Florida,Walton,2721,32,0,30.64204028,-86.16935664,12131.0,3673.502450351689,1.1760382212421905,2689,2642,30,0,2612,2620,71375,79,2,0,77,22
2020-11-06,US,Florida,Washington,1285,24,0,30.61359259,-85.66002461,12133.0,5044.556981902408,1.8677042801556418,1261,1280,24,0,1256,1270,24880,5,0,0,5,10
2020-11-06,US,Georgia,Appling,1189,38,0,31.74847232,-82.28909114,13001.0,6466.876971608833,3.1959629941127004,1151,1186,38,0,1148,1182,18507,3,0,0,3,4
2020-11-06,US,Georgia,Atkinson,491,7,0,31.29633502,-82.87545866,13003.0,6013.472137170851,1.4256619144602851,484,491,7,0,484,491,8297,0,0,0,0,0
2020-11-06,US,Georgia,Bacon,640,16,0,31.55456473,-82.45936528,13005.0,5732.71228950197,2.5,624,638,17,0,621,637,11185,2,-1,0,3,1
2020-11-06,US,Georgia,Baker,97,6,0,31.32669878,-84.44218806,13007.0,3192.890059249506,6.185567010309278,91,97,6,0,91,96,3092,0,0,0,0,1
2020-11-06,US,Georgia,Baldwin,2362,66,0,33.06882326,-83.24701748,13009.0,5261.750946758743,2.79424216765453,2296,2355,66,0,2289,2347,44823,7,0,0,7,8
2020-11-06,US,Georgia,Banks,591,9,0,34.35607081,-83.49644388,13011.0,3072.6837891234272,1.5228426395939083,582,589,8,0,581,587,18988,2,1,0,1,2
2020-11-06,US,Georgia,Barrow,2735,54,0,33.99148694,-83.71436292,13013.0,3285.679961556944,1.974405850091408,2681,2726,52,0,2674,2718,80809,9,2,0,7,8
2020-11-06,US,Georgia,Bartow,3820,96,0,34.23732119,-84.83887523,13015.0,3545.6384933820937,2.513089005235602,3724,3803,96,0,3707,3774,106408,17,0,0,17,29
2020-11-06,US,Georgia,Ben Hill,895,34,0,31.76095874,-83.22145359,13017.0,5359.281437125748,3.798882681564246,861,893,34,0,859,892,16787,2,0,0,2,1
2020-11-06,US,Georgia,Berrien,507,14,0,31.27590016,-83.22529920000002,13019.0,2613.806258699799,2.7613412228796843,493,505,14,0,491,505,19252,2,0,0,2,0
2020-11-06,US,Georgia,Bibb,6800,203,0,32.80904227,-83.70489165,13021.0,4439.830502941388,2.9852941176470584,6597,6782,202,0,6580,6767,153095,18,1,0,17,15
2020-11-06,US,Georgia,Bleckley,518,27,0,32.43829035,-83.33035166,13023.0,4023.926046764546,5.212355212355212,491,517,27,0,490,518,12838,1,0,0,1,-1
2020-11-06,US,Georgia,Brantley,485,13,0,31.19576557,-81.97743999,13025.0,2538.071065989848,2.6804123711340204,472,481,13,0,468,478,18897,4,0,0,4,3
2020-11-06,US,Georgia,Brooks,554,26,0,30.83922642,-83.58303423,13027.0,3584.1366371223394,4.693140794223827,528,554,26,0,528,554,15513,0,0,0,0,0
2020-11-06,US,Georgia,Bryan,1330,16,0,32.00979311,-81.44002948,13029.0,3356.297473944533,1.2030075187969924,1314,1328,16,0,1312,1319,38109,2,0,0,2,9
2020-11-06,US,Georgia,Bulloch,3153,33,0,32.39577406,-81.74811421,13031.0,3960.657220379861,1.0466222645099903,3120,3145,33,0,3112,3137,77296,8,0,0,8,8
2020-11-06,US,Georgia,Burke,913,12,0,33.05917989,-81.99928721,13033.0,4078.988518071751,1.3143483023001097,901,911,12,0,899,906,22423,2,0,0,2,5
2020-11-06,US,Georgia,Butts,774,44,0,33.283094500000004,-83.95435040000002,13035.0,3103.9461020211743,5.684754521963824,730,770,44,0,726,761,24193,4,0,0,4,9
2020-11-06,US,Georgia,Calhoun,286,10,0,31.53169785,-84.62725131,13037.0,4621.101955081596,3.4965034965034967,276,284,10,0,274,281,6352,2,0,0,2,3
2020-11-06,US,Georgia,Camden,1492,18,0,30.92951916,-81.66601818,13039.0,2729.3015768484984,1.206434316353887,1474,1489,18,0,1471,1474,53677,3,0,0,3,15
2020-11-06,US,Georgia,Candler,562,25,0,32.40209349,-82.07702563,13043.0,5202.25863186152,4.448398576512456,537,563,25,0,538,560,10836,-1,0,0,-1,3
2020-11-06,US,Georgia,Carroll,3536,80,0,33.58138199,-85.07976677,13045.0,2946.863124208281,2.262443438914027,3456,3506,80,0,3426,3490,118121,30,0,0,30,16
2020-11-06,US,Georgia,Catoosa,1577,25,0,34.89872298,-85.13757014,13047.0,2333.530630364013,1.5852885225110969,1552,1560,25,0,1535,1538,67420,17,0,0,17,22
2020-11-06,US,Georgia,Charlton,654,10,0,30.78371028,-82.13951596,13049.0,4883.512544802868,1.529051987767584,644,653,10,0,643,652,12968,1,0,0,1,1
2020-11-06,US,Georgia,Chatham,9699,194,0,32.00043026,-81.12489526,13051.0,3351.0693431917907,2.000206206825446,9505,9668,193,0,9475,9613,289195,31,1,0,30,55
2020-11-06,US,Georgia,Chattahoochee,1820,1,0,32.34341231,-84.78809239,13053.0,16686.531585220502,0.054945054945054944,1819,1818,1,0,1817,1815,10684,2,0,0,2,3
2020-11-06,US,Georgia,Chattooga,1010,29,0,34.47197698,-85.34535662,13055.0,4074.387833313163,2.871287128712871,981,1005,29,0,976,996,24790,5,0,0,5,9
2020-11-06,US,Georgia,Cherokee,7587,104,0,34.24393976,-84.47431861,13057.0,2931.913298528053,1.3707657835771714,7483,7536,102,0,7434,7498,254149,51,2,0,49,38
2020-11-06,US,Georgia,Clarke,5992,50,0,33.95436462,-83.37124007,13059.0,4669.175803196422,0.8344459279038718,5942,5951,50,0,5901,5917,127330,41,0,0,41,34
2020-11-06,US,Georgia,Clay,124,3,0,31.62221166,-84.97713865,13061.0,4375.441072688779,2.419354838709677,121,124,3,0,121,124,2887,0,0,0,0,0
2020-11-06,US,Georgia,Clayton,8661,183,0,33.54187245,-84.35594188,13063.0,2963.497755392533,2.112919986144787,8478,8624,182,0,8442,8586,289615,37,1,0,36,38
2020-11-06,US,Georgia,Clinch,466,13,0,30.91395822,-82.70432472,13065.0,7041.402236325173,2.7896995708154506,453,466,13,0,453,462,6648,0,0,0,0,4
2020-11-06,US,Georgia,Cobb,22913,467,0,33.94243204,-84.5761255,13067.0,3014.3091873744474,2.0381442849037663,22446,22836,469,0,22367,22709,756865,77,-2,0,79,127
2020-11-06,US,Georgia,Coffee,2350,65,0,31.54892966,-82.85492059999999,13069.0,5430.6380421972135,2.765957446808511,2285,2331,65,0,2266,2324,43093,19,0,0,19,7
2020-11-06,US,Georgia,Colquitt,2163,40,0,31.18810588,-83.7677946,13071.0,4743.421052631579,1.8492834026814609,2123,2156,40,0,2116,2155,45592,7,0,0,7,1
2020-11-06,US,Georgia,Columbia,4593,68,0,33.54534185,-82.263524,13073.0,2930.8166468854088,1.4805138253864576,4525,4566,68,0,4498,4538,154291,27,0,0,27,28
2020-11-06,US,Georgia,Cook,647,16,0,31.16068491,-83.42947229,13075.0,3746.381007527504,2.4729520865533234,631,637,16,0,621,632,17162,10,0,0,10,5
2020-11-06,US,Georgia,Coweta,3069,63,0,33.35334302,-84.76129976,13077.0,2066.5414217320167,2.0527859237536656,3006,3058,63,0,2995,3048,145864,11,0,0,11,10
2020-11-06,US,Georgia,Crawford,198,6,0,32.71391813,-83.98061238,13079.0,1596.2592712028375,3.0303030303030303,192,197,6,0,191,197,12318,1,0,0,1,0
2020-11-06,US,Georgia,Crisp,679,24,0,31.92289565,-83.76811843,13081.0,3035.0438047559446,3.5346097201767304,655,677,24,0,653,672,22601,2,0,0,2,5
2020-11-06,US,Georgia,Dade,402,6,0,34.854916700000004,-85.50490424,13083.0,2494.4154877140727,1.492537313432836,396,396,6,0,390,390,16226,6,0,0,6,6
2020-11-06,US,Georgia,Dawson,945,11,0,34.44244079,-84.16964071,13085.0,3619.580205301057,1.164021164021164,934,942,11,0,931,937,25083,3,0,0,3,5
2020-11-06,US,Georgia,DeKalb,22379,407,0,33.76944049,-84.22396017,13089.0,2947.331544836869,1.8186692881719468,21972,22261,407,0,21854,22109,756558,118,0,0,118,152
2020-11-06,US,Georgia,Decatur,1328,36,0,30.87967778,-84.57619536,13087.0,5029.5409786396,2.710843373493976,1292,1323,36,0,1287,1319,26575,5,0,0,5,4
2020-11-06,US,Georgia,Dodge,658,29,0,32.17265114,-83.16948926,13091.0,3193.399660276632,4.407294832826747,629,656,29,0,627,653,20705,2,0,0,2,3
2020-11-06,US,Georgia,Dooly,383,18,0,32.15630737,-83.79746561,13093.0,2860.3435399551904,4.699738903394255,365,383,19,0,364,381,13706,0,-1,0,1,2
2020-11-06,US,Georgia,Dougherty,3334,193,0,31.53328528,-84.21722377,13095.0,3790.531629451089,5.788842231553688,3141,3329,193,0,3136,3322,91243,5,0,0,5,7
2020-11-06,US,Georgia,Douglas,4333,76,0,33.70291126,-84.77026156,13097.0,2960.8522443847673,1.7539810754673435,4257,4302,75,0,4227,4270,145331,31,1,0,30,32
2020-11-06,US,Georgia,Early,566,35,0,31.32155345,-84.90255207,13099.0,5554.465161923455,6.18374558303887,531,566,35,0,531,562,10247,0,0,0,0,4
2020-11-06,US,Georgia,Echols,246,2,0,30.71101099,-82.89687287,13101.0,6140.788816774838,0.8130081300813008,244,246,2,0,244,246,4000,0,0,0,0,0
2020-11-06,US,Georgia,Effingham,1902,29,0,32.36616021,-81.34280942,13103.0,2958.19335572975,1.5247108307045216,1873,1890,29,0,1861,1879,62190,12,0,0,12,11
2020-11-06,US,Georgia,Elbert,798,13,0,34.11302332,-82.83936148,13105.0,4157.549234135668,1.629072681704261,785,792,12,0,780,783,19120,6,1,0,5,9
2020-11-06,US,Georgia,Emanuel,1242,38,0,32.59221302,-82.30239915,13107.0,5484.41225823545,3.059581320450885,1204,1241,39,0,1202,1230,22612,1,-1,0,2,11
2020-11-06,US,Georgia,Evans,492,7,0,32.15328841,-81.8870105,13109.0,4617.983855828797,1.4227642276422765,485,491,7,0,484,492,10721,1,0,0,1,-1
2020-11-06,US,Georgia,Fannin,850,29,0,34.86430205,-84.316964,13111.0,3245.761417443104,3.4117647058823533,821,848,29,0,819,846,25964,2,0,0,2,2
2020-11-06,US,Georgia,Fayette,2248,57,0,33.41357794,-84.49089434,13113.0,1964.6743167775146,2.5355871886121,2191,2239,57,0,2182,2227,113459,9,0,0,9,12
2020-11-06,US,Georgia,Floyd,4282,64,0,34.26268279,-85.21577392,13115.0,4347.29639180491,1.494628678187763,4218,4252,62,0,4190,4220,97927,30,2,0,28,32
2020-11-06,US,Georgia,Forsyth,5037,55,0,34.22604035,-84.12315129999998,13117.0,2062.2144342728,1.0919197935278937,4982,5005,55,0,4950,4978,236612,32,0,0,32,27
2020-11-06,US,Georgia,Franklin,997,18,0,34.37525597,-83.23159927,13119.0,4269.990149471068,1.8054162487462384,979,989,18,0,971,980,23023,8,0,0,8,9
2020-11-06,US,Georgia,Fulton,32433,635,0,33.79216944,-84.46319413,13121.0,3048.394782773792,1.9578824037246012,31798,32328,631,0,31697,32134,1050114,105,4,0,101,194
2020-11-06,US,Georgia,Gilmer,1088,24,0,34.69316688,-84.45802506,13123.0,3468.3923618859385,2.2058823529411766,1064,1087,24,0,1063,1083,30816,1,0,0,1,4
2020-11-06,US,Georgia,Glascock,54,2,0,33.22879932,-82.61297636,13125.0,1817.5698418041065,3.703703703703704,52,54,2,0,52,54,2995,0,0,0,0,0
2020-11-06,US,Georgia,Glynn,3849,105,0,31.23279254,-81.53811412,13127.0,4512.732729916052,2.7279812938425567,3744,3839,105,0,3734,3832,85219,10,0,0,10,7
2020-11-06,US,Georgia,Gordon,2558,48,0,34.50487351,-84.87296253,13129.0,4413.160119386505,1.8764659890539483,2510,2550,48,0,2502,2527,57685,8,0,0,8,23
2020-11-06,US,Georgia,Grady,885,25,0,30.87454847,-84.23418364,13131.0,3592.741444403849,2.824858757062147,860,885,25,0,860,879,24748,0,0,0,0,6
2020-11-06,US,Georgia,Greene,596,25,0,33.5769205,-83.17139104,13133.0,3252.564942152369,4.194630872483222,571,593,25,0,568,593,17698,3,0,0,3,0
2020-11-06,US,Georgia,Gwinnett,31933,458,0,33.96044201,-84.02137802,13135.0,3410.734312416556,1.4342529671499702,31475,31787,456,0,31331,31647,927781,146,2,0,144,140
2020-11-06,US,Georgia,Habersham,1936,76,0,34.63331566,-83.53094677,13137.0,4271.090716554889,3.9256198347107434,1860,1930,78,0,1852,1922,45388,6,-2,0,8,8
2020-11-06,US,Georgia,Hall,11102,184,0,34.32207823,-83.81896936,13139.0,5430.41757768745,1.6573590344082147,10918,11065,184,0,10881,10999,202148,37,0,0,37,66
2020-11-06,US,Georgia,Hancock,420,45,0,33.2721566,-82.99766919,13141.0,4966.300106420717,10.714285714285714,375,419,45,0,374,419,8348,1,0,0,1,0
2020-11-06,US,Georgia,Haralson,719,15,0,33.79602175,-85.21005667,13143.0,2413.399570354457,2.086230876216968,704,716,15,0,701,693,29533,3,0,0,3,23
2020-11-06,US,Georgia,Harris,877,26,0,32.73709786,-84.90538572,13145.0,2488.931774321717,2.964652223489168,851,869,26,0,843,863,34475,8,0,0,8,6
2020-11-06,US,Georgia,Hart,615,18,0,34.34626973,-82.96567682,13147.0,2346.880366342301,2.9268292682926833,597,613,18,0,595,606,26099,2,0,0,2,7
2020-11-06,US,Georgia,Heard,253,6,0,33.29686567,-85.12886832,13149.0,2121.949173865638,2.3715415019762847,247,251,6,0,245,249,11879,2,0,0,2,2
2020-11-06,US,Georgia,Henry,6593,118,0,33.4533428,-84.14814659999998,13151.0,2810.7826961856404,1.7897770362505687,6475,6568,118,0,6450,6504,230220,25,0,0,25,64
2020-11-06,US,Georgia,Houston,3825,97,0,32.45802497,-83.66879087,13153.0,2422.987020391099,2.5359477124183005,3728,3796,97,0,3699,3789,155469,29,0,0,29,7
2020-11-06,US,Georgia,Irwin,370,10,0,31.60213036,-83.27501387,13155.0,3929.4817332200514,2.702702702702702,360,366,10,0,356,365,9398,4,0,0,4,1
2020-11-06,US,Georgia,Jackson,2580,43,0,34.13794553,-83.56814788,13157.0,3535.360456034093,1.6666666666666667,2537,2552,43,0,2509,2531,70422,28,0,0,28,21
2020-11-06,US,Georgia,Jasper,252,4,0,33.31535543,-83.68844964,13159.0,1772.2765314016458,1.5873015873015872,248,251,4,0,247,251,14040,1,0,0,1,0
2020-11-06,US,Georgia,Jeff Davis,816,27,0,31.80405727,-82.63724870000001,13161.0,5398.610651670526,3.3088235294117645,789,814,26,0,788,813,15029,2,1,0,1,1
2020-11-06,US,Georgia,Jefferson,867,35,0,33.05867328,-82.41609057,13163.0,5643.7963806796,4.036908881199539,832,861,34,0,827,860,15430,6,1,0,5,1
2020-11-06,US,Georgia,Jenkins,476,33,0,32.79248718,-81.96040187,13165.0,5486.399262332871,6.932773109243697,443,474,32,0,442,474,8683,2,1,0,1,0
2020-11-06,US,Georgia,Johnson,440,24,0,32.70211082,-82.66166794,13167.0,4562.895364513119,5.454545454545454,416,440,24,0,416,439,9708,0,0,0,0,1
2020-11-06,US,Georgia,Jones,672,17,0,33.02512137,-83.56019163,13169.0,2338.6114494518883,2.5297619047619047,655,669,17,0,652,662,28616,3,0,0,3,7
2020-11-06,US,Georgia,Lamar,449,20,0,33.07841647,-84.14263877,13171.0,2353.6195418566863,4.4543429844098,429,446,20,0,426,445,19000,3,0,0,3,1
2020-11-06,US,Georgia,Lanier,323,7,0,31.03828570000001,-83.06472457,13173.0,3098.915859157632,2.1671826625387,316,321,7,0,314,320,10340,2,0,0,2,1
2020-11-06,US,Georgia,Laurens,2095,93,0,32.46325233,-82.92221316,13175.0,4406.259201615278,4.439140811455848,2002,2079,92,0,1987,2077,47325,16,1,0,15,2
2020-11-06,US,Georgia,Lee,761,31,0,31.779330600000005,-84.14324253,13177.0,2537.343291544412,4.073587385019711,730,761,31,0,730,760,29764,0,0,0,0,1
2020-11-06,US,Georgia,Liberty,1336,26,0,31.82588896,-81.49251135,13179.0,2174.656140636445,1.9461077844311376,1310,1335,26,0,1309,1304,61497,1,0,0,1,31
2020-11-06,US,Georgia,Lincoln,248,8,0,33.79201475,-82.45024131,13181.0,3130.917813407398,3.2258064516129035,240,244,7,0,237,243,7915,4,1,0,3,1
2020-11-06,US,Georgia,Long,288,4,0,31.75218791,-81.74952375,13183.0,1472.4679175826984,1.3888888888888888,284,287,4,0,283,284,18998,1,0,0,1,3
2020-11-06,US,Georgia,Lowndes,4604,90,0,30.83568832,-83.27056716,13185.0,3921.435020356711,1.9548218940052131,4514,4593,90,0,4503,4562,116321,11,0,0,11,31
2020-11-06,US,Georgia,Lumpkin,1083,17,0,34.57286511,-84.00425681,13187.0,3222.2552811663195,1.5697137580794094,1066,1081,17,0,1064,1077,32955,2,0,0,2,4
2020-11-06,US,Georgia,Macon,265,11,0,32.35207048,-84.04234127,13193.0,2046.8062099328024,4.150943396226415,254,262,10,0,252,260,13143,3,1,0,2,2
2020-11-06,US,Georgia,Madison,844,11,0,34.12920917,-83.21218732,13195.0,2824.631860776439,1.3033175355450235,833,837,11,0,826,832,29650,7,0,0,7,5
2020-11-06,US,Georgia,Marion,207,10,0,32.3483402,-84.52733571,13197.0,2476.372771862663,4.8309178743961345,197,206,10,0,196,206,8351,1,0,0,1,0
2020-11-06,US,Georgia,McDuffie,723,17,0,33.47851918,-82.48252774,13189.0,3392.4549549549547,2.351313969571231,706,722,17,0,705,716,21531,1,0,0,1,6
2020-11-06,US,Georgia,McIntosh,324,7,0,31.49683595,-81.40163426,13191.0,2253.4427597718736,2.1604938271604937,317,323,7,0,316,320,14340,1,0,0,1,3
2020-11-06,US,Georgia,Meriwether,604,16,0,33.04163534,-84.68859732,13199.0,2853.498370104408,2.6490066225165565,588,603,16,0,587,603,21068,1,0,0,1,0
2020-11-06,US,Georgia,Miller,326,2,0,31.16568912,-84.73151117,13201.0,5701.294158796783,0.6134969325153374,324,326,2,0,324,323,5686,0,0,0,0,3
2020-11-06,US,Georgia,Mitchell,856,46,0,31.22483255,-84.19381821,13205.0,3915.290673741024,5.3738317757009355,810,855,46,0,809,853,22192,1,0,0,1,2
2020-11-06,US,Georgia,Monroe,795,55,0,33.014289,-83.92097166,13207.0,2882.732612952353,6.918238993710692,740,795,55,0,740,786,27520,0,0,0,0,9
2020-11-06,US,Georgia,Montgomery,371,9,0,32.17201038,-82.53527476,13209.0,4044.919319668557,2.4258760107816717,362,370,9,0,361,375,9193,1,0,0,1,-5
2020-11-06,US,Georgia,Morgan,552,6,0,33.59232073,-83.49129491,13211.0,2863.6646607179914,1.0869565217391304,546,550,6,0,544,547,18853,2,0,0,2,3
2020-11-06,US,Georgia,Murray,1184,11,0,34.78897608,-84.74993177,13213.0,2952.9130087789313,0.929054054054054,1173,1161,10,0,1151,1139,39921,23,1,0,22,22
2020-11-06,US,Georgia,Muscogee,6503,178,0,32.50931999,-84.87142262,13215.0,3321.772088532913,2.7371982162079043,6325,6475,177,0,6298,6461,194160,28,1,0,27,14
2020-11-06,US,Georgia,Newton,3006,99,0,33.55514538,-83.84547140000002,13217.0,2690.077319587629,3.2934131736526946,2907,2983,99,0,2884,2975,109541,23,0,0,23,8
2020-11-06,US,Georgia,Oconee,903,32,0,33.83749973,-83.43679568,13219.0,2241.80734856008,3.5437430786267994,871,903,31,0,872,893,39272,0,1,0,-1,10
2020-11-06,US,Georgia,Oglethorpe,445,13,0,33.878629600000004,-83.08278123,13221.0,2916.311684907268,2.9213483146067416,432,442,13,0,429,439,15054,3,0,0,3,3
2020-11-06,US,Georgia,Out of GA,15031,192,0,0.0,0.0,80013.0,0.0,1.2773601224136784,14839,14926,192,0,14734,15004,,105,0,0,105,-78
2020-11-06,US,Georgia,Paulding,3367,68,0,33.91969522,-84.86848792,13223.0,1996.2411141479959,2.0196020196020195,3299,3350,66,0,3284,3326,164044,17,2,0,15,24
2020-11-06,US,Georgia,Peach,821,26,0,32.56934316,-83.82937,13225.0,2980.469033616496,3.1668696711327655,795,820,26,0,794,816,27297,1,0,0,1,4
2020-11-06,US,Georgia,Pickens,854,10,0,34.46589159,-84.46406611,13227.0,2620.3553128164217,1.17096018735363,844,847,10,0,837,840,31980,7,0,0,7,7
2020-11-06,US,Georgia,Pierce,707,25,0,31.35928155,-82.21598442,13229.0,3632.160287695865,3.5360678925035365,682,704,24,0,680,701,19389,3,1,0,2,3
2020-11-06,US,Georgia,Pike,401,12,0,33.09310242,-84.38790389,13231.0,2114.7558274443627,2.9925187032418954,389,399,11,0,388,398,18634,2,1,0,1,1
2020-11-06,US,Georgia,Polk,1793,28,0,34.00267074,-85.18677781,13233.0,4207.636167366766,1.5616285554935865,1765,1791,29,0,1762,1775,42470,2,-1,0,3,16
2020-11-06,US,Georgia,Pulaski,345,23,0,32.23334561,-83.47549959999998,13235.0,3097.782167549609,6.666666666666668,322,341,23,0,318,340,11069,4,0,0,4,1
2020-11-06,US,Georgia,Putnam,847,28,0,33.32056115,-83.37552891,13237.0,3829.2870382928704,3.3057851239669422,819,842,28,0,814,834,21809,5,0,0,5,8
2020-11-06,US,Georgia,Quitman,41,1,0,31.86728114,-85.01773177,13239.0,1783.3840800347978,2.4390243902439024,40,41,1,0,40,41,2279,0,0,0,0,0
2020-11-06,US,Georgia,Rabun,447,11,0,34.88389445,-83.40304637,13241.0,2608.3912003267787,2.460850111856823,436,445,11,0,434,442,16867,2,0,0,2,3
2020-11-06,US,Georgia,Randolph,341,30,0,31.76622818,-84.75732369,13243.0,5030.98259073473,8.797653958944279,311,341,30,0,311,342,6833,0,0,0,0,-1
2020-11-06,US,Georgia,Richmond,8351,188,0,33.35777107,-82.07026432,13245.0,4123.584076477153,2.251227397916417,8163,8295,186,0,8109,8236,201554,56,2,0,54,59
2020-11-06,US,Georgia,Rockdale,2243,42,0,33.65145002,-84.02202167,13247.0,2467.6553423693013,1.8724921979491755,2201,2233,42,0,2191,2225,90594,10,0,0,10,8
2020-11-06,US,Georgia,Schley,111,2,0,32.2654021,-84.31258912,13249.0,2111.4704203918586,1.8018018018018016,109,110,2,0,108,110,5236,1,0,0,1,0
2020-11-06,US,Georgia,Screven,457,11,0,32.74976524,-81.60779441,13251.0,3272.232564800229,2.4070021881838075,446,457,11,0,446,457,13938,0,0,0,0,0
2020-11-06,US,Georgia,Seminole,407,11,0,30.93464824,-84.86823924,13253.0,5030.902348578492,2.702702702702702,396,407,11,0,396,402,8315,0,0,0,0,5
2020-11-06,US,Georgia,Spalding,1684,66,0,33.26310031,-84.28013991,13255.0,2524.6240798764675,3.919239904988124,1618,1680,65,0,1615,1659,66100,4,1,0,3,21
2020-11-06,US,Georgia,Stephens,1311,43,0,34.55151201,-83.29405315,13257.0,5056.894889103181,3.2799389778794814,1268,1308,43,0,1265,1307,26035,3,0,0,3,1
2020-11-06,US,Georgia,Stewart,572,17,0,32.07996777,-84.83208037,13259.0,8639.178371847152,2.9720279720279716,555,572,17,0,555,571,6199,0,0,0,0,1
2020-11-06,US,Georgia,Sumter,976,68,0,32.03650571,-84.19821492,13261.0,3305.785123966942,6.967213114754099,908,974,68,0,906,971,29733,2,0,0,2,3
2020-11-06,US,Georgia,Talbot,184,8,0,32.69642758,-84.53351366,13263.0,2970.137207425343,4.3478260869565215,176,181,8,0,173,181,6272,3,0,0,3,0
2020-11-06,US,Georgia,Taliaferro,31,0,0,33.56543317,-82.88136816,13265.0,2016.9160702667525,0.0,31,31,0,0,31,31,1608,0,0,0,0,0
2020-11-06,US,Georgia,Tattnall,971,17,0,32.04785085,-82.05539188,13267.0,3840.069603733291,1.7507723995880535,954,968,17,0,951,961,25391,3,0,0,3,7
2020-11-06,US,Georgia,Taylor,245,13,0,32.55792548,-84.25077141,13269.0,3054.8628428927677,5.306122448979592,232,242,12,0,230,240,8039,3,1,0,2,2
2020-11-06,US,Georgia,Telfair,506,24,0,31.92829517,-82.93491155,13271.0,3190.416141235813,4.743083003952568,482,502,24,0,478,497,15876,4,0,0,4,5
2020-11-06,US,Georgia,Terrell,343,32,0,31.77527543,-84.44069698,13273.0,4020.6306411909504,9.329446064139944,311,342,32,0,310,342,8611,1,0,0,1,0
2020-11-06,US,Georgia,Thomas,1643,72,0,30.86392347,-83.91847289,13275.0,3696.204809790556,4.382227632379793,1571,1639,72,0,1567,1635,44448,4,0,0,4,4
2020-11-06,US,Georgia,Tift,2006,66,0,31.45743864,-83.5236119,13277.0,4935.5378407637045,3.2901296111665004,1940,2003,65,0,1938,2001,40571,3,1,0,2,2
2020-11-06,US,Georgia,Toombs,1539,58,0,32.12059861,-82.32957247,13279.0,5736.116287737607,3.7686809616634176,1481,1538,58,0,1480,1534,26887,1,0,0,1,4
2020-11-06,US,Georgia,Towns,477,14,0,34.91369188,-83.74107459999998,13281.0,3962.781423942843,2.9350104821802936,463,473,14,0,459,467,11852,4,0,0,4,6
2020-11-06,US,Georgia,Treutlen,315,12,0,32.40422134,-82.56904553,13283.0,4564.555861469352,3.809523809523809,303,315,12,0,303,313,6809,0,0,0,0,2
2020-11-06,US,Georgia,Troup,3096,113,0,33.03349196,-85.02812115,13285.0,4427.790967077601,3.649870801033592,2983,3090,113,0,2977,3083,70034,6,0,0,6,7
2020-11-06,US,Georgia,Turner,341,24,0,31.71612656,-83.62069378,13287.0,4270.507201001879,7.038123167155424,317,340,24,0,316,339,7912,1,0,0,1,1
2020-11-06,US,Georgia,Twiggs,229,10,0,32.67435595,-83.43078662,13289.0,2820.1970443349755,4.366812227074236,219,230,10,0,220,229,8188,-1,0,0,-1,1
2020-11-06,US,Georgia,Unassigned,1976,5,0,0.0,0.0,90013.0,0.0,0.2530364372469636,1971,1957,5,0,1952,1951,,19,0,0,19,6
2020-11-06,US,Georgia,Union,945,29,0,34.82995757,-83.98967069,13291.0,3855.411855901432,3.068783068783069,916,938,29,0,909,932,24001,7,0,0,7,6
2020-11-06,US,Georgia,Upson,851,70,0,32.87920671,-84.30024826,13293.0,3233.282674772037,8.225616921269095,781,848,70,0,778,846,26215,3,0,0,3,2
2020-11-06,US,Georgia,Walker,2057,46,0,34.73376362,-85.30165174,13295.0,2948.638924327346,2.236266407389402,2011,2044,46,0,1998,2007,69410,13,0,0,13,37
2020-11-06,US,Georgia,Walton,2439,71,0,33.78017694,-83.73552314,13297.0,2578.4148932796297,2.911029110291103,2368,2429,71,0,2358,2420,93503,10,0,0,10,9
2020-11-06,US,Georgia,Ware,1786,67,0,31.05449097,-82.42224148,13299.0,4998.041081323109,3.7513997760358335,1719,1783,67,0,1716,1779,35680,3,0,0,3,4
2020-11-06,US,Georgia,Warren,172,6,0,33.41146451,-82.67795848,13301.0,3273.6962314427105,3.4883720930232562,166,172,6,0,166,172,5251,0,0,0,0,0
2020-11-06,US,Georgia,Washington,862,14,0,32.96711864,-82.79357039,13303.0,4230.882497300481,1.6241299303944317,848,818,14,0,804,813,20386,44,0,0,44,5
2020-11-06,US,Georgia,Wayne,1282,36,0,31.5521809,-81.91894878,13305.0,4283.757142379791,2.8081123244929795,1246,1282,36,0,1246,1272,29808,0,0,0,0,10
2020-11-06,US,Georgia,Webster,44,2,0,32.04066113,-84.54742852,13307.0,1687.7637130801688,4.545454545454546,42,44,2,0,42,44,2611,0,0,0,0,0
2020-11-06,US,Georgia,Wheeler,369,18,0,32.12009104,-82.72574721,13309.0,4697.644812221515,4.878048780487805,351,369,18,0,351,369,7879,0,0,0,0,0
2020-11-06,US,Georgia,White,1047,26,0,34.64624278,-83.74905525,13311.0,3399.571400740308,2.483285577841452,1021,1040,25,0,1015,1032,29970,7,1,0,6,8
2020-11-06,US,Georgia,Whitfield,6001,67,0,34.80987459,-84.96093476,13313.0,5735.558359139045,1.1164805865689051,5934,5925,66,0,5859,5833,104062,76,1,0,75,92
2020-11-06,US,Georgia,Wilcox,262,25,0,31.97496928,-83.43438555,13315.0,3034.163288940359,9.541984732824428,237,262,25,0,237,261,8812,0,0,0,0,1
2020-11-06,US,Georgia,Wilkes,328,7,0,33.78290391,-82.74286107,13317.0,3354.8123146159355,2.1341463414634148,321,324,7,0,317,319,9876,4,0,0,4,5
2020-11-06,US,Georgia,Wilkinson,379,17,0,32.80291082,-83.17140684,13319.0,4232.745141836051,4.485488126649076,362,379,17,0,362,378,9036,0,0,0,0,1
2020-11-06,US,Georgia,Worth,615,35,0,31.55162306,-83.85090513,13321.0,3037.4870351163136,5.691056910569106,580,613,35,0,578,612,20299,2,0,0,2,1
2020-11-06,US,Hawaii,Hawaii,1375,31,0,19.60121157,-155.5210167,15001.0,682.3381121813483,2.2545454545454544,1344,1356,31,0,1325,1332,200983,19,0,0,19,24
2020-11-06,US,Hawaii,Honolulu,13596,170,0,21.45803166,-157.97121819999995,15003.0,1395.0868235301361,1.2503677552221242,13426,13510,170,0,13340,13445,980080,86,0,0,86,65
2020-11-06,US,Hawaii,Kauai,69,0,0,22.03935037,-159.5966786,15007.0,95.4449255114603,0.0,69,68,0,0,68,67,72133,1,0,0,1,1
2020-11-06,US,Hawaii,Maui,544,17,0,20.86399628,-156.56890969999995,15009.0,324.93713302711194,3.125,527,537,17,0,520,535,167207,7,0,0,7,2
2020-11-06,US,Hawaii,Out of HI,107,1,0,0.0,0.0,80015.0,0.0,0.9345794392523364,106,101,1,0,100,94,,6,0,0,6,7
2020-11-06,US,Idaho,Ada,18618,188,0,43.4526575,-116.24155159999998,16001.0,3865.968142827776,1.0097754860887314,18430,18311,185,0,18126,18110,469966,307,3,0,304,201
2020-11-06,US,Idaho,Adams,79,2,0,44.89333571,-116.4545247,16003.0,1839.77643223102,2.5316455696202533,77,75,2,0,73,74,4250,4,0,0,4,1
2020-11-06,US,Idaho,Bannock,3024,17,0,42.67002716,-112.2233311,16005.0,3443.8775510204077,0.5621693121693122,3007,2948,17,0,2931,2893,87138,76,0,0,76,55
2020-11-06,US,Idaho,Bear Lake,93,1,0,42.28269683,-111.32892379999998,16007.0,1518.3673469387757,1.075268817204301,92,88,1,0,87,82,6050,5,0,0,5,6
2020-11-06,US,Idaho,Benewah,199,3,0,47.21754179,-116.6586851,16009.0,2140.2452140245214,1.5075376884422111,196,195,3,0,192,194,9226,4,0,0,4,1
2020-11-06,US,Idaho,Bingham,1829,25,0,43.21672879999999,-112.3978437,16011.0,3907.201298840016,1.3668671405139423,1804,1783,25,0,1758,1756,46236,46,0,0,46,27
2020-11-06,US,Idaho,Blaine,979,7,0,43.4085812,-113.9752658,16013.0,4252.638894922028,0.7150153217568948,972,963,7,0,956,938,22601,16,0,0,16,25
2020-11-06,US,Idaho,Boise,100,2,0,43.98829931,-115.7309284,16015.0,1276.976120546546,2.0,98,97,2,0,95,92,7634,3,0,0,3,5
2020-11-06,US,Idaho,Bonner,575,2,0,48.29996017,-116.6017932,16017.0,1257.132862546186,0.3478260869565217,573,558,2,0,556,547,44727,17,0,0,17,11
2020-11-06,US,Idaho,Bonneville,5157,40,0,43.38713372,-111.6161537,16019.0,4331.35677210193,0.7756447547023463,5117,5081,40,0,5041,5018,116854,76,0,0,76,63
2020-11-06,US,Idaho,Boundary,244,1,0,48.76684761,-116.4630179,16021.0,1992.6500612494892,0.4098360655737705,243,237,1,0,236,231,11948,7,0,0,7,6
2020-11-06,US,Idaho,Butte,110,0,0,43.72592209,-113.1735463,16023.0,4235.656526761648,0.0,110,107,0,0,107,106,2611,3,0,0,3,1
2020-11-06,US,Idaho,Camas,50,0,0,43.46665742,-114.8065892,16025.0,4520.795660036167,0.0,50,49,0,0,49,47,1127,1,0,0,1,2
2020-11-06,US,Idaho,Canyon,11101,118,0,43.61970148,-116.70954990000001,16027.0,4829.692537274472,1.0629673002432214,10983,11001,118,0,10883,10775,223499,100,0,0,100,226
2020-11-06,US,Idaho,Caribou,346,5,0,42.77149116,-111.5597683,16029.0,4835.779175401817,1.4450867052023122,341,330,5,0,325,324,7060,16,0,0,16,6
2020-11-06,US,Idaho,Cassia,1607,11,0,42.28347888,-113.6012409,16031.0,6687.4739908447755,0.6845052893590542,1596,1572,11,0,1561,1541,23864,35,0,0,35,31
2020-11-06,US,Idaho,Clark,41,0,0,44.28496071,-112.35057040000001,16033.0,4852.07100591716,0.0,41,41,0,0,41,41,852,0,0,0,0,0
2020-11-06,US,Idaho,Clearwater,188,0,0,46.67459924,-115.6622393,16035.0,2147.099132023755,0.0,188,180,0,0,180,170,8758,8,0,0,8,10
2020-11-06,US,Idaho,Custer,103,1,0,44.24186819,-114.2855494,16037.0,2387.02201622248,0.9708737864077671,102,103,1,0,102,101,4280,0,0,0,0,2
2020-11-06,US,Idaho,Elmore,633,4,0,43.3507101,-115.4701578,16039.0,2300.8978226891063,0.631911532385466,629,612,4,0,608,609,27259,21,0,0,21,3
2020-11-06,US,Idaho,Franklin,416,3,0,42.18332217,-111.81496659999999,16041.0,2997.982127414241,0.7211538461538461,413,409,2,0,407,400,13726,7,1,0,6,9
2020-11-06,US,Idaho,Fremont,538,5,0,44.22800938,-111.48099429999999,16043.0,4107.183754485075,0.929368029739777,533,532,5,0,527,527,13168,6,0,0,6,5
2020-11-06,US,Idaho,Gem,491,6,0,44.06482372,-116.398376,16045.0,2710.909893992933,1.2219959266802445,485,485,6,0,479,471,17634,6,0,0,6,14
2020-11-06,US,Idaho,Gooding,723,9,0,42.96927962,-114.81083059999999,16047.0,4763.15962843402,1.2448132780082988,714,711,9,0,702,698,15196,12,0,0,12,13
2020-11-06,US,Idaho,Idaho,450,1,0,45.84721541,-115.4634436,16049.0,2699.9460010799785,0.2222222222222222,449,438,1,0,437,435,16513,12,0,0,12,3
2020-11-06,US,Idaho,Jefferson,1101,5,0,43.82078483,-112.3131749,16051.0,3685.849151350808,0.4541326067211626,1096,1084,5,0,1079,1063,29439,17,0,0,17,21
2020-11-06,US,Idaho,Jerome,1373,9,0,42.68891267,-114.2655033,16053.0,5624.283139439622,0.6554989075018208,1364,1341,9,0,1332,1307,24015,32,0,0,32,34
2020-11-06,US,Idaho,Kootenai,4939,55,0,47.67282258,-116.7020872,16055.0,2980.741956704105,1.11358574610245,4884,4823,53,0,4770,4737,161505,116,2,0,114,86
2020-11-06,US,Idaho,Latah,1114,1,0,46.81587887,-116.71136979999999,16057.0,2777.500747980453,0.08976660682226212,1113,1081,1,0,1080,1065,40134,33,0,0,33,16
2020-11-06,US,Idaho,Lemhi,335,4,0,44.9438088,-113.9309747,16059.0,4173.414725302106,1.1940298507462686,331,321,4,0,317,318,7961,14,0,0,14,3
2020-11-06,US,Idaho,Lewis,111,3,0,46.23315327,-116.434146,16061.0,2892.131318394997,2.702702702702702,108,103,3,0,100,97,3861,8,0,0,8,6
2020-11-06,US,Idaho,Lincoln,275,6,0,43.0012336,-114.1358773,16063.0,5124.860231084607,2.1818181818181817,269,267,6,0,261,260,5360,8,0,0,8,7
2020-11-06,US,Idaho,Madison,2956,7,0,43.78141028,-111.65384740000002,16065.0,7407.221790663292,0.2368064952638701,2949,2925,7,0,2918,2874,39304,31,0,0,31,51
2020-11-06,US,Idaho,Minidoka,1340,10,0,42.85518524,-113.6357257,16067.0,6369.124007795048,0.746268656716418,1330,1318,10,0,1308,1298,20825,22,0,0,22,20
2020-11-06,US,Idaho,Nez Perce,1251,25,0,46.32638236,-116.75009750000001,16069.0,3095.9215996832313,1.9984012789768184,1226,1180,24,0,1156,1105,40408,71,1,0,70,75
2020-11-06,US,Idaho,Oneida,76,0,0,42.19494279999999,-112.5407838,16071.0,1677.3339218715514,0.0,76,72,0,0,72,72,4488,4,0,0,4,0
2020-11-06,US,Idaho,Owyhee,426,5,0,42.58016894,-116.16938710000001,16073.0,3603.146409540726,1.1737089201877935,421,423,5,0,418,417,11693,3,0,0,3,6
2020-11-06,US,Idaho,Payette,1233,11,0,44.00545243,-116.7647695,16075.0,5148.010521481358,0.8921330089213301,1222,1223,11,0,1212,1196,23551,10,0,0,10,27
2020-11-06,US,Idaho,Power,395,2,0,42.69254894,-112.83957420000002,16077.0,5142.5595625569595,0.5063291139240507,393,391,2,0,389,390,7768,4,0,0,4,1
2020-11-06,US,Idaho,Shoshone,312,20,0,47.35364087,-115.89167490000001,16079.0,2421.984163949697,6.410256410256411,292,305,20,0,285,298,12796,7,0,0,7,7
2020-11-06,US,Idaho,Teton,345,2,0,43.75303583,-111.2056773,16081.0,2841.3770383791802,0.5797101449275363,343,343,2,0,341,318,11640,2,0,0,2,25
2020-11-06,US,Idaho,Twin Falls,4953,54,0,42.35440512,-114.6685381,16083.0,5701.098091576694,1.0902483343428224,4899,4810,53,0,4757,4671,86081,143,1,0,142,139
2020-11-06,US,Idaho,Unassigned,3,0,0,0.0,0.0,90016.0,0.0,0.0,3,1,0,0,1,,,2,0,0,2,
2020-11-06,US,Idaho,Valley,153,1,0,44.76728382,-115.5676773,16085.0,1343.047752808989,0.6535947712418301,152,145,1,0,144,143,11041,8,0,0,8,2
2020-11-06,US,Idaho,Washington,524,8,0,44.45275475,-116.78476880000001,16087.0,5140.278595252109,1.5267175572519085,516,517,8,0,509,505,10161,7,0,0,7,12
2020-11-06,US,Illinois,Adams,2640,28,0,39.98815591,-91.18786813,17001.0,4034.5380912355768,1.0606060606060606,2612,2534,28,0,2506,2426,65691,106,0,0,106,108
2020-11-06,US,Illinois,Alexander,170,2,0,37.18049267,-89.32910838,17003.0,2950.8765839264006,1.1764705882352942,168,160,2,0,158,157,6060,10,0,0,10,3
2020-11-06,US,Illinois,Bond,627,9,0,38.88829622,-89.43534887,17005.0,3817.1192012662846,1.4354066985645932,618,586,9,0,577,576,16630,41,0,0,41,10
2020-11-06,US,Illinois,Boone,2442,26,0,42.32359279,-88.82345779,17007.0,4560.735096369341,1.0647010647010646,2416,2349,26,0,2323,2285,53577,93,0,0,93,64
2020-11-06,US,Illinois,Brown,161,0,0,39.96209138,-90.75068024,17009.0,2447.552447552448,0.0,161,149,0,0,149,144,6556,12,0,0,12,5
2020-11-06,US,Illinois,Bureau,1184,19,0,41.40385234,-89.5283051,17011.0,3628.785092558538,1.6047297297297298,1165,1118,19,0,1099,1079,32993,66,0,0,66,39
2020-11-06,US,Illinois,Calhoun,114,0,0,39.16840183,-90.66330078,17013.0,2405.5707955264825,0.0,114,94,0,0,94,94,4802,20,0,0,20,0
2020-11-06,US,Illinois,Carroll,641,17,0,42.06823429,-89.93395545,17015.0,4480.950716532681,2.65210608424337,624,620,16,0,604,571,14312,21,1,0,20,49
2020-11-06,US,Illinois,Cass,533,11,0,39.96991073,-90.24734436,17017.0,4387.914711451387,2.063789868667917,522,484,11,0,473,481,12260,49,0,0,49,3
2020-11-06,US,Illinois,Champaign,7572,30,0,40.13919438,-88.20046615,17019.0,3611.062096724196,0.3961965134706815,7542,7308,29,0,7279,7114,209983,264,1,0,263,194
2020-11-06,US,Illinois,Christian,1083,31,0,39.54581621,-89.27780482,17021.0,3352.526002971769,2.8624192059095113,1052,1050,31,0,1019,978,32661,33,0,0,33,72
2020-11-06,US,Illinois,Clark,466,18,0,39.33425789,-87.78705622,17023.0,3017.939252639078,3.862660944206009,448,355,18,0,337,349,15596,111,0,0,111,6
2020-11-06,US,Illinois,Clay,399,15,0,38.75388572,-88.48914513,17025.0,3026.395631067961,3.7593984962406015,384,376,15,0,361,366,13253,23,0,0,23,10
2020-11-06,US,Illinois,Clinton,2100,36,0,38.60704876,-89.42385254,17027.0,5590.756615728662,1.7142857142857142,2064,2031,35,0,1996,1988,37639,69,1,0,68,43
2020-11-06,US,Illinois,Coles,2386,47,0,39.51949084,-88.22358557,17029.0,4713.4588411923905,1.969823973176865,2339,2317,46,0,2271,2271,50885,69,1,0,68,46
2020-11-06,US,Illinois,Cook,210266,5742,0,41.84144849,-87.81658794,17031.0,4082.650241260929,2.7308266671739605,204524,204977,5574,0,199403,201176,5180493,5289,168,0,5121,3801
2020-11-06,US,Illinois,Crawford,730,6,0,39.0032229,-87.75954624,17033.0,3910.644452777629,0.821917808219178,724,700,6,0,694,690,18807,30,0,0,30,10
2020-11-06,US,Illinois,Cumberland,398,6,0,39.27432424,-88.2401158,17035.0,3696.8233327140997,1.5075376884422111,392,345,6,0,339,333,10808,53,0,0,53,12
2020-11-06,US,Illinois,De Witt,398,9,0,40.17514519,-88.90959682,17039.0,2545.082491367183,2.2613065326633164,389,327,7,0,320,314,15769,71,2,0,69,13
2020-11-06,US,Illinois,DeKalb,3153,43,0,41.89373302,-88.76958483,17037.0,3005.805695110442,1.363780526482715,3110,3027,43,0,2984,2954,104143,126,0,0,126,73
2020-11-06,US,Illinois,Douglas,947,10,0,39.76768052,-88.21854195,17041.0,4865.142563575649,1.0559662090813091,937,920,10,0,910,868,19479,27,0,0,27,52
2020-11-06,US,Illinois,DuPage,28834,675,0,41.85116968,-88.08642662,17043.0,3124.211064652337,2.3409863355760563,28159,27584,634,0,26950,27065,928589,1250,41,0,1209,519
2020-11-06,US,Illinois,Edgar,464,14,0,39.6809186,-87.74759563,17045.0,2703.805139560632,3.0172413793103448,450,197,11,0,186,190,17360,267,3,0,264,7
2020-11-06,US,Illinois,Edwards,129,0,0,38.41353228,-88.05720863,17047.0,2017.2009382329943,0.0,129,124,0,0,124,119,6392,5,0,0,5,5
2020-11-06,US,Illinois,Effingham,1593,5,0,39.05935711,-88.58969584,17049.0,4684.1919548341575,0.31387319522912743,1588,1459,5,0,1454,1403,34208,134,0,0,134,56
2020-11-06,US,Illinois,Fayette,906,26,0,39.00072038,-89.02452658,17051.0,4246.344206974129,2.8697571743929364,880,804,25,0,779,783,21416,102,1,0,101,21
2020-11-06,US,Illinois,Ford,359,19,0,40.59706922,-88.22350769,17053.0,2769.8480055551267,5.2924791086350975,340,237,16,0,221,231,13264,122,3,0,119,6
2020-11-06,US,Illinois,Franklin,1231,12,0,37.99189086,-88.92567818,17055.0,3199.9792040344173,0.9748172217709179,1219,1193,12,0,1181,1151,38701,38,0,0,38,42
2020-11-06,US,Illinois,Fulton,788,2,0,40.47289135,-90.20862357,17057.0,2294.7000582411183,0.2538071065989848,786,744,2,0,742,728,34844,44,0,0,44,16
2020-11-06,US,Illinois,Gallatin,132,3,0,37.76430935,-88.22953869,17059.0,2734.0513670256837,2.272727272727273,129,129,2,0,127,123,5058,3,1,0,2,6
2020-11-06,US,Illinois,Greene,457,19,0,39.35907414,-90.388865,17061.0,3523.787493253142,4.157549234135668,438,371,18,0,353,365,13044,86,1,0,85,6
2020-11-06,US,Illinois,Grundy,1405,8,0,41.28569601,-88.41905692,17063.0,2751.9880910408588,0.5693950177935944,1397,1322,8,0,1314,1227,50972,83,0,0,83,95
2020-11-06,US,Illinois,Hamilton,174,2,0,38.08163641,-88.53883373,17065.0,2143.9132577624446,1.1494252873563218,172,159,2,0,157,155,8163,15,0,0,15,4
2020-11-06,US,Illinois,Hancock,482,4,0,40.40423981,-91.16313899,17067.0,2721.9335893381517,0.8298755186721992,478,425,4,0,421,408,17844,57,0,0,57,17
2020-11-06,US,Illinois,Hardin,66,0,0,37.51810645,-88.26873022,17069.0,1727.2965192358026,0.0,66,63,0,0,63,62,3910,3,0,0,3,1
2020-11-06,US,Illinois,Henderson,162,0,0,40.81908672,-90.92491462,17071.0,2437.5564249172435,0.0,162,158,0,0,158,153,6709,4,0,0,4,5
2020-11-06,US,Illinois,Henry,1230,9,0,41.3533994,-90.13296166,17073.0,2514.668901927913,0.7317073170731707,1221,957,9,0,948,926,49090,273,0,0,273,31
2020-11-06,US,Illinois,Iroquois,780,20,0,40.74717633,-87.82466784,17075.0,2876.742642177473,2.5641025641025643,760,654,20,0,634,633,27604,126,0,0,126,21
2020-11-06,US,Illinois,Jackson,1780,28,0,37.78595185,-89.38232563,17077.0,3136.5638766519824,1.5730337078651686,1752,1741,27,0,1714,1713,57419,39,1,0,38,28
2020-11-06,US,Illinois,Jasper,408,10,0,39.01054275,-88.15437049,17079.0,4245.577523413112,2.4509803921568634,398,310,10,0,300,306,9611,98,0,0,98,4
2020-11-06,US,Illinois,Jefferson,1150,52,0,38.29980057,-88.9240025,17081.0,3051.6930262180235,4.521739130434782,1098,1092,52,0,1040,1052,37820,58,0,0,58,40
2020-11-06,US,Illinois,Jersey,707,22,0,39.08869046,-90.35393073,17083.0,3247.140954393056,3.111739745403112,685,533,21,0,512,521,21847,174,1,0,173,12
2020-11-06,US,Illinois,Jo Daviess,649,11,0,42.36542373,-90.21094405,17085.0,3056.275017659525,1.6949152542372878,638,624,11,0,613,617,21366,25,0,0,25,7
2020-11-06,US,Illinois,Johnson,454,0,0,37.45939802,-88.88165419,17087.0,3656.2776838205687,0.0,454,425,0,0,425,420,12456,29,0,0,29,5
2020-11-06,US,Illinois,Kane,21195,373,0,41.93842729,-88.42861412,17089.0,3981.006868856862,1.7598490209955178,20822,20127,360,0,19767,19699,534216,1068,13,0,1055,428
2020-11-06,US,Illinois,Kankakee,4552,84,0,41.13746989,-87.86205334,17091.0,4143.379876572427,1.845342706502636,4468,4294,84,0,4210,4116,110024,258,0,0,258,178
2020-11-06,US,Illinois,Kendall,3619,32,0,41.59081014,-88.42869583,17093.0,2805.643848360339,0.8842221608179055,3587,3428,30,0,3398,3331,127915,191,2,0,189,97
2020-11-06,US,Illinois,Knox,1682,29,0,40.93148779,-90.21330340000002,17095.0,3384.3739310650108,1.7241379310344829,1653,1612,25,0,1587,1543,50112,70,4,0,66,69
2020-11-06,US,Illinois,LaSalle,3356,79,0,41.34426129999999,-88.88633881,17099.0,3088.2772455806157,2.3539928486293205,3277,3136,73,0,3063,2997,109430,220,6,0,214,139
2020-11-06,US,Illinois,Lake,25124,546,0,42.3224907,-88.00367925,17097.0,3606.997494741829,2.1732208247094413,24578,24105,530,0,23575,23652,700832,1019,16,0,1003,453
2020-11-06,US,Illinois,Lawrence,418,8,0,38.71987914,-87.72884035,17101.0,2666.156397499681,1.9138755980861244,410,403,8,0,395,393,15765,15,0,0,15,10
2020-11-06,US,Illinois,Lee,1056,6,0,41.74583951,-89.29977132,17103.0,3097.137494134209,0.5681818181818182,1050,1018,4,0,1014,997,34223,38,2,0,36,21
2020-11-06,US,Illinois,Livingston,964,12,0,40.89188292,-88.55784752,17105.0,2704.2190305206464,1.2448132780082988,952,867,12,0,855,827,35761,97,0,0,97,40
2020-11-06,US,Illinois,Logan,805,6,0,40.12581572,-89.36638784,17107.0,2812.914948633727,0.7453416149068323,799,759,5,0,754,724,28925,46,1,0,45,35
2020-11-06,US,Illinois,Macon,4210,72,0,39.86064913,-88.96342505,17115.0,4047.726639040852,1.7102137767220902,4138,4001,68,0,3933,3890,104712,209,4,0,205,111
2020-11-06,US,Illinois,Macoupin,1021,12,0,39.26119767,-89.92424028,17117.0,2272.626096247162,1.1753183153770812,1009,951,11,0,940,919,45313,70,1,0,69,32
2020-11-06,US,Illinois,Madison,8763,164,0,38.83042506,-89.90422563,17119.0,3332.3699641778785,1.8715051922857469,8599,8252,164,0,8088,8108,264461,511,0,0,511,144
2020-11-06,US,Illinois,Marion,1331,27,0,38.64963204,-88.91899208,17121.0,3577.476145679344,2.02854996243426,1304,1288,25,0,1263,1263,37620,43,2,0,41,25
2020-11-06,US,Illinois,Marshall,198,4,0,41.0327901,-89.34510444,17123.0,1731.0718657107886,2.0202020202020203,194,187,4,0,183,184,11534,11,0,0,11,3
2020-11-06,US,Illinois,Mason,389,13,0,40.23917274,-89.91824452,17125.0,2911.894602889438,3.341902313624679,376,377,12,0,365,374,13565,12,1,0,11,3
2020-11-06,US,Illinois,Massac,204,2,0,37.22078441,-88.71036614,17127.0,1481.2663374963697,0.9803921568627452,202,192,2,0,190,184,14080,12,0,0,12,8
2020-11-06,US,Illinois,McDonough,962,25,0,40.45674722,-90.67775541,17109.0,3241.0214945084563,2.5987525987525992,937,895,24,0,871,876,29955,67,1,0,66,19
2020-11-06,US,Illinois,McHenry,8532,125,0,42.32451172,-88.45248227,17111.0,2772.1639904605327,1.465072667604313,8407,7977,120,0,7857,7756,308570,555,5,0,550,221
2020-11-06,US,Illinois,McLean,5205,39,0,40.48996987,-88.84621113,17113.0,3034.6846085227703,0.7492795389048992,5166,4778,39,0,4739,4662,172828,427,0,0,427,116
2020-11-06,US,Illinois,Menard,209,1,0,40.02742725,-89.80246001,17129.0,1713.6766152836997,0.4784688995215311,208,204,1,0,203,198,12288,5,0,0,5,6
2020-11-06,US,Illinois,Mercer,419,7,0,41.20596782,-90.74290052,17131.0,2714.257951674548,1.6706443914081146,412,401,7,0,394,368,15601,18,0,0,18,33
2020-11-06,US,Illinois,Monroe,1180,40,0,38.27594376,-90.17761038,17133.0,3406.7615555619714,3.3898305084745757,1140,1141,37,0,1104,1112,34335,39,3,0,36,29
2020-11-06,US,Illinois,Montgomery,752,17,0,39.23198845,-89.47809254,17135.0,2646.582670514535,2.2606382978723403,735,740,17,0,723,725,28601,12,0,0,12,15
2020-11-06,US,Illinois,Morgan,1201,27,0,39.71654544,-90.20255104,17137.0,3568.245290866956,2.2481265611990007,1174,1132,27,0,1105,1110,33976,69,0,0,69,22
2020-11-06,US,Illinois,Moultrie,565,7,0,39.64187451,-88.62099969,17139.0,3896.2830149644847,1.2389380530973448,558,545,7,0,538,534,14717,20,0,0,20,11
2020-11-06,US,Illinois,Ogle,1718,8,0,42.04165196,-89.32184679,17141.0,3392.374069466659,0.4656577415599534,1710,1646,8,0,1638,1555,50923,72,0,0,72,91
2020-11-06,US,Illinois,Out of IL,1,0,0,0.0,0.0,80017.0,0.0,0.0,1,2,0,0,2,1,,-1,0,0,-1,1
2020-11-06,US,Illinois,Peoria,5598,92,0,40.78702156,-89.76078901,17143.0,3124.250051624353,1.6434440871739908,5506,5428,90,0,5338,5337,180621,170,2,0,168,91
2020-11-06,US,Illinois,Perry,585,16,0,38.08510853,-89.36856219,17145.0,2796.901893287435,2.7350427350427347,569,558,16,0,542,536,21174,27,0,0,27,22
2020-11-06,US,Illinois,Piatt,379,4,0,40.01360584,-88.59319339,17147.0,2318.893783651493,1.0554089709762533,375,329,3,0,326,311,16396,50,1,0,49,18
2020-11-06,US,Illinois,Pike,584,12,0,39.62265059,-90.8877017,17149.0,3752.972174024805,2.054794520547945,572,535,10,0,525,486,15611,49,2,0,47,49
2020-11-06,US,Illinois,Pope,50,1,0,37.41391284,-88.56152109,17151.0,1197.0313622216902,2.0,49,49,1,0,48,49,4212,1,0,0,1,0
2020-11-06,US,Illinois,Pulaski,269,1,0,37.22631423,-89.13085001,17153.0,5042.174320524836,0.3717472118959108,268,259,1,0,258,255,5463,10,0,0,10,4
2020-11-06,US,Illinois,Putnam,124,0,0,41.2013541,-89.2869272,17155.0,2160.6551664052968,0.0,124,121,0,0,121,118,5740,3,0,0,3,3
2020-11-06,US,Illinois,Randolph,1499,17,0,38.05095369,-89.82512254,17157.0,4716.5061984771255,1.134089392928619,1482,1469,17,0,1452,1450,32106,30,0,0,30,19
2020-11-06,US,Illinois,Richland,399,19,0,38.71240969,-88.08475366,17159.0,2572.0363566041383,4.761904761904762,380,370,18,0,352,365,15763,29,1,0,28,5
2020-11-06,US,Illinois,Rock Island,5212,101,0,41.46613806,-90.57042164,17161.0,3673.5528161320563,1.9378357636224095,5111,4935,97,0,4838,4799,143477,277,4,0,273,136
2020-11-06,US,Illinois,Saline,722,13,0,37.75332999,-88.54119706,17165.0,3073.5175173470693,1.8005540166204983,709,693,13,0,680,682,23906,29,0,0,29,11
2020-11-06,US,Illinois,Sangamon,5511,68,0,39.75836914,-89.65872023,17167.0,2830.915591353661,1.2338958446742878,5443,5234,66,0,5168,5002,195348,277,2,0,275,232
2020-11-06,US,Illinois,Schuyler,119,1,0,40.157179799999994,-90.61114163,17169.0,1758.274231678487,0.8403361344537815,118,112,1,0,111,109,6907,7,0,0,7,3
2020-11-06,US,Illinois,Scott,126,0,0,39.642916899999996,-90.47814431,17171.0,2544.9404160775603,0.0,126,123,0,0,123,122,4926,3,0,0,3,1
2020-11-06,US,Illinois,Shelby,868,22,0,39.39133527,-88.80611122,17173.0,4012.203013774614,2.5345622119815667,846,822,18,0,804,803,21741,46,4,0,42,19
2020-11-06,US,Illinois,St. Clair,8918,239,0,38.46996033,-89.93063427,17163.0,3434.1473933904804,2.6799730881363533,8679,8702,228,0,8474,8618,261059,216,11,0,205,84
2020-11-06,US,Illinois,Stark,127,3,0,41.09309773,-89.79745866,17175.0,2377.3867465368776,2.3622047244094486,124,108,3,0,105,102,5427,19,0,0,19,6
2020-11-06,US,Illinois,Stephenson,1504,12,0,42.35129217,-89.662598,17177.0,3379.9271877387746,0.7978723404255319,1492,1443,12,0,1431,1395,44753,61,0,0,61,48
2020-11-06,US,Illinois,Tazewell,3479,63,0,40.50716185,-89.51404662,17179.0,2639.5453821233205,1.8108651911468812,3416,3321,62,0,3259,3213,132328,158,1,0,157,108
2020-11-06,US,Illinois,Unassigned,105,0,0,0.0,0.0,90017.0,0.0,0.0,105,6327,283,0,6044,6312,,-6222,-283,0,-5939,15
2020-11-06,US,Illinois,Union,858,26,0,37.47119609,-89.25548938,17181.0,5152.2248243559725,3.0303030303030303,832,847,25,0,822,837,16841,11,1,0,10,10
2020-11-06,US,Illinois,Vermilion,2208,18,0,40.18417171,-87.73384359,17183.0,2914.5436785553998,0.8152173913043478,2190,2128,16,0,2112,2081,76806,80,2,0,78,47
2020-11-06,US,Illinois,Wabash,307,6,0,38.44272901,-87.84922065,17185.0,2664.930555555556,1.954397394136808,301,279,6,0,273,271,11549,28,0,0,28,8
2020-11-06,US,Illinois,Warren,653,10,0,40.84925021,-90.6147432,17187.0,3876.7513654713844,1.531393568147014,643,627,10,0,617,610,17032,26,0,0,26,17
2020-11-06,US,Illinois,Washington,396,2,0,38.35309213,-89.40982703,17189.0,2851.587815942968,0.5050505050505051,394,379,2,0,377,365,13995,17,0,0,17,14
2020-11-06,US,Illinois,Wayne,622,21,0,38.42955355,-88.42586459,17191.0,3835.95436324391,3.3762057877813505,601,572,19,0,553,555,16332,50,2,0,48,17
2020-11-06,US,Illinois,White,333,6,0,38.08706198,-88.17657461,17193.0,2459.924650956637,1.8018018018018016,327,316,5,0,311,305,13665,17,1,0,16,11
2020-11-06,US,Illinois,Whiteside,2112,49,0,41.75509713,-89.91556058,17195.0,3827.8205709107388,2.3200757575757582,2063,2051,38,0,2013,1975,55626,61,11,0,50,76
2020-11-06,US,Illinois,Will,23279,473,0,41.44619267,-87.97862712,17197.0,3370.139111073149,2.0318742214012633,22806,22323,452,0,21871,21795,692310,956,21,0,935,528
2020-11-06,US,Illinois,Williamson,2295,66,0,37.73033511,-88.92994027,17199.0,3446.1011757286365,2.8758169934640523,2229,2226,65,0,2161,2180,67056,69,1,0,68,46
2020-11-06,US,Illinois,Winnebago,13015,207,0,42.33641854,-89.16085327,17201.0,4605.905751454498,1.5904725316941988,12808,12589,195,0,12394,12258,284081,426,12,0,414,331
2020-11-06,US,Illinois,Woodford,903,18,0,40.78579374,-89.20973757,17203.0,2347.9549650276917,1.9933554817275747,885,873,17,0,856,844,38463,30,1,0,29,29
2020-11-06,US,Indiana,Adams,822,10,0,40.7457653,-84.93671406,18001.0,2297.5654750258545,1.2165450121654502,812,797,10,0,787,779,35636,25,0,0,25,18
2020-11-06,US,Indiana,Allen,10789,244,0,41.09194313,-85.06800636,18003.0,2844.457802419727,2.261562702752804,10545,10442,243,0,10199,10191,375351,347,1,0,346,251
2020-11-06,US,Indiana,Bartholomew,1754,59,0,39.20744865,-85.89558181,18005.0,2093.6034089688346,3.3637400228050174,1695,1728,59,0,1669,1685,82753,26,0,0,26,43
2020-11-06,US,Indiana,Benton,135,1,0,40.60626947,-87.31093999,18007.0,1543.20987654321,0.7407407407407407,134,132,1,0,131,131,8653,3,0,0,3,1
2020-11-06,US,Indiana,Blackford,314,6,0,40.47388153,-85.32499702,18009.0,2670.5221976526623,1.9108280254777068,308,304,6,0,298,297,11930,10,0,0,10,7
2020-11-06,US,Indiana,Boone,1556,51,0,40.0509304,-86.46841646,18011.0,2293.5306516516075,3.2776349614395888,1505,1534,51,0,1483,1497,66999,22,0,0,22,37
2020-11-06,US,Indiana,Brown,179,3,0,39.19605589,-86.22868909,18013.0,1186.0588391200636,1.675977653631285,176,172,3,0,169,167,15234,7,0,0,7,5
2020-11-06,US,Indiana,Carroll,442,13,0,40.580783200000006,-86.56198812,18015.0,2181.961790985832,2.9411764705882355,429,439,13,0,426,422,20127,3,0,0,3,17
2020-11-06,US,Indiana,Cass,2527,26,0,40.76135835,-86.34830753,18017.0,6704.874101196636,1.0288880094974278,2501,2513,26,0,2487,2462,37955,14,0,0,14,51
2020-11-06,US,Indiana,Clark,3539,67,0,38.48015445,-85.70510334,18019.0,2991.4963398759114,1.8931901667137612,3472,3486,67,0,3419,3427,117360,53,0,0,53,59
2020-11-06,US,Indiana,Clay,628,18,0,39.39561833,-87.11723506,18021.0,2394.661582459485,2.8662420382165603,610,603,16,0,587,578,26170,25,2,0,23,25
2020-11-06,US,Indiana,Clinton,1187,17,0,40.30319754,-86.47277257,18023.0,3663.6933238680213,1.4321819713563606,1170,1175,17,0,1158,1128,32250,12,0,0,12,47
2020-11-06,US,Indiana,Crawford,194,1,0,38.28814402,-86.44518825,18025.0,1834.1684787747,0.5154639175257731,193,192,1,0,191,186,10558,2,0,0,2,6
2020-11-06,US,Indiana,Daviess,1089,37,0,38.70186039,-87.07185406,18027.0,3265.269407214177,3.3976124885215797,1052,1067,37,0,1030,1056,33147,22,0,0,22,11
2020-11-06,US,Indiana,DeKalb,1052,14,0,41.39804622,-84.99906934,18033.0,2419.781483611271,1.3307984790874523,1038,1023,14,0,1009,989,43226,29,0,0,29,34
2020-11-06,US,Indiana,Dearborn,1268,28,0,39.14647946,-84.97333539,18029.0,2563.7914998584656,2.2082018927444795,1240,1246,29,0,1217,1206,49568,22,-1,0,23,40
2020-11-06,US,Indiana,Decatur,728,39,0,39.30712658,-85.50087166,18031.0,2741.067058247675,5.357142857142857,689,704,39,0,665,673,26794,24,0,0,24,31
2020-11-06,US,Indiana,Delaware,3606,87,0,40.22787247,-85.39732772,18035.0,3159.4164804836378,2.4126455906821964,3519,3546,86,0,3460,3501,114772,60,1,0,59,45
2020-11-06,US,Indiana,Dubois,1802,29,0,38.36597551,-86.87924170000002,18037.0,4216.585548483714,1.6093229744728081,1773,1759,29,0,1730,1723,42565,43,0,0,43,36
2020-11-06,US,Indiana,Elkhart,11448,161,0,41.59761169,-85.85875695,18039.0,5548.097566649381,1.4063591893780574,11287,11186,157,0,11029,10968,205560,262,4,0,258,218
2020-11-06,US,Indiana,Fayette,1058,26,0,39.63684962,-85.17797541,18041.0,4579.690070123799,2.457466918714556,1032,1038,26,0,1012,1007,23047,20,0,0,20,31
2020-11-06,US,Indiana,Floyd,2186,71,0,38.32117957,-85.90385377,18043.0,2783.93316522758,3.247941445562672,2115,2158,71,0,2087,2117,77781,28,0,0,28,41
2020-11-06,US,Indiana,Fountain,457,4,0,40.12361933,-87.24217689,18045.0,2795.7910192095924,0.8752735229759301,453,441,4,0,437,428,16351,16,0,0,16,13
2020-11-06,US,Indiana,Franklin,433,26,0,39.4142482,-85.06062647,18047.0,1902.6276474206875,6.0046189376443415,407,426,26,0,400,421,22736,7,0,0,7,5
2020-11-06,US,Indiana,Fulton,498,13,0,41.0469907,-86.26252745,18049.0,2493.2412135776513,2.6104417670682727,485,477,13,0,464,463,20092,21,0,0,21,14
2020-11-06,US,Indiana,Gibson,1150,12,0,38.30393723,-87.58054938,18051.0,3416.6196262515227,1.0434782608695652,1138,1111,12,0,1099,1088,33452,39,0,0,39,23
2020-11-06,US,Indiana,Grant,1609,43,0,40.51587228,-85.65468702,18053.0,2446.441332542687,2.672467371037912,1566,1579,43,0,1536,1542,65936,30,0,0,30,37
2020-11-06,US,Indiana,Greene,694,44,0,39.03630547,-86.96223202,18055.0,2174.049245034773,6.340057636887607,650,676,41,0,635,664,32006,18,3,0,15,12
2020-11-06,US,Indiana,Hamilton,7922,132,0,40.07306535,-86.05244729,18057.0,2343.7107076396924,1.6662458975006311,7790,7691,132,0,7559,7471,330086,231,0,0,231,220
2020-11-06,US,Indiana,Hancock,1549,45,0,39.82304555,-85.77566351,18059.0,1981.6293112271005,2.9051000645577787,1504,1496,45,0,1451,1449,76351,53,0,0,53,47
2020-11-06,US,Indiana,Harrison,948,24,0,38.19467379,-86.10948271,18061.0,2339.8741206960385,2.5316455696202533,924,938,24,0,914,929,40350,10,0,0,10,9
2020-11-06,US,Indiana,Hendricks,3930,144,0,39.76719009,-86.51037283,18063.0,2307.543259096594,3.66412213740458,3786,3868,146,0,3722,3808,167009,62,-2,0,64,60
2020-11-06,US,Indiana,Henry,1712,30,0,39.93029017,-85.39625719,18065.0,3568.7484365880096,1.7523364485981308,1682,1674,30,0,1644,1615,48271,38,0,0,38,59
2020-11-06,US,Indiana,Howard,1994,70,0,40.48527731,-86.11351892,18067.0,2415.681333591781,3.5105315947843527,1924,1946,69,0,1877,1899,82366,48,1,0,47,47
2020-11-06,US,Indiana,Huntington,634,6,0,40.82907273,-85.48822092,18069.0,1736.0350492880616,0.946372239747634,628,607,6,0,601,605,36240,27,0,0,27,2
2020-11-06,US,Indiana,Jackson,1413,22,0,38.90915820000001,-86.03851889,18071.0,3194.592028215505,1.5569709837225758,1391,1391,22,0,1369,1368,44111,22,0,0,22,23
2020-11-06,US,Indiana,Jasper,925,6,0,41.02078733,-87.11553319,18073.0,2756.093200643585,0.6486486486486487,919,909,6,0,903,888,33370,16,0,0,16,21
2020-11-06,US,Indiana,Jay,512,7,0,40.43781032,-85.00576229,18075.0,2505.3826580544132,1.3671875,505,491,7,0,484,473,20764,21,0,0,21,18
2020-11-06,US,Indiana,Jefferson,522,6,0,38.78576239,-85.43633383,18077.0,1615.6988981057325,1.1494252873563218,516,514,6,0,508,497,32208,8,0,0,8,17
2020-11-06,US,Indiana,Jennings,484,13,0,38.99588883,-85.62710784,18079.0,1745.0874346493601,2.6859504132231407,471,480,13,0,467,472,27611,4,0,0,4,8
2020-11-06,US,Indiana,Johnson,3957,153,0,39.48994426,-86.10149107,18081.0,2501.786086857562,3.866565579984837,3804,3881,152,0,3729,3791,156225,76,1,0,75,90
2020-11-06,US,Indiana,Knox,1095,12,0,38.68861576,-87.4194665,18083.0,2992.293818658797,1.095890410958904,1083,1026,12,0,1014,1000,36895,69,0,0,69,26
2020-11-06,US,Indiana,Kosciusko,2696,32,0,41.24521668,-85.86312322,18085.0,3393.072895690697,1.1869436201780414,2664,2600,32,0,2568,2555,79344,96,0,0,96,45
2020-11-06,US,Indiana,LaGrange,976,18,0,41.64232188,-85.42674232,18087.0,2463.775432927753,1.8442622950819672,958,951,17,0,934,930,39330,25,1,0,24,21
2020-11-06,US,Indiana,LaPorte,2951,71,0,41.54366008,-86.74072188,18091.0,2685.4615608619683,2.4059640799728905,2880,2877,69,0,2808,2779,110007,74,2,0,72,98
2020-11-06,US,Indiana,Lake,17926,389,0,41.41874274,-87.38277575,18089.0,3692.329240586373,2.170032355238201,17537,17487,387,0,17100,16965,484411,439,2,0,437,522
2020-11-06,US,Indiana,Lawrence,1219,41,0,38.84112637,-86.48361629,18093.0,2686.7974432444353,3.3634126333059884,1178,1181,41,0,1140,1158,45668,38,0,0,38,23
2020-11-06,US,Indiana,Madison,3131,107,0,40.16143691,-85.71964711,18095.0,2416.4730761216033,3.4174385180453535,3024,3080,105,0,2975,2973,129641,51,2,0,49,107
2020-11-06,US,Indiana,Marion,29451,801,0,39.78163624,-86.13826325,18097.0,3053.2396416271504,2.7197718243862687,28650,29049,800,0,28249,28669,954670,402,1,0,401,380
2020-11-06,US,Indiana,Marshall,1872,32,0,41.32467367,-86.26185087,18099.0,4046.8675688529547,1.709401709401709,1840,1796,31,0,1765,1777,46248,76,1,0,75,19
2020-11-06,US,Indiana,Martin,236,0,0,38.7099921,-86.80373186,18101.0,2301.316431009264,0.0,236,231,0,0,231,222,10217,5,0,0,5,9
2020-11-06,US,Indiana,Miami,895,5,0,40.76940965,-86.04525048,18103.0,2519.990989976349,0.5586592178770949,890,858,5,0,853,833,35567,37,0,0,37,25
2020-11-06,US,Indiana,Monroe,3794,42,0,39.16130004,-86.52414358,18105.0,2556.069823689121,1.1070110701107012,3752,3711,41,0,3670,3672,146917,83,1,0,82,39
2020-11-06,US,Indiana,Montgomery,820,22,0,40.04034823,-86.89335024,18107.0,2138.8700506025352,2.6829268292682933,798,794,22,0,772,777,38346,26,0,0,26,17
2020-11-06,US,Indiana,Morgan,1247,41,0,39.47899078,-86.44573375,18109.0,1769.0703514023464,3.287890938251804,1206,1198,41,0,1157,1168,70116,49,0,0,49,30
2020-11-06,US,Indiana,Newton,333,12,0,40.95610449,-87.39635768,18111.0,2381.29290617849,3.603603603603604,321,322,12,0,310,302,14011,11,0,0,11,20
2020-11-06,US,Indiana,Noble,1544,35,0,41.39672484,-85.41966713,18113.0,3233.9142091152808,2.266839378238342,1509,1484,35,0,1449,1466,47532,60,0,0,60,18
2020-11-06,US,Indiana,Ohio,159,7,0,38.955304999999996,-84.96515993,18115.0,2706.3829787234044,4.402515723270441,152,159,7,0,152,157,5844,0,0,0,0,2
2020-11-06,US,Indiana,Orange,492,26,0,38.54118920000001,-86.49523093,18117.0,2504.326580474397,5.284552845528455,466,486,26,0,460,472,19489,6,0,0,6,14
2020-11-06,US,Indiana,Owen,302,1,0,39.31145587,-86.83900724,18119.0,1451.9928842732825,0.3311258278145696,301,292,1,0,291,277,20845,10,0,0,10,15
2020-11-06,US,Indiana,Parke,322,6,0,39.77202286,-87.20375833,18121.0,1901.1631339670544,1.8633540372670807,316,308,5,0,303,303,16927,14,1,0,13,5
2020-11-06,US,Indiana,Perry,595,16,0,38.07809328,-86.63741946,18123.0,3103.9699514841673,2.6890756302521006,579,578,15,0,563,572,19102,17,1,0,16,6
2020-11-06,US,Indiana,Pike,408,18,0,38.40112197,-87.23574907,18125.0,3293.244006780208,4.411764705882354,390,401,18,0,383,398,12410,7,0,0,7,3
2020-11-06,US,Indiana,Porter,4715,61,0,41.45986947,-87.06848888,18127.0,2767.197412978537,1.293743372216331,4654,4561,60,0,4501,4367,169594,154,1,0,153,194
2020-11-06,US,Indiana,Posey,919,11,0,38.02097333,-87.86480429,18129.0,3614.2682974790578,1.1969532100108813,908,902,11,0,891,891,25540,17,0,0,17,11
2020-11-06,US,Indiana,Pulaski,234,7,0,41.04166107,-86.69890683,18131.0,1894.276693920505,2.9914529914529915,227,226,7,0,219,219,12469,8,0,0,8,7
2020-11-06,US,Indiana,Putnam,891,21,0,39.66437981,-86.84517605,18133.0,2371.1943793911005,2.356902356902357,870,875,20,0,855,864,37779,16,1,0,15,11
2020-11-06,US,Indiana,Randolph,634,12,0,40.15734772,-85.01139319,18135.0,2570.4439489154674,1.892744479495268,622,606,12,0,594,567,24851,28,0,0,28,39
2020-11-06,US,Indiana,Ripley,672,11,0,39.10235626,-85.26212744,18137.0,2372.5462505295864,1.636904761904762,661,649,10,0,639,615,28523,23,1,0,22,34
2020-11-06,US,Indiana,Rush,348,5,0,39.62002287,-85.4655599,18139.0,2098.7877691333456,1.4367816091954022,343,327,5,0,322,321,16663,21,0,0,21,6
2020-11-06,US,Indiana,Scott,649,16,0,38.68672078,-85.74627859,18143.0,2718.5523394629918,2.4653312788906008,633,641,16,0,625,628,23878,8,0,0,8,13
2020-11-06,US,Indiana,Shelby,1174,46,0,39.52305623,-85.79158570000001,18145.0,2624.69538777974,3.9182282793867116,1128,1139,45,0,1094,1099,44593,35,1,0,34,40
2020-11-06,US,Indiana,Spencer,527,6,0,38.01519732,-87.0079644,18147.0,2599.0037974059287,1.1385199240986716,521,510,6,0,504,501,20327,17,0,0,17,9
2020-11-06,US,Indiana,St. Joseph,11522,184,0,41.61756781,-86.29040834,18141.0,4238.740959290134,1.5969449748307585,11338,11314,183,0,11131,11137,270771,208,1,0,207,177
2020-11-06,US,Indiana,Starke,608,11,0,41.27890281,-86.64686895,18149.0,2644.05305501196,1.8092105263157892,597,587,11,0,576,574,22935,21,0,0,21,13
2020-11-06,US,Indiana,Steuben,845,10,0,41.64423868,-85.00101094,18151.0,2442.6201075330982,1.183431952662722,835,825,10,0,815,796,34586,20,0,0,20,29
2020-11-06,US,Indiana,Sullivan,526,14,0,39.08952258,-87.41414469,18153.0,2544.873965842566,2.661596958174905,512,521,14,0,507,507,20690,5,0,0,5,14
2020-11-06,US,Indiana,Switzerland,134,0,0,38.82767338,-85.03022429,18155.0,1246.3956841224071,0.0,134,128,0,0,128,116,10717,6,0,0,6,12
2020-11-06,US,Indiana,Tippecanoe,5137,19,0,40.38872739,-86.89413959,18157.0,2624.5069789303743,0.3698656803581857,5118,5003,18,0,4985,4816,193048,134,1,0,133,187
2020-11-06,US,Indiana,Tipton,335,23,0,40.31123252,-86.05234925,18159.0,2211.5130710324797,6.865671641791044,312,330,23,0,307,323,15128,5,0,0,5,7
2020-11-06,US,Indiana,Unassigned,0,241,0,0.0,0.0,90018.0,0.0,0.0,-241,0,242,0,-242,0,,0,-1,0,1,0
2020-11-06,US,Indiana,Union,158,0,0,39.62550777,-84.92497066,18161.0,2239.8639070031186,0.0,158,151,0,0,151,145,7037,7,0,0,7,6
2020-11-06,US,Indiana,Vanderburgh,7158,88,0,38.02658833,-87.58763124,18163.0,3944.8666582162678,1.2293936853869796,7070,6981,84,0,6897,6915,180974,177,4,0,173,66
2020-11-06,US,Indiana,Vermillion,342,2,0,39.8523352,-87.46160542,18165.0,2206.7363530778166,0.5847953216374269,340,334,2,0,332,327,15479,8,0,0,8,7
2020-11-06,US,Indiana,Vigo,3428,55,0,39.42944561,-87.39169027,18167.0,3202.6009454586224,1.604434072345391,3373,3357,52,0,3305,3252,107386,71,3,0,68,105
2020-11-06,US,Indiana,Wabash,719,13,0,40.84704239,-85.79328272,18169.0,2319.654148922441,1.8080667593880388,706,676,12,0,664,661,31280,43,1,0,42,15
2020-11-06,US,Indiana,Warren,138,1,0,40.34728141,-87.35602659,18171.0,1669.6914700544464,0.7246376811594203,137,132,1,0,131,126,8263,6,0,0,6,6
2020-11-06,US,Indiana,Warrick,2397,67,0,38.08922676,-87.2716085,18173.0,3804.88269468872,2.795160617438465,2330,2323,67,0,2256,2296,62567,74,0,0,74,27
2020-11-06,US,Indiana,Washington,462,4,0,38.60219804,-86.1049363,18175.0,1647.8812954772436,0.8658008658008658,458,455,3,0,452,447,27943,7,1,0,6,8
2020-11-06,US,Indiana,Wayne,1939,39,0,39.863344399999995,-85.01044989,18177.0,2943.0514237144066,2.0113460546673543,1900,1896,39,0,1857,1823,65936,43,0,0,43,73
2020-11-06,US,Indiana,Wells,643,15,0,40.72934187,-85.22132966,18179.0,2272.40599378004,2.3328149300155516,628,608,15,0,593,585,28206,35,0,0,35,23
2020-11-06,US,Indiana,White,767,17,0,40.74911165,-86.86492015,18181.0,3182.3085221143474,2.216427640156453,750,751,17,0,734,741,24133,16,0,0,16,10
2020-11-06,US,Indiana,Whitley,692,6,0,41.13863784,-85.50791236,18183.0,2037.451419149688,0.8670520231213873,686,659,6,0,653,619,34074,33,0,0,33,40
2020-11-06,US,Iowa,Adair,261,3,0,41.33075609,-94.47105874,19001.0,3649.328859060402,1.1494252873563218,258,257,3,0,254,251,7063,4,0,0,4,6
2020-11-06,US,Iowa,Adams,93,1,0,41.02903567,-94.69932645,19003.0,2581.8989450305385,1.075268817204301,92,93,1,0,92,91,3645,0,0,0,0,2
2020-11-06,US,Iowa,Allamakee,480,9,0,43.28383218,-91.37860922,19005.0,3506.977423832833,1.875,471,474,9,0,465,455,13832,6,0,0,6,19
2020-11-06,US,Iowa,Appanoose,361,3,0,40.74324454,-92.86865906,19007.0,2905.1987767584096,0.8310249307479224,358,346,3,0,343,315,12437,15,0,0,15,31
2020-11-06,US,Iowa,Audubon,220,1,0,41.6844628,-94.90581859,19009.0,4002.911208151383,0.4545454545454545,219,217,1,0,216,212,5506,3,0,0,3,5
2020-11-06,US,Iowa,Benton,885,6,0,42.08011739,-92.06463573,19011.0,3450.965100409437,0.6779661016949152,879,845,6,0,839,785,25642,40,0,0,40,60
2020-11-06,US,Iowa,Black Hawk,7236,107,0,42.4704581,-92.30524729,19013.0,5514.067119821989,1.4787175234936432,7129,7053,107,0,6946,6793,132408,183,0,0,183,260
2020-11-06,US,Iowa,Boone,877,10,0,42.03657094,-93.9313999,19015.0,3342.9900129602806,1.1402508551881414,867,859,10,0,849,834,26346,18,0,0,18,25
2020-11-06,US,Iowa,Bremer,994,10,0,42.77461496,-92.31795937,19017.0,3966.1639134945335,1.0060362173038229,984,942,10,0,932,889,24947,52,0,0,52,53
2020-11-06,US,Iowa,Buchanan,642,5,0,42.4709188,-91.83510825,19019.0,3031.8772136953953,0.778816199376947,637,621,5,0,616,594,21199,21,0,0,21,27
2020-11-06,US,Iowa,Buena Vista,2454,13,0,42.73545875,-95.15100162,19021.0,12507.645259938838,0.5297473512632437,2441,2432,12,0,2420,2395,19874,22,1,0,21,37
2020-11-06,US,Iowa,Butler,531,3,0,42.73172833,-92.79015971,19023.0,3677.539995844588,0.5649717514124294,528,502,3,0,499,483,14539,29,0,0,29,19
2020-11-06,US,Iowa,Calhoun,468,5,0,42.38521079,-94.64046046,19025.0,4840.711625982623,1.0683760683760684,463,413,5,0,408,396,9699,55,0,0,55,17
2020-11-06,US,Iowa,Carroll,1399,13,0,42.03617207,-94.86032705,19027.0,6937.763451524919,0.9292351679771264,1386,1353,13,0,1340,1324,20154,46,0,0,46,29
2020-11-06,US,Iowa,Cass,560,10,0,41.33149454,-94.92792482,19029.0,4362.729822374571,1.7857142857142858,550,544,7,0,537,531,12930,16,3,0,13,13
2020-11-06,US,Iowa,Cedar,626,8,0,41.77233777,-91.13246684,19031.0,3360.712943576529,1.2779552715654952,618,602,8,0,594,575,18627,24,0,0,24,27
2020-11-06,US,Iowa,Cerro Gordo,1886,29,0,43.08177563,-93.2612239,19033.0,4442.873969375736,1.5376458112407212,1857,1826,29,0,1797,1722,42647,60,0,0,60,104
2020-11-06,US,Iowa,Cherokee,506,3,0,42.73538914,-95.62389402,19035.0,4503.782821539831,0.5928853754940712,503,498,3,0,495,474,11321,8,0,0,8,24
2020-11-06,US,Iowa,Chickasaw,447,1,0,43.06001295,-92.31773347,19037.0,3745.914690354479,0.22371364653243847,446,435,1,0,434,426,11964,12,0,0,12,9
2020-11-06,US,Iowa,Clarke,389,3,0,41.02868181,-93.78499767,19039.0,4140.500266098989,0.7712082262210797,386,386,3,0,383,375,9423,3,0,0,3,11
2020-11-06,US,Iowa,Clay,679,4,0,43.08247182,-95.15096481,19041.0,4239.5104895104905,0.5891016200294551,675,660,4,0,656,624,16134,19,0,0,19,36
2020-11-06,US,Iowa,Clayton,659,4,0,42.84443388,-91.34133693,19043.0,3755.199726480141,0.6069802731411229,655,650,3,0,647,621,17556,9,1,0,8,29
2020-11-06,US,Iowa,Clinton,1845,30,0,41.89981633,-90.53275096,19045.0,3973.8094725279457,1.6260162601626016,1815,1812,30,0,1782,1729,46518,33,0,0,33,83
2020-11-06,US,Iowa,Crawford,1484,15,0,42.03718237,-95.3819718,19047.0,8822.82996432818,1.0107816711590296,1469,1473,15,0,1458,1455,17158,11,0,0,11,18
2020-11-06,US,Iowa,Dallas,4150,51,0,41.68560356,-94.04127625,19049.0,4440.734914876997,1.2289156626506024,4099,4051,51,0,4000,3924,90180,99,0,0,99,127
2020-11-06,US,Iowa,Davis,244,4,0,40.74773536,-92.41005468,19051.0,2711.1111111111113,1.639344262295082,240,237,4,0,233,227,9017,7,0,0,7,10
2020-11-06,US,Iowa,Decatur,212,0,0,40.73742757,-93.78645949,19053.0,2693.773824650572,0.0,212,207,0,0,207,203,7890,5,0,0,5,4
2020-11-06,US,Iowa,Delaware,975,16,0,42.47104597,-91.3664492,19055.0,5731.585444712245,1.641025641025641,959,964,16,0,948,933,17069,11,0,0,11,31
2020-11-06,US,Iowa,Des Moines,1891,13,0,40.92012606,-91.18326592,19057.0,4852.824184566428,0.6874669487043892,1878,1827,13,0,1814,1745,39138,64,0,0,64,82
2020-11-06,US,Iowa,Dickinson,916,9,0,43.37787725,-95.1510206,19059.0,5307.683393208948,0.982532751091703,907,898,9,0,889,873,17153,18,0,0,18,25
2020-11-06,US,Iowa,Dubuque,6457,67,0,42.46815349,-90.88181925,19061.0,6635.426621861867,1.03763357596407,6390,6309,66,0,6243,6125,96854,148,1,0,147,184
2020-11-06,US,Iowa,Emmet,498,21,0,43.37782951,-94.67858943,19063.0,5408.3405734144235,4.216867469879518,477,495,21,0,474,486,9253,3,0,0,3,9
2020-11-06,US,Iowa,Fayette,544,6,0,42.86271799,-91.84412309999999,19065.0,2768.447837150128,1.1029411764705883,538,526,6,0,520,510,19660,18,0,0,18,16
2020-11-06,US,Iowa,Floyd,550,11,0,43.06000529999999,-92.78940097,19067.0,3516.174402250352,2.0,539,534,11,0,523,513,15761,16,0,0,16,21
2020-11-06,US,Iowa,Franklin,450,19,0,42.73270384,-93.26256925,19069.0,4468.718967229394,4.222222222222221,431,438,18,0,420,429,10124,12,1,0,11,9
2020-11-06,US,Iowa,Fremont,243,2,0,40.74542720000001,-95.60129045,19071.0,3491.3793103448274,0.8230452674897121,241,239,2,0,237,234,6993,4,0,0,4,5
2020-11-06,US,Iowa,Greene,252,0,0,42.03614551,-94.39658081,19073.0,2835.283528352835,0.0,252,236,0,0,236,225,8981,16,0,0,16,11
2020-11-06,US,Iowa,Grundy,444,6,0,42.40183723,-92.78829551,19075.0,3629.823413996076,1.351351351351351,438,428,6,0,422,406,12304,16,0,0,16,22
2020-11-06,US,Iowa,Guthrie,489,15,0,41.68378965,-94.50111014,19077.0,4574.796519786697,3.0674846625766867,474,475,15,0,460,467,10720,14,0,0,14,8
2020-11-06,US,Iowa,Hamilton,552,6,0,42.38382428,-93.70197703,19079.0,3736.546402220267,1.0869565217391304,546,533,6,0,527,526,14952,19,0,0,19,7
2020-11-06,US,Iowa,Hancock,497,6,0,43.08178477,-93.73454884,19081.0,4675.446848541863,1.2072434607645874,491,485,6,0,479,463,10712,12,0,0,12,22
2020-11-06,US,Iowa,Hardin,640,7,0,42.38353877,-93.23654611,19083.0,3799.121453163956,1.09375,633,627,7,0,620,609,16868,13,0,0,13,18
2020-11-06,US,Iowa,Harrison,797,21,0,41.68330137,-95.81558439,19085.0,5673.001637127199,2.6348808030112925,776,786,20,0,766,767,14134,11,1,0,10,19
2020-11-06,US,Iowa,Henry,1263,6,0,40.98767962,-91.54436349,19087.0,6329.557983361732,0.4750593824228028,1257,1252,6,0,1246,1226,20067,11,0,0,11,26
2020-11-06,US,Iowa,Howard,321,9,0,43.35671042,-92.31702714,19089.0,3505.132124918104,2.803738317757009,312,311,9,0,302,303,9187,10,0,0,10,8
2020-11-06,US,Iowa,Humboldt,447,3,0,42.7764426,-94.20722537,19091.0,4676.710608913999,0.6711409395973155,444,440,3,0,437,426,9547,7,0,0,7,14
2020-11-06,US,Iowa,Ida,295,3,0,42.38696136,-95.51355387,19093.0,4300.291545189504,1.0169491525423728,292,288,3,0,285,266,6841,7,0,0,7,22
2020-11-06,US,Iowa,Iowa,558,11,0,41.68630265,-92.0643373,19095.0,3447.849728126545,1.971326164874552,547,541,11,0,530,516,16141,17,0,0,17,25
2020-11-06,US,Iowa,Jackson,915,5,0,42.17178824,-90.57354837,19097.0,4707.032254745614,0.5464480874316939,910,881,5,0,876,830,19432,34,0,0,34,51
2020-11-06,US,Iowa,Jasper,1463,34,0,41.68576082,-93.05567785,19099.0,3934.382143337367,2.3239917976760083,1429,1436,34,0,1402,1379,37147,27,0,0,27,57
2020-11-06,US,Iowa,Jefferson,336,1,0,41.03192394,-91.94849466,19101.0,1836.5673681333692,0.2976190476190476,335,323,1,0,322,308,18381,13,0,0,13,15
2020-11-06,US,Iowa,Johnson,6720,33,0,41.67169354,-91.58754744,19103.0,4446.20881302104,0.4910714285714286,6687,6607,33,0,6574,6451,151260,113,0,0,113,156
2020-11-06,US,Iowa,Jones,1262,4,0,42.12118609,-91.13139641,19105.0,6102.219428460906,0.31695721077654515,1258,1159,4,0,1155,661,20744,103,0,0,103,498
2020-11-06,US,Iowa,Keokuk,271,1,0,41.33649833,-92.1785067,19107.0,2644.934608627757,0.3690036900369004,270,261,1,0,260,246,10225,10,0,0,10,15
2020-11-06,US,Iowa,Kossuth,572,1,0,43.20405458,-94.20691791,19109.0,3861.473030446229,0.17482517482517482,571,563,1,0,562,550,14908,9,0,0,9,13
2020-11-06,US,Iowa,Lee,1237,13,0,40.64181461,-91.48183025,19111.0,3675.312713551416,1.0509296685529508,1224,1199,13,0,1186,1148,34055,38,0,0,38,51
2020-11-06,US,Iowa,Linn,8014,139,0,42.07923082,-91.59809485,19113.0,3534.974813194181,1.7344646867981033,7875,7675,137,0,7538,7238,225909,339,2,0,337,437
2020-11-06,US,Iowa,Louisa,611,15,0,41.21842119,-91.26102611,19115.0,5536.927956502039,2.4549918166939437,596,596,15,0,581,582,11169,15,0,0,15,14
2020-11-06,US,Iowa,Lucas,242,6,0,41.02958964,-93.32780803,19117.0,2813.953488372093,2.479338842975207,236,238,6,0,232,228,8645,4,0,0,4,10
2020-11-06,US,Iowa,Lyon,627,8,0,43.38107862,-96.20926845,19119.0,5333.900467886006,1.2759170653907497,619,623,8,0,615,610,11811,4,0,0,4,13
2020-11-06,US,Iowa,Madison,434,4,0,41.33081904,-94.01554631,19121.0,2656.383890317052,0.9216589861751152,430,425,4,0,421,412,16249,9,0,0,9,13
2020-11-06,US,Iowa,Mahaska,869,25,0,41.33521503,-92.64083907,19123.0,3933.016519574565,2.87686996547756,844,848,25,0,823,821,22000,21,0,0,21,27
2020-11-06,US,Iowa,Marion,1292,13,0,41.33445101,-93.09934783,19125.0,3885.3637265810603,1.0061919504643964,1279,1267,12,0,1255,1210,33407,25,1,0,24,57
2020-11-06,US,Iowa,Marshall,2473,37,0,42.03586837,-92.99908190000001,19127.0,6281.592115623968,1.4961585119288314,2436,2418,37,0,2381,2354,39981,55,0,0,55,64
2020-11-06,US,Iowa,Mills,556,3,0,41.03299766,-95.61920963,19129.0,3679.925871996823,0.5395683453237411,553,536,3,0,533,500,15063,20,0,0,20,36
2020-11-06,US,Iowa,Mitchell,397,2,0,43.35638371,-92.78887719,19131.0,3750.236160967315,0.5037783375314862,395,367,2,0,365,344,10569,30,0,0,30,23
2020-11-06,US,Iowa,Monona,287,2,0,42.05220391,-95.95743843,19133.0,3331.3987231572837,0.6968641114982579,285,283,2,0,281,280,8679,4,0,0,4,3
2020-11-06,US,Iowa,Monroe,304,12,0,41.02988815,-92.8690667,19135.0,3944.4660698066687,3.947368421052632,292,293,12,0,281,289,7790,11,0,0,11,4
2020-11-06,US,Iowa,Montgomery,246,7,0,41.03018714,-95.15642896,19137.0,2480.5888877684783,2.845528455284553,239,239,7,0,232,230,10003,7,0,0,7,9
2020-11-06,US,Iowa,Muscatine,1776,59,0,41.48370744,-91.11216970000001,19139.0,4162.760172510782,3.322072072072072,1717,1715,59,0,1656,1657,42929,61,0,0,61,58
2020-11-06,US,Iowa,O'Brien,908,18,0,43.08310673,-95.62474482,19141.0,6602.195884534283,1.9823788546255507,890,895,18,0,877,861,13840,13,0,0,13,34
2020-11-06,US,Iowa,Osceola,342,0,0,43.37824276,-95.62422844,19143.0,5740.1812688821765,0.0,342,334,0,0,334,325,6040,8,0,0,8,9
2020-11-06,US,Iowa,Page,602,0,0,40.7393172,-95.1497813,19145.0,3984.907658701264,0.0,602,574,0,0,574,524,15249,28,0,0,28,50
2020-11-06,US,Iowa,Palo Alto,391,2,0,43.08193849,-94.67824621,19147.0,4400.1800585190185,0.5115089514066496,389,378,2,0,376,370,8929,13,0,0,13,8
2020-11-06,US,Iowa,Plymouth,2011,33,0,42.737633,-96.21366621,19149.0,7987.448862056639,1.6409746394828444,1978,1970,33,0,1937,1917,25095,41,0,0,41,53
2020-11-06,US,Iowa,Pocahontas,321,2,0,42.73420133,-94.67862564,19151.0,4849.675177519262,0.6230529595015576,319,312,2,0,310,298,6740,9,0,0,9,14
2020-11-06,US,Iowa,Polk,22359,297,0,41.68679484,-93.57767461,19153.0,4561.562425407162,1.328324164765866,22062,21980,296,0,21684,21391,487204,379,1,0,378,589
2020-11-06,US,Iowa,Pottawattamie,3875,48,0,41.33640314,-95.53907776,19155.0,4157.457674398644,1.238709677419355,3827,3799,47,0,3752,3697,93533,76,1,0,75,102
2020-11-06,US,Iowa,Poweshiek,598,11,0,41.68625425,-92.53155731,19157.0,3231.7336792044957,1.8394648829431441,587,584,11,0,573,564,18699,14,0,0,14,20
2020-11-06,US,Iowa,Ringgold,118,2,0,40.73518949,-94.24368535,19159.0,2411.115651818553,1.6949152542372878,116,115,2,0,113,112,4968,3,0,0,3,3
2020-11-06,US,Iowa,Sac,498,5,0,42.38624071,-95.10547892,19161.0,5122.92973973871,1.0040160642570282,493,488,5,0,483,470,9719,10,0,0,10,18
2020-11-06,US,Iowa,Scott,6043,51,0,41.63935978,-90.61959493,19163.0,3494.2148569181763,0.8439516796293232,5992,5877,51,0,5826,5521,173283,166,0,0,166,356
2020-11-06,US,Iowa,Shelby,480,2,0,41.6850066,-95.31015553,19165.0,4190.675746464118,0.4166666666666667,478,469,2,0,467,458,11578,11,0,0,11,11
2020-11-06,US,Iowa,Sioux,2836,20,0,43.08221074,-96.17675679999999,19167.0,8136.565772486015,0.7052186177715092,2816,2813,20,0,2793,2737,34909,23,0,0,23,76
2020-11-06,US,Iowa,Story,4658,18,0,42.03621213,-93.46499005,19169.0,4796.276655992258,0.3864319450407901,4640,4532,18,0,4514,4417,98105,126,0,0,126,115
2020-11-06,US,Iowa,Tama,1127,38,0,42.07991767,-92.53266945,19171.0,6686.839919306988,3.3717834960070987,1089,1116,38,0,1078,1088,16904,11,0,0,11,28
2020-11-06,US,Iowa,Taylor,304,2,0,40.73710579,-94.69778563,19173.0,4966.508740401895,0.6578947368421053,302,294,2,0,292,288,6191,10,0,0,10,6
2020-11-06,US,Iowa,Unassigned,112,0,0,0.0,0.0,90019.0,0.0,0.0,112,123,0,0,123,100,,-11,0,0,-11,23
2020-11-06,US,Iowa,Union,334,6,0,41.0277278,-94.24234847,19175.0,2728.5352503880404,1.7964071856287425,328,322,6,0,316,314,12359,12,0,0,12,8
2020-11-06,US,Iowa,Van Buren,230,2,0,40.75326764,-91.95017958,19177.0,3265.19023282226,0.8695652173913043,228,225,2,0,223,218,7020,5,0,0,5,7
2020-11-06,US,Iowa,Wapello,1781,64,0,41.03064984,-92.40954728,19179.0,5093.082444450799,3.593486805165637,1717,1749,64,0,1685,1706,35205,32,0,0,32,43
2020-11-06,US,Iowa,Warren,1575,9,0,41.33559454,-93.56007641,19181.0,3060.272801461159,0.5714285714285714,1566,1554,9,0,1545,1497,51056,21,0,0,21,57
2020-11-06,US,Iowa,Washington,826,12,0,41.33577126,-91.71725711,19183.0,3760.528112906897,1.452784503631961,814,810,12,0,798,787,22141,16,0,0,16,23
2020-11-06,US,Iowa,Wayne,217,4,0,40.73969028,-93.32752197,19185.0,3369.0420742120787,1.8433179723502304,213,203,4,0,199,198,6401,14,0,0,14,5
2020-11-06,US,Iowa,Webster,2300,18,0,42.42853483,-94.17987389,19187.0,6405.971479500891,0.7826086956521741,2282,2254,17,0,2237,2176,36277,46,1,0,45,78
2020-11-06,US,Iowa,Winnebago,596,20,0,43.37751174,-93.73407298,19189.0,5756.229476530811,3.355704697986577,576,585,20,0,565,567,10518,11,0,0,11,18
2020-11-06,US,Iowa,Winneshiek,594,9,0,43.29094334,-91.84422722,19191.0,2971.337101695763,1.5151515151515151,585,581,9,0,572,565,20029,13,0,0,13,16
2020-11-06,US,Iowa,Woodbury,8181,102,0,42.38979414,-96.0459439,19193.0,7934.475835782246,1.2467913458012467,8079,8124,102,0,8022,7953,102539,57,0,0,57,171
2020-11-06,US,Iowa,Worth,194,0,0,43.37750768,-93.26087602,19195.0,2628.370139547487,0.0,194,185,0,0,185,175,7453,9,0,0,9,10
2020-11-06,US,Iowa,Wright,884,1,0,42.73305373,-93.73515113,19197.0,7037.096003821049,0.11312217194570134,883,874,1,0,873,841,12690,10,0,0,10,33
2020-11-06,US,Kansas,Allen,175,1,0,37.88582951,-95.30030847,20001.0,1414.827391058291,0.5714285714285714,174,143,1,0,142,143,12444,32,0,0,32,0
2020-11-06,US,Kansas,Anderson,263,0,0,38.21413251,-95.29272815,20003.0,3346.9076100789007,0.0,263,241,0,0,241,241,7878,22,0,0,22,0
2020-11-06,US,Kansas,Atchison,620,7,0,39.53185661,-95.30870026,20005.0,3857.400609718161,1.1290322580645162,613,537,6,0,531,537,16193,83,1,0,82,0
2020-11-06,US,Kansas,Barber,104,0,0,37.2288586,-98.68460053,20007.0,2349.220691213011,0.0,104,69,0,0,69,69,4472,35,0,0,35,0
2020-11-06,US,Kansas,Barton,934,7,0,38.47889676,-98.75636726,20009.0,3623.104076961869,0.7494646680942184,927,934,7,0,927,803,26111,0,0,0,0,131
2020-11-06,US,Kansas,Bourbon,337,3,0,37.85508555,-94.84865997,20011.0,2318.700977019403,0.8902077151335311,334,331,3,0,328,331,14653,6,0,0,6,0
2020-11-06,US,Kansas,Brown,326,6,0,39.82652589,-95.56421698,20013.0,3408.615641990799,1.8404907975460123,320,280,6,0,274,280,9598,46,0,0,46,0
2020-11-06,US,Kansas,Butler,1188,3,0,37.78134351,-96.83878537,20015.0,1775.4928188190286,0.2525252525252525,1185,1116,3,0,1113,1116,66765,72,0,0,72,0
2020-11-06,US,Kansas,Chase,118,3,0,38.30292938,-96.59563862,20017.0,4456.19335347432,2.5423728813559316,115,118,3,0,115,118,2629,0,0,0,0,0
2020-11-06,US,Kansas,Chautauqua,24,0,0,37.14994405,-96.2454192,20019.0,738.4615384615387,0.0,24,24,0,0,24,24,3309,0,0,0,0,0
2020-11-06,US,Kansas,Cherokee,772,7,0,37.16928494,-94.8462897,20021.0,3871.809017503385,0.9067357512953368,765,772,7,0,765,749,20015,0,0,0,0,23
2020-11-06,US,Kansas,Cheyenne,134,6,0,39.78580976,-101.7318201,20023.0,5043.281896876176,4.477611940298506,128,131,6,0,125,131,2660,3,0,0,3,0
2020-11-06,US,Kansas,Clark,77,4,0,37.23577007,-99.81883015,20025.0,3861.584754262789,5.194805194805196,73,69,4,0,65,69,2005,8,0,0,8,0
2020-11-06,US,Kansas,Clay,173,3,0,39.34948772,-97.16518128,20027.0,2161.959510122469,1.7341040462427746,170,168,3,0,165,168,7997,5,0,0,5,0
2020-11-06,US,Kansas,Cloud,270,1,0,39.48028352,-97.64925343,20029.0,3073.0707944457095,0.3703703703703704,269,216,1,0,215,216,8729,54,0,0,54,0
2020-11-06,US,Kansas,Coffey,198,9,0,38.2365018,-95.73379515,20031.0,2420.833842768065,4.545454545454546,189,181,9,0,172,181,8233,17,0,0,17,0
2020-11-06,US,Kansas,Comanche,23,0,0,37.19114520000001,-99.27113247,20033.0,1352.9411764705885,0.0,23,22,0,0,22,22,1748,1,0,0,1,0
2020-11-06,US,Kansas,Cowley,711,10,0,37.23781842,-96.83776647,20035.0,2036.782399449983,1.4064697609001406,701,601,10,0,591,601,35218,110,0,0,110,0
2020-11-06,US,Kansas,Crawford,1608,14,0,37.50675523,-94.85245778,20037.0,4142.408161162347,0.8706467661691543,1594,1608,14,0,1594,1530,39019,0,0,0,0,78
2020-11-06,US,Kansas,Decatur,154,1,0,39.78468441,-100.45940809999999,20039.0,5447.470817120623,0.6493506493506493,153,153,1,0,152,147,2871,1,0,0,1,6
2020-11-06,US,Kansas,Dickinson,447,5,0,38.86600962,-97.15532383,20041.0,2420.6650059568938,1.1185682326621924,442,413,5,0,408,413,18717,34,0,0,34,0
2020-11-06,US,Kansas,Doniphan,227,1,0,39.79067154,-95.14056866,20043.0,2986.842105263158,0.4405286343612335,226,227,1,0,226,227,7682,0,0,0,0,0
2020-11-06,US,Kansas,Douglas,3278,19,0,38.88503636,-95.2925121,20045.0,2681.193204590255,0.5796217205613179,3259,3199,19,0,3180,3119,121436,79,0,0,79,80
2020-11-06,US,Kansas,Edwards,98,0,0,37.88735543,-99.31263309,20047.0,3502.501786990708,0.0,98,90,0,0,90,90,2849,8,0,0,8,0
2020-11-06,US,Kansas,Elk,20,0,0,37.45338105,-96.24369667,20049.0,790.5138339920949,0.0,20,13,0,0,13,13,2508,7,0,0,7,0
2020-11-06,US,Kansas,Ellis,1586,18,0,38.91458712,-99.31751551,20051.0,5554.582705845271,1.1349306431273645,1568,1512,18,0,1494,1512,28710,74,0,0,74,0
2020-11-06,US,Kansas,Ellsworth,444,3,0,38.69677695,-98.20462799,20053.0,7276.30285152409,0.6756756756756757,441,402,1,0,401,402,6196,42,2,0,40,0
2020-11-06,US,Kansas,Finney,3485,20,0,38.04340344,-100.73819379999999,20055.0,9556.585405983493,0.5738880918220947,3465,3396,20,0,3376,3349,36611,89,0,0,89,47
2020-11-06,US,Kansas,Ford,3886,13,0,37.69200114,-99.88825298,20057.0,11558.939885183974,0.33453422542460115,3873,3410,13,0,3397,3410,33888,476,0,0,476,0
2020-11-06,US,Kansas,Franklin,677,5,0,38.56443815,-95.28644341,20059.0,2650.328844347009,0.7385524372230429,672,646,5,0,641,619,25631,31,0,0,31,27
2020-11-06,US,Kansas,Geary,439,4,0,38.99871131,-96.7577178,20061.0,1386.169876855068,0.9111617312072892,435,433,4,0,429,426,32594,6,0,0,6,7
2020-11-06,US,Kansas,Gove,220,19,0,38.91588178,-100.4829321,20063.0,8345.978755690441,8.636363636363637,201,213,18,0,195,213,2612,7,1,0,6,0
2020-11-06,US,Kansas,Graham,70,1,0,39.34987223,-99.88332493,20065.0,2820.3062046736504,1.4285714285714286,69,62,1,0,61,62,2492,8,0,0,8,0
2020-11-06,US,Kansas,Grant,512,8,0,37.56227336,-101.3079758,20067.0,7160.839160839161,1.5625,504,501,8,0,493,486,7336,11,0,0,11,15
2020-11-06,US,Kansas,Gray,211,2,0,37.73836671,-100.4369088,20069.0,3523.714094856379,0.9478672985781992,209,211,2,0,209,211,6033,0,0,0,0,0
2020-11-06,US,Kansas,Greeley,51,0,0,38.4808095,-101.8061079,20071.0,4139.61038961039,0.0,51,51,0,0,51,51,1227,0,0,0,0,0
2020-11-06,US,Kansas,Greenwood,142,0,0,37.8774388,-96.23250453,20073.0,2373.7880307589435,0.0,142,130,0,0,130,130,6055,12,0,0,12,0
2020-11-06,US,Kansas,Hamilton,64,0,0,37.99978709,-101.7921066,20075.0,2520.677432059866,0.0,64,64,0,0,64,64,2607,0,0,0,0,0
2020-11-06,US,Kansas,Harper,191,3,0,37.19175361,-98.07578384,20077.0,3513.612950699044,1.5706806282722514,188,178,3,0,175,178,5506,13,0,0,13,0
2020-11-06,US,Kansas,Harvey,784,8,0,38.04293782,-97.42747573,20079.0,2277.150076969996,1.020408163265306,776,749,8,0,741,716,34210,35,0,0,35,33
2020-11-06,US,Kansas,Haskell,184,1,0,37.562039399999996,-100.8710738,20081.0,4637.096774193548,0.5434782608695652,183,181,1,0,180,181,3997,3,0,0,3,0
2020-11-06,US,Kansas,Hodgeman,83,0,0,38.08780079,-99.89829881,20083.0,4626.532887402453,0.0,83,59,0,0,59,59,1818,24,0,0,24,0
2020-11-06,US,Kansas,Jackson,378,4,0,39.41673394,-95.79356799,20085.0,2869.941538227925,1.058201058201058,374,371,4,0,367,355,13280,7,0,0,7,16
2020-11-06,US,Kansas,Jefferson,355,6,0,39.2347941,-95.38289232,20087.0,1864.202069001733,1.6901408450704225,349,342,6,0,336,342,18975,13,0,0,13,0
2020-11-06,US,Kansas,Jewell,32,1,0,39.78470589,-98.21820662,20089.0,1111.4970475859673,3.125,31,31,1,0,30,31,2841,1,0,0,1,0
2020-11-06,US,Kansas,Johnson,16415,229,0,38.88548175,-94.82250877,20091.0,2724.9290754829426,1.39506548888212,16186,16034,226,0,15808,15668,597555,381,3,0,378,366
2020-11-06,US,Kansas,Kearny,173,6,0,38.00017981,-101.32168100000001,20093.0,4507.55601875977,3.4682080924855487,167,162,6,0,156,162,3943,11,0,0,11,0
2020-11-06,US,Kansas,Kingman,154,3,0,37.55909527,-98.13638678,20095.0,2153.2438478747204,1.9480519480519483,151,144,3,0,141,144,7310,10,0,0,10,0
2020-11-06,US,Kansas,Kiowa,69,0,0,37.55848695,-99.2856537,20097.0,2787.878787878788,0.0,69,69,0,0,69,69,2516,0,0,0,0,0
2020-11-06,US,Kansas,Labette,452,6,0,37.19113093,-95.29849679,20099.0,2304.0065246202466,1.327433628318584,446,452,6,0,446,435,19964,0,0,0,0,17
2020-11-06,US,Kansas,Lane,40,0,0,38.48119447,-100.46607540000001,20101.0,2605.863192182411,0.0,40,35,0,0,35,35,1560,5,0,0,5,0
2020-11-06,US,Kansas,Leavenworth,2749,21,0,39.20183497,-95.03620809,20103.0,3362.362093006189,0.7639141506002183,2728,2695,21,0,2674,2695,81352,54,0,0,54,0
2020-11-06,US,Kansas,Lincoln,23,1,0,39.04549684,-98.20756994,20105.0,776.5023632680621,4.3478260869565215,22,23,1,0,22,23,3023,0,0,0,0,0
2020-11-06,US,Kansas,Linn,145,1,0,38.21267844,-94.84254089,20107.0,1494.3831804596514,0.6896551724137931,144,138,1,0,137,138,9750,7,0,0,7,0
2020-11-06,US,Kansas,Logan,142,0,0,38.91735806,-101.148475,20109.0,5082.319255547602,0.0,142,133,0,0,133,133,2844,9,0,0,9,0
2020-11-06,US,Kansas,Lyon,1542,41,0,38.45576156,-96.15275715,20111.0,4645.277903298689,2.658884565499352,1501,1518,41,0,1477,1453,33406,24,0,0,24,65
2020-11-06,US,Kansas,Marion,183,1,0,38.35855394,-97.09852509999999,20115.0,1539.885560417368,0.5464480874316939,182,162,1,0,161,162,11950,21,0,0,21,0
2020-11-06,US,Kansas,Marshall,113,0,0,39.78359669,-96.52278974,20117.0,1164.1083753991966,0.0,113,86,0,0,86,86,9722,27,0,0,27,0
2020-11-06,US,Kansas,McPherson,597,8,0,38.39184858,-97.64769869,20113.0,2091.6544040361573,1.340033500837521,589,597,8,0,589,539,28537,0,0,0,0,58
2020-11-06,US,Kansas,Meade,154,1,0,37.23859987,-100.36483100000001,20119.0,3818.497396479048,0.6493506493506493,153,149,1,0,148,149,4146,5,0,0,5,0
2020-11-06,US,Kansas,Miami,605,2,0,38.56383358,-94.83832189,20121.0,1767.0940795046295,0.3305785123966942,603,580,2,0,578,580,33680,25,0,0,25,0
2020-11-06,US,Kansas,Mitchell,70,0,0,39.39331582,-98.20906732,20123.0,1170.7643418631876,0.0,70,69,0,0,69,69,6150,1,0,0,1,0
2020-11-06,US,Kansas,Montgomery,706,6,0,37.19236568,-95.74329258,20125.0,2218.102987841277,0.8498583569405099,700,706,6,0,700,706,32120,0,0,0,0,0
2020-11-06,US,Kansas,Morris,85,0,0,38.68827511,-96.65128437,20127.0,1512.455516014235,0.0,85,76,0,0,76,76,5521,9,0,0,9,0
2020-11-06,US,Kansas,Morton,56,2,0,37.19141121,-101.79925190000002,20129.0,2164.6695013529184,3.571428571428572,54,56,2,0,54,56,2667,0,0,0,0,0
2020-11-06,US,Kansas,Nemaha,418,4,0,39.78345387,-96.01392079,20131.0,4085.622128824162,0.9569377990430622,414,418,4,0,414,418,10155,0,0,0,0,0
2020-11-06,US,Kansas,Neosho,349,0,0,37.55862897,-95.30670046,20133.0,2180.2961204473045,0.0,349,349,0,0,349,319,15951,0,0,0,0,30
2020-11-06,US,Kansas,Ness,167,9,0,38.47974157,-99.91547333,20135.0,6072.727272727273,5.389221556886229,158,148,9,0,139,148,2840,19,0,0,19,0
2020-11-06,US,Kansas,Norton,934,20,0,39.78443827,-99.90286639,20137.0,17422.122738295093,2.1413276231263385,914,811,19,0,792,811,5430,123,1,0,122,0
2020-11-06,US,Kansas,Osage,194,5,0,38.65235984,-95.72707998,20139.0,1216.3772023324345,2.5773195876288657,189,187,5,0,182,184,15941,7,0,0,7,3
2020-11-06,US,Kansas,Osborne,26,0,0,39.3503437,-98.76753828,20141.0,760.0116924875767,0.0,26,26,0,0,26,26,3475,0,0,0,0,0
2020-11-06,US,Kansas,Ottawa,128,0,0,39.13237408,-97.65020313,20143.0,2244.039270687237,0.0,128,125,0,0,125,125,5802,3,0,0,3,0
2020-11-06,US,Kansas,Pawnee,440,1,0,38.18108732,-99.23692334,20145.0,6859.993763642033,0.2272727272727273,439,440,1,0,439,440,6562,0,0,0,0,0
2020-11-06,US,Kansas,Phillips,256,9,0,39.78465501,-99.34668865,20147.0,4891.0966755827285,3.515625,247,231,9,0,222,231,5317,25,0,0,25,0
2020-11-06,US,Kansas,Pottawatomie,429,0,0,39.37925655,-96.34564657,20149.0,1759.4225484969033,0.0,429,429,0,0,429,429,24277,0,0,0,0,0
2020-11-06,US,Kansas,Pratt,285,0,0,37.64780729,-98.73922153,20151.0,3109.995635093845,0.0,285,259,0,0,259,259,9378,26,0,0,26,0
2020-11-06,US,Kansas,Rawlins,129,0,0,39.78525843,-101.07616170000001,20153.0,5098.814229249012,0.0,129,102,0,0,102,102,2508,27,0,0,27,0
2020-11-06,US,Kansas,Reno,2718,19,0,37.95230263,-98.08607292,20155.0,4384.012387496371,0.6990434142752023,2699,2602,19,0,2583,2549,62342,116,0,0,116,53
2020-11-06,US,Kansas,Republic,111,1,0,39.82799632,-97.65036709,20157.0,2394.3054357204487,0.9009009009009008,110,104,1,0,103,104,4664,7,0,0,7,0
2020-11-06,US,Kansas,Rice,177,1,0,38.34616184,-98.19992118,20159.0,1855.9295375904373,0.5649717514124294,176,177,1,0,176,172,9531,0,0,0,0,5
2020-11-06,US,Kansas,Riley,2409,12,0,39.28935726,-96.73420026,20161.0,3245.231167151633,0.49813200498132,2397,2323,12,0,2311,2323,73703,86,0,0,86,0
2020-11-06,US,Kansas,Rooks,193,7,0,39.35022773,-99.32484567,20163.0,3922.764227642277,3.6269430051813467,186,172,7,0,165,172,5013,21,0,0,21,0
2020-11-06,US,Kansas,Rush,98,0,0,38.52275276,-99.30863983,20165.0,3227.931488801054,0.0,98,98,0,0,98,98,3093,0,0,0,0,0
2020-11-06,US,Kansas,Russell,243,5,0,38.91462787,-98.76254297,20167.0,3544.3407234539095,2.05761316872428,238,243,5,0,238,225,6907,0,0,0,0,18
2020-11-06,US,Kansas,Saline,1352,16,0,38.78369175,-97.65185177,20169.0,2493.3608734139866,1.183431952662722,1336,1278,14,0,1264,1278,54401,74,2,0,72,0
2020-11-06,US,Kansas,Scott,223,1,0,38.48222076,-100.90665390000001,20171.0,4623.678208583869,0.4484304932735426,222,223,1,0,222,203,4897,0,0,0,0,20
2020-11-06,US,Kansas,Sedgwick,13922,137,0,37.6842718,-97.4608198,20173.0,2697.8424236786927,0.9840540152276972,13785,13568,137,0,13431,13093,513607,354,0,0,354,475
2020-11-06,US,Kansas,Seward,2341,13,0,37.19324632,-100.85072009999999,20175.0,10924.95799887997,0.5553182400683468,2328,2239,13,0,2226,2239,21780,102,0,0,102,0
2020-11-06,US,Kansas,Shawnee,4252,89,0,39.04100763,-95.75572640000001,20177.0,2403.957597173145,2.0931326434619004,4163,4118,85,0,4033,3948,177499,134,4,0,130,170
2020-11-06,US,Kansas,Sheridan,208,0,0,39.35018161,-100.44182590000001,20179.0,8250.694168980563,0.0,208,195,0,0,195,195,2533,13,0,0,13,0
2020-11-06,US,Kansas,Sherman,276,6,0,39.35147699,-101.71976240000001,20181.0,4664.525942200439,2.1739130434782608,270,276,6,0,270,265,5899,0,0,0,0,11
2020-11-06,US,Kansas,Smith,45,0,0,39.78516566,-98.78566062,20183.0,1255.9307842590008,0.0,45,34,0,0,34,34,3603,11,0,0,11,0
2020-11-06,US,Kansas,Stafford,114,1,0,38.03100851,-98.71762001,20185.0,2743.0221366698747,0.8771929824561403,113,104,1,0,103,104,4178,10,0,0,10,0
2020-11-06,US,Kansas,Stanton,54,2,0,37.56304714,-101.78435340000001,20187.0,2691.9242273180453,3.703703703703704,52,53,2,0,51,53,1987,1,0,0,1,0
2020-11-06,US,Kansas,Stevens,282,1,0,37.1923008,-101.3118967,20189.0,5141.294439380127,0.3546099290780142,281,269,1,0,268,269,5559,13,0,0,13,0
2020-11-06,US,Kansas,Sumner,384,4,0,37.23682549,-97.47721621,20191.0,1681.5554387808722,1.0416666666666667,380,346,4,0,342,346,22996,38,0,0,38,0
2020-11-06,US,Kansas,Thomas,455,2,0,39.35107575,-101.0553705,20193.0,5850.585058505851,0.4395604395604396,453,425,2,0,423,425,7711,30,0,0,30,0
2020-11-06,US,Kansas,Trego,128,3,0,38.91467218,-99.87284448,20195.0,4566.5358544416695,2.34375,125,123,3,0,120,123,2793,5,0,0,5,0
2020-11-06,US,Kansas,Wabaunsee,114,1,0,38.95471985,-96.20350509,20197.0,1644.7843024094648,0.8771929824561403,113,106,1,0,105,106,6899,8,0,0,8,0
2020-11-06,US,Kansas,Wallace,89,0,0,38.91686134,-101.76388759999999,20199.0,5862.977602108037,0.0,89,89,0,0,89,78,1503,0,0,0,0,11
2020-11-06,US,Kansas,Washington,86,0,0,39.78420784,-97.08753229999999,20201.0,1590.825009248983,0.0,86,68,0,0,68,68,5420,18,0,0,18,0
2020-11-06,US,Kansas,Wichita,51,0,0,38.48178252,-101.3471509,20203.0,2406.795658329401,0.0,51,47,0,0,47,47,2105,4,0,0,4,0
2020-11-06,US,Kansas,Wilson,149,4,0,37.55937174,-95.74323255,20205.0,1747.8005865102639,2.684563758389262,145,137,4,0,133,137,8665,12,0,0,12,0
2020-11-06,US,Kansas,Woodson,42,0,0,37.8865336,-95.74006277,20207.0,1338.4321223709371,0.0,42,38,0,0,38,38,3183,4,0,0,4,0
2020-11-06,US,Kansas,Wyandotte,8814,166,0,39.11727348,-94.76378225,20209.0,5327.965471592042,1.8833673700930336,8648,8758,166,0,8592,8666,165324,56,0,0,56,92
2020-11-06,US,Kentucky,Adair,532,22,0,37.10459774,-85.28129668,21001.0,2770.544734923445,4.135338345864661,510,530,22,0,508,526,19215,2,0,0,2,4
2020-11-06,US,Kentucky,Allen,589,11,0,36.75197631,-86.19457544,21003.0,2763.3122214403,1.867572156196944,578,582,11,0,571,578,21122,7,0,0,7,4
2020-11-06,US,Kentucky,Anderson,298,1,0,38.00671029,-84.99171713,21005.0,1310.0628654328045,0.3355704697986577,297,290,1,0,289,288,22663,8,0,0,8,2
2020-11-06,US,Kentucky,Ballard,98,1,0,37.05842757,-88.99427697,21007.0,1242.393509127789,1.020408163265306,97,92,1,0,91,88,7979,6,0,0,6,4
2020-11-06,US,Kentucky,Barren,1475,13,0,36.96469836,-85.93338945,21009.0,3333.40866460259,0.8813559322033898,1462,1449,13,0,1436,1403,44176,26,0,0,26,46
2020-11-06,US,Kentucky,Bath,154,1,0,38.14735938,-83.74588932,21011.0,1232.0,0.6493506493506493,153,146,1,0,145,146,12383,8,0,0,8,0
2020-11-06,US,Kentucky,Bell,876,17,0,36.73355174,-83.67766671,21013.0,3365.089121081745,1.9406392694063928,859,861,17,0,844,849,26569,15,0,0,15,12
2020-11-06,US,Kentucky,Boone,2585,25,0,38.97065142,-84.72615357,21015.0,1935.1554487539395,0.9671179883945842,2560,2518,25,0,2493,2463,131533,67,0,0,67,55
2020-11-06,US,Kentucky,Bourbon,361,1,0,38.2054607,-84.21827874,21017.0,1824.3379826157266,0.2770083102493075,360,353,1,0,352,345,20184,8,0,0,8,8
2020-11-06,US,Kentucky,Boyd,838,23,0,38.36176608,-82.68652187,21019.0,1793.7411704268163,2.7446300715990453,815,826,23,0,803,776,47240,12,0,0,12,50
2020-11-06,US,Kentucky,Boyle,531,0,0,37.62680923,-84.8633779,21021.0,1766.4670658682635,0.0,531,521,0,0,521,509,30100,10,0,0,10,12
2020-11-06,US,Kentucky,Bracken,80,1,0,38.69158994,-84.08532444,21023.0,963.5071660845475,1.25,79,79,1,0,78,76,8239,1,0,0,1,3
2020-11-06,US,Kentucky,Breathitt,181,1,0,37.52333168,-83.31959161,21025.0,1433.0958036421218,0.5524861878453039,180,170,1,0,169,162,12726,11,0,0,11,8
2020-11-06,US,Kentucky,Breckinridge,284,3,0,37.77377239,-86.42885017,21027.0,1386.9219123895102,1.056338028169014,281,274,3,0,271,250,20388,10,0,0,10,24
2020-11-06,US,Kentucky,Bullitt,1830,16,0,37.97162523,-85.68955617,21029.0,2240.5602625006118,0.8743169398907104,1814,1753,16,0,1737,1706,81069,77,0,0,77,47
2020-11-06,US,Kentucky,Butler,457,16,0,37.20946153,-86.68748787,21031.0,3548.4121437999847,3.5010940919037203,441,449,16,0,433,444,12772,8,0,0,8,5
2020-11-06,US,Kentucky,Caldwell,359,0,0,37.14749129,-87.86948214,21033.0,2816.3489448497685,0.0,359,354,0,0,354,347,12715,5,0,0,5,7
2020-11-06,US,Kentucky,Calloway,1137,10,0,36.62093411,-88.2731593,21035.0,2915.309863849645,0.8795074758135444,1127,1129,10,0,1119,1104,39135,8,0,0,8,25
2020-11-06,US,Kentucky,Campbell,1637,16,0,38.94384345,-84.37875208,21037.0,1749.2306377158484,0.9773976786805132,1621,1564,16,0,1548,1514,93152,73,0,0,73,50
2020-11-06,US,Kentucky,Carlisle,125,1,0,36.85372876,-88.96692220000001,21039.0,2626.050420168068,0.8,124,123,1,0,122,114,4771,2,0,0,2,9
2020-11-06,US,Kentucky,Carroll,242,6,0,38.66599534,-85.12601074,21041.0,2276.361584046656,2.479338842975207,236,242,6,0,236,239,10737,0,0,0,0,3
2020-11-06,US,Kentucky,Carter,424,4,0,38.31690743,-83.05092385,21043.0,1582.266671642348,0.9433962264150944,420,416,4,0,412,413,27004,8,0,0,8,3
2020-11-06,US,Kentucky,Casey,341,16,0,37.32533118,-84.92726209,21045.0,2110.279101429544,4.6920821114369495,325,335,16,0,319,334,15888,6,0,0,6,1
2020-11-06,US,Kentucky,Christian,2145,31,0,36.89267803,-87.49055367,21047.0,3044.237237620812,1.4452214452214451,2114,2120,31,0,2089,2085,71671,25,0,0,25,35
2020-11-06,US,Kentucky,Clark,607,12,0,37.9689263,-84.14615986,21049.0,1673.8824697349914,1.9769357495881383,595,589,12,0,577,583,36249,18,0,0,18,6
2020-11-06,US,Kentucky,Clay,690,6,0,37.16451126,-83.712575,21051.0,3467.162454148033,0.8695652173913043,684,667,6,0,661,651,20105,23,0,0,23,16
2020-11-06,US,Kentucky,Clinton,265,3,0,36.72581156,-85.13377529,21053.0,2593.4625171266393,1.1320754716981132,262,263,3,0,260,256,10206,2,0,0,2,7
2020-11-06,US,Kentucky,Crittenden,181,1,0,37.35839237,-88.08826090000002,21055.0,2055.416761299114,0.5524861878453039,180,179,1,0,178,179,8915,2,0,0,2,0
2020-11-06,US,Kentucky,Cumberland,160,0,0,36.78926125,-85.39050034,21057.0,2419.110976716057,0.0,160,160,0,0,160,157,6659,0,0,0,0,3
2020-11-06,US,Kentucky,Daviess,2274,33,0,37.73028906,-87.09019479999998,21059.0,2240.1513136507374,1.4511873350923483,2241,2245,33,0,2212,2201,101104,29,0,0,29,44
2020-11-06,US,Kentucky,Edmonson,206,12,0,37.21218923,-86.23955613,21061.0,1695.4732510288065,5.825242718446603,194,200,12,0,188,194,12274,6,0,0,6,6
2020-11-06,US,Kentucky,Elliott,362,0,0,38.11624059,-83.09771563,21063.0,4815.75096448051,0.0,362,351,0,0,351,350,7508,11,0,0,11,1
2020-11-06,US,Kentucky,Estill,326,0,0,37.69241417,-83.95956369,21065.0,2311.073302140933,0.0,326,323,0,0,323,314,14198,3,0,0,3,9
2020-11-06,US,Kentucky,Fayette,12079,94,0,38.0368225,-84.45576892,21067.0,3737.869485567163,0.7782101167315175,11985,11941,94,0,11847,11774,323780,138,0,0,138,167
2020-11-06,US,Kentucky,Fleming,221,0,0,38.36758311,-83.69657514,21069.0,1515.6710788011794,0.0,221,218,0,0,218,213,14432,3,0,0,3,5
2020-11-06,US,Kentucky,Floyd,605,4,0,37.56213922,-82.74750924,21071.0,1699.9634718592824,0.6611570247933884,601,587,4,0,583,551,35845,18,0,0,18,36
2020-11-06,US,Kentucky,Franklin,964,14,0,38.2379395,-84.87962551,21073.0,1890.5297013198408,1.4522821576763485,950,950,14,0,936,941,50815,14,0,0,14,9
2020-11-06,US,Kentucky,Fulton,244,3,0,36.55238827,-89.20140068,21075.0,4087.786898978053,1.2295081967213115,241,243,3,0,240,241,6120,1,0,0,1,2
2020-11-06,US,Kentucky,Gallatin,137,8,0,38.75398691,-84.8558382,21077.0,1544.7062803021759,5.8394160583941614,129,137,8,0,129,134,8832,0,0,0,0,3
2020-11-06,US,Kentucky,Garrard,381,4,0,37.638866799999995,-84.53289319,21079.0,2156.685157930488,1.0498687664041997,377,379,4,0,375,375,17560,2,0,0,2,4
2020-11-06,US,Kentucky,Grant,333,6,0,38.64962758,-84.62415957,21081.0,1328.333798715545,1.8018018018018016,327,316,6,0,310,304,25121,17,0,0,17,12
2020-11-06,US,Kentucky,Graves,1042,30,0,36.72292505,-88.65143315,21083.0,2796.1144206515332,2.8790786948176583,1012,1011,30,0,981,987,37317,31,0,0,31,24
2020-11-06,US,Kentucky,Grayson,623,16,0,37.46231118,-86.34248968,21085.0,2357.437469254929,2.5682182985553768,607,615,16,0,599,587,26321,8,0,0,8,28
2020-11-06,US,Kentucky,Green,362,8,0,37.26484328,-85.5540745,21087.0,3308.6555159491827,2.209944751381216,354,354,8,0,346,350,11049,8,0,0,8,4
2020-11-06,US,Kentucky,Greenup,754,12,0,38.54332505,-82.9215658,21089.0,2148.270556726879,1.5915119363395225,742,742,12,0,730,718,35268,12,0,0,12,24
2020-11-06,US,Kentucky,Hancock,182,5,0,37.83766422,-86.78280584,21091.0,2086.677367576244,2.7472527472527477,177,177,5,0,172,172,8758,5,0,0,5,5
2020-11-06,US,Kentucky,Hardin,2569,17,0,37.6976111,-85.96319251,21093.0,2315.290470268029,0.6617360840794083,2552,2486,15,0,2471,2406,110356,83,2,0,81,80
2020-11-06,US,Kentucky,Harlan,671,14,0,36.85699301,-83.21899516,21095.0,2579.777008842753,2.0864381520119224,657,664,14,0,650,655,26409,7,0,0,7,9
2020-11-06,US,Kentucky,Harrison,301,1,0,38.44188174,-84.32869741,21097.0,1593.7731653076353,0.3322259136212625,300,295,1,0,294,293,18778,6,0,0,6,2
2020-11-06,US,Kentucky,Hart,553,1,0,37.29943898,-85.88461055,21099.0,2905.1746782243235,0.18083182640144665,552,531,1,0,530,514,18906,22,0,0,22,17
2020-11-06,US,Kentucky,Henderson,1500,29,0,37.79344553,-87.57392021,21101.0,3317.8500331785003,1.9333333333333331,1471,1477,29,0,1448,1456,45591,23,0,0,23,21
2020-11-06,US,Kentucky,Henry,338,2,0,38.44942688,-85.11587507,21103.0,2095.9940468808136,0.591715976331361,336,333,2,0,331,330,16106,5,0,0,5,3
2020-11-06,US,Kentucky,Hickman,129,1,0,36.67948079999999,-88.97875928,21105.0,2945.205479452055,0.7751937984496124,128,128,1,0,127,127,4421,1,0,0,1,1
2020-11-06,US,Kentucky,Hopkins,1212,43,0,37.30939025,-87.54670406,21107.0,2712.258873025109,3.5478547854785485,1169,1182,43,0,1139,1162,45068,30,0,0,30,20
2020-11-06,US,Kentucky,Jackson,536,17,0,37.41866422,-83.99825483,21109.0,4021.3069247505437,3.1716417910447765,519,529,17,0,512,525,13442,7,0,0,7,4
2020-11-06,US,Kentucky,Jefferson,25650,387,0,38.18664655,-85.65931031,21111.0,3345.2580152512464,1.5087719298245614,25263,25252,387,0,24865,24822,770517,398,0,0,398,430
2020-11-06,US,Kentucky,Jessamine,1128,17,0,37.87119786,-84.58252003,21113.0,2084.4497828698145,1.5070921985815602,1111,1118,15,0,1103,1090,53920,10,2,0,8,28
2020-11-06,US,Kentucky,Johnson,463,2,0,37.85106355,-82.8264322,21115.0,2086.7135388498286,0.4319654427645788,461,440,2,0,438,436,22386,23,0,0,23,4
2020-11-06,US,Kentucky,Kenton,3350,51,0,38.93950319,-84.53241199,21117.0,2006.0120480484795,1.5223880597014925,3299,3243,51,0,3192,3149,166051,107,0,0,107,94
2020-11-06,US,Kentucky,Knott,399,7,0,37.35388197,-82.94981134,21119.0,2694.8534377954884,1.7543859649122806,392,392,7,0,385,387,15126,7,0,0,7,5
2020-11-06,US,Kentucky,Knox,979,10,0,36.89225732,-83.85403396,21121.0,3143.361695296195,1.0214504596527068,969,962,10,0,952,942,31304,17,0,0,17,20
2020-11-06,US,Kentucky,Larue,356,1,0,37.54567114,-85.70138352,21123.0,2472.565634115849,0.2808988764044944,355,347,1,0,346,338,14307,9,0,0,9,9
2020-11-06,US,Kentucky,Laurel,1763,11,0,37.10975748,-84.11321779,21125.0,2899.0511897127253,0.6239364719228587,1752,1722,9,0,1713,1689,60669,41,2,0,39,33
2020-11-06,US,Kentucky,Lawrence,188,0,0,38.07136018,-82.72882223,21127.0,1227.394398380884,0.0,188,179,0,0,179,179,15571,9,0,0,9,0
2020-11-06,US,Kentucky,Lee,197,7,0,37.59645942,-83.71513901,21129.0,2661.083344590031,3.5532994923857872,190,189,7,0,182,189,7033,8,0,0,8,0
2020-11-06,US,Kentucky,Leslie,157,1,0,37.09246661,-83.37999606,21131.0,1589.5514832439,0.6369426751592356,156,156,1,0,155,151,10143,1,0,0,1,5
2020-11-06,US,Kentucky,Letcher,347,2,0,37.12306748,-82.85346474,21133.0,1609.9846889064165,0.5763688760806917,345,341,2,0,339,332,21899,6,0,0,6,9
2020-11-06,US,Kentucky,Lewis,366,17,0,38.53184419,-83.37735618,21135.0,2757.062146892655,4.644808743169398,349,359,17,0,342,345,13257,7,0,0,7,14
2020-11-06,US,Kentucky,Lincoln,397,19,0,37.45475628,-84.6565327,21137.0,1617.1738156340384,4.785894206549118,378,394,19,0,375,389,24644,3,0,0,3,5
2020-11-06,US,Kentucky,Livingston,162,1,0,37.21137452,-88.34797529,21139.0,1762.0187078529475,0.6172839506172839,161,152,1,0,151,145,9242,10,0,0,10,7
2020-11-06,US,Kentucky,Logan,878,31,0,36.85949479,-86.877635,21141.0,3239.613312670652,3.5307517084282463,847,865,31,0,834,855,26989,13,0,0,13,10
2020-11-06,US,Kentucky,Lyon,130,5,0,37.02080035,-88.07886257,21143.0,1583.4348355663824,3.8461538461538463,125,128,4,0,124,125,8009,2,1,0,1,3
2020-11-06,US,Kentucky,Madison,2586,14,0,37.71659336,-84.27220275,21151.0,2781.033907965629,0.5413766434648105,2572,2556,14,0,2542,2513,92368,30,0,0,30,43
2020-11-06,US,Kentucky,Magoffin,244,0,0,37.70820545,-83.0657714,21153.0,2006.413946221528,0.0,244,236,0,0,236,227,12362,8,0,0,8,9
2020-11-06,US,Kentucky,Marion,592,10,0,37.55218078,-85.26898542,21155.0,3071.6546463965133,1.6891891891891893,582,583,10,0,573,557,19404,9,0,0,9,26
2020-11-06,US,Kentucky,Marshall,593,8,0,36.88007070000001,-88.32803576,21157.0,1906.7524115755627,1.349072512647555,585,579,8,0,571,560,31191,14,0,0,14,19
2020-11-06,US,Kentucky,Martin,257,5,0,37.79990579,-82.51247478,21159.0,2295.667708798571,1.9455252918287935,252,252,5,0,247,246,11323,5,0,0,5,6
2020-11-06,US,Kentucky,Mason,219,2,0,38.59471935,-83.82151043,21161.0,1282.9525483304042,0.9132420091324199,217,208,2,0,206,202,17150,11,0,0,11,6
2020-11-06,US,Kentucky,McCracken,1471,12,0,37.05350953,-88.70445755,21145.0,2248.6165887064717,0.8157715839564922,1459,1423,12,0,1411,1402,65346,48,0,0,48,21
2020-11-06,US,Kentucky,McCreary,286,1,0,36.73874143,-84.48102924,21147.0,1659.799199117869,0.34965034965034963,285,282,1,0,281,279,17408,4,0,0,4,3
2020-11-06,US,Kentucky,McLean,243,6,0,37.5301951,-87.26803443,21149.0,2639.296187683285,2.469135802469136,237,243,5,0,238,231,9252,0,1,0,-1,12
2020-11-06,US,Kentucky,Meade,463,4,0,37.96163597,-86.21028219,21163.0,1620.4675906481866,0.8639308855291576,459,449,4,0,445,434,28715,14,0,0,14,15
2020-11-06,US,Kentucky,Menifee,103,1,0,37.94090733,-83.59985712,21165.0,1587.3015873015872,0.9708737864077671,102,100,1,0,99,98,6451,3,0,0,3,2
2020-11-06,US,Kentucky,Mercer,431,6,0,37.81474237,-84.87488475,21167.0,1965.0754570738159,1.3921113689095128,425,421,6,0,415,407,21774,10,0,0,10,14
2020-11-06,US,Kentucky,Metcalfe,245,2,0,36.99459295,-85.63123699,21169.0,2432.7276338000197,0.8163265306122449,243,237,2,0,235,225,10030,8,0,0,8,12
2020-11-06,US,Kentucky,Monroe,434,5,0,36.71225341,-85.71596443,21171.0,4075.1173708920173,1.1520737327188941,429,409,5,0,404,387,10718,25,0,0,25,22
2020-11-06,US,Kentucky,Montgomery,655,7,0,38.03253032,-83.9145241,21173.0,2326.24214227368,1.068702290076336,648,644,7,0,637,617,28203,11,0,0,11,27
2020-11-06,US,Kentucky,Morgan,169,0,0,37.92465657,-83.25558245,21175.0,1269.8174167856334,0.0,169,165,0,0,165,161,13345,4,0,0,4,4
2020-11-06,US,Kentucky,Muhlenberg,1030,18,0,37.21425819,-87.14632053,21177.0,3363.5948011233754,1.7475728155339805,1012,1018,17,0,1001,1008,30774,12,1,0,11,10
2020-11-06,US,Kentucky,Nelson,1255,4,0,37.80335779,-85.4657193,21179.0,2714.5112798217724,0.3187250996015936,1251,1198,4,0,1194,1145,45851,57,0,0,57,53
2020-11-06,US,Kentucky,Nicholas,129,3,0,38.33342292,-84.01889177,21181.0,1774.6595130004125,2.3255813953488373,126,127,3,0,124,126,7166,2,0,0,2,1
2020-11-06,US,Kentucky,Ohio,660,11,0,37.47751843,-86.85368087,21183.0,2750.6876719179795,1.6666666666666667,649,655,11,0,644,645,24087,5,0,0,5,10
2020-11-06,US,Kentucky,Oldham,1605,26,0,38.39791089,-85.448222,21185.0,2402.730579799099,1.6199376947040498,1579,1570,26,0,1544,1548,66470,35,0,0,35,22
2020-11-06,US,Kentucky,Owen,131,3,0,38.51679143,-84.82404619,21187.0,1201.7246124208787,2.2900763358778624,128,131,3,0,128,131,10880,0,0,0,0,0
2020-11-06,US,Kentucky,Owsley,109,1,0,37.42823949,-83.68811419,21189.0,2468.8561721404308,0.9174311926605504,108,106,1,0,105,104,4472,3,0,0,3,2
2020-11-06,US,Kentucky,Pendleton,154,0,0,38.69607718,-84.35599463,21191.0,1055.5174777244688,0.0,154,150,0,0,150,147,14529,4,0,0,4,3
2020-11-06,US,Kentucky,Perry,632,9,0,37.25023553,-83.22922731,21193.0,2453.606646478764,1.4240506329113924,623,622,9,0,613,603,26092,10,0,0,10,19
2020-11-06,US,Kentucky,Pike,1142,5,0,37.47088263,-82.39487445,21195.0,1973.1840486557467,0.4378283712784589,1137,1111,5,0,1106,1095,58402,31,0,0,31,16
2020-11-06,US,Kentucky,Powell,197,0,0,37.83218794,-83.82553961,21197.0,1593.9800954769805,0.0,197,183,0,0,183,169,12442,14,0,0,14,14
2020-11-06,US,Kentucky,Pulaski,1067,13,0,37.10466131,-84.57629079,21199.0,1642.0689761307501,1.218369259606373,1054,1062,13,0,1049,1048,64623,5,0,0,5,14
2020-11-06,US,Kentucky,Robertson,46,1,0,38.51923469,-84.05055616,21201.0,2182.1631878557873,2.1739130434782608,45,43,1,0,42,41,2135,3,0,0,3,2
2020-11-06,US,Kentucky,Rockcastle,410,2,0,37.36642393,-84.31176452,21203.0,2455.825097334531,0.4878048780487805,408,401,2,0,399,395,16750,9,0,0,9,6
2020-11-06,US,Kentucky,Rowan,450,2,0,38.19484205,-83.42088935,21205.0,1839.7383483237936,0.4444444444444444,448,428,2,0,426,419,24583,22,0,0,22,9
2020-11-06,US,Kentucky,Russell,415,7,0,36.99308373,-85.06070117,21207.0,2315.460581375886,1.686746987951807,408,410,7,0,403,408,17821,5,0,0,5,2
2020-11-06,US,Kentucky,Scott,1268,20,0,38.29622293,-84.5816631,21209.0,2224.405304890885,1.5772870662460567,1248,1255,20,0,1235,1243,56031,13,0,0,13,12
2020-11-06,US,Kentucky,Shelby,1628,25,0,38.21476019,-85.194223,21211.0,3320.8224543080933,1.5356265356265355,1603,1613,25,0,1588,1593,48518,15,0,0,15,20
2020-11-06,US,Kentucky,Simpson,411,8,0,36.74058474,-86.58047435,21213.0,2213.0088304975234,1.9464720194647205,403,402,8,0,394,395,18529,9,0,0,9,7
2020-11-06,US,Kentucky,Spencer,382,1,0,38.03223971,-85.32749335,21215.0,1974.058188207328,0.2617801047120419,381,372,1,0,371,359,18794,10,0,0,10,13
2020-11-06,US,Kentucky,Taylor,575,7,0,37.3677562,-85.3329931,21217.0,2231.3632659396953,1.2173913043478262,568,571,7,0,564,554,25549,4,0,0,4,17
2020-11-06,US,Kentucky,Todd,318,13,0,36.8381152,-87.17878374,21219.0,2586.627623230844,4.088050314465409,305,315,12,0,303,311,12311,3,1,0,2,4
2020-11-06,US,Kentucky,Trigg,276,0,0,36.80767017,-87.87333656,21221.0,1883.8304552590264,0.0,276,275,0,0,275,273,14643,1,0,0,1,2
2020-11-06,US,Kentucky,Trimble,114,0,0,38.61056487,-85.33775972,21223.0,1345.7679140597334,0.0,114,112,0,0,112,107,8515,2,0,0,2,5
2020-11-06,US,Kentucky,Union,546,6,0,37.66166713,-87.94300009,21225.0,3796.676169946457,1.0989010989010992,540,542,6,0,536,535,14505,4,0,0,4,7
2020-11-06,US,Kentucky,Warren,5738,58,0,36.99903045,-86.42672751,21227.0,4317.66193113412,1.0108051585918438,5680,5650,58,0,5592,5615,131264,88,0,0,88,35
2020-11-06,US,Kentucky,Washington,303,2,0,37.75599461,-85.17407732,21229.0,2505.167424555601,0.6600660066006601,301,293,2,0,291,284,12084,10,0,0,10,9
2020-11-06,US,Kentucky,Wayne,329,2,0,36.80310688,-84.8251971,21231.0,1618.059312447745,0.6079027355623101,327,320,2,0,318,310,20468,9,0,0,9,10
2020-11-06,US,Kentucky,Webster,382,5,0,37.52168356,-87.67989953,21233.0,2951.6303507958587,1.3089005235602094,377,369,5,0,364,363,13111,13,0,0,13,6
2020-11-06,US,Kentucky,Whitley,959,8,0,36.75700531,-84.14541217,21235.0,2644.4959188175603,0.8342022940563086,951,952,8,0,944,941,36242,7,0,0,7,11
2020-11-06,US,Kentucky,Wolfe,96,0,0,37.73941626,-83.49303612,21237.0,1341.344138605561,0.0,96,93,0,0,93,84,7177,3,0,0,3,9
2020-11-06,US,Kentucky,Woodford,461,0,0,38.04178222,-84.7417556,21239.0,1724.3959003516122,0.0,461,454,0,0,454,442,26533,7,0,0,7,12
2020-11-06,US,Louisiana,Acadia,3330,106,0,30.295064899999996,-92.41419698,22001.0,5367.072286243855,3.1831831831831834,3224,3312,106,0,3206,3294,62190,18,0,0,18,18
2020-11-06,US,Louisiana,Allen,1877,64,0,30.65385745,-92.82442028,22003.0,7324.3063955983935,3.40969632392115,1813,1877,64,0,1813,1872,25605,0,0,0,0,5
2020-11-06,US,Louisiana,Ascension,4405,100,0,30.20406249,-90.91328409999998,22005.0,3479.3529430349754,2.2701475595913734,4305,4382,100,0,4282,4352,124672,23,0,0,23,30
2020-11-06,US,Louisiana,Assumption,828,24,0,29.89946234,-91.06461642,22007.0,3782.37631903522,2.898550724637681,804,822,24,0,798,816,22300,6,0,0,6,6
2020-11-06,US,Louisiana,Avoyelles,1788,63,0,31.07796211,-92.00079449,22009.0,4453.965723395775,3.523489932885906,1725,1785,63,0,1722,1774,40462,3,0,0,3,11
2020-11-06,US,Louisiana,Beauregard,1107,41,0,30.64836518,-93.34173616,22011.0,2952.236178894312,3.703703703703704,1066,1103,41,0,1062,1094,37253,4,0,0,4,9
2020-11-06,US,Louisiana,Bienville,642,35,0,32.34569994,-93.05398492,22013.0,4848.576391511216,5.451713395638629,607,639,35,0,604,632,13308,3,0,0,3,7
2020-11-06,US,Louisiana,Bossier,4572,125,0,32.67932307,-93.60460152,22015.0,3598.8948275726348,2.734033245844269,4447,4550,124,0,4426,4468,127185,22,1,0,21,82
2020-11-06,US,Louisiana,Caddo,10679,406,0,32.57991587,-93.88375652,22017.0,4445.80439959368,3.8018541061897184,10273,10594,404,0,10190,10528,242922,85,2,0,83,66
2020-11-06,US,Louisiana,Calcasieu,8643,231,0,30.22931235,-93.35400434,22019.0,4248.510588096502,2.6726830961471717,8412,8605,231,0,8374,8549,203112,38,0,0,38,56
2020-11-06,US,Louisiana,Caldwell,400,3,0,32.0902519,-92.11752148,22021.0,4033.0711837063923,0.75,397,392,3,0,389,392,9960,8,0,0,8,0
2020-11-06,US,Louisiana,Cameron,253,3,0,29.87592238,-93.19310676,22023.0,3628.280510540657,1.1857707509881423,250,249,3,0,246,251,6968,4,0,0,4,-2
2020-11-06,US,Louisiana,Catahoula,465,15,0,31.66778967,-91.84526385,22025.0,4897.83020855277,3.2258064516129035,450,466,15,0,451,465,9608,-1,0,0,-1,1
2020-11-06,US,Louisiana,Claiborne,621,26,0,32.82308512,-92.99526883,22027.0,3962.986598596043,4.186795491143316,595,617,26,0,591,619,15944,4,0,0,4,-2
2020-11-06,US,Louisiana,Concordia,637,16,0,31.44817835,-91.63814433,22029.0,3307.544524637832,2.5117739403453694,621,634,16,0,618,634,19572,3,0,0,3,0
2020-11-06,US,Louisiana,De Soto,1071,35,0,32.05457447,-93.74130302,22031.0,3899.7924480209736,3.2679738562091503,1036,1069,35,0,1034,1058,27436,2,0,0,2,11
2020-11-06,US,Louisiana,East Baton Rouge,16626,461,0,30.53842039,-91.09777565,22033.0,3778.129750783418,2.7727655479369657,16165,16540,459,0,16081,16489,440956,86,2,0,84,51
2020-11-06,US,Louisiana,East Carroll,597,6,0,32.73926954,-91.23425694,22035.0,8701.35548753826,1.0050251256281406,591,593,6,0,587,593,7037,4,0,0,4,0
2020-11-06,US,Louisiana,East Feliciana,1813,79,0,30.84425359,-91.04976723,22037.0,9474.78442644369,4.357418643132928,1734,1809,79,0,1730,1805,19305,4,0,0,4,4
2020-11-06,US,Louisiana,Evangeline,1448,40,0,30.72985248,-92.39915924,22039.0,4335.97843988621,2.7624309392265194,1408,1447,40,0,1407,1438,33443,1,0,0,1,9
2020-11-06,US,Louisiana,Franklin,1393,50,0,32.13675181,-91.67589857,22041.0,6959.7801648763425,3.589375448671931,1343,1391,50,0,1341,1389,20156,2,0,0,2,2
2020-11-06,US,Louisiana,Grant,553,30,0,31.59882456,-92.56124347,22043.0,2469.962928223681,5.4249547920433985,523,548,30,0,518,548,22482,5,0,0,5,0
2020-11-06,US,Louisiana,Iberia,3116,99,0,29.86803617,-91.75871777,22045.0,4462.265501933267,3.1771501925545573,3017,3114,98,0,3016,3111,70941,2,1,0,1,3
2020-11-06,US,Louisiana,Iberville,1527,61,0,30.25734305,-91.3499598,22047.0,4696.871827996678,3.9947609692206942,1466,1519,61,0,1458,1513,32721,8,0,0,8,6
2020-11-06,US,Louisiana,Jackson,903,24,0,32.30251776,-92.55692092,22049.0,5735.518292682928,2.6578073089701,879,893,24,0,869,890,15902,10,0,0,10,3
2020-11-06,US,Louisiana,Jefferson,19077,590,0,29.74075478,-90.11115756,22051.0,4410.938442934336,3.092729464800545,18487,19015,589,0,18426,18976,434051,62,1,0,61,39
2020-11-06,US,Louisiana,Jefferson Davis,1384,45,0,30.26896765,-92.81210004,22053.0,4412.13976026524,3.2514450867052025,1339,1369,44,0,1325,1374,31582,15,1,0,14,-5
2020-11-06,US,Louisiana,LaSalle,539,11,0,31.67884782,-92.15907765,22059.0,3619.392962664517,2.0408163265306123,528,535,10,0,525,533,14917,4,1,0,3,2
2020-11-06,US,Louisiana,Lafayette,9671,140,0,30.2049055,-92.06959876,22055.0,3957.199558083392,1.447626925860821,9531,9630,140,0,9490,9610,242782,41,0,0,41,20
2020-11-06,US,Louisiana,Lafourche,3954,131,0,29.52470226,-90.40976986,22057.0,4050.6484725551672,3.3131006575619626,3823,3953,131,0,3822,3939,98115,1,0,0,1,14
2020-11-06,US,Louisiana,Lincoln,1745,52,0,32.6003154,-92.66597409999999,22061.0,3733.2591673441443,2.9799426934097415,1693,1745,52,0,1693,1741,47196,0,0,0,0,4
2020-11-06,US,Louisiana,Livingston,4357,82,0,30.44143993,-90.73061664,22063.0,3094.702000866545,1.8820289189809505,4275,4316,81,0,4235,4309,139567,41,1,0,40,7
2020-11-06,US,Louisiana,Madison,907,10,0,32.36918118,-91.23973355,22065.0,8282.348643959456,1.1025358324145536,897,906,10,0,896,899,11161,1,0,0,1,7
2020-11-06,US,Louisiana,Morehouse,916,29,0,32.81686191,-91.80421614,22067.0,3682.560102918711,3.165938864628821,887,914,29,0,885,911,25398,2,0,0,2,3
2020-11-06,US,Louisiana,Natchitoches,1572,34,0,31.72321584,-93.09816516,22069.0,4119.7127732061435,2.1628498727735366,1538,1559,34,0,1525,1555,38659,13,0,0,13,4
2020-11-06,US,Louisiana,Orleans,13719,600,0,30.06971951,-89.92660315,22071.0,3516.3939468503936,4.373496610540127,13119,13673,599,0,13074,13638,391006,46,1,0,45,35
2020-11-06,US,Louisiana,Ouachita,7297,173,0,32.47645559,-92.15704172,22073.0,4760.5999517220225,2.3708373304097576,7124,7252,171,0,7081,7237,154475,45,2,0,43,15
2020-11-06,US,Louisiana,Plaquemines,913,19,0,29.42245447,-89.60322085,22075.0,3935.853774194939,2.0810514786418404,894,911,19,0,892,906,23410,2,0,0,2,5
2020-11-06,US,Louisiana,Pointe Coupee,1155,42,0,30.71409502,-91.60209535,22077.0,5315.232397606996,3.636363636363636,1113,1151,42,0,1109,1151,21940,4,0,0,4,0
2020-11-06,US,Louisiana,Rapides,4873,163,0,31.19778499,-92.52997303,22079.0,3758.638775762063,3.3449620357069567,4710,4850,162,0,4688,4850,130562,23,1,0,22,0
2020-11-06,US,Louisiana,Red River,476,25,0,32.09530039,-93.34213308,22081.0,5638.474295190713,5.2521008403361344,451,466,24,0,442,464,8477,10,1,0,9,2
2020-11-06,US,Louisiana,Richland,947,20,0,32.41391005,-91.76634876,22083.0,4706.2916211112215,2.1119324181626187,927,936,19,0,917,930,20192,11,1,0,10,6
2020-11-06,US,Louisiana,Sabine,1053,16,0,31.56388699,-93.55433981,22085.0,4408.809244682633,1.5194681861348531,1037,1044,15,0,1029,1041,24032,9,1,0,8,3
2020-11-06,US,Louisiana,St. Bernard,1572,32,0,29.87761636,-89.51887093,22087.0,3327.4066548133087,2.0356234096692107,1540,1570,32,0,1538,1567,46721,2,0,0,2,3
2020-11-06,US,Louisiana,St. Charles,1993,64,0,29.90709658,-90.35555967,22089.0,3753.295668549905,3.2112393376818864,1929,1995,64,0,1931,1972,52879,-2,0,0,-2,23
2020-11-06,US,Louisiana,St. Helena,446,4,0,30.82210324,-90.71013176,22091.0,4401.894986182392,0.8968609865470852,442,440,4,0,436,445,10262,6,0,0,6,-5
2020-11-06,US,Louisiana,St. James,854,40,0,30.02531716,-90.80212061,22093.0,4048.1607887751234,4.68384074941452,814,852,40,0,812,851,21037,2,0,0,2,1
2020-11-06,US,Louisiana,St. John the Baptist,1695,108,0,30.12597499,-90.4753503,22095.0,3956.859724070313,6.371681415929205,1587,1690,108,0,1582,1674,43184,5,0,0,5,16
2020-11-06,US,Louisiana,St. Landry,3798,138,0,30.59724262,-92.00135806,22097.0,4624.713847352784,3.6334913112164298,3660,3785,138,0,3647,3761,82764,13,0,0,13,24
2020-11-06,US,Louisiana,St. Martin,2295,64,0,30.13112107,-91.61403569,22099.0,4295.2593063951645,2.7886710239651418,2231,2276,64,0,2212,2273,53621,19,0,0,19,3
2020-11-06,US,Louisiana,St. Mary,2054,87,0,29.69262097,-91.44702164,22101.0,4162.276080084299,4.235637779941578,1967,2046,87,0,1959,2047,49774,8,0,0,8,-1
2020-11-06,US,Louisiana,St. Tammany,7940,274,0,30.40942847,-89.95642711,22103.0,3048.932681563173,3.45088161209068,7666,7889,273,0,7616,7860,258111,51,1,0,50,29
2020-11-06,US,Louisiana,Tangipahoa,5116,127,0,30.62888673,-90.40664996,22105.0,3796.435091052109,2.4824081313526194,4989,5108,127,0,4981,5096,133777,8,0,0,8,12
2020-11-06,US,Louisiana,Tensas,188,3,0,32.00760749,-91.32915234,22107.0,4337.794185509922,1.5957446808510638,185,188,2,0,186,188,4462,0,1,0,-1,0
2020-11-06,US,Louisiana,Terrebonne,3922,126,0,29.37343766,-90.82626855,22109.0,3550.5744108780473,3.212646608873024,3796,3906,126,0,3780,3901,111021,16,0,0,16,5
2020-11-06,US,Louisiana,Unassigned,308,229,0,0.0,0.0,90022.0,0.0,74.35064935064935,79,311,229,0,82,307,,-3,0,0,-3,4
2020-11-06,US,Louisiana,Union,1156,53,0,32.83121059,-92.3749373,22111.0,5228.876424823593,4.58477508650519,1103,1144,53,0,1091,1139,22330,12,0,0,12,5
2020-11-06,US,Louisiana,Vermilion,2162,70,0,29.83517605,-92.30292538,22113.0,3632.9418090773133,3.2377428307123037,2092,2155,70,0,2085,2147,59830,7,0,0,7,8
2020-11-06,US,Louisiana,Vernon,1145,56,0,31.10884837,-93.18153838,22115.0,2414.134812034831,4.890829694323143,1089,1141,56,0,1085,1140,48860,4,0,0,4,1
2020-11-06,US,Louisiana,Washington,1778,72,0,30.85288548,-90.03866652,22117.0,3848.984716629866,4.049493813273341,1706,1770,72,0,1698,1771,46582,8,0,0,8,-1
2020-11-06,US,Louisiana,Webster,1546,42,0,32.70847669,-93.33121835,22119.0,4032.342201356286,2.7166882276843465,1504,1540,41,0,1499,1532,38798,6,1,0,5,8
2020-11-06,US,Louisiana,West Baton Rouge,1012,42,0,30.46058217,-91.30989571,22121.0,3823.918382769696,4.150197628458498,970,985,42,0,943,979,26427,27,0,0,27,6
2020-11-06,US,Louisiana,West Carroll,391,14,0,32.78550125,-91.461201,22123.0,3610.341643582641,3.5805626598465468,377,389,14,0,375,388,10982,2,0,0,2,1
2020-11-06,US,Louisiana,West Feliciana,760,25,0,30.87882871,-91.41485379999999,22125.0,4881.808838643371,3.2894736842105265,735,762,25,0,737,761,15460,-2,0,0,-2,1
2020-11-06,US,Louisiana,Winn,715,21,0,31.94449367,-92.63789413,22127.0,5142.405063291138,2.937062937062937,694,708,20,0,688,707,14134,7,1,0,6,1
2020-11-06,US,Maine,Androscoggin,922,11,0,44.1664747,-70.20380627,23001.0,851.5197133278535,1.193058568329718,911,907,11,0,896,898,107679,15,0,0,15,9
2020-11-06,US,Maine,Aroostook,73,1,0,46.65926321,-68.59841248,23003.0,108.86585638654837,1.3698630136986298,72,73,1,0,72,70,67111,0,0,0,0,3
2020-11-06,US,Maine,Cumberland,2872,70,0,43.8370751,-70.37226999,23005.0,973.5494215313063,2.437325905292479,2802,2814,70,0,2744,2768,293557,58,0,0,58,46
2020-11-06,US,Maine,Franklin,120,2,0,44.97330019,-70.44381045,23007.0,397.3641511308322,1.6666666666666667,118,113,2,0,111,101,29897,7,0,0,7,12
2020-11-06,US,Maine,Hancock,85,1,0,44.59816444,-68.38401854,23009.0,154.58199210722537,1.1764705882352942,84,85,1,0,84,79,54811,0,0,0,0,6
2020-11-06,US,Maine,Kennebec,436,11,0,44.40759555,-69.76738544,23011.0,356.4945789929846,2.5229357798165144,425,422,11,0,411,402,122083,14,0,0,14,20
2020-11-06,US,Maine,Knox,125,1,0,44.11486325,-69.10529169,23013.0,314.2914613295786,0.8,124,117,1,0,116,108,39771,8,0,0,8,9
2020-11-06,US,Maine,Lincoln,76,1,0,44.05996956,-69.54227124,23015.0,219.43754691921242,1.3157894736842106,75,75,1,0,74,73,34342,1,0,0,1,2
2020-11-06,US,Maine,Oxford,187,2,0,44.49952995,-70.75682123,23017.0,322.5528244933161,1.0695187165775402,185,186,2,0,184,184,57618,1,0,0,1,2
2020-11-06,US,Maine,Penobscot,355,6,0,45.40194593,-68.65020455,23019.0,233.32544627599447,1.6901408450704225,349,339,6,0,333,330,151096,16,0,0,16,9
2020-11-06,US,Maine,Piscataquis,14,0,0,45.83839062,-69.2860223,23021.0,83.40780458742924,0.0,14,12,0,0,12,11,16800,2,0,0,2,1
2020-11-06,US,Maine,Sagadahoc,95,0,0,43.95415864,-69.85074999,23023.0,264.9486836233824,0.0,95,95,0,0,95,89,35634,0,0,0,0,6
2020-11-06,US,Maine,Somerset,262,8,0,45.51229767,-69.95995554,23025.0,518.976309325727,3.053435114503817,254,249,8,0,241,236,50592,13,0,0,13,13
2020-11-06,US,Maine,Unassigned,9,0,0,0.0,0.0,90023.0,0.0,0.0,9,1,0,0,1,,,8,0,0,8,
2020-11-06,US,Maine,Waldo,169,15,0,44.4858305,-69.12061935,23027.0,425.531914893617,8.875739644970414,154,166,15,0,151,161,39694,3,0,0,3,5
2020-11-06,US,Maine,Washington,98,0,0,45.01607142,-67.62813524,23029.0,312.3107810956372,0.0,98,90,0,0,90,80,31490,8,0,0,8,10
2020-11-06,US,Maine,York,1546,21,0,43.47808377,-70.71052375,23031.0,744.554302859262,1.3583441138421732,1525,1516,21,0,1495,1481,206229,30,0,0,30,35
2020-11-06,US,Maryland,Allegany,972,26,0,39.62357628,-78.69280486,24001.0,1380.3680981595096,2.674897119341564,946,923,25,0,898,884,70975,49,1,0,48,39
2020-11-06,US,Maryland,Anne Arundel,12795,283,0,39.00670238,-76.60329337,24003.0,2208.9518225794754,2.2118014849550605,12512,12653,283,0,12370,12540,576031,142,0,0,142,113
2020-11-06,US,Maryland,Baltimore,22046,681,0,39.45784712,-76.62911955,24005.0,2664.5877902268635,3.0889957361879707,21365,21795,681,0,21114,21605,828431,251,0,0,251,190
2020-11-06,US,Maryland,Baltimore City,18824,511,0,39.30211911,-76.61151012,24510.0,3171.74678596101,2.7146196345091367,18313,18610,509,0,18101,18457,621342,214,2,0,212,153
2020-11-06,US,Maryland,Calvert,1265,29,0,38.53961642,-76.56820632,24009.0,1367.1980545798433,2.292490118577075,1236,1243,29,0,1214,1230,92003,22,0,0,22,13
2020-11-06,US,Maryland,Caroline,774,8,0,38.87172293,-75.82904158,24011.0,2316.94905106867,1.0335917312661498,766,772,8,0,764,767,33304,2,0,0,2,5
2020-11-06,US,Maryland,Carroll,2396,130,0,39.56453592,-77.02373735,24013.0,1422.4058605971018,5.425709515859766,2266,2364,130,0,2234,2354,168429,32,0,0,32,10
2020-11-06,US,Maryland,Cecil,1439,36,0,39.56647682,-75.94627411,24015.0,1399.0569247970443,2.5017373175816537,1403,1427,36,0,1391,1407,102826,12,0,0,12,20
2020-11-06,US,Maryland,Charles,3377,102,0,38.51092331,-76.98580666,24017.0,2068.517735839811,3.0204323363932484,3275,3324,102,0,3222,3299,161503,53,0,0,53,25
2020-11-06,US,Maryland,Dorchester,848,12,0,38.45413522,-76.02752426,24019.0,2655.8927620658333,1.4150943396226414,836,839,12,0,827,837,31998,9,0,0,9,2
2020-11-06,US,Maryland,Frederick,5069,140,0,39.47296601,-77.39999394,24021.0,1953.0181431494104,2.7618859735648056,4929,5030,140,0,4890,4987,255648,39,0,0,39,43
2020-11-06,US,Maryland,Garrett,172,1,0,39.52786077,-79.27355126,24023.0,592.8172606327978,0.5813953488372093,171,168,1,0,167,165,29163,4,0,0,4,3
2020-11-06,US,Maryland,Harford,3948,82,0,39.55010644,-76.30775940000002,24025.0,1545.562380353976,2.077001013171226,3866,3873,82,0,3791,3820,253956,75,0,0,75,53
2020-11-06,US,Maryland,Howard,6195,129,0,39.25305293,-76.93126208,24027.0,1902.1155086124845,2.082324455205811,6066,6132,129,0,6003,6085,323196,63,0,0,63,47
2020-11-06,US,Maryland,Kent,354,26,0,39.24976208,-76.04741541,24029.0,1822.6753166512203,7.344632768361581,328,353,26,0,327,349,19383,1,0,0,1,4
2020-11-06,US,Maryland,Montgomery,26996,886,0,39.13676329,-77.20358245,24031.0,2569.3640738259123,3.281967698918358,26110,26777,882,0,25895,26551,1052567,219,4,0,215,226
2020-11-06,US,Maryland,Prince George's,34070,869,0,38.83070039,-76.8496441,24033.0,3746.726975004591,2.550631053712944,33201,33821,865,0,32956,33651,909308,249,4,0,245,170
2020-11-06,US,Maryland,Queen Anne's,826,26,0,39.06198912,-76.03530977,24035.0,1639.5069569877533,3.1476997578692494,800,822,26,0,796,818,50251,4,0,0,4,4
2020-11-06,US,Maryland,Somerset,484,6,0,38.1163542,-75.75118623,24039.0,1889.4440974391007,1.2396694214876034,478,476,6,0,470,462,25675,8,0,0,8,14
2020-11-06,US,Maryland,St. Mary's,1558,60,0,38.30058422,-76.60629279999998,24037.0,1372.566293718615,3.851091142490372,1498,1529,61,0,1468,1524,112664,29,-1,0,30,5
2020-11-06,US,Maryland,Talbot,668,6,0,38.76618159,-76.10882561,24041.0,1796.6165514644574,0.8982035928143712,662,668,6,0,662,663,36968,0,0,0,0,5
2020-11-06,US,Maryland,Unassigned,0,15,0,0.0,0.0,90024.0,0.0,0.0,-15,0,13,0,-13,0,,0,2,0,-2,0
2020-11-06,US,Maryland,Washington,2514,47,0,39.60835778,-77.82002295,24043.0,1664.360571735,1.8695306284805089,2467,2479,47,0,2432,2445,150926,35,0,0,35,34
2020-11-06,US,Maryland,Wicomico,2647,52,0,38.37301947,-75.62705831,24045.0,2554.797363163432,1.9644880997355496,2595,2628,52,0,2576,2612,103195,19,0,0,19,16
2020-11-06,US,Maryland,Worcester,1268,31,0,38.21274277,-75.33200012,24047.0,2425.587267579769,2.4447949526813884,1237,1258,31,0,1227,1254,51823,10,0,0,10,4
2020-11-06,US,Massachusetts,Barnstable,2111,186,0,41.72980578,-70.28854339,25001.0,991.1263439598104,8.810990052108005,1925,2089,186,0,1903,2078,213413,22,0,0,22,11
2020-11-06,US,Massachusetts,Berkshire,829,52,0,42.37428441,-73.20524838,25003.0,663.4972467665514,6.272617611580218,777,818,52,0,766,814,126348,11,0,0,11,4
2020-11-06,US,Massachusetts,Bristol,13657,771,0,41.79228404,-71.10872211,25005.0,2416.240134320093,5.645456542432452,12886,13440,771,0,12669,13239,564022,217,0,0,217,201
2020-11-06,US,Massachusetts,Dukes and Nantucket,289,2,0,41.40674725,-70.68763497,0.0,1005.8821482022902,0.6920415224913494,287,283,2,0,281,272,26707,6,0,0,6,11
2020-11-06,US,Massachusetts,Essex,25741,1364,0,42.6687626,-70.94687179,25009.0,3262.3435745481183,5.29893943514238,24377,25365,1362,0,24003,25065,790638,376,2,0,374,300
2020-11-06,US,Massachusetts,Franklin,500,74,0,42.58119713,-72.58602547,25011.0,712.4536905101169,14.8,426,495,74,0,421,490,70963,5,0,0,5,5
2020-11-06,US,Massachusetts,Hampden,11007,834,0,42.13440424,-72.63235561,25013.0,2360.1331126225423,7.5769964568002175,10173,10812,830,0,9982,10651,470406,195,4,0,191,161
2020-11-06,US,Massachusetts,Hampshire,1604,158,0,42.33997957,-72.65898478,25015.0,997.3263694584344,9.850374064837906,1446,1580,157,0,1423,1559,161355,24,1,0,23,21
2020-11-06,US,Massachusetts,Middlesex,34142,2310,0,42.48607732,-71.39049229,25017.0,2118.3856290783824,6.765860230800773,31832,33774,2305,0,31469,33452,1614714,368,5,0,363,322
2020-11-06,US,Massachusetts,Norfolk,12538,1121,0,42.16073095,-71.20530408,25021.0,1773.9733295603269,8.940819907481258,11417,12394,1118,0,11276,12291,705388,144,3,0,141,103
2020-11-06,US,Massachusetts,Plymouth,12022,848,0,41.94070556,-70.80802823,25023.0,2306.5913024125,7.053734819497588,11174,11929,848,0,11081,11831,518132,93,0,0,93,98
2020-11-06,US,Massachusetts,Suffolk,30062,1191,0,42.327951399999996,-71.07850442,25025.0,3739.487279001178,3.961812254673674,28871,29726,1189,0,28537,29474,807252,336,2,0,334,252
2020-11-06,US,Massachusetts,Unassigned,4899,6,0,0.0,0.0,90025.0,0.0,0.1224739742804654,4893,4804,6,0,4798,4735,,95,0,0,95,69
2020-11-06,US,Massachusetts,Worcester,17873,1189,0,42.35026951,-71.90493363,25027.0,2151.760969490333,6.652492586583113,16684,17652,1185,0,16467,17348,830839,221,4,0,217,304
2020-11-06,US,Michigan,Alcona,59,3,0,44.6846864,-83.59507875,26001.0,567.0350792888034,5.084745762711863,56,58,3,0,55,58,10362,1,0,0,1,0
2020-11-06,US,Michigan,Alger,135,1,0,46.41292944,-86.60260122,26003.0,1482.2134387351775,0.7407407407407407,134,133,1,0,132,131,9097,2,0,0,2,2
2020-11-06,US,Michigan,Allegan,1857,8,0,42.59147037,-85.89102866,26005.0,1572.6492831192147,0.4308023694130318,1849,1800,8,0,1792,1716,117327,57,0,0,57,84
2020-11-06,US,Michigan,Alpena,207,14,0,45.03477666,-83.62212411,26007.0,728.744939271255,6.763285024154589,193,196,14,0,182,196,28360,11,0,0,11,0
2020-11-06,US,Michigan,Antrim,181,0,0,44.99690221,-85.15503082,26009.0,776.0246955925228,0.0,181,172,0,0,172,157,23365,9,0,0,9,15
2020-11-06,US,Michigan,Arenac,134,5,0,44.0636262,-83.89277559,26011.0,900.3561109991265,3.7313432835820897,129,128,3,0,125,123,15041,6,2,0,4,5
2020-11-06,US,Michigan,Baraga,173,4,0,46.6720582,-88.36363591,26013.0,2107.4430503106346,2.3121387283237,169,168,4,0,164,153,8320,5,0,0,5,15
2020-11-06,US,Michigan,Barry,981,8,0,42.59513984,-85.30834519,26015.0,1593.8261575954514,0.8154943934760448,973,957,7,0,950,938,61157,24,1,0,23,19
2020-11-06,US,Michigan,Bay,1938,68,0,43.70639106,-83.98731479,26017.0,1879.2545041987466,3.5087719298245608,1870,1892,68,0,1824,1825,103923,46,0,0,46,67
2020-11-06,US,Michigan,Benzie,172,2,0,44.63899297,-86.01608482,26019.0,968.1413936733086,1.162790697674419,170,165,2,0,163,163,17753,7,0,0,7,2
2020-11-06,US,Michigan,Berrien,3411,91,0,41.95447397,-86.41313079999998,26021.0,2223.5839401307685,2.6678393433010847,3320,3332,91,0,3241,3229,154141,79,0,0,79,103
2020-11-06,US,Michigan,Branch,1164,14,0,41.91600556,-85.05929476,26023.0,2674.816738286187,1.2027491408934707,1150,1121,13,0,1108,1069,43622,43,1,0,42,52
2020-11-06,US,Michigan,Calhoun,3860,78,0,42.24633834,-85.00493569,26025.0,2877.18304400003,2.0207253886010363,3782,3731,76,0,3655,3640,134487,129,2,0,127,91
2020-11-06,US,Michigan,Cass,1274,25,0,41.91522292,-85.99405727,26027.0,2460.076853264333,1.9623233908948197,1249,1237,25,0,1212,1201,51653,37,0,0,37,36
2020-11-06,US,Michigan,Charlevoix,275,4,0,45.37790017,-85.19614053,26029.0,1051.9068201813104,1.4545454545454546,271,265,4,0,261,255,26244,10,0,0,10,10
2020-11-06,US,Michigan,Cheboygan,229,5,0,45.44787015,-84.50122149,26031.0,905.9977844595663,2.183406113537118,224,217,4,0,213,214,25413,12,1,0,11,3
2020-11-06,US,Michigan,Chippewa,281,0,0,46.29552653,-84.54353449,26033.0,752.3628477335402,0.0,281,259,0,0,259,237,37517,22,0,0,22,22
2020-11-06,US,Michigan,Clare,389,17,0,43.98794227,-84.84819859999998,26035.0,1256.8659127625199,4.370179948586118,372,383,17,0,366,363,30757,6,0,0,6,20
2020-11-06,US,Michigan,Clinton,1536,17,0,42.94400871,-84.60145248,26037.0,1929.7694578805201,1.1067708333333333,1519,1499,17,0,1482,1417,79332,37,0,0,37,82
2020-11-06,US,Michigan,Crawford,175,5,0,44.68255561,-84.61006219,26039.0,1247.4160667189394,2.8571428571428568,170,172,5,0,167,170,13901,3,0,0,3,2
2020-11-06,US,Michigan,Delta,1644,43,0,45.90484910000001,-86.9080745,26041.0,4594.232059020791,2.6155717761557176,1601,1608,42,0,1566,1524,35857,36,1,0,35,84
2020-11-06,US,Michigan,Dickinson,920,24,0,46.00999672,-87.86961634,26043.0,3645.1523435952295,2.608695652173913,896,886,23,0,863,873,25383,34,1,0,33,13
2020-11-06,US,Michigan,Eaton,1556,14,0,42.59599185,-84.83740035,26045.0,1411.1074835854465,0.8997429305912596,1542,1486,14,0,1472,1412,109826,70,0,0,70,74
2020-11-06,US,Michigan,Emmet,466,10,0,45.52625509,-84.89083249,26047.0,1394.583270986084,2.145922746781116,456,455,8,0,447,431,33308,11,2,0,9,24
2020-11-06,US,Michigan,Federal Correctional Institution (FCI),197,5,0,0.0,0.0,0.0,0.0,2.538071065989848,192,197,5,0,192,197,,0,0,0,0,0
2020-11-06,US,Michigan,Genesee,8238,352,0,43.02244215,-83.70589709,26049.0,2029.9990389662235,4.2728817674192765,7886,8103,350,0,7753,7908,406892,135,2,0,133,195
2020-11-06,US,Michigan,Gladwin,292,3,0,43.98901072,-84.38774817,26051.0,1147.3928248654172,1.0273972602739727,289,281,3,0,278,268,25337,11,0,0,11,13
2020-11-06,US,Michigan,Gogebic,528,16,0,46.40862701,-89.69377193,26053.0,3778.175313059033,3.0303030303030303,512,506,15,0,491,495,15096,22,1,0,21,11
2020-11-06,US,Michigan,Grand Traverse,971,14,0,44.69565625,-85.55585247,26055.0,1043.0990030938467,1.4418125643666324,957,968,14,0,954,930,92573,3,0,0,3,38
2020-11-06,US,Michigan,Gratiot,744,17,0,43.29265605,-84.60505416,26057.0,1827.5159047923169,2.28494623655914,727,723,17,0,706,708,40599,21,0,0,21,15
2020-11-06,US,Michigan,Hillsdale,685,29,0,41.88753639,-84.59312019,26059.0,1502.0282863721084,4.233576642335766,656,662,29,0,633,648,45749,23,0,0,23,14
2020-11-06,US,Michigan,Houghton,1073,9,0,46.89988536,-88.68495385,26061.0,3006.949893509697,0.8387698042870456,1064,1064,9,0,1055,1049,36219,9,0,0,9,15
2020-11-06,US,Michigan,Huron,357,8,0,43.83353985,-83.04078453,26063.0,1152.3191633581873,2.2408963585434174,349,342,8,0,334,331,31166,15,0,0,15,11
2020-11-06,US,Michigan,Ingham,5400,70,0,42.59716886,-84.37472069,26065.0,1846.7473307661267,1.2962962962962965,5330,5305,70,0,5235,5101,292735,95,0,0,95,204
2020-11-06,US,Michigan,Ionia,1014,8,0,42.94502238,-85.07413319,26067.0,1567.3060574678889,0.7889546351084813,1006,996,8,0,988,915,64210,18,0,0,18,81
2020-11-06,US,Michigan,Iosco,363,17,0,44.35486835,-83.63484895,26069.0,1444.661121502766,4.683195592286501,346,360,17,0,343,348,25081,3,0,0,3,12
2020-11-06,US,Michigan,Iron,534,28,0,46.20974132,-88.53136251,26071.0,4825.591903126694,5.243445692883896,506,524,28,0,496,508,11117,10,0,0,10,16
2020-11-06,US,Michigan,Isabella,1320,15,0,43.64060976,-84.84664923,26073.0,1889.1687657430728,1.1363636363636365,1305,1289,15,0,1274,1245,70562,31,0,0,31,44
2020-11-06,US,Michigan,Jackson,2375,75,0,42.24807035,-84.42258681,26075.0,1498.3281811873069,3.1578947368421053,2300,2302,75,0,2227,2225,158823,73,0,0,73,77
2020-11-06,US,Michigan,Kalamazoo,5938,126,0,42.24542231,-85.53038622,26077.0,2240.1967811790273,2.1219265746042444,5812,5787,121,0,5666,5643,264870,151,5,0,146,144
2020-11-06,US,Michigan,Kalkaska,175,4,0,44.68512729,-85.09085699,26079.0,970.1740769486639,2.2857142857142856,171,173,4,0,169,165,17824,2,0,0,2,8
2020-11-06,US,Michigan,Kent,18540,207,0,43.03197711,-85.54934642,26081.0,2822.11110350024,1.1165048543689322,18333,18152,199,0,17953,17519,653786,388,8,0,380,633
2020-11-06,US,Michigan,Keweenaw,25,1,0,47.63197653,-88.41434263,26083.0,1181.4744801512288,4.0,24,24,1,0,23,25,2113,1,0,0,1,-1
2020-11-06,US,Michigan,Lake,91,1,0,43.99050893,-85.802173,26085.0,767.7381253691049,1.0989010989010992,90,90,1,0,89,83,11881,1,0,0,1,7
2020-11-06,US,Michigan,Lapeer,1132,39,0,43.09052506,-83.22153148,26087.0,1292.1341901902815,3.445229681978798,1093,1097,39,0,1058,1071,88028,35,0,0,35,26
2020-11-06,US,Michigan,Leelanau,190,2,0,44.94430054,-85.80150326,26089.0,873.1216396305317,1.0526315789473684,188,182,2,0,180,173,21764,8,0,0,8,9
2020-11-06,US,Michigan,Lenawee,1367,21,0,41.89475156,-84.06603727,26091.0,1388.5079887456704,1.5362106803218727,1346,1325,20,0,1305,1294,98266,42,1,0,41,31
2020-11-06,US,Michigan,Livingston,2740,36,0,42.60302282,-83.91297209,26093.0,1427.1204979296335,1.313868613138686,2704,2664,36,0,2628,2565,191224,76,0,0,76,99
2020-11-06,US,Michigan,Luce,103,1,0,46.47227431,-85.54471223,26095.0,1653.5559479852304,0.9708737864077671,102,122,0,0,122,138,6283,-19,1,0,-20,-16
2020-11-06,US,Michigan,Mackinac,186,0,0,46.07028979,-85.04980537,26097.0,1722.3817020094452,0.0,186,183,0,0,183,182,10787,3,0,0,3,1
2020-11-06,US,Michigan,Macomb,22085,1110,0,42.69158356,-82.92752801,26099.0,2526.9688273766205,5.026035770885216,20975,21713,1108,0,20605,21032,874759,372,2,0,370,681
2020-11-06,US,Michigan,Manistee,186,5,0,44.33352407,-86.05626916,26101.0,757.3906669924263,2.6881720430107525,181,184,4,0,180,173,24528,2,1,0,1,11
2020-11-06,US,Michigan,Marquette,1518,19,0,46.4338914,-87.64043701,26103.0,2275.8961903476816,1.2516469038208171,1499,1444,18,0,1426,1389,66516,74,1,0,73,55
2020-11-06,US,Michigan,Mason,336,5,0,43.99509218,-86.24988902,26105.0,1152.895964864123,1.488095238095238,331,332,5,0,327,322,29100,4,0,0,4,10
2020-11-06,US,Michigan,Mecosta,732,4,0,43.64064262,-85.32463223,26107.0,1684.5787402480842,0.5464480874316939,728,725,4,0,721,699,43545,7,0,0,7,26
2020-11-06,US,Michigan,Menominee,896,7,0,45.58038692,-87.55370409,26109.0,3933.274802458297,0.78125,889,875,7,0,868,841,22983,21,0,0,21,34
2020-11-06,US,Michigan,Michigan Department of Corrections (MDOC),7509,75,0,0.0,0.0,0.0,0.0,0.9988014382740712,7434,7457,75,0,7382,7181,,52,0,0,52,276
2020-11-06,US,Michigan,Midland,1471,14,0,43.64330771,-84.38804374,26111.0,1768.9643561498874,0.9517335146159076,1457,1380,14,0,1366,1335,83209,91,0,0,91,45
2020-11-06,US,Michigan,Missaukee,138,1,0,44.33772443,-85.09256478,26113.0,912.8191559730124,0.7246376811594203,137,131,1,0,130,123,15113,7,0,0,7,8
2020-11-06,US,Michigan,Monroe,2555,44,0,41.92734151,-83.53749864,26115.0,1697.6744186046512,1.7221135029354206,2511,2492,44,0,2448,2400,150439,63,0,0,63,92
2020-11-06,US,Michigan,Montcalm,936,14,0,43.31082541,-85.15252824,26117.0,1465.0638617580769,1.4957264957264955,922,918,13,0,905,886,63968,18,1,0,17,32
2020-11-06,US,Michigan,Montmorency,48,0,0,45.0275929,-84.12696227,26119.0,514.5797598627787,0.0,48,44,0,0,44,40,9265,4,0,0,4,4
2020-11-06,US,Michigan,Muskegon,3296,86,0,43.29123859,-86.15176712,26121.0,1898.9894334143783,2.6092233009708736,3210,3159,86,0,3073,2992,173588,137,0,0,137,167
2020-11-06,US,Michigan,Newaygo,847,4,0,43.554373999999996,-85.80070107,26123.0,1729.2772560228666,0.4722550177095632,843,827,4,0,823,793,48892,20,0,0,20,34
2020-11-06,US,Michigan,Oakland,29154,1249,0,42.66090111,-83.38595416,26125.0,2318.2546851741117,4.284146257803389,27905,28831,1247,0,27584,28199,1259201,323,2,0,321,632
2020-11-06,US,Michigan,Oceana,766,6,0,43.64124435,-86.26726673,26127.0,2894.1700986133674,0.783289817232376,760,742,6,0,736,720,26625,24,0,0,24,22
2020-11-06,US,Michigan,Ogemaw,184,6,0,44.33481032,-84.12725175,26129.0,876.3156641424965,3.260869565217391,178,167,5,0,162,157,20952,17,1,0,16,10
2020-11-06,US,Michigan,Ontonagon,187,1,0,46.665226200000006,-89.31390481,26131.0,3269.230769230769,0.5347593582887701,186,183,1,0,182,166,5795,4,0,0,4,17
2020-11-06,US,Michigan,Osceola,254,1,0,43.98992088,-85.32566756,26133.0,1082.693947144075,0.3937007874015748,253,244,1,0,243,232,23341,10,0,0,10,12
2020-11-06,US,Michigan,Oscoda,71,2,0,44.68192279,-84.12939244,26135.0,861.5459288921248,2.8169014084507036,69,67,2,0,65,65,8276,4,0,0,4,2
2020-11-06,US,Michigan,Otsego,349,12,0,45.02085831,-84.59898295,26137.0,1414.7883898167668,3.4383954154727787,337,338,12,0,326,322,24665,11,0,0,11,16
2020-11-06,US,Michigan,Ottawa,6979,84,0,42.95996803,-85.9969107,26139.0,2391.460781962101,1.2036108324974926,6895,6730,83,0,6647,6472,290494,249,1,0,248,258
2020-11-06,US,Michigan,Out of MI,385,4,0,0.0,0.0,80026.0,0.0,1.0389610389610389,381,416,4,0,412,419,,-31,0,0,-31,-3
2020-11-06,US,Michigan,Presque Isle,98,1,0,45.34018577,-83.91498656,26141.0,778.271918678526,1.020408163265306,97,96,1,0,95,95,12738,2,0,0,2,1
2020-11-06,US,Michigan,Roscommon,262,6,0,44.33473082,-84.61067651,26143.0,1090.8031142012574,2.2900763358778624,256,251,6,0,245,237,23884,11,0,0,11,14
2020-11-06,US,Michigan,Saginaw,4849,159,0,43.33433923,-84.05131209999998,26145.0,2544.885823899569,3.2790266034233864,4690,4747,159,0,4588,4575,190800,102,0,0,102,172
2020-11-06,US,Michigan,Sanilac,308,7,0,43.42406072,-82.82055898,26151.0,748.1175613310663,2.272727272727273,301,291,7,0,284,275,41182,17,0,0,17,16
2020-11-06,US,Michigan,Schoolcraft,126,1,0,46.19235734,-86.19972234,26153.0,1556.708673091179,0.7936507936507936,125,120,1,0,119,119,8068,6,0,0,6,1
2020-11-06,US,Michigan,Shiawassee,925,35,0,42.95392800000001,-84.14585902,26155.0,1357.8579607175361,3.783783783783784,890,905,35,0,870,882,68192,20,0,0,20,23
2020-11-06,US,Michigan,St. Clair,2046,68,0,42.92655373,-82.67937954,26147.0,1285.7573777085113,3.32355816226784,1978,2006,66,0,1940,1894,159337,40,2,0,38,112
2020-11-06,US,Michigan,St. Joseph,1612,25,0,41.91441767,-85.52797979,26149.0,2644.1834525293616,1.5508684863523574,1587,1552,25,0,1527,1519,61043,60,0,0,60,33
2020-11-06,US,Michigan,Tuscola,866,37,0,43.46606813,-83.41897025,26157.0,1657.5748875490478,4.272517321016166,829,842,37,0,805,806,52516,24,0,0,24,36
2020-11-06,US,Michigan,Unassigned,14,0,0,0.0,0.0,90026.0,0.0,0.0,14,18,0,0,18,9,,-4,0,0,-4,9
2020-11-06,US,Michigan,Van Buren,1446,21,0,42.25190229,-86.01939087,26159.0,1910.7522761208825,1.4522821576763485,1425,1415,20,0,1395,1375,75448,31,1,0,30,40
2020-11-06,US,Michigan,Washtenaw,6345,119,0,42.253105,-83.83853204,26161.0,1726.056240325788,1.8754925137903864,6226,6227,119,0,6108,6112,370963,118,0,0,118,115
2020-11-06,US,Michigan,Wayne,44888,3078,0,42.28098405,-83.281255,26163.0,2565.9919181086843,6.857066476563892,41810,44421,3074,0,41347,43856,1753893,467,4,0,463,565
2020-11-06,US,Michigan,Wexford,247,6,0,44.33853602,-85.57712739,26165.0,734.4414379590257,2.42914979757085,241,232,4,0,228,219,33466,15,2,0,13,13
2020-11-06,US,Minnesota,Aitkin,289,5,0,46.60962049,-93.41168259999999,27001.0,1819.211884678333,1.7301038062283738,284,274,5,0,269,266,15902,15,0,0,15,8
2020-11-06,US,Minnesota,Anoka,11561,169,0,45.27476015,-93.24604565,27003.0,3239.0921240274465,1.4618112620015569,11392,11103,165,0,10938,10778,353813,458,4,0,454,325
2020-11-06,US,Minnesota,Becker,860,4,0,46.93479392,-95.67158144,27005.0,2498.3296052058217,0.4651162790697674,856,814,4,0,810,778,34371,46,0,0,46,36
2020-11-06,US,Minnesota,Beltrami,1154,13,0,47.97373527,-94.93732139,27007.0,2445.537000932441,1.126516464471404,1141,1116,13,0,1103,1068,46847,38,0,0,38,48
2020-11-06,US,Minnesota,Benton,1416,17,0,45.69804958,-93.99514135,27009.0,3463.034067842207,1.2005649717514124,1399,1327,16,0,1311,1274,40545,89,1,0,88,53
2020-11-06,US,Minnesota,Big Stone,200,1,0,45.42712824,-96.41403739,27011.0,4007.212983370066,0.5,199,195,1,0,194,194,4989,5,0,0,5,1
2020-11-06,US,Minnesota,Blue Earth,2392,7,0,44.03554215,-94.06699781,27013.0,3535.689474228785,0.29264214046822745,2385,2335,7,0,2328,2310,67427,57,0,0,57,25
2020-11-06,US,Minnesota,Brown,500,4,0,44.24205652,-94.72562874,27015.0,1999.3602047344848,0.8,496,462,4,0,458,434,25111,38,0,0,38,28
2020-11-06,US,Minnesota,Carlton,740,5,0,46.59180601,-92.67601019,27017.0,2062.947785118898,0.6756756756756757,735,699,3,0,696,679,35837,41,2,0,39,20
2020-11-06,US,Minnesota,Carver,2174,9,0,44.82017001,-93.80099179999999,27019.0,2068.722701709979,0.4139834406623735,2165,2130,9,0,2121,2105,103551,44,0,0,44,25
2020-11-06,US,Minnesota,Cass,615,5,0,46.95043611,-94.32603968,27021.0,2065.213741227039,0.8130081300813008,610,576,5,0,571,536,29519,39,0,0,39,40
2020-11-06,US,Minnesota,Chippewa,534,3,0,45.02343421,-95.56403693,27023.0,4525.423728813559,0.5617977528089888,531,515,3,0,512,510,11924,19,0,0,19,5
2020-11-06,US,Minnesota,Chisago,1561,2,0,45.5021011,-92.90861945,27025.0,2758.974177698439,0.12812299807815505,1559,1505,2,0,1503,1453,55922,56,0,0,56,52
2020-11-06,US,Minnesota,Clay,3014,46,0,46.89289518,-96.48761922,27027.0,4693.095823860982,1.5262110152621102,2968,2934,46,0,2888,2888,63955,80,0,0,80,46
2020-11-06,US,Minnesota,Clearwater,196,1,0,47.57992111,-95.37790562,27029.0,2222.726241778181,0.5102040816326531,195,187,1,0,186,173,8810,9,0,0,9,14
2020-11-06,US,Minnesota,Cook,32,0,0,47.90504893,-90.52629546,27031.0,585.7587406187076,0.0,32,32,0,0,32,30,5393,0,0,0,0,2
2020-11-06,US,Minnesota,Cottonwood,344,0,0,44.00715262,-95.18138802,27033.0,3072.5259021078955,0.0,344,340,0,0,340,332,11277,4,0,0,4,8
2020-11-06,US,Minnesota,Crow Wing,1629,22,0,46.48096553,-94.06755609,27035.0,2504.0350472676964,1.350521792510743,1607,1503,22,0,1481,1453,64889,126,0,0,126,50
2020-11-06,US,Minnesota,Dakota,11938,144,0,44.67172617,-93.06299363,27037.0,2782.614370858303,1.206232199698442,11794,11664,142,0,11522,11435,425423,274,2,0,272,229
2020-11-06,US,Minnesota,Dodge,484,0,0,44.02238415,-92.86244324,27039.0,2312.0282793541605,0.0,484,473,0,0,473,463,20822,11,0,0,11,10
2020-11-06,US,Minnesota,Douglas,1021,9,0,45.93348491,-95.45335469,27041.0,2676.909362628143,0.8814887365328109,1012,993,8,0,985,951,37964,28,1,0,27,42
2020-11-06,US,Minnesota,Faribault,295,0,0,43.67381499,-93.94787458,27043.0,2160.697282648502,0.0,295,285,0,0,285,286,13758,10,0,0,10,-1
2020-11-06,US,Minnesota,Fillmore,331,0,0,43.67394126,-92.08980382,27045.0,1571.1776712393796,0.0,331,325,0,0,325,318,21058,6,0,0,6,7
2020-11-06,US,Minnesota,Freeborn,840,5,0,43.67385583,-93.34884422,27047.0,2774.016710148278,0.5952380952380952,835,811,5,0,806,798,30444,29,0,0,29,13
2020-11-06,US,Minnesota,Goodhue,931,17,0,44.40849741,-92.72341949999999,27049.0,2009.0634441087614,1.825993555316864,914,888,15,0,873,838,46403,43,2,0,41,50
2020-11-06,US,Minnesota,Grant,131,5,0,45.93424769,-96.01139609,27051.0,2193.5699933020765,3.816793893129771,126,126,5,0,121,123,6021,5,0,0,5,3
2020-11-06,US,Minnesota,Hennepin,40559,1016,0,45.00761521,-93.47694895,27053.0,3204.1098303660087,2.5049927266451344,39543,39724,1012,0,38712,38911,1259428,835,4,0,831,813
2020-11-06,US,Minnesota,Houston,318,2,0,43.67129565,-91.49143057,27055.0,1709.6774193548388,0.6289308176100629,316,303,2,0,301,290,18578,15,0,0,15,13
2020-11-06,US,Minnesota,Hubbard,581,8,0,47.10778564,-94.91693868,27057.0,2703.4572611790977,1.3769363166953528,573,561,7,0,554,546,21332,20,1,0,19,15
2020-11-06,US,Minnesota,Isanti,799,8,0,45.56181234,-93.29487636,27059.0,1968.174204355109,1.0012515644555695,791,750,8,0,742,715,39966,49,0,0,49,35
2020-11-06,US,Minnesota,Itasca,992,17,0,47.51009045,-93.63092229,27061.0,2198.094393972967,1.7137096774193548,975,953,17,0,936,921,45108,39,0,0,39,32
2020-11-06,US,Minnesota,Jackson,263,1,0,43.67423373,-95.15398258,27063.0,2671.1354864919767,0.3802281368821293,262,261,1,0,260,251,9911,2,0,0,2,10
2020-11-06,US,Minnesota,Kanabec,279,10,0,45.9459309,-93.29275192,27065.0,1707.7798861480076,3.584229390681004,269,267,10,0,257,265,16207,12,0,0,12,2
2020-11-06,US,Minnesota,Kandiyohi,2131,5,0,45.1526059,-95.00586446,27067.0,4932.9845598277725,0.2346316283435007,2126,2038,5,0,2033,2003,42855,93,0,0,93,35
2020-11-06,US,Minnesota,Kittson,94,1,0,48.77754106,-96.78317184,27069.0,2187.0637505816658,1.0638297872340423,93,91,1,0,90,86,4248,3,0,0,3,5
2020-11-06,US,Minnesota,Koochiching,196,5,0,48.24539665,-93.78352843,27071.0,1602.7475672581568,2.5510204081632653,191,197,5,0,192,192,12440,-1,0,0,-1,5
2020-11-06,US,Minnesota,Lac qui Parle,170,3,0,44.9973857,-96.17488219,27073.0,2566.812622678545,1.7647058823529411,167,168,3,0,165,165,6658,2,0,0,2,3
2020-11-06,US,Minnesota,Lake,168,0,0,47.64270764,-91.44557998,27075.0,1578.798985057795,0.0,168,158,0,0,158,158,10658,10,0,0,10,0
2020-11-06,US,Minnesota,Lake of the Woods,58,1,0,48.77217001,-94.90274472,27077.0,1550.8021390374329,1.7241379310344829,57,57,1,0,56,56,3758,1,0,0,1,1
2020-11-06,US,Minnesota,Le Sueur,776,6,0,44.37136597,-93.72844721,27079.0,2686.329490774397,0.7731958762886598,770,754,6,0,748,740,28494,22,0,0,22,14
2020-11-06,US,Minnesota,Lincoln,222,1,0,44.41311883,-96.26688165,27081.0,3936.868239049477,0.4504504504504505,221,219,1,0,218,214,5673,3,0,0,3,5
2020-11-06,US,Minnesota,Lyon,1176,6,0,44.41327865,-95.83806103,27083.0,4616.47169663186,0.5102040816326531,1170,1143,6,0,1137,1111,25629,33,0,0,33,32
2020-11-06,US,Minnesota,Mahnomen,149,3,0,47.32557075,-95.80921485,27087.0,2695.8567034557627,2.0134228187919465,146,146,2,0,144,142,5519,3,1,0,2,4
2020-11-06,US,Minnesota,Marshall,233,3,0,48.35825983,-96.37017407,27089.0,2495.715509854327,1.2875536480686696,230,224,1,0,223,213,9390,9,2,0,7,11
2020-11-06,US,Minnesota,Martin,688,18,0,43.67429718,-94.55099908,27091.0,3495.402123660011,2.6162790697674416,670,673,18,0,655,670,19785,15,0,0,15,3
2020-11-06,US,Minnesota,McLeod,756,4,0,44.82367677,-94.27287017,27085.0,2106.260273590951,0.5291005291005291,752,723,4,0,719,705,35873,33,0,0,33,18
2020-11-06,US,Minnesota,Meeker,466,4,0,45.12328869,-94.52839455,27093.0,2006.71776763414,0.8583690987124464,462,423,4,0,419,405,23141,43,0,0,43,18
2020-11-06,US,Minnesota,Mille Lacs,664,21,0,45.93705297,-93.63236823,27095.0,2526.924686988621,3.1626506024096384,643,606,21,0,585,573,26139,58,0,0,58,33
2020-11-06,US,Minnesota,Morrison,1074,10,0,46.01265363,-94.27341528,27097.0,3216.917270712275,0.931098696461825,1064,1035,10,0,1025,1020,33169,39,0,0,39,15
2020-11-06,US,Minnesota,Mower,1647,21,0,43.67142874,-92.75234549,27099.0,4111.127751984423,1.275045537340619,1626,1621,21,0,1600,1614,40011,26,0,0,26,7
2020-11-06,US,Minnesota,Murray,338,3,0,44.02216709,-95.76328482,27101.0,4124.9694898706375,0.8875739644970414,335,331,3,0,328,324,8276,7,0,0,7,7
2020-11-06,US,Minnesota,Nicollet,886,20,0,44.35291112,-94.24710352,27103.0,2585.049892046449,2.2573363431151243,866,863,18,0,845,848,34220,23,2,0,21,15
2020-11-06,US,Minnesota,Nobles,2537,22,0,43.67434621,-95.75329576,27105.0,11729.622266401591,0.8671659440283801,2515,2527,21,0,2506,2487,21924,10,1,0,9,40
2020-11-06,US,Minnesota,Norman,192,4,0,47.32628443,-96.45620947,27107.0,3011.7647058823527,2.083333333333333,188,176,4,0,172,167,6475,16,0,0,16,9
2020-11-06,US,Minnesota,Olmsted,4045,30,0,44.00374114,-92.40209944,27109.0,2555.3877935221394,0.7416563658838071,4015,3930,30,0,3900,3823,156277,115,0,0,115,107
2020-11-06,US,Minnesota,Otter Tail,1202,8,0,46.40846929,-95.70835255,27111.0,2046.0967555237805,0.6655574043261231,1194,1165,8,0,1157,1121,58812,37,0,0,37,44
2020-11-06,US,Minnesota,Pennington,261,2,0,48.06642577,-96.0370814,27113.0,1848.5728451023444,0.7662835249042146,259,254,2,0,252,246,14178,7,0,0,7,8
2020-11-06,US,Minnesota,Pine,711,2,0,46.12105238,-92.74070188,27115.0,2403.7323777003962,0.2812939521800281,709,688,1,0,687,658,29483,23,1,0,22,30
2020-11-06,US,Minnesota,Pipestone,420,17,0,44.02301619,-96.25841142,27117.0,4602.23537146614,4.047619047619048,403,411,17,0,394,398,9047,9,0,0,9,13
2020-11-06,US,Minnesota,Polk,1200,9,0,47.77372465,-96.40134647,27119.0,3826.0425966075763,0.75,1191,1167,7,0,1160,1117,31529,33,2,0,31,50
2020-11-06,US,Minnesota,Pope,222,0,0,45.58606667,-95.44451209,27121.0,1973.5087563338964,0.0,222,195,0,0,195,193,11097,27,0,0,27,2
2020-11-06,US,Minnesota,Ramsey,16971,392,0,45.01625271,-93.09872295,27123.0,3083.8365245011546,2.3098226386188205,16579,16524,390,0,16134,16189,550210,447,2,0,445,335
2020-11-06,US,Minnesota,Red Lake,104,2,0,47.87197525,-96.09561104,27125.0,2564.734895191122,1.9230769230769231,102,105,2,0,103,101,3999,-1,0,0,-1,4
2020-11-06,US,Minnesota,Redwood,373,12,0,44.40555844,-95.25207021,27127.0,2458.800263678313,3.2171581769437,361,359,12,0,347,346,15249,14,0,0,14,13
2020-11-06,US,Minnesota,Renville,346,13,0,44.72836381,-94.94553734,27129.0,2378.3337915864718,3.757225433526012,333,328,13,0,315,323,14612,18,0,0,18,5
2020-11-06,US,Minnesota,Rice,1990,13,0,44.3543376,-93.29658715,27131.0,2971.391029086782,0.6532663316582915,1977,1919,13,0,1906,1865,66523,71,0,0,71,54
2020-11-06,US,Minnesota,Rock,421,9,0,43.67482683,-96.25296832,27133.0,4519.5920558239395,2.1377672209026133,412,411,9,0,402,407,9414,10,0,0,10,4
2020-11-06,US,Minnesota,Roseau,501,1,0,48.77501878,-95.81079919,27135.0,3303.6597428288824,0.1996007984031936,500,470,0,0,470,436,15150,31,1,0,30,34
2020-11-06,US,Minnesota,Scott,4340,39,0,44.6490231,-93.53340251,27139.0,2912.497567326341,0.8986175115207373,4301,4201,39,0,4162,4098,147381,139,0,0,139,103
2020-11-06,US,Minnesota,Sherburne,2504,26,0,45.44447208,-93.77617511,27141.0,2575.1249511507845,1.038338658146965,2478,2320,26,0,2294,2216,96036,184,0,0,184,104
2020-11-06,US,Minnesota,Sibley,316,3,0,44.5796592,-94.23164924,27143.0,2125.7988563740328,0.9493670886075948,313,308,3,0,305,302,15028,8,0,0,8,6
2020-11-06,US,Minnesota,St. Louis,4022,77,0,47.604840700000004,-92.46879855,27137.0,2020.3948359873407,1.9144704127299852,3945,3835,76,0,3759,3785,199754,187,1,0,186,50
2020-11-06,US,Minnesota,Stearns,7654,58,0,45.55192576,-94.61078221,27145.0,4751.8236846189675,0.7577737130911941,7596,7315,55,0,7260,7141,159256,339,3,0,336,174
2020-11-06,US,Minnesota,Steele,955,4,0,44.02240351,-93.22627088,27147.0,2605.800976834293,0.418848167539267,951,917,4,0,913,897,36803,38,0,0,38,20
2020-11-06,US,Minnesota,Stevens,226,1,0,45.58613007,-96.00163705,27149.0,2304.946455889852,0.4424778761061947,225,217,1,0,216,215,9753,9,0,0,9,2
2020-11-06,US,Minnesota,Swift,283,2,0,45.2829032,-95.68264092,27151.0,3054.176559464709,0.7067137809187279,281,270,2,0,268,263,9345,13,0,0,13,7
2020-11-06,US,Minnesota,Todd,1127,9,0,46.06996226,-94.89785296,27153.0,4569.41290950373,0.7985803016858918,1118,1088,9,0,1079,1052,24582,39,0,0,39,36
2020-11-06,US,Minnesota,Traverse,71,0,0,45.77298854,-96.47062949,27155.0,2178.582387235348,0.0,71,68,0,0,68,66,3308,3,0,0,3,2
2020-11-06,US,Minnesota,Unassigned,349,54,0,0.0,0.0,90027.0,0.0,15.472779369627506,295,232,54,0,178,231,,117,0,0,117,1
2020-11-06,US,Minnesota,Wabasha,515,1,0,44.28424356,-92.23121312,27157.0,2381.282655939335,0.1941747572815534,514,497,1,0,496,472,21645,18,0,0,18,25
2020-11-06,US,Minnesota,Wadena,376,5,0,46.58589171,-94.96968506,27159.0,2748.136237392195,1.3297872340425532,371,348,5,0,343,329,13773,28,0,0,28,19
2020-11-06,US,Minnesota,Waseca,995,10,0,44.02211116,-93.58720034,27161.0,5346.013324736729,1.0050251256281406,985,983,10,0,973,981,18691,12,0,0,12,2
2020-11-06,US,Minnesota,Washington,7930,77,0,45.03864533,-92.88429635,27163.0,3021.6430422191747,0.9709962168978562,7853,7694,76,0,7618,7519,259201,236,1,0,235,175
2020-11-06,US,Minnesota,Watonwan,614,4,0,43.97823903,-94.61413846,27165.0,5634.578324309443,0.6514657980456026,610,612,4,0,608,611,10980,2,0,0,2,1
2020-11-06,US,Minnesota,Wilkin,176,4,0,46.35721532,-96.4684375,27167.0,2835.5082970839376,2.272727272727273,172,170,4,0,166,163,6254,6,0,0,6,7
2020-11-06,US,Minnesota,Winona,1606,20,0,43.98772283,-91.78081305,27169.0,3181.20592663022,1.2453300124533002,1586,1545,20,0,1525,1503,50825,61,0,0,61,42
2020-11-06,US,Minnesota,Wright,3514,18,0,45.17297924,-93.96234781,27171.0,2539.4393576967277,0.5122367672168469,3496,3356,16,0,3340,3238,136349,158,2,0,156,118
2020-11-06,US,Minnesota,Yellow Medicine,373,7,0,44.71710183,-95.86842453,27173.0,3841.796271500669,1.8766756032171583,366,359,7,0,352,353,9795,14,0,0,14,6
2020-11-06,US,Mississippi,Adams,1155,46,0,31.47669768,-91.35326037,28001.0,3763.073013390675,3.982683982683983,1109,1148,46,0,1102,1139,31192,7,0,0,7,9
2020-11-06,US,Mississippi,Alcorn,1186,14,0,34.88084463,-88.57996173,28003.0,3209.482315373583,1.1804384485666104,1172,1182,14,0,1168,1144,36925,4,0,0,4,38
2020-11-06,US,Mississippi,Amite,441,14,0,31.17467303,-90.80501621,28005.0,3586.24054647475,3.1746031746031744,427,440,14,0,426,439,12326,1,0,0,1,1
2020-11-06,US,Mississippi,Attala,844,27,0,33.08658803,-89.57838564,28007.0,4643.9969186750295,3.199052132701422,817,838,27,0,811,830,18365,6,0,0,6,8
2020-11-06,US,Mississippi,Benton,403,12,0,34.81681228,-89.18945516,28009.0,4879.525366267103,2.977667493796526,391,396,12,0,384,387,8271,7,0,0,7,9
2020-11-06,US,Mississippi,Bolivar,2125,81,0,33.79696941,-90.87372121,28011.0,6938.0958599973865,3.8117647058823527,2044,2103,81,0,2022,2081,31333,22,0,0,22,22
2020-11-06,US,Mississippi,Calhoun,649,13,0,33.93683395,-89.33686647,28013.0,4519.1839008425595,2.0030816640986133,636,648,13,0,635,647,14436,1,0,0,1,1
2020-11-06,US,Mississippi,Carroll,557,12,0,33.44834567,-89.91994479,28015.0,5599.678294963304,2.154398563734291,545,552,12,0,540,541,9911,5,0,0,5,11
2020-11-06,US,Mississippi,Chickasaw,897,31,0,33.91983202,-88.9481545,28017.0,5244.693913348536,3.455964325529543,866,890,31,0,859,885,17171,7,0,0,7,5
2020-11-06,US,Mississippi,Choctaw,229,7,0,33.34598242,-89.24809382,28019.0,2789.281364190012,3.056768558951965,222,226,7,0,219,224,8278,3,0,0,3,2
2020-11-06,US,Mississippi,Claiborne,550,16,0,31.97061673,-90.90702196,28021.0,6119.270137961727,2.9090909090909087,534,548,16,0,532,545,9002,2,0,0,2,3
2020-11-06,US,Mississippi,Clarke,812,53,0,32.04158545,-88.68896219999998,28023.0,5224.889003281642,6.527093596059113,759,812,53,0,759,801,15604,0,0,0,0,11
2020-11-06,US,Mississippi,Clay,754,23,0,33.65358105,-88.77784255,28025.0,3903.499689376683,3.0503978779840852,731,748,23,0,725,741,19386,6,0,0,6,7
2020-11-06,US,Mississippi,Coahoma,1306,37,0,34.22772299,-90.60415045,28027.0,5903.091665160007,2.833078101071976,1269,1305,37,0,1268,1299,22628,1,0,0,1,6
2020-11-06,US,Mississippi,Copiah,1432,38,0,31.86977774,-90.44565118,28029.0,5102.440762515589,2.653631284916201,1394,1427,38,0,1389,1421,28543,5,0,0,5,6
2020-11-06,US,Mississippi,Covington,1046,31,0,31.63225413,-89.55389939,28031.0,5612.792444730629,2.9636711281070744,1015,1043,31,0,1012,1030,18853,3,0,0,3,13
2020-11-06,US,Mississippi,DeSoto,8036,82,0,34.87625235,-89.99091418,28033.0,4345.075563005218,1.020408163265306,7954,7916,82,0,7834,7729,182001,120,0,0,120,187
2020-11-06,US,Mississippi,Forrest,3256,82,0,31.18961454,-89.25832496,28035.0,4347.303630318971,2.518427518427518,3174,3230,81,0,3149,3196,75036,26,1,0,25,34
2020-11-06,US,Mississippi,Franklin,260,3,0,31.47786634,-90.89672989,28037.0,3370.932192402437,1.1538461538461535,257,260,3,0,257,259,7788,0,0,0,0,1
2020-11-06,US,Mississippi,George,1077,21,0,30.86259065,-88.64436789,28039.0,4395.918367346939,1.9498607242339836,1056,1068,21,0,1047,1044,24250,9,0,0,9,24
2020-11-06,US,Mississippi,Greene,507,18,0,31.21444233,-88.63922281,28041.0,3731.7827175033117,3.5502958579881656,489,503,18,0,485,494,13586,4,0,0,4,9
2020-11-06,US,Mississippi,Grenada,1266,42,0,33.77036166,-89.80245083,28043.0,6098.853454089989,3.3175355450236967,1224,1262,42,0,1220,1258,21055,4,0,0,4,4
2020-11-06,US,Mississippi,Hancock,949,33,0,30.41830223,-89.48851033,28045.0,1992.35807860262,3.4773445732349844,916,933,32,0,901,921,47334,16,1,0,15,12
2020-11-06,US,Mississippi,Harrison,5939,91,0,30.51359752,-89.12467576,28047.0,2854.1906958861987,1.532244485603637,5848,5868,91,0,5777,5728,206650,71,0,0,71,140
2020-11-06,US,Mississippi,Hinds,8429,181,0,32.2656285,-90.44435448,28049.0,3635.6970324361628,2.1473484399098357,8248,8362,181,0,8181,8292,237085,67,0,0,67,70
2020-11-06,US,Mississippi,Holmes,1164,60,0,33.12345854,-90.08923538,28051.0,6843.033509700176,5.154639175257731,1104,1160,60,0,1100,1159,17622,4,0,0,4,1
2020-11-06,US,Mississippi,Humphreys,481,18,0,33.12825718,-90.52252707,28053.0,5964.781746031746,3.7422037422037424,463,480,18,0,462,476,8257,1,0,0,1,4
2020-11-06,US,Mississippi,Issaquena,107,4,0,32.72531359,-90.97392828,28055.0,8063.300678221552,3.7383177570093458,103,107,4,0,103,107,1308,0,0,0,0,0
2020-11-06,US,Mississippi,Itawamba,1250,30,0,34.27993475,-88.3606733,28057.0,5344.164172723386,2.4,1220,1239,29,0,1210,1221,23517,11,1,0,10,18
2020-11-06,US,Mississippi,Jackson,5248,101,0,30.54020656,-88.64184064,28059.0,3654.1635043205188,1.9245426829268293,5147,5184,100,0,5084,5077,143277,64,1,0,63,107
2020-11-06,US,Mississippi,Jasper,726,19,0,32.01922104,-89.11786866,28061.0,4431.422816334005,2.6170798898071626,707,724,19,0,705,718,16428,2,0,0,2,6
2020-11-06,US,Mississippi,Jefferson,291,11,0,31.73397872,-91.03764977,28063.0,4163.090128755365,3.7800687285223367,280,288,11,0,277,286,7106,3,0,0,3,2
2020-11-06,US,Mississippi,Jefferson Davis,457,13,0,31.56884708,-89.82670990000004,28065.0,4106.757728253057,2.844638949671773,444,454,13,0,441,436,11234,3,0,0,3,18
2020-11-06,US,Mississippi,Jones,3104,84,0,31.62257767,-89.16896899999998,28067.0,4558.136802842962,2.706185567010309,3020,3082,84,0,2998,3054,68461,22,0,0,22,28
2020-11-06,US,Mississippi,Kemper,342,15,0,32.75462946,-88.64105766,28069.0,3510.5727776637236,4.385964912280701,327,341,15,0,326,340,10027,1,0,0,1,1
2020-11-06,US,Mississippi,Lafayette,2674,43,0,34.35687874,-89.48490961,28071.0,4950.11014642996,1.6080777860882574,2631,2658,43,0,2615,2640,54793,16,0,0,16,18
2020-11-06,US,Mississippi,Lamar,2466,41,0,31.20572971,-89.5077704,28073.0,3893.090002052318,1.6626115166261148,2425,2451,41,0,2410,2426,62447,15,0,0,15,25
2020-11-06,US,Mississippi,Lauderdale,2773,136,0,32.40419769,-88.66229662,28075.0,3740.9780775716695,4.904435629282366,2637,2749,135,0,2614,2713,75317,24,1,0,23,36
2020-11-06,US,Mississippi,Lawrence,593,14,0,31.55147224,-90.10841127,28077.0,4711.58430001589,2.360876897133221,579,589,14,0,575,581,12455,4,0,0,4,8
2020-11-06,US,Mississippi,Leake,1196,43,0,32.7536828,-89.52402044,28079.0,5248.837005178619,3.5953177257525084,1153,1195,42,0,1153,1191,22763,1,1,0,0,4
2020-11-06,US,Mississippi,Lee,3959,85,0,34.291877500000005,-88.68149954,28081.0,4633.877990542628,2.147006819904016,3874,3888,84,0,3804,3830,85202,71,1,0,70,58
2020-11-06,US,Mississippi,Leflore,1808,88,0,33.55545125,-90.29900733,28083.0,6415.214845829046,4.867256637168142,1720,1802,88,0,1714,1786,28919,6,0,0,6,16
2020-11-06,US,Mississippi,Lincoln,1516,62,0,31.53288662,-90.45391915,28085.0,4438.848710215793,4.089709762532983,1454,1504,61,0,1443,1489,34205,12,1,0,11,15
2020-11-06,US,Mississippi,Lowndes,1947,62,0,33.47386518,-88.44191529999998,28087.0,3322.8091134055812,3.184386235233693,1885,1941,62,0,1879,1901,58930,6,0,0,6,40
2020-11-06,US,Mississippi,Madison,4005,94,0,32.63389156,-90.03513564,28089.0,3768.631436314363,2.3470661672908864,3911,3986,94,0,3892,3958,105630,19,0,0,19,28
2020-11-06,US,Mississippi,Marion,997,46,0,31.23132643,-89.8209217,28091.0,4057.2986611321367,4.613841524573722,951,991,46,0,945,987,24715,6,0,0,6,4
2020-11-06,US,Mississippi,Marshall,1650,34,0,34.76216286,-89.50299462,28093.0,4675.015583385278,2.060606060606061,1616,1639,34,0,1605,1602,35451,11,0,0,11,37
2020-11-06,US,Mississippi,Monroe,1640,75,0,33.89236763,-88.4808438,28095.0,4652.218313854533,4.573170731707316,1565,1629,75,0,1554,1607,35564,11,0,0,11,22
2020-11-06,US,Mississippi,Montgomery,601,23,0,33.49419589,-89.61729103,28097.0,6148.3375959079285,3.826955074875208,578,600,23,0,577,583,10023,1,0,0,1,17
2020-11-06,US,Mississippi,Neshoba,1938,112,0,32.75339664,-89.11726492,28099.0,6655.67690088605,5.779153766769865,1826,1929,111,0,1818,1914,29125,9,1,0,8,15
2020-11-06,US,Mississippi,Newton,904,28,0,32.40021118,-89.11843336,28101.0,4301.075268817204,3.0973451327433628,876,901,28,0,873,891,21443,3,0,0,3,10
2020-11-06,US,Mississippi,Noxubee,620,17,0,33.11009499,-88.56949061,28103.0,5951.809542094653,2.7419354838709675,603,615,17,0,598,612,10535,5,0,0,5,3
2020-11-06,US,Mississippi,Oktibbeha,2132,57,0,33.42491685,-88.87905132,28105.0,4299.513985520399,2.673545966228893,2075,2117,57,0,2060,2098,49599,15,0,0,15,19
2020-11-06,US,Mississippi,Panola,1802,41,0,34.36398677,-89.95064249,28107.0,5270.238652316331,2.2752497225305217,1761,1789,41,0,1748,1770,34178,13,0,0,13,19
2020-11-06,US,Mississippi,Pearl River,1255,62,0,30.77090935,-89.58677275,28109.0,2259.836139371568,4.940239043824701,1193,1251,62,0,1189,1232,55387,4,0,0,4,19
2020-11-06,US,Mississippi,Perry,553,23,0,31.17161885,-88.99281835,28111.0,4618.725465631002,4.159132007233273,530,553,23,0,530,547,11931,0,0,0,0,6
2020-11-06,US,Mississippi,Pike,1442,56,0,31.17507789,-90.40392572,28113.0,3670.3319079617186,3.8834951456310685,1386,1442,56,0,1386,1432,39563,0,0,0,0,10
2020-11-06,US,Mississippi,Pontotoc,1645,21,0,34.226046000000004,-89.03636807,28115.0,5112.824019394542,1.2765957446808511,1624,1619,21,0,1598,1591,31833,26,0,0,26,28
2020-11-06,US,Mississippi,Prentiss,1164,21,0,34.61810501,-88.51986294,28117.0,4632.651436758736,1.8041237113402064,1143,1157,20,0,1137,1131,25315,7,1,0,6,26
2020-11-06,US,Mississippi,Quitman,434,7,0,34.25157572,-90.28908,28119.0,6389.8704358068335,1.6129032258064515,427,431,7,0,424,427,7051,3,0,0,3,4
2020-11-06,US,Mississippi,Rankin,4373,88,0,32.26469147,-89.94537876,28121.0,2816.366224214438,2.0123485021724217,4285,4309,88,0,4221,4258,153902,64,0,0,64,51
2020-11-06,US,Mississippi,Scott,1318,29,0,32.406704100000006,-89.53789439,28123.0,4686.388849381311,2.200303490136571,1289,1313,29,0,1284,1307,28287,5,0,0,5,6
2020-11-06,US,Mississippi,Sharkey,293,15,0,32.88149103,-90.81595379999999,28125.0,6780.837769034945,5.119453924914676,278,293,15,0,278,292,4377,0,0,0,0,1
2020-11-06,US,Mississippi,Simpson,1288,50,0,31.91282117,-89.91716179,28127.0,4831.570260334609,3.881987577639752,1238,1286,50,0,1236,1272,26758,2,0,0,2,14
2020-11-06,US,Mississippi,Smith,633,16,0,32.01744532,-89.50644846,28129.0,3977.129932143754,2.527646129541864,617,630,16,0,614,622,16002,3,0,0,3,8
2020-11-06,US,Mississippi,Stone,540,14,0,30.79187949,-89.11547539,28131.0,2945.026178010471,2.592592592592593,526,531,14,0,517,522,18717,9,0,0,9,9
2020-11-06,US,Mississippi,Sunflower,1719,53,0,33.60192578,-90.58882684,28133.0,6845.878136200717,3.0831878999418265,1666,1711,52,0,1659,1699,25735,8,1,0,7,12
2020-11-06,US,Mississippi,Tallahatchie,895,26,0,33.95339918,-90.1729398,28135.0,6481.280324426099,2.9050279329608935,869,892,26,0,866,877,13987,3,0,0,3,15
2020-11-06,US,Mississippi,Tate,1343,40,0,34.65133709,-89.94485778,28137.0,4742.064192648565,2.978406552494416,1303,1330,39,0,1291,1293,28759,13,1,0,12,37
2020-11-06,US,Mississippi,Tippah,1021,26,0,34.76872156,-88.90988194,28139.0,4637.746990688167,2.5465230166503434,995,1009,25,0,984,992,21995,12,1,0,11,17
2020-11-06,US,Mississippi,Tishomingo,878,41,0,34.74023475,-88.23917219,28141.0,4529.7425579115725,4.669703872437358,837,872,41,0,831,859,19454,6,0,0,6,13
2020-11-06,US,Mississippi,Tunica,553,17,0,34.64967704,-90.37481167,28143.0,5741.279069767442,3.0741410488245933,536,549,17,0,532,546,9944,4,0,0,4,3
2020-11-06,US,Mississippi,Union,1330,25,0,34.49162015,-89.00776006,28145.0,4615.651570362658,1.8796992481203008,1305,1325,25,0,1300,1302,28606,5,0,0,5,23
2020-11-06,US,Mississippi,Walthall,673,27,0,31.14971548,-90.10446654,28147.0,4710.905781884362,4.011887072808321,646,669,27,0,642,662,14465,4,0,0,4,7
2020-11-06,US,Mississippi,Warren,1606,56,0,32.35810271,-90.83352619,28149.0,3538.925982239263,3.4869240348692405,1550,1600,56,0,1544,1591,46176,6,0,0,6,9
2020-11-06,US,Mississippi,Washington,2760,105,0,33.28392041,-90.94196237,28151.0,6285.727299642443,3.804347826086957,2655,2751,104,0,2647,2710,45063,9,1,0,8,41
2020-11-06,US,Mississippi,Wayne,1061,22,0,31.64135687,-88.69573913,28153.0,5256.899370757567,2.0735155513666355,1039,1059,22,0,1037,1051,20298,2,0,0,2,8
2020-11-06,US,Mississippi,Webster,387,13,0,33.61300486,-89.28392912,28155.0,3994.2202497677777,3.3591731266149867,374,388,13,0,375,387,9788,-1,0,0,-1,1
2020-11-06,US,Mississippi,Wilkinson,351,21,0,31.16078225,-91.31018819,28157.0,4067.20741599073,5.982905982905983,330,350,21,0,329,350,8792,1,0,0,1,0
2020-11-06,US,Mississippi,Winston,923,22,0,33.08747908,-89.03391385,28159.0,5140.629351155667,2.38353196099675,901,911,22,0,889,893,18165,12,0,0,12,18
2020-11-06,US,Mississippi,Yalobusha,593,23,0,34.02824175,-89.70762049999998,28161.0,4897.588371324744,3.87858347386172,570,593,23,0,570,585,12392,0,0,0,0,8
2020-11-06,US,Mississippi,Yazoo,1327,36,0,32.77890365,-90.39656148,28163.0,4469.518356348939,2.7128862094951023,1291,1323,36,0,1287,1317,28248,4,0,0,4,6
2020-11-06,US,Missouri,Adair,650,0,0,40.19058551,-92.60078167,29001.0,2564.8107958805194,0.0,650,632,0,0,632,603,25339,18,0,0,18,29
2020-11-06,US,Missouri,Andrew,512,8,0,39.98492163,-94.80163024,29003.0,2890.695573622403,1.5625,504,501,8,0,493,492,17607,11,0,0,11,9
2020-11-06,US,Missouri,Atchison,98,1,0,40.43238737,-95.42970639,29005.0,1905.5026249270848,1.020408163265306,97,95,1,0,94,91,5171,3,0,0,3,4
2020-11-06,US,Missouri,Audrain,708,10,0,39.215877,-91.84242683,29007.0,2788.719079880259,1.4124293785310735,698,695,10,0,685,681,25473,13,0,0,13,14
2020-11-06,US,Missouri,Barry,997,18,0,36.70978521,-93.82919888,29009.0,2785.7721646315917,1.8054162487462384,979,976,10,0,966,963,35886,21,8,0,13,13
2020-11-06,US,Missouri,Barton,479,4,0,37.50207671,-94.34757022,29011.0,4075.208439680109,0.8350730688935282,475,472,4,0,468,461,11798,7,0,0,7,11
2020-11-06,US,Missouri,Bates,286,8,0,38.25271289,-94.34113157,29013.0,1768.4887459807073,2.797202797202797,278,283,8,0,275,280,16320,3,0,0,3,3
2020-11-06,US,Missouri,Benton,547,7,0,38.29503305,-93.28756116,29015.0,2813.3518489944972,1.279707495429616,540,531,7,0,524,518,19278,16,0,0,16,13
2020-11-06,US,Missouri,Bollinger,585,4,0,37.32449052,-90.02725304,29017.0,4821.561031896481,0.6837606837606838,581,576,3,0,573,571,12169,9,1,0,8,5
2020-11-06,US,Missouri,Boone,7081,15,0,38.99186229,-92.30723575,29019.0,3923.796013587273,0.21183448665442733,7066,6850,15,0,6835,6634,180005,231,0,0,231,216
2020-11-06,US,Missouri,Buchanan,3261,45,0,39.65816401,-94.80138942,29021.0,3732.6587610457395,1.3799448022079115,3216,3219,44,0,3175,3182,88571,42,1,0,41,37
2020-11-06,US,Missouri,Butler,1472,8,0,36.71462476,-90.40421163,29023.0,3465.3232261405897,0.5434782608695652,1464,1456,8,0,1448,1441,42639,16,0,0,16,15
2020-11-06,US,Missouri,Caldwell,215,1,0,39.65620858,-93.98308093,29025.0,2383.592017738359,0.4651162790697674,214,203,1,0,202,200,9108,12,0,0,12,3
2020-11-06,US,Missouri,Callaway,1752,7,0,38.83674754,-91.92186505,29027.0,3915.696310037324,0.3995433789954338,1745,1666,7,0,1659,1607,44889,86,0,0,86,59
2020-11-06,US,Missouri,Camden,1790,37,0,38.02199522,-92.76083747,29029.0,3865.6732534283556,2.0670391061452515,1753,1763,37,0,1726,1741,45815,27,0,0,27,22
2020-11-06,US,Missouri,Cape Girardeau,3139,55,0,37.38489388,-89.6843587,29031.0,3979.9165726312585,1.7521503663587132,3084,3063,55,0,3008,2998,78753,76,0,0,76,65
2020-11-06,US,Missouri,Carroll,247,4,0,39.42762566,-93.50626255,29033.0,2845.949994238967,1.6194331983805668,243,240,4,0,236,232,8743,7,0,0,7,8
2020-11-06,US,Missouri,Carter,202,3,0,36.94160441,-90.96051322,29035.0,3376.7970578401873,1.4851485148514851,199,201,3,0,198,198,6054,1,0,0,1,3
2020-11-06,US,Missouri,Cass,2387,33,0,38.64789422,-94.353399,29037.0,2256.570240121006,1.3824884792626728,2354,2351,33,0,2318,2311,104954,36,0,0,36,40
2020-11-06,US,Missouri,Cedar,276,4,0,37.72391475,-93.85445441,29039.0,1923.4789880827927,1.4492753623188406,272,274,4,0,270,272,14165,2,0,0,2,2
2020-11-06,US,Missouri,Chariton,105,0,0,39.51499357,-92.9629191,29041.0,1413.9509830325885,0.0,105,94,0,0,94,80,7451,11,0,0,11,14
2020-11-06,US,Missouri,Christian,2669,17,0,36.9711783,-93.18537118,29043.0,3012.585360347649,0.6369426751592356,2652,2620,17,0,2603,2584,86983,49,0,0,49,36
2020-11-06,US,Missouri,Clark,156,2,0,40.41040752,-91.73661677,29045.0,2295.130204501986,1.2820512820512822,154,153,2,0,151,137,6842,3,0,0,3,16
2020-11-06,US,Missouri,Clay,3036,50,0,39.31132056,-94.41850862,29047.0,1214.652647750732,1.6469038208168645,2986,2978,50,0,2928,2882,246365,58,0,0,58,96
2020-11-06,US,Missouri,Clinton,607,29,0,39.6013098,-94.40465394,29049.0,2977.387550890273,4.777594728171335,578,594,29,0,565,588,20470,13,0,0,13,6
2020-11-06,US,Missouri,Cole,3915,26,0,38.50455671,-92.27860244,29051.0,5101.309531565575,0.6641123882503193,3889,3766,26,0,3740,3663,76796,149,0,0,149,103
2020-11-06,US,Missouri,Cooper,786,4,0,38.844478,-92.80896081,29053.0,4438.421141792309,0.5089058524173028,782,753,4,0,749,708,17603,33,0,0,33,45
2020-11-06,US,Missouri,Crawford,771,9,0,37.97663738,-91.30528104,29055.0,3223.2441471571906,1.1673151750972763,762,752,9,0,743,730,23957,19,0,0,19,22
2020-11-06,US,Missouri,Dade,169,3,0,37.431814,-93.8503345,29057.0,2235.1540801481287,1.7751479289940828,166,162,3,0,159,160,7569,7,0,0,7,2
2020-11-06,US,Missouri,Dallas,429,2,0,37.681135499999996,-93.02127031,29059.0,2541.7703519374327,0.4662004662004662,427,428,2,0,426,417,16762,1,0,0,1,11
2020-11-06,US,Missouri,Daviess,246,4,0,39.96145298,-93.98519678,29061.0,2971.732302488524,1.6260162601626016,242,243,4,0,239,241,8313,3,0,0,3,2
2020-11-06,US,Missouri,DeKalb,387,4,0,39.89201062,-94.40476508,29063.0,3084.402646050849,1.0335917312661498,383,381,4,0,377,373,12630,6,0,0,6,8
2020-11-06,US,Missouri,Dent,297,4,0,37.60663134,-91.50790473,29065.0,1907.1469851666345,1.3468013468013469,293,291,4,0,287,286,15441,6,0,0,6,5
2020-11-06,US,Missouri,Douglas,319,13,0,36.9325593,-92.49905109,29067.0,2419.4160030337507,4.075235109717869,306,315,13,0,302,314,13373,4,0,0,4,1
2020-11-06,US,Missouri,Dunklin,1294,13,0,36.27167174,-90.09122243,29069.0,4442.003364113832,1.0046367851622875,1281,1257,13,0,1244,1240,29423,37,0,0,37,17
2020-11-06,US,Missouri,Franklin,3175,50,0,38.41127108,-91.07522826,29071.0,3053.8536266315277,1.5748031496062993,3125,3137,50,0,3087,3060,103670,38,0,0,38,77
2020-11-06,US,Missouri,Gasconade,318,24,0,38.43947277,-91.50847147,29073.0,2162.3827009383926,7.547169811320754,294,309,24,0,285,303,14705,9,0,0,9,6
2020-11-06,US,Missouri,Gentry,228,10,0,40.21097916,-94.40944419,29075.0,3469.7915081418355,4.385964912280701,218,218,10,0,208,213,6628,10,0,0,10,5
2020-11-06,US,Missouri,Greene,10249,152,0,37.2575872,-93.34230916,29077.0,3496.925816995695,1.4830715191726025,10097,10106,147,0,9959,9974,291923,143,5,0,138,132
2020-11-06,US,Missouri,Grundy,320,11,0,40.11406587,-93.56509276,29079.0,3248.730964467005,3.4375,309,305,11,0,294,296,9914,15,0,0,15,9
2020-11-06,US,Missouri,Harrison,210,1,0,40.35570088,-93.99222144,29081.0,2514.367816091954,0.4761904761904762,209,208,1,0,207,206,8414,2,0,0,2,2
2020-11-06,US,Missouri,Henry,527,8,0,38.38482826,-93.79293734,29083.0,2414.7727272727275,1.5180265654648957,519,508,8,0,500,477,21792,19,0,0,19,31
2020-11-06,US,Missouri,Hickory,269,4,0,37.94163617,-93.3203037,29085.0,2818.5247275775355,1.4869888475836432,265,266,4,0,262,264,9509,3,0,0,3,2
2020-11-06,US,Missouri,Holt,146,1,0,40.09799248,-95.21638879999999,29087.0,3315.9209629797865,0.6849315068493149,145,139,1,0,138,133,4404,7,0,0,7,6
2020-11-06,US,Missouri,Howard,304,2,0,39.1435761,-92.69756691,29089.0,3039.6960303969604,0.6578947368421053,302,298,2,0,296,286,10137,6,0,0,6,12
2020-11-06,US,Missouri,Howell,1329,14,0,36.77383887,-91.88683935,29091.0,3312.810030660319,1.053423626787058,1315,1318,14,0,1304,1310,40076,11,0,0,11,8
2020-11-06,US,Missouri,Iron,134,0,0,37.55487945,-90.7735296,29093.0,1323.4567901234568,0.0,134,126,0,0,126,124,10177,8,0,0,8,2
2020-11-06,US,Missouri,Jackson,11493,144,0,39.01002188,-94.34724536,29095.0,1634.8250596363355,1.2529365700861397,11349,11224,144,0,11080,11002,700307,269,0,0,269,222
2020-11-06,US,Missouri,Jasper,5889,84,0,37.20351921,-94.34050458,29097.0,4853.784781748648,1.4263881813550687,5805,5809,81,0,5728,5730,120636,80,3,0,77,79
2020-11-06,US,Missouri,Jefferson,6641,90,0,38.25926778,-90.53870896,29099.0,2950.493377939497,1.3552175877126942,6551,6478,90,0,6388,6333,224347,163,0,0,163,145
2020-11-06,US,Missouri,Johnson,1763,10,0,38.74719601,-93.80691168,29101.0,3261.0706226184748,0.5672149744753261,1753,1693,10,0,1683,1675,53652,70,0,0,70,18
2020-11-06,US,Missouri,Kansas City,16410,227,0,39.0997,-94.5786,0.0,3356.219436621447,1.3833028641072518,16183,16159,224,0,15935,15892,491918,251,3,0,248,267
2020-11-06,US,Missouri,Knox,79,1,0,40.12699751,-92.14780832,29103.0,1995.4533973225562,1.2658227848101269,78,73,1,0,72,70,3947,6,0,0,6,3
2020-11-06,US,Missouri,Laclede,1347,25,0,37.65896829,-92.5888493,29105.0,3770.6799540912016,1.8559762435040832,1322,1319,25,0,1294,1303,35713,28,0,0,28,16
2020-11-06,US,Missouri,Lafayette,1025,26,0,39.06986886,-93.78076396,29107.0,3133.7898984957815,2.5365853658536586,999,990,26,0,964,973,32598,35,0,0,35,17
2020-11-06,US,Missouri,Lawrence,1324,26,0,37.10626634,-93.83293097,29109.0,3451.9619345587275,1.9637462235649548,1298,1284,25,0,1259,1256,38359,40,1,0,39,28
2020-11-06,US,Missouri,Lewis,260,2,0,40.09673161,-91.72070156,29111.0,2659.5744680851058,0.7692307692307693,258,255,2,0,253,245,9855,5,0,0,5,10
2020-11-06,US,Missouri,Lincoln,1428,5,0,39.05345619,-90.95588181,29113.0,2419.805805500483,0.3501400560224089,1423,1406,5,0,1401,1373,57686,22,0,0,22,33
2020-11-06,US,Missouri,Linn,196,7,0,39.87001769,-93.10704106,29115.0,1644.2953020134228,3.571428571428572,189,185,7,0,178,181,12037,11,0,0,11,4
2020-11-06,US,Missouri,Livingston,604,9,0,39.78110272,-93.54645978,29117.0,3966.638208445525,1.4900662251655632,595,594,9,0,585,592,15146,10,0,0,10,2
2020-11-06,US,Missouri,Macon,302,1,0,39.83049768,-92.56453089,29121.0,1997.7508764966599,0.3311258278145696,301,285,1,0,284,273,15153,17,0,0,17,12
2020-11-06,US,Missouri,Madison,569,3,0,37.47865134,-90.34671429999999,29123.0,4707.147584381204,0.5272407732864675,566,560,3,0,557,555,12188,9,0,0,9,5
2020-11-06,US,Missouri,Maries,240,1,0,38.16193985,-91.92249662,29125.0,2759.5722662987237,0.4166666666666667,239,236,1,0,235,230,8769,4,0,0,4,6
2020-11-06,US,Missouri,Marion,1123,14,0,39.80601912,-91.62203062,29127.0,3936.207500876271,1.2466607301869992,1109,1101,14,0,1087,1078,28592,22,0,0,22,23
2020-11-06,US,Missouri,McDonald,1274,13,0,36.62869595,-94.34867205,29119.0,5578.666199588388,1.020408163265306,1261,1271,13,0,1258,1269,23078,3,0,0,3,2
2020-11-06,US,Missouri,Mercer,39,0,0,40.42212303,-93.56829590000001,29129.0,1078.24163671551,0.0,39,39,0,0,39,37,3641,0,0,0,0,2
2020-11-06,US,Missouri,Miller,1067,18,0,38.21450288,-92.42610898,29131.0,4164.87762988407,1.6869728209934396,1049,1031,18,0,1013,1014,25336,36,0,0,36,17
2020-11-06,US,Missouri,Mississippi,508,6,0,36.82516239,-89.29505753,29133.0,3854.3247344461297,1.1811023622047243,502,500,6,0,494,495,13336,8,0,0,8,5
2020-11-06,US,Missouri,Moniteau,783,12,0,38.63571781,-92.57976951,29135.0,4853.706917927101,1.5325670498084292,771,770,12,0,758,750,16121,13,0,0,13,20
2020-11-06,US,Missouri,Monroe,216,2,0,39.49593978,-92.00043978,29137.0,2498.843128181397,0.925925925925926,214,206,2,0,204,197,8664,10,0,0,10,9
2020-11-06,US,Missouri,Montgomery,220,2,0,38.94022054,-91.47000721,29139.0,1904.5970045883475,0.9090909090909092,218,210,2,0,208,205,11534,10,0,0,10,5
2020-11-06,US,Missouri,Morgan,802,8,0,38.4181765,-92.88791859,29141.0,3888.107819847772,0.9975062344139652,794,791,8,0,783,774,20358,11,0,0,11,17
2020-11-06,US,Missouri,New Madrid,898,23,0,36.59666326,-89.66070007,29143.0,5258.842820332628,2.5612472160356345,875,874,23,0,851,861,17296,24,0,0,24,13
2020-11-06,US,Missouri,Newton,2295,22,0,36.90519407,-94.3394104,29145.0,3940.8613228930562,0.9586056644880174,2273,2257,22,0,2235,2239,58266,38,0,0,38,18
2020-11-06,US,Missouri,Nodaway,1417,11,0,40.36079813,-94.88133008,29147.0,6414.0865471663965,0.7762879322512349,1406,1382,11,0,1371,1349,22304,35,0,0,35,33
2020-11-06,US,Missouri,Oregon,275,0,0,36.68710164,-91.4033755,29149.0,2611.8339823345045,0.0,275,265,0,0,265,262,10541,10,0,0,10,3
2020-11-06,US,Missouri,Osage,629,3,0,38.46036182,-91.8613635,29151.0,4619.904517076754,0.4769475357710652,626,615,3,0,612,594,13714,14,0,0,14,21
2020-11-06,US,Missouri,Ozark,234,1,0,36.64916339,-92.44459066,29153.0,2550.6867233485937,0.4273504273504273,233,232,1,0,231,231,9017,2,0,0,2,1
2020-11-06,US,Missouri,Pemiscot,807,14,0,36.2130572,-89.78742322,29155.0,5105.979120531479,1.7348203221809169,793,797,14,0,783,784,16272,10,0,0,10,13
2020-11-06,US,Missouri,Perry,986,8,0,37.70660776,-89.82741088,29157.0,5152.591973244147,0.8113590263691683,978,931,8,0,923,906,19150,55,0,0,55,25
2020-11-06,US,Missouri,Pettis,2045,24,0,38.72798918,-93.28471706,29159.0,4830.0621176692875,1.1735941320293402,2021,1948,24,0,1924,1870,42542,97,0,0,97,78
2020-11-06,US,Missouri,Phelps,1012,30,0,37.87736118,-91.79351727,29161.0,2270.432773203509,2.9644268774703564,982,988,30,0,958,959,44732,24,0,0,24,29
2020-11-06,US,Missouri,Pike,445,8,0,39.34310674,-91.16980779,29163.0,2431.4282592066447,1.7977528089887642,437,431,8,0,423,417,18504,14,0,0,14,14
2020-11-06,US,Missouri,Platte,1153,13,0,39.38154439,-94.77068479,29165.0,1104.21574824264,1.1274934952298352,1140,1130,13,0,1117,1097,102985,23,0,0,23,33
2020-11-06,US,Missouri,Polk,1119,11,0,37.616229600000004,-93.39828174,29167.0,3480.6681389778837,0.9830205540661304,1108,1112,11,0,1101,1106,32201,7,0,0,7,6
2020-11-06,US,Missouri,Pulaski,1143,11,0,37.82462075,-92.20783203,29169.0,2172.7146577451667,0.9623797025371827,1132,1118,11,0,1107,1107,52014,25,0,0,25,11
2020-11-06,US,Missouri,Putnam,66,1,0,40.47942497,-93.02042674,29171.0,1405.451448040886,1.5151515151515151,65,65,1,0,64,65,4757,1,0,0,1,0
2020-11-06,US,Missouri,Ralls,244,0,0,39.52817427,-91.51838643,29173.0,2366.863905325444,0.0,244,235,0,0,235,227,10212,9,0,0,9,8
2020-11-06,US,Missouri,Randolph,758,3,0,39.44007257,-92.49713740000001,29175.0,3062.8737675771777,0.39577836411609496,755,740,3,0,737,720,24763,18,0,0,18,20
2020-11-06,US,Missouri,Ray,382,2,0,39.353746799999996,-93.98905745,29177.0,1659.5707707011904,0.5235602094240838,380,365,2,0,363,349,22883,17,0,0,17,16
2020-11-06,US,Missouri,Reynolds,107,1,0,37.36085952,-90.97009925,29179.0,1706.5390749601277,0.9345794392523364,106,100,1,0,99,98,6254,7,0,0,7,2
2020-11-06,US,Missouri,Ripley,317,5,0,36.65460667,-90.85990261,29181.0,2385.6110776640576,1.5772870662460567,312,310,5,0,305,306,13401,7,0,0,7,4
2020-11-06,US,Missouri,Saline,1095,11,0,39.13734288,-93.20259964,29195.0,4810.860682746804,1.0045662100456618,1084,1081,11,0,1070,1055,22895,14,0,0,14,26
2020-11-06,US,Missouri,Schuyler,73,0,0,40.46921489,-92.52311943,29197.0,1566.5236051502145,0.0,73,64,0,0,64,57,4599,9,0,0,9,7
2020-11-06,US,Missouri,Scotland,92,1,0,40.45214695,-92.14709064,29199.0,1876.7849857201145,1.0869565217391304,91,88,1,0,87,84,4966,4,0,0,4,4
2020-11-06,US,Missouri,Scott,1688,30,0,37.05588075,-89.56474493,29201.0,4409.613375130616,1.7772511848341233,1658,1645,29,0,1616,1624,38458,43,1,0,42,21
2020-11-06,US,Missouri,Shannon,287,6,0,37.15772072,-91.40190382,29203.0,3514.572618172912,2.0905923344947737,281,283,6,0,277,279,8189,4,0,0,4,4
2020-11-06,US,Missouri,Shelby,119,1,0,39.79742518,-92.07634971,29205.0,2006.7453625632377,0.8403361344537815,118,116,1,0,115,112,6050,3,0,0,3,4
2020-11-06,US,Missouri,St. Charles,12710,157,0,38.77875681,-90.66662425,29183.0,3161.518523861879,1.235247836349331,12553,12430,157,0,12273,12202,399182,280,0,0,280,228
2020-11-06,US,Missouri,St. Clair,152,1,0,38.03699437,-93.77631447,29185.0,1617.5375119719058,0.6578947368421053,151,151,1,0,150,134,9395,1,0,0,1,17
2020-11-06,US,Missouri,St. Francois,3357,30,0,37.81214171,-90.47598685,29187.0,4994.420888194601,0.8936550491510277,3327,3285,30,0,3255,3206,66692,72,0,0,72,79
2020-11-06,US,Missouri,St. Louis,34593,895,0,38.63770039999999,-90.4458375,29189.0,3479.463490929939,2.587228630069667,33698,33920,895,0,33025,33375,996945,673,0,0,673,545
2020-11-06,US,Missouri,St. Louis City,9371,225,0,38.63555736,-90.24349225,29510.0,3117.6807196848717,2.40102443709316,9146,9207,225,0,8982,9102,302838,164,0,0,164,105
2020-11-06,US,Missouri,Ste. Genevieve,582,2,0,37.89090059,-90.1949941,29186.0,3252.4868671062927,0.3436426116838488,580,547,2,0,545,521,17888,35,0,0,35,26
2020-11-06,US,Missouri,Stoddard,1005,15,0,36.85571651,-89.9444155,29207.0,3462.532299741602,1.492537313432836,990,993,15,0,978,979,29206,12,0,0,12,14
2020-11-06,US,Missouri,Stone,829,12,0,36.75000327,-93.45256475,29209.0,2594.516775162744,1.4475271411338964,817,804,11,0,793,791,31749,25,1,0,24,13
2020-11-06,US,Missouri,Sullivan,419,3,0,40.2099105,-93.11150106,29211.0,6881.261290852357,0.7159904534606205,416,406,3,0,403,397,6221,13,0,0,13,9
2020-11-06,US,Missouri,Taney,2002,36,0,36.65465345,-93.04075153,29213.0,3579.6023458732648,1.7982017982017982,1966,1974,36,0,1938,1944,55852,28,0,0,28,30
2020-11-06,US,Missouri,Texas,706,3,0,37.31728859,-91.96564727,29215.0,2779.746436727301,0.42492917847025496,703,678,3,0,675,665,25571,28,0,0,28,13
2020-11-06,US,Missouri,Vernon,415,3,0,37.8457799,-94.34127305,29217.0,2018.1880075864417,0.7228915662650602,412,403,3,0,400,388,20528,12,0,0,12,15
2020-11-06,US,Missouri,Warren,724,2,0,38.76529479,-91.16124662,29219.0,2030.9125080647425,0.27624309392265195,722,710,2,0,708,697,34711,14,0,0,14,13
2020-11-06,US,Missouri,Washington,820,20,0,37.96130078,-90.87948158,29221.0,3315.8107561665997,2.4390243902439024,800,795,20,0,775,766,24943,25,0,0,25,29
2020-11-06,US,Missouri,Wayne,352,3,0,37.11303869,-90.46001416,29223.0,2734.4053445195373,0.8522727272727273,349,346,3,0,343,345,13122,6,0,0,6,1
2020-11-06,US,Missouri,Webster,1322,20,0,37.2813734,-92.876329,29225.0,3339.0583956354817,1.51285930408472,1302,1307,20,0,1287,1290,39109,15,0,0,15,17
2020-11-06,US,Missouri,Worth,39,0,0,40.47945588,-94.42328751,29227.0,1937.4068554396426,0.0,39,38,0,0,38,37,2040,1,0,0,1,1
2020-11-06,US,Missouri,Wright,639,9,0,37.27029221,-92.46914488,29229.0,3493.903439225764,1.4084507042253518,630,635,9,0,626,629,18378,4,0,0,4,6
2020-11-06,US,Montana,Beaverhead,323,2,0,45.13434354,-112.89846940000001,30001.0,3416.9046863429603,0.6191950464396285,321,318,1,0,317,309,9404,5,1,0,4,9
2020-11-06,US,Montana,Big Horn,1512,40,0,45.42335905,-107.492347,30003.0,11352.203618890308,2.6455026455026456,1472,1491,40,0,1451,1478,13338,21,0,0,21,13
2020-11-06,US,Montana,Blaine,398,8,0,48.43175214,-108.9582723,30005.0,5957.19203712019,2.010050251256281,390,398,8,0,390,397,6807,0,0,0,0,1
2020-11-06,US,Montana,Broadwater,107,0,0,46.33277565,-111.49558130000001,30007.0,1715.5683822350488,0.0,107,96,0,0,96,94,6085,11,0,0,11,2
2020-11-06,US,Montana,Carbon,310,1,0,45.22850116,-109.0274047,30009.0,2890.4428904428905,0.3225806451612903,309,292,1,0,291,288,10714,18,0,0,18,4
2020-11-06,US,Montana,Carter,84,2,0,45.5197966,-104.53955359999999,30011.0,6709.2651757188505,2.380952380952381,82,84,2,0,82,77,1238,0,0,0,0,7
2020-11-06,US,Montana,Cascade,2795,16,0,47.30797024,-111.3467922,30013.0,3435.0957402354798,0.5724508050089445,2779,2648,16,0,2632,2472,81643,147,0,0,147,176
2020-11-06,US,Montana,Chouteau,154,0,0,47.88084126,-110.4353362,30015.0,2732.919254658385,0.0,154,134,0,0,134,130,5745,20,0,0,20,4
2020-11-06,US,Montana,Custer,404,5,0,46.25319932,-105.57375259999998,30017.0,3543.2380284160668,1.2376237623762376,399,400,5,0,395,371,11586,4,0,0,4,29
2020-11-06,US,Montana,Daniels,55,3,0,48.78420029,-105.54763429999998,30019.0,3254.4378698224846,5.454545454545454,52,55,3,0,52,55,1747,0,0,0,0,0
2020-11-06,US,Montana,Dawson,331,4,0,47.26584855,-104.89444170000002,30021.0,3843.027980959016,1.2084592145015105,327,320,4,0,316,297,8680,11,0,0,11,23
2020-11-06,US,Montana,Deer Lodge,503,6,0,46.05953325,-113.073353,30023.0,5503.28227571116,1.1928429423459244,497,502,6,0,496,500,9131,1,0,0,1,2
2020-11-06,US,Montana,Fallon,108,0,0,46.33478338,-104.41835649999999,30025.0,3794.799718903725,0.0,108,98,0,0,98,96,2920,10,0,0,10,2
2020-11-06,US,Montana,Fergus,296,2,0,47.26331584,-109.2245206,30027.0,2678.733031674208,0.6756756756756757,294,277,2,0,275,271,11113,19,0,0,19,6
2020-11-06,US,Montana,Flathead,3960,27,0,48.29575866,-114.05205690000001,30029.0,3814.8083925784636,0.6818181818181818,3933,3864,27,0,3837,3847,102106,96,0,0,96,17
2020-11-06,US,Montana,Gallatin,4145,10,0,45.54486106,-111.1692571,30031.0,3622.1752276421344,0.24125452352231605,4135,4057,9,0,4048,3909,111876,88,1,0,87,148
2020-11-06,US,Montana,Garfield,31,0,0,47.27545948,-107.0002351,30033.0,2464.2289348171703,0.0,31,31,0,0,31,31,1268,0,0,0,0,0
2020-11-06,US,Montana,Glacier,1120,16,0,48.70513576,-112.9934235,30035.0,8143.6777430378825,1.4285714285714286,1104,1101,16,0,1085,1069,13747,19,0,0,19,32
2020-11-06,US,Montana,Golden Valley,16,0,0,46.3816474,-109.17685220000001,30037.0,1948.84287454324,0.0,16,16,0,0,16,16,826,0,0,0,0,0
2020-11-06,US,Montana,Granite,83,0,0,46.40605220000001,-113.4414186,30039.0,2456.348031962119,0.0,83,81,0,0,81,74,3378,2,0,0,2,7
2020-11-06,US,Montana,Hill,1006,20,0,48.62879827,-110.1129252,30041.0,6102.887648628975,1.9880715705765408,986,980,20,0,960,970,16347,26,0,0,26,10
2020-11-06,US,Montana,Jefferson,221,0,0,46.14907081,-112.094396,30043.0,1808.362654447263,0.0,221,211,0,0,211,197,12097,10,0,0,10,14
2020-11-06,US,Montana,Judith Basin,19,0,0,47.04581276,-110.26606880000001,30045.0,946.6865969108121,0.0,19,19,0,0,19,18,1952,0,0,0,0,1
2020-11-06,US,Montana,Lake,692,7,0,47.64514965,-114.0898013,30047.0,2271.9810887123253,1.0115606936416186,685,676,7,0,669,665,30250,16,0,0,16,11
2020-11-06,US,Montana,Lewis and Clark,1311,7,0,47.12610041,-112.39469799999999,30049.0,1888.178361562392,0.5339435545385202,1304,1264,7,0,1257,1214,68700,47,0,0,47,50
2020-11-06,US,Montana,Liberty,39,1,0,48.56084317,-111.02430700000001,30051.0,1668.806161745828,2.5641025641025643,38,39,0,0,39,38,2430,0,1,0,-1,1
2020-11-06,US,Montana,Lincoln,370,6,0,48.54265777,-115.4046155,30053.0,1851.8518518518522,1.6216216216216215,364,355,6,0,349,346,19794,15,0,0,15,9
2020-11-06,US,Montana,Madison,239,1,0,45.30080065,-111.9173017,30057.0,2779.069767441861,0.41841004184100417,238,232,1,0,231,216,8768,7,0,0,7,16
2020-11-06,US,Montana,McCone,71,0,0,47.64469406,-105.79449939999999,30055.0,4266.826923076923,0.0,71,71,0,0,71,68,1675,0,0,0,0,3
2020-11-06,US,Montana,Meagher,94,5,0,46.59907074,-110.8898557,30059.0,5048.335123523094,5.319148936170213,89,94,5,0,89,91,1866,0,0,0,0,3
2020-11-06,US,Montana,Mineral,17,0,0,47.15283992,-115.00152390000001,30061.0,386.62724584944283,0.0,17,17,0,0,17,17,4316,0,0,0,0,0
2020-11-06,US,Montana,Missoula,2767,26,0,47.03728583,-113.92135079999998,30063.0,2313.545150501672,0.93964582580412,2741,2697,24,0,2673,2607,118791,70,2,0,68,90
2020-11-06,US,Montana,Musselshell,140,2,0,46.49684637,-108.39498,30065.0,3021.80012950572,1.4285714285714286,138,138,2,0,136,130,4651,2,0,0,2,8
2020-11-06,US,Montana,Park,313,0,0,45.48965095,-110.52643940000002,30067.0,1884.8608936528965,0.0,313,312,0,0,312,296,16736,1,0,0,1,16
2020-11-06,US,Montana,Petroleum,4,0,0,47.118246299999996,-108.2508876,30069.0,821.3552361396304,0.0,4,4,0,0,4,4,513,0,0,0,0,0
2020-11-06,US,Montana,Phillips,210,3,0,48.25936577,-107.9128511,30071.0,5311.077389984826,1.4285714285714286,207,202,1,0,201,197,4074,8,2,0,6,5
2020-11-06,US,Montana,Pondera,200,1,0,48.22773388,-112.22527029999999,30073.0,3383.522246658772,0.5,199,200,1,0,199,198,5972,0,0,0,0,2
2020-11-06,US,Montana,Powder River,71,5,0,45.39617714,-105.636738,30075.0,4221.165279429251,7.042253521126762,66,71,5,0,66,67,1716,0,0,0,0,4
2020-11-06,US,Montana,Powell,291,1,0,46.85538891,-112.93591640000001,30077.0,4223.512336719884,0.3436426116838488,290,220,0,0,220,210,6968,71,1,0,70,10
2020-11-06,US,Montana,Prairie,36,0,0,46.86048047,-105.379384,30079.0,3342.6183844011143,0.0,36,36,0,0,36,35,1087,0,0,0,0,1
2020-11-06,US,Montana,Ravalli,628,4,0,46.08520862,-114.11891640000002,30081.0,1433.5935716568506,0.6369426751592356,624,609,4,0,605,595,43172,19,0,0,19,14
2020-11-06,US,Montana,Richland,376,6,0,47.78668011,-104.5610786,30083.0,3480.514671850412,1.5957446808510638,370,376,6,0,370,370,10913,0,0,0,0,6
2020-11-06,US,Montana,Roosevelt,1088,31,0,48.29607488,-105.00792679999999,30085.0,9887.313704107597,2.8492647058823533,1057,1066,30,0,1036,1045,11059,22,1,0,21,21
2020-11-06,US,Montana,Rosebud,891,21,0,46.23397237,-106.72928799999998,30087.0,9969.788519637465,2.356902356902357,870,885,21,0,864,873,9063,6,0,0,6,12
2020-11-06,US,Montana,Sanders,120,2,0,47.67657534,-115.1329916,30089.0,990.6711797242633,1.6666666666666667,118,119,2,0,117,117,11844,1,0,0,1,2
2020-11-06,US,Montana,Sheridan,111,0,0,48.72085833,-104.50382900000001,30091.0,3354.487760652765,0.0,111,111,0,0,111,97,3424,0,0,0,0,14
2020-11-06,US,Montana,Silver Bow,786,7,0,45.90018933,-112.6620092,30093.0,2251.181440641558,0.8905852417302799,779,734,5,0,729,699,34993,52,2,0,50,35
2020-11-06,US,Montana,Stillwater,268,4,0,45.67071407,-109.3950061,30095.0,2779.506326488281,1.492537313432836,264,261,3,0,258,259,9534,7,1,0,6,2
2020-11-06,US,Montana,Sweet Grass,129,2,0,45.81367654,-109.9425686,30097.0,3451.966818303453,1.5503875968992251,127,125,2,0,123,117,3710,4,0,0,4,8
2020-11-06,US,Montana,Teton,109,1,0,47.83741052,-112.24106880000001,30099.0,1773.22271026517,0.9174311926605504,108,102,1,0,101,95,6162,7,0,0,7,7
2020-11-06,US,Montana,Toole,463,8,0,48.65577551,-111.69424140000001,30101.0,9776.182432432432,1.7278617710583153,455,457,8,0,449,448,4853,6,0,0,6,9
2020-11-06,US,Montana,Treasure,24,1,0,46.20973220000001,-107.26665159999999,30103.0,3448.2758620689656,4.166666666666667,23,24,1,0,23,24,679,0,0,0,0,0
2020-11-06,US,Montana,Valley,433,5,0,48.36435097,-106.6669635,30105.0,5854.515954570038,1.1547344110854505,428,430,5,0,425,405,7437,3,0,0,3,25
2020-11-06,US,Montana,Wheatland,76,3,0,46.46652491,-109.84646359999999,30107.0,3574.788334901223,3.947368421052632,73,74,3,0,71,74,2236,2,0,0,2,0
2020-11-06,US,Montana,Wibaux,47,0,0,46.95925154,-104.2510927,30109.0,4850.361197110423,0.0,47,47,0,0,47,45,1034,0,0,0,0,2
2020-11-06,US,Montana,Yellowstone,7552,97,0,45.93955949,-108.26914860000001,30111.0,4681.959082455051,1.2844279661016949,7455,7447,97,0,7350,7327,160137,105,0,0,105,120
2020-11-06,US,Nebraska,Adams,1031,16,0,40.52449420000001,-98.50117804,31001.0,3287.3130759174824,1.5518913676042676,1015,1010,15,0,995,979,31511,21,1,0,20,31
2020-11-06,US,Nebraska,Antelope,204,1,0,42.17695516,-98.06662829999999,31003.0,3239.123531279771,0.4901960784313725,203,203,1,0,202,191,6336,1,0,0,1,12
2020-11-06,US,Nebraska,Arthur,6,0,0,41.56896142,-101.6959559,31005.0,1295.8963282937366,0.0,6,6,0,0,6,6,465,0,0,0,0,0
2020-11-06,US,Nebraska,Banner,5,0,0,41.54634427,-103.7114332,31007.0,671.1409395973154,0.0,5,4,0,0,4,4,730,1,0,0,1,0
2020-11-06,US,Nebraska,Blaine,5,0,0,41.91311716,-99.97677845,31009.0,1075.268817204301,0.0,5,4,0,0,4,4,476,1,0,0,1,0
2020-11-06,US,Nebraska,Boone,197,0,0,41.70759415,-98.06737183,31011.0,3794.2989214175655,0.0,197,186,0,0,186,180,5239,11,0,0,11,6
2020-11-06,US,Nebraska,Box Butte,325,1,0,42.22079243,-103.08788340000001,31013.0,3014.00352406566,0.3076923076923077,324,308,1,0,307,293,10772,17,0,0,17,15
2020-11-06,US,Nebraska,Boyd,85,1,0,42.899727399999996,-98.76486568,31015.0,4429.3903074517975,1.1764705882352942,84,84,0,0,84,84,1955,1,1,0,0,0
2020-11-06,US,Nebraska,Brown,94,0,0,42.43018907,-99.92904055,31017.0,3181.049069373942,0.0,94,92,0,0,92,91,2973,2,0,0,2,1
2020-11-06,US,Nebraska,Buffalo,2285,19,0,40.85486962,-99.07500296,31019.0,4601.381421293219,0.8315098468271335,2266,2195,19,0,2176,2112,49615,90,0,0,90,83
2020-11-06,US,Nebraska,Burt,206,1,0,41.85056773,-96.32605633,31021.0,3189.348196315219,0.4854368932038835,205,194,1,0,193,181,6488,12,0,0,12,13
2020-11-06,US,Nebraska,Butler,334,2,0,41.22703692,-97.13106306,31023.0,4166.666666666667,0.5988023952095808,332,332,2,0,330,329,8058,2,0,0,2,3
2020-11-06,US,Nebraska,Cass,692,5,0,40.90899107,-96.13971217,31025.0,2636.3913441024083,0.7225433526011561,687,674,4,0,670,654,26159,18,1,0,17,20
2020-11-06,US,Nebraska,Cedar,195,0,0,42.598885100000004,-97.25311951,31027.0,2320.8759819090687,0.0,195,185,0,0,185,184,8446,10,0,0,10,1
2020-11-06,US,Nebraska,Chase,188,1,0,40.523719799999995,-101.69780259999999,31029.0,4791.029561671763,0.5319148936170213,187,177,1,0,176,173,3977,11,0,0,11,4
2020-11-06,US,Nebraska,Cherry,106,4,0,42.54502621,-101.1244332,31031.0,1863.2448584988567,3.7735849056603774,102,91,4,0,87,85,5761,15,0,0,15,6
2020-11-06,US,Nebraska,Cheyenne,178,0,0,41.21999357,-102.9941693,31033.0,1997.755331088665,0.0,178,145,0,0,145,142,9310,33,0,0,33,3
2020-11-06,US,Nebraska,Clay,221,1,0,40.52439441,-98.05126296,31035.0,3562.792197323876,0.4524886877828054,220,221,1,0,220,214,6214,0,0,0,0,7
2020-11-06,US,Nebraska,Colfax,1025,7,0,41.57486951,-97.0868542,31037.0,9571.3885516855,0.6829268292682927,1018,1018,7,0,1011,994,10881,7,0,0,7,24
2020-11-06,US,Nebraska,Cuming,373,3,0,41.91637624,-96.78730772,31039.0,4216.5950712186295,0.8042895442359249,370,358,3,0,355,344,8940,15,0,0,15,14
2020-11-06,US,Nebraska,Custer,284,6,0,41.39374521,-99.72805369,31041.0,2635.241718474529,2.112676056338028,278,274,5,0,269,270,10840,10,1,0,9,4
2020-11-06,US,Nebraska,Dakota,2690,49,0,42.39040144,-96.56656425,31043.0,13432.537700988714,1.821561338289963,2641,2671,49,0,2622,2644,20083,19,0,0,19,27
2020-11-06,US,Nebraska,Dawes,311,5,0,42.71985036,-103.1313774,31045.0,3620.910466876237,1.6077170418006432,306,303,5,0,298,286,8716,8,0,0,8,17
2020-11-06,US,Nebraska,Dawson,1473,15,0,40.87028216,-99.82014609999999,31047.0,6242.848061029879,1.0183299389002036,1458,1445,15,0,1430,1416,23709,28,0,0,28,29
2020-11-06,US,Nebraska,Deuel,19,0,0,41.11168186,-102.33333309999999,31049.0,1059.0858416945373,0.0,19,17,0,0,17,15,1825,2,0,0,2,2
2020-11-06,US,Nebraska,Dixon,205,3,0,42.49188363,-96.86782408,31051.0,3637.331440738112,1.4634146341463414,202,194,2,0,192,186,5709,11,1,0,10,8
2020-11-06,US,Nebraska,Dodge,1977,23,0,41.58071748,-96.65598179,31053.0,5406.809790783535,1.1633788568538188,1954,1906,21,0,1885,1883,36791,71,2,0,69,23
2020-11-06,US,Nebraska,Douglas,25917,238,0,41.29518299,-96.15085305,31055.0,4536.281324005342,0.9183161631361656,25679,25328,238,0,25090,24745,566880,589,0,0,589,583
2020-11-06,US,Nebraska,Dundy,37,2,0,40.17638677,-101.6876522,31057.0,2185.4695806261075,5.405405405405406,35,34,2,0,32,34,1770,3,0,0,3,0
2020-11-06,US,Nebraska,Fillmore,176,2,0,40.52458567,-97.59646937,31059.0,3222.262907359941,1.1363636363636365,174,171,2,0,169,154,5527,5,0,0,5,17
2020-11-06,US,Nebraska,Franklin,112,1,0,40.17636348,-98.95299073,31061.0,3759.650889560255,0.8928571428571429,111,106,1,0,105,104,3023,6,0,0,6,2
2020-11-06,US,Nebraska,Frontier,52,1,0,40.52993007,-100.3924658,31063.0,1979.44423296536,1.9230769230769231,51,50,1,0,49,48,2608,2,0,0,2,2
2020-11-06,US,Nebraska,Furnas,141,3,0,40.17642064,-99.91247454,31065.0,3015.3977758768183,2.127659574468085,138,136,3,0,133,129,4715,5,0,0,5,7
2020-11-06,US,Nebraska,Gage,728,5,0,40.26186809,-96.68946704,31067.0,3384.0003718681733,0.6868131868131868,723,693,5,0,688,665,21493,35,0,0,35,28
2020-11-06,US,Nebraska,Garden,52,0,0,41.61703149,-102.3313973,31069.0,2830.7022318998365,0.0,52,50,0,0,50,51,1897,2,0,0,2,-1
2020-11-06,US,Nebraska,Garfield,53,0,0,41.91428955,-98.99111827,31071.0,2691.721686135094,0.0,53,52,0,0,52,48,1987,1,0,0,1,4
2020-11-06,US,Nebraska,Gosper,77,0,0,40.51481965,-99.83020279,31073.0,3869.3467336683416,0.0,77,71,0,0,71,69,1996,6,0,0,6,2
2020-11-06,US,Nebraska,Grant,6,0,0,41.91528587,-101.740701,31075.0,963.0818619582665,0.0,6,6,0,0,6,5,660,0,0,0,0,1
2020-11-06,US,Nebraska,Greeley,57,0,0,41.56742671,-98.52150266,31077.0,2419.3548387096776,0.0,57,54,0,0,54,53,2356,3,0,0,3,1
2020-11-06,US,Nebraska,Hall,3054,56,0,40.87257079,-98.50218293,31079.0,4977.751699183414,1.83366077275704,2998,3016,53,0,2963,2940,61607,38,3,0,35,76
2020-11-06,US,Nebraska,Hamilton,300,13,0,40.87349452,-98.02099117,31081.0,3217.503217503217,4.333333333333333,287,286,13,0,273,270,9280,14,0,0,14,16
2020-11-06,US,Nebraska,Harlan,74,0,0,40.17658508,-99.40438879,31083.0,2189.3491124260354,0.0,74,71,0,0,71,69,3401,3,0,0,3,2
2020-11-06,US,Nebraska,Hayes,29,0,0,40.52451972,-101.0603568,31085.0,3145.336225596529,0.0,29,27,0,0,27,27,916,2,0,0,2,0
2020-11-06,US,Nebraska,Hitchcock,61,1,0,40.17609175,-101.04164770000001,31087.0,2208.54453294714,1.639344262295082,60,58,1,0,57,58,2806,3,0,0,3,0
2020-11-06,US,Nebraska,Holt,376,5,0,42.45522056,-98.78402558,31089.0,3734.9756630575152,1.3297872340425532,371,370,5,0,365,356,10178,6,0,0,6,14
2020-11-06,US,Nebraska,Hooker,28,1,0,41.91586243,-101.1354293,31091.0,4105.571847507332,3.571428571428572,27,27,1,0,26,27,682,1,0,0,1,0
2020-11-06,US,Nebraska,Howard,200,6,0,41.2200529,-98.5166499,31093.0,3103.1807602792865,3.0,194,194,5,0,189,187,6468,6,1,0,5,7
2020-11-06,US,Nebraska,Jefferson,135,0,0,40.17584531,-97.142601,31095.0,1915.980698268521,0.0,135,129,0,0,129,116,7097,6,0,0,6,13
2020-11-06,US,Nebraska,Johnson,143,0,0,40.39257596,-96.26522753,31097.0,2819.9566160520612,0.0,143,138,0,0,138,125,5134,5,0,0,5,13
2020-11-06,US,Nebraska,Kearney,297,0,0,40.50663314,-98.94877182,31099.0,4572.748267898383,0.0,297,291,0,0,291,281,6544,6,0,0,6,10
2020-11-06,US,Nebraska,Keith,139,0,0,41.19930341,-101.66201640000001,31101.0,1730.1468757779435,0.0,139,136,0,0,136,129,8021,3,0,0,3,7
2020-11-06,US,Nebraska,Keya Paha,10,0,0,42.87990694,-99.71343729,31103.0,1240.6947890818856,0.0,10,10,0,0,10,10,810,0,0,0,0,0
2020-11-06,US,Nebraska,Kimball,86,0,0,41.19774275,-103.7148131,31105.0,2367.84140969163,0.0,86,77,0,0,77,78,3618,9,0,0,9,-1
2020-11-06,US,Nebraska,Knox,322,1,0,42.63758421,-97.89178836,31107.0,3864.6183389342295,0.3105590062111801,321,313,1,0,312,307,8419,9,0,0,9,6
2020-11-06,US,Nebraska,Lancaster,10580,49,0,40.78416049,-96.68777155,31109.0,3315.678962048325,0.4631379962192816,10531,10275,49,0,10226,10092,317272,305,0,0,305,183
2020-11-06,US,Nebraska,Lincoln,1322,8,0,41.04658298,-100.74753740000001,31111.0,3786.446697599817,0.6051437216338881,1314,1171,8,0,1163,1148,35185,151,0,0,151,23
2020-11-06,US,Nebraska,Logan,15,0,0,41.56650314,-100.4817851,31113.0,2005.3475935828878,0.0,15,12,0,0,12,12,749,3,0,0,3,0
2020-11-06,US,Nebraska,Loup,13,0,0,41.91371961,-99.45440415,31115.0,1957.8313253012047,0.0,13,12,0,0,12,9,618,1,0,0,1,3
2020-11-06,US,Nebraska,Madison,1834,12,0,41.91676024,-97.6005481,31119.0,5225.220091740504,0.6543075245365322,1822,1773,11,0,1762,1706,35392,61,1,0,60,67
2020-11-06,US,Nebraska,McPherson,11,0,0,41.56797682,-101.05993620000001,31117.0,2226.7206477732793,0.0,11,11,0,0,11,11,492,0,0,0,0,0
2020-11-06,US,Nebraska,Merrick,227,1,0,41.16624273,-98.0374887,31121.0,2927.143778207608,0.4405286343612335,226,194,1,0,193,180,7733,33,0,0,33,14
2020-11-06,US,Nebraska,Morrill,167,0,0,41.71711774,-103.0061405,31123.0,3597.5872468763464,0.0,167,151,0,0,151,147,4686,16,0,0,16,4
2020-11-06,US,Nebraska,Nance,145,1,0,41.39750195,-97.99327291,31125.0,4120.488775220233,0.6896551724137931,144,139,0,0,139,131,3532,6,1,0,5,8
2020-11-06,US,Nebraska,Nemaha,215,0,0,40.38514847,-95.85433992,31127.0,3083.7636259323012,0.0,215,207,0,0,207,191,6958,8,0,0,8,16
2020-11-06,US,Nebraska,Nuckolls,126,0,0,40.17637905,-98.04743961,31129.0,3037.608486017358,0.0,126,123,0,0,123,122,4195,3,0,0,3,1
2020-11-06,US,Nebraska,Otoe,423,1,0,40.64843556,-96.13374142,31131.0,2641.7686734948793,0.2364066193853428,422,404,1,0,403,368,15985,19,0,0,19,36
2020-11-06,US,Nebraska,Pawnee,37,0,0,40.13141096,-96.23705437,31133.0,1415.996938384998,0.0,37,37,0,0,37,35,2632,0,0,0,0,2
2020-11-06,US,Nebraska,Perkins,56,10,0,40.85082525,-101.6502942,31135.0,1937.046004842615,17.857142857142858,46,56,10,0,46,54,2929,0,0,0,0,2
2020-11-06,US,Nebraska,Phelps,358,2,0,40.51156033,-99.41461667,31137.0,3962.8071729023686,0.5586592178770949,356,346,2,0,344,336,8996,12,0,0,12,10
2020-11-06,US,Nebraska,Pierce,276,11,0,42.26434853,-97.60122773,31139.0,3861.2199216564068,3.985507246376812,265,273,11,0,262,267,7142,3,0,0,3,6
2020-11-06,US,Nebraska,Platte,1971,12,0,41.57246836,-97.52144359,31141.0,5888.855691664176,0.60882800608828,1959,1925,7,0,1918,1868,33363,46,5,0,41,57
2020-11-06,US,Nebraska,Polk,231,6,0,41.18813488,-97.56630712,31143.0,4431.229618262038,2.5974025974025974,225,225,6,0,219,217,5278,6,0,0,6,8
2020-11-06,US,Nebraska,Red Willow,328,1,0,40.17556879999999,-100.476998,31145.0,3058.5602387168965,0.3048780487804878,327,317,0,0,317,309,10726,11,1,0,10,8
2020-11-06,US,Nebraska,Richardson,167,2,0,40.1247415,-95.71755036,31147.0,2123.3312142403047,1.1976047904191616,165,159,2,0,157,145,7937,8,0,0,8,14
2020-11-06,US,Nebraska,Rock,67,1,0,42.42252217,-99.44832069,31149.0,4937.361827560796,1.492537313432836,66,66,1,0,65,64,1360,1,0,0,1,2
2020-11-06,US,Nebraska,Saline,1060,2,0,40.52418865,-97.14085859,31151.0,7452.193475815522,0.18867924528301888,1058,1047,2,0,1045,1026,14350,13,0,0,13,21
2020-11-06,US,Nebraska,Sarpy,7128,41,0,41.11314181,-96.11156432,31153.0,3807.773670377572,0.5751964085297419,7087,6927,39,0,6888,6729,184459,201,2,0,199,198
2020-11-06,US,Nebraska,Saunders,821,5,0,41.227810299999994,-96.63773905,31155.0,3804.8011863935494,0.6090133982947625,816,797,4,0,793,780,21303,24,1,0,23,17
2020-11-06,US,Nebraska,Scotts Bluff,1625,9,0,41.85070896,-103.70809859999999,31157.0,4562.299960694031,0.5538461538461539,1616,1222,9,0,1213,1153,35989,403,0,0,403,69
2020-11-06,US,Nebraska,Seward,523,3,0,40.87241834,-97.139673,31159.0,3025.919925943069,0.5736137667304015,520,494,3,0,491,468,17318,29,0,0,29,26
2020-11-06,US,Nebraska,Sheridan,175,0,0,42.50284406,-102.4126613,31161.0,3335.874952344644,0.0,175,166,0,0,166,160,5190,9,0,0,9,6
2020-11-06,US,Nebraska,Sherman,75,3,0,41.22045983,-98.97588642,31163.0,2499.1669443518826,4.0,72,73,3,0,70,71,3038,2,0,0,2,2
2020-11-06,US,Nebraska,Sioux,12,0,0,42.48932059,-103.7576544,31165.0,1029.1595197255574,0.0,12,12,0,0,12,12,1187,0,0,0,0,0
2020-11-06,US,Nebraska,Stanton,107,0,0,41.9169835,-97.19394708,31167.0,1807.4324324324325,0.0,107,105,0,0,105,95,5970,2,0,0,2,10
2020-11-06,US,Nebraska,Thayer,92,0,0,40.17626377,-97.59504381,31169.0,1838.8966620027984,0.0,92,84,0,0,84,79,5039,8,0,0,8,5
2020-11-06,US,Nebraska,Thomas,22,0,0,41.91358968,-100.5556632,31171.0,3047.091412742382,0.0,22,17,0,0,17,16,720,5,0,0,5,1
2020-11-06,US,Nebraska,Thurston,394,4,0,42.15725356,-96.54157099,31173.0,5454.042081949059,1.0152284263959392,390,384,4,0,380,370,7303,10,0,0,10,14
2020-11-06,US,Nebraska,Unassigned,680,2,0,0.0,0.0,90031.0,0.0,0.29411764705882354,678,666,2,0,664,623,,14,0,0,14,43
2020-11-06,US,Nebraska,Valley,111,1,0,41.56730777,-98.98197724,31175.0,2669.552669552669,0.9009009009009008,110,105,1,0,104,101,4190,6,0,0,6,4
2020-11-06,US,Nebraska,Washington,656,9,0,41.52815707,-96.22019892,31177.0,3164.648559988422,1.3719512195121952,647,620,7,0,613,601,20667,36,2,0,34,19
2020-11-06,US,Nebraska,Wayne,463,3,0,42.20934475,-97.11926964,31179.0,4933.404368673415,0.6479481641468683,460,441,2,0,439,417,9403,22,1,0,21,24
2020-11-06,US,Nebraska,Webster,133,2,0,40.17642643,-98.50019851,31181.0,3814.166905649556,1.5037593984962403,131,130,0,0,130,130,3533,3,2,0,1,0
2020-11-06,US,Nebraska,Wheeler,5,0,0,41.91482725,-98.52798941,31183.0,638.5696040868455,0.0,5,5,0,0,5,5,805,0,0,0,0,0
2020-11-06,US,Nebraska,York,666,2,0,40.87272618,-97.59710186,31185.0,4868.776957379925,0.3003003003003003,664,650,2,0,648,611,13772,16,0,0,16,39
2020-11-06,US,Nevada,Carson City,871,10,0,39.15509045,-119.7480219,32510.0,1557.6936833822162,1.148105625717566,861,847,9,0,838,835,55414,24,1,0,23,12
2020-11-06,US,Nevada,Churchill,346,4,0,39.58105744,-118.3394607,32001.0,1389.0561644385566,1.1560693641618498,342,313,4,0,309,284,24440,33,0,0,33,29
2020-11-06,US,Nevada,Clark,86673,1568,0,36.21458855,-115.0130241,32003.0,3823.72728816812,1.809098565874032,85105,85641,1551,0,84090,84872,2231647,1032,17,0,1015,769
2020-11-06,US,Nevada,Douglas,450,2,0,38.912862,-119.61713329999999,32005.0,920.1513137715981,0.4444444444444444,448,445,2,0,443,440,48467,5,0,0,5,5
2020-11-06,US,Nevada,Elko,1693,14,0,41.14531606,-115.3577619,32007.0,3207.775967259085,0.8269344359125812,1679,1659,14,0,1645,1610,52460,34,0,0,34,49
2020-11-06,US,Nevada,Eureka,14,0,0,39.98100864,-116.26832040000001,32011.0,689.9950714637752,0.0,14,14,0,0,14,14,2003,0,0,0,0,0
2020-11-06,US,Nevada,Humboldt,193,4,0,41.40692186,-118.11094270000001,32013.0,1146.6936010932209,2.0725388601036268,189,191,4,0,187,190,16786,2,0,0,2,1
2020-11-06,US,Nevada,Lander,118,4,0,39.933223299999995,-117.03970749999999,32015.0,2133.044107013738,3.3898305084745757,114,116,4,0,112,116,5575,2,0,0,2,0
2020-11-06,US,Nevada,Lincoln,50,1,0,37.64268459,-114.8790388,32017.0,964.6922631680493,2.0,49,50,1,0,49,50,5201,0,0,0,0,0
2020-11-06,US,Nevada,Lyon,653,14,0,39.01777974,-119.18704790000001,32019.0,1135.4547035298208,2.14395099540582,639,645,14,0,631,638,55808,8,0,0,8,7
2020-11-06,US,Nevada,Mineral,22,1,0,38.53841696,-118.4344506,32021.0,488.34628190899,4.545454545454546,21,22,0,0,22,18,4514,0,1,0,-1,4
2020-11-06,US,Nevada,Nye,827,18,0,38.04264256,-116.47227020000001,32023.0,1777.6153730412916,2.176541717049577,809,753,17,0,736,742,45346,74,1,0,73,11
2020-11-06,US,Nevada,Pershing,25,0,0,40.44003782,-118.40056409999998,32027.0,371.7472118959108,0.0,25,25,0,0,25,24,6666,0,0,0,0,1
2020-11-06,US,Nevada,Storey,25,0,0,39.44875482,-119.5250207,32029.0,606.354596167839,0.0,25,24,0,0,24,24,4029,1,0,0,1,0
2020-11-06,US,Nevada,Washoe,14819,204,0,40.66562265,-119.6631594,32031.0,3142.821392139023,1.3766111073621703,14615,14486,203,0,14283,14109,465735,333,1,0,332,377
2020-11-06,US,Nevada,White Pine,143,1,0,39.44157041,-114.89996599999999,32033.0,1492.6931106471814,0.6993006993006993,142,129,1,0,128,127,9475,14,0,0,14,2
2020-11-06,US,New Hampshire,Belknap,274,5,0,43.51637314,-71.41684235,33001.0,446.9601813940589,1.8248175182481752,269,269,5,0,264,262,61022,5,0,0,5,7
2020-11-06,US,New Hampshire,Carroll,178,2,0,43.87498583,-71.20430216,33003.0,363.9337558781435,1.1235955056179776,176,174,2,0,172,166,48779,4,0,0,4,8
2020-11-06,US,New Hampshire,Cheshire,232,3,0,42.92015988,-72.25311043,33005.0,304.9221265689689,1.293103448275862,229,225,3,0,222,220,76493,7,0,0,7,5
2020-11-06,US,New Hampshire,Coos,147,0,0,44.69063265,-71.30633239,33007.0,465.7351962741183,0.0,147,144,0,0,144,127,31589,3,0,0,3,17
2020-11-06,US,New Hampshire,Grafton,294,1,0,43.93779815,-71.82057197,33009.0,327.08096922768834,0.3401360544217687,293,282,1,0,281,277,89786,12,0,0,12,5
2020-11-06,US,New Hampshire,Hillsborough,5841,325,0,42.91537785,-71.7200253,33011.0,1400.6354535099813,5.564115733607259,5516,5785,325,0,5460,5714,415247,56,0,0,56,71
2020-11-06,US,New Hampshire,Merrimack,1030,32,0,43.29662971,-71.6811573,33013.0,680.357484923146,3.1067961165048543,998,1009,30,0,979,988,151132,21,2,0,19,21
2020-11-06,US,New Hampshire,Rockingham,2972,105,0,42.98499744,-71.12883377,33015.0,959.4246034948624,3.5329744279946165,2867,2916,105,0,2811,2851,309176,56,0,0,56,65
2020-11-06,US,New Hampshire,Strafford,882,14,0,43.291833000000004,-71.02336013,33017.0,675.1739606378172,1.5873015873015872,868,857,14,0,843,825,130090,25,0,0,25,32
2020-11-06,US,New Hampshire,Sullivan,109,1,0,43.36094111,-72.22203125,33019.0,252.63060306865063,0.9174311926605504,108,103,1,0,102,99,43144,6,0,0,6,4
2020-11-06,US,New Hampshire,Unassigned,53,0,0,0.0,0.0,90033.0,0.0,0.0,53,44,0,0,44,34,,9,0,0,9,10
2020-11-06,US,New Jersey,Atlantic,5649,269,0,39.47538693,-74.65848483,34001.0,2142.4507907611787,4.761904761904762,5380,5587,269,0,5318,5524,265429,62,0,0,62,63
2020-11-06,US,New Jersey,Bergen,26382,2070,0,40.96010917,-74.07164325,34003.0,2830.0733102911167,7.846258812826928,24312,26170,2068,0,24102,26065,936692,212,2,0,210,105
2020-11-06,US,New Jersey,Burlington,9126,520,0,39.87681124,-74.66927768,34005.0,2049.1794076106603,5.698005698005698,8606,9020,519,0,8501,8961,445384,106,1,0,105,59
2020-11-06,US,New Jersey,Camden,12662,640,0,39.80343818,-74.96388753,34007.0,2500.04442505099,5.054493760859264,12022,12497,639,0,11858,12328,507078,165,1,0,164,169
2020-11-06,US,New Jersey,Cape May,1183,102,0,39.15008829,-74.80170244,34009.0,1285.324699312248,8.622147083685546,1081,1177,101,0,1076,1167,92560,6,1,0,5,10
2020-11-06,US,New Jersey,Cumberland,4159,162,0,39.37199394,-75.10712559,34011.0,2781.4374661432385,3.8951671074777585,3997,4143,162,0,3981,4123,150972,16,0,0,16,20
2020-11-06,US,New Jersey,Essex,26608,2152,0,40.78681335,-74.24657979,34013.0,3330.266904471354,8.087793144918821,24456,26315,2152,0,24163,26053,799767,293,0,0,293,262
2020-11-06,US,New Jersey,Gloucester,6008,251,0,39.71581067,-75.13995546,34015.0,2060.102319329575,4.177762982689747,5757,5937,250,0,5687,5852,291408,71,1,0,70,85
2020-11-06,US,New Jersey,Hudson,24494,1537,0,40.73766234,-74.07515667,34017.0,3642.820918185996,6.275006123948723,22957,24306,1536,0,22770,24103,676061,188,1,0,187,203
2020-11-06,US,New Jersey,Hunterdon,1729,127,0,40.56335249,-74.91284156,34019.0,1390.1954635726981,7.3452862926547136,1602,1710,127,0,1583,1692,124714,19,0,0,19,18
2020-11-06,US,New Jersey,Mercer,9774,642,0,40.28047017,-74.70479631,34021.0,2660.098522167488,6.568446899938612,9132,9696,642,0,9054,9624,369811,78,0,0,78,72
2020-11-06,US,New Jersey,Middlesex,23539,1453,0,40.43629879,-74.41426991,34023.0,2852.9977141111817,6.1727346106461605,22086,23358,1452,0,21906,23225,829685,181,1,0,180,133
2020-11-06,US,New Jersey,Monmouth,14944,874,0,40.26549699,-74.22240686,34025.0,2415.0162816441634,5.8485010706638105,14070,14827,874,0,13953,14692,621354,117,0,0,117,135
2020-11-06,US,New Jersey,Morris,9869,841,0,40.86095313,-74.54553709999998,34027.0,2006.5264463398016,8.521633397507347,9028,9780,841,0,8939,9691,494228,89,0,0,89,89
2020-11-06,US,New Jersey,Ocean,17348,1076,0,39.8895449,-74.28089251,34029.0,2857.114623854964,6.2024440857735765,16272,17270,1074,0,16196,17180,601651,78,2,0,76,90
2020-11-06,US,New Jersey,Passaic,22126,1265,0,41.03238628,-74.29954144,34031.0,4409.097974198228,5.717255717255718,20861,21928,1265,0,20663,21734,503310,198,0,0,198,194
2020-11-06,US,New Jersey,Salem,1226,90,0,39.58719656,-75.34696629999998,34033.0,1965.215997435281,7.3409461663947795,1136,1218,90,0,1128,1206,62607,8,0,0,8,12
2020-11-06,US,New Jersey,Somerset,6813,599,0,40.56465737,-74.61683016,34035.0,2071.2361750381533,8.792015264934683,6214,6771,598,0,6173,6726,331164,42,1,0,41,45
2020-11-06,US,New Jersey,Sussex,1845,198,0,41.13891592,-74.69118243,34037.0,1313.2794260007972,10.731707317073173,1647,1814,198,0,1616,1801,140799,31,0,0,31,13
2020-11-06,US,New Jersey,Unassigned,563,0,0,0.0,0.0,90034.0,0.0,0.0,563,573,0,0,573,569,,-10,0,0,-10,4
2020-11-06,US,New Jersey,Union,21604,1377,0,40.65835409,-74.30680092,34039.0,3883.2298895821086,6.3738196630253645,20227,21415,1375,0,20040,21265,558067,189,2,0,187,150
2020-11-06,US,New Jersey,Warren,1729,171,0,40.85951833,-74.99556527,34041.0,1642.4900491132073,9.89010989010989,1558,1707,171,0,1536,1676,105779,22,0,0,22,31
2020-11-06,US,New Mexico,Bernalillo,13170,227,0,35.05163625,-106.6703554,35001.0,1939.2714994824191,1.7236142748671222,12943,12828,225,0,12603,12627,678701,342,2,0,340,201
2020-11-06,US,New Mexico,Catron,10,1,0,33.91514144,-108.4046587,35003.0,283.5270768358378,10.0,9,10,1,0,9,10,3578,0,0,0,0,0
2020-11-06,US,New Mexico,Chaves,2414,20,0,33.36406072,-104.4665365,35005.0,3735.974618896541,0.8285004142502072,2394,2376,20,0,2356,2324,64689,38,0,0,38,52
2020-11-06,US,New Mexico,Cibola,768,28,0,34.91131525,-107.998876,35006.0,2879.100281162137,3.6458333333333335,740,758,28,0,730,730,26746,10,0,0,10,28
2020-11-06,US,New Mexico,Colfax,52,1,0,36.60569702,-104.64726740000002,35007.0,435.4744158780672,1.9230769230769231,51,49,1,0,48,49,12110,3,0,0,3,0
2020-11-06,US,New Mexico,Curry,1850,13,0,34.57421077,-103.34688759999999,35009.0,3779.057891081423,0.7027027027027027,1837,1799,13,0,1786,1754,49437,51,0,0,51,45
2020-11-06,US,New Mexico,De Baca,3,0,0,34.34274529,-104.4117842,35011.0,171.6247139588101,0.0,3,3,0,0,3,2,1781,0,0,0,0,1
2020-11-06,US,New Mexico,Dona Ana,7887,100,0,32.35275771,-106.83293870000001,35013.0,3614.656614496208,1.2679092177000126,7787,7627,97,0,7530,7492,217522,260,3,0,257,135
2020-11-06,US,New Mexico,Eddy,1734,26,0,32.47167456,-104.3053527,35015.0,2966.130687649675,1.4994232987312572,1708,1705,26,0,1679,1663,57900,29,0,0,29,42
2020-11-06,US,New Mexico,Grant,227,4,0,32.73911281,-108.3827845,35017.0,840.8030224461072,1.7621145374449338,223,223,4,0,219,220,27346,4,0,0,4,3
2020-11-06,US,New Mexico,Guadalupe,52,1,0,34.86319296,-104.790669,35019.0,1209.3023255813953,1.9230769230769231,51,49,1,0,48,47,4341,3,0,0,3,2
2020-11-06,US,New Mexico,Harding,1,0,0,35.85751555,-103.82209379999999,35021.0,160.0,0.0,1,1,0,0,1,1,655,0,0,0,0,0
2020-11-06,US,New Mexico,Hidalgo,130,2,0,31.91383467,-108.7151824,35023.0,3096.7127203430205,1.5384615384615383,128,129,2,0,127,129,4240,1,0,0,1,0
2020-11-06,US,New Mexico,Lea,2438,32,0,32.79215361,-103.4123733,35025.0,3430.42071197411,1.3125512715340444,2406,2400,32,0,2368,2371,69611,38,0,0,38,29
2020-11-06,US,New Mexico,Lincoln,421,6,0,33.74526079,-105.4586166,35027.0,2151.032086654405,1.4251781472684086,415,412,6,0,406,410,19556,9,0,0,9,2
2020-11-06,US,New Mexico,Los Alamos,62,0,0,35.86631386,-106.31349850000001,35028.0,320.0991274717332,0.0,62,60,0,0,60,58,19101,2,0,0,2,2
2020-11-06,US,New Mexico,Luna,1338,15,0,32.18179341,-107.75088259999998,35029.0,5643.426546880932,1.1210762331838564,1323,1301,14,0,1287,1250,23963,37,1,0,36,51
2020-11-06,US,New Mexico,McKinley,4911,262,0,35.58007720000001,-108.262245,35031.0,6881.331707932238,5.334962329464466,4649,4886,262,0,4624,4860,72290,25,0,0,25,26
2020-11-06,US,New Mexico,Mora,17,0,0,36.01095101,-104.9497716,35033.0,376.02300376023004,0.0,17,16,0,0,16,15,4506,1,0,0,1,1
2020-11-06,US,New Mexico,Otero,645,17,0,32.61348406,-105.7417604,35035.0,955.6971403170841,2.6356589147286815,628,621,17,0,604,614,66781,24,0,0,24,7
2020-11-06,US,New Mexico,Quay,119,2,0,35.10403332,-103.54817270000001,35037.0,1441.8999151823584,1.680672268907563,117,117,2,0,115,117,8253,2,0,0,2,0
2020-11-06,US,New Mexico,Rio Arriba,616,15,0,36.51072137,-106.69316740000001,35039.0,1582.6931476580771,2.435064935064935,601,588,15,0,573,574,39006,28,0,0,28,14
2020-11-06,US,New Mexico,Roosevelt,579,10,0,34.02097406,-103.4799493,35041.0,3129.7297297297296,1.7271157167530224,569,553,10,0,543,541,18743,26,0,0,26,12
2020-11-06,US,New Mexico,San Juan,4025,206,0,36.50838318,-108.32043700000001,35045.0,3247.067555139645,5.118012422360248,3819,3991,206,0,3785,3964,125043,34,0,0,34,27
2020-11-06,US,New Mexico,San Miguel,221,0,0,35.48014807,-104.8163562,35047.0,810.2064009971771,0.0,221,214,0,0,214,209,27591,7,0,0,7,5
2020-11-06,US,New Mexico,Sandoval,2340,50,0,35.68862401,-106.86878030000001,35043.0,1594.5702837517374,2.1367521367521367,2290,2273,50,0,2223,2236,145179,67,0,0,67,37
2020-11-06,US,New Mexico,Santa Fe,2244,18,0,35.50708973,-105.9774716,35049.0,1492.4380478591095,0.8021390374331551,2226,2149,18,0,2131,2096,150056,95,0,0,95,53
2020-11-06,US,New Mexico,Sierra,151,1,0,33.13028233,-107.1925893,35051.0,1399.3142433509406,0.6622516556291391,150,147,1,0,146,141,10968,4,0,0,4,6
2020-11-06,US,New Mexico,Socorro,310,16,0,34.00715494,-106.9298354,35053.0,1863.316703732644,5.161290322580644,294,296,16,0,280,289,16735,14,0,0,14,7
2020-11-06,US,New Mexico,Taos,311,5,0,36.58006022,-105.63101979999999,35055.0,950.4018580203526,1.6077170418006432,306,305,5,0,300,292,32835,6,0,0,6,13
2020-11-06,US,New Mexico,Torrance,128,1,0,34.64048375,-105.8508949,35057.0,827.889528491042,0.78125,127,123,1,0,122,121,15591,5,0,0,5,2
2020-11-06,US,New Mexico,Unassigned,1936,0,0,0.0,0.0,90035.0,0.0,0.0,1936,1883,0,0,1883,1858,,53,0,0,53,25
2020-11-06,US,New Mexico,Union,46,2,0,36.48126404,-103.4709624,35059.0,1133.2840601133285,4.3478260869565215,44,46,2,0,44,46,4118,0,0,0,0,0
2020-11-06,US,New Mexico,Valencia,1238,7,0,34.71669834,-106.8103733,35061.0,1614.3334028791985,0.5654281098546042,1231,1172,7,0,1165,1141,76456,66,0,0,66,31
2020-11-06,US,New York,Albany,3942,140,0,42.60060306,-73.97723916,36001.0,1290.3183570862766,3.551496702181633,3802,3877,140,0,3737,3845,307117,65,0,0,65,32
2020-11-06,US,New York,Allegany,414,16,0,42.25748406,-78.02750466,36003.0,898.2230804278493,3.864734299516908,398,389,16,0,373,379,46430,25,0,0,25,10
2020-11-06,US,New York,Bronx,56655,5003,0,40.85209301,-73.86282755,36005.0,3994.8329122617492,8.830641602682904,51652,56460,5002,0,51458,56292,1432132,195,1,0,194,168
2020-11-06,US,New York,Broome,3927,104,0,42.15903158,-75.81326086,36007.0,2061.547184074587,2.648332060096766,3823,3884,104,0,3780,3835,191659,43,0,0,43,49
2020-11-06,US,New York,Cattaraugus,591,18,0,42.24778241,-78.67923096,36009.0,776.4362757334102,3.045685279187817,573,582,18,0,564,568,76840,9,0,0,9,14
2020-11-06,US,New York,Cayuga,496,2,0,42.91261714,-76.55731592,36011.0,647.7225240284162,0.4032258064516129,494,486,2,0,484,474,77145,10,0,0,10,12
2020-11-06,US,New York,Chautauqua,1094,15,0,42.22769210000001,-79.36691763,36013.0,862.0757586503078,1.3711151736745886,1079,1081,15,0,1066,1051,127939,13,0,0,13,30
2020-11-06,US,New York,Chemung,2046,22,0,42.13891056,-76.7638805,36015.0,2451.5912576687115,1.075268817204301,2024,1996,22,0,1974,1948,84254,50,0,0,50,48
2020-11-06,US,New York,Chenango,449,9,0,42.49430041,-75.60887553,36017.0,951.1301290062912,2.0044543429844097,440,443,9,0,434,432,47536,6,0,0,6,11
2020-11-06,US,New York,Clinton,292,5,0,44.74530905,-73.67875352,36019.0,362.800521836367,1.7123287671232876,287,288,5,0,283,282,80695,4,0,0,4,6
2020-11-06,US,New York,Columbia,782,43,0,42.24819348,-73.63089095,36021.0,1315.1477438993627,5.498721227621484,739,774,43,0,731,763,59916,8,0,0,8,11
2020-11-06,US,New York,Cortland,622,1,0,42.59509207,-76.07048931,36023.0,1307.2444883461885,0.1607717041800643,621,613,1,0,612,604,47823,9,0,0,9,9
2020-11-06,US,New York,Delaware,222,7,0,42.19837623,-74.96709306,36025.0,503.00215248668854,3.1531531531531534,215,213,7,0,206,205,44527,9,0,0,9,8
2020-11-06,US,New York,Dutchess,5710,166,0,41.76486060000001,-73.74356679,36027.0,1940.7378202557288,2.907180385288967,5544,5669,166,0,5503,5642,293718,41,0,0,41,27
2020-11-06,US,New York,Erie,14338,728,0,42.76249024,-78.73063652,36029.0,1560.6801770323782,5.077416655042544,13610,14123,728,0,13395,13908,919719,215,0,0,215,215
2020-11-06,US,New York,Essex,213,0,0,44.11630765,-73.77297842,36031.0,577.4705164701098,0.0,213,212,0,0,212,210,37300,1,0,0,1,2
2020-11-06,US,New York,Franklin,114,0,0,44.59040891,-74.29926032,36033.0,227.89972412138653,0.0,114,105,0,0,105,96,50293,9,0,0,9,9
2020-11-06,US,New York,Fulton,372,24,0,43.11363907,-74.41798804,36035.0,696.8510574527472,6.451612903225807,348,370,24,0,346,369,53591,2,0,0,2,1
2020-11-06,US,New York,Genesee,450,5,0,43.0022601,-78.19135193,36037.0,785.6145251396648,1.1111111111111112,445,441,5,0,436,428,57511,9,0,0,9,13
2020-11-06,US,New York,Greene,527,18,0,42.275797,-74.12384884,36039.0,1116.8093583114348,3.415559772296015,509,523,18,0,505,523,47491,4,0,0,4,0
2020-11-06,US,New York,Hamilton,19,0,0,43.66146647,-74.49721957,36041.0,430.2536231884058,0.0,19,19,0,0,19,19,4434,0,0,0,0,0
2020-11-06,US,New York,Herkimer,434,10,0,43.42034246,-74.96145307,36043.0,707.7740993819208,2.3041474654377883,424,424,10,0,414,418,61833,10,0,0,10,6
2020-11-06,US,New York,Jefferson,260,0,0,44.04200959,-75.94653457,36045.0,236.7208696760566,0.0,260,249,0,0,249,241,111755,11,0,0,11,8
2020-11-06,US,New York,Kings,77709,7425,0,40.636182500000004,-73.94935552,36047.0,3035.6228341464503,9.55487781338069,70284,77341,7417,0,69924,76988,2582830,368,8,0,360,353
2020-11-06,US,New York,Lewis,171,0,0,43.784415700000004,-75.44903992,36049.0,650.2890173410402,0.0,171,167,0,0,167,165,26447,4,0,0,4,2
2020-11-06,US,New York,Livingston,393,8,0,42.72596275,-77.77966158,36051.0,624.6622373398608,2.0356234096692107,385,375,8,0,367,368,63227,18,0,0,18,7
2020-11-06,US,New York,Madison,627,17,0,42.91653905,-75.67266639,36053.0,883.8330443608069,2.7113237639553427,610,616,17,0,599,609,70795,11,0,0,11,7
2020-11-06,US,New York,Monroe,8398,307,0,43.14638895,-77.69322942,36055.0,1132.1568680318694,3.6556322934031913,8091,8237,307,0,7930,8025,742474,161,0,0,161,212
2020-11-06,US,New York,Montgomery,292,4,0,42.90123494,-74.44011632,36057.0,593.2427216025679,1.3698630136986298,288,283,4,0,279,283,49455,9,0,0,9,0
2020-11-06,US,New York,Nassau,51164,2216,0,40.74066522,-73.58941873,36059.0,3770.5870041358253,4.331170354155265,48948,50918,2216,0,48702,50702,1358343,246,0,0,246,216
2020-11-06,US,New York,New York,37430,3200,0,40.76727260000001,-73.97152637,36061.0,2298.143434112725,8.549292011755277,34230,37278,3201,0,34077,37100,,152,-1,0,153,178
2020-11-06,US,New York,Niagara,2274,102,0,43.19898042,-78.74777412,36063.0,1086.5773768282836,4.485488126649076,2172,2231,102,0,2129,2191,210433,43,0,0,43,40
2020-11-06,US,New York,Oneida,2993,132,0,43.24375382,-75.43710392,36065.0,1308.86732467169,4.410290678249249,2861,2946,132,0,2814,2917,229577,47,0,0,47,29
2020-11-06,US,New York,Onondaga,6257,212,0,43.00491923,-76.19971155,36067.0,1358.6578883368654,3.388205210164616,6045,6122,212,0,5910,6001,461809,135,0,0,135,121
2020-11-06,US,New York,Ontario,778,36,0,42.85145728,-77.30874425,36069.0,708.7094746622697,4.627249357326479,742,758,36,0,722,745,109864,20,0,0,20,13
2020-11-06,US,New York,Orange,14221,508,0,41.40337468,-74.30240757,36071.0,3694.341975372785,3.5721819843892835,13713,14135,508,0,13627,14055,381951,86,0,0,86,80
2020-11-06,US,New York,Orleans,429,54,0,43.2516977,-78.2320066,36073.0,1063.1443298969073,12.587412587412588,375,422,54,0,368,421,40612,7,0,0,7,1
2020-11-06,US,New York,Oswego,711,5,0,43.42778894,-76.14635194,36075.0,607.0489395853966,0.7032348804500703,706,689,5,0,684,678,117898,22,0,0,22,11
2020-11-06,US,New York,Otsego,440,5,0,42.63492579,-75.03151402,36077.0,739.5828080614526,1.1363636363636365,435,437,5,0,432,433,59749,3,0,0,3,4
2020-11-06,US,New York,Putnam,1921,63,0,41.42630093,-73.74965532,36079.0,1953.824247355573,3.279541905257678,1858,1896,63,0,1833,1883,98892,25,0,0,25,13
2020-11-06,US,New York,Queens,78737,7301,0,40.71088124,-73.81684712,36081.0,3493.432150561393,9.2726418329375,71436,78440,7301,0,71139,78187,2278906,297,0,0,297,253
2020-11-06,US,New York,Rensselaer,1175,42,0,42.71348136,-73.51089874,36083.0,740.3253651221694,3.5744680851063837,1133,1161,42,0,1119,1142,159442,14,0,0,14,19
2020-11-06,US,New York,Richmond,18132,1100,0,40.58582155,-74.14808598,36085.0,3808.099667536853,6.066622545775425,17032,17941,1099,0,16842,17826,476179,191,1,0,190,115
2020-11-06,US,New York,Rockland,18756,684,0,41.15027894,-74.02560498,36087.0,5757.100454588706,3.646833013435701,18072,18683,684,0,17999,18581,325695,73,0,0,73,102
2020-11-06,US,New York,Saratoga,1503,19,0,43.10904162,-73.86653895,36091.0,653.8677386095196,1.264138389886893,1484,1482,19,0,1463,1458,230163,21,0,0,21,24
2020-11-06,US,New York,Schenectady,1687,51,0,42.81668777,-74.05278291,36093.0,1086.2916052260477,3.023117960877297,1636,1666,51,0,1615,1650,155350,21,0,0,21,16
2020-11-06,US,New York,Schoharie,120,0,0,42.58831742,-74.44339029999998,36095.0,387.1092615890835,0.0,120,119,0,0,119,117,31097,1,0,0,1,2
2020-11-06,US,New York,Schuyler,172,0,0,42.39184015,-76.8773299,36097.0,965.9122816869768,0.0,172,166,0,0,166,164,17912,6,0,0,6,2
2020-11-06,US,New York,Seneca,167,5,0,42.78081007,-76.82497064,36099.0,490.9454374412042,2.9940119760479043,162,163,5,0,158,155,34300,4,0,0,4,8
2020-11-06,US,New York,St. Lawrence,461,5,0,44.4976179,-75.06550039,36089.0,427.8819379988862,1.084598698481562,456,449,5,0,444,442,108047,12,0,0,12,7
2020-11-06,US,New York,Steuben,1176,57,0,42.2689144,-77.3829924,36101.0,1232.9758122857236,4.846938775510204,1119,1159,57,0,1102,1145,95796,17,0,0,17,14
2020-11-06,US,New York,Suffolk,50210,2021,0,40.88320119,-72.8012172,36103.0,3400.376946785218,4.025094602668792,48189,50033,2021,0,48012,49854,1481093,177,0,0,177,179
2020-11-06,US,New York,Sullivan,1882,48,0,41.71579493,-74.76394559,36105.0,2494.9623501962037,2.5504782146652496,1834,1862,48,0,1814,1852,75498,20,0,0,20,10
2020-11-06,US,New York,Tioga,792,39,0,42.16852837,-76.30835812,36107.0,1643.051262369562,4.924242424242424,753,775,39,0,736,750,48560,17,0,0,17,25
2020-11-06,US,New York,Tompkins,678,0,0,42.44945765,-76.47229843,36109.0,663.5349383440987,0.0,678,675,0,0,675,664,102793,3,0,0,3,11
2020-11-06,US,New York,Ulster,2599,98,0,41.89027881,-74.26252104,36111.0,1463.6234112167954,3.7706810311658328,2501,2588,98,0,2490,2575,178599,11,0,0,11,13
2020-11-06,US,New York,Unassigned,0,25,0,0.0,0.0,90036.0,0.0,0.0,-25,0,27,0,-27,0,,0,-2,0,2,0
2020-11-06,US,New York,Warren,475,35,0,43.56173026,-73.8433699,36113.0,742.8374827974478,7.36842105263158,440,474,35,0,439,471,64265,1,0,0,1,3
2020-11-06,US,New York,Washington,377,14,0,43.31153794,-73.43043448,36115.0,615.9728122344944,3.713527851458886,363,361,14,0,347,358,61197,16,0,0,16,3
2020-11-06,US,New York,Wayne,639,6,0,43.15494365,-77.02976528,36117.0,710.6474788140306,0.9389671361502347,633,622,6,0,616,602,90064,17,0,0,17,20
2020-11-06,US,New York,Westchester,41720,1472,0,41.16278376,-73.75741653,36119.0,4312.117961025565,3.528283796740173,40248,41542,1472,0,40070,41360,967612,178,0,0,178,182
2020-11-06,US,New York,Wyoming,230,5,0,42.70145109,-78.22199579,36121.0,577.0340450086554,2.1739130434782608,225,226,5,0,221,219,40085,4,0,0,4,7
2020-11-06,US,New York,Yates,156,7,0,42.63505484,-77.10369919,36123.0,626.1791032794124,4.487179487179487,149,153,7,0,146,147,24841,3,0,0,3,6
2020-11-06,US,North Carolina,Alamance,5609,92,0,36.0434701,-79.39976137,37001.0,3308.9688453120484,1.6402210732750937,5517,5551,90,0,5461,5493,166436,58,2,0,56,58
2020-11-06,US,North Carolina,Alexander,1084,12,0,35.922379600000006,-81.17751948,37003.0,2890.897938501747,1.1070110701107012,1072,1038,12,0,1026,1024,37353,46,0,0,46,14
2020-11-06,US,North Carolina,Alleghany,345,1,0,36.49360862,-81.12857041,37005.0,3097.782167549609,0.2898550724637681,344,340,1,0,339,326,11161,5,0,0,5,14
2020-11-06,US,North Carolina,Anson,755,13,0,34.97403241,-80.09953279,37007.0,3088.439826556492,1.7218543046357615,742,754,13,0,741,747,24877,1,0,0,1,7
2020-11-06,US,North Carolina,Ashe,533,3,0,36.43296207,-81.49862729,37009.0,1959.3427195529905,0.5628517823639775,530,521,3,0,518,513,27109,12,0,0,12,8
2020-11-06,US,North Carolina,Avery,678,2,0,36.07569796,-81.92308483,37011.0,3861.7075810218153,0.2949852507374631,676,673,2,0,671,668,17505,5,0,0,5,5
2020-11-06,US,North Carolina,Beaufort,1477,47,0,35.48531943,-76.84325809,37013.0,3142.954419713155,3.1821259309410967,1430,1462,46,0,1416,1453,47079,15,1,0,14,9
2020-11-06,US,North Carolina,Bertie,747,21,0,36.0688473,-76.96545943,37015.0,3942.576661212857,2.8112449799196786,726,744,21,0,723,743,19026,3,0,0,3,1
2020-11-06,US,North Carolina,Bladen,1126,19,0,34.61296243,-78.56180059,37017.0,3441.1099566041194,1.6873889875666075,1107,1128,19,0,1109,1121,33190,-2,0,0,-2,7
2020-11-06,US,North Carolina,Brunswick,2334,52,0,34.070565,-78.22814204,37019.0,1634.2248984736032,2.2279348757497863,2282,2311,52,0,2259,2296,136744,23,0,0,23,15
2020-11-06,US,North Carolina,Buncombe,4475,108,0,35.61113393,-82.53305,37021.0,1713.3055886305426,2.4134078212290504,4367,4443,109,0,4334,4385,259103,32,-1,0,33,58
2020-11-06,US,North Carolina,Burke,2937,57,0,35.74989637,-81.70755735,37023.0,3245.8418522407032,1.9407558733401429,2880,2899,56,0,2843,2869,90382,38,1,0,37,30
2020-11-06,US,North Carolina,Cabarrus,5281,95,0,35.3877799,-80.55267168,37025.0,2439.7906242925715,1.7989017231584927,5186,5237,95,0,5142,5189,211342,44,0,0,44,48
2020-11-06,US,North Carolina,Caldwell,2813,19,0,35.95204977,-81.54799522,37027.0,3423.057265934922,0.67543547813722,2794,2795,19,0,2776,2758,82029,18,0,0,18,37
2020-11-06,US,North Carolina,Camden,145,3,0,36.33804939,-76.15568396,37029.0,1334.3148983160029,2.0689655172413794,142,144,3,0,141,144,10710,1,0,0,1,0
2020-11-06,US,North Carolina,Carteret,1293,5,0,34.8932941,-76.54120135,37031.0,1861.1546931901605,0.3866976024748647,1288,1278,5,0,1273,1248,69524,15,0,0,15,30
2020-11-06,US,North Carolina,Caswell,670,6,0,36.39312665,-79.33353281,37033.0,2964.077154485932,0.8955223880597015,664,661,5,0,656,655,22698,9,1,0,8,6
2020-11-06,US,North Carolina,Catawba,5034,63,0,35.66211129,-81.2132617,37035.0,3155.10401062983,1.2514898688915377,4971,4936,63,0,4873,4880,158652,98,0,0,98,56
2020-11-06,US,North Carolina,Chatham,2038,62,0,35.70394416,-79.25541492,37037.0,2736.672485564657,3.042198233562316,1976,2022,62,0,1960,2002,73139,16,0,0,16,20
2020-11-06,US,North Carolina,Cherokee,816,15,0,35.1349263,-84.05970864,37039.0,2851.9502306724453,1.8382352941176472,801,806,15,0,791,798,28383,10,0,0,10,8
2020-11-06,US,North Carolina,Chowan,546,18,0,36.12908077,-76.60118385,37041.0,3915.9434841856128,3.2967032967032965,528,546,16,0,530,546,14029,0,2,0,-2,0
2020-11-06,US,North Carolina,Clay,254,3,0,35.05704275,-83.74353633,37043.0,2261.597364437717,1.1811023622047243,251,252,3,0,249,249,11139,2,0,0,2,3
2020-11-06,US,North Carolina,Cleveland,3498,91,0,35.33553364,-81.55204486,37045.0,3571.3191828233635,2.6014865637507145,3407,3458,91,0,3367,3427,97645,40,0,0,40,31
2020-11-06,US,North Carolina,Columbus,1891,64,0,34.26744084,-78.65801424,37047.0,3406.716149023564,3.3844526705446856,1827,1832,64,0,1768,1815,55655,59,0,0,59,17
2020-11-06,US,North Carolina,Craven,2525,63,0,35.11833364,-77.08398081,37049.0,2472.1213248612185,2.495049504950495,2462,2502,63,0,2439,2485,102912,23,0,0,23,17
2020-11-06,US,North Carolina,Cumberland,7649,105,0,35.04762133,-78.82623165,37051.0,2279.8196173575075,1.372728461236763,7544,7561,103,0,7458,7484,332330,88,2,0,86,77
2020-11-06,US,North Carolina,Currituck,240,4,0,36.36123664,-75.95876401,37053.0,864.4598926628968,1.6666666666666667,236,238,4,0,234,232,27072,2,0,0,2,6
2020-11-06,US,North Carolina,Dare,425,3,0,35.66520691,-75.71767334,37055.0,1148.369315571888,0.7058823529411765,422,414,3,0,411,400,36501,11,0,0,11,14
2020-11-06,US,North Carolina,Davidson,4053,47,0,35.79115496,-80.21256572,37057.0,2418.127904826113,1.1596348383913149,4006,3991,46,0,3945,3935,166614,62,1,0,61,56
2020-11-06,US,North Carolina,Davie,843,8,0,35.93099927,-80.54496571,37059.0,1967.511553003781,0.9489916963226572,835,825,8,0,817,812,42733,18,0,0,18,13
2020-11-06,US,North Carolina,Duplin,2941,54,0,34.93449805,-77.93140529,37061.0,5006.724434381436,1.8361101666099968,2887,2922,54,0,2868,2905,58856,19,0,0,19,17
2020-11-06,US,North Carolina,Durham,9631,102,0,36.03638492,-78.87608331,37063.0,2995.757228885682,1.0590800539923164,9529,9511,102,0,9409,9458,316739,120,0,0,120,53
2020-11-06,US,North Carolina,Edgecombe,2147,65,0,35.91230639,-77.59436892,37065.0,4171.1998756605535,3.0274802049371217,2082,2134,65,0,2069,2114,52005,13,0,0,13,20
2020-11-06,US,North Carolina,Forsyth,9682,128,0,36.12859861,-80.25459052,37067.0,2532.599170797421,1.3220409006403635,9554,9546,126,0,9420,9436,379099,136,2,0,134,110
2020-11-06,US,North Carolina,Franklin,1555,32,0,36.081519,-78.28708884,37069.0,2231.470187271292,2.057877813504823,1523,1544,32,0,1512,1528,67560,11,0,0,11,16
2020-11-06,US,North Carolina,Gaston,8183,145,0,35.29373559,-81.17477045,37071.0,3644.5180800698354,1.7719662715385556,8038,8102,144,0,7958,8034,222846,81,1,0,80,68
2020-11-06,US,North Carolina,Gates,172,3,0,36.44667547,-76.69749701,37073.0,1487.6318975955717,1.7441860465116281,169,172,3,0,169,172,11573,0,0,0,0,0
2020-11-06,US,North Carolina,Graham,256,10,0,35.3506925,-83.83369267,37075.0,3032.8160170595893,3.90625,246,254,10,0,244,253,8484,2,0,0,2,1
2020-11-06,US,North Carolina,Granville,2143,51,0,36.30337451,-78.65184241,37077.0,3545.489138527208,2.379841343910406,2092,2130,51,0,2079,2100,60115,13,0,0,13,30
2020-11-06,US,North Carolina,Greene,997,16,0,35.48544173,-77.67578087,37079.0,4732.070814941383,1.60481444332999,981,991,16,0,975,985,21012,6,0,0,6,6
2020-11-06,US,North Carolina,Guilford,12629,215,0,36.07959451,-79.78824948,37081.0,2351.007308618809,1.7024309129780664,12414,12444,214,0,12230,12272,533670,185,1,0,184,172
2020-11-06,US,North Carolina,Halifax,1560,31,0,36.25669272,-77.6556109,37083.0,3119.3761247750454,1.9871794871794872,1529,1547,30,0,1517,1526,50574,13,1,0,12,21
2020-11-06,US,North Carolina,Harnett,3197,75,0,35.36731853,-78.87243571,37085.0,2351.150202976996,2.3459493274945262,3122,3167,74,0,3093,3122,134214,30,1,0,29,45
2020-11-06,US,North Carolina,Haywood,791,36,0,35.55269063,-82.98196486,37087.0,1269.3165588844136,4.551201011378002,755,783,36,0,747,772,61971,8,0,0,8,11
2020-11-06,US,North Carolina,Henderson,2644,67,0,35.33788927,-82.4766782,37089.0,2251.8034015517346,2.5340393343419056,2577,2630,67,0,2563,2612,116748,14,0,0,14,18
2020-11-06,US,North Carolina,Hertford,881,35,0,36.3607755,-76.98104134,37091.0,3720.910588334671,3.9727582292849033,846,878,35,0,843,873,23659,3,0,0,3,5
2020-11-06,US,North Carolina,Hoke,1647,26,0,35.01888303,-79.23651674,37093.0,2981.858999891371,1.5786278081360048,1621,1630,26,0,1604,1620,54764,17,0,0,17,10
2020-11-06,US,North Carolina,Hyde,177,5,0,35.42017674,-76.15180542,37095.0,3585.173182094389,2.824858757062147,172,177,5,0,172,177,5230,0,0,0,0,0
2020-11-06,US,North Carolina,Iredell,4158,34,0,35.80950511,-80.8743128,37097.0,2287.0532325665813,0.8177008177008177,4124,4117,34,0,4083,4084,178435,41,0,0,41,33
2020-11-06,US,North Carolina,Jackson,1170,8,0,35.28814273,-83.14093385,37099.0,2662.843097091356,0.6837606837606838,1162,1159,7,0,1152,1149,43327,11,1,0,10,10
2020-11-06,US,North Carolina,Johnston,6108,68,0,35.51745004,-78.36622717,37101.0,2917.7554110796364,1.1132940406024885,6040,6024,68,0,5956,5962,202675,84,0,0,84,62
2020-11-06,US,North Carolina,Jones,210,15,0,35.02254606,-77.35870791,37103.0,2229.5360441660473,7.142857142857142,195,208,15,0,193,206,9637,2,0,0,2,2
2020-11-06,US,North Carolina,Lee,2213,22,0,35.47623147,-79.17569362,37105.0,3582.123375256964,0.9941256213285132,2191,2204,22,0,2182,2189,61452,9,0,0,9,15
2020-11-06,US,North Carolina,Lenoir,1610,42,0,35.24032589999999,-77.64245615,37107.0,2877.620690271497,2.608695652173913,1568,1586,42,0,1544,1563,55976,24,0,0,24,23
2020-11-06,US,North Carolina,Lincoln,2663,16,0,35.48508185,-81.21740317,37109.0,3092.5201193808,0.6008261359369133,2647,2638,16,0,2622,2610,83770,25,0,0,25,28
2020-11-06,US,North Carolina,Macon,789,7,0,35.14867843,-83.41696617,37113.0,2200.34580846673,0.8871989860583016,782,787,7,0,780,783,35285,2,0,0,2,4
2020-11-06,US,North Carolina,Madison,332,5,0,35.85402722,-82.71346418,37115.0,1526.0859572512063,1.5060240963855422,327,321,5,0,316,311,21763,11,0,0,11,10
2020-11-06,US,North Carolina,Martin,695,20,0,35.84326734,-77.10860251,37117.0,3097.1479500891264,2.8776978417266186,675,688,20,0,668,688,22671,7,0,0,7,0
2020-11-06,US,North Carolina,McDowell,1440,34,0,35.67736232,-82.0482425,37111.0,3147.128245476003,2.3611111111111107,1406,1428,34,0,1394,1407,45507,12,0,0,12,21
2020-11-06,US,North Carolina,Mecklenburg,35845,403,0,35.24469268,-80.8317671,37119.0,3228.243914564338,1.1242851164737062,35442,35609,402,0,35207,35390,1093901,236,1,0,235,219
2020-11-06,US,North Carolina,Mitchell,312,4,0,36.01059309,-82.1582442,37121.0,2085.0040096230955,1.2820512820512822,308,301,4,0,297,282,15000,11,0,0,11,19
2020-11-06,US,North Carolina,Montgomery,1243,39,0,35.33155144,-79.90416657,37123.0,4574.393699628307,3.1375703942075623,1204,1235,39,0,1196,1228,27271,8,0,0,8,7
2020-11-06,US,North Carolina,Moore,2382,56,0,35.30885257,-79.48474178,37125.0,2361.2212529738304,2.3509655751469354,2326,2366,51,0,2315,2354,98682,16,5,0,11,12
2020-11-06,US,North Carolina,Nash,3697,83,0,35.96575634,-77.98422508,37127.0,3920.5497465481767,2.245063565052745,3614,3656,83,0,3573,3642,94016,41,0,0,41,14
2020-11-06,US,North Carolina,New Hanover,5648,42,0,34.25758282,-77.87075626,37129.0,2408.8061311963424,0.7436260623229461,5606,5593,40,0,5553,5551,232274,55,2,0,53,42
2020-11-06,US,North Carolina,Northampton,615,22,0,36.41736238,-77.39769443,37131.0,3156.598059847046,3.5772357723577235,593,607,22,0,585,602,19676,8,0,0,8,5
2020-11-06,US,North Carolina,Onslow,3799,33,0,34.72607366,-77.42908179,37133.0,1919.287857814063,0.8686496446433272,3766,3751,33,0,3718,3695,197683,48,0,0,48,56
2020-11-06,US,North Carolina,Orange,3260,59,0,36.06092947,-79.12167935,37135.0,2195.641046364396,1.8098159509202452,3201,3236,59,0,3177,3213,146027,24,0,0,24,23
2020-11-06,US,North Carolina,Pamlico,338,3,0,35.15253315,-76.66559823,37137.0,2655.979883702656,0.8875739644970414,335,337,3,0,334,334,12670,1,0,0,1,3
2020-11-06,US,North Carolina,Pasquotank,916,35,0,36.26723798,-76.25134778,37139.0,2300.1205303334673,3.820960698689957,881,916,35,0,881,909,39639,0,0,0,0,7
2020-11-06,US,North Carolina,Pender,1523,17,0,34.52265624,-77.90352133,37141.0,2415.160164922296,1.1162179908076166,1506,1511,17,0,1494,1486,62162,12,0,0,12,25
2020-11-06,US,North Carolina,Perquimans,267,4,0,36.17847453,-76.40603143,37143.0,1983.213251132734,1.49812734082397,263,266,4,0,262,266,13422,1,0,0,1,0
2020-11-06,US,North Carolina,Person,757,10,0,36.38989032,-78.97217358,37145.0,1916.940997720942,1.3210039630118893,747,745,10,0,735,734,39507,12,0,0,12,11
2020-11-06,US,North Carolina,Pitt,6549,41,0,35.59535426,-77.37353178,37147.0,3623.396886169236,0.6260497785921515,6508,6493,41,0,6452,6445,179914,56,0,0,56,48
2020-11-06,US,North Carolina,Polk,413,13,0,35.27820615,-82.16812354,37149.0,1992.8585215209412,3.1476997578692494,400,413,13,0,400,410,20611,0,0,0,0,3
2020-11-06,US,North Carolina,Randolph,4192,69,0,35.71015088,-79.80570339,37151.0,2917.858659260651,1.6459923664122138,4123,4139,69,0,4070,4081,143351,53,0,0,53,58
2020-11-06,US,North Carolina,Richmond,1521,35,0,35.00417719,-79.74491009,37153.0,3392.892993374824,2.3011176857330704,1486,1508,35,0,1473,1500,44887,13,0,0,13,8
2020-11-06,US,North Carolina,Robeson,6431,101,0,34.64244496,-79.10250529999998,37155.0,4923.253588516746,1.57051780438501,6330,6389,101,0,6288,6309,131831,42,0,0,42,80
2020-11-06,US,North Carolina,Rockingham,2315,19,0,36.39593137,-79.77504841,37157.0,2543.6765190638394,0.8207343412526998,2296,2264,19,0,2245,2211,90690,51,0,0,51,53
2020-11-06,US,North Carolina,Rowan,4435,121,0,35.64003916,-80.52446628,37159.0,3121.3051066944427,2.7282976324689967,4314,4420,121,0,4299,4354,141262,15,0,0,15,66
2020-11-06,US,North Carolina,Rutherford,1852,69,0,35.40114178,-81.92112099,37161.0,2762.9831863820136,3.725701943844492,1783,1844,67,0,1777,1829,66826,8,2,0,6,15
2020-11-06,US,North Carolina,Sampson,3010,31,0,34.98820368,-78.36914061,37163.0,4737.844516850042,1.0299003322259137,2979,2976,31,0,2945,2940,63626,34,0,0,34,36
2020-11-06,US,North Carolina,Scotland,1710,30,0,34.8386299,-79.4757978,37165.0,4910.547626568648,1.7543859649122806,1680,1705,30,0,1675,1701,34810,5,0,0,5,4
2020-11-06,US,North Carolina,Stanly,2533,74,0,35.31647813,-80.25093221,37167.0,4033.054166799351,2.9214370311883138,2459,2523,74,0,2449,2499,62075,10,0,0,10,24
2020-11-06,US,North Carolina,Stokes,781,13,0,36.4017975,-80.23893369,37169.0,1713.0574016801559,1.6645326504481437,768,767,13,0,754,747,45467,14,0,0,14,20
2020-11-06,US,North Carolina,Surry,2142,38,0,36.41689489,-80.69102283,37171.0,2983.993424627001,1.7740429505135389,2104,2093,37,0,2056,2050,71948,49,1,0,48,43
2020-11-06,US,North Carolina,Swain,310,5,0,35.48665845,-83.48748932,37173.0,2172.2374045266624,1.6129032258064515,305,309,5,0,304,308,14245,1,0,0,1,1
2020-11-06,US,North Carolina,Transylvania,452,9,0,35.20383864,-82.79638423,37175.0,1314.5266831467204,1.9911504424778759,443,449,9,0,440,445,34215,3,0,0,3,4
2020-11-06,US,North Carolina,Tyrrell,134,3,0,35.87147226,-76.17055253,37177.0,3336.6533864541834,2.238805970149253,131,134,3,0,131,132,4131,0,0,0,0,2
2020-11-06,US,North Carolina,Unassigned,1,0,0,0.0,0.0,90037.0,0.0,0.0,1,,,,,,,,,,,
2020-11-06,US,North Carolina,Union,6315,66,0,34.98960527,-80.52955873,37179.0,2632.79676810126,1.0451306413301662,6249,6273,66,0,6207,6233,235908,42,0,0,42,40
2020-11-06,US,North Carolina,Vance,1305,47,0,36.36880673,-78.40670845,37181.0,2930.279555405861,3.6015325670498086,1258,1281,47,0,1234,1265,44582,24,0,0,24,16
2020-11-06,US,North Carolina,Wake,22771,279,0,35.78879266,-78.65249174,37183.0,2048.1920124918934,1.2252426331737736,22492,22560,277,0,22283,22303,1092305,211,2,0,209,257
2020-11-06,US,North Carolina,Warren,520,7,0,36.39728256,-78.10652228,37185.0,2635.4467589073033,1.3461538461538465,513,508,7,0,501,503,19807,12,0,0,12,5
2020-11-06,US,North Carolina,Washington,274,8,0,35.83810081,-76.57299037,37187.0,2366.148531951641,2.9197080291970803,266,273,8,0,265,273,11859,1,0,0,1,0
2020-11-06,US,North Carolina,Watauga,1479,6,0,36.23103603,-81.70033724,37189.0,2632.750057852858,0.4056795131845842,1473,1467,6,0,1461,1462,55945,12,0,0,12,5
2020-11-06,US,North Carolina,Wayne,4939,96,0,35.36438125,-78.00027268,37191.0,4011.175089944856,1.9437133022879125,4843,4899,92,0,4807,4851,123248,40,4,0,36,48
2020-11-06,US,North Carolina,Wilkes,1998,41,0,36.2084135,-81.16232895,37193.0,2920.5402560954217,2.0520520520520518,1957,1972,41,0,1931,1937,68557,26,0,0,26,35
2020-11-06,US,North Carolina,Wilson,3332,70,0,35.70625477,-77.917978,37195.0,4073.299837410301,2.100840336134454,3262,3290,69,0,3221,3248,81455,42,1,0,41,42
2020-11-06,US,North Carolina,Yadkin,1144,11,0,36.16222629,-80.66239436,37197.0,3037.1412642366,0.9615384615384616,1133,1134,11,0,1123,1123,37543,10,0,0,10,11
2020-11-06,US,North Carolina,Yancey,374,2,0,35.90079156,-82.31237181,37199.0,2069.843378161492,0.5347593582887701,372,365,2,0,363,349,17903,9,0,0,9,16
2020-11-06,US,North Dakota,Adams,109,0,0,46.09686891,-102.5285397,38001.0,4918.772563176895,0.0,109,109,0,0,109,105,2294,0,0,0,0,4
2020-11-06,US,North Dakota,Barnes,479,2,0,46.93579637,-98.06605978,38003.0,4599.135861737878,0.4175365344467641,477,467,2,0,465,435,10542,12,0,0,12,32
2020-11-06,US,North Dakota,Benson,594,12,0,48.0683985,-99.35916363,38005.0,8694.379391100703,2.0202020202020203,582,584,12,0,572,570,6962,10,0,0,10,14
2020-11-06,US,North Dakota,Billings,35,0,0,47.02366884,-103.3762965,38007.0,3771.5517241379303,0.0,35,35,0,0,35,34,919,0,0,0,0,1
2020-11-06,US,North Dakota,Bottineau,381,17,0,48.79106111,-100.8378166,38009.0,6064.947468958931,4.461942257217848,364,377,17,0,360,367,6411,4,0,0,4,10
2020-11-06,US,North Dakota,Bowman,156,2,0,46.11285362,-103.5203343,38011.0,5158.730158730159,1.2820512820512822,154,154,2,0,152,154,3076,2,0,0,2,0
2020-11-06,US,North Dakota,Burke,106,1,0,48.79094471,-102.51821170000001,38013.0,5011.820330969267,0.9433962264150944,105,103,1,0,102,98,2100,3,0,0,3,5
2020-11-06,US,North Dakota,Burleigh,8325,90,0,46.97847375,-100.46452140000001,38015.0,8705.791311986279,1.0810810810810811,8235,8084,86,0,7998,7871,95273,241,4,0,237,213
2020-11-06,US,North Dakota,Cass,11110,94,0,46.93201724,-97.24447190000001,38017.0,6106.97932641832,0.8460846084608461,11016,10870,91,0,10779,10610,181516,240,3,0,237,260
2020-11-06,US,North Dakota,Cavalier,189,1,0,48.77286211,-98.46685243,38019.0,5023.923444976077,0.5291005291005291,188,184,1,0,183,166,3829,5,0,0,5,18
2020-11-06,US,North Dakota,Dickey,403,14,0,46.11017712,-98.50490079999999,38021.0,8271.75697865353,3.4739454094292803,389,373,12,0,361,361,4903,30,2,0,28,12
2020-11-06,US,North Dakota,Divide,86,1,0,48.814938700000006,-103.48736109999999,38023.0,3798.5865724381615,1.162790697674419,85,86,1,0,85,83,2283,0,0,0,0,3
2020-11-06,US,North Dakota,Dunn,229,6,0,47.35423935,-102.61604679999999,38025.0,5176.311030741411,2.6200873362445414,223,228,6,0,222,223,4332,1,0,0,1,5
2020-11-06,US,North Dakota,Eddy,251,3,0,47.71701474,-98.90432337,38027.0,10975.076519457803,1.195219123505976,248,245,3,0,242,230,2313,6,0,0,6,15
2020-11-06,US,North Dakota,Emmons,300,9,0,46.28398398,-100.2389766,38029.0,9256.40234495526,3.0,291,297,9,0,288,295,3295,3,0,0,3,2
2020-11-06,US,North Dakota,Foster,247,2,0,47.457108399999996,-98.88279923,38031.0,7694.7040498442375,0.8097165991902834,245,238,2,0,236,227,3216,9,0,0,9,11
2020-11-06,US,North Dakota,Golden Valley,127,0,0,46.94022281,-103.8465421,38033.0,7211.811470755253,0.0,127,127,0,0,127,124,1769,0,0,0,0,3
2020-11-06,US,North Dakota,Grand Forks,5504,25,0,47.92093639,-97.45450447,38035.0,7925.011878878634,0.4542151162790698,5479,5167,25,0,5142,5066,70770,337,0,0,337,101
2020-11-06,US,North Dakota,Grant,94,4,0,46.35821257,-101.63900129999999,38037.0,4133.685136323657,4.25531914893617,90,93,4,0,89,90,2374,1,0,0,1,3
2020-11-06,US,North Dakota,Griggs,127,1,0,47.45785838,-98.23850925,38039.0,5692.514567458539,0.7874015748031497,126,123,1,0,122,117,2232,4,0,0,4,6
2020-11-06,US,North Dakota,Hettinger,148,3,0,46.43375068,-102.4632417,38041.0,5922.368947579032,2.0270270270270268,145,146,3,0,143,143,2514,2,0,0,2,3
2020-11-06,US,North Dakota,Kidder,126,3,0,46.97830064,-99.77507857,38043.0,5080.645161290323,2.380952380952381,123,121,3,0,118,120,2450,5,0,0,5,1
2020-11-06,US,North Dakota,LaMoure,247,13,0,46.45681054,-98.53542355,38045.0,6104.794859120118,5.2631578947368425,234,240,12,0,228,236,4062,7,1,0,6,4
2020-11-06,US,North Dakota,Logan,135,4,0,46.45729487,-99.47719806,38047.0,7297.297297297298,2.962962962962963,131,135,4,0,131,135,1903,0,0,0,0,0
2020-11-06,US,North Dakota,McHenry,277,15,0,48.23104458,-100.6324822,38049.0,4821.5839860748465,5.415162454873647,262,267,15,0,252,255,5816,10,0,0,10,12
2020-11-06,US,North Dakota,McIntosh,183,5,0,46.11182017,-99.44145858,38051.0,7328.794553464157,2.7322404371584703,178,182,5,0,177,180,2585,1,0,0,1,2
2020-11-06,US,North Dakota,McKenzie,650,4,0,47.74133370000001,-103.395905,38053.0,4326.411075612355,0.6153846153846154,646,641,4,0,637,627,13632,9,0,0,9,14
2020-11-06,US,North Dakota,McLean,727,11,0,47.60766714,-101.3182418,38055.0,7693.121693121693,1.5130674002751032,716,705,11,0,694,686,9541,22,0,0,22,19
2020-11-06,US,North Dakota,Mercer,577,3,0,47.31213126,-101.8318399,38057.0,7047.758641749115,0.5199306759098787,574,568,3,0,565,555,8267,9,0,0,9,13
2020-11-06,US,North Dakota,Morton,2824,57,0,46.71681782,-101.2822377,38059.0,9003.953577349828,2.018413597733711,2767,2764,57,0,2707,2679,31095,60,0,0,60,85
2020-11-06,US,North Dakota,Mountrail,662,9,0,48.20197971,-102.3555315,38061.0,6277.856804172594,1.3595166163141994,653,639,9,0,630,615,10218,23,0,0,23,24
2020-11-06,US,North Dakota,Nelson,209,5,0,47.9226426,-98.19038437,38063.0,7259.46509204585,2.392344497607656,204,194,5,0,189,188,2869,15,0,0,15,6
2020-11-06,US,North Dakota,Oliver,99,2,0,47.11530482,-101.3406158,38065.0,5053.598774885146,2.0202020202020203,97,96,2,0,94,93,1952,3,0,0,3,3
2020-11-06,US,North Dakota,Pembina,338,1,0,48.76623521,-97.5523809,38067.0,4969.857373915601,0.2958579881656805,337,321,1,0,320,284,6947,17,0,0,17,37
2020-11-06,US,North Dakota,Pierce,190,4,0,48.24977025,-99.96407787,38069.0,4779.874213836479,2.1052631578947367,186,180,4,0,176,163,4081,10,0,0,10,17
2020-11-06,US,North Dakota,Ramsey,702,4,0,48.26886249,-98.72223879,38071.0,6094.279017275804,0.5698005698005698,698,687,4,0,683,649,11481,15,0,0,15,38
2020-11-06,US,North Dakota,Ransom,266,4,0,46.45621782,-97.65742504,38073.0,5097.738597163664,1.5037593984962403,262,266,4,0,262,257,5237,0,0,0,0,9
2020-11-06,US,North Dakota,Renville,130,2,0,48.71982533,-101.6603912,38075.0,5586.5921787709485,1.5384615384615383,128,123,2,0,121,123,2374,7,0,0,7,0
2020-11-06,US,North Dakota,Richland,640,4,0,46.26440649,-96.94852979,38077.0,3956.234159609322,0.625,636,630,4,0,626,609,16239,10,0,0,10,21
2020-11-06,US,North Dakota,Rolette,694,10,0,48.77245354,-99.84097493,38079.0,4895.598194130926,1.4409221902017288,684,622,10,0,612,601,14301,72,0,0,72,21
2020-11-06,US,North Dakota,Sargent,159,3,0,46.10830372,-97.63217159,38081.0,4079.0148794253455,1.8867924528301887,156,156,3,0,153,149,3870,3,0,0,3,7
2020-11-06,US,North Dakota,Sheridan,61,1,0,47.57700669,-100.3426391,38083.0,4638.7832699619785,1.639344262295082,60,61,1,0,60,61,1349,0,0,0,0,0
2020-11-06,US,North Dakota,Sioux,297,5,0,46.11323337,-101.04401490000001,38085.0,7021.276595744682,1.6835016835016836,292,294,5,0,289,287,4358,3,0,0,3,7
2020-11-06,US,North Dakota,Slope,15,0,0,46.44737738,-103.4601547,38087.0,2000.0,0.0,15,15,0,0,15,15,763,0,0,0,0,0
2020-11-06,US,North Dakota,Stark,2613,35,0,46.80851182,-102.65763259999999,38089.0,8298.135856965924,1.3394565633371605,2578,2586,35,0,2551,2523,30997,27,0,0,27,63
2020-11-06,US,North Dakota,Steele,69,1,0,47.45611548,-97.72728747,38091.0,3650.7936507936506,1.4492753623188406,68,69,1,0,68,67,1903,0,0,0,0,2
2020-11-06,US,North Dakota,Stutsman,1382,10,0,46.97962541,-98.95637318,38093.0,6675.038639876352,0.723589001447178,1372,1285,10,0,1275,1220,20917,97,0,0,97,65
2020-11-06,US,North Dakota,Towner,146,8,0,48.68565745,-99.24564265,38095.0,6669.712197350388,5.479452054794519,138,142,8,0,134,134,2192,4,0,0,4,8
2020-11-06,US,North Dakota,Traill,449,8,0,47.45367788,-97.16323288,38097.0,5587.356893977103,1.7817371937639201,441,436,8,0,428,412,8037,13,0,0,13,24
2020-11-06,US,North Dakota,Walsh,840,5,0,48.36876964,-97.72574783,38099.0,7893.994925288975,0.5952380952380952,835,800,4,0,796,752,10667,40,1,0,39,48
2020-11-06,US,North Dakota,Ward,4499,69,0,48.22390169,-101.54367629999999,38101.0,6651.2913765319845,1.533674149811069,4430,4187,64,0,4123,3966,67744,312,5,0,307,221
2020-11-06,US,North Dakota,Wells,228,2,0,47.58614526,-99.65904998,38103.0,5946.79186228482,0.8771929824561403,226,226,1,0,225,226,3957,2,1,0,1,0
2020-11-06,US,North Dakota,Williams,2168,19,0,48.34522353,-103.4793387,38105.0,5767.644789699114,0.8763837638376384,2149,2109,19,0,2090,2065,35350,59,0,0,59,44
2020-11-06,US,Ohio,Adams,324,6,0,38.84541072,-83.4718964,39001.0,1169.7595494259513,1.851851851851852,318,312,6,0,306,301,27724,12,0,0,12,11
2020-11-06,US,Ohio,Allen,2949,80,0,40.77285242,-84.10802343,39003.0,2881.26154116716,2.7127839945744316,2869,2869,80,0,2789,2784,102663,80,0,0,80,85
2020-11-06,US,Ohio,Ashland,576,20,0,40.84772277,-82.27280781,39005.0,1076.9575947947048,3.4722222222222223,556,557,20,0,537,542,53745,19,0,0,19,15
2020-11-06,US,Ohio,Ashtabula,1034,48,0,41.70860332,-80.74830218,39007.0,1063.3374811036497,4.642166344294004,986,993,48,0,945,946,97493,41,0,0,41,47
2020-11-06,US,Ohio,Athens,1452,4,0,39.33425634,-82.04278644,39009.0,2222.6644419612107,0.27548209366391185,1448,1438,2,0,1436,1423,65818,14,2,0,12,15
2020-11-06,US,Ohio,Auglaize,1460,19,0,40.55998859,-84.22421429999999,39011.0,3197.8272297178905,1.3013698630136987,1441,1430,19,0,1411,1393,45804,30,0,0,30,37
2020-11-06,US,Ohio,Belmont,989,27,0,40.01625942,-80.9924051,39013.0,1475.9872250246246,2.730030333670374,962,965,27,0,938,944,67505,24,0,0,24,21
2020-11-06,US,Ohio,Brown,560,4,0,38.93416837,-83.86788395,39015.0,1289.3718916927612,0.7142857142857143,556,529,4,0,525,517,43602,31,0,0,31,12
2020-11-06,US,Ohio,Butler,10395,134,0,39.44012838,-84.57388716,39017.0,2713.1499684183605,1.289081289081289,10261,10205,134,0,10071,9962,382378,190,0,0,190,243
2020-11-06,US,Ohio,Carroll,282,9,0,40.578968599999996,-81.09178213,39019.0,1047.7818235862376,3.191489361702128,273,277,8,0,269,272,27081,5,1,0,4,5
2020-11-06,US,Ohio,Champaign,541,4,0,40.13923427,-83.76875242,39021.0,1391.2819853413912,0.7393715341959335,537,527,4,0,523,513,38754,14,0,0,14,14
2020-11-06,US,Ohio,Clark,3259,58,0,39.91592258,-83.78498252,39023.0,2430.5840412281946,1.7796870205584534,3201,3193,57,0,3136,3126,134585,66,1,0,65,67
2020-11-06,US,Ohio,Clermont,3283,41,0,39.04847534,-84.15375786,39025.0,1590.3850252872671,1.2488577520560462,3242,3203,41,0,3162,3126,205466,80,0,0,80,77
2020-11-06,US,Ohio,Clinton,670,14,0,39.41485808,-83.80852286,39027.0,1596.4544414792222,2.08955223880597,656,659,13,0,646,643,42057,11,1,0,10,16
2020-11-06,US,Ohio,Columbiana,2416,88,0,40.76932373,-80.78094576,39029.0,2371.347526083841,3.6423841059602653,2328,2379,88,0,2291,2336,102665,37,0,0,37,43
2020-11-06,US,Ohio,Coshocton,509,13,0,40.30096166,-81.91729018,39031.0,1390.7103825136612,2.5540275049115917,496,495,13,0,482,463,36629,14,0,0,14,32
2020-11-06,US,Ohio,Crawford,680,9,0,40.85065156,-82.91989099,39033.0,1638.7911505277868,1.3235294117647058,671,665,9,0,656,648,41550,15,0,0,15,17
2020-11-06,US,Ohio,Cuyahoga,23406,700,0,41.424119,-81.65918339,39035.0,1895.1121877914807,2.9906861488507217,22706,23023,696,0,22327,22586,1243857,383,4,0,379,437
2020-11-06,US,Ohio,Darke,1414,53,0,40.13412966,-84.6194517,39037.0,2766.4195018879736,3.748231966053748,1361,1382,53,0,1329,1368,51323,32,0,0,32,14
2020-11-06,US,Ohio,Defiance,746,15,0,41.32398837,-84.49076944,39039.0,1958.673563158033,2.0107238605898123,731,715,14,0,701,694,38165,31,1,0,30,21
2020-11-06,US,Ohio,Delaware,3483,29,0,40.27942393,-83.00457058,39041.0,1665.0970230952735,0.8326155612977318,3454,3431,29,0,3402,3369,204826,52,0,0,52,62
2020-11-06,US,Ohio,Erie,1395,57,0,41.36796058,-82.62904521,39043.0,1878.3831093636386,4.086021505376344,1338,1358,57,0,1301,1335,74615,37,0,0,37,23
2020-11-06,US,Ohio,Fairfield,3413,59,0,39.75107189,-82.63088163,39045.0,2165.96646654905,1.7286844418400231,3354,3351,59,0,3292,3282,155782,62,0,0,62,69
2020-11-06,US,Ohio,Fayette,570,13,0,39.56021306,-83.4562016,39047.0,1998.247151621385,2.280701754385965,557,547,13,0,534,539,28666,23,0,0,23,8
2020-11-06,US,Ohio,Franklin,36812,643,0,39.96995815,-83.01115755,39049.0,2795.65842115016,1.7467130283603174,36169,36228,643,0,35585,35700,1310300,584,0,0,584,528
2020-11-06,US,Ohio,Fulton,744,18,0,41.60213491,-84.12571393,39051.0,1766.1301808859134,2.419354838709677,726,732,18,0,714,708,42276,12,0,0,12,24
2020-11-06,US,Ohio,Gallia,379,13,0,38.82708533,-82.31647569,39053.0,1267.643320623453,3.430079155672823,366,373,13,0,360,361,29979,6,0,0,6,12
2020-11-06,US,Ohio,Geauga,1101,51,0,41.49952319,-81.17935342,39055.0,1175.666584800692,4.632152588555858,1050,1068,50,0,1018,1044,94031,33,1,0,32,24
2020-11-06,US,Ohio,Greene,3220,50,0,39.69116283,-83.89032084,39057.0,1906.035977908925,1.5527950310559009,3170,3141,48,0,3093,3042,167995,79,2,0,77,99
2020-11-06,US,Ohio,Guernsey,511,8,0,40.05026529,-81.49248905,39059.0,1314.4694533762058,1.5655577299412915,503,503,8,0,495,493,39022,8,0,0,8,10
2020-11-06,US,Ohio,Hamilton,20591,352,0,39.19673558,-84.54502924,39061.0,2518.8599501145604,1.709484726336749,20239,20195,352,0,19843,19823,816684,396,0,0,396,372
2020-11-06,US,Ohio,Hancock,1438,31,0,41.00250487,-83.66838948,39063.0,1897.5231912170275,2.1557719054242,1407,1408,31,0,1377,1374,75930,30,0,0,30,34
2020-11-06,US,Ohio,Hardin,493,14,0,40.66015414,-83.65929931,39065.0,1571.8157181571814,2.8397565922920887,479,475,14,0,461,448,31480,18,0,0,18,27
2020-11-06,US,Ohio,Harrison,113,3,0,40.29380509,-81.09068544,39067.0,751.3297872340428,2.6548672566371683,110,106,3,0,103,103,15174,7,0,0,7,3
2020-11-06,US,Ohio,Henry,659,18,0,41.333964200000004,-84.06830637,39069.0,2440.1984744130928,2.731411229135053,641,636,18,0,618,628,27086,23,0,0,23,8
2020-11-06,US,Ohio,Highland,669,14,0,39.1839264,-83.60331456,39071.0,1550.010426079099,2.0926756352765317,655,643,13,0,630,631,43058,26,1,0,25,12
2020-11-06,US,Ohio,Hocking,311,9,0,39.49537927,-82.47991446,39073.0,1100.3396546844042,2.893890675241157,302,302,9,0,293,294,28385,9,0,0,9,8
2020-11-06,US,Ohio,Holmes,1067,22,0,40.56163713,-81.92635677,39075.0,2427.206551410373,2.061855670103093,1045,1042,21,0,1021,1031,43892,25,1,0,24,11
2020-11-06,US,Ohio,Huron,859,16,0,41.14651175,-82.59867951,39077.0,1474.273161020149,1.8626309662398135,843,839,16,0,823,817,58504,20,0,0,20,22
2020-11-06,US,Ohio,Jackson,601,9,0,39.01914254,-82.61818559999998,39079.0,1854.1943047542647,1.4975041597337768,592,590,9,0,581,578,32384,11,0,0,11,12
2020-11-06,US,Ohio,Jefferson,630,4,0,40.38614126,-80.76259514,39081.0,964.4087256027556,0.6349206349206349,626,602,4,0,598,585,65767,28,0,0,28,17
2020-11-06,US,Ohio,Knox,595,17,0,40.39830217,-82.42027563,39083.0,954.7190398254228,2.8571428571428568,578,579,17,0,562,562,61893,16,0,0,16,17
2020-11-06,US,Ohio,Lake,2976,60,0,41.69710807,-81.23676539,39085.0,1293.0753555305475,2.0161290322580645,2916,2834,60,0,2774,2681,230514,142,0,0,142,153
2020-11-06,US,Ohio,Lawrence,1209,31,0,38.59743452,-82.53466552,39087.0,2033.1971141718384,2.5641025641025643,1178,1177,31,0,1146,1151,59866,32,0,0,32,26
2020-11-06,US,Ohio,Licking,3361,70,0,40.09136236,-82.48185785,39089.0,1900.351686625731,2.0827134781315086,3291,3299,70,0,3229,3233,175769,62,0,0,62,66
2020-11-06,US,Ohio,Logan,659,6,0,40.38996525,-83.76784341,39091.0,1442.8971798913994,0.9104704097116844,653,627,4,0,623,616,45358,32,2,0,30,11
2020-11-06,US,Ohio,Lorain,3435,93,0,41.29553751,-82.15083537,39093.0,1108.661762949718,2.7074235807860263,3342,3384,92,0,3292,3296,309461,51,1,0,50,88
2020-11-06,US,Ohio,Lucas,9863,392,0,41.62101218,-83.65468618,39095.0,2302.567071633345,3.9744499645138402,9471,9676,389,0,9287,9473,429899,187,3,0,184,203
2020-11-06,US,Ohio,Madison,1184,18,0,39.89381073,-83.40178317,39097.0,2646.9338937202388,1.5202702702702702,1166,1173,18,0,1155,1159,44413,11,0,0,11,14
2020-11-06,US,Ohio,Mahoning,4472,287,0,41.01631101,-80.77287029,39099.0,1955.5454493775226,6.417710196779964,4185,4401,287,0,4114,4319,229642,71,0,0,71,82
2020-11-06,US,Ohio,Marion,3705,50,0,40.58610662,-83.15736305,39101.0,5691.8562671869495,1.349527665317139,3655,3668,50,0,3618,3651,65256,37,0,0,37,17
2020-11-06,US,Ohio,Medina,2545,46,0,41.11770589,-81.89986209999998,39103.0,1415.8868625727414,1.8074656188605107,2499,2449,46,0,2403,2368,179146,96,0,0,96,81
2020-11-06,US,Ohio,Meigs,259,12,0,39.09224872,-82.0305041,39105.0,1130.6587506002534,4.633204633204633,247,257,12,0,245,249,23106,2,0,0,2,8
2020-11-06,US,Ohio,Mercer,1995,33,0,40.54043046,-84.62912742,39107.0,4845.526085689305,1.6541353383458646,1962,1943,33,0,1910,1883,40959,52,0,0,52,60
2020-11-06,US,Ohio,Miami,2625,61,0,40.0543329,-84.22871271,39109.0,2453.5691252208208,2.323809523809524,2564,2570,61,0,2509,2505,106222,55,0,0,55,65
2020-11-06,US,Ohio,Monroe,213,19,0,39.72984936,-81.08464734,39111.0,1559.9824227332654,8.92018779342723,194,212,19,0,193,211,13790,1,0,0,1,1
2020-11-06,US,Ohio,Montgomery,13278,193,0,39.75394919,-84.29050975,39113.0,2497.333957760863,1.453532158457599,13085,13036,191,0,12845,12763,532331,242,2,0,240,273
2020-11-06,US,Ohio,Morgan,119,1,0,39.62081738,-81.85308173,39115.0,820.2371105596914,0.8403361344537815,118,117,1,0,116,111,14604,2,0,0,2,6
2020-11-06,US,Ohio,Morrow,544,2,0,40.52363560000001,-82.7892599,39117.0,1539.855072463768,0.36764705882352944,542,529,2,0,527,513,35112,15,0,0,15,16
2020-11-06,US,Ohio,Muskingum,1242,5,0,39.96575964,-81.94363275,39119.0,1440.5845850490055,0.4025764895330113,1237,1200,5,0,1195,1168,86183,42,0,0,42,32
2020-11-06,US,Ohio,Noble,308,5,0,39.76818851,-81.45937183,39121.0,2135.330005546312,1.6233766233766234,303,299,1,0,298,272,14354,9,4,0,5,27
2020-11-06,US,Ohio,Ottawa,730,30,0,41.53781826,-83.0940185,39123.0,1801.3571869216532,4.109589041095891,700,714,30,0,684,701,40769,16,0,0,16,13
2020-11-06,US,Ohio,Paulding,357,6,0,41.11676341,-84.5801017,39125.0,1911.9537275064267,1.680672268907563,351,348,6,0,342,339,18760,9,0,0,9,9
2020-11-06,US,Ohio,Perry,486,11,0,39.73508655,-82.23804971,39127.0,1344.993634803786,2.263374485596708,475,472,11,0,461,458,36033,14,0,0,14,14
2020-11-06,US,Ohio,Pickaway,3367,46,0,39.64170392,-83.0243386,39129.0,5759.7892467967895,1.366201366201366,3321,3333,46,0,3287,3306,58086,34,0,0,34,27
2020-11-06,US,Ohio,Pike,451,0,0,39.07634001,-83.06769584,39131.0,1623.937779058044,0.0,451,439,0,0,439,426,28067,12,0,0,12,13
2020-11-06,US,Ohio,Portage,2137,68,0,41.16793482,-81.19735782,39133.0,1315.3521352159835,3.1820308844174074,2069,2092,68,0,2024,2048,162927,45,0,0,45,44
2020-11-06,US,Ohio,Preble,891,18,0,39.7420247,-84.64787018,39135.0,2179.443275769287,2.0202020202020203,873,870,18,0,852,840,40997,21,0,0,21,30
2020-11-06,US,Ohio,Putnam,1610,32,0,41.02094889,-84.1336111,39137.0,4754.73258320782,1.9875776397515528,1578,1562,30,0,1532,1493,33780,48,2,0,46,69
2020-11-06,US,Ohio,Richland,1841,26,0,40.77180308,-82.53799609999999,39139.0,1519.5536259636497,1.4122759369907658,1815,1793,26,0,1767,1758,121099,48,0,0,48,35
2020-11-06,US,Ohio,Ross,1785,52,0,39.33705391,-83.06000914,39141.0,2328.281115487961,2.9131652661064424,1733,1759,52,0,1707,1718,76931,26,0,0,26,41
2020-11-06,US,Ohio,Sandusky,936,24,0,41.35624126,-83.137872,39143.0,1599.5078437403877,2.5641025641025643,912,905,23,0,882,896,58799,31,1,0,30,9
2020-11-06,US,Ohio,Scioto,1188,9,0,38.80270163,-82.98907345,39145.0,1577.3959688769685,0.7575757575757576,1179,1166,9,0,1157,1133,75502,22,0,0,22,33
2020-11-06,US,Ohio,Seneca,875,15,0,41.12351311,-83.12783209,39147.0,1585.7769400848165,1.7142857142857142,860,846,15,0,831,824,55207,29,0,0,29,22
2020-11-06,US,Ohio,Shelby,1200,14,0,40.33163494,-84.20258189,39149.0,2469.643959662482,1.1666666666666667,1186,1180,14,0,1166,1148,48627,20,0,0,20,32
2020-11-06,US,Ohio,Stark,5043,189,0,40.81482476,-81.36437305,39151.0,1360.744294479852,3.747769185008923,4854,4892,189,0,4703,4800,371574,151,0,0,151,92
2020-11-06,US,Ohio,Summit,8329,280,0,41.12464734,-81.53123079,39153.0,1539.5193830832159,3.3617481090166885,8049,8145,280,0,7865,7985,541918,184,0,0,184,160
2020-11-06,US,Ohio,Trumbull,2865,138,0,41.31735028,-80.76109643,39155.0,1447.1597280450974,4.816753926701572,2727,2764,138,0,2626,2703,198627,101,0,0,101,61
2020-11-06,US,Ohio,Tuscarawas,1800,47,0,40.44214695,-81.47226262,39157.0,1956.7982432300214,2.6111111111111107,1753,1736,46,0,1690,1675,92176,64,1,0,63,61
2020-11-06,US,Ohio,Union,1066,3,0,40.30016061,-83.37239023,39159.0,1807.1472163829928,0.28142589118198874,1063,1033,3,0,1030,1008,57835,33,0,0,33,25
2020-11-06,US,Ohio,Van Wert,439,5,0,40.8554138,-84.59111700000003,39161.0,1552.608311229001,1.1389521640091116,434,412,5,0,407,392,28281,27,0,0,27,20
2020-11-06,US,Ohio,Vinton,157,5,0,39.25208988,-82.4831444,39163.0,1199.847153228888,3.1847133757961785,152,152,5,0,147,148,13139,5,0,0,5,4
2020-11-06,US,Ohio,Warren,5375,70,0,39.42581994,-84.16557457,39165.0,2291.114312750957,1.3023255813953492,5305,5264,70,0,5194,5157,232173,111,0,0,111,107
2020-11-06,US,Ohio,Washington,580,25,0,39.45690571,-81.49121382,39167.0,968.1026856503813,4.310344827586206,555,540,25,0,515,508,60155,40,0,0,40,32
2020-11-06,US,Ohio,Wayne,2135,79,0,40.82925852,-81.88844833,39169.0,1845.1300665456745,3.700234192037471,2056,2081,78,0,2003,2023,115967,54,1,0,53,58
2020-11-06,US,Ohio,Williams,545,4,0,41.56052014,-84.58429552,39171.0,1485.3374032486645,0.7339449541284404,541,522,4,0,518,500,36804,23,0,0,23,22
2020-11-06,US,Ohio,Wood,3026,104,0,41.36224827,-83.62285108,39173.0,2313.15501807869,3.436880370125578,2922,2969,104,0,2865,2909,130696,57,0,0,57,60
2020-11-06,US,Ohio,Wyandot,373,14,0,40.84339621,-83.30734173,39175.0,1713.2096270439097,3.7533512064343166,359,365,13,0,352,357,21935,8,1,0,7,8
2020-11-06,US,Oklahoma,Adair,934,13,0,35.88494195,-94.65859267,40001.0,4208.344597639001,1.39186295503212,921,912,12,0,900,889,22082,22,1,0,21,23
2020-11-06,US,Oklahoma,Alfalfa,143,0,0,36.73090616,-98.32408495,40003.0,2507.891967730621,0.0,143,140,0,0,140,140,5754,3,0,0,3,0
2020-11-06,US,Oklahoma,Atoka,499,1,0,34.37366573,-96.03802487,40005.0,3626.980665794447,0.2004008016032064,498,491,1,0,490,484,13838,8,0,0,8,7
2020-11-06,US,Oklahoma,Beaver,109,1,0,36.7496847,-100.4758872,40007.0,2052.3441913010734,0.9174311926605504,108,109,1,0,108,105,5319,0,0,0,0,4
2020-11-06,US,Oklahoma,Beckham,994,15,0,35.26862449,-99.68128023,40009.0,4547.326044192324,1.5090543259557343,979,988,14,0,974,982,21709,6,1,0,5,6
2020-11-06,US,Oklahoma,Blaine,250,2,0,35.87518314,-98.43307003,40011.0,2651.394633577261,0.8,248,233,1,0,232,231,9485,17,1,0,16,2
2020-11-06,US,Oklahoma,Bryan,1837,16,0,33.96472458,-96.25903472,40013.0,3827.482029378061,0.8709853021230267,1821,1801,16,0,1785,1773,47192,36,0,0,36,28
2020-11-06,US,Oklahoma,Caddo,1243,26,0,35.17364557,-98.37534464,40015.0,4321.674431541617,2.091713596138375,1217,1230,26,0,1204,1215,28977,13,0,0,13,15
2020-11-06,US,Oklahoma,Canadian,4478,24,0,35.5426055,-97.98465569,40017.0,3019.4327943576122,0.5359535506922734,4454,4411,24,0,4387,4334,144447,67,0,0,67,77
2020-11-06,US,Oklahoma,Carter,1020,12,0,34.25103751,-97.28552485,40019.0,2120.0972750514434,1.1764705882352942,1008,991,12,0,979,970,48177,29,0,0,29,21
2020-11-06,US,Oklahoma,Cherokee,1514,8,0,35.90692775,-94.99980896,40021.0,3111.5769570668144,0.5284015852047557,1506,1495,8,0,1487,1469,48675,19,0,0,19,26
2020-11-06,US,Oklahoma,Choctaw,522,2,0,34.02807439,-95.54771129,40023.0,3557.7971646673936,0.3831417624521073,520,513,2,0,511,497,14668,9,0,0,9,16
2020-11-06,US,Oklahoma,Cimarron,44,0,0,36.74817177,-102.5173885,40025.0,2058.961160505381,0.0,44,43,0,0,43,43,2153,1,0,0,1,0
2020-11-06,US,Oklahoma,Cleveland,9058,110,0,35.20413532,-97.32519562,40027.0,3189.2794017196334,1.2143961139324355,8948,9021,110,0,8911,8871,281669,37,0,0,37,150
2020-11-06,US,Oklahoma,Coal,136,0,0,34.58840127,-96.29798747,40029.0,2474.977252047316,0.0,136,132,0,0,132,125,5520,4,0,0,4,7
2020-11-06,US,Oklahoma,Comanche,2783,22,0,34.65973764,-98.47195055,40031.0,2304.780991975089,0.7905138339920948,2761,2759,21,0,2738,2723,120422,24,1,0,23,36
2020-11-06,US,Oklahoma,Cotton,118,3,0,34.28845626,-98.37053567,40033.0,2082.597952700318,2.5423728813559316,115,117,3,0,114,116,5776,1,0,0,1,1
2020-11-06,US,Oklahoma,Craig,681,2,0,36.76268118,-95.20916602,40035.0,4815.44336020365,0.2936857562408223,679,676,2,0,674,667,14306,5,0,0,5,9
2020-11-06,US,Oklahoma,Creek,1761,40,0,35.90230551,-96.37086028,40037.0,2462.1794692542153,2.271436683702442,1721,1731,40,0,1691,1706,71604,30,0,0,30,25
2020-11-06,US,Oklahoma,Custer,1185,7,0,35.63853802,-99.00170785,40039.0,4085.7842292176674,0.5907172995780591,1178,1168,7,0,1161,1147,29036,17,0,0,17,21
2020-11-06,US,Oklahoma,Delaware,1403,30,0,36.40823634,-94.80325046,40041.0,3262.1079308981843,2.1382751247327154,1373,1381,30,0,1351,1354,42733,22,0,0,22,27
2020-11-06,US,Oklahoma,Dewey,97,1,0,35.98772922,-99.00730714,40043.0,1983.2345123696591,1.0309278350515465,96,95,1,0,94,95,4894,2,0,0,2,0
2020-11-06,US,Oklahoma,Ellis,37,0,0,36.218019399999996,-99.75324573,40045.0,958.7976159626846,0.0,37,33,0,0,33,31,3952,4,0,0,4,2
2020-11-06,US,Oklahoma,Garfield,2664,30,0,36.3791334,-97.78265517,40047.0,4363.207547169812,1.1261261261261262,2634,2628,30,0,2598,2599,60913,36,0,0,36,29
2020-11-06,US,Oklahoma,Garvin,898,8,0,34.70418038,-97.30811132,40049.0,3240.5903792717686,0.8908685968819601,890,863,8,0,855,818,27811,35,0,0,35,45
2020-11-06,US,Oklahoma,Grady,1773,18,0,35.0167709,-97.88339847,40051.0,3175.484471827202,1.0152284263959392,1755,1748,18,0,1730,1721,55551,25,0,0,25,27
2020-11-06,US,Oklahoma,Grant,130,2,0,36.796296999999996,-97.78638765,40053.0,3000.230786983614,1.5384615384615383,128,126,2,0,124,121,4326,4,0,0,4,5
2020-11-06,US,Oklahoma,Greer,167,8,0,34.93535801,-99.56056120000001,40055.0,2923.669467787114,4.790419161676646,159,164,8,0,156,163,5821,3,0,0,3,1
2020-11-06,US,Oklahoma,Harmon,79,0,0,34.7440135,-99.84741652,40057.0,2977.7610252544287,0.0,79,79,0,0,79,79,2664,0,0,0,0,0
2020-11-06,US,Oklahoma,Harper,87,2,0,36.78836519,-99.6679804,40059.0,2359.002169197397,2.2988505747126435,85,83,2,0,81,81,3797,4,0,0,4,2
2020-11-06,US,Oklahoma,Haskell,453,5,0,35.22257600000001,-95.11513306,40061.0,3587.5504870515556,1.1037527593818983,448,440,5,0,435,431,12668,13,0,0,13,9
2020-11-06,US,Oklahoma,Hughes,444,7,0,35.04912569,-96.24921145,40063.0,3343.6252729874236,1.576576576576577,437,441,7,0,434,439,13335,3,0,0,3,2
2020-11-06,US,Oklahoma,Jackson,1258,17,0,34.58781741,-99.41138784,40065.0,5128.414186710151,1.351351351351351,1241,1239,15,0,1224,1223,24949,19,2,0,17,16
2020-11-06,US,Oklahoma,Jefferson,97,1,0,34.11130184,-97.83182974,40067.0,1616.1279573475504,1.0309278350515465,96,94,0,0,94,93,6123,3,1,0,2,1
2020-11-06,US,Oklahoma,Johnston,352,4,0,34.31440473,-96.66011537,40069.0,3175.4623364907534,1.1363636363636365,348,332,4,0,328,325,10949,20,0,0,20,7
2020-11-06,US,Oklahoma,Kay,1015,17,0,36.81799745,-97.14421435,40071.0,2331.2967981992747,1.6748768472906403,998,984,16,0,968,964,44161,31,1,0,30,20
2020-11-06,US,Oklahoma,Kingfisher,626,5,0,35.94530008,-97.94193268,40073.0,3970.8214398985087,0.7987220447284346,621,618,5,0,613,608,15816,8,0,0,8,10
2020-11-06,US,Oklahoma,Kiowa,213,3,0,34.91671958,-98.97720696,40075.0,2446.026642168121,1.4084507042253518,210,206,3,0,203,198,8729,7,0,0,7,8
2020-11-06,US,Oklahoma,Latimer,246,3,0,34.87844729,-95.25215049,40077.0,2442.1721433535195,1.2195121951219512,243,241,3,0,238,236,10231,5,0,0,5,5
2020-11-06,US,Oklahoma,Le Flore,1872,25,0,34.89851864,-94.70392124,40079.0,3755.039817062163,1.3354700854700854,1847,1833,25,0,1808,1803,49980,39,0,0,39,30
2020-11-06,US,Oklahoma,Lincoln,905,22,0,35.70270942,-96.8812462,40081.0,2594.833271210253,2.430939226519337,883,891,22,0,869,872,34920,14,0,0,14,19
2020-11-06,US,Oklahoma,Logan,939,2,0,35.91899576,-97.44352845,40083.0,1955.8017954218826,0.21299254526091588,937,934,2,0,932,928,47291,5,0,0,5,6
2020-11-06,US,Oklahoma,Love,313,1,0,33.95273467,-97.23906784,40085.0,3052.7650443772554,0.3194888178913738,312,306,1,0,305,302,10134,7,0,0,7,4
2020-11-06,US,Oklahoma,Major,246,2,0,36.31149996,-98.53467076,40093.0,3224.5379473063317,0.8130081300813008,244,229,2,0,227,215,7644,17,0,0,17,14
2020-11-06,US,Oklahoma,Marshall,346,2,0,34.02311222,-96.76855464,40095.0,2043.5886834800076,0.5780346820809249,344,336,2,0,334,326,16806,10,0,0,10,10
2020-11-06,US,Oklahoma,Mayes,1076,17,0,36.30179091,-95.23175116,40097.0,2618.0048661800492,1.579925650557621,1059,1060,17,0,1043,1044,41107,16,0,0,16,16
2020-11-06,US,Oklahoma,McClain,1543,16,0,35.01123903,-97.44572302,40087.0,3812.323961061423,1.0369410239792611,1527,1521,16,0,1505,1466,39985,22,0,0,22,55
2020-11-06,US,Oklahoma,McCurtain,1777,41,0,34.11664328,-94.77222373,40089.0,5412.40253411306,2.3072594259988746,1736,1750,41,0,1709,1729,32703,27,0,0,27,21
2020-11-06,US,Oklahoma,McIntosh,565,11,0,35.37235506,-95.66599306,40091.0,2883.241477852623,1.9469026548672568,554,559,11,0,548,551,19815,6,0,0,6,8
2020-11-06,US,Oklahoma,Murray,366,3,0,34.48116015,-97.06826283,40099.0,2600.724792155191,0.819672131147541,363,355,3,0,352,347,13953,11,0,0,11,8
2020-11-06,US,Oklahoma,Muskogee,2600,28,0,35.61318461,-95.37802952,40101.0,3823.6981043281316,1.0769230769230769,2572,2567,28,0,2539,2536,68362,33,0,0,33,31
2020-11-06,US,Oklahoma,Noble,239,3,0,36.38953329,-97.22928674,40103.0,2147.1565897044293,1.2552301255230125,236,230,3,0,227,228,11289,9,0,0,9,2
2020-11-06,US,Oklahoma,Nowata,296,4,0,36.79843529,-95.61902331,40105.0,2937.6736800317585,1.351351351351351,292,292,4,0,288,283,10218,4,0,0,4,9
2020-11-06,US,Oklahoma,Okfuskee,639,8,0,35.46485198,-96.32639984,40107.0,5328.1080630367715,1.2519561815336464,631,628,8,0,620,616,12098,11,0,0,11,12
2020-11-06,US,Oklahoma,Oklahoma,26302,248,0,35.55140095,-97.40716948,40109.0,3298.329391523311,0.942894076496084,26054,25948,244,0,25704,25473,792582,354,4,0,350,475
2020-11-06,US,Oklahoma,Okmulgee,1377,14,0,35.64661916,-95.96432828,40111.0,3579.8778109970103,1.0167029774872909,1363,1365,14,0,1351,1355,38335,12,0,0,12,10
2020-11-06,US,Oklahoma,Osage,1485,16,0,36.62888819,-96.39635704,40113.0,3162.063752315653,1.0774410774410774,1469,1477,16,0,1461,1455,47014,8,0,0,8,22
2020-11-06,US,Oklahoma,Ottawa,1354,21,0,36.83532655,-94.81011909,40115.0,4349.92129019822,1.55096011816839,1333,1340,21,0,1319,1321,31175,14,0,0,14,19
2020-11-06,US,Oklahoma,Pawnee,370,5,0,36.31743373,-96.70331759999999,40117.0,2259.4040058622368,1.351351351351351,365,364,5,0,359,356,16390,6,0,0,6,8
2020-11-06,US,Oklahoma,Payne,3106,15,0,36.07695283,-96.97584944,40119.0,3797.8088623691683,0.4829362524146813,3091,3042,15,0,3027,2997,82040,64,0,0,64,45
2020-11-06,US,Oklahoma,Pittsburg,1384,21,0,34.92065823,-95.75134320000001,40121.0,3170.3853026068628,1.5173410404624277,1363,1365,21,0,1344,1335,43877,19,0,0,19,30
2020-11-06,US,Oklahoma,Pontotoc,1026,5,0,34.72959848,-96.68337199,40123.0,2679.970744958729,0.4873294346978557,1021,993,5,0,988,970,38247,33,0,0,33,23
2020-11-06,US,Oklahoma,Pottawatomie,2457,18,0,35.20614018,-96.94923008,40125.0,3384.670487106017,0.7326007326007326,2439,2442,18,0,2424,2406,72679,15,0,0,15,36
2020-11-06,US,Oklahoma,Pushmataha,323,6,0,34.41635232,-95.37603505,40127.0,2910.958904109589,1.8575851393188851,317,313,6,0,307,312,11179,10,0,0,10,1
2020-11-06,US,Oklahoma,Roger Mills,97,4,0,35.68711719,-99.69666167,40129.0,2707.228579402735,4.123711340206185,93,95,4,0,91,94,3656,2,0,0,2,1
2020-11-06,US,Oklahoma,Rogers,2773,56,0,36.37004357,-95.60406759,40131.0,2999.167198433901,2.019473494410386,2717,2727,56,0,2671,2692,91984,46,0,0,46,35
2020-11-06,US,Oklahoma,Seminole,911,7,0,35.16478725,-96.61686741,40133.0,3755.462115590733,0.7683863885839737,904,900,7,0,893,891,24578,11,0,0,11,9
2020-11-06,US,Oklahoma,Sequoyah,1411,14,0,35.49447108,-94.75463785,40135.0,3394.356371334408,0.9922041105598866,1397,1374,14,0,1360,1341,41179,37,0,0,37,33
2020-11-06,US,Oklahoma,Stephens,910,9,0,34.48556989,-97.85141892,40137.0,2109.2645388591427,0.989010989010989,901,893,9,0,884,864,43265,17,0,0,17,29
2020-11-06,US,Oklahoma,Texas,1924,10,0,36.74777635,-101.4889765,40139.0,9628.18395636291,0.5197505197505198,1914,1910,10,0,1900,1892,20455,14,0,0,14,18
2020-11-06,US,Oklahoma,Tillman,180,4,0,34.37288446,-98.92426619,40141.0,2482.7586206896553,2.2222222222222223,176,174,4,0,170,168,7348,6,0,0,6,6
2020-11-06,US,Oklahoma,Tulsa,23983,225,0,36.11939621,-95.94013939,40143.0,3680.9034428564423,0.9381645332110244,23758,23656,221,0,23435,23351,648360,327,4,0,323,305
2020-11-06,US,Oklahoma,Unassigned,30,0,0,0.0,0.0,90040.0,0.0,0.0,30,26,0,0,26,19,,4,0,0,4,7
2020-11-06,US,Oklahoma,Wagoner,2069,31,0,35.96024096,-95.51911308,40145.0,2545.2398233463323,1.4983083615273078,2038,2053,31,0,2022,2030,80110,16,0,0,16,23
2020-11-06,US,Oklahoma,Washington,1457,43,0,36.71380786,-95.90514104,40147.0,2827.643759582355,2.9512697323266988,1414,1439,43,0,1396,1422,51843,18,0,0,18,17
2020-11-06,US,Oklahoma,Washita,208,1,0,35.29071824,-98.99180434,40149.0,1905.4598754122394,0.4807692307692308,207,203,1,0,202,201,11127,5,0,0,5,2
2020-11-06,US,Oklahoma,Woods,199,0,0,36.76705782,-98.86573064,40151.0,2263.1638803593773,0.0,199,197,0,0,197,196,8897,2,0,0,2,1
2020-11-06,US,Oklahoma,Woodward,1345,6,0,36.42316318,-99.26283045,40153.0,6654.791944980457,0.4460966542750929,1339,1330,6,0,1324,1319,20222,15,0,0,15,11
2020-11-06,US,Oregon,Baker,176,3,0,44.70915557,-117.6749883,41001.0,1091.5405606549243,1.7045454545454546,173,172,3,0,169,159,16006,4,0,0,4,13
2020-11-06,US,Oregon,Benton,501,6,0,44.49167306,-123.4316987,41003.0,538.4028456900904,1.1976047904191616,495,484,6,0,478,476,92101,17,0,0,17,8
2020-11-06,US,Oregon,Clackamas,3670,70,0,45.18787398,-122.2179634,41005.0,877.5978210704781,1.9073569482288828,3600,3657,70,0,3587,3587,416075,13,0,0,13,70
2020-11-06,US,Oregon,Clatsop,278,0,0,45.99712889,-123.660711,41007.0,691.1296738265712,0.0,278,273,0,0,273,272,39764,5,0,0,5,1
2020-11-06,US,Oregon,Columbia,301,2,0,45.94464254,-123.08908980000001,41009.0,574.932192382626,0.6644518272425249,299,297,2,0,295,290,52377,4,0,0,4,7
2020-11-06,US,Oregon,Coos,282,1,0,43.17406868,-124.0594514,41011.0,437.29743979406715,0.3546099290780142,281,276,1,0,275,275,64389,6,0,0,6,1
2020-11-06,US,Oregon,Crook,136,5,0,44.14230227,-120.356297,41013.0,557.2856908703491,3.6764705882352944,131,131,5,0,126,127,23867,5,0,0,5,4
2020-11-06,US,Oregon,Curry,72,2,0,42.45911325,-124.15728200000001,41015.0,314.06761177753543,2.7777777777777777,70,66,2,0,64,66,22813,6,0,0,6,0
2020-11-06,US,Oregon,Deschutes,1408,13,0,43.91570171,-121.2289121,41017.0,712.2190073447586,0.9232954545454546,1395,1370,13,0,1357,1325,191996,38,0,0,38,45
2020-11-06,US,Oregon,Douglas,434,10,0,43.27941273,-123.16729099999999,41019.0,391.0614525139665,2.3041474654377883,424,421,10,0,411,411,110283,13,0,0,13,10
2020-11-06,US,Oregon,Gilliam,17,0,0,45.37160076,-120.20488689999999,41021.0,889.121338912134,0.0,17,17,0,0,17,17,1894,0,0,0,0,0
2020-11-06,US,Oregon,Grant,32,0,0,44.49024544,-119.0068631,41023.0,444.5061814140853,0.0,32,25,0,0,25,20,7176,7,0,0,7,5
2020-11-06,US,Oregon,Harney,45,0,0,43.06422669,-118.96663059999999,41025.0,608.6838901663735,0.0,45,40,0,0,40,40,7329,5,0,0,5,0
2020-11-06,US,Oregon,Hood River,296,1,0,45.51872811,-121.65520359999998,41027.0,1265.931058078864,0.33783783783783783,295,295,1,0,294,293,23428,1,0,0,1,2
2020-11-06,US,Oregon,Jackson,2197,8,0,42.43201126,-122.72893090000001,41029.0,994.3696140198422,0.3641329085116067,2189,2114,8,0,2106,2049,219564,83,0,0,83,65
2020-11-06,US,Oregon,Jefferson,629,11,0,44.62806839,-121.17832,41031.0,2550.896260848406,1.7488076311605725,618,622,11,0,611,618,24192,7,0,0,7,4
2020-11-06,US,Oregon,Josephine,295,4,0,42.3665549,-123.5561938,41033.0,337.19295438179387,1.3559322033898304,291,289,4,0,285,280,87393,6,0,0,6,9
2020-11-06,US,Oregon,Klamath,453,3,0,42.68762984,-121.64964609999998,41035.0,663.8529851402444,0.6622516556291391,450,448,3,0,445,447,67653,5,0,0,5,1
2020-11-06,US,Oregon,Lake,49,0,0,42.79246693,-120.38501629999999,41037.0,622.6966577710001,0.0,49,48,0,0,48,48,7879,1,0,0,1,0
2020-11-06,US,Oregon,Lane,2728,28,0,43.93727035,-122.847753,41039.0,714.0108933773396,1.0263929618768328,2700,2689,28,0,2661,2655,379611,39,0,0,39,34
2020-11-06,US,Oregon,Lincoln,526,13,0,44.64252874,-123.86991200000001,41041.0,1052.800128097354,2.4714828897338403,513,523,13,0,510,522,49388,3,0,0,3,1
2020-11-06,US,Oregon,Linn,969,17,0,44.48899494,-122.53731540000001,41043.0,746.8265651373033,1.7543859649122806,952,960,17,0,943,934,127335,9,0,0,9,26
2020-11-06,US,Oregon,Malheur,2052,38,0,43.1937027,-117.62273950000001,41045.0,6712.243629583592,1.851851851851852,2014,2036,38,0,1998,2019,30725,16,0,0,16,17
2020-11-06,US,Oregon,Marion,6610,116,0,44.90287942,-122.58151170000001,41047.0,1900.4191847460447,1.7549167927382754,6494,6533,115,0,6418,6458,346868,77,1,0,76,75
2020-11-06,US,Oregon,Morrow,569,7,0,45.41846568,-119.584546,41049.0,4903.904162716539,1.2302284710017577,562,565,7,0,558,562,11372,4,0,0,4,3
2020-11-06,US,Oregon,Multnomah,10705,179,0,45.54747959,-122.4169351,41051.0,1316.9630499904656,1.6721158337225597,10526,10505,176,0,10329,10312,811880,200,3,0,197,193
2020-11-06,US,Oregon,Polk,755,15,0,44.90322804,-123.4128888,41053.0,877.0401347505373,1.9867549668874167,740,740,15,0,725,732,85234,15,0,0,15,8
2020-11-06,US,Oregon,Sherman,23,0,0,45.41501554,-120.6827834,41055.0,1292.134831460674,0.0,23,23,0,0,23,23,1708,0,0,0,0,0
2020-11-06,US,Oregon,Tillamook,82,0,0,45.46248721,-123.712066,41057.0,303.2993046308625,0.0,82,82,0,0,82,82,26787,0,0,0,0,0
2020-11-06,US,Oregon,Umatilla,3593,45,0,45.59073056,-118.7353826,41059.0,4609.3649775497115,1.2524352908433063,3548,3556,45,0,3511,3530,77516,37,0,0,37,26
2020-11-06,US,Oregon,Union,521,2,0,45.30915495,-118.0068979,41061.0,1941.49431712316,0.3838771593090211,519,513,2,0,511,506,26461,8,0,0,8,7
2020-11-06,US,Oregon,Wallowa,62,2,0,45.57894064,-117.18353799999998,41063.0,860.1553829078803,3.2258064516129035,60,62,2,0,60,61,7081,0,0,0,0,1
2020-11-06,US,Oregon,Wasco,375,17,0,45.16292781,-121.16709540000001,41065.0,1405.4418709242184,4.533333333333333,358,375,16,0,359,369,26505,0,1,0,-1,6
2020-11-06,US,Oregon,Washington,6663,83,0,45.55972701,-123.0955257,41067.0,1107.5612707615792,1.2456851268197509,6580,6543,82,0,6461,6412,597695,120,1,0,119,131
2020-11-06,US,Oregon,Wheeler,1,0,0,44.72698162,-120.02814270000002,41069.0,75.07507507507508,0.0,1,1,0,0,1,1,1366,0,0,0,0,0
2020-11-06,US,Oregon,Yamhill,1103,15,0,45.23330449,-123.3086963,41071.0,1029.8786181139121,1.3599274705349047,1088,1088,15,0,1073,1071,107002,15,0,0,15,17
2020-11-06,US,Pennsylvania,Adams,1288,34,0,39.87140411,-77.21610347,42001.0,1250.3761807220728,2.6397515527950306,1254,1252,33,0,1219,1235,102811,36,1,0,35,17
2020-11-06,US,Pennsylvania,Allegheny,16838,433,0,40.46809875,-79.98167747,42003.0,1384.6527061087374,2.571564318802708,16405,16599,430,0,16169,16410,1218452,239,3,0,236,189
2020-11-06,US,Pennsylvania,Armstrong,897,24,0,40.81665618,-79.46290811,42005.0,1385.6491851394144,2.6755852842809364,873,876,22,0,854,845,65263,21,2,0,19,31
2020-11-06,US,Pennsylvania,Beaver,2451,142,0,40.6825484,-80.34921611,42007.0,1495.1594897791117,5.793553651570788,2309,2438,142,0,2296,2415,164742,13,0,0,13,23
2020-11-06,US,Pennsylvania,Bedford,581,9,0,40.00522157,-78.48998442,42009.0,1213.2475776812562,1.5490533562822721,572,550,9,0,541,512,48176,31,0,0,31,38
2020-11-06,US,Pennsylvania,Berks,10165,433,0,40.41570541,-75.92457766,42011.0,2413.5491162587496,4.2597147073290715,9732,10058,432,0,9626,9972,420152,107,1,0,106,86
2020-11-06,US,Pennsylvania,Blair,1771,34,0,40.47961444,-78.34917412,42013.0,1453.676874964089,1.9198193111236592,1737,1733,33,0,1700,1654,122492,38,1,0,37,79
2020-11-06,US,Pennsylvania,Bradford,1054,19,0,41.78869215,-76.51570822,42015.0,1747.2605805414187,1.802656546489564,1035,1041,18,0,1023,994,60833,13,1,0,12,47
2020-11-06,US,Pennsylvania,Bucks,11051,628,0,40.33682119,-75.10836643,42017.0,1758.9571362630716,5.682743643109221,10423,10895,627,0,10268,10770,628195,156,1,0,155,125
2020-11-06,US,Pennsylvania,Butler,2102,31,0,40.91152759,-79.91351055,42019.0,1118.9600379019766,1.4747859181731684,2071,2036,31,0,2005,2019,187888,66,0,0,66,17
2020-11-06,US,Pennsylvania,Cambria,1456,12,0,40.49527404,-78.71377428,42021.0,1118.3482856089468,0.8241758241758241,1444,1410,12,0,1398,1374,131730,46,0,0,46,36
2020-11-06,US,Pennsylvania,Cameron,14,0,0,41.43625568,-78.20376845,42023.0,314.81897908702496,0.0,14,14,0,0,14,14,4492,0,0,0,0,0
2020-11-06,US,Pennsylvania,Carbon,694,32,0,40.91545395,-75.7068525,42025.0,1081.3000529743542,4.610951008645533,662,661,32,0,629,644,64227,33,0,0,33,17
2020-11-06,US,Pennsylvania,Centre,4500,21,0,40.92058903,-77.82200624,42027.0,2771.191920436001,0.4666666666666667,4479,4421,20,0,4401,4366,162805,79,1,0,78,55
2020-11-06,US,Pennsylvania,Chester,8669,383,0,39.97291773,-75.74768357,42029.0,1651.272693332622,4.418041296574,8286,8581,381,0,8200,8506,522046,88,2,0,86,75
2020-11-06,US,Pennsylvania,Clarion,298,4,0,41.19265812,-79.42413524,42031.0,775.2744679744002,1.342281879194631,294,287,4,0,283,277,38779,11,0,0,11,10
2020-11-06,US,Pennsylvania,Clearfield,568,7,0,41.00110782,-78.47592663,42033.0,716.674026875276,1.2323943661971828,561,554,7,0,547,539,79388,14,0,0,14,15
2020-11-06,US,Pennsylvania,Clinton,312,8,0,41.23255967,-77.63785995,42035.0,807.6206253882791,2.5641025641025643,304,299,8,0,291,297,38684,13,0,0,13,2
2020-11-06,US,Pennsylvania,Columbia,1121,44,0,41.04821986,-76.40565017,42037.0,1725.5710855242905,3.925066904549509,1077,1107,43,0,1064,1095,65456,14,1,0,13,12
2020-11-06,US,Pennsylvania,Crawford,687,4,0,41.68447709,-80.10760592,42039.0,811.7784683737253,0.5822416302765647,683,668,4,0,664,650,85063,19,0,0,19,18
2020-11-06,US,Pennsylvania,Cumberland,2745,82,0,40.1625372,-77.26130755,42041.0,1083.39582428859,2.9872495446265934,2663,2693,82,0,2611,2664,251423,52,0,0,52,29
2020-11-06,US,Pennsylvania,Dauphin,5367,196,0,40.41377078,-76.77993242,42043.0,1928.5013600480054,3.6519470840320487,5171,5268,196,0,5072,5213,277097,99,0,0,99,55
2020-11-06,US,Pennsylvania,Delaware,14648,772,0,39.91680171,-75.40243663,42045.0,2584.574774987781,5.270344074276351,13876,14477,772,0,13705,14359,564751,171,0,0,171,118
2020-11-06,US,Pennsylvania,Elk,250,2,0,41.42822061,-78.64524744,42047.0,835.8408559010362,0.8,248,235,2,0,233,228,30169,15,0,0,15,7
2020-11-06,US,Pennsylvania,Erie,2493,40,0,41.99253829,-80.03301954,42049.0,924.2644441808044,1.6044925792218212,2453,2434,40,0,2394,2385,272061,59,0,0,59,49
2020-11-06,US,Pennsylvania,Fayette,1154,15,0,39.92041012,-79.64291195,42051.0,892.6775685752742,1.2998266897746966,1139,1144,15,0,1129,1124,130441,10,0,0,10,20
2020-11-06,US,Pennsylvania,Forest,20,1,0,41.51095103,-79.23229292,42053.0,275.9762660411205,5.0,19,20,1,0,19,19,7279,0,0,0,0,1
2020-11-06,US,Pennsylvania,Franklin,2546,62,0,39.92956518,-77.72157791,42055.0,1642.2945680429862,2.4351924587588374,2484,2500,59,0,2441,2467,154835,46,3,0,43,33
2020-11-06,US,Pennsylvania,Fulton,116,4,0,39.92913544,-78.11163677,42057.0,798.3482450103235,3.4482758620689653,112,114,4,0,110,108,14523,2,0,0,2,6
2020-11-06,US,Pennsylvania,Greene,315,1,0,39.85746531,-80.22357106,42059.0,869.3732233047223,0.31746031746031744,314,307,1,0,306,293,36506,8,0,0,8,14
2020-11-06,US,Pennsylvania,Huntingdon,1172,24,0,40.42162652,-77.97673273,42061.0,2596.1368066631226,2.04778156996587,1148,1150,23,0,1127,1110,45168,22,1,0,21,40
2020-11-06,US,Pennsylvania,Indiana,1391,19,0,40.65241041,-79.08963285,42063.0,1654.5145290402386,1.365923795830338,1372,1350,17,0,1333,1281,84501,41,2,0,39,69
2020-11-06,US,Pennsylvania,Jefferson,271,4,0,41.12913106,-78.9986361,42065.0,624.0644789867587,1.4760147601476017,267,261,4,0,257,257,43641,10,0,0,10,4
2020-11-06,US,Pennsylvania,Juniata,279,8,0,40.53358749,-77.39975129999998,42067.0,1126.6809352663247,2.867383512544803,271,259,8,0,251,257,24704,20,0,0,20,2
2020-11-06,US,Pennsylvania,Lackawanna,4031,222,0,41.43564672,-75.60379201,42069.0,1922.5082747503268,5.507318283304392,3809,3987,221,0,3766,3960,210793,44,1,0,43,27
2020-11-06,US,Pennsylvania,Lancaster,10562,488,0,40.03904563,-76.24770128,42071.0,1935.4105738431879,4.620337057375497,10074,10372,486,0,9886,10278,543557,190,2,0,188,94
2020-11-06,US,Pennsylvania,Lawrence,1175,40,0,40.99206278,-80.33393706,42073.0,1374.076153054542,3.404255319148936,1135,1132,40,0,1092,1093,86184,43,0,0,43,39
2020-11-06,US,Pennsylvania,Lebanon,3503,72,0,40.36680311,-76.45651841,42075.0,2470.5027751722573,2.0553811019126464,3431,3448,71,0,3377,3374,141314,55,1,0,54,74
2020-11-06,US,Pennsylvania,Lehigh,7290,371,0,40.6154815,-75.59435245,42077.0,1973.9086640781115,5.089163237311387,6919,7180,370,0,6810,7087,368100,110,1,0,109,93
2020-11-06,US,Pennsylvania,Luzerne,5948,211,0,41.17823008,-75.98447579,42079.0,1873.8756903379467,3.547410894418292,5737,5861,209,0,5652,5794,317646,87,2,0,85,67
2020-11-06,US,Pennsylvania,Lycoming,1064,32,0,41.34310539,-77.06629984,42081.0,939.1080239013584,3.0075187969924815,1032,1043,32,0,1011,1031,113664,21,0,0,21,12
2020-11-06,US,Pennsylvania,McKean,184,2,0,41.80938602,-78.56478358,42083.0,452.92307692307685,1.0869565217391304,182,182,2,0,180,175,40968,2,0,0,2,7
2020-11-06,US,Pennsylvania,Mercer,1302,28,0,41.30248872,-80.25816981,42085.0,1189.8669396110542,2.150537634408602,1274,1264,28,0,1236,1227,110683,38,0,0,38,37
2020-11-06,US,Pennsylvania,Mifflin,562,4,0,40.61116939,-77.61070738,42087.0,1218.0848758073605,0.7117437722419929,558,528,4,0,524,514,46222,34,0,0,34,14
2020-11-06,US,Pennsylvania,Monroe,2211,135,0,41.05934058,-75.34031025,42089.0,1298.518244445619,6.10583446404342,2076,2182,135,0,2047,2157,169507,29,0,0,29,25
2020-11-06,US,Pennsylvania,Montgomery,15118,898,0,40.21053671,-75.36652296,42091.0,1819.4400149233074,5.9399391453896015,14220,14901,898,0,14003,14766,828604,217,0,0,217,135
2020-11-06,US,Pennsylvania,Montour,324,11,0,41.03023987,-76.66345939,42093.0,1777.2901810202961,3.3950617283950617,313,316,11,0,305,314,18240,8,0,0,8,2
2020-11-06,US,Pennsylvania,Northampton,5911,317,0,40.75182733,-75.30471829,42095.0,1936.2235288337129,5.362882760954154,5594,5826,316,0,5510,5748,304807,85,1,0,84,78
2020-11-06,US,Pennsylvania,Northumberland,1704,113,0,40.84785433,-76.70798222,42097.0,1875.763680195502,6.631455399061032,1591,1681,112,0,1569,1643,91083,23,1,0,22,38
2020-11-06,US,Pennsylvania,Perry,408,7,0,40.40206612,-77.26297447,42099.0,881.7427385892116,1.7156862745098038,401,402,7,0,395,397,46139,6,0,0,6,5
2020-11-06,US,Pennsylvania,Philadelphia,47675,1889,0,40.00338507,-75.1379271,42101.0,3009.663750959557,3.962244362873624,45786,46917,1884,0,45033,46489,1584138,758,5,0,753,428
2020-11-06,US,Pennsylvania,Pike,663,23,0,41.33155042,-75.03208106,42103.0,1187.980433263452,3.469079939668175,640,654,23,0,631,647,55933,9,0,0,9,7
2020-11-06,US,Pennsylvania,Potter,70,1,0,41.74471626,-77.89559864,42105.0,423.5749727701803,1.4285714285714286,69,69,1,0,68,66,16622,1,0,0,1,3
2020-11-06,US,Pennsylvania,Schuylkill,2366,112,0,40.70497338,-76.2150785,42107.0,1673.7526439773908,4.733727810650888,2254,2336,108,0,2228,2307,142067,30,4,0,26,29
2020-11-06,US,Pennsylvania,Snyder,549,18,0,40.77129231,-77.06840691,42109.0,1359.853363717428,3.278688524590164,531,541,18,0,523,530,40540,8,0,0,8,11
2020-11-06,US,Pennsylvania,Somerset,531,3,0,39.97172723,-79.02699593,42111.0,722.9703051179762,0.5649717514124294,528,514,3,0,511,511,73952,17,0,0,17,3
2020-11-06,US,Pennsylvania,Sullivan,22,1,0,41.44634738,-76.51246591,42113.0,362.6772172766238,4.545454545454546,21,22,1,0,21,22,6071,0,0,0,0,0
2020-11-06,US,Pennsylvania,Susquehanna,450,29,0,41.82147784,-75.80071959,42115.0,1115.8500297560008,6.4444444444444455,421,446,29,0,417,442,40589,4,0,0,4,4
2020-11-06,US,Pennsylvania,Tioga,308,4,0,41.77255149,-77.25433032,42117.0,758.7888940898229,1.2987012987012987,304,293,4,0,289,280,40763,15,0,0,15,13
2020-11-06,US,Pennsylvania,Union,770,11,0,40.96188846,-77.05996014,42119.0,1714.0440308973132,1.4285714285714286,759,759,11,0,748,756,44785,11,0,0,11,3
2020-11-06,US,Pennsylvania,Venango,388,1,0,41.40323442,-79.75845449,42121.0,765.7693218599513,0.25773195876288657,387,376,1,0,375,359,51266,12,0,0,12,17
2020-11-06,US,Pennsylvania,Warren,82,1,0,41.81304978,-79.26969577,42123.0,209.23171136230252,1.2195121951219512,81,81,1,0,80,80,39498,1,0,0,1,1
2020-11-06,US,Pennsylvania,Washington,2399,41,0,40.19208869,-80.24582867,42125.0,1159.6935199284558,1.709045435598166,2358,2346,40,0,2306,2281,207346,53,1,0,52,65
2020-11-06,US,Pennsylvania,Wayne,308,12,0,41.64938475,-75.29956506,42127.0,599.6767975701407,3.8961038961038965,296,302,12,0,290,299,51276,6,0,0,6,3
2020-11-06,US,Pennsylvania,Westmoreland,4899,115,0,40.31377979999999,-79.46615476,42129.0,1404.1312815456622,2.347417840375587,4784,4817,114,0,4703,4761,350611,82,1,0,81,56
2020-11-06,US,Pennsylvania,Wyoming,213,9,0,41.51955538,-76.01074915,42131.0,794.9540942001939,4.225352112676056,204,202,9,0,193,195,27046,11,0,0,11,7
2020-11-06,US,Pennsylvania,York,7072,211,0,39.9210089,-76.73040131,42133.0,1574.8522462577216,2.9835972850678734,6861,7026,210,0,6816,6947,448273,46,1,0,45,79
2020-11-06,US,Puerto Rico,Adjuntas,210,0,0,18.180117000000006,-66.754367,72001.0,1077.862752142894,0.0,210,206,0,0,206,203,,4,0,0,4,3
2020-11-06,US,Puerto Rico,Aguada,484,0,0,18.360255,-67.17513100000001,72003.0,1153.5069949236158,0.0,484,475,0,0,475,473,,9,0,0,9,2
2020-11-06,US,Puerto Rico,Aguadilla,690,0,0,18.459681,-67.12081500000001,72005.0,1132.0940458416053,0.0,690,680,0,0,680,668,,10,0,0,10,12
2020-11-06,US,Puerto Rico,Aguas Buenas,425,0,0,18.251619,-66.126806,72007.0,1482.9547437105273,0.0,425,419,0,0,419,419,,6,0,0,6,0
2020-11-06,US,Puerto Rico,Aibonito,228,0,0,18.131361,-66.264131,72009.0,880.3088803088804,0.0,228,224,0,0,224,223,,4,0,0,4,1
2020-11-06,US,Puerto Rico,Anasco,336,0,0,18.287985,-67.120611,72011.0,1148.2861146235605,0.0,336,325,0,0,325,323,,11,0,0,11,2
2020-11-06,US,Puerto Rico,Arecibo,1192,0,0,18.406631,-66.675077,72013.0,1236.0016590626296,0.0,1192,1168,0,0,1168,1165,,24,0,0,24,3
2020-11-06,US,Puerto Rico,Arroyo,213,0,0,17.998457000000005,-66.056546,72015.0,1088.1226053639846,0.0,213,213,0,0,213,213,,0,0,0,0,0
2020-11-06,US,Puerto Rico,Barceloneta,358,0,0,18.445532999999998,-66.56053100000001,72017.0,1442.6176660219214,0.0,358,344,0,0,344,343,,14,0,0,14,1
2020-11-06,US,Puerto Rico,Barranquitas,676,0,0,18.201592,-66.30963,72019.0,2229.6985289267104,0.0,676,657,0,0,657,654,,19,0,0,19,3
2020-11-06,US,Puerto Rico,Bayamon,5356,0,0,18.34946,-66.168435,72021.0,2573.5647427396257,0.0,5356,5300,0,0,5300,5264,,56,0,0,56,36
2020-11-06,US,Puerto Rico,Cabo Rojo,561,0,0,18.040993,-67.154391,72023.0,1101.7931142840312,0.0,561,558,0,0,558,557,,3,0,0,3,1
2020-11-06,US,Puerto Rico,Caguas,2456,0,0,18.211615,-66.050779,72025.0,1718.76858908414,0.0,2456,2402,0,0,2402,2393,,54,0,0,54,9
2020-11-06,US,Puerto Rico,Camuy,451,0,0,18.418578,-66.860206,72027.0,1282.7441053499815,0.0,451,428,0,0,428,426,,23,0,0,23,2
2020-11-06,US,Puerto Rico,Canovanas,999,0,0,18.328802,-65.887612,72029.0,2096.6252518468773,0.0,999,988,0,0,988,982,,11,0,0,11,6
2020-11-06,US,Puerto Rico,Carolina,4393,0,0,18.374986,-65.95683100000001,72031.0,2485.262669578303,0.0,4393,4339,0,0,4339,4323,,54,0,0,54,16
2020-11-06,US,Puerto Rico,Catano,664,0,0,18.437269,-66.14330600000001,72033.0,2359.630419331912,0.0,664,656,0,0,656,653,,8,0,0,8,3
2020-11-06,US,Puerto Rico,Cayey,563,0,0,18.102851,-66.14914,72035.0,1170.016001995054,0.0,563,562,0,0,562,556,,1,0,0,1,6
2020-11-06,US,Puerto Rico,Ceiba,214,0,0,18.251818,-65.666416,72037.0,1569.9508473332846,0.0,214,211,0,0,211,211,,3,0,0,3,0
2020-11-06,US,Puerto Rico,Ciales,384,0,0,18.28885,-66.516475,72039.0,2044.5107017357047,0.0,384,367,0,0,367,367,,17,0,0,17,0
2020-11-06,US,Puerto Rico,Cidra,493,0,0,18.173559,-66.161179,72041.0,1133.8546458141675,0.0,493,468,0,0,468,464,,25,0,0,25,4
2020-11-06,US,Puerto Rico,Coamo,461,0,0,18.097597,-66.36014,72043.0,1137.934439178515,0.0,461,449,0,0,449,447,,12,0,0,12,2
2020-11-06,US,Puerto Rico,Comerio,318,0,0,18.224687,-66.221622,72045.0,1530.464914813745,0.0,318,315,0,0,315,314,,3,0,0,3,1
2020-11-06,US,Puerto Rico,Corozal,963,0,0,18.304264,-66.327738,72047.0,2592.75214043401,0.0,963,947,0,0,947,938,,16,0,0,16,9
2020-11-06,US,Puerto Rico,Culebra,23,0,0,18.31586,-65.28813000000001,72049.0,1265.1265126512649,0.0,23,23,0,0,23,23,,0,0,0,0,0
2020-11-06,US,Puerto Rico,Dorado,1225,0,0,18.436115,-66.278669,72051.0,3209.7471505305907,0.0,1225,1211,0,0,1211,1199,,14,0,0,14,12
2020-11-06,US,Puerto Rico,Fajardo,781,0,0,18.318373,-65.666866,72053.0,2111.210228962236,0.0,781,778,0,0,778,776,,3,0,0,3,2
2020-11-06,US,Puerto Rico,Florida,418,0,0,18.373715,-66.560488,72054.0,3296.5299684542592,0.0,418,410,0,0,410,410,,8,0,0,8,0
2020-11-06,US,Puerto Rico,Guanica,181,0,0,17.982429,-66.91964300000001,72055.0,931.6930045812527,0.0,181,180,0,0,180,179,,1,0,0,1,1
2020-11-06,US,Puerto Rico,Guayama,402,0,0,18.007516,-66.13390799999999,72057.0,886.2043119791896,0.0,402,395,0,0,395,394,,7,0,0,7,1
2020-11-06,US,Puerto Rico,Guayanilla,280,0,0,18.039942,-66.79186,72059.0,1297.4375608173855,0.0,280,275,0,0,275,273,,5,0,0,5,2
2020-11-06,US,Puerto Rico,Guaynabo,2490,0,0,18.345114000000002,-66.11452299999999,72061.0,2542.788284792288,0.0,2490,2455,0,0,2455,2444,,35,0,0,35,11
2020-11-06,US,Puerto Rico,Gurabo,838,0,0,18.266461,-65.97970500000001,72063.0,1847.0761974035129,0.0,838,819,0,0,819,818,,19,0,0,19,1
2020-11-06,US,Puerto Rico,Hatillo,475,0,0,18.410928,-66.79632600000001,72065.0,1132.2193883631685,0.0,475,468,0,0,468,466,,7,0,0,7,2
2020-11-06,US,Puerto Rico,Hormigueros,228,0,0,18.134532,-67.113972,72067.0,1321.7391304347825,0.0,228,227,0,0,227,227,,1,0,0,1,0
2020-11-06,US,Puerto Rico,Humacao,854,0,0,18.145211,-65.810174,72069.0,1460.6780008894061,0.0,854,843,0,0,843,840,,11,0,0,11,3
2020-11-06,US,Puerto Rico,Isabela,431,0,0,18.44981,-67.005093,72071.0,944.5333216453728,0.0,431,425,0,0,425,420,,6,0,0,6,5
2020-11-06,US,Puerto Rico,Jayuya,311,0,0,18.211446,-66.58878,72073.0,1868.7657733445496,0.0,311,308,0,0,308,301,,3,0,0,3,7
2020-11-06,US,Puerto Rico,Juana Diaz,489,0,0,18.050764,-66.49458100000001,72075.0,612.0379989236143,0.0,489,483,0,0,483,481,,6,0,0,6,2
2020-11-06,US,Puerto Rico,Juncos,642,0,0,18.223793,-65.909109,72077.0,1593.4475055845126,0.0,642,630,0,0,630,628,,12,0,0,12,2
2020-11-06,US,Puerto Rico,Lajas,228,0,0,18.011661,-67.040585,72079.0,885.3337475245603,0.0,228,228,0,0,228,227,,0,0,0,0,1
2020-11-06,US,Puerto Rico,Lares,507,0,0,18.269035000000002,-66.867236,72081.0,1648.6196468637204,0.0,507,488,0,0,488,484,,19,0,0,19,4
2020-11-06,US,Puerto Rico,Las Marias,131,0,0,18.23679,-66.98362,72083.0,1325.7767432446108,0.0,131,131,0,0,131,131,,0,0,0,0,0
2020-11-06,US,Puerto Rico,Las Piedras,745,0,0,18.187527,-65.86946800000001,72085.0,1926.3089851325146,0.0,745,741,0,0,741,736,,4,0,0,4,5
2020-11-06,US,Puerto Rico,Loiza,404,0,0,18.425688,-65.89943000000001,72087.0,1343.9787092481704,0.0,404,402,0,0,402,400,,2,0,0,2,2
2020-11-06,US,Puerto Rico,Luquillo,352,0,0,18.342114000000002,-65.72509699999999,72089.0,1754.0362766593582,0.0,352,352,0,0,352,346,,0,0,0,0,6
2020-11-06,US,Puerto Rico,Manati,816,0,0,18.420473,-66.490461,72091.0,1849.7948450570127,0.0,816,804,0,0,804,802,,12,0,0,12,2
2020-11-06,US,Puerto Rico,Maricao,97,0,0,18.171795,-66.942126,72093.0,1545.570427023582,0.0,97,97,0,0,97,97,,0,0,0,0,0
2020-11-06,US,Puerto Rico,Maunabo,179,0,0,18.017889,-65.922235,72095.0,1464.2126789366052,0.0,179,177,0,0,177,177,,2,0,0,2,0
2020-11-06,US,Puerto Rico,Mayaguez,1069,0,0,18.2013,-67.1452,72097.0,1200.0449034575665,0.0,1069,1053,0,0,1053,1050,,16,0,0,16,3
2020-11-06,US,Puerto Rico,Moca,542,0,0,18.377805,-67.080952,72099.0,1351.3176593781943,0.0,542,522,0,0,522,510,,20,0,0,20,12
2020-11-06,US,Puerto Rico,Morovis,657,0,0,18.316963,-66.420383,72101.0,2014.719411223551,0.0,657,647,0,0,647,644,,10,0,0,10,3
2020-11-06,US,Puerto Rico,Naguabo,408,0,0,18.230636999999998,-65.753897,72103.0,1526.9461077844312,0.0,408,407,0,0,407,405,,1,0,0,1,2
2020-11-06,US,Puerto Rico,Naranjito,898,0,0,18.288019,-66.252703,72105.0,2953.753042562989,0.0,898,891,0,0,891,882,,7,0,0,7,9
2020-11-06,US,Puerto Rico,Orocovis,462,0,0,18.215046,-66.433604,72107.0,1972.4202706741241,0.0,462,445,0,0,445,444,,17,0,0,17,1
2020-11-06,US,Puerto Rico,Out of PR,804,0,0,0.0,0.0,72888.0,0.0,0.0,804,804,0,0,804,804,,0,0,0,0,0
2020-11-06,US,Puerto Rico,Patillas,218,0,0,18.03174,-66.012242,72109.0,1130.8813612076567,0.0,218,217,0,0,217,217,,1,0,0,1,0
2020-11-06,US,Puerto Rico,Penuelas,166,0,0,18.059645,-66.721572,72111.0,683.6339675479779,0.0,166,165,0,0,165,165,,1,0,0,1,0
2020-11-06,US,Puerto Rico,Ponce,1382,0,0,18.059498,-66.613748,72113.0,830.8933606690434,0.0,1382,1367,0,0,1367,1363,,15,0,0,15,4
2020-11-06,US,Puerto Rico,Quebradillas,303,0,0,18.439692,-66.926113,72115.0,1169.026582815695,0.0,303,292,0,0,292,291,,11,0,0,11,1
2020-11-06,US,Puerto Rico,Rincon,250,0,0,18.335442999999998,-67.23174,72117.0,1644.7368421052633,0.0,250,247,0,0,247,246,,3,0,0,3,1
2020-11-06,US,Puerto Rico,Rio Grande,929,0,0,18.346329,-65.813742,72119.0,1710.7395403653506,0.0,929,919,0,0,919,909,,10,0,0,10,10
2020-11-06,US,Puerto Rico,Sabana Grande,247,0,0,18.08282,-66.943758,72121.0,977.6370472986343,0.0,247,247,0,0,247,247,,0,0,0,0,0
2020-11-06,US,Puerto Rico,Salinas,610,0,0,18.010386999999994,-66.256592,72123.0,1962.8032691936414,0.0,610,604,0,0,604,586,,6,0,0,6,18
2020-11-06,US,Puerto Rico,San German,353,0,0,18.111484,-67.03858100000001,72125.0,993.610493427534,0.0,353,350,0,0,350,348,,3,0,0,3,2
2020-11-06,US,Puerto Rico,San Juan,11143,0,0,18.386933,-66.061128,72127.0,2818.6863499997467,0.0,11143,11029,0,0,11029,10969,,114,0,0,114,60
2020-11-06,US,Puerto Rico,San Lorenzo,783,0,0,18.147987,-65.976392,72129.0,1907.0583077597546,0.0,783,766,0,0,766,759,,17,0,0,17,7
2020-11-06,US,Puerto Rico,San Sebastian,849,0,0,18.328646,-66.971214,72131.0,2000.942729201037,0.0,849,819,0,0,819,816,,30,0,0,30,3
2020-11-06,US,Puerto Rico,Santa Isabel,299,0,0,17.994525,-66.388913,72133.0,1284.6953682220505,0.0,299,296,0,0,296,293,,3,0,0,3,3
2020-11-06,US,Puerto Rico,Toa Alta,1928,0,0,18.362406,-66.246616,72135.0,2603.083736127238,0.0,1928,1906,0,0,1906,1890,,22,0,0,22,16
2020-11-06,US,Puerto Rico,Toa Baja,2162,0,0,18.431445999999998,-66.213553,72137.0,2412.704081063286,0.0,2162,2129,0,0,2129,2123,,33,0,0,33,6
2020-11-06,US,Puerto Rico,Trujillo Alto,1743,0,0,18.336159,-65.99888399999999,72139.0,2328.906229122685,0.0,1743,1699,0,0,1699,1693,,44,0,0,44,6
2020-11-06,US,Puerto Rico,Unassigned,1460,862,0,0.0,0.0,72999.0,0.0,59.04109589041096,598,1386,855,0,531,1378,,74,7,0,67,8
2020-11-06,US,Puerto Rico,Utuado,314,0,0,18.271214,-66.702984,72141.0,947.2382273975082,0.0,314,293,0,0,293,290,,21,0,0,21,3
2020-11-06,US,Puerto Rico,Vega Alta,1052,0,0,18.409346,-66.33725,72143.0,2633.2257014843185,0.0,1052,1043,0,0,1043,1040,,9,0,0,9,3
2020-11-06,US,Puerto Rico,Vega Baja,1328,0,0,18.428262,-66.397924,72145.0,2225.87241460226,0.0,1328,1300,0,0,1300,1293,,28,0,0,28,7
2020-11-06,US,Puerto Rico,Vieques,107,0,0,18.123276,-65.44097099999999,72147.0,1150.4139339855928,0.0,107,107,0,0,107,107,,0,0,0,0,0
2020-11-06,US,Puerto Rico,Villalba,298,0,0,18.127951,-66.473115,72149.0,1142.9448088060444,0.0,298,292,0,0,292,282,,6,0,0,6,10
2020-11-06,US,Puerto Rico,Yabucoa,509,0,0,18.070399,-65.896289,72151.0,1341.5566273951665,0.0,509,499,0,0,499,499,,10,0,0,10,0
2020-11-06,US,Puerto Rico,Yauco,631,0,0,18.080374,-66.858814,72153.0,1500.8443736174868,0.0,631,624,0,0,624,619,,7,0,0,7,5
2020-11-06,US,Rhode Island,Bristol,661,20,0,41.71018079,-71.28652315,44001.0,1363.476969409435,3.02571860816944,641,661,20,0,641,661,48649,0,0,0,0,0
2020-11-06,US,Rhode Island,Kent,2908,124,0,41.67106337,-71.57641596,44003.0,1770.0192340466974,4.264099037138927,2784,2908,124,0,2784,2908,163861,0,0,0,0,0
2020-11-06,US,Rhode Island,Newport,797,10,0,41.5642026,-71.26569799,44005.0,970.9802392729222,1.2547051442910917,787,797,10,0,787,797,82542,0,0,0,0,0
2020-11-06,US,Rhode Island,Providence,25309,970,0,41.87064746,-71.57753536,44007.0,3961.147604357904,3.832628709154846,24339,25309,970,0,24339,25309,636084,0,0,0,0,0
2020-11-06,US,Rhode Island,Unassigned,5267,20,0,0.0,0.0,90044.0,0.0,0.37972280235428135,5247,4637,18,0,4619,4009,,630,2,0,628,628
2020-11-06,US,Rhode Island,Washington,1438,80,0,41.45961631,-71.61435303,44009.0,1145.1141530694315,5.563282336578581,1358,1438,80,0,1358,1438,126179,0,0,0,0,0
2020-11-06,US,South Carolina,Abbeville,826,19,0,34.22333378,-82.46170658,45001.0,3367.717209605741,2.3002421307506054,807,820,19,0,801,812,24541,6,0,0,6,8
2020-11-06,US,South Carolina,Aiken,5330,90,0,33.54338026,-81.63645384,45003.0,3119.293974437005,1.6885553470919326,5240,5281,89,0,5192,5243,169401,49,1,0,48,38
2020-11-06,US,South Carolina,Allendale,437,7,0,32.98837386,-81.35321066,45005.0,5029.926335174954,1.6018306636155606,430,428,7,0,421,428,8903,9,0,0,9,0
2020-11-06,US,South Carolina,Anderson,6332,208,0,34.51828081,-82.63959517,45007.0,3126.0182268782273,3.2849020846494,6124,6237,208,0,6029,6189,200482,95,0,0,95,48
2020-11-06,US,South Carolina,Bamberg,698,34,0,33.21927586,-81.05659969,45009.0,4962.320489122707,4.871060171919772,664,701,34,0,667,700,14275,-3,0,0,-3,1
2020-11-06,US,South Carolina,Barnwell,893,25,0,33.26679302,-81.43584352,45011.0,4279.689446947187,2.799552071668533,868,893,25,0,868,892,21112,0,0,0,0,1
2020-11-06,US,South Carolina,Beaufort,6330,93,0,32.39226291,-80.72619758,45013.0,3294.7814409593902,1.4691943127962086,6237,6301,93,0,6208,6287,188715,29,0,0,29,14
2020-11-06,US,South Carolina,Berkeley,6385,96,0,33.20222596,-79.94654523,45015.0,2801.581346777413,1.5035238841033671,6289,6357,96,0,6261,6327,221091,28,0,0,28,30
2020-11-06,US,South Carolina,Calhoun,518,18,0,33.66926881,-80.77722168,45017.0,3559.4035594035595,3.474903474903475,500,517,18,0,499,516,14520,1,0,0,1,1
2020-11-06,US,South Carolina,Charleston,17775,284,0,32.82487866,-79.96512315,45019.0,4320.549530147834,1.5977496483825595,17491,17712,283,0,17429,17655,405905,63,1,0,62,57
2020-11-06,US,South Carolina,Cherokee,1621,53,0,35.05122251,-81.61828622,45021.0,2828.9703315881325,3.269586674892042,1568,1599,53,0,1546,1593,57078,22,0,0,22,6
2020-11-06,US,South Carolina,Chester,1310,30,0,34.69249168,-81.1583216,45023.0,4062.771368316586,2.2900763358778624,1280,1306,30,0,1276,1303,32251,4,0,0,4,3
2020-11-06,US,South Carolina,Chesterfield,1554,49,0,34.64137396,-80.15640140000002,45025.0,3404.162102957284,3.1531531531531534,1505,1540,48,0,1492,1535,45754,14,1,0,13,5
2020-11-06,US,South Carolina,Clarendon,1240,69,0,33.66610974,-80.21647898,45027.0,3674.6184619943697,5.564516129032258,1171,1226,69,0,1157,1225,33700,14,0,0,14,1
2020-11-06,US,South Carolina,Colleton,1332,49,0,32.87582989,-80.67641292,45029.0,3535.313321124293,3.678678678678679,1283,1327,49,0,1278,1324,37660,5,0,0,5,3
2020-11-06,US,South Carolina,Darlington,2630,67,0,34.33358335,-79.96027485,45031.0,3947.881953826293,2.547528517110266,2563,2594,67,0,2527,2588,66802,36,0,0,36,6
2020-11-06,US,South Carolina,Dillon,1381,48,0,34.39007791,-79.37741872,45033.0,4530.988549493093,3.4757422157856626,1333,1373,48,0,1325,1367,30599,8,0,0,8,6
2020-11-06,US,South Carolina,Dorchester,5009,104,0,33.0794369,-80.40502652,45035.0,3076.6112438501564,2.076262727091236,4905,4992,104,0,4888,4967,160647,17,0,0,17,25
2020-11-06,US,South Carolina,Edgefield,983,22,0,33.77221995,-81.96231108,45037.0,3606.0161408657373,2.2380467955239065,961,972,22,0,950,960,27052,11,0,0,11,12
2020-11-06,US,South Carolina,Fairfield,895,40,0,34.39287073,-81.1195624,45039.0,4005.011858415,4.46927374301676,855,893,40,0,853,890,22402,2,0,0,2,3
2020-11-06,US,South Carolina,Florence,5817,204,0,34.02361754,-79.70189312,45041.0,4206.286652252826,3.5069623517276947,5613,5797,204,0,5593,5780,138159,20,0,0,20,17
2020-11-06,US,South Carolina,Georgetown,2481,58,0,33.43443342,-79.33202141,45043.0,3958.200382897256,2.3377670294236195,2423,2468,57,0,2411,2445,62249,13,1,0,12,23
2020-11-06,US,South Carolina,Greenville,18823,361,0,34.89502264,-82.37295012,45045.0,3595.318045161611,1.9178664399936247,18462,18664,360,0,18304,18601,514213,159,1,0,158,63
2020-11-06,US,South Carolina,Greenwood,2654,77,0,34.15272415,-82.12715789,45047.0,3748.005253421079,2.901281085154484,2577,2643,77,0,2566,2633,70741,11,0,0,11,10
2020-11-06,US,South Carolina,Hampton,788,31,0,32.77419582,-81.13845571,45049.0,4099.469358027261,3.934010152284264,757,780,31,0,749,778,19351,8,0,0,8,2
2020-11-06,US,South Carolina,Horry,12891,238,0,33.9212828,-78.99555293,45051.0,3640.692383946047,1.8462493212318671,12653,12837,236,0,12601,12786,344147,54,2,0,52,51
2020-11-06,US,South Carolina,Jasper,960,23,0,32.43171982,-81.02487495,45053.0,3192.2322348950893,2.395833333333333,937,960,23,0,937,958,28971,0,0,0,0,2
2020-11-06,US,South Carolina,Kershaw,2613,52,0,34.33988254,-80.58763164,45055.0,3926.3121515829966,1.9900497512437807,2561,2604,52,0,2552,2597,65592,9,0,0,9,7
2020-11-06,US,South Carolina,Lancaster,2744,62,0,34.68270843,-80.70513032,45057.0,2799.6571848345093,2.259475218658892,2682,2726,62,0,2664,2717,95380,18,0,0,18,9
2020-11-06,US,South Carolina,Laurens,2028,63,0,34.48244419,-82.00490796,45059.0,3004.756048775429,3.1065088757396446,1965,2013,62,0,1951,1994,66994,15,1,0,14,19
2020-11-06,US,South Carolina,Lee,811,36,0,34.16393091,-80.25690731,45061.0,4819.348704540053,4.438964241676942,775,802,36,0,766,799,17142,9,0,0,9,3
2020-11-06,US,South Carolina,Lexington,9592,214,0,33.89665987,-81.27146426,45063.0,3210.7112970711296,2.231025854879066,9378,9522,214,0,9308,9468,295032,70,0,0,70,54
2020-11-06,US,South Carolina,Marion,1202,45,0,34.07859748,-79.36400756,45067.0,3920.801122092834,3.7437603993344415,1157,1192,45,0,1147,1188,31039,10,0,0,10,4
2020-11-06,US,South Carolina,Marlboro,1189,15,0,34.59905577,-79.67561152,45069.0,4552.4159583429055,1.2615643397813288,1174,1175,15,0,1160,1172,26398,14,0,0,14,3
2020-11-06,US,South Carolina,McCormick,289,7,0,33.90161443,-82.30794338,45065.0,3053.999788650533,2.4221453287197234,282,288,7,0,281,285,9410,1,0,0,1,3
2020-11-06,US,South Carolina,Newberry,1746,58,0,34.28629098,-81.59935761,45071.0,4542.143600416233,3.3218785796105386,1688,1748,57,0,1691,1732,38520,-2,1,0,-3,16
2020-11-06,US,South Carolina,Oconee,2617,34,0,34.75225169,-83.06742317,45073.0,3289.920297689387,1.2991975544516623,2583,2589,34,0,2555,2587,78374,28,0,0,28,2
2020-11-06,US,South Carolina,Orangeburg,3440,131,0,33.4391073,-80.79886287,45075.0,3991.876994487961,3.8081395348837215,3309,3434,131,0,3303,3427,86934,6,0,0,6,7
2020-11-06,US,South Carolina,Pickens,4881,68,0,34.88807695,-82.72791551,45077.0,3846.8207181362495,1.3931571399303422,4813,4820,68,0,4752,4796,124937,61,0,0,61,24
2020-11-06,US,South Carolina,Richland,18024,278,0,34.01791263,-80.90267209,45079.0,4335.203807975294,1.5423879272081669,17746,17951,277,0,17674,17864,414576,73,1,0,72,87
2020-11-06,US,South Carolina,Saluda,748,25,0,34.00795823,-81.72713237,45081.0,3653.592536511503,3.3422459893048133,723,748,25,0,723,745,20544,0,0,0,0,3
2020-11-06,US,South Carolina,Spartanburg,9742,246,0,34.92960077,-81.99225984,45083.0,3046.4218146567223,2.5251488400739066,9496,9590,245,0,9345,9568,313888,152,1,0,151,22
2020-11-06,US,South Carolina,Sumter,3680,92,0,33.91826534,-80.37942316,45085.0,3448.24355094124,2.5,3588,3665,92,0,3573,3652,106512,15,0,0,15,13
2020-11-06,US,South Carolina,Union,824,21,0,34.68835752,-81.61730349,45087.0,3016.547078635232,2.5485436893203883,803,815,21,0,794,811,27410,9,0,0,9,4
2020-11-06,US,South Carolina,Williamsburg,1499,50,0,33.62190129,-79.72767442,45089.0,4936.116965226554,3.33555703802535,1449,1494,50,0,1444,1485,30606,5,0,0,5,9
2020-11-06,US,South Carolina,York,7310,111,0,34.97281497,-81.18085944,45091.0,2601.6179145060664,1.518467852257182,7199,7245,109,0,7136,7201,274118,65,2,0,63,44
2020-11-06,US,South Dakota,Aurora,225,2,0,43.71757685,-98.56050467,46003.0,8178.844056706652,0.8888888888888888,223,220,1,0,219,219,2801,5,1,0,4,1
2020-11-06,US,South Dakota,Beadle,1563,19,0,44.41464384,-98.27858469,46005.0,8470.167452446756,1.2156110044785668,1544,1530,16,0,1514,1479,18883,33,3,0,30,51
2020-11-06,US,South Dakota,Bennett,242,5,0,43.19486375,-101.6665572,46007.0,7191.679049034176,2.066115702479338,237,241,5,0,236,230,3468,1,0,0,1,11
2020-11-06,US,South Dakota,Bon Homme,1143,3,0,42.98914167,-97.88592746,46009.0,16562.816983045934,0.2624671916010499,1140,1132,3,0,1129,1102,6980,11,0,0,11,30
2020-11-06,US,South Dakota,Brookings,1675,9,0,44.36974375,-96.79079945,46011.0,4775.2088262964335,0.5373134328358209,1666,1635,8,0,1627,1601,35232,40,1,0,39,34
2020-11-06,US,South Dakota,Brown,2444,6,0,45.58994323,-98.35165355,46013.0,6292.643991863848,0.24549918166939444,2438,2376,6,0,2370,2330,39316,68,0,0,68,46
2020-11-06,US,South Dakota,Brule,372,3,0,43.71756379,-99.08118954,46015.0,7022.84311874646,0.8064516129032258,369,357,3,0,354,351,5229,15,0,0,15,6
2020-11-06,US,South Dakota,Buffalo,298,5,0,44.07657829,-99.20814467,46017.0,15188.583078491336,1.6778523489932886,293,291,4,0,287,287,2036,7,1,0,6,4
2020-11-06,US,South Dakota,Butte,478,4,0,44.90608745,-103.5079318,46019.0,4583.373286029341,0.8368200836820083,474,465,3,0,462,451,10222,13,1,0,12,14
2020-11-06,US,South Dakota,Campbell,85,1,0,45.77074915,-100.0510181,46021.0,6177.325581395349,1.1764705882352942,84,84,1,0,83,84,1377,1,0,0,1,0
2020-11-06,US,South Dakota,Charles Mix,511,1,0,43.20660134,-98.58856175,46023.0,5499.354283254413,0.19569471624266144,510,492,1,0,491,467,9338,19,0,0,19,25
2020-11-06,US,South Dakota,Clark,158,1,0,44.85834507,-97.72925109,46025.0,4229.1220556745175,0.6329113924050633,157,155,1,0,154,153,3739,3,0,0,3,2
2020-11-06,US,South Dakota,Clay,936,8,0,42.91296147,-96.97656917,46027.0,6652.452025586354,0.8547008547008547,928,925,8,0,917,914,14041,11,0,0,11,11
2020-11-06,US,South Dakota,Codington,1883,16,0,44.97788119,-97.18827677,46029.0,6722.839087436179,0.8497079129049391,1867,1818,16,0,1802,1755,28015,65,0,0,65,63
2020-11-06,US,South Dakota,Corson,262,2,0,45.70889983,-101.1970473,46031.0,6412.139011257954,0.7633587786259542,260,258,2,0,256,250,4165,4,0,0,4,8
2020-11-06,US,South Dakota,Custer,367,4,0,43.67741105,-103.45345209999999,46033.0,4090.503789567544,1.0899182561307903,363,361,4,0,357,352,8726,6,0,0,6,9
2020-11-06,US,South Dakota,Davison,1334,11,0,43.67490933,-98.14458906,46035.0,6745.891276864728,0.8245877061469266,1323,1238,11,0,1227,1202,19790,96,0,0,96,36
2020-11-06,US,South Dakota,Day,195,3,0,45.367281,-97.60737498,46037.0,3595.132743362832,1.5384615384615383,192,189,3,0,186,184,5505,6,0,0,6,5
2020-11-06,US,South Dakota,Deuel,217,1,0,44.75994309,-96.66943645,46039.0,4987.359227763733,0.4608294930875576,216,212,1,0,211,206,4337,5,0,0,5,6
2020-11-06,US,South Dakota,Dewey,490,2,0,45.15639647,-100.8709139,46041.0,8316.361167684996,0.4081632653061225,488,460,1,0,459,439,5904,30,1,0,29,21
2020-11-06,US,South Dakota,Douglas,211,5,0,43.38520741,-98.36978007,46043.0,7223.5535775419385,2.3696682464454977,206,201,5,0,196,189,2935,10,0,0,10,12
2020-11-06,US,South Dakota,Edmunds,173,1,0,45.41846445,-99.21545423,46045.0,4518.150953251502,0.5780346820809249,172,170,1,0,169,167,3875,3,0,0,3,3
2020-11-06,US,South Dakota,Fall River,248,6,0,43.23929297,-103.5275691,46047.0,3694.324445106509,2.419354838709677,242,245,6,0,239,244,6758,3,0,0,3,1
2020-11-06,US,South Dakota,Faulk,241,3,0,45.07082625,-99.14535601,46049.0,10482.81861678991,1.2448132780082988,238,237,2,0,235,230,2330,4,1,0,3,7
2020-11-06,US,South Dakota,Grant,362,3,0,45.1723937,-96.77002276,46051.0,5133.295519001702,0.8287292817679558,359,348,3,0,345,341,7147,14,0,0,14,7
2020-11-06,US,South Dakota,Gregory,289,10,0,43.19419064,-99.18883902,46053.0,6905.615292712067,3.460207612456748,279,278,10,0,268,269,4212,11,0,0,11,9
2020-11-06,US,South Dakota,Haakon,108,2,0,44.29299053,-101.539099,46055.0,5687.2037914691955,1.851851851851852,106,107,2,0,105,106,1918,1,0,0,1,1
2020-11-06,US,South Dakota,Hamlin,260,0,0,44.67385954,-97.18829593,46057.0,4218.040233614536,0.0,260,247,0,0,247,236,6111,13,0,0,13,11
2020-11-06,US,South Dakota,Hand,186,1,0,44.54708407,-99.00386459,46059.0,5828.8937637104345,0.5376344086021505,185,176,1,0,175,163,3262,10,0,0,10,13
2020-11-06,US,South Dakota,Hanson,136,1,0,43.6746384,-97.78715148,46061.0,3938.604112366058,0.7352941176470589,135,125,1,0,124,119,3376,11,0,0,11,6
2020-11-06,US,South Dakota,Harding,63,0,0,45.58015551,-103.4958629,46063.0,4853.620955315871,0.0,63,63,0,0,63,63,1249,0,0,0,0,0
2020-11-06,US,South Dakota,Hughes,1016,8,0,44.39091534,-99.99661148,46065.0,5797.101449275363,0.7874015748031497,1008,982,8,0,974,952,17650,34,0,0,34,30
2020-11-06,US,South Dakota,Hutchinson,297,2,0,43.33449012,-97.75536441,46067.0,4073.515292826773,0.6734006734006734,295,283,2,0,281,268,7380,14,0,0,14,15
2020-11-06,US,South Dakota,Hyde,65,0,0,44.54747703,-99.48572582,46069.0,4996.156802459646,0.0,65,57,0,0,57,54,1282,8,0,0,8,3
2020-11-06,US,South Dakota,Jackson,149,4,0,43.69318385,-101.6255063,46071.0,4455.741626794258,2.684563758389262,145,147,3,0,144,143,3307,2,1,0,1,4
2020-11-06,US,South Dakota,Jerauld,177,13,0,44.06637798,-98.62965972,46073.0,8792.84649776453,7.344632768361581,164,176,13,0,163,175,2043,1,0,0,1,1
2020-11-06,US,South Dakota,Jones,40,0,0,43.96278565,-100.6940008,46075.0,4429.678848283499,0.0,40,39,0,0,39,37,928,1,0,0,1,2
2020-11-06,US,South Dakota,Kingsbury,253,4,0,44.36956169,-97.4913945,46077.0,5122.494432071269,1.5810276679841897,249,246,4,0,242,239,4919,7,0,0,7,7
2020-11-06,US,South Dakota,Lake,507,9,0,44.02193107,-97.12926365,46079.0,3961.866062358365,1.7751479289940828,498,490,9,0,481,476,13057,17,0,0,17,14
2020-11-06,US,South Dakota,Lawrence,1253,7,0,44.35919441,-103.79294279999999,46081.0,4848.320693391116,0.5586592178770949,1246,1202,7,0,1195,1155,25741,51,0,0,51,47
2020-11-06,US,South Dakota,Lincoln,3541,29,0,43.27841182,-96.72039050000001,46083.0,5792.7627273917005,0.8189776899181023,3512,3443,25,0,3418,3367,58807,98,4,0,94,76
2020-11-06,US,South Dakota,Lyman,321,7,0,43.89522709,-99.85201878,46085.0,8489.81750859561,2.1806853582554515,314,309,6,0,303,300,3821,12,1,0,11,9
2020-11-06,US,South Dakota,Marshall,74,3,0,45.75870838,-97.59855639,46091.0,1499.4934143870316,4.0540540540540535,71,72,2,0,70,71,5112,2,1,0,1,1
2020-11-06,US,South Dakota,McCook,351,3,0,43.6742571,-97.36863144,46087.0,6283.566058002149,0.8547008547008547,348,332,3,0,329,324,5546,19,0,0,19,8
2020-11-06,US,South Dakota,McPherson,72,1,0,45.76626028,-99.22118798,46089.0,3026.481715006305,1.3888888888888888,71,73,1,0,72,73,2407,-1,0,0,-1,0
2020-11-06,US,South Dakota,Meade,1149,10,0,44.56676791,-102.71627409999999,46093.0,4055.484963998306,0.8703220191470844,1139,1127,10,0,1117,1090,28294,22,0,0,22,37
2020-11-06,US,South Dakota,Mellette,108,1,0,43.58078848,-100.7563186,46095.0,5240.174672489084,0.925925925925926,107,105,1,0,104,101,2042,3,0,0,3,4
2020-11-06,US,South Dakota,Miner,152,2,0,44.02197882,-97.60992207,46097.0,6859.205776173285,1.3157894736842106,150,151,2,0,149,149,2213,1,0,0,1,2
2020-11-06,US,South Dakota,Minnehaha,13821,123,0,43.67441641,-96.7910885,46099.0,7156.171362887943,0.8899500759713479,13698,13462,120,0,13342,13186,192876,359,3,0,356,276
2020-11-06,US,South Dakota,Moody,275,4,0,44.02266214,-96.67081159,46101.0,4181.873479318735,1.4545454545454546,271,263,4,0,259,259,6579,12,0,0,12,4
2020-11-06,US,South Dakota,Oglala Lakota,1208,10,0,43.33749164,-102.55554980000001,46102.0,8520.843619947802,0.8278145695364238,1198,1153,10,0,1143,1121,14309,55,0,0,55,32
2020-11-06,US,South Dakota,Pennington,5475,51,0,44.0025835,-102.8240777,46103.0,4812.129202373105,0.9315068493150684,5424,5377,51,0,5326,5181,111729,98,0,0,98,196
2020-11-06,US,South Dakota,Perkins,88,0,0,45.49049506,-102.47555859999999,46105.0,3071.5532286212915,0.0,88,85,0,0,85,84,2922,3,0,0,3,1
2020-11-06,US,South Dakota,Potter,160,0,0,45.06583079,-99.95498503,46107.0,7431.490942870412,0.0,160,154,0,0,154,151,2207,6,0,0,6,3
2020-11-06,US,South Dakota,Roberts,434,7,0,45.62975048,-96.94672673,46109.0,4175.485857225322,1.6129032258064515,427,412,7,0,405,406,10447,22,0,0,22,6
2020-11-06,US,South Dakota,Sanborn,141,1,0,44.02351092,-98.09098159999999,46111.0,6015.3583617747445,0.7092198581560284,140,132,1,0,131,128,2429,9,0,0,9,4
2020-11-06,US,South Dakota,Spink,372,1,0,44.93837606,-98.34626602,46115.0,5834.378920953575,0.26881720430107525,371,364,1,0,363,356,6495,8,0,0,8,8
2020-11-06,US,South Dakota,Stanley,117,0,0,44.41381872,-100.7349153,46117.0,3776.630083925113,0.0,117,110,0,0,110,102,3022,7,0,0,7,8
2020-11-06,US,South Dakota,Sully,56,0,0,44.71571812,-100.1278092,46119.0,4025.8806613946804,0.0,56,54,0,0,54,52,1392,2,0,0,2,2
2020-11-06,US,South Dakota,Todd,573,8,0,43.19338568,-100.71955030000001,46121.0,5630.342930136582,1.3961605584642234,565,561,6,0,555,545,10283,12,2,0,10,16
2020-11-06,US,South Dakota,Tripp,312,2,0,43.34459388,-99.8854891,46123.0,5734.240029406357,0.6410256410256411,310,305,2,0,303,300,5478,7,0,0,7,5
2020-11-06,US,South Dakota,Turner,586,27,0,43.3109081,-97.14865776,46125.0,6989.503816793893,4.607508532423208,559,574,22,0,552,557,8424,12,5,0,7,17
2020-11-06,US,South Dakota,Union,863,16,0,42.83112163,-96.6557828,46127.0,5416.771277931208,1.853997682502897,847,843,14,0,829,826,15619,20,2,0,18,17
2020-11-06,US,South Dakota,Walworth,303,10,0,45.43019636,-100.03075140000001,46129.0,5574.977000919965,3.3003300330033003,293,297,10,0,287,290,5587,6,0,0,6,7
2020-11-06,US,South Dakota,Yankton,1050,7,0,43.00924485,-97.39467635,46135.0,4602.4371000263,0.6666666666666666,1043,1015,7,0,1008,975,22869,35,0,0,35,40
2020-11-06,US,South Dakota,Ziebach,125,2,0,44.97881876,-101.6654622,46137.0,4535.5587808417995,1.6,123,120,2,0,118,115,2742,5,0,0,5,5
2020-11-06,US,Tennessee,Anderson,1998,18,0,36.12684348,-84.19965764,47001.0,2595.5467795993663,0.9009009009009008,1980,1959,18,0,1941,1938,76482,39,0,0,39,21
2020-11-06,US,Tennessee,Bedford,1926,23,0,35.51123746,-86.45549096,47003.0,3874.238126848108,1.194184839044652,1903,1925,23,0,1902,1914,49038,1,0,0,1,11
2020-11-06,US,Tennessee,Benton,486,10,0,36.07110411,-88.06849355,47005.0,3007.425742574257,2.05761316872428,476,482,10,0,472,474,16184,4,0,0,4,8
2020-11-06,US,Tennessee,Bledsoe,1062,4,0,35.59942968,-85.20611967,47007.0,7049.920339883165,0.3766478342749529,1058,1057,4,0,1053,1057,14755,5,0,0,5,0
2020-11-06,US,Tennessee,Blount,3799,45,0,35.68938198,-83.92847788,47009.0,2854.5022842029325,1.1845222426954465,3754,3753,44,0,3709,3726,131349,46,1,0,45,27
2020-11-06,US,Tennessee,Bradley,3894,24,0,35.15739424,-84.857186,47011.0,3601.886966978078,0.6163328197226502,3870,3879,24,0,3855,3850,106727,15,0,0,15,29
2020-11-06,US,Tennessee,Campbell,1192,14,0,36.40355516,-84.15108559999999,47013.0,2991.8176798353497,1.174496644295302,1178,1176,14,0,1162,1159,39583,16,0,0,16,17
2020-11-06,US,Tennessee,Cannon,475,2,0,35.80990797,-86.05738983,47015.0,3236.13571331244,0.42105263157894735,473,469,2,0,467,464,14462,6,0,0,6,5
2020-11-06,US,Tennessee,Carroll,1247,30,0,35.97366108,-88.45189331,47017.0,4490.942485684445,2.405773857257418,1217,1250,28,0,1222,1233,28020,-3,2,0,-5,17
2020-11-06,US,Tennessee,Carter,1892,37,0,36.28969086,-82.12588974,47019.0,3355.145324608537,1.9556025369978856,1855,1869,38,0,1831,1833,56351,23,-1,0,24,36
2020-11-06,US,Tennessee,Cheatham,1168,12,0,36.26136216,-87.08903581,47021.0,2872.107605675363,1.0273972602739727,1156,1164,12,0,1152,1157,40439,4,0,0,4,7
2020-11-06,US,Tennessee,Chester,777,18,0,35.42527478,-88.6095842,47023.0,4492.108458114124,2.3166023166023164,759,778,17,0,761,771,17276,-1,1,0,-2,7
2020-11-06,US,Tennessee,Claiborne,565,8,0,36.48319149,-83.65947309,47025.0,1767.8901092024155,1.4159292035398232,557,565,8,0,557,558,31756,0,0,0,0,7
2020-11-06,US,Tennessee,Clay,437,16,0,36.55151008,-85.53930419,47027.0,5738.673670387393,3.6613272311212817,421,433,16,0,417,432,7717,4,0,0,4,1
2020-11-06,US,Tennessee,Cocke,1251,20,0,35.9278914,-83.11828725,47029.0,3474.613931785357,1.5987210231814548,1231,1246,20,0,1226,1232,35774,5,0,0,5,14
2020-11-06,US,Tennessee,Coffee,2143,32,0,35.49090731,-86.07311784,47031.0,3791.5782024062282,1.4932337844143724,2111,2135,32,0,2103,2131,55700,8,0,0,8,4
2020-11-06,US,Tennessee,Crockett,987,24,0,35.81830662,-89.14916269,47033.0,6936.050597329586,2.4316109422492405,963,984,24,0,960,971,14328,3,0,0,3,13
2020-11-06,US,Tennessee,Cumberland,1819,29,0,35.95271721,-84.99840585,47035.0,3005.61797752809,1.594282572842221,1790,1786,29,0,1757,1764,59673,33,0,0,33,22
2020-11-06,US,Tennessee,Davidson,34332,362,0,36.17007426,-86.78646056,47037.0,4945.947814862622,1.0544098799953396,33970,34201,360,0,33841,34006,692587,131,2,0,129,195
2020-11-06,US,Tennessee,DeKalb,843,18,0,35.97616272,-85.83689361,47041.0,4114.202049780381,2.1352313167259784,825,820,18,0,802,816,20138,23,0,0,23,4
2020-11-06,US,Tennessee,Decatur,706,11,0,35.60048904,-88.11043779,47039.0,6053.331046900456,1.5580736543909348,695,706,11,0,695,703,11706,0,0,0,0,3
2020-11-06,US,Tennessee,Dickson,1931,21,0,36.14669837,-87.35891709,47043.0,3579.3727292948765,1.0875194199896427,1910,1925,21,0,1904,1904,53446,6,0,0,6,21
2020-11-06,US,Tennessee,Dyer,2505,39,0,36.05931946,-89.41542855,47045.0,6741.3008961489795,1.5568862275449102,2466,2502,38,0,2464,2480,37320,3,1,0,2,22
2020-11-06,US,Tennessee,Fayette,1835,29,0,35.19615831,-89.41399032,47047.0,4461.138258818954,1.5803814713896458,1806,1827,29,0,1798,1814,40507,8,0,0,8,13
2020-11-06,US,Tennessee,Fentress,995,14,0,36.38128818,-84.92870012,47049.0,5371.700048588242,1.407035175879397,981,985,13,0,972,982,18217,10,1,0,9,3
2020-11-06,US,Tennessee,Franklin,1433,27,0,35.15634626,-86.09201039,47051.0,3395.0909780136467,1.8841591067690158,1406,1426,27,0,1399,1417,41890,7,0,0,7,9
2020-11-06,US,Tennessee,Gibson,2331,52,0,35.99438059,-88.93358327,47053.0,4744.265564895284,2.230802230802231,2279,2330,50,0,2280,2316,49045,1,2,0,-1,14
2020-11-06,US,Tennessee,Giles,1082,38,0,35.20222469,-87.03992678,47055.0,3672.278034211241,3.5120147874306835,1044,1081,38,0,1043,1076,29503,1,0,0,1,5
2020-11-06,US,Tennessee,Grainger,727,4,0,36.27469206,-83.51254721,47057.0,3117.4957118353345,0.5502063273727648,723,726,4,0,722,722,23145,1,0,0,1,4
2020-11-06,US,Tennessee,Greene,2156,59,0,36.17470125,-82.84691273,47059.0,3121.5161649944257,2.7365491651205938,2097,2143,58,0,2085,2112,69087,13,1,0,12,31
2020-11-06,US,Tennessee,Grundy,633,14,0,35.38433717,-85.72142731,47061.0,4714.381470172041,2.2116903633491307,619,630,14,0,616,628,13346,3,0,0,3,2
2020-11-06,US,Tennessee,Hamblen,2681,51,0,36.21990035,-83.26586179,47063.0,4128.8077124464835,1.9022752704214845,2630,2648,51,0,2597,2635,64569,33,0,0,33,13
2020-11-06,US,Tennessee,Hamilton,12818,114,0,35.17670231,-85.16652245,47065.0,3485.0083196485084,0.8893743173662038,12704,12719,114,0,12605,12652,364286,99,0,0,99,67
2020-11-06,US,Tennessee,Hancock,128,3,0,36.52692871,-83.22375847,47067.0,1933.5347432024166,2.34375,125,126,3,0,123,126,6549,2,0,0,2,0
2020-11-06,US,Tennessee,Hardeman,2016,35,0,35.20772017,-88.99161161,47069.0,8047.904191616766,1.7361111111111112,1981,2007,34,0,1973,2004,25220,9,1,0,8,3
2020-11-06,US,Tennessee,Hardin,1486,23,0,35.19732531,-88.18593755,47071.0,5792.920629970374,1.5477792732166888,1463,1480,23,0,1457,1478,25776,6,0,0,6,2
2020-11-06,US,Tennessee,Hawkins,1379,30,0,36.44355426,-82.94885298,47073.0,2428.4154545134365,2.1754894851341557,1349,1372,30,0,1342,1354,56530,7,0,0,7,18
2020-11-06,US,Tennessee,Haywood,1378,28,0,35.58332824,-89.28536625,47075.0,7963.476652797041,2.0319303338171264,1350,1378,28,0,1350,1371,17335,0,0,0,0,7
2020-11-06,US,Tennessee,Henderson,1488,29,0,35.65581134,-88.38600175,47077.0,5292.171995589857,1.948924731182796,1459,1484,28,0,1456,1477,27847,4,1,0,3,7
2020-11-06,US,Tennessee,Henry,955,13,0,36.33160906,-88.30121797,47079.0,2952.5428968928736,1.361256544502618,942,936,13,0,923,926,32358,19,0,0,19,10
2020-11-06,US,Tennessee,Hickman,875,16,0,35.80609681,-87.47643507,47081.0,3475.25617602669,1.8285714285714283,859,868,16,0,852,865,25063,7,0,0,7,3
2020-11-06,US,Tennessee,Houston,467,18,0,36.28872054,-87.71878828,47083.0,5694.427508840386,3.854389721627409,449,461,18,0,443,462,8263,6,0,0,6,-1
2020-11-06,US,Tennessee,Humphreys,496,6,0,36.03958805,-87.77992872,47085.0,2669.2498116456786,1.2096774193548387,490,497,6,0,491,494,18486,-1,0,0,-1,3
2020-11-06,US,Tennessee,Jackson,511,7,0,36.36380466,-85.67239905,47087.0,4335.6524690310525,1.3698630136986298,504,501,7,0,494,501,11758,10,0,0,10,0
2020-11-06,US,Tennessee,Jefferson,1689,25,0,36.04818632,-83.45148924,47089.0,3099.366914395816,1.4801657785671996,1664,1674,25,0,1649,1669,54012,15,0,0,15,5
2020-11-06,US,Tennessee,Johnson,1255,14,0,36.45523950000001,-81.84886538,47091.0,7055.318192039576,1.1155378486055776,1241,1252,13,0,1239,1245,17778,3,1,0,2,7
2020-11-06,US,Tennessee,Knox,14213,100,0,35.99508821,-83.94635435,47093.0,3022.030009801983,0.7035812284528249,14113,14053,100,0,13953,13935,465289,160,0,0,160,118
2020-11-06,US,Tennessee,Lake,1016,4,0,36.34180170000001,-89.48921915,47095.0,14481.185860889396,0.3937007874015748,1012,1014,4,0,1010,1010,7411,2,0,0,2,4
2020-11-06,US,Tennessee,Lauderdale,1556,20,0,35.75893438,-89.63015909999999,47097.0,6070.30000390122,1.2853470437017995,1536,1554,18,0,1536,1553,25825,2,2,0,0,1
2020-11-06,US,Tennessee,Lawrence,1876,24,0,35.21675201,-87.39787695,47099.0,4249.920710434507,1.279317697228145,1852,1864,24,0,1840,1854,43734,12,0,0,12,10
2020-11-06,US,Tennessee,Lewis,551,7,0,35.52853208,-87.49022694,47101.0,4491.359634822302,1.2704174228675136,544,550,7,0,543,535,12086,1,0,0,1,15
2020-11-06,US,Tennessee,Lincoln,1057,8,0,35.13738622,-86.58910106,47103.0,3075.714368852936,0.7568590350047304,1049,1052,7,0,1045,1043,34117,5,1,0,4,9
2020-11-06,US,Tennessee,Loudon,1781,13,0,35.73939663,-84.31145275,47105.0,3294.0001479618268,0.7299270072992701,1768,1768,13,0,1755,1755,53054,13,0,0,13,13
2020-11-06,US,Tennessee,Macon,1451,26,0,36.53157855,-86.00778595,47111.0,5897.894480123568,1.7918676774638183,1425,1432,26,0,1406,1428,24265,19,0,0,19,4
2020-11-06,US,Tennessee,Madison,4133,86,0,35.61181957,-88.84076036,47113.0,4218.035597648595,2.0808129687878054,4047,4092,86,0,4006,4072,97605,41,0,0,41,20
2020-11-06,US,Tennessee,Marion,881,14,0,35.12997174,-85.62265895,47115.0,3047.704708202165,1.5891032917139614,867,877,14,0,863,867,28575,4,0,0,4,10
2020-11-06,US,Tennessee,Marshall,1274,12,0,35.45798777,-86.76420988,47117.0,3706.181818181818,0.9419152276295132,1262,1276,12,0,1264,1271,33683,-2,0,0,-2,5
2020-11-06,US,Tennessee,Maury,3954,40,0,35.618741299999996,-87.07462444,47119.0,4102.212954029071,1.0116337885685385,3914,3931,39,0,3892,3886,94340,23,1,0,22,45
2020-11-06,US,Tennessee,McMinn,1844,41,0,35.42812616,-84.61520715,47107.0,3427.891586422277,2.2234273318872018,1803,1824,41,0,1783,1802,53285,20,0,0,20,22
2020-11-06,US,Tennessee,McNairy,1206,30,0,35.17468549,-88.5647812,47109.0,4693.702809994551,2.487562189054726,1176,1197,30,0,1167,1190,25832,9,0,0,9,7
2020-11-06,US,Tennessee,Meigs,363,8,0,35.51558739,-84.81482914,47121.0,2922.2347448075993,2.203856749311295,355,359,8,0,351,354,12306,4,0,0,4,5
2020-11-06,US,Tennessee,Monroe,1606,32,0,35.44550387,-84.24902965,47123.0,3450.4243205500047,1.99252801992528,1574,1600,32,0,1568,1590,46357,6,0,0,6,10
2020-11-06,US,Tennessee,Montgomery,4664,63,0,36.49609412,-87.38550661,47125.0,2231.6536917504413,1.350771869639794,4601,4621,63,0,4558,4569,205950,43,0,0,43,52
2020-11-06,US,Tennessee,Moore,299,2,0,35.27724699,-86.36230578,47127.0,4608.508014796547,0.6688963210702341,297,297,2,0,295,297,6411,2,0,0,2,0
2020-11-06,US,Tennessee,Morgan,480,6,0,36.13248031,-84.64880098,47129.0,2242.6762603373363,1.25,474,472,6,0,466,470,21579,8,0,0,8,2
2020-11-06,US,Tennessee,Obion,1953,29,0,36.35732446,-89.14921589,47131.0,6495.061358874587,1.4848950332821298,1924,1944,28,0,1916,1936,30267,9,1,0,8,8
2020-11-06,US,Tennessee,Out of TN,4486,40,0,0.0,0.0,80047.0,0.0,0.8916629514043691,4446,4489,41,0,4448,4482,,-3,-1,0,-2,7
2020-11-06,US,Tennessee,Overton,1316,26,0,36.34117832,-85.28989535,47133.0,5917.0001348860205,1.975683890577508,1290,1313,26,0,1287,1305,22068,3,0,0,3,8
2020-11-06,US,Tennessee,Perry,373,14,0,35.63708728,-87.86139634,47135.0,4618.623080733036,3.7533512064343166,359,376,12,0,364,372,8064,-3,2,0,-5,4
2020-11-06,US,Tennessee,Pickett,300,10,0,36.55606529,-85.07763299999998,47137.0,5942.9477020602235,3.333333333333333,290,299,10,0,289,299,5082,1,0,0,1,0
2020-11-06,US,Tennessee,Polk,557,13,0,35.12245443,-84.52075859,47139.0,3309.173003802281,2.3339317773788157,544,554,13,0,541,553,16898,3,0,0,3,1
2020-11-06,US,Tennessee,Putnam,4779,63,0,36.14005459,-85.50646123,47141.0,5955.511246806655,1.3182674199623352,4716,4743,63,0,4680,4729,78843,36,0,0,36,14
2020-11-06,US,Tennessee,Rhea,1237,24,0,35.60536161,-84.93076643,47143.0,3729.610757680827,1.9401778496362168,1213,1225,23,0,1202,1212,33044,12,1,0,11,13
2020-11-06,US,Tennessee,Roane,1612,10,0,35.84923189,-84.52458689,47145.0,3019.744483159117,0.6203473945409429,1602,1590,10,0,1580,1552,53140,22,0,0,22,38
2020-11-06,US,Tennessee,Robertson,2790,43,0,36.52454807,-86.87346725,47147.0,3885.090443234512,1.5412186379928314,2747,2774,43,0,2731,2758,71012,16,0,0,16,16
2020-11-06,US,Tennessee,Rutherford,13181,123,0,35.84591405,-86.4107263,47149.0,3966.775508975729,0.9331613686366741,13058,13111,122,0,12989,13014,324890,70,1,0,69,97
2020-11-06,US,Tennessee,Scott,489,5,0,36.42325673,-84.50360494,47151.0,2215.8781946710174,1.0224948875255624,484,483,5,0,478,465,22039,6,0,0,6,18
2020-11-06,US,Tennessee,Sequatchie,398,5,0,35.36979721,-85.41022136,47153.0,2648.7421802209506,1.256281407035176,393,395,5,0,390,391,14876,3,0,0,3,4
2020-11-06,US,Tennessee,Sevier,3690,24,0,35.78077323,-83.52244332,47155.0,3755.7251908396947,0.6504065040650406,3666,3662,24,0,3638,3637,97892,28,0,0,28,25
2020-11-06,US,Tennessee,Shelby,38932,582,0,35.1864775,-89.89692423,47157.0,4154.226679158228,1.4949142093907326,38350,38875,580,0,38295,38623,935764,57,2,0,55,252
2020-11-06,US,Tennessee,Smith,1075,16,0,36.25359775,-85.95411046,47159.0,5333.134891104827,1.4883720930232558,1059,1068,16,0,1052,1062,19942,7,0,0,7,6
2020-11-06,US,Tennessee,Stewart,396,13,0,36.50235092,-87.83920548,47161.0,2887.349617207437,3.2828282828282833,383,391,13,0,378,375,13561,5,0,0,5,16
2020-11-06,US,Tennessee,Sullivan,4409,61,0,36.51240691,-82.30412917,47163.0,2784.3736580190466,1.3835336811068268,4348,4365,61,0,4304,4330,157668,44,0,0,44,35
2020-11-06,US,Tennessee,Sumner,6796,120,0,36.46824103,-86.45917204,47165.0,3552.8510113287653,1.7657445556209534,6676,6770,120,0,6650,6723,187149,26,0,0,26,47
2020-11-06,US,Tennessee,Tipton,2617,24,0,35.501942,-89.73694895,47167.0,4248.445591649215,0.9170806266717616,2593,2612,24,0,2588,2596,61581,5,0,0,5,16
2020-11-06,US,Tennessee,Trousdale,1815,10,0,36.39026213,-86.16087954,47169.0,16084.721729883018,0.5509641873278237,1805,1811,10,0,1801,1809,11012,4,0,0,4,2
2020-11-06,US,Tennessee,Unassigned,2336,6,0,0.0,0.0,90047.0,0.0,0.2568493150684932,2330,2493,5,0,2488,2445,,-157,1,0,-158,48
2020-11-06,US,Tennessee,Unicoi,544,10,0,36.10890856,-82.43709629,47171.0,3041.995190963485,1.8382352941176472,534,541,7,0,534,535,17761,3,3,0,0,6
2020-11-06,US,Tennessee,Union,577,5,0,36.28590426,-83.83651902,47173.0,2889.0446625275385,0.8665511265164645,572,573,4,0,569,571,19688,4,1,0,3,2
2020-11-06,US,Tennessee,Van Buren,228,2,0,35.69864497,-85.45221699,47175.0,3882.83378746594,0.8771929824561403,226,223,2,0,221,223,5765,5,0,0,5,0
2020-11-06,US,Tennessee,Warren,1638,11,0,35.672829899999996,-85.77969117,47177.0,3968.3116505559997,0.6715506715506715,1627,1603,11,0,1592,1599,40878,35,0,0,35,4
2020-11-06,US,Tennessee,Washington,4282,75,0,36.29472368,-82.49454720000001,47179.0,3309.7584541062797,1.7515179822512843,4207,4268,72,0,4196,4205,128607,14,3,0,11,63
2020-11-06,US,Tennessee,Wayne,1640,7,0,35.23868267,-87.78644456,47181.0,9836.262220356264,0.4268292682926829,1633,1639,7,0,1632,1638,16558,1,0,0,1,1
2020-11-06,US,Tennessee,Weakley,1685,27,0,36.29896232,-88.71990865,47183.0,5055.808929428708,1.602373887240356,1658,1672,27,0,1645,1669,33415,13,0,0,13,3
2020-11-06,US,Tennessee,White,1343,16,0,35.92929884,-85.45591799,47185.0,4911.31833973304,1.191362620997766,1327,1336,16,0,1320,1328,27107,7,0,0,7,8
2020-11-06,US,Tennessee,Williamson,7979,59,0,35.89099229,-86.89281867,47187.0,3346.727513715753,0.739441032710866,7920,7911,59,0,7852,7820,231729,68,0,0,68,91
2020-11-06,US,Tennessee,Wilson,5237,66,0,36.15496772,-86.29775884,47189.0,3620.2879915939093,1.260263509642925,5171,5214,65,0,5149,5166,140625,23,1,0,22,48
2020-11-06,US,Texas,Anderson,3008,41,0,31.81534745,-95.65354823,48001.0,5210.0112583354985,1.363031914893617,2967,3011,41,0,2970,2981,58057,-3,0,0,-3,30
2020-11-06,US,Texas,Andrews,741,11,0,32.30468633,-102.63765479999999,48003.0,3961.507618283881,1.484480431848853,730,726,11,0,715,689,18128,15,0,0,15,37
2020-11-06,US,Texas,Angelina,2343,93,0,31.25457347,-94.60901487,48005.0,2701.954679121259,3.969270166453265,2250,2343,93,0,2250,2326,87092,0,0,0,0,17
2020-11-06,US,Texas,Aransas,360,18,0,28.10556197,-96.9995047,48007.0,1531.2632922160785,5.0,342,360,18,0,342,351,23792,0,0,0,0,9
2020-11-06,US,Texas,Archer,171,1,0,33.61569967,-98.68754589,48009.0,1999.298491757278,0.5847953216374269,170,171,1,0,170,170,8786,0,0,0,0,1
2020-11-06,US,Texas,Armstrong,29,1,0,34.96507426,-101.35748740000001,48011.0,1536.8309485956545,3.4482758620689653,28,29,1,0,28,29,1892,0,0,0,0,0
2020-11-06,US,Texas,Atascosa,1298,37,0,28.89333001,-98.52730485,48013.0,2537.485582468281,2.8505392912172574,1261,1294,37,0,1257,1292,50310,4,0,0,4,2
2020-11-06,US,Texas,Austin,523,10,0,29.88548725,-96.27736949,48015.0,1741.475759190197,1.9120458891013383,513,523,10,0,513,523,29989,0,0,0,0,0
2020-11-06,US,Texas,Bailey,334,5,0,34.06854817,-102.8299707,48017.0,4771.428571428572,1.497005988023952,329,334,5,0,329,327,7027,0,0,0,0,7
2020-11-06,US,Texas,Bandera,197,10,0,29.74619598,-99.24598147,48019.0,852.3710626514363,5.076142131979696,187,196,9,0,187,193,22824,1,1,0,0,3
2020-11-06,US,Texas,Bastrop,2063,33,0,30.10370699,-97.31206354,48021.0,2325.214431432661,1.5996122152205523,2030,2059,33,0,2026,2051,86976,4,0,0,4,8
2020-11-06,US,Texas,Baylor,46,4,0,33.61640794,-99.21352901,48023.0,1310.9147905386149,8.695652173913043,42,46,4,0,42,46,3582,0,0,0,0,0
2020-11-06,US,Texas,Bee,1880,39,0,28.41761668,-97.74215593,48025.0,5773.069246123138,2.074468085106383,1841,1874,39,0,1835,1877,32587,6,0,0,6,-3
2020-11-06,US,Texas,Bell,6853,103,0,31.03736027,-97.4785025,48027.0,1888.2741290187478,1.5029913906318402,6750,6770,103,0,6667,6706,355642,83,0,0,83,64
2020-11-06,US,Texas,Bexar,67127,1425,0,29.44928723,-98.52019748,48029.0,3350.3963456937017,2.122841777526182,65702,66909,1424,0,65485,66714,1986049,218,1,0,217,195
2020-11-06,US,Texas,Blanco,167,6,0,30.26640707,-98.3999852,48031.0,1399.7150280781161,3.5928143712574854,161,166,6,0,160,166,11702,1,0,0,1,0
2020-11-06,US,Texas,Borden,3,0,0,32.74363984,-101.43165090000001,48033.0,458.7155963302752,0.0,3,3,0,0,3,3,648,0,0,0,0,0
2020-11-06,US,Texas,Bosque,433,12,0,31.89978581,-97.63613524,48035.0,2317.366871822317,2.771362586605081,421,425,12,0,413,423,18691,8,0,0,8,2
2020-11-06,US,Texas,Bowie,2183,85,0,33.44626922,-94.41834132,48037.0,2341.144297281356,3.8937242327072834,2098,2145,84,0,2061,2099,94324,38,1,0,37,46
2020-11-06,US,Texas,Brazoria,12806,188,0,29.18757369,-95.44563172,48039.0,3421.648889553898,1.468061846009683,12618,12731,187,0,12544,12718,370200,75,1,0,74,13
2020-11-06,US,Texas,Brazos,7974,80,0,30.663644800000004,-96.30205577,48041.0,3478.8906291582866,1.0032605969400552,7894,7942,78,0,7864,7912,226758,32,2,0,30,30
2020-11-06,US,Texas,Brewster,277,5,0,29.81008251,-103.25203259999999,48043.0,3009.888079973921,1.8050541516245489,272,271,5,0,266,270,9267,6,0,0,6,1
2020-11-06,US,Texas,Briscoe,25,1,0,34.53026962,-101.2084947,48045.0,1617.0763260025876,4.0,24,25,1,0,24,25,1516,0,0,0,0,0
2020-11-06,US,Texas,Brooks,370,25,0,27.03103197,-98.21808402,48047.0,5216.410545608346,6.756756756756758,345,366,25,0,341,366,7114,4,0,0,4,0
2020-11-06,US,Texas,Brown,736,28,0,31.77430356,-98.99907113,48049.0,1943.7988590745829,3.804347826086957,708,729,28,0,701,717,37924,7,0,0,7,12
2020-11-06,US,Texas,Burleson,496,6,0,30.49273808,-96.62158484,48051.0,2689.3672396031016,1.2096774193548387,490,494,6,0,488,490,18389,2,0,0,2,4
2020-11-06,US,Texas,Burnet,1137,15,0,30.78801353,-98.181887,48053.0,2361.1255321358108,1.3192612137203166,1122,1120,15,0,1105,1117,47542,17,0,0,17,3
2020-11-06,US,Texas,Caldwell,1752,38,0,29.83668859,-97.61814775,48055.0,4012.458776108465,2.1689497716894977,1714,1749,38,0,1711,1742,43247,3,0,0,3,7
2020-11-06,US,Texas,Calhoun,940,9,0,28.47048236,-96.61633945,48057.0,4415.218412400188,0.9574468085106383,931,939,9,0,930,936,21561,1,0,0,1,3
2020-11-06,US,Texas,Callahan,153,6,0,32.29760619,-99.37326312,48059.0,1097.3248224915728,3.92156862745098,147,147,6,0,141,147,13994,6,0,0,6,0
2020-11-06,US,Texas,Cameron,24561,1091,0,26.14524221,-97.48140372,48061.0,5804.14639276118,4.4420015471682746,23470,24478,1089,0,23389,24423,423908,83,2,0,81,55
2020-11-06,US,Texas,Camp,412,13,0,32.97195142,-94.97790104,48063.0,3146.479303497785,3.155339805825242,399,411,13,0,398,410,13033,1,0,0,1,1
2020-11-06,US,Texas,Carson,62,1,0,35.40365929,-101.35426690000001,48065.0,1046.2369220384746,1.6129032258064515,61,62,1,0,61,59,6005,0,0,0,0,3
2020-11-06,US,Texas,Cass,591,30,0,33.07499881,-94.34646905,48067.0,1968.2941450742687,5.076142131979696,561,581,28,0,553,578,30119,10,2,0,8,3
2020-11-06,US,Texas,Castro,339,7,0,34.53016752,-102.2617243,48069.0,4501.992031872511,2.0648967551622417,332,339,7,0,332,325,7665,0,0,0,0,14
2020-11-06,US,Texas,Chambers,1627,10,0,29.70972016,-94.67154501,48071.0,3711.476606519607,0.6146281499692686,1617,1627,10,0,1617,1618,42454,0,0,0,0,9
2020-11-06,US,Texas,Cherokee,1670,42,0,31.837258000000002,-95.16559897,48073.0,3172.130836150895,2.51497005988024,1628,1668,42,0,1626,1666,52592,2,0,0,2,2
2020-11-06,US,Texas,Childress,135,0,0,34.529304100000004,-100.2077916,48075.0,1847.7963317820968,0.0,135,135,0,0,135,130,7291,0,0,0,0,5
2020-11-06,US,Texas,Clay,138,3,0,33.78686685,-98.20771198,48077.0,1317.9256995511412,2.1739130434782608,135,138,3,0,135,134,10456,0,0,0,0,4
2020-11-06,US,Texas,Cochran,131,3,0,33.60425307,-102.82844990000001,48079.0,4591.657903960743,2.2900763358778624,128,131,3,0,128,124,2836,0,0,0,0,7
2020-11-06,US,Texas,Coke,134,8,0,31.88911733,-100.5297533,48081.0,3956.303513433717,5.970149253731344,126,133,7,0,126,133,3370,1,1,0,0,0
2020-11-06,US,Texas,Coleman,105,4,0,31.76736834,-99.45240766,48083.0,1284.403669724771,3.809523809523809,101,102,4,0,98,99,8397,3,0,0,3,3
2020-11-06,US,Texas,Collin,19701,198,0,33.18820114,-96.57264368,48085.0,1903.974949986953,1.0050251256281406,19503,19480,196,0,19284,19189,1005146,221,2,0,219,291
2020-11-06,US,Texas,Collingsworth,22,0,0,34.96489496,-100.27001109999999,48087.0,753.4246575342465,0.0,22,22,0,0,22,21,2962,0,0,0,0,1
2020-11-06,US,Texas,Colorado,510,4,0,29.622097999999998,-96.5273805,48089.0,2372.865584143675,0.7843137254901961,506,510,4,0,506,510,21217,0,0,0,0,0
2020-11-06,US,Texas,Comal,2927,107,0,29.80811278,-98.27647225,48091.0,1873.771677688225,3.655620088828152,2820,2912,106,0,2806,2906,148373,15,1,0,14,6
2020-11-06,US,Texas,Comanche,391,5,0,31.94854689,-98.55876441,48093.0,2867.6200953428674,1.278772378516624,386,386,5,0,381,383,13534,5,0,0,5,3
2020-11-06,US,Texas,Concho,145,2,0,31.32635934,-99.86473038,48095.0,5319.1489361702115,1.3793103448275863,143,144,2,0,142,144,4276,1,0,0,1,0
2020-11-06,US,Texas,Cooke,596,9,0,33.63979567,-97.21240912,48097.0,1444.603340039266,1.5100671140939597,587,593,9,0,584,588,40574,3,0,0,3,5
2020-11-06,US,Texas,Coryell,2051,14,0,31.39078397,-97.79936155,48099.0,2700.425274189938,0.6825938566552902,2037,2036,14,0,2022,2036,74808,15,0,0,15,0
2020-11-06,US,Texas,Cottle,44,3,0,34.07783319,-100.27850620000001,48101.0,3147.353361945637,6.8181818181818175,41,42,3,0,39,42,1389,2,0,0,2,0
2020-11-06,US,Texas,Crane,83,6,0,31.43052248,-102.5143314,48103.0,1730.2480717114865,7.2289156626506035,77,83,5,0,78,78,4794,0,1,0,-1,5
2020-11-06,US,Texas,Crockett,167,7,0,30.72367027,-101.4134238,48105.0,4821.0161662817545,4.1916167664670665,160,167,7,0,160,166,3499,0,0,0,0,1
2020-11-06,US,Texas,Crosby,133,9,0,33.61431553,-101.30003640000001,48107.0,2318.28481784905,6.7669172932330826,124,133,9,0,124,131,5779,0,0,0,0,2
2020-11-06,US,Texas,Culberson,130,3,0,31.44506775,-104.5185739,48109.0,5988.023952095808,2.3076923076923075,127,129,3,0,126,128,2204,1,0,0,1,1
2020-11-06,US,Texas,Dallam,412,10,0,36.27787176,-102.60207249999999,48111.0,5653.904212982023,2.4271844660194173,402,412,10,0,402,411,7200,0,0,0,0,1
2020-11-06,US,Texas,Dallas,99761,1307,0,32.76670599,-96.77796049999999,48113.0,3785.254955765778,1.3101312136005052,98454,99160,1293,0,97867,98473,2637772,601,14,0,587,687
2020-11-06,US,Texas,Dawson,972,22,0,32.74255572,-101.94772420000001,48115.0,7636.706473915778,2.263374485596708,950,958,20,0,938,948,12619,14,2,0,12,10
2020-11-06,US,Texas,DeWitt,1110,44,0,29.08101855,-97.35681170000001,48123.0,5505.952380952382,3.963963963963964,1066,1111,44,0,1067,1103,20187,-1,0,0,-1,8
2020-11-06,US,Texas,Deaf Smith,1104,29,0,34.96522957,-102.6054267,48117.0,5952.766095114847,2.6268115942028984,1075,1104,28,0,1076,1096,18760,0,1,0,-1,8
2020-11-06,US,Texas,Delta,40,0,0,33.38570922,-95.66921122,48119.0,750.3282686175203,0.0,40,40,0,0,40,40,5349,0,0,0,0,0
2020-11-06,US,Texas,Denton,15566,181,0,33.20521901,-97.11691153,48121.0,1754.4947233283774,1.162790697674419,15385,15415,179,0,15236,15272,859064,151,2,0,149,143
2020-11-06,US,Texas,Dickens,58,2,0,33.61616822,-100.7788855,48125.0,2623.2473993668023,3.4482758620689653,56,58,2,0,56,58,2249,0,0,0,0,0
2020-11-06,US,Texas,Dimmit,301,8,0,28.42270064,-99.75645095,48127.0,2973.133148952983,2.6578073089701,293,297,8,0,289,297,10308,4,0,0,4,0
2020-11-06,US,Texas,Donley,92,1,0,34.96517499,-100.8140093,48129.0,2806.589383770592,1.0869565217391304,91,92,1,0,91,90,3319,0,0,0,0,2
2020-11-06,US,Texas,Duval,520,21,0,27.68184592,-98.50864568,48131.0,4660.751097965403,4.038461538461538,499,511,21,0,490,502,11212,9,0,0,9,9
2020-11-06,US,Texas,Eastland,285,8,0,32.32743996,-98.83243566,48133.0,1552.2875816993467,2.8070175438596485,277,279,8,0,271,273,18322,6,0,0,6,6
2020-11-06,US,Texas,Ector,7379,123,0,31.86898877,-102.54294279999999,48135.0,4439.2171961762215,1.6668925328635316,7256,7261,121,0,7140,7074,162124,118,2,0,116,187
2020-11-06,US,Texas,Edwards,72,2,0,29.98202582,-100.304252,48137.0,3726.7080745341614,2.7777777777777777,70,72,2,0,70,72,1928,0,0,0,0,0
2020-11-06,US,Texas,El Paso,59852,683,0,31.76980765,-106.23632749999999,48141.0,7131.707572822013,1.141148165474838,59169,58429,676,0,57753,56355,840758,1423,7,0,1416,2074
2020-11-06,US,Texas,Ellis,5229,87,0,32.34894117,-96.79371841,48139.0,2829.1474143248242,1.663798049340218,5142,5190,85,0,5105,5146,179436,39,2,0,37,44
2020-11-06,US,Texas,Erath,1124,18,0,32.23602653,-98.21773417,48143.0,2632.441800552719,1.6014234875444842,1106,1115,18,0,1097,1094,42446,9,0,0,9,21
2020-11-06,US,Texas,Falls,709,6,0,31.25350609,-96.93630086,48145.0,4098.976701162052,0.8462623413258108,703,708,6,0,702,706,17335,1,0,0,1,2
2020-11-06,US,Texas,Fannin,839,20,0,33.59564294,-96.10751083,48147.0,2362.448611815059,2.3837902264600714,819,834,20,0,814,825,35286,5,0,0,5,9
2020-11-06,US,Texas,Fayette,730,23,0,29.87788372,-96.92076062,48149.0,2880.138877929456,3.150684931506849,707,724,23,0,701,711,25349,6,0,0,6,13
2020-11-06,US,Texas,Fisher,128,4,0,32.74281316,-100.40193020000001,48151.0,3342.036553524805,3.125,124,125,4,0,121,124,3839,3,0,0,3,1
2020-11-06,US,Texas,Floyd,140,9,0,34.07227468,-101.3031546,48153.0,2450.980392156863,6.428571428571429,131,140,9,0,131,137,5837,0,0,0,0,3
2020-11-06,US,Texas,Foard,22,1,0,33.97308618,-99.7767797,48155.0,1904.7619047619046,4.545454545454546,21,22,1,0,21,22,1200,0,0,0,0,0
2020-11-06,US,Texas,Fort Bend,18090,316,0,29.52704478,-95.77219463,48157.0,2228.6888558165206,1.7468214483139857,17774,18025,313,0,17712,17862,787858,65,3,0,62,163
2020-11-06,US,Texas,Franklin,230,8,0,33.17653242,-95.21917243,48159.0,2144.5221445221446,3.4782608695652173,222,229,8,0,221,228,10766,1,0,0,1,1
2020-11-06,US,Texas,Freestone,470,5,0,31.70422788,-96.15072516,48161.0,2383.729776335142,1.0638297872340423,465,471,5,0,466,469,19808,-1,0,0,-1,2
2020-11-06,US,Texas,Frio,1027,9,0,28.86751206,-99.10804207,48163.0,5057.618437900128,0.8763388510223953,1018,1026,9,0,1017,1024,19816,1,0,0,1,2
2020-11-06,US,Texas,Gaines,642,12,0,32.74055318,-102.6353295,48165.0,2987.158012283641,1.8691588785046729,630,620,12,0,608,613,20901,22,0,0,22,7
2020-11-06,US,Texas,Galveston,12979,170,0,29.40167322,-94.90469073,48167.0,3793.487442238389,1.3098081516295554,12809,12910,169,0,12741,12857,337890,69,1,0,68,53
2020-11-06,US,Texas,Garza,139,10,0,33.17969345,-101.2984114,48169.0,2231.4978327179324,7.1942446043165456,129,139,10,0,129,136,6578,0,0,0,0,3
2020-11-06,US,Texas,Gillespie,369,10,0,30.31824095,-98.94676915,48171.0,1367.274344152957,2.710027100271003,359,369,10,0,359,368,26804,0,0,0,0,1
2020-11-06,US,Texas,Glasscock,14,0,0,31.86942909,-101.5207776,48173.0,993.61249112846,0.0,14,14,0,0,14,14,1388,0,0,0,0,0
2020-11-06,US,Texas,Goliad,168,6,0,28.65696592,-97.42760647,48175.0,2193.784277879342,3.571428571428572,162,165,6,0,159,165,7584,3,0,0,3,0
2020-11-06,US,Texas,Gonzales,1146,20,0,29.45634206,-97.49424032,48177.0,5499.8320295627955,1.7452006980802792,1126,1144,20,0,1124,1136,20826,2,0,0,2,8
2020-11-06,US,Texas,Gray,560,10,0,35.40081878,-100.8129222,48179.0,2558.713332724116,1.7857142857142858,550,560,10,0,550,542,21895,0,0,0,0,18
2020-11-06,US,Texas,Grayson,2948,79,0,33.62744998,-96.67753461,48181.0,2164.2733386192112,2.679782903663501,2869,2919,78,0,2841,2862,133991,29,1,0,28,57
2020-11-06,US,Texas,Gregg,2671,90,0,32.47940482,-94.81591935,48183.0,2154.988099560289,3.3695245226506927,2581,2656,88,0,2568,2616,123707,15,2,0,13,40
2020-11-06,US,Texas,Grimes,1229,36,0,30.54579585,-95.98902499,48185.0,4255.540166204986,2.9292107404393817,1193,1230,36,0,1194,1216,28360,-1,0,0,-1,14
2020-11-06,US,Texas,Guadalupe,3919,83,0,29.58165339,-97.94786822,48187.0,2348.85853506506,2.1178872161265634,3836,3917,83,0,3834,3914,163694,2,0,0,2,3
2020-11-06,US,Texas,Hale,2967,68,0,34.07044901,-101.82681140000001,48189.0,8881.63802909657,2.291877317155376,2899,2907,65,0,2842,2826,33830,60,3,0,57,81
2020-11-06,US,Texas,Hall,47,1,0,34.5307555,-100.68138520000001,48191.0,1585.6950067476382,2.127659574468085,46,47,1,0,46,47,3028,0,0,0,0,0
2020-11-06,US,Texas,Hamilton,221,7,0,31.70470573,-98.11083887,48193.0,2611.984399007209,3.1674208144796383,214,215,7,0,208,211,8484,6,0,0,6,4
2020-11-06,US,Texas,Hansford,207,8,0,36.27743284,-101.3545796,48195.0,3834.043341359511,3.864734299516908,199,207,8,0,199,207,5463,0,0,0,0,0
2020-11-06,US,Texas,Hardeman,67,3,0,34.28944521,-99.74632408,48197.0,1703.534197813374,4.477611940298506,64,65,3,0,62,65,3922,2,0,0,2,0
2020-11-06,US,Texas,Hardin,1486,36,0,30.33364686,-94.38931817,48199.0,2579.7715357105662,2.4226110363391657,1450,1476,35,0,1441,1477,57207,10,1,0,9,-1
2020-11-06,US,Texas,Harris,165967,2854,0,29.85864939,-95.39339521,48201.0,3521.2297051444566,1.7196189603957412,163113,165252,2851,0,162401,164445,4698619,715,3,0,712,807
2020-11-06,US,Texas,Harrison,1144,39,0,32.54935988,-94.36934071,48203.0,1718.9307769747422,3.4090909090909087,1105,1128,39,0,1089,1127,66726,16,0,0,16,1
2020-11-06,US,Texas,Hartley,191,0,0,35.84008013,-102.6029022,48205.0,3425.3945480631282,0.0,191,191,0,0,191,189,5619,0,0,0,0,2
2020-11-06,US,Texas,Haskell,90,3,0,33.17823584,-99.73037358,48207.0,1590.6680805938495,3.333333333333333,87,90,3,0,87,89,5813,0,0,0,0,1
2020-11-06,US,Texas,Hays,6331,91,0,30.05669873,-98.02944344,48209.0,2750.3247303326366,1.4373716632443532,6240,6313,91,0,6222,6265,222631,18,0,0,18,48
2020-11-06,US,Texas,Hemphill,187,1,0,35.83764858,-100.2703577,48211.0,4896.569782665621,0.5347593582887701,186,187,1,0,186,181,3825,0,0,0,0,6
2020-11-06,US,Texas,Henderson,1396,40,0,32.21128872,-95.85846587,48213.0,1687.2741337007626,2.8653295128939833,1356,1393,38,0,1355,1358,82299,3,2,0,1,35
2020-11-06,US,Texas,Hidalgo,36686,1978,0,26.39418217,-98.18299696,48215.0,4223.057947040832,5.391702556833669,34708,36493,1969,0,34524,36277,865939,193,9,0,184,216
2020-11-06,US,Texas,Hill,924,16,0,31.99045053,-97.13423143,48217.0,2521.214767115065,1.7316017316017316,908,907,16,0,891,901,36354,17,0,0,17,6
2020-11-06,US,Texas,Hockley,924,26,0,33.60771256,-102.3431676,48219.0,4013.7265974544985,2.813852813852814,898,924,23,0,901,861,22980,0,3,0,-3,63
2020-11-06,US,Texas,Hood,1273,42,0,32.42990927,-97.83242024,48221.0,2065.116882695521,3.2992930086410057,1231,1269,42,0,1227,1260,60537,4,0,0,4,9
2020-11-06,US,Texas,Hopkins,722,43,0,33.14875072,-95.56351139,48223.0,1946.9312911228562,5.955678670360111,679,718,42,0,676,703,36810,4,1,0,3,15
2020-11-06,US,Texas,Houston,435,14,0,31.31925973,-95.42226208,48225.0,1893.939393939394,3.218390804597701,421,435,14,0,421,433,23169,0,0,0,0,2
2020-11-06,US,Texas,Howard,1248,22,0,32.30621324,-101.4356444,48227.0,3403.88391883046,1.7628205128205128,1226,1245,22,0,1223,1231,36459,3,0,0,3,14
2020-11-06,US,Texas,Hudspeth,120,3,0,31.45628381,-105.388178,48229.0,2455.9967253376994,2.5,117,119,3,0,116,119,4795,1,0,0,1,0
2020-11-06,US,Texas,Hunt,2187,48,0,33.12351514,-96.08551032,48231.0,2218.1877193338337,2.194787379972565,2139,2155,48,0,2107,2125,96493,32,0,0,32,30
2020-11-06,US,Texas,Hutchinson,406,10,0,35.84006574,-101.3546643,48233.0,1939.0581717451525,2.4630541871921183,396,406,9,0,397,399,21198,0,1,0,-1,7
2020-11-06,US,Texas,Irion,14,0,0,31.30375559,-100.982439,48235.0,911.4583333333336,0.0,14,14,0,0,14,14,1522,0,0,0,0,0
2020-11-06,US,Texas,Jack,162,3,0,33.23377248,-98.17283469,48237.0,1813.094571908226,1.851851851851852,159,159,3,0,156,158,8843,3,0,0,3,1
2020-11-06,US,Texas,Jackson,676,16,0,28.95472367,-96.57749563,48239.0,4579.945799457993,2.366863905325444,660,670,16,0,654,669,14874,6,0,0,6,1
2020-11-06,US,Texas,Jasper,524,34,0,30.74685667,-94.02667579,48241.0,1474.8515297362715,6.4885496183206115,490,524,34,0,490,523,35872,0,0,0,0,1
2020-11-06,US,Texas,Jeff Davis,24,0,0,30.71490589,-104.1399973,48243.0,1055.4089709762534,0.0,24,23,0,0,23,23,2252,1,0,0,1,0
2020-11-06,US,Texas,Jefferson,8718,159,0,29.8832777,-94.16434171,48245.0,3465.5059328602947,1.8238128011011698,8559,8659,158,0,8501,8548,255001,59,1,0,58,111
2020-11-06,US,Texas,Jim Hogg,186,7,0,27.04453923,-98.69681870000001,48247.0,3576.9230769230767,3.7634408602150535,179,185,7,0,178,184,5248,1,0,0,1,1
2020-11-06,US,Texas,Jim Wells,1782,53,0,27.73103938,-98.0904705,48249.0,4401.956425077812,2.974186307519641,1729,1777,52,0,1725,1757,40822,5,1,0,4,20
2020-11-06,US,Texas,Johnson,4006,71,0,32.37877812,-97.36615819,48251.0,2278.505491505372,1.7723414877683474,3935,3972,69,0,3903,3926,171361,34,2,0,32,46
2020-11-06,US,Texas,Jones,613,3,0,32.73997145,-99.87861576,48253.0,3052.332818801972,0.4893964110929853,610,612,3,0,609,616,19817,1,0,0,1,-4
2020-11-06,US,Texas,Karnes,965,18,0,28.90705334,-97.85960149,48255.0,6185.500929427602,1.865284974093264,947,965,18,0,947,962,15650,0,0,0,0,3
2020-11-06,US,Texas,Kaufman,3760,64,0,32.599141700000004,-96.28734728,48257.0,2761.5788004759315,1.702127659574468,3696,3726,62,0,3664,3699,128622,34,2,0,32,27
2020-11-06,US,Texas,Kendall,396,11,0,29.94414155,-98.7113588,48259.0,834.8970082857202,2.7777777777777777,385,395,11,0,384,392,45641,1,0,0,1,3
2020-11-06,US,Texas,Kenedy,11,2,0,26.92601662,-97.66413984,48261.0,2722.772277227723,18.181818181818183,9,11,2,0,9,11,442,0,0,0,0,0
2020-11-06,US,Texas,Kent,12,0,0,33.18104136,-100.7780939,48263.0,1574.803149606299,0.0,12,12,0,0,12,12,726,0,0,0,0,0
2020-11-06,US,Texas,Kerr,735,15,0,30.06040006,-99.34930144,48265.0,1397.3384030418256,2.0408163265306123,720,736,15,0,721,728,52405,-1,0,0,-1,8
2020-11-06,US,Texas,Kimble,34,2,0,30.48678918,-99.74856473,48267.0,783.9520405810467,5.882352941176472,32,34,2,0,32,34,4362,0,0,0,0,0
2020-11-06,US,Texas,King,1,0,0,33.61643847,-100.2558057,48269.0,367.6470588235293,0.0,1,1,0,0,1,1,277,0,0,0,0,0
2020-11-06,US,Texas,Kinney,79,1,0,29.34967888,-100.41866379999999,48271.0,2154.3496045814013,1.2658227848101269,78,79,1,0,78,79,3767,0,0,0,0,0
2020-11-06,US,Texas,Kleberg,1047,54,0,27.42435506,-97.69894948,48273.0,3412.64667535854,5.1575931232091685,993,1045,54,0,991,1042,31129,2,0,0,2,3
2020-11-06,US,Texas,Knox,114,9,0,33.60519951,-99.74229059999999,48275.0,3111.353711790393,7.894736842105262,105,114,9,0,105,114,3653,0,0,0,0,0
2020-11-06,US,Texas,La Salle,382,14,0,28.34453111,-99.09908775,48283.0,5079.787234042553,3.6649214659685865,368,383,14,0,369,382,7531,-1,0,0,-1,1
2020-11-06,US,Texas,Lamar,2049,51,0,33.66981763,-95.57404777,48277.0,4109.58904109589,2.489019033674964,1998,2017,50,0,1967,1990,49728,32,1,0,31,27
2020-11-06,US,Texas,Lamb,675,26,0,34.06859623,-102.35162890000001,48279.0,5235.399053750097,3.851851851851852,649,675,26,0,649,628,13158,0,0,0,0,47
2020-11-06,US,Texas,Lampasas,331,9,0,31.19531316,-98.24206613,48281.0,1544.707858876237,2.7190332326283992,322,329,9,0,320,325,21229,2,0,0,2,4
2020-11-06,US,Texas,Lavaca,1203,39,0,29.38508402,-96.93186692,48285.0,5969.03840428699,3.2418952618453867,1164,1194,39,0,1155,1190,20110,9,0,0,9,4
2020-11-06,US,Texas,Lee,250,15,0,30.31120597,-96.97045773,48287.0,1450.2001276176113,6.0,235,249,15,0,234,249,17144,1,0,0,1,0
2020-11-06,US,Texas,Leon,396,12,0,31.29872538,-95.9936328,48289.0,2275.339002528155,3.0303030303030303,384,394,12,0,382,388,17270,2,0,0,2,6
2020-11-06,US,Texas,Liberty,2321,59,0,30.15152688,-94.81205615,48291.0,2630.952515897936,2.542007755277897,2262,2320,59,0,2261,2323,86323,1,0,0,1,-3
2020-11-06,US,Texas,Limestone,695,16,0,31.5454767,-96.58095444,48293.0,2965.3965951273626,2.302158273381295,679,695,16,0,679,692,23519,0,0,0,0,3
2020-11-06,US,Texas,Lipscomb,76,1,0,36.27783108,-100.27331509999999,48295.0,2350.757810083514,1.3157894736842106,75,76,1,0,75,75,3355,0,0,0,0,1
2020-11-06,US,Texas,Live Oak,394,10,0,28.35101362,-98.1246786,48297.0,3227.656262800033,2.538071065989848,384,394,10,0,384,393,12166,0,0,0,0,1
2020-11-06,US,Texas,Llano,219,3,0,30.70645047,-98.68475262,48299.0,1004.81761871989,1.3698630136986298,216,212,3,0,209,204,21646,7,0,0,7,8
2020-11-06,US,Texas,Lubbock,21746,225,0,33.61008596,-101.82047890000001,48303.0,7001.986676068764,1.0346730433183111,21521,21319,209,0,21110,20788,307412,427,16,0,411,531
2020-11-06,US,Texas,Lynn,232,6,0,33.17657705,-101.8162849,48305.0,3898.5044530331043,2.586206896551724,226,229,6,0,223,213,5877,3,0,0,3,16
2020-11-06,US,Texas,Madison,790,8,0,30.96694679,-95.93003775,48313.0,5530.663679641556,1.0126582278481011,782,784,8,0,776,779,14422,6,0,0,6,5
2020-11-06,US,Texas,Marion,175,14,0,32.79868409,-94.35661230000001,48315.0,1775.9285569311953,8.0,161,174,14,0,160,174,9928,1,0,0,1,0
2020-11-06,US,Texas,Martin,104,7,0,32.30600051,-101.9513518,48317.0,1802.1140183677005,6.730769230769232,97,101,7,0,94,100,5753,3,0,0,3,1
2020-11-06,US,Texas,Mason,87,2,0,30.71780434,-99.22629416,48319.0,2035.563874590548,2.2988505747126435,85,85,2,0,83,84,4280,2,0,0,2,1
2020-11-06,US,Texas,Matagorda,1131,55,0,28.81955746,-96.01230294,48321.0,3086.5376743170586,4.8629531388152065,1076,1130,55,0,1075,1130,36552,1,0,0,1,0
2020-11-06,US,Texas,Maverick,4418,159,0,28.7429195,-100.3157686,48323.0,7523.58570893362,3.598913535536442,4259,4401,158,0,4243,4365,58485,17,1,0,16,36
2020-11-06,US,Texas,McCulloch,227,5,0,31.1925468,-99.34682807,48307.0,2843.1863727454906,2.202643171806167,222,225,5,0,220,223,7987,2,0,0,2,2
2020-11-06,US,Texas,McLennan,10784,147,0,31.55255453,-97.20217694,48309.0,4202.273373781773,1.3631305637982196,10637,10674,147,0,10527,10528,254607,110,0,0,110,146
2020-11-06,US,Texas,McMullen,25,1,0,28.35251708,-98.56769164,48311.0,3364.737550471063,4.0,24,25,1,0,24,25,749,0,0,0,0,0
2020-11-06,US,Texas,Medina,1304,49,0,29.355730100000002,-99.11030298,48325.0,2527.915632754343,3.7576687116564416,1255,1296,49,0,1247,1293,50921,8,0,0,8,3
2020-11-06,US,Texas,Menard,84,0,0,30.88990665,-99.82047940000001,48327.0,3928.905519176801,0.0,84,80,0,0,80,78,2139,4,0,0,4,2
2020-11-06,US,Texas,Midland,5843,98,0,31.86904128,-102.03156820000001,48329.0,3304.266196163591,1.6772206058531576,5745,5843,98,0,5745,5843,172578,0,0,0,0,0
2020-11-06,US,Texas,Milam,569,9,0,30.78581830000001,-96.97718698,48331.0,2292.228981186803,1.5817223198594024,560,556,8,0,548,552,25131,13,1,0,12,4
2020-11-06,US,Texas,Mills,94,2,0,31.49557106,-98.59272068,48333.0,1928.9965113892881,2.127659574468085,92,87,2,0,85,84,4921,7,0,0,7,3
2020-11-06,US,Texas,Mitchell,229,3,0,32.30623474,-100.9212058,48335.0,2679.929783499122,1.310043668122271,226,223,3,0,220,220,8145,6,0,0,6,3
2020-11-06,US,Texas,Montague,336,13,0,33.67521893,-97.72500958,48337.0,1695.4283984256735,3.8690476190476186,323,323,9,0,314,314,19596,13,4,0,9,9
2020-11-06,US,Texas,Montgomery,14280,185,0,30.30079133,-95.50572772,48339.0,2351.0391164834514,1.2955182072829132,14095,14280,184,0,14096,14224,590925,0,1,0,-1,56
2020-11-06,US,Texas,Moore,1406,23,0,35.83769242,-101.8930281,48341.0,6714.422158548233,1.635846372688478,1383,1406,23,0,1383,1380,21485,0,0,0,0,26
2020-11-06,US,Texas,Morris,244,5,0,33.11304005,-94.73255695,48343.0,1969.6480464966096,2.0491803278688523,239,240,5,0,235,240,12339,4,0,0,4,0
2020-11-06,US,Texas,Motley,18,0,0,34.07408766,-100.77972199999999,48345.0,1500.0,0.0,18,18,0,0,18,17,1234,0,0,0,0,1
2020-11-06,US,Texas,Nacogdoches,1849,74,0,31.62017125,-94.61803994,48347.0,2835.715600269921,4.002163331530556,1775,1843,73,0,1770,1837,65711,6,1,0,5,6
2020-11-06,US,Texas,Navarro,1499,34,0,32.04620681,-96.47428766,48349.0,2991.2397980563924,2.268178785857238,1465,1488,34,0,1454,1484,49565,11,0,0,11,4
2020-11-06,US,Texas,Newton,190,14,0,30.78548982,-93.74408813,48351.0,1397.5726369988965,7.36842105263158,176,190,14,0,176,190,13746,0,0,0,0,0
2020-11-06,US,Texas,Nolan,472,7,0,32.30365282,-100.4060208,48353.0,3207.8292782384124,1.4830508474576272,465,466,7,0,459,457,14751,6,0,0,6,9
2020-11-06,US,Texas,Nueces,21638,452,0,27.736286,-97.5433285,48355.0,5972.497474426847,2.0889176448840003,21186,21583,451,0,21132,21510,362265,55,1,0,54,73
2020-11-06,US,Texas,Ochiltree,341,5,0,36.27829105,-100.8158184,48357.0,3466.856445709638,1.4662756598240467,336,341,5,0,336,341,9947,0,0,0,0,0
2020-11-06,US,Texas,Oldham,28,2,0,35.40425596,-102.6027606,48359.0,1325.7575757575758,7.142857142857142,26,28,2,0,26,28,2131,0,0,0,0,0
2020-11-06,US,Texas,Orange,2328,47,0,30.11879481,-93.89412775,48361.0,2791.5007914048633,2.018900343642612,2281,2296,47,0,2249,2267,83572,32,0,0,32,29
2020-11-06,US,Texas,Palo Pinto,770,23,0,32.75310985,-98.31319001,48363.0,2637.980060981877,2.9870129870129865,747,768,23,0,745,765,28875,2,0,0,2,3
2020-11-06,US,Texas,Panola,497,32,0,32.163959600000005,-94.30552481,48365.0,2142.795550573424,6.438631790744468,465,494,31,0,463,493,23148,3,1,0,2,1
2020-11-06,US,Texas,Parker,2658,55,0,32.77757172,-97.80500621,48367.0,1860.3283920547601,2.069224981188864,2603,2631,55,0,2576,2598,138371,27,0,0,27,33
2020-11-06,US,Texas,Parmer,612,20,0,34.52993409,-102.78446679999999,48369.0,6371.681415929204,3.2679738562091503,592,612,20,0,592,609,9864,0,0,0,0,3
2020-11-06,US,Texas,Pecos,549,10,0,30.78097267,-102.72412609999999,48371.0,3469.6328129937433,1.8214936247723128,539,549,10,0,539,533,15673,0,0,0,0,16
2020-11-06,US,Texas,Polk,931,40,0,30.79472531,-94.82766240000001,48373.0,1812.9417950265808,4.296455424274973,891,931,39,0,892,926,50031,0,1,0,-1,5
2020-11-06,US,Texas,Potter,9445,121,0,35.40133773,-101.893964,48375.0,8044.117020823574,1.2811011116993118,9324,9226,117,0,9109,9019,119648,219,4,0,215,207
2020-11-06,US,Texas,Presidio,190,7,0,29.99954402,-104.24080790000001,48377.0,2834.1288782816227,3.684210526315789,183,188,7,0,181,183,6948,2,0,0,2,5
2020-11-06,US,Texas,Rains,103,5,0,32.87109387,-95.79232691,48379.0,823.0781524692345,4.854368932038835,98,103,5,0,98,97,12159,0,0,0,0,6
2020-11-06,US,Texas,Randall,6715,63,0,34.96585996,-101.8971322,48381.0,4876.082867993581,0.9381980640357408,6652,6508,62,0,6446,6212,136271,207,1,0,206,296
2020-11-06,US,Texas,Reagan,101,6,0,31.36607041,-101.52326590000001,48383.0,2624.0581969342693,5.9405940594059405,95,98,6,0,92,98,3741,3,0,0,3,0
2020-11-06,US,Texas,Real,126,8,0,29.83321503,-99.82018052,48385.0,3650.057937427578,6.349206349206349,118,126,8,0,118,126,3478,0,0,0,0,0
2020-11-06,US,Texas,Red River,209,18,0,33.61886692,-95.04841765,48387.0,1738.334858188472,8.61244019138756,191,208,17,0,191,204,12175,1,1,0,0,4
2020-11-06,US,Texas,Reeves,298,7,0,31.32323325,-103.69038959999999,48389.0,1865.2979469203808,2.348993288590604,291,295,7,0,288,292,15695,3,0,0,3,3
2020-11-06,US,Texas,Refugio,321,16,0,28.323897600000002,-97.15766311,48391.0,4620.034542314334,4.984423676012462,305,321,16,0,305,321,7032,0,0,0,0,0
2020-11-06,US,Texas,Roberts,15,0,0,35.83809685,-100.813175,48393.0,1756.440281030445,0.0,15,15,0,0,15,15,903,0,0,0,0,0
2020-11-06,US,Texas,Robertson,446,4,0,31.02539637,-96.51272246,48395.0,2612.158837999297,0.8968609865470852,442,442,4,0,438,441,17284,4,0,0,4,1
2020-11-06,US,Texas,Rockwall,2106,34,0,32.89779518,-96.40771592,48397.0,2007.339274650908,1.6144349477682811,2072,2098,34,0,2064,2059,100657,8,0,0,8,39
2020-11-06,US,Texas,Runnels,313,9,0,31.8314342,-99.97616148,48399.0,3049.493374902572,2.8753993610223643,304,309,9,0,300,308,10234,4,0,0,4,1
2020-11-06,US,Texas,Rusk,1061,28,0,32.10773545,-94.76176432,48401.0,1950.1525567033048,2.639019792648445,1033,1060,28,0,1032,1057,54450,1,0,0,1,3
2020-11-06,US,Texas,Sabine,109,9,0,31.34318809,-93.85440451,48403.0,1033.959400493265,8.256880733944952,100,109,9,0,100,106,10589,0,0,0,0,3
2020-11-06,US,Texas,San Augustine,222,15,0,31.39457611,-94.17000399,48405.0,2695.156003399296,6.756756756756758,207,222,15,0,207,222,8232,0,0,0,0,0
2020-11-06,US,Texas,San Jacinto,245,14,0,30.57933681,-95.16260304,48407.0,848.9552652552063,5.7142857142857135,231,244,14,0,230,242,28719,1,0,0,1,2
2020-11-06,US,Texas,San Patricio,1592,82,0,28.00880118,-97.51763891,48409.0,2385.7335531245317,5.150753768844222,1510,1592,82,0,1510,1592,66893,0,0,0,0,0
2020-11-06,US,Texas,San Saba,252,4,0,31.1577796,-98.81758731,48411.0,4161.8497109826585,1.5873015873015872,248,247,4,0,243,246,6054,5,0,0,5,1
2020-11-06,US,Texas,Schleicher,56,2,0,30.89740592,-100.5384842,48413.0,2005.0125313283206,3.571428571428572,54,56,2,0,54,55,2895,0,0,0,0,1
2020-11-06,US,Texas,Scurry,1227,16,0,32.74613808,-100.91626640000001,48415.0,7345.985751062683,1.3039934800325998,1211,1208,16,0,1192,1194,16866,19,0,0,19,14
2020-11-06,US,Texas,Shackelford,42,0,0,32.73587756,-99.35401337,48417.0,1286.3705972434916,0.0,42,42,0,0,42,40,3253,0,0,0,0,2
2020-11-06,US,Texas,Shelby,563,32,0,31.79211404,-94.14550696,48419.0,2227.5856611537547,5.683836589698046,531,563,32,0,531,563,25418,0,0,0,0,0
2020-11-06,US,Texas,Sherman,80,1,0,36.27751473,-101.8933156,48421.0,2647.253474520185,1.25,79,80,1,0,79,79,3079,0,0,0,0,1
2020-11-06,US,Texas,Smith,4788,150,0,32.37474036,-95.27175679999999,48423.0,2057.134018758244,3.1328320802005014,4638,4773,147,0,4626,4682,230221,15,3,0,12,91
2020-11-06,US,Texas,Somervell,176,5,0,32.22236802,-97.77403489,48425.0,1928.1332164767748,2.8409090909090913,171,174,5,0,169,165,9016,2,0,0,2,9
2020-11-06,US,Texas,Starr,3610,186,0,26.56150059,-98.73892358,48427.0,5585.382080361424,5.15235457063712,3424,3604,186,0,3418,3603,64525,6,0,0,6,1
2020-11-06,US,Texas,Stephens,173,5,0,32.73553157,-98.83631615,48429.0,1847.106555626735,2.8901734104046244,168,172,5,0,167,171,9433,1,0,0,1,1
2020-11-06,US,Texas,Sterling,23,0,0,31.82781912,-101.05007459999999,48431.0,1781.5646785437646,0.0,23,23,0,0,23,23,1311,0,0,0,0,0
2020-11-06,US,Texas,Stonewall,21,1,0,33.17906744,-100.25384009999999,48433.0,1555.5555555555554,4.761904761904762,20,21,1,0,20,21,1362,0,0,0,0,0
2020-11-06,US,Texas,Sutton,121,3,0,30.49856623,-100.5382014,48435.0,3204.449152542373,2.479338842975207,118,120,3,0,117,116,3758,1,0,0,1,4
2020-11-06,US,Texas,Swisher,167,5,0,34.53028891,-101.73491740000001,48437.0,2257.672029201028,2.9940119760479043,162,167,5,0,162,164,7462,0,0,0,0,3
2020-11-06,US,Texas,Tarrant,72118,871,0,32.77143818,-97.29101614,48439.0,3430.0825440008753,1.2077428658587317,71247,71166,861,0,70305,70228,2084931,952,10,0,942,938
2020-11-06,US,Texas,Taylor,2476,79,0,32.30163422,-99.89007449,48441.0,1793.7609574452676,3.1906300484652665,2397,2424,76,0,2348,2392,137640,52,3,0,49,32
2020-11-06,US,Texas,Terrell,8,0,0,30.22429013,-102.0766732,48443.0,1030.9278350515463,0.0,8,7,0,0,7,4,823,1,0,0,1,3
2020-11-06,US,Texas,Terry,693,11,0,33.17402785,-102.3354521,48445.0,5617.248925994974,1.5873015873015872,682,674,10,0,664,652,12287,19,1,0,18,22
2020-11-06,US,Texas,Throckmorton,20,2,0,33.17751417,-99.21226795,48447.0,1332.4450366422384,10.0,18,20,2,0,18,19,1515,0,0,0,0,1
2020-11-06,US,Texas,Titus,1772,37,0,33.21339719,-94.96797273,48449.0,5410.6870229007645,2.0880361173814896,1735,1757,37,0,1720,1757,33033,15,0,0,15,0
2020-11-06,US,Texas,Tom Green,5600,86,0,31.40464436,-100.46244300000001,48451.0,4697.986577181208,1.5357142857142858,5514,5386,84,0,5302,5278,118189,214,2,0,212,108
2020-11-06,US,Texas,Travis,32928,457,0,30.33432034,-97.78535620000001,48453.0,2584.708710047616,1.3878765792031098,32471,32748,456,0,32292,32605,1248743,180,1,0,179,143
2020-11-06,US,Texas,Trinity,211,8,0,31.0879489,-95.1367187,48455.0,1440.1747321001978,3.791469194312796,203,210,8,0,202,210,14740,1,0,0,1,0
2020-11-06,US,Texas,Tyler,278,4,0,30.77031716,-94.37690895,48457.0,1282.7611664820968,1.4388489208633093,274,276,4,0,272,276,21696,2,0,0,2,0
2020-11-06,US,Texas,Upshur,533,15,0,32.73706798,-94.93999853,48459.0,1276.5549780854076,2.8142589118198877,518,530,15,0,515,521,41260,3,0,0,3,9
2020-11-06,US,Texas,Upton,29,4,0,31.36868194,-102.0423217,48461.0,792.9997265518184,13.79310344827586,25,29,4,0,25,28,3671,0,0,0,0,1
2020-11-06,US,Texas,Uvalde,866,37,0,29.35739637,-99.76229172,48463.0,3238.4727571893345,4.272517321016166,829,860,37,0,823,855,26846,6,0,0,6,5
2020-11-06,US,Texas,Val Verde,2741,129,0,29.89149232,-101.1525205,48465.0,5591.024987251402,4.706311565122218,2612,2720,129,0,2591,2701,49208,21,0,0,21,19
2020-11-06,US,Texas,Van Zandt,760,31,0,32.56483801,-95.83766469,48467.0,1342.993461742357,4.078947368421051,729,757,31,0,726,726,56019,3,0,0,3,31
2020-11-06,US,Texas,Victoria,4399,98,0,28.79780988,-96.96813006,48469.0,4777.159984362104,2.2277790406910656,4301,4375,98,0,4277,4340,92035,24,0,0,24,35
2020-11-06,US,Texas,Walker,3938,64,0,30.73872995,-95.57440968,48471.0,5396.664428334544,1.6251904520060945,3874,3939,64,0,3875,3953,72480,-1,0,0,-1,-14
2020-11-06,US,Texas,Waller,1022,17,0,30.01058447,-95.99011759,48473.0,1849.9076856242987,1.6634050880626223,1005,1019,17,0,1002,1019,53126,3,0,0,3,0
2020-11-06,US,Texas,Ward,179,2,0,31.50999644,-103.09279090000001,48475.0,1491.91531921987,1.11731843575419,177,179,2,0,177,176,11720,0,0,0,0,3
2020-11-06,US,Texas,Washington,750,50,0,30.21498498,-96.40946246,48477.0,2090.18449361797,6.666666666666668,700,744,50,0,694,725,35108,6,0,0,6,19
2020-11-06,US,Texas,Webb,15656,361,0,27.7610369,-99.33237355,48479.0,5659.095180949352,2.3058252427184467,15295,15656,361,0,15295,15539,275910,0,0,0,0,117
2020-11-06,US,Texas,Wharton,1463,60,0,29.27765923,-96.22319248,48481.0,3520.5505823467133,4.101161995898838,1403,1457,60,0,1397,1455,41619,6,0,0,6,2
2020-11-06,US,Texas,Wheeler,128,0,0,35.40114335,-100.26995140000001,48483.0,2531.645569620253,0.0,128,128,0,0,128,114,5191,0,0,0,0,14
2020-11-06,US,Texas,Wichita,4541,58,0,33.98842886,-98.70410340000001,48485.0,3434.1677380322167,1.277251706672539,4483,4431,58,0,4373,4292,132064,110,0,0,110,139
2020-11-06,US,Texas,Wilbarger,419,4,0,34.07945812,-99.24178437,48487.0,3281.3846033362047,0.9546539379474941,415,417,4,0,413,408,12820,2,0,0,2,9
2020-11-06,US,Texas,Willacy,1267,58,0,26.47411727,-97.61535848,48489.0,5932.203389830508,4.5777426992896615,1209,1265,57,0,1208,1265,21515,2,1,0,1,0
2020-11-06,US,Texas,Williamson,9848,159,0,30.64655664,-97.60048540000001,48491.0,1667.5951780625214,1.6145410235580828,9689,9815,159,0,9656,9755,566719,33,0,0,33,60
2020-11-06,US,Texas,Wilson,1008,28,0,29.1732598,-98.08693082,48493.0,1973.761503818289,2.7777777777777777,980,1007,28,0,979,1006,50224,1,0,0,1,1
2020-11-06,US,Texas,Winkler,161,5,0,31.85008651,-103.04851629999999,48495.0,2009.987515605493,3.1055900621118013,156,161,5,0,156,154,7720,0,0,0,0,7
2020-11-06,US,Texas,Wise,1033,16,0,33.21570665,-97.65460265,48497.0,1476.0516689529034,1.5488867376573088,1017,1022,16,0,1006,1004,68305,11,0,0,11,18
2020-11-06,US,Texas,Wood,697,42,0,32.78722382,-95.38236368,48499.0,1530.5562265311053,6.025824964131994,655,693,42,0,651,672,45129,4,0,0,4,21
2020-11-06,US,Texas,Yoakum,409,8,0,33.17320212,-102.82764329999999,48501.0,4694.13520027545,1.9559902200489,401,405,7,0,398,389,8591,4,1,0,3,16
2020-11-06,US,Texas,Young,673,13,0,33.17659707,-98.68790885,48503.0,3736.8128817323714,1.9316493313521543,660,658,11,0,647,643,18045,15,2,0,13,15
2020-11-06,US,Texas,Zapata,361,9,0,27.00156391,-99.16987152,48505.0,2546.018760138233,2.4930747922437675,352,361,9,0,352,361,14190,0,0,0,0,0
2020-11-06,US,Texas,Zavala,481,19,0,28.86617238,-99.76050829,48507.0,4062.5,3.95010395010395,462,478,19,0,459,476,11983,3,0,0,3,2
2020-11-06,US,Utah,Bear River,6096,20,0,41.52106798,-113.08328159999999,0.0,3263.068869166783,0.32808398950131235,6076,5960,20,0,5940,5855,,136,0,0,136,105
2020-11-06,US,Utah,Central Utah,1588,12,0,39.37231946,-111.5758676,0.0,1937.6723527832687,0.7556675062972292,1576,1524,11,0,1513,1500,,64,1,0,63,24
2020-11-06,US,Utah,Davis,10047,46,0,40.99001837,-112.1139997,49011.0,2826.3113921700456,0.4578481138648353,10001,9769,44,0,9725,9456,351713,278,2,0,276,313
2020-11-06,US,Utah,Salt Lake,54332,325,0,40.66616532,-111.92160109999999,49035.0,4682.029270007764,0.5981741883236399,54007,53149,320,0,52829,51985,1152633,1183,5,0,1178,1164
2020-11-06,US,Utah,San Juan,859,30,0,37.62762978,-109.80337140000002,49037.0,5611.4449960804795,3.4924330616996513,829,853,30,0,823,849,15449,6,0,0,6,4
2020-11-06,US,Utah,Southeast Utah,670,6,0,38.99617072,-110.70139579999999,0.0,1665.465211663228,0.8955223880597015,664,643,6,0,637,626,,27,0,0,27,17
2020-11-06,US,Utah,Southwest Utah,7219,60,0,37.85447192,-111.4418764,0.0,2864.2051721538483,0.831140047097936,7159,7019,58,0,6961,6880,,200,2,0,198,139
2020-11-06,US,Utah,Summit,1638,1,0,40.86688146,-110.9535882,49043.0,3886.582038201447,0.06105006105006105,1637,1592,1,0,1591,1574,41933,46,0,0,46,18
2020-11-06,US,Utah,Tooele,1753,7,0,40.44862644,-113.12957150000001,49045.0,2425.995377738413,0.3993154592127781,1746,1703,6,0,1697,1672,69907,50,1,0,49,31
2020-11-06,US,Utah,TriCounty,676,3,0,40.12491499,-109.5174415,0.0,1193.8822365864858,0.4437869822485207,673,645,3,0,642,627,,31,0,0,31,18
2020-11-06,US,Utah,Utah,32927,93,0,40.116672200000004,-111.66576620000001,49049.0,5175.289004848837,0.2824429799252893,32834,32248,88,0,32160,31502,622213,679,5,0,674,746
2020-11-06,US,Utah,Wasatch,1317,9,0,40.33110236,-111.1691419,49051.0,3863.189698160805,0.683371298405467,1308,1284,9,0,1275,1268,33240,33,0,0,33,16
2020-11-06,US,Utah,Weber-Morgan,8157,37,0,41.27116049,-111.9145117,0.0,2995.186111325307,0.4535981365698174,8120,7903,36,0,7867,7691,,254,1,0,253,212
2020-11-06,US,Vermont,Addison,129,2,0,44.03217337,-73.14130877,50001.0,350.76270495146423,1.5503875968992251,127,129,2,0,127,126,36973,0,0,0,0,3
2020-11-06,US,Vermont,Bennington,144,1,0,43.03519828,-73.09048868,50003.0,405.97688187200447,0.6944444444444444,143,144,1,0,143,144,35631,0,0,0,0,0
2020-11-06,US,Vermont,Caledonia,49,0,0,44.46548598,-72.10314651,50005.0,163.37145333911246,0.0,49,48,0,0,48,47,30302,1,0,0,1,1
2020-11-06,US,Vermont,Chittenden,1085,39,0,44.46322849,-73.08359212,50007.0,662.4983208567904,3.5944700460829493,1046,1076,39,0,1037,1057,164572,9,0,0,9,19
2020-11-06,US,Vermont,Essex,15,0,0,44.72736416,-71.73579864,50009.0,243.38796040889184,0.0,15,15,0,0,15,13,6250,0,0,0,0,2
2020-11-06,US,Vermont,Franklin,144,7,0,44.85627605,-72.91249563,50011.0,291.48617464879965,4.861111111111111,137,144,7,0,137,143,49421,0,0,0,0,1
2020-11-06,US,Vermont,Grand Isle,19,0,0,44.797582399999996,-73.29679772,50013.0,262.6123013130615,0.0,19,18,0,0,18,17,7090,1,0,0,1,1
2020-11-06,US,Vermont,Lamoille,63,1,0,44.60353043,-72.64356694,50015.0,248.403122782115,1.5873015873015872,62,63,1,0,62,63,25300,0,0,0,0,0
2020-11-06,US,Vermont,Orange,43,0,0,44.00470222,-72.37640104,50017.0,148.83012598643222,0.0,43,40,0,0,40,40,28999,3,0,0,3,0
2020-11-06,US,Vermont,Orleans,50,0,0,44.82964024,-72.24562697,50019.0,184.9317601804934,0.0,50,49,0,0,49,45,26907,1,0,0,1,4
2020-11-06,US,Vermont,Rutland,139,1,0,43.57723578,-73.03741676,50021.0,238.86855355639187,0.7194244604316546,138,139,1,0,138,138,58672,0,0,0,0,1
2020-11-06,US,Vermont,Unassigned,9,0,0,0.0,0.0,90050.0,0.0,0.0,9,9,0,0,9,9,,0,0,0,0,0
2020-11-06,US,Vermont,Washington,150,2,0,44.27343241,-72.61604978,50023.0,256.8097382252735,1.3333333333333333,148,145,2,0,143,141,58140,5,0,0,5,4
2020-11-06,US,Vermont,Windham,156,3,0,42.986982,-72.71268875,50025.0,369.47562881909903,1.9230769230769231,153,156,3,0,153,156,42756,0,0,0,0,0
2020-11-06,US,Vermont,Windsor,131,2,0,43.58010937,-72.58595157,50027.0,237.91362464131345,1.5267175572519085,129,128,2,0,126,128,55286,3,0,0,3,0
2020-11-06,US,Virginia,Accomack,1237,19,0,37.76707161,-75.63234615,51001.0,3827.825225894294,1.5359741309620047,1218,1236,19,0,1217,1232,32412,1,0,0,1,4
2020-11-06,US,Virginia,Albemarle,1645,24,0,38.02080697,-78.55481085,51003.0,1504.6190432635142,1.458966565349544,1621,1627,24,0,1603,1623,108718,18,0,0,18,4
2020-11-06,US,Virginia,Alexandria,4444,76,0,38.814003,-77.08183073,51510.0,2787.4651880472693,1.7101710171017102,4368,4413,76,0,4337,4391,160530,31,0,0,31,22
2020-11-06,US,Virginia,Alleghany,168,4,0,37.78636074,-80.00222498,51005.0,1130.5518169582772,2.380952380952381,164,161,4,0,157,161,14910,7,0,0,7,0
2020-11-06,US,Virginia,Amelia,151,6,0,37.34081025,-77.98584649,51007.0,1148.7257512362116,3.9735099337748334,145,151,6,0,145,151,13013,0,0,0,0,0
2020-11-06,US,Virginia,Amherst,642,6,0,37.60308293,-79.14548696,51009.0,2031.324157570005,0.9345794392523364,636,639,6,0,633,633,31666,3,0,0,3,6
2020-11-06,US,Virginia,Appomattox,327,6,0,37.37569884,-78.81340003,51011.0,2055.18194959462,1.834862385321101,321,324,6,0,318,321,15841,3,0,0,3,3
2020-11-06,US,Virginia,Arlington,4919,154,0,38.8767675,-77.10139853,51013.0,2076.9120341831267,3.130717625533645,4765,4872,154,0,4718,4854,237521,47,0,0,47,18
2020-11-06,US,Virginia,Augusta,750,9,0,38.16404586,-79.12461614,51015.0,992.614944810609,1.2,741,742,9,0,733,736,75457,8,0,0,8,6
2020-11-06,US,Virginia,Bath,31,0,0,38.05852573,-79.73912095,51017.0,747.5283337352303,0.0,31,28,0,0,28,28,4292,3,0,0,3,0
2020-11-06,US,Virginia,Bedford,1385,18,0,37.3080028,-79.5281964,51019.0,1753.2311353595705,1.2996389891696751,1367,1370,18,0,1352,1352,78747,15,0,0,15,18
2020-11-06,US,Virginia,Bland,90,5,0,37.13128068,-81.13599391,51021.0,1433.1210191082807,5.5555555555555545,85,89,5,0,84,84,6293,1,0,0,1,5
2020-11-06,US,Virginia,Botetourt,521,13,0,37.55531756,-79.80982182,51023.0,1558.9933869954218,2.4952015355086368,508,514,13,0,501,508,33277,7,0,0,7,6
2020-11-06,US,Virginia,Bristol,350,7,0,36.616302399999995,-82.16359122,51520.0,2088.0563178618304,2.0,343,343,7,0,336,326,16482,7,0,0,7,17
2020-11-06,US,Virginia,Brunswick,434,5,0,36.76366949,-77.8593436,51025.0,2673.895631815661,1.1520737327188941,429,434,5,0,429,432,16384,0,0,0,0,2
2020-11-06,US,Virginia,Buchanan,284,4,0,37.26818323,-82.03749726,51027.0,1352.1234050657015,1.4084507042253518,280,283,4,0,279,278,21221,1,0,0,1,5
2020-11-06,US,Virginia,Buckingham,806,9,0,37.57242268,-78.52518834,51029.0,4700.25658968976,1.1166253101736974,797,803,9,0,794,773,16999,3,0,0,3,30
2020-11-06,US,Virginia,Buena Vista,137,1,0,37.73484642,-79.35296097,51530.0,2114.8502624266753,0.7299270072992701,136,136,1,0,135,134,6237,1,0,0,1,2
2020-11-06,US,Virginia,Campbell,836,9,0,37.20553386,-79.09678609,51031.0,1523.184841031247,1.076555023923445,827,828,9,0,819,812,54973,8,0,0,8,16
2020-11-06,US,Virginia,Caroline,467,6,0,38.02679129,-77.34901405,51033.0,1519.9349064279902,1.284796573875803,461,461,6,0,455,458,30772,6,0,0,6,3
2020-11-06,US,Virginia,Carroll,670,29,0,36.73066666,-80.73455942,51035.0,2249.001376254573,4.328358208955224,641,665,29,0,636,656,29636,5,0,0,5,9
2020-11-06,US,Virginia,Charles City,107,5,0,37.35358063,-77.05634116,51036.0,1536.6939537555652,4.672897196261682,102,107,5,0,102,106,6941,0,0,0,0,1
2020-11-06,US,Virginia,Charlotte,230,1,0,37.01909701,-78.66314092,51037.0,1936.026936026936,0.43478260869565216,229,227,1,0,226,226,11938,3,0,0,3,1
2020-11-06,US,Virginia,Charlottesville,1662,31,0,38.03527919,-78.48569588,51540.0,3516.269622984809,1.865222623345367,1631,1640,31,0,1609,1633,48117,22,0,0,22,7
2020-11-06,US,Virginia,Chesapeake,5168,80,0,36.67670048,-76.30545744,51550.0,2110.809320562828,1.547987616099071,5088,5144,81,0,5063,5112,242634,24,-1,0,25,32
2020-11-06,US,Virginia,Chesterfield,7481,120,0,37.37373208,-77.58680140000001,51041.0,2120.452831900046,1.6040636278572384,7361,7445,120,0,7325,7407,348556,36,0,0,36,38
2020-11-06,US,Virginia,Clarke,132,1,0,39.11271747,-77.99199425,51043.0,902.9345372460497,0.7575757575757576,131,130,1,0,129,129,14523,2,0,0,2,1
2020-11-06,US,Virginia,Colonial Heights,329,26,0,37.26420587,-77.39609676,51570.0,1894.0702360391479,7.90273556231003,303,322,26,0,296,319,17833,7,0,0,7,3
2020-11-06,US,Virginia,Covington,62,0,0,37.7824656,-79.98631446,51580.0,1119.537739256049,0.0,62,62,0,0,62,61,5460,0,0,0,0,1
2020-11-06,US,Virginia,Craig,65,0,0,37.48133648,-80.21072274,51045.0,1266.809588774118,0.0,65,64,0,0,64,64,5064,1,0,0,1,0
2020-11-06,US,Virginia,Culpeper,1479,18,0,38.48199985,-77.95630870000002,51047.0,2811.5198175078413,1.2170385395537526,1461,1466,18,0,1448,1423,51859,13,0,0,13,43
2020-11-06,US,Virginia,Cumberland,130,2,0,37.51328851,-78.24398086,51049.0,1308.9005235602094,1.5384615384615383,128,129,2,0,127,128,9809,1,0,0,1,1
2020-11-06,US,Virginia,Danville,1313,46,0,36.58022376,-79.40395668,51590.0,3278.893217460793,3.5034272658035035,1267,1299,46,0,1253,1290,40693,14,0,0,14,9
2020-11-06,US,Virginia,Dickenson,169,1,0,37.12560977,-82.35124171,51051.0,1180.3324486660154,0.591715976331361,168,165,1,0,164,162,14523,4,0,0,4,3
2020-11-06,US,Virginia,Dinwiddie,567,12,0,37.07544585,-77.63451754,51053.0,1986.4069506726453,2.1164021164021163,555,562,12,0,550,554,28529,5,0,0,5,8
2020-11-06,US,Virginia,Emporia,303,28,0,36.69455571,-77.53406129,51595.0,5667.789001122334,9.24092409240924,275,302,28,0,274,302,5121,1,0,0,1,0
2020-11-06,US,Virginia,Essex,203,2,0,37.93357639,-76.94230311,51057.0,1853.3735049758054,0.9852216748768472,201,203,2,0,201,202,10919,0,0,0,0,1
2020-11-06,US,Virginia,Fairfax,24909,595,0,38.83677558,-77.27565836,51059.0,2170.65842172593,2.3886948492512747,24314,24726,605,0,24121,24591,1150795,183,-10,0,193,135
2020-11-06,US,Virginia,Fairfax,24909,595,0,38.83677558,-77.27565836,51059.0,2170.65842172593,2.3886948492512747,24314,24726,605,0,24121,24591,24574,183,-10,0,193,135
2020-11-06,US,Virginia,Fairfax City,166,8,0,38.85157547,-77.29779640000002,51600.0,691.119530371789,4.819277108433735,158,165,8,0,157,165,24574,1,0,0,1,0
2020-11-06,US,Virginia,Falls Church,77,6,0,38.88485255,-77.17560759,51610.0,526.7838817814874,7.792207792207793,71,78,7,0,71,77,14772,-1,-1,0,0,1
2020-11-06,US,Virginia,Fauquier,1146,27,0,38.73564842,-77.80647472,51061.0,1609.0533823818482,2.356020942408377,1119,1140,27,0,1113,1132,70675,6,0,0,6,8
2020-11-06,US,Virginia,Floyd,267,15,0,36.9302126,-80.36738849,51063.0,1695.3457362372214,5.617977528089888,252,264,15,0,249,261,15795,3,0,0,3,3
2020-11-06,US,Virginia,Fluvanna,442,9,0,37.84157909,-78.27715475,51065.0,1620.8287495416214,2.0361990950226243,433,440,9,0,431,438,26783,2,0,0,2,2
2020-11-06,US,Virginia,Franklin,1090,7,0,36.99536167,-79.88023649,51067.0,1944.9698440455368,0.6422018348623854,1083,1066,7,0,1059,1042,56195,24,0,0,24,24
2020-11-06,US,Virginia,Franklin,1090,7,0,36.99536167,-79.88023649,51067.0,1944.9698440455368,0.6422018348623854,1083,1066,7,0,1059,1042,8013,24,0,0,24,24
2020-11-06,US,Virginia,Franklin City,518,14,0,36.6831435,-76.93859681,51620.0,6501.820007531066,2.702702702702702,504,517,14,0,503,516,8013,1,0,0,1,1
2020-11-06,US,Virginia,Frederick,1289,15,0,39.20172582,-78.25974949,51069.0,1443.238946178048,1.1636927851047325,1274,1275,14,0,1261,1253,88355,14,1,0,13,22
2020-11-06,US,Virginia,Fredericksburg,612,6,0,38.2977863,-77.4922454,51630.0,2107.728337236534,0.9803921568627452,606,609,6,0,603,607,29144,3,0,0,3,2
2020-11-06,US,Virginia,Galax,475,30,0,36.66601852,-80.91703124,51640.0,7483.850638096738,6.315789473684211,445,475,30,0,445,469,6423,0,0,0,0,6
2020-11-06,US,Virginia,Giles,160,0,0,37.31234791,-80.70636931,51071.0,956.9377990430625,0.0,160,157,0,0,157,155,16844,3,0,0,3,2
2020-11-06,US,Virginia,Gloucester,366,3,0,37.40809042,-76.53524337,51073.0,979.9721537967228,0.819672131147541,363,362,3,0,359,358,37349,4,0,0,4,4
2020-11-06,US,Virginia,Goochland,350,7,0,37.71714806,-77.90381514,51075.0,1473.4980844524905,2.0,343,346,7,0,339,341,23244,4,0,0,4,5
2020-11-06,US,Virginia,Grayson,406,20,0,36.65677234,-81.23215889,51077.0,2610.9324758842445,4.9261083743842375,386,405,20,0,385,404,15631,1,0,0,1,1
2020-11-06,US,Virginia,Greene,303,3,0,38.29545894,-78.46525378,51079.0,1528.8359654876633,0.99009900990099,300,302,3,0,299,301,19779,1,0,0,1,1
2020-11-06,US,Virginia,Greensville,911,15,0,36.67878901,-77.56351439,51081.0,8036.344389555399,1.6465422612513718,896,910,15,0,895,910,11627,1,0,0,1,0
2020-11-06,US,Virginia,Halifax,614,8,0,36.76654925,-78.93512622,51083.0,1810.6219220901767,1.3029315960912051,606,577,8,0,569,570,34120,37,0,0,37,7
2020-11-06,US,Virginia,Hampton,2233,33,0,37.03513786,-76.35879121,51650.0,1660.0996208460335,1.477832512315271,2200,2226,33,0,2193,2223,134313,7,0,0,7,3
2020-11-06,US,Virginia,Hanover,1802,45,0,37.7583355,-77.49464673,51085.0,1672.1414917506452,2.4972253052164257,1757,1780,45,0,1735,1766,107239,22,0,0,22,14
2020-11-06,US,Virginia,Harrisonburg,3183,35,0,38.43542574,-78.87536254,51660.0,6003.8478949751025,1.0995915802701854,3148,3161,35,0,3126,3153,54033,22,0,0,22,8
2020-11-06,US,Virginia,Henrico,6762,240,0,37.53460572,-77.39326555,51087.0,2044.0242066634823,3.5492457852706303,6522,6713,240,0,6473,6655,329261,49,0,0,49,58
2020-11-06,US,Virginia,Henry,1450,33,0,36.68542395,-79.87634026,51089.0,2868.049923848329,2.2758620689655173,1417,1438,33,0,1405,1430,50953,12,0,0,12,8
2020-11-06,US,Virginia,Highland,12,0,0,38.35799465,-79.56124594,51091.0,547.9452054794519,0.0,12,12,0,0,12,10,2210,0,0,0,0,2
2020-11-06,US,Virginia,Hopewell,538,8,0,37.29186313,-77.29754684,51670.0,2388.033201651205,1.4869888475836432,530,535,8,0,527,530,22596,3,0,0,3,5
2020-11-06,US,Virginia,Isle of Wight,898,26,0,36.90579348,-76.70842863,51093.0,2419.898137918025,2.89532293986637,872,897,26,0,871,895,36953,1,0,0,1,2
2020-11-06,US,Virginia,James City,990,22,0,37.31156958,-76.76950618,51095.0,1293.728682879657,2.2222222222222223,968,985,22,0,963,983,76397,5,0,0,5,2
2020-11-06,US,Virginia,King George,298,5,0,38.26818502,-77.15852768,51099.0,1110.4486510657325,1.6778523489932886,293,297,5,0,292,294,26575,1,0,0,1,3
2020-11-06,US,Virginia,King William,225,5,0,37.70965316,-77.09384941,51101.0,1312.1063680895732,2.2222222222222223,220,221,5,0,216,217,16939,4,0,0,4,4
2020-11-06,US,Virginia,King and Queen,92,2,0,37.71044922,-76.88689628,51097.0,1309.6085409252667,2.1739130434782608,90,90,2,0,88,89,7042,2,0,0,2,1
2020-11-06,US,Virginia,Lancaster,210,1,0,37.71889653,-76.46400482,51103.0,1980.5715363576346,0.4761904761904762,209,208,1,0,207,208,10783,2,0,0,2,0
2020-11-06,US,Virginia,Lee,616,11,0,36.70586667,-83.12606515,51105.0,2629.8936942321648,1.7857142857142858,605,610,10,0,600,598,23541,6,1,0,5,12
2020-11-06,US,Virginia,Lexington,272,1,0,37.78258621,-79.44262866,51678.0,3652.9680365296804,0.36764705882352944,271,271,1,0,270,266,7136,1,0,0,1,5
2020-11-06,US,Virginia,Loudoun,8225,134,0,39.08990083,-77.63481877,51107.0,1988.9345114596485,1.6291793313069909,8091,8175,133,0,8042,8143,406850,50,1,0,49,32
2020-11-06,US,Virginia,Louisa,420,8,0,37.97850256,-77.96274807,51109.0,1117.2887127237902,1.9047619047619049,412,420,8,0,412,415,36778,0,0,0,0,5
2020-11-06,US,Virginia,Lunenburg,156,5,0,36.94618528,-78.24133319,51111.0,1279.1079042308954,3.2051282051282053,151,155,5,0,150,155,12086,1,0,0,1,0
2020-11-06,US,Virginia,Lynchburg,2153,27,0,37.40021399,-79.19888138,51680.0,2620.241456528089,1.2540640966093823,2126,2141,27,0,2114,2129,82126,12,0,0,12,12
2020-11-06,US,Virginia,Madison,152,3,0,38.41531222,-78.28220331,51113.0,1146.2182339190106,1.973684210526316,149,151,3,0,148,151,13295,1,0,0,1,0
2020-11-06,US,Virginia,Manassas,2083,27,0,38.7464321,-77.48509905,51683.0,5069.976877205793,1.2962073931829092,2056,2073,27,0,2046,2069,41641,10,0,0,10,4
2020-11-06,US,Virginia,Manassas Park,665,8,0,38.77058531,-77.44399307,51685.0,3804.783155967502,1.2030075187969924,657,664,8,0,656,662,17307,1,0,0,1,2
2020-11-06,US,Virginia,Martinsville,509,24,0,36.68212094,-79.86352771,51690.0,4054.4846264138923,4.715127701375246,485,507,24,0,483,503,12902,2,0,0,2,4
2020-11-06,US,Virginia,Mathews,141,0,0,37.44164146,-76.34098896,51115.0,1596.1059542676026,0.0,141,139,0,0,139,139,8802,2,0,0,2,0
2020-11-06,US,Virginia,Mecklenburg,925,35,0,36.67882005,-78.36131056,51117.0,3024.1605911007946,3.783783783783784,890,919,35,0,884,917,30650,6,0,0,6,2
2020-11-06,US,Virginia,Middlesex,148,11,0,37.63191998,-76.55064617,51119.0,1398.6013986013986,7.432432432432432,137,148,11,0,137,148,10769,0,0,0,0,0
2020-11-06,US,Virginia,Montgomery,3114,6,0,37.17746986,-80.37868691,51121.0,3160.2983711371594,0.1926782273603083,3108,3061,6,0,3055,3032,98985,53,0,0,53,29
2020-11-06,US,Virginia,Nelson,142,2,0,37.78790447,-78.88498513,51125.0,951.1051574012056,1.4084507042253518,140,142,2,0,140,142,14836,0,0,0,0,0
2020-11-06,US,Virginia,New Kent,309,3,0,37.50694406,-76.99828634,51127.0,1338.1837079381578,0.9708737864077671,306,307,3,0,304,306,22391,2,0,0,2,1
2020-11-06,US,Virginia,Newport News,3357,51,0,37.08166899,-76.51754109,51700.0,1873.0645836239364,1.5192135835567468,3306,3336,51,0,3285,3313,178626,21,0,0,21,23
2020-11-06,US,Virginia,Norfolk,5649,85,0,36.89934014,-76.26420872,51710.0,2327.1621721828114,1.5046910957691626,5564,5609,85,0,5524,5589,244076,40,0,0,40,20
2020-11-06,US,Virginia,Northampton,325,31,0,37.34062933,-75.87751591,51131.0,2775.4056362083693,9.538461538461537,294,324,31,0,293,321,11735,1,0,0,1,3
2020-11-06,US,Virginia,Northumberland,228,8,0,37.89202088,-76.41949732,51133.0,1885.0764778834227,3.5087719298245608,220,228,8,0,220,228,12147,0,0,0,0,0
2020-11-06,US,Virginia,Norton,59,0,0,36.93357076,-82.62750411,51720.0,1482.0396885204725,0.0,59,57,0,0,57,54,3968,2,0,0,2,3
2020-11-06,US,Virginia,Nottoway,380,21,0,37.1435975,-78.05065922,51135.0,2494.747899159664,5.526315789473684,359,377,21,0,356,374,15420,3,0,0,3,3
2020-11-06,US,Virginia,Orange,451,5,0,38.24530219,-78.01560400000002,51137.0,1217.2411001052606,1.1086474501108647,446,446,5,0,441,443,36644,5,0,0,5,3
2020-11-06,US,Virginia,Page,497,31,0,38.61807452,-78.48797204,51139.0,2079.323905949293,6.237424547283702,466,496,31,0,465,495,23933,1,0,0,1,1
2020-11-06,US,Virginia,Patrick,352,27,0,36.680163799999995,-80.2865648,51141.0,1999.0913221263065,7.670454545454546,325,344,27,0,317,343,17673,8,0,0,8,1
2020-11-06,US,Virginia,Petersburg,987,30,0,37.20530399,-77.39368102,51730.0,3148.7271103171056,3.0395136778115504,957,982,30,0,952,974,31567,5,0,0,5,8
2020-11-06,US,Virginia,Pittsylvania,1416,17,0,36.81980341,-79.39731264,51143.0,2346.157669748484,1.2005649717514124,1399,1402,17,0,1385,1399,60949,14,0,0,14,3
2020-11-06,US,Virginia,Poquoson,107,2,0,37.14259351,-76.35798148,51735.0,871.9745741993319,1.8691588785046729,105,104,2,0,102,104,12190,3,0,0,3,0
2020-11-06,US,Virginia,Portsmouth,2902,69,0,36.85914825,-76.35971629,51740.0,3074.217674103265,2.377670572019297,2833,2888,69,0,2819,2876,94632,14,0,0,14,12
2020-11-06,US,Virginia,Powhatan,324,5,0,37.55016038,-77.91267882,51145.0,1092.6750303520841,1.5432098765432098,319,325,5,0,320,326,29189,-1,0,0,-1,-1
2020-11-06,US,Virginia,Prince Edward,790,13,0,37.22554789,-78.43597949,51147.0,3464.6083676870453,1.6455696202531649,777,789,13,0,776,787,22950,1,0,0,1,2
2020-11-06,US,Virginia,Prince George,1211,7,0,37.18497668,-77.22922187,51149.0,3157.5104946158062,0.5780346820809249,1204,1183,7,0,1176,1162,38082,28,0,0,28,21
2020-11-06,US,Virginia,Prince William,15013,224,0,38.70916224,-77.48713689,51153.0,3191.9801843366968,1.4920402317991075,14789,14923,223,0,14700,14833,468011,90,1,0,89,90
2020-11-06,US,Virginia,Pulaski,343,7,0,37.06474963,-80.71229738,51155.0,1008.0230405266408,2.0408163265306123,336,333,7,0,326,325,34066,10,0,0,10,8
2020-11-06,US,Virginia,Radford,995,1,0,37.12222899,-80.56027320000003,51750.0,5452.353553619377,0.10050251256281408,994,987,1,0,986,980,18339,8,0,0,8,7
2020-11-06,US,Virginia,Rappahannock,69,2,0,38.68295619,-78.15826963,51157.0,936.2279511533244,2.898550724637681,67,69,2,0,67,69,7252,0,0,0,0,0
2020-11-06,US,Virginia,Richmond,365,4,0,37.937575,-76.72920628,51159.0,4045.217776792641,1.095890410958904,361,363,4,0,359,374,9038,2,0,0,2,-11
2020-11-06,US,Virginia,Richmond City,5625,78,0,37.53255773,-77.47966921,51760.0,2441.0248398687704,1.3866666666666667,5547,5595,78,0,5517,5542,228783,30,0,0,30,53
2020-11-06,US,Virginia,Roanoke,1848,16,0,37.26865804,-80.06396753,51161.0,1962.0750430000207,0.8658008658008658,1832,1823,15,0,1808,1792,94073,25,1,0,24,31
2020-11-06,US,Virginia,Roanoke City,3176,47,0,37.27791025,-79.96189766,51770.0,3203.453597329111,1.4798488664987406,3129,3125,47,0,3078,3091,99920,51,0,0,51,34
2020-11-06,US,Virginia,Rockbridge,167,3,0,37.81204314,-79.44605905,51163.0,739.8219111327693,1.7964071856287425,164,164,3,0,161,160,22752,3,0,0,3,4
2020-11-06,US,Virginia,Rockingham,1862,27,0,38.51006137,-78.87260325,51165.0,2272.172597256797,1.4500537056928031,1835,1845,27,0,1818,1839,81244,17,0,0,17,6
2020-11-06,US,Virginia,Russell,594,8,0,36.93028320000001,-82.10095486,51167.0,2234.258632362898,1.3468013468013469,586,558,8,0,550,545,26748,36,0,0,36,13
2020-11-06,US,Virginia,Salem,659,12,0,37.2836193,-80.06219455,51775.0,2604.640132801075,1.8209408194233687,647,650,12,0,638,644,25643,9,0,0,9,6
2020-11-06,US,Virginia,Scott,512,7,0,36.71466456,-82.60171704,51169.0,2374.1073912640272,1.3671875,505,499,7,0,492,478,21534,13,0,0,13,21
2020-11-06,US,Virginia,Shenandoah,1067,61,0,38.85905135,-78.56813762,51171.0,2446.349963316214,5.716963448922213,1006,1050,61,0,989,1037,43497,17,0,0,17,13
2020-11-06,US,Virginia,Smyth,708,27,0,36.84455636,-81.53344948,51173.0,2351.8469306404463,3.8135593220338975,681,698,27,0,671,682,30472,10,0,0,10,16
2020-11-06,US,Virginia,Southampton,942,38,0,36.72231125,-77.10642712,51175.0,5342.862004424026,4.0339702760084934,904,941,38,0,903,939,17586,1,0,0,1,2
2020-11-06,US,Virginia,Spotsylvania,2583,55,0,38.18574462,-77.655399,51177.0,1896.2669309547407,2.1293070073557883,2528,2566,55,0,2511,2541,134238,17,0,0,17,25
2020-11-06,US,Virginia,Stafford,2552,21,0,38.41758738,-77.45917053,51179.0,1669.2612603184155,0.822884012539185,2531,2538,21,0,2517,2504,149960,14,0,0,14,34
2020-11-06,US,Virginia,Staunton,454,5,0,38.15965544,-79.05979937,51790.0,1820.952992138617,1.1013215859030836,449,449,5,0,444,439,24922,5,0,0,5,10
2020-11-06,US,Virginia,Suffolk,2395,78,0,36.70155394,-76.63603554,51800.0,2600.208450948886,3.2567849686847596,2317,2384,78,0,2306,2375,91185,11,0,0,11,9
2020-11-06,US,Virginia,Surry,146,5,0,37.11781893,-76.88450012,51181.0,2273.435066957334,3.4246575342465757,141,144,5,0,139,141,6474,2,0,0,2,3
2020-11-06,US,Virginia,Sussex,646,13,0,36.92432914,-77.25791182,51183.0,5789.049197956805,2.0123839009287927,633,646,13,0,633,643,11237,0,0,0,0,3
2020-11-06,US,Virginia,Tazewell,584,2,0,37.12191123,-81.56685568,51185.0,1438.6008129079935,0.3424657534246575,582,577,2,0,575,572,40855,7,0,0,7,5
2020-11-06,US,Virginia,Virginia Beach,8540,110,0,36.73285734,-76.04566934,51810.0,1897.8874334961572,1.2880562060889928,8430,8467,110,0,8357,8419,450189,73,0,0,73,48
2020-11-06,US,Virginia,Warren,649,22,0,38.90847745,-78.20280433,51187.0,1615.8749128572852,3.3898305084745757,627,645,22,0,623,639,40003,4,0,0,4,6
2020-11-06,US,Virginia,Washington,1188,28,0,36.72341572,-81.95666289,51191.0,2210.6438407145515,2.356902356902357,1160,1158,28,0,1130,1144,54402,30,0,0,30,14
2020-11-06,US,Virginia,Waynesboro,414,4,0,38.06451466,-78.90293905,51820.0,1829.4299602297835,0.966183574879227,410,412,4,0,408,411,22628,2,0,0,2,1
2020-11-06,US,Virginia,Westmoreland,365,5,0,38.11021557,-76.80213247,51193.0,2026.08936996947,1.3698630136986298,360,359,5,0,354,355,17830,6,0,0,6,4
2020-11-06,US,Virginia,Williamsburg,235,8,0,37.28131268,-76.70905141,51830.0,1571.4858900628594,3.404255319148936,227,232,8,0,224,231,14896,3,0,0,3,1
2020-11-06,US,Virginia,Winchester,680,4,0,39.17054517,-78.17325058,51840.0,2421.8249163045803,0.5882352941176471,676,668,4,0,664,666,28108,12,0,0,12,2
2020-11-06,US,Virginia,Wise,787,11,0,36.9746148,-82.62410519,51195.0,2105.2349998662494,1.397712833545108,776,767,10,0,757,734,38012,20,1,0,19,33
2020-11-06,US,Virginia,Wythe,368,7,0,36.91582035,-81.07834059,51197.0,1282.9451959280436,1.9021739130434785,361,361,7,0,354,357,28754,7,0,0,7,4
2020-11-06,US,Virginia,York,686,9,0,37.24374789,-76.54412815,51199.0,1004.6865846514353,1.3119533527696794,677,670,9,0,661,668,67846,16,0,0,16,2
2020-11-06,US,Washington,Adams,987,11,0,46.98299757,-118.56017340000001,53001.0,4939.198318570785,1.1144883485309016,976,959,11,0,948,956,19759,28,0,0,28,3
2020-11-06,US,Washington,Asotin,327,9,0,46.18894415,-117.2022851,53003.0,1448.0559737844299,2.7522935779816518,318,318,8,0,310,314,22610,9,1,0,8,4
2020-11-06,US,Washington,Benton,5690,137,0,46.23946995,-119.51208340000001,53005.0,2783.893536865796,2.4077328646748684,5553,5646,137,0,5509,5594,201877,44,0,0,44,52
2020-11-06,US,Washington,Chelan,2060,19,0,47.87046092,-120.6173956,53007.0,2668.39378238342,0.9223300970873788,2041,2049,18,0,2031,2042,77036,11,1,0,10,7
2020-11-06,US,Washington,Clallam,280,1,0,48.04754642,-123.92263190000001,53009.0,362.0798903415189,0.35714285714285715,279,275,1,0,274,273,76737,5,0,0,5,2
2020-11-06,US,Washington,Clark,4942,88,0,45.77568046,-122.48292040000001,53011.0,1012.2050380856996,1.7806556050182112,4854,4826,86,0,4740,4744,481857,116,2,0,114,82
2020-11-06,US,Washington,Columbia,22,1,0,46.29442881,-117.9051983,53013.0,552.0702634880803,4.545454545454546,21,22,1,0,21,18,4059,0,0,0,0,4
2020-11-06,US,Washington,Cowlitz,896,7,0,46.19074721,-122.6782231,53015.0,810.1778593581872,0.78125,889,875,7,0,868,864,108987,21,0,0,21,11
2020-11-06,US,Washington,Douglas,1252,10,0,47.7361335,-119.69293700000001,53017.0,2882.8662875037417,0.7987220447284346,1242,1250,11,0,1239,1245,42907,2,-1,0,3,5
2020-11-06,US,Washington,Ferry,36,1,0,48.471143100000006,-118.5154041,53019.0,472.0073423364364,2.7777777777777777,35,35,1,0,34,35,7649,1,0,0,1,0
2020-11-06,US,Washington,Franklin,5060,69,0,46.53351425,-118.9018212,53021.0,5313.898048770242,1.3636363636363635,4991,5046,69,0,4977,5031,94347,14,0,0,14,15
2020-11-06,US,Washington,Garfield,38,0,0,46.43197502,-117.54540320000001,53023.0,1707.8651685393259,0.0,38,33,0,0,33,32,2247,5,0,0,5,1
2020-11-06,US,Washington,Grant,3433,29,0,47.20753737,-119.4500749,53025.0,3512.6313527672332,0.8447422079813575,3404,3417,29,0,3388,3405,97331,16,0,0,16,12
2020-11-06,US,Washington,Grays Harbor,772,12,0,47.14003705,-123.7820567,53027.0,1028.496822584298,1.5544041450777202,760,745,12,0,733,741,73901,27,0,0,27,4
2020-11-06,US,Washington,Island,427,12,0,48.14713305,-122.5216407,53029.0,501.521006330675,2.8103044496487115,415,419,12,0,407,414,84460,8,0,0,8,5
2020-11-06,US,Washington,Jefferson,91,0,0,47.75003077,-123.56097040000002,53031.0,282.42450575711484,0.0,91,90,0,0,90,90,31729,1,0,0,1,0
2020-11-06,US,Washington,King,29832,822,0,47.49137892,-121.8346131,53033.0,1324.2293306675924,2.755430410297667,29010,29316,822,0,28494,28926,2233163,516,0,0,516,390
2020-11-06,US,Washington,Kitsap,1671,23,0,47.63479026,-122.6436061,53035.0,615.5308262700157,1.3764213046080191,1648,1648,23,0,1625,1636,269805,23,0,0,23,12
2020-11-06,US,Washington,Kittitas,779,23,0,47.12521214,-120.67943899999999,53037.0,1625.1173464065923,2.952503209242619,756,778,22,0,756,777,47364,1,1,0,0,1
2020-11-06,US,Washington,Klickitat,219,3,0,45.87325839,-120.7913598,53039.0,976.5886287625418,1.3698630136986298,216,215,3,0,212,215,22107,4,0,0,4,0
2020-11-06,US,Washington,Lewis,782,13,0,46.57756476,-122.39257690000001,53041.0,968.9370190937587,1.6624040920716112,769,777,13,0,764,771,79604,5,0,0,5,6
2020-11-06,US,Washington,Lincoln,84,2,0,47.57705241,-118.41943880000001,53043.0,767.8946887284029,2.380952380952381,82,83,2,0,81,83,10740,1,0,0,1,0
2020-11-06,US,Washington,Mason,558,10,0,47.35007586,-123.1863685,53045.0,835.7296908698778,1.7921146953405018,548,550,10,0,540,548,65507,8,0,0,8,2
2020-11-06,US,Washington,Okanogan,1138,11,0,48.54855019,-119.73872240000001,53047.0,2693.937457093483,0.9666080843585236,1127,1135,11,0,1124,1132,42132,3,0,0,3,3
2020-11-06,US,Washington,Pacific,124,3,0,46.55418369,-123.7285716,53049.0,551.8223488051267,2.419354838709677,121,124,3,0,121,123,22036,0,0,0,0,1
2020-11-06,US,Washington,Pend Oreille,158,1,0,48.53234021,-117.2741804,53051.0,1151.2678519382105,0.6329113924050633,157,157,1,0,156,154,13602,1,0,0,1,3
2020-11-06,US,Washington,Pierce,11214,234,0,47.03892768,-122.14059579999999,53053.0,1239.1434064841212,2.086677367576244,10980,11046,236,0,10810,10879,891299,168,-2,0,170,167
2020-11-06,US,Washington,San Juan,36,0,0,48.60182783,-122.96745,53055.0,204.75486292799454,0.0,36,36,0,0,36,35,17128,0,0,0,0,1
2020-11-06,US,Washington,Skagit,1370,26,0,48.48171488,-121.766131,53057.0,1060.3304825664638,1.8978102189781019,1344,1338,26,0,1312,1324,128206,32,0,0,32,14
2020-11-06,US,Washington,Skamania,73,1,0,46.02408726,-121.91644029999999,53059.0,604.1545973682033,1.3698630136986298,72,73,1,0,72,73,11924,0,0,0,0,0
2020-11-06,US,Washington,Snohomish,9727,240,0,48.04615983,-121.7170703,53061.0,1183.2138604009572,2.4673588979130257,9487,9503,240,0,9263,9359,814901,224,0,0,224,144
2020-11-06,US,Washington,Spokane,10499,212,0,47.62113146,-117.4046494,53063.0,2008.2326252204487,2.019239927612153,10287,10287,210,0,10077,10185,514631,212,2,0,210,102
2020-11-06,US,Washington,Stevens,321,6,0,48.40035475,-117.8542701,53065.0,702.0536710189621,1.8691588785046729,315,310,5,0,305,304,45260,11,1,0,10,6
2020-11-06,US,Washington,Thurston,1808,38,0,46.9291895,-122.82906559999999,53067.0,622.2980973097997,2.1017699115044253,1770,1777,37,0,1740,1755,286419,31,1,0,30,22
2020-11-06,US,Washington,Unassigned,424,3,0,0.0,0.0,90053.0,0.0,0.7075471698113207,421,375,3,0,372,484,,49,0,0,49,-109
2020-11-06,US,Washington,Wahkiakum,11,0,0,46.29180039999999,-123.4250831,53069.0,245.09803921568627,0.0,11,11,0,0,11,11,4426,0,0,0,0,0
2020-11-06,US,Washington,Walla Walla,1400,10,0,46.23040051,-118.4775539,53071.0,2304.147465437788,0.7142857142857143,1390,1367,10,0,1357,1337,60922,33,0,0,33,30
2020-11-06,US,Washington,Whatcom,1682,51,0,48.82227976,-121.74900179999999,53073.0,733.706438906507,3.0321046373365044,1631,1670,51,0,1619,1655,225685,12,0,0,12,15
2020-11-06,US,Washington,Whitman,1879,21,0,46.90022523,-117.52417630000001,53075.0,3750.199584863484,1.1176157530601385,1858,1866,21,0,1845,1855,49791,13,0,0,13,11
2020-11-06,US,Washington,Yakima,12139,280,0,46.45738486,-120.73801259999999,53077.0,4838.703248257087,2.3066150424252405,11859,12103,278,0,11825,12061,251446,36,2,0,34,42
2020-11-06,US,West Virginia,Barbour,202,2,0,39.1307219,-80.00350858,54001.0,1228.6357277537866,0.99009900990099,200,195,2,0,193,193,16535,7,0,0,7,2
2020-11-06,US,West Virginia,Berkeley,1837,18,0,39.46704621,-78.02414609,54003.0,1541.4824076327295,0.979858464888405,1819,1794,18,0,1776,1763,117123,43,0,0,43,31
2020-11-06,US,West Virginia,Boone,443,3,0,38.01974191,-81.69888019,54005.0,2064.5943048888475,0.6772009029345373,440,439,3,0,436,431,21951,4,0,0,4,8
2020-11-06,US,West Virginia,Braxton,84,0,0,38.70036159,-80.72011184,54007.0,601.8485347854122,0.0,84,82,0,0,82,77,14089,2,0,0,2,5
2020-11-06,US,West Virginia,Brooke,273,5,0,40.27367263,-80.57915332,54009.0,1244.3593600437578,1.8315018315018317,268,263,5,0,258,262,22203,10,0,0,10,1
2020-11-06,US,West Virginia,Cabell,1710,35,0,38.42424062,-82.23855912,54011.0,1859.8074936103103,2.046783625730994,1675,1643,34,0,1609,1611,93224,67,1,0,66,32
2020-11-06,US,West Virginia,Calhoun,37,0,0,38.84315422,-81.11934872,54013.0,520.4670136446757,0.0,37,37,0,0,37,37,7254,0,0,0,0,0
2020-11-06,US,West Virginia,Clay,72,3,0,38.46231092,-81.07652217,54015.0,846.262341325811,4.166666666666667,69,70,3,0,67,69,8632,2,0,0,2,1
2020-11-06,US,West Virginia,Doddridge,77,1,0,39.27057157,-80.70671527,54017.0,911.4583333333336,1.2987012987012987,76,75,1,0,74,73,8406,2,0,0,2,2
2020-11-06,US,West Virginia,Fayette,833,25,0,38.02974928,-81.08286634,54019.0,1964.344668207329,3.0012004801920766,808,827,24,0,803,812,43018,6,1,0,5,15
2020-11-06,US,West Virginia,Gilmer,87,0,0,38.9251277,-80.85952723,54021.0,1112.105330435894,0.0,87,71,0,0,71,65,8026,16,0,0,16,6
2020-11-06,US,West Virginia,Grant,203,9,0,39.10314817,-79.19440518,54023.0,1754.8409405255884,4.433497536945813,194,203,9,0,194,202,11626,0,0,0,0,1
2020-11-06,US,West Virginia,Greenbrier,236,5,0,37.9463652,-80.45335881,54025.0,680.8608851191508,2.1186440677966103,231,231,4,0,227,225,34786,5,1,0,4,6
2020-11-06,US,West Virginia,Hampshire,171,1,0,39.32103553,-78.60826476,54027.0,737.8640776699028,0.5847953216374269,170,165,1,0,164,158,23347,6,0,0,6,7
2020-11-06,US,West Virginia,Hancock,261,1,0,40.51943859,-80.57461608,54029.0,905.9354390836515,0.3831417624521073,260,253,1,0,252,251,29094,8,0,0,8,2
2020-11-06,US,West Virginia,Hardy,114,1,0,39.00683177,-78.85855301,54031.0,827.5261324041812,0.8771929824561403,113,113,1,0,112,110,13775,1,0,0,1,3
2020-11-06,US,West Virginia,Harrison,718,13,0,39.2853852,-80.37919577,54033.0,1067.5627453312716,1.8105849582172704,705,711,13,0,698,700,67554,7,0,0,7,11
2020-11-06,US,West Virginia,Jackson,451,24,0,38.84263974,-81.68148753,54035.0,1578.2474804031353,5.3215077605321515,427,438,24,0,414,435,28706,13,0,0,13,3
2020-11-06,US,West Virginia,Jefferson,690,10,0,39.30776166,-77.86014147,54037.0,1207.4335911524865,1.4492753623188406,680,676,9,0,667,667,56811,14,1,0,13,9
2020-11-06,US,West Virginia,Kanawha,4029,107,0,38.33860077,-81.52857054,54039.0,2261.907435269812,2.655745842640854,3922,3997,106,0,3891,3937,180454,32,1,0,31,60
2020-11-06,US,West Virginia,Lewis,135,2,0,38.9947249,-80.49988181,54041.0,848.6829697617401,1.4814814814814814,133,132,2,0,130,126,16024,3,0,0,3,6
2020-11-06,US,West Virginia,Lincoln,291,2,0,38.172154,-82.07017953,54043.0,1425.8415404968396,0.6872852233676976,289,285,2,0,283,276,20599,6,0,0,6,9
2020-11-06,US,West Virginia,Logan,832,46,0,37.8299889,-81.93528571,54045.0,2598.457166057653,5.528846153846153,786,821,46,0,775,811,32607,11,0,0,11,10
2020-11-06,US,West Virginia,Marion,450,5,0,39.50984542,-80.24244659,54049.0,802.5395919532033,1.1111111111111112,445,445,5,0,440,439,56097,5,0,0,5,6
2020-11-06,US,West Virginia,Marshall,536,4,0,39.86064362,-80.66591062,54051.0,1755.5926762962235,0.746268656716418,532,494,4,0,490,478,30785,42,0,0,42,16
2020-11-06,US,West Virginia,Mason,192,6,0,38.77071799,-82.02524219,54053.0,724.091114798612,3.125,186,189,6,0,183,188,26718,3,0,0,3,1
2020-11-06,US,West Virginia,McDowell,159,1,0,37.38002939,-81.65083669,54047.0,902.1788470267816,0.6289308176100629,158,153,1,0,152,143,18223,6,0,0,6,10
2020-11-06,US,West Virginia,Mercer,871,34,0,37.40481169,-81.11023142,54055.0,1482.3513393920828,3.903559127439725,837,850,34,0,816,838,59131,21,0,0,21,12
2020-11-06,US,West Virginia,Mineral,302,4,0,39.41561583,-78.94104895,54057.0,1124.01369659074,1.3245033112582782,298,294,4,0,290,272,26940,8,0,0,8,22
2020-11-06,US,West Virginia,Mingo,720,10,0,37.73048351,-82.13338365,54059.0,3073.7704918032787,1.3888888888888888,710,708,10,0,698,696,23785,12,0,0,12,12
2020-11-06,US,West Virginia,Monongalia,2447,7,0,39.63218457,-80.04766838,54061.0,2316.971556262546,0.28606456885982834,2440,2434,7,0,2427,2417,106420,13,0,0,13,17
2020-11-06,US,West Virginia,Monroe,275,8,0,37.56274716,-80.54577965,54063.0,2071.563088512241,2.9090909090909087,267,273,8,0,265,268,13280,2,0,0,2,5
2020-11-06,US,West Virginia,Morgan,171,0,0,39.55439028,-78.26311676,54065.0,956.1619324535898,0.0,171,170,0,0,170,167,17787,1,0,0,1,3
2020-11-06,US,West Virginia,Nicholas,204,3,0,38.29617706,-80.79759588,54067.0,832.7890267798822,1.4705882352941178,201,201,3,0,198,196,24842,3,0,0,3,5
2020-11-06,US,West Virginia,Ohio,735,9,0,40.0955451,-80.62203992,54069.0,1774.890729516312,1.2244897959183674,726,719,9,0,710,683,41755,16,0,0,16,36
2020-11-06,US,West Virginia,Pendleton,79,1,0,38.68314479,-79.35084086,54071.0,1133.5916200315685,1.2658227848101269,78,79,1,0,78,79,6997,0,0,0,0,0
2020-11-06,US,West Virginia,Pleasants,43,3,0,39.37091679,-81.16771771,54073.0,576.4075067024129,6.9767441860465125,40,40,3,0,37,37,7507,3,0,0,3,3
2020-11-06,US,West Virginia,Pocahontas,76,0,0,38.32758728,-80.00993811,54075.0,921.5472292955014,0.0,76,74,0,0,74,74,8414,2,0,0,2,0
2020-11-06,US,West Virginia,Preston,252,4,0,39.46770987,-79.66712803,54077.0,753.7688442211055,1.5873015873015872,248,249,4,0,245,238,33839,3,0,0,3,11
2020-11-06,US,West Virginia,Putnam,1092,15,0,38.50782345,-81.9082131,54079.0,1934.4552701505759,1.3736263736263736,1077,1073,14,0,1059,1040,56682,19,1,0,18,33
2020-11-06,US,West Virginia,Raleigh,927,10,0,37.76936795,-81.2456041,54081.0,1263.6141819222748,1.0787486515641855,917,916,10,0,906,899,74254,11,0,0,11,17
2020-11-06,US,West Virginia,Randolph,460,2,0,38.769899,-79.87919615,54083.0,1603.0667363652205,0.43478260869565216,458,452,2,0,450,449,28823,8,0,0,8,3
2020-11-06,US,West Virginia,Ritchie,69,0,0,39.18094587,-81.06356878,54085.0,722.2105924220223,0.0,69,65,0,0,65,62,9721,4,0,0,4,3
2020-11-06,US,West Virginia,Roane,117,2,0,38.71622686,-81.35243568,54087.0,854.7632963179428,1.709401709401709,115,117,2,0,115,116,13932,0,0,0,0,1
2020-11-06,US,West Virginia,Summers,166,2,0,37.65390597,-80.86009693,54089.0,1320.2895092658873,1.2048192771084338,164,160,2,0,158,157,12760,6,0,0,6,3
2020-11-06,US,West Virginia,Taylor,182,8,0,39.33602617,-80.0421439,54091.0,1090.146750524109,4.395604395604397,174,178,8,0,170,177,16862,4,0,0,4,1
2020-11-06,US,West Virginia,Tucker,70,0,0,39.11240885,-79.57053576,54093.0,1023.541453428864,0.0,70,68,0,0,68,68,6955,2,0,0,2,0
2020-11-06,US,West Virginia,Tyler,71,1,0,39.46811972,-80.88772676,54095.0,826.4462809917355,1.4084507042253518,70,68,1,0,67,62,8746,3,0,0,3,6
2020-11-06,US,West Virginia,Upshur,295,4,0,38.89285061,-80.23689136,54097.0,1220.218398411648,1.3559322033898304,291,293,4,0,289,293,24415,2,0,0,2,0
2020-11-06,US,West Virginia,Wayne,662,11,0,38.14901357,-82.42287994,54099.0,1680.1177605197704,1.661631419939577,651,651,11,0,640,642,39944,11,0,0,11,9
2020-11-06,US,West Virginia,Webster,39,0,0,38.49370949,-80.4202023,54101.0,480.6507271382795,0.0,39,38,0,0,38,38,8285,1,0,0,1,0
2020-11-06,US,West Virginia,Wetzel,264,8,0,39.6065771,-80.64016540000001,54103.0,1752.4062396282775,3.0303030303030303,256,264,8,0,256,240,15270,0,0,0,0,24
2020-11-06,US,West Virginia,Wirt,59,0,0,39.02775007,-81.37473928,54105.0,1013.5715512798488,0.0,59,59,0,0,59,59,5830,0,0,0,0,0
2020-11-06,US,West Virginia,Wood,911,9,0,39.20967886,-81.5162836,54107.0,1090.7828252592255,0.9879253567508232,902,856,8,0,848,798,84203,55,1,0,54,58
2020-11-06,US,West Virginia,Wyoming,405,5,0,37.612327,-81.54511071,54109.0,1985.8781994704325,1.2345679012345678,400,396,5,0,391,384,20786,9,0,0,9,12
2020-11-06,US,Wisconsin,Adams,683,6,0,43.96974651,-89.76782777,55001.0,3377.8437190900104,0.8784773060029283,677,670,6,0,664,663,20348,13,0,0,13,7
2020-11-06,US,Wisconsin,Ashland,372,4,0,46.31956891,-90.67837132,55003.0,2390.4382470119517,1.075268817204301,368,350,4,0,346,338,15600,22,0,0,22,12
2020-11-06,US,Wisconsin,Barron,1685,11,0,45.42372701,-91.84833627,55005.0,3724.2507293784806,0.6528189910979229,1674,1586,8,0,1578,1494,45164,99,3,0,96,92
2020-11-06,US,Wisconsin,Bayfield,357,3,0,46.52868768,-91.19716729,55007.0,2374.301675977653,0.8403361344537815,354,342,2,0,340,335,15042,15,1,0,14,7
2020-11-06,US,Wisconsin,Brown,17509,110,0,44.452655299999996,-88.00411844,55009.0,6618.60876533783,0.6282483294305785,17399,17257,105,0,17152,16966,263378,252,5,0,247,291
2020-11-06,US,Wisconsin,Buffalo,408,3,0,44.37835084,-91.75332578,55011.0,3130.995318855038,0.7352941176470589,405,387,3,0,384,373,13125,21,0,0,21,14
2020-11-06,US,Wisconsin,Burnett,386,6,0,45.86303537,-92.36711412,55013.0,2504.2169456338393,1.5544041450777202,380,373,6,0,367,359,15392,13,0,0,13,14
2020-11-06,US,Wisconsin,Calumet,3082,18,0,44.0816316,-88.21780273,55015.0,6153.047575315937,0.5840363400389358,3064,3047,18,0,3029,2997,50159,35,0,0,35,50
2020-11-06,US,Wisconsin,Chippewa,2604,26,0,45.06939744,-91.28068855,55017.0,4027.3438708280487,0.998463901689708,2578,2434,26,0,2408,2260,64135,170,0,0,170,174
2020-11-06,US,Wisconsin,Clark,1213,21,0,44.73483377,-90.61207486,55019.0,3488.2383389889,1.7312448474855733,1192,1155,20,0,1135,1107,34709,58,1,0,57,48
2020-11-06,US,Wisconsin,Columbia,2134,7,0,43.46492199,-89.33589004,55021.0,3709.2400750886463,0.3280224929709466,2127,2081,7,0,2074,2045,57358,53,0,0,53,36
2020-11-06,US,Wisconsin,Crawford,466,1,0,43.23870316,-90.93073686,55023.0,2888.8475605976073,0.2145922746781116,465,450,1,0,449,429,16291,16,0,0,16,21
2020-11-06,US,Wisconsin,Dane,17807,53,0,43.06601594,-89.41733797,55025.0,3257.20923000942,0.29763576121749874,17754,17295,50,0,17245,16963,542364,512,3,0,509,332
2020-11-06,US,Wisconsin,Dodge,5458,38,0,43.41576662,-88.70928178,55027.0,6213.6408656747,0.696225723708318,5420,5325,37,0,5288,5131,87847,133,1,0,132,194
2020-11-06,US,Wisconsin,Door,1100,9,0,44.95856458,-87.30002707,55029.0,3975.7120138788487,0.8181818181818182,1091,1057,9,0,1048,1036,27610,43,0,0,43,21
2020-11-06,US,Wisconsin,Douglas,998,1,0,46.43222285,-91.91595768,55031.0,2312.862108922364,0.1002004008016032,997,947,1,0,946,933,43208,51,0,0,51,14
2020-11-06,US,Wisconsin,Dunn,1500,1,0,44.94562799,-91.8962481,55033.0,3306.295186034209,0.06666666666666668,1499,1439,1,0,1438,1376,45131,61,0,0,61,63
2020-11-06,US,Wisconsin,Eau Claire,4716,30,0,44.726614,-91.28609183,55035.0,4506.62232670145,0.6361323155216285,4686,4556,28,0,4528,4316,104534,160,2,0,158,240
2020-11-06,US,Wisconsin,Florence,239,8,0,45.84963535,-88.39804137,55037.0,5564.610011641445,3.3472803347280333,231,235,8,0,227,234,4321,4,0,0,4,1
2020-11-06,US,Wisconsin,Fond du Lac,5815,25,0,43.75354908,-88.48885325,55039.0,5623.627941162248,0.4299226139294927,5790,5708,25,0,5683,5566,103066,107,0,0,107,142
2020-11-06,US,Wisconsin,Forest,560,11,0,45.66678019,-88.77084892,55041.0,6219.458018658374,1.9642857142857144,549,546,11,0,535,532,8991,14,0,0,14,14
2020-11-06,US,Wisconsin,Grant,2324,41,0,42.8671731,-90.7063218,55043.0,4517.972744415716,1.7641996557659207,2283,2262,40,0,2222,2199,51554,62,1,0,61,63
2020-11-06,US,Wisconsin,Green,1142,5,0,42.6794956,-89.60243287,55045.0,3089.8268398268397,0.4378283712784589,1137,1127,5,0,1122,1095,36929,15,0,0,15,32
2020-11-06,US,Wisconsin,Green Lake,876,4,0,43.80025981,-89.04679553,55047.0,4631.734785597208,0.45662100456620996,872,866,4,0,862,854,18918,10,0,0,10,12
2020-11-06,US,Wisconsin,Iowa,689,2,0,43.00050278,-90.13469017,55049.0,2909.874144775741,0.2902757619738752,687,683,2,0,681,639,23771,6,0,0,6,44
2020-11-06,US,Wisconsin,Iron,242,5,0,46.26302338,-90.24295041,55051.0,4255.31914893617,2.066115702479338,237,241,5,0,236,232,5676,1,0,0,1,9
2020-11-06,US,Wisconsin,Jackson,771,2,0,44.31864893,-90.80566792,55053.0,3734.9222496730126,0.2594033722438392,769,746,2,0,744,720,20478,25,0,0,25,26
2020-11-06,US,Wisconsin,Jefferson,3373,24,0,43.02054068,-88.77529134,55055.0,3979.0489447793416,0.7115327601541654,3349,3334,21,0,3313,3246,85129,39,3,0,36,88
2020-11-06,US,Wisconsin,Juneau,1049,5,0,43.92456975,-90.11120239,55057.0,3930.7528009892458,0.4766444232602479,1044,942,5,0,937,918,26617,107,0,0,107,24
2020-11-06,US,Wisconsin,Kenosha,6185,94,0,42.57639354,-88.04051686,55059.0,3647.6548262867045,1.5198059822150365,6091,6078,94,0,5984,5892,169290,107,0,0,107,186
2020-11-06,US,Wisconsin,Kewaunee,1266,11,0,44.51727459,-87.61468386,55061.0,6195.556425565234,0.8688783570300158,1255,1253,10,0,1243,1240,20383,13,1,0,12,13
2020-11-06,US,Wisconsin,La Crosse,5174,26,0,43.90632465,-91.11451093,55063.0,4384.151301518438,0.5025125628140703,5148,5035,26,0,5009,4910,118230,139,0,0,139,125
2020-11-06,US,Wisconsin,Lafayette,659,1,0,42.66005229,-90.1317729,55065.0,3954.3954395439546,0.15174506828528073,658,636,1,0,635,622,16665,23,0,0,23,14
2020-11-06,US,Wisconsin,Langlade,1159,12,0,45.26271619,-89.07483625,55067.0,6039.918703423837,1.035375323554789,1147,1143,12,0,1131,1131,19268,16,0,0,16,12
2020-11-06,US,Wisconsin,Lincoln,1150,14,0,45.33737523,-89.73411273,55069.0,4167.723698039358,1.2173913043478262,1136,1117,13,0,1104,1081,27689,33,1,0,32,36
2020-11-06,US,Wisconsin,Manitowoc,3384,21,0,44.11946801,-87.80928853,55071.0,4284.5747711474905,0.6205673758865248,3363,3292,18,0,3274,3250,79074,92,3,0,89,42
2020-11-06,US,Wisconsin,Marathon,6269,71,0,44.89792533,-89.75863384,55073.0,4620.021814108422,1.1325570266390177,6198,6105,70,0,6035,5932,135428,164,1,0,163,173
2020-11-06,US,Wisconsin,Marinette,2115,19,0,45.38553432,-88.03324599999998,55075.0,5241.6356877323415,0.8983451536643026,2096,2057,18,0,2039,2015,40434,58,1,0,57,42
2020-11-06,US,Wisconsin,Marquette,778,5,0,43.81911946,-89.40073763,55077.0,4995.505329395146,0.6426735218508998,773,767,5,0,762,757,15434,11,0,0,11,10
2020-11-06,US,Wisconsin,Menominee,387,1,0,45.00422544,-88.70950714,55078.0,8494.293239683933,0.25839793281653745,386,377,1,0,376,359,4658,10,0,0,10,18
2020-11-06,US,Wisconsin,Milwaukee,47640,616,0,43.00486062,-87.96733172,55079.0,5037.3998388539585,1.2930310663308144,47024,46805,606,0,46199,45906,948201,835,10,0,825,899
2020-11-06,US,Wisconsin,Monroe,1478,8,0,43.94641218,-90.61881899999999,55081.0,3195.468402049597,0.5412719891745602,1470,1421,8,0,1413,1373,46051,57,0,0,57,48
2020-11-06,US,Wisconsin,Oconto,2430,19,0,45.02715345,-88.26807503,55083.0,6406.538360137095,0.7818930041152263,2411,2400,18,0,2382,2377,37830,30,1,0,29,23
2020-11-06,US,Wisconsin,Oneida,1535,18,0,45.70677897,-89.51944105,55085.0,4312.403427447675,1.1726384364820848,1517,1476,14,0,1462,1458,35470,59,4,0,55,18
2020-11-06,US,Wisconsin,Outagamie,10662,85,0,44.41578887,-88.46565023,55087.0,5674.747851079117,0.7972237854061152,10577,10476,84,0,10392,10307,187365,186,1,0,185,169
2020-11-06,US,Wisconsin,Ozaukee,2944,26,0,43.38352225,-87.94625009,55089.0,3299.671601977113,0.8831521739130435,2918,2877,26,0,2851,2810,89147,67,0,0,67,67
2020-11-06,US,Wisconsin,Pepin,223,0,0,44.58307413,-91.99949611,55091.0,3060.2442706189104,0.0,223,216,0,0,216,200,7289,7,0,0,7,16
2020-11-06,US,Wisconsin,Pierce,1012,7,0,44.71850291,-92.4224416,55093.0,2367.029985498433,0.691699604743083,1005,963,7,0,956,915,42555,49,0,0,49,48
2020-11-06,US,Wisconsin,Polk,854,3,0,45.46130348,-92.44182875,55095.0,1950.528744033072,0.35128805620608894,851,786,3,0,783,729,43598,68,0,0,68,57
2020-11-06,US,Wisconsin,Portage,3356,26,0,44.47558711,-89.50152965,55097.0,4741.988356977336,0.7747318235995232,3330,3281,23,0,3258,3208,70942,75,3,0,72,73
2020-11-06,US,Wisconsin,Price,471,3,0,45.68051754,-90.36098879999999,55099.0,3527.8256310388733,0.6369426751592356,468,450,3,0,447,435,13397,21,0,0,21,15
2020-11-06,US,Wisconsin,Racine,9263,123,0,42.74753117,-88.05941254,55101.0,4718.533347596416,1.327863543128576,9140,8979,122,0,8857,8736,196584,284,1,0,283,243
2020-11-06,US,Wisconsin,Richland,576,10,0,43.3762778,-90.43012729,55103.0,3338.743334106191,1.7361111111111112,566,550,9,0,541,542,17377,26,1,0,25,8
2020-11-06,US,Wisconsin,Rock,6186,53,0,42.67151616,-89.07147900000002,55105.0,3786.867784076301,0.8567733591981894,6133,6091,48,0,6043,5977,163129,95,5,0,90,114
2020-11-06,US,Wisconsin,Rusk,337,1,0,45.47498854,-91.1333012,55107.0,2376.9219918183107,0.2967359050445104,336,325,1,0,324,303,14147,12,0,0,12,22
2020-11-06,US,Wisconsin,Sauk,2328,9,0,43.42574087,-89.94966132,55111.0,3612.550820893207,0.3865979381443299,2319,2227,8,0,2219,2159,64249,101,1,0,100,68
2020-11-06,US,Wisconsin,Sawyer,479,4,0,45.87931905,-91.14504927,55113.0,2892.861456697669,0.8350730688935282,475,463,4,0,459,446,16489,16,0,0,16,17
2020-11-06,US,Wisconsin,Shawano,2891,38,0,44.78902246,-88.76443896,55115.0,7068.632484901831,1.3144240747146316,2853,2821,37,0,2784,2779,40796,70,1,0,69,42
2020-11-06,US,Wisconsin,Sheboygan,5891,32,0,43.72099677,-87.94579284,55117.0,5107.508236518121,0.543201493804108,5859,5757,32,0,5725,5680,115456,134,0,0,134,77
2020-11-06,US,Wisconsin,St. Croix,2469,14,0,45.03437474,-92.45000068,55109.0,2722.551192563433,0.5670311867152693,2455,2383,14,0,2369,2335,89694,86,0,0,86,48
2020-11-06,US,Wisconsin,Taylor,643,9,0,45.21179252,-90.5004405,55119.0,3160.792410165659,1.3996889580093312,634,627,8,0,619,614,20412,16,1,0,15,13
2020-11-06,US,Wisconsin,Trempealeau,1308,6,0,44.30360275,-91.35893614,55121.0,4411.615906101386,0.4587155963302753,1302,1277,6,0,1271,1236,29442,31,0,0,31,41
2020-11-06,US,Wisconsin,Vernon,622,2,0,43.59422667,-90.8324691,55123.0,2018.039063006943,0.3215434083601286,620,607,2,0,605,582,30785,15,0,0,15,25
2020-11-06,US,Wisconsin,Vilas,754,7,0,46.05467334,-89.51719204,55125.0,3397.16152286551,0.9283819628647216,747,744,7,0,737,722,21938,10,0,0,10,22
2020-11-06,US,Wisconsin,Walworth,3991,39,0,42.66858202,-88.54163073,55127.0,3842.3768629414258,0.977198697068404,3952,3830,39,0,3791,3717,103718,161,0,0,161,113
2020-11-06,US,Wisconsin,Washburn,315,2,0,45.89838588,-91.79050449,55129.0,2003.8167938931297,0.6349206349206349,313,304,2,0,302,292,15878,11,0,0,11,12
2020-11-06,US,Wisconsin,Washington,5545,50,0,43.36863664,-88.22974712,55131.0,4076.1868356440295,0.9017132551848512,5495,5456,50,0,5406,5283,135693,89,0,0,89,173
2020-11-06,US,Wisconsin,Waukesha,15112,139,0,43.01833055,-88.30431188,55133.0,3738.761696000475,0.9197988353626256,14973,14675,135,0,14540,14237,403072,437,4,0,433,438
2020-11-06,US,Wisconsin,Waupaca,2851,55,0,44.47068056,-88.96534501,55135.0,5591.292410276525,1.929147667485093,2796,2779,55,0,2724,2726,51128,72,0,0,72,53
2020-11-06,US,Wisconsin,Waushara,1441,5,0,44.11324419,-89.24317107,55137.0,5895.348361494088,0.3469812630117974,1436,1426,5,0,1421,1385,24263,15,0,0,15,41
2020-11-06,US,Wisconsin,Winnebago,10101,77,0,44.06886922,-88.64477096,55139.0,5875.851477833945,0.7623007623007623,10024,9943,75,0,9868,9800,171020,158,2,0,156,143
2020-11-06,US,Wisconsin,Wood,2273,15,0,44.45537896,-90.04158336,55141.0,3113.7412841271807,0.6599208095028597,2258,2208,15,0,2193,2188,73055,65,0,0,65,20
2020-11-06,US,Wyoming,Albany,1839,6,0,41.65498705,-105.72354150000001,56001.0,4729.938271604939,0.3262642740619902,1833,1693,6,0,1687,1683,38601,146,0,0,146,10
2020-11-06,US,Wyoming,Big Horn,298,8,0,44.52405055,-107.9960365,56003.0,2527.565733672604,2.684563758389262,290,278,8,0,270,268,11881,20,0,0,20,10
2020-11-06,US,Wyoming,Campbell,1500,4,0,44.24886082,-105.54744040000001,56005.0,3236.874474007898,0.26666666666666666,1496,1411,4,0,1407,1390,46140,89,0,0,89,21
2020-11-06,US,Wyoming,Carbon,375,2,0,41.69357844,-106.9326084,56007.0,2533.7837837837837,0.5333333333333333,373,354,2,0,352,350,14971,21,0,0,21,4
2020-11-06,US,Wyoming,Converse,383,4,0,42.97272268,-105.5081848,56009.0,2770.9448704963106,1.0443864229765014,379,379,4,0,375,368,13640,4,0,0,4,11
2020-11-06,US,Wyoming,Crook,160,1,0,44.58855102,-104.56977049999999,56011.0,2109.7046413502107,0.625,159,138,1,0,137,132,7450,22,0,0,22,6
2020-11-06,US,Wyoming,Fremont,1785,18,0,43.04183996,-108.6296893,56013.0,4546.496523267365,1.0084033613445378,1767,1691,18,0,1673,1636,39531,94,0,0,94,55
2020-11-06,US,Wyoming,Goshen,241,6,0,42.08798185,-104.3534743,56015.0,1824.2373779426239,2.489626556016597,235,217,6,0,211,209,13376,24,0,0,24,8
2020-11-06,US,Wyoming,Hot Springs,60,0,0,43.71930657,-108.44231740000001,56017.0,1359.6193065941534,0.0,60,58,0,0,58,58,4555,2,0,0,2,0
2020-11-06,US,Wyoming,Johnson,144,2,0,44.04057166,-106.58451740000001,56019.0,1705.150976909414,1.3888888888888888,142,142,2,0,140,138,8460,2,0,0,2,4
2020-11-06,US,Wyoming,Laramie,2249,8,0,41.30702520000001,-104.6887497,56021.0,2260.3015075376884,0.35571365051133835,2241,2147,8,0,2139,2086,98976,102,0,0,102,61
2020-11-06,US,Wyoming,Lincoln,414,3,0,42.26376367,-110.6563997,56023.0,2087.745839636914,0.7246376811594203,411,396,3,0,393,390,19434,18,0,0,18,6
2020-11-06,US,Wyoming,Natrona,2026,12,0,42.96180148,-106.79788500000001,56025.0,2537.003180645646,0.5923000987166831,2014,1936,12,0,1924,1887,79115,90,0,0,90,49
2020-11-06,US,Wyoming,Niobrara,29,0,0,43.05607708,-104.47588959999999,56027.0,1230.899830220713,0.0,29,26,0,0,26,20,2388,3,0,0,3,6
2020-11-06,US,Wyoming,Park,900,3,0,44.52157546,-109.58528249999999,56029.0,3082.8252380626154,0.3333333333333333,897,788,3,0,785,765,29324,112,0,0,112,23
2020-11-06,US,Wyoming,Platte,207,4,0,42.13299116,-104.96633100000001,56031.0,2466.3409984510904,1.932367149758454,203,190,4,0,186,186,8566,17,0,0,17,4
2020-11-06,US,Wyoming,Sheridan,957,6,0,44.79048913,-106.8862389,56033.0,3139.248810890602,0.6269592476489029,951,899,6,0,893,888,30233,58,0,0,58,11
2020-11-06,US,Wyoming,Sublette,211,1,0,42.76558279,-109.91309220000001,56035.0,2146.2719967449907,0.4739336492890995,210,200,1,0,199,197,9813,11,0,0,11,3
2020-11-06,US,Wyoming,Sweetwater,681,4,0,41.65943896,-108.8827882,56037.0,1608.2941690480127,0.5873715124816447,677,658,4,0,654,638,43051,23,0,0,23,20
2020-11-06,US,Wyoming,Teton,922,2,0,43.93522482,-110.5890801,56039.0,3929.4237981588813,0.2169197396963124,920,897,2,0,895,873,23081,25,0,0,25,24
2020-11-06,US,Wyoming,Uinta,542,3,0,41.2878183,-110.54757820000002,56041.0,2679.7191733412437,0.5535055350553506,539,529,3,0,526,518,20299,13,0,0,13,11
2020-11-06,US,Wyoming,Washakie,188,7,0,43.90451606,-107.68018700000002,56043.0,2408.7123638693147,3.723404255319149,181,179,7,0,172,175,7885,9,0,0,9,4
2020-11-06,US,Wyoming,Weston,294,1,0,43.83961191,-104.56748809999999,56045.0,4244.2615851017745,0.3401360544217687,293,203,1,0,202,189,6967,91,0,0,91,14
