Date,Country/Region,Province/State,Admin2,Confirmed,Deaths,Recovered,Latitude,Longitude,FIPS,Incidence_Rate,Case-Fatality_Ratio,Active Cases,Previous Confirmed,Previous Deaths,Previous Recovered,Previous Active,Prev2 Confirmed,Population,Daily Confirmed,Daily Deaths,Daily Recovered,Daily Active,Previous Daily Confirmed
2020-07-01,US,Alabama,Autauga,545,11,0,32.53952745,-86.64408227,1001.0,975.4962501566164,2.018348623853211,534,530,11,0,519,521,55601,15,0,0,15,9
2020-07-01,US,Alabama,Baldwin,686,9,0,30.72774991,-87.72207058,1003.0,307.3008591881165,1.3119533527696794,677,663,9,0,654,626,218022,23,0,0,23,37
2020-07-01,US,Alabama,Barbour,323,1,0,31.868263,-85.3871286,1005.0,1308.4339301628454,0.30959752321981426,322,322,1,0,321,319,24881,1,0,0,1,3
2020-07-01,US,Alabama,Bibb,171,1,0,32.99642064,-87.12511459999996,1007.0,763.5973921586141,0.5847953216374269,170,167,1,0,166,162,22400,4,0,0,4,5
2020-07-01,US,Alabama,Blount,214,1,0,33.98210918,-86.56790593,1009.0,370.0757444748037,0.4672897196261682,213,204,1,0,203,196,57840,10,0,0,10,8
2020-07-01,US,Alabama,Bullock,362,9,0,32.10030533,-85.71265535,1011.0,3583.803583803584,2.4861878453038675,353,360,9,0,351,360,10138,2,0,0,2,0
2020-07-01,US,Alabama,Butler,604,27,0,31.75300095,-86.68057478,1013.0,3105.7178116001646,4.470198675496689,577,604,27,0,577,602,19680,0,0,0,0,2
2020-07-01,US,Alabama,Calhoun,270,5,0,33.77483727,-85.82630386,1015.0,237.66559570441441,1.851851851851852,265,268,5,0,263,261,114277,2,0,0,2,7
2020-07-01,US,Alabama,Chambers,581,27,0,32.91360079,-85.39072749,1017.0,1747.1582366031155,4.647160068846817,554,576,27,0,549,571,33615,5,0,0,5,5
2020-07-01,US,Alabama,Cherokee,74,7,0,34.17805983,-85.60638968,1019.0,282.4858757062147,9.459459459459461,67,71,7,0,64,70,26032,3,0,0,3,1
2020-07-01,US,Alabama,Chilton,211,2,0,32.85044126,-86.7173256,1021.0,474.9257225173314,0.9478672985781992,209,206,2,0,204,203,44153,5,0,0,5,3
2020-07-01,US,Alabama,Choctaw,192,12,0,32.02227341,-88.26564429999998,1023.0,1525.1409961077134,6.25,180,191,12,0,179,191,12841,1,0,0,1,0
2020-07-01,US,Alabama,Clarke,266,5,0,31.68099859,-87.83548597,1025.0,1126.0689188045042,1.8796992481203008,261,264,5,0,259,261,23920,2,0,0,2,3
2020-07-01,US,Alabama,Clay,58,2,0,33.26984193,-85.85836077,1027.0,438.231960710238,3.4482758620689653,56,53,2,0,51,48,13275,5,0,0,5,5
2020-07-01,US,Alabama,Cleburne,29,1,0,33.67679204,-85.52005899,1029.0,194.50033534540574,3.4482758620689653,28,29,1,0,28,30,14987,0,0,0,0,-1
2020-07-01,US,Alabama,Coffee,353,2,0,31.39932826,-85.98901039,1031.0,674.4106071605976,0.56657223796034,351,352,2,0,350,346,51909,1,0,0,1,6
2020-07-01,US,Alabama,Colbert,368,5,0,34.69847452,-87.80168544,1033.0,666.1718651001974,1.358695652173913,363,363,5,0,358,358,54762,5,0,0,5,5
2020-07-01,US,Alabama,Conecuh,180,4,0,31.43401703,-86.99320044,1035.0,1491.671500787271,2.2222222222222223,176,178,6,0,172,176,12277,2,-2,0,4,2
2020-07-01,US,Alabama,Coosa,55,1,0,32.93690146,-86.24847739,1037.0,515.8023070430461,1.818181818181818,54,55,1,0,54,55,10715,0,0,0,0,0
2020-07-01,US,Alabama,Covington,308,7,0,31.247785399999998,-86.45050893,1039.0,831.331479931982,2.272727272727273,301,308,6,0,302,302,36986,0,1,0,-1,6
2020-07-01,US,Alabama,Crenshaw,123,3,0,31.72941803,-86.31593104,1041.0,893.1164681963403,2.4390243902439024,120,122,3,0,119,122,13824,1,0,0,1,0
2020-07-01,US,Alabama,Cullman,400,3,0,34.13020303,-86.86888037,1043.0,477.50931143157294,0.75,397,398,3,0,395,393,83442,2,0,0,2,5
2020-07-01,US,Alabama,Dale,244,0,0,31.43037123,-85.61095742,1045.0,496.2173594728707,0.0,244,241,0,0,241,235,48956,3,0,0,3,6
2020-07-01,US,Alabama,Dallas,819,8,0,32.32688101,-87.10866709999998,1047.0,2201.849661253899,0.9768009768009768,811,808,8,0,800,781,38310,11,0,0,11,27
2020-07-01,US,Alabama,DeKalb,602,5,0,34.45946862,-85.80782906,1049.0,841.8049865059501,0.8305647840531561,597,576,5,0,571,562,71385,26,0,0,26,14
2020-07-01,US,Alabama,Elmore,813,14,0,32.59785413,-86.14415284,1051.0,1001.120565454568,1.7220172201722015,799,806,14,0,792,796,81887,7,0,0,7,10
2020-07-01,US,Alabama,Escambia,263,6,0,31.1256789,-87.15918694,1053.0,717.931919307728,2.281368821292776,257,258,6,0,252,248,36748,5,0,0,5,10
2020-07-01,US,Alabama,Etowah,625,13,0,34.04567266,-86.04051873,1055.0,611.1393593303867,2.08,612,606,13,0,593,597,102501,19,0,0,19,9
2020-07-01,US,Alabama,Fayette,67,1,0,33.72076938,-87.73886638,1057.0,410.9925162556742,1.492537313432836,66,66,1,0,65,66,16433,1,0,0,1,0
2020-07-01,US,Alabama,Franklin,852,13,0,34.44235334,-87.84289505,1059.0,2716.663478094509,1.5258215962441315,839,843,13,0,830,831,31363,9,0,0,9,12
2020-07-01,US,Alabama,Geneva,67,0,0,31.09389027,-85.83572839,1061.0,255.03406798370827,0.0,67,63,0,0,63,59,26314,4,0,0,4,4
2020-07-01,US,Alabama,Greene,166,7,0,32.85504247,-87.95684022,1063.0,2046.6033781284675,4.216867469879518,159,164,7,0,157,164,8233,2,0,0,2,0
2020-07-01,US,Alabama,Hale,293,21,0,32.76039258,-87.63284988,1065.0,1999.8634905467206,7.167235494880546,272,285,20,0,265,281,14726,8,1,0,7,4
2020-07-01,US,Alabama,Henry,130,3,0,31.51148016,-85.24267944,1067.0,755.5943039814008,2.3076923076923075,127,129,3,0,126,128,17209,1,0,0,1,1
2020-07-01,US,Alabama,Houston,434,4,0,31.15197924,-85.29939599,1069.0,409.8902551897396,0.9216589861751152,430,424,4,0,420,420,104722,10,0,0,10,4
2020-07-01,US,Alabama,Jackson,238,2,0,34.78144169,-85.99750489,1071.0,461.0080192151242,0.8403361344537815,236,210,2,0,208,204,51736,28,0,0,28,6
2020-07-01,US,Alabama,Jefferson,4387,142,0,33.55554728,-86.89506300000002,1073.0,666.137239151924,3.236836106678824,4245,4210,140,0,4070,4053,659300,177,2,0,175,157
2020-07-01,US,Alabama,Lamar,71,1,0,33.77995024,-88.09668032,1075.0,514.3064107207533,1.4084507042253518,70,71,1,0,70,70,13844,0,0,0,0,1
2020-07-01,US,Alabama,Lauderdale,444,6,0,34.90171875,-87.65624729,1077.0,478.8146103160824,1.351351351351351,438,410,5,0,405,392,92387,34,1,0,33,18
2020-07-01,US,Alabama,Lawrence,101,0,0,34.52041498,-87.31069453,1079.0,306.7670999878508,0.0,101,100,0,0,100,97,32957,1,0,0,1,3
2020-07-01,US,Alabama,Lee,1189,37,0,32.60154883,-85.35132246,1081.0,722.6118559395171,3.1118587047939443,1152,1167,37,0,1130,1135,163941,22,0,0,22,32
2020-07-01,US,Alabama,Limestone,409,0,0,34.81185586,-86.98310072,1083.0,413.48632664408836,0.0,409,403,0,0,403,394,96174,6,0,0,6,9
2020-07-01,US,Alabama,Lowndes,458,20,0,32.1597283,-86.65158371,1085.0,4709.027349372816,4.366812227074236,438,457,19,0,438,456,9974,1,1,0,0,1
2020-07-01,US,Alabama,Macon,170,8,0,32.38759944,-85.69267724,1087.0,940.8899712198363,4.705882352941177,162,166,8,0,158,165,18439,4,0,0,4,1
2020-07-01,US,Alabama,Madison,1057,7,0,34.76327133,-86.55069633,1089.0,283.44716807585763,0.6622516556291391,1050,1021,6,0,1015,996,366519,36,1,0,35,25
2020-07-01,US,Alabama,Marengo,286,11,0,32.24767634,-87.78796182,1091.0,1516.195727084769,3.8461538461538463,275,277,11,0,266,273,19066,9,0,0,9,4
2020-07-01,US,Alabama,Marion,203,12,0,34.13697363,-87.88704173,1093.0,683.2946245245547,5.911330049261084,191,200,12,0,188,197,29763,3,0,0,3,3
2020-07-01,US,Alabama,Marshall,1537,10,0,34.36975964,-86.30486727,1095.0,1588.2365098063528,0.6506180871828237,1527,1495,9,0,1486,1453,96109,42,1,0,41,42
2020-07-01,US,Alabama,Mobile,3697,134,0,30.78472347,-88.20842409,1097.0,894.702451537959,3.6245604544225047,3563,3634,134,0,3500,3537,413757,63,0,0,63,97
2020-07-01,US,Alabama,Monroe,197,2,0,31.56729412,-87.36995001,1099.0,950.1760478464283,1.0152284263959392,195,194,2,0,192,189,21067,3,0,0,3,5
2020-07-01,US,Alabama,Montgomery,3839,99,0,32.2206831,-86.20969272,1101.0,1695.0275072189893,2.5787965616045847,3740,3788,94,0,3694,3727,225763,51,5,0,46,61
2020-07-01,US,Alabama,Morgan,981,3,0,34.45500589,-86.85475946,1103.0,819.6926779134184,0.3058103975535168,978,955,3,0,952,939,119089,26,0,0,26,16
2020-07-01,US,Alabama,Perry,145,1,0,32.64048341,-87.29770589,1105.0,1625.0140087414547,0.6896551724137931,144,135,0,0,135,132,9140,10,1,0,9,3
2020-07-01,US,Alabama,Pickens,211,6,0,33.28094866,-88.08818103,1107.0,1058.7054691419971,2.8436018957345968,205,204,6,0,198,198,19938,7,0,0,7,6
2020-07-01,US,Alabama,Pike,399,5,0,31.80396383,-85.9408295,1109.0,1204.9284290632359,1.2531328320802004,394,396,5,0,391,395,33338,3,0,0,3,1
2020-07-01,US,Alabama,Randolph,170,9,0,33.29526734,-85.45708831,1111.0,748.1735762696945,5.294117647058823,161,169,9,0,160,163,22725,1,0,0,1,6
2020-07-01,US,Alabama,Russell,484,0,0,32.28725256,-85.18415324,1113.0,835.0442538948604,0.0,484,469,0,0,469,452,57781,15,0,0,15,17
2020-07-01,US,Alabama,Shelby,1082,23,0,33.26879845,-86.66232561,1117.0,497.0096737742417,2.1256931608133085,1059,1056,23,0,1033,1018,215707,26,0,0,26,38
2020-07-01,US,Alabama,St. Clair,304,2,0,33.71902176,-86.31029372,1115.0,339.6192689248369,0.6578947368421053,302,292,2,0,290,277,88690,12,0,0,12,15
2020-07-01,US,Alabama,Sumter,276,12,0,32.59117397,-88.19916205,1119.0,2220.9704675303774,4.3478260869565215,264,275,12,0,263,274,12691,1,0,0,1,1
2020-07-01,US,Alabama,Talladega,267,7,0,33.37823223,-86.16886178,1121.0,333.8418064967866,2.621722846441948,260,257,6,0,251,245,79828,10,1,0,9,12
2020-07-01,US,Alabama,Tallapoosa,563,69,0,32.86698258,-85.79833053,1123.0,1394.7035945202765,12.255772646536412,494,560,69,0,491,556,40497,3,0,0,3,4
2020-07-01,US,Alabama,Tuscaloosa,2049,38,0,33.28726072,-87.52556818,1125.0,978.72035537723,1.8545632015617373,2011,1964,36,0,1928,1925,208911,85,2,0,83,39
2020-07-01,US,Alabama,Unassigned,520,25,0,0.0,0.0,90001.0,0.0,4.807692307692308,495,509,24,0,485,493,,11,1,0,10,16
2020-07-01,US,Alabama,Walker,867,23,0,33.80270512,-87.30027177,1127.0,1364.9029454825964,2.65282583621684,844,843,17,0,826,827,63711,24,6,0,18,16
2020-07-01,US,Alabama,Washington,100,7,0,31.4092794,-88.20689944,1129.0,612.5199068969741,7.0,93,98,7,0,91,98,16378,2,0,0,2,0
2020-07-01,US,Alabama,Wilcox,280,8,0,31.98773215,-87.30891118,1131.0,2699.315530704714,2.8571428571428568,272,278,8,0,270,278,10627,2,0,0,2,0
2020-07-01,US,Alabama,Winston,233,3,0,34.15030532,-87.37325922,1133.0,986.0764315036607,1.2875536480686696,230,229,3,0,226,226,23660,4,0,0,4,3
2020-07-01,US,Alaska,Anchorage,457,6,0,61.14998174,-149.14269860000005,2020.0,158.68055555555554,1.312910284463895,451,440,6,0,434,418,291538,17,0,0,17,22
2020-07-01,US,Alaska,Bethel,9,0,0,60.90980451,-159.8561831,2050.0,48.950288262808655,0.0,9,9,0,0,9,9,18216,0,0,0,0,0
2020-07-01,US,Alaska,Fairbanks North Star,147,2,0,64.80726247,-146.5692662,2090.0,151.78267199454822,1.3605442176870748,145,144,2,0,142,139,98971,3,0,0,3,5
2020-07-01,US,Alaska,Haines,2,0,0,59.09893571,-135.4679843,2100.0,79.05138339920948,0.0,2,2,0,0,2,2,2474,0,0,0,0,0
2020-07-01,US,Alaska,Juneau,44,2,0,58.45031811,-134.200436,2110.0,137.61180959529617,4.545454545454546,42,44,2,0,42,44,32113,0,0,0,0,0
2020-07-01,US,Alaska,Kenai Peninsula,151,2,0,60.24429722,-151.53888840000005,2122.0,257.2051509163998,1.3245033112582782,149,146,2,0,144,141,58533,5,0,0,5,5
2020-07-01,US,Alaska,Ketchikan Gateway,22,0,0,55.57445008,-130.975561,2130.0,158.26199553988926,0.0,22,21,0,0,21,21,13918,1,0,0,1,0
2020-07-01,US,Alaska,Kodiak Island,3,0,0,57.65529415,-153.7493579,2150.0,23.08047391906447,0.0,3,3,0,0,3,3,13345,0,0,0,0,0
2020-07-01,US,Alaska,Matanuska-Susitna,88,1,0,62.31305045,-149.5741743,2170.0,81.24301817812531,1.1363636363636365,87,81,1,0,80,78,107610,7,0,0,7,3
2020-07-01,US,Alaska,Nome,8,0,0,64.90320724,-164.0353804,2180.0,79.96801279488204,0.0,8,7,0,0,7,7,10008,1,0,0,1,0
2020-07-01,US,Alaska,North Slope,4,0,0,69.31479216,-153.4836093,2185.0,40.68348250610252,0.0,4,4,0,0,4,4,9872,0,0,0,0,0
2020-07-01,US,Alaska,Northwest Arctic,5,0,0,67.04919196,-159.7503946,2188.0,65.60818790185014,0.0,5,4,0,0,4,4,7671,1,0,0,1,0
2020-07-01,US,Alaska,Petersburg,4,1,0,57.13978948,-132.9540995,2195.0,122.47397428046541,25.0,3,4,1,0,3,4,3221,0,0,0,0,0
2020-07-01,US,Alaska,Prince of Wales-Hyder,2,0,0,55.76261984,-133.0511621,2198.0,32.24246332419797,0.0,2,2,0,0,2,2,6422,0,0,0,0,0
2020-07-01,US,Alaska,Sitka,12,0,0,57.24124555,-135.3206587,2220.0,141.2928293889085,0.0,12,12,0,0,12,12,8647,0,0,0,0,0
2020-07-01,US,Alaska,Southeast Fairbanks,8,0,0,63.87692095,-143.2127643,2240.0,116.05977078195272,0.0,8,5,0,0,5,5,6918,3,0,0,3,0
2020-07-01,US,Alaska,Valdez-Cordova,3,0,0,61.47502768,-144.7126799,2261.0,32.60160834601174,0.0,3,3,0,0,3,2,9164,0,0,0,0,1
2020-07-01,US,Alaska,Wrangell,3,0,0,56.3202004,-132.05837309999998,2275.0,119.90407673860909,0.0,3,3,0,0,3,3,2503,0,0,0,0,0
2020-07-01,US,Alaska,Yukon-Koyukuk,3,0,0,65.50815459,-151.39073869999999,2290.0,57.361376673040155,0.0,3,3,0,0,3,3,5327,0,0,0,0,0
2020-07-01,US,Arizona,Apache,2381,90,0,35.39465006,-109.4892383,4001.0,3312.1426683545005,3.7799244015119697,2291,2337,86,0,2251,2309,71818,44,4,0,40,28
2020-07-01,US,Arizona,Cochise,657,12,0,31.87934684,-109.7516088,4003.0,521.7515604898269,1.8264840182648399,645,614,8,0,606,580,126770,43,4,0,39,34
2020-07-01,US,Arizona,Coconino,1941,94,0,35.83883429,-111.77071780000001,4005.0,1352.8394992890794,4.842864502833591,1847,1885,92,0,1793,1850,142854,56,2,0,54,35
2020-07-01,US,Arizona,Gila,309,6,0,33.80190085,-110.8132779,4007.0,572.031545040542,1.9417475728155342,303,292,5,0,287,271,53889,17,1,0,16,21
2020-07-01,US,Arizona,Graham,108,1,0,32.93166885,-109.8882178,4009.0,278.0853309987898,0.925925925925926,107,96,1,0,95,92,38072,12,0,0,12,4
2020-07-01,US,Arizona,Greenlee,18,1,0,33.21498827,-109.2405279,4011.0,189.51358180669612,5.5555555555555545,17,18,1,0,17,18,9483,0,0,0,0,0
2020-07-01,US,Arizona,La Paz,345,5,0,33.72854224,-113.98100290000001,4012.0,1634.4513928368392,1.4492753623188406,340,342,5,0,337,332,21098,3,0,0,3,10
2020-07-01,US,Arizona,Maricopa,52266,817,0,33.34835867,-112.49181540000001,4013.0,1165.2436096199815,1.5631576933379252,51449,48592,771,0,47821,45178,4410824,3674,46,0,3628,3414
2020-07-01,US,Arizona,Mohave,1142,87,0,35.70471703,-113.7577902,4015.0,538.219727496807,7.618213660245184,1055,1071,85,0,986,1028,209550,71,2,0,69,43
2020-07-01,US,Arizona,Navajo,3703,130,0,35.3997715,-110.3218983,4017.0,3338.3217337997194,3.51066702673508,3573,3625,125,0,3500,3570,110445,78,5,0,73,55
2020-07-01,US,Arizona,Pima,8387,280,0,32.0971334,-111.7890033,4019.0,800.83721720764,3.3385000596160723,8107,8004,273,0,7731,7568,1039073,383,7,0,376,436
2020-07-01,US,Arizona,Pinal,3777,71,0,32.90525627,-111.3449483,4021.0,816.1386722674913,1.8797987821021973,3706,3574,67,0,3507,3382,447138,203,4,0,199,192
2020-07-01,US,Arizona,Santa Cruz,1802,22,0,31.52508998,-110.8479088,4023.0,3875.435502602263,1.2208657047724751,1780,1771,22,0,1749,1717,46511,31,0,0,31,54
2020-07-01,US,Arizona,Unassigned,0,1,0,0.0,0.0,90004.0,0.0,0.0,-1,1,1,0,0,0,,-1,0,0,-1,1
2020-07-01,US,Arizona,Yavapai,771,10,0,34.59933926,-112.5538588,4025.0,327.9469500082944,1.2970168612191961,761,781,9,0,772,755,231993,-10,1,0,-11,26
2020-07-01,US,Arizona,Yuma,6498,98,0,32.76895712,-113.90666740000002,4027.0,3039.4738688507723,1.5081563558017852,6400,6225,94,0,6131,5895,212128,273,4,0,269,330
2020-07-01,US,Arkansas,Arkansas,31,0,0,34.29145151,-91.37277296,5001.0,177.28468489076977,0.0,31,28,0,0,28,28,17769,3,0,0,3,0
2020-07-01,US,Arkansas,Ashley,74,1,0,33.19153461,-91.76984709999999,5003.0,376.45622424581575,1.351351351351351,73,71,1,0,70,70,20046,3,0,0,3,1
2020-07-01,US,Arkansas,Baxter,20,0,0,36.28784385,-92.33782872,5005.0,47.696270151674135,0.0,20,20,0,0,20,20,41619,0,0,0,0,0
2020-07-01,US,Arkansas,Benton,2752,19,0,36.33644656,-94.25680817,5007.0,985.8816870327182,0.6904069767441859,2733,2723,18,0,2705,2679,272608,29,1,0,28,44
2020-07-01,US,Arkansas,Boone,27,1,0,36.3084504,-93.09374925,5009.0,72.13079717888438,3.703703703703704,26,26,1,0,25,22,37480,1,0,0,1,4
2020-07-01,US,Arkansas,Bradley,52,2,0,33.46755808,-92.15980837,5011.0,483.1366719316177,3.8461538461538463,50,52,2,0,50,51,10897,0,0,0,0,1
2020-07-01,US,Arkansas,Carroll,168,5,0,36.34038560000001,-93.54270261,5015.0,591.9661733615222,2.9761904761904763,163,168,5,0,163,169,28223,0,0,0,0,-1
2020-07-01,US,Arkansas,Chicot,139,3,0,33.26458973,-91.29539209,5017.0,1373.7892864202408,2.1582733812949644,136,134,3,0,131,129,10438,5,0,0,5,5
2020-07-01,US,Arkansas,Clark,57,0,0,34.04613432,-93.17484713,5019.0,255.3763440860215,0.0,57,56,0,0,56,56,22061,1,0,0,1,0
2020-07-01,US,Arkansas,Clay,59,3,0,36.36826212,-90.4148172,5021.0,405.4704144045083,5.084745762711863,56,54,3,0,51,54,14847,5,0,0,5,0
2020-07-01,US,Arkansas,Cleburne,92,4,0,35.53864922,-92.02640019,5023.0,369.1961956739837,4.3478260869565215,88,85,4,0,81,85,24965,7,0,0,7,0
2020-07-01,US,Arkansas,Cleveland,26,0,0,33.89723187,-92.18537045,5025.0,326.797385620915,0.0,26,25,0,0,25,25,8018,1,0,0,1,0
2020-07-01,US,Arkansas,Columbia,84,4,0,33.21230701,-93.22642793,5027.0,358.10205908683974,4.761904761904762,80,83,3,0,80,84,23537,1,1,0,0,-1
2020-07-01,US,Arkansas,Conway,60,3,0,35.26205537,-92.70506566,5029.0,287.8250023985417,5.0,57,55,3,0,52,48,20891,5,0,0,5,7
2020-07-01,US,Arkansas,Craighead,453,7,0,35.83018283,-90.63235729,5031.0,410.5789798064025,1.5452538631346575,446,451,6,0,445,447,108558,2,1,0,1,4
2020-07-01,US,Arkansas,Crawford,166,1,0,35.58928601,-94.2446814,5033.0,262.4215501841693,0.6024096385542169,165,159,1,0,158,155,63406,7,0,0,7,4
2020-07-01,US,Arkansas,Crittenden,749,13,0,35.21247318,-90.30839406,5035.0,1561.8809300385778,1.7356475300400531,736,746,12,0,734,737,48342,3,1,0,2,9
2020-07-01,US,Arkansas,Cross,86,1,0,35.29631396,-90.77185818,5037.0,523.7834216456545,1.162790697674419,85,85,1,0,84,85,16676,1,0,0,1,0
2020-07-01,US,Arkansas,Dallas,10,0,0,33.97042763,-92.65167437,5039.0,142.673705236125,0.0,10,10,0,0,10,10,7182,0,0,0,0,0
2020-07-01,US,Arkansas,Desha,47,1,0,33.83011025,-91.25500948,5041.0,413.6959774667723,2.127659574468085,46,47,1,0,46,45,11512,0,0,0,0,2
2020-07-01,US,Arkansas,Drew,65,2,0,33.59035001,-91.71777921,5043.0,356.770404522751,3.0769230769230766,63,65,1,0,64,64,18328,0,1,0,-1,1
2020-07-01,US,Arkansas,Faulkner,492,3,0,35.14719007,-92.33717519,5045.0,390.45449855960396,0.6097560975609756,489,477,3,0,474,453,124806,15,0,0,15,24
2020-07-01,US,Arkansas,Franklin,21,0,0,35.51202821,-93.89299569,5047.0,118.54360711261644,0.0,21,21,0,0,21,18,17810,0,0,0,0,3
2020-07-01,US,Arkansas,Fulton,15,0,0,36.38177105,-91.81729127,5049.0,120.22120702091848,0.0,15,12,0,0,12,12,12269,3,0,0,3,0
2020-07-01,US,Arkansas,Garland,253,1,0,34.57692074,-93.14921604,5051.0,254.5630169239128,0.3952569169960474,252,248,1,0,247,240,99154,5,0,0,5,8
2020-07-01,US,Arkansas,Grant,41,0,0,34.29017991,-92.42320562,5053.0,224.47303586093625,0.0,41,40,0,0,40,40,18188,1,0,0,1,0
2020-07-01,US,Arkansas,Greene,119,0,0,36.11735460000001,-90.55832668,5055.0,262.54826254826247,0.0,119,114,0,0,114,114,45325,5,0,0,5,0
2020-07-01,US,Arkansas,Hempstead,50,1,0,33.73325583,-93.66935133,5057.0,232.2125208991269,2.0,49,50,1,0,49,50,21741,0,0,0,0,0
2020-07-01,US,Arkansas,Hot Spring,429,0,0,34.31709259,-92.95396325,5059.0,1270.3206893488496,0.0,429,426,0,0,426,428,33701,3,0,0,3,-2
2020-07-01,US,Arkansas,Howard,94,1,0,34.09007427,-93.9934871,5061.0,712.0133313134372,1.0638297872340423,93,89,1,0,88,86,13341,5,0,0,5,3
2020-07-01,US,Arkansas,Independence,55,0,0,35.74242707,-91.57001641,5063.0,145.40647719762063,0.0,55,55,0,0,55,55,37678,0,0,0,0,0
2020-07-01,US,Arkansas,Izard,23,1,0,36.09604046,-91.90847954,5065.0,168.75779587643999,4.3478260869565215,22,20,1,0,19,20,13593,3,0,0,3,0
2020-07-01,US,Arkansas,Jackson,27,0,0,35.59802983,-91.21494602,5067.0,161.4929122555177,0.0,27,27,0,0,27,27,16811,0,0,0,0,0
2020-07-01,US,Arkansas,Jefferson,706,28,0,34.26767081,-91.92619839,5069.0,1056.5066443194062,3.966005665722379,678,700,28,0,672,693,68114,6,0,0,6,7
2020-07-01,US,Arkansas,Johnson,236,0,0,35.56759135,-93.46036368,5071.0,887.9524418692151,0.0,236,227,0,0,227,211,26742,9,0,0,9,16
2020-07-01,US,Arkansas,Lafayette,19,1,0,33.24116713,-93.60677071,5073.0,286.8357487922705,5.2631578947368425,18,18,1,0,17,16,6682,1,0,0,1,2
2020-07-01,US,Arkansas,Lawrence,100,9,0,36.04188196,-91.10867198,5075.0,609.5330976472022,9.0,91,99,9,0,90,99,16434,1,0,0,1,0
2020-07-01,US,Arkansas,Lee,746,2,0,34.78498904,-90.78383866,5077.0,8422.716495427345,0.2680965147453083,744,651,2,0,649,641,8985,95,0,0,95,10
2020-07-01,US,Arkansas,Lincoln,1040,11,0,33.95317155,-91.74002806,5079.0,7985.257985257986,1.0576923076923077,1029,1038,11,0,1027,1038,13383,2,0,0,2,0
2020-07-01,US,Arkansas,Little River,38,0,0,33.70375665,-94.23468591,5081.0,309.9763439105963,0.0,38,38,0,0,38,38,12326,0,0,0,0,0
2020-07-01,US,Arkansas,Logan,46,0,0,35.21413234,-93.71951016,5083.0,214.29236932823997,0.0,46,46,0,0,46,45,21737,0,0,0,0,1
2020-07-01,US,Arkansas,Lonoke,144,1,0,34.75392199,-91.88742357,5085.0,196.42881501589162,0.6944444444444444,143,138,1,0,137,134,73657,6,0,0,6,4
2020-07-01,US,Arkansas,Madison,194,0,0,36.01038185,-93.72524943,5087.0,1170.3667953667953,0.0,194,192,0,0,192,190,16481,2,0,0,2,2
2020-07-01,US,Arkansas,Marion,6,0,0,36.26844485,-92.68451899,5089.0,35.94105666706601,0.0,6,6,0,0,6,4,16722,0,0,0,0,2
2020-07-01,US,Arkansas,Miller,118,2,0,33.31403423,-93.89285258,5091.0,272.7882192477518,1.6949152542372878,116,114,2,0,112,114,43592,4,0,0,4,0
2020-07-01,US,Arkansas,Mississippi,180,3,0,35.76271485,-90.05194370000002,5093.0,442.7935352143859,1.6666666666666667,177,168,3,0,165,161,41239,12,0,0,12,7
2020-07-01,US,Arkansas,Monroe,13,0,0,34.6815935,-91.20540287,5095.0,194.00089538874798,0.0,13,12,0,0,12,12,6900,1,0,0,1,0
2020-07-01,US,Arkansas,Montgomery,5,0,0,34.53704874,-93.65824478,5097.0,55.642109948809264,0.0,5,4,0,0,4,4,8924,1,0,0,1,0
2020-07-01,US,Arkansas,Nevada,102,3,0,33.66340119,-93.30632432,5099.0,1236.0639844886086,2.9411764705882355,99,101,3,0,98,101,8326,1,0,0,1,0
2020-07-01,US,Arkansas,Newton,6,0,0,35.91947491,-93.21612969,5101.0,77.38939765252161,0.0,6,5,0,0,5,5,7805,1,0,0,1,0
2020-07-01,US,Arkansas,Ouachita,20,0,0,33.58839816,-92.87795984,5103.0,85.53588230262595,0.0,20,20,0,0,20,20,23606,0,0,0,0,0
2020-07-01,US,Arkansas,Perry,32,0,0,34.945915299999996,-92.94372564,5105.0,306.0736489717838,0.0,32,29,0,0,29,29,10352,3,0,0,3,0
2020-07-01,US,Arkansas,Phillips,143,3,0,34.43268455,-90.84800154,5107.0,804.1840062985042,2.097902097902098,140,142,3,0,139,140,18029,1,0,0,1,2
2020-07-01,US,Arkansas,Pike,7,0,0,34.16250414,-93.65789349,5109.0,65.31069229333829,0.0,7,8,0,0,8,8,10673,-1,0,0,-1,0
2020-07-01,US,Arkansas,Poinsett,59,3,0,35.57433534,-90.66268713,5111.0,250.76504590275417,5.084745762711863,56,58,3,0,55,57,23974,1,0,0,1,1
2020-07-01,US,Arkansas,Polk,75,0,0,34.48254879,-94.22728802,5113.0,375.6762171909437,0.0,75,74,0,0,74,74,20049,1,0,0,1,0
2020-07-01,US,Arkansas,Pope,442,3,0,35.44871474,-93.03212219,5115.0,689.8489199650394,0.6787330316742082,439,433,3,0,430,416,64000,9,0,0,9,17
2020-07-01,US,Arkansas,Prairie,21,0,0,34.83624419,-91.55162157,5117.0,260.4812701562888,0.0,21,20,0,0,20,20,8074,1,0,0,1,0
2020-07-01,US,Arkansas,Pulaski,2080,59,0,34.77054088,-92.31355101,5119.0,530.7327428931569,2.8365384615384617,2021,2036,58,0,1978,1916,392680,44,1,0,43,120
2020-07-01,US,Arkansas,Randolph,50,1,0,36.3415714,-91.02455531,5121.0,278.42744180866464,2.0,49,48,1,0,47,47,17948,2,0,0,2,1
2020-07-01,US,Arkansas,Saline,292,2,0,34.64916145,-92.67583224,5125.0,238.48999893822943,0.6849315068493149,290,275,2,0,273,261,121421,17,0,0,17,14
2020-07-01,US,Arkansas,Scott,12,0,0,34.85588887,-94.0632176,5127.0,116.72016340822876,0.0,12,11,0,0,11,11,10319,1,0,0,1,0
2020-07-01,US,Arkansas,Searcy,7,0,0,35.9109364,-92.69936482,5129.0,88.82121558177894,0.0,7,7,0,0,7,7,7958,0,0,0,0,0
2020-07-01,US,Arkansas,Sebastian,476,5,0,35.19605503,-94.27162713,5131.0,372.3782925360057,1.050420168067227,471,468,5,0,463,457,127753,8,0,0,8,11
2020-07-01,US,Arkansas,Sevier,706,7,0,33.99780401,-94.2424869,5133.0,4151.231845710589,0.9915014164305948,699,700,7,0,693,693,17139,6,0,0,6,7
2020-07-01,US,Arkansas,Sharp,53,5,0,36.16258158,-91.47819342,5135.0,303.8642357527806,9.433962264150944,48,53,4,0,49,53,17366,0,1,0,-1,0
2020-07-01,US,Arkansas,St. Francis,814,3,0,35.02201976,-90.74828138,5123.0,3256.781627590621,0.36855036855036855,811,812,3,0,809,811,25439,2,0,0,2,1
2020-07-01,US,Arkansas,Stone,14,0,0,35.86251946,-92.15684085,5137.0,111.94626579241964,0.0,14,14,0,0,14,14,12457,0,0,0,0,0
2020-07-01,US,Arkansas,Unassigned,706,0,0,0.0,0.0,90005.0,0.0,0.0,706,721,0,0,721,731,,-15,0,0,-15,-10
2020-07-01,US,Arkansas,Union,249,13,0,33.16887091,-92.59746952,5139.0,643.710252830774,5.220883534136545,236,248,13,0,235,247,39126,1,0,0,1,1
2020-07-01,US,Arkansas,Van Buren,33,2,0,35.58095779,-92.51295036,5141.0,199.45602901178603,6.0606060606060606,31,35,2,0,33,34,16603,-2,0,0,-2,1
2020-07-01,US,Arkansas,Washington,3634,30,0,35.976844,-94.21800746,5143.0,1519.3133406079764,0.825536598789213,3604,3578,30,0,3548,3417,236961,56,0,0,56,161
2020-07-01,US,Arkansas,White,87,1,0,35.25688493,-91.74908296,5145.0,110.47198201973256,1.1494252873563218,86,86,1,0,85,85,78727,1,0,0,1,1
2020-07-01,US,Arkansas,Woodruff,6,0,0,35.18902527,-91.2439489,5147.0,94.93670886075951,0.0,6,6,0,0,6,6,6490,0,0,0,0,0
2020-07-01,US,Arkansas,Yell,644,3,0,35.00292371,-93.41171338,5149.0,3017.665526451432,0.4658385093167702,641,616,3,0,613,591,21535,28,0,0,28,25
2020-07-01,US,California,Alameda,6156,136,0,37.64629437,-121.8929271,6001.0,368.3296346799463,2.2092267706302797,6020,5964,135,0,5829,5762,1666753,192,1,0,191,202
2020-07-01,US,California,Alpine,2,0,0,38.59678594,-119.82235940000001,6003.0,177.14791851195747,0.0,2,2,0,0,2,2,1101,0,0,0,0,0
2020-07-01,US,California,Amador,24,0,0,38.44583082,-120.65696000000001,6005.0,60.37432078889113,0.0,24,22,0,0,22,22,39383,2,0,0,2,0
2020-07-01,US,California,Butte,189,2,0,39.66727762,-121.6005252,6007.0,86.22813500862281,1.058201058201058,187,168,2,0,166,168,231256,21,0,0,21,0
2020-07-01,US,California,Calaveras,40,0,0,38.20537103,-120.55291299999999,6009.0,87.13647750789673,0.0,40,32,0,0,32,32,45602,8,0,0,8,0
2020-07-01,US,California,Colusa,59,0,0,39.17881957,-122.2331726,6011.0,273.82002134867963,0.0,59,46,0,0,46,35,21627,13,0,0,13,11
2020-07-01,US,California,Contra Costa,3248,77,0,37.91923498,-121.9289527,6013.0,281.5714600277757,2.3706896551724137,3171,3132,76,0,3056,2971,1150215,116,1,0,115,161
2020-07-01,US,California,Del Norte,51,1,0,41.74228275,-123.89740630000001,6015.0,183.3740831295844,1.96078431372549,50,50,1,0,49,50,27828,1,0,0,1,0
2020-07-01,US,California,El Dorado,198,0,0,38.77965956,-120.5233166,6017.0,102.67419610771456,0.0,198,178,0,0,178,178,190678,20,0,0,20,0
2020-07-01,US,California,Fresno,5289,75,0,36.75733899,-119.6466953,6019.0,529.375908942139,1.4180374361883157,5214,4811,72,0,4739,4811,994400,478,3,0,475,0
2020-07-01,US,California,Glenn,115,0,0,39.59875897,-122.3938452,6021.0,405.02940865706336,0.0,115,103,0,0,103,103,28047,12,0,0,12,0
2020-07-01,US,California,Humboldt,133,4,0,40.69923009,-123.876044,6023.0,98.11298484781422,3.0075187969924815,129,133,4,0,129,133,136373,0,0,0,0,0
2020-07-01,US,California,Imperial,6523,97,0,33.0393082,-115.36690420000001,6025.0,3599.591645283227,1.4870458378046911,6426,6242,93,0,6149,6187,181827,281,4,0,277,55
2020-07-01,US,California,Inyo,32,1,0,36.51112084,-117.41119779999998,6027.0,177.39342535617274,3.125,31,31,1,0,30,31,17987,1,0,0,1,0
2020-07-01,US,California,Kern,4768,76,0,35.34329425,-118.72777959999999,6029.0,529.658898780496,1.5939597315436242,4692,4655,70,0,4585,4548,896764,113,6,0,107,107
2020-07-01,US,California,Kings,2504,34,0,36.07409056,-119.8159973,6031.0,1637.2433634104873,1.3578274760383386,2470,2394,29,0,2365,2394,151366,110,5,0,105,0
2020-07-01,US,California,Lake,79,0,0,39.10124298,-122.75362439999999,6033.0,122.69748081881156,0.0,79,60,0,0,60,56,64382,19,0,0,19,4
2020-07-01,US,California,Lassen,233,0,0,40.67311306,-120.59350990000002,6035.0,762.110358813332,0.0,233,229,0,0,229,229,30802,4,0,0,4,0
2020-07-01,US,California,Los Angeles,105665,3405,0,34.30828379,-118.22824109999999,6037.0,1052.5338558499277,3.2224483036010025,102260,103850,3371,0,100479,100958,10105518,1815,34,0,1781,2892
2020-07-01,US,California,Madera,541,5,0,37.21513971,-119.76655890000002,6039.0,343.86977441888547,0.9242144177449167,536,488,5,0,483,488,157672,53,0,0,53,0
2020-07-01,US,California,Marin,2394,19,0,38.07122463,-122.72106310000001,6041.0,924.9457164272524,0.7936507936507936,2375,2210,18,0,2192,2210,259666,184,1,0,183,0
2020-07-01,US,California,Mariposa,27,1,0,37.57978556,-119.9073334,6043.0,156.94936929605302,3.703703703703704,26,26,1,0,25,25,17471,1,0,0,1,1
2020-07-01,US,California,Mendocino,85,0,0,39.4381191,-123.39113130000001,6045.0,97.98383843041418,0.0,85,78,0,0,78,76,87606,7,0,0,7,2
2020-07-01,US,California,Merced,1131,11,0,37.18922369,-120.72090349999999,6047.0,407.3033707865168,0.9725906277630416,1120,979,11,0,968,824,274765,152,0,0,152,155
2020-07-01,US,California,Mono,42,1,0,37.93899289,-118.8872409,6051.0,290.7781777900858,2.380952380952381,41,42,1,0,41,41,14250,0,0,0,0,1
2020-07-01,US,California,Monterey,1691,15,0,36.21862405,-121.24133970000001,6053.0,389.5765802502413,0.8870490833826138,1676,1642,15,0,1627,1605,435594,49,0,0,49,37
2020-07-01,US,California,Napa,333,4,0,38.50735751,-122.33283899999999,6055.0,241.7528168196074,1.2012012012012012,329,317,4,0,313,310,139417,16,0,0,16,7
2020-07-01,US,California,Nevada,117,1,0,39.30394768,-120.76272809999999,6057.0,117.2873540173425,0.8547008547008547,116,113,1,0,112,113,99696,4,0,0,4,0
2020-07-01,US,California,Orange,14413,345,0,33.70147516,-117.76459979999998,6059.0,453.8538372109134,2.3936723791021994,14068,13843,340,0,13503,13064,3185968,570,5,0,565,779
2020-07-01,US,California,Placer,724,11,0,39.06167234,-120.72405690000001,6061.0,181.75929947355075,1.5193370165745856,713,684,11,0,673,643,393149,40,0,0,40,41
2020-07-01,US,California,Plumas,10,0,0,40.00355989,-120.8395236,6063.0,53.171691391503174,0.0,10,9,0,0,9,8,18804,1,0,0,1,1
2020-07-01,US,California,Riverside,18041,463,0,33.74314981,-115.9933578,6065.0,730.2434360663594,2.5663765866637105,17578,17296,457,0,16839,16634,2450758,745,6,0,739,662
2020-07-01,US,California,Sacramento,3397,68,0,38.45106826,-121.34253740000001,6067.0,218.87068653362184,2.0017662643508984,3329,3223,68,0,3155,3004,1540975,174,0,0,174,219
2020-07-01,US,California,San Benito,239,2,0,36.60308176,-121.069975,6069.0,380.5247739141511,0.8368200836820083,237,213,2,0,211,213,61537,26,0,0,26,0
2020-07-01,US,California,San Bernardino,12746,258,0,34.84060306,-116.1774685,6071.0,584.6561028583748,2.024164443747058,12488,12550,253,0,12297,11797,2171603,196,5,0,191,753
2020-07-01,US,California,San Diego,14623,370,0,33.03484597,-116.73653259999999,6073.0,438.0333879514608,2.53026054845107,14253,14149,365,0,13784,13832,3343364,474,5,0,469,317
2020-07-01,US,California,San Francisco,3648,50,0,37.75215114,-122.43856720000001,6075.0,413.8170425013244,1.3706140350877194,3598,3603,50,0,3553,3561,883305,45,0,0,45,42
2020-07-01,US,California,San Joaquin,3914,54,0,37.93433732,-121.2730061,6077.0,513.548549625532,1.3796627491057742,3860,3856,52,0,3804,3291,752660,58,2,0,56,565
2020-07-01,US,California,San Luis Obispo,642,2,0,35.38822029,-120.4039028,6079.0,226.76618004952118,0.3115264797507788,640,611,1,0,610,567,284010,31,1,0,30,44
2020-07-01,US,California,San Mateo,3311,108,0,37.422880799999994,-122.32755459999998,6081.0,431.922334859172,3.261854424645122,3203,3232,108,0,3124,3141,769545,79,0,0,79,91
2020-07-01,US,California,Santa Barbara,2896,29,0,34.65329488,-120.0188492,6083.0,648.6016765994998,1.0013812154696131,2867,2896,29,0,2867,2896,446527,0,0,0,0,0
2020-07-01,US,California,Santa Clara,4572,158,0,37.23104908,-121.6970462,6085.0,237.15513431528976,3.4558180227471564,4414,4370,156,0,4214,4265,1937570,202,2,0,200,105
2020-07-01,US,California,Santa Cruz,399,3,0,37.05580291,-122.0066524,6087.0,146.03990293287654,0.7518796992481203,396,379,3,0,376,349,274255,20,0,0,20,30
2020-07-01,US,California,Shasta,129,4,0,40.76391419,-122.0396884,6089.0,71.63482896490449,3.1007751937984502,125,112,4,0,108,112,180040,17,0,0,17,0
2020-07-01,US,California,Sierra,1,0,0,39.57713498,-120.52007009999998,6091.0,33.277870216306155,0.0,1,1,0,0,1,1,2987,0,0,0,0,0
2020-07-01,US,California,Siskiyou,31,0,0,41.59198861,-122.54074340000001,6093.0,71.20053285560074,0.0,31,28,0,0,28,28,43724,3,0,0,3,0
2020-07-01,US,California,Solano,1402,25,0,38.26827353,-121.9357113,6095.0,313.19600663921915,1.7831669044222542,1377,1126,24,0,1102,1126,446610,276,1,0,275,0
2020-07-01,US,California,Sonoma,1185,7,0,38.52746429,-122.88625060000001,6097.0,239.7154971517349,0.5907172995780591,1178,1136,7,0,1129,1118,499942,49,0,0,49,18
2020-07-01,US,California,Stanislaus,2310,44,0,37.55862499,-120.9970722,6099.0,419.4966040751099,1.9047619047619049,2266,2165,42,0,2123,2165,549815,145,2,0,143,0
2020-07-01,US,California,Sutter,197,3,0,39.03417539,-121.6945899,6101.0,203.15352012457333,1.5228426395939083,194,176,3,0,173,176,96807,21,0,0,21,0
2020-07-01,US,California,Tehama,82,1,0,40.12570935,-122.23701709999999,6103.0,125.99102698051749,1.2195121951219512,81,75,1,0,74,75,63916,7,0,0,7,0
2020-07-01,US,California,Trinity,2,0,0,40.64917670000001,-123.114713,6105.0,16.28001628001628,0.0,2,2,0,0,2,2,12535,0,0,0,0,0
2020-07-01,US,California,Tulare,4323,128,0,36.22026558,-118.8020203,6107.0,927.2943725265179,2.9609067777006715,4195,4156,126,0,4030,3872,465861,167,2,0,165,284
2020-07-01,US,California,Tuolumne,30,0,0,38.02644018,-119.95250929999999,6109.0,55.06810088476082,0.0,30,28,0,0,28,28,54539,2,0,0,2,0
2020-07-01,US,California,Ventura,3096,46,0,34.44465746,-119.09106129999999,6111.0,365.95485138403285,1.4857881136950903,3050,2740,45,0,2695,2740,850967,356,1,0,355,0
2020-07-01,US,California,Yolo,555,24,0,38.68278902,-121.90182879999999,6113.0,251.70068027210885,4.3243243243243255,531,505,24,0,481,505,220408,50,0,0,50,0
2020-07-01,US,California,Yuba,94,1,0,39.26255932,-121.35356440000001,6115.0,119.48950017796308,1.0638297872340423,93,71,1,0,70,71,78041,23,0,0,23,0
2020-07-01,US,Colorado,Adams,4226,156,0,39.87432092,-104.3362578,8001.0,816.7430390339781,3.6914339801230485,4070,4185,155,0,4030,4170,511868,41,1,0,40,15
2020-07-01,US,Colorado,Alamosa,197,4,0,37.57250606,-105.7885451,8003.0,1213.5772808476559,2.0304568527918785,193,191,3,0,188,188,16683,6,1,0,5,3
2020-07-01,US,Colorado,Arapahoe,5234,344,0,39.64977461,-104.3353617,8005.0,797.1489057098038,6.57241115781429,4890,5202,344,0,4858,5172,651215,32,0,0,32,30
2020-07-01,US,Colorado,Archuleta,8,0,0,37.19474156,-107.0476867,8007.0,57.02473447858009,0.0,8,8,0,0,8,8,13765,0,0,0,0,0
2020-07-01,US,Colorado,Baca,14,0,0,37.31940883,-102.5603223,8009.0,390.9522479754258,0.0,14,14,0,0,14,14,3585,0,0,0,0,0
2020-07-01,US,Colorado,Bent,4,0,0,37.95474293,-103.0720195,8011.0,71.72314864622557,0.0,4,4,0,0,4,4,5882,0,0,0,0,0
2020-07-01,US,Colorado,Boulder,1401,72,0,40.09313619,-105.3546767,8013.0,429.4963764117279,5.139186295503212,1329,1384,72,0,1312,1367,326078,17,0,0,17,17
2020-07-01,US,Colorado,Broomfield,301,30,0,39.95998787,-105.0566324,8014.0,427.16242106010077,9.966777408637872,271,298,30,0,268,297,69267,3,0,0,3,1
2020-07-01,US,Colorado,Chaffee,77,19,0,38.74745778,-106.19265729999998,8015.0,378.2668500687758,24.675324675324674,58,77,19,0,58,78,20027,0,0,0,0,-1
2020-07-01,US,Colorado,Cheyenne,5,0,0,38.82777431,-102.6032558,8017.0,273.07482250136536,0.0,5,5,0,0,5,5,1876,0,0,0,0,0
2020-07-01,US,Colorado,Clear Creek,19,1,0,39.68864463,-105.6463118,8019.0,195.87628865979383,5.2631578947368425,18,19,1,0,18,18,9605,0,0,0,0,1
2020-07-01,US,Colorado,Conejos,13,0,0,37.201606,-106.19174879999998,8021.0,158.4399756246191,0.0,13,13,0,0,13,13,8200,0,0,0,0,0
2020-07-01,US,Colorado,Costilla,21,0,0,37.27732493,-105.4276548,8023.0,540.2624131721121,0.0,21,21,0,0,21,20,3828,0,0,0,0,1
2020-07-01,US,Colorado,Crowley,70,1,0,38.32608609,-103.7844965,8025.0,1154.9249298795578,1.4285714285714286,69,70,1,0,69,70,5858,0,0,0,0,0
2020-07-01,US,Colorado,Custer,2,0,0,38.10883162,-105.3683478,8027.0,39.463299131807425,0.0,2,2,0,0,2,2,4954,0,0,0,0,0
2020-07-01,US,Colorado,Delta,84,1,0,38.86246243,-107.8631342,8029.0,269.5590783646749,1.1904761904761905,83,83,1,0,82,82,30953,1,0,0,1,1
2020-07-01,US,Colorado,Denver,7149,381,0,39.76018276,-104.8725695,8031.0,983.0709381458753,5.3294167016365925,6768,7091,381,0,6710,7065,716492,58,0,0,58,26
2020-07-01,US,Colorado,Douglas,964,52,0,39.33133796,-104.930001,8035.0,274.52342846728214,5.394190871369295,912,951,52,0,899,946,342776,13,0,0,13,5
2020-07-01,US,Colorado,Eagle,693,8,0,39.62754308,-106.6933637,8037.0,1257.0972481724018,1.1544011544011543,685,692,8,0,684,688,54993,1,0,0,1,4
2020-07-01,US,Colorado,El Paso,2431,120,0,38.83240149,-104.5251411,8041.0,337.45001061905634,4.936240230357877,2311,2374,120,0,2254,2360,713856,57,0,0,57,14
2020-07-01,US,Colorado,Elbert,57,2,0,39.28656773,-104.1358721,8039.0,213.2515245613379,3.5087719298245608,55,57,2,0,55,56,26282,0,0,0,0,1
2020-07-01,US,Colorado,Fremont,37,0,0,38.47362326,-105.4399667,8043.0,77.34275382010493,0.0,37,36,0,0,36,36,48021,1,0,0,1,0
2020-07-01,US,Colorado,Garfield,300,2,0,39.59921777,-107.902708,8045.0,499.49218294733686,0.6666666666666666,298,298,2,0,296,277,59770,2,0,0,2,21
2020-07-01,US,Colorado,Gilpin,7,0,0,39.85646523,-105.5252597,8047.0,112.12558065032835,0.0,7,7,0,0,7,7,6121,0,0,0,0,0
2020-07-01,US,Colorado,Grand,21,1,0,40.10603347,-106.1178042,8049.0,133.46892080844032,4.761904761904762,20,21,1,0,20,21,15525,0,0,0,0,0
2020-07-01,US,Colorado,Gunnison,188,6,0,38.66611652,-107.0320729,8051.0,1076.6235253693737,3.191489361702128,182,187,6,0,181,186,17246,1,0,0,1,1
2020-07-01,US,Colorado,Hinsdale,3,0,0,37.82247444,-107.3004345,8053.0,365.8536585365854,0.0,3,3,0,0,3,3,811,0,0,0,0,0
2020-07-01,US,Colorado,Huerfano,4,1,0,37.68473101,-104.9612585,8055.0,57.99623024503408,25.0,3,4,0,0,4,4,6889,0,1,0,-1,0
2020-07-01,US,Colorado,Jackson,2,0,0,40.66593870000001,-106.3408905,8057.0,143.67816091954026,0.0,2,2,0,0,2,1,1399,0,0,0,0,1
2020-07-01,US,Colorado,Jefferson,2711,211,0,39.58635604,-105.2517692,8059.0,465.10351169449683,7.783105864994467,2500,2682,209,0,2473,2671,580233,29,2,0,27,11
2020-07-01,US,Colorado,Kit Carson,33,3,0,39.30497777,-102.6022199,8063.0,464.985205016204,9.090909090909092,30,32,3,0,29,31,7163,1,0,0,1,1
2020-07-01,US,Colorado,La Plata,116,1,0,37.28632032,-107.8429014,8067.0,206.3285960761993,0.8620689655172413,115,112,1,0,111,106,56310,4,0,0,4,6
2020-07-01,US,Colorado,Lake,51,0,0,39.20278823,-106.3555697,8065.0,627.5378368401623,0.0,51,51,0,0,51,51,7824,0,0,0,0,0
2020-07-01,US,Colorado,Larimer,747,29,0,40.66671597,-105.4625784,8069.0,209.3029120283329,3.882195448460509,718,736,29,0,707,723,350518,11,0,0,11,13
2020-07-01,US,Colorado,Las Animas,9,0,0,37.3153406,-104.0376458,8071.0,62.04329243071832,0.0,9,9,0,0,9,7,14503,0,0,0,0,2
2020-07-01,US,Colorado,Lincoln,4,0,0,38.98749519,-103.5136649,8073.0,70.1631292755657,0.0,4,4,0,0,4,4,5610,0,0,0,0,0
2020-07-01,US,Colorado,Logan,638,5,0,40.7249637,-103.110817,8075.0,2847.0703735106426,0.7836990595611285,633,637,5,0,632,637,21528,1,0,0,1,0
2020-07-01,US,Colorado,Mesa,96,0,0,39.01787888,-108.469799,8077.0,62.25277219376175,0.0,96,96,0,0,96,95,153207,0,0,0,0,1
2020-07-01,US,Colorado,Mineral,7,0,0,37.66954283,-106.9281698,8079.0,910.2730819245774,0.0,7,7,0,0,7,5,776,0,0,0,0,2
2020-07-01,US,Colorado,Moffat,14,0,0,40.61810999,-108.2070876,8081.0,105.39787698562073,0.0,14,14,0,0,14,10,13188,0,0,0,0,4
2020-07-01,US,Colorado,Montezuma,72,3,0,37.33859579,-108.5958857,8083.0,274.98758736584807,4.166666666666667,69,72,3,0,69,71,26158,0,0,0,0,1
2020-07-01,US,Colorado,Montrose,207,12,0,38.40214114,-108.26390220000002,8085.0,484.1199307731886,5.797101449275362,195,207,12,0,195,205,42214,0,0,0,0,2
2020-07-01,US,Colorado,Morgan,653,46,0,40.26279810000001,-103.8093302,8087.0,2246.456584560341,7.044410413476263,607,652,46,0,606,652,28558,1,0,0,1,0
2020-07-01,US,Colorado,Otero,22,1,0,37.9014485,-103.7173385,8089.0,120.3632782580151,4.545454545454546,21,22,1,0,21,22,18432,0,0,0,0,0
2020-07-01,US,Colorado,Ouray,11,1,0,38.14717457,-107.7675136,8091.0,222.1324717285945,9.090909090909092,10,11,1,0,10,10,4833,0,0,0,0,1
2020-07-01,US,Colorado,Park,27,0,0,39.120926,-105.7182065,8093.0,143.27407800477582,0.0,27,27,0,0,27,27,18556,0,0,0,0,0
2020-07-01,US,Colorado,Phillips,16,0,0,40.59414277,-102.3577703,8095.0,375.14654161781954,0.0,16,16,0,0,16,16,4286,0,0,0,0,0
2020-07-01,US,Colorado,Pitkin,99,2,0,39.21720112,-106.9310027,8097.0,557.2128102662239,2.0202020202020203,97,99,2,0,97,94,17950,0,0,0,0,5
2020-07-01,US,Colorado,Prowers,21,0,0,37.95544985,-102.3926052,8099.0,172.52711140322052,0.0,21,20,0,0,20,20,12164,1,0,0,1,0
2020-07-01,US,Colorado,Pueblo,393,30,0,38.17359144,-104.5127437,8101.0,233.33966655583527,7.633587786259542,363,390,28,0,362,385,167529,3,2,0,1,5
2020-07-01,US,Colorado,Rio Blanco,4,0,0,39.97913541,-108.2179009,8103.0,63.25110689437065,0.0,4,4,0,0,4,3,6336,0,0,0,0,1
2020-07-01,US,Colorado,Rio Grande,76,2,0,37.5836865,-106.3847838,8105.0,674.5362563237774,2.631578947368421,74,76,2,0,74,74,11250,0,0,0,0,2
2020-07-01,US,Colorado,Routt,75,6,0,40.48596505,-106.9905548,8107.0,292.53451907325064,8.0,69,73,6,0,67,73,25733,2,0,0,2,0
2020-07-01,US,Colorado,Saguache,102,2,0,38.08054629,-106.282466,8109.0,1494.7245017584994,1.96078431372549,100,102,2,0,100,102,6843,0,0,0,0,0
2020-07-01,US,Colorado,San Juan,2,0,0,37.76248981,-107.67632890000002,8111.0,274.72527472527474,0.0,2,2,0,0,2,1,762,0,0,0,0,1
2020-07-01,US,Colorado,San Miguel,39,0,0,38.00450883,-108.4020725,8113.0,476.8309084240127,0.0,39,37,0,0,37,37,8191,2,0,0,2,0
2020-07-01,US,Colorado,Summit,274,3,0,39.63803232,-106.1150762,8117.0,883.5574473573893,1.094890510948905,271,269,3,0,266,269,31007,5,0,0,5,0
2020-07-01,US,Colorado,Teller,41,2,0,38.88133511,-105.1614893,8119.0,161.49361903261382,4.878048780487805,39,41,2,0,39,41,25083,0,0,0,0,0
2020-07-01,US,Colorado,Washington,45,0,0,39.97015535,-103.202587,8121.0,916.8704156479216,0.0,45,45,0,0,45,44,4909,0,0,0,0,1
2020-07-01,US,Colorado,Weld,2823,137,0,40.55499405,-104.3929621,8123.0,869.9752228098073,4.852993269571377,2686,2802,137,0,2665,2798,314305,21,0,0,21,4
2020-07-01,US,Colorado,Yuma,52,0,0,40.00346839,-102.4258673,8125.0,519.0138736400838,0.0,52,52,0,0,52,52,10020,0,0,0,0,0
2020-07-01,US,Connecticut,Fairfield,16717,1376,0,41.26809896,-73.3881171,9001.0,1772.1226461097474,8.231141951307052,15341,16703,1376,0,15327,16664,943823,14,0,0,14,39
2020-07-01,US,Connecticut,Hartford,11691,1373,0,41.80283011,-72.73103891,9003.0,1311.0617682680665,11.744076640150544,10318,11662,1370,0,10292,11623,892697,29,3,0,26,39
2020-07-01,US,Connecticut,Litchfield,1490,137,0,41.7937534,-73.2451475,9005.0,826.2492167268332,9.194630872483222,1353,1490,137,0,1353,1487,181111,0,0,0,0,3
2020-07-01,US,Connecticut,Middlesex,1304,185,0,41.45949668,-72.53714864,9007.0,802.7777093747693,14.187116564417176,1119,1305,184,0,1121,1295,162682,-1,1,0,-2,10
2020-07-01,US,Connecticut,New Haven,12368,1073,0,41.408032500000004,-72.93620426,9009.0,1446.9609491352512,8.67561448900388,11295,12359,1075,0,11284,12318,857620,9,-2,0,11,41
2020-07-01,US,Connecticut,New London,1268,102,0,41.48896435,-72.10430976,9011.0,478.1188962542325,8.04416403785489,1166,1268,102,0,1166,1255,266784,0,0,0,0,13
2020-07-01,US,Connecticut,Tolland,913,64,0,41.85853803,-72.3308481,9013.0,605.7550042794302,7.0098576122672505,849,913,64,0,849,909,150921,0,0,0,0,4
2020-07-01,US,Connecticut,Unassigned,209,0,0,0.0,0.0,90009.0,0.0,0.0,209,204,0,0,204,205,,5,0,0,5,-1
2020-07-01,US,Connecticut,Windham,612,14,0,41.82972709,-71.98182316,9015.0,524.0533643883475,2.2875816993464047,598,610,14,0,596,606,117027,2,0,0,2,4
2020-07-01,US,Delaware,Kent,1699,90,0,39.08646628,-75.56884914,10001.0,939.7851603553372,5.29723366686286,1609,1690,89,0,1601,1672,178550,9,1,0,8,18
2020-07-01,US,Delaware,New Castle,5079,243,0,39.57992638,-75.64054974,10003.0,908.9884081159296,4.784406379208505,4836,5065,244,0,4821,5031,559335,14,-1,0,15,34
2020-07-01,US,Delaware,Sussex,4690,176,0,38.66143781,-75.39031349,10005.0,2002.348169495144,3.752665245202559,4514,4681,176,0,4505,4637,229286,9,0,0,9,44
2020-07-01,US,Delaware,Unassigned,42,0,0,0.0,0.0,90010.0,0.0,0.0,42,38,0,0,38,36,,4,0,0,4,2
2020-07-01,US,District of Columbia,District of Columbia,10365,553,0,38.90417773,-77.01655992,11001.0,1468.6524529258984,5.33526290400386,9812,10327,551,0,9776,10292,702455,38,2,0,36,35
2020-07-01,US,Florida,Alachua,1245,12,0,29.67866525,-82.35928158,12001.0,462.7513074118264,0.9638554216867471,1233,1197,12,0,1185,1159,269956,48,0,0,48,38
2020-07-01,US,Florida,Baker,72,4,0,30.33060121,-82.28467476,12003.0,246.49092776446426,5.5555555555555545,68,63,4,0,59,57,28355,9,0,0,9,6
2020-07-01,US,Florida,Bay,408,5,0,30.26548745,-85.62122584,12005.0,233.536533012793,1.2254901960784317,403,384,4,0,380,347,185287,24,1,0,23,37
2020-07-01,US,Florida,Bradford,84,2,0,29.95079741,-82.16611613,12007.0,297.8617779511365,2.380952380952381,82,83,2,0,81,83,27732,1,0,0,1,0
2020-07-01,US,Florida,Brevard,1962,17,0,28.29409504,-80.73091022,12009.0,325.9450246036994,0.8664627930682977,1945,1793,17,0,1776,1716,596849,169,0,0,169,77
2020-07-01,US,Florida,Broward,16155,385,0,26.15184651,-80.48725556,12011.0,827.2829784030749,2.3831631073970905,15770,15624,383,0,15241,15045,1951260,531,2,0,529,579
2020-07-01,US,Florida,Calhoun,77,6,0,30.40666734,-85.19394153,12013.0,545.9057071960298,7.792207792207793,71,76,6,0,70,75,14587,1,0,0,1,1
2020-07-01,US,Florida,Charlotte,793,76,0,26.90131002,-81.92949121,12015.0,419.7766132020539,9.583858764186633,717,775,76,0,699,749,184998,18,0,0,18,26
2020-07-01,US,Florida,Citrus,323,13,0,28.84804315,-82.47614748,12017.0,215.82685741395323,4.0247678018575845,310,291,13,0,278,284,147929,32,0,0,32,7
2020-07-01,US,Florida,Clay,729,34,0,29.98319144,-81.85609986,12019.0,332.4941163592578,4.663923182441701,695,713,34,0,679,682,216072,16,0,0,16,31
2020-07-01,US,Florida,Collier,4376,81,0,26.11091986,-81.34687065,12021.0,1136.9127726018573,1.851005484460695,4295,4225,74,0,4151,4147,378488,151,7,0,144,78
2020-07-01,US,Florida,Columbia,296,3,0,30.22509788,-82.62160164,12023.0,412.9118656362469,1.0135135135135136,293,287,3,0,284,281,70503,9,0,0,9,6
2020-07-01,US,Florida,DeSoto,634,10,0,27.18677893,-81.80941373,12027.0,1668.3771479697907,1.5772870662460567,624,604,10,0,594,600,37489,30,0,0,30,4
2020-07-01,US,Florida,Dixie,69,4,0,29.60631086,-83.15724673,12029.0,410.07963865446334,5.797101449275362,65,68,4,0,64,65,16700,1,0,0,1,3
2020-07-01,US,Florida,Duval,6480,67,0,30.33225875,-81.66976468,12031.0,676.5822157023457,1.0339506172839503,6413,6207,64,0,6143,5839,950181,273,3,0,270,368
2020-07-01,US,Florida,Escambia,2046,44,0,30.67652764,-87.37284571,12033.0,642.7575114037624,2.150537634408602,2002,1952,45,0,1907,1702,315534,94,-1,0,95,250
2020-07-01,US,Florida,Flagler,323,5,0,29.45933576,-81.31508595,12035.0,280.6718745926782,1.547987616099071,318,310,5,0,305,302,112067,13,0,0,13,8
2020-07-01,US,Florida,Franklin,6,0,0,29.83791238,-84.82731662,12037.0,49.48453608247422,0.0,6,6,0,0,6,6,11736,0,0,0,0,0
2020-07-01,US,Florida,Gadsden,389,7,0,30.57796289,-84.61915825,12039.0,851.9491896627245,1.7994858611825193,382,379,7,0,372,376,45894,10,0,0,10,3
2020-07-01,US,Florida,Gilchrist,102,0,0,29.72856978,-82.79880657,12041.0,548.9183080400387,0.0,102,97,0,0,97,96,18256,5,0,0,5,1
2020-07-01,US,Florida,Glades,164,1,0,26.95635849,-81.18996211,12043.0,1187.4592715951053,0.6097560975609756,163,175,1,0,174,167,13724,-11,0,0,-11,8
2020-07-01,US,Florida,Gulf,23,0,0,29.93543004,-85.24270990000002,12045.0,168.63406408094434,0.0,23,23,0,0,23,22,16164,0,0,0,0,1
2020-07-01,US,Florida,Hamilton,345,2,0,30.49673973,-82.94998918,12047.0,2391.183809259773,0.5797101449275363,343,334,2,0,332,327,14310,11,0,0,11,7
2020-07-01,US,Florida,Hardee,440,3,0,27.49293939,-81.80956574,12049.0,1633.440991944166,0.6818181818181818,437,430,3,0,427,426,27245,10,0,0,10,4
2020-07-01,US,Florida,Hendry,980,25,0,26.55386945,-81.16469006,12051.0,2332.111750987578,2.5510204081632653,955,953,25,0,928,938,41556,27,0,0,27,15
2020-07-01,US,Florida,Hernando,408,5,0,28.55364461,-82.42700204,12053.0,210.39603960396042,1.2254901960784317,403,373,5,0,368,361,190865,35,0,0,35,12
2020-07-01,US,Florida,Highlands,365,11,0,27.34254618,-81.34071957,12055.0,343.62320068536354,3.0136986301369864,354,350,11,0,339,345,105424,15,0,0,15,5
2020-07-01,US,Florida,Hillsborough,11465,140,0,27.9276559,-82.32013172,12057.0,778.8892149829344,1.2211077191452246,11325,10752,138,0,10614,10323,1436888,713,2,0,711,429
2020-07-01,US,Florida,Holmes,181,0,0,30.86747479,-85.81319222,12059.0,922.6691135239844,0.0,181,177,0,0,177,161,19477,4,0,0,4,16
2020-07-01,US,Florida,Indian River,739,16,0,27.69308961,-80.60556721,12061.0,462.0973843662263,2.165087956698241,723,697,16,0,681,686,157413,42,0,0,42,11
2020-07-01,US,Florida,Jackson,365,2,0,30.795459700000002,-85.21500423,12063.0,786.4006549747921,0.547945205479452,363,363,2,0,361,359,48305,2,0,0,2,4
2020-07-01,US,Florida,Jefferson,51,4,0,30.43669112,-83.89442308,12065.0,357.99522673031026,7.84313725490196,47,49,4,0,45,46,14288,2,0,0,2,3
2020-07-01,US,Florida,Lafayette,32,0,0,29.98484137,-83.18166636,12067.0,379.957254808834,0.0,32,32,0,0,32,31,8732,0,0,0,0,1
2020-07-01,US,Florida,Lake,1410,22,0,28.76202069,-81.7125123,12069.0,384.072695972412,1.5602836879432624,1388,1302,22,0,1280,1252,356495,108,0,0,108,50
2020-07-01,US,Florida,Lee,5869,159,0,26.58410348,-81.88399313,12071.0,761.6370589830738,2.709149769977849,5710,5588,158,0,5430,5363,754610,281,1,0,280,225
2020-07-01,US,Florida,Leon,1149,8,0,30.45955727,-84.27491114,12073.0,391.3727680852368,0.6962576153176675,1141,1114,8,0,1106,998,292502,35,0,0,35,116
2020-07-01,US,Florida,Levy,181,1,0,29.31829741,-82.74007147,12075.0,436.1130520685252,0.5524861878453039,180,174,1,0,173,173,40770,7,0,0,7,1
2020-07-01,US,Florida,Liberty,222,1,0,30.23766008,-84.8829258,12077.0,2657.409624132152,0.4504504504504505,221,222,1,0,221,222,8457,0,0,0,0,0
2020-07-01,US,Florida,Madison,200,3,0,30.44396917,-83.47398594,12079.0,1081.4902936246147,1.5,197,195,3,0,192,191,18529,5,0,0,5,4
2020-07-01,US,Florida,Manatee,3015,129,0,27.47196942,-82.31831044,12081.0,747.6695771637161,4.278606965174129,2886,2856,130,0,2726,2810,394855,159,-1,0,160,46
2020-07-01,US,Florida,Marion,727,10,0,29.21227113,-82.05803627,12083.0,198.86262613552745,1.375515818431912,717,672,10,0,662,655,359977,55,0,0,55,17
2020-07-01,US,Florida,Martin,2112,25,0,27.0772071,-80.43109784,12085.0,1311.8012422360248,1.1837121212121209,2087,2055,25,0,2030,1979,160912,57,0,0,57,76
2020-07-01,US,Florida,Miami-Dade,37961,1000,0,25.6112362,-80.55170587,12086.0,1397.1968464522586,2.6342825531466505,36961,36820,991,0,35829,35222,2761581,1141,9,0,1132,1598
2020-07-01,US,Florida,Monroe,270,4,0,25.20904673,-81.07812416,12087.0,363.7441396777496,1.4814814814814814,266,259,4,0,255,236,75027,11,0,0,11,23
2020-07-01,US,Florida,Nassau,196,1,0,30.61037141,-81.80297522,12089.0,221.1565585331453,0.5102040816326531,195,182,1,0,181,175,85832,14,0,0,14,7
2020-07-01,US,Florida,Okaloosa,704,7,0,30.69143028,-86.59267105,12091.0,334.0640985489091,0.9943181818181818,697,666,6,0,660,636,207269,38,1,0,37,30
2020-07-01,US,Florida,Okeechobee,383,0,0,27.386336199999995,-80.88944347,12093.0,908.2716752039461,0.0,383,377,0,0,377,360,41537,6,0,0,6,17
2020-07-01,US,Florida,Orange,10874,58,0,28.51367621,-81.31799498,12095.0,780.3641603729442,0.5333823799889645,10816,10314,58,0,10256,10014,1380645,560,0,0,560,300
2020-07-01,US,Florida,Osceola,2164,25,0,28.06312234,-81.14882926,12097.0,575.9133042892768,1.155268022181146,2139,2026,24,0,2002,1919,367990,138,1,0,137,107
2020-07-01,US,Florida,Palm Beach,14447,512,0,26.64676272,-80.46536002,12099.0,965.2117559812127,3.5439883712881564,13935,14150,510,0,13640,13711,1485941,297,2,0,295,439
2020-07-01,US,Florida,Pasco,2133,21,0,28.30810945,-82.40227529,12101.0,385.0548879224908,0.9845288326300984,2112,1992,19,0,1973,1909,539630,141,2,0,139,83
2020-07-01,US,Florida,Pinellas,6861,172,0,27.93130349,-82.72239666,12103.0,703.6951946469524,2.5069231890394987,6689,6487,166,0,6321,6260,975280,374,6,0,368,227
2020-07-01,US,Florida,Polk,4048,102,0,27.95027105,-81.69732947,12105.0,558.5166195947168,2.5197628458498023,3946,3836,98,0,3738,3682,708009,212,4,0,208,154
2020-07-01,US,Florida,Putnam,381,6,0,29.60779729,-81.74230285,12107.0,511.2652809275238,1.5748031496062993,375,339,6,0,333,327,74163,42,0,0,42,12
2020-07-01,US,Florida,Santa Rosa,617,9,0,30.69341450000001,-87.02458128,12113.0,334.7566368080385,1.4586709886547813,608,593,9,0,584,482,179349,24,0,0,24,111
2020-07-01,US,Florida,Sarasota,1601,97,0,27.18546175,-82.33174248,12115.0,369.1134360979568,6.0587133041848835,1504,1482,97,0,1385,1447,426718,119,0,0,119,35
2020-07-01,US,Florida,Seminole,2682,17,0,28.7158582,-81.24060348,12117.0,568.4298872889583,0.6338553318419089,2665,2566,16,0,2550,2477,467832,116,1,0,115,89
2020-07-01,US,Florida,St. Johns,989,7,0,29.90096506,-81.43589967,12109.0,373.6700519888768,0.7077856420626896,982,948,7,0,941,895,254261,41,0,0,41,53
2020-07-01,US,Florida,St. Lucie,1812,48,0,27.37763908,-80.47106649,12111.0,551.9392501302175,2.6490066225165565,1764,1724,47,0,1677,1691,321128,88,1,0,87,33
2020-07-01,US,Florida,Sumter,368,17,0,28.70181754,-82.0794267,12119.0,277.9036399335448,4.619565217391305,351,345,17,0,328,334,128754,23,0,0,23,11
2020-07-01,US,Florida,Suwannee,532,21,0,30.19746066,-82.99099670000003,12121.0,1197.7396042055968,3.947368421052632,511,499,20,0,479,439,44191,33,1,0,32,60
2020-07-01,US,Florida,Taylor,80,1,0,30.04848048,-83.60445406,12123.0,370.9026844081784,1.25,79,79,0,0,79,76,21623,1,1,0,0,3
2020-07-01,US,Florida,Unassigned,167,0,0,0.0,0.0,90012.0,0.0,0.0,167,145,0,0,145,138,,22,0,0,22,7
2020-07-01,US,Florida,Union,62,2,0,30.04412971,-82.37497443,12125.0,406.90424624269866,3.2258064516129035,60,62,2,0,60,61,14940,0,0,0,0,1
2020-07-01,US,Florida,Volusia,2219,58,0,29.05858895,-81.18263252,12127.0,401.0598535291097,2.6137899954934656,2161,2105,57,0,2048,2024,547538,114,1,0,113,81
2020-07-01,US,Florida,Wakulla,65,1,0,30.16548905,-84.39895211,12129.0,192.6553839769999,1.5384615384615383,64,60,1,0,59,55,32461,5,0,0,5,5
2020-07-01,US,Florida,Walton,257,9,0,30.64204028,-86.16935664,12131.0,346.9643990225594,3.5019455252918283,248,245,9,0,236,213,71375,12,0,0,12,32
2020-07-01,US,Florida,Washington,112,13,0,30.61359259,-85.66002461,12133.0,439.6812311074471,11.607142857142858,99,113,12,0,101,112,24880,-1,1,0,-2,1
2020-07-01,US,Georgia,Appling,260,14,0,31.74847232,-82.28909114,13001.0,1414.1194387033613,5.384615384615384,246,258,14,0,244,256,18507,2,0,0,2,2
2020-07-01,US,Georgia,Atkinson,152,2,0,31.29633502,-82.87545866,13003.0,1861.6044090630746,1.3157894736842106,150,147,2,0,145,139,8297,5,0,0,5,8
2020-07-01,US,Georgia,Bacon,244,4,0,31.55456473,-82.45936528,13005.0,2185.5965603726268,1.639344262295082,240,236,4,0,232,229,11185,8,0,0,8,7
2020-07-01,US,Georgia,Baker,43,3,0,31.32669878,-84.44218806,13007.0,1415.4048716260697,6.9767441860465125,40,43,3,0,40,43,3092,0,0,0,0,0
2020-07-01,US,Georgia,Baldwin,517,34,0,33.06882326,-83.24701748,13009.0,1151.7041657384716,6.576402321083172,483,499,34,0,465,483,44823,18,0,0,18,16
2020-07-01,US,Georgia,Banks,138,0,0,34.35607081,-83.49644388,13011.0,717.4794634501404,0.0,138,133,0,0,133,130,18988,5,0,0,5,3
2020-07-01,US,Georgia,Barrow,532,25,0,33.99148694,-83.71436292,13013.0,639.1158097068717,4.699248120300752,507,523,25,0,498,485,80809,9,0,0,9,38
2020-07-01,US,Georgia,Bartow,714,42,0,34.23732119,-84.83887523,13015.0,662.7188178729883,5.882352941176472,672,688,42,0,646,677,106408,26,0,0,26,11
2020-07-01,US,Georgia,Ben Hill,168,1,0,31.76095874,-83.22145359,13017.0,1005.9880239520958,0.5952380952380952,167,165,1,0,164,159,16787,3,0,0,3,6
2020-07-01,US,Georgia,Berrien,119,0,0,31.27590016,-83.22529920000002,13019.0,613.4969325153373,0.0,119,116,0,0,116,114,19252,3,0,0,3,2
2020-07-01,US,Georgia,Bibb,922,40,0,32.80904227,-83.70489165,13021.0,601.9887828988176,4.338394793926248,882,848,39,0,809,775,153095,74,1,0,73,73
2020-07-01,US,Georgia,Bleckley,62,1,0,32.43829035,-83.33035166,13023.0,481.6282140915092,1.6129032258064515,61,60,1,0,59,58,12838,2,0,0,2,2
2020-07-01,US,Georgia,Brantley,96,2,0,31.19576557,-81.97743999,13025.0,502.38107697943383,2.083333333333333,94,94,2,0,92,85,18897,2,0,0,2,9
2020-07-01,US,Georgia,Brooks,158,11,0,30.83922642,-83.58303423,13027.0,1022.1905932587176,6.962025316455697,147,154,11,0,143,145,15513,4,0,0,4,9
2020-07-01,US,Georgia,Bryan,134,5,0,32.00979311,-81.44002948,13029.0,338.15327932974986,3.7313432835820897,129,127,5,0,122,117,38109,7,0,0,7,10
2020-07-01,US,Georgia,Bulloch,391,4,0,32.39577406,-81.74811421,13031.0,491.1566676715908,1.0230179028132993,387,339,4,0,335,299,77296,52,0,0,52,40
2020-07-01,US,Georgia,Burke,146,7,0,33.05917989,-81.99928721,13033.0,652.2807487825581,4.794520547945205,139,144,7,0,137,143,22423,2,0,0,2,1
2020-07-01,US,Georgia,Butts,276,33,0,33.283094500000004,-83.95435040000002,13035.0,1106.8334937439843,11.956521739130435,243,274,33,0,241,265,24193,2,0,0,2,9
2020-07-01,US,Georgia,Calhoun,163,5,0,31.53169785,-84.62725131,13037.0,2633.7049604136373,3.0674846625766867,158,162,5,0,157,162,6352,1,0,0,1,0
2020-07-01,US,Georgia,Camden,135,2,0,30.92951916,-81.66601818,13039.0,246.95423114916042,1.4814814814814814,133,128,2,0,126,114,53677,7,0,0,7,14
2020-07-01,US,Georgia,Candler,43,0,0,32.40209349,-82.07702563,13043.0,398.03758215310563,0.0,43,37,0,0,37,33,10836,6,0,0,6,4
2020-07-01,US,Georgia,Carroll,730,39,0,33.58138199,-85.07976677,13045.0,608.3738915927729,5.3424657534246585,691,704,39,0,665,678,118121,26,0,0,26,26
2020-07-01,US,Georgia,Catoosa,314,8,0,34.89872298,-85.13757014,13047.0,464.6345072506659,2.5477707006369426,306,312,8,0,304,304,67420,2,0,0,2,8
2020-07-01,US,Georgia,Charlton,56,2,0,30.78371028,-82.13951596,13049.0,418.1600955794504,3.571428571428572,54,51,2,0,49,46,12968,5,0,0,5,5
2020-07-01,US,Georgia,Chatham,1379,37,0,32.00043026,-81.12489526,13051.0,476.45371937947,2.6831036983321246,1342,1321,37,0,1284,1140,289195,58,0,0,58,181
2020-07-01,US,Georgia,Chattahoochee,413,0,0,32.34341231,-84.78809239,13053.0,3786.559090492344,0.0,413,410,0,0,410,405,10684,3,0,0,3,5
2020-07-01,US,Georgia,Chattooga,62,2,0,34.47197698,-85.34535662,13055.0,250.1109363023922,3.2258064516129035,60,61,2,0,59,56,24790,1,0,0,1,5
2020-07-01,US,Georgia,Cherokee,1348,43,0,34.24393976,-84.47431861,13057.0,520.9198795855826,3.1899109792284865,1305,1315,43,0,1272,1283,254149,33,0,0,33,32
2020-07-01,US,Georgia,Clarke,574,15,0,33.95436462,-83.37124007,13059.0,447.2808596519937,2.6132404181184667,559,531,15,0,516,490,127330,43,0,0,43,41
2020-07-01,US,Georgia,Clay,57,2,0,31.62221166,-84.97713865,13061.0,2011.2914608327453,3.5087719298245608,55,57,2,0,55,57,2887,0,0,0,0,0
2020-07-01,US,Georgia,Clayton,2002,79,0,33.54187245,-84.35594188,13063.0,685.0158764918427,3.946053946053946,1923,1939,79,0,1860,1888,289615,63,0,0,63,51
2020-07-01,US,Georgia,Clinch,108,3,0,30.91395822,-82.70432472,13065.0,1631.9129646418858,2.7777777777777777,105,108,3,0,105,104,6648,0,0,0,0,4
2020-07-01,US,Georgia,Cobb,5081,245,0,33.94243204,-84.5761255,13067.0,668.4286204796217,4.821885455618973,4836,4877,243,0,4634,4630,756865,204,2,0,202,247
2020-07-01,US,Georgia,Coffee,564,17,0,31.54892966,-82.85492059999999,13069.0,1303.353130127331,3.0141843971631204,547,540,17,0,523,534,43093,24,0,0,24,6
2020-07-01,US,Georgia,Colquitt,992,18,0,31.18810588,-83.7677946,13071.0,2175.438596491228,1.814516129032258,974,951,18,0,933,911,45592,41,0,0,41,40
2020-07-01,US,Georgia,Columbia,505,9,0,33.54534185,-82.263524,13073.0,322.24306698827166,1.7821782178217822,496,470,9,0,461,444,154291,35,0,0,35,26
2020-07-01,US,Georgia,Cook,147,1,0,31.16068491,-83.42947229,13075.0,851.1870295309785,0.6802721088435374,146,133,1,0,132,130,17162,14,0,0,14,3
2020-07-01,US,Georgia,Coweta,684,16,0,33.35334302,-84.76129976,13077.0,460.5781467789832,2.3391812865497075,668,667,15,0,652,647,145864,17,1,0,16,20
2020-07-01,US,Georgia,Crawford,45,0,0,32.71391813,-83.98061238,13079.0,362.7861980006449,0.0,45,42,0,0,42,39,12318,3,0,0,3,3
2020-07-01,US,Georgia,Crisp,274,12,0,31.92289565,-83.76811843,13081.0,1224.7452172358305,4.37956204379562,262,273,12,0,261,271,22601,1,0,0,1,2
2020-07-01,US,Georgia,Dade,67,1,0,34.854916700000004,-85.50490424,13083.0,415.73591461901225,1.492537313432836,66,66,1,0,65,65,16226,1,0,0,1,1
2020-07-01,US,Georgia,Dawson,144,3,0,34.44244079,-84.16964071,13085.0,551.5550789030184,2.083333333333333,141,141,3,0,138,136,25083,3,0,0,3,5
2020-07-01,US,Georgia,DeKalb,5959,173,0,33.76944049,-84.22396017,13089.0,784.8048918934226,2.9031716730995134,5786,5841,173,0,5668,5469,756558,118,0,0,118,372
2020-07-01,US,Georgia,Decatur,253,8,0,30.87967778,-84.57619536,13087.0,958.1881533101047,3.1620553359683794,245,253,8,0,245,250,26575,0,0,0,0,3
2020-07-01,US,Georgia,Dodge,104,2,0,32.17265114,-83.16948926,13091.0,504.73186119873816,1.9230769230769231,102,100,2,0,98,96,20705,4,0,0,4,4
2020-07-01,US,Georgia,Dooly,210,12,0,32.15630737,-83.79746561,13093.0,1568.334578043316,5.7142857142857135,198,210,12,0,198,205,13706,0,0,0,0,5
2020-07-01,US,Georgia,Dougherty,1914,155,0,31.53328528,-84.21722377,13095.0,2176.088044022011,8.098223615464995,1759,1903,154,0,1749,1887,91243,11,1,0,10,16
2020-07-01,US,Georgia,Douglas,971,36,0,33.70291126,-84.77026156,13097.0,663.5096998148186,3.707518022657055,935,917,36,0,881,879,145331,54,0,0,54,38
2020-07-01,US,Georgia,Early,264,31,0,31.32155345,-84.90255207,13099.0,2590.775269872424,11.742424242424242,233,260,31,0,229,260,10247,4,0,0,4,0
2020-07-01,US,Georgia,Echols,185,0,0,30.71101099,-82.89687287,13101.0,4618.072890664004,0.0,185,184,0,0,184,183,4000,1,0,0,1,1
2020-07-01,US,Georgia,Effingham,148,1,0,32.36616021,-81.34280942,13103.0,230.18539255941272,0.6756756756756757,147,141,1,0,140,131,62190,7,0,0,7,10
2020-07-01,US,Georgia,Elbert,106,0,0,34.11302332,-82.83936148,13105.0,552.2559133062415,0.0,106,104,0,0,104,100,19120,2,0,0,2,4
2020-07-01,US,Georgia,Emanuel,118,3,0,32.59221302,-82.30239915,13107.0,521.0633224410492,2.5423728813559316,115,116,3,0,113,106,22612,2,0,0,2,10
2020-07-01,US,Georgia,Evans,25,0,0,32.15328841,-81.8870105,13109.0,234.65365121081282,0.0,25,23,0,0,23,19,10721,2,0,0,2,4
2020-07-01,US,Georgia,Fannin,101,1,0,34.86430205,-84.316964,13111.0,385.6728272491217,0.99009900990099,100,97,1,0,96,94,25964,4,0,0,4,3
2020-07-01,US,Georgia,Fayette,346,19,0,33.41357794,-84.49089434,13113.0,302.39204341860324,5.491329479768787,327,341,17,0,324,326,113459,5,2,0,3,15
2020-07-01,US,Georgia,Floyd,539,15,0,34.26268279,-85.21577392,13115.0,547.2192328778249,2.782931354359926,524,514,15,0,499,502,97927,25,0,0,25,12
2020-07-01,US,Georgia,Forsyth,851,15,0,34.22604035,-84.12315129999998,13117.0,348.41065784517633,1.7626321974148058,836,828,15,0,813,792,236612,23,0,0,23,36
2020-07-01,US,Georgia,Franklin,197,1,0,34.37525597,-83.23159927,13119.0,843.7192170970918,0.5076142131979695,196,193,1,0,192,187,23023,4,0,0,4,6
2020-07-01,US,Georgia,Fulton,7277,314,0,33.79216944,-84.46319413,13121.0,683.969069597166,4.314964958087123,6963,6965,312,0,6653,6648,1050114,312,2,0,310,317
2020-07-01,US,Georgia,Gilmer,189,2,0,34.69316688,-84.45802506,13123.0,602.5056584526126,1.058201058201058,187,184,2,0,182,185,30816,5,0,0,5,-1
2020-07-01,US,Georgia,Glascock,7,0,0,33.22879932,-82.61297636,13125.0,235.61090541905082,0.0,7,7,0,0,7,8,2995,0,0,0,0,-1
2020-07-01,US,Georgia,Glynn,839,6,0,31.23279254,-81.53811412,13127.0,983.679594803733,0.7151370679380215,833,788,6,0,782,547,85219,51,0,0,51,241
2020-07-01,US,Georgia,Gordon,399,18,0,34.50487351,-84.87296253,13129.0,688.370167175612,4.511278195488722,381,380,18,0,362,356,57685,19,0,0,19,24
2020-07-01,US,Georgia,Grady,208,4,0,30.87454847,-84.23418364,13131.0,844.3957293062152,1.9230769230769231,204,192,4,0,188,189,24748,16,0,0,16,3
2020-07-01,US,Georgia,Greene,98,9,0,33.5769205,-83.17139104,13133.0,534.81772538747,9.183673469387756,89,98,9,0,89,97,17698,0,0,0,0,1
2020-07-01,US,Georgia,Gwinnett,8362,173,0,33.96044201,-84.02137802,13135.0,893.1375166889186,2.06888304233437,8189,8082,170,0,7912,7755,927781,280,3,0,277,327
2020-07-01,US,Georgia,Habersham,699,35,0,34.63331566,-83.53094677,13137.0,1542.0931874338155,5.007153075822604,664,678,35,0,643,666,45388,21,0,0,21,12
2020-07-01,US,Georgia,Hall,3252,60,0,34.32207823,-83.81896936,13139.0,1590.6789733957473,1.845018450184502,3192,3187,60,0,3127,3138,202148,65,0,0,65,49
2020-07-01,US,Georgia,Hancock,217,32,0,33.2721566,-82.99766919,13141.0,2565.921721650704,14.746543778801847,185,212,32,0,180,210,8348,5,0,0,5,2
2020-07-01,US,Georgia,Haralson,76,5,0,33.79602175,-85.21005667,13143.0,255.10204081632654,6.578947368421053,71,73,5,0,68,68,29533,3,0,0,3,5
2020-07-01,US,Georgia,Harris,336,9,0,32.73709786,-84.90538572,13145.0,953.5702122828923,2.6785714285714284,327,324,9,0,315,307,34475,12,0,0,12,17
2020-07-01,US,Georgia,Hart,60,0,0,34.34626973,-82.96567682,13147.0,228.96393817973666,0.0,60,59,0,0,59,56,26099,1,0,0,1,3
2020-07-01,US,Georgia,Heard,51,3,0,33.29686567,-85.12886832,13149.0,427.74469512706526,5.882352941176472,48,48,3,0,45,48,11879,3,0,0,3,0
2020-07-01,US,Georgia,Henry,1243,33,0,33.4533428,-84.14814659999998,13151.0,529.9261172999774,2.6548672566371683,1210,1203,33,0,1170,1141,230220,40,0,0,40,62
2020-07-01,US,Georgia,Houston,652,24,0,32.45802497,-83.66879087,13153.0,413.01634961960684,3.6809815950920246,628,629,23,0,606,604,155469,23,1,0,22,25
2020-07-01,US,Georgia,Irwin,64,1,0,31.60213036,-83.27501387,13155.0,679.6941376380629,1.5625,63,64,1,0,63,59,9398,0,0,0,0,5
2020-07-01,US,Georgia,Jackson,390,10,0,34.13794553,-83.56814788,13157.0,534.4149526563164,2.5641025641025643,380,370,10,0,360,355,70422,20,0,0,20,15
2020-07-01,US,Georgia,Jasper,69,1,0,33.31535543,-83.68844964,13159.0,485.2661931218792,1.4492753623188406,68,68,1,0,67,66,14040,1,0,0,1,2
2020-07-01,US,Georgia,Jeff Davis,112,2,0,31.80405727,-82.63724870000001,13161.0,740.985775719484,1.7857142857142858,110,110,2,0,108,104,15029,2,0,0,2,6
2020-07-01,US,Georgia,Jefferson,109,1,0,33.05867328,-82.41609057,13163.0,709.5430282515297,0.9174311926605504,108,98,1,0,97,95,15430,11,0,0,11,3
2020-07-01,US,Georgia,Jenkins,109,11,0,32.79248718,-81.96040187,13165.0,1256.339326878746,10.091743119266058,98,104,11,0,93,96,8683,5,0,0,5,8
2020-07-01,US,Georgia,Johnson,90,2,0,32.70211082,-82.66166794,13167.0,933.3195063776833,2.2222222222222223,88,90,2,0,88,88,9708,0,0,0,0,2
2020-07-01,US,Georgia,Jones,77,0,0,33.02512137,-83.56019163,13169.0,267.9658952496955,0.0,77,73,0,0,73,62,28616,4,0,0,4,11
2020-07-01,US,Georgia,Lamar,121,6,0,33.07841647,-84.14263877,13171.0,634.2716360014678,4.958677685950414,115,115,6,0,109,112,19000,6,0,0,6,3
2020-07-01,US,Georgia,Lanier,137,3,0,31.03828570000001,-83.06472457,13173.0,1314.4008442866734,2.18978102189781,134,132,3,0,129,129,10340,5,0,0,5,3
2020-07-01,US,Georgia,Laurens,177,1,0,32.46325233,-82.92221316,13175.0,372.27106381188736,0.5649717514124294,176,167,1,0,166,158,47325,10,0,0,10,9
2020-07-01,US,Georgia,Lee,390,22,0,31.779330600000005,-84.14324253,13177.0,1300.3467591357694,5.641025641025642,368,388,22,0,366,385,29764,2,0,0,2,3
2020-07-01,US,Georgia,Liberty,127,1,0,31.82588896,-81.49251135,13179.0,206.7225522910393,0.7874015748031497,126,121,1,0,120,114,61497,6,0,0,6,7
2020-07-01,US,Georgia,Lincoln,38,1,0,33.79201475,-82.45024131,13181.0,479.73740689306914,2.631578947368421,37,37,1,0,36,36,7915,1,0,0,1,1
2020-07-01,US,Georgia,Long,46,1,0,31.75218791,-81.74952375,13183.0,235.18584794723657,2.1739130434782608,45,43,1,0,42,37,18998,3,0,0,3,6
2020-07-01,US,Georgia,Lowndes,1237,12,0,30.83568832,-83.27056716,13185.0,1053.6088445224264,0.9700889248181084,1225,1199,11,0,1188,1150,116321,38,1,0,37,49
2020-07-01,US,Georgia,Lumpkin,140,3,0,34.57286511,-84.00425681,13187.0,416.5426956263017,2.142857142857143,137,139,3,0,136,138,32955,1,0,0,1,1
2020-07-01,US,Georgia,Macon,116,9,0,32.35207048,-84.04234127,13193.0,895.9604541592647,7.758620689655173,107,115,9,0,106,113,13143,1,0,0,1,2
2020-07-01,US,Georgia,Madison,101,4,0,34.12920917,-83.21218732,13195.0,338.0187416331994,3.96039603960396,97,92,4,0,88,89,29650,9,0,0,9,3
2020-07-01,US,Georgia,Marion,82,2,0,32.3483402,-84.52733571,13197.0,980.9785859552577,2.4390243902439024,80,79,2,0,77,78,8351,3,0,0,3,1
2020-07-01,US,Georgia,McDuffie,101,6,0,33.47851918,-82.48252774,13189.0,473.91141141141134,5.9405940594059405,95,92,6,0,86,91,21531,9,0,0,9,1
2020-07-01,US,Georgia,McIntosh,43,1,0,31.49683595,-81.40163426,13191.0,299.06802058700794,2.3255813953488373,42,41,1,0,40,31,14340,2,0,0,2,10
2020-07-01,US,Georgia,Meriwether,187,3,0,33.04163534,-84.68859732,13199.0,883.4506543204044,1.60427807486631,184,183,2,0,181,177,21068,4,1,0,3,6
2020-07-01,US,Georgia,Miller,49,0,0,31.16568912,-84.73151117,13201.0,856.9429870584122,0.0,49,47,0,0,47,47,5686,2,0,0,2,0
2020-07-01,US,Georgia,Mitchell,451,38,0,31.22483255,-84.19381821,13205.0,2062.845904038787,8.425720620842572,413,450,38,0,412,446,22192,1,0,0,1,4
2020-07-01,US,Georgia,Monroe,165,17,0,33.014289,-83.92097166,13207.0,598.3029951410546,10.303030303030305,148,160,17,0,143,156,27520,5,0,0,5,4
2020-07-01,US,Georgia,Montgomery,32,0,0,32.17201038,-82.53527476,13209.0,348.8879197557785,0.0,32,31,0,0,31,31,9193,1,0,0,1,0
2020-07-01,US,Georgia,Morgan,52,0,0,33.59232073,-83.49129491,13211.0,269.76551151691217,0.0,52,52,0,0,52,49,18853,0,0,0,0,3
2020-07-01,US,Georgia,Murray,222,2,0,34.78897608,-84.74993177,13213.0,553.6711891460495,0.9009009009009008,220,214,2,0,212,210,39921,8,0,0,8,4
2020-07-01,US,Georgia,Muscogee,1741,49,0,32.50931999,-84.87142262,13215.0,889.313425516808,2.8144744399770247,1692,1679,47,0,1632,1536,194160,62,2,0,60,143
2020-07-01,US,Georgia,Newton,616,11,0,33.55514538,-83.84547140000002,13217.0,551.2600229095075,1.7857142857142858,605,599,11,0,588,571,109541,17,0,0,17,28
2020-07-01,US,Georgia,Oconee,159,10,0,33.83749973,-83.43679568,13219.0,394.73684210526324,6.289308176100628,149,154,10,0,144,148,39272,5,0,0,5,6
2020-07-01,US,Georgia,Oglethorpe,91,7,0,33.878629600000004,-83.08278123,13221.0,596.3693557900257,7.6923076923076925,84,89,7,0,82,88,15054,2,0,0,2,1
2020-07-01,US,Georgia,Out of GA,4648,48,0,0.0,0.0,80013.0,0.0,1.032702237521515,4600,4011,47,0,3964,4601,,637,1,0,636,-590
2020-07-01,US,Georgia,Paulding,627,15,0,33.91969522,-84.86848792,13223.0,371.73839577392135,2.392344497607656,612,583,15,0,568,565,164044,44,0,0,44,18
2020-07-01,US,Georgia,Peach,107,9,0,32.56934316,-83.82937,13225.0,388.4411529804689,8.411214953271028,98,103,9,0,94,101,27297,4,0,0,4,2
2020-07-01,US,Georgia,Pickens,95,5,0,34.46589159,-84.46406611,13227.0,291.4915160627167,5.2631578947368425,90,93,5,0,88,92,31980,2,0,0,2,1
2020-07-01,US,Georgia,Pierce,174,5,0,31.35928155,-82.21598442,13229.0,893.9121500128434,2.8735632183908044,169,170,4,0,166,162,19389,4,1,0,3,8
2020-07-01,US,Georgia,Pike,90,3,0,33.09310242,-84.38790389,13231.0,474.63347748127836,3.333333333333333,87,90,3,0,87,88,18634,0,0,0,0,2
2020-07-01,US,Georgia,Polk,208,2,0,34.00267074,-85.18677781,13233.0,488.1139558350738,0.9615384615384616,206,205,2,0,203,206,42470,3,0,0,3,-1
2020-07-01,US,Georgia,Pulaski,50,2,0,32.23334561,-83.47549959999998,13235.0,448.95393732603037,4.0,48,50,2,0,48,49,11069,0,0,0,0,1
2020-07-01,US,Georgia,Putnam,157,12,0,33.32056115,-83.37552891,13237.0,709.7970070979701,7.643312101910827,145,148,12,0,136,142,21809,9,0,0,9,6
2020-07-01,US,Georgia,Quitman,17,1,0,31.86728114,-85.01773177,13239.0,739.4519356241844,5.882352941176472,16,17,1,0,16,15,2279,0,0,0,0,2
2020-07-01,US,Georgia,Rabun,45,3,0,34.88389445,-83.40304637,13241.0,262.5897181537025,6.666666666666668,42,42,3,0,39,42,16867,3,0,0,3,0
2020-07-01,US,Georgia,Randolph,200,25,0,31.76622818,-84.75732369,13243.0,2950.722927117144,12.5,175,197,25,0,172,198,6833,3,0,0,3,-1
2020-07-01,US,Georgia,Richmond,1012,49,0,33.35777107,-82.07026432,13245.0,499.7086678714978,4.841897233201581,963,952,48,0,904,896,201554,60,1,0,59,56
2020-07-01,US,Georgia,Rockdale,471,11,0,33.65145002,-84.02202167,13247.0,518.1746171448689,2.335456475583864,460,459,11,0,448,436,90594,12,0,0,12,23
2020-07-01,US,Georgia,Schley,25,1,0,32.2654021,-84.31258912,13249.0,475.5564009891573,4.0,24,25,1,0,24,25,5236,0,0,0,0,0
2020-07-01,US,Georgia,Screven,93,6,0,32.74976524,-81.60779441,13251.0,665.9029070600029,6.451612903225807,87,92,6,0,86,91,13938,1,0,0,1,1
2020-07-01,US,Georgia,Seminole,51,2,0,30.93464824,-84.86823924,13253.0,630.4079110012361,3.92156862745098,49,51,2,0,49,50,8315,0,0,0,0,1
2020-07-01,US,Georgia,Spalding,425,32,0,33.26310031,-84.28013991,13255.0,637.152751750296,7.529411764705883,393,400,32,0,368,383,66100,25,0,0,25,17
2020-07-01,US,Georgia,Stephens,234,6,0,34.55151201,-83.29405315,13257.0,902.6036644165863,2.5641025641025643,228,224,6,0,218,216,26035,10,0,0,10,8
2020-07-01,US,Georgia,Stewart,129,3,0,32.07996777,-84.83208037,13259.0,1948.3461712732214,2.3255813953488373,126,119,3,0,116,113,6199,10,0,0,10,6
2020-07-01,US,Georgia,Sumter,557,50,0,32.03650571,-84.19821492,13261.0,1886.6007316081832,8.976660682226214,507,554,50,0,504,551,29733,3,0,0,3,3
2020-07-01,US,Georgia,Talbot,73,2,0,32.69642758,-84.53351366,13263.0,1178.3696529459241,2.7397260273972597,71,73,2,0,71,69,6272,0,0,0,0,4
2020-07-01,US,Georgia,Taliaferro,2,0,0,33.56543317,-82.88136816,13265.0,130.1236174365647,0.0,2,2,0,0,2,2,1608,0,0,0,0,0
2020-07-01,US,Georgia,Tattnall,141,0,0,32.04785085,-82.05539188,13267.0,557.6208178438661,0.0,141,138,0,0,138,130,25391,3,0,0,3,8
2020-07-01,US,Georgia,Taylor,28,2,0,32.55792548,-84.25077141,13269.0,349.12718204488783,7.142857142857142,26,28,2,0,26,28,8039,0,0,0,0,0
2020-07-01,US,Georgia,Telfair,120,3,0,31.92829517,-82.93491155,13271.0,756.6204287515762,2.5,117,118,3,0,115,112,15876,2,0,0,2,6
2020-07-01,US,Georgia,Terrell,227,27,0,31.77527543,-84.44069698,13273.0,2660.883835423749,11.894273127753305,200,225,27,0,198,225,8611,2,0,0,2,0
2020-07-01,US,Georgia,Thomas,459,32,0,30.86392347,-83.91847289,13275.0,1032.5976918404535,6.9716775599128535,427,435,32,0,403,421,44448,24,0,0,24,14
2020-07-01,US,Georgia,Tift,754,26,0,31.45743864,-83.5236119,13277.0,1855.1323688613325,3.4482758620689653,728,750,26,0,724,721,40571,4,0,0,4,29
2020-07-01,US,Georgia,Toombs,254,5,0,32.12059861,-82.32957247,13279.0,946.70145359672,1.9685039370078738,249,244,5,0,239,236,26887,10,0,0,10,8
2020-07-01,US,Georgia,Towns,45,1,0,34.91369188,-83.74107459999998,13281.0,373.8473041455512,2.2222222222222223,44,45,1,0,44,38,11852,0,0,0,0,7
2020-07-01,US,Georgia,Treutlen,23,1,0,32.40422134,-82.56904553,13283.0,333.28503115490514,4.3478260869565215,22,23,1,0,22,23,6809,0,0,0,0,0
2020-07-01,US,Georgia,Troup,1464,34,0,33.03349196,-85.02812115,13285.0,2093.7616200909583,2.3224043715847,1430,1398,32,0,1366,1336,70034,66,2,0,64,62
2020-07-01,US,Georgia,Turner,177,16,0,31.71612656,-83.62069378,13287.0,2216.65623043206,9.039548022598868,161,177,16,0,161,176,7912,0,0,0,0,1
2020-07-01,US,Georgia,Twiggs,27,1,0,32.67435595,-83.43078662,13289.0,332.512315270936,3.703703703703704,26,27,1,0,26,24,8188,0,0,0,0,3
2020-07-01,US,Georgia,Unassigned,2395,2,0,0.0,0.0,90013.0,0.0,0.08350730688935283,2393,2699,2,0,2697,3621,,-304,0,0,-304,-922
2020-07-01,US,Georgia,Union,76,3,0,34.82995757,-83.98967069,13291.0,310.06486883440084,3.947368421052632,73,71,3,0,68,68,24001,5,0,0,5,3
2020-07-01,US,Georgia,Upson,363,43,0,32.87920671,-84.30024826,13293.0,1379.179331306991,11.845730027548205,320,355,43,0,312,348,26215,8,0,0,8,7
2020-07-01,US,Georgia,Walker,325,11,0,34.73376362,-85.30165174,13295.0,465.8763492495807,3.3846153846153846,314,318,11,0,307,315,69410,7,0,0,7,3
2020-07-01,US,Georgia,Walton,417,28,0,33.78017694,-83.73552314,13297.0,440.8360026640449,6.71462829736211,389,399,28,0,371,383,93503,18,0,0,18,16
2020-07-01,US,Georgia,Ware,448,15,0,31.05449097,-82.42224148,13299.0,1253.7079532098282,3.3482142857142856,433,424,15,0,409,397,35680,24,0,0,24,27
2020-07-01,US,Georgia,Warren,23,0,0,33.41146451,-82.67795848,13301.0,437.7617053673392,0.0,23,22,0,0,22,20,5251,1,0,0,1,2
2020-07-01,US,Georgia,Washington,110,1,0,32.96711864,-82.79357039,13303.0,539.9037989594582,0.9090909090909092,109,105,1,0,104,94,20386,5,0,0,5,11
2020-07-01,US,Georgia,Wayne,77,0,0,31.5521809,-81.91894878,13305.0,257.2927456811575,0.0,77,70,0,0,70,59,29808,7,0,0,7,11
2020-07-01,US,Georgia,Webster,22,1,0,32.04066113,-84.54742852,13307.0,843.8818565400844,4.545454545454546,21,22,1,0,21,21,2611,0,0,0,0,1
2020-07-01,US,Georgia,Wheeler,49,0,0,32.12009104,-82.72574721,13309.0,623.8064926798218,0.0,49,49,0,0,49,48,7879,0,0,0,0,1
2020-07-01,US,Georgia,White,143,4,0,34.64624278,-83.74905525,13311.0,464.3158646665368,2.797202797202797,139,142,4,0,138,140,29970,1,0,0,1,2
2020-07-01,US,Georgia,Whitfield,1152,10,0,34.80987459,-84.96093476,13313.0,1101.0436976717513,0.8680555555555556,1142,1101,10,0,1091,1055,104062,51,0,0,51,46
2020-07-01,US,Georgia,Wilcox,127,15,0,31.97496928,-83.43438555,13315.0,1470.758540822235,11.811023622047243,112,126,15,0,111,127,8812,1,0,0,1,-1
2020-07-01,US,Georgia,Wilkes,57,1,0,33.78290391,-82.74286107,13317.0,583.0009205277693,1.7543859649122806,56,56,1,0,55,54,9876,1,0,0,1,2
2020-07-01,US,Georgia,Wilkinson,76,8,0,32.80291082,-83.17140684,13319.0,848.7826669644853,10.526315789473683,68,76,8,0,68,76,9036,0,0,0,0,0
2020-07-01,US,Georgia,Worth,317,22,0,31.55162306,-83.85090513,13321.0,1565.6640489949127,6.94006309148265,295,315,22,0,293,305,20299,2,0,0,2,10
2020-07-01,US,Hawaii,Hawaii,87,0,0,19.60121157,-155.5210167,15001.0,43.17339327983802,0.0,87,87,0,0,87,87,200983,0,0,0,0,0
2020-07-01,US,Hawaii,Honolulu,659,12,0,21.45803166,-157.97121819999995,15003.0,67.62005124348042,1.8209408194233687,647,652,12,0,640,638,980080,7,0,0,7,14
2020-07-01,US,Hawaii,Kauai,38,0,0,22.03935037,-159.5966786,15007.0,52.563872020804226,0.0,38,38,0,0,38,37,72133,0,0,0,0,1
2020-07-01,US,Hawaii,Maui,125,6,0,20.86399628,-156.56890969999995,15009.0,74.66386328747976,4.8,119,123,6,0,117,122,167207,2,0,0,2,1
2020-07-01,US,Hawaii,Out of HI,17,0,0,0.0,0.0,80015.0,0.0,0.0,17,16,0,0,16,16,,1,0,0,1,0
2020-07-01,US,Idaho,Ada,2288,23,0,43.4526575,-116.24155159999998,16001.0,475.09588091040666,1.0052447552447552,2265,2169,23,0,2146,2040,469966,119,0,0,119,129
2020-07-01,US,Idaho,Adams,11,0,0,44.89333571,-116.4545247,16003.0,256.171401956218,0.0,11,11,0,0,11,10,4250,0,0,0,0,1
2020-07-01,US,Idaho,Bannock,104,1,0,42.67002716,-112.2233311,16005.0,118.4402332361516,0.9615384615384616,103,102,1,0,101,95,87138,2,0,0,2,7
2020-07-01,US,Idaho,Bear Lake,2,0,0,42.28269683,-111.32892379999998,16007.0,32.6530612244898,0.0,2,1,0,0,1,,6050,1,0,0,1,
2020-07-01,US,Idaho,Benewah,21,0,0,47.21754179,-116.6586851,16009.0,225.85502258550227,0.0,21,21,0,0,21,21,9226,0,0,0,0,0
2020-07-01,US,Idaho,Bingham,43,0,0,43.21672879999999,-112.3978437,16011.0,91.8587511482344,0.0,43,40,0,0,40,37,46236,3,0,0,3,3
2020-07-01,US,Idaho,Blaine,535,5,0,43.4085812,-113.9752658,16013.0,2323.9650753659703,0.9345794392523364,530,535,5,0,530,532,22601,0,0,0,0,3
2020-07-01,US,Idaho,Boise,4,0,0,43.98829931,-115.7309284,16015.0,51.07904482186183,0.0,4,4,0,0,4,4,7634,0,0,0,0,0
2020-07-01,US,Idaho,Bonner,33,0,0,48.29996017,-116.6017932,16017.0,72.14849472004198,0.0,33,32,0,0,32,31,44727,1,0,0,1,1
2020-07-01,US,Idaho,Bonneville,117,1,0,43.38713372,-111.6161537,16019.0,98.26812920999144,0.8547008547008547,116,115,1,0,114,113,116854,2,0,0,2,2
2020-07-01,US,Idaho,Boundary,1,0,0,48.76684761,-116.4630179,16021.0,8.166598611678237,0.0,1,1,0,0,1,1,11948,0,0,0,0,0
2020-07-01,US,Idaho,Camas,1,0,0,43.46665742,-114.8065892,16025.0,90.41591320072331,0.0,1,1,0,0,1,1,1127,0,0,0,0,0
2020-07-01,US,Idaho,Canyon,900,6,0,43.61970148,-116.70954990000001,16027.0,391.5614164081636,0.6666666666666666,894,856,6,0,850,763,223499,44,0,0,44,93
2020-07-01,US,Idaho,Caribou,11,0,0,42.77149116,-111.5597683,16029.0,153.73864430468203,0.0,11,11,0,0,11,10,7060,0,0,0,0,1
2020-07-01,US,Idaho,Cassia,248,1,0,42.28347888,-113.6012409,16031.0,1032.0432792342904,0.4032258064516129,247,240,1,0,239,228,23864,8,0,0,8,12
2020-07-01,US,Idaho,Clearwater,1,0,0,46.67459924,-115.6622393,16035.0,11.420740063956144,0.0,1,1,0,0,1,1,8758,0,0,0,0,0
2020-07-01,US,Idaho,Custer,4,0,0,44.24186819,-114.2855494,16037.0,92.69988412514485,0.0,4,4,0,0,4,4,4280,0,0,0,0,0
2020-07-01,US,Idaho,Elmore,61,2,0,43.3507101,-115.4701578,16039.0,221.72949002217288,3.278688524590164,59,60,2,0,58,54,27259,1,0,0,1,6
2020-07-01,US,Idaho,Franklin,25,0,0,42.18332217,-111.81496659999999,16041.0,180.16719515710582,0.0,25,25,0,0,25,25,13726,0,0,0,0,0
2020-07-01,US,Idaho,Fremont,7,0,0,44.22800938,-111.48099429999999,16043.0,53.4391938315902,0.0,7,7,0,0,7,6,13168,0,0,0,0,1
2020-07-01,US,Idaho,Gem,26,0,0,44.06482372,-116.398376,16045.0,143.55123674911658,0.0,26,26,0,0,26,23,17634,0,0,0,0,3
2020-07-01,US,Idaho,Gooding,65,1,0,42.96927962,-114.81083059999999,16047.0,428.22320310955934,1.5384615384615383,64,65,1,0,64,64,15196,0,0,0,0,1
2020-07-01,US,Idaho,Idaho,5,0,0,45.84721541,-115.4634436,16049.0,29.99940001199976,0.0,5,4,0,0,4,4,16513,1,0,0,1,0
2020-07-01,US,Idaho,Jefferson,18,0,0,43.82078483,-112.3131749,16051.0,60.259114191021396,0.0,18,18,0,0,18,18,29439,0,0,0,0,0
2020-07-01,US,Idaho,Jerome,243,5,0,42.68891267,-114.2655033,16053.0,995.412092413567,2.05761316872428,238,239,5,0,234,237,24015,4,0,0,4,2
2020-07-01,US,Idaho,Kootenai,286,1,0,47.67282258,-116.7020872,16055.0,172.60421130135126,0.34965034965034963,285,261,1,0,260,234,161505,25,0,0,25,27
2020-07-01,US,Idaho,Latah,24,0,0,46.81587887,-116.71136979999999,16057.0,59.83843622220006,0.0,24,20,0,0,20,14,40134,4,0,0,4,6
2020-07-01,US,Idaho,Lemhi,2,0,0,44.9438088,-113.9309747,16059.0,24.915908807773768,0.0,2,2,0,0,2,2,7961,0,0,0,0,0
2020-07-01,US,Idaho,Lincoln,36,0,0,43.0012336,-114.1358773,16063.0,670.8907938874395,0.0,36,36,0,0,36,36,5360,0,0,0,0,0
2020-07-01,US,Idaho,Madison,35,0,0,43.78141028,-111.65384740000002,16065.0,87.70391159445711,0.0,35,35,0,0,35,36,39304,0,0,0,0,-1
2020-07-01,US,Idaho,Minidoka,188,0,0,42.85518524,-113.6357257,16067.0,893.5785921384096,0.0,188,185,0,0,185,175,20825,3,0,0,3,10
2020-07-01,US,Idaho,Nez Perce,97,19,0,46.32638236,-116.75009750000001,16069.0,240.05147495545438,19.587628865979386,78,96,19,0,77,95,40408,1,0,0,1,1
2020-07-01,US,Idaho,Oneida,3,0,0,42.19494279999999,-112.5407838,16071.0,66.21054954756124,0.0,3,2,0,0,2,,4488,1,0,0,1,
2020-07-01,US,Idaho,Owyhee,41,0,0,42.58016894,-116.16938710000001,16073.0,346.78169669288667,0.0,41,41,0,0,41,40,11693,0,0,0,0,1
2020-07-01,US,Idaho,Payette,111,2,0,44.00545243,-116.7647695,16075.0,463.4462026637719,1.8018018018018016,109,102,2,0,100,89,23551,9,0,0,9,13
2020-07-01,US,Idaho,Power,17,0,0,42.69254894,-112.83957420000002,16077.0,221.32534826194507,0.0,17,17,0,0,17,16,7768,0,0,0,0,1
2020-07-01,US,Idaho,Teton,20,0,0,43.75303583,-111.2056773,16081.0,164.71750947125682,0.0,20,17,0,0,17,16,11640,3,0,0,3,1
2020-07-01,US,Idaho,Twin Falls,614,25,0,42.35440512,-114.6685381,16083.0,706.7381845806764,4.071661237785016,589,599,25,0,574,566,86081,15,0,0,15,33
2020-07-01,US,Idaho,Unassigned,1,0,0,0.0,0.0,90016.0,0.0,0.0,1,1,0,0,1,,,0,0,0,0,
2020-07-01,US,Idaho,Valley,14,0,0,44.76728382,-115.5676773,16085.0,122.8932584269663,0.0,14,13,0,0,13,11,11041,1,0,0,1,2
2020-07-01,US,Idaho,Washington,107,0,0,44.45275475,-116.78476880000001,16087.0,1049.6370413969,0.0,107,102,0,0,102,100,10161,5,0,0,5,2
2020-07-01,US,Illinois,Adams,93,1,0,39.98815591,-91.18786813,17001.0,142.12577366852605,1.075268817204301,92,87,1,0,86,88,65691,6,0,0,6,-1
2020-07-01,US,Illinois,Alexander,22,0,0,37.18049267,-89.32910838,17003.0,381.87814615518135,0.0,22,22,0,0,22,22,6060,0,0,0,0,0
2020-07-01,US,Illinois,Bond,13,1,0,38.88829622,-89.43534887,17005.0,79.14282235480336,7.6923076923076925,12,13,1,0,12,13,16630,0,0,0,0,0
2020-07-01,US,Illinois,Boone,595,21,0,42.32359279,-88.82345779,17007.0,1111.23561930375,3.5294117647058822,574,586,21,0,565,579,53577,9,0,0,9,7
2020-07-01,US,Illinois,Brown,10,0,0,39.96209138,-90.75068024,17009.0,152.02189115232594,0.0,10,10,0,0,10,10,6556,0,0,0,0,0
2020-07-01,US,Illinois,Bureau,29,2,0,41.40385234,-89.5283051,17011.0,88.88071594949123,6.896551724137932,27,29,2,0,27,25,32993,0,0,0,0,4
2020-07-01,US,Illinois,Calhoun,1,0,0,39.16840183,-90.66330078,17013.0,21.101498206372653,0.0,1,1,0,0,1,1,4802,0,0,0,0,0
2020-07-01,US,Illinois,Carroll,21,2,0,42.06823429,-89.93395545,17015.0,146.8018175463125,9.523809523809524,19,21,2,0,19,21,14312,0,0,0,0,0
2020-07-01,US,Illinois,Cass,130,2,0,39.96991073,-90.24734436,17017.0,1070.2231003539966,1.5384615384615383,128,129,2,0,127,129,12260,1,0,0,1,0
2020-07-01,US,Illinois,Champaign,880,12,0,40.13919438,-88.20046615,17019.0,419.66912904348817,1.3636363636363635,868,860,12,0,848,854,209983,20,0,0,20,6
2020-07-01,US,Illinois,Christian,43,4,0,39.54581621,-89.27780482,17021.0,133.1104507181773,9.30232558139535,39,43,4,0,39,43,32661,0,0,0,0,0
2020-07-01,US,Illinois,Clark,14,0,0,39.33425789,-87.78705622,17023.0,90.66770286898516,0.0,14,14,0,0,14,15,15596,0,0,0,0,-1
2020-07-01,US,Illinois,Clay,2,0,0,38.75388572,-88.48914513,17025.0,15.169902912621357,0.0,2,2,0,0,2,2,13253,0,0,0,0,0
2020-07-01,US,Illinois,Clinton,237,17,0,38.60704876,-89.42385254,17027.0,630.9568180608061,7.172995780590718,220,236,17,0,219,236,37639,1,0,0,1,0
2020-07-01,US,Illinois,Coles,170,17,0,39.51949084,-88.22358557,17029.0,335.82900377313763,10.0,153,164,17,0,147,161,50885,6,0,0,6,3
2020-07-01,US,Illinois,Cook,90911,4581,0,41.84144849,-87.81658794,17031.0,1765.182274277688,5.038994181122196,86330,90536,4565,0,85971,90122,5180493,375,16,0,359,414
2020-07-01,US,Illinois,Crawford,18,0,0,39.0032229,-87.75954624,17033.0,96.42684952054428,0.0,18,18,0,0,18,18,18807,0,0,0,0,0
2020-07-01,US,Illinois,Cumberland,12,0,0,39.27432424,-88.2401158,17035.0,111.4620100315809,0.0,12,11,0,0,11,11,10808,1,0,0,1,0
2020-07-01,US,Illinois,De Witt,6,0,0,40.17514519,-88.90959682,17039.0,38.368077759304256,0.0,6,6,0,0,6,4,15769,0,0,0,0,2
2020-07-01,US,Illinois,DeKalb,558,18,0,41.89373302,-88.76958483,17037.0,531.950389429631,3.2258064516129035,540,550,18,0,532,542,104143,8,0,0,8,8
2020-07-01,US,Illinois,Douglas,52,0,0,39.76768052,-88.21854195,17041.0,267.14615977395323,0.0,52,52,0,0,52,50,19479,0,0,0,0,2
2020-07-01,US,Illinois,DuPage,9083,472,0,41.85116968,-88.08642662,17043.0,984.1579073398482,5.196520973246725,8611,9032,470,0,8562,8993,928589,51,2,0,49,39
2020-07-01,US,Illinois,Edgar,10,0,0,39.6809186,-87.74759563,17045.0,58.271662490530865,0.0,10,10,0,0,10,10,17360,0,0,0,0,0
2020-07-01,US,Illinois,Edwards,2,0,0,38.41353228,-88.05720863,17047.0,31.27443315089914,0.0,2,2,0,0,2,2,6392,0,0,0,0,0
2020-07-01,US,Illinois,Effingham,12,1,0,39.05935711,-88.58969584,17049.0,35.28581510232886,8.333333333333334,11,12,1,0,11,11,34208,0,0,0,0,1
2020-07-01,US,Illinois,Fayette,23,3,0,39.00072038,-89.02452658,17051.0,107.79902512185976,13.043478260869565,20,23,3,0,20,23,21416,0,0,0,0,0
2020-07-01,US,Illinois,Ford,33,1,0,40.59706922,-88.22350769,17053.0,254.60998379754648,3.0303030303030303,32,31,1,0,30,31,13264,2,0,0,2,0
2020-07-01,US,Illinois,Franklin,22,0,0,37.99189086,-88.92567818,17055.0,57.18890535236165,0.0,22,14,0,0,14,14,38701,8,0,0,8,0
2020-07-01,US,Illinois,Fulton,15,0,0,40.47289135,-90.20862357,17057.0,43.680838672102496,0.0,15,15,0,0,15,15,34844,0,0,0,0,0
2020-07-01,US,Illinois,Gallatin,2,0,0,37.76430935,-88.22953869,17059.0,41.42502071251035,0.0,2,2,0,0,2,2,5058,0,0,0,0,0
2020-07-01,US,Illinois,Greene,9,0,0,39.35907414,-90.388865,17061.0,69.39625260235947,0.0,9,9,0,0,9,9,13044,0,0,0,0,0
2020-07-01,US,Illinois,Grundy,167,4,0,41.28569601,-88.41905692,17063.0,327.10463430877115,2.395209580838323,163,162,4,0,158,160,50972,5,0,0,5,2
2020-07-01,US,Illinois,Hamilton,5,0,0,38.08163641,-88.53883373,17065.0,61.60670280926565,0.0,5,5,0,0,5,4,8163,0,0,0,0,1
2020-07-01,US,Illinois,Hancock,19,1,0,40.40423981,-91.16313899,17067.0,107.2961373390558,5.2631578947368425,18,18,1,0,17,18,17844,1,0,0,1,0
2020-07-01,US,Illinois,Hardin,1,0,0,37.51810645,-88.26873022,17069.0,26.17115938236064,0.0,1,1,0,0,1,1,3910,0,0,0,0,0
2020-07-01,US,Illinois,Henderson,8,0,0,40.81908672,-90.92491462,17071.0,120.37315678603672,0.0,8,8,0,0,8,8,6709,0,0,0,0,0
2020-07-01,US,Illinois,Henry,88,1,0,41.3533994,-90.13296166,17073.0,179.9112710322409,1.1363636363636365,87,84,1,0,83,86,49090,4,0,0,4,-2
2020-07-01,US,Illinois,Iroquois,157,5,0,40.74717633,-87.82466784,17075.0,579.0366600280298,3.1847133757961785,152,157,5,0,152,157,27604,0,0,0,0,0
2020-07-01,US,Illinois,Jackson,332,19,0,37.78595185,-89.38232563,17077.0,585.022026431718,5.7228915662650595,313,332,19,0,313,329,57419,0,0,0,0,3
2020-07-01,US,Illinois,Jasper,46,7,0,39.01054275,-88.15437049,17079.0,478.6680541103018,15.217391304347824,39,46,7,0,39,46,9611,0,0,0,0,0
2020-07-01,US,Illinois,Jefferson,107,17,0,38.29980057,-88.9240025,17081.0,283.9401337437639,15.88785046728972,90,107,17,0,90,107,37820,0,0,0,0,0
2020-07-01,US,Illinois,Jersey,35,1,0,39.08869046,-90.35393073,17083.0,160.74955219767602,2.8571428571428568,34,35,1,0,34,35,21847,0,0,0,0,0
2020-07-01,US,Illinois,Jo Daviess,44,1,0,42.36542373,-90.21094405,17085.0,207.20508594301862,2.272727272727273,43,42,1,0,41,42,21366,2,0,0,2,0
2020-07-01,US,Illinois,Johnson,20,0,0,37.45939802,-88.88165419,17087.0,161.0695014898929,0.0,20,20,0,0,20,20,12456,0,0,0,0,0
2020-07-01,US,Illinois,Kane,7733,271,0,41.93842729,-88.42861412,17089.0,1452.4711543699038,3.504461399198241,7462,7703,268,0,7435,7674,534216,30,3,0,27,29
2020-07-01,US,Illinois,Kankakee,1285,65,0,41.13746989,-87.86205334,17091.0,1169.6491962644045,5.058365758754863,1220,1272,65,0,1207,1269,110024,13,0,0,13,3
2020-07-01,US,Illinois,Kendall,963,20,0,41.59081014,-88.42869583,17093.0,746.5695015117451,2.0768431983385254,943,956,20,0,936,955,127915,7,0,0,7,1
2020-07-01,US,Illinois,Knox,132,0,0,40.93148779,-90.21330340000002,17095.0,265.59890541057166,0.0,132,130,0,0,130,125,50112,2,0,0,2,5
2020-07-01,US,Illinois,LaSalle,219,17,0,41.34426129999999,-88.88633881,17099.0,201.52941501256112,7.762557077625572,202,216,17,0,199,208,109430,3,0,0,3,8
2020-07-01,US,Illinois,Lake,9752,418,0,42.3224907,-88.00367925,17097.0,1400.0732195797768,4.286300246103363,9334,9719,416,0,9303,9695,700832,33,2,0,31,24
2020-07-01,US,Illinois,Lawrence,7,0,0,38.71987914,-87.72884035,17101.0,44.64855211123868,0.0,7,7,0,0,7,7,15765,0,0,0,0,0
2020-07-01,US,Illinois,Lee,97,2,0,41.74583951,-89.29977132,17103.0,284.4908493664946,2.061855670103093,95,97,2,0,95,97,34223,0,0,0,0,0
2020-07-01,US,Illinois,Livingston,45,2,0,40.89188292,-88.55784752,17105.0,126.23429084380614,4.4444444444444455,43,43,2,0,41,43,35761,2,0,0,2,0
2020-07-01,US,Illinois,Logan,15,0,0,40.12581572,-89.36638784,17107.0,52.41456426025579,0.0,15,14,0,0,14,13,28925,1,0,0,1,1
2020-07-01,US,Illinois,Macon,231,22,0,39.86064913,-88.96342505,17115.0,222.09616475497313,9.523809523809524,209,232,22,0,210,228,104712,-1,0,0,-1,4
2020-07-01,US,Illinois,Macoupin,52,3,0,39.26119767,-89.92424028,17117.0,115.74589324667231,5.769230769230768,49,51,3,0,48,51,45313,1,0,0,1,0
2020-07-01,US,Illinois,Madison,947,69,0,38.83042506,-89.90422563,17119.0,360.1226014009416,7.286166842661035,878,932,68,0,864,931,264461,15,1,0,14,1
2020-07-01,US,Illinois,Marion,66,0,0,38.64963204,-88.91899208,17121.0,177.39551135600053,0.0,66,65,0,0,65,65,37620,1,0,0,1,0
2020-07-01,US,Illinois,Marshall,8,0,0,41.0327901,-89.34510444,17123.0,69.94229760447631,0.0,8,8,0,0,8,8,11534,0,0,0,0,0
2020-07-01,US,Illinois,Mason,22,0,0,40.23917274,-89.91824452,17125.0,164.68298525338722,0.0,22,22,0,0,22,22,13565,0,0,0,0,0
2020-07-01,US,Illinois,Massac,13,0,0,37.22078441,-88.71036614,17127.0,94.39442346790591,0.0,13,11,0,0,11,11,14080,2,0,0,2,0
2020-07-01,US,Illinois,McDonough,101,15,0,40.45674722,-90.67775541,17109.0,340.27356647126203,14.851485148514852,86,100,15,0,85,100,29955,1,0,0,1,0
2020-07-01,US,Illinois,McHenry,2061,97,0,42.32451172,-88.45248227,17111.0,669.6472086660991,4.706453178068898,1964,2032,97,0,1935,2010,308570,29,0,0,29,22
2020-07-01,US,Illinois,McLean,261,13,0,40.48996987,-88.84621113,17113.0,152.17150486540692,4.980842911877394,248,260,13,0,247,257,172828,1,0,0,1,3
2020-07-01,US,Illinois,Menard,25,0,0,40.02742725,-89.80246001,17129.0,204.9852410626435,0.0,25,25,0,0,25,24,12288,0,0,0,0,1
2020-07-01,US,Illinois,Mercer,20,0,0,41.20596782,-90.74290052,17131.0,129.55885210857028,0.0,20,20,0,0,20,19,15601,0,0,0,0,1
2020-07-01,US,Illinois,Monroe,127,13,0,38.27594376,-90.17761038,17133.0,366.65993013251733,10.236220472440944,114,127,13,0,114,126,34335,0,0,0,0,1
2020-07-01,US,Illinois,Montgomery,44,1,0,39.23198845,-89.47809254,17135.0,154.85324135989305,2.272727272727273,43,44,1,0,43,42,28601,0,0,0,0,2
2020-07-01,US,Illinois,Morgan,128,3,0,39.71654544,-90.20255104,17137.0,380.29591776100784,2.34375,125,128,3,0,125,127,33976,0,0,0,0,1
2020-07-01,US,Illinois,Moultrie,18,0,0,39.64187451,-88.62099969,17139.0,124.12937038824907,0.0,18,17,0,0,17,17,14717,1,0,0,1,0
2020-07-01,US,Illinois,Ogle,261,4,0,42.04165196,-89.32184679,17141.0,515.3723120668207,1.5325670498084292,257,261,4,0,257,256,50923,0,0,0,0,5
2020-07-01,US,Illinois,Out of IL,1,0,0,0.0,0.0,80017.0,0.0,0.0,1,1,0,0,1,1,,0,0,0,0,0
2020-07-01,US,Illinois,Peoria,499,28,0,40.78702156,-89.76078901,17143.0,278.492457263407,5.611222444889781,471,487,28,0,459,487,180621,12,0,0,12,0
2020-07-01,US,Illinois,Perry,54,1,0,38.08510853,-89.36856219,17145.0,258.1755593803787,1.851851851851852,53,51,1,0,50,50,21174,3,0,0,3,1
2020-07-01,US,Illinois,Piatt,20,0,0,40.01360584,-88.59319339,17147.0,122.36906510034264,0.0,20,19,0,0,19,19,16396,1,0,0,1,0
2020-07-01,US,Illinois,Pike,2,0,0,39.62265059,-90.8877017,17149.0,12.852644431591802,0.0,2,2,0,0,2,2,15611,0,0,0,0,0
2020-07-01,US,Illinois,Pope,1,0,0,37.41391284,-88.56152109,17151.0,23.94062724443381,0.0,1,1,0,0,1,1,4212,0,0,0,0,0
2020-07-01,US,Illinois,Pulaski,76,0,0,37.22631423,-89.13085001,17153.0,1424.554826616682,0.0,76,74,0,0,74,74,5463,2,0,0,2,0
2020-07-01,US,Illinois,Putnam,1,0,0,41.2013541,-89.2869272,17155.0,17.424638438752392,0.0,1,1,0,0,1,1,5740,0,0,0,0,0
2020-07-01,US,Illinois,Randolph,287,7,0,38.05095369,-89.82512254,17157.0,903.0268705556604,2.4390243902439024,280,285,7,0,278,281,32106,2,0,0,2,4
2020-07-01,US,Illinois,Richland,4,0,0,38.71240969,-88.08475366,17159.0,25.78482563011668,0.0,4,4,0,0,4,4,15763,0,0,0,0,0
2020-07-01,US,Illinois,Rock Island,947,29,0,41.46613806,-90.57042164,17161.0,667.4701682419527,3.0623020063357966,918,925,29,0,896,912,143477,22,0,0,22,13
2020-07-01,US,Illinois,Saline,9,0,0,37.75332999,-88.54119706,17165.0,38.31254523008812,0.0,9,9,0,0,9,9,23906,0,0,0,0,0
2020-07-01,US,Illinois,Sangamon,431,32,0,39.75836914,-89.65872023,17167.0,221.39804388920848,7.424593967517401,399,426,31,0,395,419,195348,5,1,0,4,7
2020-07-01,US,Illinois,Schuyler,13,0,0,40.1571798,-90.61114163,17169.0,192.08037825059105,0.0,13,13,0,0,13,13,6907,0,0,0,0,0
2020-07-01,US,Illinois,Shelby,18,1,0,39.39133527,-88.80611122,17173.0,83.2023666450957,5.5555555555555545,17,18,1,0,17,18,21741,0,0,0,0,0
2020-07-01,US,Illinois,St. Clair,1906,136,0,38.46996033,-89.93063427,17163.0,733.9633249385797,7.135362014690451,1770,1874,135,0,1739,1863,261059,32,1,0,31,11
2020-07-01,US,Illinois,Stark,3,0,0,41.09309773,-89.79745866,17175.0,56.15874204417821,0.0,3,3,0,0,3,3,5427,0,0,0,0,0
2020-07-01,US,Illinois,Stephenson,274,5,0,42.35129217,-89.662598,17177.0,615.7580115960268,1.8248175182481752,269,270,5,0,265,268,44753,4,0,0,4,2
2020-07-01,US,Illinois,Tazewell,137,8,0,40.50716185,-89.51404662,17179.0,103.94300584963922,5.8394160583941614,129,127,8,0,119,122,132328,10,0,0,10,5
2020-07-01,US,Illinois,Unassigned,50,0,0,0.0,0.0,90017.0,0.0,0.0,50,48,0,0,48,43,,2,0,0,2,5
2020-07-01,US,Illinois,Union,191,19,0,37.47119609,-89.25548938,17181.0,1146.9404912027862,9.947643979057592,172,188,19,0,169,184,16841,3,0,0,3,4
2020-07-01,US,Illinois,Vermilion,66,2,0,40.18417171,-87.73384359,17183.0,87.11951213073206,3.0303030303030303,64,65,2,0,63,66,76806,1,0,0,1,-1
2020-07-01,US,Illinois,Wabash,22,0,0,38.44272901,-87.84922065,17185.0,190.97222222222226,0.0,22,22,0,0,22,22,11549,0,0,0,0,0
2020-07-01,US,Illinois,Warren,138,0,0,40.84925021,-90.6147432,17187.0,819.2828306815483,0.0,138,136,0,0,136,135,17032,2,0,0,2,1
2020-07-01,US,Illinois,Washington,20,0,0,38.35309213,-89.40982703,17189.0,144.01958666378627,0.0,20,19,0,0,19,19,13995,1,0,0,1,0
2020-07-01,US,Illinois,Wayne,14,1,0,38.42955355,-88.42586459,17191.0,86.33980881899475,7.142857142857142,13,14,1,0,13,13,16332,0,0,0,0,1
2020-07-01,US,Illinois,White,5,0,0,38.08706198,-88.17657461,17193.0,36.935805569919474,0.0,5,4,0,0,4,4,13665,1,0,0,1,0
2020-07-01,US,Illinois,Whiteside,191,15,0,41.75509713,-89.91556058,17195.0,346.1712732215678,7.853403141361255,176,186,15,0,171,183,55626,5,0,0,5,3
2020-07-01,US,Illinois,Will,6744,320,0,41.44619267,-87.97862712,17197.0,976.3399701480866,4.744958481613286,6424,6686,319,0,6367,6635,692310,58,1,0,57,51
2020-07-01,US,Illinois,Williamson,120,4,0,37.73033511,-88.92994027,17199.0,180.18829677012482,3.333333333333333,116,115,4,0,111,114,67056,5,0,0,5,1
2020-07-01,US,Illinois,Winnebago,3046,95,0,42.33641854,-89.16085327,17201.0,1077.9553529719858,3.1188443860801045,2951,3030,94,0,2936,3014,284081,16,1,0,15,16
2020-07-01,US,Illinois,Woodford,33,2,0,40.78579374,-89.20973757,17203.0,85.80566317376946,6.0606060606060606,31,33,2,0,31,33,38463,0,0,0,0,0
2020-07-01,US,Indiana,Adams,45,1,0,40.7457653,-84.93671406,18001.0,125.77913184448109,2.2222222222222223,44,45,1,0,44,45,35636,0,0,0,0,0
2020-07-01,US,Indiana,Allen,2677,114,0,41.09194313,-85.06800636,18003.0,705.7756545627592,4.258498319013822,2563,2649,110,0,2539,2621,375351,28,4,0,24,28
2020-07-01,US,Indiana,Bartholomew,578,44,0,39.20744865,-85.89558181,18005.0,689.9103593979397,7.612456747404845,534,578,44,0,534,578,82753,0,0,0,0,0
2020-07-01,US,Indiana,Benton,48,0,0,40.60626947,-87.31093999,18007.0,548.6968449931413,0.0,48,47,0,0,47,46,8653,1,0,0,1,1
2020-07-01,US,Indiana,Blackford,37,2,0,40.47388153,-85.32499702,18009.0,314.67936723932644,5.405405405405406,35,35,2,0,33,35,11930,2,0,0,2,0
2020-07-01,US,Indiana,Boone,422,42,0,40.0509304,-86.46841646,18011.0,622.0243798181093,9.952606635071088,380,421,42,0,379,416,66999,1,0,0,1,5
2020-07-01,US,Indiana,Brown,38,1,0,39.19605589,-86.22868909,18013.0,251.78902729923138,2.631578947368421,37,38,1,0,37,38,15234,0,0,0,0,0
2020-07-01,US,Indiana,Carroll,109,2,0,40.580783200000006,-86.56198812,18015.0,538.0856000394925,1.834862385321101,107,108,2,0,106,107,20127,1,0,0,1,1
2020-07-01,US,Indiana,Cass,1636,9,0,40.76135835,-86.34830753,18017.0,4340.789089654806,0.5501222493887531,1627,1636,9,0,1627,1636,37955,0,0,0,0,0
2020-07-01,US,Indiana,Clark,622,44,0,38.48015445,-85.70510334,18019.0,525.773021588815,7.07395498392283,578,616,44,0,572,614,117360,6,0,0,6,2
2020-07-01,US,Indiana,Clay,59,4,0,39.39561833,-87.11723506,18021.0,224.97616777883698,6.779661016949151,55,59,4,0,55,59,26170,0,0,0,0,0
2020-07-01,US,Indiana,Clinton,279,2,0,40.30319754,-86.47277257,18023.0,861.1376894348591,0.7168458781362007,277,279,2,0,277,278,32250,0,0,0,0,1
2020-07-01,US,Indiana,Crawford,29,0,0,38.28814402,-86.44518825,18025.0,274.1798241467335,0.0,29,29,0,0,29,28,10558,0,0,0,0,1
2020-07-01,US,Indiana,Daviess,139,16,0,38.70186039,-87.07185406,18027.0,416.77910707325117,11.510791366906474,123,138,16,0,122,135,33147,1,0,0,1,3
2020-07-01,US,Indiana,DeKalb,159,4,0,41.39804622,-84.99906934,18033.0,365.7274295572168,2.5157232704402515,155,157,4,0,153,156,43226,2,0,0,2,1
2020-07-01,US,Indiana,Dearborn,204,22,0,39.14647946,-84.97333539,18029.0,412.4711876743904,10.784313725490195,182,203,22,0,181,199,49568,1,0,0,1,4
2020-07-01,US,Indiana,Decatur,246,32,0,39.30712658,-85.50087166,18031.0,926.2396927595164,13.008130081300811,214,243,32,0,211,242,26794,3,0,0,3,1
2020-07-01,US,Indiana,Delaware,426,48,0,40.22787247,-85.39732772,18035.0,373.2422131686161,11.267605633802814,378,425,48,0,377,423,114772,1,0,0,1,2
2020-07-01,US,Indiana,Dubois,260,6,0,38.36597551,-86.87924170000002,18037.0,608.386372145264,2.3076923076923075,254,259,6,0,253,258,42565,1,0,0,1,1
2020-07-01,US,Indiana,Elkhart,3085,43,0,41.59761169,-85.85875695,18039.0,1495.0979204326818,1.393841166936791,3042,3041,43,0,2998,3003,205560,44,0,0,44,38
2020-07-01,US,Indiana,Fayette,96,7,0,39.63684962,-85.17797541,18041.0,415.5484373647303,7.291666666666668,89,95,7,0,88,95,23047,1,0,0,1,0
2020-07-01,US,Indiana,Floyd,363,44,0,38.32117957,-85.90385377,18043.0,462.2908229540766,12.12121212121212,319,362,44,0,318,358,77781,1,0,0,1,4
2020-07-01,US,Indiana,Fountain,29,2,0,40.12361933,-87.24217689,18045.0,177.41343447938334,6.896551724137932,27,28,2,0,26,28,16351,1,0,0,1,0
2020-07-01,US,Indiana,Franklin,124,8,0,39.4142482,-85.06062647,18047.0,544.8633447578874,6.451612903225807,116,124,8,0,116,124,22736,0,0,0,0,0
2020-07-01,US,Indiana,Fulton,66,1,0,41.0469907,-86.26252745,18049.0,330.42955842595376,1.5151515151515151,65,66,1,0,65,65,20092,0,0,0,0,1
2020-07-01,US,Indiana,Gibson,44,2,0,38.30393723,-87.58054938,18051.0,130.7228378739713,4.545454545454546,42,41,2,0,39,36,33452,3,0,0,3,5
2020-07-01,US,Indiana,Grant,285,26,0,40.51587228,-85.65468702,18053.0,433.3348538065046,9.12280701754386,259,285,26,0,259,283,65936,0,0,0,0,2
2020-07-01,US,Indiana,Greene,184,31,0,39.03630547,-86.96223202,18055.0,576.4049871561932,16.847826086956523,153,184,31,0,153,183,32006,0,0,0,0,1
2020-07-01,US,Indiana,Hamilton,1484,100,0,40.07306535,-86.05244729,18057.0,439.03896618749087,6.738544474393531,1384,1463,100,0,1363,1447,330086,21,0,0,21,16
2020-07-01,US,Indiana,Hancock,429,35,0,39.82304555,-85.77566351,18059.0,548.8179306109918,8.158508158508159,394,418,35,0,383,413,76351,11,0,0,11,5
2020-07-01,US,Indiana,Harrison,208,22,0,38.19467379,-86.10948271,18061.0,513.3901024311983,10.576923076923077,186,208,22,0,186,206,40350,0,0,0,0,2
2020-07-01,US,Indiana,Hendricks,1366,99,0,39.76719009,-86.51037283,18063.0,802.0621099048213,7.247437774524157,1267,1366,99,0,1267,1361,167009,0,0,0,0,5
2020-07-01,US,Indiana,Henry,235,15,0,39.93029017,-85.39625719,18065.0,489.86909030267657,6.382978723404255,220,235,15,0,220,232,48271,0,0,0,0,3
2020-07-01,US,Indiana,Howard,543,56,0,40.48527731,-86.11351892,18067.0,657.8309749951541,10.31307550644567,487,542,56,0,486,538,82366,1,0,0,1,4
2020-07-01,US,Indiana,Huntington,70,2,0,40.82907273,-85.48822092,18069.0,191.6757940854326,2.8571428571428568,68,70,2,0,68,70,36240,0,0,0,0,0
2020-07-01,US,Indiana,Jackson,455,3,0,38.90915820000001,-86.03851889,18071.0,1028.6902850941647,0.6593406593406593,452,454,3,0,451,451,44111,1,0,0,1,3
2020-07-01,US,Indiana,Jasper,109,2,0,41.02078733,-87.11553319,18073.0,324.77206364340617,1.834862385321101,107,107,2,0,105,107,33370,2,0,0,2,0
2020-07-01,US,Indiana,Jay,67,0,0,40.43781032,-85.00576229,18075.0,327.8528087688393,0.0,67,67,0,0,67,66,20764,0,0,0,0,1
2020-07-01,US,Indiana,Jefferson,65,1,0,38.78576239,-85.43633383,18077.0,201.1885601089513,1.5384615384615383,64,64,1,0,63,63,32208,1,0,0,1,1
2020-07-01,US,Indiana,Jennings,169,11,0,38.99588883,-85.62710784,18079.0,609.3383811069046,6.508875739644972,158,169,10,0,159,170,27611,0,1,0,-1,-1
2020-07-01,US,Indiana,Johnson,1235,118,0,39.48994426,-86.10149107,18081.0,780.8202722438942,9.554655870445343,1117,1232,118,0,1114,1231,156225,3,0,0,3,1
2020-07-01,US,Indiana,Knox,62,0,0,38.68861576,-87.4194665,18083.0,169.4266819697218,0.0,62,62,0,0,62,59,36895,0,0,0,0,3
2020-07-01,US,Indiana,Kosciusko,495,2,0,41.24521668,-85.86312322,18085.0,622.9863068868303,0.404040404040404,493,484,2,0,482,477,79344,11,0,0,11,7
2020-07-01,US,Indiana,LaGrange,459,6,0,41.64232188,-85.42674232,18087.0,1158.6812742969655,1.30718954248366,453,456,6,0,450,449,39330,3,0,0,3,7
2020-07-01,US,Indiana,LaPorte,539,25,0,41.54366008,-86.74072188,18091.0,490.49941758881766,4.638218923933209,514,534,25,0,509,522,110007,5,0,0,5,12
2020-07-01,US,Indiana,Lake,4872,240,0,41.41874274,-87.38277575,18089.0,1003.516013619146,4.9261083743842375,4632,4847,239,0,4608,4781,484411,25,1,0,24,66
2020-07-01,US,Indiana,Lawrence,231,24,0,38.84112637,-86.48361629,18093.0,509.1470134450077,10.389610389610391,207,229,24,0,205,218,45668,2,0,0,2,11
2020-07-01,US,Indiana,Madison,643,63,0,40.16143691,-85.71964711,18095.0,496.26067963787636,9.797822706065318,580,642,63,0,579,642,129641,1,0,0,1,0
2020-07-01,US,Indiana,Marion,11387,679,0,39.78163624,-86.13826325,18097.0,1180.5113510308092,5.962940194959164,10708,11329,679,0,10650,11279,954670,58,0,0,58,50
2020-07-01,US,Indiana,Marshall,412,3,0,41.32467367,-86.26185087,18099.0,890.6567512646461,0.7281553398058253,409,409,3,0,406,407,46248,3,0,0,3,2
2020-07-01,US,Indiana,Martin,22,0,0,38.7099921,-86.80373186,18101.0,214.5294978059483,0.0,22,22,0,0,22,24,10217,0,0,0,0,-2
2020-07-01,US,Indiana,Miami,180,2,0,40.76940965,-86.04525048,18103.0,506.8138303863048,1.1111111111111112,178,180,2,0,178,180,35567,0,0,0,0,0
2020-07-01,US,Indiana,Monroe,256,28,0,39.16130004,-86.52414358,18105.0,172.47071029636666,10.9375,228,244,28,0,216,237,146917,12,0,0,12,7
2020-07-01,US,Indiana,Montgomery,287,20,0,40.04034823,-86.89335024,18107.0,748.6045177108874,6.968641114982578,267,285,20,0,265,284,38346,2,0,0,2,1
2020-07-01,US,Indiana,Morgan,320,31,0,39.47899078,-86.44573375,18109.0,453.97154165898223,9.6875,289,318,31,0,287,316,70116,2,0,0,2,2
2020-07-01,US,Indiana,Newton,95,10,0,40.95610449,-87.39635768,18111.0,679.3478260869565,10.526315789473683,85,94,10,0,84,93,14011,1,0,0,1,1
2020-07-01,US,Indiana,Noble,447,28,0,41.39672484,-85.41966713,18113.0,936.2432975871312,6.263982102908278,419,434,28,0,406,431,47532,13,0,0,13,3
2020-07-01,US,Indiana,Ohio,14,0,0,38.955305,-84.96515993,18115.0,238.29787234042556,0.0,14,14,0,0,14,14,5844,0,0,0,0,0
2020-07-01,US,Indiana,Orange,133,23,0,38.54118920000001,-86.49523093,18117.0,676.9825918762089,17.29323308270677,110,133,23,0,110,133,19489,0,0,0,0,0
2020-07-01,US,Indiana,Owen,45,1,0,39.31145587,-86.83900724,18119.0,216.3565556036348,2.2222222222222223,44,43,1,0,42,43,20845,2,0,0,2,0
2020-07-01,US,Indiana,Parke,22,0,0,39.77202286,-87.20375833,18121.0,129.89313337663106,0.0,22,22,0,0,22,22,16927,0,0,0,0,0
2020-07-01,US,Indiana,Perry,120,9,0,38.07809328,-86.63741946,18123.0,626.0107465178153,7.5,111,118,8,0,110,119,19102,2,1,0,1,-1
2020-07-01,US,Indiana,Pike,8,0,0,38.40112197,-87.23574907,18125.0,64.57341189765114,0.0,8,6,0,0,6,6,12410,2,0,0,2,0
2020-07-01,US,Indiana,Porter,685,37,0,41.45986947,-87.06848888,18127.0,402.0212572407843,5.401459854014598,648,680,36,0,644,676,169594,5,1,0,4,4
2020-07-01,US,Indiana,Posey,35,0,0,38.02097333,-87.86480429,18129.0,137.6489558343493,0.0,35,32,0,0,32,30,25540,3,0,0,3,2
2020-07-01,US,Indiana,Pulaski,63,1,0,41.04166107,-86.69890683,18131.0,509.997571440136,1.5873015873015872,62,59,1,0,58,55,12469,4,0,0,4,4
2020-07-01,US,Indiana,Putnam,165,8,0,39.66437981,-86.84517605,18133.0,439.11007025761126,4.848484848484849,157,165,8,0,157,164,37779,0,0,0,0,1
2020-07-01,US,Indiana,Randolph,76,4,0,40.15734772,-85.01139319,18135.0,308.1289276302453,5.2631578947368425,72,76,4,0,72,75,24851,0,0,0,0,1
2020-07-01,US,Indiana,Ripley,112,7,0,39.10235626,-85.26212744,18137.0,395.4243750882644,6.25,105,112,7,0,105,112,28523,0,0,0,0,0
2020-07-01,US,Indiana,Rush,57,3,0,39.62002287,-85.4655599,18139.0,343.76696218563416,5.2631578947368425,54,56,3,0,53,53,16663,1,0,0,1,3
2020-07-01,US,Indiana,Scott,154,7,0,38.68672078,-85.74627859,18143.0,645.0802161437607,4.545454545454546,147,154,7,0,147,154,23878,0,0,0,0,0
2020-07-01,US,Indiana,Shelby,416,25,0,39.52305623,-85.79158570000001,18145.0,930.0453844262113,6.009615384615384,391,414,25,0,389,413,44593,2,0,0,2,1
2020-07-01,US,Indiana,Spencer,31,1,0,38.01519732,-87.0079644,18147.0,152.88257631799576,3.2258064516129035,30,30,1,0,29,30,20327,1,0,0,1,0
2020-07-01,US,Indiana,St. Joseph,1849,65,0,41.61756781,-86.29040834,18141.0,680.2145490129717,3.5154137371552188,1784,1830,65,0,1765,1819,270771,19,0,0,19,11
2020-07-01,US,Indiana,Starke,73,3,0,41.27890281,-86.64686895,18149.0,317.46031746031747,4.109589041095891,70,68,3,0,65,67,22935,5,0,0,5,1
2020-07-01,US,Indiana,Steuben,123,2,0,41.64423868,-85.00101094,18151.0,355.5529860669481,1.6260162601626016,121,123,2,0,121,121,34586,0,0,0,0,2
2020-07-01,US,Indiana,Sullivan,44,1,0,39.08952258,-87.41414469,18153.0,212.87919105907397,2.272727272727273,43,45,1,0,44,45,20690,-1,0,0,-1,0
2020-07-01,US,Indiana,Switzerland,25,0,0,38.82767338,-85.03022429,18155.0,232.53650823179242,0.0,25,24,0,0,24,23,10717,1,0,0,1,1
2020-07-01,US,Indiana,Tippecanoe,640,8,0,40.38872739,-86.89413959,18157.0,326.9777042077943,1.25,632,633,8,0,625,624,193048,7,0,0,7,9
2020-07-01,US,Indiana,Tipton,30,1,0,40.31123252,-86.05234925,18159.0,198.045946659625,3.333333333333333,29,30,1,0,29,30,15128,0,0,0,0,0
2020-07-01,US,Indiana,Unassigned,0,194,0,0.0,0.0,90018.0,0.0,0.0,-194,0,192,0,-192,0,,0,2,0,-2,0
2020-07-01,US,Indiana,Union,13,0,0,39.62550777,-84.92497066,18161.0,184.2925999432946,0.0,13,13,0,0,13,13,7037,0,0,0,0,0
2020-07-01,US,Indiana,Vanderburgh,430,6,0,38.02658833,-87.58763124,18163.0,236.97857823875322,1.3953488372093024,424,413,6,0,407,407,180974,17,0,0,17,6
2020-07-01,US,Indiana,Vermillion,13,0,0,39.8523352,-87.46160542,18165.0,83.88179119886435,0.0,13,13,0,0,13,13,15479,0,0,0,0,0
2020-07-01,US,Indiana,Vigo,224,8,0,39.42944561,-87.39169027,18167.0,209.27147368224368,3.571428571428572,216,222,8,0,214,220,107386,2,0,0,2,2
2020-07-01,US,Indiana,Wabash,107,2,0,40.84704239,-85.79328272,18169.0,345.20583301071105,1.8691588785046729,105,107,2,0,105,106,31280,0,0,0,0,1
2020-07-01,US,Indiana,Warren,14,1,0,40.34728141,-87.35602659,18171.0,169.38898971566852,7.142857142857142,13,14,1,0,13,14,8263,0,0,0,0,0
2020-07-01,US,Indiana,Warrick,201,29,0,38.08922676,-87.2716085,18173.0,319.05774786501166,14.427860696517413,172,196,29,0,167,194,62567,5,0,0,5,2
2020-07-01,US,Indiana,Washington,64,1,0,38.60219804,-86.1049363,18175.0,228.27792837779998,1.5625,63,64,1,0,63,63,27943,0,0,0,0,1
2020-07-01,US,Indiana,Wayne,128,6,0,39.8633444,-85.01044989,18177.0,194.28085726428267,4.6875,122,127,6,0,121,126,65936,1,0,0,1,1
2020-07-01,US,Indiana,Wells,68,1,0,40.72934187,-85.22132966,18179.0,240.316652530393,1.4705882352941178,67,67,1,0,66,67,28206,1,0,0,1,0
2020-07-01,US,Indiana,White,258,10,0,40.74911165,-86.86492015,18181.0,1070.4505850136918,3.875968992248062,248,257,10,0,247,255,24133,1,0,0,1,2
2020-07-01,US,Indiana,Whitley,81,4,0,41.13863784,-85.50791236,18183.0,238.4878106230126,4.938271604938271,77,79,4,0,75,79,34074,2,0,0,2,0
2020-07-01,US,Iowa,Adair,15,0,0,41.33075609,-94.47105874,19001.0,209.7315436241611,0.0,15,15,0,0,15,15,7063,0,0,0,0,0
2020-07-01,US,Iowa,Adams,8,0,0,41.02903567,-94.69932645,19003.0,222.0988339811216,0.0,8,8,0,0,8,8,3645,0,0,0,0,0
2020-07-01,US,Iowa,Allamakee,126,4,0,43.28383218,-91.37860922,19005.0,920.5815737561188,3.1746031746031744,122,124,4,0,120,123,13832,2,0,0,2,1
2020-07-01,US,Iowa,Appanoose,20,3,0,40.74324454,-92.86865906,19007.0,160.95284081764044,15.0,17,20,3,0,17,20,12437,0,0,0,0,0
2020-07-01,US,Iowa,Audubon,16,1,0,41.6844628,-94.90581859,19009.0,291.12081513828235,6.25,15,17,1,0,16,17,5506,-1,0,0,-1,0
2020-07-01,US,Iowa,Benton,59,1,0,42.08011739,-92.06463573,19011.0,230.06434002729577,1.6949152542372878,58,58,1,0,57,58,25642,1,0,0,1,0
2020-07-01,US,Iowa,Black Hawk,2130,58,0,42.4704581,-92.30524729,19013.0,1623.1292102295242,2.7230046948356814,2072,2095,57,0,2038,2079,132408,35,1,0,34,16
2020-07-01,US,Iowa,Boone,136,1,0,42.03657094,-93.9313999,19015.0,518.4112220782191,0.7352941176470589,135,136,1,0,135,135,26346,0,0,0,0,1
2020-07-01,US,Iowa,Bremer,88,6,0,42.77461496,-92.31795937,19017.0,351.1291995850292,6.8181818181818175,82,87,6,0,81,87,24947,1,0,0,1,0
2020-07-01,US,Iowa,Buchanan,46,1,0,42.4709188,-91.83510825,19019.0,217.23730814639904,2.1739130434782608,45,45,1,0,44,44,21199,1,0,0,1,1
2020-07-01,US,Iowa,Buena Vista,1697,11,0,42.73545875,-95.15100162,19021.0,8649.337410805301,0.648202710665881,1686,1695,11,0,1684,1694,19874,2,0,0,2,1
2020-07-01,US,Iowa,Butler,47,2,0,42.73172833,-92.79015971,19023.0,325.50730660018013,4.25531914893617,45,45,2,0,43,45,14539,2,0,0,2,0
2020-07-01,US,Iowa,Calhoun,47,2,0,42.38521079,-94.64046046,19025.0,486.1398427803061,4.25531914893617,45,44,2,0,42,43,9699,3,0,0,3,1
2020-07-01,US,Iowa,Carroll,86,1,0,42.03617207,-94.86032705,19027.0,426.4815273989586,1.162790697674419,85,82,1,0,81,82,20154,4,0,0,4,0
2020-07-01,US,Iowa,Cass,17,0,0,41.33149454,-94.92792482,19029.0,132.44001246494236,0.0,17,17,0,0,17,17,12930,0,0,0,0,0
2020-07-01,US,Iowa,Cedar,77,1,0,41.77233777,-91.13246684,19031.0,413.3784291619692,1.2987012987012987,76,75,1,0,74,74,18627,2,0,0,2,1
2020-07-01,US,Iowa,Cerro Gordo,105,1,0,43.08177563,-93.2612239,19033.0,247.3498233215548,0.9523809523809524,104,99,1,0,98,99,42647,6,0,0,6,0
2020-07-01,US,Iowa,Cherokee,73,0,0,42.73538914,-95.62389402,19035.0,649.7552291944817,0.0,73,72,0,0,72,71,11321,1,0,0,1,1
2020-07-01,US,Iowa,Chickasaw,27,0,0,43.06001295,-92.31773347,19037.0,226.26330344423027,0.0,27,25,0,0,25,25,11964,2,0,0,2,0
2020-07-01,US,Iowa,Clarke,126,2,0,41.02868181,-93.78499767,19039.0,1341.138903672166,1.5873015873015872,124,125,2,0,123,123,9423,1,0,0,1,2
2020-07-01,US,Iowa,Clay,126,0,0,43.08247182,-95.15096481,19041.0,786.7132867132867,0.0,126,121,0,0,121,119,16134,5,0,0,5,2
2020-07-01,US,Iowa,Clayton,39,3,0,42.84443388,-91.34133693,19043.0,222.23488517864263,7.6923076923076925,36,39,3,0,36,38,17556,0,0,0,0,1
2020-07-01,US,Iowa,Clinton,99,1,0,41.89981633,-90.53275096,19045.0,213.22880096491417,1.0101010101010102,98,95,1,0,94,92,46518,4,0,0,4,3
2020-07-01,US,Iowa,Crawford,667,2,0,42.03718237,-95.3819718,19047.0,3965.5172413793102,0.29985007496251875,665,666,2,0,664,667,17158,1,0,0,1,-1
2020-07-01,US,Iowa,Dallas,1194,29,0,41.68560356,-94.04127625,19049.0,1277.6475875573815,2.4288107202680065,1165,1175,29,0,1146,1173,90180,19,0,0,19,2
2020-07-01,US,Iowa,Davis,38,1,0,40.74773536,-92.41005468,19051.0,422.22222222222223,2.631578947368421,37,37,1,0,36,37,9017,1,0,0,1,0
2020-07-01,US,Iowa,Decatur,10,0,0,40.73742757,-93.78645949,19053.0,127.06480304955528,0.0,10,10,0,0,10,9,7890,0,0,0,0,1
2020-07-01,US,Iowa,Delaware,45,1,0,42.47104597,-91.3664492,19055.0,264.5347128328729,2.2222222222222223,44,41,1,0,40,40,17069,4,0,0,4,1
2020-07-01,US,Iowa,Des Moines,85,3,0,40.92012606,-91.18326592,19057.0,218.13329227294892,3.5294117647058822,82,84,3,0,81,84,39138,1,0,0,1,0
2020-07-01,US,Iowa,Dickinson,249,2,0,43.37787725,-95.1510206,19059.0,1442.8091319967555,0.8032128514056225,247,241,2,0,239,239,17153,8,0,0,8,2
2020-07-01,US,Iowa,Dubuque,539,22,0,42.46815349,-90.88181925,19061.0,553.8942154535458,4.081632653061225,517,512,22,0,490,501,96854,27,0,0,27,11
2020-07-01,US,Iowa,Emmet,75,0,0,43.37782951,-94.67858943,19063.0,814.509122502172,0.0,75,75,0,0,75,75,9253,0,0,0,0,0
2020-07-01,US,Iowa,Fayette,33,0,0,42.86271799,-91.8441231,19065.0,167.9389312977099,0.0,33,33,0,0,33,32,19660,0,0,0,0,1
2020-07-01,US,Iowa,Floyd,66,2,0,43.06000529999999,-92.78940097,19067.0,421.9409282700422,3.0303030303030303,64,65,2,0,63,65,15761,1,0,0,1,0
2020-07-01,US,Iowa,Franklin,78,0,0,42.73270384,-93.26256925,19069.0,774.5779543197618,0.0,78,75,0,0,75,74,10124,3,0,0,3,1
2020-07-01,US,Iowa,Fremont,7,0,0,40.74542720000001,-95.60129045,19071.0,100.57471264367815,0.0,7,7,0,0,7,7,6993,0,0,0,0,0
2020-07-01,US,Iowa,Greene,28,0,0,42.03614551,-94.39658081,19073.0,315.031503150315,0.0,28,28,0,0,28,28,8981,0,0,0,0,0
2020-07-01,US,Iowa,Grundy,34,0,0,42.40183723,-92.78829551,19075.0,277.95945062132114,0.0,34,33,0,0,33,33,12304,1,0,0,1,0
2020-07-01,US,Iowa,Guthrie,64,4,0,41.68378965,-94.50111014,19077.0,598.7463747778088,6.25,60,64,4,0,60,64,10720,0,0,0,0,0
2020-07-01,US,Iowa,Hamilton,185,1,0,42.38382428,-93.70197703,19079.0,1252.2845732078792,0.5405405405405406,184,185,1,0,184,183,14952,0,0,0,0,2
2020-07-01,US,Iowa,Hancock,47,0,0,43.08178477,-93.73454884,19081.0,442.1448730009407,0.0,47,47,0,0,47,46,10712,0,0,0,0,1
2020-07-01,US,Iowa,Hardin,63,0,0,42.38353877,-93.23654611,19083.0,373.9760180458269,0.0,63,63,0,0,63,66,16868,0,0,0,0,-3
2020-07-01,US,Iowa,Harrison,51,0,0,41.68330137,-95.81558439,19085.0,363.01516122143926,0.0,51,50,0,0,50,49,14134,1,0,0,1,1
2020-07-01,US,Iowa,Henry,82,3,0,40.98767962,-91.54436349,19087.0,410.94517389996986,3.6585365853658534,79,82,3,0,79,81,20067,0,0,0,0,1
2020-07-01,US,Iowa,Howard,27,0,0,43.35671042,-92.31702714,19089.0,294.8241974230181,0.0,27,22,0,0,22,21,9187,5,0,0,5,1
2020-07-01,US,Iowa,Humboldt,51,1,0,42.7764426,-94.20722537,19091.0,533.5844318895166,1.96078431372549,50,48,1,0,47,48,9547,3,0,0,3,0
2020-07-01,US,Iowa,Ida,22,0,0,42.38696136,-95.51355387,19093.0,320.6997084548105,0.0,22,22,0,0,22,21,6841,0,0,0,0,1
2020-07-01,US,Iowa,Iowa,50,0,0,41.68630265,-92.0643373,19095.0,308.94710825506667,0.0,50,47,0,0,47,47,16141,3,0,0,3,0
2020-07-01,US,Iowa,Jackson,25,0,0,42.17178824,-90.57354837,19097.0,128.60743865425178,0.0,25,24,0,0,24,23,19432,1,0,0,1,1
2020-07-01,US,Iowa,Jasper,318,17,0,41.68576082,-93.05567785,19099.0,855.1835417507059,5.345911949685536,301,317,17,0,300,315,37147,1,0,0,1,2
2020-07-01,US,Iowa,Jefferson,53,0,0,41.03192394,-91.94849466,19101.0,289.6966384257994,0.0,53,53,0,0,53,52,18381,0,0,0,0,1
2020-07-01,US,Iowa,Johnson,1181,8,0,41.67169354,-91.58754744,19103.0,781.3947333597987,0.6773920406435224,1173,1145,8,0,1137,1115,151260,36,0,0,36,30
2020-07-01,US,Iowa,Jones,55,0,0,42.12118609,-91.13139641,19105.0,265.94458681881923,0.0,55,54,0,0,54,52,20744,1,0,0,1,2
2020-07-01,US,Iowa,Keokuk,19,1,0,41.33649833,-92.1785067,19107.0,185.43821979308998,5.2631578947368425,18,19,1,0,18,19,10225,0,0,0,0,0
2020-07-01,US,Iowa,Kossuth,32,0,0,43.20405458,-94.20691791,19109.0,216.02646324174708,0.0,32,32,0,0,32,32,14908,0,0,0,0,0
2020-07-01,US,Iowa,Lee,49,2,0,40.64181461,-91.48183025,19111.0,145.58635647859288,4.081632653061225,47,48,2,0,46,47,34055,1,0,0,1,1
2020-07-01,US,Iowa,Linn,1215,82,0,42.07923082,-91.59809485,19113.0,535.9364110345558,6.748971193415638,1133,1203,82,0,1121,1194,225909,12,0,0,12,9
2020-07-01,US,Iowa,Louisa,360,13,0,41.21842119,-91.26102611,19115.0,3262.347077480743,3.611111111111111,347,360,13,0,347,359,11169,0,0,0,0,1
2020-07-01,US,Iowa,Lucas,30,4,0,41.02958964,-93.32780803,19117.0,348.8372093023256,13.333333333333336,26,30,4,0,26,30,8645,0,0,0,0,0
2020-07-01,US,Iowa,Lyon,40,0,0,43.38107862,-96.20926845,19119.0,340.280731603573,0.0,40,39,0,0,39,39,11811,1,0,0,1,0
2020-07-01,US,Iowa,Madison,37,2,0,41.33081904,-94.01554631,19121.0,226.4659076998409,5.405405405405406,35,37,2,0,35,37,16249,0,0,0,0,0
2020-07-01,US,Iowa,Mahaska,115,17,0,41.33521503,-92.64083907,19123.0,520.479746548993,14.782608695652176,98,115,17,0,98,115,22000,0,0,0,0,0
2020-07-01,US,Iowa,Marion,66,0,0,41.33445101,-93.09934783,19125.0,198.47833278200463,0.0,66,66,0,0,66,63,33407,0,0,0,0,3
2020-07-01,US,Iowa,Marshall,1016,18,0,42.03586837,-92.9990819,19127.0,2580.7107114734945,1.7716535433070866,998,1012,18,0,994,1011,39981,4,0,0,4,1
2020-07-01,US,Iowa,Mills,34,0,0,41.03299766,-95.61920963,19129.0,225.03143821563307,0.0,34,34,0,0,34,32,15063,0,0,0,0,2
2020-07-01,US,Iowa,Mitchell,28,0,0,43.35638371,-92.78887719,19131.0,264.5002833931608,0.0,28,23,0,0,23,22,10569,5,0,0,5,1
2020-07-01,US,Iowa,Monona,71,0,0,42.05220391,-95.95743843,19133.0,824.1439349970981,0.0,71,70,0,0,70,70,8679,1,0,0,1,0
2020-07-01,US,Iowa,Monroe,50,6,0,41.02988815,-92.8690667,19135.0,648.760866744518,12.0,44,50,6,0,44,50,7790,0,0,0,0,0
2020-07-01,US,Iowa,Montgomery,10,2,0,41.03018714,-95.15642896,19137.0,100.83694665725521,20.0,8,10,2,0,8,10,10003,0,0,0,0,0
2020-07-01,US,Iowa,Muscatine,620,44,0,41.48370744,-91.1121697,19139.0,1453.2158259891244,7.096774193548387,576,615,44,0,571,610,42929,5,0,0,5,5
2020-07-01,US,Iowa,O'Brien,85,1,0,43.08310673,-95.62474482,19141.0,618.0469715698392,1.1764705882352942,84,83,1,0,82,81,13840,2,0,0,2,2
2020-07-01,US,Iowa,Osceola,56,0,0,43.37824276,-95.62422844,19143.0,939.9127223900638,0.0,56,51,0,0,51,51,6040,5,0,0,5,0
2020-07-01,US,Iowa,Page,20,0,0,40.7393172,-95.1497813,19145.0,132.38895876083936,0.0,20,20,0,0,20,20,15249,0,0,0,0,0
2020-07-01,US,Iowa,Palo Alto,31,0,0,43.08193849,-94.67824621,19147.0,348.86338059869456,0.0,31,31,0,0,31,30,8929,0,0,0,0,1
2020-07-01,US,Iowa,Plymouth,305,4,0,42.737633,-96.21366621,19149.0,1211.423124280097,1.3114754098360657,301,300,4,0,296,296,25095,5,0,0,5,4
2020-07-01,US,Iowa,Pocahontas,84,1,0,42.73420133,-94.67862564,19151.0,1269.0738782293395,1.1904761904761905,83,75,1,0,74,73,6740,9,0,0,9,2
2020-07-01,US,Iowa,Polk,6120,178,0,41.68679484,-93.57767461,19153.0,1248.5693476225158,2.908496732026144,5942,6037,177,0,5860,6000,487204,83,1,0,82,37
2020-07-01,US,Iowa,Pottawattamie,701,11,0,41.33640314,-95.53907776,19155.0,752.097504452503,1.5691868758915837,690,692,11,0,681,683,93533,9,0,0,9,9
2020-07-01,US,Iowa,Poweshiek,104,8,0,41.68625425,-92.53155731,19157.0,562.0406398616516,7.6923076923076925,96,104,8,0,96,104,18699,0,0,0,0,0
2020-07-01,US,Iowa,Ringgold,15,0,0,40.73518949,-94.24368535,19159.0,306.49775234981615,0.0,15,14,0,0,14,14,4968,1,0,0,1,0
2020-07-01,US,Iowa,Sac,63,0,0,42.38624071,-95.10547892,19161.0,648.0814730994754,0.0,63,63,0,0,63,62,9719,0,0,0,0,1
2020-07-01,US,Iowa,Scott,664,10,0,41.63935978,-90.61959493,19163.0,383.9415298682225,1.5060240963855422,654,631,10,0,621,621,173283,33,0,0,33,10
2020-07-01,US,Iowa,Shelby,106,0,0,41.6850066,-95.31015553,19165.0,925.440894010826,0.0,106,106,0,0,106,103,11578,0,0,0,0,3
2020-07-01,US,Iowa,Sioux,457,0,0,43.08221074,-96.1767568,19167.0,1311.146177019079,0.0,457,455,0,0,455,449,34909,2,0,0,2,6
2020-07-01,US,Iowa,Story,722,3,0,42.03621213,-93.46499005,19169.0,743.4331785372283,0.4155124653739612,719,694,3,0,691,677,98105,28,0,0,28,17
2020-07-01,US,Iowa,Tama,451,29,0,42.07991767,-92.53266945,19171.0,2675.9226296428146,6.430155210643015,422,445,29,0,416,438,16904,6,0,0,6,7
2020-07-01,US,Iowa,Taylor,79,0,0,40.73710579,-94.69778563,19173.0,1290.6387845123345,0.0,79,78,0,0,78,78,6191,1,0,0,1,0
2020-07-01,US,Iowa,Unassigned,4,0,0,0.0,0.0,90019.0,0.0,0.0,4,3,0,0,3,6,,1,0,0,1,-3
2020-07-01,US,Iowa,Union,25,0,0,41.0277278,-94.24234847,19175.0,204.23168041826648,0.0,25,25,0,0,25,25,12359,0,0,0,0,0
2020-07-01,US,Iowa,Van Buren,19,0,0,40.75326764,-91.95017958,19177.0,269.73310618966497,0.0,19,19,0,0,19,19,7020,0,0,0,0,0
2020-07-01,US,Iowa,Wapello,701,30,0,41.03064984,-92.40954728,19179.0,2004.6326746546945,4.279600570613408,671,700,30,0,670,699,35205,1,0,0,1,1
2020-07-01,US,Iowa,Warren,249,1,0,41.33559454,-93.56007641,19181.0,483.81455718338316,0.4016064257028112,248,245,2,0,243,243,51056,4,-1,0,5,2
2020-07-01,US,Iowa,Washington,229,9,0,41.33577126,-91.71725711,19183.0,1042.5677213749143,3.930131004366812,220,225,9,0,216,225,22141,4,0,0,4,0
2020-07-01,US,Iowa,Wayne,8,0,0,40.73969028,-93.32752197,19185.0,124.2043160999845,0.0,8,8,0,0,8,8,6401,0,0,0,0,0
2020-07-01,US,Iowa,Webster,168,2,0,42.42853483,-94.17987389,19187.0,467.9144385026738,1.1904761904761905,166,161,2,0,159,160,36277,7,0,0,7,1
2020-07-01,US,Iowa,Winnebago,26,0,0,43.37751174,-93.73407298,19189.0,251.11068186208232,0.0,26,24,0,0,24,23,10518,2,0,0,2,1
2020-07-01,US,Iowa,Winneshiek,32,0,0,43.29094334,-91.84422722,19191.0,160.07203241458657,0.0,32,29,0,0,29,28,20029,3,0,0,3,1
2020-07-01,US,Iowa,Woodbury,3177,44,0,42.38979414,-96.0459439,19193.0,3081.2650935436004,1.384954359458609,3133,3165,44,0,3121,3152,102539,12,0,0,12,13
2020-07-01,US,Iowa,Worth,14,0,0,43.37750768,-93.26087602,19195.0,189.6761956374475,0.0,14,14,0,0,14,13,7453,0,0,0,0,1
2020-07-01,US,Iowa,Wright,375,0,0,42.73305373,-93.73515113,19197.0,2985.193440534946,0.0,375,370,0,0,370,369,12690,5,0,0,5,1
2020-07-01,US,Kansas,Allen,4,0,0,37.88582951,-95.30030847,20001.0,32.338911795618074,0.0,4,4,0,0,4,4,12444,0,0,0,0,0
2020-07-01,US,Kansas,Anderson,4,0,0,38.21413251,-95.29272815,20003.0,50.903537795876815,0.0,4,4,0,0,4,4,7878,0,0,0,0,0
2020-07-01,US,Kansas,Atchison,36,0,0,39.53185661,-95.30870026,20005.0,223.97809991911905,0.0,36,34,0,0,34,34,16193,2,0,0,2,0
2020-07-01,US,Kansas,Barber,1,0,0,37.2288586,-98.68460053,20007.0,22.588660492432798,0.0,1,1,0,0,1,1,4472,0,0,0,0,0
2020-07-01,US,Kansas,Barton,57,2,0,38.47889676,-98.75636726,20009.0,221.1102059816129,3.5087719298245608,55,56,2,0,54,56,26111,1,0,0,1,0
2020-07-01,US,Kansas,Bourbon,28,1,0,37.85508555,-94.84865997,20011.0,192.65171322416404,3.571428571428572,27,28,1,0,27,21,14653,0,0,0,0,7
2020-07-01,US,Kansas,Brown,14,0,0,39.82652589,-95.56421698,20013.0,146.3822668339607,0.0,14,14,0,0,14,14,9598,0,0,0,0,0
2020-07-01,US,Kansas,Butler,56,0,0,37.78134351,-96.83878537,20015.0,83.69326418675554,0.0,56,53,0,0,53,53,66765,3,0,0,3,0
2020-07-01,US,Kansas,Chase,4,0,0,38.30292938,-96.59563862,20017.0,151.0574018126888,0.0,4,4,0,0,4,4,2629,0,0,0,0,0
2020-07-01,US,Kansas,Chautauqua,4,0,0,37.14994405,-96.2454192,20019.0,123.07692307692308,0.0,4,4,0,0,4,4,3309,0,0,0,0,0
2020-07-01,US,Kansas,Cherokee,34,0,0,37.16928494,-94.8462897,20021.0,170.52008626310248,0.0,34,29,0,0,29,29,20015,5,0,0,5,0
2020-07-01,US,Kansas,Cheyenne,2,0,0,39.78580976,-101.7318201,20023.0,75.27286413248024,0.0,2,2,0,0,2,2,2660,0,0,0,0,0
2020-07-01,US,Kansas,Clark,34,1,0,37.23577007,-99.81883015,20025.0,1705.1153460381142,2.9411764705882355,33,34,1,0,33,34,2005,0,0,0,0,0
2020-07-01,US,Kansas,Clay,7,2,0,39.34948772,-97.16518128,20027.0,87.47813046738315,28.57142857142857,5,6,2,0,4,6,7997,1,0,0,1,0
2020-07-01,US,Kansas,Cloud,18,0,0,39.48028352,-97.64925343,20029.0,204.87138629638056,0.0,18,18,0,0,18,18,8729,0,0,0,0,0
2020-07-01,US,Kansas,Coffey,53,8,0,38.2365018,-95.73379515,20031.0,648.0009781146838,15.094339622641508,45,53,8,0,45,53,8233,0,0,0,0,0
2020-07-01,US,Kansas,Comanche,2,0,0,37.19114520000001,-99.27113247,20033.0,117.64705882352942,0.0,2,2,0,0,2,2,1748,0,0,0,0,0
2020-07-01,US,Kansas,Cowley,71,1,0,37.23781842,-96.83776647,20035.0,203.39177265956226,1.4084507042253518,70,71,1,0,70,70,35218,0,0,0,0,1
2020-07-01,US,Kansas,Crawford,262,1,0,37.50675523,-94.85245778,20037.0,674.9446133237158,0.3816793893129771,261,256,1,0,255,256,39019,6,0,0,6,0
2020-07-01,US,Kansas,Dickinson,8,1,0,38.86600962,-97.15532383,20041.0,43.32286364128669,12.5,7,8,1,0,7,8,18717,0,0,0,0,0
2020-07-01,US,Kansas,Doniphan,26,0,0,39.79067154,-95.14056866,20043.0,342.10526315789474,0.0,26,25,0,0,25,25,7682,1,0,0,1,0
2020-07-01,US,Kansas,Douglas,190,0,0,38.88503636,-95.2925121,20045.0,155.40778184019172,0.0,190,157,0,0,157,157,121436,33,0,0,33,0
2020-07-01,US,Kansas,Edwards,7,0,0,37.88735543,-99.31263309,20047.0,250.17869907076482,0.0,7,6,0,0,6,6,2849,1,0,0,1,0
2020-07-01,US,Kansas,Elk,1,0,0,37.45338105,-96.24369667,20049.0,39.52569169960474,0.0,1,1,0,0,1,1,2508,0,0,0,0,0
2020-07-01,US,Kansas,Ellis,21,0,0,38.91458712,-99.31751551,20051.0,73.54743809757294,0.0,21,18,0,0,18,18,28710,3,0,0,3,0
2020-07-01,US,Kansas,Ellsworth,4,0,0,38.69677695,-98.20462799,20053.0,65.55227794165847,0.0,4,3,0,0,3,3,6196,1,0,0,1,0
2020-07-01,US,Kansas,Finney,1574,10,0,38.04340344,-100.73819379999999,20055.0,4316.231113061123,0.6353240152477764,1564,1570,10,0,1560,1563,36611,4,0,0,4,7
2020-07-01,US,Kansas,Ford,1947,8,0,37.69200114,-99.88825298,20057.0,5791.367976441893,0.4108885464817668,1939,1944,8,0,1936,1944,33888,3,0,0,3,0
2020-07-01,US,Kansas,Franklin,77,0,0,38.56443815,-95.28644341,20059.0,301.44065142499215,0.0,77,71,0,0,71,71,25631,6,0,0,6,0
2020-07-01,US,Kansas,Geary,53,1,0,38.99871131,-96.7577178,20061.0,167.35080517840228,1.8867924528301887,52,57,1,0,56,57,32594,-4,0,0,-4,0
2020-07-01,US,Kansas,Gove,1,0,0,38.91588178,-100.4829321,20063.0,37.93626707132018,0.0,1,1,0,0,1,1,2612,0,0,0,0,0
2020-07-01,US,Kansas,Grant,48,1,0,37.56227336,-101.3079758,20067.0,671.3286713286714,2.083333333333333,47,47,1,0,46,47,7336,1,0,0,1,0
2020-07-01,US,Kansas,Gray,31,0,0,37.73836671,-100.4369088,20069.0,517.7020708082831,0.0,31,29,0,0,29,24,6033,2,0,0,2,5
2020-07-01,US,Kansas,Greenwood,11,0,0,37.8774388,-96.23250453,20073.0,183.884988298228,0.0,11,11,0,0,11,11,6055,0,0,0,0,0
2020-07-01,US,Kansas,Hamilton,30,0,0,37.99978709,-101.7921066,20075.0,1181.5675462780625,0.0,30,29,0,0,29,29,2607,1,0,0,1,0
2020-07-01,US,Kansas,Harper,4,0,0,37.19175361,-98.07578384,20077.0,73.58351729212656,0.0,4,2,0,0,2,2,5506,2,0,0,2,0
2020-07-01,US,Kansas,Harvey,37,0,0,38.04293782,-97.42747573,20079.0,107.4675418978187,0.0,37,37,0,0,37,37,34210,0,0,0,0,0
2020-07-01,US,Kansas,Haskell,24,0,0,37.562039399999996,-100.8710738,20081.0,604.8387096774194,0.0,24,23,0,0,23,23,3997,1,0,0,1,0
2020-07-01,US,Kansas,Hodgeman,9,0,0,38.08780079,-99.89829881,20083.0,501.6722408026756,0.0,9,9,0,0,9,9,1818,0,0,0,0,0
2020-07-01,US,Kansas,Jackson,113,1,0,39.41673394,-95.79356799,20085.0,857.9454862956495,0.8849557522123894,112,112,1,0,111,106,13280,1,0,0,1,6
2020-07-01,US,Kansas,Jefferson,25,0,0,39.2347941,-95.38289232,20087.0,131.28183584519246,0.0,25,24,0,0,24,24,18975,1,0,0,1,0
2020-07-01,US,Kansas,Jewell,4,0,0,39.78470589,-98.21820662,20089.0,138.9371309482459,0.0,4,4,0,0,4,4,2841,0,0,0,0,0
2020-07-01,US,Kansas,Johnson,1798,87,0,38.88548175,-94.82250877,20091.0,298.4722800924965,4.838709677419356,1711,1692,86,0,1606,1651,597555,106,1,0,105,41
2020-07-01,US,Kansas,Kearny,48,1,0,38.00017981,-101.32168100000001,20093.0,1250.6513809275666,2.083333333333333,47,48,1,0,47,48,3943,0,0,0,0,0
2020-07-01,US,Kansas,Kiowa,3,0,0,37.55848695,-99.2856537,20097.0,121.21212121212122,0.0,3,4,0,0,4,4,2516,-1,0,0,-1,0
2020-07-01,US,Kansas,Labette,61,0,0,37.19113093,-95.29849679,20099.0,310.93893363237845,0.0,61,59,0,0,59,57,19964,2,0,0,2,2
2020-07-01,US,Kansas,Lane,5,0,0,38.48119447,-100.46607540000001,20101.0,325.73289902280135,0.0,5,5,0,0,5,5,1560,0,0,0,0,0
2020-07-01,US,Kansas,Leavenworth,1171,7,0,39.20183497,-95.03620809,20103.0,1432.2757406003082,0.5977796754910333,1164,1162,7,0,1155,1162,81352,9,0,0,9,0
2020-07-01,US,Kansas,Lincoln,1,0,0,39.04549684,-98.20756994,20105.0,33.7609723160027,0.0,1,1,0,0,1,1,3023,0,0,0,0,0
2020-07-01,US,Kansas,Linn,14,0,0,38.21267844,-94.84254089,20107.0,144.2852725961043,0.0,14,14,0,0,14,14,9750,0,0,0,0,0
2020-07-01,US,Kansas,Logan,1,0,0,38.91735806,-101.148475,20109.0,35.79098067287043,0.0,1,1,0,0,1,1,2844,0,0,0,0,0
2020-07-01,US,Kansas,Lyon,499,7,0,38.45576156,-96.15275715,20111.0,1503.2384395240247,1.4028056112224452,492,489,6,0,483,489,33406,10,1,0,9,0
2020-07-01,US,Kansas,Marion,9,1,0,38.35855394,-97.09852509999999,20115.0,75.73207674183777,11.111111111111109,8,9,1,0,8,9,11950,0,0,0,0,0
2020-07-01,US,Kansas,Marshall,2,0,0,39.78359669,-96.52278974,20117.0,20.603688060162767,0.0,2,2,0,0,2,2,9722,0,0,0,0,0
2020-07-01,US,Kansas,McPherson,75,0,0,38.39184858,-97.64769869,20113.0,262.7706537733866,0.0,75,72,0,0,72,72,28537,3,0,0,3,0
2020-07-01,US,Kansas,Meade,30,0,0,37.23859987,-100.36483100000001,20119.0,743.86312918423,0.0,30,30,0,0,30,30,4146,0,0,0,0,0
2020-07-01,US,Kansas,Miami,34,0,0,38.56383358,-94.83832189,20121.0,99.30776645149984,0.0,34,27,0,0,27,27,33680,7,0,0,7,0
2020-07-01,US,Kansas,Mitchell,4,0,0,39.39331582,-98.20906732,20123.0,66.9008195350393,0.0,4,4,0,0,4,4,6150,0,0,0,0,0
2020-07-01,US,Kansas,Montgomery,44,3,0,37.19236568,-95.74329258,20125.0,138.23871312325238,6.8181818181818175,41,41,3,0,38,38,32120,3,0,0,3,3
2020-07-01,US,Kansas,Morris,5,0,0,38.68827511,-96.65128437,20127.0,88.96797153024912,0.0,5,5,0,0,5,5,5521,0,0,0,0,0
2020-07-01,US,Kansas,Morton,6,1,0,37.19141121,-101.79925190000002,20129.0,231.92887514495555,16.666666666666668,5,6,1,0,5,6,2667,0,0,0,0,0
2020-07-01,US,Kansas,Nemaha,27,0,0,39.78345387,-96.01392079,20131.0,263.9038217183071,0.0,27,26,0,0,26,24,10155,1,0,0,1,2
2020-07-01,US,Kansas,Neosho,32,0,0,37.55862897,-95.30670046,20133.0,199.91253826450927,0.0,32,32,0,0,32,32,15951,0,0,0,0,0
2020-07-01,US,Kansas,Ness,4,0,0,38.47974157,-99.91547333,20135.0,145.45454545454547,0.0,4,4,0,0,4,4,2840,0,0,0,0,0
2020-07-01,US,Kansas,Norton,4,0,0,39.78443827,-99.90286639,20137.0,74.61294534601755,0.0,4,4,0,0,4,4,5430,0,0,0,0,0
2020-07-01,US,Kansas,Osage,13,0,0,38.65235984,-95.72707998,20139.0,81.50981252743121,0.0,13,13,0,0,13,13,15941,0,0,0,0,0
2020-07-01,US,Kansas,Osborne,2,0,0,39.3503437,-98.76753828,20141.0,58.46243788365975,0.0,2,2,0,0,2,2,3475,0,0,0,0,0
2020-07-01,US,Kansas,Ottawa,6,0,0,39.13237408,-97.65020313,20143.0,105.18934081346424,0.0,6,6,0,0,6,6,5802,0,0,0,0,0
2020-07-01,US,Kansas,Pawnee,3,0,0,38.18108732,-99.23692334,20145.0,46.772684752104766,0.0,3,3,0,0,3,3,6562,0,0,0,0,0
2020-07-01,US,Kansas,Phillips,3,0,0,39.78465501,-99.34668865,20147.0,57.3175391669851,0.0,3,3,0,0,3,3,5317,0,0,0,0,0
2020-07-01,US,Kansas,Pottawatomie,69,0,0,39.37925655,-96.34564657,20149.0,282.98404626173976,0.0,69,65,0,0,65,65,24277,4,0,0,4,0
2020-07-01,US,Kansas,Pratt,12,0,0,37.64780729,-98.73922153,20151.0,130.9471846355303,0.0,12,11,0,0,11,11,9378,1,0,0,1,0
2020-07-01,US,Kansas,Reno,66,0,0,37.95230263,-98.08607292,20155.0,106.45504693699795,0.0,66,63,0,0,63,63,62342,3,0,0,3,0
2020-07-01,US,Kansas,Republic,11,0,0,39.82799632,-97.65036709,20157.0,237.2735116479724,0.0,11,11,0,0,11,9,4664,0,0,0,0,2
2020-07-01,US,Kansas,Rice,4,0,0,38.34616184,-98.19992118,20159.0,41.94191045402118,0.0,4,4,0,0,4,4,9531,0,0,0,0,0
2020-07-01,US,Kansas,Riley,242,3,0,39.28935726,-96.73420026,20161.0,326.00495743075766,1.2396694214876034,239,233,3,0,230,222,73703,9,0,0,9,11
2020-07-01,US,Kansas,Rooks,7,0,0,39.35022773,-99.32484567,20163.0,142.27642276422762,0.0,7,7,0,0,7,7,5013,0,0,0,0,0
2020-07-01,US,Kansas,Rush,1,0,0,38.52275276,-99.30863983,20165.0,32.93807641633729,0.0,1,1,0,0,1,1,3093,0,0,0,0,0
2020-07-01,US,Kansas,Russell,2,0,0,38.91462787,-98.76254297,20167.0,29.171528588098017,0.0,2,,,,,,6907,,,,,
2020-07-01,US,Kansas,Saline,123,2,0,38.78369175,-97.65185177,20169.0,226.83682502213043,1.6260162601626016,121,105,2,0,103,105,54401,18,0,0,18,0
2020-07-01,US,Kansas,Scott,16,0,0,38.48222076,-100.90665390000001,20171.0,331.74372797014314,0.0,16,16,0,0,16,16,4897,0,0,0,0,0
2020-07-01,US,Kansas,Sedgwick,1278,28,0,37.6842718,-97.4608198,20173.0,247.65426069971048,2.1909233176838807,1250,1208,28,0,1180,1161,513607,70,0,0,70,47
2020-07-01,US,Kansas,Seward,1019,2,0,37.19324632,-100.85072009999999,20175.0,4755.460145603883,0.19627085377821396,1017,1011,2,0,1009,1011,21780,8,0,0,8,0
2020-07-01,US,Kansas,Shawnee,670,12,0,39.04100763,-95.75572640000001,20177.0,378.7985865724382,1.791044776119403,658,646,11,0,635,621,177499,24,1,0,23,25
2020-07-01,US,Kansas,Sheridan,5,0,0,39.35018161,-100.44182590000001,20179.0,198.33399444664815,0.0,5,4,0,0,4,4,2533,1,0,0,1,0
2020-07-01,US,Kansas,Sherman,7,0,0,39.35147699,-101.71976240000001,20181.0,118.30319418624303,0.0,7,7,0,0,7,7,5899,0,0,0,0,0
2020-07-01,US,Kansas,Smith,3,0,0,39.78516566,-98.78566062,20183.0,83.72871895060004,0.0,3,3,0,0,3,3,3603,0,0,0,0,0
2020-07-01,US,Kansas,Stafford,1,0,0,38.03100851,-98.71762001,20185.0,24.06159769008662,0.0,1,1,0,0,1,1,4178,0,0,0,0,0
2020-07-01,US,Kansas,Stanton,10,0,0,37.56304714,-101.78435340000001,20187.0,498.5044865403789,0.0,10,10,0,0,10,10,1987,0,0,0,0,0
2020-07-01,US,Kansas,Stevens,32,0,0,37.1923008,-101.3118967,20189.0,583.4092980856882,0.0,32,31,0,0,31,31,5559,1,0,0,1,0
2020-07-01,US,Kansas,Sumner,13,1,0,37.23682549,-97.47721621,20191.0,56.92765808372746,7.6923076923076925,12,11,1,0,10,11,22996,2,0,0,2,0
2020-07-01,US,Kansas,Thomas,15,0,0,39.35107575,-101.0553705,20193.0,192.87643050019287,0.0,15,15,0,0,15,15,7711,0,0,0,0,0
2020-07-01,US,Kansas,Trego,1,0,0,38.91467218,-99.87284448,20195.0,35.676061362825536,0.0,1,1,0,0,1,1,2793,0,0,0,0,0
2020-07-01,US,Kansas,Unassigned,0,1,0,0.0,0.0,90020.0,0.0,0.0,-1,0,1,0,-1,0,,0,0,0,0,0
2020-07-01,US,Kansas,Wabaunsee,35,0,0,38.95471985,-96.20350509,20197.0,504.9776367046602,0.0,35,35,0,0,35,35,6899,0,0,0,0,0
2020-07-01,US,Kansas,Washington,1,0,0,39.78420784,-97.08753229999999,20201.0,18.49796522382538,0.0,1,1,0,0,1,1,5420,0,0,0,0,0
2020-07-01,US,Kansas,Wilson,2,0,0,37.55937174,-95.74323255,20205.0,23.460410557184748,0.0,2,1,0,0,1,1,8665,1,0,0,1,0
2020-07-01,US,Kansas,Woodson,10,0,0,37.8865336,-95.74006277,20207.0,318.67431485022314,0.0,10,10,0,0,10,8,3183,0,0,0,0,2
2020-07-01,US,Kansas,Wyandotte,2335,83,0,39.11727348,-94.76378225,20209.0,1411.481662828162,3.554603854389722,2252,2234,82,0,2152,2234,165324,101,1,0,100,0
2020-07-01,US,Kentucky,Adair,121,19,0,37.10459774,-85.28129668,21001.0,630.1426934694302,15.702479338842974,102,117,19,0,98,115,19215,4,0,0,4,2
2020-07-01,US,Kentucky,Allen,168,5,0,36.75197631,-86.19457544,21003.0,788.1773399014778,2.9761904761904763,163,166,5,0,161,165,21122,2,0,0,2,1
2020-07-01,US,Kentucky,Anderson,26,1,0,38.00671029,-84.99171713,21005.0,114.30078691695608,3.8461538461538463,25,26,1,0,25,26,22663,0,0,0,0,0
2020-07-01,US,Kentucky,Ballard,14,0,0,37.05842757,-88.99427697,21007.0,177.4847870182556,0.0,14,14,0,0,14,14,7979,0,0,0,0,0
2020-07-01,US,Kentucky,Barren,86,2,0,36.96469836,-85.93338945,21009.0,194.35467468191368,2.3255813953488373,84,86,2,0,84,85,44176,0,0,0,0,1
2020-07-01,US,Kentucky,Bath,15,1,0,38.14735938,-83.74588932,21011.0,120.0,6.666666666666668,14,15,1,0,14,13,12383,0,0,0,0,2
2020-07-01,US,Kentucky,Bell,8,0,0,36.73355174,-83.67766671,21013.0,30.73140749846343,0.0,8,8,0,0,8,8,26569,0,0,0,0,0
2020-07-01,US,Kentucky,Boone,602,23,0,38.97065142,-84.72615357,21015.0,450.6628936749987,3.8205980066445178,579,597,23,0,574,594,131533,5,0,0,5,3
2020-07-01,US,Kentucky,Bourbon,32,1,0,38.2054607,-84.21827874,21017.0,161.71417020416413,3.125,31,31,1,0,30,30,20184,1,0,0,1,1
2020-07-01,US,Kentucky,Boyd,62,3,0,38.36176608,-82.68652187,21019.0,132.7111605805043,4.838709677419356,59,62,3,0,59,61,47240,0,0,0,0,1
2020-07-01,US,Kentucky,Boyle,39,0,0,37.62680923,-84.8633779,21021.0,129.74051896207584,0.0,39,38,0,0,38,38,30100,1,0,0,1,0
2020-07-01,US,Kentucky,Bracken,17,0,0,38.69158994,-84.08532444,21023.0,204.74527279296643,0.0,17,17,0,0,17,17,8239,0,0,0,0,0
2020-07-01,US,Kentucky,Breathitt,8,0,0,37.52333168,-83.31959161,21025.0,63.34125098970705,0.0,8,8,0,0,8,8,12726,0,0,0,0,0
2020-07-01,US,Kentucky,Breckinridge,24,2,0,37.77377239,-86.42885017,21027.0,117.2046686526347,8.333333333333334,22,24,2,0,22,24,20388,0,0,0,0,0
2020-07-01,US,Kentucky,Bullitt,151,4,0,37.97162523,-85.68955617,21029.0,184.876830403056,2.6490066225165565,147,150,4,0,146,149,81069,1,0,0,1,1
2020-07-01,US,Kentucky,Butler,257,14,0,37.20946153,-86.68748787,21031.0,1995.4965447627922,5.447470817120624,243,256,14,0,242,255,12772,1,0,0,1,1
2020-07-01,US,Kentucky,Caldwell,15,0,0,37.14749129,-87.86948214,21033.0,117.67474699929396,0.0,15,15,0,0,15,13,12715,0,0,0,0,2
2020-07-01,US,Kentucky,Calloway,82,1,0,36.62093411,-88.2731593,21035.0,210.25101920463572,1.2195121951219512,81,81,1,0,80,79,39135,1,0,0,1,2
2020-07-01,US,Kentucky,Campbell,262,13,0,38.94384345,-84.37875208,21037.0,279.96238673277486,4.961832061068702,249,256,13,0,243,249,93152,6,0,0,6,7
2020-07-01,US,Kentucky,Carlisle,5,1,0,36.85372876,-88.96692220000001,21039.0,105.04201680672269,20.0,4,5,1,0,4,5,4771,0,0,0,0,0
2020-07-01,US,Kentucky,Carroll,37,0,0,38.66599534,-85.12601074,21041.0,348.03875458564573,0.0,37,37,0,0,37,37,10737,0,0,0,0,0
2020-07-01,US,Kentucky,Carter,25,0,0,38.31690743,-83.05092385,21043.0,93.29402545061016,0.0,25,23,0,0,23,22,27004,2,0,0,2,1
2020-07-01,US,Kentucky,Casey,19,0,0,37.32533118,-84.92726209,21045.0,117.58153351073703,0.0,19,19,0,0,19,18,15888,0,0,0,0,1
2020-07-01,US,Kentucky,Christian,195,4,0,36.89267803,-87.49055367,21047.0,276.74883978371014,2.051282051282051,191,193,4,0,189,192,71671,2,0,0,2,1
2020-07-01,US,Kentucky,Clark,98,5,0,37.9689263,-84.14615986,21049.0,270.2479110939525,5.1020408163265305,93,98,5,0,93,98,36249,0,0,0,0,0
2020-07-01,US,Kentucky,Clay,62,3,0,37.16451126,-83.712575,21051.0,311.5421335611276,4.838709677419356,59,59,3,0,56,53,20105,3,0,0,3,6
2020-07-01,US,Kentucky,Clinton,5,0,0,36.72581156,-85.13377529,21053.0,48.933255040125275,0.0,5,5,0,0,5,5,10206,0,0,0,0,0
2020-07-01,US,Kentucky,Crittenden,9,1,0,37.35839237,-88.08826090000002,21055.0,102.20304337951396,11.111111111111109,8,9,1,0,8,8,8915,0,0,0,0,1
2020-07-01,US,Kentucky,Cumberland,6,0,0,36.78926125,-85.39050034,21057.0,90.71666162685213,0.0,6,6,0,0,6,6,6659,0,0,0,0,0
2020-07-01,US,Kentucky,Daviess,435,8,0,37.73028906,-87.09019479999998,21059.0,428.52498743978487,1.839080459770115,427,433,8,0,425,431,101104,2,0,0,2,2
2020-07-01,US,Kentucky,Edmonson,75,11,0,37.21218923,-86.23955613,21061.0,617.2839506172841,14.666666666666664,64,75,11,0,64,75,12274,0,0,0,0,0
2020-07-01,US,Kentucky,Elliott,3,0,0,38.11624059,-83.09771563,21063.0,39.90953837967274,0.0,3,3,0,0,3,3,7508,0,0,0,0,0
2020-07-01,US,Kentucky,Estill,4,0,0,37.69241417,-83.95956369,21065.0,28.356727633631078,0.0,4,4,0,0,4,4,14198,0,0,0,0,0
2020-07-01,US,Kentucky,Fayette,1467,27,0,38.0368225,-84.45576892,21067.0,453.9659355349804,1.8404907975460123,1440,1432,26,0,1406,1387,323780,35,1,0,34,45
2020-07-01,US,Kentucky,Fleming,21,0,0,38.36758311,-83.69657514,21069.0,144.0230436869899,0.0,21,20,0,0,20,18,14432,1,0,0,1,2
2020-07-01,US,Kentucky,Floyd,29,0,0,37.56213922,-82.74750924,21071.0,81.48585237011436,0.0,29,29,0,0,29,27,35845,0,0,0,0,2
2020-07-01,US,Kentucky,Franklin,138,4,0,38.2379395,-84.87962551,21073.0,270.6359945872801,2.898550724637681,134,135,4,0,131,128,50815,3,0,0,3,7
2020-07-01,US,Kentucky,Fulton,23,0,0,36.55238827,-89.20140068,21075.0,385.3241749036689,0.0,23,23,0,0,23,23,6120,0,0,0,0,0
2020-07-01,US,Kentucky,Gallatin,65,7,0,38.75398691,-84.8558382,21077.0,732.8898410192807,10.769230769230768,58,61,7,0,54,61,8832,4,0,0,4,0
2020-07-01,US,Kentucky,Garrard,24,0,0,37.638866799999995,-84.53289319,21079.0,135.85418317672364,0.0,24,23,0,0,23,21,17560,1,0,0,1,2
2020-07-01,US,Kentucky,Grant,58,4,0,38.64962758,-84.62415957,21081.0,231.36144241892376,6.896551724137932,54,57,4,0,53,57,25121,1,0,0,1,0
2020-07-01,US,Kentucky,Graves,207,21,0,36.72292505,-88.65143315,21083.0,555.466108517147,10.144927536231883,186,206,21,0,185,200,37317,1,0,0,1,6
2020-07-01,US,Kentucky,Grayson,138,10,0,37.46231118,-86.34248968,21085.0,522.1932114882507,7.246376811594202,128,138,10,0,128,137,26321,0,0,0,0,1
2020-07-01,US,Kentucky,Green,5,1,0,37.26484328,-85.5540745,21087.0,45.699661822502506,20.0,4,4,1,0,3,4,11049,1,0,0,1,0
2020-07-01,US,Kentucky,Greenup,28,0,0,38.54332505,-82.9215658,21089.0,79.77662544874352,0.0,28,28,0,0,28,28,35268,0,0,0,0,0
2020-07-01,US,Kentucky,Hancock,18,0,0,37.83766422,-86.78280584,21091.0,206.37468470534282,0.0,18,18,0,0,18,17,8758,0,0,0,0,1
2020-07-01,US,Kentucky,Hardin,164,6,0,37.6976111,-85.96319251,21093.0,147.8036734620307,3.6585365853658534,158,155,6,0,149,146,110356,9,0,0,9,9
2020-07-01,US,Kentucky,Harlan,24,2,0,36.85699301,-83.21899516,21095.0,92.2722029988466,8.333333333333334,22,23,2,0,21,23,26409,1,0,0,1,0
2020-07-01,US,Kentucky,Harrison,73,0,0,38.44188174,-84.32869741,21097.0,386.5297045430478,0.0,73,70,0,0,70,68,18778,3,0,0,3,2
2020-07-01,US,Kentucky,Hart,41,0,0,37.29943898,-85.88461055,21099.0,215.3926976622012,0.0,41,40,0,0,40,40,18906,1,0,0,1,0
2020-07-01,US,Kentucky,Henderson,160,3,0,37.79344553,-87.57392021,21101.0,353.90400353904005,1.875,157,156,3,0,153,157,45591,4,0,0,4,-1
2020-07-01,US,Kentucky,Henry,35,2,0,38.44942688,-85.11587507,21103.0,217.04080367109017,5.7142857142857135,33,33,2,0,31,33,16106,2,0,0,2,0
2020-07-01,US,Kentucky,Hickman,5,0,0,36.67948079999999,-88.97875928,21105.0,114.15525114155253,0.0,5,5,0,0,5,5,4421,0,0,0,0,0
2020-07-01,US,Kentucky,Hopkins,255,32,0,37.30939025,-87.54670406,21107.0,570.6485252651837,12.549019607843134,223,254,32,0,222,250,45068,1,0,0,1,4
2020-07-01,US,Kentucky,Jackson,109,14,0,37.41866422,-83.99825483,21109.0,817.7657738765099,12.844036697247706,95,108,13,0,95,104,13442,1,1,0,0,4
2020-07-01,US,Kentucky,Jefferson,3942,196,0,38.18664655,-85.65931031,21111.0,514.1133370807179,4.972095383054286,3746,3901,193,0,3708,3852,770517,41,3,0,38,49
2020-07-01,US,Kentucky,Jessamine,106,0,0,37.87119786,-84.58252003,21113.0,195.87914626258893,0.0,106,104,0,0,104,104,53920,2,0,0,2,0
2020-07-01,US,Kentucky,Johnson,9,0,0,37.85106355,-82.8264322,21115.0,40.56246619794484,0.0,9,10,0,0,10,10,22386,-1,0,0,-1,0
2020-07-01,US,Kentucky,Kenton,800,36,0,38.93950319,-84.53241199,21117.0,479.04765326530855,4.5,764,794,36,0,758,787,166051,6,0,0,6,7
2020-07-01,US,Kentucky,Knott,8,0,0,37.35388197,-82.94981134,21119.0,54.032149128731604,0.0,8,7,0,0,7,7,15126,1,0,0,1,0
2020-07-01,US,Kentucky,Knox,69,0,0,36.89225732,-83.85403396,21121.0,221.5443891475357,0.0,69,66,0,0,66,64,31304,3,0,0,3,2
2020-07-01,US,Kentucky,Larue,15,1,0,37.54567114,-85.70138352,21123.0,104.18113626892624,6.666666666666668,14,15,1,0,14,15,14307,0,0,0,0,0
2020-07-01,US,Kentucky,Laurel,111,3,0,37.10975748,-84.11321779,21125.0,182.526762369888,2.702702702702702,108,102,3,0,99,90,60669,9,0,0,9,12
2020-07-01,US,Kentucky,Lawrence,8,0,0,38.07136018,-82.72882223,21127.0,52.22954886727165,0.0,8,8,0,0,8,7,15571,0,0,0,0,1
2020-07-01,US,Kentucky,Lee,1,0,0,37.59645942,-83.71513901,21129.0,13.508037282182901,0.0,1,1,0,0,1,1,7033,0,0,0,0,0
2020-07-01,US,Kentucky,Leslie,8,0,0,37.09246661,-83.37999606,21131.0,80.99625392325605,0.0,8,8,0,0,8,8,10143,0,0,0,0,0
2020-07-01,US,Kentucky,Letcher,14,0,0,37.12306748,-82.85346474,21133.0,64.95615459564793,0.0,14,14,0,0,14,15,21899,0,0,0,0,-1
2020-07-01,US,Kentucky,Lewis,22,0,0,38.53184419,-83.37735618,21135.0,165.72504708097932,0.0,22,23,0,0,23,22,13257,-1,0,0,-1,1
2020-07-01,US,Kentucky,Lincoln,28,1,0,37.45475628,-84.6565327,21137.0,114.0575990875392,3.571428571428572,27,28,1,0,27,25,24644,0,0,0,0,3
2020-07-01,US,Kentucky,Livingston,10,0,0,37.21137452,-88.34797529,21139.0,108.76658690450293,0.0,10,10,0,0,10,10,9242,0,0,0,0,0
2020-07-01,US,Kentucky,Logan,220,11,0,36.85949479,-86.877635,21141.0,811.7482104641724,5.0,209,217,11,0,206,216,26989,3,0,0,3,1
2020-07-01,US,Kentucky,Lyon,20,3,0,37.02080035,-88.07886257,21143.0,243.605359317905,15.0,17,20,3,0,17,20,8009,0,0,0,0,0
2020-07-01,US,Kentucky,Madison,122,1,0,37.71659336,-84.27220275,21151.0,131.20113564261672,0.819672131147541,121,118,1,0,117,115,92368,4,0,0,4,3
2020-07-01,US,Kentucky,Magoffin,5,0,0,37.70820545,-83.0657714,21153.0,41.115039881588686,0.0,5,5,0,0,5,5,12362,0,0,0,0,0
2020-07-01,US,Kentucky,Marion,52,0,0,37.55218078,-85.26898542,21155.0,269.80750272401804,0.0,52,51,0,0,51,51,19404,1,0,0,1,0
2020-07-01,US,Kentucky,Marshall,59,2,0,36.88007070000001,-88.32803576,21157.0,189.7106109324759,3.3898305084745757,57,58,2,0,56,56,31191,1,0,0,1,2
2020-07-01,US,Kentucky,Martin,7,0,0,37.79990579,-82.51247478,21159.0,62.52791424743189,0.0,7,5,0,0,5,5,11323,2,0,0,2,0
2020-07-01,US,Kentucky,Mason,31,0,0,38.59471935,-83.82151043,21161.0,181.60515524311657,0.0,31,31,0,0,31,30,17150,0,0,0,0,1
2020-07-01,US,Kentucky,McCracken,168,3,0,37.05350953,-88.70445755,21145.0,256.81005227918916,1.7857142857142858,165,166,3,0,163,161,65346,2,0,0,2,5
2020-07-01,US,Kentucky,McCreary,18,0,0,36.73874143,-84.48102924,21147.0,104.46288665776798,0.0,18,18,0,0,18,18,17408,0,0,0,0,0
2020-07-01,US,Kentucky,McLean,24,1,0,37.5301951,-87.26803443,21149.0,260.67122841316393,4.166666666666667,23,24,1,0,23,24,9252,0,0,0,0,0
2020-07-01,US,Kentucky,Meade,26,2,0,37.96163597,-86.21028219,21163.0,90.99818003639929,7.6923076923076925,24,26,2,0,24,25,28715,0,0,0,0,1
2020-07-01,US,Kentucky,Menifee,13,0,0,37.94090733,-83.59985712,21165.0,200.3390352904916,0.0,13,13,0,0,13,12,6451,0,0,0,0,1
2020-07-01,US,Kentucky,Mercer,23,0,0,37.81474237,-84.87488475,21167.0,104.86481557470478,0.0,23,23,0,0,23,23,21774,0,0,0,0,0
2020-07-01,US,Kentucky,Metcalfe,10,2,0,36.99459295,-85.63123699,21169.0,99.2950054612253,20.0,8,9,2,0,7,9,10030,1,0,0,1,0
2020-07-01,US,Kentucky,Monroe,36,1,0,36.71225341,-85.71596443,21171.0,338.0281690140845,2.7777777777777777,35,35,1,0,34,35,10718,1,0,0,1,0
2020-07-01,US,Kentucky,Montgomery,52,0,0,38.03253032,-83.9145241,21173.0,184.67876549348298,0.0,52,52,0,0,52,48,28203,0,0,0,0,4
2020-07-01,US,Kentucky,Morgan,8,0,0,37.92465657,-83.25558245,21175.0,60.10970020287024,0.0,8,8,0,0,8,8,13345,0,0,0,0,0
2020-07-01,US,Kentucky,Muhlenberg,505,8,0,37.21425819,-87.14632053,21177.0,1649.1411403566065,1.5841584158415842,497,499,8,0,491,498,30774,6,0,0,6,1
2020-07-01,US,Kentucky,Nelson,76,1,0,37.80335779,-85.4657193,21179.0,164.3847468258603,1.3157894736842106,75,74,1,0,73,70,45851,2,0,0,2,4
2020-07-01,US,Kentucky,Nicholas,5,0,0,38.33342292,-84.01889177,21181.0,68.78525244187647,0.0,5,5,0,0,5,5,7166,0,0,0,0,0
2020-07-01,US,Kentucky,Ohio,187,0,0,37.47751843,-86.85368087,21183.0,779.3615070434274,0.0,187,186,0,0,186,184,24087,1,0,0,1,2
2020-07-01,US,Kentucky,Oldham,130,7,0,38.39791089,-85.448222,21185.0,194.61369182173385,5.384615384615384,123,130,6,0,124,129,66470,0,1,0,-1,1
2020-07-01,US,Kentucky,Owen,6,0,0,38.51679143,-84.82404619,21187.0,55.04082194294103,0.0,6,6,0,0,6,6,10880,0,0,0,0,0
2020-07-01,US,Kentucky,Owsley,2,0,0,37.42823949,-83.68811419,21189.0,45.30011325028314,0.0,2,2,0,0,2,2,4472,0,0,0,0,0
2020-07-01,US,Kentucky,Pendleton,17,0,0,38.69607718,-84.35599463,21191.0,116.51816312542836,0.0,17,17,0,0,17,16,14529,0,0,0,0,1
2020-07-01,US,Kentucky,Perry,57,1,0,37.25023553,-83.22922731,21193.0,221.2904728627999,1.7543859649122806,56,57,1,0,56,57,26092,0,0,0,0,0
2020-07-01,US,Kentucky,Pike,86,2,0,37.47088263,-82.39487445,21195.0,148.5935448199599,2.3255813953488373,84,84,2,0,82,76,58402,2,0,0,2,8
2020-07-01,US,Kentucky,Powell,7,0,0,37.83218794,-83.82553961,21197.0,56.63888664131402,0.0,7,6,0,0,6,6,12442,1,0,0,1,0
2020-07-01,US,Kentucky,Pulaski,94,2,0,37.10466131,-84.57629079,21199.0,144.6621216085197,2.127659574468085,92,94,2,0,92,94,64623,0,0,0,0,0
2020-07-01,US,Kentucky,Robertson,1,0,0,38.51923469,-84.05055616,21201.0,47.43833017077799,0.0,1,,,,,,2135,,,,,
2020-07-01,US,Kentucky,Rockcastle,21,0,0,37.36642393,-84.31176452,21203.0,125.78616352201256,0.0,21,21,0,0,21,19,16750,0,0,0,0,2
2020-07-01,US,Kentucky,Rowan,22,0,0,38.19484205,-83.42088935,21205.0,89.94276369582992,0.0,22,22,0,0,22,22,24583,0,0,0,0,0
2020-07-01,US,Kentucky,Russell,46,4,0,36.99308373,-85.06070117,21207.0,256.6534620320259,8.695652173913043,42,45,4,0,41,43,17821,1,0,0,1,2
2020-07-01,US,Kentucky,Scott,91,0,0,38.29622293,-84.5816631,21209.0,159.6379201459547,0.0,91,87,0,0,87,83,56031,4,0,0,4,4
2020-07-01,US,Kentucky,Shelby,418,12,0,38.21476019,-85.194223,21211.0,852.6436031331592,2.8708133971291865,406,414,11,0,403,408,48518,4,1,0,3,6
2020-07-01,US,Kentucky,Simpson,78,3,0,36.74058474,-86.58047435,21213.0,419.9870773206978,3.8461538461538463,75,77,3,0,74,76,18529,1,0,0,1,1
2020-07-01,US,Kentucky,Spencer,37,0,0,38.03223971,-85.32749335,21215.0,191.20458891013385,0.0,37,36,0,0,36,36,18794,1,0,0,1,0
2020-07-01,US,Kentucky,Taylor,42,1,0,37.3677562,-85.3329931,21217.0,162.98653420776898,2.380952380952381,41,41,1,0,40,38,25549,1,0,0,1,3
2020-07-01,US,Kentucky,Todd,25,0,0,36.8381152,-87.17878374,21219.0,203.35122824141857,0.0,25,25,0,0,25,25,12311,0,0,0,0,0
2020-07-01,US,Kentucky,Trigg,26,0,0,36.80767017,-87.87333656,21221.0,177.4622892635315,0.0,26,26,0,0,26,24,14643,0,0,0,0,2
2020-07-01,US,Kentucky,Trimble,6,0,0,38.61056487,-85.33775972,21223.0,70.82989021367017,0.0,6,6,0,0,6,6,8515,0,0,0,0,0
2020-07-01,US,Kentucky,Unassigned,4,0,0,0.0,0.0,90021.0,0.0,0.0,4,2,0,0,2,2,,2,0,0,2,0
2020-07-01,US,Kentucky,Union,29,0,0,37.66166713,-87.94300009,21225.0,201.65496140741257,0.0,29,29,0,0,29,29,14505,0,0,0,0,0
2020-07-01,US,Kentucky,Warren,1547,13,0,36.99903045,-86.42672751,21227.0,1164.0681435107151,0.8403361344537815,1534,1533,13,0,1520,1508,131264,14,0,0,14,25
2020-07-01,US,Kentucky,Washington,24,0,0,37.75599461,-85.17407732,21229.0,198.42910293509715,0.0,24,23,0,0,23,23,12084,1,0,0,1,0
2020-07-01,US,Kentucky,Wayne,15,0,0,36.80310688,-84.8251971,21231.0,73.7717011754291,0.0,15,15,0,0,15,14,20468,0,0,0,0,1
2020-07-01,US,Kentucky,Webster,41,0,0,37.52168356,-87.67989953,21233.0,316.7980219440581,0.0,41,41,0,0,41,40,13111,0,0,0,0,1
2020-07-01,US,Kentucky,Whitley,28,0,0,36.75700531,-84.14541217,21235.0,77.2115596735054,0.0,28,28,0,0,28,27,36242,0,0,0,0,1
2020-07-01,US,Kentucky,Wolfe,3,0,0,37.73941626,-83.49303612,21237.0,41.91700433142378,0.0,3,2,0,0,2,2,7177,1,0,0,1,0
2020-07-01,US,Kentucky,Woodford,67,0,0,38.04178222,-84.7417556,21239.0,250.6171915912321,0.0,67,67,0,0,67,67,26533,0,0,0,0,0
2020-07-01,US,Louisiana,Acadia,919,37,0,30.295064899999996,-92.41419698,22001.0,1481.1830123297607,4.026115342763873,882,878,36,0,842,850,62190,41,1,0,40,28
2020-07-01,US,Louisiana,Allen,310,10,0,30.65385745,-92.82442028,22003.0,1209.661684941663,3.2258064516129035,300,304,10,0,294,287,25605,6,0,0,6,17
2020-07-01,US,Louisiana,Ascension,1213,58,0,30.20406249,-90.91328409999998,22005.0,958.1055890809137,4.781533388293488,1155,1171,58,0,1113,1157,124672,42,0,0,42,14
2020-07-01,US,Louisiana,Assumption,357,15,0,29.89946234,-91.06461642,22007.0,1630.8071810333015,4.201680672268908,342,352,14,0,338,351,22300,5,1,0,4,1
2020-07-01,US,Louisiana,Avoyelles,341,14,0,31.07796211,-92.00079449,22009.0,849.4420087684337,4.10557184750733,327,319,13,0,306,309,40462,22,1,0,21,10
2020-07-01,US,Louisiana,Beauregard,214,8,0,30.64836518,-93.34173616,22011.0,570.7123236525589,3.7383177570093458,206,201,8,0,193,193,37253,13,0,0,13,8
2020-07-01,US,Louisiana,Bienville,227,27,0,32.34569994,-93.05398492,22013.0,1714.372026282003,11.894273127753305,200,227,26,0,201,220,13308,0,1,0,-1,7
2020-07-01,US,Louisiana,Bossier,906,31,0,32.67932307,-93.60460152,22015.0,713.1668227867032,3.4216335540838854,875,875,30,0,845,836,127185,31,1,0,30,39
2020-07-01,US,Louisiana,Caddo,3418,235,0,32.57991587,-93.88375652,22017.0,1422.957153086543,6.875365710942072,3183,3309,235,0,3074,3260,242922,109,0,0,109,49
2020-07-01,US,Louisiana,Calcasieu,1729,59,0,30.22931235,-93.35400434,22019.0,849.8987396527655,3.4123770965876226,1670,1300,59,0,1241,1257,203112,429,0,0,429,43
2020-07-01,US,Louisiana,Caldwell,105,1,0,32.0902519,-92.11752148,22021.0,1058.681185722928,0.9523809523809524,104,104,1,0,103,104,9960,1,0,0,1,0
2020-07-01,US,Louisiana,Cameron,53,0,0,29.87592238,-93.19310676,22023.0,760.0745733543669,0.0,53,46,0,0,46,40,6968,7,0,0,7,6
2020-07-01,US,Louisiana,Catahoula,190,3,0,31.66778967,-91.84526385,22025.0,2001.2639561828526,1.5789473684210529,187,190,3,0,187,190,9608,0,0,0,0,0
2020-07-01,US,Louisiana,Claiborne,120,10,0,32.82308512,-92.99526883,22027.0,765.7945118059987,8.333333333333334,110,120,11,0,109,116,15944,0,-1,0,1,4
2020-07-01,US,Louisiana,Concordia,111,6,0,31.44817835,-91.63814433,22029.0,576.3539124565139,5.405405405405406,105,111,6,0,105,110,19572,0,0,0,0,1
2020-07-01,US,Louisiana,De Soto,349,18,0,32.05457447,-93.74130302,22031.0,1270.800713687507,5.1575931232091685,331,348,18,0,330,341,27436,1,0,0,1,7
2020-07-01,US,Louisiana,East Baton Rouge,5350,271,0,30.53842039,-91.09777565,22033.0,1215.7460704132855,5.065420560747664,5079,5123,270,0,4853,5034,440956,227,1,0,226,89
2020-07-01,US,Louisiana,East Carroll,445,1,0,32.73926954,-91.23425694,22035.0,6485.934994898703,0.2247191011235955,444,440,1,0,439,432,7037,5,0,0,5,8
2020-07-01,US,Louisiana,East Feliciana,300,33,0,30.84425359,-91.04976723,22037.0,1567.8076822576431,11.0,267,297,33,0,264,299,19305,3,0,0,3,-2
2020-07-01,US,Louisiana,Evangeline,201,1,0,30.72985248,-92.39915924,22039.0,601.8865099565803,0.4975124378109453,200,192,1,0,191,177,33443,9,0,0,9,15
2020-07-01,US,Louisiana,Franklin,471,14,0,32.13675181,-91.67589857,22041.0,2353.235073694729,2.9723991507431,457,467,14,0,453,468,20156,4,0,0,4,-1
2020-07-01,US,Louisiana,Grant,86,1,0,31.59882456,-92.56124347,22043.0,384.11720041091615,1.162790697674419,85,84,1,0,83,83,22482,2,0,0,2,1
2020-07-01,US,Louisiana,Iberia,748,44,0,29.86803617,-91.75871777,22045.0,1071.172848345983,5.882352941176472,704,697,44,0,653,673,70941,51,0,0,51,24
2020-07-01,US,Louisiana,Iberville,719,43,0,30.25734305,-91.3499598,22047.0,2211.5591645904465,5.980528511821975,676,711,43,0,668,702,32721,8,0,0,8,9
2020-07-01,US,Louisiana,Jackson,213,16,0,32.30251776,-92.55692092,22049.0,1352.8963414634147,7.511737089201878,197,211,16,0,195,212,15902,2,0,0,2,-1
2020-07-01,US,Louisiana,Jefferson,9637,485,0,29.74075478,-90.11115756,22051.0,2228.244156552823,5.032686520701462,9152,9489,484,0,9005,9403,434051,148,1,0,147,86
2020-07-01,US,Louisiana,Jefferson Davis,370,9,0,30.26896765,-92.81210004,22053.0,1179.5460341749554,2.4324324324324325,361,349,9,0,340,339,31582,21,0,0,21,10
2020-07-01,US,Louisiana,LaSalle,97,0,0,31.67884782,-92.15907765,22059.0,651.3564329841525,0.0,97,97,0,0,97,96,14917,0,0,0,0,1
2020-07-01,US,Louisiana,Lafayette,2359,45,0,30.2049055,-92.06959876,22055.0,965.2604443717007,1.907587961000424,2314,2158,42,0,2116,2058,242782,201,3,0,198,100
2020-07-01,US,Louisiana,Lafourche,1177,89,0,29.52470226,-90.40976986,22057.0,1205.769664187514,7.56159728122345,1088,1149,87,0,1062,1119,98115,28,2,0,26,30
2020-07-01,US,Louisiana,Lincoln,329,18,0,32.6003154,-92.66597409999999,22061.0,703.8637627829361,5.47112462006079,311,323,18,0,305,314,47196,6,0,0,6,9
2020-07-01,US,Louisiana,Livingston,983,38,0,30.44143993,-90.73061664,22063.0,698.2079565875175,3.8657171922685656,945,903,37,0,866,860,139567,80,1,0,79,43
2020-07-01,US,Louisiana,Madison,362,2,0,32.36918118,-91.23973355,22065.0,3305.63418865857,0.5524861878453039,360,356,2,0,354,352,11161,6,0,0,6,4
2020-07-01,US,Louisiana,Morehouse,239,8,0,32.81686191,-91.80421614,22067.0,960.8426469405805,3.3472803347280333,231,235,8,0,227,237,25398,4,0,0,4,-2
2020-07-01,US,Louisiana,Natchitoches,295,14,0,31.72321584,-93.09816516,22069.0,773.1013155825779,4.7457627118644075,281,280,14,0,266,280,38659,15,0,0,15,0
2020-07-01,US,Louisiana,Orleans,7919,534,0,30.06971951,-89.92660315,22071.0,2029.763369422572,6.74327566611946,7385,7851,534,0,7317,7796,391006,68,0,0,68,55
2020-07-01,US,Louisiana,Ouachita,2474,75,0,32.47645559,-92.15704172,22073.0,1614.0501960477302,3.0315278900565885,2399,2392,74,0,2318,2331,154475,82,1,0,81,61
2020-07-01,US,Louisiana,Plaquemines,270,17,0,29.42245447,-89.60322085,22075.0,1163.9436133982842,6.296296296296298,253,261,17,0,244,260,23410,9,0,0,9,1
2020-07-01,US,Louisiana,Pointe Coupee,256,27,0,30.71409502,-91.60209535,22077.0,1178.0947998159227,10.546875,229,245,27,0,218,237,21940,11,0,0,11,8
2020-07-01,US,Louisiana,Rapides,1578,62,0,31.19778499,-92.52997303,22079.0,1217.14179933358,3.9290240811153363,1516,1536,59,0,1477,1499,130562,42,3,0,39,37
2020-07-01,US,Louisiana,Red River,62,8,0,32.09530039,-93.34213308,22081.0,734.4231224828239,12.903225806451614,54,60,8,0,52,60,8477,2,0,0,2,0
2020-07-01,US,Louisiana,Richland,195,4,0,32.41391005,-91.76634876,22083.0,969.0885597853096,2.051282051282051,191,188,4,0,184,183,20192,7,0,0,7,5
2020-07-01,US,Louisiana,Sabine,89,1,0,31.56388699,-93.55433981,22085.0,372.63439959805726,1.1235955056179776,88,82,1,0,81,77,24032,7,0,0,7,5
2020-07-01,US,Louisiana,St. Bernard,621,23,0,29.87761636,-89.51887093,22087.0,1314.4526289052578,3.703703703703704,598,617,23,0,594,611,46721,4,0,0,4,6
2020-07-01,US,Louisiana,St. Charles,778,49,0,29.90709658,-90.35555967,22089.0,1465.1600753295666,6.298200514138818,729,759,49,0,710,741,52879,19,0,0,19,18
2020-07-01,US,Louisiana,St. Helena,99,1,0,30.82210324,-90.71013176,22091.0,977.1022502960916,1.0101010101010102,98,97,1,0,96,90,10262,2,0,0,2,7
2020-07-01,US,Louisiana,St. James,375,29,0,30.02531716,-90.80212061,22093.0,1777.5881683731513,7.7333333333333325,346,367,29,0,338,351,21037,8,0,0,8,16
2020-07-01,US,Louisiana,St. John the Baptist,976,87,0,30.12597499,-90.4753503,22095.0,2278.404183299484,8.913934426229508,889,970,86,0,884,960,43184,6,1,0,5,10
2020-07-01,US,Louisiana,St. Landry,653,57,0,30.59724262,-92.00135806,22097.0,795.1390580098387,8.728943338437977,596,626,57,0,569,619,82764,27,0,0,27,7
2020-07-01,US,Louisiana,St. Martin,727,26,0,30.13112107,-91.61403569,22099.0,1360.6333401957666,3.576341127922971,701,712,26,0,686,685,53621,15,0,0,15,27
2020-07-01,US,Louisiana,St. Mary,489,38,0,29.69262097,-91.44702164,22101.0,990.921617897382,7.770961145194273,451,469,38,0,431,457,49774,20,0,0,20,12
2020-07-01,US,Louisiana,St. Tammany,2371,175,0,30.40942847,-89.95642711,22103.0,910.4558423156527,7.3808519611978065,2196,2308,175,0,2133,2327,258111,63,0,0,63,-19
2020-07-01,US,Louisiana,Tangipahoa,1353,43,0,30.62888673,-90.40664996,22105.0,1004.022024666439,3.1781226903178124,1310,1304,43,0,1261,1295,133777,49,0,0,49,9
2020-07-01,US,Louisiana,Tensas,26,0,0,32.00760749,-91.32915234,22107.0,599.9077065066913,0.0,26,26,0,0,26,24,4462,0,0,0,0,2
2020-07-01,US,Louisiana,Terrebonne,1068,61,0,29.37343766,-90.82626855,22109.0,966.8570807796416,5.711610486891386,1007,1030,61,0,969,1011,111021,38,0,0,38,19
2020-07-01,US,Louisiana,Unassigned,3,108,0,0.0,0.0,90022.0,0.0,3600.0,-105,2,108,0,-106,11,,1,0,0,1,-9
2020-07-01,US,Louisiana,Union,433,24,0,32.83121059,-92.3749373,22111.0,1958.5670345576261,5.542725173210162,409,422,24,0,398,417,22330,11,0,0,11,5
2020-07-01,US,Louisiana,Vermilion,265,6,0,29.83517605,-92.30292538,22113.0,445.29582766211286,2.2641509433962264,259,251,6,0,245,238,59830,14,0,0,14,13
2020-07-01,US,Louisiana,Vernon,153,8,0,31.10884837,-93.18153838,22115.0,322.58744649897744,5.2287581699346415,145,138,8,0,130,116,48860,15,0,0,15,22
2020-07-01,US,Louisiana,Washington,691,46,0,30.85288548,-90.03866652,22117.0,1495.865263887085,6.657018813314037,645,678,46,0,632,663,46582,13,0,0,13,15
2020-07-01,US,Louisiana,Webster,423,11,0,32.70847669,-93.33121835,22119.0,1103.2863849765258,2.600472813238771,412,418,11,0,407,409,38798,5,0,0,5,9
2020-07-01,US,Louisiana,West Baton Rouge,264,30,0,30.46058217,-91.30989571,22121.0,997.5439259399208,11.363636363636365,234,258,30,0,228,252,26427,6,0,0,6,6
2020-07-01,US,Louisiana,West Carroll,134,5,0,32.78550125,-91.461201,22123.0,1237.30378578024,3.7313432835820897,129,124,5,0,119,118,10982,10,0,0,10,6
2020-07-01,US,Louisiana,West Feliciana,246,14,0,30.87882871,-91.41485379999999,22125.0,1580.16443987667,5.691056910569106,232,246,14,0,232,242,15460,0,0,0,0,4
2020-07-01,US,Louisiana,Winn,244,5,0,31.94449367,-92.63789413,22127.0,1754.8906789413115,2.0491803278688523,239,242,5,0,237,242,14134,2,0,0,2,0
2020-07-01,US,Maine,Androscoggin,484,4,0,44.1664747,-70.20380627,23001.0,447.00167163848283,0.8264462809917356,480,483,4,0,479,476,107679,1,0,0,1,7
2020-07-01,US,Maine,Aroostook,24,1,0,46.65926321,-68.59841248,23003.0,35.791514428454256,4.166666666666667,23,23,1,0,22,22,67111,1,0,0,1,1
2020-07-01,US,Maine,Cumberland,1733,60,0,43.8370751,-70.37226999,23005.0,587.4516530340369,3.462204270051933,1673,1715,60,0,1655,1697,293557,18,0,0,18,18
2020-07-01,US,Maine,Franklin,41,1,0,44.97330019,-70.44381045,23007.0,135.76608496970098,2.4390243902439024,40,41,1,0,40,41,29897,0,0,0,0,0
2020-07-01,US,Maine,Hancock,16,1,0,44.59816444,-68.38401854,23009.0,29.09778674959536,6.25,15,16,1,0,15,16,54811,0,0,0,0,0
2020-07-01,US,Maine,Kennebec,147,10,0,44.40759555,-69.76738544,23011.0,120.19427319258884,6.802721088435375,137,146,10,0,136,146,122083,1,0,0,1,0
2020-07-01,US,Maine,Knox,25,1,0,44.11486325,-69.10529169,23013.0,62.858292265915715,4.0,24,24,1,0,23,24,39771,1,0,0,1,0
2020-07-01,US,Maine,Lincoln,24,0,0,44.05996956,-69.54227124,23015.0,69.29606744817232,0.0,24,23,0,0,23,23,34342,1,0,0,1,0
2020-07-01,US,Maine,Oxford,37,0,0,44.49952995,-70.75682123,23017.0,63.820612332902115,0.0,37,37,0,0,37,37,57618,0,0,0,0,0
2020-07-01,US,Maine,Penobscot,108,2,0,45.40194593,-68.65020455,23019.0,70.98351605016168,1.851851851851852,106,106,2,0,104,106,151096,2,0,0,2,0
2020-07-01,US,Maine,Piscataquis,3,0,0,45.83839062,-69.2860223,23021.0,17.873100983020553,0.0,3,3,0,0,3,3,16800,0,0,0,0,0
2020-07-01,US,Maine,Sagadahoc,34,0,0,43.95415864,-69.85074999,23023.0,94.82373940205264,0.0,34,34,0,0,34,34,35634,0,0,0,0,0
2020-07-01,US,Maine,Somerset,28,0,0,45.51229767,-69.95995554,23025.0,55.463117027176935,0.0,28,28,0,0,28,28,50592,0,0,0,0,0
2020-07-01,US,Maine,Unassigned,2,0,0,0.0,0.0,90023.0,0.0,0.0,2,2,0,0,2,5,,0,0,0,0,-3
2020-07-01,US,Maine,Waldo,56,14,0,44.4858305,-69.12061935,23027.0,141.00465818960092,25.0,42,55,14,0,41,55,39694,1,0,0,1,0
2020-07-01,US,Maine,Washington,3,0,0,45.01607142,-67.62813524,23029.0,9.560534115172569,0.0,3,2,0,0,2,2,31490,1,0,0,1,0
2020-07-01,US,Maine,York,529,11,0,43.47808377,-70.71052375,23031.0,254.76664049970864,2.0793950850661624,518,515,11,0,504,504,206229,14,0,0,14,11
2020-07-01,US,Maryland,Allegany,205,17,0,39.62357628,-78.69280486,24001.0,291.12701658713934,8.292682926829269,188,205,17,0,188,204,70975,0,0,0,0,1
2020-07-01,US,Maryland,Anne Arundel,5134,209,0,39.00670238,-76.60329337,24003.0,886.3429978212605,4.070899883132061,4925,5109,207,0,4902,5092,576031,25,2,0,23,17
2020-07-01,US,Maryland,Baltimore,8040,474,0,39.45784712,-76.62911955,24005.0,971.75387069872,5.8955223880597005,7566,7985,473,0,7512,7929,828431,55,1,0,54,56
2020-07-01,US,Maryland,Baltimore City,7605,338,0,39.30211911,-76.61151012,24510.0,1281.403224991154,4.4444444444444455,7267,7546,337,0,7209,7498,621342,59,1,0,58,48
2020-07-01,US,Maryland,Calvert,415,27,0,38.53961642,-76.56820632,24009.0,448.52742502026484,6.506024096385543,388,414,27,0,387,413,92003,1,0,0,1,1
2020-07-01,US,Maryland,Caroline,320,3,0,38.87172293,-75.82904158,24011.0,957.911752379812,0.9375,317,319,3,0,316,318,33304,1,0,0,1,1
2020-07-01,US,Maryland,Carroll,1136,112,0,39.56453592,-77.02373735,24013.0,674.3961008507127,9.859154929577462,1024,1117,112,0,1005,1114,168429,19,0,0,19,3
2020-07-01,US,Maryland,Cecil,480,29,0,39.56647682,-75.94627411,24015.0,466.6763890914394,6.041666666666668,451,479,29,0,450,478,102826,1,0,0,1,1
2020-07-01,US,Maryland,Charles,1399,86,0,38.51092331,-76.98580666,24017.0,856.9310963695277,6.1472480343102225,1313,1393,86,0,1307,1383,161503,6,0,0,6,10
2020-07-01,US,Maryland,Dorchester,188,5,0,38.45413522,-76.02752426,24019.0,588.8064142315764,2.6595744680851063,183,188,5,0,183,188,31998,0,0,0,0,0
2020-07-01,US,Maryland,Frederick,2493,118,0,39.47296601,-77.39999394,24021.0,960.5196746639338,4.733253108704372,2375,2490,117,0,2373,2486,255648,3,1,0,2,4
2020-07-01,US,Maryland,Garrett,11,0,0,39.52786077,-79.27355126,24023.0,37.91273178465568,0.0,11,11,0,0,11,11,29163,0,0,0,0,0
2020-07-01,US,Maryland,Harford,1127,62,0,39.55010644,-76.30775940000002,24025.0,441.19777169679116,5.501330967169476,1065,1116,62,0,1054,1108,253956,11,0,0,11,8
2020-07-01,US,Maryland,Howard,2568,89,0,39.25305293,-76.93126208,24027.0,788.4798427952961,3.4657320872274138,2479,2538,84,0,2454,2527,323196,30,5,0,25,11
2020-07-01,US,Maryland,Kent,200,23,0,39.24976208,-76.04741541,24029.0,1029.7600659046443,11.5,177,198,23,0,175,199,19383,2,0,0,2,-1
2020-07-01,US,Maryland,Montgomery,14803,739,0,39.13676329,-77.20358245,24031.0,1408.8863677894865,4.992231304465312,14064,14737,738,0,13999,14675,1052567,66,1,0,65,62
2020-07-01,US,Maryland,Prince George's,18645,686,0,38.83070039,-76.8496441,24033.0,2050.417506573543,3.679270581925449,17959,18572,682,0,17890,18505,909308,73,4,0,69,67
2020-07-01,US,Maryland,Queen Anne's,230,19,0,39.06198912,-76.03530977,24035.0,456.5213076358151,8.26086956521739,211,230,17,0,213,227,50251,0,2,0,-2,3
2020-07-01,US,Maryland,Somerset,87,3,0,38.1163542,-75.75118623,24039.0,339.631480324797,3.4482758620689653,84,87,3,0,84,87,25675,0,0,0,0,0
2020-07-01,US,Maryland,St. Mary's,639,51,0,38.30058422,-76.60629279999998,24037.0,562.9459959474937,7.981220657276995,588,637,51,0,586,633,112664,2,0,0,2,4
2020-07-01,US,Maryland,Talbot,137,4,0,38.76618159,-76.10882561,24041.0,368.4677657943573,2.9197080291970803,133,137,4,0,133,136,36968,0,0,0,0,1
2020-07-01,US,Maryland,Unassigned,0,25,0,0.0,0.0,90024.0,0.0,0.0,-25,0,29,0,-29,0,,0,-4,0,4,0
2020-07-01,US,Maryland,Washington,697,28,0,39.60835778,-77.82002295,24043.0,461.4396652741827,4.017216642754663,669,698,27,0,671,695,150926,-1,1,0,-2,3
2020-07-01,US,Maryland,Wicomico,1070,41,0,38.37301947,-75.62705831,24045.0,1032.7288169946626,3.83177570093458,1029,1067,41,0,1026,1062,103195,3,0,0,3,5
2020-07-01,US,Maryland,Worcester,289,17,0,38.21274277,-75.33200012,24047.0,552.8349529420767,5.882352941176472,272,286,16,0,270,286,51823,3,1,0,2,0
2020-07-01,US,Massachusetts,Barnstable,1538,144,0,41.72980578,-70.28854339,25001.0,722.0996290905676,9.362808842652797,1394,1538,144,0,1394,1535,213413,0,0,0,0,3
2020-07-01,US,Massachusetts,Berkshire,594,44,0,42.37428441,-73.20524838,25003.0,475.41298501728767,7.407407407407407,550,594,44,0,550,594,126348,0,0,0,0,0
2020-07-01,US,Massachusetts,Bristol,8225,574,0,41.79228404,-71.10872211,25005.0,1455.1933151338337,6.97872340425532,7651,8225,574,0,7651,8208,564022,0,0,0,0,17
2020-07-01,US,Massachusetts,Dukes and Nantucket,64,0,0,41.40674725,-70.68763497,0.0,222.75590825241028,0.0,64,64,0,0,64,64,26707,0,0,0,0,0
2020-07-01,US,Massachusetts,Essex,16088,1104,0,42.6687626,-70.94687179,25009.0,2038.9488919362161,6.862257583291893,14984,16088,1104,0,14984,16069,790638,0,0,0,0,19
2020-07-01,US,Massachusetts,Franklin,366,54,0,42.58119713,-72.58602547,25011.0,521.5161014534056,14.754098360655734,312,366,54,0,312,366,70963,0,0,0,0,0
2020-07-01,US,Massachusetts,Hampden,6776,655,0,42.13440424,-72.63235561,25013.0,1452.917413566852,9.666469893742619,6121,6776,655,0,6121,6765,470406,0,0,0,0,11
2020-07-01,US,Massachusetts,Hampshire,962,110,0,42.33997957,-72.65898478,25015.0,598.1471118572406,11.434511434511435,852,962,110,0,852,959,161355,0,0,0,0,3
2020-07-01,US,Massachusetts,Middlesex,23962,1851,0,42.48607732,-71.39049229,25017.0,1486.7540403015698,7.724730823804357,22111,23962,1851,0,22111,23946,1614714,0,0,0,0,16
2020-07-01,US,Massachusetts,Norfolk,9166,923,0,42.16073095,-71.20530408,25021.0,1296.8766580594956,10.069823259873443,8243,9166,923,0,8243,9161,705388,0,0,0,0,5
2020-07-01,US,Massachusetts,Plymouth,8684,665,0,41.94070556,-70.80802823,25023.0,1666.1486333513685,7.65776140027637,8019,8684,665,0,8019,8676,518132,0,0,0,0,8
2020-07-01,US,Massachusetts,Suffolk,19819,1002,0,42.327951399999996,-71.07850442,25025.0,2465.334920581609,5.0557545789394025,18817,19819,1002,0,18817,19795,807252,0,0,0,0,24
2020-07-01,US,Massachusetts,Unassigned,288,7,0,0.0,0.0,90025.0,0.0,2.430555555555556,281,288,7,0,281,288,,0,0,0,0,0
2020-07-01,US,Massachusetts,Worcester,12350,920,0,42.35026951,-71.90493363,25027.0,1486.8375747331518,7.449392712550608,11430,12350,920,0,11430,12342,830839,0,0,0,0,8
2020-07-01,US,Michigan,Alcona,21,1,0,44.6846864,-83.59507875,26001.0,201.8260451705911,4.761904761904762,20,22,1,0,21,21,10362,-1,0,0,-1,1
2020-07-01,US,Michigan,Alger,4,0,0,46.41292944,-86.60260122,26003.0,43.917435221783045,0.0,4,3,0,0,3,3,9097,1,0,0,1,0
2020-07-01,US,Michigan,Allegan,317,7,0,42.59147037,-85.89102866,26005.0,268.45978607904743,2.2082018927444795,310,312,7,0,305,308,117327,5,0,0,5,4
2020-07-01,US,Michigan,Alpena,122,11,0,45.03477666,-83.62212411,26007.0,429.50184826615026,9.016393442622949,111,120,11,0,109,119,28360,2,0,0,2,1
2020-07-01,US,Michigan,Antrim,19,0,0,44.99690221,-85.15503082,26009.0,81.4611558909278,0.0,19,18,0,0,18,18,23365,1,0,0,1,0
2020-07-01,US,Michigan,Arenac,39,2,0,44.0636262,-83.89277559,26011.0,262.0439427534771,5.128205128205129,37,38,2,0,36,38,15041,1,0,0,1,0
2020-07-01,US,Michigan,Baraga,5,0,0,46.6720582,-88.36363591,26013.0,60.908758679498106,0.0,5,5,0,0,5,5,8320,0,0,0,0,0
2020-07-01,US,Michigan,Barry,103,2,0,42.59513984,-85.30834519,26015.0,167.34362307067425,1.9417475728155342,101,102,2,0,100,98,61157,1,0,0,1,4
2020-07-01,US,Michigan,Bay,392,30,0,43.70639106,-83.98731479,26017.0,380.11752613307993,7.653061224489796,362,392,30,0,362,387,103923,0,0,0,0,5
2020-07-01,US,Michigan,Benzie,10,0,0,44.63899297,-86.01608482,26019.0,56.28729032984352,0.0,10,12,0,0,12,9,17753,-2,0,0,-2,3
2020-07-01,US,Michigan,Berrien,899,60,0,41.95447397,-86.41313079999998,26021.0,586.0457233003697,6.674082313681867,839,882,60,0,822,879,154141,17,0,0,17,3
2020-07-01,US,Michigan,Branch,257,2,0,41.91600556,-85.05929476,26023.0,590.573798745318,0.7782101167315175,255,257,2,0,255,257,43622,0,0,0,0,0
2020-07-01,US,Michigan,Calhoun,539,33,0,42.24633834,-85.00493569,26025.0,401.7620882683979,6.1224489795918355,506,536,33,0,503,532,134487,3,0,0,3,4
2020-07-01,US,Michigan,Cass,149,5,0,41.91522292,-85.99405727,26027.0,287.71699461254747,3.355704697986577,144,145,5,0,140,139,51653,4,0,0,4,6
2020-07-01,US,Michigan,Charlevoix,27,2,0,45.37790017,-85.19614053,26029.0,103.27812416325594,7.407407407407407,25,27,2,0,25,26,26244,0,0,0,0,1
2020-07-01,US,Michigan,Cheboygan,27,2,0,45.44787015,-84.50122149,26031.0,106.82069947776549,7.407407407407407,25,27,2,0,25,27,25413,0,0,0,0,0
2020-07-01,US,Michigan,Chippewa,11,0,0,46.29552653,-84.54353449,26033.0,29.451926423732896,0.0,11,10,0,0,10,5,37517,1,0,0,1,5
2020-07-01,US,Michigan,Clare,28,3,0,43.98794227,-84.84819859999998,26035.0,90.46849757673668,10.714285714285714,25,28,3,0,25,27,30757,0,0,0,0,1
2020-07-01,US,Michigan,Clinton,226,12,0,42.94400871,-84.60145248,26037.0,283.9374332558578,5.3097345132743365,214,223,12,0,211,220,79332,3,0,0,3,3
2020-07-01,US,Michigan,Crawford,70,5,0,44.68255561,-84.61006219,26039.0,498.9664266875757,7.142857142857142,65,70,5,0,65,71,13901,0,0,0,0,-1
2020-07-01,US,Michigan,Delta,24,3,0,45.90484910000001,-86.9080745,26041.0,67.0690811535882,12.5,21,23,3,0,20,21,35857,1,0,0,1,2
2020-07-01,US,Michigan,Dickinson,7,2,0,46.00999672,-87.86961634,26043.0,27.734854788224567,28.57142857142857,5,7,2,0,5,7,25383,0,0,0,0,0
2020-07-01,US,Michigan,Eaton,331,7,0,42.59599185,-84.83740035,26045.0,300.17774875757254,2.114803625377644,324,327,7,0,320,319,109826,4,0,0,4,8
2020-07-01,US,Michigan,Emmet,29,2,0,45.52625509,-84.89083249,26047.0,86.78737094119406,6.896551724137932,27,27,2,0,25,27,33308,2,0,0,2,0
2020-07-01,US,Michigan,Federal Correctional Institution (FCI),183,5,0,0.0,0.0,0.0,0.0,2.7322404371584703,178,183,5,0,178,181,,0,0,0,0,2
2020-07-01,US,Michigan,Genesee,2743,288,0,43.02244215,-83.70589709,26049.0,675.9270895708122,10.49945315348159,2455,2734,288,0,2446,2715,406892,9,0,0,9,19
2020-07-01,US,Michigan,Gladwin,27,1,0,43.98901072,-84.38774817,26051.0,106.09454202522691,3.703703703703704,26,27,1,0,26,26,25337,0,0,0,0,1
2020-07-01,US,Michigan,Gogebic,7,1,0,46.40862701,-89.69377193,26053.0,50.08944543828265,14.285714285714285,6,7,1,0,6,7,15096,0,0,0,0,0
2020-07-01,US,Michigan,Grand Traverse,49,5,0,44.69565625,-85.55585247,26055.0,52.6383636988656,10.20408163265306,44,48,5,0,43,47,92573,1,0,0,1,1
2020-07-01,US,Michigan,Gratiot,92,13,0,43.29265605,-84.60505416,26057.0,225.98314951732948,14.130434782608695,79,92,13,0,79,92,40599,0,0,0,0,0
2020-07-01,US,Michigan,Hillsdale,194,25,0,41.88753639,-84.59312019,26059.0,425.39195263677226,12.88659793814433,169,194,25,0,169,194,45749,0,0,0,0,0
2020-07-01,US,Michigan,Houghton,12,0,0,46.89988536,-88.68495385,26061.0,33.628516982401074,0.0,12,11,0,0,11,11,36219,1,0,0,1,0
2020-07-01,US,Michigan,Huron,66,3,0,43.83353985,-83.04078453,26063.0,213.03379490655564,4.545454545454546,63,65,3,0,62,65,31166,1,0,0,1,0
2020-07-01,US,Michigan,Ingham,1042,29,0,42.59716886,-84.37472069,26065.0,356.3538367885748,2.783109404990403,1013,1019,29,0,990,1002,292735,23,0,0,23,17
2020-07-01,US,Michigan,Ionia,195,4,0,42.94502238,-85.07413319,26067.0,301.40501105151714,2.051282051282051,191,195,4,0,191,194,64210,0,0,0,0,1
2020-07-01,US,Michigan,Iosco,114,11,0,44.35486835,-83.63484895,26069.0,453.6952282405381,9.649122807017543,103,113,10,0,103,113,25081,1,1,0,0,0
2020-07-01,US,Michigan,Iron,5,1,0,46.20974132,-88.53136251,26071.0,45.18344478583048,20.0,4,5,1,0,4,5,11117,0,0,0,0,0
2020-07-01,US,Michigan,Isabella,127,8,0,43.64060976,-84.84664923,26073.0,181.76093427982602,6.299212598425197,119,123,8,0,115,122,70562,4,0,0,4,1
2020-07-01,US,Michigan,Jackson,513,30,0,42.24807035,-84.42258681,26075.0,323.63888713645827,5.847953216374268,483,505,30,0,475,497,158823,8,0,0,8,8
2020-07-01,US,Michigan,Kalamazoo,1089,68,0,42.24542231,-85.53038622,26077.0,410.8410735439476,6.244260789715336,1021,1084,67,0,1017,1069,264870,5,1,0,4,15
2020-07-01,US,Michigan,Kalkaska,34,2,0,44.68512729,-85.09085699,26079.0,188.49096352145474,5.882352941176472,32,33,2,0,31,32,17824,1,0,0,1,1
2020-07-01,US,Michigan,Kent,4945,134,0,43.03197711,-85.54934642,26081.0,752.7151783607706,2.709807886754297,4811,4900,134,0,4766,4862,653786,45,0,0,45,38
2020-07-01,US,Michigan,Keweenaw,1,0,0,47.63197653,-88.41434263,26083.0,47.25897920604915,0.0,1,1,0,0,1,1,2113,0,0,0,0,0
2020-07-01,US,Michigan,Lake,8,0,0,43.99050893,-85.802173,26085.0,67.49346157091031,0.0,8,8,0,0,8,7,11881,0,0,0,0,1
2020-07-01,US,Michigan,Lapeer,295,31,0,43.09052506,-83.22153148,26087.0,336.7310831326264,10.508474576271187,264,292,31,0,261,291,88028,3,0,0,3,1
2020-07-01,US,Michigan,Leelanau,19,0,0,44.94430054,-85.80150326,26089.0,87.31216396305317,0.0,19,17,0,0,17,16,21764,2,0,0,2,1
2020-07-01,US,Michigan,Lenawee,221,6,0,41.89475156,-84.06603727,26091.0,224.47715107007545,2.7149321266968327,215,220,6,0,214,214,98266,1,0,0,1,6
2020-07-01,US,Michigan,Livingston,579,28,0,42.60302282,-83.91297209,26093.0,301.57035339461964,4.835924006908463,551,572,28,0,544,568,191224,7,0,0,7,4
2020-07-01,US,Michigan,Luce,3,0,0,46.47227431,-85.54471223,26095.0,48.16182372772515,0.0,3,3,0,0,3,3,6283,0,0,0,0,0
2020-07-01,US,Michigan,Mackinac,9,0,0,46.07028979,-85.04980537,26097.0,83.34105009723123,0.0,9,9,0,0,9,8,10787,0,0,0,0,1
2020-07-01,US,Michigan,Macomb,7428,916,0,42.69158356,-82.92752801,26099.0,849.912811852096,12.331717824448035,6512,7359,916,0,6443,7317,874759,69,0,0,69,42
2020-07-01,US,Michigan,Manistee,19,0,0,44.33352407,-86.05626916,26101.0,77.36786383255965,0.0,19,19,0,0,19,16,24528,0,0,0,0,3
2020-07-01,US,Michigan,Marquette,65,11,0,46.4338914,-87.64043701,26103.0,97.45273542331971,16.923076923076927,54,64,11,0,53,64,66516,1,0,0,1,0
2020-07-01,US,Michigan,Mason,53,0,0,43.99509218,-86.24988902,26105.0,181.8556135053527,0.0,53,51,0,0,51,46,29100,2,0,0,2,5
2020-07-01,US,Michigan,Mecosta,29,2,0,43.64064262,-85.32463223,26107.0,66.7387752284077,6.896551724137932,27,29,2,0,27,29,43545,0,0,0,0,0
2020-07-01,US,Michigan,Menominee,16,0,0,45.58038692,-87.55370409,26109.0,70.23705004389814,0.0,16,16,0,0,16,16,22983,0,0,0,0,0
2020-07-01,US,Michigan,Michigan Department of Corrections (MDOC),4110,68,0,0.0,0.0,0.0,0.0,1.654501216545012,4042,4107,68,0,4039,4106,,3,0,0,3,1
2020-07-01,US,Michigan,Midland,169,9,0,43.64330771,-84.38804374,26111.0,203.23247871470485,5.325443786982248,160,166,9,0,157,164,83209,3,0,0,3,2
2020-07-01,US,Michigan,Missaukee,29,1,0,44.33772443,-85.09256478,26113.0,191.824315385633,3.4482758620689653,28,29,1,0,28,29,15113,0,0,0,0,0
2020-07-01,US,Michigan,Monroe,618,21,0,41.92734151,-83.53749864,26115.0,410.63122923588037,3.3980582524271843,597,617,21,0,596,606,150439,1,0,0,1,11
2020-07-01,US,Michigan,Montcalm,91,1,0,43.31082541,-85.15252824,26117.0,142.43676433759074,1.0989010989010992,90,88,1,0,87,87,63968,3,0,0,3,1
2020-07-01,US,Michigan,Montmorency,5,0,0,45.0275929,-84.12696227,26119.0,53.60205831903945,0.0,5,5,0,0,5,5,9265,0,0,0,0,0
2020-07-01,US,Michigan,Muskegon,821,51,0,43.29123859,-86.15176712,26121.0,473.01890923337515,6.211936662606576,770,815,51,0,764,811,173588,6,0,0,6,4
2020-07-01,US,Michigan,Newaygo,169,0,0,43.554373999999996,-85.80070107,26123.0,345.03879134340553,0.0,169,167,0,0,167,165,48892,2,0,0,2,2
2020-07-01,US,Michigan,Oakland,12051,1091,0,42.66090111,-83.38595416,26125.0,958.2660084733902,9.053190606588664,10960,12017,1090,0,10927,11942,1259201,34,1,0,33,75
2020-07-01,US,Michigan,Oceana,292,3,0,43.64124435,-86.26726673,26127.0,1103.2606642233723,1.0273972602739727,289,287,3,0,284,280,26625,5,0,0,5,7
2020-07-01,US,Michigan,Ogemaw,33,2,0,44.33481032,-84.12725175,26129.0,157.16530932990426,6.0606060606060606,31,33,2,0,31,33,20952,0,0,0,0,0
2020-07-01,US,Michigan,Osceola,29,0,0,43.98992088,-85.32566756,26133.0,123.614663256607,0.0,29,29,0,0,29,29,23341,0,0,0,0,0
2020-07-01,US,Michigan,Oscoda,20,1,0,44.68192279,-84.12939244,26135.0,242.6889940541196,5.0,19,18,1,0,17,16,8276,2,0,0,2,2
2020-07-01,US,Michigan,Otsego,122,10,0,45.02085831,-84.59898295,26137.0,494.56786119669215,8.196721311475411,112,122,10,0,112,122,24665,0,0,0,0,0
2020-07-01,US,Michigan,Ottawa,1046,51,0,42.95996803,-85.9969107,26139.0,358.4278518315457,4.875717017208413,995,1036,51,0,985,1013,290494,10,0,0,10,23
2020-07-01,US,Michigan,Out of MI,38,0,0,0.0,0.0,80026.0,0.0,0.0,38,104,0,0,104,99,,-66,0,0,-66,5
2020-07-01,US,Michigan,Presque Isle,13,0,0,45.34018577,-83.91498656,26141.0,103.24015247776366,0.0,13,12,0,0,12,12,12738,1,0,0,1,0
2020-07-01,US,Michigan,Roscommon,28,0,0,44.33473082,-84.61067651,26143.0,116.57437861692827,0.0,28,26,0,0,26,26,23884,2,0,0,2,0
2020-07-01,US,Michigan,Saginaw,1292,123,0,43.33433923,-84.05131209999998,26145.0,678.0764043056803,9.520123839009287,1169,1286,123,0,1163,1275,190800,6,0,0,6,11
2020-07-01,US,Michigan,Sanilac,49,6,0,43.42406072,-82.82055898,26151.0,119.01870293903328,12.244897959183671,43,47,6,0,41,46,41182,2,0,0,2,1
2020-07-01,US,Michigan,Schoolcraft,4,0,0,46.19235734,-86.19972234,26153.0,49.419322955275504,0.0,4,4,0,0,4,4,8068,0,0,0,0,0
2020-07-01,US,Michigan,Shiawassee,273,28,0,42.95392800000001,-84.14585902,26155.0,400.7515927306891,10.256410256410255,245,273,28,0,245,272,68192,0,0,0,0,1
2020-07-01,US,Michigan,St. Clair,561,50,0,42.92655373,-82.67937954,26147.0,352.5463777587853,8.9126559714795,511,558,50,0,508,552,159337,3,0,0,3,6
2020-07-01,US,Michigan,St. Joseph,327,4,0,41.91441767,-85.52797979,26149.0,536.3821271570107,1.2232415902140672,323,320,4,0,316,307,61043,7,0,0,7,13
2020-07-01,US,Michigan,Tuscola,232,26,0,43.46606813,-83.41897025,26157.0,444.0616326921236,11.20689655172414,206,232,26,0,206,234,52516,0,0,0,0,-2
2020-07-01,US,Michigan,Unassigned,4,0,0,0.0,0.0,90026.0,0.0,0.0,4,3,0,0,3,3,,1,0,0,1,0
2020-07-01,US,Michigan,Van Buren,230,8,0,42.25190229,-86.01939087,26159.0,303.92325277164787,3.4782608695652173,222,225,8,0,217,226,75448,5,0,0,5,-1
2020-07-01,US,Michigan,Washtenaw,1712,105,0,42.253105,-83.83853204,26161.0,465.72234569546873,6.133177570093457,1607,1699,105,0,1594,1683,370963,13,0,0,13,16
2020-07-01,US,Michigan,Wayne,22855,2722,0,42.28098405,-83.281255,26163.0,1306.4904938596949,11.909866549989061,20133,22767,2720,0,20047,22662,1753893,88,2,0,86,105
2020-07-01,US,Michigan,Wexford,28,4,0,44.33853602,-85.57712739,26165.0,83.25651928280456,14.285714285714285,24,25,4,0,21,21,33466,3,0,0,3,4
2020-07-01,US,Minnesota,Aitkin,14,0,0,46.60962049,-93.41168259999999,27001.0,88.12791136850056,0.0,14,14,0,0,14,13,15902,0,0,0,0,1
2020-07-01,US,Minnesota,Anoka,2124,107,0,45.27476015,-93.24604565,27003.0,595.0896697028194,5.037664783427496,2017,2097,107,0,1990,2076,353813,27,0,0,27,21
2020-07-01,US,Minnesota,Becker,55,0,0,46.93479392,-95.67158144,27005.0,159.77689335618626,0.0,55,54,0,0,54,54,34371,1,0,0,1,0
2020-07-01,US,Minnesota,Beltrami,28,0,0,47.97373527,-94.93732139,27007.0,59.33711960667966,0.0,28,27,0,0,27,27,46847,1,0,0,1,0
2020-07-01,US,Minnesota,Benton,208,3,0,45.69804958,-93.99514135,27009.0,508.6942698525276,1.4423076923076923,205,208,3,0,205,208,40545,0,0,0,0,0
2020-07-01,US,Minnesota,Big Stone,14,0,0,45.42712824,-96.41403739,27011.0,280.50490883590464,0.0,14,14,0,0,14,14,4989,0,0,0,0,0
2020-07-01,US,Minnesota,Blue Earth,422,2,0,44.03554215,-94.06699781,27013.0,623.7713035637739,0.4739336492890995,420,403,2,0,401,377,67427,19,0,0,19,26
2020-07-01,US,Minnesota,Brown,31,2,0,44.24205652,-94.72562874,27015.0,123.96033269353805,6.451612903225807,29,30,2,0,28,27,25111,1,0,0,1,3
2020-07-01,US,Minnesota,Carlton,83,0,0,46.59180601,-92.67601019,27017.0,231.38468400657916,0.0,83,81,0,0,81,81,35837,2,0,0,2,0
2020-07-01,US,Minnesota,Carver,348,1,0,44.82017001,-93.80099179999999,27019.0,331.1478841743665,0.28735632183908044,347,340,1,0,339,338,103551,8,0,0,8,2
2020-07-01,US,Minnesota,Cass,12,2,0,46.95043611,-94.32603968,27021.0,40.296853487356856,16.666666666666668,10,13,2,0,11,12,29519,-1,0,0,-1,1
2020-07-01,US,Minnesota,Chippewa,76,1,0,45.02343421,-95.56403693,27023.0,644.0677966101696,1.3157894736842106,75,75,1,0,74,74,11924,1,0,0,1,1
2020-07-01,US,Minnesota,Chisago,95,1,0,45.5021011,-92.90861945,27025.0,167.90682055179482,1.0526315789473684,94,93,1,0,92,93,55922,2,0,0,2,0
2020-07-01,US,Minnesota,Clay,576,37,0,46.89289518,-96.48761922,27027.0,896.8889165706456,6.423611111111112,539,563,37,0,526,560,63955,13,0,0,13,3
2020-07-01,US,Minnesota,Clearwater,7,0,0,47.57992111,-95.37790562,27029.0,79.38308006350647,0.0,7,7,0,0,7,7,8810,0,0,0,0,0
2020-07-01,US,Minnesota,Cook,1,0,0,47.90504893,-90.52629546,27031.0,18.304960644334614,0.0,1,1,0,0,1,1,5393,0,0,0,0,0
2020-07-01,US,Minnesota,Cottonwood,134,0,0,44.00715262,-95.18138802,27033.0,1196.8560200071456,0.0,134,133,0,0,133,132,11277,1,0,0,1,1
2020-07-01,US,Minnesota,Crow Wing,102,12,0,46.48096553,-94.06755609,27035.0,156.79040811620936,11.764705882352944,90,102,12,0,90,102,64889,0,0,0,0,0
2020-07-01,US,Minnesota,Dakota,2218,89,0,44.67172617,-93.06299363,27037.0,516.9910097640908,4.012623985572588,2129,2180,87,0,2093,2157,425423,38,2,0,36,23
2020-07-01,US,Minnesota,Dodge,81,0,0,44.02238415,-92.86244324,27039.0,386.93035253654335,0.0,81,81,0,0,81,79,20822,0,0,0,0,2
2020-07-01,US,Minnesota,Douglas,61,0,0,45.93348491,-95.45335469,27041.0,159.93288062714663,0.0,61,61,0,0,61,58,37964,0,0,0,0,3
2020-07-01,US,Minnesota,Faribault,53,0,0,43.67381499,-93.94787458,27043.0,388.19307111990037,0.0,53,53,0,0,53,53,13758,0,0,0,0,0
2020-07-01,US,Minnesota,Fillmore,27,0,0,43.67394126,-92.08980382,27045.0,128.16252907390705,0.0,27,25,0,0,25,25,21058,2,0,0,2,0
2020-07-01,US,Minnesota,Freeborn,286,0,0,43.67385583,-93.34884422,27047.0,944.4866417885803,0.0,286,281,0,0,281,282,30444,5,0,0,5,-1
2020-07-01,US,Minnesota,Goodhue,124,8,0,44.40849741,-92.72341949999999,27049.0,267.58739749676306,6.451612903225807,116,119,8,0,111,117,46403,5,0,0,5,2
2020-07-01,US,Minnesota,Grant,8,0,0,45.93424769,-96.01139609,27051.0,133.95847287340922,0.0,8,6,0,0,6,6,6021,2,0,0,2,0
2020-07-01,US,Minnesota,Hennepin,11892,776,0,45.00761521,-93.47694895,27053.0,939.4529969356387,6.5253952236797845,11116,11796,776,0,11020,11656,1259428,96,0,0,96,140
2020-07-01,US,Minnesota,Houston,24,0,0,43.67129565,-91.49143057,27055.0,129.03225806451613,0.0,24,24,0,0,24,23,18578,0,0,0,0,1
2020-07-01,US,Minnesota,Hubbard,5,0,0,47.10778564,-94.91693868,27057.0,23.265553022195334,0.0,5,5,0,0,5,5,21332,0,0,0,0,0
2020-07-01,US,Minnesota,Isanti,64,0,0,45.56181234,-93.29487636,27059.0,157.65100009853188,0.0,64,61,0,0,61,61,39966,3,0,0,3,0
2020-07-01,US,Minnesota,Itasca,65,12,0,47.51009045,-93.63092229,27061.0,144.0283625083093,18.46153846153846,53,65,12,0,53,64,45108,0,0,0,0,1
2020-07-01,US,Minnesota,Jackson,54,0,0,43.67423373,-95.15398258,27063.0,548.4460694698355,0.0,54,54,0,0,54,54,9911,0,0,0,0,0
2020-07-01,US,Minnesota,Kanabec,14,1,0,45.9459309,-93.29275192,27065.0,85.69504805043766,7.142857142857142,13,14,1,0,13,14,16207,0,0,0,0,0
2020-07-01,US,Minnesota,Kandiyohi,565,1,0,45.1526059,-95.00586446,27067.0,1307.9006458482836,0.17699115044247787,564,565,1,0,564,565,42855,0,0,0,0,0
2020-07-01,US,Minnesota,Kittson,2,0,0,48.77754106,-96.78317184,27069.0,46.533271288971605,0.0,2,2,0,0,2,2,4248,0,0,0,0,0
2020-07-01,US,Minnesota,Koochiching,14,1,0,48.24539665,-93.78352843,27071.0,114.48196908986833,7.142857142857142,13,13,1,0,12,12,12440,1,0,0,1,1
2020-07-01,US,Minnesota,Lac qui Parle,4,0,0,44.9973857,-96.17488219,27073.0,60.3955911218481,0.0,4,4,0,0,4,4,6658,0,0,0,0,0
2020-07-01,US,Minnesota,Lake,6,0,0,47.64270764,-91.44557998,27075.0,56.385678037778405,0.0,6,7,0,0,7,6,10658,-1,0,0,-1,1
2020-07-01,US,Minnesota,Le Sueur,86,1,0,44.37136597,-93.72844721,27079.0,297.711773462111,1.162790697674419,85,82,1,0,81,79,28494,4,0,0,4,3
2020-07-01,US,Minnesota,Lincoln,9,0,0,44.41311883,-96.26688165,27081.0,159.60276644795175,0.0,9,8,0,0,8,9,5673,1,0,0,1,-1
2020-07-01,US,Minnesota,Lyon,300,2,0,44.41327865,-95.83806103,27083.0,1177.671351181597,0.6666666666666666,298,295,2,0,293,295,25629,5,0,0,5,0
2020-07-01,US,Minnesota,Mahnomen,7,1,0,47.32557075,-95.80921485,27087.0,126.65098606839152,14.285714285714285,6,7,1,0,6,7,5519,0,0,0,0,0
2020-07-01,US,Minnesota,Marshall,12,0,0,48.35825983,-96.37017407,27089.0,128.53470437017995,0.0,12,12,0,0,12,12,9390,0,0,0,0,0
2020-07-01,US,Minnesota,Martin,161,5,0,43.67429718,-94.55099908,27091.0,817.9647411471827,3.1055900621118013,156,156,5,0,151,155,19785,5,0,0,5,1
2020-07-01,US,Minnesota,McLeod,85,0,0,44.82367677,-94.27287017,27085.0,236.8149778508344,0.0,85,81,0,0,81,81,35873,4,0,0,4,0
2020-07-01,US,Minnesota,Meeker,58,1,0,45.12328869,-94.52839455,27093.0,249.76315562828358,1.7241379310344829,57,58,1,0,57,57,23141,0,0,0,0,1
2020-07-01,US,Minnesota,Mille Lacs,34,2,0,45.93705297,-93.63236823,27095.0,129.39072192411615,5.882352941176472,32,32,2,0,30,32,26139,2,0,0,2,0
2020-07-01,US,Minnesota,Morrison,57,1,0,46.01265363,-94.27341528,27097.0,170.73024621098662,1.7543859649122806,56,58,1,0,57,58,33169,-1,0,0,-1,0
2020-07-01,US,Minnesota,Mower,928,2,0,43.67142874,-92.75234549,27099.0,2316.4095651739804,0.21551724137931036,926,921,2,0,919,911,40011,7,0,0,7,10
2020-07-01,US,Minnesota,Murray,51,0,0,44.02216709,-95.76328482,27101.0,622.4066390041494,0.0,51,51,0,0,51,50,8276,0,0,0,0,1
2020-07-01,US,Minnesota,Nicollet,149,12,0,44.35291112,-94.24710352,27103.0,434.7318667211297,8.053691275167786,137,144,12,0,132,136,34220,5,0,0,5,8
2020-07-01,US,Minnesota,Nobles,1655,6,0,43.67434621,-95.75329576,27105.0,7651.763835591105,0.3625377643504532,1649,1652,6,0,1646,1651,21924,3,0,0,3,1
2020-07-01,US,Minnesota,Norman,20,0,0,47.32628443,-96.45620947,27107.0,313.72549019607845,0.0,20,20,0,0,20,19,6475,0,0,0,0,1
2020-07-01,US,Minnesota,Olmsted,1058,15,0,44.00374114,-92.40209944,27109.0,668.3807875269279,1.4177693761814745,1043,1047,15,0,1032,1027,156277,11,0,0,11,20
2020-07-01,US,Minnesota,Otter Tail,92,1,0,46.40846929,-95.70835255,27111.0,156.60640724474857,1.0869565217391304,91,92,1,0,91,91,58812,0,0,0,0,1
2020-07-01,US,Minnesota,Pennington,51,0,0,48.06642577,-96.0370814,27113.0,361.2153835257455,0.0,51,50,0,0,50,50,14178,1,0,0,1,0
2020-07-01,US,Minnesota,Pine,103,0,0,46.12105238,-92.74070188,27115.0,348.2200209608168,0.0,103,100,0,0,100,100,29483,3,0,0,3,0
2020-07-01,US,Minnesota,Pipestone,26,1,0,44.02301619,-96.25841142,27117.0,284.9002849002849,3.8461538461538463,25,25,1,0,24,20,9047,1,0,0,1,5
2020-07-01,US,Minnesota,Polk,81,2,0,47.77372465,-96.40134647,27119.0,258.2578752710114,2.469135802469136,79,79,2,0,77,79,31529,2,0,0,2,0
2020-07-01,US,Minnesota,Pope,10,0,0,45.58606667,-95.44451209,27121.0,88.8967908258512,0.0,10,10,0,0,10,10,11097,0,0,0,0,0
2020-07-01,US,Minnesota,Ramsey,4724,218,0,45.01625271,-93.09872295,27123.0,858.4080927313331,4.614733276883998,4506,4685,217,0,4468,4629,550210,39,1,0,38,56
2020-07-01,US,Minnesota,Red Lake,3,0,0,47.87197525,-96.09561104,27125.0,73.98273736128236,0.0,3,3,0,0,3,3,3999,0,0,0,0,0
2020-07-01,US,Minnesota,Redwood,17,0,0,44.40555844,-95.25207021,27127.0,112.06328279499012,0.0,17,16,0,0,16,16,15249,1,0,0,1,0
2020-07-01,US,Minnesota,Renville,28,2,0,44.72836381,-94.94553734,27129.0,192.46631839428102,7.142857142857142,26,24,2,0,22,24,14612,4,0,0,4,0
2020-07-01,US,Minnesota,Rice,824,7,0,44.3543376,-93.29658715,27131.0,1230.3649286268887,0.8495145631067961,817,809,7,0,802,804,66523,15,0,0,15,5
2020-07-01,US,Minnesota,Rock,29,0,0,43.67482683,-96.25296832,27133.0,311.3258185721954,0.0,29,30,0,0,30,30,9414,-1,0,0,-1,0
2020-07-01,US,Minnesota,Roseau,9,0,0,48.77501878,-95.81079919,27135.0,59.34718100890208,0.0,9,6,0,0,6,6,15150,3,0,0,3,0
2020-07-01,US,Minnesota,Scott,671,4,0,44.6490231,-93.53340251,27139.0,450.2962828746485,0.5961251862891207,667,658,4,0,654,641,147381,13,0,0,13,17
2020-07-01,US,Minnesota,Sherburne,297,4,0,45.44447208,-93.77617511,27141.0,305.4361463625332,1.3468013468013469,293,295,4,0,291,291,96036,2,0,0,2,4
2020-07-01,US,Minnesota,Sibley,48,2,0,44.5796592,-94.23164924,27143.0,322.90615539858726,4.166666666666667,46,48,2,0,46,46,15028,0,0,0,0,2
2020-07-01,US,Minnesota,St. Louis,169,15,0,47.604840700000004,-92.46879855,27137.0,84.89476063696188,8.875739644970414,154,161,14,0,147,158,199754,8,1,0,7,3
2020-07-01,US,Minnesota,Stearns,2287,19,0,45.55192576,-94.61078221,27145.0,1419.8354803662892,0.8307826847398339,2268,2265,19,0,2246,2228,159256,22,0,0,22,37
2020-07-01,US,Minnesota,Steele,219,0,0,44.02240351,-93.22627088,27147.0,597.5606428551939,0.0,219,215,0,0,215,215,36803,4,0,0,4,0
2020-07-01,US,Minnesota,Stevens,4,0,0,45.58613007,-96.00163705,27149.0,40.7955124936257,0.0,4,4,0,0,4,3,9753,0,0,0,0,1
2020-07-01,US,Minnesota,Swift,20,1,0,45.2829032,-95.68264092,27151.0,215.8428663932657,5.0,19,20,1,0,19,20,9345,0,0,0,0,0
2020-07-01,US,Minnesota,Todd,400,2,0,46.06996226,-94.89785296,27153.0,1621.7969510217322,0.5,398,398,2,0,396,397,24582,2,0,0,2,1
2020-07-01,US,Minnesota,Traverse,5,0,0,45.77298854,-96.47062949,27155.0,153.42129487572873,0.0,5,5,0,0,5,5,3308,0,0,0,0,0
2020-07-01,US,Minnesota,Unassigned,81,37,0,0.0,0.0,90027.0,0.0,45.679012345679006,44,83,35,0,48,82,,-2,2,0,-4,1
2020-07-01,US,Minnesota,Wabasha,31,0,0,44.28424356,-92.23121312,27157.0,143.3393443380959,0.0,31,31,0,0,31,30,21645,0,0,0,0,1
2020-07-01,US,Minnesota,Wadena,15,0,0,46.58589171,-94.96968506,27159.0,109.63309457681623,0.0,15,15,0,0,15,15,13773,0,0,0,0,0
2020-07-01,US,Minnesota,Waseca,58,0,0,44.02211116,-93.58720034,27161.0,311.62690737158823,0.0,58,57,0,0,57,57,18691,1,0,0,1,0
2020-07-01,US,Minnesota,Washington,1025,40,0,45.03864533,-92.88429635,27163.0,390.5654625819235,3.902439024390244,985,1008,40,0,968,995,259201,17,0,0,17,13
2020-07-01,US,Minnesota,Watonwan,206,0,0,43.97823903,-94.61413846,27165.0,1890.4285583188034,0.0,206,203,0,0,203,200,10980,3,0,0,3,3
2020-07-01,US,Minnesota,Wilkin,20,3,0,46.35721532,-96.4684375,27167.0,322.2168519413565,15.0,17,20,3,0,17,20,6254,0,0,0,0,0
2020-07-01,US,Minnesota,Winona,119,15,0,43.98772283,-91.78081305,27169.0,235.71824736550198,12.605042016806722,104,119,15,0,104,113,50825,0,0,0,0,6
2020-07-01,US,Minnesota,Wright,448,5,0,45.17297924,-93.96234781,27171.0,323.75322488563853,1.1160714285714286,443,445,5,0,440,438,136349,3,0,0,3,7
2020-07-01,US,Minnesota,Yellow Medicine,29,0,0,44.71710183,-95.86842453,27173.0,298.6919353177464,0.0,29,29,0,0,29,27,9795,0,0,0,0,2
2020-07-01,US,Mississippi,Adams,267,18,0,31.47669768,-91.35326037,28001.0,869.9051901084938,6.741573033707866,249,263,18,0,245,253,31192,4,0,0,4,10
2020-07-01,US,Mississippi,Alcorn,56,1,0,34.88084463,-88.57996173,28003.0,151.54385300246258,1.7857142857142858,55,55,1,0,54,53,36925,1,0,0,1,2
2020-07-01,US,Mississippi,Amite,82,2,0,31.17467303,-90.80501621,28005.0,666.8293079612913,2.4390243902439024,80,81,2,0,79,80,12326,1,0,0,1,1
2020-07-01,US,Mississippi,Attala,352,23,0,33.08658803,-89.57838564,28007.0,1936.8328381203921,6.534090909090909,329,350,23,0,327,347,18365,2,0,0,2,3
2020-07-01,US,Mississippi,Benton,27,0,0,34.81681228,-89.18945516,28009.0,326.91609153650563,0.0,27,27,0,0,27,27,8271,0,0,0,0,0
2020-07-01,US,Mississippi,Bolivar,277,13,0,33.79696941,-90.87372121,28011.0,904.4012015149536,4.693140794223827,264,261,13,0,248,254,31333,16,0,0,16,7
2020-07-01,US,Mississippi,Calhoun,124,4,0,33.93683395,-89.33686647,28013.0,863.449620499965,3.2258064516129035,120,119,4,0,115,114,14436,5,0,0,5,5
2020-07-01,US,Mississippi,Carroll,160,11,0,33.44834567,-89.91994479,28015.0,1608.5251834724038,6.875,149,157,11,0,146,149,9911,3,0,0,3,8
2020-07-01,US,Mississippi,Chickasaw,259,18,0,33.91983202,-88.9481545,28017.0,1514.3542068642926,6.94980694980695,241,254,18,0,236,246,17171,5,0,0,5,8
2020-07-01,US,Mississippi,Choctaw,71,4,0,33.34598242,-89.24809382,28019.0,864.7990255785628,5.633802816901407,67,71,4,0,67,71,8278,0,0,0,0,0
2020-07-01,US,Mississippi,Claiborne,236,10,0,31.97061673,-90.90702196,28021.0,2625.72318647085,4.2372881355932215,226,228,10,0,218,220,9002,8,0,0,8,8
2020-07-01,US,Mississippi,Clarke,201,24,0,32.04158545,-88.68896219999998,28023.0,1293.3530660832635,11.940298507462687,177,198,24,0,174,196,15604,3,0,0,3,2
2020-07-01,US,Mississippi,Clay,242,10,0,33.65358105,-88.77784255,28025.0,1252.8473804100227,4.132231404958676,232,240,10,0,230,237,19386,2,0,0,2,3
2020-07-01,US,Mississippi,Coahoma,186,6,0,34.22772299,-90.60415045,28027.0,840.7159645633701,3.2258064516129035,180,183,6,0,177,180,22628,3,0,0,3,3
2020-07-01,US,Mississippi,Copiah,566,15,0,31.86977774,-90.44565118,28029.0,2016.7468376982006,2.6501766784452303,551,562,14,0,548,558,28543,4,1,0,3,4
2020-07-01,US,Mississippi,Covington,302,5,0,31.63225413,-89.55389939,28031.0,1620.5194247692639,1.6556291390728477,297,290,5,0,285,269,18853,12,0,0,12,21
2020-07-01,US,Mississippi,DeSoto,1373,16,0,34.87625235,-89.99091418,28033.0,742.3828705831462,1.165331391114348,1357,1311,15,0,1296,1293,182001,62,1,0,61,18
2020-07-01,US,Mississippi,Forrest,814,42,0,31.18961454,-89.25832496,28035.0,1086.8259075797428,5.15970515970516,772,798,42,0,756,786,75036,16,0,0,16,12
2020-07-01,US,Mississippi,Franklin,38,2,0,31.47786634,-90.89672989,28037.0,492.67470504343316,5.2631578947368425,36,38,2,0,36,35,7788,0,0,0,0,3
2020-07-01,US,Mississippi,George,74,3,0,30.86259065,-88.64436789,28039.0,302.0408163265306,4.0540540540540535,71,73,3,0,70,72,24250,1,0,0,1,1
2020-07-01,US,Mississippi,Greene,92,7,0,31.21444233,-88.63922281,28041.0,677.1676726041512,7.608695652173912,85,91,7,0,84,88,13586,1,0,0,1,3
2020-07-01,US,Mississippi,Grenada,380,5,0,33.77036166,-89.80245083,28043.0,1830.619520184989,1.3157894736842106,375,367,5,0,362,355,21055,13,0,0,13,12
2020-07-01,US,Mississippi,Hancock,120,13,0,30.41830223,-89.48851033,28045.0,251.9314746388982,10.833333333333336,107,120,13,0,107,120,47334,0,0,0,0,0
2020-07-01,US,Mississippi,Harrison,744,8,0,30.51359752,-89.12467576,28047.0,357.55478662053065,1.075268817204301,736,719,8,0,711,688,206650,25,0,0,25,31
2020-07-01,US,Mississippi,Hinds,2152,39,0,32.2656285,-90.44435448,28049.0,928.2263630089716,1.812267657992565,2113,2111,39,0,2072,2048,237085,41,0,0,41,63
2020-07-01,US,Mississippi,Holmes,527,41,0,33.12345854,-90.08923538,28051.0,3098.1775426219874,7.7798861480075905,486,520,40,0,480,514,17622,7,1,0,6,6
2020-07-01,US,Mississippi,Humphreys,123,9,0,33.12825718,-90.52252707,28053.0,1525.297619047619,7.317073170731707,114,120,9,0,111,115,8257,3,0,0,3,5
2020-07-01,US,Mississippi,Issaquena,7,1,0,32.72531359,-90.97392828,28055.0,527.5056518462699,14.285714285714285,6,6,1,0,5,6,1308,1,0,0,1,0
2020-07-01,US,Mississippi,Itawamba,127,8,0,34.27993475,-88.3606733,28057.0,542.967079948696,6.299212598425197,119,122,8,0,114,119,23517,5,0,0,5,3
2020-07-01,US,Mississippi,Jackson,533,16,0,30.54020656,-88.64184064,28059.0,371.12598090755273,3.00187617260788,517,505,16,0,489,493,143277,28,0,0,28,12
2020-07-01,US,Mississippi,Jasper,250,6,0,32.01922104,-89.11786866,28061.0,1525.9720441921506,2.4,244,245,6,0,239,239,16428,5,0,0,5,6
2020-07-01,US,Mississippi,Jefferson,92,3,0,31.73397872,-91.03764977,28063.0,1316.1659513590844,3.260869565217391,89,84,3,0,81,83,7106,8,0,0,8,1
2020-07-01,US,Mississippi,Jefferson Davis,106,4,0,31.56884708,-89.82670990000004,28065.0,952.55212077642,3.7735849056603774,102,103,4,0,99,102,11234,3,0,0,3,1
2020-07-01,US,Mississippi,Jones,1069,49,0,31.62257767,-89.16896899999998,28067.0,1569.7964697935327,4.583723105706269,1020,1061,49,0,1012,1033,68461,8,0,0,8,28
2020-07-01,US,Mississippi,Kemper,176,14,0,32.75462946,-88.64105766,28069.0,1806.6105522479984,7.954545454545454,162,174,13,0,161,172,10027,2,1,0,1,2
2020-07-01,US,Mississippi,Lafayette,352,4,0,34.35687874,-89.48490961,28071.0,651.622577241341,1.1363636363636365,348,339,4,0,335,330,54793,13,0,0,13,9
2020-07-01,US,Mississippi,Lamar,419,7,0,31.20572971,-89.5077704,28073.0,661.4779849391408,1.6706443914081146,412,407,7,0,400,393,62447,12,0,0,12,14
2020-07-01,US,Mississippi,Lauderdale,882,78,0,32.40419769,-88.66229662,28075.0,1189.8819561551434,8.843537414965986,804,879,78,0,801,872,75317,3,0,0,3,7
2020-07-01,US,Mississippi,Lawrence,159,1,0,31.55147224,-90.10841127,28077.0,1263.308437946925,0.6289308176100629,158,154,1,0,153,149,12455,5,0,0,5,5
2020-07-01,US,Mississippi,Leake,548,19,0,32.7536828,-89.52402044,28079.0,2404.9855174229792,3.4671532846715327,529,547,19,0,528,533,22763,1,0,0,1,14
2020-07-01,US,Mississippi,Lee,493,16,0,34.291877500000005,-88.68149954,28081.0,577.0401236012923,3.2454361054766734,477,477,16,0,461,460,85202,16,0,0,16,17
2020-07-01,US,Mississippi,Leflore,472,49,0,33.55545125,-90.29900733,28083.0,1674.7684774509455,10.381355932203391,423,469,48,0,421,455,28919,3,1,0,2,14
2020-07-01,US,Mississippi,Lincoln,435,34,0,31.53288662,-90.45391915,28085.0,1273.6802037888326,7.816091954022988,401,434,34,0,400,430,34205,1,0,0,1,4
2020-07-01,US,Mississippi,Lowndes,453,11,0,33.47386518,-88.44191529999998,28087.0,773.1035071251813,2.428256070640177,442,444,11,0,433,438,58930,9,0,0,9,6
2020-07-01,US,Mississippi,Madison,1222,34,0,32.63389156,-90.03513564,28089.0,1149.8795543510992,2.782324058919804,1188,1206,34,0,1172,1181,105630,16,0,0,16,25
2020-07-01,US,Mississippi,Marion,248,11,0,31.23132643,-89.8209217,28091.0,1009.237781304684,4.435483870967742,237,240,11,0,229,233,24715,8,0,0,8,7
2020-07-01,US,Mississippi,Marshall,201,3,0,34.76216286,-89.50299462,28093.0,569.5018983396611,1.492537313432836,198,196,3,0,193,195,35451,5,0,0,5,1
2020-07-01,US,Mississippi,Monroe,367,29,0,33.89236763,-88.4808438,28095.0,1041.0756836491546,7.901907356948229,338,355,29,0,326,342,35564,12,0,0,12,13
2020-07-01,US,Mississippi,Montgomery,122,2,0,33.49419589,-89.61729103,28097.0,1248.081841432225,1.639344262295082,120,116,2,0,114,112,10023,6,0,0,6,4
2020-07-01,US,Mississippi,Neshoba,960,69,0,32.75339664,-89.11726492,28099.0,3296.9297341850397,7.1875,891,952,68,0,884,938,29125,8,1,0,7,14
2020-07-01,US,Mississippi,Newton,328,9,0,32.40021118,-89.11843336,28101.0,1560.5671329336758,2.7439024390243905,319,328,9,0,319,329,21443,0,0,0,0,-1
2020-07-01,US,Mississippi,Noxubee,245,8,0,33.11009499,-88.56949061,28103.0,2351.924738408371,3.26530612244898,237,245,8,0,237,242,10535,0,0,0,0,3
2020-07-01,US,Mississippi,Oktibbeha,486,24,0,33.42491685,-88.87905132,28105.0,980.0955895698468,4.938271604938271,462,483,24,0,459,477,49599,3,0,0,3,6
2020-07-01,US,Mississippi,Panola,270,6,0,34.36398677,-89.95064249,28107.0,789.6583996256433,2.2222222222222223,264,254,6,0,248,246,34178,16,0,0,16,8
2020-07-01,US,Mississippi,Pearl River,244,32,0,30.77090935,-89.58677275,28109.0,439.36256414873503,13.114754098360656,212,239,32,0,207,237,55387,5,0,0,5,2
2020-07-01,US,Mississippi,Perry,61,4,0,31.17161885,-88.99281835,28111.0,509.47966257412514,6.557377049180328,57,59,4,0,55,59,11931,2,0,0,2,0
2020-07-01,US,Mississippi,Pike,367,12,0,31.17507789,-90.40392572,28113.0,934.1274689472611,3.2697547683923704,355,356,12,0,344,347,39563,11,0,0,11,9
2020-07-01,US,Mississippi,Pontotoc,247,6,0,34.226046000000004,-89.03636807,28115.0,767.7006278361409,2.42914979757085,241,231,4,0,227,203,31833,16,2,0,14,28
2020-07-01,US,Mississippi,Prentiss,98,3,0,34.61810501,-88.51986294,28117.0,390.03422749343315,3.0612244897959178,95,97,3,0,94,94,25315,1,0,0,1,3
2020-07-01,US,Mississippi,Quitman,68,0,0,34.25157572,-90.28908,28119.0,1001.1778563015312,0.0,68,67,0,0,67,65,7051,1,0,0,1,2
2020-07-01,US,Mississippi,Rankin,841,12,0,32.26469147,-89.94537876,28121.0,541.6336598592138,1.4268727705112958,829,816,12,0,804,798,153902,25,0,0,25,18
2020-07-01,US,Mississippi,Scott,750,15,0,32.406704100000006,-89.53789439,28123.0,2666.7614848527946,2.0,735,742,15,0,727,733,28287,8,0,0,8,9
2020-07-01,US,Mississippi,Sharkey,24,0,0,32.88149103,-90.8159538,28125.0,555.42698449433,0.0,24,24,0,0,24,24,4377,0,0,0,0,0
2020-07-01,US,Mississippi,Simpson,230,3,0,31.91282117,-89.91716179,28127.0,862.7804036311801,1.3043478260869563,227,218,3,0,215,209,26758,12,0,0,12,9
2020-07-01,US,Mississippi,Smith,206,11,0,32.01744532,-89.50644846,28129.0,1294.2950490072885,5.339805825242719,195,204,11,0,193,203,16002,2,0,0,2,1
2020-07-01,US,Mississippi,Stone,52,1,0,30.79187949,-89.11547539,28131.0,283.59511343804536,1.9230769230769231,51,51,1,0,50,50,18717,1,0,0,1,1
2020-07-01,US,Mississippi,Sunflower,306,6,0,33.60192578,-90.58882684,28133.0,1218.6379928315414,1.96078431372549,300,280,6,0,274,247,25735,26,0,0,26,33
2020-07-01,US,Mississippi,Tallahatchie,104,3,0,33.95339918,-90.1729398,28135.0,753.1320153523063,2.8846153846153846,101,94,3,0,91,93,13987,10,0,0,10,1
2020-07-01,US,Mississippi,Tate,257,7,0,34.65133709,-89.94485778,28137.0,907.4538328448854,2.723735408560312,250,245,7,0,238,242,28759,12,0,0,12,3
2020-07-01,US,Mississippi,Tippah,123,11,0,34.76872156,-88.90988194,28139.0,558.7099704746763,8.943089430894311,112,121,11,0,110,119,21995,2,0,0,2,2
2020-07-01,US,Mississippi,Tishomingo,68,1,0,34.74023475,-88.23917219,28141.0,350.8228860341536,1.4705882352941178,67,65,1,0,64,61,19454,3,0,0,3,4
2020-07-01,US,Mississippi,Tunica,89,3,0,34.64967704,-90.37481167,28143.0,924.0033222591362,3.3707865168539324,86,89,3,0,86,88,9944,0,0,0,0,1
2020-07-01,US,Mississippi,Union,175,9,0,34.49162015,-89.00776006,28145.0,607.3225750477181,5.142857142857143,166,172,9,0,163,166,28606,3,0,0,3,6
2020-07-01,US,Mississippi,Walthall,172,4,0,31.14971548,-90.10446654,28147.0,1203.9759204815905,2.3255813953488373,168,169,4,0,165,168,14465,3,0,0,3,1
2020-07-01,US,Mississippi,Warren,443,17,0,32.35810271,-90.83352619,28149.0,976.1794583636323,3.8374717832957113,426,425,17,0,408,409,46176,18,0,0,18,16
2020-07-01,US,Mississippi,Washington,496,9,0,33.28392041,-90.94196237,28151.0,1129.6089639937145,1.814516129032258,487,465,9,0,456,427,45063,31,0,0,31,38
2020-07-01,US,Mississippi,Wayne,521,12,0,31.64135687,-88.69573913,28153.0,2581.3803696179957,2.3032629558541267,509,515,11,0,504,509,20298,6,1,0,5,6
2020-07-01,US,Mississippi,Webster,123,10,0,33.61300486,-89.28392912,28155.0,1269.4808545773558,8.130081300813009,113,123,10,0,113,122,9788,0,0,0,0,1
2020-07-01,US,Mississippi,Wilkinson,91,9,0,31.16078225,-91.31018819,28157.0,1054.4611819235226,9.89010989010989,82,89,9,0,80,89,8792,2,0,0,2,0
2020-07-01,US,Mississippi,Winston,243,5,0,33.08747908,-89.03391385,28159.0,1353.3834586466164,2.05761316872428,238,240,5,0,235,230,18165,3,0,0,3,10
2020-07-01,US,Mississippi,Yalobusha,161,7,0,34.02824175,-89.70762049999998,28161.0,1329.6993723158243,4.3478260869565215,154,152,7,0,145,151,12392,9,0,0,9,1
2020-07-01,US,Mississippi,Yazoo,473,6,0,32.77890365,-90.39656148,28163.0,1593.1289996631867,1.2684989429175475,467,467,6,0,461,454,28248,6,0,0,6,13
2020-07-01,US,Missouri,Adair,90,0,0,40.19058551,-92.60078167,29001.0,355.12764866037963,0.0,90,90,0,0,90,90,25339,0,0,0,0,0
2020-07-01,US,Missouri,Andrew,49,0,0,39.98492163,-94.80163024,29003.0,276.64859981933154,0.0,49,49,0,0,49,49,17607,0,0,0,0,0
2020-07-01,US,Missouri,Atchison,3,0,0,40.43238737,-95.42970639,29005.0,58.331713007972,0.0,3,3,0,0,3,3,5171,0,0,0,0,0
2020-07-01,US,Missouri,Audrain,138,1,0,39.215877,-91.84242683,29007.0,543.5638884512368,0.7246376811594203,137,138,1,0,137,138,25473,0,0,0,0,0
2020-07-01,US,Missouri,Barry,43,0,0,36.70978521,-93.82919888,29009.0,120.14864902623712,0.0,43,43,0,0,43,43,35886,0,0,0,0,0
2020-07-01,US,Missouri,Barton,21,0,0,37.50207671,-94.34757022,29011.0,178.66258295048493,0.0,21,21,0,0,21,21,11798,0,0,0,0,0
2020-07-01,US,Missouri,Bates,12,1,0,38.25271289,-94.34113157,29013.0,74.20232500618353,8.333333333333334,11,12,1,0,11,12,16320,0,0,0,0,0
2020-07-01,US,Missouri,Benton,17,0,0,38.29503305,-93.28756116,29015.0,87.43506660494779,0.0,17,17,0,0,17,17,19278,0,0,0,0,0
2020-07-01,US,Missouri,Bollinger,12,0,0,37.32449052,-90.02725304,29017.0,98.90381603890215,0.0,12,12,0,0,12,12,12169,0,0,0,0,0
2020-07-01,US,Missouri,Boone,313,2,0,38.99186229,-92.30723575,29019.0,173.44275557870586,0.6389776357827476,311,313,2,0,311,313,180005,0,0,0,0,0
2020-07-01,US,Missouri,Buchanan,838,3,0,39.65816401,-94.80138942,29021.0,959.2051645986903,0.35799522673031026,835,838,3,0,835,838,88571,0,0,0,0,0
2020-07-01,US,Missouri,Butler,75,0,0,36.71462476,-90.40421163,29023.0,176.56198502754367,0.0,75,75,0,0,75,75,42639,0,0,0,0,0
2020-07-01,US,Missouri,Caldwell,9,0,0,39.65620858,-93.98308093,29025.0,99.77827050997783,0.0,9,9,0,0,9,9,9108,0,0,0,0,0
2020-07-01,US,Missouri,Callaway,44,1,0,38.83674754,-91.92186505,29027.0,98.33940504659948,2.272727272727273,43,44,1,0,43,44,44889,0,0,0,0,0
2020-07-01,US,Missouri,Camden,60,1,0,38.02199522,-92.76083747,29029.0,129.5756397797214,1.6666666666666667,59,60,1,0,59,60,45815,0,0,0,0,0
2020-07-01,US,Missouri,Cape Girardeau,141,3,0,37.38489388,-89.6843587,29031.0,178.7729330172053,2.127659574468085,138,141,3,0,138,141,78753,0,0,0,0,0
2020-07-01,US,Missouri,Carroll,11,0,0,39.42762566,-93.50626255,29033.0,126.74271229404309,0.0,11,11,0,0,11,11,8743,0,0,0,0,0
2020-07-01,US,Missouri,Carter,6,1,0,36.94160441,-90.96051322,29035.0,100.30090270812435,16.666666666666668,5,6,1,0,5,6,6054,0,0,0,0,0
2020-07-01,US,Missouri,Cass,125,8,0,38.64789422,-94.353399,29037.0,118.16978634902628,6.4,117,125,8,0,117,125,104954,0,0,0,0,0
2020-07-01,US,Missouri,Cedar,9,0,0,37.72391475,-93.85445441,29039.0,62.72214091574325,0.0,9,9,0,0,9,9,14165,0,0,0,0,0
2020-07-01,US,Missouri,Chariton,6,0,0,39.51499357,-92.9629191,29041.0,80.79719903043363,0.0,6,6,0,0,6,6,7451,0,0,0,0,0
2020-07-01,US,Missouri,Christian,40,0,0,36.9711783,-93.18537118,29043.0,45.149274789773685,0.0,40,40,0,0,40,40,86983,0,0,0,0,0
2020-07-01,US,Missouri,Clark,2,0,0,40.41040752,-91.73661677,29045.0,29.424746211563924,0.0,2,2,0,0,2,2,6842,0,0,0,0,0
2020-07-01,US,Missouri,Clay,414,10,0,39.31132056,-94.41850862,29047.0,165.63445196600892,2.415458937198068,404,414,10,0,404,414,246365,0,0,0,0,0
2020-07-01,US,Missouri,Clinton,23,0,0,39.6013098,-94.40465394,29049.0,112.81699121989504,0.0,23,23,0,0,23,23,20470,0,0,0,0,0
2020-07-01,US,Missouri,Cole,72,2,0,38.50455671,-92.27860244,29051.0,93.81718678741288,2.7777777777777777,70,72,2,0,70,72,76796,0,0,0,0,0
2020-07-01,US,Missouri,Cooper,14,0,0,38.844478,-92.80896081,29053.0,79.05584730927777,0.0,14,14,0,0,14,14,17603,0,0,0,0,0
2020-07-01,US,Missouri,Crawford,11,0,0,37.97663738,-91.30528104,29055.0,45.986622073578594,0.0,11,11,0,0,11,11,23957,0,0,0,0,0
2020-07-01,US,Missouri,Dade,1,0,0,37.431814,-93.8503345,29057.0,13.225763787858751,0.0,1,1,0,0,1,1,7569,0,0,0,0,0
2020-07-01,US,Missouri,Dallas,12,1,0,37.6811355,-93.02127031,29059.0,71.09847138286527,8.333333333333334,11,12,1,0,11,12,16762,0,0,0,0,0
2020-07-01,US,Missouri,Daviess,8,0,0,39.96145298,-93.98519678,29061.0,96.64170089393572,0.0,8,8,0,0,8,8,8313,0,0,0,0,0
2020-07-01,US,Missouri,DeKalb,11,0,0,39.89201062,-94.40476508,29063.0,87.67035944847375,0.0,11,11,0,0,11,11,12630,0,0,0,0,0
2020-07-01,US,Missouri,Dent,3,0,0,37.60663134,-91.50790473,29065.0,19.264110961279137,0.0,3,3,0,0,3,3,15441,0,0,0,0,0
2020-07-01,US,Missouri,Douglas,3,0,0,36.9325593,-92.49905109,29067.0,22.75312855517633,0.0,3,3,0,0,3,3,13373,0,0,0,0,0
2020-07-01,US,Missouri,Dunklin,92,3,0,36.27167174,-90.09122243,29069.0,315.8147677731626,3.260869565217391,89,92,3,0,89,92,29423,0,0,0,0,0
2020-07-01,US,Missouri,Franklin,204,18,0,38.41127108,-91.07522826,29071.0,196.21610703396266,8.823529411764708,186,204,18,0,186,204,103670,0,0,0,0,0
2020-07-01,US,Missouri,Gasconade,11,0,0,38.43947277,-91.50847147,29073.0,74.79940160478716,0.0,11,11,0,0,11,11,14705,0,0,0,0,0
2020-07-01,US,Missouri,Gentry,57,9,0,40.21097916,-94.40944419,29075.0,867.4478770354589,15.789473684210524,48,57,9,0,48,57,6628,0,0,0,0,0
2020-07-01,US,Missouri,Greene,265,8,0,37.2575872,-93.34230916,29077.0,90.41714718546774,3.018867924528302,257,265,8,0,257,265,291923,0,0,0,0,0
2020-07-01,US,Missouri,Grundy,18,0,0,40.11406587,-93.56509276,29079.0,182.74111675126903,0.0,18,18,0,0,18,18,9914,0,0,0,0,0
2020-07-01,US,Missouri,Harrison,13,0,0,40.35570088,-93.99222144,29081.0,155.65134099616859,0.0,13,13,0,0,13,13,8414,0,0,0,0,0
2020-07-01,US,Missouri,Henry,19,3,0,38.38482826,-93.79293734,29083.0,87.0601173020528,15.789473684210524,16,19,3,0,16,19,21792,0,0,0,0,0
2020-07-01,US,Missouri,Holt,1,0,0,40.09799248,-95.2163888,29087.0,22.71178741766977,0.0,1,1,0,0,1,1,4404,0,0,0,0,0
2020-07-01,US,Missouri,Howard,5,0,0,39.1435761,-92.69756691,29089.0,49.99500049995,0.0,5,5,0,0,5,5,10137,0,0,0,0,0
2020-07-01,US,Missouri,Howell,36,0,0,36.77383887,-91.88683935,29091.0,89.73751776055039,0.0,36,36,0,0,36,36,40076,0,0,0,0,0
2020-07-01,US,Missouri,Iron,3,0,0,37.55487945,-90.7735296,29093.0,29.62962962962963,0.0,3,3,0,0,3,3,10177,0,0,0,0,0
2020-07-01,US,Missouri,Jackson,1126,24,0,39.01002188,-94.34724536,29095.0,160.16819082489462,2.131438721136768,1102,1126,24,0,1102,1126,700307,0,0,0,0,0
2020-07-01,US,Missouri,Jasper,447,3,0,37.20351921,-94.34050458,29097.0,368.422787814849,0.6711409395973155,444,447,3,0,444,447,120636,0,0,0,0,0
2020-07-01,US,Missouri,Jefferson,445,19,0,38.25926778,-90.53870896,29099.0,197.70660340055358,4.2696629213483135,426,445,19,0,426,445,224347,0,0,0,0,0
2020-07-01,US,Missouri,Johnson,112,0,0,38.74719601,-93.80691168,29101.0,207.16954607672676,0.0,112,112,0,0,112,112,53652,0,0,0,0,0
2020-07-01,US,Missouri,Kansas City,2242,31,0,39.0997,-94.5786,0.0,458.5401570326192,1.3826940231935771,2211,2242,31,0,2211,2242,491918,0,0,0,0,0
2020-07-01,US,Missouri,Knox,2,0,0,40.12699751,-92.14780832,29103.0,50.51780752715332,0.0,2,2,0,0,2,2,3947,0,0,0,0,0
2020-07-01,US,Missouri,Laclede,25,0,0,37.65896829,-92.5888493,29105.0,69.98292416650337,0.0,25,25,0,0,25,25,35713,0,0,0,0,0
2020-07-01,US,Missouri,Lafayette,87,2,0,39.06986886,-93.78076396,29107.0,265.9899718723248,2.2988505747126435,85,87,2,0,85,87,32598,0,0,0,0,0
2020-07-01,US,Missouri,Lawrence,30,0,0,37.10626634,-93.83293097,29109.0,78.21666014861167,0.0,30,30,0,0,30,30,38359,0,0,0,0,0
2020-07-01,US,Missouri,Lewis,7,1,0,40.09673161,-91.72070156,29111.0,71.6039279869067,14.285714285714285,6,7,1,0,6,7,9855,0,0,0,0,0
2020-07-01,US,Missouri,Lincoln,96,1,0,39.05345619,-90.95588181,29113.0,162.6760205378476,1.0416666666666667,95,96,1,0,95,96,57686,0,0,0,0,0
2020-07-01,US,Missouri,Linn,15,1,0,39.87001769,-93.10704106,29115.0,125.83892617449663,6.666666666666668,14,15,1,0,14,15,12037,0,0,0,0,0
2020-07-01,US,Missouri,Livingston,11,0,0,39.78110272,-93.54645978,29117.0,72.24009982268339,0.0,11,11,0,0,11,11,15146,0,0,0,0,0
2020-07-01,US,Missouri,Macon,7,0,0,39.83049768,-92.56453089,29121.0,46.30548389230668,0.0,7,7,0,0,7,7,15153,0,0,0,0,0
2020-07-01,US,Missouri,Madison,4,0,0,37.47865134,-90.3467143,29123.0,33.090668431502316,0.0,4,4,0,0,4,4,12188,0,0,0,0,0
2020-07-01,US,Missouri,Maries,4,0,0,38.16193985,-91.92249662,29125.0,45.992871104978725,0.0,4,4,0,0,4,4,8769,0,0,0,0,0
2020-07-01,US,Missouri,Marion,15,0,0,39.80601912,-91.62203062,29127.0,52.57623554153521,0.0,15,15,0,0,15,15,28592,0,0,0,0,0
2020-07-01,US,Missouri,McDonald,498,1,0,36.62869595,-94.34867205,29119.0,2180.6717169505628,0.2008032128514056,497,498,1,0,497,498,23078,0,0,0,0,0
2020-07-01,US,Missouri,Mercer,6,0,0,40.42212303,-93.5682959,29129.0,165.8833287254631,0.0,6,6,0,0,6,6,3641,0,0,0,0,0
2020-07-01,US,Missouri,Miller,12,0,0,38.21450288,-92.42610898,29131.0,46.840235762519995,0.0,12,12,0,0,12,12,25336,0,0,0,0,0
2020-07-01,US,Missouri,Mississippi,88,0,0,36.82516239,-89.29505753,29133.0,667.6783004552352,0.0,88,88,0,0,88,88,13336,0,0,0,0,0
2020-07-01,US,Missouri,Moniteau,49,1,0,38.63571781,-92.57976951,29135.0,303.74411108356065,2.0408163265306123,48,49,1,0,48,49,16121,0,0,0,0,0
2020-07-01,US,Missouri,Monroe,5,0,0,39.49593978,-92.00043978,29137.0,57.84359093012494,0.0,5,5,0,0,5,5,8664,0,0,0,0,0
2020-07-01,US,Missouri,Montgomery,16,0,0,38.94022054,-91.47000721,29139.0,138.51614578824345,0.0,16,16,0,0,16,16,11534,0,0,0,0,0
2020-07-01,US,Missouri,Morgan,13,0,0,38.4181765,-92.88791859,29141.0,63.024191593542454,0.0,13,13,0,0,13,13,20358,0,0,0,0,0
2020-07-01,US,Missouri,New Madrid,38,1,0,36.59666326,-89.66070007,29143.0,222.53455141719368,2.631578947368421,37,38,1,0,37,38,17296,0,0,0,0,0
2020-07-01,US,Missouri,Newton,348,2,0,36.90519407,-94.3394104,29145.0,597.5685143210385,0.5747126436781609,346,348,2,0,346,348,58266,0,0,0,0,0
2020-07-01,US,Missouri,Nodaway,17,0,0,40.36079813,-94.88133008,29147.0,76.95093246424045,0.0,17,17,0,0,17,17,22304,0,0,0,0,0
2020-07-01,US,Missouri,Oregon,7,0,0,36.68710164,-91.4033755,29149.0,66.48304682306012,0.0,7,7,0,0,7,7,10541,0,0,0,0,0
2020-07-01,US,Missouri,Osage,7,0,0,38.46036182,-91.8613635,29151.0,51.41388174807197,0.0,7,7,0,0,7,7,13714,0,0,0,0,0
2020-07-01,US,Missouri,Ozark,1,0,0,36.64916339,-92.44459066,29153.0,10.90037061260083,0.0,1,1,0,0,1,1,9017,0,0,0,0,0
2020-07-01,US,Missouri,Pemiscot,110,6,0,36.2130572,-89.78742322,29155.0,695.9822840873143,5.454545454545454,104,110,6,0,104,110,16272,0,0,0,0,0
2020-07-01,US,Missouri,Perry,123,0,0,37.70660776,-89.82741088,29157.0,642.7675585284281,0.0,123,123,0,0,123,123,19150,0,0,0,0,0
2020-07-01,US,Missouri,Pettis,116,1,0,38.72798918,-93.28471706,29159.0,273.9790736673044,0.8620689655172413,115,116,1,0,115,116,42542,0,0,0,0,0
2020-07-01,US,Missouri,Phelps,21,0,0,37.87736118,-91.79351727,29161.0,47.113723554618275,0.0,21,21,0,0,21,21,44732,0,0,0,0,0
2020-07-01,US,Missouri,Pike,36,1,0,39.34310674,-91.16980779,29163.0,196.69981422795325,2.7777777777777777,35,36,1,0,35,36,18504,0,0,0,0,0
2020-07-01,US,Missouri,Platte,114,6,0,39.38154439,-94.77068479,29165.0,109.1765787507901,5.2631578947368425,108,114,6,0,108,114,102985,0,0,0,0,0
2020-07-01,US,Missouri,Polk,13,0,0,37.6162296,-93.39828174,29167.0,40.43671653861706,0.0,13,13,0,0,13,13,32201,0,0,0,0,0
2020-07-01,US,Missouri,Pulaski,120,1,0,37.82462075,-92.20783203,29169.0,228.1065257475241,0.8333333333333334,119,120,1,0,119,120,52014,0,0,0,0,0
2020-07-01,US,Missouri,Putnam,2,0,0,40.47942497,-93.02042674,29171.0,42.58943781942078,0.0,2,2,0,0,2,2,4757,0,0,0,0,0
2020-07-01,US,Missouri,Ralls,9,0,0,39.52817427,-91.51838643,29173.0,87.30235716364342,0.0,9,9,0,0,9,9,10212,0,0,0,0,0
2020-07-01,US,Missouri,Randolph,12,0,0,39.44007257,-92.4971374,29175.0,48.48876676903184,0.0,12,12,0,0,12,12,24763,0,0,0,0,0
2020-07-01,US,Missouri,Ray,25,0,0,39.3537468,-93.98905745,29177.0,108.61065253280043,0.0,25,25,0,0,25,25,22883,0,0,0,0,0
2020-07-01,US,Missouri,Reynolds,2,0,0,37.36085952,-90.97009925,29179.0,31.897926634768737,0.0,2,2,0,0,2,2,6254,0,0,0,0,0
2020-07-01,US,Missouri,Ripley,17,0,0,36.65460667,-90.85990261,29181.0,127.9349789283564,0.0,17,17,0,0,17,17,13401,0,0,0,0,0
2020-07-01,US,Missouri,Saline,282,4,0,39.13734288,-93.20259964,29195.0,1238.9613813101355,1.4184397163120568,278,282,4,0,278,282,22895,0,0,0,0,0
2020-07-01,US,Missouri,Schuyler,5,0,0,40.46921489,-92.52311943,29197.0,107.2961373390558,0.0,5,5,0,0,5,5,4599,0,0,0,0,0
2020-07-01,US,Missouri,Scotland,11,1,0,40.45214695,-92.14709064,29199.0,224.3982048143615,9.090909090909092,10,11,1,0,10,11,4966,0,0,0,0,0
2020-07-01,US,Missouri,Scott,161,11,0,37.05588075,-89.56474493,29201.0,420.58516196447226,6.832298136645963,150,161,11,0,150,161,38458,0,0,0,0,0
2020-07-01,US,Missouri,Shannon,6,0,0,37.15772072,-91.40190382,29203.0,73.47538574577517,0.0,6,6,0,0,6,6,8189,0,0,0,0,0
2020-07-01,US,Missouri,Shelby,3,0,0,39.79742518,-92.07634971,29205.0,50.590219224283295,0.0,3,3,0,0,3,3,6050,0,0,0,0,0
2020-07-01,US,Missouri,St. Charles,1010,73,0,38.77875681,-90.66662425,29183.0,251.23003218729323,7.227722772277228,937,1010,73,0,937,1010,399182,0,0,0,0,0
2020-07-01,US,Missouri,St. Clair,2,0,0,38.03699437,-93.77631447,29185.0,21.283388315419813,0.0,2,2,0,0,2,2,9395,0,0,0,0,0
2020-07-01,US,Missouri,St. Francois,138,2,0,37.81214171,-90.47598685,29187.0,205.3113144387414,1.4492753623188406,136,138,2,0,136,138,66692,0,0,0,0,0
2020-07-01,US,Missouri,St. Louis,6616,581,0,38.63770039999999,-90.4458375,29189.0,665.4563193707535,8.781741233373639,6035,6582,568,0,6014,6446,996945,34,13,0,21,136
2020-07-01,US,Missouri,St. Louis City,2493,156,0,38.63555736,-90.24349225,29510.0,829.4075375279464,6.257521058965103,2337,2493,156,0,2337,2453,302838,0,0,0,0,40
2020-07-01,US,Missouri,Ste. Genevieve,17,1,0,37.89090059,-90.1949941,29186.0,95.00391192578518,5.882352941176472,16,17,1,0,16,17,17888,0,0,0,0,0
2020-07-01,US,Missouri,Stoddard,134,8,0,36.85571651,-89.9444155,29207.0,461.67097329888026,5.970149253731344,126,134,8,0,126,134,29206,0,0,0,0,0
2020-07-01,US,Missouri,Stone,12,0,0,36.75000327,-93.45256475,29209.0,37.55633450175264,0.0,12,12,0,0,12,12,31749,0,0,0,0,0
2020-07-01,US,Missouri,Sullivan,108,0,0,40.2099105,-93.11150106,29211.0,1773.690261126622,0.0,108,108,0,0,108,108,6221,0,0,0,0,0
2020-07-01,US,Missouri,Taney,48,2,0,36.65465345,-93.04075153,29213.0,85.82463166928909,4.166666666666667,46,48,2,0,46,48,55852,0,0,0,0,0
2020-07-01,US,Missouri,Texas,4,0,0,37.31728859,-91.96564727,29215.0,15.749271596188676,0.0,4,4,0,0,4,4,25571,0,0,0,0,0
2020-07-01,US,Missouri,Vernon,16,0,0,37.8457799,-94.34127305,29217.0,77.80965812381461,0.0,16,16,0,0,16,16,20528,0,0,0,0,0
2020-07-01,US,Missouri,Warren,40,0,0,38.76529479,-91.16124662,29219.0,112.20511094280344,0.0,40,40,0,0,40,40,34711,0,0,0,0,0
2020-07-01,US,Missouri,Washington,21,1,0,37.96130078,-90.87948158,29221.0,84.91710473109583,4.761904761904762,20,21,1,0,20,21,24943,0,0,0,0,0
2020-07-01,US,Missouri,Wayne,3,0,0,37.11303869,-90.46001416,29223.0,23.304591004427877,0.0,3,3,0,0,3,3,13122,0,0,0,0,0
2020-07-01,US,Missouri,Webster,27,1,0,37.2813734,-92.876329,29225.0,68.19559506971105,3.703703703703704,26,27,1,0,26,27,39109,0,0,0,0,0
2020-07-01,US,Missouri,Worth,4,0,0,40.47945588,-94.42328751,29227.0,198.7083954297069,0.0,4,4,0,0,4,4,2040,0,0,0,0,0
2020-07-01,US,Missouri,Wright,14,0,0,37.27029221,-92.46914488,29229.0,76.54874514735633,0.0,14,14,0,0,14,14,18378,0,0,0,0,0
2020-07-01,US,Montana,Beaverhead,1,0,0,45.13434354,-112.89846940000001,30001.0,10.578652279699568,0.0,1,1,0,0,1,1,9404,0,0,0,0,0
2020-07-01,US,Montana,Big Horn,77,3,0,45.42335905,-107.492347,30003.0,578.121480591636,3.8961038961038965,74,74,3,0,71,73,13338,3,0,0,3,1
2020-07-01,US,Montana,Broadwater,5,0,0,46.33277565,-111.49558130000001,30007.0,80.1667468334135,0.0,5,5,0,0,5,5,6085,0,0,0,0,0
2020-07-01,US,Montana,Carbon,23,0,0,45.22850116,-109.0274047,30009.0,214.45221445221446,0.0,23,20,0,0,20,19,10714,3,0,0,3,1
2020-07-01,US,Montana,Cascade,33,2,0,47.30797024,-111.3467922,30013.0,40.557481011724796,6.0606060606060606,31,29,2,0,27,28,81643,4,0,0,4,1
2020-07-01,US,Montana,Custer,29,0,0,46.25319932,-105.57375259999998,30017.0,254.34134362392564,0.0,29,27,0,0,27,27,11586,2,0,0,2,0
2020-07-01,US,Montana,Dawson,8,0,0,47.26584855,-104.89444170000002,30021.0,92.88285150354116,0.0,8,8,0,0,8,8,8680,0,0,0,0,0
2020-07-01,US,Montana,Deer Lodge,4,0,0,46.05953325,-113.073353,30023.0,43.7636761487965,0.0,4,4,0,0,4,3,9131,0,0,0,0,1
2020-07-01,US,Montana,Fergus,2,0,0,47.26331584,-109.2245206,30027.0,18.099547511312217,0.0,2,2,0,0,2,2,11113,0,0,0,0,0
2020-07-01,US,Montana,Flathead,58,2,0,48.29575866,-114.05205690000001,30029.0,55.8734562549371,3.4482758620689653,56,58,2,0,56,59,102106,0,0,0,0,-1
2020-07-01,US,Montana,Gallatin,271,1,0,45.54486106,-111.1692571,30031.0,236.8177289966269,0.3690036900369004,270,263,1,0,262,253,111876,8,0,0,8,10
2020-07-01,US,Montana,Glacier,18,0,0,48.70513576,-112.9934235,30035.0,130.88053515596596,0.0,18,18,0,0,18,18,13747,0,0,0,0,0
2020-07-01,US,Montana,Golden Valley,3,0,0,46.3816474,-109.17685220000001,30037.0,365.40803897685754,0.0,3,3,0,0,3,3,826,0,0,0,0,0
2020-07-01,US,Montana,Granite,4,0,0,46.40605220000001,-113.4414186,30039.0,118.37821840781295,0.0,4,3,0,0,3,3,3378,1,0,0,1,0
2020-07-01,US,Montana,Hill,1,0,0,48.62879827,-110.1129252,30041.0,6.066488716330987,0.0,1,1,0,0,1,1,16347,0,0,0,0,0
2020-07-01,US,Montana,Jefferson,3,0,0,46.14907081,-112.094396,30043.0,24.547909336388184,0.0,3,4,0,0,4,4,12097,-1,0,0,-1,0
2020-07-01,US,Montana,Lake,18,0,0,47.64514965,-114.0898013,30047.0,59.09777398384661,0.0,18,17,0,0,17,16,30250,1,0,0,1,1
2020-07-01,US,Montana,Lewis and Clark,28,0,0,47.12610041,-112.39469799999999,30049.0,40.32722663901371,0.0,28,26,0,0,26,25,68700,2,0,0,2,1
2020-07-01,US,Montana,Liberty,1,0,0,48.56084317,-111.02430700000001,30051.0,42.78990158322636,0.0,1,1,0,0,1,1,2430,0,0,0,0,0
2020-07-01,US,Montana,Lincoln,8,1,0,48.54265777,-115.4046155,30053.0,40.04004004004004,12.5,7,8,1,0,7,8,19794,0,0,0,0,0
2020-07-01,US,Montana,Madison,8,1,0,45.30080065,-111.9173017,30057.0,93.02325581395347,12.5,7,8,1,0,7,8,8768,0,0,0,0,0
2020-07-01,US,Montana,Meagher,2,0,0,46.59907074,-110.8898557,30059.0,107.41138560687432,0.0,2,2,0,0,2,1,1866,0,0,0,0,1
2020-07-01,US,Montana,Missoula,89,1,0,47.03728583,-113.92135079999998,30063.0,74.41471571906355,1.1235955056179776,88,86,1,0,85,66,118791,3,0,0,3,20
2020-07-01,US,Montana,Musselshell,1,0,0,46.49684637,-108.39498,30065.0,21.58428663932657,0.0,1,1,0,0,1,1,4651,0,0,0,0,0
2020-07-01,US,Montana,Park,11,0,0,45.48965095,-110.52643940000002,30067.0,66.24111766831264,0.0,11,11,0,0,11,9,16736,0,0,0,0,2
2020-07-01,US,Montana,Pondera,2,0,0,48.22773388,-112.22527029999999,30073.0,33.83522246658772,0.0,2,2,0,0,2,2,5972,0,0,0,0,0
2020-07-01,US,Montana,Ravalli,31,0,0,46.08520862,-114.11891640000002,30081.0,70.76656165822035,0.0,31,27,0,0,27,27,43172,4,0,0,4,0
2020-07-01,US,Montana,Richland,12,0,0,47.78668011,-104.5610786,30083.0,111.0802554845876,0.0,12,12,0,0,12,12,10913,0,0,0,0,0
2020-07-01,US,Montana,Roosevelt,7,0,0,48.29607488,-105.00792679999999,30085.0,63.613231552162844,0.0,7,7,0,0,7,7,11059,0,0,0,0,0
2020-07-01,US,Montana,Rosebud,10,1,0,46.23397237,-106.72928799999998,30087.0,111.89437171310284,10.0,9,9,1,0,8,9,9063,1,0,0,1,0
2020-07-01,US,Montana,Silver Bow,15,0,0,45.90018933,-112.6620092,30093.0,42.961477874838884,0.0,15,14,0,0,14,14,34993,1,0,0,1,0
2020-07-01,US,Montana,Stillwater,6,0,0,45.67071407,-109.3950061,30095.0,62.22775357809583,0.0,6,5,0,0,5,5,9534,1,0,0,1,0
2020-07-01,US,Montana,Toole,31,6,0,48.65577551,-111.69424140000001,30101.0,654.5608108108107,19.354838709677423,25,31,6,0,25,31,4853,0,0,0,0,0
2020-07-01,US,Montana,Treasure,2,0,0,46.20973220000001,-107.26665159999999,30103.0,287.3563218390805,0.0,2,2,0,0,2,2,679,0,0,0,0,0
2020-07-01,US,Montana,Valley,4,0,0,48.36435097,-106.6669635,30105.0,54.08328826392645,0.0,4,3,0,0,3,2,7437,1,0,0,1,1
2020-07-01,US,Montana,Wheatland,1,0,0,46.46652491,-109.84646359999999,30107.0,47.036688617121364,0.0,1,1,0,0,1,1,2236,0,0,0,0,0
2020-07-01,US,Montana,Yellowstone,189,4,0,45.93955949,-108.26914860000001,30111.0,117.17296962182269,2.1164021164021163,185,174,4,0,170,165,160137,15,0,0,15,9
2020-07-01,US,Nebraska,Adams,296,11,0,40.52449420000001,-98.50117804,31001.0,943.78726524886,3.716216216216216,285,294,11,0,283,292,31511,2,0,0,2,2
2020-07-01,US,Nebraska,Antelope,9,1,0,42.17695516,-98.06662829999999,31003.0,142.9025087329311,11.111111111111109,8,9,1,0,8,9,6336,0,0,0,0,0
2020-07-01,US,Nebraska,Banner,1,0,0,41.54634427,-103.7114332,31007.0,134.2281879194631,0.0,1,1,0,0,1,1,730,0,0,0,0,0
2020-07-01,US,Nebraska,Boone,7,0,0,41.70759415,-98.06737183,31011.0,134.82280431432974,0.0,7,7,0,0,7,7,5239,0,0,0,0,0
2020-07-01,US,Nebraska,Box Butte,3,0,0,42.22079243,-103.08788340000001,31013.0,27.821570991375317,0.0,3,3,0,0,3,3,10772,0,0,0,0,0
2020-07-01,US,Nebraska,Boyd,1,0,0,42.899727399999996,-98.76486568,31015.0,52.11047420531528,0.0,1,1,0,0,1,1,1955,0,0,0,0,0
2020-07-01,US,Nebraska,Buffalo,189,1,0,40.85486962,-99.07500296,31019.0,380.5956624176886,0.5291005291005291,188,184,1,0,183,184,49615,5,0,0,5,0
2020-07-01,US,Nebraska,Burt,14,0,0,41.85056773,-96.32605633,31021.0,216.75181916705367,0.0,14,14,0,0,14,13,6488,0,0,0,0,1
2020-07-01,US,Nebraska,Butler,51,0,0,41.22703692,-97.13106306,31023.0,636.2275449101796,0.0,51,51,0,0,51,51,8058,0,0,0,0,0
2020-07-01,US,Nebraska,Cass,67,1,0,40.90899107,-96.13971217,31025.0,255.25754343188046,1.492537313432836,66,66,1,0,65,66,26159,1,0,0,1,0
2020-07-01,US,Nebraska,Cedar,17,0,0,42.598885100000004,-97.25311951,31027.0,202.33277791002143,0.0,17,17,0,0,17,17,8446,0,0,0,0,0
2020-07-01,US,Nebraska,Chase,1,0,0,40.523719799999995,-101.69780259999999,31029.0,25.4841997961264,0.0,1,1,0,0,1,1,3977,0,0,0,0,0
2020-07-01,US,Nebraska,Cherry,1,0,0,42.54502621,-101.1244332,31031.0,17.577781683951486,0.0,1,1,0,0,1,1,5761,0,0,0,0,0
2020-07-01,US,Nebraska,Cheyenne,19,0,0,41.21999357,-102.9941693,31033.0,213.2435465768799,0.0,19,19,0,0,19,18,9310,0,0,0,0,1
2020-07-01,US,Nebraska,Clay,27,0,0,40.52439441,-98.05126296,31035.0,435.2732548766726,0.0,27,27,0,0,27,27,6214,0,0,0,0,0
2020-07-01,US,Nebraska,Colfax,670,4,0,41.57486951,-97.0868542,31037.0,6256.4198337846665,0.5970149253731343,666,668,4,0,664,667,10881,2,0,0,2,1
2020-07-01,US,Nebraska,Cuming,35,1,0,41.91637624,-96.78730772,31039.0,395.6590549400859,2.8571428571428568,34,35,0,0,35,36,8940,0,1,0,-1,-1
2020-07-01,US,Nebraska,Custer,40,4,0,41.39374521,-99.72805369,31041.0,371.16080541894775,10.0,36,40,4,0,36,40,10840,0,0,0,0,0
2020-07-01,US,Nebraska,Dakota,1763,31,0,42.39040144,-96.56656425,31043.0,8803.555378008588,1.7583664208735108,1732,1759,31,0,1728,1761,20083,4,0,0,4,-2
2020-07-01,US,Nebraska,Dawes,4,0,0,42.71985036,-103.1313774,31045.0,46.57119571545,0.0,4,3,0,0,3,2,8716,1,0,0,1,1
2020-07-01,US,Nebraska,Dawson,859,8,0,40.87028216,-99.82014609999999,31047.0,3640.6018224200043,0.9313154831199068,851,857,8,0,849,857,23709,2,0,0,2,0
2020-07-01,US,Nebraska,Dixon,48,2,0,42.49188363,-96.86782408,31051.0,851.6678495386798,4.166666666666667,46,48,2,0,46,47,5709,0,0,0,0,1
2020-07-01,US,Nebraska,Dodge,687,8,0,41.58071748,-96.65598179,31053.0,1878.8458908792559,1.1644832605531297,679,687,8,0,679,684,36791,0,0,0,0,3
2020-07-01,US,Nebraska,Douglas,7146,94,0,41.29518299,-96.15085305,31055.0,1250.7723247807296,1.315421214665547,7052,7084,93,0,6991,7019,566880,62,1,0,61,65
2020-07-01,US,Nebraska,Fillmore,14,1,0,40.52458567,-97.59646937,31059.0,256.31636763090444,7.142857142857142,13,14,1,0,13,14,5527,0,0,0,0,0
2020-07-01,US,Nebraska,Franklin,6,0,0,40.17636348,-98.95299073,31061.0,201.40986908358508,0.0,6,6,0,0,6,6,3023,0,0,0,0,0
2020-07-01,US,Nebraska,Frontier,1,0,0,40.52993007,-100.3924658,31063.0,38.06623524933384,0.0,1,1,0,0,1,1,2608,0,0,0,0,0
2020-07-01,US,Nebraska,Furnas,10,1,0,40.17642064,-99.91247454,31065.0,213.85799828913602,10.0,9,10,1,0,9,10,4715,0,0,0,0,0
2020-07-01,US,Nebraska,Gage,52,4,0,40.26186809,-96.68946704,31067.0,241.71431227629802,7.6923076923076925,48,52,4,0,48,49,21493,0,0,0,0,3
2020-07-01,US,Nebraska,Garden,4,0,0,41.61703149,-102.3313973,31069.0,217.74632553075668,0.0,4,4,0,0,4,4,1897,0,0,0,0,0
2020-07-01,US,Nebraska,Garfield,1,0,0,41.91428955,-98.99111827,31071.0,50.787201625190455,0.0,1,1,0,0,1,1,1987,0,0,0,0,0
2020-07-01,US,Nebraska,Gosper,13,0,0,40.51481965,-99.83020279,31073.0,653.2663316582915,0.0,13,13,0,0,13,13,1996,0,0,0,0,0
2020-07-01,US,Nebraska,Greeley,3,0,0,41.56742671,-98.52150266,31077.0,127.33446519524618,0.0,3,3,0,0,3,3,2356,0,0,0,0,0
2020-07-01,US,Nebraska,Hall,1593,47,0,40.87257079,-98.50218293,31079.0,2596.450051342233,2.9504080351537985,1546,1591,47,0,1544,1587,61607,2,0,0,2,4
2020-07-01,US,Nebraska,Hamilton,64,12,0,40.87349452,-98.02099117,31081.0,686.4006864006864,18.75,52,64,12,0,52,64,9280,0,0,0,0,0
2020-07-01,US,Nebraska,Harlan,1,0,0,40.17658508,-99.40438879,31083.0,29.58579881656805,0.0,1,1,0,0,1,1,3401,0,0,0,0,0
2020-07-01,US,Nebraska,Hitchcock,1,0,0,40.17609175,-101.04164770000001,31087.0,36.205648081100655,0.0,1,1,0,0,1,1,2806,0,0,0,0,0
2020-07-01,US,Nebraska,Holt,3,0,0,42.45522056,-98.78402558,31089.0,29.800337737161023,0.0,3,3,0,0,3,3,10178,0,0,0,0,0
2020-07-01,US,Nebraska,Hooker,1,0,0,41.91586243,-101.1354293,31091.0,146.6275659824047,0.0,1,,,,,,682,,,,,
2020-07-01,US,Nebraska,Howard,46,4,0,41.2200529,-98.5166499,31093.0,713.7315748642359,8.695652173913043,42,46,4,0,42,46,6468,0,0,0,0,0
2020-07-01,US,Nebraska,Jefferson,10,0,0,40.17584531,-97.142601,31095.0,141.92449616803862,0.0,10,9,0,0,9,9,7097,1,0,0,1,0
2020-07-01,US,Nebraska,Johnson,7,0,0,40.39257596,-96.26522753,31097.0,138.03983435219877,0.0,7,7,0,0,7,6,5134,0,0,0,0,1
2020-07-01,US,Nebraska,Kearney,14,0,0,40.50663314,-98.94877182,31099.0,215.5504234026174,0.0,14,13,0,0,13,13,6544,1,0,0,1,0
2020-07-01,US,Nebraska,Keith,4,0,0,41.19930341,-101.66201640000001,31101.0,49.78839930296241,0.0,4,4,0,0,4,4,8021,0,0,0,0,0
2020-07-01,US,Nebraska,Kimball,10,0,0,41.19774275,-103.7148131,31105.0,275.3303964757709,0.0,10,10,0,0,10,9,3618,0,0,0,0,1
2020-07-01,US,Nebraska,Knox,21,0,0,42.63758421,-97.89178836,31107.0,252.0403264522324,0.0,21,21,0,0,21,21,8419,0,0,0,0,0
2020-07-01,US,Nebraska,Lancaster,1746,12,0,40.78416049,-96.68777155,31109.0,547.1810460998463,0.6872852233676976,1734,1723,12,0,1711,1708,317272,23,0,0,23,15
2020-07-01,US,Nebraska,Lincoln,59,2,0,41.04658298,-100.74753740000001,31111.0,168.98665291860002,3.3898305084745757,57,57,2,0,55,57,35185,2,0,0,2,0
2020-07-01,US,Nebraska,Madison,365,4,0,41.91676024,-97.6005481,31119.0,1039.9156671130231,1.095890410958904,361,362,4,0,358,361,35392,3,0,0,3,1
2020-07-01,US,Nebraska,Merrick,38,0,0,41.16624273,-98.0374887,31121.0,490.006447453256,0.0,38,38,0,0,38,38,7733,0,0,0,0,0
2020-07-01,US,Nebraska,Morrill,38,0,0,41.71711774,-103.0061405,31123.0,818.6126669538992,0.0,38,37,0,0,37,31,4686,1,0,0,1,6
2020-07-01,US,Nebraska,Nance,4,0,0,41.39750195,-97.99327291,31125.0,113.66865586814436,0.0,4,4,0,0,4,4,3532,0,0,0,0,0
2020-07-01,US,Nebraska,Nemaha,5,0,0,40.38514847,-95.85433992,31127.0,71.7154331612163,0.0,5,5,0,0,5,5,6958,0,0,0,0,0
2020-07-01,US,Nebraska,Nuckolls,1,0,0,40.17637905,-98.04743961,31129.0,24.10800385728061,0.0,1,1,0,0,1,1,4195,0,0,0,0,0
2020-07-01,US,Nebraska,Otoe,22,0,0,40.64843556,-96.13374142,31131.0,137.39695228578566,0.0,22,22,0,0,22,20,15985,0,0,0,0,2
2020-07-01,US,Nebraska,Phelps,26,0,0,40.51156033,-99.41461667,31137.0,287.8016382554793,0.0,26,26,0,0,26,25,8996,0,0,0,0,1
2020-07-01,US,Nebraska,Pierce,8,0,0,42.26434853,-97.60122773,31139.0,111.9194180190263,0.0,8,8,0,0,8,8,7142,0,0,0,0,0
2020-07-01,US,Nebraska,Platte,664,3,0,41.57246836,-97.52144359,31141.0,1983.8661487899606,0.4518072289156626,661,664,3,0,661,663,33363,0,0,0,0,1
2020-07-01,US,Nebraska,Polk,12,0,0,41.18813488,-97.56630712,31143.0,230.19374640322275,0.0,12,12,0,0,12,12,5278,0,0,0,0,0
2020-07-01,US,Nebraska,Red Willow,6,0,0,40.17556879999999,-100.476998,31145.0,55.949272659455424,0.0,6,6,0,0,6,6,10726,0,0,0,0,0
2020-07-01,US,Nebraska,Richardson,5,1,0,40.1247415,-95.71755036,31147.0,63.57279084551812,20.0,4,5,1,0,4,5,7937,0,0,0,0,0
2020-07-01,US,Nebraska,Rock,1,0,0,42.42252217,-99.44832069,31149.0,73.69196757553426,0.0,1,1,0,0,1,1,1360,0,0,0,0,0
2020-07-01,US,Nebraska,Saline,535,2,0,40.52418865,-97.14085859,31151.0,3761.24859392576,0.37383177570093457,533,533,2,0,531,534,14350,2,0,0,2,-1
2020-07-01,US,Nebraska,Sarpy,1178,8,0,41.11314181,-96.11156432,31153.0,629.286950575867,0.6791171477079796,1170,1167,8,0,1159,1145,184459,11,0,0,11,22
2020-07-01,US,Nebraska,Saunders,78,2,0,41.227810299999994,-96.63773905,31155.0,361.4792844563908,2.5641025641025643,76,77,2,0,75,74,21303,1,0,0,1,3
2020-07-01,US,Nebraska,Scotts Bluff,216,3,0,41.85070896,-103.70809859999999,31157.0,606.4349486214835,1.3888888888888888,213,215,3,0,212,213,35989,1,0,0,1,2
2020-07-01,US,Nebraska,Seward,36,1,0,40.87241834,-97.139673,31159.0,208.28511918537376,2.7777777777777777,35,34,1,0,33,33,17318,2,0,0,2,1
2020-07-01,US,Nebraska,Sheridan,4,0,0,42.50284406,-102.4126613,31161.0,76.24857033930614,0.0,4,4,0,0,4,4,5190,0,0,0,0,0
2020-07-01,US,Nebraska,Sherman,5,0,0,41.22045983,-98.97588642,31163.0,166.61112962345885,0.0,5,5,0,0,5,5,3038,0,0,0,0,0
2020-07-01,US,Nebraska,Sioux,6,0,0,42.48932059,-103.7576544,31165.0,514.5797598627787,0.0,6,6,0,0,6,6,1187,0,0,0,0,0
2020-07-01,US,Nebraska,Stanton,21,0,0,41.9169835,-97.19394708,31167.0,354.72972972972974,0.0,21,21,0,0,21,21,5970,0,0,0,0,0
2020-07-01,US,Nebraska,Thayer,1,0,0,40.17626377,-97.59504381,31169.0,19.98800719568259,0.0,1,1,0,0,1,1,5039,0,0,0,0,0
2020-07-01,US,Nebraska,Thomas,1,0,0,41.91358968,-100.5556632,31171.0,138.50415512465375,0.0,1,1,0,0,1,1,720,0,0,0,0,0
2020-07-01,US,Nebraska,Thurston,84,1,0,42.15725356,-96.54157099,31173.0,1162.7906976744189,1.1904761904761905,83,85,1,0,84,85,7303,-1,0,0,-1,0
2020-07-01,US,Nebraska,Unassigned,176,1,0,0.0,0.0,90031.0,0.0,0.5681818181818182,175,174,1,0,173,175,,2,0,0,2,-1
2020-07-01,US,Nebraska,Valley,8,0,0,41.56730777,-98.98197724,31175.0,192.40019240019242,0.0,8,8,0,0,8,8,4190,0,0,0,0,0
2020-07-01,US,Nebraska,Washington,51,1,0,41.52815707,-96.22019892,31177.0,246.03212890153893,1.96078431372549,50,50,1,0,49,48,20667,1,0,0,1,2
2020-07-01,US,Nebraska,Wayne,28,0,0,42.20934475,-97.11926964,31179.0,298.3484283431007,0.0,28,28,0,0,28,28,9403,0,0,0,0,0
2020-07-01,US,Nebraska,Webster,6,0,0,40.17642643,-98.50019851,31181.0,172.0676799541153,0.0,6,6,0,0,6,6,3533,0,0,0,0,0
2020-07-01,US,Nebraska,York,42,0,0,40.87272618,-97.59710186,31185.0,307.0399883032385,0.0,42,41,0,0,41,41,13772,1,0,0,1,0
2020-07-01,US,Nevada,Carson City,155,5,0,39.15509045,-119.7480219,32510.0,277.2015165605551,3.2258064516129035,150,151,5,0,146,151,55414,4,0,0,4,0
2020-07-01,US,Nevada,Churchill,12,1,0,39.58105744,-118.3394607,32001.0,48.17535830422739,8.333333333333334,11,11,1,0,10,11,24440,1,0,0,1,0
2020-07-01,US,Nevada,Clark,15604,420,0,36.21458855,-115.0130241,32003.0,688.3970856503795,2.6916175339656494,15184,15095,416,0,14679,14607,2231647,509,4,0,505,488
2020-07-01,US,Nevada,Douglas,69,0,0,38.912862,-119.61713329999999,32005.0,141.08986811164502,0.0,69,65,0,0,65,64,48467,4,0,0,4,1
2020-07-01,US,Nevada,Elko,125,1,0,41.14531606,-115.3577619,32007.0,236.84110803743985,0.8,124,121,1,0,120,111,52460,4,0,0,4,10
2020-07-01,US,Nevada,Eureka,1,0,0,39.98100864,-116.26832040000001,32011.0,49.28536224741252,0.0,1,1,0,0,1,1,2003,0,0,0,0,0
2020-07-01,US,Nevada,Humboldt,83,4,0,41.40692186,-118.11094270000001,32013.0,493.1376626463074,4.819277108433735,79,83,4,0,79,83,16786,0,0,0,0,0
2020-07-01,US,Nevada,Lander,35,0,0,39.933223299999995,-117.03970749999999,32015.0,632.6825741142444,0.0,35,35,0,0,35,35,5575,0,0,0,0,0
2020-07-01,US,Nevada,Lincoln,2,0,0,37.64268459,-114.8790388,32017.0,38.58769052672198,0.0,2,2,0,0,2,2,5201,0,0,0,0,0
2020-07-01,US,Nevada,Lyon,120,2,0,39.01777974,-119.18704790000001,32019.0,208.65936358894103,1.6666666666666667,118,115,2,0,113,112,55808,5,0,0,5,3
2020-07-01,US,Nevada,Mineral,5,0,0,38.53841696,-118.4344506,32021.0,110.98779134295229,0.0,5,5,0,0,5,5,4514,0,0,0,0,0
2020-07-01,US,Nevada,Nye,112,3,0,38.04264256,-116.47227020000001,32023.0,240.74113879156548,2.6785714285714284,109,104,3,0,101,100,45346,8,0,0,8,4
2020-07-01,US,Nevada,Pershing,6,0,0,40.44003782,-118.40056409999998,32027.0,89.21933085501858,0.0,6,6,0,0,6,6,6666,0,0,0,0,0
2020-07-01,US,Nevada,Storey,2,0,0,39.44875482,-119.5250207,32029.0,48.50836769342711,0.0,2,2,0,0,2,2,4029,0,0,0,0,0
2020-07-01,US,Nevada,Washoe,2766,75,0,40.66562265,-119.6631594,32031.0,586.6147493526241,2.7114967462039044,2691,2656,75,0,2581,2600,465735,110,0,0,110,56
2020-07-01,US,Nevada,White Pine,4,0,0,39.44157041,-114.89996599999999,32033.0,41.7536534446764,0.0,4,4,0,0,4,4,9475,0,0,0,0,0
2020-07-01,US,New Hampshire,Belknap,81,1,0,43.51637314,-71.41684235,33001.0,132.13056457269627,1.2345679012345678,80,81,1,0,80,81,61022,0,0,0,0,0
2020-07-01,US,New Hampshire,Carroll,54,0,0,43.87498583,-71.20430216,33003.0,110.40686976078513,0.0,54,54,0,0,54,54,48779,0,0,0,0,0
2020-07-01,US,New Hampshire,Cheshire,72,2,0,42.92015988,-72.25311043,33005.0,94.6310047972662,2.7777777777777777,70,71,2,0,69,69,76493,1,0,0,1,2
2020-07-01,US,New Hampshire,Coos,7,0,0,44.69063265,-71.30633239,33007.0,22.177866489243737,0.0,7,7,0,0,7,6,31589,0,0,0,0,1
2020-07-01,US,New Hampshire,Grafton,86,1,0,43.93779815,-71.82057197,33009.0,95.67674610061634,1.162790697674419,85,85,1,0,84,84,89786,1,0,0,1,1
2020-07-01,US,New Hampshire,Hillsborough,3288,248,0,42.91537785,-71.7200253,33011.0,788.4419399316588,7.542579075425791,3040,3275,246,0,3029,3263,415247,13,2,0,11,12
2020-07-01,US,New Hampshire,Merrimack,412,18,0,43.29662971,-71.6811573,33013.0,272.14299396925844,4.368932038834951,394,410,18,0,392,409,151132,2,0,0,2,1
2020-07-01,US,New Hampshire,Rockingham,1476,89,0,42.98499744,-71.12883377,33015.0,476.4840897572062,6.029810298102981,1387,1474,89,0,1385,1470,309176,2,0,0,2,4
2020-07-01,US,New Hampshire,Strafford,292,13,0,43.291833000000004,-71.02336013,33017.0,223.52698016580803,4.452054794520548,279,292,13,0,279,292,130090,0,0,0,0,0
2020-07-01,US,New Hampshire,Sullivan,33,1,0,43.36094111,-72.22203125,33019.0,76.48449450702267,3.0303030303030303,32,32,1,0,31,31,43144,1,0,0,1,1
2020-07-01,US,New Hampshire,Unassigned,1,0,0,0.0,0.0,90033.0,0.0,0.0,1,1,0,0,1,1,,0,0,0,0,0
2020-07-01,US,New Jersey,Atlantic,2878,216,0,39.47538693,-74.65848483,34001.0,1091.515910039064,7.505211952744963,2662,2863,216,0,2647,2845,265429,15,0,0,15,18
2020-07-01,US,New Jersey,Bergen,19445,1996,0,40.96010917,-74.07164325,34003.0,2085.9212917371988,10.264849575726407,17449,19423,1989,0,17434,19375,936692,22,7,0,15,48
2020-07-01,US,New Jersey,Burlington,5189,428,0,39.87681124,-74.66927768,34005.0,1165.153621092671,8.24821738292542,4761,5168,424,0,4744,5142,445384,21,4,0,17,26
2020-07-01,US,New Jersey,Camden,7368,493,0,39.80343818,-74.96388753,34007.0,1454.7723364220265,6.691096634093378,6875,7317,489,0,6828,7297,507078,51,4,0,47,20
2020-07-01,US,New Jersey,Cape May,712,73,0,39.15008829,-74.80170244,34009.0,773.5851106596118,10.252808988764043,639,740,73,0,667,712,92560,-28,0,0,-28,28
2020-07-01,US,New Jersey,Cumberland,2980,145,0,39.37199394,-75.10712559,34011.0,1992.9511058203534,4.865771812080537,2835,2963,143,0,2820,2946,150972,17,2,0,15,17
2020-07-01,US,New Jersey,Essex,18771,2024,0,40.78681335,-74.24657979,34013.0,2349.3851497230826,10.782590165681105,16747,18758,2021,0,16737,18731,799767,13,3,0,10,27
2020-07-01,US,New Jersey,Gloucester,2596,182,0,39.71581067,-75.13995546,34015.0,890.1507358487978,7.010785824345146,2414,2578,182,0,2396,2563,291408,18,0,0,18,15
2020-07-01,US,New Jersey,Hudson,18842,1457,0,40.73766234,-74.07515667,34017.0,2802.2385784461717,7.732724763825496,17385,18841,1451,0,17390,18838,676061,1,6,0,-5,3
2020-07-01,US,New Jersey,Hunterdon,1081,124,0,40.56335249,-74.91284156,34019.0,869.1736819676613,11.47086031452359,957,1080,124,0,956,1076,124714,1,0,0,1,4
2020-07-01,US,New Jersey,Mercer,7676,579,0,40.28047017,-74.70479631,34021.0,2089.1054078327843,7.542991141219384,7097,7659,577,0,7082,7634,369811,17,2,0,15,25
2020-07-01,US,New Jersey,Middlesex,16825,1324,0,40.43629879,-74.41426991,34023.0,2039.2406873665248,7.869242199108468,15501,16816,1322,0,15494,16764,829685,9,2,0,7,52
2020-07-01,US,New Jersey,Monmouth,9163,808,0,40.26549699,-74.22240686,34025.0,1480.7811957110189,8.818072683618903,8355,9140,807,0,8333,9110,621354,23,1,0,22,30
2020-07-01,US,New Jersey,Morris,6757,799,0,40.86095313,-74.54553709999998,34027.0,1373.80678872409,11.824774308124907,5958,6738,798,0,5940,6735,494228,19,1,0,18,3
2020-07-01,US,New Jersey,Ocean,9627,959,0,39.8895449,-74.28089251,34029.0,1585.5108648750133,9.961566427755274,8668,9614,955,0,8659,9575,601651,13,4,0,9,39
2020-07-01,US,New Jersey,Passaic,16894,1187,0,41.03238628,-74.29954144,34031.0,3366.505521834261,7.026163134840772,15707,16879,1186,0,15693,16876,503310,15,1,0,14,3
2020-07-01,US,New Jersey,Salem,778,75,0,39.58719656,-75.34696629999998,34033.0,1247.094654163661,9.640102827763497,703,768,75,0,693,762,62607,10,0,0,10,6
2020-07-01,US,New Jersey,Somerset,4881,528,0,40.56465737,-74.61683016,34035.0,1483.8843050581575,10.817455439459126,4353,4869,528,0,4341,4858,331164,12,0,0,12,11
2020-07-01,US,New Jersey,Sussex,1197,193,0,41.13891592,-74.69118243,34037.0,852.0300666249075,16.12364243943191,1004,1192,191,0,1001,1190,140799,5,2,0,3,2
2020-07-01,US,New Jersey,Unassigned,643,0,0,0.0,0.0,90034.0,0.0,0.0,643,642,0,0,642,636,,1,0,0,1,6
2020-07-01,US,New Jersey,Union,16384,1329,0,40.65835409,-74.30680092,34039.0,2944.956420612538,8.111572265625,15055,16386,1326,0,15060,16377,558067,-2,3,0,-5,9
2020-07-01,US,New Jersey,Warren,1241,159,0,40.85951833,-74.99556527,34041.0,1178.9069698955986,12.812248186946011,1082,1233,158,0,1075,1230,105779,8,1,0,7,3
2020-07-01,US,New Mexico,Bernalillo,2178,86,0,35.05163625,-106.6703554,35001.0,320.70868078000825,3.948576675849403,2092,2143,85,0,2058,2109,678701,35,1,0,34,34
2020-07-01,US,New Mexico,Catron,2,1,0,33.91514144,-108.4046587,35003.0,56.70541536716757,50.0,1,2,1,0,1,2,3578,0,0,0,0,0
2020-07-01,US,New Mexico,Chaves,95,2,0,33.36406072,-104.4665365,35005.0,147.0246846707421,2.1052631578947367,93,94,2,0,92,89,64689,1,0,0,1,5
2020-07-01,US,New Mexico,Cibola,212,14,0,34.91131525,-107.998876,35006.0,794.7516401124649,6.60377358490566,198,212,14,0,198,211,26746,0,0,0,0,1
2020-07-01,US,New Mexico,Colfax,9,1,0,36.60569702,-104.64726740000002,35007.0,75.37057197889624,11.111111111111109,8,9,1,0,8,9,12110,0,0,0,0,0
2020-07-01,US,New Mexico,Curry,165,0,0,34.57421077,-103.34688759999999,35009.0,337.05110920455934,0.0,165,163,0,0,163,153,49437,2,0,0,2,10
2020-07-01,US,New Mexico,Dona Ana,957,9,0,32.35275771,-106.83293870000001,35013.0,438.598501340544,0.9404388714733544,948,949,9,0,940,929,217522,8,0,0,8,20
2020-07-01,US,New Mexico,Eddy,82,1,0,32.47167456,-104.3053527,35015.0,140.26684912760862,1.2195121951219512,81,80,1,0,79,78,57900,2,0,0,2,2
2020-07-01,US,New Mexico,Grant,19,0,0,32.73911281,-108.3827845,35017.0,70.37558337654642,0.0,19,18,0,0,18,18,27346,1,0,0,1,0
2020-07-01,US,New Mexico,Guadalupe,20,0,0,34.86319296,-104.790669,35019.0,465.11627906976736,0.0,20,20,0,0,20,20,4341,0,0,0,0,0
2020-07-01,US,New Mexico,Harding,1,0,0,35.85751555,-103.82209379999999,35021.0,160.0,0.0,1,1,0,0,1,1,655,0,0,0,0,0
2020-07-01,US,New Mexico,Hidalgo,49,0,0,31.91383467,-108.7151824,35023.0,1167.2224868985234,0.0,49,49,0,0,49,49,4240,0,0,0,0,0
2020-07-01,US,New Mexico,Lea,134,0,0,32.79215361,-103.4123733,35025.0,188.54650344730544,0.0,134,132,0,0,132,113,69611,2,0,0,2,19
2020-07-01,US,New Mexico,Lincoln,11,0,0,33.74526079,-105.4586166,35027.0,56.202738606172076,0.0,11,11,0,0,11,11,19556,0,0,0,0,0
2020-07-01,US,New Mexico,Los Alamos,8,0,0,35.86631386,-106.31349850000001,35028.0,41.30311322215912,0.0,8,8,0,0,8,8,19101,0,0,0,0,0
2020-07-01,US,New Mexico,Luna,80,3,0,32.18179341,-107.75088259999998,35029.0,337.42460668944284,3.75,77,79,3,0,76,77,23963,1,0,0,1,2
2020-07-01,US,New Mexico,McKinley,3395,170,0,35.58007720000001,-108.262245,35031.0,4757.100620735074,5.007363770250368,3225,3375,168,0,3207,3347,72290,20,2,0,18,28
2020-07-01,US,New Mexico,Otero,43,6,0,32.61348406,-105.7417604,35035.0,63.71314268780561,13.953488372093025,37,42,6,0,36,41,66781,1,0,0,1,1
2020-07-01,US,New Mexico,Quay,6,1,0,35.10403332,-103.54817270000001,35037.0,72.70083605961469,16.666666666666668,5,6,1,0,5,6,8253,0,0,0,0,0
2020-07-01,US,New Mexico,Rio Arriba,101,1,0,36.51072137,-106.69316740000001,35039.0,259.5000128465353,0.99009900990099,100,98,1,0,97,96,39006,3,0,0,3,2
2020-07-01,US,New Mexico,Roosevelt,59,1,0,34.02097406,-103.4799493,35041.0,318.91891891891885,1.6949152542372878,58,59,1,0,58,57,18743,0,0,0,0,2
2020-07-01,US,New Mexico,San Juan,2460,163,0,36.50838318,-108.32043700000001,35045.0,1984.543151712677,6.6260162601626025,2297,2422,163,0,2259,2405,125043,38,0,0,38,17
2020-07-01,US,New Mexico,San Miguel,21,0,0,35.48014807,-104.8163562,35047.0,76.98793855629283,0.0,21,21,0,0,21,21,27591,0,0,0,0,0
2020-07-01,US,New Mexico,Sandoval,731,29,0,35.68862401,-106.86878030000001,35043.0,498.13285359936765,3.967168262653898,702,728,29,0,699,720,145179,3,0,0,3,8
2020-07-01,US,New Mexico,Santa Fe,240,3,0,35.50708973,-105.9774716,35049.0,159.61904255177643,1.25,237,237,3,0,234,234,150056,3,0,0,3,3
2020-07-01,US,New Mexico,Sierra,12,0,0,33.13028233,-107.1925893,35051.0,111.20378092855157,0.0,12,11,0,0,11,12,10968,1,0,0,1,-1
2020-07-01,US,New Mexico,Socorro,60,5,0,34.00715494,-106.9298354,35053.0,360.6419426579311,8.333333333333334,55,60,5,0,55,60,16735,0,0,0,0,0
2020-07-01,US,New Mexico,Taos,43,1,0,36.58006022,-105.63101979999999,35055.0,131.40604467805522,2.3255813953488373,42,42,1,0,41,40,32835,1,0,0,1,2
2020-07-01,US,New Mexico,Torrance,43,1,0,34.64048375,-105.8508949,35057.0,278.1191384774594,2.3255813953488373,42,43,1,0,42,43,15591,0,0,0,0,0
2020-07-01,US,New Mexico,Unassigned,908,0,0,0.0,0.0,90035.0,0.0,0.0,908,905,0,0,905,900,,3,0,0,3,5
2020-07-01,US,New Mexico,Union,8,0,0,36.48126404,-103.4709624,35059.0,197.09288001970933,0.0,8,7,0,0,7,7,4118,1,0,0,1,0
2020-07-01,US,New Mexico,Valencia,124,2,0,34.71669834,-106.8103733,35061.0,161.69413728353848,1.6129032258064515,122,121,2,0,119,116,76456,3,0,0,3,5
2020-07-01,US,New York,Albany,2112,121,0,42.60060306,-73.97723916,36001.0,691.31211825627,5.729166666666668,1991,2102,121,0,1981,2099,307117,10,0,0,10,3
2020-07-01,US,New York,Allegany,61,0,0,42.25748406,-78.02750466,36003.0,132.34687900023866,0.0,61,59,0,0,59,59,46430,2,0,0,2,0
2020-07-01,US,New York,Broome,722,58,0,42.15903158,-75.81326086,36007.0,379.02650035697786,8.033240997229917,664,716,58,0,658,710,191659,6,0,0,6,6
2020-07-01,US,New York,Cattaraugus,123,6,0,42.24778241,-78.67923096,36009.0,161.59333657395848,4.878048780487805,117,123,6,0,117,123,76840,0,0,0,0,0
2020-07-01,US,New York,Cayuga,119,2,0,42.91261714,-76.55731592,36011.0,155.40117007939824,1.680672268907563,117,115,2,0,113,114,77145,4,0,0,4,1
2020-07-01,US,New York,Chautauqua,127,7,0,42.22769210000001,-79.36691763,36013.0,100.07643633326241,5.511811023622046,120,127,7,0,120,123,127939,0,0,0,0,4
2020-07-01,US,New York,Chemung,144,2,0,42.13891056,-76.7638805,36015.0,172.54601226993861,1.3888888888888888,142,141,2,0,139,140,84254,3,0,0,3,1
2020-07-01,US,New York,Chenango,146,5,0,42.49430041,-75.60887553,36017.0,309.2761666701972,3.4246575342465757,141,146,5,0,141,78,47536,0,0,0,0,68
2020-07-01,US,New York,Clinton,101,4,0,44.74530905,-73.67875352,36019.0,125.48922159408585,3.96039603960396,97,101,4,0,97,219,80695,0,0,0,0,-118
2020-07-01,US,New York,Columbia,466,37,0,42.24819348,-73.63089095,36021.0,783.7069675922032,7.939914163090129,429,464,37,0,427,463,59916,2,0,0,2,1
2020-07-01,US,New York,Cortland,47,0,0,42.59509207,-76.07048931,36023.0,98.77892436056408,0.0,47,47,0,0,47,49,47823,0,0,0,0,-2
2020-07-01,US,New York,Delaware,91,4,0,42.19837623,-74.96709306,36025.0,206.18556701030928,4.395604395604397,87,91,4,0,87,91,44527,0,0,0,0,0
2020-07-01,US,New York,Dutchess,4213,151,0,41.76486060000001,-73.74356679,36027.0,1431.9314249977908,3.584144315214812,4062,4207,151,0,4056,4201,293718,6,0,0,6,6
2020-07-01,US,New York,Erie,7337,634,0,42.76249024,-78.73063652,36029.0,798.6267581870944,8.641133978465312,6703,7292,634,0,6658,7249,919719,45,0,0,45,43
2020-07-01,US,New York,Essex,42,0,0,44.11630765,-73.77297842,36031.0,113.86742578283855,0.0,42,42,0,0,42,59,37300,0,0,0,0,-17
2020-07-01,US,New York,Franklin,31,0,0,44.59040891,-74.29926032,36033.0,61.972731997920924,0.0,31,30,0,0,30,30,50293,1,0,0,1,0
2020-07-01,US,New York,Fulton,257,24,0,43.11363907,-74.41798804,36035.0,481.4266714122474,9.33852140077821,233,256,24,0,232,256,53591,1,0,0,1,0
2020-07-01,US,New York,Genesee,238,5,0,43.0022601,-78.19135193,36037.0,415.5027932960894,2.100840336134454,233,238,5,0,233,238,57511,0,0,0,0,0
2020-07-01,US,New York,Greene,260,18,0,42.275797,-74.12384884,36039.0,550.9875392048826,6.9230769230769225,242,260,18,0,242,319,47491,0,0,0,0,-59
2020-07-01,US,New York,Hamilton,6,0,0,43.66146647,-74.49721957,36041.0,135.8695652173913,0.0,6,6,0,0,6,6,4434,0,0,0,0,0
2020-07-01,US,New York,Herkimer,162,3,0,43.42034246,-74.96145307,36043.0,264.19217534532527,1.851851851851852,159,159,3,0,156,159,61833,3,0,0,3,0
2020-07-01,US,New York,Jefferson,88,0,0,44.04200959,-75.94653457,36045.0,80.12090973651145,0.0,88,86,0,0,86,91,111755,2,0,0,2,-5
2020-07-01,US,New York,Lewis,30,0,0,43.784415700000004,-75.44903992,36049.0,114.08579251597202,0.0,30,30,0,0,30,37,26447,0,0,0,0,-7
2020-07-01,US,New York,Livingston,130,8,0,42.72596275,-77.77966158,36051.0,206.63127443812192,6.153846153846153,122,129,8,0,121,128,63227,1,0,0,1,1
2020-07-01,US,New York,Madison,357,17,0,42.91653905,-75.67266639,36053.0,503.23508267433505,4.761904761904762,340,357,17,0,340,375,70795,0,0,0,0,-18
2020-07-01,US,New York,Monroe,3780,266,0,43.14638895,-77.69322942,36055.0,509.5919220243471,7.037037037037037,3514,3742,266,0,3476,3709,742474,38,0,0,38,33
2020-07-01,US,New York,Montgomery,118,4,0,42.90123494,-74.44011632,36057.0,239.73507242843502,3.3898305084745757,114,118,4,0,114,118,49455,0,0,0,0,0
2020-07-01,US,New York,Nassau,41853,2183,0,40.74066522,-73.58941873,36059.0,3084.4026636716576,5.215874608749672,39670,41807,2182,0,39625,41780,1358343,46,1,0,45,27
2020-07-01,US,New York,New York City,215475,23104,0,40.76727260000001,-73.97152637,36061.0,2584.619525653496,10.722357582086087,192371,215179,23096,0,192083,214939,1628701,296,8,0,288,240
2020-07-01,US,New York,Niagara,1237,88,0,43.19898042,-78.74777412,36063.0,591.0713347126591,7.113985448666128,1149,1234,88,0,1146,1228,210433,3,0,0,3,6
2020-07-01,US,New York,Oneida,1642,90,0,43.24375382,-75.43710392,36065.0,718.0621941566703,5.481120584652864,1552,1627,90,0,1537,1616,229577,15,0,0,15,11
2020-07-01,US,New York,Onondaga,2863,184,0,43.00491923,-76.19971155,36067.0,621.6777264357434,6.4268250087321,2679,2842,184,0,2658,2822,461809,21,0,0,21,20
2020-07-01,US,New York,Ontario,265,9,0,42.85145728,-77.30874425,36069.0,241.39847144666004,3.39622641509434,256,259,9,0,250,257,109864,6,0,0,6,2
2020-07-01,US,New York,Orange,10730,478,0,41.40337468,-74.30240757,36071.0,2787.447394399127,4.454799627213419,10252,10723,478,0,10245,10744,381951,7,0,0,7,-21
2020-07-01,US,New York,Orleans,281,51,0,43.2516977,-78.2320066,36073.0,696.3719270420302,18.14946619217082,230,281,51,0,230,281,40612,0,0,0,0,0
2020-07-01,US,New York,Oswego,201,3,0,43.42778894,-76.14635194,36075.0,171.61299135958473,1.492537313432836,198,197,3,0,194,196,117898,4,0,0,4,1
2020-07-01,US,New York,Otsego,84,5,0,42.63492579,-75.03151402,36077.0,141.1930815390046,5.9523809523809526,79,84,5,0,79,84,59749,0,0,0,0,0
2020-07-01,US,New York,Putnam,1329,63,0,41.42630093,-73.74965532,36079.0,1351.7087062652565,4.7404063205417595,1266,1326,63,0,1263,1499,98892,3,0,0,3,-173
2020-07-01,US,New York,Rensselaer,555,28,0,42.71348136,-73.51089874,36083.0,349.68559799387583,5.045045045045045,527,553,28,0,525,553,159442,2,0,0,2,0
2020-07-01,US,New York,Rockland,13602,668,0,41.15027894,-74.02560498,36087.0,4175.094923401342,4.911042493750919,12934,13590,667,0,12923,13580,325695,12,1,0,11,10
2020-07-01,US,New York,Saratoga,550,14,0,43.10904162,-73.86653895,36091.0,239.27295824034317,2.5454545454545454,536,549,14,0,535,549,230163,1,0,0,1,0
2020-07-01,US,New York,Schenectady,805,37,0,42.81668777,-74.05278291,36093.0,518.3549153568277,4.596273291925466,768,800,37,0,763,867,155350,5,0,0,5,-67
2020-07-01,US,New York,Schoharie,58,0,0,42.58831742,-74.44339029999998,36095.0,187.10280976805703,0.0,58,58,0,0,58,58,31097,0,0,0,0,0
2020-07-01,US,New York,Schuyler,13,0,0,42.39184015,-76.8773299,36097.0,73.0049980344808,0.0,13,12,0,0,12,14,17912,1,0,0,1,-2
2020-07-01,US,New York,Seneca,70,0,0,42.78081007,-76.82497064,36099.0,205.7855126999059,0.0,70,69,0,0,69,69,34300,1,0,0,1,0
2020-07-01,US,New York,St. Lawrence,219,2,0,44.4976179,-75.06550039,36089.0,203.26712455912383,0.9132420091324199,217,219,2,0,217,219,108047,0,0,0,0,0
2020-07-01,US,New York,Steuben,268,41,0,42.2689144,-77.3829924,36101.0,280.9842837521886,15.298507462686567,227,266,41,0,225,285,95796,2,0,0,2,-19
2020-07-01,US,New York,Suffolk,41427,1981,0,40.88320119,-72.8012172,36103.0,2805.564942729959,4.781905520554228,39446,41385,1981,0,39404,41339,1481093,42,0,0,42,46
2020-07-01,US,New York,Sullivan,1452,45,0,41.71579493,-74.76394559,36105.0,1924.912503977092,3.0991735537190084,1407,1451,45,0,1406,1451,75498,1,0,0,1,0
2020-07-01,US,New York,Tioga,143,24,0,42.16852837,-76.30835812,36107.0,296.66203348339315,16.783216783216783,119,143,24,0,119,144,48560,0,0,0,0,-1
2020-07-01,US,New York,Tompkins,177,0,0,42.44945765,-76.47229843,36109.0,173.22372284204346,0.0,177,177,0,0,177,177,102793,0,0,0,0,0
2020-07-01,US,New York,Ulster,1782,86,0,41.89027881,-74.26252104,36111.0,1003.5309422040513,4.8260381593714925,1696,1781,85,0,1696,1796,178599,1,1,0,0,-15
2020-07-01,US,New York,Warren,263,30,0,43.56173026,-73.8433699,36113.0,411.2973852120605,11.40684410646388,233,263,30,0,233,263,64265,0,0,0,0,0
2020-07-01,US,New York,Washington,246,14,0,43.31153794,-73.43043448,36115.0,401.9345140840468,5.691056910569106,232,246,14,0,232,246,61197,0,0,0,0,0
2020-07-01,US,New York,Wayne,174,3,0,43.15494365,-77.02976528,36117.0,193.50964211837453,1.7241379310344829,171,170,3,0,167,165,90064,4,0,0,4,5
2020-07-01,US,New York,Westchester,34866,1425,0,41.16278376,-73.75741653,36119.0,3603.6985817142217,4.087076234727242,33441,34838,1425,0,33413,34798,967612,28,0,0,28,40
2020-07-01,US,New York,Wyoming,95,5,0,42.70145109,-78.22199579,36121.0,238.34014902531425,5.2631578947368425,90,95,5,0,90,95,40085,0,0,0,0,0
2020-07-01,US,New York,Yates,46,6,0,42.63505484,-77.10369919,36123.0,184.6425560952113,13.043478260869565,40,46,6,0,40,46,24841,0,0,0,0,0
2020-07-01,US,North Carolina,Alamance,1151,37,0,36.0434701,-79.39976137,37001.0,679.0199930387178,3.2145960034752386,1114,1146,37,0,1109,1114,166436,5,0,0,5,32
2020-07-01,US,North Carolina,Alexander,93,1,0,35.922379600000006,-81.17751948,37003.0,248.019841587327,1.075268817204301,92,91,1,0,90,88,37353,2,0,0,2,3
2020-07-01,US,North Carolina,Alleghany,32,0,0,36.49360862,-81.12857041,37005.0,287.33051988865935,0.0,32,31,0,0,31,31,11161,1,0,0,1,0
2020-07-01,US,North Carolina,Anson,132,2,0,34.97403241,-80.09953279,37007.0,539.9656385502741,1.5151515151515151,130,128,2,0,126,126,24877,4,0,0,4,2
2020-07-01,US,North Carolina,Ashe,54,1,0,36.43296207,-81.49862729,37009.0,198.50751755321102,1.851851851851852,53,54,1,0,53,52,27109,0,0,0,0,2
2020-07-01,US,North Carolina,Avery,12,0,0,36.07569796,-81.92308483,37011.0,68.34880674374894,0.0,12,12,0,0,12,11,17505,0,0,0,0,1
2020-07-01,US,North Carolina,Beaufort,83,0,0,35.48531943,-76.84325809,37013.0,176.61829169681235,0.0,83,83,0,0,83,80,47079,0,0,0,0,3
2020-07-01,US,North Carolina,Bertie,146,4,0,36.0688473,-76.96545943,37015.0,770.5705388715892,2.7397260273972597,142,145,4,0,141,145,19026,1,0,0,1,0
2020-07-01,US,North Carolina,Bladen,379,3,0,34.61296243,-78.56180059,37017.0,1158.242161237088,0.7915567282321899,376,371,3,0,368,366,33190,8,0,0,8,5
2020-07-01,US,North Carolina,Brunswick,546,6,0,34.070565,-78.22814204,37019.0,382.29939784343935,1.0989010989010992,540,510,5,0,505,499,136744,36,1,0,35,11
2020-07-01,US,North Carolina,Buncombe,603,40,0,35.61113393,-82.53305,37021.0,230.8655351830653,6.633499170812604,563,591,40,0,551,574,259103,12,0,0,12,17
2020-07-01,US,North Carolina,Burke,1042,20,0,35.74989637,-81.70755735,37023.0,1151.5720837707906,1.919385796545105,1022,1033,20,0,1013,1022,90382,9,0,0,9,11
2020-07-01,US,North Carolina,Cabarrus,1164,33,0,35.3877799,-80.55267168,37025.0,537.7610843924547,2.8350515463917527,1131,1164,32,0,1132,1164,211342,0,1,0,-1,0
2020-07-01,US,North Carolina,Caldwell,434,4,0,35.95204977,-81.54799522,37027.0,528.1218817688432,0.9216589861751152,430,419,4,0,415,411,82029,15,0,0,15,8
2020-07-01,US,North Carolina,Camden,29,0,0,36.33804939,-76.15568396,37029.0,266.8629796632005,0.0,29,28,0,0,28,26,10710,1,0,0,1,2
2020-07-01,US,North Carolina,Carteret,94,3,0,34.8932941,-76.54120135,37031.0,135.3043628459977,3.191489361702128,91,94,3,0,91,84,69524,0,0,0,0,10
2020-07-01,US,North Carolina,Caswell,135,1,0,36.39312665,-79.33353281,37033.0,597.2394266501503,0.7407407407407407,134,135,1,0,134,135,22698,0,0,0,0,0
2020-07-01,US,North Carolina,Catawba,825,14,0,35.66211129,-81.2132617,37035.0,517.0760446502999,1.6969696969696968,811,825,14,0,811,776,158652,0,0,0,0,49
2020-07-01,US,North Carolina,Chatham,956,43,0,35.70394416,-79.25541492,37037.0,1283.7384181549614,4.497907949790795,913,950,43,0,907,947,73139,6,0,0,6,3
2020-07-01,US,North Carolina,Cherokee,36,1,0,35.1349263,-84.05970864,37039.0,125.82133370613728,2.7777777777777777,35,36,1,0,35,36,28383,0,0,0,0,0
2020-07-01,US,North Carolina,Chowan,24,0,0,36.12908077,-76.60118385,37041.0,172.1293839202467,0.0,24,24,0,0,24,24,14029,0,0,0,0,0
2020-07-01,US,North Carolina,Clay,12,0,0,35.05704275,-83.74353633,37043.0,106.84711957973468,0.0,12,12,0,0,12,12,11139,0,0,0,0,0
2020-07-01,US,North Carolina,Cleveland,315,4,0,35.33553364,-81.55204486,37045.0,321.60249931085184,1.2698412698412698,311,297,4,0,293,283,97645,18,0,0,18,14
2020-07-01,US,North Carolina,Columbus,535,39,0,34.26744084,-78.65801424,37047.0,963.8250342293004,7.289719626168225,496,521,38,0,483,517,55655,14,1,0,13,4
2020-07-01,US,North Carolina,Craven,372,6,0,35.11833364,-77.08398081,37049.0,364.20955756371217,1.6129032258064515,366,365,6,0,359,365,102912,7,0,0,7,0
2020-07-01,US,North Carolina,Cumberland,1218,41,0,35.04762133,-78.82623165,37051.0,363.03049992697663,3.3661740558292284,1177,1180,41,0,1139,1157,332330,38,0,0,38,23
2020-07-01,US,North Carolina,Currituck,19,0,0,36.36123664,-75.95876401,37053.0,68.43640816914599,0.0,19,19,0,0,19,19,27072,0,0,0,0,0
2020-07-01,US,North Carolina,Dare,59,1,0,35.66520691,-75.71767334,37055.0,159.4206814558621,1.6949152542372878,58,59,1,0,58,48,36501,0,0,0,0,11
2020-07-01,US,North Carolina,Davidson,989,15,0,35.79115496,-80.21256572,37057.0,590.0637793913214,1.5166835187057637,974,946,15,0,931,936,166614,43,0,0,43,10
2020-07-01,US,North Carolina,Davie,214,4,0,35.93099927,-80.54496571,37059.0,499.46319376371184,1.8691588785046729,210,214,4,0,210,193,42733,0,0,0,0,21
2020-07-01,US,North Carolina,Duplin,1486,28,0,34.93449805,-77.93140529,37061.0,2529.749238181168,1.8842530282637957,1458,1468,28,0,1440,1460,58856,18,0,0,18,8
2020-07-01,US,North Carolina,Durham,3752,63,0,36.03638492,-78.87608331,37063.0,1167.0731100383216,1.6791044776119404,3689,3679,63,0,3616,3627,316739,73,0,0,73,52
2020-07-01,US,North Carolina,Edgecombe,317,9,0,35.91230639,-77.59436892,37065.0,615.8688218837426,2.8391167192429023,308,315,9,0,306,313,52005,2,0,0,2,2
2020-07-01,US,North Carolina,Forsyth,3077,35,0,36.12859861,-80.25459052,37067.0,804.8758157967015,1.1374715632109198,3042,2996,34,0,2962,2978,379099,81,1,0,80,18
2020-07-01,US,North Carolina,Franklin,357,21,0,36.081519,-78.28708884,37069.0,512.3053741838272,5.882352941176472,336,345,21,0,324,338,67560,12,0,0,12,7
2020-07-01,US,North Carolina,Gaston,1139,12,0,35.29373559,-81.17477045,37071.0,507.28413701570844,1.0535557506584723,1127,1083,12,0,1071,1041,222846,56,0,0,56,42
2020-07-01,US,North Carolina,Gates,27,2,0,36.44667547,-76.69749701,37073.0,233.52361183186298,7.407407407407407,25,27,2,0,25,28,11573,0,0,0,0,-1
2020-07-01,US,North Carolina,Graham,10,0,0,35.3506925,-83.83369267,37075.0,118.46937566639023,0.0,10,9,0,0,9,9,8484,1,0,0,1,0
2020-07-01,US,North Carolina,Granville,813,21,0,36.30337451,-78.65184241,37077.0,1345.068907896696,2.5830258302583027,792,813,19,0,794,788,60115,0,2,0,-2,25
2020-07-01,US,North Carolina,Greene,175,3,0,35.48544173,-77.67578087,37079.0,830.6042052304332,1.7142857142857142,172,174,2,0,172,174,21012,1,1,0,0,0
2020-07-01,US,North Carolina,Guilford,2891,115,0,36.07959451,-79.78824948,37081.0,538.1868817180281,3.977862331373227,2776,2812,114,0,2698,2775,533670,79,1,0,78,37
2020-07-01,US,North Carolina,Halifax,321,4,0,36.25669272,-77.6556109,37083.0,641.8716256748651,1.2461059190031152,317,321,4,0,317,306,50574,0,0,0,0,15
2020-07-01,US,North Carolina,Harnett,648,30,0,35.36731853,-78.87243571,37085.0,476.5546861210802,4.62962962962963,618,630,30,0,600,621,134214,18,0,0,18,9
2020-07-01,US,North Carolina,Haywood,90,0,0,35.55269063,-82.98196486,37087.0,144.42287016383972,0.0,90,90,0,0,90,89,61971,0,0,0,0,1
2020-07-01,US,North Carolina,Henderson,644,50,0,35.33788927,-82.4766782,37089.0,548.4725380481532,7.763975155279502,594,610,50,0,560,593,116748,34,0,0,34,17
2020-07-01,US,North Carolina,Hertford,164,10,0,36.3607755,-76.98104134,37091.0,692.6553195083836,6.097560975609755,154,162,10,0,152,161,23659,2,0,0,2,1
2020-07-01,US,North Carolina,Hoke,383,3,0,35.01888303,-79.23651674,37093.0,693.4134772060687,0.783289817232376,380,371,3,0,368,361,54764,12,0,0,12,10
2020-07-01,US,North Carolina,Hyde,12,0,0,35.42017674,-76.15180542,37095.0,243.0625886165688,0.0,12,11,0,0,11,11,5230,1,0,0,1,0
2020-07-01,US,North Carolina,Iredell,785,9,0,35.80950511,-80.8743128,37097.0,431.77892918825563,1.1464968152866242,776,778,9,0,769,748,178435,7,0,0,7,30
2020-07-01,US,North Carolina,Jackson,117,1,0,35.28814273,-83.14093385,37099.0,266.2843097091356,0.8547008547008547,116,115,1,0,114,105,43327,2,0,0,2,10
2020-07-01,US,North Carolina,Johnston,1541,32,0,35.51745004,-78.36622717,37101.0,736.1265698221546,2.076573653471772,1509,1541,29,0,1512,1431,202675,0,3,0,-3,110
2020-07-01,US,North Carolina,Jones,35,3,0,35.02254606,-77.35870791,37103.0,371.5893406943412,8.571428571428571,32,35,3,0,32,35,9637,0,0,0,0,0
2020-07-01,US,North Carolina,Lee,841,8,0,35.47623147,-79.17569362,37105.0,1361.3040029783585,0.9512485136741974,833,823,8,0,815,821,61452,18,0,0,18,2
2020-07-01,US,North Carolina,Lenoir,371,11,0,35.24032589999999,-77.64245615,37107.0,663.1038981929972,2.964959568733154,360,368,11,0,357,367,55976,3,0,0,3,1
2020-07-01,US,North Carolina,Lincoln,258,2,0,35.48508185,-81.21740317,37109.0,299.61328982359976,0.7751937984496124,256,252,2,0,250,246,83770,6,0,0,6,6
2020-07-01,US,North Carolina,Macon,282,3,0,35.14867843,-83.41696617,37113.0,786.4353840147247,1.0638297872340423,279,282,3,0,279,280,35285,0,0,0,0,2
2020-07-01,US,North Carolina,Madison,14,0,0,35.85402722,-82.71346418,37115.0,64.3530222937256,0.0,14,12,0,0,12,13,21763,2,0,0,2,-1
2020-07-01,US,North Carolina,Martin,135,4,0,35.84326734,-77.10860251,37117.0,601.6042780748662,2.962962962962963,131,133,4,0,129,128,22671,2,0,0,2,5
2020-07-01,US,North Carolina,McDowell,237,2,0,35.67736232,-82.0482425,37111.0,517.9648570679254,0.8438818565400844,235,235,2,0,233,226,45507,2,0,0,2,9
2020-07-01,US,North Carolina,Mecklenburg,11534,150,0,35.24469268,-80.8317671,37119.0,1038.7659453364506,1.3005028611062943,11384,11170,150,0,11020,10863,1093901,364,0,0,364,307
2020-07-01,US,North Carolina,Mitchell,33,0,0,36.01059309,-82.1582442,37121.0,220.52927024859662,0.0,33,32,0,0,32,30,15000,1,0,0,1,2
2020-07-01,US,North Carolina,Montgomery,317,7,0,35.33155144,-79.90416657,37123.0,1166.5991977330439,2.2082018927444795,310,309,7,0,302,305,27271,8,0,0,8,4
2020-07-01,US,North Carolina,Moore,484,14,0,35.30885257,-79.48474178,37125.0,479.77795400475816,2.8925619834710745,470,458,14,0,444,450,98682,26,0,0,26,8
2020-07-01,US,North Carolina,Nash,478,6,0,35.96575634,-77.98422508,37127.0,506.90364588856596,1.2552301255230125,472,469,6,0,463,461,94016,9,0,0,9,8
2020-07-01,US,North Carolina,New Hanover,1018,5,0,34.25758282,-77.87075626,37129.0,434.16512775458153,0.4911591355599214,1013,1018,5,0,1013,840,232274,0,0,0,0,178
2020-07-01,US,North Carolina,Northampton,199,15,0,36.41736238,-77.39769443,37131.0,1021.4032746496947,7.537688442211055,184,199,15,0,184,193,19676,0,0,0,0,6
2020-07-01,US,North Carolina,Onslow,308,3,0,34.72607366,-77.42908179,37133.0,155.6042801281209,0.9740259740259741,305,290,3,0,287,270,197683,18,0,0,18,20
2020-07-01,US,North Carolina,Orange,690,41,0,36.06092947,-79.12167935,37135.0,464.7215711630162,5.942028985507246,649,669,41,0,628,651,146027,21,0,0,21,18
2020-07-01,US,North Carolina,Pamlico,21,1,0,35.15253315,-76.66559823,37137.0,165.01650165016503,4.761904761904762,20,21,1,0,20,19,12670,0,0,0,0,2
2020-07-01,US,North Carolina,Pasquotank,210,17,0,36.26723798,-76.25134778,37139.0,527.3202089192447,8.095238095238095,193,203,15,0,188,204,39639,7,2,0,5,-1
2020-07-01,US,North Carolina,Pender,262,1,0,34.52265624,-77.90352133,37141.0,415.47732318426887,0.3816793893129771,261,261,1,0,260,243,62162,1,0,0,1,18
2020-07-01,US,North Carolina,Perquimans,36,2,0,36.17847453,-76.40603143,37143.0,267.3995394785709,5.5555555555555545,34,36,2,0,34,36,13422,0,0,0,0,0
2020-07-01,US,North Carolina,Person,107,1,0,36.38989032,-78.97217358,37145.0,270.95467206887815,0.9345794392523364,106,107,1,0,106,107,39507,0,0,0,0,0
2020-07-01,US,North Carolina,Pitt,709,7,0,35.59535426,-77.37353178,37147.0,392.2718571223069,0.9873060648801129,702,696,7,0,689,679,179914,13,0,0,13,17
2020-07-01,US,North Carolina,Polk,73,4,0,35.27820615,-82.16812354,37149.0,352.248600656244,5.479452054794519,69,73,4,0,69,73,20611,0,0,0,0,0
2020-07-01,US,North Carolina,Randolph,1206,30,0,35.71015088,-79.80570339,37151.0,839.4412077930214,2.487562189054726,1176,1201,30,0,1171,1155,143351,5,0,0,5,46
2020-07-01,US,North Carolina,Richmond,290,7,0,35.00417719,-79.74491009,37153.0,646.9026746079546,2.413793103448276,283,278,6,0,272,276,44887,12,1,0,11,2
2020-07-01,US,North Carolina,Robeson,1240,39,0,34.64244496,-79.10250529999998,37155.0,949.2822966507176,3.1451612903225805,1201,1240,39,0,1201,1240,131831,0,0,0,0,0
2020-07-01,US,North Carolina,Rockingham,234,2,0,36.39593137,-79.77504841,37157.0,257.1146027909021,0.8547008547008547,232,231,2,0,229,229,90690,3,0,0,3,2
2020-07-01,US,North Carolina,Rowan,1227,42,0,35.64003916,-80.52446628,37159.0,863.5493496987782,3.4229828850855744,1185,1205,42,0,1163,1183,141262,22,0,0,22,22
2020-07-01,US,North Carolina,Rutherford,306,9,0,35.40114178,-81.92112099,37161.0,456.518820212147,2.9411764705882355,297,306,9,0,297,291,66826,0,0,0,0,15
2020-07-01,US,North Carolina,Sampson,1060,6,0,34.98820368,-78.36914061,37163.0,1668.4768065983535,0.5660377358490566,1054,1040,6,0,1034,1030,63626,20,0,0,20,10
2020-07-01,US,North Carolina,Scotland,138,2,0,34.8386299,-79.4757978,37165.0,396.28980845992584,1.4492753623188406,136,137,2,0,135,136,34810,1,0,0,1,1
2020-07-01,US,North Carolina,Stanly,394,5,0,35.31647813,-80.25093221,37167.0,627.3285991784225,1.269035532994924,389,378,5,0,373,373,62075,16,0,0,16,5
2020-07-01,US,North Carolina,Stokes,129,1,0,36.4017975,-80.23893369,37169.0,282.95058235177993,0.7751937984496124,128,125,1,0,124,125,45467,4,0,0,4,0
2020-07-01,US,North Carolina,Surry,482,2,0,36.41689489,-80.69102283,37171.0,671.4681749160665,0.4149377593360996,480,470,2,0,468,464,71948,12,0,0,12,6
2020-07-01,US,North Carolina,Swain,58,1,0,35.48665845,-83.48748932,37173.0,406.41861116950463,1.7241379310344829,57,58,0,0,58,52,14245,0,1,0,-1,6
2020-07-01,US,North Carolina,Transylvania,22,1,0,35.20383864,-82.79638423,37175.0,63.981387232805005,4.545454545454546,21,22,1,0,21,22,34215,0,0,0,0,0
2020-07-01,US,North Carolina,Tyrrell,11,0,0,35.87147226,-76.17055253,37177.0,273.9043824701195,0.0,11,10,0,0,10,9,4131,1,0,0,1,1
2020-07-01,US,North Carolina,Union,1261,24,0,34.98960527,-80.52955873,37179.0,525.7255304157859,1.9032513877874704,1237,1201,24,0,1177,1173,235908,60,0,0,60,28
2020-07-01,US,North Carolina,Vance,506,37,0,36.36880673,-78.40670845,37181.0,1136.1850230156058,7.312252964426878,469,502,36,0,466,501,44582,4,1,0,3,1
2020-07-01,US,North Carolina,Wake,5298,47,0,35.78879266,-78.65249174,37183.0,476.5412710105859,0.8871272178180446,5251,5178,47,0,5131,5009,1092305,120,0,0,120,169
2020-07-01,US,North Carolina,Warren,161,5,0,36.39728256,-78.10652228,37185.0,815.9748618924534,3.1055900621118013,156,161,5,0,156,159,19807,0,0,0,0,2
2020-07-01,US,North Carolina,Washington,38,3,0,35.83810081,-76.57299037,37187.0,328.15198618307426,7.894736842105262,35,38,3,0,35,38,11859,0,0,0,0,0
2020-07-01,US,North Carolina,Watauga,70,0,0,36.23103603,-81.70033724,37189.0,124.60615554408388,0.0,70,68,0,0,68,67,55945,2,0,0,2,1
2020-07-01,US,North Carolina,Wayne,1822,28,0,35.36438125,-78.00027268,37191.0,1479.7248458958343,1.5367727771679474,1794,1802,26,0,1776,1795,123248,20,2,0,18,7
2020-07-01,US,North Carolina,Wilkes,578,6,0,36.2084135,-81.16232895,37193.0,844.8810150266037,1.038062283737024,572,576,6,0,570,576,68557,2,0,0,2,0
2020-07-01,US,North Carolina,Wilson,735,19,0,35.70625477,-77.917978,37195.0,898.5220229581546,2.5850340136054424,716,735,19,0,716,721,81455,0,0,0,0,14
2020-07-01,US,North Carolina,Yadkin,337,4,0,36.16222629,-80.66239436,37197.0,894.6823479438235,1.1869436201780414,333,337,4,0,333,330,37543,0,0,0,0,7
2020-07-01,US,North Carolina,Yancey,44,0,0,35.90079156,-82.31237181,37199.0,243.5109856660579,0.0,44,44,0,0,44,44,17903,0,0,0,0,0
2020-07-01,US,North Dakota,Barnes,19,0,0,46.93579637,-98.06605978,38003.0,182.4291886701872,0.0,19,19,0,0,19,19,10542,0,0,0,0,0
2020-07-01,US,North Dakota,Benson,4,0,0,48.0683985,-99.35916363,38005.0,58.5480093676815,0.0,4,4,0,0,4,3,6962,0,0,0,0,1
2020-07-01,US,North Dakota,Billings,1,0,0,47.02366884,-103.3762965,38007.0,107.75862068965515,0.0,1,1,0,0,1,1,919,0,0,0,0,0
2020-07-01,US,North Dakota,Bottineau,5,0,0,48.79106111,-100.8378166,38009.0,79.59248646927729,0.0,5,5,0,0,5,5,6411,0,0,0,0,0
2020-07-01,US,North Dakota,Bowman,1,0,0,46.11285362,-103.5203343,38011.0,33.06878306878307,0.0,1,1,0,0,1,1,3076,0,0,0,0,0
2020-07-01,US,North Dakota,Burke,5,0,0,48.79094471,-102.51821170000001,38013.0,236.40661938534282,0.0,5,5,0,0,5,5,2100,0,0,0,0,0
2020-07-01,US,North Dakota,Burleigh,267,0,0,46.97847375,-100.46452140000001,38015.0,279.21276640244287,0.0,267,258,0,0,258,249,95273,9,0,0,9,9
2020-07-01,US,North Dakota,Cass,2260,66,0,46.93201724,-97.24447190000001,38017.0,1242.2838233758239,2.9203539823008846,2194,2245,66,0,2179,2233,181516,15,0,0,15,12
2020-07-01,US,North Dakota,Cavalier,2,0,0,48.77286211,-98.46685243,38019.0,53.163211057947905,0.0,2,2,0,0,2,2,3829,0,0,0,0,0
2020-07-01,US,North Dakota,Dickey,4,0,0,46.11017712,-98.50490079999999,38021.0,82.10180623973726,0.0,4,4,0,0,4,4,4903,0,0,0,0,0
2020-07-01,US,North Dakota,Divide,1,0,0,48.814938700000006,-103.48736109999999,38023.0,44.16961130742049,0.0,1,1,0,0,1,1,2283,0,0,0,0,0
2020-07-01,US,North Dakota,Dunn,14,0,0,47.35423935,-102.61604679999999,38025.0,316.4556962025317,0.0,14,13,0,0,13,13,4332,1,0,0,1,0
2020-07-01,US,North Dakota,Eddy,5,0,0,47.71701474,-98.90432337,38027.0,218.62702229995628,0.0,5,5,0,0,5,5,2313,0,0,0,0,0
2020-07-01,US,North Dakota,Emmons,4,1,0,46.28398398,-100.2389766,38029.0,123.41869793273679,25.0,3,4,1,0,3,4,3295,0,0,0,0,0
2020-07-01,US,North Dakota,Foster,2,0,0,47.457108399999996,-98.88279923,38031.0,62.305295950155774,0.0,2,2,0,0,2,2,3216,0,0,0,0,0
2020-07-01,US,North Dakota,Grand Forks,387,4,0,47.92093639,-97.45450447,38035.0,557.2273977336539,1.0335917312661498,383,385,4,0,381,385,70770,2,0,0,2,0
2020-07-01,US,North Dakota,Grant,3,0,0,46.35821257,-101.63900129999999,38037.0,131.9261213720317,0.0,3,3,0,0,3,3,2374,0,0,0,0,0
2020-07-01,US,North Dakota,Griggs,2,0,0,47.45785838,-98.23850925,38039.0,89.64589870013447,0.0,2,2,0,0,2,2,2232,0,0,0,0,0
2020-07-01,US,North Dakota,Hettinger,1,0,0,46.43375068,-102.4632417,38041.0,40.01600640256103,0.0,1,1,0,0,1,1,2514,0,0,0,0,0
2020-07-01,US,North Dakota,Kidder,2,0,0,46.97830064,-99.77507857,38043.0,80.64516129032258,0.0,2,2,0,0,2,2,2450,0,0,0,0,0
2020-07-01,US,North Dakota,LaMoure,13,0,0,46.45681054,-98.53542355,38045.0,321.3049925852694,0.0,13,13,0,0,13,13,4062,0,0,0,0,0
2020-07-01,US,North Dakota,McHenry,3,1,0,48.23104458,-100.6324822,38049.0,52.219321148825074,33.333333333333336,2,3,1,0,2,3,5816,0,0,0,0,0
2020-07-01,US,North Dakota,McIntosh,2,0,0,46.11182017,-99.44145858,38051.0,80.0961153384061,0.0,2,2,0,0,2,2,2585,0,0,0,0,0
2020-07-01,US,North Dakota,McKenzie,27,0,0,47.74133370000001,-103.395905,38053.0,179.71246006389774,0.0,27,27,0,0,27,27,13632,0,0,0,0,0
2020-07-01,US,North Dakota,McLean,11,0,0,47.60766714,-101.3182418,38055.0,116.40211640211642,0.0,11,11,0,0,11,11,9541,0,0,0,0,0
2020-07-01,US,North Dakota,Mercer,7,0,0,47.31213126,-101.8318399,38057.0,85.5014046659338,0.0,7,6,0,0,6,6,8267,1,0,0,1,0
2020-07-01,US,North Dakota,Morton,91,2,0,46.71681782,-101.2822377,38059.0,290.1415635760745,2.1978021978021984,89,91,2,0,89,81,31095,0,0,0,0,10
2020-07-01,US,North Dakota,Mountrail,50,0,0,48.20197971,-102.3555315,38061.0,474.158368895211,0.0,50,50,0,0,50,47,10218,0,0,0,0,3
2020-07-01,US,North Dakota,Nelson,1,0,0,47.9226426,-98.19038437,38063.0,34.734282737061484,0.0,1,1,0,0,1,1,2869,0,0,0,0,0
2020-07-01,US,North Dakota,Oliver,2,0,0,47.11530482,-101.3406158,38065.0,102.09290454313422,0.0,2,2,0,0,2,2,1952,0,0,0,0,0
2020-07-01,US,North Dakota,Pembina,9,0,0,48.76623521,-97.5523809,38067.0,132.33348037053378,0.0,9,9,0,0,9,9,6947,0,0,0,0,0
2020-07-01,US,North Dakota,Pierce,5,0,0,48.24977025,-99.96407787,38069.0,125.78616352201256,0.0,5,5,0,0,5,4,4081,0,0,0,0,1
2020-07-01,US,North Dakota,Ramsey,10,1,0,48.26886249,-98.72223879,38071.0,86.81309141418525,10.0,9,10,1,0,9,10,11481,0,0,0,0,0
2020-07-01,US,North Dakota,Ransom,17,0,0,46.45621782,-97.65742504,38073.0,325.7953238788808,0.0,17,17,0,0,17,17,5237,0,0,0,0,0
2020-07-01,US,North Dakota,Renville,5,0,0,48.71982533,-101.6603912,38075.0,214.86892995272885,0.0,5,5,0,0,5,5,2374,0,0,0,0,0
2020-07-01,US,North Dakota,Richland,41,0,0,46.26440649,-96.94852979,38077.0,253.4462508499722,0.0,41,41,0,0,41,41,16239,0,0,0,0,0
2020-07-01,US,North Dakota,Rolette,10,0,0,48.77245354,-99.84097493,38079.0,70.54176072234762,0.0,10,10,0,0,10,10,14301,0,0,0,0,0
2020-07-01,US,North Dakota,Sargent,6,0,0,46.10830372,-97.63217159,38081.0,153.9250897896357,0.0,6,6,0,0,6,6,3870,0,0,0,0,0
2020-07-01,US,North Dakota,Sheridan,1,0,0,47.57700669,-100.3426391,38083.0,76.04562737642586,0.0,1,1,0,0,1,1,1349,0,0,0,0,0
2020-07-01,US,North Dakota,Sioux,24,0,0,46.11323337,-101.04401490000001,38085.0,567.3758865248228,0.0,24,24,0,0,24,24,4358,0,0,0,0,0
2020-07-01,US,North Dakota,Slope,3,0,0,46.44737738,-103.4601547,38087.0,400.0,0.0,3,3,0,0,3,3,763,0,0,0,0,0
2020-07-01,US,North Dakota,Stark,75,3,0,46.80851182,-102.65763259999999,38089.0,238.17841150878087,4.0,72,73,2,0,71,73,30997,2,1,0,1,0
2020-07-01,US,North Dakota,Steele,2,0,0,47.45611548,-97.72728747,38091.0,105.82010582010582,0.0,2,1,0,0,1,1,1903,1,0,0,1,0
2020-07-01,US,North Dakota,Stutsman,63,1,0,46.97962541,-98.95637318,38093.0,304.28902627511593,1.5873015873015872,62,63,1,0,62,63,20917,0,0,0,0,0
2020-07-01,US,North Dakota,Traill,19,0,0,47.45367788,-97.16323288,38097.0,236.4360378297661,0.0,19,17,0,0,17,17,8037,2,0,0,2,0
2020-07-01,US,North Dakota,Walsh,24,0,0,48.36876964,-97.72574783,38099.0,225.5427121511136,0.0,24,23,0,0,23,22,10667,1,0,0,1,1
2020-07-01,US,North Dakota,Ward,60,1,0,48.22390169,-101.54367629999999,38101.0,88.70359693085554,1.6666666666666667,59,60,1,0,59,60,67744,0,0,0,0,0
2020-07-01,US,North Dakota,Wells,8,0,0,47.58614526,-99.65904998,38103.0,208.65936358894103,0.0,8,8,0,0,8,8,3957,0,0,0,0,0
2020-07-01,US,North Dakota,Williams,37,0,0,48.34522353,-103.4793387,38105.0,98.43305222272474,0.0,37,32,0,0,32,32,35350,5,0,0,5,0
2020-07-01,US,Ohio,Adams,21,1,0,38.84541072,-83.4718964,39001.0,75.81774857390425,4.761904761904762,20,21,1,0,20,21,27724,0,0,0,0,0
2020-07-01,US,Ohio,Allen,297,40,0,40.77285242,-84.10802343,39003.0,290.17791716739447,13.468013468013467,257,293,38,0,255,284,102663,4,2,0,2,9
2020-07-01,US,Ohio,Ashland,55,1,0,40.84772277,-82.27280781,39005.0,102.83449255852214,1.818181818181818,54,53,1,0,52,51,53745,2,0,0,2,2
2020-07-01,US,Ohio,Ashtabula,421,44,0,41.70860332,-80.74830218,39007.0,432.9449512037104,10.451306413301662,377,420,43,0,377,419,97493,1,1,0,0,1
2020-07-01,US,Ohio,Athens,37,1,0,39.33425634,-82.04278644,39009.0,56.63814349350192,2.702702702702702,36,33,1,0,32,32,65818,4,0,0,4,1
2020-07-01,US,Ohio,Auglaize,99,3,0,40.55998859,-84.22421429999999,39011.0,216.8389696863501,3.0303030303030303,96,99,3,0,96,98,45804,0,0,0,0,1
2020-07-01,US,Ohio,Belmont,534,21,0,40.01625942,-80.9924051,39013.0,796.9435572933768,3.9325842696629216,513,528,21,0,507,524,67505,6,0,0,6,4
2020-07-01,US,Ohio,Brown,53,1,0,38.93416837,-83.86788395,39015.0,122.02983974949345,1.8867924528301887,52,52,1,0,51,53,43602,1,0,0,1,-1
2020-07-01,US,Ohio,Butler,1448,44,0,39.44012838,-84.57388716,39017.0,377.9356569764103,3.0386740331491717,1404,1405,44,0,1361,1388,382378,43,0,0,43,17
2020-07-01,US,Ohio,Carroll,51,3,0,40.5789686,-81.09178213,39019.0,189.49245745708552,5.882352941176472,48,51,3,0,48,50,27081,0,0,0,0,1
2020-07-01,US,Ohio,Champaign,38,1,0,40.13923427,-83.76875242,39021.0,97.72405812009771,2.631578947368421,37,37,1,0,36,37,38754,1,0,0,1,0
2020-07-01,US,Ohio,Clark,739,9,0,39.91592258,-83.78498252,39023.0,551.1511526442576,1.2178619756427604,730,729,8,0,721,728,134585,10,1,0,9,1
2020-07-01,US,Ohio,Clermont,356,6,0,39.04847534,-84.15375786,39025.0,172.45722479508598,1.6853932584269662,350,347,6,0,341,336,205466,9,0,0,9,11
2020-07-01,US,Ohio,Clinton,62,0,0,39.41485808,-83.80852286,39027.0,147.7316050324056,0.0,62,61,0,0,61,60,42057,1,0,0,1,1
2020-07-01,US,Ohio,Columbiana,1209,60,0,40.76932373,-80.78094576,39029.0,1186.655281057684,4.962779156327543,1149,1205,60,0,1145,1202,102665,4,0,0,4,3
2020-07-01,US,Ohio,Coshocton,81,1,0,40.30096166,-81.91729018,39031.0,221.31147540983608,1.2345679012345678,80,76,1,0,75,75,36629,5,0,0,5,1
2020-07-01,US,Ohio,Crawford,135,7,0,40.85065156,-82.91989099,39033.0,325.34824311948717,5.185185185185184,128,135,6,0,129,132,41550,0,1,0,-1,3
2020-07-01,US,Ohio,Cuyahoga,7013,366,0,41.424119,-81.65918339,39035.0,567.8211472691471,5.2188792242977335,6647,6831,364,0,6467,6694,1243857,182,2,0,180,137
2020-07-01,US,Ohio,Darke,236,25,0,40.13412966,-84.6194517,39037.0,461.72206679318367,10.59322033898305,211,234,25,0,209,233,51323,2,0,0,2,1
2020-07-01,US,Ohio,Defiance,48,3,0,41.32398837,-84.49076944,39039.0,126.02725339354635,6.25,45,45,3,0,42,45,38165,3,0,0,3,0
2020-07-01,US,Ohio,Delaware,518,15,0,40.27942393,-83.00457058,39041.0,247.63716852235189,2.895752895752896,503,494,15,0,479,482,204826,24,0,0,24,12
2020-07-01,US,Ohio,Erie,229,22,0,41.36796058,-82.62904521,39043.0,308.3510623973285,9.60698689956332,207,228,22,0,206,226,74615,1,0,0,1,2
2020-07-01,US,Ohio,Fairfield,503,16,0,39.75107189,-82.63088163,39045.0,319.215098937642,3.1809145129224654,487,481,16,0,465,476,155782,22,0,0,22,5
2020-07-01,US,Ohio,Fayette,46,0,0,39.56021306,-83.4562016,39047.0,161.26205083260297,0.0,46,46,0,0,46,46,28666,0,0,0,0,0
2020-07-01,US,Ohio,Franklin,9338,407,0,39.96995815,-83.01115755,39049.0,709.1670742339508,4.358535018205183,8931,9148,404,0,8744,8982,1310300,190,3,0,187,166
2020-07-01,US,Ohio,Fulton,57,0,0,41.60213491,-84.12571393,39051.0,135.30836063238854,0.0,57,57,0,0,57,57,42276,0,0,0,0,0
2020-07-01,US,Ohio,Gallia,14,1,0,38.82708533,-82.31647569,39053.0,46.825874640444184,7.142857142857142,13,14,1,0,13,11,29979,0,0,0,0,3
2020-07-01,US,Ohio,Geauga,390,42,0,41.49952319,-81.17935342,39055.0,416.4486540165939,10.769230769230768,348,387,42,0,345,383,94031,3,0,0,3,4
2020-07-01,US,Ohio,Greene,222,9,0,39.69116283,-83.89032084,39057.0,131.4099338806774,4.0540540540540535,213,208,9,0,199,201,167995,14,0,0,14,7
2020-07-01,US,Ohio,Guernsey,60,3,0,40.05026529,-81.49248905,39059.0,154.3408360128617,5.0,57,59,3,0,56,59,39022,1,0,0,1,0
2020-07-01,US,Ohio,Hamilton,5224,198,0,39.19673558,-84.54502924,39061.0,639.0425127190745,3.7901990811638586,5026,5010,198,0,4812,4922,816684,214,0,0,214,88
2020-07-01,US,Ohio,Hancock,76,1,0,41.00250487,-83.66838948,39063.0,100.28634390298616,1.3157894736842106,75,76,1,0,75,72,75930,0,0,0,0,4
2020-07-01,US,Ohio,Hardin,113,12,0,40.66015414,-83.65929931,39065.0,360.2741909772039,10.619469026548671,101,111,12,0,99,111,31480,2,0,0,2,0
2020-07-01,US,Ohio,Harrison,12,1,0,40.29380509,-81.09068544,39067.0,79.78723404255321,8.333333333333334,11,12,1,0,11,12,15174,0,0,0,0,0
2020-07-01,US,Ohio,Henry,29,0,0,41.3339642,-84.06830637,39069.0,107.38354439754127,0.0,29,29,0,0,29,28,27086,0,0,0,0,1
2020-07-01,US,Ohio,Highland,43,1,0,39.1839264,-83.60331456,39071.0,99.62697805889576,2.3255813953488373,42,42,1,0,41,42,43058,1,0,0,1,0
2020-07-01,US,Ohio,Hocking,76,7,0,39.49537927,-82.47991446,39073.0,268.893291819983,9.210526315789474,69,76,7,0,69,76,28385,0,0,0,0,0
2020-07-01,US,Ohio,Holmes,204,3,0,40.56163713,-81.92635677,39075.0,464.05823475887166,1.4705882352941178,201,202,3,0,199,197,43892,2,0,0,2,5
2020-07-01,US,Ohio,Huron,177,2,0,41.14651175,-82.59867951,39077.0,303.77921944187005,1.1299435028248588,175,170,1,0,169,165,58504,7,1,0,6,5
2020-07-01,US,Ohio,Jackson,17,0,0,39.01914254,-82.61818559999998,39079.0,52.4480918150125,0.0,17,17,0,0,17,17,32384,0,0,0,0,0
2020-07-01,US,Ohio,Jefferson,80,2,0,40.38614126,-80.76259514,39081.0,122.46460007654038,2.5,78,76,2,0,74,76,65767,4,0,0,4,0
2020-07-01,US,Ohio,Knox,39,1,0,40.39830217,-82.42027563,39083.0,62.57822277847309,2.5641025641025643,38,39,1,0,38,38,61893,0,0,0,0,1
2020-07-01,US,Ohio,Lake,443,16,0,41.69710807,-81.23676539,39085.0,192.4839994959787,3.611738148984199,427,433,17,0,416,422,230514,10,-1,0,11,11
2020-07-01,US,Ohio,Lawrence,65,0,0,38.59743452,-82.53466552,39087.0,109.31167280493752,0.0,65,63,0,0,63,60,59866,2,0,0,2,3
2020-07-01,US,Ohio,Licking,416,11,0,40.09136236,-82.48185785,39089.0,235.21163392927818,2.644230769230769,405,404,11,0,393,396,175769,12,0,0,12,8
2020-07-01,US,Ohio,Logan,58,1,0,40.38996525,-83.76784341,39091.0,126.99246803293045,1.7241379310344829,57,58,1,0,57,56,45358,0,0,0,0,2
2020-07-01,US,Ohio,Lorain,962,67,0,41.29553751,-82.15083537,39093.0,310.48984452914965,6.964656964656965,895,947,67,0,880,937,309461,15,0,0,15,10
2020-07-01,US,Ohio,Lucas,2628,302,0,41.62101218,-83.65468618,39095.0,613.5198483476053,11.491628614916284,2326,2600,301,0,2299,2584,429899,28,1,0,27,16
2020-07-01,US,Ohio,Madison,188,8,0,39.89381073,-83.40178317,39097.0,420.29017907044334,4.25531914893617,180,187,8,0,179,185,44413,1,0,0,1,2
2020-07-01,US,Ohio,Mahoning,1752,228,0,41.01631101,-80.77287029,39099.0,766.1260347292978,13.013698630136984,1524,1741,228,0,1513,1736,229642,11,0,0,11,5
2020-07-01,US,Ohio,Marion,2731,38,0,40.58610662,-83.15736305,39101.0,4195.535618269246,1.3914317099963385,2693,2726,38,0,2688,2724,65256,5,0,0,5,2
2020-07-01,US,Ohio,Medina,491,32,0,41.11770589,-81.89986209999998,39103.0,273.1632414629533,6.517311608961303,459,480,32,0,448,469,179146,11,0,0,11,11
2020-07-01,US,Ohio,Meigs,11,0,0,39.09224872,-82.0305041,39105.0,48.02025581699917,0.0,11,11,0,0,11,11,23106,0,0,0,0,0
2020-07-01,US,Ohio,Mercer,272,8,0,40.54043046,-84.62912742,39107.0,660.6431555426018,2.9411764705882355,264,270,8,0,262,266,40959,2,0,0,2,4
2020-07-01,US,Ohio,Miami,442,31,0,40.0543329,-84.22871271,39109.0,413.13430603718217,7.013574660633483,411,437,31,0,406,431,106222,5,0,0,5,6
2020-07-01,US,Ohio,Monroe,86,17,0,39.72984936,-81.08464734,39111.0,629.8520580049802,19.767441860465123,69,85,17,0,68,85,13790,1,0,0,1,0
2020-07-01,US,Ohio,Montgomery,1784,26,0,39.75394919,-84.29050975,39113.0,335.53575693970316,1.4573991031390134,1758,1704,25,0,1679,1646,532331,80,1,0,79,58
2020-07-01,US,Ohio,Morgan,9,0,0,39.62081738,-81.85308173,39115.0,62.034739454094286,0.0,9,9,0,0,9,7,14604,0,0,0,0,2
2020-07-01,US,Ohio,Morrow,115,1,0,40.52363560000001,-82.7892599,39117.0,325.5208333333333,0.8695652173913043,114,114,1,0,113,114,35112,1,0,0,1,0
2020-07-01,US,Ohio,Muskingum,73,1,0,39.96575964,-81.94363275,39119.0,84.67204082816215,1.3698630136986298,72,73,1,0,72,73,86183,0,0,0,0,0
2020-07-01,US,Ohio,Noble,11,0,0,39.76818851,-81.45937183,39121.0,76.26178591236828,0.0,11,9,0,0,9,9,14354,2,0,0,2,0
2020-07-01,US,Ohio,Ottawa,130,23,0,41.53781826,-83.0940185,39123.0,320.78963602714373,17.69230769230769,107,129,23,0,106,127,40769,1,0,0,1,2
2020-07-01,US,Ohio,Paulding,23,0,0,41.11676341,-84.5801017,39125.0,123.17909168808912,0.0,23,23,0,0,23,22,18760,0,0,0,0,1
2020-07-01,US,Ohio,Perry,30,1,0,39.73508655,-82.23804971,39127.0,83.02429844467814,3.333333333333333,29,30,1,0,29,28,36033,0,0,0,0,2
2020-07-01,US,Ohio,Pickaway,2176,41,0,39.64170392,-83.0243386,39129.0,3722.394238500094,1.8841911764705883,2135,2170,41,0,2129,2169,58086,6,0,0,6,1
2020-07-01,US,Ohio,Pike,20,0,0,39.07634001,-83.06769584,39131.0,72.01497911565606,0.0,20,20,0,0,20,20,28067,0,0,0,0,0
2020-07-01,US,Ohio,Portage,418,58,0,41.16793482,-81.19735782,39133.0,257.2846010857656,13.875598086124404,360,412,58,0,354,409,162927,6,0,0,6,3
2020-07-01,US,Ohio,Preble,66,1,0,39.7420247,-84.64787018,39135.0,161.44024264957682,1.5151515151515151,65,62,1,0,61,60,40997,4,0,0,4,2
2020-07-01,US,Ohio,Putnam,115,16,0,41.02094889,-84.1336111,39137.0,339.62375594341574,13.91304347826087,99,113,16,0,97,113,33780,2,0,0,2,0
2020-07-01,US,Ohio,Richland,318,5,0,40.77180308,-82.53799609999999,39139.0,262.47585717351467,1.572327044025157,313,314,5,0,309,312,121099,4,0,0,4,2
2020-07-01,US,Ohio,Ross,109,2,0,39.33705391,-83.06000914,39141.0,142.17514934912478,1.834862385321101,107,107,2,0,105,105,76931,2,0,0,2,2
2020-07-01,US,Ohio,Sandusky,122,13,0,41.35624126,-83.137872,39143.0,208.48285997470865,10.655737704918034,109,122,13,0,109,120,58799,0,0,0,0,2
2020-07-01,US,Ohio,Scioto,36,0,0,38.80270163,-82.98907345,39145.0,47.799877844756615,0.0,36,35,0,0,35,34,75502,1,0,0,1,1
2020-07-01,US,Ohio,Seneca,33,2,0,41.12351311,-83.12783209,39147.0,59.806444597484514,6.0606060606060606,31,33,2,0,31,32,55207,0,0,0,0,1
2020-07-01,US,Ohio,Shelby,59,4,0,40.33163494,-84.20258189,39149.0,121.42416135007204,6.779661016949151,55,58,4,0,54,58,48627,1,0,0,1,0
2020-07-01,US,Ohio,Stark,1052,112,0,40.81482476,-81.36437305,39151.0,283.8594086442205,10.64638783269962,940,1042,112,0,930,1026,371574,10,0,0,10,16
2020-07-01,US,Ohio,Summit,1969,206,0,41.12464734,-81.53123079,39153.0,363.9468922188562,10.462163534789234,1763,1953,205,0,1748,1920,541918,16,1,0,15,33
2020-07-01,US,Ohio,Trumbull,863,62,0,41.31735028,-80.76109643,39155.0,435.91582733086165,7.1842410196987245,801,834,62,0,772,824,198627,29,0,0,29,10
2020-07-01,US,Ohio,Tuscarawas,515,10,0,40.44214695,-81.47226262,39157.0,559.8617195908117,1.9417475728155342,505,507,10,0,497,498,92176,8,0,0,8,9
2020-07-01,US,Ohio,Union,80,1,0,40.30016061,-83.37239023,39159.0,135.62080423136908,1.25,79,77,1,0,76,77,57835,3,0,0,3,0
2020-07-01,US,Ohio,Van Wert,27,0,0,40.8554138,-84.59111700000003,39161.0,95.49071618037136,0.0,27,24,0,0,24,23,28281,3,0,0,3,1
2020-07-01,US,Ohio,Vinton,22,2,0,39.25208988,-82.4831444,39163.0,168.13144822315633,9.090909090909092,20,22,2,0,20,22,13139,0,0,0,0,0
2020-07-01,US,Ohio,Warren,757,21,0,39.42581994,-84.16557457,39165.0,322.6741460004604,2.7741083223249667,736,738,21,0,717,731,232173,19,0,0,19,7
2020-07-01,US,Ohio,Washington,127,20,0,39.45690571,-81.49121382,39167.0,211.9811053062042,15.74803149606299,107,124,20,0,104,124,60155,3,0,0,3,0
2020-07-01,US,Ohio,Wayne,354,52,0,40.82925852,-81.88844833,39169.0,305.93725693544206,14.689265536723163,302,353,52,0,301,352,115967,1,0,0,1,1
2020-07-01,US,Ohio,Williams,65,2,0,41.56052014,-84.58429552,39171.0,177.1503324975471,3.0769230769230766,63,65,2,0,63,63,36804,0,0,0,0,2
2020-07-01,US,Ohio,Wood,384,51,0,41.36224827,-83.62285108,39173.0,293.5398304501708,13.28125,333,376,51,0,325,368,130696,8,0,0,8,8
2020-07-01,US,Ohio,Wyandot,58,4,0,40.84339621,-83.30734173,39175.0,266.3972074223774,6.896551724137932,54,58,4,0,54,57,21935,0,0,0,0,1
2020-07-01,US,Oklahoma,Adair,115,4,0,35.88494195,-94.65859267,40001.0,518.1580607371361,3.4782608695652173,111,115,4,0,111,114,22082,0,0,0,0,1
2020-07-01,US,Oklahoma,Alfalfa,1,0,0,36.73090616,-98.32408495,40003.0,17.5377060680463,0.0,1,1,0,0,1,1,5754,0,0,0,0,0
2020-07-01,US,Oklahoma,Atoka,22,0,0,34.37366573,-96.03802487,40005.0,159.90696322139846,0.0,22,22,0,0,22,19,13838,0,0,0,0,3
2020-07-01,US,Oklahoma,Beaver,30,0,0,36.7496847,-100.4758872,40007.0,564.865373752589,0.0,30,30,0,0,30,30,5319,0,0,0,0,0
2020-07-01,US,Oklahoma,Beckham,11,0,0,35.26862449,-99.68128023,40009.0,50.32252161581042,0.0,11,11,0,0,11,11,21709,0,0,0,0,0
2020-07-01,US,Oklahoma,Blaine,14,0,0,35.87518314,-98.43307003,40011.0,148.47809948032662,0.0,14,14,0,0,14,14,9485,0,0,0,0,0
2020-07-01,US,Oklahoma,Bryan,100,1,0,33.96472458,-96.25903472,40013.0,208.35503698301903,1.0,99,94,1,0,93,86,47192,6,0,0,6,8
2020-07-01,US,Oklahoma,Caddo,189,11,0,35.17364557,-98.37534464,40015.0,657.1170294138099,5.8201058201058204,178,186,11,0,175,185,28977,3,0,0,3,1
2020-07-01,US,Oklahoma,Canadian,289,3,0,35.5426055,-97.98465569,40017.0,194.86736881852383,1.038062283737024,286,280,3,0,277,266,144447,9,0,0,9,14
2020-07-01,US,Oklahoma,Carter,95,1,0,34.25103751,-97.28552485,40019.0,197.46004032341872,1.0526315789473684,94,92,1,0,91,82,48177,3,0,0,3,10
2020-07-01,US,Oklahoma,Cherokee,79,1,0,35.90692775,-94.99980896,40021.0,162.3610169143186,1.2658227848101269,78,77,1,0,76,74,48675,2,0,0,2,3
2020-07-01,US,Oklahoma,Choctaw,112,1,0,34.02807439,-95.54771129,40023.0,763.3587786259543,0.8928571428571429,111,112,1,0,111,110,14668,0,0,0,0,2
2020-07-01,US,Oklahoma,Cimarron,1,0,0,36.74817177,-102.5173885,40025.0,46.79457182966776,0.0,1,1,0,0,1,1,2153,0,0,0,0,0
2020-07-01,US,Oklahoma,Cleveland,911,40,0,35.20413532,-97.32519562,40027.0,320.75883583203637,4.390779363336994,871,886,40,0,846,873,281669,25,0,0,25,13
2020-07-01,US,Oklahoma,Coal,8,0,0,34.58840127,-96.29798747,40029.0,145.5868971792539,0.0,8,8,0,0,8,8,5520,0,0,0,0,0
2020-07-01,US,Oklahoma,Comanche,408,5,0,34.65973764,-98.47195055,40031.0,337.8909970268905,1.2254901960784317,403,406,5,0,401,399,120422,2,0,0,2,7
2020-07-01,US,Oklahoma,Cotton,6,2,0,34.28845626,-98.37053567,40033.0,105.89481115425345,33.333333333333336,4,6,2,0,4,6,5776,0,0,0,0,0
2020-07-01,US,Oklahoma,Craig,22,0,0,36.76268118,-95.20916602,40035.0,155.56498373638806,0.0,22,21,0,0,21,19,14306,1,0,0,1,2
2020-07-01,US,Oklahoma,Creek,147,7,0,35.90230551,-96.37086028,40037.0,205.53116523587147,4.761904761904762,140,144,7,0,137,140,71604,3,0,0,3,4
2020-07-01,US,Oklahoma,Custer,55,0,0,35.63853802,-99.00170785,40039.0,189.63555494259214,0.0,55,55,0,0,55,55,29036,0,0,0,0,0
2020-07-01,US,Oklahoma,Delaware,153,16,0,36.40823634,-94.80325046,40041.0,355.7394963844777,10.45751633986928,137,152,16,0,136,136,42733,1,0,0,1,16
2020-07-01,US,Oklahoma,Dewey,5,0,0,35.98772922,-99.00730714,40043.0,102.22858311183808,0.0,5,5,0,0,5,5,4894,0,0,0,0,0
2020-07-01,US,Oklahoma,Ellis,1,0,0,36.218019399999996,-99.75324573,40045.0,25.91344908007256,0.0,1,1,0,0,1,1,3952,0,0,0,0,0
2020-07-01,US,Oklahoma,Garfield,68,2,0,36.3791334,-97.78265517,40047.0,111.37316561844864,2.9411764705882355,66,67,2,0,65,66,60913,1,0,0,1,1
2020-07-01,US,Oklahoma,Garvin,73,1,0,34.70418038,-97.30811132,40049.0,263.4332936379056,1.3698630136986298,72,70,1,0,69,69,27811,3,0,0,3,1
2020-07-01,US,Oklahoma,Grady,139,5,0,35.0167709,-97.88339847,40051.0,248.9522513164022,3.5971223021582728,134,137,5,0,132,138,55551,2,0,0,2,-1
2020-07-01,US,Oklahoma,Grant,2,0,0,36.796296999999996,-97.78638765,40053.0,46.15739672282484,0.0,2,2,0,0,2,2,4326,0,0,0,0,0
2020-07-01,US,Oklahoma,Greer,66,7,0,34.93535801,-99.56056120000001,40055.0,1155.4621848739494,10.606060606060606,59,66,7,0,59,66,5821,0,0,0,0,0
2020-07-01,US,Oklahoma,Harmon,1,0,0,34.7440135,-99.84741652,40057.0,37.69317753486619,0.0,1,1,0,0,1,1,2664,0,0,0,0,0
2020-07-01,US,Oklahoma,Harper,1,0,0,36.78836519,-99.6679804,40059.0,27.11496746203905,0.0,1,1,0,0,1,1,3797,0,0,0,0,0
2020-07-01,US,Oklahoma,Haskell,10,0,0,35.22257600000001,-95.11513306,40061.0,79.19537499010058,0.0,10,10,0,0,10,9,12668,0,0,0,0,1
2020-07-01,US,Oklahoma,Hughes,11,0,0,35.04912569,-96.24921145,40063.0,82.83756306950825,0.0,11,10,0,0,10,10,13335,1,0,0,1,0
2020-07-01,US,Oklahoma,Jackson,38,3,0,34.58781741,-99.41138784,40065.0,154.91235222176925,7.894736842105262,35,38,3,0,35,35,24949,0,0,0,0,3
2020-07-01,US,Oklahoma,Jefferson,8,0,0,34.11130184,-97.83182974,40067.0,133.2889036987671,0.0,8,8,0,0,8,6,6123,0,0,0,0,2
2020-07-01,US,Oklahoma,Johnston,13,0,0,34.31440473,-96.66011537,40069.0,117.27559765448805,0.0,13,12,0,0,12,12,10949,1,0,0,1,0
2020-07-01,US,Oklahoma,Kay,98,7,0,36.81799745,-97.14421435,40071.0,225.09072534337818,7.142857142857142,91,97,7,0,90,92,44161,1,0,0,1,5
2020-07-01,US,Oklahoma,Kingfisher,26,0,0,35.94530008,-97.94193268,40073.0,164.9222962258167,0.0,26,26,0,0,26,27,15816,0,0,0,0,-1
2020-07-01,US,Oklahoma,Kiowa,10,1,0,34.91671958,-98.97720696,40075.0,114.83693155718879,10.0,9,10,1,0,9,8,8729,0,0,0,0,2
2020-07-01,US,Oklahoma,Latimer,11,1,0,34.87844729,-95.25215049,40077.0,109.2028194182468,9.090909090909092,10,11,1,0,10,9,10231,0,0,0,0,2
2020-07-01,US,Oklahoma,Le Flore,33,1,0,34.89851864,-94.70392124,40079.0,66.19461215974967,3.0303030303030303,32,32,1,0,31,31,49980,1,0,0,1,1
2020-07-01,US,Oklahoma,Lincoln,30,2,0,35.70270942,-96.8812462,40081.0,86.01657252630675,6.666666666666668,28,29,2,0,27,29,34920,1,0,0,1,0
2020-07-01,US,Oklahoma,Logan,49,1,0,35.91899576,-97.44352845,40083.0,102.05994459603008,2.0408163265306123,48,49,1,0,48,44,47291,0,0,0,0,5
2020-07-01,US,Oklahoma,Love,30,0,0,33.95273467,-97.23906784,40085.0,292.597288598459,0.0,30,30,0,0,30,30,10134,0,0,0,0,0
2020-07-01,US,Oklahoma,Major,8,1,0,36.31149996,-98.53467076,40093.0,104.86302267662865,12.5,7,8,1,0,7,8,7644,0,0,0,0,0
2020-07-01,US,Oklahoma,Marshall,32,0,0,34.02311222,-96.76855464,40095.0,189.0024215935266,0.0,32,32,0,0,32,26,16806,0,0,0,0,6
2020-07-01,US,Oklahoma,Mayes,82,5,0,36.30179091,-95.23175116,40097.0,199.5133819951338,6.097560975609755,77,81,5,0,76,79,41107,1,0,0,1,2
2020-07-01,US,Oklahoma,McClain,167,4,0,35.01123903,-97.44572302,40087.0,412.6105648070366,2.395209580838323,163,159,4,0,155,154,39985,8,0,0,8,5
2020-07-01,US,Oklahoma,McCurtain,483,4,0,34.11664328,-94.77222373,40089.0,1471.1257309941518,0.8281573498964804,479,471,4,0,467,436,32703,12,0,0,12,35
2020-07-01,US,Oklahoma,McIntosh,59,1,0,35.37235506,-95.66599306,40091.0,301.0818534394775,1.6949152542372878,58,57,1,0,56,52,19815,2,0,0,2,5
2020-07-01,US,Oklahoma,Murray,18,0,0,34.48116015,-97.06826283,40099.0,127.90449797484544,0.0,18,18,0,0,18,19,13953,0,0,0,0,-1
2020-07-01,US,Oklahoma,Muskogee,123,11,0,35.61318461,-95.37802952,40101.0,180.89033339706157,8.943089430894311,112,118,11,0,107,106,68362,5,0,0,5,12
2020-07-01,US,Oklahoma,Noble,39,0,0,36.38953329,-97.22928674,40103.0,350.37283262959295,0.0,39,39,0,0,39,38,11289,0,0,0,0,1
2020-07-01,US,Oklahoma,Nowata,34,1,0,36.79843529,-95.61902331,40105.0,337.43549027391816,2.9411764705882355,33,34,1,0,33,34,10218,0,0,0,0,0
2020-07-01,US,Oklahoma,Okfuskee,14,0,0,35.46485198,-96.32639984,40107.0,116.7347619444676,0.0,14,14,0,0,14,14,12098,0,0,0,0,0
2020-07-01,US,Oklahoma,Oklahoma,3029,70,0,35.55140095,-97.40716948,40109.0,379.8433475372257,2.31099372730274,2959,2913,70,0,2843,2732,792582,116,0,0,116,181
2020-07-01,US,Oklahoma,Okmulgee,62,0,0,35.64661916,-95.96432828,40111.0,161.1854933056025,0.0,62,62,0,0,62,61,38335,0,0,0,0,1
2020-07-01,US,Oklahoma,Osage,168,8,0,36.62888819,-96.39635704,40113.0,357.72842450439714,4.761904761904762,160,165,8,0,157,160,47014,3,0,0,3,5
2020-07-01,US,Oklahoma,Ottawa,73,2,0,36.83532655,-94.81011909,40115.0,234.5230828541138,2.7397260273972597,71,70,2,0,68,50,31175,3,0,0,3,20
2020-07-01,US,Oklahoma,Pawnee,57,2,0,36.31743373,-96.70331759999999,40117.0,348.0703468490474,3.5087719298245608,55,56,2,0,54,54,16390,1,0,0,1,2
2020-07-01,US,Oklahoma,Payne,387,1,0,36.07695283,-96.97584944,40119.0,473.1976914799961,0.25839793281653745,386,382,1,0,381,358,82040,5,0,0,5,24
2020-07-01,US,Oklahoma,Pittsburg,58,3,0,34.92065823,-95.75134320000001,40121.0,132.86296788381364,5.172413793103448,55,58,3,0,55,58,43877,0,0,0,0,0
2020-07-01,US,Oklahoma,Pontotoc,42,2,0,34.72959848,-96.68337199,40123.0,109.70640476439243,4.761904761904762,40,39,2,0,37,38,38247,3,0,0,3,1
2020-07-01,US,Oklahoma,Pottawatomie,105,4,0,35.20614018,-96.94923008,40125.0,144.64403791051356,3.809523809523809,101,104,4,0,100,102,72679,1,0,0,1,2
2020-07-01,US,Oklahoma,Pushmataha,13,0,0,34.41635232,-95.37603505,40127.0,117.15933669790917,0.0,13,11,0,0,11,10,11179,2,0,0,2,1
2020-07-01,US,Oklahoma,Rogers,186,6,0,36.37004357,-95.60406759,40131.0,201.1702484344412,3.2258064516129035,180,178,6,0,172,167,91984,8,0,0,8,11
2020-07-01,US,Oklahoma,Seminole,41,3,0,35.16478725,-96.61686741,40133.0,169.01640695852913,7.317073170731707,38,40,3,0,37,37,24578,1,0,0,1,3
2020-07-01,US,Oklahoma,Sequoyah,40,3,0,35.49447108,-94.75463785,40135.0,96.22555269551829,7.5,37,40,3,0,37,32,41179,0,0,0,0,8
2020-07-01,US,Oklahoma,Stephens,63,1,0,34.48556989,-97.85141892,40137.0,146.02600653640218,1.5873015873015872,62,63,1,0,62,55,43265,0,0,0,0,8
2020-07-01,US,Oklahoma,Texas,987,6,0,36.74777635,-101.4889765,40139.0,4939.198318570785,0.6079027355623101,981,987,6,0,981,986,20455,0,0,0,0,1
2020-07-01,US,Oklahoma,Tillman,23,1,0,34.37288446,-98.92426619,40141.0,317.2413793103448,4.3478260869565215,22,23,1,0,22,23,7348,0,0,0,0,0
2020-07-01,US,Oklahoma,Tulsa,3544,69,0,36.11939621,-95.94013939,40143.0,543.9320269141987,1.9469525959367944,3475,3424,67,0,3357,3304,648360,120,2,0,118,120
2020-07-01,US,Oklahoma,Wagoner,269,19,0,35.96024096,-95.51911308,40145.0,330.91808239737236,7.063197026022304,250,266,19,0,247,246,80110,3,0,0,3,20
2020-07-01,US,Oklahoma,Washington,400,39,0,36.71380786,-95.90514104,40147.0,776.2920410658488,9.75,361,398,39,0,359,396,51843,2,0,0,2,2
2020-07-01,US,Oklahoma,Washita,3,0,0,35.29071824,-98.99180434,40149.0,27.482594356907292,0.0,3,3,0,0,3,3,11127,0,0,0,0,0
2020-07-01,US,Oklahoma,Woods,7,0,0,36.76705782,-98.86573064,40151.0,79.60877971113386,0.0,7,7,0,0,7,5,8897,0,0,0,0,2
2020-07-01,US,Oklahoma,Woodward,12,0,0,36.42316318,-99.26283045,40153.0,59.373608431052396,0.0,12,12,0,0,12,12,20222,0,0,0,0,0
2020-07-01,US,Oregon,Baker,4,0,0,44.70915557,-117.6749883,41001.0,24.807740014884644,0.0,4,1,0,0,1,1,16006,3,0,0,3,0
2020-07-01,US,Oregon,Benton,84,5,0,44.49167306,-123.4316987,41003.0,90.27113580432655,5.9523809523809526,79,82,5,0,77,82,92101,2,0,0,2,0
2020-07-01,US,Oregon,Clackamas,751,24,0,45.18787398,-122.2179634,41005.0,179.5847312326782,3.195739014647137,727,733,24,0,709,716,416075,18,0,0,18,17
2020-07-01,US,Oregon,Clatsop,49,0,0,45.99712889,-123.660711,41007.0,121.81782020684167,0.0,49,48,0,0,48,49,39764,1,0,0,1,-1
2020-07-01,US,Oregon,Columbia,30,0,0,45.94464254,-123.0890898,41009.0,57.302211865378005,0.0,30,29,0,0,29,29,52377,1,0,0,1,0
2020-07-01,US,Oregon,Coos,41,0,0,43.17406868,-124.0594514,41011.0,63.57870578566222,0.0,41,41,0,0,41,40,64389,0,0,0,0,1
2020-07-01,US,Oregon,Crook,10,0,0,44.14230227,-120.356297,41013.0,40.976889034584495,0.0,10,10,0,0,10,10,23867,0,0,0,0,0
2020-07-01,US,Oregon,Curry,7,0,0,42.45911325,-124.157282,41015.0,30.53435114503817,0.0,7,7,0,0,7,7,22813,0,0,0,0,0
2020-07-01,US,Oregon,Deschutes,183,0,0,43.91570171,-121.2289121,41017.0,92.56823746029177,0.0,183,181,0,0,181,172,191996,2,0,0,2,9
2020-07-01,US,Oregon,Douglas,42,0,0,43.27941273,-123.167291,41019.0,37.84465669489998,0.0,42,40,0,0,40,40,110283,2,0,0,2,0
2020-07-01,US,Oregon,Grant,1,0,0,44.49024544,-119.0068631,41023.0,13.890818169190164,0.0,1,1,0,0,1,1,7176,0,0,0,0,0
2020-07-01,US,Oregon,Harney,1,0,0,43.06422669,-118.9666306,41025.0,13.526308670363855,0.0,1,1,0,0,1,1,7329,0,0,0,0,0
2020-07-01,US,Oregon,Hood River,88,0,0,45.51872811,-121.65520359999998,41027.0,376.35788213155416,0.0,88,88,0,0,88,88,23428,0,0,0,0,0
2020-07-01,US,Oregon,Jackson,117,0,0,42.43201126,-122.7289309,41029.0,52.95459482945905,0.0,117,114,0,0,114,109,219564,3,0,0,3,5
2020-07-01,US,Oregon,Jefferson,118,0,0,44.62806839,-121.17832,41031.0,478.54651634358015,0.0,118,112,0,0,112,100,24192,6,0,0,6,12
2020-07-01,US,Oregon,Josephine,33,1,0,42.3665549,-123.5561938,41033.0,37.71988981220067,3.0303030303030303,32,33,1,0,32,32,87393,0,0,0,0,1
2020-07-01,US,Oregon,Klamath,123,0,0,42.68762984,-121.64964609999998,41035.0,180.251472786424,0.0,123,119,0,0,119,116,67653,4,0,0,4,3
2020-07-01,US,Oregon,Lake,19,0,0,42.79246693,-120.3850163,41037.0,241.45380607446944,0.0,19,17,0,0,17,15,7879,2,0,0,2,2
2020-07-01,US,Oregon,Lane,165,3,0,43.93727035,-122.847753,41039.0,43.18614274459715,1.818181818181818,162,151,3,0,148,145,379611,14,0,0,14,6
2020-07-01,US,Oregon,Lincoln,324,2,0,44.64252874,-123.869912,41041.0,648.4928545694727,0.6172839506172839,322,312,2,0,310,310,49388,12,0,0,12,2
2020-07-01,US,Oregon,Linn,151,9,0,44.48899494,-122.5373154,41043.0,116.37854627010613,5.960264900662253,142,144,9,0,135,140,127335,7,0,0,7,4
2020-07-01,US,Oregon,Malheur,124,1,0,43.1937027,-117.6227395,41045.0,405.61316280134764,0.8064516129032258,123,108,1,0,107,101,30725,16,0,0,16,7
2020-07-01,US,Oregon,Marion,1539,47,0,44.90287942,-122.5815117,41047.0,442.4727874923092,3.0539311241065628,1492,1514,46,0,1468,1489,346868,25,1,0,24,25
2020-07-01,US,Oregon,Morrow,64,1,0,45.41846568,-119.584546,41049.0,551.5814875463242,1.5625,63,61,1,0,60,61,11372,3,0,0,3,0
2020-07-01,US,Oregon,Multnomah,2239,69,0,45.54747959,-122.4169351,41051.0,275.4488807966981,3.081732916480572,2170,2202,69,0,2133,2167,811880,37,0,0,37,35
2020-07-01,US,Oregon,Polk,149,12,0,44.90322804,-123.4128888,41053.0,173.08474182494047,8.053691275167786,137,141,12,0,129,139,85234,8,0,0,8,2
2020-07-01,US,Oregon,Sherman,1,0,0,45.41501554,-120.6827834,41055.0,56.179775280898866,0.0,1,1,0,0,1,1,1708,0,0,0,0,0
2020-07-01,US,Oregon,Tillamook,11,0,0,45.46248721,-123.712066,41057.0,40.6864920846279,0.0,11,9,0,0,9,9,26787,2,0,0,2,0
2020-07-01,US,Oregon,Umatilla,533,4,0,45.59073056,-118.7353826,41059.0,683.7716484926235,0.7504690431519699,529,492,4,0,488,482,77516,41,0,0,41,10
2020-07-01,US,Oregon,Union,342,1,0,45.30915495,-118.0068979,41061.0,1274.4550027948576,0.29239766081871343,341,337,1,0,336,327,26461,5,0,0,5,10
2020-07-01,US,Oregon,Wallowa,10,0,0,45.57894064,-117.18353799999998,41063.0,138.73473917869035,0.0,10,8,0,0,8,8,7081,2,0,0,2,0
2020-07-01,US,Oregon,Wasco,73,1,0,45.16292781,-121.1670954,41065.0,273.59268420658117,1.3698630136986298,72,69,1,0,68,68,26505,4,0,0,4,1
2020-07-01,US,Oregon,Washington,1379,20,0,45.55972701,-123.0955257,41067.0,229.22512267450364,1.45032632342277,1359,1331,20,0,1311,1315,597695,48,0,0,48,16
2020-07-01,US,Oregon,Yamhill,126,8,0,45.23330449,-123.3086963,41071.0,117.64705882352942,6.349206349206349,118,119,8,0,111,115,107002,7,0,0,7,4
2020-07-01,US,Pennsylvania,Adams,341,13,0,39.87140411,-77.21610347,42001.0,331.0390354240892,3.812316715542522,328,339,12,0,327,332,102811,2,1,0,1,7
2020-07-01,US,Pennsylvania,Allegheny,2870,187,0,40.46809875,-79.98167747,42003.0,236.0110028822946,6.515679442508711,2683,2760,183,0,2577,2651,1218452,110,4,0,106,109
2020-07-01,US,Pennsylvania,Armstrong,76,6,0,40.81665618,-79.46290811,42005.0,117.40171468293812,7.894736842105262,70,74,6,0,68,73,65263,2,0,0,2,1
2020-07-01,US,Pennsylvania,Beaver,678,78,0,40.6825484,-80.34921611,42007.0,413.5936899511374,11.50442477876106,600,669,78,0,591,651,164742,9,0,0,9,18
2020-07-01,US,Pennsylvania,Bedford,87,4,0,40.00522157,-78.48998442,42009.0,181.6739057801537,4.597701149425287,83,82,3,0,79,81,48176,5,1,0,4,1
2020-07-01,US,Pennsylvania,Berks,4559,351,0,40.41570541,-75.92457766,42011.0,1082.4761850490545,7.699056810704103,4208,4527,351,0,4176,4521,420152,32,0,0,32,6
2020-07-01,US,Pennsylvania,Blair,72,1,0,40.47961444,-78.34917412,42013.0,59.0992292475519,1.3888888888888888,71,71,1,0,70,72,122492,1,0,0,1,-1
2020-07-01,US,Pennsylvania,Bradford,58,3,0,41.78869215,-76.51570822,42015.0,96.1490642043665,5.172413793103448,55,57,3,0,54,56,60833,1,0,0,1,1
2020-07-01,US,Pennsylvania,Bucks,5777,565,0,40.33682119,-75.10836643,42017.0,919.5091282410427,9.780162714211528,5212,5744,564,0,5180,5729,628195,33,1,0,32,15
2020-07-01,US,Pennsylvania,Butler,311,13,0,40.91152759,-79.91351055,42019.0,165.55498182089187,4.180064308681672,298,307,13,0,294,302,187888,4,0,0,4,5
2020-07-01,US,Pennsylvania,Cambria,83,3,0,40.49527404,-78.71377428,42021.0,63.751997050510006,3.614457831325301,80,80,3,0,77,78,131730,3,0,0,3,2
2020-07-01,US,Pennsylvania,Cameron,3,0,0,41.43625568,-78.20376845,42023.0,67.4612098043625,0.0,3,3,0,0,3,3,4492,0,0,0,0,0
2020-07-01,US,Pennsylvania,Carbon,280,26,0,40.91545395,-75.7068525,42025.0,436.2593873671746,9.285714285714286,254,278,26,0,252,278,64227,2,0,0,2,0
2020-07-01,US,Pennsylvania,Centre,205,7,0,40.92058903,-77.82200624,42027.0,126.24318748652892,3.414634146341464,198,201,7,0,194,201,162805,4,0,0,4,0
2020-07-01,US,Pennsylvania,Chester,3731,325,0,39.97291773,-75.74768357,42029.0,710.6815571373877,8.710801393728223,3406,3711,323,0,3388,3677,522046,20,2,0,18,34
2020-07-01,US,Pennsylvania,Clarion,35,2,0,41.19265812,-79.42413524,42031.0,91.05572610437588,5.7142857142857135,33,34,2,0,32,34,38779,1,0,0,1,0
2020-07-01,US,Pennsylvania,Clearfield,72,0,0,41.00110782,-78.47592663,42033.0,90.84600340672512,0.0,72,72,0,0,72,72,79388,0,0,0,0,0
2020-07-01,US,Pennsylvania,Clinton,80,4,0,41.23255967,-77.63785995,42035.0,207.08221163802028,5.0,76,78,4,0,74,77,38684,2,0,0,2,1
2020-07-01,US,Pennsylvania,Columbia,403,34,0,41.04821986,-76.40565017,42037.0,620.3435749030232,8.436724565756824,369,400,34,0,366,400,65456,3,0,0,3,0
2020-07-01,US,Pennsylvania,Crawford,57,0,0,41.68447709,-80.10760592,42039.0,67.35279868602962,0.0,57,53,0,0,53,53,85063,4,0,0,4,0
2020-07-01,US,Pennsylvania,Cumberland,856,64,0,40.1625372,-77.26130755,42041.0,337.8458381023799,7.4766355140186915,792,852,64,0,788,847,251423,4,0,0,4,5
2020-07-01,US,Pennsylvania,Dauphin,2059,135,0,40.41377078,-76.77993242,42043.0,739.8517421909529,6.556580864497329,1924,2045,133,0,1912,1971,277097,14,2,0,12,74
2020-07-01,US,Pennsylvania,Delaware,7230,655,0,39.91680171,-75.40243663,42045.0,1275.7015034927401,9.059474412171507,6575,7201,655,0,6546,7170,564751,29,0,0,29,31
2020-07-01,US,Pennsylvania,Elk,15,0,0,41.42822061,-78.64524744,42047.0,50.15045135406218,0.0,15,15,0,0,15,13,30169,0,0,0,0,2
2020-07-01,US,Pennsylvania,Erie,620,12,0,41.99253829,-80.03301954,42049.0,229.86119349863569,1.935483870967742,608,607,12,0,595,595,272061,13,0,0,13,12
2020-07-01,US,Pennsylvania,Fayette,117,4,0,39.92041012,-79.64291195,42051.0,90.50543806179122,3.418803418803418,113,116,4,0,112,112,130441,1,0,0,1,4
2020-07-01,US,Pennsylvania,Forest,7,0,0,41.51095103,-79.23229292,42053.0,96.59169311439214,0.0,7,7,0,0,7,7,7279,0,0,0,0,0
2020-07-01,US,Pennsylvania,Franklin,940,44,0,39.92956518,-77.72157791,42055.0,606.3459913434434,4.680851063829787,896,925,43,0,882,915,154835,15,1,0,14,10
2020-07-01,US,Pennsylvania,Fulton,18,1,0,39.92913544,-78.11163677,42057.0,123.88162422573986,5.5555555555555545,17,18,1,0,17,18,14523,0,0,0,0,0
2020-07-01,US,Pennsylvania,Greene,41,0,0,39.85746531,-80.22357106,42059.0,113.15651477934479,0.0,41,41,0,0,41,39,36506,0,0,0,0,2
2020-07-01,US,Pennsylvania,Huntingdon,252,4,0,40.42162652,-77.97673273,42061.0,558.2137161084529,1.5873015873015872,248,252,4,0,248,251,45168,0,0,0,0,1
2020-07-01,US,Pennsylvania,Indiana,111,6,0,40.65241041,-79.08963285,42063.0,132.02811842089613,5.405405405405406,105,108,6,0,102,104,84501,3,0,0,3,4
2020-07-01,US,Pennsylvania,Jefferson,24,1,0,41.12913106,-78.9986361,42065.0,55.26770293609672,4.166666666666667,23,22,1,0,21,21,43641,2,0,0,2,1
2020-07-01,US,Pennsylvania,Juniata,111,6,0,40.53358749,-77.39975129999998,42067.0,448.249404353269,5.405405405405406,105,111,6,0,105,111,24704,0,0,0,0,0
2020-07-01,US,Pennsylvania,Lackawanna,1707,204,0,41.43564672,-75.60379201,42069.0,814.1209687419517,11.95079086115993,1503,1703,203,0,1500,1694,210793,4,1,0,3,9
2020-07-01,US,Pennsylvania,Lancaster,4464,364,0,40.03904563,-76.24770128,42071.0,817.9959100204499,8.154121863799283,4100,4442,357,0,4085,4414,543557,22,7,0,15,28
2020-07-01,US,Pennsylvania,Lawrence,103,9,0,40.99206278,-80.33393706,42073.0,120.45093086350454,8.737864077669903,94,102,9,0,93,101,86184,1,0,0,1,1
2020-07-01,US,Pennsylvania,Lebanon,1350,43,0,40.36680311,-76.45651841,42075.0,952.0921343084638,3.185185185185185,1307,1342,43,0,1299,1331,141314,8,0,0,8,11
2020-07-01,US,Pennsylvania,Lehigh,4258,300,0,40.6154815,-75.59435245,42077.0,1152.9359522146226,7.045561296383277,3958,4235,297,0,3938,4220,368100,23,3,0,20,15
2020-07-01,US,Pennsylvania,Luzerne,2915,177,0,41.17823008,-75.98447579,42079.0,918.3503088996492,6.07204116638079,2738,2910,177,0,2733,2906,317646,5,0,0,5,4
2020-07-01,US,Pennsylvania,Lycoming,187,19,0,41.34310539,-77.06629984,42081.0,165.05000044131015,10.16042780748663,168,182,19,0,163,179,113664,5,0,0,5,3
2020-07-01,US,Pennsylvania,McKean,18,1,0,41.80938602,-78.56478358,42083.0,44.30769230769231,5.5555555555555545,17,17,1,0,16,15,40968,1,0,0,1,2
2020-07-01,US,Pennsylvania,Mercer,140,6,0,41.30248872,-80.25816981,42085.0,127.94268167860798,4.285714285714286,134,140,6,0,134,136,110683,0,0,0,0,4
2020-07-01,US,Pennsylvania,Mifflin,63,1,0,40.61116939,-77.61070738,42087.0,136.5468810958429,1.5873015873015872,62,63,1,0,62,63,46222,0,0,0,0,0
2020-07-01,US,Pennsylvania,Monroe,1423,108,0,41.05934058,-75.34031025,42089.0,835.7265770448287,7.589599437807449,1315,1421,108,0,1313,1409,169507,2,0,0,2,12
2020-07-01,US,Pennsylvania,Montgomery,8483,804,0,40.21053671,-75.36652296,42091.0,1020.9227177268433,9.477779087586939,7679,8448,801,0,7647,8413,828604,35,3,0,32,35
2020-07-01,US,Pennsylvania,Montour,74,1,0,41.03023987,-76.66345939,42093.0,405.92430060340104,1.351351351351351,73,73,1,0,72,73,18240,1,0,0,1,0
2020-07-01,US,Pennsylvania,Northampton,3425,266,0,40.75182733,-75.30471829,42095.0,1121.9024845636045,7.766423357664234,3159,3413,266,0,3147,3407,304807,12,0,0,12,6
2020-07-01,US,Pennsylvania,Northumberland,314,5,0,40.84785433,-76.70798222,42097.0,345.65128848672987,1.5923566878980893,309,304,5,0,299,302,91083,10,0,0,10,2
2020-07-01,US,Pennsylvania,Perry,86,5,0,40.40206612,-77.26297447,42099.0,185.85753803596126,5.813953488372092,81,86,5,0,81,86,46139,0,0,0,0,0
2020-07-01,US,Pennsylvania,Philadelphia,26257,1611,0,40.00338507,-75.1379271,42101.0,1657.5719162862106,6.135506722016987,24646,26133,1606,0,24527,25991,1584138,124,5,0,119,142
2020-07-01,US,Pennsylvania,Pike,496,20,0,41.33155042,-75.03208106,42103.0,888.7455428335933,4.032258064516129,476,496,20,0,476,494,55933,0,0,0,0,2
2020-07-01,US,Pennsylvania,Potter,16,0,0,41.74471626,-77.89559864,42105.0,96.81713663318408,0.0,16,15,0,0,15,15,16622,1,0,0,1,0
2020-07-01,US,Pennsylvania,Schuylkill,747,44,0,40.70497338,-76.2150785,42107.0,528.4417688297174,5.890227576974566,703,741,44,0,697,741,142067,6,0,0,6,0
2020-07-01,US,Pennsylvania,Snyder,66,2,0,40.77129231,-77.06840691,42109.0,163.47963935400773,3.0303030303030303,64,66,2,0,64,65,40540,0,0,0,0,1
2020-07-01,US,Pennsylvania,Somerset,61,1,0,39.97172723,-79.02699593,42111.0,83.05308589867523,1.639344262295082,60,61,1,0,60,61,73952,0,0,0,0,0
2020-07-01,US,Pennsylvania,Sullivan,5,0,0,41.44634738,-76.51246591,42113.0,82.42664029014178,0.0,5,5,0,0,5,5,6071,0,0,0,0,0
2020-07-01,US,Pennsylvania,Susquehanna,182,24,0,41.82147784,-75.80071959,42115.0,451.29934536798254,13.186813186813184,158,182,23,0,159,182,40589,0,1,0,-1,0
2020-07-01,US,Pennsylvania,Tioga,25,2,0,41.77255149,-77.25433032,42117.0,61.59000763716094,8.0,23,25,2,0,23,25,40763,0,0,0,0,0
2020-07-01,US,Pennsylvania,Union,91,2,0,40.96188846,-77.05996014,42119.0,202.568840015137,2.1978021978021984,89,92,2,0,90,92,44785,-1,0,0,-1,0
2020-07-01,US,Pennsylvania,Venango,19,0,0,41.40323442,-79.75845449,42121.0,37.499013183863575,0.0,19,18,0,0,18,18,51266,1,0,0,1,0
2020-07-01,US,Pennsylvania,Warren,7,1,0,41.81304978,-79.26969577,42123.0,17.861243652879487,14.285714285714285,6,6,0,0,6,5,39498,1,1,0,0,1
2020-07-01,US,Pennsylvania,Washington,230,6,0,40.19208869,-80.24582867,42125.0,111.18362216904744,2.608695652173913,224,219,6,0,213,216,207346,11,0,0,11,3
2020-07-01,US,Pennsylvania,Wayne,140,9,0,41.64938475,-75.29956506,42127.0,272.58036253188214,6.428571428571429,131,140,9,0,131,139,51276,0,0,0,0,1
2020-07-01,US,Pennsylvania,Westmoreland,675,38,0,40.31377979999999,-79.46615476,42129.0,193.4657307702229,5.62962962962963,637,646,38,0,608,640,350611,29,0,0,29,6
2020-07-01,US,Pennsylvania,Wyoming,38,7,0,41.51955538,-76.01074915,42131.0,141.82279614839143,18.42105263157895,31,38,7,0,31,37,27046,0,0,0,0,1
2020-07-01,US,Pennsylvania,York,1531,50,0,39.9210089,-76.73040131,42133.0,340.9359147370718,3.265839320705421,1481,1515,48,0,1467,1477,448273,16,2,0,14,38
2020-07-01,US,Rhode Island,Bristol,253,0,0,41.71018079,-71.28652315,44001.0,521.8754512263042,0.0,253,253,0,0,253,253,48649,0,0,0,0,0
2020-07-01,US,Rhode Island,Kent,1199,0,0,41.67106337,-71.57641596,44003.0,729.7981642441507,0.0,1199,1199,0,0,1199,1199,163861,0,0,0,0,0
2020-07-01,US,Rhode Island,Newport,308,0,0,41.5642026,-71.26569799,44005.0,375.234521575985,0.0,308,308,0,0,308,308,82542,0,0,0,0,0
2020-07-01,US,Rhode Island,Providence,12937,0,0,41.87064746,-71.57753536,44007.0,2024.7882791725556,0.0,12937,12937,0,0,12937,12937,636084,0,0,0,0,0
2020-07-01,US,Rhode Island,Unassigned,1624,956,0,0.0,0.0,90044.0,0.0,58.86699507389162,668,1584,950,0,634,1535,,40,6,0,34,49
2020-07-01,US,Rhode Island,Washington,532,0,0,41.45961631,-71.61435303,44009.0,423.64445718563115,0.0,532,532,0,0,532,532,126179,0,0,0,0,0
2020-07-01,US,South Carolina,Abbeville,113,0,0,34.22333378,-82.46170658,45001.0,460.71676112039785,0.0,113,113,0,0,113,106,24541,0,0,0,0,7
2020-07-01,US,South Carolina,Aiken,406,10,0,33.54338026,-81.63645384,45003.0,237.60475677700268,2.4630541871921183,396,387,10,0,377,358,169401,19,0,0,19,29
2020-07-01,US,South Carolina,Allendale,50,3,0,32.98837386,-81.35321066,45005.0,575.5064456721915,6.0,47,48,3,0,45,48,8903,2,0,0,2,0
2020-07-01,US,South Carolina,Anderson,635,11,0,34.51828081,-82.63959517,45007.0,313.4904570542758,1.7322834645669292,624,608,11,0,597,578,200482,27,0,0,27,30
2020-07-01,US,South Carolina,Bamberg,117,1,0,33.21927586,-81.05659969,45009.0,831.7929759704251,0.8547008547008547,116,113,1,0,112,103,14275,4,0,0,4,10
2020-07-01,US,South Carolina,Barnwell,82,1,0,33.26679302,-81.43584352,45011.0,392.98380139940565,1.2195121951219512,81,79,1,0,78,77,21112,3,0,0,3,2
2020-07-01,US,South Carolina,Beaufort,1282,18,0,32.39226291,-80.72619758,45013.0,667.2843297488055,1.4040561622464898,1264,1223,18,0,1205,1152,188715,59,0,0,59,71
2020-07-01,US,South Carolina,Berkeley,1170,23,0,33.20222596,-79.94654523,45015.0,513.3672945543577,1.9658119658119655,1147,1069,22,0,1047,1007,221091,101,1,0,100,62
2020-07-01,US,South Carolina,Calhoun,99,2,0,33.66926881,-80.77722168,45017.0,680.2721088435375,2.0202020202020203,97,87,1,0,86,83,14520,12,1,0,11,4
2020-07-01,US,South Carolina,Charleston,4289,33,0,32.82487866,-79.96512315,45019.0,1042.5224717189346,0.7694101189088366,4256,4027,26,0,4001,3654,405905,262,7,0,255,373
2020-07-01,US,South Carolina,Cherokee,158,8,0,35.05122251,-81.61828622,45021.0,275.7417102966841,5.063291139240507,150,154,7,0,147,145,57078,4,1,0,3,9
2020-07-01,US,South Carolina,Chester,189,1,0,34.69249168,-81.1583216,45023.0,586.155563825828,0.5291005291005291,188,185,1,0,184,173,32251,4,0,0,4,12
2020-07-01,US,South Carolina,Chesterfield,373,14,0,34.64137396,-80.15640140000002,45025.0,817.0865279299014,3.7533512064343166,359,366,14,0,352,363,45754,7,0,0,7,3
2020-07-01,US,South Carolina,Clarendon,418,42,0,33.66610974,-80.21647898,45027.0,1238.70202993036,10.047846889952151,376,413,42,0,371,409,33700,5,0,0,5,4
2020-07-01,US,South Carolina,Colleton,333,21,0,32.87582989,-80.67641292,45029.0,883.8283302810732,6.306306306306308,312,329,21,0,308,324,37660,4,0,0,4,5
2020-07-01,US,South Carolina,Darlington,452,14,0,34.33358335,-79.96027485,45031.0,678.4953015701462,3.0973451327433628,438,445,14,0,431,433,66802,7,0,0,7,12
2020-07-01,US,South Carolina,Dillon,307,10,0,34.39007791,-79.37741872,45033.0,1007.250894058204,3.2573289902280136,297,304,9,0,295,298,30599,3,1,0,2,6
2020-07-01,US,South Carolina,Dorchester,773,3,0,33.0794369,-80.40502652,45035.0,474.78947724020173,0.38809831824062097,770,712,3,0,709,627,160647,61,0,0,61,85
2020-07-01,US,South Carolina,Edgefield,83,3,0,33.77221995,-81.96231108,45037.0,304.4754218635363,3.614457831325301,80,76,3,0,73,76,27052,7,0,0,7,0
2020-07-01,US,South Carolina,Fairfield,302,22,0,34.39287073,-81.1195624,45039.0,1351.411822616011,7.284768211920531,280,298,21,0,277,288,22402,4,1,0,3,10
2020-07-01,US,South Carolina,Florence,1230,53,0,34.02361754,-79.70189312,45041.0,889.4159501927068,4.308943089430894,1177,1199,51,0,1148,1159,138159,31,2,0,29,40
2020-07-01,US,South Carolina,Georgetown,489,3,0,33.43443342,-79.33202141,45043.0,780.1531589023613,0.6134969325153374,486,458,3,0,455,440,62249,31,0,0,31,18
2020-07-01,US,South Carolina,Greenville,5118,83,0,34.89502264,-82.37295012,45045.0,977.5719999541583,1.621727237202032,5035,5009,81,0,4928,4895,514213,109,2,0,107,114
2020-07-01,US,South Carolina,Greenwood,506,7,0,34.15272415,-82.12715789,45047.0,714.5782434932427,1.383399209486166,499,493,7,0,486,467,70741,13,0,0,13,26
2020-07-01,US,South Carolina,Hampton,73,2,0,32.77419582,-81.13845571,45049.0,379.77317656851517,2.7397260273972597,71,71,2,0,69,68,19351,2,0,0,2,3
2020-07-01,US,South Carolina,Horry,3550,48,0,33.9212828,-78.99555293,45051.0,1002.5954513232848,1.352112676056338,3502,3321,45,0,3276,3152,344147,229,3,0,226,169
2020-07-01,US,South Carolina,Jasper,138,3,0,32.43171982,-81.02487495,45053.0,458.883383766169,2.1739130434782608,135,132,3,0,129,122,28971,6,0,0,6,10
2020-07-01,US,South Carolina,Kershaw,695,15,0,34.33988254,-80.58763164,45055.0,1044.3118811137324,2.1582733812949644,680,665,15,0,650,640,65592,30,0,0,30,25
2020-07-01,US,South Carolina,Lancaster,493,13,0,34.68270843,-80.70513032,45057.0,502.99963269803703,2.636916835699797,480,475,12,0,463,447,95380,18,1,0,17,28
2020-07-01,US,South Carolina,Laurens,489,7,0,34.48244419,-82.00490796,45059.0,724.5195798082764,1.4314928425357871,482,471,5,0,466,422,66994,18,2,0,16,49
2020-07-01,US,South Carolina,Lee,293,22,0,34.16393091,-80.25690731,45061.0,1741.1457095317328,7.508532423208192,271,289,22,0,267,285,17142,4,0,0,4,4
2020-07-01,US,South Carolina,Lexington,2161,50,0,33.89665987,-81.27146426,45063.0,723.3472803347279,2.3137436372049978,2111,2071,49,0,2022,1971,295032,90,1,0,89,100
2020-07-01,US,South Carolina,Marion,212,7,0,34.07859748,-79.36400756,45067.0,691.5223276902502,3.30188679245283,205,208,7,0,201,193,31039,4,0,0,4,15
2020-07-01,US,South Carolina,Marlboro,307,4,0,34.59905577,-79.67561152,45069.0,1175.4345661995558,1.3029315960912051,303,302,4,0,298,301,26398,5,0,0,5,1
2020-07-01,US,South Carolina,McCormick,17,2,0,33.90161443,-82.30794338,45065.0,179.64704639120785,11.764705882352944,15,17,2,0,15,15,9410,0,0,0,0,2
2020-07-01,US,South Carolina,Newberry,264,4,0,34.28629098,-81.59935761,45071.0,686.7845993756504,1.5151515151515151,260,252,4,0,248,246,38520,12,0,0,12,6
2020-07-01,US,South Carolina,Oconee,271,1,0,34.75225169,-83.06742317,45073.0,340.68337817112115,0.3690036900369004,270,260,1,0,259,252,78374,11,0,0,11,8
2020-07-01,US,South Carolina,Orangeburg,777,14,0,33.4391073,-80.79886287,45075.0,901.6536118363797,1.8018018018018016,763,747,11,0,736,694,86934,30,3,0,27,53
2020-07-01,US,South Carolina,Pickens,855,5,0,34.88807695,-82.72791551,45077.0,673.843825856688,0.5847953216374269,850,835,5,0,830,809,124937,20,0,0,20,26
2020-07-01,US,South Carolina,Richland,3632,84,0,34.01791263,-80.90267209,45079.0,873.5830132360334,2.312775330396476,3548,3518,83,0,3435,3363,414576,114,1,0,113,155
2020-07-01,US,South Carolina,Saluda,215,1,0,34.00795823,-81.72713237,45081.0,1050.163630147023,0.4651162790697674,214,208,1,0,207,206,20544,7,0,0,7,2
2020-07-01,US,South Carolina,Spartanburg,1663,48,0,34.92960077,-81.99225984,45083.0,520.0368997920476,2.8863499699338546,1615,1609,48,0,1561,1544,313888,54,0,0,54,65
2020-07-01,US,South Carolina,Sumter,1080,23,0,33.91826534,-80.37942316,45085.0,1011.9845203849287,2.1296296296296298,1057,1059,23,0,1036,1022,106512,21,0,0,21,37
2020-07-01,US,South Carolina,Union,91,0,0,34.68835752,-81.61730349,45087.0,333.13808756772585,0.0,91,90,0,0,90,84,27410,1,0,0,1,6
2020-07-01,US,South Carolina,Williamsburg,412,15,0,33.62190129,-79.72767442,45089.0,1356.691253951528,3.6407766990291264,397,400,15,0,385,389,30606,12,0,0,12,11
2020-07-01,US,South Carolina,York,1257,12,0,34.97281497,-81.18085944,45091.0,447.36439378031815,0.9546539379474941,1245,1204,12,0,1192,1156,274118,53,0,0,53,48
2020-07-01,US,South Dakota,Aurora,34,0,0,43.71757685,-98.56050467,46003.0,1235.9142130134496,0.0,34,34,0,0,34,34,2801,0,0,0,0,0
2020-07-01,US,South Dakota,Beadle,527,6,0,44.41464384,-98.27858469,46005.0,2855.9041890207554,1.1385199240986716,521,524,6,0,518,523,18883,3,0,0,3,1
2020-07-01,US,South Dakota,Bennett,4,0,0,43.19486375,-101.6665572,46007.0,118.87072808320951,0.0,4,4,0,0,4,5,3468,0,0,0,0,-1
2020-07-01,US,South Dakota,Bon Homme,11,0,0,42.98914167,-97.88592746,46009.0,159.39718881321548,0.0,11,11,0,0,11,11,6980,0,0,0,0,0
2020-07-01,US,South Dakota,Brookings,65,0,0,44.36974375,-96.79079945,46011.0,185.30661116971237,0.0,65,62,0,0,62,61,35232,3,0,0,3,1
2020-07-01,US,South Dakota,Brown,342,2,0,45.58994323,-98.35165355,46013.0,880.5582018074617,0.5847953216374269,340,342,2,0,340,342,39316,0,0,0,0,0
2020-07-01,US,South Dakota,Brule,24,0,0,43.71756379,-99.08118954,46015.0,453.0866528223523,0.0,24,23,0,0,23,20,5229,1,0,0,1,3
2020-07-01,US,South Dakota,Buffalo,71,2,0,44.07657829,-99.20814467,46017.0,3618.756371049949,2.8169014084507036,69,71,1,0,70,71,2036,0,1,0,-1,0
2020-07-01,US,South Dakota,Charles Mix,85,0,0,43.20660134,-98.58856175,46023.0,914.7653895824363,0.0,85,82,0,0,82,75,9338,3,0,0,3,7
2020-07-01,US,South Dakota,Clark,15,0,0,44.85834507,-97.72925109,46025.0,401.4989293361885,0.0,15,15,0,0,15,14,3739,0,0,0,0,1
2020-07-01,US,South Dakota,Clay,83,0,0,42.91296147,-96.97656917,46027.0,589.907604832978,0.0,83,82,0,0,82,80,14041,1,0,0,1,2
2020-07-01,US,South Dakota,Codington,70,0,0,44.97788119,-97.18827677,46029.0,249.91966867792496,0.0,70,63,0,0,63,61,28015,7,0,0,7,2
2020-07-01,US,South Dakota,Corson,18,0,0,45.70889983,-101.1970473,46031.0,440.5286343612335,0.0,18,18,0,0,18,17,4165,0,0,0,0,1
2020-07-01,US,South Dakota,Custer,9,0,0,43.67741105,-103.45345209999999,46033.0,100.31208203299153,0.0,9,8,0,0,8,8,8726,1,0,0,1,0
2020-07-01,US,South Dakota,Davison,41,0,0,43.67490933,-98.14458906,46035.0,207.33249051833118,0.0,41,41,0,0,41,40,19790,0,0,0,0,1
2020-07-01,US,South Dakota,Day,16,0,0,45.367281,-97.60737498,46037.0,294.9852507374631,0.0,16,16,0,0,16,16,5505,0,0,0,0,0
2020-07-01,US,South Dakota,Deuel,3,0,0,44.75994309,-96.66943645,46039.0,68.94966674327739,0.0,3,3,0,0,3,3,4337,0,0,0,0,0
2020-07-01,US,South Dakota,Dewey,5,0,0,45.15639647,-100.8709139,46041.0,84.86082824168362,0.0,5,4,0,0,4,4,5904,1,0,0,1,0
2020-07-01,US,South Dakota,Douglas,4,0,0,43.38520741,-98.36978007,46043.0,136.93940431359124,0.0,4,4,0,0,4,4,2935,0,0,0,0,0
2020-07-01,US,South Dakota,Edmunds,7,0,0,45.41846445,-99.21545423,46045.0,182.81535648994515,0.0,7,7,0,0,7,7,3875,0,0,0,0,0
2020-07-01,US,South Dakota,Fall River,12,0,0,43.23929297,-103.5275691,46047.0,178.75763444063756,0.0,12,12,0,0,12,12,6758,0,0,0,0,0
2020-07-01,US,South Dakota,Faulk,23,1,0,45.07082625,-99.14535601,46049.0,1000.4349717268376,4.3478260869565215,22,23,1,0,22,23,2330,0,0,0,0,0
2020-07-01,US,South Dakota,Grant,13,0,0,45.1723937,-96.77002276,46051.0,184.344866704481,0.0,13,13,0,0,13,13,7147,0,0,0,0,0
2020-07-01,US,South Dakota,Gregory,4,0,0,43.19419064,-99.18883902,46053.0,95.57945041816008,0.0,4,3,0,0,3,3,4212,1,0,0,1,0
2020-07-01,US,South Dakota,Hamlin,12,0,0,44.67385954,-97.18829593,46057.0,194.6787800129786,0.0,12,11,0,0,11,11,6111,1,0,0,1,0
2020-07-01,US,South Dakota,Hand,7,0,0,44.54708407,-99.00386459,46059.0,219.3669696020056,0.0,7,7,0,0,7,7,3262,0,0,0,0,0
2020-07-01,US,South Dakota,Hanson,7,0,0,43.6746384,-97.78715148,46061.0,202.72227048942952,0.0,7,7,0,0,7,7,3376,0,0,0,0,0
2020-07-01,US,South Dakota,Hughes,58,0,0,44.39091534,-99.99661148,46065.0,330.9368937578455,0.0,58,55,0,0,55,52,17650,3,0,0,3,3
2020-07-01,US,South Dakota,Hutchinson,12,0,0,43.33449012,-97.75536441,46067.0,164.5864764778494,0.0,12,12,0,0,12,12,7380,0,0,0,0,0
2020-07-01,US,South Dakota,Hyde,3,0,0,44.54747703,-99.48572582,46069.0,230.59185242121444,0.0,3,3,0,0,3,3,1282,0,0,0,0,0
2020-07-01,US,South Dakota,Jackson,6,1,0,43.69318385,-101.6255063,46071.0,179.42583732057415,16.666666666666668,5,6,1,0,5,6,3307,0,0,0,0,0
2020-07-01,US,South Dakota,Jerauld,39,1,0,44.06637798,-98.62965972,46073.0,1937.4068554396426,2.5641025641025643,38,39,1,0,38,39,2043,0,0,0,0,0
2020-07-01,US,South Dakota,Kingsbury,6,0,0,44.36956169,-97.4913945,46077.0,121.48208139299452,0.0,6,6,0,0,6,6,4919,0,0,0,0,0
2020-07-01,US,South Dakota,Lake,21,1,0,44.02193107,-97.12926365,46079.0,164.10096116277253,4.761904761904762,20,21,1,0,20,21,13057,0,0,0,0,0
2020-07-01,US,South Dakota,Lawrence,19,0,0,44.35919441,-103.79294279999999,46081.0,73.51803126451014,0.0,19,19,0,0,19,19,25741,0,0,0,0,0
2020-07-01,US,South Dakota,Lincoln,347,1,0,43.27841182,-96.72039050000001,46083.0,567.6613008768486,0.2881844380403458,346,343,1,0,342,341,58807,4,0,0,4,2
2020-07-01,US,South Dakota,Lyman,65,0,0,43.89522709,-99.85201878,46085.0,1719.1219254165565,0.0,65,62,0,0,62,59,3821,3,0,0,3,3
2020-07-01,US,South Dakota,Marshall,5,0,0,45.75870838,-97.59855639,46091.0,101.31712259371834,0.0,5,5,0,0,5,5,5112,0,0,0,0,0
2020-07-01,US,South Dakota,McCook,10,1,0,43.6742571,-97.36863144,46087.0,179.01897601145726,10.0,9,10,1,0,9,10,5546,0,0,0,0,0
2020-07-01,US,South Dakota,McPherson,4,0,0,45.76626028,-99.22118798,46089.0,168.13787305590589,0.0,4,4,0,0,4,4,2407,0,0,0,0,0
2020-07-01,US,South Dakota,Meade,49,1,0,44.56676791,-102.71627409999999,46093.0,172.9493152618947,2.0408163265306123,48,48,1,0,47,47,28294,1,0,0,1,1
2020-07-01,US,South Dakota,Mellette,4,0,0,43.58078848,-100.7563186,46095.0,194.0805434255216,0.0,4,3,0,0,3,3,2042,1,0,0,1,0
2020-07-01,US,South Dakota,Miner,9,0,0,44.02197882,-97.60992207,46097.0,406.1371841155234,0.0,9,9,0,0,9,9,2213,0,0,0,0,0
2020-07-01,US,South Dakota,Minnehaha,3627,58,0,43.67441641,-96.7910885,46099.0,1877.9707353443725,1.5991177281499862,3569,3610,57,0,3553,3600,192876,17,1,0,16,10
2020-07-01,US,South Dakota,Moody,23,0,0,44.02266214,-96.67081159,46101.0,349.7566909975669,0.0,23,22,0,0,22,21,6579,1,0,0,1,1
2020-07-01,US,South Dakota,Oglala Lakota,87,0,0,43.33749164,-102.55554980000001,46102.0,613.6700289200818,0.0,87,85,0,0,85,85,14309,2,0,0,2,0
2020-07-01,US,South Dakota,Pennington,523,16,0,44.0025835,-102.8240777,46103.0,459.6791913865085,3.0592734225621414,507,518,16,0,502,513,111729,5,0,0,5,5
2020-07-01,US,South Dakota,Roberts,47,0,0,45.62975048,-96.94672673,46109.0,452.1839522801616,0.0,47,47,0,0,47,45,10447,0,0,0,0,2
2020-07-01,US,South Dakota,Sanborn,12,0,0,44.02351092,-98.09098159999999,46111.0,511.9453924914676,0.0,12,12,0,0,12,12,2429,0,0,0,0,0
2020-07-01,US,South Dakota,Spink,11,0,0,44.93837606,-98.34626602,46115.0,172.5219573400251,0.0,11,11,0,0,11,11,6495,0,0,0,0,0
2020-07-01,US,South Dakota,Stanley,12,0,0,44.41381872,-100.7349153,46117.0,387.34667527437057,0.0,12,12,0,0,12,12,3022,0,0,0,0,0
2020-07-01,US,South Dakota,Sully,1,0,0,44.71571812,-100.1278092,46119.0,71.89072609633357,0.0,1,1,0,0,1,1,1392,0,0,0,0,0
2020-07-01,US,South Dakota,Todd,57,1,0,43.19338568,-100.71955030000001,46121.0,560.0864694900265,1.7543859649122806,56,57,1,0,56,57,10283,0,0,0,0,0
2020-07-01,US,South Dakota,Tripp,16,0,0,43.34459388,-99.8854891,46123.0,294.0635912516082,0.0,16,16,0,0,16,16,5478,0,0,0,0,0
2020-07-01,US,South Dakota,Turner,25,0,0,43.3109081,-97.14865776,46125.0,298.18702290076334,0.0,25,24,0,0,24,24,8424,1,0,0,1,0
2020-07-01,US,South Dakota,Union,124,1,0,42.83112163,-96.6557828,46127.0,778.3078081847854,0.8064516129032258,123,123,1,0,122,121,15619,1,0,0,1,2
2020-07-01,US,South Dakota,Walworth,13,0,0,45.43019636,-100.03075140000001,46129.0,239.1904323827047,0.0,13,12,0,0,12,9,5587,1,0,0,1,3
2020-07-01,US,South Dakota,Yankton,77,0,0,43.00924485,-97.39467635,46135.0,337.5120540019286,0.0,77,77,0,0,77,78,22869,0,0,0,0,-1
2020-07-01,US,South Dakota,Ziebach,2,0,0,44.97881876,-101.6654622,46137.0,72.5689404934688,0.0,2,2,0,0,2,3,2742,0,0,0,0,-1
2020-07-01,US,Tennessee,Anderson,104,2,0,36.12684348,-84.19965764,47001.0,135.1035360752423,1.9230769230769231,102,102,2,0,100,97,76482,2,0,0,2,5
2020-07-01,US,Tennessee,Bedford,520,5,0,35.51123746,-86.45549096,47003.0,1046.0040633234767,0.9615384615384616,515,513,5,0,508,502,49038,7,0,0,7,11
2020-07-01,US,Tennessee,Benton,12,1,0,36.07110411,-88.06849355,47005.0,74.25742574257426,8.333333333333334,11,12,1,0,11,12,16184,0,0,0,0,0
2020-07-01,US,Tennessee,Bledsoe,618,1,0,35.59942968,-85.20611967,47007.0,4102.496016994159,0.16181229773462782,617,617,1,0,616,616,14755,1,0,0,1,1
2020-07-01,US,Tennessee,Blount,188,3,0,35.68938198,-83.92847788,47009.0,141.2599182495792,1.5957446808510638,185,173,3,0,170,162,131349,15,0,0,15,11
2020-07-01,US,Tennessee,Bradley,580,3,0,35.15739424,-84.857186,47011.0,536.4906114143001,0.5172413793103449,577,550,3,0,547,493,106727,30,0,0,30,57
2020-07-01,US,Tennessee,Campbell,39,1,0,36.40355516,-84.15108559999999,47013.0,97.88665227649214,2.5641025641025643,38,36,1,0,35,31,39583,3,0,0,3,5
2020-07-01,US,Tennessee,Cannon,31,0,0,35.80990797,-86.05738983,47015.0,211.20043602670663,0.0,31,27,0,0,27,26,14462,4,0,0,4,1
2020-07-01,US,Tennessee,Carroll,39,1,0,35.97366108,-88.45189331,47017.0,140.45449634458168,2.5641025641025643,38,39,1,0,38,39,28020,0,0,0,0,0
2020-07-01,US,Tennessee,Carter,56,1,0,36.28969086,-82.12588974,47019.0,99.30662694401589,1.7857142857142858,55,54,1,0,53,52,56351,2,0,0,2,2
2020-07-01,US,Tennessee,Cheatham,214,1,0,36.26136216,-87.08903581,47021.0,526.2251948754518,0.4672897196261682,213,202,1,0,201,195,40439,12,0,0,12,7
2020-07-01,US,Tennessee,Chester,23,0,0,35.42527478,-88.6095842,47023.0,132.97103543967162,0.0,23,23,0,0,23,21,17276,0,0,0,0,2
2020-07-01,US,Tennessee,Claiborne,28,0,0,36.48319149,-83.65947309,47025.0,87.61225319941174,0.0,28,25,0,0,25,24,31756,3,0,0,3,1
2020-07-01,US,Tennessee,Clay,16,0,0,36.55151008,-85.53930419,47027.0,210.11162179908072,0.0,16,16,0,0,16,14,7717,0,0,0,0,2
2020-07-01,US,Tennessee,Cocke,70,0,0,35.9278914,-83.11828725,47029.0,194.42284190645486,0.0,70,58,0,0,58,51,35774,12,0,0,12,7
2020-07-01,US,Tennessee,Coffee,109,0,0,35.49090731,-86.07311784,47031.0,192.85208775654635,0.0,109,108,0,0,108,105,55700,1,0,0,1,3
2020-07-01,US,Tennessee,Crockett,31,3,0,35.81830662,-89.14916269,47033.0,217.8496134926212,9.677419354838712,28,31,3,0,28,30,14328,0,0,0,0,1
2020-07-01,US,Tennessee,Cumberland,173,3,0,35.95271721,-84.99840585,47035.0,285.8559153998678,1.7341040462427746,170,168,3,0,165,165,59673,5,0,0,5,3
2020-07-01,US,Tennessee,Davidson,9769,114,0,36.17007426,-86.78646056,47037.0,1407.3448736861515,1.1669566997645613,9655,9237,113,0,9124,9016,692587,532,1,0,531,221
2020-07-01,US,Tennessee,DeKalb,54,0,0,35.97616272,-85.83689361,47041.0,263.5431918008785,0.0,54,52,0,0,52,50,20138,2,0,0,2,2
2020-07-01,US,Tennessee,Decatur,21,0,0,35.60048904,-88.11043779,47039.0,180.0565892137529,0.0,21,21,0,0,21,19,11706,0,0,0,0,2
2020-07-01,US,Tennessee,Dickson,180,0,0,36.14669837,-87.35891709,47043.0,333.654630384815,0.0,180,175,0,0,175,168,53446,5,0,0,5,7
2020-07-01,US,Tennessee,Dyer,225,1,0,36.05931946,-89.41542855,47045.0,605.5060685163755,0.4444444444444444,224,214,1,0,213,206,37320,11,0,0,11,8
2020-07-01,US,Tennessee,Fayette,292,2,0,35.19615831,-89.41399032,47047.0,709.8923005859042,0.6849315068493149,290,273,2,0,271,263,40507,19,0,0,19,10
2020-07-01,US,Tennessee,Fentress,18,0,0,36.38128818,-84.92870012,47049.0,97.17648329104357,0.0,18,17,0,0,17,17,18217,1,0,0,1,0
2020-07-01,US,Tennessee,Franklin,80,3,0,35.15634626,-86.09201039,47051.0,189.53752843062927,3.75,77,75,3,0,72,73,41890,5,0,0,5,2
2020-07-01,US,Tennessee,Gibson,106,1,0,35.99438059,-88.93358327,47053.0,215.74094803899615,0.9433962264150944,105,100,1,0,99,97,49045,6,0,0,6,3
2020-07-01,US,Tennessee,Giles,50,1,0,35.20222469,-87.03992678,47055.0,169.69861525929952,2.0,49,50,1,0,49,50,29503,0,0,0,0,0
2020-07-01,US,Tennessee,Grainger,37,0,0,36.27469206,-83.51254721,47057.0,158.66209262435675,0.0,37,35,0,0,35,32,23145,2,0,0,2,3
2020-07-01,US,Tennessee,Greene,85,2,0,36.17470125,-82.84691273,47059.0,123.0653404566448,2.3529411764705883,83,85,2,0,83,81,69087,0,0,0,0,4
2020-07-01,US,Tennessee,Grundy,58,1,0,35.38433717,-85.72142731,47061.0,431.96544276457877,1.7241379310344829,57,58,1,0,57,59,13346,0,0,0,0,-1
2020-07-01,US,Tennessee,Hamblen,263,4,0,36.21990035,-83.26586179,47063.0,405.026642436936,1.520912547528517,259,220,4,0,216,204,64569,43,0,0,43,16
2020-07-01,US,Tennessee,Hamilton,2532,30,0,35.17670231,-85.16652245,47065.0,688.4101314830725,1.1848341232227488,2502,2466,30,0,2436,2433,364286,66,0,0,66,33
2020-07-01,US,Tennessee,Hancock,3,0,0,36.52692871,-83.22375847,47067.0,45.31722054380665,0.0,3,3,0,0,3,3,6549,0,0,0,0,0
2020-07-01,US,Tennessee,Hardeman,304,1,0,35.20772017,-88.99161161,47069.0,1213.5728542914173,0.32894736842105265,303,299,1,0,298,287,25220,5,0,0,5,12
2020-07-01,US,Tennessee,Hardin,100,5,0,35.19732531,-88.18593755,47071.0,389.83315141119596,5.0,95,93,5,0,88,89,25776,7,0,0,7,4
2020-07-01,US,Tennessee,Hawkins,51,2,0,36.44355426,-82.94885298,47073.0,89.81086887613144,3.92156862745098,49,51,2,0,49,49,56530,0,0,0,0,2
2020-07-01,US,Tennessee,Haywood,74,2,0,35.58332824,-89.28536625,47075.0,427.64678687008796,2.702702702702702,72,71,2,0,69,67,17335,3,0,0,3,4
2020-07-01,US,Tennessee,Henderson,35,0,0,35.65581134,-88.38600175,47077.0,124.47985204680442,0.0,35,32,0,0,32,31,27847,3,0,0,3,1
2020-07-01,US,Tennessee,Henry,42,0,0,36.33160906,-88.30121797,47079.0,129.8500541041892,0.0,42,42,0,0,42,42,32358,0,0,0,0,0
2020-07-01,US,Tennessee,Hickman,72,0,0,35.80609681,-87.47643507,47081.0,285.9639367701962,0.0,72,70,0,0,70,70,25063,2,0,0,2,0
2020-07-01,US,Tennessee,Houston,12,0,0,36.28872054,-87.71878828,47083.0,146.32361907084498,0.0,12,12,0,0,12,12,8263,0,0,0,0,0
2020-07-01,US,Tennessee,Humphreys,23,1,0,36.03958805,-87.77992872,47085.0,123.77569691098913,4.3478260869565215,22,22,1,0,21,20,18486,1,0,0,1,2
2020-07-01,US,Tennessee,Jackson,26,0,0,36.36380466,-85.67239905,47087.0,220.6007127099949,0.0,26,26,0,0,26,23,11758,0,0,0,0,3
2020-07-01,US,Tennessee,Jefferson,107,0,0,36.04818632,-83.45148924,47089.0,196.348288833838,0.0,107,102,0,0,102,99,54012,5,0,0,5,3
2020-07-01,US,Tennessee,Johnson,37,0,0,36.45523950000001,-81.84886538,47091.0,208.0053968967844,0.0,37,36,0,0,36,35,17778,1,0,0,1,1
2020-07-01,US,Tennessee,Knox,982,5,0,35.99508821,-83.94635435,47093.0,208.79712021568616,0.5091649694501018,977,967,5,0,962,947,465289,15,0,0,15,20
2020-07-01,US,Tennessee,Lake,690,0,0,36.34180170000001,-89.48921915,47095.0,9834.66362599772,0.0,690,690,0,0,690,691,7411,0,0,0,0,-1
2020-07-01,US,Tennessee,Lauderdale,120,2,0,35.75893438,-89.63015909999999,47097.0,468.1465298638474,1.6666666666666667,118,119,2,0,117,111,25825,1,0,0,1,8
2020-07-01,US,Tennessee,Lawrence,133,5,0,35.21675201,-87.39787695,47099.0,301.3003488740882,3.7593984962406015,128,124,5,0,119,116,43734,9,0,0,9,8
2020-07-01,US,Tennessee,Lewis,7,0,0,35.52853208,-87.49022694,47101.0,57.05901532442125,0.0,7,6,0,0,6,5,12086,1,0,0,1,1
2020-07-01,US,Tennessee,Lincoln,59,0,0,35.13738622,-86.58910106,47103.0,171.68131292556598,0.0,59,56,0,0,56,53,34117,3,0,0,3,3
2020-07-01,US,Tennessee,Loudon,265,1,0,35.73939663,-84.31145275,47105.0,490.123548124584,0.37735849056603776,264,261,1,0,260,254,53054,4,0,0,4,7
2020-07-01,US,Tennessee,Macon,409,3,0,36.53157855,-86.00778595,47111.0,1662.4664661409643,0.7334963325183375,406,394,3,0,391,361,24265,15,0,0,15,33
2020-07-01,US,Tennessee,Madison,255,2,0,35.61181957,-88.84076036,47113.0,260.24657086871326,0.7843137254901961,253,247,2,0,245,233,97605,8,0,0,8,14
2020-07-01,US,Tennessee,Marion,67,4,0,35.12997174,-85.62265895,47115.0,231.77777009028958,5.970149253731344,63,64,4,0,60,61,28575,3,0,0,3,3
2020-07-01,US,Tennessee,Marshall,73,1,0,35.45798777,-86.76420988,47117.0,212.3636363636364,1.3698630136986298,72,71,1,0,70,67,33683,2,0,0,2,4
2020-07-01,US,Tennessee,Maury,297,3,0,35.618741299999996,-87.07462444,47119.0,308.13283949080267,1.0101010101010102,294,287,3,0,284,282,94340,10,0,0,10,5
2020-07-01,US,Tennessee,McMinn,216,17,0,35.42812616,-84.61520715,47107.0,401.5317693423058,7.87037037037037,199,210,17,0,193,212,53285,6,0,0,6,-2
2020-07-01,US,Tennessee,McNairy,62,0,0,35.17468549,-88.5647812,47109.0,241.30147116058222,0.0,62,58,0,0,58,56,25832,4,0,0,4,2
2020-07-01,US,Tennessee,Meigs,32,0,0,35.51558739,-84.81482914,47121.0,257.6074706166479,0.0,32,32,0,0,32,32,12306,0,0,0,0,0
2020-07-01,US,Tennessee,Monroe,135,4,0,35.44550387,-84.24902965,47123.0,290.0418949403803,2.962962962962963,131,132,4,0,128,118,46357,3,0,0,3,14
2020-07-01,US,Tennessee,Montgomery,493,7,0,36.49609412,-87.38550661,47125.0,235.89306818888667,1.4198782961460443,486,479,7,0,472,464,205950,14,0,0,14,15
2020-07-01,US,Tennessee,Moore,8,0,0,35.27724699,-86.36230578,47127.0,123.30456226880396,0.0,8,7,0,0,7,6,6411,1,0,0,1,1
2020-07-01,US,Tennessee,Morgan,24,1,0,36.13248031,-84.64880098,47129.0,112.1338130168668,4.166666666666667,23,24,1,0,23,23,21579,0,0,0,0,1
2020-07-01,US,Tennessee,Obion,98,2,0,36.35732446,-89.14921589,47131.0,325.9170574345672,2.0408163265306123,96,94,2,0,92,93,30267,4,0,0,4,1
2020-07-01,US,Tennessee,Out of TN,1044,7,0,0.0,0.0,80047.0,0.0,0.6704980842911877,1037,952,7,0,945,909,,92,0,0,92,43
2020-07-01,US,Tennessee,Overton,57,1,0,36.34117832,-85.28989535,47133.0,256.2834404927836,1.7543859649122806,56,56,0,0,56,55,22068,1,1,0,0,1
2020-07-01,US,Tennessee,Perry,32,0,0,35.63708728,-87.86139634,47135.0,396.23576027736505,0.0,32,31,0,0,31,30,8064,1,0,0,1,1
2020-07-01,US,Tennessee,Pickett,6,0,0,36.55606529,-85.07763299999998,47137.0,118.85895404120443,0.0,6,6,0,0,6,6,5082,0,0,0,0,0
2020-07-01,US,Tennessee,Polk,41,0,0,35.12245443,-84.52075859,47139.0,243.5836501901141,0.0,41,41,0,0,41,41,16898,0,0,0,0,0
2020-07-01,US,Tennessee,Putnam,805,7,0,36.14005459,-85.50646123,47141.0,1003.177768085239,0.8695652173913043,798,783,7,0,776,773,78843,22,0,0,22,10
2020-07-01,US,Tennessee,Rhea,272,0,0,35.60536161,-84.93076643,47143.0,820.0922603792927,0.0,272,269,0,0,269,266,33044,3,0,0,3,3
2020-07-01,US,Tennessee,Roane,46,0,0,35.84923189,-84.52458689,47145.0,86.17136862612865,0.0,46,44,0,0,44,43,53140,2,0,0,2,1
2020-07-01,US,Tennessee,Robertson,792,11,0,36.52454807,-86.87346725,47147.0,1102.8643838859261,1.3888888888888888,781,776,11,0,765,768,71012,16,0,0,16,8
2020-07-01,US,Tennessee,Rutherford,2648,35,0,35.84591405,-86.4107263,47149.0,796.9062702198413,1.3217522658610272,2613,2528,34,0,2494,2450,324890,120,1,0,119,78
2020-07-01,US,Tennessee,Scott,15,0,0,36.42325673,-84.50360494,47151.0,67.97172376291462,0.0,15,14,0,0,14,14,22039,1,0,0,1,0
2020-07-01,US,Tennessee,Sequatchie,28,0,0,35.36979721,-85.41022136,47153.0,186.3436709703181,0.0,28,24,0,0,24,24,14876,4,0,0,4,0
2020-07-01,US,Tennessee,Sevier,657,3,0,35.78077323,-83.52244332,47155.0,668.7022900763359,0.45662100456620996,654,608,3,0,605,588,97892,49,0,0,49,20
2020-07-01,US,Tennessee,Shelby,10344,193,0,35.1864775,-89.89692423,47157.0,1103.7532304842473,1.865815931941222,10151,10028,192,0,9836,9671,935764,316,1,0,315,357
2020-07-01,US,Tennessee,Smith,96,1,0,36.25359775,-85.95411046,47159.0,476.2613484149427,1.0416666666666667,95,90,1,0,89,79,19942,6,0,0,6,11
2020-07-01,US,Tennessee,Stewart,21,0,0,36.50235092,-87.83920548,47161.0,153.11702515493985,0.0,21,21,0,0,21,20,13561,0,0,0,0,1
2020-07-01,US,Tennessee,Sullivan,91,2,0,36.51240691,-82.30412917,47163.0,57.468360825523526,2.1978021978021984,89,89,2,0,87,87,157668,2,0,0,2,2
2020-07-01,US,Tennessee,Sumner,1469,52,0,36.46824103,-86.45917204,47165.0,767.9720623369561,3.5398230088495577,1417,1417,52,0,1365,1371,187149,52,0,0,52,46
2020-07-01,US,Tennessee,Tipton,611,4,0,35.501942,-89.73694895,47167.0,991.899219143168,0.6546644844517185,607,607,4,0,603,605,61581,4,0,0,4,2
2020-07-01,US,Tennessee,Trousdale,1489,5,0,36.39026213,-86.16087954,47169.0,13195.675292449487,0.33579583613163194,1484,1485,5,0,1480,1482,11012,4,0,0,4,3
2020-07-01,US,Tennessee,Unassigned,425,1,0,0.0,0.0,90047.0,0.0,0.2352941176470588,424,369,0,0,369,385,,56,1,0,55,-16
2020-07-01,US,Tennessee,Unicoi,54,0,0,36.10890856,-82.43709629,47171.0,301.9627579265224,0.0,54,54,0,0,54,53,17761,0,0,0,0,1
2020-07-01,US,Tennessee,Union,13,0,0,36.28590426,-83.83651902,47173.0,65.09112757861006,0.0,13,12,0,0,12,12,19688,1,0,0,1,0
2020-07-01,US,Tennessee,Van Buren,7,0,0,35.69864497,-85.45221699,47175.0,119.20980926430519,0.0,7,7,0,0,7,7,5765,0,0,0,0,0
2020-07-01,US,Tennessee,Warren,65,0,0,35.672829899999996,-85.77969117,47177.0,157.472684545873,0.0,65,62,0,0,62,58,40878,3,0,0,3,4
2020-07-01,US,Tennessee,Washington,134,0,0,36.29472368,-82.49454720000001,47179.0,103.57487922705316,0.0,134,131,0,0,131,128,128607,3,0,0,3,3
2020-07-01,US,Tennessee,Wayne,77,0,0,35.23868267,-87.78644456,47181.0,461.8245066874588,0.0,77,77,0,0,77,75,16558,0,0,0,0,2
2020-07-01,US,Tennessee,Weakley,61,1,0,36.29896232,-88.71990865,47183.0,183.0292846855497,1.639344262295082,60,60,1,0,59,56,33415,1,0,0,1,4
2020-07-01,US,Tennessee,White,64,3,0,35.92929884,-85.45591799,47185.0,234.04644359115008,4.6875,61,63,3,0,60,63,27107,1,0,0,1,0
2020-07-01,US,Tennessee,Williamson,1090,14,0,35.89099229,-86.89281867,47187.0,457.19175209301545,1.2844036697247707,1076,1013,14,0,999,1001,231729,77,0,0,77,12
2020-07-01,US,Tennessee,Wilson,829,17,0,36.15496772,-86.29775884,47189.0,573.079768002931,2.0506634499396865,812,779,17,0,762,762,140625,50,0,0,50,17
2020-07-01,US,Texas,Anderson,1040,2,0,31.81534745,-95.65354823,48001.0,1801.3336797436566,0.19230769230769232,1038,1032,2,0,1030,1016,58057,8,0,0,8,16
2020-07-01,US,Texas,Andrews,82,0,0,32.30468633,-102.63765479999999,48003.0,438.38545843357383,0.0,82,75,0,0,75,73,18128,7,0,0,7,2
2020-07-01,US,Texas,Angelina,507,9,0,31.25457347,-94.60901487,48005.0,584.6739318457014,1.7751479289940828,498,476,6,0,470,464,87092,31,3,0,28,12
2020-07-01,US,Texas,Aransas,24,0,0,28.10556197,-96.9995047,48007.0,102.08421948107187,0.0,24,23,0,0,23,20,23792,1,0,0,1,3
2020-07-01,US,Texas,Archer,7,0,0,33.61569967,-98.68754589,48009.0,81.84262831754941,0.0,7,7,0,0,7,6,8786,0,0,0,0,1
2020-07-01,US,Texas,Armstrong,3,0,0,34.96507426,-101.35748740000001,48011.0,158.9825119236884,0.0,3,3,0,0,3,3,1892,0,0,0,0,0
2020-07-01,US,Texas,Atascosa,108,2,0,28.89333001,-98.52730485,48013.0,211.1313119465134,1.851851851851852,106,106,2,0,104,90,50310,2,0,0,2,16
2020-07-01,US,Texas,Austin,72,0,0,29.88548725,-96.27736949,48015.0,239.74427277570592,0.0,72,71,0,0,71,69,29989,1,0,0,1,2
2020-07-01,US,Texas,Bailey,100,1,0,34.06854817,-102.8299707,48017.0,1428.571428571429,1.0,99,94,1,0,93,93,7027,6,0,0,6,1
2020-07-01,US,Texas,Bandera,21,0,0,29.74619598,-99.24598147,48019.0,90.86188992731049,0.0,21,16,0,0,16,16,22824,5,0,0,5,0
2020-07-01,US,Texas,Bastrop,446,6,0,30.10370699,-97.31206354,48021.0,502.6881417445308,1.345291479820628,440,442,6,0,436,439,86976,4,0,0,4,3
2020-07-01,US,Texas,Baylor,1,0,0,33.61640794,-99.21352901,48023.0,28.498147620404676,0.0,1,1,0,0,1,1,3582,0,0,0,0,0
2020-07-01,US,Texas,Bee,47,0,0,28.41761668,-97.74215593,48025.0,144.32673115307847,0.0,47,46,0,0,46,46,32587,1,0,0,1,0
2020-07-01,US,Texas,Bell,1315,13,0,31.03736027,-97.4785025,48027.0,362.3348139004309,0.988593155893536,1302,1187,13,0,1174,1128,355642,128,0,0,128,59
2020-07-01,US,Texas,Bexar,12504,111,0,29.44928723,-98.52019748,48029.0,624.0909903102188,0.8877159309021113,12393,10797,109,0,10688,10797,1986049,1707,2,0,1705,0
2020-07-01,US,Texas,Blanco,27,1,0,30.26640707,-98.3999852,48031.0,226.3012320844858,3.703703703703704,26,27,1,0,26,27,11702,0,0,0,0,0
2020-07-01,US,Texas,Bosque,14,0,0,31.89978581,-97.63613524,48035.0,74.92641156007492,0.0,14,13,0,0,13,13,18691,1,0,0,1,0
2020-07-01,US,Texas,Bowie,438,11,0,33.44626922,-94.41834132,48037.0,469.7302804439917,2.5114155251141552,427,427,13,0,414,430,94324,11,-2,0,13,-3
2020-07-01,US,Texas,Brazoria,2336,21,0,29.18757369,-95.44563172,48039.0,624.158348117906,0.898972602739726,2315,2269,21,0,2248,2217,370200,67,0,0,67,52
2020-07-01,US,Texas,Brazos,2127,31,0,30.663644800000004,-96.30205577,48041.0,927.9659353172405,1.4574518100611191,2096,1943,29,0,1914,1822,226758,184,2,0,182,121
2020-07-01,US,Texas,Brewster,136,1,0,29.81008251,-103.25203259999999,48043.0,1477.77898511355,0.7352941176470589,135,130,1,0,129,85,9267,6,0,0,6,45
2020-07-01,US,Texas,Briscoe,3,0,0,34.53026962,-101.2084947,48045.0,194.04915912031052,0.0,3,2,0,0,2,2,1516,1,0,0,1,0
2020-07-01,US,Texas,Brooks,3,0,0,27.03103197,-98.21808402,48047.0,42.295220640067676,0.0,3,3,0,0,3,3,7114,0,0,0,0,0
2020-07-01,US,Texas,Brown,77,10,0,31.77430356,-98.99907113,48049.0,203.35939150644413,12.987012987012987,67,77,10,0,67,73,37924,0,0,0,0,4
2020-07-01,US,Texas,Burleson,83,0,0,30.49273808,-96.62158484,48051.0,450.0352437239061,0.0,83,76,0,0,76,76,18389,7,0,0,7,0
2020-07-01,US,Texas,Burnet,135,3,0,30.78801353,-98.181887,48053.0,280.3447201744367,2.2222222222222223,132,129,3,0,126,129,47542,6,0,0,6,0
2020-07-01,US,Texas,Caldwell,346,2,0,29.83668859,-97.61814775,48055.0,792.4148039574936,0.5780346820809249,344,336,2,0,334,332,43247,10,0,0,10,4
2020-07-01,US,Texas,Calhoun,90,3,0,28.47048236,-96.61633945,48057.0,422.73367778299666,3.333333333333333,87,74,3,0,71,72,21561,16,0,0,16,2
2020-07-01,US,Texas,Callahan,17,2,0,32.29760619,-99.37326312,48059.0,121.92498027684142,11.764705882352944,15,16,2,0,14,16,13994,1,0,0,1,0
2020-07-01,US,Texas,Cameron,2399,55,0,26.14524221,-97.48140372,48061.0,566.921020977732,2.292621925802418,2344,2296,55,0,2241,2183,423908,103,0,0,103,113
2020-07-01,US,Texas,Camp,118,1,0,32.97195142,-94.97790104,48063.0,901.1761111959676,0.8474576271186439,117,117,1,0,116,117,13033,1,0,0,1,0
2020-07-01,US,Texas,Carson,6,0,0,35.40365929,-101.35426690000001,48065.0,101.24873439082012,0.0,6,6,0,0,6,6,6005,0,0,0,0,0
2020-07-01,US,Texas,Cass,41,2,0,33.07499881,-94.34646905,48067.0,136.54832478518617,4.878048780487805,39,38,2,0,36,38,30119,3,0,0,3,0
2020-07-01,US,Texas,Castro,87,1,0,34.53016752,-102.2617243,48069.0,1155.3784860557769,1.1494252873563218,86,75,1,0,74,74,7665,12,0,0,12,1
2020-07-01,US,Texas,Chambers,308,2,0,29.70972016,-94.67154501,48071.0,702.6028240983644,0.6493506493506493,306,288,2,0,286,272,42454,20,0,0,20,16
2020-07-01,US,Texas,Cherokee,147,2,0,31.837258000000002,-95.16559897,48073.0,279.2234927629829,1.3605442176870748,145,148,2,0,146,130,52592,-1,0,0,-1,18
2020-07-01,US,Texas,Childress,7,0,0,34.529304100000004,-100.2077916,48075.0,95.81166164796059,0.0,7,7,0,0,7,7,7291,0,0,0,0,0
2020-07-01,US,Texas,Clay,8,0,0,33.78686685,-98.20771198,48077.0,76.40148982905167,0.0,8,7,0,0,7,6,10456,1,0,0,1,1
2020-07-01,US,Texas,Cochran,1,0,0,33.60425307,-102.82844990000001,48079.0,35.05082369435681,0.0,1,1,0,0,1,1,2836,0,0,0,0,0
2020-07-01,US,Texas,Coke,5,1,0,31.88911733,-100.5297533,48081.0,147.62326542663124,20.0,4,5,1,0,4,5,3370,0,0,0,0,0
2020-07-01,US,Texas,Coleman,3,0,0,31.76736834,-99.45240766,48083.0,36.697247706422026,0.0,3,3,0,0,3,3,8397,0,0,0,0,0
2020-07-01,US,Texas,Collin,2997,42,0,33.18820114,-96.57264368,48085.0,289.64077585457073,1.4014014014014011,2955,2882,42,0,2840,2763,1005146,115,0,0,115,119
2020-07-01,US,Texas,Collingsworth,6,0,0,34.96489496,-100.27001109999999,48087.0,205.4794520547945,0.0,6,6,0,0,6,6,2962,0,0,0,0,0
2020-07-01,US,Texas,Colorado,93,0,0,29.622097999999998,-96.5273805,48089.0,432.69901828502304,0.0,93,87,0,0,87,87,21217,6,0,0,6,0
2020-07-01,US,Texas,Comal,525,7,0,29.80811278,-98.27647225,48091.0,336.0881895409356,1.3333333333333333,518,470,7,0,463,470,148373,55,0,0,55,0
2020-07-01,US,Texas,Comanche,31,1,0,31.94854689,-98.55876441,48093.0,227.35606894022732,3.2258064516129035,30,23,1,0,22,23,13534,8,0,0,8,0
2020-07-01,US,Texas,Concho,9,0,0,31.32635934,-99.86473038,48095.0,330.1540719002201,0.0,9,9,0,0,9,7,4276,0,0,0,0,2
2020-07-01,US,Texas,Cooke,43,0,0,33.63979567,-97.21240912,48097.0,104.22473762028262,0.0,43,43,0,0,43,35,40574,0,0,0,0,8
2020-07-01,US,Texas,Coryell,331,2,0,31.39078397,-97.79936155,48099.0,435.8072968097852,0.6042296072507553,329,331,2,0,329,330,74808,0,0,0,0,1
2020-07-01,US,Texas,Cottle,4,1,0,34.07783319,-100.27850620000001,48101.0,286.12303290414883,25.0,3,4,1,0,3,4,1389,0,0,0,0,0
2020-07-01,US,Texas,Crane,57,9,0,31.43052248,-102.5143314,48103.0,1188.2426516572855,15.789473684210524,48,54,8,0,46,50,4794,3,1,0,2,4
2020-07-01,US,Texas,Crockett,10,0,0,30.72367027,-101.4134238,48105.0,288.6836027713626,0.0,10,9,0,0,9,8,3499,1,0,0,1,1
2020-07-01,US,Texas,Crosby,25,1,0,33.61431553,-101.30003640000001,48107.0,435.7678229039568,4.0,24,21,1,0,20,15,5779,4,0,0,4,6
2020-07-01,US,Texas,Culberson,3,0,0,31.44506775,-104.5185739,48109.0,138.18516812528787,0.0,3,3,0,0,3,3,2204,0,0,0,0,0
2020-07-01,US,Texas,Dallam,85,1,0,36.27787176,-102.60207249999999,48111.0,1166.4608206394948,1.1764705882352942,84,83,1,0,82,84,7200,2,0,0,2,-1
2020-07-01,US,Texas,Dallas,21882,380,0,32.76670599,-96.77796049999999,48113.0,830.2738439076068,1.7365871492550955,21502,21338,373,0,20965,20737,2637772,544,7,0,537,601
2020-07-01,US,Texas,Dawson,52,1,0,32.74255572,-101.94772420000001,48115.0,408.5480829666876,1.9230769230769231,51,52,1,0,51,45,12619,0,0,0,0,7
2020-07-01,US,Texas,DeWitt,70,1,0,29.08101855,-97.35681170000001,48123.0,347.22222222222223,1.4285714285714286,69,56,1,0,55,56,20187,14,0,0,14,0
2020-07-01,US,Texas,Deaf Smith,305,16,0,34.96522957,-102.6054267,48117.0,1644.5594737409685,5.245901639344262,289,292,16,0,276,287,18760,13,0,0,13,5
2020-07-01,US,Texas,Delta,6,0,0,33.38570922,-95.66921122,48119.0,112.54924029262804,0.0,6,6,0,0,6,6,5349,0,0,0,0,0
2020-07-01,US,Texas,Denton,2845,37,0,33.20521901,-97.11691153,48121.0,320.66924629765094,1.3005272407732864,2808,2740,37,0,2703,2670,859064,105,0,0,105,70
2020-07-01,US,Texas,Dickens,2,0,0,33.61616822,-100.7788855,48125.0,90.45680687471732,0.0,2,2,0,0,2,2,2249,0,0,0,0,0
2020-07-01,US,Texas,Dimmit,13,0,0,28.42270064,-99.75645095,48127.0,128.40774397471355,0.0,13,13,0,0,13,11,10308,0,0,0,0,2
2020-07-01,US,Texas,Donley,27,0,0,34.96517499,-100.8140093,48129.0,823.672971323978,0.0,27,27,0,0,27,27,3319,0,0,0,0,0
2020-07-01,US,Texas,Duval,50,0,0,27.68184592,-98.50864568,48131.0,448.1491440351349,0.0,50,41,0,0,41,20,11212,9,0,0,9,21
2020-07-01,US,Texas,Eastland,10,0,0,32.32743996,-98.83243566,48133.0,54.46623093681917,0.0,10,10,0,0,10,9,18322,0,0,0,0,1
2020-07-01,US,Texas,Ector,558,7,0,31.86898877,-102.54294279999999,48135.0,335.6936164068751,1.254480286738351,551,558,7,0,551,506,162124,0,0,0,0,52
2020-07-01,US,Texas,Edwards,2,0,0,29.98202582,-100.304252,48137.0,103.51966873706004,0.0,2,2,0,0,2,2,1928,0,0,0,0,0
2020-07-01,US,Texas,El Paso,6124,131,0,31.76980765,-106.23632749999999,48141.0,729.7095698717171,2.139124755062051,5993,5928,130,0,5798,5745,840758,196,1,0,195,183
2020-07-01,US,Texas,Ellis,862,19,0,32.34894117,-96.79371841,48139.0,466.38459956932473,2.2041763341067284,843,820,19,0,801,711,179436,42,0,0,42,109
2020-07-01,US,Texas,Erath,152,1,0,32.23602653,-98.21773417,48143.0,355.98857089325026,0.6578947368421053,151,149,1,0,148,142,42446,3,0,0,3,7
2020-07-01,US,Texas,Falls,31,0,0,31.25350609,-96.93630086,48145.0,179.22183037520958,0.0,31,29,0,0,29,28,17335,2,0,0,2,1
2020-07-01,US,Texas,Fannin,91,7,0,33.59564294,-96.10751083,48147.0,256.23697696683,7.6923076923076925,84,88,7,0,81,82,35286,3,0,0,3,6
2020-07-01,US,Texas,Fayette,90,2,0,29.87788372,-96.92076062,48149.0,355.0856150871932,2.2222222222222223,88,86,2,0,84,86,25349,4,0,0,4,0
2020-07-01,US,Texas,Fisher,5,1,0,32.74281316,-100.40193020000001,48151.0,130.54830287206266,20.0,4,5,1,0,4,5,3839,0,0,0,0,0
2020-07-01,US,Texas,Floyd,31,1,0,34.07227468,-101.3031546,48153.0,542.7170868347339,3.2258064516129035,30,28,1,0,27,22,5837,3,0,0,3,6
2020-07-01,US,Texas,Fort Bend,3782,54,0,29.52704478,-95.77219463,48157.0,465.9425789219503,1.4278159703860391,3728,3722,53,0,3669,3716,787858,60,1,0,59,6
2020-07-01,US,Texas,Franklin,41,0,0,33.17653242,-95.21917243,48159.0,382.28438228438233,0.0,41,41,0,0,41,41,10766,0,0,0,0,0
2020-07-01,US,Texas,Freestone,29,0,0,31.70422788,-96.15072516,48161.0,147.08119896535985,0.0,29,28,0,0,28,28,19808,1,0,0,1,0
2020-07-01,US,Texas,Frio,218,0,0,28.86751206,-99.10804207,48163.0,1073.5743130109329,0.0,218,192,0,0,192,178,19816,26,0,0,26,14
2020-07-01,US,Texas,Gaines,16,0,0,32.74055318,-102.6353295,48165.0,74.44630560208451,0.0,16,16,0,0,16,15,20901,0,0,0,0,1
2020-07-01,US,Texas,Galveston,3293,40,0,29.40167322,-94.90469073,48167.0,962.4743159943764,1.2146978439113272,3253,3293,40,0,3253,2923,337890,0,0,0,0,370
2020-07-01,US,Texas,Garza,12,0,0,33.17969345,-101.2984114,48169.0,192.6472949109006,0.0,12,12,0,0,12,12,6578,0,0,0,0,0
2020-07-01,US,Texas,Gillespie,42,0,0,30.31824095,-98.94676915,48171.0,155.62472209871055,0.0,42,42,0,0,42,33,26804,0,0,0,0,9
2020-07-01,US,Texas,Glasscock,5,0,0,31.86942909,-101.5207776,48173.0,354.86160397445,0.0,5,5,0,0,5,5,1388,0,0,0,0,0
2020-07-01,US,Texas,Goliad,14,0,0,28.65696592,-97.42760647,48175.0,182.81535648994515,0.0,14,14,0,0,14,12,7584,0,0,0,0,2
2020-07-01,US,Texas,Gonzales,261,4,0,29.45634206,-97.49424032,48177.0,1252.579545999904,1.5325670498084292,257,260,4,0,256,248,20826,1,0,0,1,12
2020-07-01,US,Texas,Gray,117,4,0,35.40081878,-100.8129222,48179.0,534.5883213012885,3.418803418803418,113,114,4,0,110,114,21895,3,0,0,3,0
2020-07-01,US,Texas,Grayson,580,5,0,33.62744998,-96.67753461,48181.0,425.8068305288815,0.8620689655172413,575,572,5,0,567,566,133991,8,0,0,8,6
2020-07-01,US,Texas,Gregg,375,13,0,32.47940482,-94.81591935,48183.0,302.55355197870017,3.466666666666667,362,355,13,0,342,339,123707,20,0,0,20,16
2020-07-01,US,Texas,Grimes,539,2,0,30.54579585,-95.98902499,48185.0,1866.343490304709,0.3710575139146568,537,513,2,0,511,355,28360,26,0,0,26,158
2020-07-01,US,Texas,Guadalupe,705,2,0,29.58165339,-97.94786822,48187.0,422.54280868100716,0.28368794326241137,703,698,1,0,697,638,163694,7,1,0,6,60
2020-07-01,US,Texas,Hale,300,7,0,34.07044901,-101.82681140000001,48189.0,898.0422678560737,2.333333333333333,293,285,7,0,278,235,33830,15,0,0,15,50
2020-07-01,US,Texas,Hall,2,1,0,34.5307555,-100.68138520000001,48191.0,67.47638326585695,50.0,1,2,1,0,1,2,3028,0,0,0,0,0
2020-07-01,US,Texas,Hamilton,24,1,0,31.70470573,-98.11083887,48193.0,283.65441437182363,4.166666666666667,23,20,1,0,19,20,8484,4,0,0,4,0
2020-07-01,US,Texas,Hansford,28,2,0,36.27743284,-101.3545796,48195.0,518.614558251528,7.142857142857142,26,28,2,0,26,28,5463,0,0,0,0,0
2020-07-01,US,Texas,Hardeman,5,0,0,34.28944521,-99.74632408,48197.0,127.12941774726671,0.0,5,5,0,0,5,4,3922,0,0,0,0,1
2020-07-01,US,Texas,Hardin,254,5,0,30.33364686,-94.38931817,48199.0,440.9569112183605,1.9685039370078738,249,232,5,0,227,217,57207,22,0,0,22,15
2020-07-01,US,Texas,Harris,32859,384,0,29.86,-95.39,48201.0,697.151161865562,1.1686295991965672,32475,31422,378,0,31044,30729,4698619,1437,6,0,1431,693
2020-07-01,US,Texas,Harrison,314,30,0,32.54935988,-94.36934071,48203.0,471.8044265472631,9.554140127388537,284,308,30,0,278,289,66726,6,0,0,6,19
2020-07-01,US,Texas,Hartley,28,2,0,35.84008013,-102.6029022,48205.0,502.15208034433283,7.142857142857142,26,26,2,0,24,22,5619,2,0,0,2,4
2020-07-01,US,Texas,Haskell,5,0,0,33.17823584,-99.73037358,48207.0,88.37044892188051,0.0,5,5,0,0,5,4,5813,0,0,0,0,1
2020-07-01,US,Texas,Hays,2819,7,0,30.05669873,-98.02944344,48209.0,1224.6351942517301,0.24831500532103584,2812,2661,6,0,2655,2586,222631,158,1,0,157,75
2020-07-01,US,Texas,Hemphill,8,0,0,35.83764858,-100.2703577,48211.0,209.4789211835559,0.0,8,7,0,0,7,7,3825,1,0,0,1,0
2020-07-01,US,Texas,Henderson,137,4,0,32.21128872,-95.85846587,48213.0,165.58492572851324,2.9197080291970803,133,128,4,0,124,117,82299,9,0,0,9,11
2020-07-01,US,Texas,Hidalgo,3982,46,0,26.39418217,-98.18299696,48215.0,458.38240051018346,1.1551983927674536,3936,3542,32,0,3510,3294,865939,440,14,0,426,248
2020-07-01,US,Texas,Hill,70,1,0,31.99045053,-97.13423143,48217.0,191.00111872083824,1.4285714285714286,69,66,1,0,65,66,36354,4,0,0,4,0
2020-07-01,US,Texas,Hockley,50,1,0,33.60771256,-102.3431676,48219.0,217.19299769775424,2.0,49,38,1,0,37,36,22980,12,0,0,12,2
2020-07-01,US,Texas,Hood,67,4,0,32.42990927,-97.83242024,48221.0,108.69036224713268,5.970149253731344,63,61,4,0,57,57,60537,6,0,0,6,4
2020-07-01,US,Texas,Hopkins,63,1,0,33.14875072,-95.56351139,48223.0,169.88458634451516,1.5873015873015872,62,56,1,0,55,54,36810,7,0,0,7,2
2020-07-01,US,Texas,Houston,162,0,0,31.31925973,-95.42226208,48225.0,705.3291536050157,0.0,162,160,0,0,160,160,23169,2,0,0,2,0
2020-07-01,US,Texas,Howard,40,1,0,32.30621324,-101.4356444,48227.0,109.09884355225834,2.5,39,40,1,0,39,34,36459,0,0,0,0,6
2020-07-01,US,Texas,Hudspeth,15,0,0,31.45628381,-105.388178,48229.0,306.99959066721243,0.0,15,15,0,0,15,15,4795,0,0,0,0,0
2020-07-01,US,Texas,Hunt,452,6,0,33.12351514,-96.08551032,48231.0,458.4457472057123,1.327433628318584,446,392,6,0,386,392,96493,60,0,0,60,0
2020-07-01,US,Texas,Hutchinson,65,0,0,35.84006574,-101.3546643,48233.0,310.44034769318944,0.0,65,62,0,0,62,57,21198,3,0,0,3,5
2020-07-01,US,Texas,Irion,2,0,0,31.30375559,-100.982439,48235.0,130.20833333333334,0.0,2,2,0,0,2,2,1522,0,0,0,0,0
2020-07-01,US,Texas,Jack,11,0,0,33.23377248,-98.17283469,48237.0,123.11135982092891,0.0,11,9,0,0,9,7,8843,2,0,0,2,2
2020-07-01,US,Texas,Jackson,47,1,0,28.95472367,-96.57749563,48239.0,318.4281842818428,2.127659574468085,46,41,1,0,40,40,14874,6,0,0,6,1
2020-07-01,US,Texas,Jasper,52,1,0,30.74685667,-94.02667579,48241.0,146.3593121112331,1.9230769230769231,51,51,1,0,50,51,35872,1,0,0,1,0
2020-07-01,US,Texas,Jeff Davis,4,0,0,30.71490589,-104.1399973,48243.0,175.9014951627089,0.0,4,4,0,0,4,1,2252,0,0,0,0,3
2020-07-01,US,Texas,Jefferson,1875,34,0,29.8832777,-94.16434171,48245.0,745.3342078588039,1.8133333333333328,1841,1787,33,0,1754,1638,255001,88,1,0,87,149
2020-07-01,US,Texas,Jim Hogg,15,0,0,27.04453923,-98.69681870000001,48247.0,288.46153846153845,0.0,15,15,0,0,15,14,5248,0,0,0,0,1
2020-07-01,US,Texas,Jim Wells,147,0,0,27.73103938,-98.0904705,48249.0,363.12435156365785,0.0,147,142,0,0,142,124,40822,5,0,0,5,18
2020-07-01,US,Texas,Johnson,448,4,0,32.37877812,-97.36615819,48251.0,254.81039944942756,0.8928571428571429,444,436,4,0,432,372,171361,12,0,0,12,64
2020-07-01,US,Texas,Jones,613,0,0,32.73997145,-99.87861576,48253.0,3052.332818801972,0.0,613,611,0,0,611,607,19817,2,0,0,2,4
2020-07-01,US,Texas,Karnes,48,0,0,28.90705334,-97.85960149,48255.0,307.67258509069933,0.0,48,29,0,0,29,21,15650,19,0,0,19,8
2020-07-01,US,Texas,Kaufman,627,4,0,32.599141700000004,-96.28734728,48257.0,460.5079542283003,0.6379585326953748,623,586,4,0,582,518,128622,41,0,0,41,68
2020-07-01,US,Texas,Kendall,67,0,0,29.94414155,-98.7113588,48259.0,141.2578271594527,0.0,67,66,0,0,66,61,45641,1,0,0,1,5
2020-07-01,US,Texas,Kerr,90,1,0,30.06040006,-99.34930144,48265.0,171.10266159695817,1.1111111111111112,89,77,1,0,76,72,52405,13,0,0,13,5
2020-07-01,US,Texas,Kimble,5,0,0,30.48678918,-99.74856473,48267.0,115.28706479133041,0.0,5,5,0,0,5,4,4362,0,0,0,0,1
2020-07-01,US,Texas,Kinney,2,0,0,29.34967888,-100.41866379999999,48271.0,54.5404963185165,0.0,2,2,0,0,2,2,3767,0,0,0,0,0
2020-07-01,US,Texas,Kleberg,71,1,0,27.42435506,-97.69894948,48273.0,231.42112125162973,1.4084507042253518,70,66,1,0,65,59,31129,5,0,0,5,7
2020-07-01,US,Texas,Knox,3,0,0,33.60519951,-99.74229059999999,48275.0,81.87772925764193,0.0,3,3,0,0,3,1,3653,0,0,0,0,2
2020-07-01,US,Texas,La Salle,14,0,0,28.34453111,-99.09908775,48283.0,186.17021276595744,0.0,14,13,0,0,13,10,7531,1,0,0,1,3
2020-07-01,US,Texas,Lamar,296,13,0,33.66981763,-95.57404777,48277.0,593.674161134399,4.391891891891892,283,283,13,0,270,265,49728,13,0,0,13,18
2020-07-01,US,Texas,Lamb,41,0,0,34.06859623,-102.35162890000001,48279.0,318.00201659815406,0.0,41,37,0,0,37,36,13158,4,0,0,4,1
2020-07-01,US,Texas,Lampasas,20,0,0,31.19531316,-98.24206613,48281.0,93.33582228859436,0.0,20,20,0,0,20,20,21229,0,0,0,0,0
2020-07-01,US,Texas,Lavaca,134,1,0,29.38508402,-96.93186692,48285.0,664.8804207601469,0.746268656716418,133,131,1,0,130,123,20110,3,0,0,3,8
2020-07-01,US,Texas,Lee,60,3,0,30.31120597,-96.97045773,48287.0,348.0480306282267,5.0,57,59,3,0,56,58,17144,1,0,0,1,1
2020-07-01,US,Texas,Leon,31,0,0,31.29872538,-95.9936328,48289.0,178.11997242013334,0.0,31,27,0,0,27,27,17270,4,0,0,4,0
2020-07-01,US,Texas,Liberty,331,3,0,30.15152688,-94.81205615,48291.0,375.20262075063187,0.9063444108761328,328,314,3,0,311,287,86323,17,0,0,17,27
2020-07-01,US,Texas,Limestone,52,1,0,31.5454767,-96.58095444,48293.0,221.8713999231984,1.9230769230769231,51,49,1,0,48,47,23519,3,0,0,3,2
2020-07-01,US,Texas,Lipscomb,11,0,0,36.27783108,-100.27331509999999,48295.0,340.24126198577176,0.0,11,9,0,0,9,9,3355,2,0,0,2,0
2020-07-01,US,Texas,Live Oak,31,0,0,28.35101362,-98.1246786,48297.0,253.9526501187843,0.0,31,31,0,0,31,21,12166,0,0,0,0,10
2020-07-01,US,Texas,Llano,11,0,0,30.70645047,-98.68475262,48299.0,50.47029135122735,0.0,11,10,0,0,10,9,21646,1,0,0,1,1
2020-07-01,US,Texas,Lubbock,2273,52,0,33.61008596,-101.82047890000001,48303.0,731.8824480228226,2.287725472943247,2221,2095,51,0,2044,2041,307412,178,1,0,177,54
2020-07-01,US,Texas,Lynn,33,1,0,33.17657705,-101.8162849,48305.0,554.52865064695,3.0303030303030303,32,33,1,0,32,28,5877,0,0,0,0,5
2020-07-01,US,Texas,Madison,33,0,0,30.96694679,-95.93003775,48313.0,231.0277233267992,0.0,33,30,0,0,30,29,14422,3,0,0,3,1
2020-07-01,US,Texas,Marion,28,1,0,32.79868409,-94.35661230000001,48315.0,284.1485691089913,3.571428571428572,27,26,1,0,25,26,9928,2,0,0,2,0
2020-07-01,US,Texas,Martin,17,1,0,32.30600051,-101.9513518,48317.0,294.5763299254895,5.882352941176472,16,16,1,0,15,14,5753,1,0,0,1,2
2020-07-01,US,Texas,Mason,34,0,0,30.71780434,-99.22629416,48319.0,795.5077211043518,0.0,34,33,0,0,33,33,4280,1,0,0,1,0
2020-07-01,US,Texas,Matagorda,213,5,0,28.81955746,-96.01230294,48321.0,581.2842834920722,2.347417840375587,208,172,5,0,167,158,36552,41,0,0,41,14
2020-07-01,US,Texas,Maverick,434,3,0,28.7429195,-100.3157686,48323.0,739.0756445625148,0.6912442396313364,431,311,2,0,309,311,58485,123,1,0,122,0
2020-07-01,US,Texas,McCulloch,13,0,0,31.1925468,-99.34682807,48307.0,162.82565130260522,0.0,13,12,0,0,12,11,7987,1,0,0,1,1
2020-07-01,US,Texas,McLennan,957,9,0,31.55255453,-97.20217694,48309.0,372.92058778831205,0.9404388714733544,948,795,8,0,787,744,254607,162,1,0,161,51
2020-07-01,US,Texas,Medina,278,2,0,29.355730100000002,-99.11030298,48325.0,538.9267990074442,0.7194244604316546,276,255,2,0,253,254,50921,23,0,0,23,1
2020-07-01,US,Texas,Menard,6,0,0,30.88990665,-99.82047940000001,48327.0,280.63610851262865,0.0,6,6,0,0,6,3,2139,0,0,0,0,3
2020-07-01,US,Texas,Midland,701,15,0,31.86904128,-102.03156820000001,48329.0,396.4214621787912,2.1398002853067046,686,651,14,0,637,563,172578,50,1,0,49,88
2020-07-01,US,Texas,Milam,88,1,0,30.78581830000001,-96.97718698,48331.0,354.50993030657054,1.1363636363636365,87,83,1,0,82,80,25131,5,0,0,5,3
2020-07-01,US,Texas,Mills,1,0,0,31.49557106,-98.59272068,48333.0,20.521239482864765,0.0,1,1,0,0,1,1,4921,0,0,0,0,0
2020-07-01,US,Texas,Mitchell,9,0,0,32.30623474,-100.9212058,48335.0,105.32475131655941,0.0,9,5,0,0,5,4,8145,4,0,0,4,1
2020-07-01,US,Texas,Montague,18,1,0,33.67521893,-97.72500958,48337.0,90.82652134423252,5.5555555555555545,17,18,1,0,17,17,19596,0,0,0,0,1
2020-07-01,US,Texas,Montgomery,2257,36,0,30.30079133,-95.50572772,48339.0,371.5893057355147,1.5950376606114312,2221,2133,36,0,2097,2028,590925,124,0,0,124,105
2020-07-01,US,Texas,Moore,893,15,0,35.83769242,-101.8930281,48341.0,4264.565425023879,1.6797312430011198,878,889,15,0,874,888,21485,4,0,0,4,1
2020-07-01,US,Texas,Morris,39,0,0,33.11304005,-94.73255695,48343.0,314.8207943170811,0.0,39,38,0,0,38,38,12339,1,0,0,1,0
2020-07-01,US,Texas,Motley,1,0,0,34.07408766,-100.77972199999999,48345.0,83.33333333333333,0.0,1,1,0,0,1,1,1234,0,0,0,0,0
2020-07-01,US,Texas,Nacogdoches,407,26,0,31.62017125,-94.61803994,48347.0,624.1948346727195,6.388206388206388,381,397,26,0,371,381,65711,10,0,0,10,16
2020-07-01,US,Texas,Navarro,241,6,0,32.04620681,-96.47428766,48349.0,480.91313631193503,2.489626556016597,235,230,6,0,224,185,49565,11,0,0,11,45
2020-07-01,US,Texas,Newton,12,0,0,30.78548982,-93.74408813,48351.0,88.26774549466715,0.0,12,12,0,0,12,12,13746,0,0,0,0,0
2020-07-01,US,Texas,Nolan,36,0,0,32.30365282,-100.4060208,48353.0,244.66494495038742,0.0,36,33,0,0,33,33,14751,3,0,0,3,0
2020-07-01,US,Texas,Nueces,2756,9,0,27.736286,-97.5433285,48355.0,760.7081541510486,0.3265602322206096,2747,2394,8,0,2386,2120,362265,362,1,0,361,274
2020-07-01,US,Texas,Ochiltree,53,2,0,36.27829105,-100.8158184,48357.0,538.8369255795038,3.7735849056603774,51,53,2,0,51,53,9947,0,0,0,0,0
2020-07-01,US,Texas,Oldham,4,1,0,35.40425596,-102.6027606,48359.0,189.3939393939394,25.0,3,4,1,0,3,4,2131,0,0,0,0,0
2020-07-01,US,Texas,Orange,272,3,0,30.11879481,-93.89412775,48361.0,326.15473164180537,1.1029411764705883,269,212,3,0,209,198,83572,60,0,0,60,14
2020-07-01,US,Texas,Palo Pinto,21,2,0,32.75310985,-98.31319001,48363.0,71.9449107540512,9.523809523809524,19,19,2,0,17,17,28875,2,0,0,2,2
2020-07-01,US,Texas,Panola,209,24,0,32.163959600000005,-94.30552481,48365.0,901.0951108045184,11.483253588516742,185,209,25,0,184,209,23148,0,-1,0,1,0
2020-07-01,US,Texas,Parker,291,1,0,32.77757172,-97.80500621,48367.0,203.67026414143533,0.3436426116838488,290,286,1,0,285,255,138371,5,0,0,5,31
2020-07-01,US,Texas,Parmer,199,8,0,34.52993409,-102.78446679999999,48369.0,2071.837584591359,4.0201005025125625,191,191,8,0,183,188,9864,8,0,0,8,3
2020-07-01,US,Texas,Pecos,127,0,0,30.78097267,-102.72412609999999,48371.0,802.6290842444542,0.0,127,124,0,0,124,120,15673,3,0,0,3,4
2020-07-01,US,Texas,Polk,121,0,0,30.79472531,-94.82766240000001,48373.0,235.624014176387,0.0,121,113,0,0,113,106,50031,8,0,0,8,7
2020-07-01,US,Texas,Potter,2885,39,0,35.40133773,-101.893964,48375.0,2457.096623089043,1.3518197573656845,2846,2873,39,0,2834,2858,119648,12,0,0,12,15
2020-07-01,US,Texas,Presidio,19,0,0,29.99954402,-104.24080790000001,48377.0,283.4128878281623,0.0,19,19,0,0,19,15,6948,0,0,0,0,4
2020-07-01,US,Texas,Rains,12,0,0,32.87109387,-95.79232691,48379.0,95.89260028767781,0.0,12,12,0,0,12,8,12159,0,0,0,0,4
2020-07-01,US,Texas,Randall,863,7,0,34.96585996,-101.8971322,48381.0,626.665601649808,0.8111239860950173,856,844,7,0,837,825,136271,19,0,0,19,19
2020-07-01,US,Texas,Reagan,6,0,0,31.36607041,-101.52326590000001,48383.0,155.88464536243183,0.0,6,4,0,0,4,2,3741,2,0,0,2,2
2020-07-01,US,Texas,Real,1,0,0,29.83321503,-99.82018052,48385.0,28.968713789107767,0.0,1,1,0,0,1,1,3478,0,0,0,0,0
2020-07-01,US,Texas,Red River,112,10,0,33.61886692,-95.04841765,48387.0,931.5478665890377,8.928571428571429,102,110,10,0,100,105,12175,2,0,0,2,5
2020-07-01,US,Texas,Reeves,31,0,0,31.32323325,-103.69038959999999,48389.0,194.04106159238862,0.0,31,29,0,0,29,20,15695,2,0,0,2,9
2020-07-01,US,Texas,Refugio,13,0,0,28.323897600000002,-97.15766311,48391.0,187.1042026482441,0.0,13,12,0,0,12,12,7032,1,0,0,1,0
2020-07-01,US,Texas,Roberts,3,0,0,35.83809685,-100.813175,48393.0,351.28805620608904,0.0,3,3,0,0,3,3,903,0,0,0,0,0
2020-07-01,US,Texas,Robertson,52,0,0,31.02539637,-96.51272246,48395.0,304.5566358205458,0.0,52,42,0,0,42,42,17284,10,0,0,10,0
2020-07-01,US,Texas,Rockwall,375,16,0,32.89779518,-96.40771592,48397.0,357.43220702473434,4.266666666666667,359,360,16,0,344,331,100657,15,0,0,15,29
2020-07-01,US,Texas,Runnels,8,0,0,31.8314342,-99.97616148,48399.0,77.94232268121591,0.0,8,7,0,0,7,5,10234,1,0,0,1,2
2020-07-01,US,Texas,Rusk,277,3,0,32.10773545,-94.76176432,48401.0,509.1350218725877,1.083032490974729,274,268,3,0,265,266,54450,9,0,0,9,2
2020-07-01,US,Texas,Sabine,24,1,0,31.34318809,-93.85440451,48403.0,227.6607854297097,4.166666666666667,23,24,1,0,23,23,10589,0,0,0,0,1
2020-07-01,US,Texas,San Augustine,105,7,0,31.39457611,-94.17000399,48405.0,1274.735947553721,6.666666666666668,98,105,7,0,98,103,8232,0,0,0,0,2
2020-07-01,US,Texas,San Jacinto,35,0,0,30.57933681,-95.16260304,48407.0,121.27932360788662,0.0,35,33,0,0,33,31,28719,2,0,0,2,2
2020-07-01,US,Texas,San Patricio,161,0,0,28.00880118,-97.51763891,48409.0,241.2707927468905,0.0,161,133,0,0,133,109,66893,28,0,0,28,24
2020-07-01,US,Texas,San Saba,4,0,0,31.1577796,-98.81758731,48411.0,66.06110652353426,0.0,4,4,0,0,4,4,6054,0,0,0,0,0
2020-07-01,US,Texas,Schleicher,20,0,0,30.89740592,-100.5384842,48413.0,716.0759040458289,0.0,20,20,0,0,20,15,2895,0,0,0,0,5
2020-07-01,US,Texas,Scurry,36,0,0,32.74613808,-100.91626640000001,48415.0,215.53014428545768,0.0,36,32,0,0,32,32,16866,4,0,0,4,0
2020-07-01,US,Texas,Shackelford,1,0,0,32.73587756,-99.35401337,48417.0,30.627871362940283,0.0,1,1,0,0,1,1,3253,0,0,0,0,0
2020-07-01,US,Texas,Shelby,278,9,0,31.79211404,-94.14550696,48419.0,1099.944607106117,3.2374100719424463,269,277,9,0,268,275,25418,1,0,0,1,2
2020-07-01,US,Texas,Sherman,30,0,0,36.27751473,-101.8933156,48421.0,992.7200529450696,0.0,30,30,0,0,30,30,3079,0,0,0,0,0
2020-07-01,US,Texas,Smith,618,4,0,32.37474036,-95.27175679999999,48423.0,265.5198044261893,0.6472491909385113,614,566,4,0,562,499,230221,52,0,0,52,67
2020-07-01,US,Texas,Somervell,8,0,0,32.22236802,-97.77403489,48425.0,87.64241893076249,0.0,8,6,0,0,6,5,9016,2,0,0,2,1
2020-07-01,US,Texas,Starr,721,3,0,26.56150059,-98.73892358,48427.0,1115.5292188201074,0.4160887656033287,718,598,3,0,595,598,64525,123,0,0,123,0
2020-07-01,US,Texas,Stephens,8,0,0,32.73553157,-98.83631615,48429.0,85.41533205210335,0.0,8,8,0,0,8,7,9433,0,0,0,0,1
2020-07-01,US,Texas,Sutton,5,0,0,30.49856623,-100.5382014,48435.0,132.41525423728814,0.0,5,5,0,0,5,4,3758,0,0,0,0,1
2020-07-01,US,Texas,Swisher,35,1,0,34.53028891,-101.73491740000001,48437.0,473.1647965391375,2.8571428571428568,34,31,1,0,30,31,7462,4,0,0,4,0
2020-07-01,US,Texas,Tarrant,12950,231,0,32.77143818,-97.29101614,48439.0,615.9290183423186,1.7837837837837838,12719,12344,228,0,12116,11739,2084931,606,3,0,603,605
2020-07-01,US,Texas,Taylor,423,5,0,32.30163422,-99.89007449,48441.0,306.44623788342005,1.182033096926714,418,400,5,0,395,352,137640,23,0,0,23,48
2020-07-01,US,Texas,Terrell,3,0,0,30.22429013,-102.0766732,48443.0,386.59793814432993,0.0,3,2,0,0,2,1,823,1,0,0,1,1
2020-07-01,US,Texas,Terry,17,0,0,33.17402785,-102.3354521,48445.0,137.79687120045392,0.0,17,17,0,0,17,16,12287,0,0,0,0,1
2020-07-01,US,Texas,Throckmorton,1,0,0,33.17751417,-99.21226795,48447.0,66.62225183211193,0.0,1,1,0,0,1,1,1515,0,0,0,0,0
2020-07-01,US,Texas,Titus,799,5,0,33.21339719,-94.96797273,48449.0,2439.6946564885493,0.6257822277847309,794,799,5,0,794,766,33033,0,0,0,0,33
2020-07-01,US,Texas,Tom Green,423,2,0,31.40464436,-100.46244300000001,48451.0,354.86577181208054,0.4728132387706856,421,394,2,0,392,379,118189,29,0,0,29,15
2020-07-01,US,Texas,Travis,9527,124,0,30.33432034,-97.78535620000001,48453.0,747.8291994844396,1.301563976068017,9403,8969,121,0,8848,8461,1248743,558,3,0,555,508
2020-07-01,US,Texas,Trinity,36,0,0,31.0879489,-95.1367187,48455.0,245.71701590335132,0.0,36,32,0,0,32,32,14740,4,0,0,4,0
2020-07-01,US,Texas,Tyler,25,0,0,30.77031716,-94.37690895,48457.0,115.35622000738279,0.0,25,25,0,0,25,25,21696,0,0,0,0,0
2020-07-01,US,Texas,Upshur,58,0,0,32.73706798,-94.93999853,48459.0,138.9121739755227,0.0,58,53,0,0,53,46,41260,5,0,0,5,7
2020-07-01,US,Texas,Upton,3,0,0,31.36868194,-102.0423217,48461.0,82.03445447087776,0.0,3,3,0,0,3,2,3671,0,0,0,0,1
2020-07-01,US,Texas,Uvalde,85,1,0,29.35739637,-99.76229172,48463.0,317.86395422759057,1.1764705882352942,84,80,1,0,79,73,26846,5,0,0,5,7
2020-07-01,US,Texas,Val Verde,256,0,0,29.89149232,-101.1525205,48465.0,522.182559918409,0.0,256,224,0,0,224,191,49208,32,0,0,32,33
2020-07-01,US,Texas,Van Zandt,91,3,0,32.56483801,-95.83766469,48467.0,160.80579607704541,3.2967032967032965,88,85,3,0,82,78,56019,6,0,0,6,7
2020-07-01,US,Texas,Victoria,697,8,0,28.79780988,-96.96813006,48469.0,756.9175969766734,1.147776183644189,689,480,8,0,472,480,92035,217,0,0,217,0
2020-07-01,US,Texas,Walker,2028,28,0,30.73872995,-95.57440968,48471.0,2779.186252072741,1.3806706114398422,2000,1991,28,0,1963,1981,72480,37,0,0,37,10
2020-07-01,US,Texas,Waller,156,0,0,30.01058447,-95.99011759,48473.0,282.37338449842525,0.0,156,152,0,0,152,149,53126,4,0,0,4,3
2020-07-01,US,Texas,Ward,20,0,0,31.50999644,-103.09279090000001,48475.0,166.6944490748458,0.0,20,19,0,0,19,14,11720,1,0,0,1,5
2020-07-01,US,Texas,Washington,275,31,0,30.21498498,-96.40946246,48477.0,766.4009809932556,11.272727272727273,244,267,31,0,236,265,35108,8,0,0,8,2
2020-07-01,US,Texas,Webb,1538,25,0,27.7610369,-99.33237355,48479.0,555.9330856093576,1.625487646293888,1513,1503,25,0,1478,1457,275910,35,0,0,35,46
2020-07-01,US,Texas,Wharton,203,1,0,29.27765923,-96.22319248,48481.0,488.49744922514196,0.4926108374384237,202,197,1,0,196,192,41619,6,0,0,6,5
2020-07-01,US,Texas,Wheeler,16,0,0,35.40114335,-100.26995140000001,48483.0,316.4556962025317,0.0,16,16,0,0,16,16,5191,0,0,0,0,0
2020-07-01,US,Texas,Wichita,363,2,0,33.98842886,-98.70410340000001,48485.0,274.5216667927096,0.5509641873278237,361,318,2,0,316,300,132064,45,0,0,45,18
2020-07-01,US,Texas,Wilbarger,10,0,0,34.07945812,-99.24178437,48487.0,78.31466833737959,0.0,10,10,0,0,10,9,12820,0,0,0,0,1
2020-07-01,US,Texas,Willacy,156,3,0,26.47411727,-97.61535848,48489.0,730.4054686768424,1.9230769230769231,153,154,3,0,151,151,21515,2,0,0,2,3
2020-07-01,US,Texas,Williamson,2339,39,0,30.64655664,-97.60048540000001,48491.0,396.070788128375,1.6673792218896966,2300,2230,39,0,2191,2100,566719,109,0,0,109,130
2020-07-01,US,Texas,Wilson,101,5,0,29.1732598,-98.08693082,48493.0,197.76776972782451,4.950495049504951,96,98,5,0,93,86,50224,3,0,0,3,12
2020-07-01,US,Texas,Winkler,24,0,0,31.85008651,-103.04851629999999,48495.0,299.62546816479403,0.0,24,21,0,0,21,16,7720,3,0,0,3,5
2020-07-01,US,Texas,Wise,107,5,0,33.21570665,-97.65460265,48497.0,152.89208962048468,4.672897196261682,102,104,5,0,99,90,68305,3,0,0,3,14
2020-07-01,US,Texas,Wood,92,5,0,32.78722382,-95.38236368,48499.0,202.0246382221832,5.434782608695652,87,82,5,0,77,80,45129,10,0,0,10,2
2020-07-01,US,Texas,Yoakum,24,0,0,33.17320212,-102.82764329999999,48501.0,275.45047629978194,0.0,24,24,0,0,24,21,8591,0,0,0,0,3
2020-07-01,US,Texas,Young,25,1,0,33.17659707,-98.68790885,48503.0,138.811771238201,4.0,24,24,1,0,23,22,18045,1,0,0,1,2
2020-07-01,US,Texas,Zapata,52,0,0,27.00156391,-99.16987152,48505.0,366.7395443966428,0.0,52,47,0,0,47,45,14190,5,0,0,5,2
2020-07-01,US,Texas,Zavala,21,0,0,28.86617238,-99.76050829,48507.0,177.36486486486487,0.0,21,21,0,0,21,19,11983,0,0,0,0,2
2020-07-01,US,Utah,Bear River,1538,2,0,41.52106798,-113.08328159999999,0.0,823.2611418599921,0.13003901170351104,1536,1521,2,0,1519,1504,,17,0,0,17,17
2020-07-01,US,Utah,Central Utah,173,0,0,39.37231946,-111.5758676,0.0,211.09402835737117,0.0,173,169,0,0,169,159,,4,0,0,4,10
2020-07-01,US,Utah,Davis,1218,5,0,40.99001837,-112.1139997,49011.0,342.6343461394561,0.4105090311986864,1213,1179,5,0,1174,1155,351713,39,0,0,39,24
2020-07-01,US,Utah,Salt Lake,11437,108,0,40.66616532,-111.92160109999999,49035.0,985.5769852219464,0.9443035761126171,11329,11166,107,0,11059,10887,1152633,271,1,0,270,279
2020-07-01,US,Utah,San Juan,402,9,0,37.62762978,-109.80337140000002,49037.0,2626.077867781552,2.238805970149253,393,399,9,0,390,400,15449,3,0,0,3,-1
2020-07-01,US,Utah,Southeast Utah,37,0,0,38.99617072,-110.70139579999999,0.0,91.9734519873723,0.0,37,36,0,0,36,35,,1,0,0,1,1
2020-07-01,US,Utah,Southwest Utah,1553,11,0,37.85447192,-111.4418764,0.0,616.1671467453838,0.7083065035415326,1542,1519,11,0,1508,1467,,34,0,0,34,52
2020-07-01,US,Utah,Summit,493,0,0,40.86688146,-110.9535882,49043.0,1169.7710285917665,0.0,493,488,0,0,488,485,41933,5,0,0,5,3
2020-07-01,US,Utah,Tooele,247,0,0,40.44862644,-113.12957150000001,49045.0,341.82593171784833,0.0,247,244,0,0,244,234,69907,3,0,0,3,10
2020-07-01,US,Utah,TriCounty,50,0,0,40.12491499,-109.5174415,0.0,88.30489915580515,0.0,50,50,0,0,50,48,,0,0,0,0,2
2020-07-01,US,Utah,Utah,4154,22,0,40.116672200000004,-111.66576620000001,49049.0,652.9034083318271,0.5296100144439095,4132,4084,22,0,4062,3965,622213,70,0,0,70,119
2020-07-01,US,Utah,Wasatch,410,3,0,40.33110236,-111.1691419,49051.0,1202.6634595641078,0.7317073170731707,407,408,3,0,405,406,33240,2,0,0,2,2
2020-07-01,US,Utah,Weber-Morgan,1004,13,0,41.27116049,-111.9145117,0.0,368.66088706272,1.294820717131474,991,954,13,0,941,919,,50,0,0,50,35
2020-07-01,US,Vermont,Addison,68,2,0,44.03217337,-73.14130877,50001.0,184.8981700519346,2.9411764705882355,66,68,2,0,66,68,36973,0,0,0,0,0
2020-07-01,US,Vermont,Bennington,72,1,0,43.03519828,-73.09048868,50003.0,202.98844093600223,1.3888888888888888,71,72,1,0,71,72,35631,0,0,0,0,0
2020-07-01,US,Vermont,Caledonia,19,0,0,44.46548598,-72.10314651,50005.0,63.34811456006401,0.0,19,19,0,0,19,19,30302,0,0,0,0,0
2020-07-01,US,Vermont,Chittenden,608,39,0,44.46322849,-73.08359212,50007.0,371.24329869210015,6.414473684210527,569,607,39,0,568,607,164572,1,0,0,1,0
2020-07-01,US,Vermont,Essex,3,0,0,44.72736416,-71.73579864,50009.0,48.67759208177836,0.0,3,3,0,0,3,3,6250,0,0,0,0,0
2020-07-01,US,Vermont,Franklin,105,6,0,44.85627605,-72.91249563,50011.0,212.54200234808303,5.7142857142857135,99,104,6,0,98,104,49421,1,0,0,1,0
2020-07-01,US,Vermont,Grand Isle,10,0,0,44.797582399999996,-73.29679772,50013.0,138.217000691085,0.0,10,10,0,0,10,10,7090,0,0,0,0,0
2020-07-01,US,Vermont,Lamoille,30,1,0,44.60353043,-72.64356694,50015.0,118.28720132481665,3.333333333333333,29,30,1,0,29,30,25300,0,0,0,0,0
2020-07-01,US,Vermont,Orange,9,0,0,44.00470222,-72.37640104,50017.0,31.150491485532328,0.0,9,9,0,0,9,9,28999,0,0,0,0,0
2020-07-01,US,Vermont,Orleans,14,0,0,44.82964024,-72.24562697,50019.0,51.78089285053815,0.0,14,14,0,0,14,14,26907,0,0,0,0,0
2020-07-01,US,Vermont,Rutland,73,1,0,43.57723578,-73.03741676,50021.0,125.44895258716984,1.3698630136986298,72,73,1,0,72,73,58672,0,0,0,0,0
2020-07-01,US,Vermont,Unassigned,6,0,0,0.0,0.0,90050.0,0.0,0.0,6,6,0,0,6,6,,0,0,0,0,0
2020-07-01,US,Vermont,Washington,41,1,0,44.27343241,-72.61604978,50023.0,70.19466178157475,2.4390243902439024,40,41,1,0,40,41,58140,0,0,0,0,0
2020-07-01,US,Vermont,Windham,94,3,0,42.986982,-72.71268875,50025.0,222.6327506986879,3.191489361702128,91,94,3,0,91,94,42756,0,0,0,0,0
2020-07-01,US,Vermont,Windsor,58,2,0,43.58010937,-72.58595157,50027.0,105.3358032763067,3.4482758620689653,56,58,2,0,56,58,55286,0,0,0,0,0
2020-07-01,US,Virginia,Accomack,1043,14,0,37.76707161,-75.63234615,51001.0,3227.5034038866197,1.342281879194631,1029,1042,14,0,1028,1039,32412,1,0,0,1,3
2020-07-01,US,Virginia,Albemarle,407,9,0,38.02080697,-78.55481085,51003.0,372.2674471782676,2.211302211302211,398,401,8,0,393,394,108718,6,1,0,5,7
2020-07-01,US,Virginia,Alexandria,2325,57,0,38.814003,-77.08183073,51510.0,1458.338560353263,2.4516129032258065,2268,2325,57,0,2268,2317,160530,0,0,0,0,8
2020-07-01,US,Virginia,Alleghany,33,2,0,37.78636074,-80.00222498,51005.0,222.07267833109017,6.0606060606060606,31,31,2,0,29,31,14910,2,0,0,2,0
2020-07-01,US,Virginia,Amelia,44,1,0,37.34081025,-77.98584649,51007.0,334.72803347280336,2.272727272727273,43,44,1,0,43,44,13013,0,0,0,0,0
2020-07-01,US,Virginia,Amherst,36,0,0,37.60308293,-79.14548696,51009.0,113.90602752728998,0.0,36,36,0,0,36,35,31666,0,0,0,0,1
2020-07-01,US,Virginia,Appomattox,40,0,0,37.37569884,-78.81340003,51011.0,251.39840362013697,0.0,40,40,0,0,40,39,15841,0,0,0,0,1
2020-07-01,US,Virginia,Arlington,2484,132,0,38.8767675,-77.10139853,51013.0,1048.8004661335406,5.3140096618357475,2352,2479,132,0,2347,2466,237521,5,0,0,5,13
2020-07-01,US,Virginia,Augusta,184,2,0,38.16404586,-79.12461614,51015.0,243.52153312686943,1.0869565217391304,182,185,2,0,183,183,75457,-1,0,0,-1,2
2020-07-01,US,Virginia,Bedford,119,3,0,37.3080028,-79.5281964,51019.0,150.638631846779,2.5210084033613445,116,118,3,0,115,114,78747,1,0,0,1,4
2020-07-01,US,Virginia,Bland,2,0,0,37.13128068,-81.13599391,51021.0,31.84713375796178,0.0,2,2,0,0,2,2,6293,0,0,0,0,0
2020-07-01,US,Virginia,Botetourt,123,4,0,37.55531756,-79.80982182,51023.0,368.05410096053146,3.2520325203252027,119,121,4,0,117,86,33277,2,0,0,2,35
2020-07-01,US,Virginia,Bristol,4,0,0,36.616302399999995,-82.16359122,51520.0,23.863500775563768,0.0,4,4,0,0,4,4,16482,0,0,0,0,0
2020-07-01,US,Virginia,Brunswick,106,1,0,36.76366949,-77.8593436,51025.0,653.0712833466823,0.9433962264150944,105,103,1,0,102,102,16384,3,0,0,3,1
2020-07-01,US,Virginia,Buchanan,31,0,0,37.26818323,-82.03749726,51027.0,147.59093505998857,0.0,31,31,0,0,31,31,21221,0,0,0,0,0
2020-07-01,US,Virginia,Buckingham,559,4,0,37.57242268,-78.52518834,51029.0,3259.8553767203166,0.7155635062611807,555,556,4,0,552,556,16999,3,0,0,3,0
2020-07-01,US,Virginia,Buena Vista,16,0,0,37.73484642,-79.35296097,51530.0,246.98981167026858,0.0,16,15,0,0,15,14,6237,1,0,0,1,1
2020-07-01,US,Virginia,Campbell,45,1,0,37.20553386,-79.09678609,51031.0,81.98961464881116,2.2222222222222223,44,45,1,0,44,44,54973,0,0,0,0,1
2020-07-01,US,Virginia,Caroline,125,4,0,38.02679129,-77.34901405,51033.0,406.83482506102524,3.2,121,128,4,0,124,128,30772,-3,0,0,-3,0
2020-07-01,US,Virginia,Carroll,221,8,0,36.73066666,-80.73455942,51035.0,741.8347823168069,3.619909502262444,213,214,8,0,206,209,29636,7,0,0,7,5
2020-07-01,US,Virginia,Charles City,39,3,0,37.35358063,-77.05634116,51036.0,560.1034037052996,7.6923076923076925,36,39,3,0,36,40,6941,0,0,0,0,-1
2020-07-01,US,Virginia,Charlotte,32,0,0,37.01909701,-78.66314092,51037.0,269.36026936026934,0.0,32,31,0,0,31,31,11938,1,0,0,1,0
2020-07-01,US,Virginia,Charlottesville,216,4,0,38.03527919,-78.48569588,51540.0,456.9881098464012,1.851851851851852,212,212,3,0,209,211,48117,4,1,0,3,1
2020-07-01,US,Virginia,Chesapeake,925,20,0,36.67670048,-76.30545744,51550.0,377.8054608205526,2.1621621621621623,905,895,20,0,875,887,242634,30,0,0,30,8
2020-07-01,US,Virginia,Chesterfield,2914,53,0,37.37373208,-77.58680140000001,51041.0,825.9590365133985,1.818805765271105,2861,2897,50,0,2847,2869,348556,17,3,0,14,28
2020-07-01,US,Virginia,Clarke,51,0,0,39.11271747,-77.99199425,51043.0,348.861071208701,0.0,51,49,0,0,49,49,14523,2,0,0,2,0
2020-07-01,US,Virginia,Colonial Heights,144,17,0,37.26420587,-77.39609676,51570.0,829.0155440414508,11.805555555555555,127,143,17,0,126,143,17833,1,0,0,1,0
2020-07-01,US,Virginia,Covington,5,0,0,37.7824656,-79.98631446,51580.0,90.2853015529072,0.0,5,5,0,0,5,3,5460,0,0,0,0,2
2020-07-01,US,Virginia,Craig,7,0,0,37.48133648,-80.21072274,51045.0,136.4256480218281,0.0,7,7,0,0,7,7,5064,0,0,0,0,0
2020-07-01,US,Virginia,Culpeper,811,10,0,38.48199985,-77.95630870000002,51047.0,1541.6785476665714,1.2330456226880395,801,808,10,0,798,808,51859,3,0,0,3,0
2020-07-01,US,Virginia,Cumberland,52,0,0,37.51328851,-78.24398086,51049.0,523.5602094240837,0.0,52,51,0,0,51,50,9809,1,0,0,1,1
2020-07-01,US,Virginia,Danville,87,2,0,36.58022376,-79.40395668,51590.0,217.26101288582558,2.2988505747126435,85,86,2,0,84,82,40693,1,0,0,1,4
2020-07-01,US,Virginia,Dickenson,4,0,0,37.12560977,-82.35124171,51051.0,27.936862690319877,0.0,4,4,0,0,4,4,14523,0,0,0,0,0
2020-07-01,US,Virginia,Dinwiddie,142,0,0,37.07544585,-77.63451754,51053.0,497.4775784753363,0.0,142,142,0,0,142,140,28529,0,0,0,0,2
2020-07-01,US,Virginia,Emporia,137,14,0,36.69455571,-77.53406129,51595.0,2562.663673774785,10.218978102189784,123,136,14,0,122,133,5121,1,0,0,1,3
2020-07-01,US,Virginia,Essex,59,0,0,37.93357639,-76.94230311,51057.0,538.6652058796676,0.0,59,58,0,0,58,57,10919,1,0,0,1,1
2020-07-01,US,Virginia,Fairfax,13864,488,0,38.83677558,-77.27565836,51059.0,1208.1580295800031,3.5199076745527984,13376,13850,488,0,13362,13840,1150795,14,0,0,14,10
2020-07-01,US,Virginia,Fairfax,13864,488,0,38.83677558,-77.27565836,51059.0,1208.1580295800031,3.5199076745527984,13376,13850,488,0,13362,13840,24574,14,0,0,14,10
2020-07-01,US,Virginia,Fairfax City,70,7,0,38.85157547,-77.29779640000002,51600.0,291.4359465423206,10.0,63,70,7,0,63,70,24574,0,0,0,0,0
2020-07-01,US,Virginia,Falls Church,52,8,0,38.88485255,-77.17560759,51610.0,355.75015393035505,15.384615384615385,44,56,8,0,48,56,14772,-4,0,0,-4,0
2020-07-01,US,Virginia,Fauquier,420,7,0,38.73564842,-77.80647472,51061.0,589.7054280980594,1.6666666666666667,413,420,6,0,414,417,70675,0,1,0,-1,3
2020-07-01,US,Virginia,Floyd,18,1,0,36.9302126,-80.36738849,51063.0,114.2929709822846,5.5555555555555545,17,17,1,0,16,17,15795,1,0,0,1,0
2020-07-01,US,Virginia,Fluvanna,112,7,0,37.84157909,-78.27715475,51065.0,410.7077374404107,6.25,105,110,7,0,103,110,26783,2,0,0,2,0
2020-07-01,US,Virginia,Franklin,91,1,0,36.99536167,-79.88023649,51067.0,162.3782163377467,1.0989010989010992,90,88,1,0,87,72,56195,3,0,0,3,16
2020-07-01,US,Virginia,Franklin,91,1,0,36.99536167,-79.88023649,51067.0,162.3782163377467,1.0989010989010992,90,88,1,0,87,72,8013,3,0,0,3,16
2020-07-01,US,Virginia,Franklin City,52,2,0,36.6831435,-76.93859681,51620.0,652.6923559683695,3.8461538461538463,50,51,2,0,49,50,8013,1,0,0,1,1
2020-07-01,US,Virginia,Frederick,505,6,0,39.20172582,-78.25974949,51069.0,565.4272054460158,1.188118811881188,499,493,6,0,487,491,88355,12,0,0,12,2
2020-07-01,US,Virginia,Fredericksburg,249,0,0,38.2977863,-77.4922454,51630.0,857.5561372089819,0.0,249,246,0,0,246,247,29144,3,0,0,3,-1
2020-07-01,US,Virginia,Galax,256,14,0,36.66601852,-80.91703124,51640.0,4033.4016070584526,5.46875,242,253,13,0,240,253,6423,3,1,0,2,0
2020-07-01,US,Virginia,Giles,15,0,0,37.31234791,-80.70636931,51071.0,89.71291866028709,0.0,15,15,0,0,15,14,16844,0,0,0,0,1
2020-07-01,US,Virginia,Gloucester,49,1,0,37.40809042,-76.53524337,51073.0,131.19845774874156,2.0408163265306123,48,49,1,0,48,48,37349,0,0,0,0,1
2020-07-01,US,Virginia,Goochland,120,6,0,37.71714806,-77.90381514,51075.0,505.1993432408538,5.0,114,119,6,0,113,119,23244,1,0,0,1,0
2020-07-01,US,Virginia,Grayson,86,2,0,36.65677234,-81.23215889,51077.0,553.0546623794212,2.3255813953488373,84,84,2,0,82,84,15631,2,0,0,2,0
2020-07-01,US,Virginia,Greene,66,1,0,38.29545894,-78.46525378,51079.0,333.0137746606792,1.5151515151515151,65,67,1,0,66,65,19779,-1,0,0,-1,2
2020-07-01,US,Virginia,Greensville,361,7,0,36.67878901,-77.56351439,51081.0,3184.54481298518,1.9390581717451525,354,359,7,0,352,354,11627,2,0,0,2,5
2020-07-01,US,Virginia,Halifax,54,1,0,36.76654925,-78.93512622,51083.0,159.24036448350094,1.851851851851852,53,53,1,0,52,50,34120,1,0,0,1,3
2020-07-01,US,Virginia,Hampton,336,5,0,37.03513786,-76.35879121,51650.0,249.79555423388595,1.488095238095238,331,328,5,0,323,316,134313,8,0,0,8,12
2020-07-01,US,Virginia,Hanover,429,27,0,37.7583355,-77.49464673,51085.0,398.08473915706253,6.293706293706293,402,429,26,0,403,423,107239,0,1,0,-1,6
2020-07-01,US,Virginia,Harrisonburg,937,24,0,38.43542574,-78.87536254,51660.0,1767.3909763090387,2.56136606189968,913,939,24,0,915,936,54033,-2,0,0,-2,3
2020-07-01,US,Virginia,Henrico,2603,146,0,37.53460572,-77.39326555,51087.0,786.8374755908083,5.608912792931234,2457,2591,141,0,2450,2584,329261,12,5,0,7,7
2020-07-01,US,Virginia,Henry,264,4,0,36.68542395,-79.87634026,51089.0,522.1828826868683,1.5151515151515151,260,260,4,0,256,250,50953,4,0,0,4,10
2020-07-01,US,Virginia,Highland,3,0,0,38.35799465,-79.56124594,51091.0,136.98630136986299,0.0,3,3,0,0,3,3,2210,0,0,0,0,0
2020-07-01,US,Virginia,Hopewell,176,2,0,37.29186313,-77.29754684,51670.0,781.2153224732567,1.1363636363636365,174,174,2,0,172,169,22596,2,0,0,2,5
2020-07-01,US,Virginia,Isle of Wight,181,8,0,36.90579348,-76.70842863,51093.0,487.7522972863726,4.419889502762431,173,179,8,0,171,178,36953,2,0,0,2,1
2020-07-01,US,Virginia,James City,265,15,0,37.31156958,-76.76950618,51095.0,346.30111208394857,5.660377358490566,250,263,15,0,248,258,76397,2,0,0,2,5
2020-07-01,US,Virginia,King George,97,4,0,38.26818502,-77.15852768,51099.0,361.4547622596512,4.123711340206185,93,97,4,0,93,97,26575,0,0,0,0,0
2020-07-01,US,Virginia,King William,42,0,0,37.70965316,-77.09384941,51101.0,244.926522043387,0.0,42,42,0,0,42,42,16939,0,0,0,0,0
2020-07-01,US,Virginia,King and Queen,23,1,0,37.71044922,-76.88689628,51097.0,327.40213523131666,4.3478260869565215,22,23,1,0,22,23,7042,0,0,0,0,0
2020-07-01,US,Virginia,Lancaster,11,0,0,37.71889653,-76.46400482,51103.0,103.74422333301895,0.0,11,11,0,0,11,11,10783,0,0,0,0,0
2020-07-01,US,Virginia,Lee,11,0,0,36.70586667,-83.12606515,51105.0,46.962387397002956,0.0,11,11,0,0,11,9,23541,0,0,0,0,2
2020-07-01,US,Virginia,Lexington,10,0,0,37.78258621,-79.44262866,51678.0,134.30029546065,0.0,10,10,0,0,10,10,7136,0,0,0,0,0
2020-07-01,US,Virginia,Loudoun,4047,87,0,39.08990083,-77.63481877,51107.0,978.6283243619692,2.149740548554485,3960,4000,87,0,3913,3968,406850,47,0,0,47,32
2020-07-01,US,Virginia,Louisa,119,1,0,37.97850256,-77.96274807,51109.0,316.5651352717406,0.8403361344537815,118,118,1,0,117,118,36778,1,0,0,1,0
2020-07-01,US,Virginia,Lunenburg,34,0,0,36.94618528,-78.24133319,51111.0,278.77992784519506,0.0,34,31,0,0,31,31,12086,3,0,0,3,0
2020-07-01,US,Virginia,Lynchburg,145,1,0,37.40021399,-79.19888138,51680.0,176.46772466166874,0.6896551724137931,144,147,1,0,146,139,82126,-2,0,0,-2,8
2020-07-01,US,Virginia,Madison,43,1,0,38.41531222,-78.28220331,51113.0,324.2591056481412,2.3255813953488373,42,43,1,0,42,43,13295,0,0,0,0,0
2020-07-01,US,Virginia,Manassas,1414,18,0,38.7464321,-77.48509905,51683.0,3441.645369356213,1.272984441301273,1396,1397,16,0,1381,1385,41641,17,2,0,15,12
2020-07-01,US,Virginia,Manassas Park,430,6,0,38.77058531,-77.44399307,51685.0,2460.235724911317,1.3953488372093024,424,431,6,0,425,427,17307,-1,0,0,-1,4
2020-07-01,US,Virginia,Martinsville,78,1,0,36.68212094,-79.86352771,51690.0,621.3159152461368,1.2820512820512822,77,78,1,0,77,74,12902,0,0,0,0,4
2020-07-01,US,Virginia,Mathews,6,0,0,37.44164146,-76.34098896,51115.0,67.91940230925968,0.0,6,6,0,0,6,5,8802,0,0,0,0,1
2020-07-01,US,Virginia,Mecklenburg,242,26,0,36.67882005,-78.36131056,51117.0,791.1857978879916,10.743801652892563,216,240,26,0,214,240,30650,2,0,0,2,0
2020-07-01,US,Virginia,Middlesex,15,0,0,37.63191998,-76.55064617,51119.0,141.75014175014175,0.0,15,15,0,0,15,15,10769,0,0,0,0,0
2020-07-01,US,Virginia,Montgomery,147,2,0,37.17746986,-80.37868691,51121.0,149.1855685796925,1.3605442176870748,145,145,2,0,143,143,98985,2,0,0,2,2
2020-07-01,US,Virginia,Nelson,18,0,0,37.78790447,-78.88498513,51125.0,120.56262558606831,0.0,18,18,0,0,18,18,14836,0,0,0,0,0
2020-07-01,US,Virginia,New Kent,57,1,0,37.50694406,-76.99828634,51127.0,246.84942185266988,1.7543859649122806,56,57,1,0,56,57,22391,0,0,0,0,0
2020-07-01,US,Virginia,Newport News,535,10,0,37.08166899,-76.51754109,51700.0,298.5074626865672,1.8691588785046729,525,523,10,0,513,513,178626,12,0,0,12,10
2020-07-01,US,Virginia,Norfolk,934,10,0,36.89934014,-76.26420872,51710.0,384.7706618549736,1.0706638115631693,924,915,9,0,906,889,244076,19,1,0,18,26
2020-07-01,US,Virginia,Northampton,269,28,0,37.34062933,-75.87751591,51131.0,2297.1818958155427,10.408921933085502,241,269,28,0,241,269,11735,0,0,0,0,0
2020-07-01,US,Virginia,Northumberland,37,1,0,37.89202088,-76.41949732,51133.0,305.9115336916081,2.702702702702702,36,37,1,0,36,39,12147,0,0,0,0,-2
2020-07-01,US,Virginia,Norton,4,0,0,36.93357076,-82.62750411,51720.0,100.4772670183371,0.0,4,4,0,0,4,4,3968,0,0,0,0,0
2020-07-01,US,Virginia,Nottoway,111,2,0,37.1435975,-78.05065922,51135.0,728.7289915966388,1.8018018018018016,109,111,2,0,109,110,15420,0,0,0,0,1
2020-07-01,US,Virginia,Orange,150,3,0,38.24530219,-78.01560400000002,51137.0,404.8473725405522,2.0,147,149,3,0,146,146,36644,1,0,0,1,3
2020-07-01,US,Virginia,Page,275,24,0,38.61807452,-78.48797204,51139.0,1150.5313362898505,8.727272727272727,251,269,24,0,245,267,23933,6,0,0,6,2
2020-07-01,US,Virginia,Patrick,47,1,0,36.680163799999995,-80.2865648,51141.0,266.92412539754656,2.127659574468085,46,46,1,0,45,42,17673,1,0,0,1,4
2020-07-01,US,Virginia,Petersburg,239,4,0,37.20530399,-77.39368102,51730.0,762.4577298538887,1.6736401673640169,235,234,3,0,231,226,31567,5,1,0,4,8
2020-07-01,US,Virginia,Pittsylvania,122,1,0,36.81980341,-79.39731264,51143.0,202.1407031845445,0.819672131147541,121,122,1,0,121,117,60949,0,0,0,0,5
2020-07-01,US,Virginia,Poquoson,19,0,0,37.14259351,-76.35798148,51735.0,154.8366066335262,0.0,19,19,0,0,19,19,12190,0,0,0,0,0
2020-07-01,US,Virginia,Portsmouth,497,16,0,36.85914825,-76.35971629,51740.0,526.4942053857073,3.2193158953722336,481,482,16,0,466,471,94632,15,0,0,15,11
2020-07-01,US,Virginia,Powhatan,82,2,0,37.55016038,-77.91267882,51145.0,276.54121138540404,2.4390243902439024,80,82,2,0,80,79,29189,0,0,0,0,3
2020-07-01,US,Virginia,Prince Edward,191,4,0,37.22554789,-78.43597949,51147.0,837.6458205420578,2.094240837696335,187,187,3,0,184,186,22950,4,1,0,3,1
2020-07-01,US,Virginia,Prince George,239,1,0,37.18497668,-77.22922187,51149.0,623.1585534378015,0.41841004184100417,238,238,1,0,237,235,38082,1,0,0,1,3
2020-07-01,US,Virginia,Prince William,7331,144,0,38.70916224,-77.48713689,51153.0,1558.676262663846,1.964261355885964,7187,7285,144,0,7141,7210,468011,46,0,0,46,75
2020-07-01,US,Virginia,Pulaski,46,2,0,37.06474963,-80.71229738,51155.0,135.18676345255238,4.3478260869565215,44,45,2,0,43,45,34066,1,0,0,1,0
2020-07-01,US,Virginia,Radford,12,0,0,37.12222899,-80.56027320000003,51750.0,65.75702778234425,0.0,12,11,0,0,11,11,18339,1,0,0,1,0
2020-07-01,US,Virginia,Rappahannock,20,0,0,38.68295619,-78.15826963,51157.0,271.370420624152,0.0,20,20,0,0,20,20,7252,0,0,0,0,0
2020-07-01,US,Virginia,Richmond,298,4,0,37.937575,-76.72920628,51159.0,3302.670952011526,1.342281879194631,294,298,4,0,294,296,9038,0,0,0,0,2
2020-07-01,US,Virginia,Richmond City,2213,29,0,37.53255773,-77.47966921,51760.0,960.3534170008161,1.3104383190239497,2184,2209,30,0,2179,2195,228783,4,-1,0,5,14
2020-07-01,US,Virginia,Roanoke,253,6,0,37.26865804,-80.06396753,51161.0,268.6174166011934,2.3715415019762847,247,254,6,0,248,234,94073,-1,0,0,-1,20
2020-07-01,US,Virginia,Roanoke City,438,10,0,37.27791025,-79.96189766,51770.0,441.7861069364453,2.2831050228310503,428,439,9,0,430,403,99920,-1,1,0,-2,36
2020-07-01,US,Virginia,Rockbridge,31,0,0,37.81204314,-79.44605905,51163.0,137.33221104859788,0.0,31,30,0,0,30,30,22752,1,0,0,1,0
2020-07-01,US,Virginia,Rockingham,720,11,0,38.51006137,-78.87260325,51165.0,878.6059452335628,1.5277777777777777,709,720,10,0,710,713,81244,0,1,0,-1,7
2020-07-01,US,Virginia,Russell,12,0,0,36.93028320000001,-82.10095486,51167.0,45.13653802753329,0.0,12,12,0,0,12,11,26748,0,0,0,0,1
2020-07-01,US,Virginia,Salem,69,3,0,37.2836193,-80.06219455,51775.0,272.71649341923245,4.3478260869565215,66,68,3,0,65,59,25643,1,0,0,1,9
2020-07-01,US,Virginia,Scott,10,2,0,36.71466456,-82.60171704,51169.0,46.36928498562553,20.0,8,10,2,0,8,10,21534,0,0,0,0,0
2020-07-01,US,Virginia,Shenandoah,567,29,0,38.85905135,-78.56813762,51171.0,1299.9816581071166,5.114638447971782,538,562,29,0,533,559,43497,5,0,0,5,3
2020-07-01,US,Virginia,Smyth,39,1,0,36.84455636,-81.53344948,51173.0,129.55089024714323,2.5641025641025643,38,36,1,0,35,36,30472,3,0,0,3,0
2020-07-01,US,Virginia,Southampton,157,5,0,36.72231125,-77.10642712,51175.0,890.4770007373378,3.1847133757961785,152,156,4,0,152,155,17586,1,1,0,0,1
2020-07-01,US,Virginia,Spotsylvania,994,30,0,38.18574462,-77.655399,51177.0,729.7287376573797,3.0181086519114686,964,993,29,0,964,985,134238,1,1,0,0,8
2020-07-01,US,Virginia,Stafford,990,5,0,38.41758738,-77.45917053,51179.0,647.5582475373163,0.5050505050505051,985,988,5,0,983,985,149960,2,0,0,2,3
2020-07-01,US,Virginia,Staunton,74,0,0,38.15965544,-79.05979937,51790.0,296.80731589924596,0.0,74,73,0,0,73,72,24922,1,0,0,1,1
2020-07-01,US,Virginia,Suffolk,420,35,0,36.70155394,-76.63603554,51800.0,455.98645068832235,8.333333333333334,385,414,34,0,380,403,91185,6,1,0,5,11
2020-07-01,US,Virginia,Surry,16,1,0,37.11781893,-76.88450012,51181.0,249.14356898162566,6.25,15,15,1,0,14,14,6474,1,0,0,1,1
2020-07-01,US,Virginia,Sussex,200,3,0,36.92432914,-77.25791182,51183.0,1792.2752934850796,1.5,197,194,2,0,192,195,11237,6,1,0,5,-1
2020-07-01,US,Virginia,Tazewell,15,0,0,37.12191123,-81.56685568,51185.0,36.950363345239566,0.0,15,15,0,0,15,15,40855,0,0,0,0,0
2020-07-01,US,Virginia,Virginia Beach,1203,29,0,36.73285734,-76.04566934,51810.0,267.3487801517421,2.410640066500416,1174,1176,29,0,1147,1145,450189,27,0,0,27,31
2020-07-01,US,Virginia,Warren,290,5,0,38.90847745,-78.20280433,51187.0,722.0396374863061,1.7241379310344829,285,284,5,0,279,285,40003,6,0,0,6,-1
2020-07-01,US,Virginia,Washington,64,4,0,36.72341572,-81.95666289,51191.0,119.09192407889842,6.25,60,64,4,0,60,63,54402,0,0,0,0,1
2020-07-01,US,Virginia,Waynesboro,84,0,0,38.06451466,-78.90293905,51820.0,371.1886875828545,0.0,84,82,0,0,82,81,22628,2,0,0,2,1
2020-07-01,US,Virginia,Westmoreland,108,2,0,38.11021557,-76.80213247,51193.0,599.5004163197335,1.851851851851852,106,108,2,0,106,105,17830,0,0,0,0,3
2020-07-01,US,Virginia,Williamsburg,61,6,0,37.28131268,-76.70905141,51830.0,407.9176140163167,9.836065573770492,55,60,6,0,54,56,14896,1,0,0,1,4
2020-07-01,US,Virginia,Winchester,326,3,0,39.17054517,-78.17325058,51840.0,1161.0513569342545,0.9202453987730062,323,317,3,0,314,314,28108,9,0,0,9,3
2020-07-01,US,Virginia,Wise,28,2,0,36.9746148,-82.62410519,51195.0,74.90035577668993,7.142857142857142,26,28,2,0,26,27,38012,0,0,0,0,1
2020-07-01,US,Virginia,Wythe,53,1,0,36.91582035,-81.07834059,51197.0,184.77199832659323,1.8867924528301887,52,50,1,0,49,49,28754,3,0,0,3,1
2020-07-01,US,Virginia,York,115,3,0,37.24374789,-76.54412815,51199.0,168.4241359109549,2.608695652173913,112,115,3,0,112,115,67846,0,0,0,0,0
2020-07-01,US,Washington,Adams,142,0,0,46.98299757,-118.56017340000001,53001.0,710.6040134113997,0.0,142,134,0,0,134,130,19759,8,0,0,8,4
2020-07-01,US,Washington,Asotin,21,2,0,46.18894415,-117.2022851,53003.0,92.99442033477993,9.523809523809524,19,21,2,0,19,21,22610,0,0,0,0,0
2020-07-01,US,Washington,Benton,1798,82,0,46.23946995,-119.51208340000001,53005.0,879.6907872205098,4.560622914349278,1716,1731,82,0,1649,1718,201877,67,0,0,67,13
2020-07-01,US,Washington,Chelan,347,6,0,47.87046092,-120.6173956,53007.0,449.48186528497416,1.7291066282420748,341,330,6,0,324,325,77036,17,0,0,17,5
2020-07-01,US,Washington,Clallam,36,0,0,48.04754642,-123.92263190000001,53009.0,46.553128758195285,0.0,36,36,0,0,36,36,76737,0,0,0,0,0
2020-07-01,US,Washington,Clark,749,30,0,45.77568046,-122.48292040000001,53011.0,153.40784571553803,4.005340453938585,719,731,30,0,701,700,481857,18,0,0,18,31
2020-07-01,US,Washington,Columbia,8,0,0,46.29442881,-117.9051983,53013.0,200.75282308657467,0.0,8,8,0,0,8,8,4059,0,0,0,0,0
2020-07-01,US,Washington,Cowlitz,187,0,0,46.19074721,-122.6782231,53015.0,169.08845948658595,0.0,187,179,0,0,179,172,108987,8,0,0,8,7
2020-07-01,US,Washington,Douglas,242,3,0,47.7361335,-119.69293700000001,53017.0,557.2313431117456,1.2396694214876034,239,233,3,0,230,233,42907,9,0,0,9,0
2020-07-01,US,Washington,Ferry,1,0,0,48.471143100000006,-118.5154041,53019.0,13.111315064901008,0.0,1,1,0,0,1,1,7649,0,0,0,0,0
2020-07-01,US,Washington,Franklin,1697,33,0,46.53351425,-118.9018212,53021.0,1782.1511835500198,1.9446081319976432,1664,1640,33,0,1607,1610,94347,57,0,0,57,30
2020-07-01,US,Washington,Grant,511,6,0,47.20753737,-119.4500749,53025.0,522.8530793079103,1.1741682974559686,505,511,6,0,505,487,97331,0,0,0,0,24
2020-07-01,US,Washington,Grays Harbor,26,0,0,47.14003705,-123.7820567,53027.0,34.63849402485978,0.0,26,27,0,0,27,26,73901,-1,0,0,-1,1
2020-07-01,US,Washington,Island,193,12,0,48.14713305,-122.5216407,53029.0,226.6827967724128,6.217616580310881,181,192,12,0,180,192,84460,1,0,0,1,0
2020-07-01,US,Washington,Jefferson,38,0,0,47.75003077,-123.56097040000002,53031.0,117.93550789857548,0.0,38,38,0,0,38,38,31729,0,0,0,0,0
2020-07-01,US,Washington,King,10304,612,0,47.49137892,-121.8346131,53033.0,457.39001820859716,5.93944099378882,9692,10177,610,0,9567,10019,2233163,127,2,0,125,158
2020-07-01,US,Washington,Kitsap,225,2,0,47.63479026,-122.6436061,53035.0,82.88117050314395,0.8888888888888888,223,221,2,0,219,212,269805,4,0,0,4,9
2020-07-01,US,Washington,Kittitas,131,0,0,47.12521214,-120.67943899999999,53037.0,273.286742463753,0.0,131,128,0,0,128,127,47364,3,0,0,3,1
2020-07-01,US,Washington,Klickitat,59,3,0,45.87325839,-120.7913598,53039.0,263.0992196209588,5.084745762711863,56,59,3,0,56,60,22107,0,0,0,0,-1
2020-07-01,US,Washington,Lewis,68,3,0,46.57756476,-122.39257690000001,53041.0,84.2553929646747,4.411764705882354,65,65,3,0,62,64,79604,3,0,0,3,1
2020-07-01,US,Washington,Lincoln,4,0,0,47.57705241,-118.41943880000001,53043.0,36.56641374897157,0.0,4,4,0,0,4,3,10740,0,0,0,0,1
2020-07-01,US,Washington,Mason,51,1,0,47.35007586,-123.1863685,53045.0,76.38389647735444,1.96078431372549,50,50,1,0,49,47,65507,1,0,0,1,3
2020-07-01,US,Washington,Okanogan,85,2,0,48.54855019,-119.73872240000001,53047.0,201.21676964230758,2.3529411764705883,83,77,2,0,75,70,42132,8,0,0,8,7
2020-07-01,US,Washington,Pacific,17,1,0,46.55418369,-123.7285716,53049.0,75.65306394908994,5.882352941176472,16,17,1,0,16,13,22036,0,0,0,0,4
2020-07-01,US,Washington,Pend Oreille,4,0,0,48.53234021,-117.2741804,53051.0,29.146021568055957,0.0,4,4,0,0,4,4,13602,0,0,0,0,0
2020-07-01,US,Washington,Pierce,2590,104,0,47.03892768,-122.14059579999999,53053.0,286.1941700369069,4.015444015444015,2486,2564,101,0,2463,2510,891299,26,3,0,23,54
2020-07-01,US,Washington,San Juan,19,0,0,48.60182783,-122.96745,53055.0,108.06506654533042,0.0,19,19,0,0,19,19,17128,0,0,0,0,0
2020-07-01,US,Washington,Skagit,527,15,0,48.48171488,-121.766131,53057.0,407.8789520529392,2.8462998102466788,512,519,15,0,504,512,128206,8,0,0,8,7
2020-07-01,US,Washington,Skamania,5,0,0,46.02408726,-121.91644029999999,53059.0,41.380451874534465,0.0,5,5,0,0,5,4,11924,0,0,0,0,1
2020-07-01,US,Washington,Snohomish,3535,171,0,48.04615983,-121.7170703,53061.0,430.00524277962194,4.837340876944837,3364,3508,171,0,3337,3463,814901,27,0,0,27,45
2020-07-01,US,Washington,Spokane,1389,41,0,47.62113146,-117.4046494,53063.0,265.6857906877991,2.9517638588912885,1348,1344,40,0,1304,1236,514631,45,1,0,44,108
2020-07-01,US,Washington,Stevens,18,1,0,48.40035475,-117.8542701,53065.0,39.36749557115674,5.5555555555555545,17,18,1,0,17,17,45260,0,0,0,0,1
2020-07-01,US,Washington,Thurston,261,7,0,46.9291895,-122.82906559999999,53067.0,89.83396205633726,2.681992337164751,254,253,7,0,246,241,286419,8,0,0,8,12
2020-07-01,US,Washington,Unassigned,171,0,0,0.0,0.0,90053.0,0.0,0.0,171,78,0,0,78,109,,93,0,0,93,-31
2020-07-01,US,Washington,Wahkiakum,5,0,0,46.29180039999999,-123.4250831,53069.0,111.40819964349377,0.0,5,5,0,0,5,5,4426,0,0,0,0,0
2020-07-01,US,Washington,Walla Walla,170,3,0,46.23040051,-118.4775539,53071.0,279.78933508887434,1.7647058823529411,167,166,3,0,163,161,60922,4,0,0,4,5
2020-07-01,US,Washington,Whatcom,635,40,0,48.82227976,-121.74900179999999,53073.0,276.9938101698168,6.299212598425197,595,622,40,0,582,615,225685,13,0,0,13,7
2020-07-01,US,Washington,Whitman,38,0,0,46.90022523,-117.52417630000001,53075.0,75.84224812390228,0.0,38,38,0,0,38,37,49791,0,0,0,0,1
2020-07-01,US,Washington,Yakima,7128,159,0,46.45738486,-120.73801259999999,53077.0,2841.2782563288997,2.2306397306397305,6969,7071,158,0,6913,7008,251446,57,1,0,56,63
2020-07-01,US,West Virginia,Barbour,15,1,0,39.1307219,-80.00350858,54001.0,91.23532631835045,6.666666666666668,14,15,1,0,14,15,16535,0,0,0,0,0
2020-07-01,US,West Virginia,Berkeley,460,10,0,39.46704621,-78.02414609,54003.0,385.9999496521805,2.1739130434782608,450,458,10,0,448,454,117123,2,0,0,2,4
2020-07-01,US,West Virginia,Boone,21,0,0,38.01974191,-81.69888019,54005.0,97.87015892249615,0.0,21,21,0,0,21,20,21951,0,0,0,0,1
2020-07-01,US,West Virginia,Braxton,3,0,0,38.70036159,-80.72011184,54007.0,21.49459052805044,0.0,3,3,0,0,3,4,14089,0,0,0,0,-1
2020-07-01,US,West Virginia,Brooke,9,0,0,40.27367263,-80.57915332,54009.0,41.022836045398606,0.0,9,9,0,0,9,9,22203,0,0,0,0,0
2020-07-01,US,West Virginia,Cabell,130,0,0,38.42424062,-82.23855912,54011.0,141.38887378323997,0.0,130,124,0,0,124,122,93224,6,0,0,6,2
2020-07-01,US,West Virginia,Calhoun,2,0,0,38.84315422,-81.11934872,54013.0,28.133352088901397,0.0,2,2,0,0,2,2,7254,0,0,0,0,0
2020-07-01,US,West Virginia,Clay,10,1,0,38.46231092,-81.07652217,54015.0,117.53643629525152,10.0,9,10,1,0,9,10,8632,0,0,0,0,0
2020-07-01,US,West Virginia,Fayette,66,4,0,38.02974928,-81.08286634,54019.0,155.63835306324575,6.0606060606060606,62,66,4,0,62,66,43018,0,0,0,0,0
2020-07-01,US,West Virginia,Gilmer,13,0,0,38.9251277,-80.85952723,54021.0,166.1766585708807,0.0,13,13,0,0,13,12,8026,0,0,0,0,1
2020-07-01,US,West Virginia,Grant,16,0,0,39.10314817,-79.19440518,54023.0,138.31258644536652,0.0,16,16,0,0,16,16,11626,0,0,0,0,0
2020-07-01,US,West Virginia,Greenbrier,59,1,0,37.9463652,-80.45335881,54025.0,170.2152212797877,1.6949152542372878,58,58,1,0,57,58,34786,1,0,0,1,0
2020-07-01,US,West Virginia,Hampshire,42,1,0,39.32103553,-78.60826476,54027.0,181.2297734627832,2.380952380952381,41,41,1,0,40,41,23347,1,0,0,1,0
2020-07-01,US,West Virginia,Hancock,23,0,0,40.51943859,-80.57461608,54029.0,79.8333911836168,0.0,23,22,0,0,22,22,29094,1,0,0,1,0
2020-07-01,US,West Virginia,Hardy,44,0,0,39.00683177,-78.85855301,54031.0,319.39605110336817,0.0,44,44,0,0,44,43,13775,0,0,0,0,1
2020-07-01,US,West Virginia,Harrison,65,1,0,39.2853852,-80.37919577,54033.0,96.64565243249672,1.5384615384615383,64,61,1,0,60,60,67554,4,0,0,4,1
2020-07-01,US,West Virginia,Jackson,143,18,0,38.84263974,-81.68148753,54035.0,500.41993281075025,12.587412587412588,125,143,18,0,125,143,28706,0,0,0,0,0
2020-07-01,US,West Virginia,Jefferson,232,4,0,39.30776166,-77.86014147,54037.0,405.97767122808233,1.7241379310344829,228,224,4,0,220,224,56811,8,0,0,8,0
2020-07-01,US,West Virginia,Kanawha,328,20,0,38.33860077,-81.52857054,54039.0,184.14138465338752,6.097560975609755,308,316,20,0,296,309,180454,12,0,0,12,7
2020-07-01,US,West Virginia,Lewis,19,2,0,38.9947249,-80.49988181,54041.0,119.444269818319,10.526315789473683,17,19,2,0,17,17,16024,0,0,0,0,2
2020-07-01,US,West Virginia,Lincoln,8,0,0,38.172154,-82.07017953,54043.0,39.1983928658925,0.0,8,8,0,0,8,8,20599,0,0,0,0,0
2020-07-01,US,West Virginia,Logan,24,1,0,37.8299889,-81.93528571,54045.0,74.95549517474,4.166666666666667,23,22,1,0,21,23,32607,2,0,0,2,-1
2020-07-01,US,West Virginia,Marion,61,2,0,39.50984542,-80.24244659,54049.0,108.7887002425453,3.278688524590164,59,59,2,0,57,55,56097,2,0,0,2,4
2020-07-01,US,West Virginia,Marshall,41,0,0,39.86064362,-80.66591062,54051.0,134.2897382987783,0.0,41,40,0,0,40,42,30785,1,0,0,1,-2
2020-07-01,US,West Virginia,Mason,19,0,0,38.77071799,-82.02524219,54053.0,71.65484990194601,0.0,19,18,0,0,18,17,26718,1,0,0,1,1
2020-07-01,US,West Virginia,McDowell,6,0,0,37.38002939,-81.65083669,54047.0,34.04448479346346,0.0,6,6,0,0,6,6,18223,0,0,0,0,0
2020-07-01,US,West Virginia,Mercer,44,0,0,37.40481169,-81.11023142,54055.0,74.88342013002485,0.0,44,39,0,0,39,37,59131,5,0,0,5,2
2020-07-01,US,West Virginia,Mineral,57,3,0,39.41561583,-78.94104895,54057.0,212.14828048235816,5.2631578947368425,54,56,3,0,53,56,26940,1,0,0,1,0
2020-07-01,US,West Virginia,Mingo,23,2,0,37.73048351,-82.13338365,54059.0,98.18989071038251,8.695652173913043,21,20,2,0,18,18,23785,3,0,0,3,2
2020-07-01,US,West Virginia,Monongalia,180,5,0,39.63218457,-80.04766838,54061.0,170.4351778207022,2.7777777777777777,175,171,5,0,166,171,106420,9,0,0,9,0
2020-07-01,US,West Virginia,Monroe,12,0,0,37.56274716,-80.54577965,54063.0,90.3954802259887,0.0,12,12,0,0,12,12,13280,0,0,0,0,0
2020-07-01,US,West Virginia,Morgan,20,0,0,39.55439028,-78.26311676,54065.0,111.83180496533214,0.0,20,20,0,0,20,20,17787,0,0,0,0,0
2020-07-01,US,West Virginia,Nicholas,10,1,0,38.29617706,-80.79759588,54067.0,40.82299150881777,10.0,9,10,1,0,9,10,24842,0,0,0,0,0
2020-07-01,US,West Virginia,Ohio,96,1,0,40.0955451,-80.62203992,54069.0,231.822462630702,1.0416666666666667,95,91,1,0,90,89,41755,5,0,0,5,2
2020-07-01,US,West Virginia,Pendleton,13,1,0,38.68314479,-79.35084086,54071.0,186.5403931697517,7.6923076923076925,12,13,1,0,12,13,6997,0,0,0,0,0
2020-07-01,US,West Virginia,Pleasants,5,0,0,39.37091679,-81.16771771,54073.0,67.02412868632706,0.0,5,5,0,0,5,5,7507,0,0,0,0,0
2020-07-01,US,West Virginia,Pocahontas,25,0,0,38.32758728,-80.00993811,54075.0,303.1405359524676,0.0,25,25,0,0,25,24,8414,0,0,0,0,1
2020-07-01,US,West Virginia,Preston,79,2,0,39.46770987,-79.66712803,54077.0,236.30055037090213,2.5316455696202533,77,78,2,0,76,77,33839,1,0,0,1,1
2020-07-01,US,West Virginia,Putnam,58,0,0,38.50782345,-81.9082131,54079.0,102.74579273693534,0.0,58,55,0,0,55,53,56682,3,0,0,3,2
2020-07-01,US,West Virginia,Raleigh,53,0,0,37.76936795,-81.2456041,54081.0,72.24547102683988,0.0,53,52,0,0,52,52,74254,1,0,0,1,0
2020-07-01,US,West Virginia,Randolph,162,0,0,38.769899,-79.87919615,54083.0,564.5582854155776,0.0,162,156,0,0,156,156,28823,6,0,0,6,0
2020-07-01,US,West Virginia,Ritchie,2,0,0,39.18094587,-81.06356878,54085.0,20.933640360058615,0.0,2,2,0,0,2,2,9721,0,0,0,0,0
2020-07-01,US,West Virginia,Roane,11,1,0,38.71622686,-81.35243568,54087.0,80.3623611922852,9.090909090909092,10,11,1,0,10,11,13932,0,0,0,0,0
2020-07-01,US,West Virginia,Summers,2,0,0,37.65390597,-80.86009693,54089.0,15.90710252127575,0.0,2,2,0,0,2,2,12760,0,0,0,0,0
2020-07-01,US,West Virginia,Taylor,16,0,0,39.33602617,-80.0421439,54091.0,95.83707696915243,0.0,16,16,0,0,16,16,16862,0,0,0,0,0
2020-07-01,US,West Virginia,Tucker,6,0,0,39.11240885,-79.57053576,54093.0,87.73212457961691,0.0,6,6,0,0,6,6,6955,0,0,0,0,0
2020-07-01,US,West Virginia,Tyler,4,0,0,39.46811972,-80.88772676,54095.0,46.560353858689325,0.0,4,4,0,0,4,4,8746,0,0,0,0,0
2020-07-01,US,West Virginia,Upshur,21,0,0,38.89285061,-80.23689136,54097.0,86.86300463269356,0.0,21,19,0,0,19,19,24415,2,0,0,2,0
2020-07-01,US,West Virginia,Wayne,112,9,0,38.14901357,-82.42287994,54099.0,284.24953048068625,8.035714285714286,103,111,9,0,102,111,39944,1,0,0,1,0
2020-07-01,US,West Virginia,Webster,1,0,0,38.49370949,-80.4202023,54101.0,12.324377618930244,0.0,1,1,0,0,1,1,8285,0,0,0,0,0
2020-07-01,US,West Virginia,Wetzel,10,0,0,39.6065771,-80.64016540000001,54103.0,66.37902422834384,0.0,10,10,0,0,10,10,15270,0,0,0,0,0
2020-07-01,US,West Virginia,Wirt,4,0,0,39.02775007,-81.37473928,54105.0,68.7167153410067,0.0,4,4,0,0,4,4,5830,0,0,0,0,0
2020-07-01,US,West Virginia,Wood,87,2,0,39.20967886,-81.5162836,54107.0,104.16916113891615,2.2988505747126435,85,86,2,0,84,86,84203,1,0,0,1,0
2020-07-01,US,West Virginia,Wyoming,7,0,0,37.612327,-81.54511071,54109.0,34.32382073158772,0.0,7,7,0,0,7,7,20786,0,0,0,0,0
2020-07-01,US,Wisconsin,Adams,19,2,0,43.96974651,-89.76782777,55001.0,93.96636993076163,10.526315789473683,17,19,2,0,17,19,20348,0,0,0,0,0
2020-07-01,US,Wisconsin,Ashland,3,0,0,46.31956891,-90.67837132,55003.0,19.27772779848349,0.0,3,3,0,0,3,3,15600,0,0,0,0,0
2020-07-01,US,Wisconsin,Barron,34,1,0,45.42372701,-91.84833627,55005.0,75.14808593404649,2.9411764705882355,33,34,1,0,33,34,45164,0,0,0,0,0
2020-07-01,US,Wisconsin,Bayfield,3,1,0,46.52868768,-91.19716729,55007.0,19.952114924181963,33.333333333333336,2,3,1,0,2,3,15042,0,0,0,0,0
2020-07-01,US,Wisconsin,Brown,2916,42,0,44.452655299999996,-88.00411844,55009.0,1102.2824353032788,1.4403292181069958,2874,2873,42,0,2831,2825,263378,43,0,0,43,48
2020-07-01,US,Wisconsin,Buffalo,8,2,0,44.37835084,-91.75332578,55011.0,61.39206507558898,25.0,6,7,2,0,5,7,13125,1,0,0,1,0
2020-07-01,US,Wisconsin,Burnett,3,1,0,45.86303537,-92.36711412,55013.0,19.46282600233554,33.333333333333336,2,3,1,0,2,3,15392,0,0,0,0,0
2020-07-01,US,Wisconsin,Calumet,111,2,0,44.0816316,-88.21780273,55015.0,221.6055421349997,1.8018018018018016,109,108,2,0,106,106,50159,3,0,0,3,2
2020-07-01,US,Wisconsin,Chippewa,88,0,0,45.06939744,-91.28068855,55017.0,136.10071452875127,0.0,88,84,0,0,84,84,64135,4,0,0,4,0
2020-07-01,US,Wisconsin,Clark,77,6,0,44.73483377,-90.61207486,55019.0,221.42980387645943,7.792207792207793,71,72,6,0,66,70,34709,5,0,0,5,2
2020-07-01,US,Wisconsin,Columbia,88,1,0,43.46492199,-89.33589004,55021.0,152.95835361190294,1.1363636363636365,87,85,1,0,84,83,57358,3,0,0,3,2
2020-07-01,US,Wisconsin,Crawford,34,0,0,43.23870316,-90.93073686,55023.0,210.77428553716445,0.0,34,33,0,0,33,33,16291,1,0,0,1,0
2020-07-01,US,Wisconsin,Dane,1953,32,0,43.06601594,-89.41733797,55025.0,357.23758219848366,1.638504864311316,1921,1873,32,0,1841,1727,542364,80,0,0,80,146
2020-07-01,US,Wisconsin,Dodge,461,5,0,43.41576662,-88.70928178,55027.0,524.8238254078484,1.084598698481562,456,459,5,0,454,456,87847,2,0,0,2,3
2020-07-01,US,Wisconsin,Door,43,3,0,44.95856458,-87.30002707,55029.0,155.4141969061732,6.9767441860465125,40,44,3,0,41,43,27610,-1,0,0,-1,1
2020-07-01,US,Wisconsin,Douglas,30,0,0,46.43222285,-91.91595768,55031.0,69.52491309385863,0.0,30,25,0,0,25,24,43208,5,0,0,5,1
2020-07-01,US,Wisconsin,Dunn,38,0,0,44.94562799,-91.8962481,55033.0,83.75947804619994,0.0,38,37,0,0,37,37,45131,1,0,0,1,0
2020-07-01,US,Wisconsin,Eau Claire,240,1,0,44.726614,-91.28609183,55035.0,229.34464766928505,0.4166666666666667,239,229,1,0,228,218,104534,11,0,0,11,11
2020-07-01,US,Wisconsin,Florence,3,0,0,45.84963535,-88.39804137,55037.0,69.848661233993,0.0,3,3,0,0,3,3,4321,0,0,0,0,0
2020-07-01,US,Wisconsin,Fond du Lac,313,6,0,43.75354908,-88.48885325,55039.0,302.69914799377193,1.9169329073482428,307,311,6,0,305,309,103066,2,0,0,2,2
2020-07-01,US,Wisconsin,Forest,39,3,0,45.66678019,-88.77084892,55041.0,433.14082629942254,7.6923076923076925,36,39,3,0,36,38,8991,0,0,0,0,1
2020-07-01,US,Wisconsin,Grant,161,13,0,42.8671731,-90.7063218,55043.0,312.99208771554663,8.074534161490684,148,154,13,0,141,152,51554,7,0,0,7,2
2020-07-01,US,Wisconsin,Green,89,1,0,42.6794956,-89.60243287,55045.0,240.80086580086584,1.1235955056179776,88,89,1,0,88,88,36929,0,0,0,0,1
2020-07-01,US,Wisconsin,Green Lake,33,0,0,43.80025981,-89.04679553,55047.0,174.48315973140168,0.0,33,32,0,0,32,32,18918,1,0,0,1,0
2020-07-01,US,Wisconsin,Iowa,32,0,0,43.00050278,-90.13469017,55049.0,135.14654953965706,0.0,32,31,0,0,31,29,23771,1,0,0,1,2
2020-07-01,US,Wisconsin,Iron,7,1,0,46.26302338,-90.24295041,55051.0,123.08774397749252,14.285714285714285,6,6,1,0,5,6,5676,1,0,0,1,0
2020-07-01,US,Wisconsin,Jackson,27,1,0,44.31864893,-90.80566792,55053.0,130.79494259555298,3.703703703703704,26,27,1,0,26,26,20478,0,0,0,0,1
2020-07-01,US,Wisconsin,Jefferson,242,4,0,43.02054068,-88.77529134,55055.0,285.48172091212587,1.6528925619834711,238,236,4,0,232,234,85129,6,0,0,6,2
2020-07-01,US,Wisconsin,Juneau,39,1,0,43.92456975,-90.11120239,55057.0,146.13856934087758,2.5641025641025643,38,36,1,0,35,35,26617,3,0,0,3,1
2020-07-01,US,Wisconsin,Kenosha,1522,43,0,42.57639354,-88.04051686,55059.0,897.6120688129936,2.8252299605781865,1479,1503,43,0,1460,1490,169290,19,0,0,19,13
2020-07-01,US,Wisconsin,Kewaunee,59,1,0,44.51727459,-87.61468386,55061.0,288.7344621708917,1.6949152542372878,58,56,1,0,55,55,20383,3,0,0,3,1
2020-07-01,US,Wisconsin,La Crosse,455,0,0,43.90632465,-91.11451093,55063.0,385.5409436008677,0.0,455,432,0,0,432,404,118230,23,0,0,23,28
2020-07-01,US,Wisconsin,Lafayette,74,0,0,42.66005229,-90.1317729,55065.0,444.04440444044405,0.0,74,74,0,0,74,70,16665,0,0,0,0,4
2020-07-01,US,Wisconsin,Langlade,10,0,0,45.26271619,-89.07483625,55067.0,52.11318984835062,0.0,10,8,0,0,8,8,19268,2,0,0,2,0
2020-07-01,US,Wisconsin,Lincoln,10,0,0,45.33737523,-89.73411273,55069.0,36.24107563512485,0.0,10,10,0,0,10,9,27689,0,0,0,0,1
2020-07-01,US,Wisconsin,Manitowoc,99,1,0,44.11946801,-87.80928853,55071.0,125.3466023474,1.0101010101010102,98,94,1,0,93,92,79074,5,0,0,5,2
2020-07-01,US,Wisconsin,Marathon,174,1,0,44.89792533,-89.75863384,55073.0,128.2315832915721,0.5747126436781609,173,168,1,0,167,158,135428,6,0,0,6,10
2020-07-01,US,Wisconsin,Marinette,60,3,0,45.38553432,-88.03324599999998,55075.0,148.69888475836433,5.0,57,56,3,0,53,53,40434,4,0,0,4,3
2020-07-01,US,Wisconsin,Marquette,16,1,0,43.81911946,-89.40073763,55077.0,102.73532811095416,6.25,15,13,1,0,12,13,15434,3,0,0,3,0
2020-07-01,US,Wisconsin,Menominee,7,0,0,45.00422544,-88.70950714,55078.0,153.64354697102718,0.0,7,7,0,0,7,6,4658,0,0,0,0,1
2020-07-01,US,Wisconsin,Milwaukee,11510,390,0,43.00486062,-87.96733172,55079.0,1217.0544111085028,3.3883579496090355,11120,11358,390,0,10968,11216,948201,152,0,0,152,142
2020-07-01,US,Wisconsin,Monroe,65,1,0,43.94641218,-90.61881899999999,55081.0,140.53142498864938,1.5384615384615383,64,66,1,0,65,63,46051,-1,0,0,-1,3
2020-07-01,US,Wisconsin,Oconto,61,0,0,45.02715345,-88.26807503,55083.0,160.82256788821513,0.0,61,59,0,0,59,56,37830,2,0,0,2,3
2020-07-01,US,Wisconsin,Oneida,20,0,0,45.70677897,-89.51944105,55085.0,56.18766680713584,0.0,20,19,0,0,19,19,35470,1,0,0,1,0
2020-07-01,US,Wisconsin,Outagamie,491,9,0,44.41578887,-88.46565023,55087.0,261.33006892514044,1.8329938900203664,482,476,9,0,467,463,187365,15,0,0,15,13
2020-07-01,US,Wisconsin,Ozaukee,238,15,0,43.38352225,-87.94625009,55089.0,266.75334282287804,6.302521008403361,223,229,15,0,214,223,89147,9,0,0,9,6
2020-07-01,US,Wisconsin,Pepin,1,0,0,44.58307413,-91.99949611,55091.0,13.723068478111706,0.0,1,1,0,0,1,1,7289,0,0,0,0,0
2020-07-01,US,Wisconsin,Pierce,68,0,0,44.71850291,-92.4224416,55093.0,159.0494456659026,0.0,68,68,0,0,68,68,42555,0,0,0,0,0
2020-07-01,US,Wisconsin,Polk,52,1,0,45.46130348,-92.44182875,55095.0,118.76755818468357,1.9230769230769231,51,48,1,0,47,48,43598,4,0,0,4,0
2020-07-01,US,Wisconsin,Portage,147,0,0,44.47558711,-89.50152965,55097.0,207.70926355055676,0.0,147,142,0,0,142,135,70942,5,0,0,5,7
2020-07-01,US,Wisconsin,Price,2,0,0,45.68051754,-90.36098879999999,55099.0,14.980151299528124,0.0,2,2,0,0,2,2,13397,0,0,0,0,0
2020-07-01,US,Wisconsin,Racine,2176,63,0,42.74753117,-88.05941254,55101.0,1108.4452730616215,2.8952205882352944,2113,2171,63,0,2108,2155,196584,5,0,0,5,16
2020-07-01,US,Wisconsin,Richland,15,4,0,43.3762778,-90.43012729,55103.0,86.94644099234871,26.66666666666667,11,15,4,0,11,15,17377,0,0,0,0,0
2020-07-01,US,Wisconsin,Rock,873,24,0,42.67151616,-89.07147900000002,55105.0,534.4221751533479,2.7491408934707904,849,864,24,0,840,853,163129,9,0,0,9,11
2020-07-01,US,Wisconsin,Rusk,11,0,0,45.47498854,-91.1333012,55107.0,77.58499083086474,0.0,11,11,0,0,11,11,14147,0,0,0,0,0
2020-07-01,US,Wisconsin,Sauk,108,3,0,43.42574087,-89.94966132,55111.0,167.5925638558704,2.7777777777777777,105,107,3,0,104,105,64249,1,0,0,1,2
2020-07-01,US,Wisconsin,Sawyer,12,0,0,45.87931905,-91.14504927,55113.0,72.47252083584974,0.0,12,12,0,0,12,12,16489,0,0,0,0,0
2020-07-01,US,Wisconsin,Shawano,78,0,0,44.78902246,-88.76443896,55115.0,190.71370938164745,0.0,78,78,0,0,78,76,40796,0,0,0,0,2
2020-07-01,US,Wisconsin,Sheboygan,208,4,0,43.72099677,-87.94579284,55117.0,180.33639674007281,1.9230769230769231,204,208,4,0,204,201,115456,0,0,0,0,7
2020-07-01,US,Wisconsin,St. Croix,171,1,0,45.03437474,-92.45000068,55109.0,188.56065367693284,0.5847953216374269,170,164,1,0,163,159,89694,7,0,0,7,5
2020-07-01,US,Wisconsin,Taylor,13,0,0,45.21179252,-90.5004405,55119.0,63.904045617657175,0.0,13,12,0,0,12,12,20412,1,0,0,1,0
2020-07-01,US,Wisconsin,Trempealeau,118,0,0,44.30360275,-91.35893614,55121.0,397.9898141589936,0.0,118,116,0,0,116,111,29442,2,0,0,2,5
2020-07-01,US,Wisconsin,Vernon,36,0,0,43.59422667,-90.8324691,55123.0,116.79968853416392,0.0,36,35,0,0,35,32,30785,1,0,0,1,3
2020-07-01,US,Wisconsin,Vilas,10,0,0,46.05467334,-89.51719204,55125.0,45.05519261094841,0.0,10,10,0,0,10,10,21938,0,0,0,0,0
2020-07-01,US,Wisconsin,Walworth,612,18,0,42.66858202,-88.54163073,55127.0,589.2093811375977,2.9411764705882355,594,607,18,0,589,574,103718,5,0,0,5,33
2020-07-01,US,Wisconsin,Washburn,4,0,0,45.89838588,-91.79050449,55129.0,25.44529262086514,0.0,4,4,0,0,4,4,15878,0,0,0,0,0
2020-07-01,US,Wisconsin,Washington,380,16,0,43.36863664,-88.22974712,55131.0,279.34192922357647,4.2105263157894735,364,368,15,0,353,358,135693,12,1,0,11,10
2020-07-01,US,Wisconsin,Waukesha,1210,39,0,43.01833055,-88.30431188,55133.0,299.3582353203133,3.2231404958677685,1171,1175,38,0,1137,1151,403072,35,1,0,34,24
2020-07-01,US,Wisconsin,Waupaca,116,7,0,44.47068056,-88.96534501,55135.0,227.49558737007254,6.0344827586206895,109,113,7,0,106,106,51128,3,0,0,3,7
2020-07-01,US,Wisconsin,Waushara,29,0,0,44.11324419,-89.24317107,55137.0,118.64337438121343,0.0,29,25,0,0,25,23,24263,4,0,0,4,2
2020-07-01,US,Wisconsin,Winnebago,683,11,0,44.06886922,-88.64477096,55139.0,397.30784668454453,1.6105417276720349,672,669,11,0,658,662,171020,14,0,0,14,7
2020-07-01,US,Wisconsin,Wood,61,1,0,44.45537896,-90.04158336,55141.0,83.56278853134974,1.639344262295082,60,51,1,0,50,49,73055,10,0,0,10,2
2020-07-01,US,Wyoming,Albany,34,0,0,41.65498705,-105.72354150000001,56001.0,87.4485596707819,0.0,34,34,0,0,34,34,38601,0,0,0,0,0
2020-07-01,US,Wyoming,Big Horn,20,0,0,44.52405055,-107.9960365,56003.0,169.63528413910097,0.0,20,20,0,0,20,14,11881,0,0,0,0,6
2020-07-01,US,Wyoming,Campbell,56,0,0,44.24886082,-105.54744040000001,56005.0,120.84331369629486,0.0,56,56,0,0,56,55,46140,0,0,0,0,1
2020-07-01,US,Wyoming,Carbon,23,0,0,41.69357844,-106.9326084,56007.0,155.40540540540542,0.0,23,23,0,0,23,22,14971,0,0,0,0,1
2020-07-01,US,Wyoming,Converse,26,0,0,42.97272268,-105.5081848,56009.0,188.10591810157717,0.0,26,26,0,0,26,26,13640,0,0,0,0,0
2020-07-01,US,Wyoming,Crook,7,0,0,44.58855102,-104.56977049999999,56011.0,92.2995780590717,0.0,7,7,0,0,7,7,7450,0,0,0,0,0
2020-07-01,US,Wyoming,Fremont,358,0,0,43.04183996,-108.6296893,56013.0,911.8463615292528,0.0,358,355,0,0,355,356,39531,3,0,0,3,-1
2020-07-01,US,Wyoming,Goshen,5,0,0,42.08798185,-104.3534743,56015.0,37.847248505033676,0.0,5,5,0,0,5,5,13376,0,0,0,0,0
2020-07-01,US,Wyoming,Hot Springs,12,0,0,43.71930657,-108.44231740000001,56017.0,271.92386131883075,0.0,12,12,0,0,12,12,4555,0,0,0,0,0
2020-07-01,US,Wyoming,Johnson,20,1,0,44.04057166,-106.58451740000001,56019.0,236.82652457075196,5.0,19,20,1,0,19,20,8460,0,0,0,0,0
2020-07-01,US,Wyoming,Laramie,270,0,0,41.30702520000001,-104.6887497,56021.0,271.356783919598,0.0,270,261,0,0,261,256,98976,9,0,0,9,5
2020-07-01,US,Wyoming,Lincoln,24,0,0,42.26376367,-110.6563997,56023.0,121.0287443267776,0.0,24,23,0,0,23,18,19434,1,0,0,1,5
2020-07-01,US,Wyoming,Natrona,126,0,0,42.96180148,-106.79788500000001,56025.0,157.78005960580032,0.0,126,121,0,0,121,120,79115,5,0,0,5,1
2020-07-01,US,Wyoming,Niobrara,2,0,0,43.05607708,-104.47588959999999,56027.0,84.88964346349746,0.0,2,2,0,0,2,2,2388,0,0,0,0,0
2020-07-01,US,Wyoming,Park,56,0,0,44.52157546,-109.58528249999999,56029.0,191.82023703500718,0.0,56,50,0,0,50,40,29324,6,0,0,6,10
2020-07-01,US,Wyoming,Platte,4,0,0,42.13299116,-104.96633100000001,56031.0,47.658763255093525,0.0,4,3,0,0,3,2,8566,1,0,0,1,1
2020-07-01,US,Wyoming,Sheridan,27,0,0,44.79048913,-106.8862389,56033.0,88.56814826964079,0.0,27,27,0,0,27,26,30233,0,0,0,0,1
2020-07-01,US,Wyoming,Sublette,6,0,0,42.76558279,-109.91309220000001,56035.0,61.03143118706135,0.0,6,6,0,0,6,6,9813,0,0,0,0,0
2020-07-01,US,Wyoming,Sweetwater,89,0,0,41.65943896,-108.8827882,56037.0,210.1882247360839,0.0,89,90,0,0,90,86,43051,-1,0,0,-1,4
2020-07-01,US,Wyoming,Teton,131,0,0,43.93522482,-110.5890801,56039.0,558.3020797817934,0.0,131,129,0,0,129,128,23081,2,0,0,2,1
2020-07-01,US,Wyoming,Uinta,177,0,0,41.2878183,-110.54757820000002,56041.0,875.1112429546129,0.0,177,176,0,0,176,174,20299,1,0,0,1,2
2020-07-01,US,Wyoming,Unassigned,0,19,0,0.0,0.0,90056.0,0.0,0.0,-19,0,19,0,-19,0,,0,0,0,0,0
2020-07-01,US,Wyoming,Washakie,39,0,0,43.90451606,-107.68018700000002,56043.0,499.6796925048046,0.0,39,39,0,0,39,39,7885,0,0,0,0,0
2020-07-01,US,Wyoming,Weston,2,0,0,43.83961191,-104.56748809999999,56045.0,28.872527789808,0.0,2,2,0,0,2,2,6967,0,0,0,0,0
