Date,Country/Region,Province/State,Admin2,Confirmed,Deaths,Recovered,Latitude,Longitude,FIPS,Incidence_Rate,Case-Fatality_Ratio,Active Cases,Previous Confirmed,Previous Deaths,Previous Recovered,Previous Active,Prev2 Confirmed,Population,Daily Confirmed,Daily Deaths,Daily Recovered,Daily Active,Previous Daily Confirmed
2020-10-15,US,Alabama,Autauga,1949,28,0,32.53952745,-86.64408227,1001.0,3488.517782670175,1.436634171369933,1921,1928,28,0,1900,1924,55601,21,0,0,21,4
2020-10-15,US,Alabama,Baldwin,6285,66,0,30.72774991,-87.72207058,1003.0,2815.431341103954,1.0501193317422437,6219,6270,66,0,6204,6248,218022,15,0,0,15,22
2020-10-15,US,Alabama,Barbour,965,9,0,31.868263,-85.3871286,1005.0,3909.098274325529,0.932642487046632,956,950,9,0,941,951,24881,15,0,0,15,-1
2020-10-15,US,Alabama,Bibb,761,13,0,32.99642064,-87.12511459999996,1007.0,3398.2316691971064,1.7082785808147174,748,744,13,0,731,744,22400,17,0,0,17,0
2020-10-15,US,Alabama,Blount,1768,23,0,33.98210918,-86.56790593,1009.0,3057.448206689033,1.3009049773755657,1745,1750,23,0,1727,1742,57840,18,0,0,18,8
2020-10-15,US,Alabama,Bullock,628,17,0,32.10030533,-85.71265535,1011.0,6217.206217206217,2.707006369426752,611,628,16,0,612,626,10138,0,1,0,-1,2
2020-10-15,US,Alabama,Butler,982,40,0,31.75300095,-86.68057478,1013.0,5049.362402303579,4.073319755600815,942,977,40,0,937,968,19680,5,0,0,5,9
2020-10-15,US,Alabama,Calhoun,3949,59,0,33.77483727,-85.82630386,1015.0,3476.0793979138243,1.494049126361104,3890,3922,57,0,3865,3897,114277,27,2,0,25,25
2020-10-15,US,Alabama,Chambers,1260,43,0,32.91360079,-85.39072749,1017.0,3789.0178625127805,3.412698412698413,1217,1256,43,0,1213,1254,33615,4,0,0,4,2
2020-10-15,US,Alabama,Cherokee,696,14,0,34.17805983,-85.60638968,1019.0,2656.894182317911,2.0114942528735638,682,687,14,0,673,687,26032,9,0,0,9,0
2020-10-15,US,Alabama,Chilton,1756,31,0,32.85044126,-86.7173256,1021.0,3952.462411092104,1.7653758542141231,1725,1740,31,0,1709,1738,44153,16,0,0,16,2
2020-10-15,US,Alabama,Choctaw,379,12,0,32.02227341,-88.26564429999998,1023.0,3010.564778775121,3.16622691292876,367,377,12,0,365,377,12841,2,0,0,2,0
2020-10-15,US,Alabama,Clarke,1236,16,0,31.68099859,-87.83548597,1025.0,5232.4104648209295,1.2944983818770226,1220,1229,16,0,1213,1223,23920,7,0,0,7,6
2020-10-15,US,Alabama,Clay,674,12,0,33.26984193,-85.85836077,1027.0,5092.557612391386,1.7804154302670625,662,667,11,0,656,661,13275,7,1,0,6,6
2020-10-15,US,Alabama,Cleburne,489,6,0,33.67679204,-85.52005899,1029.0,3279.6780684104633,1.2269938650306749,483,483,6,0,477,475,14987,6,0,0,6,8
2020-10-15,US,Alabama,Coffee,1588,9,0,31.39932826,-85.98901039,1031.0,3033.8924764051812,0.5667506297229219,1579,1568,7,0,1561,1551,51909,20,2,0,18,17
2020-10-15,US,Alabama,Colbert,1851,27,0,34.69847452,-87.80168544,1033.0,3350.772071468656,1.4586709886547813,1824,1840,27,0,1813,1832,54762,11,0,0,11,8
2020-10-15,US,Alabama,Conecuh,550,13,0,31.43401703,-86.99320044,1035.0,4557.88514129444,2.363636363636364,537,549,12,0,537,549,12277,1,1,0,0,0
2020-10-15,US,Alabama,Coosa,191,3,0,32.93690146,-86.24847739,1037.0,1791.2407390040325,1.5706806282722514,188,190,3,0,187,189,10715,1,0,0,1,1
2020-10-15,US,Alabama,Covington,1604,29,0,31.247785399999998,-86.45050893,1039.0,4329.40160328214,1.807980049875312,1575,1585,29,0,1556,1584,36986,19,0,0,19,1
2020-10-15,US,Alabama,Crenshaw,573,30,0,31.72941803,-86.31593104,1041.0,4160.6157420853915,5.235602094240837,543,574,30,0,544,570,13824,-1,0,0,-1,4
2020-10-15,US,Alabama,Cullman,2168,23,0,34.13020303,-86.86888037,1043.0,2588.100467959125,1.0608856088560883,2145,2132,21,0,2111,2110,83442,36,2,0,34,22
2020-10-15,US,Alabama,Dale,1580,51,0,31.43037123,-85.61095742,1045.0,3213.2107703571137,3.2278481012658227,1529,1564,50,0,1514,1561,48956,16,1,0,15,3
2020-10-15,US,Alabama,Dallas,1841,27,0,32.32688101,-87.10866709999998,1047.0,4949.45693085278,1.4665942422596414,1814,1837,26,0,1811,1836,38310,4,1,0,3,1
2020-10-15,US,Alabama,DeKalb,2996,26,0,34.45946862,-85.80782906,1049.0,4189.448072378449,0.8678237650200267,2970,2942,24,0,2918,2913,71385,54,2,0,52,29
2020-10-15,US,Alabama,Elmore,3028,52,0,32.59785413,-86.14415284,1051.0,3728.650765309264,1.717305151915456,2976,3009,51,0,2958,2995,81887,19,1,0,18,14
2020-10-15,US,Alabama,Escambia,1691,27,0,31.1256789,-87.15918694,1053.0,4616.056561024213,1.5966883500887048,1664,1687,27,0,1660,1690,36748,4,0,0,4,-3
2020-10-15,US,Alabama,Etowah,3896,48,0,34.04567266,-86.04051873,1055.0,3809.5983103218987,1.2320328542094456,3848,3869,46,0,3823,3838,102501,27,2,0,25,31
2020-10-15,US,Alabama,Fayette,525,11,0,33.72076938,-87.73886638,1057.0,3220.463746779537,2.095238095238096,514,520,10,0,510,518,16433,5,1,0,4,2
2020-10-15,US,Alabama,Franklin,1928,31,0,34.44235334,-87.84289505,1059.0,6147.567119443914,1.607883817427386,1897,1916,30,0,1886,1900,31363,12,1,0,11,16
2020-10-15,US,Alabama,Geneva,810,7,0,31.09389027,-85.83572839,1061.0,3083.247687564234,0.8641975308641975,803,806,7,0,799,799,26314,4,0,0,4,7
2020-10-15,US,Alabama,Greene,328,15,0,32.85504247,-87.95684022,1063.0,4043.891012205647,4.573170731707316,313,329,15,0,314,326,8233,-1,0,0,-1,3
2020-10-15,US,Alabama,Hale,726,29,0,32.76039258,-87.63284988,1065.0,4955.293154050918,3.9944903581267215,697,714,29,0,685,712,14726,12,0,0,12,2
2020-10-15,US,Alabama,Henry,615,6,0,31.51148016,-85.24267944,1067.0,3574.542284219704,0.975609756097561,609,611,5,0,606,605,17209,4,1,0,3,6
2020-10-15,US,Alabama,Houston,3559,29,0,31.15197924,-85.29939599,1069.0,3361.288982074385,0.8148356279853891,3530,3537,25,0,3512,3515,104722,22,4,0,18,22
2020-10-15,US,Alabama,Jackson,1901,13,0,34.78144169,-85.99750489,1071.0,3682.253128268702,0.6838506049447659,1888,1876,13,0,1863,1845,51736,25,0,0,25,31
2020-10-15,US,Alabama,Jefferson,21897,364,0,33.55554728,-86.89506300000002,1073.0,3324.9161444517163,1.6623281728090606,21533,21746,362,0,21384,21652,659300,151,2,0,149,94
2020-10-15,US,Alabama,Lamar,429,3,0,33.77995024,-88.09668032,1075.0,3107.569721115537,0.6993006993006993,426,426,3,0,423,424,13844,3,0,0,3,2
2020-10-15,US,Alabama,Lauderdale,1974,39,0,34.90171875,-87.65624729,1077.0,2128.783875594474,1.975683890577508,1935,1950,38,0,1912,1944,92387,24,1,0,23,6
2020-10-15,US,Alabama,Lawrence,759,30,0,34.52041498,-87.31069453,1079.0,2305.309196938404,3.9525691699604737,729,748,28,0,720,741,32957,11,2,0,9,7
2020-10-15,US,Alabama,Lee,6367,66,0,32.60154883,-85.35132246,1081.0,3869.528752537346,1.0365949426731584,6301,6346,64,0,6282,6335,163941,21,2,0,19,11
2020-10-15,US,Alabama,Limestone,2605,27,0,34.81185586,-86.98310072,1083.0,2633.574280948289,1.0364683301343571,2578,2574,25,0,2549,2541,96174,31,2,0,29,33
2020-10-15,US,Alabama,Lowndes,687,27,0,32.1597283,-86.65158371,1085.0,7063.541024059223,3.930131004366812,660,685,27,0,658,685,9974,2,0,0,2,0
2020-10-15,US,Alabama,Macon,521,19,0,32.38759944,-85.69267724,1087.0,2883.551029444321,3.646833013435701,502,520,18,0,502,519,18439,1,1,0,0,1
2020-10-15,US,Alabama,Madison,8742,88,0,34.76327133,-86.55069633,1089.0,2344.2716587692976,1.0066346373827502,8654,8678,83,0,8595,8646,366519,64,5,0,59,32
2020-10-15,US,Alabama,Marengo,928,21,0,32.24767634,-87.78796182,1091.0,4919.684037533796,2.2629310344827585,907,910,21,0,889,903,19066,18,0,0,18,7
2020-10-15,US,Alabama,Marion,1032,29,0,34.13697363,-87.88704173,1093.0,3473.6948399474904,2.810077519379845,1003,1025,29,0,996,1024,29763,7,0,0,7,1
2020-10-15,US,Alabama,Marshall,4194,47,0,34.36975964,-86.30486727,1095.0,4333.808667617335,1.1206485455412494,4147,4182,46,0,4136,4172,96109,12,1,0,11,10
2020-10-15,US,Alabama,Mobile,14120,313,0,30.78472347,-88.20842409,1097.0,3417.148665327557,2.21671388101983,13807,14056,312,0,13744,14023,413757,64,1,0,63,33
2020-10-15,US,Alabama,Monroe,618,9,0,31.56729412,-87.36995001,1099.0,2980.755317609608,1.4563106796116505,609,615,9,0,606,614,21067,3,0,0,3,1
2020-10-15,US,Alabama,Montgomery,9453,195,0,32.2206831,-86.20969272,1101.0,4173.767915014615,2.0628371945414155,9258,9399,194,0,9205,9346,225763,54,1,0,53,53
2020-10-15,US,Alabama,Morgan,3800,32,0,34.45500589,-86.85475946,1103.0,3175.16022025585,0.8421052631578947,3768,3757,32,0,3725,3724,119089,43,0,0,43,33
2020-10-15,US,Alabama,Perry,577,6,0,32.64048341,-87.29770589,1105.0,6466.435055474615,1.0398613518197577,571,575,6,0,569,575,9140,2,0,0,2,0
2020-10-15,US,Alabama,Pickens,761,17,0,33.28094866,-88.08818103,1107.0,3818.364274962368,2.2339027595269383,744,747,15,0,732,735,19938,14,2,0,12,12
2020-10-15,US,Alabama,Pike,1288,12,0,31.80396383,-85.9408295,1109.0,3889.593525397113,0.9316770186335404,1276,1284,12,0,1272,1280,33338,4,0,0,4,4
2020-10-15,US,Alabama,Randolph,766,14,0,33.29526734,-85.45708831,1111.0,3371.182114250506,1.827676240208877,752,761,13,0,748,747,22725,5,1,0,4,14
2020-10-15,US,Alabama,Russell,1874,3,0,32.28725256,-85.18415324,1113.0,3233.2085367747277,0.16008537886872998,1871,1868,3,0,1865,1869,57781,6,0,0,6,-1
2020-10-15,US,Alabama,Shelby,6853,60,0,33.26879845,-86.66232561,1117.0,3147.881048405619,0.8755289654166059,6793,6804,59,0,6745,6758,215707,49,1,0,48,46
2020-10-15,US,Alabama,St. Clair,2676,42,0,33.71902176,-86.31029372,1115.0,2989.5433014567875,1.5695067264573992,2634,2647,41,0,2606,2631,88690,29,1,0,28,16
2020-10-15,US,Alabama,Sumter,461,21,0,32.59117397,-88.19916205,1119.0,3709.6644403315363,4.55531453362256,440,459,21,0,438,457,12691,2,0,0,2,2
2020-10-15,US,Alabama,Talladega,2473,34,0,33.37823223,-86.16886178,1121.0,3092.100327590087,1.37484836231298,2439,2454,33,0,2421,2447,79828,19,1,0,18,7
2020-10-15,US,Alabama,Tallapoosa,1245,85,0,32.86698258,-85.79833053,1123.0,3084.2024425892437,6.827309236947792,1160,1236,85,0,1151,1233,40497,9,0,0,9,3
2020-10-15,US,Alabama,Tuscaloosa,9702,130,0,33.28726072,-87.52556818,1125.0,4634.2337178476755,1.3399299113584828,9572,9651,128,0,9523,9619,208911,51,2,0,49,32
2020-10-15,US,Alabama,Walker,2602,91,0,33.80270512,-87.30027177,1127.0,4096.283118968529,3.4973097617217523,2511,2590,91,0,2499,2586,63711,12,0,0,12,4
2020-10-15,US,Alabama,Washington,613,12,0,31.4092794,-88.20689944,1129.0,3754.747029278453,1.9575856443719413,601,611,12,0,599,607,16378,2,0,0,2,4
2020-10-15,US,Alabama,Wilcox,554,12,0,31.98773215,-87.30891118,1131.0,5340.78858575147,2.166064981949458,542,554,11,0,543,554,10627,0,1,0,-1,0
2020-10-15,US,Alabama,Winston,865,13,0,34.15030532,-87.37325922,1133.0,3660.755850861229,1.5028901734104043,852,856,13,0,843,849,23660,9,0,0,9,7
2020-10-15,US,Alaska,Aleutians East,5,0,0,55.32222414,-161.9722021,2013.0,149.8351813005694,0.0,5,5,0,0,5,5,3515,0,0,0,0,0
2020-10-15,US,Alaska,Aleutians West,5,0,0,52.3233,-174.1596,2016.0,88.74689385871494,0.0,5,5,0,0,5,5,5723,0,0,0,0,0
2020-10-15,US,Alaska,Anchorage,5777,41,0,61.14998174,-149.14269860000005,2020.0,2005.9027777777771,0.7097109226241994,5736,5699,41,0,5658,5597,291538,78,0,0,78,102
2020-10-15,US,Alaska,Bethel,214,1,0,60.90980451,-159.8561831,2050.0,1163.9290764712282,0.4672897196261682,213,189,1,0,188,188,18216,25,0,0,25,1
2020-10-15,US,Alaska,Bristol Bay,10,0,0,58.74513976,-156.701064,2060.0,1196.1722488038274,0.0,10,10,0,0,10,10,877,0,0,0,0,0
2020-10-15,US,Alaska,Denali,13,0,0,63.67264044,-150.0076108,2068.0,619.933237958989,0.0,13,13,0,0,13,13,2059,0,0,0,0,0
2020-10-15,US,Alaska,Dillingham,12,0,0,59.79603738,-158.23819419999995,2070.0,244.10089503661519,0.0,12,12,0,0,12,12,5000,0,0,0,0,0
2020-10-15,US,Alaska,Fairbanks North Star,1646,11,0,64.80726247,-146.5692662,2090.0,1699.5529122654855,0.6682867557715675,1635,1626,11,0,1615,1613,98971,20,0,0,20,13
2020-10-15,US,Alaska,Haines,6,0,0,59.09893571,-135.4679843,2100.0,237.15415019762847,0.0,6,6,0,0,6,6,2474,0,0,0,0,0
2020-10-15,US,Alaska,Juneau,338,3,0,58.45031811,-134.200436,2110.0,1057.108900982048,0.8875739644970414,335,335,3,0,332,330,32113,3,0,0,3,5
2020-10-15,US,Alaska,Kenai Peninsula,542,3,0,60.24429722,-151.53888840000005,2122.0,923.2131907065477,0.5535055350553506,539,539,3,0,536,534,58533,3,0,0,3,5
2020-10-15,US,Alaska,Ketchikan Gateway,56,0,0,55.57445008,-130.975561,2130.0,402.848715919718,0.0,56,54,0,0,54,54,13918,2,0,0,2,0
2020-10-15,US,Alaska,Kodiak Island,41,0,0,57.65529415,-153.7493579,2150.0,315.43314356054776,0.0,41,41,0,0,41,41,13345,0,0,0,0,0
2020-10-15,US,Alaska,Kusilvak,24,0,0,62.15429159999999,-163.39678830000003,2158.0,288.6697137358672,0.0,24,24,0,0,24,24,8303,0,0,0,0,0
2020-10-15,US,Alaska,Matanuska-Susitna,778,2,0,62.31305045,-149.5741743,2170.0,718.2621379838806,0.2570694087403599,776,766,2,0,764,763,107610,12,0,0,12,3
2020-10-15,US,Alaska,Nome,107,0,0,64.90320724,-164.0353804,2180.0,1069.5721711315473,0.0,107,107,0,0,107,103,10008,0,0,0,0,4
2020-10-15,US,Alaska,North Slope,180,0,0,69.31479216,-153.4836093,2185.0,1830.7567127746136,0.0,180,178,0,0,178,174,9872,2,0,0,2,4
2020-10-15,US,Alaska,Northwest Arctic,191,0,0,67.04919196,-159.7503946,2188.0,2506.232777850676,0.0,191,187,0,0,187,183,7671,4,0,0,4,4
2020-10-15,US,Alaska,Petersburg,8,1,0,57.13978948,-132.9540995,2195.0,244.94794856093085,12.5,7,8,1,0,7,8,3221,0,0,0,0,0
2020-10-15,US,Alaska,Prince of Wales-Hyder,31,0,0,55.76261984,-133.0511621,2198.0,499.7581815250685,0.0,31,31,0,0,31,31,6422,0,0,0,0,0
2020-10-15,US,Alaska,Sitka,55,0,0,57.24124555,-135.3206587,2220.0,647.5921346991639,0.0,55,55,0,0,55,54,8647,0,0,0,0,1
2020-10-15,US,Alaska,Southeast Fairbanks,36,0,0,63.87692095,-143.2127643,2240.0,522.2689685187871,0.0,36,34,0,0,34,34,6918,2,0,0,2,0
2020-10-15,US,Alaska,Unassigned,23,0,0,0.0,0.0,90002.0,0.0,0.0,23,22,0,0,22,22,,1,0,0,1,0
2020-10-15,US,Alaska,Valdez-Cordova,93,1,0,61.47502768,-144.7126799,2261.0,1010.6498587263637,1.075268817204301,92,92,0,0,92,92,9164,1,1,0,0,0
2020-10-15,US,Alaska,Wrangell,13,0,0,56.3202004,-132.05837309999998,2275.0,519.5843325339728,0.0,13,13,0,0,13,13,2503,0,0,0,0,0
2020-10-15,US,Alaska,Yakutat,25,0,0,59.890980799999994,-140.36014509999998,2282.0,4317.789291882556,0.0,25,25,0,0,25,25,604,0,0,0,0,0
2020-10-15,US,Alaska,Yukon-Koyukuk,94,2,0,65.50815459,-151.39073869999999,2290.0,1797.323135755258,2.127659574468085,92,94,2,0,92,94,5327,0,0,0,0,0
2020-10-15,US,Arizona,Apache,3742,167,0,35.39465006,-109.4892383,4001.0,5205.391795456759,4.462854088722609,3575,3734,166,0,3568,3708,71818,8,1,0,7,26
2020-10-15,US,Arizona,Cochise,2005,73,0,31.87934684,-109.7516088,4003.0,1592.2555232604311,3.6408977556109727,1932,1986,73,0,1913,1972,126770,19,0,0,19,14
2020-10-15,US,Arizona,Coconino,4629,145,0,35.83883429,-111.77071780000001,4005.0,3226.323566310742,3.1324260099373515,4484,4563,145,0,4418,4529,142854,66,0,0,66,34
2020-10-15,US,Arizona,Gila,1633,62,0,33.80190085,-110.8132779,4007.0,3023.0663852789808,3.7966932026944273,1571,1597,61,0,1536,1537,53889,36,1,0,35,60
2020-10-15,US,Arizona,Graham,977,26,0,32.93166885,-109.8882178,4009.0,2515.642299868682,2.661207778915046,951,963,26,0,937,951,38072,14,0,0,14,12
2020-10-15,US,Arizona,Greenlee,70,1,0,33.21498827,-109.2405279,4011.0,736.997262581596,1.4285714285714286,69,66,1,0,65,64,9483,4,0,0,4,2
2020-10-15,US,Arizona,La Paz,577,16,0,33.72854224,-113.98100290000001,4012.0,2733.5607352662496,2.7729636048526864,561,575,16,0,559,572,21098,2,0,0,2,3
2020-10-15,US,Arizona,Maricopa,148152,3489,0,33.34835867,-112.49181540000001,4013.0,3302.9727021853496,2.3550137696419893,144663,147551,3475,0,144076,147010,4410824,601,14,0,587,541
2020-10-15,US,Arizona,Mohave,4138,228,0,35.70471703,-113.7577902,4015.0,1950.2217446425452,5.509908168197197,3910,4121,228,0,3893,4096,209550,17,0,0,17,25
2020-10-15,US,Arizona,Navajo,6120,236,0,35.3997715,-110.3218983,4017.0,5517.291118243123,3.8562091503267975,5884,5959,236,0,5723,5923,110445,161,0,0,161,36
2020-10-15,US,Arizona,Pima,26727,633,0,32.0971334,-111.7890033,4019.0,2552.0420059984017,2.3683915141991245,26094,26632,633,0,25999,26516,1039073,95,0,0,95,116
2020-10-15,US,Arizona,Pinal,11203,213,0,32.90525627,-111.3449483,4021.0,2420.757623884751,1.9012764438096936,10990,11152,213,0,10939,11123,447138,51,0,0,51,29
2020-10-15,US,Arizona,Santa Cruz,2935,64,0,31.52508998,-110.8479088,4023.0,6312.099445137425,2.180579216354344,2871,2921,64,0,2857,2922,46511,14,0,0,14,-1
2020-10-15,US,Arizona,Unassigned,0,1,0,0.0,0.0,90004.0,0.0,0.0,-1,0,1,0,-1,1,,0,0,0,0,-1
2020-10-15,US,Arizona,Yavapai,2748,86,0,34.59933926,-112.5538588,4025.0,1168.8692848544654,3.1295487627365355,2662,2727,86,0,2641,2721,231993,21,0,0,21,6
2020-10-15,US,Arizona,Yuma,13092,349,0,32.76895712,-113.90666740000002,4027.0,6123.852245459268,2.6657500763825235,12743,13088,348,0,12740,13089,212128,4,1,0,3,-1
2020-10-15,US,Arkansas,Arkansas,582,11,0,34.29145151,-91.37277296,5001.0,3328.376987304129,1.8900343642611683,571,578,11,0,567,569,17769,4,0,0,4,9
2020-10-15,US,Arkansas,Ashley,491,12,0,33.19153461,-91.76984709999999,5003.0,2497.837920333724,2.4439918533604894,479,488,12,0,476,484,20046,3,0,0,3,4
2020-10-15,US,Arkansas,Baxter,506,5,0,36.28784385,-92.33782872,5005.0,1206.7156348373558,0.9881422924901184,501,490,5,0,485,475,41619,16,0,0,16,15
2020-10-15,US,Arkansas,Benton,7445,102,0,36.33644656,-94.25680817,5007.0,2667.110886612859,1.3700470114170584,7343,7348,102,0,7246,7288,272608,97,0,0,97,60
2020-10-15,US,Arkansas,Boone,912,27,0,36.3084504,-93.09374925,5009.0,2436.4180380423168,2.9605263157894735,885,899,27,0,872,887,37480,13,0,0,13,12
2020-10-15,US,Arkansas,Bradley,350,8,0,33.46755808,-92.15980837,5011.0,3251.8814456935797,2.2857142857142856,342,350,8,0,342,350,10897,0,0,0,0,0
2020-10-15,US,Arkansas,Calhoun,40,0,0,33.55598792,-92.49974403,5013.0,770.8614376565813,0.0,40,39,0,0,39,39,5277,1,0,0,1,0
2020-10-15,US,Arkansas,Carroll,907,12,0,36.34038560000001,-93.54270261,5015.0,3195.9126145172663,1.323042998897464,895,893,12,0,881,879,28223,14,0,0,14,14
2020-10-15,US,Arkansas,Chicot,1025,22,0,33.26458973,-91.29539209,5017.0,10130.460565329116,2.1463414634146343,1003,1022,22,0,1000,1018,10438,3,0,0,3,4
2020-10-15,US,Arkansas,Clark,448,5,0,34.04613432,-93.17484713,5019.0,2007.168458781362,1.1160714285714286,443,437,5,0,432,429,22061,11,0,0,11,8
2020-10-15,US,Arkansas,Clay,405,11,0,36.36826212,-90.4148172,5021.0,2783.3138615902685,2.716049382716049,394,396,11,0,385,384,14847,9,0,0,9,12
2020-10-15,US,Arkansas,Cleburne,406,14,0,35.53864922,-92.02640019,5023.0,1629.2788635177976,3.4482758620689653,392,399,14,0,385,395,24965,7,0,0,7,4
2020-10-15,US,Arkansas,Cleveland,198,12,0,33.89723187,-92.18537045,5025.0,2488.68778280543,6.0606060606060606,186,198,12,0,186,196,8018,0,0,0,0,2
2020-10-15,US,Arkansas,Columbia,634,19,0,33.21230701,-93.22642793,5027.0,2702.817922155433,2.996845425867508,615,622,19,0,603,619,23537,12,0,0,12,3
2020-10-15,US,Arkansas,Conway,324,3,0,35.26205537,-92.70506566,5029.0,1554.2550129521246,0.925925925925926,321,318,3,0,315,314,20891,6,0,0,6,4
2020-10-15,US,Arkansas,Craighead,3863,32,0,35.83018283,-90.63235729,5031.0,3501.2507704020586,0.8283717318146518,3831,3774,32,0,3742,3700,108558,89,0,0,89,74
2020-10-15,US,Arkansas,Crawford,1803,22,0,35.58928601,-94.2446814,5033.0,2850.277439650948,1.2201885745978924,1781,1778,22,0,1756,1758,63406,25,0,0,25,20
2020-10-15,US,Arkansas,Crittenden,2131,51,0,35.21247318,-90.30839406,5035.0,4443.749348347409,2.393242609103708,2080,2098,51,0,2047,2077,48342,33,0,0,33,21
2020-10-15,US,Arkansas,Cross,521,19,0,35.29631396,-90.77185818,5037.0,3173.153054388209,3.646833013435701,502,518,19,0,499,515,16676,3,0,0,3,3
2020-10-15,US,Arkansas,Dallas,177,5,0,33.97042763,-92.65167437,5039.0,2525.324582679413,2.824858757062147,172,178,5,0,173,177,7182,-1,0,0,-1,1
2020-10-15,US,Arkansas,Desha,357,7,0,33.83011025,-91.25500948,5041.0,3142.3290203327174,1.96078431372549,350,351,7,0,344,348,11512,6,0,0,6,3
2020-10-15,US,Arkansas,Drew,387,7,0,33.59035001,-91.71777921,5043.0,2124.1561007739174,1.8087855297157625,380,381,7,0,374,380,18328,6,0,0,6,1
2020-10-15,US,Arkansas,Faulkner,3038,27,0,35.14719007,-92.33717519,5045.0,2410.977167935115,0.8887425938117183,3011,2991,27,0,2964,2963,124806,47,0,0,47,28
2020-10-15,US,Arkansas,Franklin,439,2,0,35.51202821,-93.89299569,5047.0,2478.1258820208864,0.4555808656036446,437,426,2,0,424,418,17810,13,0,0,13,8
2020-10-15,US,Arkansas,Fulton,257,8,0,36.38177105,-91.81729127,5049.0,2059.79001362507,3.1128404669260696,249,242,8,0,234,229,12269,15,0,0,15,13
2020-10-15,US,Arkansas,Garland,2206,57,0,34.57692074,-93.14921604,5051.0,2219.628519107319,2.58386219401632,2149,2167,57,0,2110,2142,99154,39,0,0,39,25
2020-10-15,US,Arkansas,Grant,329,4,0,34.29017991,-92.42320562,5053.0,1801.2592389816587,1.2158054711246202,325,324,4,0,320,313,18188,5,0,0,5,11
2020-10-15,US,Arkansas,Greene,1195,15,0,36.11735460000001,-90.55832668,5055.0,2636.514065085493,1.2552301255230125,1180,1149,15,0,1134,1122,45325,46,0,0,46,27
2020-10-15,US,Arkansas,Hempstead,487,5,0,33.73325583,-93.66935133,5057.0,2261.749953557496,1.026694045174538,482,480,5,0,475,469,21741,7,0,0,7,11
2020-10-15,US,Arkansas,Hot Spring,2086,30,0,34.31709259,-92.95396325,5059.0,6176.8973379526815,1.4381591562799616,2056,2066,30,0,2036,2057,33701,20,0,0,20,9
2020-10-15,US,Arkansas,Howard,532,12,0,34.09007427,-93.9934871,5061.0,4029.692470837752,2.255639097744361,520,527,12,0,515,524,13341,5,0,0,5,3
2020-10-15,US,Arkansas,Independence,1352,35,0,35.74242707,-91.57001641,5063.0,3574.3555849306013,2.5887573964497044,1317,1319,33,0,1286,1311,37678,33,2,0,31,8
2020-10-15,US,Arkansas,Izard,391,1,0,36.09604046,-91.90847954,5065.0,2868.882529899479,0.2557544757033248,390,356,1,0,355,352,13593,35,0,0,35,4
2020-10-15,US,Arkansas,Jackson,585,5,0,35.59802983,-91.21494602,5067.0,3499.0130988695496,0.8547008547008547,580,572,5,0,567,548,16811,13,0,0,13,24
2020-10-15,US,Arkansas,Jefferson,3896,97,0,34.26767081,-91.92619839,5069.0,5830.2406321082235,2.4897330595482545,3799,3863,97,0,3766,3802,68114,33,0,0,33,61
2020-10-15,US,Arkansas,Johnson,929,8,0,35.56759135,-93.46036368,5071.0,3495.3721122733086,0.8611410118406889,921,925,9,0,916,917,26742,4,-1,0,5,8
2020-10-15,US,Arkansas,Lafayette,145,3,0,33.24116713,-93.60677071,5073.0,2189.009661835749,2.0689655172413794,142,141,3,0,138,139,6682,4,0,0,4,2
2020-10-15,US,Arkansas,Lawrence,693,14,0,36.04188196,-91.10867198,5075.0,4224.064366695112,2.0202020202020203,679,640,13,0,627,613,16434,53,1,0,52,27
2020-10-15,US,Arkansas,Lee,1094,18,0,34.78498904,-90.78383866,5077.0,12351.812126002029,1.6453382084095065,1076,1093,18,0,1075,1092,8985,1,0,0,1,1
2020-10-15,US,Arkansas,Lincoln,2162,17,0,33.95317155,-91.74002806,5079.0,16600.12285012285,0.7863089731729879,2145,2157,17,0,2140,2150,13383,5,0,0,5,7
2020-10-15,US,Arkansas,Little River,404,29,0,33.70375665,-94.23468591,5081.0,3295.537972102129,7.1782178217821775,375,402,29,0,373,400,12326,2,0,0,2,2
2020-10-15,US,Arkansas,Logan,520,2,0,35.21413234,-93.71951016,5083.0,2422.435479362713,0.38461538461538464,518,516,2,0,514,508,21737,4,0,0,4,8
2020-10-15,US,Arkansas,Lonoke,1488,20,0,34.75392199,-91.88742357,5085.0,2029.7644218308803,1.3440860215053765,1468,1467,20,0,1447,1449,73657,21,0,0,21,18
2020-10-15,US,Arkansas,Madison,408,6,0,36.01038185,-93.72524943,5087.0,2461.3899613899607,1.4705882352941178,402,404,6,0,398,399,16481,4,0,0,4,5
2020-10-15,US,Arkansas,Marion,122,2,0,36.26844485,-92.68451899,5089.0,730.8014855636757,1.639344262295082,120,121,2,0,119,120,16722,1,0,0,1,1
2020-10-15,US,Arkansas,Miller,1127,14,0,33.31403423,-93.89285258,5091.0,2605.3586702730195,1.2422360248447204,1113,1067,13,0,1054,1048,43592,60,1,0,59,19
2020-10-15,US,Arkansas,Mississippi,1944,57,0,35.76271485,-90.05194370000002,5093.0,4782.170180315366,2.9320987654320985,1887,1918,57,0,1861,1897,41239,26,0,0,26,21
2020-10-15,US,Arkansas,Monroe,190,0,0,34.6815935,-91.20540287,5095.0,2835.3977018355467,0.0,190,187,0,0,187,184,6900,3,0,0,3,3
2020-10-15,US,Arkansas,Montgomery,177,8,0,34.53704874,-93.65824478,5097.0,1969.7306921878478,4.519774011299434,169,175,8,0,167,176,8924,2,0,0,2,-1
2020-10-15,US,Arkansas,Nevada,259,14,0,33.66340119,-93.30632432,5099.0,3138.633058652448,5.405405405405406,245,257,14,0,243,256,8326,2,0,0,2,1
2020-10-15,US,Arkansas,Newton,279,19,0,35.91947491,-93.21612969,5101.0,3598.6069908422546,6.810035842293908,260,278,19,0,259,276,7805,1,0,0,1,2
2020-10-15,US,Arkansas,Ouachita,314,7,0,33.58839816,-92.87795984,5103.0,1342.9133521512276,2.2292993630573252,307,307,7,0,300,301,23606,7,0,0,7,6
2020-10-15,US,Arkansas,Perry,122,0,0,34.945915299999996,-92.94372564,5105.0,1166.905786704926,0.0,122,120,0,0,120,119,10352,2,0,0,2,1
2020-10-15,US,Arkansas,Phillips,661,15,0,34.43268455,-90.84800154,5107.0,3717.2421549881897,2.26928895612708,646,638,15,0,623,632,18029,23,0,0,23,6
2020-10-15,US,Arkansas,Pike,253,3,0,34.16250414,-93.65789349,5109.0,2360.5150214592277,1.1857707509881423,250,251,3,0,248,250,10673,2,0,0,2,1
2020-10-15,US,Arkansas,Poinsett,868,15,0,35.57433534,-90.66268713,5111.0,3689.221353281197,1.7281105990783407,853,850,15,0,835,828,23974,18,0,0,18,22
2020-10-15,US,Arkansas,Polk,325,4,0,34.48254879,-94.22728802,5113.0,1627.9302744940894,1.2307692307692308,321,319,4,0,315,314,20049,6,0,0,6,5
2020-10-15,US,Arkansas,Pope,2470,36,0,35.44871474,-93.03212219,5115.0,3855.038082157573,1.4574898785425099,2434,2450,36,0,2414,2419,64000,20,0,0,20,31
2020-10-15,US,Arkansas,Prairie,186,4,0,34.83624419,-91.55162157,5117.0,2307.1198213842717,2.150537634408602,182,185,4,0,181,181,8074,1,0,0,1,4
2020-10-15,US,Arkansas,Pulaski,10862,189,0,34.77054088,-92.31355101,5119.0,2771.5476217814758,1.7400110476891917,10673,10727,188,0,10539,10603,392680,135,1,0,134,124
2020-10-15,US,Arkansas,Randolph,566,23,0,36.3415714,-91.02455531,5121.0,3151.798641274084,4.063604240282685,543,555,23,0,532,545,17948,11,0,0,11,10
2020-10-15,US,Arkansas,Saline,2521,28,0,34.64916145,-92.67583224,5125.0,2059.018107271495,1.1106703689012296,2493,2487,27,0,2460,2465,121421,34,1,0,33,22
2020-10-15,US,Arkansas,Scott,141,1,0,34.85588887,-94.0632176,5127.0,1371.461920046688,0.7092198581560284,140,132,1,0,131,129,10319,9,0,0,9,3
2020-10-15,US,Arkansas,Searcy,171,1,0,35.9109364,-92.69936482,5129.0,2169.775409212029,0.5847953216374269,170,169,1,0,168,167,7958,2,0,0,2,2
2020-10-15,US,Arkansas,Sebastian,4427,87,0,35.19605503,-94.27162713,5131.0,3463.2745820523055,1.965213462841653,4340,4366,81,0,4285,4330,127753,61,6,0,55,36
2020-10-15,US,Arkansas,Sevier,1246,19,0,33.99780401,-94.2424869,5133.0,7326.395013817841,1.5248796147672552,1227,1240,19,0,1221,1232,17139,6,0,0,6,8
2020-10-15,US,Arkansas,Sharp,290,9,0,36.16258158,-91.47819342,5135.0,1662.653365439743,3.103448275862069,281,286,9,0,277,285,17366,4,0,0,4,1
2020-10-15,US,Arkansas,St. Francis,1636,9,0,35.02201976,-90.74828138,5123.0,6545.570937024887,0.5501222493887531,1627,1634,9,0,1625,1626,25439,2,0,0,2,8
2020-10-15,US,Arkansas,Stone,390,19,0,35.86251946,-92.15684085,5137.0,3118.5031185031185,4.871794871794871,371,388,19,0,369,387,12457,2,0,0,2,1
2020-10-15,US,Arkansas,Unassigned,1908,0,0,0.0,0.0,90005.0,0.0,0.0,1908,2028,0,0,2028,1975,,-120,0,0,-120,53
2020-10-15,US,Arkansas,Union,1049,47,0,33.16887091,-92.59746952,5139.0,2711.8556434517345,4.480457578646329,1002,1028,47,0,981,1024,39126,21,0,0,21,4
2020-10-15,US,Arkansas,Van Buren,197,3,0,35.58095779,-92.51295036,5141.0,1190.69205197945,1.5228426395939083,194,191,3,0,188,190,16603,6,0,0,6,1
2020-10-15,US,Arkansas,Washington,10663,129,0,35.976844,-94.21800746,5143.0,4458.018203330448,1.2097908656100536,10534,10552,129,0,10423,10487,236961,111,0,0,111,65
2020-10-15,US,Arkansas,White,1230,32,0,35.25688493,-91.74908296,5145.0,1561.845263037599,2.6016260162601625,1198,1185,32,0,1153,1155,78727,45,0,0,45,30
2020-10-15,US,Arkansas,Woodruff,79,0,0,35.18902527,-91.2439489,5147.0,1250.0,0.0,79,74,0,0,74,74,6490,5,0,0,5,0
2020-10-15,US,Arkansas,Yell,1303,30,0,35.00292371,-93.41171338,5149.0,6105.6182934257995,2.3023791250959325,1273,1299,30,0,1269,1294,21535,4,0,0,4,5
2020-10-15,US,California,Alameda,22370,442,0,37.64629437,-121.8929271,6001.0,1338.4558037346328,1.975860527492177,21928,22325,442,0,21883,22279,1666753,45,0,0,45,46
2020-10-15,US,California,Alpine,3,0,0,38.59678594,-119.82235940000001,6003.0,265.72187776793623,0.0,3,3,0,0,3,3,1101,0,0,0,0,0
2020-10-15,US,California,Amador,308,16,0,38.44583082,-120.65696000000001,6005.0,774.8037834574361,5.194805194805196,292,306,16,0,290,305,39383,2,0,0,2,1
2020-10-15,US,California,Butte,2995,50,0,39.66727762,-121.6005252,6007.0,1366.419388099605,1.6694490818030048,2945,2992,48,0,2944,2975,231256,3,2,0,1,17
2020-10-15,US,California,Calaveras,331,16,0,38.20537103,-120.55291299999999,6009.0,721.0543513778456,4.833836858006042,315,331,16,0,315,330,45602,0,0,0,0,1
2020-10-15,US,California,Colusa,545,6,0,39.17881957,-122.2331726,6011.0,2529.354434492041,1.1009174311926606,539,543,6,0,537,543,21627,2,0,0,2,0
2020-10-15,US,California,Contra Costa,17866,233,0,37.91923498,-121.9289527,6013.0,1548.8164115936704,1.3041531400425388,17633,17834,231,0,17603,17783,1150215,32,2,0,30,51
2020-10-15,US,California,Del Norte,171,1,0,41.74228275,-123.89740630000001,6015.0,614.842514022724,0.5847953216374269,170,170,1,0,169,170,27828,1,0,0,1,0
2020-10-15,US,California,El Dorado,1264,4,0,38.77965956,-120.5233166,6017.0,655.4554741421779,0.3164556962025317,1260,1262,4,0,1258,1259,190678,2,0,0,2,3
2020-10-15,US,California,Fresno,29650,424,0,36.75733899,-119.6466953,6019.0,2967.6679334721916,1.430016863406408,29226,29579,424,0,29155,29523,994400,71,0,0,71,56
2020-10-15,US,California,Glenn,635,3,0,39.59875897,-122.3938452,6021.0,2236.4667347585673,0.4724409448818898,632,635,3,0,632,630,28047,0,0,0,0,5
2020-10-15,US,California,Humboldt,544,8,0,40.69923009,-123.876044,6023.0,401.3042387760221,1.4705882352941178,536,542,8,0,534,534,136373,2,0,0,2,8
2020-10-15,US,California,Imperial,12373,335,0,33.0393082,-115.36690420000001,6025.0,6827.801230582459,2.7075082841671385,12038,12334,335,0,11999,12290,181827,39,0,0,39,44
2020-10-15,US,California,Inyo,209,15,0,36.51112084,-117.41119779999998,6027.0,1158.6008093575033,7.177033492822965,194,209,15,0,194,205,17987,0,0,0,0,4
2020-10-15,US,California,Kern,33145,406,0,35.34329425,-118.72777959999999,6029.0,3681.9513842448696,1.2249208025343192,32739,33089,397,0,32692,33020,896764,56,9,0,47,69
2020-10-15,US,California,Kings,8118,82,0,36.07409056,-119.8159973,6031.0,5307.963907414673,1.0101010101010102,8036,8111,82,0,8029,8106,151366,7,0,0,7,5
2020-10-15,US,California,Lake,642,14,0,39.10124298,-122.75362439999999,6033.0,997.1111732364177,2.1806853582554515,628,639,14,0,625,633,64382,3,0,0,3,6
2020-10-15,US,California,Lassen,752,1,0,40.67311306,-120.59350990000002,6035.0,2459.686651620711,0.13297872340425532,751,752,1,0,751,752,30802,0,0,0,0,0
2020-10-15,US,California,Los Angeles,286183,6834,0,34.30828379,-118.22824109999999,6037.0,2850.681838534045,2.3879825146846603,279349,285016,6812,0,278204,283750,10105518,1167,22,0,1145,1266
2020-10-15,US,California,Madera,4822,73,0,37.21513971,-119.76655890000002,6039.0,3064.9538858555748,1.5138946495230194,4749,4808,73,0,4735,4796,157672,14,0,0,14,12
2020-10-15,US,California,Marin,6940,124,0,38.07122463,-122.72106310000001,6041.0,2681.338041773238,1.786743515850144,6816,6934,124,0,6810,6920,259666,6,0,0,6,14
2020-10-15,US,California,Mariposa,77,2,0,37.57978556,-119.9073334,6043.0,447.5963494739289,2.5974025974025974,75,77,2,0,75,77,17471,0,0,0,0,0
2020-10-15,US,California,Mendocino,1063,21,0,39.4381191,-123.39113130000001,6045.0,1225.3743559003562,1.975540921919097,1042,1055,21,0,1034,1050,87606,8,0,0,8,5
2020-10-15,US,California,Merced,9286,152,0,37.18922369,-120.72090349999999,6047.0,3344.137136271968,1.6368727116088737,9134,9265,152,0,9113,9149,274765,21,0,0,21,116
2020-10-15,US,California,Modoc,27,0,0,41.58965602,-120.7244817,6049.0,305.3953172718018,0.0,27,28,0,0,28,28,8777,-1,0,0,-1,0
2020-10-15,US,California,Mono,173,2,0,37.93899289,-118.8872409,6051.0,1197.7291608972585,1.1560693641618498,171,173,2,0,171,173,14250,0,0,0,0,0
2020-10-15,US,California,Monterey,10827,81,0,36.21862405,-121.24133970000001,6053.0,2494.3498724833607,0.7481296758104738,10746,10748,81,0,10667,10684,435594,79,0,0,79,64
2020-10-15,US,California,Napa,1837,14,0,38.50735751,-122.33283899999999,6055.0,1333.633406899756,0.7621121393576483,1823,1825,14,0,1811,1819,139417,12,0,0,12,6
2020-10-15,US,California,Nevada,576,8,0,39.30394768,-120.76272809999999,6057.0,577.4146659315323,1.3888888888888888,568,573,8,0,565,570,99696,3,0,0,3,3
2020-10-15,US,California,Orange,56436,1391,0,33.70147516,-117.76459979999998,6059.0,1777.1244818452167,2.4647388191934225,55045,56283,1360,0,54923,56070,3185968,153,31,0,122,213
2020-10-15,US,California,Placer,3864,52,0,39.06167234,-120.72405690000001,6061.0,970.0523938754144,1.3457556935817805,3812,3845,51,0,3794,3838,393149,19,1,0,18,7
2020-10-15,US,California,Plumas,53,0,0,40.00355989,-120.8395236,6063.0,281.80996437496674,0.0,53,53,0,0,53,52,18804,0,0,0,0,1
2020-10-15,US,California,Riverside,63125,1269,0,33.74314981,-115.9933578,6065.0,2555.1032039071524,2.0102970297029703,61856,62900,1264,0,61636,62553,2450758,225,5,0,220,347
2020-10-15,US,California,Sacramento,24060,462,0,38.45106826,-121.34253740000001,6067.0,1550.199799234307,1.9201995012468829,23598,23969,458,0,23511,23850,1540975,91,4,0,87,119
2020-10-15,US,California,San Benito,1392,13,0,36.60308176,-121.069975,6069.0,2216.278181123424,0.9339080459770116,1379,1390,13,0,1377,1388,61537,2,0,0,2,2
2020-10-15,US,California,San Bernardino,59169,988,0,34.84060306,-116.1774685,6071.0,2714.068488155279,1.6697933039260424,58181,58936,986,0,57950,58579,2171603,233,2,0,231,357
2020-10-15,US,California,San Diego,51470,847,0,33.03484597,-116.73653259999999,6073.0,1541.788858501107,1.6456188070720807,50623,51327,844,0,50483,51024,3343364,143,3,0,140,303
2020-10-15,US,California,San Francisco,11783,126,0,37.75215114,-122.43856720000001,6075.0,1336.6245098117065,1.0693371806840364,11657,11712,123,0,11589,11691,883305,71,3,0,68,21
2020-10-15,US,California,San Joaquin,21100,483,0,37.93433732,-121.2730061,6077.0,2768.491159197427,2.2890995260663507,20617,21064,477,0,20587,20828,752660,36,6,0,30,236
2020-10-15,US,California,San Luis Obispo,3933,32,0,35.38822029,-120.4039028,6079.0,1389.2077665650575,0.8136282735825071,3901,3924,32,0,3892,3874,284010,9,0,0,9,50
2020-10-15,US,California,San Mateo,10655,155,0,37.422880799999994,-122.32755459999998,6081.0,1389.9524246223127,1.4547160957297045,10500,10622,155,0,10467,10601,769545,33,0,0,33,21
2020-10-15,US,California,Santa Barbara,9520,117,0,34.65329488,-120.0188492,6083.0,2132.1436330204547,1.2289915966386555,9403,9503,116,0,9387,9475,446527,17,1,0,16,28
2020-10-15,US,California,Santa Clara,22859,367,0,37.23104908,-121.6970462,6085.0,1185.7238003747175,1.605494553567523,22492,22801,363,0,22438,22741,1937570,58,4,0,54,60
2020-10-15,US,California,Santa Cruz,2633,23,0,37.05580291,-122.0066524,6087.0,963.716953439258,0.8735282947208507,2610,2618,20,0,2598,2605,274255,15,3,0,12,13
2020-10-15,US,California,Shasta,1640,28,0,40.76391419,-122.0396884,6089.0,910.7063527321193,1.7073170731707317,1612,1623,28,0,1595,1597,180040,17,0,0,17,26
2020-10-15,US,California,Sierra,6,0,0,39.57713498,-120.52007009999998,6091.0,199.6672212978369,0.0,6,6,0,0,6,6,2987,0,0,0,0,0
2020-10-15,US,California,Siskiyou,183,0,0,41.59198861,-122.54074340000001,6093.0,420.3128229862882,0.0,183,182,0,0,182,182,43724,1,0,0,1,0
2020-10-15,US,California,Solano,6951,74,0,38.26827353,-121.9357113,6095.0,1552.7998874102802,1.0645950222989498,6877,6908,74,0,6834,6876,446610,43,0,0,43,32
2020-10-15,US,California,Sonoma,8684,128,0,38.52746429,-122.88625060000001,6097.0,1756.6998964267218,1.4739751266697374,8556,8615,128,0,8487,8558,499942,69,0,0,69,57
2020-10-15,US,California,Stanislaus,17160,389,0,37.55862499,-120.9970722,6099.0,3116.260487415102,2.2668997668997672,16771,17130,388,0,16742,17087,549815,30,1,0,29,43
2020-10-15,US,California,Sutter,1785,12,0,39.03417539,-121.6945899,6101.0,1840.756514834332,0.6722689075630253,1773,1785,12,0,1773,1782,96807,0,0,0,0,3
2020-10-15,US,California,Tehama,722,8,0,40.12570935,-122.23701709999999,6103.0,1109.3356278040685,1.10803324099723,714,717,8,0,709,708,63916,5,0,0,5,9
2020-10-15,US,California,Trinity,21,0,0,40.64917670000001,-123.114713,6105.0,170.9401709401709,0.0,21,21,0,0,21,20,12535,0,0,0,0,1
2020-10-15,US,California,Tulare,17015,273,0,36.22026558,-118.8020203,6107.0,3649.76029343944,1.6044666470761093,16742,16976,269,0,16707,16890,465861,39,4,0,35,86
2020-10-15,US,California,Tuolumne,242,4,0,38.02644018,-119.95250929999999,6109.0,444.21601380373727,1.6528925619834711,238,242,4,0,238,240,54539,0,0,0,0,2
2020-10-15,US,California,Ventura,13697,158,0,34.44465746,-119.09106129999999,6111.0,1619.0192504544884,1.1535372709352414,13539,13645,158,0,13487,13617,850967,52,0,0,52,28
2020-10-15,US,California,Yolo,3015,56,0,38.68278902,-121.90182879999999,6113.0,1367.34693877551,1.857379767827529,2959,3010,56,0,2954,2986,220408,5,0,0,5,24
2020-10-15,US,California,Yuba,1243,10,0,39.26255932,-121.35356440000001,6115.0,1580.0579651192352,0.8045052292839904,1233,1239,10,0,1229,1236,78041,4,0,0,4,3
2020-10-15,US,Colorado,Adams,11303,245,0,39.87432092,-104.3362578,8001.0,2184.488066777344,2.167566132885075,11058,11085,244,0,10841,10962,511868,218,1,0,217,123
2020-10-15,US,Colorado,Alamosa,271,9,0,37.57250606,-105.7885451,8003.0,1669.4387975112425,3.3210332103321027,262,267,9,0,258,265,16683,4,0,0,4,2
2020-10-15,US,Colorado,Arapahoe,10783,376,0,39.64977461,-104.3353617,8005.0,1642.2729557257953,3.48697023091904,10407,10665,376,0,10289,10572,651215,118,0,0,118,93
2020-10-15,US,Colorado,Archuleta,58,0,0,37.19474156,-107.04768670000001,8007.0,413.42932496970565,0.0,58,58,0,0,58,58,13765,0,0,0,0,0
2020-10-15,US,Colorado,Baca,23,0,0,37.31940883,-102.5603223,8009.0,642.2786931024854,0.0,23,23,0,0,23,19,3585,0,0,0,0,4
2020-10-15,US,Colorado,Bent,12,0,0,37.95474293,-103.0720195,8011.0,215.16944593867672,0.0,12,12,0,0,12,11,5882,0,0,0,0,1
2020-10-15,US,Colorado,Boulder,4891,82,0,40.09313619,-105.3546767,8013.0,1499.405265545868,1.6765487630341442,4809,4850,82,0,4768,4825,326078,41,0,0,41,25
2020-10-15,US,Colorado,Broomfield,763,37,0,39.95998787,-105.0566324,8014.0,1082.807067338395,4.849279161205767,726,756,37,0,719,749,69267,7,0,0,7,7
2020-10-15,US,Colorado,Chaffee,358,20,0,38.74745778,-106.19265729999998,8015.0,1758.6952249950875,5.58659217877095,338,358,20,0,338,358,20027,0,0,0,0,0
2020-10-15,US,Colorado,Cheyenne,14,0,0,38.82777431,-102.6032558,8017.0,764.6095030038231,0.0,14,14,0,0,14,14,1876,0,0,0,0,0
2020-10-15,US,Colorado,Clear Creek,61,1,0,39.68864463,-105.6463118,8019.0,628.8659793814433,1.639344262295082,60,61,1,0,60,59,9605,0,0,0,0,2
2020-10-15,US,Colorado,Conejos,44,0,0,37.201606,-106.19174879999998,8021.0,536.2583790371724,0.0,44,44,0,0,44,42,8200,0,0,0,0,2
2020-10-15,US,Colorado,Costilla,34,1,0,37.27732493,-105.4276548,8023.0,874.7105737072293,2.9411764705882355,33,33,1,0,32,33,3828,1,0,0,1,0
2020-10-15,US,Colorado,Crowley,78,1,0,38.32608609,-103.7844965,8025.0,1286.9163504372216,1.2820512820512822,77,77,1,0,76,77,5858,1,0,0,1,0
2020-10-15,US,Colorado,Custer,19,0,0,38.10883162,-105.3683478,8027.0,374.9013417521705,0.0,19,19,0,0,19,19,4954,0,0,0,0,0
2020-10-15,US,Colorado,Delta,194,4,0,38.86246243,-107.86313419999999,8029.0,622.5531095565111,2.061855670103093,190,194,4,0,190,194,30953,0,0,0,0,0
2020-10-15,US,Colorado,Denver,15383,440,0,39.76018276,-104.87256950000001,8031.0,2115.342039655616,2.8603003315348112,14943,15222,439,0,14783,15103,716492,161,1,0,160,119
2020-10-15,US,Colorado,Dolores,3,0,0,37.75208676,-108.5211585,8033.0,145.98540145985402,0.0,3,3,0,0,3,3,2074,0,0,0,0,0
2020-10-15,US,Colorado,Douglas,3184,63,0,39.33133796,-104.930001,8035.0,906.7246848960857,1.978643216080402,3121,3135,63,0,3072,3100,342776,49,0,0,49,35
2020-10-15,US,Colorado,Eagle,1335,10,0,39.62754308,-106.6933637,8037.0,2421.680846046402,0.7490636704119851,1325,1331,10,0,1321,1325,54993,4,0,0,4,6
2020-10-15,US,Colorado,El Paso,8064,187,0,38.83240149,-104.5251411,8041.0,1119.3734617984655,2.318948412698413,7877,7908,187,0,7721,7845,713856,156,0,0,156,63
2020-10-15,US,Colorado,Elbert,177,3,0,39.28656773,-104.13587209999999,8039.0,662.2021025852072,1.6949152542372878,174,177,3,0,174,175,26282,0,0,0,0,2
2020-10-15,US,Colorado,Fremont,310,1,0,38.47362326,-105.43996670000001,8043.0,648.0068563306089,0.3225806451612903,309,275,1,0,274,273,48021,35,0,0,35,2
2020-10-15,US,Colorado,Garfield,1047,5,0,39.59921777,-107.902708,8045.0,1743.2277184862055,0.4775549188156638,1042,1028,5,0,1023,1022,59770,19,0,0,19,6
2020-10-15,US,Colorado,Gilpin,21,0,0,39.85646523,-105.5252597,8047.0,336.3767419509851,0.0,21,21,0,0,21,20,6121,0,0,0,0,1
2020-10-15,US,Colorado,Grand,123,1,0,40.10603347,-106.11780420000001,8049.0,781.7465361637219,0.8130081300813008,122,118,1,0,117,116,15525,5,0,0,5,2
2020-10-15,US,Colorado,Gunnison,296,7,0,38.66611652,-107.0320729,8051.0,1695.1093803688007,2.3648648648648654,289,297,7,0,290,297,17246,-1,0,0,-1,0
2020-10-15,US,Colorado,Hinsdale,3,0,0,37.82247444,-107.3004345,8053.0,365.8536585365854,0.0,3,3,0,0,3,3,811,0,0,0,0,0
2020-10-15,US,Colorado,Huerfano,27,2,0,37.68473101,-104.9612585,8055.0,391.47455415397997,7.407407407407407,25,27,2,0,25,27,6889,0,0,0,0,0
2020-10-15,US,Colorado,Jackson,9,0,0,40.66593870000001,-106.3408905,8057.0,646.5517241379309,0.0,9,9,0,0,9,9,1399,0,0,0,0,0
2020-10-15,US,Colorado,Jefferson,6887,296,0,39.58635604,-105.2517692,8059.0,1181.5447750055328,4.29795266444025,6591,6806,296,0,6510,6754,580233,81,0,0,81,52
2020-10-15,US,Colorado,Kiowa,2,0,0,38.43260896,-102.7392145,8061.0,142.2475106685633,0.0,2,1,0,0,1,1,1383,1,0,0,1,0
2020-10-15,US,Colorado,Kit Carson,98,3,0,39.30497777,-102.60221990000001,8063.0,1380.8651542905454,3.0612244897959178,95,98,3,0,95,98,7163,0,0,0,0,0
2020-10-15,US,Colorado,La Plata,305,2,0,37.28632032,-107.8429014,8067.0,542.5019120969033,0.6557377049180327,303,302,2,0,300,301,56310,3,0,0,3,1
2020-10-15,US,Colorado,Lake,114,0,0,39.20278823,-106.35556969999999,8065.0,1402.7316352897749,0.0,114,112,0,0,112,110,7824,2,0,0,2,2
2020-10-15,US,Colorado,Larimer,3327,55,0,40.66671597,-105.4625784,8069.0,932.196503772776,1.6531409678388942,3272,3259,55,0,3204,3217,350518,68,0,0,68,42
2020-10-15,US,Colorado,Las Animas,31,0,0,37.3153406,-104.03764579999999,8071.0,213.70467392802985,0.0,31,30,0,0,30,28,14503,1,0,0,1,2
2020-10-15,US,Colorado,Lincoln,24,0,0,38.98749519,-103.51366490000001,8073.0,420.97877565339417,0.0,24,24,0,0,24,24,5610,0,0,0,0,0
2020-10-15,US,Colorado,Logan,1038,10,0,40.7249637,-103.110817,8075.0,4632.067472890357,0.9633911368015414,1028,1035,10,0,1025,1025,21528,3,0,0,3,10
2020-10-15,US,Colorado,Mesa,847,8,0,39.01787888,-108.469799,8077.0,549.2510213345438,0.9445100354191264,839,837,8,0,829,823,153207,10,0,0,10,14
2020-10-15,US,Colorado,Mineral,21,0,0,37.66954283,-106.92816979999999,8079.0,2730.8192457737327,0.0,21,20,0,0,20,20,776,1,0,0,1,0
2020-10-15,US,Colorado,Moffat,49,1,0,40.61810999,-108.2070876,8081.0,368.89256944967246,2.0408163265306123,48,48,1,0,47,48,13188,1,0,0,1,0
2020-10-15,US,Colorado,Montezuma,173,5,0,37.33859579,-108.59588570000001,8083.0,660.7340640873849,2.8901734104046244,168,172,5,0,167,172,26158,1,0,0,1,0
2020-10-15,US,Colorado,Montrose,412,13,0,38.40214114,-108.26390220000002,8085.0,963.5623742925301,3.155339805825242,399,405,13,0,392,404,42214,7,0,0,7,1
2020-10-15,US,Colorado,Morgan,800,48,0,40.26279810000001,-103.8093302,8087.0,2752.167331773772,6.0,752,788,48,0,740,789,28558,12,0,0,12,-1
2020-10-15,US,Colorado,Otero,114,6,0,37.9014485,-103.7173385,8089.0,623.7006237006237,5.2631578947368425,108,113,6,0,107,113,18432,1,0,0,1,0
2020-10-15,US,Colorado,Ouray,32,1,0,38.14717457,-107.7675136,8091.0,646.2035541195477,3.125,31,32,1,0,31,32,4833,0,0,0,0,0
2020-10-15,US,Colorado,Park,65,1,0,39.120926000000004,-105.7182065,8093.0,344.9190766781639,1.5384615384615383,64,65,1,0,64,64,18556,0,0,0,0,1
2020-10-15,US,Colorado,Phillips,35,0,0,40.59414277,-102.3577703,8095.0,820.6330597889801,0.0,35,35,0,0,35,34,4286,0,0,0,0,1
2020-10-15,US,Colorado,Pitkin,253,2,0,39.21720112,-106.9310027,8097.0,1423.988292902572,0.7905138339920948,251,250,2,0,248,248,17950,3,0,0,3,2
2020-10-15,US,Colorado,Prowers,102,0,0,37.95544985,-102.3926052,8099.0,837.9888268156427,0.0,102,99,0,0,99,98,12164,3,0,0,3,1
2020-10-15,US,Colorado,Pueblo,1492,39,0,38.17359144,-104.5127437,8101.0,885.8594974587945,2.6139410187667558,1453,1439,39,0,1400,1406,167529,53,0,0,53,33
2020-10-15,US,Colorado,Rio Blanco,25,0,0,39.97913541,-108.2179009,8103.0,395.31941808981657,0.0,25,25,0,0,25,25,6336,0,0,0,0,0
2020-10-15,US,Colorado,Rio Grande,112,2,0,37.5836865,-106.3847838,8105.0,994.0534303718823,1.7857142857142858,110,110,2,0,108,109,11250,2,0,0,2,1
2020-10-15,US,Colorado,Routt,175,8,0,40.48596505,-106.9905548,8107.0,682.5805445042515,4.571428571428571,167,172,8,0,164,171,25733,3,0,0,3,1
2020-10-15,US,Colorado,Saguache,117,2,0,38.08054629,-106.28246599999999,8109.0,1714.5369284876904,1.709401709401709,115,116,2,0,114,116,6843,1,0,0,1,0
2020-10-15,US,Colorado,San Juan,6,0,0,37.76248981,-107.67632890000002,8111.0,824.1758241758242,0.0,6,6,0,0,6,6,762,0,0,0,0,0
2020-10-15,US,Colorado,San Miguel,99,0,0,38.00450883,-108.4020725,8113.0,1210.4169213840325,0.0,99,97,0,0,97,97,8191,2,0,0,2,0
2020-10-15,US,Colorado,Sedgwick,16,1,0,40.87595412,-102.3519227,8115.0,711.7437722419929,6.25,15,16,1,0,15,16,2303,0,0,0,0,0
2020-10-15,US,Colorado,Summit,536,4,0,39.63803232,-106.1150762,8117.0,1728.418948115185,0.746268656716418,532,528,4,0,524,525,31007,8,0,0,8,3
2020-10-15,US,Colorado,Teller,186,4,0,38.88133511,-105.16148929999999,8119.0,732.6295887821018,2.150537634408602,182,184,4,0,180,184,25083,2,0,0,2,0
2020-10-15,US,Colorado,Washington,77,0,0,39.97015535,-103.202587,8121.0,1568.8671556642214,0.0,77,74,0,0,74,74,4909,3,0,0,3,0
2020-10-15,US,Colorado,Weld,5264,155,0,40.55499405,-104.39296209999999,8123.0,1622.2279748036926,2.9445288753799392,5109,5227,155,0,5072,5197,314305,37,0,0,37,30
2020-10-15,US,Colorado,Yuma,173,1,0,40.00346839,-102.4258673,8125.0,1726.7192334564331,0.5780346820809249,172,158,1,0,157,157,10020,15,0,0,15,1
2020-10-15,US,Connecticut,Fairfield,21183,1427,0,41.26809896,-73.3881171,9001.0,2245.5508771037134,6.736534013123731,19756,21128,1427,0,19701,21104,943823,55,0,0,55,24
2020-10-15,US,Connecticut,Hartford,16058,1445,0,41.80283011,-72.73103891,9003.0,1800.7894854887186,8.998629966371903,14613,16010,1443,0,14567,15949,892697,48,2,0,46,61
2020-10-15,US,Connecticut,Litchfield,1959,143,0,41.7937534,-73.2451475,9005.0,1086.323634609306,7.299642674834099,1816,1956,142,0,1814,1952,181111,3,1,0,2,4
2020-10-15,US,Connecticut,Middlesex,1733,193,0,41.45949668,-72.53714864,9007.0,1066.8817257258245,11.136757068667052,1540,1720,193,0,1527,1714,162682,13,0,0,13,6
2020-10-15,US,Connecticut,New Haven,15310,1119,0,41.408032500000004,-72.93620426,9009.0,1791.1523392028378,7.308948399738733,14191,15263,1119,0,14144,15223,857620,47,0,0,47,40
2020-10-15,US,Connecticut,New London,2924,129,0,41.48896435,-72.10430976,9011.0,1102.5391582392556,4.411764705882354,2795,2918,129,0,2789,2905,266784,6,0,0,6,13
2020-10-15,US,Connecticut,Tolland,1539,67,0,41.85853803,-72.3308481,9013.0,1021.091951353826,4.353476283300845,1472,1535,67,0,1468,1534,150921,4,0,0,4,1
2020-10-15,US,Connecticut,Unassigned,129,0,0,0.0,0.0,90009.0,0.0,0.0,129,148,0,0,148,140,,-19,0,0,-19,8
2020-10-15,US,Connecticut,Windham,1193,17,0,41.82972709,-71.98182316,9015.0,1021.5615420184618,1.4249790444258172,1176,1183,17,0,1166,1176,117027,10,0,0,10,7
2020-10-15,US,Delaware,Kent,3272,119,0,39.08646628,-75.56884914,10001.0,1809.8746584359408,3.636919315403423,3153,3259,119,0,3140,3254,178550,13,0,0,13,5
2020-10-15,US,Delaware,New Castle,11851,330,0,39.57992638,-75.64054974,10003.0,2120.9729522705024,2.7845751413382835,11521,11787,329,0,11458,11747,559335,64,1,0,63,40
2020-10-15,US,Delaware,Sussex,7346,212,0,38.66143781,-75.39031349,10005.0,3136.3005656953783,2.8859243125510483,7134,7328,212,0,7116,7302,229286,18,0,0,18,26
2020-10-15,US,Delaware,Unassigned,91,0,0,0.0,0.0,90010.0,0.0,0.0,91,91,0,0,91,91,,0,0,0,0,0
2020-10-15,US,District of Columbia,District of Columbia,16166,638,0,38.90417773,-77.01655992,11001.0,2290.616068885681,3.946554497092664,15528,16132,638,0,15494,16068,702455,34,0,0,34,64
2020-10-15,US,Florida,Alachua,9190,70,0,29.67866525,-82.35928158,12001.0,3415.8108555138037,0.7616974972796517,9120,9133,70,0,9063,9055,269956,57,0,0,57,78
2020-10-15,US,Florida,Baker,1655,17,0,30.33060121,-82.28467476,12003.0,5665.867853474838,1.027190332326284,1638,1642,16,0,1626,1625,28355,13,1,0,12,17
2020-10-15,US,Florida,Bay,6394,125,0,30.26548745,-85.62122584,12005.0,3659.883804126957,1.954957772912105,6269,6366,122,0,6244,6347,185287,28,3,0,25,19
2020-10-15,US,Florida,Bradford,1194,11,0,29.95079741,-82.16611613,12007.0,4233.8924151625815,0.9212730318257956,1183,1187,11,0,1176,1181,27732,7,0,0,7,6
2020-10-15,US,Florida,Brevard,10183,337,0,28.29409504,-80.73091022,12009.0,1691.6912260649694,3.3094372974565447,9846,10110,331,0,9779,10025,596849,73,6,0,67,85
2020-10-15,US,Florida,Broward,80112,1492,0,26.15184651,-80.48725556,12011.0,4102.4632600326295,1.8623926502895949,78620,79876,1484,0,78392,79611,1951260,236,8,0,228,265
2020-10-15,US,Florida,Calhoun,658,14,0,30.40666734,-85.19394153,12013.0,4665.012406947892,2.127659574468085,644,653,14,0,639,652,14587,5,0,0,5,1
2020-10-15,US,Florida,Charlotte,3316,151,0,26.90131002,-81.92949121,12015.0,1755.333227462813,4.553679131483714,3165,3287,150,0,3137,3265,184998,29,1,0,28,22
2020-10-15,US,Florida,Citrus,2988,124,0,28.84804315,-82.47614748,12017.0,1996.5654797303168,4.149933065595716,2864,2983,124,0,2859,2960,147929,5,0,0,5,23
2020-10-15,US,Florida,Clay,5596,113,0,29.98319144,-81.85609986,12019.0,2552.3142320252496,2.0192994996426017,5483,5556,111,0,5445,5535,216072,40,2,0,38,21
2020-10-15,US,Florida,Collier,13432,242,0,26.11091986,-81.34687065,12021.0,3489.71946105762,1.8016676593210244,13190,13382,239,0,13143,13330,378488,50,3,0,47,52
2020-10-15,US,Florida,Columbia,4051,70,0,30.22509788,-82.62160164,12023.0,5651.033674636609,1.7279684028634903,3981,4034,68,0,3966,4021,70503,17,2,0,15,13
2020-10-15,US,Florida,DeSoto,1609,27,0,27.18677893,-81.80941373,12027.0,4234.099102655193,1.678060907395898,1582,1609,27,0,1582,1608,37489,0,0,0,0,1
2020-10-15,US,Florida,Dixie,862,11,0,29.60631086,-83.15724673,12029.0,5123.023891596339,1.2761020881670533,851,860,11,0,849,854,16700,2,0,0,2,6
2020-10-15,US,Florida,Duval,32489,500,0,30.33225875,-81.66976468,12031.0,3392.20364289406,1.5389824248207085,31989,32311,494,0,31817,32138,950181,178,6,0,172,173
2020-10-15,US,Florida,Escambia,12837,267,0,30.67652764,-87.37284571,12033.0,4032.785031226831,2.0799252161720028,12570,12737,264,0,12473,12698,315534,100,3,0,97,39
2020-10-15,US,Florida,Flagler,1904,33,0,29.45933576,-81.31508595,12035.0,1654.4868397042085,1.7331932773109244,1871,1892,33,0,1859,1883,112067,12,0,0,12,9
2020-10-15,US,Florida,Franklin,686,4,0,29.83791238,-84.82731662,12037.0,5657.7319587628845,0.5830903790087464,682,676,4,0,672,674,11736,10,0,0,10,2
2020-10-15,US,Florida,Gadsden,3005,51,0,30.57796289,-84.61915825,12039.0,6581.25273762593,1.697171381031614,2954,2992,51,0,2941,2991,45894,13,0,0,13,1
2020-10-15,US,Florida,Gilchrist,538,17,0,29.72856978,-82.79880657,12041.0,2895.274997309224,3.159851301115242,521,531,17,0,514,528,18256,7,0,0,7,3
2020-10-15,US,Florida,Glades,584,6,0,26.95635849,-81.18996211,12043.0,4228.513503728912,1.0273972602739727,578,581,6,0,575,580,13724,3,0,0,3,1
2020-10-15,US,Florida,Gulf,917,15,0,29.93543004,-85.24270990000002,12045.0,6723.366815748957,1.6357688113413305,902,911,15,0,896,910,16164,6,0,0,6,1
2020-10-15,US,Florida,Hamilton,888,9,0,30.49673973,-82.94998918,12047.0,6154.699196007762,1.0135135135135136,879,889,9,0,880,887,14310,-1,0,0,-1,2
2020-10-15,US,Florida,Hardee,1504,11,0,27.49293939,-81.80956574,12049.0,5583.398299736422,0.7313829787234043,1493,1479,11,0,1468,1460,27245,25,0,0,25,19
2020-10-15,US,Florida,Hendry,2137,43,0,26.55386945,-81.16469006,12051.0,5085.431440673933,2.0121665886757136,2094,2128,43,0,2085,2122,41556,9,0,0,9,6
2020-10-15,US,Florida,Hernando,3359,151,0,28.55364461,-82.42700204,12053.0,1732.157590759076,4.495385531408157,3208,3324,149,0,3175,3352,190865,35,2,0,33,-28
2020-10-15,US,Florida,Highlands,2406,100,0,27.34254618,-81.34071957,12055.0,2265.0888242437936,4.156275976724855,2306,2398,100,0,2298,2376,105424,8,0,0,8,22
2020-10-15,US,Florida,Hillsborough,44811,734,0,27.9276559,-82.32013172,12057.0,3044.291723733125,1.637990671933231,44077,44652,720,0,43932,44460,1436888,159,14,0,145,192
2020-10-15,US,Florida,Holmes,812,10,0,30.86747479,-85.81319222,12059.0,4139.266962328593,1.2315270935960592,802,803,10,0,793,799,19477,9,0,0,9,4
2020-10-15,US,Florida,Indian River,3476,121,0,27.69308961,-80.60556721,12061.0,2173.546019021654,3.4810126582278484,3355,3458,119,0,3339,3450,157413,18,2,0,16,8
2020-10-15,US,Florida,Jackson,3000,83,0,30.795459700000002,-85.21500423,12063.0,6463.567027190072,2.7666666666666666,2917,2986,83,0,2903,2975,48305,14,0,0,14,11
2020-10-15,US,Florida,Jefferson,608,9,0,30.43669112,-83.89442308,12065.0,4267.864663765266,1.4802631578947367,599,603,9,0,594,602,14288,5,0,0,5,1
2020-10-15,US,Florida,Lafayette,1254,16,0,29.98484137,-83.18166636,12067.0,14889.574922821184,1.2759170653907497,1238,1253,15,0,1238,1251,8732,1,1,0,0,2
2020-10-15,US,Florida,Lake,8047,211,0,28.76202069,-81.7125123,12069.0,2191.938286872341,2.6220951907543184,7836,8012,211,0,7801,7973,356495,35,0,0,35,39
2020-10-15,US,Florida,Lee,21613,489,0,26.58410348,-81.88399313,12071.0,2804.781352155593,2.262527182714108,21124,21489,485,0,21004,21438,754610,124,4,0,120,51
2020-10-15,US,Florida,Leon,11483,96,0,30.45955727,-84.27491114,12073.0,3911.343338488055,0.8360184620743708,11387,11413,93,0,11320,11356,292502,70,3,0,67,57
2020-10-15,US,Florida,Levy,1092,10,0,29.31829741,-82.74007147,12075.0,2631.135098667566,0.9157509157509156,1082,1089,10,0,1079,1083,40770,3,0,0,3,6
2020-10-15,US,Florida,Liberty,520,10,0,30.23766008,-84.8829258,12077.0,6224.563083552789,1.9230769230769231,510,520,10,0,510,520,8457,0,0,0,0,0
2020-10-15,US,Florida,Madison,1049,24,0,30.44396917,-83.47398594,12079.0,5672.416590061103,2.2878932316491896,1025,1047,24,0,1023,1043,18529,2,0,0,2,4
2020-10-15,US,Florida,Manatee,12304,316,0,27.47196942,-82.31831044,12081.0,3051.1862280007845,2.5682704811443435,11988,12270,310,0,11960,12228,394855,34,6,0,28,42
2020-10-15,US,Florida,Marion,10301,334,0,29.21227113,-82.05803627,12083.0,2817.7220245145368,3.242403650131055,9967,10258,330,0,9928,10198,359977,43,4,0,39,60
2020-10-15,US,Florida,Martin,5115,153,0,27.0772071,-80.43109784,12085.0,3177.018633540373,2.991202346041056,4962,5102,151,0,4951,5089,160912,13,2,0,11,13
2020-10-15,US,Florida,Miami-Dade,176809,3501,0,25.6112362,-80.55170587,12086.0,6507.651990842639,1.9801028228201052,173308,176271,3485,0,172786,175837,2761581,538,16,0,522,434
2020-10-15,US,Florida,Monroe,2002,24,0,25.20904673,-81.07812416,12087.0,2697.0954356846473,1.1988011988011988,1978,1979,24,0,1955,1971,75027,23,0,0,23,8
2020-10-15,US,Florida,Nassau,2309,50,0,30.61037141,-81.80297522,12089.0,2605.3596614950634,2.1654395842356,2259,2297,50,0,2247,2282,85832,12,0,0,12,15
2020-10-15,US,Florida,Okaloosa,5645,127,0,30.69143028,-86.59267105,12091.0,2678.681585665613,2.24977856510186,5518,5491,125,0,5366,5451,207269,154,2,0,152,40
2020-10-15,US,Florida,Okeechobee,1658,37,0,27.386336199999995,-80.88944347,12093.0,3931.8914816922784,2.231604342581424,1621,1650,35,0,1615,1643,41537,8,2,0,6,7
2020-10-15,US,Florida,Orange,42778,528,0,28.51367621,-81.31799498,12095.0,3069.9299294127104,1.234279302445182,42250,42572,523,0,42049,42401,1380645,206,5,0,201,171
2020-10-15,US,Florida,Osceola,13313,178,0,28.06312234,-81.14882926,12097.0,3543.0378096132813,1.3370389844512882,13135,13250,174,0,13076,13208,367990,63,4,0,59,42
2020-10-15,US,Florida,Palm Beach,48496,1472,0,26.64676272,-80.46536002,12099.0,3240.043560466872,3.0353018805674696,47024,48337,1465,0,46872,48176,1485941,159,7,0,152,161
2020-10-15,US,Florida,Pasco,10054,221,0,28.30810945,-82.40227529,12101.0,1814.9750788432827,2.1981300974736424,9833,9989,219,0,9770,9919,539630,65,2,0,63,70
2020-10-15,US,Florida,Pinellas,23623,792,0,27.93130349,-82.72239666,12103.0,2422.881734899425,3.3526647758540404,22831,23510,788,0,22722,23367,975280,113,4,0,109,143
2020-10-15,US,Florida,Polk,21456,569,0,27.95027105,-81.69732947,12105.0,2960.3588414091505,2.6519388516032807,20887,21354,563,0,20791,21280,708009,102,6,0,96,74
2020-10-15,US,Florida,Putnam,2240,46,0,29.60779729,-81.74230285,12107.0,3005.864118838985,2.0535714285714284,2194,2229,46,0,2183,2214,74163,11,0,0,11,15
2020-10-15,US,Florida,Santa Rosa,5639,84,0,30.69341450000001,-87.02458128,12113.0,3059.4694894011823,1.4896258201808832,5555,5616,84,0,5532,5585,179349,23,0,0,23,31
2020-10-15,US,Florida,Sarasota,8841,301,0,27.18546175,-82.33174248,12115.0,2038.308487534064,3.4045922406967537,8540,8786,291,0,8495,8736,426718,55,10,0,45,50
2020-10-15,US,Florida,Seminole,9561,233,0,28.7158582,-81.24060348,12117.0,2026.38260714755,2.4369835791235226,9328,9524,231,0,9293,9499,467832,37,2,0,35,25
2020-10-15,US,Florida,St. Johns,5862,78,0,29.90096506,-81.43589967,12109.0,2214.816829887559,1.330603889457523,5784,5814,77,0,5737,5756,254261,48,1,0,47,58
2020-10-15,US,Florida,St. Lucie,8486,311,0,27.37763908,-80.47106649,12111.0,2584.854567662817,3.6648597690313456,8175,8443,310,0,8133,8416,321128,43,1,0,42,27
2020-10-15,US,Florida,Sumter,2716,78,0,28.70181754,-82.0794267,12119.0,2051.049690379097,2.871870397643593,2638,2700,77,0,2623,2674,128754,16,1,0,15,26
2020-10-15,US,Florida,Suwannee,2871,76,0,30.19746066,-82.99099670000003,12121.0,6463.74136028998,2.6471612678509233,2795,2861,75,0,2786,2849,44191,10,1,0,9,12
2020-10-15,US,Florida,Taylor,1408,14,0,30.04848048,-83.60445406,12123.0,6527.88724558394,0.9943181818181818,1394,1406,14,0,1392,1402,21623,2,0,0,2,4
2020-10-15,US,Florida,Unassigned,1927,0,0,0.0,0.0,90012.0,0.0,0.0,1927,1906,0,0,1906,1895,,21,0,0,21,11
2020-10-15,US,Florida,Union,1058,26,0,30.04412971,-82.37497443,12125.0,6943.624072980247,2.457466918714556,1032,1041,25,0,1016,1037,14940,17,1,0,16,4
2020-10-15,US,Florida,Volusia,11739,299,0,29.05858895,-81.18263252,12127.0,2121.6951872817576,2.5470653377630117,11440,11649,296,0,11353,11582,547538,90,3,0,87,67
2020-10-15,US,Florida,Wakulla,1219,11,0,30.16548905,-84.39895211,12129.0,3613.029431814813,0.9023789991796556,1208,1209,11,0,1198,1201,32461,10,0,0,10,8
2020-10-15,US,Florida,Walton,2165,29,0,30.64204028,-86.16935664,12131.0,2922.871299158915,1.3394919168591224,2136,2142,29,0,2113,2114,71375,23,0,0,23,28
2020-10-15,US,Florida,Washington,1134,24,0,30.61359259,-85.66002461,12133.0,4451.772464962903,2.1164021164021163,1110,1124,24,0,1100,1121,24880,10,0,0,10,3
2020-10-15,US,Georgia,Appling,1117,34,0,31.74847232,-82.28909114,13001.0,6075.274665506364,3.0438675022381383,1083,1109,34,0,1075,1108,18507,8,0,0,8,1
2020-10-15,US,Georgia,Atkinson,472,4,0,31.29633502,-82.87545866,13003.0,5780.771586037968,0.8474576271186439,468,468,4,0,464,465,8297,4,0,0,4,3
2020-10-15,US,Georgia,Bacon,618,14,0,31.55456473,-82.45936528,13005.0,5535.6503045503405,2.26537216828479,604,617,14,0,603,617,11185,1,0,0,1,0
2020-10-15,US,Georgia,Baker,86,6,0,31.32669878,-84.44218806,13007.0,2830.8097432521395,6.9767441860465125,80,85,6,0,79,85,3092,1,0,0,1,0
2020-10-15,US,Georgia,Baldwin,2225,62,0,33.06882326,-83.24701748,13009.0,4956.560481176209,2.7865168539325844,2163,2219,62,0,2157,2202,44823,6,0,0,6,17
2020-10-15,US,Georgia,Banks,528,8,0,34.35607081,-83.49644388,13011.0,2745.138816678798,1.5151515151515151,520,527,8,0,519,528,18988,1,0,0,1,-1
2020-10-15,US,Georgia,Barrow,2435,47,0,33.99148694,-83.71436292,13013.0,2925.276309466603,1.9301848049281316,2388,2418,47,0,2371,2407,80809,17,0,0,17,11
2020-10-15,US,Georgia,Bartow,3257,91,0,34.23732119,-84.83887523,13015.0,3023.0744955354658,2.7939821922014123,3166,3219,91,0,3128,3178,106408,38,0,0,38,41
2020-10-15,US,Georgia,Ben Hill,839,29,0,31.76095874,-83.22145359,13017.0,5023.952095808383,3.456495828367104,810,837,29,0,808,835,16787,2,0,0,2,2
2020-10-15,US,Georgia,Berrien,473,12,0,31.27590016,-83.22529920000002,13019.0,2438.521420838274,2.5369978858350954,461,471,12,0,459,472,19252,2,0,0,2,-1
2020-10-15,US,Georgia,Bibb,6398,187,0,32.80904227,-83.70489165,13021.0,4177.3581702675,2.922788371366052,6211,6371,187,0,6184,6335,153095,27,0,0,27,36
2020-10-15,US,Georgia,Bleckley,477,21,0,32.43829035,-83.33035166,13023.0,3705.429969704032,4.402515723270441,456,474,21,0,453,467,12838,3,0,0,3,7
2020-10-15,US,Georgia,Brantley,383,11,0,31.19576557,-81.97743999,13025.0,2004.2911716992,2.8720626631853787,372,375,11,0,364,374,18897,8,0,0,8,1
2020-10-15,US,Georgia,Brooks,536,26,0,30.83922642,-83.58303423,13027.0,3467.684544219448,4.8507462686567155,510,535,26,0,509,534,15513,1,0,0,1,1
2020-10-15,US,Georgia,Bryan,1237,13,0,32.00979311,-81.44002948,13029.0,3121.6090039619453,1.0509296685529508,1224,1229,13,0,1216,1226,38109,8,0,0,8,3
2020-10-15,US,Georgia,Bulloch,2987,32,0,32.39577406,-81.74811421,13031.0,3752.135463772485,1.071309005691329,2955,2979,32,0,2947,2966,77296,8,0,0,8,13
2020-10-15,US,Georgia,Burke,867,11,0,33.05917989,-81.99928721,13033.0,3873.47540544163,1.268742791234141,856,862,11,0,851,859,22423,5,0,0,5,3
2020-10-15,US,Georgia,Butts,712,43,0,33.283094500000004,-83.95435040000002,13035.0,2855.309592556946,6.03932584269663,669,722,43,0,679,722,24193,-10,0,0,-10,0
2020-10-15,US,Georgia,Calhoun,260,9,0,31.53169785,-84.62725131,13037.0,4201.001777346906,3.4615384615384617,251,258,9,0,249,256,6352,2,0,0,2,2
2020-10-15,US,Georgia,Camden,1369,16,0,30.92951916,-81.66601818,13039.0,2504.2988329125965,1.168736303871439,1353,1363,16,0,1347,1359,53677,6,0,0,6,4
2020-10-15,US,Georgia,Candler,509,23,0,32.40209349,-82.07702563,13043.0,4711.654170137925,4.518664047151277,486,507,23,0,484,505,10836,2,0,0,2,2
2020-10-15,US,Georgia,Carroll,3078,74,0,33.58138199,-85.07976677,13045.0,2565.17101140076,2.404158544509422,3004,3045,74,0,2971,3032,118121,33,0,0,33,13
2020-10-15,US,Georgia,Catoosa,1314,19,0,34.89872298,-85.13757014,13047.0,1944.3622373483279,1.4459665144596652,1295,1304,19,0,1285,1292,67420,10,0,0,10,12
2020-10-15,US,Georgia,Charlton,644,9,0,30.78371028,-82.13951596,13049.0,4808.84109916368,1.3975155279503106,635,645,9,0,636,645,12968,-1,0,0,-1,0
2020-10-15,US,Georgia,Chatham,8984,178,0,32.00043026,-81.12489526,13051.0,3104.03206302042,1.981300089047195,8806,8956,178,0,8778,8927,289195,28,0,0,28,29
2020-10-15,US,Georgia,Chattahoochee,1718,1,0,32.34341231,-84.78809239,13053.0,15751.352342532316,0.05820721769499417,1717,1707,1,0,1706,1706,10684,11,0,0,11,1
2020-10-15,US,Georgia,Chattooga,863,26,0,34.47197698,-85.34535662,13055.0,3481.38287143491,3.0127462340672078,837,851,26,0,825,844,24790,12,0,0,12,7
2020-10-15,US,Georgia,Cherokee,6625,98,0,34.24393976,-84.47431861,13057.0,2560.158903749619,1.4792452830188678,6527,6571,97,0,6474,6518,254149,54,1,0,53,53
2020-10-15,US,Georgia,Clarke,5477,46,0,33.95436462,-83.37124007,13059.0,4267.8698054250335,0.8398758444403871,5431,5435,46,0,5389,5399,127330,42,0,0,42,36
2020-10-15,US,Georgia,Clay,122,3,0,31.62221166,-84.97713865,13061.0,4304.8694424841215,2.459016393442623,119,122,3,0,119,122,2887,0,0,0,0,0
2020-10-15,US,Georgia,Clayton,7686,170,0,33.54187245,-84.35594188,13063.0,2629.886127230921,2.2118136872235232,7516,7616,170,0,7446,7569,289615,70,0,0,70,47
2020-10-15,US,Georgia,Clinch,417,11,0,30.91395822,-82.70432472,13065.0,6300.9972801450585,2.6378896882494005,406,411,11,0,400,409,6648,6,0,0,6,2
2020-10-15,US,Georgia,Cobb,20924,444,0,33.94243204,-84.5761255,13067.0,2752.6472062420007,2.12196520741732,20480,20838,442,0,20396,20679,756865,86,2,0,84,159
2020-10-15,US,Georgia,Coffee,2169,57,0,31.54892966,-82.85492059999999,13069.0,5012.363367457768,2.627939142461964,2112,2155,57,0,2098,2151,43093,14,0,0,14,4
2020-10-15,US,Georgia,Colquitt,2017,37,0,31.18810588,-83.7677946,13071.0,4423.245614035088,1.834407535944472,1980,2011,37,0,1974,1994,45592,6,0,0,6,17
2020-10-15,US,Georgia,Columbia,4070,62,0,33.54534185,-82.263524,13073.0,2597.0876884005256,1.5233415233415233,4008,4027,62,0,3965,4015,154291,43,0,0,43,12
2020-10-15,US,Georgia,Cook,569,15,0,31.16068491,-83.42947229,13075.0,3294.7307469600464,2.636203866432337,554,566,15,0,551,564,17162,3,0,0,3,2
2020-10-15,US,Georgia,Coweta,2807,58,0,33.35334302,-84.76129976,13077.0,1890.1211374394816,2.0662629141432136,2749,2783,58,0,2725,2775,145864,24,0,0,24,8
2020-10-15,US,Georgia,Crawford,186,6,0,32.71391813,-83.98061238,13079.0,1499.5162850693325,3.2258064516129035,180,185,6,0,179,183,12318,1,0,0,1,2
2020-10-15,US,Georgia,Crisp,613,20,0,31.92289565,-83.76811843,13081.0,2740.0321830860003,3.2626427406199023,593,610,19,0,591,610,22601,3,1,0,2,0
2020-10-15,US,Georgia,Dade,316,5,0,34.854916700000004,-85.50490424,13083.0,1960.7843137254904,1.5822784810126582,311,310,5,0,305,306,16226,6,0,0,6,4
2020-10-15,US,Georgia,Dawson,878,10,0,34.44244079,-84.16964071,13085.0,3362.953883867014,1.1389521640091116,868,867,9,0,858,860,25083,11,1,0,10,7
2020-10-15,US,Georgia,DeKalb,19969,384,0,33.76944049,-84.22396017,13089.0,2629.932687736156,1.9229806199609396,19585,19857,383,0,19474,19797,756558,112,1,0,111,60
2020-10-15,US,Georgia,Decatur,1248,34,0,30.87967778,-84.57619536,13087.0,4726.556582336009,2.7243589743589745,1214,1241,34,0,1207,1237,26575,7,0,0,7,4
2020-10-15,US,Georgia,Dodge,499,13,0,32.17265114,-83.16948926,13091.0,2421.74229555933,2.6052104208416837,486,492,13,0,479,467,20705,7,0,0,7,25
2020-10-15,US,Georgia,Dooly,352,14,0,32.15630737,-83.79746561,13093.0,2628.8274831964154,3.977272727272727,338,351,14,0,337,351,13706,1,0,0,1,0
2020-10-15,US,Georgia,Dougherty,3245,189,0,31.53328528,-84.21722377,13095.0,3689.344672336168,5.824345146379045,3056,3237,188,0,3049,3227,91243,8,1,0,7,10
2020-10-15,US,Georgia,Douglas,3896,71,0,33.70291126,-84.77026156,13097.0,2662.2387131601786,1.8223819301848048,3825,3877,71,0,3806,3864,145331,19,0,0,19,13
2020-10-15,US,Georgia,Early,520,33,0,31.32155345,-84.90255207,13099.0,5103.042198233562,6.346153846153847,487,520,33,0,487,519,10247,0,0,0,0,1
2020-10-15,US,Georgia,Echols,244,2,0,30.71101099,-82.89687287,13101.0,6090.863704443335,0.819672131147541,242,244,2,0,242,243,4000,0,0,0,0,1
2020-10-15,US,Georgia,Effingham,1637,28,0,32.36616021,-81.34280942,13103.0,2546.0370785118826,1.7104459376908983,1609,1625,28,0,1597,1613,62190,12,0,0,12,12
2020-10-15,US,Georgia,Elbert,733,8,0,34.11302332,-82.83936148,13105.0,3818.9017401271226,1.0914051841746248,725,730,8,0,722,724,19120,3,0,0,3,6
2020-10-15,US,Georgia,Emanuel,1145,35,0,32.59221302,-82.30239915,13107.0,5056.080544025435,3.056768558951965,1110,1142,35,0,1107,1137,22612,3,0,0,3,5
2020-10-15,US,Georgia,Evans,450,6,0,32.15328841,-81.8870105,13109.0,4223.765721794631,1.3333333333333333,444,449,6,0,443,448,10721,1,0,0,1,1
2020-10-15,US,Georgia,Fannin,760,28,0,34.86430205,-84.316964,13111.0,2902.09256147854,3.684210526315789,732,759,28,0,731,755,25964,1,0,0,1,4
2020-10-15,US,Georgia,Fayette,2005,52,0,33.41357794,-84.49089434,13113.0,1752.300714029767,2.5935162094763093,1953,1987,51,0,1936,1979,113459,18,1,0,17,8
2020-10-15,US,Georgia,Floyd,3519,51,0,34.26268279,-85.21577392,13115.0,3572.661373835001,1.4492753623188406,3468,3500,49,0,3451,3461,97927,19,2,0,17,39
2020-10-15,US,Georgia,Forsyth,4466,48,0,34.22604035,-84.12315129999998,13117.0,1828.439480536495,1.0747872816838333,4418,4440,48,0,4392,4400,236612,26,0,0,26,40
2020-10-15,US,Georgia,Franklin,820,16,0,34.37525597,-83.23159927,13119.0,3511.927705683327,1.951219512195122,804,815,16,0,799,814,23023,5,0,0,5,1
2020-10-15,US,Georgia,Fulton,29429,599,0,33.79216944,-84.46319413,13121.0,2766.047237759379,2.0354072513507084,28830,29329,597,0,28732,29274,1050114,100,2,0,98,55
2020-10-15,US,Georgia,Gilmer,952,16,0,34.69316688,-84.45802506,13123.0,3034.843316650196,1.680672268907563,936,935,16,0,919,927,30816,17,0,0,17,8
2020-10-15,US,Georgia,Glascock,40,2,0,33.22879932,-82.61297636,13125.0,1346.348030966005,5.0,38,40,2,0,38,40,2995,0,0,0,0,0
2020-10-15,US,Georgia,Glynn,3590,99,0,31.23279254,-81.53811412,13127.0,4209.070018290109,2.7576601671309198,3491,3572,98,0,3474,3572,85219,18,1,0,17,0
2020-10-15,US,Georgia,Gordon,2066,39,0,34.50487351,-84.87296253,13129.0,3564.342770388006,1.8877057115198448,2027,2042,39,0,2003,2016,57685,24,0,0,24,26
2020-10-15,US,Georgia,Grady,834,23,0,30.87454847,-84.23418364,13131.0,3385.7021069297284,2.7577937649880098,811,833,23,0,810,831,24748,1,0,0,1,2
2020-10-15,US,Georgia,Greene,547,24,0,33.5769205,-83.17139104,13133.0,2985.156079458633,4.387568555758683,523,547,24,0,523,545,17698,0,0,0,0,2
2020-10-15,US,Georgia,Gwinnett,29295,428,0,33.96044201,-84.02137802,13135.0,3128.9719626168226,1.46100017067759,28867,29157,427,0,28730,29015,927781,138,1,0,137,142
2020-10-15,US,Georgia,Habersham,1808,72,0,34.63331566,-83.53094677,13137.0,3988.70455347688,3.9823008849557517,1736,1802,73,0,1729,1783,45388,6,-1,0,7,19
2020-10-15,US,Georgia,Hall,10163,164,0,34.32207823,-83.81896936,13139.0,4971.116361199564,1.6136967430876707,9999,10098,164,0,9934,10028,202148,65,0,0,65,70
2020-10-15,US,Georgia,Hancock,410,44,0,33.2721566,-82.99766919,13141.0,4848.054865791652,10.731707317073173,366,407,44,0,363,405,8348,3,0,0,3,2
2020-10-15,US,Georgia,Haralson,570,9,0,33.79602175,-85.21005667,13143.0,1913.2653061224487,1.5789473684210529,561,563,9,0,554,555,29533,7,0,0,7,8
2020-10-15,US,Georgia,Harris,832,25,0,32.73709786,-84.90538572,13145.0,2361.221478033829,3.0048076923076925,807,826,25,0,801,823,34475,6,0,0,6,3
2020-10-15,US,Georgia,Hart,551,16,0,34.34626973,-82.96567682,13147.0,2102.652165617249,2.9038112522686026,535,548,16,0,532,547,26099,3,0,0,3,1
2020-10-15,US,Georgia,Heard,205,6,0,33.29686567,-85.12886832,13149.0,1719.3659313931055,2.9268292682926833,199,204,6,0,198,204,11879,1,0,0,1,0
2020-10-15,US,Georgia,Henry,5770,106,0,33.4533428,-84.14814659999998,13151.0,2459.9144785365,1.8370883882149047,5664,5723,106,0,5617,5699,230220,47,0,0,47,24
2020-10-15,US,Georgia,Houston,3369,86,0,32.45802497,-83.66879087,13153.0,2134.128959920944,2.5526862570495696,3283,3346,86,0,3260,3323,155469,23,0,0,23,23
2020-10-15,US,Georgia,Irwin,343,6,0,31.60213036,-83.27501387,13155.0,3642.7357689039927,1.749271137026239,337,343,6,0,337,342,9398,0,0,0,0,1
2020-10-15,US,Georgia,Jackson,2200,39,0,34.13794553,-83.56814788,13157.0,3014.6484508817853,1.7727272727272727,2161,2181,39,0,2142,2165,70422,19,0,0,19,16
2020-10-15,US,Georgia,Jasper,240,4,0,33.31535543,-83.68844964,13159.0,1687.8824108587107,1.6666666666666667,236,239,3,0,236,238,14040,1,1,0,0,1
2020-10-15,US,Georgia,Jeff Davis,764,22,0,31.80405727,-82.63724870000001,13161.0,5054.581541515051,2.8795811518324608,742,754,22,0,732,754,15029,10,0,0,10,0
2020-10-15,US,Georgia,Jefferson,829,31,0,33.05867328,-82.41609057,13163.0,5396.432756151543,3.7394451145958985,798,827,31,0,796,827,15430,2,0,0,2,0
2020-10-15,US,Georgia,Jenkins,460,31,0,32.79248718,-81.96040187,13165.0,5301.982480405717,6.7391304347826075,429,457,31,0,426,457,8683,3,0,0,3,0
2020-10-15,US,Georgia,Johnson,436,22,0,32.70211082,-82.66166794,13167.0,4521.414497563,5.045871559633029,414,434,22,0,412,433,9708,2,0,0,2,1
2020-10-15,US,Georgia,Jones,619,13,0,33.02512137,-83.56019163,13169.0,2154.167391682617,2.10016155088853,606,614,13,0,601,611,28616,5,0,0,5,3
2020-10-15,US,Georgia,Lamar,393,19,0,33.07841647,-84.14263877,13171.0,2060.0723384179896,4.8346055979643765,374,390,19,0,371,390,19000,3,0,0,3,0
2020-10-15,US,Georgia,Lanier,310,7,0,31.03828570000001,-83.06472457,13173.0,2974.1916914515973,2.2580645161290325,303,309,7,0,302,308,10340,1,0,0,1,1
2020-10-15,US,Georgia,Laurens,1879,82,0,32.46325233,-82.92221316,13175.0,3951.962310183822,4.364023416711016,1797,1863,82,0,1781,1852,47325,16,0,0,16,11
2020-10-15,US,Georgia,Lee,731,26,0,31.779330600000005,-84.14324253,13177.0,2437.3166177647367,3.556771545827633,705,730,26,0,704,728,29764,1,0,0,1,2
2020-10-15,US,Georgia,Liberty,1176,24,0,31.82588896,-81.49251135,13179.0,1914.21827948238,2.0408163265306123,1152,1172,24,0,1148,1169,61497,4,0,0,4,3
2020-10-15,US,Georgia,Lincoln,220,7,0,33.79201475,-82.45024131,13181.0,2777.427092538821,3.1818181818181817,213,220,7,0,213,220,7915,0,0,0,0,0
2020-10-15,US,Georgia,Long,269,4,0,31.75218791,-81.74952375,13183.0,1375.3259369088398,1.4869888475836432,265,267,4,0,263,266,18998,2,0,0,2,1
2020-10-15,US,Georgia,Lowndes,4220,85,0,30.83568832,-83.27056716,13185.0,3594.3648535849957,2.014218009478673,4135,4179,85,0,4094,4151,116321,41,0,0,41,28
2020-10-15,US,Georgia,Lumpkin,995,14,0,34.57286511,-84.00425681,13187.0,2960.4284439155012,1.407035175879397,981,987,14,0,973,975,32955,8,0,0,8,12
2020-10-15,US,Georgia,Macon,240,10,0,32.35207048,-84.04234127,13193.0,1853.7112844674439,4.166666666666667,230,240,10,0,230,239,13143,0,0,0,0,1
2020-10-15,US,Georgia,Madison,745,11,0,34.12920917,-83.21218732,13195.0,2493.30655957162,1.4765100671140938,734,743,11,0,732,739,29650,2,0,0,2,4
2020-10-15,US,Georgia,Marion,195,9,0,32.3483402,-84.52733571,13197.0,2332.814930015552,4.615384615384615,186,194,9,0,185,195,8351,1,0,0,1,-1
2020-10-15,US,Georgia,McDuffie,653,14,0,33.47851918,-82.48252774,13189.0,3064.001501501501,2.14395099540582,639,646,14,0,632,644,21531,7,0,0,7,2
2020-10-15,US,Georgia,McIntosh,300,7,0,31.49683595,-81.40163426,13191.0,2086.521073862846,2.333333333333333,293,300,7,0,293,299,14340,0,0,0,0,1
2020-10-15,US,Georgia,Meriwether,569,14,0,33.04163534,-84.68859732,13199.0,2688.146643359947,2.460456942003515,555,566,14,0,552,565,21068,3,0,0,3,1
2020-10-15,US,Georgia,Miller,295,2,0,31.16568912,-84.73151117,13201.0,5159.146554739419,0.6779661016949152,293,295,2,0,293,295,5686,0,0,0,0,0
2020-10-15,US,Georgia,Mitchell,841,46,0,31.22483255,-84.19381821,13205.0,3846.6816081964957,5.4696789536266355,795,841,46,0,795,841,22192,0,0,0,0,0
2020-10-15,US,Georgia,Monroe,736,54,0,33.014289,-83.92097166,13207.0,2668.793966204946,7.336956521739131,682,734,54,0,680,730,27520,2,0,0,2,4
2020-10-15,US,Georgia,Montgomery,351,7,0,32.17201038,-82.53527476,13209.0,3826.864369821195,1.9943019943019944,344,348,7,0,341,345,9193,3,0,0,3,3
2020-10-15,US,Georgia,Morgan,510,4,0,33.59232073,-83.49129491,13211.0,2645.7771321851005,0.7843137254901961,506,508,4,0,504,505,18853,2,0,0,2,3
2020-10-15,US,Georgia,Murray,919,8,0,34.78897608,-84.74993177,13213.0,2291.9992019154033,0.8705114254624592,911,902,8,0,894,896,39921,17,0,0,17,6
2020-10-15,US,Georgia,Muscogee,6237,173,0,32.50931999,-84.87142262,13215.0,3185.8976651053026,2.7737694404361077,6064,6230,173,0,6057,6218,194160,7,0,0,7,12
2020-10-15,US,Georgia,Newton,2750,93,0,33.55514538,-83.84547140000002,13217.0,2460.982245131729,3.381818181818182,2657,2733,91,0,2642,2718,109541,17,2,0,15,15
2020-10-15,US,Georgia,Oconee,813,27,0,33.83749973,-83.43679568,13219.0,2018.3714001986093,3.3210332103321027,786,811,27,0,784,806,39272,2,0,0,2,5
2020-10-15,US,Georgia,Oglethorpe,385,11,0,33.878629600000004,-83.08278123,13221.0,2523.101120650108,2.8571428571428568,374,382,11,0,371,378,15054,3,0,0,3,4
2020-10-15,US,Georgia,Out of GA,14841,172,0,0.0,0.0,80013.0,0.0,1.158951553129843,14669,14992,172,0,14820,15239,,-151,0,0,-151,-247
2020-10-15,US,Georgia,Paulding,2987,59,0,33.91969522,-84.86848792,13223.0,1770.9451167092554,1.9752259792433882,2928,2979,59,0,2920,2957,164044,8,0,0,8,22
2020-10-15,US,Georgia,Peach,726,24,0,32.56934316,-83.82937,13225.0,2635.591374428229,3.3057851239669422,702,714,24,0,690,709,27297,12,0,0,12,5
2020-10-15,US,Georgia,Pickens,673,9,0,34.46589159,-84.46406611,13227.0,2064.9872664232457,1.337295690936107,664,663,9,0,654,661,31980,10,0,0,10,2
2020-10-15,US,Georgia,Pierce,639,23,0,31.35928155,-82.21598442,13229.0,3282.815309529925,3.5993740219092327,616,636,23,0,613,635,19389,3,0,0,3,1
2020-10-15,US,Georgia,Pike,370,11,0,33.09310242,-84.38790389,13231.0,1951.2709629785888,2.972972972972973,359,368,11,0,357,367,18634,2,0,0,2,1
2020-10-15,US,Georgia,Polk,1584,24,0,34.00267074,-85.18677781,13233.0,3717.1755098209455,1.5151515151515151,1560,1577,22,0,1555,1564,42470,7,2,0,5,13
2020-10-15,US,Georgia,Pulaski,323,22,0,32.23334561,-83.47549959999998,13235.0,2900.242435126156,6.811145510835912,301,320,22,0,298,320,11069,3,0,0,3,0
2020-10-15,US,Georgia,Putnam,755,27,0,33.32056115,-83.37552891,13237.0,3413.3550341335504,3.5761589403973506,728,753,27,0,726,752,21809,2,0,0,2,1
2020-10-15,US,Georgia,Quitman,38,1,0,31.86728114,-85.01773177,13239.0,1652.892561983471,2.631578947368421,37,38,1,0,37,38,2279,0,0,0,0,0
2020-10-15,US,Georgia,Rabun,404,11,0,34.88389445,-83.40304637,13241.0,2357.4721363132403,2.722772277227723,393,402,11,0,391,402,16867,2,0,0,2,0
2020-10-15,US,Georgia,Randolph,338,29,0,31.76622818,-84.75732369,13243.0,4986.721746827973,8.579881656804734,309,338,29,0,309,338,6833,0,0,0,0,0
2020-10-15,US,Georgia,Richmond,7610,173,0,33.35777107,-82.07026432,13245.0,3757.690674409189,2.2733245729303553,7437,7571,173,0,7398,7549,201554,39,0,0,39,22
2020-10-15,US,Georgia,Rockdale,1983,40,0,33.65145002,-84.02202167,13247.0,2181.614152437951,2.017145738779627,1943,1975,40,0,1935,1965,90594,8,0,0,8,10
2020-10-15,US,Georgia,Schley,108,2,0,32.2654021,-84.31258912,13249.0,2054.4036522731594,1.851851851851852,106,107,2,0,105,107,5236,1,0,0,1,0
2020-10-15,US,Georgia,Screven,437,11,0,32.74976524,-81.60779441,13251.0,3129.0276385507673,2.517162471395881,426,436,11,0,425,435,13938,1,0,0,1,1
2020-10-15,US,Georgia,Seminole,379,10,0,30.93464824,-84.86823924,13253.0,4684.796044499381,2.638522427440633,369,377,10,0,367,374,8315,2,0,0,2,3
2020-10-15,US,Georgia,Spalding,1455,62,0,33.26310031,-84.28013991,13255.0,2181.3111854039553,4.261168384879725,1393,1442,62,0,1380,1432,66100,13,0,0,13,10
2020-10-15,US,Georgia,Stephens,1224,42,0,34.55151201,-83.29405315,13257.0,4721.311475409836,3.431372549019608,1182,1222,42,0,1180,1216,26035,2,0,0,2,6
2020-10-15,US,Georgia,Stewart,524,16,0,32.07996777,-84.83208037,13259.0,7914.2123546292105,3.053435114503817,508,524,16,0,508,524,6199,0,0,0,0,0
2020-10-15,US,Georgia,Sumter,951,66,0,32.03650571,-84.19821492,13261.0,3221.1082509145103,6.94006309148265,885,949,66,0,883,949,29733,2,0,0,2,0
2020-10-15,US,Georgia,Talbot,167,7,0,32.69642758,-84.53351366,13263.0,2695.7223567393053,4.1916167664670665,160,167,7,0,160,167,6272,0,0,0,0,0
2020-10-15,US,Georgia,Taliaferro,25,0,0,33.56543317,-82.88136816,13265.0,1626.545217957059,0.0,25,25,0,0,25,25,1608,0,0,0,0,0
2020-10-15,US,Georgia,Tattnall,879,12,0,32.04785085,-82.05539188,13267.0,3476.231906984103,1.3651877133105803,867,876,11,0,865,872,25391,3,1,0,2,4
2020-10-15,US,Georgia,Taylor,224,12,0,32.55792548,-84.25077141,13269.0,2793.017456359102,5.357142857142857,212,224,12,0,212,222,8039,0,0,0,0,2
2020-10-15,US,Georgia,Telfair,420,22,0,31.92829517,-82.93491155,13271.0,2648.171500630517,5.238095238095238,398,416,22,0,394,411,15876,4,0,0,4,5
2020-10-15,US,Georgia,Terrell,336,32,0,31.77527543,-84.44069698,13273.0,3938.5769546360334,9.523809523809524,304,335,32,0,303,335,8611,1,0,0,1,0
2020-10-15,US,Georgia,Thomas,1558,68,0,30.86392347,-83.91847289,13275.0,3504.9830150052867,4.364569961489089,1490,1551,68,0,1483,1550,44448,7,0,0,7,1
2020-10-15,US,Georgia,Tift,1888,60,0,31.45743864,-83.5236119,13277.0,4645.212085424663,3.1779661016949152,1828,1884,60,0,1824,1881,40571,4,0,0,4,3
2020-10-15,US,Georgia,Toombs,1431,55,0,32.12059861,-82.32957247,13279.0,5333.581811405144,3.843466107617051,1376,1423,54,0,1369,1417,26887,8,1,0,7,6
2020-10-15,US,Georgia,Towns,398,10,0,34.91369188,-83.74107459999998,13281.0,3306.471712220653,2.512562814070352,388,397,10,0,387,392,11852,1,0,0,1,5
2020-10-15,US,Georgia,Treutlen,285,11,0,32.40422134,-82.56904553,13283.0,4129.836255615128,3.8596491228070176,274,283,11,0,272,281,6809,2,0,0,2,2
2020-10-15,US,Georgia,Troup,2947,104,0,33.03349196,-85.02812115,13285.0,4214.696375961786,3.529012555140821,2843,2931,103,0,2828,2913,70034,16,1,0,15,18
2020-10-15,US,Georgia,Turner,330,24,0,31.71612656,-83.62069378,13287.0,4132.748904195366,7.272727272727272,306,328,24,0,304,327,7912,2,0,0,2,1
2020-10-15,US,Georgia,Twiggs,206,9,0,32.67435595,-83.43078662,13289.0,2536.9458128078822,4.368932038834951,197,206,9,0,197,205,8188,0,0,0,0,1
2020-10-15,US,Georgia,Unassigned,2043,4,0,0.0,0.0,90013.0,0.0,0.19579050416054825,2039,2014,4,0,2010,2030,,29,0,0,29,-16
2020-10-15,US,Georgia,Union,850,23,0,34.82995757,-83.98967069,13291.0,3467.830769858431,2.7058823529411766,827,848,23,0,825,844,24001,2,0,0,2,4
2020-10-15,US,Georgia,Upson,828,68,0,32.87920671,-84.30024826,13293.0,3145.896656534954,8.21256038647343,760,828,68,0,760,823,26215,0,0,0,0,5
2020-10-15,US,Georgia,Walker,1718,42,0,34.73376362,-85.30165174,13295.0,2462.694055417784,2.444703143189756,1676,1702,42,0,1660,1679,69410,16,0,0,16,23
2020-10-15,US,Georgia,Walton,2008,64,0,33.78017694,-83.73552314,13297.0,2122.7786411256648,3.187250996015936,1944,1999,63,0,1936,1984,93503,9,1,0,8,15
2020-10-15,US,Georgia,Ware,1624,61,0,31.05449097,-82.42224148,13299.0,4544.691330385627,3.756157635467981,1563,1615,61,0,1554,1604,35680,9,0,0,9,11
2020-10-15,US,Georgia,Warren,163,5,0,33.41146451,-82.67795848,13301.0,3102.398172820708,3.0674846625766867,158,163,5,0,158,162,5251,0,0,0,0,1
2020-10-15,US,Georgia,Washington,719,11,0,32.96711864,-82.79357039,13303.0,3529.007558653185,1.5299026425591098,708,713,11,0,702,710,20386,6,0,0,6,3
2020-10-15,US,Georgia,Wayne,1191,29,0,31.5521809,-81.91894878,13305.0,3979.683897483877,2.434928631402183,1162,1187,29,0,1158,1185,29808,4,0,0,4,2
2020-10-15,US,Georgia,Webster,44,2,0,32.04066113,-84.54742852,13307.0,1687.7637130801688,4.545454545454546,42,44,2,0,42,44,2611,0,0,0,0,0
2020-10-15,US,Georgia,Wheeler,356,13,0,32.12009104,-82.72574721,13309.0,4532.145130490134,3.651685393258427,343,356,13,0,343,356,7879,0,0,0,0,0
2020-10-15,US,Georgia,White,973,22,0,34.64624278,-83.74905525,13311.0,3159.2960581855964,2.261048304213772,951,967,22,0,945,961,29970,6,0,0,6,6
2020-10-15,US,Georgia,Whitfield,4993,63,0,34.80987459,-84.96093476,13313.0,4772.145123676262,1.2617664730622873,4930,4942,63,0,4879,4915,104062,51,0,0,51,27
2020-10-15,US,Georgia,Wilcox,251,25,0,31.97496928,-83.43438555,13315.0,2906.774753908512,9.9601593625498,226,251,25,0,226,250,8812,0,0,0,0,1
2020-10-15,US,Georgia,Wilkes,273,6,0,33.78290391,-82.74286107,13317.0,2792.2675667382628,2.1978021978021984,267,272,6,0,266,272,9876,1,0,0,1,0
2020-10-15,US,Georgia,Wilkinson,359,18,0,32.80291082,-83.17140684,13319.0,4009.3812821085553,5.013927576601671,341,356,18,0,338,356,9036,3,0,0,3,0
2020-10-15,US,Georgia,Worth,581,32,0,31.55162306,-83.85090513,13321.0,2869.5609226058173,5.507745266781411,549,578,32,0,546,576,20299,3,0,0,3,2
2020-10-15,US,Hawaii,Hawaii,1005,18,0,19.60121157,-155.5210167,15001.0,498.72712926709437,1.791044776119403,987,992,18,0,974,974,200983,13,0,0,13,18
2020-10-15,US,Hawaii,Honolulu,12249,147,0,21.45803166,-157.97121819999995,15003.0,1256.8710283480905,1.2000979671809944,12102,12176,146,0,12030,12097,980080,73,1,0,72,79
2020-10-15,US,Hawaii,Kauai,59,0,0,22.03935037,-159.5966786,15007.0,81.61232761124867,0.0,59,59,0,0,59,59,72133,0,0,0,0,0
2020-10-15,US,Hawaii,Maui,411,18,0,20.86399628,-156.56890969999995,15009.0,245.49478248923347,4.37956204379562,393,409,18,0,391,408,167207,2,0,0,2,1
2020-10-15,US,Hawaii,Out of HI,40,1,0,0.0,0.0,80015.0,0.0,2.5,39,38,1,0,37,37,,2,0,0,2,1
2020-10-15,US,Idaho,Ada,14827,156,0,43.4526575,-116.24155159999998,16001.0,3078.779119868269,1.0521346192756458,14671,14706,156,0,14550,14604,469966,121,0,0,121,102
2020-10-15,US,Idaho,Adams,31,2,0,44.89333571,-116.4545247,16003.0,721.9375873311599,6.451612903225807,29,31,2,0,29,30,4250,0,0,0,0,1
2020-10-15,US,Idaho,Bannock,1553,8,0,42.67002716,-112.2233311,16005.0,1768.6315597667635,0.5151320025756599,1545,1505,8,0,1497,1479,87138,48,0,0,48,26
2020-10-15,US,Idaho,Bear Lake,53,1,0,42.28269683,-111.32892379999998,16007.0,865.3061224489796,1.8867924528301887,52,53,1,0,52,53,6050,0,0,0,0,0
2020-10-15,US,Idaho,Benewah,162,3,0,47.21754179,-116.6586851,16009.0,1742.3101742310175,1.851851851851852,159,162,3,0,159,162,9226,0,0,0,0,0
2020-10-15,US,Idaho,Bingham,1197,10,0,43.21672879999999,-112.3978437,16011.0,2557.091281963641,0.835421888053467,1187,1175,10,0,1165,1158,46236,22,0,0,22,17
2020-10-15,US,Idaho,Blaine,788,6,0,43.4085812,-113.9752658,16013.0,3422.9616437166064,0.7614213197969543,782,781,6,0,775,775,22601,7,0,0,7,6
2020-10-15,US,Idaho,Boise,74,2,0,43.98829931,-115.7309284,16015.0,944.962329204444,2.702702702702702,72,74,2,0,72,74,7634,0,0,0,0,0
2020-10-15,US,Idaho,Bonner,418,1,0,48.29996017,-116.6017932,16017.0,913.8809331205316,0.23923444976076555,417,413,1,0,412,404,44727,5,0,0,5,9
2020-10-15,US,Idaho,Bonneville,3612,22,0,43.38713372,-111.6161537,16019.0,3033.713527405889,0.6090808416389811,3590,3560,22,0,3538,3526,116854,52,0,0,52,34
2020-10-15,US,Idaho,Boundary,78,1,0,48.76684761,-116.4630179,16021.0,636.9946917109024,1.2820512820512822,77,76,1,0,75,71,11948,2,0,0,2,5
2020-10-15,US,Idaho,Butte,62,0,0,43.72592209,-113.1735463,16023.0,2387.370042356565,0.0,62,57,0,0,57,51,2611,5,0,0,5,6
2020-10-15,US,Idaho,Camas,38,0,0,43.46665742,-114.8065892,16025.0,3435.8047016274872,0.0,38,38,0,0,38,38,1127,0,0,0,0,0
2020-10-15,US,Idaho,Canyon,9027,104,0,43.61970148,-116.70954990000001,16027.0,3927.3610065738812,1.152099257782209,8923,8940,104,0,8836,8872,223499,87,0,0,87,68
2020-10-15,US,Idaho,Caribou,161,2,0,42.77149116,-111.5597683,16029.0,2250.174703004892,1.2422360248447204,159,157,2,0,155,156,7060,4,0,0,4,1
2020-10-15,US,Idaho,Cassia,1031,8,0,42.28347888,-113.6012409,16031.0,4290.470245526425,0.7759456838021338,1023,1018,8,0,1010,984,23864,13,0,0,13,34
2020-10-15,US,Idaho,Clark,40,0,0,44.28496071,-112.35057040000001,16033.0,4733.727810650888,0.0,40,40,0,0,40,39,852,0,0,0,0,1
2020-10-15,US,Idaho,Clearwater,112,0,0,46.67459924,-115.6622393,16035.0,1279.122887163088,0.0,112,112,0,0,112,108,8758,0,0,0,0,4
2020-10-15,US,Idaho,Custer,90,1,0,44.24186819,-114.2855494,16037.0,2085.7473928157588,1.1111111111111112,89,85,1,0,84,79,4280,5,0,0,5,6
2020-10-15,US,Idaho,Elmore,437,4,0,43.3507101,-115.4701578,16039.0,1588.4555268801569,0.9153318077803204,433,425,4,0,421,420,27259,12,0,0,12,5
2020-10-15,US,Idaho,Franklin,208,1,0,42.18332217,-111.81496659999999,16041.0,1498.9910637071205,0.4807692307692308,207,207,1,0,206,203,13726,1,0,0,1,4
2020-10-15,US,Idaho,Fremont,329,3,0,44.22800938,-111.48099429999999,16043.0,2511.642110084739,0.9118541033434652,326,323,3,0,320,307,13168,6,0,0,6,16
2020-10-15,US,Idaho,Gem,380,4,0,44.06482372,-116.398376,16045.0,2098.0565371024736,1.0526315789473684,376,373,4,0,369,363,17634,7,0,0,7,10
2020-10-15,US,Idaho,Gooding,413,2,0,42.96927962,-114.81083059999999,16047.0,2720.8643520653536,0.4842615012106538,411,395,2,0,393,391,15196,18,0,0,18,4
2020-10-15,US,Idaho,Idaho,271,0,0,45.84721541,-115.4634436,16049.0,1625.967480650387,0.0,271,266,0,0,266,260,16513,5,0,0,5,6
2020-10-15,US,Idaho,Jefferson,798,3,0,43.82078483,-112.3131749,16051.0,2671.4873958019484,0.3759398496240601,795,789,3,0,786,770,29439,9,0,0,9,19
2020-10-15,US,Idaho,Jerome,930,7,0,42.68891267,-114.2655033,16053.0,3809.6018351630346,0.7526881720430108,923,903,7,0,896,898,24015,27,0,0,27,5
2020-10-15,US,Idaho,Kootenai,3217,45,0,47.67282258,-116.7020872,16055.0,1941.4956215260386,1.3988187752564498,3172,3179,45,0,3134,3105,161505,38,0,0,38,74
2020-10-15,US,Idaho,Latah,775,0,0,46.81587887,-116.71136979999999,16057.0,1932.2828363418769,0.0,775,768,0,0,768,748,40134,7,0,0,7,20
2020-10-15,US,Idaho,Lemhi,159,0,0,44.9438088,-113.9309747,16059.0,1980.8147502180145,0.0,159,149,0,0,149,143,7961,10,0,0,10,6
2020-10-15,US,Idaho,Lewis,61,2,0,46.23315327,-116.434146,16061.0,1589.3694632621155,3.278688524590164,59,55,2,0,53,53,3861,6,0,0,6,2
2020-10-15,US,Idaho,Lincoln,124,0,0,43.0012336,-114.1358773,16063.0,2310.8460678345136,0.0,124,122,0,0,122,117,5360,2,0,0,2,5
2020-10-15,US,Idaho,Madison,1758,2,0,43.78141028,-111.65384740000002,16065.0,4405.242188087303,0.11376564277588168,1756,1736,2,0,1734,1685,39304,22,0,0,22,51
2020-10-15,US,Idaho,Minidoka,941,8,0,42.85518524,-113.6357257,16067.0,4472.646038309806,0.8501594048884166,933,930,8,0,922,912,20825,11,0,0,11,18
2020-10-15,US,Idaho,Nez Perce,588,24,0,46.32638236,-116.75009750000001,16069.0,1455.1573945753314,4.081632653061225,564,565,24,0,541,554,40408,23,0,0,23,11
2020-10-15,US,Idaho,Oneida,29,0,0,42.19494279999999,-112.5407838,16071.0,640.0353122930919,0.0,29,29,0,0,29,29,4488,0,0,0,0,0
2020-10-15,US,Idaho,Owyhee,363,5,0,42.58016894,-116.16938710000001,16073.0,3070.286729256534,1.3774104683195592,358,360,5,0,355,358,11693,3,0,0,3,2
2020-10-15,US,Idaho,Payette,1038,10,0,44.00545243,-116.7647695,16075.0,4333.848273558515,0.9633911368015414,1028,1028,9,0,1019,1021,23551,10,1,0,9,7
2020-10-15,US,Idaho,Power,312,1,0,42.69254894,-112.83957420000002,16077.0,4061.971097513345,0.3205128205128205,311,309,1,0,308,308,7768,3,0,0,3,1
2020-10-15,US,Idaho,Shoshone,226,19,0,47.35364087,-115.89167490000001,16079.0,1754.385964912281,8.407079646017701,207,222,19,0,203,220,12796,4,0,0,4,2
2020-10-15,US,Idaho,Teton,248,1,0,43.75303583,-111.2056773,16081.0,2042.497117443585,0.4032258064516129,247,245,1,0,244,236,11640,3,0,0,3,9
2020-10-15,US,Idaho,Twin Falls,3125,41,0,42.35440512,-114.6685381,16083.0,3596.998089274615,1.3119999999999998,3084,3014,41,0,2973,2970,86081,111,0,0,111,44
2020-10-15,US,Idaho,Unassigned,5,0,0,0.0,0.0,90016.0,0.0,0.0,5,,,,,,,,,,,
2020-10-15,US,Idaho,Valley,107,1,0,44.76728382,-115.5676773,16085.0,939.2556179775281,0.9345794392523364,106,107,1,0,106,105,11041,0,0,0,0,2
2020-10-15,US,Idaho,Washington,414,7,0,44.45275475,-116.78476880000001,16087.0,4061.2124779281926,1.6908212560386473,407,410,7,0,403,408,10161,4,0,0,4,2
2020-10-15,US,Illinois,Adams,1488,14,0,39.98815591,-91.18786813,17001.0,2274.012378696417,0.9408602150537636,1474,1458,13,0,1445,1432,65691,30,1,0,29,26
2020-10-15,US,Illinois,Alexander,105,1,0,37.18049267,-89.32910838,17003.0,1822.6002430133656,0.9523809523809524,104,102,1,0,101,101,6060,3,0,0,3,1
2020-10-15,US,Illinois,Bond,417,9,0,38.88829622,-89.43534887,17005.0,2538.658224765616,2.1582733812949644,408,405,9,0,396,392,16630,12,0,0,12,13
2020-10-15,US,Illinois,Boone,1527,24,0,42.32359279,-88.82345779,17007.0,2851.860152398028,1.5717092337917484,1503,1491,24,0,1467,1464,53577,36,0,0,36,27
2020-10-15,US,Illinois,Brown,87,0,0,39.96209138,-90.75068024,17009.0,1322.5904530252355,0.0,87,82,0,0,82,80,6556,5,0,0,5,2
2020-10-15,US,Illinois,Bureau,821,16,0,41.40385234,-89.5283051,17011.0,2516.2437170528383,1.94884287454324,805,799,15,0,784,798,32993,22,1,0,21,1
2020-10-15,US,Illinois,Calhoun,66,0,0,39.16840183,-90.66330078,17013.0,1392.698881620595,0.0,66,66,0,0,66,66,4802,0,0,0,0,0
2020-10-15,US,Illinois,Carroll,328,7,0,42.06823429,-89.93395545,17015.0,2292.904578818595,2.1341463414634148,321,293,6,0,287,287,14312,35,1,0,34,6
2020-10-15,US,Illinois,Cass,442,11,0,39.96991073,-90.24734436,17017.0,3638.7585412035887,2.4886877828054303,431,435,11,0,424,434,12260,7,0,0,7,1
2020-10-15,US,Illinois,Champaign,5559,28,0,40.13919438,-88.20046615,17019.0,2651.068964037217,0.5036877136175572,5531,5525,27,0,5498,5434,209983,34,1,0,33,91
2020-10-15,US,Illinois,Christian,739,23,0,39.54581621,-89.27780482,17021.0,2287.6423972263497,3.112313937753721,716,724,22,0,702,712,32661,15,1,0,14,12
2020-10-15,US,Illinois,Clark,241,6,0,39.33425789,-87.78705622,17023.0,1560.7797422446731,2.489626556016597,235,240,4,0,236,234,15596,1,2,0,-1,6
2020-10-15,US,Illinois,Clay,262,9,0,38.75388572,-88.48914513,17025.0,1987.2572815533981,3.435114503816794,253,259,6,0,253,252,13253,3,3,0,0,7
2020-10-15,US,Illinois,Clinton,1480,23,0,38.60704876,-89.42385254,17027.0,3940.1522815611515,1.554054054054054,1457,1452,23,0,1429,1438,37639,28,0,0,28,14
2020-10-15,US,Illinois,Coles,1694,38,0,39.51949084,-88.22358557,17029.0,3346.437249362913,2.2432113341204247,1656,1676,38,0,1638,1662,50885,18,0,0,18,14
2020-10-15,US,Illinois,Cook,159035,5332,0,41.84144849,-87.81658794,17031.0,3087.918546597795,3.3527210991291225,153703,157573,5321,0,152252,156726,5180493,1462,11,0,1451,847
2020-10-15,US,Illinois,Crawford,604,6,0,39.0032229,-87.75954624,17033.0,3235.6565061338188,0.9933774834437086,598,589,6,0,583,576,18807,15,0,0,15,13
2020-10-15,US,Illinois,Cumberland,244,5,0,39.27432424,-88.2401158,17035.0,2266.3942039754784,2.0491803278688523,239,241,5,0,236,237,10808,3,0,0,3,4
2020-10-15,US,Illinois,De Witt,219,3,0,40.17514519,-88.90959682,17039.0,1400.4348382146054,1.3698630136986298,216,209,3,0,206,204,15769,10,0,0,10,5
2020-10-15,US,Illinois,DeKalb,1984,42,0,41.89373302,-88.76958483,17037.0,1891.379162416465,2.1169354838709675,1942,1941,42,0,1899,1912,104143,43,0,0,43,29
2020-10-15,US,Illinois,Douglas,447,8,0,39.76768052,-88.21854195,17041.0,2296.429488826099,1.7897091722595078,439,420,8,0,412,398,19479,27,0,0,27,22
2020-10-15,US,Illinois,DuPage,19967,592,0,41.85116968,-88.08642662,17043.0,2163.4571106302706,2.9648920719186656,19375,19767,588,0,19179,19640,928589,200,4,0,196,127
2020-10-15,US,Illinois,Edgar,135,8,0,39.6809186,-87.74759563,17045.0,786.6674436221664,5.925925925925926,127,133,8,0,125,133,17360,2,0,0,2,0
2020-10-15,US,Illinois,Edwards,87,0,0,38.41353228,-88.05720863,17047.0,1360.4378420641126,0.0,87,84,0,0,84,83,6392,3,0,0,3,1
2020-10-15,US,Illinois,Effingham,1028,3,0,39.05935711,-88.58969584,17049.0,3022.818160432839,0.2918287937743191,1025,1014,3,0,1011,995,34208,14,0,0,14,19
2020-10-15,US,Illinois,Fayette,589,16,0,39.00072038,-89.02452658,17051.0,2760.5924259467565,2.7164685908319184,573,574,15,0,559,550,21416,15,1,0,14,24
2020-10-15,US,Illinois,Ford,162,7,0,40.59706922,-88.22350769,17053.0,1249.9035568243194,4.320987654320987,155,159,7,0,152,157,13264,3,0,0,3,2
2020-10-15,US,Illinois,Franklin,779,6,0,37.99189086,-88.92567818,17055.0,2025.007148613169,0.7702182284980744,773,711,6,0,705,698,38701,68,0,0,68,13
2020-10-15,US,Illinois,Fulton,344,0,0,40.47289135,-90.20862357,17057.0,1001.747233546884,0.0,344,321,0,0,321,301,34844,23,0,0,23,20
2020-10-15,US,Illinois,Gallatin,100,2,0,37.76430935,-88.22953869,17059.0,2071.251035625518,2.0,98,94,2,0,92,89,5058,6,0,0,6,5
2020-10-15,US,Illinois,Greene,253,15,0,39.35907414,-90.388865,17061.0,1950.8057675996606,5.928853754940713,238,250,15,0,235,248,13044,3,0,0,3,2
2020-10-15,US,Illinois,Grundy,820,7,0,41.28569601,-88.41905692,17063.0,1606.1425157676183,0.8536585365853658,813,808,7,0,801,795,50972,12,0,0,12,13
2020-10-15,US,Illinois,Hamilton,101,2,0,38.08163641,-88.53883373,17065.0,1244.4553967471659,1.98019801980198,99,97,2,0,95,91,8163,4,0,0,4,6
2020-10-15,US,Illinois,Hancock,264,3,0,40.40423981,-91.16313899,17067.0,1490.851592500565,1.1363636363636365,261,259,3,0,256,254,17844,5,0,0,5,5
2020-10-15,US,Illinois,Hardin,48,0,0,37.51810645,-88.26873022,17069.0,1256.2156503533106,0.0,48,47,0,0,47,46,3910,1,0,0,1,1
2020-10-15,US,Illinois,Henderson,93,0,0,40.81908672,-90.92491462,17071.0,1399.3379476376767,0.0,93,93,0,0,93,90,6709,0,0,0,0,3
2020-10-15,US,Illinois,Henry,775,5,0,41.3533994,-90.13296166,17073.0,1584.445852840758,0.6451612903225806,770,764,5,0,759,760,49090,11,0,0,11,4
2020-10-15,US,Illinois,Iroquois,436,19,0,40.74717633,-87.82466784,17075.0,1608.0253743453563,4.357798165137615,417,431,19,0,412,422,27604,5,0,0,5,9
2020-10-15,US,Illinois,Jackson,1392,25,0,37.78595185,-89.38232563,17077.0,2452.863436123348,1.7959770114942528,1367,1367,24,0,1343,1356,57419,25,1,0,24,11
2020-10-15,US,Illinois,Jasper,234,10,0,39.01054275,-88.15437049,17079.0,2434.9635796045786,4.2735042735042725,224,231,10,0,221,228,9611,3,0,0,3,3
2020-10-15,US,Illinois,Jefferson,834,41,0,38.29980057,-88.9240025,17081.0,2213.1408555355056,4.916067146282972,793,804,40,0,764,796,37820,30,1,0,29,8
2020-10-15,US,Illinois,Jersey,438,21,0,39.08869046,-90.35393073,17083.0,2011.6658246452027,4.794520547945205,417,435,21,0,414,431,21847,3,0,0,3,4
2020-10-15,US,Illinois,Jo Daviess,381,3,0,42.36542373,-90.21094405,17085.0,1794.207676006593,0.7874015748031497,378,374,3,0,371,369,21366,7,0,0,7,5
2020-10-15,US,Illinois,Johnson,289,0,0,37.45939802,-88.88165419,17087.0,2327.4542965289525,0.0,289,279,0,0,279,265,12456,10,0,0,10,14
2020-10-15,US,Illinois,Kane,14702,338,0,41.93842729,-88.42861412,17089.0,2761.441990371955,2.2990069378315874,14364,14558,336,0,14222,14436,534216,144,2,0,142,122
2020-10-15,US,Illinois,Kankakee,3051,78,0,41.13746989,-87.86205334,17091.0,2777.120387395096,2.55653883972468,2973,3019,78,0,2941,2999,110024,32,0,0,32,20
2020-10-15,US,Illinois,Kendall,2349,27,0,41.59081014,-88.42869583,17093.0,1821.0714008837895,1.1494252873563218,2322,2315,26,0,2289,2305,127915,34,1,0,33,10
2020-10-15,US,Illinois,Knox,982,9,0,40.93148779,-90.21330340000002,17095.0,1975.8948872210708,0.9164969450101832,973,937,8,0,929,909,50112,45,1,0,44,28
2020-10-15,US,Illinois,LaSalle,2069,58,0,41.34426129999999,-88.88633881,17099.0,1903.9468477670725,2.8032866118898014,2011,2041,58,0,1983,2004,109430,28,0,0,28,37
2020-10-15,US,Illinois,Lake,18859,499,0,42.3224907,-88.00367925,17097.0,2707.5452059121217,2.6459515350760907,18360,18633,499,0,18134,18521,700832,226,0,0,226,112
2020-10-15,US,Illinois,Lawrence,296,7,0,38.71987914,-87.72884035,17101.0,1887.995917846664,2.3648648648648654,289,293,6,0,287,288,15765,3,1,0,2,5
2020-10-15,US,Illinois,Lee,549,1,0,41.74583951,-89.29977132,17103.0,1610.1595495072736,0.18214936247723126,548,525,1,0,524,517,34223,24,0,0,24,8
2020-10-15,US,Illinois,Livingston,499,9,0,40.89188292,-88.55784752,17105.0,1399.7980251346494,1.8036072144288575,490,489,9,0,480,485,35761,10,0,0,10,4
2020-10-15,US,Illinois,Logan,525,4,0,40.12581572,-89.36638784,17107.0,1834.5097491089527,0.7619047619047619,521,518,4,0,514,513,28925,7,0,0,7,5
2020-10-15,US,Illinois,Macon,2273,48,0,39.86064913,-88.96342505,17115.0,2185.3878029785888,2.111746590409151,2225,2190,48,0,2142,2115,104712,83,0,0,83,75
2020-10-15,US,Illinois,Macoupin,685,8,0,39.26119767,-89.92424028,17117.0,1524.729555268664,1.167883211678832,677,664,8,0,656,654,45313,21,0,0,21,10
2020-10-15,US,Illinois,Madison,6565,150,0,38.83042506,-89.90422563,17119.0,2496.520462721417,2.2848438690022848,6415,6499,150,0,6349,6426,264461,66,0,0,66,73
2020-10-15,US,Illinois,Marion,807,11,0,38.64963204,-88.91899208,17121.0,2169.0632979438246,1.3630731102850062,796,774,8,0,766,757,37620,33,3,0,30,17
2020-10-15,US,Illinois,Marshall,129,3,0,41.0327901,-89.34510444,17123.0,1127.8195488721806,2.3255813953488373,126,129,3,0,126,127,11534,0,0,0,0,2
2020-10-15,US,Illinois,Mason,217,1,0,40.23917274,-89.91824452,17125.0,1624.3730818175013,0.4608294930875576,216,215,1,0,214,209,13565,2,0,0,2,6
2020-10-15,US,Illinois,Massac,135,2,0,37.22078441,-88.71036614,17127.0,980.2497821667148,1.4814814814814814,133,133,2,0,131,131,14080,2,0,0,2,2
2020-10-15,US,Illinois,McDonough,598,15,0,40.45674722,-90.67775541,17109.0,2014.6890371268782,2.508361204013378,583,577,15,0,562,576,29955,21,0,0,21,1
2020-10-15,US,Illinois,McHenry,5310,119,0,42.32451172,-88.45248227,17111.0,1725.2919349912595,2.2410546139359697,5191,5248,119,0,5129,5202,308570,62,0,0,62,46
2020-10-15,US,Illinois,McLean,3779,30,0,40.48996987,-88.84621113,17113.0,2203.2801413270986,0.7938608097380259,3749,3746,29,0,3717,3712,172828,33,1,0,32,34
2020-10-15,US,Illinois,Menard,152,1,0,40.02742725,-89.80246001,17129.0,1246.3102656608726,0.6578947368421053,151,152,1,0,151,152,12288,0,0,0,0,0
2020-10-15,US,Illinois,Mercer,195,6,0,41.20596782,-90.74290052,17131.0,1263.1988080585604,3.0769230769230766,189,191,6,0,185,183,15601,4,0,0,4,8
2020-10-15,US,Illinois,Monroe,819,27,0,38.27594376,-90.17761038,17133.0,2364.523486445131,3.2967032967032965,792,810,27,0,783,808,34335,9,0,0,9,2
2020-10-15,US,Illinois,Montgomery,506,14,0,39.23198845,-89.47809254,17135.0,1780.8122756387695,2.766798418972332,492,496,14,0,482,482,28601,10,0,0,10,14
2020-10-15,US,Illinois,Morgan,769,24,0,39.71654544,-90.20255104,17137.0,2284.7465684235544,3.120936280884265,745,762,24,0,738,757,33976,7,0,0,7,5
2020-10-15,US,Illinois,Moultrie,319,5,0,39.64187451,-88.62099969,17139.0,2199.848286325081,1.567398119122257,314,295,4,0,291,280,14717,24,1,0,23,15
2020-10-15,US,Illinois,Ogle,964,6,0,42.04165196,-89.32184679,17141.0,1903.5207234958434,0.6224066390041494,958,950,6,0,944,926,50923,14,0,0,14,24
2020-10-15,US,Illinois,Out of IL,2,0,0,0.0,0.0,80017.0,0.0,0.0,2,1,0,0,1,3,,1,0,0,1,-2
2020-10-15,US,Illinois,Peoria,4069,59,0,40.78702156,-89.76078901,17143.0,2270.9134440978023,1.4499877119685427,4010,4030,58,0,3972,3985,180621,39,1,0,38,45
2020-10-15,US,Illinois,Perry,387,16,0,38.08510853,-89.36856219,17145.0,1850.2581755593808,4.134366925064599,371,382,16,0,366,377,21174,5,0,0,5,5
2020-10-15,US,Illinois,Piatt,187,0,0,40.01360584,-88.59319339,17147.0,1144.1507586882035,0.0,187,183,0,0,183,177,16396,4,0,0,4,6
2020-10-15,US,Illinois,Pike,209,2,0,39.62265059,-90.8877017,17149.0,1343.101343101343,0.9569377990430622,207,207,2,0,205,201,15611,2,0,0,2,6
2020-10-15,US,Illinois,Pope,36,1,0,37.41391284,-88.56152109,17151.0,861.8625807996167,2.7777777777777777,35,36,1,0,35,36,4212,0,0,0,0,0
2020-10-15,US,Illinois,Pulaski,218,1,0,37.22631423,-89.13085001,17153.0,4086.223055295221,0.4587155963302753,217,218,1,0,217,212,5463,0,0,0,0,6
2020-10-15,US,Illinois,Putnam,75,0,0,41.2013541,-89.2869272,17155.0,1306.8478829064295,0.0,75,75,0,0,75,75,5740,0,0,0,0,0
2020-10-15,US,Illinois,Randolph,1090,14,0,38.05095369,-89.82512254,17157.0,3429.614247058083,1.2844036697247707,1076,1075,14,0,1061,1069,32106,15,0,0,15,6
2020-10-15,US,Illinois,Richland,298,12,0,38.71240969,-88.08475366,17159.0,1920.9695094436927,4.026845637583893,286,296,11,0,285,294,15763,2,1,0,1,2
2020-10-15,US,Illinois,Rock Island,3483,86,0,41.46613806,-90.57042164,17161.0,2454.9087602816485,2.469135802469136,3397,3446,85,0,3361,3411,143477,37,1,0,36,35
2020-10-15,US,Illinois,Saline,463,7,0,37.75332999,-88.54119706,17165.0,1970.9676046145328,1.5118790496760257,456,457,6,0,451,443,23906,6,1,0,5,14
2020-10-15,US,Illinois,Sangamon,3204,53,0,39.75836914,-89.65872023,17167.0,1645.8453193063206,1.6541822721598003,3151,3154,53,0,3101,3052,195348,50,0,0,50,102
2020-10-15,US,Illinois,Schuyler,75,1,0,40.157179799999994,-90.61114163,17169.0,1108.1560283687943,1.3333333333333333,74,74,1,0,73,73,6907,1,0,0,1,1
2020-10-15,US,Illinois,Scott,88,0,0,39.642916899999996,-90.47814431,17171.0,1777.4187032922641,0.0,88,84,0,0,84,84,4926,4,0,0,4,0
2020-10-15,US,Illinois,Shelby,539,8,0,39.39133527,-88.80611122,17173.0,2491.448645650365,1.4842300556586268,531,533,7,0,526,512,21741,6,1,0,5,21
2020-10-15,US,Illinois,St. Clair,7382,208,0,38.46996033,-89.93063427,17163.0,2842.663832474604,2.817664589542129,7174,7330,207,0,7123,7294,261059,52,1,0,51,36
2020-10-15,US,Illinois,Stark,74,2,0,41.09309773,-89.79745866,17175.0,1385.2489704230625,2.702702702702702,72,72,2,0,70,69,5427,2,0,0,2,3
2020-10-15,US,Illinois,Stephenson,732,7,0,42.35129217,-89.662598,17177.0,1645.0177536069034,0.9562841530054644,725,712,7,0,705,707,44753,20,0,0,20,5
2020-10-15,US,Illinois,Tazewell,2247,45,0,40.50716185,-89.51404662,17179.0,1704.8170375484626,2.0026702269692924,2202,2215,44,0,2171,2164,132328,32,1,0,31,51
2020-10-15,US,Illinois,Unassigned,3070,246,0,0.0,0.0,90017.0,0.0,8.013029315960912,2824,3071,246,0,2825,3069,,-1,0,0,-1,2
2020-10-15,US,Illinois,Union,695,25,0,37.47119609,-89.25548938,17181.0,4173.422206209091,3.5971223021582728,670,683,25,0,658,668,16841,12,0,0,12,15
2020-10-15,US,Illinois,Vermilion,1406,7,0,40.18417171,-87.73384359,17183.0,1855.909606906201,0.4978662873399716,1399,1361,7,0,1354,1323,76806,45,0,0,45,38
2020-10-15,US,Illinois,Wabash,190,5,0,38.44272901,-87.84922065,17185.0,1649.3055555555554,2.631578947368421,185,189,4,0,185,185,11549,1,1,0,0,4
2020-10-15,US,Illinois,Warren,428,6,0,40.84925021,-90.6147432,17187.0,2540.964141534077,1.4018691588785046,422,414,6,0,408,399,17032,14,0,0,14,15
2020-10-15,US,Illinois,Washington,269,1,0,38.35309213,-89.40982703,17189.0,1937.063440627925,0.3717472118959108,268,265,1,0,264,262,13995,4,0,0,4,3
2020-10-15,US,Illinois,Wayne,411,8,0,38.42955355,-88.42586459,17191.0,2534.690101757632,1.9464720194647205,403,397,7,0,390,390,16332,14,1,0,13,7
2020-10-15,US,Illinois,White,223,1,0,38.08706198,-88.17657461,17193.0,1647.3369284184091,0.4484304932735426,222,210,1,0,209,210,13665,13,0,0,13,0
2020-10-15,US,Illinois,Whiteside,1064,21,0,41.75509713,-89.91556058,17195.0,1928.409605799728,1.973684210526316,1043,1040,21,0,1019,1019,55626,24,0,0,24,21
2020-10-15,US,Illinois,Will,16074,412,0,41.44619267,-87.97862712,17197.0,2327.0594128351645,2.5631454522831905,15662,15888,408,0,15480,15766,692310,186,4,0,182,122
2020-10-15,US,Illinois,Williamson,1621,56,0,37.73033511,-88.92994027,17199.0,2434.043575536436,3.4546576187538562,1565,1601,56,0,1545,1575,67056,20,0,0,20,26
2020-10-15,US,Illinois,Winnebago,8397,163,0,42.33641854,-89.16085327,17201.0,2971.6320088331468,1.941169465285221,8234,8207,161,0,8046,8063,284081,190,2,0,188,144
2020-10-15,US,Illinois,Woodford,504,10,0,40.78579374,-89.20973757,17203.0,1310.486492108479,1.984126984126984,494,496,10,0,486,494,38463,8,0,0,8,2
2020-10-15,US,Indiana,Adams,415,5,0,40.7457653,-84.93671406,18001.0,1159.9631047879925,1.2048192771084338,410,405,4,0,401,400,35636,10,1,0,9,5
2020-10-15,US,Indiana,Allen,7406,216,0,41.09194313,-85.06800636,18003.0,1952.5493080656686,2.9165541452876047,7190,7320,213,0,7107,7240,375351,86,3,0,83,80
2020-10-15,US,Indiana,Bartholomew,1329,57,0,39.20744865,-85.89558181,18005.0,1586.3163799997615,4.288939051918736,1272,1312,57,0,1255,1307,82753,17,0,0,17,5
2020-10-15,US,Indiana,Benton,98,0,0,40.60626947,-87.31093999,18007.0,1120.2560585276635,0.0,98,95,0,0,95,95,8653,3,0,0,3,0
2020-10-15,US,Indiana,Blackford,170,3,0,40.47388153,-85.32499702,18009.0,1445.8241197482566,1.7647058823529411,167,169,3,0,166,167,11930,1,0,0,1,2
2020-10-15,US,Indiana,Boone,1143,48,0,40.0509304,-86.46841646,18011.0,1684.7721946258273,4.199475065616799,1095,1131,48,0,1083,1124,66999,12,0,0,12,7
2020-10-15,US,Indiana,Brown,124,3,0,39.19605589,-86.22868909,18013.0,821.6273522395971,2.419354838709677,121,123,3,0,120,122,15234,1,0,0,1,1
2020-10-15,US,Indiana,Carroll,301,13,0,40.580783200000006,-86.56198812,18015.0,1485.9061065310755,4.318936877076412,288,300,13,0,287,299,20127,1,0,0,1,1
2020-10-15,US,Indiana,Cass,2160,16,0,40.76135835,-86.34830753,18017.0,5731.115179495344,0.7407407407407407,2144,2153,16,0,2137,2136,37955,7,0,0,7,17
2020-10-15,US,Indiana,Clark,2680,57,0,38.48015445,-85.70510334,18019.0,2265.388581765313,2.126865671641791,2623,2641,57,0,2584,2619,117360,39,0,0,39,22
2020-10-15,US,Indiana,Clay,393,6,0,39.39561833,-87.11723506,18021.0,1498.5700667302192,1.5267175572519085,387,385,6,0,379,382,26170,8,0,0,8,3
2020-10-15,US,Indiana,Clinton,766,15,0,40.30319754,-86.47277257,18023.0,2364.270502175993,1.95822454308094,751,754,14,0,740,748,32250,12,1,0,11,6
2020-10-15,US,Indiana,Crawford,134,1,0,38.28814402,-86.44518825,18025.0,1266.8998770918029,0.746268656716418,133,133,1,0,132,133,10558,1,0,0,1,0
2020-10-15,US,Indiana,Daviess,779,31,0,38.70186039,-87.07185406,18027.0,2335.762046115559,3.979460847240051,748,767,31,0,736,760,33147,12,0,0,12,7
2020-10-15,US,Indiana,DeKalb,638,11,0,41.39804622,-84.99906934,18033.0,1467.5100632547442,1.7241379310344829,627,621,11,0,610,612,43226,17,0,0,17,9
2020-10-15,US,Indiana,Dearborn,834,28,0,39.14647946,-84.97333539,18029.0,1686.2792672570667,3.357314148681055,806,812,28,0,784,801,49568,22,0,0,22,11
2020-10-15,US,Indiana,Decatur,484,39,0,39.30712658,-85.50087166,18031.0,1822.3577694943333,8.057851239669423,445,483,39,0,444,481,26794,1,0,0,1,2
2020-10-15,US,Indiana,Delaware,2609,72,0,40.22787247,-85.39732772,18035.0,2285.8895168002805,2.7596780375622845,2537,2537,72,0,2465,2513,114772,72,0,0,72,24
2020-10-15,US,Indiana,Dubois,1265,21,0,38.36597551,-86.87924170000002,18037.0,2960.033695245227,1.6600790513833992,1244,1229,21,0,1208,1225,42565,36,0,0,36,4
2020-10-15,US,Indiana,Elkhart,7925,126,0,41.59761169,-85.85875695,18039.0,3840.72966594133,1.5899053627760251,7799,7773,126,0,7647,7732,205560,152,0,0,152,41
2020-10-15,US,Indiana,Fayette,525,15,0,39.63684962,-85.17797541,18041.0,2272.5305168383693,2.8571428571428568,510,518,14,0,504,512,23047,7,1,0,6,6
2020-10-15,US,Indiana,Floyd,1644,65,0,38.32117957,-85.90385377,18043.0,2093.6807518911896,3.953771289537713,1579,1631,65,0,1566,1607,77781,13,0,0,13,24
2020-10-15,US,Indiana,Fountain,240,3,0,40.12361933,-87.24217689,18045.0,1468.2491129328275,1.25,237,229,2,0,227,229,16351,11,1,0,10,0
2020-10-15,US,Indiana,Franklin,336,25,0,39.4142482,-85.06062647,18047.0,1476.4039019245981,7.440476190476191,311,335,25,0,310,329,22736,1,0,0,1,6
2020-10-15,US,Indiana,Fulton,314,2,0,41.0469907,-86.26252745,18049.0,1572.0436567537802,0.6369426751592356,312,295,2,0,293,294,20092,19,0,0,19,1
2020-10-15,US,Indiana,Gibson,770,9,0,38.30393723,-87.58054938,18051.0,2287.649662794497,1.1688311688311688,761,763,9,0,754,756,33452,7,0,0,7,7
2020-10-15,US,Indiana,Grant,1117,39,0,40.51587228,-85.65468702,18053.0,1698.3685322872477,3.491495076096688,1078,1105,38,0,1067,1100,65936,12,1,0,11,5
2020-10-15,US,Indiana,Greene,482,36,0,39.03630547,-86.96223202,18055.0,1509.9304554852454,7.4688796680497935,446,474,36,0,438,472,32006,8,0,0,8,2
2020-10-15,US,Indiana,Hamilton,5659,112,0,40.07306535,-86.05244729,18057.0,1674.205869039765,1.9791482594097896,5547,5603,112,0,5491,5561,330086,56,0,0,56,42
2020-10-15,US,Indiana,Hancock,1090,44,0,39.82304555,-85.77566351,18059.0,1394.432504349606,4.036697247706422,1046,1074,44,0,1030,1064,76351,16,0,0,16,10
2020-10-15,US,Indiana,Harrison,693,24,0,38.19467379,-86.10948271,18061.0,1710.47760088856,3.463203463203463,669,689,24,0,665,681,40350,4,0,0,4,8
2020-10-15,US,Indiana,Hendricks,3029,128,0,39.76719009,-86.51037283,18063.0,1778.5110767948047,4.225817101353583,2901,3005,128,0,2877,2993,167009,24,0,0,24,12
2020-10-15,US,Indiana,Henry,1088,27,0,39.93029017,-85.39625719,18065.0,2267.9896606353705,2.481617647058824,1061,1072,27,0,1045,1057,48271,16,0,0,16,15
2020-10-15,US,Indiana,Howard,1515,66,0,40.48527731,-86.11351892,18067.0,1835.384764489242,4.356435643564357,1449,1507,66,0,1441,1504,82366,8,0,0,8,3
2020-10-15,US,Indiana,Huntington,353,5,0,40.82907273,-85.48822092,18069.0,966.5936473165387,1.4164305949008498,348,347,5,0,342,337,36240,6,0,0,6,10
2020-10-15,US,Indiana,Jackson,986,10,0,38.90915820000001,-86.03851889,18071.0,2229.2057606655967,1.0141987829614605,976,964,10,0,954,956,44111,22,0,0,22,8
2020-10-15,US,Indiana,Jasper,478,3,0,41.02078733,-87.11553319,18073.0,1424.2297836839282,0.6276150627615062,475,472,3,0,469,462,33370,6,0,0,6,10
2020-10-15,US,Indiana,Jay,258,5,0,40.43781032,-85.00576229,18075.0,1262.477980035232,1.937984496124031,253,250,4,0,246,246,20764,8,1,0,7,4
2020-10-15,US,Indiana,Jefferson,316,4,0,38.78576239,-85.43633383,18077.0,978.0859229912096,1.2658227848101269,312,314,4,0,310,308,32208,2,0,0,2,6
2020-10-15,US,Indiana,Jennings,348,13,0,38.99588883,-85.62710784,18079.0,1254.7322877230936,3.7356321839080464,335,345,13,0,332,343,27611,3,0,0,3,2
2020-10-15,US,Indiana,Johnson,2849,127,0,39.48994426,-86.10149107,18081.0,1801.2606928120279,4.457704457704458,2722,2820,127,0,2693,2775,156225,29,0,0,29,45
2020-10-15,US,Indiana,Knox,636,10,0,38.68861576,-87.4194665,18083.0,1737.989834399082,1.572327044025157,626,615,10,0,605,610,36895,21,0,0,21,5
2020-10-15,US,Indiana,Kosciusko,1567,20,0,41.24521668,-85.86312322,18085.0,1972.160692710431,1.2763241863433312,1547,1545,19,0,1526,1537,79344,22,1,0,21,8
2020-10-15,US,Indiana,LaGrange,742,14,0,41.64232188,-85.42674232,18087.0,1873.0751754430253,1.8867924528301887,728,734,14,0,720,723,39330,8,0,0,8,11
2020-10-15,US,Indiana,LaPorte,1972,51,0,41.54366008,-86.74072188,18091.0,1794.5544554455444,2.586206896551724,1921,1928,50,0,1878,1908,110007,44,1,0,43,20
2020-10-15,US,Indiana,Lake,12326,343,0,41.41874274,-87.38277575,18089.0,2538.862558265516,2.7827356806749965,11983,12189,340,0,11849,12087,484411,137,3,0,134,102
2020-10-15,US,Indiana,Lawrence,670,31,0,38.84112637,-86.48361629,18093.0,1476.7467489530527,4.626865671641791,639,665,31,0,634,657,45668,5,0,0,5,8
2020-10-15,US,Indiana,Madison,2111,84,0,40.16143691,-85.71964711,18095.0,1629.2477367271495,3.979156797726196,2027,2084,84,0,2000,2067,129641,27,0,0,27,17
2020-10-15,US,Indiana,Marion,23852,776,0,39.78163624,-86.13826325,18097.0,2472.7809558959216,3.2533959416401137,23076,23611,774,0,22837,23512,954670,241,2,0,239,99
2020-10-15,US,Indiana,Marshall,1239,26,0,41.32467367,-86.26185087,18099.0,2678.455618487613,2.0984665052461664,1213,1218,26,0,1192,1209,46248,21,0,0,21,9
2020-10-15,US,Indiana,Martin,186,0,0,38.7099921,-86.80373186,18101.0,1813.7493905411995,0.0,186,185,0,0,185,185,10217,1,0,0,1,0
2020-10-15,US,Indiana,Miami,521,4,0,40.76940965,-86.04525048,18103.0,1466.9444757292483,0.7677543186180422,517,512,4,0,508,507,35567,9,0,0,9,5
2020-10-15,US,Indiana,Monroe,3087,38,0,39.16130004,-86.52414358,18105.0,2079.7542292378275,1.2309685779073534,3049,3067,38,0,3029,3054,146917,20,0,0,20,13
2020-10-15,US,Indiana,Montgomery,540,22,0,40.04034823,-86.89335024,18107.0,1408.524179665084,4.0740740740740735,518,540,22,0,518,536,38346,0,0,0,0,4
2020-10-15,US,Indiana,Morgan,867,40,0,39.47899078,-86.44573375,18109.0,1229.979145682305,4.61361014994233,827,853,40,0,813,851,70116,14,0,0,14,2
2020-10-15,US,Indiana,Newton,192,11,0,40.95610449,-87.39635768,18111.0,1372.9977116704806,5.729166666666668,181,191,11,0,180,191,14011,1,0,0,1,0
2020-10-15,US,Indiana,Noble,1058,33,0,41.39672484,-85.41966713,18113.0,2215.985254691689,3.1190926275992434,1025,1035,33,0,1002,1028,47532,23,0,0,23,7
2020-10-15,US,Indiana,Ohio,105,7,0,38.955304999999996,-84.96515993,18115.0,1787.2340425531916,6.666666666666668,98,94,7,0,87,94,5844,11,0,0,11,0
2020-10-15,US,Indiana,Orange,360,24,0,38.54118920000001,-86.49523093,18117.0,1832.434083273949,6.666666666666668,336,350,24,0,326,349,19489,10,0,0,10,1
2020-10-15,US,Indiana,Owen,190,1,0,39.31145587,-86.83900724,18119.0,913.5054569931247,0.5263157894736842,189,184,1,0,183,183,20845,6,0,0,6,1
2020-10-15,US,Indiana,Parke,187,2,0,39.77202286,-87.20375833,18121.0,1104.091633701364,1.0695187165775402,185,182,2,0,180,179,16927,5,0,0,5,3
2020-10-15,US,Indiana,Perry,263,13,0,38.07809328,-86.63741946,18123.0,1372.0068861182115,4.942965779467682,250,259,13,0,246,258,19102,4,0,0,4,1
2020-10-15,US,Indiana,Pike,294,9,0,38.40112197,-87.23574907,18125.0,2373.0728872386794,3.0612244897959178,285,292,8,0,284,292,12410,2,1,0,1,0
2020-10-15,US,Indiana,Porter,2746,47,0,41.45986947,-87.06848888,18127.0,1611.6063830411588,1.7115804806991988,2699,2698,47,0,2651,2672,169594,48,0,0,48,26
2020-10-15,US,Indiana,Posey,623,3,0,38.02097333,-87.86480429,18129.0,2450.1514138514176,0.4815409309791333,620,621,3,0,618,603,25540,2,0,0,2,18
2020-10-15,US,Indiana,Pulaski,126,1,0,41.04166107,-86.69890683,18131.0,1019.995142880272,0.7936507936507936,125,125,1,0,124,124,12469,1,0,0,1,1
2020-10-15,US,Indiana,Putnam,674,15,0,39.66437981,-86.84517605,18133.0,1793.698105173515,2.225519287833828,659,671,15,0,656,668,37779,3,0,0,3,3
2020-10-15,US,Indiana,Randolph,299,8,0,40.15734772,-85.01139319,18135.0,1212.244070545307,2.6755852842809364,291,292,8,0,284,289,24851,7,0,0,7,3
2020-10-15,US,Indiana,Ripley,392,8,0,39.10235626,-85.26212744,18137.0,1383.9853128089248,2.0408163265306123,384,382,8,0,374,374,28523,10,0,0,10,8
2020-10-15,US,Indiana,Rush,178,4,0,39.62002287,-85.4655599,18139.0,1073.517881913033,2.247191011235955,174,175,4,0,171,173,16663,3,0,0,3,2
2020-10-15,US,Indiana,Scott,486,13,0,38.68672078,-85.74627859,18143.0,2035.772630167972,2.674897119341564,473,482,12,0,470,481,23878,4,1,0,3,1
2020-10-15,US,Indiana,Shelby,742,29,0,39.52305623,-85.79158570000001,18145.0,1658.879027029444,3.908355795148248,713,733,29,0,704,729,44593,9,0,0,9,4
2020-10-15,US,Indiana,Spencer,345,6,0,38.01519732,-87.0079644,18147.0,1701.435123538985,1.7391304347826086,339,344,6,0,338,343,20327,1,0,0,1,1
2020-10-15,US,Indiana,St. Joseph,8321,150,0,41.61756781,-86.29040834,18141.0,3061.1494117560496,1.8026679485638744,8171,8191,148,0,8043,8088,270771,130,2,0,128,103
2020-10-15,US,Indiana,Starke,355,7,0,41.27890281,-86.64686895,18149.0,1543.8138725809958,1.971830985915493,348,354,7,0,347,346,22935,1,0,0,1,8
2020-10-15,US,Indiana,Steuben,544,9,0,41.64423868,-85.00101094,18151.0,1572.5270278082903,1.6544117647058822,535,536,9,0,527,531,34586,8,0,0,8,5
2020-10-15,US,Indiana,Sullivan,391,12,0,39.08952258,-87.41414469,18153.0,1891.7219023658624,3.0690537084398977,379,387,12,0,375,384,20690,4,0,0,4,3
2020-10-15,US,Indiana,Switzerland,77,0,0,38.82767338,-85.03022429,18155.0,716.2124453539204,0.0,77,76,0,0,76,76,10717,1,0,0,1,0
2020-10-15,US,Indiana,Tippecanoe,3311,13,0,40.38872739,-86.89413959,18157.0,1691.598716612511,0.3926306251887648,3298,3244,13,0,3231,3204,193048,67,0,0,67,40
2020-10-15,US,Indiana,Tipton,257,23,0,40.31123252,-86.05234925,18159.0,1696.5936097174545,8.949416342412453,234,256,23,0,233,256,15128,1,0,0,1,0
2020-10-15,US,Indiana,Unassigned,0,232,0,0.0,0.0,90018.0,0.0,0.0,-232,0,227,0,-227,0,,0,5,0,-5,0
2020-10-15,US,Indiana,Union,92,0,0,39.62550777,-84.92497066,18161.0,1304.2245534448539,0.0,92,88,0,0,88,85,7037,4,0,0,4,3
2020-10-15,US,Indiana,Vanderburgh,5167,48,0,38.02658833,-87.58763124,18163.0,2847.600729673576,0.92897232436617,5119,5123,46,0,5077,5056,180974,44,2,0,42,67
2020-10-15,US,Indiana,Vermillion,185,1,0,39.8523352,-87.46160542,18165.0,1193.7024132146084,0.5405405405405406,184,175,1,0,174,172,15479,10,0,0,10,3
2020-10-15,US,Indiana,Vigo,2322,31,0,39.42944561,-87.39169027,18167.0,2169.323044152544,1.3350559862187772,2291,2285,31,0,2254,2265,107386,37,0,0,37,20
2020-10-15,US,Indiana,Wabash,344,9,0,40.84704239,-85.79328272,18169.0,1109.820622015744,2.6162790697674416,335,330,9,0,321,326,31280,14,0,0,14,4
2020-10-15,US,Indiana,Warren,60,1,0,40.34728141,-87.35602659,18171.0,725.9528130671506,1.6666666666666667,59,60,1,0,59,59,8263,0,0,0,0,1
2020-10-15,US,Indiana,Warrick,1774,59,0,38.08922676,-87.2716085,18173.0,2815.962411505127,3.3258173618940248,1715,1763,58,0,1705,1742,62567,11,1,0,10,21
2020-10-15,US,Indiana,Washington,322,2,0,38.60219804,-86.1049363,18175.0,1148.5233271508064,0.6211180124223602,320,317,2,0,315,314,27943,5,0,0,5,3
2020-10-15,US,Indiana,Wayne,1062,18,0,39.863344399999995,-85.01044989,18177.0,1611.9239876145953,1.6949152542372878,1044,1020,18,0,1002,1004,65936,42,0,0,42,16
2020-10-15,US,Indiana,Wells,379,5,0,40.72934187,-85.22132966,18179.0,1339.4119310149845,1.3192612137203166,374,344,5,0,339,339,28206,35,0,0,35,5
2020-10-15,US,Indiana,White,540,15,0,40.74911165,-86.86492015,18181.0,2240.4779686333086,2.7777777777777777,525,530,15,0,515,527,24133,10,0,0,10,3
2020-10-15,US,Indiana,Whitley,390,6,0,41.13863784,-85.50791236,18183.0,1148.274643740431,1.5384615384615383,384,379,6,0,373,375,34074,11,0,0,11,4
2020-10-15,US,Iowa,Adair,113,1,0,41.33075609,-94.47105874,19001.0,1579.9776286353467,0.8849557522123894,112,108,1,0,107,103,7063,5,0,0,5,5
2020-10-15,US,Iowa,Adams,60,0,0,41.02903567,-94.69932645,19003.0,1665.7412548584118,0.0,60,59,0,0,59,55,3645,1,0,0,1,4
2020-10-15,US,Iowa,Allamakee,307,8,0,43.28383218,-91.37860922,19005.0,2243.00431065975,2.6058631921824102,299,302,8,0,294,297,13832,5,0,0,5,5
2020-10-15,US,Iowa,Appanoose,190,3,0,40.74324454,-92.86865906,19007.0,1529.051987767584,1.5789473684210529,187,190,3,0,187,186,12437,0,0,0,0,4
2020-10-15,US,Iowa,Audubon,124,1,0,41.6844628,-94.90581859,19009.0,2256.1863173216884,0.8064516129032258,123,122,1,0,121,118,5506,2,0,0,2,4
2020-10-15,US,Iowa,Benton,463,1,0,42.08011739,-92.06463573,19011.0,1805.4201598752195,0.2159827213822894,462,451,1,0,450,428,25642,12,0,0,12,23
2020-10-15,US,Iowa,Black Hawk,5042,96,0,42.4704581,-92.30524729,19013.0,3842.1678300362732,1.9040063466878223,4946,5005,96,0,4909,4964,132408,37,0,0,37,41
2020-10-15,US,Iowa,Boone,642,8,0,42.03657094,-93.9313999,19015.0,2447.205915986887,1.2461059190031152,634,631,8,0,623,622,26346,11,0,0,11,9
2020-10-15,US,Iowa,Bremer,592,7,0,42.77461496,-92.31795937,19017.0,2362.141888117469,1.1824324324324325,585,583,7,0,576,576,24947,9,0,0,9,7
2020-10-15,US,Iowa,Buchanan,375,3,0,42.4709188,-91.83510825,19019.0,1770.9563164108622,0.8,372,366,3,0,363,357,21199,9,0,0,9,9
2020-10-15,US,Iowa,Buena Vista,2177,12,0,42.73545875,-95.15100162,19021.0,11095.820591233434,0.5512172714745062,2165,2161,12,0,2149,2155,19874,16,0,0,16,6
2020-10-15,US,Iowa,Butler,330,2,0,42.73172833,-92.79015971,19023.0,2285.476833575733,0.6060606060606061,328,326,2,0,324,323,14539,4,0,0,4,3
2020-10-15,US,Iowa,Calhoun,251,3,0,42.38521079,-94.64046046,19025.0,2596.193628465039,1.195219123505976,248,249,3,0,246,242,9699,2,0,0,2,7
2020-10-15,US,Iowa,Carroll,981,7,0,42.03617207,-94.86032705,19027.0,4864.864864864865,0.7135575942915392,974,956,7,0,949,936,20154,25,0,0,25,20
2020-10-15,US,Iowa,Cass,261,2,0,41.33149454,-94.92792482,19029.0,2033.3437207852915,0.7662835249042146,259,252,2,0,250,245,12930,9,0,0,9,7
2020-10-15,US,Iowa,Cedar,325,5,0,41.77233777,-91.13246684,19031.0,1744.7790841251947,1.5384615384615383,320,320,5,0,315,313,18627,5,0,0,5,7
2020-10-15,US,Iowa,Cerro Gordo,1209,23,0,43.08177563,-93.2612239,19033.0,2848.0565371024736,1.9023986765922252,1186,1201,23,0,1178,1191,42647,8,0,0,8,10
2020-10-15,US,Iowa,Cherokee,348,2,0,42.73538914,-95.62389402,19035.0,3097.4632843791724,0.5747126436781609,346,345,2,0,343,340,11321,3,0,0,3,5
2020-10-15,US,Iowa,Chickasaw,317,1,0,43.06001295,-92.31773347,19037.0,2656.4987848822593,0.3154574132492113,316,313,1,0,312,311,11964,4,0,0,4,2
2020-10-15,US,Iowa,Clarke,299,3,0,41.02868181,-93.78499767,19039.0,3182.543906333156,1.0033444816053512,296,297,3,0,294,295,9423,2,0,0,2,2
2020-10-15,US,Iowa,Clay,460,4,0,43.08247182,-95.15096481,19041.0,2872.1278721278723,0.8695652173913043,456,449,4,0,445,442,16134,11,0,0,11,7
2020-10-15,US,Iowa,Clayton,332,3,0,42.84443388,-91.34133693,19043.0,1891.8456892130605,0.9036144578313252,329,328,3,0,325,322,17556,4,0,0,4,6
2020-10-15,US,Iowa,Clinton,1321,25,0,41.89981633,-90.53275096,19045.0,2845.204505804562,1.8925056775170328,1296,1306,25,0,1281,1291,46518,15,0,0,15,15
2020-10-15,US,Iowa,Crawford,1280,12,0,42.03718237,-95.3819718,19047.0,7609.988109393579,0.9375,1268,1269,12,0,1257,1256,17158,11,0,0,11,13
2020-10-15,US,Iowa,Dallas,3214,43,0,41.68560356,-94.04127625,19049.0,3439.1619316661854,1.3378967019290604,3171,3189,42,0,3147,3149,90180,25,1,0,24,40
2020-10-15,US,Iowa,Davis,150,4,0,40.74773536,-92.41005468,19051.0,1666.666666666667,2.6666666666666665,146,150,4,0,146,145,9017,0,0,0,0,5
2020-10-15,US,Iowa,Decatur,119,0,0,40.73742757,-93.78645949,19053.0,1512.0711562897077,0.0,119,112,0,0,112,109,7890,7,0,0,7,3
2020-10-15,US,Iowa,Delaware,633,8,0,42.47104597,-91.3664492,19055.0,3721.121627182411,1.263823064770932,625,617,8,0,609,594,17069,16,0,0,16,23
2020-10-15,US,Iowa,Des Moines,1104,9,0,40.92012606,-91.18326592,19057.0,2833.1665255215953,0.8152173913043478,1095,1081,9,0,1072,1020,39138,23,0,0,23,61
2020-10-15,US,Iowa,Dickinson,663,7,0,43.37787725,-95.1510206,19059.0,3841.696604473288,1.0558069381598794,656,650,7,0,643,636,17153,13,0,0,13,14
2020-10-15,US,Iowa,Dubuque,4423,52,0,42.46815349,-90.88181925,19061.0,4545.220992488003,1.175672620393398,4371,4341,50,0,4291,4267,96854,82,2,0,80,74
2020-10-15,US,Iowa,Emmet,376,14,0,43.37782951,-94.67858943,19063.0,4083.405734144223,3.723404255319149,362,364,14,0,350,358,9253,12,0,0,12,6
2020-10-15,US,Iowa,Fayette,320,2,0,42.86271799,-91.84412309999999,19065.0,1628.498727735369,0.625,318,309,2,0,307,298,19660,11,0,0,11,11
2020-10-15,US,Iowa,Floyd,407,11,0,43.06000529999999,-92.78940097,19067.0,2601.96905766526,2.702702702702702,396,400,11,0,389,397,15761,7,0,0,7,3
2020-10-15,US,Iowa,Franklin,365,18,0,42.73270384,-93.26256925,19069.0,3624.6276067527306,4.931506849315068,347,364,18,0,346,363,10124,1,0,0,1,1
2020-10-15,US,Iowa,Fremont,176,1,0,40.74542720000001,-95.60129045,19071.0,2528.735632183908,0.5681818181818182,175,168,0,0,168,166,6993,8,1,0,7,2
2020-10-15,US,Iowa,Greene,158,0,0,42.03614551,-94.39658081,19073.0,1777.6777677767777,0.0,158,157,0,0,157,154,8981,1,0,0,1,3
2020-10-15,US,Iowa,Grundy,265,4,0,42.40183723,-92.78829551,19075.0,2166.4486592544145,1.509433962264151,261,262,4,0,258,260,12304,3,0,0,3,2
2020-10-15,US,Iowa,Guthrie,353,14,0,41.68378965,-94.50111014,19077.0,3302.4604733838523,3.966005665722379,339,349,14,0,335,343,10720,4,0,0,4,6
2020-10-15,US,Iowa,Hamilton,422,3,0,42.38382428,-93.70197703,19079.0,2856.562648074189,0.7109004739336493,419,420,3,0,417,406,14952,2,0,0,2,14
2020-10-15,US,Iowa,Hancock,261,4,0,43.08178477,-93.73454884,19081.0,2455.3151458137345,1.5325670498084292,257,253,4,0,249,252,10712,8,0,0,8,1
2020-10-15,US,Iowa,Hardin,408,5,0,42.38353877,-93.23654611,19083.0,2421.9399263920222,1.2254901960784317,403,392,5,0,387,380,16868,16,0,0,16,12
2020-10-15,US,Iowa,Harrison,524,7,0,41.68330137,-95.81558439,19085.0,3729.8028329418457,1.3358778625954195,517,510,6,0,504,472,14134,14,1,0,13,38
2020-10-15,US,Iowa,Henry,946,5,0,40.98767962,-91.54436349,19087.0,4740.90407938258,0.5285412262156448,941,937,5,0,932,922,20067,9,0,0,9,15
2020-10-15,US,Iowa,Howard,230,8,0,43.35671042,-92.31702714,19089.0,2511.4653854553394,3.4782608695652173,222,223,8,0,215,220,9187,7,0,0,7,3
2020-10-15,US,Iowa,Humboldt,270,3,0,42.7764426,-94.20722537,19091.0,2824.858757062147,1.1111111111111112,267,268,3,0,265,257,9547,2,0,0,2,11
2020-10-15,US,Iowa,Ida,172,2,0,42.38696136,-95.51355387,19093.0,2507.288629737609,1.162790697674419,170,170,2,0,168,167,6841,2,0,0,2,3
2020-10-15,US,Iowa,Iowa,361,2,0,41.68630265,-92.0643373,19095.0,2230.5981216015816,0.554016620498615,359,354,2,0,352,336,16141,7,0,0,7,18
2020-10-15,US,Iowa,Jackson,488,3,0,42.17178824,-90.57354837,19097.0,2510.4172025309945,0.6147540983606558,485,468,3,0,465,461,19432,20,0,0,20,7
2020-10-15,US,Iowa,Jasper,993,34,0,41.68576082,-93.05567785,19099.0,2670.431625655506,3.4239677744209467,959,991,35,0,956,981,37147,2,-1,0,3,10
2020-10-15,US,Iowa,Jefferson,182,1,0,41.03192394,-91.94849466,19101.0,994.8073244055753,0.5494505494505495,181,179,1,0,178,177,18381,3,0,0,3,2
2020-10-15,US,Iowa,Johnson,5559,30,0,41.67169354,-91.58754744,19103.0,3678.046843985709,0.5396654074473827,5529,5530,30,0,5500,5504,151260,29,0,0,29,26
2020-10-15,US,Iowa,Jones,378,3,0,42.12118609,-91.13139641,19105.0,1827.7646148638848,0.7936507936507936,375,368,3,0,365,362,20744,10,0,0,10,6
2020-10-15,US,Iowa,Keokuk,135,1,0,41.33649833,-92.1785067,19107.0,1317.5873511614286,0.7407407407407407,134,134,1,0,133,133,10225,1,0,0,1,1
2020-10-15,US,Iowa,Kossuth,404,0,0,43.20405458,-94.20691791,19109.0,2727.3340984270567,0.0,404,396,0,0,396,384,14908,8,0,0,8,12
2020-10-15,US,Iowa,Lee,825,9,0,40.64181461,-91.48183025,19111.0,2451.198859078349,1.0909090909090908,816,803,9,0,794,781,34055,22,0,0,22,22
2020-10-15,US,Iowa,Linn,4864,122,0,42.07923082,-91.59809485,19113.0,2145.510043845333,2.5082236842105257,4742,4820,122,0,4698,4745,225909,44,0,0,44,75
2020-10-15,US,Iowa,Louisa,476,15,0,41.21842119,-91.26102611,19115.0,4313.54780244676,3.1512605042016806,461,475,15,0,460,470,11169,1,0,0,1,5
2020-10-15,US,Iowa,Lucas,178,6,0,41.02958964,-93.32780803,19117.0,2069.767441860465,3.3707865168539324,172,178,6,0,172,173,8645,0,0,0,0,5
2020-10-15,US,Iowa,Lyon,498,7,0,43.38107862,-96.20926845,19119.0,4236.4951084644845,1.4056224899598393,491,492,5,0,487,479,11811,6,2,0,4,13
2020-10-15,US,Iowa,Madison,329,2,0,41.33081904,-94.01554631,19121.0,2013.7103684661527,0.6079027355623101,327,321,2,0,319,317,16249,8,0,0,8,4
2020-10-15,US,Iowa,Mahaska,567,22,0,41.33521503,-92.64083907,19123.0,2566.191446028513,3.880070546737213,545,556,22,0,534,544,22000,11,0,0,11,12
2020-10-15,US,Iowa,Marion,895,10,0,41.33445101,-93.09934783,19125.0,2691.4864824226383,1.11731843575419,885,887,10,0,877,879,33407,8,0,0,8,8
2020-10-15,US,Iowa,Marshall,1890,36,0,42.03586837,-92.99908190000001,19127.0,4800.731540044198,1.9047619047619049,1854,1883,36,0,1847,1875,39981,7,0,0,7,8
2020-10-15,US,Iowa,Mills,307,1,0,41.03299766,-95.61920963,19129.0,2031.9015156529224,0.3257328990228013,306,302,1,0,301,290,15063,5,0,0,5,12
2020-10-15,US,Iowa,Mitchell,211,0,0,43.35638371,-92.78887719,19131.0,1993.1985641413187,0.0,211,211,0,0,211,211,10569,0,0,0,0,0
2020-10-15,US,Iowa,Monona,220,1,0,42.05220391,-95.95743843,19133.0,2553.6854323853745,0.4545454545454545,219,209,1,0,208,205,8679,11,0,0,11,4
2020-10-15,US,Iowa,Monroe,226,11,0,41.02988815,-92.8690667,19135.0,2932.399117685221,4.867256637168142,215,224,11,0,213,211,7790,2,0,0,2,13
2020-10-15,US,Iowa,Montgomery,144,5,0,41.03018714,-95.15642896,19137.0,1452.052031864475,3.4722222222222223,139,139,5,0,134,138,10003,5,0,0,5,1
2020-10-15,US,Iowa,Muscatine,1264,57,0,41.48370744,-91.11216970000001,19139.0,2962.685167822989,4.509493670886076,1207,1254,57,0,1197,1239,42929,10,0,0,10,15
2020-10-15,US,Iowa,O'Brien,540,9,0,43.08310673,-95.62474482,19141.0,3926.416054678979,1.6666666666666667,531,536,9,0,527,528,13840,4,0,0,4,8
2020-10-15,US,Iowa,Osceola,236,0,0,43.37824276,-95.62422844,19143.0,3961.0607586438396,0.0,236,231,0,0,231,218,6040,5,0,0,5,13
2020-10-15,US,Iowa,Page,322,0,0,40.7393172,-95.1497813,19145.0,2131.4622360495136,0.0,322,304,0,0,304,299,15249,18,0,0,18,5
2020-10-15,US,Iowa,Palo Alto,273,1,0,43.08193849,-94.67824621,19147.0,3072.248480756246,0.3663003663003663,272,267,1,0,266,264,8929,6,0,0,6,3
2020-10-15,US,Iowa,Plymouth,1469,24,0,42.737633,-96.21366621,19149.0,5834.690392024467,1.6337644656228727,1445,1447,24,0,1423,1423,25095,22,0,0,22,24
2020-10-15,US,Iowa,Pocahontas,197,2,0,42.73420133,-94.67862564,19151.0,2976.2804048949993,1.0152284263959392,195,195,2,0,193,194,6740,2,0,0,2,1
2020-10-15,US,Iowa,Polk,17573,281,0,41.68679484,-93.57767461,19153.0,3585.1485532304687,1.5990439879360383,17292,17467,278,0,17189,17333,487204,106,3,0,103,134
2020-10-15,US,Iowa,Pottawattamie,2791,43,0,41.33640314,-95.53907776,19155.0,2994.442417870095,1.5406664278036546,2748,2740,43,0,2697,2700,93533,51,0,0,51,40
2020-10-15,US,Iowa,Poweshiek,403,11,0,41.68625425,-92.53155731,19157.0,2177.9074794639,2.729528535980149,392,400,11,0,389,394,18699,3,0,0,3,6
2020-10-15,US,Iowa,Ringgold,80,2,0,40.73518949,-94.24368535,19159.0,1634.6546791990193,2.5,78,82,2,0,80,69,4968,-2,0,0,-2,13
2020-10-15,US,Iowa,Sac,346,2,0,42.38624071,-95.10547892,19161.0,3559.3045982923572,0.5780346820809249,344,340,2,0,338,337,9719,6,0,0,6,3
2020-10-15,US,Iowa,Scott,3821,32,0,41.63935978,-90.61959493,19163.0,2209.3984723290328,0.8374771002355405,3789,3764,32,0,3732,3669,173283,57,0,0,57,95
2020-10-15,US,Iowa,Shelby,329,1,0,41.6850066,-95.31015553,19165.0,2872.3590012222803,0.30395136778115506,328,325,1,0,324,316,11578,4,0,0,4,9
2020-10-15,US,Iowa,Sioux,2218,11,0,43.08221074,-96.17675679999999,19167.0,6363.505953234829,0.4959422903516682,2207,2192,11,0,2181,2137,34909,26,0,0,26,55
2020-10-15,US,Iowa,Story,3776,17,0,42.03621213,-93.46499005,19169.0,3888.0937425991333,0.4502118644067797,3759,3760,17,0,3743,3737,98105,16,0,0,16,23
2020-10-15,US,Iowa,Tama,879,36,0,42.07991767,-92.53266945,19171.0,5215.379138483446,4.09556313993174,843,871,35,0,836,862,16904,8,1,0,7,9
2020-10-15,US,Iowa,Taylor,208,2,0,40.73710579,-94.69778563,19173.0,3398.1375592223494,0.9615384615384616,206,205,2,0,203,203,6191,3,0,0,3,2
2020-10-15,US,Iowa,Unassigned,7,0,0,0.0,0.0,90019.0,0.0,0.0,7,11,0,0,11,10,,-4,0,0,-4,1
2020-10-15,US,Iowa,Union,201,3,0,41.0277278,-94.24234847,19175.0,1642.0227105628626,1.492537313432836,198,198,3,0,195,190,12359,3,0,0,3,8
2020-10-15,US,Iowa,Van Buren,144,2,0,40.75326764,-91.95017958,19177.0,2044.2930153321977,1.3888888888888888,142,142,2,0,140,143,7020,2,0,0,2,-1
2020-10-15,US,Iowa,Wapello,1453,60,0,41.03064984,-92.40954728,19179.0,4155.108810660871,4.129387474191328,1393,1443,60,0,1383,1440,35205,10,0,0,10,3
2020-10-15,US,Iowa,Warren,1107,6,0,41.33559454,-93.56007641,19181.0,2150.9345975984147,0.5420054200542005,1101,1095,6,0,1089,1079,51056,12,0,0,12,16
2020-10-15,US,Iowa,Washington,585,11,0,41.33577126,-91.71725711,19183.0,2663.328021852948,1.8803418803418803,574,579,11,0,568,569,22141,6,0,0,6,10
2020-10-15,US,Iowa,Wayne,110,3,0,40.73969028,-93.32752197,19185.0,1707.8093463747864,2.727272727272727,107,109,3,0,106,109,6401,1,0,0,1,0
2020-10-15,US,Iowa,Webster,1636,14,0,42.42853483,-94.17987389,19187.0,4556.595365418895,0.8557457212713936,1622,1622,14,0,1608,1590,36277,14,0,0,14,32
2020-10-15,US,Iowa,Winnebago,390,16,0,43.37751174,-93.73407298,19189.0,3766.660227931234,4.102564102564102,374,383,16,0,367,372,10518,7,0,0,7,11
2020-10-15,US,Iowa,Winneshiek,408,9,0,43.29094334,-91.84422722,19191.0,2040.9184132859787,2.2058823529411766,399,402,9,0,393,397,20029,6,0,0,6,5
2020-10-15,US,Iowa,Woodbury,6605,83,0,42.38979414,-96.0459439,19193.0,6405.966617203488,1.2566237698713096,6522,6553,82,0,6471,6458,102539,52,1,0,51,95
2020-10-15,US,Iowa,Worth,124,0,0,43.37750768,-93.26087602,19195.0,1679.9891613602492,0.0,124,121,0,0,121,119,7453,3,0,0,3,2
2020-10-15,US,Iowa,Wright,673,1,0,42.73305373,-93.73515113,19197.0,5357.427161280051,0.1485884101040119,672,671,1,0,670,665,12690,2,0,0,2,6
2020-10-15,US,Kansas,Allen,104,1,0,37.88582951,-95.30030847,20001.0,840.8117066860699,0.9615384615384616,103,104,1,0,103,97,12444,0,0,0,0,7
2020-10-15,US,Kansas,Anderson,113,0,0,38.21413251,-95.29272815,20003.0,1438.02494273352,0.0,113,113,0,0,113,86,7878,0,0,0,0,27
2020-10-15,US,Kansas,Atchison,460,4,0,39.53185661,-95.30870026,20005.0,2861.9423878554107,0.8695652173913043,456,460,4,0,456,437,16193,0,0,0,0,23
2020-10-15,US,Kansas,Barber,24,0,0,37.2288586,-98.68460053,20007.0,542.1278518183872,0.0,24,24,0,0,24,23,4472,0,0,0,0,1
2020-10-15,US,Kansas,Barton,645,7,0,38.47889676,-98.75636726,20009.0,2502.036541370883,1.0852713178294573,638,645,7,0,638,645,26111,0,0,0,0,0
2020-10-15,US,Kansas,Bourbon,267,3,0,37.85508555,-94.84865997,20011.0,1837.0716939589927,1.1235955056179776,264,267,3,0,264,215,14653,0,0,0,0,52
2020-10-15,US,Kansas,Brown,182,5,0,39.82652589,-95.56421698,20013.0,1902.9694688414886,2.7472527472527477,177,173,5,0,168,173,9598,9,0,0,9,0
2020-10-15,US,Kansas,Butler,749,3,0,37.78134351,-96.83878537,20015.0,1119.3974084978554,0.4005340453938585,746,744,3,0,741,730,66765,5,0,0,5,14
2020-10-15,US,Kansas,Chase,87,2,0,38.30292938,-96.59563862,20017.0,3285.498489425982,2.2988505747126435,85,87,2,0,85,87,2629,0,0,0,0,0
2020-10-15,US,Kansas,Chautauqua,22,0,0,37.14994405,-96.2454192,20019.0,676.9230769230769,0.0,22,22,0,0,22,22,3309,0,0,0,0,0
2020-10-15,US,Kansas,Cherokee,606,7,0,37.16928494,-94.8462897,20021.0,3039.2697728070616,1.155115511551155,599,578,7,0,571,578,20015,28,0,0,28,0
2020-10-15,US,Kansas,Cheyenne,88,5,0,39.78580976,-101.7318201,20023.0,3312.00602182913,5.6818181818181825,83,88,5,0,83,85,2660,0,0,0,0,3
2020-10-15,US,Kansas,Clark,58,1,0,37.23577007,-99.81883015,20025.0,2908.7261785356072,1.7241379310344829,57,58,1,0,57,57,2005,0,0,0,0,1
2020-10-15,US,Kansas,Clay,63,2,0,39.34948772,-97.16518128,20027.0,787.3031742064484,3.1746031746031744,61,63,2,0,61,63,7997,0,0,0,0,0
2020-10-15,US,Kansas,Cloud,94,1,0,39.48028352,-97.64925343,20029.0,1069.883906214432,1.0638297872340423,93,94,1,0,93,87,8729,0,0,0,0,7
2020-10-15,US,Kansas,Coffey,136,9,0,38.2365018,-95.73379515,20031.0,1662.7949627093774,6.617647058823528,127,136,9,0,127,136,8233,0,0,0,0,0
2020-10-15,US,Kansas,Comanche,19,0,0,37.19114520000001,-99.27113247,20033.0,1117.6470588235297,0.0,19,19,0,0,19,19,1748,0,0,0,0,0
2020-10-15,US,Kansas,Cowley,440,9,0,37.23781842,-96.83776647,20035.0,1260.4560559184142,2.0454545454545454,431,440,9,0,431,430,35218,0,0,0,0,10
2020-10-15,US,Kansas,Crawford,1226,10,0,37.50675523,-94.85245778,20037.0,3158.3286104384565,0.8156606851549756,1216,1131,8,0,1123,1131,39019,95,2,0,93,0
2020-10-15,US,Kansas,Decatur,41,1,0,39.78468441,-100.45940809999999,20039.0,1450.300672090555,2.4390243902439024,40,41,1,0,40,41,2871,0,0,0,0,0
2020-10-15,US,Kansas,Dickinson,260,3,0,38.86600962,-97.15532383,20041.0,1407.9930683418177,1.1538461538461535,257,260,3,0,257,255,18717,0,0,0,0,5
2020-10-15,US,Kansas,Doniphan,141,0,0,39.79067154,-95.14056866,20043.0,1855.2631578947367,0.0,141,141,0,0,141,141,7682,0,0,0,0,0
2020-10-15,US,Kansas,Douglas,2684,14,0,38.88503636,-95.2925121,20045.0,2195.339402416182,0.5216095380029806,2670,2663,14,0,2649,2645,121436,21,0,0,21,18
2020-10-15,US,Kansas,Edwards,60,0,0,37.88735543,-99.31263309,20047.0,2144.3888491779844,0.0,60,60,0,0,60,60,2849,0,0,0,0,0
2020-10-15,US,Kansas,Elk,13,0,0,37.45338105,-96.24369667,20049.0,513.8339920948616,0.0,13,13,0,0,13,13,2508,0,0,0,0,0
2020-10-15,US,Kansas,Ellis,1239,14,0,38.91458712,-99.31751551,20051.0,4339.298847756803,1.1299435028248588,1225,1239,14,0,1225,1215,28710,0,0,0,0,24
2020-10-15,US,Kansas,Ellsworth,133,0,0,38.69677695,-98.20462799,20053.0,2179.613241560144,0.0,133,133,0,0,133,130,6196,0,0,0,0,3
2020-10-15,US,Kansas,Finney,2567,16,0,38.04340344,-100.73819379999999,20055.0,7039.240957578084,0.6232956758862486,2551,2525,14,0,2511,2474,36611,42,2,0,40,51
2020-10-15,US,Kansas,Ford,3073,13,0,37.69200114,-99.88825298,20057.0,9140.664505190518,0.4230393752033843,3060,3073,13,0,3060,3021,33888,0,0,0,0,52
2020-10-15,US,Kansas,Franklin,471,3,0,38.56443815,-95.28644341,20059.0,1843.8772314437838,0.6369426751592356,468,471,3,0,468,462,25631,0,0,0,0,9
2020-10-15,US,Kansas,Geary,356,4,0,38.99871131,-96.7577178,20061.0,1124.0922008209661,1.1235955056179776,352,346,4,0,342,338,32594,10,0,0,10,8
2020-10-15,US,Kansas,Gove,136,2,0,38.91588178,-100.4829321,20063.0,5159.332321699545,1.4705882352941178,134,136,2,0,134,136,2612,0,0,0,0,0
2020-10-15,US,Kansas,Graham,56,1,0,39.34987223,-99.88332493,20065.0,2256.2449637389204,1.7857142857142858,55,56,1,0,55,56,2492,0,0,0,0,0
2020-10-15,US,Kansas,Grant,379,8,0,37.56227336,-101.3079758,20067.0,5300.699300699301,2.1108179419525066,371,371,8,0,363,366,7336,8,0,0,8,5
2020-10-15,US,Kansas,Gray,181,0,0,37.73836671,-100.4369088,20069.0,3022.7120908483635,0.0,181,181,0,0,181,181,6033,0,0,0,0,0
2020-10-15,US,Kansas,Greeley,22,0,0,38.4808095,-101.8061079,20071.0,1785.7142857142858,0.0,22,22,0,0,22,22,1227,0,0,0,0,0
2020-10-15,US,Kansas,Greenwood,66,0,0,37.8774388,-96.23250453,20073.0,1103.3099297893682,0.0,66,66,0,0,66,64,6055,0,0,0,0,2
2020-10-15,US,Kansas,Hamilton,48,0,0,37.99978709,-101.7921066,20075.0,1890.5080740449,0.0,48,48,0,0,48,47,2607,0,0,0,0,1
2020-10-15,US,Kansas,Harper,126,2,0,37.19175361,-98.07578384,20077.0,2317.880794701987,1.5873015873015872,124,126,2,0,124,126,5506,0,0,0,0,0
2020-10-15,US,Kansas,Harvey,461,7,0,38.04293782,-97.42747573,20079.0,1338.987481483633,1.5184381778741864,454,461,7,0,454,441,34210,0,0,0,0,20
2020-10-15,US,Kansas,Haskell,103,1,0,37.562039399999996,-100.8710738,20081.0,2595.766129032258,0.9708737864077671,102,103,1,0,102,103,3997,0,0,0,0,0
2020-10-15,US,Kansas,Hodgeman,30,0,0,38.08780079,-99.89829881,20083.0,1672.2408026755857,0.0,30,30,0,0,30,30,1818,0,0,0,0,0
2020-10-15,US,Kansas,Jackson,280,4,0,39.41673394,-95.79356799,20085.0,2125.882620909574,1.4285714285714286,276,277,3,0,274,277,13280,3,1,0,2,0
2020-10-15,US,Kansas,Jefferson,237,4,0,39.2347941,-95.38289232,20087.0,1244.5518038124244,1.6877637130801688,233,237,4,0,233,237,18975,0,0,0,0,0
2020-10-15,US,Kansas,Jewell,20,1,0,39.78470589,-98.21820662,20089.0,694.6856547412295,5.0,19,20,1,0,19,20,2841,0,0,0,0,0
2020-10-15,US,Kansas,Johnson,12685,171,0,38.88548175,-94.82250877,20091.0,2105.7401963144152,1.3480488766259362,12514,12562,171,0,12391,12452,597555,123,0,0,123,110
2020-10-15,US,Kansas,Kearny,120,3,0,38.00017981,-101.32168100000001,20093.0,3126.628452318916,2.5,117,120,3,0,117,114,3943,0,0,0,0,6
2020-10-15,US,Kansas,Kingman,107,3,0,37.55909527,-98.13638678,20095.0,1496.0850111856823,2.803738317757009,104,107,3,0,104,104,7310,0,0,0,0,3
2020-10-15,US,Kansas,Kiowa,43,0,0,37.55848695,-99.2856537,20097.0,1737.3737373737374,0.0,43,43,0,0,43,43,2516,0,0,0,0,0
2020-10-15,US,Kansas,Labette,330,5,0,37.19113093,-95.29849679,20099.0,1682.1286573554898,1.5151515151515151,325,310,5,0,305,287,19964,20,0,0,20,23
2020-10-15,US,Kansas,Lane,16,0,0,38.48119447,-100.46607540000001,20101.0,1042.3452768729644,0.0,16,16,0,0,16,16,1560,0,0,0,0,0
2020-10-15,US,Kansas,Leavenworth,2386,17,0,39.20183497,-95.03620809,20103.0,2918.3688446390565,0.7124895222129086,2369,2386,17,0,2369,2377,81352,0,0,0,0,9
2020-10-15,US,Kansas,Lincoln,15,1,0,39.04549684,-98.20756994,20105.0,506.41458474004054,6.666666666666668,14,15,1,0,14,15,3023,0,0,0,0,0
2020-10-15,US,Kansas,Linn,109,1,0,38.21267844,-94.84254089,20107.0,1123.3639080696692,0.9174311926605504,108,109,1,0,108,93,9750,0,0,0,0,16
2020-10-15,US,Kansas,Logan,68,0,0,38.91735806,-101.148475,20109.0,2433.78668575519,0.0,68,68,0,0,68,68,2844,0,0,0,0,0
2020-10-15,US,Kansas,Lyon,1232,37,0,38.45576156,-96.15275715,20111.0,3711.4023196264498,3.0032467532467533,1195,1226,37,0,1189,1215,33406,6,0,0,6,11
2020-10-15,US,Kansas,Marion,99,1,0,38.35855394,-97.09852509999999,20115.0,833.0528441602153,1.0101010101010102,98,99,1,0,98,97,11950,0,0,0,0,2
2020-10-15,US,Kansas,Marshall,56,0,0,39.78359669,-96.52278974,20117.0,576.9032656845575,0.0,56,56,0,0,56,53,9722,0,0,0,0,3
2020-10-15,US,Kansas,McPherson,338,5,0,38.39184858,-97.64769869,20113.0,1184.2197463387288,1.4792899408284024,333,330,5,0,325,330,28537,8,0,0,8,0
2020-10-15,US,Kansas,Meade,137,1,0,37.23859987,-100.36483100000001,20119.0,3396.974956607984,0.7299270072992701,136,137,1,0,136,137,4146,0,0,0,0,0
2020-10-15,US,Kansas,Miami,474,2,0,38.56383358,-94.83832189,20121.0,1384.4670970003212,0.4219409282700422,472,474,2,0,472,443,33680,0,0,0,0,31
2020-10-15,US,Kansas,Mitchell,57,0,0,39.39331582,-98.20906732,20123.0,953.33667837431,0.0,57,57,0,0,57,57,6150,0,0,0,0,0
2020-10-15,US,Kansas,Montgomery,540,6,0,37.19236568,-95.74329258,20125.0,1696.566024694461,1.1111111111111112,534,540,6,0,534,540,32120,0,0,0,0,0
2020-10-15,US,Kansas,Morris,48,0,0,38.68827511,-96.65128437,20127.0,854.0925266903914,0.0,48,48,0,0,48,46,5521,0,0,0,0,2
2020-10-15,US,Kansas,Morton,32,2,0,37.19141121,-101.79925190000002,20129.0,1236.954000773096,6.25,30,32,2,0,30,32,2667,0,0,0,0,0
2020-10-15,US,Kansas,Nemaha,215,1,0,39.78345387,-96.01392079,20131.0,2101.4563581272605,0.4651162790697674,214,215,1,0,214,215,10155,0,0,0,0,0
2020-10-15,US,Kansas,Neosho,201,0,0,37.55862897,-95.30670046,20133.0,1255.7006309739488,0.0,201,201,0,0,201,193,15951,0,0,0,0,8
2020-10-15,US,Kansas,Ness,107,8,0,38.47974157,-99.91547333,20135.0,3890.909090909091,7.4766355140186915,99,107,8,0,99,107,2840,0,0,0,0,0
2020-10-15,US,Kansas,Norton,204,1,0,39.78443827,-99.90286639,20137.0,3805.2602126468933,0.4901960784313725,203,204,1,0,203,199,5430,0,0,0,0,5
2020-10-15,US,Kansas,Osage,132,1,0,38.65235984,-95.72707998,20139.0,827.6380964323782,0.7575757575757576,131,132,1,0,131,129,15941,0,0,0,0,3
2020-10-15,US,Kansas,Osborne,18,0,0,39.3503437,-98.76753828,20141.0,526.1619409529377,0.0,18,18,0,0,18,18,3475,0,0,0,0,0
2020-10-15,US,Kansas,Ottawa,97,0,0,39.13237408,-97.65020313,20143.0,1700.5610098176721,0.0,97,97,0,0,97,94,5802,0,0,0,0,3
2020-10-15,US,Kansas,Pawnee,406,1,0,38.18108732,-99.23692334,20145.0,6329.903336451513,0.24630541871921185,405,406,1,0,405,397,6562,0,0,0,0,9
2020-10-15,US,Kansas,Phillips,150,9,0,39.78465501,-99.34668865,20147.0,2865.876958349255,6.0,141,149,9,0,140,147,5317,1,0,0,1,2
2020-10-15,US,Kansas,Pottawatomie,339,0,0,39.37925655,-96.34564657,20149.0,1390.3129229381127,0.0,339,307,0,0,307,307,24277,32,0,0,32,0
2020-10-15,US,Kansas,Pratt,96,0,0,37.64780729,-98.73922153,20151.0,1047.5774770842427,0.0,96,96,0,0,96,92,9378,0,0,0,0,4
2020-10-15,US,Kansas,Rawlins,67,0,0,39.78525843,-101.07616170000001,20153.0,2648.221343873518,0.0,67,67,0,0,67,66,2508,0,0,0,0,1
2020-10-15,US,Kansas,Reno,1554,9,0,37.95230263,-98.08607292,20155.0,2506.532468789316,0.5791505791505791,1545,1522,8,0,1514,1476,62342,32,1,0,31,46
2020-10-15,US,Kansas,Republic,62,1,0,39.82799632,-97.65036709,20157.0,1337.3597929249354,1.6129032258064515,61,62,1,0,61,60,4664,0,0,0,0,2
2020-10-15,US,Kansas,Rice,107,1,0,38.34616184,-98.19992118,20159.0,1121.9461046450663,0.9345794392523364,106,107,1,0,106,99,9531,0,0,0,0,8
2020-10-15,US,Kansas,Riley,2015,9,0,39.28935726,-96.73420026,20161.0,2714.4627653842012,0.4466501240694789,2006,2015,9,0,2006,1980,73703,0,0,0,0,35
2020-10-15,US,Kansas,Rooks,130,7,0,39.35022773,-99.32484567,20163.0,2642.276422764228,5.384615384615384,123,130,7,0,123,130,5013,0,0,0,0,0
2020-10-15,US,Kansas,Rush,93,0,0,38.52275276,-99.30863983,20165.0,3063.2411067193675,0.0,93,93,0,0,93,93,3093,0,0,0,0,0
2020-10-15,US,Kansas,Russell,155,3,0,38.91462787,-98.76254297,20167.0,2260.793465577596,1.935483870967742,152,155,3,0,152,142,6907,0,0,0,0,13
2020-10-15,US,Kansas,Saline,934,12,0,38.78369175,-97.65185177,20169.0,1722.4845087046326,1.284796573875803,922,934,12,0,922,910,54401,0,0,0,0,24
2020-10-15,US,Kansas,Scott,158,1,0,38.48222076,-100.90665390000001,20171.0,3275.969313705163,0.6329113924050633,157,151,1,0,150,146,4897,7,0,0,7,5
2020-10-15,US,Kansas,Sedgwick,9673,114,0,37.6842718,-97.4608198,20173.0,1874.4598307889667,1.1785381991109274,9559,9547,107,0,9440,9486,513607,126,7,0,119,61
2020-10-15,US,Kansas,Seward,1948,7,0,37.19324632,-100.85072009999999,20175.0,9090.90909090909,0.3593429158110883,1941,1896,7,0,1889,1896,21780,52,0,0,52,0
2020-10-15,US,Kansas,Shawnee,3136,65,0,39.04100763,-95.75572640000001,20177.0,1773.0035335689047,2.072704081632653,3071,3107,65,0,3042,3080,177499,29,0,0,29,27
2020-10-15,US,Kansas,Sheridan,86,0,0,39.35018161,-100.44182590000001,20179.0,3411.3447044823492,0.0,86,86,0,0,86,65,2533,0,0,0,0,21
2020-10-15,US,Kansas,Sherman,130,0,0,39.35147699,-101.71976240000001,20181.0,2197.059320601656,0.0,130,130,0,0,130,109,5899,0,0,0,0,21
2020-10-15,US,Kansas,Smith,19,0,0,39.78516566,-98.78566062,20183.0,530.2818866871337,0.0,19,19,0,0,19,17,3603,0,0,0,0,2
2020-10-15,US,Kansas,Stafford,65,1,0,38.03100851,-98.71762001,20185.0,1564.0038498556305,1.5384615384615383,64,65,1,0,64,63,4178,0,0,0,0,2
2020-10-15,US,Kansas,Stanton,48,2,0,37.56304714,-101.78435340000001,20187.0,2392.8215353938185,4.166666666666667,46,48,2,0,46,48,1987,0,0,0,0,0
2020-10-15,US,Kansas,Stevens,194,1,0,37.1923008,-101.3118967,20189.0,3536.918869644485,0.5154639175257731,193,194,1,0,193,188,5559,0,0,0,0,6
2020-10-15,US,Kansas,Sumner,225,3,0,37.23682549,-97.47721621,20191.0,985.2863899106674,1.3333333333333333,222,225,3,0,222,224,22996,0,0,0,0,1
2020-10-15,US,Kansas,Thomas,242,2,0,39.35107575,-101.0553705,20193.0,3111.739745403112,0.8264462809917356,240,237,2,0,235,229,7711,5,0,0,5,8
2020-10-15,US,Kansas,Trego,69,3,0,38.91467218,-99.87284448,20195.0,2461.6482340349626,4.3478260869565215,66,69,3,0,66,69,2793,0,0,0,0,0
2020-10-15,US,Kansas,Wabaunsee,75,1,0,38.95471985,-96.20350509,20197.0,1082.0949357957004,1.3333333333333333,74,75,1,0,74,74,6899,0,0,0,0,1
2020-10-15,US,Kansas,Wallace,27,0,0,38.91686134,-101.76388759999999,20199.0,1778.6561264822135,0.0,27,23,0,0,23,23,1503,4,0,0,4,0
2020-10-15,US,Kansas,Washington,26,0,0,39.78420784,-97.08753229999999,20201.0,480.94709581945983,0.0,26,26,0,0,26,26,5420,0,0,0,0,0
2020-10-15,US,Kansas,Wichita,10,0,0,38.48178252,-101.3471509,20203.0,471.92071731949034,0.0,10,10,0,0,10,10,2105,0,0,0,0,0
2020-10-15,US,Kansas,Wilson,79,2,0,37.55937174,-95.74323255,20205.0,926.6862170087976,2.5316455696202533,77,79,2,0,77,79,8665,0,0,0,0,0
2020-10-15,US,Kansas,Woodson,26,0,0,37.8865336,-95.74006277,20207.0,828.55321861058,0.0,26,26,0,0,26,24,3183,0,0,0,0,2
2020-10-15,US,Kansas,Wyandotte,7734,145,0,39.11727348,-94.76378225,20209.0,4675.117421975589,1.8748383760020688,7589,7695,143,0,7552,7629,165324,39,2,0,37,66
2020-10-15,US,Kentucky,Adair,422,19,0,37.10459774,-85.28129668,21001.0,2197.6877408603273,4.5023696682464465,403,418,19,0,399,402,19215,4,0,0,4,16
2020-10-15,US,Kentucky,Allen,455,9,0,36.75197631,-86.19457544,21003.0,2134.646962233169,1.978021978021978,446,448,9,0,439,447,21122,7,0,0,7,1
2020-10-15,US,Kentucky,Anderson,210,1,0,38.00671029,-84.99171713,21005.0,923.19866356003,0.4761904761904762,209,207,1,0,206,202,22663,3,0,0,3,5
2020-10-15,US,Kentucky,Ballard,63,1,0,37.05842757,-88.99427697,21007.0,798.6815415821501,1.5873015873015872,62,60,1,0,59,60,7979,3,0,0,3,0
2020-10-15,US,Kentucky,Barren,893,13,0,36.96469836,-85.93338945,21009.0,2018.124703383128,1.4557670772676372,880,879,13,0,866,870,44176,14,0,0,14,9
2020-10-15,US,Kentucky,Bath,99,1,0,38.14735938,-83.74588932,21011.0,792.0,1.0101010101010102,98,98,1,0,97,95,12383,1,0,0,1,3
2020-10-15,US,Kentucky,Bell,580,16,0,36.73355174,-83.67766671,21013.0,2228.0270436385986,2.7586206896551726,564,577,16,0,561,569,26569,3,0,0,3,8
2020-10-15,US,Kentucky,Boone,1848,25,0,38.97065142,-84.72615357,21015.0,1383.4302782581353,1.3528138528138531,1823,1831,25,0,1806,1813,131533,17,0,0,17,18
2020-10-15,US,Kentucky,Bourbon,256,1,0,38.2054607,-84.21827874,21017.0,1293.713361633313,0.390625,255,251,1,0,250,248,20184,5,0,0,5,3
2020-10-15,US,Kentucky,Boyd,560,15,0,38.36176608,-82.68652187,21019.0,1198.6814504045547,2.6785714285714284,545,559,15,0,544,555,47240,1,0,0,1,4
2020-10-15,US,Kentucky,Boyle,378,0,0,37.62680923,-84.8633779,21021.0,1257.4850299401198,0.0,378,367,0,0,367,357,30100,11,0,0,11,10
2020-10-15,US,Kentucky,Bracken,48,1,0,38.69158994,-84.08532444,21023.0,578.1042996507286,2.083333333333333,47,45,0,0,45,43,8239,3,1,0,2,2
2020-10-15,US,Kentucky,Breathitt,106,0,0,37.52333168,-83.31959161,21025.0,839.2715756136183,0.0,106,105,0,0,105,105,12726,1,0,0,1,0
2020-10-15,US,Kentucky,Breckinridge,163,2,0,37.77377239,-86.42885017,21027.0,796.0150412658104,1.2269938650306749,161,162,2,0,160,156,20388,1,0,0,1,6
2020-10-15,US,Kentucky,Bullitt,1144,13,0,37.97162523,-85.68955617,21029.0,1400.6562515304377,1.1363636363636365,1131,1124,13,0,1111,1086,81069,20,0,0,20,38
2020-10-15,US,Kentucky,Butler,377,16,0,37.20946153,-86.68748787,21031.0,2927.2459041851075,4.244031830238727,361,375,16,0,359,370,12772,2,0,0,2,5
2020-10-15,US,Kentucky,Caldwell,224,0,0,37.14749129,-87.86948214,21033.0,1757.2762218561234,0.0,224,218,0,0,218,207,12715,6,0,0,6,11
2020-10-15,US,Kentucky,Calloway,818,9,0,36.62093411,-88.2731593,21035.0,2097.3821184072203,1.1002444987775062,809,799,9,0,790,791,39135,19,0,0,19,8
2020-10-15,US,Kentucky,Campbell,1037,16,0,38.94384345,-84.37875208,21037.0,1108.0954009232348,1.5429122468659595,1021,1018,16,0,1002,1003,93152,19,0,0,19,15
2020-10-15,US,Kentucky,Carlisle,91,1,0,36.85372876,-88.96692220000001,21039.0,1911.764705882353,1.0989010989010992,90,90,1,0,89,88,4771,1,0,0,1,2
2020-10-15,US,Kentucky,Carroll,207,5,0,38.66599534,-85.12601074,21041.0,1947.1357351142885,2.415458937198068,202,206,5,0,201,207,10737,1,0,0,1,-1
2020-10-15,US,Kentucky,Carter,280,4,0,38.31690743,-83.05092385,21043.0,1044.8930850468337,1.4285714285714286,276,277,4,0,273,266,27004,3,0,0,3,11
2020-10-15,US,Kentucky,Casey,288,15,0,37.32533118,-84.92726209,21045.0,1782.2885079522248,5.208333333333333,273,287,15,0,272,285,15888,1,0,0,1,2
2020-10-15,US,Kentucky,Christian,1634,26,0,36.89267803,-87.49055367,21047.0,2319.0133549055504,1.591187270501836,1608,1614,25,0,1589,1595,71671,20,1,0,19,19
2020-10-15,US,Kentucky,Clark,408,10,0,37.9689263,-84.14615986,21049.0,1125.1137523095165,2.4509803921568634,398,409,10,0,399,407,36249,-1,0,0,-1,2
2020-10-15,US,Kentucky,Clay,408,6,0,37.16451126,-83.712575,21051.0,2050.1482337570983,1.4705882352941178,402,389,6,0,383,382,20105,19,0,0,19,7
2020-10-15,US,Kentucky,Clinton,177,2,0,36.72581156,-85.13377529,21053.0,1732.2372284204346,1.1299435028248588,175,172,2,0,170,164,10206,5,0,0,5,8
2020-10-15,US,Kentucky,Crittenden,139,1,0,37.35839237,-88.08826090000002,21055.0,1578.469225528049,0.7194244604316546,138,137,1,0,136,132,8915,2,0,0,2,5
2020-10-15,US,Kentucky,Cumberland,113,0,0,36.78926125,-85.39050034,21057.0,1708.4971273057156,0.0,113,113,0,0,113,112,6659,0,0,0,0,1
2020-10-15,US,Kentucky,Daviess,1742,24,0,37.73028906,-87.09019479999998,21059.0,1716.0701795864484,1.377726750861079,1718,1730,20,0,1710,1721,101104,12,4,0,8,9
2020-10-15,US,Kentucky,Edmonson,157,12,0,37.21218923,-86.23955613,21061.0,1292.1810699588475,7.643312101910827,145,154,12,0,142,153,12274,3,0,0,3,1
2020-10-15,US,Kentucky,Elliott,62,0,0,38.11624059,-83.09771563,21063.0,824.7971265132367,0.0,62,61,0,0,61,60,7508,1,0,0,1,1
2020-10-15,US,Kentucky,Estill,233,0,0,37.69241417,-83.95956369,21065.0,1651.7793846590102,0.0,233,232,0,0,232,228,14198,1,0,0,1,4
2020-10-15,US,Kentucky,Fayette,9557,82,0,38.0368225,-84.45576892,21067.0,2957.4317968015052,0.8580098357225071,9475,9399,82,0,9317,9308,323780,158,0,0,158,91
2020-10-15,US,Kentucky,Fleming,109,0,0,38.36758311,-83.69657514,21069.0,747.5481791372334,0.0,109,104,0,0,104,101,14432,5,0,0,5,3
2020-10-15,US,Kentucky,Floyd,254,4,0,37.56213922,-82.74750924,21071.0,713.7036724830707,1.5748031496062993,250,245,4,0,241,243,35845,9,0,0,9,2
2020-10-15,US,Kentucky,Franklin,771,13,0,38.2379395,-84.87962551,21073.0,1512.031534976761,1.6861219195849546,758,768,13,0,755,765,50815,3,0,0,3,3
2020-10-15,US,Kentucky,Fulton,209,3,0,36.55238827,-89.20140068,21075.0,3501.424024124645,1.4354066985645932,206,205,3,0,202,202,6120,4,0,0,4,3
2020-10-15,US,Kentucky,Gallatin,110,8,0,38.75398691,-84.8558382,21077.0,1240.2751155710905,7.272727272727272,102,110,8,0,102,110,8832,0,0,0,0,0
2020-10-15,US,Kentucky,Garrard,220,3,0,37.638866799999995,-84.53289319,21079.0,1245.3300124533,1.3636363636363635,217,214,3,0,211,211,17560,6,0,0,6,3
2020-10-15,US,Kentucky,Grant,213,6,0,38.64962758,-84.62415957,21081.0,849.6549523315649,2.8169014084507036,207,209,6,0,203,205,25121,4,0,0,4,4
2020-10-15,US,Kentucky,Graves,835,29,0,36.72292505,-88.65143315,21083.0,2240.6483121343854,3.4730538922155687,806,831,29,0,802,827,37317,4,0,0,4,4
2020-10-15,US,Kentucky,Grayson,443,15,0,37.46231118,-86.34248968,21085.0,1676.3158890528625,3.386004514672686,428,438,15,0,423,434,26321,5,0,0,5,4
2020-10-15,US,Kentucky,Green,304,8,0,37.26484328,-85.5540745,21087.0,2778.539438808153,2.631578947368421,296,302,8,0,294,297,11049,2,0,0,2,5
2020-10-15,US,Kentucky,Greenup,534,7,0,38.54332505,-82.9215658,21089.0,1521.454213915323,1.310861423220974,527,523,5,0,518,514,35268,11,2,0,9,9
2020-10-15,US,Kentucky,Hancock,111,1,0,37.83766422,-86.78280584,21091.0,1272.6438890162806,0.9009009009009008,110,110,1,0,109,107,8758,1,0,0,1,3
2020-10-15,US,Kentucky,Hardin,1620,12,0,37.6976111,-85.96319251,21093.0,1460.0118963932293,0.7407407407407407,1608,1599,12,0,1587,1567,110356,21,0,0,21,32
2020-10-15,US,Kentucky,Harlan,537,13,0,36.85699301,-83.21899516,21095.0,2064.5905420991926,2.4208566108007448,524,532,13,0,519,529,26409,5,0,0,5,3
2020-10-15,US,Kentucky,Harrison,229,1,0,38.44188174,-84.32869741,21097.0,1212.5383882240812,0.4366812227074236,228,229,1,0,228,223,18778,0,0,0,0,6
2020-10-15,US,Kentucky,Hart,246,1,0,37.29943898,-85.88461055,21099.0,1292.3561859732072,0.4065040650406504,245,232,1,0,231,219,18906,14,0,0,14,13
2020-10-15,US,Kentucky,Henderson,1143,17,0,37.79344553,-87.57392021,21101.0,2528.201725282017,1.4873140857392826,1126,1126,14,0,1112,1100,45591,17,3,0,14,26
2020-10-15,US,Kentucky,Henry,222,2,0,38.44942688,-85.11587507,21103.0,1376.658811856629,0.9009009009009008,220,221,2,0,219,217,16106,1,0,0,1,4
2020-10-15,US,Kentucky,Hickman,96,1,0,36.67948079999999,-88.97875928,21105.0,2191.7808219178078,1.0416666666666667,95,95,1,0,94,92,4421,1,0,0,1,3
2020-10-15,US,Kentucky,Hopkins,877,40,0,37.30939025,-87.54670406,21107.0,1962.583359441436,4.5610034207525665,837,851,40,0,811,824,45068,26,0,0,26,27
2020-10-15,US,Kentucky,Jackson,410,17,0,37.41866422,-83.99825483,21109.0,3075.9996999024684,4.146341463414634,393,406,17,0,389,403,13442,4,0,0,4,3
2020-10-15,US,Kentucky,Jefferson,18604,326,0,38.18664655,-85.65931031,21111.0,2426.322811529598,1.7523113308965814,18278,18386,323,0,18063,18121,770517,218,3,0,215,265
2020-10-15,US,Kentucky,Jessamine,787,1,0,37.87119786,-84.58252003,21113.0,1454.3102651760141,0.12706480304955528,786,784,1,0,783,765,53920,3,0,0,3,19
2020-10-15,US,Kentucky,Johnson,209,2,0,37.85106355,-82.8264322,21115.0,941.9506039300522,0.9569377990430622,207,206,2,0,204,201,22386,3,0,0,3,5
2020-10-15,US,Kentucky,Kenton,2308,49,0,38.93950319,-84.53241199,21117.0,1382.0524796704153,2.1230502599653382,2259,2287,49,0,2238,2259,166051,21,0,0,21,28
2020-10-15,US,Kentucky,Knott,285,2,0,37.35388197,-82.94981134,21119.0,1924.8953127110626,0.7017543859649122,283,263,1,0,262,262,15126,22,1,0,21,1
2020-10-15,US,Kentucky,Knox,705,9,0,36.89225732,-83.85403396,21121.0,2263.6057152030826,1.2765957446808511,696,680,9,0,671,663,31304,25,0,0,25,17
2020-10-15,US,Kentucky,Larue,207,1,0,37.54567114,-85.70138352,21123.0,1437.699680511182,0.4830917874396135,206,193,1,0,192,181,14307,14,0,0,14,12
2020-10-15,US,Kentucky,Laurel,1193,7,0,37.10975748,-84.11321779,21125.0,1961.7515991646524,0.586756077116513,1186,1175,7,0,1168,1159,60669,18,0,0,18,16
2020-10-15,US,Kentucky,Lawrence,110,0,0,38.07136018,-82.72882223,21127.0,718.1562969249852,0.0,110,108,0,0,108,90,15571,2,0,0,2,18
2020-10-15,US,Kentucky,Lee,30,0,0,37.59645942,-83.71513901,21129.0,405.241118465487,0.0,30,27,0,0,27,21,7033,3,0,0,3,6
2020-10-15,US,Kentucky,Leslie,109,0,0,37.09246661,-83.37999606,21131.0,1103.5739597043635,0.0,109,108,0,0,108,106,10143,1,0,0,1,2
2020-10-15,US,Kentucky,Letcher,263,2,0,37.12306748,-82.85346474,21133.0,1220.247761332529,0.7604562737642585,261,261,2,0,259,255,21899,2,0,0,2,6
2020-10-15,US,Kentucky,Lewis,256,15,0,38.53184419,-83.37735618,21135.0,1928.4369114877588,5.859375,241,255,15,0,240,250,13257,1,0,0,1,5
2020-10-15,US,Kentucky,Lincoln,262,16,0,37.45475628,-84.6565327,21137.0,1067.2532486048312,6.106870229007634,246,258,16,0,242,254,24644,4,0,0,4,4
2020-10-15,US,Kentucky,Livingston,109,1,0,37.21137452,-88.34797529,21139.0,1185.555797259082,0.9174311926605504,108,107,1,0,106,105,9242,2,0,0,2,2
2020-10-15,US,Kentucky,Logan,657,30,0,36.85949479,-86.877635,21141.0,2424.17533761346,4.5662100456621015,627,648,30,0,618,640,26989,9,0,0,9,8
2020-10-15,US,Kentucky,Lyon,92,4,0,37.02080035,-88.07886257,21143.0,1120.5846528623629,4.3478260869565215,88,92,4,0,88,90,8009,0,0,0,0,2
2020-10-15,US,Kentucky,Madison,2105,9,0,37.71659336,-84.27220275,21151.0,2263.757299407444,0.42755344418052255,2096,2091,9,0,2082,2069,92368,14,0,0,14,22
2020-10-15,US,Kentucky,Magoffin,121,0,0,37.70820545,-83.0657714,21153.0,994.9839651344464,0.0,121,117,0,0,117,115,12362,4,0,0,4,2
2020-10-15,US,Kentucky,Marion,310,8,0,37.55218078,-85.26898542,21155.0,1608.467804700877,2.5806451612903225,302,302,8,0,294,290,19404,8,0,0,8,12
2020-10-15,US,Kentucky,Marshall,405,4,0,36.88007070000001,-88.32803576,21157.0,1302.2508038585208,0.9876543209876544,401,393,4,0,389,381,31191,12,0,0,12,12
2020-10-15,US,Kentucky,Martin,107,3,0,37.79990579,-82.51247478,21159.0,955.7838320678876,2.803738317757009,104,107,3,0,104,104,11323,0,0,0,0,3
2020-10-15,US,Kentucky,Mason,145,2,0,38.59471935,-83.82151043,21161.0,849.4434680726421,1.3793103448275863,143,143,2,0,141,142,17150,2,0,0,2,1
2020-10-15,US,Kentucky,McCracken,925,11,0,37.05350953,-88.70445755,21145.0,1413.9839187991074,1.1891891891891893,914,899,11,0,888,879,65346,26,0,0,26,20
2020-10-15,US,Kentucky,McCreary,229,1,0,36.73874143,-84.48102924,21147.0,1329.000058034937,0.4366812227074236,228,226,1,0,225,221,17408,3,0,0,3,5
2020-10-15,US,Kentucky,McLean,114,2,0,37.5301951,-87.26803443,21149.0,1238.1883349625286,1.7543859649122806,112,112,2,0,110,108,9252,2,0,0,2,4
2020-10-15,US,Kentucky,Meade,299,3,0,37.96163597,-86.21028219,21163.0,1046.4790704185916,1.0033444816053512,296,291,3,0,288,283,28715,8,0,0,8,8
2020-10-15,US,Kentucky,Menifee,75,1,0,37.94090733,-83.59985712,21165.0,1155.8021266759129,1.3333333333333333,74,74,1,0,73,73,6451,1,0,0,1,1
2020-10-15,US,Kentucky,Mercer,298,5,0,37.81474237,-84.87488475,21167.0,1358.6832626635662,1.6778523489932886,293,299,5,0,294,296,21774,-1,0,0,-1,3
2020-10-15,US,Kentucky,Metcalfe,151,2,0,36.99459295,-85.63123699,21169.0,1499.3545824645016,1.3245033112582782,149,148,2,0,146,145,10030,3,0,0,3,3
2020-10-15,US,Kentucky,Monroe,243,4,0,36.71225341,-85.71596443,21171.0,2281.6901408450703,1.6460905349794241,239,237,4,0,233,234,10718,6,0,0,6,3
2020-10-15,US,Kentucky,Montgomery,359,4,0,38.03253032,-83.9145241,21173.0,1274.9937848492382,1.1142061281337048,355,349,4,0,345,343,28203,10,0,0,10,6
2020-10-15,US,Kentucky,Morgan,99,0,0,37.92465657,-83.25558245,21175.0,743.8575400105193,0.0,99,99,0,0,99,98,13345,0,0,0,0,1
2020-10-15,US,Kentucky,Muhlenberg,888,12,0,37.21425819,-87.14632053,21177.0,2899.875906211221,1.351351351351351,876,873,12,0,861,867,30774,15,0,0,15,6
2020-10-15,US,Kentucky,Nelson,633,4,0,37.80335779,-85.4657193,21179.0,1369.1519044838103,0.631911532385466,629,615,4,0,611,608,45851,18,0,0,18,7
2020-10-15,US,Kentucky,Nicholas,85,1,0,38.33342292,-84.01889177,21181.0,1169.3492915118998,1.1764705882352942,84,80,1,0,79,71,7166,5,0,0,5,9
2020-10-15,US,Kentucky,Ohio,549,9,0,37.47751843,-86.85368087,21183.0,2288.072018004501,1.639344262295082,540,540,9,0,531,534,24087,9,0,0,9,6
2020-10-15,US,Kentucky,Oldham,1278,26,0,38.39791089,-85.448222,21185.0,1913.2022934475067,2.0344287949921758,1252,1272,26,0,1246,1242,66470,6,0,0,6,30
2020-10-15,US,Kentucky,Owen,108,2,0,38.51679143,-84.82404619,21187.0,990.7347949729384,1.851851851851852,106,108,2,0,106,106,10880,0,0,0,0,2
2020-10-15,US,Kentucky,Owsley,57,1,0,37.42823949,-83.68811419,21189.0,1291.0532276330694,1.7543859649122806,56,55,1,0,54,53,4472,2,0,0,2,2
2020-10-15,US,Kentucky,Pendleton,109,0,0,38.69607718,-84.35599463,21191.0,747.0870459218643,0.0,109,108,0,0,108,106,14529,1,0,0,1,2
2020-10-15,US,Kentucky,Perry,399,9,0,37.25023553,-83.22922731,21193.0,1549.0333100395997,2.255639097744361,390,392,9,0,383,380,26092,7,0,0,7,12
2020-10-15,US,Kentucky,Pike,666,3,0,37.47088263,-82.39487445,21195.0,1150.7360563964335,0.4504504504504505,663,646,3,0,643,612,58402,20,0,0,20,34
2020-10-15,US,Kentucky,Powell,129,0,0,37.83218794,-83.82553961,21197.0,1043.7737681042156,0.0,129,128,0,0,128,127,12442,1,0,0,1,1
2020-10-15,US,Kentucky,Pulaski,924,12,0,37.10466131,-84.57629079,21199.0,1421.9978762369378,1.2987012987012987,912,915,11,0,904,898,64623,9,1,0,8,17
2020-10-15,US,Kentucky,Robertson,13,1,0,38.51923469,-84.05055616,21201.0,616.6982922201139,7.6923076923076925,12,13,1,0,12,13,2135,0,0,0,0,0
2020-10-15,US,Kentucky,Rockcastle,255,1,0,37.36642393,-84.31176452,21203.0,1527.403414195867,0.392156862745098,254,254,1,0,253,236,16750,1,0,0,1,18
2020-10-15,US,Kentucky,Rowan,309,1,0,38.19484205,-83.42088935,21205.0,1263.2869991823386,0.32362459546925565,308,306,1,0,305,299,24583,3,0,0,3,7
2020-10-15,US,Kentucky,Russell,311,6,0,36.99308373,-85.06070117,21207.0,1735.2005802600006,1.929260450160772,305,308,6,0,302,297,17821,3,0,0,3,11
2020-10-15,US,Kentucky,Scott,971,17,0,38.29622293,-84.5816631,21209.0,1703.3892358430987,1.7507723995880535,954,956,16,0,940,934,56031,15,1,0,14,22
2020-10-15,US,Kentucky,Shelby,1226,24,0,38.21476019,-85.194223,21211.0,2500.8159268929503,1.9575856443719413,1202,1217,24,0,1193,1197,48518,9,0,0,9,20
2020-10-15,US,Kentucky,Simpson,305,8,0,36.74058474,-86.58047435,21213.0,1642.257161318113,2.622950819672131,297,303,8,0,295,301,18529,2,0,0,2,2
2020-10-15,US,Kentucky,Spencer,250,0,0,38.03223971,-85.32749335,21215.0,1291.9228980414448,0.0,250,248,0,0,248,244,18794,2,0,0,2,4
2020-10-15,US,Kentucky,Taylor,399,7,0,37.3677562,-85.3329931,21217.0,1548.3720749738056,1.7543859649122806,392,388,7,0,381,372,25549,11,0,0,11,16
2020-10-15,US,Kentucky,Todd,250,8,0,36.8381152,-87.17878374,21219.0,2033.5122824141852,3.2,242,241,8,0,233,235,12311,9,0,0,9,6
2020-10-15,US,Kentucky,Trigg,216,0,0,36.80767017,-87.87333656,21221.0,1474.3020954201081,0.0,216,214,0,0,214,211,14643,2,0,0,2,3
2020-10-15,US,Kentucky,Trimble,79,0,0,38.61056487,-85.33775972,21223.0,932.5935544799904,0.0,79,77,0,0,77,77,8515,2,0,0,2,0
2020-10-15,US,Kentucky,Union,448,5,0,37.66166713,-87.94300009,21225.0,3115.2214727765804,1.1160714285714286,443,441,5,0,436,433,14505,7,0,0,7,8
2020-10-15,US,Kentucky,Warren,4791,57,0,36.99903045,-86.42672751,21227.0,3605.074644835059,1.1897307451471508,4734,4744,57,0,4687,4711,131264,47,0,0,47,33
2020-10-15,US,Kentucky,Washington,180,1,0,37.75599461,-85.17407732,21229.0,1488.2182720132287,0.5555555555555556,179,177,1,0,176,175,12084,3,0,0,3,2
2020-10-15,US,Kentucky,Wayne,215,0,0,36.80310688,-84.8251971,21231.0,1057.394383514484,0.0,215,209,0,0,209,203,20468,6,0,0,6,6
2020-10-15,US,Kentucky,Webster,266,5,0,37.52168356,-87.67989953,21233.0,2055.3237521248648,1.8796992481203008,261,263,4,0,259,256,13111,3,1,0,2,7
2020-10-15,US,Kentucky,Whitley,654,5,0,36.75700531,-84.14541217,21235.0,1803.4414295168765,0.764525993883792,649,649,3,0,646,631,36242,5,2,0,3,18
2020-10-15,US,Kentucky,Wolfe,58,0,0,37.73941626,-83.49303612,21237.0,810.3954170741931,0.0,58,57,0,0,57,57,7177,1,0,0,1,0
2020-10-15,US,Kentucky,Woodford,333,0,0,38.04178222,-84.7417556,21239.0,1245.6048477594074,0.0,333,330,0,0,330,325,26533,3,0,0,3,5
2020-10-15,US,Louisiana,Acadia,3055,99,0,30.295064899999996,-92.41419698,22001.0,4923.845595938432,3.240589198036006,2956,3034,99,0,2935,3028,62190,21,0,0,21,6
2020-10-15,US,Louisiana,Allen,1782,52,0,30.65385745,-92.82442028,22003.0,6953.603621180786,2.9180695847362514,1730,1771,52,0,1719,1763,25605,11,0,0,11,8
2020-10-15,US,Louisiana,Ascension,3885,98,0,30.20406249,-90.91328409999998,22005.0,3068.623424220404,2.5225225225225225,3787,3876,98,0,3778,3882,124672,9,0,0,9,-6
2020-10-15,US,Louisiana,Assumption,780,24,0,29.89946234,-91.06461642,22007.0,3563.108126627381,3.0769230769230766,756,778,24,0,754,774,22300,2,0,0,2,4
2020-10-15,US,Louisiana,Avoyelles,1652,62,0,31.07796211,-92.00079449,22009.0,4115.185332801912,3.753026634382567,1590,1646,62,0,1584,1631,40462,6,0,0,6,15
2020-10-15,US,Louisiana,Beauregard,1041,39,0,30.64836518,-93.34173616,22011.0,2776.2220977678217,3.746397694524496,1002,1033,39,0,994,1032,37253,8,0,0,8,1
2020-10-15,US,Louisiana,Bienville,555,33,0,32.34569994,-93.05398492,22013.0,4191.526319764368,5.945945945945946,522,549,33,0,516,542,13308,6,0,0,6,7
2020-10-15,US,Louisiana,Bossier,3761,111,0,32.67932307,-93.60460152,22015.0,2960.508190398224,2.951342727997873,3650,3692,111,0,3581,3674,127185,69,0,0,69,18
2020-10-15,US,Louisiana,Caddo,9478,381,0,32.57991587,-93.88375652,22017.0,3945.8127258496943,4.01983540831399,9097,9348,380,0,8968,9329,242922,130,1,0,129,19
2020-10-15,US,Louisiana,Calcasieu,8106,221,0,30.22931235,-93.35400434,22019.0,3984.5455081696455,2.726375524302985,7885,8095,221,0,7874,8068,203112,11,0,0,11,27
2020-10-15,US,Louisiana,Caldwell,328,3,0,32.0902519,-92.11752148,22021.0,3307.1183706392408,0.9146341463414634,325,324,3,0,321,325,9960,4,0,0,4,-1
2020-10-15,US,Louisiana,Cameron,236,2,0,29.87592238,-93.19310676,22023.0,3384.4830058798216,0.8474576271186439,234,236,2,0,234,231,6968,0,0,0,0,5
2020-10-15,US,Louisiana,Catahoula,453,12,0,31.66778967,-91.84526385,22025.0,4771.434590267538,2.6490066225165565,441,453,12,0,441,450,9608,0,0,0,0,3
2020-10-15,US,Louisiana,Claiborne,583,23,0,32.82308512,-92.99526883,22027.0,3720.4850031908095,3.945111492281304,560,584,23,0,561,578,15944,-1,0,0,-1,6
2020-10-15,US,Louisiana,Concordia,557,15,0,31.44817835,-91.63814433,22029.0,2892.154317461966,2.692998204667864,542,558,15,0,543,538,19572,-1,0,0,-1,20
2020-10-15,US,Louisiana,De Soto,975,35,0,32.05457447,-93.74130302,22031.0,3550.2312201871614,3.58974358974359,940,964,35,0,929,964,27436,11,0,0,11,0
2020-10-15,US,Louisiana,East Baton Rouge,15540,452,0,30.53842039,-91.09777565,22033.0,3531.3446606023285,2.9086229086229087,15088,15504,451,0,15053,15512,440956,36,1,0,35,-8
2020-10-15,US,Louisiana,East Carroll,558,6,0,32.73926954,-91.23425694,22035.0,8132.925229558374,1.075268817204301,552,557,6,0,551,558,7037,1,0,0,1,-1
2020-10-15,US,Louisiana,East Feliciana,1780,75,0,30.84425359,-91.04976723,22037.0,9302.325581395351,4.213483146067416,1705,1773,75,0,1698,1764,19305,7,0,0,7,9
2020-10-15,US,Louisiana,Evangeline,1377,37,0,30.72985248,-92.39915924,22039.0,4123.371762239856,2.6870007262164126,1340,1376,36,0,1340,1372,33443,1,1,0,0,4
2020-10-15,US,Louisiana,Franklin,1261,44,0,32.13675181,-91.67589857,22041.0,6300.274793904571,3.4892942109436955,1217,1255,44,0,1211,1251,20156,6,0,0,6,4
2020-10-15,US,Louisiana,Grant,514,30,0,31.59882456,-92.56124347,22043.0,2295.770244316405,5.836575875486381,484,512,30,0,482,512,22482,2,0,0,2,0
2020-10-15,US,Louisiana,Iberia,3027,93,0,29.86803617,-91.75871777,22045.0,4334.813117571244,3.072348860257681,2934,3026,92,0,2934,3021,70941,1,1,0,0,5
2020-10-15,US,Louisiana,Iberville,1431,58,0,30.25734305,-91.3499598,22047.0,4401.58715511673,4.053109713487072,1373,1433,58,0,1375,1429,32721,-2,0,0,-2,4
2020-10-15,US,Louisiana,Jackson,780,22,0,32.30251776,-92.55692092,22049.0,4954.2682926829275,2.8205128205128207,758,758,22,0,736,753,15902,22,0,0,22,5
2020-10-15,US,Louisiana,Jefferson,18182,578,0,29.74075478,-90.11115756,22051.0,4203.998677435242,3.1789682103178967,17604,18116,578,0,17538,18118,434051,66,0,0,66,-2
2020-10-15,US,Louisiana,Jefferson Davis,1306,42,0,30.26896765,-92.81210004,22053.0,4163.478704412139,3.2159264931087286,1264,1298,42,0,1256,1291,31582,8,0,0,8,7
2020-10-15,US,Louisiana,LaSalle,466,10,0,31.67884782,-92.15907765,22059.0,3129.1968842331453,2.145922746781116,456,458,10,0,448,459,14917,8,0,0,8,-1
2020-10-15,US,Louisiana,Lafayette,9212,136,0,30.2049055,-92.06959876,22055.0,3769.384999386227,1.4763352149370386,9076,9209,136,0,9073,9183,242782,3,0,0,3,26
2020-10-15,US,Louisiana,Lafourche,3807,123,0,29.52470226,-90.40976986,22057.0,3900.055319933616,3.230890464933018,3684,3793,123,0,3670,3788,98115,14,0,0,14,5
2020-10-15,US,Louisiana,Lincoln,1582,48,0,32.6003154,-92.66597409999999,22061.0,3384.5363912541193,3.034134007585335,1534,1574,48,0,1526,1554,47196,8,0,0,8,20
2020-10-15,US,Louisiana,Livingston,3990,77,0,30.44143993,-90.73061664,22063.0,2834.028226637024,1.9298245614035088,3913,3982,76,0,3906,3981,139567,8,1,0,7,1
2020-10-15,US,Louisiana,Madison,891,8,0,32.36918118,-91.23973355,22065.0,8136.243265455208,0.8978675645342312,883,891,8,0,883,889,11161,0,0,0,0,2
2020-10-15,US,Louisiana,Morehouse,860,23,0,32.81686191,-91.80421614,22067.0,3457.425424137654,2.6744186046511627,837,859,23,0,836,853,25398,1,0,0,1,6
2020-10-15,US,Louisiana,Natchitoches,1325,26,0,31.72321584,-93.09816516,22069.0,3472.4042140573406,1.962264150943396,1299,1306,26,0,1280,1299,38659,19,0,0,19,7
2020-10-15,US,Louisiana,Orleans,13106,589,0,30.06971951,-89.92660315,22071.0,3359.2724737532812,4.4941248283229065,12517,13057,588,0,12469,13022,391006,49,1,0,48,35
2020-10-15,US,Louisiana,Ouachita,6691,153,0,32.47645559,-92.15704172,22073.0,4365.242466352207,2.286653713944104,6538,6648,153,0,6495,6639,154475,43,0,0,43,9
2020-10-15,US,Louisiana,Plaquemines,817,19,0,29.42245447,-89.60322085,22075.0,3522.007156097772,2.3255813953488373,798,813,19,0,794,812,23410,4,0,0,4,1
2020-10-15,US,Louisiana,Pointe Coupee,1095,40,0,30.71409502,-91.60209535,22077.0,5039.116428900138,3.6529680365296797,1055,1080,40,0,1040,1081,21940,15,0,0,15,-1
2020-10-15,US,Louisiana,Rapides,4474,152,0,31.19778499,-92.52997303,22079.0,3450.882389238553,3.397407241841752,4322,4460,152,0,4308,4458,130562,14,0,0,14,2
2020-10-15,US,Louisiana,Red River,381,24,0,32.09530039,-93.34213308,22081.0,4513.148542999289,6.299212598425197,357,374,24,0,350,373,8477,7,0,0,7,1
2020-10-15,US,Louisiana,Richland,833,15,0,32.41391005,-91.76634876,22083.0,4139.747540005964,1.8007202881152462,818,831,15,0,816,830,20192,2,0,0,2,1
2020-10-15,US,Louisiana,Sabine,937,14,0,31.56388699,-93.55433981,22085.0,3923.1284541952773,1.4941302027748131,923,926,14,0,912,919,24032,11,0,0,11,7
2020-10-15,US,Louisiana,St. Bernard,1501,32,0,29.87761636,-89.51887093,22087.0,3177.123020912709,2.1319120586275817,1469,1488,31,0,1457,1487,46721,13,1,0,12,1
2020-10-15,US,Louisiana,St. Charles,1893,63,0,29.90709658,-90.35555967,22089.0,3564.971751412429,3.328050713153724,1830,1886,62,0,1824,1889,52879,7,1,0,6,-3
2020-10-15,US,Louisiana,St. Helena,425,4,0,30.82210324,-90.71013176,22091.0,4194.6308724832215,0.9411764705882352,421,421,4,0,417,430,10262,4,0,0,4,-9
2020-10-15,US,Louisiana,St. James,826,40,0,30.02531716,-90.80212061,22093.0,3915.434205536594,4.842615012106537,786,825,40,0,785,820,21037,1,0,0,1,5
2020-10-15,US,Louisiana,St. John the Baptist,1615,105,0,30.12597499,-90.4753503,22095.0,3770.105282816257,6.5015479876160995,1510,1613,105,0,1508,1609,43184,2,0,0,2,4
2020-10-15,US,Louisiana,St. Landry,3503,131,0,30.59724262,-92.00135806,22097.0,4265.500949783253,3.739651727091065,3372,3485,130,0,3355,3486,82764,18,1,0,17,-1
2020-10-15,US,Louisiana,St. Martin,2142,61,0,30.13112107,-91.61403569,22099.0,4008.90868596882,2.84780578898226,2081,2149,61,0,2088,2140,53621,-7,0,0,-7,9
2020-10-15,US,Louisiana,St. Mary,1985,83,0,29.69262097,-91.44702164,22101.0,4022.4527843073683,4.1813602015113345,1902,1982,83,0,1899,1979,49774,3,0,0,3,3
2020-10-15,US,Louisiana,St. Tammany,7456,269,0,30.40942847,-89.95642711,22103.0,2863.0783468180125,3.6078326180257516,7187,7451,269,0,7182,7446,258111,5,0,0,5,5
2020-10-15,US,Louisiana,Tangipahoa,4813,122,0,30.62888673,-90.40664996,22105.0,3571.587586636786,2.534801579056721,4691,4822,122,0,4700,4816,133777,-9,0,0,-9,6
2020-10-15,US,Louisiana,Tensas,185,2,0,32.00760749,-91.32915234,22107.0,4268.57406552838,1.0810810810810811,183,184,2,0,182,185,4462,1,0,0,1,-1
2020-10-15,US,Louisiana,Terrebonne,3769,121,0,29.37343766,-90.82626855,22109.0,3412.063986384335,3.2104006367736804,3648,3747,121,0,3626,3748,111021,22,0,0,22,-1
2020-10-15,US,Louisiana,Unassigned,239,200,0,0.0,0.0,90022.0,0.0,83.68200836820084,39,243,200,0,43,241,,-4,0,0,-4,2
2020-10-15,US,Louisiana,Union,1053,49,0,32.83121059,-92.3749373,22111.0,4762.98172607201,4.653371320037987,1004,1042,49,0,993,1041,22330,11,0,0,11,1
2020-10-15,US,Louisiana,Vermilion,2086,68,0,29.83517605,-92.30292538,22113.0,3505.234326427047,3.2598274209012463,2018,2079,68,0,2011,2076,59830,7,0,0,7,3
2020-10-15,US,Louisiana,Vernon,1106,55,0,31.10884837,-93.18153838,22115.0,2331.906639397837,4.9728752260397835,1051,1105,54,0,1051,1104,48860,1,1,0,0,1
2020-10-15,US,Louisiana,Washington,1710,68,0,30.85288548,-90.03866652,22117.0,3701.779451876867,3.976608187134503,1642,1703,68,0,1635,1699,46582,7,0,0,7,4
2020-10-15,US,Louisiana,Webster,1406,34,0,32.70847669,-93.33121835,22119.0,3667.188315075639,2.418207681365576,1372,1392,32,0,1360,1381,38798,14,2,0,12,11
2020-10-15,US,Louisiana,West Baton Rouge,941,42,0,30.46058217,-91.30989571,22121.0,3555.6395238994896,4.4633368756641865,899,934,42,0,892,936,26427,7,0,0,7,-2
2020-10-15,US,Louisiana,West Carroll,360,10,0,32.78550125,-91.461201,22123.0,3324.099722991689,2.7777777777777777,350,357,10,0,347,358,10982,3,0,0,3,-1
2020-10-15,US,Louisiana,West Feliciana,742,25,0,30.87882871,-91.41485379999999,22125.0,4766.187050359712,3.3692722371967654,717,746,25,0,721,743,15460,-4,0,0,-4,3
2020-10-15,US,Louisiana,Winn,658,19,0,31.94449367,-92.63789413,22127.0,4732.451093210587,2.8875379939209727,639,657,19,0,638,657,14134,1,0,0,1,0
2020-10-15,US,Maine,Androscoggin,826,10,0,44.1664747,-70.20380627,23001.0,762.8582247384024,1.2106537530266344,816,823,10,0,813,817,107679,3,0,0,3,6
2020-10-15,US,Maine,Aroostook,54,1,0,46.65926321,-68.59841248,23003.0,80.53090746402206,1.851851851851852,53,53,1,0,52,53,67111,1,0,0,1,0
2020-10-15,US,Maine,Cumberland,2399,70,0,43.8370751,-70.37226999,23005.0,813.2120690298067,2.917882451021258,2329,2396,70,0,2326,2392,293557,3,0,0,3,4
2020-10-15,US,Maine,Franklin,73,1,0,44.97330019,-70.44381045,23007.0,241.72985860458957,1.3698630136986298,72,71,1,0,70,72,29897,2,0,0,2,-1
2020-10-15,US,Maine,Hancock,56,1,0,44.59816444,-68.38401854,23009.0,101.84225362358377,1.7857142857142858,55,56,1,0,55,56,54811,0,0,0,0,0
2020-10-15,US,Maine,Kennebec,283,11,0,44.40759555,-69.76738544,23011.0,231.3944170986574,3.886925795053004,272,274,11,0,263,268,122083,9,0,0,9,6
2020-10-15,US,Maine,Knox,54,1,0,44.11486325,-69.10529169,23013.0,135.77391129437797,1.851851851851852,53,53,1,0,52,52,39771,1,0,0,1,1
2020-10-15,US,Maine,Lincoln,52,1,0,44.05996956,-69.54227124,23015.0,150.14147947104001,1.9230769230769231,51,51,1,0,50,50,34342,1,0,0,1,1
2020-10-15,US,Maine,Oxford,160,2,0,44.49952995,-70.75682123,23017.0,275.9810263044416,1.25,158,161,2,0,159,158,57618,-1,0,0,-1,3
2020-10-15,US,Maine,Penobscot,270,6,0,45.40194593,-68.65020455,23019.0,177.4587901254042,2.2222222222222223,264,270,6,0,264,271,151096,0,0,0,0,-1
2020-10-15,US,Maine,Piscataquis,10,0,0,45.83839062,-69.2860223,23021.0,59.577003276735184,0.0,10,10,0,0,10,10,16800,0,0,0,0,0
2020-10-15,US,Maine,Sagadahoc,73,0,0,43.95415864,-69.85074999,23023.0,203.5921463632307,0.0,73,73,0,0,73,74,35634,0,0,0,0,-1
2020-10-15,US,Maine,Somerset,125,8,0,45.51229767,-69.95995554,23025.0,247.6032010141827,6.4,117,128,8,0,120,123,50592,-3,0,0,-3,5
2020-10-15,US,Maine,Waldo,84,14,0,44.4858305,-69.12061935,23027.0,211.50698728440136,16.666666666666668,70,85,14,0,71,80,39694,-1,0,0,-1,5
2020-10-15,US,Maine,Washington,20,0,0,45.01607142,-67.62813524,23029.0,63.73689410115046,0.0,20,20,0,0,20,20,31490,0,0,0,0,0
2020-10-15,US,Maine,York,1295,18,0,43.47808377,-70.71052375,23031.0,623.6725887469238,1.3899613899613898,1277,1292,17,0,1275,1284,206229,3,1,0,2,8
2020-10-15,US,Maryland,Allegany,538,23,0,39.62357628,-78.69280486,24001.0,764.0309020677117,4.275092936802974,515,536,23,0,513,528,70975,2,0,0,2,8
2020-10-15,US,Maryland,Anne Arundel,11053,262,0,39.00670238,-76.60329337,24003.0,1908.209808125904,2.370397177236949,10791,10986,260,0,10726,10915,576031,67,2,0,65,71
2020-10-15,US,Maryland,Baltimore,19275,649,0,39.45784712,-76.62911955,24005.0,2329.6711265818194,3.3670557717250325,18626,19176,647,0,18529,19102,828431,99,2,0,97,74
2020-10-15,US,Maryland,Baltimore City,16647,494,0,39.30211911,-76.61151012,24510.0,2804.933528787343,2.9675016519493003,16153,16584,495,0,16089,16543,621342,63,-1,0,64,41
2020-10-15,US,Maryland,Calvert,1082,28,0,38.53961642,-76.56820632,24009.0,1169.4136719805458,2.587800369685767,1054,1078,28,0,1050,1074,92003,4,0,0,4,4
2020-10-15,US,Maryland,Caroline,688,8,0,38.87172293,-75.82904158,24011.0,2059.510267616596,1.162790697674419,680,686,8,0,678,684,33304,2,0,0,2,2
2020-10-15,US,Maryland,Carroll,2108,128,0,39.56453592,-77.02373735,24013.0,1251.4322012264986,6.072106261859582,1980,2099,127,0,1972,2092,168429,9,1,0,8,7
2020-10-15,US,Maryland,Cecil,1192,36,0,39.56647682,-75.94627411,24015.0,1158.9130329104078,3.0201342281879198,1156,1190,36,0,1154,1179,102826,2,0,0,2,11
2020-10-15,US,Maryland,Charles,2983,101,0,38.51092331,-76.98580666,24017.0,1827.1804578057904,3.3858531679517263,2882,2962,101,0,2861,2947,161503,21,0,0,21,15
2020-10-15,US,Maryland,Dorchester,653,10,0,38.45413522,-76.02752426,24019.0,2045.1627047511668,1.531393568147014,643,644,10,0,634,642,31998,9,0,0,9,2
2020-10-15,US,Maryland,Frederick,4436,137,0,39.47296601,-77.39999394,24021.0,1709.131679426077,3.088367899008116,4299,4399,135,0,4264,4379,255648,37,2,0,35,20
2020-10-15,US,Maryland,Garrett,88,1,0,39.52786077,-79.27355126,24023.0,303.30185427724547,1.1363636363636365,87,87,1,0,86,82,29163,1,0,0,1,5
2020-10-15,US,Maryland,Harford,3335,77,0,39.55010644,-76.30775940000002,24025.0,1305.5852427762186,2.3088455772113945,3258,3317,77,0,3240,3288,253956,18,0,0,18,29
2020-10-15,US,Maryland,Howard,5508,123,0,39.25305293,-76.93126208,24027.0,1691.178728238509,2.233115468409586,5385,5487,123,0,5364,5473,323196,21,0,0,21,14
2020-10-15,US,Maryland,Kent,326,24,0,39.24976208,-76.04741541,24029.0,1678.50890742457,7.361963190184048,302,325,24,0,301,325,19383,1,0,0,1,0
2020-10-15,US,Maryland,Montgomery,24015,860,0,39.13676329,-77.20358245,24031.0,2285.6452153255773,3.5810951488652925,23155,23926,859,0,23067,23817,1052567,89,1,0,88,109
2020-10-15,US,Maryland,Prince George's,31102,841,0,38.83070039,-76.8496441,24033.0,3420.3317398471613,2.704006173236448,30261,30969,840,0,30129,30878,909308,133,1,0,132,91
2020-10-15,US,Maryland,Queen Anne's,714,26,0,39.06198912,-76.03530977,24035.0,1417.200928921617,3.641456582633053,688,711,26,0,685,705,50251,3,0,0,3,6
2020-10-15,US,Maryland,Somerset,363,5,0,38.1163542,-75.75118623,24039.0,1417.0830730793255,1.3774104683195592,358,358,4,0,354,345,25675,5,1,0,4,13
2020-10-15,US,Maryland,St. Mary's,1382,59,0,38.30058422,-76.60629279999998,24037.0,1217.5138754294776,4.269175108538351,1323,1375,59,0,1316,1373,112664,7,0,0,7,2
2020-10-15,US,Maryland,Talbot,596,6,0,38.76618159,-76.10882561,24041.0,1602.9692584922407,1.0067114093959733,590,593,6,0,587,589,36968,3,0,0,3,4
2020-10-15,US,Maryland,Unassigned,0,9,0,0.0,0.0,90024.0,0.0,0.0,-9,0,13,0,-13,0,,0,-4,0,4,0
2020-10-15,US,Maryland,Washington,2054,42,0,39.60835778,-77.82002295,24043.0,1359.8236333904892,2.044790652385589,2012,2039,41,0,1998,2008,150926,15,1,0,14,31
2020-10-15,US,Maryland,Wicomico,2259,49,0,38.37301947,-75.62705831,24045.0,2180.312521113031,2.1691013722886234,2210,2248,49,0,2199,2242,103195,11,0,0,11,6
2020-10-15,US,Maryland,Worcester,1151,30,0,38.21274277,-75.33200012,24047.0,2201.775193205295,2.6064291920069507,1121,1143,30,0,1113,1133,51823,8,0,0,8,10
2020-10-15,US,Massachusetts,Barnstable,1882,178,0,41.72980578,-70.28854339,25001.0,883.6095591342315,9.458023379383636,1704,1877,178,0,1699,1878,213413,5,0,0,5,-1
2020-10-15,US,Massachusetts,Berkshire,735,51,0,42.37428441,-73.20524838,25003.0,588.263542066846,6.938775510204081,684,733,51,0,682,732,126348,2,0,0,2,1
2020-10-15,US,Massachusetts,Bristol,10828,727,0,41.79228404,-71.10872211,25005.0,1915.7244031938171,6.71407462135205,10101,10777,725,0,10052,10739,564022,51,2,0,49,38
2020-10-15,US,Massachusetts,Dukes and Nantucket,202,2,0,41.40674725,-70.68763497,0.0,703.0733354216701,0.99009900990099,200,201,2,0,199,201,26707,1,0,0,1,0
2020-10-15,US,Massachusetts,Essex,21619,1318,0,42.6687626,-70.94687179,25009.0,2739.9326264774395,6.096489199315418,20301,21516,1315,0,20201,21380,790638,103,3,0,100,136
2020-10-15,US,Massachusetts,Franklin,426,71,0,42.58119713,-72.58602547,25011.0,607.0105443146196,16.666666666666668,355,426,71,0,355,426,70963,0,0,0,0,0
2020-10-15,US,Massachusetts,Hampden,8921,794,0,42.13440424,-72.63235561,25013.0,1912.850685718697,8.900347494675485,8127,8894,794,0,8100,8854,470406,27,0,0,27,40
2020-10-15,US,Massachusetts,Hampshire,1376,152,0,42.33997957,-72.65898478,25015.0,855.5617733010008,11.046511627906975,1224,1374,152,0,1222,1364,161355,2,0,0,2,10
2020-10-15,US,Massachusetts,Middlesex,29587,2205,0,42.48607732,-71.39049229,25017.0,1835.7646185795238,7.452597424544563,27382,29460,2200,0,27260,29358,1614714,127,5,0,122,102
2020-10-15,US,Massachusetts,Norfolk,11008,1086,0,42.16073095,-71.20530408,25021.0,1557.497081815288,9.865552325581397,9922,10975,1086,0,9889,10942,705388,33,0,0,33,33
2020-10-15,US,Massachusetts,Plymouth,10486,793,0,41.94070556,-70.80802823,25023.0,2011.887905265137,7.562464238031661,9693,10424,786,0,9638,10380,518132,62,7,0,55,44
2020-10-15,US,Massachusetts,Suffolk,26012,1153,0,42.327951399999996,-71.07850442,25025.0,3235.6976615454273,4.4325695832692595,24859,25896,1150,0,24746,25824,807252,116,3,0,113,72
2020-10-15,US,Massachusetts,Unassigned,3217,5,0,0.0,0.0,90025.0,0.0,0.1554243083618278,3212,3201,5,0,3196,3145,,16,0,0,16,56
2020-10-15,US,Massachusetts,Worcester,15280,1137,0,42.35026951,-71.90493363,25027.0,1839.5852746496,7.441099476439789,14143,15238,1132,0,14106,15189,830839,42,5,0,37,49
2020-10-15,US,Michigan,Alcona,50,2,0,44.6846864,-83.59507875,26001.0,480.53820278712163,4.0,48,50,2,0,48,48,10362,0,0,0,0,2
2020-10-15,US,Michigan,Alger,67,0,0,46.41292944,-86.60260122,26003.0,735.6170399648662,0.0,67,67,0,0,67,63,9097,0,0,0,0,4
2020-10-15,US,Michigan,Allegan,989,7,0,42.59147037,-85.89102866,26005.0,837.5606575147568,0.7077856420626896,982,961,7,0,954,943,117327,28,0,0,28,18
2020-10-15,US,Michigan,Alpena,148,14,0,45.03477666,-83.62212411,26007.0,521.0350290441824,9.459459459459461,134,148,14,0,134,148,28360,0,0,0,0,0
2020-10-15,US,Michigan,Antrim,88,0,0,44.99690221,-85.15503082,26009.0,377.2937746527183,0.0,88,85,0,0,85,82,23365,3,0,0,3,3
2020-10-15,US,Michigan,Arenac,84,3,0,44.0636262,-83.89277559,26011.0,564.4023382382584,3.571428571428572,81,84,3,0,81,82,15041,0,0,0,0,2
2020-10-15,US,Michigan,Baraga,63,3,0,46.6720582,-88.36363591,26013.0,767.4503593616762,4.761904761904762,60,61,4,0,57,57,8320,2,-1,0,3,4
2020-10-15,US,Michigan,Barry,494,5,0,42.59513984,-85.30834519,26015.0,802.5995125913893,1.0121457489878545,489,476,4,0,472,457,61157,18,1,0,17,19
2020-10-15,US,Michigan,Bay,1187,55,0,43.70639106,-83.98731479,26017.0,1151.019141632566,4.633529907329403,1132,1158,55,0,1103,1151,103923,29,0,0,29,7
2020-10-15,US,Michigan,Benzie,101,2,0,44.63899297,-86.01608482,26019.0,568.5016323314196,1.98019801980198,99,97,2,0,95,95,17753,4,0,0,4,2
2020-10-15,US,Michigan,Berrien,2220,77,0,41.95447397,-86.41313079999998,26021.0,1447.1874368485212,3.468468468468469,2143,2177,77,0,2100,2147,154141,43,0,0,43,30
2020-10-15,US,Michigan,Branch,742,10,0,41.91600556,-85.05929476,26023.0,1705.0807730312292,1.3477088948787062,732,731,10,0,721,719,43622,11,0,0,11,12
2020-10-15,US,Michigan,Calhoun,2087,51,0,42.24633834,-85.00493569,26025.0,1555.6168427015705,2.4436990896023,2036,1978,51,0,1927,1940,134487,109,0,0,109,38
2020-10-15,US,Michigan,Cass,753,23,0,41.91522292,-85.99405727,26027.0,1454.0328653909282,3.0544488711819393,730,732,22,0,710,710,51653,21,1,0,20,22
2020-10-15,US,Michigan,Charlevoix,129,4,0,45.37790017,-85.19614053,26029.0,493.4399265577784,3.1007751937984502,125,123,4,0,119,123,26244,6,0,0,6,0
2020-10-15,US,Michigan,Cheboygan,108,2,0,45.44787015,-84.50122149,26031.0,427.2827979110618,1.851851851851852,106,104,2,0,102,101,25413,4,0,0,4,3
2020-10-15,US,Michigan,Chippewa,97,0,0,46.29552653,-84.54353449,26033.0,259.71244210019006,0.0,97,95,0,0,95,96,37517,2,0,0,2,-1
2020-10-15,US,Michigan,Clare,189,6,0,43.98794227,-84.84819859999998,26035.0,610.6623586429724,3.1746031746031744,183,168,6,0,162,169,30757,21,0,0,21,-1
2020-10-15,US,Michigan,Clinton,844,14,0,42.94400871,-84.60145248,26037.0,1060.3681135749732,1.6587677725118484,830,821,14,0,807,815,79332,23,0,0,23,6
2020-10-15,US,Michigan,Crawford,132,5,0,44.68255561,-84.61006219,26039.0,940.9081188965712,3.787878787878788,127,132,5,0,127,132,13901,0,0,0,0,0
2020-10-15,US,Michigan,Delta,912,16,0,45.90484910000001,-86.9080745,26041.0,2548.625083836351,1.7543859649122806,896,888,15,0,873,849,35857,24,1,0,23,39
2020-10-15,US,Michigan,Dickinson,382,5,0,46.00999672,-87.86961634,26043.0,1513.530647014541,1.3089005235602094,377,355,4,0,351,342,25383,27,1,0,26,13
2020-10-15,US,Michigan,Eaton,878,10,0,42.59599185,-84.83740035,26045.0,796.241883411325,1.1389521640091116,868,852,10,0,842,838,109826,26,0,0,26,14
2020-10-15,US,Michigan,Emmet,181,4,0,45.52625509,-84.89083249,26047.0,541.6729013915907,2.209944751381216,177,180,4,0,176,177,33308,1,0,0,1,3
2020-10-15,US,Michigan,Federal Correctional Institution (FCI),195,5,0,0.0,0.0,0.0,0.0,2.5641025641025643,190,195,5,0,190,195,,0,0,0,0,0
2020-10-15,US,Michigan,Genesee,5694,320,0,43.02244215,-83.70589709,26049.0,1403.1093138958092,5.619950825430277,5374,5525,315,0,5210,5465,406892,169,5,0,164,60
2020-10-15,US,Michigan,Gladwin,147,2,0,43.98901072,-84.38774817,26051.0,577.6258399151244,1.3605442176870748,145,139,2,0,137,135,25337,8,0,0,8,4
2020-10-15,US,Michigan,Gogebic,224,2,0,46.40862701,-89.69377193,26053.0,1602.8622540250446,0.8928571428571429,222,206,2,0,204,200,15096,18,0,0,18,6
2020-10-15,US,Michigan,Grand Traverse,619,12,0,44.69565625,-85.55585247,26055.0,664.9621863183222,1.9386106623586432,607,605,12,0,593,602,92573,14,0,0,14,3
2020-10-15,US,Michigan,Gratiot,389,16,0,43.29265605,-84.60505416,26057.0,955.5157082852301,4.113110539845758,373,377,16,0,361,366,40599,12,0,0,12,11
2020-10-15,US,Michigan,Hillsdale,429,27,0,41.88753639,-84.59312019,26059.0,940.686328253481,6.293706293706293,402,411,27,0,384,400,45749,18,0,0,18,11
2020-10-15,US,Michigan,Houghton,832,6,0,46.89988536,-88.68495385,26061.0,2331.5771774464747,0.7211538461538461,826,821,5,0,816,809,36219,11,1,0,10,12
2020-10-15,US,Michigan,Huron,251,5,0,43.83353985,-83.04078453,26063.0,810.1739775991738,1.99203187250996,246,251,5,0,246,248,31166,0,0,0,0,3
2020-10-15,US,Michigan,Ingham,4176,57,0,42.59716886,-84.37472069,26065.0,1428.1512691258044,1.3649425287356325,4119,4128,57,0,4071,4086,292735,48,0,0,48,42
2020-10-15,US,Michigan,Ionia,516,7,0,42.94502238,-85.07413319,26067.0,797.5640292440145,1.3565891472868217,509,504,7,0,497,479,64210,12,0,0,12,25
2020-10-15,US,Michigan,Iosco,253,14,0,44.35486835,-83.63484895,26069.0,1006.8850240776852,5.533596837944664,239,252,14,0,238,251,25081,1,0,0,1,1
2020-10-15,US,Michigan,Iron,315,17,0,46.20974132,-88.53136251,26071.0,2846.55702150732,5.396825396825397,298,310,16,0,294,302,11117,5,1,0,4,8
2020-10-15,US,Michigan,Isabella,878,15,0,43.64060976,-84.84664923,26073.0,1256.5834669109227,1.7084282460136675,863,869,15,0,854,861,70562,9,0,0,9,8
2020-10-15,US,Michigan,Jackson,1434,60,0,42.24807035,-84.42258681,26075.0,904.6747839253044,4.184100418410042,1374,1407,57,0,1350,1369,158823,27,3,0,24,38
2020-10-15,US,Michigan,Kalamazoo,3932,99,0,42.24542231,-85.53038622,26077.0,1483.4041333101943,2.5178026449643953,3833,3817,98,0,3719,3773,264870,115,1,0,114,44
2020-10-15,US,Michigan,Kalkaska,103,4,0,44.68512729,-85.09085699,26079.0,571.0167424326422,3.8834951456310685,99,102,4,0,98,101,17824,1,0,0,1,1
2020-10-15,US,Michigan,Kent,12024,173,0,43.03197711,-85.54934642,26081.0,1830.262346736078,1.4387890884896872,11851,11817,173,0,11644,11625,653786,207,0,0,207,192
2020-10-15,US,Michigan,Keweenaw,16,0,0,47.63197653,-88.41434263,26083.0,756.1436672967864,0.0,16,16,0,0,16,15,2113,0,0,0,0,1
2020-10-15,US,Michigan,Lake,40,0,0,43.99050893,-85.802173,26085.0,337.4673078545516,0.0,40,40,0,0,40,40,11881,0,0,0,0,0
2020-10-15,US,Michigan,Lapeer,757,38,0,43.09052506,-83.22153148,26087.0,864.086203157282,5.019815059445178,719,735,38,0,697,721,88028,22,0,0,22,14
2020-10-15,US,Michigan,Leelanau,125,1,0,44.94430054,-85.80150326,26089.0,574.4221313358762,0.8,124,123,1,0,122,122,21764,2,0,0,2,1
2020-10-15,US,Michigan,Lenawee,983,18,0,41.89475156,-84.06603727,26091.0,998.4662420899735,1.8311291963377416,965,967,18,0,949,959,98266,16,0,0,16,8
2020-10-15,US,Michigan,Livingston,1688,32,0,42.60302282,-83.91297209,26093.0,879.189562228183,1.895734597156398,1656,1645,32,0,1613,1612,191224,43,0,0,43,33
2020-10-15,US,Michigan,Luce,37,0,0,46.47227431,-85.54471223,26095.0,593.9958259752771,0.0,37,32,0,0,32,30,6283,5,0,0,5,2
2020-10-15,US,Michigan,Mackinac,123,0,0,46.07028979,-85.04980537,26097.0,1138.9943513288267,0.0,123,118,0,0,118,111,10787,5,0,0,5,7
2020-10-15,US,Michigan,Macomb,16548,1055,0,42.69158356,-82.92752801,26099.0,1893.4245033021646,6.3753927967125925,15493,16319,1047,0,15272,16162,874759,229,8,0,221,157
2020-10-15,US,Michigan,Manistee,103,3,0,44.33352407,-86.05626916,26101.0,419.4152618291392,2.9126213592233015,100,102,3,0,99,97,24528,1,0,0,1,5
2020-10-15,US,Michigan,Marquette,654,12,0,46.4338914,-87.64043701,26103.0,980.5244456438628,1.834862385321101,642,579,12,0,567,565,66516,75,0,0,75,14
2020-10-15,US,Michigan,Mason,161,1,0,43.99509218,-86.24988902,26105.0,552.4293164973924,0.6211180124223602,160,157,1,0,156,156,29100,4,0,0,4,1
2020-10-15,US,Michigan,Mecosta,324,4,0,43.64064262,-85.32463223,26107.0,745.633212896693,1.2345679012345678,320,315,3,0,312,312,43545,9,1,0,8,3
2020-10-15,US,Michigan,Menominee,577,3,0,45.58038692,-87.55370409,26109.0,2532.9236172080773,0.5199306759098787,574,571,3,0,568,566,22983,6,0,0,6,5
2020-10-15,US,Michigan,Michigan Department of Corrections (MDOC),5803,75,0,0.0,0.0,0.0,0.0,1.2924349474409789,5728,5796,75,0,5721,5790,,7,0,0,7,6
2020-10-15,US,Michigan,Midland,767,13,0,43.64330771,-84.38804374,26111.0,922.3627880128914,1.6949152542372878,754,748,13,0,735,732,83209,19,0,0,19,16
2020-10-15,US,Michigan,Missaukee,70,1,0,44.33772443,-85.09256478,26113.0,463.02420955152803,1.4285714285714286,69,70,1,0,69,70,15113,0,0,0,0,0
2020-10-15,US,Michigan,Monroe,1753,29,0,41.92734151,-83.53749864,26115.0,1164.7840531561462,1.6543069024529378,1724,1714,29,0,1685,1686,150439,39,0,0,39,28
2020-10-15,US,Michigan,Montcalm,454,7,0,43.31082541,-85.15252824,26117.0,710.6185825194092,1.5418502202643172,447,434,7,0,427,428,63968,20,0,0,20,6
2020-10-15,US,Michigan,Montmorency,19,0,0,45.0275929,-84.12696227,26119.0,203.6878216123499,0.0,19,18,0,0,18,18,9265,1,0,0,1,0
2020-10-15,US,Michigan,Muskegon,1760,74,0,43.29123859,-86.15176712,26121.0,1014.0234838620468,4.204545454545454,1686,1732,73,0,1659,1708,173588,28,1,0,27,24
2020-10-15,US,Michigan,Newaygo,493,2,0,43.554373999999996,-85.80070107,26123.0,1006.5332788893428,0.4056795131845842,491,479,2,0,477,468,48892,14,0,0,14,11
2020-10-15,US,Michigan,Oakland,22571,1224,0,42.66090111,-83.38595416,26125.0,1794.7906461914276,5.422887776350184,21347,22324,1222,0,21102,22179,1259201,247,2,0,245,145
2020-10-15,US,Michigan,Oceana,558,6,0,43.64124435,-86.26726673,26127.0,2108.285789851513,1.075268817204301,552,553,6,0,547,548,26625,5,0,0,5,5
2020-10-15,US,Michigan,Ogemaw,81,5,0,44.33481032,-84.12725175,26129.0,385.76939562794684,6.172839506172839,76,80,5,0,75,79,20952,1,0,0,1,1
2020-10-15,US,Michigan,Ontonagon,60,0,0,46.665226200000006,-89.31390481,26131.0,1048.951048951049,0.0,60,59,0,0,59,58,5795,1,0,0,1,1
2020-10-15,US,Michigan,Osceola,117,0,0,43.98992088,-85.32566756,26133.0,498.72122762148337,0.0,117,112,0,0,112,110,23341,5,0,0,5,2
2020-10-15,US,Michigan,Oscoda,50,1,0,44.68192279,-84.12939244,26135.0,606.7224851352993,2.0,49,50,1,0,49,50,8276,0,0,0,0,0
2020-10-15,US,Michigan,Otsego,203,11,0,45.02085831,-84.59898295,26137.0,822.9284903518727,5.41871921182266,192,203,11,0,192,202,24665,0,0,0,0,1
2020-10-15,US,Michigan,Ottawa,4159,70,0,42.95996803,-85.9969107,26139.0,1425.1447760682584,1.6830968982928591,4089,4086,70,0,4016,4045,290494,73,0,0,73,41
2020-10-15,US,Michigan,Out of MI,236,2,0,0.0,0.0,80026.0,0.0,0.8474576271186439,234,224,2,0,222,235,,12,0,0,12,-11
2020-10-15,US,Michigan,Presque Isle,33,1,0,45.34018577,-83.91498656,26141.0,262.07115628970774,3.0303030303030303,32,31,1,0,30,31,12738,2,0,0,2,0
2020-10-15,US,Michigan,Roscommon,125,4,0,44.33473082,-84.61067651,26143.0,520.4213331112868,3.2,121,122,4,0,118,116,23884,3,0,0,3,6
2020-10-15,US,Michigan,Saginaw,3312,148,0,43.33433923,-84.05131209999998,26145.0,1738.2268197062021,4.4685990338164245,3164,3276,148,0,3128,3249,190800,36,0,0,36,27
2020-10-15,US,Michigan,Sanilac,163,7,0,43.42406072,-82.82055898,26151.0,395.919358756376,4.294478527607362,156,161,7,0,154,160,41182,2,0,0,2,1
2020-10-15,US,Michigan,Schoolcraft,53,0,0,46.19235734,-86.19972234,26153.0,654.8060291574005,0.0,53,49,0,0,49,47,8068,4,0,0,4,2
2020-10-15,US,Michigan,Shiawassee,598,33,0,42.95392800000001,-84.14585902,26155.0,877.8368221719853,5.518394648829432,565,593,32,0,561,590,68192,5,1,0,4,3
2020-10-15,US,Michigan,St. Clair,1220,62,0,42.92655373,-82.67937954,26147.0,766.6783972650948,5.081967213114754,1158,1205,61,0,1144,1188,159337,15,1,0,14,17
2020-10-15,US,Michigan,St. Joseph,998,12,0,41.91441767,-85.52797979,26149.0,1637.0316908339346,1.2024048096192386,986,981,12,0,969,966,61043,17,0,0,17,15
2020-10-15,US,Michigan,Tuscola,557,34,0,43.46606813,-83.41897025,26157.0,1066.1307302134176,6.1041292639138245,523,556,34,0,522,548,52516,1,0,0,1,8
2020-10-15,US,Michigan,Unassigned,11,0,0,0.0,0.0,90026.0,0.0,0.0,11,9,0,0,9,23,,2,0,0,2,-14
2020-10-15,US,Michigan,Van Buren,904,18,0,42.25190229,-86.01939087,26159.0,1194.5505239372594,1.9911504424778759,886,882,18,0,864,876,75448,22,0,0,22,6
2020-10-15,US,Michigan,Washtenaw,4466,116,0,42.253105,-83.83853204,26161.0,1214.9042031985764,2.5974025974025974,4350,4361,116,0,4245,4266,370963,105,0,0,105,95
2020-10-15,US,Michigan,Wayne,37702,3017,0,42.28098405,-83.281255,26163.0,2155.209127083711,8.002227998514668,34685,37426,3011,0,34415,37236,1753893,276,6,0,270,190
2020-10-15,US,Michigan,Wexford,145,4,0,44.33853602,-85.57712739,26165.0,431.1498320002379,2.7586206896551726,141,143,4,0,139,141,33466,2,0,0,2,2
2020-10-15,US,Minnesota,Aitkin,133,1,0,46.60962049,-93.41168259999999,27001.0,837.2151580007553,0.7518796992481203,132,129,1,0,128,123,15902,4,0,0,4,6
2020-10-15,US,Minnesota,Anoka,7614,147,0,45.27476015,-93.24604565,27003.0,2133.245171900785,1.930654058313633,7467,7548,144,0,7404,7485,353813,66,3,0,63,63
2020-10-15,US,Minnesota,Becker,427,2,0,46.93479392,-95.67158144,27005.0,1240.4496993289372,0.468384074941452,425,418,2,0,416,403,34371,9,0,0,9,15
2020-10-15,US,Minnesota,Beltrami,706,6,0,47.97373527,-94.93732139,27007.0,1496.1430872255658,0.8498583569405099,700,683,6,0,677,657,46847,23,0,0,23,26
2020-10-15,US,Minnesota,Benton,755,4,0,45.69804958,-93.99514135,27009.0,1846.4623737435493,0.5298013245033113,751,740,4,0,736,715,40545,15,0,0,15,25
2020-10-15,US,Minnesota,Big Stone,118,0,0,45.42712824,-96.41403739,27011.0,2364.255660188339,0.0,118,117,0,0,117,110,4989,1,0,0,1,7
2020-10-15,US,Minnesota,Blue Earth,1890,7,0,44.03554215,-94.06699781,27013.0,2793.6676865770924,0.3703703703703704,1883,1886,7,0,1879,1880,67427,4,0,0,4,6
2020-10-15,US,Minnesota,Brown,276,3,0,44.24205652,-94.72562874,27015.0,1103.6468330134358,1.0869565217391304,273,271,3,0,268,271,25111,5,0,0,5,0
2020-10-15,US,Minnesota,Carlton,364,1,0,46.59180601,-92.67601019,27017.0,1014.747288896323,0.27472527472527475,363,355,1,0,354,351,35837,9,0,0,9,4
2020-10-15,US,Minnesota,Carver,1624,7,0,44.82017001,-93.80099179999999,27019.0,1545.3567928137106,0.4310344827586207,1617,1621,7,0,1614,1609,103551,3,0,0,3,12
2020-10-15,US,Minnesota,Cass,274,4,0,46.95043611,-94.32603968,27021.0,920.111487961315,1.45985401459854,270,267,4,0,263,261,29519,7,0,0,7,6
2020-10-15,US,Minnesota,Chippewa,334,2,0,45.02343421,-95.56403693,27023.0,2830.5084745762706,0.5988023952095808,332,330,2,0,328,322,11924,4,0,0,4,8
2020-10-15,US,Minnesota,Chisago,763,2,0,45.5021011,-92.90861945,27025.0,1348.5568850633624,0.2621231979030144,761,743,2,0,741,717,55922,20,0,0,20,26
2020-10-15,US,Minnesota,Clay,1862,43,0,46.89289518,-96.48761922,27027.0,2899.317990719692,2.309344790547798,1819,1824,43,0,1781,1773,63955,38,0,0,38,51
2020-10-15,US,Minnesota,Clearwater,59,0,0,47.57992111,-95.37790562,27029.0,669.0859605352688,0.0,59,57,0,0,57,52,8810,2,0,0,2,5
2020-10-15,US,Minnesota,Cook,8,0,0,47.90504893,-90.52629546,27031.0,146.4396851546769,0.0,8,8,0,0,8,9,5393,0,0,0,0,-1
2020-10-15,US,Minnesota,Cottonwood,253,0,0,44.00715262,-95.18138802,27033.0,2259.735619864237,0.0,253,251,0,0,251,252,11277,2,0,0,2,-1
2020-10-15,US,Minnesota,Crow Wing,766,21,0,46.48096553,-94.06755609,27035.0,1177.4652217354546,2.741514360313316,745,757,21,0,736,748,64889,9,0,0,9,9
2020-10-15,US,Minnesota,Dakota,8814,133,0,44.67172617,-93.06299363,27037.0,2054.4448873132087,1.508963013387792,8681,8742,133,0,8609,8673,425423,72,0,0,72,69
2020-10-15,US,Minnesota,Dodge,340,0,0,44.02238415,-92.86244324,27039.0,1624.1520970669724,0.0,340,341,0,0,341,338,20822,-1,0,0,-1,3
2020-10-15,US,Minnesota,Douglas,532,3,0,45.93348491,-95.45335469,27041.0,1394.8244671088855,0.5639097744360902,529,528,3,0,525,523,37964,4,0,0,4,5
2020-10-15,US,Minnesota,Faribault,193,0,0,43.67381499,-93.94787458,27043.0,1413.6087306819013,0.0,193,189,0,0,189,187,13758,4,0,0,4,2
2020-10-15,US,Minnesota,Fillmore,211,0,0,43.67394126,-92.08980382,27045.0,1001.5664309109034,0.0,211,211,0,0,211,207,21058,0,0,0,0,4
2020-10-15,US,Minnesota,Freeborn,597,4,0,43.67385583,-93.34884422,27047.0,1971.533304712526,0.6700167504187605,593,597,4,0,593,593,30444,0,0,0,0,4
2020-10-15,US,Minnesota,Goodhue,462,11,0,44.40849741,-92.72341949999999,27049.0,996.9788519637464,2.380952380952381,451,462,11,0,451,461,46403,0,0,0,0,1
2020-10-15,US,Minnesota,Grant,81,4,0,45.93424769,-96.01139609,27051.0,1356.3295378432683,4.938271604938271,77,81,4,0,77,82,6021,0,0,0,0,-1
2020-10-15,US,Minnesota,Hennepin,31161,962,0,45.00761521,-93.47694895,27053.0,2461.679686975399,3.0871923237380057,30199,30923,959,0,29964,30698,1259428,238,3,0,235,225
2020-10-15,US,Minnesota,Houston,169,1,0,43.67129565,-91.49143057,27055.0,908.6021505376344,0.591715976331361,168,168,1,0,167,164,18578,1,0,0,1,4
2020-10-15,US,Minnesota,Hubbard,243,2,0,47.10778564,-94.91693868,27057.0,1130.7058768786935,0.8230452674897121,241,231,1,0,230,214,21332,12,1,0,11,17
2020-10-15,US,Minnesota,Isanti,451,3,0,45.56181234,-93.29487636,27059.0,1110.9468913193418,0.6651884700665188,448,445,3,0,442,437,39966,6,0,0,6,8
2020-10-15,US,Minnesota,Itasca,617,16,0,47.51009045,-93.63092229,27061.0,1367.1615333481054,2.593192868719611,601,597,16,0,581,585,45108,20,0,0,20,12
2020-10-15,US,Minnesota,Jackson,181,1,0,43.67423373,-95.15398258,27063.0,1838.3099735933374,0.5524861878453039,180,178,1,0,177,176,9911,3,0,0,3,2
2020-10-15,US,Minnesota,Kanabec,170,10,0,45.9459309,-93.29275192,27065.0,1040.5827263267427,5.882352941176472,160,166,9,0,157,163,16207,4,1,0,3,3
2020-10-15,US,Minnesota,Kandiyohi,1388,4,0,45.1526059,-95.00586446,27067.0,3213.0373388272883,0.2881844380403458,1384,1378,4,0,1374,1349,42855,10,0,0,10,29
2020-10-15,US,Minnesota,Kittson,19,0,0,48.77754106,-96.78317184,27069.0,442.0660772452304,0.0,19,18,0,0,18,17,4248,1,0,0,1,1
2020-10-15,US,Minnesota,Koochiching,149,4,0,48.24539665,-93.78352843,27071.0,1218.415242456456,2.684563758389262,145,147,4,0,143,146,12440,2,0,0,2,1
2020-10-15,US,Minnesota,Lac qui Parle,115,2,0,44.9973857,-96.17488219,27073.0,1736.3732447531333,1.7391304347826086,113,112,2,0,110,107,6658,3,0,0,3,5
2020-10-15,US,Minnesota,Lake,92,0,0,47.64270764,-91.44557998,27075.0,864.5803965792688,0.0,92,90,0,0,90,87,10658,2,0,0,2,3
2020-10-15,US,Minnesota,Lake of the Woods,39,1,0,48.77217001,-94.90274472,27077.0,1042.7807486631016,2.5641025641025643,38,39,1,0,38,39,3758,0,0,0,0,0
2020-10-15,US,Minnesota,Le Sueur,553,5,0,44.37136597,-93.72844721,27079.0,1914.3559386575275,0.9041591320072332,548,549,5,0,544,546,28494,4,0,0,4,3
2020-10-15,US,Minnesota,Lincoln,151,0,0,44.41311883,-96.26688165,27081.0,2677.779748182302,0.0,151,150,0,0,150,149,5673,1,0,0,1,1
2020-10-15,US,Minnesota,Lyon,887,5,0,44.41327865,-95.83806103,27083.0,3481.9816283269206,0.5636978579481398,882,848,5,0,843,842,25629,39,0,0,39,6
2020-10-15,US,Minnesota,Mahnomen,79,1,0,47.32557075,-95.80921485,27087.0,1429.3468427718476,1.2658227848101269,78,78,1,0,77,76,5519,1,0,0,1,2
2020-10-15,US,Minnesota,Marshall,74,1,0,48.35825983,-96.37017407,27089.0,792.630676949443,1.351351351351351,73,73,1,0,72,70,9390,1,0,0,1,3
2020-10-15,US,Minnesota,Martin,558,16,0,43.67429718,-94.55099908,27091.0,2834.93369913123,2.867383512544803,542,558,16,0,542,551,19785,0,0,0,0,7
2020-10-15,US,Minnesota,McLeod,550,3,0,44.82367677,-94.27287017,27085.0,1532.3322096230465,0.5454545454545454,547,548,3,0,545,547,35873,2,0,0,2,1
2020-10-15,US,Minnesota,Meeker,279,3,0,45.12328869,-94.52839455,27093.0,1201.4469037981225,1.075268817204301,276,279,3,0,276,276,23141,0,0,0,0,3
2020-10-15,US,Minnesota,Mille Lacs,299,7,0,45.93705297,-93.63236823,27095.0,1137.877231038551,2.34113712374582,292,286,4,0,282,268,26139,13,3,0,10,18
2020-10-15,US,Minnesota,Morrison,478,4,0,46.01265363,-94.27341528,27097.0,1431.7378541903793,0.8368200836820083,474,467,4,0,463,444,33169,11,0,0,11,23
2020-10-15,US,Minnesota,Mower,1454,7,0,43.67142874,-92.75234549,27099.0,3629.374469572163,0.4814305364511692,1447,1453,7,0,1446,1431,40011,1,0,0,1,22
2020-10-15,US,Minnesota,Murray,228,3,0,44.02216709,-95.76328482,27101.0,2782.5237979009025,1.3157894736842106,225,224,3,0,221,219,8276,4,0,0,4,5
2020-10-15,US,Minnesota,Nicollet,638,17,0,44.35291112,-94.24710352,27103.0,1861.4693353562466,2.664576802507837,621,637,17,0,620,630,34220,1,0,0,1,7
2020-10-15,US,Minnesota,Nobles,2085,16,0,43.67434621,-95.75329576,27105.0,9639.835406167644,0.7673860911270983,2069,2072,16,0,2056,2064,21924,13,0,0,13,8
2020-10-15,US,Minnesota,Norman,86,0,0,47.32628443,-96.45620947,27107.0,1349.0196078431372,0.0,86,86,0,0,86,85,6475,0,0,0,0,1
2020-10-15,US,Minnesota,Olmsted,2912,29,0,44.00374114,-92.40209944,27109.0,1839.6265153860247,0.9958791208791208,2883,2884,29,0,2855,2861,156277,28,0,0,28,23
2020-10-15,US,Minnesota,Otter Tail,643,6,0,46.40846929,-95.70835255,27111.0,1094.542607156232,0.9331259720062208,637,641,6,0,635,615,58812,2,0,0,2,26
2020-10-15,US,Minnesota,Pennington,151,1,0,48.06642577,-96.0370814,27113.0,1069.480841419364,0.6622516556291391,150,150,1,0,149,145,14178,1,0,0,1,5
2020-10-15,US,Minnesota,Pine,479,0,0,46.12105238,-92.74070188,27115.0,1619.3921363129248,0.0,479,464,0,0,464,461,29483,15,0,0,15,3
2020-10-15,US,Minnesota,Pipestone,317,16,0,44.02301619,-96.25841142,27117.0,3473.591935130397,5.047318611987381,301,310,16,0,294,305,9047,7,0,0,7,5
2020-10-15,US,Minnesota,Polk,447,4,0,47.77372465,-96.40134647,27119.0,1425.200867236322,0.8948545861297539,443,439,4,0,435,417,31529,8,0,0,8,22
2020-10-15,US,Minnesota,Pope,131,0,0,45.58606667,-95.44451209,27121.0,1164.5479598186505,0.0,131,130,0,0,130,124,11097,1,0,0,1,6
2020-10-15,US,Minnesota,Ramsey,12786,338,0,45.01625271,-93.09872295,27123.0,2323.371268768592,2.643516346003441,12448,12656,337,0,12319,12532,550210,130,1,0,129,124
2020-10-15,US,Minnesota,Red Lake,49,2,0,47.87197525,-96.09561104,27125.0,1208.3847102342786,4.081632653061225,47,49,2,0,47,47,3999,0,0,0,0,2
2020-10-15,US,Minnesota,Redwood,223,9,0,44.40555844,-95.25207021,27127.0,1470.0065919578117,4.035874439461884,214,220,9,0,211,216,15249,3,0,0,3,4
2020-10-15,US,Minnesota,Renville,216,10,0,44.72836381,-94.94553734,27129.0,1484.7401704701676,4.62962962962963,206,215,10,0,205,210,14612,1,0,0,1,5
2020-10-15,US,Minnesota,Rice,1508,8,0,44.3543376,-93.29658715,27131.0,2251.6872722928983,0.5305039787798409,1500,1506,8,0,1498,1498,66523,2,0,0,2,8
2020-10-15,US,Minnesota,Rock,276,1,0,43.67482683,-96.25296832,27133.0,2962.962962962963,0.3623188405797101,275,269,1,0,268,250,9414,7,0,0,7,19
2020-10-15,US,Minnesota,Roseau,161,0,0,48.77501878,-95.81079919,27135.0,1061.6551269370261,0.0,161,158,0,0,158,158,15150,3,0,0,3,0
2020-10-15,US,Minnesota,Scott,3016,34,0,44.6490231,-93.53340251,27139.0,2023.984484575172,1.127320954907162,2982,2995,34,0,2961,2969,147381,21,0,0,21,26
2020-10-15,US,Minnesota,Sherburne,1428,20,0,45.44447208,-93.77617511,27141.0,1468.5616734198566,1.4005602240896358,1408,1413,18,0,1395,1381,96036,15,2,0,13,32
2020-10-15,US,Minnesota,Sibley,227,3,0,44.5796592,-94.23164924,27143.0,1527.0770265724852,1.3215859030837005,224,227,3,0,224,225,15028,0,0,0,0,2
2020-10-15,US,Minnesota,St. Louis,2401,56,0,47.604840700000004,-92.46879855,27137.0,1206.1084040789674,2.332361516034985,2345,2348,55,0,2293,2299,199754,53,1,0,52,49
2020-10-15,US,Minnesota,Stearns,4888,33,0,45.55192576,-94.61078221,27145.0,3034.6112059599573,0.6751227495908347,4855,4841,33,0,4808,4758,159256,47,0,0,47,83
2020-10-15,US,Minnesota,Steele,670,2,0,44.02240351,-93.22627088,27147.0,1828.1535648994518,0.29850746268656714,668,668,2,0,666,659,36803,2,0,0,2,9
2020-10-15,US,Minnesota,Stevens,151,1,0,45.58613007,-96.00163705,27149.0,1540.03059663437,0.6622516556291391,150,151,1,0,150,147,9753,0,0,0,0,4
2020-10-15,US,Minnesota,Swift,178,1,0,45.2829032,-95.68264092,27151.0,1921.0015109000647,0.5617977528089888,177,178,1,0,177,174,9345,0,0,0,0,4
2020-10-15,US,Minnesota,Todd,626,2,0,46.06996226,-94.89785296,27153.0,2538.112228349011,0.3194888178913738,624,619,2,0,617,605,24582,7,0,0,7,14
2020-10-15,US,Minnesota,Traverse,47,0,0,45.77298854,-96.47062949,27155.0,1442.1601718318502,0.0,47,47,0,0,47,46,3308,0,0,0,0,1
2020-10-15,US,Minnesota,Unassigned,188,60,0,0.0,0.0,90027.0,0.0,31.914893617021278,128,182,59,0,123,207,,6,1,0,5,-25
2020-10-15,US,Minnesota,Wabasha,285,0,0,44.28424356,-92.23121312,27157.0,1317.7971979470108,0.0,285,283,0,0,283,279,21645,2,0,0,2,4
2020-10-15,US,Minnesota,Wadena,153,0,0,46.58589171,-94.96968506,27159.0,1118.2575646835257,0.0,153,143,0,0,143,131,13773,10,0,0,10,12
2020-10-15,US,Minnesota,Waseca,885,9,0,44.02211116,-93.58720034,27161.0,4754.996776273372,1.0169491525423728,876,881,9,0,872,878,18691,4,0,0,4,3
2020-10-15,US,Minnesota,Washington,4859,66,0,45.03864533,-92.88429635,27163.0,1851.4708123761625,1.3583041778143652,4793,4794,64,0,4730,4723,259201,65,2,0,63,71
2020-10-15,US,Minnesota,Watonwan,553,4,0,43.97823903,-94.61413846,27165.0,5074.791226943195,0.7233273056057866,549,551,4,0,547,550,10980,2,0,0,2,1
2020-10-15,US,Minnesota,Wilkin,108,4,0,46.35721532,-96.4684375,27167.0,1739.9710004833253,3.703703703703704,104,106,4,0,102,102,6254,2,0,0,2,4
2020-10-15,US,Minnesota,Winona,1096,18,0,43.98772283,-91.78081305,27169.0,2170.9848664923543,1.6423357664233578,1078,1095,18,0,1077,1081,50825,1,0,0,1,14
2020-10-15,US,Minnesota,Wright,2143,12,0,45.17297924,-93.96234781,27171.0,1548.6677699328643,0.5599626691553896,2131,2125,11,0,2114,2093,136349,18,1,0,17,32
2020-10-15,US,Minnesota,Yellow Medicine,256,4,0,44.71710183,-95.86842453,27173.0,2636.728808322175,1.5625,252,249,4,0,245,246,9795,7,0,0,7,3
2020-10-15,US,Mississippi,Adams,1019,41,0,31.47669768,-91.35326037,28001.0,3319.9752386537652,4.023552502453386,978,1008,41,0,967,1002,31192,11,0,0,11,6
2020-10-15,US,Mississippi,Alcorn,920,12,0,34.88084463,-88.57996173,28003.0,2489.649013611885,1.3043478260869563,908,907,12,0,895,901,36925,13,0,0,13,6
2020-10-15,US,Mississippi,Amite,410,13,0,31.17467303,-90.80501621,28005.0,3334.146539806457,3.1707317073170733,397,397,13,0,384,380,12326,13,0,0,13,17
2020-10-15,US,Mississippi,Attala,749,25,0,33.08658803,-89.57838564,28007.0,4121.27214702322,3.337783711615488,724,728,25,0,703,711,18365,21,0,0,21,17
2020-10-15,US,Mississippi,Benton,292,4,0,34.81681228,-89.18945516,28009.0,3535.536989950357,1.3698630136986298,288,282,4,0,278,280,8271,10,0,0,10,2
2020-10-15,US,Mississippi,Bolivar,1967,75,0,33.79696941,-90.87372121,28011.0,6422.228026642288,3.8129130655821046,1892,1962,75,0,1887,1959,31333,5,0,0,5,3
2020-10-15,US,Mississippi,Calhoun,594,12,0,33.93683395,-89.33686647,28013.0,4136.202214330479,2.0202020202020203,582,578,12,0,566,574,14436,16,0,0,16,4
2020-10-15,US,Mississippi,Carroll,449,12,0,33.44834567,-89.91994479,28015.0,4513.923796119433,2.67260579064588,437,346,12,0,334,343,9911,103,0,0,103,3
2020-10-15,US,Mississippi,Chickasaw,801,24,0,33.91983202,-88.9481545,28017.0,4683.38887914401,2.9962546816479403,777,794,24,0,770,786,17171,7,0,0,7,8
2020-10-15,US,Mississippi,Choctaw,202,6,0,33.34598242,-89.24809382,28019.0,2460.4141291108403,2.9702970297029703,196,198,6,0,192,198,8278,4,0,0,4,0
2020-10-15,US,Mississippi,Claiborne,527,16,0,31.97061673,-90.90702196,28021.0,5863.373386737872,3.036053130929792,511,524,16,0,508,523,9002,3,0,0,3,1
2020-10-15,US,Mississippi,Clarke,701,48,0,32.04158545,-88.68896219999998,28023.0,4510.649250369989,6.847360912981455,653,691,48,0,643,674,15604,10,0,0,10,17
2020-10-15,US,Mississippi,Clay,660,21,0,33.65358105,-88.77784255,28025.0,3416.856492027335,3.1818181818181817,639,651,21,0,630,642,19386,9,0,0,9,9
2020-10-15,US,Mississippi,Coahoma,1219,35,0,34.22772299,-90.60415045,28027.0,5509.853552702947,2.871205906480722,1184,1215,35,0,1180,1211,22628,4,0,0,4,4
2020-10-15,US,Mississippi,Copiah,1319,35,0,31.86977774,-90.44565118,28029.0,4699.804026367361,2.6535253980288096,1284,1304,35,0,1269,1291,28543,15,0,0,15,13
2020-10-15,US,Mississippi,Covington,897,25,0,31.63225413,-89.55389939,28031.0,4813.264649066323,2.787068004459309,872,886,25,0,861,883,18853,11,0,0,11,3
2020-10-15,US,Mississippi,DeSoto,6401,77,0,34.87625235,-89.99091418,28033.0,3461.028954554057,1.20293704108733,6324,6302,77,0,6225,6238,182001,99,0,0,99,64
2020-10-15,US,Mississippi,Forrest,2887,77,0,31.18961454,-89.25832496,28035.0,3854.627021108989,2.667128507100797,2810,2863,76,0,2787,2845,75036,24,1,0,23,18
2020-10-15,US,Mississippi,Franklin,220,3,0,31.47786634,-90.89672989,28037.0,2852.32723972514,1.3636363636363635,217,213,3,0,210,212,7788,7,0,0,7,1
2020-10-15,US,Mississippi,George,922,16,0,30.86259065,-88.64436789,28039.0,3763.2653061224487,1.735357917570499,906,908,16,0,892,896,24250,14,0,0,14,12
2020-10-15,US,Mississippi,Greene,443,17,0,31.21444233,-88.63922281,28041.0,3260.709553952598,3.8374717832957113,426,439,17,0,422,428,13586,4,0,0,4,11
2020-10-15,US,Mississippi,Grenada,1190,37,0,33.77036166,-89.80245083,28043.0,5732.729550052992,3.109243697478992,1153,1180,37,0,1143,1175,21055,10,0,0,10,5
2020-10-15,US,Mississippi,Hancock,722,27,0,30.41830223,-89.48851033,28045.0,1515.7877057440376,3.7396121883656512,695,706,27,0,679,701,47334,16,0,0,16,5
2020-10-15,US,Mississippi,Harrison,4600,80,0,30.51359752,-89.12467576,28047.0,2210.6881968473667,1.7391304347826086,4520,4521,80,0,4441,4471,206650,79,0,0,79,50
2020-10-15,US,Mississippi,Hinds,7619,170,0,32.2656285,-90.44435448,28049.0,3286.318150448585,2.2312639453996588,7449,7528,168,0,7360,7497,237085,91,2,0,89,31
2020-10-15,US,Mississippi,Holmes,1126,60,0,33.12345854,-90.08923538,28051.0,6619.6355085243995,5.3285968028419175,1066,1123,60,0,1063,1120,17622,3,0,0,3,3
2020-10-15,US,Mississippi,Humphreys,392,16,0,33.12825718,-90.52252707,28053.0,4861.11111111111,4.081632653061225,376,389,16,0,373,388,8257,3,0,0,3,1
2020-10-15,US,Mississippi,Issaquena,106,3,0,32.72531359,-90.97392828,28055.0,7987.942727957799,2.830188679245283,103,106,3,0,103,106,1308,0,0,0,0,0
2020-10-15,US,Mississippi,Itawamba,1059,24,0,34.27993475,-88.3606733,28057.0,4527.575887131253,2.26628895184136,1035,1040,24,0,1016,1029,23517,19,0,0,19,11
2020-10-15,US,Mississippi,Jackson,4193,76,0,30.54020656,-88.64184064,28059.0,2919.570802899378,1.81254471738612,4117,4130,75,0,4055,4083,143277,63,1,0,62,47
2020-10-15,US,Mississippi,Jasper,655,16,0,32.01922104,-89.11786866,28061.0,3998.046755783434,2.442748091603053,639,651,16,0,635,644,16428,4,0,0,4,7
2020-10-15,US,Mississippi,Jefferson,256,10,0,31.73397872,-91.03764977,28063.0,3662.374821173105,3.90625,246,255,10,0,245,255,7106,1,0,0,1,0
2020-10-15,US,Mississippi,Jefferson Davis,384,11,0,31.56884708,-89.82670990000004,28065.0,3450.7548526240116,2.864583333333333,373,379,11,0,368,379,11234,5,0,0,5,0
2020-10-15,US,Mississippi,Jones,2779,81,0,31.62257767,-89.16896899999998,28067.0,4080.8834326999327,2.914717524289313,2698,2739,81,0,2658,2720,68461,40,0,0,40,19
2020-10-15,US,Mississippi,Kemper,314,15,0,32.75462946,-88.64105766,28069.0,3223.157462533361,4.777070063694269,299,311,15,0,296,309,10027,3,0,0,3,2
2020-10-15,US,Mississippi,Lafayette,2395,42,0,34.35687874,-89.48490961,28071.0,4433.625205946056,1.7536534446764092,2353,2376,42,0,2334,2362,54793,19,0,0,19,14
2020-10-15,US,Mississippi,Lamar,2075,38,0,31.20572971,-89.5077704,28073.0,3275.815796536318,1.8313253012048192,2037,2035,38,0,1997,2012,62447,40,0,0,40,23
2020-10-15,US,Mississippi,Lauderdale,2305,129,0,32.40419769,-88.66229662,28075.0,3109.612141652615,5.596529284164858,2176,2278,129,0,2149,2255,75317,27,0,0,27,23
2020-10-15,US,Mississippi,Lawrence,483,14,0,31.55147224,-90.10841127,28077.0,3837.5973303670735,2.898550724637681,469,479,14,0,465,474,12455,4,0,0,4,5
2020-10-15,US,Mississippi,Leake,1094,39,0,32.7536828,-89.52402044,28079.0,4801.1937154393045,3.5648994515539307,1055,1076,39,0,1037,1065,22763,18,0,0,18,11
2020-10-15,US,Mississippi,Lee,3316,79,0,34.291877500000005,-88.68149954,28081.0,3881.2678496184276,2.382388419782871,3237,3290,78,0,3212,3239,85202,26,1,0,25,51
2020-10-15,US,Mississippi,Leflore,1570,84,0,33.55545125,-90.29900733,28083.0,5570.734130504206,5.350318471337579,1486,1553,84,0,1469,1547,28919,17,0,0,17,6
2020-10-15,US,Mississippi,Lincoln,1302,54,0,31.53288662,-90.45391915,28085.0,3812.2566099610576,4.147465437788019,1248,1278,54,0,1224,1254,34205,24,0,0,24,24
2020-10-15,US,Mississippi,Lowndes,1713,61,0,33.47386518,-88.44191529999998,28087.0,2923.457632903832,3.561004086398132,1652,1698,61,0,1637,1693,58930,15,0,0,15,5
2020-10-15,US,Mississippi,Madison,3623,92,0,32.63389156,-90.03513564,28089.0,3409.17645287564,2.5393320452663537,3531,3552,92,0,3460,3526,105630,71,0,0,71,26
2020-10-15,US,Mississippi,Marion,916,42,0,31.23132643,-89.8209217,28091.0,3727.6685793350425,4.585152838427947,874,915,42,0,873,915,24715,1,0,0,1,0
2020-10-15,US,Mississippi,Marshall,1244,25,0,34.76216286,-89.50299462,28093.0,3524.6784155947184,2.009646302250804,1219,1228,24,0,1204,1209,35451,16,1,0,15,19
2020-10-15,US,Mississippi,Monroe,1410,72,0,33.89236763,-88.4808438,28095.0,3999.773062521275,5.1063829787234045,1338,1402,72,0,1330,1386,35564,8,0,0,8,16
2020-10-15,US,Mississippi,Montgomery,522,23,0,33.49419589,-89.61729103,28097.0,5340.153452685422,4.406130268199234,499,520,23,0,497,515,10023,2,0,0,2,5
2020-10-15,US,Mississippi,Neshoba,1779,110,0,32.75339664,-89.11726492,28099.0,6109.622913661653,6.183249016301294,1669,1767,109,0,1658,1754,29125,12,1,0,11,13
2020-10-15,US,Mississippi,Newton,835,27,0,32.40021118,-89.11843336,28101.0,3972.7852317061574,3.2335329341317367,808,832,27,0,805,824,21443,3,0,0,3,8
2020-10-15,US,Mississippi,Noxubee,591,16,0,33.11009499,-88.56949061,28103.0,5673.418450609583,2.7072758037225038,575,588,16,0,572,584,10535,3,0,0,3,4
2020-10-15,US,Mississippi,Oktibbeha,1923,54,0,33.42491685,-88.87905132,28105.0,3878.0325488535295,2.8081123244929795,1869,1913,54,0,1859,1904,49599,10,0,0,10,9
2020-10-15,US,Mississippi,Panola,1620,36,0,34.36398677,-89.95064249,28107.0,4737.950397753861,2.2222222222222223,1584,1612,36,0,1576,1608,34178,8,0,0,8,4
2020-10-15,US,Mississippi,Pearl River,1052,55,0,30.77090935,-89.58677275,28109.0,1894.300891329792,5.228136882129277,997,1036,55,0,981,1023,55387,16,0,0,16,13
2020-10-15,US,Mississippi,Perry,466,22,0,31.17161885,-88.99281835,28111.0,3892.090537041677,4.721030042918455,444,465,21,0,444,462,11931,1,1,0,0,3
2020-10-15,US,Mississippi,Pike,1348,55,0,31.17507789,-90.40392572,28113.0,3431.073101201385,4.080118694362018,1293,1334,55,0,1279,1303,39563,14,0,0,14,31
2020-10-15,US,Mississippi,Pontotoc,1413,19,0,34.226046000000004,-89.03636807,28115.0,4391.744887175981,1.3446567586694975,1394,1407,19,0,1388,1402,31833,6,0,0,6,5
2020-10-15,US,Mississippi,Prentiss,988,19,0,34.61810501,-88.51986294,28117.0,3932.181803709305,1.9230769230769231,969,967,19,0,948,960,25315,21,0,0,21,7
2020-10-15,US,Mississippi,Quitman,407,6,0,34.25157572,-90.28908,28119.0,5992.343934040047,1.4742014742014742,401,407,6,0,401,407,7051,0,0,0,0,0
2020-10-15,US,Mississippi,Rankin,3728,86,0,32.26469147,-89.94537876,28121.0,2400.9634767599873,2.3068669527896994,3642,3658,86,0,3572,3630,153902,70,0,0,70,28
2020-10-15,US,Mississippi,Scott,1213,29,0,32.406704100000006,-89.53789439,28123.0,4313.04224150192,2.390766694146744,1184,1206,29,0,1177,1202,28287,7,0,0,7,4
2020-10-15,US,Mississippi,Sharkey,277,14,0,32.88149103,-90.81595379999999,28125.0,6410.553112705392,5.054151624548736,263,273,14,0,259,271,4377,4,0,0,4,2
2020-10-15,US,Mississippi,Simpson,1171,48,0,31.91282117,-89.91716179,28127.0,4392.677620226574,4.099060631938514,1123,1161,48,0,1113,1156,26758,10,0,0,10,5
2020-10-15,US,Mississippi,Smith,575,16,0,32.01744532,-89.50644846,28129.0,3612.716763005779,2.782608695652174,559,573,16,0,557,572,16002,2,0,0,2,1
2020-10-15,US,Mississippi,Stone,437,14,0,30.79187949,-89.11547539,28131.0,2383.289703315881,3.203661327231121,423,433,14,0,419,424,18717,4,0,0,4,9
2020-10-15,US,Mississippi,Sunflower,1553,49,0,33.60192578,-90.58882684,28133.0,6184.78693747511,3.1551835157759176,1504,1545,49,0,1496,1544,25735,8,0,0,8,1
2020-10-15,US,Mississippi,Tallahatchie,815,25,0,33.95339918,-90.1729398,28135.0,5901.948004924325,3.0674846625766867,790,812,25,0,787,809,13987,3,0,0,3,3
2020-10-15,US,Mississippi,Tate,1111,39,0,34.65133709,-89.94485778,28137.0,3922.884078952015,3.5103510351035103,1072,1099,39,0,1060,1096,28759,12,0,0,12,3
2020-10-15,US,Mississippi,Tippah,823,20,0,34.76872156,-88.90988194,28139.0,3738.3602089484443,2.4301336573511545,803,812,19,0,793,800,21995,11,1,0,10,12
2020-10-15,US,Mississippi,Tishomingo,771,40,0,34.74023475,-88.23917219,28141.0,3977.712428416654,5.1880674448767845,731,766,40,0,726,761,19454,5,0,0,5,5
2020-10-15,US,Mississippi,Tunica,516,17,0,34.64967704,-90.37481167,28143.0,5357.142857142857,3.2945736434108532,499,515,17,0,498,514,9944,1,0,0,1,1
2020-10-15,US,Mississippi,Union,1106,25,0,34.49162015,-89.00776006,28145.0,3838.278674301579,2.260397830018084,1081,1102,24,0,1078,1098,28606,4,1,0,3,4
2020-10-15,US,Mississippi,Walthall,627,27,0,31.14971548,-90.10446654,28147.0,4388.912221755565,4.30622009569378,600,628,27,0,601,619,14465,-1,0,0,-1,9
2020-10-15,US,Mississippi,Warren,1486,54,0,32.35810271,-90.83352619,28149.0,3274.498137987264,3.633916554508749,1432,1481,54,0,1427,1476,46176,5,0,0,5,5
2020-10-15,US,Mississippi,Washington,2477,95,0,33.28392041,-90.94196237,28151.0,5641.212507686351,3.835284618490109,2382,2456,93,0,2363,2422,45063,21,2,0,19,34
2020-10-15,US,Mississippi,Wayne,965,21,0,31.64135687,-88.69573913,28153.0,4781.251548332755,2.1761658031088085,944,960,21,0,939,959,20298,5,0,0,5,1
2020-10-15,US,Mississippi,Webster,360,13,0,33.61300486,-89.28392912,28155.0,3715.553720714212,3.611111111111111,347,360,13,0,347,360,9788,0,0,0,0,0
2020-10-15,US,Mississippi,Wilkinson,319,19,0,31.16078225,-91.31018819,28157.0,3696.4078794901507,5.956112852664576,300,319,19,0,300,318,8792,0,0,0,0,1
2020-10-15,US,Mississippi,Winston,806,21,0,33.08747908,-89.03391385,28159.0,4489.000278473963,2.60545905707196,785,798,21,0,777,794,18165,8,0,0,8,4
2020-10-15,US,Mississippi,Yalobusha,479,14,0,34.02824175,-89.70762049999998,28161.0,3956.0621076973907,2.9227557411273484,465,472,14,0,458,470,12392,7,0,0,7,2
2020-10-15,US,Mississippi,Yazoo,1140,33,0,32.77890365,-90.39656148,28163.0,3839.6766588076803,2.8947368421052637,1107,1126,33,0,1093,1109,28248,14,0,0,14,17
2020-10-15,US,Missouri,Adair,436,0,0,40.19058551,-92.60078167,29001.0,1720.3961646213943,0.0,436,424,0,0,424,406,25339,12,0,0,12,18
2020-10-15,US,Missouri,Andrew,365,3,0,39.98492163,-94.80163024,29003.0,2060.749774164409,0.821917808219178,362,357,3,0,354,342,17607,8,0,0,8,15
2020-10-15,US,Missouri,Atchison,70,1,0,40.43238737,-95.42970639,29005.0,1361.0733035193464,1.4285714285714286,69,70,1,0,69,68,5171,0,0,0,0,2
2020-10-15,US,Missouri,Audrain,516,5,0,39.215877,-91.84242683,29007.0,2032.4562785567985,0.9689922480620154,511,514,5,0,509,483,25473,2,0,0,2,31
2020-10-15,US,Missouri,Barry,632,7,0,36.70978521,-93.82919888,29009.0,1765.9057252228338,1.1075949367088609,625,615,8,0,607,584,35886,17,-1,0,18,31
2020-10-15,US,Missouri,Barton,365,2,0,37.50207671,-94.34757022,29011.0,3105.3258465203335,0.547945205479452,363,357,2,0,355,318,11798,8,0,0,8,39
2020-10-15,US,Missouri,Bates,213,3,0,38.25271289,-94.34113157,29013.0,1317.0912688597575,1.4084507042253518,210,208,3,0,205,186,16320,5,0,0,5,22
2020-10-15,US,Missouri,Benton,431,5,0,38.29503305,-93.28756116,29015.0,2216.7361003960295,1.160092807424594,426,428,5,0,423,421,19278,3,0,0,3,7
2020-10-15,US,Missouri,Bollinger,418,2,0,37.32449052,-90.02725304,29017.0,3445.149592021759,0.4784688995215311,416,412,3,0,409,392,12169,6,-1,0,7,20
2020-10-15,US,Missouri,Boone,5459,14,0,38.99186229,-92.30723575,29019.0,3024.996813751295,0.2564572265982781,5445,5398,19,0,5379,5244,180005,61,-5,0,66,154
2020-10-15,US,Missouri,Buchanan,2614,33,0,39.65816401,-94.80138942,29021.0,2992.0791172565364,1.2624330527926548,2581,2577,37,0,2540,2458,88571,37,-4,0,41,119
2020-10-15,US,Missouri,Butler,915,8,0,36.71462476,-90.40421163,29023.0,2154.0562173360327,0.8743169398907104,907,881,9,0,872,834,42639,34,-1,0,35,47
2020-10-15,US,Missouri,Caldwell,144,1,0,39.65620858,-93.98308093,29025.0,1596.4523281596453,0.6944444444444444,143,141,1,0,140,130,9108,3,0,0,3,11
2020-10-15,US,Missouri,Callaway,950,4,0,38.83674754,-91.92186505,29027.0,2123.237154415216,0.42105263157894735,946,930,4,0,926,858,44889,20,0,0,20,72
2020-10-15,US,Missouri,Camden,1386,22,0,38.02199522,-92.76083747,29029.0,2993.197278911565,1.5873015873015872,1364,1359,21,0,1338,1302,45815,27,1,0,26,57
2020-10-15,US,Missouri,Cape Girardeau,2356,35,0,37.38489388,-89.6843587,29031.0,2987.156242471885,1.4855687606112054,2321,2327,30,0,2297,2241,78753,29,5,0,24,86
2020-10-15,US,Missouri,Carroll,162,2,0,39.42762566,-93.50626255,29033.0,1866.5744901486346,1.2345679012345678,160,159,2,0,157,155,8743,3,0,0,3,4
2020-10-15,US,Missouri,Carter,143,3,0,36.94160441,-90.96051322,29035.0,2390.504847876964,2.097902097902098,140,141,3,0,138,137,6054,2,0,0,2,4
2020-10-15,US,Missouri,Cass,1814,27,0,38.64789422,-94.353399,29037.0,1714.8799394970695,1.4884233737596473,1787,1795,28,0,1767,1733,104954,19,-1,0,20,62
2020-10-15,US,Missouri,Cedar,198,2,0,37.72391475,-93.85445441,29039.0,1379.8871001463517,1.0101010101010102,196,196,3,0,193,180,14165,2,-1,0,3,16
2020-10-15,US,Missouri,Chariton,54,1,0,39.51499357,-92.9629191,29041.0,727.1747912739024,1.851851851851852,53,54,1,0,53,54,7451,0,0,0,0,0
2020-10-15,US,Missouri,Christian,1972,8,0,36.9711783,-93.18537118,29043.0,2225.859247135843,0.4056795131845842,1964,1947,8,0,1939,1848,86983,25,0,0,25,99
2020-10-15,US,Missouri,Clark,95,0,0,40.41040752,-91.73661677,29045.0,1397.6754450492865,0.0,95,92,0,0,92,85,6842,3,0,0,3,7
2020-10-15,US,Missouri,Clay,2210,46,0,39.31132056,-94.41850862,29047.0,884.1839102533328,2.081447963800905,2164,2198,47,0,2151,1985,246365,12,-1,0,13,213
2020-10-15,US,Missouri,Clinton,385,4,0,39.6013098,-94.40465394,29049.0,1888.4583312895472,1.0389610389610389,381,371,5,0,366,333,20470,14,-1,0,15,38
2020-10-15,US,Missouri,Cole,2258,16,0,38.50455671,-92.27860244,29051.0,2942.21121897192,0.70859167404783,2242,2203,18,0,2185,2095,76796,55,-2,0,57,108
2020-10-15,US,Missouri,Cooper,512,2,0,38.844478,-92.80896081,29053.0,2891.1852730250157,0.390625,510,507,2,0,505,515,17603,5,0,0,5,-8
2020-10-15,US,Missouri,Crawford,511,6,0,37.97663738,-91.30528104,29055.0,2136.28762541806,1.1741682974559686,505,500,6,0,494,481,23957,11,0,0,11,19
2020-10-15,US,Missouri,Dade,123,0,0,37.431814,-93.8503345,29057.0,1626.7689459066262,0.0,123,121,0,0,121,107,7569,2,0,0,2,14
2020-10-15,US,Missouri,Dallas,264,1,0,37.681135499999996,-93.02127031,29059.0,1564.166370423036,0.3787878787878788,263,253,1,0,252,242,16762,11,0,0,11,11
2020-10-15,US,Missouri,Daviess,194,2,0,39.96145298,-93.98519678,29061.0,2343.5612466779417,1.0309278350515465,192,187,2,0,185,172,8313,7,0,0,7,15
2020-10-15,US,Missouri,DeKalb,212,2,0,39.89201062,-94.40476508,29063.0,1689.646927552403,0.9433962264150944,210,205,2,0,203,189,12630,7,0,0,7,16
2020-10-15,US,Missouri,Dent,217,2,0,37.60663134,-91.50790473,29065.0,1393.4373595325242,0.9216589861751152,215,215,2,0,213,197,15441,2,0,0,2,18
2020-10-15,US,Missouri,Douglas,256,3,0,36.9325593,-92.49905109,29067.0,1941.6003033750478,1.171875,253,251,3,0,248,248,13373,5,0,0,5,3
2020-10-15,US,Missouri,Dunklin,938,11,0,36.27167174,-90.09122243,29069.0,3219.937523600289,1.1727078891257996,927,927,11,0,916,948,29423,11,0,0,11,-21
2020-10-15,US,Missouri,Franklin,2202,34,0,38.41127108,-91.07522826,29071.0,2117.97974357248,1.5440508628519527,2168,2155,35,0,2120,2073,103670,47,-1,0,48,82
2020-10-15,US,Missouri,Gasconade,202,24,0,38.43947277,-91.50847147,29073.0,1373.5890112879094,11.881188118811881,178,201,24,0,177,186,14705,1,0,0,1,15
2020-10-15,US,Missouri,Gentry,165,10,0,40.21097916,-94.40944419,29075.0,2511.033328260539,6.0606060606060606,155,164,10,0,154,148,6628,1,0,0,1,16
2020-10-15,US,Missouri,Greene,8026,96,0,37.2575872,-93.34230916,29077.0,2738.445370983261,1.1961126339396961,7930,7941,100,0,7841,7728,291923,85,-4,0,89,213
2020-10-15,US,Missouri,Grundy,230,8,0,40.11406587,-93.56509276,29079.0,2335.02538071066,3.4782608695652173,222,229,8,0,221,230,9914,1,0,0,1,-1
2020-10-15,US,Missouri,Harrison,157,1,0,40.35570088,-93.99222144,29081.0,1879.7892720306515,0.6369426751592356,156,154,1,0,153,145,8414,3,0,0,3,9
2020-10-15,US,Missouri,Henry,319,5,0,38.38482826,-93.79293734,29083.0,1461.6935483870968,1.567398119122257,314,308,5,0,303,289,21792,11,0,0,11,19
2020-10-15,US,Missouri,Hickory,168,3,0,37.94163617,-93.3203037,29085.0,1760.2682313495388,1.7857142857142858,165,161,3,0,158,150,9509,7,0,0,7,11
2020-10-15,US,Missouri,Holt,96,1,0,40.09799248,-95.21638879999999,29087.0,2180.3315920962978,1.0416666666666667,95,95,1,0,94,95,4404,1,0,0,1,0
2020-10-15,US,Missouri,Howard,214,2,0,39.1435761,-92.69756691,29089.0,2139.78602139786,0.9345794392523364,212,211,2,0,209,200,10137,3,0,0,3,11
2020-10-15,US,Missouri,Howell,959,4,0,36.77383887,-91.88683935,29091.0,2390.5077647879957,0.4171011470281543,955,943,4,0,939,881,40076,16,0,0,16,62
2020-10-15,US,Missouri,Iron,82,0,0,37.55487945,-90.7735296,29093.0,809.8765432098766,0.0,82,78,1,0,77,73,10177,4,-1,0,5,5
2020-10-15,US,Missouri,Jackson,8977,117,0,39.01002188,-94.34724536,29095.0,1276.9359227665002,1.3033307340982512,8860,8901,120,0,8781,8319,700307,76,-3,0,79,582
2020-10-15,US,Missouri,Jasper,4619,59,0,37.20351921,-94.34050458,29097.0,3807.035474086773,1.2773327560077938,4560,4558,61,0,4497,4646,120636,61,-2,0,63,-88
2020-10-15,US,Missouri,Jefferson,4988,69,0,38.25926778,-90.53870896,29099.0,2216.091096094295,1.3833199679230153,4919,4930,71,0,4859,4846,224347,58,-2,0,60,84
2020-10-15,US,Missouri,Johnson,1335,10,0,38.74719601,-93.80691168,29101.0,2469.3870001109835,0.7490636704119851,1325,1331,12,0,1319,1272,53652,4,-2,0,6,59
2020-10-15,US,Missouri,Kansas City,13101,158,0,39.0997,-94.5786,0.0,2679.453433222277,1.2060148080299211,12943,12934,173,0,12761,13077,491918,167,-15,0,182,-143
2020-10-15,US,Missouri,Knox,58,1,0,40.12699751,-92.14780832,29103.0,1465.0164182874466,1.7241379310344829,57,57,1,0,56,55,3947,1,0,0,1,2
2020-10-15,US,Missouri,Laclede,1011,13,0,37.65896829,-92.5888493,29105.0,2830.109453293396,1.2858555885262115,998,991,15,0,976,920,35713,20,-2,0,22,71
2020-10-15,US,Missouri,Lafayette,709,19,0,39.06986886,-93.78076396,29107.0,2167.665402959521,2.6798307475317347,690,703,19,0,684,673,32598,6,0,0,6,30
2020-10-15,US,Missouri,Lawrence,907,13,0,37.10626634,-93.83293097,29109.0,2364.750358493025,1.4332965821389194,894,880,14,0,866,823,38359,27,-1,0,28,57
2020-10-15,US,Missouri,Lewis,153,2,0,40.09673161,-91.72070156,29111.0,1565.0572831423895,1.30718954248366,151,151,2,0,149,150,9855,2,0,0,2,1
2020-10-15,US,Missouri,Lincoln,1004,4,0,39.05345619,-90.95588181,29113.0,1701.3200481249896,0.398406374501992,1000,985,3,0,982,948,57686,19,1,0,18,37
2020-10-15,US,Missouri,Linn,145,1,0,39.87001769,-93.10704106,29115.0,1216.4429530201344,0.6896551724137931,144,142,1,0,141,144,12037,3,0,0,3,-2
2020-10-15,US,Missouri,Livingston,535,5,0,39.78110272,-93.54645978,29117.0,3513.495764103238,0.9345794392523364,530,525,4,0,521,518,15146,10,1,0,9,7
2020-10-15,US,Missouri,Macon,187,0,0,39.83049768,-92.56453089,29121.0,1237.0179268373356,0.0,187,187,0,0,187,182,15153,0,0,0,0,5
2020-10-15,US,Missouri,Madison,406,2,0,37.47865134,-90.34671429999999,29123.0,3358.7028457974848,0.4926108374384237,404,398,1,0,397,367,12188,8,1,0,7,31
2020-10-15,US,Missouri,Maries,122,0,0,38.16193985,-91.92249662,29125.0,1402.7825687018512,0.0,122,119,0,0,119,109,8769,3,0,0,3,10
2020-10-15,US,Missouri,Marion,789,14,0,39.80601912,-91.62203062,29127.0,2765.5099894847526,1.7743979721166032,775,781,14,0,767,765,28592,8,0,0,8,16
2020-10-15,US,Missouri,McDonald,1166,12,0,36.62869595,-94.34867205,29119.0,5105.749441695494,1.0291595197255574,1154,1167,13,0,1154,1138,23078,-1,-1,0,0,29
2020-10-15,US,Missouri,Mercer,30,0,0,40.42212303,-93.56829590000001,29129.0,829.4166436273155,0.0,30,31,0,0,31,32,3641,-1,0,0,-1,-1
2020-10-15,US,Missouri,Miller,681,3,0,38.21450288,-92.42610898,29131.0,2658.1833795230104,0.4405286343612335,678,668,3,0,665,633,25336,13,0,0,13,35
2020-10-15,US,Missouri,Mississippi,355,4,0,36.82516239,-89.29505753,29133.0,2693.474962063733,1.1267605633802815,351,348,4,0,344,344,13336,7,0,0,7,4
2020-10-15,US,Missouri,Moniteau,445,6,0,38.63571781,-92.57976951,29135.0,2758.4924373915196,1.348314606741573,439,435,6,0,429,399,16121,10,0,0,10,36
2020-10-15,US,Missouri,Monroe,112,1,0,39.49593978,-92.00043978,29137.0,1295.6964368347988,0.8928571428571429,111,109,1,0,108,100,8664,3,0,0,3,9
2020-10-15,US,Missouri,Montgomery,99,1,0,38.94022054,-91.47000721,29139.0,857.0686520647563,1.0101010101010102,98,96,1,0,95,90,11534,3,0,0,3,6
2020-10-15,US,Missouri,Morgan,535,5,0,38.4181765,-92.88791859,29141.0,2593.6878848111696,0.9345794392523364,530,526,5,0,521,497,20358,9,0,0,9,29
2020-10-15,US,Missouri,New Madrid,667,17,0,36.59666326,-89.66070007,29143.0,3906.066994612321,2.548725637181409,650,661,17,0,644,653,17296,6,0,0,6,8
2020-10-15,US,Missouri,Newton,1830,16,0,36.90519407,-94.3394104,29145.0,3142.3861528951165,0.8743169398907104,1814,1813,16,0,1797,1521,58266,17,0,0,17,292
2020-10-15,US,Missouri,Nodaway,962,10,0,40.36079813,-94.88133008,29147.0,4354.5174723881955,1.0395010395010396,952,944,10,0,934,910,22304,18,0,0,18,34
2020-10-15,US,Missouri,Oregon,193,0,0,36.68710164,-91.4033755,29149.0,1833.0325766929434,0.0,193,189,0,0,189,173,10541,4,0,0,4,16
2020-10-15,US,Missouri,Osage,324,3,0,38.46036182,-91.8613635,29151.0,2379.72824091076,0.925925925925926,321,293,3,0,290,250,13714,31,0,0,31,43
2020-10-15,US,Missouri,Ozark,165,1,0,36.64916339,-92.44459066,29153.0,1798.5611510791364,0.6060606060606061,164,162,1,0,161,158,9017,3,0,0,3,4
2020-10-15,US,Missouri,Pemiscot,640,11,0,36.2130572,-89.78742322,29155.0,4049.3514710534637,1.71875,629,628,12,0,616,616,16272,12,-1,0,13,12
2020-10-15,US,Missouri,Perry,726,7,0,37.70660776,-89.82741088,29157.0,3793.8963210702336,0.9641873278236914,719,721,8,0,713,707,19150,5,-1,0,6,14
2020-10-15,US,Missouri,Pettis,1321,13,0,38.72798918,-93.28471706,29159.0,3120.054795814733,0.9841029523088568,1308,1309,13,0,1296,1301,42542,12,0,0,12,8
2020-10-15,US,Missouri,Phelps,715,19,0,37.87736118,-91.79351727,29161.0,1604.1101115024792,2.657342657342657,696,687,18,0,669,589,44732,28,1,0,27,98
2020-10-15,US,Missouri,Pike,288,4,0,39.34310674,-91.16980779,29163.0,1573.5985138236258,1.3888888888888888,284,287,4,0,283,275,18504,1,0,0,1,12
2020-10-15,US,Missouri,Platte,864,12,0,39.38154439,-94.77068479,29165.0,827.4435442165144,1.3888888888888888,852,859,12,0,847,802,102985,5,0,0,5,57
2020-10-15,US,Missouri,Polk,834,7,0,37.616229600000004,-93.39828174,29167.0,2594.1708917851256,0.8393285371702638,827,823,9,0,814,792,32201,11,-2,0,13,31
2020-10-15,US,Missouri,Pulaski,857,8,0,37.82462075,-92.20783203,29169.0,1629.0607713802347,0.9334889148191364,849,846,8,0,838,819,52014,11,0,0,11,27
2020-10-15,US,Missouri,Putnam,46,1,0,40.47942497,-93.02042674,29171.0,979.557069846678,2.1739130434782608,45,45,1,0,44,41,4757,1,0,0,1,4
2020-10-15,US,Missouri,Ralls,177,0,0,39.52817427,-91.51838643,29173.0,1716.9463575516538,0.0,177,172,0,0,172,168,10212,5,0,0,5,4
2020-10-15,US,Missouri,Randolph,452,3,0,39.44007257,-92.49713740000001,29175.0,1826.410214966866,0.6637168141592921,449,443,2,0,441,414,24763,9,1,0,8,29
2020-10-15,US,Missouri,Ray,222,2,0,39.353746799999996,-93.98905745,29177.0,964.4625944912677,0.9009009009009008,220,215,2,0,213,208,22883,7,0,0,7,7
2020-10-15,US,Missouri,Reynolds,50,0,0,37.36085952,-90.97009925,29179.0,797.4481658692184,0.0,50,50,0,0,50,45,6254,0,0,0,0,5
2020-10-15,US,Missouri,Ripley,197,3,0,36.65460667,-90.85990261,29181.0,1482.5406381697771,1.5228426395939083,194,192,3,0,189,161,13401,5,0,0,5,31
2020-10-15,US,Missouri,Saline,864,9,0,39.13734288,-93.20259964,29195.0,3795.966785290629,1.0416666666666667,855,857,9,0,848,852,22895,7,0,0,7,5
2020-10-15,US,Missouri,Schuyler,32,0,0,40.46921489,-92.52311943,29197.0,686.6952789699569,0.0,32,32,0,0,32,31,4599,0,0,0,0,1
2020-10-15,US,Missouri,Scotland,48,1,0,40.45214695,-92.14709064,29199.0,979.1921664626683,2.083333333333333,47,45,1,0,44,45,4966,3,0,0,3,0
2020-10-15,US,Missouri,Scott,1164,18,0,37.05588075,-89.56474493,29201.0,3040.752351097179,1.5463917525773196,1146,1151,18,0,1133,1114,38458,13,0,0,13,37
2020-10-15,US,Missouri,Shannon,181,2,0,37.15772072,-91.40190382,29203.0,2216.5074699975507,1.1049723756906078,179,179,2,0,177,174,8189,2,0,0,2,5
2020-10-15,US,Missouri,Shelby,88,1,0,39.79742518,-92.07634971,29205.0,1483.9797639123105,1.1363636363636365,87,88,1,0,87,86,6050,0,0,0,0,2
2020-10-15,US,Missouri,St. Charles,9196,130,0,38.77875681,-90.66662425,29183.0,2287.4370059349985,1.4136581122227054,9066,9086,135,0,8951,8676,399182,110,-5,0,115,410
2020-10-15,US,Missouri,St. Clair,99,1,0,38.03699437,-93.77631447,29185.0,1053.5277216132808,1.0101010101010102,98,97,1,0,96,91,9395,2,0,0,2,6
2020-10-15,US,Missouri,St. Francois,2540,19,0,37.81214171,-90.47598685,29187.0,3778.9183961913263,0.7480314960629921,2521,2505,19,0,2486,2467,66692,35,0,0,35,38
2020-10-15,US,Missouri,St. Louis,27050,854,0,38.63770039999999,-90.4458375,29189.0,2720.766843860169,3.1571164510166363,26196,26881,872,0,26009,26675,996945,169,-18,0,187,206
2020-10-15,US,Missouri,St. Louis City,7750,216,0,38.63555736,-90.24349225,29510.0,2578.3828382838283,2.7870967741935484,7534,7705,232,0,7473,7649,302838,45,-16,0,61,56
2020-10-15,US,Missouri,Ste. Genevieve,265,1,0,37.89090059,-90.1949941,29186.0,1480.9433329607687,0.37735849056603776,264,258,1,0,257,249,17888,7,0,0,7,9
2020-10-15,US,Missouri,Stoddard,708,15,0,36.85571651,-89.9444155,29207.0,2439.276485788114,2.1186440677966103,693,693,15,0,678,665,29206,15,0,0,15,28
2020-10-15,US,Missouri,Stone,606,6,0,36.75000327,-93.45256475,29209.0,1896.594892338508,0.99009900990099,600,597,7,0,590,570,31749,9,-1,0,10,27
2020-10-15,US,Missouri,Sullivan,264,1,0,40.2099105,-93.11150106,29211.0,4335.687304976186,0.3787878787878788,263,259,1,0,258,247,6221,5,0,0,5,12
2020-10-15,US,Missouri,Taney,1502,34,0,36.65465345,-93.04075153,29213.0,2685.5957659848377,2.2636484687083893,1468,1479,33,0,1446,1480,55852,23,1,0,22,-1
2020-10-15,US,Missouri,Texas,506,3,0,37.31728859,-91.96564727,29215.0,1992.2828569178673,0.5928853754940712,503,489,2,0,487,458,25571,17,1,0,16,31
2020-10-15,US,Missouri,Vernon,272,3,0,37.8457799,-94.34127305,29217.0,1322.7641881048485,1.1029411764705883,269,268,3,0,265,255,20528,4,0,0,4,13
2020-10-15,US,Missouri,Warren,557,1,0,38.76529479,-91.16124662,29219.0,1562.4561698785376,0.17953321364452424,556,546,2,0,544,524,34711,11,-1,0,12,22
2020-10-15,US,Missouri,Washington,561,11,0,37.96130078,-90.87948158,29221.0,2268.499797816417,1.96078431372549,550,551,11,0,540,544,24943,10,0,0,10,7
2020-10-15,US,Missouri,Wayne,274,1,0,37.11303869,-90.46001416,29223.0,2128.4859784044124,0.36496350364963503,273,269,1,0,268,260,13122,5,0,0,5,9
2020-10-15,US,Missouri,Webster,973,6,0,37.2813734,-92.876329,29225.0,2457.5671852899577,0.6166495375128469,967,962,6,0,956,920,39109,11,0,0,11,42
2020-10-15,US,Missouri,Worth,25,0,0,40.47945588,-94.42328751,29227.0,1241.9274714356682,0.0,25,24,0,0,24,22,2040,1,0,0,1,2
2020-10-15,US,Missouri,Wright,530,0,0,37.27029221,-92.46914488,29229.0,2897.9167805784896,0.0,530,521,0,0,521,486,18378,9,0,0,9,35
2020-10-15,US,Montana,Beaverhead,222,1,0,45.13434354,-112.89846940000001,30001.0,2348.460806093304,0.4504504504504505,221,213,1,0,212,212,9404,9,0,0,9,1
2020-10-15,US,Montana,Big Horn,1091,30,0,45.42335905,-107.492347,30003.0,8191.305653577597,2.7497708524289637,1061,1072,30,0,1042,1054,13338,19,0,0,19,18
2020-10-15,US,Montana,Blaine,165,2,0,48.43175214,-108.9582723,30005.0,2469.690166142793,1.2121212121212122,163,155,2,0,153,146,6807,10,0,0,10,9
2020-10-15,US,Montana,Broadwater,29,0,0,46.33277565,-111.49558130000001,30007.0,464.9671316337983,0.0,29,26,0,0,26,25,6085,3,0,0,3,1
2020-10-15,US,Montana,Carbon,188,0,0,45.22850116,-109.0274047,30009.0,1752.9137529137533,0.0,188,182,0,0,182,172,10714,6,0,0,6,10
2020-10-15,US,Montana,Carter,26,0,0,45.5197966,-104.53955359999999,30011.0,2076.67731629393,0.0,26,11,0,0,11,11,1238,15,0,0,15,0
2020-10-15,US,Montana,Cascade,1261,6,0,47.30797024,-111.3467922,30013.0,1549.7873804783326,0.4758128469468675,1255,1178,6,0,1172,1061,81643,83,0,0,83,117
2020-10-15,US,Montana,Chouteau,50,0,0,47.88084126,-110.4353362,30015.0,887.3114463176573,0.0,50,48,0,0,48,47,5745,2,0,0,2,1
2020-10-15,US,Montana,Custer,169,2,0,46.25319932,-105.57375259999998,30017.0,1482.1961059463254,1.183431952662722,167,156,2,0,154,148,11586,13,0,0,13,8
2020-10-15,US,Montana,Daniels,13,0,0,48.78420029,-105.54763429999998,30019.0,769.2307692307692,0.0,13,11,0,0,11,11,1747,2,0,0,2,0
2020-10-15,US,Montana,Dawson,141,1,0,47.26584855,-104.89444170000002,30021.0,1637.060257749913,0.7092198581560284,140,138,1,0,137,129,8680,3,0,0,3,9
2020-10-15,US,Montana,Deer Lodge,273,0,0,46.05953325,-113.073353,30023.0,2986.8708971553606,0.0,273,271,0,0,271,267,9131,2,0,0,2,4
2020-10-15,US,Montana,Fallon,27,0,0,46.33478338,-104.41835649999999,30025.0,948.6999297259313,0.0,27,27,0,0,27,27,2920,0,0,0,0,0
2020-10-15,US,Montana,Fergus,146,1,0,47.26331584,-109.2245206,30027.0,1321.2669683257918,0.6849315068493149,145,134,1,0,133,129,11113,12,0,0,12,5
2020-10-15,US,Montana,Flathead,2286,23,0,48.29575866,-114.05205690000001,30029.0,2202.1848448066585,1.0061242344706909,2263,2209,23,0,2186,2140,102106,77,0,0,77,69
2020-10-15,US,Montana,Gallatin,2081,5,0,45.54486106,-111.1692571,30031.0,1818.51547616967,0.2402691013935608,2076,2012,4,0,2008,1956,111876,69,1,0,68,56
2020-10-15,US,Montana,Garfield,19,0,0,47.27545948,-107.0002351,30033.0,1510.3338632750394,0.0,19,19,0,0,19,18,1268,0,0,0,0,1
2020-10-15,US,Montana,Glacier,763,2,0,48.70513576,-112.9934235,30035.0,5547.8804624445565,0.2621231979030144,761,678,1,0,677,673,13747,85,1,0,84,5
2020-10-15,US,Montana,Golden Valley,5,0,0,46.3816474,-109.17685220000001,30037.0,609.0133982947625,0.0,5,5,0,0,5,5,826,0,0,0,0,0
2020-10-15,US,Montana,Granite,45,0,0,46.40605220000001,-113.4414186,30039.0,1331.7549570878955,0.0,45,41,0,0,41,40,3378,4,0,0,4,1
2020-10-15,US,Montana,Hill,454,9,0,48.62879827,-110.1129252,30041.0,2754.185877214268,1.9823788546255507,445,433,8,0,425,400,16347,21,1,0,20,33
2020-10-15,US,Montana,Jefferson,117,0,0,46.14907081,-112.094396,30043.0,957.3684641191393,0.0,117,112,0,0,112,111,12097,5,0,0,5,1
2020-10-15,US,Montana,Judith Basin,12,0,0,47.04581276,-110.26606880000001,30045.0,597.9073243647233,0.0,12,11,0,0,11,11,1952,1,0,0,1,0
2020-10-15,US,Montana,Lake,376,1,0,47.64514965,-114.0898013,30047.0,1234.4868343292405,0.26595744680851063,375,372,1,0,371,370,30250,4,0,0,4,2
2020-10-15,US,Montana,Lewis and Clark,528,3,0,47.12610041,-112.39469799999999,30049.0,760.4562737642585,0.5681818181818182,525,511,3,0,508,489,68700,17,0,0,17,22
2020-10-15,US,Montana,Liberty,28,0,0,48.56084317,-111.02430700000001,30051.0,1198.117244330338,0.0,28,27,0,0,27,27,2430,1,0,0,1,0
2020-10-15,US,Montana,Lincoln,224,3,0,48.54265777,-115.4046155,30053.0,1121.1211211211212,1.3392857142857142,221,208,3,0,205,197,19794,16,0,0,16,11
2020-10-15,US,Montana,Madison,127,1,0,45.30080065,-111.9173017,30057.0,1476.7441860465115,0.7874015748031497,126,126,1,0,125,126,8768,1,0,0,1,0
2020-10-15,US,Montana,McCone,36,0,0,47.64469406,-105.79449939999999,30055.0,2163.4615384615386,0.0,36,36,0,0,36,35,1675,0,0,0,0,1
2020-10-15,US,Montana,Meagher,47,2,0,46.59907074,-110.8898557,30059.0,2524.167561761547,4.25531914893617,45,43,2,0,41,43,1866,4,0,0,4,0
2020-10-15,US,Montana,Mineral,11,0,0,47.15283992,-115.00152390000001,30061.0,250.1705708437571,0.0,11,9,0,0,9,9,4316,2,0,0,2,0
2020-10-15,US,Montana,Missoula,1470,5,0,47.03728583,-113.92135079999998,30063.0,1229.0969899665552,0.3401360544217687,1465,1447,5,0,1442,1393,118791,23,0,0,23,54
2020-10-15,US,Montana,Musselshell,49,1,0,46.49684637,-108.39498,30065.0,1057.6300453270019,2.0408163265306123,48,49,1,0,48,49,4651,0,0,0,0,0
2020-10-15,US,Montana,Park,163,0,0,45.48965095,-110.52643940000002,30067.0,981.572925448633,0.0,163,161,0,0,161,155,16736,2,0,0,2,6
2020-10-15,US,Montana,Petroleum,3,0,0,47.118246299999996,-108.2508876,30069.0,616.0164271047228,0.0,3,3,0,0,3,3,513,0,0,0,0,0
2020-10-15,US,Montana,Phillips,139,0,0,48.25936577,-107.9128511,30071.0,3515.4274152756707,0.0,139,132,0,0,132,131,4074,7,0,0,7,1
2020-10-15,US,Montana,Pondera,122,1,0,48.22773388,-112.22527029999999,30073.0,2063.948570461851,0.819672131147541,121,120,1,0,119,118,5972,2,0,0,2,2
2020-10-15,US,Montana,Powder River,39,0,0,45.39617714,-105.636738,30075.0,2318.6682520808567,0.0,39,39,0,0,39,38,1716,0,0,0,0,1
2020-10-15,US,Montana,Powell,28,0,0,46.85538891,-112.93591640000001,30077.0,406.3860667634253,0.0,28,27,0,0,27,27,6968,1,0,0,1,0
2020-10-15,US,Montana,Prairie,28,0,0,46.86048047,-105.379384,30079.0,2599.8142989786443,0.0,28,28,0,0,28,28,1087,0,0,0,0,0
2020-10-15,US,Montana,Ravalli,278,4,0,46.08520862,-114.11891640000002,30081.0,634.6162626124275,1.4388489208633093,274,262,2,0,260,235,43172,16,2,0,14,27
2020-10-15,US,Montana,Richland,172,2,0,47.78668011,-104.5610786,30083.0,1592.1503286124225,1.162790697674419,170,166,2,0,164,167,10913,6,0,0,6,-1
2020-10-15,US,Montana,Roosevelt,705,13,0,48.29607488,-105.00792679999999,30085.0,6406.761177753544,1.8439716312056735,692,703,13,0,690,694,11059,2,0,0,2,9
2020-10-15,US,Montana,Rosebud,711,20,0,46.23397237,-106.72928799999998,30087.0,7955.689828801611,2.8129395218002813,691,709,20,0,689,708,9063,2,0,0,2,1
2020-10-15,US,Montana,Sanders,82,1,0,47.67657534,-115.1329916,30089.0,676.9586394782465,1.2195121951219512,81,82,1,0,81,74,11844,0,0,0,0,8
2020-10-15,US,Montana,Sheridan,40,0,0,48.72085833,-104.50382900000001,30091.0,1208.8244182532487,0.0,40,34,0,0,34,34,3424,6,0,0,6,0
2020-10-15,US,Montana,Silver Bow,395,0,0,45.90018933,-112.6620092,30093.0,1131.3189173707574,0.0,395,390,0,0,390,387,34993,5,0,0,5,3
2020-10-15,US,Montana,Stillwater,129,3,0,45.67071407,-109.3950061,30095.0,1337.8967019290606,2.3255813953488373,126,124,3,0,121,124,9534,5,0,0,5,0
2020-10-15,US,Montana,Sweet Grass,58,2,0,45.81367654,-109.9425686,30097.0,1552.047096601552,3.4482758620689653,56,57,2,0,55,56,3710,1,0,0,1,1
2020-10-15,US,Montana,Teton,64,0,0,47.83741052,-112.24106880000001,30099.0,1041.1582885960631,0.0,64,59,0,0,59,56,6162,5,0,0,5,3
2020-10-15,US,Montana,Toole,289,6,0,48.65577551,-111.69424140000001,30101.0,6102.195945945946,2.0761245674740483,283,288,6,0,282,286,4853,1,0,0,1,2
2020-10-15,US,Montana,Treasure,10,0,0,46.20973220000001,-107.26665159999999,30103.0,1436.7816091954026,0.0,10,10,0,0,10,10,679,0,0,0,0,0
2020-10-15,US,Montana,Valley,213,2,0,48.36435097,-106.6669635,30105.0,2879.9351000540833,0.9389671361502347,211,200,2,0,198,189,7437,13,0,0,13,11
2020-10-15,US,Montana,Wheatland,54,1,0,46.46652491,-109.84646359999999,30107.0,2539.981185324553,1.851851851851852,53,53,1,0,52,49,2236,1,0,0,1,4
2020-10-15,US,Montana,Wibaux,36,0,0,46.95925154,-104.2510927,30109.0,3715.170278637771,0.0,36,34,0,0,34,31,1034,2,0,0,2,3
2020-10-15,US,Montana,Yellowstone,4696,77,0,45.93955949,-108.26914860000001,30111.0,2911.3453192808433,1.6396933560477005,4619,4559,77,0,4482,4480,160137,137,0,0,137,79
2020-10-15,US,Nebraska,Adams,691,12,0,40.52449420000001,-98.50117804,31001.0,2203.233109077576,1.7366136034732271,679,681,12,0,669,662,31511,10,0,0,10,19
2020-10-15,US,Nebraska,Antelope,134,1,0,42.17695516,-98.06662829999999,31003.0,2127.659574468085,0.746268656716418,133,131,1,0,130,128,6336,3,0,0,3,3
2020-10-15,US,Nebraska,Arthur,3,0,0,41.56896142,-101.6959559,31005.0,647.9481641468683,0.0,3,3,0,0,3,3,465,0,0,0,0,0
2020-10-15,US,Nebraska,Banner,2,0,0,41.54634427,-103.7114332,31007.0,268.4563758389262,0.0,2,2,0,0,2,2,730,0,0,0,0,0
2020-10-15,US,Nebraska,Blaine,3,0,0,41.91311716,-99.97677845,31009.0,645.1612903225806,0.0,3,3,0,0,3,3,476,0,0,0,0,0
2020-10-15,US,Nebraska,Boone,121,0,0,41.70759415,-98.06737183,31011.0,2330.508474576271,0.0,121,120,0,0,120,117,5239,1,0,0,1,3
2020-10-15,US,Nebraska,Box Butte,142,1,0,42.22079243,-103.08788340000001,31013.0,1316.887693591765,0.7042253521126759,141,133,1,0,132,127,10772,9,0,0,9,6
2020-10-15,US,Nebraska,Boyd,47,0,0,42.899727399999996,-98.76486568,31015.0,2449.192287649817,0.0,47,47,0,0,47,44,1955,0,0,0,0,3
2020-10-15,US,Nebraska,Brown,63,0,0,42.43018907,-99.92904055,31017.0,2131.979695431472,0.0,63,62,0,0,62,62,2973,1,0,0,1,0
2020-10-15,US,Nebraska,Buffalo,1474,6,0,40.85486962,-99.07500296,31019.0,2968.243420125254,0.4070556309362279,1468,1447,6,0,1441,1421,49615,27,0,0,27,26
2020-10-15,US,Nebraska,Burt,98,1,0,41.85056773,-96.32605633,31021.0,1517.262734169376,1.020408163265306,97,98,1,0,97,96,6488,0,0,0,0,2
2020-10-15,US,Nebraska,Butler,187,1,0,41.22703692,-97.13106306,31023.0,2332.8343313373252,0.5347593582887701,186,181,1,0,180,177,8058,6,0,0,6,4
2020-10-15,US,Nebraska,Cass,439,3,0,40.90899107,-96.13971217,31025.0,1672.5083815909784,0.683371298405467,436,430,3,0,427,420,26159,9,0,0,9,10
2020-10-15,US,Nebraska,Cedar,124,0,0,42.598885100000004,-97.25311951,31027.0,1475.8390859319209,0.0,124,122,0,0,122,117,8446,2,0,0,2,5
2020-10-15,US,Nebraska,Chase,110,0,0,40.523719799999995,-101.69780259999999,31029.0,2803.261977573904,0.0,110,105,0,0,105,98,3977,5,0,0,5,7
2020-10-15,US,Nebraska,Cherry,58,4,0,42.54502621,-101.1244332,31031.0,1019.511337669186,6.896551724137932,54,58,4,0,54,56,5761,0,0,0,0,2
2020-10-15,US,Nebraska,Cheyenne,66,1,0,41.21999357,-102.9941693,31033.0,740.7407407407408,1.5151515151515151,65,61,1,0,60,56,9310,5,0,0,5,5
2020-10-15,US,Nebraska,Clay,117,0,0,40.52439441,-98.05126296,31035.0,1886.1841044655807,0.0,117,115,0,0,115,109,6214,2,0,0,2,6
2020-10-15,US,Nebraska,Colfax,842,5,0,41.57486951,-97.0868542,31037.0,7862.545522457745,0.5938242280285035,837,836,5,0,831,830,10881,6,0,0,6,6
2020-10-15,US,Nebraska,Cuming,226,2,0,41.91637624,-96.78730772,31039.0,2554.827040470269,0.8849557522123894,224,226,1,0,225,219,8940,0,1,0,-1,7
2020-10-15,US,Nebraska,Custer,159,4,0,41.39374521,-99.72805369,31041.0,1475.3642015403175,2.5157232704402515,155,153,4,0,149,148,10840,6,0,0,6,5
2020-10-15,US,Nebraska,Dakota,2425,44,0,42.39040144,-96.56656425,31043.0,12109.25796464596,1.8144329896907216,2381,2418,44,0,2374,2404,20083,7,0,0,7,14
2020-10-15,US,Nebraska,Dawes,182,0,0,42.71985036,-103.1313774,31045.0,2118.9894050529747,0.0,182,178,0,0,178,170,8716,4,0,0,4,8
2020-10-15,US,Nebraska,Dawson,1171,14,0,40.87028216,-99.82014609999999,31047.0,4962.915872006781,1.1955593509820666,1157,1165,14,0,1151,1158,23709,6,0,0,6,7
2020-10-15,US,Nebraska,Deuel,6,0,0,41.11168186,-102.33333309999999,31049.0,334.4481605351171,0.0,6,4,0,0,4,4,1825,2,0,0,2,0
2020-10-15,US,Nebraska,Dixon,144,2,0,42.49188363,-96.86782408,31051.0,2555.0035486160396,1.3888888888888888,142,140,2,0,138,136,5709,4,0,0,4,4
2020-10-15,US,Nebraska,Dodge,1438,15,0,41.58071748,-96.65598179,31053.0,3932.722548885546,1.043115438108484,1423,1428,15,0,1413,1416,36791,10,0,0,10,12
2020-10-15,US,Nebraska,Douglas,19190,211,0,41.29518299,-96.15085305,31055.0,3358.847035060482,1.099531005732152,18979,18878,209,0,18669,18650,566880,312,2,0,310,228
2020-10-15,US,Nebraska,Dundy,16,1,0,40.17638677,-101.6876522,31057.0,945.0679267572356,6.25,15,16,1,0,15,15,1770,0,0,0,0,1
2020-10-15,US,Nebraska,Fillmore,68,1,0,40.52458567,-97.59646937,31059.0,1244.96521420725,1.4705882352941178,67,67,1,0,66,66,5527,1,0,0,1,1
2020-10-15,US,Nebraska,Franklin,66,0,0,40.17636348,-98.95299073,31061.0,2215.5085599194367,0.0,66,64,0,0,64,61,3023,2,0,0,2,3
2020-10-15,US,Nebraska,Frontier,24,0,0,40.52993007,-100.3924658,31063.0,913.5896459840125,0.0,24,24,0,0,24,20,2608,0,0,0,0,4
2020-10-15,US,Nebraska,Furnas,70,2,0,40.17642064,-99.91247454,31065.0,1497.005988023952,2.8571428571428568,68,70,2,0,68,67,4715,0,0,0,0,3
2020-10-15,US,Nebraska,Gage,379,5,0,40.26186809,-96.68946704,31067.0,1761.72546832148,1.3192612137203166,374,362,5,0,357,351,21493,17,0,0,17,11
2020-10-15,US,Nebraska,Garden,15,0,0,41.61703149,-102.3313973,31069.0,816.5487207403377,0.0,15,13,0,0,13,13,1897,2,0,0,2,0
2020-10-15,US,Nebraska,Garfield,15,0,0,41.91428955,-98.99111827,31071.0,761.8080243778568,0.0,15,14,0,0,14,13,1987,1,0,0,1,1
2020-10-15,US,Nebraska,Gosper,52,0,0,40.51481965,-99.83020279,31073.0,2613.065326633166,0.0,52,51,0,0,51,51,1996,1,0,0,1,0
2020-10-15,US,Nebraska,Grant,2,0,0,41.91528587,-101.740701,31075.0,321.0272873194222,0.0,2,2,0,0,2,2,660,0,0,0,0,0
2020-10-15,US,Nebraska,Greeley,42,0,0,41.56742671,-98.52150266,31077.0,1782.6825127334464,0.0,42,42,0,0,42,42,2356,0,0,0,0,0
2020-10-15,US,Nebraska,Hall,2340,48,0,40.87257079,-98.50218293,31079.0,3813.9944257004545,2.051282051282051,2292,2316,48,0,2268,2272,61607,24,0,0,24,44
2020-10-15,US,Nebraska,Hamilton,204,12,0,40.87349452,-98.02099117,31081.0,2187.902187902188,5.882352941176472,192,204,12,0,192,197,9280,0,0,0,0,7
2020-10-15,US,Nebraska,Harlan,44,0,0,40.17658508,-99.40438879,31083.0,1301.775147928994,0.0,44,39,0,0,39,37,3401,5,0,0,5,2
2020-10-15,US,Nebraska,Hayes,6,0,0,40.52451972,-101.0603568,31085.0,650.7592190889371,0.0,6,6,0,0,6,5,916,0,0,0,0,1
2020-10-15,US,Nebraska,Hitchcock,25,0,0,40.17609175,-101.04164770000001,31087.0,905.1412020275163,0.0,25,25,0,0,25,23,2806,0,0,0,0,2
2020-10-15,US,Nebraska,Holt,192,1,0,42.45522056,-98.78402558,31089.0,1907.2216151783055,0.5208333333333334,191,184,1,0,183,175,10178,8,0,0,8,9
2020-10-15,US,Nebraska,Hooker,18,1,0,41.91586243,-101.1354293,31091.0,2639.296187683285,5.5555555555555545,17,18,1,0,17,18,682,0,0,0,0,0
2020-10-15,US,Nebraska,Howard,122,5,0,41.2200529,-98.5166499,31093.0,1892.9402637703647,4.0983606557377055,117,121,5,0,116,117,6468,1,0,0,1,4
2020-10-15,US,Nebraska,Jefferson,55,0,0,40.17584531,-97.142601,31095.0,780.5847289242122,0.0,55,46,0,0,46,43,7097,9,0,0,9,3
2020-10-15,US,Nebraska,Johnson,88,0,0,40.39257596,-96.26522753,31097.0,1735.357917570499,0.0,88,85,0,0,85,84,5134,3,0,0,3,1
2020-10-15,US,Nebraska,Kearney,226,0,0,40.50663314,-98.94877182,31099.0,3479.5996920708235,0.0,226,224,0,0,224,206,6544,2,0,0,2,18
2020-10-15,US,Nebraska,Keith,77,0,0,41.19930341,-101.66201640000001,31101.0,958.4266865820264,0.0,77,75,0,0,75,74,8021,2,0,0,2,1
2020-10-15,US,Nebraska,Keya Paha,8,0,0,42.87990694,-99.71343729,31103.0,992.5558312655087,0.0,8,8,0,0,8,8,810,0,0,0,0,0
2020-10-15,US,Nebraska,Kimball,33,0,0,41.19774275,-103.7148131,31105.0,908.590308370044,0.0,33,31,0,0,31,27,3618,2,0,0,2,4
2020-10-15,US,Nebraska,Knox,236,0,0,42.63758421,-97.89178836,31107.0,2832.453192510801,0.0,236,234,0,0,234,229,8419,2,0,0,2,5
2020-10-15,US,Nebraska,Lancaster,7757,26,0,40.78416049,-96.68777155,31109.0,2430.9755868250336,0.33518112672424905,7731,7665,26,0,7639,7541,317272,92,0,0,92,124
2020-10-15,US,Nebraska,Lincoln,617,4,0,41.04658298,-100.74753740000001,31111.0,1767.199404250444,0.6482982171799028,613,598,4,0,594,576,35185,19,0,0,19,22
2020-10-15,US,Nebraska,Logan,8,0,0,41.56650314,-100.4817851,31113.0,1069.51871657754,0.0,8,7,0,0,7,8,749,1,0,0,1,-1
2020-10-15,US,Nebraska,Loup,5,0,0,41.91371961,-99.45440415,31115.0,753.0120481927713,0.0,5,5,0,0,5,5,618,0,0,0,0,0
2020-10-15,US,Nebraska,Madison,1011,8,0,41.91676024,-97.6005481,31119.0,2880.4239437021,0.7912957467853611,1003,996,7,0,989,985,35392,15,1,0,14,11
2020-10-15,US,Nebraska,McPherson,7,0,0,41.56797682,-101.05993620000001,31117.0,1417.004048582996,0.0,7,7,0,0,7,7,492,0,0,0,0,0
2020-10-15,US,Nebraska,Merrick,110,1,0,41.16624273,-98.0374887,31121.0,1418.4397163120568,0.9090909090909092,109,110,1,0,109,107,7733,0,0,0,0,3
2020-10-15,US,Nebraska,Morrill,91,0,0,41.71711774,-103.0061405,31123.0,1960.361912968548,0.0,91,85,0,0,85,83,4686,6,0,0,6,2
2020-10-15,US,Nebraska,Nance,69,0,0,41.39750195,-97.99327291,31125.0,1960.7843137254904,0.0,69,66,0,0,66,66,3532,3,0,0,3,0
2020-10-15,US,Nebraska,Nemaha,152,0,0,40.38514847,-95.85433992,31127.0,2180.149168100975,0.0,152,151,0,0,151,150,6958,1,0,0,1,1
2020-10-15,US,Nebraska,Nuckolls,52,0,0,40.17637905,-98.04743961,31129.0,1253.616200578592,0.0,52,46,0,0,46,40,4195,6,0,0,6,6
2020-10-15,US,Nebraska,Otoe,243,1,0,40.64843556,-96.13374142,31131.0,1517.6117911566323,0.41152263374485604,242,239,1,0,238,232,15985,4,0,0,4,7
2020-10-15,US,Nebraska,Pawnee,24,0,0,40.13141096,-96.23705437,31133.0,918.4845005740527,0.0,24,24,0,0,24,24,2632,0,0,0,0,0
2020-10-15,US,Nebraska,Perkins,36,10,0,40.85082525,-101.6502942,31135.0,1245.2438602559669,27.777777777777782,26,37,10,0,27,37,2929,-1,0,0,-1,0
2020-10-15,US,Nebraska,Phelps,209,0,0,40.51156033,-99.41461667,31137.0,2313.482399822891,0.0,209,198,0,0,198,190,8996,11,0,0,11,8
2020-10-15,US,Nebraska,Pierce,147,8,0,42.26434853,-97.60122773,31139.0,2056.5193060996085,5.442176870748299,139,144,8,0,136,128,7142,3,0,0,3,16
2020-10-15,US,Nebraska,Platte,1337,5,0,41.57246836,-97.52144359,31141.0,3994.6220495966536,0.3739715781600598,1332,1303,5,0,1298,1279,33363,34,0,0,34,24
2020-10-15,US,Nebraska,Polk,150,1,0,41.18813488,-97.56630712,31143.0,2877.421830040284,0.6666666666666666,149,148,1,0,147,141,5278,2,0,0,2,7
2020-10-15,US,Nebraska,Red Willow,133,0,0,40.17556879999999,-100.476998,31145.0,1240.2088772845952,0.0,133,131,0,0,131,118,10726,2,0,0,2,13
2020-10-15,US,Nebraska,Richardson,79,2,0,40.1247415,-95.71755036,31147.0,1004.4500953591864,2.5316455696202533,77,75,2,0,73,75,7937,4,0,0,4,0
2020-10-15,US,Nebraska,Rock,50,1,0,42.42252217,-99.44832069,31149.0,3684.598378776713,2.0,49,49,1,0,48,51,1360,1,0,0,1,-2
2020-10-15,US,Nebraska,Saline,819,2,0,40.52418865,-97.14085859,31151.0,5757.874015748032,0.2442002442002442,817,809,2,0,807,803,14350,10,0,0,10,6
2020-10-15,US,Nebraska,Sarpy,4813,32,0,41.11314181,-96.11156432,31153.0,2571.1019466227913,0.664865987949304,4781,4680,32,0,4648,4573,184459,133,0,0,133,107
2020-10-15,US,Nebraska,Saunders,586,4,0,41.227810299999994,-96.63773905,31155.0,2715.728983223654,0.6825938566552902,582,579,4,0,575,574,21303,7,0,0,7,5
2020-10-15,US,Nebraska,Scotts Bluff,498,8,0,41.85070896,-103.70809859999999,31157.0,1398.1694648773093,1.606425702811245,490,488,8,0,480,480,35989,10,0,0,10,8
2020-10-15,US,Nebraska,Seward,284,3,0,40.87241834,-97.139673,31159.0,1643.138162462393,1.056338028169014,281,278,3,0,275,274,17318,6,0,0,6,4
2020-10-15,US,Nebraska,Sheridan,89,0,0,42.50284406,-102.4126613,31161.0,1696.5306900495614,0.0,89,74,0,0,74,72,5190,15,0,0,15,2
2020-10-15,US,Nebraska,Sherman,33,2,0,41.22045983,-98.97588642,31163.0,1099.6334555148283,6.0606060606060606,31,33,2,0,31,32,3038,0,0,0,0,1
2020-10-15,US,Nebraska,Sioux,11,0,0,42.48932059,-103.7576544,31165.0,943.3962264150942,0.0,11,11,0,0,11,10,1187,0,0,0,0,1
2020-10-15,US,Nebraska,Stanton,55,0,0,41.9169835,-97.19394708,31167.0,929.054054054054,0.0,55,55,0,0,55,54,5970,0,0,0,0,1
2020-10-15,US,Nebraska,Thayer,42,0,0,40.17626377,-97.59504381,31169.0,839.4963022186688,0.0,42,41,0,0,41,41,5039,1,0,0,1,0
2020-10-15,US,Nebraska,Thomas,8,0,0,41.91358968,-100.5556632,31171.0,1108.03324099723,0.0,8,8,0,0,8,7,720,0,0,0,0,1
2020-10-15,US,Nebraska,Thurston,298,4,0,42.15725356,-96.54157099,31173.0,4125.138427464009,1.342281879194631,294,297,4,0,293,294,7303,1,0,0,1,3
2020-10-15,US,Nebraska,Unassigned,398,1,0,0.0,0.0,90031.0,0.0,0.25125628140703515,397,392,1,0,391,405,,6,0,0,6,-13
2020-10-15,US,Nebraska,Valley,57,1,0,41.56730777,-98.98197724,31175.0,1370.8513708513708,1.7543859649122806,56,56,0,0,56,55,4190,1,1,0,0,1
2020-10-15,US,Nebraska,Washington,383,6,0,41.52815707,-96.22019892,31177.0,1847.653046456655,1.566579634464752,377,377,6,0,371,373,20667,6,0,0,6,4
2020-10-15,US,Nebraska,Wayne,266,0,0,42.20934475,-97.11926964,31179.0,2834.3100692594567,0.0,266,256,0,0,256,254,9403,10,0,0,10,2
2020-10-15,US,Nebraska,Webster,66,0,0,40.17642643,-98.50019851,31181.0,1892.7444794952685,0.0,66,51,0,0,51,45,3533,15,0,0,15,6
2020-10-15,US,Nebraska,Wheeler,3,0,0,41.91482725,-98.52798941,31183.0,383.1417624521073,0.0,3,3,0,0,3,3,805,0,0,0,0,0
2020-10-15,US,Nebraska,York,347,2,0,40.87272618,-97.59710186,31185.0,2536.7351414577092,0.5763688760806917,345,329,2,0,327,302,13772,18,0,0,18,27
2020-10-15,US,Nevada,Carson City,626,8,0,39.15509045,-119.7480219,32510.0,1119.5364475284357,1.2779552715654952,618,618,8,0,610,608,55414,8,0,0,8,10
2020-10-15,US,Nevada,Churchill,182,4,0,39.58105744,-118.3394607,32001.0,730.6596009474488,2.1978021978021984,178,179,4,0,175,177,24440,3,0,0,3,2
2020-10-15,US,Nevada,Clark,73154,1461,0,36.21458855,-115.0130241,32003.0,3227.313535226087,1.9971566831615497,71693,72742,1458,0,71284,72439,2231647,412,3,0,409,303
2020-10-15,US,Nevada,Douglas,364,1,0,38.912862,-119.61713329999999,32005.0,744.3001738063592,0.27472527472527475,363,361,1,0,360,352,48467,3,0,0,3,9
2020-10-15,US,Nevada,Elko,1145,11,0,41.14531606,-115.3577619,32007.0,2169.464549622949,0.960698689956332,1134,1112,11,0,1101,1093,52460,33,0,0,33,19
2020-10-15,US,Nevada,Eureka,10,0,0,39.98100864,-116.26832040000001,32011.0,492.8536224741252,0.0,10,10,0,0,10,10,2003,0,0,0,0,0
2020-10-15,US,Nevada,Humboldt,150,4,0,41.40692186,-118.11094270000001,32013.0,891.2126433367001,2.6666666666666665,146,150,4,0,146,149,16786,0,0,0,0,1
2020-10-15,US,Nevada,Lander,90,2,0,39.933223299999995,-117.03970749999999,32015.0,1626.8980477223429,2.2222222222222223,88,89,1,0,88,89,5575,1,1,0,0,0
2020-10-15,US,Nevada,Lincoln,18,0,0,37.64268459,-114.8790388,32017.0,347.28921474049775,0.0,18,18,0,0,18,16,5201,0,0,0,0,2
2020-10-15,US,Nevada,Lyon,533,10,0,39.01777974,-119.18704790000001,32019.0,926.7953399408801,1.876172607879925,523,521,10,0,511,517,55808,12,0,0,12,4
2020-10-15,US,Nevada,Mineral,14,0,0,38.53841696,-118.4344506,32021.0,310.7658157602664,0.0,14,14,0,0,14,14,4514,0,0,0,0,0
2020-10-15,US,Nevada,Nye,569,16,0,38.04264256,-116.47227020000001,32023.0,1223.0509640392925,2.81195079086116,553,566,16,0,550,540,45346,3,0,0,3,26
2020-10-15,US,Nevada,Pershing,23,0,0,40.44003782,-118.40056409999998,32027.0,342.00743494423784,0.0,23,23,0,0,23,22,6666,0,0,0,0,1
2020-10-15,US,Nevada,Storey,16,0,0,39.44875482,-119.5250207,32029.0,388.06694154741683,0.0,16,16,0,0,16,16,4029,0,0,0,0,0
2020-10-15,US,Nevada,Washoe,10984,180,0,40.66562265,-119.6631594,32031.0,2329.492554912952,1.638747268754552,10804,10806,177,0,10629,10706,465735,178,3,0,175,100
2020-10-15,US,Nevada,White Pine,91,1,0,39.44157041,-114.89996599999999,32033.0,949.8956158663884,1.0989010989010992,90,89,1,0,88,87,9475,2,0,0,2,2
2020-10-15,US,New Hampshire,Belknap,185,5,0,43.51637314,-71.41684235,33001.0,301.7796845178865,2.702702702702702,180,182,5,0,177,181,61022,3,0,0,3,1
2020-10-15,US,New Hampshire,Carroll,134,2,0,43.87498583,-71.20430216,33003.0,273.97260273972597,1.492537313432836,132,133,2,0,131,133,48779,1,0,0,1,0
2020-10-15,US,New Hampshire,Cheshire,167,3,0,42.92015988,-72.25311043,33005.0,219.4913583492147,1.7964071856287425,164,166,3,0,163,162,76493,1,0,0,1,4
2020-10-15,US,New Hampshire,Coos,28,0,0,44.69063265,-71.30633239,33007.0,88.71146595697495,0.0,28,23,0,0,23,23,31589,5,0,0,5,0
2020-10-15,US,New Hampshire,Grafton,174,1,0,43.93779815,-71.82057197,33009.0,193.57853280822368,0.5747126436781609,173,172,1,0,171,170,89786,2,0,0,2,2
2020-10-15,US,New Hampshire,Hillsborough,4999,308,0,42.91537785,-71.7200253,33011.0,1198.7290929800372,6.1612322464492895,4691,4971,304,0,4667,4939,415247,28,4,0,24,32
2020-10-15,US,New Hampshire,Merrimack,718,24,0,43.29662971,-71.6811573,33013.0,474.26861570370767,3.3426183844011144,694,707,24,0,683,698,151132,11,0,0,11,9
2020-10-15,US,New Hampshire,Rockingham,2313,105,0,42.98499744,-71.12883377,33015.0,746.6854333390365,4.5395590142671844,2208,2289,104,0,2185,2268,309176,24,1,0,23,21
2020-10-15,US,New Hampshire,Strafford,634,14,0,43.291833000000004,-71.02336013,33017.0,485.32912816822716,2.2082018927444795,620,633,14,0,619,630,130090,1,0,0,1,3
2020-10-15,US,New Hampshire,Sullivan,66,1,0,43.36094111,-72.22203125,33019.0,152.96898901404538,1.5151515151515151,65,65,1,0,64,65,43144,1,0,0,1,0
2020-10-15,US,New Hampshire,Unassigned,8,0,0,0.0,0.0,90033.0,0.0,0.0,8,8,0,0,8,10,,0,0,0,0,-2
2020-10-15,US,New Jersey,Atlantic,4566,263,0,39.47538693,-74.65848483,34001.0,1731.7100921606554,5.759964958388085,4303,4532,261,0,4271,4517,265429,34,2,0,32,15
2020-10-15,US,New Jersey,Bergen,23495,2050,0,40.96010917,-74.07164325,34003.0,2520.376484924941,8.72526069376463,21445,23391,2050,0,21341,23323,936692,104,0,0,104,68
2020-10-15,US,New Jersey,Burlington,7703,504,0,39.87681124,-74.66927768,34005.0,1729.6547202306506,6.542905361547449,7199,7662,503,0,7159,7598,445384,41,1,0,40,64
2020-10-15,US,New Jersey,Camden,10646,616,0,39.80343818,-74.96388753,34007.0,2101.995968179817,5.786210783392824,10030,10590,616,0,9974,10553,507078,56,0,0,56,37
2020-10-15,US,New Jersey,Cape May,1064,98,0,39.15008829,-74.80170244,34009.0,1156.0316822216666,9.210526315789474,966,1058,98,0,960,1060,92560,6,0,0,6,-2
2020-10-15,US,New Jersey,Cumberland,3885,161,0,39.37199394,-75.10712559,34011.0,2598.192968493984,4.144144144144144,3724,3882,160,0,3722,3879,150972,3,1,0,2,3
2020-10-15,US,New Jersey,Essex,22129,2134,0,40.78681335,-74.24657979,34013.0,2769.6736443568325,9.643454290749695,19995,22018,2134,0,19884,21913,799767,111,0,0,111,105
2020-10-15,US,New Jersey,Gloucester,5072,234,0,39.71581067,-75.13995546,34015.0,1739.1542882223043,4.613564668769716,4838,5043,233,0,4810,5008,291408,29,1,0,28,35
2020-10-15,US,New Jersey,Hudson,21425,1520,0,40.73766234,-74.07515667,34017.0,3186.3900617349127,7.094515752625438,19905,21347,1520,0,19827,21286,676061,78,0,0,78,61
2020-10-15,US,New Jersey,Hunterdon,1469,126,0,40.56335249,-74.91284156,34019.0,1181.1435141632694,8.577263444520081,1343,1466,126,0,1340,1461,124714,3,0,0,3,5
2020-10-15,US,New Jersey,Mercer,8894,637,0,40.28047017,-74.70479631,34021.0,2420.597120539967,7.162131774229818,8257,8866,637,0,8229,8850,369811,28,0,0,28,16
2020-10-15,US,New Jersey,Middlesex,20646,1436,0,40.43629879,-74.41426991,34023.0,2502.3573985954995,6.955342439213407,19210,20552,1436,0,19116,20475,829685,94,0,0,94,77
2020-10-15,US,New Jersey,Monmouth,13099,868,0,40.26549699,-74.22240686,34025.0,2116.856147835713,6.6264600351171845,12231,13020,868,0,12152,12936,621354,79,0,0,79,84
2020-10-15,US,New Jersey,Morris,8280,832,0,40.86095313,-74.54553709999998,34027.0,1683.4571867153272,10.048309178743963,7448,8230,832,0,7398,8215,494228,50,0,0,50,15
2020-10-15,US,New Jersey,Ocean,15684,1054,0,39.8895449,-74.28089251,34029.0,2583.063509369452,6.720224432542719,14630,15578,1054,0,14524,15375,601651,106,0,0,106,203
2020-10-15,US,New Jersey,Passaic,19812,1258,0,41.03238628,-74.29954144,34031.0,3947.981969846122,6.349687058348477,18554,19768,1258,0,18510,19693,503310,44,0,0,44,75
2020-10-15,US,New Jersey,Salem,1127,88,0,39.58719656,-75.34696629999998,34033.0,1806.5240041676684,7.808340727595387,1039,1125,88,0,1037,1118,62607,2,0,0,2,7
2020-10-15,US,New Jersey,Somerset,6089,588,0,40.56465737,-74.61683016,34035.0,1851.131229973186,9.656758088356053,5501,6060,587,0,5473,6045,331164,29,1,0,28,15
2020-10-15,US,New Jersey,Sussex,1589,197,0,41.13891592,-74.69118243,34037.0,1131.0574568646432,12.397734424166144,1392,1584,197,0,1387,1584,140799,5,0,0,5,0
2020-10-15,US,New Jersey,Unassigned,385,0,0,0.0,0.0,90034.0,0.0,0.0,385,383,0,0,383,392,,2,0,0,2,-9
2020-10-15,US,New Jersey,Union,18440,1362,0,40.65835409,-74.30680092,34039.0,3314.5139401913566,7.386117136659436,17078,18375,1362,0,17013,18316,558067,65,0,0,65,59
2020-10-15,US,New Jersey,Warren,1495,171,0,40.85951833,-74.99556527,34041.0,1420.198162767059,11.438127090301005,1324,1493,171,0,1322,1488,105779,2,0,0,2,5
2020-10-15,US,New Mexico,Bernalillo,8428,184,0,35.05163625,-106.6703554,35001.0,1241.015960336965,2.1831988609397253,8244,8126,184,0,7942,7926,678701,302,0,0,302,200
2020-10-15,US,New Mexico,Catron,9,1,0,33.91514144,-108.4046587,35003.0,255.17436915225403,11.111111111111109,8,9,1,0,8,9,3578,0,0,0,0,0
2020-10-15,US,New Mexico,Chaves,1664,16,0,33.36406072,-104.4665365,35005.0,2575.2534241275252,0.9615384615384616,1648,1627,16,0,1611,1561,64689,37,0,0,37,66
2020-10-15,US,New Mexico,Cibola,479,21,0,34.91131525,-107.998876,35006.0,1795.6888472352387,4.3841336116910234,458,474,21,0,453,471,26746,5,0,0,5,3
2020-10-15,US,New Mexico,Colfax,41,1,0,36.60569702,-104.64726740000002,35007.0,343.3548279038607,2.4390243902439024,40,41,1,0,40,41,12110,0,0,0,0,0
2020-10-15,US,New Mexico,Curry,1155,8,0,34.57421077,-103.34688759999999,35009.0,2359.3577644319157,0.6926406926406926,1147,1136,8,0,1128,1117,49437,19,0,0,19,19
2020-10-15,US,New Mexico,De Baca,1,0,0,34.34274529,-104.4117842,35011.0,57.20823798627003,0.0,1,3,0,0,3,1,1781,-2,0,0,-2,2
2020-10-15,US,New Mexico,Dona Ana,4355,63,0,32.35275771,-106.83293870000001,35013.0,1995.9210797680967,1.4466130884041333,4292,4267,63,0,4204,4158,217522,88,0,0,88,109
2020-10-15,US,New Mexico,Eddy,1089,16,0,32.47167456,-104.3053527,35015.0,1862.8121792678753,1.4692378328741964,1073,1064,16,0,1048,1046,57900,25,0,0,25,18
2020-10-15,US,New Mexico,Grant,156,2,0,32.73911281,-108.3827845,35017.0,577.8205793021706,1.2820512820512822,154,151,2,0,149,147,27346,5,0,0,5,4
2020-10-15,US,New Mexico,Guadalupe,37,1,0,34.86319296,-104.790669,35019.0,860.4651162790698,2.702702702702702,36,37,1,0,36,37,4341,0,0,0,0,0
2020-10-15,US,New Mexico,Harding,1,0,0,35.85751555,-103.82209379999999,35021.0,160.0,0.0,1,1,0,0,1,1,655,0,0,0,0,0
2020-10-15,US,New Mexico,Hidalgo,111,2,0,31.91383467,-108.7151824,35023.0,2644.1162458313484,1.8018018018018016,109,108,2,0,106,108,4240,3,0,0,3,0
2020-10-15,US,New Mexico,Lea,1713,28,0,32.79215361,-103.4123733,35025.0,2410.299704516673,1.634559252772913,1685,1684,28,0,1656,1668,69611,29,0,0,29,16
2020-10-15,US,New Mexico,Lincoln,267,4,0,33.74526079,-105.4586166,35027.0,1364.1937461679952,1.49812734082397,263,263,4,0,259,262,19556,4,0,0,4,1
2020-10-15,US,New Mexico,Los Alamos,37,0,0,35.86631386,-106.31349850000001,35028.0,191.02689865248595,0.0,37,37,0,0,37,37,19101,0,0,0,0,0
2020-10-15,US,New Mexico,Luna,528,10,0,32.18179341,-107.75088259999998,35029.0,2227.0024041503225,1.893939393939394,518,514,9,0,505,509,23963,14,1,0,13,5
2020-10-15,US,New Mexico,McKinley,4449,260,0,35.58007720000001,-108.262245,35031.0,6233.973685316743,5.844009889862892,4189,4435,260,0,4175,4429,72290,14,0,0,14,6
2020-10-15,US,New Mexico,Mora,12,0,0,36.01095101,-104.9497716,35033.0,265.42800265428,0.0,12,10,0,0,10,9,4506,2,0,0,2,1
2020-10-15,US,New Mexico,Otero,319,13,0,32.61348406,-105.7417604,35035.0,472.66261668395316,4.075235109717869,306,320,13,0,307,310,66781,-1,0,0,-1,10
2020-10-15,US,New Mexico,Quay,86,2,0,35.10403332,-103.54817270000001,35037.0,1042.0453168544768,2.3255813953488373,84,80,2,0,78,80,8253,6,0,0,6,0
2020-10-15,US,New Mexico,Rio Arriba,428,14,0,36.51072137,-106.69316740000001,35039.0,1099.6634207754166,3.2710280373831777,414,427,14,0,413,425,39006,1,0,0,1,2
2020-10-15,US,New Mexico,Roosevelt,365,5,0,34.02097406,-103.4799493,35041.0,1972.972972972973,1.3698630136986298,360,359,5,0,354,350,18743,6,0,0,6,9
2020-10-15,US,New Mexico,San Juan,3536,202,0,36.50838318,-108.32043700000001,35045.0,2852.579099372368,5.712669683257919,3334,3508,202,0,3306,3483,125043,28,0,0,28,25
2020-10-15,US,New Mexico,San Miguel,128,0,0,35.48014807,-104.8163562,35047.0,469.25981596216593,0.0,128,125,0,0,125,123,27591,3,0,0,3,2
2020-10-15,US,New Mexico,Sandoval,1622,43,0,35.68862401,-106.86878030000001,35043.0,1105.2961539509909,2.6510480887792847,1579,1594,43,0,1551,1556,145179,28,0,0,28,38
2020-10-15,US,New Mexico,Santa Fe,1274,8,0,35.50708973,-105.9774716,35049.0,847.3110842123465,0.6279434850863422,1266,1257,8,0,1249,1240,150056,17,0,0,17,17
2020-10-15,US,New Mexico,Sierra,67,1,0,33.13028233,-107.1925893,35051.0,620.8877768510796,1.492537313432836,66,67,1,0,66,67,10968,0,0,0,0,0
2020-10-15,US,New Mexico,Socorro,148,6,0,34.00715494,-106.9298354,35053.0,889.5834585562303,4.0540540540540535,142,148,6,0,142,144,16735,0,0,0,0,4
2020-10-15,US,New Mexico,Taos,164,4,0,36.58006022,-105.63101979999999,35055.0,501.1765424930477,2.4390243902439024,160,162,4,0,158,161,32835,2,0,0,2,1
2020-10-15,US,New Mexico,Torrance,91,1,0,34.64048375,-105.8508949,35057.0,588.5777116616001,1.0989010989010992,90,91,1,0,90,91,15591,0,0,0,0,0
2020-10-15,US,New Mexico,Unassigned,1459,0,0,0.0,0.0,90035.0,0.0,0.0,1459,1447,0,0,1447,1443,,12,0,0,12,4
2020-10-15,US,New Mexico,Union,37,2,0,36.48126404,-103.4709624,35059.0,911.5545700911557,5.405405405405406,35,37,2,0,35,37,4118,0,0,0,0,0
2020-10-15,US,New Mexico,Valencia,702,4,0,34.71669834,-106.8103733,35061.0,915.3974546213228,0.5698005698005698,698,681,4,0,677,666,76456,21,0,0,21,15
2020-10-15,US,New York,Albany,3369,136,0,42.60060306,-73.97723916,36001.0,1102.7606659116352,4.036806173938854,3233,3343,135,0,3208,3324,307117,26,1,0,25,19
2020-10-15,US,New York,Allegany,176,1,0,42.25748406,-78.02750466,36003.0,381.8532902301968,0.5681818181818182,175,161,1,0,160,156,46430,15,0,0,15,5
2020-10-15,US,New York,Bronx,54077,4973,0,40.85209301,-73.86282755,36005.0,3813.0540887190655,9.196146235922852,49104,54006,4972,0,49034,53960,1432132,71,1,0,70,46
2020-10-15,US,New York,Broome,2703,83,0,42.15903158,-75.81326086,36007.0,1418.9870228045859,3.070662227155013,2620,2607,83,0,2524,2538,191659,96,0,0,96,69
2020-10-15,US,New York,Cattaraugus,383,6,0,42.24778241,-78.67923096,36009.0,503.1727472180984,1.566579634464752,377,367,6,0,361,364,76840,16,0,0,16,3
2020-10-15,US,New York,Cayuga,269,2,0,42.91261714,-76.55731592,36011.0,351.2849979105725,0.7434944237918215,267,259,2,0,257,251,77145,10,0,0,10,8
2020-10-15,US,New York,Chautauqua,758,13,0,42.22769210000001,-79.36691763,36013.0,597.3066042567947,1.7150395778364116,745,748,13,0,735,732,127939,10,0,0,10,16
2020-10-15,US,New York,Chemung,1104,3,0,42.13891056,-76.7638805,36015.0,1322.8527607361964,0.2717391304347826,1101,1061,3,0,1058,1015,84254,43,0,0,43,46
2020-10-15,US,New York,Chenango,291,7,0,42.49430041,-75.60887553,36017.0,616.4340034316945,2.405498281786941,284,290,7,0,283,280,47536,1,0,0,1,10
2020-10-15,US,New York,Clinton,187,5,0,44.74530905,-73.67875352,36019.0,232.3414300801392,2.6737967914438503,182,183,5,0,178,182,80695,4,0,0,4,1
2020-10-15,US,New York,Columbia,634,38,0,42.24819348,-73.63089095,36021.0,1066.2451018314523,5.993690851735016,596,629,37,0,592,626,59916,5,1,0,4,3
2020-10-15,US,New York,Cortland,371,0,0,42.59509207,-76.07048931,36023.0,779.7229986759421,0.0,371,346,0,0,346,333,47823,25,0,0,25,13
2020-10-15,US,New York,Delaware,156,7,0,42.19837623,-74.96709306,36025.0,353.46097201767304,4.487179487179487,149,154,7,0,147,154,44527,2,0,0,2,0
2020-10-15,US,New York,Dutchess,5289,163,0,41.76486060000001,-73.74356679,36027.0,1797.64664296542,3.0818680279826056,5126,5281,161,0,5120,5271,293718,8,2,0,6,10
2020-10-15,US,New York,Erie,12269,708,0,42.76249024,-78.73063652,36029.0,1335.4711320972415,5.770641454071237,11561,12216,706,0,11510,12182,919719,53,2,0,51,34
2020-10-15,US,New York,Essex,182,0,0,44.11630765,-73.77297842,36031.0,493.4255117256337,0.0,182,181,0,0,181,181,37300,1,0,0,1,0
2020-10-15,US,New York,Franklin,75,0,0,44.59040891,-74.29926032,36033.0,149.934029027228,0.0,75,72,0,0,72,72,50293,3,0,0,3,0
2020-10-15,US,New York,Fulton,357,24,0,43.11363907,-74.41798804,36035.0,668.7522244909428,6.722689075630252,333,354,24,0,330,354,53591,3,0,0,3,0
2020-10-15,US,New York,Genesee,370,5,0,43.0022601,-78.19135193,36037.0,645.9497206703911,1.351351351351351,365,363,5,0,358,360,57511,7,0,0,7,3
2020-10-15,US,New York,Greene,454,18,0,42.275797,-74.12384884,36039.0,962.1090107654487,3.9647577092511015,436,446,18,0,428,429,47491,8,0,0,8,17
2020-10-15,US,New York,Hamilton,16,0,0,43.66146647,-74.49721957,36041.0,362.3188405797102,0.0,16,16,0,0,16,16,4434,0,0,0,0,0
2020-10-15,US,New York,Herkimer,367,10,0,43.42034246,-74.96145307,36043.0,598.5094342699653,2.7247956403269757,357,363,10,0,353,363,61833,4,0,0,4,0
2020-10-15,US,New York,Jefferson,186,0,0,44.04200959,-75.94653457,36045.0,169.3464683067174,0.0,186,186,0,0,186,186,111755,0,0,0,0,0
2020-10-15,US,New York,Kings,72369,7361,0,40.636182500000004,-73.94935552,36047.0,2827.021180099402,10.17148226450552,65008,72159,7356,0,64803,71941,2582830,210,5,0,205,218
2020-10-15,US,New York,Lewis,55,0,0,43.784415700000004,-75.44903992,36049.0,209.15728627928203,0.0,55,55,0,0,55,55,26447,0,0,0,0,0
2020-10-15,US,New York,Livingston,232,8,0,42.72596275,-77.77966158,36051.0,368.757351304956,3.4482758620689653,224,227,8,0,219,227,63227,5,0,0,5,0
2020-10-15,US,New York,Madison,521,17,0,42.91653905,-75.67266639,36053.0,734.4131038468588,3.2629558541266794,504,517,17,0,500,515,70795,4,0,0,4,2
2020-10-15,US,New York,Monroe,6572,300,0,43.14638895,-77.69322942,36055.0,885.9889183978862,4.564820450395618,6272,6516,300,0,6216,6490,742474,56,0,0,56,26
2020-10-15,US,New York,Montgomery,250,4,0,42.90123494,-74.44011632,36057.0,507.9132890432945,1.6,246,249,4,0,245,249,49455,1,0,0,1,0
2020-10-15,US,New York,Nassau,48272,2204,0,40.74066522,-73.58941873,36059.0,3557.457897420932,4.5657938349353655,46068,48184,2204,0,45980,48099,1358343,88,0,0,88,85
2020-10-15,US,New York,New York,34637,3189,0,40.76727260000001,-73.97152637,36061.0,2126.657604257613,9.206917458209428,31448,34569,3185,0,31384,34501,,68,4,0,64,68
2020-10-15,US,New York,Niagara,1928,101,0,43.19898042,-78.74777412,36063.0,921.2494206354137,5.238589211618256,1827,1911,101,0,1810,1907,210433,17,0,0,17,4
2020-10-15,US,New York,Oneida,2567,128,0,43.24375382,-75.43710392,36065.0,1122.5734789282421,4.9863654070899885,2439,2558,128,0,2430,2554,229577,9,0,0,9,4
2020-10-15,US,New York,Onondaga,4908,207,0,43.00491923,-76.19971155,36067.0,1065.7332453184172,4.21760391198044,4701,4880,207,0,4673,4843,461809,28,0,0,28,37
2020-10-15,US,New York,Ontario,537,35,0,42.85145728,-77.30874425,36069.0,489.17350629002436,6.517690875232774,502,532,35,0,497,527,109864,5,0,0,5,5
2020-10-15,US,New York,Orange,13033,502,0,41.40337468,-74.30240757,36071.0,3385.722450251987,3.851760914601397,12531,12983,500,0,12483,12930,381951,50,2,0,48,53
2020-10-15,US,New York,Orleans,356,54,0,43.2516977,-78.2320066,36073.0,882.2363203806502,15.168539325842696,302,355,54,0,301,354,40612,1,0,0,1,1
2020-10-15,US,New York,Oswego,568,4,0,43.42778894,-76.14635194,36075.0,484.9561148867867,0.7042253521126759,564,566,4,0,562,557,117898,2,0,0,2,9
2020-10-15,US,New York,Otsego,362,5,0,42.63492579,-75.03151402,36077.0,608.4749466323768,1.3812154696132597,357,362,5,0,357,362,59749,0,0,0,0,0
2020-10-15,US,New York,Putnam,1710,63,0,41.42630093,-73.74965532,36079.0,1739.2188771358828,3.684210526315789,1647,1705,63,0,1642,1698,98892,5,0,0,5,7
2020-10-15,US,New York,Queens,74632,7282,0,40.71088124,-73.81684712,36081.0,3311.300002040945,9.757208704041162,67350,74510,7281,0,67229,74404,2278906,122,1,0,121,106
2020-10-15,US,New York,Rensselaer,1007,42,0,42.71348136,-73.51089874,36083.0,634.4745895132123,4.1708043694141015,965,1002,42,0,960,994,159442,5,0,0,5,8
2020-10-15,US,New York,Richmond,16559,1089,0,40.58582155,-74.14808598,36085.0,3477.736730352016,6.576484087203332,15470,16522,1089,0,15433,16496,476179,37,0,0,37,26
2020-10-15,US,New York,Rockland,16972,680,0,41.15027894,-74.02560498,36087.0,5209.50676664958,4.006599104407258,16292,16891,679,0,16212,16829,325695,81,1,0,80,62
2020-10-15,US,New York,Saratoga,1182,17,0,43.10904162,-73.86653895,36091.0,514.2193393456103,1.4382402707275803,1165,1174,17,0,1157,1168,230163,8,0,0,8,6
2020-10-15,US,New York,Schenectady,1477,50,0,42.81668777,-74.05278291,36093.0,951.0685838286144,3.3852403520649967,1427,1464,48,0,1416,1461,155350,13,2,0,11,3
2020-10-15,US,New York,Schoharie,97,0,0,42.58831742,-74.44339029999998,36095.0,312.9133197845092,0.0,97,95,0,0,95,95,31097,2,0,0,2,0
2020-10-15,US,New York,Schuyler,82,0,0,42.39184015,-76.8773299,36097.0,460.4930645251867,0.0,82,79,0,0,79,76,17912,3,0,0,3,3
2020-10-15,US,New York,Seneca,124,3,0,42.78081007,-76.82497064,36099.0,364.5343367826905,2.419354838709677,121,122,3,0,119,120,34300,2,0,0,2,2
2020-10-15,US,New York,St. Lawrence,351,4,0,44.4976179,-75.06550039,36089.0,325.78429552626693,1.1396011396011396,347,349,4,0,345,346,108047,2,0,0,2,3
2020-10-15,US,New York,Steuben,764,57,0,42.2689144,-77.3829924,36101.0,801.0148984577318,7.460732984293194,707,747,57,0,690,731,95796,17,0,0,17,16
2020-10-15,US,New York,Suffolk,47711,2016,0,40.88320119,-72.8012172,36103.0,3231.136915117896,4.225440674058393,45695,47630,2016,0,45614,47561,1481093,81,0,0,81,69
2020-10-15,US,New York,Sullivan,1663,48,0,41.71579493,-74.76394559,36105.0,2204.634637819493,2.8863499699338546,1615,1659,48,0,1611,1655,75498,4,0,0,4,4
2020-10-15,US,New York,Tioga,390,25,0,42.16852837,-76.30835812,36107.0,809.0782731365268,6.410256410256411,365,371,25,0,346,358,48560,19,0,0,19,13
2020-10-15,US,New York,Tompkins,515,0,0,42.44945765,-76.47229843,36109.0,504.0125269132904,0.0,515,507,0,0,507,490,102793,8,0,0,8,17
2020-10-15,US,New York,Ulster,2392,95,0,41.89027881,-74.26252104,36111.0,1347.0516351021836,3.971571906354515,2297,2386,95,0,2291,2377,178599,6,0,0,6,9
2020-10-15,US,New York,Unassigned,0,21,0,0.0,0.0,90036.0,0.0,0.0,-21,0,22,0,-22,0,,0,-1,0,1,0
2020-10-15,US,New York,Warren,434,33,0,43.56173026,-73.8433699,36113.0,678.7188790191418,7.6036866359447,401,432,33,0,399,431,64265,2,0,0,2,1
2020-10-15,US,New York,Washington,324,14,0,43.31153794,-73.43043448,36115.0,529.3771648911836,4.320987654320987,310,322,14,0,308,319,61197,2,0,0,2,3
2020-10-15,US,New York,Wayne,370,5,0,43.15494365,-77.02976528,36117.0,411.4860205965435,1.351351351351351,365,367,5,0,362,365,90064,3,0,0,3,2
2020-10-15,US,New York,Westchester,39200,1460,0,41.16278376,-73.75741653,36119.0,4051.654460024021,3.724489795918368,37740,39118,1460,0,37658,39064,967612,82,0,0,82,54
2020-10-15,US,New York,Wyoming,156,5,0,42.70145109,-78.22199579,36121.0,391.37961313630547,3.2051282051282053,151,156,5,0,151,153,40085,0,0,0,0,3
2020-10-15,US,New York,Yates,78,7,0,42.63505484,-77.10369919,36123.0,313.0895516397062,8.974358974358974,71,77,7,0,70,77,24841,1,0,0,1,0
2020-10-15,US,North Carolina,Alamance,4580,59,0,36.0434701,-79.39976137,37001.0,2701.9214319003713,1.2882096069868996,4521,4555,59,0,4496,4512,166436,25,0,0,25,43
2020-10-15,US,North Carolina,Alexander,636,9,0,35.922379600000006,-81.17751948,37003.0,1696.1356908552686,1.4150943396226414,627,623,8,0,615,608,37353,13,1,0,12,15
2020-10-15,US,North Carolina,Alleghany,261,1,0,36.49360862,-81.12857041,37005.0,2343.5395528418785,0.3831417624521073,260,258,1,0,257,257,11161,3,0,0,3,1
2020-10-15,US,North Carolina,Anson,680,8,0,34.97403241,-80.09953279,37007.0,2781.641168289291,1.1764705882352942,672,678,8,0,670,675,24877,2,0,0,2,3
2020-10-15,US,North Carolina,Ashe,347,1,0,36.43296207,-81.49862729,37009.0,1275.5946035363747,0.2881844380403458,346,336,1,0,335,334,27109,11,0,0,11,2
2020-10-15,US,North Carolina,Avery,481,0,0,36.07569796,-81.92308483,37011.0,2739.64800364527,0.0,481,475,0,0,475,473,17505,6,0,0,6,2
2020-10-15,US,North Carolina,Beaufort,1172,35,0,35.48531943,-76.84325809,37013.0,2493.935396008001,2.9863481228668936,1137,1149,32,0,1117,1137,47079,23,3,0,20,12
2020-10-15,US,North Carolina,Bertie,666,13,0,36.0688473,-76.96545943,37015.0,3515.068348551222,1.951951951951952,653,663,13,0,650,661,19026,3,0,0,3,2
2020-10-15,US,North Carolina,Bladen,1004,19,0,34.61296243,-78.56180059,37017.0,3068.272110506693,1.8924302788844625,985,993,19,0,974,988,33190,11,0,0,11,5
2020-10-15,US,North Carolina,Brunswick,1942,31,0,34.070565,-78.22814204,37019.0,1359.7535359193394,1.596292481977343,1911,1915,30,0,1885,1902,136744,27,1,0,26,13
2020-10-15,US,North Carolina,Buncombe,3674,93,0,35.61113393,-82.53305,37021.0,1406.6334598052765,2.5313010342950464,3581,3643,93,0,3550,3613,259103,31,0,0,31,30
2020-10-15,US,North Carolina,Burke,2428,45,0,35.74989637,-81.70755735,37023.0,2683.317676963033,1.85337726523888,2383,2407,45,0,2362,2382,90382,21,0,0,21,25
2020-10-15,US,North Carolina,Cabarrus,4500,82,0,35.3877799,-80.55267168,37025.0,2078.97326440382,1.8222222222222224,4418,4451,82,0,4369,4428,211342,49,0,0,49,23
2020-10-15,US,North Carolina,Caldwell,2077,19,0,35.95204977,-81.54799522,37027.0,2527.4404341794643,0.9147809340394799,2058,2032,19,0,2013,2020,82029,45,0,0,45,12
2020-10-15,US,North Carolina,Camden,130,3,0,36.33804939,-76.15568396,37029.0,1196.2823226281405,2.3076923076923075,127,129,3,0,126,129,10710,1,0,0,1,0
2020-10-15,US,North Carolina,Carteret,945,5,0,34.8932941,-76.54120135,37031.0,1360.2406690368919,0.5291005291005291,940,932,5,0,927,914,69524,13,0,0,13,18
2020-10-15,US,North Carolina,Caswell,535,5,0,36.39312665,-79.33353281,37033.0,2366.837727835781,0.9345794392523364,530,528,5,0,523,515,22698,7,0,0,7,13
2020-10-15,US,North Carolina,Catawba,3760,57,0,35.66211129,-81.2132617,37035.0,2356.613245921367,1.5159574468085106,3703,3731,57,0,3674,3663,158652,29,0,0,29,68
2020-10-15,US,North Carolina,Chatham,1838,60,0,35.70394416,-79.25541492,37037.0,2468.107962938096,3.2644178454842216,1778,1825,60,0,1765,1811,73139,13,0,0,13,14
2020-10-15,US,North Carolina,Cherokee,718,12,0,35.1349263,-84.05970864,37039.0,2509.43660002796,1.6713091922005572,706,711,12,0,699,711,28383,7,0,0,7,0
2020-10-15,US,North Carolina,Chowan,477,5,0,36.12908077,-76.60118385,37041.0,3421.071505414904,1.0482180293501049,472,472,5,0,467,461,14029,5,0,0,5,11
2020-10-15,US,North Carolina,Clay,162,3,0,35.05704275,-83.74353633,37043.0,1442.4361143264182,1.851851851851852,159,157,3,0,154,157,11139,5,0,0,5,0
2020-10-15,US,North Carolina,Cleveland,2753,75,0,35.33553364,-81.55204486,37045.0,2810.703747945317,2.724300762804213,2678,2726,74,0,2652,2706,97645,27,1,0,26,20
2020-10-15,US,North Carolina,Columbus,1552,59,0,34.26744084,-78.65801424,37047.0,2795.993370324998,3.8015463917525767,1493,1535,59,0,1476,1524,55655,17,0,0,17,11
2020-10-15,US,North Carolina,Craven,2038,50,0,35.11833364,-77.08398081,37049.0,1995.3201029968964,2.4533856722276743,1988,2015,50,0,1965,2003,102912,23,0,0,23,12
2020-10-15,US,North Carolina,Cumberland,6335,89,0,35.04762133,-78.82623165,37051.0,1888.175876056976,1.404893449092344,6246,6262,88,0,6174,6210,332330,73,1,0,72,52
2020-10-15,US,North Carolina,Currituck,213,4,0,36.36123664,-75.95876401,37053.0,767.2081547383208,1.8779342723004693,209,209,4,0,205,207,27072,4,0,0,4,2
2020-10-15,US,North Carolina,Dare,314,3,0,35.66520691,-75.71767334,37055.0,848.4422707989949,0.9554140127388536,311,312,3,0,309,309,36501,2,0,0,2,3
2020-10-15,US,North Carolina,Davidson,3336,42,0,35.79115496,-80.21256572,37057.0,1990.346580434225,1.2589928057553956,3294,3296,42,0,3254,3265,166614,40,0,0,40,31
2020-10-15,US,North Carolina,Davie,675,6,0,35.93099927,-80.54496571,37059.0,1575.4096064976893,0.8888888888888888,669,663,6,0,657,651,42733,12,0,0,12,12
2020-10-15,US,North Carolina,Duplin,2628,54,0,34.93449805,-77.93140529,37061.0,4473.876849219455,2.054794520547945,2574,2617,54,0,2563,2596,58856,11,0,0,11,21
2020-10-15,US,North Carolina,Durham,8441,97,0,36.03638492,-78.87608331,37063.0,2625.6034439854675,1.1491529439639854,8344,8360,97,0,8263,8327,316739,81,0,0,81,33
2020-10-15,US,North Carolina,Edgecombe,1705,52,0,35.91230639,-77.59436892,37065.0,3312.4805719614546,3.0498533724340176,1653,1661,52,0,1609,1644,52005,44,0,0,44,17
2020-10-15,US,North Carolina,Forsyth,7887,110,0,36.12859861,-80.25459052,37067.0,2063.066480074289,1.3947001394700143,7777,7813,106,0,7707,7742,379099,74,4,0,70,71
2020-10-15,US,North Carolina,Franklin,1358,31,0,36.081519,-78.28708884,37069.0,1948.769462581617,2.2827687776141383,1327,1350,31,0,1319,1345,67560,8,0,0,8,5
2020-10-15,US,North Carolina,Gaston,6334,100,0,35.29373559,-81.17477045,37071.0,2821.016438856451,1.5787811809283234,6234,6255,100,0,6155,6188,222846,79,0,0,79,67
2020-10-15,US,North Carolina,Gates,158,3,0,36.44667547,-76.69749701,37073.0,1366.5455803494206,1.8987341772151896,155,158,3,0,155,158,11573,0,0,0,0,0
2020-10-15,US,North Carolina,Graham,223,7,0,35.3506925,-83.83369267,37075.0,2641.867077360502,3.1390134529147984,216,221,7,0,214,221,8484,2,0,0,2,0
2020-10-15,US,North Carolina,Granville,1868,50,0,36.30337451,-78.65184241,37077.0,3090.515030690072,2.6766595289079227,1818,1855,50,0,1805,1846,60115,13,0,0,13,9
2020-10-15,US,North Carolina,Greene,801,7,0,35.48544173,-77.67578087,37079.0,3801.794105083298,0.8739076154806492,794,782,7,0,775,777,21012,19,0,0,19,5
2020-10-15,US,North Carolina,Guilford,10184,191,0,36.07959451,-79.78824948,37081.0,1895.8475279890686,1.8754909662215242,9993,10088,191,0,9897,9947,533670,96,0,0,96,141
2020-10-15,US,North Carolina,Halifax,1210,24,0,36.25669272,-77.6556109,37083.0,2419.516096780644,1.9834710743801651,1186,1185,23,0,1162,1176,50574,25,1,0,24,9
2020-10-15,US,North Carolina,Harnett,2630,64,0,35.36731853,-78.87243571,37085.0,1934.1648526210504,2.4334600760456278,2566,2599,65,0,2534,2581,134214,31,-1,0,32,18
2020-10-15,US,North Carolina,Haywood,668,36,0,35.55269063,-82.98196486,37087.0,1071.938636327166,5.389221556886229,632,663,35,0,628,661,61971,5,1,0,4,2
2020-10-15,US,North Carolina,Henderson,2282,64,0,35.33788927,-82.4766782,37089.0,1943.5005152575861,2.8045574057844003,2218,2250,64,0,2186,2236,116748,32,0,0,32,14
2020-10-15,US,North Carolina,Hertford,836,34,0,36.3607755,-76.98104134,37091.0,3530.852726274444,4.066985645933015,802,833,34,0,799,826,23659,3,0,0,3,7
2020-10-15,US,North Carolina,Hoke,1410,21,0,35.01888303,-79.23651674,37093.0,2552.775464387877,1.4893617021276595,1389,1385,21,0,1364,1376,54764,25,0,0,25,9
2020-10-15,US,North Carolina,Hyde,158,5,0,35.42017674,-76.15180542,37095.0,3200.324083451489,3.1645569620253164,153,149,5,0,144,149,5230,9,0,0,9,0
2020-10-15,US,North Carolina,Iredell,3466,34,0,35.80950511,-80.8743128,37097.0,1906.427730657954,0.9809578765147144,3432,3418,34,0,3384,3397,178435,48,0,0,48,21
2020-10-15,US,North Carolina,Jackson,788,7,0,35.28814273,-83.14093385,37099.0,1793.436205562383,0.8883248730964467,781,777,7,0,770,769,43327,11,0,0,11,8
2020-10-15,US,North Carolina,Johnston,5036,59,0,35.51745004,-78.36622717,37101.0,2405.667362507703,1.1715647339158062,4977,5010,58,0,4952,4957,202675,26,1,0,25,53
2020-10-15,US,North Carolina,Jones,171,14,0,35.02254606,-77.35870791,37103.0,1815.4793502494958,8.187134502923977,157,170,14,0,156,170,9637,1,0,0,1,0
2020-10-15,US,North Carolina,Lee,1888,16,0,35.47623147,-79.17569362,37105.0,3056.0546464008808,0.8474576271186439,1872,1866,16,0,1850,1842,61452,22,0,0,22,24
2020-10-15,US,North Carolina,Lenoir,1209,34,0,35.24032589999999,-77.64245615,37107.0,2160.8965307690933,2.812241521918941,1175,1171,34,0,1137,1161,55976,38,0,0,38,10
2020-10-15,US,North Carolina,Lincoln,2069,16,0,35.48508185,-81.21740317,37109.0,2402.712777693907,0.7733204446592556,2053,2043,16,0,2027,2020,83770,26,0,0,26,23
2020-10-15,US,North Carolina,Macon,688,7,0,35.14867843,-83.41696617,37113.0,1918.6792347593287,1.0174418604651163,681,684,7,0,677,685,35285,4,0,0,4,-1
2020-10-15,US,North Carolina,Madison,134,1,0,35.85402722,-82.71346418,37115.0,615.9503562399449,0.746268656716418,133,131,1,0,130,130,21763,3,0,0,3,1
2020-10-15,US,North Carolina,Martin,578,15,0,35.84326734,-77.10860251,37117.0,2575.757575757576,2.5951557093425603,563,568,15,0,553,557,22671,10,0,0,10,11
2020-10-15,US,North Carolina,McDowell,1177,31,0,35.67736232,-82.0482425,37111.0,2572.3402395314274,2.6338147833474936,1146,1168,31,0,1137,1155,45507,9,0,0,9,13
2020-10-15,US,North Carolina,Mecklenburg,31074,373,0,35.24469268,-80.8317671,37119.0,2798.561902669054,1.2003604299414299,30701,30818,373,0,30445,30670,1093901,256,0,0,256,148
2020-10-15,US,North Carolina,Mitchell,178,4,0,36.01059309,-82.1582442,37121.0,1189.5215183106122,2.247191011235955,174,177,4,0,173,177,15000,1,0,0,1,0
2020-10-15,US,North Carolina,Montgomery,1108,38,0,35.33155144,-79.90416657,37123.0,4077.5770065874212,3.4296028880866425,1070,1101,38,0,1063,1095,27271,7,0,0,7,6
2020-10-15,US,North Carolina,Moore,2068,36,0,35.30885257,-79.48474178,37125.0,2049.960348929421,1.7408123791102514,2032,2045,36,0,2009,2009,98682,23,0,0,23,36
2020-10-15,US,North Carolina,Nash,2959,56,0,35.96575634,-77.98422508,37127.0,3137.924452268341,1.8925312605610003,2903,2918,54,0,2864,2882,94016,41,2,0,39,36
2020-10-15,US,North Carolina,New Hanover,4782,35,0,34.25758282,-77.87075626,37129.0,2039.4672307685746,0.7319113341698035,4747,4751,35,0,4716,4723,232274,31,0,0,31,28
2020-10-15,US,North Carolina,Northampton,513,17,0,36.41736238,-77.39769443,37131.0,2633.0647230919253,3.313840155945419,496,513,17,0,496,510,19676,0,0,0,0,3
2020-10-15,US,North Carolina,Onslow,2832,26,0,34.72607366,-77.42908179,37133.0,1430.7510432559686,0.9180790960451978,2806,2751,26,0,2725,2716,197683,81,0,0,81,35
2020-10-15,US,North Carolina,Orange,2886,57,0,36.06092947,-79.12167935,37135.0,1943.7484846035725,1.975051975051975,2829,2874,57,0,2817,2855,146027,12,0,0,12,19
2020-10-15,US,North Carolina,Pamlico,295,2,0,35.15253315,-76.66559823,37137.0,2318.0889517523183,0.6779661016949152,293,294,2,0,292,294,12670,1,0,0,1,0
2020-10-15,US,North Carolina,Pasquotank,801,33,0,36.26723798,-76.25134778,37139.0,2011.3499397348328,4.119850187265918,768,797,33,0,764,795,39639,4,0,0,4,2
2020-10-15,US,North Carolina,Pender,1155,8,0,34.52265624,-77.90352133,37141.0,1831.5889628924842,0.6926406926406926,1147,1144,8,0,1136,1138,62162,11,0,0,11,6
2020-10-15,US,North Carolina,Perquimans,218,3,0,36.17847453,-76.40603143,37143.0,1619.252766842457,1.3761467889908257,215,213,3,0,210,213,13422,5,0,0,5,0
2020-10-15,US,North Carolina,Person,534,9,0,36.38989032,-78.97217358,37145.0,1352.2410736895415,1.6853932584269662,525,525,9,0,516,520,39507,9,0,0,9,5
2020-10-15,US,North Carolina,Pitt,5655,35,0,35.59535426,-77.37353178,37147.0,3128.7691848048603,0.618921308576481,5620,5593,35,0,5558,5537,179914,62,0,0,62,56
2020-10-15,US,North Carolina,Polk,367,11,0,35.27820615,-82.16812354,37149.0,1770.8936498745416,2.9972752043596733,356,356,11,0,345,354,20611,11,0,0,11,2
2020-10-15,US,North Carolina,Randolph,3354,57,0,35.71015088,-79.80570339,37151.0,2334.565349036313,1.699463327370304,3297,3291,57,0,3234,3257,143351,63,0,0,63,34
2020-10-15,US,North Carolina,Richmond,1232,23,0,35.00417719,-79.74491009,37153.0,2748.221017644828,1.8668831168831168,1209,1201,23,0,1178,1187,44887,31,0,0,31,14
2020-10-15,US,North Carolina,Robeson,5475,85,0,34.64244496,-79.10250529999998,37155.0,4191.387559808612,1.5525114155251138,5390,5415,85,0,5330,5340,131831,60,0,0,60,75
2020-10-15,US,North Carolina,Rockingham,1628,17,0,36.39593137,-79.77504841,37157.0,1788.8144159982419,1.0442260442260445,1611,1605,17,0,1588,1597,90690,23,0,0,23,8
2020-10-15,US,North Carolina,Rowan,3828,109,0,35.64003916,-80.52446628,37159.0,2694.1050616519337,2.8474399164054334,3719,3787,108,0,3679,3776,141262,41,1,0,40,11
2020-10-15,US,North Carolina,Rutherford,1505,45,0,35.40114178,-81.92112099,37161.0,2245.2968118277163,2.990033222591362,1460,1487,45,0,1442,1474,66826,18,0,0,18,13
2020-10-15,US,North Carolina,Sampson,2493,28,0,34.98820368,-78.36914061,37163.0,3924.0685649525426,1.1231448054552748,2465,2472,28,0,2444,2455,63626,21,0,0,21,17
2020-10-15,US,North Carolina,Scotland,1489,19,0,34.8386299,-79.4757978,37165.0,4275.909599977027,1.2760241773002017,1470,1464,18,0,1446,1448,34810,25,1,0,24,16
2020-10-15,US,North Carolina,Stanly,2312,57,0,35.31647813,-80.25093221,37167.0,3681.1769576155134,2.4653979238754324,2255,2298,57,0,2241,2280,62075,14,0,0,14,18
2020-10-15,US,North Carolina,Stokes,595,5,0,36.4017975,-80.23893369,37169.0,1305.082143405497,0.8403361344537815,590,578,5,0,573,553,45467,17,0,0,17,25
2020-10-15,US,North Carolina,Surry,1542,26,0,36.41689489,-80.69102283,37171.0,2148.1409247314828,1.6861219195849546,1516,1530,26,0,1504,1512,71948,12,0,0,12,18
2020-10-15,US,North Carolina,Swain,203,3,0,35.48665845,-83.48748932,37173.0,1422.465139093266,1.477832512315271,200,196,3,0,193,191,14245,7,0,0,7,5
2020-10-15,US,North Carolina,Transylvania,369,9,0,35.20383864,-82.79638423,37175.0,1073.142358586593,2.4390243902439024,360,366,9,0,357,364,34215,3,0,0,3,2
2020-10-15,US,North Carolina,Tyrrell,118,3,0,35.87147226,-76.17055253,37177.0,2938.2470119521918,2.5423728813559316,115,118,3,0,115,118,4131,0,0,0,0,0
2020-10-15,US,North Carolina,Union,5487,61,0,34.98960527,-80.52955873,37179.0,2287.5939614523527,1.111718607618006,5426,5441,61,0,5380,5405,235908,46,0,0,46,36
2020-10-15,US,North Carolina,Vance,1128,46,0,36.36880673,-78.40670845,37181.0,2532.8393398450658,4.078014184397163,1082,1119,46,0,1073,1118,44582,9,0,0,9,1
2020-10-15,US,North Carolina,Wake,19454,261,0,35.78879266,-78.65249174,37183.0,1749.83652061909,1.3416264007402077,19193,19334,262,0,19072,19251,1092305,120,-1,0,121,83
2020-10-15,US,North Carolina,Warren,383,7,0,36.39728256,-78.10652228,37185.0,1941.1079012721107,1.827676240208877,376,381,7,0,374,380,19807,2,0,0,2,1
2020-10-15,US,North Carolina,Washington,232,8,0,35.83810081,-76.57299037,37187.0,2003.4542314335056,3.4482758620689653,224,229,8,0,221,228,11859,3,0,0,3,1
2020-10-15,US,North Carolina,Watauga,1266,2,0,36.23103603,-81.70033724,37189.0,2253.591327411574,0.1579778830963665,1264,1232,2,0,1230,1225,55945,34,0,0,34,7
2020-10-15,US,North Carolina,Wayne,3996,76,0,35.36438125,-78.00027268,37191.0,3245.324085729833,1.901901901901902,3920,3938,75,0,3863,3888,123248,58,1,0,57,50
2020-10-15,US,North Carolina,Wilkes,1511,36,0,36.2084135,-81.16232895,37193.0,2208.6768403204114,2.382528127068167,1475,1488,36,0,1452,1465,68557,23,0,0,23,23
2020-10-15,US,North Carolina,Wilson,2585,62,0,35.70625477,-77.917978,37195.0,3160.108067138544,2.3984526112185685,2523,2554,61,0,2493,2535,81455,31,1,0,30,19
2020-10-15,US,North Carolina,Yadkin,875,9,0,36.16222629,-80.66239436,37197.0,2322.988292139008,1.0285714285714285,866,864,9,0,855,845,37543,11,0,0,11,19
2020-10-15,US,North Carolina,Yancey,240,0,0,35.90079156,-82.31237181,37199.0,1328.2417399966796,0.0,240,238,0,0,238,236,17903,2,0,0,2,2
2020-10-15,US,North Dakota,Adams,49,0,0,46.09686891,-102.5285397,38001.0,2211.191335740072,0.0,49,44,0,0,44,42,2294,5,0,0,5,2
2020-10-15,US,North Dakota,Barnes,276,1,0,46.93579637,-98.06605978,38003.0,2650.0240038406146,0.3623188405797101,275,276,1,0,275,274,10542,0,0,0,0,2
2020-10-15,US,North Dakota,Benson,424,8,0,48.0683985,-99.35916363,38005.0,6206.08899297424,1.8867924528301887,416,418,8,0,410,413,6962,6,0,0,6,5
2020-10-15,US,North Dakota,Billings,30,0,0,47.02366884,-103.3762965,38007.0,3232.758620689656,0.0,30,27,0,0,27,27,919,3,0,0,3,0
2020-10-15,US,North Dakota,Bottineau,168,14,0,48.79106111,-100.8378166,38009.0,2674.307545367717,8.333333333333334,154,160,13,0,147,150,6411,8,1,0,7,10
2020-10-15,US,North Dakota,Bowman,92,2,0,46.11285362,-103.5203343,38011.0,3042.328042328042,2.1739130434782608,90,81,2,0,79,75,3076,11,0,0,11,6
2020-10-15,US,North Dakota,Burke,45,1,0,48.79094471,-102.51821170000001,38013.0,2127.659574468085,2.2222222222222223,44,44,1,0,43,44,2100,1,0,0,1,0
2020-10-15,US,North Dakota,Burleigh,5105,64,0,46.97847375,-100.46452140000001,38015.0,5338.506263986782,1.2536728697355537,5041,4970,64,0,4906,4819,95273,135,0,0,135,151
2020-10-15,US,North Dakota,Cass,7011,78,0,46.93201724,-97.24447190000001,38017.0,3853.8282680034963,1.1125374411638853,6933,6917,78,0,6839,6703,181516,94,0,0,94,214
2020-10-15,US,North Dakota,Cavalier,59,1,0,48.77286211,-98.46685243,38019.0,1568.3147262094628,1.6949152542372878,58,58,0,0,58,58,3829,1,1,0,0,0
2020-10-15,US,North Dakota,Dickey,193,0,0,46.11017712,-98.50490079999999,38021.0,3961.412151067325,0.0,193,175,0,0,175,174,4903,18,0,0,18,1
2020-10-15,US,North Dakota,Divide,34,1,0,48.814938700000006,-103.48736109999999,38023.0,1501.7667844522969,2.9411764705882355,33,32,1,0,31,29,2283,2,0,0,2,3
2020-10-15,US,North Dakota,Dunn,185,4,0,47.35423935,-102.61604679999999,38025.0,4181.7359855334535,2.1621621621621623,181,175,4,0,171,171,4332,10,0,0,10,4
2020-10-15,US,North Dakota,Eddy,142,3,0,47.71701474,-98.90432337,38027.0,6209.007433318759,2.112676056338028,139,136,3,0,133,133,2313,6,0,0,6,3
2020-10-15,US,North Dakota,Emmons,260,7,0,46.28398398,-100.2389766,38029.0,8022.215365627891,2.6923076923076925,253,257,7,0,250,252,3295,3,0,0,3,5
2020-10-15,US,North Dakota,Foster,121,1,0,47.457108399999996,-98.88279923,38031.0,3769.470404984424,0.8264462809917356,120,111,1,0,110,106,3216,10,0,0,10,5
2020-10-15,US,North Dakota,Golden Valley,100,0,0,46.94022281,-103.8465421,38033.0,5678.591709256105,0.0,100,91,0,0,91,89,1769,9,0,0,9,2
2020-10-15,US,North Dakota,Grand Forks,2817,14,0,47.92093639,-97.45450447,38035.0,4056.097104433341,0.4969826056088037,2803,2777,14,0,2763,2746,70770,40,0,0,40,31
2020-10-15,US,North Dakota,Grant,54,1,0,46.35821257,-101.63900129999999,38037.0,2374.67018469657,1.851851851851852,53,53,1,0,52,50,2374,1,0,0,1,3
2020-10-15,US,North Dakota,Griggs,66,1,0,47.45785838,-98.23850925,38039.0,2958.314657104437,1.5151515151515151,65,66,1,0,65,66,2232,0,0,0,0,0
2020-10-15,US,North Dakota,Hettinger,89,1,0,46.43375068,-102.4632417,38041.0,3561.424569827931,1.1235955056179776,88,84,1,0,83,83,2514,5,0,0,5,1
2020-10-15,US,North Dakota,Kidder,71,1,0,46.97830064,-99.77507857,38043.0,2862.903225806452,1.4084507042253518,70,68,1,0,67,65,2450,3,0,0,3,3
2020-10-15,US,North Dakota,LaMoure,154,3,0,46.45681054,-98.53542355,38045.0,3806.228373702423,1.9480519480519483,151,137,3,0,134,136,4062,17,0,0,17,1
2020-10-15,US,North Dakota,Logan,102,0,0,46.45729487,-99.47719806,38047.0,5513.513513513513,0.0,102,101,0,0,101,93,1903,1,0,0,1,8
2020-10-15,US,North Dakota,McHenry,126,9,0,48.23104458,-100.6324822,38049.0,2193.2114882506526,7.142857142857142,117,123,9,0,114,122,5816,3,0,0,3,1
2020-10-15,US,North Dakota,McIntosh,138,4,0,46.11182017,-99.44145858,38051.0,5526.631958350021,2.898550724637681,134,129,4,0,125,122,2585,9,0,0,9,7
2020-10-15,US,North Dakota,McKenzie,388,3,0,47.74133370000001,-103.395905,38053.0,2582.534611288605,0.7731958762886598,385,379,3,0,376,362,13632,9,0,0,9,17
2020-10-15,US,North Dakota,McLean,398,5,0,47.60766714,-101.3182418,38055.0,4211.640211640211,1.256281407035176,393,383,5,0,378,376,9541,15,0,0,15,7
2020-10-15,US,North Dakota,Mercer,321,3,0,47.31213126,-101.8318399,38057.0,3920.850128252107,0.9345794392523364,318,290,2,0,288,278,8267,31,1,0,30,12
2020-10-15,US,North Dakota,Morton,1796,45,0,46.71681782,-101.2822377,38059.0,5726.310419589338,2.5055679287305117,1751,1728,44,0,1684,1684,31095,68,1,0,67,44
2020-10-15,US,North Dakota,Mountrail,377,6,0,48.20197971,-102.3555315,38061.0,3575.1541014698905,1.5915119363395225,371,374,6,0,368,367,10218,3,0,0,3,7
2020-10-15,US,North Dakota,Nelson,136,3,0,47.9226426,-98.19038437,38063.0,4723.862452240362,2.2058823529411766,133,134,3,0,131,133,2869,2,0,0,2,1
2020-10-15,US,North Dakota,Oliver,56,0,0,47.11530482,-101.3406158,38065.0,2858.601327207759,0.0,56,52,0,0,52,45,1952,4,0,0,4,7
2020-10-15,US,North Dakota,Pembina,151,0,0,48.76623521,-97.5523809,38067.0,2220.2617262167328,0.0,151,146,0,0,146,148,6947,5,0,0,5,-2
2020-10-15,US,North Dakota,Pierce,44,0,0,48.24977025,-99.96407787,38069.0,1106.9182389937107,0.0,44,42,0,0,42,41,4081,2,0,0,2,1
2020-10-15,US,North Dakota,Ramsey,361,3,0,48.26886249,-98.72223879,38071.0,3133.952600052088,0.8310249307479224,358,358,3,0,355,349,11481,3,0,0,3,9
2020-10-15,US,North Dakota,Ransom,114,0,0,46.45621782,-97.65742504,38073.0,2184.745113070142,0.0,114,104,0,0,104,104,5237,10,0,0,10,0
2020-10-15,US,North Dakota,Renville,94,2,0,48.71982533,-101.6603912,38075.0,4039.5358831113012,2.127659574468085,92,93,2,0,91,93,2374,1,0,0,1,0
2020-10-15,US,North Dakota,Richland,307,2,0,46.26440649,-96.94852979,38077.0,1897.7560734375968,0.6514657980456026,305,295,3,0,292,292,16239,12,-1,0,13,3
2020-10-15,US,North Dakota,Rolette,264,7,0,48.77245354,-99.84097493,38079.0,1862.302483069977,2.6515151515151514,257,261,7,0,254,258,14301,3,0,0,3,3
2020-10-15,US,North Dakota,Sargent,103,2,0,46.10830372,-97.63217159,38081.0,2642.380708055413,1.9417475728155342,101,103,1,0,102,101,3870,0,1,0,-1,2
2020-10-15,US,North Dakota,Sheridan,25,1,0,47.57700669,-100.3426391,38083.0,1901.1406844106464,4.0,24,20,1,0,19,19,1349,5,0,0,5,1
2020-10-15,US,North Dakota,Sioux,211,3,0,46.11323337,-101.04401490000001,38085.0,4988.179669030733,1.4218009478672986,208,204,3,0,201,200,4358,7,0,0,7,4
2020-10-15,US,North Dakota,Slope,11,0,0,46.44737738,-103.4601547,38087.0,1466.666666666667,0.0,11,11,0,0,11,11,763,0,0,0,0,0
2020-10-15,US,North Dakota,Stark,2105,25,0,46.80851182,-102.65763259999999,38089.0,6684.874083013116,1.187648456057007,2080,2089,25,0,2064,2064,30997,16,0,0,16,25
2020-10-15,US,North Dakota,Steele,31,0,0,47.45611548,-97.72728747,38091.0,1640.2116402116405,0.0,31,31,0,0,31,31,1903,0,0,0,0,0
2020-10-15,US,North Dakota,Stutsman,647,4,0,46.97962541,-98.95637318,38093.0,3125.0,0.6182380216383307,643,632,4,0,628,626,20917,15,0,0,15,6
2020-10-15,US,North Dakota,Towner,64,0,0,48.68565745,-99.24564265,38095.0,2923.709456372773,0.0,64,55,0,0,55,55,2192,9,0,0,9,0
2020-10-15,US,North Dakota,Traill,175,2,0,47.45367788,-97.16323288,38097.0,2177.7003484320558,1.1428571428571428,173,173,2,0,171,171,8037,2,0,0,2,2
2020-10-15,US,North Dakota,Walsh,297,2,0,48.36876964,-97.72574783,38099.0,2791.0910628700312,0.6734006734006734,295,293,2,0,291,286,10667,4,0,0,4,7
2020-10-15,US,North Dakota,Ward,1687,23,0,48.22390169,-101.54367629999999,38101.0,2494.0494670392222,1.363366923532899,1664,1633,22,0,1611,1579,67744,54,1,0,53,54
2020-10-15,US,North Dakota,Wells,63,0,0,47.58614526,-99.65904998,38103.0,1643.1924882629107,0.0,63,63,0,0,63,62,3957,0,0,0,0,1
2020-10-15,US,North Dakota,Williams,1516,10,0,48.34522353,-103.4793387,38105.0,4033.094788368937,0.6596306068601583,1506,1491,10,0,1481,1467,35350,25,0,0,25,24
2020-10-15,US,Ohio,Adams,183,6,0,38.84541072,-83.4718964,39001.0,660.6975232868799,3.278688524590164,177,180,6,0,174,178,27724,3,0,0,3,2
2020-10-15,US,Ohio,Allen,1871,73,0,40.77285242,-84.10802343,39003.0,1828.0231751521728,3.9016568679850345,1798,1819,72,0,1747,1776,102663,52,1,0,51,43
2020-10-15,US,Ohio,Ashland,357,5,0,40.84772277,-82.27280781,39005.0,667.4893426071349,1.4005602240896358,352,351,5,0,346,349,53745,6,0,0,6,2
2020-10-15,US,Ohio,Ashtabula,693,48,0,41.70860332,-80.74830218,39007.0,712.6623543567014,6.926406926406926,645,692,48,0,644,690,97493,1,0,0,1,2
2020-10-15,US,Ohio,Athens,1102,2,0,39.33425634,-82.04278644,39009.0,1686.8982197253815,0.18148820326678766,1100,1073,2,0,1071,1053,65818,29,0,0,29,20
2020-10-15,US,Ohio,Auglaize,856,16,0,40.55998859,-84.22421429999999,39011.0,1874.8904853688446,1.8691588785046729,840,823,16,0,807,794,45804,33,0,0,33,29
2020-10-15,US,Ohio,Belmont,756,27,0,40.01625942,-80.9924051,39013.0,1128.257170999612,3.571428571428572,729,749,27,0,722,744,67505,7,0,0,7,5
2020-10-15,US,Ohio,Brown,337,3,0,38.93416837,-83.86788395,39015.0,775.9255848222508,0.8902077151335311,334,334,3,0,331,328,43602,3,0,0,3,6
2020-10-15,US,Ohio,Butler,7549,118,0,39.44012838,-84.57388716,39017.0,1970.328918863896,1.563120943171281,7431,7423,118,0,7305,7335,382378,126,0,0,126,88
2020-10-15,US,Ohio,Carroll,179,7,0,40.578968599999996,-81.09178213,39019.0,665.0813702905551,3.910614525139665,172,177,7,0,170,174,27081,2,0,0,2,3
2020-10-15,US,Ohio,Champaign,366,3,0,40.13923427,-83.76875242,39021.0,941.2369808409413,0.819672131147541,363,361,3,0,358,353,38754,5,0,0,5,8
2020-10-15,US,Ohio,Clark,2246,52,0,39.91592258,-83.78498252,39023.0,1675.081852285525,2.315227070347284,2194,2197,52,0,2145,2167,134585,49,0,0,49,30
2020-10-15,US,Ohio,Clermont,2163,36,0,39.04847534,-84.15375786,39025.0,1047.8229697521654,1.6643550624133148,2127,2130,36,0,2094,2091,205466,33,0,0,33,39
2020-10-15,US,Ohio,Clinton,387,13,0,39.41485808,-83.80852286,39027.0,922.1311475409835,3.3591731266149867,374,377,13,0,364,372,42057,10,0,0,10,5
2020-10-15,US,Ohio,Columbiana,2053,86,0,40.76932373,-80.78094576,39029.0,2015.0564863618072,4.1889917194349735,1967,2042,86,0,1956,2027,102665,11,0,0,11,15
2020-10-15,US,Ohio,Coshocton,281,11,0,40.30096166,-81.91729018,39031.0,767.75956284153,3.9145907473309607,270,276,11,0,265,271,36629,5,0,0,5,5
2020-10-15,US,Ohio,Crawford,365,7,0,40.85065156,-82.91989099,39033.0,879.6452499156502,1.9178082191780816,358,353,7,0,346,330,41550,12,0,0,12,23
2020-10-15,US,Ohio,Cuyahoga,18834,671,0,41.424119,-81.65918339,39035.0,1524.9313400352369,3.5627057449293833,18163,18711,670,0,18041,18620,1243857,123,1,0,122,91
2020-10-15,US,Ohio,Darke,1048,50,0,40.13412966,-84.6194517,39037.0,2050.359008471426,4.770992366412214,998,1035,50,0,985,1007,51323,13,0,0,13,28
2020-10-15,US,Ohio,Defiance,422,13,0,41.32398837,-84.49076944,39039.0,1107.989602751595,3.080568720379147,409,418,13,0,405,416,38165,4,0,0,4,2
2020-10-15,US,Ohio,Delaware,2697,26,0,40.27942393,-83.00457058,39041.0,1289.3386940246774,0.9640341119762701,2671,2662,26,0,2636,2639,204826,35,0,0,35,23
2020-10-15,US,Ohio,Erie,1088,52,0,41.36796058,-82.62904521,39043.0,1465.0041741846876,4.779411764705882,1036,1075,52,0,1023,1058,74615,13,0,0,13,17
2020-10-15,US,Ohio,Fairfield,2452,56,0,39.75107189,-82.63088163,39045.0,1556.0942795131173,2.283849918433932,2396,2437,56,0,2381,2418,155782,15,0,0,15,19
2020-10-15,US,Ohio,Fayette,397,8,0,39.56021306,-83.4562016,39047.0,1391.7616126205082,2.0151133501259446,389,386,7,0,379,371,28666,11,1,0,10,15
2020-10-15,US,Ohio,Franklin,29901,635,0,39.96995815,-83.01115755,39049.0,2270.8079553083485,2.123674793485168,29266,29698,635,0,29063,29507,1310300,203,0,0,203,191
2020-10-15,US,Ohio,Fulton,445,4,0,41.60213491,-84.12571393,39051.0,1056.3547452879457,0.8988764044943821,441,432,4,0,428,422,42276,13,0,0,13,10
2020-10-15,US,Ohio,Gallia,266,13,0,38.82708533,-82.31647569,39053.0,889.6916181684392,4.887218045112782,253,252,13,0,239,248,29979,14,0,0,14,4
2020-10-15,US,Ohio,Geauga,790,50,0,41.49952319,-81.17935342,39055.0,843.5754786489978,6.329113924050633,740,781,50,0,731,773,94031,9,0,0,9,8
2020-10-15,US,Ohio,Greene,1976,39,0,39.69116283,-83.89032084,39057.0,1169.6667988658494,1.973684210526316,1937,1951,39,0,1912,1914,167995,25,0,0,25,37
2020-10-15,US,Ohio,Guernsey,238,8,0,40.05026529,-81.49248905,39059.0,612.2186495176849,3.361344537815126,230,228,8,0,220,221,39022,10,0,0,10,7
2020-10-15,US,Ohio,Hamilton,15329,337,0,39.19673558,-84.54502924,39061.0,1875.168965825171,2.198447387305108,14992,15140,337,0,14803,14907,816684,189,0,0,189,233
2020-10-15,US,Ohio,Hancock,919,18,0,41.00250487,-83.66838948,39063.0,1212.6730269321615,1.9586507072905333,901,909,18,0,891,901,75930,10,0,0,10,8
2020-10-15,US,Ohio,Hardin,303,13,0,40.66015414,-83.65929931,39065.0,966.0449545671927,4.29042904290429,290,296,13,0,283,290,31480,7,0,0,7,6
2020-10-15,US,Ohio,Harrison,72,3,0,40.29380509,-81.09068544,39067.0,478.7234042553192,4.166666666666667,69,72,3,0,69,72,15174,0,0,0,0,0
2020-10-15,US,Ohio,Henry,419,17,0,41.333964200000004,-84.06830637,39069.0,1551.5070725024066,4.05727923627685,402,417,17,0,400,412,27086,2,0,0,2,5
2020-10-15,US,Ohio,Highland,351,4,0,39.1839264,-83.60331456,39071.0,813.2341697365677,1.1396011396011396,347,339,4,0,335,331,43058,12,0,0,12,8
2020-10-15,US,Ohio,Hocking,187,9,0,39.49537927,-82.47991446,39073.0,661.6190206623266,4.81283422459893,178,187,9,0,178,184,28385,0,0,0,0,3
2020-10-15,US,Ohio,Holmes,506,10,0,40.56163713,-81.92635677,39075.0,1151.0464058234759,1.9762845849802368,496,491,10,0,481,482,43892,15,0,0,15,9
2020-10-15,US,Ohio,Huron,680,9,0,41.14651175,-82.59867951,39077.0,1167.0614080252635,1.3235294117647058,671,674,9,0,665,664,58504,6,0,0,6,10
2020-10-15,US,Ohio,Jackson,377,7,0,39.01914254,-82.61818559999998,39079.0,1163.1135655446888,1.856763925729443,370,365,7,0,358,359,32384,12,0,0,12,6
2020-10-15,US,Ohio,Jefferson,428,4,0,40.38614126,-80.76259514,39081.0,655.185610409491,0.9345794392523364,424,412,4,0,408,406,65767,16,0,0,16,6
2020-10-15,US,Ohio,Knox,332,15,0,40.39830217,-82.42027563,39083.0,532.7171785244376,4.518072289156627,317,327,15,0,312,323,61893,5,0,0,5,4
2020-10-15,US,Ohio,Lake,1798,57,0,41.69710807,-81.23676539,39085.0,781.2330272997058,3.1701890989988875,1741,1777,57,0,1720,1772,230514,21,0,0,21,5
2020-10-15,US,Ohio,Lawrence,846,24,0,38.59743452,-82.53466552,39087.0,1422.7334645073404,2.8368794326241136,822,831,24,0,807,809,59866,15,0,0,15,22
2020-10-15,US,Ohio,Licking,2279,65,0,40.09136236,-82.48185785,39089.0,1288.5752733769832,2.8521281263712157,2214,2248,65,0,2183,2212,175769,31,0,0,31,36
2020-10-15,US,Ohio,Logan,369,3,0,40.38996525,-83.76784341,39091.0,807.9348397267473,0.8130081300813008,366,365,3,0,362,360,45358,4,0,0,4,5
2020-10-15,US,Ohio,Lorain,2550,89,0,41.29553751,-82.15083537,39093.0,823.0240161635463,3.4901960784313726,2461,2528,89,0,2439,2513,309461,22,0,0,22,15
2020-10-15,US,Ohio,Lucas,7931,370,0,41.62101218,-83.65468618,39095.0,1851.5319319805392,4.665237674946413,7561,7879,370,0,7509,7823,429899,52,0,0,52,56
2020-10-15,US,Ohio,Madison,996,14,0,39.89381073,-83.40178317,39097.0,2226.643714649796,1.4056224899598393,982,981,14,0,967,970,44413,15,0,0,15,11
2020-10-15,US,Ohio,Mahoning,3476,283,0,41.01631101,-80.77287029,39099.0,1520.0080460725108,8.141542002301495,3193,3425,283,0,3142,3400,229642,51,0,0,51,25
2020-10-15,US,Ohio,Marion,3289,48,0,40.58610662,-83.15736305,39101.0,5052.7706512220975,1.459410155062329,3241,3281,48,0,3233,3263,65256,8,0,0,8,18
2020-10-15,US,Ohio,Medina,1693,42,0,41.11770589,-81.89986209999998,39103.0,941.8846594639102,2.480803307737744,1651,1676,42,0,1634,1647,179146,17,0,0,17,29
2020-10-15,US,Ohio,Meigs,197,12,0,39.09224872,-82.0305041,39105.0,859.9991269044397,6.091370558375634,185,198,12,0,186,197,23106,-1,0,0,-1,1
2020-10-15,US,Ohio,Mercer,1380,27,0,40.54043046,-84.62912742,39107.0,3351.7924803264355,1.9565217391304348,1353,1363,27,0,1336,1336,40959,17,0,0,17,27
2020-10-15,US,Ohio,Miami,1852,56,0,40.0543329,-84.22871271,39109.0,1731.0514361557944,3.0237580993520514,1796,1819,56,0,1763,1792,106222,33,0,0,33,27
2020-10-15,US,Ohio,Monroe,128,18,0,39.72984936,-81.08464734,39111.0,937.4542258678777,14.0625,110,124,18,0,106,121,13790,4,0,0,4,3
2020-10-15,US,Ohio,Montgomery,9487,183,0,39.75394919,-84.29050975,39113.0,1784.3204742639934,1.9289554126699693,9304,9302,183,0,9119,9154,532331,185,0,0,185,148
2020-10-15,US,Ohio,Morgan,63,0,0,39.62081738,-81.85308173,39115.0,434.24317617866006,0.0,63,61,0,0,61,59,14604,2,0,0,2,2
2020-10-15,US,Ohio,Morrow,313,2,0,40.52363560000001,-82.7892599,39117.0,885.9827898550725,0.6389776357827476,311,303,2,0,301,296,35112,10,0,0,10,7
2020-10-15,US,Ohio,Muskingum,718,4,0,39.96575964,-81.94363275,39119.0,832.801716638636,0.5571030640668524,714,708,4,0,704,694,86183,10,0,0,10,14
2020-10-15,US,Ohio,Noble,99,0,0,39.76818851,-81.45937183,39121.0,686.3560732113144,0.0,99,89,0,0,89,86,14354,10,0,0,10,3
2020-10-15,US,Ohio,Ottawa,545,30,0,41.53781826,-83.0940185,39123.0,1344.8488587291795,5.504587155963303,515,537,30,0,507,529,40769,8,0,0,8,8
2020-10-15,US,Ohio,Paulding,160,1,0,41.11676341,-84.5801017,39125.0,856.898029134533,0.625,159,153,1,0,152,148,18760,7,0,0,7,5
2020-10-15,US,Ohio,Perry,340,11,0,39.73508655,-82.23804971,39127.0,940.9420490396857,3.2352941176470584,329,337,11,0,326,336,36033,3,0,0,3,1
2020-10-15,US,Ohio,Pickaway,2902,46,0,39.64170392,-83.0243386,39129.0,4964.332757411431,1.585113714679531,2856,2884,46,0,2838,2822,58086,18,0,0,18,62
2020-10-15,US,Ohio,Pike,268,0,0,39.07634001,-83.06769584,39131.0,965.0007201497913,0.0,268,265,0,0,265,257,28067,3,0,0,3,8
2020-10-15,US,Ohio,Portage,1469,67,0,41.16793482,-81.19735782,39133.0,904.18918419854,4.5609257998638535,1402,1442,67,0,1375,1424,162927,27,0,0,27,18
2020-10-15,US,Ohio,Preble,547,17,0,39.7420247,-84.64787018,39135.0,1337.9971625654325,3.107861060329068,530,533,17,0,516,525,40997,14,0,0,14,8
2020-10-15,US,Ohio,Putnam,809,27,0,41.02094889,-84.1336111,39137.0,2389.1792918106376,3.3374536464771323,782,784,27,0,757,770,33780,25,0,0,25,14
2020-10-15,US,Ohio,Richland,1201,21,0,40.77180308,-82.53799609999999,39139.0,991.3003285075192,1.7485428809325565,1180,1182,20,0,1162,1160,121099,19,1,0,18,22
2020-10-15,US,Ohio,Ross,1238,31,0,39.33705391,-83.06000914,39141.0,1614.7966504056558,2.504038772213247,1207,1181,31,0,1150,1151,76931,57,0,0,57,30
2020-10-15,US,Ohio,Sandusky,672,22,0,41.35624126,-83.137872,39143.0,1148.3646057623296,3.273809523809524,650,667,22,0,645,655,58799,5,0,0,5,12
2020-10-15,US,Ohio,Scioto,735,8,0,38.80270163,-82.98907345,39145.0,975.914172663781,1.08843537414966,727,713,8,0,705,690,75502,22,0,0,22,23
2020-10-15,US,Ohio,Seneca,549,14,0,41.12351311,-83.12783209,39147.0,994.9617601217876,2.550091074681238,535,546,14,0,532,539,55207,3,0,0,3,7
2020-10-15,US,Ohio,Shelby,824,14,0,40.33163494,-84.20258189,39149.0,1695.8221856349044,1.699029126213592,810,808,14,0,794,799,48627,16,0,0,16,9
2020-10-15,US,Ohio,Stark,3494,178,0,40.81482476,-81.36437305,39151.0,942.780203234702,5.094447624499142,3316,3453,178,0,3275,3408,371574,41,0,0,41,45
2020-10-15,US,Ohio,Summit,6167,259,0,41.12464734,-81.53123079,39153.0,1139.8986715661176,4.199772985244041,5908,6084,259,0,5825,6032,541918,83,0,0,83,52
2020-10-15,US,Ohio,Trumbull,2125,134,0,41.31735028,-80.76109643,39155.0,1073.3732712376373,6.305882352941175,1991,2114,133,0,1981,2099,198627,11,1,0,10,15
2020-10-15,US,Ohio,Tuscarawas,1118,20,0,40.44214695,-81.47226262,39157.0,1215.3891310728688,1.7889087656529516,1098,1105,20,0,1085,1083,92176,13,0,0,13,22
2020-10-15,US,Ohio,Union,693,3,0,40.30016061,-83.37239023,39159.0,1174.8152166542347,0.4329004329004329,690,685,3,0,682,676,57835,8,0,0,8,9
2020-10-15,US,Ohio,Van Wert,191,3,0,40.8554138,-84.59111700000003,39161.0,675.5083996463306,1.5706806282722514,188,189,3,0,186,180,28281,2,0,0,2,9
2020-10-15,US,Ohio,Vinton,80,3,0,39.25208988,-82.4831444,39163.0,611.3870844478411,3.75,77,74,3,0,71,74,13139,6,0,0,6,0
2020-10-15,US,Ohio,Warren,3735,59,0,39.42581994,-84.16557457,39165.0,1592.0580387208975,1.5796519410977243,3676,3679,59,0,3620,3606,232173,56,0,0,56,73
2020-10-15,US,Ohio,Washington,309,23,0,39.45690571,-81.49121382,39167.0,515.7650514930481,7.44336569579288,286,301,23,0,278,300,60155,8,0,0,8,1
2020-10-15,US,Ohio,Wayne,1140,68,0,40.82925852,-81.88844833,39169.0,985.2216748768473,5.964912280701754,1072,1105,68,0,1037,1079,115967,35,0,0,35,26
2020-10-15,US,Ohio,Williams,287,4,0,41.56052014,-84.58429552,39171.0,782.186852719939,1.3937282229965158,283,280,4,0,276,275,36804,7,0,0,7,5
2020-10-15,US,Ohio,Wood,2310,81,0,41.36224827,-83.62285108,39173.0,1765.8255425518093,3.5064935064935066,2229,2286,81,0,2205,2270,130696,24,0,0,24,16
2020-10-15,US,Ohio,Wyandot,270,13,0,40.84339621,-83.30734173,39175.0,1240.1249311041706,4.814814814814816,257,268,13,0,255,258,21935,2,0,0,2,10
2020-10-15,US,Oklahoma,Adair,715,11,0,35.88494195,-94.65859267,40001.0,3221.591421104803,1.5384615384615383,704,698,11,0,687,688,22082,17,0,0,17,10
2020-10-15,US,Oklahoma,Alfalfa,101,0,0,36.73090616,-98.32408495,40003.0,1771.3083128726764,0.0,101,98,0,0,98,95,5754,3,0,0,3,3
2020-10-15,US,Oklahoma,Atoka,373,1,0,34.37366573,-96.03802487,40005.0,2711.1498764355288,0.2680965147453083,372,369,1,0,368,363,13838,4,0,0,4,6
2020-10-15,US,Oklahoma,Beaver,76,0,0,36.7496847,-100.4758872,40007.0,1430.9922801732255,0.0,76,75,0,0,75,74,5319,1,0,0,1,1
2020-10-15,US,Oklahoma,Beckham,737,8,0,35.26862449,-99.68128023,40009.0,3371.608948259299,1.0854816824966078,729,733,8,0,725,727,21709,4,0,0,4,6
2020-10-15,US,Oklahoma,Blaine,166,1,0,35.87518314,-98.43307003,40011.0,1760.5260366953016,0.6024096385542169,165,164,1,0,163,160,9485,2,0,0,2,4
2020-10-15,US,Oklahoma,Bryan,1286,5,0,33.96472458,-96.25903472,40013.0,2679.445775601625,0.3888024883359253,1281,1254,5,0,1249,1223,47192,32,0,0,32,31
2020-10-15,US,Oklahoma,Caddo,1022,23,0,35.17364557,-98.37534464,40015.0,3553.299492385787,2.250489236790606,999,1018,23,0,995,999,28977,4,0,0,4,19
2020-10-15,US,Oklahoma,Canadian,3073,20,0,35.5426055,-97.98465569,40017.0,2072.0672123852037,0.6508298080052066,3053,3012,19,0,2993,2957,144447,61,1,0,60,55
2020-10-15,US,Oklahoma,Carter,703,9,0,34.25103751,-97.28552485,40019.0,1461.2042983932986,1.2802275960170697,694,695,9,0,686,681,48177,8,0,0,8,14
2020-10-15,US,Oklahoma,Cherokee,1279,8,0,35.90692775,-94.99980896,40021.0,2628.604311815361,0.6254886630179828,1271,1269,8,0,1261,1266,48675,10,0,0,10,3
2020-10-15,US,Oklahoma,Choctaw,393,2,0,34.02807439,-95.54771129,40023.0,2678.5714285714284,0.5089058524173028,391,386,2,0,384,380,14668,7,0,0,7,6
2020-10-15,US,Oklahoma,Cimarron,32,0,0,36.74817177,-102.5173885,40025.0,1497.4262985493685,0.0,32,32,0,0,32,32,2153,0,0,0,0,0
2020-10-15,US,Oklahoma,Cleveland,7337,85,0,35.20413532,-97.32519562,40027.0,2583.323357299288,1.1585116532642772,7252,7269,84,0,7185,7168,281669,68,1,0,67,101
2020-10-15,US,Oklahoma,Coal,78,0,0,34.58840127,-96.29798747,40029.0,1419.4722474977252,0.0,78,77,0,0,77,77,5520,1,0,0,1,0
2020-10-15,US,Oklahoma,Comanche,1990,15,0,34.65973764,-98.47195055,40031.0,1648.0467747144903,0.7537688442211056,1975,1973,15,0,1958,1964,120422,17,0,0,17,9
2020-10-15,US,Oklahoma,Cotton,77,3,0,34.28845626,-98.37053567,40033.0,1358.9834098129193,3.8961038961038965,74,77,3,0,74,78,5776,0,0,0,0,-1
2020-10-15,US,Oklahoma,Craig,585,2,0,36.76268118,-95.20916602,40035.0,4136.614340263046,0.3418803418803419,583,578,1,0,577,577,14306,7,1,0,6,1
2020-10-15,US,Oklahoma,Creek,1413,36,0,35.90230551,-96.37086028,40037.0,1975.615894410112,2.5477707006369426,1377,1407,36,0,1371,1381,71604,6,0,0,6,26
2020-10-15,US,Oklahoma,Custer,968,2,0,35.63853802,-99.00170785,40039.0,3337.5857669896227,0.2066115702479339,966,949,2,0,947,952,29036,19,0,0,19,-3
2020-10-15,US,Oklahoma,Delaware,1085,27,0,36.40823634,-94.80325046,40041.0,2522.727801157897,2.488479262672811,1058,1063,26,0,1037,1054,42733,22,1,0,21,9
2020-10-15,US,Oklahoma,Dewey,76,1,0,35.98772922,-99.00730714,40043.0,1553.8744632999387,1.3157894736842106,75,76,1,0,75,76,4894,0,0,0,0,0
2020-10-15,US,Oklahoma,Ellis,15,0,0,36.218019399999996,-99.75324573,40045.0,388.7017362010884,0.0,15,14,0,0,14,14,3952,1,0,0,1,0
2020-10-15,US,Oklahoma,Garfield,2131,23,0,36.3791334,-97.78265517,40047.0,3490.238469601677,1.0793054903801031,2108,2095,23,0,2072,2080,60913,36,0,0,36,15
2020-10-15,US,Oklahoma,Garvin,547,6,0,34.70418038,-97.30811132,40049.0,1973.9453646566344,1.0968921389396709,541,529,6,0,523,514,27811,18,0,0,18,15
2020-10-15,US,Oklahoma,Grady,1414,13,0,35.0167709,-97.88339847,40051.0,2532.5070745423936,0.9193776520509194,1401,1387,13,0,1374,1371,55551,27,0,0,27,16
2020-10-15,US,Oklahoma,Grant,72,1,0,36.796296999999996,-97.78638765,40053.0,1661.666282021694,1.3888888888888888,71,70,1,0,69,68,4326,2,0,0,2,2
2020-10-15,US,Oklahoma,Greer,128,8,0,34.93535801,-99.56056120000001,40055.0,2240.896358543417,6.25,120,127,8,0,119,127,5821,1,0,0,1,0
2020-10-15,US,Oklahoma,Harmon,61,0,0,34.7440135,-99.84741652,40057.0,2299.283829626837,0.0,61,61,0,0,61,61,2664,0,0,0,0,0
2020-10-15,US,Oklahoma,Harper,44,1,0,36.78836519,-99.6679804,40059.0,1193.0585683297181,2.272727272727273,43,42,1,0,41,42,3797,2,0,0,2,0
2020-10-15,US,Oklahoma,Haskell,342,5,0,35.22257600000001,-95.11513306,40061.0,2708.48182466144,1.4619883040935673,337,335,5,0,330,337,12668,7,0,0,7,-2
2020-10-15,US,Oklahoma,Hughes,345,4,0,35.04912569,-96.24921145,40063.0,2598.0872053618496,1.1594202898550725,341,339,4,0,335,334,13335,6,0,0,6,5
2020-10-15,US,Oklahoma,Jackson,980,11,0,34.58781741,-99.41138784,40065.0,3995.1080309824706,1.1224489795918366,969,976,11,0,965,961,24949,4,0,0,4,15
2020-10-15,US,Oklahoma,Jefferson,63,0,0,34.11130184,-97.83182974,40067.0,1049.6501166277906,0.0,63,63,0,0,63,62,6123,0,0,0,0,1
2020-10-15,US,Oklahoma,Johnston,251,4,0,34.31440473,-96.66011537,40069.0,2264.321154713577,1.593625498007968,247,250,4,0,246,248,10949,1,0,0,1,2
2020-10-15,US,Oklahoma,Kay,775,15,0,36.81799745,-97.14421435,40071.0,1780.0542055216129,1.935483870967742,760,771,15,0,756,759,44161,4,0,0,4,12
2020-10-15,US,Oklahoma,Kingfisher,460,2,0,35.94530008,-97.94193268,40073.0,2917.8560101490643,0.43478260869565216,458,456,2,0,454,451,15816,4,0,0,4,5
2020-10-15,US,Oklahoma,Kiowa,145,2,0,34.91671958,-98.97720696,40075.0,1665.1355075792374,1.3793103448275863,143,146,2,0,144,138,8729,-1,0,0,-1,8
2020-10-15,US,Oklahoma,Latimer,166,2,0,34.87844729,-95.25215049,40077.0,1647.9698203117246,1.2048192771084338,164,166,2,0,164,168,10231,0,0,0,0,-2
2020-10-15,US,Oklahoma,Le Flore,1495,21,0,34.89851864,-94.70392124,40079.0,2998.816520570477,1.4046822742474916,1474,1470,21,0,1449,1444,49980,25,0,0,25,26
2020-10-15,US,Oklahoma,Lincoln,670,10,0,35.70270942,-96.8812462,40081.0,1921.0367864208506,1.492537313432836,660,655,10,0,645,648,34920,15,0,0,15,7
2020-10-15,US,Oklahoma,Logan,696,2,0,35.91899576,-97.44352845,40083.0,1449.6677844660599,0.28735632183908044,694,683,2,0,681,672,47291,13,0,0,13,11
2020-10-15,US,Oklahoma,Love,242,1,0,33.95273467,-97.23906784,40085.0,2360.284794694236,0.4132231404958678,241,243,1,0,242,239,10134,-1,0,0,-1,4
2020-10-15,US,Oklahoma,Major,128,2,0,36.31149996,-98.53467076,40093.0,1677.8083628260583,1.5625,126,126,2,0,124,127,7644,2,0,0,2,-1
2020-10-15,US,Oklahoma,Marshall,235,2,0,34.02311222,-96.76855464,40095.0,1387.9865335774616,0.851063829787234,233,228,2,0,226,222,16806,7,0,0,7,6
2020-10-15,US,Oklahoma,Mayes,857,11,0,36.30179091,-95.23175116,40097.0,2085.158150851581,1.2835472578763127,846,833,11,0,822,829,41107,24,0,0,24,4
2020-10-15,US,Oklahoma,McClain,1135,8,0,35.01123903,-97.44572302,40087.0,2804.269407520877,0.7048458149779736,1127,1131,8,0,1123,1103,39985,4,0,0,4,28
2020-10-15,US,Oklahoma,McCurtain,1474,37,0,34.11664328,-94.77222373,40089.0,4489.522417153996,2.5101763907734056,1437,1464,37,0,1427,1434,32703,10,0,0,10,30
2020-10-15,US,Oklahoma,McIntosh,429,8,0,35.37235506,-95.66599306,40091.0,2189.222290263319,1.8648018648018647,421,416,8,0,408,410,19815,13,0,0,13,6
2020-10-15,US,Oklahoma,Murray,239,2,0,34.48116015,-97.06826283,40099.0,1698.2875008882254,0.8368200836820083,237,233,2,0,231,230,13953,6,0,0,6,3
2020-10-15,US,Oklahoma,Muskogee,2133,27,0,35.61318461,-95.37802952,40101.0,3136.9030986661187,1.2658227848101269,2106,2110,27,0,2083,2109,68362,23,0,0,23,1
2020-10-15,US,Oklahoma,Noble,167,3,0,36.38953329,-97.22928674,40103.0,1500.314437157488,1.7964071856287425,164,166,3,0,163,165,11289,1,0,0,1,1
2020-10-15,US,Oklahoma,Nowata,207,4,0,36.79843529,-95.61902331,40105.0,2054.3866613735613,1.932367149758454,203,203,4,0,199,203,10218,4,0,0,4,0
2020-10-15,US,Oklahoma,Okfuskee,232,6,0,35.46485198,-96.32639984,40107.0,1934.4617693654632,2.586206896551724,226,226,5,0,221,223,12098,6,1,0,5,3
2020-10-15,US,Oklahoma,Oklahoma,21260,212,0,35.55140095,-97.40716948,40109.0,2666.0513597363542,0.9971777986829728,21048,21043,208,0,20835,20822,792582,217,4,0,213,221
2020-10-15,US,Oklahoma,Okmulgee,1002,8,0,35.64661916,-95.96432828,40111.0,2604.965553100221,0.7984031936127745,994,988,8,0,980,979,38335,14,0,0,14,9
2020-10-15,US,Oklahoma,Osage,1266,13,0,36.62888819,-96.39635704,40113.0,2695.739198943849,1.0268562401263823,1253,1252,13,0,1239,1251,47014,14,0,0,14,1
2020-10-15,US,Oklahoma,Ottawa,1098,8,0,36.83532655,-94.81011909,40115.0,3527.4841777235197,0.7285974499089253,1090,1079,8,0,1071,1075,31175,19,0,0,19,4
2020-10-15,US,Oklahoma,Pawnee,294,5,0,36.31743373,-96.70331759999999,40117.0,1795.3102100635074,1.7006802721088434,289,288,5,0,283,288,16390,6,0,0,6,0
2020-10-15,US,Oklahoma,Payne,2618,9,0,36.07695283,-96.97584944,40119.0,3201.115132544263,0.3437738731856379,2609,2598,8,0,2590,2585,82040,20,1,0,19,13
2020-10-15,US,Oklahoma,Pittsburg,1110,20,0,34.92065823,-95.75134320000001,40121.0,2542.722316397123,1.8018018018018016,1090,1100,20,0,1080,1095,43877,10,0,0,10,5
2020-10-15,US,Oklahoma,Pontotoc,591,4,0,34.72959848,-96.68337199,40123.0,1543.7258384703796,0.6768189509306259,587,586,4,0,582,571,38247,5,0,0,5,15
2020-10-15,US,Oklahoma,Pottawatomie,1851,11,0,35.20614018,-96.94923008,40125.0,2549.867754022481,0.5942733657482442,1840,1842,11,0,1831,1793,72679,9,0,0,9,49
2020-10-15,US,Oklahoma,Pushmataha,233,4,0,34.41635232,-95.37603505,40127.0,2099.8558038932947,1.7167381974248928,229,231,4,0,227,230,11179,2,0,0,2,1
2020-10-15,US,Oklahoma,Roger Mills,81,2,0,35.68711719,-99.69666167,40129.0,2260.675411666201,2.469135802469136,79,81,2,0,79,79,3656,0,0,0,0,2
2020-10-15,US,Oklahoma,Rogers,2206,53,0,36.37004357,-95.60406759,40131.0,2385.922408851491,2.4025385312783323,2153,2182,53,0,2129,2165,91984,24,0,0,24,17
2020-10-15,US,Oklahoma,Seminole,655,6,0,35.16478725,-96.61686741,40133.0,2700.1401599472338,0.916030534351145,649,644,6,0,638,632,24578,11,0,0,11,12
2020-10-15,US,Oklahoma,Sequoyah,1083,13,0,35.49447108,-94.75463785,40135.0,2605.306839231158,1.2003693444136658,1070,1066,13,0,1053,1060,41179,17,0,0,17,6
2020-10-15,US,Oklahoma,Stephens,562,8,0,34.48556989,-97.85141892,40137.0,1302.6446932294925,1.4234875444839858,554,545,7,0,538,536,43265,17,1,0,16,9
2020-10-15,US,Oklahoma,Texas,1698,10,0,36.74777635,-101.4889765,40139.0,8497.222639243357,0.5889281507656066,1688,1689,10,0,1679,1682,20455,9,0,0,9,7
2020-10-15,US,Oklahoma,Tillman,127,2,0,34.37288446,-98.92426619,40141.0,1751.7241379310346,1.5748031496062993,125,126,2,0,124,125,7348,1,0,0,1,1
2020-10-15,US,Oklahoma,Tulsa,19888,182,0,36.11939621,-95.94013939,40143.0,3052.404105888709,0.9151246983105391,19706,19657,182,0,19475,19473,648360,231,0,0,231,184
2020-10-15,US,Oklahoma,Unassigned,21,0,0,0.0,0.0,90040.0,0.0,0.0,21,26,0,0,26,21,,-5,0,0,-5,5
2020-10-15,US,Oklahoma,Wagoner,1722,27,0,35.96024096,-95.51911308,40145.0,2118.3677988411714,1.56794425087108,1695,1711,27,0,1684,1692,80110,11,0,0,11,19
2020-10-15,US,Oklahoma,Washington,1174,41,0,36.71380786,-95.90514104,40147.0,2278.417140528267,3.492333901192504,1133,1153,41,0,1112,1139,51843,21,0,0,21,14
2020-10-15,US,Oklahoma,Washita,140,0,0,35.29071824,-98.99180434,40149.0,1282.521069989007,0.0,140,135,0,0,135,133,11127,5,0,0,5,2
2020-10-15,US,Oklahoma,Woods,137,0,0,36.76705782,-98.86573064,40151.0,1558.0575457750485,0.0,137,132,0,0,132,128,8897,5,0,0,5,4
2020-10-15,US,Oklahoma,Woodward,1176,5,0,36.42316318,-99.26283045,40153.0,5818.613626243135,0.4251700680272109,1171,1175,5,0,1170,1174,20222,1,0,0,1,1
2020-10-15,US,Oregon,Baker,111,2,0,44.70915557,-117.6749883,41001.0,688.4147854130489,1.8018018018018016,109,111,2,0,109,111,16006,0,0,0,0,0
2020-10-15,US,Oregon,Benton,411,6,0,44.49167306,-123.4316987,41003.0,441.6837716140264,1.45985401459854,405,396,6,0,390,392,92101,15,0,0,15,4
2020-10-15,US,Oregon,Clackamas,2839,65,0,45.18787398,-122.2179634,41005.0,678.8828921032936,2.2895385699189856,2774,2819,65,0,2754,2792,416075,20,0,0,20,27
2020-10-15,US,Oregon,Clatsop,235,0,0,45.99712889,-123.660711,41007.0,584.2283214001592,0.0,235,233,0,0,233,235,39764,2,0,0,2,-2
2020-10-15,US,Oregon,Columbia,236,1,0,45.94464254,-123.08908980000001,41009.0,450.77740000764015,0.42372881355932196,235,233,1,0,232,232,52377,3,0,0,3,1
2020-10-15,US,Oregon,Coos,200,0,0,43.17406868,-124.0594514,41011.0,310.14002822274256,0.0,200,199,0,0,199,196,64389,1,0,0,1,3
2020-10-15,US,Oregon,Crook,75,1,0,44.14230227,-120.356297,41013.0,307.3266677593837,1.3333333333333333,74,73,1,0,72,71,23867,2,0,0,2,2
2020-10-15,US,Oregon,Curry,55,0,0,42.45911325,-124.15728200000001,41015.0,239.91275899672848,0.0,55,55,0,0,55,55,22813,0,0,0,0,0
2020-10-15,US,Oregon,Deschutes,1010,13,0,43.91570171,-121.2289121,41017.0,510.8957368027032,1.2871287128712872,997,1003,13,0,990,996,191996,7,0,0,7,7
2020-10-15,US,Oregon,Douglas,301,4,0,43.27941273,-123.16729099999999,41019.0,271.22003964678316,1.32890365448505,297,296,4,0,292,288,110283,5,0,0,5,8
2020-10-15,US,Oregon,Gilliam,11,0,0,45.37160076,-120.20488689999999,41021.0,575.3138075313808,0.0,11,11,0,0,11,11,1894,0,0,0,0,0
2020-10-15,US,Oregon,Grant,10,0,0,44.49024544,-119.0068631,41023.0,138.90818169190166,0.0,10,10,0,0,10,10,7176,0,0,0,0,0
2020-10-15,US,Oregon,Harney,13,0,0,43.06422669,-118.96663059999999,41025.0,175.84201271473015,0.0,13,13,0,0,13,13,7329,0,0,0,0,0
2020-10-15,US,Oregon,Hood River,268,0,0,45.51872811,-121.65520359999998,41027.0,1146.1808228551874,0.0,268,268,0,0,268,268,23428,0,0,0,0,0
2020-10-15,US,Oregon,Jackson,1430,6,0,42.43201126,-122.72893090000001,41029.0,647.2228256933884,0.4195804195804196,1424,1413,6,0,1407,1385,219564,17,0,0,17,28
2020-10-15,US,Oregon,Jefferson,590,8,0,44.62806839,-121.17832,41031.0,2392.732581717901,1.3559322033898304,582,591,8,0,583,590,24192,-1,0,0,-1,1
2020-10-15,US,Oregon,Josephine,254,2,0,42.3665549,-123.5561938,41033.0,290.32884885754453,0.7874015748031497,252,249,2,0,247,247,87393,5,0,0,5,2
2020-10-15,US,Oregon,Klamath,392,3,0,42.68762984,-121.64964609999998,41035.0,574.4599783112047,0.7653061224489796,389,392,3,0,389,390,67653,0,0,0,0,2
2020-10-15,US,Oregon,Lake,35,0,0,42.79246693,-120.38501629999999,41037.0,444.7833269792858,0.0,35,35,0,0,35,35,7879,0,0,0,0,0
2020-10-15,US,Oregon,Lane,1957,22,0,43.93727035,-122.847753,41039.0,512.2138263707674,1.1241696474195195,1935,1924,21,0,1903,1867,379611,33,1,0,32,57
2020-10-15,US,Oregon,Lincoln,507,13,0,44.64252874,-123.86991200000001,41041.0,1014.7712261318602,2.5641025641025643,494,503,13,0,490,501,49388,4,0,0,4,2
2020-10-15,US,Oregon,Linn,716,14,0,44.48899494,-122.53731540000001,41043.0,551.8346962211655,1.9553072625698324,702,704,14,0,690,699,127335,12,0,0,12,5
2020-10-15,US,Oregon,Malheur,1812,34,0,43.1937027,-117.62273950000001,41045.0,5927.1858951293725,1.8763796909492276,1778,1799,34,0,1765,1788,30725,13,0,0,13,11
2020-10-15,US,Oregon,Marion,5353,104,0,44.90287942,-122.58151170000001,41047.0,1539.0232822913129,1.942835793013264,5249,5321,102,0,5219,5258,346868,32,2,0,30,63
2020-10-15,US,Oregon,Morrow,533,6,0,45.41846568,-119.584546,41049.0,4593.6395759717325,1.125703564727955,527,532,6,0,526,532,11372,1,0,0,1,0
2020-10-15,US,Oregon,Multnomah,8280,149,0,45.54747959,-122.4169351,41051.0,1018.6318593107013,1.7995169082125604,8131,8171,149,0,8022,8086,811880,109,0,0,109,85
2020-10-15,US,Oregon,Polk,606,15,0,44.90322804,-123.4128888,41053.0,703.9553929255968,2.4752475247524752,591,594,15,0,579,590,85234,12,0,0,12,4
2020-10-15,US,Oregon,Sherman,18,0,0,45.41501554,-120.6827834,41055.0,1011.2359550561798,0.0,18,18,0,0,18,18,1708,0,0,0,0,0
2020-10-15,US,Oregon,Tillamook,66,0,0,45.46248721,-123.712066,41057.0,244.11895250776746,0.0,66,65,0,0,65,65,26787,1,0,0,1,0
2020-10-15,US,Oregon,Umatilla,3225,42,0,45.59073056,-118.7353826,41059.0,4137.267479153304,1.3023255813953492,3183,3208,42,0,3166,3194,77516,17,0,0,17,14
2020-10-15,US,Oregon,Union,455,2,0,45.30915495,-118.0068979,41061.0,1695.5468604434507,0.4395604395604396,453,453,2,0,451,453,26461,2,0,0,2,0
2020-10-15,US,Oregon,Wallowa,38,1,0,45.57894064,-117.18353799999998,41063.0,527.1920088790233,2.631578947368421,37,37,1,0,36,36,7081,1,0,0,1,1
2020-10-15,US,Oregon,Wasco,329,15,0,45.16292781,-121.16709540000001,41065.0,1233.041001424181,4.5592705167173255,314,328,15,0,313,328,26505,1,0,0,1,0
2020-10-15,US,Oregon,Washington,5241,68,0,45.55972701,-123.0955257,41067.0,871.1884466548757,1.2974623163518413,5173,5196,68,0,5128,5146,597695,45,0,0,45,50
2020-10-15,US,Oregon,Wheeler,1,0,0,44.72698162,-120.02814270000002,41069.0,75.07507507507508,0.0,1,1,0,0,1,1,1366,0,0,0,0,0
2020-10-15,US,Oregon,Yamhill,912,15,0,45.23330449,-123.3086963,41071.0,851.5406162464985,1.6447368421052633,897,906,15,0,891,901,107002,6,0,0,6,5
2020-10-15,US,Pennsylvania,Adams,962,27,0,39.87140411,-77.21610347,42001.0,933.8989797008028,2.8066528066528065,935,957,27,0,930,945,102811,5,0,0,5,12
2020-10-15,US,Pennsylvania,Allegheny,13672,383,0,40.46809875,-79.98167747,42003.0,1124.3004987479903,2.8013458162668226,13289,13533,378,0,13155,13436,1218452,139,5,0,134,97
2020-10-15,US,Pennsylvania,Armstrong,539,19,0,40.81665618,-79.46290811,42005.0,832.625318606627,3.5250463821892395,520,528,19,0,509,523,65263,11,0,0,11,5
2020-10-15,US,Pennsylvania,Beaver,2102,136,0,40.6825484,-80.34921611,42007.0,1282.2624428868594,6.470028544243577,1966,2084,136,0,1948,2071,164742,18,0,0,18,13
2020-10-15,US,Pennsylvania,Bedford,315,6,0,40.00522157,-78.48998442,42009.0,657.7848312729702,1.9047619047619049,309,309,6,0,303,299,48176,6,0,0,6,10
2020-10-15,US,Pennsylvania,Berks,8035,410,0,40.41570541,-75.92457766,42011.0,1907.807884814467,5.102675793403859,7625,7961,409,0,7552,7901,420152,74,1,0,73,60
2020-10-15,US,Pennsylvania,Blair,950,23,0,40.47961444,-78.34917412,42013.0,779.7814970163098,2.421052631578948,927,926,23,0,903,916,122492,24,0,0,24,10
2020-10-15,US,Pennsylvania,Bradford,415,6,0,41.78869215,-76.51570822,42015.0,687.9631318071051,1.4457831325301205,409,392,6,0,386,379,60833,23,0,0,23,13
2020-10-15,US,Pennsylvania,Bucks,9485,622,0,40.33682119,-75.10836643,42017.0,1509.7012430961206,6.557722720084343,8863,9423,622,0,8801,9392,628195,62,0,0,62,31
2020-10-15,US,Pennsylvania,Butler,1346,25,0,40.91152759,-79.91351055,42019.0,716.5177026717697,1.8573551263001489,1321,1319,25,0,1294,1298,187888,27,0,0,27,21
2020-10-15,US,Pennsylvania,Cambria,801,7,0,40.49527404,-78.71377428,42021.0,615.2451763549219,0.8739076154806492,794,783,7,0,776,775,131730,18,0,0,18,8
2020-10-15,US,Pennsylvania,Cameron,8,0,0,41.43625568,-78.20376845,42023.0,179.89655947830002,0.0,8,8,0,0,8,8,4492,0,0,0,0,0
2020-10-15,US,Pennsylvania,Carbon,526,29,0,40.91545395,-75.7068525,42025.0,819.5444205540497,5.513307984790875,497,521,29,0,492,519,64227,5,0,0,5,2
2020-10-15,US,Pennsylvania,Centre,3614,14,0,40.92058903,-77.82200624,42027.0,2225.5750223234904,0.387382401770891,3600,3564,14,0,3550,3545,162805,50,0,0,50,19
2020-10-15,US,Pennsylvania,Chester,7534,375,0,39.97291773,-75.74768357,42029.0,1435.077687342021,4.977435625165914,7159,7491,375,0,7116,7456,522046,43,0,0,43,35
2020-10-15,US,Pennsylvania,Clarion,171,3,0,41.19265812,-79.42413524,42031.0,444.8722618242364,1.7543859649122806,168,166,3,0,163,165,38779,5,0,0,5,1
2020-10-15,US,Pennsylvania,Clearfield,380,7,0,41.00110782,-78.47592663,42033.0,479.4650179799382,1.8421052631578947,373,376,7,0,369,371,79388,4,0,0,4,5
2020-10-15,US,Pennsylvania,Clinton,233,6,0,41.23255967,-77.63785995,42035.0,603.1269413957341,2.5751072961373387,227,231,6,0,225,228,38684,2,0,0,2,3
2020-10-15,US,Pennsylvania,Columbia,1013,39,0,41.04821986,-76.40565017,42037.0,1559.3251647066068,3.84995064165844,974,1012,38,0,974,1007,65456,1,1,0,0,5
2020-10-15,US,Pennsylvania,Crawford,366,3,0,41.68447709,-80.10760592,42039.0,432.4758652471375,0.819672131147541,363,359,3,0,356,356,85063,7,0,0,7,3
2020-10-15,US,Pennsylvania,Cumberland,2174,77,0,40.1625372,-77.26130755,42041.0,858.0337056478668,3.5418583256669733,2097,2158,77,0,2081,2119,251423,16,0,0,16,39
2020-10-15,US,Pennsylvania,Dauphin,4290,185,0,40.41377078,-76.77993242,42043.0,1541.5075152982943,4.312354312354312,4105,4257,185,0,4072,4234,277097,33,0,0,33,23
2020-10-15,US,Pennsylvania,Delaware,12349,763,0,39.91680171,-75.40243663,42045.0,2178.926399257517,6.178637946392421,11586,12285,762,0,11523,12234,564751,64,1,0,63,51
2020-10-15,US,Pennsylvania,Elk,93,2,0,41.42822061,-78.64524744,42047.0,310.9327983951856,2.150537634408602,91,91,2,0,89,87,30169,2,0,0,2,4
2020-10-15,US,Pennsylvania,Erie,1835,39,0,41.99253829,-80.03301954,42049.0,680.3149839838653,2.1253405994550407,1796,1826,39,0,1787,1809,272061,9,0,0,9,17
2020-10-15,US,Pennsylvania,Fayette,899,10,0,39.92041012,-79.64291195,42051.0,695.4221266457292,1.1123470522803114,889,886,9,0,877,883,130441,13,1,0,12,3
2020-10-15,US,Pennsylvania,Forest,17,1,0,41.51095103,-79.23229292,42053.0,234.57982613495238,5.882352941176472,16,17,1,0,16,17,7279,0,0,0,0,0
2020-10-15,US,Pennsylvania,Franklin,1957,53,0,39.92956518,-77.72157791,42055.0,1262.3607500628925,2.708226877874297,1904,1936,53,0,1883,1931,154835,21,0,0,21,5
2020-10-15,US,Pennsylvania,Fulton,62,2,0,39.92913544,-78.11163677,42057.0,426.70337233310397,3.2258064516129035,60,60,2,0,58,60,14523,2,0,0,2,0
2020-10-15,US,Pennsylvania,Greene,208,1,0,39.85746531,-80.22357106,42059.0,574.0623188805786,0.4807692307692308,207,205,1,0,204,204,36506,3,0,0,3,1
2020-10-15,US,Pennsylvania,Huntingdon,623,8,0,40.42162652,-77.97673273,42061.0,1380.0283537125645,1.2841091492776886,615,604,8,0,596,599,45168,19,0,0,19,5
2020-10-15,US,Pennsylvania,Indiana,906,14,0,40.65241041,-79.08963285,42063.0,1077.6349125165036,1.5452538631346575,892,896,14,0,882,883,84501,10,0,0,10,13
2020-10-15,US,Pennsylvania,Jefferson,141,3,0,41.12913106,-78.9986361,42065.0,324.69775474956816,2.127659574468085,138,138,3,0,135,138,43641,3,0,0,3,0
2020-10-15,US,Pennsylvania,Juniata,205,8,0,40.53358749,-77.39975129999998,42067.0,827.847999030812,3.902439024390244,197,204,8,0,196,202,24704,1,0,0,1,2
2020-10-15,US,Pennsylvania,Lackawanna,3125,217,0,41.43564672,-75.60379201,42069.0,1490.4089205147034,6.944,2908,3065,217,0,2848,3022,210793,60,0,0,60,43
2020-10-15,US,Pennsylvania,Lancaster,8751,467,0,40.03904563,-76.24770128,42071.0,1603.5578424258413,5.336532967660839,8284,8718,466,0,8252,8669,543557,33,1,0,32,49
2020-10-15,US,Pennsylvania,Lawrence,681,24,0,40.99206278,-80.33393706,42073.0,796.3794555150156,3.524229074889868,657,653,24,0,629,643,86184,28,0,0,28,10
2020-10-15,US,Pennsylvania,Lebanon,2460,65,0,40.36680311,-76.45651841,42075.0,1734.9234447398676,2.6422764227642275,2395,2427,65,0,2362,2401,141314,33,0,0,33,26
2020-10-15,US,Pennsylvania,Lehigh,6053,361,0,40.6154815,-75.59435245,42077.0,1638.966960722196,5.963984800925161,5692,6023,361,0,5662,5999,368100,30,0,0,30,24
2020-10-15,US,Pennsylvania,Luzerne,4550,190,0,41.17823008,-75.98447579,42079.0,1433.4455936512534,4.175824175824176,4360,4496,190,0,4306,4458,317646,54,0,0,54,38
2020-10-15,US,Pennsylvania,Lycoming,858,29,0,41.34310539,-77.06629984,42081.0,757.2882373189525,3.3799533799533794,829,847,29,0,818,838,113664,11,0,0,11,9
2020-10-15,US,Pennsylvania,McKean,84,2,0,41.80938602,-78.56478358,42083.0,206.7692307692308,2.380952380952381,82,80,2,0,78,79,40968,4,0,0,4,1
2020-10-15,US,Pennsylvania,Mercer,862,25,0,41.30248872,-80.25816981,42085.0,787.7613686211432,2.9002320185614847,837,847,25,0,822,840,110683,15,0,0,15,7
2020-10-15,US,Pennsylvania,Mifflin,292,3,0,40.61116939,-77.61070738,42087.0,632.8839568251766,1.0273972602739727,289,289,3,0,286,285,46222,3,0,0,3,4
2020-10-15,US,Pennsylvania,Monroe,1898,134,0,41.05934058,-75.34031025,42089.0,1114.6936354399752,7.060063224446787,1764,1893,134,0,1759,1884,169507,5,0,0,5,9
2020-10-15,US,Pennsylvania,Montgomery,12999,890,0,40.21053671,-75.36652296,42091.0,1564.4199466852804,6.8466805138856826,12109,12945,890,0,12055,12897,828604,54,0,0,54,48
2020-10-15,US,Pennsylvania,Montour,254,5,0,41.03023987,-76.66345939,42093.0,1393.3077345035654,1.9685039370078738,249,251,5,0,246,247,18240,3,0,0,3,4
2020-10-15,US,Pennsylvania,Northampton,4929,309,0,40.75182733,-75.30471829,42095.0,1614.5568894639434,6.2690200852099816,4620,4905,309,0,4596,4883,304807,24,0,0,24,22
2020-10-15,US,Pennsylvania,Northumberland,1302,92,0,40.84785433,-76.70798222,42097.0,1433.2419669099436,7.066052227342549,1210,1296,90,0,1206,1290,91083,6,2,0,4,6
2020-10-15,US,Pennsylvania,Perry,297,6,0,40.40206612,-77.26297447,42099.0,641.856846473029,2.0202020202020203,291,289,6,0,283,278,46139,8,0,0,8,11
2020-10-15,US,Pennsylvania,Philadelphia,39870,1838,0,40.00338507,-75.1379271,42101.0,2516.9437598480868,4.609982442939554,38032,39691,1833,0,37858,39413,1584138,179,5,0,174,278
2020-10-15,US,Pennsylvania,Pike,608,23,0,41.33155042,-75.03208106,42103.0,1089.4300202476304,3.782894736842105,585,607,23,0,584,607,55933,1,0,0,1,0
2020-10-15,US,Pennsylvania,Potter,37,1,0,41.74471626,-77.89559864,42105.0,223.88962846423817,2.702702702702702,36,37,1,0,36,37,16622,0,0,0,0,0
2020-10-15,US,Pennsylvania,Schuylkill,1495,69,0,40.70497338,-76.2150785,42107.0,1057.5909563593405,4.615384615384615,1426,1457,68,0,1389,1436,142067,38,1,0,37,21
2020-10-15,US,Pennsylvania,Snyder,434,12,0,40.77129231,-77.06840691,42109.0,1075.0024769642323,2.7649769585253456,422,433,12,0,421,431,40540,1,0,0,1,2
2020-10-15,US,Pennsylvania,Somerset,284,3,0,39.97172723,-79.02699593,42111.0,386.6733835282585,1.056338028169014,281,279,3,0,276,278,73952,5,0,0,5,1
2020-10-15,US,Pennsylvania,Sullivan,15,1,0,41.44634738,-76.51246591,42113.0,247.27992087042526,6.666666666666668,14,15,1,0,14,15,6071,0,0,0,0,0
2020-10-15,US,Pennsylvania,Susquehanna,359,28,0,41.82147784,-75.80071959,42115.0,890.2003570720094,7.799442896935933,331,354,28,0,326,352,40589,5,0,0,5,2
2020-10-15,US,Pennsylvania,Tioga,126,3,0,41.77255149,-77.25433032,42117.0,310.4136384912912,2.380952380952381,123,122,3,0,119,122,40763,4,0,0,4,0
2020-10-15,US,Pennsylvania,Union,637,7,0,40.96188846,-77.05996014,42119.0,1417.9818801059591,1.0989010989010992,630,619,7,0,612,613,44785,18,0,0,18,6
2020-10-15,US,Pennsylvania,Venango,149,1,0,41.40323442,-79.75845449,42121.0,294.07120865240387,0.6711409395973155,148,142,1,0,141,128,51266,7,0,0,7,14
2020-10-15,US,Pennsylvania,Warren,58,1,0,41.81304978,-79.26969577,42123.0,147.99316169528714,1.7241379310344829,57,58,1,0,57,57,39498,0,0,0,0,1
2020-10-15,US,Pennsylvania,Washington,1577,31,0,40.19208869,-80.24582867,42125.0,762.3329224373383,1.9657577679137603,1546,1563,31,0,1532,1556,207346,14,0,0,14,7
2020-10-15,US,Pennsylvania,Wayne,273,12,0,41.64938475,-75.29956506,42127.0,531.5317069371704,4.395604395604397,261,268,12,0,256,266,51276,5,0,0,5,2
2020-10-15,US,Pennsylvania,Westmoreland,3201,65,0,40.31377979999999,-79.46615476,42129.0,917.4574876970128,2.0306154326772883,3136,3053,64,0,2989,2993,350611,148,1,0,147,60
2020-10-15,US,Pennsylvania,Wyoming,93,8,0,41.51955538,-76.01074915,42131.0,347.0926326789579,8.602150537634408,85,92,8,0,84,91,27046,1,0,0,1,1
2020-10-15,US,Pennsylvania,York,5649,185,0,39.9210089,-76.73040131,42133.0,1257.9666769103326,3.2749159143211184,5464,5615,182,0,5433,5553,448273,34,3,0,31,62
2020-10-15,US,Puerto Rico,Adjuntas,166,0,0,18.180117000000006,-66.754367,72001.0,852.024842170097,0.0,166,166,0,0,166,164,,0,0,0,0,2
2020-10-15,US,Puerto Rico,Aguada,390,0,0,18.360255,-67.17513100000001,72003.0,929.4787769012606,0.0,390,387,0,0,387,381,,3,0,0,3,6
2020-10-15,US,Puerto Rico,Aguadilla,496,0,0,18.459681,-67.12081500000001,72005.0,813.7951401991829,0.0,496,487,0,0,487,483,,9,0,0,9,4
2020-10-15,US,Puerto Rico,Aguas Buenas,333,0,0,18.251619,-66.126806,72007.0,1161.9386580131895,0.0,333,327,0,0,327,324,,6,0,0,6,3
2020-10-15,US,Puerto Rico,Aibonito,189,0,0,18.131361,-66.264131,72009.0,729.7297297297298,0.0,189,189,0,0,189,188,,0,0,0,0,1
2020-10-15,US,Puerto Rico,Anasco,238,0,0,18.287985,-67.120611,72011.0,813.3693311916887,0.0,238,238,0,0,238,237,,0,0,0,0,1
2020-10-15,US,Puerto Rico,Arecibo,969,0,0,18.406631,-66.675077,72013.0,1004.769805060141,0.0,969,963,0,0,963,957,,6,0,0,6,6
2020-10-15,US,Puerto Rico,Arroyo,187,0,0,17.998457000000005,-66.056546,72015.0,955.3001277139208,0.0,187,186,0,0,186,182,,1,0,0,1,4
2020-10-15,US,Puerto Rico,Barceloneta,292,0,0,18.445532999999998,-66.56053100000001,72017.0,1176.6602192134108,0.0,292,288,0,0,288,282,,4,0,0,4,6
2020-10-15,US,Puerto Rico,Barranquitas,537,0,0,18.201592,-66.30963,72019.0,1771.2250148426676,0.0,537,532,0,0,532,518,,5,0,0,5,14
2020-10-15,US,Puerto Rico,Bayamon,4353,0,0,18.34946,-66.168435,72021.0,2091.621980049588,0.0,4353,4307,0,0,4307,4249,,46,0,0,46,58
2020-10-15,US,Puerto Rico,Cabo Rojo,461,0,0,18.040993,-67.154391,72023.0,905.3950546968596,0.0,461,456,0,0,456,446,,5,0,0,5,10
2020-10-15,US,Puerto Rico,Caguas,1924,0,0,18.211615,-66.050779,72025.0,1346.4620380284548,0.0,1924,1899,0,0,1899,1852,,25,0,0,25,47
2020-10-15,US,Puerto Rico,Camuy,335,0,0,18.418578,-66.860206,72027.0,952.8143576324696,0.0,335,332,0,0,332,326,,3,0,0,3,6
2020-10-15,US,Puerto Rico,Canovanas,794,0,0,18.328802,-65.887612,72029.0,1666.3868368032236,0.0,794,789,0,0,789,776,,5,0,0,5,13
2020-10-15,US,Puerto Rico,Carolina,3336,0,0,18.374986,-65.95683100000001,72031.0,1887.2834659033047,0.0,3336,3305,0,0,3305,3245,,31,0,0,31,60
2020-10-15,US,Puerto Rico,Catano,534,0,0,18.437269,-66.14330600000001,72033.0,1897.6545842217483,0.0,534,529,0,0,529,519,,5,0,0,5,10
2020-10-15,US,Puerto Rico,Cayey,429,0,0,18.102851,-66.14914,72035.0,891.5397244331758,0.0,429,427,0,0,427,425,,2,0,0,2,2
2020-10-15,US,Puerto Rico,Ceiba,167,0,0,18.251818,-65.666416,72037.0,1225.1485584329835,0.0,167,167,0,0,167,166,,0,0,0,0,1
2020-10-15,US,Puerto Rico,Ciales,312,0,0,18.28885,-66.516475,72039.0,1661.1649451602598,0.0,312,310,0,0,310,304,,2,0,0,2,6
2020-10-15,US,Puerto Rico,Cidra,379,0,0,18.173559,-66.161179,72041.0,871.6651333946643,0.0,379,375,0,0,375,372,,4,0,0,4,3
2020-10-15,US,Puerto Rico,Coamo,350,0,0,18.097597,-66.36014,72043.0,863.9415481832542,0.0,350,343,0,0,343,340,,7,0,0,7,3
2020-10-15,US,Puerto Rico,Comerio,266,0,0,18.224687,-66.221622,72045.0,1280.2002117624409,0.0,266,266,0,0,266,266,,0,0,0,0,0
2020-10-15,US,Puerto Rico,Corozal,764,0,0,18.304264,-66.327738,72047.0,2056.9705454741265,0.0,764,744,0,0,744,726,,20,0,0,20,18
2020-10-15,US,Puerto Rico,Culebra,22,0,0,18.31586,-65.28813000000001,72049.0,1210.1210121012102,0.0,22,22,0,0,22,22,,0,0,0,0,0
2020-10-15,US,Puerto Rico,Dorado,935,0,0,18.436115,-66.278669,72051.0,2449.88864142539,0.0,935,918,0,0,918,894,,17,0,0,17,24
2020-10-15,US,Puerto Rico,Fajardo,641,0,0,18.318373,-65.666866,72053.0,1732.7602519395566,0.0,641,641,0,0,641,627,,0,0,0,0,14
2020-10-15,US,Puerto Rico,Florida,366,0,0,18.373715,-66.560488,72054.0,2886.4353312302837,0.0,366,366,0,0,366,356,,0,0,0,0,10
2020-10-15,US,Puerto Rico,Guanica,133,0,0,17.982429,-66.91964300000001,72055.0,684.6141967365007,0.0,133,129,0,0,129,128,,4,0,0,4,1
2020-10-15,US,Puerto Rico,Guayama,346,0,0,18.007516,-66.13390799999999,72057.0,762.752965036815,0.0,346,343,0,0,343,342,,3,0,0,3,1
2020-10-15,US,Puerto Rico,Guayanilla,224,0,0,18.039942,-66.79186,72059.0,1037.9500486539084,0.0,224,221,0,0,221,220,,3,0,0,3,1
2020-10-15,US,Puerto Rico,Guaynabo,2033,0,0,18.345114000000002,-66.11452299999999,72061.0,2076.0998325231812,0.0,2033,2015,0,0,2015,1967,,18,0,0,18,48
2020-10-15,US,Puerto Rico,Gurabo,652,0,0,18.266461,-65.97970500000001,72063.0,1437.1046309153824,0.0,652,647,0,0,647,629,,5,0,0,5,18
2020-10-15,US,Puerto Rico,Hatillo,379,0,0,18.410928,-66.79632600000001,72065.0,903.3918909255597,0.0,379,375,0,0,375,371,,4,0,0,4,4
2020-10-15,US,Puerto Rico,Hormigueros,191,0,0,18.134532,-67.113972,72067.0,1107.2463768115942,0.0,191,190,0,0,190,190,,1,0,0,1,0
2020-10-15,US,Puerto Rico,Humacao,678,0,0,18.145211,-65.810174,72069.0,1159.6483426264838,0.0,678,675,0,0,675,660,,3,0,0,3,15
2020-10-15,US,Puerto Rico,Isabela,333,0,0,18.44981,-67.005093,72071.0,729.7670443338957,0.0,333,330,0,0,330,325,,3,0,0,3,5
2020-10-15,US,Puerto Rico,Jayuya,270,0,0,18.211446,-66.58878,72073.0,1622.4011537074869,0.0,270,267,0,0,267,267,,3,0,0,3,0
2020-10-15,US,Puerto Rico,Juana Diaz,395,0,0,18.050764,-66.49458100000001,72075.0,494.38652264790915,0.0,395,393,0,0,393,390,,2,0,0,2,3
2020-10-15,US,Puerto Rico,Juncos,503,0,0,18.223793,-65.909109,72077.0,1248.4487465872423,0.0,503,496,0,0,496,482,,7,0,0,7,14
2020-10-15,US,Puerto Rico,Lajas,187,0,0,18.011661,-67.040585,72079.0,726.1289946802315,0.0,187,187,0,0,187,187,,0,0,0,0,0
2020-10-15,US,Puerto Rico,Lares,391,0,0,18.269035000000002,-66.867236,72081.0,1271.420674405749,0.0,391,389,0,0,389,381,,2,0,0,2,8
2020-10-15,US,Puerto Rico,Las Marias,118,0,0,18.23679,-66.98362,72083.0,1194.2111122356034,0.0,118,118,0,0,118,117,,0,0,0,0,1
2020-10-15,US,Puerto Rico,Las Piedras,585,0,0,18.187527,-65.86946800000001,72085.0,1512.6050420168067,0.0,585,575,0,0,575,566,,10,0,0,10,9
2020-10-15,US,Puerto Rico,Loiza,330,0,0,18.425688,-65.89943000000001,72087.0,1097.804391217565,0.0,330,324,0,0,324,321,,6,0,0,6,3
2020-10-15,US,Puerto Rico,Luquillo,293,0,0,18.342114000000002,-65.72509699999999,72089.0,1460.03587801475,0.0,293,291,0,0,291,288,,2,0,0,2,3
2020-10-15,US,Puerto Rico,Manati,680,0,0,18.420473,-66.490461,72091.0,1541.4957042141773,0.0,680,672,0,0,672,658,,8,0,0,8,14
2020-10-15,US,Puerto Rico,Maricao,90,0,0,18.171795,-66.942126,72093.0,1434.0344168260035,0.0,90,90,0,0,90,90,,0,0,0,0,0
2020-10-15,US,Puerto Rico,Maunabo,166,0,0,18.017889,-65.922235,72095.0,1357.8732106339467,0.0,166,163,0,0,163,157,,3,0,0,3,6
2020-10-15,US,Puerto Rico,Mayaguez,925,0,0,18.2013,-67.1452,72097.0,1038.392456219129,0.0,925,922,0,0,922,916,,3,0,0,3,6
2020-10-15,US,Puerto Rico,Moca,407,0,0,18.377805,-67.080952,72099.0,1014.7348475404524,0.0,407,400,0,0,400,395,,7,0,0,7,5
2020-10-15,US,Puerto Rico,Morovis,582,0,0,18.316963,-66.420383,72101.0,1784.728610855566,0.0,582,580,0,0,580,574,,2,0,0,2,6
2020-10-15,US,Puerto Rico,Naguabo,336,0,0,18.230636999999998,-65.753897,72103.0,1257.4850299401198,0.0,336,332,0,0,332,328,,4,0,0,4,4
2020-10-15,US,Puerto Rico,Naranjito,759,0,0,18.288019,-66.252703,72105.0,2496.5462798500103,0.0,759,749,0,0,749,733,,10,0,0,10,16
2020-10-15,US,Puerto Rico,Orocovis,392,0,0,18.215046,-66.433604,72107.0,1673.5687145113775,0.0,392,389,0,0,389,385,,3,0,0,3,4
2020-10-15,US,Puerto Rico,Out of PR,804,0,0,0.0,0.0,72888.0,0.0,0.0,804,804,0,0,804,804,,0,0,0,0,0
2020-10-15,US,Puerto Rico,Patillas,187,0,0,18.03174,-66.012242,72109.0,970.067956632256,0.0,187,187,0,0,187,185,,0,0,0,0,2
2020-10-15,US,Puerto Rico,Penuelas,137,0,0,18.059645,-66.721572,72111.0,564.2039370727288,0.0,137,136,0,0,136,136,,1,0,0,1,0
2020-10-15,US,Puerto Rico,Ponce,1058,0,0,18.059498,-66.613748,72113.0,636.0963643906281,0.0,1058,1053,0,0,1053,1048,,5,0,0,5,5
2020-10-15,US,Puerto Rico,Quebradillas,223,0,0,18.439692,-66.926113,72115.0,860.3726995640262,0.0,223,222,0,0,222,222,,1,0,0,1,0
2020-10-15,US,Puerto Rico,Rincon,229,0,0,18.335442999999998,-67.23174,72117.0,1506.578947368421,0.0,229,228,0,0,228,228,,1,0,0,1,0
2020-10-15,US,Puerto Rico,Rio Grande,715,0,0,18.346329,-65.813742,72119.0,1316.6617560400707,0.0,715,709,0,0,709,697,,6,0,0,6,12
2020-10-15,US,Puerto Rico,Sabana Grande,217,0,0,18.08282,-66.943758,72121.0,858.8957055214723,0.0,217,216,0,0,216,216,,1,0,0,1,0
2020-10-15,US,Puerto Rico,Salinas,495,0,0,18.010386999999994,-66.256592,72123.0,1592.76658729648,0.0,495,493,0,0,493,491,,2,0,0,2,2
2020-10-15,US,Puerto Rico,San German,288,0,0,18.111484,-67.03858100000001,72125.0,810.6510541278467,0.0,288,286,0,0,286,286,,2,0,0,2,0
2020-10-15,US,Puerto Rico,San Juan,9057,0,0,18.386933,-66.061128,72127.0,2291.020575423828,0.0,9057,8971,0,0,8971,8787,,86,0,0,86,184
2020-10-15,US,Puerto Rico,San Lorenzo,628,0,0,18.147987,-65.976392,72129.0,1529.543572507185,0.0,628,620,0,0,620,607,,8,0,0,8,13
2020-10-15,US,Puerto Rico,San Sebastian,560,0,0,18.328646,-66.971214,72131.0,1319.820881451803,0.0,560,553,0,0,553,510,,7,0,0,7,43
2020-10-15,US,Puerto Rico,Santa Isabel,209,0,0,17.994525,-66.388913,72133.0,897.9977657471858,0.0,209,208,0,0,208,205,,1,0,0,1,3
2020-10-15,US,Puerto Rico,Toa Alta,1505,0,0,18.362406,-66.246616,72135.0,2031.9714848918527,0.0,1505,1483,0,0,1483,1469,,22,0,0,22,14
2020-10-15,US,Puerto Rico,Toa Baja,1734,0,0,18.431445999999998,-66.213553,72137.0,1935.073485922173,0.0,1734,1709,0,0,1709,1678,,25,0,0,25,31
2020-10-15,US,Puerto Rico,Trujillo Alto,1309,0,0,18.336159,-65.99888399999999,72139.0,1749.0179311082013,0.0,1309,1293,0,0,1293,1261,,16,0,0,16,32
2020-10-15,US,Puerto Rico,Unassigned,846,743,0,0.0,0.0,72999.0,0.0,87.82505910165483,103,830,742,0,88,762,,16,1,0,15,68
2020-10-15,US,Puerto Rico,Utuado,190,0,0,18.271214,-66.702984,72141.0,573.1696280430782,0.0,190,186,0,0,186,182,,4,0,0,4,4
2020-10-15,US,Puerto Rico,Vega Alta,881,0,0,18.409346,-66.33725,72143.0,2205.2013716803085,0.0,881,870,0,0,870,859,,11,0,0,11,11
2020-10-15,US,Puerto Rico,Vega Baja,1096,0,0,18.428262,-66.397924,72145.0,1837.0151855452386,0.0,1096,1080,0,0,1080,1073,,16,0,0,16,7
2020-10-15,US,Puerto Rico,Vieques,101,0,0,18.123276,-65.44097099999999,72147.0,1085.9047414256531,0.0,101,101,0,0,101,100,,0,0,0,0,1
2020-10-15,US,Puerto Rico,Villalba,171,0,0,18.127951,-66.473115,72149.0,655.8508802209183,0.0,171,170,0,0,170,168,,1,0,0,1,2
2020-10-15,US,Puerto Rico,Yabucoa,435,0,0,18.070399,-65.896289,72151.0,1146.5169605440026,0.0,435,426,0,0,426,412,,9,0,0,9,14
2020-10-15,US,Puerto Rico,Yauco,467,0,0,18.080374,-66.858814,72153.0,1110.7675475108817,0.0,467,461,0,0,461,460,,6,0,0,6,1
2020-10-15,US,Rhode Island,Bristol,461,17,0,41.71018079,-71.28652315,44001.0,950.9272055941748,3.6876355748373104,444,461,17,0,444,430,48649,0,0,0,0,31
2020-10-15,US,Rhode Island,Kent,2145,116,0,41.67106337,-71.57641596,44003.0,1305.6022204367832,5.407925407925408,2029,2145,116,0,2029,2018,163861,0,0,0,0,127
2020-10-15,US,Rhode Island,Newport,582,10,0,41.5642026,-71.26569799,44005.0,709.0470505104653,1.718213058419244,572,582,10,0,572,545,82542,0,0,0,0,37
2020-10-15,US,Rhode Island,Providence,20439,909,0,41.87064746,-71.57753536,44007.0,3198.9369744150777,4.447380008806694,19530,20439,909,0,19530,19636,636084,0,0,0,0,803
2020-10-15,US,Rhode Island,Unassigned,2692,20,0,0.0,0.0,90044.0,0.0,0.7429420505200595,2672,2418,18,0,2400,3376,,274,2,0,272,-958
2020-10-15,US,Rhode Island,Washington,1119,77,0,41.45961631,-71.61435303,44009.0,891.0867435915812,6.881143878462915,1042,1119,77,0,1042,955,126179,0,0,0,0,164
2020-10-15,US,South Carolina,Abbeville,701,15,0,34.22333378,-82.46170658,45001.0,2858.0747747380437,2.1398002853067046,686,694,15,0,679,694,24541,7,0,0,7,0
2020-10-15,US,South Carolina,Aiken,4683,85,0,33.54338026,-81.63645384,45003.0,2740.6479704106,1.8150758061071963,4598,4644,85,0,4559,4542,169401,39,0,0,39,102
2020-10-15,US,South Carolina,Allendale,426,6,0,32.98837386,-81.35321066,45005.0,4903.3149171270725,1.4084507042253518,420,425,6,0,419,421,8903,1,0,0,1,4
2020-10-15,US,South Carolina,Anderson,5111,189,0,34.51828081,-82.63959517,45007.0,2523.227914967565,3.6979064762277436,4922,5076,189,0,4887,5045,200482,35,0,0,35,31
2020-10-15,US,South Carolina,Bamberg,665,35,0,33.21927586,-81.05659969,45009.0,4727.712213848998,5.2631578947368425,630,665,35,0,630,662,14275,0,0,0,0,3
2020-10-15,US,South Carolina,Barnwell,828,19,0,33.26679302,-81.43584352,45011.0,3968.177897057414,2.294685990338164,809,810,18,0,792,795,21112,18,1,0,17,15
2020-10-15,US,South Carolina,Beaufort,5927,89,0,32.39226291,-80.72619758,45013.0,3085.0188942442824,1.501602834486249,5838,5909,89,0,5820,5899,188715,18,0,0,18,10
2020-10-15,US,South Carolina,Berkeley,5749,92,0,33.20222596,-79.94654523,45015.0,2522.52015076325,1.6002783092711776,5657,5723,92,0,5631,5701,221091,26,0,0,26,22
2020-10-15,US,South Carolina,Calhoun,497,17,0,33.66926881,-80.77722168,45017.0,3415.103415103415,3.420523138832998,480,494,17,0,477,493,14520,3,0,0,3,1
2020-10-15,US,South Carolina,Charleston,16448,269,0,32.82487866,-79.96512315,45019.0,3997.997112341579,1.6354571984435795,16179,16392,269,0,16123,16340,405905,56,0,0,56,52
2020-10-15,US,South Carolina,Cherokee,1328,48,0,35.05122251,-81.61828622,45021.0,2317.626527050611,3.614457831325301,1280,1313,46,0,1267,1311,57078,15,2,0,13,2
2020-10-15,US,South Carolina,Chester,1140,22,0,34.69249168,-81.1583216,45023.0,3535.5414960922967,1.9298245614035088,1118,1131,22,0,1109,1129,32251,9,0,0,9,2
2020-10-15,US,South Carolina,Chesterfield,1397,40,0,34.64137396,-80.15640140000002,45025.0,3060.240963855422,2.863278453829635,1357,1383,39,0,1344,1373,45754,14,1,0,13,10
2020-10-15,US,South Carolina,Clarendon,1138,68,0,33.66610974,-80.21647898,45027.0,3372.351459475478,5.975395430579965,1070,1133,68,0,1065,1133,33700,5,0,0,5,0
2020-10-15,US,South Carolina,Colleton,1173,44,0,32.87582989,-80.67641292,45029.0,3113.3051994585558,3.751065643648764,1129,1167,43,0,1124,1152,37660,6,1,0,5,15
2020-10-15,US,South Carolina,Darlington,2301,63,0,34.33358335,-79.96027485,45031.0,3454.021435648024,2.7379400260756195,2238,2286,63,0,2223,2265,66802,15,0,0,15,21
2020-10-15,US,South Carolina,Dillon,1236,44,0,34.39007791,-79.37741872,45033.0,4055.251156534007,3.559870550161812,1192,1226,44,0,1182,1212,30599,10,0,0,10,14
2020-10-15,US,South Carolina,Dorchester,4528,91,0,33.0794369,-80.40502652,45035.0,2781.1730309749464,2.009717314487633,4437,4485,91,0,4394,4465,160647,43,0,0,43,20
2020-10-15,US,South Carolina,Edgefield,868,21,0,33.77221995,-81.96231108,45037.0,3184.152604548789,2.419354838709677,847,862,20,0,842,848,27052,6,1,0,5,14
2020-10-15,US,South Carolina,Fairfield,828,37,0,34.39287073,-81.1195624,45039.0,3705.195328231977,4.4685990338164245,791,824,37,0,787,822,22402,4,0,0,4,2
2020-10-15,US,South Carolina,Florence,5290,199,0,34.02361754,-79.70189312,45041.0,3825.21168822717,3.761814744801512,5091,5259,199,0,5060,5230,138159,31,0,0,31,29
2020-10-15,US,South Carolina,Georgetown,2098,47,0,33.43443342,-79.33202141,45043.0,3347.1601786853857,2.2402287893231647,2051,2067,47,0,2020,2043,62249,31,0,0,31,24
2020-10-15,US,South Carolina,Greenville,15994,330,0,34.89502264,-82.37295012,45045.0,3054.9602515175484,2.0632737276478683,15664,15846,330,0,15516,15780,514213,148,0,0,148,66
2020-10-15,US,South Carolina,Greenwood,2435,74,0,34.15272415,-82.12715789,45047.0,3438.731270565308,3.0390143737166326,2361,2418,73,0,2345,2394,70741,17,1,0,16,24
2020-10-15,US,South Carolina,Hampton,735,29,0,32.77419582,-81.13845571,45049.0,3823.7436270939534,3.9455782312925174,706,730,29,0,701,721,19351,5,0,0,5,9
2020-10-15,US,South Carolina,Horry,11617,207,0,33.9212828,-78.99555293,45051.0,3280.887706485239,1.7818713953688559,11410,11527,207,0,11320,11436,344147,90,0,0,90,91
2020-10-15,US,South Carolina,Jasper,867,23,0,32.43171982,-81.02487495,45053.0,2882.984737139627,2.65282583621684,844,865,23,0,842,863,28971,2,0,0,2,2
2020-10-15,US,South Carolina,Kershaw,2286,42,0,34.33988254,-80.58763164,45055.0,3434.959655001428,1.837270341207349,2244,2244,41,0,2203,2233,65592,42,1,0,41,11
2020-10-15,US,South Carolina,Lancaster,2390,56,0,34.68270843,-80.70513032,45057.0,2438.476921193323,2.3430962343096238,2334,2367,56,0,2311,2355,95380,23,0,0,23,12
2020-10-15,US,South Carolina,Laurens,1816,58,0,34.48244419,-82.00490796,45059.0,2690.649400678589,3.1938325991189433,1758,1797,58,0,1739,1794,66994,19,0,0,19,3
2020-10-15,US,South Carolina,Lee,750,35,0,34.16393091,-80.25690731,45061.0,4456.857618255289,4.666666666666667,715,744,35,0,709,743,17142,6,0,0,6,1
2020-10-15,US,South Carolina,Lexington,8278,187,0,33.89665987,-81.27146426,45063.0,2770.878661087866,2.258999758395748,8091,8206,186,0,8020,8164,295032,72,1,0,71,42
2020-10-15,US,South Carolina,Marion,1034,35,0,34.07859748,-79.36400756,45067.0,3372.8022963760322,3.3849129593810443,999,1024,32,0,992,1014,31039,10,3,0,7,10
2020-10-15,US,South Carolina,Marlboro,1042,12,0,34.59905577,-79.67561152,45069.0,3989.5857263190137,1.151631477927063,1030,1026,12,0,1014,1024,26398,16,0,0,16,2
2020-10-15,US,South Carolina,McCormick,256,7,0,33.90161443,-82.30794338,45065.0,2705.273169185248,2.734375,249,253,7,0,246,251,9410,3,0,0,3,2
2020-10-15,US,South Carolina,Newberry,1519,35,0,34.28629098,-81.59935761,45071.0,3951.6129032258063,2.3041474654377883,1484,1506,35,0,1471,1492,38520,13,0,0,13,14
2020-10-15,US,South Carolina,Oconee,2237,29,0,34.75225169,-83.06742317,45073.0,2812.2092877077416,1.2963790791238263,2208,2191,29,0,2162,2180,78374,46,0,0,46,11
2020-10-15,US,South Carolina,Orangeburg,3240,129,0,33.4391073,-80.79886287,45075.0,3759.7911227154054,3.9814814814814814,3111,3219,129,0,3090,3210,86934,21,0,0,21,9
2020-10-15,US,South Carolina,Pickens,3756,53,0,34.88807695,-82.72791551,45077.0,2960.184105166924,1.4110756123535677,3703,3695,52,0,3643,3662,124937,61,1,0,60,33
2020-10-15,US,South Carolina,Richland,16366,258,0,34.01791263,-80.90267209,45079.0,3936.415086624703,1.5764389588170598,16108,16263,258,0,16005,16206,414576,103,0,0,103,57
2020-10-15,US,South Carolina,Saluda,711,22,0,34.00795823,-81.72713237,45081.0,3472.866702486201,3.094233473980309,689,710,22,0,688,710,20544,1,0,0,1,0
2020-10-15,US,South Carolina,Spartanburg,7928,211,0,34.92960077,-81.99225984,45083.0,2479.165689447597,2.661453077699293,7717,7802,210,0,7592,7723,313888,126,1,0,125,79
2020-10-15,US,South Carolina,Sumter,3362,84,0,33.91826534,-80.37942316,45085.0,3150.270331050121,2.498512790005949,3278,3350,84,0,3266,3343,106512,12,0,0,12,7
2020-10-15,US,South Carolina,Union,675,15,0,34.68835752,-81.61730349,45087.0,2471.079220969395,2.2222222222222223,660,670,15,0,655,663,27410,5,0,0,5,7
2020-10-15,US,South Carolina,Williamsburg,1379,46,0,33.62190129,-79.72767442,45089.0,4540.964172813488,3.335750543872371,1333,1372,46,0,1326,1365,30606,7,0,0,7,7
2020-10-15,US,South Carolina,York,6073,90,0,34.97281497,-81.18085944,45091.0,2161.3714903960795,1.4819693726329657,5983,6016,90,0,5926,5982,274118,57,0,0,57,34
2020-10-15,US,South Dakota,Aurora,145,0,0,43.71757685,-98.56050467,46003.0,5270.810614322065,0.0,145,140,0,0,140,137,2801,5,0,0,5,3
2020-10-15,US,South Dakota,Beadle,1016,12,0,44.41464384,-98.27858469,46005.0,5505.879802742102,1.1811023622047243,1004,994,11,0,983,961,18883,22,1,0,21,33
2020-10-15,US,South Dakota,Bennett,119,4,0,43.19486375,-101.6665572,46007.0,3536.404160475483,3.361344537815126,115,114,4,0,110,109,3468,5,0,0,5,5
2020-10-15,US,South Dakota,Bon Homme,191,1,0,42.98914167,-97.88592746,46009.0,2767.71482393856,0.5235602094240838,190,182,1,0,181,167,6980,9,0,0,9,15
2020-10-15,US,South Dakota,Brookings,1085,2,0,44.36974375,-96.79079945,46011.0,3093.1949710636604,0.18433179723502305,1083,1051,2,0,1049,1025,35232,34,0,0,34,26
2020-10-15,US,South Dakota,Brown,1650,4,0,45.58994323,-98.35165355,46013.0,4248.307113983366,0.24242424242424246,1646,1626,4,0,1622,1593,39316,24,0,0,24,33
2020-10-15,US,South Dakota,Brule,189,2,0,43.71756379,-99.08118954,46015.0,3568.057390976024,1.058201058201058,187,186,1,0,185,179,5229,3,1,0,2,7
2020-10-15,US,South Dakota,Buffalo,187,3,0,44.07657829,-99.20814467,46017.0,9531.090723751277,1.60427807486631,184,185,3,0,182,181,2036,2,0,0,2,4
2020-10-15,US,South Dakota,Butte,184,3,0,44.90608745,-103.5079318,46019.0,1764.3110557100395,1.6304347826086956,181,179,3,0,176,172,10222,5,0,0,5,7
2020-10-15,US,South Dakota,Campbell,57,0,0,45.77074915,-100.0510181,46021.0,4142.441860465116,0.0,57,56,0,0,56,55,1377,1,0,0,1,1
2020-10-15,US,South Dakota,Charles Mix,289,0,0,43.20660134,-98.58856175,46023.0,3110.2023245802843,0.0,289,277,0,0,277,268,9338,12,0,0,12,9
2020-10-15,US,South Dakota,Clark,61,0,0,44.85834507,-97.72925109,46025.0,1632.762312633833,0.0,61,59,0,0,59,55,3739,2,0,0,2,4
2020-10-15,US,South Dakota,Clay,677,8,0,42.91296147,-96.97656917,46027.0,4811.656005685856,1.1816838995568686,669,667,8,0,659,654,14041,10,0,0,10,13
2020-10-15,US,South Dakota,Codington,1180,10,0,44.97788119,-97.18827677,46029.0,4212.931557713592,0.8474576271186439,1170,1151,10,0,1141,1123,28015,29,0,0,29,28
2020-10-15,US,South Dakota,Corson,125,1,0,45.70889983,-101.1970473,46031.0,3059.2266275085663,0.8,124,121,1,0,120,120,4165,4,0,0,4,1
2020-10-15,US,South Dakota,Custer,242,3,0,43.67741105,-103.45345209999999,46033.0,2697.2804279982165,1.2396694214876034,239,234,3,0,231,224,8726,8,0,0,8,10
2020-10-15,US,South Dakota,Davison,635,4,0,43.67490933,-98.14458906,46035.0,3211.125158027813,0.6299212598425197,631,615,4,0,611,585,19790,20,0,0,20,30
2020-10-15,US,South Dakota,Day,118,0,0,45.367281,-97.60737498,46037.0,2175.5162241887906,0.0,118,115,0,0,115,114,5505,3,0,0,3,1
2020-10-15,US,South Dakota,Deuel,137,0,0,44.75994309,-96.66943645,46039.0,3148.7014479430018,0.0,137,133,0,0,133,126,4337,4,0,0,4,7
2020-10-15,US,South Dakota,Dewey,252,0,0,45.15639647,-100.8709139,46041.0,4276.985743380856,0.0,252,230,0,0,230,220,5904,22,0,0,22,10
2020-10-15,US,South Dakota,Douglas,142,2,0,43.38520741,-98.36978007,46043.0,4861.348853132489,1.4084507042253518,140,136,2,0,134,133,2935,6,0,0,6,3
2020-10-15,US,South Dakota,Edmunds,113,0,0,45.41846445,-99.21545423,46045.0,2951.162183337686,0.0,113,113,0,0,113,113,3875,0,0,0,0,0
2020-10-15,US,South Dakota,Fall River,149,6,0,43.23929297,-103.5275691,46047.0,2219.57396097125,4.026845637583893,143,143,6,0,137,137,6758,6,0,0,6,6
2020-10-15,US,South Dakota,Faulk,145,1,0,45.07082625,-99.14535601,46049.0,6307.090039147455,0.6896551724137931,144,139,1,0,138,133,2330,6,0,0,6,6
2020-10-15,US,South Dakota,Grant,237,2,0,45.1723937,-96.77002276,46051.0,3360.748723766308,0.8438818565400844,235,228,2,0,226,224,7147,9,0,0,9,4
2020-10-15,US,South Dakota,Gregory,170,8,0,43.19419064,-99.18883902,46053.0,4062.126642771804,4.705882352941177,162,166,7,0,159,162,4212,4,1,0,3,4
2020-10-15,US,South Dakota,Haakon,57,1,0,44.29299053,-101.539099,46055.0,3001.5797788309637,1.7543859649122806,56,55,1,0,54,51,1918,2,0,0,2,4
2020-10-15,US,South Dakota,Hamlin,144,0,0,44.67385954,-97.18829593,46057.0,2336.145360155743,0.0,144,139,0,0,139,131,6111,5,0,0,5,8
2020-10-15,US,South Dakota,Hand,81,1,0,44.54708407,-99.00386459,46059.0,2538.389219680351,1.2345679012345678,80,80,1,0,79,78,3262,1,0,0,1,2
2020-10-15,US,South Dakota,Hanson,61,1,0,43.6746384,-97.78715148,46061.0,1766.5797856935997,1.639344262295082,60,56,1,0,55,54,3376,5,0,0,5,2
2020-10-15,US,South Dakota,Harding,16,0,0,45.58015551,-103.4958629,46063.0,1232.6656394453005,0.0,16,10,0,0,10,9,1249,6,0,0,6,1
2020-10-15,US,South Dakota,Hughes,684,5,0,44.39091534,-99.99661148,46065.0,3902.773022937349,0.7309941520467836,679,667,5,0,662,656,17650,17,0,0,17,11
2020-10-15,US,South Dakota,Hutchinson,174,2,0,43.33449012,-97.75536441,46067.0,2386.503908928816,1.1494252873563218,172,167,2,0,165,161,7380,7,0,0,7,6
2020-10-15,US,South Dakota,Hyde,30,0,0,44.54747703,-99.48572582,46069.0,2305.9185242121443,0.0,30,29,0,0,29,28,1282,1,0,0,1,1
2020-10-15,US,South Dakota,Jackson,69,1,0,43.69318385,-101.6255063,46071.0,2063.3971291866033,1.4492753623188406,68,64,1,0,63,57,3307,5,0,0,5,7
2020-10-15,US,South Dakota,Jerauld,153,6,0,44.06637798,-98.62965972,46073.0,7600.596125186289,3.92156862745098,147,151,4,0,147,150,2043,2,2,0,0,1
2020-10-15,US,South Dakota,Jones,24,0,0,43.96278565,-100.6940008,46075.0,2657.8073089701,0.0,24,23,0,0,23,22,928,1,0,0,1,1
2020-10-15,US,South Dakota,Kingsbury,118,0,0,44.36956169,-97.4913945,46077.0,2389.1476007288925,0.0,118,107,0,0,107,104,4919,11,0,0,11,3
2020-10-15,US,South Dakota,Lake,279,8,0,44.02193107,-97.12926365,46079.0,2180.198484019692,2.867383512544803,271,270,8,0,262,260,13057,9,0,0,9,10
2020-10-15,US,South Dakota,Lawrence,611,5,0,44.35919441,-103.79294279999999,46081.0,2364.1851106639842,0.8183306055646481,606,596,5,0,591,569,25741,15,0,0,15,27
2020-10-15,US,South Dakota,Lincoln,2022,11,0,43.27841182,-96.72039050000001,46083.0,3307.813113466824,0.5440158259149357,2011,1976,10,0,1966,1897,58807,46,1,0,45,79
2020-10-15,US,South Dakota,Lyman,205,4,0,43.89522709,-99.85201878,46085.0,5421.8460724676015,1.951219512195122,201,204,4,0,200,203,3821,1,0,0,1,1
2020-10-15,US,South Dakota,Marshall,54,0,0,45.75870838,-97.59855639,46091.0,1094.224924012158,0.0,54,54,0,0,54,52,5112,0,0,0,0,2
2020-10-15,US,South Dakota,McCook,164,1,0,43.6742571,-97.36863144,46087.0,2935.9112065878985,0.6097560975609756,163,163,1,0,162,154,5546,1,0,0,1,9
2020-10-15,US,South Dakota,McPherson,51,0,0,45.76626028,-99.22118798,46089.0,2143.7578814628,0.0,51,49,0,0,49,49,2407,2,0,0,2,0
2020-10-15,US,South Dakota,Meade,752,8,0,44.56676791,-102.71627409999999,46093.0,2654.24255259071,1.0638297872340423,744,737,6,0,731,725,28294,15,2,0,13,12
2020-10-15,US,South Dakota,Mellette,46,0,0,43.58078848,-100.7563186,46095.0,2231.9262493934984,0.0,46,44,0,0,44,42,2042,2,0,0,2,2
2020-10-15,US,South Dakota,Miner,84,0,0,44.02197882,-97.60992207,46097.0,3790.6137184115523,0.0,84,73,0,0,73,69,2213,11,0,0,11,4
2020-10-15,US,South Dakota,Minnehaha,8531,91,0,43.67441641,-96.7910885,46099.0,4417.140430996096,1.0666979252139257,8440,8397,88,0,8309,8189,192876,134,3,0,131,208
2020-10-15,US,South Dakota,Moody,156,1,0,44.02266214,-96.67081159,46101.0,2372.262773722628,0.6410256410256411,155,151,1,0,150,149,6579,5,0,0,5,2
2020-10-15,US,South Dakota,Oglala Lakota,488,5,0,43.33749164,-102.55554980000001,46102.0,3442.1951047471252,1.024590163934426,483,456,4,0,452,441,14309,32,1,0,31,15
2020-10-15,US,South Dakota,Pennington,3378,43,0,44.0025835,-102.8240777,46103.0,2969.0177982860905,1.2729425695677916,3335,3292,42,0,3250,3207,111729,86,1,0,85,85
2020-10-15,US,South Dakota,Perkins,58,0,0,45.49049506,-102.47555859999999,46105.0,2024.432809773124,0.0,58,54,0,0,54,52,2922,4,0,0,4,2
2020-10-15,US,South Dakota,Potter,79,0,0,45.06583079,-99.95498503,46107.0,3669.298653042267,0.0,79,78,0,0,78,78,2207,1,0,0,1,0
2020-10-15,US,South Dakota,Roberts,264,2,0,45.62975048,-96.94672673,46109.0,2539.9268808928227,0.7575757575757576,262,258,2,0,256,256,10447,6,0,0,6,2
2020-10-15,US,South Dakota,Sanborn,65,0,0,44.02351092,-98.09098159999999,46111.0,2773.0375426621167,0.0,65,62,0,0,62,61,2429,3,0,0,3,1
2020-10-15,US,South Dakota,Spink,202,1,0,44.93837606,-98.34626602,46115.0,3168.130489335006,0.4950495049504951,201,197,1,0,196,191,6495,5,0,0,5,6
2020-10-15,US,South Dakota,Stanley,63,0,0,44.41381872,-100.7349153,46117.0,2033.5700451904447,0.0,63,61,0,0,61,58,3022,2,0,0,2,3
2020-10-15,US,South Dakota,Sully,24,0,0,44.71571812,-100.1278092,46119.0,1725.3774263120056,0.0,24,24,0,0,24,24,1392,0,0,0,0,0
2020-10-15,US,South Dakota,Todd,287,5,0,43.19338568,-100.71955030000001,46121.0,2820.084504274344,1.7421602787456445,282,264,5,0,259,241,10283,23,0,0,23,23
2020-10-15,US,South Dakota,Tripp,221,1,0,43.34459388,-99.8854891,46123.0,4061.7533541628377,0.4524886877828054,220,218,1,0,217,210,5478,3,0,0,3,8
2020-10-15,US,South Dakota,Turner,335,8,0,43.3109081,-97.14865776,46125.0,3995.7061068702287,2.388059701492537,327,315,8,0,307,294,8424,20,0,0,20,21
2020-10-15,US,South Dakota,Union,620,10,0,42.83112163,-96.6557828,46127.0,3891.539040923927,1.6129032258064515,610,599,10,0,589,586,15619,21,0,0,21,13
2020-10-15,US,South Dakota,Walworth,213,1,0,45.43019636,-100.03075140000001,46129.0,3919.043238270469,0.4694835680751174,212,197,1,0,196,193,5587,16,0,0,16,4
2020-10-15,US,South Dakota,Yankton,578,5,0,43.00924485,-97.39467635,46135.0,2533.532041728763,0.8650519031141869,573,565,5,0,560,547,22869,13,0,0,13,18
2020-10-15,US,South Dakota,Ziebach,76,1,0,44.97881876,-101.6654622,46137.0,2757.619738751814,1.3157894736842106,75,73,1,0,72,71,2742,3,0,0,3,2
2020-10-15,US,Tennessee,Anderson,1486,13,0,36.12684348,-84.19965764,47001.0,1930.4216789212505,0.8748317631224765,1473,1463,13,0,1450,1428,76482,23,0,0,23,35
2020-10-15,US,Tennessee,Bedford,1548,19,0,35.51123746,-86.45549096,47003.0,3113.8736346629653,1.227390180878553,1529,1536,19,0,1517,1523,49038,12,0,0,12,13
2020-10-15,US,Tennessee,Benton,370,9,0,36.07110411,-88.06849355,47005.0,2289.6039603960394,2.4324324324324325,361,368,9,0,359,366,16184,2,0,0,2,2
2020-10-15,US,Tennessee,Bledsoe,906,4,0,35.59942968,-85.20611967,47007.0,6014.338821030271,0.44150110375275936,902,901,4,0,897,898,14755,5,0,0,5,3
2020-10-15,US,Tennessee,Blount,2974,31,0,35.68938198,-83.92847788,47009.0,2234.6116855013224,1.0423671822461331,2943,2947,31,0,2916,2911,131349,27,0,0,27,36
2020-10-15,US,Tennessee,Bradley,3306,21,0,35.15739424,-84.857186,47011.0,3057.996485061511,0.6352087114337568,3285,3279,20,0,3259,3266,106727,27,1,0,26,13
2020-10-15,US,Tennessee,Campbell,786,6,0,36.40355516,-84.15108559999999,47013.0,1972.792530495457,0.7633587786259542,780,747,5,0,742,721,39583,39,1,0,38,26
2020-10-15,US,Tennessee,Cannon,366,2,0,35.80990797,-86.05738983,47015.0,2493.527728573375,0.5464480874316939,364,361,2,0,359,361,14462,5,0,0,5,0
2020-10-15,US,Tennessee,Carroll,1072,24,0,35.97366108,-88.45189331,47017.0,3860.697950804912,2.238805970149253,1048,1063,24,0,1039,1058,28020,9,0,0,9,5
2020-10-15,US,Tennessee,Carter,1359,32,0,36.28969086,-82.12588974,47019.0,2409.9590360163857,2.35467255334805,1327,1339,32,0,1307,1332,56351,20,0,0,20,7
2020-10-15,US,Tennessee,Cheatham,927,10,0,36.26136216,-87.08903581,47021.0,2279.489512381046,1.0787486515641855,917,912,10,0,902,908,40439,15,0,0,15,4
2020-10-15,US,Tennessee,Chester,703,13,0,35.42527478,-88.6095842,47023.0,4064.2886049603967,1.8492176386913228,690,699,13,0,686,690,17276,4,0,0,4,9
2020-10-15,US,Tennessee,Claiborne,487,6,0,36.48319149,-83.65947309,47025.0,1523.8274038611971,1.2320328542094456,481,484,5,0,479,479,31756,3,1,0,2,5
2020-10-15,US,Tennessee,Clay,351,7,0,36.55151008,-85.53930419,47027.0,4609.323703217334,1.9943019943019944,344,344,6,0,338,325,7717,7,1,0,6,19
2020-10-15,US,Tennessee,Cocke,878,12,0,35.9278914,-83.11828725,47029.0,2438.617931340962,1.366742596810934,866,870,11,0,859,865,35774,8,1,0,7,5
2020-10-15,US,Tennessee,Coffee,1668,19,0,35.49090731,-86.07311784,47031.0,2951.167728237792,1.1390887290167866,1649,1630,18,0,1612,1612,55700,38,1,0,37,18
2020-10-15,US,Tennessee,Crockett,715,19,0,35.81830662,-89.14916269,47033.0,5024.5959241040055,2.657342657342657,696,699,19,0,680,681,14328,16,0,0,16,18
2020-10-15,US,Tennessee,Cumberland,1446,24,0,35.95271721,-84.99840585,47035.0,2389.292795769993,1.6597510373443984,1422,1427,24,0,1403,1408,59673,19,0,0,19,19
2020-10-15,US,Tennessee,Davidson,28895,324,0,36.17007426,-86.78646056,47037.0,4162.680942282869,1.1213012631943242,28571,28717,323,0,28394,28629,692587,178,1,0,177,88
2020-10-15,US,Tennessee,DeKalb,653,16,0,35.97616272,-85.83689361,47041.0,3186.920448999512,2.4502297090352214,637,645,16,0,629,637,20138,8,0,0,8,8
2020-10-15,US,Tennessee,Decatur,607,11,0,35.60048904,-88.11043779,47039.0,5204.492840607048,1.812191103789127,596,600,11,0,589,592,11706,7,0,0,7,8
2020-10-15,US,Tennessee,Dickson,1487,18,0,36.14669837,-87.35891709,47043.0,2756.3579743456653,1.21049092131809,1469,1472,17,0,1455,1462,53446,15,1,0,14,10
2020-10-15,US,Tennessee,Dyer,1874,24,0,36.05931946,-89.41542855,47045.0,5043.192766220834,1.2806830309498398,1850,1840,24,0,1816,1801,37320,34,0,0,34,39
2020-10-15,US,Tennessee,Fayette,1453,21,0,35.19615831,-89.41399032,47047.0,3532.443536819585,1.445285615966965,1432,1432,21,0,1411,1414,40507,21,0,0,21,18
2020-10-15,US,Tennessee,Fentress,812,5,0,36.38128818,-84.92870012,47049.0,4383.739135129299,0.6157635467980296,807,802,5,0,797,785,18217,10,0,0,10,17
2020-10-15,US,Tennessee,Franklin,1169,14,0,35.15634626,-86.09201039,47051.0,2769.61713419257,1.1976047904191616,1155,1154,14,0,1140,1144,41890,15,0,0,15,10
2020-10-15,US,Tennessee,Gibson,1997,36,0,35.99438059,-88.93358327,47053.0,4064.4780493761828,1.8027040560841259,1961,1982,33,0,1949,1960,49045,15,3,0,12,22
2020-10-15,US,Tennessee,Giles,850,30,0,35.20222469,-87.03992678,47055.0,2884.8764594080913,3.5294117647058822,820,824,31,0,793,815,29503,26,-1,0,27,9
2020-10-15,US,Tennessee,Grainger,497,4,0,36.27469206,-83.51254721,47057.0,2131.2178387650088,0.8048289738430584,493,491,4,0,487,486,23145,6,0,0,6,5
2020-10-15,US,Tennessee,Greene,1435,48,0,36.17470125,-82.84691273,47059.0,2077.6325124151213,3.3449477351916377,1387,1383,48,0,1335,1374,69087,52,0,0,52,9
2020-10-15,US,Tennessee,Grundy,483,8,0,35.38433717,-85.72142731,47061.0,3597.229463022269,1.6563146997929608,475,467,8,0,459,462,13346,16,0,0,16,5
2020-10-15,US,Tennessee,Hamblen,2271,43,0,36.21990035,-83.26586179,47063.0,3497.39735731666,1.8934390136503745,2228,2254,41,0,2213,2229,64569,17,2,0,15,25
2020-10-15,US,Tennessee,Hamilton,10785,101,0,35.17670231,-85.16652245,47065.0,2932.2682733194847,0.936485859990728,10684,10730,100,0,10630,10666,364286,55,1,0,54,64
2020-10-15,US,Tennessee,Hancock,112,3,0,36.52692871,-83.22375847,47067.0,1691.842900302115,2.6785714285714284,109,112,3,0,109,111,6549,0,0,0,0,1
2020-10-15,US,Tennessee,Hardeman,1733,32,0,35.20772017,-88.99161161,47069.0,6918.16367265469,1.8465089440276976,1701,1727,32,0,1695,1708,25220,6,0,0,6,19
2020-10-15,US,Tennessee,Hardin,1245,19,0,35.19732531,-88.18593755,47071.0,4853.42273506939,1.5261044176706828,1226,1240,19,0,1221,1219,25776,5,0,0,5,21
2020-10-15,US,Tennessee,Hawkins,1039,23,0,36.44355426,-82.94885298,47073.0,1829.6763286725602,2.213666987487969,1016,1016,23,0,993,995,56530,23,0,0,23,21
2020-10-15,US,Tennessee,Haywood,1169,25,0,35.58332824,-89.28536625,47075.0,6755.663430420712,2.1385799828913603,1144,1159,25,0,1134,1150,17335,10,0,0,10,9
2020-10-15,US,Tennessee,Henderson,1335,24,0,35.65581134,-88.38600175,47077.0,4748.017213785254,1.7977528089887642,1311,1327,24,0,1303,1316,27847,8,0,0,8,11
2020-10-15,US,Tennessee,Henry,708,10,0,36.33160906,-88.30121797,47079.0,2188.9009120420465,1.4124293785310735,698,697,10,0,687,696,32358,11,0,0,11,1
2020-10-15,US,Tennessee,Hickman,711,13,0,35.80609681,-87.47643507,47081.0,2823.8938756056873,1.8284106891701828,698,710,13,0,697,702,25063,1,0,0,1,8
2020-10-15,US,Tennessee,Houston,373,14,0,36.28872054,-87.71878828,47083.0,4548.225826118766,3.7533512064343166,359,370,14,0,356,361,8263,3,0,0,3,9
2020-10-15,US,Tennessee,Humphreys,377,4,0,36.03958805,-87.77992872,47085.0,2028.8451189323,1.0610079575596818,373,367,4,0,363,358,18486,10,0,0,10,9
2020-10-15,US,Tennessee,Jackson,403,5,0,36.36380466,-85.67239905,47087.0,3419.3110470049214,1.2406947890818858,398,399,5,0,394,395,11758,4,0,0,4,4
2020-10-15,US,Tennessee,Jefferson,1393,18,0,36.04818632,-83.45148924,47089.0,2556.1978163134227,1.2921751615218953,1375,1380,17,0,1363,1368,54012,13,1,0,12,12
2020-10-15,US,Tennessee,Johnson,1060,6,0,36.45523950000001,-81.84886538,47091.0,5959.073532718687,0.5660377358490566,1054,1050,6,0,1044,1049,17778,10,0,0,10,1
2020-10-15,US,Tennessee,Knox,11389,84,0,35.99508821,-83.94635435,47093.0,2421.578820912881,0.7375537799631223,11305,11257,83,0,11174,11106,465289,132,1,0,131,151
2020-10-15,US,Tennessee,Lake,954,3,0,36.34180170000001,-89.48921915,47095.0,13597.491448118586,0.31446540880503143,951,952,3,0,949,951,7411,2,0,0,2,1
2020-10-15,US,Tennessee,Lauderdale,1232,17,0,35.75893438,-89.63015909999999,47097.0,4806.304373268833,1.37987012987013,1215,1206,16,0,1190,1195,25825,26,1,0,25,11
2020-10-15,US,Tennessee,Lawrence,1368,17,0,35.21675201,-87.39787695,47099.0,3099.0893027049074,1.2426900584795322,1351,1332,17,0,1315,1307,43734,36,0,0,36,25
2020-10-15,US,Tennessee,Lewis,300,2,0,35.52853208,-87.49022694,47101.0,2445.386371046625,0.6666666666666666,298,294,2,0,292,291,12086,6,0,0,6,3
2020-10-15,US,Tennessee,Lincoln,763,2,0,35.13738622,-86.58910106,47103.0,2220.2176569865564,0.2621231979030144,761,745,2,0,743,735,34117,18,0,0,18,10
2020-10-15,US,Tennessee,Loudon,1498,10,0,35.73939663,-84.31145275,47105.0,2770.5851890212325,0.6675567423230975,1488,1483,9,0,1474,1459,53054,15,1,0,14,24
2020-10-15,US,Tennessee,Macon,1231,23,0,36.53157855,-86.00778595,47111.0,5003.658239167547,1.8683996750609262,1208,1214,23,0,1191,1199,24265,17,0,0,17,15
2020-10-15,US,Tennessee,Madison,3468,78,0,35.61181957,-88.84076036,47113.0,3539.353363814501,2.2491349480968856,3390,3432,76,0,3356,3415,97605,36,2,0,34,17
2020-10-15,US,Tennessee,Marion,652,9,0,35.12997174,-85.62265895,47115.0,2255.5090462517733,1.3803680981595092,643,640,9,0,631,633,28575,12,0,0,12,7
2020-10-15,US,Tennessee,Marshall,987,8,0,35.45798777,-86.76420988,47117.0,2871.2727272727275,0.8105369807497467,979,968,6,0,962,956,33683,19,2,0,17,12
2020-10-15,US,Tennessee,Maury,2874,34,0,35.618741299999996,-87.07462444,47119.0,2981.7299013352417,1.1830201809324985,2840,2858,34,0,2824,2805,94340,16,0,0,16,53
2020-10-15,US,Tennessee,McMinn,1406,32,0,35.42812616,-84.61520715,47107.0,2613.674387478157,2.275960170697013,1374,1370,31,0,1339,1357,53285,36,1,0,35,13
2020-10-15,US,Tennessee,McNairy,1058,25,0,35.17468549,-88.5647812,47109.0,4117.692846578968,2.3629489603024574,1033,1048,24,0,1024,1042,25832,10,1,0,9,6
2020-10-15,US,Tennessee,Meigs,269,4,0,35.51558739,-84.81482914,47121.0,2165.5127998711964,1.4869888475836432,265,265,4,0,261,262,12306,4,0,0,4,3
2020-10-15,US,Tennessee,Monroe,1263,21,0,35.44550387,-84.24902965,47123.0,2713.503061553336,1.66270783847981,1242,1239,21,0,1218,1209,46357,24,0,0,24,30
2020-10-15,US,Tennessee,Montgomery,3678,51,0,36.49609412,-87.38550661,47125.0,1759.8675553726682,1.3866231647634584,3627,3623,50,0,3573,3592,205950,55,1,0,54,31
2020-10-15,US,Tennessee,Moore,228,1,0,35.27724699,-86.36230578,47127.0,3514.1800246609123,0.43859649122807015,227,227,1,0,226,222,6411,1,0,0,1,5
2020-10-15,US,Tennessee,Morgan,391,6,0,36.13248031,-84.64880098,47129.0,1826.8467037331216,1.5345268542199488,385,380,6,0,374,376,21579,11,0,0,11,4
2020-10-15,US,Tennessee,Obion,1580,18,0,36.35732446,-89.14921589,47131.0,5254.581130067511,1.139240506329114,1562,1555,18,0,1537,1520,30267,25,0,0,25,35
2020-10-15,US,Tennessee,Out of TN,3472,33,0,0.0,0.0,80047.0,0.0,0.9504608294930876,3439,3398,31,0,3367,3406,,74,2,0,72,-8
2020-10-15,US,Tennessee,Overton,1055,11,0,36.34117832,-85.28989535,47133.0,4743.4917494716965,1.042654028436019,1044,1032,8,0,1024,1014,22068,23,3,0,20,18
2020-10-15,US,Tennessee,Perry,176,1,0,35.63708728,-87.86139634,47135.0,2179.296681525508,0.5681818181818182,175,175,1,0,174,170,8064,1,0,0,1,5
2020-10-15,US,Tennessee,Pickett,220,3,0,36.55606529,-85.07763299999998,47137.0,4358.161648177495,1.3636363636363635,217,218,3,0,215,212,5082,2,0,0,2,6
2020-10-15,US,Tennessee,Polk,451,13,0,35.12245443,-84.52075859,47139.0,2679.4201520912547,2.882483370288248,438,448,13,0,435,449,16898,3,0,0,3,-1
2020-10-15,US,Tennessee,Putnam,3948,51,0,36.14005459,-85.50646123,47141.0,4919.932706087607,1.2917933130699089,3897,3899,51,0,3848,3833,78843,49,0,0,49,66
2020-10-15,US,Tennessee,Rhea,998,16,0,35.60536161,-84.93076643,47143.0,3009.014984774022,1.6032064128256514,982,988,16,0,972,981,33044,10,0,0,10,7
2020-10-15,US,Tennessee,Roane,1123,6,0,35.84923189,-84.52458689,47145.0,2103.705368850924,0.5342831700801425,1117,1111,6,0,1105,1084,53140,12,0,0,12,27
2020-10-15,US,Tennessee,Robertson,2419,39,0,36.52454807,-86.87346725,47147.0,3368.4708896717866,1.6122364613476643,2380,2401,39,0,2362,2396,71012,18,0,0,18,5
2020-10-15,US,Tennessee,Rutherford,10637,105,0,35.84591405,-86.4107263,47149.0,3201.1676723294763,0.9871204286923004,10532,10570,104,0,10466,10510,324890,67,1,0,66,60
2020-10-15,US,Tennessee,Scott,299,3,0,36.42325673,-84.50360494,47151.0,1354.9030270074315,1.0033444816053512,296,294,3,0,291,283,22039,5,0,0,5,11
2020-10-15,US,Tennessee,Sequatchie,301,4,0,35.36979721,-85.41022136,47153.0,2003.1944629309198,1.32890365448505,297,289,3,0,286,284,14876,12,1,0,11,5
2020-10-15,US,Tennessee,Sevier,3044,20,0,35.78077323,-83.52244332,47155.0,3098.218829516539,0.657030223390276,3024,3006,19,0,2987,2973,97892,38,1,0,37,33
2020-10-15,US,Tennessee,Shelby,33443,547,0,35.1864775,-89.89692423,47157.0,3568.5246797258974,1.6356188141016057,32896,33288,545,0,32743,33167,935764,155,2,0,153,121
2020-10-15,US,Tennessee,Smith,907,12,0,36.25359775,-85.95411046,47159.0,4499.6775313786775,1.323042998897464,895,896,12,0,884,885,19942,11,0,0,11,11
2020-10-15,US,Tennessee,Stewart,297,7,0,36.50235092,-87.83920548,47161.0,2165.512212905578,2.356902356902357,290,294,6,0,288,290,13561,3,1,0,2,4
2020-10-15,US,Tennessee,Sullivan,2914,42,0,36.51240691,-82.30412917,47163.0,1840.2505873140167,1.4413177762525735,2872,2830,40,0,2790,2782,157668,84,2,0,82,48
2020-10-15,US,Tennessee,Sumner,5428,106,0,36.46824103,-86.45917204,47165.0,2837.680295687541,1.952837140751658,5322,5360,105,0,5255,5338,187149,68,1,0,67,22
2020-10-15,US,Tennessee,Tipton,2123,22,0,35.501942,-89.73694895,47167.0,3446.4845208526112,1.0362694300518134,2101,2113,22,0,2091,2084,61581,10,0,0,10,29
2020-10-15,US,Tennessee,Trousdale,1717,7,0,36.39026213,-86.16087954,47169.0,15216.235377525703,0.40768782760628997,1710,1717,7,0,1710,1714,11012,0,0,0,0,3
2020-10-15,US,Tennessee,Unassigned,3437,3,0,0.0,0.0,90047.0,0.0,0.08728542333430317,3434,3387,6,0,3381,3460,,50,-3,0,53,-73
2020-10-15,US,Tennessee,Unicoi,330,1,0,36.10890856,-82.43709629,47171.0,1845.3279651065257,0.30303030303030304,329,309,1,0,308,307,17761,21,0,0,21,2
2020-10-15,US,Tennessee,Union,474,2,0,36.28590426,-83.83651902,47173.0,2373.3226517123967,0.4219409282700422,472,470,2,0,468,461,19688,4,0,0,4,9
2020-10-15,US,Tennessee,Van Buren,186,1,0,35.69864497,-85.45221699,47175.0,3167.574931880109,0.5376344086021505,185,185,1,0,184,181,5765,1,0,0,1,4
2020-10-15,US,Tennessee,Warren,1282,9,0,35.672829899999996,-85.77969117,47177.0,3105.84587058168,0.7020280811232449,1273,1252,9,0,1243,1230,40878,30,0,0,30,22
2020-10-15,US,Tennessee,Washington,2855,42,0,36.29472368,-82.49454720000001,47179.0,2206.763285024155,1.4711033274956218,2813,2801,42,0,2759,2783,128607,54,0,0,54,18
2020-10-15,US,Tennessee,Wayne,1546,7,0,35.23868267,-87.78644456,47181.0,9272.4764589456,0.4527813712807244,1539,1546,7,0,1539,1543,16558,0,0,0,0,3
2020-10-15,US,Tennessee,Weakley,1400,23,0,36.29896232,-88.71990865,47183.0,4200.672107537206,1.6428571428571428,1377,1394,23,0,1371,1380,33415,6,0,0,6,14
2020-10-15,US,Tennessee,White,1032,14,0,35.92929884,-85.45591799,47185.0,3773.9989029072963,1.3565891472868217,1018,1014,13,0,1001,1000,27107,18,1,0,17,14
2020-10-15,US,Tennessee,Williamson,6274,47,0,35.89099229,-86.89281867,47187.0,2631.578947368421,0.7491233662735097,6227,6194,47,0,6147,6163,231729,80,0,0,80,31
2020-10-15,US,Tennessee,Wilson,4176,52,0,36.15496772,-86.29775884,47189.0,2886.8288434019787,1.2452107279693487,4124,4155,52,0,4103,4118,140625,21,0,0,21,37
2020-10-15,US,Texas,Anderson,2903,38,0,31.81534745,-95.65354823,48001.0,5028.145838745994,1.3089906992766105,2865,2885,38,0,2847,2892,58057,18,0,0,18,-7
2020-10-15,US,Texas,Andrews,518,10,0,32.30468633,-102.63765479999999,48003.0,2769.3130179096497,1.9305019305019304,508,518,10,0,508,518,18128,0,0,0,0,0
2020-10-15,US,Texas,Angelina,2221,86,0,31.25457347,-94.60901487,48005.0,2561.263910511445,3.8721296713192257,2135,2221,86,0,2135,2221,87092,0,0,0,0,0
2020-10-15,US,Texas,Aransas,340,18,0,28.10556197,-96.9995047,48007.0,1446.193109315185,5.294117647058823,322,340,18,0,322,340,23792,0,0,0,0,0
2020-10-15,US,Texas,Archer,105,1,0,33.61569967,-98.68754589,48009.0,1227.6394247632409,0.9523809523809524,104,103,1,0,102,101,8786,2,0,0,2,2
2020-10-15,US,Texas,Armstrong,18,1,0,34.96507426,-101.35748740000001,48011.0,953.8950715421304,5.5555555555555545,17,18,1,0,17,17,1892,0,0,0,0,1
2020-10-15,US,Texas,Atascosa,1254,34,0,28.89333001,-98.52730485,48013.0,2451.469122045628,2.7113237639553427,1220,1254,34,0,1220,1251,50310,0,0,0,0,3
2020-10-15,US,Texas,Austin,506,9,0,29.88548725,-96.27736949,48015.0,1684.8694725626,1.7786561264822134,497,504,9,0,495,503,29989,2,0,0,2,1
2020-10-15,US,Texas,Bailey,251,5,0,34.06854817,-102.8299707,48017.0,3585.714285714286,1.99203187250996,246,246,5,0,241,243,7027,5,0,0,5,3
2020-10-15,US,Texas,Bandera,178,8,0,29.74619598,-99.24598147,48019.0,770.1626860505365,4.49438202247191,170,178,8,0,170,179,22824,0,0,0,0,-1
2020-10-15,US,Texas,Bastrop,1930,31,0,30.10370699,-97.31206354,48021.0,2175.3096716747627,1.6062176165803108,1899,1919,31,0,1888,1906,86976,11,0,0,11,13
2020-10-15,US,Texas,Baylor,39,2,0,33.61640794,-99.21352901,48023.0,1111.4277571957823,5.128205128205129,37,36,2,0,34,36,3582,3,0,0,3,0
2020-10-15,US,Texas,Bee,1831,37,0,28.41761668,-97.74215593,48025.0,5622.6009519422705,2.020753686510104,1794,1831,37,0,1794,1830,32587,0,0,0,0,1
2020-10-15,US,Texas,Bell,5959,94,0,31.03736027,-97.4785025,48027.0,1641.9415635229416,1.5774458801812383,5865,5931,94,0,5837,5801,355642,28,0,0,28,130
2020-10-15,US,Texas,Bexar,60258,1370,0,29.44928723,-98.52019748,48029.0,3007.5555737454547,2.273557038069634,58888,60034,1366,0,58668,59902,1986049,224,4,0,220,132
2020-10-15,US,Texas,Blanco,153,6,0,30.26640707,-98.3999852,48031.0,1282.3736484787528,3.92156862745098,147,152,5,0,147,151,11702,1,1,0,0,1
2020-10-15,US,Texas,Borden,1,0,0,32.74363984,-101.43165090000001,48033.0,152.9051987767584,0.0,1,1,0,0,1,1,648,0,0,0,0,0
2020-10-15,US,Texas,Bosque,380,9,0,31.89978581,-97.63613524,48035.0,2033.7168852020334,2.3684210526315788,371,379,9,0,370,377,18691,1,0,0,1,2
2020-10-15,US,Texas,Bowie,1625,67,0,33.44626922,-94.41834132,48037.0,1742.7207893184616,4.1230769230769235,1558,1612,67,0,1545,1579,94324,13,0,0,13,33
2020-10-15,US,Texas,Brazoria,11895,177,0,29.18757369,-95.44563172,48039.0,3178.237821430861,1.4880201765447667,11718,11847,175,0,11672,11960,370200,48,2,0,46,-113
2020-10-15,US,Texas,Brazos,7138,65,0,30.663644800000004,-96.30205577,48041.0,3114.161187726593,0.9106192210703278,7073,7081,65,0,7016,7054,226758,57,0,0,57,27
2020-10-15,US,Texas,Brewster,245,5,0,29.81008251,-103.25203259999999,48043.0,2662.175377594263,2.0408163265306123,240,245,5,0,240,233,9267,0,0,0,0,12
2020-10-15,US,Texas,Briscoe,16,1,0,34.53026962,-101.2084947,48045.0,1034.9288486416558,6.25,15,16,1,0,15,16,1516,0,0,0,0,0
2020-10-15,US,Texas,Brooks,345,23,0,27.03103197,-98.21808402,48047.0,4863.950373607782,6.666666666666668,322,345,23,0,322,343,7114,0,0,0,0,2
2020-10-15,US,Texas,Brown,625,26,0,31.77430356,-98.99907113,48049.0,1650.6444115782801,4.16,599,611,26,0,585,609,37924,14,0,0,14,2
2020-10-15,US,Texas,Burleson,403,6,0,30.49273808,-96.62158484,48051.0,2185.11088217752,1.488833746898263,397,397,6,0,391,392,18389,6,0,0,6,5
2020-10-15,US,Texas,Burnet,846,12,0,30.78801353,-98.181887,48053.0,1756.826913093137,1.4184397163120568,834,842,12,0,830,811,47542,4,0,0,4,31
2020-10-15,US,Texas,Caldwell,1674,37,0,29.83668859,-97.61814775,48055.0,3833.821912788567,2.2102747909199523,1637,1666,37,0,1629,1661,43247,8,0,0,8,5
2020-10-15,US,Texas,Calhoun,875,9,0,28.47048236,-96.61633945,48057.0,4109.9107562235795,1.0285714285714285,866,875,9,0,866,873,21561,0,0,0,0,2
2020-10-15,US,Texas,Callahan,106,4,0,32.29760619,-99.37326312,48059.0,760.2381123144231,3.7735849056603774,102,104,4,0,100,103,13994,2,0,0,2,1
2020-10-15,US,Texas,Cameron,23612,1058,0,26.14524221,-97.48140372,48061.0,5579.882929273116,4.480772488565137,22554,23559,1052,0,22507,23492,423908,53,6,0,47,67
2020-10-15,US,Texas,Camp,379,12,0,32.97195142,-94.97790104,48063.0,2894.4554757904384,3.16622691292876,367,376,12,0,364,376,13033,3,0,0,3,0
2020-10-15,US,Texas,Carson,47,0,0,35.40365929,-101.35426690000001,48065.0,793.1150860614242,0.0,47,44,0,0,44,40,6005,3,0,0,3,4
2020-10-15,US,Texas,Cass,445,20,0,33.07499881,-94.34646905,48067.0,1482.048890961167,4.49438202247191,425,434,20,0,414,427,30119,11,0,0,11,7
2020-10-15,US,Texas,Castro,277,6,0,34.53016752,-102.2617243,48069.0,3678.618857901727,2.166064981949458,271,276,6,0,270,276,7665,1,0,0,1,0
2020-10-15,US,Texas,Chambers,1481,8,0,29.70972016,-94.67154501,48071.0,3378.4246184729795,0.5401755570560433,1473,1472,8,0,1464,1447,42454,9,0,0,9,25
2020-10-15,US,Texas,Cherokee,1601,31,0,31.837258000000002,-95.16559897,48073.0,3041.066747711127,1.9362898188632105,1570,1595,31,0,1564,1591,52592,6,0,0,6,4
2020-10-15,US,Texas,Childress,89,0,0,34.529304100000004,-100.2077916,48075.0,1218.1768409526414,0.0,89,87,0,0,87,85,7291,2,0,0,2,2
2020-10-15,US,Texas,Clay,90,2,0,33.78686685,-98.20771198,48077.0,859.5167605768312,2.2222222222222223,88,89,2,0,87,87,10456,1,0,0,1,2
2020-10-15,US,Texas,Cochran,78,1,0,33.60425307,-102.82844990000001,48079.0,2733.9642481598316,1.2820512820512822,77,77,1,0,76,75,2836,1,0,0,1,2
2020-10-15,US,Texas,Coke,79,4,0,31.88911733,-100.5297533,48081.0,2332.4475937407738,5.063291139240507,75,80,4,0,76,59,3370,-1,0,0,-1,21
2020-10-15,US,Texas,Coleman,82,4,0,31.76736834,-99.45240766,48083.0,1003.0581039755352,4.878048780487805,78,82,4,0,78,82,8397,0,0,0,0,0
2020-10-15,US,Texas,Collin,16588,168,0,33.18820114,-96.57264368,48085.0,1603.123520145352,1.0127803231251506,16420,16488,167,0,16321,16384,1005146,100,1,0,99,104
2020-10-15,US,Texas,Collingsworth,19,0,0,34.96489496,-100.27001109999999,48087.0,650.6849315068494,0.0,19,19,0,0,19,19,2962,0,0,0,0,0
2020-10-15,US,Texas,Colorado,494,4,0,29.622097999999998,-96.5273805,48089.0,2298.422742288187,0.8097165991902834,490,494,4,0,490,494,21217,0,0,0,0,0
2020-10-15,US,Texas,Comal,2801,105,0,29.80811278,-98.27647225,48091.0,1793.1105121984008,3.7486611924312743,2696,2793,103,0,2690,2777,148373,8,2,0,6,16
2020-10-15,US,Texas,Comanche,336,5,0,31.94854689,-98.55876441,48093.0,2464.2464246424647,1.488095238095238,331,335,5,0,330,334,13534,1,0,0,1,1
2020-10-15,US,Texas,Concho,139,2,0,31.32635934,-99.86473038,48095.0,5099.046221570066,1.4388489208633093,137,138,2,0,136,138,4276,1,0,0,1,0
2020-10-15,US,Texas,Cooke,501,7,0,33.63979567,-97.21240912,48097.0,1214.339384831665,1.3972055888223551,494,493,7,0,486,490,40574,8,0,0,8,3
2020-10-15,US,Texas,Coryell,1925,13,0,31.39078397,-97.79936155,48099.0,2534.528840963253,0.6753246753246753,1912,1914,13,0,1901,1912,74808,11,0,0,11,2
2020-10-15,US,Texas,Cottle,33,3,0,34.07783319,-100.27850620000001,48101.0,2360.5150214592277,9.090909090909092,30,33,3,0,30,33,1389,0,0,0,0,0
2020-10-15,US,Texas,Crane,73,2,0,31.43052248,-102.5143314,48103.0,1521.7844486137174,2.7397260273972597,71,73,2,0,71,73,4794,0,0,0,0,0
2020-10-15,US,Texas,Crockett,166,7,0,30.72367027,-101.4134238,48105.0,4792.147806004619,4.216867469879518,159,166,7,0,159,166,3499,0,0,0,0,0
2020-10-15,US,Texas,Crosby,102,5,0,33.61431553,-101.30003640000001,48107.0,1777.9327174481436,4.901960784313727,97,95,5,0,90,94,5779,7,0,0,7,1
2020-10-15,US,Texas,Culberson,77,2,0,31.44506775,-104.5185739,48109.0,3546.7526485490557,2.5974025974025974,75,77,2,0,75,75,2204,0,0,0,0,2
2020-10-15,US,Texas,Dallam,317,10,0,36.27787176,-102.60207249999999,48111.0,4350.212707561411,3.154574132492113,307,307,10,0,297,301,7200,10,0,0,10,6
2020-10-15,US,Texas,Dallas,88372,1184,0,32.76670599,-96.77796049999999,48113.0,3353.119465030757,1.3397908839904042,87188,87835,1180,0,86655,86775,2637772,537,4,0,533,1060
2020-10-15,US,Texas,Dawson,672,13,0,32.74255572,-101.94772420000001,48115.0,5279.698302954117,1.934523809523809,659,666,11,0,655,642,12619,6,2,0,4,24
2020-10-15,US,Texas,DeWitt,1057,42,0,29.08101855,-97.35681170000001,48123.0,5243.055555555556,3.9735099337748334,1015,1053,42,0,1011,1052,20187,4,0,0,4,1
2020-10-15,US,Texas,Deaf Smith,964,25,0,34.96522957,-102.6054267,48117.0,5197.8863366763735,2.5933609958506225,939,960,23,0,937,943,18760,4,2,0,2,17
2020-10-15,US,Texas,Delta,32,0,0,33.38570922,-95.66921122,48119.0,600.2626148940161,0.0,32,32,0,0,32,31,5349,0,0,0,0,1
2020-10-15,US,Texas,Denton,13306,162,0,33.20521901,-97.11691153,48121.0,1499.7627385717199,1.217495866526379,13144,13192,162,0,13030,13047,859064,114,0,0,114,145
2020-10-15,US,Texas,Dickens,51,2,0,33.61616822,-100.7788855,48125.0,2306.648575305292,3.92156862745098,49,51,2,0,49,51,2249,0,0,0,0,0
2020-10-15,US,Texas,Dimmit,278,7,0,28.42270064,-99.75645095,48127.0,2745.950217305413,2.5179856115107917,271,277,7,0,270,274,10308,1,0,0,1,3
2020-10-15,US,Texas,Donley,81,1,0,34.96517499,-100.8140093,48129.0,2471.018913971934,1.2345679012345678,80,78,1,0,77,77,3319,3,0,0,3,1
2020-10-15,US,Texas,Duval,469,20,0,27.68184592,-98.50864568,48131.0,4203.638971049565,4.264392324093817,449,466,20,0,446,465,11212,3,0,0,3,1
2020-10-15,US,Texas,Eastland,217,6,0,32.32743996,-98.83243566,48133.0,1181.917211328976,2.7649769585253456,211,215,4,0,211,213,18322,2,2,0,0,2
2020-10-15,US,Texas,Ector,5556,106,0,31.86898877,-102.54294279999999,48135.0,3342.4977289544768,1.9078473722102232,5450,5480,106,0,5374,5409,162124,76,0,0,76,71
2020-10-15,US,Texas,Edwards,68,2,0,29.98202582,-100.304252,48137.0,3519.6687370600416,2.9411764705882355,66,68,2,0,66,67,1928,0,0,0,0,1
2020-10-15,US,Texas,El Paso,29887,564,0,31.76980765,-106.23632749999999,48141.0,3561.206713709341,1.887108107203801,29323,29887,560,0,29327,29384,840758,0,4,0,-4,503
2020-10-15,US,Texas,Ellis,4684,73,0,32.34894117,-96.79371841,48139.0,2534.275480722409,1.5584970111016223,4611,4638,73,0,4565,4605,179436,46,0,0,46,33
2020-10-15,US,Texas,Erath,948,13,0,32.23602653,-98.21773417,48143.0,2220.244507939482,1.3713080168776368,935,936,13,0,923,933,42446,12,0,0,12,3
2020-10-15,US,Texas,Falls,623,5,0,31.25350609,-96.93630086,48145.0,3601.7806556050177,0.8025682182985554,618,620,5,0,615,610,17335,3,0,0,3,10
2020-10-15,US,Texas,Fannin,728,16,0,33.59564294,-96.10751083,48147.0,2049.89581573464,2.1978021978021984,712,721,16,0,705,716,35286,7,0,0,7,5
2020-10-15,US,Texas,Fayette,649,21,0,29.87788372,-96.92076062,48149.0,2560.5618243509825,3.2357473035439135,628,649,21,0,628,636,25349,0,0,0,0,13
2020-10-15,US,Texas,Fisher,85,3,0,32.74281316,-100.40193020000001,48151.0,2219.3211488250654,3.5294117647058822,82,84,3,0,81,75,3839,1,0,0,1,9
2020-10-15,US,Texas,Floyd,119,9,0,34.07227468,-101.3031546,48153.0,2083.333333333333,7.563025210084032,110,117,9,0,108,117,5837,2,0,0,2,0
2020-10-15,US,Texas,Foard,19,0,0,33.97308618,-99.7767797,48155.0,1645.0216450216449,0.0,19,19,0,0,19,19,1200,0,0,0,0,0
2020-10-15,US,Texas,Fort Bend,17038,303,0,29.52704478,-95.77219463,48157.0,2099.082406047644,1.7783777438666508,16735,17019,303,0,16716,16966,787858,19,0,0,19,53
2020-10-15,US,Texas,Franklin,168,6,0,33.17653242,-95.21917243,48159.0,1566.4335664335665,3.571428571428572,162,166,6,0,160,166,10766,2,0,0,2,0
2020-10-15,US,Texas,Freestone,434,4,0,31.70422788,-96.15072516,48161.0,2201.1462189988333,0.9216589861751152,430,431,4,0,427,430,19808,3,0,0,3,1
2020-10-15,US,Texas,Frio,1002,9,0,28.86751206,-99.10804207,48163.0,4934.502117600709,0.8982035928143712,993,1001,9,0,992,1002,19816,1,0,0,1,-1
2020-10-15,US,Texas,Gaines,447,10,0,32.74055318,-102.6353295,48165.0,2079.8436627582355,2.237136465324385,437,432,10,0,422,419,20901,15,0,0,15,13
2020-10-15,US,Texas,Galveston,12005,166,0,29.40167322,-94.90469073,48167.0,3508.8078237207683,1.3827571845064557,11839,11979,166,0,11813,11954,337890,26,0,0,26,25
2020-10-15,US,Texas,Garza,114,4,0,33.17969345,-101.2984114,48169.0,1830.149301653556,3.5087719298245608,110,112,4,0,108,112,6578,2,0,0,2,0
2020-10-15,US,Texas,Gillespie,342,10,0,30.31824095,-98.94676915,48171.0,1267.229879946643,2.9239766081871346,332,340,10,0,330,337,26804,2,0,0,2,3
2020-10-15,US,Texas,Glasscock,11,0,0,31.86942909,-101.5207776,48173.0,780.69552874379,0.0,11,11,0,0,11,10,1388,0,0,0,0,1
2020-10-15,US,Texas,Goliad,157,6,0,28.65696592,-97.42760647,48175.0,2050.1436406372422,3.8216560509554136,151,157,6,0,151,157,7584,0,0,0,0,0
2020-10-15,US,Texas,Gonzales,1091,18,0,29.45634206,-97.49424032,48177.0,5235.878485386573,1.6498625114573786,1073,1089,18,0,1071,1088,20826,2,0,0,2,1
2020-10-15,US,Texas,Gray,383,9,0,35.40081878,-100.8129222,48179.0,1749.9771543452434,2.3498694516971277,374,374,7,0,367,370,21895,9,2,0,7,4
2020-10-15,US,Texas,Grayson,2234,58,0,33.62744998,-96.67753461,48181.0,1640.090447244002,2.5962399283795876,2176,2191,57,0,2134,2125,133991,43,1,0,42,66
2020-10-15,US,Texas,Gregg,2405,80,0,32.47940482,-94.81591935,48183.0,1940.3767800233973,3.3264033264033266,2325,2387,78,0,2309,2371,123707,18,2,0,16,16
2020-10-15,US,Texas,Grimes,1140,34,0,30.54579585,-95.98902499,48185.0,3947.3684210526317,2.982456140350877,1106,1133,34,0,1099,1121,28360,7,0,0,7,12
2020-10-15,US,Texas,Guadalupe,3775,79,0,29.58165339,-97.94786822,48187.0,2262.551918823833,2.0927152317880795,3696,3774,79,0,3695,3803,163694,1,0,0,1,-29
2020-10-15,US,Texas,Hale,2188,59,0,34.07044901,-101.82681140000001,48189.0,6549.7216068969665,2.696526508226691,2129,2098,59,0,2039,2075,33830,90,0,0,90,23
2020-10-15,US,Texas,Hall,36,1,0,34.5307555,-100.68138520000001,48191.0,1214.5748987854256,2.7777777777777777,35,36,1,0,35,36,3028,0,0,0,0,0
2020-10-15,US,Texas,Hamilton,176,4,0,31.70470573,-98.11083887,48193.0,2080.132372060041,2.272727272727273,172,176,4,0,172,172,8484,0,0,0,0,4
2020-10-15,US,Texas,Hansford,184,6,0,36.27743284,-101.3545796,48195.0,3408.0385256529,3.260869565217391,178,184,6,0,178,183,5463,0,0,0,0,1
2020-10-15,US,Texas,Hardeman,54,1,0,34.28944521,-99.74632408,48197.0,1372.9977116704806,1.851851851851852,53,49,1,0,48,48,3922,5,0,0,5,1
2020-10-15,US,Texas,Hardin,1388,33,0,30.33364686,-94.38931817,48199.0,2409.6385542168673,2.377521613832853,1355,1381,33,0,1348,1376,57207,7,0,0,7,5
2020-10-15,US,Texas,Harris,152977,2708,0,29.85864939,-95.39339521,48201.0,3245.6280863297143,1.7702007491322225,150269,152623,2698,0,149925,151880,4698619,354,10,0,344,743
2020-10-15,US,Texas,Harrison,982,36,0,32.54935988,-94.36934071,48203.0,1475.5157543611856,3.665987780040733,946,979,36,0,943,959,66726,3,0,0,3,20
2020-10-15,US,Texas,Hartley,160,0,0,35.84008013,-102.6029022,48205.0,2869.440459110473,0.0,160,158,0,0,158,155,5619,2,0,0,2,3
2020-10-15,US,Texas,Haskell,75,3,0,33.17823584,-99.73037358,48207.0,1325.5567338282076,4.0,72,74,3,0,71,74,5813,1,0,0,1,0
2020-10-15,US,Texas,Hays,6134,70,0,30.05669873,-98.02944344,48209.0,2664.743625945411,1.1411803064884252,6064,6110,69,0,6041,6084,222631,24,1,0,23,26
2020-10-15,US,Texas,Hemphill,125,0,0,35.83764858,-100.2703577,48211.0,3273.108143493061,0.0,125,114,0,0,114,99,3825,11,0,0,11,15
2020-10-15,US,Texas,Henderson,1127,28,0,32.21128872,-95.85846587,48213.0,1362.1475277082804,2.4844720496894412,1099,1109,26,0,1083,1095,82299,18,2,0,16,14
2020-10-15,US,Texas,Hidalgo,34034,1892,0,26.39418217,-98.18299696,48215.0,3917.776649664385,5.5591467356173245,32142,33788,1884,0,31904,33614,865939,246,8,0,238,174
2020-10-15,US,Texas,Hill,742,15,0,31.99045053,-97.13423143,48217.0,2024.611858440885,2.0215633423180592,727,735,15,0,720,734,36354,7,0,0,7,1
2020-10-15,US,Texas,Hockley,451,11,0,33.60771256,-102.3431676,48219.0,1959.080839233743,2.4390243902439024,440,434,11,0,423,433,22980,17,0,0,17,1
2020-10-15,US,Texas,Hood,1070,33,0,32.42990927,-97.83242024,48221.0,1735.8013075288354,3.0841121495327104,1037,1045,33,0,1012,1045,60537,25,0,0,25,0
2020-10-15,US,Texas,Hopkins,473,21,0,33.14875072,-95.56351139,48223.0,1275.4826879516772,4.439746300211416,452,470,21,0,449,458,36810,3,0,0,3,12
2020-10-15,US,Texas,Houston,390,11,0,31.31925973,-95.42226208,48225.0,1698.0146290491116,2.8205128205128207,379,388,11,0,377,388,23169,2,0,0,2,0
2020-10-15,US,Texas,Howard,1003,19,0,32.30621324,-101.4356444,48227.0,2735.653502072878,1.89431704885344,984,998,19,0,979,992,36459,5,0,0,5,6
2020-10-15,US,Texas,Hudspeth,68,3,0,31.45628381,-105.388178,48229.0,1391.7314776913631,4.411764705882354,65,67,3,0,64,67,4795,1,0,0,1,0
2020-10-15,US,Texas,Hunt,1819,42,0,33.12351514,-96.08551032,48231.0,1844.939854352192,2.3089609675645955,1777,1816,42,0,1774,1771,96493,3,0,0,3,45
2020-10-15,US,Texas,Hutchinson,277,7,0,35.84006574,-101.3546643,48233.0,1322.9534817078995,2.527075812274368,270,271,6,0,265,268,21198,6,1,0,5,3
2020-10-15,US,Texas,Irion,13,0,0,31.30375559,-100.982439,48235.0,846.3541666666665,0.0,13,13,0,0,13,13,1522,0,0,0,0,0
2020-10-15,US,Texas,Jack,147,3,0,33.23377248,-98.17283469,48237.0,1645.2154448796866,2.0408163265306123,144,144,3,0,141,143,8843,3,0,0,3,1
2020-10-15,US,Texas,Jackson,635,16,0,28.95472367,-96.57749563,48239.0,4302.168021680217,2.5196850393700787,619,633,16,0,617,633,14874,2,0,0,2,0
2020-10-15,US,Texas,Jasper,507,33,0,30.74685667,-94.02667579,48241.0,1427.0032930845225,6.508875739644972,474,505,33,0,472,500,35872,2,0,0,2,5
2020-10-15,US,Texas,Jeff Davis,17,0,0,30.71490589,-104.1399973,48243.0,747.5813544415128,0.0,17,17,0,0,17,17,2252,0,0,0,0,0
2020-10-15,US,Texas,Jefferson,7950,144,0,29.8832777,-94.16434171,48245.0,3160.217041321329,1.8113207547169807,7806,7871,144,0,7727,7855,255001,79,0,0,79,16
2020-10-15,US,Texas,Jim Hogg,155,3,0,27.04453923,-98.69681870000001,48247.0,2980.769230769231,1.935483870967742,152,155,3,0,152,155,5248,0,0,0,0,0
2020-10-15,US,Texas,Jim Wells,1563,43,0,27.73103938,-98.0904705,48249.0,3860.975248258485,2.7511196417146517,1520,1560,41,0,1519,1559,40822,3,2,0,1,1
2020-10-15,US,Texas,Johnson,3364,59,0,32.37877812,-97.36615819,48251.0,1913.3530887229333,1.7538644470868014,3305,3337,59,0,3278,3316,171361,27,0,0,27,21
2020-10-15,US,Texas,Jones,574,1,0,32.73997145,-99.87861576,48253.0,2858.138724294179,0.17421602787456447,573,572,1,0,571,573,19817,2,0,0,2,-1
2020-10-15,US,Texas,Karnes,943,17,0,28.90705334,-97.85960149,48255.0,6044.4843279276965,1.8027571580063624,926,943,17,0,926,944,15650,0,0,0,0,-1
2020-10-15,US,Texas,Kaufman,3330,51,0,32.599141700000004,-96.28734728,48257.0,2445.7599482938435,1.5315315315315314,3279,3312,51,0,3261,3303,128622,18,0,0,18,9
2020-10-15,US,Texas,Kendall,375,10,0,29.94414155,-98.7113588,48259.0,790.6221669372353,2.6666666666666665,365,376,10,0,366,376,45641,-1,0,0,-1,0
2020-10-15,US,Texas,Kenedy,7,2,0,26.92601662,-97.66413984,48261.0,1732.6732673267327,28.57142857142857,5,7,2,0,5,7,442,0,0,0,0,0
2020-10-15,US,Texas,Kent,9,0,0,33.18104136,-100.7780939,48263.0,1181.1023622047244,0.0,9,9,0,0,9,9,726,0,0,0,0,0
2020-10-15,US,Texas,Kerr,658,13,0,30.06040006,-99.34930144,48265.0,1250.9505703422053,1.975683890577508,645,650,13,0,637,651,52405,8,0,0,8,-1
2020-10-15,US,Texas,Kimble,20,1,0,30.48678918,-99.74856473,48267.0,461.14825916532163,5.0,19,20,1,0,19,20,4362,0,0,0,0,0
2020-10-15,US,Texas,King,1,0,0,33.61643847,-100.2558057,48269.0,367.6470588235293,0.0,1,1,0,0,1,1,277,0,0,0,0,0
2020-10-15,US,Texas,Kinney,62,1,0,29.34967888,-100.41866379999999,48271.0,1690.7553858740116,1.6129032258064515,61,62,1,0,61,62,3767,0,0,0,0,0
2020-10-15,US,Texas,Kleberg,1031,49,0,27.42435506,-97.69894948,48273.0,3360.495436766623,4.752667313288071,982,1030,49,0,981,1029,31129,1,0,0,1,1
2020-10-15,US,Texas,Knox,111,8,0,33.60519951,-99.74229059999999,48275.0,3029.475982532751,7.207207207207206,103,110,8,0,102,110,3653,1,0,0,1,0
2020-10-15,US,Texas,La Salle,350,13,0,28.34453111,-99.09908775,48283.0,4654.255319148936,3.7142857142857135,337,354,13,0,341,360,7531,-4,0,0,-4,-6
2020-10-15,US,Texas,Lamar,1541,43,0,33.66981763,-95.57404777,48277.0,3090.7158186084757,2.7903958468526935,1498,1510,43,0,1467,1475,49728,31,0,0,31,35
2020-10-15,US,Texas,Lamb,427,23,0,34.06859623,-102.35162890000001,48279.0,3311.8746606685804,5.3864168618266985,404,402,23,0,379,389,13158,25,0,0,25,13
2020-10-15,US,Texas,Lampasas,292,9,0,31.19531316,-98.24206613,48281.0,1362.7030054134775,3.0821917808219177,283,292,9,0,283,286,21229,0,0,0,0,6
2020-10-15,US,Texas,Lavaca,1081,36,0,29.38508402,-96.93186692,48285.0,5363.699513744171,3.330249768732655,1045,1077,36,0,1041,1084,20110,4,0,0,4,-7
2020-10-15,US,Texas,Lee,235,14,0,30.31120597,-96.97045773,48287.0,1363.1881199605546,5.957446808510637,221,234,14,0,220,234,17144,1,0,0,1,0
2020-10-15,US,Texas,Leon,306,10,0,31.29872538,-95.9936328,48289.0,1758.216501953574,3.2679738562091503,296,297,9,0,288,286,17270,9,1,0,8,11
2020-10-15,US,Texas,Liberty,2270,53,0,30.15152688,-94.81205615,48291.0,2573.1418401931555,2.3348017621145374,2217,2273,53,0,2220,2277,86323,-3,0,0,-3,-4
2020-10-15,US,Texas,Limestone,645,16,0,31.5454767,-96.58095444,48293.0,2752.058710585826,2.48062015503876,629,639,15,0,624,623,23519,6,1,0,5,16
2020-10-15,US,Texas,Lipscomb,58,1,0,36.27783108,-100.27331509999999,48295.0,1793.9993813795236,1.7241379310344829,57,56,1,0,55,56,3355,2,0,0,2,0
2020-10-15,US,Texas,Live Oak,374,9,0,28.35101362,-98.1246786,48297.0,3063.815843368559,2.406417112299465,365,374,9,0,365,374,12166,0,0,0,0,0
2020-10-15,US,Texas,Llano,160,2,0,30.70645047,-98.68475262,48299.0,734.1133287451248,1.25,158,156,2,0,154,153,21646,4,0,0,4,3
2020-10-15,US,Texas,Lubbock,14675,149,0,33.61008596,-101.82047890000001,48303.0,4725.19794313019,1.0153321976149914,14526,14377,142,0,14235,14165,307412,298,7,0,291,212
2020-10-15,US,Texas,Lynn,133,5,0,33.17657705,-101.8162849,48305.0,2234.9185010922533,3.7593984962406015,128,121,5,0,116,119,5877,12,0,0,12,2
2020-10-15,US,Texas,Madison,736,6,0,30.96694679,-95.93003775,48313.0,5152.6183141977035,0.8152173913043478,730,739,6,0,733,737,14422,-3,0,0,-3,2
2020-10-15,US,Texas,Marion,162,14,0,32.79868409,-94.35661230000001,48315.0,1644.0024355591638,8.641975308641975,148,162,14,0,148,160,9928,0,0,0,0,2
2020-10-15,US,Texas,Martin,84,7,0,32.30600051,-101.9513518,48317.0,1455.5536302200655,8.333333333333334,77,84,7,0,77,81,5753,0,0,0,0,3
2020-10-15,US,Texas,Mason,80,2,0,30.71780434,-99.22629416,48319.0,1871.7828731867105,2.5,78,80,2,0,78,79,4280,0,0,0,0,1
2020-10-15,US,Texas,Matagorda,1082,51,0,28.81955746,-96.01230294,48321.0,2952.814998771935,4.713493530499076,1031,1081,51,0,1030,1081,36552,1,0,0,1,0
2020-10-15,US,Texas,Maverick,3838,140,0,28.7429195,-100.3157686,48323.0,6535.880930486021,3.6477331943720688,3698,3838,140,0,3698,3838,58485,0,0,0,0,0
2020-10-15,US,Texas,McCulloch,183,4,0,31.1925468,-99.34682807,48307.0,2292.084168336673,2.1857923497267757,179,181,4,0,177,179,7987,2,0,0,2,2
2020-10-15,US,Texas,McLennan,9187,124,0,31.55255453,-97.20217694,48309.0,3579.9597074307453,1.3497333188200715,9063,9125,123,0,9002,9029,254607,62,1,0,61,96
2020-10-15,US,Texas,McMullen,24,1,0,28.35251708,-98.56769164,48311.0,3230.1480484522212,4.166666666666667,23,24,1,0,23,24,749,0,0,0,0,0
2020-10-15,US,Texas,Medina,1251,48,0,29.355730100000002,-99.11030298,48325.0,2425.170595533499,3.836930455635492,1203,1246,48,0,1198,1248,50921,5,0,0,5,-2
2020-10-15,US,Texas,Menard,39,0,0,30.88990665,-99.82047940000001,48327.0,1824.1347053320856,0.0,39,38,0,0,38,37,2139,1,0,0,1,1
2020-10-15,US,Texas,Midland,4397,88,0,31.86904128,-102.03156820000001,48329.0,2486.5408975751,2.001364566750057,4309,4347,87,0,4260,4287,172578,50,1,0,49,60
2020-10-15,US,Texas,Milam,530,7,0,30.78581830000001,-96.97718698,48331.0,2135.1166257100267,1.320754716981132,523,520,7,0,513,520,25131,10,0,0,10,0
2020-10-15,US,Texas,Mills,70,0,0,31.49557106,-98.59272068,48333.0,1436.4867638005335,0.0,70,70,0,0,70,67,4921,0,0,0,0,3
2020-10-15,US,Texas,Mitchell,127,2,0,32.30623474,-100.9212058,48335.0,1486.2492685781158,1.5748031496062993,125,122,2,0,120,106,8145,5,0,0,5,16
2020-10-15,US,Texas,Montague,216,4,0,33.67521893,-97.72500958,48337.0,1089.9182561307905,1.851851851851852,212,208,4,0,204,206,19596,8,0,0,8,2
2020-10-15,US,Texas,Montgomery,12747,167,0,30.30079133,-95.50572772,48339.0,2098.6481525080217,1.3101121832588059,12580,12591,167,0,12424,12496,590925,156,0,0,156,95
2020-10-15,US,Texas,Moore,1247,22,0,35.83769242,-101.8930281,48341.0,5955.109837631328,1.7642341619887731,1225,1242,22,0,1220,1227,21485,5,0,0,5,15
2020-10-15,US,Texas,Morris,199,4,0,33.11304005,-94.73255695,48343.0,1606.3932838230546,2.010050251256281,195,198,4,0,194,198,12339,1,0,0,1,0
2020-10-15,US,Texas,Motley,12,0,0,34.07408766,-100.77972199999999,48345.0,1000.0,0.0,12,11,0,0,11,11,1234,1,0,0,1,0
2020-10-15,US,Texas,Nacogdoches,1714,65,0,31.62017125,-94.61803994,48347.0,2628.673087540641,3.7922987164527417,1649,1711,65,0,1646,1710,65711,3,0,0,3,1
2020-10-15,US,Texas,Navarro,1371,29,0,32.04620681,-96.47428766,48349.0,2735.8170534591823,2.115244347191831,1342,1359,29,0,1330,1359,49565,12,0,0,12,0
2020-10-15,US,Texas,Newton,187,13,0,30.78548982,-93.74408813,48351.0,1375.5057006252298,6.951871657754011,174,187,13,0,174,187,13746,0,0,0,0,0
2020-10-15,US,Texas,Nolan,345,5,0,32.30365282,-100.4060208,48353.0,2344.7057224412124,1.4492753623188406,340,340,5,0,335,308,14751,5,0,0,5,32
2020-10-15,US,Texas,Nueces,20887,432,0,27.736286,-97.5433285,48355.0,5765.207262609924,2.0682721309905685,20455,20846,432,0,20414,20835,362265,41,0,0,41,11
2020-10-15,US,Texas,Ochiltree,226,5,0,36.27829105,-100.8158184,48357.0,2297.681984546564,2.2123893805309733,221,211,5,0,206,203,9947,15,0,0,15,8
2020-10-15,US,Texas,Oldham,25,1,0,35.40425596,-102.6027606,48359.0,1183.7121212121212,4.0,24,24,1,0,23,23,2131,1,0,0,1,1
2020-10-15,US,Texas,Orange,2048,46,0,30.11879481,-93.89412775,48361.0,2455.7532735382997,2.24609375,2002,2043,45,0,1998,2043,83572,5,1,0,4,0
2020-10-15,US,Texas,Palo Pinto,638,17,0,32.75310985,-98.31319001,48363.0,2185.754907670698,2.664576802507837,621,630,17,0,613,628,28875,8,0,0,8,2
2020-10-15,US,Texas,Panola,439,27,0,32.163959600000005,-94.30552481,48365.0,1892.7308786755193,6.1503416856492015,412,435,27,0,408,431,23148,4,0,0,4,4
2020-10-15,US,Texas,Parker,2218,42,0,32.77757172,-97.80500621,48367.0,1552.3733534903906,1.8935978358881875,2176,2201,41,0,2160,2185,138371,17,1,0,16,16
2020-10-15,US,Texas,Parmer,521,15,0,34.52993409,-102.78446679999999,48369.0,5424.258198854764,2.8790786948176583,506,511,15,0,496,495,9864,10,0,0,10,16
2020-10-15,US,Texas,Pecos,418,5,0,30.78097267,-102.72412609999999,48371.0,2641.724072552613,1.1961722488038278,413,414,5,0,409,411,15673,4,0,0,4,3
2020-10-15,US,Texas,Polk,897,30,0,30.79472531,-94.82766240000001,48373.0,1746.7333943489182,3.3444816053511706,867,897,26,0,871,897,50031,0,4,0,-4,0
2020-10-15,US,Texas,Potter,7021,85,0,35.40133773,-101.893964,48375.0,5979.644849465572,1.2106537530266344,6936,6941,84,0,6857,6822,119648,80,1,0,79,119
2020-10-15,US,Texas,Presidio,122,7,0,29.99954402,-104.24080790000001,48377.0,1819.8090692124106,5.737704918032787,115,119,7,0,112,118,6948,3,0,0,3,1
2020-10-15,US,Texas,Rains,78,5,0,32.87109387,-95.79232691,48379.0,623.3019018699058,6.410256410256411,73,77,5,0,72,77,12159,1,0,0,1,0
2020-10-15,US,Texas,Randall,4100,47,0,34.96585996,-101.8971322,48381.0,2977.2062187302577,1.146341463414634,4053,3955,46,0,3909,3802,136271,145,1,0,144,153
2020-10-15,US,Texas,Reagan,89,6,0,31.36607041,-101.52326590000001,48383.0,2312.288906209405,6.741573033707866,83,89,6,0,83,89,3741,0,0,0,0,0
2020-10-15,US,Texas,Real,120,8,0,29.83321503,-99.82018052,48385.0,3476.245654692932,6.666666666666668,112,120,8,0,112,120,3478,0,0,0,0,0
2020-10-15,US,Texas,Red River,176,14,0,33.61886692,-95.04841765,48387.0,1463.860933211345,7.954545454545454,162,175,14,0,161,174,12175,1,0,0,1,1
2020-10-15,US,Texas,Reeves,234,6,0,31.32323325,-103.69038959999999,48389.0,1464.6970455683525,2.5641025641025643,228,230,6,0,224,230,15695,4,0,0,4,0
2020-10-15,US,Texas,Refugio,313,15,0,28.323897600000002,-97.15766311,48391.0,4504.8934945308,4.792332268370607,298,311,15,0,296,311,7032,2,0,0,2,0
2020-10-15,US,Texas,Roberts,14,0,0,35.83809685,-100.813175,48393.0,1639.344262295082,0.0,14,14,0,0,14,14,903,0,0,0,0,0
2020-10-15,US,Texas,Robertson,397,4,0,31.02539637,-96.51272246,48395.0,2325.1727773222437,1.0075566750629723,393,386,4,0,382,379,17284,11,0,0,11,7
2020-10-15,US,Texas,Rockwall,1770,30,0,32.89779518,-96.40771592,48397.0,1687.080017156746,1.6949152542372878,1740,1749,30,0,1719,1744,100657,21,0,0,21,5
2020-10-15,US,Texas,Runnels,286,9,0,31.8314342,-99.97616148,48399.0,2786.438035853469,3.1468531468531467,277,286,9,0,277,293,10234,0,0,0,0,-7
2020-10-15,US,Texas,Rusk,962,20,0,32.10773545,-94.76176432,48401.0,1768.187332279528,2.079002079002079,942,961,20,0,941,970,54450,1,0,0,1,-9
2020-10-15,US,Texas,Sabine,87,9,0,31.34318809,-93.85440451,48403.0,825.2703471826977,10.344827586206897,78,86,9,0,77,85,10589,1,0,0,1,1
2020-10-15,US,Texas,San Augustine,208,15,0,31.39457611,-94.17000399,48405.0,2525.1912103921327,7.211538461538463,193,208,15,0,193,208,8232,0,0,0,0,0
2020-10-15,US,Texas,San Jacinto,230,11,0,30.57933681,-95.16260304,48407.0,796.9784122803978,4.782608695652174,219,229,11,0,218,229,28719,1,0,0,1,0
2020-10-15,US,Texas,San Patricio,1530,79,0,28.00880118,-97.51763891,48409.0,2292.8218192716918,5.163398692810458,1451,1530,79,0,1451,1530,66893,0,0,0,0,0
2020-10-15,US,Texas,San Saba,103,0,0,31.1577796,-98.81758731,48411.0,1701.0734929810073,0.0,103,103,0,0,103,103,6054,0,0,0,0,0
2020-10-15,US,Texas,Schleicher,54,2,0,30.89740592,-100.5384842,48413.0,1933.4049409237384,3.703703703703704,52,53,2,0,51,53,2895,1,0,0,1,0
2020-10-15,US,Texas,Scurry,932,10,0,32.74613808,-100.91626640000001,48415.0,5579.835957612405,1.072961373390558,922,923,9,0,914,911,16866,9,1,0,8,12
2020-10-15,US,Texas,Shackelford,31,0,0,32.73587756,-99.35401337,48417.0,949.4640122511487,0.0,31,30,0,0,30,30,3253,1,0,0,1,0
2020-10-15,US,Texas,Shelby,535,28,0,31.79211404,-94.14550696,48419.0,2116.7998733876707,5.233644859813084,507,532,27,0,505,532,25418,3,1,0,2,0
2020-10-15,US,Texas,Sherman,68,1,0,36.27751473,-101.8933156,48421.0,2250.1654533421574,1.4705882352941178,67,69,1,0,68,67,3079,-1,0,0,-1,2
2020-10-15,US,Texas,Smith,4137,119,0,32.37474036,-95.27175679999999,48423.0,1777.4359723481314,2.8764805414551606,4018,4097,117,0,3980,4079,230221,40,2,0,38,18
2020-10-15,US,Texas,Somervell,152,5,0,32.22236802,-97.77403489,48425.0,1665.2059596844872,3.2894736842105265,147,151,5,0,146,151,9016,1,0,0,1,0
2020-10-15,US,Texas,Starr,3491,179,0,26.56150059,-98.73892358,48427.0,5401.265607352281,5.127470638785448,3312,3489,178,0,3311,3488,64525,2,1,0,1,1
2020-10-15,US,Texas,Stephens,147,4,0,32.73553157,-98.83631615,48429.0,1569.506726457399,2.7210884353741496,143,145,4,0,141,144,9433,2,0,0,2,1
2020-10-15,US,Texas,Sterling,10,0,0,31.82781912,-101.05007459999999,48431.0,774.5933384972889,0.0,10,10,0,0,10,8,1311,0,0,0,0,2
2020-10-15,US,Texas,Stonewall,17,1,0,33.17906744,-100.25384009999999,48433.0,1259.2592592592596,5.882352941176472,16,17,1,0,16,17,1362,0,0,0,0,0
2020-10-15,US,Texas,Sutton,87,3,0,30.49856623,-100.5382014,48435.0,2304.0254237288136,3.4482758620689653,84,85,3,0,82,85,3758,2,0,0,2,0
2020-10-15,US,Texas,Swisher,128,3,0,34.53028891,-101.73491740000001,48437.0,1730.4312559145599,2.34375,125,126,3,0,123,124,7462,2,0,0,2,2
2020-10-15,US,Texas,Tarrant,57438,772,0,32.77143818,-97.29101614,48439.0,2731.871116258386,1.344057940736098,56666,56783,769,0,56014,56159,2084931,655,3,0,652,624
2020-10-15,US,Texas,Taylor,1701,62,0,32.30163422,-99.89007449,48441.0,1232.305084254604,3.6449147560258672,1639,1656,61,0,1595,1625,137640,45,1,0,44,31
2020-10-15,US,Texas,Terrell,3,0,0,30.22429013,-102.0766732,48443.0,386.59793814432993,0.0,3,3,0,0,3,3,823,0,0,0,0,0
2020-10-15,US,Texas,Terry,398,6,0,33.17402785,-102.3354521,48445.0,3226.067925751804,1.5075376884422111,392,384,6,0,378,361,12287,14,0,0,14,23
2020-10-15,US,Texas,Throckmorton,15,2,0,33.17751417,-99.21226795,48447.0,999.3337774816788,13.333333333333336,13,14,2,0,12,14,1515,1,0,0,1,0
2020-10-15,US,Texas,Titus,1650,34,0,33.21339719,-94.96797273,48449.0,5038.1679389312985,2.060606060606061,1616,1650,33,0,1617,1650,33033,0,1,0,-1,0
2020-10-15,US,Texas,Tom Green,4177,73,0,31.40464436,-100.46244300000001,48451.0,3504.194630872483,1.7476657888436675,4104,4142,73,0,4069,4101,118189,35,0,0,35,41
2020-10-15,US,Texas,Travis,30688,442,0,30.33432034,-97.78535620000001,48453.0,2408.8781855545803,1.4403023983315957,30246,30601,442,0,30159,30398,1248743,87,0,0,87,203
2020-10-15,US,Texas,Trinity,200,7,0,31.0879489,-95.1367187,48455.0,1365.0945327963962,3.5,193,199,7,0,192,199,14740,1,0,0,1,0
2020-10-15,US,Texas,Tyler,250,4,0,30.77031716,-94.37690895,48457.0,1153.562200073828,1.6,246,248,4,0,244,242,21696,2,0,0,2,6
2020-10-15,US,Texas,Upshur,444,12,0,32.73706798,-94.93999853,48459.0,1063.3966421574498,2.702702702702702,432,442,12,0,430,437,41260,2,0,0,2,5
2020-10-15,US,Texas,Upton,26,3,0,31.36868194,-102.0423217,48461.0,710.9652720809405,11.538461538461537,23,25,3,0,22,25,3671,1,0,0,1,0
2020-10-15,US,Texas,Uvalde,815,36,0,29.35739637,-99.76229172,48463.0,3047.7543846527806,4.41717791411043,779,814,36,0,778,812,26846,1,0,0,1,2
2020-10-15,US,Texas,Val Verde,2356,121,0,29.89149232,-101.1525205,48465.0,4805.711371749108,5.135823429541597,2235,2350,120,0,2230,2295,49208,6,1,0,5,55
2020-10-15,US,Texas,Van Zandt,645,24,0,32.56483801,-95.83766469,48467.0,1139.7773458208164,3.72093023255814,621,635,24,0,611,625,56019,10,0,0,10,10
2020-10-15,US,Texas,Victoria,4168,97,0,28.79780988,-96.96813006,48469.0,4526.302072021198,2.3272552783109406,4071,4168,97,0,4071,4159,92035,0,0,0,0,9
2020-10-15,US,Texas,Walker,3847,60,0,30.73872995,-95.57440968,48471.0,5271.957352921024,1.5596568754873927,3787,3836,58,0,3778,3838,72480,11,2,0,9,-2
2020-10-15,US,Texas,Waller,941,15,0,30.01058447,-95.99011759,48473.0,1703.2907359808855,1.5940488841657812,926,937,15,0,922,935,53126,4,0,0,4,2
2020-10-15,US,Texas,Ward,150,1,0,31.50999644,-103.09279090000001,48475.0,1250.2083680613434,0.6666666666666666,149,147,1,0,146,147,11720,3,0,0,3,0
2020-10-15,US,Texas,Washington,671,48,0,30.21498498,-96.40946246,48477.0,1870.018393623544,7.15350223546945,623,667,48,0,619,664,35108,4,0,0,4,3
2020-10-15,US,Texas,Webb,14488,336,0,27.7610369,-99.33237355,48479.0,5236.904125037954,2.319160684704583,14152,14473,333,0,14140,14464,275910,15,3,0,12,9
2020-10-15,US,Texas,Wharton,1409,56,0,29.27765923,-96.22319248,48481.0,3390.605448070073,3.9744499645138402,1353,1408,56,0,1352,1404,41619,1,0,0,1,4
2020-10-15,US,Texas,Wheeler,55,0,0,35.40114335,-100.26995140000001,48483.0,1087.8164556962026,0.0,55,51,0,0,51,51,5191,4,0,0,4,0
2020-10-15,US,Texas,Wichita,2665,26,0,33.98842886,-98.70410340000001,48485.0,2015.427663918929,0.975609756097561,2639,2569,26,0,2543,2489,132064,96,0,0,96,80
2020-10-15,US,Texas,Wilbarger,256,3,0,34.07945812,-99.24178437,48487.0,2004.8555094369171,1.171875,253,249,3,0,246,243,12820,7,0,0,7,6
2020-10-15,US,Texas,Willacy,1224,55,0,26.47411727,-97.61535848,48489.0,5730.873677310609,4.493464052287582,1169,1221,55,0,1166,1219,21515,3,0,0,3,2
2020-10-15,US,Texas,Williamson,9093,148,0,30.64655664,-97.60048540000001,48491.0,1539.7484721895316,1.6276256461013967,8945,9074,147,0,8927,9043,566719,19,1,0,18,31
2020-10-15,US,Texas,Wilson,975,28,0,29.1732598,-98.08693082,48493.0,1909.144311729,2.8717948717948723,947,974,28,0,946,977,50224,1,0,0,1,-3
2020-10-15,US,Texas,Winkler,126,4,0,31.85008651,-103.04851629999999,48495.0,1573.0337078651685,3.1746031746031744,122,126,4,0,122,126,7720,0,0,0,0,0
2020-10-15,US,Texas,Wise,837,14,0,33.21570665,-97.65460265,48497.0,1195.9876543209878,1.6726403823178018,823,831,14,0,817,823,68305,6,0,0,6,8
2020-10-15,US,Texas,Wood,582,32,0,32.78722382,-95.38236368,48499.0,1278.0254287533762,5.498281786941581,550,579,32,0,547,575,45129,3,0,0,3,4
2020-10-15,US,Texas,Yoakum,282,5,0,33.17320212,-102.82764329999999,48501.0,3236.5430965224377,1.7730496453900708,277,278,5,0,273,277,8591,4,0,0,4,1
2020-10-15,US,Texas,Young,417,6,0,33.17659707,-98.68790885,48503.0,2315.380344253193,1.4388489208633093,411,404,6,0,398,399,18045,13,0,0,13,5
2020-10-15,US,Texas,Zapata,342,6,0,27.00156391,-99.16987152,48505.0,2412.017772762536,1.7543859649122806,336,342,6,0,336,342,14190,0,0,0,0,0
2020-10-15,US,Texas,Zavala,426,17,0,28.86617238,-99.76050829,48507.0,3597.972972972973,3.9906103286384975,409,425,17,0,408,417,11983,1,0,0,1,8
2020-10-15,US,Utah,Bear River,4301,13,0,41.52106798,-113.08328159999999,0.0,2302.240683445921,0.3022552894675657,4288,4188,13,0,4175,4142,,113,0,0,113,46
2020-10-15,US,Utah,Central Utah,977,6,0,39.37231946,-111.5758676,0.0,1192.132171706079,0.6141248720573184,971,943,6,0,937,908,,34,0,0,34,35
2020-10-15,US,Utah,Davis,6836,37,0,40.99001837,-112.1139997,49011.0,1923.0282349830234,0.5412521942656524,6799,6708,37,0,6671,6608,351713,128,0,0,128,100
2020-10-15,US,Utah,Salt Lake,38949,284,0,40.66616532,-111.92160109999999,49035.0,3356.407973892594,0.7291586433541297,38665,38369,282,0,38087,37821,1152633,580,2,0,578,548
2020-10-15,US,Utah,San Juan,733,29,0,37.62762978,-109.80337140000002,49037.0,4788.345962895218,3.9563437926330147,704,732,29,0,703,724,15449,1,0,0,1,8
2020-10-15,US,Utah,Southeast Utah,337,2,0,38.99617072,-110.70139579999999,0.0,837.7041437768773,0.5934718100890207,335,320,2,0,318,308,,17,0,0,17,12
2020-10-15,US,Utah,Southwest Utah,5113,45,0,37.85447192,-111.4418764,0.0,2028.6301489434304,0.8801095247408567,5068,5023,45,0,4978,4990,,90,0,0,90,33
2020-10-15,US,Utah,Summit,1187,1,0,40.86688146,-110.9535882,49043.0,2816.466959307154,0.08424599831508002,1186,1176,1,0,1175,1164,41933,11,0,0,11,12
2020-10-15,US,Utah,Tooele,1137,2,0,40.44862644,-113.12957150000001,49045.0,1573.5064144258847,0.1759014951627089,1135,1111,2,0,1109,1096,69907,26,0,0,26,15
2020-10-15,US,Utah,TriCounty,302,2,0,40.12491499,-109.5174415,0.0,533.3615909010632,0.6622516556291391,300,300,2,0,298,295,,2,0,0,2,5
2020-10-15,US,Utah,Utah,24279,67,0,40.116672200000004,-111.66576620000001,49049.0,3816.042814368905,0.2759586473907492,24212,23873,67,0,23806,23624,622213,406,0,0,406,249
2020-10-15,US,Utah,Wasatch,946,9,0,40.33110236,-111.1691419,49051.0,2774.9259335308448,0.9513742071881608,937,934,9,0,925,927,33240,12,0,0,12,7
2020-10-15,US,Utah,Weber-Morgan,5364,32,0,41.27116049,-111.9145117,0.0,1969.6185241079984,0.5965697240865027,5332,5286,32,0,5254,5212,,78,0,0,78,74
2020-10-15,US,Vermont,Addison,114,2,0,44.03217337,-73.14130877,50001.0,309.9763439105963,1.7543859649122806,112,113,2,0,111,113,36973,1,0,0,1,0
2020-10-15,US,Vermont,Bennington,129,1,0,43.03519828,-73.09048868,50003.0,363.6876233436707,0.7751937984496124,128,129,1,0,128,129,35631,0,0,0,0,0
2020-10-15,US,Vermont,Caledonia,35,0,0,44.46548598,-72.10314651,50005.0,116.6938952422232,0.0,35,35,0,0,35,34,30302,0,0,0,0,1
2020-10-15,US,Vermont,Chittenden,891,39,0,44.46322849,-73.08359212,50007.0,544.0423998925348,4.377104377104377,852,885,39,0,846,884,164572,6,0,0,6,1
2020-10-15,US,Vermont,Essex,6,0,0,44.72736416,-71.73579864,50009.0,97.35518416355671,0.0,6,6,0,0,6,6,6250,0,0,0,0,0
2020-10-15,US,Vermont,Franklin,131,7,0,44.85627605,-72.91249563,50011.0,265.1714505485608,5.343511450381679,124,131,7,0,124,131,49421,0,0,0,0,0
2020-10-15,US,Vermont,Grand Isle,16,0,0,44.797582399999996,-73.29679772,50013.0,221.147201105736,0.0,16,16,0,0,16,17,7090,0,0,0,0,-1
2020-10-15,US,Vermont,Lamoille,61,1,0,44.60353043,-72.64356694,50015.0,240.51730936046056,1.639344262295082,60,59,1,0,58,59,25300,2,0,0,2,0
2020-10-15,US,Vermont,Orange,27,0,0,44.00470222,-72.37640104,50017.0,93.45147445659698,0.0,27,27,0,0,27,27,28999,0,0,0,0,0
2020-10-15,US,Vermont,Orleans,24,0,0,44.82964024,-72.24562697,50019.0,88.76724488663683,0.0,24,22,0,0,22,22,26907,2,0,0,2,0
2020-10-15,US,Vermont,Rutland,134,1,0,43.57723578,-73.03741676,50021.0,230.276159543572,0.746268656716418,133,134,1,0,133,133,58672,0,0,0,0,1
2020-10-15,US,Vermont,Unassigned,8,0,0,0.0,0.0,90050.0,0.0,0.0,8,8,0,0,8,8,,0,0,0,0,0
2020-10-15,US,Vermont,Washington,92,2,0,44.27343241,-72.61604978,50023.0,157.50997277816774,2.1739130434782608,90,90,2,0,88,89,58140,2,0,0,2,1
2020-10-15,US,Vermont,Windham,130,3,0,42.986982,-72.71268875,50025.0,307.8963573492493,2.3076923076923075,127,130,3,0,127,130,42756,0,0,0,0,0
2020-10-15,US,Vermont,Windsor,105,2,0,43.58010937,-72.58595157,50027.0,190.69412662090008,1.9047619047619049,103,104,2,0,102,104,55286,1,0,0,1,0
2020-10-15,US,Virginia,Accomack,1197,19,0,37.76707161,-75.63234615,51001.0,3704.04753063498,1.5873015873015872,1178,1195,19,0,1176,1193,32412,2,0,0,2,2
2020-10-15,US,Virginia,Albemarle,1452,22,0,38.02080697,-78.55481085,51003.0,1328.0892710143605,1.5151515151515151,1430,1447,22,0,1425,1443,108718,5,0,0,5,4
2020-10-15,US,Virginia,Alexandria,4077,73,0,38.814003,-77.08183073,51510.0,2557.267230348496,1.7905322541084132,4004,4057,73,0,3984,4045,160530,20,0,0,20,12
2020-10-15,US,Virginia,Alleghany,83,4,0,37.78636074,-80.00222498,51005.0,558.5464333781965,4.819277108433735,79,83,4,0,79,83,14910,0,0,0,0,0
2020-10-15,US,Virginia,Amelia,133,5,0,37.34081025,-77.98584649,51007.0,1011.79155572461,3.7593984962406015,128,132,5,0,127,132,13013,1,0,0,1,0
2020-10-15,US,Virginia,Amherst,507,4,0,37.60308293,-79.14548696,51009.0,1604.1765543426673,0.7889546351084813,503,497,4,0,493,487,31666,10,0,0,10,10
2020-10-15,US,Virginia,Appomattox,257,4,0,37.37569884,-78.81340003,51011.0,1615.2347432593806,1.5564202334630348,253,253,4,0,249,252,15841,4,0,0,4,1
2020-10-15,US,Virginia,Arlington,4278,152,0,38.8767675,-77.10139853,51013.0,1806.2674694522088,3.5530621785881253,4126,4250,152,0,4098,4228,237521,28,0,0,28,22
2020-10-15,US,Virginia,Augusta,593,8,0,38.16404586,-79.12461614,51015.0,784.8275496969217,1.349072512647555,585,585,8,0,577,576,75457,8,0,0,8,9
2020-10-15,US,Virginia,Bath,20,0,0,38.05852573,-79.73912095,51017.0,482.27634434530984,0.0,20,20,0,0,20,19,4292,0,0,0,0,1
2020-10-15,US,Virginia,Bedford,1014,15,0,37.3080028,-79.5281964,51019.0,1283.5930478372595,1.4792899408284024,999,993,15,0,978,970,78747,21,0,0,21,23
2020-10-15,US,Virginia,Bland,64,5,0,37.13128068,-81.13599391,51021.0,1019.108280254777,7.8125,59,64,5,0,59,64,6293,0,0,0,0,0
2020-10-15,US,Virginia,Botetourt,342,11,0,37.55531756,-79.80982182,51023.0,1023.3699392561116,3.2163742690058483,331,340,11,0,329,339,33277,2,0,0,2,1
2020-10-15,US,Virginia,Bristol,223,7,0,36.616302399999995,-82.16359122,51520.0,1330.3901682376804,3.1390134529147984,216,223,7,0,216,216,16482,0,0,0,0,7
2020-10-15,US,Virginia,Brunswick,402,5,0,36.76366949,-77.8593436,51025.0,2476.742036843078,1.243781094527363,397,398,5,0,393,397,16384,4,0,0,4,1
2020-10-15,US,Virginia,Buchanan,219,2,0,37.26818323,-82.03749726,51027.0,1042.6585412302418,0.9132420091324199,217,215,2,0,213,209,21221,4,0,0,4,6
2020-10-15,US,Virginia,Buckingham,718,9,0,37.57242268,-78.52518834,51029.0,4187.077210170282,1.2534818941504178,709,715,9,0,706,714,16999,3,0,0,3,1
2020-10-15,US,Virginia,Buena Vista,115,1,0,37.73484642,-79.35296097,51530.0,1775.2392713800555,0.8695652173913043,114,115,1,0,114,108,6237,0,0,0,0,7
2020-10-15,US,Virginia,Campbell,602,5,0,37.20553386,-79.09678609,51031.0,1096.8388448574292,0.8305647840531561,597,587,5,0,582,577,54973,15,0,0,15,10
2020-10-15,US,Virginia,Caroline,390,5,0,38.02679129,-77.34901405,51033.0,1269.3246541903986,1.2820512820512822,385,386,5,0,381,384,30772,4,0,0,4,2
2020-10-15,US,Virginia,Carroll,535,25,0,36.73066666,-80.73455942,51035.0,1795.8443825316372,4.672897196261682,510,534,25,0,509,534,29636,1,0,0,1,0
2020-10-15,US,Virginia,Charles City,91,5,0,37.35358063,-77.05634116,51036.0,1306.9079419790319,5.494505494505495,86,90,5,0,85,88,6941,1,0,0,1,2
2020-10-15,US,Virginia,Charlotte,192,0,0,37.01909701,-78.66314092,51037.0,1616.1616161616162,0.0,192,187,0,0,187,186,11938,5,0,0,5,1
2020-10-15,US,Virginia,Charlottesville,1481,31,0,38.03527919,-78.48569588,51540.0,3133.3305124190747,2.093180283592168,1450,1472,31,0,1441,1467,48117,9,0,0,9,5
2020-10-15,US,Virginia,Chesapeake,4661,75,0,36.67670048,-76.30545744,51550.0,1903.731084199563,1.6090967603518558,4586,4628,76,0,4552,4606,242634,33,-1,0,34,22
2020-10-15,US,Virginia,Chesterfield,6546,98,0,37.37373208,-77.58680140000001,51041.0,1855.4316585506888,1.4970974641002142,6448,6478,98,0,6380,6458,348556,68,0,0,68,20
2020-10-15,US,Virginia,Clarke,114,1,0,39.11271747,-77.99199425,51043.0,779.8071003488611,0.8771929824561403,113,111,1,0,110,111,14523,3,0,0,3,0
2020-10-15,US,Virginia,Colonial Heights,278,26,0,37.26420587,-77.39609676,51570.0,1600.4605641911346,9.352517985611511,252,277,26,0,251,276,17833,1,0,0,1,1
2020-10-15,US,Virginia,Covington,33,0,0,37.7824656,-79.98631446,51580.0,595.8829902491874,0.0,33,33,0,0,33,33,5460,0,0,0,0,0
2020-10-15,US,Virginia,Craig,40,0,0,37.48133648,-80.21072274,51045.0,779.5751315533032,0.0,40,38,0,0,38,37,5064,2,0,0,2,1
2020-10-15,US,Virginia,Culpeper,1263,18,0,38.48199985,-77.95630870000002,51047.0,2400.9124607926997,1.4251781472684086,1245,1257,18,0,1239,1254,51859,6,0,0,6,3
2020-10-15,US,Virginia,Cumberland,111,2,0,37.51328851,-78.24398086,51049.0,1117.599677809102,1.8018018018018016,109,111,2,0,109,110,9809,0,0,0,0,1
2020-10-15,US,Virginia,Danville,1090,38,0,36.58022376,-79.40395668,51590.0,2722.0057936270105,3.486238532110092,1052,1070,38,0,1032,1065,40693,20,0,0,20,5
2020-10-15,US,Virginia,Dickenson,118,1,0,37.12560977,-82.35124171,51051.0,824.1374493644362,0.8474576271186439,117,112,1,0,111,111,14523,6,0,0,6,1
2020-10-15,US,Virginia,Dinwiddie,462,12,0,37.07544585,-77.63451754,51053.0,1618.5538116591931,2.5974025974025974,450,458,12,0,446,456,28529,4,0,0,4,2
2020-10-15,US,Virginia,Emporia,271,26,0,36.69455571,-77.53406129,51595.0,5069.2106247661795,9.594095940959411,245,269,26,0,243,269,5121,2,0,0,2,0
2020-10-15,US,Virginia,Essex,188,2,0,37.93357639,-76.94230311,51057.0,1716.424723819958,1.0638297872340423,186,187,2,0,185,187,10919,1,0,0,1,0
2020-10-15,US,Virginia,Fairfax,22340,600,0,38.83677558,-77.27565836,51059.0,1946.7866691299241,2.6857654431512983,21740,22275,599,0,21676,22185,1150795,65,1,0,64,90
2020-10-15,US,Virginia,Fairfax,22340,600,0,38.83677558,-77.27565836,51059.0,1946.7866691299241,2.6857654431512983,21740,22275,599,0,21676,22185,24574,65,1,0,64,90
2020-10-15,US,Virginia,Fairfax City,145,8,0,38.85157547,-77.29779640000002,51600.0,603.6887464090927,5.517241379310344,137,145,8,0,137,144,24574,0,0,0,0,1
2020-10-15,US,Virginia,Falls Church,75,7,0,38.88485255,-77.17560759,51610.0,513.1011835533967,9.333333333333334,68,75,7,0,68,75,14772,0,0,0,0,0
2020-10-15,US,Virginia,Fauquier,1026,25,0,38.73564842,-77.80647472,51061.0,1440.5661172109742,2.4366471734892787,1001,1021,25,0,996,1020,70675,5,0,0,5,1
2020-10-15,US,Virginia,Floyd,229,16,0,36.9302126,-80.36738849,51063.0,1454.0605752746203,6.986899563318777,213,227,16,0,211,227,15795,2,0,0,2,0
2020-10-15,US,Virginia,Fluvanna,403,9,0,37.84157909,-78.27715475,51065.0,1477.8144481114778,2.2332506203473947,394,402,9,0,393,400,26783,1,0,0,1,2
2020-10-15,US,Virginia,Franklin,194,1,0,36.99536167,-79.88023649,51067.0,346.1689447200313,0.5154639175257731,193,194,1,0,193,194,56195,0,0,0,0,0
2020-10-15,US,Virginia,Franklin,194,1,0,36.99536167,-79.88023649,51067.0,346.1689447200313,0.5154639175257731,193,194,1,0,193,194,8013,0,0,0,0,0
2020-10-15,US,Virginia,Franklin City,464,10,0,36.6831435,-76.93859681,51620.0,5824.024099410067,2.155172413793104,454,461,10,0,451,460,8013,3,0,0,3,1
2020-10-15,US,Virginia,Frederick,1051,13,0,39.20172582,-78.25974949,51069.0,1176.7603820272525,1.236917221693625,1038,1041,13,0,1028,1034,88355,10,0,0,10,7
2020-10-15,US,Virginia,Fredericksburg,568,5,0,38.2977863,-77.4922454,51630.0,1956.19231299077,0.8802816901408451,563,571,5,0,566,568,29144,-3,0,0,-3,3
2020-10-15,US,Virginia,Galax,427,30,0,36.66601852,-80.91703124,51640.0,6727.5878367732785,7.0257611241217806,397,427,30,0,397,427,6423,0,0,0,0,0
2020-10-15,US,Virginia,Giles,109,0,0,37.31234791,-80.70636931,51071.0,651.9138755980863,0.0,109,101,0,0,101,101,16844,8,0,0,8,0
2020-10-15,US,Virginia,Gloucester,319,3,0,37.40809042,-76.53524337,51073.0,854.1287351397665,0.9404388714733544,316,313,3,0,310,309,37349,6,0,0,6,4
2020-10-15,US,Virginia,Goochland,306,7,0,37.71714806,-77.90381514,51075.0,1288.2583252641768,2.2875816993464047,299,305,7,0,298,305,23244,1,0,0,1,0
2020-10-15,US,Virginia,Grayson,346,18,0,36.65677234,-81.23215889,51077.0,2225.08038585209,5.202312138728324,328,344,18,0,326,344,15631,2,0,0,2,0
2020-10-15,US,Virginia,Greene,258,3,0,38.29545894,-78.46525378,51079.0,1301.7811191281094,1.162790697674419,255,255,3,0,252,255,19779,3,0,0,3,0
2020-10-15,US,Virginia,Greensville,842,11,0,36.67878901,-77.56351439,51081.0,7427.664079040226,1.3064133016627075,831,839,11,0,828,835,11627,3,0,0,3,4
2020-10-15,US,Virginia,Halifax,441,7,0,36.76654925,-78.93512622,51083.0,1300.4629766152575,1.5873015873015872,434,428,7,0,421,421,34120,13,0,0,13,7
2020-10-15,US,Virginia,Hampton,2004,28,0,37.03513786,-76.35879121,51650.0,1489.8520556092483,1.3972055888223551,1976,1983,28,0,1955,1972,134313,21,0,0,21,11
2020-10-15,US,Virginia,Hanover,1495,40,0,37.7583355,-77.49464673,51085.0,1387.2650000927936,2.6755852842809364,1455,1475,40,0,1435,1468,107239,20,0,0,20,7
2020-10-15,US,Virginia,Harrisonburg,2882,35,0,38.43542574,-78.87536254,51660.0,5436.094763844877,1.2144344205412907,2847,2876,35,0,2841,2864,54033,6,0,0,6,12
2020-10-15,US,Virginia,Henrico,5881,222,0,37.53460572,-77.39326555,51087.0,1777.7146346329403,3.7748682196905285,5659,5832,222,0,5610,5801,329261,49,0,0,49,31
2020-10-15,US,Virginia,Henry,1220,31,0,36.68542395,-79.87634026,51089.0,2413.1178669620426,2.540983606557377,1189,1207,30,0,1177,1194,50953,13,1,0,12,13
2020-10-15,US,Virginia,Highland,9,0,0,38.35799465,-79.56124594,51091.0,410.958904109589,0.0,9,9,0,0,9,9,2210,0,0,0,0,0
2020-10-15,US,Virginia,Hopewell,465,7,0,37.29186313,-77.29754684,51670.0,2064.006391761729,1.5053763440860215,458,458,7,0,451,455,22596,7,0,0,7,3
2020-10-15,US,Virginia,Isle of Wight,816,22,0,36.90579348,-76.70842863,51093.0,2198.927483898785,2.6960784313725488,794,816,22,0,794,809,36953,0,0,0,0,7
2020-10-15,US,Virginia,James City,909,21,0,37.31156958,-76.76950618,51095.0,1187.8781542804124,2.31023102310231,888,906,21,0,885,903,76397,3,0,0,3,3
2020-10-15,US,Virginia,King George,257,4,0,38.26818502,-77.15852768,51099.0,957.668803100313,1.5564202334630348,253,257,4,0,253,257,26575,0,0,0,0,0
2020-10-15,US,Virginia,King William,184,2,0,37.70965316,-77.09384941,51101.0,1073.011429904362,1.0869565217391304,182,183,2,0,181,181,16939,1,0,0,1,2
2020-10-15,US,Virginia,King and Queen,83,1,0,37.71044922,-76.88689628,51097.0,1181.4946619217085,1.2048192771084338,82,83,1,0,82,83,7042,0,0,0,0,0
2020-10-15,US,Virginia,Lancaster,171,0,0,37.71889653,-76.46400482,51103.0,1612.7511081769312,0.0,171,170,0,0,170,170,10783,1,0,0,1,0
2020-10-15,US,Virginia,Lee,359,8,0,36.70586667,-83.12606515,51105.0,1532.6815523203686,2.2284122562674096,351,354,8,0,346,343,23541,5,0,0,5,11
2020-10-15,US,Virginia,Lexington,189,1,0,37.78258621,-79.44262866,51678.0,2538.275584206285,0.5291005291005291,188,185,1,0,184,178,7136,4,0,0,4,7
2020-10-15,US,Virginia,Loudoun,7417,129,0,39.08990083,-77.63481877,51107.0,1793.5473886317582,1.739247674261831,7288,7301,128,0,7173,7303,406850,116,1,0,115,-2
2020-10-15,US,Virginia,Louisa,356,7,0,37.97850256,-77.96274807,51109.0,947.0351945944507,1.9662921348314608,349,351,7,0,344,346,36778,5,0,0,5,5
2020-10-15,US,Virginia,Lunenburg,136,3,0,36.94618528,-78.24133319,51111.0,1115.1197113807802,2.2058823529411766,133,132,3,0,129,132,12086,4,0,0,4,0
2020-10-15,US,Virginia,Lynchburg,1759,22,0,37.40021399,-79.19888138,51680.0,2140.7360529646576,1.250710631040364,1737,1742,21,0,1721,1726,82126,17,1,0,16,16
2020-10-15,US,Virginia,Madison,118,3,0,38.41531222,-78.28220331,51113.0,889.8273131739688,2.5423728813559316,115,117,3,0,114,117,13295,1,0,0,1,0
2020-10-15,US,Virginia,Manassas,2004,25,0,38.7464321,-77.48509905,51683.0,4877.6925885359615,1.2475049900199602,1979,1998,25,0,1973,1998,41641,6,0,0,6,0
2020-10-15,US,Virginia,Manassas Park,628,8,0,38.77058531,-77.44399307,51685.0,3593.0884540565276,1.2738853503184713,620,628,8,0,620,627,17307,0,0,0,0,1
2020-10-15,US,Virginia,Martinsville,445,23,0,36.68212094,-79.86352771,51690.0,3544.6869523657792,5.168539325842697,422,442,23,0,419,435,12902,3,0,0,3,7
2020-10-15,US,Virginia,Mathews,127,0,0,37.44164146,-76.34098896,51115.0,1437.6273488793302,0.0,127,122,0,0,122,121,8802,5,0,0,5,1
2020-10-15,US,Virginia,Mecklenburg,844,34,0,36.67882005,-78.36131056,51117.0,2759.3422042044012,4.028436018957346,810,838,34,0,804,837,30650,6,0,0,6,1
2020-10-15,US,Virginia,Middlesex,137,11,0,37.63191998,-76.55064617,51119.0,1294.6512946512946,8.02919708029197,126,135,11,0,124,135,10769,2,0,0,2,0
2020-10-15,US,Virginia,Montgomery,2403,5,0,37.17746986,-80.37868691,51121.0,2438.727355761912,0.20807324178110692,2398,2384,5,0,2379,2381,98985,19,0,0,19,3
2020-10-15,US,Virginia,Nelson,124,2,0,37.78790447,-78.88498513,51125.0,830.5425318151372,1.6129032258064515,122,122,2,0,120,119,14836,2,0,0,2,3
2020-10-15,US,Virginia,New Kent,257,3,0,37.50694406,-76.99828634,51127.0,1112.9877441427395,1.1673151750972763,254,253,3,0,250,253,22391,4,0,0,4,0
2020-10-15,US,Virginia,Newport News,2973,49,0,37.08166899,-76.51754109,51700.0,1658.808759938625,1.648166834846956,2924,2952,49,0,2903,2940,178626,21,0,0,21,12
2020-10-15,US,Virginia,Norfolk,5122,80,0,36.89934014,-76.26420872,51710.0,2110.059239851365,1.5618898867629831,5042,5092,80,0,5012,5085,244076,30,0,0,30,7
2020-10-15,US,Virginia,Northampton,311,31,0,37.34062933,-75.87751591,51131.0,2655.849701110162,9.96784565916399,280,311,31,0,280,311,11735,0,0,0,0,0
2020-10-15,US,Virginia,Northumberland,206,6,0,37.89202088,-76.41949732,51133.0,1703.1831335262507,2.9126213592233015,200,204,6,0,198,204,12147,2,0,0,2,0
2020-10-15,US,Virginia,Norton,44,0,0,36.93357076,-82.62750411,51720.0,1105.249937201708,0.0,44,43,0,0,43,42,3968,1,0,0,1,1
2020-10-15,US,Virginia,Nottoway,316,20,0,37.1435975,-78.05065922,51135.0,2074.5798319327732,6.329113924050633,296,308,20,0,288,306,15420,8,0,0,8,2
2020-10-15,US,Virginia,Orange,363,5,0,38.24530219,-78.01560400000002,51137.0,979.7306415481364,1.3774104683195592,358,360,5,0,355,358,36644,3,0,0,3,2
2020-10-15,US,Virginia,Page,442,30,0,38.61807452,-78.48797204,51139.0,1849.217638691323,6.787330316742081,412,439,30,0,409,439,23933,3,0,0,3,0
2020-10-15,US,Virginia,Patrick,296,26,0,36.680163799999995,-80.2865648,51141.0,1681.0540663334848,8.783783783783784,270,296,26,0,270,295,17673,0,0,0,0,1
2020-10-15,US,Virginia,Petersburg,838,29,0,37.20530399,-77.39368102,51730.0,2673.3873540483632,3.460620525059666,809,829,29,0,800,828,31567,9,0,0,9,1
2020-10-15,US,Virginia,Pittsylvania,1185,11,0,36.81980341,-79.39731264,51143.0,1963.4158465056169,0.9282700421940928,1174,1171,11,0,1160,1163,60949,14,0,0,14,8
2020-10-15,US,Virginia,Poquoson,86,2,0,37.14259351,-76.35798148,51735.0,700.8393773938554,2.3255813953488373,84,83,2,0,81,83,12190,3,0,0,3,0
2020-10-15,US,Virginia,Portsmouth,2706,63,0,36.85914825,-76.35971629,51740.0,2866.586156486367,2.328159645232816,2643,2699,63,0,2636,2684,94632,7,0,0,7,15
2020-10-15,US,Virginia,Powhatan,269,5,0,37.55016038,-77.91267882,51145.0,907.1900714960208,1.858736059479554,264,267,5,0,262,266,29189,2,0,0,2,1
2020-10-15,US,Virginia,Prince Edward,700,12,0,37.22554789,-78.43597949,51147.0,3069.9061485834577,1.7142857142857142,688,683,12,0,671,679,22950,17,0,0,17,4
2020-10-15,US,Virginia,Prince George,997,5,0,37.18497668,-77.22922187,51149.0,2599.535890282377,0.5015045135406219,992,975,5,0,970,961,38082,22,0,0,22,14
2020-10-15,US,Virginia,Prince William,13390,216,0,38.70916224,-77.48713689,51153.0,2846.906991824976,1.6131441374159818,13174,13311,216,0,13095,13281,468011,79,0,0,79,30
2020-10-15,US,Virginia,Pulaski,260,6,0,37.06474963,-80.71229738,51155.0,764.0990977752963,2.3076923076923075,254,254,5,0,249,255,34066,6,1,0,5,-1
2020-10-15,US,Virginia,Radford,790,1,0,37.12222899,-80.56027320000003,51750.0,4329.0043290043295,0.12658227848101267,789,786,2,0,784,780,18339,4,-1,0,5,6
2020-10-15,US,Virginia,Rappahannock,66,2,0,38.68295619,-78.15826963,51157.0,895.5223880597015,3.0303030303030303,64,65,2,0,63,66,7252,1,0,0,1,-1
2020-10-15,US,Virginia,Richmond,371,4,0,37.937575,-76.72920628,51159.0,4111.714507370054,1.0781671159029649,367,371,4,0,367,368,9038,0,0,0,0,3
2020-10-15,US,Virginia,Richmond City,5003,62,0,37.53255773,-77.47966921,51760.0,2171.101737575726,1.2392564461323206,4941,4985,62,0,4923,4978,228783,18,0,0,18,7
2020-10-15,US,Virginia,Roanoke,1183,8,0,37.26865804,-80.06396753,51161.0,1256.025311617438,0.6762468300929839,1175,1166,8,0,1158,1155,94073,17,0,0,17,11
2020-10-15,US,Virginia,Roanoke City,2276,32,0,37.27791025,-79.96189766,51770.0,2295.673925541894,1.40597539543058,2244,2238,32,0,2206,2212,99920,38,0,0,38,26
2020-10-15,US,Virginia,Rockbridge,140,3,0,37.81204314,-79.44605905,51163.0,620.2099853807646,2.142857142857143,137,140,3,0,137,143,22752,0,0,0,0,-3
2020-10-15,US,Virginia,Rockingham,1660,22,0,38.51006137,-78.87260325,51165.0,2025.6748181773808,1.3253012048192772,1638,1649,22,0,1627,1640,81244,11,0,0,11,9
2020-10-15,US,Virginia,Russell,386,8,0,36.93028320000001,-82.10095486,51167.0,1451.8919732189875,2.0725388601036268,378,368,8,0,360,355,26748,18,0,0,18,13
2020-10-15,US,Virginia,Salem,409,6,0,37.2836193,-80.06219455,51775.0,1616.5368957748706,1.4669926650366751,403,385,6,0,379,382,25643,24,0,0,24,3
2020-10-15,US,Virginia,Scott,240,5,0,36.71466456,-82.60171704,51169.0,1112.8628396550123,2.083333333333333,235,235,5,0,230,233,21534,5,0,0,5,2
2020-10-15,US,Virginia,Shenandoah,893,59,0,38.85905135,-78.56813762,51171.0,2047.4137931034488,6.606942889137738,834,887,59,0,828,881,43497,6,0,0,6,6
2020-10-15,US,Virginia,Smyth,583,22,0,36.84455636,-81.53344948,51173.0,1936.619718309859,3.7735849056603774,561,581,22,0,559,578,30472,2,0,0,2,3
2020-10-15,US,Virginia,Southampton,876,30,0,36.72231125,-77.10642712,51175.0,4968.521354432533,3.4246575342465757,846,874,30,0,844,819,17586,2,0,0,2,55
2020-10-15,US,Virginia,Spotsylvania,2298,46,0,38.18574462,-77.655399,51177.0,1687.0388723708843,2.001740644038294,2252,2282,46,0,2236,2278,134238,16,0,0,16,4
2020-10-15,US,Virginia,Stafford,2230,19,0,38.41758738,-77.45917053,51179.0,1458.6413050588035,0.852017937219731,2211,2187,19,0,2168,2174,149960,43,0,0,43,13
2020-10-15,US,Virginia,Staunton,338,0,0,38.15965544,-79.05979937,51790.0,1355.6874699181774,0.0,338,335,0,0,335,325,24922,3,0,0,3,10
2020-10-15,US,Virginia,Suffolk,2220,77,0,36.70155394,-76.63603554,51800.0,2410.2140964954183,3.468468468468469,2143,2211,77,0,2134,2204,91185,9,0,0,9,7
2020-10-15,US,Virginia,Surry,134,4,0,37.11781893,-76.88450012,51181.0,2086.577390221115,2.985074626865672,130,134,3,0,131,134,6474,0,1,0,-1,0
2020-10-15,US,Virginia,Sussex,634,12,0,36.92432914,-77.25791182,51183.0,5681.5126803477015,1.892744479495268,622,634,12,0,622,633,11237,0,0,0,0,1
2020-10-15,US,Virginia,Tazewell,395,2,0,37.12191123,-81.56685568,51185.0,973.0262347579753,0.5063291139240507,393,388,2,0,386,383,40855,7,0,0,7,5
2020-10-15,US,Virginia,Virginia Beach,7415,101,0,36.73285734,-76.04566934,51810.0,1647.872988217097,1.3621038435603507,7314,7379,99,0,7280,7351,450189,36,2,0,34,28
2020-10-15,US,Virginia,Warren,514,14,0,38.90847745,-78.20280433,51187.0,1279.7530126481427,2.723735408560312,500,495,13,0,482,493,40003,19,1,0,18,2
2020-10-15,US,Virginia,Washington,778,21,0,36.72341572,-81.95666289,51191.0,1447.711202084109,2.6992287917737787,757,758,21,0,737,742,54402,20,0,0,20,16
2020-10-15,US,Virginia,Waynesboro,348,3,0,38.06451466,-78.90293905,51820.0,1537.7817057003977,0.8620689655172413,345,343,3,0,340,336,22628,5,0,0,5,7
2020-10-15,US,Virginia,Westmoreland,328,4,0,38.11021557,-76.80213247,51193.0,1820.7049680821533,1.2195121951219512,324,307,4,0,303,306,17830,21,0,0,21,1
2020-10-15,US,Virginia,Williamsburg,204,8,0,37.28131268,-76.70905141,51830.0,1364.1834960545673,3.92156862745098,196,204,8,0,196,204,14896,0,0,0,0,0
2020-10-15,US,Virginia,Winchester,542,4,0,39.17054517,-78.17325058,51840.0,1930.3369185839447,0.7380073800738007,538,540,4,0,536,538,28108,2,0,0,2,2
2020-10-15,US,Virginia,Wise,500,9,0,36.9746148,-82.62410519,51195.0,1337.5063531551775,1.8,491,498,9,0,489,494,38012,2,0,0,2,4
2020-10-15,US,Virginia,Wythe,295,6,0,36.91582035,-81.07834059,51197.0,1028.4479152140566,2.0338983050847457,289,289,6,0,283,285,28754,6,0,0,6,4
2020-10-15,US,Virginia,York,603,9,0,37.24374789,-76.54412815,51199.0,883.1282952548331,1.492537313432836,594,595,9,0,586,592,67846,8,0,0,8,3
2020-10-15,US,Washington,Adams,899,10,0,46.98299757,-118.56017340000001,53001.0,4498.82400040034,1.1123470522803114,889,897,10,0,887,897,19759,2,0,0,2,0
2020-10-15,US,Washington,Asotin,167,6,0,46.18894415,-117.2022851,53003.0,739.5270569480118,3.5928143712574854,161,159,6,0,153,155,22610,8,0,0,8,4
2020-10-15,US,Washington,Benton,4903,132,0,46.23946995,-119.51208340000001,53005.0,2398.8453446841822,2.6922292473995517,4771,4891,132,0,4759,4862,201877,12,0,0,12,29
2020-10-15,US,Washington,Chelan,1932,16,0,47.87046092,-120.6173956,53007.0,2502.5906735751296,0.8281573498964804,1916,1932,16,0,1916,1927,77036,0,0,0,0,5
2020-10-15,US,Washington,Clallam,246,1,0,48.04754642,-123.92263190000001,53009.0,318.1130465143345,0.4065040650406504,245,246,1,0,245,245,76737,0,0,0,0,1
2020-10-15,US,Washington,Clark,3877,74,0,45.77568046,-122.48292040000001,53011.0,794.0750571951147,1.9086922878514316,3803,3853,73,0,3780,3766,481857,24,1,0,23,87
2020-10-15,US,Washington,Columbia,14,1,0,46.29442881,-117.9051983,53013.0,351.3174404015057,7.142857142857142,13,14,1,0,13,14,4059,0,0,0,0,0
2020-10-15,US,Washington,Cowlitz,744,7,0,46.19074721,-122.6782231,53015.0,672.7369725027804,0.9408602150537636,737,736,7,0,729,734,108987,8,0,0,8,2
2020-10-15,US,Washington,Douglas,1216,9,0,47.7361335,-119.69293700000001,53017.0,2799.97236869373,0.7401315789473685,1207,1215,9,0,1206,1211,42907,1,0,0,1,4
2020-10-15,US,Washington,Ferry,30,0,0,48.471143100000006,-118.5154041,53019.0,393.3394519470304,0.0,30,30,0,0,30,30,7649,0,0,0,0,0
2020-10-15,US,Washington,Franklin,4589,67,0,46.53351425,-118.9018212,53021.0,4819.264455693012,1.460013074743953,4522,4570,67,0,4503,4554,94347,19,0,0,19,16
2020-10-15,US,Washington,Garfield,13,0,0,46.43197502,-117.54540320000001,53023.0,584.2696629213483,0.0,13,13,0,0,13,13,2247,0,0,0,0,0
2020-10-15,US,Washington,Grant,3201,23,0,47.20753737,-119.4500749,53025.0,3275.249915586343,0.718525460793502,3178,3180,23,0,3157,3170,97331,21,0,0,21,10
2020-10-15,US,Washington,Grays Harbor,614,11,0,47.14003705,-123.7820567,53027.0,818.0013588947656,1.7915309446254069,603,607,11,0,596,597,73901,7,0,0,7,10
2020-10-15,US,Washington,Island,351,12,0,48.14713305,-122.5216407,53029.0,412.25731433739327,3.418803418803418,339,347,12,0,335,342,84460,4,0,0,4,5
2020-10-15,US,Washington,Jefferson,80,0,0,47.75003077,-123.56097040000002,53031.0,248.2852797864746,0.0,80,80,0,0,80,79,31729,0,0,0,0,1
2020-10-15,US,Washington,King,24610,791,0,47.49137892,-121.8346131,53033.0,1092.4270524178548,3.214140593254774,23819,24466,790,0,23676,24297,2233163,144,1,0,143,169
2020-10-15,US,Washington,Kitsap,1386,19,0,47.63479026,-122.6436061,53035.0,510.5480102993668,1.3708513708513708,1367,1378,18,0,1360,1367,269805,8,1,0,7,11
2020-10-15,US,Washington,Kittitas,642,22,0,47.12521214,-120.67943899999999,53037.0,1339.3136539063314,3.4267912772585665,620,640,22,0,618,624,47364,2,0,0,2,16
2020-10-15,US,Washington,Klickitat,202,3,0,45.87325839,-120.7913598,53039.0,900.7803790412486,1.4851485148514851,199,202,3,0,199,202,22107,0,0,0,0,0
2020-10-15,US,Washington,Lewis,643,8,0,46.57756476,-122.39257690000001,53041.0,796.7090834747916,1.2441679626749609,635,636,8,0,628,635,79604,7,0,0,7,1
2020-10-15,US,Washington,Lincoln,63,1,0,47.57705241,-118.41943880000001,53043.0,575.9210165463022,1.5873015873015872,62,63,1,0,62,63,10740,0,0,0,0,0
2020-10-15,US,Washington,Mason,490,9,0,47.35007586,-123.1863685,53045.0,733.8844955667386,1.836734693877551,481,478,8,0,470,474,65507,12,1,0,11,4
2020-10-15,US,Washington,Okanogan,1090,10,0,48.54855019,-119.73872240000001,53047.0,2580.309163648415,0.9174311926605504,1080,1088,10,0,1078,1073,42132,2,0,0,2,15
2020-10-15,US,Washington,Pacific,107,3,0,46.55418369,-123.7285716,53049.0,476.1692848560368,2.803738317757009,104,106,3,0,103,107,22036,1,0,0,1,-1
2020-10-15,US,Washington,Pend Oreille,123,0,0,48.53234021,-117.2741804,53051.0,896.2401632177208,0.0,123,119,0,0,119,119,13602,4,0,0,4,0
2020-10-15,US,Washington,Pierce,8995,217,0,47.03892768,-122.14059579999999,53053.0,993.9446175606092,2.412451361867704,8778,8917,214,0,8703,8823,891299,78,3,0,75,94
2020-10-15,US,Washington,San Juan,30,0,0,48.60182783,-122.96745,53055.0,170.62905243999546,0.0,30,30,0,0,30,30,17128,0,0,0,0,0
2020-10-15,US,Washington,Skagit,1184,23,0,48.48171488,-121.766131,53057.0,916.3732053713092,1.9425675675675675,1161,1182,23,0,1159,1169,128206,2,0,0,2,13
2020-10-15,US,Washington,Skamania,66,1,0,46.02408726,-121.91644029999999,53059.0,546.221964743855,1.5151515151515151,65,66,1,0,65,65,11924,0,0,0,0,1
2020-10-15,US,Washington,Snohomish,7758,219,0,48.04615983,-121.7170703,53061.0,943.7003319616147,2.8228924980665115,7539,7663,218,0,7445,7601,814901,95,1,0,94,62
2020-10-15,US,Washington,Spokane,8284,183,0,47.62113146,-117.4046494,53063.0,1584.5508207759021,2.2090777402221153,8101,8150,181,0,7969,8060,514631,134,2,0,132,90
2020-10-15,US,Washington,Stevens,227,4,0,48.40035475,-117.8542701,53065.0,496.46786081403235,1.7621145374449338,223,223,4,0,219,220,45260,4,0,0,4,3
2020-10-15,US,Washington,Thurston,1345,21,0,46.9291895,-122.82906559999999,53067.0,462.93746730181465,1.5613382899628252,1324,1325,21,0,1304,1310,286419,20,0,0,20,15
2020-10-15,US,Washington,Unassigned,352,4,0,0.0,0.0,90053.0,0.0,1.1363636363636365,348,374,4,0,370,345,,-22,0,0,-22,29
2020-10-15,US,Washington,Wahkiakum,9,0,0,46.29180039999999,-123.4250831,53069.0,200.5347593582888,0.0,9,8,0,0,8,8,4426,1,0,0,1,0
2020-10-15,US,Washington,Walla Walla,970,6,0,46.23040051,-118.4775539,53071.0,1596.445029624753,0.6185567010309279,964,959,6,0,953,956,60922,11,0,0,11,3
2020-10-15,US,Washington,Whatcom,1489,49,0,48.82227976,-121.74900179999999,53073.0,649.5177690438697,3.290799194089993,1440,1481,49,0,1432,1474,225685,8,0,0,8,7
2020-10-15,US,Washington,Whitman,1587,3,0,46.90022523,-117.52417630000001,53075.0,3167.41178349034,0.1890359168241966,1584,1557,3,0,1554,1548,49791,30,0,0,30,9
2020-10-15,US,Washington,Yakima,11657,267,0,46.45738486,-120.73801259999999,53077.0,4646.574163022725,2.2904692459466416,11390,11628,266,0,11362,11609,251446,29,1,0,28,19
2020-10-15,US,West Virginia,Barbour,155,1,0,39.1307219,-80.00350858,54001.0,942.7650386229548,0.6451612903225806,154,154,1,0,153,149,16535,1,0,0,1,5
2020-10-15,US,West Virginia,Berkeley,1315,17,0,39.46704621,-78.02414609,54003.0,1103.4563778100378,1.2927756653992395,1298,1301,17,0,1284,1268,117123,14,0,0,14,33
2020-10-15,US,West Virginia,Boone,280,3,0,38.01974191,-81.69888019,54005.0,1304.9354522999488,1.0714285714285714,277,276,3,0,273,270,21951,4,0,0,4,6
2020-10-15,US,West Virginia,Braxton,30,0,0,38.70036159,-80.72011184,54007.0,214.9459052805044,0.0,30,26,0,0,26,21,14089,4,0,0,4,5
2020-10-15,US,West Virginia,Brooke,142,1,0,40.27367263,-80.57915332,54009.0,647.2491909385112,0.7042253521126759,141,138,1,0,137,138,22203,4,0,0,4,0
2020-10-15,US,West Virginia,Cabell,1092,15,0,38.42424062,-82.23855912,54011.0,1187.6665397792158,1.3736263736263736,1077,1066,14,0,1052,1045,93224,26,1,0,25,21
2020-10-15,US,West Virginia,Calhoun,32,0,0,38.84315422,-81.11934872,54013.0,450.1336334224224,0.0,32,31,0,0,31,30,7254,1,0,0,1,1
2020-10-15,US,West Virginia,Clay,51,2,0,38.46231092,-81.07652217,54015.0,599.4358251057828,3.92156862745098,49,51,2,0,49,51,8632,0,0,0,0,0
2020-10-15,US,West Virginia,Doddridge,59,1,0,39.27057157,-80.70671527,54017.0,698.3901515151515,1.6949152542372878,58,59,1,0,58,55,8406,0,0,0,0,4
2020-10-15,US,West Virginia,Fayette,697,18,0,38.02974928,-81.08286634,54019.0,1643.6353346224591,2.5824964131994257,679,695,18,0,677,694,43018,2,0,0,2,1
2020-10-15,US,West Virginia,Gilmer,60,0,0,38.9251277,-80.85952723,54021.0,766.969193404065,0.0,60,57,0,0,57,54,8026,3,0,0,3,3
2020-10-15,US,West Virginia,Grant,177,7,0,39.10314817,-79.19440518,54023.0,1530.0829875518673,3.9548022598870056,170,177,7,0,170,176,11626,0,0,0,0,1
2020-10-15,US,West Virginia,Greenbrier,146,3,0,37.9463652,-80.45335881,54025.0,421.2105475737118,2.054794520547945,143,145,3,0,142,143,34786,1,0,0,1,2
2020-10-15,US,West Virginia,Hampshire,118,1,0,39.32103553,-78.60826476,54027.0,509.1693635382956,0.8474576271186439,117,118,1,0,117,117,23347,0,0,0,0,1
2020-10-15,US,West Virginia,Hancock,188,0,0,40.51943859,-80.57461608,54029.0,652.5511975008677,0.0,188,185,0,0,185,177,29094,3,0,0,3,8
2020-10-15,US,West Virginia,Hardy,100,1,0,39.00683177,-78.85855301,54031.0,725.9001161440185,1.0,99,99,1,0,98,98,13775,1,0,0,1,1
2020-10-15,US,West Virginia,Harrison,588,10,0,39.2853852,-80.37919577,54033.0,874.271440466278,1.7006802721088434,578,573,10,0,563,564,67554,15,0,0,15,9
2020-10-15,US,West Virginia,Jackson,336,24,0,38.84263974,-81.68148753,54035.0,1175.8118701007836,7.142857142857142,312,334,24,0,310,331,28706,2,0,0,2,3
2020-10-15,US,West Virginia,Jefferson,495,4,0,39.30776166,-77.86014147,54037.0,866.2023588702623,0.8080808080808081,491,488,4,0,484,480,56811,7,0,0,7,8
2020-10-15,US,West Virginia,Kanawha,3196,101,0,38.33860077,-81.52857054,54039.0,1794.2556870494711,3.160200250312891,3095,3170,100,0,3070,3162,180454,26,1,0,25,8
2020-10-15,US,West Virginia,Lewis,62,2,0,38.9947249,-80.49988181,54041.0,389.7655120387252,3.2258064516129035,60,58,2,0,56,53,16024,4,0,0,4,5
2020-10-15,US,West Virginia,Lincoln,203,2,0,38.172154,-82.07017953,54043.0,994.6592189720219,0.9852216748768472,201,199,2,0,197,199,20599,4,0,0,4,0
2020-10-15,US,West Virginia,Logan,701,43,0,37.8299889,-81.93528571,54045.0,2189.325088228864,6.134094151212554,658,697,43,0,654,694,32607,4,0,0,4,3
2020-10-15,US,West Virginia,Marion,337,5,0,39.50984542,-80.24244659,54049.0,601.0129833071766,1.483679525222552,332,333,5,0,328,330,56097,4,0,0,4,3
2020-10-15,US,West Virginia,Marshall,231,1,0,39.86064362,-80.66591062,54051.0,756.6080377321413,0.4329004329004329,230,221,1,0,220,218,30785,10,0,0,10,3
2020-10-15,US,West Virginia,Mason,156,6,0,38.77071799,-82.02524219,54053.0,588.3240307738722,3.8461538461538463,150,156,6,0,150,156,26718,0,0,0,0,0
2020-10-15,US,West Virginia,McDowell,100,1,0,37.38002939,-81.65083669,54047.0,567.4080798910577,1.0,99,99,1,0,98,99,18223,1,0,0,1,0
2020-10-15,US,West Virginia,Mercer,494,29,0,37.40481169,-81.11023142,54055.0,840.7365805507335,5.870445344129554,465,488,29,0,459,478,59131,6,0,0,6,10
2020-10-15,US,West Virginia,Mineral,196,4,0,39.41561583,-78.94104895,54057.0,729.4923328867053,2.0408163265306123,192,192,4,0,188,189,26940,4,0,0,4,3
2020-10-15,US,West Virginia,Mingo,478,9,0,37.73048351,-82.13338365,54059.0,2040.642076502732,1.8828451882845187,469,467,9,0,458,453,23785,11,0,0,11,14
2020-10-15,US,West Virginia,Monongalia,2190,5,0,39.63218457,-80.04766838,54061.0,2073.627996818543,0.22831050228310498,2185,2183,5,0,2178,2169,106420,7,0,0,7,14
2020-10-15,US,West Virginia,Monroe,175,8,0,37.56274716,-80.54577965,54063.0,1318.2674199623352,4.571428571428571,167,170,8,0,162,169,13280,5,0,0,5,1
2020-10-15,US,West Virginia,Morgan,89,0,0,39.55439028,-78.26311676,54065.0,497.651532095728,0.0,89,83,0,0,83,80,17787,6,0,0,6,3
2020-10-15,US,West Virginia,Nicholas,160,3,0,38.29617706,-80.79759588,54067.0,653.1678641410842,1.875,157,158,3,0,155,156,24842,2,0,0,2,2
2020-10-15,US,West Virginia,Ohio,433,7,0,40.0955451,-80.62203992,54069.0,1045.6158991572288,1.6166281755196306,426,421,7,0,414,417,41755,12,0,0,12,4
2020-10-15,US,West Virginia,Pendleton,63,1,0,38.68314479,-79.35084086,54071.0,904.0034438226432,1.5873015873015872,62,62,1,0,61,59,6997,1,0,0,1,3
2020-10-15,US,West Virginia,Pleasants,21,3,0,39.37091679,-81.16771771,54073.0,281.5013404825737,14.285714285714285,18,21,3,0,18,21,7507,0,0,0,0,0
2020-10-15,US,West Virginia,Pocahontas,62,0,0,38.32758728,-80.00993811,54075.0,751.7885291621194,0.0,62,61,0,0,61,61,8414,1,0,0,1,0
2020-10-15,US,West Virginia,Preston,172,4,0,39.46770987,-79.66712803,54077.0,514.4771476429769,2.3255813953488373,168,171,4,0,167,171,33839,1,0,0,1,0
2020-10-15,US,West Virginia,Putnam,739,10,0,38.50782345,-81.9082131,54079.0,1309.1231178033659,1.3531799729364005,729,732,10,0,722,719,56682,7,0,0,7,13
2020-10-15,US,West Virginia,Raleigh,629,8,0,37.76936795,-81.2456041,54081.0,857.4037976581562,1.2718600953895072,621,623,8,0,615,616,74254,6,0,0,6,7
2020-10-15,US,West Virginia,Randolph,360,1,0,38.769899,-79.87919615,54083.0,1254.5739675901725,0.2777777777777778,359,351,1,0,350,338,28823,9,0,0,9,13
2020-10-15,US,West Virginia,Ritchie,23,0,0,39.18094587,-81.06356878,54085.0,240.7368641406741,0.0,23,20,0,0,20,20,9721,3,0,0,3,0
2020-10-15,US,West Virginia,Roane,82,2,0,38.71622686,-81.35243568,54087.0,599.0648743424898,2.4390243902439024,80,79,2,0,77,75,13932,3,0,0,3,4
2020-10-15,US,West Virginia,Summers,67,0,0,37.65390597,-80.86009693,54089.0,532.8879344627377,0.0,67,67,0,0,67,64,12760,0,0,0,0,3
2020-10-15,US,West Virginia,Taylor,157,8,0,39.33602617,-80.0421439,54091.0,940.4013177598083,5.095541401273885,149,156,8,0,148,153,16862,1,0,0,1,3
2020-10-15,US,West Virginia,Tucker,50,0,0,39.11240885,-79.57053576,54093.0,731.1010381634743,0.0,50,49,0,0,49,48,6955,1,0,0,1,1
2020-10-15,US,West Virginia,Tyler,24,1,0,39.46811972,-80.88772676,54095.0,279.36212315213595,4.166666666666667,23,24,1,0,23,22,8746,0,0,0,0,2
2020-10-15,US,West Virginia,Upshur,203,1,0,38.89285061,-80.23689136,54097.0,839.6757114493712,0.4926108374384237,202,191,1,0,190,183,24415,12,0,0,12,8
2020-10-15,US,West Virginia,Wayne,465,11,0,38.14901357,-82.42287994,54099.0,1180.1431399421353,2.3655913978494625,454,460,11,0,449,448,39944,5,0,0,5,12
2020-10-15,US,West Virginia,Webster,15,0,0,38.49370949,-80.4202023,54101.0,184.8656642839537,0.0,15,14,0,0,14,14,8285,1,0,0,1,0
2020-10-15,US,West Virginia,Wetzel,71,0,0,39.6065771,-80.64016540000001,54103.0,471.2910720212413,0.0,71,71,0,0,71,71,15270,0,0,0,0,0
2020-10-15,US,West Virginia,Wirt,23,0,0,39.02775007,-81.37473928,54105.0,395.1211132107885,0.0,23,22,0,0,22,22,5830,1,0,0,1,0
2020-10-15,US,West Virginia,Wood,444,6,0,39.20967886,-81.5162836,54107.0,531.6219258123997,1.351351351351351,438,437,6,0,431,426,84203,7,0,0,7,11
2020-10-15,US,West Virginia,Wyoming,152,5,0,37.612327,-81.54511071,54109.0,745.3172501716191,3.2894736842105265,147,144,5,0,139,143,20786,8,0,0,8,1
2020-10-15,US,Wisconsin,Adams,340,4,0,43.96974651,-89.76782777,55001.0,1681.5034619188925,1.1764705882352942,336,334,4,0,330,319,20348,6,0,0,6,15
2020-10-15,US,Wisconsin,Ashland,210,3,0,46.31956891,-90.67837132,55003.0,1349.440945893844,1.4285714285714286,207,208,3,0,205,204,15600,2,0,0,2,4
2020-10-15,US,Wisconsin,Barron,701,6,0,45.42372701,-91.84833627,55005.0,1549.3767129343116,0.8559201141226819,695,678,6,0,672,645,45164,23,0,0,23,33
2020-10-15,US,Wisconsin,Bayfield,166,1,0,46.52868768,-91.19716729,55007.0,1104.0170258047353,0.6024096385542169,165,161,1,0,160,156,15042,5,0,0,5,5
2020-10-15,US,Wisconsin,Brown,12519,82,0,44.452655299999996,-88.00411844,55009.0,4732.329837984139,0.6550043933221503,12437,12220,79,0,12141,12045,263378,299,3,0,296,175
2020-10-15,US,Wisconsin,Buffalo,191,2,0,44.37835084,-91.75332578,55011.0,1465.735553679687,1.0471204188481675,189,185,2,0,183,178,13125,6,0,0,6,7
2020-10-15,US,Wisconsin,Burnett,255,6,0,45.86303537,-92.36711412,55013.0,1654.3402101985212,2.3529411764705883,249,250,4,0,246,247,15392,5,2,0,3,3
2020-10-15,US,Wisconsin,Calumet,2094,10,0,44.0816316,-88.21780273,55015.0,4180.5586056818875,0.4775549188156638,2084,2040,10,0,2030,1992,50159,54,0,0,54,48
2020-10-15,US,Wisconsin,Chippewa,959,2,0,45.06939744,-91.28068855,55017.0,1483.1884685576415,0.2085505735140772,957,887,1,0,886,859,64135,72,1,0,71,28
2020-10-15,US,Wisconsin,Clark,599,9,0,44.73483377,-90.61207486,55019.0,1722.5513314545346,1.5025041736227045,590,578,9,0,569,562,34709,21,0,0,21,16
2020-10-15,US,Wisconsin,Columbia,1266,4,0,43.46492199,-89.33589004,55021.0,2200.514496280331,0.315955766192733,1262,1229,4,0,1225,1173,57358,37,0,0,37,56
2020-10-15,US,Wisconsin,Crawford,268,0,0,43.23870316,-90.93073686,55023.0,1661.3973095282377,0.0,268,261,0,0,261,254,16291,7,0,0,7,7
2020-10-15,US,Wisconsin,Dane,12072,46,0,43.06601594,-89.41733797,55025.0,2208.178234664667,0.3810470510271703,12026,11855,46,0,11809,11693,542364,217,0,0,217,162
2020-10-15,US,Wisconsin,Dodge,2806,19,0,43.41576662,-88.70928178,55027.0,3194.4808114846483,0.6771204561653599,2787,2733,19,0,2714,2680,87847,73,0,0,73,53
2020-10-15,US,Wisconsin,Door,563,4,0,44.95856458,-87.30002707,55029.0,2034.8416943761747,0.7104795737122558,559,562,4,0,558,540,27610,1,0,0,1,22
2020-10-15,US,Wisconsin,Douglas,655,1,0,46.43222285,-91.91595768,55031.0,1517.9606025492471,0.15267175572519084,654,648,1,0,647,639,43208,7,0,0,7,9
2020-10-15,US,Wisconsin,Dunn,797,1,0,44.94562799,-91.8962481,55033.0,1756.74484217951,0.12547051442910914,796,791,1,0,790,793,45131,6,0,0,6,-2
2020-10-15,US,Wisconsin,Eau Claire,2508,9,0,44.726614,-91.28609183,55035.0,2396.6515681440287,0.3588516746411483,2499,2471,9,0,2462,2454,104534,37,0,0,37,17
2020-10-15,US,Wisconsin,Florence,149,4,0,45.84963535,-88.39804137,55037.0,3469.1501746216527,2.684563758389262,145,143,4,0,139,143,4321,6,0,0,6,0
2020-10-15,US,Wisconsin,Fond du Lac,3247,16,0,43.75354908,-88.48885325,55039.0,3140.141001711749,0.4927625500461965,3231,3135,16,0,3119,3097,103066,112,0,0,112,38
2020-10-15,US,Wisconsin,Forest,388,10,0,45.66678019,-88.77084892,55041.0,4309.195912927587,2.5773195876288657,378,384,9,0,375,375,8991,4,1,0,3,9
2020-10-15,US,Wisconsin,Grant,1538,23,0,42.8671731,-90.7063218,55043.0,2989.9492602888868,1.495448634590377,1515,1479,23,0,1456,1450,51554,59,0,0,59,29
2020-10-15,US,Wisconsin,Green,760,3,0,42.6794956,-89.60243287,55045.0,2056.277056277056,0.3947368421052632,757,742,3,0,739,718,36929,18,0,0,18,24
2020-10-15,US,Wisconsin,Green Lake,536,2,0,43.80025981,-89.04679553,55047.0,2834.0295035161,0.373134328358209,534,521,2,0,519,499,18918,15,0,0,15,22
2020-10-15,US,Wisconsin,Iowa,335,1,0,43.00050278,-90.13469017,55049.0,1414.815440493285,0.29850746268656714,334,321,0,0,321,309,23771,14,1,0,13,12
2020-10-15,US,Wisconsin,Iron,158,1,0,46.26302338,-90.24295041,55051.0,2778.2662212062605,0.6329113924050633,157,159,1,0,158,156,5676,-1,0,0,-1,3
2020-10-15,US,Wisconsin,Jackson,247,1,0,44.31864893,-90.80566792,55053.0,1196.5315118926512,0.4048582995951417,246,225,1,0,224,218,20478,22,0,0,22,7
2020-10-15,US,Wisconsin,Jefferson,2112,9,0,43.02054068,-88.77529134,55055.0,2491.476837051281,0.4261363636363637,2103,2050,9,0,2041,1978,85129,62,0,0,62,72
2020-10-15,US,Wisconsin,Juneau,566,3,0,43.92456975,-90.11120239,55057.0,2120.882826844531,0.5300353356890459,563,555,3,0,552,544,26617,11,0,0,11,11
2020-10-15,US,Wisconsin,Kenosha,4194,69,0,42.57639354,-88.04051686,55059.0,2473.446134429497,1.6452074391988556,4125,4140,69,0,4071,4057,169290,54,0,0,54,83
2020-10-15,US,Wisconsin,Kewaunee,851,4,0,44.51727459,-87.61468386,55061.0,4164.627581481844,0.4700352526439483,847,841,4,0,837,838,20383,10,0,0,10,3
2020-10-15,US,Wisconsin,La Crosse,3657,11,0,43.90632465,-91.11451093,55063.0,3098.732375271149,0.3007929997265518,3646,3605,11,0,3594,3587,118230,52,0,0,52,18
2020-10-15,US,Wisconsin,Lafayette,436,1,0,42.66005229,-90.1317729,55065.0,2616.2616261626167,0.22935779816513766,435,429,0,0,429,412,16665,7,1,0,6,17
2020-10-15,US,Wisconsin,Langlade,588,4,0,45.26271619,-89.07483625,55067.0,3064.2555630830157,0.6802721088435374,584,566,4,0,562,524,19268,22,0,0,22,42
2020-10-15,US,Wisconsin,Lincoln,484,4,0,45.33737523,-89.73411273,55069.0,1754.0680607400427,0.8264462809917356,480,462,4,0,458,449,27689,22,0,0,22,13
2020-10-15,US,Wisconsin,Manitowoc,1940,7,0,44.11946801,-87.80928853,55071.0,2456.286955090465,0.3608247422680412,1933,1890,7,0,1883,1861,79074,50,0,0,50,29
2020-10-15,US,Wisconsin,Marathon,3016,31,0,44.89792533,-89.75863384,55073.0,2222.680777053916,1.0278514588859415,2985,2899,31,0,2868,2709,135428,117,0,0,117,190
2020-10-15,US,Wisconsin,Marinette,1349,9,0,45.38553432,-88.03324599999998,55075.0,3343.246592317225,0.6671608598962194,1340,1330,9,0,1321,1305,40434,19,0,0,19,25
2020-10-15,US,Wisconsin,Marquette,470,2,0,43.81911946,-89.40073763,55077.0,3017.850263259278,0.425531914893617,468,455,2,0,453,436,15434,15,0,0,15,19
2020-10-15,US,Wisconsin,Menominee,194,0,0,45.00422544,-88.70950714,55078.0,4258.121158911325,0.0,194,183,0,0,183,174,4658,11,0,0,11,9
2020-10-15,US,Wisconsin,Milwaukee,34017,554,0,43.00486062,-87.96733172,55079.0,3596.919192239613,1.628597465972896,33463,33532,554,0,32978,33048,948201,485,0,0,485,484
2020-10-15,US,Wisconsin,Monroe,853,3,0,43.94641218,-90.61881899999999,55081.0,1844.2047002356603,0.3516998827667057,850,813,3,0,810,800,46051,40,0,0,40,13
2020-10-15,US,Wisconsin,Oconto,1634,6,0,45.02715345,-88.26807503,55083.0,4307.9356709728445,0.3671970624235006,1628,1607,6,0,1601,1584,37830,27,0,0,27,23
2020-10-15,US,Wisconsin,Oneida,839,5,0,45.70677897,-89.51944105,55085.0,2357.072622559348,0.5959475566150179,834,805,5,0,800,788,35470,34,0,0,34,17
2020-10-15,US,Wisconsin,Outagamie,7105,47,0,44.41578887,-88.46565023,55087.0,3781.5685126540166,0.661505981703026,7058,6928,46,0,6882,6810,187365,177,1,0,176,118
2020-10-15,US,Wisconsin,Ozaukee,1740,21,0,43.38352225,-87.94625009,55089.0,1950.2135147554948,1.206896551724138,1719,1684,21,0,1663,1664,89147,56,0,0,56,20
2020-10-15,US,Wisconsin,Pepin,85,0,0,44.58307413,-91.99949611,55091.0,1166.4608206394948,0.0,85,81,0,0,81,79,7289,4,0,0,4,2
2020-10-15,US,Wisconsin,Pierce,559,7,0,44.71850291,-92.4224416,55093.0,1307.4800018711699,1.2522361359570662,552,548,7,0,541,540,42555,11,0,0,11,8
2020-10-15,US,Wisconsin,Polk,375,2,0,45.46130348,-92.44182875,55095.0,856.4968138318526,0.5333333333333333,373,363,2,0,361,347,43598,12,0,0,12,16
2020-10-15,US,Wisconsin,Portage,2065,15,0,44.47558711,-89.50152965,55097.0,2917.820607019725,0.7263922518159807,2050,2004,14,0,1990,1952,70942,61,1,0,60,52
2020-10-15,US,Wisconsin,Price,267,0,0,45.68051754,-90.36098879999999,55099.0,1999.8501984870047,0.0,267,250,0,0,250,240,13397,17,0,0,17,10
2020-10-15,US,Wisconsin,Racine,5951,101,0,42.74753117,-88.05941254,55101.0,3031.4144393335064,1.6971937489497564,5850,5840,101,0,5739,5678,196584,111,0,0,111,162
2020-10-15,US,Wisconsin,Richland,350,6,0,43.3762778,-90.43012729,55103.0,2028.75028982147,1.7142857142857142,344,332,6,0,326,329,17377,18,0,0,18,3
2020-10-15,US,Wisconsin,Rock,3634,37,0,42.67151616,-89.07147900000002,55105.0,2224.6164770988157,1.0181618051733627,3597,3538,37,0,3501,3477,163129,96,0,0,96,61
2020-10-15,US,Wisconsin,Rusk,109,1,0,45.47498854,-91.1333012,55107.0,768.7967273240231,0.9174311926605504,108,103,1,0,102,102,14147,6,0,0,6,1
2020-10-15,US,Wisconsin,Sauk,1373,6,0,43.42574087,-89.94966132,55111.0,2130.598057167685,0.43699927166788055,1367,1328,6,0,1322,1285,64249,45,0,0,45,43
2020-10-15,US,Wisconsin,Sawyer,304,1,0,45.87931905,-91.14504927,55113.0,1835.9705278415267,0.32894736842105265,303,293,1,0,292,288,16489,11,0,0,11,5
2020-10-15,US,Wisconsin,Shawano,1773,8,0,44.78902246,-88.76443896,55115.0,4335.069317098218,0.4512126339537507,1765,1720,8,0,1712,1649,40796,53,0,0,53,71
2020-10-15,US,Wisconsin,Sheboygan,2828,20,0,43.72099677,-87.94579284,55117.0,2451.881394139067,0.7072135785007072,2808,2710,20,0,2690,2597,115456,118,0,0,118,113
2020-10-15,US,Wisconsin,St. Croix,1332,9,0,45.03437474,-92.45000068,55109.0,1468.7882496940024,0.6756756756756757,1323,1305,9,0,1296,1254,89694,27,0,0,27,51
2020-10-15,US,Wisconsin,Taylor,324,6,0,45.21179252,-90.5004405,55119.0,1592.6854446246866,1.851851851851852,318,309,6,0,303,296,20412,15,0,0,15,13
2020-10-15,US,Wisconsin,Trempealeau,821,2,0,44.30360275,-91.35893614,55121.0,2769.064723936727,0.243605359317905,819,816,2,0,814,807,29442,5,0,0,5,9
2020-10-15,US,Wisconsin,Vernon,401,3,0,43.59422667,-90.8324691,55123.0,1301.0187528388813,0.7481296758104738,398,394,3,0,391,381,30785,7,0,0,7,13
2020-10-15,US,Wisconsin,Vilas,388,3,0,46.05467334,-89.51719204,55125.0,1748.1414733047986,0.7731958762886598,385,367,3,0,364,353,21938,21,0,0,21,14
2020-10-15,US,Wisconsin,Walworth,2989,36,0,42.66858202,-88.54163073,55127.0,2877.690915392613,1.2044161927065908,2953,2959,36,0,2923,2934,103718,30,0,0,30,25
2020-10-15,US,Wisconsin,Washburn,168,2,0,45.89838588,-91.79050449,55129.0,1068.702290076336,1.1904761904761905,166,161,2,0,159,159,15878,7,0,0,7,2
2020-10-15,US,Wisconsin,Washington,3561,40,0,43.36863664,-88.22974712,55131.0,2617.7279209609364,1.1232799775344005,3521,3472,40,0,3432,3394,135693,89,0,0,89,78
2020-10-15,US,Wisconsin,Waukesha,9723,100,0,43.01833055,-88.30431188,55133.0,2405.504233073889,1.0284891494394734,9623,9532,98,0,9434,9390,403072,191,2,0,189,142
2020-10-15,US,Wisconsin,Waupaca,1806,28,0,44.47068056,-88.96534501,55135.0,3541.8709550892327,1.5503875968992251,1778,1741,27,0,1714,1689,51128,65,1,0,64,52
2020-10-15,US,Wisconsin,Waushara,710,3,0,44.11324419,-89.24317107,55137.0,2904.7170969193635,0.4225352112676056,707,653,3,0,650,639,24263,57,0,0,57,14
2020-10-15,US,Wisconsin,Winnebago,6831,48,0,44.06886922,-88.64477096,55139.0,3973.6601767234615,0.7026789635485288,6783,6603,46,0,6557,6494,171020,228,2,0,226,109
2020-10-15,US,Wisconsin,Wood,1226,9,0,44.45537896,-90.04158336,55141.0,1679.4750613022095,0.7340946166394781,1217,1182,8,0,1174,1152,73055,44,1,0,43,30
2020-10-15,US,Wyoming,Albany,959,1,0,41.65498705,-105.72354150000001,56001.0,2466.5637860082306,0.10427528675703858,958,942,1,0,941,914,38601,17,0,0,17,28
2020-10-15,US,Wyoming,Big Horn,121,2,0,44.52405055,-107.9960365,56003.0,1026.293469041561,1.6528925619834711,119,122,2,0,120,118,11881,-1,0,0,-1,4
2020-10-15,US,Wyoming,Campbell,522,2,0,44.24886082,-105.54744040000001,56005.0,1126.4323169547486,0.3831417624521073,520,510,2,0,508,487,46140,12,0,0,12,23
2020-10-15,US,Wyoming,Carbon,263,2,0,41.69357844,-106.9326084,56007.0,1777.027027027027,0.7604562737642585,261,262,2,0,260,256,14971,1,0,0,1,6
2020-10-15,US,Wyoming,Converse,217,0,0,42.97272268,-105.5081848,56009.0,1569.960931847779,0.0,217,209,0,0,209,201,13640,8,0,0,8,8
2020-10-15,US,Wyoming,Crook,74,0,0,44.58855102,-104.56977049999999,56011.0,975.7383966244728,0.0,74,68,0,0,68,66,7450,6,0,0,6,2
2020-10-15,US,Wyoming,Fremont,979,14,0,43.04183996,-108.6296893,56013.0,2493.5686813886555,1.4300306435137895,965,964,14,0,950,946,39531,15,0,0,15,18
2020-10-15,US,Wyoming,Goshen,134,2,0,42.08798185,-104.3534743,56015.0,1014.3062599349028,1.492537313432836,132,133,2,0,131,130,13376,1,0,0,1,3
2020-10-15,US,Wyoming,Hot Springs,41,0,0,43.71930657,-108.44231740000001,56017.0,929.0731928393384,0.0,41,41,0,0,41,41,4555,0,0,0,0,0
2020-10-15,US,Wyoming,Johnson,60,1,0,44.04057166,-106.58451740000001,56019.0,710.4795737122557,1.6666666666666667,59,57,1,0,56,55,8460,3,0,0,3,2
2020-10-15,US,Wyoming,Laramie,1084,4,0,41.30702520000001,-104.6887497,56021.0,1089.4472361809046,0.3690036900369004,1080,1037,4,0,1033,992,98976,47,0,0,47,45
2020-10-15,US,Wyoming,Lincoln,295,2,0,42.26376367,-110.6563997,56023.0,1487.6449823499747,0.6779661016949152,293,294,2,0,292,289,19434,1,0,0,1,5
2020-10-15,US,Wyoming,Natrona,880,7,0,42.96180148,-106.79788500000001,56025.0,1101.9559718500336,0.7954545454545454,873,840,7,0,833,817,79115,40,0,0,40,23
2020-10-15,US,Wyoming,Niobrara,4,0,0,43.05607708,-104.47588959999999,56027.0,169.77928692699493,0.0,4,4,0,0,4,4,2388,0,0,0,0,0
2020-10-15,US,Wyoming,Park,386,2,0,44.52157546,-109.58528249999999,56029.0,1322.1894909912994,0.5181347150259067,384,369,2,0,367,355,29324,17,0,0,17,14
2020-10-15,US,Wyoming,Platte,77,1,0,42.13299116,-104.96633100000001,56031.0,917.4311926605504,1.2987012987012987,76,74,1,0,73,72,8566,3,0,0,3,2
2020-10-15,US,Wyoming,Sheridan,460,4,0,44.79048913,-106.8862389,56033.0,1508.9388223716587,0.8695652173913043,456,447,4,0,443,435,30233,13,0,0,13,12
2020-10-15,US,Wyoming,Sublette,135,1,0,42.76558279,-109.91309220000001,56035.0,1373.20720170888,0.7407407407407407,134,133,1,0,132,133,9813,2,0,0,2,0
2020-10-15,US,Wyoming,Sweetwater,406,2,0,41.65943896,-108.8827882,56037.0,958.8361712679782,0.4926108374384237,404,402,2,0,400,401,43051,4,0,0,4,1
2020-10-15,US,Wyoming,Teton,687,1,0,43.93522482,-110.5890801,56039.0,2927.889532901467,0.14556040756914118,686,686,1,0,685,679,23081,1,0,0,1,7
2020-10-15,US,Wyoming,Uinta,388,2,0,41.2878183,-110.54757820000002,56041.0,1918.3229506575688,0.5154639175257731,386,385,2,0,383,384,20299,3,0,0,3,1
2020-10-15,US,Wyoming,Washakie,132,7,0,43.90451606,-107.68018700000002,56043.0,1691.2235746316464,5.303030303030303,125,132,7,0,125,127,7885,0,0,0,0,5
2020-10-15,US,Wyoming,Weston,71,0,0,43.83961191,-104.56748809999999,56045.0,1024.9747365381838,0.0,71,66,0,0,66,62,6967,5,0,0,5,4
