Date,Country/Region,Province/State,Admin2,Confirmed,Deaths,Recovered,Latitude,Longitude,FIPS,Incidence_Rate,Case-Fatality_Ratio,Active Cases,Previous Confirmed,Previous Deaths,Previous Recovered,Previous Active,Prev2 Confirmed,Population,Daily Confirmed,Daily Deaths,Daily Recovered,Daily Active,Previous Daily Confirmed
2020-08-19,US,Alabama,Autauga,1241,22,0,32.53952745,-86.64408227,1001.0,2221.2676081547907,1.7727639000805802,1219,1235,22,0,1213,1219,55601,6,0,0,6,16
2020-08-19,US,Alabama,Baldwin,3931,30,0,30.72774991,-87.72207058,1003.0,1760.932474443857,0.7631645891630628,3901,3906,30,0,3876,3888,218022,25,0,0,25,18
2020-08-19,US,Alabama,Barbour,613,7,0,31.868263,-85.3871286,1005.0,2483.18885198088,1.1419249592169658,606,606,6,0,600,605,24881,7,1,0,6,1
2020-08-19,US,Alabama,Bibb,490,5,0,32.99642064,-87.12511459999996,1007.0,2188.086094489596,1.020408163265306,485,476,5,0,471,474,22400,14,0,0,14,2
2020-08-19,US,Alabama,Blount,901,5,0,33.98210918,-86.56790593,1009.0,1558.1226437934495,0.5549389567147613,896,887,5,0,882,863,57840,14,0,0,14,24
2020-08-19,US,Alabama,Bullock,522,13,0,32.10030533,-85.71265535,1011.0,5167.805167805168,2.490421455938697,509,504,13,0,491,496,10138,18,0,0,18,8
2020-08-19,US,Alabama,Butler,796,36,0,31.75300095,-86.68057478,1013.0,4092.96585767174,4.522613065326633,760,796,36,0,760,795,19680,0,0,0,0,1
2020-08-19,US,Alabama,Calhoun,2028,23,0,33.77483727,-85.82630386,1015.0,1785.1326966242682,1.1341222879684418,2005,1982,23,0,1959,1936,114277,46,0,0,46,46
2020-08-19,US,Alabama,Chambers,859,38,0,32.91360079,-85.39072749,1017.0,2583.147891982919,4.423748544819556,821,859,38,0,821,855,33615,0,0,0,0,4
2020-08-19,US,Alabama,Cherokee,313,8,0,34.17805983,-85.60638968,1019.0,1194.8389067033133,2.5559105431309903,305,313,8,0,305,306,26032,0,0,0,0,7
2020-08-19,US,Alabama,Chilton,884,9,0,32.85044126,-86.7173256,1021.0,1989.7362023948856,1.0180995475113122,875,880,9,0,871,864,44153,4,0,0,4,16
2020-08-19,US,Alabama,Choctaw,301,12,0,32.02227341,-88.26564429999998,1023.0,2390.9762491063625,3.986710963455149,289,297,12,0,285,296,12841,4,0,0,4,1
2020-08-19,US,Alabama,Clarke,861,10,0,31.68099859,-87.83548597,1025.0,3644.9072898145796,1.1614401858304295,851,839,10,0,829,835,23920,22,0,0,22,4
2020-08-19,US,Alabama,Clay,313,5,0,33.26984193,-85.85836077,1027.0,2364.941443143181,1.597444089456869,308,310,5,0,305,304,13275,3,0,0,3,6
2020-08-19,US,Alabama,Cleburne,164,1,0,33.67679204,-85.52005899,1029.0,1099.9329309188465,0.6097560975609756,163,148,1,0,147,134,14987,16,0,0,16,14
2020-08-19,US,Alabama,Coffee,848,6,0,31.39932826,-85.98901039,1031.0,1620.113866493447,0.7075471698113207,842,847,6,0,841,816,51909,1,0,0,1,31
2020-08-19,US,Alabama,Colbert,1304,18,0,34.69847452,-87.80168544,1033.0,2360.5655219854816,1.3803680981595092,1286,1300,18,0,1282,1276,54762,4,0,0,4,24
2020-08-19,US,Alabama,Conecuh,410,10,0,31.43401703,-86.99320044,1035.0,3397.6961962376727,2.4390243902439024,400,408,10,0,398,403,12277,2,0,0,2,5
2020-08-19,US,Alabama,Coosa,106,3,0,32.93690146,-86.24847739,1037.0,994.091719028416,2.830188679245283,103,106,3,0,103,106,10715,0,0,0,0,0
2020-08-19,US,Alabama,Covington,786,22,0,31.247785399999998,-86.45050893,1039.0,2121.5147507355123,2.7989821882951653,764,786,22,0,764,775,36986,0,0,0,0,11
2020-08-19,US,Alabama,Crenshaw,357,9,0,31.72941803,-86.31593104,1041.0,2592.2160906186464,2.5210084033613445,348,353,9,0,344,350,13824,4,0,0,4,3
2020-08-19,US,Alabama,Cullman,1317,12,0,34.13020303,-86.86888037,1043.0,1572.1994078884534,0.9111617312072892,1305,1303,12,0,1291,1284,83442,14,0,0,14,19
2020-08-19,US,Alabama,Dale,890,29,0,31.43037123,-85.61095742,1045.0,1809.9731554543241,3.2584269662921344,861,890,30,0,860,885,48956,0,-1,0,1,5
2020-08-19,US,Alabama,Dallas,1381,25,0,32.32688101,-87.10866709999998,1047.0,3712.7648134207975,1.8102824040550325,1356,1368,25,0,1343,1365,38310,13,0,0,13,3
2020-08-19,US,Alabama,DeKalb,1944,14,0,34.45946862,-85.80782906,1049.0,2718.386866723533,0.7201646090534979,1930,1932,14,0,1918,1899,71385,12,0,0,12,33
2020-08-19,US,Alabama,Elmore,1848,40,0,32.59785413,-86.14415284,1051.0,2275.609846199313,2.1645021645021645,1808,1837,40,0,1797,1826,81887,11,0,0,11,11
2020-08-19,US,Alabama,Escambia,1142,17,0,31.1256789,-87.15918694,1053.0,3117.4078017088427,1.48861646234676,1125,1126,17,0,1109,1114,36748,16,0,0,16,12
2020-08-19,US,Alabama,Etowah,2377,36,0,34.04567266,-86.04051873,1055.0,2324.285211405327,1.5145140933950358,2341,2336,36,0,2300,2292,102501,41,0,0,41,44
2020-08-19,US,Alabama,Fayette,252,6,0,33.72076938,-87.73886638,1057.0,1545.8225984541773,2.380952380952381,246,247,6,0,241,246,16433,5,0,0,5,1
2020-08-19,US,Alabama,Franklin,1383,22,0,34.44235334,-87.84289505,1059.0,4409.795293667496,1.5907447577729574,1361,1373,22,0,1351,1360,31363,10,0,0,10,13
2020-08-19,US,Alabama,Geneva,300,2,0,31.09389027,-85.83572839,1061.0,1141.9435879867535,0.6666666666666666,298,297,2,0,295,287,26314,3,0,0,3,10
2020-08-19,US,Alabama,Greene,265,13,0,32.85504247,-87.95684022,1063.0,3267.1680433978554,4.90566037735849,252,261,13,0,248,258,8233,4,0,0,4,3
2020-08-19,US,Alabama,Hale,504,26,0,32.76039258,-87.63284988,1065.0,3440.0382226469183,5.158730158730159,478,498,26,0,472,497,14726,6,0,0,6,1
2020-08-19,US,Alabama,Henry,278,3,0,31.51148016,-85.24267944,1067.0,1615.8093577448417,1.0791366906474822,275,278,3,0,275,277,17209,0,0,0,0,1
2020-08-19,US,Alabama,Houston,1550,13,0,31.15197924,-85.29939599,1069.0,1463.893768534784,0.8387096774193549,1537,1540,13,0,1527,1532,104722,10,0,0,10,8
2020-08-19,US,Alabama,Jackson,1165,5,0,34.78144169,-85.99750489,1071.0,2256.6148839731923,0.4291845493562232,1160,1156,5,0,1151,1130,51736,9,0,0,9,26
2020-08-19,US,Alabama,Jefferson,14337,272,0,33.55554728,-86.89506300000002,1073.0,2176.979621089841,1.8971890911627256,14065,14198,264,0,13934,14059,659300,139,8,0,131,139
2020-08-19,US,Alabama,Lamar,249,2,0,33.77995024,-88.09668032,1075.0,1803.694313654473,0.8032128514056225,247,247,2,0,245,245,13844,2,0,0,2,2
2020-08-19,US,Alabama,Lauderdale,1278,21,0,34.90171875,-87.65624729,1077.0,1378.2096215854806,1.6431924882629108,1257,1269,21,0,1248,1240,92387,9,0,0,9,29
2020-08-19,US,Alabama,Lawrence,379,3,0,34.52041498,-87.31069453,1079.0,1151.135949459361,0.7915567282321899,376,377,3,0,374,370,32957,2,0,0,2,7
2020-08-19,US,Alabama,Lee,2888,47,0,32.60154883,-85.35132246,1081.0,1755.1749705242428,1.6274238227146811,2841,2861,47,0,2814,2779,163941,27,0,0,27,82
2020-08-19,US,Alabama,Limestone,1492,13,0,34.81185586,-86.98310072,1083.0,1508.3657685891928,0.8713136729222521,1479,1473,13,0,1460,1455,96174,19,0,0,19,18
2020-08-19,US,Alabama,Lowndes,585,24,0,32.1597283,-86.65158371,1085.0,6014.8056755089465,4.102564102564102,561,585,24,0,561,580,9974,0,0,0,0,5
2020-08-19,US,Alabama,Macon,360,15,0,32.38759944,-85.69267724,1087.0,1992.4728802302413,4.166666666666667,345,355,15,0,340,346,18439,5,0,0,5,9
2020-08-19,US,Alabama,Madison,5769,38,0,34.76327133,-86.55069633,1089.0,1547.0262181926419,0.6586930143872421,5731,5773,38,0,5735,5735,366519,-4,0,0,-4,38
2020-08-19,US,Alabama,Marengo,595,17,0,32.24767634,-87.78796182,1091.0,3154.323278375656,2.8571428571428568,578,591,17,0,574,591,19066,4,0,0,4,0
2020-08-19,US,Alabama,Marion,622,27,0,34.13697363,-87.88704173,1093.0,2093.6416574102122,4.340836012861736,595,619,27,0,592,608,29763,3,0,0,3,11
2020-08-19,US,Alabama,Marshall,3323,38,0,34.36975964,-86.30486727,1095.0,3433.7735342137353,1.1435449894673488,3285,3317,38,0,3279,3253,96109,6,0,0,6,64
2020-08-19,US,Alabama,Mobile,11264,230,0,30.78472347,-88.20842409,1097.0,2725.9746859950146,2.041903409090909,11034,11138,229,0,10909,11074,413757,126,1,0,125,64
2020-08-19,US,Alabama,Monroe,438,6,0,31.56729412,-87.36995001,1099.0,2112.5741571407902,1.3698630136986298,432,434,6,0,428,432,21067,4,0,0,4,2
2020-08-19,US,Alabama,Montgomery,7257,153,0,32.2206831,-86.20969272,1101.0,3204.171560273041,2.1083092186854078,7104,7226,153,0,7073,7165,225763,31,0,0,31,61
2020-08-19,US,Alabama,Morgan,2577,22,0,34.45500589,-86.85475946,1103.0,2153.259970420876,0.8537058595265813,2555,2555,22,0,2533,2515,119089,22,0,0,22,40
2020-08-19,US,Alabama,Perry,460,4,0,32.64048341,-87.29770589,1105.0,5155.216855317718,0.8695652173913043,456,459,4,0,455,457,9140,1,0,0,1,2
2020-08-19,US,Alabama,Pickens,457,10,0,33.28094866,-88.08818103,1107.0,2293.0255895634727,2.1881838074398248,447,443,10,0,433,440,19938,14,0,0,14,3
2020-08-19,US,Alabama,Pike,740,7,0,31.80396383,-85.9408295,1109.0,2234.7043546536206,0.945945945945946,733,731,7,0,724,725,33338,9,0,0,9,6
2020-08-19,US,Alabama,Randolph,417,11,0,33.29526734,-85.45708831,1111.0,1835.225772379192,2.6378896882494005,406,416,11,0,405,409,22725,1,0,0,1,7
2020-08-19,US,Alabama,Russell,1462,2,0,32.28725256,-85.18415324,1113.0,2522.385742136955,0.13679890560875513,1460,1453,2,0,1451,1410,57781,9,0,0,9,43
2020-08-19,US,Alabama,Shelby,3572,38,0,33.26879845,-86.66232561,1117.0,1640.7750043637634,1.0638297872340423,3534,3538,38,0,3500,3517,215707,34,0,0,34,21
2020-08-19,US,Alabama,St. Clair,1472,22,0,33.71902176,-86.31029372,1115.0,1644.4722495307892,1.4945652173913044,1450,1442,22,0,1420,1419,88690,30,0,0,30,23
2020-08-19,US,Alabama,Sumter,379,19,0,32.59117397,-88.19916205,1119.0,3049.8108956304827,5.013192612137203,360,379,19,0,360,378,12691,0,0,0,0,1
2020-08-19,US,Alabama,Talladega,1190,15,0,33.37823223,-86.16886178,1121.0,1487.9091750231314,1.2605042016806722,1175,1170,15,0,1155,1144,79828,20,0,0,20,26
2020-08-19,US,Alabama,Tallapoosa,901,79,0,32.86698258,-85.79833053,1123.0,2232.0212054400868,8.76803551609323,822,902,79,0,823,889,40497,-1,0,0,-1,13
2020-08-19,US,Alabama,Tuscaloosa,4617,85,0,33.28726072,-87.52556818,1125.0,2205.3449881779748,1.8410223088585664,4532,4524,85,0,4439,4484,208911,93,0,0,93,40
2020-08-19,US,Alabama,Unassigned,4694,68,0,0.0,0.0,90001.0,0.0,1.4486578610992755,4626,4546,69,0,4477,4409,,148,-1,0,149,137
2020-08-19,US,Alabama,Walker,1658,67,0,33.80270512,-87.30027177,1127.0,2610.1604193888634,4.0410132689987925,1591,1645,67,0,1578,1628,63711,13,0,0,13,17
2020-08-19,US,Alabama,Washington,476,13,0,31.4092794,-88.20689944,1129.0,2915.5947568295974,2.73109243697479,463,475,13,0,462,467,16378,1,0,0,1,8
2020-08-19,US,Alabama,Wilcox,458,10,0,31.98773215,-87.30891118,1131.0,4415.3089752241385,2.183406113537118,448,456,10,0,446,455,10627,2,0,0,2,1
2020-08-19,US,Alabama,Winston,488,11,0,34.15030532,-87.37325922,1133.0,2065.258792162173,2.2540983606557377,477,484,11,0,473,478,23660,4,0,0,4,6
2020-08-19,US,Alaska,Aleutians East,2,0,0,55.32222414,-161.9722021,2013.0,59.93407252022774,0.0,2,2,0,0,2,2,3515,0,0,0,0,0
2020-08-19,US,Alaska,Aleutians West,5,0,0,52.3233,-174.1596,2016.0,88.74689385871494,0.0,5,5,0,0,5,5,5723,0,0,0,0,0
2020-08-19,US,Alaska,Anchorage,2551,16,0,61.14998174,-149.14269860000005,2020.0,885.7638888888887,0.6272050176401411,2535,2519,16,0,2503,2497,291538,32,0,0,32,22
2020-08-19,US,Alaska,Bethel,35,0,0,60.90980451,-159.8561831,2050.0,190.3622321331448,0.0,35,33,0,0,33,33,18216,2,0,0,2,0
2020-08-19,US,Alaska,Bristol Bay,11,0,0,58.74513976,-156.701064,2060.0,1315.7894736842104,0.0,11,11,0,0,11,11,877,0,0,0,0,0
2020-08-19,US,Alaska,Denali,1,0,0,63.67264044,-150.0076108,2068.0,47.687172150691474,0.0,1,1,0,0,1,1,2059,0,0,0,0,0
2020-08-19,US,Alaska,Dillingham,5,0,0,59.79603738,-158.23819419999995,2070.0,101.70870626525631,0.0,5,4,0,0,4,4,5000,1,0,0,1,0
2020-08-19,US,Alaska,Fairbanks North Star,517,6,0,64.80726247,-146.5692662,2090.0,533.8206899400097,1.1605415860735009,511,503,6,0,497,495,98971,14,0,0,14,8
2020-08-19,US,Alaska,Haines,5,0,0,59.09893571,-135.4679843,2100.0,197.6284584980237,0.0,5,5,0,0,5,5,2474,0,0,0,0,0
2020-08-19,US,Alaska,Juneau,150,1,0,58.45031811,-134.200436,2110.0,469.13116907487336,0.6666666666666666,149,150,1,0,149,148,32113,0,0,0,0,2
2020-08-19,US,Alaska,Kenai Peninsula,381,2,0,60.24429722,-151.53888840000005,2122.0,648.9745860870751,0.5249343832020997,379,379,2,0,377,365,58533,2,0,0,2,14
2020-08-19,US,Alaska,Ketchikan Gateway,40,0,0,55.57445008,-130.975561,2130.0,287.7490827997986,0.0,40,39,0,0,39,39,13918,1,0,0,1,0
2020-08-19,US,Alaska,Kodiak Island,12,0,0,57.65529415,-153.7493579,2150.0,92.32189567625788,0.0,12,11,0,0,11,11,13345,1,0,0,1,0
2020-08-19,US,Alaska,Kusilvak,8,0,0,62.15429159999999,-163.39678830000003,2158.0,96.22323791195574,0.0,8,8,0,0,8,8,8303,0,0,0,0,0
2020-08-19,US,Alaska,Matanuska-Susitna,396,2,0,62.31305045,-149.5741743,2170.0,365.59358180156397,0.5050505050505051,394,389,2,0,387,381,107610,7,0,0,7,8
2020-08-19,US,Alaska,Nome,26,0,0,64.90320724,-164.0353804,2180.0,259.89604158336664,0.0,26,26,0,0,26,26,10008,0,0,0,0,0
2020-08-19,US,Alaska,North Slope,26,0,0,69.31479216,-153.4836093,2185.0,264.4426362896664,0.0,26,24,0,0,24,24,9872,2,0,0,2,0
2020-08-19,US,Alaska,Northwest Arctic,51,0,0,67.04919196,-159.7503946,2188.0,669.2035165988715,0.0,51,48,0,0,48,45,7671,3,0,0,3,3
2020-08-19,US,Alaska,Petersburg,7,1,0,57.13978948,-132.9540995,2195.0,214.32945499081444,14.285714285714285,6,7,1,0,6,7,3221,0,0,0,0,0
2020-08-19,US,Alaska,Prince of Wales-Hyder,16,0,0,55.76261984,-133.0511621,2198.0,257.93970659358376,0.0,16,16,0,0,16,15,6422,0,0,0,0,1
2020-08-19,US,Alaska,Sitka,33,0,0,57.24124555,-135.3206587,2220.0,388.55528081949836,0.0,33,33,0,0,33,31,8647,0,0,0,0,2
2020-08-19,US,Alaska,Southeast Fairbanks,18,0,0,63.87692095,-143.2127643,2240.0,261.13448425939356,0.0,18,18,0,0,18,18,6918,0,0,0,0,0
2020-08-19,US,Alaska,Unassigned,1,0,0,0.0,0.0,90002.0,0.0,0.0,1,1,0,0,1,1,,0,0,0,0,0
2020-08-19,US,Alaska,Valdez-Cordova,64,0,0,61.47502768,-144.7126799,2261.0,695.5009780482504,0.0,64,63,0,0,63,62,9164,1,0,0,1,1
2020-08-19,US,Alaska,Wrangell,8,0,0,56.3202004,-132.05837309999998,2275.0,319.744204636291,0.0,8,8,0,0,8,8,2503,0,0,0,0,0
2020-08-19,US,Alaska,Yakutat,9,0,0,59.890980799999994,-140.36014509999998,2282.0,1554.4041450777206,0.0,9,9,0,0,9,9,604,0,0,0,0,0
2020-08-19,US,Alaska,Yukon-Koyukuk,60,1,0,65.50815459,-151.39073869999999,2290.0,1147.227533460803,1.6666666666666667,59,59,1,0,58,58,5327,1,0,0,1,1
2020-08-19,US,Arizona,Apache,3269,144,0,35.39465006,-109.4892383,4001.0,4547.414692503512,4.405016824717039,3125,3257,142,0,3115,3241,71818,12,2,0,10,16
2020-08-19,US,Arizona,Cochise,1769,57,0,31.87934684,-109.7516088,4003.0,1404.8379155350135,3.22215941209723,1712,1772,57,0,1715,1762,126770,-3,0,0,-3,10
2020-08-19,US,Arizona,Coconino,3200,121,0,35.83883429,-111.77071780000001,4005.0,2230.338175025788,3.78125,3079,3196,121,0,3075,3188,142854,4,0,0,4,8
2020-08-19,US,Arizona,Gila,1021,42,0,33.80190085,-110.8132779,4007.0,1890.1107038394607,4.113614103819785,979,1016,42,0,974,1002,53889,5,0,0,5,14
2020-08-19,US,Arizona,Graham,621,21,0,32.93166885,-109.8882178,4009.0,1598.9906532430414,3.3816425120772946,600,614,21,0,593,609,38072,7,0,0,7,5
2020-08-19,US,Arizona,Greenlee,57,1,0,33.21498827,-109.2405279,4011.0,600.1263423878711,1.7543859649122806,56,57,1,0,56,57,9483,0,0,0,0,0
2020-08-19,US,Arizona,La Paz,492,13,0,33.72854224,-113.98100290000001,4012.0,2330.869812393405,2.6422764227642275,479,492,12,0,480,490,21098,0,1,0,-1,2
2020-08-19,US,Arizona,Maricopa,130384,2697,0,33.34835867,-112.49181540000001,4013.0,2906.8442734605987,2.068505338078292,127687,129958,2612,0,127346,129562,4410824,426,85,0,341,396
2020-08-19,US,Arizona,Mohave,3411,189,0,35.70471703,-113.7577902,4015.0,1607.589746490025,5.540897097625329,3222,3383,185,0,3198,3368,209550,28,4,0,24,15
2020-08-19,US,Arizona,Navajo,5470,213,0,35.3997715,-110.3218983,4017.0,4931.304316468933,3.893967093235832,5257,5468,208,0,5260,5455,110445,2,5,0,-3,13
2020-08-19,US,Arizona,Pima,20047,537,0,32.0971334,-111.7890033,4019.0,1914.198604192388,2.6787050431486006,19510,19976,534,0,19442,19743,1039073,71,3,0,68,233
2020-08-19,US,Arizona,Pinal,8989,171,0,32.90525627,-111.3449483,4021.0,1942.353858886015,1.9023250639670708,8818,8935,171,0,8764,8777,447138,54,0,0,54,158
2020-08-19,US,Arizona,Santa Cruz,2709,55,0,31.52508998,-110.8479088,4023.0,5826.057034711171,2.030269472129937,2654,2708,55,0,2653,2705,46511,1,0,0,1,3
2020-08-19,US,Arizona,Unassigned,0,1,0,0.0,0.0,90004.0,0.0,0.0,-1,0,1,0,-1,0,,0,0,0,0,0
2020-08-19,US,Arizona,Yavapai,2191,74,0,34.59933926,-112.5538588,4025.0,931.9478177278507,3.377453217708809,2117,2180,73,0,2107,2160,231993,11,1,0,10,20
2020-08-19,US,Arizona,Yuma,11927,298,0,32.76895712,-113.90666740000002,4027.0,5578.91733360775,2.4985327408401106,11629,11908,294,0,11614,11886,212128,19,4,0,15,22
2020-08-19,US,Arkansas,Arkansas,255,2,0,34.29145151,-91.37277296,5001.0,1458.3095047466543,0.7843137254901961,253,251,2,0,249,249,17769,4,0,0,4,2
2020-08-19,US,Arkansas,Ashley,367,6,0,33.19153461,-91.76984709999999,5003.0,1867.0193824083026,1.6348773841961852,361,362,6,0,356,363,20046,5,0,0,5,-1
2020-08-19,US,Arkansas,Baxter,91,0,0,36.28784385,-92.33782872,5005.0,217.0180291901173,0.0,91,89,0,0,89,89,41619,2,0,0,2,0
2020-08-19,US,Arkansas,Benton,4980,43,0,36.33644656,-94.25680817,5007.0,1784.0446226100787,0.8634538152610441,4937,4950,43,0,4907,4933,272608,30,0,0,30,17
2020-08-19,US,Arkansas,Boone,238,2,0,36.3084504,-93.09374925,5009.0,635.8196195768327,0.8403361344537815,236,232,2,0,230,230,37480,6,0,0,6,2
2020-08-19,US,Arkansas,Bradley,231,4,0,33.46755808,-92.15980837,5011.0,2146.241754157763,1.7316017316017316,227,230,4,0,226,227,10897,1,0,0,1,3
2020-08-19,US,Arkansas,Calhoun,22,0,0,33.55598792,-92.49974403,5013.0,423.9737907111197,0.0,22,22,0,0,22,16,5277,0,0,0,0,6
2020-08-19,US,Arkansas,Carroll,408,7,0,36.34038560000001,-93.54270261,5015.0,1437.632135306554,1.7156862745098038,401,401,7,0,394,395,28223,7,0,0,7,6
2020-08-19,US,Arkansas,Chicot,931,9,0,33.26458973,-91.29539209,5017.0,9201.423206167226,0.9667024704618691,922,926,9,0,917,925,10438,5,0,0,5,1
2020-08-19,US,Arkansas,Clark,196,2,0,34.04613432,-93.17484713,5019.0,878.1362007168459,1.020408163265306,194,195,2,0,193,192,22061,1,0,0,1,3
2020-08-19,US,Arkansas,Clay,150,5,0,36.36826212,-90.4148172,5021.0,1030.8569857741736,3.333333333333333,145,147,5,0,142,147,14847,3,0,0,3,0
2020-08-19,US,Arkansas,Cleburne,233,5,0,35.53864922,-92.02640019,5023.0,935.0294955656326,2.145922746781116,228,229,5,0,224,228,24965,4,0,0,4,1
2020-08-19,US,Arkansas,Cleveland,124,2,0,33.89723187,-92.18537045,5025.0,1558.5721468074412,1.6129032258064515,122,121,2,0,119,121,8018,3,0,0,3,0
2020-08-19,US,Arkansas,Columbia,252,12,0,33.21230701,-93.22642793,5027.0,1074.3061772605192,4.761904761904762,240,250,12,0,238,244,23537,2,0,0,2,6
2020-08-19,US,Arkansas,Conway,175,3,0,35.26205537,-92.70506566,5029.0,839.4895903290799,1.7142857142857142,172,169,3,0,166,168,20891,6,0,0,6,1
2020-08-19,US,Arkansas,Craighead,1560,13,0,35.83018283,-90.63235729,5031.0,1413.9143675452274,0.8333333333333334,1547,1512,14,0,1498,1498,108558,48,-1,0,49,14
2020-08-19,US,Arkansas,Crawford,768,5,0,35.58928601,-94.2446814,5033.0,1214.0948827797713,0.6510416666666666,763,757,5,0,752,746,63406,11,0,0,11,11
2020-08-19,US,Arkansas,Crittenden,1515,26,0,35.21247318,-90.30839406,5035.0,3159.211761025962,1.7161716171617158,1489,1503,26,0,1477,1493,48342,12,0,0,12,10
2020-08-19,US,Arkansas,Cross,233,4,0,35.29631396,-90.77185818,5037.0,1419.087642365552,1.7167381974248928,229,229,4,0,225,228,16676,4,0,0,4,1
2020-08-19,US,Arkansas,Dallas,70,2,0,33.97042763,-92.65167437,5039.0,998.7159366528748,2.8571428571428568,68,71,2,0,69,68,7182,-1,0,0,-1,3
2020-08-19,US,Arkansas,Desha,212,3,0,33.83011025,-91.25500948,5041.0,1866.032919637356,1.4150943396226414,209,212,3,0,209,211,11512,0,0,0,0,1
2020-08-19,US,Arkansas,Drew,283,3,0,33.59035001,-91.71777921,5043.0,1553.323453537516,1.060070671378092,280,277,3,0,274,270,18328,6,0,0,6,7
2020-08-19,US,Arkansas,Faulkner,1422,7,0,35.14719007,-92.33717519,5045.0,1128.508733641782,0.4922644163150493,1415,1412,7,0,1405,1402,124806,10,0,0,10,10
2020-08-19,US,Arkansas,Franklin,147,2,0,35.51202821,-93.89299569,5047.0,829.805249788315,1.3605442176870748,145,146,2,0,144,141,17810,1,0,0,1,5
2020-08-19,US,Arkansas,Fulton,51,0,0,36.38177105,-91.81729127,5049.0,408.75210387112287,0.0,51,51,0,0,51,49,12269,0,0,0,0,2
2020-08-19,US,Arkansas,Garland,1233,19,0,34.57692074,-93.14921604,5051.0,1240.6173907793855,1.5409570154095702,1214,1207,18,0,1189,1201,99154,26,1,0,25,6
2020-08-19,US,Arkansas,Grant,157,0,0,34.29017991,-92.42320562,5053.0,859.5674787845606,0.0,157,157,0,0,157,154,18188,0,0,0,0,3
2020-08-19,US,Arkansas,Greene,559,3,0,36.11735460000001,-90.55832668,5055.0,1233.314947600662,0.5366726296958855,556,548,3,0,545,544,45325,11,0,0,11,4
2020-08-19,US,Arkansas,Hempstead,277,3,0,33.73325583,-93.66935133,5057.0,1286.457365781163,1.083032490974729,274,272,2,0,270,271,21741,5,1,0,4,1
2020-08-19,US,Arkansas,Hot Spring,1655,14,0,34.31709259,-92.95396325,5059.0,4900.654407627846,0.8459214501510574,1641,1647,14,0,1633,1644,33701,8,0,0,8,3
2020-08-19,US,Arkansas,Howard,380,3,0,34.09007427,-93.9934871,5061.0,2878.3517648841084,0.7894736842105263,377,376,4,0,372,376,13341,4,-1,0,5,0
2020-08-19,US,Arkansas,Independence,635,3,0,35.74242707,-91.57001641,5063.0,1678.7838730998017,0.4724409448818898,632,626,2,0,624,621,37678,9,1,0,8,5
2020-08-19,US,Arkansas,Izard,69,0,0,36.09604046,-91.90847954,5065.0,506.2733876293198,0.0,69,65,0,0,65,61,13593,4,0,0,4,4
2020-08-19,US,Arkansas,Jackson,153,1,0,35.59802983,-91.21494602,5067.0,915.1265027812668,0.6535947712418301,152,131,1,0,130,124,16811,22,0,0,22,7
2020-08-19,US,Arkansas,Jefferson,1776,41,0,34.26767081,-91.92619839,5069.0,2657.727762480546,2.308558558558558,1735,1718,41,0,1677,1710,68114,58,0,0,58,8
2020-08-19,US,Arkansas,Johnson,717,2,0,35.56759135,-93.46036368,5071.0,2697.7199187297765,0.2789400278940028,715,695,2,0,693,695,26742,22,0,0,22,0
2020-08-19,US,Arkansas,Lafayette,63,2,0,33.24116713,-93.60677071,5073.0,951.0869565217392,3.1746031746031744,61,62,2,0,60,61,6682,1,0,0,1,1
2020-08-19,US,Arkansas,Lawrence,234,9,0,36.04188196,-91.10867198,5075.0,1426.3074484944532,3.8461538461538463,225,232,9,0,223,231,16434,2,0,0,2,1
2020-08-19,US,Arkansas,Lee,983,8,0,34.78498904,-90.78383866,5077.0,11098.566105904934,0.8138351983723296,975,983,8,0,975,979,8985,0,0,0,0,4
2020-08-19,US,Arkansas,Lincoln,1356,12,0,33.95317155,-91.74002806,5079.0,10411.547911547912,0.8849557522123894,1344,1355,12,0,1343,1348,13383,1,0,0,1,7
2020-08-19,US,Arkansas,Little River,237,5,0,33.70375665,-94.23468591,5081.0,1933.27351333714,2.109704641350211,232,227,4,0,223,219,12326,10,1,0,9,8
2020-08-19,US,Arkansas,Logan,339,1,0,35.21413234,-93.71951016,5083.0,1579.2415913537686,0.2949852507374631,338,337,1,0,336,338,21737,2,0,0,2,-1
2020-08-19,US,Arkansas,Lonoke,604,2,0,34.75392199,-91.88742357,5085.0,823.9097518722123,0.3311258278145696,602,589,2,0,587,580,73657,15,0,0,15,9
2020-08-19,US,Arkansas,Madison,284,2,0,36.01038185,-93.72524943,5087.0,1713.3204633204637,0.7042253521126759,282,280,2,0,278,279,16481,4,0,0,4,1
2020-08-19,US,Arkansas,Marion,37,0,0,36.26844485,-92.68451899,5089.0,221.6365161135737,0.0,37,34,0,0,34,34,16722,3,0,0,3,0
2020-08-19,US,Arkansas,Miller,546,5,0,33.31403423,-93.89285258,5091.0,1262.2234551633262,0.9157509157509156,541,541,5,0,536,538,43592,5,0,0,5,3
2020-08-19,US,Arkansas,Mississippi,1196,16,0,35.76271485,-90.05194370000002,5093.0,2942.117045091142,1.3377926421404682,1180,1164,15,0,1149,1159,41239,32,1,0,31,5
2020-08-19,US,Arkansas,Monroe,81,0,0,34.6815935,-91.20540287,5095.0,1208.774809729891,0.0,81,79,0,0,79,76,6900,2,0,0,2,3
2020-08-19,US,Arkansas,Montgomery,53,1,0,34.53704874,-93.65824478,5097.0,589.8063654573782,1.8867924528301887,52,45,1,0,44,44,8924,8,0,0,8,1
2020-08-19,US,Arkansas,Nevada,147,9,0,33.66340119,-93.30632432,5099.0,1781.3863305865243,6.1224489795918355,138,147,9,0,138,147,8326,0,0,0,0,0
2020-08-19,US,Arkansas,Newton,107,11,0,35.91947491,-93.21612969,5101.0,1380.110924803302,10.280373831775703,96,107,11,0,96,107,7805,0,0,0,0,0
2020-08-19,US,Arkansas,Ouachita,120,3,0,33.58839816,-92.87795984,5103.0,513.2152938157557,2.5,117,118,3,0,115,118,23606,2,0,0,2,0
2020-08-19,US,Arkansas,Perry,55,0,0,34.945915299999996,-92.94372564,5105.0,526.0640841702535,0.0,55,55,0,0,55,55,10352,0,0,0,0,0
2020-08-19,US,Arkansas,Phillips,360,9,0,34.43268455,-90.84800154,5107.0,2024.5191766955347,2.5,351,357,9,0,348,355,18029,3,0,0,3,2
2020-08-19,US,Arkansas,Pike,151,1,0,34.16250414,-93.65789349,5109.0,1408.844933756298,0.6622516556291391,150,146,1,0,145,144,10673,5,0,0,5,2
2020-08-19,US,Arkansas,Poinsett,358,4,0,35.57433534,-90.66268713,5111.0,1521.5912954777286,1.11731843575419,354,350,4,0,346,347,23974,8,0,0,8,3
2020-08-19,US,Arkansas,Polk,186,2,0,34.48254879,-94.22728802,5113.0,931.6770186335403,1.075268817204301,184,177,1,0,176,171,20049,9,1,0,8,6
2020-08-19,US,Arkansas,Pope,1499,14,0,35.44871474,-93.03212219,5115.0,2339.55550006243,0.933955970647098,1485,1468,12,0,1456,1465,64000,31,2,0,29,3
2020-08-19,US,Arkansas,Prairie,112,0,0,34.83624419,-91.55162157,5117.0,1389.23344083354,0.0,112,112,0,0,112,111,8074,0,0,0,0,1
2020-08-19,US,Arkansas,Pulaski,6284,91,0,34.77054088,-92.31355101,5119.0,1603.4252674714417,1.4481222151495865,6193,6201,91,0,6110,6146,392680,83,0,0,83,55
2020-08-19,US,Arkansas,Randolph,280,11,0,36.3415714,-91.02455531,5121.0,1559.1936741285226,3.928571428571429,269,271,11,0,260,265,17948,9,0,0,9,6
2020-08-19,US,Arkansas,Saline,1319,10,0,34.64916145,-92.67583224,5125.0,1077.288728080564,0.7581501137225171,1309,1293,9,0,1284,1277,121421,26,1,0,25,16
2020-08-19,US,Arkansas,Scott,80,0,0,34.85588887,-94.0632176,5127.0,778.1344227215253,0.0,80,79,0,0,79,78,10319,1,0,0,1,1
2020-08-19,US,Arkansas,Searcy,37,0,0,35.9109364,-92.69936482,5129.0,469.4835680751173,0.0,37,35,0,0,35,34,7958,2,0,0,2,1
2020-08-19,US,Arkansas,Sebastian,2552,27,0,35.19605503,-94.27162713,5131.0,1996.4483246888367,1.0579937304075235,2525,2499,23,0,2476,2456,127753,53,4,0,49,43
2020-08-19,US,Arkansas,Sevier,1079,11,0,33.99780401,-94.2424869,5133.0,6344.4464044217075,1.0194624652455977,1068,1074,11,0,1063,1067,17139,5,0,0,5,7
2020-08-19,US,Arkansas,Sharp,128,5,0,36.16258158,-91.47819342,5135.0,733.8607957803005,3.90625,123,126,5,0,121,128,17366,2,0,0,2,-2
2020-08-19,US,Arkansas,St. Francis,1245,3,0,35.02201976,-90.74828138,5123.0,4981.19548691686,0.24096385542168675,1242,1243,3,0,1240,1243,25439,2,0,0,2,0
2020-08-19,US,Arkansas,Stone,98,1,0,35.86251946,-92.15684085,5137.0,783.6238605469375,1.020408163265306,97,91,1,0,90,87,12457,7,0,0,7,4
2020-08-19,US,Arkansas,Unassigned,786,0,0,0.0,0.0,90005.0,0.0,0.0,786,785,0,0,785,774,,1,0,0,1,11
2020-08-19,US,Arkansas,Union,589,21,0,33.16887091,-92.59746952,5139.0,1522.6720438446825,3.5653650254668934,568,578,21,0,557,561,39126,11,0,0,11,17
2020-08-19,US,Arkansas,Van Buren,64,2,0,35.58095779,-92.51295036,5141.0,386.8238138410397,3.125,62,62,2,0,60,58,16603,2,0,0,2,4
2020-08-19,US,Arkansas,Washington,6507,53,0,35.976844,-94.21800746,5143.0,2720.4655771425705,0.8145074535116029,6454,6472,53,0,6419,6442,236961,35,0,0,35,30
2020-08-19,US,Arkansas,White,412,5,0,35.25688493,-91.74908296,5145.0,523.1546734727566,1.2135922330097086,407,409,4,0,405,408,78727,3,1,0,2,1
2020-08-19,US,Arkansas,Woodruff,26,0,0,35.18902527,-91.2439489,5147.0,411.39240506329116,0.0,26,25,0,0,25,25,6490,1,0,0,1,0
2020-08-19,US,Arkansas,Yell,1097,19,0,35.00292371,-93.41171338,5149.0,5140.340190244131,1.731996353691887,1078,1093,19,0,1074,1088,21535,4,0,0,4,5
2020-08-19,US,California,Alameda,15836,228,0,37.64629437,-121.8929271,6001.0,947.5094371006546,1.4397575145238697,15608,15437,224,0,15213,15123,1666753,399,4,0,395,314
2020-08-19,US,California,Alpine,2,0,0,38.59678594,-119.82235940000001,6003.0,177.14791851195747,0.0,2,2,0,0,2,2,1101,0,0,0,0,0
2020-08-19,US,California,Amador,262,13,0,38.44583082,-120.65696000000001,6005.0,659.0863352787281,4.961832061068702,249,211,11,0,200,210,39383,51,2,0,49,1
2020-08-19,US,California,Butte,1494,14,0,39.66727762,-121.6005252,6007.0,681.612876734828,0.9370816599732262,1480,1421,12,0,1409,1370,231256,73,2,0,71,51
2020-08-19,US,California,Calaveras,181,1,0,38.20537103,-120.55291299999999,6009.0,394.2925607232328,0.5524861878453039,180,174,1,0,173,174,45602,7,0,0,7,0
2020-08-19,US,California,Colusa,421,5,0,39.17881957,-122.2331726,6011.0,1953.868287928714,1.187648456057007,416,420,5,0,415,415,21627,1,0,0,1,5
2020-08-19,US,California,Contra Costa,11886,158,0,37.91923498,-121.9289527,6013.0,1030.4059032913,1.3292949688709406,11728,11668,157,0,11511,11408,1150215,218,1,0,217,260
2020-08-19,US,California,Del Norte,112,0,0,41.74228275,-123.89740630000001,6015.0,402.703868833597,0.0,112,108,0,0,108,106,27828,4,0,0,4,2
2020-08-19,US,California,El Dorado,877,2,0,38.77965956,-120.5233166,6017.0,454.7740908407357,0.2280501710376283,875,849,2,0,847,827,190678,28,0,0,28,22
2020-08-19,US,California,Fresno,21798,208,0,36.75733899,-119.6466953,6019.0,2181.761403501748,0.9542159831177172,21590,21010,208,0,20802,19900,994400,788,0,0,788,1110
2020-08-19,US,California,Glenn,423,3,0,39.59875897,-122.3938452,6021.0,1489.8038248864154,0.7092198581560284,420,421,3,0,418,413,28047,2,0,0,2,8
2020-08-19,US,California,Humboldt,333,4,0,40.69923009,-123.876044,6023.0,245.6513079272341,1.2012012012012012,329,320,4,0,316,309,136373,13,0,0,13,11
2020-08-19,US,California,Imperial,10304,265,0,33.0393082,-115.36690420000001,6025.0,5686.063515713379,2.5718167701863357,10039,10268,265,0,10003,10145,181827,36,0,0,36,123
2020-08-19,US,California,Inyo,149,9,0,36.51112084,-117.41119779999998,6027.0,825.9881368146793,6.040268456375839,140,148,8,0,140,127,17987,1,1,0,0,21
2020-08-19,US,California,Kern,27184,228,0,35.34329425,-118.72777959999999,6029.0,3019.766674590814,0.8387286639199529,26956,26968,216,0,26752,26788,896764,216,12,0,204,180
2020-08-19,US,California,Kings,5631,68,0,36.07409056,-119.8159973,6031.0,3681.8360141231856,1.2076007813887408,5563,5543,66,0,5477,5514,151366,88,2,0,86,29
2020-08-19,US,California,Lake,281,3,0,39.10124298,-122.75362439999999,6033.0,436.43027987450694,1.0676156583629892,278,275,2,0,273,272,64382,6,1,0,5,3
2020-08-19,US,California,Lassen,703,0,0,40.67311306,-120.59350990000002,6035.0,2299.4145160762764,0.0,703,703,0,0,703,703,30802,0,0,0,0,0
2020-08-19,US,California,Los Angeles,225827,5392,0,34.30828379,-118.22824109999999,6037.0,2249.4729859936747,2.3876684364579965,220435,224105,5340,0,218765,223230,10105518,1722,52,0,1670,875
2020-08-19,US,California,Madera,3236,47,0,37.21513971,-119.76655890000002,6039.0,2056.8624584464205,1.4524103831891224,3189,3129,47,0,3082,2924,157672,107,0,0,107,205
2020-08-19,US,California,Marin,5832,83,0,38.07122463,-122.72106310000001,6041.0,2253.251218965637,1.4231824417009602,5749,5788,83,0,5705,5774,259666,44,0,0,44,14
2020-08-19,US,California,Mariposa,69,2,0,37.57978556,-119.9073334,6043.0,401.09283264546883,2.898550724637681,67,64,2,0,62,64,17471,5,0,0,5,0
2020-08-19,US,California,Mendocino,579,13,0,39.4381191,-123.39113130000001,6045.0,667.4428523671742,2.245250431778929,566,556,10,0,546,541,87606,23,3,0,20,15
2020-08-19,US,California,Merced,7229,97,0,37.18922369,-120.72090349999999,6047.0,2603.356381446269,1.3418176787937477,7132,7041,93,0,6948,6777,274765,188,4,0,184,264
2020-08-19,US,California,Modoc,5,0,0,41.58965602,-120.7244817,6049.0,56.55468838366701,0.0,5,5,0,0,5,5,8777,0,0,0,0,0
2020-08-19,US,California,Mono,161,1,0,37.93899289,-118.8872409,6051.0,1121.5729714760457,0.6211180124223602,160,161,1,0,160,161,14250,0,0,0,0,0
2020-08-19,US,California,Monterey,6785,47,0,36.21862405,-121.24133970000001,6053.0,1563.1443506788214,0.6927044952100221,6738,6662,46,0,6616,6548,435594,123,1,0,122,114
2020-08-19,US,California,Napa,1282,13,0,38.50735751,-122.33283899999999,6055.0,930.7120455337438,1.0140405616224648,1269,1264,13,0,1251,1245,139417,18,0,0,18,19
2020-08-19,US,California,Nevada,394,2,0,39.30394768,-120.76272809999999,6057.0,394.9676707934439,0.5076142131979695,392,385,2,0,383,373,99696,9,0,0,9,12
2020-08-19,US,California,Orange,44507,833,0,33.70147516,-117.76459979999998,6059.0,1401.4898170225574,1.871615700900982,43674,44212,815,0,43397,43925,3185968,295,18,0,277,287
2020-08-19,US,California,Placer,2663,30,0,39.06167234,-120.72405690000001,6061.0,668.5428377045107,1.1265490048817124,2633,2643,28,0,2615,2625,393149,20,2,0,18,18
2020-08-19,US,California,Plumas,40,0,0,40.00355989,-120.8395236,6063.0,212.6867655660127,0.0,40,39,0,0,39,39,18804,1,0,0,1,0
2020-08-19,US,California,Riverside,48630,917,0,33.74314981,-115.9933578,6065.0,1968.390792966413,1.8856672835698134,47713,47490,912,0,46578,45662,2450758,1140,5,0,1135,1828
2020-08-19,US,California,Sacramento,14760,230,0,38.45106826,-121.34253740000001,6067.0,950.9953880589514,1.5582655826558265,14530,14602,219,0,14383,14326,1540975,158,11,0,147,276
2020-08-19,US,California,San Benito,872,5,0,36.60308176,-121.069975,6069.0,1388.3581709336386,0.5733944954128439,867,848,4,0,844,836,61537,24,1,0,23,12
2020-08-19,US,California,San Bernardino,42947,621,0,34.84060306,-116.1774685,6071.0,1969.969060839371,1.4459682864926535,42326,42150,616,0,41534,41564,2171603,797,5,0,792,586
2020-08-19,US,California,San Diego,35376,638,0,33.03484597,-116.73653259999999,6073.0,1059.6915224079103,1.803482587064677,34738,34960,626,0,34334,34678,3343364,416,12,0,404,282
2020-08-19,US,California,San Francisco,8528,72,0,37.75215114,-122.43856720000001,6075.0,967.3880861982716,0.8442776735459663,8456,8427,70,0,8357,8346,883305,101,2,0,99,81
2020-08-19,US,California,San Joaquin,15379,287,0,37.93433732,-121.2730061,6077.0,2017.8495515306736,1.8661811561219843,15092,15201,280,0,14921,15008,752660,178,7,0,171,193
2020-08-19,US,California,San Luis Obispo,2579,20,0,35.38822029,-120.4039028,6079.0,910.9501220369397,0.7754943776657619,2559,2571,19,0,2552,2562,284010,8,1,0,7,9
2020-08-19,US,California,San Mateo,7321,127,0,37.422880799999994,-122.32755459999998,6081.0,955.0297231966168,1.7347356918453762,7194,7228,127,0,7101,7150,769545,93,0,0,93,78
2020-08-19,US,California,Santa Barbara,7508,82,0,34.65329488,-120.0188492,6083.0,1681.5267223442831,1.0921683537559936,7426,7454,80,0,7374,7274,446527,54,2,0,52,180
2020-08-19,US,California,Santa Clara,15085,216,0,37.23104908,-121.6970462,6085.0,782.477078115955,1.4318859794497845,14869,14636,209,0,14427,14429,1937570,449,7,0,442,207
2020-08-19,US,California,Santa Cruz,1546,7,0,37.05580291,-122.0066524,6087.0,565.8588720156067,0.4527813712807244,1539,1505,7,0,1498,1454,274255,41,0,0,41,51
2020-08-19,US,California,Shasta,515,11,0,40.76391419,-122.0396884,6089.0,285.9840071079521,2.1359223300970878,504,511,11,0,500,488,180040,4,0,0,4,23
2020-08-19,US,California,Sierra,6,0,0,39.57713498,-120.52007009999998,6091.0,199.6672212978369,0.0,6,6,0,0,6,6,2987,0,0,0,0,0
2020-08-19,US,California,Siskiyou,114,0,0,41.59198861,-122.54074340000001,6093.0,261.8342175980156,0.0,114,114,0,0,114,113,43724,0,0,0,0,1
2020-08-19,US,California,Solano,4943,44,0,38.26827353,-121.9357113,6095.0,1104.2281460896297,0.8901476835929597,4899,4767,41,0,4726,4596,446610,176,3,0,173,171
2020-08-19,US,California,Sonoma,4779,65,0,38.52746429,-122.88625060000001,6097.0,966.7513593992752,1.3601171793262188,4714,4465,57,0,4408,4377,499942,314,8,0,306,88
2020-08-19,US,California,Stanislaus,12935,212,0,37.55862499,-120.9970722,6099.0,2348.999382559111,1.6389640510243526,12723,12668,200,0,12468,12541,549815,267,12,0,255,127
2020-08-19,US,California,Sutter,1186,7,0,39.03417539,-121.6945899,6101.0,1223.0460653184973,0.5902192242833052,1179,1157,7,0,1150,1137,96807,29,0,0,29,20
2020-08-19,US,California,Tehama,340,1,0,40.12570935,-122.23701709999999,6103.0,522.4018191875115,0.29411764705882354,339,330,1,0,329,318,63916,10,0,0,10,12
2020-08-19,US,California,Trinity,8,0,0,40.64917670000001,-123.114713,6105.0,65.12006512006512,0.0,8,8,0,0,8,8,12535,0,0,0,0,0
2020-08-19,US,California,Tulare,12836,208,0,36.22026558,-118.8020203,6107.0,2753.3542830789693,1.6204425054534122,12628,12718,206,0,12512,12451,465861,118,2,0,116,267
2020-08-19,US,California,Tuolumne,166,2,0,38.02644018,-119.95250929999999,6109.0,304.71015822900983,1.2048192771084338,164,165,2,0,163,160,54539,1,0,0,1,5
2020-08-19,US,California,Ventura,9490,98,0,34.44465746,-119.09106129999999,6111.0,1121.741453370307,1.0326659641728135,9392,9297,96,0,9201,9090,850967,193,2,0,191,207
2020-08-19,US,California,Yolo,2118,47,0,38.68278902,-121.90182879999999,6113.0,960.5442176870747,2.2190745986779983,2071,2076,46,0,2030,2046,220408,42,1,0,41,30
2020-08-19,US,California,Yuba,821,4,0,39.26255932,-121.35356440000001,6115.0,1043.6263792139116,0.48721071863581,817,786,4,0,782,758,78041,35,0,0,35,28
2020-08-19,US,Colorado,Adams,6967,186,0,39.87432092,-104.3362578,8001.0,1346.4857437173985,2.6697287211138216,6781,6899,185,0,6714,6848,511868,68,1,0,67,51
2020-08-19,US,Colorado,Alamosa,235,9,0,37.57250606,-105.7885451,8003.0,1447.6683299451736,3.8297872340425534,226,234,9,0,225,233,16683,1,0,0,1,1
2020-08-19,US,Colorado,Arapahoe,7669,364,0,39.64977461,-104.3353617,8005.0,1168.004386298908,4.746381536054244,7305,7646,364,0,7282,7610,651215,23,0,0,23,36
2020-08-19,US,Colorado,Archuleta,42,0,0,37.19474156,-107.04768670000001,8007.0,299.37985601254536,0.0,42,42,0,0,42,41,13765,0,0,0,0,1
2020-08-19,US,Colorado,Baca,15,0,0,37.31940883,-102.5603223,8009.0,418.8774085450991,0.0,15,15,0,0,15,15,3585,0,0,0,0,0
2020-08-19,US,Colorado,Bent,11,0,0,37.95474293,-103.0720195,8011.0,197.23865877712032,0.0,11,11,0,0,11,11,5882,0,0,0,0,0
2020-08-19,US,Colorado,Boulder,2166,78,0,40.09313619,-105.3546767,8013.0,664.0179523967186,3.601108033240997,2088,2145,77,0,2068,2141,326078,21,1,0,20,4
2020-08-19,US,Colorado,Broomfield,498,32,0,39.95998787,-105.0566324,8014.0,706.7338394947847,6.42570281124498,466,498,32,0,466,492,69267,0,0,0,0,6
2020-08-19,US,Colorado,Chaffee,305,19,0,38.74745778,-106.19265729999998,8015.0,1498.329730791904,6.229508196721312,286,305,19,0,286,304,20027,0,0,0,0,1
2020-08-19,US,Colorado,Cheyenne,9,0,0,38.82777431,-102.6032558,8017.0,491.53468050245766,0.0,9,9,0,0,9,9,1876,0,0,0,0,0
2020-08-19,US,Colorado,Clear Creek,31,1,0,39.68864463,-105.6463118,8019.0,319.5876288659793,3.2258064516129035,30,31,1,0,30,31,9605,0,0,0,0,0
2020-08-19,US,Colorado,Conejos,30,0,0,37.201606,-106.19174879999998,8021.0,365.6307129798903,0.0,30,27,0,0,27,27,8200,3,0,0,3,0
2020-08-19,US,Colorado,Costilla,25,0,0,37.27732493,-105.4276548,8023.0,643.1695394906097,0.0,25,25,0,0,25,24,3828,0,0,0,0,1
2020-08-19,US,Colorado,Crowley,73,1,0,38.32608609,-103.7844965,8025.0,1204.4217125886814,1.3698630136986298,72,73,1,0,72,73,5858,0,0,0,0,0
2020-08-19,US,Colorado,Custer,13,0,0,38.10883162,-105.3683478,8027.0,256.5114443567482,0.0,13,13,0,0,13,13,4954,0,0,0,0,0
2020-08-19,US,Colorado,Delta,138,1,0,38.86246243,-107.86313419999999,8029.0,442.84705731339454,0.7246376811594203,137,138,1,0,137,133,30953,0,0,0,0,5
2020-08-19,US,Colorado,Denver,10691,421,0,39.76018276,-104.87256950000001,8031.0,1470.137277901462,3.9378916845945184,10270,10651,421,0,10230,10607,716492,40,0,0,40,44
2020-08-19,US,Colorado,Dolores,2,0,0,37.75208676,-108.5211585,8033.0,97.32360097323601,0.0,2,2,0,0,2,2,2074,0,0,0,0,0
2020-08-19,US,Colorado,Douglas,1862,59,0,39.33133796,-104.930001,8035.0,530.2516844461404,3.168635875402793,1803,1849,59,0,1790,1840,342776,13,0,0,13,9
2020-08-19,US,Colorado,Eagle,1157,9,0,39.62754308,-106.6933637,8037.0,2098.7900665735488,0.7778738115816768,1148,1155,9,0,1146,1154,54993,2,0,0,2,1
2020-08-19,US,Colorado,El Paso,5567,144,0,38.83240149,-104.5251411,8041.0,772.7619124295708,2.586671456798994,5423,5534,144,0,5390,5509,713856,33,0,0,33,25
2020-08-19,US,Colorado,Elbert,115,2,0,39.28656773,-104.13587209999999,8039.0,430.24430393954117,1.7391304347826086,113,114,2,0,112,111,26282,1,0,0,1,3
2020-08-19,US,Colorado,Fremont,143,0,0,38.47362326,-105.43996670000001,8043.0,298.9192917912164,0.0,143,138,0,0,138,138,48021,5,0,0,5,0
2020-08-19,US,Colorado,Garfield,805,4,0,39.59921777,-107.902708,8045.0,1340.3040242420207,0.4968944099378882,801,804,4,0,800,802,59770,1,0,0,1,2
2020-08-19,US,Colorado,Gilpin,17,0,0,39.85646523,-105.5252597,8047.0,272.30498157936887,0.0,17,17,0,0,17,17,6121,0,0,0,0,0
2020-08-19,US,Colorado,Grand,56,1,0,40.10603347,-106.11780420000001,8049.0,355.91712215584084,1.7857142857142858,55,55,1,0,54,54,15525,1,0,0,1,1
2020-08-19,US,Colorado,Gunnison,280,7,0,38.66611652,-107.0320729,8051.0,1603.4818462948115,2.5,273,280,7,0,273,279,17246,0,0,0,0,1
2020-08-19,US,Colorado,Hinsdale,3,0,0,37.82247444,-107.3004345,8053.0,365.8536585365854,0.0,3,3,0,0,3,3,811,0,0,0,0,0
2020-08-19,US,Colorado,Huerfano,8,1,0,37.68473101,-104.9612585,8055.0,115.99246049006815,12.5,7,8,1,0,7,8,6889,0,0,0,0,0
2020-08-19,US,Colorado,Jackson,9,0,0,40.66593870000001,-106.3408905,8057.0,646.5517241379309,0.0,9,9,0,0,9,9,1399,0,0,0,0,0
2020-08-19,US,Colorado,Jefferson,4475,234,0,39.58635604,-105.2517692,8059.0,767.7381832655377,5.229050279329608,4241,4453,235,0,4218,4429,580233,22,-1,0,23,24
2020-08-19,US,Colorado,Kit Carson,68,3,0,39.30497777,-102.60221990000001,8063.0,958.1513315485415,4.411764705882354,65,70,3,0,67,70,7163,-2,0,0,-2,0
2020-08-19,US,Colorado,La Plata,229,2,0,37.28632032,-107.8429014,8067.0,407.3211077711176,0.8733624454148472,227,233,2,0,231,233,56310,-4,0,0,-4,0
2020-08-19,US,Colorado,Lake,79,0,0,39.20278823,-106.35556969999999,8065.0,972.0684139288793,0.0,79,79,0,0,79,79,7824,0,0,0,0,0
2020-08-19,US,Colorado,Larimer,1725,37,0,40.66671597,-105.4625784,8069.0,483.33001773611016,2.1449275362318843,1688,1711,37,0,1674,1700,350518,14,0,0,14,11
2020-08-19,US,Colorado,Las Animas,19,0,0,37.3153406,-104.03764579999999,8071.0,130.98028402040538,0.0,19,19,0,0,19,18,14503,0,0,0,0,1
2020-08-19,US,Colorado,Lincoln,8,0,0,38.98749519,-103.51366490000001,8073.0,140.3262585511314,0.0,8,8,0,0,8,8,5610,0,0,0,0,0
2020-08-19,US,Colorado,Logan,658,5,0,40.7249637,-103.110817,8075.0,2936.320228479629,0.7598784194528876,653,658,5,0,653,658,21528,0,0,0,0,0
2020-08-19,US,Colorado,Mesa,371,5,0,39.01787888,-108.469799,8077.0,240.58102587380844,1.3477088948787062,366,369,5,0,364,368,153207,2,0,0,2,1
2020-08-19,US,Colorado,Mineral,18,0,0,37.66954283,-106.92816979999999,8079.0,2340.702210663199,0.0,18,18,0,0,18,18,776,0,0,0,0,0
2020-08-19,US,Colorado,Moffat,33,1,0,40.61810999,-108.2070876,8081.0,248.43785289467738,3.0303030303030303,32,33,1,0,32,32,13188,0,0,0,0,1
2020-08-19,US,Colorado,Montezuma,117,5,0,37.33859579,-108.59588570000001,8083.0,446.8548294695031,4.2735042735042725,112,117,5,0,112,117,26158,0,0,0,0,0
2020-08-19,US,Colorado,Montrose,328,13,0,38.40214114,-108.26390220000002,8085.0,767.1079096309462,3.963414634146341,315,327,13,0,314,323,42214,1,0,0,1,4
2020-08-19,US,Colorado,Morgan,701,47,0,40.26279810000001,-103.8093302,8087.0,2411.5866244667677,6.704707560627675,654,700,47,0,653,699,28558,1,0,0,1,1
2020-08-19,US,Colorado,Otero,79,6,0,37.9014485,-103.7173385,8089.0,432.21359010832697,7.594936708860758,73,78,6,0,72,78,18432,1,0,0,1,0
2020-08-19,US,Colorado,Ouray,13,1,0,38.14717457,-107.7675136,8091.0,262.52019386106616,7.6923076923076925,12,13,1,0,12,13,4833,0,0,0,0,0
2020-08-19,US,Colorado,Park,42,1,0,39.120926000000004,-105.7182065,8093.0,222.870788007429,2.380952380952381,41,42,1,0,41,42,18556,0,0,0,0,0
2020-08-19,US,Colorado,Phillips,19,0,0,40.59414277,-102.3577703,8095.0,445.48651817116064,0.0,19,19,0,0,19,19,4286,0,0,0,0,0
2020-08-19,US,Colorado,Pitkin,190,2,0,39.21720112,-106.9310027,8097.0,1069.3983227331566,1.0526315789473684,188,190,2,0,188,190,17950,0,0,0,0,0
2020-08-19,US,Colorado,Prowers,70,0,0,37.95544985,-102.3926052,8099.0,575.0903713440682,0.0,70,70,0,0,70,69,12164,0,0,0,0,1
2020-08-19,US,Colorado,Pueblo,770,34,0,38.17359144,-104.5127437,8101.0,457.17949935876123,4.415584415584416,736,760,34,0,726,757,167529,10,0,0,10,3
2020-08-19,US,Colorado,Rio Blanco,20,0,0,39.97913541,-108.2179009,8103.0,316.25553447185325,0.0,20,20,0,0,20,20,6336,0,0,0,0,0
2020-08-19,US,Colorado,Rio Grande,93,2,0,37.5836865,-106.3847838,8105.0,825.4193662909381,2.150537634408602,91,92,2,0,90,92,11250,1,0,0,1,0
2020-08-19,US,Colorado,Routt,129,8,0,40.48596505,-106.9905548,8107.0,503.1593728059912,6.2015503875969005,121,129,8,0,121,128,25733,0,0,0,0,1
2020-08-19,US,Colorado,Saguache,108,2,0,38.08054629,-106.28246599999999,8109.0,1582.6494724501758,1.851851851851852,106,108,2,0,106,107,6843,0,0,0,0,1
2020-08-19,US,Colorado,San Juan,2,0,0,37.76248981,-107.67632890000002,8111.0,274.72527472527474,0.0,2,2,0,0,2,2,762,0,0,0,0,0
2020-08-19,US,Colorado,San Miguel,93,0,0,38.00450883,-108.4020725,8113.0,1137.0583200880305,0.0,93,93,0,0,93,93,8191,0,0,0,0,0
2020-08-19,US,Colorado,Sedgwick,11,1,0,40.87595412,-102.3519227,8115.0,489.32384341637015,9.090909090909092,10,11,1,0,10,11,2303,0,0,0,0,0
2020-08-19,US,Colorado,Summit,346,4,0,39.63803232,-106.1150762,8117.0,1115.7331269549516,1.1560693641618498,342,346,4,0,342,345,31007,0,0,0,0,1
2020-08-19,US,Colorado,Teller,147,3,0,38.88133511,-105.16148929999999,8119.0,579.013707263274,2.0408163265306123,144,145,3,0,142,145,25083,2,0,0,2,0
2020-08-19,US,Colorado,Washington,51,0,0,39.97015535,-103.202587,8121.0,1039.119804400978,0.0,51,51,0,0,51,51,4909,0,0,0,0,0
2020-08-19,US,Colorado,Weld,3865,145,0,40.55499405,-104.39296209999999,8123.0,1191.0925384909335,3.7516170763260015,3720,3855,145,0,3710,3836,314305,10,0,0,10,19
2020-08-19,US,Colorado,Yuma,63,0,0,40.00346839,-102.4258673,8125.0,628.8052699870246,0.0,63,63,0,0,63,63,10020,0,0,0,0,0
2020-08-19,US,Connecticut,Fairfield,18347,1410,0,41.26809896,-73.3881171,9001.0,1944.9144097730173,7.685180138442253,16937,18322,1411,0,16911,18317,943823,25,-1,0,26,5
2020-08-19,US,Connecticut,Hartford,12956,1419,0,41.80283011,-72.73103891,9003.0,1452.9224420221594,10.952454461253474,11537,12949,1420,0,11529,12956,892697,7,-1,0,8,-7
2020-08-19,US,Connecticut,Litchfield,1638,139,0,41.7937534,-73.2451475,9005.0,908.3196087238608,8.485958485958486,1499,1636,139,0,1497,1637,181111,2,0,0,2,-1
2020-08-19,US,Connecticut,Middlesex,1425,192,0,41.45949668,-72.53714864,9007.0,877.2685857814771,13.473684210526313,1233,1424,192,0,1232,1425,162682,1,0,0,1,-1
2020-08-19,US,Connecticut,New Haven,13388,1111,0,41.408032500000004,-72.93620426,9009.0,1566.2931102055911,8.298476247385718,12277,13376,1109,0,12267,13378,857620,12,2,0,10,-2
2020-08-19,US,Connecticut,New London,1499,106,0,41.48896435,-72.10430976,9011.0,565.2209980166361,7.071380920613742,1393,1497,105,0,1392,1499,266784,2,1,0,1,-2
2020-08-19,US,Connecticut,Tolland,1081,65,0,41.85853803,-72.3308481,9013.0,717.2192328872552,6.012950971322849,1016,1075,65,0,1010,1059,150921,6,0,0,6,16
2020-08-19,US,Connecticut,Unassigned,213,0,0,0.0,0.0,90009.0,0.0,0.0,213,214,0,0,214,234,,-1,0,0,-1,-20
2020-08-19,US,Connecticut,Windham,767,15,0,41.82972709,-71.98182316,9015.0,656.7792981795142,1.9556714471968708,752,762,15,0,747,762,117027,5,0,0,5,0
2020-08-19,US,Delaware,Kent,2505,109,0,39.08646628,-75.56884914,10001.0,1385.6161428429193,4.351297405189621,2396,2503,108,0,2395,2496,178550,2,1,0,1,7
2020-08-19,US,Delaware,New Castle,7661,292,0,39.57992638,-75.64054974,10003.0,1371.0888353172156,3.8115128573293298,7369,7617,293,0,7324,7580,559335,44,-1,0,45,37
2020-08-19,US,Delaware,Sussex,6213,194,0,38.66143781,-75.39031349,10005.0,2652.577649695805,3.1224851118622245,6019,6209,192,0,6017,6197,229286,4,2,0,2,12
2020-08-19,US,Delaware,Unassigned,264,0,0,0.0,0.0,90010.0,0.0,0.0,264,264,0,0,264,263,,0,0,0,0,1
2020-08-19,US,District of Columbia,District of Columbia,13354,600,0,38.90417773,-77.01655992,11001.0,1892.1741298960396,4.493035794518496,12754,13325,599,0,12726,13273,702455,29,1,0,28,52
2020-08-19,US,Florida,Alachua,4759,31,0,29.67866525,-82.35928158,12001.0,1768.8622264842422,0.6513973523849548,4728,4713,29,0,4684,4670,269956,46,2,0,44,43
2020-08-19,US,Florida,Baker,1088,4,0,30.33060121,-82.28467476,12003.0,3724.751797329681,0.36764705882352944,1084,1086,4,0,1082,1078,28355,2,0,0,2,8
2020-08-19,US,Florida,Bay,4938,67,0,30.26548745,-85.62122584,12005.0,2826.4789216107147,1.3568246253543943,4871,4886,67,0,4819,4836,185287,52,0,0,52,50
2020-08-19,US,Florida,Bradford,589,4,0,29.95079741,-82.16611613,12007.0,2088.5784192049928,0.6791171477079796,585,581,4,0,577,573,27732,8,0,0,8,8
2020-08-19,US,Florida,Brevard,6667,189,0,28.29409504,-80.73091022,12009.0,1107.5817935947316,2.834858257087145,6478,6614,181,0,6433,6538,596849,53,8,0,45,76
2020-08-19,US,Florida,Broward,67534,1049,0,26.15184651,-80.48725556,12011.0,3458.3552252227337,1.5532916753042911,66485,67193,1025,0,66168,66826,1951260,341,24,0,317,367
2020-08-19,US,Florida,Calhoun,511,8,0,30.40666734,-85.19394153,12013.0,3622.8287841191072,1.5655577299412915,503,506,8,0,498,503,14587,5,0,0,5,3
2020-08-19,US,Florida,Charlotte,2415,106,0,26.90131002,-81.92949121,12015.0,1278.386533269811,4.3892339544513455,2309,2394,103,0,2291,2388,184998,21,3,0,18,6
2020-08-19,US,Florida,Citrus,1834,45,0,28.84804315,-82.47614748,12017.0,1225.4689055640565,2.453653217011996,1789,1823,43,0,1780,1799,147929,11,2,0,9,24
2020-08-19,US,Florida,Clay,3538,70,0,29.98319144,-81.85609986,12019.0,1613.6682903690728,1.9785189372526848,3468,3512,69,0,3443,3484,216072,26,1,0,25,28
2020-08-19,US,Florida,Collier,11016,160,0,26.11091986,-81.34687065,12021.0,2862.027217317655,1.4524328249818446,10856,10977,159,0,10818,10918,378488,39,1,0,38,59
2020-08-19,US,Florida,Columbia,3095,29,0,30.22509788,-82.62160164,12023.0,4317.4399464330545,0.936995153473344,3066,3071,26,0,3045,3045,70503,24,3,0,21,26
2020-08-19,US,Florida,DeSoto,1426,21,0,27.18677893,-81.80941373,12027.0,3752.5328280834724,1.472650771388499,1405,1424,21,0,1403,1422,37489,2,0,0,2,2
2020-08-19,US,Florida,Dixie,621,4,0,29.60631086,-83.15724673,12029.0,3690.71674789017,0.644122383252818,617,609,4,0,605,595,16700,12,0,0,12,14
2020-08-19,US,Florida,Duval,24966,232,0,30.33225875,-81.66976468,12031.0,2606.7209254976488,0.929263798766322,24734,24836,230,0,24606,24731,950181,130,2,0,128,105
2020-08-19,US,Florida,Escambia,10499,164,0,30.67652764,-87.37284571,12033.0,3298.294776260069,1.5620535289075148,10335,10405,159,0,10246,10317,315534,94,5,0,89,88
2020-08-19,US,Florida,Flagler,1181,14,0,29.45933576,-81.31508595,12035.0,1026.2336962661082,1.1854360711261642,1167,1170,14,0,1156,1163,112067,11,0,0,11,7
2020-08-19,US,Florida,Franklin,480,3,0,29.83791238,-84.82731662,12037.0,3958.762886597938,0.625,477,479,3,0,476,472,11736,1,0,0,1,7
2020-08-19,US,Florida,Gadsden,2068,29,0,30.57796289,-84.61915825,12039.0,4529.128339903636,1.4023210831721469,2039,2060,29,0,2031,2046,45894,8,0,0,8,14
2020-08-19,US,Florida,Gilchrist,420,9,0,29.72856978,-82.79880657,12041.0,2260.2518566354543,2.142857142857143,411,416,8,0,408,405,18256,4,1,0,3,11
2020-08-19,US,Florida,Glades,425,3,0,26.95635849,-81.18996211,12043.0,3077.257258706828,0.7058823529411765,422,423,3,0,420,422,13724,2,0,0,2,1
2020-08-19,US,Florida,Gulf,765,6,0,29.93543004,-85.24270990000002,12045.0,5608.915609648801,0.7843137254901961,759,760,5,0,755,756,16164,5,1,0,4,4
2020-08-19,US,Florida,Hamilton,642,4,0,30.49673973,-82.94998918,12047.0,4449.681175492099,0.6230529595015576,638,640,4,0,636,635,14310,2,0,0,2,5
2020-08-19,US,Florida,Hardee,1023,8,0,27.49293939,-81.80956574,12049.0,3797.7503062701853,0.7820136852394917,1015,1019,8,0,1011,1012,27245,4,0,0,4,7
2020-08-19,US,Florida,Hendry,1891,39,0,26.55386945,-81.16469006,12051.0,4500.023797058683,2.062400846113168,1852,1886,39,0,1847,1884,41556,5,0,0,5,2
2020-08-19,US,Florida,Hernando,2317,67,0,28.55364461,-82.42700204,12053.0,1194.822607260726,2.891670263271472,2250,2284,61,0,2223,2255,190865,33,6,0,27,29
2020-08-19,US,Florida,Highlands,1660,47,0,27.34254618,-81.34071957,12055.0,1562.7794880485026,2.8313253012048194,1613,1639,42,0,1597,1632,105424,21,5,0,16,7
2020-08-19,US,Florida,Hillsborough,34851,508,0,27.9276559,-82.32013172,12057.0,2367.6465792734625,1.4576339272904653,34343,34605,490,0,34115,34368,1436888,246,18,0,228,237
2020-08-19,US,Florida,Holmes,557,4,0,30.86747479,-85.81319222,12059.0,2839.374012336239,0.7181328545780971,553,556,4,0,552,534,19477,1,0,0,1,22
2020-08-19,US,Florida,Indian River,2679,67,0,27.69308961,-80.60556721,12061.0,1675.1811809433289,2.5009331840238893,2612,2668,67,0,2601,2661,157413,11,0,0,11,7
2020-08-19,US,Florida,Jackson,2159,53,0,30.795459700000002,-85.21500423,12063.0,4651.613737234455,2.4548402037980552,2106,2111,53,0,2058,2036,48305,48,0,0,48,75
2020-08-19,US,Florida,Jefferson,473,5,0,30.43669112,-83.89442308,12065.0,3320.2302400673875,1.0570824524312896,468,474,5,0,469,469,14288,-1,0,0,-1,5
2020-08-19,US,Florida,Lafayette,1122,4,0,29.98484137,-83.18166636,12067.0,13322.25124673474,0.35650623885918004,1118,1030,4,0,1026,1009,8732,92,0,0,92,21
2020-08-19,US,Florida,Lake,5756,91,0,28.76202069,-81.7125123,12069.0,1567.8882539129108,1.5809589993050732,5665,5698,89,0,5609,5650,356495,58,2,0,56,48
2020-08-19,US,Florida,Lee,17596,384,0,26.58410348,-81.88399313,12071.0,2283.4836752199976,2.182314162309616,17212,17495,384,0,17111,17451,754610,101,0,0,101,44
2020-08-19,US,Florida,Leon,5561,27,0,30.45955727,-84.27491114,12073.0,1894.189698278505,0.4855241862974285,5534,5516,27,0,5489,5443,292502,45,0,0,45,73
2020-08-19,US,Florida,Levy,803,5,0,29.31829741,-82.74007147,12075.0,1934.7998939835675,0.6226650062266501,798,794,5,0,789,785,40770,9,0,0,9,9
2020-08-19,US,Florida,Liberty,410,7,0,30.23766008,-84.8829258,12077.0,4907.8285851089295,1.7073170731707317,403,412,7,0,405,411,8457,-2,0,0,-2,1
2020-08-19,US,Florida,Madison,778,12,0,30.44396917,-83.47398594,12079.0,4206.997242199751,1.5424164524421593,766,772,12,0,760,766,18529,6,0,0,6,6
2020-08-19,US,Florida,Manatee,9924,247,0,27.47196942,-82.31831044,12081.0,2460.9860311020625,2.4889157597742844,9677,9891,247,0,9644,9843,394855,33,0,0,33,48
2020-08-19,US,Florida,Marion,7614,121,0,29.21227113,-82.05803627,12083.0,2082.723570008124,1.5891778303125816,7493,7448,118,0,7330,7319,359977,166,3,0,163,129
2020-08-19,US,Florida,Martin,3997,104,0,27.0772071,-80.43109784,12085.0,2482.608695652174,2.601951463597698,3893,3967,104,0,3863,3937,160912,30,0,0,30,30
2020-08-19,US,Florida,Miami-Dade,148093,2166,0,25.6112362,-80.55170587,12086.0,5450.72765684925,1.4625944507843045,145927,146990,2126,0,144864,146026,2761581,1103,40,0,1063,964
2020-08-19,US,Florida,Monroe,1666,13,0,25.20904673,-81.07812416,12087.0,2244.436061863448,0.78031212484994,1653,1650,13,0,1637,1643,75027,16,0,0,16,7
2020-08-19,US,Florida,Nassau,1372,13,0,30.61037141,-81.80297522,12089.0,1548.095909732017,0.9475218658892128,1359,1354,13,0,1341,1345,85832,18,0,0,18,9
2020-08-19,US,Florida,Okaloosa,3803,64,0,30.69143028,-86.59267105,12091.0,1804.6104641782688,1.6828819353142257,3739,3773,63,0,3710,3742,207269,30,1,0,29,31
2020-08-19,US,Florida,Okeechobee,1169,12,0,27.386336199999995,-80.88944347,12093.0,2772.244355909694,1.0265183917878529,1157,1155,12,0,1143,1148,41537,14,0,0,14,7
2020-08-19,US,Florida,Orange,33946,356,0,28.51367621,-81.31799498,12095.0,2436.108312306416,1.0487244447062982,33590,33709,352,0,33357,33486,1380645,237,4,0,233,223
2020-08-19,US,Florida,Osceola,10480,122,0,28.06312234,-81.14882926,12097.0,2789.0810669831885,1.1641221374045805,10358,10424,121,0,10303,10373,367990,56,1,0,55,51
2020-08-19,US,Florida,Palm Beach,39662,1022,0,26.64676272,-80.46536002,12099.0,2649.8393206705105,2.5767737380868336,38640,39460,1006,0,38454,39274,1485941,202,16,0,186,186
2020-08-19,US,Florida,Pasco,7560,155,0,28.30810945,-82.40227529,12101.0,1364.7515014974354,2.0502645502645502,7405,7527,152,0,7375,7490,539630,33,3,0,30,37
2020-08-19,US,Florida,Pinellas,18994,582,0,27.93130349,-82.72239666,12103.0,1948.1105563510005,3.064125513319996,18412,18876,570,0,18306,18774,975280,118,12,0,106,102
2020-08-19,US,Florida,Polk,15723,389,0,27.95027105,-81.69732947,12105.0,2169.3569194386687,2.4740825542199327,15334,15607,387,0,15220,15506,708009,116,2,0,114,101
2020-08-19,US,Florida,Putnam,1640,33,0,29.60779729,-81.74230285,12107.0,2200.721944149971,2.0121951219512195,1607,1624,33,0,1591,1611,74163,16,0,0,16,13
2020-08-19,US,Florida,Santa Rosa,4303,50,0,30.69341450000001,-87.02458128,12113.0,2334.615572422998,1.1619800139437602,4253,4264,50,0,4214,4237,179349,39,0,0,39,27
2020-08-19,US,Florida,Sarasota,6814,179,0,27.18546175,-82.33174248,12115.0,1570.9799834924909,2.6269445259759316,6635,6764,178,0,6586,6728,426718,50,1,0,49,36
2020-08-19,US,Florida,Seminole,7568,153,0,28.7158582,-81.24060348,12117.0,1603.981128636404,2.021670190274841,7415,7530,151,0,7379,7492,467832,38,2,0,36,38
2020-08-19,US,Florida,St. Johns,4033,50,0,29.90096506,-81.43589967,12109.0,1523.7728206988272,1.2397718819737171,3983,4021,50,0,3971,3978,254261,12,0,0,12,43
2020-08-19,US,Florida,St. Lucie,6380,208,0,27.37763908,-80.47106649,12111.0,1943.3622603922668,3.2601880877742953,6172,6326,206,0,6120,6283,321128,54,2,0,52,43
2020-08-19,US,Florida,Sumter,1611,46,0,28.70181754,-82.0794267,12119.0,1216.5835976438605,2.8553693358162637,1565,1586,45,0,1541,1558,128754,25,1,0,24,28
2020-08-19,US,Florida,Suwannee,2294,50,0,30.19746066,-82.99099670000003,12121.0,5164.689195578269,2.1795989537925022,2244,2292,48,0,2244,2259,44191,2,2,0,0,33
2020-08-19,US,Florida,Taylor,1114,5,0,30.04848048,-83.60445406,12123.0,5164.819880383884,0.4488330341113106,1109,1110,5,0,1105,1102,21623,4,0,0,4,8
2020-08-19,US,Florida,Unassigned,786,0,0,0.0,0.0,90012.0,0.0,0.0,786,780,0,0,780,776,,6,0,0,6,4
2020-08-19,US,Florida,Union,501,5,0,30.04412971,-82.37497443,12125.0,3288.048828509549,0.998003992015968,496,493,5,0,488,489,14940,8,0,0,8,4
2020-08-19,US,Florida,Volusia,8608,171,0,29.05858895,-81.18263252,12127.0,1555.8013606032346,1.9865241635687727,8437,8543,171,0,8372,8482,547538,65,0,0,65,61
2020-08-19,US,Florida,Wakulla,796,5,0,30.16548905,-84.39895211,12129.0,2359.2874714721834,0.628140703517588,791,791,5,0,786,781,32461,5,0,0,5,10
2020-08-19,US,Florida,Walton,1526,18,0,30.64204028,-86.16935664,12131.0,2060.1854976981544,1.1795543905635648,1508,1506,18,0,1488,1491,71375,20,0,0,20,15
2020-08-19,US,Florida,Washington,957,14,0,30.61359259,-85.66002461,12133.0,3756.919090802026,1.4629049111807733,943,934,14,0,920,933,24880,23,0,0,23,1
2020-08-19,US,Georgia,Appling,822,19,0,31.74847232,-82.28909114,13001.0,4470.792994669858,2.3114355231143557,803,814,19,0,795,804,18507,8,0,0,8,10
2020-08-19,US,Georgia,Atkinson,365,3,0,31.29633502,-82.87545866,13003.0,4470.300061236987,0.821917808219178,362,361,3,0,358,357,8297,4,0,0,4,4
2020-08-19,US,Georgia,Bacon,477,8,0,31.55456473,-82.45936528,13005.0,4272.662128269438,1.6771488469601676,469,473,8,0,465,472,11185,4,0,0,4,1
2020-08-19,US,Georgia,Baker,73,3,0,31.32669878,-84.44218806,13007.0,2402.896642527979,4.109589041095891,70,73,3,0,70,72,3092,0,0,0,0,1
2020-08-19,US,Georgia,Baldwin,1219,46,0,33.06882326,-83.24701748,13009.0,2715.526843394965,3.7735849056603774,1173,1201,45,0,1156,1182,44823,18,1,0,17,19
2020-08-19,US,Georgia,Banks,311,6,0,34.35607081,-83.49644388,13011.0,1616.928356036186,1.929260450160772,305,307,6,0,301,302,18988,4,0,0,4,5
2020-08-19,US,Georgia,Barrow,1489,34,0,33.99148694,-83.71436292,13013.0,1788.80345987506,2.283411685695097,1455,1466,34,0,1432,1438,80809,23,0,0,23,28
2020-08-19,US,Georgia,Bartow,2114,65,0,34.23732119,-84.83887523,13015.0,1962.167480369044,3.0747398297067163,2049,2083,65,0,2018,2063,106408,31,0,0,31,20
2020-08-19,US,Georgia,Ben Hill,556,7,0,31.76095874,-83.22145359,13017.0,3329.3413173652693,1.2589928057553956,549,550,7,0,543,544,16787,6,0,0,6,6
2020-08-19,US,Georgia,Berrien,339,1,0,31.27590016,-83.22529920000002,13019.0,1747.692942207558,0.2949852507374631,338,340,1,0,339,338,19252,-1,0,0,-1,2
2020-08-19,US,Georgia,Bibb,4314,86,0,32.80904227,-83.70489165,13021.0,2816.680704366051,1.9935095039406583,4228,4262,85,0,4177,4134,153095,52,1,0,51,128
2020-08-19,US,Georgia,Bleckley,292,11,0,32.43829035,-83.33035166,13023.0,2268.31352443098,3.767123287671233,281,286,11,0,275,281,12838,6,0,0,6,5
2020-08-19,US,Georgia,Brantley,279,8,0,31.19576557,-81.97743999,13025.0,1460.0450049714789,2.867383512544803,271,277,8,0,269,275,18897,2,0,0,2,2
2020-08-19,US,Georgia,Brooks,443,18,0,30.83922642,-83.58303423,13027.0,2866.0153975545063,4.063205417607223,425,440,18,0,422,432,15513,3,0,0,3,8
2020-08-19,US,Georgia,Bryan,759,9,0,32.00979311,-81.44002948,13029.0,1915.3607388901507,1.1857707509881423,750,749,9,0,740,740,38109,10,0,0,10,9
2020-08-19,US,Georgia,Bulloch,1427,19,0,32.39577406,-81.74811421,13031.0,1792.5334137272635,1.3314646110721795,1408,1416,18,0,1398,1405,77296,11,1,0,10,11
2020-08-19,US,Georgia,Burke,580,7,0,33.05917989,-81.99928721,13033.0,2591.252289684135,1.206896551724138,573,573,7,0,566,563,22423,7,0,0,7,10
2020-08-19,US,Georgia,Butts,521,40,0,33.283094500000004,-83.95435040000002,13035.0,2089.348732755855,7.677543186180422,481,515,40,0,475,512,24193,6,0,0,6,3
2020-08-19,US,Georgia,Calhoun,215,7,0,31.53169785,-84.62725131,13037.0,3473.905315883019,3.255813953488372,208,215,7,0,208,215,6352,0,0,0,0,0
2020-08-19,US,Georgia,Camden,888,7,0,30.92951916,-81.66601818,13039.0,1624.4100537811435,0.7882882882882883,881,873,7,0,866,863,53677,15,0,0,15,10
2020-08-19,US,Georgia,Candler,289,10,0,32.40209349,-82.07702563,13043.0,2675.182819587152,3.460207612456748,279,284,10,0,274,282,10836,5,0,0,5,2
2020-08-19,US,Georgia,Carroll,2093,54,0,33.58138199,-85.07976677,13045.0,1744.282952196813,2.580028666985189,2039,2082,54,0,2028,2052,118121,11,0,0,11,30
2020-08-19,US,Georgia,Catoosa,738,17,0,34.89872298,-85.13757014,13047.0,1092.0390648120747,2.303523035230352,721,727,17,0,710,713,67420,11,0,0,11,14
2020-08-19,US,Georgia,Charlton,504,4,0,30.78371028,-82.13951596,13049.0,3763.440860215054,0.7936507936507936,500,499,4,0,495,497,12968,5,0,0,5,2
2020-08-19,US,Georgia,Chatham,6425,106,0,32.00043026,-81.12489526,13051.0,2219.880454686798,1.649805447470817,6319,6371,101,0,6270,6317,289195,54,5,0,49,54
2020-08-19,US,Georgia,Chattahoochee,844,2,0,32.34341231,-84.78809239,13053.0,7738.14981204731,0.23696682464454974,842,821,2,0,819,810,10684,23,0,0,23,11
2020-08-19,US,Georgia,Chattooga,388,5,0,34.47197698,-85.34535662,13055.0,1565.2103755698092,1.2886597938144329,383,379,4,0,375,366,24790,9,1,0,8,13
2020-08-19,US,Georgia,Cherokee,4126,67,0,34.24393976,-84.47431861,13057.0,1594.4476433012715,1.6238487639360155,4059,4065,68,0,3997,4005,254149,61,-1,0,62,60
2020-08-19,US,Georgia,Clarke,2341,21,0,33.95436462,-83.37124007,13059.0,1824.189011228776,0.8970525416488678,2320,2305,21,0,2284,2264,127330,36,0,0,36,41
2020-08-19,US,Georgia,Clay,106,2,0,31.62221166,-84.97713865,13061.0,3740.2964008468593,1.8867924528301887,104,106,2,0,104,103,2887,0,0,0,0,3
2020-08-19,US,Georgia,Clayton,5712,118,0,33.54187245,-84.35594188,13063.0,1954.4508923683343,2.065826330532213,5594,5640,117,0,5523,5570,289615,72,1,0,71,70
2020-08-19,US,Georgia,Clinch,218,4,0,30.91395822,-82.70432472,13065.0,3294.0465397401026,1.834862385321101,214,217,4,0,213,217,6648,1,0,0,1,0
2020-08-19,US,Georgia,Cobb,15247,352,0,33.94243204,-84.5761255,13067.0,2005.8120796010207,2.308650882140749,14895,15086,349,0,14737,14962,756865,161,3,0,158,124
2020-08-19,US,Georgia,Coffee,1630,33,0,31.54892966,-82.85492059999999,13069.0,3766.7829824601945,2.0245398773006134,1597,1616,33,0,1583,1608,43093,14,0,0,14,8
2020-08-19,US,Georgia,Colquitt,1645,24,0,31.18810588,-83.7677946,13071.0,3607.456140350877,1.458966565349544,1621,1640,24,0,1616,1627,45592,5,0,0,5,13
2020-08-19,US,Georgia,Columbia,2804,35,0,33.54534185,-82.263524,13073.0,1789.2466531388388,1.2482168330955778,2769,2761,35,0,2726,2695,154291,43,0,0,43,66
2020-08-19,US,Georgia,Cook,478,9,0,31.16068491,-83.42947229,13075.0,2767.8054429646777,1.8828451882845187,469,475,9,0,466,472,17162,3,0,0,3,3
2020-08-19,US,Georgia,Coweta,1875,26,0,33.35334302,-84.76129976,13077.0,1262.5497444599314,1.3866666666666667,1849,1832,26,0,1806,1793,145864,43,0,0,43,39
2020-08-19,US,Georgia,Crawford,126,0,0,32.71391813,-83.98061238,13079.0,1015.8013544018056,0.0,126,124,0,0,124,120,12318,2,0,0,2,4
2020-08-19,US,Georgia,Crisp,419,15,0,31.92289565,-83.76811843,13081.0,1872.8768102985875,3.5799522673031032,404,417,15,0,402,416,22601,2,0,0,2,1
2020-08-19,US,Georgia,Dade,165,2,0,34.854916700000004,-85.50490424,13083.0,1023.8272524199556,1.2121212121212122,163,161,2,0,159,157,16226,4,0,0,4,4
2020-08-19,US,Georgia,Dawson,528,5,0,34.44244079,-84.16964071,13085.0,2022.3686226444,0.946969696969697,523,504,5,0,499,486,25083,24,0,0,24,18
2020-08-19,US,Georgia,DeKalb,15422,267,0,33.76944049,-84.22396017,13089.0,2031.0892839034,1.7312929581117884,15155,15312,266,0,15046,15101,756558,110,1,0,109,211
2020-08-19,US,Georgia,Decatur,870,18,0,30.87967778,-84.57619536,13087.0,3294.955309801545,2.0689655172413794,852,860,18,0,842,850,26575,10,0,0,10,10
2020-08-19,US,Georgia,Dodge,267,4,0,32.17265114,-83.16948926,13091.0,1295.801989808299,1.49812734082397,263,260,4,0,256,254,20705,7,0,0,7,6
2020-08-19,US,Georgia,Dooly,268,14,0,32.15630737,-83.79746561,13093.0,2001.4936519790888,5.223880597014926,254,266,14,0,252,264,13706,2,0,0,2,2
2020-08-19,US,Georgia,Dougherty,2845,173,0,31.53328528,-84.21722377,13095.0,3234.571831370231,6.0808435852372575,2672,2837,173,0,2664,2837,91243,8,0,0,8,0
2020-08-19,US,Georgia,Douglas,2928,60,0,33.70291126,-84.77026156,13097.0,2000.7789918205856,2.0491803278688523,2868,2911,59,0,2852,2892,145331,17,1,0,16,19
2020-08-19,US,Georgia,Early,388,32,0,31.32155345,-84.90255207,13099.0,3807.6545632973503,8.24742268041237,356,390,32,0,358,383,10247,-2,0,0,-2,7
2020-08-19,US,Georgia,Echols,228,2,0,30.71101099,-82.89687287,13101.0,5691.462805791313,0.8771929824561403,226,226,2,0,224,226,4000,2,0,0,2,0
2020-08-19,US,Georgia,Effingham,864,10,0,32.36616021,-81.34280942,13103.0,1343.7849944008956,1.1574074074074074,854,857,6,0,851,833,62190,7,4,0,3,24
2020-08-19,US,Georgia,Elbert,407,1,0,34.11302332,-82.83936148,13105.0,2120.4543086381163,0.2457002457002457,406,403,1,0,402,386,19120,4,0,0,4,17
2020-08-19,US,Georgia,Emanuel,626,15,0,32.59221302,-82.30239915,13107.0,2764.2850834584474,2.3961661341853038,611,619,15,0,604,599,22612,7,0,0,7,20
2020-08-19,US,Georgia,Evans,322,3,0,32.15328841,-81.8870105,13109.0,3022.3390275952693,0.9316770186335404,319,322,3,0,319,319,10721,0,0,0,0,3
2020-08-19,US,Georgia,Fannin,396,5,0,34.86430205,-84.316964,13111.0,1512.1429662440812,1.2626262626262623,391,388,5,0,383,374,25964,8,0,0,8,14
2020-08-19,US,Georgia,Fayette,1365,34,0,33.41357794,-84.49089434,13113.0,1192.962830249692,2.490842490842491,1331,1341,34,0,1307,1305,113459,24,0,0,24,36
2020-08-19,US,Georgia,Floyd,1871,20,0,34.26268279,-85.21577392,13115.0,1899.5309549432475,1.0689470871191875,1851,1845,20,0,1825,1823,97927,26,0,0,26,22
2020-08-19,US,Georgia,Forsyth,2681,29,0,34.22604035,-84.12315129999998,13117.0,1097.6368668424413,1.0816859380828052,2652,2625,27,0,2598,2586,236612,56,2,0,54,39
2020-08-19,US,Georgia,Franklin,479,6,0,34.37525597,-83.23159927,13119.0,2051.479720758919,1.2526096033402925,473,471,6,0,465,460,23023,8,0,0,8,11
2020-08-19,US,Georgia,Fulton,22760,479,0,33.79216944,-84.46319413,13121.0,2139.2244089640644,2.104569420035149,22281,22484,477,0,22007,22107,1050114,276,2,0,274,377
2020-08-19,US,Georgia,Gilmer,695,4,0,34.69316688,-84.45802506,13123.0,2215.5631355797127,0.5755395683453237,691,687,4,0,683,685,30816,8,0,0,8,2
2020-08-19,US,Georgia,Glascock,29,1,0,33.22879932,-82.61297636,13125.0,976.1023224503534,3.4482758620689653,28,28,1,0,27,29,2995,1,0,0,1,-1
2020-08-19,US,Georgia,Glynn,2782,59,0,31.23279254,-81.53811412,13127.0,3261.7361534493266,2.1207764198418406,2723,2766,58,0,2708,2754,85219,16,1,0,15,12
2020-08-19,US,Georgia,Gordon,1380,25,0,34.50487351,-84.87296253,13129.0,2380.8291496299357,1.8115942028985508,1355,1358,25,0,1333,1338,57685,22,0,0,22,20
2020-08-19,US,Georgia,Grady,587,8,0,30.87454847,-84.23418364,13131.0,2382.982178378598,1.3628620102214652,579,567,8,0,559,564,24748,20,0,0,20,3
2020-08-19,US,Georgia,Greene,383,14,0,33.5769205,-83.17139104,13133.0,2090.154987993888,3.655352480417754,369,384,13,0,371,371,17698,-1,1,0,-2,13
2020-08-19,US,Georgia,Gwinnett,22196,295,0,33.96044201,-84.02137802,13135.0,2370.7343124165554,1.3290683005947015,21901,21936,293,0,21643,21655,927781,260,2,0,258,281
2020-08-19,US,Georgia,Habersham,1236,53,0,34.63331566,-83.53094677,13137.0,2726.791387222026,4.2880258899676384,1183,1219,52,0,1167,1212,45388,17,1,0,16,7
2020-08-19,US,Georgia,Hall,6764,109,0,34.32207823,-83.81896936,13139.0,3308.5340024750417,1.611472501478415,6655,6687,105,0,6582,6581,202148,77,4,0,73,106
2020-08-19,US,Georgia,Hancock,340,37,0,33.2721566,-82.99766919,13141.0,4020.338181388199,10.882352941176471,303,340,37,0,303,340,8348,0,0,0,0,0
2020-08-19,US,Georgia,Haralson,257,7,0,33.79602175,-85.21005667,13143.0,862.6476906552092,2.723735408560312,250,256,7,0,249,256,29533,1,0,0,1,0
2020-08-19,US,Georgia,Harris,696,19,0,32.73709786,-84.90538572,13145.0,1975.252582585992,2.7298850574712645,677,692,18,0,674,688,34475,4,1,0,3,4
2020-08-19,US,Georgia,Hart,363,9,0,34.34626973,-82.96567682,13147.0,1385.2318259874066,2.479338842975207,354,357,8,0,349,351,26099,6,1,0,5,6
2020-08-19,US,Georgia,Heard,154,5,0,33.29686567,-85.12886832,13149.0,1291.6212362660406,3.2467532467532467,149,153,5,0,148,152,11879,1,0,0,1,1
2020-08-19,US,Georgia,Henry,3886,59,0,33.4533428,-84.14814659999998,13151.0,1656.7119001027454,1.5182707153885744,3827,3819,59,0,3760,3786,230220,67,0,0,67,33
2020-08-19,US,Georgia,Houston,2307,62,0,32.45802497,-83.66879087,13153.0,1461.3937401417686,2.6874729085392284,2245,2273,62,0,2211,2251,155469,34,0,0,34,22
2020-08-19,US,Georgia,Irwin,185,1,0,31.60213036,-83.27501387,13155.0,1964.7408666100253,0.5405405405405406,184,184,1,0,183,180,9398,1,0,0,1,4
2020-08-19,US,Georgia,Jackson,1246,19,0,34.13794553,-83.56814788,13157.0,1707.3872589994107,1.5248796147672552,1227,1221,18,0,1203,1190,70422,25,1,0,24,31
2020-08-19,US,Georgia,Jasper,186,2,0,33.31535543,-83.68844964,13159.0,1308.1088684155004,1.075268817204301,184,185,2,0,183,183,14040,1,0,0,1,2
2020-08-19,US,Georgia,Jeff Davis,565,8,0,31.80405727,-82.63724870000001,13161.0,3738.008600727753,1.4159292035398232,557,554,8,0,546,541,15029,11,0,0,11,13
2020-08-19,US,Georgia,Jefferson,594,12,0,33.05867328,-82.41609057,13163.0,3866.684025517511,2.0202020202020203,582,589,12,0,577,577,15430,5,0,0,5,12
2020-08-19,US,Georgia,Jenkins,277,24,0,32.79248718,-81.96040187,13165.0,3192.715537113877,8.664259927797834,253,265,24,0,241,264,8683,12,0,0,12,1
2020-08-19,US,Georgia,Johnson,274,12,0,32.70211082,-82.66166794,13167.0,2841.4393860831688,4.37956204379562,262,272,12,0,260,266,9708,2,0,0,2,6
2020-08-19,US,Georgia,Jones,366,4,0,33.02512137,-83.56019163,13169.0,1273.7080215764747,1.0928961748633879,362,362,4,0,358,353,28616,4,0,0,4,9
2020-08-19,US,Georgia,Lamar,299,14,0,33.07841647,-84.14263877,13171.0,1567.3323897887506,4.682274247491638,285,298,14,0,284,296,19000,1,0,0,1,2
2020-08-19,US,Georgia,Lanier,238,5,0,31.03828570000001,-83.06472457,13173.0,2283.411685695097,2.100840336134454,233,233,5,0,228,232,10340,5,0,0,5,1
2020-08-19,US,Georgia,Laurens,1167,19,0,32.46325233,-82.92221316,13175.0,2454.465149539393,1.6281062553556127,1148,1154,19,0,1135,1142,47325,13,0,0,13,12
2020-08-19,US,Georgia,Lee,617,23,0,31.779330600000005,-84.14324253,13177.0,2057.2152574019738,3.7277147487844413,594,616,23,0,593,611,29764,1,0,0,1,5
2020-08-19,US,Georgia,Liberty,819,9,0,31.82588896,-81.49251135,13179.0,1333.1163017823715,1.0989010989010992,810,811,8,0,803,805,61497,8,1,0,7,6
2020-08-19,US,Georgia,Lincoln,178,5,0,33.79201475,-82.45024131,13181.0,2247.191011235955,2.808988764044944,173,173,5,0,168,169,7915,5,0,0,5,4
2020-08-19,US,Georgia,Long,154,2,0,31.75218791,-81.74952375,13183.0,787.3613170407484,1.2987012987012987,152,152,2,0,150,149,18998,2,0,0,2,3
2020-08-19,US,Georgia,Lowndes,3289,52,0,30.83568832,-83.27056716,13185.0,2801.3900482087797,1.5810276679841897,3237,3276,52,0,3224,3259,116321,13,0,0,13,17
2020-08-19,US,Georgia,Lumpkin,466,10,0,34.57286511,-84.00425681,13187.0,1386.492115441833,2.145922746781116,456,444,10,0,434,417,32955,22,0,0,22,27
2020-08-19,US,Georgia,Macon,190,10,0,32.35207048,-84.04234127,13193.0,1467.5214335367264,5.2631578947368425,180,189,10,0,179,189,13143,1,0,0,1,0
2020-08-19,US,Georgia,Madison,472,7,0,34.12920917,-83.21218732,13195.0,1579.651941097724,1.4830508474576272,465,462,7,0,455,450,29650,10,0,0,10,12
2020-08-19,US,Georgia,Marion,163,5,0,32.3483402,-84.52733571,13197.0,1949.9940184232564,3.0674846625766867,158,162,5,0,157,162,8351,1,0,0,1,0
2020-08-19,US,Georgia,McDuffie,455,11,0,33.47851918,-82.48252774,13189.0,2134.9474474474473,2.417582417582417,444,443,11,0,432,436,21531,12,0,0,12,7
2020-08-19,US,Georgia,McIntosh,214,3,0,31.49683595,-81.40163426,13191.0,1488.38503268883,1.4018691588785046,211,213,3,0,210,213,14340,1,0,0,1,0
2020-08-19,US,Georgia,Meriwether,441,7,0,33.04163534,-84.68859732,13199.0,2083.431756980205,1.5873015873015872,434,442,7,0,435,440,21068,-1,0,0,-1,2
2020-08-19,US,Georgia,Miller,171,0,0,31.16568912,-84.73151117,13201.0,2990.556138509969,0.0,171,171,0,0,171,164,5686,0,0,0,0,7
2020-08-19,US,Georgia,Mitchell,676,41,0,31.22483255,-84.19381821,13205.0,3091.9818872066962,6.06508875739645,635,676,41,0,635,674,22192,0,0,0,0,2
2020-08-19,US,Georgia,Monroe,516,32,0,33.014289,-83.92097166,13207.0,1871.0566393502065,6.2015503875969005,484,508,31,0,477,505,27520,8,1,0,7,3
2020-08-19,US,Georgia,Montgomery,189,2,0,32.17201038,-82.53527476,13209.0,2060.6192760575664,1.058201058201058,187,183,2,0,181,180,9193,6,0,0,6,3
2020-08-19,US,Georgia,Morgan,341,1,0,33.59232073,-83.49129491,13211.0,1769.0392197551362,0.2932551319648094,340,335,1,0,334,329,18853,6,0,0,6,6
2020-08-19,US,Georgia,Murray,669,3,0,34.78897608,-84.74993177,13213.0,1668.4956105347171,0.4484304932735426,666,662,3,0,659,656,39921,7,0,0,7,6
2020-08-19,US,Georgia,Muscogee,5163,117,0,32.50931999,-84.87142262,13215.0,2637.291910363745,2.266124346310285,5046,5136,113,0,5023,5092,194160,27,4,0,23,44
2020-08-19,US,Georgia,Newton,2078,52,0,33.55514538,-83.84547140000002,13217.0,1859.6076746849944,2.5024061597690093,2026,2060,50,0,2010,2038,109541,18,2,0,16,22
2020-08-19,US,Georgia,Oconee,483,17,0,33.83749973,-83.43679568,13219.0,1199.106256206554,3.519668737060041,466,475,16,0,459,474,39272,8,1,0,7,1
2020-08-19,US,Georgia,Oglethorpe,255,8,0,33.878629600000004,-83.08278123,13221.0,1671.1448980929288,3.1372549019607843,247,253,8,0,245,252,15054,2,0,0,2,1
2020-08-19,US,Georgia,Out of GA,16727,105,0,0.0,0.0,80013.0,0.0,0.6277276259939021,16622,16996,103,0,16893,17020,,-269,2,0,-271,-24
2020-08-19,US,Georgia,Paulding,1945,28,0,33.91969522,-84.86848792,13223.0,1153.1597763640784,1.4395886889460154,1917,1916,26,0,1890,1894,164044,29,2,0,27,22
2020-08-19,US,Georgia,Peach,482,16,0,32.56934316,-83.82937,13225.0,1749.8003339867855,3.319502074688797,466,477,16,0,461,464,27297,5,0,0,5,13
2020-08-19,US,Georgia,Pickens,452,6,0,34.46589159,-84.46406611,13227.0,1386.8859501089255,1.327433628318584,446,450,6,0,444,446,31980,2,0,0,2,4
2020-08-19,US,Georgia,Pierce,469,10,0,31.35928155,-82.21598442,13229.0,2409.4528641150782,2.1321961620469083,459,469,9,0,460,466,19389,0,1,0,-1,3
2020-08-19,US,Georgia,Pike,258,6,0,33.09310242,-84.38790389,13231.0,1360.6159687796644,2.3255813953488373,252,254,6,0,248,246,18634,4,0,0,4,8
2020-08-19,US,Georgia,Polk,991,12,0,34.00267074,-85.18677781,13233.0,2325.581395348837,1.2108980827447022,979,974,11,0,963,961,42470,17,1,0,16,13
2020-08-19,US,Georgia,Pulaski,151,3,0,32.23334561,-83.47549959999998,13235.0,1355.8408907246114,1.9867549668874167,148,148,3,0,145,143,11069,3,0,0,3,5
2020-08-19,US,Georgia,Putnam,508,18,0,33.32056115,-83.37552891,13237.0,2296.6680229666804,3.543307086614173,490,502,18,0,484,489,21809,6,0,0,6,13
2020-08-19,US,Georgia,Quitman,32,1,0,31.86728114,-85.01773177,13239.0,1391.9095258808175,3.125,31,32,1,0,31,32,2279,0,0,0,0,0
2020-08-19,US,Georgia,Rabun,239,3,0,34.88389445,-83.40304637,13241.0,1394.6431697496646,1.2552301255230125,236,237,3,0,234,234,16867,2,0,0,2,3
2020-08-19,US,Georgia,Randolph,292,26,0,31.76622818,-84.75732369,13243.0,4308.05547359103,8.904109589041097,266,290,26,0,264,287,6833,2,0,0,2,3
2020-08-19,US,Georgia,Richmond,5369,103,0,33.35777107,-82.07026432,13245.0,2651.122369369636,1.9184205624883592,5266,5268,102,0,5166,5192,201554,101,1,0,100,76
2020-08-19,US,Georgia,Rockdale,1522,27,0,33.65145002,-84.02202167,13247.0,1674.441119521211,1.7739816031537452,1495,1503,27,0,1476,1487,90594,19,0,0,19,16
2020-08-19,US,Georgia,Schley,87,2,0,32.2654021,-84.31258912,13249.0,1654.9362754422675,2.2988505747126435,85,83,1,0,82,79,5236,4,1,0,3,4
2020-08-19,US,Georgia,Screven,246,9,0,32.74976524,-81.60779441,13251.0,1761.4205928683946,3.6585365853658534,237,243,9,0,234,240,13938,3,0,0,3,3
2020-08-19,US,Georgia,Seminole,252,6,0,30.93464824,-84.86823924,13253.0,3114.9567367119903,2.380952380952381,246,250,6,0,244,242,8315,2,0,0,2,8
2020-08-19,US,Georgia,Spalding,1052,43,0,33.26310031,-84.28013991,13255.0,1577.1404584501447,4.08745247148289,1009,1049,43,0,1006,1039,66100,3,0,0,3,10
2020-08-19,US,Georgia,Stephens,722,19,0,34.55151201,-83.29405315,13257.0,2784.9566055930572,2.631578947368421,703,711,19,0,692,700,26035,11,0,0,11,11
2020-08-19,US,Georgia,Stewart,275,10,0,32.07996777,-84.83208037,13259.0,4153.451140311131,3.636363636363636,265,275,10,0,265,275,6199,0,0,0,0,0
2020-08-19,US,Georgia,Sumter,795,56,0,32.03650571,-84.19821492,13261.0,2692.724563067335,7.0440251572327055,739,794,56,0,738,789,29733,1,0,0,1,5
2020-08-19,US,Georgia,Talbot,149,5,0,32.69642758,-84.53351366,13263.0,2405.1654560129136,3.355704697986577,144,148,5,0,143,147,6272,1,0,0,1,1
2020-08-19,US,Georgia,Taliaferro,17,0,0,33.56543317,-82.88136816,13265.0,1106.0507482108003,0.0,17,17,0,0,17,17,1608,0,0,0,0,0
2020-08-19,US,Georgia,Tattnall,613,3,0,32.04785085,-82.05539188,13267.0,2424.266392470141,0.4893964110929853,610,608,3,0,605,603,25391,5,0,0,5,5
2020-08-19,US,Georgia,Taylor,111,4,0,32.55792548,-84.25077141,13269.0,1384.0399002493766,3.603603603603604,107,108,4,0,104,107,8039,3,0,0,3,1
2020-08-19,US,Georgia,Telfair,321,12,0,31.92829517,-82.93491155,13271.0,2023.9596469104665,3.7383177570093458,309,316,12,0,304,313,15876,5,0,0,5,3
2020-08-19,US,Georgia,Terrell,311,30,0,31.77527543,-84.44069698,13273.0,3645.528074082757,9.646302250803856,281,310,30,0,280,308,8611,1,0,0,1,2
2020-08-19,US,Georgia,Thomas,1275,45,0,30.86392347,-83.91847289,13275.0,2868.3269217790366,3.5294117647058822,1230,1261,44,0,1217,1250,44448,14,1,0,13,11
2020-08-19,US,Georgia,Tift,1415,46,0,31.45743864,-83.5236119,13277.0,3481.448676311387,3.2508833922261484,1369,1412,46,0,1366,1402,40571,3,0,0,3,10
2020-08-19,US,Georgia,Toombs,902,9,0,32.12059861,-82.32957247,13279.0,3361.9083115915028,0.9977827050997784,893,892,9,0,883,878,26887,10,0,0,10,14
2020-08-19,US,Georgia,Towns,173,3,0,34.91369188,-83.74107459999998,13281.0,1437.235191492897,1.7341040462427746,170,165,3,0,162,159,11852,8,0,0,8,6
2020-08-19,US,Georgia,Treutlen,160,3,0,32.40422134,-82.56904553,13283.0,2318.5045645558616,1.875,157,146,3,0,143,145,6809,14,0,0,14,1
2020-08-19,US,Georgia,Troup,2438,77,0,33.03349196,-85.02812115,13285.0,3486.7423700695063,3.1583264971287943,2361,2431,77,0,2354,2419,70034,7,0,0,7,12
2020-08-19,US,Georgia,Turner,267,18,0,31.71612656,-83.62069378,13287.0,3343.769567939887,6.741573033707866,249,266,18,0,248,263,7912,1,0,0,1,3
2020-08-19,US,Georgia,Twiggs,144,4,0,32.67435595,-83.43078662,13289.0,1773.3990147783252,2.7777777777777777,140,142,4,0,138,139,8188,2,0,0,2,3
2020-08-19,US,Georgia,Unassigned,2766,8,0,0.0,0.0,90013.0,0.0,0.2892263195950832,2758,2725,8,0,2717,2761,,41,0,0,41,-36
2020-08-19,US,Georgia,Union,371,7,0,34.82995757,-83.98967069,13291.0,1513.6061360205622,1.8867924528301887,364,363,7,0,356,335,24001,8,0,0,8,28
2020-08-19,US,Georgia,Upson,636,49,0,32.87920671,-84.30024826,13293.0,2416.4133738601818,7.704402515723269,587,639,49,0,590,632,26215,-3,0,0,-3,7
2020-08-19,US,Georgia,Walker,847,17,0,34.73376362,-85.30165174,13295.0,1214.1454394289074,2.007083825265644,830,837,17,0,820,823,69410,10,0,0,10,14
2020-08-19,US,Georgia,Walton,1309,43,0,33.78017694,-83.73552314,13297.0,1383.8233273075175,3.2849503437738727,1266,1294,43,0,1251,1280,93503,15,0,0,15,14
2020-08-19,US,Georgia,Ware,1248,36,0,31.05449097,-82.42224148,13299.0,3492.472155370236,2.8846153846153846,1212,1242,35,0,1207,1237,35680,6,1,0,5,5
2020-08-19,US,Georgia,Warren,98,2,0,33.41146451,-82.67795848,13301.0,1865.2455272173581,2.0408163265306123,96,97,2,0,95,92,5251,1,0,0,1,5
2020-08-19,US,Georgia,Washington,564,3,0,32.96711864,-82.79357039,13303.0,2768.2340237557673,0.5319148936170213,561,559,3,0,556,540,20386,5,0,0,5,19
2020-08-19,US,Georgia,Wayne,889,13,0,31.5521809,-81.91894878,13305.0,2970.561700137,1.4623172103487063,876,882,13,0,869,877,29808,7,0,0,7,5
2020-08-19,US,Georgia,Webster,39,2,0,32.04066113,-84.54742852,13307.0,1495.9723820483316,5.128205128205129,37,40,2,0,38,40,2611,-1,0,0,-1,0
2020-08-19,US,Georgia,Wheeler,120,3,0,32.12009104,-82.72574721,13309.0,1527.6893698281347,2.5,117,113,2,0,111,107,7879,7,1,0,6,6
2020-08-19,US,Georgia,White,413,8,0,34.64624278,-83.74905525,13311.0,1340.9961685823755,1.937046004842615,405,400,7,0,393,395,29970,13,1,0,12,5
2020-08-19,US,Georgia,Whitfield,3771,42,0,34.80987459,-84.96093476,13313.0,3604.1977290973737,1.1137629276054095,3729,3740,42,0,3698,3730,104062,31,0,0,31,10
2020-08-19,US,Georgia,Wilcox,201,19,0,31.97496928,-83.43438555,13315.0,2327.7359583092066,9.452736318407961,182,199,19,0,180,199,8812,2,0,0,2,0
2020-08-19,US,Georgia,Wilkes,207,3,0,33.78290391,-82.74286107,13317.0,2117.2138692850567,1.4492753623188406,204,202,3,0,199,202,9876,5,0,0,5,0
2020-08-19,US,Georgia,Wilkinson,243,12,0,32.80291082,-83.17140684,13319.0,2713.8708956890773,4.938271604938271,231,245,12,0,233,240,9036,-2,0,0,-2,5
2020-08-19,US,Georgia,Worth,476,24,0,31.55162306,-83.85090513,13321.0,2350.9655751469354,5.042016806722689,452,473,24,0,449,472,20299,3,0,0,3,1
2020-08-19,US,Hawaii,Hawaii,159,0,0,19.60121157,-155.5210167,15001.0,78.90309806315227,0.0,159,152,0,0,152,149,200983,7,0,0,7,3
2020-08-19,US,Hawaii,Honolulu,5111,35,0,21.45803166,-157.97121819999995,15003.0,524.4401849854754,0.6847974955977304,5076,4878,34,0,4844,4754,980080,233,1,0,232,124
2020-08-19,US,Hawaii,Kauai,54,0,0,22.03935037,-159.5966786,15007.0,74.69602866114285,0.0,54,54,0,0,54,54,72133,0,0,0,0,0
2020-08-19,US,Hawaii,Maui,262,6,0,20.86399628,-156.56890969999995,15009.0,156.49545745055758,2.2900763358778624,256,242,6,0,236,235,167207,20,0,0,20,7
2020-08-19,US,Hawaii,Out of HI,23,1,0,0.0,0.0,80015.0,0.0,4.3478260869565215,22,23,1,0,22,23,,0,0,0,0,0
2020-08-19,US,Idaho,Ada,10228,102,0,43.4526575,-116.24155159999998,16001.0,2123.81148162222,0.9972624168947986,10126,10132,98,0,10034,10030,469966,96,4,0,92,102
2020-08-19,US,Idaho,Adams,23,0,0,44.89333571,-116.4545247,16003.0,535.6311131811831,0.0,23,22,0,0,22,22,4250,1,0,0,1,0
2020-08-19,US,Idaho,Bannock,536,2,0,42.67002716,-112.2233311,16005.0,610.4227405247814,0.373134328358209,534,529,2,0,527,507,87138,7,0,0,7,22
2020-08-19,US,Idaho,Bear Lake,25,0,0,42.28269683,-111.32892379999998,16007.0,408.1632653061225,0.0,25,24,0,0,24,21,6050,1,0,0,1,3
2020-08-19,US,Idaho,Benewah,90,1,0,47.21754179,-116.6586851,16009.0,967.9500967950096,1.1111111111111112,89,86,1,0,85,80,9226,4,0,0,4,6
2020-08-19,US,Idaho,Bingham,360,2,0,43.21672879999999,-112.3978437,16011.0,790.4125098801562,0.5555555555555556,358,360,2,0,358,351,46236,0,0,0,0,9
2020-08-19,US,Idaho,Blaine,592,6,0,43.4085812,-113.9752658,16013.0,2571.5650927414104,1.0135135135135136,586,590,6,0,584,586,22601,2,0,0,2,4
2020-08-19,US,Idaho,Boise,56,1,0,43.98829931,-115.7309284,16015.0,715.1066275060657,1.7857142857142858,55,54,1,0,53,54,7634,2,0,0,2,0
2020-08-19,US,Idaho,Bonner,192,0,0,48.29996017,-116.6017932,16017.0,419.7730601893351,0.0,192,192,0,0,192,192,44727,0,0,0,0,0
2020-08-19,US,Idaho,Bonneville,1394,6,0,43.38713372,-111.6161537,16019.0,1170.8185651173335,0.430416068866571,1388,1374,6,0,1368,1338,116854,20,0,0,20,36
2020-08-19,US,Idaho,Boundary,42,0,0,48.76684761,-116.4630179,16021.0,342.99714169048593,0.0,42,42,0,0,42,40,11948,0,0,0,0,2
2020-08-19,US,Idaho,Butte,4,0,0,43.72592209,-113.1735463,16023.0,154.02387370042356,0.0,4,3,0,0,3,1,2611,1,0,0,1,2
2020-08-19,US,Idaho,Camas,2,0,0,43.46665742,-114.8065892,16025.0,180.83182640144662,0.0,2,1,0,0,1,1,1127,1,0,0,1,0
2020-08-19,US,Idaho,Canyon,6589,61,0,43.61970148,-116.70954990000001,16027.0,2866.6646363482123,0.9257853999089392,6528,6501,61,0,6440,6422,223499,88,0,0,88,79
2020-08-19,US,Idaho,Caribou,34,0,0,42.77149116,-111.5597683,16029.0,475.1921733053808,0.0,34,34,0,0,34,34,7060,0,0,0,0,0
2020-08-19,US,Idaho,Cassia,565,1,0,42.28347888,-113.6012409,16031.0,2351.2276321265085,0.17699115044247787,564,560,1,0,559,553,23864,5,0,0,5,7
2020-08-19,US,Idaho,Clark,15,0,0,44.28496071,-112.35057040000001,16033.0,1775.1479289940826,0.0,15,15,0,0,15,14,852,0,0,0,0,1
2020-08-19,US,Idaho,Clearwater,18,0,0,46.67459924,-115.6622393,16035.0,205.5733211512106,0.0,18,18,0,0,18,18,8758,0,0,0,0,0
2020-08-19,US,Idaho,Custer,16,0,0,44.24186819,-114.2855494,16037.0,370.7995365005794,0.0,16,15,0,0,15,11,4280,1,0,0,1,4
2020-08-19,US,Idaho,Elmore,245,3,0,43.3507101,-115.4701578,16039.0,890.5528697611867,1.2244897959183674,242,241,3,0,238,234,27259,4,0,0,4,7
2020-08-19,US,Idaho,Franklin,53,0,0,42.18332217,-111.81496659999999,16041.0,381.95445373306427,0.0,53,53,0,0,53,52,13726,0,0,0,0,1
2020-08-19,US,Idaho,Fremont,96,0,0,44.22800938,-111.48099429999999,16043.0,732.8803725475227,0.0,96,96,0,0,96,94,13168,0,0,0,0,2
2020-08-19,US,Idaho,Gem,198,1,0,44.06482372,-116.398376,16045.0,1093.1978798586572,0.5050505050505051,197,195,1,0,194,195,17634,3,0,0,3,0
2020-08-19,US,Idaho,Gooding,188,1,0,42.96927962,-114.81083059999999,16047.0,1238.5532643784175,0.5319148936170213,187,185,1,0,184,183,15196,3,0,0,3,2
2020-08-19,US,Idaho,Idaho,38,0,0,45.84721541,-115.4634436,16049.0,227.99544009119816,0.0,38,36,0,0,36,36,16513,2,0,0,2,0
2020-08-19,US,Idaho,Jefferson,281,1,0,43.82078483,-112.3131749,16051.0,940.7117270931673,0.3558718861209965,280,270,1,0,269,260,29439,11,0,0,11,10
2020-08-19,US,Idaho,Jerome,537,6,0,42.68891267,-114.2655033,16053.0,2199.737833852204,1.11731843575419,531,532,6,0,526,528,24015,5,0,0,5,4
2020-08-19,US,Idaho,Kootenai,2033,22,0,47.67282258,-116.7020872,16055.0,1226.9383271875772,1.0821446138711264,2011,2015,22,0,1993,1994,161505,18,0,0,18,21
2020-08-19,US,Idaho,Latah,156,0,0,46.81587887,-116.71136979999999,16057.0,388.9498354443004,0.0,156,154,0,0,154,146,40134,2,0,0,2,8
2020-08-19,US,Idaho,Lemhi,61,0,0,44.9438088,-113.9309747,16059.0,759.9352186370998,0.0,61,53,0,0,53,51,7961,8,0,0,8,2
2020-08-19,US,Idaho,Lincoln,63,0,0,43.0012336,-114.1358773,16063.0,1174.058889303019,0.0,63,62,0,0,62,62,5360,1,0,0,1,0
2020-08-19,US,Idaho,Madison,204,0,0,43.78141028,-111.65384740000002,16065.0,511.1885132934072,0.0,204,200,0,0,200,195,39304,4,0,0,4,5
2020-08-19,US,Idaho,Minidoka,517,2,0,42.85518524,-113.6357257,16067.0,2457.341128380627,0.3868471953578336,515,509,2,0,507,507,20825,8,0,0,8,2
2020-08-19,US,Idaho,Nez Perce,201,19,0,46.32638236,-116.75009750000001,16069.0,497.42625222728174,9.452736318407961,182,194,19,0,175,188,40408,7,0,0,7,6
2020-08-19,US,Idaho,Oneida,18,0,0,42.19494279999999,-112.5407838,16071.0,397.26329728536746,0.0,18,16,0,0,16,16,4488,2,0,0,2,0
2020-08-19,US,Idaho,Owyhee,283,4,0,42.58016894,-116.16938710000001,16073.0,2393.639516197243,1.413427561837456,279,282,4,0,278,281,11693,1,0,0,1,1
2020-08-19,US,Idaho,Payette,495,4,0,44.00545243,-116.7647695,16075.0,2066.719552419523,0.8080808080808081,491,468,4,0,464,451,23551,27,0,0,27,17
2020-08-19,US,Idaho,Power,76,0,0,42.69254894,-112.83957420000002,16077.0,989.454498112225,0.0,76,74,0,0,74,67,7768,2,0,0,2,7
2020-08-19,US,Idaho,Shoshone,176,7,0,47.35364087,-115.89167490000001,16079.0,1366.2474770998292,3.977272727272727,169,172,4,0,168,168,12796,4,3,0,1,4
2020-08-19,US,Idaho,Teton,107,0,0,43.75303583,-111.2056773,16081.0,881.2386756712239,0.0,107,102,0,0,102,101,11640,5,0,0,5,1
2020-08-19,US,Idaho,Twin Falls,1548,33,0,42.35440512,-114.6685381,16083.0,1781.808973503073,2.1317829457364343,1515,1537,33,0,1504,1533,86081,11,0,0,11,4
2020-08-19,US,Idaho,Unassigned,3,0,0,0.0,0.0,90016.0,0.0,0.0,3,3,0,0,3,3,,0,0,0,0,0
2020-08-19,US,Idaho,Valley,77,1,0,44.76728382,-115.5676773,16085.0,675.9129213483146,1.2987012987012987,76,76,1,0,75,76,11041,1,0,0,1,0
2020-08-19,US,Idaho,Washington,245,3,0,44.45275475,-116.78476880000001,16087.0,2403.3745340396313,1.2244897959183674,242,244,3,0,241,241,10161,1,0,0,1,3
2020-08-19,US,Illinois,Adams,693,7,0,39.98815591,-91.18786813,17001.0,1059.066248949339,1.0101010101010102,686,672,7,0,665,665,65691,21,0,0,21,7
2020-08-19,US,Illinois,Alexander,40,0,0,37.18049267,-89.32910838,17003.0,694.3239021003299,0.0,40,40,0,0,40,40,6060,0,0,0,0,0
2020-08-19,US,Illinois,Bond,92,3,0,38.88829622,-89.43534887,17005.0,560.0876658955315,3.260869565217391,89,88,3,0,85,82,16630,4,0,0,4,6
2020-08-19,US,Illinois,Boone,793,23,0,42.32359279,-88.82345779,17007.0,1481.0249514418051,2.9003783102143763,770,778,23,0,755,771,53577,15,0,0,15,7
2020-08-19,US,Illinois,Brown,15,0,0,39.96209138,-90.75068024,17009.0,228.0328367284889,0.0,15,15,0,0,15,16,6556,0,0,0,0,-1
2020-08-19,US,Illinois,Bureau,281,4,0,41.40385234,-89.5283051,17011.0,861.2234890278287,1.4234875444839858,277,282,4,0,278,276,32993,-1,0,0,-1,6
2020-08-19,US,Illinois,Calhoun,17,0,0,39.16840183,-90.66330078,17013.0,358.7254695083351,0.0,17,15,0,0,15,14,4802,2,0,0,2,1
2020-08-19,US,Illinois,Carroll,94,4,0,42.06823429,-89.93395545,17015.0,657.1128975882558,4.25531914893617,90,92,4,0,88,89,14312,2,0,0,2,3
2020-08-19,US,Illinois,Cass,265,11,0,39.96991073,-90.24734436,17017.0,2181.608627644686,4.150943396226415,254,259,11,0,248,258,12260,6,0,0,6,1
2020-08-19,US,Illinois,Champaign,1827,19,0,40.13919438,-88.20046615,17019.0,871.2903395027873,1.0399562123700057,1808,1793,19,0,1774,1776,209983,34,0,0,34,17
2020-08-19,US,Illinois,Christian,166,4,0,39.54581621,-89.27780482,17021.0,513.8682516097077,2.409638554216868,162,161,4,0,157,157,32661,5,0,0,5,4
2020-08-19,US,Illinois,Clark,98,2,0,39.33425789,-87.78705622,17023.0,634.6739200828963,2.0408163265306123,96,96,2,0,94,96,15596,2,0,0,2,0
2020-08-19,US,Illinois,Clay,47,0,0,38.75388572,-88.48914513,17025.0,356.49271844660194,0.0,47,40,0,0,40,38,13253,7,0,0,7,2
2020-08-19,US,Illinois,Clinton,524,17,0,38.60704876,-89.42385254,17027.0,1395.0268888770565,3.2442748091603053,507,512,17,0,495,492,37639,12,0,0,12,20
2020-08-19,US,Illinois,Coles,676,21,0,39.51949084,-88.22358557,17029.0,1335.4141561802414,3.1065088757396446,655,648,21,0,627,630,50885,28,0,0,28,18
2020-08-19,US,Illinois,Cook,118012,4984,0,41.84144849,-87.81658794,17031.0,2291.3914768516297,4.223299325492323,113028,117171,4974,0,112197,116620,5180493,841,10,0,831,551
2020-08-19,US,Illinois,Crawford,40,0,0,39.0032229,-87.75954624,17033.0,214.2818878234317,0.0,40,38,0,0,38,37,18807,2,0,0,2,1
2020-08-19,US,Illinois,Cumberland,82,3,0,39.27432424,-88.2401158,17035.0,761.6570685491362,3.6585365853658534,79,75,3,0,72,69,10808,7,0,0,7,6
2020-08-19,US,Illinois,De Witt,38,0,0,40.17514519,-88.90959682,17039.0,242.99782580892696,0.0,38,38,0,0,38,38,15769,0,0,0,0,0
2020-08-19,US,Illinois,DeKalb,1013,33,0,41.89373302,-88.76958483,17037.0,965.7092195201004,3.2576505429417573,980,1004,32,0,972,993,104143,9,1,0,8,11
2020-08-19,US,Illinois,Douglas,161,3,0,39.76768052,-88.21854195,17041.0,827.1256100693553,1.8633540372670807,158,152,3,0,149,151,19479,9,0,0,9,1
2020-08-19,US,Illinois,DuPage,13289,527,0,41.85116968,-88.08642662,17043.0,1439.8848872222,3.96568590563624,12762,13151,527,0,12624,13032,928589,138,0,0,138,119
2020-08-19,US,Illinois,Edgar,51,0,0,39.6809186,-87.74759563,17045.0,297.1854787017074,0.0,51,46,0,0,46,35,17360,5,0,0,5,11
2020-08-19,US,Illinois,Edwards,29,0,0,38.41353228,-88.05720863,17047.0,453.4792806880375,0.0,29,28,0,0,28,27,6392,1,0,0,1,1
2020-08-19,US,Illinois,Effingham,285,1,0,39.05935711,-88.58969584,17049.0,838.0381086803105,0.3508771929824561,284,266,1,0,265,252,34208,19,0,0,19,14
2020-08-19,US,Illinois,Fayette,87,3,0,39.00072038,-89.02452658,17051.0,407.7615298087739,3.4482758620689653,84,81,3,0,78,80,21416,6,0,0,6,1
2020-08-19,US,Illinois,Ford,62,2,0,40.59706922,-88.22350769,17053.0,478.35815137720857,3.2258064516129035,60,61,2,0,59,60,13264,1,0,0,1,1
2020-08-19,US,Illinois,Franklin,266,1,0,37.99189086,-88.92567818,17055.0,691.4658556240089,0.3759398496240601,265,258,1,0,257,249,38701,8,0,0,8,9
2020-08-19,US,Illinois,Fulton,54,0,0,40.47289135,-90.20862357,17057.0,157.251019219569,0.0,54,48,0,0,48,48,34844,6,0,0,6,0
2020-08-19,US,Illinois,Gallatin,56,2,0,37.76430935,-88.22953869,17059.0,1159.90057995029,3.571428571428572,54,56,2,0,54,54,5058,0,0,0,0,2
2020-08-19,US,Illinois,Greene,84,0,0,39.35907414,-90.388865,17061.0,647.6983576220217,0.0,84,78,0,0,78,73,13044,6,0,0,6,5
2020-08-19,US,Illinois,Grundy,400,5,0,41.28569601,-88.41905692,17063.0,783.4841540329846,1.25,395,392,5,0,387,391,50972,8,0,0,8,1
2020-08-19,US,Illinois,Hamilton,39,0,0,38.08163641,-88.53883373,17065.0,480.5322819122721,0.0,39,38,0,0,38,37,8163,1,0,0,1,1
2020-08-19,US,Illinois,Hancock,102,1,0,40.40423981,-91.16313899,17067.0,576.0108425570363,0.9803921568627452,101,102,1,0,101,95,17844,0,0,0,0,7
2020-08-19,US,Illinois,Hardin,18,0,0,37.51810645,-88.26873022,17069.0,471.08086888249153,0.0,18,18,0,0,18,18,3910,0,0,0,0,0
2020-08-19,US,Illinois,Henderson,24,0,0,40.81908672,-90.92491462,17071.0,361.1194703581102,0.0,24,24,0,0,24,24,6709,0,0,0,0,0
2020-08-19,US,Illinois,Henry,335,1,0,41.3533994,-90.13296166,17073.0,684.8894976795535,0.29850746268656714,334,318,1,0,317,313,49090,17,0,0,17,5
2020-08-19,US,Illinois,Iroquois,282,14,0,40.74717633,-87.82466784,17075.0,1040.0531090949326,4.964539007092198,268,280,14,0,266,280,27604,2,0,0,2,0
2020-08-19,US,Illinois,Jackson,807,20,0,37.78595185,-89.38232563,17077.0,1422.0264317180618,2.4783147459727384,787,796,20,0,776,778,57419,11,0,0,11,18
2020-08-19,US,Illinois,Jasper,73,7,0,39.01054275,-88.15437049,17079.0,759.6253902185222,9.58904109589041,66,73,7,0,66,72,9611,0,0,0,0,1
2020-08-19,US,Illinois,Jefferson,360,26,0,38.29980057,-88.9240025,17081.0,955.3125995117293,7.222222222222222,334,357,24,0,333,356,37820,3,2,0,1,1
2020-08-19,US,Illinois,Jersey,174,2,0,39.08869046,-90.35393073,17083.0,799.1549166398752,1.1494252873563218,172,173,2,0,171,157,21847,1,0,0,1,16
2020-08-19,US,Illinois,Jo Daviess,149,2,0,42.36542373,-90.21094405,17085.0,701.6717683070402,1.342281879194631,147,148,2,0,146,145,21366,1,0,0,1,3
2020-08-19,US,Illinois,Johnson,86,0,0,37.45939802,-88.88165419,17087.0,692.5988564065393,0.0,86,81,0,0,81,79,12456,5,0,0,5,2
2020-08-19,US,Illinois,Kane,10466,305,0,41.93842729,-88.42861412,17089.0,1965.8040995261108,2.9141983565832215,10161,10384,305,0,10079,10314,534216,82,0,0,82,70
2020-08-19,US,Illinois,Kankakee,1935,71,0,41.13746989,-87.86205334,17091.0,1761.3005406783054,3.6692506459948317,1864,1909,71,0,1838,1900,110024,26,0,0,26,9
2020-08-19,US,Illinois,Kendall,1518,23,0,41.59081014,-88.42869583,17093.0,1176.8354135979532,1.5151515151515151,1495,1495,23,0,1472,1479,127915,23,0,0,23,16
2020-08-19,US,Illinois,Knox,395,2,0,40.93148779,-90.21330340000002,17095.0,794.7846033119379,0.5063291139240507,393,384,1,0,383,370,50112,11,1,0,10,14
2020-08-19,US,Illinois,LaSalle,1008,37,0,41.34426129999999,-88.88633881,17099.0,927.587444441377,3.670634920634921,971,992,34,0,958,960,109430,16,3,0,13,32
2020-08-19,US,Illinois,Lake,13591,452,0,42.3224907,-88.00367925,17097.0,1951.2300171563525,3.325730262673828,13139,13485,452,0,13033,13375,700832,106,0,0,106,110
2020-08-19,US,Illinois,Lawrence,68,0,0,38.71987914,-87.72884035,17101.0,433.7287919377472,0.0,68,67,0,0,67,65,15765,1,0,0,1,2
2020-08-19,US,Illinois,Lee,203,1,0,41.74583951,-89.29977132,17103.0,595.377756921633,0.4926108374384237,202,199,1,0,198,198,34223,4,0,0,4,1
2020-08-19,US,Illinois,Livingston,152,3,0,40.89188292,-88.55784752,17105.0,426.39138240574516,1.973684210526316,149,151,3,0,148,151,35761,1,0,0,1,0
2020-08-19,US,Illinois,Logan,208,1,0,40.12581572,-89.36638784,17107.0,726.8152910755467,0.4807692307692308,207,204,1,0,203,201,28925,4,0,0,4,3
2020-08-19,US,Illinois,Macon,778,23,0,39.86064913,-88.96342505,17115.0,748.01219125268,2.956298200514139,755,772,23,0,749,762,104712,6,0,0,6,10
2020-08-19,US,Illinois,Macoupin,260,3,0,39.26119767,-89.92424028,17117.0,578.7294662333616,1.1538461538461535,257,252,3,0,249,245,45313,8,0,0,8,7
2020-08-19,US,Illinois,Madison,3289,87,0,38.83042506,-89.90422563,17119.0,1250.7320337990466,2.6451809060504714,3202,3241,86,0,3155,3152,264461,48,1,0,47,89
2020-08-19,US,Illinois,Marion,201,0,0,38.64963204,-88.91899208,17121.0,540.2499664023653,0.0,201,196,0,0,196,188,37620,5,0,0,5,8
2020-08-19,US,Illinois,Marshall,36,0,0,41.0327901,-89.34510444,17123.0,314.74033922014337,0.0,36,36,0,0,36,35,11534,0,0,0,0,1
2020-08-19,US,Illinois,Mason,65,0,0,40.23917274,-89.91824452,17125.0,486.5633655213714,0.0,65,64,0,0,64,63,13565,1,0,0,1,1
2020-08-19,US,Illinois,Massac,47,0,0,37.22078441,-88.71036614,17127.0,341.27214638396754,0.0,47,45,0,0,45,45,14080,2,0,0,2,0
2020-08-19,US,Illinois,McDonough,158,15,0,40.45674722,-90.67775541,17109.0,532.309143588707,9.49367088607595,143,157,15,0,142,157,29955,1,0,0,1,0
2020-08-19,US,Illinois,McHenry,3471,115,0,42.32451172,-88.45248227,17111.0,1127.7755755846822,3.313166234514549,3356,3446,115,0,3331,3417,308570,25,0,0,25,29
2020-08-19,US,Illinois,McLean,876,16,0,40.48996987,-88.84621113,17113.0,510.7365450655037,1.8264840182648399,860,834,16,0,818,782,172828,42,0,0,42,52
2020-08-19,US,Illinois,Menard,61,0,0,40.02742725,-89.80246001,17129.0,500.1639881928501,0.0,61,62,0,0,62,62,12288,-1,0,0,-1,0
2020-08-19,US,Illinois,Mercer,83,4,0,41.20596782,-90.74290052,17131.0,537.6692362505668,4.819277108433735,79,82,4,0,78,81,15601,1,0,0,1,1
2020-08-19,US,Illinois,Monroe,367,13,0,38.27594376,-90.17761038,17133.0,1059.5605855010538,3.5422343324250685,354,369,13,0,356,358,34335,-2,0,0,-2,11
2020-08-19,US,Illinois,Montgomery,196,7,0,39.23198845,-89.47809254,17135.0,689.8008024213416,3.571428571428572,189,193,7,0,186,192,28601,3,0,0,3,1
2020-08-19,US,Illinois,Morgan,415,15,0,39.71654544,-90.20255104,17137.0,1232.9906708657675,3.614457831325301,400,405,12,0,393,402,33976,10,3,0,7,3
2020-08-19,US,Illinois,Moultrie,123,0,0,39.64187451,-88.62099969,17139.0,848.2173643197021,0.0,123,115,0,0,115,113,14717,8,0,0,8,2
2020-08-19,US,Illinois,Ogle,449,5,0,42.04165196,-89.32184679,17141.0,886.598345279703,1.11358574610245,444,439,5,0,434,437,50923,10,0,0,10,2
2020-08-19,US,Illinois,Out of IL,2,0,0,0.0,0.0,80017.0,0.0,0.0,2,1,0,0,1,2,,1,0,0,1,-1
2020-08-19,US,Illinois,Peoria,2015,37,0,40.78702156,-89.76078901,17143.0,1124.5737502720742,1.836228287841191,1978,1966,37,0,1929,1917,180621,49,0,0,49,49
2020-08-19,US,Illinois,Perry,239,4,0,38.08510853,-89.36856219,17145.0,1142.6659017020465,1.6736401673640169,235,228,4,0,224,213,21174,11,0,0,11,15
2020-08-19,US,Illinois,Piatt,71,0,0,40.01360584,-88.59319339,17147.0,434.41018110621627,0.0,71,70,0,0,70,70,16396,1,0,0,1,0
2020-08-19,US,Illinois,Pike,39,0,0,39.62265059,-90.8877017,17149.0,250.62656641604008,0.0,39,38,0,0,38,35,15611,1,0,0,1,3
2020-08-19,US,Illinois,Pope,11,0,0,37.41391284,-88.56152109,17151.0,263.3468996887718,0.0,11,11,0,0,11,11,4212,0,0,0,0,0
2020-08-19,US,Illinois,Pulaski,102,1,0,37.22631423,-89.13085001,17153.0,1911.9025304592315,0.9803921568627452,101,101,1,0,100,101,5463,1,0,0,1,0
2020-08-19,US,Illinois,Putnam,13,0,0,41.2013541,-89.2869272,17155.0,226.5202997037812,0.0,13,13,0,0,13,13,5740,0,0,0,0,0
2020-08-19,US,Illinois,Randolph,570,7,0,38.05095369,-89.82512254,17157.0,1793.4680007551444,1.2280701754385963,563,550,7,0,543,539,32106,20,0,0,20,11
2020-08-19,US,Illinois,Richland,46,0,0,38.71240969,-88.08475366,17159.0,296.5254947463418,0.0,46,42,0,0,42,42,15763,4,0,0,4,0
2020-08-19,US,Illinois,Rock Island,1933,44,0,41.46613806,-90.57042164,17161.0,1362.4285482700047,2.2762545266425245,1889,1897,44,0,1853,1884,143477,36,0,0,36,13
2020-08-19,US,Illinois,Saline,147,2,0,37.75332999,-88.54119706,17165.0,625.7715720914393,1.3605442176870748,145,145,2,0,143,140,23906,2,0,0,2,5
2020-08-19,US,Illinois,Sangamon,1532,35,0,39.75836914,-89.65872023,17167.0,786.9647406920357,2.284595300261097,1497,1487,35,0,1452,1462,195348,45,0,0,45,25
2020-08-19,US,Illinois,Schuyler,19,0,0,40.157179799999994,-90.61114163,17169.0,280.73286052009456,0.0,19,19,0,0,19,19,6907,0,0,0,0,0
2020-08-19,US,Illinois,Scott,36,0,0,39.642916899999996,-90.47814431,17171.0,727.1258331650173,0.0,36,35,0,0,35,35,4926,1,0,0,1,0
2020-08-19,US,Illinois,Shelby,119,2,0,39.39133527,-88.80611122,17173.0,550.0600905981324,1.680672268907563,117,112,2,0,110,109,21741,7,0,0,7,3
2020-08-19,US,Illinois,St. Clair,4626,165,0,38.46996033,-89.93063427,17163.0,1781.3821307271094,3.566796368352789,4461,4551,163,0,4388,4484,261059,75,2,0,73,67
2020-08-19,US,Illinois,Stark,7,0,0,41.09309773,-89.79745866,17175.0,131.03706476974915,0.0,7,7,0,0,7,7,5427,0,0,0,0,0
2020-08-19,US,Illinois,Stephenson,353,6,0,42.35129217,-89.662598,17177.0,793.2940806328372,1.69971671388102,347,351,6,0,345,348,44753,2,0,0,2,3
2020-08-19,US,Illinois,Tazewell,806,9,0,40.50716185,-89.51404662,17179.0,611.5187059475126,1.1166253101736974,797,765,9,0,756,724,132328,41,0,0,41,41
2020-08-19,US,Illinois,Unassigned,1388,211,0,0.0,0.0,90017.0,0.0,15.201729106628244,1177,1370,211,0,1159,1378,,18,0,0,18,-8
2020-08-19,US,Illinois,Union,375,23,0,37.47119609,-89.25548938,17181.0,2251.846514141596,6.133333333333334,352,368,23,0,345,363,16841,7,0,0,7,5
2020-08-19,US,Illinois,Vermilion,274,2,0,40.18417171,-87.73384359,17183.0,361.6779746033422,0.7299270072992701,272,273,2,0,271,273,76806,1,0,0,1,0
2020-08-19,US,Illinois,Wabash,80,1,0,38.44272901,-87.84922065,17185.0,694.4444444444445,1.25,79,70,1,0,69,70,11549,10,0,0,10,0
2020-08-19,US,Illinois,Warren,210,0,0,40.84925021,-90.6147432,17187.0,1246.7347423414865,0.0,210,209,0,0,209,205,17032,1,0,0,1,4
2020-08-19,US,Illinois,Washington,78,1,0,38.35309213,-89.40982703,17189.0,561.6763879887665,1.2820512820512822,77,76,1,0,75,75,13995,2,0,0,2,1
2020-08-19,US,Illinois,Wayne,80,2,0,38.42955355,-88.42586459,17191.0,493.3703361085415,2.5,78,77,2,0,75,75,16332,3,0,0,3,2
2020-08-19,US,Illinois,White,98,0,0,38.08706198,-88.17657461,17193.0,723.9417891704218,0.0,98,95,0,0,95,87,13665,3,0,0,3,8
2020-08-19,US,Illinois,Whiteside,416,17,0,41.75509713,-89.91556058,17195.0,753.9646579066606,4.086538461538462,399,406,17,0,389,399,55626,10,0,0,10,7
2020-08-19,US,Illinois,Will,10239,353,0,41.44619267,-87.97862712,17197.0,1482.3168674890662,3.447602304912589,9886,10102,353,0,9749,10013,692310,137,0,0,137,89
2020-08-19,US,Illinois,Williamson,620,7,0,37.73033511,-88.92994027,17199.0,930.9728666456447,1.1290322580645162,613,568,7,0,561,552,67056,52,0,0,52,16
2020-08-19,US,Illinois,Winnebago,3966,135,0,42.33641854,-89.16085327,17201.0,1403.5360899169061,3.40393343419062,3831,3901,135,0,3766,3885,284081,65,0,0,65,16
2020-08-19,US,Illinois,Woodford,205,3,0,40.78579374,-89.20973757,17203.0,533.0351803219013,1.4634146341463414,202,200,3,0,197,188,38463,5,0,0,5,12
2020-08-19,US,Indiana,Adams,142,2,0,40.7457653,-84.93671406,18001.0,396.903038264807,1.4084507042253518,140,141,2,0,139,139,35636,1,0,0,1,2
2020-08-19,US,Indiana,Allen,4370,171,0,41.09194313,-85.06800636,18003.0,1152.1253681132825,3.9130434782608696,4199,4350,169,0,4181,4314,375351,20,2,0,18,36
2020-08-19,US,Indiana,Bartholomew,941,49,0,39.20744865,-85.89558181,18005.0,1123.193162964466,5.20722635494155,892,936,48,0,888,924,82753,5,1,0,4,12
2020-08-19,US,Indiana,Benton,72,0,0,40.60626947,-87.31093999,18007.0,823.0452674897119,0.0,72,72,0,0,72,69,8653,0,0,0,0,3
2020-08-19,US,Indiana,Blackford,67,2,0,40.47388153,-85.32499702,18009.0,569.8248001360778,2.985074626865672,65,67,2,0,65,67,11930,0,0,0,0,0
2020-08-19,US,Indiana,Boone,751,46,0,40.0509304,-86.46841646,18011.0,1106.9675574488156,6.125166444740347,705,748,46,0,702,740,66999,3,0,0,3,8
2020-08-19,US,Indiana,Brown,81,2,0,39.19605589,-86.22868909,18013.0,536.7081897694143,2.469135802469136,79,80,2,0,78,79,15234,1,0,0,1,1
2020-08-19,US,Indiana,Carroll,234,7,0,40.580783200000006,-86.56198812,18015.0,1155.156242286617,2.9914529914529915,227,233,7,0,226,230,20127,1,0,0,1,3
2020-08-19,US,Indiana,Cass,1819,9,0,40.76135835,-86.34830753,18017.0,4826.341903473162,0.4947773501924134,1810,1818,9,0,1809,1820,37955,1,0,0,1,-2
2020-08-19,US,Indiana,Clark,1461,50,0,38.48015445,-85.70510334,18019.0,1234.9748947608662,3.4223134839151266,1411,1458,50,0,1408,1421,117360,3,0,0,3,37
2020-08-19,US,Indiana,Clay,187,5,0,39.39561833,-87.11723506,18021.0,713.0600571973308,2.6737967914438503,182,187,5,0,182,175,26170,0,0,0,0,12
2020-08-19,US,Indiana,Clinton,480,6,0,40.30319754,-86.47277257,18023.0,1481.5272076298652,1.25,474,479,4,0,475,478,32250,1,2,0,-1,1
2020-08-19,US,Indiana,Crawford,52,0,0,38.28814402,-86.44518825,18025.0,491.6327881251773,0.0,52,52,0,0,52,52,10558,0,0,0,0,0
2020-08-19,US,Indiana,Daviess,346,22,0,38.70186039,-87.07185406,18027.0,1037.4501514197477,6.3583815028901745,324,332,21,0,311,320,33147,14,1,0,13,12
2020-08-19,US,Indiana,DeKalb,260,4,0,41.39804622,-84.99906934,18033.0,598.0448533640023,1.5384615384615383,256,256,4,0,252,254,43226,4,0,0,4,2
2020-08-19,US,Indiana,Dearborn,541,28,0,39.14647946,-84.97333539,18029.0,1093.85741437179,5.175600739371534,513,539,28,0,511,536,49568,2,0,0,2,3
2020-08-19,US,Indiana,Decatur,360,32,0,39.30712658,-85.50087166,18031.0,1355.4727211114873,8.888888888888891,328,359,32,0,327,359,26794,1,0,0,1,0
2020-08-19,US,Indiana,Delaware,825,53,0,40.22787247,-85.39732772,18035.0,722.8282297279538,6.424242424242424,772,813,53,0,760,806,114772,12,0,0,12,7
2020-08-19,US,Indiana,Dubois,767,14,0,38.36597551,-86.87924170000002,18037.0,1794.7397978285287,1.8252933507170797,753,758,14,0,744,747,42565,9,0,0,9,11
2020-08-19,US,Indiana,Elkhart,5209,93,0,41.59761169,-85.85875695,18039.0,2524.4619343707745,1.7853714724515262,5116,5190,93,0,5097,5153,205560,19,0,0,19,37
2020-08-19,US,Indiana,Fayette,241,8,0,39.63684962,-85.17797541,18041.0,1043.1997229677083,3.319502074688797,233,235,8,0,227,223,23047,6,0,0,6,12
2020-08-19,US,Indiana,Floyd,925,54,0,38.32117957,-85.90385377,18043.0,1178.0138050482667,5.837837837837838,871,920,54,0,866,902,77781,5,0,0,5,18
2020-08-19,US,Indiana,Fountain,77,2,0,40.12361933,-87.24217689,18045.0,471.06325706594885,2.5974025974025974,75,76,2,0,74,76,16351,1,0,0,1,0
2020-08-19,US,Indiana,Franklin,254,22,0,39.4142482,-85.06062647,18047.0,1116.0910449072853,8.661417322834646,232,253,22,0,231,253,22736,1,0,0,1,0
2020-08-19,US,Indiana,Fulton,184,2,0,41.0469907,-86.26252745,18049.0,921.1975568238713,1.0869565217391304,182,184,2,0,182,180,20092,0,0,0,0,4
2020-08-19,US,Indiana,Gibson,260,4,0,38.30393723,-87.58054938,18051.0,772.4531328916486,1.5384615384615383,256,254,4,0,250,249,33452,6,0,0,6,5
2020-08-19,US,Indiana,Grant,545,30,0,40.51587228,-85.65468702,18053.0,828.6578783317368,5.504587155963303,515,545,30,0,515,544,65936,0,0,0,0,1
2020-08-19,US,Indiana,Greene,291,35,0,39.03630547,-86.96223202,18055.0,911.5970177307187,12.027491408934708,256,275,34,0,241,273,32006,16,1,0,15,2
2020-08-19,US,Indiana,Hamilton,3265,106,0,40.07306535,-86.05244729,18057.0,965.944895284473,3.246554364471669,3159,3231,106,0,3125,3169,330086,34,0,0,34,62
2020-08-19,US,Indiana,Hancock,729,41,0,39.82304555,-85.77566351,18059.0,932.6066932760208,5.6241426611796985,688,723,41,0,682,720,76351,6,0,0,6,3
2020-08-19,US,Indiana,Harrison,400,24,0,38.19467379,-86.10948271,18061.0,987.2886585215352,6.0,376,395,24,0,371,389,40350,5,0,0,5,6
2020-08-19,US,Indiana,Hendricks,2045,109,0,39.76719009,-86.51037283,18063.0,1200.744520318711,5.330073349633252,1936,2038,109,0,1929,2018,167009,7,0,0,7,20
2020-08-19,US,Indiana,Henry,516,21,0,39.93029017,-85.39625719,18065.0,1075.6274493454516,4.069767441860465,495,515,21,0,494,504,48271,1,0,0,1,11
2020-08-19,US,Indiana,Howard,990,61,0,40.48527731,-86.11351892,18067.0,1199.360341151386,6.161616161616162,929,988,61,0,927,982,82366,2,0,0,2,6
2020-08-19,US,Indiana,Huntington,137,3,0,40.82907273,-85.48822092,18069.0,375.13691128148963,2.18978102189781,134,137,3,0,134,137,36240,0,0,0,0,0
2020-08-19,US,Indiana,Jackson,633,7,0,38.90915820000001,-86.03851889,18071.0,1431.1229680540798,1.1058451816745656,626,632,6,0,626,632,44111,1,1,0,0,0
2020-08-19,US,Indiana,Jasper,276,2,0,41.02078733,-87.11553319,18073.0,822.3586198677075,0.7246376811594203,274,276,2,0,274,272,33370,0,0,0,0,4
2020-08-19,US,Indiana,Jay,104,0,0,40.43781032,-85.00576229,18075.0,508.90585241730275,0.0,104,104,0,0,104,102,20764,0,0,0,0,2
2020-08-19,US,Indiana,Jefferson,189,2,0,38.78576239,-85.43633383,18077.0,584.9944286244892,1.058201058201058,187,187,2,0,185,184,32208,2,0,0,2,3
2020-08-19,US,Indiana,Jennings,238,12,0,38.99588883,-85.62710784,18079.0,858.1215071209662,5.042016806722689,226,238,12,0,226,237,27611,0,0,0,0,1
2020-08-19,US,Indiana,Johnson,1872,120,0,39.48994426,-86.10149107,18081.0,1183.559149506534,6.410256410256411,1752,1862,120,0,1742,1848,156225,10,0,0,10,14
2020-08-19,US,Indiana,Knox,211,3,0,38.68861576,-87.4194665,18083.0,576.5972563808275,1.4218009478672986,208,205,3,0,202,196,36895,6,0,0,6,9
2020-08-19,US,Indiana,Kosciusko,890,12,0,41.24521668,-85.86312322,18085.0,1120.1167942005638,1.348314606741573,878,888,12,0,876,886,79344,2,0,0,2,2
2020-08-19,US,Indiana,LaGrange,575,10,0,41.64232188,-85.42674232,18087.0,1451.5070429646084,1.7391304347826086,565,575,10,0,565,574,39330,0,0,0,0,1
2020-08-19,US,Indiana,LaPorte,1016,30,0,41.54366008,-86.74072188,18091.0,924.5777518928363,2.9527559055118107,986,1011,30,0,981,1010,110007,5,0,0,5,1
2020-08-19,US,Indiana,Lake,8298,287,0,41.41874274,-87.38277575,18089.0,1709.1904517675846,3.4586647384912026,8011,8256,286,0,7970,8171,484411,42,1,0,41,85
2020-08-19,US,Indiana,Lawrence,372,27,0,38.84112637,-86.48361629,18093.0,819.9250606127397,7.258064516129032,345,370,27,0,343,368,45668,2,0,0,2,2
2020-08-19,US,Indiana,Madison,1137,67,0,40.16143691,-85.71964711,18095.0,877.5247165602882,5.892700087950747,1070,1124,66,0,1058,1106,129641,13,1,0,12,18
2020-08-19,US,Indiana,Marion,16944,740,0,39.78163624,-86.13826325,18097.0,1756.6158190801818,4.367327667610954,16204,16869,738,0,16131,16706,954670,75,2,0,73,163
2020-08-19,US,Indiana,Marshall,821,23,0,41.32467367,-86.26185087,18099.0,1774.8281378356173,2.801461632155908,798,814,23,0,791,814,46248,7,0,0,7,0
2020-08-19,US,Indiana,Martin,56,0,0,38.7099921,-86.80373186,18101.0,546.0750853242321,0.0,56,55,0,0,55,56,10217,1,0,0,1,-1
2020-08-19,US,Indiana,Miami,289,2,0,40.76940965,-86.04525048,18103.0,813.7177610091228,0.6920415224913494,287,288,2,0,286,286,35567,1,0,0,1,2
2020-08-19,US,Indiana,Monroe,809,34,0,39.16130004,-86.52414358,18105.0,545.0343930850024,4.202719406674906,775,808,33,0,775,804,146917,1,1,0,0,4
2020-08-19,US,Indiana,Montgomery,372,21,0,40.04034823,-86.89335024,18107.0,970.3166571026137,5.645161290322582,351,370,21,0,349,370,38346,2,0,0,2,0
2020-08-19,US,Indiana,Morgan,521,35,0,39.47899078,-86.44573375,18109.0,739.1224162635305,6.7178502879078685,486,520,35,0,485,512,70116,1,0,0,1,8
2020-08-19,US,Indiana,Newton,123,10,0,40.95610449,-87.39635768,18111.0,879.5766590389019,8.130081300813009,113,123,10,0,113,122,14011,0,0,0,0,1
2020-08-19,US,Indiana,Noble,745,29,0,41.39672484,-85.41966713,18113.0,1560.4054959785526,3.8926174496644297,716,745,29,0,716,741,47532,0,0,0,0,4
2020-08-19,US,Indiana,Ohio,68,7,0,38.955304999999996,-84.96515993,18115.0,1157.4468085106382,10.294117647058824,61,68,7,0,61,68,5844,0,0,0,0,0
2020-08-19,US,Indiana,Orange,196,24,0,38.54118920000001,-86.49523093,18117.0,997.65855644915,12.244897959183671,172,195,24,0,171,193,19489,1,0,0,1,2
2020-08-19,US,Indiana,Owen,118,1,0,39.31145587,-86.83900724,18119.0,567.3349680273091,0.8474576271186439,117,117,1,0,116,115,20845,1,0,0,1,2
2020-08-19,US,Indiana,Parke,66,1,0,39.77202286,-87.20375833,18121.0,389.6794001298931,1.5151515151515151,65,65,1,0,64,64,16927,1,0,0,1,1
2020-08-19,US,Indiana,Perry,195,13,0,38.07809328,-86.63741946,18123.0,1017.2674630914496,6.666666666666668,182,195,13,0,182,194,19102,0,0,0,0,1
2020-08-19,US,Indiana,Pike,77,0,0,38.40112197,-87.23574907,18125.0,621.5190895148922,0.0,77,76,0,0,76,73,12410,1,0,0,1,3
2020-08-19,US,Indiana,Porter,1487,39,0,41.45986947,-87.06848888,18127.0,872.7089190029872,2.6227303295225286,1448,1481,39,0,1442,1469,169594,6,0,0,6,12
2020-08-19,US,Indiana,Posey,192,0,0,38.02097333,-87.86480429,18129.0,755.1028434341447,0.0,192,191,0,0,191,190,25540,1,0,0,1,1
2020-08-19,US,Indiana,Pulaski,88,1,0,41.04166107,-86.69890683,18131.0,712.3775601068567,1.1363636363636365,87,87,1,0,86,86,12469,1,0,0,1,1
2020-08-19,US,Indiana,Putnam,375,8,0,39.66437981,-86.84517605,18133.0,997.977432403662,2.1333333333333333,367,364,8,0,356,343,37779,11,0,0,11,21
2020-08-19,US,Indiana,Randolph,139,6,0,40.15734772,-85.01139319,18135.0,563.5515913237381,4.316546762589929,133,139,6,0,133,138,24851,0,0,0,0,1
2020-08-19,US,Indiana,Ripley,227,8,0,39.10235626,-85.26212744,18137.0,801.4404745092502,3.524229074889868,219,227,8,0,219,226,28523,0,0,0,0,1
2020-08-19,US,Indiana,Rush,116,4,0,39.62002287,-85.4655599,18139.0,699.5959230444487,3.4482758620689653,112,105,4,0,101,105,16663,11,0,0,11,0
2020-08-19,US,Indiana,Scott,293,10,0,38.68672078,-85.74627859,18143.0,1227.32794370209,3.4129692832764507,283,291,10,0,281,290,23878,2,0,0,2,1
2020-08-19,US,Indiana,Shelby,589,28,0,39.52305623,-85.79158570000001,18145.0,1316.8190659303807,4.753820033955857,561,587,28,0,559,582,44593,2,0,0,2,5
2020-08-19,US,Indiana,Spencer,142,3,0,38.01519732,-87.0079644,18147.0,700.3008334566258,2.112676056338028,139,141,3,0,138,141,20327,1,0,0,1,0
2020-08-19,US,Indiana,St. Joseph,3971,87,0,41.61756781,-86.29040834,18141.0,1460.8609919580908,2.190883908335432,3884,3938,87,0,3851,3884,270771,33,0,0,33,54
2020-08-19,US,Indiana,Starke,184,7,0,41.27890281,-86.64686895,18149.0,800.1739508588823,3.804347826086957,177,184,7,0,177,186,22935,0,0,0,0,-2
2020-08-19,US,Indiana,Steuben,228,3,0,41.64423868,-85.00101094,18151.0,659.0738278314159,1.3157894736842106,225,226,3,0,223,225,34586,2,0,0,2,1
2020-08-19,US,Indiana,Sullivan,204,1,0,39.08952258,-87.41414469,18153.0,986.9853403647977,0.4901960784313725,203,203,1,0,202,193,20690,1,0,0,1,10
2020-08-19,US,Indiana,Switzerland,62,0,0,38.82767338,-85.03022429,18155.0,576.6905404148451,0.0,62,61,0,0,61,60,10717,1,0,0,1,1
2020-08-19,US,Indiana,Tippecanoe,1369,12,0,40.38872739,-86.89413959,18157.0,699.425745406985,0.8765522279035792,1357,1363,12,0,1351,1352,193048,6,0,0,6,11
2020-08-19,US,Indiana,Tipton,166,18,0,40.31123252,-86.05234925,18159.0,1095.8542381832583,10.843373493975903,148,166,18,0,148,164,15128,0,0,0,0,2
2020-08-19,US,Indiana,Unassigned,0,212,0,0.0,0.0,90018.0,0.0,0.0,-212,0,211,0,-211,0,,0,1,0,-1,0
2020-08-19,US,Indiana,Union,48,0,0,39.62550777,-84.92497066,18161.0,680.4649844060108,0.0,48,47,0,0,47,47,7037,1,0,0,1,0
2020-08-19,US,Indiana,Vanderburgh,2240,17,0,38.02658833,-87.58763124,18163.0,1234.4930587321096,0.7589285714285714,2223,2222,16,0,2206,2200,180974,18,1,0,17,22
2020-08-19,US,Indiana,Vermillion,68,0,0,39.8523352,-87.46160542,18165.0,438.76629242482903,0.0,68,67,0,0,67,68,15479,1,0,0,1,-1
2020-08-19,US,Indiana,Vigo,900,14,0,39.42944561,-87.39169027,18167.0,840.8228853304432,1.5555555555555556,886,883,14,0,869,860,107386,17,0,0,17,23
2020-08-19,US,Indiana,Wabash,186,5,0,40.84704239,-85.79328272,18169.0,600.0774293457221,2.6881720430107525,181,185,5,0,180,184,31280,1,0,0,1,1
2020-08-19,US,Indiana,Warren,29,1,0,40.34728141,-87.35602659,18171.0,350.8771929824562,3.4482758620689653,28,28,1,0,27,27,8263,1,0,0,1,1
2020-08-19,US,Indiana,Warrick,644,30,0,38.08922676,-87.2716085,18173.0,1022.2546747515794,4.658385093167702,614,638,30,0,608,633,62567,6,0,0,6,5
2020-08-19,US,Indiana,Washington,163,1,0,38.60219804,-86.1049363,18175.0,581.3953488372092,0.6134969325153374,162,162,1,0,161,162,27943,1,0,0,1,0
2020-08-19,US,Indiana,Wayne,438,10,0,39.863344399999995,-85.01044989,18177.0,664.8048084512172,2.2831050228310503,428,436,10,0,426,435,65936,2,0,0,2,1
2020-08-19,US,Indiana,Wells,183,2,0,40.72934187,-85.22132966,18179.0,646.7345207803222,1.0928961748633879,181,183,2,0,181,183,28206,0,0,0,0,0
2020-08-19,US,Indiana,White,398,11,0,40.74911165,-86.86492015,18181.0,1651.3152435482532,2.7638190954773867,387,398,11,0,387,397,24133,0,0,0,0,1
2020-08-19,US,Indiana,Whitley,172,6,0,41.13863784,-85.50791236,18183.0,506.4185608291132,3.4883720930232562,166,171,6,0,165,170,34074,1,0,0,1,1
2020-08-19,US,Iowa,Adair,42,1,0,41.33075609,-94.47105874,19001.0,587.248322147651,2.380952380952381,41,42,1,0,41,40,7063,0,0,0,0,2
2020-08-19,US,Iowa,Adams,18,0,0,41.02903567,-94.69932645,19003.0,499.72237645752364,0.0,18,17,0,0,17,17,3645,1,0,0,1,0
2020-08-19,US,Iowa,Allamakee,163,4,0,43.28383218,-91.37860922,19005.0,1190.9110835099,2.4539877300613497,159,164,4,0,160,163,13832,-1,0,0,-1,1
2020-08-19,US,Iowa,Appanoose,59,3,0,40.74324454,-92.86865906,19007.0,474.81088041203935,5.084745762711863,56,59,3,0,56,58,12437,0,0,0,0,1
2020-08-19,US,Iowa,Audubon,30,1,0,41.6844628,-94.90581859,19009.0,545.8515283842795,3.333333333333333,29,30,1,0,29,30,5506,0,0,0,0,0
2020-08-19,US,Iowa,Benton,179,1,0,42.08011739,-92.06463573,19011.0,697.9918112692533,0.5586592178770949,178,177,1,0,176,172,25642,2,0,0,2,5
2020-08-19,US,Iowa,Black Hawk,3396,67,0,42.4704581,-92.30524729,19013.0,2587.862346450453,1.972909305064782,3329,3343,67,0,3276,3322,132408,53,0,0,53,21
2020-08-19,US,Iowa,Boone,298,3,0,42.03657094,-93.9313999,19015.0,1135.9304719066859,1.0067114093959733,295,296,3,0,293,295,26346,2,0,0,2,1
2020-08-19,US,Iowa,Bremer,250,7,0,42.77461496,-92.31795937,19017.0,997.526135184742,2.8,243,248,7,0,241,245,24947,2,0,0,2,3
2020-08-19,US,Iowa,Buchanan,154,1,0,42.4709188,-91.83510825,19019.0,727.2727272727273,0.6493506493506493,153,151,1,0,150,149,21199,3,0,0,3,2
2020-08-19,US,Iowa,Buena Vista,1808,12,0,42.73545875,-95.15100162,19021.0,9215.086646279307,0.6637168141592921,1796,1808,12,0,1796,1806,19874,0,0,0,0,2
2020-08-19,US,Iowa,Butler,146,2,0,42.73172833,-92.79015971,19023.0,1011.1503566728998,1.3698630136986298,144,142,2,0,140,141,14539,4,0,0,4,1
2020-08-19,US,Iowa,Calhoun,92,2,0,42.38521079,-94.64046046,19025.0,951.5928837401738,2.1739130434782608,90,99,2,0,97,97,9699,-7,0,0,-7,2
2020-08-19,US,Iowa,Carroll,246,2,0,42.03617207,-94.86032705,19027.0,1219.9355318621374,0.8130081300813008,244,224,2,0,222,223,20154,22,0,0,22,1
2020-08-19,US,Iowa,Cass,97,2,0,41.33149454,-94.92792482,19029.0,755.6871299470239,2.061855670103093,95,96,2,0,94,95,12930,1,0,0,1,1
2020-08-19,US,Iowa,Cedar,140,1,0,41.77233777,-91.13246684,19031.0,751.597143930853,0.7142857142857143,139,139,1,0,138,137,18627,1,0,0,1,2
2020-08-19,US,Iowa,Cerro Gordo,673,20,0,43.08177563,-93.2612239,19033.0,1585.394581861013,2.9717682020802383,653,695,20,0,675,687,42647,-22,0,0,-22,8
2020-08-19,US,Iowa,Cherokee,122,1,0,42.73538914,-95.62389402,19035.0,1085.892300845572,0.819672131147541,121,115,1,0,114,114,11321,7,0,0,7,1
2020-08-19,US,Iowa,Chickasaw,76,0,0,43.06001295,-92.31773347,19037.0,636.8892985837592,0.0,76,70,0,0,70,68,11964,6,0,0,6,2
2020-08-19,US,Iowa,Clarke,212,3,0,41.02868181,-93.78499767,19039.0,2256.519425226184,1.4150943396226414,209,213,3,0,210,212,9423,-1,0,0,-1,1
2020-08-19,US,Iowa,Clay,223,1,0,43.08247182,-95.15096481,19041.0,1392.3576423576426,0.4484304932735426,222,218,1,0,217,219,16134,5,0,0,5,-1
2020-08-19,US,Iowa,Clayton,132,3,0,42.84443388,-91.34133693,19043.0,752.1796113738675,2.272727272727273,129,125,3,0,122,122,17556,7,0,0,7,3
2020-08-19,US,Iowa,Clinton,564,5,0,41.89981633,-90.53275096,19045.0,1214.758017618299,0.8865248226950354,559,543,4,0,539,537,46518,21,1,0,20,6
2020-08-19,US,Iowa,Crawford,765,3,0,42.03718237,-95.3819718,19047.0,4548.156956004757,0.392156862745098,762,756,3,0,753,757,17158,9,0,0,9,-1
2020-08-19,US,Iowa,Dallas,2018,35,0,41.68560356,-94.04127625,19049.0,2159.3742308968144,1.734390485629336,1983,2002,35,0,1967,1996,90180,16,0,0,16,6
2020-08-19,US,Iowa,Davis,72,2,0,40.74773536,-92.41005468,19051.0,800.0,2.7777777777777777,70,72,2,0,70,69,9017,0,0,0,0,3
2020-08-19,US,Iowa,Decatur,31,0,0,40.73742757,-93.78645949,19053.0,393.90088945362135,0.0,31,31,0,0,31,30,7890,0,0,0,0,1
2020-08-19,US,Iowa,Delaware,147,2,0,42.47104597,-91.3664492,19055.0,864.1467285873846,1.3605442176870748,145,145,1,0,144,139,17069,2,1,0,1,6
2020-08-19,US,Iowa,Des Moines,327,2,0,40.92012606,-91.18326592,19057.0,839.1716067441681,0.6116207951070336,325,289,2,0,287,271,39138,38,0,0,38,18
2020-08-19,US,Iowa,Dickinson,392,5,0,43.37787725,-95.1510206,19059.0,2271.410360412562,1.2755102040816326,387,393,5,0,388,392,17153,-1,0,0,-1,1
2020-08-19,US,Iowa,Dubuque,1849,34,0,42.46815349,-90.88181925,19061.0,1900.0935146078039,1.8388318009734992,1815,1823,33,0,1790,1816,96854,26,1,0,25,7
2020-08-19,US,Iowa,Emmet,206,6,0,43.37782951,-94.67858943,19063.0,2237.1850564726324,2.9126213592233015,200,200,5,0,195,200,9253,6,1,0,5,0
2020-08-19,US,Iowa,Fayette,114,0,0,42.86271799,-91.84412309999999,19065.0,580.1526717557252,0.0,114,106,0,0,106,105,19660,8,0,0,8,1
2020-08-19,US,Iowa,Floyd,172,3,0,43.06000529999999,-92.78940097,19067.0,1099.6036312492008,1.7441860465116281,169,185,3,0,182,179,15761,-13,0,0,-13,6
2020-08-19,US,Iowa,Franklin,267,16,0,42.73270384,-93.26256925,19069.0,2651.4399205561067,5.992509363295881,251,271,16,0,255,271,10124,-4,0,0,-4,0
2020-08-19,US,Iowa,Fremont,48,0,0,40.74542720000001,-95.60129045,19071.0,689.6551724137931,0.0,48,46,0,0,46,46,6993,2,0,0,2,0
2020-08-19,US,Iowa,Greene,43,0,0,42.03614551,-94.39658081,19073.0,483.79837983798376,0.0,43,42,0,0,42,42,8981,1,0,0,1,0
2020-08-19,US,Iowa,Grundy,98,1,0,42.40183723,-92.78829551,19075.0,801.1772400261609,1.020408163265306,97,95,1,0,94,91,12304,3,0,0,3,4
2020-08-19,US,Iowa,Guthrie,150,5,0,41.68378965,-94.50111014,19077.0,1403.3118158854898,3.333333333333333,145,149,5,0,144,147,10720,1,0,0,1,2
2020-08-19,US,Iowa,Hamilton,239,1,0,42.38382428,-93.70197703,19079.0,1617.816286468557,0.41841004184100417,238,263,1,0,262,264,14952,-24,0,0,-24,-1
2020-08-19,US,Iowa,Hancock,126,2,0,43.08178477,-93.73454884,19081.0,1185.324553151458,1.5873015873015872,124,129,2,0,127,128,10712,-3,0,0,-3,1
2020-08-19,US,Iowa,Hardin,197,1,0,42.38353877,-93.23654611,19083.0,1169.4170723020302,0.5076142131979695,196,194,1,0,193,193,16868,3,0,0,3,1
2020-08-19,US,Iowa,Harrison,125,1,0,41.68330137,-95.81558439,19085.0,889.74304220941,0.8,124,119,1,0,118,118,14134,6,0,0,6,1
2020-08-19,US,Iowa,Henry,178,4,0,40.98767962,-91.54436349,19087.0,892.0517189535933,2.247191011235955,174,171,4,0,167,166,20067,7,0,0,7,5
2020-08-19,US,Iowa,Howard,71,0,0,43.35671042,-92.31702714,19089.0,775.2784450753439,0.0,71,67,0,0,67,67,9187,4,0,0,4,0
2020-08-19,US,Iowa,Humboldt,96,2,0,42.7764426,-94.20722537,19091.0,1004.3942247332076,2.083333333333333,94,134,2,0,132,135,9547,-38,0,0,-38,-1
2020-08-19,US,Iowa,Ida,34,0,0,42.38696136,-95.51355387,19093.0,495.6268221574344,0.0,34,34,0,0,34,34,6841,0,0,0,0,0
2020-08-19,US,Iowa,Iowa,101,1,0,41.68630265,-92.0643373,19095.0,624.0731586752347,0.99009900990099,100,100,1,0,99,100,16141,1,0,0,1,0
2020-08-19,US,Iowa,Jackson,174,1,0,42.17178824,-90.57354837,19097.0,895.1077730335923,0.5747126436781609,173,171,1,0,170,171,19432,3,0,0,3,0
2020-08-19,US,Iowa,Jasper,507,29,0,41.68576082,-93.05567785,19099.0,1363.45300524405,5.719921104536488,478,503,29,0,474,501,37147,4,0,0,4,2
2020-08-19,US,Iowa,Jefferson,95,0,0,41.03192394,-91.94849466,19101.0,519.2675594424707,0.0,95,95,0,0,95,94,18381,0,0,0,0,1
2020-08-19,US,Iowa,Johnson,2279,22,0,41.67169354,-91.58754744,19103.0,1507.8734947730582,0.9653356735410268,2257,2255,22,0,2233,2208,151260,24,0,0,24,47
2020-08-19,US,Iowa,Jones,141,2,0,42.12118609,-91.13139641,19105.0,681.7852134809729,1.4184397163120568,139,140,2,0,138,138,20744,1,0,0,1,2
2020-08-19,US,Iowa,Keokuk,46,1,0,41.33649833,-92.1785067,19107.0,448.95569002537576,2.1739130434782608,45,44,1,0,43,43,10225,2,0,0,2,1
2020-08-19,US,Iowa,Kossuth,106,0,0,43.20405458,-94.20691791,19109.0,715.5876594882872,0.0,106,107,0,0,107,106,14908,-1,0,0,-1,1
2020-08-19,US,Iowa,Lee,189,5,0,40.64181461,-91.48183025,19111.0,561.5473749888582,2.6455026455026456,184,169,5,0,164,167,34055,20,0,0,20,2
2020-08-19,US,Iowa,Linn,2623,90,0,42.07923082,-91.59809485,19113.0,1157.0051079371522,3.431185665268776,2533,2596,89,0,2507,2568,225909,27,1,0,26,28
2020-08-19,US,Iowa,Louisa,379,14,0,41.21842119,-91.26102611,19115.0,3434.526506570005,3.693931398416887,365,378,14,0,364,378,11169,1,0,0,1,0
2020-08-19,US,Iowa,Lucas,78,4,0,41.02958964,-93.32780803,19117.0,906.9767441860464,5.128205128205129,74,78,4,0,74,78,8645,0,0,0,0,0
2020-08-19,US,Iowa,Lyon,132,2,0,43.38107862,-96.20926845,19119.0,1122.9264142917907,1.5151515151515151,130,130,2,0,128,130,11811,2,0,0,2,0
2020-08-19,US,Iowa,Madison,141,2,0,41.33081904,-94.01554631,19121.0,863.0187293426367,1.4184397163120568,139,140,2,0,138,136,16249,1,0,0,1,4
2020-08-19,US,Iowa,Mahaska,150,17,0,41.33521503,-92.64083907,19123.0,678.8866259334692,11.333333333333336,133,150,17,0,133,147,22000,0,0,0,0,3
2020-08-19,US,Iowa,Marion,222,0,0,41.33445101,-93.09934783,19125.0,667.6089375394702,0.0,222,217,0,0,217,209,33407,5,0,0,5,8
2020-08-19,US,Iowa,Marshall,1528,28,0,42.03586837,-92.99908190000001,19127.0,3881.2263456018695,1.8324607329842928,1500,1522,28,0,1494,1515,39981,6,0,0,6,7
2020-08-19,US,Iowa,Mills,104,1,0,41.03299766,-95.61920963,19129.0,688.3314580713483,0.9615384615384616,103,101,1,0,100,99,15063,3,0,0,3,2
2020-08-19,US,Iowa,Mitchell,85,0,0,43.35638371,-92.78887719,19131.0,802.9472888720952,0.0,85,85,0,0,85,83,10569,0,0,0,0,2
2020-08-19,US,Iowa,Monona,95,1,0,42.05220391,-95.95743843,19133.0,1102.7278003482297,1.0526315789473684,94,93,1,0,92,93,8679,2,0,0,2,0
2020-08-19,US,Iowa,Monroe,82,8,0,41.02988815,-92.8690667,19135.0,1063.9678214610094,9.75609756097561,74,81,8,0,73,79,7790,1,0,0,1,2
2020-08-19,US,Iowa,Montgomery,66,4,0,41.03018714,-95.15642896,19137.0,665.5238479378844,6.0606060606060606,62,65,4,0,61,64,10003,1,0,0,1,1
2020-08-19,US,Iowa,Muscatine,902,48,0,41.48370744,-91.11216970000001,19139.0,2114.194637164823,5.3215077605321515,854,901,48,0,853,892,42929,1,0,0,1,9
2020-08-19,US,Iowa,O'Brien,155,6,0,43.08310673,-95.62474482,19141.0,1127.026830509707,3.870967741935484,149,151,6,0,145,150,13840,4,0,0,4,1
2020-08-19,US,Iowa,Osceola,90,0,0,43.37824276,-95.62422844,19143.0,1510.5740181268882,0.0,90,90,0,0,90,89,6040,0,0,0,0,1
2020-08-19,US,Iowa,Page,104,0,0,40.7393172,-95.1497813,19145.0,688.4225855563648,0.0,104,104,0,0,104,102,15249,0,0,0,0,2
2020-08-19,US,Iowa,Palo Alto,101,0,0,43.08193849,-94.67824621,19147.0,1136.6194013054242,0.0,101,104,0,0,104,103,8929,-3,0,0,-3,1
2020-08-19,US,Iowa,Plymouth,544,14,0,42.737633,-96.21366621,19149.0,2160.702228224173,2.573529411764706,530,530,13,0,517,523,25095,14,1,0,13,7
2020-08-19,US,Iowa,Pocahontas,119,2,0,42.73420133,-94.67862564,19151.0,1797.854660824898,1.680672268907563,117,122,2,0,120,122,6740,-3,0,0,-3,0
2020-08-19,US,Iowa,Polk,11220,212,0,41.68679484,-93.57767461,19153.0,2289.0438039746123,1.889483065953654,11008,11101,212,0,10889,11036,487204,119,0,0,119,65
2020-08-19,US,Iowa,Pottawattamie,1461,31,0,41.33640314,-95.53907776,19155.0,1567.4956547861725,2.1218343600273784,1430,1431,30,0,1401,1427,93533,30,1,0,29,4
2020-08-19,US,Iowa,Poweshiek,167,8,0,41.68625425,-92.53155731,19157.0,902.5075659316904,4.790419161676646,159,164,8,0,156,163,18699,3,0,0,3,1
2020-08-19,US,Iowa,Ringgold,25,1,0,40.73518949,-94.24368535,19159.0,510.82958724969353,4.0,24,25,1,0,24,25,4968,0,0,0,0,0
2020-08-19,US,Iowa,Sac,94,0,0,42.38624071,-95.10547892,19161.0,966.9787058944553,0.0,94,91,0,0,91,90,9719,3,0,0,3,1
2020-08-19,US,Iowa,Scott,1903,17,0,41.63935978,-90.61959493,19163.0,1100.3625471976318,0.8933263268523384,1886,1874,17,0,1857,1863,173283,29,0,0,29,11
2020-08-19,US,Iowa,Shelby,199,1,0,41.6850066,-95.31015553,19165.0,1737.384319888249,0.5025125628140703,198,195,1,0,194,193,11578,4,0,0,4,2
2020-08-19,US,Iowa,Sioux,715,3,0,43.08221074,-96.17675679999999,19167.0,2051.355616123942,0.4195804195804196,712,703,3,0,700,698,34909,12,0,0,12,5
2020-08-19,US,Iowa,Story,1440,16,0,42.03621213,-93.46499005,19169.0,1482.7476137030594,1.1111111111111112,1424,1420,16,0,1404,1413,98105,20,0,0,20,7
2020-08-19,US,Iowa,Tama,572,29,0,42.07991767,-92.53266945,19171.0,3393.853091254301,5.06993006993007,543,563,29,0,534,562,16904,9,0,0,9,1
2020-08-19,US,Iowa,Taylor,104,0,0,40.73710579,-94.69778563,19173.0,1699.0687796111747,0.0,104,104,0,0,104,104,6191,0,0,0,0,0
2020-08-19,US,Iowa,Unassigned,4,0,0,0.0,0.0,90019.0,0.0,0.0,4,3,0,0,3,6,,1,0,0,1,-3
2020-08-19,US,Iowa,Union,89,3,0,41.0277278,-94.24234847,19175.0,727.0647822890288,3.3707865168539324,86,88,3,0,85,88,12359,1,0,0,1,0
2020-08-19,US,Iowa,Van Buren,42,1,0,40.75326764,-91.95017958,19177.0,596.2521294718911,2.380952380952381,41,42,1,0,41,42,7020,0,0,0,0,0
2020-08-19,US,Iowa,Wapello,969,39,0,41.03064984,-92.40954728,19179.0,2771.0257656781732,4.0247678018575845,930,968,38,0,930,959,35205,1,1,0,0,9
2020-08-19,US,Iowa,Warren,612,3,0,41.33559454,-93.56007641,19181.0,1189.1345742820504,0.4901960784313725,609,608,3,0,605,606,51056,4,0,0,4,2
2020-08-19,US,Iowa,Washington,313,10,0,41.33577126,-91.71725711,19183.0,1424.9943091281586,3.194888178913738,303,312,10,0,302,310,22141,1,0,0,1,2
2020-08-19,US,Iowa,Wayne,27,2,0,40.73969028,-93.32752197,19185.0,419.18956683744767,7.407407407407407,25,26,2,0,24,26,6401,1,0,0,1,0
2020-08-19,US,Iowa,Webster,683,8,0,42.42853483,-94.17987389,19187.0,1902.295008912656,1.171303074670571,675,891,8,0,883,899,36277,-208,0,0,-208,-8
2020-08-19,US,Iowa,Winnebago,120,1,0,43.37751174,-93.73407298,19189.0,1158.9723778249952,0.8333333333333334,119,119,1,0,118,117,10518,1,0,0,1,2
2020-08-19,US,Iowa,Winneshiek,124,1,0,43.29094334,-91.84422722,19191.0,620.2791256065229,0.8064516129032258,123,116,1,0,115,113,20029,8,0,0,8,3
2020-08-19,US,Iowa,Woodbury,3858,54,0,42.38979414,-96.0459439,19193.0,3741.7440135005377,1.3996889580093312,3804,3838,54,0,3784,3828,102539,20,0,0,20,10
2020-08-19,US,Iowa,Worth,71,0,0,43.37750768,-93.26087602,19195.0,961.9292778756267,0.0,71,71,0,0,71,71,7453,0,0,0,0,0
2020-08-19,US,Iowa,Wright,488,1,0,42.73305373,-93.73515113,19197.0,3884.731730616144,0.20491803278688525,487,496,1,0,495,497,12690,-8,0,0,-8,-1
2020-08-19,US,Kansas,Allen,20,0,0,37.88582951,-95.30030847,20001.0,161.69455897809038,0.0,20,20,0,0,20,20,12444,0,0,0,0,0
2020-08-19,US,Kansas,Anderson,32,0,0,38.21413251,-95.29272815,20003.0,407.22830236701446,0.0,32,32,0,0,32,31,7878,0,0,0,0,1
2020-08-19,US,Kansas,Atchison,99,0,0,39.53185661,-95.30870026,20005.0,615.9397747775773,0.0,99,99,0,0,99,99,16193,0,0,0,0,0
2020-08-19,US,Kansas,Barber,6,0,0,37.2288586,-98.68460053,20007.0,135.5319629545968,0.0,6,6,0,0,6,6,4472,0,0,0,0,0
2020-08-19,US,Kansas,Barton,195,3,0,38.47889676,-98.75636726,20009.0,756.4296520423601,1.5384615384615383,192,195,3,0,192,186,26111,0,0,0,0,9
2020-08-19,US,Kansas,Bourbon,82,2,0,37.85508555,-94.84865997,20011.0,564.1943030136233,2.4390243902439024,80,82,2,0,80,82,14653,0,0,0,0,0
2020-08-19,US,Kansas,Brown,53,0,0,39.82652589,-95.56421698,20013.0,554.1614387285655,0.0,53,53,0,0,53,53,9598,0,0,0,0,0
2020-08-19,US,Kansas,Butler,367,2,0,37.78134351,-96.83878537,20015.0,548.4897849382015,0.5449591280653951,365,338,2,0,336,330,66765,29,0,0,29,8
2020-08-19,US,Kansas,Chase,58,0,0,38.30292938,-96.59563862,20017.0,2190.332326283988,0.0,58,58,0,0,58,58,2629,0,0,0,0,0
2020-08-19,US,Kansas,Chautauqua,7,0,0,37.14994405,-96.2454192,20019.0,215.38461538461544,0.0,7,6,0,0,6,6,3309,1,0,0,1,0
2020-08-19,US,Kansas,Cherokee,191,0,0,37.16928494,-94.8462897,20021.0,957.921661066252,0.0,191,168,0,0,168,168,20015,23,0,0,23,0
2020-08-19,US,Kansas,Cheyenne,5,0,0,39.78580976,-101.7318201,20023.0,188.1821603312006,0.0,5,5,0,0,5,5,2660,0,0,0,0,0
2020-08-19,US,Kansas,Clark,45,1,0,37.23577007,-99.81883015,20025.0,2256.7703109327986,2.2222222222222223,44,45,1,0,44,45,2005,0,0,0,0,0
2020-08-19,US,Kansas,Clay,22,2,0,39.34948772,-97.16518128,20027.0,274.93126718320417,9.090909090909092,20,21,2,0,19,21,7997,1,0,0,1,0
2020-08-19,US,Kansas,Cloud,43,0,0,39.48028352,-97.64925343,20029.0,489.4149783746869,0.0,43,42,0,0,42,42,8729,1,0,0,1,0
2020-08-19,US,Kansas,Coffey,71,8,0,38.2365018,-95.73379515,20031.0,868.0767820026898,11.267605633802814,63,71,8,0,63,71,8233,0,0,0,0,0
2020-08-19,US,Kansas,Comanche,9,0,0,37.19114520000001,-99.27113247,20033.0,529.4117647058823,0.0,9,9,0,0,9,9,1748,0,0,0,0,0
2020-08-19,US,Kansas,Cowley,203,2,0,37.23781842,-96.83776647,20035.0,581.5285894350865,0.9852216748768472,201,198,2,0,196,198,35218,5,0,0,5,0
2020-08-19,US,Kansas,Crawford,405,1,0,37.50675523,-94.85245778,20037.0,1043.3304137255914,0.2469135802469136,404,400,1,0,399,400,39019,5,0,0,5,0
2020-08-19,US,Kansas,Decatur,6,0,0,39.78468441,-100.45940809999999,20039.0,212.2391227449593,0.0,6,6,0,0,6,6,2871,0,0,0,0,0
2020-08-19,US,Kansas,Dickinson,53,1,0,38.86600962,-97.15532383,20041.0,287.0139716235243,1.8867924528301887,52,53,1,0,52,53,18717,0,0,0,0,0
2020-08-19,US,Kansas,Doniphan,58,0,0,39.79067154,-95.14056866,20043.0,763.1578947368422,0.0,58,50,0,0,50,50,7682,8,0,0,8,0
2020-08-19,US,Kansas,Douglas,861,5,0,38.88503636,-95.2925121,20045.0,704.2426324442372,0.5807200929152149,856,847,5,0,842,839,121436,14,0,0,14,8
2020-08-19,US,Kansas,Edwards,12,0,0,37.88735543,-99.31263309,20047.0,428.87776983559684,0.0,12,12,0,0,12,12,2849,0,0,0,0,0
2020-08-19,US,Kansas,Elk,1,0,0,37.45338105,-96.24369667,20049.0,39.52569169960474,0.0,1,1,0,0,1,1,2508,0,0,0,0,0
2020-08-19,US,Kansas,Ellis,171,1,0,38.91458712,-99.31751551,20051.0,598.8862816516653,0.5847953216374269,170,161,1,0,160,161,28710,10,0,0,10,0
2020-08-19,US,Kansas,Ellsworth,22,0,0,38.69677695,-98.20462799,20053.0,360.53752867912164,0.0,22,22,0,0,22,22,6196,0,0,0,0,0
2020-08-19,US,Kansas,Finney,1830,12,0,38.04340344,-100.73819379999999,20055.0,5018.235665121891,0.6557377049180327,1818,1830,12,0,1818,1820,36611,0,0,0,0,10
2020-08-19,US,Kansas,Ford,2198,10,0,37.69200114,-99.88825298,20057.0,6537.969600523515,0.4549590536851683,2188,2180,10,0,2170,2180,33888,18,0,0,18,0
2020-08-19,US,Kansas,Franklin,241,2,0,38.56443815,-95.28644341,20059.0,943.4700908236767,0.8298755186721992,239,237,2,0,235,237,25631,4,0,0,4,0
2020-08-19,US,Kansas,Geary,176,2,0,38.99871131,-96.7577178,20061.0,555.7309756867699,1.1363636363636365,174,174,2,0,172,174,32594,2,0,0,2,0
2020-08-19,US,Kansas,Gove,6,0,0,38.91588178,-100.4829321,20063.0,227.6176024279211,0.0,6,6,0,0,6,6,2612,0,0,0,0,0
2020-08-19,US,Kansas,Graham,23,0,0,39.34987223,-99.88332493,20065.0,926.6720386784853,0.0,23,23,0,0,23,23,2492,0,0,0,0,0
2020-08-19,US,Kansas,Grant,132,2,0,37.56227336,-101.3079758,20067.0,1846.1538461538464,1.5151515151515151,130,132,2,0,130,130,7336,0,0,0,0,2
2020-08-19,US,Kansas,Gray,98,0,0,37.73836671,-100.4369088,20069.0,1636.6065464261856,0.0,98,98,0,0,98,90,6033,0,0,0,0,8
2020-08-19,US,Kansas,Greeley,4,0,0,38.4808095,-101.8061079,20071.0,324.67532467532465,0.0,4,4,0,0,4,4,1227,0,0,0,0,0
2020-08-19,US,Kansas,Greenwood,23,0,0,37.8774388,-96.23250453,20073.0,384.4867937144768,0.0,23,23,0,0,23,23,6055,0,0,0,0,0
2020-08-19,US,Kansas,Hamilton,42,0,0,37.99978709,-101.7921066,20075.0,1654.1945647892871,0.0,42,42,0,0,42,42,2607,0,0,0,0,0
2020-08-19,US,Kansas,Harper,32,0,0,37.19175361,-98.07578384,20077.0,588.6681383370125,0.0,32,24,0,0,24,24,5506,8,0,0,8,0
2020-08-19,US,Kansas,Harvey,268,4,0,38.04293782,-97.42747573,20079.0,778.4135467193355,1.492537313432836,264,255,3,0,252,246,34210,13,1,0,12,9
2020-08-19,US,Kansas,Haskell,44,0,0,37.562039399999996,-100.8710738,20081.0,1108.8709677419354,0.0,44,44,0,0,44,44,3997,0,0,0,0,0
2020-08-19,US,Kansas,Hodgeman,12,0,0,38.08780079,-99.89829881,20083.0,668.8963210702342,0.0,12,11,0,0,11,11,1818,1,0,0,1,0
2020-08-19,US,Kansas,Jackson,176,1,0,39.41673394,-95.79356799,20085.0,1336.2690760003036,0.5681818181818182,175,174,1,0,173,166,13280,2,0,0,2,8
2020-08-19,US,Kansas,Jefferson,99,0,0,39.2347941,-95.38289232,20087.0,519.8760699469622,0.0,99,95,0,0,95,95,18975,4,0,0,4,0
2020-08-19,US,Kansas,Jewell,14,1,0,39.78470589,-98.21820662,20089.0,486.2799583188608,7.142857142857142,13,14,1,0,13,14,2841,0,0,0,0,0
2020-08-19,US,Kansas,Johnson,6736,108,0,38.88548175,-94.82250877,20091.0,1118.1920348737801,1.6033254156769596,6628,6655,108,0,6547,6582,597555,81,0,0,81,73
2020-08-19,US,Kansas,Kearny,68,1,0,38.00017981,-101.32168100000001,20093.0,1771.756122980719,1.4705882352941178,67,67,1,0,66,67,3943,1,0,0,1,0
2020-08-19,US,Kansas,Kingman,31,0,0,37.55909527,-98.13638678,20095.0,433.44519015659966,0.0,31,27,0,0,27,27,7310,4,0,0,4,0
2020-08-19,US,Kansas,Kiowa,8,0,0,37.55848695,-99.2856537,20097.0,323.2323232323232,0.0,8,8,0,0,8,8,2516,0,0,0,0,0
2020-08-19,US,Kansas,Labette,165,1,0,37.19113093,-95.29849679,20099.0,841.0643286777449,0.6060606060606061,164,159,1,0,158,159,19964,6,0,0,6,0
2020-08-19,US,Kansas,Lane,6,0,0,38.48119447,-100.46607540000001,20101.0,390.8794788273616,0.0,6,6,0,0,6,6,1560,0,0,0,0,0
2020-08-19,US,Kansas,Leavenworth,1560,9,0,39.20183497,-95.03620809,20103.0,1908.0701582719726,0.5769230769230769,1551,1548,9,0,1539,1548,81352,12,0,0,12,0
2020-08-19,US,Kansas,Lincoln,6,0,0,39.04549684,-98.20756994,20105.0,202.56583389601624,0.0,6,6,0,0,6,6,3023,0,0,0,0,0
2020-08-19,US,Kansas,Linn,50,0,0,38.21267844,-94.84254089,20107.0,515.3045449860866,0.0,50,50,0,0,50,50,9750,0,0,0,0,0
2020-08-19,US,Kansas,Logan,2,0,0,38.91735806,-101.148475,20109.0,71.58196134574086,0.0,2,2,0,0,2,2,2844,0,0,0,0,0
2020-08-19,US,Kansas,Lyon,765,14,0,38.45576156,-96.15275715,20111.0,2304.563940352463,1.830065359477124,751,765,14,0,751,762,33406,0,0,0,0,3
2020-08-19,US,Kansas,Marion,59,1,0,38.35855394,-97.09852509999999,20115.0,496.4658364187142,1.6949152542372878,58,59,1,0,58,59,11950,0,0,0,0,0
2020-08-19,US,Kansas,Marshall,13,0,0,39.78359669,-96.52278974,20117.0,133.92397239105802,0.0,13,15,0,0,15,15,9722,-2,0,0,-2,0
2020-08-19,US,Kansas,McPherson,176,1,0,38.39184858,-97.64769869,20113.0,616.6351341882139,0.5681818181818182,175,176,1,0,175,169,28537,0,0,0,0,7
2020-08-19,US,Kansas,Meade,56,0,0,37.23859987,-100.36483100000001,20119.0,1388.5445078105633,0.0,56,52,0,0,52,52,4146,4,0,0,4,0
2020-08-19,US,Kansas,Miami,165,0,0,38.56383358,-94.83832189,20121.0,481.934748955808,0.0,165,150,0,0,150,150,33680,15,0,0,15,0
2020-08-19,US,Kansas,Mitchell,28,0,0,39.39331582,-98.20906732,20123.0,468.3057367452751,0.0,28,28,0,0,28,28,6150,0,0,0,0,0
2020-08-19,US,Kansas,Montgomery,193,5,0,37.19236568,-95.74329258,20125.0,606.3652643815389,2.5906735751295336,188,193,5,0,188,193,32120,0,0,0,0,0
2020-08-19,US,Kansas,Morris,12,0,0,38.68827511,-96.65128437,20127.0,213.52313167259786,0.0,12,12,0,0,12,12,5521,0,0,0,0,0
2020-08-19,US,Kansas,Morton,10,2,0,37.19141121,-101.79925190000002,20129.0,386.54812524159263,20.0,8,10,2,0,8,10,2667,0,0,0,0,0
2020-08-19,US,Kansas,Nemaha,53,1,0,39.78345387,-96.01392079,20131.0,518.0334278174176,1.8867924528301887,52,53,1,0,52,50,10155,0,0,0,0,3
2020-08-19,US,Kansas,Neosho,66,0,0,37.55862897,-95.30670046,20133.0,412.3196101705504,0.0,66,66,0,0,66,66,15951,0,0,0,0,0
2020-08-19,US,Kansas,Ness,9,0,0,38.47974157,-99.91547333,20135.0,327.27272727272725,0.0,9,8,0,0,8,8,2840,1,0,0,1,0
2020-08-19,US,Kansas,Norton,23,0,0,39.78443827,-99.90286639,20137.0,429.0244357396009,0.0,23,23,0,0,23,23,5430,0,0,0,0,0
2020-08-19,US,Kansas,Osage,52,0,0,38.65235984,-95.72707998,20139.0,326.03925010972483,0.0,52,50,0,0,50,50,15941,2,0,0,2,0
2020-08-19,US,Kansas,Osborne,4,0,0,39.3503437,-98.76753828,20141.0,116.92487576731949,0.0,4,4,0,0,4,4,3475,0,0,0,0,0
2020-08-19,US,Kansas,Ottawa,39,0,0,39.13237408,-97.65020313,20143.0,683.7307152875176,0.0,39,39,0,0,39,39,5802,0,0,0,0,0
2020-08-19,US,Kansas,Pawnee,65,0,0,38.18108732,-99.23692334,20145.0,1013.4081696289368,0.0,65,65,0,0,65,65,6562,0,0,0,0,0
2020-08-19,US,Kansas,Phillips,51,8,0,39.78465501,-99.34668865,20147.0,974.3981658387466,15.68627450980392,43,51,8,0,43,51,5317,0,0,0,0,0
2020-08-19,US,Kansas,Pottawatomie,139,0,0,39.37925655,-96.34564657,20149.0,570.0693105852438,0.0,139,119,0,0,119,119,24277,20,0,0,20,0
2020-08-19,US,Kansas,Pratt,35,0,0,37.64780729,-98.73922153,20151.0,381.9292885202968,0.0,35,35,0,0,35,35,9378,0,0,0,0,0
2020-08-19,US,Kansas,Reno,538,1,0,37.95230263,-98.08607292,20155.0,867.7699280621954,0.18587360594795535,537,500,1,0,499,491,62342,38,0,0,38,9
2020-08-19,US,Kansas,Republic,34,0,0,39.82799632,-97.65036709,20157.0,733.3908541846422,0.0,34,32,0,0,32,32,4664,2,0,0,2,0
2020-08-19,US,Kansas,Rice,41,0,0,38.34616184,-98.19992118,20159.0,429.9045821537171,0.0,41,41,0,0,41,41,9531,0,0,0,0,0
2020-08-19,US,Kansas,Riley,544,5,0,39.28935726,-96.73420026,20161.0,732.8375902575708,0.9191176470588236,539,512,5,0,507,512,73703,32,0,0,32,0
2020-08-19,US,Kansas,Rooks,19,0,0,39.35022773,-99.32484567,20163.0,386.1788617886178,0.0,19,19,0,0,19,19,5013,0,0,0,0,0
2020-08-19,US,Kansas,Rush,10,0,0,38.52275276,-99.30863983,20165.0,329.3807641633729,0.0,10,10,0,0,10,10,3093,0,0,0,0,0
2020-08-19,US,Kansas,Russell,17,0,0,38.91462787,-98.76254297,20167.0,247.9579929988332,0.0,17,17,0,0,17,17,6907,0,0,0,0,0
2020-08-19,US,Kansas,Saline,428,9,0,38.78369175,-97.65185177,20169.0,789.3183830038361,2.102803738317757,419,416,7,0,409,416,54401,12,2,0,10,0
2020-08-19,US,Kansas,Scott,82,0,0,38.48222076,-100.90665390000001,20171.0,1700.1866058469836,0.0,82,79,0,0,79,79,4897,3,0,0,3,0
2020-08-19,US,Kansas,Sedgwick,5513,47,0,37.6842718,-97.4608198,20173.0,1068.3238961169827,0.852530382731725,5466,5460,47,0,5413,5429,513607,53,0,0,53,31
2020-08-19,US,Kansas,Seward,1306,4,0,37.19324632,-100.85072009999999,20175.0,6094.8291954452125,0.30627871362940273,1302,1306,4,0,1302,1306,21780,0,0,0,0,0
2020-08-19,US,Kansas,Shawnee,1872,21,0,39.04100763,-95.75572640000001,20177.0,1058.374558303887,1.1217948717948718,1851,1814,21,0,1793,1788,177499,58,0,0,58,26
2020-08-19,US,Kansas,Sheridan,9,0,0,39.35018161,-100.44182590000001,20179.0,357.0011900039666,0.0,9,9,0,0,9,9,2533,0,0,0,0,0
2020-08-19,US,Kansas,Sherman,17,0,0,39.35147699,-101.71976240000001,20181.0,287.30775730944737,0.0,17,17,0,0,17,17,5899,0,0,0,0,0
2020-08-19,US,Kansas,Smith,3,0,0,39.78516566,-98.78566062,20183.0,83.72871895060004,0.0,3,3,0,0,3,3,3603,0,0,0,0,0
2020-08-19,US,Kansas,Stafford,13,1,0,38.03100851,-98.71762001,20185.0,312.80076997112616,7.6923076923076925,12,12,1,0,11,12,4178,1,0,0,1,0
2020-08-19,US,Kansas,Stanton,20,1,0,37.56304714,-101.78435340000001,20187.0,997.0089730807578,5.0,19,20,1,0,19,20,1987,0,0,0,0,0
2020-08-19,US,Kansas,Stevens,46,0,0,37.1923008,-101.3118967,20189.0,838.6508659981769,0.0,46,46,0,0,46,46,5559,0,0,0,0,0
2020-08-19,US,Kansas,Sumner,108,3,0,37.23682549,-97.47721621,20191.0,472.93746715712035,2.7777777777777777,105,107,3,0,104,107,22996,1,0,0,1,0
2020-08-19,US,Kansas,Thomas,51,0,0,39.35107575,-101.0553705,20193.0,655.7798637006557,0.0,51,51,0,0,51,51,7711,0,0,0,0,0
2020-08-19,US,Kansas,Trego,7,1,0,38.91467218,-99.87284448,20195.0,249.73242953977882,14.285714285714285,6,7,1,0,6,7,2793,0,0,0,0,0
2020-08-19,US,Kansas,Wabaunsee,46,0,0,38.95471985,-96.20350509,20197.0,663.6848939546962,0.0,46,45,0,0,45,45,6899,1,0,0,1,0
2020-08-19,US,Kansas,Washington,2,0,0,39.78420784,-97.08753229999999,20201.0,36.99593044765076,0.0,2,2,0,0,2,2,5420,0,0,0,0,0
2020-08-19,US,Kansas,Wichita,4,0,0,38.48178252,-101.3471509,20203.0,188.76828692779614,0.0,4,4,0,0,4,4,2105,0,0,0,0,0
2020-08-19,US,Kansas,Wilson,16,0,0,37.55937174,-95.74323255,20205.0,187.68328445747798,0.0,16,16,0,0,16,16,8665,0,0,0,0,0
2020-08-19,US,Kansas,Woodson,12,0,0,37.8865336,-95.74006277,20207.0,382.4091778202677,0.0,12,12,0,0,12,12,3183,0,0,0,0,0
2020-08-19,US,Kansas,Wyandotte,5501,109,0,39.11727348,-94.76378225,20209.0,3325.2936305000926,1.9814579167424105,5392,5450,108,0,5342,5405,165324,51,1,0,50,45
2020-08-19,US,Kentucky,Adair,237,19,0,37.10459774,-85.28129668,21001.0,1234.2464326632644,8.016877637130802,218,233,19,0,214,233,19215,4,0,0,4,0
2020-08-19,US,Kentucky,Allen,237,8,0,36.75197631,-86.19457544,21003.0,1111.8930330752992,3.3755274261603376,229,236,8,0,228,236,21122,1,0,0,1,0
2020-08-19,US,Kentucky,Anderson,95,1,0,38.00671029,-84.99171713,21005.0,417.6374906581089,1.0526315789473684,94,94,1,0,93,92,22663,1,0,0,1,2
2020-08-19,US,Kentucky,Ballard,38,0,0,37.05842757,-88.99427697,21007.0,481.74442190669373,0.0,38,38,0,0,38,37,7979,0,0,0,0,1
2020-08-19,US,Kentucky,Barren,455,5,0,36.96469836,-85.93338945,21009.0,1028.2718253519854,1.0989010989010992,450,437,3,0,434,432,44176,18,2,0,16,5
2020-08-19,US,Kentucky,Bath,42,1,0,38.14735938,-83.74588932,21011.0,336.0,2.380952380952381,41,41,1,0,40,41,12383,1,0,0,1,0
2020-08-19,US,Kentucky,Bell,354,5,0,36.73355174,-83.67766671,21013.0,1359.8647818070067,1.4124293785310735,349,351,5,0,346,350,26569,3,0,0,3,1
2020-08-19,US,Kentucky,Boone,1183,24,0,38.97065142,-84.72615357,21015.0,885.6049887334276,2.028740490278952,1159,1174,24,0,1150,1157,131533,9,0,0,9,17
2020-08-19,US,Kentucky,Bourbon,100,1,0,38.2054607,-84.21827874,21017.0,505.35678188801285,1.0,99,98,1,0,97,99,20184,2,0,0,2,-1
2020-08-19,US,Kentucky,Boyd,205,4,0,38.36176608,-82.68652187,21019.0,438.8030309516674,1.951219512195122,201,203,4,0,199,203,47240,2,0,0,2,0
2020-08-19,US,Kentucky,Boyle,178,0,0,37.62680923,-84.8633779,21021.0,592.1490352628077,0.0,178,177,0,0,177,172,30100,1,0,0,1,5
2020-08-19,US,Kentucky,Bracken,37,0,0,38.69158994,-84.08532444,21023.0,445.6220643141034,0.0,37,37,0,0,37,37,8239,0,0,0,0,0
2020-08-19,US,Kentucky,Breathitt,34,0,0,37.52333168,-83.31959161,21025.0,269.20031670625497,0.0,34,33,0,0,33,33,12726,1,0,0,1,0
2020-08-19,US,Kentucky,Breckinridge,89,2,0,37.77377239,-86.42885017,21027.0,434.6339795868536,2.247191011235955,87,88,2,0,86,87,20388,1,0,0,1,1
2020-08-19,US,Kentucky,Bullitt,488,5,0,37.97162523,-85.68955617,21029.0,597.48273666683,1.024590163934426,483,467,5,0,462,448,81069,21,0,0,21,19
2020-08-19,US,Kentucky,Butler,309,16,0,37.20946153,-86.68748787,21031.0,2399.2546005124623,5.17799352750809,293,306,15,0,291,304,12772,3,1,0,2,2
2020-08-19,US,Kentucky,Caldwell,60,0,0,37.14749129,-87.86948214,21033.0,470.69898799717583,0.0,60,59,0,0,59,57,12715,1,0,0,1,2
2020-08-19,US,Kentucky,Calloway,302,5,0,36.62093411,-88.2731593,21035.0,774.3391195097563,1.6556291390728477,297,303,5,0,298,294,39135,-1,0,0,-1,9
2020-08-19,US,Kentucky,Campbell,633,13,0,38.94384345,-84.37875208,21037.0,676.3976748162079,2.0537124802527646,620,629,13,0,616,622,93152,4,0,0,4,7
2020-08-19,US,Kentucky,Carlisle,51,1,0,36.85372876,-88.96692220000001,21039.0,1071.4285714285713,1.96078431372549,50,51,1,0,50,50,4771,0,0,0,0,1
2020-08-19,US,Kentucky,Carroll,170,2,0,38.66599534,-85.12601074,21041.0,1599.096980528643,1.1764705882352942,168,170,2,0,168,170,10737,0,0,0,0,0
2020-08-19,US,Kentucky,Carter,107,3,0,38.31690743,-83.05092385,21043.0,399.2984289286114,2.803738317757009,104,105,3,0,102,105,27004,2,0,0,2,0
2020-08-19,US,Kentucky,Casey,218,11,0,37.32533118,-84.92726209,21045.0,1349.0933844916146,5.045871559633029,207,216,11,0,205,213,15888,2,0,0,2,3
2020-08-19,US,Kentucky,Christian,560,10,0,36.89267803,-87.49055367,21047.0,794.7658988660394,1.7857142857142858,550,543,10,0,533,540,71671,17,0,0,17,3
2020-08-19,US,Kentucky,Clark,205,7,0,37.9689263,-84.14615986,21049.0,565.3145079006149,3.414634146341464,198,195,7,0,188,189,36249,10,0,0,10,6
2020-08-19,US,Kentucky,Clay,191,5,0,37.16451126,-83.712575,21051.0,959.7507662931513,2.6178010471204187,186,191,5,0,186,190,20105,0,0,0,0,1
2020-08-19,US,Kentucky,Clinton,51,1,0,36.72581156,-85.13377529,21053.0,499.1192014092777,1.96078431372549,50,50,1,0,49,48,10206,1,0,0,1,2
2020-08-19,US,Kentucky,Crittenden,34,1,0,37.35839237,-88.08826090000002,21055.0,386.1003861003861,2.9411764705882355,33,34,1,0,33,34,8915,0,0,0,0,0
2020-08-19,US,Kentucky,Cumberland,69,0,0,36.78926125,-85.39050034,21057.0,1043.2416087087995,0.0,69,68,0,0,68,67,6659,1,0,0,1,1
2020-08-19,US,Kentucky,Daviess,846,10,0,37.73028906,-87.09019479999998,21059.0,833.4072169518573,1.182033096926714,836,833,10,0,823,827,101104,13,0,0,13,6
2020-08-19,US,Kentucky,Edmonson,115,12,0,37.21218923,-86.23955613,21061.0,946.5020576131687,10.434782608695652,103,115,12,0,103,115,12274,0,0,0,0,0
2020-08-19,US,Kentucky,Elliott,16,0,0,38.11624059,-83.09771563,21063.0,212.85087135825464,0.0,16,15,0,0,15,15,7508,1,0,0,1,0
2020-08-19,US,Kentucky,Estill,27,0,0,37.69241417,-83.95956369,21065.0,191.40791152700984,0.0,27,27,0,0,27,27,14198,0,0,0,0,0
2020-08-19,US,Kentucky,Fayette,3534,50,0,38.0368225,-84.45576892,21067.0,1093.6030103480714,1.414827391058291,3484,3493,50,0,3443,3460,323780,41,0,0,41,33
2020-08-19,US,Kentucky,Fleming,64,0,0,38.36758311,-83.69657514,21069.0,438.9273712365407,0.0,64,64,0,0,64,64,14432,0,0,0,0,0
2020-08-19,US,Kentucky,Floyd,126,2,0,37.56213922,-82.74750924,21071.0,354.0419792632555,1.5873015873015872,124,121,2,0,119,119,35845,5,0,0,5,2
2020-08-19,US,Kentucky,Franklin,400,11,0,38.2379395,-84.87962551,21073.0,784.4521582240003,2.75,389,375,11,0,364,357,50815,25,0,0,25,18
2020-08-19,US,Kentucky,Fulton,103,2,0,36.55238827,-89.20140068,21075.0,1725.5821745686044,1.9417475728155342,101,101,2,0,99,101,6120,2,0,0,2,0
2020-08-19,US,Kentucky,Gallatin,85,7,0,38.75398691,-84.8558382,21077.0,958.3944074867516,8.235294117647058,78,85,7,0,78,82,8832,0,0,0,0,3
2020-08-19,US,Kentucky,Garrard,95,1,0,37.638866799999995,-84.53289319,21079.0,537.7561417411978,1.0526315789473684,94,96,0,0,96,93,17560,-1,1,0,-2,3
2020-08-19,US,Kentucky,Grant,130,6,0,38.64962758,-84.62415957,21081.0,518.5687502493118,4.615384615384615,124,129,6,0,123,128,25121,1,0,0,1,1
2020-08-19,US,Kentucky,Graves,591,27,0,36.72292505,-88.65143315,21083.0,1585.8959909837383,4.568527918781727,564,586,27,0,559,582,37317,5,0,0,5,4
2020-08-19,US,Kentucky,Grayson,228,11,0,37.46231118,-86.34248968,21085.0,862.7540015892838,4.824561403508771,217,226,11,0,215,220,26321,2,0,0,2,6
2020-08-19,US,Kentucky,Green,65,2,0,37.26484328,-85.5540745,21087.0,594.0956036925327,3.0769230769230766,63,61,2,0,59,57,11049,4,0,0,4,4
2020-08-19,US,Kentucky,Greenup,156,1,0,38.54332505,-82.9215658,21089.0,444.4697703572853,0.6410256410256411,155,152,1,0,151,147,35268,4,0,0,4,5
2020-08-19,US,Kentucky,Hancock,55,0,0,37.83766422,-86.78280584,21091.0,630.5893143774364,0.0,55,55,0,0,55,54,8758,0,0,0,0,1
2020-08-19,US,Kentucky,Hardin,789,8,0,37.6976111,-85.96319251,21093.0,711.0798680581842,1.0139416983523448,781,776,8,0,768,750,110356,13,0,0,13,26
2020-08-19,US,Kentucky,Harlan,264,4,0,36.85699301,-83.21899516,21095.0,1014.9942329873128,1.5151515151515151,260,260,3,0,257,257,26409,4,1,0,3,3
2020-08-19,US,Kentucky,Harrison,137,0,0,38.44188174,-84.32869741,21097.0,725.4050619506512,0.0,137,132,0,0,132,123,18778,5,0,0,5,9
2020-08-19,US,Kentucky,Hart,115,1,0,37.29943898,-85.88461055,21099.0,604.1502495403205,0.8695652173913043,114,114,0,0,114,110,18906,1,1,0,0,4
2020-08-19,US,Kentucky,Henderson,389,3,0,37.79344553,-87.57392021,21101.0,860.4291086042911,0.7712082262210797,386,383,3,0,380,376,45591,6,0,0,6,7
2020-08-19,US,Kentucky,Henry,147,2,0,38.44942688,-85.11587507,21103.0,911.5713754185788,1.3605442176870748,145,145,2,0,143,146,16106,2,0,0,2,-1
2020-08-19,US,Kentucky,Hickman,64,0,0,36.67948079999999,-88.97875928,21105.0,1461.1872146118722,0.0,64,62,0,0,62,62,4421,2,0,0,2,0
2020-08-19,US,Kentucky,Hopkins,455,35,0,37.30939025,-87.54670406,21107.0,1018.2159960614064,7.6923076923076925,420,452,35,0,417,440,45068,3,0,0,3,12
2020-08-19,US,Kentucky,Jackson,161,14,0,37.41866422,-83.99825483,21109.0,1207.8925650836522,8.695652173913043,147,161,14,0,147,158,13442,0,0,0,0,3
2020-08-19,US,Kentucky,Jefferson,9901,255,0,38.18664655,-85.65931031,21111.0,1291.2826358285608,2.575497424502576,9646,9749,255,0,9494,9629,770517,152,0,0,152,120
2020-08-19,US,Kentucky,Jessamine,393,0,0,37.87119786,-84.58252003,21113.0,726.2311743509192,0.0,393,386,0,0,386,377,53920,7,0,0,7,9
2020-08-19,US,Kentucky,Johnson,98,0,0,37.85106355,-82.8264322,21115.0,441.6801874887328,0.0,98,90,0,0,90,84,22386,8,0,0,8,6
2020-08-19,US,Kentucky,Kenton,1555,41,0,38.93950319,-84.53241199,21117.0,931.1488760344437,2.6366559485530545,1514,1545,41,0,1504,1526,166051,10,0,0,10,19
2020-08-19,US,Kentucky,Knott,83,1,0,37.35388197,-82.94981134,21119.0,560.5835472105903,1.2048192771084338,82,82,1,0,81,79,15126,1,0,0,1,3
2020-08-19,US,Kentucky,Knox,293,8,0,36.89225732,-83.85403396,21121.0,940.7609568148981,2.7303754266211606,285,288,8,0,280,269,31304,5,0,0,5,19
2020-08-19,US,Kentucky,Larue,71,1,0,37.54567114,-85.70138352,21123.0,493.12404500625087,1.4084507042253518,70,70,1,0,69,67,14307,1,0,0,1,3
2020-08-19,US,Kentucky,Laurel,497,5,0,37.10975748,-84.11321779,21125.0,817.2594675480573,1.0060362173038229,492,488,5,0,483,480,60669,9,0,0,9,8
2020-08-19,US,Kentucky,Lawrence,39,0,0,38.07136018,-82.72882223,21127.0,254.6190507279493,0.0,39,39,0,0,39,38,15571,0,0,0,0,1
2020-08-19,US,Kentucky,Lee,6,0,0,37.59645942,-83.71513901,21129.0,81.04822369309741,0.0,6,6,0,0,6,7,7033,0,0,0,0,-1
2020-08-19,US,Kentucky,Leslie,39,0,0,37.09246661,-83.37999606,21131.0,394.85673787587325,0.0,39,39,0,0,39,38,10143,0,0,0,0,1
2020-08-19,US,Kentucky,Letcher,66,2,0,37.12306748,-82.85346474,21133.0,306.2218716651974,3.0303030303030303,64,66,1,0,65,67,21899,0,1,0,-1,-1
2020-08-19,US,Kentucky,Lewis,86,1,0,38.53184419,-83.37735618,21135.0,647.834274952919,1.162790697674419,85,86,1,0,85,86,13257,0,0,0,0,0
2020-08-19,US,Kentucky,Lincoln,123,2,0,37.45475628,-84.6565327,21137.0,501.03873884883285,1.6260162601626016,121,121,2,0,119,121,24644,2,0,0,2,0
2020-08-19,US,Kentucky,Livingston,38,1,0,37.21137452,-88.34797529,21139.0,413.3130302371112,2.631578947368421,37,37,1,0,36,37,9242,1,0,0,1,0
2020-08-19,US,Kentucky,Logan,362,25,0,36.85949479,-86.877635,21141.0,1335.6947826728654,6.906077348066297,337,360,23,0,337,359,26989,2,2,0,0,1
2020-08-19,US,Kentucky,Lyon,32,4,0,37.02080035,-88.07886257,21143.0,389.768574908648,12.5,28,32,4,0,28,32,8009,0,0,0,0,0
2020-08-19,US,Kentucky,Madison,696,1,0,37.71659336,-84.27220275,21151.0,748.4917246496823,0.14367816091954022,695,686,1,0,685,676,92368,10,0,0,10,10
2020-08-19,US,Kentucky,Magoffin,55,0,0,37.70820545,-83.0657714,21153.0,452.26543869747553,0.0,55,54,0,0,54,53,12362,1,0,0,1,1
2020-08-19,US,Kentucky,Marion,153,0,0,37.55218078,-85.26898542,21155.0,793.856690707207,0.0,153,141,0,0,141,142,19404,12,0,0,12,-1
2020-08-19,US,Kentucky,Marshall,165,2,0,36.88007070000001,-88.32803576,21157.0,530.5466237942122,1.2121212121212122,163,157,2,0,155,155,31191,8,0,0,8,2
2020-08-19,US,Kentucky,Martin,44,0,0,37.79990579,-82.51247478,21159.0,393.03260384100037,0.0,44,41,0,0,41,42,11323,3,0,0,3,-1
2020-08-19,US,Kentucky,Mason,67,1,0,38.59471935,-83.82151043,21161.0,392.5014645577036,1.492537313432836,66,61,1,0,60,59,17150,6,0,0,6,2
2020-08-19,US,Kentucky,McCracken,425,5,0,37.05350953,-88.70445755,21145.0,649.6682870158061,1.1764705882352942,420,414,5,0,409,409,65346,11,0,0,11,5
2020-08-19,US,Kentucky,McCreary,56,0,0,36.73874143,-84.48102924,21147.0,324.99564737972264,0.0,56,56,0,0,56,54,17408,0,0,0,0,2
2020-08-19,US,Kentucky,McLean,45,1,0,37.5301951,-87.26803443,21149.0,488.7585532746823,2.2222222222222223,44,44,1,0,43,44,9252,1,0,0,1,0
2020-08-19,US,Kentucky,Meade,108,3,0,37.96163597,-86.21028219,21163.0,377.992440151197,2.7777777777777777,105,107,3,0,104,103,28715,1,0,0,1,4
2020-08-19,US,Kentucky,Menifee,28,0,0,37.94090733,-83.59985712,21165.0,431.4994606256742,0.0,28,28,0,0,28,28,6451,0,0,0,0,0
2020-08-19,US,Kentucky,Mercer,95,1,0,37.81474237,-84.87488475,21167.0,433.1372817216066,1.0526315789473684,94,95,0,0,95,92,21774,0,1,0,-1,3
2020-08-19,US,Kentucky,Metcalfe,74,2,0,36.99459295,-85.63123699,21169.0,734.7830404130673,2.702702702702702,72,69,2,0,67,66,10030,5,0,0,5,3
2020-08-19,US,Kentucky,Monroe,108,2,0,36.71225341,-85.71596443,21171.0,1014.0845070422536,1.851851851851852,106,107,2,0,105,107,10718,1,0,0,1,0
2020-08-19,US,Kentucky,Montgomery,160,0,0,38.03253032,-83.9145241,21173.0,568.242355364563,0.0,160,154,0,0,154,141,28203,6,0,0,6,13
2020-08-19,US,Kentucky,Morgan,37,0,0,37.92465657,-83.25558245,21175.0,278.00736343827487,0.0,37,36,0,0,36,36,13345,1,0,0,1,0
2020-08-19,US,Kentucky,Muhlenberg,640,11,0,37.21425819,-87.14632053,21177.0,2090.0006531252043,1.71875,629,641,11,0,630,639,30774,-1,0,0,-1,2
2020-08-19,US,Kentucky,Nelson,279,2,0,37.80335779,-85.4657193,21179.0,603.4650574265136,0.7168458781362007,277,272,2,0,270,255,45851,7,0,0,7,17
2020-08-19,US,Kentucky,Nicholas,21,1,0,38.33342292,-84.01889177,21181.0,288.8980602558812,4.761904761904762,20,21,1,0,20,21,7166,0,0,0,0,0
2020-08-19,US,Kentucky,Ohio,366,9,0,37.47751843,-86.85368087,21183.0,1525.3813453363339,2.459016393442623,357,365,9,0,356,365,24087,1,0,0,1,0
2020-08-19,US,Kentucky,Oldham,692,19,0,38.39791089,-85.448222,21185.0,1035.9436518510756,2.7456647398843934,673,682,18,0,664,675,66470,10,1,0,9,7
2020-08-19,US,Kentucky,Owen,69,0,0,38.51679143,-84.82404619,21187.0,632.9694523438217,0.0,69,68,0,0,68,65,10880,1,0,0,1,3
2020-08-19,US,Kentucky,Owsley,18,0,0,37.42823949,-83.68811419,21189.0,407.7010192525481,0.0,18,17,0,0,17,16,4472,1,0,0,1,1
2020-08-19,US,Kentucky,Pendleton,52,0,0,38.69607718,-84.35599463,21191.0,356.4084989718985,0.0,52,52,0,0,52,51,14529,0,0,0,0,1
2020-08-19,US,Kentucky,Perry,264,6,0,37.25023553,-83.22922731,21193.0,1024.9242953645469,2.272727272727273,258,260,6,0,254,256,26092,4,0,0,4,4
2020-08-19,US,Kentucky,Pike,279,3,0,37.47088263,-82.39487445,21195.0,482.06510470661414,1.075268817204301,276,276,3,0,273,270,58402,3,0,0,3,6
2020-08-19,US,Kentucky,Powell,70,0,0,37.83218794,-83.82553961,21197.0,566.3888664131402,0.0,70,70,0,0,70,69,12442,0,0,0,0,1
2020-08-19,US,Kentucky,Pulaski,409,5,0,37.10466131,-84.57629079,21199.0,629.4341248711122,1.2224938875305624,404,395,5,0,390,385,64623,14,0,0,14,10
2020-08-19,US,Kentucky,Robertson,3,0,0,38.51923469,-84.05055616,21201.0,142.31499051233396,0.0,3,3,0,0,3,3,2135,0,0,0,0,0
2020-08-19,US,Kentucky,Rockcastle,100,0,0,37.36642393,-84.31176452,21203.0,598.9817310572028,0.0,100,97,0,0,97,92,16750,3,0,0,3,5
2020-08-19,US,Kentucky,Rowan,88,0,0,38.19484205,-83.42088935,21205.0,359.7710547833197,0.0,88,88,0,0,88,88,24583,0,0,0,0,0
2020-08-19,US,Kentucky,Russell,146,5,0,36.99308373,-85.06070117,21207.0,814.5957707972998,3.4246575342465757,141,146,5,0,141,140,17821,0,0,0,0,6
2020-08-19,US,Kentucky,Scott,484,0,0,38.29622293,-84.5816631,21209.0,849.0632236334293,0.0,484,463,0,0,463,437,56031,21,0,0,21,26
2020-08-19,US,Kentucky,Shelby,841,22,0,38.21476019,-85.194223,21211.0,1715.4862924281986,2.615933412604043,819,827,22,0,805,820,48518,14,0,0,14,7
2020-08-19,US,Kentucky,Simpson,179,7,0,36.74058474,-86.58047435,21213.0,963.8164979539093,3.910614525139665,172,179,7,0,172,173,18529,0,0,0,0,6
2020-08-19,US,Kentucky,Spencer,145,0,0,38.03223971,-85.32749335,21215.0,749.3152808640381,0.0,145,142,0,0,142,141,18794,3,0,0,3,1
2020-08-19,US,Kentucky,Taylor,161,3,0,37.3677562,-85.3329931,21217.0,624.7817144631148,1.8633540372670807,158,159,3,0,156,158,25549,2,0,0,2,1
2020-08-19,US,Kentucky,Todd,38,0,0,36.8381152,-87.17878374,21219.0,309.09386692695625,0.0,38,38,0,0,38,38,12311,0,0,0,0,0
2020-08-19,US,Kentucky,Trigg,61,0,0,36.80767017,-87.87333656,21221.0,416.35383250290084,0.0,61,61,0,0,61,60,14643,0,0,0,0,1
2020-08-19,US,Kentucky,Trimble,38,0,0,38.61056487,-85.33775972,21223.0,448.58930468657775,0.0,38,36,0,0,36,35,8515,2,0,0,2,1
2020-08-19,US,Kentucky,Union,76,0,0,37.66166713,-87.94300009,21225.0,528.4750712745985,0.0,76,76,0,0,76,76,14505,0,0,0,0,0
2020-08-19,US,Kentucky,Warren,2859,23,0,36.99903045,-86.42672751,21227.0,2151.306284613532,0.8044770898915705,2836,2828,22,0,2806,2802,131264,31,1,0,30,26
2020-08-19,US,Kentucky,Washington,108,1,0,37.75599461,-85.17407732,21229.0,892.9309632079371,0.925925925925926,107,104,1,0,103,102,12084,4,0,0,4,2
2020-08-19,US,Kentucky,Wayne,80,0,0,36.80310688,-84.8251971,21231.0,393.4490729356218,0.0,80,80,0,0,80,80,20468,0,0,0,0,0
2020-08-19,US,Kentucky,Webster,96,1,0,37.52168356,-87.67989953,21233.0,741.7709782104776,1.0416666666666667,95,96,1,0,95,95,13111,0,0,0,0,1
2020-08-19,US,Kentucky,Whitley,173,1,0,36.75700531,-84.14541217,21235.0,477.0571365541584,0.5780346820809249,172,173,1,0,172,170,36242,0,0,0,0,3
2020-08-19,US,Kentucky,Wolfe,19,0,0,37.73941626,-83.49303612,21237.0,265.474360765684,0.0,19,19,0,0,19,18,7177,0,0,0,0,1
2020-08-19,US,Kentucky,Woodford,185,0,0,38.04178222,-84.7417556,21239.0,692.0026931996707,0.0,185,185,0,0,185,183,26533,0,0,0,0,2
2020-08-19,US,Louisiana,Acadia,2712,91,0,30.295064899999996,-92.41419698,22001.0,4371.021033121122,3.3554572271386434,2621,2708,91,0,2617,2701,62190,4,0,0,4,7
2020-08-19,US,Louisiana,Allen,1389,36,0,30.65385745,-92.82442028,22003.0,5420.064775432162,2.591792656587473,1353,1386,33,0,1353,1382,25605,3,3,0,0,4
2020-08-19,US,Louisiana,Ascension,3118,81,0,30.20406249,-90.91328409999998,22005.0,2462.797383968911,2.5978191148171903,3037,3108,81,0,3027,3084,124672,10,0,0,10,24
2020-08-19,US,Louisiana,Assumption,623,20,0,29.89946234,-91.06461642,22007.0,2845.918413960075,3.2102728731942216,603,617,20,0,597,616,22300,6,0,0,6,1
2020-08-19,US,Louisiana,Avoyelles,1172,40,0,31.07796211,-92.00079449,22009.0,2919.4898365882823,3.4129692832764507,1132,1157,38,0,1119,1149,40462,15,2,0,13,8
2020-08-19,US,Louisiana,Beauregard,909,28,0,30.64836518,-93.34173616,22011.0,2424.193935514841,3.08030803080308,881,896,28,0,868,886,37253,13,0,0,13,10
2020-08-19,US,Louisiana,Bienville,401,30,0,32.34569994,-93.05398492,22013.0,3028.4721697756972,7.481296758104738,371,400,30,0,370,399,13308,1,0,0,1,1
2020-08-19,US,Louisiana,Bossier,2499,85,0,32.67932307,-93.60460152,22015.0,1967.1124615275626,3.4013605442176873,2414,2488,84,0,2404,2471,127185,11,1,0,10,17
2020-08-19,US,Louisiana,Caddo,7012,304,0,32.57991587,-93.88375652,22017.0,2919.1853591114227,4.335424985738734,6708,6980,304,0,6676,6949,242922,32,0,0,32,31
2020-08-19,US,Louisiana,Calcasieu,7154,158,0,30.22931235,-93.35400434,22019.0,3516.585068522779,2.208554654738608,6996,7093,157,0,6936,7045,203112,61,1,0,60,48
2020-08-19,US,Louisiana,Caldwell,245,3,0,32.0902519,-92.11752148,22021.0,2470.256100020165,1.2244897959183674,242,245,3,0,242,245,9960,0,0,0,0,0
2020-08-19,US,Louisiana,Cameron,174,1,0,29.87592238,-93.19310676,22023.0,2495.339165352072,0.5747126436781609,173,174,1,0,173,174,6968,0,0,0,0,0
2020-08-19,US,Louisiana,Catahoula,329,5,0,31.66778967,-91.84526385,22025.0,3465.346534653465,1.5197568389057752,324,323,5,0,318,321,9608,6,0,0,6,2
2020-08-19,US,Louisiana,Claiborne,308,12,0,32.82308512,-92.99526883,22027.0,1965.5392469687301,3.8961038961038965,296,307,12,0,295,303,15944,1,0,0,1,4
2020-08-19,US,Louisiana,Concordia,384,9,0,31.44817835,-91.63814433,22029.0,1993.872994444156,2.34375,375,378,9,0,369,376,19572,6,0,0,6,2
2020-08-19,US,Louisiana,De Soto,787,29,0,32.05457447,-93.74130302,22031.0,2865.6738156792767,3.684879288437103,758,783,28,0,755,780,27436,4,1,0,3,3
2020-08-19,US,Louisiana,East Baton Rouge,13018,390,0,30.53842039,-91.09777565,22033.0,2958.239690586944,2.9958518973728685,12628,12942,388,0,12554,12875,440956,76,2,0,74,67
2020-08-19,US,Louisiana,East Carroll,526,2,0,32.73926954,-91.23425694,22035.0,7666.520915318467,0.3802281368821293,524,525,2,0,523,525,7037,1,0,0,1,0
2020-08-19,US,Louisiana,East Feliciana,658,41,0,30.84425359,-91.04976723,22037.0,3438.724849751764,6.231003039513677,617,647,40,0,607,637,19305,11,1,0,10,10
2020-08-19,US,Louisiana,Evangeline,978,17,0,30.72985248,-92.39915924,22039.0,2928.5821230723163,1.738241308793456,961,968,17,0,951,966,33443,10,0,0,10,2
2020-08-19,US,Louisiana,Franklin,1004,23,0,32.13675181,-91.67589857,22041.0,5016.237821633775,2.2908366533864544,981,998,23,0,975,996,20156,6,0,0,6,2
2020-08-19,US,Louisiana,Grant,363,24,0,31.59882456,-92.56124347,22043.0,1621.3319040600295,6.6115702479338845,339,361,24,0,337,359,22482,2,0,0,2,2
2020-08-19,US,Louisiana,Iberia,2636,79,0,29.86803617,-91.75871777,22045.0,3774.881855935844,2.9969650986342944,2557,2632,79,0,2553,2627,70941,4,0,0,4,5
2020-08-19,US,Louisiana,Iberville,1303,51,0,30.25734305,-91.3499598,22047.0,4007.874257943465,3.914044512663085,1252,1301,51,0,1250,1288,32721,2,0,0,2,13
2020-08-19,US,Louisiana,Jackson,404,19,0,32.30251776,-92.55692092,22049.0,2566.0569105691056,4.702970297029704,385,403,19,0,384,403,15902,1,0,0,1,0
2020-08-19,US,Louisiana,Jefferson,15905,532,0,29.74075478,-90.11115756,22051.0,3677.516167891735,3.3448601068846275,15373,15865,532,0,15333,15815,434051,40,0,0,40,50
2020-08-19,US,Louisiana,Jefferson Davis,1093,31,0,30.26896765,-92.81210004,22053.0,3484.4427441979087,2.8362305580969807,1062,1084,30,0,1054,1080,31582,9,1,0,8,4
2020-08-19,US,Louisiana,LaSalle,352,4,0,31.67884782,-92.15907765,22059.0,2363.6852001074403,1.1363636363636365,348,350,4,0,346,350,14917,2,0,0,2,0
2020-08-19,US,Louisiana,Lafayette,8038,104,0,30.2049055,-92.06959876,22055.0,3289.005278448382,1.2938541925852205,7934,8005,102,0,7903,7976,242782,33,2,0,31,29
2020-08-19,US,Louisiana,Lafourche,3044,106,0,29.52470226,-90.40976986,22057.0,3118.405146802713,3.4822601839684624,2938,3030,105,0,2925,3014,98115,14,1,0,13,16
2020-08-19,US,Louisiana,Lincoln,867,39,0,32.6003154,-92.66597409999999,22061.0,1854.8628642334522,4.498269896193771,828,857,36,0,821,856,47196,10,3,0,7,1
2020-08-19,US,Louisiana,Livingston,3170,59,0,30.44143993,-90.73061664,22063.0,2251.59636051112,1.861198738170347,3111,3146,59,0,3087,3119,139567,24,0,0,24,27
2020-08-19,US,Louisiana,Madison,648,6,0,32.36918118,-91.23973355,22065.0,5917.26782942197,0.925925925925926,642,648,6,0,642,646,11161,0,0,0,0,2
2020-08-19,US,Louisiana,Morehouse,558,14,0,32.81686191,-91.80421614,22067.0,2243.3062635683846,2.508960573476702,544,553,14,0,539,553,25398,5,0,0,5,0
2020-08-19,US,Louisiana,Natchitoches,853,19,0,31.72321584,-93.09816516,22069.0,2235.442109125216,2.2274325908558037,834,851,19,0,832,843,38659,2,0,0,2,8
2020-08-19,US,Louisiana,Orleans,11064,568,0,30.06971951,-89.92660315,22071.0,2835.8759842519685,5.1337671728127265,10496,11039,568,0,10471,11027,391006,25,0,0,25,12
2020-08-19,US,Louisiana,Ouachita,5220,121,0,32.47645559,-92.15704172,22073.0,3405.5545769479186,2.318007662835249,5099,5187,117,0,5070,5161,154475,33,4,0,29,26
2020-08-19,US,Louisiana,Plaquemines,481,19,0,29.42245447,-89.60322085,22075.0,2073.543992757684,3.95010395010395,462,479,19,0,460,478,23410,2,0,0,2,1
2020-08-19,US,Louisiana,Pointe Coupee,861,34,0,30.71409502,-91.60209535,22077.0,3962.264150943396,3.9488966318234615,827,852,33,0,819,850,21940,9,1,0,8,2
2020-08-19,US,Louisiana,Rapides,3522,129,0,31.19778499,-92.52997303,22079.0,2716.586449463162,3.6626916524701874,3393,3499,128,0,3371,3472,130562,23,1,0,22,27
2020-08-19,US,Louisiana,Red River,297,17,0,32.09530039,-93.34213308,22081.0,3518.123667377399,5.723905723905723,280,296,16,0,280,290,8477,1,1,0,0,6
2020-08-19,US,Louisiana,Richland,649,8,0,32.41391005,-91.76634876,22083.0,3225.3255143623896,1.2326656394453004,641,643,8,0,635,642,20192,6,0,0,6,1
2020-08-19,US,Louisiana,Sabine,708,12,0,31.56388699,-93.55433981,22085.0,2964.327583319377,1.6949152542372878,696,703,12,0,691,705,24032,5,0,0,5,-2
2020-08-19,US,Louisiana,St. Bernard,1152,24,0,29.87761636,-89.51887093,22087.0,2438.404876809753,2.083333333333333,1128,1147,24,0,1123,1141,46721,5,0,0,5,6
2020-08-19,US,Louisiana,St. Charles,1559,54,0,29.90709658,-90.35555967,22089.0,2935.969868173258,3.463758819756254,1505,1549,54,0,1495,1545,52879,10,0,0,10,4
2020-08-19,US,Louisiana,St. Helena,298,2,0,30.82210324,-90.71013176,22091.0,2941.1764705882347,0.6711409395973155,296,294,2,0,292,294,10262,4,0,0,4,0
2020-08-19,US,Louisiana,St. James,742,32,0,30.02531716,-90.80212061,22093.0,3517.254455821009,4.31266846361186,710,741,32,0,709,741,21037,1,0,0,1,0
2020-08-19,US,Louisiana,St. John the Baptist,1475,93,0,30.12597499,-90.4753503,22095.0,3443.285010621659,6.305084745762713,1382,1470,93,0,1377,1465,43184,5,0,0,5,5
2020-08-19,US,Louisiana,St. Landry,2950,102,0,30.59724262,-92.00135806,22097.0,3592.12897569529,3.4576271186440684,2848,2925,98,0,2827,2908,82764,25,4,0,21,17
2020-08-19,US,Louisiana,St. Martin,1803,49,0,30.13112107,-91.61403569,22099.0,3374.445546592801,2.717692734331669,1754,1795,49,0,1746,1790,53621,8,0,0,8,5
2020-08-19,US,Louisiana,St. Mary,1694,65,0,29.69262097,-91.44702164,22101.0,3432.7632325524846,3.837072018890201,1629,1689,62,0,1627,1685,49774,5,3,0,2,4
2020-08-19,US,Louisiana,St. Tammany,5658,221,0,30.40942847,-89.95642711,22103.0,2172.6525330333043,3.9059738423471186,5437,5626,221,0,5405,5600,258111,32,0,0,32,26
2020-08-19,US,Louisiana,Tangipahoa,3826,87,0,30.62888673,-90.40664996,22105.0,2839.163537600736,2.273915316257188,3739,3798,85,0,3713,3756,133777,28,2,0,26,42
2020-08-19,US,Louisiana,Tensas,119,0,0,32.00760749,-91.32915234,22107.0,2745.731425934472,0.0,119,117,0,0,117,117,4462,2,0,0,2,0
2020-08-19,US,Louisiana,Terrebonne,3239,90,0,29.37343766,-90.82626855,22109.0,2932.256633562977,2.7786353812905222,3149,3227,90,0,3137,3212,111021,12,0,0,12,15
2020-08-19,US,Louisiana,Unassigned,248,141,0,0.0,0.0,90022.0,0.0,56.854838709677416,107,240,123,0,117,236,,8,18,0,-10,4
2020-08-19,US,Louisiana,Union,762,35,0,32.83121059,-92.3749373,22111.0,3446.716120861226,4.593175853018373,727,756,35,0,721,754,22330,6,0,0,6,2
2020-08-19,US,Louisiana,Vermilion,1753,32,0,29.83517605,-92.30292538,22113.0,2945.673909025222,1.8254420992584144,1721,1737,31,0,1706,1735,59830,16,1,0,15,2
2020-08-19,US,Louisiana,Vernon,843,32,0,31.10884837,-93.18153838,22115.0,1777.3935777688755,3.7959667852906285,811,824,31,0,793,814,48860,19,1,0,18,10
2020-08-19,US,Louisiana,Washington,1354,59,0,30.85288548,-90.03866652,22117.0,2931.116595228817,4.3574593796159515,1295,1346,59,0,1287,1346,46582,8,0,0,8,0
2020-08-19,US,Louisiana,Webster,960,18,0,32.70847669,-93.33121835,22119.0,2503.9123630672925,1.875,942,955,17,0,938,949,38798,5,1,0,4,6
2020-08-19,US,Louisiana,West Baton Rouge,766,37,0,30.46058217,-91.30989571,22121.0,2894.388815416588,4.830287206266319,729,761,37,0,724,757,26427,5,0,0,5,4
2020-08-19,US,Louisiana,West Carroll,313,8,0,32.78550125,-91.461201,22123.0,2890.120036934441,2.5559105431309903,305,312,8,0,304,306,10982,1,0,0,1,6
2020-08-19,US,Louisiana,West Feliciana,454,18,0,30.87882871,-91.41485379999999,22125.0,2916.238437821172,3.9647577092511015,436,414,18,0,396,408,15460,40,0,0,40,6
2020-08-19,US,Louisiana,Winn,499,10,0,31.94449367,-92.63789413,22127.0,3588.8952819332567,2.004008016032064,489,495,10,0,485,492,14134,4,0,0,4,3
2020-08-19,US,Maine,Androscoggin,581,9,0,44.1664747,-70.20380627,23001.0,536.5867174007407,1.5490533562822721,572,581,9,0,572,580,107679,0,0,0,0,1
2020-08-19,US,Maine,Aroostook,33,1,0,46.65926321,-68.59841248,23003.0,49.21333233912461,3.0303030303030303,32,33,1,0,32,33,67111,0,0,0,0,0
2020-08-19,US,Maine,Cumberland,2145,69,0,43.8370751,-70.37226999,23005.0,727.1112497161046,3.2167832167832167,2076,2143,69,0,2074,2130,293557,2,0,0,2,13
2020-08-19,US,Maine,Franklin,47,1,0,44.97330019,-70.44381045,23007.0,155.6342925262426,2.127659574468085,46,47,1,0,46,47,29897,0,0,0,0,0
2020-08-19,US,Maine,Hancock,42,1,0,44.59816444,-68.38401854,23009.0,76.38169021768782,2.380952380952381,41,40,1,0,39,40,54811,2,0,0,2,0
2020-08-19,US,Maine,Kennebec,172,11,0,44.40759555,-69.76738544,23011.0,140.6354761164985,6.395348837209302,161,172,11,0,161,172,122083,0,0,0,0,0
2020-08-19,US,Maine,Knox,28,1,0,44.11486325,-69.10529169,23013.0,70.40128733782561,3.571428571428572,27,28,1,0,27,28,39771,0,0,0,0,0
2020-08-19,US,Maine,Lincoln,35,1,0,44.05996956,-69.54227124,23015.0,101.05676502858464,2.8571428571428568,34,35,1,0,34,35,34342,0,0,0,0,0
2020-08-19,US,Maine,Oxford,60,0,0,44.49952995,-70.75682123,23017.0,103.49288486416559,0.0,60,59,0,0,59,59,57618,1,0,0,1,0
2020-08-19,US,Maine,Penobscot,200,5,0,45.40194593,-68.65020455,23019.0,131.45095564844758,2.5,195,192,5,0,187,191,151096,8,0,0,8,1
2020-08-19,US,Maine,Piscataquis,7,0,0,45.83839062,-69.2860223,23021.0,41.70390229371464,0.0,7,12,0,0,12,12,16800,-5,0,0,-5,0
2020-08-19,US,Maine,Sagadahoc,58,0,0,43.95415864,-69.85074999,23023.0,161.75814368585452,0.0,58,58,0,0,58,58,35634,0,0,0,0,0
2020-08-19,US,Maine,Somerset,41,1,0,45.51229767,-69.95995554,23025.0,81.21384993265194,2.4390243902439024,40,40,1,0,39,40,50592,1,0,0,1,0
2020-08-19,US,Maine,Unassigned,1,0,0,0.0,0.0,90023.0,0.0,0.0,1,1,0,0,1,1,,0,0,0,0,0
2020-08-19,US,Maine,Waldo,64,14,0,44.4858305,-69.12061935,23027.0,161.1481807881153,21.875,50,63,14,0,49,63,39694,1,0,0,1,0
2020-08-19,US,Maine,Washington,15,0,0,45.01607142,-67.62813524,23029.0,47.802670575862855,0.0,15,15,0,0,15,15,31490,0,0,0,0,0
2020-08-19,US,Maine,York,706,13,0,43.47808377,-70.71052375,23031.0,340.0099209693654,1.841359773371105,693,694,13,0,681,693,206229,12,0,0,12,1
2020-08-19,US,Maryland,Allegany,354,19,0,39.62357628,-78.69280486,24001.0,502.7266530334015,5.367231638418079,335,348,19,0,329,343,70975,6,0,0,6,5
2020-08-19,US,Maryland,Anne Arundel,7782,229,0,39.00670238,-76.60329337,24003.0,1343.4984824785836,2.9426882549473143,7553,7734,229,0,7505,7700,576031,48,0,0,48,34
2020-08-19,US,Maryland,Baltimore,14180,581,0,39.45784712,-76.62911955,24005.0,1713.8644137447575,4.097320169252469,13599,14116,576,0,13540,14043,828431,64,5,0,59,73
2020-08-19,US,Maryland,Baltimore City,13643,444,0,39.30211911,-76.61151012,24510.0,2298.775042544946,3.2544161841237265,13199,13566,444,0,13122,13507,621342,77,0,0,77,59
2020-08-19,US,Maryland,Calvert,748,28,0,38.53961642,-76.56820632,24009.0,808.430154012429,3.7433155080213902,720,745,28,0,717,742,92003,3,0,0,3,3
2020-08-19,US,Maryland,Caroline,471,3,0,38.87172293,-75.82904158,24011.0,1409.926360534036,0.6369426751592356,468,468,3,0,465,465,33304,3,0,0,3,3
2020-08-19,US,Maryland,Carroll,1623,119,0,39.56453592,-77.02373735,24013.0,963.5078095780867,7.3321010474430075,1504,1622,119,0,1503,1613,168429,1,0,0,1,9
2020-08-19,US,Maryland,Cecil,739,31,0,39.56647682,-75.94627411,24015.0,718.487190705362,4.194857916102841,708,738,30,0,708,736,102826,1,1,0,0,2
2020-08-19,US,Maryland,Charles,2213,93,0,38.51092331,-76.98580666,24017.0,1355.531462663163,4.20244012652508,2120,2198,93,0,2105,2175,161503,15,0,0,15,23
2020-08-19,US,Maryland,Dorchester,408,5,0,38.45413522,-76.02752426,24019.0,1277.8351968429954,1.2254901960784317,403,407,5,0,402,413,31998,1,0,0,1,-6
2020-08-19,US,Maryland,Frederick,3267,121,0,39.47296601,-77.39999394,24021.0,1258.7315592166347,3.703703703703704,3146,3247,121,0,3126,3231,255648,20,0,0,20,16
2020-08-19,US,Maryland,Garrett,59,0,0,39.52786077,-79.27355126,24023.0,203.35010684497138,0.0,59,58,0,0,58,58,29163,1,0,0,1,0
2020-08-19,US,Maryland,Harford,2202,69,0,39.55010644,-76.30775940000002,24025.0,862.0385920819289,3.1335149863760217,2133,2183,69,0,2114,2167,253956,19,0,0,19,16
2020-08-19,US,Maryland,Howard,4125,117,0,39.25305293,-76.93126208,24027.0,1266.5418035555285,2.8363636363636364,4008,4111,117,0,3994,4089,323196,14,0,0,14,22
2020-08-19,US,Maryland,Kent,251,23,0,39.24976208,-76.04741541,24029.0,1292.3488827103286,9.163346613545816,228,249,23,0,226,246,19383,2,0,0,2,3
2020-08-19,US,Maryland,Montgomery,19180,814,0,39.13676329,-77.20358245,24031.0,1825.470548821344,4.24400417101147,18366,19127,812,0,18315,19071,1052567,53,2,0,51,56
2020-08-19,US,Maryland,Prince George's,24949,769,0,38.83070039,-76.8496441,24033.0,2743.6774669618303,3.0822878672491885,24180,24888,769,0,24119,24719,909308,61,0,0,61,169
2020-08-19,US,Maryland,Queen Anne's,495,26,0,39.06198912,-76.03530977,24035.0,982.5132490422976,5.252525252525253,469,493,26,0,467,487,50251,2,0,0,2,6
2020-08-19,US,Maryland,Somerset,159,3,0,38.1163542,-75.75118623,24039.0,620.7058088694566,1.8867924528301887,156,155,3,0,152,154,25675,4,0,0,4,1
2020-08-19,US,Maryland,St. Mary's,1064,52,0,38.30058422,-76.60629279999998,24037.0,937.3623469297861,4.887218045112782,1012,1064,52,0,1012,1061,112664,0,0,0,0,3
2020-08-19,US,Maryland,Talbot,425,4,0,38.76618159,-76.10882561,24041.0,1143.0569376832252,0.9411764705882352,421,424,4,0,420,421,36968,1,0,0,1,3
2020-08-19,US,Maryland,Unassigned,0,13,0,0.0,0.0,90024.0,0.0,0.0,-13,0,12,0,-12,0,,0,1,0,-1,0
2020-08-19,US,Maryland,Washington,1160,31,0,39.60835778,-77.82002295,24043.0,767.9627140861577,2.6724137931034484,1129,1148,31,0,1117,1138,150926,12,0,0,12,10
2020-08-19,US,Maryland,Wicomico,1415,45,0,38.37301947,-75.62705831,24045.0,1365.7114729415398,3.180212014134276,1370,1410,45,0,1365,1405,103195,5,0,0,5,5
2020-08-19,US,Maryland,Worcester,737,22,0,38.21274277,-75.33200012,24047.0,1409.8247761879254,2.985074626865672,715,736,20,0,716,731,51823,1,2,0,-1,5
2020-08-19,US,Massachusetts,Barnstable,1803,158,0,41.72980578,-70.28854339,25001.0,846.51861589746,8.763172490293954,1645,1803,158,0,1645,1803,213413,0,0,0,0,0
2020-08-19,US,Massachusetts,Berkshire,667,46,0,42.37428441,-73.20524838,25003.0,533.8391599436547,6.896551724137932,621,667,46,0,621,667,126348,0,0,0,0,0
2020-08-19,US,Massachusetts,Bristol,9408,637,0,41.79228404,-71.10872211,25005.0,1664.4934600339334,6.770833333333332,8771,9408,637,0,8771,9408,564022,0,0,0,0,0
2020-08-19,US,Massachusetts,Dukes and Nantucket,103,1,0,41.40674725,-70.68763497,0.0,358.49778984372284,0.9708737864077671,102,103,1,0,102,103,26707,0,0,0,0,0
2020-08-19,US,Massachusetts,Essex,17930,1194,0,42.6687626,-70.94687179,25009.0,2272.3989080318465,6.659230340211935,16736,17930,1194,0,16736,17930,790638,0,0,0,0,0
2020-08-19,US,Massachusetts,Franklin,411,61,0,42.58119713,-72.58602547,25011.0,585.6369335993161,14.841849148418493,350,411,61,0,350,411,70963,0,0,0,0,0
2020-08-19,US,Massachusetts,Hampden,7637,709,0,42.13440424,-72.63235561,25013.0,1637.5339857452848,9.283750163676837,6928,7637,709,0,6928,7637,470406,0,0,0,0,0
2020-08-19,US,Massachusetts,Hampshire,1184,130,0,42.33997957,-72.65898478,25015.0,736.1810607473732,10.979729729729732,1054,1184,130,0,1054,1184,161355,0,0,0,0,0
2020-08-19,US,Massachusetts,Middlesex,26565,2006,0,42.48607732,-71.39049229,25017.0,1648.26062434735,7.551289290419725,24559,26565,2006,0,24559,26565,1614714,0,0,0,0,0
2020-08-19,US,Massachusetts,Norfolk,10682,997,0,42.16073095,-71.20530408,25021.0,1511.3720773937955,9.333458153903763,9685,10682,997,0,9685,10682,705388,0,0,0,0,0
2020-08-19,US,Massachusetts,Plymouth,9288,723,0,41.94070556,-70.80802823,25023.0,1782.034604625462,7.784237726098191,8565,9288,723,0,8565,9288,518132,0,0,0,0,0
2020-08-19,US,Massachusetts,Suffolk,22017,1076,0,42.327951399999996,-71.07850442,25025.0,2738.749631487224,4.8871326702093825,20941,22017,1076,0,20941,22017,807252,0,0,0,0,0
2020-08-19,US,Massachusetts,Unassigned,3034,131,0,0.0,0.0,90025.0,0.0,4.317732366512853,2903,2682,103,0,2579,2460,,352,28,0,324,222
2020-08-19,US,Massachusetts,Worcester,13686,1007,0,42.35026951,-71.90493363,25027.0,1647.6808945585356,7.3578839690194355,12679,13686,1007,0,12679,13686,830839,0,0,0,0,0
2020-08-19,US,Michigan,Alcona,29,1,0,44.6846864,-83.59507875,26001.0,278.71215761653053,3.4482758620689653,28,29,1,0,28,29,10362,0,0,0,0,0
2020-08-19,US,Michigan,Alger,17,0,0,46.41292944,-86.60260122,26003.0,186.649099692578,0.0,17,17,0,0,17,17,9097,0,0,0,0,0
2020-08-19,US,Michigan,Allegan,573,6,0,42.59147037,-85.89102866,26005.0,485.2601180545558,1.0471204188481675,567,573,6,0,567,572,117327,0,0,0,0,1
2020-08-19,US,Michigan,Alpena,130,14,0,45.03477666,-83.62212411,26007.0,457.6659038901602,10.769230769230768,116,130,14,0,116,130,28360,0,0,0,0,0
2020-08-19,US,Michigan,Antrim,45,0,0,44.99690221,-85.15503082,26009.0,192.9343165837764,0.0,45,43,0,0,43,43,23365,2,0,0,2,0
2020-08-19,US,Michigan,Arenac,49,3,0,44.0636262,-83.89277559,26011.0,329.23469730565074,6.1224489795918355,46,49,3,0,46,49,15041,0,0,0,0,0
2020-08-19,US,Michigan,Baraga,8,0,0,46.6720582,-88.36363591,26013.0,97.45401388719698,0.0,8,6,0,0,6,5,8320,2,0,0,2,1
2020-08-19,US,Michigan,Barry,199,2,0,42.59513984,-85.30834519,26015.0,323.3143785540211,1.0050251256281406,197,198,2,0,196,200,61157,1,0,0,1,-2
2020-08-19,US,Michigan,Bay,734,36,0,43.70639106,-83.98731479,26017.0,711.7506739328587,4.9046321525885554,698,723,35,0,688,712,103923,11,1,0,10,11
2020-08-19,US,Michigan,Benzie,40,1,0,44.63899297,-86.01608482,26019.0,225.1491613193741,2.5,39,37,1,0,36,35,17753,3,0,0,3,2
2020-08-19,US,Michigan,Berrien,1486,69,0,41.95447397,-86.41313079999998,26021.0,968.7029419625688,4.6433378196500685,1417,1472,69,0,1403,1467,154141,14,0,0,14,5
2020-08-19,US,Michigan,Branch,388,2,0,41.91600556,-85.05929476,26023.0,891.6055794287289,0.5154639175257731,386,387,2,0,385,383,43622,1,0,0,1,4
2020-08-19,US,Michigan,Calhoun,862,43,0,42.24633834,-85.00493569,26025.0,642.5211875461208,4.9883990719257545,819,853,43,0,810,849,134487,9,0,0,9,4
2020-08-19,US,Michigan,Cass,370,15,0,41.91522292,-85.99405727,26027.0,714.4650201788094,4.0540540540540535,355,369,15,0,354,363,51653,1,0,0,1,6
2020-08-19,US,Michigan,Charlevoix,58,2,0,45.37790017,-85.19614053,26029.0,221.85671116551282,3.4482758620689653,56,58,2,0,56,58,26244,0,0,0,0,0
2020-08-19,US,Michigan,Cheboygan,58,2,0,45.44787015,-84.50122149,26031.0,229.4666877670517,3.4482758620689653,56,57,2,0,55,57,25413,1,0,0,1,0
2020-08-19,US,Michigan,Chippewa,48,0,0,46.29552653,-84.54353449,26033.0,128.51749712174356,0.0,48,47,0,0,47,44,37517,1,0,0,1,3
2020-08-19,US,Michigan,Clare,88,3,0,43.98794227,-84.84819859999998,26035.0,284.32956381260095,3.4090909090909087,85,88,3,0,85,84,30757,0,0,0,0,4
2020-08-19,US,Michigan,Clinton,441,13,0,42.94400871,-84.60145248,26037.0,554.0549029461648,2.947845804988662,428,443,13,0,430,440,79332,-2,0,0,-2,3
2020-08-19,US,Michigan,Crawford,111,5,0,44.68255561,-84.61006219,26039.0,791.2181908902986,4.504504504504505,106,111,5,0,106,110,13901,0,0,0,0,1
2020-08-19,US,Michigan,Delta,122,3,0,45.90484910000001,-86.9080745,26041.0,340.9344958640733,2.459016393442623,119,116,3,0,113,116,35857,6,0,0,6,0
2020-08-19,US,Michigan,Dickinson,60,2,0,46.00999672,-87.86961634,26043.0,237.72732675621063,3.333333333333333,58,60,2,0,58,59,25383,0,0,0,0,1
2020-08-19,US,Michigan,Eaton,480,8,0,42.59599185,-84.83740035,26045.0,435.3030797692894,1.6666666666666667,472,476,8,0,468,474,109826,4,0,0,4,2
2020-08-19,US,Michigan,Emmet,88,2,0,45.52625509,-84.89083249,26047.0,263.35478078707166,2.272727272727273,86,85,2,0,83,79,33308,3,0,0,3,6
2020-08-19,US,Michigan,Federal Correctional Institution (FCI),195,5,0,0.0,0.0,0.0,0.0,2.5641025641025643,190,195,5,0,190,195,,0,0,0,0,0
2020-08-19,US,Michigan,Genesee,3787,299,0,43.02244215,-83.70589709,26049.0,933.1884390100861,7.895431740163717,3488,3771,298,0,3473,3758,406892,16,1,0,15,13
2020-08-19,US,Michigan,Gladwin,70,2,0,43.98901072,-84.38774817,26051.0,275.05992376910683,2.8571428571428568,68,70,2,0,68,68,25337,0,0,0,0,2
2020-08-19,US,Michigan,Gogebic,137,1,0,46.40862701,-89.69377193,26053.0,980.3220035778177,0.7299270072992701,136,137,1,0,136,135,15096,0,0,0,0,2
2020-08-19,US,Michigan,Grand Traverse,249,5,0,44.69565625,-85.55585247,26055.0,267.488827775868,2.0080321285140563,244,245,5,0,240,245,92573,4,0,0,4,0
2020-08-19,US,Michigan,Gratiot,168,15,0,43.29265605,-84.60505416,26057.0,412.6648817272973,8.928571428571429,153,168,15,0,153,166,40599,0,0,0,0,2
2020-08-19,US,Michigan,Hillsdale,283,25,0,41.88753639,-84.59312019,26059.0,620.5459927639513,8.8339222614841,258,283,25,0,258,283,45749,0,0,0,0,0
2020-08-19,US,Michigan,Houghton,56,0,0,46.89988536,-88.68495385,26061.0,156.93307925120502,0.0,56,55,0,0,55,55,36219,1,0,0,1,0
2020-08-19,US,Michigan,Huron,182,4,0,43.83353985,-83.04078453,26063.0,587.4568283786838,2.1978021978021984,178,178,4,0,174,176,31166,4,0,0,4,2
2020-08-19,US,Michigan,Ingham,1652,35,0,42.59716886,-84.37472069,26065.0,564.9678871158594,2.1186440677966103,1617,1640,33,0,1607,1641,292735,12,2,0,10,-1
2020-08-19,US,Michigan,Ionia,281,7,0,42.94502238,-85.07413319,26067.0,434.33234925885284,2.491103202846975,274,277,7,0,270,277,64210,4,0,0,4,0
2020-08-19,US,Michigan,Iosco,138,12,0,44.35486835,-83.63484895,26069.0,549.2100131332828,8.695652173913043,126,138,12,0,126,136,25081,0,0,0,0,2
2020-08-19,US,Michigan,Iron,23,1,0,46.20974132,-88.53136251,26071.0,207.84384601482017,4.3478260869565215,22,23,1,0,22,24,11117,0,0,0,0,-1
2020-08-19,US,Michigan,Isabella,231,9,0,43.64060976,-84.84664923,26073.0,330.6045340050378,3.8961038961038965,222,228,9,0,219,227,70562,3,0,0,3,1
2020-08-19,US,Michigan,Jackson,750,36,0,42.24807035,-84.42258681,26075.0,473.15626774336005,4.8,714,748,36,0,712,745,158823,2,0,0,2,3
2020-08-19,US,Michigan,Kalamazoo,1779,87,0,42.24542231,-85.53038622,26077.0,671.153599480884,4.8903878583473865,1692,1765,86,0,1679,1754,264870,14,1,0,13,11
2020-08-19,US,Michigan,Kalkaska,58,4,0,44.68512729,-85.09085699,26079.0,321.54340836012864,6.896551724137932,54,56,4,0,52,56,17824,2,0,0,2,0
2020-08-19,US,Michigan,Kent,7875,158,0,43.03197711,-85.54934642,26081.0,1198.7122405644222,2.0063492063492063,7717,7843,158,0,7685,7802,653786,32,0,0,32,41
2020-08-19,US,Michigan,Keweenaw,2,0,0,47.63197653,-88.41434263,26083.0,94.5179584120983,0.0,2,2,0,0,2,3,2113,0,0,0,0,-1
2020-08-19,US,Michigan,Lake,29,0,0,43.99050893,-85.802173,26085.0,244.6637981945499,0.0,29,29,0,0,29,28,11881,0,0,0,0,1
2020-08-19,US,Michigan,Lapeer,508,34,0,43.09052506,-83.22153148,26087.0,579.8623397673701,6.692913385826771,474,508,33,0,475,506,88028,0,1,0,-1,2
2020-08-19,US,Michigan,Leelanau,80,0,0,44.94430054,-85.80150326,26089.0,367.6301640549607,0.0,80,76,0,0,76,76,21764,4,0,0,4,0
2020-08-19,US,Michigan,Lenawee,483,13,0,41.89475156,-84.06603727,26091.0,490.59938446536864,2.691511387163561,470,478,13,0,465,476,98266,5,0,0,5,2
2020-08-19,US,Michigan,Livingston,951,29,0,42.60302282,-83.91297209,26093.0,495.32539909893484,3.0494216614090432,922,935,29,0,906,923,191224,16,0,0,16,12
2020-08-19,US,Michigan,Luce,4,0,0,46.47227431,-85.54471223,26095.0,64.21576497030021,0.0,4,4,0,0,4,4,6283,0,0,0,0,0
2020-08-19,US,Michigan,Mackinac,28,0,0,46.07028979,-85.04980537,26097.0,259.28326696916383,0.0,28,28,0,0,28,27,10787,0,0,0,0,1
2020-08-19,US,Michigan,Macomb,11621,956,0,42.69158356,-82.92752801,26099.0,1329.676465607594,8.226486533000603,10665,11484,956,0,10528,11405,874759,137,0,0,137,79
2020-08-19,US,Michigan,Manistee,43,1,0,44.33352407,-86.05626916,26101.0,175.09569183158237,2.3255813953488373,42,43,1,0,42,43,24528,0,0,0,0,0
2020-08-19,US,Michigan,Marquette,217,11,0,46.4338914,-87.64043701,26103.0,325.3422090286212,5.0691244239631335,206,210,11,0,199,196,66516,7,0,0,7,14
2020-08-19,US,Michigan,Mason,107,0,0,43.99509218,-86.24988902,26105.0,367.1424650013725,0.0,107,107,0,0,107,107,29100,0,0,0,0,0
2020-08-19,US,Michigan,Mecosta,76,2,0,43.64064262,-85.32463223,26107.0,174.90161783996498,2.631578947368421,74,76,2,0,74,74,43545,0,0,0,0,2
2020-08-19,US,Michigan,Menominee,207,0,0,45.58038692,-87.55370409,26109.0,908.6918349429325,0.0,207,196,0,0,196,182,22983,11,0,0,11,14
2020-08-19,US,Michigan,Michigan Department of Corrections (MDOC),4904,69,0,0.0,0.0,0.0,0.0,1.4070146818923328,4835,4901,69,0,4832,4899,,3,0,0,3,2
2020-08-19,US,Michigan,Midland,365,10,0,43.64330771,-84.38804374,26111.0,438.9340516619366,2.7397260273972597,355,362,10,0,352,360,83209,3,0,0,3,2
2020-08-19,US,Michigan,Missaukee,42,1,0,44.33772443,-85.09256478,26113.0,277.81452573091684,2.380952380952381,41,42,1,0,41,42,15113,0,0,0,0,0
2020-08-19,US,Michigan,Monroe,1115,24,0,41.92734151,-83.53749864,26115.0,740.8637873754152,2.1524663677130045,1091,1094,24,0,1070,1074,150439,21,0,0,21,20
2020-08-19,US,Michigan,Montcalm,207,3,0,43.31082541,-85.15252824,26117.0,324.0045078888054,1.4492753623188406,204,207,3,0,204,204,63968,0,0,0,0,3
2020-08-19,US,Michigan,Montmorency,10,0,0,45.0275929,-84.12696227,26119.0,107.2041166380789,0.0,10,8,0,0,8,8,9265,2,0,0,2,0
2020-08-19,US,Michigan,Muskegon,1248,63,0,43.29123859,-86.15176712,26121.0,719.0348340112695,5.0480769230769225,1185,1238,63,0,1175,1227,173588,10,0,0,10,11
2020-08-19,US,Michigan,Newaygo,271,0,0,43.554373999999996,-85.80070107,26123.0,553.2870559412005,0.0,271,275,0,0,275,268,48892,-4,0,0,-4,7
2020-08-19,US,Michigan,Oakland,16794,1144,0,42.66090111,-83.38595416,26125.0,1335.4177534065316,6.811956651184947,15650,16639,1144,0,15495,16547,1259201,155,0,0,155,92
2020-08-19,US,Michigan,Oceana,489,6,0,43.64124435,-86.26726673,26127.0,1847.583783579552,1.2269938650306749,483,490,6,0,484,488,26625,-1,0,0,-1,2
2020-08-19,US,Michigan,Ogemaw,54,3,0,44.33481032,-84.12725175,26129.0,257.17959708529787,5.5555555555555545,51,54,3,0,51,55,20952,0,0,0,0,-1
2020-08-19,US,Michigan,Ontonagon,30,0,0,46.665226200000006,-89.31390481,26131.0,524.4755244755245,0.0,30,30,0,0,30,29,5795,0,0,0,0,1
2020-08-19,US,Michigan,Osceola,71,0,0,43.98992088,-85.32566756,26133.0,302.64279624893436,0.0,71,71,0,0,71,71,23341,0,0,0,0,0
2020-08-19,US,Michigan,Oscoda,29,1,0,44.68192279,-84.12939244,26135.0,351.8990413784735,3.4482758620689653,28,29,1,0,28,27,8276,0,0,0,0,2
2020-08-19,US,Michigan,Otsego,136,11,0,45.02085831,-84.59898295,26137.0,551.3215501864763,8.088235294117647,125,136,11,0,125,136,24665,0,0,0,0,0
2020-08-19,US,Michigan,Ottawa,1956,60,0,42.95996803,-85.9969107,26139.0,670.2532296199843,3.0674846625766867,1896,1943,59,0,1884,1930,290494,13,1,0,12,13
2020-08-19,US,Michigan,Out of MI,97,1,0,0.0,0.0,80026.0,0.0,1.0309278350515465,96,128,1,0,127,128,,-31,0,0,-31,0
2020-08-19,US,Michigan,Presque Isle,21,1,0,45.34018577,-83.91498656,26141.0,166.77255400254128,4.761904761904762,20,21,1,0,20,21,12738,0,0,0,0,0
2020-08-19,US,Michigan,Roscommon,60,3,0,44.33473082,-84.61067651,26143.0,249.8022398934177,5.0,57,59,2,0,57,58,23884,1,1,0,0,1
2020-08-19,US,Michigan,Saginaw,2233,129,0,43.33433923,-84.05131209999998,26145.0,1171.9385532620618,5.7769816390506055,2104,2211,128,0,2083,2188,190800,22,1,0,21,23
2020-08-19,US,Michigan,Sanilac,117,6,0,43.42406072,-82.82055898,26151.0,284.187515180957,5.128205128205129,111,117,6,0,111,117,41182,0,0,0,0,0
2020-08-19,US,Michigan,Schoolcraft,14,0,0,46.19235734,-86.19972234,26153.0,172.96763034346432,0.0,14,14,0,0,14,13,8068,0,0,0,0,1
2020-08-19,US,Michigan,Shiawassee,363,29,0,42.95392800000001,-84.14585902,26155.0,532.867502422125,7.988980716253443,334,361,29,0,332,354,68192,2,0,0,2,7
2020-08-19,US,Michigan,St. Clair,857,53,0,42.92655373,-82.67937954,26147.0,538.5601528329395,6.18436406067678,804,847,53,0,794,842,159337,10,0,0,10,5
2020-08-19,US,Michigan,St. Joseph,641,10,0,41.91441767,-85.52797979,26149.0,1051.4401942129782,1.5600624024960998,631,636,10,0,626,637,61043,5,0,0,5,-1
2020-08-19,US,Michigan,Tuscola,392,29,0,43.46606813,-83.41897025,26157.0,750.3110345487606,7.397959183673469,363,391,29,0,362,386,52516,1,0,0,1,5
2020-08-19,US,Michigan,Unassigned,5,0,0,0.0,0.0,90026.0,0.0,0.0,5,23,1,0,22,15,,-18,-1,0,-17,8
2020-08-19,US,Michigan,Van Buren,527,13,0,42.25190229,-86.01939087,26159.0,696.3806704811238,2.4667931688804554,514,514,13,0,501,509,75448,13,0,0,13,5
2020-08-19,US,Michigan,Washtenaw,2696,115,0,42.253105,-83.83853204,26161.0,733.4038808381914,4.265578635014837,2581,2669,115,0,2554,2657,370963,27,0,0,27,12
2020-08-19,US,Michigan,Wayne,29517,2847,0,42.28098405,-83.281255,26163.0,1687.3191821157998,9.645289155401972,26670,29394,2845,0,26549,29217,1753893,123,2,0,121,177
2020-08-19,US,Michigan,Wexford,76,4,0,44.33853602,-85.57712739,26165.0,225.9819809104695,5.2631578947368425,72,75,4,0,71,74,33466,1,0,0,1,1
2020-08-19,US,Minnesota,Aitkin,44,1,0,46.60962049,-93.41168259999999,27001.0,276.97343572957317,2.272727272727273,43,44,1,0,43,44,15902,0,0,0,0,0
2020-08-19,US,Minnesota,Anoka,4149,116,0,45.27476015,-93.24604565,27003.0,1162.4421090381345,2.79585442275247,4033,4096,116,0,3980,4064,353813,53,0,0,53,32
2020-08-19,US,Minnesota,Becker,168,1,0,46.93479392,-95.67158144,27005.0,488.0457833425327,0.5952380952380952,167,167,1,0,166,166,34371,1,0,0,1,1
2020-08-19,US,Minnesota,Beltrami,281,1,0,47.97373527,-94.93732139,27007.0,595.4903789098922,0.3558718861209965,280,279,1,0,278,275,46847,2,0,0,2,4
2020-08-19,US,Minnesota,Benton,340,3,0,45.69804958,-93.99514135,27009.0,831.5194795666316,0.8823529411764706,337,338,3,0,335,332,40545,2,0,0,2,6
2020-08-19,US,Minnesota,Big Stone,28,0,0,45.42712824,-96.41403739,27011.0,561.0098176718093,0.0,28,26,0,0,26,25,4989,2,0,0,2,1
2020-08-19,US,Minnesota,Blue Earth,1007,5,0,44.03554215,-94.06699781,27013.0,1488.4779684566834,0.4965243296921549,1002,998,5,0,993,994,67427,9,0,0,9,4
2020-08-19,US,Minnesota,Brown,101,2,0,44.24205652,-94.72562874,27015.0,403.87076135636596,1.98019801980198,99,99,2,0,97,99,25111,2,0,0,2,0
2020-08-19,US,Minnesota,Carlton,160,1,0,46.59180601,-92.67601019,27017.0,446.0427643500322,0.625,159,158,1,0,157,158,35837,2,0,0,2,0
2020-08-19,US,Minnesota,Carver,987,4,0,44.82017001,-93.80099179999999,27019.0,939.2039128738496,0.4052684903748733,983,973,4,0,969,964,103551,14,0,0,14,9
2020-08-19,US,Minnesota,Cass,84,3,0,46.95043611,-94.32603968,27021.0,282.077974411498,3.571428571428572,81,83,3,0,80,81,29519,1,0,0,1,2
2020-08-19,US,Minnesota,Chippewa,126,1,0,45.02343421,-95.56403693,27023.0,1067.7966101694915,0.7936507936507936,125,126,1,0,125,124,11924,0,0,0,0,2
2020-08-19,US,Minnesota,Chisago,233,1,0,45.5021011,-92.90861945,27025.0,411.813570405981,0.4291845493562232,232,227,1,0,226,221,55922,6,0,0,6,6
2020-08-19,US,Minnesota,Clay,802,40,0,46.89289518,-96.48761922,27027.0,1248.7932484195446,4.9875311720698265,762,799,40,0,759,799,63955,3,0,0,3,0
2020-08-19,US,Minnesota,Clearwater,15,0,0,47.57992111,-95.37790562,27029.0,170.10660013608532,0.0,15,14,0,0,14,14,8810,1,0,0,1,0
2020-08-19,US,Minnesota,Cook,6,0,0,47.90504893,-90.52629546,27031.0,109.82976386600771,0.0,6,6,0,0,6,6,5393,0,0,0,0,0
2020-08-19,US,Minnesota,Cottonwood,188,0,0,44.00715262,-95.18138802,27033.0,1679.1711325473386,0.0,188,188,0,0,188,187,11277,0,0,0,0,1
2020-08-19,US,Minnesota,Crow Wing,275,14,0,46.48096553,-94.06755609,27035.0,422.7192375682115,5.090909090909091,261,272,14,0,258,271,64889,3,0,0,3,1
2020-08-19,US,Minnesota,Dakota,4992,108,0,44.67172617,-93.06299363,27037.0,1163.5794052039412,2.1634615384615383,4884,4921,106,0,4815,4881,425423,71,2,0,69,40
2020-08-19,US,Minnesota,Dodge,142,0,0,44.02238415,-92.86244324,27039.0,678.3223464220885,0.0,142,141,0,0,141,137,20822,1,0,0,1,4
2020-08-19,US,Minnesota,Douglas,147,1,0,45.93348491,-95.45335469,27041.0,385.4120238064026,0.6802721088435374,146,147,1,0,146,147,37964,0,0,0,0,0
2020-08-19,US,Minnesota,Faribault,96,0,0,43.67381499,-93.94787458,27043.0,703.1421665568007,0.0,96,96,0,0,96,96,13758,0,0,0,0,0
2020-08-19,US,Minnesota,Fillmore,78,0,0,43.67394126,-92.08980382,27045.0,370.2473062135092,0.0,78,77,0,0,77,76,21058,1,0,0,1,1
2020-08-19,US,Minnesota,Freeborn,375,1,0,43.67385583,-93.34884422,27047.0,1238.4003170304813,0.26666666666666666,374,374,1,0,373,370,30444,1,0,0,1,4
2020-08-19,US,Minnesota,Goodhue,223,9,0,44.40849741,-92.72341949999999,27049.0,481.22572291756586,4.035874439461884,214,217,9,0,208,215,46403,6,0,0,6,2
2020-08-19,US,Minnesota,Grant,55,4,0,45.93424769,-96.01139609,27051.0,920.9645010046886,7.272727272727272,51,57,4,0,53,57,6021,-2,0,0,-2,0
2020-08-19,US,Minnesota,Hennepin,20853,855,0,45.00761521,-93.47694895,27053.0,1647.3606916497542,4.100129477772982,19998,20722,851,0,19871,20625,1259428,131,4,0,127,97
2020-08-19,US,Minnesota,Houston,63,0,0,43.67129565,-91.49143057,27055.0,338.7096774193548,0.0,63,60,0,0,60,59,18578,3,0,0,3,1
2020-08-19,US,Minnesota,Hubbard,37,0,0,47.10778564,-94.91693868,27057.0,172.16509236424545,0.0,37,37,0,0,37,37,21332,0,0,0,0,0
2020-08-19,US,Minnesota,Isanti,151,0,0,45.56181234,-93.29487636,27059.0,371.95782835747366,0.0,151,148,0,0,148,148,39966,3,0,0,3,0
2020-08-19,US,Minnesota,Itasca,151,12,0,47.51009045,-93.63092229,27061.0,334.58896521161086,7.947019867549669,139,150,12,0,138,148,45108,1,0,0,1,2
2020-08-19,US,Minnesota,Jackson,85,0,0,43.67423373,-95.15398258,27063.0,863.2947389802965,0.0,85,85,0,0,85,84,9911,0,0,0,0,1
2020-08-19,US,Minnesota,Kanabec,46,4,0,45.9459309,-93.29275192,27065.0,281.5694435942952,8.695652173913043,42,45,3,0,42,43,16207,1,1,0,0,2
2020-08-19,US,Minnesota,Kandiyohi,745,1,0,45.1526059,-95.00586446,27067.0,1724.576957799949,0.1342281879194631,744,742,1,0,741,739,42855,3,0,0,3,3
2020-08-19,US,Minnesota,Kittson,3,0,0,48.77754106,-96.78317184,27069.0,69.79990693345742,0.0,3,3,0,0,3,3,4248,0,0,0,0,0
2020-08-19,US,Minnesota,Koochiching,84,3,0,48.24539665,-93.78352843,27071.0,686.89181453921,3.571428571428572,81,84,3,0,81,84,12440,0,0,0,0,0
2020-08-19,US,Minnesota,Lac qui Parle,10,0,0,44.9973857,-96.17488219,27073.0,150.98897780462028,0.0,10,10,0,0,10,10,6658,0,0,0,0,0
2020-08-19,US,Minnesota,Lake,25,0,0,47.64270764,-91.44557998,27075.0,234.9403251574101,0.0,25,25,0,0,25,25,10658,0,0,0,0,0
2020-08-19,US,Minnesota,Lake of the Woods,7,0,0,48.77217001,-94.90274472,27077.0,187.16577540106945,0.0,7,7,0,0,7,7,3758,0,0,0,0,0
2020-08-19,US,Minnesota,Le Sueur,263,2,0,44.37136597,-93.72844721,27079.0,910.4441444248278,0.7604562737642585,261,259,2,0,257,255,28494,4,0,0,4,4
2020-08-19,US,Minnesota,Lincoln,61,0,0,44.41311883,-96.26688165,27081.0,1081.752083702784,0.0,61,61,0,0,61,61,5673,0,0,0,0,0
2020-08-19,US,Minnesota,Lyon,434,3,0,44.41327865,-95.83806103,27083.0,1703.6978880427102,0.6912442396313364,431,432,3,0,429,432,25629,2,0,0,2,0
2020-08-19,US,Minnesota,Mahnomen,30,1,0,47.32557075,-95.80921485,27087.0,542.7899402931066,3.333333333333333,29,29,1,0,28,28,5519,1,0,0,1,1
2020-08-19,US,Minnesota,Marshall,30,0,0,48.35825983,-96.37017407,27089.0,321.3367609254499,0.0,30,30,0,0,30,30,9390,0,0,0,0,0
2020-08-19,US,Minnesota,Martin,212,6,0,43.67429718,-94.55099908,27091.0,1077.0715846161663,2.830188679245283,206,212,6,0,206,212,19785,0,0,0,0,0
2020-08-19,US,Minnesota,McLeod,279,2,0,44.82367677,-94.27287017,27085.0,777.3103390633272,0.7168458781362007,277,278,0,0,278,271,35873,1,2,0,-1,7
2020-08-19,US,Minnesota,Meeker,91,2,0,45.12328869,-94.52839455,27093.0,391.86977865816897,2.1978021978021984,89,91,2,0,89,90,23141,0,0,0,0,1
2020-08-19,US,Minnesota,Mille Lacs,82,3,0,45.93705297,-93.63236823,27095.0,312.05997640522133,3.6585365853658534,79,79,3,0,76,79,26139,3,0,0,3,0
2020-08-19,US,Minnesota,Morrison,103,1,0,46.01265363,-94.27341528,27097.0,308.51255017073026,0.9708737864077671,102,102,1,0,101,104,33169,1,0,0,1,-2
2020-08-19,US,Minnesota,Mower,1134,3,0,43.67142874,-92.75234549,27099.0,2830.612550546652,0.2645502645502645,1131,1128,3,0,1125,1126,40011,6,0,0,6,2
2020-08-19,US,Minnesota,Murray,131,1,0,44.02216709,-95.76328482,27101.0,1598.7307786185013,0.7633587786259542,130,130,1,0,129,129,8276,1,0,0,1,1
2020-08-19,US,Minnesota,Nicollet,386,13,0,44.35291112,-94.24710352,27103.0,1126.2181245258796,3.3678756476683938,373,384,13,0,371,378,34220,2,0,0,2,6
2020-08-19,US,Minnesota,Nobles,1803,11,0,43.67434621,-95.75329576,27105.0,8336.030329650008,0.6100942872989462,1792,1801,11,0,1790,1799,21924,2,0,0,2,2
2020-08-19,US,Minnesota,Norman,43,0,0,47.32628443,-96.45620947,27107.0,674.5098039215686,0.0,43,43,0,0,43,43,6475,0,0,0,0,0
2020-08-19,US,Minnesota,Olmsted,1866,24,0,44.00374114,-92.40209944,27109.0,1178.8266063565666,1.2861736334405145,1842,1851,23,0,1828,1843,156277,15,1,0,14,8
2020-08-19,US,Minnesota,Otter Tail,227,4,0,46.40846929,-95.70835255,27111.0,386.4092874408471,1.7621145374449338,223,227,4,0,223,223,58812,0,0,0,0,4
2020-08-19,US,Minnesota,Pennington,74,1,0,48.06642577,-96.0370814,27113.0,524.1164388412777,1.351351351351351,73,75,1,0,74,75,14178,-1,0,0,-1,0
2020-08-19,US,Minnesota,Pine,132,0,0,46.12105238,-92.74070188,27115.0,446.26255113425066,0.0,132,132,0,0,132,133,29483,0,0,0,0,-1
2020-08-19,US,Minnesota,Pipestone,165,9,0,44.02301619,-96.25841142,27117.0,1808.0210387902691,5.454545454545454,156,165,9,0,156,164,9047,0,0,0,0,1
2020-08-19,US,Minnesota,Polk,168,4,0,47.77372465,-96.40134647,27119.0,535.6459635250607,2.380952380952381,164,161,4,0,157,161,31529,7,0,0,7,0
2020-08-19,US,Minnesota,Pope,52,0,0,45.58606667,-95.44451209,27121.0,462.2633122944262,0.0,52,49,0,0,49,48,11097,3,0,0,3,1
2020-08-19,US,Minnesota,Ramsey,8234,279,0,45.01625271,-93.09872295,27123.0,1496.2176620554185,3.388389604080641,7955,8170,275,0,7895,8132,550210,64,4,0,60,38
2020-08-19,US,Minnesota,Red Lake,26,0,0,47.87197525,-96.09561104,27125.0,641.1837237977805,0.0,26,26,0,0,26,26,3999,0,0,0,0,0
2020-08-19,US,Minnesota,Redwood,39,0,0,44.40555844,-95.25207021,27127.0,257.08635464733027,0.0,39,38,0,0,38,38,15249,1,0,0,1,0
2020-08-19,US,Minnesota,Renville,69,5,0,44.72836381,-94.94553734,27129.0,474.2919989001925,7.246376811594202,64,69,5,0,64,69,14612,0,0,0,0,0
2020-08-19,US,Minnesota,Rice,1078,8,0,44.3543376,-93.29658715,27131.0,1609.6279041987696,0.7421150278293135,1070,1073,8,0,1065,1067,66523,5,0,0,5,6
2020-08-19,US,Minnesota,Rock,90,0,0,43.67482683,-96.25296832,27133.0,966.1835748792273,0.0,90,90,0,0,90,90,9414,0,0,0,0,0
2020-08-19,US,Minnesota,Roseau,57,0,0,48.77501878,-95.81079919,27135.0,375.8654797230465,0.0,57,57,0,0,57,56,15150,0,0,0,0,1
2020-08-19,US,Minnesota,Scott,1761,25,0,44.6490231,-93.53340251,27139.0,1181.7760866501578,1.419647927314026,1736,1750,25,0,1725,1734,147381,11,0,0,11,16
2020-08-19,US,Minnesota,Sherburne,790,11,0,45.44447208,-93.77617511,27141.0,812.4395812336743,1.3924050632911391,779,787,11,0,776,782,96036,3,0,0,3,5
2020-08-19,US,Minnesota,Sibley,97,2,0,44.5796592,-94.23164924,27143.0,652.5395223679785,2.061855670103093,95,93,2,0,91,91,15028,4,0,0,4,2
2020-08-19,US,Minnesota,St. Louis,696,21,0,47.604840700000004,-92.46879855,27137.0,349.6257597829909,3.0172413793103448,675,681,21,0,660,677,199754,15,0,0,15,4
2020-08-19,US,Minnesota,Stearns,2990,21,0,45.55192576,-94.61078221,27145.0,1856.2781313052926,0.7023411371237458,2969,2973,21,0,2952,2962,159256,17,0,0,17,11
2020-08-19,US,Minnesota,Steele,375,2,0,44.02240351,-93.22627088,27147.0,1023.2202788616333,0.5333333333333333,373,371,2,0,369,369,36803,4,0,0,4,2
2020-08-19,US,Minnesota,Stevens,22,0,0,45.58613007,-96.00163705,27149.0,224.37531871494136,0.0,22,22,0,0,22,22,9753,0,0,0,0,0
2020-08-19,US,Minnesota,Swift,58,1,0,45.2829032,-95.68264092,27151.0,625.9443125404705,1.7241379310344829,57,58,1,0,57,58,9345,0,0,0,0,0
2020-08-19,US,Minnesota,Todd,436,2,0,46.06996226,-94.89785296,27153.0,1767.758676613688,0.4587155963302753,434,436,2,0,434,435,24582,0,0,0,0,1
2020-08-19,US,Minnesota,Traverse,17,0,0,45.77298854,-96.47062949,27155.0,521.6324025774777,0.0,17,17,0,0,17,16,3308,0,0,0,0,1
2020-08-19,US,Minnesota,Unassigned,125,45,0,0.0,0.0,90027.0,0.0,36.0,80,148,46,0,102,148,,-23,-1,0,-22,0
2020-08-19,US,Minnesota,Wabasha,103,0,0,44.28424356,-92.23121312,27157.0,476.25653118786704,0.0,103,101,0,0,101,101,21645,2,0,0,2,0
2020-08-19,US,Minnesota,Wadena,30,0,0,46.58589171,-94.96968506,27159.0,219.2661891536325,0.0,30,30,0,0,30,30,13773,0,0,0,0,0
2020-08-19,US,Minnesota,Waseca,183,1,0,44.02211116,-93.58720034,27161.0,983.236621534494,0.5464480874316939,182,180,1,0,179,172,18691,3,0,0,3,8
2020-08-19,US,Minnesota,Washington,2435,51,0,45.03864533,-92.88429635,27163.0,927.8311233043744,2.0944558521560577,2384,2404,48,0,2356,2392,259201,31,3,0,28,12
2020-08-19,US,Minnesota,Watonwan,394,3,0,43.97823903,-94.61413846,27165.0,3615.674038726255,0.7614213197969543,391,394,3,0,391,393,10980,0,0,0,0,1
2020-08-19,US,Minnesota,Wilkin,39,3,0,46.35721532,-96.4684375,27167.0,628.3228612856452,7.6923076923076925,36,39,3,0,36,39,6254,0,0,0,0,0
2020-08-19,US,Minnesota,Winona,284,17,0,43.98772283,-91.78081305,27169.0,562.5544727042231,5.985915492957746,267,279,17,0,262,279,50825,5,0,0,5,0
2020-08-19,US,Minnesota,Wright,1006,6,0,45.17297924,-93.96234781,27171.0,726.9994290958757,0.5964214711729622,1000,990,5,0,985,985,136349,16,1,0,15,5
2020-08-19,US,Minnesota,Yellow Medicine,56,0,0,44.71710183,-95.86842453,27173.0,576.7844268204758,0.0,56,56,0,0,56,54,9795,0,0,0,0,2
2020-08-19,US,Mississippi,Adams,684,28,0,31.47669768,-91.35326037,28001.0,2228.5211611768154,4.093567251461988,656,679,28,0,651,669,31192,5,0,0,5,10
2020-08-19,US,Mississippi,Alcorn,475,6,0,34.88084463,-88.57996173,28003.0,1285.4166102887452,1.263157894736842,469,465,6,0,459,457,36925,10,0,0,10,8
2020-08-19,US,Mississippi,Amite,253,6,0,31.17467303,-90.80501621,28005.0,2057.4123770025208,2.3715415019762847,247,252,6,0,246,249,12326,1,0,0,1,3
2020-08-19,US,Mississippi,Attala,559,25,0,33.08658803,-89.57838564,28007.0,3075.8226037196,4.47227191413238,534,553,25,0,528,551,18365,6,0,0,6,2
2020-08-19,US,Mississippi,Benton,174,1,0,34.81681228,-89.18945516,28009.0,2106.792589901925,0.5747126436781609,173,169,1,0,168,167,8271,5,0,0,5,2
2020-08-19,US,Mississippi,Bolivar,1269,40,0,33.79696941,-90.87372121,28011.0,4143.267598276088,3.1520882584712373,1229,1251,41,0,1210,1224,31333,18,-1,0,19,27
2020-08-19,US,Mississippi,Calhoun,439,9,0,33.93683395,-89.33686647,28013.0,3056.8901887055213,2.050113895216401,430,437,9,0,428,435,14436,2,0,0,2,2
2020-08-19,US,Mississippi,Carroll,275,11,0,33.44834567,-89.91994479,28015.0,2764.652659093194,4.0,264,268,11,0,257,268,9911,7,0,0,7,0
2020-08-19,US,Mississippi,Chickasaw,528,20,0,33.91983202,-88.9481545,28017.0,3087.17768812489,3.787878787878788,508,518,19,0,499,513,17171,10,1,0,9,5
2020-08-19,US,Mississippi,Choctaw,147,4,0,33.34598242,-89.24809382,28019.0,1790.4993909866016,2.7210884353741496,143,143,4,0,139,141,8278,4,0,0,4,2
2020-08-19,US,Mississippi,Claiborne,418,15,0,31.97061673,-90.90702196,28021.0,4650.645304850912,3.5885167464114827,403,416,15,0,401,414,9002,2,0,0,2,2
2020-08-19,US,Mississippi,Clarke,389,28,0,32.04158545,-88.68896219999998,28023.0,2503.0564313750724,7.197943444730077,361,375,28,0,347,372,15604,14,0,0,14,3
2020-08-19,US,Mississippi,Clay,431,14,0,33.65358105,-88.77784255,28025.0,2231.3108303996687,3.2482598607888638,417,430,14,0,416,420,19386,1,0,0,1,10
2020-08-19,US,Mississippi,Coahoma,875,14,0,34.22772299,-90.60415045,28027.0,3954.981016091123,1.6,861,834,14,0,820,830,22628,41,0,0,41,4
2020-08-19,US,Mississippi,Copiah,996,30,0,31.86977774,-90.44565118,28029.0,3548.9043292357032,3.0120481927710845,966,991,30,0,961,987,28543,5,0,0,5,4
2020-08-19,US,Mississippi,Covington,679,17,0,31.63225413,-89.55389939,28031.0,3643.4857265507617,2.503681885125184,662,672,17,0,655,666,18853,7,0,0,7,6
2020-08-19,US,Mississippi,DeSoto,4079,35,0,34.87625235,-89.99091418,28033.0,2205.520560166536,0.8580534444716842,4044,3983,34,0,3949,3913,182001,96,1,0,95,70
2020-08-19,US,Mississippi,Forrest,1947,59,0,31.18961454,-89.25832496,28035.0,2599.570076238033,3.0303030303030303,1888,1937,59,0,1878,1924,75036,10,0,0,10,13
2020-08-19,US,Mississippi,Franklin,158,2,0,31.47786634,-90.89672989,28037.0,2048.489563075327,1.2658227848101269,156,157,2,0,155,153,7788,1,0,0,1,4
2020-08-19,US,Mississippi,George,647,10,0,30.86259065,-88.64436789,28039.0,2640.816326530612,1.545595054095827,637,641,10,0,631,639,24250,6,0,0,6,2
2020-08-19,US,Mississippi,Greene,275,14,0,31.21444233,-88.63922281,28041.0,2024.1424996319736,5.090909090909091,261,276,13,0,263,276,13586,-1,1,0,-2,0
2020-08-19,US,Mississippi,Grenada,885,28,0,33.77036166,-89.80245083,28043.0,4263.41651411504,3.1638418079096047,857,878,27,0,851,870,21055,7,1,0,6,8
2020-08-19,US,Mississippi,Hancock,436,17,0,30.41830223,-89.48851033,28045.0,915.3510245213299,3.8990825688073394,419,432,17,0,415,432,47334,4,0,0,4,0
2020-08-19,US,Mississippi,Harrison,2868,40,0,30.51359752,-89.12467576,28047.0,1378.316032295271,1.3947001394700143,2828,2836,40,0,2796,2804,206650,32,0,0,32,32
2020-08-19,US,Mississippi,Hinds,6065,129,0,32.2656285,-90.44435448,28049.0,2616.0282953761216,2.1269579554822755,5936,5995,128,0,5867,5917,237085,70,1,0,69,78
2020-08-19,US,Mississippi,Holmes,978,50,0,33.12345854,-90.08923538,28051.0,5749.559082892416,5.112474437627811,928,964,50,0,914,957,17622,14,0,0,14,7
2020-08-19,US,Mississippi,Humphreys,316,12,0,33.12825718,-90.52252707,28053.0,3918.650793650793,3.79746835443038,304,313,12,0,301,313,8257,3,0,0,3,0
2020-08-19,US,Mississippi,Issaquena,29,2,0,32.72531359,-90.97392828,28055.0,2185.380557648832,6.896551724137932,27,28,2,0,26,28,1308,1,0,0,1,0
2020-08-19,US,Mississippi,Itawamba,452,12,0,34.27993475,-88.3606733,28057.0,1932.4497648567765,2.6548672566371683,440,440,12,0,428,427,23517,12,0,0,12,13
2020-08-19,US,Mississippi,Jackson,2594,50,0,30.54020656,-88.64184064,28059.0,1806.19286017672,1.927525057825752,2544,2518,48,0,2470,2482,143277,76,2,0,74,36
2020-08-19,US,Mississippi,Jasper,439,12,0,32.01922104,-89.11786866,28061.0,2679.606909601416,2.733485193621868,427,435,11,0,424,432,16428,4,1,0,3,3
2020-08-19,US,Mississippi,Jefferson,207,8,0,31.73397872,-91.03764977,28063.0,2961.37339055794,3.864734299516908,199,202,8,0,194,198,7106,5,0,0,5,4
2020-08-19,US,Mississippi,Jefferson Davis,260,7,0,31.56884708,-89.82670990000004,28065.0,2336.448598130841,2.6923076923076925,253,255,7,0,248,255,11234,5,0,0,5,0
2020-08-19,US,Mississippi,Jones,2020,66,0,31.62257767,-89.16896899999998,28067.0,2966.3132544274426,3.267326732673267,1954,2007,66,0,1941,2002,68461,13,0,0,13,5
2020-08-19,US,Mississippi,Kemper,254,14,0,32.75462946,-88.64105766,28069.0,2607.267501539725,5.511811023622046,240,253,14,0,239,251,10027,1,0,0,1,2
2020-08-19,US,Mississippi,Lafayette,1105,26,0,34.35687874,-89.48490961,28071.0,2045.5765563968234,2.3529411764705883,1079,1084,23,0,1061,1072,54793,21,3,0,18,12
2020-08-19,US,Mississippi,Lamar,1302,24,0,31.20572971,-89.5077704,28073.0,2055.4757431760418,1.8433179723502304,1278,1298,22,0,1276,1297,62447,4,2,0,2,1
2020-08-19,US,Mississippi,Lauderdale,1544,100,0,32.40419769,-88.66229662,28075.0,2082.9679595278244,6.476683937823834,1444,1509,99,0,1410,1497,75317,35,1,0,34,12
2020-08-19,US,Mississippi,Lawrence,367,8,0,31.55147224,-90.10841127,28077.0,2915.938344191959,2.1798365122615806,359,347,8,0,339,342,12455,20,0,0,20,5
2020-08-19,US,Mississippi,Leake,826,27,0,32.7536828,-89.52402044,28079.0,3625.032914947775,3.2687651331719128,799,818,27,0,791,813,22763,8,0,0,8,5
2020-08-19,US,Mississippi,Lee,1844,43,0,34.291877500000005,-88.68149954,28081.0,2158.3407462896203,2.331887201735358,1801,1780,43,0,1737,1737,85202,64,0,0,64,43
2020-08-19,US,Mississippi,Leflore,1150,70,0,33.55545125,-90.29900733,28083.0,4080.474044636838,6.086956521739131,1080,1002,70,0,932,998,28919,148,0,0,148,4
2020-08-19,US,Mississippi,Lincoln,896,46,0,31.53288662,-90.45391915,28085.0,2623.4884197581478,5.133928571428571,850,885,45,0,840,879,34205,11,1,0,10,6
2020-08-19,US,Mississippi,Lowndes,1167,47,0,33.47386518,-88.44191529999998,28087.0,1991.6375117330829,4.027420736932305,1120,1153,46,0,1107,1140,58930,14,1,0,13,13
2020-08-19,US,Mississippi,Madison,2662,75,0,32.63389156,-90.03513564,28089.0,2504.893104486601,2.8174305033809164,2587,2583,75,0,2508,2556,105630,79,0,0,79,27
2020-08-19,US,Mississippi,Marion,722,24,0,31.23132643,-89.8209217,28091.0,2938.184185895088,3.324099722991689,698,716,23,0,693,713,24715,6,1,0,5,3
2020-08-19,US,Mississippi,Marshall,823,10,0,34.76216286,-89.50299462,28093.0,2331.84110613702,1.2150668286755772,813,795,10,0,785,770,35451,28,0,0,28,25
2020-08-19,US,Mississippi,Monroe,918,55,0,33.89236763,-88.4808438,28095.0,2604.107568364916,5.991285403050108,863,893,55,0,838,883,35564,25,0,0,25,10
2020-08-19,US,Mississippi,Montgomery,379,11,0,33.49419589,-89.61729103,28097.0,3877.237851662404,2.9023746701846966,368,373,10,0,363,369,10023,6,1,0,5,4
2020-08-19,US,Mississippi,Neshoba,1349,97,0,32.75339664,-89.11726492,28099.0,4632.87313689127,7.190511489992588,1252,1337,96,0,1241,1328,29125,12,1,0,11,9
2020-08-19,US,Mississippi,Newton,604,13,0,32.40021118,-89.11843336,28101.0,2873.727281377867,2.1523178807947017,591,591,12,0,579,588,21443,13,1,0,12,3
2020-08-19,US,Mississippi,Noxubee,496,13,0,33.11009499,-88.56949061,28103.0,4761.4476336757225,2.620967741935484,483,489,12,0,477,486,10535,7,1,0,6,3
2020-08-19,US,Mississippi,Oktibbeha,1218,43,0,33.42491685,-88.87905132,28105.0,2456.28894669974,3.5303776683087027,1175,1205,43,0,1162,1183,49599,13,0,0,13,22
2020-08-19,US,Mississippi,Panola,1175,19,0,34.36398677,-89.95064249,28107.0,3436.476368741226,1.6170212765957446,1156,1152,18,0,1134,1143,34178,23,1,0,22,9
2020-08-19,US,Mississippi,Pearl River,632,44,0,30.77090935,-89.58677275,28109.0,1138.0210677950845,6.962025316455697,588,618,42,0,576,613,55387,14,2,0,12,5
2020-08-19,US,Mississippi,Perry,268,8,0,31.17161885,-88.99281835,28111.0,2238.369665079763,2.985074626865672,260,266,8,0,258,262,11931,2,0,0,2,4
2020-08-19,US,Mississippi,Pike,1041,39,0,31.17507789,-90.40392572,28113.0,2649.6640195479536,3.746397694524496,1002,1011,39,0,972,984,39563,30,0,0,30,27
2020-08-19,US,Mississippi,Pontotoc,918,9,0,34.226046000000004,-89.03636807,28115.0,2853.23553179586,0.9803921568627452,909,900,9,0,891,892,31833,18,0,0,18,8
2020-08-19,US,Mississippi,Prentiss,524,12,0,34.61810501,-88.51986294,28117.0,2085.4891347608054,2.2900763358778624,512,506,11,0,495,498,25315,18,1,0,17,8
2020-08-19,US,Mississippi,Quitman,281,2,0,34.25157572,-90.28908,28119.0,4137.220259128387,0.7117437722419929,279,279,1,0,278,279,7051,2,1,0,1,0
2020-08-19,US,Mississippi,Rankin,2507,44,0,32.26469147,-89.94537876,28121.0,1614.5964152997021,1.7550857598723577,2463,2456,43,0,2413,2437,153902,51,1,0,50,19
2020-08-19,US,Mississippi,Scott,1050,21,0,32.406704100000006,-89.53789439,28123.0,3733.466078793913,2.0,1029,1040,21,0,1019,1033,28287,10,0,0,10,7
2020-08-19,US,Mississippi,Sharkey,220,7,0,32.88149103,-90.81595379999999,28125.0,5091.414024531358,3.1818181818181817,213,220,7,0,213,219,4377,0,0,0,0,1
2020-08-19,US,Mississippi,Simpson,872,37,0,31.91282117,-89.91716179,28127.0,3271.06309550604,4.2431192660550465,835,867,36,0,831,861,26758,5,1,0,4,6
2020-08-19,US,Mississippi,Smith,435,13,0,32.01744532,-89.50644846,28129.0,2733.098768534808,2.9885057471264367,422,429,13,0,416,422,16002,6,0,0,6,7
2020-08-19,US,Mississippi,Stone,264,9,0,30.79187949,-89.11547539,28131.0,1439.7905759162304,3.4090909090909087,255,259,6,0,253,256,18717,5,3,0,2,3
2020-08-19,US,Mississippi,Sunflower,1145,31,0,33.60192578,-90.58882684,28133.0,4559.936280366388,2.7074235807860263,1114,1127,30,0,1097,1116,25735,18,1,0,17,11
2020-08-19,US,Mississippi,Tallahatchie,589,11,0,33.95339918,-90.1729398,28135.0,4265.334202331813,1.867572156196944,578,580,11,0,569,568,13987,9,0,0,9,12
2020-08-19,US,Mississippi,Tate,791,31,0,34.65133709,-89.94485778,28137.0,2792.9804738533244,3.919089759797724,760,781,31,0,750,774,28759,10,0,0,10,7
2020-08-19,US,Mississippi,Tippah,459,14,0,34.76872156,-88.90988194,28139.0,2084.942084942085,3.0501089324618738,445,451,14,0,437,443,21995,8,0,0,8,8
2020-08-19,US,Mississippi,Tishomingo,489,14,0,34.74023475,-88.23917219,28141.0,2522.8292833926635,2.8629856850715747,475,478,13,0,465,476,19454,11,1,0,10,2
2020-08-19,US,Mississippi,Tunica,399,9,0,34.64967704,-90.37481167,28143.0,4142.441860465116,2.255639097744361,390,387,9,0,378,381,9944,12,0,0,12,6
2020-08-19,US,Mississippi,Union,796,19,0,34.49162015,-89.00776006,28145.0,2762.4501127884782,2.386934673366834,777,780,19,0,761,772,28606,16,0,0,16,8
2020-08-19,US,Mississippi,Walthall,534,23,0,31.14971548,-90.10446654,28147.0,3737.92524149517,4.307116104868913,511,530,23,0,507,525,14465,4,0,0,4,5
2020-08-19,US,Mississippi,Warren,1207,38,0,32.35810271,-90.83352619,28149.0,2659.703400101364,3.148301574150787,1169,1204,37,0,1167,1182,46176,3,1,0,2,22
2020-08-19,US,Mississippi,Washington,1854,51,0,33.28392041,-90.94196237,28151.0,4222.368990411988,2.750809061488673,1803,1834,48,0,1786,1818,45063,20,3,0,17,16
2020-08-19,US,Mississippi,Wayne,816,21,0,31.64135687,-88.69573913,28153.0,4043.00649061091,2.573529411764706,795,813,21,0,792,810,20298,3,0,0,3,3
2020-08-19,US,Mississippi,Webster,274,13,0,33.61300486,-89.28392912,28155.0,2827.9492207658172,4.744525547445256,261,257,13,0,244,257,9788,17,0,0,17,0
2020-08-19,US,Mississippi,Wilkinson,241,14,0,31.16078225,-91.31018819,28157.0,2792.5840092699877,5.809128630705394,227,239,14,0,225,234,8792,2,0,0,2,5
2020-08-19,US,Mississippi,Winston,658,18,0,33.08747908,-89.03391385,28159.0,3664.717348927875,2.735562310030395,640,653,18,0,635,653,18165,5,0,0,5,0
2020-08-19,US,Mississippi,Yalobusha,339,10,0,34.02824175,-89.70762049999998,28161.0,2799.8017839445,2.949852507374631,329,329,10,0,319,326,12392,10,0,0,10,3
2020-08-19,US,Mississippi,Yazoo,905,15,0,32.77890365,-90.39656148,28163.0,3048.1643651060967,1.6574585635359116,890,900,15,0,885,891,28248,5,0,0,5,9
2020-08-19,US,Missouri,Adair,192,0,0,40.19058551,-92.60078167,29001.0,757.6056504754764,0.0,192,189,0,0,189,184,25339,3,0,0,3,5
2020-08-19,US,Missouri,Andrew,102,1,0,39.98492163,-94.80163024,29003.0,575.8807588075881,0.9803921568627452,101,102,1,0,101,101,17607,0,0,0,0,1
2020-08-19,US,Missouri,Atchison,19,0,0,40.43238737,-95.42970639,29005.0,369.4341823838225,0.0,19,21,0,0,21,20,5171,-2,0,0,-2,1
2020-08-19,US,Missouri,Audrain,233,1,0,39.215877,-91.84242683,29007.0,917.7564203560736,0.4291845493562232,232,227,1,0,226,226,25473,6,0,0,6,1
2020-08-19,US,Missouri,Barry,306,4,0,36.70978521,-93.82919888,29009.0,855.0113163262456,1.30718954248366,302,293,4,0,289,296,35886,13,0,0,13,-3
2020-08-19,US,Missouri,Barton,74,0,0,37.50207671,-94.34757022,29011.0,629.5729113493278,0.0,74,74,0,0,74,73,11798,0,0,0,0,1
2020-08-19,US,Missouri,Bates,56,1,0,38.25271289,-94.34113157,29013.0,346.2775166955232,1.7857142857142858,55,55,1,0,54,54,16320,1,0,0,1,1
2020-08-19,US,Missouri,Benton,125,1,0,38.29503305,-93.28756116,29015.0,642.9049015069688,0.8,124,119,1,0,118,118,19278,6,0,0,6,1
2020-08-19,US,Missouri,Bollinger,87,1,0,37.32449052,-90.02725304,29017.0,717.0526662820407,1.1494252873563218,86,84,1,0,83,82,12169,3,0,0,3,2
2020-08-19,US,Missouri,Boone,1704,5,0,38.99186229,-92.30723575,29019.0,944.2378770163413,0.2934272300469484,1699,1635,5,0,1630,1610,180005,69,0,0,69,25
2020-08-19,US,Missouri,Buchanan,1155,10,0,39.65816401,-94.80138942,29021.0,1322.0548509683622,0.8658008658008658,1145,1140,10,0,1130,1141,88571,15,0,0,15,-1
2020-08-19,US,Missouri,Butler,326,2,0,36.71462476,-90.40421163,29023.0,767.456094919723,0.6134969325153374,324,322,2,0,320,321,42639,4,0,0,4,1
2020-08-19,US,Missouri,Caldwell,37,1,0,39.65620858,-93.98308093,29025.0,410.19955654102006,2.702702702702702,36,36,1,0,35,36,9108,1,0,0,1,0
2020-08-19,US,Missouri,Callaway,213,1,0,38.83674754,-91.92186505,29027.0,476.0521198846747,0.4694835680751174,212,205,1,0,204,202,44889,8,0,0,8,3
2020-08-19,US,Missouri,Camden,428,8,0,38.02199522,-92.76083747,29029.0,924.3062304286792,1.8691588785046729,420,415,7,0,408,412,45815,13,1,0,12,3
2020-08-19,US,Missouri,Cape Girardeau,800,6,0,37.38489388,-89.6843587,29031.0,1014.314513572796,0.75,794,776,6,0,770,770,78753,24,0,0,24,6
2020-08-19,US,Missouri,Carroll,105,0,0,39.42762566,-93.50626255,29033.0,1209.8167991704113,0.0,105,104,0,0,104,104,8743,1,0,0,1,0
2020-08-19,US,Missouri,Carter,23,1,0,36.94160441,-90.96051322,29035.0,384.4867937144768,4.3478260869565215,22,23,1,0,22,23,6054,0,0,0,0,0
2020-08-19,US,Missouri,Cass,901,9,0,38.64789422,-94.353399,29037.0,851.7678200037815,0.9988901220865704,892,887,9,0,878,883,104954,14,0,0,14,4
2020-08-19,US,Missouri,Cedar,45,0,0,37.72391475,-93.85445441,29039.0,313.6107045787163,0.0,45,45,0,0,45,45,14165,0,0,0,0,0
2020-08-19,US,Missouri,Chariton,22,0,0,39.51499357,-92.9629191,29041.0,296.25639644492327,0.0,22,21,0,0,21,21,7451,1,0,0,1,0
2020-08-19,US,Missouri,Christian,489,1,0,36.9711783,-93.18537118,29043.0,551.9498843049834,0.20449897750511248,488,472,1,0,471,453,86983,17,0,0,17,19
2020-08-19,US,Missouri,Clark,30,0,0,40.41040752,-91.73661677,29045.0,441.3711931734588,0.0,30,29,0,0,29,29,6842,1,0,0,1,0
2020-08-19,US,Missouri,Clay,1180,30,0,39.31132056,-94.41850862,29047.0,472.0981964248563,2.5423728813559316,1150,1167,30,0,1137,1158,246365,13,0,0,13,9
2020-08-19,US,Missouri,Clinton,105,0,0,39.6013098,-94.40465394,29049.0,515.0340903516948,0.0,105,103,0,0,103,101,20470,2,0,0,2,2
2020-08-19,US,Missouri,Cole,634,3,0,38.50455671,-92.27860244,29051.0,826.1124503224968,0.473186119873817,631,613,3,0,610,597,76796,21,0,0,21,16
2020-08-19,US,Missouri,Cooper,170,0,0,38.844478,-92.80896081,29053.0,959.9638601840873,0.0,170,166,0,0,166,162,17603,4,0,0,4,4
2020-08-19,US,Missouri,Crawford,121,0,0,37.97663738,-91.30528104,29055.0,505.85284280936463,0.0,121,115,0,0,115,115,23957,6,0,0,6,0
2020-08-19,US,Missouri,Dade,19,0,0,37.431814,-93.8503345,29057.0,251.2895119693163,0.0,19,18,0,0,18,17,7569,1,0,0,1,1
2020-08-19,US,Missouri,Dallas,83,1,0,37.681135499999996,-93.02127031,29059.0,491.7644270648181,1.2048192771084338,82,81,1,0,80,78,16762,2,0,0,2,3
2020-08-19,US,Missouri,Daviess,19,0,0,39.96145298,-93.98519678,29061.0,229.52403962309742,0.0,19,19,0,0,19,19,8313,0,0,0,0,0
2020-08-19,US,Missouri,DeKalb,45,1,0,39.89201062,-94.40476508,29063.0,358.6514704710289,2.2222222222222223,44,44,1,0,43,44,12630,1,0,0,1,0
2020-08-19,US,Missouri,Dent,25,0,0,37.60663134,-91.50790473,29065.0,160.53425801065947,0.0,25,22,0,0,22,23,15441,3,0,0,3,-1
2020-08-19,US,Missouri,Douglas,95,2,0,36.9325593,-92.49905109,29067.0,720.515737580584,2.1052631578947367,93,94,2,0,92,94,13373,1,0,0,1,0
2020-08-19,US,Missouri,Dunklin,420,4,0,36.27167174,-90.09122243,29069.0,1441.7630702687861,0.9523809523809524,416,402,4,0,398,398,29423,18,0,0,18,4
2020-08-19,US,Missouri,Franklin,791,19,0,38.41127108,-91.07522826,29071.0,760.8183365875708,2.4020227560050564,772,778,19,0,759,762,103670,13,0,0,13,16
2020-08-19,US,Missouri,Gasconade,38,0,0,38.43947277,-91.50847147,29073.0,258.3979328165375,0.0,38,41,0,0,41,38,14705,-3,0,0,-3,3
2020-08-19,US,Missouri,Gentry,87,9,0,40.21097916,-94.40944419,29075.0,1323.9993912646478,10.344827586206897,78,87,9,0,78,87,6628,0,0,0,0,0
2020-08-19,US,Missouri,Greene,2090,10,0,37.2575872,-93.34230916,29077.0,713.1012740287832,0.4784688995215311,2080,2004,10,0,1994,1940,291923,86,0,0,86,64
2020-08-19,US,Missouri,Grundy,31,1,0,40.11406587,-93.56509276,29079.0,314.7208121827411,3.2258064516129035,30,30,1,0,29,31,9914,1,0,0,1,-1
2020-08-19,US,Missouri,Harrison,62,1,0,40.35570088,-93.99222144,29081.0,742.337164750958,1.6129032258064515,61,62,1,0,61,62,8414,0,0,0,0,0
2020-08-19,US,Missouri,Henry,98,3,0,38.38482826,-93.79293734,29083.0,449.0469208211143,3.0612244897959178,95,95,3,0,92,95,21792,3,0,0,3,0
2020-08-19,US,Missouri,Hickory,48,0,0,37.94163617,-93.3203037,29085.0,502.93378038558257,0.0,48,45,0,0,45,43,9509,3,0,0,3,2
2020-08-19,US,Missouri,Holt,49,0,0,40.09799248,-95.21638879999999,29087.0,1112.8775834658188,0.0,49,46,0,0,46,46,4404,3,0,0,3,0
2020-08-19,US,Missouri,Howard,75,0,0,39.1435761,-92.69756691,29089.0,749.9250074992502,0.0,75,71,0,0,71,71,10137,4,0,0,4,0
2020-08-19,US,Missouri,Howell,184,2,0,36.77383887,-91.88683935,29091.0,458.65842410947977,1.0869565217391304,182,178,2,0,176,177,40076,6,0,0,6,1
2020-08-19,US,Missouri,Iron,32,0,0,37.55487945,-90.7735296,29093.0,316.04938271604937,0.0,32,31,0,0,31,27,10177,1,0,0,1,4
2020-08-19,US,Missouri,Jackson,4758,67,0,39.01002188,-94.34724536,29095.0,676.8030656703806,1.408154686843211,4691,4712,67,0,4645,4640,700307,46,0,0,46,72
2020-08-19,US,Missouri,Jasper,2010,35,0,37.20351921,-94.34050458,29097.0,1656.6662270869047,1.7412935323383083,1975,1981,34,0,1947,1968,120636,29,1,0,28,13
2020-08-19,US,Missouri,Jefferson,2088,30,0,38.25926778,-90.53870896,29099.0,927.6660402255188,1.4367816091954022,2058,2028,30,0,1998,1998,224347,60,0,0,60,30
2020-08-19,US,Missouri,Johnson,523,3,0,38.74719601,-93.80691168,29101.0,967.407791054715,0.5736137667304015,520,520,3,0,517,517,53652,3,0,0,3,3
2020-08-19,US,Missouri,Kansas City,7967,66,0,39.0997,-94.5786,0.0,1629.4332877247448,0.8284172210367767,7901,7857,66,0,7791,7773,491918,110,0,0,110,84
2020-08-19,US,Missouri,Knox,36,0,0,40.12699751,-92.14780832,29103.0,909.3205354887598,0.0,36,36,0,0,36,36,3947,0,0,0,0,0
2020-08-19,US,Missouri,Laclede,246,1,0,37.65896829,-92.5888493,29105.0,688.6319737983932,0.4065040650406504,245,243,1,0,242,238,35713,3,0,0,3,5
2020-08-19,US,Missouri,Lafayette,201,2,0,39.06986886,-93.78076396,29107.0,614.5285557050263,0.9950248756218906,199,200,2,0,198,199,32598,1,0,0,1,1
2020-08-19,US,Missouri,Lawrence,288,2,0,37.10626634,-93.83293097,29109.0,750.8799374266719,0.6944444444444444,286,275,2,0,273,271,38359,13,0,0,13,4
2020-08-19,US,Missouri,Lewis,53,1,0,40.09673161,-91.72070156,29111.0,542.1440261865794,1.8867924528301887,52,53,1,0,52,54,9855,0,0,0,0,-1
2020-08-19,US,Missouri,Lincoln,461,1,0,39.05345619,-90.95588181,29113.0,781.183806957789,0.2169197396963124,460,454,1,0,453,449,57686,7,0,0,7,5
2020-08-19,US,Missouri,Linn,41,1,0,39.87001769,-93.10704106,29115.0,343.9597315436242,2.4390243902439024,40,41,1,0,40,41,12037,0,0,0,0,0
2020-08-19,US,Missouri,Livingston,67,1,0,39.78110272,-93.54645978,29117.0,440.00788073816256,1.492537313432836,66,65,1,0,64,65,15146,2,0,0,2,0
2020-08-19,US,Missouri,Macon,69,0,0,39.83049768,-92.56453089,29121.0,456.43976979559443,0.0,69,69,0,0,69,69,15153,0,0,0,0,0
2020-08-19,US,Missouri,Madison,46,0,0,37.47865134,-90.34671429999999,29123.0,380.54268696227683,0.0,46,41,0,0,41,38,12188,5,0,0,5,3
2020-08-19,US,Missouri,Maries,33,0,0,38.16193985,-91.92249662,29125.0,379.4411866160745,0.0,33,31,0,0,31,31,8769,2,0,0,2,0
2020-08-19,US,Missouri,Marion,293,1,0,39.80601912,-91.62203062,29127.0,1026.9891342446547,0.3412969283276451,292,278,1,0,277,272,28592,15,0,0,15,6
2020-08-19,US,Missouri,McDonald,967,8,0,36.62869595,-94.34867205,29119.0,4234.356526689145,0.827300930713547,959,964,8,0,956,962,23078,3,0,0,3,2
2020-08-19,US,Missouri,Mercer,15,0,0,40.42212303,-93.56829590000001,29129.0,414.7083218136577,0.0,15,15,0,0,15,15,3641,0,0,0,0,0
2020-08-19,US,Missouri,Miller,166,1,0,38.21450288,-92.42610898,29131.0,647.9565947148601,0.6024096385542169,165,161,1,0,160,159,25336,5,0,0,5,2
2020-08-19,US,Missouri,Mississippi,184,0,0,36.82516239,-89.29505753,29133.0,1396.0546282245828,0.0,184,180,0,0,180,174,13336,4,0,0,4,6
2020-08-19,US,Missouri,Moniteau,167,2,0,38.63571781,-92.57976951,29135.0,1035.2095214480537,1.1976047904191616,165,166,2,0,164,164,16121,1,0,0,1,2
2020-08-19,US,Missouri,Monroe,38,0,0,39.49593978,-92.00043978,29137.0,439.61129106894964,0.0,38,37,0,0,37,37,8664,1,0,0,1,0
2020-08-19,US,Missouri,Montgomery,47,1,0,38.94022054,-91.47000721,29139.0,406.89117825296506,2.127659574468085,46,47,0,0,47,45,11534,0,1,0,-1,2
2020-08-19,US,Missouri,Morgan,101,0,0,38.4181765,-92.88791859,29141.0,489.64948853444514,0.0,101,98,0,0,98,98,20358,3,0,0,3,0
2020-08-19,US,Missouri,New Madrid,316,3,0,36.59666326,-89.66070007,29143.0,1850.5504802061373,0.9493670886075948,313,306,3,0,303,304,17296,10,0,0,10,2
2020-08-19,US,Missouri,Newton,974,11,0,36.90519407,-94.3394104,29145.0,1672.5049797376196,1.1293634496919918,963,963,6,0,957,962,58266,11,5,0,6,1
2020-08-19,US,Missouri,Nodaway,245,0,0,40.36079813,-94.88133008,29147.0,1108.998732572877,0.0,245,238,0,0,238,232,22304,7,0,0,7,6
2020-08-19,US,Missouri,Oregon,25,0,0,36.68710164,-91.4033755,29149.0,237.43945293950043,0.0,25,25,0,0,25,25,10541,0,0,0,0,0
2020-08-19,US,Missouri,Osage,66,1,0,38.46036182,-91.8613635,29151.0,484.75945648182153,1.5151515151515151,65,64,1,0,63,62,13714,2,0,0,2,2
2020-08-19,US,Missouri,Ozark,17,0,0,36.64916339,-92.44459066,29153.0,185.3063004142141,0.0,17,16,0,0,16,16,9017,1,0,0,1,0
2020-08-19,US,Missouri,Pemiscot,276,9,0,36.2130572,-89.78742322,29155.0,1746.2828218918066,3.260869565217391,267,274,9,0,265,268,16272,2,0,0,2,6
2020-08-19,US,Missouri,Perry,275,4,0,37.70660776,-89.82741088,29157.0,1437.0819397993314,1.4545454545454546,271,264,4,0,260,263,19150,11,0,0,11,1
2020-08-19,US,Missouri,Pettis,684,5,0,38.72798918,-93.28471706,29159.0,1615.5317792106569,0.7309941520467836,679,666,5,0,661,656,42542,18,0,0,18,10
2020-08-19,US,Missouri,Phelps,129,0,0,37.87736118,-91.79351727,29161.0,289.41287326408366,0.0,129,129,0,0,129,128,44732,0,0,0,0,1
2020-08-19,US,Missouri,Pike,137,1,0,39.34310674,-91.16980779,29163.0,748.5520708119333,0.7299270072992701,136,145,1,0,144,145,18504,-8,0,0,-8,0
2020-08-19,US,Missouri,Platte,421,10,0,39.38154439,-94.77068479,29165.0,403.18718994809325,2.375296912114014,411,418,10,0,408,412,102985,3,0,0,3,6
2020-08-19,US,Missouri,Polk,249,0,0,37.616229600000004,-93.39828174,29167.0,774.5186475473578,0.0,249,244,0,0,244,243,32201,5,0,0,5,1
2020-08-19,US,Missouri,Pulaski,291,1,0,37.82462075,-92.20783203,29169.0,553.1583249377459,0.3436426116838488,290,275,1,0,274,275,52014,16,0,0,16,0
2020-08-19,US,Missouri,Putnam,16,1,0,40.47942497,-93.02042674,29171.0,340.71550255536624,6.25,15,15,1,0,14,14,4757,1,0,0,1,1
2020-08-19,US,Missouri,Ralls,65,0,0,39.52817427,-91.51838643,29173.0,630.517023959647,0.0,65,61,0,0,61,58,10212,4,0,0,4,3
2020-08-19,US,Missouri,Randolph,92,1,0,39.44007257,-92.49713740000001,29175.0,371.7472118959108,1.0869565217391304,91,87,1,0,86,84,24763,5,0,0,5,3
2020-08-19,US,Missouri,Ray,116,0,0,39.353746799999996,-93.98905745,29177.0,503.95342775219393,0.0,116,119,0,0,119,119,22883,-3,0,0,-3,0
2020-08-19,US,Missouri,Reynolds,16,0,0,37.36085952,-90.97009925,29179.0,255.18341307814998,0.0,16,16,0,0,16,16,6254,0,0,0,0,0
2020-08-19,US,Missouri,Ripley,77,0,0,36.65460667,-90.85990261,29181.0,579.4701986754967,0.0,77,76,0,0,76,74,13401,1,0,0,1,2
2020-08-19,US,Missouri,Saline,496,7,0,39.13734288,-93.20259964,29195.0,2179.1661174816572,1.4112903225806452,489,483,7,0,476,483,22895,13,0,0,13,0
2020-08-19,US,Missouri,Schuyler,13,0,0,40.46921489,-92.52311943,29197.0,278.9699570815451,0.0,13,13,0,0,13,13,4599,0,0,0,0,0
2020-08-19,US,Missouri,Scotland,20,1,0,40.45214695,-92.14709064,29199.0,407.9967360261118,5.0,19,19,1,0,18,19,4966,1,0,0,1,0
2020-08-19,US,Missouri,Scott,515,13,0,37.05588075,-89.56474493,29201.0,1345.350052246604,2.5242718446601944,502,492,13,0,479,492,38458,23,0,0,23,0
2020-08-19,US,Missouri,Shannon,44,1,0,37.15772072,-91.40190382,29203.0,538.8194954690179,2.272727272727273,43,44,1,0,43,44,8189,0,0,0,0,0
2020-08-19,US,Missouri,Shelby,43,0,0,39.79742518,-92.07634971,29205.0,725.1264755480607,0.0,43,43,0,0,43,43,6050,0,0,0,0,0
2020-08-19,US,Missouri,St. Charles,4945,96,0,38.77875681,-90.66662425,29183.0,1230.0321872932327,1.9413549039433768,4849,4810,95,0,4715,4760,399182,135,1,0,134,50
2020-08-19,US,Missouri,St. Clair,24,0,0,38.03699437,-93.77631447,29185.0,255.40065978503785,0.0,24,24,0,0,24,23,9395,0,0,0,0,1
2020-08-19,US,Missouri,St. Francois,661,4,0,37.81214171,-90.47598685,29187.0,983.4114408986087,0.6051437216338881,657,612,4,0,608,599,66692,49,0,0,49,13
2020-08-19,US,Missouri,St. Louis,17094,705,0,38.63770039999999,-90.4458375,29189.0,1719.3637127151846,4.124254124254124,16389,16968,705,0,16263,16764,996945,126,0,0,126,204
2020-08-19,US,Missouri,St. Louis City,5728,181,0,38.63555736,-90.24349225,29510.0,1905.6744384115832,3.1599162011173183,5547,5693,181,0,5512,5652,302838,35,0,0,35,41
2020-08-19,US,Missouri,Ste. Genevieve,79,1,0,37.89090059,-90.1949941,29186.0,441.48876718453107,1.2658227848101269,78,75,1,0,74,72,17888,4,0,0,4,3
2020-08-19,US,Missouri,Stoddard,250,9,0,36.85571651,-89.9444155,29207.0,861.3264427217915,3.6,241,244,9,0,235,244,29206,6,0,0,6,0
2020-08-19,US,Missouri,Stone,209,1,0,36.75000327,-93.45256475,29209.0,654.1061592388583,0.4784688995215311,208,204,1,0,203,196,31749,5,0,0,5,8
2020-08-19,US,Missouri,Sullivan,155,0,0,40.2099105,-93.11150106,29211.0,2545.5739858761704,0.0,155,155,0,0,155,155,6221,0,0,0,0,0
2020-08-19,US,Missouri,Taney,800,3,0,36.65465345,-93.04075153,29213.0,1430.4105278214847,0.375,797,778,3,0,775,763,55852,22,0,0,22,15
2020-08-19,US,Missouri,Texas,68,1,0,37.31728859,-91.96564727,29215.0,267.7376171352075,1.4705882352941178,67,67,1,0,66,68,25571,1,0,0,1,-1
2020-08-19,US,Missouri,Vernon,66,0,0,37.8457799,-94.34127305,29217.0,320.96483976073534,0.0,66,64,0,0,64,63,20528,2,0,0,2,1
2020-08-19,US,Missouri,Warren,274,0,0,38.76529479,-91.16124662,29219.0,768.6050099582036,0.0,274,267,0,0,267,264,34711,7,0,0,7,3
2020-08-19,US,Missouri,Washington,156,1,0,37.96130078,-90.87948158,29221.0,630.8127780024262,0.6410256410256411,155,149,1,0,148,143,24943,7,0,0,7,6
2020-08-19,US,Missouri,Wayne,70,0,0,37.11303869,-90.46001416,29223.0,543.7737901033171,0.0,70,69,0,0,69,68,13122,1,0,0,1,1
2020-08-19,US,Missouri,Webster,164,1,0,37.2813734,-92.876329,29225.0,414.2250959789857,0.6097560975609756,163,161,1,0,160,157,39109,3,0,0,3,4
2020-08-19,US,Missouri,Worth,10,0,0,40.47945588,-94.42328751,29227.0,496.77098857426734,0.0,10,9,0,0,9,9,2040,1,0,0,1,0
2020-08-19,US,Missouri,Wright,76,0,0,37.27029221,-92.46914488,29229.0,415.5503307999344,0.0,76,73,0,0,73,73,18378,3,0,0,3,0
2020-08-19,US,Montana,Beaverhead,68,0,0,45.13434354,-112.89846940000001,30001.0,719.3483550195705,0.0,68,68,0,0,68,68,9404,0,0,0,0,0
2020-08-19,US,Montana,Big Horn,552,14,0,45.42335905,-107.492347,30003.0,4144.455289436144,2.5362318840579707,538,543,14,0,529,529,13338,9,0,0,9,14
2020-08-19,US,Montana,Blaine,14,0,0,48.43175214,-108.9582723,30005.0,209.54946864241882,0.0,14,14,0,0,14,14,6807,0,0,0,0,0
2020-08-19,US,Montana,Broadwater,14,0,0,46.33277565,-111.49558130000001,30007.0,224.46689113355785,0.0,14,14,0,0,14,14,6085,0,0,0,0,0
2020-08-19,US,Montana,Carbon,80,0,0,45.22850116,-109.0274047,30009.0,745.920745920746,0.0,80,77,0,0,77,77,10714,3,0,0,3,0
2020-08-19,US,Montana,Cascade,185,5,0,47.30797024,-111.3467922,30013.0,227.36769658088141,2.702702702702702,180,184,5,0,179,183,81643,1,0,0,1,1
2020-08-19,US,Montana,Chouteau,10,0,0,47.88084126,-110.4353362,30015.0,177.4622892635315,0.0,10,10,0,0,10,10,5745,0,0,0,0,0
2020-08-19,US,Montana,Custer,62,2,0,46.25319932,-105.57375259999998,30017.0,543.764251885634,3.2258064516129035,60,61,2,0,59,61,11586,1,0,0,1,0
2020-08-19,US,Montana,Daniels,3,0,0,48.78420029,-105.54763429999998,30019.0,177.5147928994083,0.0,3,3,0,0,3,3,1747,0,0,0,0,0
2020-08-19,US,Montana,Dawson,30,0,0,47.26584855,-104.89444170000002,30021.0,348.31069313827936,0.0,30,31,0,0,31,30,8680,-1,0,0,-1,1
2020-08-19,US,Montana,Deer Lodge,30,0,0,46.05953325,-113.073353,30023.0,328.2275711159737,0.0,30,30,0,0,30,30,9131,0,0,0,0,0
2020-08-19,US,Montana,Fallon,2,0,0,46.33478338,-104.41835649999999,30025.0,70.27406886858749,0.0,2,2,0,0,2,2,2920,0,0,0,0,0
2020-08-19,US,Montana,Fergus,24,0,0,47.26331584,-109.2245206,30027.0,217.1945701357466,0.0,24,23,0,0,23,23,11113,1,0,0,1,0
2020-08-19,US,Montana,Flathead,414,3,0,48.29575866,-114.05205690000001,30029.0,398.82087740593033,0.7246376811594203,411,412,3,0,409,407,102106,2,0,0,2,5
2020-08-19,US,Montana,Gallatin,996,3,0,45.54486106,-111.1692571,30031.0,870.3706940245032,0.3012048192771085,993,993,3,0,990,992,111876,3,0,0,3,1
2020-08-19,US,Montana,Garfield,12,0,0,47.27545948,-107.0002351,30033.0,953.8950715421304,0.0,12,12,0,0,12,12,1268,0,0,0,0,0
2020-08-19,US,Montana,Glacier,92,1,0,48.70513576,-112.9934235,30035.0,668.9449574638261,1.0869565217391304,91,92,1,0,91,88,13747,0,0,0,0,4
2020-08-19,US,Montana,Golden Valley,3,0,0,46.3816474,-109.17685220000001,30037.0,365.4080389768576,0.0,3,3,0,0,3,3,826,0,0,0,0,0
2020-08-19,US,Montana,Granite,18,0,0,46.40605220000001,-113.4414186,30039.0,532.7019828351583,0.0,18,18,0,0,18,18,3378,0,0,0,0,0
2020-08-19,US,Montana,Hill,48,2,0,48.62879827,-110.1129252,30041.0,291.1914583838874,4.166666666666667,46,48,2,0,46,48,16347,0,0,0,0,0
2020-08-19,US,Montana,Jefferson,33,0,0,46.14907081,-112.094396,30043.0,270.02700270027003,0.0,33,32,0,0,32,31,12097,1,0,0,1,1
2020-08-19,US,Montana,Judith Basin,3,0,0,47.04581276,-110.26606880000001,30045.0,149.47683109118088,0.0,3,3,0,0,3,3,1952,0,0,0,0,0
2020-08-19,US,Montana,Lake,191,1,0,47.64514965,-114.0898013,30047.0,627.0930461619279,0.5235602094240838,190,189,1,0,188,187,30250,2,0,0,2,2
2020-08-19,US,Montana,Lewis and Clark,183,2,0,47.12610041,-112.39469799999999,30049.0,263.56723124783963,1.0928961748633879,181,180,2,0,178,178,68700,3,0,0,3,2
2020-08-19,US,Montana,Liberty,1,0,0,48.56084317,-111.02430700000001,30051.0,42.78990158322636,0.0,1,1,0,0,1,1,2430,0,0,0,0,0
2020-08-19,US,Montana,Lincoln,79,2,0,48.54265777,-115.4046155,30053.0,395.3953953953954,2.5316455696202533,77,79,2,0,77,78,19794,0,0,0,0,1
2020-08-19,US,Montana,Madison,89,1,0,45.30080065,-111.9173017,30057.0,1034.8837209302326,1.1235955056179776,88,87,1,0,86,86,8768,2,0,0,2,1
2020-08-19,US,Montana,McCone,5,0,0,47.64469406,-105.79449939999999,30055.0,300.48076923076917,0.0,5,5,0,0,5,5,1675,0,0,0,0,0
2020-08-19,US,Montana,Meagher,4,0,0,46.59907074,-110.8898557,30059.0,214.8227712137487,0.0,4,4,0,0,4,4,1866,0,0,0,0,0
2020-08-19,US,Montana,Mineral,2,0,0,47.15283992,-115.00152390000001,30061.0,45.48555833522857,0.0,2,2,0,0,2,2,4316,0,0,0,0,0
2020-08-19,US,Montana,Missoula,390,2,0,47.03728583,-113.92135079999998,30063.0,326.0869565217391,0.5128205128205128,388,388,2,0,386,385,118791,2,0,0,2,3
2020-08-19,US,Montana,Musselshell,4,0,0,46.49684637,-108.39498,30065.0,86.33714655730628,0.0,4,4,0,0,4,4,4651,0,0,0,0,0
2020-08-19,US,Montana,Park,64,0,0,45.48965095,-110.52643940000002,30067.0,385.4028664338191,0.0,64,63,0,0,63,63,16736,1,0,0,1,0
2020-08-19,US,Montana,Phillips,96,0,0,48.25936577,-107.9128511,30071.0,2427.921092564492,0.0,96,93,0,0,93,93,4074,3,0,0,3,0
2020-08-19,US,Montana,Pondera,12,0,0,48.22773388,-112.22527029999999,30073.0,203.01133479952637,0.0,12,13,0,0,13,11,5972,-1,0,0,-1,2
2020-08-19,US,Montana,Powder River,1,0,0,45.39617714,-105.636738,30075.0,59.453032104637344,0.0,1,1,0,0,1,1,1716,0,0,0,0,0
2020-08-19,US,Montana,Powell,2,0,0,46.85538891,-112.93591640000001,30077.0,29.027576197387518,0.0,2,2,0,0,2,2,6968,0,0,0,0,0
2020-08-19,US,Montana,Prairie,1,0,0,46.86048047,-105.379384,30079.0,92.85051067780873,0.0,1,1,0,0,1,1,1087,0,0,0,0,0
2020-08-19,US,Montana,Ravalli,89,2,0,46.08520862,-114.11891640000002,30081.0,203.16851572843902,2.247191011235955,87,88,2,0,86,85,43172,1,0,0,1,3
2020-08-19,US,Montana,Richland,50,2,0,47.78668011,-104.5610786,30083.0,462.8343978524484,4.0,48,50,2,0,48,50,10913,0,0,0,0,0
2020-08-19,US,Montana,Roosevelt,30,1,0,48.29607488,-105.00792679999999,30085.0,272.6281352235551,3.333333333333333,29,30,1,0,29,35,11059,0,0,0,0,-5
2020-08-19,US,Montana,Rosebud,97,1,0,46.23397237,-106.72928799999998,30087.0,1085.3754056170974,1.0309278350515465,96,79,1,0,78,78,9063,18,0,0,18,1
2020-08-19,US,Montana,Sanders,20,0,0,47.67657534,-115.1329916,30089.0,165.1118632873772,0.0,20,18,0,0,18,18,11844,2,0,0,2,0
2020-08-19,US,Montana,Sheridan,5,0,0,48.72085833,-104.50382900000001,30091.0,151.1030522816561,0.0,5,5,0,0,5,5,3424,0,0,0,0,0
2020-08-19,US,Montana,Silver Bow,106,0,0,45.90018933,-112.6620092,30093.0,303.5944436488615,0.0,106,106,0,0,106,105,34993,0,0,0,0,1
2020-08-19,US,Montana,Stillwater,32,1,0,45.67071407,-109.3950061,30095.0,331.8813524165111,3.125,31,32,1,0,31,31,9534,0,0,0,0,1
2020-08-19,US,Montana,Sweet Grass,7,1,0,45.81367654,-109.9425686,30097.0,187.31602890018726,14.285714285714285,6,7,1,0,6,6,3710,0,0,0,0,1
2020-08-19,US,Montana,Teton,16,0,0,47.83741052,-112.24106880000001,30099.0,260.2895721490158,0.0,16,16,0,0,16,15,6162,0,0,0,0,1
2020-08-19,US,Montana,Toole,47,6,0,48.65577551,-111.69424140000001,30101.0,992.3986486486486,12.76595744680851,41,47,6,0,41,46,4853,0,0,0,0,1
2020-08-19,US,Montana,Treasure,2,0,0,46.20973220000001,-107.26665159999999,30103.0,287.3563218390805,0.0,2,2,0,0,2,2,679,0,0,0,0,0
2020-08-19,US,Montana,Valley,36,0,0,48.36435097,-106.6669635,30105.0,486.749594375338,0.0,36,36,0,0,36,30,7437,0,0,0,0,6
2020-08-19,US,Montana,Wheatland,3,0,0,46.46652491,-109.84646359999999,30107.0,141.11006585136406,0.0,3,3,0,0,3,3,2236,0,0,0,0,0
2020-08-19,US,Montana,Wibaux,4,0,0,46.95925154,-104.2510927,30109.0,412.79669762641885,0.0,4,3,0,0,3,3,1034,1,0,0,1,0
2020-08-19,US,Montana,Yellowstone,1595,32,0,45.93955949,-108.26914860000001,30111.0,988.8406695598263,2.006269592476489,1563,1539,32,0,1507,1533,160137,56,0,0,56,6
2020-08-19,US,Nebraska,Adams,375,11,0,40.52449420000001,-98.50117804,31001.0,1195.6764340146033,2.933333333333333,364,370,11,0,359,370,31511,5,0,0,5,0
2020-08-19,US,Nebraska,Antelope,20,1,0,42.17695516,-98.06662829999999,31003.0,317.56113051762463,5.0,19,21,1,0,20,21,6336,-1,0,0,-1,0
2020-08-19,US,Nebraska,Arthur,1,0,0,41.56896142,-101.6959559,31005.0,215.98272138228938,0.0,1,1,0,0,1,1,465,0,0,0,0,0
2020-08-19,US,Nebraska,Banner,2,0,0,41.54634427,-103.7114332,31007.0,268.4563758389262,0.0,2,2,0,0,2,2,730,0,0,0,0,0
2020-08-19,US,Nebraska,Boone,16,0,0,41.70759415,-98.06737183,31011.0,308.1664098613251,0.0,16,15,0,0,15,14,5239,1,0,0,1,1
2020-08-19,US,Nebraska,Box Butte,18,0,0,42.22079243,-103.08788340000001,31013.0,166.92942594825192,0.0,18,18,0,0,18,17,10772,0,0,0,0,1
2020-08-19,US,Nebraska,Boyd,8,0,0,42.899727399999996,-98.76486568,31015.0,416.8837936425222,0.0,8,8,0,0,8,8,1955,0,0,0,0,0
2020-08-19,US,Nebraska,Brown,2,0,0,42.43018907,-99.92904055,31017.0,67.68189509306261,0.0,2,2,0,0,2,2,2973,0,0,0,0,0
2020-08-19,US,Nebraska,Buffalo,535,1,0,40.85486962,-99.07500296,31019.0,1077.347510018325,0.18691588785046728,534,515,1,0,514,512,49615,20,0,0,20,3
2020-08-19,US,Nebraska,Burt,54,0,0,41.85056773,-96.32605633,31021.0,836.0427310729215,0.0,54,54,0,0,54,54,6488,0,0,0,0,0
2020-08-19,US,Nebraska,Butler,69,0,0,41.22703692,-97.13106306,31023.0,860.7784431137725,0.0,69,69,0,0,69,66,8058,0,0,0,0,3
2020-08-19,US,Nebraska,Cass,225,2,0,40.90899107,-96.13971217,31025.0,857.2081682413898,0.8888888888888888,223,223,2,0,221,215,26159,2,0,0,2,8
2020-08-19,US,Nebraska,Cedar,33,0,0,42.598885100000004,-97.25311951,31027.0,392.76362770768867,0.0,33,32,0,0,32,29,8446,1,0,0,1,3
2020-08-19,US,Nebraska,Chase,10,0,0,40.523719799999995,-101.69780259999999,31029.0,254.841997961264,0.0,10,9,0,0,9,9,3977,1,0,0,1,0
2020-08-19,US,Nebraska,Cherry,4,0,0,42.54502621,-101.1244332,31031.0,70.31112673580594,0.0,4,4,0,0,4,4,5761,0,0,0,0,0
2020-08-19,US,Nebraska,Cheyenne,27,0,0,41.21999357,-102.9941693,31033.0,303.030303030303,0.0,27,26,0,0,26,26,9310,1,0,0,1,0
2020-08-19,US,Nebraska,Clay,51,0,0,40.52439441,-98.05126296,31035.0,822.1828147670482,0.0,51,50,0,0,50,50,6214,1,0,0,1,0
2020-08-19,US,Nebraska,Colfax,710,4,0,41.57486951,-97.0868542,31037.0,6629.937435801663,0.5633802816901409,706,709,4,0,705,709,10881,1,0,0,1,0
2020-08-19,US,Nebraska,Cuming,73,0,0,41.91637624,-96.78730772,31039.0,825.2317431607506,0.0,73,73,0,0,73,73,8940,0,0,0,0,0
2020-08-19,US,Nebraska,Custer,63,4,0,41.39374521,-99.72805369,31041.0,584.5782685348428,6.349206349206349,59,63,4,0,59,59,10840,0,0,0,0,4
2020-08-19,US,Nebraska,Dakota,1946,42,0,42.39040144,-96.56656425,31043.0,9717.367422350944,2.1582733812949644,1904,1944,42,0,1902,1944,20083,2,0,0,2,0
2020-08-19,US,Nebraska,Dawes,22,0,0,42.71985036,-103.1313774,31045.0,256.14157643497504,0.0,22,22,0,0,22,17,8716,0,0,0,0,5
2020-08-19,US,Nebraska,Dawson,982,9,0,40.87028216,-99.82014609999999,31047.0,4161.8987073532535,0.9164969450101832,973,981,9,0,972,980,23709,1,0,0,1,1
2020-08-19,US,Nebraska,Deuel,2,0,0,41.11168186,-102.33333309999999,31049.0,111.48272017837236,0.0,2,2,0,0,2,2,1825,0,0,0,0,0
2020-08-19,US,Nebraska,Dixon,57,2,0,42.49188363,-96.86782408,31051.0,1011.3555713271824,3.5087719298245608,55,57,2,0,55,57,5709,0,0,0,0,0
2020-08-19,US,Nebraska,Dodge,855,11,0,41.58071748,-96.65598179,31053.0,2338.301654587721,1.286549707602339,844,852,11,0,841,849,36791,3,0,0,3,3
2020-08-19,US,Nebraska,Douglas,12302,147,0,41.29518299,-96.15085305,31055.0,2153.232737119023,1.1949276540399936,12155,12249,147,0,12102,12137,566880,53,0,0,53,112
2020-08-19,US,Nebraska,Dundy,3,0,0,40.17638677,-101.6876522,31057.0,177.2002362669817,0.0,3,3,0,0,3,3,1770,0,0,0,0,0
2020-08-19,US,Nebraska,Fillmore,29,1,0,40.52458567,-97.59646937,31059.0,530.9410472354449,3.4482758620689653,28,29,1,0,28,29,5527,0,0,0,0,0
2020-08-19,US,Nebraska,Franklin,16,0,0,40.17636348,-98.95299073,31061.0,537.0929842228936,0.0,16,16,0,0,16,15,3023,0,0,0,0,1
2020-08-19,US,Nebraska,Frontier,4,0,0,40.52993007,-100.3924658,31063.0,152.26494099733537,0.0,4,4,0,0,4,4,2608,0,0,0,0,0
2020-08-19,US,Nebraska,Furnas,17,1,0,40.17642064,-99.91247454,31065.0,363.5585970915312,5.882352941176472,16,17,1,0,16,17,4715,0,0,0,0,0
2020-08-19,US,Nebraska,Gage,109,4,0,40.26186809,-96.68946704,31067.0,506.670385348394,3.669724770642202,105,108,4,0,104,100,21493,1,0,0,1,8
2020-08-19,US,Nebraska,Garden,5,0,0,41.61703149,-102.3313973,31069.0,272.18290691344583,0.0,5,4,0,0,4,4,1897,1,0,0,1,0
2020-08-19,US,Nebraska,Garfield,6,0,0,41.91428955,-98.99111827,31071.0,304.7232097511427,0.0,6,6,0,0,6,6,1987,0,0,0,0,0
2020-08-19,US,Nebraska,Gosper,22,0,0,40.51481965,-99.83020279,31073.0,1105.5276381909548,0.0,22,22,0,0,22,22,1996,0,0,0,0,0
2020-08-19,US,Nebraska,Greeley,10,0,0,41.56742671,-98.52150266,31077.0,424.44821731748726,0.0,10,10,0,0,10,10,2356,0,0,0,0,0
2020-08-19,US,Nebraska,Hall,1782,46,0,40.87257079,-98.50218293,31079.0,2904.5034472641923,2.5813692480359145,1736,1779,45,0,1734,1773,61607,3,1,0,2,6
2020-08-19,US,Nebraska,Hamilton,104,12,0,40.87349452,-98.02099117,31081.0,1115.4011154011155,11.538461538461537,92,104,12,0,92,104,9280,0,0,0,0,0
2020-08-19,US,Nebraska,Harlan,2,0,0,40.17658508,-99.40438879,31083.0,59.1715976331361,0.0,2,2,0,0,2,2,3401,0,0,0,0,0
2020-08-19,US,Nebraska,Hitchcock,1,0,0,40.17609175,-101.04164770000001,31087.0,36.205648081100655,0.0,1,1,0,0,1,1,2806,0,0,0,0,0
2020-08-19,US,Nebraska,Holt,14,0,0,42.45522056,-98.78402558,31089.0,139.0682427734181,0.0,14,14,0,0,14,14,10178,0,0,0,0,0
2020-08-19,US,Nebraska,Hooker,4,0,0,41.91586243,-101.1354293,31091.0,586.5102639296188,0.0,4,4,0,0,4,4,682,0,0,0,0,0
2020-08-19,US,Nebraska,Howard,57,5,0,41.2200529,-98.5166499,31093.0,884.4065166795965,8.771929824561402,52,57,5,0,52,57,6468,0,0,0,0,0
2020-08-19,US,Nebraska,Jefferson,19,0,0,40.17584531,-97.142601,31095.0,269.6565427192733,0.0,19,19,0,0,19,19,7097,0,0,0,0,0
2020-08-19,US,Nebraska,Johnson,20,0,0,40.39257596,-96.26522753,31097.0,394.399526720568,0.0,20,20,0,0,20,19,5134,0,0,0,0,1
2020-08-19,US,Nebraska,Kearney,88,0,0,40.50663314,-98.94877182,31099.0,1354.888375673595,0.0,88,85,0,0,85,84,6544,3,0,0,3,1
2020-08-19,US,Nebraska,Keith,41,0,0,41.19930341,-101.66201640000001,31101.0,510.3310928553648,0.0,41,43,0,0,43,41,8021,-2,0,0,-2,2
2020-08-19,US,Nebraska,Kimball,15,0,0,41.19774275,-103.7148131,31105.0,412.9955947136564,0.0,15,15,0,0,15,15,3618,0,0,0,0,0
2020-08-19,US,Nebraska,Knox,44,0,0,42.63758421,-97.89178836,31107.0,528.0844935189631,0.0,44,44,0,0,44,43,8419,0,0,0,0,1
2020-08-19,US,Nebraska,Lancaster,3497,20,0,40.78416049,-96.68777155,31109.0,1095.9290482309066,0.5719187875321704,3477,3470,20,0,3450,3451,317272,27,0,0,27,19
2020-08-19,US,Nebraska,Lincoln,222,2,0,41.04658298,-100.74753740000001,31111.0,635.8480838632067,0.9009009009009008,220,213,2,0,211,200,35185,9,0,0,9,13
2020-08-19,US,Nebraska,Logan,1,0,0,41.56650314,-100.4817851,31113.0,133.6898395721925,0.0,1,1,0,0,1,,749,0,0,0,0,
2020-08-19,US,Nebraska,Madison,515,5,0,41.91676024,-97.6005481,31119.0,1467.2782700361836,0.9708737864077671,510,499,5,0,494,492,35392,16,0,0,16,7
2020-08-19,US,Nebraska,McPherson,6,0,0,41.56797682,-101.05993620000001,31117.0,1214.5748987854256,0.0,6,6,0,0,6,6,492,0,0,0,0,0
2020-08-19,US,Nebraska,Merrick,64,0,0,41.16624273,-98.0374887,31121.0,825.2740167633784,0.0,64,63,0,0,63,63,7733,1,0,0,1,0
2020-08-19,US,Nebraska,Morrill,63,0,0,41.71711774,-103.0061405,31123.0,1357.1736320551486,0.0,63,63,0,0,63,63,4686,0,0,0,0,0
2020-08-19,US,Nebraska,Nance,11,0,0,41.39750195,-97.99327291,31125.0,312.588803637397,0.0,11,11,0,0,11,11,3532,0,0,0,0,0
2020-08-19,US,Nebraska,Nemaha,53,0,0,40.38514847,-95.85433992,31127.0,760.1835915088928,0.0,53,52,0,0,52,52,6958,1,0,0,1,0
2020-08-19,US,Nebraska,Nuckolls,6,0,0,40.17637905,-98.04743961,31129.0,144.64802314368367,0.0,6,6,0,0,6,6,4195,0,0,0,0,0
2020-08-19,US,Nebraska,Otoe,77,0,0,40.64843556,-96.13374142,31131.0,480.8893330002498,0.0,77,72,0,0,72,70,15985,5,0,0,5,2
2020-08-19,US,Nebraska,Pawnee,10,0,0,40.13141096,-96.23705437,31133.0,382.70187523918884,0.0,10,9,0,0,9,9,2632,1,0,0,1,0
2020-08-19,US,Nebraska,Perkins,25,7,0,40.85082525,-101.6502942,31135.0,864.7526807333103,28.0,18,24,7,0,17,24,2929,1,0,0,1,0
2020-08-19,US,Nebraska,Phelps,51,0,0,40.51156033,-99.41461667,31137.0,564.5339827319018,0.0,51,51,0,0,51,49,8996,0,0,0,0,2
2020-08-19,US,Nebraska,Pierce,53,1,0,42.26434853,-97.60122773,31139.0,741.4661443760492,1.8867924528301887,52,51,1,0,50,48,7142,2,0,0,2,3
2020-08-19,US,Nebraska,Platte,824,3,0,41.57246836,-97.52144359,31141.0,2461.906184642964,0.3640776699029126,821,823,3,0,820,821,33363,1,0,0,1,2
2020-08-19,US,Nebraska,Polk,28,0,0,41.18813488,-97.56630712,31143.0,537.1187416075196,0.0,28,28,0,0,28,28,5278,0,0,0,0,0
2020-08-19,US,Nebraska,Red Willow,18,0,0,40.17556879999999,-100.476998,31145.0,167.84781797836632,0.0,18,18,0,0,18,18,10726,0,0,0,0,0
2020-08-19,US,Nebraska,Richardson,28,1,0,40.1247415,-95.71755036,31147.0,356.00762873490135,3.571428571428572,27,28,1,0,27,28,7937,0,0,0,0,0
2020-08-19,US,Nebraska,Rock,3,0,0,42.42252217,-99.44832069,31149.0,221.07590272660286,0.0,3,3,0,0,3,3,1360,0,0,0,0,0
2020-08-19,US,Nebraska,Saline,607,2,0,40.52418865,-97.14085859,31151.0,4267.435320584927,0.32948929159802304,605,604,2,0,602,604,14350,3,0,0,3,0
2020-08-19,US,Nebraska,Sarpy,2571,13,0,41.11314181,-96.11156432,31153.0,1373.4267826235605,0.5056398288603656,2558,2545,11,0,2534,2506,184459,26,2,0,24,39
2020-08-19,US,Nebraska,Saunders,185,2,0,41.227810299999994,-96.63773905,31155.0,857.3547131337473,1.0810810810810811,183,181,2,0,179,181,21303,4,0,0,4,0
2020-08-19,US,Nebraska,Scotts Bluff,320,6,0,41.85070896,-103.70809859999999,31157.0,898.4221461059018,1.875,314,319,6,0,313,315,35989,1,0,0,1,4
2020-08-19,US,Nebraska,Seward,136,1,0,40.87241834,-97.139673,31159.0,786.8548947003009,0.7352941176470589,135,135,1,0,134,134,17318,1,0,0,1,1
2020-08-19,US,Nebraska,Sheridan,12,0,0,42.50284406,-102.4126613,31161.0,228.7457110179184,0.0,12,12,0,0,12,12,5190,0,0,0,0,0
2020-08-19,US,Nebraska,Sherman,14,0,0,41.22045983,-98.97588642,31163.0,466.5111629456848,0.0,14,15,0,0,15,15,3038,-1,0,0,-1,0
2020-08-19,US,Nebraska,Sioux,5,0,0,42.48932059,-103.7576544,31165.0,428.8164665523156,0.0,5,5,0,0,5,5,1187,0,0,0,0,0
2020-08-19,US,Nebraska,Stanton,32,0,0,41.9169835,-97.19394708,31167.0,540.5405405405405,0.0,32,32,0,0,32,33,5970,0,0,0,0,-1
2020-08-19,US,Nebraska,Thayer,27,0,0,40.17626377,-97.59504381,31169.0,539.6761942834298,0.0,27,27,0,0,27,27,5039,0,0,0,0,0
2020-08-19,US,Nebraska,Thomas,2,0,0,41.91358968,-100.5556632,31171.0,277.0083102493075,0.0,2,2,0,0,2,2,720,0,0,0,0,0
2020-08-19,US,Nebraska,Thurston,212,4,0,42.15725356,-96.54157099,31173.0,2934.662236987819,1.8867924528301887,208,212,4,0,208,211,7303,0,0,0,0,1
2020-08-19,US,Nebraska,Unassigned,178,0,0,0.0,0.0,90031.0,0.0,0.0,178,163,1,0,162,159,,15,-1,0,16,4
2020-08-19,US,Nebraska,Valley,15,0,0,41.56730777,-98.98197724,31175.0,360.7503607503608,0.0,15,13,0,0,13,13,4190,2,0,0,2,0
2020-08-19,US,Nebraska,Washington,148,1,0,41.52815707,-96.22019892,31177.0,713.9755897534856,0.6756756756756757,147,148,1,0,147,148,20667,0,0,0,0,0
2020-08-19,US,Nebraska,Wayne,39,0,0,42.20934475,-97.11926964,31179.0,415.55673947789023,0.0,39,39,0,0,39,39,9403,0,0,0,0,0
2020-08-19,US,Nebraska,Webster,10,0,0,40.17642643,-98.50019851,31181.0,286.77946659019216,0.0,10,10,0,0,10,10,3533,0,0,0,0,0
2020-08-19,US,Nebraska,Wheeler,1,0,0,41.91482725,-98.52798941,31183.0,127.7139208173691,0.0,1,1,0,0,1,1,805,0,0,0,0,0
2020-08-19,US,Nebraska,York,97,0,0,40.87272618,-97.59710186,31185.0,709.1161634622414,0.0,97,94,0,0,94,93,13772,3,0,0,3,1
2020-08-19,US,Nevada,Carson City,396,8,0,39.15509045,-119.7480219,32510.0,708.2051648901926,2.0202020202020203,388,391,8,0,383,388,55414,5,0,0,5,3
2020-08-19,US,Nevada,Churchill,81,1,0,39.58105744,-118.3394607,32001.0,325.1836685535349,1.2345679012345678,80,87,1,0,86,82,24440,-6,0,0,-6,5
2020-08-19,US,Nevada,Clark,54353,969,0,36.21458855,-115.0130241,32003.0,2397.875339422909,1.7827902783654996,53384,54076,937,0,53139,53458,2231647,277,32,0,245,618
2020-08-19,US,Nevada,Douglas,216,1,0,38.912862,-119.61713329999999,32005.0,441.67263061036704,0.462962962962963,215,216,1,0,215,216,48467,0,0,0,0,0
2020-08-19,US,Nevada,Elko,643,3,0,41.14531606,-115.3577619,32007.0,1218.3106597445906,0.4665629860031104,640,643,3,0,640,640,52460,0,0,0,0,3
2020-08-19,US,Nevada,Eureka,5,0,0,39.98100864,-116.26832040000001,32011.0,246.4268112370626,0.0,5,5,0,0,5,5,2003,0,0,0,0,0
2020-08-19,US,Nevada,Humboldt,105,4,0,41.40692186,-118.11094270000001,32013.0,623.8488503356901,3.809523809523809,101,104,4,0,100,104,16786,1,0,0,1,0
2020-08-19,US,Nevada,Lander,52,1,0,39.933223299999995,-117.03970749999999,32015.0,939.9855386840204,1.9230769230769231,51,52,1,0,51,52,5575,0,0,0,0,0
2020-08-19,US,Nevada,Lincoln,5,0,0,37.64268459,-114.8790388,32017.0,96.46922631680496,0.0,5,5,0,0,5,5,5201,0,0,0,0,0
2020-08-19,US,Nevada,Lyon,276,6,0,39.01777974,-119.18704790000001,32019.0,479.9165362545645,2.1739130434782608,270,273,6,0,267,271,55808,3,0,0,3,2
2020-08-19,US,Nevada,Mineral,12,0,0,38.53841696,-118.4344506,32021.0,266.37069922308547,0.0,12,11,0,0,11,11,4514,1,0,0,1,0
2020-08-19,US,Nevada,Nye,442,13,0,38.04264256,-116.47227020000001,32023.0,950.0677084452852,2.9411764705882355,429,441,13,0,428,441,45346,1,0,0,1,0
2020-08-19,US,Nevada,Pershing,17,0,0,40.44003782,-118.40056409999998,32027.0,252.78810408921933,0.0,17,15,0,0,15,14,6666,2,0,0,2,1
2020-08-19,US,Nevada,Storey,6,0,0,39.44875482,-119.5250207,32029.0,145.52510308028138,0.0,6,6,0,0,6,6,4029,0,0,0,0,0
2020-08-19,US,Nevada,Washoe,6402,127,0,40.66562265,-119.6631594,32031.0,1357.739560866052,1.9837550765385816,6275,6297,127,0,6170,6258,465735,105,0,0,105,39
2020-08-19,US,Nevada,White Pine,17,1,0,39.44157041,-114.89996599999999,32033.0,177.45302713987473,5.882352941176472,16,17,1,0,16,16,9475,0,0,0,0,1
2020-08-19,US,New Hampshire,Belknap,121,4,0,43.51637314,-71.41684235,33001.0,197.38022609007717,3.3057851239669422,117,121,4,0,117,121,61022,0,0,0,0,0
2020-08-19,US,New Hampshire,Carroll,98,1,0,43.87498583,-71.20430216,33003.0,200.36802289920257,1.020408163265306,97,98,1,0,97,96,48779,0,0,0,0,2
2020-08-19,US,New Hampshire,Cheshire,107,3,0,42.92015988,-72.25311043,33005.0,140.6321876848262,2.803738317757009,104,107,3,0,104,107,76493,0,0,0,0,0
2020-08-19,US,New Hampshire,Coos,17,0,0,44.69063265,-71.30633239,33007.0,53.86053290244907,0.0,17,17,0,0,17,17,31589,0,0,0,0,0
2020-08-19,US,New Hampshire,Grafton,107,1,0,43.93779815,-71.82057197,33009.0,119.03967247402264,0.9345794392523364,106,107,1,0,106,107,89786,0,0,0,0,0
2020-08-19,US,New Hampshire,Hillsborough,3960,282,0,42.91537785,-71.7200253,33011.0,949.5833583118518,7.121212121212121,3678,3948,281,0,3667,3942,415247,12,1,0,11,6
2020-08-19,US,New Hampshire,Merrimack,477,23,0,43.29662971,-71.6811573,33013.0,315.0781750566414,4.821802935010481,454,475,23,0,452,474,151132,2,0,0,2,1
2020-08-19,US,New Hampshire,Rockingham,1738,99,0,42.98499744,-71.12883377,33015.0,561.0632439011005,5.69620253164557,1639,1733,97,0,1636,1729,309176,5,2,0,3,4
2020-08-19,US,New Hampshire,Strafford,367,13,0,43.291833000000004,-71.02336013,33017.0,280.93973192072445,3.5422343324250685,354,367,13,0,354,367,130090,0,0,0,0,0
2020-08-19,US,New Hampshire,Sullivan,44,1,0,43.36094111,-72.22203125,33019.0,101.97932600936356,2.272727272727273,43,44,1,0,43,44,43144,0,0,0,0,0
2020-08-19,US,New Jersey,Atlantic,3632,253,0,39.47538693,-74.65848483,34001.0,1377.4794250388745,6.965859030837004,3379,3618,254,0,3364,3602,265429,14,-1,0,15,16
2020-08-19,US,New Jersey,Bergen,21307,2033,0,40.96010917,-74.07164325,34003.0,2285.663407716353,9.541465246163233,19274,21303,2036,0,19267,21277,936692,4,-3,0,7,26
2020-08-19,US,New Jersey,Burlington,6201,480,0,39.87681124,-74.66927768,34005.0,1392.391135940577,7.740686985970004,5721,6175,478,0,5697,6159,445384,26,2,0,24,16
2020-08-19,US,New Jersey,Camden,8882,582,0,39.80343818,-74.96388753,34007.0,1753.7035684175405,6.552578248142312,8300,8845,583,0,8262,8820,507078,37,-1,0,38,25
2020-08-19,US,New Jersey,Cape May,858,90,0,39.15008829,-74.80170244,34009.0,932.2135181825096,10.48951048951049,768,853,90,0,763,848,92560,5,0,0,5,5
2020-08-19,US,New Jersey,Cumberland,3454,158,0,39.37199394,-75.10712559,34011.0,2309.950711242785,4.574406485234512,3296,3441,158,0,3283,3438,150972,13,0,0,13,3
2020-08-19,US,New Jersey,Essex,20036,2112,0,40.78681335,-74.24657979,34013.0,2507.713007290591,10.541026152924736,17924,20001,2111,0,17890,19938,799767,35,1,0,34,63
2020-08-19,US,New Jersey,Gloucester,3481,218,0,39.71581067,-75.13995546,34015.0,1193.6112139790698,6.262568227520827,3263,3458,217,0,3241,3445,291408,23,1,0,22,13
2020-08-19,US,New Jersey,Hudson,19955,1509,0,40.73766234,-74.07515667,34017.0,2967.767266367337,7.562014532698572,18446,19936,1509,0,18427,19911,676061,19,0,0,19,25
2020-08-19,US,New Jersey,Hunterdon,1171,124,0,40.56335249,-74.91284156,34019.0,941.5378183016941,10.58923996584116,1047,1165,124,0,1041,1163,124714,6,0,0,6,2
2020-08-19,US,New Jersey,Mercer,8225,624,0,40.28047017,-74.70479631,34021.0,2238.5216231663176,7.5866261398176285,7601,8211,623,0,7588,8199,369811,14,1,0,13,12
2020-08-19,US,New Jersey,Middlesex,18168,1418,0,40.43629879,-74.41426991,34023.0,2202.0163333179808,7.804931748128578,16750,18133,1416,0,16717,18119,829685,35,2,0,33,14
2020-08-19,US,New Jersey,Monmouth,10524,857,0,40.26549699,-74.22240686,34025.0,1700.724795772429,8.143291524135309,9667,10509,858,0,9651,10496,621354,15,-1,0,16,13
2020-08-19,US,New Jersey,Morris,7371,830,0,40.86095313,-74.54553709999998,34027.0,1498.6428651302747,11.260344593677926,6541,7358,830,0,6528,7350,494228,13,0,0,13,8
2020-08-19,US,New Jersey,Ocean,10826,1023,0,39.8895449,-74.28089251,34029.0,1782.9791859496106,9.449473489746904,9803,10805,1020,0,9785,10763,601651,21,3,0,18,42
2020-08-19,US,New Jersey,Passaic,18039,1245,0,41.03238628,-74.29954144,34031.0,3594.6722569177364,6.901712955263594,16794,18002,1245,0,16757,17963,503310,37,0,0,37,39
2020-08-19,US,New Jersey,Salem,941,87,0,39.58719656,-75.34696629999998,34033.0,1508.3754107557907,9.245483528161529,854,937,87,0,850,933,62607,4,0,0,4,4
2020-08-19,US,New Jersey,Somerset,5329,565,0,40.56465737,-74.61683016,34035.0,1620.0818401259824,10.602364421092137,4764,5323,566,0,4757,5317,331164,6,-1,0,7,6
2020-08-19,US,New Jersey,Sussex,1355,198,0,41.13891592,-74.69118243,34037.0,964.4951882011276,14.612546125461256,1157,1355,198,0,1157,1353,140799,0,0,0,0,2
2020-08-19,US,New Jersey,Unassigned,378,0,0,0.0,0.0,90034.0,0.0,0.0,378,402,0,0,402,426,,-24,0,0,-24,-24
2020-08-19,US,New Jersey,Union,16921,1349,0,40.65835409,-74.30680092,34039.0,3041.4799556387184,7.972342060161929,15572,16898,1350,0,15548,16879,558067,23,-1,0,24,19
2020-08-19,US,New Jersey,Warren,1373,171,0,40.85951833,-74.99556527,34041.0,1304.3023929626568,12.454479242534594,1202,1370,172,0,1198,1368,105779,3,-1,0,4,2
2020-08-19,US,New Mexico,Bernalillo,5416,143,0,35.05163625,-106.6703554,35001.0,797.5014761728764,2.640324963072378,5273,5383,140,0,5243,5365,678701,33,3,0,30,18
2020-08-19,US,New Mexico,Catron,5,1,0,33.91514144,-108.4046587,35003.0,141.7635384179189,20.0,4,5,1,0,4,6,3578,0,0,0,0,-1
2020-08-19,US,New Mexico,Chaves,567,6,0,33.36406072,-104.4665365,35005.0,877.5052232453764,1.058201058201058,561,548,6,0,542,544,64689,19,0,0,19,4
2020-08-19,US,New Mexico,Cibola,388,19,0,34.91131525,-107.998876,35006.0,1454.5454545454545,4.896907216494847,369,385,19,0,366,383,26746,3,0,0,3,2
2020-08-19,US,New Mexico,Colfax,19,1,0,36.60569702,-104.64726740000002,35007.0,159.11565195544762,5.2631578947368425,18,19,1,0,18,18,12110,0,0,0,0,1
2020-08-19,US,New Mexico,Curry,611,3,0,34.57421077,-103.34688759999999,35009.0,1248.1104710544596,0.4909983633387889,608,603,3,0,600,597,49437,8,0,0,8,6
2020-08-19,US,New Mexico,Dona Ana,2664,36,0,32.35275771,-106.83293870000001,35013.0,1220.9262357065927,1.351351351351351,2628,2648,36,0,2612,2640,217522,16,0,0,16,8
2020-08-19,US,New Mexico,Eddy,394,5,0,32.47167456,-104.3053527,35015.0,673.9651043448512,1.269035532994924,389,379,5,0,374,376,57900,15,0,0,15,3
2020-08-19,US,New Mexico,Grant,72,2,0,32.73911281,-108.3827845,35017.0,266.6864212163864,2.7777777777777777,70,72,2,0,70,72,27346,0,0,0,0,0
2020-08-19,US,New Mexico,Guadalupe,32,0,0,34.86319296,-104.790669,35019.0,744.1860465116278,0.0,32,32,0,0,32,32,4341,0,0,0,0,0
2020-08-19,US,New Mexico,Harding,2,0,0,35.85751555,-103.82209379999999,35021.0,320.0,0.0,2,2,0,0,2,2,655,0,0,0,0,0
2020-08-19,US,New Mexico,Hidalgo,93,0,0,31.91383467,-108.7151824,35023.0,2215.340638399238,0.0,93,93,0,0,93,93,4240,0,0,0,0,0
2020-08-19,US,New Mexico,Lea,965,7,0,32.79215361,-103.4123733,35025.0,1357.8162375123118,0.7253886010362695,958,942,7,0,935,930,69611,23,0,0,23,12
2020-08-19,US,New Mexico,Lincoln,160,2,0,33.74526079,-105.4586166,35027.0,817.4943797261394,1.25,158,157,2,0,155,157,19556,3,0,0,3,0
2020-08-19,US,New Mexico,Los Alamos,24,0,0,35.86631386,-106.31349850000001,35028.0,123.90933966647735,0.0,24,23,0,0,23,24,19101,1,0,0,1,-1
2020-08-19,US,New Mexico,Luna,259,5,0,32.18179341,-107.75088259999998,35029.0,1092.4121641570712,1.9305019305019304,254,257,5,0,252,257,23963,2,0,0,2,0
2020-08-19,US,New Mexico,McKinley,4134,235,0,35.58007720000001,-108.262245,35031.0,5792.593215351633,5.684567005321723,3899,4131,234,0,3897,4125,72290,3,1,0,2,6
2020-08-19,US,New Mexico,Mora,6,0,0,36.01095101,-104.9497716,35033.0,132.71400132713998,0.0,6,6,0,0,6,6,4506,0,0,0,0,0
2020-08-19,US,New Mexico,Otero,211,11,0,32.61348406,-105.7417604,35035.0,312.63890946806936,5.213270142180095,200,211,11,0,200,209,66781,0,0,0,0,2
2020-08-19,US,New Mexico,Quay,51,1,0,35.10403332,-103.54817270000001,35037.0,617.9571065067248,1.96078431372549,50,51,1,0,50,50,8253,0,0,0,0,1
2020-08-19,US,New Mexico,Rio Arriba,331,10,0,36.51072137,-106.69316740000001,35039.0,850.4406361604275,3.0211480362537766,321,327,10,0,317,326,39006,4,0,0,4,1
2020-08-19,US,New Mexico,Roosevelt,177,1,0,34.02097406,-103.4799493,35041.0,956.7567567567568,0.5649717514124294,176,176,1,0,175,175,18743,1,0,0,1,1
2020-08-19,US,New Mexico,San Juan,3116,189,0,36.50838318,-108.32043700000001,35045.0,2513.754658836057,6.065468549422335,2927,3106,188,0,2918,3104,125043,10,1,0,9,2
2020-08-19,US,New Mexico,San Miguel,56,0,0,35.48014807,-104.8163562,35047.0,205.3011694834476,0.0,56,55,0,0,55,55,27591,1,0,0,1,0
2020-08-19,US,New Mexico,Sandoval,1172,33,0,35.68862401,-106.86878030000001,35043.0,798.648022460272,2.815699658703072,1139,1162,33,0,1129,1161,145179,10,0,0,10,1
2020-08-19,US,New Mexico,Santa Fe,723,3,0,35.50708973,-105.9774716,35049.0,480.8523656872265,0.4149377593360996,720,711,3,0,708,701,150056,12,0,0,12,10
2020-08-19,US,New Mexico,Sierra,34,1,0,33.13028233,-107.1925893,35051.0,315.0773792975628,2.9411764705882355,33,34,1,0,33,34,10968,0,0,0,0,0
2020-08-19,US,New Mexico,Socorro,75,6,0,34.00715494,-106.9298354,35053.0,450.8024283224138,8.0,69,75,6,0,69,75,16735,0,0,0,0,0
2020-08-19,US,New Mexico,Taos,116,2,0,36.58006022,-105.63101979999999,35055.0,354.4907251780093,1.7241379310344829,114,116,1,0,115,115,32835,0,1,0,-1,1
2020-08-19,US,New Mexico,Torrance,63,1,0,34.64048375,-105.8508949,35057.0,407.4768773041847,1.5873015873015872,62,63,1,0,62,63,15591,0,0,0,0,0
2020-08-19,US,New Mexico,Unassigned,1314,0,0,0.0,0.0,90035.0,0.0,0.0,1314,1311,0,0,1311,1311,,3,0,0,3,0
2020-08-19,US,New Mexico,Union,31,2,0,36.48126404,-103.4709624,35059.0,763.7349100763735,6.451612903225807,29,30,2,0,28,30,4118,1,0,0,1,0
2020-08-19,US,New Mexico,Valencia,468,4,0,34.71669834,-106.8103733,35061.0,610.2649697475485,0.8547008547008547,464,466,4,0,462,464,76456,2,0,0,2,2
2020-08-19,US,New York,Albany,2675,129,0,42.60060306,-73.97723916,36001.0,875.5965512952283,4.822429906542057,2546,2661,129,0,2532,2657,307117,14,0,0,14,4
2020-08-19,US,New York,Allegany,80,1,0,42.25748406,-78.02750466,36003.0,173.56967737736218,1.25,79,80,1,0,79,80,46430,0,0,0,0,0
2020-08-19,US,New York,Broome,1189,69,0,42.15903158,-75.81326086,36007.0,624.1863004493721,5.8031959629941126,1120,1177,69,0,1108,1172,191659,12,0,0,12,5
2020-08-19,US,New York,Cattaraugus,173,6,0,42.24778241,-78.67923096,36009.0,227.28168477475467,3.4682080924855487,167,172,6,0,166,171,76840,1,0,0,1,1
2020-08-19,US,New York,Cayuga,164,2,0,42.91261714,-76.55731592,36011.0,214.16631842875046,1.2195121951219512,162,164,2,0,162,164,77145,0,0,0,0,0
2020-08-19,US,New York,Chautauqua,272,9,0,42.22769210000001,-79.36691763,36013.0,214.33693450903442,3.3088235294117645,263,271,9,0,262,265,127939,1,0,0,1,6
2020-08-19,US,New York,Chemung,191,3,0,42.13891056,-76.7638805,36015.0,228.86311349693253,1.5706806282722514,188,190,3,0,187,190,84254,1,0,0,1,0
2020-08-19,US,New York,Chenango,218,6,0,42.49430041,-75.60887553,36017.0,461.79592009659586,2.7522935779816518,212,218,6,0,212,218,47536,0,0,0,0,0
2020-08-19,US,New York,Clinton,134,4,0,44.74530905,-73.67875352,36019.0,166.49065043175747,2.985074626865672,130,134,4,0,130,133,80695,0,0,0,0,1
2020-08-19,US,New York,Columbia,559,37,0,42.24819348,-73.63089095,36021.0,940.1120061889303,6.6189624329159225,522,558,37,0,521,552,59916,1,0,0,1,6
2020-08-19,US,New York,Cortland,97,0,0,42.59509207,-76.07048931,36023.0,203.86288644627052,0.0,97,97,0,0,97,97,47823,0,0,0,0,0
2020-08-19,US,New York,Delaware,108,4,0,42.19837623,-74.96709306,36025.0,244.70374985838902,3.703703703703704,104,107,4,0,103,107,44527,1,0,0,1,0
2020-08-19,US,New York,Dutchess,4710,153,0,41.76486060000001,-73.74356679,36027.0,1600.8537886872998,3.248407643312102,4557,4704,153,0,4551,4700,293718,6,0,0,6,4
2020-08-19,US,New York,Erie,9241,676,0,42.76249024,-78.73063652,36029.0,1005.8756811240207,7.315225624932366,8565,9187,674,0,8513,9157,919719,54,2,0,52,30
2020-08-19,US,New York,Essex,63,0,0,44.11630765,-73.77297842,36031.0,170.80113867425786,0.0,63,63,0,0,63,59,37300,0,0,0,0,4
2020-08-19,US,New York,Franklin,56,0,0,44.59040891,-74.29926032,36033.0,111.9507416736636,0.0,56,55,0,0,55,54,50293,1,0,0,1,1
2020-08-19,US,New York,Fulton,305,24,0,43.11363907,-74.41798804,36035.0,571.3429368900213,7.868852459016392,281,305,24,0,281,303,53591,0,0,0,0,2
2020-08-19,US,New York,Genesee,289,5,0,43.0022601,-78.19135193,36037.0,504.53910614525137,1.7301038062283738,284,288,5,0,283,285,57511,1,0,0,1,3
2020-08-19,US,New York,Greene,300,18,0,42.275797,-74.12384884,36039.0,635.7548529287106,6.0,282,300,18,0,282,298,47491,0,0,0,0,2
2020-08-19,US,New York,Hamilton,11,0,0,43.66146647,-74.49721957,36041.0,249.09420289855072,0.0,11,11,0,0,11,11,4434,0,0,0,0,0
2020-08-19,US,New York,Herkimer,284,4,0,43.42034246,-74.96145307,36043.0,463.1517148029159,1.4084507042253518,280,284,4,0,280,284,61833,0,0,0,0,0
2020-08-19,US,New York,Jefferson,143,0,0,44.04200959,-75.94653457,36045.0,130.19647832183114,0.0,143,143,0,0,143,143,111755,0,0,0,0,0
2020-08-19,US,New York,Lewis,47,0,0,43.784415700000004,-75.44903992,36049.0,178.73440827502282,0.0,47,47,0,0,47,47,26447,0,0,0,0,0
2020-08-19,US,New York,Livingston,178,8,0,42.72596275,-77.77966158,36051.0,282.9258988460438,4.49438202247191,170,178,8,0,170,178,63227,0,0,0,0,0
2020-08-19,US,New York,Madison,424,17,0,42.91653905,-75.67266639,36053.0,597.6797620557928,4.0094339622641515,407,423,17,0,406,421,70795,1,0,0,1,2
2020-08-19,US,New York,Monroe,5241,285,0,43.14638895,-77.69322942,36055.0,706.5532442670909,5.437893531768746,4956,5213,285,0,4928,5183,742474,28,0,0,28,30
2020-08-19,US,New York,Montgomery,189,4,0,42.90123494,-74.44011632,36057.0,383.98244651673065,2.1164021164021163,185,188,4,0,184,188,49455,1,0,0,1,0
2020-08-19,US,New York,Nassau,44063,2195,0,40.74066522,-73.58941873,36059.0,3247.271033602472,4.981503755985748,41868,44001,2195,0,41806,43955,1358343,62,0,0,62,46
2020-08-19,US,New York,New York City,231015,23643,0,40.76727260000001,-73.97152637,36061.0,2771.021602129446,10.234400363612751,207372,230742,23642,0,207100,230458,1628701,273,1,0,272,284
2020-08-19,US,New York,Niagara,1544,98,0,43.19898042,-78.74777412,36063.0,737.7640588491072,6.347150259067358,1446,1535,98,0,1437,1532,210433,9,0,0,9,3
2020-08-19,US,New York,Oneida,2218,117,0,43.24375382,-75.43710392,36065.0,969.9524644576708,5.27502254283138,2101,2213,117,0,2096,2201,229577,5,0,0,5,12
2020-08-19,US,New York,Onondaga,3712,203,0,43.00491923,-76.19971155,36067.0,806.0313379425355,5.46875,3509,3696,203,0,3493,3680,461809,16,0,0,16,16
2020-08-19,US,New York,Ontario,371,34,0,42.85145728,-77.30874425,36069.0,337.95786002532407,9.164420485175203,337,371,34,0,337,369,109864,0,0,0,0,2
2020-08-19,US,New York,Orange,11282,493,0,41.40337468,-74.30240757,36071.0,2930.8463656673766,4.369792589966319,10789,11269,491,0,10778,11256,381951,13,2,0,11,13
2020-08-19,US,New York,Orleans,303,54,0,43.2516977,-78.2320066,36073.0,750.8921490880252,17.821782178217823,249,302,54,0,248,302,40612,1,0,0,1,0
2020-08-19,US,New York,Oswego,274,3,0,43.42778894,-76.14635194,36075.0,233.94009767425976,1.094890510948905,271,272,3,0,269,272,117898,2,0,0,2,0
2020-08-19,US,New York,Otsego,122,5,0,42.63492579,-75.03151402,36077.0,205.06614223522087,4.0983606557377055,117,120,5,0,115,118,59749,2,0,0,2,2
2020-08-19,US,New York,Putnam,1466,63,0,41.42630093,-73.74965532,36079.0,1491.0496338486575,4.297407912687587,1403,1463,63,0,1400,1463,98892,3,0,0,3,0
2020-08-19,US,New York,Rensselaer,804,40,0,42.71348136,-73.51089874,36083.0,506.5715689857228,4.975124378109452,764,801,38,0,763,795,159442,3,2,0,1,6
2020-08-19,US,New York,Rockland,14067,674,0,41.15027894,-74.02560498,36087.0,4317.825340941529,4.791355655079263,13393,14053,674,0,13379,14011,325695,14,0,0,14,42
2020-08-19,US,New York,Saratoga,800,17,0,43.10904162,-73.86653895,36091.0,348.0333938041355,2.125,783,800,17,0,783,795,230163,0,0,0,0,5
2020-08-19,US,New York,Schenectady,1133,37,0,42.81668777,-74.05278291,36093.0,729.5603963966284,3.265666372462489,1096,1130,37,0,1093,1121,155350,3,0,0,3,9
2020-08-19,US,New York,Schoharie,69,0,0,42.58831742,-74.44339029999998,36095.0,222.58782541372295,0.0,69,69,0,0,69,69,31097,0,0,0,0,0
2020-08-19,US,New York,Schuyler,23,0,0,42.39184015,-76.8773299,36097.0,129.16268883023528,0.0,23,23,0,0,23,23,17912,0,0,0,0,0
2020-08-19,US,New York,Seneca,95,3,0,42.78081007,-76.82497064,36099.0,279.28033866415797,3.1578947368421053,92,95,3,0,92,94,34300,0,0,0,0,1
2020-08-19,US,New York,St. Lawrence,264,4,0,44.4976179,-75.06550039,36089.0,245.03434193428623,1.5151515151515151,260,263,4,0,259,263,108047,1,0,0,1,0
2020-08-19,US,New York,Steuben,307,42,0,42.2689144,-77.3829924,36101.0,321.8737877310519,13.680781758957655,265,307,42,0,265,307,95796,0,0,0,0,0
2020-08-19,US,New York,Suffolk,44305,2000,0,40.88320119,-72.8012172,36103.0,3000.472030020297,4.51416318699921,42305,44235,2000,0,42235,44185,1481093,70,0,0,70,50
2020-08-19,US,New York,Sullivan,1494,48,0,41.71579493,-74.76394559,36105.0,1980.5917912822144,3.21285140562249,1446,1493,48,0,1445,1493,75498,1,0,0,1,0
2020-08-19,US,New York,Tioga,199,25,0,42.16852837,-76.30835812,36107.0,412.8373752670996,12.562814070351761,174,198,25,0,173,196,48560,1,0,0,1,2
2020-08-19,US,New York,Tompkins,238,0,0,42.44945765,-76.47229843,36109.0,232.92229399099628,0.0,238,238,0,0,238,238,102793,0,0,0,0,0
2020-08-19,US,New York,Ulster,2106,93,0,41.89027881,-74.26252104,36111.0,1185.9911135138789,4.415954415954416,2013,2100,92,0,2008,2098,178599,6,1,0,5,2
2020-08-19,US,New York,Warren,313,33,0,43.56173026,-73.8433699,36113.0,489.49080445389717,10.543130990415335,280,313,33,0,280,312,64265,0,0,0,0,1
2020-08-19,US,New York,Washington,262,14,0,43.31153794,-73.43043448,36115.0,428.0765963008954,5.343511450381679,248,262,14,0,248,261,61197,0,0,0,0,1
2020-08-19,US,New York,Wayne,270,3,0,43.15494365,-77.02976528,36117.0,300.2735825974777,1.1111111111111112,267,270,3,0,267,269,90064,0,0,0,0,1
2020-08-19,US,New York,Westchester,36563,1448,0,41.16278376,-73.75741653,36119.0,3779.09801076169,3.960287722561058,35115,36540,1448,0,35092,36486,967612,23,0,0,23,54
2020-08-19,US,New York,Wyoming,120,5,0,42.70145109,-78.22199579,36121.0,301.0612408740812,4.166666666666667,115,120,5,0,115,118,40085,0,0,0,0,2
2020-08-19,US,New York,Yates,59,7,0,42.63505484,-77.10369919,36123.0,236.82414803516238,11.864406779661017,52,59,7,0,52,59,24841,0,0,0,0,0
2020-08-19,US,North Carolina,Alamance,2698,44,0,36.0434701,-79.39976137,37001.0,1591.6559002766815,1.630837657524092,2654,2681,42,0,2639,2653,166436,17,2,0,15,28
2020-08-19,US,North Carolina,Alexander,351,2,0,35.922379600000006,-81.17751948,37003.0,936.0748859908792,0.5698005698005698,349,346,2,0,344,342,37353,5,0,0,5,4
2020-08-19,US,North Carolina,Alleghany,182,0,0,36.49360862,-81.12857041,37005.0,1634.1923318667505,0.0,182,181,0,0,181,180,11161,1,0,0,1,1
2020-08-19,US,North Carolina,Anson,384,3,0,34.97403241,-80.09953279,37007.0,1570.80913032807,0.78125,381,381,3,0,378,377,24877,3,0,0,3,4
2020-08-19,US,North Carolina,Ashe,177,1,0,36.43296207,-81.49862729,37009.0,650.6635297577473,0.5649717514124294,176,175,1,0,174,174,27109,2,0,0,2,1
2020-08-19,US,North Carolina,Avery,113,0,0,36.07569796,-81.92308483,37011.0,643.6179301703023,0.0,113,110,0,0,110,108,17505,3,0,0,3,2
2020-08-19,US,North Carolina,Beaufort,465,3,0,35.48531943,-76.84325809,37013.0,989.4880197472017,0.6451612903225806,462,462,2,0,460,460,47079,3,1,0,2,2
2020-08-19,US,North Carolina,Bertie,328,5,0,36.0688473,-76.96545943,37015.0,1731.1447722594605,1.5243902439024388,323,326,5,0,321,323,19026,2,0,0,2,3
2020-08-19,US,North Carolina,Bladen,659,8,0,34.61296243,-78.56180059,37017.0,2013.935578509871,1.2139605462822458,651,658,8,0,650,653,33190,1,0,0,1,5
2020-08-19,US,North Carolina,Brunswick,1330,22,0,34.070565,-78.22814204,37019.0,931.2421229519676,1.6541353383458646,1308,1326,22,0,1304,1312,136744,4,0,0,4,14
2020-08-19,US,North Carolina,Buncombe,2135,54,0,35.61113393,-82.53305,37021.0,817.4094819499907,2.529274004683841,2081,2113,54,0,2059,2092,259103,22,0,0,22,21
2020-08-19,US,North Carolina,Burke,1731,27,0,35.74989637,-81.70755735,37023.0,1913.0242581643367,1.5597920277296362,1704,1720,27,0,1693,1716,90382,11,0,0,11,4
2020-08-19,US,North Carolina,Cabarrus,2840,50,0,35.3877799,-80.55267168,37025.0,1312.0631268681884,1.7605633802816902,2790,2828,50,0,2778,2809,211342,12,0,0,12,19
2020-08-19,US,North Carolina,Caldwell,1296,14,0,35.95204977,-81.54799522,37027.0,1577.0644211346105,1.0802469135802468,1282,1295,14,0,1281,1283,82029,1,0,0,1,12
2020-08-19,US,North Carolina,Camden,82,2,0,36.33804939,-76.15568396,37029.0,754.5780804269807,2.4390243902439024,80,79,2,0,77,78,10710,3,0,0,3,1
2020-08-19,US,North Carolina,Carteret,392,5,0,34.8932941,-76.54120135,37031.0,564.2479812301183,1.2755102040816326,387,385,5,0,380,381,69524,7,0,0,7,4
2020-08-19,US,North Carolina,Caswell,205,2,0,36.39312665,-79.33353281,37033.0,906.9191293576358,0.975609756097561,203,203,2,0,201,203,22698,2,0,0,2,0
2020-08-19,US,North Carolina,Catawba,2322,35,0,35.66211129,-81.2132617,37035.0,1455.3340311248444,1.5073212747631353,2287,2288,35,0,2253,2266,158652,34,0,0,34,22
2020-08-19,US,North Carolina,Chatham,1377,55,0,35.70394416,-79.25541492,37037.0,1849.0667382838726,3.994190268700073,1322,1372,55,0,1317,1363,73139,5,0,0,5,9
2020-08-19,US,North Carolina,Cherokee,311,5,0,35.1349263,-84.05970864,37039.0,1086.9565217391305,1.6077170418006432,306,299,4,0,295,294,28383,12,1,0,11,5
2020-08-19,US,North Carolina,Chowan,168,2,0,36.12908077,-76.60118385,37041.0,1204.905687441727,1.1904761904761905,166,168,2,0,166,167,14029,0,0,0,0,1
2020-08-19,US,North Carolina,Clay,77,1,0,35.05704275,-83.74353633,37043.0,685.6023506366308,1.2987012987012987,76,76,1,0,75,76,11139,1,0,0,1,0
2020-08-19,US,North Carolina,Cleveland,1358,24,0,35.33553364,-81.55204486,37045.0,1386.4641081401169,1.7673048600883652,1334,1341,24,0,1317,1332,97645,17,0,0,17,9
2020-08-19,US,North Carolina,Columbus,1003,50,0,34.26744084,-78.65801424,37047.0,1806.946746414931,4.985044865403789,953,990,50,0,940,973,55655,13,0,0,13,17
2020-08-19,US,North Carolina,Craven,798,22,0,35.11833364,-77.08398081,37049.0,781.2882444511888,2.7568922305764407,776,792,19,0,773,785,102912,6,3,0,3,7
2020-08-19,US,North Carolina,Cumberland,3528,61,0,35.04762133,-78.82623165,37051.0,1051.5366204781392,1.7290249433106577,3467,3493,61,0,3432,3434,332330,35,0,0,35,59
2020-08-19,US,North Carolina,Currituck,85,0,0,36.36123664,-75.95876401,37053.0,306.1628786514425,0.0,85,85,0,0,85,83,27072,0,0,0,0,2
2020-08-19,US,North Carolina,Dare,216,2,0,35.66520691,-75.71767334,37055.0,583.6418168553595,0.925925925925926,214,216,2,0,214,215,36501,0,0,0,0,1
2020-08-19,US,North Carolina,Davidson,1933,30,0,35.79115496,-80.21256572,37057.0,1153.2793585070015,1.5519917227108122,1903,1913,26,0,1887,1886,166614,20,4,0,16,27
2020-08-19,US,North Carolina,Davie,443,5,0,35.93099927,-80.54496571,37059.0,1033.9354898940394,1.1286681715575622,438,443,5,0,438,439,42733,0,0,0,0,4
2020-08-19,US,North Carolina,Duplin,2037,49,0,34.93449805,-77.93140529,37061.0,3467.7652746803765,2.405498281786941,1988,2030,49,0,1981,2025,58856,7,0,0,7,5
2020-08-19,US,North Carolina,Durham,6461,81,0,36.03638492,-78.87608331,37063.0,2009.7173144876328,1.2536759015632255,6380,6447,81,0,6366,6428,316739,14,0,0,14,19
2020-08-19,US,North Carolina,Edgecombe,772,15,0,35.91230639,-77.59436892,37065.0,1499.8445756916385,1.9430051813471505,757,753,14,0,739,745,52005,19,1,0,18,8
2020-08-19,US,North Carolina,Forsyth,5620,62,0,36.12859861,-80.25459052,37067.0,1470.0689258295295,1.1032028469750892,5558,5601,60,0,5541,5561,379099,19,2,0,17,40
2020-08-19,US,North Carolina,Franklin,942,28,0,36.081519,-78.28708884,37069.0,1351.7973738968215,2.9723991507431,914,934,28,0,906,932,67560,8,0,0,8,2
2020-08-19,US,North Carolina,Gaston,3655,58,0,35.29373559,-81.17477045,37071.0,1627.852081468318,1.5868673050615596,3597,3636,58,0,3578,3579,222846,19,0,0,19,57
2020-08-19,US,North Carolina,Gates,60,2,0,36.44667547,-76.69749701,37073.0,518.9413596263621,3.333333333333333,58,58,2,0,56,57,11573,2,0,0,2,1
2020-08-19,US,North Carolina,Graham,49,0,0,35.3506925,-83.83369267,37075.0,580.4999407653123,0.0,49,49,0,0,49,49,8484,0,0,0,0,0
2020-08-19,US,North Carolina,Granville,1370,29,0,36.30337451,-78.65184241,37077.0,2266.598282679549,2.116788321167883,1341,1364,29,0,1335,1360,60115,6,0,0,6,4
2020-08-19,US,North Carolina,Greene,349,3,0,35.48544173,-77.67578087,37079.0,1656.4621007166927,0.8595988538681948,346,346,3,0,343,343,21012,3,0,0,3,3
2020-08-19,US,North Carolina,Guilford,6069,160,0,36.07959451,-79.78824948,37081.0,1129.80151682695,2.6363486571099033,5909,6025,160,0,5865,5974,533670,44,0,0,44,51
2020-08-19,US,North Carolina,Halifax,767,9,0,36.25669272,-77.6556109,37083.0,1533.6932613477304,1.1734028683181226,758,761,8,0,753,755,50574,6,1,0,5,6
2020-08-19,US,North Carolina,Harnett,1447,41,0,35.36731853,-78.87243571,37085.0,1064.1583808907453,2.8334485141672427,1406,1432,41,0,1391,1414,134214,15,0,0,15,18
2020-08-19,US,North Carolina,Haywood,469,25,0,35.55269063,-82.98196486,37087.0,752.6036234093425,5.3304904051172715,444,467,24,0,443,463,61971,2,1,0,1,4
2020-08-19,US,North Carolina,Henderson,1596,59,0,35.33788927,-82.4766782,37089.0,1359.2580290758576,3.696741854636592,1537,1575,58,0,1517,1568,116748,21,1,0,20,7
2020-08-19,US,North Carolina,Hertford,420,12,0,36.3607755,-76.98104134,37091.0,1773.8733792287876,2.8571428571428568,408,410,12,0,398,404,23659,10,0,0,10,6
2020-08-19,US,North Carolina,Hoke,791,12,0,35.01888303,-79.23651674,37093.0,1432.0889307310715,1.5170670037926677,779,788,12,0,776,782,54764,3,0,0,3,6
2020-08-19,US,North Carolina,Hyde,63,0,0,35.42017674,-76.15180542,37095.0,1276.078590236986,0.0,63,62,0,0,62,58,5230,1,0,0,1,4
2020-08-19,US,North Carolina,Iredell,2050,18,0,35.80950511,-80.8743128,37097.0,1127.5755475616866,0.8780487804878049,2032,2026,17,0,2009,2013,178435,24,1,0,23,13
2020-08-19,US,North Carolina,Jackson,465,7,0,35.28814273,-83.14093385,37099.0,1058.3094360234875,1.5053763440860215,458,460,7,0,453,460,43327,5,0,0,5,0
2020-08-19,US,North Carolina,Johnston,3469,47,0,35.51745004,-78.36622717,37101.0,1657.1207467313784,1.3548573075814356,3422,3461,47,0,3414,3444,202675,8,0,0,8,17
2020-08-19,US,North Carolina,Jones,118,4,0,35.02254606,-77.35870791,37103.0,1252.7869200552075,3.3898305084745757,114,113,4,0,109,114,9637,5,0,0,5,-1
2020-08-19,US,North Carolina,Lee,1345,11,0,35.47623147,-79.17569362,37105.0,2177.1152009582543,0.8178438661710037,1334,1342,11,0,1331,1339,61452,3,0,0,3,3
2020-08-19,US,North Carolina,Lenoir,672,11,0,35.24032589999999,-77.64245615,37107.0,1201.093853330712,1.636904761904762,661,649,11,0,638,646,55976,23,0,0,23,3
2020-08-19,US,North Carolina,Lincoln,952,10,0,35.48508185,-81.21740317,37109.0,1105.5498136126628,1.050420168067227,942,939,10,0,929,933,83770,13,0,0,13,6
2020-08-19,US,North Carolina,Macon,485,2,0,35.14867843,-83.41696617,37113.0,1352.5573093870264,0.4123711340206185,483,480,2,0,478,480,35285,5,0,0,5,0
2020-08-19,US,North Carolina,Madison,50,1,0,35.85402722,-82.71346418,37115.0,229.83222247759136,2.0,49,49,1,0,48,49,21763,1,0,0,1,0
2020-08-19,US,North Carolina,Martin,290,7,0,35.84326734,-77.10860251,37117.0,1292.3351158645273,2.413793103448276,283,286,7,0,279,285,22671,4,0,0,4,1
2020-08-19,US,North Carolina,McDowell,729,21,0,35.67736232,-82.0482425,37111.0,1593.2336742722266,2.8806584362139915,708,720,21,0,699,714,45507,9,0,0,9,6
2020-08-19,US,North Carolina,Mecklenburg,23434,262,0,35.24469268,-80.8317671,37119.0,2110.494291920789,1.1180336263548691,23172,23318,259,0,23059,23164,1093901,116,3,0,113,154
2020-08-19,US,North Carolina,Mitchell,82,3,0,36.01059309,-82.1582442,37121.0,547.9818230419673,3.6585365853658534,79,80,3,0,77,80,15000,2,0,0,2,0
2020-08-19,US,North Carolina,Montgomery,725,16,0,35.33155144,-79.90416657,37123.0,2668.0896478121663,2.2068965517241383,709,722,16,0,706,714,27271,3,0,0,3,8
2020-08-19,US,North Carolina,Moore,1117,21,0,35.30885257,-79.48474178,37125.0,1107.2561459159397,1.8800358102059087,1096,1108,20,0,1088,1105,98682,9,1,0,8,3
2020-08-19,US,North Carolina,Nash,1378,16,0,35.96575634,-77.98422508,37127.0,1461.3247364737326,1.161103047895501,1362,1359,16,0,1343,1335,94016,19,0,0,19,24
2020-08-19,US,North Carolina,New Hanover,2736,21,0,34.25758282,-77.87075626,37129.0,1166.8720918826475,0.7675438596491229,2715,2729,21,0,2708,2710,232274,7,0,0,7,19
2020-08-19,US,North Carolina,Northampton,320,16,0,36.41736238,-77.39769443,37131.0,1642.4575270748858,5.0,304,321,16,0,305,319,19676,-1,0,0,-1,2
2020-08-19,US,North Carolina,Onslow,1254,12,0,34.72607366,-77.42908179,37133.0,633.5317119502066,0.9569377990430622,1242,1242,12,0,1230,1208,197683,12,0,0,12,34
2020-08-19,US,North Carolina,Orange,1562,49,0,36.06092947,-79.12167935,37135.0,1052.0218755893206,3.1370038412291934,1513,1514,48,0,1466,1475,146027,48,1,0,47,39
2020-08-19,US,North Carolina,Pamlico,75,2,0,35.15253315,-76.66559823,37137.0,589.3446487505894,2.6666666666666665,73,74,1,0,73,74,12670,1,1,0,0,0
2020-08-19,US,North Carolina,Pasquotank,464,21,0,36.26723798,-76.25134778,37139.0,1165.1265568501406,4.525862068965517,443,458,21,0,437,456,39639,6,0,0,6,2
2020-08-19,US,North Carolina,Pender,708,4,0,34.52265624,-77.90352133,37141.0,1122.7402473834443,0.5649717514124294,704,705,4,0,701,696,62162,3,0,0,3,9
2020-08-19,US,North Carolina,Perquimans,94,2,0,36.17847453,-76.40603143,37143.0,698.2099086384908,2.127659574468085,92,93,2,0,91,93,13422,1,0,0,1,0
2020-08-19,US,North Carolina,Person,252,2,0,36.38989032,-78.97217358,37145.0,638.1362370220309,0.7936507936507936,250,250,2,0,248,247,39507,2,0,0,2,3
2020-08-19,US,North Carolina,Pitt,2350,14,0,35.59535426,-77.37353178,37147.0,1300.1958592911442,0.5957446808510638,2336,2341,14,0,2327,2308,179914,9,0,0,9,33
2020-08-19,US,North Carolina,Polk,188,6,0,35.27820615,-82.16812354,37149.0,907.1607797722447,3.191489361702128,182,184,6,0,178,182,20611,4,0,0,4,2
2020-08-19,US,North Carolina,Randolph,2280,40,0,35.71015088,-79.80570339,37151.0,1587.0032784146674,1.7543859649122806,2240,2269,39,0,2230,2256,143351,11,1,0,10,13
2020-08-19,US,North Carolina,Richmond,575,9,0,35.00417719,-79.74491009,37153.0,1282.651854826117,1.5652173913043481,566,573,9,0,564,569,44887,2,0,0,2,4
2020-08-19,US,North Carolina,Robeson,3102,56,0,34.64244496,-79.10250529999998,37155.0,2374.7368421052633,1.8052869116698904,3046,3067,56,0,3011,3039,131831,35,0,0,35,28
2020-08-19,US,North Carolina,Rockingham,637,6,0,36.39593137,-79.77504841,37157.0,699.9230853752333,0.9419152276295132,631,626,6,0,620,594,90690,11,0,0,11,32
2020-08-19,US,North Carolina,Rowan,2412,53,0,35.64003916,-80.52446628,37159.0,1697.5395529530995,2.197346600331675,2359,2390,51,0,2339,2367,141262,22,2,0,20,23
2020-08-19,US,North Carolina,Rutherford,844,16,0,35.40114178,-81.92112099,37161.0,1259.156484506706,1.895734597156398,828,843,14,0,829,837,66826,1,2,0,-1,6
2020-08-19,US,North Carolina,Sampson,1523,19,0,34.98820368,-78.36914061,37163.0,2397.254883442729,1.2475377544320418,1504,1517,19,0,1498,1518,63626,6,0,0,6,-1
2020-08-19,US,North Carolina,Scotland,470,7,0,34.8386299,-79.4757978,37165.0,1349.6826809867039,1.4893617021276595,463,448,6,0,442,436,34810,22,1,0,21,12
2020-08-19,US,North Carolina,Stanly,1276,31,0,35.31647813,-80.25093221,37167.0,2031.6530267808807,2.4294670846394983,1245,1261,31,0,1230,1237,62075,15,0,0,15,24
2020-08-19,US,North Carolina,Stokes,308,3,0,36.4017975,-80.23893369,37169.0,675.571933056963,0.9740259740259741,305,306,3,0,303,303,45467,2,0,0,2,3
2020-08-19,US,North Carolina,Surry,1019,11,0,36.41689489,-80.69102283,37171.0,1419.5561623225556,1.0794896957801767,1008,1009,11,0,998,1007,71948,10,0,0,10,2
2020-08-19,US,North Carolina,Swain,123,2,0,35.48665845,-83.48748932,37173.0,861.887744376708,1.6260162601626016,121,122,2,0,120,121,14245,1,0,0,1,1
2020-08-19,US,North Carolina,Transylvania,175,1,0,35.20383864,-82.79638423,37175.0,508.9428529882216,0.5714285714285714,174,164,1,0,163,161,34215,11,0,0,11,3
2020-08-19,US,North Carolina,Tyrrell,103,2,0,35.87147226,-76.17055253,37177.0,2564.741035856573,1.9417475728155342,101,103,2,0,101,103,4131,0,0,0,0,0
2020-08-19,US,North Carolina,Union,3475,46,0,34.98960527,-80.52955873,37179.0,1448.7678177596006,1.3237410071942446,3429,3419,46,0,3373,3384,235908,56,0,0,56,35
2020-08-19,US,North Carolina,Vance,821,41,0,36.36880673,-78.40670845,37181.0,1843.4938812170205,4.993909866017052,780,822,41,0,781,820,44582,-1,0,0,-1,2
2020-08-19,US,North Carolina,Wake,12951,187,0,35.78879266,-78.65249174,37183.0,1164.9086449335784,1.4439039456412632,12764,12847,185,0,12662,12754,1092305,104,2,0,102,93
2020-08-19,US,North Carolina,Warren,274,6,0,36.39728256,-78.10652228,37185.0,1388.6777152703867,2.18978102189781,268,273,6,0,267,271,19807,1,0,0,1,2
2020-08-19,US,North Carolina,Washington,153,4,0,35.83810081,-76.57299037,37187.0,1321.2435233160622,2.6143790849673203,149,146,4,0,142,144,11859,7,0,0,7,2
2020-08-19,US,North Carolina,Watauga,349,0,0,36.23103603,-81.70033724,37189.0,621.2506897840752,0.0,349,348,0,0,348,344,55945,1,0,0,1,4
2020-08-19,US,North Carolina,Wayne,2583,44,0,35.36438125,-78.00027268,37191.0,2097.765794154193,1.7034456058846303,2539,2555,43,0,2512,2532,123248,28,1,0,27,23
2020-08-19,US,North Carolina,Wilkes,933,19,0,36.2084135,-81.16232895,37193.0,1363.795825293808,2.0364415862808145,914,920,18,0,902,914,68557,13,1,0,12,6
2020-08-19,US,North Carolina,Wilson,1584,36,0,35.70625477,-77.917978,37195.0,1936.4066453955331,2.272727272727273,1548,1582,36,0,1546,1563,81455,2,0,0,2,19
2020-08-19,US,North Carolina,Yadkin,584,7,0,36.16222629,-80.66239436,37197.0,1550.4287572676349,1.1986301369863013,577,579,6,0,573,565,37543,5,1,0,4,14
2020-08-19,US,North Carolina,Yancey,83,0,0,35.90079156,-82.31237181,37199.0,459.3502684155183,0.0,83,84,0,0,84,80,17903,-1,0,0,-1,4
2020-08-19,US,North Dakota,Adams,5,0,0,46.09686891,-102.5285397,38001.0,225.6317689530686,0.0,5,4,0,0,4,3,2294,1,0,0,1,1
2020-08-19,US,North Dakota,Barnes,48,0,0,46.93579637,-98.06605978,38003.0,460.87373979836775,0.0,48,47,0,0,47,46,10542,1,0,0,1,1
2020-08-19,US,North Dakota,Benson,177,2,0,48.0683985,-99.35916363,38005.0,2590.749414519906,1.1299435028248588,175,176,2,0,174,173,6962,1,0,0,1,3
2020-08-19,US,North Dakota,Billings,3,0,0,47.02366884,-103.3762965,38007.0,323.27586206896547,0.0,3,3,0,0,3,3,919,0,0,0,0,0
2020-08-19,US,North Dakota,Bottineau,23,0,0,48.79106111,-100.8378166,38009.0,366.1254377586756,0.0,23,22,0,0,22,22,6411,1,0,0,1,0
2020-08-19,US,North Dakota,Bowman,14,0,0,46.11285362,-103.5203343,38011.0,462.9629629629631,0.0,14,11,0,0,11,11,3076,3,0,0,3,0
2020-08-19,US,North Dakota,Burke,24,0,0,48.79094471,-102.51821170000001,38013.0,1134.7517730496456,0.0,24,23,0,0,23,23,2100,1,0,0,1,0
2020-08-19,US,North Dakota,Burleigh,1502,12,0,46.97847375,-100.46452140000001,38015.0,1570.702528601008,0.7989347536617842,1490,1460,12,0,1448,1409,95273,42,0,0,42,51
2020-08-19,US,North Dakota,Cass,3182,76,0,46.93201724,-97.24447190000001,38017.0,1749.091648664545,2.3884349465744816,3106,3148,76,0,3072,3135,181516,34,0,0,34,13
2020-08-19,US,North Dakota,Cavalier,31,0,0,48.77286211,-98.46685243,38019.0,824.0297713981925,0.0,31,31,0,0,31,31,3829,0,0,0,0,0
2020-08-19,US,North Dakota,Dickey,14,0,0,46.11017712,-98.50490079999999,38021.0,287.3563218390805,0.0,14,14,0,0,14,14,4903,0,0,0,0,0
2020-08-19,US,North Dakota,Divide,5,0,0,48.814938700000006,-103.48736109999999,38023.0,220.84805653710248,0.0,5,5,0,0,5,4,2283,0,0,0,0,1
2020-08-19,US,North Dakota,Dunn,33,0,0,47.35423935,-102.61604679999999,38025.0,745.9312839059676,0.0,33,32,0,0,32,32,4332,1,0,0,1,0
2020-08-19,US,North Dakota,Eddy,21,0,0,47.71701474,-98.90432337,38027.0,918.2334936598164,0.0,21,21,0,0,21,20,2313,0,0,0,0,1
2020-08-19,US,North Dakota,Emmons,23,1,0,46.28398398,-100.2389766,38029.0,709.6575131132367,4.3478260869565215,22,23,1,0,22,23,3295,0,0,0,0,0
2020-08-19,US,North Dakota,Foster,26,0,0,47.457108399999996,-98.88279923,38031.0,809.9688473520247,0.0,26,26,0,0,26,27,3216,0,0,0,0,-1
2020-08-19,US,North Dakota,Golden Valley,14,0,0,46.94022281,-103.8465421,38033.0,795.0028392958546,0.0,14,14,0,0,14,12,1769,0,0,0,0,2
2020-08-19,US,North Dakota,Grand Forks,827,10,0,47.92093639,-97.45450447,38035.0,1190.7675915393586,1.2091898428053205,817,805,9,0,796,799,70770,22,1,0,21,6
2020-08-19,US,North Dakota,Grant,4,0,0,46.35821257,-101.63900129999999,38037.0,175.9014951627089,0.0,4,4,0,0,4,4,2374,0,0,0,0,0
2020-08-19,US,North Dakota,Griggs,38,1,0,47.45785838,-98.23850925,38039.0,1703.2720753025546,2.631578947368421,37,37,1,0,36,37,2232,1,0,0,1,0
2020-08-19,US,North Dakota,Hettinger,8,0,0,46.43375068,-102.4632417,38041.0,320.1280512204882,0.0,8,8,0,0,8,8,2514,0,0,0,0,0
2020-08-19,US,North Dakota,Kidder,24,0,0,46.97830064,-99.77507857,38043.0,967.741935483871,0.0,24,23,0,0,23,23,2450,1,0,0,1,0
2020-08-19,US,North Dakota,LaMoure,16,0,0,46.45681054,-98.53542355,38045.0,395.45229856648535,0.0,16,16,0,0,16,16,4062,0,0,0,0,0
2020-08-19,US,North Dakota,Logan,7,0,0,46.45729487,-99.47719806,38047.0,378.3783783783784,0.0,7,7,0,0,7,7,1903,0,0,0,0,0
2020-08-19,US,North Dakota,McHenry,25,1,0,48.23104458,-100.6324822,38049.0,435.16100957354223,4.0,24,24,1,0,23,24,5816,1,0,0,1,0
2020-08-19,US,North Dakota,McIntosh,42,2,0,46.11182017,-99.44145858,38051.0,1682.018422106528,4.761904761904762,40,41,2,0,39,41,2585,1,0,0,1,0
2020-08-19,US,North Dakota,McKenzie,94,2,0,47.74133370000001,-103.395905,38053.0,625.6656017039403,2.127659574468085,92,94,2,0,92,94,13632,0,0,0,0,0
2020-08-19,US,North Dakota,McLean,108,1,0,47.60766714,-101.3182418,38055.0,1142.857142857143,0.925925925925926,107,105,0,0,105,102,9541,3,1,0,2,3
2020-08-19,US,North Dakota,Mercer,34,0,0,47.31213126,-101.8318399,38057.0,415.2925369488214,0.0,34,34,0,0,34,34,8267,0,0,0,0,0
2020-08-19,US,North Dakota,Morton,484,4,0,46.71681782,-101.2822377,38059.0,1543.1705139650555,0.8264462809917356,480,473,4,0,469,455,31095,11,0,0,11,18
2020-08-19,US,North Dakota,Mountrail,156,1,0,48.20197971,-102.3555315,38061.0,1479.3741109530586,0.6410256410256411,155,156,1,0,155,155,10218,0,0,0,0,1
2020-08-19,US,North Dakota,Nelson,27,0,0,47.9226426,-98.19038437,38063.0,937.8256339006599,0.0,27,27,0,0,27,27,2869,0,0,0,0,0
2020-08-19,US,North Dakota,Oliver,7,0,0,47.11530482,-101.3406158,38065.0,357.32516590096986,0.0,7,7,0,0,7,7,1952,0,0,0,0,0
2020-08-19,US,North Dakota,Pembina,27,0,0,48.76623521,-97.5523809,38067.0,397.00044111160116,0.0,27,27,0,0,27,27,6947,0,0,0,0,0
2020-08-19,US,North Dakota,Pierce,18,0,0,48.24977025,-99.96407787,38069.0,452.8301886792453,0.0,18,16,0,0,16,16,4081,2,0,0,2,0
2020-08-19,US,North Dakota,Ramsey,89,2,0,48.26886249,-98.72223879,38071.0,772.6365135862487,2.247191011235955,87,89,2,0,87,89,11481,0,0,0,0,0
2020-08-19,US,North Dakota,Ransom,30,0,0,46.45621782,-97.65742504,38073.0,574.9329244921424,0.0,30,28,0,0,28,28,5237,2,0,0,2,0
2020-08-19,US,North Dakota,Renville,10,0,0,48.71982533,-101.6603912,38075.0,429.7378599054577,0.0,10,10,0,0,10,10,2374,0,0,0,0,0
2020-08-19,US,North Dakota,Richland,119,1,0,46.26440649,-96.94852979,38077.0,735.6122890523583,0.8403361344537815,118,117,1,0,116,117,16239,2,0,0,2,0
2020-08-19,US,North Dakota,Rolette,92,0,0,48.77245354,-99.84097493,38079.0,648.9841986455982,0.0,92,89,0,0,89,88,14301,3,0,0,3,1
2020-08-19,US,North Dakota,Sargent,10,0,0,46.10830372,-97.63217159,38081.0,256.5418163160595,0.0,10,10,0,0,10,10,3870,0,0,0,0,0
2020-08-19,US,North Dakota,Sheridan,9,0,0,47.57700669,-100.3426391,38083.0,684.4106463878327,0.0,9,9,0,0,9,9,1349,0,0,0,0,0
2020-08-19,US,North Dakota,Sioux,104,2,0,46.11323337,-101.04401490000001,38085.0,2458.628841607565,1.9230769230769231,102,102,2,0,100,97,4358,2,0,0,2,5
2020-08-19,US,North Dakota,Slope,4,0,0,46.44737738,-103.4601547,38087.0,533.3333333333334,0.0,4,4,0,0,4,4,763,0,0,0,0,0
2020-08-19,US,North Dakota,Stark,418,6,0,46.80851182,-102.65763259999999,38089.0,1327.4476801422718,1.4354066985645932,412,402,6,0,396,395,30997,16,0,0,16,7
2020-08-19,US,North Dakota,Steele,16,0,0,47.45611548,-97.72728747,38091.0,846.5608465608466,0.0,16,16,0,0,16,16,1903,0,0,0,0,0
2020-08-19,US,North Dakota,Stutsman,131,3,0,46.97962541,-98.95637318,38093.0,632.7279752704791,2.2900763358778624,128,130,3,0,127,130,20917,1,0,0,1,0
2020-08-19,US,North Dakota,Towner,6,0,0,48.68565745,-99.24564265,38095.0,274.09776153494744,0.0,6,6,0,0,6,6,2192,0,0,0,0,0
2020-08-19,US,North Dakota,Traill,64,0,0,47.45367788,-97.16323288,38097.0,796.4161274265804,0.0,64,64,0,0,64,64,8037,0,0,0,0,0
2020-08-19,US,North Dakota,Walsh,127,0,0,48.36876964,-97.72574783,38099.0,1193.4968517996429,0.0,127,122,0,0,122,116,10667,5,0,0,5,6
2020-08-19,US,North Dakota,Ward,309,1,0,48.22390169,-101.54367629999999,38101.0,456.8235241939061,0.32362459546925565,308,289,1,0,288,277,67744,20,0,0,20,12
2020-08-19,US,North Dakota,Wells,26,0,0,47.58614526,-99.65904998,38103.0,678.1429316640582,0.0,26,24,0,0,24,24,3957,2,0,0,2,0
2020-08-19,US,North Dakota,Williams,313,2,0,48.34522353,-103.4793387,38105.0,832.6904147489959,0.6389776357827476,311,307,2,0,305,303,35350,6,0,0,6,4
2020-08-19,US,Ohio,Adams,77,3,0,38.84541072,-83.4718964,39001.0,277.9984114376489,3.8961038961038965,74,74,3,0,71,72,27724,3,0,0,3,2
2020-08-19,US,Ohio,Allen,914,47,0,40.77285242,-84.10802343,39003.0,893.0054420572342,5.142231947483588,867,899,46,0,853,888,102663,15,1,0,14,11
2020-08-19,US,Ohio,Ashland,162,3,0,40.84772277,-82.27280781,39005.0,302.89432353601075,1.851851851851852,159,162,3,0,159,162,53745,0,0,0,0,0
2020-08-19,US,Ohio,Ashtabula,590,46,0,41.70860332,-80.74830218,39007.0,606.7399553686203,7.796610169491526,544,588,46,0,542,588,97493,2,0,0,2,0
2020-08-19,US,Ohio,Athens,368,2,0,39.33425634,-82.04278644,39009.0,563.3199136651002,0.5434782608695652,366,368,2,0,366,368,65818,0,0,0,0,0
2020-08-19,US,Ohio,Auglaize,320,8,0,40.55998859,-84.22421429999999,39011.0,700.8936393902226,2.5,312,310,8,0,302,301,45804,10,0,0,10,9
2020-08-19,US,Ohio,Belmont,649,26,0,40.01625942,-80.9924051,39013.0,968.5699788078681,4.0061633281972275,623,644,26,0,618,640,67505,5,0,0,5,4
2020-08-19,US,Ohio,Brown,179,2,0,38.93416837,-83.86788395,39015.0,412.1385153803647,1.11731843575419,177,169,2,0,167,165,43602,10,0,0,10,4
2020-08-19,US,Ohio,Butler,3301,69,0,39.44012838,-84.57388716,39017.0,861.5784555795102,2.0902756740381703,3232,3265,69,0,3196,3218,382378,36,0,0,36,47
2020-08-19,US,Ohio,Carroll,118,6,0,40.578968599999996,-81.09178213,39019.0,438.4335290183548,5.084745762711863,112,117,5,0,112,117,27081,1,1,0,0,0
2020-08-19,US,Ohio,Champaign,219,2,0,40.13923427,-83.76875242,39021.0,563.1991770605633,0.9132420091324199,217,213,2,0,211,205,38754,6,0,0,6,8
2020-08-19,US,Ohio,Clark,1291,16,0,39.91592258,-83.78498252,39023.0,962.836452048358,1.2393493415956622,1275,1275,16,0,1259,1261,134585,16,0,0,16,14
2020-08-19,US,Ohio,Clermont,1081,12,0,39.04847534,-84.15375786,39025.0,523.6692696727188,1.1100832562442182,1069,1062,11,0,1051,1043,205466,19,1,0,18,19
2020-08-19,US,Ohio,Clinton,192,6,0,39.41485808,-83.80852286,39027.0,457.4914220358368,3.125,186,189,6,0,183,186,42057,3,0,0,3,3
2020-08-19,US,Ohio,Columbiana,1737,62,0,40.76932373,-80.78094576,39029.0,1704.8967933806423,3.56937248128958,1675,1733,62,0,1671,1729,102665,4,0,0,4,4
2020-08-19,US,Ohio,Coshocton,204,9,0,40.30096166,-81.91729018,39031.0,557.3770491803278,4.411764705882354,195,204,9,0,195,203,36629,0,0,0,0,1
2020-08-19,US,Ohio,Crawford,184,5,0,40.85065156,-82.91989099,39033.0,443.4376054369306,2.717391304347826,179,184,5,0,179,183,41550,0,0,0,0,1
2020-08-19,US,Ohio,Cuyahoga,14585,542,0,41.424119,-81.65918339,39035.0,1180.9028137630842,3.716146726088447,14043,14487,541,0,13946,14418,1243857,98,1,0,97,69
2020-08-19,US,Ohio,Darke,498,31,0,40.13412966,-84.6194517,39037.0,974.3118189110403,6.2248995983935735,467,479,31,0,448,476,51323,19,0,0,19,3
2020-08-19,US,Ohio,Defiance,180,4,0,41.32398837,-84.49076944,39039.0,472.6022002257988,2.2222222222222223,176,178,4,0,174,172,38165,2,0,0,2,6
2020-08-19,US,Ohio,Delaware,1457,19,0,40.27942393,-83.00457058,39041.0,696.5392944731018,1.3040494166094716,1438,1441,19,0,1422,1434,204826,16,0,0,16,7
2020-08-19,US,Ohio,Erie,672,32,0,41.36796058,-82.62904521,39043.0,904.8555193493656,4.761904761904762,640,662,31,0,631,637,74615,10,1,0,9,25
2020-08-19,US,Ohio,Fairfield,1530,37,0,39.75107189,-82.63088163,39045.0,970.9723685379566,2.418300653594771,1493,1521,35,0,1486,1514,155782,9,2,0,7,7
2020-08-19,US,Ohio,Fayette,142,0,0,39.56021306,-83.4562016,39047.0,497.80893952673085,0.0,142,135,0,0,135,134,28666,7,0,0,7,1
2020-08-19,US,Ohio,Franklin,19980,545,0,39.96995815,-83.01115755,39049.0,1517.3654040687873,2.727727727727728,19435,19818,542,0,19276,19683,1310300,162,3,0,159,135
2020-08-19,US,Ohio,Fulton,166,1,0,41.60213491,-84.12571393,39051.0,394.05592745572807,0.6024096385542169,165,165,1,0,164,165,42276,1,0,0,1,0
2020-08-19,US,Ohio,Gallia,92,2,0,38.82708533,-82.31647569,39053.0,307.71289049434745,2.1739130434782608,90,90,2,0,88,89,29979,2,0,0,2,1
2020-08-19,US,Ohio,Geauga,583,46,0,41.49952319,-81.17935342,39055.0,622.5373469017287,7.890222984562608,537,579,46,0,533,574,94031,4,0,0,4,5
2020-08-19,US,Ohio,Greene,821,14,0,39.69116283,-83.89032084,39057.0,485.9799807028656,1.705237515225335,807,812,14,0,798,806,167995,9,0,0,9,6
2020-08-19,US,Ohio,Guernsey,122,7,0,40.05026529,-81.49248905,39059.0,313.8263665594855,5.737704918032787,115,121,7,0,114,121,39022,1,0,0,1,0
2020-08-19,US,Ohio,Hamilton,10314,272,0,39.19673558,-84.54502924,39061.0,1261.6930467428285,2.6371921659879773,10042,10259,269,0,9990,10184,816684,55,3,0,52,75
2020-08-19,US,Ohio,Hancock,452,3,0,41.00250487,-83.66838948,39063.0,596.439834791444,0.6637168141592921,449,444,3,0,441,433,75930,8,0,0,8,11
2020-08-19,US,Ohio,Hardin,194,12,0,40.66015414,-83.65929931,39065.0,618.5238322971466,6.185567010309278,182,190,12,0,178,189,31480,4,0,0,4,1
2020-08-19,US,Ohio,Harrison,27,1,0,40.29380509,-81.09068544,39067.0,179.5212765957447,3.703703703703704,26,27,1,0,26,26,15174,0,0,0,0,1
2020-08-19,US,Ohio,Henry,139,2,0,41.333964200000004,-84.06830637,39069.0,514.7004369399393,1.4388489208633093,137,135,2,0,133,128,27086,4,0,0,4,7
2020-08-19,US,Ohio,Highland,176,2,0,39.1839264,-83.60331456,39071.0,407.7755381015268,1.1363636363636365,174,175,2,0,173,174,43058,1,0,0,1,1
2020-08-19,US,Ohio,Hocking,129,9,0,39.49537927,-82.47991446,39073.0,456.41098216812907,6.9767441860465125,120,129,9,0,120,126,28385,0,0,0,0,3
2020-08-19,US,Ohio,Holmes,339,7,0,40.56163713,-81.92635677,39075.0,771.1555959963604,2.0648967551622417,332,338,7,0,331,338,43892,1,0,0,1,0
2020-08-19,US,Ohio,Huron,425,6,0,41.14651175,-82.59867951,39077.0,729.4133800157898,1.4117647058823528,419,423,5,0,418,420,58504,2,1,0,1,3
2020-08-19,US,Ohio,Jackson,91,0,0,39.01914254,-82.61818559999998,39079.0,280.75155030389044,0.0,91,87,0,0,87,83,32384,4,0,0,4,4
2020-08-19,US,Ohio,Jefferson,257,4,0,40.38614126,-80.76259514,39081.0,393.41752774588593,1.5564202334630348,253,256,3,0,253,250,65767,1,1,0,0,6
2020-08-19,US,Ohio,Knox,231,13,0,40.39830217,-82.42027563,39083.0,370.65562722634064,5.627705627705628,218,230,9,0,221,225,61893,1,4,0,-3,5
2020-08-19,US,Ohio,Lake,1205,45,0,41.69710807,-81.23676539,39085.0,523.5738586741633,3.734439834024896,1160,1199,43,0,1156,1187,230514,6,2,0,4,12
2020-08-19,US,Ohio,Lawrence,367,6,0,38.59743452,-82.53466552,39087.0,617.1905218371088,1.6348773841961852,361,364,5,0,359,355,59866,3,1,0,2,9
2020-08-19,US,Ohio,Licking,1457,55,0,40.09136236,-82.48185785,39089.0,823.8061313340344,3.774879890185312,1402,1443,55,0,1388,1431,175769,14,0,0,14,12
2020-08-19,US,Ohio,Logan,196,2,0,40.38996525,-83.76784341,39091.0,429.14696093886846,1.020408163265306,194,191,2,0,189,186,45358,5,0,0,5,5
2020-08-19,US,Ohio,Lorain,1959,78,0,41.29553751,-82.15083537,39093.0,632.276097123289,3.981623277182236,1881,1945,77,0,1868,1937,309461,14,1,0,13,8
2020-08-19,US,Ohio,Lucas,5843,332,0,41.62101218,-83.65468618,39095.0,1364.0778058961405,5.682012664727024,5511,5783,331,0,5452,5744,429899,60,1,0,59,39
2020-08-19,US,Ohio,Madison,605,11,0,39.89381073,-83.40178317,39097.0,1352.5295656256287,1.818181818181818,594,601,11,0,590,595,44413,4,0,0,4,6
2020-08-19,US,Ohio,Mahoning,2710,261,0,41.01631101,-80.77287029,39099.0,1185.0465491531945,9.6309963099631,2449,2702,261,0,2441,2691,229642,8,0,0,8,11
2020-08-19,US,Ohio,Marion,2970,45,0,40.58610662,-83.15736305,39101.0,4562.702594749051,1.5151515151515151,2925,2968,45,0,2923,2966,65256,2,0,0,2,2
2020-08-19,US,Ohio,Medina,1027,36,0,41.11770589,-81.89986209999998,39103.0,571.3618105548941,3.5053554040895807,991,1015,36,0,979,1002,179146,12,0,0,12,13
2020-08-19,US,Ohio,Meigs,74,0,0,39.09224872,-82.0305041,39105.0,323.04535731435806,0.0,74,70,0,0,70,69,23106,4,0,0,4,1
2020-08-19,US,Ohio,Mercer,720,14,0,40.54043046,-84.62912742,39107.0,1748.7612940833576,1.9444444444444444,706,705,14,0,691,694,40959,15,0,0,15,11
2020-08-19,US,Ohio,Miami,943,40,0,40.0543329,-84.22871271,39109.0,881.4154990793274,4.241781548250265,903,927,40,0,887,921,106222,16,0,0,16,6
2020-08-19,US,Ohio,Monroe,100,18,0,39.72984936,-81.08464734,39111.0,732.3861139592792,18.0,82,100,18,0,82,98,13790,0,0,0,0,2
2020-08-19,US,Ohio,Montgomery,4783,111,0,39.75394919,-84.29050975,39113.0,899.5894200911438,2.320719213882501,4672,4741,108,0,4633,4716,532331,42,3,0,39,25
2020-08-19,US,Ohio,Morgan,36,0,0,39.62081738,-81.85308173,39115.0,248.13895781637717,0.0,36,35,0,0,35,33,14604,1,0,0,1,2
2020-08-19,US,Ohio,Morrow,199,2,0,40.52363560000001,-82.7892599,39117.0,563.2925724637681,1.0050251256281406,197,195,2,0,193,191,35112,4,0,0,4,4
2020-08-19,US,Ohio,Muskingum,285,1,0,39.96575964,-81.94363275,39119.0,330.56892652090704,0.3508771929824561,284,275,1,0,274,267,86183,10,0,0,10,8
2020-08-19,US,Ohio,Noble,20,0,0,39.76818851,-81.45937183,39121.0,138.65779256794232,0.0,20,20,0,0,20,20,14354,0,0,0,0,0
2020-08-19,US,Ohio,Ottawa,429,28,0,41.53781826,-83.0940185,39123.0,1058.6057988895745,6.526806526806527,401,418,27,0,391,413,40769,11,1,0,10,5
2020-08-19,US,Ohio,Paulding,75,0,0,41.11676341,-84.5801017,39125.0,401.67095115681235,0.0,75,75,0,0,75,75,18760,0,0,0,0,0
2020-08-19,US,Ohio,Perry,185,5,0,39.73508655,-82.23804971,39127.0,511.9831737421818,2.702702702702702,180,183,4,0,179,180,36033,2,1,0,1,3
2020-08-19,US,Ohio,Pickaway,2431,42,0,39.64170392,-83.0243386,39129.0,4158.612313324324,1.7276840806252571,2389,2428,42,0,2386,2421,58086,3,0,0,3,7
2020-08-19,US,Ohio,Pike,87,0,0,39.07634001,-83.06769584,39131.0,313.26515915310387,0.0,87,85,0,0,85,85,28067,2,0,0,2,0
2020-08-19,US,Ohio,Portage,798,65,0,41.16793482,-81.19735782,39133.0,491.1796929819162,8.145363408521304,733,793,65,0,728,791,162927,5,0,0,5,2
2020-08-19,US,Ohio,Preble,270,2,0,39.7420247,-84.64787018,39135.0,660.4373562937234,0.7407407407407407,268,268,2,0,266,259,40997,2,0,0,2,9
2020-08-19,US,Ohio,Putnam,242,17,0,41.02094889,-84.1336111,39137.0,714.686512507014,7.024793388429752,225,235,17,0,218,227,33780,7,0,0,7,8
2020-08-19,US,Ohio,Richland,659,15,0,40.77180308,-82.53799609999999,39139.0,543.9358172243591,2.276176024279211,644,657,14,0,643,652,121099,2,1,0,1,5
2020-08-19,US,Ohio,Ross,565,6,0,39.33705391,-83.06000914,39141.0,736.9629301124357,1.0619469026548674,559,561,6,0,555,560,76931,4,0,0,4,1
2020-08-19,US,Ohio,Sandusky,480,17,0,41.35624126,-83.137872,39143.0,820.2604326873783,3.5416666666666665,463,472,17,0,455,450,58799,8,0,0,8,22
2020-08-19,US,Ohio,Scioto,282,1,0,38.80270163,-82.98907345,39145.0,374.4323764505935,0.3546099290780142,281,279,1,0,278,274,75502,3,0,0,3,5
2020-08-19,US,Ohio,Seneca,270,10,0,41.12351311,-83.12783209,39147.0,489.32545579760045,3.703703703703704,260,251,4,0,247,251,55207,19,6,0,13,0
2020-08-19,US,Ohio,Shelby,265,4,0,40.33163494,-84.20258189,39149.0,545.3797077587982,1.509433962264151,261,256,4,0,252,257,48627,9,0,0,9,-1
2020-08-19,US,Ohio,Stark,2065,146,0,40.81482476,-81.36437305,39151.0,557.1955122151287,7.070217917675545,1919,2046,145,0,1901,2023,371574,19,1,0,18,23
2020-08-19,US,Ohio,Summit,3874,231,0,41.12464734,-81.53123079,39153.0,716.0641241522846,5.962829117191531,3643,3846,228,0,3618,3818,541918,28,3,0,25,28
2020-08-19,US,Ohio,Trumbull,1662,113,0,41.31735028,-80.76109643,39155.0,839.5041773162133,6.799037304452468,1549,1642,113,0,1529,1637,198627,20,0,0,20,5
2020-08-19,US,Ohio,Tuscarawas,818,15,0,40.44214695,-81.47226262,39157.0,889.2560905345323,1.8337408312958436,803,818,14,0,804,816,92176,0,1,0,-1,2
2020-08-19,US,Ohio,Union,309,1,0,40.30016061,-83.37239023,39159.0,523.8353563436631,0.32362459546925565,308,297,1,0,296,293,57835,12,0,0,12,4
2020-08-19,US,Ohio,Van Wert,76,2,0,40.8554138,-84.59111700000003,39161.0,268.788682581786,2.631578947368421,74,74,2,0,72,74,28281,2,0,0,2,0
2020-08-19,US,Ohio,Vinton,35,2,0,39.25208988,-82.4831444,39163.0,267.48184944593044,5.7142857142857135,33,34,2,0,32,33,13139,1,0,0,1,1
2020-08-19,US,Ohio,Warren,2009,40,0,39.42581994,-84.16557457,39165.0,856.3439356868228,1.9910403185664511,1969,1981,40,0,1941,1962,232173,28,0,0,28,19
2020-08-19,US,Ohio,Washington,217,22,0,39.45690571,-81.49121382,39167.0,362.20393583816,10.138248847926267,195,217,22,0,195,213,60155,0,0,0,0,4
2020-08-19,US,Ohio,Wayne,610,60,0,40.82925852,-81.88844833,39169.0,527.1800190130499,9.836065573770492,550,608,60,0,548,604,115967,2,0,0,2,4
2020-08-19,US,Ohio,Williams,143,3,0,41.56052014,-84.58429552,39171.0,389.7307314946037,2.097902097902098,140,143,3,0,140,142,36804,0,0,0,0,1
2020-08-19,US,Ohio,Wood,1168,58,0,41.36224827,-83.62285108,39173.0,892.8503176192696,4.965753424657534,1110,1163,58,0,1105,1162,130696,5,0,0,5,1
2020-08-19,US,Ohio,Wyandot,170,10,0,40.84339621,-83.30734173,39175.0,780.8194010655889,5.882352941176472,160,164,10,0,154,159,21935,6,0,0,6,5
2020-08-19,US,Oklahoma,Adair,385,6,0,35.88494195,-94.65859267,40001.0,1734.7030729025864,1.5584415584415583,379,384,6,0,378,383,22082,1,0,0,1,1
2020-08-19,US,Oklahoma,Alfalfa,6,0,0,36.73090616,-98.32408495,40003.0,105.2262364082778,0.0,6,6,0,0,6,6,5754,0,0,0,0,0
2020-08-19,US,Oklahoma,Atoka,89,1,0,34.37366573,-96.03802487,40005.0,646.8963512138392,1.1235955056179776,88,89,1,0,88,88,13838,0,0,0,0,1
2020-08-19,US,Oklahoma,Beaver,40,0,0,36.7496847,-100.4758872,40007.0,753.1538316701185,0.0,40,41,0,0,41,40,5319,-1,0,0,-1,1
2020-08-19,US,Oklahoma,Beckham,102,1,0,35.26862449,-99.68128023,40009.0,466.62701861933294,0.9803921568627452,101,101,1,0,100,101,21709,1,0,0,1,0
2020-08-19,US,Oklahoma,Blaine,46,0,0,35.87518314,-98.43307003,40011.0,487.8566125782161,0.0,46,46,0,0,46,46,9485,0,0,0,0,0
2020-08-19,US,Oklahoma,Bryan,522,3,0,33.96472458,-96.25903472,40013.0,1087.6132930513595,0.5747126436781609,519,517,2,0,515,512,47192,5,1,0,4,5
2020-08-19,US,Oklahoma,Caddo,483,20,0,35.17364557,-98.37534464,40015.0,1679.2990751686252,4.140786749482402,463,474,20,0,454,470,28977,9,0,0,9,4
2020-08-19,US,Oklahoma,Canadian,1347,9,0,35.5426055,-97.98465569,40017.0,908.2572518981026,0.6681514476614699,1338,1343,9,0,1334,1339,144447,4,0,0,4,4
2020-08-19,US,Oklahoma,Carter,375,5,0,34.25103751,-97.28552485,40019.0,779.4475275924425,1.3333333333333333,370,375,5,0,370,370,48177,0,0,0,0,5
2020-08-19,US,Oklahoma,Cherokee,531,3,0,35.90692775,-94.99980896,40021.0,1091.3126579937114,0.5649717514124294,528,531,2,0,529,535,48675,0,1,0,-1,-4
2020-08-19,US,Oklahoma,Choctaw,209,1,0,34.02807439,-95.54771129,40023.0,1424.4820065430752,0.4784688995215311,208,209,1,0,208,209,14668,0,0,0,0,0
2020-08-19,US,Oklahoma,Cimarron,14,0,0,36.74817177,-102.5173885,40025.0,655.1240056153488,0.0,14,14,0,0,14,11,2153,0,0,0,0,3
2020-08-19,US,Oklahoma,Cleveland,3336,61,0,35.20413532,-97.32519562,40027.0,1174.5899850007395,1.828537170263789,3275,3246,61,0,3185,3215,281669,90,0,0,90,31
2020-08-19,US,Oklahoma,Coal,46,0,0,34.58840127,-96.29798747,40029.0,837.1246587807096,0.0,46,46,0,0,46,46,5520,0,0,0,0,0
2020-08-19,US,Oklahoma,Comanche,905,11,0,34.65973764,-98.47195055,40031.0,749.4886086013133,1.2154696132596683,894,892,11,0,881,884,120422,13,0,0,13,8
2020-08-19,US,Oklahoma,Cotton,21,2,0,34.28845626,-98.37053567,40033.0,370.63183903988715,9.523809523809524,19,21,2,0,19,21,5776,0,0,0,0,0
2020-08-19,US,Oklahoma,Craig,95,1,0,36.76268118,-95.20916602,40035.0,671.7578843162213,1.0526315789473684,94,95,1,0,94,94,14306,0,0,0,0,1
2020-08-19,US,Oklahoma,Creek,711,19,0,35.90230551,-96.37086028,40037.0,994.0997175694192,2.6722925457102678,692,705,18,0,687,681,71604,6,1,0,5,24
2020-08-19,US,Oklahoma,Custer,247,0,0,35.63853802,-99.00170785,40039.0,851.6360376512773,0.0,247,243,0,0,243,241,29036,4,0,0,4,2
2020-08-19,US,Oklahoma,Delaware,480,20,0,36.40823634,-94.80325046,40041.0,1116.0454788532634,4.166666666666667,460,476,20,0,456,473,42733,4,0,0,4,3
2020-08-19,US,Oklahoma,Dewey,14,0,0,35.98772922,-99.00730714,40043.0,286.2400327131466,0.0,14,14,0,0,14,13,4894,0,0,0,0,1
2020-08-19,US,Oklahoma,Ellis,5,0,0,36.218019399999996,-99.75324573,40045.0,129.5672454003628,0.0,5,5,0,0,5,5,3952,0,0,0,0,0
2020-08-19,US,Oklahoma,Garfield,656,9,0,36.3791334,-97.78265517,40047.0,1074.4234800838574,1.3719512195121952,647,642,9,0,633,617,60913,14,0,0,14,25
2020-08-19,US,Oklahoma,Garvin,248,4,0,34.70418038,-97.30811132,40049.0,894.951463317816,1.6129032258064515,244,244,4,0,240,242,27811,4,0,0,4,2
2020-08-19,US,Oklahoma,Grady,478,7,0,35.0167709,-97.88339847,40051.0,856.1091807859012,1.4644351464435146,471,473,7,0,466,472,55551,5,0,0,5,1
2020-08-19,US,Oklahoma,Grant,17,0,0,36.796296999999996,-97.78638765,40053.0,392.33787214401116,0.0,17,17,0,0,17,17,4326,0,0,0,0,0
2020-08-19,US,Oklahoma,Greer,84,8,0,34.93535801,-99.56056120000001,40055.0,1470.588235294117,9.523809523809524,76,84,8,0,76,85,5821,0,0,0,0,-1
2020-08-19,US,Oklahoma,Harmon,32,0,0,34.7440135,-99.84741652,40057.0,1206.181681115718,0.0,32,32,0,0,32,32,2664,0,0,0,0,0
2020-08-19,US,Oklahoma,Harper,13,0,0,36.78836519,-99.6679804,40059.0,352.49457700650765,0.0,13,13,0,0,13,13,3797,0,0,0,0,0
2020-08-19,US,Oklahoma,Haskell,94,1,0,35.22257600000001,-95.11513306,40061.0,744.4365249069455,1.0638297872340423,93,92,1,0,91,88,12668,2,0,0,2,4
2020-08-19,US,Oklahoma,Hughes,184,3,0,35.04912569,-96.24921145,40063.0,1385.6465095263195,1.6304347826086956,181,181,3,0,178,179,13335,3,0,0,3,2
2020-08-19,US,Oklahoma,Jackson,546,7,0,34.58781741,-99.41138784,40065.0,2225.845902975948,1.2820512820512822,539,544,7,0,537,538,24949,2,0,0,2,6
2020-08-19,US,Oklahoma,Jefferson,34,0,0,34.11130184,-97.83182974,40067.0,566.47784071976,0.0,34,34,0,0,34,34,6123,0,0,0,0,0
2020-08-19,US,Oklahoma,Johnston,60,0,0,34.31440473,-96.66011537,40069.0,541.2719891745602,0.0,60,59,0,0,59,55,10949,1,0,0,1,4
2020-08-19,US,Oklahoma,Kay,271,11,0,36.81799745,-97.14421435,40071.0,622.4447608985254,4.059040590405904,260,270,11,0,259,267,44161,1,0,0,1,3
2020-08-19,US,Oklahoma,Kingfisher,171,0,0,35.94530008,-97.94193268,40073.0,1084.6812559467173,0.0,171,169,0,0,169,160,15816,2,0,0,2,9
2020-08-19,US,Oklahoma,Kiowa,34,1,0,34.91671958,-98.97720696,40075.0,390.4455672944419,2.9411764705882355,33,33,1,0,32,33,8729,1,0,0,1,0
2020-08-19,US,Oklahoma,Latimer,102,2,0,34.87844729,-95.25215049,40077.0,1012.6079618782884,1.96078431372549,100,101,2,0,99,100,10231,1,0,0,1,1
2020-08-19,US,Oklahoma,Le Flore,449,3,0,34.89851864,-94.70392124,40079.0,900.6479048402302,0.6681514476614699,446,436,1,0,435,436,49980,13,2,0,11,0
2020-08-19,US,Oklahoma,Lincoln,250,3,0,35.70270942,-96.8812462,40081.0,716.8047710525561,1.2,247,250,3,0,247,248,34920,0,0,0,0,2
2020-08-19,US,Oklahoma,Logan,248,1,0,35.91899576,-97.44352845,40083.0,516.548291016642,0.4032258064516129,247,246,1,0,245,244,47291,2,0,0,2,2
2020-08-19,US,Oklahoma,Love,81,0,0,33.95273467,-97.23906784,40085.0,790.0126792158393,0.0,81,84,0,0,84,83,10134,-3,0,0,-3,1
2020-08-19,US,Oklahoma,Major,38,1,0,36.31149996,-98.53467076,40093.0,498.0993577139861,2.631578947368421,37,38,1,0,37,40,7644,0,0,0,0,-2
2020-08-19,US,Oklahoma,Marshall,123,1,0,34.02311222,-96.76855464,40095.0,726.4780580001183,0.8130081300813008,122,126,1,0,125,121,16806,-3,0,0,-3,5
2020-08-19,US,Oklahoma,Mayes,376,8,0,36.30179091,-95.23175116,40097.0,914.8418491484184,2.127659574468085,368,374,8,0,366,368,41107,2,0,0,2,6
2020-08-19,US,Oklahoma,McClain,503,4,0,35.01123903,-97.44572302,40087.0,1242.7731383110145,0.7952286282306164,499,494,4,0,490,483,39985,9,0,0,9,11
2020-08-19,US,Oklahoma,McCurtain,902,29,0,34.11664328,-94.77222373,40089.0,2747.3196881091612,3.2150776053215075,873,903,28,0,875,896,32703,-1,1,0,-2,7
2020-08-19,US,Oklahoma,McIntosh,210,3,0,35.37235506,-95.66599306,40091.0,1071.6472749540724,1.4285714285714286,207,208,3,0,205,207,19815,2,0,0,2,1
2020-08-19,US,Oklahoma,Murray,81,0,0,34.48116015,-97.06826283,40099.0,575.5702408868045,0.0,81,81,0,0,81,82,13953,0,0,0,0,-1
2020-08-19,US,Oklahoma,Muskogee,614,16,0,35.61318461,-95.37802952,40101.0,902.9810138682589,2.6058631921824102,598,607,16,0,591,588,68362,7,0,0,7,19
2020-08-19,US,Oklahoma,Noble,92,2,0,36.38953329,-97.22928674,40103.0,826.5205282544246,2.1739130434782608,90,92,2,0,90,92,11289,0,0,0,0,0
2020-08-19,US,Oklahoma,Nowata,67,1,0,36.79843529,-95.61902331,40105.0,664.9464073044859,1.492537313432836,66,63,1,0,62,63,10218,4,0,0,4,0
2020-08-19,US,Oklahoma,Okfuskee,89,3,0,35.46485198,-96.32639984,40107.0,742.0995580755441,3.3707865168539324,86,83,1,0,82,83,12098,6,2,0,4,0
2020-08-19,US,Oklahoma,Oklahoma,11921,135,0,35.55140095,-97.40716948,40109.0,1494.919955758094,1.1324553309286134,11786,11801,132,0,11669,11715,792582,120,3,0,117,86
2020-08-19,US,Oklahoma,Okmulgee,522,3,0,35.64661916,-95.96432828,40111.0,1357.077862992331,0.5747126436781609,519,520,3,0,517,508,38335,2,0,0,2,12
2020-08-19,US,Oklahoma,Osage,575,12,0,36.62888819,-96.39635704,40113.0,1224.368119583502,2.0869565217391304,563,573,12,0,561,564,47014,2,0,0,2,9
2020-08-19,US,Oklahoma,Ottawa,433,3,0,36.83532655,-94.81011909,40115.0,1391.0752722716613,0.6928406466512702,430,430,3,0,427,418,31175,3,0,0,3,12
2020-08-19,US,Oklahoma,Pawnee,172,3,0,36.31743373,-96.70331759999999,40117.0,1050.3175378602834,1.7441860465116281,169,170,3,0,167,168,16390,2,0,0,2,2
2020-08-19,US,Oklahoma,Payne,836,4,0,36.07695283,-96.97584944,40119.0,1022.2048322410252,0.4784688995215311,832,814,4,0,810,800,82040,22,0,0,22,14
2020-08-19,US,Oklahoma,Pittsburg,493,9,0,34.92065823,-95.75134320000001,40121.0,1129.3352270124158,1.8255578093306288,484,462,4,0,458,437,43877,31,5,0,26,25
2020-08-19,US,Oklahoma,Pontotoc,213,2,0,34.72959848,-96.68337199,40123.0,556.3681955908473,0.9389671361502347,211,215,2,0,213,215,38247,-2,0,0,-2,0
2020-08-19,US,Oklahoma,Pottawatomie,631,9,0,35.20614018,-96.94923008,40125.0,869.2417897288957,1.4263074484944531,622,608,9,0,599,595,72679,23,0,0,23,13
2020-08-19,US,Oklahoma,Pushmataha,118,0,0,34.41635232,-95.37603505,40127.0,1063.4462869502524,0.0,118,117,0,0,117,116,11179,1,0,0,1,1
2020-08-19,US,Oklahoma,Roger Mills,9,1,0,35.68711719,-99.69666167,40129.0,251.18615685180012,11.111111111111109,8,9,1,0,8,9,3656,0,0,0,0,0
2020-08-19,US,Oklahoma,Rogers,1163,23,0,36.37004357,-95.60406759,40131.0,1257.8548329529847,1.9776440240756663,1140,1149,21,0,1128,1139,91984,14,2,0,12,10
2020-08-19,US,Oklahoma,Seminole,268,5,0,35.16478725,-96.61686741,40133.0,1104.7901723142882,1.8656716417910448,263,265,5,0,260,257,24578,3,0,0,3,8
2020-08-19,US,Oklahoma,Sequoyah,451,4,0,35.49447108,-94.75463785,40135.0,1084.9431066419686,0.8869179600886918,447,449,4,0,445,439,41179,2,0,0,2,10
2020-08-19,US,Oklahoma,Stephens,224,3,0,34.48556989,-97.85141892,40137.0,519.2035787960967,1.3392857142857142,221,225,3,0,222,218,43265,-1,0,0,-1,7
2020-08-19,US,Oklahoma,Texas,1083,7,0,36.74777635,-101.4889765,40139.0,5419.606665665816,0.6463527239150508,1076,1081,7,0,1074,1079,20455,2,0,0,2,2
2020-08-19,US,Oklahoma,Tillman,59,1,0,34.37288446,-98.92426619,40141.0,813.7931034482757,1.6949152542372878,58,59,1,0,58,59,7348,0,0,0,0,0
2020-08-19,US,Oklahoma,Tulsa,11763,122,0,36.11939621,-95.94013939,40143.0,1805.3816119051125,1.037150386806087,11641,11614,120,0,11494,11443,648360,149,2,0,147,171
2020-08-19,US,Oklahoma,Unassigned,7,0,0,0.0,0.0,90040.0,0.0,0.0,7,1,0,0,1,2,,6,0,0,6,-1
2020-08-19,US,Oklahoma,Wagoner,996,23,0,35.96024096,-95.51911308,40145.0,1225.258029991758,2.3092369477911645,973,981,23,0,958,968,80110,15,0,0,15,13
2020-08-19,US,Oklahoma,Washington,716,39,0,36.71380786,-95.90514104,40147.0,1389.5627535078695,5.4469273743016755,677,711,39,0,672,705,51843,5,0,0,5,6
2020-08-19,US,Oklahoma,Washita,36,0,0,35.29071824,-98.99180434,40149.0,329.7911322828876,0.0,36,36,0,0,36,35,11127,0,0,0,0,1
2020-08-19,US,Oklahoma,Woods,22,0,0,36.76705782,-98.86573064,40151.0,250.19902194927784,0.0,22,22,0,0,22,21,8897,0,0,0,0,1
2020-08-19,US,Oklahoma,Woodward,56,0,0,36.42316318,-99.26283045,40153.0,277.0768393449112,0.0,56,54,0,0,54,52,20222,2,0,0,2,2
2020-08-19,US,Oregon,Baker,55,0,0,44.70915557,-117.6749883,41001.0,341.1064252046639,0.0,55,54,0,0,54,53,16006,1,0,0,1,1
2020-08-19,US,Oregon,Benton,190,6,0,44.49167306,-123.4316987,41003.0,204.1847119383577,3.1578947368421053,184,189,6,0,183,186,92101,1,0,0,1,3
2020-08-19,US,Oregon,Clackamas,1725,55,0,45.18787398,-122.2179634,41005.0,412.4948886502928,3.188405797101449,1670,1709,52,0,1657,1699,416075,16,3,0,13,10
2020-08-19,US,Oregon,Clatsop,91,0,0,45.99712889,-123.660711,41007.0,226.23309466984887,0.0,91,91,0,0,91,92,39764,0,0,0,0,-1
2020-08-19,US,Oregon,Columbia,118,1,0,45.94464254,-123.08908980000001,41009.0,225.38870000382008,0.8474576271186439,117,115,1,0,114,113,52377,3,0,0,3,2
2020-08-19,US,Oregon,Coos,93,0,0,43.17406868,-124.0594514,41011.0,144.2151131235753,0.0,93,93,0,0,93,93,64389,0,0,0,0,0
2020-08-19,US,Oregon,Crook,54,1,0,44.14230227,-120.356297,41013.0,221.27520078675627,1.851851851851852,53,53,1,0,52,53,23867,1,0,0,1,0
2020-08-19,US,Oregon,Curry,19,0,0,42.45911325,-124.15728200000001,41015.0,82.87895310796074,0.0,19,19,0,0,19,19,22813,0,0,0,0,0
2020-08-19,US,Oregon,Deschutes,654,11,0,43.91570171,-121.2289121,41017.0,330.8176355138296,1.6819571865443426,643,650,11,0,639,645,191996,4,0,0,4,5
2020-08-19,US,Oregon,Douglas,166,1,0,43.27941273,-123.16729099999999,41019.0,149.57650027031897,0.6024096385542169,165,165,1,0,164,162,110283,1,0,0,1,3
2020-08-19,US,Oregon,Gilliam,4,0,0,45.37160076,-120.20488689999999,41021.0,209.20502092050208,0.0,4,4,0,0,4,4,1894,0,0,0,0,0
2020-08-19,US,Oregon,Grant,4,0,0,44.49024544,-119.0068631,41023.0,55.563272676760654,0.0,4,4,0,0,4,4,7176,0,0,0,0,0
2020-08-19,US,Oregon,Harney,11,0,0,43.06422669,-118.96663059999999,41025.0,148.7893953740024,0.0,11,11,0,0,11,11,7329,0,0,0,0,0
2020-08-19,US,Oregon,Hood River,221,0,0,45.51872811,-121.65520359999998,41027.0,945.1714994440167,0.0,221,220,0,0,220,218,23428,1,0,0,1,2
2020-08-19,US,Oregon,Jackson,618,2,0,42.43201126,-122.72893090000001,41029.0,279.7088855094504,0.32362459546925565,616,594,2,0,592,576,219564,24,0,0,24,18
2020-08-19,US,Oregon,Jefferson,426,6,0,44.62806839,-121.17832,41031.0,1727.6340335793655,1.4084507042253518,420,417,6,0,411,413,24192,9,0,0,9,4
2020-08-19,US,Oregon,Josephine,150,2,0,42.3665549,-123.5561938,41033.0,171.45404460091214,1.3333333333333333,148,148,2,0,146,140,87393,2,0,0,2,8
2020-08-19,US,Oregon,Klamath,217,2,0,42.68762984,-121.64964609999998,41035.0,318.0046308508456,0.9216589861751152,215,216,2,0,214,210,67653,1,0,0,1,6
2020-08-19,US,Oregon,Lake,32,0,0,42.79246693,-120.38501629999999,41037.0,406.6590418096328,0.0,32,32,0,0,32,32,7879,0,0,0,0,0
2020-08-19,US,Oregon,Lane,636,4,0,43.93727035,-122.847753,41039.0,166.46295021553811,0.6289308176100629,632,632,4,0,628,629,379611,4,0,0,4,3
2020-08-19,US,Oregon,Lincoln,440,11,0,44.64252874,-123.86991200000001,41041.0,880.6693086745928,2.5,429,440,11,0,429,440,49388,0,0,0,0,0
2020-08-19,US,Oregon,Linn,344,11,0,44.48899494,-122.53731540000001,41043.0,265.1272842179901,3.197674418604651,333,342,11,0,331,338,127335,2,0,0,2,4
2020-08-19,US,Oregon,Malheur,956,16,0,43.1937027,-117.62273950000001,41045.0,3127.1466422426483,1.6736401673640169,940,947,16,0,931,916,30725,9,0,0,9,31
2020-08-19,US,Oregon,Marion,3315,73,0,44.90287942,-122.58151170000001,41047.0,953.0846592183267,2.20211161387632,3242,3284,73,0,3211,3234,346868,31,0,0,31,50
2020-08-19,US,Oregon,Morrow,410,3,0,45.41846568,-119.584546,41049.0,3533.56890459364,0.7317073170731707,407,410,3,0,407,407,11372,0,0,0,0,3
2020-08-19,US,Oregon,Multnomah,5448,108,0,45.54747959,-122.4169351,41051.0,670.2302378653019,1.9823788546255507,5340,5410,102,0,5308,5387,811880,38,6,0,32,23
2020-08-19,US,Oregon,Polk,374,13,0,44.90322804,-123.4128888,41053.0,434.4543184062263,3.475935828877005,361,370,12,0,358,367,85234,4,1,0,3,3
2020-08-19,US,Oregon,Sherman,16,0,0,45.41501554,-120.6827834,41055.0,898.876404494382,0.0,16,16,0,0,16,16,1708,0,0,0,0,0
2020-08-19,US,Oregon,Tillamook,36,0,0,45.46248721,-123.712066,41057.0,133.15579227696406,0.0,36,35,0,0,35,35,26787,1,0,0,1,0
2020-08-19,US,Oregon,Umatilla,2478,32,0,45.59073056,-118.7353826,41059.0,3178.9608723540728,1.29136400322841,2446,2468,32,0,2436,2456,77516,10,0,0,10,12
2020-08-19,US,Oregon,Union,403,2,0,45.30915495,-118.0068979,41061.0,1501.7700763927703,0.4962779156327544,401,400,2,0,398,398,26461,3,0,0,3,2
2020-08-19,US,Oregon,Wallowa,21,1,0,45.57894064,-117.18353799999998,41063.0,291.34295227524973,4.761904761904762,20,21,1,0,20,21,7081,0,0,0,0,0
2020-08-19,US,Oregon,Wasco,204,3,0,45.16292781,-121.16709540000001,41065.0,764.5603777827748,1.4705882352941178,201,204,3,0,201,203,26505,0,0,0,0,1
2020-08-19,US,Oregon,Washington,3403,31,0,45.55972701,-123.0955257,41067.0,565.6657668320057,0.9109609168380841,3372,3380,30,0,3350,3358,597695,23,1,0,22,22
2020-08-19,US,Oregon,Yamhill,538,13,0,45.23330449,-123.3086963,41071.0,502.33426704014937,2.41635687732342,525,533,13,0,520,523,107002,5,0,0,5,10
2020-08-19,US,Pennsylvania,Adams,552,23,0,39.87140411,-77.21610347,42001.0,535.8755060237455,4.166666666666667,529,548,22,0,526,548,102811,4,1,0,3,0
2020-08-19,US,Pennsylvania,Allegheny,9576,277,0,40.46809875,-79.98167747,42003.0,787.4708583975099,2.8926482873851294,9299,9549,274,0,9275,9504,1218452,27,3,0,24,45
2020-08-19,US,Pennsylvania,Armstrong,250,9,0,40.81665618,-79.46290811,42005.0,386.1898509307176,3.6,241,245,9,0,236,244,65263,5,0,0,5,1
2020-08-19,US,Pennsylvania,Beaver,1437,95,0,40.6825484,-80.34921611,42007.0,876.5990154274108,6.6109951287404325,1342,1423,95,0,1328,1410,164742,14,0,0,14,13
2020-08-19,US,Pennsylvania,Bedford,156,4,0,40.00522157,-78.48998442,42009.0,325.7601069161377,2.5641025641025643,152,155,4,0,151,154,48176,1,0,0,1,1
2020-08-19,US,Pennsylvania,Berks,5683,376,0,40.41570541,-75.92457766,42011.0,1349.3555954450048,6.616223825444307,5307,5645,375,0,5270,5601,420152,38,1,0,37,44
2020-08-19,US,Pennsylvania,Blair,366,8,0,40.47961444,-78.34917412,42013.0,300.42108200838885,2.1857923497267757,358,355,8,0,347,354,122492,11,0,0,11,1
2020-08-19,US,Pennsylvania,Bradford,93,3,0,41.78869215,-76.51570822,42015.0,154.17005122424283,3.2258064516129035,90,93,3,0,90,93,60833,0,0,0,0,0
2020-08-19,US,Pennsylvania,Bucks,7481,584,0,40.33682119,-75.10836643,42017.0,1190.730100116192,7.806442988905228,6897,7458,584,0,6874,7441,628195,23,0,0,23,17
2020-08-19,US,Pennsylvania,Butler,732,17,0,40.91152759,-79.91351055,42019.0,389.66638808004126,2.3224043715847,715,729,17,0,712,723,187888,3,0,0,3,6
2020-08-19,US,Pennsylvania,Cambria,407,3,0,40.49527404,-78.71377428,42021.0,312.61521445250094,0.7371007371007371,404,402,3,0,399,393,131730,5,0,0,5,9
2020-08-19,US,Pennsylvania,Cameron,8,0,0,41.43625568,-78.20376845,42023.0,179.89655947830002,0.0,8,8,0,0,8,8,4492,0,0,0,0,0
2020-08-19,US,Pennsylvania,Carbon,408,28,0,40.91545395,-75.7068525,42025.0,635.6922501635972,6.862745098039214,380,406,28,0,378,397,64227,2,0,0,2,9
2020-08-19,US,Pennsylvania,Centre,406,11,0,40.92058903,-77.82200624,42027.0,250.0230932660036,2.70935960591133,395,399,11,0,388,393,162805,7,0,0,7,6
2020-08-19,US,Pennsylvania,Chester,5417,351,0,39.97291773,-75.74768357,42029.0,1031.8311431287132,6.479601255307366,5066,5362,350,0,5012,5347,522046,55,1,0,54,15
2020-08-19,US,Pennsylvania,Clarion,93,3,0,41.19265812,-79.42413524,42031.0,241.94807222019875,3.2258064516129035,90,94,3,0,91,90,38779,-1,0,0,-1,4
2020-08-19,US,Pennsylvania,Clearfield,201,1,0,41.00110782,-78.47592663,42033.0,253.61175951044098,0.4975124378109453,200,195,1,0,194,194,79388,6,0,0,6,1
2020-08-19,US,Pennsylvania,Clinton,128,5,0,41.23255967,-77.63785995,42035.0,331.3315386208325,3.90625,123,128,5,0,123,128,38684,0,0,0,0,0
2020-08-19,US,Pennsylvania,Columbia,496,35,0,41.04821986,-76.40565017,42037.0,763.4997844960286,7.056451612903227,461,496,35,0,461,492,65456,0,0,0,0,4
2020-08-19,US,Pennsylvania,Crawford,177,1,0,41.68447709,-80.10760592,42039.0,209.14816434082886,0.5649717514124294,176,172,1,0,171,169,85063,5,0,0,5,3
2020-08-19,US,Pennsylvania,Cumberland,1394,71,0,40.1625372,-77.26130755,42041.0,550.1835260685954,5.09325681492109,1323,1380,71,0,1309,1373,251423,14,0,0,14,7
2020-08-19,US,Pennsylvania,Dauphin,3034,161,0,40.41377078,-76.77993242,42043.0,1090.1943593042017,5.306526038233355,2873,3014,161,0,2853,2995,277097,20,0,0,20,19
2020-08-19,US,Pennsylvania,Delaware,9822,717,0,39.91680171,-75.40243663,42045.0,1733.0484325457392,7.299938912645082,9105,9793,715,0,9078,9731,564751,29,2,0,27,62
2020-08-19,US,Pennsylvania,Elk,60,2,0,41.42822061,-78.64524744,42047.0,200.60180541624874,3.333333333333333,58,58,2,0,56,58,30169,2,0,0,2,0
2020-08-19,US,Pennsylvania,Erie,1245,28,0,41.99253829,-80.03301954,42049.0,461.57610629967974,2.2489959839357434,1217,1229,28,0,1201,1217,272061,16,0,0,16,12
2020-08-19,US,Pennsylvania,Fayette,639,6,0,39.92041012,-79.64291195,42051.0,494.2989309528598,0.9389671361502347,633,631,6,0,625,628,130441,8,0,0,8,3
2020-08-19,US,Pennsylvania,Forest,13,0,0,41.51095103,-79.23229292,42053.0,179.38457292672834,0.0,13,13,0,0,13,12,7279,0,0,0,0,1
2020-08-19,US,Pennsylvania,Franklin,1432,46,0,39.92956518,-77.72157791,42055.0,923.7100634083097,3.2122905027932966,1386,1427,46,0,1381,1417,154835,5,0,0,5,10
2020-08-19,US,Pennsylvania,Fulton,28,2,0,39.92913544,-78.11163677,42057.0,192.70474879559532,7.142857142857142,26,28,2,0,26,28,14523,0,0,0,0,0
2020-08-19,US,Pennsylvania,Greene,129,1,0,39.85746531,-80.22357106,42059.0,356.0290343057434,0.7751937984496124,128,129,1,0,128,126,36506,0,0,0,0,3
2020-08-19,US,Pennsylvania,Huntingdon,341,5,0,40.42162652,-77.97673273,42061.0,755.3606237816762,1.4662756598240467,336,340,5,0,335,336,45168,1,0,0,1,4
2020-08-19,US,Pennsylvania,Indiana,374,8,0,40.65241041,-79.08963285,42063.0,444.85149810283923,2.1390374331550803,366,359,8,0,351,359,84501,15,0,0,15,0
2020-08-19,US,Pennsylvania,Jefferson,79,1,0,41.12913106,-78.9986361,42065.0,181.92285549798504,1.2658227848101269,78,78,1,0,77,78,43641,1,0,0,1,0
2020-08-19,US,Pennsylvania,Juniata,140,6,0,40.53358749,-77.39975129999998,42067.0,565.3596090942133,4.285714285714286,134,140,6,0,134,139,24704,0,0,0,0,1
2020-08-19,US,Pennsylvania,Lackawanna,1970,212,0,41.43564672,-75.60379201,42069.0,939.5537834924692,10.761421319796954,1758,1967,212,0,1755,1966,210793,3,0,0,3,1
2020-08-19,US,Pennsylvania,Lancaster,6287,425,0,40.03904563,-76.24770128,42071.0,1152.0475551744105,6.759980912995068,5862,6260,422,0,5838,6228,543557,27,3,0,24,32
2020-08-19,US,Pennsylvania,Lawrence,431,16,0,40.99206278,-80.33393706,42073.0,504.0228272055384,3.712296983758701,415,429,16,0,413,429,86184,2,0,0,2,0
2020-08-19,US,Pennsylvania,Lebanon,1655,55,0,40.36680311,-76.45651841,42075.0,1167.1944313188944,3.323262839879154,1600,1653,55,0,1598,1651,141314,2,0,0,2,2
2020-08-19,US,Pennsylvania,Lehigh,5093,341,0,40.6154815,-75.59435245,42077.0,1379.0283712139676,6.695464362850973,4752,5085,341,0,4744,5073,368100,8,0,0,8,12
2020-08-19,US,Pennsylvania,Luzerne,3645,185,0,41.17823008,-75.98447579,42079.0,1148.3316898590813,5.075445816186557,3460,3633,185,0,3448,3621,317646,12,0,0,12,12
2020-08-19,US,Pennsylvania,Lycoming,456,20,0,41.34310539,-77.06629984,42081.0,402.4748673862964,4.385964912280701,436,452,20,0,432,444,113664,4,0,0,4,8
2020-08-19,US,Pennsylvania,McKean,34,1,0,41.80938602,-78.56478358,42083.0,83.69230769230771,2.9411764705882355,33,34,1,0,33,34,40968,0,0,0,0,0
2020-08-19,US,Pennsylvania,Mercer,504,12,0,41.30248872,-80.25816981,42085.0,460.5936540429888,2.380952380952381,492,504,12,0,492,495,110683,0,0,0,0,9
2020-08-19,US,Pennsylvania,Mifflin,132,1,0,40.61116939,-77.61070738,42087.0,286.0982270579566,0.7575757575757576,131,130,1,0,129,126,46222,2,0,0,2,4
2020-08-19,US,Pennsylvania,Monroe,1671,125,0,41.05934058,-75.34031025,42089.0,981.3767464806103,7.480550568521843,1546,1670,125,0,1545,1669,169507,1,0,0,1,1
2020-08-19,US,Pennsylvania,Montgomery,10523,860,0,40.21053671,-75.36652296,42091.0,1266.4351949357035,8.172574360923692,9663,10479,859,0,9620,10433,828604,44,1,0,43,46
2020-08-19,US,Pennsylvania,Montour,116,3,0,41.03023987,-76.66345939,42093.0,636.3137685134394,2.586206896551724,113,116,3,0,113,113,18240,0,0,0,0,3
2020-08-19,US,Pennsylvania,Northampton,4022,296,0,40.75182733,-75.30471829,42095.0,1317.4574577853482,7.359522625559423,3726,4014,296,0,3718,4013,304807,8,0,0,8,1
2020-08-19,US,Pennsylvania,Northumberland,590,20,0,40.84785433,-76.70798222,42097.0,649.4721662648745,3.3898305084745757,570,586,20,0,566,575,91083,4,0,0,4,11
2020-08-19,US,Pennsylvania,Perry,151,5,0,40.40206612,-77.26297447,42099.0,326.3312586445366,3.3112582781456954,146,150,5,0,145,145,46139,1,0,0,1,5
2020-08-19,US,Pennsylvania,Philadelphia,32569,1735,0,40.00338507,-75.1379271,42101.0,2056.0406650236355,5.3271515858638585,30834,32432,1717,0,30715,32348,1584138,137,18,0,119,84
2020-08-19,US,Pennsylvania,Pike,529,21,0,41.33155042,-75.03208106,42103.0,947.8757906430862,3.9697542533081287,508,528,21,0,507,528,55933,1,0,0,1,0
2020-08-19,US,Pennsylvania,Potter,22,0,0,41.74471626,-77.89559864,42105.0,133.1235628706281,0.0,22,21,0,0,21,21,16622,1,0,0,1,0
2020-08-19,US,Pennsylvania,Schuylkill,957,51,0,40.70497338,-76.2150785,42107.0,676.999695809959,5.329153605015674,906,952,51,0,901,950,142067,5,0,0,5,2
2020-08-19,US,Pennsylvania,Snyder,129,2,0,40.77129231,-77.06840691,42109.0,319.52838601010603,1.5503875968992251,127,128,2,0,126,124,40540,1,0,0,1,4
2020-08-19,US,Pennsylvania,Somerset,145,3,0,39.97172723,-79.02699593,42111.0,197.42126975914604,2.0689655172413794,142,143,3,0,140,143,73952,2,0,0,2,0
2020-08-19,US,Pennsylvania,Sullivan,10,0,0,41.44634738,-76.51246591,42113.0,164.85328058028355,0.0,10,10,0,0,10,10,6071,0,0,0,0,0
2020-08-19,US,Pennsylvania,Susquehanna,229,27,0,41.82147784,-75.80071959,42115.0,567.8436818091649,11.790393013100436,202,226,27,0,199,221,40589,3,0,0,3,5
2020-08-19,US,Pennsylvania,Tioga,42,3,0,41.77255149,-77.25433032,42117.0,103.47121283043043,7.142857142857142,39,42,3,0,39,41,40763,0,0,0,0,1
2020-08-19,US,Pennsylvania,Union,322,2,0,40.96188846,-77.05996014,42119.0,716.7820492843309,0.6211180124223602,320,310,2,0,308,305,44785,12,0,0,12,5
2020-08-19,US,Pennsylvania,Venango,68,0,0,41.40323442,-79.75845449,42121.0,134.20699455277492,0.0,68,68,0,0,68,67,51266,0,0,0,0,1
2020-08-19,US,Pennsylvania,Warren,23,1,0,41.81304978,-79.26969577,42123.0,58.68694343088975,4.3478260869565215,22,23,1,0,22,23,39498,0,0,0,0,0
2020-08-19,US,Pennsylvania,Washington,930,21,0,40.19208869,-80.24582867,42125.0,449.5685592052788,2.2580645161290325,909,924,20,0,904,910,207346,6,1,0,5,14
2020-08-19,US,Pennsylvania,Wayne,165,10,0,41.64938475,-75.29956506,42127.0,321.25542726971827,6.0606060606060606,155,165,10,0,155,164,51276,0,0,0,0,1
2020-08-19,US,Pennsylvania,Westmoreland,1658,49,0,40.31377979999999,-79.46615476,42129.0,475.20915795115485,2.9553679131483714,1609,1640,48,0,1592,1627,350611,18,1,0,17,13
2020-08-19,US,Pennsylvania,Wyoming,64,8,0,41.51955538,-76.01074915,42131.0,238.85944614465924,12.5,56,63,8,0,55,63,27046,1,0,0,1,0
2020-08-19,US,Pennsylvania,York,2966,110,0,39.9210089,-76.73040131,42133.0,660.4937446833147,3.70869858395145,2856,2929,108,0,2821,2907,448273,37,2,0,35,22
2020-08-19,US,Puerto Rico,Adjuntas,103,0,0,18.180117000000006,-66.754367,72001.0,528.6660165272289,0.0,103,103,0,0,103,102,,0,0,0,0,1
2020-08-19,US,Puerto Rico,Aguada,175,0,0,18.360255,-67.17513100000001,72003.0,417.0738101480017,0.0,175,173,0,0,173,165,,2,0,0,2,8
2020-08-19,US,Puerto Rico,Aguadilla,260,0,0,18.459681,-67.12081500000001,72005.0,426.5861622011846,0.0,260,259,0,0,259,256,,1,0,0,1,3
2020-08-19,US,Puerto Rico,Aguas Buenas,165,0,0,18.251619,-66.126806,72007.0,575.7353710876165,0.0,165,160,0,0,160,155,,5,0,0,5,5
2020-08-19,US,Puerto Rico,Aibonito,103,0,0,18.131361,-66.264131,72009.0,397.6833976833977,0.0,103,103,0,0,103,100,,0,0,0,0,3
2020-08-19,US,Puerto Rico,Anasco,166,0,0,18.287985,-67.120611,72011.0,567.3080209152114,0.0,166,166,0,0,166,161,,0,0,0,0,5
2020-08-19,US,Puerto Rico,Arecibo,414,0,0,18.406631,-66.675077,72013.0,429.2824554126918,0.0,414,404,0,0,404,389,,10,0,0,10,15
2020-08-19,US,Puerto Rico,Arroyo,107,0,0,17.998457000000005,-66.056546,72015.0,546.6155810983397,0.0,107,107,0,0,107,107,,0,0,0,0,0
2020-08-19,US,Puerto Rico,Barceloneta,112,0,0,18.445532999999998,-66.56053100000001,72017.0,451.32172791747263,0.0,112,112,0,0,112,110,,0,0,0,0,2
2020-08-19,US,Puerto Rico,Barranquitas,288,0,0,18.201592,-66.30963,72019.0,949.9307342172966,0.0,288,288,0,0,288,280,,0,0,0,0,8
2020-08-19,US,Puerto Rico,Bayamon,2016,0,0,18.34946,-66.168435,72021.0,968.6905379692096,0.0,2016,1996,0,0,1996,1944,,20,0,0,20,52
2020-08-19,US,Puerto Rico,Cabo Rojo,244,0,0,18.040993,-67.154391,72023.0,479.2112653926979,0.0,244,243,0,0,243,241,,1,0,0,1,2
2020-08-19,US,Puerto Rico,Caguas,933,0,0,18.211615,-66.050779,72025.0,652.9361130356283,0.0,933,924,0,0,924,875,,9,0,0,9,49
2020-08-19,US,Puerto Rico,Camuy,169,0,0,18.418578,-66.860206,72027.0,480.6735117608578,0.0,169,169,0,0,169,164,,0,0,0,0,5
2020-08-19,US,Puerto Rico,Canovanas,445,0,0,18.328802,-65.887612,72029.0,933.9321692411014,0.0,445,438,0,0,438,432,,7,0,0,7,6
2020-08-19,US,Puerto Rico,Carolina,1589,0,0,18.374986,-65.95683100000001,72031.0,898.9488691008247,0.0,1589,1580,0,0,1580,1533,,9,0,0,9,47
2020-08-19,US,Puerto Rico,Catano,248,0,0,18.437269,-66.14330600000001,72033.0,881.3077469793888,0.0,248,243,0,0,243,233,,5,0,0,5,10
2020-08-19,US,Puerto Rico,Cayey,229,0,0,18.102851,-66.14914,72035.0,475.90348926619424,0.0,229,229,0,0,229,227,,0,0,0,0,2
2020-08-19,US,Puerto Rico,Ceiba,77,0,0,18.251818,-65.666416,72037.0,564.8888562834716,0.0,77,77,0,0,77,76,,0,0,0,0,1
2020-08-19,US,Puerto Rico,Ciales,173,0,0,18.28885,-66.516475,72039.0,921.0946651048877,0.0,173,172,0,0,172,171,,1,0,0,1,1
2020-08-19,US,Puerto Rico,Cidra,209,0,0,18.173559,-66.161179,72041.0,480.68077276908923,0.0,209,208,0,0,208,198,,1,0,0,1,10
2020-08-19,US,Puerto Rico,Coamo,186,0,0,18.097597,-66.36014,72043.0,459.1232227488152,0.0,186,186,0,0,186,179,,0,0,0,0,7
2020-08-19,US,Puerto Rico,Comerio,144,0,0,18.224687,-66.221622,72045.0,693.0407161420734,0.0,144,144,0,0,144,141,,0,0,0,0,3
2020-08-19,US,Puerto Rico,Corozal,311,0,0,18.304264,-66.327738,72047.0,837.3270152388134,0.0,311,307,0,0,307,296,,4,0,0,4,11
2020-08-19,US,Puerto Rico,Culebra,19,0,0,18.31586,-65.28813000000001,72049.0,1045.1045104510451,0.0,19,19,0,0,19,19,,0,0,0,0,0
2020-08-19,US,Puerto Rico,Dorado,398,0,0,18.436115,-66.278669,72051.0,1042.8402987030001,0.0,398,395,0,0,395,382,,3,0,0,3,13
2020-08-19,US,Puerto Rico,Fajardo,303,0,0,18.318373,-65.666866,72053.0,819.073878841943,0.0,303,301,0,0,301,293,,2,0,0,2,8
2020-08-19,US,Puerto Rico,Florida,195,0,0,18.373715,-66.560488,72054.0,1537.8548895899055,0.0,195,195,0,0,195,194,,0,0,0,0,1
2020-08-19,US,Puerto Rico,Guanica,70,0,0,17.982429,-66.91964300000001,72055.0,360.32326144026354,0.0,70,70,0,0,70,70,,0,0,0,0,0
2020-08-19,US,Puerto Rico,Guayama,196,0,0,18.007516,-66.13390799999999,72057.0,432.0797142983114,0.0,196,194,0,0,194,191,,2,0,0,2,3
2020-08-19,US,Puerto Rico,Guayanilla,137,0,0,18.039942,-66.79186,72059.0,634.8176636856492,0.0,137,137,0,0,137,136,,0,0,0,0,1
2020-08-19,US,Puerto Rico,Guaynabo,1080,0,0,18.345114000000002,-66.11452299999999,72061.0,1102.8961235243657,0.0,1080,1065,0,0,1065,1013,,15,0,0,15,52
2020-08-19,US,Puerto Rico,Gurabo,308,0,0,18.266461,-65.97970500000001,72063.0,678.8776477330335,0.0,308,305,0,0,305,299,,3,0,0,3,6
2020-08-19,US,Puerto Rico,Hatillo,138,0,0,18.410928,-66.79632600000001,72065.0,328.93952756656256,0.0,138,137,0,0,137,123,,1,0,0,1,14
2020-08-19,US,Puerto Rico,Hormigueros,111,0,0,18.134532,-67.113972,72067.0,643.4782608695652,0.0,111,111,0,0,111,111,,0,0,0,0,0
2020-08-19,US,Puerto Rico,Humacao,238,0,0,18.145211,-65.810174,72069.0,407.0741969691787,0.0,238,236,0,0,236,227,,2,0,0,2,9
2020-08-19,US,Puerto Rico,Isabela,161,0,0,18.44981,-67.005093,72071.0,352.8303127259977,0.0,161,160,0,0,160,157,,1,0,0,1,3
2020-08-19,US,Puerto Rico,Jayuya,186,0,0,18.211446,-66.58878,72073.0,1117.6541281096022,0.0,186,186,0,0,186,184,,0,0,0,0,2
2020-08-19,US,Puerto Rico,Juana Diaz,229,0,0,18.050764,-66.49458100000001,72075.0,286.61902199081317,0.0,229,228,0,0,228,224,,1,0,0,1,4
2020-08-19,US,Puerto Rico,Juncos,184,0,0,18.223793,-65.909109,72077.0,456.68900471581037,0.0,184,181,0,0,181,178,,3,0,0,3,3
2020-08-19,US,Puerto Rico,Lajas,92,0,0,18.011661,-67.040585,72079.0,357.23993321166466,0.0,92,92,0,0,92,92,,0,0,0,0,0
2020-08-19,US,Puerto Rico,Lares,207,0,0,18.269035000000002,-66.867236,72081.0,673.1050629206908,0.0,207,206,0,0,206,203,,1,0,0,1,3
2020-08-19,US,Puerto Rico,Las Marias,79,0,0,18.23679,-66.98362,72083.0,799.5142192085823,0.0,79,80,0,0,80,80,,-1,0,0,-1,0
2020-08-19,US,Puerto Rico,Las Piedras,206,0,0,18.187527,-65.86946800000001,72085.0,532.6438267614739,0.0,206,205,0,0,205,198,,1,0,0,1,7
2020-08-19,US,Puerto Rico,Loiza,165,0,0,18.425688,-65.89943000000001,72087.0,548.9021956087823,0.0,165,164,0,0,164,156,,1,0,0,1,8
2020-08-19,US,Puerto Rico,Luquillo,140,0,0,18.342114000000002,-65.72509699999999,72089.0,697.6280645804268,0.0,140,140,0,0,140,137,,0,0,0,0,3
2020-08-19,US,Puerto Rico,Manati,306,0,0,18.420473,-66.490461,72091.0,693.6730668963797,0.0,306,303,0,0,303,296,,3,0,0,3,7
2020-08-19,US,Puerto Rico,Maricao,44,0,0,18.171795,-66.942126,72093.0,701.0834926704907,0.0,44,44,0,0,44,44,,0,0,0,0,0
2020-08-19,US,Puerto Rico,Maunabo,74,0,0,18.017889,-65.922235,72095.0,605.3169734151329,0.0,74,72,0,0,72,72,,2,0,0,2,0
2020-08-19,US,Puerto Rico,Mayaguez,570,0,0,18.2013,-67.1452,72097.0,639.8742703188145,0.0,570,569,0,0,569,563,,1,0,0,1,6
2020-08-19,US,Puerto Rico,Moca,219,0,0,18.377805,-67.080952,72099.0,546.0121169812262,0.0,219,217,0,0,217,206,,2,0,0,2,11
2020-08-19,US,Puerto Rico,Morovis,320,0,0,18.316963,-66.420383,72101.0,981.2940815700704,0.0,320,317,0,0,317,310,,3,0,0,3,7
2020-08-19,US,Puerto Rico,Naguabo,111,0,0,18.230636999999998,-65.753897,72103.0,415.4191616766466,0.0,111,109,0,0,109,106,,2,0,0,2,3
2020-08-19,US,Puerto Rico,Naranjito,384,0,0,18.288019,-66.252703,72105.0,1263.0747977106766,0.0,384,383,0,0,383,356,,1,0,0,1,27
2020-08-19,US,Puerto Rico,Orocovis,249,0,0,18.215046,-66.433604,72107.0,1063.0576783503393,0.0,249,248,0,0,248,242,,1,0,0,1,6
2020-08-19,US,Puerto Rico,Out of PR,685,0,0,0.0,0.0,72888.0,0.0,0.0,685,682,0,0,682,682,,3,0,0,3,0
2020-08-19,US,Puerto Rico,Patillas,121,0,0,18.03174,-66.012242,72109.0,627.6910307620481,0.0,121,119,0,0,119,116,,2,0,0,2,3
2020-08-19,US,Puerto Rico,Penuelas,85,0,0,18.059645,-66.721572,72111.0,350.0535375998681,0.0,85,85,0,0,85,84,,0,0,0,0,1
2020-08-19,US,Puerto Rico,Ponce,583,0,0,18.059498,-66.613748,72113.0,350.5143482417166,0.0,583,580,0,0,580,569,,3,0,0,3,11
2020-08-19,US,Puerto Rico,Quebradillas,88,0,0,18.439692,-66.926113,72115.0,339.51927157683554,0.0,88,88,0,0,88,86,,0,0,0,0,2
2020-08-19,US,Puerto Rico,Rincon,115,0,0,18.335442999999998,-67.23174,72117.0,756.578947368421,0.0,115,114,0,0,114,112,,1,0,0,1,2
2020-08-19,US,Puerto Rico,Rio Grande,378,0,0,18.346329,-65.813742,72119.0,696.081319976429,0.0,378,374,0,0,374,361,,4,0,0,4,13
2020-08-19,US,Puerto Rico,Sabana Grande,136,0,0,18.08282,-66.943758,72121.0,538.2940827231348,0.0,136,136,0,0,136,135,,0,0,0,0,1
2020-08-19,US,Puerto Rico,Salinas,259,0,0,18.010386999999994,-66.256592,72123.0,833.3869618379563,0.0,259,254,0,0,254,240,,5,0,0,5,14
2020-08-19,US,Puerto Rico,San German,164,0,0,18.111484,-67.03858100000001,72125.0,461.6207391561348,0.0,164,164,0,0,164,164,,0,0,0,0,0
2020-08-19,US,Puerto Rico,San Juan,4359,0,0,18.386933,-66.061128,72127.0,1102.6342815802657,0.0,4359,4294,0,0,4294,4142,,65,0,0,65,152
2020-08-19,US,Puerto Rico,San Lorenzo,220,0,0,18.147987,-65.976392,72129.0,535.8273661649374,0.0,220,219,0,0,219,208,,1,0,0,1,11
2020-08-19,US,Puerto Rico,San Sebastian,257,0,0,18.328646,-66.971214,72131.0,605.7035116662737,0.0,257,257,0,0,257,253,,0,0,0,0,4
2020-08-19,US,Puerto Rico,Santa Isabel,117,0,0,17.994525,-66.388913,72133.0,502.70688321732405,0.0,117,113,0,0,113,110,,4,0,0,4,3
2020-08-19,US,Puerto Rico,Toa Alta,749,0,0,18.362406,-66.246616,72135.0,1011.2602273647827,0.0,749,741,0,0,741,709,,8,0,0,8,32
2020-08-19,US,Puerto Rico,Toa Baja,725,0,0,18.431445999999998,-66.213553,72137.0,809.0705174703434,0.0,725,716,0,0,716,687,,9,0,0,9,29
2020-08-19,US,Puerto Rico,Trujillo Alto,636,0,0,18.336159,-65.99888399999999,72139.0,849.7902247401191,0.0,636,631,0,0,631,605,,5,0,0,5,26
2020-08-19,US,Puerto Rico,Unassigned,681,356,0,0.0,0.0,72999.0,0.0,52.276064610866364,325,719,346,0,373,592,,-38,10,0,-48,127
2020-08-19,US,Puerto Rico,Utuado,90,0,0,18.271214,-66.702984,72141.0,271.5014027572476,0.0,90,89,0,0,89,81,,1,0,0,1,8
2020-08-19,US,Puerto Rico,Vega Alta,345,0,0,18.409346,-66.33725,72143.0,863.5578583765113,0.0,345,342,0,0,342,329,,3,0,0,3,13
2020-08-19,US,Puerto Rico,Vega Baja,542,0,0,18.428262,-66.397924,72145.0,908.4509402970064,0.0,542,528,0,0,528,503,,14,0,0,14,25
2020-08-19,US,Puerto Rico,Vieques,76,0,0,18.123276,-65.44097099999999,72147.0,817.1164390925708,0.0,76,76,0,0,76,73,,0,0,0,0,3
2020-08-19,US,Puerto Rico,Villalba,90,0,0,18.127951,-66.473115,72149.0,345.18467380048327,0.0,90,90,0,0,90,89,,0,0,0,0,1
2020-08-19,US,Puerto Rico,Yabucoa,167,0,0,18.070399,-65.896289,72151.0,440.1570860019504,0.0,167,164,0,0,164,157,,3,0,0,3,7
2020-08-19,US,Puerto Rico,Yauco,281,0,0,18.080374,-66.858814,72153.0,668.3633422924148,0.0,281,278,0,0,278,276,,3,0,0,3,2
2020-08-19,US,Rhode Island,Bristol,329,0,0,41.71018079,-71.28652315,44001.0,678.6443614761031,0.0,329,322,0,0,322,322,48649,7,0,0,7,0
2020-08-19,US,Rhode Island,Kent,1592,0,0,41.67106337,-71.57641596,44003.0,969.0064032332676,0.0,1592,1544,0,0,1544,1544,163861,48,0,0,48,0
2020-08-19,US,Rhode Island,Newport,411,0,0,41.5642026,-71.26569799,44005.0,500.7187934017202,0.0,411,405,0,0,405,405,82542,6,0,0,6,0
2020-08-19,US,Rhode Island,Providence,16142,0,0,41.87064746,-71.57753536,44007.0,2526.407389843348,0.0,16142,15644,0,0,15644,15644,636084,498,0,0,498,0
2020-08-19,US,Rhode Island,Unassigned,1662,1027,0,0.0,0.0,90044.0,0.0,61.793020457280385,635,2156,1024,0,1132,2036,,-494,3,0,-497,120
2020-08-19,US,Rhode Island,Washington,659,0,0,41.45961631,-71.61435303,44009.0,524.7776264761859,0.0,659,621,0,0,621,621,126179,38,0,0,38,0
2020-08-19,US,South Carolina,Abbeville,371,8,0,34.22333378,-82.46170658,45001.0,1512.618746687324,2.1563342318059298,363,366,8,0,358,363,24541,5,0,0,5,3
2020-08-19,US,South Carolina,Aiken,2172,50,0,33.54338026,-81.63645384,45003.0,1271.1269254178567,2.3020257826887662,2122,2155,49,0,2106,2137,169401,17,1,0,16,18
2020-08-19,US,South Carolina,Allendale,254,6,0,32.98837386,-81.35321066,45005.0,2923.5727440147334,2.3622047244094486,248,255,6,0,249,253,8903,-1,0,0,-1,2
2020-08-19,US,South Carolina,Anderson,2735,81,0,34.51828081,-82.63959517,45007.0,1350.2305512495184,2.9616087751371114,2654,2667,81,0,2586,2605,200482,68,0,0,68,62
2020-08-19,US,South Carolina,Bamberg,495,27,0,33.21927586,-81.05659969,45009.0,3519.1241291056454,5.454545454545454,468,493,27,0,466,490,14275,2,0,0,2,3
2020-08-19,US,South Carolina,Barnwell,472,9,0,33.26679302,-81.43584352,45011.0,2262.0531007380428,1.9067796610169487,463,469,9,0,460,460,21112,3,0,0,3,9
2020-08-19,US,South Carolina,Beaufort,4416,61,0,32.39226291,-80.72619758,45013.0,2298.5394697119536,1.381340579710145,4355,4397,60,0,4337,4372,188715,19,1,0,18,25
2020-08-19,US,South Carolina,Berkeley,4520,75,0,33.20222596,-79.94654523,45015.0,1983.2651037484588,1.65929203539823,4445,4489,76,0,4413,4462,221091,31,-1,0,32,27
2020-08-19,US,South Carolina,Calhoun,399,15,0,33.66926881,-80.77722168,45017.0,2741.7027417027416,3.7593984962406015,384,396,15,0,381,392,14520,3,0,0,3,4
2020-08-19,US,South Carolina,Charleston,13062,217,0,32.82487866,-79.96512315,45019.0,3174.965848820873,1.6613076098606645,12845,12956,217,0,12739,12911,405905,106,0,0,106,45
2020-08-19,US,South Carolina,Cherokee,735,31,0,35.05122251,-81.61828622,45021.0,1282.7225130890054,4.217687074829932,704,728,31,0,697,718,57078,7,0,0,7,10
2020-08-19,US,South Carolina,Chester,765,15,0,34.69249168,-81.1583216,45023.0,2372.534425009304,1.96078431372549,750,758,15,0,743,753,32251,7,0,0,7,5
2020-08-19,US,South Carolina,Chesterfield,848,23,0,34.64137396,-80.15640140000002,45025.0,1857.6122672508216,2.712264150943396,825,841,23,0,818,837,45754,7,0,0,7,4
2020-08-19,US,South Carolina,Clarendon,916,59,0,33.66610974,-80.21647898,45027.0,2714.4762186990665,6.4410480349344965,857,911,59,0,852,909,33700,5,0,0,5,2
2020-08-19,US,South Carolina,Colleton,852,36,0,32.87582989,-80.67641292,45029.0,2261.326538737161,4.225352112676056,816,852,36,0,816,850,37660,0,0,0,0,2
2020-08-19,US,South Carolina,Darlington,1473,41,0,34.33358335,-79.96027485,45031.0,2211.114113302711,2.7834351663272234,1432,1463,41,0,1422,1459,66802,10,0,0,10,4
2020-08-19,US,South Carolina,Dillon,690,26,0,34.39007791,-79.37741872,45033.0,2263.8538009777226,3.768115942028986,664,684,26,0,658,679,30599,6,0,0,6,5
2020-08-19,US,South Carolina,Dorchester,3325,60,0,33.0794369,-80.40502652,45035.0,2042.2703904575305,1.8045112781954888,3265,3300,59,0,3241,3282,160647,25,1,0,24,18
2020-08-19,US,South Carolina,Edgefield,372,8,0,33.77221995,-81.96231108,45037.0,1364.6368305209098,2.150537634408602,364,371,7,0,364,368,27052,1,1,0,0,3
2020-08-19,US,South Carolina,Fairfield,592,25,0,34.39287073,-81.1195624,45039.0,2649.125162214168,4.222972972972973,567,589,25,0,564,587,22402,3,0,0,3,2
2020-08-19,US,South Carolina,Florence,3845,137,0,34.02361754,-79.70189312,45041.0,2780.3287223503717,3.5630689206762027,3708,3816,136,0,3680,3791,138159,29,1,0,28,25
2020-08-19,US,South Carolina,Georgetown,1565,30,0,33.43443342,-79.33202141,45043.0,2496.8091895341418,1.9169329073482428,1535,1556,27,0,1529,1543,62249,9,3,0,6,13
2020-08-19,US,South Carolina,Greenville,11350,237,0,34.89502264,-82.37295012,45045.0,2167.9254004454274,2.0881057268722465,11113,11327,235,0,11092,11277,514213,23,2,0,21,50
2020-08-19,US,South Carolina,Greenwood,1578,21,0,34.15272415,-82.12715789,45047.0,2228.4673285224053,1.3307984790874523,1557,1571,20,0,1551,1569,70741,7,1,0,6,2
2020-08-19,US,South Carolina,Hampton,481,15,0,32.77419582,-81.13845571,45049.0,2502.341067526793,3.1185031185031185,466,482,15,0,467,480,19351,-1,0,0,-1,2
2020-08-19,US,South Carolina,Horry,8961,172,0,33.9212828,-78.99555293,45051.0,2530.7768561430858,1.9194286351969647,8789,8926,172,0,8754,8889,344147,35,0,0,35,37
2020-08-19,US,South Carolina,Jasper,644,19,0,32.43171982,-81.02487495,45053.0,2141.4557909087885,2.950310559006211,625,641,19,0,622,635,28971,3,0,0,3,6
2020-08-19,US,South Carolina,Kershaw,1466,30,0,34.33988254,-80.58763164,45055.0,2202.8218959895416,2.046384720327421,1436,1457,29,0,1428,1461,65592,9,1,0,8,-4
2020-08-19,US,South Carolina,Lancaster,1418,27,0,34.68270843,-80.70513032,45057.0,1446.7616210259964,1.904090267983075,1391,1405,27,0,1378,1392,95380,13,0,0,13,13
2020-08-19,US,South Carolina,Laurens,1394,51,0,34.48244419,-82.00490796,45059.0,2065.399374749974,3.6585365853658534,1343,1386,51,0,1335,1379,66994,8,0,0,8,7
2020-08-19,US,South Carolina,Lee,592,30,0,34.16393091,-80.25690731,45061.0,3517.946280009508,5.067567567567568,562,588,30,0,558,588,17142,4,0,0,4,0
2020-08-19,US,South Carolina,Lexington,5310,121,0,33.89665987,-81.27146426,45063.0,1777.4058577405856,2.278719397363465,5189,5277,121,0,5156,5235,295032,33,0,0,33,42
2020-08-19,US,South Carolina,Marion,594,14,0,34.07859748,-79.36400756,45067.0,1937.56727664155,2.356902356902357,580,592,14,0,578,590,31039,2,0,0,2,2
2020-08-19,US,South Carolina,Marlboro,606,5,0,34.59905577,-79.67561152,45069.0,2320.238915690329,0.8250825082508251,601,590,5,0,585,554,26398,16,0,0,16,36
2020-08-19,US,South Carolina,McCormick,148,3,0,33.90161443,-82.30794338,45065.0,1563.9860509352213,2.0270270270270268,145,147,3,0,144,141,9410,1,0,0,1,6
2020-08-19,US,South Carolina,Newberry,901,13,0,34.28629098,-81.59935761,45071.0,2343.9125910509883,1.4428412874583796,888,901,13,0,888,895,38520,0,0,0,0,6
2020-08-19,US,South Carolina,Oconee,891,15,0,34.75225169,-83.06742317,45073.0,1120.10660498328,1.6835016835016836,876,890,15,0,875,882,78374,1,0,0,1,8
2020-08-19,US,South Carolina,Orangeburg,2628,80,0,33.4391073,-80.79886287,45075.0,3049.608355091384,3.0441400304413997,2548,2611,80,0,2531,2596,86934,17,0,0,17,15
2020-08-19,US,South Carolina,Pickens,1949,30,0,34.88807695,-82.72791551,45077.0,1536.0486743797485,1.5392508978963568,1919,1942,30,0,1912,1934,124937,7,0,0,7,8
2020-08-19,US,South Carolina,Richland,9564,178,0,34.01791263,-80.90267209,45079.0,2300.371128466251,1.8611459640317856,9386,9468,178,0,9290,9404,414576,96,0,0,96,64
2020-08-19,US,South Carolina,Saluda,495,10,0,34.00795823,-81.72713237,45081.0,2417.8185903384947,2.0202020202020203,485,494,10,0,484,491,20544,1,0,0,1,3
2020-08-19,US,South Carolina,Spartanburg,4526,121,0,34.92960077,-81.99225984,45083.0,1415.3259221039136,2.673442333186036,4405,4469,118,0,4351,4400,313888,57,3,0,54,69
2020-08-19,US,South Carolina,Sumter,2667,57,0,33.91826534,-80.37942316,45085.0,2499.039551728338,2.137232845894263,2610,2648,56,0,2592,2643,106512,19,1,0,18,5
2020-08-19,US,South Carolina,Union,409,5,0,34.68835752,-81.61730349,45087.0,1497.2909650021963,1.2224938875305624,404,407,4,0,403,403,27410,2,1,0,1,4
2020-08-19,US,South Carolina,Williamsburg,1100,34,0,33.62190129,-79.72767442,45089.0,3622.233930453108,3.0909090909090913,1066,1093,33,0,1060,1087,30606,7,1,0,6,6
2020-08-19,US,South Carolina,York,3865,32,0,34.97281497,-81.18085944,45091.0,1375.5476387915112,0.8279430789133247,3833,3848,32,0,3816,3807,274118,17,0,0,17,41
2020-08-19,US,South Dakota,Aurora,40,0,0,43.71757685,-98.56050467,46003.0,1454.0167211922933,0.0,40,40,0,0,40,40,2801,0,0,0,0,0
2020-08-19,US,South Dakota,Beadle,598,9,0,44.41464384,-98.27858469,46005.0,3240.665474448599,1.5050167224080269,589,598,9,0,589,598,18883,0,0,0,0,0
2020-08-19,US,South Dakota,Bennett,6,0,0,43.19486375,-101.6665572,46007.0,178.30609212481426,0.0,6,6,0,0,6,6,3468,0,0,0,0,0
2020-08-19,US,South Dakota,Bon Homme,28,0,0,42.98914167,-97.88592746,46009.0,405.73829879727583,0.0,28,26,0,0,26,26,6980,2,0,0,2,0
2020-08-19,US,South Dakota,Brookings,162,1,0,44.36974375,-96.79079945,46011.0,461.84109245374464,0.6172839506172839,161,157,1,0,156,156,35232,5,0,0,5,1
2020-08-19,US,South Dakota,Brown,496,3,0,45.58994323,-98.35165355,46013.0,1277.0668657792426,0.6048387096774194,493,491,3,0,488,485,39316,5,0,0,5,6
2020-08-19,US,South Dakota,Brule,47,0,0,43.71756379,-99.08118954,46015.0,887.2946951104399,0.0,47,47,0,0,47,47,5229,0,0,0,0,0
2020-08-19,US,South Dakota,Buffalo,109,3,0,44.07657829,-99.20814467,46017.0,5555.555555555556,2.7522935779816518,106,109,3,0,106,109,2036,0,0,0,0,0
2020-08-19,US,South Dakota,Butte,21,1,0,44.90608745,-103.5079318,46019.0,201.36158787995015,4.761904761904762,20,20,1,0,19,20,10222,1,0,0,1,0
2020-08-19,US,South Dakota,Campbell,3,0,0,45.77074915,-100.0510181,46021.0,218.02325581395348,0.0,3,3,0,0,3,3,1377,0,0,0,0,0
2020-08-19,US,South Dakota,Charles Mix,114,0,0,43.20660134,-98.58856175,46023.0,1226.8618166164442,0.0,114,113,0,0,113,113,9338,1,0,0,1,0
2020-08-19,US,South Dakota,Clark,17,0,0,44.85834507,-97.72925109,46025.0,455.0321199143468,0.0,17,17,0,0,17,17,3739,0,0,0,0,0
2020-08-19,US,South Dakota,Clay,142,0,0,42.91296147,-96.97656917,46027.0,1009.2395167022032,0.0,142,141,0,0,141,141,14041,1,0,0,1,0
2020-08-19,US,South Dakota,Codington,183,1,0,44.97788119,-97.18827677,46029.0,653.3614195437181,0.5464480874316939,182,173,1,0,172,169,28015,10,0,0,10,4
2020-08-19,US,South Dakota,Corson,49,0,0,45.70889983,-101.1970473,46031.0,1199.216837983358,0.0,49,48,0,0,48,47,4165,1,0,0,1,1
2020-08-19,US,South Dakota,Custer,51,0,0,43.67741105,-103.45345209999999,46033.0,568.4351315202854,0.0,51,49,0,0,49,47,8726,2,0,0,2,2
2020-08-19,US,South Dakota,Davison,101,1,0,43.67490933,-98.14458906,46035.0,510.7458912768647,0.99009900990099,100,101,1,0,100,101,19790,0,0,0,0,0
2020-08-19,US,South Dakota,Day,29,0,0,45.367281,-97.60737498,46037.0,534.6607669616518,0.0,29,29,0,0,29,28,5505,0,0,0,0,1
2020-08-19,US,South Dakota,Deuel,26,0,0,44.75994309,-96.66943645,46039.0,597.5637784417376,0.0,26,24,0,0,24,24,4337,2,0,0,2,0
2020-08-19,US,South Dakota,Dewey,60,0,0,45.15639647,-100.8709139,46041.0,1018.3299389002035,0.0,60,59,0,0,59,59,5904,1,0,0,1,0
2020-08-19,US,South Dakota,Douglas,20,0,0,43.38520741,-98.36978007,46043.0,684.6970215679562,0.0,20,20,0,0,20,20,2935,0,0,0,0,0
2020-08-19,US,South Dakota,Edmunds,21,0,0,45.41846445,-99.21545423,46045.0,548.4460694698355,0.0,21,21,0,0,21,19,3875,0,0,0,0,2
2020-08-19,US,South Dakota,Fall River,23,0,0,43.23929297,-103.5275691,46047.0,342.6187993445553,0.0,23,23,0,0,23,23,6758,0,0,0,0,0
2020-08-19,US,South Dakota,Faulk,29,1,0,45.07082625,-99.14535601,46049.0,1261.418007829491,3.4482758620689653,28,29,1,0,28,29,2330,0,0,0,0,0
2020-08-19,US,South Dakota,Grant,34,0,0,45.1723937,-96.77002276,46051.0,482.1327283040272,0.0,34,34,0,0,34,33,7147,0,0,0,0,1
2020-08-19,US,South Dakota,Gregory,8,0,0,43.19419064,-99.18883902,46053.0,191.15890083632016,0.0,8,8,0,0,8,8,4212,0,0,0,0,0
2020-08-19,US,South Dakota,Haakon,3,0,0,44.29299053,-101.539099,46055.0,157.9778830963665,0.0,3,2,0,0,2,2,1918,1,0,0,1,0
2020-08-19,US,South Dakota,Hamlin,34,0,0,44.67385954,-97.18829593,46057.0,551.5898767034394,0.0,34,32,0,0,32,31,6111,2,0,0,2,1
2020-08-19,US,South Dakota,Hand,12,0,0,44.54708407,-99.00386459,46059.0,376.0576621748668,0.0,12,12,0,0,12,12,3262,0,0,0,0,0
2020-08-19,US,South Dakota,Hanson,22,0,0,43.6746384,-97.78715148,46061.0,637.1271358239213,0.0,22,22,0,0,22,22,3376,0,0,0,0,0
2020-08-19,US,South Dakota,Harding,2,0,0,45.58015551,-103.4958629,46063.0,154.08320493066256,0.0,2,2,0,0,2,2,1249,0,0,0,0,0
2020-08-19,US,South Dakota,Hughes,100,3,0,44.39091534,-99.99661148,46065.0,570.5808513066303,3.0,97,100,3,0,97,100,17650,0,0,0,0,0
2020-08-19,US,South Dakota,Hutchinson,35,0,0,43.33449012,-97.75536441,46067.0,480.0438897270608,0.0,35,35,0,0,35,31,7380,0,0,0,0,4
2020-08-19,US,South Dakota,Hyde,4,0,0,44.54747703,-99.48572582,46069.0,307.455803228286,0.0,4,4,0,0,4,4,1282,0,0,0,0,0
2020-08-19,US,South Dakota,Jackson,12,1,0,43.69318385,-101.6255063,46071.0,358.85167464114835,8.333333333333334,11,12,1,0,11,12,3307,0,0,0,0,0
2020-08-19,US,South Dakota,Jerauld,39,1,0,44.06637798,-98.62965972,46073.0,1937.4068554396426,2.5641025641025643,38,39,1,0,38,39,2043,0,0,0,0,0
2020-08-19,US,South Dakota,Jones,2,0,0,43.96278565,-100.6940008,46075.0,221.48394241417492,0.0,2,2,0,0,2,2,928,0,0,0,0,0
2020-08-19,US,South Dakota,Kingsbury,15,0,0,44.36956169,-97.4913945,46077.0,303.70520348248635,0.0,15,15,0,0,15,15,4919,0,0,0,0,0
2020-08-19,US,South Dakota,Lake,105,5,0,44.02193107,-97.12926365,46079.0,820.5048058138626,4.761904761904762,100,104,5,0,99,103,13057,1,0,0,1,1
2020-08-19,US,South Dakota,Lawrence,82,1,0,44.35919441,-103.79294279999999,46081.0,317.2883454573595,1.2195121951219512,81,77,1,0,76,74,25741,5,0,0,5,3
2020-08-19,US,South Dakota,Lincoln,738,2,0,43.27841182,-96.72039050000001,46083.0,1207.3027090694936,0.27100271002710025,736,723,2,0,721,711,58807,15,0,0,15,12
2020-08-19,US,South Dakota,Lyman,91,3,0,43.89522709,-99.85201878,46085.0,2406.770695583179,3.2967032967032965,88,91,3,0,88,91,3821,0,0,0,0,0
2020-08-19,US,South Dakota,Marshall,12,0,0,45.75870838,-97.59855639,46091.0,243.161094224924,0.0,12,12,0,0,12,12,5112,0,0,0,0,0
2020-08-19,US,South Dakota,McCook,37,1,0,43.6742571,-97.36863144,46087.0,662.3702112423917,2.702702702702702,36,37,1,0,36,36,5546,0,0,0,0,1
2020-08-19,US,South Dakota,McPherson,8,0,0,45.76626028,-99.22118798,46089.0,336.27574611181166,0.0,8,8,0,0,8,8,2407,0,0,0,0,0
2020-08-19,US,South Dakota,Meade,120,1,0,44.56676791,-102.71627409999999,46093.0,423.5493434985176,0.8333333333333334,119,112,1,0,111,106,28294,8,0,0,8,6
2020-08-19,US,South Dakota,Mellette,24,0,0,43.58078848,-100.7563186,46095.0,1164.4832605531294,0.0,24,24,0,0,24,24,2042,0,0,0,0,0
2020-08-19,US,South Dakota,Miner,15,0,0,44.02197882,-97.60992207,46097.0,676.8953068592058,0.0,15,15,0,0,15,15,2213,0,0,0,0,0
2020-08-19,US,South Dakota,Minnehaha,4727,69,0,43.67441641,-96.7910885,46099.0,2447.523481106382,1.459699598053734,4658,4682,68,0,4614,4655,192876,45,1,0,44,27
2020-08-19,US,South Dakota,Moody,34,0,0,44.02266214,-96.67081159,46101.0,517.0316301703161,0.0,34,33,0,0,33,33,6579,1,0,0,1,0
2020-08-19,US,South Dakota,Oglala Lakota,159,2,0,43.33749164,-102.55554980000001,46102.0,1121.5348804401494,1.2578616352201255,157,158,2,0,156,158,14309,1,0,0,1,0
2020-08-19,US,South Dakota,Pennington,962,33,0,44.0025835,-102.8240777,46103.0,845.5284552845528,3.4303534303534304,929,958,33,0,925,951,111729,4,0,0,4,7
2020-08-19,US,South Dakota,Perkins,6,0,0,45.49049506,-102.47555859999999,46105.0,209.42408376963348,0.0,6,6,0,0,6,6,2922,0,0,0,0,0
2020-08-19,US,South Dakota,Potter,2,0,0,45.06583079,-99.95498503,46107.0,92.89363678588016,0.0,2,2,0,0,2,2,2207,0,0,0,0,0
2020-08-19,US,South Dakota,Roberts,87,1,0,45.62975048,-96.94672673,46109.0,837.0213584760437,1.1494252873563218,86,87,1,0,86,87,10447,0,0,0,0,0
2020-08-19,US,South Dakota,Sanborn,13,0,0,44.02351092,-98.09098159999999,46111.0,554.6075085324234,0.0,13,13,0,0,13,13,2429,0,0,0,0,0
2020-08-19,US,South Dakota,Spink,27,0,0,44.93837606,-98.34626602,46115.0,423.4629861982434,0.0,27,27,0,0,27,27,6495,0,0,0,0,0
2020-08-19,US,South Dakota,Stanley,17,0,0,44.41381872,-100.7349153,46117.0,548.7411233053583,0.0,17,16,0,0,16,16,3022,1,0,0,1,0
2020-08-19,US,South Dakota,Sully,4,0,0,44.71571812,-100.1278092,46119.0,287.56290438533426,0.0,4,4,0,0,4,4,1392,0,0,0,0,0
2020-08-19,US,South Dakota,Todd,75,5,0,43.19338568,-100.71955030000001,46121.0,736.9558809079297,6.666666666666668,70,75,5,0,70,75,10283,0,0,0,0,0
2020-08-19,US,South Dakota,Tripp,20,0,0,43.34459388,-99.8854891,46123.0,367.5794890645102,0.0,20,20,0,0,20,20,5478,0,0,0,0,0
2020-08-19,US,South Dakota,Turner,63,0,0,43.3109081,-97.14865776,46125.0,751.4312977099237,0.0,63,60,0,0,60,60,8424,3,0,0,3,0
2020-08-19,US,South Dakota,Union,224,4,0,42.83112163,-96.6557828,46127.0,1405.9753954305802,1.7857142857142858,220,223,4,0,219,223,15619,1,0,0,1,0
2020-08-19,US,South Dakota,Walworth,23,0,0,45.43019636,-100.03075140000001,46129.0,423.1830726770929,0.0,23,18,0,0,18,18,5587,5,0,0,5,0
2020-08-19,US,South Dakota,Yankton,159,3,0,43.00924485,-97.39467635,46135.0,696.9404751468396,1.8867924528301887,156,158,3,0,155,157,22869,1,0,0,1,1
2020-08-19,US,South Dakota,Ziebach,35,0,0,44.97881876,-101.6654622,46137.0,1269.956458635704,0.0,35,35,0,0,35,35,2742,0,0,0,0,0
2020-08-19,US,Tennessee,Anderson,799,6,0,36.12684348,-84.19965764,47001.0,1037.958897347294,0.7509386733416771,793,778,6,0,772,772,76482,21,0,0,21,6
2020-08-19,US,Tennessee,Bedford,1006,13,0,35.51123746,-86.45549096,47003.0,2023.6155532758032,1.2922465208747516,993,989,12,0,977,987,49038,17,1,0,16,2
2020-08-19,US,Tennessee,Benton,197,2,0,36.07110411,-88.06849355,47005.0,1219.0594059405942,1.0152284263959392,195,190,2,0,188,187,16184,7,0,0,7,3
2020-08-19,US,Tennessee,Bledsoe,758,3,0,35.59942968,-85.20611967,47007.0,5031.864046733936,0.39577836411609496,755,752,2,0,750,751,14755,6,1,0,5,1
2020-08-19,US,Tennessee,Blount,1584,15,0,35.68938198,-83.92847788,47009.0,1190.1899495070932,0.946969696969697,1569,1542,15,0,1527,1507,131349,42,0,0,42,35
2020-08-19,US,Tennessee,Bradley,2232,16,0,35.15739424,-84.857186,47011.0,2064.5638701322728,0.7168458781362007,2216,2192,16,0,2176,2175,106727,40,0,0,40,17
2020-08-19,US,Tennessee,Campbell,284,2,0,36.40355516,-84.15108559999999,47013.0,712.8156217057376,0.7042253521126759,282,279,2,0,277,275,39583,5,0,0,5,4
2020-08-19,US,Tennessee,Cannon,172,0,0,35.80990797,-86.05738983,47015.0,1171.8217740836626,0.0,172,165,0,0,165,166,14462,7,0,0,7,-1
2020-08-19,US,Tennessee,Carroll,426,6,0,35.97366108,-88.45189331,47017.0,1534.1952677638926,1.4084507042253518,420,411,6,0,405,401,28020,15,0,0,15,10
2020-08-19,US,Tennessee,Carter,679,9,0,36.28969086,-82.12588974,47019.0,1204.0928516961924,1.325478645066274,670,648,9,0,639,643,56351,31,0,0,31,5
2020-08-19,US,Tennessee,Cheatham,670,9,0,36.26136216,-87.08903581,47021.0,1647.5274792829566,1.3432835820895523,661,656,9,0,647,648,40439,14,0,0,14,8
2020-08-19,US,Tennessee,Chester,295,2,0,35.42527478,-88.6095842,47023.0,1705.4980632479621,0.6779661016949152,293,290,2,0,288,278,17276,5,0,0,5,12
2020-08-19,US,Tennessee,Claiborne,323,1,0,36.48319149,-83.65947309,47025.0,1010.6699208360714,0.30959752321981426,322,315,1,0,314,313,31756,8,0,0,8,2
2020-08-19,US,Tennessee,Clay,94,0,0,36.55151008,-85.53930419,47027.0,1234.4057780695994,0.0,94,92,0,0,92,91,7717,2,0,0,2,1
2020-08-19,US,Tennessee,Cocke,578,6,0,35.9278914,-83.11828725,47029.0,1605.3771803132986,1.038062283737024,572,560,5,0,555,557,35774,18,1,0,17,3
2020-08-19,US,Tennessee,Coffee,650,5,0,35.49090731,-86.07311784,47031.0,1150.0353857041755,0.7692307692307693,645,630,4,0,626,617,55700,20,1,0,19,13
2020-08-19,US,Tennessee,Crockett,320,8,0,35.81830662,-89.14916269,47033.0,2248.7702037948,2.5,312,313,8,0,305,308,14328,7,0,0,7,5
2020-08-19,US,Tennessee,Cumberland,627,7,0,35.95271721,-84.99840585,47035.0,1036.021150033047,1.116427432216906,620,598,7,0,591,592,59673,29,0,0,29,6
2020-08-19,US,Tennessee,Davidson,22326,235,0,36.17007426,-86.78646056,47037.0,3216.3355153973816,1.052584430708591,22091,22190,231,0,21959,22005,692587,136,4,0,132,185
2020-08-19,US,Tennessee,DeKalb,398,4,0,35.97616272,-85.83689361,47041.0,1942.4109321620306,1.0050251256281406,394,394,2,0,392,390,20138,4,2,0,2,4
2020-08-19,US,Tennessee,Decatur,250,3,0,35.60048904,-88.11043779,47039.0,2143.5308239732485,1.2,247,247,3,0,244,244,11706,3,0,0,3,3
2020-08-19,US,Tennessee,Dickson,807,5,0,36.14669837,-87.35891709,47043.0,1495.8849262252536,0.6195786864931846,802,794,4,0,790,784,53446,13,1,0,12,10
2020-08-19,US,Tennessee,Dyer,772,9,0,36.05931946,-89.41542855,47045.0,2077.558599531742,1.16580310880829,763,751,9,0,742,747,37320,21,0,0,21,4
2020-08-19,US,Tennessee,Fayette,787,10,0,35.19615831,-89.41399032,47047.0,1913.3056183599545,1.2706480304955527,777,766,10,0,756,759,40507,21,0,0,21,7
2020-08-19,US,Tennessee,Fentress,135,0,0,36.38128818,-84.92870012,47049.0,728.8236246828267,0.0,135,127,0,0,127,124,18217,8,0,0,8,3
2020-08-19,US,Tennessee,Franklin,391,4,0,35.15634626,-86.09201039,47051.0,926.3646702047006,1.0230179028132993,387,384,4,0,380,383,41890,7,0,0,7,1
2020-08-19,US,Tennessee,Gibson,877,11,0,35.99438059,-88.93358327,47053.0,1784.9510512282986,1.2542759407069557,866,846,10,0,836,832,49045,31,1,0,30,14
2020-08-19,US,Tennessee,Giles,420,14,0,35.20222469,-87.03992678,47055.0,1425.4683681781155,3.333333333333333,406,416,14,0,402,416,29503,4,0,0,4,0
2020-08-19,US,Tennessee,Grainger,234,1,0,36.27469206,-83.51254721,47057.0,1003.4305317324188,0.4273504273504273,233,228,1,0,227,223,23145,6,0,0,6,5
2020-08-19,US,Tennessee,Greene,653,9,0,36.17470125,-82.84691273,47059.0,945.4313802139887,1.3782542113323124,644,627,9,0,618,609,69087,26,0,0,26,18
2020-08-19,US,Tennessee,Grundy,136,2,0,35.38433717,-85.72142731,47061.0,1012.8844864824608,1.4705882352941178,134,133,2,0,131,130,13346,3,0,0,3,3
2020-08-19,US,Tennessee,Hamblen,1530,16,0,36.21990035,-83.26586179,47063.0,2356.238642313734,1.0457516339869282,1514,1512,16,0,1496,1507,64569,18,0,0,18,5
2020-08-19,US,Tennessee,Hamilton,7145,61,0,35.17670231,-85.16652245,47065.0,1942.6107383280225,0.8537438768369492,7084,6995,61,0,6934,6862,364286,150,0,0,150,133
2020-08-19,US,Tennessee,Hancock,84,2,0,36.52692871,-83.22375847,47067.0,1268.882175226586,2.380952380952381,82,84,2,0,82,84,6549,0,0,0,0,0
2020-08-19,US,Tennessee,Hardeman,1108,19,0,35.20772017,-88.99161161,47069.0,4423.15369261477,1.7148014440433212,1089,1091,19,0,1072,1082,25220,17,0,0,17,9
2020-08-19,US,Tennessee,Hardin,549,8,0,35.19732531,-88.18593755,47071.0,2140.1840012474663,1.4571948998178506,541,525,8,0,517,517,25776,24,0,0,24,8
2020-08-19,US,Tennessee,Hawkins,606,10,0,36.44355426,-82.94885298,47073.0,1067.1644419399147,1.6501650165016502,596,585,10,0,575,579,56530,21,0,0,21,6
2020-08-19,US,Tennessee,Haywood,648,9,0,35.58332824,-89.28536625,47075.0,3744.7988904299573,1.3888888888888888,639,625,8,0,617,619,17335,23,1,0,22,6
2020-08-19,US,Tennessee,Henderson,732,4,0,35.65581134,-88.38600175,47077.0,2603.4071913788807,0.5464480874316939,728,716,4,0,712,695,27847,16,0,0,16,21
2020-08-19,US,Tennessee,Henry,357,3,0,36.33160906,-88.30121797,47079.0,1103.7254598856082,0.8403361344537815,354,336,1,0,335,336,32358,21,2,0,19,0
2020-08-19,US,Tennessee,Hickman,319,1,0,35.80609681,-87.47643507,47081.0,1266.9791087457304,0.31347962382445144,318,309,1,0,308,305,25063,10,0,0,10,4
2020-08-19,US,Tennessee,Houston,68,0,0,36.28872054,-87.71878828,47083.0,829.1671747347882,0.0,68,67,0,0,67,67,8263,1,0,0,1,0
2020-08-19,US,Tennessee,Humphreys,146,3,0,36.03958805,-87.77992872,47085.0,785.7065977828006,2.054794520547945,143,145,3,0,142,140,18486,1,0,0,1,5
2020-08-19,US,Tennessee,Jackson,170,1,0,36.36380466,-85.67239905,47087.0,1442.3892754115052,0.5882352941176471,169,156,1,0,155,153,11758,14,0,0,14,3
2020-08-19,US,Tennessee,Jefferson,667,4,0,36.04818632,-83.45148924,47089.0,1223.9655014221491,0.5997001499250375,663,652,4,0,648,651,54012,15,0,0,15,1
2020-08-19,US,Tennessee,Johnson,362,1,0,36.45523950000001,-81.84886538,47091.0,2035.0798290982684,0.27624309392265195,361,353,1,0,352,349,17778,9,0,0,9,4
2020-08-19,US,Tennessee,Knox,5466,45,0,35.99508821,-83.94635435,47093.0,1162.2047444999396,0.8232711306256859,5421,5349,43,0,5306,5297,465289,117,2,0,115,52
2020-08-19,US,Tennessee,Lake,807,1,0,36.34180170000001,-89.48921915,47095.0,11502.280501710376,0.12391573729863692,806,805,1,0,804,804,7411,2,0,0,2,1
2020-08-19,US,Tennessee,Lauderdale,578,10,0,35.75893438,-89.63015909999999,47097.0,2254.905785510865,1.7301038062283738,568,572,9,0,563,569,25825,6,1,0,5,3
2020-08-19,US,Tennessee,Lawrence,671,8,0,35.21675201,-87.39787695,47099.0,1520.0942413121286,1.1922503725782414,663,655,8,0,647,646,43734,16,0,0,16,9
2020-08-19,US,Tennessee,Lewis,93,1,0,35.52853208,-87.49022694,47101.0,758.0697750244539,1.075268817204301,92,92,1,0,91,89,12086,1,0,0,1,3
2020-08-19,US,Tennessee,Lincoln,362,1,0,35.13738622,-86.58910106,47103.0,1053.366699644998,0.27624309392265195,361,351,1,0,350,349,34117,11,0,0,11,2
2020-08-19,US,Tennessee,Loudon,823,3,0,35.73939663,-84.31145275,47105.0,1522.1572834208773,0.3645200486026732,820,819,3,0,816,815,53054,4,0,0,4,4
2020-08-19,US,Tennessee,Macon,876,14,0,36.53157855,-86.00778595,47111.0,3560.6861230794243,1.5981735159817352,862,869,13,0,856,871,24265,7,1,0,6,-2
2020-08-19,US,Tennessee,Madison,1458,28,0,35.61181957,-88.84076036,47113.0,1487.9980404964074,1.9204389574759944,1430,1414,27,0,1387,1373,97605,44,1,0,43,41
2020-08-19,US,Tennessee,Marion,276,5,0,35.12997174,-85.62265895,47115.0,954.7860379838793,1.8115942028985508,271,262,5,0,257,258,28575,14,0,0,14,4
2020-08-19,US,Tennessee,Marshall,400,4,0,35.45798777,-86.76420988,47117.0,1163.6363636363635,1.0,396,373,4,0,369,372,33683,27,0,0,27,1
2020-08-19,US,Tennessee,Maury,1470,11,0,35.618741299999996,-87.07462444,47119.0,1525.101932833266,0.7482993197278912,1459,1449,11,0,1438,1445,94340,21,0,0,21,4
2020-08-19,US,Tennessee,McMinn,651,20,0,35.42812616,-84.61520715,47107.0,1210.1721381566715,3.072196620583717,631,627,20,0,607,617,53285,24,0,0,24,10
2020-08-19,US,Tennessee,McNairy,445,7,0,35.17468549,-88.5647812,47109.0,1731.9218494590177,1.5730337078651686,438,437,7,0,430,430,25832,8,0,0,8,7
2020-08-19,US,Tennessee,Meigs,124,1,0,35.51558739,-84.81482914,47121.0,998.2289486395108,0.8064516129032258,123,121,1,0,120,121,12306,3,0,0,3,0
2020-08-19,US,Tennessee,Monroe,547,10,0,35.44550387,-84.24902965,47123.0,1175.2067891288,1.828153564899452,537,526,10,0,516,524,46357,21,0,0,21,2
2020-08-19,US,Tennessee,Montgomery,2212,21,0,36.49609412,-87.38550661,47125.0,1058.4086548353293,0.9493670886075948,2191,2182,18,0,2164,2169,205950,30,3,0,27,13
2020-08-19,US,Tennessee,Moore,80,0,0,35.27724699,-86.36230578,47127.0,1233.0456226880397,0.0,80,77,0,0,77,77,6411,3,0,0,3,0
2020-08-19,US,Tennessee,Morgan,162,1,0,36.13248031,-84.64880098,47129.0,756.9032378638509,0.6172839506172839,161,148,1,0,147,145,21579,14,0,0,14,3
2020-08-19,US,Tennessee,Obion,700,4,0,36.35732446,-89.14921589,47131.0,2327.97898167548,0.5714285714285714,696,687,4,0,683,681,30267,13,0,0,13,6
2020-08-19,US,Tennessee,Out of TN,2990,20,0,0.0,0.0,80047.0,0.0,0.6688963210702341,2970,2982,22,0,2960,3016,,8,-2,0,10,-34
2020-08-19,US,Tennessee,Overton,307,1,0,36.34117832,-85.28989535,47133.0,1380.3336180927115,0.3257328990228013,306,288,1,0,287,280,22068,19,0,0,19,8
2020-08-19,US,Tennessee,Perry,93,0,0,35.63708728,-87.86139634,47135.0,1151.5601783060922,0.0,93,92,0,0,92,91,8064,1,0,0,1,1
2020-08-19,US,Tennessee,Pickett,41,1,0,36.55606529,-85.07763299999998,47137.0,812.202852614897,2.4390243902439024,40,39,1,0,38,38,5082,2,0,0,2,1
2020-08-19,US,Tennessee,Polk,288,10,0,35.12245443,-84.52075859,47139.0,1711.0266159695816,3.4722222222222223,278,281,9,0,272,270,16898,7,1,0,6,11
2020-08-19,US,Tennessee,Putnam,2008,22,0,36.14005459,-85.50646123,47141.0,2502.3365941803227,1.095617529880478,1986,1959,21,0,1938,1959,78843,49,1,0,48,0
2020-08-19,US,Tennessee,Rhea,596,2,0,35.60536161,-84.93076643,47143.0,1796.9668646546265,0.3355704697986577,594,589,2,0,587,583,33044,7,0,0,7,6
2020-08-19,US,Tennessee,Roane,559,2,0,35.84923189,-84.52458689,47145.0,1047.1694578696938,0.35778175313059035,557,545,2,0,543,542,53140,14,0,0,14,3
2020-08-19,US,Tennessee,Robertson,1678,23,0,36.52454807,-86.87346725,47147.0,2336.6242880815453,1.3706793802145412,1655,1650,22,0,1628,1647,71012,28,1,0,27,3
2020-08-19,US,Tennessee,Rutherford,7223,61,0,35.84591405,-86.4107263,47149.0,2173.7364009810854,0.8445244358299875,7162,7179,61,0,7118,7137,324890,44,0,0,44,42
2020-08-19,US,Tennessee,Scott,145,2,0,36.42325673,-84.50360494,47151.0,657.0599963748414,1.3793103448275863,143,143,2,0,141,144,22039,2,0,0,2,-1
2020-08-19,US,Tennessee,Sequatchie,132,1,0,35.36979721,-85.41022136,47153.0,878.4773060029283,0.7575757575757576,131,128,1,0,127,124,14876,4,0,0,4,4
2020-08-19,US,Tennessee,Sevier,2096,10,0,35.78077323,-83.52244332,47155.0,2133.333333333333,0.4770992366412214,2086,2060,10,0,2050,2055,97892,36,0,0,36,5
2020-08-19,US,Tennessee,Shelby,25096,341,0,35.1864775,-89.89692423,47157.0,2677.8606991717584,1.35878227605993,24755,24905,340,0,24565,24798,935764,191,1,0,190,107
2020-08-19,US,Tennessee,Smith,489,5,0,36.25359775,-85.95411046,47159.0,2425.9562434886143,1.0224948875255624,484,480,4,0,476,483,19942,9,1,0,8,-3
2020-08-19,US,Tennessee,Stewart,89,0,0,36.50235092,-87.83920548,47161.0,648.9245351804592,0.0,89,85,0,0,85,84,13561,4,0,0,4,1
2020-08-19,US,Tennessee,Sullivan,1221,20,0,36.51240691,-82.30412917,47163.0,771.0864677798268,1.638001638001638,1201,1212,19,0,1193,1202,157668,9,1,0,8,10
2020-08-19,US,Tennessee,Sumner,3730,78,0,36.46824103,-86.45917204,47165.0,1949.9903284662,2.091152815013405,3652,3665,77,0,3588,3649,187149,65,1,0,64,16
2020-08-19,US,Tennessee,Tipton,1295,12,0,35.501942,-89.73694895,47167.0,2102.306855630773,0.9266409266409268,1283,1274,12,0,1262,1268,61581,21,0,0,21,6
2020-08-19,US,Tennessee,Trousdale,1586,6,0,36.39026213,-86.16087954,47169.0,14055.299539170506,0.37831021437578816,1580,1587,6,0,1581,1587,11012,-1,0,0,-1,0
2020-08-19,US,Tennessee,Unassigned,3182,4,0,0.0,0.0,90047.0,0.0,0.1257071024512885,3178,3157,4,0,3153,3172,,25,0,0,25,-15
2020-08-19,US,Tennessee,Unicoi,191,0,0,36.10890856,-82.43709629,47171.0,1068.0534585919588,0.0,191,184,0,0,184,184,17761,7,0,0,7,0
2020-08-19,US,Tennessee,Union,185,0,0,36.28590426,-83.83651902,47173.0,926.2968155417584,0.0,185,184,0,0,184,179,19688,1,0,0,1,5
2020-08-19,US,Tennessee,Van Buren,46,0,0,35.69864497,-85.45221699,47175.0,783.3787465940054,0.0,46,46,0,0,46,45,5765,0,0,0,0,1
2020-08-19,US,Tennessee,Warren,641,6,0,35.672829899999996,-85.77969117,47177.0,1552.92293529084,0.93603744149766,635,629,6,0,623,626,40878,12,0,0,12,3
2020-08-19,US,Tennessee,Washington,1513,4,0,36.29472368,-82.49454720000001,47179.0,1169.4685990338164,0.26437541308658297,1509,1476,3,0,1473,1466,128607,37,1,0,36,10
2020-08-19,US,Tennessee,Wayne,244,2,0,35.23868267,-87.78644456,47181.0,1463.443891321298,0.819672131147541,242,238,2,0,236,239,16558,6,0,0,6,-1
2020-08-19,US,Tennessee,Weakley,658,7,0,36.29896232,-88.71990865,47183.0,1974.3158905424868,1.0638297872340423,651,637,7,0,630,625,33415,21,0,0,21,12
2020-08-19,US,Tennessee,White,364,6,0,35.92929884,-85.45591799,47185.0,1331.1391479246665,1.6483516483516485,358,349,6,0,343,345,27107,15,0,0,15,4
2020-08-19,US,Tennessee,Williamson,3979,26,0,35.89099229,-86.89281867,47187.0,1668.959616126705,0.6534305101784368,3953,3932,27,0,3905,3893,231729,47,-1,0,48,39
2020-08-19,US,Tennessee,Wilson,2563,26,0,36.15496772,-86.29775884,47189.0,1771.7773768293273,1.0144362075692548,2537,2526,26,0,2500,2501,140625,37,0,0,37,25
2020-08-19,US,Texas,Anderson,2423,17,0,31.81534745,-95.65354823,48001.0,4196.761063479692,0.7016095749071399,2406,2438,17,0,2421,2434,58057,-15,0,0,-15,4
2020-08-19,US,Texas,Andrews,346,7,0,32.30468633,-102.63765479999999,48003.0,1849.7727880245925,2.0231213872832368,339,346,7,0,339,338,18128,0,0,0,0,8
2020-08-19,US,Texas,Angelina,1930,54,0,31.25457347,-94.60901487,48005.0,2225.681831286398,2.7979274611398965,1876,1930,54,0,1876,1906,87092,0,0,0,0,24
2020-08-19,US,Texas,Aransas,190,16,0,28.10556197,-96.9995047,48007.0,808.1667375584857,8.421052631578947,174,190,16,0,174,187,23792,0,0,0,0,3
2020-08-19,US,Texas,Archer,33,0,0,33.61569967,-98.68754589,48009.0,385.8295334970186,0.0,33,33,0,0,33,33,8786,0,0,0,0,0
2020-08-19,US,Texas,Armstrong,8,0,0,34.96507426,-101.35748740000001,48011.0,423.9533651298357,0.0,8,8,0,0,8,8,1892,0,0,0,0,0
2020-08-19,US,Texas,Atascosa,523,20,0,28.89333001,-98.52730485,48013.0,1022.4229272965416,3.8240917782026767,503,519,19,0,500,517,50310,4,1,0,3,2
2020-08-19,US,Texas,Austin,344,4,0,29.88548725,-96.27736949,48015.0,1145.4448588172615,1.162790697674419,340,335,4,0,331,332,29989,9,0,0,9,3
2020-08-19,US,Texas,Bailey,195,4,0,34.06854817,-102.8299707,48017.0,2785.714285714286,2.051282051282051,191,195,4,0,191,187,7027,0,0,0,0,8
2020-08-19,US,Texas,Bandera,102,3,0,29.74619598,-99.24598147,48019.0,441.3291796469367,2.9411764705882355,99,100,3,0,97,100,22824,2,0,0,2,0
2020-08-19,US,Texas,Bastrop,1477,24,0,30.10370699,-97.31206354,48021.0,1664.7318057324485,1.6249153689911984,1453,1469,23,0,1446,1452,86976,8,1,0,7,17
2020-08-19,US,Texas,Baylor,13,0,0,33.61640794,-99.21352901,48023.0,370.4759190652608,0.0,13,13,0,0,13,13,3582,0,0,0,0,0
2020-08-19,US,Texas,Bee,1429,17,0,28.41761668,-97.74215593,48025.0,4388.146783356364,1.1896431070678797,1412,1412,17,0,1395,1387,32587,17,0,0,17,25
2020-08-19,US,Texas,Bell,4423,51,0,31.03736027,-97.4785025,48027.0,1218.7124577046436,1.1530635315396789,4372,4369,50,0,4319,4281,355642,54,1,0,53,88
2020-08-19,US,Texas,Bexar,44456,935,0,29.44928723,-98.52019748,48029.0,2218.857090949383,2.103203167176534,43521,44265,913,0,43352,44122,1986049,191,22,0,169,143
2020-08-19,US,Texas,Blanco,128,5,0,30.26640707,-98.3999852,48031.0,1072.8354706227474,3.90625,123,127,5,0,122,126,11702,1,0,0,1,1
2020-08-19,US,Texas,Bosque,188,3,0,31.89978581,-97.63613524,48035.0,1006.154669521006,1.5957446808510638,185,181,2,0,179,180,18691,7,1,0,6,1
2020-08-19,US,Texas,Bowie,812,39,0,33.44626922,-94.41834132,48037.0,870.8241728779024,4.802955665024631,773,811,39,0,772,791,94324,1,0,0,1,20
2020-08-19,US,Texas,Brazoria,8367,118,0,29.18757369,-95.44563172,48039.0,2235.5877134856682,1.4103023783912991,8249,8303,114,0,8189,8233,370200,64,4,0,60,70
2020-08-19,US,Texas,Brazos,4225,52,0,30.663644800000004,-96.30205577,48041.0,1843.2797727857737,1.2307692307692308,4173,4206,51,0,4155,4192,226758,19,1,0,18,14
2020-08-19,US,Texas,Brewster,187,2,0,29.81008251,-103.25203259999999,48043.0,2031.9461045311316,1.0695187165775402,185,187,2,0,185,187,9267,0,0,0,0,0
2020-08-19,US,Texas,Briscoe,12,1,0,34.53026962,-101.2084947,48045.0,776.1966364812421,8.333333333333334,11,12,1,0,11,12,1516,0,0,0,0,0
2020-08-19,US,Texas,Brooks,152,9,0,27.03103197,-98.21808402,48047.0,2142.957845763429,5.921052631578947,143,151,7,0,144,148,7114,1,2,0,-1,3
2020-08-19,US,Texas,Brown,427,18,0,31.77430356,-98.99907113,48049.0,1127.720261990281,4.215456674473068,409,419,18,0,401,408,37924,8,0,0,8,11
2020-08-19,US,Texas,Burleson,265,6,0,30.49273808,-96.62158484,48051.0,1436.859513094399,2.2641509433962264,259,257,6,0,251,251,18389,8,0,0,8,6
2020-08-19,US,Texas,Burnet,586,11,0,30.78801353,-98.181887,48053.0,1216.9037483127404,1.877133105802048,575,578,11,0,567,577,47542,8,0,0,8,1
2020-08-19,US,Texas,Caldwell,1195,30,0,29.83668859,-97.61814775,48055.0,2736.8083547086844,2.510460251046025,1165,1189,30,0,1159,1183,43247,6,0,0,6,6
2020-08-19,US,Texas,Calhoun,562,7,0,28.47048236,-96.61633945,48057.0,2639.736965711602,1.2455516014234875,555,558,7,0,551,555,21561,4,0,0,4,3
2020-08-19,US,Texas,Callahan,56,3,0,32.29760619,-99.37326312,48059.0,401.63522914724234,5.357142857142857,53,56,3,0,53,52,13994,0,0,0,0,4
2020-08-19,US,Texas,Cameron,18338,602,0,26.14524221,-97.48140372,48061.0,4333.554682238287,3.282800741629404,17736,18170,589,0,17581,18005,423908,168,13,0,155,165
2020-08-19,US,Texas,Camp,262,7,0,32.97195142,-94.97790104,48063.0,2000.916450282572,2.6717557251908395,255,255,7,0,248,253,13033,7,0,0,7,2
2020-08-19,US,Texas,Carson,17,0,0,35.40365929,-101.35426690000001,48065.0,286.87141410732363,0.0,17,17,0,0,17,17,6005,0,0,0,0,0
2020-08-19,US,Texas,Cass,213,9,0,33.07499881,-94.34646905,48067.0,709.3851994937721,4.225352112676056,204,206,9,0,197,203,30119,7,0,0,7,3
2020-08-19,US,Texas,Castro,210,4,0,34.53016752,-102.2617243,48069.0,2788.8446215139447,1.9047619047619049,206,210,4,0,206,209,7665,0,0,0,0,1
2020-08-19,US,Texas,Chambers,1054,5,0,29.70972016,-94.67154501,48071.0,2404.3616123366105,0.4743833017077799,1049,1028,5,0,1023,1028,42454,26,0,0,26,0
2020-08-19,US,Texas,Cherokee,1284,12,0,31.837258000000002,-95.16559897,48073.0,2438.9317327052386,0.9345794392523364,1272,1262,12,0,1250,1234,52592,22,0,0,22,28
2020-08-19,US,Texas,Childress,53,0,0,34.529304100000004,-100.2077916,48075.0,725.4311524774158,0.0,53,53,0,0,53,53,7291,0,0,0,0,0
2020-08-19,US,Texas,Clay,50,1,0,33.78686685,-98.20771198,48077.0,477.50931143157294,2.0,49,47,1,0,46,47,10456,3,0,0,3,0
2020-08-19,US,Texas,Cochran,35,0,0,33.60425307,-102.82844990000001,48079.0,1226.7788293024887,0.0,35,34,0,0,34,33,2836,1,0,0,1,1
2020-08-19,US,Texas,Coke,43,2,0,31.88911733,-100.5297533,48081.0,1269.5600826690284,4.651162790697675,41,43,2,0,41,43,3370,0,0,0,0,0
2020-08-19,US,Texas,Coleman,37,1,0,31.76736834,-99.45240766,48083.0,452.59938837920487,2.702702702702702,36,37,0,0,37,33,8397,0,1,0,-1,4
2020-08-19,US,Texas,Collin,10412,105,0,33.18820114,-96.57264368,48085.0,1006.2528389048352,1.0084517864003073,10307,10379,102,0,10277,10169,1005146,33,3,0,30,210
2020-08-19,US,Texas,Collingsworth,15,0,0,34.96489496,-100.27001109999999,48087.0,513.6986301369864,0.0,15,14,0,0,14,13,2962,1,0,0,1,1
2020-08-19,US,Texas,Colorado,370,2,0,29.622097999999998,-96.5273805,48089.0,1721.490717908156,0.5405405405405406,368,364,2,0,362,362,21217,6,0,0,6,2
2020-08-19,US,Texas,Comal,2200,88,0,29.80811278,-98.27647225,48091.0,1408.3695561715397,4.0,2112,2132,81,0,2051,2132,148373,68,7,0,61,0
2020-08-19,US,Texas,Comanche,182,3,0,31.94854689,-98.55876441,48093.0,1334.8001466813346,1.6483516483516485,179,182,3,0,179,172,13534,0,0,0,0,10
2020-08-19,US,Texas,Concho,36,0,0,31.32635934,-99.86473038,48095.0,1320.6162876008805,0.0,36,36,0,0,36,34,4276,0,0,0,0,2
2020-08-19,US,Texas,Cooke,282,3,0,33.63979567,-97.21240912,48097.0,683.5203723004581,1.0638297872340423,279,282,3,0,279,265,40574,0,0,0,0,17
2020-08-19,US,Texas,Coryell,739,6,0,31.39078397,-97.79936155,48099.0,972.9957472581008,0.8119079837618404,733,737,6,0,731,727,74808,2,0,0,2,10
2020-08-19,US,Texas,Cottle,18,2,0,34.07783319,-100.27850620000001,48101.0,1287.5536480686694,11.111111111111109,16,18,2,0,16,18,1389,0,0,0,0,0
2020-08-19,US,Texas,Crane,70,2,0,31.43052248,-102.5143314,48103.0,1459.245361684386,2.8571428571428568,68,70,2,0,68,70,4794,0,0,0,0,0
2020-08-19,US,Texas,Crockett,157,4,0,30.72367027,-101.4134238,48105.0,4532.332563510393,2.5477707006369426,153,157,4,0,153,157,3499,0,0,0,0,0
2020-08-19,US,Texas,Crosby,72,1,0,33.61431553,-101.30003640000001,48107.0,1255.0113299633956,1.3888888888888888,71,69,1,0,68,65,5779,3,0,0,3,4
2020-08-19,US,Texas,Culberson,22,2,0,31.44506775,-104.5185739,48109.0,1013.3578995854443,9.090909090909092,20,22,2,0,20,21,2204,0,0,0,0,1
2020-08-19,US,Texas,Dallam,199,6,0,36.27787176,-102.60207249999999,48111.0,2730.8906271442293,3.0150753768844223,193,199,6,0,193,196,7200,0,0,0,0,3
2020-08-19,US,Texas,Dallas,66464,843,0,32.76670599,-96.77796049999999,48113.0,2521.859097042097,1.2683558016369765,65621,66065,839,0,65226,65278,2637772,399,4,0,395,787
2020-08-19,US,Texas,Dawson,177,7,0,32.74255572,-101.94772420000001,48115.0,1390.6348208673792,3.9548022598870056,170,172,5,0,167,172,12619,5,2,0,3,0
2020-08-19,US,Texas,DeWitt,763,23,0,29.08101855,-97.35681170000001,48123.0,3784.722222222222,3.0144167758846656,740,760,21,0,739,745,20187,3,2,0,1,15
2020-08-19,US,Texas,Deaf Smith,754,19,0,34.96522957,-102.6054267,48117.0,4065.566699018656,2.519893899204244,735,738,19,0,719,726,18760,16,0,0,16,12
2020-08-19,US,Texas,Delta,17,0,0,33.38570922,-95.66921122,48119.0,318.88951416244606,0.0,17,17,0,0,17,17,5349,0,0,0,0,0
2020-08-19,US,Texas,Denton,8690,107,0,33.20521901,-97.11691153,48121.0,979.4782953696263,1.2313003452243958,8583,8584,107,0,8477,8427,859064,106,0,0,106,157
2020-08-19,US,Texas,Dickens,5,1,0,33.61616822,-100.7788855,48125.0,226.14201718679334,20.0,4,5,1,0,4,5,2249,0,0,0,0,0
2020-08-19,US,Texas,Dimmit,168,4,0,28.42270064,-99.75645095,48127.0,1659.4231529039905,2.380952380952381,164,167,4,0,163,164,10308,1,0,0,1,3
2020-08-19,US,Texas,Donley,49,1,0,34.96517499,-100.8140093,48129.0,1494.8139109212937,2.0408163265306123,48,49,0,0,49,49,3319,0,1,0,-1,0
2020-08-19,US,Texas,Duval,211,7,0,27.68184592,-98.50864568,48131.0,1891.1893878282688,3.3175355450236967,204,205,7,0,198,198,11212,6,0,0,6,7
2020-08-19,US,Texas,Eastland,98,1,0,32.32743996,-98.83243566,48133.0,533.7690631808279,1.020408163265306,97,98,1,0,97,92,18322,0,0,0,0,6
2020-08-19,US,Texas,Ector,3931,64,0,31.86898877,-102.54294279999999,48135.0,2364.8953514254945,1.6280844568812007,3867,3889,62,0,3827,3814,162124,42,2,0,40,75
2020-08-19,US,Texas,Edwards,30,0,0,29.98202582,-100.304252,48137.0,1552.7950310559006,0.0,30,30,0,0,30,30,1928,0,0,0,0,0
2020-08-19,US,Texas,El Paso,18914,372,0,31.76980765,-106.23632749999999,48141.0,2253.7111045972656,1.9667970815269116,18542,18682,366,0,18316,18486,840758,232,6,0,226,196
2020-08-19,US,Texas,Ellis,3427,53,0,32.34894117,-96.79371841,48139.0,1854.1763604687653,1.5465421651590312,3374,3433,51,0,3382,3255,179436,-6,2,0,-8,178
2020-08-19,US,Texas,Erath,602,7,0,32.23602653,-98.21773417,48143.0,1409.9021031430045,1.162790697674419,595,603,7,0,596,580,42446,-1,0,0,-1,23
2020-08-19,US,Texas,Falls,149,3,0,31.25350609,-96.93630086,48145.0,861.4210556743942,2.0134228187919465,146,146,3,0,143,145,17335,3,0,0,3,1
2020-08-19,US,Texas,Fannin,355,10,0,33.59564294,-96.10751083,48147.0,999.6057892662047,2.8169014084507036,345,352,9,0,343,321,35286,3,1,0,2,31
2020-08-19,US,Texas,Fayette,418,15,0,29.87788372,-96.92076062,48149.0,1649.1754122938532,3.5885167464114827,403,411,14,0,397,408,25349,7,1,0,6,3
2020-08-19,US,Texas,Fisher,42,1,0,32.74281316,-100.40193020000001,48151.0,1096.6057441253263,2.380952380952381,41,36,1,0,35,31,3839,6,0,0,6,5
2020-08-19,US,Texas,Floyd,96,7,0,34.07227468,-101.3031546,48153.0,1680.672268907563,7.291666666666668,89,94,6,0,88,94,5837,2,1,0,1,0
2020-08-19,US,Texas,Foard,3,0,0,33.97308618,-99.7767797,48155.0,259.7402597402597,0.0,3,3,0,0,3,3,1200,0,0,0,0,0
2020-08-19,US,Texas,Fort Bend,13605,198,0,29.52704478,-95.77219463,48157.0,1676.1366436364713,1.4553472987872105,13407,13034,194,0,12840,12623,787858,571,4,0,567,411
2020-08-19,US,Texas,Franklin,99,4,0,33.17653242,-95.21917243,48159.0,923.0769230769232,4.040404040404041,95,98,4,0,94,98,10766,1,0,0,1,0
2020-08-19,US,Texas,Freestone,191,0,0,31.70422788,-96.15072516,48161.0,968.7072069787494,0.0,191,187,0,0,187,185,19808,4,0,0,4,2
2020-08-19,US,Texas,Frio,604,7,0,28.86751206,-99.10804207,48163.0,2974.490298433961,1.1589403973509933,597,588,7,0,581,571,19816,16,0,0,16,17
2020-08-19,US,Texas,Gaines,209,4,0,32.74055318,-102.6353295,48165.0,972.4548669272287,1.9138755980861244,205,199,4,0,195,199,20901,10,0,0,10,0
2020-08-19,US,Texas,Galveston,10212,128,0,29.40167322,-94.90469073,48167.0,2984.7518113982915,1.253427340383862,10084,10135,126,0,10009,10033,337890,77,2,0,75,102
2020-08-19,US,Texas,Garza,101,3,0,33.17969345,-101.2984114,48169.0,1621.4480655000802,2.9702970297029703,98,101,3,0,98,101,6578,0,0,0,0,0
2020-08-19,US,Texas,Gillespie,191,6,0,30.31824095,-98.94676915,48171.0,707.721950496517,3.141361256544503,185,190,6,0,184,188,26804,1,0,0,1,2
2020-08-19,US,Texas,Glasscock,6,0,0,31.86942909,-101.5207776,48173.0,425.83392476934,0.0,6,6,0,0,6,6,1388,0,0,0,0,0
2020-08-19,US,Texas,Goliad,121,6,0,28.65696592,-97.42760647,48175.0,1580.0470096630975,4.958677685950414,115,121,6,0,115,119,7584,0,0,0,0,2
2020-08-19,US,Texas,Gonzales,750,11,0,29.45634206,-97.49424032,48177.0,3599.366511493977,1.4666666666666666,739,738,11,0,727,721,20826,12,0,0,12,17
2020-08-19,US,Texas,Gray,232,2,0,35.40081878,-100.8129222,48179.0,1060.038380699991,0.8620689655172413,230,230,2,0,228,226,21895,2,0,0,2,4
2020-08-19,US,Texas,Grayson,1322,17,0,33.62744998,-96.67753461,48181.0,970.5459137227265,1.285930408472012,1305,1298,16,0,1282,1272,133991,24,1,0,23,26
2020-08-19,US,Texas,Gregg,1719,34,0,32.47940482,-94.81591935,48183.0,1386.9054822703617,1.9778941244909831,1685,1680,33,0,1647,1646,123707,39,1,0,38,34
2020-08-19,US,Texas,Grimes,936,29,0,30.54579585,-95.98902499,48185.0,3240.9972299168976,3.0982905982905984,907,935,29,0,906,933,28360,1,0,0,1,2
2020-08-19,US,Texas,Guadalupe,1816,61,0,29.58165339,-97.94786822,48187.0,1088.4223270421403,3.3590308370044046,1755,1810,59,0,1751,1799,163694,6,2,0,4,11
2020-08-19,US,Texas,Hale,1520,33,0,34.07044901,-101.82681140000001,48189.0,4550.080823804107,2.171052631578948,1487,1491,32,0,1459,1478,33830,29,1,0,28,13
2020-08-19,US,Texas,Hall,15,1,0,34.5307555,-100.68138520000001,48191.0,506.07287449392715,6.666666666666668,14,15,1,0,14,15,3028,0,0,0,0,0
2020-08-19,US,Texas,Hamilton,97,3,0,31.70470573,-98.11083887,48193.0,1146.436591419454,3.0927835051546397,94,96,3,0,93,92,8484,1,0,0,1,4
2020-08-19,US,Texas,Hansford,98,2,0,36.27743284,-101.3545796,48195.0,1815.150953880348,2.0408163265306123,96,97,2,0,95,93,5463,1,0,0,1,4
2020-08-19,US,Texas,Hardeman,22,0,0,34.28944521,-99.74632408,48197.0,559.3694380879734,0.0,22,22,0,0,22,22,3922,0,0,0,0,0
2020-08-19,US,Texas,Hardin,1156,18,0,30.33364686,-94.38931817,48199.0,2006.8747612930106,1.5570934256055364,1138,1144,18,0,1126,1124,57207,12,0,0,12,20
2020-08-19,US,Texas,Harris,94676,1920,0,29.85864939,-95.39339521,48201.0,2008.6881341727967,2.0279690734716294,92756,93872,1875,0,91997,92944,4698619,804,45,0,759,928
2020-08-19,US,Texas,Harrison,753,24,0,32.54935988,-94.36934071,48203.0,1131.4290865926405,3.187250996015936,729,749,24,0,725,735,66726,4,0,0,4,14
2020-08-19,US,Texas,Hartley,97,0,0,35.84008013,-102.6029022,48205.0,1739.5982783357244,0.0,97,95,0,0,95,94,5619,2,0,0,2,1
2020-08-19,US,Texas,Haskell,53,0,0,33.17823584,-99.73037358,48207.0,936.7267585719336,0.0,53,53,0,0,53,52,5813,0,0,0,0,1
2020-08-19,US,Texas,Hays,5210,46,0,30.05669873,-98.02944344,48209.0,2263.3378368398417,0.8829174664107485,5164,5192,46,0,5146,5150,222631,18,0,0,18,42
2020-08-19,US,Texas,Hemphill,47,0,0,35.83764858,-100.2703577,48211.0,1230.688661953391,0.0,47,45,0,0,45,45,3825,2,0,0,2,0
2020-08-19,US,Texas,Henderson,726,13,0,32.21128872,-95.85846587,48213.0,877.4792414518292,1.7906336088154269,713,712,13,0,699,697,82299,14,0,0,14,15
2020-08-19,US,Texas,Hidalgo,23116,1019,0,26.39418217,-98.18299696,48215.0,2660.966240631191,4.408202111091883,22097,22826,999,0,21827,22013,865939,290,20,0,270,813
2020-08-19,US,Texas,Hill,343,7,0,31.99045053,-97.13423143,48217.0,935.9054817321072,2.0408163265306123,336,341,7,0,334,341,36354,2,0,0,2,0
2020-08-19,US,Texas,Hockley,230,5,0,33.60771256,-102.3431676,48219.0,999.0877894096692,2.1739130434782608,225,228,5,0,223,223,22980,2,0,0,2,5
2020-08-19,US,Texas,Hood,664,14,0,32.42990927,-97.83242024,48221.0,1077.1701571954643,2.108433734939759,650,665,13,0,652,657,60537,-1,1,0,-2,8
2020-08-19,US,Texas,Hopkins,223,3,0,33.14875072,-95.56351139,48223.0,601.3375040448711,1.345291479820628,220,222,3,0,219,217,36810,1,0,0,1,5
2020-08-19,US,Texas,Houston,324,8,0,31.31925973,-95.42226208,48225.0,1410.6583072100314,2.469135802469136,316,323,8,0,315,323,23169,1,0,0,1,0
2020-08-19,US,Texas,Howard,226,8,0,32.30621324,-101.4356444,48227.0,616.4084660702598,3.5398230088495577,218,217,8,0,209,201,36459,9,0,0,9,16
2020-08-19,US,Texas,Hudspeth,36,2,0,31.45628381,-105.388178,48229.0,736.7990176013099,5.5555555555555545,34,35,2,0,33,35,4795,1,0,0,1,0
2020-08-19,US,Texas,Hunt,1301,23,0,33.12351514,-96.08551032,48231.0,1319.5529139704242,1.767870868562644,1278,1284,21,0,1263,1284,96493,17,2,0,15,0
2020-08-19,US,Texas,Hutchinson,133,3,0,35.84006574,-101.3546643,48233.0,635.2087114337567,2.255639097744361,130,133,3,0,130,133,21198,0,0,0,0,0
2020-08-19,US,Texas,Irion,9,0,0,31.30375559,-100.982439,48235.0,585.9375,0.0,9,9,0,0,9,9,1522,0,0,0,0,0
2020-08-19,US,Texas,Jack,102,0,0,33.23377248,-98.17283469,48237.0,1141.5780637940684,0.0,102,102,0,0,102,99,8843,0,0,0,0,3
2020-08-19,US,Texas,Jackson,443,12,0,28.95472367,-96.57749563,48239.0,3001.3550135501355,2.708803611738149,431,438,11,0,427,418,14874,5,1,0,4,20
2020-08-19,US,Texas,Jasper,370,15,0,30.74685667,-94.02667579,48241.0,1041.402797714543,4.0540540540540535,355,362,15,0,347,362,35872,8,0,0,8,0
2020-08-19,US,Texas,Jeff Davis,8,0,0,30.71490589,-104.1399973,48243.0,351.8029903254178,0.0,8,8,0,0,8,8,2252,0,0,0,0,0
2020-08-19,US,Texas,Jefferson,6360,96,0,29.8832777,-94.16434171,48245.0,2528.173633057063,1.509433962264151,6264,6316,96,0,6220,6247,255001,44,0,0,44,69
2020-08-19,US,Texas,Jim Hogg,68,2,0,27.04453923,-98.69681870000001,48247.0,1307.6923076923074,2.9411764705882355,66,65,2,0,63,65,5248,3,0,0,3,0
2020-08-19,US,Texas,Jim Wells,879,19,0,27.73103938,-98.0904705,48249.0,2171.335408329628,2.161547212741752,860,872,19,0,853,841,40822,7,0,0,7,31
2020-08-19,US,Texas,Johnson,2327,35,0,32.37877812,-97.36615819,48251.0,1323.5352667830755,1.5040825096691017,2292,2320,34,0,2286,2159,171361,7,1,0,6,161
2020-08-19,US,Texas,Jones,605,0,0,32.73997145,-99.87861576,48253.0,3012.498132749092,0.0,605,603,0,0,603,600,19817,2,0,0,2,3
2020-08-19,US,Texas,Karnes,693,10,0,28.90705334,-97.85960149,48255.0,4442.022947246971,1.443001443001443,683,691,10,0,681,672,15650,2,0,0,2,19
2020-08-19,US,Texas,Kaufman,2607,32,0,32.599141700000004,-96.28734728,48257.0,1914.7435991597754,1.2274645186037592,2575,2606,32,0,2574,2446,128622,1,0,0,1,160
2020-08-19,US,Texas,Kendall,186,4,0,29.94414155,-98.7113588,48259.0,392.1485948008686,2.150537634408602,182,185,4,0,181,180,45641,1,0,0,1,5
2020-08-19,US,Texas,Kenedy,7,1,0,26.92601662,-97.66413984,48261.0,1732.6732673267327,14.285714285714285,6,7,1,0,6,6,442,0,0,0,0,1
2020-08-19,US,Texas,Kent,4,0,0,33.18104136,-100.7780939,48263.0,524.9343832020999,0.0,4,4,0,0,4,3,726,0,0,0,0,1
2020-08-19,US,Texas,Kerr,419,6,0,30.06040006,-99.34930144,48265.0,796.5779467680609,1.431980906921241,413,418,6,0,412,416,52405,1,0,0,1,2
2020-08-19,US,Texas,Kimble,16,1,0,30.48678918,-99.74856473,48267.0,368.9186073322573,6.25,15,16,1,0,15,16,4362,0,0,0,0,0
2020-08-19,US,Texas,Kinney,21,0,0,29.34967888,-100.41866379999999,48271.0,572.6752113444232,0.0,21,21,0,0,21,21,3767,0,0,0,0,0
2020-08-19,US,Texas,Kleberg,529,19,0,27.42435506,-97.69894948,48273.0,1724.2503259452415,3.5916824196597354,510,517,19,0,498,498,31129,12,0,0,12,19
2020-08-19,US,Texas,Knox,62,5,0,33.60519951,-99.74229059999999,48275.0,1692.1397379912664,8.064516129032258,57,62,5,0,57,62,3653,0,0,0,0,0
2020-08-19,US,Texas,La Salle,367,2,0,28.34453111,-99.09908775,48283.0,4880.31914893617,0.5449591280653951,365,364,2,0,362,364,7531,3,0,0,3,0
2020-08-19,US,Texas,Lamar,743,19,0,33.66981763,-95.57404777,48277.0,1490.2023706853327,2.5572005383580083,724,730,19,0,711,730,49728,13,0,0,13,0
2020-08-19,US,Texas,Lamb,255,18,0,34.06859623,-102.35162890000001,48279.0,1977.8174203055921,7.0588235294117645,237,249,18,0,231,246,13158,6,0,0,6,3
2020-08-19,US,Texas,Lampasas,132,5,0,31.19531316,-98.24206613,48281.0,616.0164271047228,3.787878787878788,127,132,5,0,127,131,21229,0,0,0,0,1
2020-08-19,US,Texas,Lavaca,657,27,0,29.38508402,-96.93186692,48285.0,3259.898779398631,4.109589041095891,630,650,25,0,625,641,20110,7,2,0,5,9
2020-08-19,US,Texas,Lee,186,12,0,30.31120597,-96.97045773,48287.0,1078.9488949475028,6.451612903225807,174,183,12,0,171,181,17144,3,0,0,3,2
2020-08-19,US,Texas,Leon,159,3,0,31.29872538,-95.9936328,48289.0,913.5830843484256,1.8867924528301887,156,159,3,0,156,158,17270,0,0,0,0,1
2020-08-19,US,Texas,Liberty,1183,39,0,30.15152688,-94.81205615,48291.0,1340.9809678187241,3.2967032967032965,1144,1132,37,0,1095,1115,86323,51,2,0,49,17
2020-08-19,US,Texas,Limestone,320,4,0,31.5454767,-96.58095444,48293.0,1365.362461065836,1.25,316,318,3,0,315,308,23519,2,1,0,1,10
2020-08-19,US,Texas,Lipscomb,22,0,0,36.27783108,-100.27331509999999,48295.0,680.4825239715435,0.0,22,22,0,0,22,22,3355,0,0,0,0,0
2020-08-19,US,Texas,Live Oak,240,5,0,28.35101362,-98.1246786,48297.0,1966.0850331776846,2.083333333333333,235,240,5,0,235,240,12166,0,0,0,0,0
2020-08-19,US,Texas,Llano,95,1,0,30.70645047,-98.68475262,48299.0,435.879788942418,1.0526315789473684,94,92,1,0,91,92,21646,3,0,0,3,0
2020-08-19,US,Texas,Lubbock,6656,82,0,33.61008596,-101.82047890000001,48303.0,2143.163033013597,1.2319711538461535,6574,6542,80,0,6462,6542,307412,114,2,0,112,0
2020-08-19,US,Texas,Lynn,75,4,0,33.17657705,-101.8162849,48305.0,1260.2923878339775,5.333333333333333,71,74,4,0,70,74,5877,1,0,0,1,0
2020-08-19,US,Texas,Madison,685,3,0,30.96694679,-95.93003775,48313.0,4795.575469056287,0.4379562043795621,682,684,3,0,681,684,14422,1,0,0,1,0
2020-08-19,US,Texas,Marion,136,10,0,32.79868409,-94.35661230000001,48315.0,1380.1501928151004,7.352941176470589,126,136,10,0,126,136,9928,0,0,0,0,0
2020-08-19,US,Texas,Martin,68,5,0,32.30600051,-101.9513518,48317.0,1178.305319701958,7.352941176470589,63,69,5,0,64,67,5753,-1,0,0,-1,2
2020-08-19,US,Texas,Mason,63,0,0,30.71780434,-99.22629416,48319.0,1474.0290126345346,0.0,63,63,0,0,63,60,4280,0,0,0,0,3
2020-08-19,US,Texas,Matagorda,845,37,0,28.81955746,-96.01230294,48321.0,2306.0338946046995,4.378698224852071,808,840,36,0,804,832,36552,5,1,0,4,8
2020-08-19,US,Texas,Maverick,2596,57,0,28.7429195,-100.3157686,48323.0,4420.830353189605,2.1956856702619416,2539,2596,54,0,2542,2596,58485,0,3,0,-3,0
2020-08-19,US,Texas,McCulloch,69,1,0,31.1925468,-99.34682807,48307.0,864.2284569138278,1.4492753623188406,68,63,1,0,62,58,7987,6,0,0,6,5
2020-08-19,US,Texas,McLennan,5435,67,0,31.55255453,-97.20217694,48309.0,2117.892784356819,1.2327506899724008,5368,5372,65,0,5307,5356,254607,63,2,0,61,16
2020-08-19,US,Texas,McMullen,10,0,0,28.35251708,-98.56769164,48311.0,1345.8950201884254,0.0,10,10,0,0,10,10,749,0,0,0,0,0
2020-08-19,US,Texas,Medina,1056,33,0,29.355730100000002,-99.11030298,48325.0,2047.146401985112,3.125,1023,1002,33,0,969,987,50921,54,0,0,54,15
2020-08-19,US,Texas,Menard,19,0,0,30.88990665,-99.82047940000001,48327.0,888.6810102899907,0.0,19,19,0,0,19,18,2139,0,0,0,0,1
2020-08-19,US,Texas,Midland,2978,61,0,31.86904128,-102.03156820000001,48329.0,1684.0843286283025,2.048354600402955,2917,2953,60,0,2893,2948,172578,25,1,0,24,5
2020-08-19,US,Texas,Milam,391,4,0,30.78581830000001,-96.97718698,48331.0,1575.1520767030574,1.0230179028132993,387,374,3,0,371,366,25131,17,1,0,16,8
2020-08-19,US,Texas,Mills,27,0,0,31.49557106,-98.59272068,48333.0,554.0734660373487,0.0,27,27,0,0,27,26,4921,0,0,0,0,1
2020-08-19,US,Texas,Mitchell,71,1,0,32.30623474,-100.9212058,48335.0,830.8952603861908,1.4084507042253518,70,70,1,0,69,70,8145,1,0,0,1,0
2020-08-19,US,Texas,Montague,89,2,0,33.67521893,-97.72500958,48337.0,449.0866888687052,2.247191011235955,87,89,2,0,87,86,19596,0,0,0,0,3
2020-08-19,US,Texas,Montgomery,7533,109,0,30.30079133,-95.50572772,48339.0,1240.222525523098,1.4469666799415903,7424,7327,107,0,7220,7160,590925,206,2,0,204,167
2020-08-19,US,Texas,Moore,1096,14,0,35.83769242,-101.8930281,48341.0,5234.001910219676,1.2773722627737227,1082,1092,14,0,1078,1082,21485,4,0,0,4,10
2020-08-19,US,Texas,Morris,135,3,0,33.11304005,-94.73255695,48343.0,1089.7642880206654,2.2222222222222223,132,135,3,0,132,134,12339,0,0,0,0,1
2020-08-19,US,Texas,Motley,6,0,0,34.07408766,-100.77972199999999,48345.0,500.0,0.0,6,6,0,0,6,6,1234,0,0,0,0,0
2020-08-19,US,Texas,Nacogdoches,1226,44,0,31.62017125,-94.61803994,48347.0,1880.2527452303534,3.5889070146818924,1182,1221,44,0,1177,1204,65711,5,0,0,5,17
2020-08-19,US,Texas,Navarro,991,13,0,32.04620681,-96.47428766,48349.0,1977.5307804362146,1.311806256306761,978,981,12,0,969,942,49565,10,1,0,9,39
2020-08-19,US,Texas,Newton,124,4,0,30.78548982,-93.74408813,48351.0,912.1000367782273,3.2258064516129035,120,124,4,0,120,124,13746,0,0,0,0,0
2020-08-19,US,Texas,Nolan,142,4,0,32.30365282,-100.4060208,48353.0,965.0672828598616,2.8169014084507036,138,141,3,0,138,140,14751,1,1,0,0,1
2020-08-19,US,Texas,Nueces,17494,300,0,27.736286,-97.5433285,48355.0,4828.6750539617,1.714873670972905,17194,17322,295,0,17027,17124,362265,172,5,0,167,198
2020-08-19,US,Texas,Ochiltree,100,2,0,36.27829105,-100.8158184,48357.0,1016.6734444896301,2.0,98,100,2,0,98,100,9947,0,0,0,0,0
2020-08-19,US,Texas,Oldham,15,1,0,35.40425596,-102.6027606,48359.0,710.2272727272727,6.666666666666668,14,14,1,0,13,14,2131,1,0,0,1,0
2020-08-19,US,Texas,Orange,1639,30,0,30.11879481,-93.89412775,48361.0,1965.3220777974966,1.8303843807199511,1609,1624,29,0,1595,1579,83572,15,1,0,14,45
2020-08-19,US,Texas,Palo Pinto,388,10,0,32.75310985,-98.31319001,48363.0,1329.2678748843746,2.5773195876288657,378,378,10,0,368,347,28875,10,0,0,10,31
2020-08-19,US,Texas,Panola,301,18,0,32.163959600000005,-94.30552481,48365.0,1297.7494179529187,5.980066445182724,283,301,18,0,283,301,23148,0,0,0,0,0
2020-08-19,US,Texas,Parker,1502,20,0,32.77757172,-97.80500621,48367.0,1051.246518008371,1.3315579227696406,1482,1492,20,0,1472,1401,138371,10,0,0,10,91
2020-08-19,US,Texas,Parmer,366,7,0,34.52993409,-102.78446679999999,48369.0,3810.5153565851124,1.9125683060109289,359,363,7,0,356,360,9864,3,0,0,3,3
2020-08-19,US,Texas,Pecos,267,2,0,30.78097267,-102.72412609999999,48371.0,1687.417051128105,0.7490636704119851,265,263,2,0,261,258,15673,4,0,0,4,5
2020-08-19,US,Texas,Polk,772,14,0,30.79472531,-94.82766240000001,48373.0,1503.3201565633944,1.8134715025906736,758,772,14,0,758,769,50031,0,0,0,0,3
2020-08-19,US,Texas,Potter,3886,51,0,35.40133773,-101.893964,48375.0,3309.6282417067664,1.3124034997426661,3835,3866,47,0,3819,3823,119648,20,4,0,16,43
2020-08-19,US,Texas,Presidio,50,4,0,29.99954402,-104.24080790000001,48377.0,745.8233890214798,8.0,46,49,4,0,45,49,6948,1,0,0,1,0
2020-08-19,US,Texas,Rains,55,1,0,32.87109387,-95.79232691,48379.0,439.5077513185233,1.818181818181818,54,54,1,0,53,54,12159,1,0,0,1,0
2020-08-19,US,Texas,Randall,1978,25,0,34.96585996,-101.8971322,48381.0,1436.3204635727927,1.2639029322548028,1953,1927,25,0,1902,1899,136271,51,0,0,51,28
2020-08-19,US,Texas,Reagan,68,5,0,31.36607041,-101.52326590000001,48383.0,1766.6926474408938,7.352941176470589,63,66,5,0,61,66,3741,2,0,0,2,0
2020-08-19,US,Texas,Real,91,4,0,29.83321503,-99.82018052,48385.0,2636.1529548088065,4.395604395604397,87,91,3,0,88,91,3478,0,1,0,-1,0
2020-08-19,US,Texas,Red River,140,13,0,33.61886692,-95.04841765,48387.0,1164.4348332362972,9.285714285714286,127,140,12,0,128,141,12175,0,1,0,-1,-1
2020-08-19,US,Texas,Reeves,157,5,0,31.32323325,-103.69038959999999,48389.0,982.7240861291938,3.1847133757961785,152,154,5,0,149,152,15695,3,0,0,3,2
2020-08-19,US,Texas,Refugio,246,9,0,28.323897600000002,-97.15766311,48391.0,3540.5872193436962,3.6585365853658534,237,246,9,0,237,246,7032,0,0,0,0,0
2020-08-19,US,Texas,Roberts,6,0,0,35.83809685,-100.813175,48393.0,702.5761124121782,0.0,6,6,0,0,6,6,903,0,0,0,0,0
2020-08-19,US,Texas,Robertson,241,3,0,31.02539637,-96.51272246,48395.0,1411.5028698606068,1.2448132780082988,238,240,3,0,237,239,17284,1,0,0,1,1
2020-08-19,US,Texas,Rockwall,1243,17,0,32.89779518,-96.40771592,48397.0,1184.768622217986,1.3676588897827835,1226,1241,17,0,1224,1105,100657,2,0,0,2,136
2020-08-19,US,Texas,Runnels,166,3,0,31.8314342,-99.97616148,48399.0,1617.3031956352302,1.8072289156626504,163,169,2,0,167,152,10234,-3,1,0,-4,17
2020-08-19,US,Texas,Rusk,420,3,0,32.10773545,-94.76176432,48401.0,771.9736793735983,0.7142857142857143,417,409,2,0,407,398,54450,11,1,0,10,11
2020-08-19,US,Texas,Sabine,69,6,0,31.34318809,-93.85440451,48403.0,654.5247581104155,8.695652173913043,63,66,6,0,60,66,10589,3,0,0,3,0
2020-08-19,US,Texas,San Augustine,181,12,0,31.39457611,-94.17000399,48405.0,2197.401966735462,6.629834254143647,169,181,11,0,170,178,8232,0,1,0,-1,3
2020-08-19,US,Texas,San Jacinto,191,8,0,30.57933681,-95.16260304,48407.0,661.8385945458956,4.18848167539267,183,189,8,0,181,187,28719,2,0,0,2,2
2020-08-19,US,Texas,San Patricio,1168,44,0,28.00880118,-97.51763891,48409.0,1750.3371796793049,3.767123287671233,1124,1141,41,0,1100,1114,66893,27,3,0,24,27
2020-08-19,US,Texas,San Saba,29,0,0,31.1577796,-98.81758731,48411.0,478.94302229562345,0.0,29,29,0,0,29,27,6054,0,0,0,0,2
2020-08-19,US,Texas,Schleicher,36,1,0,30.89740592,-100.5384842,48413.0,1288.936627282492,2.7777777777777777,35,36,1,0,35,36,2895,0,0,0,0,0
2020-08-19,US,Texas,Scurry,507,2,0,32.74613808,-100.91626640000001,48415.0,3035.3828653535293,0.3944773175542407,505,507,2,0,505,505,16866,0,0,0,0,2
2020-08-19,US,Texas,Shackelford,20,0,0,32.73587756,-99.35401337,48417.0,612.5574272588054,0.0,20,20,0,0,20,19,3253,0,0,0,0,1
2020-08-19,US,Texas,Shelby,416,18,0,31.79211404,-94.14550696,48419.0,1645.9602753818149,4.326923076923077,398,416,18,0,398,411,25418,0,0,0,0,5
2020-08-19,US,Texas,Sherman,46,0,0,36.27751473,-101.8933156,48421.0,1522.1707478491064,0.0,46,46,0,0,46,44,3079,0,0,0,0,2
2020-08-19,US,Texas,Smith,2897,39,0,32.37474036,-95.27175679999999,48423.0,1244.6777887098226,1.3462202278218849,2858,2839,37,0,2802,2750,230221,58,2,0,56,89
2020-08-19,US,Texas,Somervell,105,0,0,32.22236802,-97.77403489,48425.0,1150.3067484662574,0.0,105,95,0,0,95,85,9016,10,0,0,10,10
2020-08-19,US,Texas,Starr,2469,98,0,26.56150059,-98.73892358,48427.0,3820.0300156266917,3.969218307006885,2371,2449,96,0,2353,2443,64525,20,2,0,18,6
2020-08-19,US,Texas,Stephens,130,3,0,32.73553157,-98.83631615,48429.0,1387.9991458466793,2.3076923076923075,127,130,3,0,127,131,9433,0,0,0,0,-1
2020-08-19,US,Texas,Sterling,1,0,0,31.82781912,-101.05007459999999,48431.0,77.45933384972889,0.0,1,1,0,0,1,1,1311,0,0,0,0,0
2020-08-19,US,Texas,Stonewall,7,0,0,33.17906744,-100.25384009999999,48433.0,518.5185185185185,0.0,7,7,0,0,7,7,1362,0,0,0,0,0
2020-08-19,US,Texas,Sutton,71,1,0,30.49856623,-100.5382014,48435.0,1880.2966101694915,1.4084507042253518,70,70,1,0,69,68,3758,1,0,0,1,2
2020-08-19,US,Texas,Swisher,85,3,0,34.53028891,-101.73491740000001,48437.0,1149.1145058807624,3.5294117647058822,82,84,3,0,81,83,7462,1,0,0,1,1
2020-08-19,US,Texas,Tarrant,36690,528,0,32.77143818,-97.29101614,48439.0,1745.0529484926385,1.4390842191332789,36162,36239,513,0,35726,35997,2084931,451,15,0,436,242
2020-08-19,US,Texas,Taylor,1178,30,0,32.30163422,-99.89007449,48441.0,853.412927249808,2.546689303904924,1148,1160,30,0,1130,1158,137640,18,0,0,18,2
2020-08-19,US,Texas,Terrell,3,0,0,30.22429013,-102.0766732,48443.0,386.59793814432993,0.0,3,3,0,0,3,2,823,0,0,0,0,1
2020-08-19,US,Texas,Terry,182,2,0,33.17402785,-102.3354521,48445.0,1475.2370916754478,1.0989010989010992,180,173,2,0,171,173,12287,9,0,0,9,0
2020-08-19,US,Texas,Throckmorton,4,2,0,33.17751417,-99.21226795,48447.0,266.4890073284477,50.0,2,4,2,0,2,4,1515,0,0,0,0,0
2020-08-19,US,Texas,Titus,1397,18,0,33.21339719,-94.96797273,48449.0,4265.6488549618325,1.2884753042233357,1379,1397,18,0,1379,1397,33033,0,0,0,0,0
2020-08-19,US,Texas,Tom Green,2966,37,0,31.40464436,-100.46244300000001,48451.0,2488.255033557047,1.2474713418745786,2929,2942,36,0,2906,2923,118189,24,1,0,23,19
2020-08-19,US,Texas,Travis,25062,346,0,30.33432034,-97.78535620000001,48453.0,1967.2609843055561,1.3805761710956828,24716,24759,337,0,24422,24409,1248743,303,9,0,294,350
2020-08-19,US,Texas,Trinity,167,4,0,31.0879489,-95.1367187,48455.0,1139.8539348849906,2.395209580838323,163,163,4,0,159,163,14740,4,0,0,4,0
2020-08-19,US,Texas,Tyler,157,3,0,30.77031716,-94.37690895,48457.0,724.437061646364,1.9108280254777068,154,152,3,0,149,152,21696,5,0,0,5,0
2020-08-19,US,Texas,Upshur,283,3,0,32.73706798,-94.93999853,48459.0,677.7956075012575,1.060070671378092,280,279,2,0,277,269,41260,4,1,0,3,10
2020-08-19,US,Texas,Upton,16,1,0,31.36868194,-102.0423217,48461.0,437.5170905113481,6.25,15,16,1,0,15,16,3671,0,0,0,0,0
2020-08-19,US,Texas,Uvalde,615,15,0,29.35739637,-99.76229172,48463.0,2299.8391982349203,2.4390243902439024,600,609,14,0,595,604,26846,6,1,0,5,5
2020-08-19,US,Texas,Val Verde,1775,51,0,29.89149232,-101.1525205,48465.0,3620.601733809281,2.8732394366197185,1724,1693,49,0,1644,1693,49208,82,2,0,80,0
2020-08-19,US,Texas,Van Zandt,469,9,0,32.56483801,-95.83766469,48467.0,828.7683336278494,1.9189765458422172,460,463,8,0,455,446,56019,6,1,0,5,17
2020-08-19,US,Texas,Victoria,3632,65,0,28.79780988,-96.96813006,48469.0,3944.2248381912173,1.789647577092511,3567,3631,58,0,3573,3584,92035,1,7,0,-6,47
2020-08-19,US,Texas,Walker,3202,44,0,30.73872995,-95.57440968,48471.0,4388.044565649368,1.3741411617738912,3158,3197,44,0,3153,3190,72480,5,0,0,5,7
2020-08-19,US,Texas,Waller,550,5,0,30.01058447,-95.99011759,48473.0,995.5471889367557,0.9090909090909092,545,531,5,0,526,526,53126,19,0,0,19,5
2020-08-19,US,Texas,Ward,100,1,0,31.50999644,-103.09279090000001,48475.0,833.4722453742288,1.0,99,100,1,0,99,99,11720,0,0,0,0,1
2020-08-19,US,Texas,Washington,548,41,0,30.21498498,-96.40946246,48477.0,1527.2281366701968,7.481751824817518,507,534,41,0,493,526,35108,14,0,0,14,8
2020-08-19,US,Texas,Webb,9957,212,0,27.7610369,-99.33237355,48479.0,3599.1064586556395,2.129155368082756,9745,9857,207,0,9650,9646,275910,100,5,0,95,211
2020-08-19,US,Texas,Wharton,1049,33,0,29.27765923,-96.22319248,48481.0,2524.304552892482,3.145853193517636,1016,1031,30,0,1001,1020,41619,18,3,0,15,11
2020-08-19,US,Texas,Wheeler,39,0,0,35.40114335,-100.26995140000001,48483.0,771.3607594936708,0.0,39,39,0,0,39,36,5191,0,0,0,0,3
2020-08-19,US,Texas,Wichita,1163,13,0,33.98842886,-98.70410340000001,48485.0,879.5280949860093,1.1177987962166809,1150,1149,13,0,1136,1117,132064,14,0,0,14,32
2020-08-19,US,Texas,Wilbarger,88,2,0,34.07945812,-99.24178437,48487.0,689.1690813689404,2.272727272727273,86,86,1,0,85,78,12820,2,1,0,1,8
2020-08-19,US,Texas,Willacy,787,34,0,26.47411727,-97.61535848,48489.0,3684.801947747917,4.320203303684879,753,781,33,0,748,774,21515,6,1,0,5,7
2020-08-19,US,Texas,Williamson,7624,110,0,30.64655664,-97.60048540000001,48491.0,1290.9977292393035,1.4428121720881426,7514,7581,105,0,7476,7482,566719,43,5,0,38,99
2020-08-19,US,Texas,Wilson,507,21,0,29.1732598,-98.08693082,48493.0,992.7550420990796,4.142011834319527,486,503,20,0,483,499,50224,4,1,0,3,4
2020-08-19,US,Texas,Winkler,88,1,0,31.85008651,-103.04851629999999,48495.0,1098.6267166042446,1.1363636363636365,87,88,1,0,87,88,7720,0,0,0,0,0
2020-08-19,US,Texas,Wise,569,10,0,33.21570665,-97.65460265,48497.0,813.0429812528578,1.7574692442882252,559,568,10,0,558,536,68305,1,0,0,1,32
2020-08-19,US,Texas,Wood,373,12,0,32.78722382,-95.38236368,48499.0,819.0781527921123,3.2171581769437,361,365,11,0,354,360,45129,8,1,0,7,5
2020-08-19,US,Texas,Yoakum,129,3,0,33.17320212,-102.82764329999999,48501.0,1480.546310111328,2.3255813953488373,126,124,3,0,121,124,8591,5,0,0,5,0
2020-08-19,US,Texas,Young,203,6,0,33.17659707,-98.68790885,48503.0,1127.151582454192,2.955665024630542,197,205,6,0,199,200,18045,-2,0,0,-2,5
2020-08-19,US,Texas,Zapata,231,3,0,27.00156391,-99.16987152,48505.0,1629.1698991466253,1.2987012987012987,228,224,3,0,221,204,14190,7,0,0,7,20
2020-08-19,US,Texas,Zavala,248,7,0,28.86617238,-99.76050829,48507.0,2094.5945945945946,2.8225806451612905,241,244,6,0,238,243,11983,4,1,0,3,1
2020-08-19,US,Utah,Bear River,2413,9,0,41.52106798,-113.08328159999999,0.0,1291.631427378518,0.3729796933278077,2404,2405,8,0,2397,2398,,8,1,0,7,7
2020-08-19,US,Utah,Central Utah,467,2,0,39.37231946,-111.5758676,0.0,569.8318568953315,0.4282655246252677,465,459,2,0,457,455,,8,0,0,8,4
2020-08-19,US,Utah,Davis,3466,21,0,40.99001837,-112.1139997,49011.0,975.0169488664653,0.6058857472590883,3445,3442,21,0,3421,3422,351713,24,0,0,24,20
2020-08-19,US,Utah,Salt Lake,22102,217,0,40.66616532,-111.92160109999999,49035.0,1904.6273085053306,0.9818116007601122,21885,21951,215,0,21736,21870,1152633,151,2,0,149,81
2020-08-19,US,Utah,San Juan,658,27,0,37.62762978,-109.80337140000002,49037.0,4298.406062189705,4.103343465045594,631,656,26,0,630,653,15449,2,1,0,1,3
2020-08-19,US,Utah,Southeast Utah,120,1,0,38.99617072,-110.70139579999999,0.0,298.292276715802,0.8333333333333334,119,118,1,0,117,119,,2,0,0,2,-1
2020-08-19,US,Utah,Southwest Utah,3384,26,0,37.85447192,-111.4418764,0.0,1342.6333706287046,0.7683215130023641,3358,3358,26,0,3332,3341,,26,0,0,26,17
2020-08-19,US,Utah,Summit,765,1,0,40.86688146,-110.9535882,49043.0,1815.1619409182583,0.13071895424836602,764,758,1,0,757,746,41933,7,0,0,7,12
2020-08-19,US,Utah,Tooele,629,0,0,40.44862644,-113.12957150000001,49045.0,870.4798018239943,0.0,629,623,0,0,623,619,69907,6,0,0,6,4
2020-08-19,US,Utah,TriCounty,193,0,0,40.12491499,-109.5174415,0.0,340.85691074140794,0.0,193,192,0,0,192,191,,1,0,0,1,1
2020-08-19,US,Utah,Utah,9683,41,0,40.116672200000004,-111.66576620000001,49049.0,1521.9219313618396,0.4234224930290199,9642,9576,39,0,9537,9478,622213,107,2,0,105,98
2020-08-19,US,Utah,Wasatch,601,4,0,40.33110236,-111.1691419,49051.0,1762.928632190314,0.6655574043261231,597,600,4,0,596,600,33240,1,0,0,1,0
2020-08-19,US,Utah,Weber-Morgan,3040,28,0,41.27116049,-111.9145117,0.0,1116.2640405086343,0.9210526315789472,3012,3019,26,0,2993,3002,,21,2,0,19,17
2020-08-19,US,Vermont,Addison,76,2,0,44.03217337,-73.14130877,50001.0,206.65089594039762,2.631578947368421,74,76,2,0,74,76,36973,0,0,0,0,0
2020-08-19,US,Vermont,Bennington,92,1,0,43.03519828,-73.09048868,50003.0,259.37411897378064,1.0869565217391304,91,92,1,0,91,92,35631,0,0,0,0,0
2020-08-19,US,Vermont,Caledonia,29,0,0,44.46548598,-72.10314651,50005.0,96.6892274864135,0.0,29,29,0,0,29,29,30302,0,0,0,0,0
2020-08-19,US,Vermont,Chittenden,764,39,0,44.46322849,-73.08359212,50007.0,466.49651348809954,5.104712041884817,725,763,39,0,724,763,164572,1,0,0,1,0
2020-08-19,US,Vermont,Essex,6,0,0,44.72736416,-71.73579864,50009.0,97.35518416355671,0.0,6,6,0,0,6,6,6250,0,0,0,0,0
2020-08-19,US,Vermont,Franklin,122,7,0,44.85627605,-72.91249563,50011.0,246.9535646330108,5.737704918032787,115,121,7,0,114,121,49421,1,0,0,1,0
2020-08-19,US,Vermont,Grand Isle,13,0,0,44.797582399999996,-73.29679772,50013.0,179.68210089841045,0.0,13,13,0,0,13,13,7090,0,0,0,0,0
2020-08-19,US,Vermont,Lamoille,45,1,0,44.60353043,-72.64356694,50015.0,177.43080198722495,2.2222222222222223,44,45,1,0,44,45,25300,0,0,0,0,0
2020-08-19,US,Vermont,Orange,18,0,0,44.00470222,-72.37640104,50017.0,62.300982971064656,0.0,18,18,0,0,18,18,28999,0,0,0,0,0
2020-08-19,US,Vermont,Orleans,15,0,0,44.82964024,-72.24562697,50019.0,55.479528054148034,0.0,15,15,0,0,15,15,26907,0,0,0,0,0
2020-08-19,US,Vermont,Rutland,102,1,0,43.57723578,-73.03741676,50021.0,175.28483786152498,0.9803921568627452,101,102,1,0,101,101,58672,0,0,0,0,1
2020-08-19,US,Vermont,Unassigned,8,0,0,0.0,0.0,90050.0,0.0,0.0,8,8,0,0,8,8,,0,0,0,0,0
2020-08-19,US,Vermont,Washington,59,2,0,44.27343241,-72.61604978,50023.0,101.01183036860758,3.3898305084745757,57,58,2,0,56,58,58140,1,0,0,1,0
2020-08-19,US,Vermont,Windham,109,3,0,42.986982,-72.71268875,50025.0,258.1592534697552,2.7522935779816518,106,109,3,0,106,107,42756,0,0,0,0,2
2020-08-19,US,Vermont,Windsor,75,2,0,43.58010937,-72.58595157,50027.0,136.21009044350006,2.6666666666666665,73,75,2,0,73,75,55286,0,0,0,0,0
2020-08-19,US,Virginia,Accomack,1129,18,0,37.76707161,-75.63234615,51001.0,3493.625448694145,1.5943312666076173,1111,1127,17,0,1110,1127,32412,2,1,0,1,0
2020-08-19,US,Virginia,Albemarle,921,16,0,38.02080697,-78.55481085,51003.0,842.4037318210923,1.737242128121607,905,916,16,0,900,913,108718,5,0,0,5,3
2020-08-19,US,Virginia,Alexandria,3165,61,0,38.814003,-77.08183073,51510.0,1985.222169255087,1.9273301737756716,3104,3146,61,0,3085,3130,160530,19,0,0,19,16
2020-08-19,US,Virginia,Alleghany,59,4,0,37.78636074,-80.00222498,51005.0,397.0390309555855,6.779661016949151,55,59,4,0,55,60,14910,0,0,0,0,-1
2020-08-19,US,Virginia,Amelia,85,2,0,37.34081025,-77.98584649,51007.0,646.6337010270065,2.3529411764705883,83,85,2,0,83,85,13013,0,0,0,0,0
2020-08-19,US,Virginia,Amherst,228,1,0,37.60308293,-79.14548696,51009.0,721.4048410061699,0.43859649122807015,227,223,1,0,222,217,31666,5,0,0,5,6
2020-08-19,US,Virginia,Appomattox,113,0,0,37.37569884,-78.81340003,51011.0,710.200490226887,0.0,113,109,0,0,109,103,15841,4,0,0,4,6
2020-08-19,US,Virginia,Arlington,3293,135,0,38.8767675,-77.10139853,51013.0,1390.3783957237313,4.0996052232007285,3158,3264,135,0,3129,3246,237521,29,0,0,29,18
2020-08-19,US,Virginia,Augusta,323,4,0,38.16404586,-79.12461614,51015.0,427.48616956510233,1.238390092879257,319,315,4,0,311,313,75457,8,0,0,8,2
2020-08-19,US,Virginia,Bath,4,0,0,38.05852573,-79.73912095,51017.0,96.45526886906195,0.0,4,4,0,0,4,4,4292,0,0,0,0,0
2020-08-19,US,Virginia,Bedford,436,8,0,37.3080028,-79.5281964,51019.0,551.9196931529045,1.834862385321101,428,429,8,0,421,418,78747,7,0,0,7,11
2020-08-19,US,Virginia,Bland,38,0,0,37.13128068,-81.13599391,51021.0,605.0955414012739,0.0,38,38,0,0,38,37,6293,0,0,0,0,1
2020-08-19,US,Virginia,Botetourt,220,7,0,37.55531756,-79.80982182,51023.0,658.3081480594873,3.1818181818181817,213,222,7,0,215,223,33277,-2,0,0,-2,-1
2020-08-19,US,Virginia,Bristol,103,2,0,36.616302399999995,-82.16359122,51520.0,614.4851449707672,1.9417475728155342,101,100,1,0,99,100,16482,3,1,0,2,0
2020-08-19,US,Virginia,Brunswick,254,2,0,36.76366949,-77.8593436,51025.0,1564.9066600948804,0.7874015748031497,252,250,2,0,248,248,16384,4,0,0,4,2
2020-08-19,US,Virginia,Buchanan,87,1,0,37.26818323,-82.03749726,51027.0,414.20681774900015,1.1494252873563218,86,84,1,0,83,84,21221,3,0,0,3,0
2020-08-19,US,Virginia,Buckingham,622,8,0,37.57242268,-78.52518834,51029.0,3627.245159785398,1.2861736334405145,614,622,8,0,614,620,16999,0,0,0,0,2
2020-08-19,US,Virginia,Buena Vista,67,1,0,37.73484642,-79.35296097,51530.0,1034.2698363692498,1.492537313432836,66,67,1,0,66,65,6237,0,0,0,0,2
2020-08-19,US,Virginia,Campbell,264,3,0,37.20553386,-79.09678609,51031.0,481.00573927302537,1.1363636363636365,261,260,3,0,257,253,54973,4,0,0,4,7
2020-08-19,US,Virginia,Caroline,231,5,0,38.02679129,-77.34901405,51033.0,751.8307567127748,2.1645021645021645,226,230,5,0,225,229,30772,1,0,0,1,1
2020-08-19,US,Virginia,Carroll,354,15,0,36.73066666,-80.73455942,51035.0,1188.2783390957002,4.2372881355932215,339,349,15,0,334,344,29636,5,0,0,5,5
2020-08-19,US,Virginia,Charles City,57,5,0,37.35358063,-77.05634116,51036.0,818.6126669538992,8.771929824561402,52,56,5,0,51,56,6941,1,0,0,1,0
2020-08-19,US,Virginia,Charlotte,59,0,0,37.01909701,-78.66314092,51037.0,496.6329966329968,0.0,59,59,0,0,59,58,11938,0,0,0,0,1
2020-08-19,US,Virginia,Charlottesville,566,14,0,38.03527919,-78.48569588,51540.0,1197.4781026530698,2.4734982332155475,552,561,15,0,546,560,48117,5,-1,0,6,1
2020-08-19,US,Virginia,Chesapeake,3358,41,0,36.67670048,-76.30545744,51550.0,1371.5359323626114,1.2209648600357357,3317,3319,41,0,3278,3303,242634,39,0,0,39,16
2020-08-19,US,Virginia,Chesterfield,4720,76,0,37.37373208,-77.58680140000001,51041.0,1337.8608964801788,1.6101694915254237,4644,4684,81,0,4603,4623,348556,36,-5,0,41,61
2020-08-19,US,Virginia,Clarke,75,0,0,39.11271747,-77.99199425,51043.0,513.0309870716192,0.0,75,74,0,0,74,74,14523,1,0,0,1,0
2020-08-19,US,Virginia,Colonial Heights,210,22,0,37.26420587,-77.39609676,51570.0,1208.9810017271154,10.476190476190476,188,209,22,0,187,207,17833,1,0,0,1,2
2020-08-19,US,Virginia,Covington,15,0,0,37.7824656,-79.98631446,51580.0,270.85590465872156,0.0,15,15,0,0,15,13,5460,0,0,0,0,2
2020-08-19,US,Virginia,Craig,20,0,0,37.48133648,-80.21072274,51045.0,389.78756577665166,0.0,20,20,0,0,20,19,5064,0,0,0,0,1
2020-08-19,US,Virginia,Culpeper,1050,13,0,38.48199985,-77.95630870000002,51047.0,1996.007984031936,1.238095238095238,1037,1045,12,0,1033,1041,51859,5,1,0,4,4
2020-08-19,US,Virginia,Cumberland,85,0,0,37.51328851,-78.24398086,51049.0,855.8195730970599,0.0,85,85,0,0,85,84,9809,0,0,0,0,1
2020-08-19,US,Virginia,Danville,496,9,0,36.58022376,-79.40395668,51590.0,1238.6374987513734,1.814516129032258,487,487,9,0,478,477,40693,9,0,0,9,10
2020-08-19,US,Virginia,Dickenson,54,1,0,37.12560977,-82.35124171,51051.0,377.1476463193183,1.851851851851852,53,54,1,0,53,52,14523,0,0,0,0,2
2020-08-19,US,Virginia,Dinwiddie,246,7,0,37.07544585,-77.63451754,51053.0,861.8273542600897,2.845528455284553,239,243,7,0,236,240,28529,3,0,0,3,3
2020-08-19,US,Virginia,Emporia,203,15,0,36.69455571,-77.53406129,51595.0,3797.231575009353,7.389162561576356,188,192,15,0,177,192,5121,11,0,0,11,0
2020-08-19,US,Virginia,Essex,109,2,0,37.93357639,-76.94230311,51057.0,995.1611430658268,1.834862385321101,107,108,1,0,107,109,10919,1,1,0,0,-1
2020-08-19,US,Virginia,Fairfax,17230,538,0,38.83677558,-77.27565836,51059.0,1501.483183039776,3.1224608241439347,16692,17154,537,0,16617,17070,1150795,76,1,0,75,84
2020-08-19,US,Virginia,Fairfax,17230,538,0,38.83677558,-77.27565836,51059.0,1501.483183039776,3.1224608241439347,16692,17154,537,0,16617,17070,24574,76,1,0,75,84
2020-08-19,US,Virginia,Fairfax City,103,7,0,38.85157547,-77.29779640000002,51600.0,428.8271784837005,6.7961165048543695,96,102,7,0,95,103,24574,1,0,0,1,-1
2020-08-19,US,Virginia,Falls Church,63,6,0,38.88485255,-77.17560759,51610.0,431.0049941848533,9.523809523809524,57,63,6,0,57,63,14772,0,0,0,0,0
2020-08-19,US,Virginia,Fauquier,653,9,0,38.73564842,-77.80647472,51061.0,916.8515346381737,1.3782542113323124,644,647,9,0,638,642,70675,6,0,0,6,5
2020-08-19,US,Virginia,Floyd,117,2,0,36.9302126,-80.36738849,51063.0,742.9043113848497,1.709401709401709,115,115,2,0,113,114,15795,2,0,0,2,1
2020-08-19,US,Virginia,Fluvanna,204,9,0,37.84157909,-78.27715475,51065.0,748.0748074807483,4.411764705882354,195,204,9,0,195,203,26783,0,0,0,0,1
2020-08-19,US,Virginia,Franklin,194,1,0,36.99536167,-79.88023649,51067.0,346.1689447200313,0.5154639175257731,193,192,1,0,191,182,56195,2,0,0,2,10
2020-08-19,US,Virginia,Franklin,194,1,0,36.99536167,-79.88023649,51067.0,346.1689447200313,0.5154639175257731,193,192,1,0,191,182,8013,2,0,0,2,10
2020-08-19,US,Virginia,Franklin City,220,6,0,36.6831435,-76.93859681,51620.0,2761.390736789256,2.727272727272727,214,219,6,0,213,212,8013,1,0,0,1,7
2020-08-19,US,Virginia,Frederick,715,10,0,39.20172582,-78.25974949,51069.0,800.555350284953,1.3986013986013983,705,709,10,0,699,701,88355,6,0,0,6,8
2020-08-19,US,Virginia,Fredericksburg,431,4,0,38.2977863,-77.4922454,51630.0,1484.3642374982778,0.9280742459396752,427,428,3,0,425,428,29144,3,1,0,2,0
2020-08-19,US,Virginia,Galax,388,26,0,36.66601852,-80.91703124,51640.0,6113.124310697967,6.7010309278350535,362,356,27,0,329,354,6423,32,-1,0,33,2
2020-08-19,US,Virginia,Giles,34,0,0,37.31234791,-80.70636931,51071.0,203.34928229665073,0.0,34,33,0,0,33,33,16844,1,0,0,1,0
2020-08-19,US,Virginia,Gloucester,179,2,0,37.40809042,-76.53524337,51073.0,479.27599871479066,1.11731843575419,177,178,2,0,176,179,37349,1,0,0,1,-1
2020-08-19,US,Virginia,Goochland,175,7,0,37.71714806,-77.90381514,51075.0,736.7490422262451,4.0,168,174,7,0,167,173,23244,1,0,0,1,1
2020-08-19,US,Virginia,Grayson,166,5,0,36.65677234,-81.23215889,51077.0,1067.524115755627,3.0120481927710845,161,166,5,0,161,165,15631,0,0,0,0,1
2020-08-19,US,Virginia,Greene,182,2,0,38.29545894,-78.46525378,51079.0,918.3107119430847,1.0989010989010992,180,182,2,0,180,179,19779,0,0,0,0,3
2020-08-19,US,Virginia,Greensville,577,11,0,36.67878901,-77.56351439,51081.0,5089.978828510939,1.9064124783362215,566,573,11,0,562,572,11627,4,0,0,4,1
2020-08-19,US,Virginia,Halifax,170,2,0,36.76654925,-78.93512622,51083.0,501.3122585591696,1.1764705882352942,168,170,2,0,168,170,34120,0,0,0,0,0
2020-08-19,US,Virginia,Hampton,1377,9,0,37.03513786,-76.35879121,51650.0,1023.7157088692288,0.6535947712418301,1368,1362,9,0,1353,1349,134313,15,0,0,15,13
2020-08-19,US,Virginia,Hanover,722,33,0,37.7583355,-77.49464673,51085.0,669.9701204461519,4.570637119113574,689,716,33,0,683,703,107239,6,0,0,6,13
2020-08-19,US,Virginia,Harrisonburg,1115,31,0,38.43542574,-78.87536254,51660.0,2103.1386751169457,2.780269058295964,1084,1109,31,0,1078,1106,54033,6,0,0,6,3
2020-08-19,US,Virginia,Henrico,4202,187,0,37.53460572,-77.39326555,51087.0,1270.1848146110553,4.450261780104712,4015,4189,187,0,4002,4149,329261,13,0,0,13,40
2020-08-19,US,Virginia,Henry,699,13,0,36.68542395,-79.87634026,51089.0,1382.5978598413672,1.8597997138769669,686,692,9,0,683,672,50953,7,4,0,3,20
2020-08-19,US,Virginia,Highland,6,0,0,38.35799465,-79.56124594,51091.0,273.97260273972597,0.0,6,6,0,0,6,6,2210,0,0,0,0,0
2020-08-19,US,Virginia,Hopewell,301,4,0,37.29186313,-77.29754684,51670.0,1336.0557503661944,1.32890365448505,297,298,5,0,293,297,22596,3,-1,0,4,1
2020-08-19,US,Virginia,Isle of Wight,450,10,0,36.90579348,-76.70842863,51093.0,1212.6438330324181,2.2222222222222223,440,443,10,0,433,437,36953,7,0,0,7,6
2020-08-19,US,Virginia,James City,652,17,0,37.31156958,-76.76950618,51095.0,852.031415391451,2.607361963190184,635,653,17,0,636,651,76397,-1,0,0,-1,2
2020-08-19,US,Virginia,King George,171,4,0,38.26818502,-77.15852768,51099.0,637.2037561484573,2.3391812865497075,167,170,4,0,166,169,26575,1,0,0,1,1
2020-08-19,US,Virginia,King William,105,2,0,37.70965316,-77.09384941,51101.0,612.3163051084674,1.9047619047619049,103,105,2,0,103,105,16939,0,0,0,0,0
2020-08-19,US,Virginia,King and Queen,44,1,0,37.71044922,-76.88689628,51097.0,626.3345195729537,2.272727272727273,43,43,1,0,42,42,7042,1,0,0,1,1
2020-08-19,US,Virginia,Lancaster,49,0,0,37.71889653,-76.46400482,51103.0,462.1333584834481,0.0,49,49,0,0,49,49,10783,0,0,0,0,0
2020-08-19,US,Virginia,Lee,153,2,0,36.70586667,-83.12606515,51105.0,653.2041156128591,1.30718954248366,151,152,2,0,150,150,23541,1,0,0,1,2
2020-08-19,US,Virginia,Lexington,37,0,0,37.78258621,-79.44262866,51678.0,496.91109320440506,0.0,37,37,0,0,37,37,7136,0,0,0,0,0
2020-08-19,US,Virginia,Loudoun,5580,115,0,39.08990083,-77.63481877,51107.0,1349.3318630935973,2.060931899641577,5465,5552,115,0,5437,5528,406850,28,0,0,28,24
2020-08-19,US,Virginia,Louisa,219,2,0,37.97850256,-77.96274807,51109.0,582.5862573488334,0.9132420091324199,217,215,2,0,213,209,36778,4,0,0,4,6
2020-08-19,US,Virginia,Lunenburg,71,1,0,36.94618528,-78.24133319,51111.0,582.1580846179074,1.4084507042253518,70,71,1,0,70,70,12086,0,0,0,0,1
2020-08-19,US,Virginia,Lynchburg,762,5,0,37.40021399,-79.19888138,51680.0,927.3683185668386,0.6561679790026247,757,753,5,0,748,735,82126,9,0,0,9,18
2020-08-19,US,Virginia,Madison,78,1,0,38.41531222,-78.28220331,51113.0,588.1909358268607,1.2820512820512822,77,76,1,0,75,76,13295,2,0,0,2,0
2020-08-19,US,Virginia,Manassas,1729,23,0,38.7464321,-77.48509905,51683.0,4208.348545697943,1.3302486986697513,1706,1723,22,0,1701,1716,41641,6,1,0,5,7
2020-08-19,US,Virginia,Manassas Park,542,7,0,38.77058531,-77.44399307,51685.0,3101.041309074265,1.2915129151291511,535,540,7,0,533,538,17307,2,0,0,2,2
2020-08-19,US,Virginia,Martinsville,260,3,0,36.68212094,-79.86352771,51690.0,2071.053050820456,1.1538461538461535,257,256,3,0,253,241,12902,4,0,0,4,15
2020-08-19,US,Virginia,Mathews,23,0,0,37.44164146,-76.34098896,51115.0,260.3577088521621,0.0,23,23,0,0,23,23,8802,0,0,0,0,0
2020-08-19,US,Virginia,Mecklenburg,465,33,0,36.67882005,-78.36131056,51117.0,1520.2537025533722,7.096774193548387,432,465,33,0,432,459,30650,0,0,0,0,6
2020-08-19,US,Virginia,Middlesex,54,1,0,37.63191998,-76.55064617,51119.0,510.3005103005103,1.851851851851852,53,54,1,0,53,52,10769,0,0,0,0,2
2020-08-19,US,Virginia,Montgomery,337,3,0,37.17746986,-80.37868691,51121.0,342.01045313847874,0.8902077151335311,334,337,3,0,334,332,98985,0,0,0,0,5
2020-08-19,US,Virginia,Nelson,75,0,0,37.78790447,-78.88498513,51125.0,502.34427327528465,0.0,75,75,0,0,75,70,14836,0,0,0,0,5
2020-08-19,US,Virginia,New Kent,136,1,0,37.50694406,-76.99828634,51127.0,588.9740591572474,0.7352941176470589,135,134,1,0,133,136,22391,2,0,0,2,-2
2020-08-19,US,Virginia,Newport News,2034,20,0,37.08166899,-76.51754109,51700.0,1134.8863160831356,0.983284169124877,2014,2016,20,0,1996,1993,178626,18,0,0,18,23
2020-08-19,US,Virginia,Norfolk,4062,37,0,36.89934014,-76.26420872,51710.0,1673.3816150480757,0.9108813392417529,4025,4032,34,0,3998,4002,244076,30,3,0,27,30
2020-08-19,US,Virginia,Northampton,300,29,0,37.34062933,-75.87751591,51131.0,2561.9128949615715,9.666666666666666,271,300,29,0,271,299,11735,0,0,0,0,1
2020-08-19,US,Virginia,Northumberland,81,3,0,37.89202088,-76.41949732,51133.0,669.6982224059527,3.703703703703704,78,81,3,0,78,81,12147,0,0,0,0,0
2020-08-19,US,Virginia,Norton,22,0,0,36.93357076,-82.62750411,51720.0,552.624968600854,0.0,22,22,0,0,22,23,3968,0,0,0,0,-1
2020-08-19,US,Virginia,Nottoway,183,14,0,37.1435975,-78.05065922,51135.0,1201.4180672268908,7.6502732240437155,169,183,14,0,169,183,15420,0,0,0,0,0
2020-08-19,US,Virginia,Orange,243,3,0,38.24530219,-78.01560400000002,51137.0,655.8527435156948,1.2345679012345678,240,239,3,0,236,236,36644,4,0,0,4,3
2020-08-19,US,Virginia,Page,353,25,0,38.61807452,-78.48797204,51139.0,1476.8638607647895,7.0821529745042495,328,354,25,0,329,353,23933,-1,0,0,-1,1
2020-08-19,US,Virginia,Patrick,186,8,0,36.680163799999995,-80.2865648,51141.0,1056.338028169014,4.301075268817204,178,183,5,0,178,176,17673,3,3,0,0,7
2020-08-19,US,Virginia,Petersburg,552,19,0,37.20530399,-77.39368102,51730.0,1760.9902379888981,3.4420289855072466,533,546,19,0,527,544,31567,6,0,0,6,2
2020-08-19,US,Virginia,Pittsylvania,588,2,0,36.81980341,-79.39731264,51143.0,974.2519137091164,0.3401360544217687,586,581,2,0,579,571,60949,7,0,0,7,10
2020-08-19,US,Virginia,Poquoson,49,0,0,37.14259351,-76.35798148,51735.0,399.3154592127781,0.0,49,49,0,0,49,48,12190,0,0,0,0,1
2020-08-19,US,Virginia,Portsmouth,2024,25,0,36.85914825,-76.35971629,51740.0,2144.11322273777,1.2351778656126482,1999,2022,25,0,1997,1995,94632,2,0,0,2,27
2020-08-19,US,Virginia,Powhatan,168,4,0,37.55016038,-77.91267882,51145.0,566.5722379603401,2.380952380952381,164,167,4,0,163,167,29189,1,0,0,1,0
2020-08-19,US,Virginia,Prince Edward,447,10,0,37.22554789,-78.43597949,51147.0,1960.3543548811508,2.237136465324385,437,451,10,0,441,449,22950,-4,0,0,-4,2
2020-08-19,US,Virginia,Prince George,473,2,0,37.18497668,-77.22922187,51149.0,1233.2803170547286,0.4228329809725159,471,462,2,0,460,459,38082,11,0,0,11,3
2020-08-19,US,Virginia,Prince William,10034,179,0,38.70916224,-77.48713689,51153.0,2133.373021357118,1.7839346222842336,9855,9989,179,0,9810,9924,468011,45,0,0,45,65
2020-08-19,US,Virginia,Pulaski,96,3,0,37.06474963,-80.71229738,51155.0,282.1288976401093,3.125,93,95,3,0,92,91,34066,1,0,0,1,4
2020-08-19,US,Virginia,Radford,72,0,0,37.12222899,-80.56027320000003,51750.0,394.5421666940655,0.0,72,69,0,0,69,68,18339,3,0,0,3,1
2020-08-19,US,Virginia,Rappahannock,46,2,0,38.68295619,-78.15826963,51157.0,624.1519674355495,4.3478260869565215,44,46,2,0,44,46,7252,0,0,0,0,0
2020-08-19,US,Virginia,Richmond,323,4,0,37.937575,-76.72920628,51159.0,3579.7406627507485,1.238390092879257,319,324,4,0,320,327,9038,-1,0,0,-1,-3
2020-08-19,US,Virginia,Richmond City,3455,43,0,37.53255773,-77.47966921,51760.0,1499.3317016438407,1.2445730824891459,3412,3425,42,0,3383,3404,228783,30,1,0,29,21
2020-08-19,US,Virginia,Roanoke,526,4,0,37.26865804,-80.06396753,51161.0,558.4694115898328,0.7604562737642585,522,527,4,0,523,522,94073,-1,0,0,-1,5
2020-08-19,US,Virginia,Roanoke City,1085,15,0,37.27791025,-79.96189766,51770.0,1094.3788265434775,1.3824884792626728,1070,1084,15,0,1069,1082,99920,1,0,0,1,2
2020-08-19,US,Virginia,Rockbridge,80,1,0,37.81204314,-79.44605905,51163.0,354.40570593186544,1.25,79,78,1,0,77,80,22752,2,0,0,2,-2
2020-08-19,US,Virginia,Rockingham,982,20,0,38.51006137,-78.87260325,51165.0,1198.3208864157762,2.0366598778004072,962,980,20,0,960,979,81244,2,0,0,2,1
2020-08-19,US,Virginia,Russell,161,4,0,36.93028320000001,-82.10095486,51167.0,605.5818852027382,2.4844720496894412,157,160,3,0,157,157,26748,1,1,0,0,3
2020-08-19,US,Virginia,Salem,173,3,0,37.2836193,-80.06219455,51775.0,683.7674400221334,1.7341040462427746,170,172,3,0,169,170,25643,1,0,0,1,2
2020-08-19,US,Virginia,Scott,128,3,0,36.71466456,-82.60171704,51169.0,593.5268478160068,2.34375,125,127,3,0,124,120,21534,1,0,0,1,7
2020-08-19,US,Virginia,Shenandoah,748,47,0,38.85905135,-78.56813762,51171.0,1714.9669845928101,6.283422459893048,701,747,47,0,700,743,43497,1,0,0,1,4
2020-08-19,US,Virginia,Smyth,185,3,0,36.84455636,-81.53344948,51173.0,614.5362742492692,1.6216216216216215,182,182,3,0,179,171,30472,3,0,0,3,11
2020-08-19,US,Virginia,Southampton,311,13,0,36.72231125,-77.10642712,51175.0,1763.9385173841529,4.180064308681672,298,310,13,0,297,309,17586,1,0,0,1,1
2020-08-19,US,Virginia,Spotsylvania,1649,35,0,38.18574462,-77.655399,51177.0,1210.5862056308042,2.1224984839296543,1614,1642,36,0,1606,1621,134238,7,-1,0,8,21
2020-08-19,US,Virginia,Stafford,1543,10,0,38.41758738,-77.45917053,51179.0,1009.2751272223022,0.6480881399870383,1533,1534,10,0,1524,1506,149960,9,0,0,9,28
2020-08-19,US,Virginia,Staunton,161,0,0,38.15965544,-79.05979937,51790.0,645.7564575645756,0.0,161,161,0,0,161,159,24922,0,0,0,0,2
2020-08-19,US,Virginia,Suffolk,1476,55,0,36.70155394,-76.63603554,51800.0,1602.466669561819,3.7262872628726287,1421,1458,55,0,1403,1438,91185,18,0,0,18,20
2020-08-19,US,Virginia,Surry,52,2,0,37.11781893,-76.88450012,51181.0,809.7165991902832,3.8461538461538463,50,52,2,0,50,52,6474,0,0,0,0,0
2020-08-19,US,Virginia,Sussex,318,9,0,36.92432914,-77.25791182,51183.0,2849.717716641276,2.830188679245283,309,318,9,0,309,317,11237,0,0,0,0,1
2020-08-19,US,Virginia,Tazewell,140,0,0,37.12191123,-81.56685568,51185.0,344.8700578889026,0.0,140,138,0,0,138,131,40855,2,0,0,2,7
2020-08-19,US,Virginia,Virginia Beach,5522,60,0,36.73285734,-76.04566934,51810.0,1227.1820149608645,1.0865628395508873,5462,5470,56,0,5414,5444,450189,52,4,0,48,26
2020-08-19,US,Virginia,Warren,375,6,0,38.90847745,-78.20280433,51187.0,933.671945025396,1.6,369,374,6,0,368,367,40003,1,0,0,1,7
2020-08-19,US,Virginia,Washington,295,7,0,36.72341572,-81.95666289,51191.0,548.9393375511723,2.3728813559322037,288,290,7,0,283,288,54402,5,0,0,5,2
2020-08-19,US,Virginia,Waynesboro,196,3,0,38.06451466,-78.90293905,51820.0,866.1069376933275,1.5306122448979589,193,195,3,0,192,195,22628,1,0,0,1,0
2020-08-19,US,Virginia,Westmoreland,220,3,0,38.11021557,-76.80213247,51193.0,1221.2045517624201,1.3636363636363635,217,219,3,0,216,217,17830,1,0,0,1,2
2020-08-19,US,Virginia,Williamsburg,139,6,0,37.28131268,-76.70905141,51830.0,929.5171860371806,4.316546762589929,133,137,6,0,131,136,14896,2,0,0,2,1
2020-08-19,US,Virginia,Winchester,424,4,0,39.17054517,-78.17325058,51840.0,1510.079065460503,0.9433962264150944,420,422,4,0,418,421,28108,2,0,0,2,1
2020-08-19,US,Virginia,Wise,262,5,0,36.9746148,-82.62410519,51195.0,700.853329053313,1.9083969465648856,257,256,5,0,251,244,38012,6,0,0,6,12
2020-08-19,US,Virginia,Wythe,131,3,0,36.91582035,-81.07834059,51197.0,456.7005996374285,2.2900763358778624,128,130,3,0,127,127,28754,1,0,0,1,3
2020-08-19,US,Virginia,York,412,4,0,37.24374789,-76.54412815,51199.0,603.3977738722906,0.9708737864077671,408,410,4,0,406,409,67846,2,0,0,2,1
2020-08-19,US,Washington,Adams,505,6,0,46.98299757,-118.56017340000001,53001.0,2527.148075864485,1.188118811881188,499,509,6,0,503,504,19759,-4,0,0,-4,5
2020-08-19,US,Washington,Asotin,42,2,0,46.18894415,-117.2022851,53003.0,185.98884066955986,4.761904761904762,40,42,2,0,40,41,22610,0,0,0,0,1
2020-08-19,US,Washington,Benton,3913,122,0,46.23946995,-119.51208340000001,53005.0,1914.4772249131565,3.117812420138001,3791,3892,122,0,3770,3860,201877,21,0,0,21,32
2020-08-19,US,Washington,Chelan,1565,10,0,47.87046092,-120.6173956,53007.0,2027.2020725388602,0.6389776357827476,1555,1553,10,0,1543,1548,77036,12,0,0,12,5
2020-08-19,US,Washington,Clallam,173,1,0,48.04754642,-123.92263190000001,53009.0,223.71364653243847,0.5780346820809249,172,171,1,0,170,169,76737,2,0,0,2,2
2020-08-19,US,Washington,Clark,1982,51,0,45.77568046,-122.48292040000001,53011.0,405.9470630282996,2.5731584258324918,1931,1979,50,0,1929,1938,481857,3,1,0,2,41
2020-08-19,US,Washington,Columbia,13,1,0,46.29442881,-117.9051983,53013.0,326.2233375156838,7.6923076923076925,12,13,1,0,12,13,4059,0,0,0,0,0
2020-08-19,US,Washington,Cowlitz,512,6,0,46.19074721,-122.6782231,53015.0,462.95877677610696,1.171875,506,510,7,0,503,506,108987,2,-1,0,3,4
2020-08-19,US,Washington,Douglas,1061,7,0,47.7361335,-119.69293700000001,53017.0,2443.0679960395128,0.6597549481621112,1054,1041,7,0,1034,1034,42907,20,0,0,20,7
2020-08-19,US,Washington,Ferry,22,0,0,48.471143100000006,-118.5154041,53019.0,288.4489314278223,0.0,22,25,0,0,25,22,7649,-3,0,0,-3,3
2020-08-19,US,Washington,Franklin,3758,55,0,46.53351425,-118.9018212,53021.0,3946.566969817899,1.4635444385311336,3703,3758,55,0,3703,3735,94347,0,0,0,0,23
2020-08-19,US,Washington,Garfield,4,0,0,46.43197502,-117.54540320000001,53023.0,179.77528089887642,0.0,4,4,0,0,4,4,2247,0,0,0,0,0
2020-08-19,US,Washington,Grant,1902,15,0,47.20753737,-119.4500749,53025.0,1946.1185065433374,0.7886435331230284,1887,1872,14,0,1858,1833,97331,30,1,0,29,39
2020-08-19,US,Washington,Grays Harbor,148,3,0,47.14003705,-123.7820567,53027.0,197.17296598766342,2.0270270270270268,145,144,3,0,141,144,73901,4,0,0,4,0
2020-08-19,US,Washington,Island,258,11,0,48.14713305,-122.5216407,53029.0,303.02674387193014,4.263565891472869,247,254,11,0,243,254,84460,4,0,0,4,0
2020-08-19,US,Washington,Jefferson,62,0,0,47.75003077,-123.56097040000002,53031.0,192.42109183451785,0.0,62,61,0,0,61,59,31729,1,0,0,1,2
2020-08-19,US,Washington,King,18054,701,0,47.49137892,-121.8346131,53033.0,801.4091021678972,3.8827960562756174,17353,17908,698,0,17210,17745,2233163,146,3,0,143,163
2020-08-19,US,Washington,Kitsap,853,7,0,47.63479026,-122.6436061,53035.0,314.21172639636364,0.82063305978898,846,826,7,0,819,812,269805,27,0,0,27,14
2020-08-19,US,Washington,Kittitas,446,21,0,47.12521214,-120.67943899999999,53037.0,930.4266193804112,4.708520179372197,425,448,20,0,428,448,47364,-2,1,0,-3,0
2020-08-19,US,Washington,Klickitat,154,3,0,45.87325839,-120.7913598,53039.0,686.7335562987737,1.9480519480519483,151,152,3,0,149,134,22107,2,0,0,2,18
2020-08-19,US,Washington,Lewis,278,4,0,46.57756476,-122.39257690000001,53041.0,344.45587123793473,1.4388489208633093,274,267,4,0,263,262,79604,11,0,0,11,5
2020-08-19,US,Washington,Lincoln,31,1,0,47.57705241,-118.41943880000001,53043.0,283.3897065545296,3.2258064516129035,30,31,0,0,31,31,10740,0,1,0,-1,0
2020-08-19,US,Washington,Mason,270,1,0,47.35007586,-123.1863685,53045.0,404.38533429187635,0.3703703703703704,269,264,1,0,263,264,65507,6,0,0,6,0
2020-08-19,US,Washington,Okanogan,933,6,0,48.54855019,-119.73872240000001,53047.0,2208.649953838506,0.6430868167202572,927,930,6,0,924,925,42132,3,0,0,3,5
2020-08-19,US,Washington,Pacific,59,2,0,46.55418369,-123.7285716,53049.0,262.560633705665,3.3898305084745757,57,58,2,0,56,58,22036,1,0,0,1,0
2020-08-19,US,Washington,Pend Oreille,51,0,0,48.53234021,-117.2741804,53051.0,371.6117749927135,0.0,51,51,0,0,51,50,13602,0,0,0,0,1
2020-08-19,US,Washington,Pierce,6277,153,0,47.03892768,-122.14059579999999,53053.0,693.6064885411834,2.4374701290425365,6124,6212,149,0,6063,6177,891299,65,4,0,61,35
2020-08-19,US,Washington,San Juan,29,0,0,48.60182783,-122.96745,53055.0,164.94141735866228,0.0,29,29,0,0,29,29,17128,0,0,0,0,0
2020-08-19,US,Washington,Skagit,947,22,0,48.48171488,-121.766131,53057.0,732.9437715258698,2.3231256599788805,925,936,22,0,914,934,128206,11,0,0,11,2
2020-08-19,US,Washington,Skamania,58,1,0,46.02408726,-121.91644029999999,53059.0,480.01324174459984,1.7241379310344829,57,60,1,0,59,58,11924,-2,0,0,-2,2
2020-08-19,US,Washington,Snohomish,5823,205,0,48.04615983,-121.7170703,53061.0,708.3226389549474,3.5205220676627165,5618,5800,206,0,5594,5741,814901,23,-1,0,24,59
2020-08-19,US,Washington,Spokane,4853,116,0,47.62113146,-117.4046494,53063.0,928.2744004376452,2.390274057284154,4737,4836,114,0,4722,4806,514631,17,2,0,15,30
2020-08-19,US,Washington,Stevens,121,1,0,48.40035475,-117.8542701,53065.0,264.6370535616648,0.8264462809917356,120,118,1,0,117,116,45260,3,0,0,3,2
2020-08-19,US,Washington,Thurston,813,11,0,46.9291895,-122.82906559999999,53067.0,279.827628934108,1.3530135301353017,802,806,11,0,795,798,286419,7,0,0,7,8
2020-08-19,US,Washington,Unassigned,214,3,0,0.0,0.0,90053.0,0.0,1.4018691588785046,211,223,3,0,220,224,,-9,0,0,-9,-1
2020-08-19,US,Washington,Wahkiakum,4,0,0,46.29180039999999,-123.4250831,53069.0,89.12655971479502,0.0,4,5,0,0,5,5,4426,-1,0,0,-1,0
2020-08-19,US,Washington,Walla Walla,661,5,0,46.23040051,-118.4775539,53071.0,1087.88676761027,0.75642965204236,656,650,5,0,645,642,60922,11,0,0,11,8
2020-08-19,US,Washington,Whatcom,1032,39,0,48.82227976,-121.74900179999999,53073.0,450.169467866537,3.779069767441861,993,1034,39,0,995,1029,225685,-2,0,0,-2,5
2020-08-19,US,Washington,Whitman,128,0,0,46.90022523,-117.52417630000001,53075.0,255.4686252594603,0.0,128,126,0,0,126,124,49791,2,0,0,2,2
2020-08-19,US,Washington,Yakima,10680,230,0,46.45738486,-120.73801259999999,53077.0,4257.134087765523,2.1535580524344566,10450,10665,227,0,10438,10645,251446,15,3,0,12,20
2020-08-19,US,West Virginia,Barbour,33,1,0,39.1307219,-80.00350858,54001.0,200.717717900371,3.0303030303030303,32,33,1,0,32,33,16535,0,0,0,0,0
2020-08-19,US,West Virginia,Berkeley,748,11,0,39.46704621,-78.02414609,54003.0,627.6694833474587,1.4705882352941178,737,745,11,0,734,738,117123,3,0,0,3,7
2020-08-19,US,West Virginia,Boone,124,0,0,38.01974191,-81.69888019,54005.0,577.8999860185487,0.0,124,123,0,0,123,120,21951,1,0,0,1,3
2020-08-19,US,West Virginia,Braxton,10,0,0,38.70036159,-80.72011184,54007.0,71.64863509350147,0.0,10,8,0,0,8,8,14089,2,0,0,2,0
2020-08-19,US,West Virginia,Brooke,79,1,0,40.27367263,-80.57915332,54009.0,360.0893386207212,1.2658227848101269,78,79,1,0,78,77,22203,0,0,0,0,2
2020-08-19,US,West Virginia,Cabell,478,4,0,38.42424062,-82.23855912,54011.0,519.8760128337593,0.8368200836820083,474,466,3,0,463,459,93224,12,1,0,11,7
2020-08-19,US,West Virginia,Calhoun,7,0,0,38.84315422,-81.11934872,54013.0,98.46673231115489,0.0,7,7,0,0,7,7,7254,0,0,0,0,0
2020-08-19,US,West Virginia,Clay,18,1,0,38.46231092,-81.07652217,54015.0,211.56558533145275,5.5555555555555545,17,18,1,0,17,18,8632,0,0,0,0,0
2020-08-19,US,West Virginia,Doddridge,6,0,0,39.27057157,-80.70671527,54017.0,71.02272727272727,0.0,6,6,0,0,6,6,8406,0,0,0,0,0
2020-08-19,US,West Virginia,Fayette,178,7,0,38.02974928,-81.08286634,54019.0,419.7519218978446,3.9325842696629216,171,175,7,0,168,170,43018,3,0,0,3,5
2020-08-19,US,West Virginia,Gilmer,18,0,0,38.9251277,-80.85952723,54021.0,230.09075802121947,0.0,18,18,0,0,18,18,8026,0,0,0,0,0
2020-08-19,US,West Virginia,Grant,131,5,0,39.10314817,-79.19440518,54023.0,1132.4343015214386,3.816793893129771,126,131,4,0,127,131,11626,0,1,0,-1,0
2020-08-19,US,West Virginia,Greenbrier,96,3,0,37.9463652,-80.45335881,54025.0,276.9603600484681,3.125,93,96,3,0,93,96,34786,0,0,0,0,0
2020-08-19,US,West Virginia,Hampshire,90,1,0,39.32103553,-78.60826476,54027.0,388.3495145631068,1.1111111111111112,89,90,1,0,89,89,23347,0,0,0,0,1
2020-08-19,US,West Virginia,Hancock,115,0,0,40.51943859,-80.57461608,54029.0,399.16695591808406,0.0,115,114,0,0,114,114,29094,1,0,0,1,0
2020-08-19,US,West Virginia,Hardy,64,0,0,39.00683177,-78.85855301,54031.0,464.5760743321719,0.0,64,64,0,0,64,63,13775,0,0,0,0,1
2020-08-19,US,West Virginia,Harrison,248,1,0,39.2853852,-80.37919577,54033.0,368.7403354347568,0.4032258064516129,247,248,1,0,247,248,67554,0,0,0,0,0
2020-08-19,US,West Virginia,Jackson,172,19,0,38.84263974,-81.68148753,54035.0,601.9036954087346,11.046511627906975,153,169,19,0,150,168,28706,3,0,0,3,1
2020-08-19,US,West Virginia,Jefferson,310,4,0,39.30776166,-77.86014147,54037.0,542.4701641409722,1.2903225806451613,306,310,4,0,306,305,56811,0,0,0,0,5
2020-08-19,US,West Virginia,Kanawha,1122,26,0,38.33860077,-81.52857054,54039.0,629.8982731131123,2.3172905525846703,1096,1113,25,0,1088,1095,180454,9,1,0,8,18
2020-08-19,US,West Virginia,Lewis,28,2,0,38.9947249,-80.49988181,54041.0,176.02313446910165,7.142857142857142,26,28,2,0,26,28,16024,0,0,0,0,0
2020-08-19,US,West Virginia,Lincoln,111,0,0,38.172154,-82.07017953,54043.0,543.8777010142584,0.0,111,110,0,0,110,108,20599,1,0,0,1,2
2020-08-19,US,West Virginia,Logan,380,12,0,37.8299889,-81.93528571,54045.0,1186.7953402667167,3.1578947368421053,368,374,12,0,362,362,32607,6,0,0,6,12
2020-08-19,US,West Virginia,Marion,203,2,0,39.50984542,-80.24244659,54049.0,362.03452703666716,0.9852216748768472,201,202,2,0,200,199,56097,1,0,0,1,3
2020-08-19,US,West Virginia,Marshall,131,1,0,39.86064362,-80.66591062,54051.0,429.07209066195014,0.7633587786259542,130,130,1,0,129,130,30785,1,0,0,1,0
2020-08-19,US,West Virginia,Mason,77,1,0,38.77071799,-82.02524219,54053.0,290.3907074973601,1.2987012987012987,76,75,1,0,74,74,26718,2,0,0,2,1
2020-08-19,US,West Virginia,McDowell,67,0,0,37.38002939,-81.65083669,54047.0,380.1634135270086,0.0,67,67,0,0,67,67,18223,0,0,0,0,0
2020-08-19,US,West Virginia,Mercer,245,18,0,37.40481169,-81.11023142,54055.0,416.9644984512747,7.346938775510204,227,244,18,0,226,243,59131,1,0,0,1,1
2020-08-19,US,West Virginia,Mineral,129,4,0,39.41561583,-78.94104895,54057.0,480.12505582849485,3.1007751937984502,125,129,4,0,125,127,26940,0,0,0,0,2
2020-08-19,US,West Virginia,Mingo,204,5,0,37.73048351,-82.13338365,54059.0,870.9016393442622,2.4509803921568634,199,204,5,0,199,202,23785,0,0,0,0,2
2020-08-19,US,West Virginia,Monongalia,1003,5,0,39.63218457,-80.04766838,54061.0,949.7026853009128,0.4985044865403789,998,1001,5,0,996,992,106420,2,0,0,2,9
2020-08-19,US,West Virginia,Monroe,22,0,0,37.56274716,-80.54577965,54063.0,165.72504708097932,0.0,22,21,0,0,21,21,13280,1,0,0,1,0
2020-08-19,US,West Virginia,Morgan,33,0,0,39.55439028,-78.26311676,54065.0,184.522478192798,0.0,33,33,0,0,33,33,17787,0,0,0,0,0
2020-08-19,US,West Virginia,Nicholas,40,1,0,38.29617706,-80.79759588,54067.0,163.29196603527106,2.5,39,40,1,0,39,40,24842,0,0,0,0,0
2020-08-19,US,West Virginia,Ohio,285,4,0,40.0955451,-80.62203992,54069.0,688.2229359348967,1.4035087719298245,281,285,4,0,281,283,41755,0,0,0,0,2
2020-08-19,US,West Virginia,Pendleton,47,1,0,38.68314479,-79.35084086,54071.0,674.4152676137179,2.127659574468085,46,43,1,0,42,43,6997,4,0,0,4,0
2020-08-19,US,West Virginia,Pleasants,14,2,0,39.37091679,-81.16771771,54073.0,187.66756032171585,14.285714285714285,12,14,2,0,12,14,7507,0,0,0,0,0
2020-08-19,US,West Virginia,Pocahontas,42,0,0,38.32758728,-80.00993811,54075.0,509.2761004001455,0.0,42,42,0,0,42,42,8414,0,0,0,0,0
2020-08-19,US,West Virginia,Preston,131,4,0,39.46770987,-79.66712803,54077.0,391.8401531466858,3.053435114503817,127,131,4,0,127,130,33839,0,0,0,0,1
2020-08-19,US,West Virginia,Putnam,228,0,0,38.50782345,-81.9082131,54079.0,403.89725420726313,0.0,228,227,0,0,227,225,56682,1,0,0,1,2
2020-08-19,US,West Virginia,Raleigh,310,2,0,37.76936795,-81.2456041,54081.0,422.56784940227095,0.6451612903225806,308,304,1,0,303,304,74254,6,1,0,5,0
2020-08-19,US,West Virginia,Randolph,218,0,0,38.769899,-79.87919615,54083.0,759.7142359296045,0.0,218,217,0,0,217,214,28823,1,0,0,1,3
2020-08-19,US,West Virginia,Ritchie,3,0,0,39.18094587,-81.06356878,54085.0,31.400460540087924,0.0,3,3,0,0,3,3,9721,0,0,0,0,0
2020-08-19,US,West Virginia,Roane,20,1,0,38.71622686,-81.35243568,54087.0,146.11338398597312,5.0,19,20,1,0,19,20,13932,0,0,0,0,0
2020-08-19,US,West Virginia,Summers,19,0,0,37.65390597,-80.86009693,54089.0,151.1174739521196,0.0,19,19,0,0,19,19,12760,0,0,0,0,0
2020-08-19,US,West Virginia,Taylor,86,1,0,39.33602617,-80.0421439,54091.0,515.1242887091944,1.162790697674419,85,84,1,0,83,81,16862,2,0,0,2,3
2020-08-19,US,West Virginia,Tucker,11,0,0,39.11240885,-79.57053576,54093.0,160.84222839596433,0.0,11,11,0,0,11,11,6955,0,0,0,0,0
2020-08-19,US,West Virginia,Tyler,15,0,0,39.46811972,-80.88772676,54095.0,174.60132697008495,0.0,15,15,0,0,15,15,8746,0,0,0,0,0
2020-08-19,US,West Virginia,Upshur,40,0,0,38.89285061,-80.23689136,54097.0,165.45334215751157,0.0,40,40,0,0,40,40,24415,0,0,0,0,0
2020-08-19,US,West Virginia,Wayne,221,9,0,38.14901357,-82.42287994,54099.0,560.8852342520685,4.072398190045249,212,221,9,0,212,221,39944,0,0,0,0,0
2020-08-19,US,West Virginia,Webster,7,0,0,38.49370949,-80.4202023,54101.0,86.27064333251171,0.0,7,6,0,0,6,4,8285,1,0,0,1,2
2020-08-19,US,West Virginia,Wetzel,45,0,0,39.6065771,-80.64016540000001,54103.0,298.70560902754727,0.0,45,45,0,0,45,45,15270,0,0,0,0,0
2020-08-19,US,West Virginia,Wirt,7,0,0,39.02775007,-81.37473928,54105.0,120.25425184676172,0.0,7,7,0,0,7,7,5830,0,0,0,0,0
2020-08-19,US,West Virginia,Wood,290,5,0,39.20967886,-81.5162836,54107.0,347.2305371297205,1.7241379310344829,285,285,5,0,280,283,84203,5,0,0,5,2
2020-08-19,US,West Virginia,Wyoming,48,2,0,37.612327,-81.54511071,54109.0,235.36334215945863,4.166666666666667,46,48,2,0,46,48,20786,0,0,0,0,0
2020-08-19,US,Wisconsin,Adams,96,2,0,43.96974651,-89.76782777,55001.0,474.7774480712167,2.083333333333333,94,94,2,0,92,94,20348,2,0,0,2,0
2020-08-19,US,Wisconsin,Ashland,30,1,0,46.31956891,-90.67837132,55003.0,192.77727798483485,3.333333333333333,29,30,1,0,29,30,15600,0,0,0,0,0
2020-08-19,US,Wisconsin,Barron,343,3,0,45.42372701,-91.84833627,55005.0,758.1115728052339,0.8746355685131195,340,328,3,0,325,328,45164,15,0,0,15,0
2020-08-19,US,Wisconsin,Bayfield,39,1,0,46.52868768,-91.19716729,55007.0,259.3774940143656,2.5641025641025643,38,37,1,0,36,37,15042,2,0,0,2,0
2020-08-19,US,Wisconsin,Brown,4656,56,0,44.452655299999996,-88.00411844,55009.0,1760.022983117993,1.2027491408934707,4600,4505,55,0,4450,4505,263378,151,1,0,150,0
2020-08-19,US,Wisconsin,Buffalo,49,2,0,44.37835084,-91.75332578,55011.0,376.0263985879825,4.081632653061225,47,47,2,0,45,47,13125,2,0,0,2,0
2020-08-19,US,Wisconsin,Burnett,29,1,0,45.86303537,-92.36711412,55013.0,188.14065135591025,3.4482758620689653,28,28,1,0,27,28,15392,1,0,0,1,0
2020-08-19,US,Wisconsin,Calumet,412,2,0,44.0816316,-88.21780273,55015.0,822.5358861227015,0.4854368932038835,410,402,2,0,400,402,50159,10,0,0,10,0
2020-08-19,US,Wisconsin,Chippewa,284,0,0,45.06939744,-91.28068855,55017.0,439.23412416097005,0.0,284,279,0,0,279,279,64135,5,0,0,5,0
2020-08-19,US,Wisconsin,Clark,202,8,0,44.73483377,-90.61207486,55019.0,580.8937712083741,3.96039603960396,194,200,8,0,192,200,34709,2,0,0,2,0
2020-08-19,US,Wisconsin,Columbia,297,2,0,43.46492199,-89.33589004,55021.0,516.2344434401723,0.6734006734006734,295,291,2,0,289,291,57358,6,0,0,6,0
2020-08-19,US,Wisconsin,Crawford,93,0,0,43.23870316,-90.93073686,55023.0,576.5296633810675,0.0,93,90,0,0,90,90,16291,3,0,0,3,0
2020-08-19,US,Wisconsin,Dane,4924,39,0,43.06601594,-89.41733797,55025.0,900.6850254712407,0.7920389926888708,4885,4874,39,0,4835,4874,542364,50,0,0,50,0
2020-08-19,US,Wisconsin,Dodge,967,5,0,43.41576662,-88.70928178,55027.0,1100.877742232949,0.5170630816959669,962,942,5,0,937,942,87847,25,0,0,25,0
2020-08-19,US,Wisconsin,Door,121,3,0,44.95856458,-87.30002707,55029.0,437.3283215266733,2.479338842975207,118,118,3,0,115,118,27610,3,0,0,3,0
2020-08-19,US,Wisconsin,Douglas,231,0,0,46.43222285,-91.91595768,55031.0,535.3418308227115,0.0,231,225,0,0,225,225,43208,6,0,0,6,0
2020-08-19,US,Wisconsin,Dunn,147,0,0,44.94562799,-91.8962481,55033.0,324.0169282313525,0.0,147,142,0,0,142,142,45131,5,0,0,5,0
2020-08-19,US,Wisconsin,Eau Claire,679,4,0,44.726614,-91.28609183,55035.0,648.8542323643522,0.5891016200294551,675,668,4,0,664,668,104534,11,0,0,11,0
2020-08-19,US,Wisconsin,Florence,17,0,0,45.84963535,-88.39804137,55037.0,395.8090803259604,0.0,17,16,0,0,16,16,4321,1,0,0,1,0
2020-08-19,US,Wisconsin,Fond du Lac,815,8,0,43.75354908,-88.48885325,55039.0,788.1782926994383,0.98159509202454,807,791,8,0,783,791,103066,24,0,0,24,0
2020-08-19,US,Wisconsin,Forest,62,4,0,45.66678019,-88.77084892,55041.0,688.5828520657484,6.451612903225807,58,61,4,0,57,61,8991,1,0,0,1,0
2020-08-19,US,Wisconsin,Grant,409,16,0,42.8671731,-90.7063218,55043.0,795.1165458115437,3.9119804400977993,393,398,16,0,382,398,51554,11,0,0,11,0
2020-08-19,US,Wisconsin,Green,225,1,0,42.6794956,-89.60243287,55045.0,608.7662337662338,0.4444444444444444,224,220,1,0,219,220,36929,5,0,0,5,0
2020-08-19,US,Wisconsin,Green Lake,65,0,0,43.80025981,-89.04679553,55047.0,343.6789509860942,0.0,65,63,0,0,63,63,18918,2,0,0,2,0
2020-08-19,US,Wisconsin,Iowa,105,0,0,43.00050278,-90.13469017,55049.0,443.44961567699966,0.0,105,100,0,0,100,100,23771,5,0,0,5,0
2020-08-19,US,Wisconsin,Iron,92,1,0,46.26302338,-90.24295041,55051.0,1617.7246351327594,1.0869565217391304,91,85,1,0,84,85,5676,7,0,0,7,0
2020-08-19,US,Wisconsin,Jackson,65,1,0,44.31864893,-90.80566792,55053.0,314.8767136559609,1.5384615384615383,64,62,1,0,61,62,20478,3,0,0,3,0
2020-08-19,US,Wisconsin,Jefferson,748,6,0,43.02054068,-88.77529134,55055.0,882.3980464556619,0.8021390374331551,742,732,5,0,727,732,85129,16,1,0,15,0
2020-08-19,US,Wisconsin,Juneau,155,1,0,43.92456975,-90.11120239,55057.0,580.807134559898,0.6451612903225806,154,152,1,0,151,152,26617,3,0,0,3,0
2020-08-19,US,Wisconsin,Kenosha,2813,60,0,42.57639354,-88.04051686,55059.0,1658.989980007195,2.1329541414859583,2753,2792,60,0,2732,2792,169290,21,0,0,21,0
2020-08-19,US,Wisconsin,Kewaunee,149,2,0,44.51727459,-87.61468386,55061.0,729.1768620925908,1.342281879194631,147,143,2,0,141,143,20383,6,0,0,6,0
2020-08-19,US,Wisconsin,La Crosse,987,1,0,43.90632465,-91.11451093,55063.0,836.3272776572667,0.10131712259371832,986,973,1,0,972,973,118230,14,0,0,14,0
2020-08-19,US,Wisconsin,Lafayette,177,0,0,42.66005229,-90.1317729,55065.0,1062.106210621062,0.0,177,172,0,0,172,172,16665,5,0,0,5,0
2020-08-19,US,Wisconsin,Langlade,74,1,0,45.26271619,-89.07483625,55067.0,385.63760487779456,1.351351351351351,73,74,1,0,73,74,19268,0,0,0,0,0
2020-08-19,US,Wisconsin,Lincoln,73,1,0,45.33737523,-89.73411273,55069.0,264.5598521364114,1.3698630136986298,72,73,0,0,73,73,27689,0,1,0,-1,0
2020-08-19,US,Wisconsin,Manitowoc,424,1,0,44.11946801,-87.80928853,55071.0,536.8379736898747,0.2358490566037736,423,406,1,0,405,406,79074,18,0,0,18,0
2020-08-19,US,Wisconsin,Marathon,717,12,0,44.89792533,-89.75863384,55073.0,528.4025587359608,1.6736401673640169,705,703,12,0,691,703,135428,14,0,0,14,0
2020-08-19,US,Wisconsin,Marinette,523,5,0,45.38553432,-88.03324599999998,55075.0,1296.1586121437422,0.9560229445506692,518,501,5,0,496,501,40434,22,0,0,22,0
2020-08-19,US,Wisconsin,Marquette,81,1,0,43.81911946,-89.40073763,55077.0,520.0975985617054,1.2345679012345678,80,81,1,0,80,81,15434,0,0,0,0,0
2020-08-19,US,Wisconsin,Menominee,26,0,0,45.00422544,-88.70950714,55078.0,570.6760316066725,0.0,26,26,0,0,26,26,4658,0,0,0,0,0
2020-08-19,US,Wisconsin,Milwaukee,22556,474,0,43.00486062,-87.96733172,55079.0,2385.045985835221,2.1014364248980315,22082,22334,466,0,21868,22334,948201,222,8,0,214,0
2020-08-19,US,Wisconsin,Monroe,254,2,0,43.94641218,-90.61881899999999,55081.0,549.1535684171838,0.7874015748031497,252,254,2,0,252,254,46051,0,0,0,0,0
2020-08-19,US,Wisconsin,Oconto,321,1,0,45.02715345,-88.26807503,55083.0,846.2958080674927,0.3115264797507788,320,290,1,0,289,290,37830,31,0,0,31,0
2020-08-19,US,Wisconsin,Oneida,186,0,0,45.70677897,-89.51944105,55085.0,522.5453013063633,0.0,186,179,0,0,179,179,35470,7,0,0,7,0
2020-08-19,US,Wisconsin,Outagamie,1454,16,0,44.41578887,-88.46565023,55087.0,773.8776379168107,1.1004126547455295,1438,1401,14,0,1387,1401,187365,53,2,0,51,0
2020-08-19,US,Wisconsin,Ozaukee,815,18,0,43.38352225,-87.94625009,55089.0,913.4620773136368,2.208588957055215,797,784,18,0,766,784,89147,31,0,0,31,0
2020-08-19,US,Wisconsin,Pepin,46,0,0,44.58307413,-91.99949611,55091.0,631.2611499931385,0.0,46,46,0,0,46,46,7289,0,0,0,0,0
2020-08-19,US,Wisconsin,Pierce,253,4,0,44.71850291,-92.4224416,55093.0,591.7574963746082,1.5810276679841897,249,247,4,0,243,247,42555,6,0,0,6,0
2020-08-19,US,Wisconsin,Polk,147,2,0,45.46130348,-92.44182875,55095.0,335.7467510220862,1.3605442176870748,145,143,2,0,141,143,43598,4,0,0,4,0
2020-08-19,US,Wisconsin,Portage,481,0,0,44.47558711,-89.50152965,55097.0,679.6473181484203,0.0,481,470,0,0,470,470,70942,11,0,0,11,0
2020-08-19,US,Wisconsin,Price,33,0,0,45.68051754,-90.36098879999999,55099.0,247.17249644221405,0.0,33,33,0,0,33,33,13397,0,0,0,0,0
2020-08-19,US,Wisconsin,Racine,3745,84,0,42.74753117,-88.05941254,55101.0,1907.6872921028366,2.2429906542056077,3661,3689,81,0,3608,3689,196584,56,3,0,53,0
2020-08-19,US,Wisconsin,Richland,38,4,0,43.3762778,-90.43012729,55103.0,220.26431718061679,10.526315789473683,34,38,4,0,34,38,17377,0,0,0,0,0
2020-08-19,US,Wisconsin,Rock,1506,26,0,42.67151616,-89.07147900000002,55105.0,921.9241646975281,1.7264276228419655,1480,1494,26,0,1468,1494,163129,12,0,0,12,0
2020-08-19,US,Wisconsin,Rusk,22,1,0,45.47498854,-91.1333012,55107.0,155.16998166172942,4.545454545454546,21,23,1,0,22,23,14147,-1,0,0,-1,0
2020-08-19,US,Wisconsin,Sauk,537,3,0,43.42574087,-89.94966132,55111.0,833.3074702833555,0.5586592178770949,534,513,3,0,510,513,64249,24,0,0,24,0
2020-08-19,US,Wisconsin,Sawyer,120,0,0,45.87931905,-91.14504927,55113.0,724.7252083584973,0.0,120,113,0,0,113,113,16489,7,0,0,7,0
2020-08-19,US,Wisconsin,Shawano,224,0,0,44.78902246,-88.76443896,55115.0,547.6906525831928,0.0,224,221,0,0,221,221,40796,3,0,0,3,0
2020-08-19,US,Wisconsin,Sheboygan,893,8,0,43.72099677,-87.94579284,55117.0,774.2327033119471,0.8958566629339306,885,850,8,0,842,850,115456,43,0,0,43,0
2020-08-19,US,Wisconsin,St. Croix,552,6,0,45.03437474,-92.45000068,55109.0,608.6870223957127,1.0869565217391304,546,544,6,0,538,544,89694,8,0,0,8,0
2020-08-19,US,Wisconsin,Taylor,77,2,0,45.21179252,-90.5004405,55119.0,378.5085778892002,2.5974025974025974,75,78,2,0,76,78,20412,-1,0,0,-1,0
2020-08-19,US,Wisconsin,Trempealeau,387,2,0,44.30360275,-91.35893614,55121.0,1305.271678640089,0.5167958656330749,385,370,2,0,368,370,29442,17,0,0,17,0
2020-08-19,US,Wisconsin,Vernon,79,0,0,43.59422667,-90.8324691,55123.0,256.31042761663747,0.0,79,77,0,0,77,77,30785,2,0,0,2,0
2020-08-19,US,Wisconsin,Vilas,83,0,0,46.05467334,-89.51719204,55125.0,373.95809867087183,0.0,83,74,0,0,74,74,21938,9,0,0,9,0
2020-08-19,US,Wisconsin,Walworth,1534,25,0,42.66858202,-88.54163073,55127.0,1476.874494550776,1.6297262059973925,1509,1516,25,0,1491,1516,103718,18,0,0,18,0
2020-08-19,US,Wisconsin,Washburn,51,0,0,45.89838588,-91.79050449,55129.0,324.42748091603056,0.0,51,50,0,0,50,50,15878,1,0,0,1,0
2020-08-19,US,Wisconsin,Washington,1320,24,0,43.36863664,-88.22974712,55131.0,970.3456488818973,1.818181818181818,1296,1259,23,0,1236,1259,135693,61,1,0,60,0
2020-08-19,US,Wisconsin,Waukesha,4998,69,0,43.01833055,-88.30431188,55133.0,1236.5226943230791,1.3805522208883554,4929,4854,65,0,4789,4854,403072,144,4,0,140,0
2020-08-19,US,Wisconsin,Waupaca,554,16,0,44.47068056,-88.96534501,55135.0,1086.4875465777602,2.888086642599278,538,531,16,0,515,531,51128,23,0,0,23,0
2020-08-19,US,Wisconsin,Waushara,128,1,0,44.11324419,-89.24317107,55137.0,523.6673076136317,0.78125,127,128,1,0,127,128,24263,0,0,0,0,0
2020-08-19,US,Wisconsin,Winnebago,1309,19,0,44.06886922,-88.64477096,55139.0,761.4582303222091,1.4514896867838043,1290,1288,19,0,1269,1288,171020,21,0,0,21,0
2020-08-19,US,Wisconsin,Wood,389,2,0,44.45537896,-90.04158336,55141.0,532.8840121097551,0.5141388174807198,387,381,2,0,379,381,73055,8,0,0,8,0
2020-08-19,US,Wyoming,Albany,105,0,0,41.65498705,-105.72354150000001,56001.0,270.06172839506166,0.0,105,104,0,0,104,103,38601,1,0,0,1,1
2020-08-19,US,Wyoming,Big Horn,38,0,0,44.52405055,-107.9960365,56003.0,322.30703986429177,0.0,38,39,0,0,39,39,11881,-1,0,0,-1,0
2020-08-19,US,Wyoming,Campbell,152,0,0,44.24886082,-105.54744040000001,56005.0,328.0032800328003,0.0,152,150,0,0,150,148,46140,2,0,0,2,2
2020-08-19,US,Wyoming,Carbon,180,0,0,41.69357844,-106.9326084,56007.0,1216.2162162162165,0.0,180,171,0,0,171,169,14971,9,0,0,9,2
2020-08-19,US,Wyoming,Converse,34,0,0,42.97272268,-105.5081848,56009.0,245.9846621328317,0.0,34,33,0,0,33,33,13640,1,0,0,1,0
2020-08-19,US,Wyoming,Crook,13,0,0,44.58855102,-104.56977049999999,56011.0,171.41350210970464,0.0,13,11,0,0,11,11,7450,2,0,0,2,0
2020-08-19,US,Wyoming,Fremont,551,0,0,43.04183996,-108.6296893,56013.0,1403.4283385548001,0.0,551,535,0,0,535,533,39531,16,0,0,16,2
2020-08-19,US,Wyoming,Goshen,40,0,0,42.08798185,-104.3534743,56015.0,302.7779880402694,0.0,40,39,0,0,39,39,13376,1,0,0,1,0
2020-08-19,US,Wyoming,Hot Springs,23,0,0,43.71930657,-108.44231740000001,56017.0,521.1874008610922,0.0,23,23,0,0,23,23,4555,0,0,0,0,0
2020-08-19,US,Wyoming,Johnson,26,1,0,44.04057166,-106.58451740000001,56019.0,307.8744819419775,3.8461538461538463,25,26,1,0,25,25,8460,0,0,0,0,1
2020-08-19,US,Wyoming,Laramie,533,0,0,41.30702520000001,-104.6887497,56021.0,535.678391959799,0.0,533,528,0,0,528,523,98976,5,0,0,5,5
2020-08-19,US,Wyoming,Lincoln,104,0,0,42.26376367,-110.6563997,56023.0,524.457892082703,0.0,104,104,0,0,104,104,19434,0,0,0,0,0
2020-08-19,US,Wyoming,Natrona,251,0,0,42.96180148,-106.79788500000001,56025.0,314.3078965163165,0.0,251,249,0,0,249,248,79115,2,0,0,2,1
2020-08-19,US,Wyoming,Niobrara,2,0,0,43.05607708,-104.47588959999999,56027.0,84.88964346349746,0.0,2,2,0,0,2,2,2388,0,0,0,0,0
2020-08-19,US,Wyoming,Park,152,0,0,44.52157546,-109.58528249999999,56029.0,520.6549290950195,0.0,152,148,0,0,148,146,29324,4,0,0,4,2
2020-08-19,US,Wyoming,Platte,7,0,0,42.13299116,-104.96633100000001,56031.0,83.40283569641367,0.0,7,7,0,0,7,6,8566,0,0,0,0,1
2020-08-19,US,Wyoming,Sheridan,101,0,0,44.79048913,-106.8862389,56033.0,331.3104805642119,0.0,101,91,0,0,91,86,30233,10,0,0,10,5
2020-08-19,US,Wyoming,Sublette,41,0,0,42.76558279,-109.91309220000001,56035.0,417.04811311158585,0.0,41,40,0,0,40,40,9813,1,0,0,1,0
2020-08-19,US,Wyoming,Sweetwater,285,0,0,41.65943896,-108.8827882,56037.0,673.074652244763,0.0,285,279,0,0,279,278,43051,6,0,0,6,1
2020-08-19,US,Wyoming,Teton,394,0,0,43.93522482,-110.5890801,56039.0,1679.1680872826455,0.0,394,393,0,0,393,390,23081,1,0,0,1,3
2020-08-19,US,Wyoming,Uinta,283,0,0,41.2878183,-110.54757820000002,56041.0,1399.189162464155,0.0,283,278,0,0,278,277,20299,5,0,0,5,1
2020-08-19,US,Wyoming,Unassigned,0,33,0,0.0,0.0,90056.0,0.0,0.0,-33,0,29,0,-29,0,,0,4,0,-4,0
2020-08-19,US,Wyoming,Washakie,104,0,0,43.90451606,-107.68018700000002,56043.0,1332.4791800128125,0.0,104,102,0,0,102,100,7885,2,0,0,2,2
2020-08-19,US,Wyoming,Weston,12,0,0,43.83961191,-104.56748809999999,56045.0,0.0,0.0,12,8,0,0,8,8,6967,4,0,0,4,0
