Date,Country/Region,Province/State,Admin2,Confirmed,Deaths,Recovered,Latitude,Longitude,FIPS,Incidence_Rate,Case-Fatality_Ratio,Active Cases,Previous Confirmed,Previous Deaths,Previous Recovered,Previous Active,Prev2 Confirmed,Population,Daily Confirmed,Daily Deaths,Daily Recovered,Daily Active,Previous Daily Confirmed
2020-07-24,US,Alabama,Autauga,891,20,0,32.53952745,-86.64408227,1001.0,1594.8021264028355,2.2446689113355784,871,877,20,0,857,863,55601,14,0,0,14,14
2020-07-24,US,Alabama,Baldwin,2473,17,0,30.72774991,-87.72207058,1003.0,1107.806158560076,0.6874241811564901,2456,2423,16,0,2407,2164,218022,50,1,0,49,259
2020-07-24,US,Alabama,Barbour,507,4,0,31.868263,-85.3871286,1005.0,2053.7956736611845,0.7889546351084813,503,501,4,0,497,487,24881,6,0,0,6,14
2020-07-24,US,Alabama,Bibb,297,2,0,32.99642064,-87.12511459999996,1007.0,1326.2481021702242,0.6734006734006734,295,284,2,0,282,282,22400,13,0,0,13,2
2020-07-24,US,Alabama,Blount,552,1,0,33.98210918,-86.56790593,1009.0,954.5879016359423,0.18115942028985507,551,528,1,0,527,498,57840,24,0,0,24,30
2020-07-24,US,Alabama,Bullock,406,11,0,32.10030533,-85.71265535,1011.0,4019.404019404019,2.70935960591133,395,403,11,0,392,402,10138,3,0,0,3,1
2020-07-24,US,Alabama,Butler,702,34,0,31.75300095,-86.68057478,1013.0,3609.625668449197,4.843304843304844,668,698,34,0,664,693,19680,4,0,0,4,5
2020-07-24,US,Alabama,Calhoun,970,6,0,33.77483727,-85.82630386,1015.0,853.8356586417851,0.6185567010309279,964,908,6,0,902,870,114277,62,0,0,62,38
2020-07-24,US,Alabama,Chambers,759,37,0,32.91360079,-85.39072749,1017.0,2282.4321886088887,4.874835309617918,722,756,34,0,722,748,33615,3,3,0,0,8
2020-07-24,US,Alabama,Cherokee,191,7,0,34.17805983,-85.60638968,1019.0,729.1189494579326,3.6649214659685865,184,181,7,0,174,174,26032,10,0,0,10,7
2020-07-24,US,Alabama,Chilton,547,4,0,32.85044126,-86.7173256,1021.0,1231.2055460520392,0.7312614259597806,543,527,4,0,523,507,44153,20,0,0,20,20
2020-07-24,US,Alabama,Choctaw,253,12,0,32.02227341,-88.26564429999998,1023.0,2009.6910000794346,4.743083003952568,241,245,12,0,233,244,12841,8,0,0,8,1
2020-07-24,US,Alabama,Clarke,425,9,0,31.68099859,-87.83548597,1025.0,1799.1702650071963,2.117647058823529,416,416,9,0,407,403,23920,9,0,0,9,13
2020-07-24,US,Alabama,Clay,140,3,0,33.26984193,-85.85836077,1027.0,1057.8012844729885,2.142857142857143,137,136,2,0,134,135,13275,4,1,0,3,1
2020-07-24,US,Alabama,Cleburne,89,1,0,33.67679204,-85.52005899,1029.0,596.914822266935,1.1235955056179776,88,84,1,0,83,82,14987,5,0,0,5,2
2020-07-24,US,Alabama,Coffee,595,5,0,31.39932826,-85.98901039,1031.0,1136.754422834435,0.8403361344537815,590,591,5,0,586,555,51909,4,0,0,4,36
2020-07-24,US,Alabama,Colbert,843,10,0,34.69847452,-87.80168544,1033.0,1526.0404409768107,1.1862396204033214,833,823,10,0,813,805,54762,20,0,0,20,18
2020-07-24,US,Alabama,Conecuh,319,9,0,31.43401703,-86.99320044,1035.0,2643.573381950775,2.8213166144200628,310,310,9,0,301,299,12277,9,0,0,9,11
2020-07-24,US,Alabama,Coosa,78,2,0,32.93690146,-86.24847739,1037.0,731.5014536246832,2.5641025641025643,76,74,2,0,72,74,10715,4,0,0,4,0
2020-07-24,US,Alabama,Covington,606,18,0,31.247785399999998,-86.45050893,1039.0,1635.6716780479903,2.9702970297029703,588,587,18,0,569,577,36986,19,0,0,19,10
2020-07-24,US,Alabama,Crenshaw,219,3,0,31.72941803,-86.31593104,1041.0,1590.1829799593381,1.3698630136986298,216,210,3,0,207,205,13824,9,0,0,9,5
2020-07-24,US,Alabama,Cullman,911,8,0,34.13020303,-86.86888037,1043.0,1087.5274567854074,0.8781558726673985,903,888,7,0,881,859,83442,23,1,0,22,29
2020-07-24,US,Alabama,Dale,611,16,0,31.43037123,-85.61095742,1045.0,1242.5770763849346,2.6186579378068737,595,587,8,0,579,568,48956,24,8,0,16,19
2020-07-24,US,Alabama,Dallas,1170,18,0,32.32688101,-87.10866709999998,1047.0,3145.4995160769977,1.5384615384615383,1152,1173,18,0,1155,1158,38310,-3,0,0,-3,15
2020-07-24,US,Alabama,DeKalb,1426,9,0,34.45946862,-85.80782906,1049.0,1994.0430411253892,0.6311360448807855,1417,1407,9,0,1398,1361,71385,19,0,0,19,46
2020-07-24,US,Alabama,Elmore,1394,34,0,32.59785413,-86.14415284,1051.0,1716.5585095248066,2.4390243902439024,1360,1371,33,0,1338,1313,81887,23,1,0,22,58
2020-07-24,US,Alabama,Escambia,772,14,0,31.1256789,-87.15918694,1053.0,2107.389512188464,1.8134715025906736,758,744,15,0,729,697,36748,28,-1,0,29,47
2020-07-24,US,Alabama,Etowah,1546,16,0,34.04567266,-86.04051873,1055.0,1511.7143192396454,1.034928848641656,1530,1495,16,0,1479,1440,102501,51,0,0,51,55
2020-07-24,US,Alabama,Fayette,132,5,0,33.72076938,-87.73886638,1057.0,809.7165991902832,3.787878787878788,127,128,5,0,123,124,16433,4,0,0,4,4
2020-07-24,US,Alabama,Franklin,1064,17,0,34.44235334,-87.84289505,1059.0,3392.6407754607485,1.5977443609022557,1047,1051,17,0,1034,1044,31363,13,0,0,13,7
2020-07-24,US,Alabama,Geneva,178,0,0,31.09389027,-85.83572839,1061.0,677.553195538807,0.0,178,167,0,0,167,158,26314,11,0,0,11,9
2020-07-24,US,Alabama,Greene,231,10,0,32.85504247,-87.95684022,1063.0,2847.9842189619035,4.329004329004329,221,228,10,0,218,225,8233,3,0,0,3,3
2020-07-24,US,Alabama,Hale,409,22,0,32.76039258,-87.63284988,1065.0,2791.6183195686303,5.378973105134474,387,409,22,0,387,403,14726,0,0,0,0,6
2020-07-24,US,Alabama,Henry,203,3,0,31.51148016,-85.24267944,1067.0,1179.8895669863412,1.477832512315271,200,201,3,0,198,198,17209,2,0,0,2,3
2020-07-24,US,Alabama,Houston,1023,9,0,31.15197924,-85.29939599,1069.0,966.1698872329573,0.8797653958944281,1014,1002,8,0,994,950,104722,21,1,0,20,52
2020-07-24,US,Alabama,Jackson,625,3,0,34.78144169,-85.99750489,1071.0,1210.6303025607249,0.48,622,613,3,0,610,597,51736,12,0,0,12,16
2020-07-24,US,Alabama,Jefferson,9809,197,0,33.55554728,-86.89506300000002,1073.0,1489.4324547164856,2.0083596696911,9612,9552,197,0,9355,9275,659300,257,0,0,257,277
2020-07-24,US,Alabama,Lamar,159,1,0,33.77995024,-88.09668032,1075.0,1151.7566099239407,0.6289308176100629,158,154,1,0,153,145,13844,5,0,0,5,9
2020-07-24,US,Alabama,Lauderdale,857,9,0,34.90171875,-87.65624729,1077.0,924.1984708127986,1.0501750291715286,848,826,9,0,817,815,92387,31,0,0,31,11
2020-07-24,US,Alabama,Lawrence,227,0,0,34.52041498,-87.31069453,1079.0,689.4666504677439,0.0,227,216,0,0,216,210,32957,11,0,0,11,6
2020-07-24,US,Alabama,Lee,2194,40,0,32.60154883,-85.35132246,1081.0,1333.39815974037,1.823154056517776,2154,2172,40,0,2132,2117,163941,22,0,0,22,55
2020-07-24,US,Alabama,Limestone,970,9,0,34.81185586,-86.98310072,1083.0,980.6399433857354,0.9278350515463918,961,946,7,0,939,930,96174,24,2,0,22,16
2020-07-24,US,Alabama,Lowndes,528,24,0,32.1597283,-86.65158371,1085.0,5428.747686613202,4.545454545454546,504,524,24,0,500,524,9974,4,0,0,4,0
2020-07-24,US,Alabama,Macon,279,12,0,32.38759944,-85.69267724,1087.0,1544.1664821784368,4.301075268817204,267,276,12,0,264,269,18439,3,0,0,3,7
2020-07-24,US,Alabama,Madison,4040,21,0,34.76327133,-86.55069633,1089.0,1083.374228028822,0.5198019801980198,4019,3886,16,0,3870,3741,366519,154,5,0,149,145
2020-07-24,US,Alabama,Marengo,459,11,0,32.24767634,-87.78796182,1091.0,2433.3351004612205,2.396514161220044,448,451,11,0,440,438,19066,8,0,0,8,13
2020-07-24,US,Alabama,Marion,461,22,0,34.13697363,-87.88704173,1093.0,1551.7183345114277,4.772234273318872,439,449,21,0,428,441,29763,12,1,0,11,8
2020-07-24,US,Alabama,Marshall,2585,25,0,34.36975964,-86.30486727,1095.0,2671.172009010685,0.9671179883945842,2560,2546,21,0,2525,2461,96109,39,4,0,35,85
2020-07-24,US,Alabama,Mobile,6901,170,0,30.78472347,-88.20842409,1097.0,1670.0951090244669,2.4634110998406027,6731,6797,170,0,6627,6443,413757,104,0,0,104,354
2020-07-24,US,Alabama,Monroe,343,3,0,31.56729412,-87.36995001,1099.0,1654.3674335600253,0.8746355685131195,340,347,3,0,344,332,21067,-4,0,0,-4,15
2020-07-24,US,Alabama,Montgomery,5522,134,0,32.2206831,-86.20969272,1101.0,2438.1197954840477,2.426657008330315,5388,5429,130,0,5299,5329,225763,93,4,0,89,100
2020-07-24,US,Alabama,Morgan,1864,12,0,34.45500589,-86.85475946,1103.0,1557.4996448833965,0.6437768240343348,1852,1830,11,0,1819,1784,119089,34,1,0,33,46
2020-07-24,US,Alabama,Perry,366,3,0,32.64048341,-87.29770589,1105.0,4101.759497926706,0.819672131147541,363,359,3,0,356,351,9140,7,0,0,7,8
2020-07-24,US,Alabama,Pickens,323,9,0,33.28094866,-88.08818103,1107.0,1620.6723532363271,2.7863777089783284,314,314,9,0,305,312,19938,9,0,0,9,2
2020-07-24,US,Alabama,Pike,579,7,0,31.80396383,-85.9408295,1109.0,1748.5051639789817,1.2089810017271156,572,572,7,0,565,562,33338,7,0,0,7,10
2020-07-24,US,Alabama,Randolph,354,10,0,33.29526734,-85.45708831,1111.0,1557.961447055717,2.824858757062147,344,348,10,0,338,338,22725,6,0,0,6,10
2020-07-24,US,Alabama,Russell,1006,1,0,32.28725256,-85.18415324,1113.0,1735.6498335087383,0.09940357852882704,1005,991,1,0,990,965,57781,15,0,0,15,26
2020-07-24,US,Alabama,Shelby,2533,28,0,33.26879845,-86.66232561,1117.0,1163.517101358738,1.1054086063955784,2505,2459,28,0,2431,2398,215707,74,0,0,74,61
2020-07-24,US,Alabama,St. Clair,938,7,0,33.71902176,-86.31029372,1115.0,1047.9041916167664,0.746268656716418,931,910,7,0,903,885,88690,28,0,0,28,25
2020-07-24,US,Alabama,Sumter,330,14,0,32.59117397,-88.19916205,1119.0,2655.508167699364,4.242424242424242,316,324,14,0,310,325,12691,6,0,0,6,-1
2020-07-24,US,Alabama,Talladega,671,8,0,33.37823223,-86.16886178,1121.0,838.9807196979169,1.1922503725782414,663,652,8,0,644,629,79828,19,0,0,19,23
2020-07-24,US,Alabama,Tallapoosa,747,78,0,32.86698258,-85.79833053,1123.0,1850.5214655535465,10.44176706827309,669,733,75,0,658,724,40497,14,3,0,11,9
2020-07-24,US,Alabama,Tuscaloosa,3411,57,0,33.28726072,-87.52556818,1125.0,1629.289962026223,1.6710642040457344,3354,3328,57,0,3271,3282,208911,83,0,0,83,46
2020-07-24,US,Alabama,Unassigned,1640,43,0,0.0,0.0,90001.0,0.0,2.6219512195121952,1597,1516,40,0,1476,1400,,124,3,0,121,116
2020-07-24,US,Alabama,Walker,1338,55,0,33.80270512,-87.30027177,1127.0,2106.390012751689,4.110612855007473,1283,1293,54,0,1239,1271,63711,45,1,0,44,22
2020-07-24,US,Alabama,Washington,262,10,0,31.4092794,-88.20689944,1129.0,1604.8021560700722,3.816793893129771,252,245,9,0,236,234,16378,17,1,0,16,11
2020-07-24,US,Alabama,Wilcox,375,9,0,31.98773215,-87.30891118,1131.0,3615.1547286223854,2.4,366,368,9,0,359,363,10627,7,0,0,7,5
2020-07-24,US,Alabama,Winston,377,10,0,34.15030532,-87.37325922,1133.0,1595.4970586990564,2.6525198938992043,367,373,9,0,364,358,23660,4,1,0,3,15
2020-07-24,US,Alaska,Aleutians East,1,0,0,55.32222414,-161.9722021,2013.0,29.96703626011388,0.0,1,1,0,0,1,1,3515,0,0,0,0,0
2020-07-24,US,Alaska,Aleutians West,1,0,0,52.3233,-174.1596,2016.0,17.749378771742986,0.0,1,1,0,0,1,1,5723,0,0,0,0,0
2020-07-24,US,Alaska,Anchorage,1129,9,0,61.14998174,-149.14269860000005,2020.0,392.01388888888886,0.7971656333038086,1120,1098,9,0,1089,1068,291538,31,0,0,31,30
2020-07-24,US,Alaska,Bethel,18,0,0,60.90980451,-159.8561831,2050.0,97.90057652561731,0.0,18,17,0,0,17,17,18216,1,0,0,1,0
2020-07-24,US,Alaska,Bristol Bay,6,0,0,58.74513976,-156.701064,2060.0,717.7033492822967,0.0,6,6,0,0,6,6,877,0,0,0,0,0
2020-07-24,US,Alaska,Denali,1,0,0,63.67264044,-150.0076108,2068.0,47.687172150691474,0.0,1,1,0,0,1,1,2059,0,0,0,0,0
2020-07-24,US,Alaska,Dillingham,1,0,0,59.79603738,-158.23819419999995,2070.0,20.34174125305126,0.0,1,1,0,0,1,1,5000,0,0,0,0,0
2020-07-24,US,Alaska,Fairbanks North Star,351,3,0,64.80726247,-146.5692662,2090.0,362.41984945637023,0.8547008547008547,348,345,3,0,342,331,98971,6,0,0,6,14
2020-07-24,US,Alaska,Haines,3,0,0,59.09893571,-135.4679843,2100.0,118.57707509881423,0.0,3,3,0,0,3,3,2474,0,0,0,0,0
2020-07-24,US,Alaska,Juneau,72,2,0,58.45031811,-134.200436,2110.0,225.18296115593918,2.7777777777777777,70,70,2,0,68,71,32113,2,0,0,2,-1
2020-07-24,US,Alaska,Kenai Peninsula,262,2,0,60.24429722,-151.53888840000005,2122.0,446.27648702050834,0.7633587786259542,260,256,2,0,254,255,58533,6,0,0,6,1
2020-07-24,US,Alaska,Ketchikan Gateway,32,0,0,55.57445008,-130.975561,2130.0,230.19926623983886,0.0,32,28,0,0,28,28,13918,4,0,0,4,0
2020-07-24,US,Alaska,Kodiak Island,5,0,0,57.65529415,-153.7493579,2150.0,38.46745653177412,0.0,5,5,0,0,5,5,13345,0,0,0,0,0
2020-07-24,US,Alaska,Kusilvak,3,0,0,62.15429159999999,-163.39678830000003,2158.0,36.0837142169834,0.0,3,3,0,0,3,3,8303,0,0,0,0,0
2020-07-24,US,Alaska,Matanuska-Susitna,213,2,0,62.31305045,-149.5741743,2170.0,196.6450326356897,0.9389671361502347,211,212,2,0,210,205,107610,1,0,0,1,7
2020-07-24,US,Alaska,Nome,17,0,0,64.90320724,-164.0353804,2180.0,169.93202718912434,0.0,17,16,0,0,16,16,10008,1,0,0,1,0
2020-07-24,US,Alaska,North Slope,8,0,0,69.31479216,-153.4836093,2185.0,81.36696501220504,0.0,8,8,0,0,8,8,9872,0,0,0,0,0
2020-07-24,US,Alaska,Northwest Arctic,10,0,0,67.04919196,-159.7503946,2188.0,131.2163758037003,0.0,10,10,0,0,10,9,7671,0,0,0,0,1
2020-07-24,US,Alaska,Petersburg,6,1,0,57.13978948,-132.9540995,2195.0,183.71096142069808,16.666666666666668,5,6,1,0,5,6,3221,0,0,0,0,0
2020-07-24,US,Alaska,Prince of Wales-Hyder,2,0,0,55.76261984,-133.0511621,2198.0,32.24246332419797,0.0,2,2,0,0,2,2,6422,0,0,0,0,0
2020-07-24,US,Alaska,Sitka,18,0,0,57.24124555,-135.3206587,2220.0,211.9392440833628,0.0,18,18,0,0,18,18,8647,0,0,0,0,0
2020-07-24,US,Alaska,Southeast Fairbanks,13,0,0,63.87692095,-143.2127643,2240.0,188.59712752067315,0.0,13,13,0,0,13,12,6918,0,0,0,0,1
2020-07-24,US,Alaska,Valdez-Cordova,35,0,0,61.47502768,-144.7126799,2261.0,380.35209737013685,0.0,35,33,0,0,33,29,9164,2,0,0,2,4
2020-07-24,US,Alaska,Wrangell,3,0,0,56.3202004,-132.05837309999998,2275.0,119.90407673860909,0.0,3,3,0,0,3,3,2503,0,0,0,0,0
2020-07-24,US,Alaska,Yakutat,1,0,0,59.890980799999994,-140.36014509999998,2282.0,172.71157167530225,0.0,1,,,,,,604,,,,,
2020-07-24,US,Alaska,Yukon-Koyukuk,38,0,0,65.50815459,-151.39073869999999,2290.0,726.5774378585086,0.0,38,37,0,0,37,32,5327,1,0,0,1,5
2020-07-24,US,Arizona,Apache,2870,117,0,35.39465006,-109.4892383,4001.0,3992.3769248960175,4.076655052264808,2753,2841,117,0,2724,2797,71818,29,0,0,29,44
2020-07-24,US,Arizona,Cochise,1319,38,0,31.87934684,-109.7516088,4003.0,1047.473833007735,2.8809704321455647,1281,1311,31,0,1280,1296,126770,8,7,0,1,15
2020-07-24,US,Arizona,Coconino,2821,110,0,35.83883429,-111.77071780000001,4005.0,1966.1824974211715,3.8993264799716414,2711,2778,110,0,2668,2736,142854,43,0,0,43,42
2020-07-24,US,Arizona,Gila,644,21,0,33.80190085,-110.8132779,4007.0,1192.195194194528,3.260869565217391,623,622,21,0,601,600,53889,22,0,0,22,22
2020-07-24,US,Arizona,Graham,353,5,0,32.93166885,-109.8882178,4009.0,908.9270540978964,1.4164305949008498,348,328,5,0,323,314,38072,25,0,0,25,14
2020-07-24,US,Arizona,Greenlee,40,1,0,33.21498827,-109.2405279,4011.0,421.14129290376917,2.5,39,39,1,0,38,39,9483,1,0,0,1,0
2020-07-24,US,Arizona,La Paz,457,9,0,33.72854224,-113.98100290000001,4012.0,2165.0559029751753,1.9693654266958425,448,448,9,0,439,445,21098,9,0,0,9,3
2020-07-24,US,Arizona,Maricopa,104613,1718,0,33.34835867,-112.49181540000001,4013.0,2332.293072612695,1.6422433158402876,102895,102247,1651,0,100596,100543,4410824,2366,67,0,2299,1704
2020-07-24,US,Arizona,Mohave,2602,130,0,35.70471703,-113.7577902,4015.0,1226.3114982020068,4.996156802459646,2472,2525,129,0,2396,2464,209550,77,1,0,76,61
2020-07-24,US,Arizona,Navajo,5028,165,0,35.3997715,-110.3218983,4017.0,4532.833291262487,3.2816229116945106,4863,4992,165,0,4827,4898,110445,36,0,0,36,94
2020-07-24,US,Arizona,Pima,14428,409,0,32.0971334,-111.7890033,4019.0,1377.6653594696356,2.834765733296368,14019,14143,405,0,13738,13990,1039073,285,4,0,281,153
2020-07-24,US,Arizona,Pinal,7214,114,0,32.90525627,-111.3449483,4021.0,1558.8097383472814,1.5802606043803715,7100,6974,114,0,6860,6910,447138,240,0,0,240,64
2020-07-24,US,Arizona,Santa Cruz,2452,46,0,31.52508998,-110.8479088,4023.0,5273.345090111403,1.876019575856444,2406,2424,44,0,2380,2401,46511,28,2,0,26,23
2020-07-24,US,Arizona,Unassigned,8,0,0,0.0,0.0,90004.0,0.0,0.0,8,,,,,,,,,,,
2020-07-24,US,Arizona,Yavapai,1522,50,0,34.59933926,-112.5538588,4025.0,647.3868455416655,3.28515111695138,1472,1478,51,0,1427,1463,231993,44,-1,0,45,15
2020-07-24,US,Arizona,Yuma,9930,210,0,32.76895712,-113.90666740000002,4027.0,4644.810021189314,2.114803625377644,9720,9794,210,0,9584,9713,212128,136,0,0,136,81
2020-07-24,US,Arkansas,Arkansas,164,1,0,34.29145151,-91.37277296,5001.0,937.8931716802012,0.6097560975609756,163,157,1,0,156,146,17769,7,0,0,7,11
2020-07-24,US,Arkansas,Ashley,164,4,0,33.19153461,-91.7698471,5003.0,834.3083888691051,2.4390243902439024,160,153,4,0,149,142,20046,11,0,0,11,11
2020-07-24,US,Arkansas,Baxter,52,0,0,36.28784385,-92.33782872,5005.0,124.01030239435276,0.0,52,49,0,0,49,48,41619,3,0,0,3,1
2020-07-24,US,Arkansas,Benton,4126,31,0,36.33644656,-94.25680817,5007.0,1478.1060467648965,0.7513330101793505,4095,4068,30,0,4038,3985,272608,58,1,0,57,83
2020-07-24,US,Arkansas,Boone,104,1,0,36.3084504,-93.09374925,5009.0,277.8371446890361,0.9615384615384616,103,92,1,0,91,83,37480,12,0,0,12,9
2020-07-24,US,Arkansas,Bradley,112,2,0,33.46755808,-92.15980837,5011.0,1040.6020626219456,1.7857142857142858,110,106,2,0,104,104,10897,6,0,0,6,2
2020-07-24,US,Arkansas,Calhoun,8,0,0,33.55598792,-92.49974403,5013.0,154.17228753131624,0.0,8,8,0,0,8,8,5277,0,0,0,0,0
2020-07-24,US,Arkansas,Carroll,309,6,0,36.34038560000001,-93.54270261,5015.0,1088.7949260042283,1.9417475728155342,303,304,6,0,298,294,28223,5,0,0,5,10
2020-07-24,US,Arkansas,Chicot,284,3,0,33.26458973,-91.29539209,5017.0,2806.878829808263,1.056338028169014,281,282,3,0,279,266,10438,2,0,0,2,16
2020-07-24,US,Arkansas,Clark,125,0,0,34.04613432,-93.17484713,5019.0,560.0358422939069,0.0,125,120,0,0,120,107,22061,5,0,0,5,13
2020-07-24,US,Arkansas,Clay,101,4,0,36.36826212,-90.4148172,5021.0,694.1103704212769,3.96039603960396,97,101,4,0,97,94,14847,0,0,0,0,7
2020-07-24,US,Arkansas,Cleburne,167,5,0,35.53864922,-92.02640019,5023.0,670.1713551908183,2.9940119760479043,162,165,5,0,160,160,24965,2,0,0,2,5
2020-07-24,US,Arkansas,Cleveland,55,1,0,33.89723187,-92.18537045,5025.0,691.3021618903972,1.818181818181818,54,50,0,0,50,49,8018,5,1,0,4,1
2020-07-24,US,Arkansas,Columbia,158,5,0,33.21230701,-93.22642793,5027.0,673.5729206633414,3.1645569620253164,153,152,5,0,147,147,23537,6,0,0,6,5
2020-07-24,US,Arkansas,Conway,119,3,0,35.26205537,-92.70506566,5029.0,570.8529214237742,2.5210084033613445,116,118,3,0,115,117,20891,1,0,0,1,1
2020-07-24,US,Arkansas,Craighead,895,8,0,35.83018283,-90.63235729,5031.0,811.1880506108835,0.8938547486033519,887,873,8,0,865,828,108558,22,0,0,22,45
2020-07-24,US,Arkansas,Crawford,429,3,0,35.58928601,-94.2446814,5033.0,678.1858134277629,0.6993006993006993,426,393,3,0,390,379,63406,36,0,0,36,14
2020-07-24,US,Arkansas,Crittenden,1058,16,0,35.21247318,-90.30839406,5035.0,2206.235011990408,1.5122873345935728,1042,1044,15,0,1029,994,48342,14,1,0,13,50
2020-07-24,US,Arkansas,Cross,137,1,0,35.29631396,-90.77185818,5037.0,834.3991716913333,0.7299270072992701,136,131,1,0,130,124,16676,6,0,0,6,7
2020-07-24,US,Arkansas,Dallas,26,0,0,33.97042763,-92.65167437,5039.0,370.95163361392497,0.0,26,24,0,0,24,22,7182,2,0,0,2,2
2020-07-24,US,Arkansas,Desha,125,1,0,33.83011025,-91.25500948,5041.0,1100.2552592201394,0.8,124,123,1,0,122,117,11512,2,0,0,2,6
2020-07-24,US,Arkansas,Drew,126,2,0,33.59035001,-91.71777921,5043.0,691.5857072287172,1.5873015873015872,124,124,2,0,122,117,18328,2,0,0,2,7
2020-07-24,US,Arkansas,Faulkner,1013,4,0,35.14719007,-92.33717519,5045.0,803.9235915465013,0.3948667324777888,1009,996,4,0,992,970,124806,17,0,0,17,26
2020-07-24,US,Arkansas,Franklin,63,1,0,35.51202821,-93.89299569,5047.0,355.63082133784934,1.5873015873015872,62,61,1,0,60,60,17810,2,0,0,2,1
2020-07-24,US,Arkansas,Fulton,22,0,0,36.38177105,-91.81729127,5049.0,176.32443696401378,0.0,22,22,0,0,22,21,12269,0,0,0,0,1
2020-07-24,US,Arkansas,Garland,604,5,0,34.57692074,-93.14921604,5051.0,607.7314712333729,0.8278145695364238,599,581,5,0,576,549,99154,23,0,0,23,32
2020-07-24,US,Arkansas,Grant,100,0,0,34.29017991,-92.42320562,5053.0,547.4952094169176,0.0,100,95,0,0,95,94,18188,5,0,0,5,1
2020-07-24,US,Arkansas,Greene,211,1,0,36.11735460000001,-90.55832668,5055.0,465.5267512410369,0.4739336492890995,210,208,0,0,208,191,45325,3,1,0,2,17
2020-07-24,US,Arkansas,Hempstead,159,2,0,33.73325583,-93.66935133,5057.0,738.4358164592235,1.2578616352201255,157,150,2,0,148,145,21741,9,0,0,9,5
2020-07-24,US,Arkansas,Hot Spring,1382,4,0,34.31709259,-92.95396325,5059.0,4092.268514405851,0.2894356005788712,1378,1372,2,0,1370,1367,33701,10,2,0,8,5
2020-07-24,US,Arkansas,Howard,222,1,0,34.09007427,-93.9934871,5061.0,1681.5633994849265,0.4504504504504505,221,217,1,0,216,209,13341,5,0,0,5,8
2020-07-24,US,Arkansas,Independence,181,0,0,35.74242707,-91.57001641,5063.0,478.5194976867151,0.0,181,152,0,0,152,126,37678,29,0,0,29,26
2020-07-24,US,Arkansas,Izard,31,1,0,36.09604046,-91.90847954,5065.0,227.45615965954948,3.2258064516129035,30,30,1,0,29,29,13593,1,0,0,1,1
2020-07-24,US,Arkansas,Jackson,48,1,0,35.59802983,-91.21494602,5067.0,287.0985106764759,2.083333333333333,47,47,1,0,46,47,16811,1,0,0,1,0
2020-07-24,US,Arkansas,Jefferson,1133,33,0,34.26767081,-91.92619839,5069.0,1695.4986232491324,2.9126213592233015,1100,1094,32,0,1062,1069,68114,39,1,0,38,25
2020-07-24,US,Arkansas,Johnson,554,0,0,35.56759135,-93.46036368,5071.0,2084.430732184513,0.0,554,540,0,0,540,515,26742,14,0,0,14,25
2020-07-24,US,Arkansas,Lafayette,43,2,0,33.24116713,-93.60677071,5073.0,649.1545893719807,4.651162790697675,41,42,2,0,40,41,6682,1,0,0,1,1
2020-07-24,US,Arkansas,Lawrence,152,9,0,36.04188196,-91.10867198,5075.0,926.4903084237474,5.921052631578947,143,150,9,0,141,148,16434,2,0,0,2,2
2020-07-24,US,Arkansas,Lee,869,6,0,34.78498904,-90.78383866,5077.0,9811.448571751158,0.6904487917146145,863,868,6,0,862,867,8985,1,0,0,1,1
2020-07-24,US,Arkansas,Lincoln,1141,11,0,33.95317155,-91.74002806,5079.0,8760.749385749386,0.9640666082383874,1130,1138,11,0,1127,1132,13383,3,0,0,3,6
2020-07-24,US,Arkansas,Little River,77,1,0,33.70375665,-94.23468591,5081.0,628.1099600293662,1.2987012987012987,76,75,1,0,74,72,12326,2,0,0,2,3
2020-07-24,US,Arkansas,Logan,118,0,0,35.21413234,-93.71951016,5083.0,549.7065126246157,0.0,118,117,0,0,117,112,21737,1,0,0,1,5
2020-07-24,US,Arkansas,Lonoke,324,2,0,34.75392199,-91.88742357,5085.0,441.96483378575624,0.6172839506172839,322,291,2,0,289,276,73657,33,0,0,33,15
2020-07-24,US,Arkansas,Madison,242,1,0,36.01038185,-93.72524943,5087.0,1459.9420849420844,0.4132231404958678,241,238,1,0,237,238,16481,4,0,0,4,0
2020-07-24,US,Arkansas,Marion,18,0,0,36.26844485,-92.68451899,5089.0,107.82317000119805,0.0,18,18,0,0,18,17,16722,0,0,0,0,1
2020-07-24,US,Arkansas,Miller,385,2,0,33.31403423,-93.89285258,5091.0,890.0293594100377,0.5194805194805194,383,379,2,0,377,368,43592,6,0,0,6,11
2020-07-24,US,Arkansas,Mississippi,523,7,0,35.76271485,-90.05194370000002,5093.0,1286.5612162062434,1.338432122370937,516,511,7,0,504,489,41239,12,0,0,12,22
2020-07-24,US,Arkansas,Monroe,38,0,0,34.6815935,-91.20540287,5095.0,567.0795403671094,0.0,38,37,0,0,37,36,6900,1,0,0,1,1
2020-07-24,US,Arkansas,Montgomery,19,0,0,34.53704874,-93.65824478,5097.0,211.4400178054752,0.0,19,18,0,0,18,16,8924,1,0,0,1,2
2020-07-24,US,Arkansas,Nevada,119,8,0,33.66340119,-93.30632432,5099.0,1442.0746485700436,6.722689075630252,111,117,8,0,109,117,8326,2,0,0,2,0
2020-07-24,US,Arkansas,Newton,73,0,0,35.91947491,-93.21612969,5101.0,941.5710047723462,0.0,73,18,0,0,18,18,7805,55,0,0,55,0
2020-07-24,US,Arkansas,Ouachita,59,1,0,33.58839816,-92.87795984,5103.0,252.33085279274655,1.6949152542372878,58,61,1,0,60,55,23606,-2,0,0,-2,6
2020-07-24,US,Arkansas,Perry,41,0,0,34.9459153,-92.94372564,5105.0,392.156862745098,0.0,41,41,0,0,41,39,10352,0,0,0,0,2
2020-07-24,US,Arkansas,Phillips,230,6,0,34.43268455,-90.84800154,5107.0,1293.4428073332585,2.608695652173913,224,226,6,0,220,219,18029,4,0,0,4,7
2020-07-24,US,Arkansas,Pike,49,0,0,34.16250414,-93.65789349,5109.0,457.17484605336824,0.0,49,49,0,0,49,43,10673,0,0,0,0,6
2020-07-24,US,Arkansas,Poinsett,112,3,0,35.57433534,-90.66268713,5111.0,476.02856171370286,2.6785714285714284,109,111,3,0,108,109,23974,1,0,0,1,2
2020-07-24,US,Arkansas,Polk,111,0,0,34.48254879,-94.22728802,5113.0,556.0008014425966,0.0,111,109,0,0,109,106,20049,2,0,0,2,3
2020-07-24,US,Arkansas,Pope,1004,5,0,35.44871474,-93.03212219,5115.0,1566.9871394680983,0.4980079681274901,999,966,5,0,961,937,64000,38,0,0,38,29
2020-07-24,US,Arkansas,Prairie,56,0,0,34.83624419,-91.55162157,5117.0,694.61672041677,0.0,56,53,0,0,53,52,8074,3,0,0,3,1
2020-07-24,US,Arkansas,Pulaski,4183,71,0,34.77054088,-92.31355101,5119.0,1067.3341651548435,1.6973464021037532,4112,4044,70,0,3974,3923,392680,139,1,0,138,121
2020-07-24,US,Arkansas,Randolph,133,2,0,36.3415714,-91.02455531,5121.0,740.616995211048,1.5037593984962403,131,121,2,0,119,115,17948,12,0,0,12,6
2020-07-24,US,Arkansas,Saline,701,3,0,34.64916145,-92.67583224,5125.0,572.539346766092,0.42796005706134094,698,667,3,0,664,637,121421,34,0,0,34,30
2020-07-24,US,Arkansas,Scott,26,0,0,34.85588887,-94.0632176,5127.0,252.8936873844957,0.0,26,26,0,0,26,21,10319,0,0,0,0,5
2020-07-24,US,Arkansas,Searcy,22,0,0,35.9109364,-92.69936482,5129.0,279.1523918284482,0.0,22,21,0,0,21,20,7958,1,0,0,1,1
2020-07-24,US,Arkansas,Sebastian,1318,13,0,35.19605503,-94.27162713,5131.0,1031.0810705093604,0.9863429438543247,1305,1278,13,0,1265,1214,127753,40,0,0,40,64
2020-07-24,US,Arkansas,Sevier,893,9,0,33.99780401,-94.2424869,5133.0,5250.7790909625455,1.0078387458006721,884,893,9,0,884,880,17139,0,0,0,0,13
2020-07-24,US,Arkansas,Sharp,89,5,0,36.16258158,-91.47819342,5135.0,510.2625845659902,5.617977528089888,84,86,5,0,81,83,17366,3,0,0,3,3
2020-07-24,US,Arkansas,St. Francis,998,3,0,35.02201976,-90.74828138,5123.0,3992.958309994399,0.30060120240480964,995,981,3,0,978,968,25439,17,0,0,17,13
2020-07-24,US,Arkansas,Stone,40,1,0,35.86251946,-92.15684085,5137.0,319.8464736926275,2.5,39,39,1,0,38,37,12457,1,0,0,1,2
2020-07-24,US,Arkansas,Unassigned,1398,0,0,0.0,0.0,90005.0,0.0,0.0,1398,1287,0,0,1287,1266,,111,0,0,111,21
2020-07-24,US,Arkansas,Union,350,15,0,33.16887091,-92.59746952,5139.0,904.8136083966702,4.285714285714286,335,345,15,0,330,335,39126,5,0,0,5,10
2020-07-24,US,Arkansas,Van Buren,42,2,0,35.58095779,-92.51295036,5141.0,253.8531278331823,4.761904761904762,40,41,2,0,39,40,16603,1,0,0,1,1
2020-07-24,US,Arkansas,Washington,5536,40,0,35.976844,-94.21800746,5143.0,2314.5070593301475,0.7225433526011561,5496,5451,40,0,5411,5350,236961,85,0,0,85,101
2020-07-24,US,Arkansas,White,189,2,0,35.25688493,-91.74908296,5145.0,239.9908574911432,1.058201058201058,187,185,2,0,183,182,78727,4,0,0,4,3
2020-07-24,US,Arkansas,Woodruff,17,0,0,35.18902527,-91.2439489,5147.0,268.9873417721519,0.0,17,17,0,0,17,17,6490,0,0,0,0,0
2020-07-24,US,Arkansas,Yell,944,14,0,35.00292371,-93.41171338,5149.0,4423.410336910173,1.4830508474576272,930,942,14,0,928,928,21535,2,0,0,2,14
2020-07-24,US,California,Alameda,10214,178,0,37.64629437,-121.8929271,6001.0,611.1304237525945,1.7427060896808302,10036,9869,173,0,9696,9643,1666753,345,5,0,340,226
2020-07-24,US,California,Alpine,2,0,0,38.59678594,-119.82235940000001,6003.0,177.14791851195747,0.0,2,2,0,0,2,2,1101,0,0,0,0,0
2020-07-24,US,California,Amador,71,0,0,38.44583082,-120.65696000000001,6005.0,178.60736566713626,0.0,71,65,0,0,65,65,39383,6,0,0,6,0
2020-07-24,US,California,Butte,758,5,0,39.66727762,-121.6005252,6007.0,345.82500707161955,0.6596306068601583,753,722,5,0,717,683,231256,36,0,0,36,39
2020-07-24,US,California,Calaveras,99,1,0,38.20537103,-120.55291299999999,6009.0,215.6627818320445,1.0101010101010102,98,94,1,0,93,94,45602,5,0,0,5,0
2020-07-24,US,California,Colusa,263,2,0,39.17881957,-122.2331726,6011.0,1220.5875527915719,0.7604562737642585,261,250,2,0,248,242,21627,13,0,0,13,8
2020-07-24,US,California,Contra Costa,6627,103,0,37.91923498,-121.9289527,6013.0,574.4994044347505,1.554247774256828,6524,6425,102,0,6323,6202,1150215,202,1,0,201,223
2020-07-24,US,California,Del Norte,87,0,0,41.74228275,-123.89740630000001,6015.0,312.81461239752633,0.0,87,79,0,0,79,79,27828,8,0,0,8,0
2020-07-24,US,California,El Dorado,513,1,0,38.77965956,-120.5233166,6017.0,266.01950809726054,0.1949317738791423,512,508,1,0,507,486,190678,5,0,0,5,22
2020-07-24,US,California,Fresno,12148,112,0,36.75733899,-119.6466953,6019.0,1215.8930878860094,0.9219624629568652,12036,11756,104,0,11652,11412,994400,392,8,0,384,344
2020-07-24,US,California,Glenn,265,1,0,39.59875897,-122.3938452,6021.0,933.3286373401896,0.37735849056603776,264,251,1,0,250,251,28047,14,0,0,14,0
2020-07-24,US,California,Humboldt,203,4,0,40.69923009,-123.876044,6023.0,149.75139792561114,1.9704433497536944,199,203,4,0,199,200,136373,0,0,0,0,3
2020-07-24,US,California,Imperial,8967,173,0,33.0393082,-115.36690420000001,6025.0,4948.265872030461,1.929296308687409,8794,8919,170,0,8749,8799,181827,48,3,0,45,120
2020-07-24,US,California,Inyo,44,1,0,36.51112084,-117.41119779999998,6027.0,243.91595986473754,2.272727272727273,43,41,1,0,40,41,17987,3,0,0,3,0
2020-07-24,US,California,Kern,13360,123,0,35.34329425,-118.72777959999999,6029.0,1484.1113438983691,0.9206586826347304,13237,12323,115,0,12208,11188,896764,1037,8,0,1029,1135
2020-07-24,US,California,Kings,3696,45,0,36.07409056,-119.8159973,6031.0,2416.633974107493,1.2175324675324677,3651,3696,45,0,3651,3465,151366,0,0,0,0,231
2020-07-24,US,California,Lake,168,1,0,39.10124298,-122.75362439999999,6033.0,260.9262883235486,0.5952380952380952,167,166,1,0,165,158,64382,2,0,0,2,8
2020-07-24,US,California,Lassen,555,0,0,40.67311306,-120.59350990000002,6035.0,1815.327249533903,0.0,555,538,0,0,538,515,30802,17,0,0,17,23
2020-07-24,US,California,Los Angeles,168935,4300,0,34.30828379,-118.22824109999999,6037.0,1682.7691945110255,2.5453576819486785,164635,166868,4263,0,162605,165134,10105518,2067,37,0,2030,1734
2020-07-24,US,California,Madera,1630,19,0,37.21513971,-119.76655890000002,6039.0,1036.0586549034813,1.1656441717791408,1611,1530,16,0,1514,1530,157672,100,3,0,97,0
2020-07-24,US,California,Marin,4611,54,0,38.07122463,-122.72106310000001,6041.0,1781.5057219908356,1.1711125569290826,4557,4522,50,0,4472,4490,259666,89,4,0,85,32
2020-07-24,US,California,Mariposa,44,1,0,37.57978556,-119.9073334,6043.0,255.76934255653083,2.272727272727273,43,44,1,0,43,41,17471,0,0,0,0,3
2020-07-24,US,California,Mendocino,234,4,0,39.4381191,-123.39113130000001,6045.0,269.7437434437285,1.709401709401709,230,234,4,0,230,217,87606,0,0,0,0,17
2020-07-24,US,California,Merced,3245,27,0,37.18922369,-120.72090349999999,6047.0,1168.611351195621,0.8320493066255779,3218,3123,27,0,3096,2994,274765,122,0,0,122,129
2020-07-24,US,California,Mono,104,1,0,37.93899289,-118.8872409,6051.0,720.0221545278316,0.9615384615384616,103,101,1,0,100,84,14250,3,0,0,3,17
2020-07-24,US,California,Monterey,3865,22,0,36.21862405,-121.24133970000001,6053.0,890.4278430911785,0.5692108667529108,3843,3726,22,0,3704,3545,435594,139,0,0,139,181
2020-07-24,US,California,Napa,737,8,0,38.50735751,-122.33283899999999,6055.0,535.0505285166686,1.0854816824966078,729,711,8,0,703,685,139417,26,0,0,26,26
2020-07-24,US,California,Nevada,255,1,0,39.30394768,-120.76272809999999,6057.0,255.6262843967721,0.392156862745098,254,251,1,0,250,242,99696,4,0,0,4,9
2020-07-24,US,California,Orange,33358,556,0,33.70147516,-117.76459979999998,6059.0,1050.4167280706065,1.6667665927213862,32802,32648,543,0,32105,31743,3185968,710,13,0,697,905
2020-07-24,US,California,Placer,1559,13,0,39.06167234,-120.72405690000001,6061.0,391.3850108829636,0.8338678640153945,1546,1531,13,0,1518,1479,393149,28,0,0,28,52
2020-07-24,US,California,Plumas,28,0,0,40.00355989,-120.8395236,6063.0,148.88073589620885,0.0,28,28,0,0,28,27,18804,0,0,0,0,1
2020-07-24,US,California,Riverside,33467,637,0,33.74314981,-115.9933578,6065.0,1354.6398245570008,1.9033674963396776,32830,32813,637,0,32176,31982,2450758,654,0,0,654,831
2020-07-24,US,California,Sacramento,8554,103,0,38.45106826,-121.34253740000001,6067.0,551.1391971176333,1.2041150339022682,8451,8247,98,0,8149,7971,1540975,307,5,0,302,276
2020-07-24,US,California,San Benito,521,2,0,36.60308176,-121.069975,6069.0,829.5121640555342,0.3838771593090211,519,513,2,0,511,494,61537,8,0,0,8,19
2020-07-24,US,California,San Bernardino,26796,372,0,34.84060306,-116.1774685,6071.0,1229.1263872738907,1.3882669055082848,26424,26185,358,0,25827,25775,2171603,611,14,0,597,410
2020-07-24,US,California,San Diego,26098,524,0,33.03484597,-116.73653259999999,6073.0,781.7681295737689,2.0078166909341717,25574,25608,512,0,25096,25107,3343364,490,12,0,478,501
2020-07-24,US,California,San Francisco,5679,56,0,37.75215114,-122.43856720000001,6075.0,644.206958433394,0.986089100193696,5623,5564,55,0,5509,5459,883305,115,1,0,114,105
2020-07-24,US,California,San Joaquin,10126,110,0,37.93433732,-121.2730061,6077.0,1328.613340191144,1.0863124629666203,10016,9826,107,0,9719,9595,752660,300,3,0,297,231
2020-07-24,US,California,San Luis Obispo,1500,8,0,35.38822029,-120.4039028,6079.0,529.8275234801897,0.5333333333333333,1492,1467,8,0,1459,1393,284010,33,0,0,33,74
2020-07-24,US,California,San Mateo,4957,117,0,37.422880799999994,-122.32755459999998,6081.0,646.6442204460633,2.3602985676820656,4840,4885,114,0,4771,4776,769545,72,3,0,69,109
2020-07-24,US,California,Santa Barbara,5576,32,0,34.65329488,-120.0188492,6083.0,1248.8269850548375,0.5738880918220947,5544,5444,32,0,5412,5282,446527,132,0,0,132,162
2020-07-24,US,California,Santa Clara,8719,183,0,37.23104908,-121.6970462,6085.0,452.2650078947969,2.098864548686776,8536,8533,181,0,8352,8321,1937570,186,2,0,184,212
2020-07-24,US,California,Santa Cruz,885,4,0,37.05580291,-122.0066524,6087.0,323.92309297141793,0.4519774011299435,881,878,4,0,874,848,274255,7,0,0,7,30
2020-07-24,US,California,Shasta,291,8,0,40.76391419,-122.0396884,6089.0,161.59484673478454,2.7491408934707904,283,276,7,0,269,268,180040,15,1,0,14,8
2020-07-24,US,California,Sierra,1,0,0,39.57713498,-120.52007009999998,6091.0,33.277870216306155,0.0,1,1,0,0,1,1,2987,0,0,0,0,0
2020-07-24,US,California,Siskiyou,60,0,0,41.59198861,-122.54074340000001,6093.0,137.80748294632392,0.0,60,60,0,0,60,55,43724,0,0,0,0,5
2020-07-24,US,California,Solano,3129,35,0,38.26827353,-121.9357113,6095.0,698.9945112511533,1.1185682326621924,3094,3070,35,0,3035,2982,446610,59,0,0,59,88
2020-07-24,US,California,Sonoma,2404,24,0,38.52746429,-122.88625060000001,6097.0,486.3089073019161,0.9983361064891848,2380,2300,22,0,2278,2241,499942,104,2,0,102,59
2020-07-24,US,California,Stanislaus,7603,86,0,37.55862499,-120.9970722,6099.0,1380.706788217775,1.131132447718006,7517,7401,79,0,7322,6984,549815,202,7,0,195,417
2020-07-24,US,California,Sutter,601,4,0,39.03417539,-121.6945899,6101.0,619.7729218013632,0.6655574043261231,597,567,4,0,563,553,96807,34,0,0,34,14
2020-07-24,US,California,Tehama,189,1,0,40.12570935,-122.23701709999999,6103.0,290.39395243070487,0.5291005291005291,188,173,1,0,172,165,63916,16,0,0,16,8
2020-07-24,US,California,Trinity,3,0,0,40.64917670000001,-123.114713,6105.0,24.420024420024422,0.0,3,3,0,0,3,3,12535,0,0,0,0,0
2020-07-24,US,California,Tulare,8210,168,0,36.22026558,-118.8020203,6107.0,1761.0656484947283,2.0462850182704018,8042,7876,168,0,7708,7603,465861,334,0,0,334,273
2020-07-24,US,California,Tuolumne,126,0,0,38.02644018,-119.95250929999999,6109.0,231.28602371599544,0.0,126,109,0,0,109,109,54539,17,0,0,17,0
2020-07-24,US,California,Ventura,6392,67,0,34.44465746,-119.09106129999999,6111.0,755.5501970435197,1.0481852315394242,6325,6156,63,0,6093,6049,850967,236,4,0,232,107
2020-07-24,US,California,Yolo,1315,37,0,38.68278902,-121.90182879999999,6113.0,596.3718820861677,2.8136882129277567,1278,1275,37,0,1238,1225,220408,40,0,0,40,50
2020-07-24,US,California,Yuba,338,3,0,39.26255932,-121.35356440000001,6115.0,429.653734682463,0.8875739644970414,335,319,3,0,316,309,78041,19,0,0,19,10
2020-07-24,US,Colorado,Adams,5433,167,0,39.87432092,-104.3362578,8001.0,1050.015364664364,3.0738082090925825,5266,5312,167,0,5145,5248,511868,121,0,0,121,64
2020-07-24,US,Colorado,Alamosa,219,7,0,37.57250606,-105.7885451,8003.0,1349.103677693587,3.1963470319634704,212,216,7,0,209,214,16683,3,0,0,3,2
2020-07-24,US,Colorado,Arapahoe,6373,360,0,39.64977461,-104.3353617,8005.0,970.6209354391632,5.648831005805743,6013,6276,360,0,5916,6197,651215,97,0,0,97,79
2020-07-24,US,Colorado,Archuleta,24,0,0,37.19474156,-107.0476867,8007.0,171.07420343574023,0.0,24,24,0,0,24,24,13765,0,0,0,0,0
2020-07-24,US,Colorado,Baca,14,0,0,37.31940883,-102.5603223,8009.0,390.9522479754258,0.0,14,14,0,0,14,14,3585,0,0,0,0,0
2020-07-24,US,Colorado,Bent,5,0,0,37.95474293,-103.0720195,8011.0,89.65393580778195,0.0,5,5,0,0,5,5,5882,0,0,0,0,0
2020-07-24,US,Colorado,Boulder,1721,74,0,40.09313619,-105.3546767,8013.0,527.5969049283253,4.299825682742592,1647,1704,74,0,1630,1683,326078,17,0,0,17,21
2020-07-24,US,Colorado,Broomfield,376,32,0,39.95998787,-105.0566324,8014.0,533.5982402611226,8.51063829787234,344,373,32,0,341,371,69267,3,0,0,3,2
2020-07-24,US,Colorado,Chaffee,224,19,0,38.74745778,-106.19265729999998,8015.0,1100.4126547455296,8.482142857142858,205,220,19,0,201,220,20027,4,0,0,4,0
2020-07-24,US,Colorado,Cheyenne,7,0,0,38.82777431,-102.6032558,8017.0,382.3047515019115,0.0,7,7,0,0,7,7,1876,0,0,0,0,0
2020-07-24,US,Colorado,Clear Creek,24,1,0,39.68864463,-105.6463118,8019.0,247.42268041237114,4.166666666666667,23,24,1,0,23,24,9605,0,0,0,0,0
2020-07-24,US,Colorado,Conejos,22,0,0,37.201606,-106.19174879999998,8021.0,268.1291895185862,0.0,22,21,0,0,21,21,8200,1,0,0,1,0
2020-07-24,US,Colorado,Costilla,22,0,0,37.27732493,-105.4276548,8023.0,565.9891947517366,0.0,22,22,0,0,22,22,3828,0,0,0,0,0
2020-07-24,US,Colorado,Crowley,72,1,0,38.32608609,-103.7844965,8025.0,1187.922785018974,1.3888888888888888,71,72,1,0,71,73,5858,0,0,0,0,-1
2020-07-24,US,Colorado,Custer,10,0,0,38.10883162,-105.3683478,8027.0,197.3164956590371,0.0,10,10,0,0,10,10,4954,0,0,0,0,0
2020-07-24,US,Colorado,Delta,94,1,0,38.86246243,-107.8631342,8029.0,301.64944483666005,1.0638297872340423,93,93,1,0,92,92,30953,1,0,0,1,1
2020-07-24,US,Colorado,Denver,8939,403,0,39.76018276,-104.8725695,8031.0,1229.2168297784274,4.508334265577805,8536,8809,403,0,8406,8650,716492,130,0,0,130,159
2020-07-24,US,Colorado,Dolores,2,0,0,37.75208676,-108.5211585,8033.0,97.32360097323601,0.0,2,2,0,0,2,2,2074,0,0,0,0,0
2020-07-24,US,Colorado,Douglas,1462,56,0,39.33133796,-104.930001,8035.0,416.34154815266237,3.830369357045144,1406,1433,55,0,1378,1410,342776,29,1,0,28,23
2020-07-24,US,Colorado,Eagle,926,9,0,39.62754308,-106.6933637,8037.0,1679.757650516081,0.9719222462203024,917,903,9,0,894,884,54993,23,0,0,23,19
2020-07-24,US,Colorado,El Paso,3928,125,0,38.83240149,-104.5251411,8041.0,545.2503668085781,3.1822810590631363,3803,3864,122,0,3742,3786,713856,64,3,0,61,78
2020-07-24,US,Colorado,Elbert,76,2,0,39.28656773,-104.1358721,8039.0,284.33536608178383,2.631578947368421,74,76,2,0,74,75,26282,0,0,0,0,1
2020-07-24,US,Colorado,Fremont,85,0,0,38.47362326,-105.4399667,8043.0,177.67929931645733,0.0,85,83,0,0,83,82,48021,2,0,0,2,1
2020-07-24,US,Colorado,Garfield,591,4,0,39.59921777,-107.902708,8045.0,983.9996004062536,0.6768189509306259,587,575,4,0,571,561,59770,16,0,0,16,14
2020-07-24,US,Colorado,Gilpin,13,0,0,39.85646523,-105.5252597,8047.0,208.23322120775268,0.0,13,13,0,0,13,13,6121,0,0,0,0,0
2020-07-24,US,Colorado,Grand,39,1,0,40.10603347,-106.1178042,8049.0,247.8708529299606,2.5641025641025643,38,39,1,0,38,39,15525,0,0,0,0,0
2020-07-24,US,Colorado,Gunnison,216,6,0,38.66611652,-107.0320729,8051.0,1236.9717099988547,2.7777777777777777,210,216,6,0,210,216,17246,0,0,0,0,0
2020-07-24,US,Colorado,Hinsdale,3,0,0,37.82247444,-107.3004345,8053.0,365.8536585365854,0.0,3,3,0,0,3,3,811,0,0,0,0,0
2020-07-24,US,Colorado,Huerfano,6,1,0,37.68473101,-104.9612585,8055.0,86.99434536755109,16.666666666666668,5,5,1,0,4,5,6889,1,0,0,1,0
2020-07-24,US,Colorado,Jackson,8,0,0,40.66593870000001,-106.3408905,8057.0,574.7126436781608,0.0,8,8,0,0,8,8,1399,0,0,0,0,0
2020-07-24,US,Colorado,Jefferson,3527,220,0,39.58635604,-105.2517692,8059.0,605.0977815368832,6.237595690388432,3307,3462,220,0,3242,3395,580233,65,0,0,65,67
2020-07-24,US,Colorado,Kit Carson,42,3,0,39.30497777,-102.6022199,8063.0,591.7993518388051,7.142857142857142,39,41,3,0,38,36,7163,1,0,0,1,5
2020-07-24,US,Colorado,La Plata,180,2,0,37.28632032,-107.8429014,8067.0,320.165062876861,1.1111111111111112,178,180,2,0,178,174,56310,0,0,0,0,6
2020-07-24,US,Colorado,Lake,61,0,0,39.20278823,-106.3555697,8065.0,750.5844715147041,0.0,61,61,0,0,61,60,7824,0,0,0,0,1
2020-07-24,US,Colorado,Larimer,1207,32,0,40.66671597,-105.4625784,8069.0,338.1909167579623,2.6512013256006632,1175,1183,32,0,1151,1158,350518,24,0,0,24,25
2020-07-24,US,Colorado,Las Animas,13,0,0,37.3153406,-104.0376458,8071.0,89.61808906659313,0.0,13,13,0,0,13,11,14503,0,0,0,0,2
2020-07-24,US,Colorado,Lincoln,6,0,0,38.98749519,-103.5136649,8073.0,105.24469391334854,0.0,6,6,0,0,6,6,5610,0,0,0,0,0
2020-07-24,US,Colorado,Logan,643,5,0,40.7249637,-103.110817,8075.0,2869.3828372528887,0.7776049766718507,638,643,5,0,638,643,21528,0,0,0,0,0
2020-07-24,US,Colorado,Mesa,219,1,0,39.01787888,-108.469799,8077.0,142.014136567019,0.45662100456620996,218,213,1,0,212,199,153207,6,0,0,6,14
2020-07-24,US,Colorado,Mineral,18,0,0,37.66954283,-106.9281698,8079.0,2340.702210663199,0.0,18,17,0,0,17,17,776,1,0,0,1,0
2020-07-24,US,Colorado,Moffat,21,1,0,40.61810999,-108.2070876,8081.0,158.0968154784311,4.761904761904762,20,20,1,0,19,20,13188,1,0,0,1,0
2020-07-24,US,Colorado,Montezuma,93,4,0,37.33859579,-108.5958857,8083.0,355.1923003475538,4.301075268817204,89,92,4,0,88,91,26158,1,0,0,1,1
2020-07-24,US,Colorado,Montrose,251,13,0,38.40214114,-108.26390220000002,8085.0,587.0246503578278,5.179282868525896,238,248,13,0,235,245,42214,3,0,0,3,3
2020-07-24,US,Colorado,Morgan,670,46,0,40.26279810000001,-103.8093302,8087.0,2304.940140360534,6.865671641791044,624,666,46,0,620,666,28558,4,0,0,4,0
2020-07-24,US,Colorado,Otero,35,2,0,37.9014485,-103.7173385,8089.0,191.48703359229674,5.7142857142857135,33,33,2,0,31,30,18432,2,0,0,2,3
2020-07-24,US,Colorado,Ouray,12,1,0,38.14717457,-107.7675136,8091.0,242.3263327948304,8.333333333333334,11,12,1,0,11,12,4833,0,0,0,0,0
2020-07-24,US,Colorado,Park,37,1,0,39.120926,-105.7182065,8093.0,196.338551339878,2.702702702702702,36,36,1,0,35,35,18556,1,0,0,1,1
2020-07-24,US,Colorado,Phillips,19,0,0,40.59414277,-102.3577703,8095.0,445.48651817116064,0.0,19,19,0,0,19,17,4286,0,0,0,0,2
2020-07-24,US,Colorado,Pitkin,148,2,0,39.21720112,-106.9310027,8097.0,833.0050092868802,1.351351351351351,146,150,2,0,148,162,17950,-2,0,0,-2,-12
2020-07-24,US,Colorado,Prowers,45,0,0,37.95544985,-102.3926052,8099.0,369.7009530069011,0.0,45,45,0,0,45,45,12164,0,0,0,0,0
2020-07-24,US,Colorado,Pueblo,548,33,0,38.17359144,-104.5127437,8101.0,325.3693060371443,6.021897810218978,515,538,33,0,505,535,167529,10,0,0,10,3
2020-07-24,US,Colorado,Rio Blanco,6,0,0,39.97913541,-108.2179009,8103.0,94.87666034155598,0.0,6,6,0,0,6,6,6336,0,0,0,0,0
2020-07-24,US,Colorado,Rio Grande,86,2,0,37.5836865,-106.3847838,8105.0,763.2910268926953,2.3255813953488373,84,84,2,0,82,84,11250,2,0,0,2,0
2020-07-24,US,Colorado,Routt,94,6,0,40.48596505,-106.9905548,8107.0,366.6432639051408,6.382978723404255,88,94,6,0,88,93,25733,0,0,0,0,1
2020-07-24,US,Colorado,Saguache,107,2,0,38.08054629,-106.282466,8109.0,1567.9953106682299,1.8691588785046729,105,106,2,0,104,106,6843,1,0,0,1,0
2020-07-24,US,Colorado,San Juan,2,0,0,37.76248981,-107.67632890000002,8111.0,274.72527472527474,0.0,2,2,0,0,2,2,762,0,0,0,0,0
2020-07-24,US,Colorado,San Miguel,70,0,0,38.00450883,-108.4020725,8113.0,855.8503484533563,0.0,70,70,0,0,70,69,8191,0,0,0,0,1
2020-07-24,US,Colorado,Sedgwick,11,0,0,40.87595412,-102.3519227,8115.0,489.32384341637015,0.0,11,11,0,0,11,11,2303,0,0,0,0,0
2020-07-24,US,Colorado,Summit,313,4,0,39.63803232,-106.1150762,8117.0,1009.3192738060687,1.2779552715654952,309,312,4,0,308,311,31007,1,0,0,1,1
2020-07-24,US,Colorado,Teller,89,2,0,38.88133511,-105.1614893,8119.0,350.5593193634788,2.247191011235955,87,89,2,0,87,87,25083,0,0,0,0,2
2020-07-24,US,Colorado,Washington,46,0,0,39.97015535,-103.202587,8121.0,937.2453137734312,0.0,46,46,0,0,46,46,4909,0,0,0,0,0
2020-07-24,US,Colorado,Weld,3353,139,0,40.55499405,-104.3929621,8123.0,1033.307446716714,4.145541306292872,3214,3319,139,0,3180,3293,314305,34,0,0,34,26
2020-07-24,US,Colorado,Yuma,56,0,0,40.00346839,-102.4258673,8125.0,558.9380177662441,0.0,56,56,0,0,56,56,10020,0,0,0,0,0
2020-07-24,US,Connecticut,Fairfield,17421,1402,0,41.26809896,-73.3881171,9001.0,1846.7517268575648,8.047758452442455,16019,17184,1401,0,15783,17164,943823,237,1,0,236,20
2020-07-24,US,Connecticut,Hartford,12340,1408,0,41.80283011,-72.73103891,9003.0,1383.8424617592966,11.410048622366288,10932,12145,1408,0,10737,12147,892697,195,0,0,195,-2
2020-07-24,US,Connecticut,Litchfield,1560,138,0,41.7937534,-73.2451475,9005.0,865.0662940227246,8.846153846153848,1422,1530,138,0,1392,1530,181111,30,0,0,30,0
2020-07-24,US,Connecticut,Middlesex,1365,188,0,41.45949668,-72.53714864,9007.0,840.3309611169938,13.772893772893774,1177,1360,188,0,1172,1362,162682,5,0,0,5,-2
2020-07-24,US,Connecticut,New Haven,12884,1095,0,41.408032500000004,-72.93620426,9009.0,1507.32898355907,8.498913380937598,11789,12835,1093,0,11742,12825,857620,49,2,0,47,10
2020-07-24,US,Connecticut,New London,1362,102,0,41.48896435,-72.10430976,9011.0,513.5630415601457,7.488986784140969,1260,1352,102,0,1250,1364,266784,10,0,0,10,-12
2020-07-24,US,Connecticut,Tolland,964,65,0,41.85853803,-72.3308481,9013.0,639.5923593925199,6.742738589211617,899,937,65,0,872,946,150921,27,0,0,27,-9
2020-07-24,US,Connecticut,Unassigned,222,0,0,0.0,0.0,90009.0,0.0,0.0,222,234,0,0,234,230,,-12,0,0,-12,4
2020-07-24,US,Connecticut,Windham,658,15,0,41.82972709,-71.98182316,9015.0,563.4429963521776,2.2796352583586628,643,655,15,0,640,655,117027,3,0,0,3,0
2020-07-24,US,Delaware,Kent,2102,95,0,39.08646628,-75.56884914,10001.0,1162.7006515991286,4.519505233111323,2007,2058,87,0,1971,2025,178550,44,8,0,36,33
2020-07-24,US,Delaware,New Castle,6408,283,0,39.57992638,-75.64054974,10003.0,1146.839480056483,4.416354556803995,6125,6296,253,0,6043,6231,559335,112,30,0,82,65
2020-07-24,US,Delaware,Sussex,5508,190,0,38.66143781,-75.39031349,10005.0,2351.585014409222,3.4495279593318813,5318,5407,180,0,5227,5375,229286,101,10,0,91,32
2020-07-24,US,Delaware,Unassigned,184,10,0,0.0,0.0,90010.0,0.0,5.434782608695652,174,163,9,0,154,161,,21,1,0,20,2
2020-07-24,US,District of Columbia,District of Columbia,11649,581,0,38.90417773,-77.01655992,11001.0,1650.5868233607132,4.987552579620568,11068,11571,581,0,10990,11529,702455,78,0,0,78,42
2020-07-24,US,Florida,Alachua,2984,16,0,29.67866525,-82.35928158,12001.0,1109.1163865999117,0.5361930294906166,2968,2890,16,0,2874,2809,269956,94,0,0,94,81
2020-07-24,US,Florida,Baker,265,4,0,30.33060121,-82.28467476,12003.0,907.2235535775419,1.509433962264151,261,254,4,0,250,250,28355,11,0,0,11,4
2020-07-24,US,Florida,Bay,2477,14,0,30.26548745,-85.62122584,12005.0,1417.8186085114908,0.5651998385143319,2463,2356,14,0,2342,2269,185287,121,0,0,121,87
2020-07-24,US,Florida,Bradford,221,3,0,29.95079741,-82.16611613,12007.0,783.6601538952519,1.3574660633484164,218,212,2,0,210,205,27732,9,1,0,8,7
2020-07-24,US,Florida,Brevard,4756,64,0,28.29409504,-80.73091022,12009.0,790.1093460831775,1.345668629100084,4692,4658,60,0,4598,4561,596849,98,4,0,94,97
2020-07-24,US,Florida,Broward,46576,546,0,26.15184651,-80.48725556,12011.0,2385.11494906231,1.1722775678461008,46030,45010,536,0,44474,43747,1951260,1566,10,0,1556,1263
2020-07-24,US,Florida,Calhoun,242,7,0,30.40666734,-85.19394153,12013.0,1715.7036511875226,2.8925619834710745,235,232,7,0,225,230,14587,10,0,0,10,2
2020-07-24,US,Florida,Charlotte,1606,82,0,26.90131002,-81.92949121,12015.0,850.1402784394685,5.1058530510585305,1524,1560,82,0,1478,1536,184998,46,0,0,46,24
2020-07-24,US,Florida,Citrus,1009,20,0,28.84804315,-82.47614748,12017.0,674.2083564417301,1.9821605550049557,989,954,18,0,936,911,147929,55,2,0,53,43
2020-07-24,US,Florida,Clay,2389,47,0,29.98319144,-81.85609986,12019.0,1089.6137777534527,1.9673503557974048,2342,2330,45,0,2285,2249,216072,59,2,0,57,81
2020-07-24,US,Florida,Collier,8601,117,0,26.11091986,-81.34687065,12021.0,2234.5947799699666,1.3603069410533661,8484,8401,114,0,8287,8249,378488,200,3,0,197,152
2020-07-24,US,Florida,Columbia,2009,10,0,30.22509788,-82.62160164,12023.0,2802.499790754121,0.4977600796416127,1999,1792,7,0,1785,1523,70503,217,3,0,214,269
2020-07-24,US,Florida,DeSoto,1144,14,0,27.18677893,-81.80941373,12027.0,3010.44709349754,1.2237762237762235,1130,1123,14,0,1109,1112,37489,21,0,0,21,11
2020-07-24,US,Florida,Dixie,213,4,0,29.60631086,-83.15724673,12029.0,1265.8980149768215,1.8779342723004693,209,208,4,0,204,203,16700,5,0,0,5,5
2020-07-24,US,Florida,Duval,18781,122,0,30.33225875,-81.66976468,12031.0,1960.9399063434805,0.6495926734465683,18659,18357,113,0,18244,17979,950181,424,9,0,415,378
2020-07-24,US,Florida,Escambia,6684,76,0,30.67652764,-87.37284571,12033.0,2099.8001985448427,1.1370436864153202,6608,6461,73,0,6388,6302,315534,223,3,0,220,159
2020-07-24,US,Florida,Flagler,756,8,0,29.45933576,-81.31508595,12035.0,656.9285981178474,1.058201058201058,748,724,8,0,716,696,112067,32,0,0,32,28
2020-07-24,US,Florida,Franklin,83,1,0,29.83791238,-84.82731662,12037.0,684.5360824742268,1.2048192771084338,82,82,1,0,81,81,11736,1,0,0,1,1
2020-07-24,US,Florida,Gadsden,1090,12,0,30.57796289,-84.61915825,12039.0,2387.209811651336,1.1009174311926606,1078,1040,12,0,1028,957,45894,50,0,0,50,83
2020-07-24,US,Florida,Gilchrist,290,0,0,29.72856978,-82.79880657,12041.0,1560.6500914863848,0.0,290,283,0,0,283,277,18256,7,0,0,7,6
2020-07-24,US,Florida,Glades,293,3,0,26.95635849,-81.18996211,12043.0,2121.49735717906,1.023890784982935,290,292,2,0,290,289,13724,1,1,0,0,3
2020-07-24,US,Florida,Gulf,236,0,0,29.93543004,-85.24270990000002,12045.0,1730.3321357870816,0.0,236,212,0,0,212,205,16164,24,0,0,24,7
2020-07-24,US,Florida,Hamilton,537,2,0,30.49673973,-82.94998918,12047.0,3721.92958136956,0.37243947858473,535,527,2,0,525,523,14310,10,0,0,10,4
2020-07-24,US,Florida,Hardee,759,4,0,27.49293939,-81.80956574,12049.0,2817.6857111036866,0.5270092226613966,755,733,4,0,729,726,27245,26,0,0,26,7
2020-07-24,US,Florida,Hendry,1480,32,0,26.55386945,-81.16469006,12051.0,3521.9646851649127,2.1621621621621623,1448,1451,32,0,1419,1427,41556,29,0,0,29,24
2020-07-24,US,Florida,Hernando,1348,20,0,28.55364461,-82.42700204,12053.0,695.1320132013202,1.483679525222552,1328,1296,19,0,1277,1273,190865,52,1,0,51,23
2020-07-24,US,Florida,Highlands,968,22,0,27.34254618,-81.34071957,12055.0,911.3075568861148,2.272727272727273,946,912,16,0,896,876,105424,56,6,0,50,36
2020-07-24,US,Florida,Hillsborough,26037,280,0,27.9276559,-82.32013172,12057.0,1768.8563881823518,1.0753927103736989,25757,25432,278,0,25154,24891,1436888,605,2,0,603,541
2020-07-24,US,Florida,Holmes,364,1,0,30.86747479,-85.81319222,12059.0,1855.533465871438,0.27472527472527475,363,348,1,0,347,331,19477,16,0,0,16,17
2020-07-24,US,Florida,Indian River,1837,31,0,27.69308961,-80.60556721,12061.0,1148.6778011918234,1.6875340228633642,1806,1767,31,0,1736,1729,157413,70,0,0,70,38
2020-07-24,US,Florida,Jackson,979,17,0,30.795459700000002,-85.21500423,12063.0,2109.27737320636,1.7364657814096016,962,963,17,0,946,916,48305,16,0,0,16,47
2020-07-24,US,Florida,Jefferson,160,5,0,30.43669112,-83.89442308,12065.0,1123.1222799382283,3.125,155,156,5,0,151,122,14288,4,0,0,4,34
2020-07-24,US,Florida,Lafayette,79,0,0,29.98484137,-83.18166636,12067.0,938.0194728093088,0.0,79,75,0,0,75,74,8732,4,0,0,4,1
2020-07-24,US,Florida,Lake,3890,38,0,28.76202069,-81.7125123,12069.0,1059.6048137111231,0.9768637532133676,3852,3757,37,0,3720,3594,356495,133,1,0,132,163
2020-07-24,US,Florida,Lee,14046,252,0,26.58410348,-81.88399313,12071.0,1822.789935334172,1.7941050832977357,13794,13768,247,0,13521,13395,754610,278,5,0,273,373
2020-07-24,US,Florida,Leon,3568,13,0,30.45955727,-84.27491114,12073.0,1215.3333651245648,0.36434977578475336,3555,3480,13,0,3467,3319,292502,88,0,0,88,161
2020-07-24,US,Florida,Levy,441,2,0,29.31829741,-82.74007147,12075.0,1062.5737898465172,0.453514739229025,439,424,2,0,422,414,40770,17,0,0,17,10
2020-07-24,US,Florida,Liberty,327,2,0,30.23766008,-84.8829258,12077.0,3914.292554464927,0.6116207951070336,325,320,2,0,318,320,8457,7,0,0,7,0
2020-07-24,US,Florida,Madison,514,5,0,30.44396917,-83.47398594,12079.0,2779.43005461526,0.9727626459143968,509,504,5,0,499,492,18529,10,0,0,10,12
2020-07-24,US,Florida,Manatee,7520,153,0,27.47196942,-82.31831044,12081.0,1864.8342355791528,2.0345744680851063,7367,7252,152,0,7100,7078,394855,268,1,0,267,174
2020-07-24,US,Florida,Marion,3105,43,0,29.21227113,-82.05803627,12083.0,849.3376260671428,1.3848631239935587,3062,2927,38,0,2889,2826,359977,178,5,0,173,101
2020-07-24,US,Florida,Martin,3357,58,0,27.0772071,-80.43109784,12085.0,2085.0931677018634,1.7277330950253202,3299,3314,58,0,3256,3250,160912,43,0,0,43,64
2020-07-24,US,Florida,Miami-Dade,98430,1370,0,25.6112362,-80.55170587,12086.0,3622.825678888749,1.3918520776186123,97060,95068,1354,0,93714,92345,2761581,3362,16,0,3346,2723
2020-07-24,US,Florida,Monroe,1082,6,0,25.20904673,-81.07812416,12087.0,1457.6709597456486,0.5545286506469501,1076,998,6,0,992,978,75027,84,0,0,84,20
2020-07-24,US,Florida,Nassau,895,7,0,30.61037141,-81.80297522,12089.0,1009.8730606488012,0.7821229050279329,888,865,7,0,858,838,85832,30,0,0,30,27
2020-07-24,US,Florida,Okaloosa,2202,16,0,30.69143028,-86.59267105,12091.0,1044.8993536998548,0.7266121707538601,2186,2134,16,0,2118,2104,207269,68,0,0,68,30
2020-07-24,US,Florida,Okeechobee,797,2,0,27.386336199999995,-80.88944347,12093.0,1890.0588123695693,0.25094102885821834,795,770,2,0,768,694,41537,27,0,0,27,76
2020-07-24,US,Florida,Orange,25952,164,0,28.51367621,-81.31799498,12095.0,1862.4251140333506,0.6319358816276203,25788,25254,156,0,25098,24700,1380645,698,8,0,690,554
2020-07-24,US,Florida,Osceola,7150,51,0,28.06312234,-81.14882926,12097.0,1902.855880623072,0.7132867132867133,7099,6844,49,0,6795,6687,367990,306,2,0,304,157
2020-07-24,US,Florida,Palm Beach,29004,744,0,26.64676272,-80.46536002,12099.0,1937.772670483775,2.5651634257343816,28260,28267,727,0,27540,27506,1485941,737,17,0,720,761
2020-07-24,US,Florida,Pasco,5526,65,0,28.30810945,-82.40227529,12101.0,997.5683594278876,1.1762576909156714,5461,5363,65,0,5298,5260,539630,163,0,0,163,103
2020-07-24,US,Florida,Pinellas,14726,367,0,27.93130349,-82.72239666,12103.0,1510.3651707289057,2.492190683145457,14359,14371,364,0,14007,14191,975280,355,3,0,352,180
2020-07-24,US,Florida,Polk,10909,215,0,27.95027105,-81.69732947,12105.0,1505.1526193574027,1.970849757081309,10694,10545,203,0,10342,10309,708009,364,12,0,352,236
2020-07-24,US,Florida,Putnam,1108,13,0,29.60779729,-81.74230285,12107.0,1486.8292159257119,1.1732851985559567,1095,1083,12,0,1071,1050,74163,25,1,0,24,33
2020-07-24,US,Florida,Santa Rosa,2288,19,0,30.69341450000001,-87.02458128,12113.0,1241.3665883578478,0.8304195804195804,2269,2147,19,0,2128,2090,179349,141,0,0,141,57
2020-07-24,US,Florida,Sarasota,4837,113,0,27.18546175,-82.33174248,12115.0,1115.179069585145,2.336158776100889,4724,4644,110,0,4534,4567,426718,193,3,0,190,77
2020-07-24,US,Florida,Seminole,5852,60,0,28.7158582,-81.24060348,12117.0,1240.2877331897776,1.0252904989747096,5792,5736,56,0,5680,5633,467832,116,4,0,112,103
2020-07-24,US,Florida,St. Johns,2796,18,0,29.90096506,-81.43589967,12109.0,1056.4018861080883,0.6437768240343348,2778,2708,17,0,2691,2670,254261,88,1,0,87,38
2020-07-24,US,Florida,St. Lucie,4153,95,0,27.37763908,-80.47106649,12111.0,1265.0130826660006,2.2875030098723808,4058,4004,94,0,3910,3896,321128,149,1,0,148,108
2020-07-24,US,Florida,Sumter,941,24,0,28.70181754,-82.0794267,12119.0,710.6177314605045,2.5504782146652496,917,902,21,0,881,881,128754,39,3,0,36,21
2020-07-24,US,Florida,Suwannee,979,27,0,30.19746066,-82.99099670000003,12121.0,2204.1110385663146,2.7579162410623086,952,940,27,0,913,934,44191,39,0,0,39,6
2020-07-24,US,Florida,Taylor,249,3,0,30.04848048,-83.60445406,12123.0,1154.4346052204553,1.2048192771084338,246,244,2,0,242,226,21623,5,1,0,4,18
2020-07-24,US,Florida,Unassigned,447,0,0,0.0,0.0,90012.0,0.0,0.0,447,433,0,0,433,420,,14,0,0,14,13
2020-07-24,US,Florida,Union,178,3,0,30.04412971,-82.37497443,12125.0,1168.208965019361,1.6853932584269662,175,169,3,0,166,161,14940,9,0,0,9,8
2020-07-24,US,Florida,Volusia,5969,96,0,29.05858895,-81.18263252,12127.0,1078.8311247026843,1.6083095995979226,5873,5803,92,0,5711,5657,547538,166,4,0,162,146
2020-07-24,US,Florida,Wakulla,455,1,0,30.16548905,-84.39895211,12129.0,1348.5876878389993,0.21978021978021975,454,419,1,0,418,341,32461,36,0,0,36,78
2020-07-24,US,Florida,Walton,964,11,0,30.64204028,-86.16935664,12131.0,1301.4540103414292,1.1410788381742738,953,931,11,0,920,898,71375,33,0,0,33,33
2020-07-24,US,Florida,Washington,402,13,0,30.61359259,-85.66002461,12133.0,1578.1415616535157,3.2338308457711444,389,389,13,0,376,367,24880,13,0,0,13,22
2020-07-24,US,Georgia,Appling,475,16,0,31.74847232,-82.28909114,13001.0,2583.487436092679,3.3684210526315788,459,465,16,0,449,455,18507,10,0,0,10,10
2020-07-24,US,Georgia,Atkinson,259,2,0,31.29633502,-82.87545866,13003.0,3172.075933864053,0.7722007722007722,257,250,2,0,248,246,8297,9,0,0,9,4
2020-07-24,US,Georgia,Bacon,371,5,0,31.55456473,-82.45936528,13005.0,3323.181655320673,1.3477088948787062,366,362,5,0,357,355,11185,9,0,0,9,7
2020-07-24,US,Georgia,Baker,47,3,0,31.32669878,-84.44218806,13007.0,1547.0704410796575,6.382978723404255,44,47,3,0,44,46,3092,0,0,0,0,1
2020-07-24,US,Georgia,Baldwin,806,37,0,33.06882326,-83.24701748,13009.0,1795.5001113833814,4.590570719602979,769,790,37,0,753,770,44823,16,0,0,16,20
2020-07-24,US,Georgia,Banks,202,3,0,34.35607081,-83.49644388,13011.0,1050.2235624415098,1.4851485148514851,199,202,3,0,199,196,18988,0,0,0,0,6
2020-07-24,US,Georgia,Barrow,877,32,0,33.99148694,-83.71436292,13013.0,1053.580009610764,3.648802736602053,845,852,31,0,821,817,80809,25,1,0,24,35
2020-07-24,US,Georgia,Bartow,1283,51,0,34.23732119,-84.83887523,13015.0,1190.8518814160275,3.9750584567420115,1232,1252,50,0,1202,1214,106408,31,1,0,30,38
2020-07-24,US,Georgia,Ben Hill,291,1,0,31.76095874,-83.22145359,13017.0,1742.5149700598804,0.3436426116838488,290,286,1,0,285,284,16787,5,0,0,5,2
2020-07-24,US,Georgia,Berrien,222,0,0,31.27590016,-83.22529920000002,13019.0,1144.5068825076046,0.0,222,212,0,0,212,205,19252,10,0,0,10,7
2020-07-24,US,Georgia,Bibb,2614,51,0,32.80904227,-83.70489165,13021.0,1706.723078630704,1.951032899770467,2563,2507,49,0,2458,2390,153095,107,2,0,105,117
2020-07-24,US,Georgia,Bleckley,109,1,0,32.43829035,-83.33035166,13023.0,846.7334731608794,0.9174311926605504,108,109,1,0,108,103,12838,0,0,0,0,6
2020-07-24,US,Georgia,Brantley,192,3,0,31.19576557,-81.97743999,13025.0,1004.7621539588677,1.5625,189,186,3,0,183,181,18897,6,0,0,6,5
2020-07-24,US,Georgia,Brooks,303,12,0,30.83922642,-83.58303423,13027.0,1960.2768971986802,3.96039603960396,291,298,12,0,286,293,15513,5,0,0,5,5
2020-07-24,US,Georgia,Bryan,437,6,0,32.00979311,-81.44002948,13029.0,1102.7834557246322,1.3729977116704806,431,421,6,0,415,396,38109,16,0,0,16,25
2020-07-24,US,Georgia,Bulloch,878,9,0,32.39577406,-81.74811421,13031.0,1102.9042307305801,1.0250569476082003,869,855,8,0,847,834,77296,23,1,0,22,21
2020-07-24,US,Georgia,Burke,306,7,0,33.05917989,-81.99928721,13033.0,1367.1089666264575,2.2875816993464047,299,302,7,0,295,270,22423,4,0,0,4,32
2020-07-24,US,Georgia,Butts,393,36,0,33.283094500000004,-83.95435040000002,13035.0,1576.0346487006734,9.16030534351145,357,380,36,0,344,379,24193,13,0,0,13,1
2020-07-24,US,Georgia,Calhoun,179,6,0,31.53169785,-84.62725131,13037.0,2892.228146711909,3.35195530726257,173,178,6,0,172,178,6352,1,0,0,1,0
2020-07-24,US,Georgia,Camden,472,4,0,30.92951916,-81.66601818,13039.0,863.425163721509,0.8474576271186439,468,451,3,0,448,423,53677,21,1,0,20,28
2020-07-24,US,Georgia,Candler,157,1,0,32.40209349,-82.07702563,13043.0,1453.3000092566879,0.6369426751592356,156,148,1,0,147,143,10836,9,0,0,9,5
2020-07-24,US,Georgia,Carroll,1478,42,0,33.58138199,-85.07976677,13045.0,1231.7487832522168,2.841677943166441,1436,1452,42,0,1410,1414,118121,26,0,0,26,38
2020-07-24,US,Georgia,Catoosa,441,8,0,34.89872298,-85.13757014,13047.0,652.559928973069,1.8140589569161,433,431,8,0,423,423,67420,10,0,0,10,8
2020-07-24,US,Georgia,Charlton,244,3,0,30.78371028,-82.13951596,13049.0,1821.9832735961768,1.2295081967213115,241,232,2,0,230,207,12968,12,1,0,11,25
2020-07-24,US,Georgia,Chatham,4068,44,0,32.00043026,-81.12489526,13051.0,1405.5211968351587,1.0816125860373649,4024,3928,44,0,3884,3723,289195,140,0,0,140,205
2020-07-24,US,Georgia,Chattahoochee,507,1,0,32.34341231,-84.78809239,13053.0,4648.390941597139,0.19723865877712032,506,505,1,0,504,504,10684,2,0,0,2,1
2020-07-24,US,Georgia,Chattooga,125,2,0,34.47197698,-85.34535662,13055.0,504.2559199645004,1.6,123,115,2,0,113,101,24790,10,0,0,10,14
2020-07-24,US,Georgia,Cherokee,2364,51,0,34.24393976,-84.47431861,13057.0,913.5419846738259,2.1573604060913705,2313,2312,50,0,2262,2267,254149,52,1,0,51,45
2020-07-24,US,Georgia,Clarke,1396,15,0,33.95436462,-83.37124007,13059.0,1087.8119861919567,1.0744985673352436,1381,1356,15,0,1341,1306,127330,40,0,0,40,50
2020-07-24,US,Georgia,Clay,69,2,0,31.62221166,-84.97713865,13061.0,2434.721242060692,2.898550724637681,67,68,2,0,66,68,2887,1,0,0,1,0
2020-07-24,US,Georgia,Clayton,3838,90,0,33.54187245,-84.35594188,13063.0,1313.2322347530933,2.344971339239187,3748,3737,89,0,3648,3630,289615,101,1,0,100,107
2020-07-24,US,Georgia,Clinch,153,4,0,30.91395822,-82.70432472,13065.0,2311.876699909338,2.6143790849673203,149,148,4,0,144,141,6648,5,0,0,5,7
2020-07-24,US,Georgia,Cobb,9717,282,0,33.94243204,-84.5761255,13067.0,1278.3154704193041,2.902130287125656,9435,9380,276,0,9104,8966,756865,337,6,0,331,414
2020-07-24,US,Georgia,Coffee,1156,22,0,31.54892966,-82.85492059999999,13069.0,2671.4117347999913,1.9031141868512111,1134,1099,21,0,1078,1080,43093,57,1,0,56,19
2020-07-24,US,Georgia,Colquitt,1391,21,0,31.18810588,-83.7677946,13071.0,3050.438596491228,1.5097052480230049,1370,1383,20,0,1363,1377,45592,8,1,0,7,6
2020-07-24,US,Georgia,Columbia,1395,18,0,33.54534185,-82.263524,13073.0,890.1565909874037,1.2903225806451613,1377,1361,17,0,1344,1323,154291,34,1,0,33,38
2020-07-24,US,Georgia,Cook,329,5,0,31.16068491,-83.42947229,13075.0,1905.0376375217136,1.5197568389057752,324,312,5,0,307,301,17162,17,0,0,17,11
2020-07-24,US,Georgia,Coweta,1136,17,0,33.35334302,-84.76129976,13077.0,764.9368051767906,1.4964788732394363,1119,1104,17,0,1087,1056,145864,32,0,0,32,48
2020-07-24,US,Georgia,Crawford,81,0,0,32.71391813,-83.98061238,13079.0,653.0151564011609,0.0,81,76,0,0,76,68,12318,5,0,0,5,8
2020-07-24,US,Georgia,Crisp,347,14,0,31.92289565,-83.76811843,13081.0,1551.0459502950116,4.034582132564841,333,346,13,0,333,340,22601,1,1,0,0,6
2020-07-24,US,Georgia,Dade,92,1,0,34.854916700000004,-85.50490424,13083.0,570.8612558947631,1.0869565217391304,91,89,1,0,88,89,16226,3,0,0,3,0
2020-07-24,US,Georgia,Dawson,226,3,0,34.44244079,-84.16964071,13085.0,865.6350543894591,1.327433628318584,223,217,3,0,214,210,25083,9,0,0,9,7
2020-07-24,US,Georgia,DeKalb,10767,204,0,33.76944049,-84.22396017,13089.0,1418.0221968478738,1.8946781833379769,10563,10480,199,0,10281,10203,756558,287,5,0,282,277
2020-07-24,US,Georgia,Decatur,469,8,0,30.87967778,-84.57619536,13087.0,1776.2460233297986,1.7057569296375266,461,445,8,0,437,417,26575,24,0,0,24,28
2020-07-24,US,Georgia,Dodge,191,2,0,32.17265114,-83.16948926,13091.0,926.9594758553748,1.0471204188481675,189,189,2,0,187,179,20705,2,0,0,2,10
2020-07-24,US,Georgia,Dooly,230,14,0,32.15630737,-83.79746561,13093.0,1717.699775952203,6.086956521739131,216,230,14,0,216,226,13706,0,0,0,0,4
2020-07-24,US,Georgia,Dougherty,2428,160,0,31.53328528,-84.21722377,13095.0,2760.471144663241,6.589785831960461,2268,2411,159,0,2252,2365,91243,17,1,0,16,46
2020-07-24,US,Georgia,Douglas,1970,45,0,33.70291126,-84.77026156,13097.0,1346.15253206508,2.2842639593908634,1925,1914,44,0,1870,1853,145331,56,1,0,55,61
2020-07-24,US,Georgia,Early,337,31,0,31.32155345,-84.90255207,13099.0,3307.1638861629053,9.19881305637982,306,337,31,0,306,337,10247,0,0,0,0,0
2020-07-24,US,Georgia,Echols,217,0,0,30.71101099,-82.89687287,13101.0,5416.874687968048,0.0,217,217,0,0,217,217,4000,0,0,0,0,0
2020-07-24,US,Georgia,Effingham,491,1,0,32.36616021,-81.34280942,13103.0,763.6555928829166,0.20366598778004075,490,468,1,0,467,444,62190,23,0,0,23,24
2020-07-24,US,Georgia,Elbert,271,1,0,34.11302332,-82.83936148,13105.0,1411.8995519433154,0.3690036900369004,270,266,1,0,265,247,19120,5,0,0,5,19
2020-07-24,US,Georgia,Emanuel,295,5,0,32.59221302,-82.30239915,13107.0,1302.6583061026224,1.6949152542372878,290,286,5,0,281,271,22612,9,0,0,9,15
2020-07-24,US,Georgia,Evans,141,1,0,32.15328841,-81.8870105,13109.0,1323.4465928289844,0.7092198581560284,140,133,1,0,132,128,10721,8,0,0,8,5
2020-07-24,US,Georgia,Fannin,223,2,0,34.86430205,-84.316964,13111.0,851.5350542233084,0.8968609865470852,221,214,2,0,212,206,25964,9,0,0,9,8
2020-07-24,US,Georgia,Fayette,764,23,0,33.41357794,-84.49089434,13113.0,667.7095987624649,3.0104712041884816,741,742,21,0,721,702,113459,22,2,0,20,40
2020-07-24,US,Georgia,Floyd,977,15,0,34.26268279,-85.21577392,13115.0,991.8983126560944,1.5353121801432958,962,942,15,0,927,905,97927,35,0,0,35,37
2020-07-24,US,Georgia,Forsyth,1556,16,0,34.22604035,-84.12315129999998,13117.0,637.0469842621554,1.0282776349614395,1540,1499,16,0,1483,1454,236612,57,0,0,57,45
2020-07-24,US,Georgia,Franklin,319,3,0,34.37525597,-83.23159927,13119.0,1366.2255342841236,0.9404388714733544,316,315,3,0,312,308,23023,4,0,0,4,7
2020-07-24,US,Georgia,Fulton,15221,365,0,33.79216944,-84.46319413,13121.0,1430.629821126627,2.398002759345641,14856,14673,356,0,14317,14169,1050114,548,9,0,539,504
2020-07-24,US,Georgia,Gilmer,416,3,0,34.69316688,-84.45802506,13123.0,1326.150020721094,0.7211538461538461,413,405,3,0,402,392,30816,11,0,0,11,13
2020-07-24,US,Georgia,Glascock,17,0,0,33.22879932,-82.61297636,13125.0,572.1979131605519,0.0,17,17,0,0,17,17,2995,0,0,0,0,0
2020-07-24,US,Georgia,Glynn,2049,19,0,31.23279254,-81.53811412,13127.0,2402.3355062608452,0.9272816007808689,2030,2008,13,0,1995,1948,85219,41,6,0,35,60
2020-07-24,US,Georgia,Gordon,772,21,0,34.50487351,-84.87296253,13129.0,1331.8841329813847,2.7202072538860103,751,749,20,0,729,723,57685,23,1,0,22,26
2020-07-24,US,Georgia,Grady,341,4,0,30.87454847,-84.23418364,13131.0,1384.3218446799012,1.1730205278592376,337,327,4,0,323,312,24748,14,0,0,14,15
2020-07-24,US,Georgia,Greene,200,11,0,33.5769205,-83.17139104,13133.0,1091.4647456887144,5.5,189,189,11,0,178,185,17698,11,0,0,11,4
2020-07-24,US,Georgia,Gwinnett,14801,213,0,33.96044201,-84.02137802,13135.0,1580.8811748998667,1.4390919532464024,14588,14442,209,0,14233,14099,927781,359,4,0,355,343
2020-07-24,US,Georgia,Habersham,921,47,0,34.63331566,-83.53094677,13137.0,2031.8566890222376,5.10314875135722,874,904,43,0,861,890,45388,17,4,0,13,14
2020-07-24,US,Georgia,Hall,4789,70,0,34.32207823,-83.81896936,13139.0,2342.485117955792,1.4616830235957403,4719,4706,69,0,4637,4620,202148,83,1,0,82,86
2020-07-24,US,Georgia,Hancock,253,34,0,33.2721566,-82.99766919,13141.0,2991.604587915336,13.438735177865613,219,249,33,0,216,246,8348,4,1,0,3,3
2020-07-24,US,Georgia,Haralson,151,6,0,33.79602175,-85.21005667,13143.0,506.8474758324383,3.9735099337748334,145,146,6,0,140,142,29533,5,0,0,5,4
2020-07-24,US,Georgia,Harris,547,14,0,32.73709786,-84.90538572,13145.0,1552.3896015438754,2.5594149908592323,533,535,14,0,521,530,34475,12,0,0,12,5
2020-07-24,US,Georgia,Hart,191,0,0,34.34626973,-82.96567682,13147.0,728.8685365388284,0.0,191,185,0,0,185,175,26099,6,0,0,6,10
2020-07-24,US,Georgia,Heard,117,3,0,33.29686567,-85.12886832,13149.0,981.2966535267972,2.5641025641025643,114,112,3,0,109,104,11879,5,0,0,5,8
2020-07-24,US,Georgia,Henry,2479,38,0,33.4533428,-84.14814659999998,13151.0,1056.8679362724408,1.5328761597418314,2441,2389,37,0,2352,2301,230220,90,1,0,89,88
2020-07-24,US,Georgia,Houston,1430,36,0,32.45802497,-83.66879087,13153.0,905.8487422638617,2.517482517482517,1394,1368,36,0,1332,1297,155469,62,0,0,62,71
2020-07-24,US,Georgia,Irwin,123,1,0,31.60213036,-83.27501387,13155.0,1306.2871707731524,0.8130081300813008,122,122,1,0,121,117,9398,1,0,0,1,5
2020-07-24,US,Georgia,Jackson,735,13,0,34.13794553,-83.56814788,13157.0,1007.1666415445962,1.7687074829931972,722,694,13,0,681,667,70422,41,0,0,41,27
2020-07-24,US,Georgia,Jasper,103,1,0,33.31535543,-83.68844964,13159.0,724.3828679935298,0.9708737864077671,102,103,1,0,102,103,14040,0,0,0,0,0
2020-07-24,US,Georgia,Jeff Davis,254,4,0,31.80405727,-82.63724870000001,13161.0,1680.4498842209725,1.5748031496062993,250,249,4,0,245,232,15029,5,0,0,5,17
2020-07-24,US,Georgia,Jefferson,349,5,0,33.05867328,-82.41609057,13163.0,2271.839604218201,1.4326647564469914,344,337,5,0,332,319,15430,12,0,0,12,18
2020-07-24,US,Georgia,Jenkins,205,18,0,32.79248718,-81.96040187,13165.0,2362.8400184416782,8.78048780487805,187,205,17,0,188,197,8683,0,1,0,-1,8
2020-07-24,US,Georgia,Johnson,204,3,0,32.70211082,-82.66166794,13167.0,2115.524214456082,1.4705882352941178,201,192,2,0,190,187,9708,12,1,0,11,5
2020-07-24,US,Georgia,Jones,214,1,0,33.02512137,-83.56019163,13169.0,744.7363842004524,0.4672897196261682,213,206,1,0,205,199,28616,8,0,0,8,7
2020-07-24,US,Georgia,Lamar,184,8,0,33.07841647,-84.14263877,13171.0,964.5122398700003,4.3478260869565215,176,178,8,0,170,173,19000,6,0,0,6,5
2020-07-24,US,Georgia,Lanier,190,4,0,31.03828570000001,-83.06472457,13173.0,1822.8916818574307,2.1052631578947367,186,189,3,0,186,185,10340,1,1,0,0,4
2020-07-24,US,Georgia,Laurens,562,1,0,32.46325233,-82.92221316,13175.0,1182.0132082614732,0.17793594306049826,561,548,1,0,547,537,47325,14,0,0,14,11
2020-07-24,US,Georgia,Lee,472,22,0,31.779330600000005,-84.14324253,13177.0,1573.7530008002136,4.6610169491525415,450,464,22,0,442,457,29764,8,0,0,8,7
2020-07-24,US,Georgia,Liberty,468,2,0,31.82588896,-81.49251135,13179.0,761.7807438756412,0.4273504273504273,466,458,2,0,456,437,61497,10,0,0,10,21
2020-07-24,US,Georgia,Lincoln,96,3,0,33.79201475,-82.45024131,13181.0,1211.968185835122,3.125,93,92,2,0,90,91,7915,4,1,0,3,1
2020-07-24,US,Georgia,Long,94,1,0,31.75218791,-81.74952375,13183.0,480.59716754435306,1.0638297872340423,93,94,1,0,93,90,18998,0,0,0,0,4
2020-07-24,US,Georgia,Lowndes,2563,23,0,30.83568832,-83.27056716,13185.0,2183.023014156005,0.8973858759266484,2540,2495,23,0,2472,2344,116321,68,0,0,68,151
2020-07-24,US,Georgia,Lumpkin,236,5,0,34.57286511,-84.00425681,13187.0,702.1719726271942,2.1186440677966103,231,233,5,0,228,222,32955,3,0,0,3,11
2020-07-24,US,Georgia,Macon,156,10,0,32.35207048,-84.04234127,13193.0,1204.9123349038389,6.410256410256411,146,154,10,0,144,153,13143,2,0,0,2,1
2020-07-24,US,Georgia,Madison,265,4,0,34.12920917,-83.21218732,13195.0,886.8808567603749,1.509433962264151,261,248,4,0,244,239,29650,17,0,0,17,9
2020-07-24,US,Georgia,Marion,117,4,0,32.3483402,-84.52733571,13197.0,1399.6889580093314,3.418803418803418,113,113,4,0,109,113,8351,4,0,0,4,0
2020-07-24,US,Georgia,McDuffie,221,8,0,33.47851918,-82.48252774,13189.0,1036.9744744744744,3.619909502262444,213,220,8,0,212,211,21531,1,0,0,1,9
2020-07-24,US,Georgia,McIntosh,117,2,0,31.49683595,-81.40163426,13191.0,813.74321880651,1.709401709401709,115,114,1,0,113,110,14340,3,1,0,2,4
2020-07-24,US,Georgia,Meriwether,307,5,0,33.04163534,-84.68859732,13199.0,1450.3708603014127,1.6286644951140066,302,301,5,0,296,293,21068,6,0,0,6,8
2020-07-24,US,Georgia,Miller,87,0,0,31.16568912,-84.73151117,13201.0,1521.5110178384052,0.0,87,84,0,0,84,77,5686,3,0,0,3,7
2020-07-24,US,Georgia,Mitchell,548,41,0,31.22483255,-84.19381821,13205.0,2506.51786122673,7.481751824817518,507,544,41,0,503,528,22192,4,0,0,4,16
2020-07-24,US,Georgia,Monroe,349,22,0,33.014289,-83.92097166,13207.0,1265.5014866922909,6.303724928366762,327,332,20,0,312,324,27520,17,2,0,15,8
2020-07-24,US,Georgia,Montgomery,100,0,0,32.17201038,-82.53527476,13209.0,1090.2747492368076,0.0,100,97,0,0,97,94,9193,3,0,0,3,3
2020-07-24,US,Georgia,Morgan,132,0,0,33.59232073,-83.49129491,13211.0,684.7893753890849,0.0,132,129,0,0,129,119,18853,3,0,0,3,10
2020-07-24,US,Georgia,Murray,445,2,0,34.78897608,-84.74993177,13213.0,1109.8363926576217,0.44943820224719105,443,433,2,0,431,412,39921,12,0,0,12,21
2020-07-24,US,Georgia,Muscogee,3700,74,0,32.50931999,-84.87142262,13215.0,1889.9825815118838,2.0,3626,3642,72,0,3570,3550,194160,58,2,0,56,92
2020-07-24,US,Georgia,Newton,1328,24,0,33.55514538,-83.84547140000002,13217.0,1188.430698739977,1.8072289156626504,1304,1294,22,0,1272,1263,109541,34,2,0,32,31
2020-07-24,US,Georgia,Oconee,326,15,0,33.83749973,-83.43679568,13219.0,809.3346573982125,4.601226993865031,311,322,15,0,307,314,39272,4,0,0,4,8
2020-07-24,US,Georgia,Oglethorpe,160,7,0,33.878629600000004,-83.08278123,13221.0,1048.5615046857592,4.375,153,158,7,0,151,150,15054,2,0,0,2,8
2020-07-24,US,Georgia,Out of GA,13669,74,0,0.0,0.0,80013.0,0.0,0.54137098544151,13595,12731,72,0,12659,13182,,938,2,0,936,-451
2020-07-24,US,Georgia,Paulding,1178,18,0,33.91969522,-84.86848792,13223.0,698.4175920600948,1.528013582342954,1160,1146,18,0,1128,1110,164044,32,0,0,32,36
2020-07-24,US,Georgia,Peach,237,10,0,32.56934316,-83.82937,13225.0,860.3790023959923,4.219409282700422,227,220,9,0,211,209,27297,17,1,0,16,11
2020-07-24,US,Georgia,Pickens,206,5,0,34.46589159,-84.46406611,13227.0,632.076340093891,2.4271844660194173,201,200,5,0,195,191,31980,6,0,0,6,9
2020-07-24,US,Georgia,Pierce,342,5,0,31.35928155,-82.21598442,13229.0,1756.9997431286927,1.4619883040935673,337,337,5,0,332,324,19389,5,0,0,5,13
2020-07-24,US,Georgia,Pike,157,3,0,33.09310242,-84.38790389,13231.0,827.9717329395635,1.9108280254777068,154,149,3,0,146,146,18634,8,0,0,8,3
2020-07-24,US,Georgia,Polk,479,4,0,34.00267074,-85.18677781,13233.0,1124.0701194471173,0.8350730688935282,475,457,3,0,454,439,42470,22,1,0,21,18
2020-07-24,US,Georgia,Pulaski,75,2,0,32.23334561,-83.47549959999998,13235.0,673.4309059890455,2.6666666666666665,73,73,2,0,71,70,11069,2,0,0,2,3
2020-07-24,US,Georgia,Putnam,295,17,0,33.32056115,-83.37552891,13237.0,1333.69501333695,5.7627118644067785,278,287,17,0,270,279,21809,8,0,0,8,8
2020-07-24,US,Georgia,Quitman,25,1,0,31.86728114,-85.01773177,13239.0,1087.4293170943888,4.0,24,25,1,0,24,25,2279,0,0,0,0,0
2020-07-24,US,Georgia,Rabun,147,3,0,34.88389445,-83.40304637,13241.0,857.7930793020947,2.0408163265306123,144,139,3,0,136,134,16867,8,0,0,8,5
2020-07-24,US,Georgia,Randolph,231,26,0,31.76622818,-84.75732369,13243.0,3408.084980820301,11.255411255411255,205,230,26,0,204,229,6833,1,0,0,1,1
2020-07-24,US,Georgia,Richmond,2579,74,0,33.35777107,-82.07026432,13245.0,1273.4670498424832,2.8693291973633186,2505,2524,73,0,2451,2437,201554,55,1,0,54,87
2020-07-24,US,Georgia,Rockdale,966,12,0,33.65145002,-84.02202167,13247.0,1062.753036437247,1.2422360248447204,954,940,12,0,928,926,90594,26,0,0,26,14
2020-07-24,US,Georgia,Schley,33,1,0,32.2654021,-84.31258912,13249.0,627.7344493056877,3.0303030303030303,32,33,1,0,32,32,5236,0,0,0,0,1
2020-07-24,US,Georgia,Screven,144,9,0,32.74976524,-81.60779441,13251.0,1031.0754689961334,6.25,135,141,8,0,133,138,13938,3,1,0,2,3
2020-07-24,US,Georgia,Seminole,86,2,0,30.93464824,-84.86823924,13253.0,1063.0407911001237,2.3255813953488373,84,79,2,0,77,77,8315,7,0,0,7,2
2020-07-24,US,Georgia,Spalding,708,35,0,33.26310031,-84.28013991,13255.0,1061.4215252687286,4.943502824858757,673,689,35,0,654,676,66100,19,0,0,19,13
2020-07-24,US,Georgia,Stephens,463,6,0,34.55151201,-83.29405315,13257.0,1785.920925747348,1.2958963282937366,457,446,6,0,440,442,26035,17,0,0,17,4
2020-07-24,US,Georgia,Stewart,235,4,0,32.07996777,-84.83208037,13259.0,3549.312792629512,1.702127659574468,231,235,4,0,231,235,6199,0,0,0,0,0
2020-07-24,US,Georgia,Sumter,688,55,0,32.03650571,-84.19821492,13261.0,2330.3075464029266,7.9941860465116275,633,684,55,0,629,680,29733,4,0,0,4,4
2020-07-24,US,Georgia,Talbot,114,3,0,32.69642758,-84.53351366,13263.0,1840.1937046004846,2.631578947368421,111,114,3,0,111,108,6272,0,0,0,0,6
2020-07-24,US,Georgia,Taliaferro,5,0,0,33.56543317,-82.88136816,13265.0,325.3090435914118,0.0,5,5,0,0,5,5,1608,0,0,0,0,0
2020-07-24,US,Georgia,Tattnall,306,0,0,32.04785085,-82.05539188,13267.0,1210.1558174483905,0.0,306,295,0,0,295,282,25391,11,0,0,11,13
2020-07-24,US,Georgia,Taylor,54,2,0,32.55792548,-84.25077141,13269.0,673.3167082294265,3.703703703703704,52,54,2,0,52,54,8039,0,0,0,0,0
2020-07-24,US,Georgia,Telfair,232,5,0,31.92829517,-82.93491155,13271.0,1462.7994955863805,2.155172413793104,227,228,5,0,223,226,15876,4,0,0,4,2
2020-07-24,US,Georgia,Terrell,273,29,0,31.77527543,-84.44069698,13273.0,3200.0937756417766,10.622710622710622,244,271,29,0,242,268,8611,2,0,0,2,3
2020-07-24,US,Georgia,Thomas,809,38,0,30.86392347,-83.91847289,13275.0,1819.981552720973,4.697156983930778,771,789,37,0,752,755,44448,20,1,0,19,34
2020-07-24,US,Georgia,Tift,1131,34,0,31.45743864,-83.5236119,13277.0,2782.698553291999,3.0061892130857646,1097,1104,32,0,1072,1089,40571,27,2,0,25,15
2020-07-24,US,Georgia,Toombs,475,6,0,32.12059861,-82.32957247,13279.0,1770.4062616474093,1.263157894736842,469,463,6,0,457,444,26887,12,0,0,12,19
2020-07-24,US,Georgia,Towns,94,1,0,34.91369188,-83.74107459999998,13281.0,780.9254797707069,1.0638297872340423,93,94,1,0,93,85,11852,0,0,0,0,9
2020-07-24,US,Georgia,Treutlen,74,2,0,32.40422134,-82.56904553,13283.0,1072.3083611070858,2.702702702702702,72,66,2,0,64,62,6809,8,0,0,8,4
2020-07-24,US,Georgia,Troup,2027,52,0,33.03349196,-85.02812115,13285.0,2898.9445381997084,2.565367538233843,1975,1999,50,0,1949,1957,70034,28,2,0,26,42
2020-07-24,US,Georgia,Turner,204,18,0,31.71612656,-83.62069378,13287.0,2554.7902316844084,8.823529411764708,186,204,18,0,186,204,7912,0,0,0,0,0
2020-07-24,US,Georgia,Twiggs,65,1,0,32.67435595,-83.43078662,13289.0,800.4926108374384,1.5384615384615383,64,61,1,0,60,61,8188,4,0,0,4,0
2020-07-24,US,Georgia,Unassigned,2109,6,0,0.0,0.0,90013.0,0.0,0.2844950213371266,2103,2223,4,0,2219,1917,,-114,2,0,-116,306
2020-07-24,US,Georgia,Union,162,5,0,34.82995757,-83.98967069,13291.0,660.9277467259598,3.08641975308642,157,151,4,0,147,147,24001,11,1,0,10,4
2020-07-24,US,Georgia,Upson,435,45,0,32.87920671,-84.30024826,13293.0,1652.7355623100304,10.344827586206897,390,434,45,0,389,434,26215,1,0,0,1,0
2020-07-24,US,Georgia,Walker,439,14,0,34.73376362,-85.30165174,13295.0,629.2914379094336,3.1890660592255125,425,425,14,0,411,419,69410,14,0,0,14,6
2020-07-24,US,Georgia,Walton,729,32,0,33.78017694,-83.73552314,13297.0,770.67013415369,4.3895747599451305,697,705,32,0,673,675,93503,24,0,0,24,30
2020-07-24,US,Georgia,Ware,972,19,0,31.05449097,-82.42224148,13299.0,2720.098505624895,1.954732510288066,953,947,17,0,930,914,35680,25,2,0,23,33
2020-07-24,US,Georgia,Warren,44,0,0,33.41146451,-82.67795848,13301.0,837.4571754853447,0.0,44,44,0,0,44,44,5251,0,0,0,0,0
2020-07-24,US,Georgia,Washington,301,1,0,32.96711864,-82.79357039,13303.0,1477.3731226072446,0.3322259136212625,300,273,1,0,272,254,20386,28,0,0,28,19
2020-07-24,US,Georgia,Wayne,489,2,0,31.5521809,-81.91894878,13305.0,1633.9760082868313,0.40899795501022496,487,475,2,0,473,443,29808,14,0,0,14,32
2020-07-24,US,Georgia,Webster,35,2,0,32.04066113,-84.54742852,13307.0,1342.5393172228614,5.7142857142857135,33,35,2,0,33,35,2611,0,0,0,0,0
2020-07-24,US,Georgia,Wheeler,80,0,0,32.12009104,-82.72574721,13309.0,1018.4595798854233,0.0,80,77,0,0,77,76,7879,3,0,0,3,1
2020-07-24,US,Georgia,White,248,5,0,34.64624278,-83.74905525,13311.0,805.2470939671408,2.0161290322580645,243,241,5,0,236,236,29970,7,0,0,7,5
2020-07-24,US,Georgia,Whitfield,2539,23,0,34.80987459,-84.96093476,13313.0,2426.6926635317504,0.9058684521465143,2516,2479,23,0,2456,2410,104062,60,0,0,60,69
2020-07-24,US,Georgia,Wilcox,150,17,0,31.97496928,-83.43438555,13315.0,1737.1163867979155,11.333333333333336,133,150,17,0,133,148,8812,0,0,0,0,2
2020-07-24,US,Georgia,Wilkes,157,3,0,33.78290391,-82.74286107,13317.0,1605.8095530326275,1.9108280254777068,154,157,3,0,154,150,9876,0,0,0,0,7
2020-07-24,US,Georgia,Wilkinson,154,10,0,32.80291082,-83.17140684,13319.0,1719.9017199017194,6.493506493506493,144,150,10,0,140,145,9036,4,0,0,4,5
2020-07-24,US,Georgia,Worth,394,23,0,31.55162306,-83.85090513,13321.0,1945.9673037980936,5.83756345177665,371,389,23,0,366,383,20299,5,0,0,5,6
2020-07-24,US,Hawaii,Hawaii,117,0,0,19.60121157,-155.5210167,15001.0,58.06077027288562,0.0,117,117,0,0,117,114,200983,0,0,0,0,3
2020-07-24,US,Hawaii,Honolulu,1225,19,0,21.45803166,-157.97121819999995,15003.0,125.69736384410244,1.5510204081632653,1206,1167,19,0,1148,1117,980080,58,0,0,58,50
2020-07-24,US,Hawaii,Kauai,43,0,0,22.03935037,-159.5966786,15007.0,59.480170970910045,0.0,43,43,0,0,43,43,72133,0,0,0,0,0
2020-07-24,US,Hawaii,Maui,141,6,0,20.86399628,-156.56890969999995,15009.0,84.22083778827721,4.25531914893617,135,141,6,0,135,139,167207,0,0,0,0,2
2020-07-24,US,Hawaii,Out of HI,23,1,0,0.0,0.0,80015.0,0.0,4.3478260869565215,22,22,1,0,21,22,,1,0,0,1,0
2020-07-24,US,Idaho,Ada,6732,45,0,43.4526575,-116.24155159999998,16001.0,1397.8782649863888,0.6684491978609626,6687,6587,42,0,6545,6423,469966,145,3,0,142,164
2020-07-24,US,Idaho,Adams,15,0,0,44.89333571,-116.4545247,16003.0,349.32463903120635,0.0,15,15,0,0,15,15,4250,0,0,0,0,0
2020-07-24,US,Idaho,Bannock,234,1,0,42.67002716,-112.2233311,16005.0,266.4905247813411,0.4273504273504273,233,229,1,0,228,221,87138,5,0,0,5,8
2020-07-24,US,Idaho,Bear Lake,6,0,0,42.28269683,-111.32892379999998,16007.0,97.95918367346935,0.0,6,3,0,0,3,3,6050,3,0,0,3,0
2020-07-24,US,Idaho,Benewah,39,0,0,47.21754179,-116.6586851,16009.0,419.44504194450417,0.0,39,38,0,0,38,37,9226,1,0,0,1,1
2020-07-24,US,Idaho,Bingham,140,2,0,43.21672879999999,-112.3978437,16011.0,299.0750037384376,1.4285714285714286,138,133,2,0,131,129,46236,7,0,0,7,4
2020-07-24,US,Idaho,Blaine,562,6,0,43.4085812,-113.9752658,16013.0,2441.249294122757,1.0676156583629892,556,562,6,0,556,562,22601,0,0,0,0,0
2020-07-24,US,Idaho,Boise,29,0,0,43.98829931,-115.7309284,16015.0,370.3230749584983,0.0,29,26,0,0,26,25,7634,3,0,0,3,1
2020-07-24,US,Idaho,Bonner,111,0,0,48.29996017,-116.6017932,16017.0,242.68130042195938,0.0,111,104,0,0,104,103,44727,7,0,0,7,1
2020-07-24,US,Idaho,Bonneville,461,1,0,43.38713372,-111.6161537,16019.0,387.1932270581714,0.2169197396963124,460,417,1,0,416,394,116854,44,0,0,44,23
2020-07-24,US,Idaho,Boundary,27,0,0,48.76684761,-116.4630179,16021.0,220.49816251531243,0.0,27,26,0,0,26,19,11948,1,0,0,1,7
2020-07-24,US,Idaho,Camas,1,0,0,43.46665742,-114.8065892,16025.0,90.41591320072331,0.0,1,1,0,0,1,1,1127,0,0,0,0,0
2020-07-24,US,Idaho,Canyon,3814,26,0,43.61970148,-116.70954990000001,16027.0,1659.3502690897067,0.6816990036706869,3788,3683,23,0,3660,3598,223499,131,3,0,128,85
2020-07-24,US,Idaho,Caribou,21,0,0,42.77149116,-111.5597683,16029.0,293.5010482180293,0.0,21,21,0,0,21,21,7060,0,0,0,0,0
2020-07-24,US,Idaho,Cassia,398,1,0,42.28347888,-113.6012409,16031.0,1656.2630045776114,0.25125628140703515,397,384,1,0,383,383,23864,14,0,0,14,1
2020-07-24,US,Idaho,Clark,1,0,0,44.28496071,-112.35057040000001,16033.0,118.3431952662722,0.0,1,1,0,0,1,1,852,0,0,0,0,0
2020-07-24,US,Idaho,Clearwater,14,0,0,46.67459924,-115.6622393,16035.0,159.890360895386,0.0,14,14,0,0,14,8,8758,0,0,0,0,6
2020-07-24,US,Idaho,Custer,7,0,0,44.24186819,-114.2855494,16037.0,162.22479721900348,0.0,7,7,0,0,7,7,4280,0,0,0,0,0
2020-07-24,US,Idaho,Elmore,136,2,0,43.3507101,-115.4701578,16039.0,494.3477154592708,1.4705882352941178,134,132,2,0,130,131,27259,4,0,0,4,1
2020-07-24,US,Idaho,Franklin,38,0,0,42.18332217,-111.81496659999999,16041.0,273.8541366388008,0.0,38,38,0,0,38,37,13726,0,0,0,0,1
2020-07-24,US,Idaho,Fremont,36,0,0,44.22800938,-111.48099429999999,16043.0,274.830139705321,0.0,36,34,0,0,34,31,13168,2,0,0,2,3
2020-07-24,US,Idaho,Gem,117,0,0,44.06482372,-116.398376,16045.0,645.9805653710248,0.0,117,116,0,0,116,107,17634,1,0,0,1,9
2020-07-24,US,Idaho,Gooding,111,1,0,42.96927962,-114.81083059999999,16047.0,731.273469925555,0.9009009009009008,110,104,1,0,103,100,15196,7,0,0,7,4
2020-07-24,US,Idaho,Idaho,24,0,0,45.84721541,-115.4634436,16049.0,143.99712005759883,0.0,24,24,0,0,24,22,16513,0,0,0,0,2
2020-07-24,US,Idaho,Jefferson,79,1,0,43.82078483,-112.3131749,16051.0,264.4705567272605,1.2658227848101269,78,68,1,0,67,61,29439,11,0,0,11,7
2020-07-24,US,Idaho,Jerome,367,6,0,42.68891267,-114.2655033,16053.0,1503.3590037686386,1.6348773841961852,361,361,6,0,355,361,24015,6,0,0,6,0
2020-07-24,US,Idaho,Kootenai,1246,1,0,47.67282258,-116.7020872,16055.0,751.9749904946982,0.08025682182985554,1245,1204,1,0,1203,1161,161505,42,0,0,42,43
2020-07-24,US,Idaho,Latah,65,0,0,46.81587887,-116.71136979999999,16057.0,162.06243143512515,0.0,65,59,0,0,59,56,40134,6,0,0,6,3
2020-07-24,US,Idaho,Lemhi,8,0,0,44.9438088,-113.9309747,16059.0,99.66363523109509,0.0,8,7,0,0,7,7,7961,1,0,0,1,0
2020-07-24,US,Idaho,Lewis,1,0,0,46.23315327,-116.434146,16061.0,26.055237102657642,0.0,1,1,0,0,1,1,3861,0,0,0,0,0
2020-07-24,US,Idaho,Lincoln,47,0,0,43.0012336,-114.1358773,16063.0,875.8852031308238,0.0,47,45,0,0,45,44,5360,2,0,0,2,1
2020-07-24,US,Idaho,Madison,113,0,0,43.78141028,-111.65384740000002,16065.0,283.1583431478187,0.0,113,111,0,0,111,108,39304,2,0,0,2,3
2020-07-24,US,Idaho,Minidoka,355,1,0,42.85518524,-113.6357257,16067.0,1687.3425543039118,0.28169014084507044,354,334,1,0,333,328,20825,21,0,0,21,6
2020-07-24,US,Idaho,Nez Perce,122,19,0,46.32638236,-116.75009750000001,16069.0,301.92041179964366,15.573770491803279,103,120,19,0,101,120,40408,2,0,0,2,0
2020-07-24,US,Idaho,Oneida,7,0,0,42.19494279999999,-112.5407838,16071.0,154.4912822776429,0.0,7,7,0,0,7,7,4488,0,0,0,0,0
2020-07-24,US,Idaho,Owyhee,175,0,0,42.58016894,-116.16938710000001,16073.0,1480.1657785671994,0.0,175,169,0,0,169,166,11693,6,0,0,6,3
2020-07-24,US,Idaho,Payette,268,2,0,44.00545243,-116.7647695,16075.0,1118.9511920170348,0.746268656716418,266,259,2,0,257,259,23551,9,0,0,9,0
2020-07-24,US,Idaho,Power,27,0,0,42.69254894,-112.83957420000002,16077.0,351.51672959250084,0.0,27,26,0,0,26,25,7768,1,0,0,1,1
2020-07-24,US,Idaho,Shoshone,36,0,0,47.35364087,-115.89167490000001,16079.0,279.4597112249651,0.0,36,35,0,0,35,32,12796,1,0,0,1,3
2020-07-24,US,Idaho,Teton,49,0,0,43.75303583,-111.2056773,16081.0,403.55789820457915,0.0,49,49,0,0,49,49,11640,0,0,0,0,0
2020-07-24,US,Idaho,Twin Falls,1023,26,0,42.35440512,-114.6685381,16083.0,1177.5132945049381,2.541544477028348,997,983,26,0,957,960,86081,40,0,0,40,23
2020-07-24,US,Idaho,Valley,41,1,0,44.76728382,-115.5676773,16085.0,359.90168539325845,2.4390243902439024,40,41,1,0,40,40,11041,0,0,0,0,1
2020-07-24,US,Idaho,Washington,162,2,0,44.45275475,-116.78476880000001,16087.0,1589.1701000588582,1.2345679012345678,160,159,2,0,157,159,10161,3,0,0,3,0
2020-07-24,US,Illinois,Adams,316,1,0,39.98815591,-91.18786813,17001.0,482.9219836478949,0.3164556962025317,315,302,1,0,301,286,65691,14,0,0,14,16
2020-07-24,US,Illinois,Alexander,34,0,0,37.18049267,-89.32910838,17003.0,590.1753167852802,0.0,34,33,0,0,33,32,6060,1,0,0,1,1
2020-07-24,US,Illinois,Bond,33,1,0,38.88829622,-89.43534887,17005.0,200.90101059296242,3.0303030303030303,32,30,1,0,29,29,16630,3,0,0,3,1
2020-07-24,US,Illinois,Boone,677,22,0,42.32359279,-88.82345779,17007.0,1264.3806962498131,3.2496307237813884,655,669,22,0,647,663,53577,8,0,0,8,6
2020-07-24,US,Illinois,Brown,12,0,0,39.96209138,-90.75068024,17009.0,182.42626938279113,0.0,12,12,0,0,12,11,6556,0,0,0,0,1
2020-07-24,US,Illinois,Bureau,69,2,0,41.40385234,-89.5283051,17011.0,211.47480691430675,2.898550724637681,67,65,2,0,63,62,32993,4,0,0,4,3
2020-07-24,US,Illinois,Calhoun,5,0,0,39.16840183,-90.66330078,17013.0,105.5074910318633,0.0,5,4,0,0,4,3,4802,1,0,0,1,1
2020-07-24,US,Illinois,Carroll,29,2,0,42.06823429,-89.93395545,17015.0,202.72631946871724,6.896551724137932,27,27,2,0,25,24,14312,2,0,0,2,3
2020-07-24,US,Illinois,Cass,163,11,0,39.96991073,-90.24734436,17017.0,1341.8951181361654,6.7484662576687136,152,161,11,0,150,160,12260,2,0,0,2,1
2020-07-24,US,Illinois,Champaign,1350,17,0,40.13919438,-88.20046615,17019.0,643.8105956917149,1.2592592592592593,1333,1318,17,0,1301,1293,209983,32,0,0,32,25
2020-07-24,US,Illinois,Christian,75,4,0,39.54581621,-89.27780482,17021.0,232.16939078751858,5.333333333333333,71,65,4,0,61,60,32661,10,0,0,10,5
2020-07-24,US,Illinois,Clark,52,0,0,39.33425789,-87.78705622,17023.0,336.7657535133735,0.0,52,51,0,0,51,50,15596,1,0,0,1,1
2020-07-24,US,Illinois,Clay,9,0,0,38.75388572,-88.48914513,17025.0,68.26456310679612,0.0,9,9,0,0,9,9,13253,0,0,0,0,0
2020-07-24,US,Illinois,Clinton,292,17,0,38.60704876,-89.42385254,17027.0,777.3813960917952,5.821917808219178,275,288,17,0,271,278,37639,4,0,0,4,10
2020-07-24,US,Illinois,Coles,286,17,0,39.51949084,-88.22358557,17029.0,564.9829122301021,5.944055944055943,269,273,17,0,256,261,50885,13,0,0,13,12
2020-07-24,US,Illinois,Cook,101411,4822,0,41.84144849,-87.81658794,17031.0,1969.0565455970639,4.754908244667738,96589,100795,4810,0,95985,100124,5180493,616,12,0,604,671
2020-07-24,US,Illinois,Crawford,28,0,0,39.0032229,-87.75954624,17033.0,149.99732147640222,0.0,28,28,0,0,28,26,18807,0,0,0,0,2
2020-07-24,US,Illinois,Cumberland,40,1,0,39.27432424,-88.2401158,17035.0,371.5400334386029,2.5,39,37,1,0,36,36,10808,3,0,0,3,1
2020-07-24,US,Illinois,De Witt,24,0,0,40.17514519,-88.90959682,17039.0,153.47231103721703,0.0,24,24,0,0,24,24,15769,0,0,0,0,0
2020-07-24,US,Illinois,DeKalb,756,24,0,41.89373302,-88.76958483,17037.0,720.706979227242,3.1746031746031744,732,749,24,0,725,728,104143,7,0,0,7,21
2020-07-24,US,Illinois,Douglas,92,1,0,39.76768052,-88.21854195,17041.0,472.6432057539173,1.0869565217391304,91,92,1,0,91,89,19479,0,0,0,0,3
2020-07-24,US,Illinois,DuPage,10701,506,0,41.85116968,-88.08642662,17043.0,1159.470853951747,4.728530043921129,10195,10627,502,0,10125,10531,928589,74,4,0,70,96
2020-07-24,US,Illinois,Edgar,24,0,0,39.6809186,-87.74759563,17045.0,139.85198997727406,0.0,24,20,0,0,20,18,17360,4,0,0,4,2
2020-07-24,US,Illinois,Edwards,6,0,0,38.41353228,-88.05720863,17047.0,93.82329945269743,0.0,6,6,0,0,6,6,6392,0,0,0,0,0
2020-07-24,US,Illinois,Effingham,59,1,0,39.05935711,-88.58969584,17049.0,173.4885909197836,1.6949152542372878,58,51,1,0,50,48,34208,8,0,0,8,3
2020-07-24,US,Illinois,Fayette,41,3,0,39.00072038,-89.02452658,17051.0,192.1634795650544,7.317073170731707,38,40,3,0,37,39,21416,1,0,0,1,1
2020-07-24,US,Illinois,Ford,36,1,0,40.59706922,-88.22350769,17053.0,277.75634596095983,2.7777777777777777,35,35,1,0,34,33,13264,1,0,0,1,2
2020-07-24,US,Illinois,Franklin,90,0,0,37.99189086,-88.92567818,17055.0,233.9546128051158,0.0,90,84,0,0,84,79,38701,6,0,0,6,5
2020-07-24,US,Illinois,Fulton,21,0,0,40.47289135,-90.20862357,17057.0,61.153174140943506,0.0,21,20,0,0,20,20,34844,1,0,0,1,0
2020-07-24,US,Illinois,Gallatin,31,0,0,37.76430935,-88.22953869,17059.0,642.0878210439105,0.0,31,26,0,0,26,23,5058,5,0,0,5,3
2020-07-24,US,Illinois,Greene,14,0,0,39.35907414,-90.388865,17061.0,107.94972627033695,0.0,14,14,0,0,14,13,13044,0,0,0,0,1
2020-07-24,US,Illinois,Grundy,233,5,0,41.28569601,-88.41905692,17063.0,456.3795197242137,2.145922746781116,228,231,5,0,226,226,50972,2,0,0,2,5
2020-07-24,US,Illinois,Hamilton,11,0,0,38.08163641,-88.53883373,17065.0,135.53474618038442,0.0,11,11,0,0,11,11,8163,0,0,0,0,0
2020-07-24,US,Illinois,Hancock,25,1,0,40.40423981,-91.16313899,17067.0,141.179128077705,4.0,24,22,1,0,21,22,17844,3,0,0,3,0
2020-07-24,US,Illinois,Hardin,9,0,0,37.51810645,-88.26873022,17069.0,235.54043444124574,0.0,9,9,0,0,9,9,3910,0,0,0,0,0
2020-07-24,US,Illinois,Henderson,8,0,0,40.81908672,-90.92491462,17071.0,120.37315678603672,0.0,8,8,0,0,8,8,6709,0,0,0,0,0
2020-07-24,US,Illinois,Henry,155,1,0,41.3533994,-90.13296166,17073.0,316.8891705681516,0.6451612903225806,154,153,1,0,152,146,49090,2,0,0,2,7
2020-07-24,US,Illinois,Iroquois,205,5,0,40.74717633,-87.82466784,17075.0,756.0669764697203,2.4390243902439024,200,202,5,0,197,201,27604,3,0,0,3,1
2020-07-24,US,Illinois,Jackson,463,19,0,37.78595185,-89.38232563,17077.0,815.8590308370044,4.103671706263499,444,450,19,0,431,434,57419,13,0,0,13,16
2020-07-24,US,Illinois,Jasper,49,7,0,39.01054275,-88.15437049,17079.0,509.88553590010406,14.285714285714285,42,49,7,0,42,49,9611,0,0,0,0,0
2020-07-24,US,Illinois,Jefferson,151,17,0,38.29980057,-88.9240025,17081.0,400.7005625729753,11.258278145695362,134,142,17,0,125,138,37820,9,0,0,9,4
2020-07-24,US,Illinois,Jersey,58,1,0,39.08869046,-90.35393073,17083.0,266.3849722132917,1.7241379310344829,57,57,1,0,56,56,21847,1,0,0,1,1
2020-07-24,US,Illinois,Jo Daviess,88,1,0,42.36542373,-90.21094405,17085.0,414.41017188603723,1.1363636363636365,87,84,1,0,83,80,21366,4,0,0,4,4
2020-07-24,US,Illinois,Johnson,48,0,0,37.45939802,-88.88165419,17087.0,386.5668035757429,0.0,48,47,0,0,47,42,12456,1,0,0,1,5
2020-07-24,US,Illinois,Kane,8613,294,0,41.93842729,-88.42861412,17089.0,1617.7594791915146,3.4134447927551377,8319,8544,294,0,8250,8481,534216,69,0,0,69,63
2020-07-24,US,Illinois,Kankakee,1567,66,0,41.13746989,-87.86205334,17091.0,1426.3348564562814,4.211869814932993,1501,1563,66,0,1497,1534,110024,4,0,0,4,29
2020-07-24,US,Illinois,Kendall,1176,21,0,41.59081014,-88.42869583,17093.0,911.6985812853708,1.7857142857142858,1155,1160,21,0,1139,1151,127915,16,0,0,16,9
2020-07-24,US,Illinois,Knox,211,1,0,40.93148779,-90.21330340000002,17095.0,424.55582607295923,0.4739336492890995,210,199,1,0,198,199,50112,12,0,0,12,0
2020-07-24,US,Illinois,LaSalle,388,18,0,41.34426129999999,-88.88633881,17099.0,357.047548058784,4.639175257731959,370,379,18,0,361,362,109430,9,0,0,9,17
2020-07-24,US,Illinois,Lake,11260,438,0,42.3224907,-88.00367925,17097.0,1616.573467234238,3.8898756660746,10822,11159,438,0,10721,11079,700832,101,0,0,101,80
2020-07-24,US,Illinois,Lawrence,32,0,0,38.71987914,-87.72884035,17101.0,204.107666794234,0.0,32,32,0,0,32,30,15765,0,0,0,0,2
2020-07-24,US,Illinois,Lee,121,2,0,41.74583951,-89.29977132,17103.0,354.8803378695448,1.6528925619834711,119,120,2,0,118,120,34223,1,0,0,1,0
2020-07-24,US,Illinois,Livingston,66,2,0,40.89188292,-88.55784752,17105.0,185.14362657091561,3.0303030303030303,64,65,2,0,63,63,35761,1,0,0,1,2
2020-07-24,US,Illinois,Logan,64,0,0,40.12581572,-89.36638784,17107.0,223.63547417709134,0.0,64,59,0,0,59,57,28925,5,0,0,5,2
2020-07-24,US,Illinois,Macon,311,22,0,39.86064913,-88.96342505,17115.0,299.01258544933614,7.07395498392283,289,297,22,0,275,288,104712,14,0,0,14,9
2020-07-24,US,Illinois,Macoupin,101,3,0,39.26119767,-89.92424028,17117.0,224.8141388060366,2.9702970297029703,98,101,3,0,98,100,45313,0,0,0,0,1
2020-07-24,US,Illinois,Madison,1694,71,0,38.83042506,-89.90422563,17119.0,644.1897431607127,4.191263282172373,1623,1651,71,0,1580,1604,264461,43,0,0,43,47
2020-07-24,US,Illinois,Marion,110,0,0,38.64963204,-88.91899208,17121.0,295.65918559333426,0.0,110,107,0,0,107,97,37620,3,0,0,3,10
2020-07-24,US,Illinois,Marshall,16,0,0,41.0327901,-89.34510444,17123.0,139.88459520895262,0.0,16,15,0,0,15,15,11534,1,0,0,1,0
2020-07-24,US,Illinois,Mason,36,0,0,40.23917274,-89.91824452,17125.0,269.48124859645185,0.0,36,36,0,0,36,36,13565,0,0,0,0,0
2020-07-24,US,Illinois,Massac,26,0,0,37.22078441,-88.71036614,17127.0,188.78884693581185,0.0,26,26,0,0,26,24,14080,0,0,0,0,2
2020-07-24,US,Illinois,McDonough,119,15,0,40.45674722,-90.67775541,17109.0,400.9163802978237,12.605042016806722,104,119,15,0,104,119,29955,0,0,0,0,0
2020-07-24,US,Illinois,McHenry,2621,111,0,42.32451172,-88.45248227,17111.0,851.5989004919194,4.235024799694773,2510,2593,111,0,2482,2559,308570,28,0,0,28,34
2020-07-24,US,Illinois,McLean,442,15,0,40.48996987,-88.84621113,17113.0,257.7004028755167,3.3936651583710407,427,432,15,0,417,418,172828,10,0,0,10,14
2020-07-24,US,Illinois,Menard,37,0,0,40.02742725,-89.80246001,17129.0,303.3781567727124,0.0,37,37,0,0,37,36,12288,0,0,0,0,1
2020-07-24,US,Illinois,Mercer,42,0,0,41.20596782,-90.74290052,17131.0,272.0735894279977,0.0,42,42,0,0,42,39,15601,0,0,0,0,3
2020-07-24,US,Illinois,Monroe,213,13,0,38.27594376,-90.17761038,17133.0,614.9493316395761,6.103286384976527,200,210,13,0,197,205,34335,3,0,0,3,5
2020-07-24,US,Illinois,Montgomery,118,3,0,39.23198845,-89.47809254,17135.0,415.28823819244036,2.5423728813559316,115,115,3,0,112,112,28601,3,0,0,3,3
2020-07-24,US,Illinois,Morgan,151,5,0,39.71654544,-90.20255104,17137.0,448.6303404836889,3.3112582781456954,146,148,5,0,143,146,33976,3,0,0,3,2
2020-07-24,US,Illinois,Moultrie,43,0,0,39.64187451,-88.62099969,17139.0,296.5312737052617,0.0,43,37,0,0,37,33,14717,6,0,0,6,4
2020-07-24,US,Illinois,Ogle,351,5,0,42.04165196,-89.32184679,17141.0,693.0869024346899,1.4245014245014245,346,346,5,0,341,345,50923,5,0,0,5,1
2020-07-24,US,Illinois,Out of IL,1,0,0,0.0,0.0,80017.0,0.0,0.0,1,,,,,3,,,,,,
2020-07-24,US,Illinois,Peoria,947,32,0,40.78702156,-89.76078901,17143.0,528.5217575720369,3.37909186906019,915,915,32,0,883,878,180621,32,0,0,32,37
2020-07-24,US,Illinois,Perry,83,1,0,38.08510853,-89.36856219,17145.0,396.8253968253968,1.2048192771084338,82,80,1,0,79,73,21174,3,0,0,3,7
2020-07-24,US,Illinois,Piatt,31,0,0,40.01360584,-88.59319339,17147.0,189.67205090553108,0.0,31,30,0,0,30,30,16396,1,0,0,1,0
2020-07-24,US,Illinois,Pike,9,0,0,39.62265059,-90.8877017,17149.0,57.83689994216311,0.0,9,9,0,0,9,9,15611,0,0,0,0,0
2020-07-24,US,Illinois,Pope,3,0,0,37.41391284,-88.56152109,17151.0,71.82188173330141,0.0,3,3,0,0,3,2,4212,0,0,0,0,1
2020-07-24,US,Illinois,Pulaski,88,0,0,37.22631423,-89.13085001,17153.0,1649.4845360824743,0.0,88,88,0,0,88,88,5463,0,0,0,0,0
2020-07-24,US,Illinois,Putnam,6,0,0,41.2013541,-89.2869272,17155.0,104.54783063251438,0.0,6,4,0,0,4,3,5740,2,0,0,2,1
2020-07-24,US,Illinois,Randolph,392,7,0,38.05095369,-89.82512254,17157.0,1233.4025549052926,1.7857142857142858,385,384,7,0,377,374,32106,8,0,0,8,10
2020-07-24,US,Illinois,Richland,10,0,0,38.71240969,-88.08475366,17159.0,64.46206407529169,0.0,10,9,0,0,9,9,15763,1,0,0,1,0
2020-07-24,US,Illinois,Rock Island,1431,30,0,41.46613806,-90.57042164,17161.0,1008.6059247668788,2.0964360587002098,1401,1401,30,0,1371,1375,143477,30,0,0,30,26
2020-07-24,US,Illinois,Saline,73,0,0,37.75332999,-88.54119706,17165.0,310.75731131071467,0.0,73,64,0,0,64,60,23906,9,0,0,9,4
2020-07-24,US,Illinois,Sangamon,757,33,0,39.75836914,-89.65872023,17167.0,388.8592093367305,4.359313077939234,724,747,33,0,714,717,195348,10,0,0,10,30
2020-07-24,US,Illinois,Schuyler,14,0,0,40.1571798,-90.61114163,17169.0,206.85579196217486,0.0,14,14,0,0,14,14,6907,0,0,0,0,0
2020-07-24,US,Illinois,Scott,5,0,0,39.6429169,-90.47814431,17171.0,100.98969905069687,0.0,5,6,0,0,6,4,4926,-1,0,0,-1,2
2020-07-24,US,Illinois,Shelby,34,1,0,39.39133527,-88.80611122,17173.0,157.16002588518077,2.9411764705882355,33,32,1,0,31,31,21741,2,0,0,2,1
2020-07-24,US,Illinois,St. Clair,3031,152,0,38.46996033,-89.93063427,17163.0,1167.1788236562618,5.014846585285384,2879,2951,152,0,2799,2883,261059,80,0,0,80,68
2020-07-24,US,Illinois,Stark,6,0,0,41.09309773,-89.79745866,17175.0,112.31748408835642,0.0,6,6,0,0,6,7,5427,0,0,0,0,-1
2020-07-24,US,Illinois,Stephenson,299,6,0,42.35129217,-89.662598,17177.0,671.9403119241314,2.0066889632107023,293,296,6,0,290,292,44753,3,0,0,3,4
2020-07-24,US,Illinois,Tazewell,260,8,0,40.50716185,-89.51404662,17179.0,197.26409869274602,3.0769230769230766,252,251,8,0,243,243,132328,9,0,0,9,8
2020-07-24,US,Illinois,Unassigned,1283,192,0,0.0,0.0,90017.0,0.0,14.964925954793452,1091,1211,193,0,1018,1213,,72,-1,0,73,-2
2020-07-24,US,Illinois,Union,262,21,0,37.47119609,-89.25548938,17181.0,1573.2900978802618,8.01526717557252,241,256,21,0,235,255,16841,6,0,0,6,1
2020-07-24,US,Illinois,Vermilion,164,2,0,40.18417171,-87.73384359,17183.0,216.4787877187888,1.2195121951219512,162,146,2,0,144,141,76806,18,0,0,18,5
2020-07-24,US,Illinois,Wabash,25,0,0,38.44272901,-87.84922065,17185.0,217.01388888888889,0.0,25,25,0,0,25,25,11549,0,0,0,0,0
2020-07-24,US,Illinois,Warren,162,0,0,40.84925021,-90.6147432,17187.0,961.7668012348613,0.0,162,160,0,0,160,158,17032,2,0,0,2,2
2020-07-24,US,Illinois,Washington,41,0,0,38.35309213,-89.40982703,17189.0,295.2401526607618,0.0,41,40,0,0,40,35,13995,1,0,0,1,5
2020-07-24,US,Illinois,Wayne,27,1,0,38.42955355,-88.42586459,17191.0,166.51248843663274,3.703703703703704,26,27,1,0,26,27,16332,0,0,0,0,0
2020-07-24,US,Illinois,White,38,0,0,38.08706198,-88.17657461,17193.0,280.7121223313881,0.0,38,34,0,0,34,33,13665,4,0,0,4,1
2020-07-24,US,Illinois,Whiteside,266,16,0,41.75509713,-89.91556058,17195.0,482.102401449932,6.015037593984963,250,264,16,0,248,246,55626,2,0,0,2,18
2020-07-24,US,Illinois,Will,7977,338,0,41.44619267,-87.97862712,17197.0,1154.8434077507845,4.237181897956625,7639,7925,338,0,7587,7845,692310,52,0,0,52,80
2020-07-24,US,Illinois,Williamson,240,4,0,37.73033511,-88.92994027,17199.0,360.37659354024964,1.6666666666666667,236,222,4,0,218,218,67056,18,0,0,18,4
2020-07-24,US,Illinois,Winnebago,3457,115,0,42.33641854,-89.16085327,17201.0,1223.4050082810752,3.326583743129881,3342,3418,113,0,3305,3386,284081,39,2,0,37,32
2020-07-24,US,Illinois,Woodford,66,3,0,40.78579374,-89.20973757,17203.0,171.61132634753898,4.545454545454546,63,66,3,0,63,66,38463,0,0,0,0,0
2020-07-24,US,Indiana,Adams,69,1,0,40.7457653,-84.93671406,18001.0,192.86133549487099,1.4492753623188406,68,66,1,0,65,63,35636,3,0,0,3,3
2020-07-24,US,Indiana,Allen,3278,151,0,41.09194313,-85.06800636,18003.0,864.2258482094603,4.606467358145211,3127,3245,149,0,3096,3217,375351,33,2,0,31,28
2020-07-24,US,Indiana,Bartholomew,664,45,0,39.20744865,-85.89558181,18005.0,792.5613817305052,6.7771084337349405,619,651,45,0,606,648,82753,13,0,0,13,3
2020-07-24,US,Indiana,Benton,55,0,0,40.60626947,-87.31093999,18007.0,628.7151348879744,0.0,55,54,0,0,54,54,8653,1,0,0,1,0
2020-07-24,US,Indiana,Blackford,45,2,0,40.47388153,-85.32499702,18009.0,382.71814934512673,4.4444444444444455,43,45,2,0,43,45,11930,0,0,0,0,0
2020-07-24,US,Indiana,Boone,564,45,0,40.0509304,-86.46841646,18011.0,831.3311616526391,7.978723404255319,519,560,45,0,515,554,66999,4,0,0,4,6
2020-07-24,US,Indiana,Brown,61,1,0,39.19605589,-86.22868909,18013.0,404.1876490856082,1.639344262295082,60,60,1,0,59,58,15234,1,0,0,1,2
2020-07-24,US,Indiana,Carroll,120,2,0,40.580783200000006,-86.56198812,18015.0,592.3878165572395,1.6666666666666667,118,120,2,0,118,120,20127,0,0,0,0,0
2020-07-24,US,Indiana,Cass,1699,9,0,40.76135835,-86.34830753,18017.0,4507.946615723421,0.5297233666862861,1690,1692,9,0,1683,1677,37955,7,0,0,7,15
2020-07-24,US,Indiana,Clark,869,45,0,38.48015445,-85.70510334,18019.0,734.5607005798719,5.178365937859609,824,840,45,0,795,821,117360,29,0,0,29,19
2020-07-24,US,Indiana,Clay,80,5,0,39.39561833,-87.11723506,18021.0,305.0524308865586,6.25,75,76,5,0,71,73,26170,4,0,0,4,3
2020-07-24,US,Indiana,Clinton,318,3,0,40.30319754,-86.47277257,18023.0,981.5117750547856,0.9433962264150944,315,316,3,0,313,313,32250,2,0,0,2,3
2020-07-24,US,Indiana,Crawford,38,0,0,38.28814402,-86.44518825,18025.0,359.270114399168,0.0,38,37,0,0,37,37,10558,1,0,0,1,0
2020-07-24,US,Indiana,Daviess,194,18,0,38.70186039,-87.07185406,18027.0,581.6917033971995,9.278350515463918,176,182,18,0,164,178,33147,12,0,0,12,4
2020-07-24,US,Indiana,DeKalb,194,4,0,41.39804622,-84.99906934,18033.0,446.2334675100632,2.061855670103093,190,185,4,0,181,180,43226,9,0,0,9,5
2020-07-24,US,Indiana,Dearborn,379,25,0,39.14647946,-84.97333539,18029.0,766.3067653362448,6.596306068601582,354,368,25,0,343,355,49568,11,0,0,11,13
2020-07-24,US,Indiana,Decatur,271,32,0,39.30712658,-85.50087166,18031.0,1020.3697428367032,11.808118081180814,239,269,32,0,237,266,26794,2,0,0,2,3
2020-07-24,US,Indiana,Delaware,539,52,0,40.22787247,-85.39732772,18035.0,472.24777675559636,9.647495361781075,487,528,52,0,476,518,114772,11,0,0,11,10
2020-07-24,US,Indiana,Dubois,516,9,0,38.36597551,-86.87924170000002,18037.0,1207.4129539498315,1.7441860465116281,507,485,9,0,476,469,42565,31,0,0,31,16
2020-07-24,US,Indiana,Elkhart,4244,70,0,41.59761169,-85.85875695,18039.0,2056.789489243534,1.6493873704052782,4174,4189,70,0,4119,4150,205560,55,0,0,55,39
2020-07-24,US,Indiana,Fayette,128,7,0,39.63684962,-85.17797541,18041.0,554.0645831529738,5.46875,121,127,7,0,120,121,23047,1,0,0,1,6
2020-07-24,US,Indiana,Floyd,543,44,0,38.32117957,-85.90385377,18043.0,691.5259417742798,8.103130755064457,499,522,44,0,478,510,77781,21,0,0,21,12
2020-07-24,US,Indiana,Fountain,48,2,0,40.12361933,-87.24217689,18045.0,293.6498225865655,4.166666666666667,46,47,2,0,45,47,16351,1,0,0,1,0
2020-07-24,US,Indiana,Franklin,165,8,0,39.4142482,-85.06062647,18047.0,725.0197732665438,4.848484848484849,157,160,8,0,152,153,22736,5,0,0,5,7
2020-07-24,US,Indiana,Fulton,105,1,0,41.0469907,-86.26252745,18049.0,525.6833884049264,0.9523809523809524,104,102,1,0,101,100,20092,3,0,0,3,2
2020-07-24,US,Indiana,Gibson,175,2,0,38.30393723,-87.58054938,18051.0,519.9203779078404,1.1428571428571428,173,173,2,0,171,170,33452,2,0,0,2,3
2020-07-24,US,Indiana,Grant,441,29,0,40.51587228,-85.65468702,18053.0,670.5286685216439,6.575963718820861,412,432,29,0,403,421,65936,9,0,0,9,11
2020-07-24,US,Indiana,Greene,219,34,0,39.03630547,-86.96223202,18055.0,686.0472401478604,15.525114155251144,185,218,34,0,184,210,32006,1,0,0,1,8
2020-07-24,US,Indiana,Hamilton,2134,103,0,40.07306535,-86.05244729,18057.0,631.3404001644917,4.826616682286786,2031,2082,103,0,1979,2032,330086,52,0,0,52,50
2020-07-24,US,Indiana,Hancock,545,37,0,39.82304555,-85.77566351,18059.0,697.216252174803,6.7889908256880735,508,530,37,0,493,528,76351,15,0,0,15,2
2020-07-24,US,Indiana,Harrison,240,22,0,38.19467379,-86.10948271,18061.0,592.3731951129212,9.166666666666666,218,235,22,0,213,235,40350,5,0,0,5,0
2020-07-24,US,Indiana,Hendricks,1611,105,0,39.76719009,-86.51037283,18063.0,945.9165878892143,6.517690875232774,1506,1594,105,0,1489,1574,167009,17,0,0,17,20
2020-07-24,US,Indiana,Henry,335,18,0,39.93029017,-85.39625719,18065.0,698.3240223463687,5.373134328358209,317,330,18,0,312,328,48271,5,0,0,5,2
2020-07-24,US,Indiana,Howard,720,61,0,40.48527731,-86.11351892,18067.0,872.262066291917,8.472222222222221,659,704,61,0,643,687,82366,16,0,0,16,17
2020-07-24,US,Indiana,Huntington,111,2,0,40.82907273,-85.48822092,18069.0,303.94304490690035,1.8018018018018016,109,111,2,0,109,112,36240,0,0,0,0,-1
2020-07-24,US,Indiana,Jackson,519,3,0,38.90915820000001,-86.03851889,18071.0,1173.385182338179,0.5780346820809249,516,514,3,0,511,510,44111,5,0,0,5,4
2020-07-24,US,Indiana,Jasper,168,2,0,41.02078733,-87.11553319,18073.0,500.5661164412133,1.1904761904761905,166,165,2,0,163,164,33370,3,0,0,3,1
2020-07-24,US,Indiana,Jay,74,0,0,40.43781032,-85.00576229,18075.0,362.1060872969271,0.0,74,74,0,0,74,73,20764,0,0,0,0,1
2020-07-24,US,Indiana,Jefferson,138,2,0,38.78576239,-85.43633383,18077.0,427.138789154389,1.4492753623188406,136,137,2,0,135,136,32208,1,0,0,1,1
2020-07-24,US,Indiana,Jennings,191,12,0,38.99588883,-85.62710784,18079.0,688.6605372273303,6.282722513089006,179,188,12,0,176,188,27611,3,0,0,3,0
2020-07-24,US,Indiana,Johnson,1516,118,0,39.48994426,-86.10149107,18081.0,958.4805932969583,7.783641160949867,1398,1491,118,0,1373,1476,156225,25,0,0,25,15
2020-07-24,US,Indiana,Knox,95,0,0,38.68861576,-87.4194665,18083.0,259.60539979231567,0.0,95,93,0,0,93,93,36895,2,0,0,2,0
2020-07-24,US,Indiana,Kosciusko,731,9,0,41.24521668,-85.86312322,18085.0,920.0060410793396,1.2311901504787959,722,718,9,0,709,711,79344,13,0,0,13,7
2020-07-24,US,Indiana,LaGrange,511,10,0,41.64232188,-85.42674232,18087.0,1289.9479981824609,1.9569471624266144,501,507,10,0,497,504,39330,4,0,0,4,3
2020-07-24,US,Indiana,LaPorte,736,29,0,41.54366008,-86.74072188,18091.0,669.7728596389051,3.940217391304348,707,715,28,0,687,706,110007,21,1,0,20,9
2020-07-24,US,Indiana,Lake,6526,260,0,41.41874274,-87.38277575,18089.0,1344.200637290342,3.98406374501992,6266,6469,259,0,6210,6379,484411,57,1,0,56,90
2020-07-24,US,Indiana,Lawrence,291,27,0,38.84112637,-86.48361629,18093.0,641.3929909631916,9.278350515463918,264,287,27,0,260,283,45668,4,0,0,4,4
2020-07-24,US,Indiana,Madison,747,64,0,40.16143691,-85.71964711,18095.0,576.5267926741736,8.56760374832664,683,739,64,0,675,720,129641,8,0,0,8,19
2020-07-24,US,Indiana,Marion,13409,711,0,39.78163624,-86.13826325,18097.0,1390.135830857304,5.302408829890372,12698,13245,711,0,12534,13094,954670,164,0,0,164,151
2020-07-24,US,Indiana,Marshall,695,18,0,41.32467367,-86.26185087,18099.0,1502.4428207012838,2.5899280575539567,677,686,18,0,668,682,46248,9,0,0,9,4
2020-07-24,US,Indiana,Martin,38,0,0,38.7099921,-86.80373186,18101.0,370.55095075572893,0.0,38,38,0,0,38,36,10217,0,0,0,0,2
2020-07-24,US,Indiana,Miami,231,2,0,40.76940965,-86.04525048,18103.0,650.4110823290911,0.8658008658008658,229,225,2,0,223,218,35567,6,0,0,6,7
2020-07-24,US,Indiana,Monroe,562,29,0,39.16130004,-86.52414358,18105.0,378.62710619749237,5.160142348754448,533,530,29,0,501,496,146917,32,0,0,32,34
2020-07-24,US,Indiana,Montgomery,310,21,0,40.04034823,-86.89335024,18107.0,808.597214252178,6.774193548387097,289,308,21,0,287,307,38346,2,0,0,2,1
2020-07-24,US,Indiana,Morgan,383,31,0,39.47899078,-86.44573375,18109.0,543.3471889230943,8.093994778067882,352,380,31,0,349,367,70116,3,0,0,3,13
2020-07-24,US,Indiana,Newton,104,10,0,40.95610449,-87.39635768,18111.0,743.7070938215103,9.615384615384617,94,103,10,0,93,102,14011,1,0,0,1,1
2020-07-24,US,Indiana,Noble,591,28,0,41.39672484,-85.41966713,18113.0,1237.851876675603,4.737732656514383,563,588,28,0,560,579,47532,3,0,0,3,9
2020-07-24,US,Indiana,Ohio,36,2,0,38.955304999999996,-84.96515993,18115.0,612.7659574468088,5.5555555555555545,34,35,2,0,33,33,5844,1,0,0,1,2
2020-07-24,US,Indiana,Orange,153,24,0,38.54118920000001,-86.49523093,18117.0,778.7844853914282,15.68627450980392,129,153,24,0,129,150,19489,0,0,0,0,3
2020-07-24,US,Indiana,Owen,69,1,0,39.31145587,-86.83900724,18119.0,331.74671859224014,1.4492753623188406,68,65,1,0,64,60,20845,4,0,0,4,5
2020-07-24,US,Indiana,Parke,35,0,0,39.77202286,-87.20375833,18121.0,206.64816673554938,0.0,35,35,0,0,35,35,16927,0,0,0,0,0
2020-07-24,US,Indiana,Perry,162,12,0,38.07809328,-86.63741946,18123.0,845.1145077990506,7.407407407407407,150,160,12,0,148,161,19102,2,0,0,2,-1
2020-07-24,US,Indiana,Pike,21,0,0,38.40112197,-87.23574907,18125.0,169.50520623133426,0.0,21,21,0,0,21,21,12410,0,0,0,0,0
2020-07-24,US,Indiana,Porter,995,38,0,41.45986947,-87.06848888,18127.0,583.9578846052267,3.8190954773869352,957,975,38,0,937,954,169594,20,0,0,20,21
2020-07-24,US,Indiana,Posey,132,0,0,38.02097333,-87.86480429,18129.0,519.1332048609745,0.0,132,130,0,0,130,128,25540,2,0,0,2,2
2020-07-24,US,Indiana,Pulaski,69,1,0,41.04166107,-86.69890683,18131.0,558.5687687201488,1.4492753623188406,68,69,1,0,68,69,12469,0,0,0,0,0
2020-07-24,US,Indiana,Putnam,202,8,0,39.66437981,-86.84517605,18133.0,537.5771769214392,3.96039603960396,194,198,8,0,190,197,37779,4,0,0,4,1
2020-07-24,US,Indiana,Randolph,91,4,0,40.15734772,-85.01139319,18135.0,368.94384755726736,4.395604395604397,87,90,4,0,86,85,24851,1,0,0,1,5
2020-07-24,US,Indiana,Ripley,171,7,0,39.10235626,-85.26212744,18137.0,603.7282869651181,4.093567251461988,164,168,7,0,161,160,28523,3,0,0,3,8
2020-07-24,US,Indiana,Rush,74,4,0,39.62002287,-85.4655599,18139.0,446.2939509076654,5.405405405405406,70,73,4,0,69,73,16663,1,0,0,1,0
2020-07-24,US,Indiana,Scott,215,10,0,38.68672078,-85.74627859,18143.0,900.5990030578478,4.651162790697675,205,207,10,0,197,202,23878,8,0,0,8,5
2020-07-24,US,Indiana,Shelby,483,25,0,39.52305623,-85.79158570000001,18145.0,1079.8363477833173,5.175983436853001,458,482,25,0,457,480,44593,1,0,0,1,2
2020-07-24,US,Indiana,Spencer,100,1,0,38.01519732,-87.0079644,18147.0,493.1696010257929,1.0,99,99,1,0,98,95,20327,1,0,0,1,4
2020-07-24,US,Indiana,St. Joseph,2716,75,0,41.61756781,-86.29040834,18141.0,999.1685857864958,2.7614138438880707,2641,2650,75,0,2575,2605,270771,66,0,0,66,45
2020-07-24,US,Indiana,Starke,143,4,0,41.27890281,-86.64686895,18149.0,621.8743205044575,2.797202797202797,139,142,4,0,138,141,22935,1,0,0,1,1
2020-07-24,US,Indiana,Steuben,175,3,0,41.64423868,-85.00101094,18151.0,505.8680696074464,1.7142857142857142,172,168,3,0,165,165,34586,7,0,0,7,3
2020-07-24,US,Indiana,Sullivan,66,1,0,39.08952258,-87.41414469,18153.0,319.318786588611,1.5151515151515151,65,66,1,0,65,65,20690,0,0,0,0,1
2020-07-24,US,Indiana,Switzerland,37,0,0,38.82767338,-85.03022429,18155.0,344.1540321830526,0.0,37,36,0,0,36,36,10717,1,0,0,1,0
2020-07-24,US,Indiana,Tippecanoe,942,11,0,40.38872739,-86.89413959,18157.0,481.27030838084727,1.167728237791932,931,921,11,0,910,907,193048,21,0,0,21,14
2020-07-24,US,Indiana,Tipton,66,2,0,40.31123252,-86.05234925,18159.0,435.70108265117517,3.0303030303030303,64,63,2,0,61,52,15128,3,0,0,3,11
2020-07-24,US,Indiana,Unassigned,0,197,0,0.0,0.0,90018.0,0.0,0.0,-197,0,197,0,-197,0,,0,0,0,0,0
2020-07-24,US,Indiana,Union,22,0,0,39.62550777,-84.92497066,18161.0,311.8797845194216,0.0,22,20,0,0,20,20,7037,2,0,0,2,0
2020-07-24,US,Indiana,Vanderburgh,1341,7,0,38.02658833,-87.58763124,18163.0,739.0424963213208,0.5219985085756897,1334,1289,7,0,1282,1236,180974,52,0,0,52,53
2020-07-24,US,Indiana,Vermillion,20,0,0,39.8523352,-87.46160542,18165.0,129.0489095367144,0.0,20,20,0,0,20,20,15479,0,0,0,0,0
2020-07-24,US,Indiana,Vigo,338,9,0,39.42944561,-87.39169027,18167.0,315.7757058240999,2.662721893491124,329,332,9,0,323,317,107386,6,0,0,6,15
2020-07-24,US,Indiana,Wabash,137,3,0,40.84704239,-85.79328272,18169.0,441.9925151632468,2.18978102189781,134,135,3,0,132,132,31280,2,0,0,2,3
2020-07-24,US,Indiana,Warren,19,1,0,40.34728141,-87.35602659,18171.0,229.88505747126442,5.2631578947368425,18,18,1,0,17,17,8263,1,0,0,1,1
2020-07-24,US,Indiana,Warrick,404,29,0,38.08922676,-87.2716085,18173.0,641.290199688879,7.1782178217821775,375,393,29,0,364,381,62567,11,0,0,11,12
2020-07-24,US,Indiana,Washington,82,1,0,38.60219804,-86.1049363,18175.0,292.4810957340562,1.2195121951219512,81,78,1,0,77,77,27943,4,0,0,4,1
2020-07-24,US,Indiana,Wayne,245,7,0,39.863344399999995,-85.01044989,18177.0,371.86570335741607,2.8571428571428568,238,232,7,0,225,219,65936,13,0,0,13,13
2020-07-24,US,Indiana,Wells,110,1,0,40.72934187,-85.22132966,18179.0,388.74752615210633,0.9090909090909092,109,106,1,0,105,103,28206,4,0,0,4,3
2020-07-24,US,Indiana,White,315,10,0,40.74911165,-86.86492015,18181.0,1306.9454817027631,3.1746031746031744,305,311,10,0,301,307,24133,4,0,0,4,4
2020-07-24,US,Indiana,Whitley,129,6,0,41.13863784,-85.50791236,18183.0,379.8139206218349,4.651162790697675,123,127,6,0,121,122,34074,2,0,0,2,5
2020-07-24,US,Iowa,Adair,20,0,0,41.33075609,-94.47105874,19001.0,279.6420581655481,0.0,20,22,0,0,22,21,7063,-2,0,0,-2,1
2020-07-24,US,Iowa,Adams,12,0,0,41.02903567,-94.69932645,19003.0,333.14825097168233,0.0,12,12,0,0,12,12,3645,0,0,0,0,0
2020-07-24,US,Iowa,Allamakee,144,4,0,43.28383218,-91.37860922,19005.0,1052.0932271498502,2.7777777777777777,140,144,4,0,140,143,13832,0,0,0,0,1
2020-07-24,US,Iowa,Appanoose,34,3,0,40.74324454,-92.86865906,19007.0,273.61982938998875,8.823529411764708,31,34,3,0,31,34,12437,0,0,0,0,0
2020-07-24,US,Iowa,Audubon,24,1,0,41.6844628,-94.90581859,19009.0,436.6812227074236,4.166666666666667,23,22,1,0,21,22,5506,2,0,0,2,0
2020-07-24,US,Iowa,Benton,106,1,0,42.08011739,-92.06463573,19011.0,413.3359329303958,0.9433962264150944,105,102,1,0,101,99,25642,4,0,0,4,3
2020-07-24,US,Iowa,Black Hawk,2805,61,0,42.4704581,-92.30524729,19013.0,2137.50114304874,2.1746880570409983,2744,2774,61,0,2713,2744,132408,31,0,0,31,30
2020-07-24,US,Iowa,Boone,210,1,0,42.03657094,-93.9313999,19015.0,800.4879164443089,0.4761904761904762,209,204,1,0,203,194,26346,6,0,0,6,10
2020-07-24,US,Iowa,Bremer,157,7,0,42.77461496,-92.31795937,19017.0,626.4464128960177,4.4585987261146505,150,152,7,0,145,147,24947,5,0,0,5,5
2020-07-24,US,Iowa,Buchanan,87,1,0,42.4709188,-91.83510825,19019.0,410.86186540732,1.1494252873563218,86,84,1,0,83,81,21199,3,0,0,3,3
2020-07-24,US,Iowa,Buena Vista,1773,12,0,42.73545875,-95.15100162,19021.0,9036.697247706425,0.6768189509306259,1761,1767,12,0,1755,1760,19874,6,0,0,6,7
2020-07-24,US,Iowa,Butler,89,2,0,42.73172833,-92.79015971,19023.0,616.3861763280006,2.247191011235955,87,88,2,0,86,87,14539,1,0,0,1,1
2020-07-24,US,Iowa,Calhoun,72,2,0,42.38521079,-94.64046046,19025.0,744.7248655357881,2.7777777777777777,70,72,2,0,70,71,9699,0,0,0,0,1
2020-07-24,US,Iowa,Carroll,161,1,0,42.03617207,-94.86032705,19027.0,798.4130919910738,0.6211180124223602,160,149,1,0,148,148,20154,12,0,0,12,1
2020-07-24,US,Iowa,Cass,35,0,0,41.33149454,-94.92792482,19029.0,272.6706138984107,0.0,35,32,0,0,32,30,12930,3,0,0,3,2
2020-07-24,US,Iowa,Cedar,106,1,0,41.77233777,-91.13246684,19031.0,569.0664089762173,0.9433962264150944,105,106,1,0,105,104,18627,0,0,0,0,2
2020-07-24,US,Iowa,Cerro Gordo,509,16,0,43.08177563,-93.2612239,19033.0,1199.057714958775,3.1434184675834973,493,488,16,0,472,473,42647,21,0,0,21,15
2020-07-24,US,Iowa,Cherokee,94,1,0,42.73538914,-95.62389402,19035.0,836.6711170449487,1.0638297872340423,93,93,1,0,92,92,11321,1,0,0,1,1
2020-07-24,US,Iowa,Chickasaw,44,0,0,43.06001295,-92.31773347,19037.0,368.72538339059753,0.0,44,41,0,0,41,40,11964,3,0,0,3,1
2020-07-24,US,Iowa,Clarke,158,3,0,41.02868181,-93.78499767,19039.0,1681.745609366685,1.8987341772151896,155,156,3,0,153,154,9423,2,0,0,2,2
2020-07-24,US,Iowa,Clay,164,1,0,43.08247182,-95.15096481,19041.0,1023.9760239760241,0.6097560975609756,163,162,1,0,161,161,16134,2,0,0,2,1
2020-07-24,US,Iowa,Clayton,74,3,0,42.84443388,-91.34133693,19043.0,421.6764488005015,4.0540540540540535,71,67,3,0,64,66,17556,7,0,0,7,1
2020-07-24,US,Iowa,Clinton,209,2,0,41.89981633,-90.53275096,19045.0,450.1496909259298,0.9569377990430622,207,194,2,0,192,190,46518,15,0,0,15,4
2020-07-24,US,Iowa,Crawford,689,3,0,42.03718237,-95.3819718,19047.0,4096.313912009513,0.4354136429608128,686,689,3,0,686,688,17158,0,0,0,0,1
2020-07-24,US,Iowa,Dallas,1637,34,0,41.68560356,-94.04127625,19049.0,1751.6826640129266,2.0769700671960902,1603,1619,34,0,1585,1600,90180,18,0,0,18,19
2020-07-24,US,Iowa,Davis,48,1,0,40.74773536,-92.41005468,19051.0,533.3333333333334,2.083333333333333,47,47,1,0,46,46,9017,1,0,0,1,1
2020-07-24,US,Iowa,Decatur,17,0,0,40.73742757,-93.78645949,19053.0,216.01016518424402,0.0,17,17,0,0,17,15,7890,0,0,0,0,2
2020-07-24,US,Iowa,Delaware,74,1,0,42.47104597,-91.3664492,19055.0,435.0126388807242,1.351351351351351,73,70,1,0,69,67,17069,4,0,0,4,3
2020-07-24,US,Iowa,Des Moines,127,2,0,40.92012606,-91.18326592,19057.0,325.9168013960532,1.5748031496062993,125,125,2,0,123,120,39138,2,0,0,2,5
2020-07-24,US,Iowa,Dickinson,355,4,0,43.37787725,-95.1510206,19059.0,2057.017035577703,1.1267605633802815,351,351,4,0,347,350,17153,4,0,0,4,1
2020-07-24,US,Iowa,Dubuque,1324,26,0,42.46815349,-90.88181925,19061.0,1360.586161893311,1.9637462235649548,1298,1300,26,0,1274,1265,96854,24,0,0,24,35
2020-07-24,US,Iowa,Emmet,138,1,0,43.37782951,-94.67858943,19063.0,1498.6967854039965,0.7246376811594203,137,125,0,0,125,122,9253,13,1,0,12,3
2020-07-24,US,Iowa,Fayette,69,0,0,42.86271799,-91.8441231,19065.0,351.14503816793894,0.0,69,68,0,0,68,66,19660,1,0,0,1,2
2020-07-24,US,Iowa,Floyd,96,2,0,43.06000529999999,-92.78940097,19067.0,613.7322593018797,2.083333333333333,94,96,2,0,94,95,15761,0,0,0,0,1
2020-07-24,US,Iowa,Franklin,163,3,0,42.73270384,-93.26256925,19069.0,1618.669314796425,1.8404907975460123,160,157,3,0,154,157,10124,6,0,0,6,0
2020-07-24,US,Iowa,Fremont,22,0,0,40.74542720000001,-95.60129045,19071.0,316.0919540229885,0.0,22,16,0,0,16,16,6993,6,0,0,6,0
2020-07-24,US,Iowa,Greene,37,0,0,42.03614551,-94.39658081,19073.0,416.2916291629163,0.0,37,37,0,0,37,37,8981,0,0,0,0,0
2020-07-24,US,Iowa,Grundy,64,1,0,42.40183723,-92.78829551,19075.0,523.2177894048398,1.5625,63,61,1,0,60,58,12304,3,0,0,3,3
2020-07-24,US,Iowa,Guthrie,115,5,0,41.68378965,-94.50111014,19077.0,1075.8723921788755,4.3478260869565215,110,114,5,0,109,112,10720,1,0,0,1,2
2020-07-24,US,Iowa,Hamilton,215,1,0,42.38382428,-93.70197703,19079.0,1455.3577472415893,0.4651162790697674,214,216,1,0,215,215,14952,-1,0,0,-1,1
2020-07-24,US,Iowa,Hancock,98,2,0,43.08178477,-93.73454884,19081.0,921.9190968955786,2.0408163265306123,96,95,2,0,93,93,10712,3,0,0,3,2
2020-07-24,US,Iowa,Hardin,124,0,0,42.38353877,-93.23654611,19083.0,736.0797815505165,0.0,124,118,0,0,118,113,16868,6,0,0,6,5
2020-07-24,US,Iowa,Harrison,78,0,0,41.68330137,-95.81558439,19085.0,555.1996583386718,0.0,78,73,0,0,73,73,14134,5,0,0,5,0
2020-07-24,US,Iowa,Henry,103,3,0,40.98767962,-91.54436349,19087.0,516.18723063045,2.9126213592233015,100,101,3,0,98,100,20067,2,0,0,2,1
2020-07-24,US,Iowa,Howard,45,0,0,43.35671042,-92.31702714,19089.0,491.37366237169687,0.0,45,45,0,0,45,43,9187,0,0,0,0,2
2020-07-24,US,Iowa,Humboldt,73,1,0,42.7764426,-94.20722537,19091.0,763.7581083908767,1.3698630136986298,72,72,1,0,71,72,9547,1,0,0,1,0
2020-07-24,US,Iowa,Ida,27,0,0,42.38696136,-95.51355387,19093.0,393.5860058309038,0.0,27,27,0,0,27,27,6841,0,0,0,0,0
2020-07-24,US,Iowa,Iowa,71,1,0,41.68630265,-92.0643373,19095.0,438.7048937221948,1.4084507042253518,70,70,1,0,69,69,16141,1,0,0,1,1
2020-07-24,US,Iowa,Jackson,113,0,0,42.17178824,-90.57354837,19097.0,581.3056227172181,0.0,113,110,0,0,110,105,19432,3,0,0,3,5
2020-07-24,US,Iowa,Jasper,424,22,0,41.68576082,-93.05567785,19099.0,1140.2447223342747,5.188679245283018,402,416,20,0,396,416,37147,8,2,0,6,0
2020-07-24,US,Iowa,Jefferson,69,0,0,41.03192394,-91.94849466,19101.0,377.15222738453133,0.0,69,68,0,0,68,68,18381,1,0,0,1,0
2020-07-24,US,Iowa,Johnson,1720,10,0,41.67169354,-91.58754744,19103.0,1138.0177319041948,0.5813953488372093,1710,1701,10,0,1691,1676,151260,19,0,0,19,25
2020-07-24,US,Iowa,Jones,106,1,0,42.12118609,-91.13139641,19105.0,512.5477491417241,0.9433962264150944,105,105,1,0,104,103,20744,1,0,0,1,2
2020-07-24,US,Iowa,Keokuk,27,1,0,41.33649833,-92.1785067,19107.0,263.51747023228575,3.703703703703704,26,26,1,0,25,24,10225,1,0,0,1,2
2020-07-24,US,Iowa,Kossuth,72,0,0,43.20405458,-94.20691791,19109.0,486.05954229393103,0.0,72,72,0,0,72,73,14908,0,0,0,0,-1
2020-07-24,US,Iowa,Lee,70,2,0,40.64181461,-91.48183025,19111.0,207.98050925513263,2.8571428571428568,68,67,2,0,65,64,34055,3,0,0,3,3
2020-07-24,US,Iowa,Linn,1754,87,0,42.07923082,-91.59809485,19113.0,773.6892715675807,4.960091220068414,1667,1719,87,0,1632,1667,225909,35,0,0,35,52
2020-07-24,US,Iowa,Louisa,374,13,0,41.21842119,-91.26102611,19115.0,3389.216130493883,3.475935828877005,361,375,13,0,362,373,11169,-1,0,0,-1,2
2020-07-24,US,Iowa,Lucas,39,4,0,41.02958964,-93.32780803,19117.0,453.4883720930232,10.256410256410255,35,39,4,0,35,39,8645,0,0,0,0,0
2020-07-24,US,Iowa,Lyon,87,0,0,43.38107862,-96.20926845,19119.0,740.1105912377711,0.0,87,84,0,0,84,84,11811,3,0,0,3,0
2020-07-24,US,Iowa,Madison,83,2,0,41.33081904,-94.01554631,19121.0,508.01811727261594,2.409638554216868,81,79,2,0,77,78,16249,4,0,0,4,1
2020-07-24,US,Iowa,Mahaska,131,17,0,41.33521503,-92.64083907,19123.0,592.8943199818964,12.977099236641221,114,131,17,0,114,129,22000,0,0,0,0,2
2020-07-24,US,Iowa,Marion,127,0,0,41.33445101,-93.09934783,19125.0,381.92042823203917,0.0,127,113,0,0,113,112,33407,14,0,0,14,1
2020-07-24,US,Iowa,Marshall,1277,22,0,42.03586837,-92.9990819,19127.0,3243.668876527217,1.7227877838684416,1255,1256,21,0,1235,1218,39981,21,1,0,20,38
2020-07-24,US,Iowa,Mills,66,0,0,41.03299766,-95.61920963,19129.0,436.8257330068171,0.0,66,63,0,0,63,63,15063,3,0,0,3,0
2020-07-24,US,Iowa,Mitchell,72,0,0,43.35638371,-92.78887719,19131.0,680.1435858681277,0.0,72,73,0,0,73,70,10569,-1,0,0,-1,3
2020-07-24,US,Iowa,Monona,85,0,0,42.05220391,-95.95743843,19133.0,986.6511897852582,0.0,85,84,0,0,84,82,8679,1,0,0,1,2
2020-07-24,US,Iowa,Monroe,63,7,0,41.02988815,-92.8690667,19135.0,817.4386920980928,11.111111111111109,56,64,7,0,57,63,7790,-1,0,0,-1,1
2020-07-24,US,Iowa,Montgomery,30,2,0,41.03018714,-95.15642896,19137.0,302.5108399717657,6.666666666666668,28,31,2,0,29,25,10003,-1,0,0,-1,6
2020-07-24,US,Iowa,Muscatine,756,46,0,41.48370744,-91.1121697,19139.0,1771.9857491093194,6.084656084656085,710,748,45,0,703,744,42929,8,1,0,7,4
2020-07-24,US,Iowa,O'Brien,110,1,0,43.08310673,-95.62474482,19141.0,799.825492619792,0.9090909090909092,109,110,1,0,109,110,13840,0,0,0,0,0
2020-07-24,US,Iowa,Osceola,74,0,0,43.37824276,-95.62422844,19143.0,1242.0275260154415,0.0,74,73,0,0,73,72,6040,1,0,0,1,1
2020-07-24,US,Iowa,Page,41,0,0,40.7393172,-95.1497813,19145.0,271.3973654597207,0.0,41,39,0,0,39,38,15249,2,0,0,2,1
2020-07-24,US,Iowa,Palo Alto,62,0,0,43.08193849,-94.67824621,19147.0,697.7267611973891,0.0,62,62,0,0,62,61,8929,0,0,0,0,1
2020-07-24,US,Iowa,Plymouth,406,6,0,42.737633,-96.21366621,19149.0,1612.5829129761291,1.477832512315271,400,397,6,0,391,391,25095,9,0,0,9,6
2020-07-24,US,Iowa,Pocahontas,111,1,0,42.73420133,-94.67862564,19151.0,1676.9904819459134,0.9009009009009008,110,110,1,0,109,109,6740,1,0,0,1,1
2020-07-24,US,Iowa,Polk,8906,191,0,41.68679484,-93.57767461,19153.0,1816.9540212297595,2.1446216034134293,8715,8786,191,0,8595,8644,487204,120,0,0,120,142
2020-07-24,US,Iowa,Pottawattamie,1016,18,0,41.33640314,-95.53907776,19155.0,1090.0585799197477,1.7716535433070866,998,979,18,0,961,961,93533,37,0,0,37,18
2020-07-24,US,Iowa,Poweshiek,121,8,0,41.68625425,-92.53155731,19157.0,653.9126675313446,6.6115702479338845,113,118,8,0,110,117,18699,3,0,0,3,1
2020-07-24,US,Iowa,Ringgold,21,1,0,40.73518949,-94.24368535,19159.0,429.09685328974257,4.761904761904762,20,21,1,0,20,19,4968,0,0,0,0,2
2020-07-24,US,Iowa,Sac,76,0,0,42.38624071,-95.10547892,19161.0,781.8125707231766,0.0,76,75,0,0,75,75,9719,1,0,0,1,0
2020-07-24,US,Iowa,Scott,1434,11,0,41.63935978,-90.61959493,19163.0,829.1749304684203,0.7670850767085077,1423,1398,11,0,1387,1365,173283,36,0,0,36,33
2020-07-24,US,Iowa,Shelby,129,0,0,41.6850066,-95.31015553,19165.0,1126.2441068622315,0.0,129,127,0,0,127,126,11578,2,0,0,2,1
2020-07-24,US,Iowa,Sioux,555,1,0,43.08221074,-96.1767568,19167.0,1592.3110027255773,0.18018018018018014,554,551,1,0,550,545,34909,4,0,0,4,6
2020-07-24,US,Iowa,Story,1026,11,0,42.03621213,-93.46499005,19169.0,1056.4576747634296,1.0721247563352827,1015,998,10,0,988,983,98105,28,1,0,27,15
2020-07-24,US,Iowa,Tama,517,29,0,42.07991767,-92.53266945,19171.0,3067.5210632490803,5.6092843326885875,488,514,29,0,485,513,16904,3,0,0,3,1
2020-07-24,US,Iowa,Taylor,87,0,0,40.73710579,-94.69778563,19173.0,1421.3363829439636,0.0,87,85,0,0,85,85,6191,2,0,0,2,0
2020-07-24,US,Iowa,Unassigned,3,0,0,0.0,0.0,90019.0,0.0,0.0,3,1,0,0,1,13,,2,0,0,2,-12
2020-07-24,US,Iowa,Union,61,1,0,41.0277278,-94.24234847,19175.0,498.3253002205702,1.639344262295082,60,59,1,0,58,59,12359,2,0,0,2,0
2020-07-24,US,Iowa,Van Buren,22,1,0,40.75326764,-91.95017958,19177.0,312.32254400908573,4.545454545454546,21,22,1,0,21,22,7020,0,0,0,0,0
2020-07-24,US,Iowa,Wapello,777,31,0,41.03064984,-92.40954728,19179.0,2221.9680288255317,3.9897039897039903,746,773,31,0,742,769,35205,4,0,0,4,4
2020-07-24,US,Iowa,Warren,442,1,0,41.33559454,-93.56007641,19181.0,858.8194147592586,0.2262443438914027,441,432,1,0,431,425,51056,10,0,0,10,7
2020-07-24,US,Iowa,Washington,276,9,0,41.33577126,-91.71725711,19183.0,1256.544502617801,3.260869565217391,267,275,9,0,266,275,22141,1,0,0,1,0
2020-07-24,US,Iowa,Wayne,13,1,0,40.73969028,-93.32752197,19185.0,201.83201366247482,7.6923076923076925,12,12,1,0,11,11,6401,1,0,0,1,1
2020-07-24,US,Iowa,Webster,578,5,0,42.42853483,-94.17987389,19187.0,1609.8484848484848,0.8650519031141869,573,566,5,0,561,565,36277,12,0,0,12,1
2020-07-24,US,Iowa,Winnebago,64,0,0,43.37751174,-93.73407298,19189.0,618.1186015066639,0.0,64,63,0,0,63,59,10518,1,0,0,1,4
2020-07-24,US,Iowa,Winneshiek,67,1,0,43.29094334,-91.84422722,19191.0,335.15081786804063,1.492537313432836,66,66,1,0,65,63,20029,1,0,0,1,3
2020-07-24,US,Iowa,Woodbury,3525,47,0,42.38979414,-96.0459439,19193.0,3418.7785504378944,1.3333333333333333,3478,3514,47,0,3467,3495,102539,11,0,0,11,19
2020-07-24,US,Iowa,Worth,47,0,0,43.37750768,-93.26087602,19195.0,636.7700853542881,0.0,47,47,0,0,47,47,7453,0,0,0,0,0
2020-07-24,US,Iowa,Wright,426,1,0,42.73305373,-93.73515113,19197.0,3391.179748447699,0.2347417840375587,425,425,1,0,424,423,12690,1,0,0,1,2
2020-07-24,US,Kansas,Allen,11,0,0,37.88582951,-95.30030847,20001.0,88.9320074379497,0.0,11,11,0,0,11,11,12444,0,0,0,0,0
2020-07-24,US,Kansas,Anderson,25,0,0,38.21413251,-95.29272815,20003.0,318.14711122423006,0.0,25,25,0,0,25,24,7878,0,0,0,0,1
2020-07-24,US,Kansas,Atchison,56,0,0,39.53185661,-95.30870026,20005.0,348.4103776519629,0.0,56,50,0,0,50,50,16193,6,0,0,6,0
2020-07-24,US,Kansas,Barber,4,0,0,37.2288586,-98.68460053,20007.0,90.35464196973119,0.0,4,4,0,0,4,4,4472,0,0,0,0,0
2020-07-24,US,Kansas,Barton,88,3,0,38.47889676,-98.75636726,20009.0,341.3631250242445,3.4090909090909087,85,81,3,0,78,81,26111,7,0,0,7,0
2020-07-24,US,Kansas,Bourbon,62,1,0,37.85508555,-94.84865997,20011.0,426.58593642493446,1.6129032258064515,61,62,1,0,61,59,14653,0,0,0,0,3
2020-07-24,US,Kansas,Brown,27,0,0,39.82652589,-95.56421698,20013.0,282.3086574654956,0.0,27,27,0,0,27,27,9598,0,0,0,0,0
2020-07-24,US,Kansas,Butler,155,0,0,37.78134351,-96.83878537,20015.0,231.65099908834117,0.0,155,138,0,0,138,138,66765,17,0,0,17,0
2020-07-24,US,Kansas,Chase,6,0,0,38.30292938,-96.59563862,20017.0,226.5861027190332,0.0,6,6,0,0,6,6,2629,0,0,0,0,0
2020-07-24,US,Kansas,Chautauqua,5,0,0,37.14994405,-96.2454192,20019.0,153.84615384615384,0.0,5,5,0,0,5,5,3309,0,0,0,0,0
2020-07-24,US,Kansas,Cherokee,64,1,0,37.16928494,-94.8462897,20021.0,320.97898590701635,1.5625,63,63,1,0,62,63,20015,1,0,0,1,0
2020-07-24,US,Kansas,Cheyenne,2,0,0,39.78580976,-101.7318201,20023.0,75.27286413248024,0.0,2,2,0,0,2,2,2660,0,0,0,0,0
2020-07-24,US,Kansas,Clark,40,1,0,37.23577007,-99.81883015,20025.0,2006.0180541624875,2.5,39,38,1,0,37,38,2005,2,0,0,2,0
2020-07-24,US,Kansas,Clay,15,2,0,39.34948772,-97.16518128,20027.0,187.45313671582105,13.333333333333336,13,13,2,0,11,13,7997,2,0,0,2,0
2020-07-24,US,Kansas,Cloud,26,0,0,39.48028352,-97.64925343,20029.0,295.92533576143865,0.0,26,26,0,0,26,26,8729,0,0,0,0,0
2020-07-24,US,Kansas,Coffey,63,8,0,38.2365018,-95.73379515,20031.0,770.2653136080205,12.698412698412698,55,61,8,0,53,61,8233,2,0,0,2,0
2020-07-24,US,Kansas,Comanche,3,0,0,37.19114520000001,-99.27113247,20033.0,176.47058823529412,0.0,3,3,0,0,3,3,1748,0,0,0,0,0
2020-07-24,US,Kansas,Cowley,128,2,0,37.23781842,-96.83776647,20035.0,366.6781253580841,1.5625,126,118,2,0,116,118,35218,10,0,0,10,0
2020-07-24,US,Kansas,Crawford,358,1,0,37.50675523,-94.85245778,20037.0,922.252563243856,0.2793296089385475,357,351,1,0,350,351,39019,7,0,0,7,0
2020-07-24,US,Kansas,Decatur,5,0,0,39.78468441,-100.45940809999999,20039.0,176.86593562079943,0.0,5,5,0,0,5,5,2871,0,0,0,0,0
2020-07-24,US,Kansas,Dickinson,35,1,0,38.86600962,-97.15532383,20041.0,189.53752843062927,2.8571428571428568,34,34,1,0,33,34,18717,1,0,0,1,0
2020-07-24,US,Kansas,Doniphan,43,0,0,39.79067154,-95.14056866,20043.0,565.7894736842105,0.0,43,39,0,0,39,39,7682,4,0,0,4,0
2020-07-24,US,Kansas,Douglas,588,2,0,38.88503636,-95.2925121,20045.0,480.9461880106986,0.3401360544217687,586,561,2,0,559,542,121436,27,0,0,27,19
2020-07-24,US,Kansas,Edwards,9,0,0,37.88735543,-99.31263309,20047.0,321.6583273766976,0.0,9,8,0,0,8,8,2849,1,0,0,1,0
2020-07-24,US,Kansas,Elk,1,0,0,37.45338105,-96.24369667,20049.0,39.52569169960474,0.0,1,1,0,0,1,1,2508,0,0,0,0,0
2020-07-24,US,Kansas,Ellis,105,0,0,38.91458712,-99.31751551,20051.0,367.73719048786484,0.0,105,97,0,0,97,97,28710,8,0,0,8,0
2020-07-24,US,Kansas,Ellsworth,15,0,0,38.69677695,-98.20462799,20053.0,245.8210422812193,0.0,15,15,0,0,15,15,6196,0,0,0,0,0
2020-07-24,US,Kansas,Finney,1672,10,0,38.04340344,-100.73819379999999,20055.0,4584.967230646887,0.5980861244019139,1662,1666,10,0,1656,1652,36611,6,0,0,6,14
2020-07-24,US,Kansas,Ford,1998,8,0,37.69200114,-99.88825298,20057.0,5943.067908028198,0.4004004004004004,1990,1994,8,0,1986,1994,33888,4,0,0,4,0
2020-07-24,US,Kansas,Franklin,128,1,0,38.56443815,-95.28644341,20059.0,501.0961478233637,0.78125,127,123,1,0,122,123,25631,5,0,0,5,0
2020-07-24,US,Kansas,Geary,113,1,0,38.99871131,-96.7577178,20061.0,356.8045468898011,0.8849557522123894,112,113,1,0,112,104,32594,0,0,0,0,9
2020-07-24,US,Kansas,Gove,3,0,0,38.91588178,-100.4829321,20063.0,113.80880121396058,0.0,3,2,0,0,2,2,2612,1,0,0,1,0
2020-07-24,US,Kansas,Graham,9,0,0,39.34987223,-99.88332493,20065.0,362.61079774375503,0.0,9,9,0,0,9,9,2492,0,0,0,0,0
2020-07-24,US,Kansas,Grant,88,2,0,37.56227336,-101.3079758,20067.0,1230.7692307692307,2.272727272727273,86,78,2,0,76,78,7336,10,0,0,10,0
2020-07-24,US,Kansas,Gray,51,0,0,37.73836671,-100.4369088,20069.0,851.7034068136273,0.0,51,51,0,0,51,51,6033,0,0,0,0,0
2020-07-24,US,Kansas,Greeley,3,0,0,38.4808095,-101.8061079,20071.0,243.50649350649346,0.0,3,3,0,0,3,3,1227,0,0,0,0,0
2020-07-24,US,Kansas,Greenwood,14,0,0,37.8774388,-96.23250453,20073.0,234.0354396522902,0.0,14,13,0,0,13,13,6055,1,0,0,1,0
2020-07-24,US,Kansas,Hamilton,35,0,0,37.99978709,-101.7921066,20075.0,1378.4954706577396,0.0,35,35,0,0,35,35,2607,0,0,0,0,0
2020-07-24,US,Kansas,Harper,8,0,0,37.19175361,-98.07578384,20077.0,147.16703458425312,0.0,8,6,0,0,6,6,5506,2,0,0,2,0
2020-07-24,US,Kansas,Harvey,129,1,0,38.04293782,-97.42747573,20079.0,374.6841325626652,0.7751937984496124,128,129,1,0,128,125,34210,0,0,0,0,4
2020-07-24,US,Kansas,Haskell,35,0,0,37.562039399999996,-100.8710738,20081.0,882.0564516129033,0.0,35,33,0,0,33,33,3997,2,0,0,2,0
2020-07-24,US,Kansas,Hodgeman,10,0,0,38.08780079,-99.89829881,20083.0,557.4136008918617,0.0,10,10,0,0,10,10,1818,0,0,0,0,0
2020-07-24,US,Kansas,Jackson,131,1,0,39.41673394,-95.79356799,20085.0,994.609369068408,0.7633587786259542,130,131,1,0,130,131,13280,0,0,0,0,0
2020-07-24,US,Kansas,Jefferson,47,0,0,39.2347941,-95.38289232,20087.0,246.80985138896182,0.0,47,43,0,0,43,43,18975,4,0,0,4,0
2020-07-24,US,Kansas,Jewell,8,0,0,39.78470589,-98.21820662,20089.0,277.8742618964918,0.0,8,7,0,0,7,7,2841,1,0,0,1,0
2020-07-24,US,Kansas,Johnson,4280,97,0,38.88548175,-94.82250877,20091.0,710.4901884293021,2.266355140186916,4183,4161,96,0,4065,4053,597555,119,1,0,118,108
2020-07-24,US,Kansas,Kearny,53,1,0,38.00017981,-101.32168100000001,20093.0,1380.9275664408551,1.8867924528301887,52,53,1,0,52,53,3943,0,0,0,0,0
2020-07-24,US,Kansas,Kingman,7,0,0,37.55909527,-98.13638678,20095.0,97.87472035794184,0.0,7,5,0,0,5,5,7310,2,0,0,2,0
2020-07-24,US,Kansas,Kiowa,6,0,0,37.55848695,-99.2856537,20097.0,242.42424242424244,0.0,6,6,0,0,6,6,2516,0,0,0,0,0
2020-07-24,US,Kansas,Labette,106,0,0,37.19113093,-95.29849679,20099.0,540.3201141808544,0.0,106,102,0,0,102,102,19964,4,0,0,4,0
2020-07-24,US,Kansas,Lane,5,0,0,38.48119447,-100.46607540000001,20101.0,325.73289902280135,0.0,5,5,0,0,5,5,1560,0,0,0,0,0
2020-07-24,US,Kansas,Leavenworth,1337,7,0,39.20183497,-95.03620809,20103.0,1635.3139753907874,0.5235602094240838,1330,1310,7,0,1303,1310,81352,27,0,0,27,0
2020-07-24,US,Kansas,Lincoln,6,0,0,39.04549684,-98.20756994,20105.0,202.56583389601624,0.0,6,5,0,0,5,5,3023,1,0,0,1,0
2020-07-24,US,Kansas,Linn,25,0,0,38.21267844,-94.84254089,20107.0,257.65227249304337,0.0,25,24,0,0,24,24,9750,1,0,0,1,0
2020-07-24,US,Kansas,Logan,2,0,0,38.91735806,-101.148475,20109.0,71.58196134574086,0.0,2,2,0,0,2,2,2844,0,0,0,0,0
2020-07-24,US,Kansas,Lyon,548,7,0,38.45576156,-96.15275715,20111.0,1650.8510317818948,1.2773722627737227,541,586,7,0,579,586,33406,-38,0,0,-38,0
2020-07-24,US,Kansas,Marion,34,1,0,38.35855394,-97.09852509999999,20115.0,286.09895658027597,2.9411764705882355,33,34,1,0,33,34,11950,0,0,0,0,0
2020-07-24,US,Kansas,Marshall,7,0,0,39.78359669,-96.52278974,20117.0,72.11290821056969,0.0,7,7,0,0,7,7,9722,0,0,0,0,0
2020-07-24,US,Kansas,McPherson,114,0,0,38.39184858,-97.64769869,20113.0,399.4113937355476,0.0,114,114,0,0,114,106,28537,0,0,0,0,8
2020-07-24,US,Kansas,Meade,36,0,0,37.23859987,-100.36483100000001,20119.0,892.6357550210761,0.0,36,34,0,0,34,34,4146,2,0,0,2,0
2020-07-24,US,Kansas,Miami,92,0,0,38.56383358,-94.83832189,20121.0,268.71513275111715,0.0,92,92,0,0,92,92,33680,0,0,0,0,0
2020-07-24,US,Kansas,Mitchell,25,0,0,39.39331582,-98.20906732,20123.0,418.13012209399557,0.0,25,25,0,0,25,25,6150,0,0,0,0,0
2020-07-24,US,Kansas,Montgomery,119,4,0,37.19236568,-95.74329258,20125.0,373.8728832197053,3.361344537815126,115,116,3,0,113,116,32120,3,1,0,2,0
2020-07-24,US,Kansas,Morris,7,0,0,38.68827511,-96.65128437,20127.0,124.55516014234877,0.0,7,6,0,0,6,6,5521,1,0,0,1,0
2020-07-24,US,Kansas,Morton,9,2,0,37.19141121,-101.79925190000002,20129.0,347.89331271743333,22.222222222222218,7,9,2,0,7,9,2667,0,0,0,0,0
2020-07-24,US,Kansas,Nemaha,37,0,0,39.78345387,-96.01392079,20131.0,361.6459779102727,0.0,37,37,0,0,37,37,10155,0,0,0,0,0
2020-07-24,US,Kansas,Neosho,48,0,0,37.55862897,-95.30670046,20133.0,299.86880739676394,0.0,48,48,0,0,48,48,15951,0,0,0,0,0
2020-07-24,US,Kansas,Ness,5,0,0,38.47974157,-99.91547333,20135.0,181.8181818181818,0.0,5,5,0,0,5,5,2840,0,0,0,0,0
2020-07-24,US,Kansas,Norton,22,0,0,39.78443827,-99.90286639,20137.0,410.37119940309645,0.0,22,22,0,0,22,22,5430,0,0,0,0,0
2020-07-24,US,Kansas,Osage,34,0,0,38.65235984,-95.72707998,20139.0,213.17950968712773,0.0,34,34,0,0,34,34,15941,0,0,0,0,0
2020-07-24,US,Kansas,Osborne,3,0,0,39.3503437,-98.76753828,20141.0,87.69365682548961,0.0,3,3,0,0,3,3,3475,0,0,0,0,0
2020-07-24,US,Kansas,Ottawa,28,0,0,39.13237408,-97.65020313,20143.0,490.8835904628331,0.0,28,26,0,0,26,26,5802,2,0,0,2,0
2020-07-24,US,Kansas,Pawnee,7,0,0,38.18108732,-99.23692334,20145.0,109.13626442157779,0.0,7,6,0,0,6,6,6562,1,0,0,1,0
2020-07-24,US,Kansas,Phillips,41,7,0,39.78465501,-99.34668865,20147.0,783.3397019487962,17.073170731707318,34,41,7,0,34,40,5317,0,0,0,0,1
2020-07-24,US,Kansas,Pottawatomie,99,0,0,39.37925655,-96.34564657,20149.0,406.02058811467003,0.0,99,97,0,0,97,96,24277,2,0,0,2,1
2020-07-24,US,Kansas,Pratt,32,0,0,37.64780729,-98.73922153,20151.0,349.19249236141417,0.0,32,28,0,0,28,28,9378,4,0,0,4,0
2020-07-24,US,Kansas,Reno,193,1,0,37.95230263,-98.08607292,20155.0,311.300364527888,0.5181347150259067,192,173,1,0,172,167,62342,20,0,0,20,6
2020-07-24,US,Kansas,Republic,23,0,0,39.82799632,-97.65036709,20157.0,496.11734253666947,0.0,23,21,0,0,21,21,4664,2,0,0,2,0
2020-07-24,US,Kansas,Rice,21,0,0,38.34616184,-98.19992118,20159.0,220.19502988361117,0.0,21,16,0,0,16,16,9531,5,0,0,5,0
2020-07-24,US,Kansas,Riley,419,4,0,39.28935726,-96.73420026,20161.0,564.4465998491216,0.9546539379474941,415,418,3,0,415,411,73703,1,1,0,0,7
2020-07-24,US,Kansas,Rooks,13,0,0,39.35022773,-99.32484567,20163.0,264.2276422764228,0.0,13,11,0,0,11,11,5013,2,0,0,2,0
2020-07-24,US,Kansas,Rush,5,0,0,38.52275276,-99.30863983,20165.0,164.69038208168644,0.0,5,5,0,0,5,5,3093,0,0,0,0,0
2020-07-24,US,Kansas,Russell,7,0,0,38.91462787,-98.76254297,20167.0,102.10035005834305,0.0,7,7,0,0,7,4,6907,0,0,0,0,3
2020-07-24,US,Kansas,Saline,313,3,0,38.78369175,-97.65185177,20169.0,577.2351726172913,0.9584664536741214,310,307,3,0,304,307,54401,6,0,0,6,0
2020-07-24,US,Kansas,Scott,22,0,0,38.48222076,-100.90665390000001,20171.0,456.1476259589466,0.0,22,22,0,0,22,22,4897,0,0,0,0,0
2020-07-24,US,Kansas,Sedgwick,3303,35,0,37.6842718,-97.4608198,20173.0,640.0641808224913,1.0596427490160458,3268,3114,33,0,3081,2918,513607,189,2,0,187,196
2020-07-24,US,Kansas,Seward,1154,4,0,37.19324632,-100.85072009999999,20175.0,5385.4769460518955,0.3466204506065858,1150,1149,4,0,1145,1149,21780,5,0,0,5,0
2020-07-24,US,Kansas,Shawnee,1266,17,0,39.04100763,-95.75572640000001,20177.0,715.7597173144876,1.3428120063191151,1249,1241,15,0,1226,1223,177499,25,2,0,23,18
2020-07-24,US,Kansas,Sheridan,7,0,0,39.35018161,-100.44182590000001,20179.0,277.66759222530743,0.0,7,7,0,0,7,7,2533,0,0,0,0,0
2020-07-24,US,Kansas,Sherman,9,0,0,39.35147699,-101.71976240000001,20181.0,152.1041068108839,0.0,9,9,0,0,9,9,5899,0,0,0,0,0
2020-07-24,US,Kansas,Smith,3,0,0,39.78516566,-98.78566062,20183.0,83.72871895060004,0.0,3,3,0,0,3,3,3603,0,0,0,0,0
2020-07-24,US,Kansas,Stafford,2,0,0,38.03100851,-98.71762001,20185.0,48.12319538017324,0.0,2,2,0,0,2,2,4178,0,0,0,0,0
2020-07-24,US,Kansas,Stanton,15,0,0,37.56304714,-101.78435340000001,20187.0,747.7567298105682,0.0,15,15,0,0,15,15,1987,0,0,0,0,0
2020-07-24,US,Kansas,Stevens,40,0,0,37.1923008,-101.3118967,20189.0,729.2616226071103,0.0,40,40,0,0,40,40,5559,0,0,0,0,0
2020-07-24,US,Kansas,Sumner,79,2,0,37.23682549,-97.47721621,20191.0,345.94499912418985,2.5316455696202533,77,79,2,0,77,76,22996,0,0,0,0,3
2020-07-24,US,Kansas,Thomas,25,0,0,39.35107575,-101.0553705,20193.0,321.46071750032144,0.0,25,25,0,0,25,23,7711,0,0,0,0,2
2020-07-24,US,Kansas,Trego,5,0,0,38.91467218,-99.87284448,20195.0,178.38030681412772,0.0,5,5,0,0,5,5,2793,0,0,0,0,0
2020-07-24,US,Kansas,Unassigned,0,1,0,0.0,0.0,90020.0,0.0,0.0,-1,0,1,0,-1,0,,0,0,0,0,0
2020-07-24,US,Kansas,Wabaunsee,40,0,0,38.95471985,-96.20350509,20197.0,577.1172990910403,0.0,40,40,0,0,40,40,6899,0,0,0,0,0
2020-07-24,US,Kansas,Washington,2,0,0,39.78420784,-97.08753229999999,20201.0,36.99593044765076,0.0,2,2,0,0,2,2,5420,0,0,0,0,0
2020-07-24,US,Kansas,Wichita,2,0,0,38.48178252,-101.3471509,20203.0,94.38414346389808,0.0,2,1,0,0,1,1,2105,1,0,0,1,0
2020-07-24,US,Kansas,Wilson,6,0,0,37.55937174,-95.74323255,20205.0,70.38123167155425,0.0,6,6,0,0,6,6,8665,0,0,0,0,0
2020-07-24,US,Kansas,Woodson,11,0,0,37.8865336,-95.74006277,20207.0,350.54174633524536,0.0,11,11,0,0,11,11,3183,0,0,0,0,0
2020-07-24,US,Kansas,Wyandotte,3974,91,0,39.11727348,-94.76378225,20209.0,2402.239027014611,2.2898842476094616,3883,3894,90,0,3804,3822,165324,80,1,0,79,72
2020-07-24,US,Kentucky,Adair,177,19,0,37.10459774,-85.28129668,21001.0,921.7789813561087,10.734463276836157,158,171,19,0,152,171,19215,6,0,0,6,0
2020-07-24,US,Kentucky,Allen,206,8,0,36.75197631,-86.19457544,21003.0,966.455547736336,3.8834951456310685,198,205,8,0,197,205,21122,1,0,0,1,0
2020-07-24,US,Kentucky,Anderson,42,1,0,38.00671029,-84.99171713,21005.0,184.639732712006,2.380952380952381,41,42,1,0,41,41,22663,0,0,0,0,1
2020-07-24,US,Kentucky,Ballard,28,0,0,37.05842757,-88.99427697,21007.0,354.9695740365112,0.0,28,26,0,0,26,26,7979,2,0,0,2,0
2020-07-24,US,Kentucky,Barren,233,2,0,36.96469836,-85.93338945,21009.0,526.5655721033244,0.8583690987124464,231,218,2,0,216,214,44176,15,0,0,15,4
2020-07-24,US,Kentucky,Bath,26,1,0,38.14735938,-83.74588932,21011.0,208.0,3.8461538461538463,25,25,1,0,24,24,12383,1,0,0,1,1
2020-07-24,US,Kentucky,Bell,213,1,0,36.73355174,-83.67766671,21013.0,818.2237246465887,0.4694835680751174,212,191,1,0,190,174,26569,22,0,0,22,17
2020-07-24,US,Kentucky,Boone,906,24,0,38.97065142,-84.72615357,21015.0,678.2401688862938,2.6490066225165565,882,880,23,0,857,871,131533,26,1,0,25,9
2020-07-24,US,Kentucky,Bourbon,61,1,0,38.2054607,-84.21827874,21017.0,308.2676369516879,1.639344262295082,60,60,1,0,59,60,20184,1,0,0,1,0
2020-07-24,US,Kentucky,Boyd,134,3,0,38.36176608,-82.68652187,21019.0,286.82734706108994,2.238805970149253,131,132,3,0,129,129,47240,2,0,0,2,3
2020-07-24,US,Kentucky,Boyle,94,0,0,37.62680923,-84.8633779,21021.0,312.70791749833666,0.0,94,89,0,0,89,62,30100,5,0,0,5,27
2020-07-24,US,Kentucky,Bracken,25,0,0,38.69158994,-84.08532444,21023.0,301.0959894014212,0.0,25,24,0,0,24,24,8239,1,0,0,1,0
2020-07-24,US,Kentucky,Breathitt,19,0,0,37.52333168,-83.31959161,21025.0,150.43547110055422,0.0,19,18,0,0,18,18,12726,1,0,0,1,0
2020-07-24,US,Kentucky,Breckinridge,39,2,0,37.77377239,-86.42885017,21027.0,190.4575865605313,5.128205128205129,37,39,2,0,37,38,20388,0,0,0,0,1
2020-07-24,US,Kentucky,Bullitt,245,4,0,37.97162523,-85.68955617,21029.0,299.9657182036338,1.6326530612244898,241,229,4,0,225,221,81069,16,0,0,16,8
2020-07-24,US,Kentucky,Butler,286,14,0,37.20946153,-86.68748787,21031.0,2220.669306623185,4.895104895104895,272,284,14,0,270,283,12772,2,0,0,2,1
2020-07-24,US,Kentucky,Caldwell,42,0,0,37.14749129,-87.86948214,21033.0,329.48929159802304,0.0,42,41,0,0,41,41,12715,1,0,0,1,0
2020-07-24,US,Kentucky,Calloway,144,2,0,36.62093411,-88.2731593,21035.0,369.22130201789696,1.3888888888888888,142,142,2,0,140,139,39135,2,0,0,2,3
2020-07-24,US,Kentucky,Campbell,447,13,0,38.94384345,-84.37875208,21037.0,477.6457514104975,2.9082774049217,434,435,13,0,422,421,93152,12,0,0,12,14
2020-07-24,US,Kentucky,Carlisle,16,1,0,36.85372876,-88.96692220000001,21039.0,336.13445378151266,6.25,15,16,1,0,15,16,4771,0,0,0,0,0
2020-07-24,US,Kentucky,Carroll,134,2,0,38.66599534,-85.12601074,21041.0,1260.4646787696358,1.492537313432836,132,133,2,0,131,128,10737,1,0,0,1,5
2020-07-24,US,Kentucky,Carter,79,1,0,38.31690743,-83.05092385,21043.0,294.80912042392805,1.2658227848101269,78,76,1,0,75,75,27004,3,0,0,3,1
2020-07-24,US,Kentucky,Casey,130,8,0,37.32533118,-84.92726209,21045.0,804.5052292839903,6.153846153846153,122,125,8,0,117,122,15888,5,0,0,5,3
2020-07-24,US,Kentucky,Christian,385,4,0,36.89267803,-87.49055367,21047.0,546.4015554704022,1.0389610389610389,381,380,4,0,376,367,71671,5,0,0,5,13
2020-07-24,US,Kentucky,Clark,126,7,0,37.9689263,-84.14615986,21049.0,347.46159997793893,5.5555555555555545,119,122,7,0,115,122,36249,4,0,0,4,0
2020-07-24,US,Kentucky,Clay,131,4,0,37.16451126,-83.712575,21051.0,658.2583789759309,3.053435114503817,127,126,4,0,122,121,20105,5,0,0,5,5
2020-07-24,US,Kentucky,Clinton,15,0,0,36.72581156,-85.13377529,21053.0,146.7997651203758,0.0,15,14,0,0,14,14,10206,1,0,0,1,0
2020-07-24,US,Kentucky,Crittenden,22,1,0,37.35839237,-88.08826090000002,21055.0,249.82966159436748,4.545454545454546,21,22,1,0,21,21,8915,0,0,0,0,1
2020-07-24,US,Kentucky,Cumberland,21,0,0,36.78926125,-85.39050034,21057.0,317.5083156939825,0.0,21,20,0,0,20,20,6659,1,0,0,1,0
2020-07-24,US,Kentucky,Daviess,613,7,0,37.73028906,-87.09019479999998,21059.0,603.8754420703175,1.1419249592169658,606,608,7,0,601,595,101104,5,0,0,5,13
2020-07-24,US,Kentucky,Edmonson,87,12,0,37.21218923,-86.23955613,21061.0,716.0493827160492,13.79310344827586,75,86,12,0,74,84,12274,1,0,0,1,2
2020-07-24,US,Kentucky,Elliott,8,0,0,38.11624059,-83.09771563,21063.0,106.42543567912732,0.0,8,7,0,0,7,7,7508,1,0,0,1,0
2020-07-24,US,Kentucky,Estill,9,0,0,37.69241417,-83.95956369,21065.0,63.80263717566993,0.0,9,8,0,0,8,8,14198,1,0,0,1,0
2020-07-24,US,Kentucky,Fayette,2309,42,0,38.0368225,-84.45576892,21067.0,714.524434321929,1.818969250757904,2267,2233,42,0,2191,2205,323780,76,0,0,76,28
2020-07-24,US,Kentucky,Fleming,44,0,0,38.36758311,-83.69657514,21069.0,301.76256772512176,0.0,44,42,0,0,42,40,14432,2,0,0,2,2
2020-07-24,US,Kentucky,Floyd,70,1,0,37.56213922,-82.74750924,21071.0,196.68998847958642,1.4285714285714286,69,66,1,0,65,61,35845,4,0,0,4,5
2020-07-24,US,Kentucky,Franklin,200,5,0,38.2379395,-84.87962551,21073.0,392.2260791120002,2.5,195,200,5,0,195,198,50815,0,0,0,0,2
2020-07-24,US,Kentucky,Fulton,39,1,0,36.55238827,-89.20140068,21075.0,653.3757748366561,2.5641025641025643,38,36,1,0,35,36,6120,3,0,0,3,0
2020-07-24,US,Kentucky,Gallatin,77,8,0,38.75398691,-84.8558382,21077.0,868.1925808997631,10.389610389610391,69,77,8,0,69,74,8832,0,0,0,0,3
2020-07-24,US,Kentucky,Garrard,51,0,0,37.638866799999995,-84.53289319,21079.0,288.69013925053775,0.0,51,49,0,0,49,48,17560,2,0,0,2,1
2020-07-24,US,Kentucky,Grant,83,5,0,38.64962758,-84.62415957,21081.0,331.086202082253,6.024096385542169,78,80,5,0,75,80,25121,3,0,0,3,0
2020-07-24,US,Kentucky,Graves,414,21,0,36.72292505,-88.65143315,21083.0,1110.932217034294,5.0724637681159415,393,411,21,0,390,397,37317,3,0,0,3,14
2020-07-24,US,Kentucky,Grayson,166,11,0,37.46231118,-86.34248968,21085.0,628.1454572974609,6.626506024096385,155,165,11,0,154,163,26321,1,0,0,1,2
2020-07-24,US,Kentucky,Green,23,1,0,37.26484328,-85.5540745,21087.0,210.21844438351158,4.3478260869565215,22,22,1,0,21,22,11049,1,0,0,1,0
2020-07-24,US,Kentucky,Greenup,64,0,0,38.54332505,-82.9215658,21089.0,182.3465724542709,0.0,64,63,0,0,63,63,35268,1,0,0,1,0
2020-07-24,US,Kentucky,Hancock,39,0,0,37.83766422,-86.78280584,21091.0,447.14515019490943,0.0,39,39,0,0,39,38,8758,0,0,0,0,1
2020-07-24,US,Kentucky,Hardin,419,8,0,37.6976111,-85.96319251,21093.0,377.6203608572613,1.9093078758949882,411,404,7,0,397,394,110356,15,1,0,14,10
2020-07-24,US,Kentucky,Harlan,143,2,0,36.85699301,-83.21899516,21095.0,549.7885428681276,1.3986013986013983,141,126,2,0,124,107,26409,17,0,0,17,19
2020-07-24,US,Kentucky,Harrison,107,0,0,38.44188174,-84.32869741,21097.0,566.5572381658371,0.0,107,107,0,0,107,105,18778,0,0,0,0,2
2020-07-24,US,Kentucky,Hart,67,0,0,37.29943898,-85.88461055,21099.0,351.98318886262155,0.0,67,61,0,0,61,60,18906,6,0,0,6,1
2020-07-24,US,Kentucky,Henderson,268,4,0,37.79344553,-87.57392021,21101.0,592.7892059278921,1.492537313432836,264,256,4,0,252,247,45591,12,0,0,12,9
2020-07-24,US,Kentucky,Henry,68,2,0,38.44942688,-85.11587507,21103.0,421.67927570383233,2.9411764705882355,66,68,2,0,66,64,16106,0,0,0,0,4
2020-07-24,US,Kentucky,Hickman,16,0,0,36.67948079999999,-88.97875928,21105.0,365.296803652968,0.0,16,16,0,0,16,16,4421,0,0,0,0,0
2020-07-24,US,Kentucky,Hopkins,367,33,0,37.30939025,-87.54670406,21107.0,821.2863089110683,8.991825613079019,334,363,33,0,330,359,45068,4,0,0,4,4
2020-07-24,US,Kentucky,Jackson,125,14,0,37.41866422,-83.99825483,21109.0,937.8047865556308,11.2,111,124,14,0,110,123,13442,1,0,0,1,1
2020-07-24,US,Kentucky,Jefferson,5836,218,0,38.18664655,-85.65931031,21111.0,761.1277106045329,3.7354352296093216,5618,5635,216,0,5419,5519,770517,201,2,0,199,116
2020-07-24,US,Kentucky,Jessamine,215,0,0,37.87119786,-84.58252003,21113.0,397.302041947704,0.0,215,204,0,0,204,192,53920,11,0,0,11,12
2020-07-24,US,Kentucky,Johnson,18,0,0,37.85106355,-82.8264322,21115.0,81.12493239588967,0.0,18,18,0,0,18,17,22386,0,0,0,0,1
2020-07-24,US,Kentucky,Kenton,1143,37,0,38.93950319,-84.53241199,21117.0,684.4393346028096,3.2370953630796153,1106,1116,37,0,1079,1100,166051,27,0,0,27,16
2020-07-24,US,Kentucky,Knott,31,0,0,37.35388197,-82.94981134,21119.0,209.3745778738349,0.0,31,30,0,0,30,27,15126,1,0,0,1,3
2020-07-24,US,Kentucky,Knox,157,8,0,36.89225732,-83.85403396,21121.0,504.0937550168566,5.095541401273885,149,147,8,0,139,143,31304,10,0,0,10,4
2020-07-24,US,Kentucky,Larue,38,1,0,37.54567114,-85.70138352,21123.0,263.92554521461307,2.631578947368421,37,35,1,0,34,31,14307,3,0,0,3,4
2020-07-24,US,Kentucky,Laurel,305,4,0,37.10975748,-84.11321779,21125.0,501.53750020554816,1.3114754098360657,301,292,4,0,288,273,60669,13,0,0,13,19
2020-07-24,US,Kentucky,Lawrence,22,0,0,38.07136018,-82.72882223,21127.0,143.6312593849971,0.0,22,22,0,0,22,21,15571,0,0,0,0,1
2020-07-24,US,Kentucky,Lee,3,0,0,37.59645942,-83.71513901,21129.0,40.52411184654871,0.0,3,3,0,0,3,3,7033,0,0,0,0,0
2020-07-24,US,Kentucky,Leslie,19,0,0,37.09246661,-83.37999606,21131.0,192.36610306773312,0.0,19,19,0,0,19,16,10143,0,0,0,0,3
2020-07-24,US,Kentucky,Letcher,29,0,0,37.12306748,-82.85346474,21133.0,134.55203451955646,0.0,29,28,0,0,28,26,21899,1,0,0,1,2
2020-07-24,US,Kentucky,Lewis,27,0,0,38.53184419,-83.37735618,21135.0,203.38983050847457,0.0,27,27,0,0,27,26,13257,0,0,0,0,1
2020-07-24,US,Kentucky,Lincoln,81,1,0,37.45475628,-84.6565327,21137.0,329.9523402175241,1.2345679012345678,80,75,1,0,74,75,24644,6,0,0,6,0
2020-07-24,US,Kentucky,Livingston,32,0,0,37.21137452,-88.34797529,21139.0,348.0530780944094,0.0,32,28,0,0,28,27,9242,4,0,0,4,1
2020-07-24,US,Kentucky,Logan,286,19,0,36.85949479,-86.877635,21141.0,1055.2726736034242,6.643356643356642,267,282,19,0,263,278,26989,4,0,0,4,4
2020-07-24,US,Kentucky,Lyon,26,3,0,37.02080035,-88.07886257,21143.0,316.68696711327647,11.538461538461537,23,26,3,0,23,25,8009,0,0,0,0,1
2020-07-24,US,Kentucky,Madison,299,1,0,37.71659336,-84.27220275,21151.0,321.5503242388721,0.33444816053511706,298,295,1,0,294,287,92368,4,0,0,4,8
2020-07-24,US,Kentucky,Magoffin,10,0,0,37.70820545,-83.0657714,21153.0,82.23007976317737,0.0,10,10,0,0,10,9,12362,0,0,0,0,1
2020-07-24,US,Kentucky,Marion,88,0,0,37.55218078,-85.26898542,21155.0,456.5973123021844,0.0,88,86,0,0,86,85,19404,2,0,0,2,1
2020-07-24,US,Kentucky,Marshall,103,2,0,36.88007070000001,-88.32803576,21157.0,331.1897106109325,1.9417475728155342,101,100,2,0,98,98,31191,3,0,0,3,2
2020-07-24,US,Kentucky,Martin,23,0,0,37.79990579,-82.51247478,21159.0,205.44886109870478,0.0,23,20,0,0,20,20,11323,3,0,0,3,0
2020-07-24,US,Kentucky,Mason,46,1,0,38.59471935,-83.82151043,21161.0,269.47861745752783,2.1739130434782608,45,45,1,0,44,45,17150,1,0,0,1,0
2020-07-24,US,Kentucky,McCracken,284,3,0,37.05350953,-88.70445755,21145.0,434.1312788529151,1.056338028169014,281,270,3,0,267,267,65346,14,0,0,14,3
2020-07-24,US,Kentucky,McCreary,23,0,0,36.73874143,-84.48102924,21147.0,133.48035517381464,0.0,23,21,0,0,21,21,17408,2,0,0,2,0
2020-07-24,US,Kentucky,McLean,37,1,0,37.5301951,-87.26803443,21149.0,401.8681438036277,2.702702702702702,36,35,1,0,34,35,9252,2,0,0,2,0
2020-07-24,US,Kentucky,Meade,60,2,0,37.96163597,-86.21028219,21163.0,209.9958000839983,3.333333333333333,58,55,2,0,53,52,28715,5,0,0,5,3
2020-07-24,US,Kentucky,Menifee,21,0,0,37.94090733,-83.59985712,21165.0,323.62459546925567,0.0,21,19,0,0,19,19,6451,2,0,0,2,0
2020-07-24,US,Kentucky,Mercer,37,0,0,37.81474237,-84.87488475,21167.0,168.69557288104681,0.0,37,36,0,0,36,34,21774,1,0,0,1,2
2020-07-24,US,Kentucky,Metcalfe,21,2,0,36.99459295,-85.63123699,21169.0,208.51951146857314,9.523809523809524,19,20,2,0,18,20,10030,1,0,0,1,0
2020-07-24,US,Kentucky,Monroe,72,2,0,36.71225341,-85.71596443,21171.0,676.056338028169,2.7777777777777777,70,70,2,0,68,65,10718,2,0,0,2,5
2020-07-24,US,Kentucky,Montgomery,94,0,0,38.03253032,-83.9145241,21173.0,333.8423837766808,0.0,94,92,0,0,92,89,28203,2,0,0,2,3
2020-07-24,US,Kentucky,Morgan,25,0,0,37.92465657,-83.25558245,21175.0,187.84281313396943,0.0,25,24,0,0,24,24,13345,1,0,0,1,0
2020-07-24,US,Kentucky,Muhlenberg,590,9,0,37.21425819,-87.14632053,21177.0,1926.7193520997973,1.5254237288135593,581,586,9,0,577,584,30774,4,0,0,4,2
2020-07-24,US,Kentucky,Nelson,166,2,0,37.80335779,-85.4657193,21179.0,359.05089438280015,1.2048192771084338,164,162,2,0,160,159,45851,4,0,0,4,3
2020-07-24,US,Kentucky,Nicholas,20,0,0,38.33342292,-84.01889177,21181.0,275.14100976750586,0.0,20,17,0,0,17,16,7166,3,0,0,3,1
2020-07-24,US,Kentucky,Ohio,318,3,0,37.47751843,-86.85368087,21183.0,1325.3313328332085,0.9433962264150944,315,310,3,0,307,300,24087,8,0,0,8,10
2020-07-24,US,Kentucky,Oldham,453,9,0,38.39791089,-85.448222,21185.0,678.1538645788111,1.9867549668874167,444,445,8,0,437,413,66470,8,1,0,7,32
2020-07-24,US,Kentucky,Owen,28,0,0,38.51679143,-84.82404619,21187.0,256.8571690670581,0.0,28,25,0,0,25,24,10880,3,0,0,3,1
2020-07-24,US,Kentucky,Owsley,5,0,0,37.42823949,-83.68811419,21189.0,113.2502831257078,0.0,5,5,0,0,5,4,4472,0,0,0,0,1
2020-07-24,US,Kentucky,Pendleton,29,0,0,38.69607718,-84.35599463,21191.0,198.7662782727896,0.0,29,28,0,0,28,28,14529,1,0,0,1,0
2020-07-24,US,Kentucky,Perry,151,2,0,37.25023553,-83.22922731,21193.0,586.2256386365401,1.3245033112582782,149,144,2,0,142,141,26092,7,0,0,7,3
2020-07-24,US,Kentucky,Pike,182,3,0,37.47088263,-82.39487445,21195.0,314.46540880503153,1.6483516483516485,179,173,3,0,170,166,58402,9,0,0,9,7
2020-07-24,US,Kentucky,Powell,32,0,0,37.83218794,-83.82553961,21197.0,258.92062464600696,0.0,32,30,0,0,30,31,12442,2,0,0,2,-1
2020-07-24,US,Kentucky,Pulaski,171,2,0,37.10466131,-84.57629079,21199.0,263.1619446282645,1.1695906432748535,169,164,2,0,162,164,64623,7,0,0,7,0
2020-07-24,US,Kentucky,Robertson,2,0,0,38.51923469,-84.05055616,21201.0,94.87666034155598,0.0,2,2,0,0,2,2,2135,0,0,0,0,0
2020-07-24,US,Kentucky,Rockcastle,46,0,0,37.36642393,-84.31176452,21203.0,275.53159628631334,0.0,46,44,0,0,44,44,16750,2,0,0,2,0
2020-07-24,US,Kentucky,Rowan,48,0,0,38.19484205,-83.42088935,21205.0,196.23875715453804,0.0,48,46,0,0,46,46,24583,2,0,0,2,0
2020-07-24,US,Kentucky,Russell,81,5,0,36.99308373,-85.06070117,21207.0,451.93327009987166,6.172839506172839,76,79,5,0,74,79,17821,2,0,0,2,0
2020-07-24,US,Kentucky,Scott,220,0,0,38.29622293,-84.5816631,21209.0,385.93782892428595,0.0,220,205,0,0,205,193,56031,15,0,0,15,12
2020-07-24,US,Kentucky,Shelby,651,22,0,38.21476019,-85.194223,21211.0,1327.9210182767627,3.3794162826420893,629,639,22,0,617,635,48518,12,0,0,12,4
2020-07-24,US,Kentucky,Simpson,118,5,0,36.74058474,-86.58047435,21213.0,635.3650656902864,4.2372881355932215,113,115,5,0,110,113,18529,3,0,0,3,2
2020-07-24,US,Kentucky,Spencer,71,0,0,38.03223971,-85.32749335,21215.0,366.9061030437704,0.0,71,65,0,0,65,63,18794,6,0,0,6,2
2020-07-24,US,Kentucky,Taylor,75,1,0,37.3677562,-85.3329931,21217.0,291.04738251387323,1.3333333333333333,74,73,1,0,72,73,25549,2,0,0,2,0
2020-07-24,US,Kentucky,Todd,31,0,0,36.8381152,-87.17878374,21219.0,252.155523019359,0.0,31,30,0,0,30,30,12311,1,0,0,1,0
2020-07-24,US,Kentucky,Trigg,44,0,0,36.80767017,-87.87333656,21221.0,300.32079721520716,0.0,44,44,0,0,44,38,14643,0,0,0,0,6
2020-07-24,US,Kentucky,Trimble,27,0,0,38.61056487,-85.33775972,21223.0,318.7345059615157,0.0,27,25,0,0,25,25,8515,2,0,0,2,0
2020-07-24,US,Kentucky,Unassigned,4,0,0,0.0,0.0,90021.0,0.0,0.0,4,4,0,0,4,,,0,0,0,0,
2020-07-24,US,Kentucky,Union,44,0,0,37.66166713,-87.94300009,21225.0,305.959251790557,0.0,44,42,0,0,42,40,14505,2,0,0,2,2
2020-07-24,US,Kentucky,Warren,2146,21,0,36.99903045,-86.42672751,21227.0,1614.7965326270166,0.97856477166822,2125,2105,19,0,2086,2057,131264,41,2,0,39,48
2020-07-24,US,Kentucky,Washington,47,0,0,37.75599461,-85.17407732,21229.0,388.59032658123186,0.0,47,45,0,0,45,43,12084,2,0,0,2,2
2020-07-24,US,Kentucky,Wayne,44,0,0,36.80310688,-84.8251971,21231.0,216.39699011459203,0.0,44,44,0,0,44,42,20468,0,0,0,0,2
2020-07-24,US,Kentucky,Webster,73,1,0,37.52168356,-87.67989953,21233.0,564.0550146808839,1.3698630136986298,72,71,1,0,70,69,13111,2,0,0,2,2
2020-07-24,US,Kentucky,Whitley,89,1,0,36.75700531,-84.14541217,21235.0,245.4224575336422,1.1235955056179776,88,82,1,0,81,77,36242,7,0,0,7,5
2020-07-24,US,Kentucky,Wolfe,7,0,0,37.73941626,-83.49303612,21237.0,97.80634343998881,0.0,7,7,0,0,7,7,7177,0,0,0,0,0
2020-07-24,US,Kentucky,Woodford,106,0,0,38.04178222,-84.7417556,21239.0,396.49884042791945,0.0,106,104,0,0,104,103,26533,2,0,0,2,1
2020-07-24,US,Louisiana,Acadia,2111,62,0,30.2950649,-92.41419698,22001.0,3402.3692481263597,2.9369966840360022,2049,2084,61,0,2023,2011,62190,27,1,0,26,73
2020-07-24,US,Louisiana,Allen,917,16,0,30.65385745,-92.82442028,22003.0,3578.2573067467906,1.7448200654307524,901,847,16,0,831,777,25605,70,0,0,70,70
2020-07-24,US,Louisiana,Ascension,2175,65,0,30.20406249,-90.91328409999998,22005.0,1717.9551988878713,2.9885057471264367,2110,2132,65,0,2067,2077,124672,43,0,0,43,55
2020-07-24,US,Louisiana,Assumption,484,18,0,29.89946234,-91.06461642,22007.0,2210.954273445708,3.71900826446281,466,477,18,0,459,463,22300,7,0,0,7,14
2020-07-24,US,Louisiana,Avoyelles,781,23,0,31.07796211,-92.00079449,22009.0,1945.4962136309287,2.9449423815621,758,754,23,0,731,741,40462,27,0,0,27,13
2020-07-24,US,Louisiana,Beauregard,591,11,0,30.64836518,-93.34173616,22011.0,1576.1260900872064,1.8612521150592216,580,572,9,0,563,529,37253,19,2,0,17,43
2020-07-24,US,Louisiana,Bienville,339,28,0,32.34569994,-93.05398492,22013.0,2560.2295899101277,8.259587020648969,311,333,28,0,305,327,13308,6,0,0,6,6
2020-07-24,US,Louisiana,Bossier,1776,58,0,32.67932307,-93.60460152,22015.0,1397.9958910255905,3.265765765765766,1718,1742,53,0,1689,1701,127185,34,5,0,29,41
2020-07-24,US,Louisiana,Caddo,5469,264,0,32.57991587,-93.88375652,22017.0,2276.8147074986264,4.827207899067472,5205,5357,263,0,5094,5254,242922,112,1,0,111,103
2020-07-24,US,Louisiana,Calcasieu,5127,92,0,30.22931235,-93.35400434,22019.0,2520.202913938536,1.7944216890969378,5035,4995,92,0,4903,4742,203112,132,0,0,132,253
2020-07-24,US,Louisiana,Caldwell,168,1,0,32.0902519,-92.11752148,22021.0,1693.8898971566848,0.5952380952380952,167,166,1,0,165,166,9960,2,0,0,2,0
2020-07-24,US,Louisiana,Cameron,150,0,0,29.87592238,-93.19310676,22023.0,2151.154452889717,0.0,150,150,0,0,150,147,6968,0,0,0,0,3
2020-07-24,US,Louisiana,Catahoula,238,3,0,31.66778967,-91.84526385,22025.0,2506.8464293237835,1.2605042016806722,235,237,3,0,234,235,9608,1,0,0,1,2
2020-07-24,US,Louisiana,Claiborne,189,10,0,32.82308512,-92.99526883,22027.0,1206.1263560944478,5.291005291005291,179,186,10,0,176,186,15944,3,0,0,3,0
2020-07-24,US,Louisiana,Concordia,221,7,0,31.44817835,-91.63814433,22029.0,1147.5154473233295,3.1674208144796383,214,216,7,0,209,208,19572,5,0,0,5,8
2020-07-24,US,Louisiana,De Soto,552,23,0,32.05457447,-93.74130302,22031.0,2009.9770600444235,4.166666666666667,529,540,23,0,517,534,27436,12,0,0,12,6
2020-07-24,US,Louisiana,East Baton Rouge,9393,306,0,30.53842039,-91.09777565,22033.0,2134.486512035886,3.2577451293516453,9087,9169,301,0,8868,8919,440956,224,5,0,219,250
2020-07-24,US,Louisiana,East Carroll,483,1,0,32.73926954,-91.23425694,22035.0,7039.790118058592,0.2070393374741201,482,482,1,0,481,480,7037,1,0,0,1,2
2020-07-24,US,Louisiana,East Feliciana,442,35,0,30.84425359,-91.04976723,22037.0,2309.903318526261,7.918552036199095,407,428,34,0,394,419,19305,14,1,0,13,9
2020-07-24,US,Louisiana,Evangeline,608,2,0,30.72985248,-92.39915924,22039.0,1820.6318311124421,0.32894736842105265,606,579,2,0,577,562,33443,29,0,0,29,17
2020-07-24,US,Louisiana,Franklin,681,16,0,32.13675181,-91.67589857,22041.0,3402.448163877092,2.3494860499265786,665,669,16,0,653,649,20156,12,0,0,12,20
2020-07-24,US,Louisiana,Grant,209,3,0,31.59882456,-92.56124347,22043.0,933.4941265800168,1.4354066985645932,206,188,3,0,185,184,22482,21,0,0,21,4
2020-07-24,US,Louisiana,Iberia,1869,56,0,29.86803617,-91.75871777,22045.0,2676.5000716024633,2.9962546816479403,1813,1852,56,0,1796,1813,70941,17,0,0,17,39
2020-07-24,US,Louisiana,Iberville,999,46,0,30.25734305,-91.3499598,22047.0,3072.8061271569622,4.604604604604606,953,987,44,0,943,964,32721,12,2,0,10,23
2020-07-24,US,Louisiana,Jackson,332,18,0,32.30251776,-92.55692092,22049.0,2108.7398373983733,5.421686746987952,314,330,18,0,312,325,15902,2,0,0,2,5
2020-07-24,US,Louisiana,Jefferson,13128,507,0,29.74075478,-90.11115756,22051.0,3035.424850806834,3.8619744058500913,12621,12945,507,0,12438,12812,434051,183,0,0,183,133
2020-07-24,US,Louisiana,Jefferson Davis,866,22,0,30.26896765,-92.81210004,22053.0,2760.775312420301,2.540415704387991,844,859,22,0,837,845,31582,7,0,0,7,14
2020-07-24,US,Louisiana,LaSalle,183,1,0,31.67884782,-92.15907765,22059.0,1228.8477034649475,0.5464480874316939,182,179,1,0,178,174,14917,4,0,0,4,5
2020-07-24,US,Louisiana,Lafayette,5519,73,0,30.2049055,-92.06959876,22055.0,2258.275706861983,1.322703388294981,5446,5458,71,0,5387,5339,242782,61,2,0,59,119
2020-07-24,US,Louisiana,Lafourche,2237,94,0,29.52470226,-90.40976986,22057.0,2291.679472206856,4.202056325435851,2143,2194,94,0,2100,2140,98115,43,0,0,43,54
2020-07-24,US,Louisiana,Lincoln,610,22,0,32.6003154,-92.6659741,22061.0,1305.0361559197295,3.60655737704918,588,571,20,0,551,568,47196,39,2,0,37,3
2020-07-24,US,Louisiana,Livingston,2212,47,0,30.44143993,-90.73061664,22063.0,1571.1454730128064,2.124773960216998,2165,2166,46,0,2120,2097,139567,46,1,0,45,69
2020-07-24,US,Louisiana,Madison,515,6,0,32.36918118,-91.23973355,22065.0,4702.766870605425,1.1650485436893203,509,508,6,0,502,499,11161,7,0,0,7,9
2020-07-24,US,Louisiana,Morehouse,371,11,0,32.81686191,-91.80421614,22067.0,1491.5172469244994,2.964959568733154,360,366,11,0,355,358,25398,5,0,0,5,8
2020-07-24,US,Louisiana,Natchitoches,586,15,0,31.72321584,-93.09816516,22069.0,1535.7199014623407,2.5597269624573378,571,562,15,0,547,548,38659,24,0,0,24,14
2020-07-24,US,Louisiana,Orleans,9752,548,0,30.06971951,-89.92660315,22071.0,2499.5898950131227,5.619360131255127,9204,9649,546,0,9103,9586,391006,103,2,0,101,63
2020-07-24,US,Louisiana,Ouachita,3916,97,0,32.47645559,-92.15704172,22073.0,2554.818337802308,2.4770173646578137,3819,3845,97,0,3748,3778,154475,71,0,0,71,67
2020-07-24,US,Louisiana,Plaquemines,367,18,0,29.42245447,-89.60322085,22075.0,1582.1011337672974,4.9046321525885554,349,362,18,0,344,357,23410,5,0,0,5,5
2020-07-24,US,Louisiana,Pointe Coupee,580,29,0,30.71409502,-91.60209535,22077.0,2669.12103083295,5.0,551,568,29,0,539,555,21940,12,0,0,12,13
2020-07-24,US,Louisiana,Rapides,2585,96,0,31.19778499,-92.52997303,22079.0,1993.8602986548199,3.7137330754352034,2489,2538,94,0,2444,2492,130562,47,2,0,45,46
2020-07-24,US,Louisiana,Red River,162,9,0,32.09530039,-93.34213308,22081.0,1918.976545842217,5.5555555555555545,153,141,9,0,132,136,8477,21,0,0,21,5
2020-07-24,US,Louisiana,Richland,447,5,0,32.41391005,-91.76634876,22083.0,2221.449160123248,1.1185682326621924,442,438,5,0,433,409,20192,9,0,0,9,29
2020-07-24,US,Louisiana,Sabine,432,4,0,31.56388699,-93.55433981,22085.0,1808.7422542287725,0.925925925925926,428,426,4,0,422,417,24032,6,0,0,6,9
2020-07-24,US,Louisiana,St. Bernard,909,23,0,29.87761636,-89.51887093,22087.0,1924.053848107696,2.5302530253025304,886,891,24,0,867,874,46721,18,-1,0,19,17
2020-07-24,US,Louisiana,St. Charles,1174,50,0,29.90709658,-90.35555967,22089.0,2210.922787193974,4.258943781942079,1124,1139,50,0,1089,1088,52879,35,0,0,35,51
2020-07-24,US,Louisiana,St. Helena,207,1,0,30.82210324,-90.71013176,22091.0,2043.031977891828,0.4830917874396135,206,204,1,0,203,200,10262,3,0,0,3,4
2020-07-24,US,Louisiana,St. James,556,30,0,30.02531716,-90.80212061,22093.0,2635.570724307925,5.395683453237409,526,537,30,0,507,533,21037,19,0,0,19,4
2020-07-24,US,Louisiana,St. John the Baptist,1244,88,0,30.12597499,-90.4753503,22095.0,2904.031561500572,7.07395498392283,1156,1203,88,0,1115,1191,43184,41,0,0,41,12
2020-07-24,US,Louisiana,St. Landry,1774,69,0,30.59724262,-92.00135806,22097.0,2160.148068774049,3.8895152198421648,1705,1737,68,0,1669,1655,82764,37,1,0,36,82
2020-07-24,US,Louisiana,St. Martin,1358,34,0,30.13112107,-91.61403569,22099.0,2541.595702869121,2.503681885125184,1324,1353,34,0,1319,1333,53621,5,0,0,5,20
2020-07-24,US,Louisiana,St. Mary,1238,40,0,29.69262097,-91.44702164,22101.0,2508.7136256788517,3.231017770597738,1198,1215,40,0,1175,1189,49774,23,0,0,23,26
2020-07-24,US,Louisiana,St. Tammany,4136,191,0,30.40942847,-89.95642711,22103.0,1588.209769640464,4.617988394584138,3945,4022,190,0,3832,3954,258111,114,1,0,113,68
2020-07-24,US,Louisiana,Tangipahoa,2692,54,0,30.62888673,-90.40664996,22105.0,1997.65505572953,2.0059435364041605,2638,2624,53,0,2571,2536,133777,68,1,0,67,88
2020-07-24,US,Louisiana,Tensas,47,0,0,32.00760749,-91.32915234,22107.0,1084.4485463774804,0.0,47,46,0,0,46,45,4462,1,0,0,1,1
2020-07-24,US,Louisiana,Terrebonne,2332,69,0,29.37343766,-90.82626855,22109.0,2111.1523524139748,2.9588336192109783,2263,2254,69,0,2185,2173,111021,78,0,0,78,81
2020-07-24,US,Louisiana,Unassigned,10,112,0,0.0,0.0,90022.0,0.0,1120.0,-102,9,0,0,9,9,,1,112,0,-111,0
2020-07-24,US,Louisiana,Union,533,31,0,32.83121059,-92.3749373,22111.0,2410.891984801883,5.816135084427768,502,525,31,0,494,519,22330,8,0,0,8,6
2020-07-24,US,Louisiana,Vermilion,996,12,0,29.83517605,-92.30292538,22113.0,1673.6401673640164,1.2048192771084338,984,969,12,0,957,947,59830,27,0,0,27,22
2020-07-24,US,Louisiana,Vernon,544,18,0,31.10884837,-93.18153838,22115.0,1146.9775875519197,3.3088235294117645,526,520,17,0,503,478,48860,24,1,0,23,42
2020-07-24,US,Louisiana,Washington,1059,55,0,30.85288548,-90.03866652,22117.0,2292.5055201974287,5.193578847969783,1004,1046,55,0,991,1033,46582,13,0,0,13,13
2020-07-24,US,Louisiana,Webster,745,12,0,32.70847669,-93.33121835,22119.0,1943.1403234220136,1.6107382550335567,733,733,12,0,721,721,38798,12,0,0,12,12
2020-07-24,US,Louisiana,West Baton Rouge,524,33,0,30.46058217,-91.30989571,22121.0,1979.9735499716608,6.297709923664121,491,502,33,0,469,490,26427,22,0,0,22,12
2020-07-24,US,Louisiana,West Carroll,218,5,0,32.78550125,-91.461201,22123.0,2012.927054478301,2.2935779816513757,213,213,5,0,208,211,10982,5,0,0,5,2
2020-07-24,US,Louisiana,West Feliciana,315,15,0,30.87882871,-91.4148538,22125.0,2023.3812949640287,4.761904761904762,300,314,15,0,299,313,15460,1,0,0,1,1
2020-07-24,US,Louisiana,Winn,351,5,0,31.94449367,-92.63789413,22127.0,2524.4533947065593,1.4245014245014245,346,347,5,0,342,339,14134,4,0,0,4,8
2020-07-24,US,Maine,Androscoggin,527,5,0,44.1664747,-70.20380627,23001.0,486.71463006917435,0.9487666034155596,522,515,5,0,510,513,107679,12,0,0,12,2
2020-07-24,US,Maine,Aroostook,31,1,0,46.65926321,-68.59841248,23003.0,46.230706136753405,3.2258064516129035,30,32,1,0,31,30,67111,-1,0,0,-1,2
2020-07-24,US,Maine,Cumberland,1990,68,0,43.8370751,-70.37226999,23005.0,674.5694111585308,3.4170854271356785,1922,1986,68,0,1918,1974,293557,4,0,0,4,12
2020-07-24,US,Maine,Franklin,45,1,0,44.97330019,-70.44381045,23007.0,149.01155667406206,2.2222222222222223,44,45,1,0,44,45,29897,0,0,0,0,0
2020-07-24,US,Maine,Hancock,19,1,0,44.59816444,-68.38401854,23009.0,34.553621765144484,5.2631578947368425,18,19,1,0,18,21,54811,0,0,0,0,-2
2020-07-24,US,Maine,Kennebec,154,10,0,44.40759555,-69.76738544,23011.0,125.91781001128356,6.493506493506493,144,154,10,0,144,153,122083,0,0,0,0,1
2020-07-24,US,Maine,Knox,25,1,0,44.11486325,-69.10529169,23013.0,62.858292265915715,4.0,24,25,1,0,24,25,39771,0,0,0,0,0
2020-07-24,US,Maine,Lincoln,31,0,0,44.05996956,-69.54227124,23015.0,89.50742045388924,0.0,31,31,0,0,31,31,34342,0,0,0,0,0
2020-07-24,US,Maine,Oxford,48,0,0,44.49952995,-70.75682123,23017.0,82.79430789133247,0.0,48,48,0,0,48,48,57618,0,0,0,0,0
2020-07-24,US,Maine,Penobscot,136,5,0,45.40194593,-68.65020455,23019.0,89.38664984094434,3.6764705882352944,131,136,5,0,131,136,151096,0,0,0,0,0
2020-07-24,US,Maine,Piscataquis,3,0,0,45.83839062,-69.2860223,23021.0,17.873100983020553,0.0,3,3,0,0,3,4,16800,0,0,0,0,-1
2020-07-24,US,Maine,Sagadahoc,39,0,0,43.95415864,-69.85074999,23023.0,108.76840696117806,0.0,39,38,0,0,38,39,35634,1,0,0,1,-1
2020-07-24,US,Maine,Somerset,33,0,0,45.51229767,-69.95995554,23025.0,65.36724506774425,0.0,33,32,0,0,32,32,50592,1,0,0,1,0
2020-07-24,US,Maine,Unassigned,2,0,0,0.0,0.0,90023.0,0.0,0.0,2,3,0,0,3,3,,-1,0,0,-1,0
2020-07-24,US,Maine,Waldo,60,14,0,44.4858305,-69.12061935,23027.0,151.07641948885808,23.33333333333333,46,60,14,0,46,60,39694,0,0,0,0,0
2020-07-24,US,Maine,Washington,5,0,0,45.01607142,-67.62813524,23029.0,15.934223525287615,0.0,5,6,0,0,6,6,31490,-1,0,0,-1,0
2020-07-24,US,Maine,York,609,12,0,43.47808377,-70.71052375,23031.0,293.29467687017495,1.9704433497536944,597,604,12,0,592,602,206229,5,0,0,5,2
2020-07-24,US,Maryland,Allegany,244,18,0,39.62357628,-78.69280486,24001.0,346.5121563281072,7.3770491803278695,226,244,18,0,226,240,70975,0,0,0,0,4
2020-07-24,US,Maryland,Anne Arundel,6229,214,0,39.00670238,-76.60329337,24003.0,1075.3857681006295,3.435543425911061,6015,6144,214,0,5930,6105,576031,85,0,0,85,39
2020-07-24,US,Maryland,Baltimore,10520,521,0,39.45784712,-76.62911955,24005.0,1271.4988457401162,4.952471482889734,9999,10345,520,0,9825,10153,828431,175,1,0,174,192
2020-07-24,US,Maryland,Baltimore City,10001,395,0,39.30211911,-76.61151012,24510.0,1685.1168511685114,3.9496050394960505,9606,9842,392,0,9450,9738,621342,159,3,0,156,104
2020-07-24,US,Maryland,Calvert,515,27,0,38.53961642,-76.56820632,24009.0,556.6063226155094,5.242718446601941,488,509,27,0,482,503,92003,6,0,0,6,6
2020-07-24,US,Maryland,Caroline,374,3,0,38.87172293,-75.82904158,24011.0,1119.5593605939052,0.8021390374331551,371,371,3,0,368,368,33304,3,0,0,3,3
2020-07-24,US,Maryland,Carroll,1337,115,0,39.56453592,-77.02373735,24013.0,793.7214672864462,8.601346297681376,1222,1316,115,0,1201,1311,168429,21,0,0,21,5
2020-07-24,US,Maryland,Cecil,583,30,0,39.56647682,-75.94627411,24015.0,566.8173642506441,5.145797598627787,553,576,30,0,546,570,102826,7,0,0,7,6
2020-07-24,US,Maryland,Charles,1695,90,0,38.51092331,-76.98580666,24017.0,1038.2403204763043,5.3097345132743365,1605,1679,90,0,1589,1659,161503,16,0,0,16,20
2020-07-24,US,Maryland,Dorchester,303,5,0,38.45413522,-76.02752426,24019.0,948.9805505966362,1.6501650165016502,298,294,5,0,289,288,31998,9,0,0,9,6
2020-07-24,US,Maryland,Frederick,2833,120,0,39.47296601,-77.39999394,24021.0,1091.517143330495,4.235792446170137,2713,2820,120,0,2700,2797,255648,13,0,0,13,23
2020-07-24,US,Maryland,Garrett,41,0,0,39.52786077,-79.27355126,24023.0,141.311091197353,0.0,41,38,0,0,38,37,29163,3,0,0,3,1
2020-07-24,US,Maryland,Harford,1540,67,0,39.55010644,-76.30775940000002,24025.0,602.8789426912673,4.35064935064935,1473,1514,66,0,1448,1472,253956,26,1,0,25,42
2020-07-24,US,Maryland,Howard,3271,100,0,39.25305293,-76.93126208,24027.0,1004.3292701648807,3.0571690614490983,3171,3242,100,0,3142,3198,323196,29,0,0,29,44
2020-07-24,US,Maryland,Kent,224,23,0,39.24976208,-76.04741541,24029.0,1153.3312738132015,10.267857142857142,201,223,23,0,200,221,19383,1,0,0,1,2
2020-07-24,US,Maryland,Montgomery,16768,782,0,39.13676329,-77.20358245,24031.0,1595.9066820978255,4.663645038167939,15986,16654,781,0,15873,16593,1052567,114,1,0,113,61
2020-07-24,US,Maryland,Prince George's,21210,726,0,38.83070039,-76.8496441,24033.0,2332.494251242952,3.4229137199434234,20484,21038,725,0,20313,20958,909308,172,1,0,171,80
2020-07-24,US,Maryland,Queen Anne's,350,23,0,39.06198912,-76.03530977,24035.0,694.7063377066753,6.571428571428571,327,341,23,0,318,340,50251,9,0,0,9,1
2020-07-24,US,Maryland,Somerset,114,3,0,38.1163542,-75.75118623,24039.0,445.0343535290443,2.631578947368421,111,111,3,0,108,110,25675,3,0,0,3,1
2020-07-24,US,Maryland,St. Mary's,805,52,0,38.30058422,-76.60629279999998,24037.0,709.1886177429301,6.4596273291925455,753,790,52,0,738,789,112664,15,0,0,15,1
2020-07-24,US,Maryland,Talbot,289,4,0,38.76618159,-76.10882561,24041.0,777.2787176245932,1.3840830449826989,285,274,4,0,270,268,36968,15,0,0,15,6
2020-07-24,US,Maryland,Unassigned,0,15,0,0.0,0.0,90024.0,0.0,0.0,-15,0,9,0,-9,0,,0,6,0,-6,0
2020-07-24,US,Maryland,Washington,833,29,0,39.60835778,-77.82002295,24043.0,551.4766731325597,3.4813925570228093,804,826,29,0,797,818,150926,7,0,0,7,8
2020-07-24,US,Maryland,Wicomico,1219,42,0,38.37301947,-75.62705831,24045.0,1176.5387176789661,3.4454470877768664,1177,1206,42,0,1164,1201,103195,13,0,0,13,5
2020-07-24,US,Maryland,Worcester,468,18,0,38.21274277,-75.33200012,24047.0,895.2482974978958,3.8461538461538463,450,439,18,0,421,435,51823,29,0,0,29,4
2020-07-24,US,Massachusetts,Barnstable,1680,155,0,41.72980578,-70.28854339,25001.0,788.7694257946382,9.226190476190476,1525,1668,155,0,1513,1644,213413,12,0,0,12,24
2020-07-24,US,Massachusetts,Berkshire,636,45,0,42.37428441,-73.20524838,25003.0,509.02804456396484,7.075471698113208,591,629,45,0,584,626,126348,7,0,0,7,3
2020-07-24,US,Massachusetts,Bristol,8816,616,0,41.79228404,-71.10872211,25005.0,1559.7549259841794,6.987295825771325,8200,8788,615,0,8173,8761,564022,28,1,0,27,27
2020-07-24,US,Massachusetts,Dukes and Nantucket,94,1,0,41.40674725,-70.68763497,0.0,327.1727402457276,1.0638297872340423,93,93,1,0,92,93,26707,1,0,0,1,0
2020-07-24,US,Massachusetts,Essex,16883,1159,0,42.6687626,-70.94687179,25009.0,2139.705006374884,6.86489368003317,15724,16856,1157,0,15699,16815,790638,27,2,0,25,41
2020-07-24,US,Massachusetts,Franklin,391,58,0,42.58119713,-72.58602547,25011.0,557.1387859789114,14.83375959079284,333,391,57,0,334,390,70963,0,1,0,-1,1
2020-07-24,US,Massachusetts,Hampden,7228,682,0,42.13440424,-72.63235561,25013.0,1549.8357534328818,9.435528500276703,6546,7220,681,0,6539,7180,470406,8,1,0,7,40
2020-07-24,US,Massachusetts,Hampshire,1076,125,0,42.33997957,-72.65898478,25015.0,669.0294099359572,11.617100371747213,951,1065,125,0,940,1063,161355,11,0,0,11,2
2020-07-24,US,Massachusetts,Middlesex,25190,1954,0,42.48607732,-71.39049229,25017.0,1562.9469274349615,7.757046447002778,23236,25123,1951,0,23172,25084,1614714,67,3,0,64,39
2020-07-24,US,Massachusetts,Norfolk,9895,975,0,42.16073095,-71.20530408,25021.0,1400.0212231615435,9.853461344113187,8920,9849,974,0,8875,9821,705388,46,1,0,45,28
2020-07-24,US,Massachusetts,Plymouth,8956,701,0,41.94070556,-70.80802823,25023.0,1718.3356932628808,7.827154979901742,8255,8940,701,0,8239,8917,518132,16,0,0,16,23
2020-07-24,US,Massachusetts,Suffolk,20793,1044,0,42.327951399999996,-71.07850442,25025.0,2586.493213767264,5.02092050209205,19749,20732,1042,0,19690,20678,807252,61,2,0,59,54
2020-07-24,US,Massachusetts,Unassigned,328,6,0,0.0,0.0,90025.0,0.0,1.8292682926829267,322,321,6,0,315,315,,7,0,0,7,6
2020-07-24,US,Massachusetts,Worcester,13019,977,0,42.35026951,-71.90493363,25027.0,1567.3796263522995,7.504416621860358,12042,12972,974,0,11998,12933,830839,47,3,0,44,39
2020-07-24,US,Michigan,Alcona,27,1,0,44.6846864,-83.59507875,26001.0,259.4906295050457,3.703703703703704,26,27,1,0,26,27,10362,0,0,0,0,0
2020-07-24,US,Michigan,Alger,5,0,0,46.41292944,-86.60260122,26003.0,54.89679402722882,0.0,5,5,0,0,5,4,9097,0,0,0,0,1
2020-07-24,US,Michigan,Allegan,458,7,0,42.59147037,-85.89102866,26005.0,387.8693439249329,1.5283842794759823,451,449,7,0,442,443,117327,9,0,0,9,6
2020-07-24,US,Michigan,Alpena,125,13,0,45.03477666,-83.62212411,26007.0,440.06336912515405,10.4,112,125,13,0,112,125,28360,0,0,0,0,0
2020-07-24,US,Michigan,Antrim,33,0,0,44.99690221,-85.15503082,26009.0,141.48516549476938,0.0,33,31,0,0,31,31,23365,2,0,0,2,0
2020-07-24,US,Michigan,Arenac,40,2,0,44.0636262,-83.89277559,26011.0,268.76301820869446,5.0,38,39,2,0,37,39,15041,1,0,0,1,0
2020-07-24,US,Michigan,Baraga,5,0,0,46.6720582,-88.36363591,26013.0,60.9087586794981,0.0,5,5,0,0,5,5,8320,0,0,0,0,0
2020-07-24,US,Michigan,Barry,167,2,0,42.59513984,-85.30834519,26015.0,271.3241267262389,1.1976047904191616,165,164,2,0,162,160,61157,3,0,0,3,4
2020-07-24,US,Michigan,Bay,500,31,0,43.70639106,-83.98731479,26017.0,484.8437833330101,6.2,469,497,31,0,466,493,103923,3,0,0,3,4
2020-07-24,US,Michigan,Benzie,29,1,0,44.63899297,-86.01608482,26019.0,163.2331419565462,3.4482758620689653,28,28,1,0,27,24,17753,1,0,0,1,4
2020-07-24,US,Michigan,Berrien,1196,63,0,41.95447397,-86.41313079999998,26021.0,779.6559344463202,5.2675585284280935,1133,1184,63,0,1121,1155,154141,12,0,0,12,29
2020-07-24,US,Michigan,Branch,304,2,0,41.91600556,-85.05929476,26023.0,698.5775673874577,0.6578947368421053,302,304,2,0,302,303,43622,0,0,0,0,1
2020-07-24,US,Michigan,Calhoun,685,39,0,42.24633834,-85.00493569,26025.0,510.58818267876177,5.693430656934306,646,680,39,0,641,676,134487,5,0,0,5,4
2020-07-24,US,Michigan,Cass,250,8,0,41.91522292,-85.99405727,26027.0,482.74663525595224,3.2,242,247,8,0,239,237,51653,3,0,0,3,10
2020-07-24,US,Michigan,Charlevoix,41,2,0,45.37790017,-85.19614053,26029.0,156.829744099759,4.878048780487805,39,41,2,0,39,42,26244,0,0,0,0,-1
2020-07-24,US,Michigan,Cheboygan,34,2,0,45.44787015,-84.50122149,26031.0,134.51495489792688,5.882352941176472,32,32,2,0,30,32,25413,2,0,0,2,0
2020-07-24,US,Michigan,Chippewa,25,0,0,46.29552653,-84.54353449,26033.0,66.93619641757476,0.0,25,25,0,0,25,25,37517,0,0,0,0,0
2020-07-24,US,Michigan,Clare,47,3,0,43.98794227,-84.84819859999998,26035.0,151.85783521809367,6.382978723404255,44,44,3,0,41,42,30757,3,0,0,3,2
2020-07-24,US,Michigan,Clinton,349,12,0,42.94400871,-84.60145248,26037.0,438.4697531251963,3.4383954154727787,337,338,12,0,326,334,79332,11,0,0,11,4
2020-07-24,US,Michigan,Crawford,93,5,0,44.68255561,-84.61006219,26039.0,662.9125383134933,5.376344086021504,88,92,5,0,87,92,13901,1,0,0,1,0
2020-07-24,US,Michigan,Delta,56,3,0,45.90484910000001,-86.9080745,26041.0,156.49452269170578,5.357142857142857,53,56,3,0,53,55,35857,0,0,0,0,1
2020-07-24,US,Michigan,Dickinson,40,2,0,46.00999672,-87.86961634,26043.0,158.4848845041404,5.0,38,37,2,0,35,35,25383,3,0,0,3,2
2020-07-24,US,Michigan,Eaton,403,7,0,42.59599185,-84.83740035,26045.0,365.4732107229658,1.7369727047146402,396,399,7,0,392,394,109826,4,0,0,4,5
2020-07-24,US,Michigan,Emmet,50,2,0,45.52625509,-84.89083249,26047.0,149.63339817447257,4.0,48,51,2,0,49,51,33308,-1,0,0,-1,0
2020-07-24,US,Michigan,Federal Correctional Institution (FCI),189,5,0,0.0,0.0,0.0,0.0,2.6455026455026456,184,189,5,0,184,189,,0,0,0,0,0
2020-07-24,US,Michigan,Genesee,3249,294,0,43.02244215,-83.70589709,26049.0,800.6150616170503,9.048938134810712,2955,3221,294,0,2927,3183,406892,28,0,0,28,38
2020-07-24,US,Michigan,Gladwin,30,2,0,43.98901072,-84.38774817,26051.0,117.88282447247437,6.666666666666668,28,30,2,0,28,30,25337,0,0,0,0,0
2020-07-24,US,Michigan,Gogebic,48,1,0,46.40862701,-89.69377193,26053.0,343.47048300536665,2.083333333333333,47,48,1,0,47,45,15096,0,0,0,0,3
2020-07-24,US,Michigan,Grand Traverse,155,5,0,44.69565625,-85.55585247,26055.0,166.50910965967682,3.2258064516129035,150,149,5,0,144,138,92573,6,0,0,6,11
2020-07-24,US,Michigan,Gratiot,124,15,0,43.29265605,-84.60505416,26057.0,304.58598413205283,12.096774193548386,109,120,15,0,105,118,40599,4,0,0,4,2
2020-07-24,US,Michigan,Hillsdale,223,25,0,41.88753639,-84.59312019,26059.0,488.98147132989806,11.210762331838565,198,222,25,0,197,220,45749,1,0,0,1,2
2020-07-24,US,Michigan,Houghton,40,0,0,46.89988536,-88.68495385,26061.0,112.0950566080036,0.0,40,39,0,0,39,38,36219,1,0,0,1,1
2020-07-24,US,Michigan,Huron,115,3,0,43.83353985,-83.04078453,26063.0,371.1952487008167,2.608695652173913,112,114,3,0,111,108,31166,1,0,0,1,6
2020-07-24,US,Michigan,Ingham,1336,29,0,42.59716886,-84.37472069,26065.0,456.89896924139725,2.1706586826347305,1307,1318,29,0,1289,1308,292735,18,0,0,18,10
2020-07-24,US,Michigan,Ionia,250,5,0,42.94502238,-85.07413319,26067.0,386.4166808352783,2.0,245,241,5,0,236,242,64210,9,0,0,9,-1
2020-07-24,US,Michigan,Iosco,124,11,0,44.35486835,-83.63484895,26069.0,493.49305527918176,8.870967741935484,113,124,11,0,113,124,25081,0,0,0,0,0
2020-07-24,US,Michigan,Iron,12,1,0,46.20974132,-88.53136251,26071.0,108.44026748599312,8.333333333333334,11,10,1,0,9,10,11117,2,0,0,2,0
2020-07-24,US,Michigan,Isabella,191,8,0,43.64060976,-84.84664923,26073.0,273.35699564918707,4.18848167539267,183,188,8,0,180,186,70562,3,0,0,3,2
2020-07-24,US,Michigan,Jackson,614,32,0,42.24807035,-84.42258681,26075.0,387.3572645258974,5.2117263843648205,582,608,32,0,576,597,158823,6,0,0,6,11
2020-07-24,US,Michigan,Kalamazoo,1397,74,0,42.24542231,-85.53038622,26077.0,527.0385488897105,5.2970651395848245,1323,1391,74,0,1317,1370,264870,6,0,0,6,21
2020-07-24,US,Michigan,Kalkaska,48,4,0,44.68512729,-85.09085699,26079.0,266.10488967734784,8.333333333333334,44,48,4,0,44,48,17824,0,0,0,0,0
2020-07-24,US,Michigan,Kent,6607,151,0,43.03197711,-85.54934642,26081.0,1005.7005426551286,2.285454820644771,6456,6568,150,0,6418,6486,653786,39,1,0,38,82
2020-07-24,US,Michigan,Keweenaw,2,0,0,47.63197653,-88.41434263,26083.0,94.5179584120983,0.0,2,2,0,0,2,2,2113,0,0,0,0,0
2020-07-24,US,Michigan,Lake,15,0,0,43.99050893,-85.802173,26085.0,126.55024044545685,0.0,15,15,0,0,15,14,11881,0,0,0,0,1
2020-07-24,US,Michigan,Lapeer,362,32,0,43.09052506,-83.22153148,26087.0,413.208990149189,8.839779005524862,330,348,32,0,316,343,88028,14,0,0,14,5
2020-07-24,US,Michigan,Leelanau,59,0,0,44.94430054,-85.80150326,26089.0,271.12724599053354,0.0,59,58,0,0,58,56,21764,1,0,0,1,2
2020-07-24,US,Michigan,Lenawee,345,11,0,41.89475156,-84.06603727,26091.0,350.4281317609774,3.188405797101449,334,339,11,0,328,334,98266,6,0,0,6,5
2020-07-24,US,Michigan,Livingston,695,28,0,42.60302282,-83.91297209,26093.0,361.9885934529545,4.028776978417266,667,690,28,0,662,683,191224,5,0,0,5,7
2020-07-24,US,Michigan,Luce,3,0,0,46.47227431,-85.54471223,26095.0,48.16182372772515,0.0,3,3,0,0,3,3,6283,0,0,0,0,0
2020-07-24,US,Michigan,Mackinac,14,0,0,46.07028979,-85.04980537,26097.0,129.64163348458192,0.0,14,13,0,0,13,13,10787,1,0,0,1,0
2020-07-24,US,Michigan,Macomb,8752,936,0,42.69158356,-82.92752801,26099.0,1001.4050793389264,10.694698354661792,7816,8649,936,0,7713,8586,874759,103,0,0,103,63
2020-07-24,US,Michigan,Manistee,31,0,0,44.33352407,-86.05626916,26101.0,126.23177783207102,0.0,31,31,0,0,31,31,24528,0,0,0,0,0
2020-07-24,US,Michigan,Marquette,110,11,0,46.4338914,-87.64043701,26103.0,164.92001379331023,10.0,99,110,11,0,99,107,66516,0,0,0,0,3
2020-07-24,US,Michigan,Mason,93,0,0,43.99509218,-86.24988902,26105.0,319.1051331320341,0.0,93,96,0,0,96,104,29100,-3,0,0,-3,-8
2020-07-24,US,Michigan,Mecosta,48,2,0,43.64064262,-85.32463223,26107.0,110.46417968839896,4.166666666666667,46,48,2,0,46,48,43545,0,0,0,0,0
2020-07-24,US,Michigan,Menominee,65,0,0,45.58038692,-87.55370409,26109.0,285.33801580333625,0.0,65,62,0,0,62,61,22983,3,0,0,3,1
2020-07-24,US,Michigan,Michigan Department of Corrections (MDOC),4123,68,0,0.0,0.0,0.0,0.0,1.6492845015765218,4055,4120,68,0,4052,4130,,3,0,0,3,-10
2020-07-24,US,Michigan,Midland,254,9,0,43.64330771,-84.38804374,26111.0,305.44999759488184,3.543307086614173,245,250,9,0,241,243,83209,4,0,0,4,7
2020-07-24,US,Michigan,Missaukee,40,1,0,44.33772443,-85.09256478,26113.0,264.58526260087314,2.5,39,40,1,0,39,40,15113,0,0,0,0,0
2020-07-24,US,Michigan,Monroe,773,21,0,41.92734151,-83.53749864,26115.0,513.6212624584717,2.7166882276843465,752,765,21,0,744,754,150439,8,0,0,8,11
2020-07-24,US,Michigan,Montcalm,168,1,0,43.31082541,-85.15252824,26117.0,262.96018031555224,0.5952380952380952,167,165,1,0,164,160,63968,3,0,0,3,5
2020-07-24,US,Michigan,Montmorency,7,0,0,45.0275929,-84.12696227,26119.0,75.04288164665523,0.0,7,7,0,0,7,7,9265,0,0,0,0,0
2020-07-24,US,Michigan,Muskegon,1072,55,0,43.29123859,-86.15176712,26121.0,617.6324856250649,5.130597014925373,1017,1069,55,0,1014,1052,173588,3,0,0,3,17
2020-07-24,US,Michigan,Newaygo,243,0,0,43.554373999999996,-85.80070107,26123.0,496.1208656594528,0.0,243,240,0,0,240,232,48892,3,0,0,3,8
2020-07-24,US,Michigan,Oakland,13782,1125,0,42.66090111,-83.38595416,26125.0,1095.9108894515198,8.162821070962124,12657,13711,1122,0,12589,13644,1259201,71,3,0,68,67
2020-07-24,US,Michigan,Oceana,455,5,0,43.64124435,-86.26726673,26127.0,1719.1219254165565,1.0989010989010992,450,452,5,0,447,445,26625,3,0,0,3,7
2020-07-24,US,Michigan,Ogemaw,49,2,0,44.33481032,-84.12725175,26129.0,233.36667142925185,4.081632653061225,47,48,2,0,46,48,20952,1,0,0,1,0
2020-07-24,US,Michigan,Ontonagon,2,0,0,46.665226200000006,-89.31390481,26131.0,34.96503496503497,0.0,2,2,0,0,2,1,5795,0,0,0,0,1
2020-07-24,US,Michigan,Osceola,63,0,0,43.98992088,-85.32566756,26133.0,268.542199488491,0.0,63,62,0,0,62,63,23341,1,0,0,1,-1
2020-07-24,US,Michigan,Oscoda,23,1,0,44.68192279,-84.12939244,26135.0,279.09234316223757,4.3478260869565215,22,23,1,0,22,23,8276,0,0,0,0,0
2020-07-24,US,Michigan,Otsego,128,10,0,45.02085831,-84.59898295,26137.0,518.8908707637426,7.8125,118,128,10,0,118,128,24665,0,0,0,0,0
2020-07-24,US,Michigan,Ottawa,1567,53,0,42.95996803,-85.9969107,26139.0,536.9564472466848,3.3822590938098283,1514,1555,53,0,1502,1524,290494,12,0,0,12,31
2020-07-24,US,Michigan,Out of MI,69,0,0,0.0,0.0,80026.0,0.0,0.0,69,53,0,0,53,40,,16,0,0,16,13
2020-07-24,US,Michigan,Presque Isle,14,0,0,45.34018577,-83.91498656,26141.0,111.18170266836088,0.0,14,14,0,0,14,14,12738,0,0,0,0,0
2020-07-24,US,Michigan,Roscommon,45,0,0,44.33473082,-84.61067651,26143.0,187.35167992006328,0.0,45,45,0,0,45,44,23884,0,0,0,0,1
2020-07-24,US,Michigan,Saginaw,1684,124,0,43.33433923,-84.05131209999998,26145.0,883.8085641259795,7.363420427553444,1560,1655,124,0,1531,1617,190800,29,0,0,29,38
2020-07-24,US,Michigan,Sanilac,83,6,0,43.42406072,-82.82055898,26151.0,201.60310905999515,7.2289156626506035,77,80,6,0,74,79,41182,3,0,0,3,1
2020-07-24,US,Michigan,Schoolcraft,8,0,0,46.19235734,-86.19972234,26153.0,98.838645910551,0.0,8,8,0,0,8,8,8068,0,0,0,0,0
2020-07-24,US,Michigan,Shiawassee,297,28,0,42.95392800000001,-84.14585902,26155.0,435.98250198173866,9.427609427609427,269,296,28,0,268,296,68192,1,0,0,1,0
2020-07-24,US,Michigan,St. Clair,680,53,0,42.92655373,-82.67937954,26147.0,427.3289427379217,7.794117647058822,627,670,53,0,617,668,159337,10,0,0,10,2
2020-07-24,US,Michigan,St. Joseph,482,6,0,41.91441767,-85.52797979,26149.0,790.6305360540648,1.2448132780082988,476,473,6,0,467,461,61043,9,0,0,9,12
2020-07-24,US,Michigan,Tuscola,265,27,0,43.46606813,-83.41897025,26157.0,507.22557182505517,10.18867924528302,238,262,27,0,235,258,52516,3,0,0,3,4
2020-07-24,US,Michigan,Unassigned,7,0,0,0.0,0.0,90026.0,0.0,0.0,7,8,0,0,8,33,,-1,0,0,-1,-25
2020-07-24,US,Michigan,Van Buren,352,10,0,42.25190229,-86.01939087,26159.0,465.1347172853047,2.8409090909090913,342,339,10,0,329,325,75448,13,0,0,13,14
2020-07-24,US,Michigan,Washtenaw,2204,110,0,42.253105,-83.83853204,26161.0,599.5631132668301,4.99092558983666,2094,2195,110,0,2085,2169,370963,9,0,0,9,26
2020-07-24,US,Michigan,Wayne,25770,2789,0,42.28098405,-83.281255,26163.0,1473.1244815910889,10.822662010089251,22981,25649,2788,0,22861,25520,1753893,121,1,0,120,129
2020-07-24,US,Michigan,Wexford,55,4,0,44.33853602,-85.57712739,26165.0,163.53959144836608,7.272727272727272,51,55,4,0,51,55,33466,0,0,0,0,0
2020-07-24,US,Minnesota,Aitkin,24,0,0,46.60962049,-93.41168259999999,27001.0,151.07641948885808,0.0,24,24,0,0,24,22,15902,0,0,0,0,2
2020-07-24,US,Minnesota,Anoka,2903,111,0,45.27476015,-93.24604565,27003.0,813.3452500693428,3.823630726834309,2792,2848,111,0,2737,2790,353813,55,0,0,55,58
2020-07-24,US,Minnesota,Becker,96,0,0,46.93479392,-95.67158144,27005.0,278.88330476716146,0.0,96,92,0,0,92,85,34371,4,0,0,4,7
2020-07-24,US,Minnesota,Beltrami,122,0,0,47.97373527,-94.93732139,27007.0,258.5403068576757,0.0,122,122,0,0,122,115,46847,0,0,0,0,7
2020-07-24,US,Minnesota,Benton,278,3,0,45.69804958,-93.99514135,27009.0,679.8894568221282,1.0791366906474822,275,276,3,0,273,274,40545,2,0,0,2,2
2020-07-24,US,Minnesota,Big Stone,20,0,0,45.42712824,-96.41403739,27011.0,400.7212983370066,0.0,20,20,0,0,20,20,4989,0,0,0,0,0
2020-07-24,US,Minnesota,Blue Earth,735,3,0,44.03554215,-94.06699781,27013.0,1086.426322557758,0.4081632653061225,732,726,3,0,723,710,67427,9,0,0,9,16
2020-07-24,US,Minnesota,Brown,67,2,0,44.24205652,-94.72562874,27015.0,267.914267434421,2.985074626865672,65,63,2,0,61,61,25111,4,0,0,4,2
2020-07-24,US,Minnesota,Carlton,111,0,0,46.59180601,-92.67601019,27017.0,309.44216776783475,0.0,111,110,0,0,110,107,35837,1,0,0,1,3
2020-07-24,US,Minnesota,Carver,639,2,0,44.82017001,-93.80099179999999,27019.0,608.0560286994832,0.3129890453834116,637,618,2,0,616,602,103551,21,0,0,21,16
2020-07-24,US,Minnesota,Cass,35,2,0,46.95043611,-94.32603968,27021.0,117.53248933812418,5.7142857142857135,33,36,2,0,34,33,29519,-1,0,0,-1,3
2020-07-24,US,Minnesota,Chippewa,87,1,0,45.02343421,-95.56403693,27023.0,737.2881355932202,1.1494252873563218,86,87,1,0,86,87,11924,0,0,0,0,0
2020-07-24,US,Minnesota,Chisago,141,1,0,45.5021011,-92.90861945,27025.0,249.20907050319022,0.7092198581560284,140,138,1,0,137,135,55922,3,0,0,3,3
2020-07-24,US,Minnesota,Clay,692,39,0,46.89289518,-96.48761922,27027.0,1077.5123789355673,5.635838150289018,653,686,39,0,647,679,63955,6,0,0,6,7
2020-07-24,US,Minnesota,Clearwater,14,0,0,47.57992111,-95.37790562,27029.0,158.76616012701294,0.0,14,14,0,0,14,14,8810,0,0,0,0,0
2020-07-24,US,Minnesota,Cook,2,0,0,47.90504893,-90.52629546,27031.0,36.60992128866923,0.0,2,2,0,0,2,2,5393,0,0,0,0,0
2020-07-24,US,Minnesota,Cottonwood,155,0,0,44.00715262,-95.18138802,27033.0,1384.4230082172205,0.0,155,153,0,0,153,150,11277,2,0,0,2,3
2020-07-24,US,Minnesota,Crow Wing,152,12,0,46.48096553,-94.06755609,27035.0,233.6484513104296,7.894736842105262,140,144,12,0,132,137,64889,8,0,0,8,7
2020-07-24,US,Minnesota,Dakota,3324,102,0,44.67172617,-93.06299363,27037.0,774.7872481766627,3.068592057761733,3222,3263,101,0,3162,3194,425423,61,1,0,60,69
2020-07-24,US,Minnesota,Dodge,118,0,0,44.02238415,-92.86244324,27039.0,563.6763160408905,0.0,118,118,0,0,118,114,20822,0,0,0,0,4
2020-07-24,US,Minnesota,Douglas,110,0,0,45.93348491,-95.45335469,27041.0,288.4035552292808,0.0,110,108,0,0,108,105,37964,2,0,0,2,3
2020-07-24,US,Minnesota,Faribault,73,0,0,43.67381499,-93.94787458,27043.0,534.6810224859005,0.0,73,73,0,0,73,72,13758,0,0,0,0,1
2020-07-24,US,Minnesota,Fillmore,53,0,0,43.67394126,-92.08980382,27045.0,251.57829781174348,0.0,53,50,0,0,50,50,21058,3,0,0,3,0
2020-07-24,US,Minnesota,Freeborn,333,1,0,43.67385583,-93.34884422,27047.0,1099.6994815230673,0.3003003003003003,332,333,1,0,332,331,30444,0,0,0,0,2
2020-07-24,US,Minnesota,Goodhue,155,8,0,44.40849741,-92.72341949999999,27049.0,334.4842468709538,5.161290322580644,147,154,8,0,146,153,46403,1,0,0,1,1
2020-07-24,US,Minnesota,Grant,35,1,0,45.93424769,-96.01139609,27051.0,586.0683188211655,2.8571428571428568,34,33,1,0,32,33,6021,2,0,0,2,0
2020-07-24,US,Minnesota,Hennepin,15810,805,0,45.00761521,-93.47694895,27053.0,1248.9700539482385,5.0917141049968375,15005,15537,804,0,14733,15273,1259428,273,1,0,272,264
2020-07-24,US,Minnesota,Houston,33,0,0,43.67129565,-91.49143057,27055.0,177.41935483870967,0.0,33,33,0,0,33,33,18578,0,0,0,0,0
2020-07-24,US,Minnesota,Hubbard,13,0,0,47.10778564,-94.91693868,27057.0,60.49043785770788,0.0,13,13,0,0,13,12,21332,0,0,0,0,1
2020-07-24,US,Minnesota,Isanti,97,0,0,45.56181234,-93.29487636,27059.0,238.93979702433742,0.0,97,96,0,0,96,94,39966,1,0,0,1,2
2020-07-24,US,Minnesota,Itasca,114,12,0,47.51009045,-93.63092229,27061.0,252.60358962995792,10.526315789473683,102,113,12,0,101,108,45108,1,0,0,1,5
2020-07-24,US,Minnesota,Jackson,61,0,0,43.67423373,-95.15398258,27063.0,619.5409303270363,0.0,61,60,0,0,60,60,9911,1,0,0,1,0
2020-07-24,US,Minnesota,Kanabec,22,1,0,45.9459309,-93.29275192,27065.0,134.66364693640205,4.545454545454546,21,22,1,0,21,20,16207,0,0,0,0,2
2020-07-24,US,Minnesota,Kandiyohi,633,1,0,45.1526059,-95.00586446,27067.0,1465.311697030024,0.1579778830963665,632,631,1,0,630,627,42855,2,0,0,2,4
2020-07-24,US,Minnesota,Kittson,3,0,0,48.77754106,-96.78317184,27069.0,69.79990693345742,0.0,3,3,0,0,3,2,4248,0,0,0,0,1
2020-07-24,US,Minnesota,Koochiching,49,3,0,48.24539665,-93.78352843,27071.0,400.6868918145392,6.1224489795918355,46,49,3,0,46,48,12440,0,0,0,0,1
2020-07-24,US,Minnesota,Lac qui Parle,6,0,0,44.9973857,-96.17488219,27073.0,90.59338668277216,0.0,6,6,0,0,6,6,6658,0,0,0,0,0
2020-07-24,US,Minnesota,Lake,13,0,0,47.64270764,-91.44557998,27075.0,122.1689690818532,0.0,13,13,0,0,13,14,10658,0,0,0,0,-1
2020-07-24,US,Minnesota,Le Sueur,168,1,0,44.37136597,-93.72844721,27079.0,581.5764876934261,0.5952380952380952,167,165,1,0,164,162,28494,3,0,0,3,3
2020-07-24,US,Minnesota,Lincoln,51,0,0,44.41311883,-96.26688165,27081.0,904.4156765383932,0.0,51,51,0,0,51,51,5673,0,0,0,0,0
2020-07-24,US,Minnesota,Lyon,393,3,0,44.41327865,-95.83806103,27083.0,1542.7494700478921,0.7633587786259542,390,390,3,0,387,385,25629,3,0,0,3,5
2020-07-24,US,Minnesota,Mahnomen,17,1,0,47.32557075,-95.80921485,27087.0,307.58096616609373,5.882352941176472,16,17,1,0,16,18,5519,0,0,0,0,-1
2020-07-24,US,Minnesota,Marshall,25,0,0,48.35825983,-96.37017407,27089.0,267.78063410454155,0.0,25,25,0,0,25,23,9390,0,0,0,0,2
2020-07-24,US,Minnesota,Martin,192,5,0,43.67429718,-94.55099908,27091.0,975.4610577655844,2.6041666666666665,187,190,5,0,185,190,19785,2,0,0,2,0
2020-07-24,US,Minnesota,McLeod,115,0,0,44.82367677,-94.27287017,27085.0,320.3967347393642,0.0,115,115,0,0,115,114,35873,0,0,0,0,1
2020-07-24,US,Minnesota,Meeker,78,2,0,45.12328869,-94.52839455,27093.0,335.888381707002,2.5641025641025643,76,77,2,0,75,76,23141,1,0,0,1,1
2020-07-24,US,Minnesota,Mille Lacs,50,3,0,45.93705297,-93.63236823,27095.0,190.28047341781783,6.0,47,50,3,0,47,48,26139,0,0,0,0,2
2020-07-24,US,Minnesota,Morrison,74,1,0,46.01265363,-94.27341528,27097.0,221.64979332654408,1.351351351351351,73,74,1,0,73,74,33169,0,0,0,0,0
2020-07-24,US,Minnesota,Mower,1029,2,0,43.67142874,-92.75234549,27099.0,2568.518795866407,0.19436345966958213,1027,1024,2,0,1022,1019,40011,5,0,0,5,5
2020-07-24,US,Minnesota,Murray,110,1,0,44.02216709,-95.76328482,27101.0,1342.4456919697338,0.9090909090909092,109,109,0,0,109,104,8276,1,1,0,0,5
2020-07-24,US,Minnesota,Nicollet,252,13,0,44.35291112,-94.24710352,27103.0,735.2512108303671,5.158730158730159,239,249,13,0,236,243,34220,3,0,0,3,6
2020-07-24,US,Minnesota,Nobles,1721,6,0,43.67434621,-95.75329576,27105.0,7956.909704563318,0.3486345148169669,1715,1714,6,0,1708,1713,21924,7,0,0,7,1
2020-07-24,US,Minnesota,Norman,28,0,0,47.32628443,-96.45620947,27107.0,439.21568627450966,0.0,28,26,0,0,26,24,6475,2,0,0,2,2
2020-07-24,US,Minnesota,Olmsted,1487,21,0,44.00374114,-92.40209944,27109.0,939.3971938114764,1.4122394082044385,1466,1466,21,0,1445,1448,156277,21,0,0,21,18
2020-07-24,US,Minnesota,Otter Tail,145,1,0,46.40846929,-95.70835255,27111.0,246.8253157661798,0.6896551724137931,144,137,1,0,136,134,58812,8,0,0,8,3
2020-07-24,US,Minnesota,Pennington,60,1,0,48.06642577,-96.0370814,27113.0,424.9592747361711,1.6666666666666667,59,60,1,0,59,60,14178,0,0,0,0,0
2020-07-24,US,Minnesota,Pine,121,0,0,46.12105238,-92.74070188,27115.0,409.0740052063964,0.0,121,119,0,0,119,119,29483,2,0,0,2,0
2020-07-24,US,Minnesota,Pipestone,128,6,0,44.02301619,-96.25841142,27117.0,1402.5860179706333,4.6875,122,124,6,0,118,124,9047,4,0,0,4,0
2020-07-24,US,Minnesota,Polk,105,3,0,47.77372465,-96.40134647,27119.0,334.7787272031629,2.8571428571428568,102,104,3,0,101,96,31529,1,0,0,1,8
2020-07-24,US,Minnesota,Pope,31,0,0,45.58606667,-95.44451209,27121.0,275.5800515601386,0.0,31,30,0,0,30,28,11097,1,0,0,1,2
2020-07-24,US,Minnesota,Ramsey,6070,253,0,45.01625271,-93.09872295,27123.0,1102.992617036239,4.168039538714992,5817,5985,253,0,5732,5890,550210,85,0,0,85,95
2020-07-24,US,Minnesota,Red Lake,6,0,0,47.87197525,-96.09561104,27125.0,147.96547472256472,0.0,6,5,0,0,5,5,3999,1,0,0,1,0
2020-07-24,US,Minnesota,Redwood,28,0,0,44.40555844,-95.25207021,27127.0,184.5748187211602,0.0,28,27,0,0,27,27,15249,1,0,0,1,0
2020-07-24,US,Minnesota,Renville,45,4,0,44.72836381,-94.94553734,27129.0,309.3208688479516,8.888888888888891,41,44,4,0,40,44,14612,1,0,0,1,0
2020-07-24,US,Minnesota,Rice,934,8,0,44.3543376,-93.29658715,27131.0,1394.612673953294,0.8565310492505354,926,928,8,0,920,924,66523,6,0,0,6,4
2020-07-24,US,Minnesota,Rock,49,0,0,43.67482683,-96.25296832,27133.0,526.0332796564679,0.0,49,45,0,0,45,45,9414,4,0,0,4,0
2020-07-24,US,Minnesota,Roseau,34,0,0,48.77501878,-95.81079919,27135.0,224.20046158918564,0.0,34,34,0,0,34,34,15150,0,0,0,0,0
2020-07-24,US,Minnesota,Scott,1119,10,0,44.6490231,-93.53340251,27139.0,750.9411930502707,0.8936550491510277,1109,1094,9,0,1085,1072,147381,25,1,0,24,22
2020-07-24,US,Minnesota,Sherburne,490,5,0,45.44447208,-93.77617511,27141.0,503.91822127151937,1.020408163265306,485,472,5,0,467,459,96036,18,0,0,18,13
2020-07-24,US,Minnesota,Sibley,73,2,0,44.5796592,-94.23164924,27143.0,491.08644466868486,2.7397260273972597,71,69,2,0,67,69,15028,4,0,0,4,0
2020-07-24,US,Minnesota,St. Louis,308,17,0,47.604840700000004,-92.46879855,27137.0,154.71944542120863,5.51948051948052,291,305,16,0,289,299,199754,3,1,0,2,6
2020-07-24,US,Minnesota,Stearns,2695,19,0,45.55192576,-94.61078221,27145.0,1673.1336334005896,0.7050092764378478,2676,2678,19,0,2659,2666,159256,17,0,0,17,12
2020-07-24,US,Minnesota,Steele,301,1,0,44.02240351,-93.22627088,27147.0,821.3048104996042,0.3322259136212625,300,292,1,0,291,291,36803,9,0,0,9,1
2020-07-24,US,Minnesota,Stevens,15,0,0,45.58613007,-96.00163705,27149.0,152.98317185109642,0.0,15,14,0,0,14,14,9753,1,0,0,1,0
2020-07-24,US,Minnesota,Swift,47,1,0,45.2829032,-95.68264092,27151.0,507.23073602417435,2.127659574468085,46,47,1,0,46,47,9345,0,0,0,0,0
2020-07-24,US,Minnesota,Todd,407,2,0,46.06996226,-94.89785296,27153.0,1650.1783976646125,0.4914004914004914,405,405,2,0,403,405,24582,2,0,0,2,0
2020-07-24,US,Minnesota,Traverse,9,0,0,45.77298854,-96.47062949,27155.0,276.15833077631174,0.0,9,9,0,0,9,9,3308,0,0,0,0,0
2020-07-24,US,Minnesota,Unassigned,142,40,0,0.0,0.0,90027.0,0.0,28.169014084507047,102,130,40,0,90,122,,12,0,0,12,8
2020-07-24,US,Minnesota,Wabasha,64,0,0,44.28424356,-92.23121312,27157.0,295.92638831090767,0.0,64,63,0,0,63,59,21645,1,0,0,1,4
2020-07-24,US,Minnesota,Wadena,20,0,0,46.58589171,-94.96968506,27159.0,146.177459435755,0.0,20,20,0,0,20,20,13773,0,0,0,0,0
2020-07-24,US,Minnesota,Waseca,107,0,0,44.02211116,-93.58720034,27161.0,574.8979153234473,0.0,107,99,0,0,99,98,18691,8,0,0,8,1
2020-07-24,US,Minnesota,Washington,1597,41,0,45.03864533,-92.88429635,27163.0,608.5200426764213,2.5673137132122728,1556,1572,41,0,1531,1550,259201,25,0,0,25,22
2020-07-24,US,Minnesota,Watonwan,286,0,0,43.97823903,-94.61413846,27165.0,2624.5755712581445,0.0,286,283,0,0,283,282,10980,3,0,0,3,1
2020-07-24,US,Minnesota,Wilkin,23,3,0,46.35721532,-96.4684375,27167.0,370.54937973256006,13.043478260869565,20,23,3,0,20,23,6254,0,0,0,0,0
2020-07-24,US,Minnesota,Winona,197,16,0,43.98772283,-91.78081305,27169.0,390.22264479835195,8.121827411167514,181,193,16,0,177,193,50825,4,0,0,4,0
2020-07-24,US,Minnesota,Wright,675,4,0,45.17297924,-93.96234781,27171.0,487.7978276736741,0.5925925925925926,671,664,4,0,660,652,136349,11,0,0,11,12
2020-07-24,US,Minnesota,Yellow Medicine,39,0,0,44.71710183,-95.86842453,27173.0,401.68915439283137,0.0,39,38,0,0,38,37,9795,1,0,0,1,1
2020-07-24,US,Mississippi,Adams,480,22,0,31.47669768,-91.35326037,28001.0,1563.8744990714497,4.583333333333333,458,466,22,0,444,455,31192,14,0,0,14,11
2020-07-24,US,Mississippi,Alcorn,241,2,0,34.88084463,-88.57996173,28003.0,652.1797959570265,0.8298755186721992,239,198,2,0,196,190,36925,43,0,0,43,8
2020-07-24,US,Mississippi,Amite,165,4,0,31.17467303,-90.80501621,28005.0,1341.790680653818,2.4242424242424243,161,156,4,0,152,151,12326,9,0,0,9,5
2020-07-24,US,Mississippi,Attala,436,23,0,33.08658803,-89.57838564,28007.0,2399.03158358094,5.275229357798165,413,435,23,0,412,432,18365,1,0,0,1,3
2020-07-24,US,Mississippi,Benton,88,0,0,34.81681228,-89.18945516,28009.0,1065.5042983412036,0.0,88,85,0,0,85,84,8271,3,0,0,3,1
2020-07-24,US,Mississippi,Bolivar,712,25,0,33.79696941,-90.87372121,28011.0,2324.6702363850072,3.51123595505618,687,673,24,0,649,634,31333,39,1,0,38,39
2020-07-24,US,Mississippi,Calhoun,326,5,0,33.93683395,-89.33686647,28013.0,2270.036905507973,1.5337423312883436,321,315,5,0,310,303,14436,11,0,0,11,12
2020-07-24,US,Mississippi,Carroll,230,11,0,33.44834567,-89.91994479,28015.0,2312.2549512415803,4.782608695652174,219,230,11,0,219,225,9911,0,0,0,0,5
2020-07-24,US,Mississippi,Chickasaw,371,19,0,33.91983202,-88.9481545,28017.0,2169.210080102906,5.1212938005390845,352,360,19,0,341,350,17171,11,0,0,11,10
2020-07-24,US,Mississippi,Choctaw,104,4,0,33.34598242,-89.24809382,28019.0,1266.7478684531059,3.8461538461538463,100,100,4,0,96,97,8278,4,0,0,4,3
2020-07-24,US,Mississippi,Claiborne,368,12,0,31.97061673,-90.90702196,28021.0,4094.348019581665,3.260869565217391,356,363,12,0,351,359,9002,5,0,0,5,4
2020-07-24,US,Mississippi,Clarke,267,25,0,32.04158545,-88.68896219999998,28023.0,1718.0361624091113,9.363295880149813,242,263,25,0,238,263,15604,4,0,0,4,0
2020-07-24,US,Mississippi,Clay,325,13,0,33.65358105,-88.77784255,28025.0,1682.5429695589148,4.0,312,313,13,0,300,310,19386,12,0,0,12,3
2020-07-24,US,Mississippi,Coahoma,492,7,0,34.22772299,-90.60415045,28027.0,2223.829325619237,1.4227642276422765,485,471,7,0,464,465,22628,21,0,0,21,6
2020-07-24,US,Mississippi,Copiah,799,21,0,31.86977774,-90.44565118,28029.0,2846.9624086941026,2.6282853566958697,778,786,21,0,765,783,28543,13,0,0,13,3
2020-07-24,US,Mississippi,Covington,511,8,0,31.63225413,-89.55389939,28031.0,2742.004722043357,1.5655577299412915,503,506,8,0,498,498,18853,5,0,0,5,8
2020-07-24,US,Mississippi,DeSoto,2668,21,0,34.87625235,-89.99091418,28033.0,1442.5910405796315,0.7871064467766117,2647,2668,21,0,2647,2619,182001,0,0,0,0,49
2020-07-24,US,Mississippi,Forrest,1353,46,0,31.18961454,-89.25832496,28035.0,1806.4809004365993,3.3998521803399853,1307,1294,45,0,1249,1267,75036,59,1,0,58,27
2020-07-24,US,Mississippi,Franklin,80,2,0,31.47786634,-90.89672989,28037.0,1037.2099053545962,2.5,78,79,2,0,77,78,7788,1,0,0,1,1
2020-07-24,US,Mississippi,George,220,4,0,30.86259065,-88.64436789,28039.0,897.9591836734694,1.818181818181818,216,202,3,0,199,196,24250,18,1,0,17,6
2020-07-24,US,Mississippi,Greene,181,10,0,31.21444233,-88.63922281,28041.0,1332.2537906668629,5.524861878453039,171,173,10,0,163,170,13586,8,0,0,8,3
2020-07-24,US,Mississippi,Grenada,750,16,0,33.77036166,-89.80245083,28043.0,3613.064842470373,2.1333333333333333,734,741,16,0,725,730,21055,9,0,0,9,11
2020-07-24,US,Mississippi,Hancock,235,14,0,30.41830223,-89.48851033,28045.0,493.3658045011757,5.957446808510637,221,219,14,0,205,214,47334,16,0,0,16,5
2020-07-24,US,Mississippi,Harrison,1694,22,0,30.51359752,-89.12467576,28047.0,814.1099577085736,1.2987012987012987,1672,1628,21,0,1607,1573,206650,66,1,0,65,55
2020-07-24,US,Mississippi,Hinds,4261,80,0,32.2656285,-90.44435448,28049.0,1837.9054520358868,1.8774935461159352,4181,4070,78,0,3992,3952,237085,191,2,0,189,118
2020-07-24,US,Mississippi,Holmes,714,44,0,33.12345854,-90.08923538,28051.0,4197.530864197531,6.162464985994397,670,697,43,0,654,687,17622,17,1,0,16,10
2020-07-24,US,Mississippi,Humphreys,235,10,0,33.12825718,-90.52252707,28053.0,2914.186507936509,4.25531914893617,225,229,10,0,219,227,8257,6,0,0,6,2
2020-07-24,US,Mississippi,Issaquena,17,1,0,32.72531359,-90.97392828,28055.0,1281.085154483798,5.882352941176472,16,16,1,0,15,16,1308,1,0,0,1,0
2020-07-24,US,Mississippi,Itawamba,236,9,0,34.27993475,-88.3606733,28057.0,1008.9781958101753,3.8135593220338975,227,227,9,0,218,220,23517,9,0,0,9,7
2020-07-24,US,Mississippi,Jackson,1481,24,0,30.54020656,-88.64184064,28059.0,1031.2149675874023,1.6205266711681297,1457,1384,24,0,1360,1368,143277,97,0,0,97,16
2020-07-24,US,Mississippi,Jasper,318,6,0,32.01922104,-89.11786866,28061.0,1941.0364402124155,1.8867924528301887,312,311,6,0,305,308,16428,7,0,0,7,3
2020-07-24,US,Mississippi,Jefferson,154,4,0,31.73397872,-91.03764977,28063.0,2203.147353361945,2.5974025974025974,150,152,4,0,148,151,7106,2,0,0,2,1
2020-07-24,US,Mississippi,Jefferson Davis,163,5,0,31.56884708,-89.82670990000004,28065.0,1464.7735442127967,3.0674846625766867,158,160,4,0,156,159,11234,3,1,0,2,1
2020-07-24,US,Mississippi,Jones,1495,54,0,31.62257767,-89.16896899999998,28067.0,2195.365502657934,3.6120401337792636,1441,1455,53,0,1402,1432,68461,40,1,0,39,23
2020-07-24,US,Mississippi,Kemper,206,15,0,32.75462946,-88.64105766,28069.0,2114.5555327448164,7.281553398058253,191,205,15,0,190,204,10027,1,0,0,1,1
2020-07-24,US,Mississippi,Lafayette,669,4,0,34.35687874,-89.48490961,28071.0,1238.4531368592532,0.5979073243647235,665,653,4,0,649,633,54793,16,0,0,16,20
2020-07-24,US,Mississippi,Lamar,900,9,0,31.20572971,-89.5077704,28073.0,1420.835767172379,1.0,891,866,9,0,857,845,62447,34,0,0,34,21
2020-07-24,US,Mississippi,Lauderdale,1159,84,0,32.40419769,-88.66229662,28075.0,1563.575042158516,7.247627264883519,1075,1155,83,0,1072,1154,75317,4,1,0,3,1
2020-07-24,US,Mississippi,Lawrence,246,3,0,31.55147224,-90.10841127,28077.0,1954.5526775782607,1.2195121951219512,243,235,3,0,232,222,12455,11,0,0,11,13
2020-07-24,US,Mississippi,Leake,718,24,0,32.7536828,-89.52402044,28079.0,3151.0576669885018,3.3426183844011144,694,710,23,0,687,699,22763,8,1,0,7,11
2020-07-24,US,Mississippi,Lee,941,26,0,34.291877500000005,-88.68149954,28081.0,1101.4092420057118,2.763018065887354,915,896,26,0,870,879,85202,45,0,0,45,17
2020-07-24,US,Mississippi,Leflore,708,57,0,33.55545125,-90.29900733,28083.0,2512.1527161764184,8.05084745762712,651,691,57,0,634,681,28919,17,0,0,17,10
2020-07-24,US,Mississippi,Lincoln,649,38,0,31.53288662,-90.45391915,28085.0,1900.2723040435687,5.855161787365178,611,640,37,0,603,622,34205,9,1,0,8,18
2020-07-24,US,Mississippi,Lowndes,768,22,0,33.47386518,-88.44191529999998,28087.0,1310.6920385698438,2.864583333333333,746,745,20,0,725,714,58930,23,2,0,21,31
2020-07-24,US,Mississippi,Madison,1978,50,0,32.63389156,-90.03513564,28089.0,1861.2616681722373,2.527805864509605,1928,1893,50,0,1843,1852,105630,85,0,0,85,41
2020-07-24,US,Mississippi,Marion,476,14,0,31.23132643,-89.8209217,28091.0,1937.0854189557645,2.9411764705882355,462,462,15,0,447,449,24715,14,-1,0,15,13
2020-07-24,US,Mississippi,Marshall,429,5,0,34.76216286,-89.50299462,28093.0,1215.5040516801723,1.1655011655011656,424,423,5,0,418,407,35451,6,0,0,6,16
2020-07-24,US,Mississippi,Monroe,561,44,0,33.89236763,-88.4808438,28095.0,1591.3990695563373,7.84313725490196,517,547,44,0,503,536,35564,14,0,0,14,11
2020-07-24,US,Mississippi,Montgomery,244,3,0,33.49419589,-89.61729103,28097.0,2496.16368286445,1.2295081967213115,241,243,3,0,240,237,10023,1,0,0,1,6
2020-07-24,US,Mississippi,Neshoba,1138,82,0,32.75339664,-89.11726492,28099.0,3908.23545573185,7.205623901581722,1056,1130,82,0,1048,1129,29125,8,0,0,8,1
2020-07-24,US,Mississippi,Newton,458,10,0,32.40021118,-89.11843336,28101.0,2179.084594157389,2.183406113537118,448,454,10,0,444,452,21443,4,0,0,4,2
2020-07-24,US,Mississippi,Noxubee,348,10,0,33.11009499,-88.56949061,28103.0,3340.6930978208698,2.8735632183908044,338,343,10,0,333,341,10535,5,0,0,5,2
2020-07-24,US,Mississippi,Oktibbeha,759,31,0,33.42491685,-88.87905132,28105.0,1530.6431121059954,4.084321475625823,728,733,30,0,703,712,49599,26,1,0,25,21
2020-07-24,US,Mississippi,Panola,662,8,0,34.36398677,-89.95064249,28107.0,1936.125409452504,1.2084592145015105,654,640,8,0,632,617,34178,22,0,0,22,23
2020-07-24,US,Mississippi,Pearl River,403,34,0,30.77090935,-89.58677275,28109.0,725.6684973440172,8.436724565756824,369,392,32,0,360,391,55387,11,2,0,9,1
2020-07-24,US,Mississippi,Perry,160,6,0,31.17161885,-88.99281835,28111.0,1336.3400985550822,3.75,154,151,6,0,145,143,11931,9,0,0,9,8
2020-07-24,US,Mississippi,Pike,685,28,0,31.17507789,-90.40392572,28113.0,1743.5349216045609,4.087591240875913,657,664,27,0,637,649,39563,21,1,0,20,15
2020-07-24,US,Mississippi,Pontotoc,576,6,0,34.226046000000004,-89.03636807,28115.0,1790.265431715049,1.0416666666666667,570,560,6,0,554,538,31833,16,0,0,16,22
2020-07-24,US,Mississippi,Prentiss,231,6,0,34.61810501,-88.51986294,28117.0,919.3663933773779,2.5974025974025974,225,224,6,0,218,219,25315,7,0,0,7,5
2020-07-24,US,Mississippi,Quitman,149,1,0,34.25157572,-90.28908,28119.0,2193.7573616018844,0.6711409395973155,148,141,1,0,140,138,7051,8,0,0,8,3
2020-07-24,US,Mississippi,Rankin,1709,23,0,32.26469147,-89.94537876,28121.0,1100.6562719374513,1.3458162668227034,1686,1644,23,0,1621,1623,153902,65,0,0,65,21
2020-07-24,US,Mississippi,Scott,919,16,0,32.406704100000006,-89.53789439,28123.0,3267.671739439625,1.7410228509249184,903,917,16,0,901,911,28287,2,0,0,2,6
2020-07-24,US,Mississippi,Sharkey,92,0,0,32.88149103,-90.8159538,28125.0,2129.136773894932,0.0,92,91,0,0,91,86,4377,1,0,0,1,5
2020-07-24,US,Mississippi,Simpson,600,12,0,31.91282117,-89.91716179,28127.0,2250.7314877335134,2.0,588,589,11,0,578,576,26758,11,1,0,10,13
2020-07-24,US,Mississippi,Smith,341,12,0,32.01744532,-89.50644846,28129.0,2142.498115104297,3.5190615835777126,329,331,12,0,319,325,16002,10,0,0,10,6
2020-07-24,US,Mississippi,Stone,118,2,0,30.79187949,-89.11547539,28131.0,643.542757417103,1.6949152542372878,116,113,2,0,111,111,18717,5,0,0,5,2
2020-07-24,US,Mississippi,Sunflower,751,14,0,33.60192578,-90.58882684,28133.0,2990.8403026682595,1.8641810918774968,737,721,13,0,708,699,25735,30,1,0,29,22
2020-07-24,US,Mississippi,Tallahatchie,338,5,0,33.95339918,-90.1729398,28135.0,2447.679049894996,1.4792899408284024,333,322,4,0,318,318,13987,16,1,0,15,4
2020-07-24,US,Mississippi,Tate,542,19,0,34.65133709,-89.94485778,28137.0,1913.7742311359061,3.505535055350553,523,531,19,0,512,511,28759,11,0,0,11,20
2020-07-24,US,Mississippi,Tippah,223,11,0,34.76872156,-88.90988194,28139.0,1012.9457188280718,4.932735426008969,212,216,11,0,205,212,21995,7,0,0,7,4
2020-07-24,US,Mississippi,Tishomingo,206,3,0,34.74023475,-88.23917219,28141.0,1062.786978279936,1.4563106796116505,203,190,3,0,187,184,19454,16,0,0,16,6
2020-07-24,US,Mississippi,Tunica,175,4,0,34.64967704,-90.37481167,28143.0,1816.860465116279,2.2857142857142856,171,173,3,0,170,168,9944,2,1,0,1,5
2020-07-24,US,Mississippi,Union,391,12,0,34.49162015,-89.00776006,28145.0,1356.9321533923305,3.0690537084398977,379,374,11,0,363,353,28606,17,1,0,16,21
2020-07-24,US,Mississippi,Walthall,382,15,0,31.14971548,-90.10446654,28147.0,2673.9465210695785,3.9267015706806276,367,378,14,0,364,372,14465,4,1,0,3,6
2020-07-24,US,Mississippi,Warren,825,23,0,32.35810271,-90.83352619,28149.0,1817.9414292324984,2.787878787878788,802,776,23,0,753,762,46176,49,0,0,49,14
2020-07-24,US,Mississippi,Washington,1208,23,0,33.28392041,-90.94196237,28151.0,2751.1444123072715,1.9039735099337747,1185,1138,20,0,1118,1128,45063,70,3,0,67,10
2020-07-24,US,Mississippi,Wayne,660,21,0,31.64135687,-88.69573913,28153.0,3270.078779170589,3.1818181818181817,639,656,21,0,635,654,20298,4,0,0,4,2
2020-07-24,US,Mississippi,Webster,158,11,0,33.61300486,-89.28392912,28155.0,1630.7152440912375,6.962025316455697,147,150,11,0,139,148,9788,8,0,0,8,2
2020-07-24,US,Mississippi,Wilkinson,142,12,0,31.16078225,-91.31018819,28157.0,1645.422943221321,8.450704225352112,130,137,12,0,125,134,8792,5,0,0,5,3
2020-07-24,US,Mississippi,Winston,471,14,0,33.08747908,-89.03391385,28159.0,2623.2247284878863,2.9723991507431,457,461,14,0,447,458,18165,10,0,0,10,3
2020-07-24,US,Mississippi,Yalobusha,270,9,0,34.02824175,-89.70762049999998,28161.0,2229.930624380575,3.333333333333333,261,260,9,0,251,256,12392,10,0,0,10,4
2020-07-24,US,Mississippi,Yazoo,673,9,0,32.77890365,-90.39656148,28163.0,2266.756483664533,1.337295690936107,664,664,8,0,656,653,28248,9,1,0,8,11
2020-07-24,US,Missouri,Adair,117,0,0,40.19058551,-92.60078167,29001.0,461.6659432584935,0.0,117,116,0,0,116,117,25339,1,0,0,1,-1
2020-07-24,US,Missouri,Andrew,72,1,0,39.98492163,-94.80163024,29003.0,406.5040650406504,1.3888888888888888,71,72,1,0,71,69,17607,0,0,0,0,3
2020-07-24,US,Missouri,Atchison,11,0,0,40.43238737,-95.42970639,29005.0,213.88294769589734,0.0,11,9,0,0,9,7,5171,2,0,0,2,2
2020-07-24,US,Missouri,Audrain,178,1,0,39.215877,-91.84242683,29007.0,701.1186387269577,0.5617977528089888,177,178,1,0,177,168,25473,0,0,0,0,10
2020-07-24,US,Missouri,Barry,182,0,0,36.70978521,-93.82919888,29009.0,508.5361423901198,0.0,182,179,0,0,179,173,35886,3,0,0,3,6
2020-07-24,US,Missouri,Barton,53,0,0,37.50207671,-94.34757022,29011.0,450.91032839884286,0.0,53,52,0,0,52,51,11798,1,0,0,1,1
2020-07-24,US,Missouri,Bates,28,1,0,38.25271289,-94.34113157,29013.0,173.1387583477616,3.571428571428572,27,24,1,0,23,24,16320,4,0,0,4,0
2020-07-24,US,Missouri,Benton,52,0,0,38.29503305,-93.28756116,29015.0,267.44843902689917,0.0,52,46,0,0,46,38,19278,6,0,0,6,8
2020-07-24,US,Missouri,Bollinger,49,0,0,37.32449052,-90.02725304,29017.0,403.8572488255172,0.0,49,50,0,0,50,47,12169,-1,0,0,-1,3
2020-07-24,US,Missouri,Boone,860,3,0,38.99186229,-92.30723575,29019.0,476.55198018430366,0.3488372093023256,857,839,3,0,836,800,180005,21,0,0,21,39
2020-07-24,US,Missouri,Buchanan,1009,10,0,39.65816401,-94.80138942,29021.0,1154.9379607160845,0.9910802775024776,999,1003,10,0,993,997,88571,6,0,0,6,6
2020-07-24,US,Missouri,Butler,177,1,0,36.71462476,-90.40421163,29023.0,416.6862846650032,0.5649717514124294,176,169,1,0,168,154,42639,8,0,0,8,15
2020-07-24,US,Missouri,Caldwell,27,1,0,39.65620858,-93.98308093,29025.0,299.33481152993346,3.703703703703704,26,24,1,0,23,24,9108,3,0,0,3,0
2020-07-24,US,Missouri,Callaway,89,1,0,38.83674754,-91.92186505,29027.0,198.91379657153075,1.1235955056179776,88,87,1,0,86,83,44889,2,0,0,2,4
2020-07-24,US,Missouri,Camden,166,3,0,38.02199522,-92.76083747,29029.0,358.4926033905626,1.8072289156626504,163,151,3,0,148,139,45815,15,0,0,15,12
2020-07-24,US,Missouri,Cape Girardeau,512,3,0,37.38489388,-89.6843587,29031.0,649.1612886865895,0.5859375,509,509,3,0,506,496,78753,3,0,0,3,13
2020-07-24,US,Missouri,Carroll,61,0,0,39.42762566,-93.50626255,29033.0,702.8459499942389,0.0,61,54,0,0,54,53,8743,7,0,0,7,1
2020-07-24,US,Missouri,Carter,10,1,0,36.94160441,-90.96051322,29035.0,167.16817118020728,10.0,9,10,1,0,9,9,6054,0,0,0,0,1
2020-07-24,US,Missouri,Cass,397,8,0,38.64789422,-94.353399,29037.0,375.3072414445074,2.0151133501259446,389,372,8,0,364,349,104954,25,0,0,25,23
2020-07-24,US,Missouri,Cedar,29,0,0,37.72391475,-93.85445441,29039.0,202.10467628406158,0.0,29,29,0,0,29,29,14165,0,0,0,0,0
2020-07-24,US,Missouri,Chariton,13,0,0,39.51499357,-92.9629191,29041.0,175.06059789927284,0.0,13,13,0,0,13,12,7451,0,0,0,0,1
2020-07-24,US,Missouri,Christian,159,1,0,36.9711783,-93.18537118,29043.0,179.46836728935043,0.6289308176100629,158,145,1,0,144,128,86983,14,0,0,14,17
2020-07-24,US,Missouri,Clark,2,0,0,40.41040752,-91.73661677,29045.0,29.424746211563924,0.0,2,2,0,0,2,2,6842,0,0,0,0,0
2020-07-24,US,Missouri,Clay,688,19,0,39.31132056,-94.41850862,29047.0,275.25725350872983,2.7616279069767438,669,685,18,0,667,655,246365,3,1,0,2,30
2020-07-24,US,Missouri,Clinton,50,0,0,39.6013098,-94.40465394,29049.0,245.25432873890225,0.0,50,46,0,0,46,43,20470,4,0,0,4,3
2020-07-24,US,Missouri,Cole,206,2,0,38.50455671,-92.27860244,29051.0,268.4213955306534,0.9708737864077671,204,196,2,0,194,186,76796,10,0,0,10,10
2020-07-24,US,Missouri,Cooper,42,0,0,38.844478,-92.80896081,29053.0,237.16754192783333,0.0,42,38,0,0,38,38,17603,4,0,0,4,0
2020-07-24,US,Missouri,Crawford,32,0,0,37.97663738,-91.30528104,29055.0,133.77926421404683,0.0,32,32,0,0,32,31,23957,0,0,0,0,1
2020-07-24,US,Missouri,Dade,10,0,0,37.431814,-93.8503345,29057.0,132.2576378785875,0.0,10,10,0,0,10,9,7569,0,0,0,0,1
2020-07-24,US,Missouri,Dallas,36,1,0,37.6811355,-93.02127031,29059.0,213.2954141485958,2.7777777777777777,35,33,1,0,32,32,16762,3,0,0,3,1
2020-07-24,US,Missouri,Daviess,16,0,0,39.96145298,-93.98519678,29061.0,193.28340178787147,0.0,16,16,0,0,16,15,8313,0,0,0,0,1
2020-07-24,US,Missouri,DeKalb,25,1,0,39.89201062,-94.40476508,29063.0,199.25081692834942,4.0,24,23,1,0,22,22,12630,2,0,0,2,1
2020-07-24,US,Missouri,Dent,9,0,0,37.60663134,-91.50790473,29065.0,57.792332883837396,0.0,9,9,0,0,9,10,15441,0,0,0,0,-1
2020-07-24,US,Missouri,Douglas,40,1,0,36.9325593,-92.49905109,29067.0,303.3750474023512,2.5,39,36,1,0,35,32,13373,4,0,0,4,4
2020-07-24,US,Missouri,Dunklin,192,3,0,36.27167174,-90.09122243,29069.0,659.0916892657308,1.5625,189,176,3,0,173,168,29423,16,0,0,16,8
2020-07-24,US,Missouri,Franklin,424,18,0,38.41127108,-91.07522826,29071.0,407.82171265882437,4.245283018867925,406,408,18,0,390,394,103670,16,0,0,16,14
2020-07-24,US,Missouri,Gasconade,13,0,0,38.43947277,-91.50847147,29073.0,88.39929280565754,0.0,13,14,0,0,14,14,14705,-1,0,0,-1,0
2020-07-24,US,Missouri,Gentry,73,9,0,40.21097916,-94.40944419,29075.0,1110.942017957693,12.32876712328767,64,71,9,0,62,71,6628,2,0,0,2,0
2020-07-24,US,Missouri,Greene,784,9,0,37.2575872,-93.34230916,29077.0,267.49827695625174,1.1479591836734695,775,724,9,0,715,684,291923,60,0,0,60,40
2020-07-24,US,Missouri,Grundy,24,1,0,40.11406587,-93.56509276,29079.0,243.65482233502541,4.166666666666667,23,24,1,0,23,24,9914,0,0,0,0,0
2020-07-24,US,Missouri,Harrison,44,1,0,40.35570088,-93.99222144,29081.0,526.8199233716475,2.272727272727273,43,41,1,0,40,37,8414,3,0,0,3,4
2020-07-24,US,Missouri,Henry,46,3,0,38.38482826,-93.79293734,29083.0,210.7771260997068,6.521739130434782,43,46,3,0,43,43,21792,0,0,0,0,3
2020-07-24,US,Missouri,Hickory,8,0,0,37.94163617,-93.3203037,29085.0,83.82229673093043,0.0,8,7,0,0,7,3,9509,1,0,0,1,4
2020-07-24,US,Missouri,Holt,2,0,0,40.09799248,-95.2163888,29087.0,45.42357483533954,0.0,2,2,0,0,2,2,4404,0,0,0,0,0
2020-07-24,US,Missouri,Howard,34,0,0,39.1435761,-92.69756691,29089.0,339.96600339966005,0.0,34,29,0,0,29,29,10137,5,0,0,5,0
2020-07-24,US,Missouri,Howell,78,0,0,36.77383887,-91.88683935,29091.0,194.43128848119247,0.0,78,72,0,0,72,68,40076,6,0,0,6,4
2020-07-24,US,Missouri,Iron,8,0,0,37.55487945,-90.7735296,29093.0,79.01234567901234,0.0,8,7,0,0,7,6,10177,1,0,0,1,1
2020-07-24,US,Missouri,Jackson,2332,53,0,39.01002188,-94.34724536,29095.0,331.7160044437427,2.272727272727273,2279,2233,50,0,2183,2115,700307,99,3,0,96,118
2020-07-24,US,Missouri,Jasper,1434,21,0,37.20351921,-94.34050458,29097.0,1181.9200843993142,1.4644351464435146,1413,1366,21,0,1345,1323,120636,68,0,0,68,43
2020-07-24,US,Missouri,Jefferson,876,23,0,38.25926778,-90.53870896,29099.0,389.1932237727751,2.625570776255708,853,832,23,0,809,789,224347,44,0,0,44,43
2020-07-24,US,Missouri,Johnson,411,1,0,38.74719601,-93.80691168,29101.0,760.2382449779883,0.24330900243309006,410,397,1,0,396,389,53652,14,0,0,14,8
2020-07-24,US,Missouri,Kansas City,4558,43,0,39.0997,-94.5786,0.0,932.2150025667613,0.9433962264150944,4515,4366,43,0,4323,4102,491918,192,0,0,192,264
2020-07-24,US,Missouri,Knox,4,0,0,40.12699751,-92.14780832,29103.0,101.03561505430665,0.0,4,4,0,0,4,4,3947,0,0,0,0,0
2020-07-24,US,Missouri,Laclede,168,1,0,37.65896829,-92.5888493,29105.0,470.2852503989027,0.5952380952380952,167,162,1,0,161,151,35713,6,0,0,6,11
2020-07-24,US,Missouri,Lafayette,124,2,0,39.06986886,-93.78076396,29107.0,379.1121438180262,1.6129032258064515,122,124,2,0,122,122,32598,0,0,0,0,2
2020-07-24,US,Missouri,Lawrence,125,2,0,37.10626634,-93.83293097,29109.0,325.9027506192152,1.6,123,122,2,0,120,110,38359,3,0,0,3,12
2020-07-24,US,Missouri,Lewis,13,1,0,40.09673161,-91.72070156,29111.0,132.9787234042553,7.6923076923076925,12,13,1,0,12,13,9855,0,0,0,0,0
2020-07-24,US,Missouri,Lincoln,202,1,0,39.05345619,-90.95588181,29113.0,342.2974598817209,0.4950495049504951,201,185,1,0,184,172,57686,17,0,0,17,13
2020-07-24,US,Missouri,Linn,27,1,0,39.87001769,-93.10704106,29115.0,226.510067114094,3.703703703703704,26,27,1,0,26,25,12037,0,0,0,0,2
2020-07-24,US,Missouri,Livingston,34,0,0,39.78110272,-93.54645978,29117.0,223.2875812701123,0.0,34,31,0,0,31,30,15146,3,0,0,3,1
2020-07-24,US,Missouri,Macon,37,0,0,39.83049768,-92.56453089,29121.0,244.7575577164781,0.0,37,37,0,0,37,36,15153,0,0,0,0,1
2020-07-24,US,Missouri,Madison,15,0,0,37.47865134,-90.3467143,29123.0,124.09000661813369,0.0,15,13,0,0,13,13,12188,2,0,0,2,0
2020-07-24,US,Missouri,Maries,9,0,0,38.16193985,-91.92249662,29125.0,103.48395998620217,0.0,9,9,0,0,9,8,8769,0,0,0,0,1
2020-07-24,US,Missouri,Marion,75,1,0,39.80601912,-91.62203062,29127.0,262.88117770767616,1.3333333333333333,74,68,1,0,67,58,28592,7,0,0,7,10
2020-07-24,US,Missouri,McDonald,878,7,0,36.62869595,-94.34867205,29119.0,3844.638087314446,0.7972665148063781,871,854,6,0,848,824,23078,24,1,0,23,30
2020-07-24,US,Missouri,Mercer,8,0,0,40.42212303,-93.5682959,29129.0,221.1777716339508,0.0,8,8,0,0,8,8,3641,0,0,0,0,0
2020-07-24,US,Missouri,Miller,56,0,0,38.21450288,-92.42610898,29131.0,218.58776689176003,0.0,56,50,0,0,50,43,25336,6,0,0,6,7
2020-07-24,US,Missouri,Mississippi,121,0,0,36.82516239,-89.29505753,29133.0,918.0576631259484,0.0,121,121,0,0,121,121,13336,0,0,0,0,0
2020-07-24,US,Missouri,Moniteau,80,2,0,38.63571781,-92.57976951,29135.0,495.90875278948687,2.5,78,76,2,0,74,71,16121,4,0,0,4,5
2020-07-24,US,Missouri,Monroe,9,0,0,39.49593978,-92.00043978,29137.0,104.11846367422493,0.0,9,9,0,0,9,8,8664,0,0,0,0,1
2020-07-24,US,Missouri,Montgomery,26,0,0,38.94022054,-91.47000721,29139.0,225.0887369058956,0.0,26,26,0,0,26,24,11534,0,0,0,0,2
2020-07-24,US,Missouri,Morgan,41,0,0,38.4181765,-92.88791859,29141.0,198.7686042565569,0.0,41,38,0,0,38,37,20358,3,0,0,3,1
2020-07-24,US,Missouri,New Madrid,124,1,0,36.59666326,-89.66070007,29143.0,726.1653783087372,0.8064516129032258,123,122,1,0,121,114,17296,2,0,0,2,8
2020-07-24,US,Missouri,Newton,723,3,0,36.90519407,-94.3394104,29145.0,1241.500103029054,0.4149377593360996,720,707,3,0,704,699,58266,16,0,0,16,8
2020-07-24,US,Missouri,Nodaway,69,0,0,40.36079813,-94.88133008,29147.0,312.33025529603475,0.0,69,55,0,0,55,51,22304,14,0,0,14,4
2020-07-24,US,Missouri,Oregon,12,0,0,36.68710164,-91.4033755,29149.0,113.9709374109602,0.0,12,11,0,0,11,11,10541,1,0,0,1,0
2020-07-24,US,Missouri,Osage,31,0,0,38.46036182,-91.8613635,29151.0,227.69004774146163,0.0,31,28,0,0,28,27,13714,3,0,0,3,1
2020-07-24,US,Missouri,Ozark,4,0,0,36.64916339,-92.44459066,29153.0,43.60148245040332,0.0,4,4,0,0,4,3,9017,0,0,0,0,1
2020-07-24,US,Missouri,Pemiscot,176,6,0,36.2130572,-89.78742322,29155.0,1113.5716545397026,3.4090909090909087,170,173,6,0,167,172,16272,3,0,0,3,1
2020-07-24,US,Missouri,Perry,186,3,0,37.70660776,-89.82741088,29157.0,971.989966555184,1.6129032258064515,183,185,3,0,182,184,19150,1,0,0,1,1
2020-07-24,US,Missouri,Pettis,250,3,0,38.72798918,-93.28471706,29159.0,590.4721415243629,1.2,247,232,3,0,229,206,42542,18,0,0,18,26
2020-07-24,US,Missouri,Phelps,59,0,0,37.87736118,-91.79351727,29161.0,132.36712808202276,0.0,59,61,0,0,61,60,44732,-2,0,0,-2,1
2020-07-24,US,Missouri,Pike,54,1,0,39.34310674,-91.16980779,29163.0,295.0497213419298,1.851851851851852,53,54,1,0,53,49,18504,0,0,0,0,5
2020-07-24,US,Missouri,Platte,230,6,0,39.38154439,-94.77068479,29165.0,220.26853607615544,2.608695652173913,224,228,6,0,222,223,102985,2,0,0,2,5
2020-07-24,US,Missouri,Polk,144,0,0,37.6162296,-93.39828174,29167.0,447.91439858160436,0.0,144,137,0,0,137,125,32201,7,0,0,7,12
2020-07-24,US,Missouri,Pulaski,167,1,0,37.82462075,-92.20783203,29169.0,317.44824833197106,0.5988023952095808,166,164,1,0,163,162,52014,3,0,0,3,2
2020-07-24,US,Missouri,Putnam,4,0,0,40.47942497,-93.02042674,29171.0,85.17887563884156,0.0,4,4,0,0,4,4,4757,0,0,0,0,0
2020-07-24,US,Missouri,Ralls,16,0,0,39.52817427,-91.51838643,29173.0,155.20419051314389,0.0,16,16,0,0,16,15,10212,0,0,0,0,1
2020-07-24,US,Missouri,Randolph,26,1,0,39.44007257,-92.4971374,29175.0,105.05899466623566,3.8461538461538463,25,25,1,0,24,23,24763,1,0,0,1,2
2020-07-24,US,Missouri,Ray,45,0,0,39.3537468,-93.98905745,29177.0,195.4991745590408,0.0,45,42,0,0,42,39,22883,3,0,0,3,3
2020-07-24,US,Missouri,Reynolds,10,0,0,37.36085952,-90.97009925,29179.0,159.48963317384369,0.0,10,10,0,0,10,10,6254,0,0,0,0,0
2020-07-24,US,Missouri,Ripley,36,0,0,36.65460667,-90.85990261,29181.0,270.9211318482842,0.0,36,36,0,0,36,34,13401,0,0,0,0,2
2020-07-24,US,Missouri,Saline,365,6,0,39.13734288,-93.20259964,29195.0,1603.6202275822684,1.643835616438356,359,359,6,0,353,351,22895,6,0,0,6,8
2020-07-24,US,Missouri,Schuyler,9,0,0,40.46921489,-92.52311943,29197.0,193.13304721030042,0.0,9,9,0,0,9,8,4599,0,0,0,0,1
2020-07-24,US,Missouri,Scotland,11,1,0,40.45214695,-92.14709064,29199.0,224.3982048143615,9.090909090909092,10,11,1,0,10,11,4966,0,0,0,0,0
2020-07-24,US,Missouri,Scott,282,13,0,37.05588075,-89.56474493,29201.0,736.677115987461,4.609929078014185,269,272,13,0,259,266,38458,10,0,0,10,6
2020-07-24,US,Missouri,Shannon,40,0,0,37.15772072,-91.40190382,29203.0,489.8359049718345,0.0,40,37,0,0,37,35,8189,3,0,0,3,2
2020-07-24,US,Missouri,Shelby,9,0,0,39.79742518,-92.07634971,29205.0,151.7706576728499,0.0,9,9,0,0,9,8,6050,0,0,0,0,1
2020-07-24,US,Missouri,St. Charles,2390,79,0,38.77875681,-90.66662425,29183.0,594.4948286412186,3.305439330543933,2311,2151,79,0,2072,2012,399182,239,0,0,239,139
2020-07-24,US,Missouri,St. Clair,12,0,0,38.03699437,-93.77631447,29185.0,127.70032989251892,0.0,12,12,0,0,12,11,9395,0,0,0,0,1
2020-07-24,US,Missouri,St. Francois,219,2,0,37.81214171,-90.47598685,29187.0,325.8201294353939,0.9132420091324199,217,216,2,0,214,214,66692,3,0,0,3,2
2020-07-24,US,Missouri,St. Louis,10319,627,0,38.63770039999999,-90.4458375,29189.0,1037.9147157779332,6.076170171528249,9692,9944,626,0,9318,9624,996945,375,1,0,374,320
2020-07-24,US,Missouri,St. Louis City,3806,164,0,38.63555736,-90.24349225,29510.0,1266.2354945171935,4.308985811875985,3642,3733,164,0,3569,3635,302838,73,0,0,73,98
2020-07-24,US,Missouri,Ste. Genevieve,35,1,0,37.89090059,-90.1949941,29186.0,195.59628925896942,2.8571428571428568,34,33,1,0,32,31,17888,2,0,0,2,2
2020-07-24,US,Missouri,Stoddard,186,9,0,36.85571651,-89.9444155,29207.0,640.826873385013,4.838709677419356,177,185,9,0,176,177,29206,1,0,0,1,8
2020-07-24,US,Missouri,Stone,58,1,0,36.75000327,-93.45256475,29209.0,181.52228342513766,1.7241379310344829,57,50,1,0,49,47,31749,8,0,0,8,3
2020-07-24,US,Missouri,Sullivan,124,0,0,40.2099105,-93.11150106,29211.0,2036.459188700936,0.0,124,125,0,0,125,125,6221,-1,0,0,-1,0
2020-07-24,US,Missouri,Taney,226,3,0,36.65465345,-93.04075153,29213.0,404.09097410956946,1.327433628318584,223,212,3,0,209,205,55852,14,0,0,14,7
2020-07-24,US,Missouri,Texas,20,0,0,37.31728859,-91.96564727,29215.0,78.74635798094339,0.0,20,18,0,0,18,16,25571,2,0,0,2,2
2020-07-24,US,Missouri,Vernon,44,0,0,37.8457799,-94.34127305,29217.0,213.97655984049013,0.0,44,44,0,0,44,41,20528,0,0,0,0,3
2020-07-24,US,Missouri,Warren,114,0,0,38.76529479,-91.16124662,29219.0,319.7845661869898,0.0,114,103,0,0,103,99,34711,11,0,0,11,4
2020-07-24,US,Missouri,Washington,42,1,0,37.96130078,-90.87948158,29221.0,169.8342094621917,2.380952380952381,41,42,1,0,41,41,24943,0,0,0,0,1
2020-07-24,US,Missouri,Wayne,9,0,0,37.11303869,-90.46001416,29223.0,69.91377301328362,0.0,9,8,0,0,8,5,13122,1,0,0,1,3
2020-07-24,US,Missouri,Webster,92,1,0,37.2813734,-92.876329,29225.0,232.37017579308952,1.0869565217391304,91,87,1,0,86,86,39109,5,0,0,5,1
2020-07-24,US,Missouri,Worth,5,0,0,40.47945588,-94.42328751,29227.0,248.38549428713364,0.0,5,5,0,0,5,5,2040,0,0,0,0,0
2020-07-24,US,Missouri,Wright,52,0,0,37.27029221,-92.46914488,29229.0,284.3239105473235,0.0,52,52,0,0,52,52,18378,0,0,0,0,0
2020-07-24,US,Montana,Beaverhead,19,0,0,45.13434354,-112.89846940000001,30001.0,200.99439331429176,0.0,19,17,0,0,17,13,9404,2,0,0,2,4
2020-07-24,US,Montana,Big Horn,184,5,0,45.42335905,-107.492347,30003.0,1381.4850964787147,2.717391304347826,179,176,5,0,171,173,13338,8,0,0,8,3
2020-07-24,US,Montana,Blaine,7,0,0,48.43175214,-108.9582723,30005.0,104.77473432120941,0.0,7,7,0,0,7,6,6807,0,0,0,0,1
2020-07-24,US,Montana,Broadwater,9,0,0,46.33277565,-111.49558130000001,30007.0,144.3001443001443,0.0,9,9,0,0,9,9,6085,0,0,0,0,0
2020-07-24,US,Montana,Carbon,42,0,0,45.22850116,-109.0274047,30009.0,391.6083916083916,0.0,42,42,0,0,42,42,10714,0,0,0,0,0
2020-07-24,US,Montana,Cascade,101,2,0,47.30797024,-111.3467922,30013.0,124.13047218740013,1.98019801980198,99,81,2,0,79,81,81643,20,0,0,20,0
2020-07-24,US,Montana,Chouteau,3,0,0,47.88084126,-110.4353362,30015.0,53.23868677905946,0.0,3,3,0,0,3,3,5745,0,0,0,0,0
2020-07-24,US,Montana,Custer,43,0,0,46.25319932,-105.57375259999998,30017.0,377.12681985616564,0.0,43,43,0,0,43,43,11586,0,0,0,0,0
2020-07-24,US,Montana,Dawson,8,0,0,47.26584855,-104.89444170000002,30021.0,92.88285150354116,0.0,8,8,0,0,8,8,8680,0,0,0,0,0
2020-07-24,US,Montana,Deer Lodge,10,0,0,46.05953325,-113.073353,30023.0,109.40919037199123,0.0,10,10,0,0,10,8,9131,0,0,0,0,2
2020-07-24,US,Montana,Fallon,1,0,0,46.33478338,-104.41835649999999,30025.0,35.137034434293746,0.0,1,1,0,0,1,1,2920,0,0,0,0,0
2020-07-24,US,Montana,Fergus,4,0,0,47.26331584,-109.2245206,30027.0,36.199095022624434,0.0,4,4,0,0,4,4,11113,0,0,0,0,0
2020-07-24,US,Montana,Flathead,172,2,0,48.29575866,-114.05205690000001,30029.0,165.69369785946859,1.162790697674419,170,159,2,0,157,149,102106,13,0,0,13,10
2020-07-24,US,Montana,Gallatin,713,1,0,45.54486106,-111.1692571,30031.0,623.0665711239667,0.1402524544179523,712,695,1,0,694,664,111876,18,0,0,18,31
2020-07-24,US,Montana,Garfield,12,0,0,47.27545948,-107.0002351,30033.0,953.8950715421304,0.0,12,12,0,0,12,12,1268,0,0,0,0,0
2020-07-24,US,Montana,Glacier,45,1,0,48.70513576,-112.9934235,30035.0,327.20133788991495,2.2222222222222223,44,35,0,0,35,35,13747,10,1,0,9,0
2020-07-24,US,Montana,Golden Valley,3,0,0,46.3816474,-109.17685220000001,30037.0,365.4080389768576,0.0,3,3,0,0,3,3,826,0,0,0,0,0
2020-07-24,US,Montana,Granite,6,0,0,46.40605220000001,-113.4414186,30039.0,177.56732761171943,0.0,6,6,0,0,6,6,3378,0,0,0,0,0
2020-07-24,US,Montana,Hill,35,0,0,48.62879827,-110.1129252,30041.0,212.32710507158455,0.0,35,34,0,0,34,34,16347,1,0,0,1,0
2020-07-24,US,Montana,Jefferson,18,0,0,46.14907081,-112.094396,30043.0,147.2874560183291,0.0,18,18,0,0,18,17,12097,0,0,0,0,1
2020-07-24,US,Montana,Judith Basin,1,0,0,47.04581276,-110.26606880000001,30045.0,49.82561036372696,0.0,1,1,0,0,1,1,1952,0,0,0,0,0
2020-07-24,US,Montana,Lake,117,1,0,47.64514965,-114.0898013,30047.0,384.1355308950029,0.8547008547008547,116,116,0,0,116,116,30250,1,1,0,0,0
2020-07-24,US,Montana,Lewis and Clark,97,1,0,47.12610041,-112.39469799999999,30049.0,139.7050351422975,1.0309278350515465,96,93,1,0,92,88,68700,4,0,0,4,5
2020-07-24,US,Montana,Liberty,1,0,0,48.56084317,-111.02430700000001,30051.0,42.78990158322636,0.0,1,1,0,0,1,1,2430,0,0,0,0,0
2020-07-24,US,Montana,Lincoln,52,1,0,48.54265777,-115.4046155,30053.0,260.2602602602604,1.9230769230769231,51,50,1,0,49,48,19794,2,0,0,2,2
2020-07-24,US,Montana,Madison,53,1,0,45.30080065,-111.9173017,30057.0,616.2790697674419,1.8867924528301887,52,51,1,0,50,47,8768,2,0,0,2,4
2020-07-24,US,Montana,Meagher,4,0,0,46.59907074,-110.8898557,30059.0,214.8227712137487,0.0,4,4,0,0,4,4,1866,0,0,0,0,0
2020-07-24,US,Montana,Missoula,173,1,0,47.03728583,-113.92135079999998,30063.0,144.64882943143812,0.5780346820809249,172,173,1,0,172,169,118791,0,0,0,0,4
2020-07-24,US,Montana,Musselshell,1,0,0,46.49684637,-108.39498,30065.0,21.58428663932657,0.0,1,1,0,0,1,1,4651,0,0,0,0,0
2020-07-24,US,Montana,Park,34,0,0,45.48965095,-110.52643940000002,30067.0,204.74527279296643,0.0,34,34,0,0,34,33,16736,0,0,0,0,1
2020-07-24,US,Montana,Pondera,8,0,0,48.22773388,-112.22527029999999,30073.0,135.34088986635086,0.0,8,8,0,0,8,8,5972,0,0,0,0,0
2020-07-24,US,Montana,Powder River,1,0,0,45.39617714,-105.636738,30075.0,59.453032104637344,0.0,1,1,0,0,1,,1716,0,0,0,0,
2020-07-24,US,Montana,Ravalli,51,1,0,46.08520862,-114.11891640000002,30081.0,116.42240788933023,1.96078431372549,50,51,1,0,50,51,43172,0,0,0,0,0
2020-07-24,US,Montana,Richland,40,0,0,47.78668011,-104.5610786,30083.0,370.2675182819587,0.0,40,37,0,0,37,37,10913,3,0,0,3,0
2020-07-24,US,Montana,Roosevelt,10,0,0,48.29607488,-105.00792679999999,30085.0,90.87604507451836,0.0,10,9,0,0,9,8,11059,1,0,0,1,1
2020-07-24,US,Montana,Rosebud,18,1,0,46.23397237,-106.72928799999998,30087.0,201.40986908358508,5.5555555555555545,17,17,1,0,16,17,9063,1,0,0,1,0
2020-07-24,US,Montana,Sanders,7,0,0,47.67657534,-115.1329916,30089.0,57.78915215058203,0.0,7,7,0,0,7,5,11844,0,0,0,0,2
2020-07-24,US,Montana,Sheridan,3,0,0,48.72085833,-104.50382900000001,30091.0,90.66183136899366,0.0,3,3,0,0,3,3,3424,0,0,0,0,0
2020-07-24,US,Montana,Silver Bow,34,0,0,45.90018933,-112.6620092,30093.0,97.37934984963482,0.0,34,32,0,0,32,31,34993,2,0,0,2,1
2020-07-24,US,Montana,Stillwater,16,0,0,45.67071407,-109.3950061,30095.0,165.94067620825555,0.0,16,15,0,0,15,15,9534,1,0,0,1,0
2020-07-24,US,Montana,Sweet Grass,4,1,0,45.81367654,-109.9425686,30097.0,107.03773080010704,25.0,3,4,1,0,3,4,3710,0,0,0,0,0
2020-07-24,US,Montana,Teton,15,0,0,47.83741052,-112.24106880000001,30099.0,244.0214738897023,0.0,15,15,0,0,15,15,6162,0,0,0,0,0
2020-07-24,US,Montana,Toole,31,6,0,48.65577551,-111.69424140000001,30101.0,654.5608108108107,19.354838709677423,25,31,6,0,25,31,4853,0,0,0,0,0
2020-07-24,US,Montana,Treasure,2,0,0,46.20973220000001,-107.26665159999999,30103.0,287.3563218390805,0.0,2,2,0,0,2,2,679,0,0,0,0,0
2020-07-24,US,Montana,Valley,7,0,0,48.36435097,-106.6669635,30105.0,94.64575446187128,0.0,7,7,0,0,7,7,7437,0,0,0,0,0
2020-07-24,US,Montana,Wheatland,2,0,0,46.46652491,-109.84646359999999,30107.0,94.07337723424273,0.0,2,2,0,0,2,2,2236,0,0,0,0,0
2020-07-24,US,Montana,Wibaux,1,0,0,46.95925154,-104.2510927,30109.0,103.19917440660471,0.0,1,1,0,0,1,1,1034,0,0,0,0,0
2020-07-24,US,Montana,Yellowstone,820,21,0,45.93955949,-108.26914860000001,30111.0,508.3694978301302,2.5609756097560976,799,780,20,0,760,756,160137,40,1,0,39,24
2020-07-24,US,Nebraska,Adams,323,11,0,40.52449420000001,-98.50117804,31001.0,1029.8759684979116,3.4055727554179565,312,320,11,0,309,320,31511,3,0,0,3,0
2020-07-24,US,Nebraska,Antelope,17,1,0,42.17695516,-98.06662829999999,31003.0,269.92696093998103,5.882352941176472,16,17,1,0,16,17,6336,0,0,0,0,0
2020-07-24,US,Nebraska,Banner,2,0,0,41.54634427,-103.7114332,31007.0,268.4563758389262,0.0,2,2,0,0,2,2,730,0,0,0,0,0
2020-07-24,US,Nebraska,Boone,7,0,0,41.70759415,-98.06737183,31011.0,134.82280431432974,0.0,7,7,0,0,7,7,5239,0,0,0,0,0
2020-07-24,US,Nebraska,Box Butte,9,0,0,42.22079243,-103.08788340000001,31013.0,83.46471297412594,0.0,9,9,0,0,9,8,10772,0,0,0,0,1
2020-07-24,US,Nebraska,Boyd,1,0,0,42.899727399999996,-98.76486568,31015.0,52.110474205315285,0.0,1,1,0,0,1,1,1955,0,0,0,0,0
2020-07-24,US,Nebraska,Buffalo,268,1,0,40.85486962,-99.07500296,31019.0,539.6806218409553,0.373134328358209,267,261,1,0,260,253,49615,7,0,0,7,8
2020-07-24,US,Nebraska,Burt,17,0,0,41.85056773,-96.32605633,31021.0,263.1986375599938,0.0,17,17,0,0,17,17,6488,0,0,0,0,0
2020-07-24,US,Nebraska,Butler,53,0,0,41.22703692,-97.13106306,31023.0,661.1776447105789,0.0,53,53,0,0,53,53,8058,0,0,0,0,0
2020-07-24,US,Nebraska,Cass,131,1,0,40.90899107,-96.13971217,31025.0,499.08564462054255,0.7633587786259542,130,129,1,0,128,125,26159,2,0,0,2,4
2020-07-24,US,Nebraska,Cedar,20,0,0,42.598885100000004,-97.25311951,31027.0,238.0385622470841,0.0,20,20,0,0,20,20,8446,0,0,0,0,0
2020-07-24,US,Nebraska,Chase,4,0,0,40.523719799999995,-101.69780259999999,31029.0,101.9367991845056,0.0,4,4,0,0,4,4,3977,0,0,0,0,0
2020-07-24,US,Nebraska,Cherry,3,0,0,42.54502621,-101.1244332,31031.0,52.73334505185446,0.0,3,3,0,0,3,3,5761,0,0,0,0,0
2020-07-24,US,Nebraska,Cheyenne,23,0,0,41.21999357,-102.9941693,31033.0,258.1369248035914,0.0,23,23,0,0,23,21,9310,0,0,0,0,2
2020-07-24,US,Nebraska,Clay,43,0,0,40.52439441,-98.05126296,31035.0,693.2129614702562,0.0,43,41,0,0,41,40,6214,2,0,0,2,1
2020-07-24,US,Nebraska,Colfax,688,4,0,41.57486951,-97.0868542,31037.0,6424.502754692315,0.5813953488372093,684,685,4,0,681,684,10881,3,0,0,3,1
2020-07-24,US,Nebraska,Cuming,47,0,0,41.91637624,-96.78730772,31039.0,531.3135880624011,0.0,47,44,0,0,44,42,8940,3,0,0,3,2
2020-07-24,US,Nebraska,Custer,41,4,0,41.39374521,-99.72805369,31041.0,380.4398255544215,9.75609756097561,37,41,4,0,37,40,10840,0,0,0,0,1
2020-07-24,US,Nebraska,Dakota,1881,39,0,42.39040144,-96.56656425,31043.0,9392.789373814041,2.073365231259968,1842,1880,38,0,1842,1877,20083,1,1,0,0,3
2020-07-24,US,Nebraska,Dawes,4,0,0,42.71985036,-103.1313774,31045.0,46.57119571545,0.0,4,4,0,0,4,4,8716,0,0,0,0,0
2020-07-24,US,Nebraska,Dawson,902,9,0,40.87028216,-99.82014609999999,31047.0,3822.843822843823,0.9977827050997784,893,898,8,0,890,892,23709,4,1,0,3,6
2020-07-24,US,Nebraska,Deuel,1,0,0,41.11168186,-102.33333309999999,31049.0,55.74136008918617,0.0,1,1,0,0,1,1,1825,0,0,0,0,0
2020-07-24,US,Nebraska,Dixon,56,2,0,42.49188363,-96.86782408,31051.0,993.61249112846,3.571428571428572,54,56,2,0,54,56,5709,0,0,0,0,0
2020-07-24,US,Nebraska,Dodge,734,8,0,41.58071748,-96.65598179,31053.0,2007.384110488172,1.0899182561307903,726,731,8,0,723,727,36791,3,0,0,3,4
2020-07-24,US,Nebraska,Douglas,9381,120,0,41.29518299,-96.15085305,31055.0,1641.9668596092954,1.2791813239526704,9261,9180,121,0,9059,9022,566880,201,-1,0,202,158
2020-07-24,US,Nebraska,Fillmore,21,1,0,40.52458567,-97.59646937,31059.0,384.4745514463567,4.761904761904762,20,21,1,0,20,21,5527,0,0,0,0,0
2020-07-24,US,Nebraska,Franklin,8,0,0,40.17636348,-98.95299073,31061.0,268.5464921114468,0.0,8,8,0,0,8,8,3023,0,0,0,0,0
2020-07-24,US,Nebraska,Frontier,3,0,0,40.52993007,-100.3924658,31063.0,114.19870574800152,0.0,3,3,0,0,3,3,2608,0,0,0,0,0
2020-07-24,US,Nebraska,Furnas,12,1,0,40.17642064,-99.91247454,31065.0,256.6295979469632,8.333333333333334,11,12,1,0,11,12,4715,0,0,0,0,0
2020-07-24,US,Nebraska,Gage,72,4,0,40.26186809,-96.68946704,31067.0,334.6813554594896,5.5555555555555545,68,72,4,0,68,71,21493,0,0,0,0,1
2020-07-24,US,Nebraska,Garden,4,0,0,41.61703149,-102.3313973,31069.0,217.74632553075668,0.0,4,4,0,0,4,4,1897,0,0,0,0,0
2020-07-24,US,Nebraska,Garfield,3,0,0,41.91428955,-98.99111827,31071.0,152.36160487557137,0.0,3,3,0,0,3,3,1987,0,0,0,0,0
2020-07-24,US,Nebraska,Gosper,13,0,0,40.51481965,-99.83020279,31073.0,653.2663316582915,0.0,13,13,0,0,13,13,1996,0,0,0,0,0
2020-07-24,US,Nebraska,Greeley,7,0,0,41.56742671,-98.52150266,31077.0,297.11375212224107,0.0,7,7,0,0,7,6,2356,0,0,0,0,1
2020-07-24,US,Nebraska,Hall,1665,46,0,40.87257079,-98.50218293,31079.0,2713.80372597917,2.7627627627627627,1619,1662,46,0,1616,1658,61607,3,0,0,3,4
2020-07-24,US,Nebraska,Hamilton,85,12,0,40.87349452,-98.02099117,31081.0,911.6259116259116,14.117647058823529,73,84,12,0,72,81,9280,1,0,0,1,3
2020-07-24,US,Nebraska,Harlan,1,0,0,40.17658508,-99.40438879,31083.0,29.58579881656805,0.0,1,1,0,0,1,1,3401,0,0,0,0,0
2020-07-24,US,Nebraska,Hitchcock,1,0,0,40.17609175,-101.04164770000001,31087.0,36.205648081100655,0.0,1,1,0,0,1,1,2806,0,0,0,0,0
2020-07-24,US,Nebraska,Holt,6,0,0,42.45522056,-98.78402558,31089.0,59.600675474322045,0.0,6,6,0,0,6,4,10178,0,0,0,0,2
2020-07-24,US,Nebraska,Hooker,4,0,0,41.91586243,-101.1354293,31091.0,586.5102639296188,0.0,4,4,0,0,4,4,682,0,0,0,0,0
2020-07-24,US,Nebraska,Howard,51,4,0,41.2200529,-98.5166499,31093.0,791.311093871218,7.84313725490196,47,51,4,0,47,51,6468,0,0,0,0,0
2020-07-24,US,Nebraska,Jefferson,13,0,0,40.17584531,-97.142601,31095.0,184.50184501845013,0.0,13,13,0,0,13,12,7097,0,0,0,0,1
2020-07-24,US,Nebraska,Johnson,11,0,0,40.39257596,-96.26522753,31097.0,216.9197396963124,0.0,11,10,0,0,10,10,5134,1,0,0,1,0
2020-07-24,US,Nebraska,Kearney,20,0,0,40.50663314,-98.94877182,31099.0,307.92917628945344,0.0,20,20,0,0,20,20,6544,0,0,0,0,0
2020-07-24,US,Nebraska,Keith,13,0,0,41.19930341,-101.66201640000001,31101.0,161.81229773462783,0.0,13,11,0,0,11,10,8021,2,0,0,2,1
2020-07-24,US,Nebraska,Kimball,15,0,0,41.19774275,-103.7148131,31105.0,412.9955947136564,0.0,15,15,0,0,15,15,3618,0,0,0,0,0
2020-07-24,US,Nebraska,Knox,28,0,0,42.63758421,-97.89178836,31107.0,336.0537686029765,0.0,28,27,0,0,27,26,8419,1,0,0,1,1
2020-07-24,US,Nebraska,Lancaster,2704,14,0,40.78416049,-96.68777155,31109.0,847.4098216804036,0.5177514792899408,2690,2661,14,0,2647,2605,317272,43,0,0,43,56
2020-07-24,US,Nebraska,Lincoln,77,2,0,41.04658298,-100.74753740000001,31111.0,220.5419029615627,2.5974025974025974,75,74,2,0,72,69,35185,3,0,0,3,5
2020-07-24,US,Nebraska,Madison,398,5,0,41.91676024,-97.6005481,31119.0,1133.9354397561185,1.256281407035176,393,394,5,0,389,394,35392,4,0,0,4,0
2020-07-24,US,Nebraska,McPherson,4,0,0,41.56797682,-101.05993620000001,31117.0,809.7165991902832,0.0,4,4,0,0,4,4,492,0,0,0,0,0
2020-07-24,US,Nebraska,Merrick,42,0,0,41.16624273,-98.0374887,31121.0,541.5860735009671,0.0,42,42,0,0,42,41,7733,0,0,0,0,1
2020-07-24,US,Nebraska,Morrill,56,0,0,41.71711774,-103.0061405,31123.0,1206.3765618267987,0.0,56,55,0,0,55,55,4686,1,0,0,1,0
2020-07-24,US,Nebraska,Nance,6,0,0,41.39750195,-97.99327291,31125.0,170.50298380221653,0.0,6,6,0,0,6,6,3532,0,0,0,0,0
2020-07-24,US,Nebraska,Nemaha,10,0,0,40.38514847,-95.85433992,31127.0,143.4308663224326,0.0,10,10,0,0,10,10,6958,0,0,0,0,0
2020-07-24,US,Nebraska,Nuckolls,5,0,0,40.17637905,-98.04743961,31129.0,120.54001928640308,0.0,5,5,0,0,5,5,4195,0,0,0,0,0
2020-07-24,US,Nebraska,Otoe,38,0,0,40.64843556,-96.13374142,31131.0,237.32200849362977,0.0,38,38,0,0,38,36,15985,0,0,0,0,2
2020-07-24,US,Nebraska,Pawnee,2,0,0,40.13141096,-96.23705437,31133.0,76.54037504783773,0.0,2,2,0,0,2,1,2632,0,0,0,0,1
2020-07-24,US,Nebraska,Perkins,8,0,0,40.85082525,-101.6502942,31135.0,276.7208578346593,0.0,8,8,0,0,8,8,2929,0,0,0,0,0
2020-07-24,US,Nebraska,Phelps,32,0,0,40.51156033,-99.41461667,31137.0,354.21740092982066,0.0,32,32,0,0,32,32,8996,0,0,0,0,0
2020-07-24,US,Nebraska,Pierce,16,0,0,42.26434853,-97.60122773,31139.0,223.8388360380526,0.0,16,17,0,0,17,17,7142,-1,0,0,-1,0
2020-07-24,US,Nebraska,Platte,727,3,0,41.57246836,-97.52144359,31141.0,2172.094412907081,0.4126547455295736,724,724,3,0,721,721,33363,3,0,0,3,3
2020-07-24,US,Nebraska,Polk,20,0,0,41.18813488,-97.56630712,31143.0,383.65624400537115,0.0,20,19,0,0,19,17,5278,1,0,0,1,2
2020-07-24,US,Nebraska,Red Willow,13,0,0,40.17556879999999,-100.476998,31145.0,121.22342409548678,0.0,13,12,0,0,12,11,10726,1,0,0,1,1
2020-07-24,US,Nebraska,Richardson,16,1,0,40.1247415,-95.71755036,31147.0,203.432930705658,6.25,15,16,1,0,15,11,7937,0,0,0,0,5
2020-07-24,US,Nebraska,Rock,2,0,0,42.42252217,-99.44832069,31149.0,147.38393515106853,0.0,2,2,0,0,2,2,1360,0,0,0,0,0
2020-07-24,US,Nebraska,Saline,565,2,0,40.52418865,-97.14085859,31151.0,3972.1597300337457,0.3539823008849557,563,563,2,0,561,560,14350,2,0,0,2,3
2020-07-24,US,Nebraska,Sarpy,1691,8,0,41.11314181,-96.11156432,31153.0,903.3312677621317,0.4730928444707274,1683,1649,8,0,1641,1612,184459,42,0,0,42,37
2020-07-24,US,Nebraska,Saunders,110,2,0,41.227810299999994,-96.63773905,31155.0,509.77847807952537,1.818181818181818,108,108,2,0,106,107,21303,2,0,0,2,1
2020-07-24,US,Nebraska,Scotts Bluff,272,6,0,41.85070896,-103.70809859999999,31157.0,763.6588241900162,2.2058823529411766,266,269,6,0,263,265,35989,3,0,0,3,4
2020-07-24,US,Nebraska,Seward,62,1,0,40.87241834,-97.139673,31159.0,358.71326081925486,1.6129032258064515,61,61,1,0,60,61,17318,1,0,0,1,0
2020-07-24,US,Nebraska,Sheridan,9,0,0,42.50284406,-102.4126613,31161.0,171.55928326343883,0.0,9,8,0,0,8,8,5190,1,0,0,1,0
2020-07-24,US,Nebraska,Sherman,5,0,0,41.22045983,-98.97588642,31163.0,166.61112962345885,0.0,5,5,0,0,5,5,3038,0,0,0,0,0
2020-07-24,US,Nebraska,Sioux,5,0,0,42.48932059,-103.7576544,31165.0,428.8164665523156,0.0,5,5,0,0,5,5,1187,0,0,0,0,0
2020-07-24,US,Nebraska,Stanton,25,0,0,41.9169835,-97.19394708,31167.0,422.2972972972973,0.0,25,23,0,0,23,23,5970,2,0,0,2,0
2020-07-24,US,Nebraska,Thayer,24,0,0,40.17626377,-97.59504381,31169.0,479.7121726963822,0.0,24,23,0,0,23,22,5039,1,0,0,1,1
2020-07-24,US,Nebraska,Thomas,1,0,0,41.91358968,-100.5556632,31171.0,138.50415512465375,0.0,1,1,0,0,1,1,720,0,0,0,0,0
2020-07-24,US,Nebraska,Thurston,184,3,0,42.15725356,-96.54157099,31173.0,2547.0653377630124,1.6304347826086956,181,182,2,0,180,181,7303,2,1,0,1,1
2020-07-24,US,Nebraska,Unassigned,130,0,0,0.0,0.0,90031.0,0.0,0.0,130,130,2,0,128,127,,0,-2,0,2,3
2020-07-24,US,Nebraska,Valley,9,0,0,41.56730777,-98.98197724,31175.0,216.4502164502165,0.0,9,9,0,0,9,9,4190,0,0,0,0,0
2020-07-24,US,Nebraska,Washington,87,1,0,41.52815707,-96.22019892,31177.0,419.701866949684,1.1494252873563218,86,80,1,0,79,79,20667,7,0,0,7,1
2020-07-24,US,Nebraska,Wayne,35,0,0,42.20934475,-97.11926964,31179.0,372.9355354288759,0.0,35,35,0,0,35,35,9403,0,0,0,0,0
2020-07-24,US,Nebraska,Webster,10,0,0,40.17642643,-98.50019851,31181.0,286.77946659019216,0.0,10,9,0,0,9,9,3533,1,0,0,1,0
2020-07-24,US,Nebraska,York,62,0,0,40.87272618,-97.59710186,31185.0,453.24950654287596,0.0,62,61,0,0,61,61,13772,1,0,0,1,0
2020-07-24,US,Nevada,Carson City,267,7,0,39.15509045,-119.7480219,32510.0,477.5019672365692,2.621722846441948,260,267,7,0,260,260,55414,0,0,0,0,7
2020-07-24,US,Nevada,Churchill,38,1,0,39.58105744,-118.3394607,32001.0,152.55530129672007,2.631578947368421,37,37,1,0,36,36,24440,1,0,0,1,1
2020-07-24,US,Nevada,Clark,35000,592,0,36.21458855,-115.0130241,32003.0,1544.0847217228454,1.6914285714285715,34408,34209,580,0,33629,33057,2231647,791,12,0,779,1152
2020-07-24,US,Nevada,Douglas,121,0,0,38.912862,-119.61713329999999,32005.0,247.41846436969638,0.0,121,112,0,0,112,109,48467,9,0,0,9,3
2020-07-24,US,Nevada,Elko,372,2,0,41.14531606,-115.3577619,32007.0,704.8391375194209,0.5376344086021505,370,350,2,0,348,343,52460,22,0,0,22,7
2020-07-24,US,Nevada,Eureka,2,0,0,39.98100864,-116.26832040000001,32011.0,98.57072449482504,0.0,2,2,0,0,2,2,2003,0,0,0,0,0
2020-07-24,US,Nevada,Humboldt,91,4,0,41.40692186,-118.11094270000001,32013.0,540.6690036242646,4.395604395604397,87,91,4,0,87,91,16786,0,0,0,0,0
2020-07-24,US,Nevada,Lander,47,1,0,39.933223299999995,-117.03970749999999,32015.0,849.6023138105568,2.127659574468085,46,47,0,0,47,47,5575,0,1,0,-1,0
2020-07-24,US,Nevada,Lincoln,3,0,0,37.64268459,-114.8790388,32017.0,57.88153579008296,0.0,3,3,0,0,3,3,5201,0,0,0,0,0
2020-07-24,US,Nevada,Lyon,164,2,0,39.01777974,-119.18704790000001,32019.0,285.16779690488613,1.2195121951219512,162,162,2,0,160,161,55808,2,0,0,2,1
2020-07-24,US,Nevada,Mineral,11,0,0,38.53841696,-118.4344506,32021.0,244.173140954495,0.0,11,11,0,0,11,10,4514,0,0,0,0,1
2020-07-24,US,Nevada,Nye,286,7,0,38.04264256,-116.47227020000001,32023.0,614.7496936998904,2.4475524475524475,279,270,7,0,263,270,45346,16,0,0,16,0
2020-07-24,US,Nevada,Pershing,13,0,0,40.44003782,-118.40056409999998,32027.0,193.3085501858736,0.0,13,13,0,0,13,13,6666,0,0,0,0,0
2020-07-24,US,Nevada,Storey,3,0,0,39.44875482,-119.5250207,32029.0,72.76255154014069,0.0,3,2,0,0,2,2,4029,1,0,0,1,0
2020-07-24,US,Nevada,Washoe,4456,105,0,40.66562265,-119.6631594,32031.0,945.0308471132657,2.3563734290843805,4351,4332,105,0,4227,4242,465735,124,0,0,124,90
2020-07-24,US,Nevada,White Pine,11,1,0,39.44157041,-114.89996599999999,32033.0,114.82254697286012,9.090909090909092,10,11,1,0,10,11,9475,0,0,0,0,0
2020-07-24,US,New Hampshire,Belknap,99,4,0,43.51637314,-71.41684235,33001.0,161.4929122555177,4.040404040404041,95,98,4,0,94,98,61022,1,0,0,1,0
2020-07-24,US,New Hampshire,Carroll,79,1,0,43.87498583,-71.20430216,33003.0,161.5211613167041,1.2658227848101269,78,77,1,0,76,76,48779,2,0,0,2,1
2020-07-24,US,New Hampshire,Cheshire,80,2,0,42.92015988,-72.25311043,33005.0,105.14556088585137,2.5,78,80,2,0,78,80,76493,0,0,0,0,0
2020-07-24,US,New Hampshire,Coos,16,0,0,44.69063265,-71.30633239,33007.0,50.69226626112854,0.0,16,14,0,0,14,14,31589,2,0,0,2,0
2020-07-24,US,New Hampshire,Grafton,98,1,0,43.93779815,-71.82057197,33009.0,109.02698974256279,1.020408163265306,97,98,1,0,97,99,89786,0,0,0,0,-1
2020-07-24,US,New Hampshire,Hillsborough,3633,271,0,42.91537785,-71.7200253,33011.0,871.1707931179187,7.459399944949077,3362,3590,270,0,3320,3575,415247,43,1,0,42,15
2020-07-24,US,New Hampshire,Merrimack,448,20,0,43.29662971,-71.6811573,33013.0,295.9224788791936,4.464285714285714,428,444,20,0,424,443,151132,4,0,0,4,1
2020-07-24,US,New Hampshire,Rockingham,1573,94,0,42.98499744,-71.12883377,33015.0,507.7977460623884,5.975842339478702,1479,1569,93,0,1476,1562,309176,4,1,0,3,7
2020-07-24,US,New Hampshire,Strafford,311,13,0,43.291833000000004,-71.02336013,33017.0,238.07154394372017,4.180064308681672,298,310,13,0,297,310,130090,1,0,0,1,0
2020-07-24,US,New Hampshire,Sullivan,38,1,0,43.36094111,-72.22203125,33019.0,88.07305428081398,2.631578947368421,37,38,1,0,37,38,43144,0,0,0,0,0
2020-07-24,US,New Jersey,Atlantic,3189,240,0,39.47538693,-74.65848483,34001.0,1209.4663784275801,7.525870178739416,2949,3169,240,0,2929,3161,265429,20,0,0,20,8
2020-07-24,US,New Jersey,Bergen,20162,2041,0,40.96010917,-74.07164325,34003.0,2162.83595186451,10.123003670270807,18121,20133,2034,0,18099,20099,936692,29,7,0,22,34
2020-07-24,US,New Jersey,Burlington,5533,469,0,39.87681124,-74.66927768,34005.0,1242.3964127010502,8.476414241821796,5064,5502,468,0,5034,5490,445384,31,1,0,30,12
2020-07-24,US,New Jersey,Camden,7952,566,0,39.80343818,-74.96388753,34007.0,1570.080024325183,7.117706237424548,7386,7910,564,0,7346,7888,507078,42,2,0,40,22
2020-07-24,US,New Jersey,Cape May,776,86,0,39.15008829,-74.80170244,34009.0,843.1208509436218,11.082474226804123,690,767,86,0,681,762,92560,9,0,0,9,5
2020-07-24,US,New Jersey,Cumberland,3108,154,0,39.37199394,-75.10712559,34011.0,2078.5543747951874,4.954954954954955,2954,3100,154,0,2946,3095,150972,8,0,0,8,5
2020-07-24,US,New Jersey,Essex,19228,2098,0,40.78681335,-74.24657979,34013.0,2406.583435026127,10.911171208654046,17130,19198,2094,0,17104,19173,799767,30,4,0,26,25
2020-07-24,US,New Jersey,Gloucester,2920,202,0,39.71581067,-75.13995546,34015.0,1001.2481312320838,6.917808219178082,2718,2894,200,0,2694,2870,291408,26,2,0,24,24
2020-07-24,US,New Jersey,Hudson,19313,1495,0,40.73766234,-74.07515667,34017.0,2872.287106757824,7.740899911976388,17818,19289,1494,0,17795,19281,676061,24,1,0,23,8
2020-07-24,US,New Jersey,Hunterdon,1113,126,0,40.56335249,-74.91284156,34019.0,894.9031526642062,11.320754716981131,987,1102,126,0,976,1102,124714,11,0,0,11,0
2020-07-24,US,New Jersey,Mercer,7879,611,0,40.28047017,-74.70479631,34021.0,2144.354026617315,7.7547912171595375,7268,7869,608,0,7261,7858,369811,10,3,0,7,11
2020-07-24,US,New Jersey,Middlesex,17476,1398,0,40.43629879,-74.41426991,34023.0,2118.1438485835006,7.999542229343098,16078,17442,1396,0,16046,17379,829685,34,2,0,32,63
2020-07-24,US,New Jersey,Monmouth,9791,854,0,40.26549699,-74.22240686,34025.0,1582.26876429189,8.722295986109692,8937,9748,851,0,8897,9720,621354,43,3,0,40,28
2020-07-24,US,New Jersey,Morris,7035,827,0,40.86095313,-74.54553709999998,34027.0,1430.3286604519715,11.755508173418619,6208,7016,827,0,6189,7010,494228,19,0,0,19,6
2020-07-24,US,New Jersey,Ocean,10116,1014,0,39.8895449,-74.28089251,34029.0,1666.0463185910087,10.023724792408068,9102,10074,1012,0,9062,10054,601651,42,2,0,40,20
2020-07-24,US,New Jersey,Passaic,17237,1241,0,41.03238628,-74.29954144,34031.0,3434.8559062304466,7.199628705691246,15996,17214,1238,0,15976,17196,503310,23,3,0,20,18
2020-07-24,US,New Jersey,Salem,849,81,0,39.58719656,-75.34696629999998,34033.0,1360.904063476797,9.540636042402827,768,843,81,0,762,841,62607,6,0,0,6,2
2020-07-24,US,New Jersey,Somerset,5106,553,0,40.56465737,-74.61683016,34035.0,1552.287084947132,10.830395613004308,4553,5094,550,0,4544,5082,331164,12,3,0,9,12
2020-07-24,US,New Jersey,Sussex,1264,195,0,41.13891592,-74.69118243,34037.0,899.7209726097603,15.427215189873413,1069,1259,195,0,1064,1256,140799,5,0,0,5,3
2020-07-24,US,New Jersey,Unassigned,675,0,0,0.0,0.0,90034.0,0.0,0.0,675,671,0,0,671,682,,4,0,0,4,-11
2020-07-24,US,New Jersey,Union,16321,1345,0,40.65835409,-74.30680092,34039.0,2933.6324304698023,8.240916610501808,14976,16297,1343,0,14954,16351,558067,24,2,0,22,-54
2020-07-24,US,New Jersey,Warren,1302,169,0,40.85951833,-74.99556527,34041.0,1236.8548547977996,12.980030721966205,1133,1296,169,0,1127,1295,105779,6,0,0,6,1
2020-07-24,US,New Mexico,Bernalillo,4227,108,0,35.05163625,-106.6703554,35001.0,622.4222193099611,2.55500354861604,4119,4131,106,0,4025,4005,678701,96,2,0,94,126
2020-07-24,US,New Mexico,Catron,4,1,0,33.91514144,-108.4046587,35003.0,113.41083073433514,25.0,3,4,1,0,3,4,3578,0,0,0,0,0
2020-07-24,US,New Mexico,Chaves,252,4,0,33.36406072,-104.4665365,35005.0,390.00232144238953,1.5873015873015872,248,235,4,0,231,229,64689,17,0,0,17,6
2020-07-24,US,New Mexico,Cibola,287,17,0,34.91131525,-107.998876,35006.0,1075.9137769447048,5.923344947735193,270,283,17,0,266,278,26746,4,0,0,4,5
2020-07-24,US,New Mexico,Colfax,11,1,0,36.60569702,-104.64726740000002,35007.0,92.11958797420652,9.090909090909092,10,11,1,0,10,11,12110,0,0,0,0,0
2020-07-24,US,New Mexico,Curry,345,2,0,34.57421077,-103.34688759999999,35009.0,704.7432283368057,0.5797101449275363,343,335,1,0,334,328,49437,10,1,0,9,7
2020-07-24,US,New Mexico,Dona Ana,1906,16,0,32.35275771,-106.83293870000001,35013.0,873.5305575288161,0.8394543546694648,1890,1864,15,0,1849,1838,217522,42,1,0,41,26
2020-07-24,US,New Mexico,Eddy,213,2,0,32.47167456,-104.3053527,35015.0,364.35169346561753,0.9389671361502347,211,207,2,0,205,202,57900,6,0,0,6,5
2020-07-24,US,New Mexico,Grant,64,1,0,32.73911281,-108.3827845,35017.0,237.05459663678792,1.5625,63,63,1,0,62,59,27346,1,0,0,1,4
2020-07-24,US,New Mexico,Guadalupe,27,0,0,34.86319296,-104.790669,35019.0,627.9069767441861,0.0,27,27,0,0,27,26,4341,0,0,0,0,1
2020-07-24,US,New Mexico,Harding,1,0,0,35.85751555,-103.82209379999999,35021.0,160.0,0.0,1,1,0,0,1,1,655,0,0,0,0,0
2020-07-24,US,New Mexico,Hidalgo,85,0,0,31.91383467,-108.7151824,35023.0,2024.7737017627442,0.0,85,84,0,0,84,81,4240,1,0,0,1,3
2020-07-24,US,New Mexico,Lea,479,2,0,32.79215361,-103.4123733,35025.0,673.983396651189,0.4175365344467641,477,465,2,0,463,431,69611,14,0,0,14,34
2020-07-24,US,New Mexico,Lincoln,64,1,0,33.74526079,-105.4586166,35027.0,326.99775189045573,1.5625,63,47,1,0,46,44,19556,17,0,0,17,3
2020-07-24,US,New Mexico,Los Alamos,16,0,0,35.86631386,-106.31349850000001,35028.0,82.60622644431824,0.0,16,16,0,0,16,16,19101,0,0,0,0,0
2020-07-24,US,New Mexico,Luna,183,3,0,32.18179341,-107.75088259999998,35029.0,771.8587878021002,1.639344262295082,180,175,3,0,172,168,23963,8,0,0,8,7
2020-07-24,US,New Mexico,McKinley,3868,209,0,35.58007720000001,-108.262245,35031.0,5419.871929603318,5.403309203722854,3659,3844,209,0,3635,3818,72290,24,0,0,24,26
2020-07-24,US,New Mexico,Mora,6,0,0,36.01095101,-104.9497716,35033.0,132.71400132713998,0.0,6,6,0,0,6,6,4506,0,0,0,0,0
2020-07-24,US,New Mexico,Otero,137,10,0,32.61348406,-105.7417604,35035.0,202.9930360053341,7.299270072992702,127,127,10,0,117,120,66781,10,0,0,10,7
2020-07-24,US,New Mexico,Quay,28,1,0,35.10403332,-103.54817270000001,35037.0,339.2705682782019,3.571428571428572,27,28,1,0,27,28,8253,0,0,0,0,0
2020-07-24,US,New Mexico,Rio Arriba,267,1,0,36.51072137,-106.69316740000001,35039.0,686.0049844556924,0.3745318352059925,266,261,1,0,260,256,39006,6,0,0,6,5
2020-07-24,US,New Mexico,Roosevelt,104,1,0,34.02097406,-103.4799493,35041.0,562.1621621621622,0.9615384615384616,103,101,1,0,100,95,18743,3,0,0,3,6
2020-07-24,US,New Mexico,San Juan,2901,177,0,36.50838318,-108.32043700000001,35045.0,2340.308814275803,6.1013443640124105,2724,2890,176,0,2714,2869,125043,11,1,0,10,21
2020-07-24,US,New Mexico,San Miguel,36,0,0,35.48014807,-104.8163562,35047.0,131.97932323935916,0.0,36,35,0,0,35,36,27591,1,0,0,1,-1
2020-07-24,US,New Mexico,Sandoval,983,32,0,35.68862401,-106.86878030000001,35043.0,669.8558072341701,3.2553407934893186,951,972,32,0,940,957,145179,11,0,0,11,15
2020-07-24,US,New Mexico,Santa Fe,474,3,0,35.50708973,-105.9774716,35049.0,315.2476090397585,0.6329113924050633,471,462,3,0,459,456,150056,12,0,0,12,6
2020-07-24,US,New Mexico,Sierra,22,0,0,33.13028233,-107.1925893,35051.0,203.8735983690112,0.0,22,22,0,0,22,21,10968,0,0,0,0,1
2020-07-24,US,New Mexico,Socorro,68,5,0,34.00715494,-106.9298354,35053.0,408.72753501232194,7.352941176470589,63,68,5,0,63,67,16735,0,0,0,0,1
2020-07-24,US,New Mexico,Taos,82,1,0,36.58006022,-105.63101979999999,35055.0,250.58827124652385,1.2195121951219512,81,81,1,0,80,74,32835,1,0,0,1,7
2020-07-24,US,New Mexico,Torrance,52,1,0,34.64048375,-105.8508949,35057.0,336.33012094948583,1.9230769230769231,51,52,1,0,51,51,15591,0,0,0,0,1
2020-07-24,US,New Mexico,Unassigned,967,0,0,0.0,0.0,90035.0,0.0,0.0,967,964,0,0,964,961,,3,0,0,3,3
2020-07-24,US,New Mexico,Union,21,0,0,36.48126404,-103.4709624,35059.0,517.3688100517369,0.0,21,17,0,0,17,14,4118,4,0,0,4,3
2020-07-24,US,New Mexico,Valencia,295,2,0,34.71669834,-106.8103733,35061.0,384.67556853745043,0.6779661016949152,293,285,2,0,283,278,76456,10,0,0,10,7
2020-07-24,US,New York,Albany,2426,122,0,42.60060306,-73.97723916,36001.0,794.0924237167192,5.028854080791426,2304,2401,122,0,2279,2369,307117,25,0,0,25,32
2020-07-24,US,New York,Allegany,74,1,0,42.25748406,-78.02750466,36003.0,160.55195157406,1.351351351351351,73,72,1,0,71,72,46430,2,0,0,2,0
2020-07-24,US,New York,Broome,954,62,0,42.15903158,-75.81326086,36007.0,500.81894922514806,6.49895178197065,892,934,62,0,872,930,191659,20,0,0,20,4
2020-07-24,US,New York,Cattaraugus,150,6,0,42.24778241,-78.67923096,36009.0,197.0650446023884,4.0,144,148,6,0,142,147,76840,2,0,0,2,1
2020-07-24,US,New York,Cayuga,137,2,0,42.91261714,-76.55731592,36011.0,178.90722941913913,1.45985401459854,135,135,2,0,133,134,77145,2,0,0,2,1
2020-07-24,US,New York,Chautauqua,212,7,0,42.22769210000001,-79.36691763,36013.0,167.0567283673357,3.30188679245283,205,212,7,0,205,210,127939,0,0,0,0,2
2020-07-24,US,New York,Chemung,158,2,0,42.13891056,-76.7638805,36015.0,189.3213190184049,1.2658227848101269,156,157,2,0,155,156,84254,1,0,0,1,1
2020-07-24,US,New York,Chenango,196,6,0,42.49430041,-75.60887553,36017.0,415.1926621051963,3.0612244897959178,190,194,6,0,188,191,47536,2,0,0,2,3
2020-07-24,US,New York,Clinton,117,4,0,44.74530905,-73.67875352,36019.0,145.3687022426539,3.418803418803418,113,114,4,0,110,114,80695,3,0,0,3,0
2020-07-24,US,New York,Columbia,498,37,0,42.24819348,-73.63089095,36021.0,837.523755066346,7.429718875502008,461,497,37,0,460,497,59916,1,0,0,1,0
2020-07-24,US,New York,Cortland,82,0,0,42.59509207,-76.07048931,36023.0,172.33769782055862,0.0,82,80,0,0,80,77,47823,2,0,0,2,3
2020-07-24,US,New York,Delaware,97,4,0,42.19837623,-74.96709306,36025.0,219.78021978021977,4.123711340206185,93,95,4,0,91,93,44527,2,0,0,2,2
2020-07-24,US,New York,Dutchess,4408,153,0,41.76486060000001,-73.74356679,36027.0,1498.2088111536345,3.470961887477314,4255,4400,153,0,4247,4387,293718,8,0,0,8,13
2020-07-24,US,New York,Erie,8234,663,0,42.76249024,-78.73063652,36029.0,896.2645123228208,8.051979596793784,7571,8187,663,0,7524,8135,919719,47,0,0,47,52
2020-07-24,US,New York,Essex,54,0,0,44.11630765,-73.77297842,36031.0,146.40097600650668,0.0,54,54,0,0,54,54,37300,0,0,0,0,0
2020-07-24,US,New York,Franklin,42,0,0,44.59040891,-74.29926032,36033.0,83.96305625524771,0.0,42,42,0,0,42,42,50293,0,0,0,0,0
2020-07-24,US,New York,Fulton,268,24,0,43.11363907,-74.41798804,36035.0,502.0324822509039,8.955223880597012,244,268,24,0,244,267,53591,0,0,0,0,1
2020-07-24,US,New York,Genesee,261,5,0,43.0022601,-78.19135193,36037.0,455.65642458100564,1.9157088122605364,256,260,5,0,255,258,57511,1,0,0,1,2
2020-07-24,US,New York,Greene,278,18,0,42.275797,-74.12384884,36039.0,589.1328303806052,6.474820143884893,260,273,18,0,255,272,47491,5,0,0,5,1
2020-07-24,US,New York,Hamilton,7,0,0,43.66146647,-74.49721957,36041.0,158.5144927536232,0.0,7,6,0,0,6,6,4434,1,0,0,1,0
2020-07-24,US,New York,Herkimer,223,4,0,43.42034246,-74.96145307,36043.0,363.67194507412063,1.7937219730941705,219,213,4,0,209,211,61833,10,0,0,10,2
2020-07-24,US,New York,Jefferson,123,0,0,44.04200959,-75.94653457,36045.0,111.98718065444216,0.0,123,120,0,0,120,113,111755,3,0,0,3,7
2020-07-24,US,New York,Lewis,34,0,0,43.784415700000004,-75.44903992,36049.0,129.29723151810163,0.0,34,34,0,0,34,33,26447,0,0,0,0,1
2020-07-24,US,New York,Livingston,161,8,0,42.72596275,-77.77966158,36051.0,255.90488603490482,4.9689440993788825,153,161,8,0,153,161,63227,0,0,0,0,0
2020-07-24,US,New York,Madison,390,17,0,42.91653905,-75.67266639,36053.0,549.7526113249038,4.3589743589743595,373,388,17,0,371,388,70795,2,0,0,2,0
2020-07-24,US,New York,Monroe,4537,277,0,43.14638895,-77.69322942,36055.0,611.6451191070007,6.1053559620894875,4260,4511,277,0,4234,4492,742474,26,0,0,26,19
2020-07-24,US,New York,Montgomery,146,4,0,42.90123494,-74.44011632,36057.0,296.62136080128397,2.7397260273972597,142,145,4,0,141,144,49455,1,0,0,1,1
2020-07-24,US,New York,Nassau,42860,2193,0,40.74066522,-73.58941873,36059.0,3158.614631327915,5.116658889407373,40667,42816,2193,0,40623,42765,1358343,44,0,0,44,51
2020-07-24,US,New York,New York City,223192,23465,0,40.76727260000001,-73.97152637,36061.0,2677.1848296538114,10.513369654826338,199727,222832,23463,0,199369,222444,1628701,360,2,0,358,388
2020-07-24,US,New York,Niagara,1408,96,0,43.19898042,-78.74777412,36063.0,672.7796598831236,6.8181818181818175,1312,1405,96,0,1309,1395,210433,3,0,0,3,10
2020-07-24,US,New York,Oneida,1990,111,0,43.24375382,-75.43710392,36065.0,870.2458991301912,5.577889447236181,1879,1980,111,0,1869,1975,229577,10,0,0,10,5
2020-07-24,US,New York,Onondaga,3360,194,0,43.00491923,-76.19971155,36067.0,729.5973317583296,5.773809523809524,3166,3344,194,0,3150,3326,461809,16,0,0,16,18
2020-07-24,US,New York,Ontario,337,34,0,42.85145728,-77.30874425,36069.0,306.98598066990354,10.08902077151335,303,334,34,0,300,333,109864,3,0,0,3,1
2020-07-24,US,New York,Orange,10976,489,0,41.40337468,-74.30240757,36071.0,2851.3534576817165,4.455174927113703,10487,10968,489,0,10479,10960,381951,8,0,0,8,8
2020-07-24,US,New York,Orleans,289,54,0,43.2516977,-78.2320066,36073.0,716.1974623314827,18.68512110726644,235,288,54,0,234,288,40612,1,0,0,1,0
2020-07-24,US,New York,Oswego,234,3,0,43.42778894,-76.14635194,36075.0,199.78825859772547,1.2820512820512822,231,234,3,0,231,232,117898,0,0,0,0,2
2020-07-24,US,New York,Otsego,102,5,0,42.63492579,-75.03151402,36077.0,171.44874186879127,4.901960784313727,97,102,5,0,97,101,59749,0,0,0,0,1
2020-07-24,US,New York,Putnam,1399,63,0,41.42630093,-73.74965532,36079.0,1422.9048006509354,4.503216583273766,1336,1397,63,0,1334,1394,98892,2,0,0,2,3
2020-07-24,US,New York,Rensselaer,676,30,0,42.71348136,-73.51089874,36083.0,425.923358997946,4.437869822485207,646,669,30,0,639,668,159442,7,0,0,7,1
2020-07-24,US,New York,Rockland,13830,673,0,41.15027894,-74.02560498,36087.0,4245.078870066209,4.8662328271872735,13157,13820,673,0,13147,13812,325695,10,0,0,10,8
2020-07-24,US,New York,Saratoga,665,17,0,43.10904162,-73.86653895,36091.0,289.3027585996876,2.556390977443609,648,663,17,0,646,650,230163,2,0,0,2,13
2020-07-24,US,New York,Schenectady,955,37,0,42.81668777,-74.05278291,36093.0,614.9427877835659,3.87434554973822,918,946,37,0,909,936,155350,9,0,0,9,10
2020-07-24,US,New York,Schoharie,67,0,0,42.58831742,-74.44339029999998,36095.0,216.1360043872383,0.0,67,66,0,0,66,64,31097,1,0,0,1,2
2020-07-24,US,New York,Schuyler,20,0,0,42.39184015,-76.8773299,36097.0,112.31538159150897,0.0,20,20,0,0,20,20,17912,0,0,0,0,0
2020-07-24,US,New York,Seneca,83,0,0,42.78081007,-76.82497064,36099.0,244.00282220131703,0.0,83,80,0,0,80,80,34300,3,0,0,3,0
2020-07-24,US,New York,St. Lawrence,254,2,0,44.4976179,-75.06550039,36089.0,235.75273807313903,0.7874015748031497,252,253,2,0,251,250,108047,1,0,0,1,3
2020-07-24,US,New York,Steuben,285,42,0,42.2689144,-77.3829924,36101.0,298.8079136916932,14.73684210526316,243,284,42,0,242,283,95796,1,0,0,1,1
2020-07-24,US,New York,Suffolk,42773,1995,0,40.88320119,-72.8012172,36103.0,2896.7202378977117,4.6641572954901465,40778,42715,1995,0,40720,42621,1481093,58,0,0,58,94
2020-07-24,US,New York,Sullivan,1475,48,0,41.71579493,-74.76394559,36105.0,1955.4035422632305,3.254237288135593,1427,1475,48,0,1427,1473,75498,0,0,0,0,2
2020-07-24,US,New York,Tioga,176,24,0,42.16852837,-76.30835812,36107.0,365.12250274879165,13.636363636363635,152,175,24,0,151,175,48560,1,0,0,1,0
2020-07-24,US,New York,Tompkins,221,0,0,42.44945765,-76.47229843,36109.0,216.2849872773537,0.0,221,213,0,0,213,209,102793,8,0,0,8,4
2020-07-24,US,New York,Ulster,1912,90,0,41.89027881,-74.26252104,36111.0,1076.740270198735,4.707112970711297,1822,1911,90,0,1821,1909,178599,1,0,0,1,2
2020-07-24,US,New York,Warren,292,33,0,43.56173026,-73.8433699,36113.0,456.6495683723258,11.301369863013699,259,290,33,0,257,288,64265,2,0,0,2,2
2020-07-24,US,New York,Washington,252,14,0,43.31153794,-73.43043448,36115.0,411.737794915365,5.5555555555555545,238,252,14,0,238,251,61197,0,0,0,0,1
2020-07-24,US,New York,Wayne,239,3,0,43.15494365,-77.02976528,36117.0,265.7977268177673,1.2552301255230125,236,238,3,0,235,236,90064,1,0,0,1,2
2020-07-24,US,New York,Westchester,35700,1443,0,41.16278376,-73.75741653,36119.0,3689.8995975218763,4.042016806722689,34257,35667,1443,0,34224,35636,967612,33,0,0,33,31
2020-07-24,US,New York,Wyoming,110,5,0,42.70145109,-78.22199579,36121.0,275.97280413457435,4.545454545454546,105,108,5,0,103,108,40085,2,0,0,2,0
2020-07-24,US,New York,Yates,51,7,0,42.63505484,-77.10369919,36123.0,204.71239914903862,13.725490196078429,44,51,7,0,44,51,24841,0,0,0,0,0
2020-07-24,US,North Carolina,Alamance,1915,40,0,36.0434701,-79.39976137,37001.0,1129.7335244736266,2.0887728459530033,1875,1842,40,0,1802,1809,166436,73,0,0,73,33
2020-07-24,US,North Carolina,Alexander,240,2,0,35.922379600000006,-81.17751948,37003.0,640.0512040963278,0.8333333333333334,238,235,2,0,233,225,37353,5,0,0,5,10
2020-07-24,US,North Carolina,Alleghany,56,0,0,36.49360862,-81.12857041,37005.0,502.828409805154,0.0,56,55,0,0,55,54,11161,1,0,0,1,1
2020-07-24,US,North Carolina,Anson,271,2,0,34.97403241,-80.09953279,37007.0,1108.5658185388202,0.7380073800738007,269,271,2,0,269,267,24877,0,0,0,0,4
2020-07-24,US,North Carolina,Ashe,86,1,0,36.43296207,-81.49862729,37009.0,316.14160202918794,1.162790697674419,85,82,1,0,81,79,27109,4,0,0,4,3
2020-07-24,US,North Carolina,Avery,66,0,0,36.07569796,-81.92308483,37011.0,375.9184370906192,0.0,66,65,0,0,65,65,17505,1,0,0,1,0
2020-07-24,US,North Carolina,Beaufort,249,1,0,35.48531943,-76.84325809,37013.0,529.8548750904371,0.4016064257028112,248,224,1,0,223,218,47079,25,0,0,25,6
2020-07-24,US,North Carolina,Bertie,194,4,0,36.0688473,-76.96545943,37015.0,1023.9087982266319,2.061855670103093,190,191,4,0,187,190,19026,3,0,0,3,1
2020-07-24,US,North Carolina,Bladen,514,5,0,34.61296243,-78.56180059,37017.0,1570.8086302793229,0.9727626459143968,509,509,5,0,504,509,33190,5,0,0,5,0
2020-07-24,US,North Carolina,Brunswick,1034,12,0,34.070565,-78.22814204,37019.0,723.9882369416048,1.1605415860735009,1022,1021,12,0,1009,992,136744,13,0,0,13,29
2020-07-24,US,North Carolina,Buncombe,1344,43,0,35.61113393,-82.53305,37021.0,514.56596896524,3.199404761904762,1301,1292,42,0,1250,1248,259103,52,1,0,51,44
2020-07-24,US,North Carolina,Burke,1442,25,0,35.74989637,-81.70755735,37023.0,1593.634304028292,1.7337031900138695,1417,1419,25,0,1394,1360,90382,23,0,0,23,59
2020-07-24,US,North Carolina,Cabarrus,2094,37,0,35.3877799,-80.55267168,37025.0,967.4155590359107,1.7669531996179562,2057,2050,37,0,2013,2028,211342,44,0,0,44,22
2020-07-24,US,North Carolina,Caldwell,901,10,0,35.95204977,-81.54799522,37027.0,1096.4004964832436,1.109877913429523,891,869,10,0,859,835,82029,32,0,0,32,34
2020-07-24,US,North Carolina,Camden,50,2,0,36.33804939,-76.15568396,37029.0,460.1085856262078,4.0,48,50,2,0,48,48,10710,0,0,0,0,2
2020-07-24,US,North Carolina,Carteret,230,5,0,34.8932941,-76.54120135,37031.0,331.06386653807965,2.1739130434782608,225,189,5,0,184,188,69524,41,0,0,41,1
2020-07-24,US,North Carolina,Caswell,171,2,0,36.39312665,-79.33353281,37033.0,756.5032737568573,1.1695906432748535,169,170,2,0,168,168,22698,1,0,0,1,2
2020-07-24,US,North Carolina,Catawba,1685,20,0,35.66211129,-81.2132617,37035.0,1056.0886487706123,1.1869436201780414,1665,1624,20,0,1604,1574,158652,61,0,0,61,50
2020-07-24,US,North Carolina,Chatham,1144,47,0,35.70394416,-79.25541492,37037.0,1536.1890694239291,4.108391608391608,1097,1128,47,0,1081,1124,73139,16,0,0,16,4
2020-07-24,US,North Carolina,Cherokee,189,3,0,35.1349263,-84.05970864,37039.0,660.5620019572208,1.5873015873015872,186,178,2,0,176,155,28383,11,1,0,10,23
2020-07-24,US,North Carolina,Chowan,76,0,0,36.12908077,-76.60118385,37041.0,545.0763824141146,0.0,76,72,0,0,72,72,14029,4,0,0,4,0
2020-07-24,US,North Carolina,Clay,57,0,0,35.05704275,-83.74353633,37043.0,507.5238180037397,0.0,57,44,0,0,44,41,11139,13,0,0,13,3
2020-07-24,US,North Carolina,Cleveland,788,13,0,35.33553364,-81.55204486,37045.0,804.5167284347658,1.6497461928934007,775,753,13,0,740,735,97645,35,0,0,35,18
2020-07-24,US,North Carolina,Columbus,732,41,0,34.26744084,-78.65801424,37047.0,1318.7288318800893,5.601092896174864,691,725,40,0,685,714,55655,7,1,0,6,11
2020-07-24,US,North Carolina,Craven,581,8,0,35.11833364,-77.08398081,37049.0,568.8326692056902,1.3769363166953528,573,555,8,0,547,529,102912,26,0,0,26,26
2020-07-24,US,North Carolina,Cumberland,2257,49,0,35.04762133,-78.82623165,37051.0,672.7092268761793,2.1710234824988923,2208,2142,48,0,2094,2106,332330,115,1,0,114,36
2020-07-24,US,North Carolina,Currituck,58,0,0,36.36123664,-75.95876401,37053.0,208.91114072686668,0.0,58,57,0,0,57,56,27072,1,0,0,1,1
2020-07-24,US,North Carolina,Dare,176,1,0,35.66520691,-75.71767334,37055.0,475.55999891918185,0.5681818181818182,175,163,1,0,162,163,36501,13,0,0,13,0
2020-07-24,US,North Carolina,Davidson,1496,16,0,35.79115496,-80.21256572,37057.0,892.5535024968826,1.0695187165775402,1480,1477,16,0,1461,1457,166614,19,0,0,19,20
2020-07-24,US,North Carolina,Davie,309,4,0,35.93099927,-80.54496571,37059.0,721.1875087522757,1.2944983818770226,305,294,4,0,290,294,42733,15,0,0,15,0
2020-07-24,US,North Carolina,Duplin,1859,40,0,34.93449805,-77.93140529,37061.0,3164.7401304029554,2.1516944593867677,1819,1820,40,0,1780,1807,58856,39,0,0,39,13
2020-07-24,US,North Carolina,Durham,5370,76,0,36.03638492,-78.87608331,37063.0,1670.3578360623105,1.415270018621974,5294,5269,74,0,5195,5220,316739,101,2,0,99,49
2020-07-24,US,North Carolina,Edgecombe,489,10,0,35.91230639,-77.59436892,37065.0,950.0310848616724,2.044989775051125,479,477,10,0,467,473,52005,12,0,0,12,4
2020-07-24,US,North Carolina,Forsyth,4470,41,0,36.12859861,-80.25459052,37067.0,1169.254110045907,0.9172259507829976,4429,4402,41,0,4361,4343,379099,68,0,0,68,59
2020-07-24,US,North Carolina,Franklin,667,24,0,36.081519,-78.28708884,37069.0,957.1643825787472,3.5982008995502253,643,648,23,0,625,641,67560,19,1,0,18,7
2020-07-24,US,North Carolina,Gaston,2569,22,0,35.29373559,-81.17477045,37071.0,1144.1729130758165,0.8563643441027637,2547,2500,22,0,2478,2432,222846,69,0,0,69,68
2020-07-24,US,North Carolina,Gates,35,2,0,36.44667547,-76.69749701,37073.0,302.71579311537795,5.7142857142857135,33,35,2,0,33,34,11573,0,0,0,0,1
2020-07-24,US,North Carolina,Graham,15,0,0,35.3506925,-83.83369267,37075.0,177.70406349958537,0.0,15,17,0,0,17,15,8484,-2,0,0,-2,2
2020-07-24,US,North Carolina,Granville,1075,25,0,36.30337451,-78.65184241,37077.0,1778.5351488178949,2.3255813953488373,1050,1059,25,0,1034,1055,60115,16,0,0,16,4
2020-07-24,US,North Carolina,Greene,270,3,0,35.48544173,-77.67578087,37079.0,1281.5036309269542,1.1111111111111112,267,269,3,0,266,264,21012,1,0,0,1,5
2020-07-24,US,North Carolina,Guilford,4599,135,0,36.07959451,-79.78824948,37081.0,856.1471701906645,2.9354207436399222,4464,4486,134,0,4352,4412,533670,113,1,0,112,74
2020-07-24,US,North Carolina,Halifax,520,6,0,36.25669272,-77.6556109,37083.0,1039.7920415916817,1.1538461538461535,514,510,5,0,505,499,50574,10,1,0,9,11
2020-07-24,US,North Carolina,Harnett,974,35,0,35.36731853,-78.87243571,37085.0,716.3028769782902,3.593429158110883,939,953,34,0,919,932,134214,21,1,0,20,21
2020-07-24,US,North Carolina,Haywood,209,0,0,35.55269063,-82.98196486,37087.0,335.3819984915834,0.0,209,200,0,0,200,192,61971,9,0,0,9,8
2020-07-24,US,North Carolina,Henderson,1234,52,0,35.33788927,-82.4766782,37089.0,1050.9551427817096,4.2139384116693686,1182,1210,52,0,1158,1191,116748,24,0,0,24,19
2020-07-24,US,North Carolina,Hertford,223,11,0,36.3607755,-76.98104134,37091.0,941.8422942095704,4.932735426008969,212,219,11,0,208,219,23659,4,0,0,4,0
2020-07-24,US,North Carolina,Hoke,589,7,0,35.01888303,-79.23651674,37093.0,1066.3721620740848,1.1884550084889642,582,582,7,0,575,577,54764,7,0,0,7,5
2020-07-24,US,North Carolina,Hyde,35,0,0,35.42017674,-76.15180542,37095.0,708.9325501316589,0.0,35,35,0,0,35,35,5230,0,0,0,0,0
2020-07-24,US,North Carolina,Iredell,1504,18,0,35.80950511,-80.8743128,37097.0,827.2554261135498,1.1968085106382977,1486,1436,15,0,1421,1399,178435,68,3,0,65,37
2020-07-24,US,North Carolina,Jackson,328,3,0,35.28814273,-83.14093385,37099.0,746.506440893987,0.9146341463414634,325,317,3,0,314,308,43327,11,0,0,11,9
2020-07-24,US,North Carolina,Johnston,2559,41,0,35.51745004,-78.36622717,37101.0,1222.4191383354273,1.602188354826104,2518,2522,41,0,2481,2490,202675,37,0,0,37,32
2020-07-24,US,North Carolina,Jones,46,3,0,35.02254606,-77.35870791,37103.0,488.37456205541986,6.521739130434782,43,44,3,0,41,44,9637,2,0,0,2,0
2020-07-24,US,North Carolina,Lee,1044,9,0,35.47623147,-79.17569362,37105.0,1689.8946243869275,0.8620689655172413,1035,1037,9,0,1028,1037,61452,7,0,0,7,0
2020-07-24,US,North Carolina,Lenoir,472,11,0,35.24032589999999,-77.64245615,37107.0,843.6254446013334,2.3305084745762707,461,468,11,0,457,462,55976,4,0,0,4,6
2020-07-24,US,North Carolina,Lincoln,620,2,0,35.48508185,-81.21740317,37109.0,720.0009290334567,0.3225806451612903,618,611,2,0,609,589,83770,9,0,0,9,22
2020-07-24,US,North Carolina,Macon,424,2,0,35.14867843,-83.41696617,37113.0,1182.441853979586,0.4716981132075472,422,415,2,0,413,407,35285,9,0,0,9,8
2020-07-24,US,North Carolina,Madison,28,0,0,35.85402722,-82.71346418,37115.0,128.70604458745115,0.0,28,27,0,0,27,25,21763,1,0,0,1,2
2020-07-24,US,North Carolina,Martin,199,6,0,35.84326734,-77.10860251,37117.0,886.8092691622103,3.0150753768844223,193,196,6,0,190,192,22671,3,0,0,3,4
2020-07-24,US,North Carolina,McDowell,439,5,0,35.67736232,-82.0482425,37111.0,959.437013724976,1.1389521640091116,434,429,4,0,425,416,45507,10,1,0,9,13
2020-07-24,US,North Carolina,Mecklenburg,18703,187,0,35.24469268,-80.8317671,37119.0,1684.4147282493182,0.9998395979254664,18516,18403,181,0,18222,18079,1093901,300,6,0,294,324
2020-07-24,US,North Carolina,Mitchell,97,2,0,36.01059309,-82.1582442,37121.0,648.2224004276933,2.061855670103093,95,90,1,0,89,90,15000,7,1,0,6,0
2020-07-24,US,North Carolina,Montgomery,543,14,0,35.33155144,-79.90416657,37123.0,1998.307143120009,2.5782688766114177,529,514,13,0,501,514,27271,29,1,0,28,0
2020-07-24,US,North Carolina,Moore,771,18,0,35.30885257,-79.48474178,37125.0,764.274385408406,2.3346303501945527,753,755,18,0,737,755,98682,16,0,0,16,0
2020-07-24,US,North Carolina,Nash,815,10,0,35.96575634,-77.98422508,37127.0,864.2813209187892,1.2269938650306749,805,806,10,0,796,794,94016,9,0,0,9,12
2020-07-24,US,North Carolina,New Hanover,2073,15,0,34.25758282,-77.87075626,37129.0,884.1103240031903,0.723589001447178,2058,1991,14,0,1977,1950,232274,82,1,0,81,41
2020-07-24,US,North Carolina,Northampton,284,16,0,36.41736238,-77.39769443,37131.0,1457.6810552789611,5.633802816901407,268,279,16,0,263,272,19676,5,0,0,5,7
2020-07-24,US,North Carolina,Onslow,702,9,0,34.72607366,-77.42908179,37133.0,354.6565086037042,1.2820512820512822,693,702,9,0,693,628,197683,0,0,0,0,74
2020-07-24,US,North Carolina,Orange,1160,45,0,36.06092947,-79.12167935,37135.0,781.2710471726068,3.8793103448275854,1115,1137,45,0,1092,1127,146027,23,0,0,23,10
2020-07-24,US,North Carolina,Pamlico,51,1,0,35.15253315,-76.66559823,37137.0,400.7543611504008,1.96078431372549,50,50,1,0,49,47,12670,1,0,0,1,3
2020-07-24,US,North Carolina,Pasquotank,288,17,0,36.26723798,-76.25134778,37139.0,723.1820008035355,5.902777777777778,271,281,17,0,264,278,39639,7,0,0,7,3
2020-07-24,US,North Carolina,Pender,541,3,0,34.52265624,-77.90352133,37141.0,857.9130986362195,0.5545286506469501,538,538,3,0,535,518,62162,3,0,0,3,20
2020-07-24,US,North Carolina,Perquimans,51,2,0,36.17847453,-76.40603143,37143.0,378.8160142613089,3.92156862745098,49,50,2,0,48,50,13422,1,0,0,1,0
2020-07-24,US,North Carolina,Person,167,1,0,36.38989032,-78.97217358,37145.0,422.8918713598378,0.5988023952095808,166,159,1,0,158,157,39507,8,0,0,8,2
2020-07-24,US,North Carolina,Pitt,1376,10,0,35.59535426,-77.37353178,37147.0,761.3061712274956,0.7267441860465116,1366,1313,10,0,1303,1293,179914,63,0,0,63,20
2020-07-24,US,North Carolina,Polk,124,5,0,35.27820615,-82.16812354,37149.0,598.3400887859486,4.032258064516129,119,121,5,0,116,121,20611,3,0,0,3,0
2020-07-24,US,North Carolina,Randolph,1870,36,0,35.71015088,-79.80570339,37151.0,1301.6211099278191,1.925133689839572,1834,1829,36,0,1793,1810,143351,41,0,0,41,19
2020-07-24,US,North Carolina,Richmond,431,8,0,35.00417719,-79.74491009,37153.0,961.4312164000984,1.8561484918793505,423,418,8,0,410,418,44887,13,0,0,13,0
2020-07-24,US,North Carolina,Robeson,2118,50,0,34.64244496,-79.10250529999998,37155.0,1621.4354066985645,2.3607176581680833,2068,2071,50,0,2021,2015,131831,47,0,0,47,56
2020-07-24,US,North Carolina,Rockingham,415,5,0,36.39593137,-79.77504841,37157.0,455.9938468300187,1.2048192771084338,410,383,4,0,379,375,90690,32,1,0,31,8
2020-07-24,US,North Carolina,Rowan,1822,45,0,35.64003916,-80.52446628,37159.0,1282.303924328585,2.469813391877058,1777,1794,45,0,1749,1778,141262,28,0,0,28,16
2020-07-24,US,North Carolina,Rutherford,533,13,0,35.40114178,-81.92112099,37161.0,795.1782064479553,2.4390243902439024,520,529,13,0,516,524,66826,4,0,0,4,5
2020-07-24,US,North Carolina,Sampson,1364,8,0,34.98820368,-78.36914061,37163.0,2146.983362452976,0.5865102639296188,1356,1351,8,0,1343,1340,63626,13,0,0,13,11
2020-07-24,US,North Carolina,Scotland,220,2,0,34.8386299,-79.4757978,37165.0,631.7663613129254,0.9090909090909092,218,215,2,0,213,203,34810,5,0,0,5,12
2020-07-24,US,North Carolina,Stanly,768,9,0,35.31647813,-80.25093221,37167.0,1222.813107027991,1.171875,759,723,8,0,715,723,62075,45,1,0,44,0
2020-07-24,US,North Carolina,Stokes,213,2,0,36.4017975,-80.23893369,37169.0,467.19747318549713,0.9389671361502347,211,207,1,0,206,202,45467,6,1,0,5,5
2020-07-24,US,North Carolina,Surry,737,4,0,36.41689489,-80.69102283,37171.0,1026.7054873716618,0.5427408412483039,733,712,4,0,708,699,71948,25,0,0,25,13
2020-07-24,US,North Carolina,Swain,90,2,0,35.48665845,-83.48748932,37173.0,630.6495690561278,2.2222222222222223,88,86,2,0,84,86,14245,4,0,0,4,0
2020-07-24,US,North Carolina,Transylvania,105,1,0,35.20383864,-82.79638423,37175.0,305.365711792933,0.9523809523809524,104,101,1,0,100,98,34215,4,0,0,4,3
2020-07-24,US,North Carolina,Tyrrell,84,1,0,35.87147226,-76.17055253,37177.0,2091.633466135458,1.1904761904761905,83,83,1,0,82,80,4131,1,0,0,1,3
2020-07-24,US,North Carolina,Union,2416,35,0,34.98960527,-80.52955873,37179.0,1007.258430994876,1.4486754966887416,2381,2356,34,0,2322,2287,235908,60,1,0,59,69
2020-07-24,US,North Carolina,Vance,665,40,0,36.36880673,-78.40670845,37181.0,1493.2075895363198,6.015037593984963,625,650,40,0,610,650,44582,15,0,0,15,0
2020-07-24,US,North Carolina,Wake,9630,104,0,35.78879266,-78.65249174,37183.0,866.1933635016878,1.0799584631360333,9526,9377,99,0,9278,9252,1092305,253,5,0,248,125
2020-07-24,US,North Carolina,Warren,218,6,0,36.39728256,-78.10652228,37185.0,1104.8603720034464,2.7522935779816518,212,214,6,0,208,212,19807,4,0,0,4,2
2020-07-24,US,North Carolina,Washington,98,3,0,35.83810081,-76.57299037,37187.0,846.2867012089813,3.0612244897959178,95,95,3,0,92,89,11859,3,0,0,3,6
2020-07-24,US,North Carolina,Watauga,214,0,0,36.23103603,-81.70033724,37189.0,380.938818377628,0.0,214,203,0,0,203,203,55945,11,0,0,11,0
2020-07-24,US,North Carolina,Wayne,2217,36,0,35.36438125,-78.00027268,37191.0,1800.521395911671,1.6238159675236807,2181,2167,35,0,2132,2152,123248,50,1,0,49,15
2020-07-24,US,North Carolina,Wilkes,682,7,0,36.2084135,-81.16232895,37193.0,996.9011284569957,1.0263929618768328,675,676,7,0,669,672,68557,6,0,0,6,4
2020-07-24,US,North Carolina,Wilson,1267,29,0,35.70625477,-77.917978,37195.0,1548.8808205278665,2.2888713496448303,1238,1231,29,0,1202,1200,81455,36,0,0,36,31
2020-07-24,US,North Carolina,Yadkin,443,6,0,36.16222629,-80.66239436,37197.0,1176.095786762949,1.3544018058690743,437,434,6,0,428,430,37543,9,0,0,9,4
2020-07-24,US,North Carolina,Yancey,92,0,0,35.90079156,-82.31237181,37199.0,509.15933366539383,0.0,92,92,0,0,92,92,17903,0,0,0,0,0
2020-07-24,US,North Dakota,Barnes,28,0,0,46.93579637,-98.06605978,38003.0,268.84301488238117,0.0,28,27,0,0,27,28,10542,1,0,0,1,-1
2020-07-24,US,North Dakota,Benson,40,1,0,48.0683985,-99.35916363,38005.0,585.480093676815,2.5,39,38,1,0,37,32,6962,2,0,0,2,6
2020-07-24,US,North Dakota,Billings,1,0,0,47.02366884,-103.3762965,38007.0,107.75862068965515,0.0,1,1,0,0,1,1,919,0,0,0,0,0
2020-07-24,US,North Dakota,Bottineau,9,0,0,48.79106111,-100.8378166,38009.0,143.26647564469909,0.0,9,8,0,0,8,7,6411,1,0,0,1,1
2020-07-24,US,North Dakota,Bowman,5,0,0,46.11285362,-103.5203343,38011.0,165.34391534391534,0.0,5,5,0,0,5,3,3076,0,0,0,0,2
2020-07-24,US,North Dakota,Burke,11,0,0,48.79094471,-102.5182117,38013.0,520.0945626477542,0.0,11,11,0,0,11,11,2100,0,0,0,0,0
2020-07-24,US,North Dakota,Burleigh,696,3,0,46.97847375,-100.4645214,38015.0,727.8355259029971,0.4310344827586207,693,680,3,0,677,633,95273,16,0,0,16,47
2020-07-24,US,North Dakota,Cass,2762,75,0,46.93201724,-97.2444719,38017.0,1518.2247434354094,2.715423606082549,2687,2734,75,0,2659,2715,181516,28,0,0,28,19
2020-07-24,US,North Dakota,Cavalier,28,0,0,48.77286211,-98.46685243,38019.0,744.2849548112706,0.0,28,26,0,0,26,25,3829,2,0,0,2,1
2020-07-24,US,North Dakota,Dickey,8,0,0,46.11017712,-98.5049008,38021.0,164.20361247947451,0.0,8,8,0,0,8,8,4903,0,0,0,0,0
2020-07-24,US,North Dakota,Divide,1,0,0,48.814938700000006,-103.4873611,38023.0,44.16961130742049,0.0,1,1,0,0,1,1,2283,0,0,0,0,0
2020-07-24,US,North Dakota,Dunn,26,0,0,47.35423935,-102.6160468,38025.0,587.7034358047016,0.0,26,26,0,0,26,27,4332,0,0,0,0,-1
2020-07-24,US,North Dakota,Eddy,8,0,0,47.71701474,-98.90432337,38027.0,349.80323567992997,0.0,8,8,0,0,8,6,2313,0,0,0,0,2
2020-07-24,US,North Dakota,Emmons,11,1,0,46.28398398,-100.2389766,38029.0,339.40141931502615,9.090909090909092,10,10,1,0,9,10,3295,1,0,0,1,0
2020-07-24,US,North Dakota,Foster,7,0,0,47.4571084,-98.88279923,38031.0,218.06853582554518,0.0,7,3,0,0,3,3,3216,4,0,0,4,0
2020-07-24,US,North Dakota,Golden Valley,3,0,0,46.94022281,-103.8465421,38033.0,170.35775127768312,0.0,3,3,0,0,3,3,1769,0,0,0,0,0
2020-07-24,US,North Dakota,Grand Forks,569,4,0,47.92093639,-97.45450447,38035.0,819.2826597169228,0.70298769771529,565,560,4,0,556,555,70770,9,0,0,9,5
2020-07-24,US,North Dakota,Grant,4,0,0,46.35821257,-101.6390013,38037.0,175.9014951627089,0.0,4,4,0,0,4,4,2374,0,0,0,0,0
2020-07-24,US,North Dakota,Griggs,8,0,0,47.45785838,-98.23850925,38039.0,358.58359480053787,0.0,8,4,0,0,4,4,2232,4,0,0,4,0
2020-07-24,US,North Dakota,Hettinger,6,0,0,46.43375068,-102.4632417,38041.0,240.09603841536614,0.0,6,6,0,0,6,6,2514,0,0,0,0,0
2020-07-24,US,North Dakota,Kidder,7,0,0,46.97830064,-99.77507857,38043.0,282.258064516129,0.0,7,6,0,0,6,5,2450,1,0,0,1,1
2020-07-24,US,North Dakota,LaMoure,14,0,0,46.45681054,-98.53542355,38045.0,346.02076124567475,0.0,14,14,0,0,14,14,4062,0,0,0,0,0
2020-07-24,US,North Dakota,Logan,1,0,0,46.45729487,-99.47719806,38047.0,54.05405405405406,0.0,1,1,0,0,1,1,1903,0,0,0,0,0
2020-07-24,US,North Dakota,McHenry,12,1,0,48.23104458,-100.6324822,38049.0,208.87728459530032,8.333333333333334,11,12,1,0,11,11,5816,0,0,0,0,1
2020-07-24,US,North Dakota,McIntosh,11,1,0,46.11182017,-99.44145858,38051.0,440.5286343612335,9.090909090909092,10,11,0,0,11,11,2585,0,1,0,-1,0
2020-07-24,US,North Dakota,McKenzie,61,0,0,47.74133370000001,-103.395905,38053.0,406.0170394036209,0.0,61,61,0,0,61,58,13632,0,0,0,0,3
2020-07-24,US,North Dakota,McLean,20,0,0,47.60766714,-101.3182418,38055.0,211.64021164021165,0.0,20,17,0,0,17,16,9541,3,0,0,3,1
2020-07-24,US,North Dakota,Mercer,18,0,0,47.31213126,-101.8318399,38057.0,219.86075485525842,0.0,18,14,0,0,14,14,8267,4,0,0,4,0
2020-07-24,US,North Dakota,Morton,205,3,0,46.71681782,-101.2822377,38059.0,653.6156102537941,1.4634146341463414,202,198,3,0,195,187,31095,7,0,0,7,11
2020-07-24,US,North Dakota,Mountrail,100,1,0,48.20197971,-102.3555315,38061.0,948.316737790422,1.0,99,98,1,0,97,97,10218,2,0,0,2,1
2020-07-24,US,North Dakota,Nelson,4,0,0,47.9226426,-98.19038437,38063.0,138.9371309482459,0.0,4,3,0,0,3,3,2869,1,0,0,1,0
2020-07-24,US,North Dakota,Oliver,4,0,0,47.11530482,-101.3406158,38065.0,204.1858090862685,0.0,4,4,0,0,4,4,1952,0,0,0,0,0
2020-07-24,US,North Dakota,Pembina,22,0,0,48.76623521,-97.5523809,38067.0,323.4818409057492,0.0,22,21,0,0,21,21,6947,1,0,0,1,0
2020-07-24,US,North Dakota,Pierce,8,0,0,48.24977025,-99.96407787,38069.0,201.2578616352201,0.0,8,8,0,0,8,8,4081,0,0,0,0,0
2020-07-24,US,North Dakota,Ramsey,28,1,0,48.26886249,-98.72223879,38071.0,243.0766559597187,3.571428571428572,27,28,1,0,27,26,11481,0,0,0,0,2
2020-07-24,US,North Dakota,Ransom,25,0,0,46.45621782,-97.65742504,38073.0,479.11077041011885,0.0,25,25,0,0,25,24,5237,0,0,0,0,1
2020-07-24,US,North Dakota,Renville,9,0,0,48.71982533,-101.6603912,38075.0,386.7640739149119,0.0,9,8,0,0,8,8,2374,1,0,0,1,0
2020-07-24,US,North Dakota,Richland,66,0,0,46.26440649,-96.94852979,38077.0,407.9866477097113,0.0,66,58,0,0,58,57,16239,8,0,0,8,1
2020-07-24,US,North Dakota,Rolette,16,0,0,48.77245354,-99.84097493,38079.0,112.86681715575621,0.0,16,14,0,0,14,13,14301,2,0,0,2,1
2020-07-24,US,North Dakota,Sargent,9,0,0,46.10830372,-97.63217159,38081.0,230.8876346844536,0.0,9,8,0,0,8,9,3870,1,0,0,1,-1
2020-07-24,US,North Dakota,Sheridan,4,0,0,47.57700669,-100.3426391,38083.0,304.18250950570336,0.0,4,4,0,0,4,4,1349,0,0,0,0,0
2020-07-24,US,North Dakota,Sioux,48,0,0,46.11323337,-101.0440149,38085.0,1134.7517730496456,0.0,48,47,0,0,47,47,4358,1,0,0,1,0
2020-07-24,US,North Dakota,Slope,3,0,0,46.44737738,-103.4601547,38087.0,400.0,0.0,3,3,0,0,3,3,763,0,0,0,0,0
2020-07-24,US,North Dakota,Stark,132,3,0,46.80851182,-102.6576326,38089.0,419.19400425545433,2.272727272727273,129,126,3,0,123,124,30997,6,0,0,6,2
2020-07-24,US,North Dakota,Steele,7,0,0,47.45611548,-97.72728747,38091.0,370.3703703703704,0.0,7,6,0,0,6,6,1903,1,0,0,1,0
2020-07-24,US,North Dakota,Stutsman,90,2,0,46.97962541,-98.95637318,38093.0,434.6986089644513,2.2222222222222223,88,85,2,0,83,84,20917,5,0,0,5,1
2020-07-24,US,North Dakota,Towner,4,0,0,48.68565745,-99.24564265,38095.0,182.7318410232983,0.0,4,4,0,0,4,4,2192,0,0,0,0,0
2020-07-24,US,North Dakota,Traill,34,0,0,47.45367788,-97.16323288,38097.0,423.0960676953708,0.0,34,33,0,0,33,33,8037,1,0,0,1,0
2020-07-24,US,North Dakota,Walsh,87,0,0,48.36876964,-97.72574783,38099.0,817.5923315477869,0.0,87,86,0,0,86,85,10667,1,0,0,1,1
2020-07-24,US,North Dakota,Ward,132,1,0,48.22390169,-101.5436763,38101.0,195.1479132478822,0.7575757575757576,131,130,1,0,129,119,67744,2,0,0,2,11
2020-07-24,US,North Dakota,Wells,12,0,0,47.58614526,-99.65904998,38103.0,312.9890453834116,0.0,12,12,0,0,12,12,3957,0,0,0,0,0
2020-07-24,US,North Dakota,Williams,190,2,0,48.34522353,-103.4793387,38105.0,505.46702492750535,1.0526315789473684,188,185,1,0,184,177,35350,5,1,0,4,8
2020-07-24,US,Ohio,Adams,40,2,0,38.84541072,-83.4718964,39001.0,144.41475918838904,5.0,38,40,2,0,38,39,27724,0,0,0,0,1
2020-07-24,US,Ohio,Allen,512,41,0,40.77285242,-84.10802343,39003.0,500.23937235591245,8.0078125,471,501,41,0,460,486,102663,11,0,0,11,15
2020-07-24,US,Ohio,Ashland,110,4,0,40.84772277,-82.27280781,39005.0,205.6689851170444,3.636363636363636,106,107,4,0,103,103,53745,3,0,0,3,4
2020-07-24,US,Ohio,Ashtabula,503,44,0,41.70860332,-80.74830218,39007.0,517.2715212718915,8.747514910536777,459,497,44,0,453,489,97493,6,0,0,6,8
2020-07-24,US,Ohio,Athens,309,1,0,39.33425634,-82.04278644,39009.0,473.005036202489,0.32362459546925565,308,303,1,0,302,292,65818,6,0,0,6,11
2020-07-24,US,Ohio,Auglaize,157,5,0,40.55998859,-84.22421429999999,39011.0,343.8759418258278,3.1847133757961785,152,151,5,0,146,147,45804,6,0,0,6,4
2020-07-24,US,Ohio,Belmont,578,26,0,40.01625942,-80.9924051,39013.0,862.6093185684862,4.498269896193771,552,578,26,0,552,578,67505,0,0,0,0,0
2020-07-24,US,Ohio,Brown,77,1,0,38.93416837,-83.86788395,39015.0,177.28863510775466,1.2987012987012987,76,76,1,0,75,76,43602,1,0,0,1,0
2020-07-24,US,Ohio,Butler,2347,54,0,39.44012838,-84.57388716,39017.0,612.579410858864,2.3008095440988496,2293,2269,53,0,2216,2230,382378,78,1,0,77,39
2020-07-24,US,Ohio,Carroll,93,4,0,40.5789686,-81.09178213,39019.0,345.5450694805678,4.301075268817204,89,93,4,0,89,90,27081,0,0,0,0,3
2020-07-24,US,Ohio,Champaign,78,1,0,40.13923427,-83.76875242,39021.0,200.59148772020058,1.2820512820512822,77,77,1,0,76,77,38754,1,0,0,1,0
2020-07-24,US,Ohio,Clark,976,11,0,39.91592258,-83.78498252,39023.0,727.9073409753661,1.1270491803278688,965,964,11,0,953,951,134585,12,0,0,12,13
2020-07-24,US,Ohio,Clermont,705,9,0,39.04847534,-84.15375786,39025.0,341.5234367430775,1.2765957446808511,696,689,9,0,680,671,205466,16,0,0,16,18
2020-07-24,US,Ohio,Clinton,123,4,0,39.41485808,-83.80852286,39027.0,293.08044224170794,3.2520325203252027,119,120,4,0,116,119,42057,3,0,0,3,1
2020-07-24,US,Ohio,Columbiana,1486,60,0,40.76932373,-80.78094576,39029.0,1458.5357714240845,4.037685060565276,1426,1483,60,0,1423,1477,102665,3,0,0,3,6
2020-07-24,US,Ohio,Coshocton,170,5,0,40.30096166,-81.91729018,39031.0,464.48087431693983,2.9411764705882355,165,169,4,0,165,167,36629,1,1,0,0,2
2020-07-24,US,Ohio,Crawford,154,5,0,40.85065156,-82.91989099,39033.0,371.1379958548224,3.2467532467532467,149,153,5,0,148,153,41550,1,0,0,1,0
2020-07-24,US,Ohio,Cuyahoga,11404,450,0,41.424119,-81.65918339,39035.0,923.3469789615505,3.9459838653104176,10954,11206,435,0,10771,11015,1243857,198,15,0,183,191
2020-07-24,US,Ohio,Darke,273,26,0,40.13412966,-84.6194517,39037.0,534.1106959090641,9.523809523809524,247,272,26,0,246,271,51323,1,0,0,1,1
2020-07-24,US,Ohio,Defiance,102,4,0,41.32398837,-84.49076944,39039.0,267.80791346128603,3.92156862745098,98,96,4,0,92,88,38165,6,0,0,6,8
2020-07-24,US,Ohio,Delaware,1024,17,0,40.27942393,-83.00457058,39041.0,489.53756866194664,1.66015625,1007,991,16,0,975,977,204826,33,1,0,32,14
2020-07-24,US,Ohio,Erie,406,23,0,41.36796058,-82.62904521,39043.0,546.6835429402419,5.665024630541872,383,400,22,0,378,390,74615,6,1,0,5,10
2020-07-24,US,Ohio,Fairfield,1018,18,0,39.75107189,-82.63088163,39045.0,646.0456674324446,1.7681728880157166,1000,988,18,0,970,970,155782,30,0,0,30,18
2020-07-24,US,Ohio,Fayette,65,0,0,39.56021306,-83.4562016,39047.0,227.87028921998245,0.0,65,64,0,0,64,64,28666,1,0,0,1,0
2020-07-24,US,Ohio,Franklin,15301,487,0,39.96995815,-83.01115755,39049.0,1162.0224248076331,3.1827985099013136,14814,14993,484,0,14509,14736,1310300,308,3,0,305,257
2020-07-24,US,Ohio,Fulton,109,0,0,41.60213491,-84.12571393,39051.0,258.7475668233395,0.0,109,105,0,0,105,102,42276,4,0,0,4,3
2020-07-24,US,Ohio,Gallia,40,1,0,38.82708533,-82.31647569,39053.0,133.78821325841193,2.5,39,39,1,0,38,37,29979,1,0,0,1,2
2020-07-24,US,Ohio,Geauga,493,43,0,41.49952319,-81.17935342,39055.0,526.4338113594379,8.72210953346856,450,482,43,0,439,474,94031,11,0,0,11,8
2020-07-24,US,Ohio,Greene,526,11,0,39.69116283,-83.89032084,39057.0,311.3586721677312,2.091254752851711,515,507,10,0,497,503,167995,19,1,0,18,4
2020-07-24,US,Ohio,Guernsey,96,6,0,40.05026529,-81.49248905,39059.0,246.9453376205788,6.25,90,95,6,0,89,90,39022,1,0,0,1,5
2020-07-24,US,Ohio,Hamilton,8325,224,0,39.19673558,-84.54502924,39061.0,1018.3822584966107,2.690690690690691,8101,8203,224,0,7979,8071,816684,122,0,0,122,132
2020-07-24,US,Ohio,Hancock,190,2,0,41.00250487,-83.66838948,39063.0,250.7158597574653,1.0526315789473684,188,177,2,0,175,148,75930,13,0,0,13,29
2020-07-24,US,Ohio,Hardin,141,12,0,40.66015414,-83.65929931,39065.0,449.5456719273075,8.51063829787234,129,141,12,0,129,140,31480,0,0,0,0,1
2020-07-24,US,Ohio,Harrison,16,1,0,40.29380509,-81.09068544,39067.0,106.38297872340424,6.25,15,15,1,0,14,14,15174,1,0,0,1,1
2020-07-24,US,Ohio,Henry,86,0,0,41.3339642,-84.06830637,39069.0,318.4477523513293,0.0,86,85,0,0,85,78,27086,1,0,0,1,7
2020-07-24,US,Ohio,Highland,90,1,0,39.1839264,-83.60331456,39071.0,208.5215819837353,1.1111111111111112,89,87,1,0,86,83,43058,3,0,0,3,4
2020-07-24,US,Ohio,Hocking,101,9,0,39.49537927,-82.47991446,39073.0,357.3450325502406,8.910891089108912,92,98,9,0,89,98,28385,3,0,0,3,0
2020-07-24,US,Ohio,Holmes,306,5,0,40.56163713,-81.92635677,39075.0,696.0873521383078,1.6339869281045751,301,300,5,0,295,297,43892,6,0,0,6,3
2020-07-24,US,Ohio,Huron,320,3,0,41.14651175,-82.59867951,39077.0,549.2053684824771,0.9375,317,317,3,0,314,311,58504,3,0,0,3,6
2020-07-24,US,Ohio,Jackson,52,0,0,39.01914254,-82.61818559999998,39079.0,160.4294573165088,0.0,52,51,0,0,51,49,32384,1,0,0,1,2
2020-07-24,US,Ohio,Jefferson,166,2,0,40.38614126,-80.76259514,39081.0,254.11404515882128,1.2048192771084338,164,164,2,0,162,162,65767,2,0,0,2,2
2020-07-24,US,Ohio,Knox,112,2,0,40.39830217,-82.42027563,39083.0,179.7118192612561,1.7857142857142858,110,103,2,0,101,95,61893,9,0,0,9,8
2020-07-24,US,Ohio,Lake,878,27,0,41.69710807,-81.23676539,39085.0,381.491989971714,3.0751708428246007,851,851,26,0,825,837,230514,27,1,0,26,14
2020-07-24,US,Ohio,Lawrence,170,0,0,38.59743452,-82.53466552,39087.0,285.8920673359905,0.0,170,164,0,0,164,162,59866,6,0,0,6,2
2020-07-24,US,Ohio,Licking,859,24,0,40.09136236,-82.48185785,39089.0,485.689407560697,2.7939464493597206,835,829,19,0,810,808,175769,30,5,0,25,21
2020-07-24,US,Ohio,Logan,98,1,0,40.38996525,-83.76784341,39091.0,214.57348046943423,1.020408163265306,97,94,1,0,93,91,45358,4,0,0,4,3
2020-07-24,US,Ohio,Lorain,1423,75,0,41.29553751,-82.15083537,39093.0,459.279676470873,5.270555165144062,1348,1404,75,0,1329,1375,309461,19,0,0,19,29
2020-07-24,US,Ohio,Lucas,3927,311,0,41.62101218,-83.65468618,39095.0,916.7779469029854,7.919531448943213,3616,3853,310,0,3543,3742,429899,74,1,0,73,111
2020-07-24,US,Ohio,Madison,266,9,0,39.89381073,-83.40178317,39097.0,594.6658916634996,3.3834586466165413,257,262,9,0,253,259,44413,4,0,0,4,3
2020-07-24,US,Ohio,Mahoning,2214,244,0,41.01631101,-80.77287029,39099.0,968.1524205996948,11.02077687443541,1970,2188,241,0,1947,2187,229642,26,3,0,23,1
2020-07-24,US,Ohio,Marion,2818,41,0,40.58610662,-83.15736305,39101.0,4329.190542761895,1.4549325762952448,2777,2807,41,0,2766,2805,65256,11,0,0,11,2
2020-07-24,US,Ohio,Medina,733,32,0,41.11770589,-81.89986209999998,39103.0,407.7976700455087,4.3656207366984985,701,719,32,0,687,709,179146,14,0,0,14,10
2020-07-24,US,Ohio,Meigs,23,0,0,39.09224872,-82.0305041,39105.0,100.40598943554373,0.0,23,22,0,0,22,20,23106,1,0,0,1,2
2020-07-24,US,Ohio,Mercer,414,11,0,40.54043046,-84.62912742,39107.0,1005.5377440979306,2.6570048309178738,403,382,11,0,371,379,40959,32,0,0,32,3
2020-07-24,US,Ohio,Miami,628,34,0,40.0543329,-84.22871271,39109.0,586.9872040528287,5.414012738853503,594,616,34,0,582,599,106222,12,0,0,12,17
2020-07-24,US,Ohio,Monroe,89,17,0,39.72984936,-81.08464734,39111.0,651.8236414237588,19.101123595505623,72,89,17,0,72,89,13790,0,0,0,0,0
2020-07-24,US,Ohio,Montgomery,3353,53,0,39.75394919,-84.29050975,39113.0,630.6341889118975,1.58067402326275,3300,3283,51,0,3232,3200,532331,70,2,0,68,83
2020-07-24,US,Ohio,Morgan,16,0,0,39.62081738,-81.85308173,39115.0,110.28398125172319,0.0,16,16,0,0,16,15,14604,0,0,0,0,1
2020-07-24,US,Ohio,Morrow,144,1,0,40.52363560000001,-82.7892599,39117.0,407.60869565217394,0.6944444444444444,143,142,1,0,141,138,35112,2,0,0,2,4
2020-07-24,US,Ohio,Muskingum,138,1,0,39.96575964,-81.94363275,39119.0,160.06495389433394,0.7246376811594203,137,134,1,0,133,125,86183,4,0,0,4,9
2020-07-24,US,Ohio,Noble,16,0,0,39.76818851,-81.45937183,39121.0,110.92623405435387,0.0,16,16,0,0,16,16,14354,0,0,0,0,0
2020-07-24,US,Ohio,Ottawa,302,24,0,41.53781826,-83.0940185,39123.0,745.219000616903,7.947019867549669,278,288,24,0,264,277,40769,14,0,0,14,11
2020-07-24,US,Ohio,Paulding,46,0,0,41.11676341,-84.5801017,39125.0,246.35818337617823,0.0,46,45,0,0,45,46,18760,1,0,0,1,-1
2020-07-24,US,Ohio,Perry,66,1,0,39.73508655,-82.23804971,39127.0,182.6534565782919,1.5151515151515151,65,66,1,0,65,63,36033,0,0,0,0,3
2020-07-24,US,Ohio,Pickaway,2304,42,0,39.64170392,-83.0243386,39129.0,3941.358605470688,1.8229166666666667,2262,2298,42,0,2256,2290,58086,6,0,0,6,8
2020-07-24,US,Ohio,Pike,44,0,0,39.07634001,-83.06769584,39131.0,158.43295405444331,0.0,44,43,0,0,43,43,28067,1,0,0,1,0
2020-07-24,US,Ohio,Portage,618,59,0,41.16793482,-81.19735782,39133.0,380.3872810311081,9.546925566343043,559,608,59,0,549,586,162927,10,0,0,10,22
2020-07-24,US,Ohio,Preble,115,2,0,39.7420247,-84.64787018,39135.0,281.29739249547475,1.7391304347826086,113,113,2,0,111,114,40997,2,0,0,2,-1
2020-07-24,US,Ohio,Putnam,169,16,0,41.02094889,-84.1336111,39137.0,499.0992587342369,9.467455621301776,153,168,16,0,152,165,33780,1,0,0,1,3
2020-07-24,US,Ohio,Richland,473,8,0,40.77180308,-82.53799609999999,39139.0,390.4122026511712,1.6913319238900637,465,465,8,0,457,461,121099,8,0,0,8,4
2020-07-24,US,Ohio,Ross,238,5,0,39.33705391,-83.06000914,39141.0,310.43748206506143,2.100840336134454,233,218,5,0,213,212,76931,20,0,0,20,6
2020-07-24,US,Ohio,Sandusky,264,15,0,41.35624126,-83.137872,39143.0,451.1432379780581,5.6818181818181825,249,254,15,0,239,240,58799,10,0,0,10,14
2020-07-24,US,Ohio,Scioto,120,0,0,38.80270163,-82.98907345,39145.0,159.33292614918872,0.0,120,115,0,0,115,110,75502,5,0,0,5,5
2020-07-24,US,Ohio,Seneca,97,2,0,41.12351311,-83.12783209,39147.0,175.79470078654538,2.061855670103093,95,96,2,0,94,88,55207,1,0,0,1,8
2020-07-24,US,Ohio,Shelby,110,4,0,40.33163494,-84.20258189,39149.0,226.3840296357276,3.636363636363636,106,103,4,0,99,96,48627,7,0,0,7,7
2020-07-24,US,Ohio,Stark,1483,122,0,40.81482476,-81.36437305,39151.0,400.15542112108284,8.22656776803776,1361,1449,122,0,1327,1412,371574,34,0,0,34,37
2020-07-24,US,Ohio,Summit,2827,212,0,41.12464734,-81.53123079,39153.0,522.5382754203688,7.499115670321896,2615,2771,212,0,2559,2712,541918,56,0,0,56,59
2020-07-24,US,Ohio,Trumbull,1262,94,0,41.31735028,-80.76109643,39155.0,637.4574439067758,7.448494453248812,1168,1242,91,0,1151,1210,198627,20,3,0,17,32
2020-07-24,US,Ohio,Tuscarawas,713,11,0,40.44214695,-81.47226262,39157.0,775.1095263461142,1.5427769985974755,702,706,11,0,695,694,92176,7,0,0,7,12
2020-07-24,US,Ohio,Union,168,1,0,40.30016061,-83.37239023,39159.0,284.8036888858752,0.5952380952380952,167,163,1,0,162,162,57835,5,0,0,5,1
2020-07-24,US,Ohio,Van Wert,59,1,0,40.8554138,-84.59111700000003,39161.0,208.6648983200708,1.6949152542372878,58,58,1,0,57,58,28281,1,0,0,1,0
2020-07-24,US,Ohio,Vinton,26,2,0,39.25208988,-82.4831444,39163.0,198.7008024455484,7.6923076923076925,24,26,2,0,24,25,13139,0,0,0,0,1
2020-07-24,US,Ohio,Warren,1358,30,0,39.42581994,-84.16557457,39165.0,578.8526952029396,2.2091310751104567,1328,1326,28,0,1298,1307,232173,32,2,0,30,19
2020-07-24,US,Ohio,Washington,177,21,0,39.45690571,-81.49121382,39167.0,295.43823337951295,11.864406779661017,156,177,21,0,156,171,60155,0,0,0,0,6
2020-07-24,US,Ohio,Wayne,432,57,0,40.82925852,-81.88844833,39169.0,373.3471610059632,13.194444444444445,375,421,57,0,364,418,115967,11,0,0,11,3
2020-07-24,US,Ohio,Williams,101,3,0,41.56052014,-84.58429552,39171.0,275.26436280388094,2.9702970297029703,98,97,3,0,94,96,36804,4,0,0,4,1
2020-07-24,US,Ohio,Wood,696,55,0,41.36224827,-83.62285108,39173.0,532.0409426909347,7.902298850574713,641,666,54,0,612,648,130696,30,1,0,29,18
2020-07-24,US,Ohio,Wyandot,91,5,0,40.84339621,-83.30734173,39175.0,417.96803233510917,5.494505494505495,86,84,5,0,79,74,21935,7,0,0,7,10
2020-07-24,US,Oklahoma,Adair,215,4,0,35.88494195,-94.65859267,40001.0,968.7302874650807,1.8604651162790695,211,209,4,0,205,205,22082,6,0,0,6,4
2020-07-24,US,Oklahoma,Alfalfa,1,0,0,36.73090616,-98.32408495,40003.0,17.5377060680463,0.0,1,1,0,0,1,1,5754,0,0,0,0,0
2020-07-24,US,Oklahoma,Atoka,55,0,0,34.37366573,-96.03802487,40005.0,399.76740805349607,0.0,55,50,0,0,50,48,13838,5,0,0,5,2
2020-07-24,US,Oklahoma,Beaver,34,0,0,36.7496847,-100.4758872,40007.0,640.1807569196009,0.0,34,33,0,0,33,33,5319,1,0,0,1,0
2020-07-24,US,Oklahoma,Beckham,27,0,0,35.26862449,-99.68128023,40009.0,123.51891669335285,0.0,27,27,0,0,27,27,21709,0,0,0,0,0
2020-07-24,US,Oklahoma,Blaine,26,0,0,35.87518314,-98.43307003,40011.0,275.7450418920352,0.0,26,24,0,0,24,24,9485,2,0,0,2,0
2020-07-24,US,Oklahoma,Bryan,284,1,0,33.96472458,-96.25903472,40013.0,591.7283050317742,0.35211267605633795,283,268,1,0,267,259,47192,16,0,0,16,9
2020-07-24,US,Oklahoma,Caddo,258,12,0,35.17364557,-98.37534464,40015.0,897.0168972950421,4.651162790697675,246,243,11,0,232,236,28977,15,1,0,14,7
2020-07-24,US,Oklahoma,Canadian,786,4,0,35.5426055,-97.98465569,40017.0,529.9853006621445,0.5089058524173028,782,744,4,0,740,717,144447,42,0,0,42,27
2020-07-24,US,Oklahoma,Carter,236,3,0,34.25103751,-97.28552485,40019.0,490.5323106981771,1.2711864406779658,233,232,3,0,229,231,48177,4,0,0,4,1
2020-07-24,US,Oklahoma,Cherokee,195,1,0,35.90692775,-94.99980896,40021.0,400.7645354214194,0.5128205128205128,194,189,1,0,188,182,48675,6,0,0,6,7
2020-07-24,US,Oklahoma,Choctaw,150,1,0,34.02807439,-95.54771129,40023.0,1022.3555070883316,0.6666666666666666,149,148,1,0,147,148,14668,2,0,0,2,0
2020-07-24,US,Oklahoma,Cimarron,1,0,0,36.74817177,-102.5173885,40025.0,46.79457182966776,0.0,1,1,0,0,1,1,2153,0,0,0,0,0
2020-07-24,US,Oklahoma,Cleveland,1958,40,0,35.20413532,-97.32519562,40027.0,689.4026350813693,2.042900919305413,1918,1887,40,0,1847,1847,281669,71,0,0,71,40
2020-07-24,US,Oklahoma,Coal,20,0,0,34.58840127,-96.29798747,40029.0,363.9672429481345,0.0,20,20,0,0,20,20,5520,0,0,0,0,0
2020-07-24,US,Oklahoma,Comanche,618,9,0,34.65973764,-98.47195055,40031.0,511.8054807907312,1.4563106796116505,609,613,9,0,604,609,120422,5,0,0,5,4
2020-07-24,US,Oklahoma,Cotton,14,2,0,34.28845626,-98.37053567,40033.0,247.08789269325803,14.285714285714285,12,14,2,0,12,12,5776,0,0,0,0,2
2020-07-24,US,Oklahoma,Craig,47,0,0,36.76268118,-95.20916602,40035.0,332.34337434591987,0.0,47,44,0,0,44,44,14306,3,0,0,3,0
2020-07-24,US,Oklahoma,Creek,321,10,0,35.90230551,-96.37086028,40037.0,448.81295265792335,3.115264797507788,311,308,9,0,299,299,71604,13,1,0,12,9
2020-07-24,US,Oklahoma,Custer,134,0,0,35.63853802,-99.00170785,40039.0,462.02117022377,0.0,134,131,0,0,131,126,29036,3,0,0,3,5
2020-07-24,US,Oklahoma,Delaware,341,19,0,36.40823634,-94.80325046,40041.0,792.857308935339,5.571847507331379,322,323,19,0,304,316,42733,18,0,0,18,7
2020-07-24,US,Oklahoma,Dewey,4,0,0,35.98772922,-99.00730714,40043.0,81.78286648947045,0.0,4,4,0,0,4,4,4894,0,0,0,0,0
2020-07-24,US,Oklahoma,Ellis,2,0,0,36.218019399999996,-99.75324573,40045.0,51.82689816014511,0.0,2,2,0,0,2,1,3952,0,0,0,0,1
2020-07-24,US,Oklahoma,Garfield,220,2,0,36.3791334,-97.78265517,40047.0,360.3249475890986,0.9090909090909092,218,201,2,0,199,186,60913,19,0,0,19,15
2020-07-24,US,Oklahoma,Garvin,166,3,0,34.70418038,-97.30811132,40049.0,599.0400923820865,1.8072289156626504,163,154,3,0,151,152,27811,12,0,0,12,2
2020-07-24,US,Oklahoma,Grady,347,6,0,35.0167709,-97.88339847,40051.0,621.4851165956228,1.7291066282420748,341,328,6,0,322,325,55551,19,0,0,19,3
2020-07-24,US,Oklahoma,Grant,6,0,0,36.796296999999996,-97.78638765,40053.0,138.4721901684745,0.0,6,5,0,0,5,5,4326,1,0,0,1,0
2020-07-24,US,Oklahoma,Greer,77,7,0,34.93535801,-99.56056120000001,40055.0,1348.0392156862745,9.090909090909092,70,73,7,0,66,72,5821,4,0,0,4,1
2020-07-24,US,Oklahoma,Harmon,5,0,0,34.7440135,-99.84741652,40057.0,188.46588767433101,0.0,5,4,0,0,4,4,2664,1,0,0,1,0
2020-07-24,US,Oklahoma,Harper,2,0,0,36.78836519,-99.6679804,40059.0,54.2299349240781,0.0,2,2,0,0,2,2,3797,0,0,0,0,0
2020-07-24,US,Oklahoma,Haskell,23,0,0,35.22257600000001,-95.11513306,40061.0,182.14936247723134,0.0,23,23,0,0,23,23,12668,0,0,0,0,0
2020-07-24,US,Oklahoma,Hughes,44,1,0,35.04912569,-96.24921145,40063.0,331.350252278033,2.272727272727273,43,28,1,0,27,25,13335,16,0,0,16,3
2020-07-24,US,Oklahoma,Jackson,302,3,0,34.58781741,-99.41138784,40065.0,1231.1455360782716,0.9933774834437086,299,252,3,0,249,228,24949,50,0,0,50,24
2020-07-24,US,Oklahoma,Jefferson,23,0,0,34.11130184,-97.83182974,40067.0,383.20559813395516,0.0,23,23,0,0,23,23,6123,0,0,0,0,0
2020-07-24,US,Oklahoma,Johnston,27,0,0,34.31440473,-96.66011537,40069.0,243.5723951285521,0.0,27,26,0,0,26,25,10949,1,0,0,1,1
2020-07-24,US,Oklahoma,Kay,169,9,0,36.81799745,-97.14421435,40071.0,388.1666590105195,5.325443786982248,160,164,9,0,155,156,44161,5,0,0,5,8
2020-07-24,US,Oklahoma,Kingfisher,74,0,0,35.94530008,-97.94193268,40073.0,469.3942277196321,0.0,74,71,0,0,71,70,15816,3,0,0,3,1
2020-07-24,US,Oklahoma,Kiowa,21,1,0,34.91671958,-98.97720696,40075.0,241.15755627009645,4.761904761904762,20,19,1,0,18,19,8729,2,0,0,2,0
2020-07-24,US,Oklahoma,Latimer,36,1,0,34.87844729,-95.25215049,40077.0,357.3910453688077,2.7777777777777777,35,31,1,0,30,29,10231,5,0,0,5,2
2020-07-24,US,Oklahoma,Le Flore,114,1,0,34.89851864,-94.70392124,40079.0,228.6722965518625,0.8771929824561403,113,108,1,0,107,102,49980,6,0,0,6,6
2020-07-24,US,Oklahoma,Lincoln,71,2,0,35.70270942,-96.8812462,40081.0,203.572554978926,2.8169014084507036,69,66,2,0,64,63,34920,5,0,0,5,3
2020-07-24,US,Oklahoma,Logan,138,1,0,35.91899576,-97.44352845,40083.0,287.4341296786153,0.7246376811594203,137,130,1,0,129,128,47291,8,0,0,8,2
2020-07-24,US,Oklahoma,Love,60,0,0,33.95273467,-97.23906784,40085.0,585.194577196918,0.0,60,57,0,0,57,57,10134,3,0,0,3,0
2020-07-24,US,Oklahoma,Major,21,1,0,36.31149996,-98.53467076,40093.0,275.26543452615016,4.761904761904762,20,20,1,0,19,18,7644,1,0,0,1,2
2020-07-24,US,Oklahoma,Marshall,59,0,0,34.02311222,-96.76855464,40095.0,348.4732148130648,0.0,59,59,0,0,59,58,16806,0,0,0,0,1
2020-07-24,US,Oklahoma,Mayes,227,5,0,36.30179091,-95.23175116,40097.0,552.3114355231144,2.202643171806167,222,214,5,0,209,202,41107,13,0,0,13,12
2020-07-24,US,Oklahoma,McClain,332,4,0,35.01123903,-97.44572302,40087.0,820.2796857241688,1.2048192771084338,328,322,4,0,318,315,39985,10,0,0,10,7
2020-07-24,US,Oklahoma,McCurtain,755,19,0,34.11664328,-94.77222373,40089.0,2299.585769980507,2.5165562913907285,736,739,19,0,720,728,32703,16,0,0,16,11
2020-07-24,US,Oklahoma,McIntosh,119,1,0,35.37235506,-95.66599306,40091.0,607.266789140641,0.8403361344537815,118,110,1,0,109,109,19815,9,0,0,9,1
2020-07-24,US,Oklahoma,Murray,47,0,0,34.48116015,-97.06826283,40099.0,333.9728558232076,0.0,47,40,0,0,40,39,13953,7,0,0,7,1
2020-07-24,US,Oklahoma,Muskogee,304,16,0,35.61318461,-95.37802952,40101.0,447.0785475829816,5.2631578947368425,288,294,16,0,278,288,68362,10,0,0,10,6
2020-07-24,US,Oklahoma,Noble,69,2,0,36.38953329,-97.22928674,40103.0,619.8903961908185,2.898550724637681,67,66,2,0,64,65,11289,3,0,0,3,1
2020-07-24,US,Oklahoma,Nowata,44,1,0,36.79843529,-95.61902331,40105.0,436.6812227074236,2.272727272727273,43,44,1,0,43,45,10218,0,0,0,0,-1
2020-07-24,US,Oklahoma,Okfuskee,31,0,0,35.46485198,-96.32639984,40107.0,258.48411573417826,0.0,31,25,0,0,25,24,12098,6,0,0,6,1
2020-07-24,US,Oklahoma,Oklahoma,7239,88,0,35.55140095,-97.40716948,40109.0,907.7867259233992,1.2156375189943365,7151,6981,85,0,6896,6762,792582,258,3,0,255,219
2020-07-24,US,Oklahoma,Okmulgee,272,0,0,35.64661916,-95.96432828,40111.0,707.1363577278046,0.0,272,251,0,0,251,242,38335,21,0,0,21,9
2020-07-24,US,Oklahoma,Osage,277,10,0,36.62888819,-96.39635704,40113.0,589.8260332602263,3.610108303249097,267,270,9,0,261,257,47014,7,1,0,6,13
2020-07-24,US,Oklahoma,Ottawa,248,2,0,36.83532655,-94.81011909,40115.0,796.7359527098662,0.8064516129032258,246,244,2,0,242,233,31175,4,0,0,4,11
2020-07-24,US,Oklahoma,Pawnee,94,3,0,36.31743373,-96.70331759999999,40117.0,574.0107474352711,3.191489361702128,91,92,3,0,89,86,16390,2,0,0,2,6
2020-07-24,US,Oklahoma,Payne,575,2,0,36.07695283,-96.97584944,40119.0,703.0715054289348,0.3478260869565217,573,565,2,0,563,560,82040,10,0,0,10,5
2020-07-24,US,Oklahoma,Pittsburg,123,3,0,34.92065823,-95.75134320000001,40121.0,281.7611215467082,2.4390243902439024,120,103,3,0,100,100,43877,20,0,0,20,3
2020-07-24,US,Oklahoma,Pontotoc,122,2,0,34.72959848,-96.68337199,40123.0,318.6709852679972,1.639344262295082,120,116,2,0,114,115,38247,6,0,0,6,1
2020-07-24,US,Oklahoma,Pottawatomie,259,6,0,35.20614018,-96.94923008,40125.0,356.78862684593344,2.3166023166023164,253,246,6,0,240,237,72679,13,0,0,13,9
2020-07-24,US,Oklahoma,Pushmataha,51,0,0,34.41635232,-95.37603505,40127.0,459.6250901225667,0.0,51,47,0,0,47,46,11179,4,0,0,4,1
2020-07-24,US,Oklahoma,Roger Mills,6,0,0,35.68711719,-99.69666167,40129.0,167.45743790120008,0.0,6,6,0,0,6,3,3656,0,0,0,0,3
2020-07-24,US,Oklahoma,Rogers,543,12,0,36.37004357,-95.60406759,40131.0,587.2873381715139,2.209944751381216,531,499,11,0,488,488,91984,44,1,0,43,11
2020-07-24,US,Oklahoma,Seminole,119,5,0,35.16478725,-96.61686741,40133.0,490.55981531865774,4.201680672268908,114,106,5,0,101,102,24578,13,0,0,13,4
2020-07-24,US,Oklahoma,Sequoyah,126,3,0,35.49447108,-94.75463785,40135.0,303.1104909908826,2.380952380952381,123,118,3,0,115,111,41179,8,0,0,8,7
2020-07-24,US,Oklahoma,Stephens,132,1,0,34.48556989,-97.85141892,40137.0,305.959251790557,0.7575757575757576,131,130,1,0,129,130,43265,2,0,0,2,0
2020-07-24,US,Oklahoma,Texas,1012,7,0,36.74777635,-101.4889765,40139.0,5064.304658960116,0.691699604743083,1005,1010,7,0,1003,1009,20455,2,0,0,2,1
2020-07-24,US,Oklahoma,Tillman,39,1,0,34.37288446,-98.92426619,40141.0,537.9310344827586,2.5641025641025643,38,38,1,0,37,36,7348,1,0,0,1,2
2020-07-24,US,Oklahoma,Tulsa,7111,89,0,36.11939621,-95.94013939,40143.0,1091.3940867344434,1.2515820559696245,7022,6856,89,0,6767,6744,648360,255,0,0,255,112
2020-07-24,US,Oklahoma,Wagoner,537,19,0,35.96024096,-95.51911308,40145.0,660.605986049773,3.538175046554935,518,516,19,0,497,507,80110,21,0,0,21,9
2020-07-24,US,Oklahoma,Washington,516,39,0,36.71380786,-95.90514104,40147.0,1001.4167329749453,7.558139534883722,477,506,39,0,467,505,51843,10,0,0,10,1
2020-07-24,US,Oklahoma,Washita,14,0,0,35.29071824,-98.99180434,40149.0,128.2521069989007,0.0,14,14,0,0,14,12,11127,0,0,0,0,2
2020-07-24,US,Oklahoma,Woods,14,0,0,36.76705782,-98.86573064,40151.0,159.21755942226773,0.0,14,16,0,0,16,15,8897,-2,0,0,-2,1
2020-07-24,US,Oklahoma,Woodward,27,0,0,36.42316318,-99.26283045,40153.0,133.5906189698679,0.0,27,26,0,0,26,23,20222,1,0,0,1,3
2020-07-24,US,Oregon,Baker,17,0,0,44.70915557,-117.6749883,41001.0,105.43289506325974,0.0,17,16,0,0,16,16,16006,1,0,0,1,0
2020-07-24,US,Oregon,Benton,132,6,0,44.49167306,-123.4316987,41003.0,141.85464197822745,4.545454545454546,126,132,6,0,126,132,92101,0,0,0,0,0
2020-07-24,US,Oregon,Clackamas,1227,34,0,45.18787398,-122.2179634,41005.0,293.4094077529909,2.7709861450692745,1193,1201,33,0,1168,1181,416075,26,1,0,25,20
2020-07-24,US,Oregon,Clatsop,68,0,0,45.99712889,-123.660711,41007.0,169.0533015115354,0.0,68,68,0,0,68,68,39764,0,0,0,0,0
2020-07-24,US,Oregon,Columbia,67,0,0,45.94464254,-123.08908980000001,41009.0,127.97493983267752,0.0,67,66,0,0,66,63,52377,1,0,0,1,3
2020-07-24,US,Oregon,Coos,76,0,0,43.17406868,-124.0594514,41011.0,117.85321072464218,0.0,76,76,0,0,76,73,64389,0,0,0,0,3
2020-07-24,US,Oregon,Crook,30,1,0,44.14230227,-120.356297,41013.0,122.93066710375349,3.333333333333333,29,29,1,0,28,30,23867,1,0,0,1,-1
2020-07-24,US,Oregon,Curry,13,0,0,42.45911325,-124.15728200000001,41015.0,56.70665212649946,0.0,13,11,0,0,11,11,22813,2,0,0,2,0
2020-07-24,US,Oregon,Deschutes,419,3,0,43.91570171,-121.2289121,41017.0,211.94585516864618,0.7159904534606205,416,405,1,0,404,387,191996,14,2,0,12,18
2020-07-24,US,Oregon,Douglas,111,1,0,43.27941273,-123.16729099999999,41019.0,100.0180212650928,0.9009009009009008,110,105,1,0,104,92,110283,6,0,0,6,13
2020-07-24,US,Oregon,Gilliam,3,0,0,45.37160076,-120.20488689999999,41021.0,156.90376569037656,0.0,3,2,0,0,2,2,1894,1,0,0,1,0
2020-07-24,US,Oregon,Grant,2,0,0,44.49024544,-119.0068631,41023.0,27.781636338380327,0.0,2,2,0,0,2,2,7176,0,0,0,0,0
2020-07-24,US,Oregon,Harney,5,0,0,43.06422669,-118.96663059999999,41025.0,67.63154335181929,0.0,5,5,0,0,5,5,7329,0,0,0,0,0
2020-07-24,US,Oregon,Hood River,144,0,0,45.51872811,-121.65520359999998,41027.0,615.8583525789069,0.0,144,140,0,0,140,139,23428,4,0,0,4,1
2020-07-24,US,Oregon,Jackson,269,0,0,42.43201126,-122.72893090000001,41029.0,121.75030777029474,0.0,269,265,0,0,265,257,219564,4,0,0,4,8
2020-07-24,US,Oregon,Jefferson,244,0,0,44.62806839,-121.17832,41031.0,989.5368643036743,0.0,244,222,0,0,222,219,24192,22,0,0,22,3
2020-07-24,US,Oregon,Josephine,79,1,0,42.3665549,-123.5561938,41033.0,90.2991301564804,1.2658227848101269,78,78,1,0,77,75,87393,1,0,0,1,3
2020-07-24,US,Oregon,Klamath,177,1,0,42.68762984,-121.64964609999998,41035.0,259.3862657170491,0.5649717514124294,176,175,1,0,174,162,67653,2,0,0,2,13
2020-07-24,US,Oregon,Lake,31,0,0,42.79246693,-120.38501629999999,41037.0,393.95094675308167,0.0,31,31,0,0,31,30,7879,0,0,0,0,1
2020-07-24,US,Oregon,Lane,435,3,0,43.93727035,-122.847753,41039.0,113.85437632666522,0.6896551724137931,432,419,3,0,416,407,379611,16,0,0,16,12
2020-07-24,US,Oregon,Lincoln,377,8,0,44.64252874,-123.86991200000001,41041.0,754.5734758416396,2.122015915119364,369,378,8,0,370,373,49388,-1,0,0,-1,5
2020-07-24,US,Oregon,Linn,215,10,0,44.48899494,-122.53731540000001,41043.0,165.70455263624382,4.651162790697675,205,207,10,0,197,204,127335,8,0,0,8,3
2020-07-24,US,Oregon,Malheur,557,7,0,43.1937027,-117.62273950000001,41045.0,1821.9881587125049,1.2567324955116697,550,539,6,0,533,530,30725,18,1,0,17,9
2020-07-24,US,Oregon,Marion,2333,64,0,44.90287942,-122.58151170000001,41047.0,670.753095009459,2.743249035576511,2269,2277,63,0,2214,2238,346868,56,1,0,55,39
2020-07-24,US,Oregon,Morrow,222,1,0,45.41846568,-119.584546,41049.0,1913.298284926312,0.4504504504504505,221,212,1,0,211,208,11372,10,0,0,10,4
2020-07-24,US,Oregon,Multnomah,3813,78,0,45.54747959,-122.4169351,41051.0,469.0873526028627,2.045633359559402,3735,3743,76,0,3667,3678,811880,70,2,0,68,65
2020-07-24,US,Oregon,Polk,231,12,0,44.90322804,-123.4128888,41053.0,268.33943195678694,5.194805194805196,219,225,12,0,213,212,85234,6,0,0,6,13
2020-07-24,US,Oregon,Sherman,8,0,0,45.41501554,-120.6827834,41055.0,449.438202247191,0.0,8,8,0,0,8,8,1708,0,0,0,0,0
2020-07-24,US,Oregon,Tillamook,24,0,0,45.46248721,-123.712066,41057.0,88.7705281846427,0.0,24,24,0,0,24,23,26787,0,0,0,0,1
2020-07-24,US,Oregon,Umatilla,1563,15,0,45.59073056,-118.7353826,41059.0,2005.1314945477868,0.9596928982725528,1548,1503,13,0,1490,1462,77516,60,2,0,58,41
2020-07-24,US,Oregon,Union,385,2,0,45.30915495,-118.0068979,41061.0,1434.6934972983045,0.5194805194805194,383,385,2,0,383,385,26461,0,0,0,0,0
2020-07-24,US,Oregon,Wallowa,18,1,0,45.57894064,-117.18353799999998,41063.0,249.7225305216426,5.5555555555555545,17,18,1,0,17,18,7081,0,0,0,0,0
2020-07-24,US,Oregon,Wasco,139,3,0,45.16292781,-121.16709540000001,41065.0,520.9504534892437,2.1582733812949644,136,138,3,0,135,132,26505,1,0,0,1,6
2020-07-24,US,Oregon,Washington,2406,22,0,45.55972701,-123.0955257,41067.0,399.9388289737896,0.914380714879468,2384,2352,22,0,2330,2319,597695,54,0,0,54,33
2020-07-24,US,Oregon,Yamhill,264,9,0,45.23330449,-123.3086963,41071.0,246.49859943977592,3.4090909090909087,255,256,9,0,247,252,107002,8,0,0,8,4
2020-07-24,US,Pennsylvania,Adams,441,17,0,39.87140411,-77.21610347,42001.0,428.1179314428836,3.8548752834467117,424,437,16,0,421,424,102811,4,1,0,3,13
2020-07-24,US,Pennsylvania,Allegheny,7015,216,0,40.46809875,-79.98167747,42003.0,576.870099379546,3.0791161796151103,6799,6817,214,0,6603,6670,1218452,198,2,0,196,147
2020-07-24,US,Pennsylvania,Armstrong,138,6,0,40.81665618,-79.46290811,42005.0,213.17679771375612,4.3478260869565215,132,134,6,0,128,129,65263,4,0,0,4,5
2020-07-24,US,Pennsylvania,Beaver,1084,82,0,40.6825484,-80.34921611,42007.0,661.2618877684853,7.564575645756457,1002,1053,82,0,971,1046,164742,31,0,0,31,7
2020-07-24,US,Pennsylvania,Bedford,112,4,0,40.00522157,-78.48998442,42009.0,233.87905111927842,3.571428571428572,108,109,4,0,105,109,48176,3,0,0,3,0
2020-07-24,US,Pennsylvania,Berks,4977,362,0,40.41570541,-75.92457766,42011.0,1181.7249337550218,7.2734579063692975,4615,4919,362,0,4557,4889,420152,58,0,0,58,30
2020-07-24,US,Pennsylvania,Blair,165,2,0,40.47961444,-78.34917412,42013.0,135.43573369230643,1.2121212121212122,163,157,2,0,155,159,122492,8,0,0,8,-2
2020-07-24,US,Pennsylvania,Bradford,72,3,0,41.78869215,-76.51570822,42015.0,119.35745901231701,4.166666666666667,69,71,3,0,68,69,60833,1,0,0,1,2
2020-07-24,US,Pennsylvania,Bucks,6614,574,0,40.33682119,-75.10836643,42017.0,1052.7321056233784,8.678560628968855,6040,6542,574,0,5968,6513,628195,72,0,0,72,29
2020-07-24,US,Pennsylvania,Butler,535,14,0,40.91152759,-79.91351055,42019.0,284.79715522243464,2.616822429906542,521,519,14,0,505,513,187888,16,0,0,16,6
2020-07-24,US,Pennsylvania,Cambria,205,3,0,40.49527404,-78.71377428,42021.0,157.4597517512597,1.4634146341463414,202,191,3,0,188,182,131730,14,0,0,14,9
2020-07-24,US,Pennsylvania,Cameron,5,0,0,41.43625568,-78.20376845,42023.0,112.4353496739375,0.0,5,5,0,0,5,5,4492,0,0,0,0,0
2020-07-24,US,Pennsylvania,Carbon,342,28,0,40.91545395,-75.7068525,42025.0,532.8596802841919,8.187134502923977,314,336,28,0,308,335,64227,6,0,0,6,1
2020-07-24,US,Pennsylvania,Centre,306,9,0,40.92058903,-77.82200624,42027.0,188.44105058964809,2.9411764705882355,297,304,9,0,295,299,162805,2,0,0,2,5
2020-07-24,US,Pennsylvania,Chester,4580,343,0,39.97291773,-75.74768357,42029.0,872.3992312219873,7.4890829694323156,4237,4517,342,0,4175,4459,522046,63,1,0,62,58
2020-07-24,US,Pennsylvania,Clarion,71,2,0,41.19265812,-79.42413524,42031.0,184.7130443831625,2.8169014084507036,69,71,2,0,69,70,38779,0,0,0,0,1
2020-07-24,US,Pennsylvania,Clearfield,110,0,0,41.00110782,-78.47592663,42033.0,138.79250520471894,0.0,110,107,0,0,107,105,79388,3,0,0,3,2
2020-07-24,US,Pennsylvania,Clinton,107,5,0,41.23255967,-77.63785995,42035.0,276.97245806585215,4.672897196261682,102,105,5,0,100,105,38684,2,0,0,2,0
2020-07-24,US,Pennsylvania,Columbia,445,35,0,41.04821986,-76.40565017,42037.0,684.9947663321224,7.865168539325843,410,443,35,0,408,438,65456,2,0,0,2,5
2020-07-24,US,Pennsylvania,Crawford,117,1,0,41.68447709,-80.10760592,42039.0,138.2504815134292,0.8547008547008547,116,114,1,0,113,114,85063,3,0,0,3,0
2020-07-24,US,Pennsylvania,Cumberland,1090,70,0,40.1625372,-77.26130755,42041.0,430.20089197616136,6.422018348623853,1020,1066,69,0,997,1058,251423,24,1,0,23,8
2020-07-24,US,Pennsylvania,Dauphin,2499,152,0,40.41377078,-76.77993242,42043.0,897.9550770933421,6.082432973189277,2347,2480,152,0,2328,2466,277097,19,0,0,19,14
2020-07-24,US,Pennsylvania,Delaware,8140,679,0,39.91680171,-75.40243663,42045.0,1436.266976269835,8.341523341523343,7461,8049,676,0,7373,8003,564751,91,3,0,88,46
2020-07-24,US,Pennsylvania,Elk,38,2,0,41.42822061,-78.64524744,42047.0,127.04781009695749,5.2631578947368425,36,38,2,0,36,38,30169,0,0,0,0,0
2020-07-24,US,Pennsylvania,Erie,838,14,0,41.99253829,-80.03301954,42049.0,310.6833550836398,1.6706443914081146,824,818,14,0,804,813,272061,20,0,0,20,5
2020-07-24,US,Pennsylvania,Fayette,301,4,0,39.92041012,-79.64291195,42051.0,232.8387765521296,1.32890365448505,297,294,4,0,290,288,130441,7,0,0,7,6
2020-07-24,US,Pennsylvania,Forest,7,0,0,41.51095103,-79.23229292,42053.0,96.59169311439214,0.0,7,7,0,0,7,7,7279,0,0,0,0,0
2020-07-24,US,Pennsylvania,Franklin,1176,46,0,39.92956518,-77.72157791,42055.0,758.5775381062654,3.91156462585034,1130,1146,46,0,1100,1109,154835,30,0,0,30,37
2020-07-24,US,Pennsylvania,Fulton,20,2,0,39.92913544,-78.11163677,42057.0,137.64624913971093,10.0,18,20,1,0,19,19,14523,0,1,0,-1,1
2020-07-24,US,Pennsylvania,Greene,94,0,0,39.85746531,-80.22357106,42059.0,259.4320094941076,0.0,94,93,0,0,93,91,36506,1,0,0,1,2
2020-07-24,US,Pennsylvania,Huntingdon,276,4,0,40.42162652,-77.97673273,42061.0,611.3769271664007,1.4492753623188406,272,273,4,0,269,272,45168,3,0,0,3,1
2020-07-24,US,Pennsylvania,Indiana,193,6,0,40.65241041,-79.08963285,42063.0,229.5624041011977,3.1088082901554404,187,186,6,0,180,185,84501,7,0,0,7,1
2020-07-24,US,Pennsylvania,Jefferson,48,1,0,41.12913106,-78.9986361,42065.0,110.53540587219344,2.083333333333333,47,48,1,0,47,48,43641,0,0,0,0,0
2020-07-24,US,Pennsylvania,Juniata,122,6,0,40.53358749,-77.39975129999998,42067.0,492.67051649638574,4.918032786885246,116,121,6,0,115,120,24704,1,0,0,1,1
2020-07-24,US,Pennsylvania,Lackawanna,1845,212,0,41.43564672,-75.60379201,42069.0,879.9374266718811,11.490514905149052,1633,1833,212,0,1621,1823,210793,12,0,0,12,10
2020-07-24,US,Pennsylvania,Lancaster,5228,400,0,40.03904563,-76.24770128,42071.0,957.9934179182152,7.651109410864575,4828,5122,395,0,4727,5122,543557,106,5,0,101,0
2020-07-24,US,Pennsylvania,Lawrence,272,11,0,40.99206278,-80.33393706,42073.0,318.084011600711,4.044117647058823,261,261,9,0,252,257,86184,11,2,0,9,4
2020-07-24,US,Pennsylvania,Lebanon,1533,54,0,40.36680311,-76.45651841,42075.0,1081.1535125147225,3.522504892367906,1479,1529,54,0,1475,1518,141314,4,0,0,4,11
2020-07-24,US,Pennsylvania,Lehigh,4624,334,0,40.6154815,-75.59435245,42077.0,1252.0375394646346,7.2231833910034595,4290,4609,334,0,4275,4600,368100,15,0,0,15,9
2020-07-24,US,Pennsylvania,Luzerne,3107,183,0,41.17823008,-75.98447579,42079.0,978.8385625218559,5.8899259736079825,2924,3091,183,0,2908,3085,317646,16,0,0,16,6
2020-07-24,US,Pennsylvania,Lycoming,290,20,0,41.34310539,-77.06629984,42081.0,255.95989373251308,6.896551724137932,270,282,20,0,262,279,113664,8,0,0,8,3
2020-07-24,US,Pennsylvania,McKean,26,1,0,41.80938602,-78.56478358,42083.0,64.0,3.8461538461538463,25,26,1,0,25,26,40968,0,0,0,0,0
2020-07-24,US,Pennsylvania,Mercer,289,9,0,41.30248872,-80.25816981,42085.0,264.11025003655504,3.1141868512110733,280,282,9,0,273,276,110683,7,0,0,7,6
2020-07-24,US,Pennsylvania,Mifflin,87,1,0,40.61116939,-77.61070738,42087.0,188.5647405609259,1.1494252873563218,86,84,1,0,83,82,46222,3,0,0,3,2
2020-07-24,US,Pennsylvania,Monroe,1539,120,0,41.05934058,-75.34031025,42089.0,903.8532692002748,7.7972709551656925,1419,1536,120,0,1416,1534,169507,3,0,0,3,2
2020-07-24,US,Pennsylvania,Montgomery,9385,844,0,40.21053671,-75.36652296,42091.0,1129.4777444142906,8.993074054342035,8541,9311,842,0,8469,9282,828604,74,2,0,72,29
2020-07-24,US,Pennsylvania,Montour,87,3,0,41.03023987,-76.66345939,42093.0,477.2353263850795,3.4482758620689653,84,86,3,0,83,86,18240,1,0,0,1,0
2020-07-24,US,Pennsylvania,Northampton,3703,289,0,40.75182733,-75.30471829,42095.0,1212.9649344055556,7.804482851741831,3414,3686,288,0,3398,3669,304807,17,1,0,16,17
2020-07-24,US,Pennsylvania,Northumberland,375,11,0,40.84785433,-76.70798222,42097.0,412.8001056768271,2.933333333333333,364,369,11,0,358,366,91083,6,0,0,6,3
2020-07-24,US,Pennsylvania,Perry,105,5,0,40.40206612,-77.26297447,42099.0,226.91908713692945,4.761904761904762,100,101,5,0,96,98,46139,4,0,0,4,3
2020-07-24,US,Pennsylvania,Philadelphia,29303,1676,0,40.00338507,-75.1379271,42101.0,1849.8621267827561,5.719550899225335,27627,29102,1675,0,27427,28874,1584138,201,1,0,200,228
2020-07-24,US,Pennsylvania,Pike,519,21,0,41.33155042,-75.03208106,42103.0,929.9575337311186,4.0462427745664735,498,517,21,0,496,517,55933,2,0,0,2,0
2020-07-24,US,Pennsylvania,Potter,20,0,0,41.74471626,-77.89559864,42105.0,121.0214207914801,0.0,20,20,0,0,20,20,16622,0,0,0,0,0
2020-07-24,US,Pennsylvania,Schuylkill,835,49,0,40.70497338,-76.2150785,42107.0,590.6946144214376,5.868263473053893,786,830,49,0,781,828,142067,5,0,0,5,2
2020-07-24,US,Pennsylvania,Snyder,86,2,0,40.77129231,-77.06840691,42109.0,213.01892400673734,2.3255813953488373,84,85,2,0,83,85,40540,1,0,0,1,0
2020-07-24,US,Pennsylvania,Somerset,106,2,0,39.97172723,-79.02699593,42111.0,144.32175582392745,1.8867924528301887,104,105,1,0,104,100,73952,1,1,0,0,5
2020-07-24,US,Pennsylvania,Sullivan,10,0,0,41.44634738,-76.51246591,42113.0,164.85328058028355,0.0,10,10,0,0,10,10,6071,0,0,0,0,0
2020-07-24,US,Pennsylvania,Susquehanna,203,26,0,41.82147784,-75.80071959,42115.0,503.37234675659585,12.807881773399014,177,203,26,0,177,202,40589,0,0,0,0,1
2020-07-24,US,Pennsylvania,Tioga,34,2,0,41.77255149,-77.25433032,42117.0,83.76241038653889,5.882352941176472,32,33,2,0,31,33,40763,1,0,0,1,0
2020-07-24,US,Pennsylvania,Union,116,2,0,40.96188846,-77.05996014,42119.0,258.2196202390757,1.7241379310344829,114,115,2,0,113,113,44785,1,0,0,1,2
2020-07-24,US,Pennsylvania,Venango,53,0,0,41.40323442,-79.75845449,42121.0,104.60251046025104,0.0,53,53,0,0,53,53,51266,0,0,0,0,0
2020-07-24,US,Pennsylvania,Warren,14,1,0,41.81304978,-79.26969577,42123.0,35.72248730575897,7.142857142857142,13,14,1,0,13,14,39498,0,0,0,0,0
2020-07-24,US,Pennsylvania,Washington,637,10,0,40.19208869,-80.24582867,42125.0,307.9302927029705,1.5698587127158556,627,613,10,0,603,603,207346,24,0,0,24,10
2020-07-24,US,Pennsylvania,Wayne,151,8,0,41.64938475,-75.29956506,42127.0,293.99739101653006,5.298013245033113,143,151,8,0,143,148,51276,0,0,0,0,3
2020-07-24,US,Pennsylvania,Westmoreland,1252,42,0,40.31377979999999,-79.46615476,42129.0,358.84310359158377,3.3546325878594248,1210,1234,41,0,1193,1214,350611,18,1,0,17,20
2020-07-24,US,Pennsylvania,Wyoming,56,7,0,41.51955538,-76.01074915,42131.0,209.00201537657685,12.5,49,56,7,0,49,53,27046,0,0,0,0,3
2020-07-24,US,Pennsylvania,York,2119,79,0,39.9210089,-76.73040131,42133.0,471.87668408089826,3.7281736668239738,2040,2098,78,0,2020,2067,448273,21,1,0,20,31
2020-07-24,US,Puerto Rico,Adjuntas,73,0,0,18.180117000000006,-66.754367,72001.0,374.68562336395826,0.0,73,72,0,0,72,72,,1,0,0,1,0
2020-07-24,US,Puerto Rico,Aguada,84,0,0,18.360255,-67.17513100000001,72003.0,200.1954288710408,0.0,84,82,0,0,82,78,,2,0,0,2,4
2020-07-24,US,Puerto Rico,Aguadilla,135,0,0,18.459681,-67.12081500000001,72005.0,221.49666114292282,0.0,135,130,0,0,130,121,,5,0,0,5,9
2020-07-24,US,Puerto Rico,Aguas Buenas,87,0,0,18.251619,-66.126806,72007.0,303.56955930074315,0.0,87,85,0,0,85,83,,2,0,0,2,2
2020-07-24,US,Puerto Rico,Aibonito,64,0,0,18.131361,-66.264131,72009.0,247.1042471042471,0.0,64,64,0,0,64,62,,0,0,0,0,2
2020-07-24,US,Puerto Rico,Anasco,97,0,0,18.287985,-67.120611,72011.0,331.4992652335874,0.0,97,97,0,0,97,92,,0,0,0,0,5
2020-07-24,US,Puerto Rico,Arecibo,208,0,0,18.406631,-66.675077,72013.0,215.67814184985482,0.0,208,202,0,0,202,193,,6,0,0,6,9
2020-07-24,US,Puerto Rico,Arroyo,68,0,0,17.998457000000005,-66.056546,72015.0,347.38186462324387,0.0,68,67,0,0,67,67,,1,0,0,1,0
2020-07-24,US,Puerto Rico,Barceloneta,46,0,0,18.445533,-66.56053100000001,72017.0,185.364281108962,0.0,46,43,0,0,43,40,,3,0,0,3,3
2020-07-24,US,Puerto Rico,Barranquitas,147,0,0,18.201592,-66.30963,72019.0,484.860478923412,0.0,147,138,0,0,138,135,,9,0,0,9,3
2020-07-24,US,Puerto Rico,Bayamon,864,0,0,18.34946,-66.168435,72021.0,415.15308770108976,0.0,864,839,0,0,839,792,,25,0,0,25,47
2020-07-24,US,Puerto Rico,Cabo Rojo,150,0,0,18.040993,-67.154391,72023.0,294.59708938075687,0.0,150,144,0,0,144,142,,6,0,0,6,2
2020-07-24,US,Puerto Rico,Caguas,470,0,0,18.211615,-66.050779,72025.0,328.91744172212776,0.0,470,456,0,0,456,439,,14,0,0,14,17
2020-07-24,US,Puerto Rico,Camuy,75,0,0,18.418578,-66.860206,72027.0,213.31664723114991,0.0,75,70,0,0,70,70,,5,0,0,5,0
2020-07-24,US,Puerto Rico,Canovanas,242,0,0,18.328802,-65.887612,72029.0,507.8912021490934,0.0,242,236,0,0,236,228,,6,0,0,6,8
2020-07-24,US,Puerto Rico,Carolina,698,0,0,18.374986,-65.95683100000001,72031.0,394.88125275794573,0.0,698,676,0,0,676,647,,22,0,0,22,29
2020-07-24,US,Puerto Rico,Catano,112,0,0,18.437269,-66.14330600000001,72033.0,398.0099502487562,0.0,112,104,0,0,104,102,,8,0,0,8,2
2020-07-24,US,Puerto Rico,Cayey,146,0,0,18.102851,-66.14914,72035.0,303.4144516718968,0.0,146,142,0,0,142,138,,4,0,0,4,4
2020-07-24,US,Puerto Rico,Ceiba,46,0,0,18.251818,-65.666416,72037.0,337.46606998752844,0.0,46,45,0,0,45,43,,1,0,0,1,2
2020-07-24,US,Puerto Rico,Ciales,96,0,0,18.28885,-66.516475,72039.0,511.1276754339262,0.0,96,89,0,0,89,83,,7,0,0,7,6
2020-07-24,US,Puerto Rico,Cidra,108,0,0,18.173559,-66.161179,72041.0,248.39006439742408,0.0,108,107,0,0,107,103,,1,0,0,1,4
2020-07-24,US,Puerto Rico,Coamo,83,0,0,18.097597,-66.36014,72043.0,204.87756714060032,0.0,83,79,0,0,79,75,,4,0,0,4,4
2020-07-24,US,Puerto Rico,Comerio,89,0,0,18.224687,-66.221622,72045.0,428.3376648378092,0.0,89,86,0,0,86,84,,3,0,0,3,2
2020-07-24,US,Puerto Rico,Corozal,98,0,0,18.304264,-66.327738,72047.0,263.8522427440633,0.0,98,92,0,0,92,89,,6,0,0,6,3
2020-07-24,US,Puerto Rico,Culebra,13,0,0,18.31586,-65.28813000000001,72049.0,715.0715071507152,0.0,13,13,0,0,13,13,,0,0,0,0,0
2020-07-24,US,Puerto Rico,Dorado,198,0,0,18.436115,-66.278669,72051.0,518.7999475959649,0.0,198,189,0,0,189,186,,9,0,0,9,3
2020-07-24,US,Puerto Rico,Fajardo,152,0,0,18.318373,-65.666866,72053.0,410.8885464817668,0.0,152,144,0,0,144,135,,8,0,0,8,9
2020-07-24,US,Puerto Rico,Florida,102,0,0,18.373715,-66.560488,72054.0,804.4164037854889,0.0,102,100,0,0,100,88,,2,0,0,2,12
2020-07-24,US,Puerto Rico,Guanica,52,0,0,17.982429,-66.91964300000001,72055.0,267.66870849848146,0.0,52,51,0,0,51,51,,1,0,0,1,0
2020-07-24,US,Puerto Rico,Guayama,110,0,0,18.007516,-66.13390799999999,72057.0,242.493717208236,0.0,110,105,0,0,105,104,,5,0,0,5,1
2020-07-24,US,Puerto Rico,Guayanilla,97,0,0,18.039942,-66.79186,72059.0,449.4694407117372,0.0,97,94,0,0,94,94,,3,0,0,3,0
2020-07-24,US,Puerto Rico,Guaynabo,581,0,0,18.345114,-66.11452299999999,72061.0,593.3172664515339,0.0,581,568,0,0,568,553,,13,0,0,13,15
2020-07-24,US,Puerto Rico,Gurabo,167,0,0,18.266461,-65.97970500000001,72063.0,368.0927505565474,0.0,167,163,0,0,163,156,,4,0,0,4,7
2020-07-24,US,Puerto Rico,Hatillo,71,0,0,18.410928,-66.79632600000001,72065.0,169.23700331323147,0.0,71,70,0,0,70,65,,1,0,0,1,5
2020-07-24,US,Puerto Rico,Hormigueros,71,0,0,18.134532,-67.113972,72067.0,411.5942028985508,0.0,71,71,0,0,71,68,,0,0,0,0,3
2020-07-24,US,Puerto Rico,Humacao,130,0,0,18.145211,-65.810174,72069.0,222.351452126022,0.0,130,128,0,0,128,125,,2,0,0,2,3
2020-07-24,US,Puerto Rico,Isabela,93,0,0,18.44981,-67.005093,72071.0,203.80881418334027,0.0,93,88,0,0,88,84,,5,0,0,5,4
2020-07-24,US,Puerto Rico,Jayuya,172,0,0,18.211446,-66.58878,72073.0,1033.5296238432882,0.0,172,171,0,0,171,169,,1,0,0,1,2
2020-07-24,US,Puerto Rico,Juana Diaz,146,0,0,18.050764,-66.49458100000001,72075.0,182.7352716622652,0.0,146,140,0,0,140,135,,6,0,0,6,5
2020-07-24,US,Puerto Rico,Juncos,82,0,0,18.223793,-65.909109,72077.0,203.5244477537851,0.0,82,75,0,0,75,75,,7,0,0,7,0
2020-07-24,US,Puerto Rico,Lajas,62,0,0,18.011661,-67.040585,72079.0,240.74865064264358,0.0,62,61,0,0,61,60,,1,0,0,1,1
2020-07-24,US,Puerto Rico,Lares,110,0,0,18.269035,-66.867236,72081.0,357.688680779111,0.0,110,107,0,0,107,103,,3,0,0,3,4
2020-07-24,US,Puerto Rico,Las Marias,38,0,0,18.23679,-66.98362,72083.0,384.57645987248253,0.0,38,36,0,0,36,34,,2,0,0,2,2
2020-07-24,US,Puerto Rico,Las Piedras,113,0,0,18.187527,-65.86946800000001,72085.0,292.17840982546863,0.0,113,109,0,0,109,107,,4,0,0,4,2
2020-07-24,US,Puerto Rico,Loiza,67,0,0,18.425688,-65.89943000000001,72087.0,222.88755821689952,0.0,67,65,0,0,65,65,,2,0,0,2,0
2020-07-24,US,Puerto Rico,Luquillo,77,0,0,18.342114,-65.72509699999999,72089.0,383.6954355192346,0.0,77,73,0,0,73,73,,4,0,0,4,0
2020-07-24,US,Puerto Rico,Manati,114,0,0,18.420473,-66.490461,72091.0,258.4272210006121,0.0,114,107,0,0,107,101,,7,0,0,7,6
2020-07-24,US,Puerto Rico,Maricao,36,0,0,18.171795,-66.942126,72093.0,573.6137667304015,0.0,36,36,0,0,36,36,,0,0,0,0,0
2020-07-24,US,Puerto Rico,Maunabo,41,0,0,18.017889,-65.922235,72095.0,335.37832310838445,0.0,41,41,0,0,41,39,,0,0,0,0,2
2020-07-24,US,Puerto Rico,Mayaguez,355,0,0,18.2013,-67.1452,72097.0,398.5181859003144,0.0,355,341,0,0,341,336,,14,0,0,14,5
2020-07-24,US,Puerto Rico,Moca,113,0,0,18.377805,-67.080952,72099.0,281.73227953825824,0.0,113,104,0,0,104,99,,9,0,0,9,5
2020-07-24,US,Puerto Rico,Morovis,155,0,0,18.316963,-66.420383,72101.0,475.3143207605029,0.0,155,141,0,0,141,134,,14,0,0,14,7
2020-07-24,US,Puerto Rico,Naguabo,65,0,0,18.230637,-65.753897,72103.0,243.26347305389226,0.0,65,64,0,0,64,64,,1,0,0,1,0
2020-07-24,US,Puerto Rico,Naranjito,145,0,0,18.288019,-66.252703,72105.0,476.9423064272088,0.0,145,127,0,0,127,125,,18,0,0,18,2
2020-07-24,US,Puerto Rico,Orocovis,134,0,0,18.215046,-66.433604,72107.0,572.0872646543995,0.0,134,126,0,0,126,119,,8,0,0,8,7
2020-07-24,US,Puerto Rico,Out of PR,526,0,0,0.0,0.0,72888.0,0.0,0.0,526,499,0,0,499,481,,27,0,0,27,18
2020-07-24,US,Puerto Rico,Patillas,85,0,0,18.03174,-66.012242,72109.0,440.9399802873891,0.0,85,83,0,0,83,77,,2,0,0,2,6
2020-07-24,US,Puerto Rico,Penuelas,48,0,0,18.059645,-66.721572,72111.0,197.677291821102,0.0,48,48,0,0,48,48,,0,0,0,0,0
2020-07-24,US,Puerto Rico,Ponce,350,0,0,18.059498,-66.613748,72113.0,210.4288540044611,0.0,350,331,0,0,331,325,,19,0,0,19,6
2020-07-24,US,Puerto Rico,Quebradillas,55,0,0,18.439692,-66.926113,72115.0,212.19954473552212,0.0,55,55,0,0,55,55,,0,0,0,0,0
2020-07-24,US,Puerto Rico,Rincon,75,0,0,18.335443,-67.23174,72117.0,493.4210526315789,0.0,75,73,0,0,73,69,,2,0,0,2,4
2020-07-24,US,Puerto Rico,Rio Grande,184,0,0,18.346329,-65.813742,72119.0,338.8332351208014,0.0,184,177,0,0,177,172,,7,0,0,7,5
2020-07-24,US,Puerto Rico,Sabana Grande,97,0,0,18.08282,-66.943758,72121.0,383.9303384128241,0.0,97,95,0,0,95,94,,2,0,0,2,1
2020-07-24,US,Puerto Rico,Salinas,128,0,0,18.010386999999994,-66.256592,72123.0,411.8669155029282,0.0,128,127,0,0,127,124,,1,0,0,1,3
2020-07-24,US,Puerto Rico,San German,115,0,0,18.111484,-67.03858100000001,72125.0,323.69746953021644,0.0,115,114,0,0,114,112,,1,0,0,1,2
2020-07-24,US,Puerto Rico,San Juan,1843,0,0,18.386933,-66.061128,72127.0,466.1975179978044,0.0,1843,1801,0,0,1801,1721,,42,0,0,42,80
2020-07-24,US,Puerto Rico,San Lorenzo,107,0,0,18.147987,-65.976392,72129.0,260.6069462711286,0.0,107,101,0,0,101,98,,6,0,0,6,3
2020-07-24,US,Puerto Rico,San Sebastian,144,0,0,18.328646,-66.971214,72131.0,339.3825123733208,0.0,144,142,0,0,142,141,,2,0,0,2,1
2020-07-24,US,Puerto Rico,Santa Isabel,76,0,0,17.994525,-66.388913,72133.0,326.54464208988566,0.0,76,75,0,0,75,73,,1,0,0,1,2
2020-07-24,US,Puerto Rico,Toa Alta,307,0,0,18.362406,-66.246616,72135.0,414.49517997461726,0.0,307,301,0,0,301,292,,6,0,0,6,9
2020-07-24,US,Puerto Rico,Toa Baja,308,0,0,18.431446,-66.213553,72137.0,343.7154750080906,0.0,308,296,0,0,296,287,,12,0,0,12,9
2020-07-24,US,Puerto Rico,Trujillo Alto,314,0,0,18.336159,-65.99888399999999,72139.0,419.55051976163116,0.0,314,304,0,0,304,281,,10,0,0,10,23
2020-07-24,US,Puerto Rico,Unassigned,301,191,0,0.0,0.0,72999.0,0.0,63.455149501661126,110,281,188,0,93,317,,20,3,0,17,-36
2020-07-24,US,Puerto Rico,Utuado,47,0,0,18.271214,-66.702984,72141.0,141.7840658843404,0.0,47,45,0,0,45,43,,2,0,0,2,2
2020-07-24,US,Puerto Rico,Vega Alta,136,0,0,18.409346,-66.33725,72143.0,340.41701083827684,0.0,136,130,0,0,130,129,,6,0,0,6,1
2020-07-24,US,Puerto Rico,Vega Baja,239,0,0,18.428262,-66.397924,72145.0,400.58999027856925,0.0,239,224,0,0,224,216,,15,0,0,15,8
2020-07-24,US,Puerto Rico,Vieques,31,0,0,18.123276,-65.44097099999999,72147.0,333.29749489302225,0.0,31,31,0,0,31,30,,0,0,0,0,1
2020-07-24,US,Puerto Rico,Villalba,67,0,0,18.127951,-66.473115,72149.0,256.97081271813755,0.0,67,66,0,0,66,64,,1,0,0,1,2
2020-07-24,US,Puerto Rico,Yabucoa,69,0,0,18.070399,-65.896289,72151.0,181.8613109828418,0.0,69,65,0,0,65,64,,4,0,0,4,1
2020-07-24,US,Puerto Rico,Yauco,167,0,0,18.080374,-66.858814,72153.0,397.2123778036772,0.0,167,156,0,0,156,151,,11,0,0,11,5
2020-07-24,US,Rhode Island,Bristol,290,0,0,41.71018079,-71.28652315,44001.0,598.1971575321272,0.0,290,290,0,0,290,290,48649,0,0,0,0,0
2020-07-24,US,Rhode Island,Kent,1351,0,0,41.67106337,-71.57641596,44003.0,822.3163635478294,0.0,1351,1351,0,0,1351,1351,163861,0,0,0,0,0
2020-07-24,US,Rhode Island,Newport,365,0,0,41.5642026,-71.26569799,44005.0,444.6772739455666,0.0,365,365,0,0,365,365,82542,0,0,0,0,0
2020-07-24,US,Rhode Island,Providence,14033,0,0,41.87064746,-71.57753536,44007.0,2196.324798765438,0.0,14033,14033,0,0,14033,14033,636084,0,0,0,0,0
2020-07-24,US,Rhode Island,Unassigned,1611,1002,0,0.0,0.0,90044.0,0.0,62.1973929236499,609,1535,1001,0,534,1449,,76,1,0,75,86
2020-07-24,US,Rhode Island,Washington,574,0,0,41.45961631,-71.61435303,44009.0,457.0900722266021,0.0,574,574,0,0,574,574,126179,0,0,0,0,0
2020-07-24,US,South Carolina,Abbeville,260,2,0,34.22333378,-82.46170658,45001.0,1060.0562645248094,0.7692307692307693,258,255,2,0,253,249,24541,5,0,0,5,6
2020-07-24,US,South Carolina,Aiken,1162,22,0,33.54338026,-81.63645384,45003.0,680.0412004307317,1.8932874354561104,1140,1123,20,0,1103,1109,169401,39,2,0,37,14
2020-07-24,US,South Carolina,Allendale,136,3,0,32.98837386,-81.35321066,45005.0,1565.377532228361,2.2058823529411766,133,136,3,0,133,132,8903,0,0,0,0,4
2020-07-24,US,South Carolina,Anderson,1625,32,0,34.51828081,-82.63959517,45007.0,802.2393586034617,1.9692307692307691,1593,1572,31,0,1541,1519,200482,53,1,0,52,53
2020-07-24,US,South Carolina,Bamberg,349,5,0,33.21927586,-81.05659969,45009.0,2481.160244561353,1.4326647564469914,344,336,4,0,332,328,14275,13,1,0,12,8
2020-07-24,US,South Carolina,Barnwell,252,2,0,33.26679302,-81.43584352,45011.0,1207.7063164957347,0.7936507936507936,250,240,2,0,238,231,21112,12,0,0,12,9
2020-07-24,US,South Carolina,Beaufort,2815,33,0,32.39226291,-80.72619758,45013.0,1465.214811421909,1.172291296625222,2782,2725,31,0,2694,2663,188715,90,2,0,88,62
2020-07-24,US,South Carolina,Berkeley,3331,45,0,33.20222596,-79.94654523,45015.0,1461.5610753509106,1.3509456619633744,3286,3258,41,0,3217,3177,221091,73,4,0,69,81
2020-07-24,US,South Carolina,Calhoun,253,3,0,33.66926881,-80.77722168,45017.0,1738.4731670445956,1.1857707509881423,250,243,3,0,240,233,14520,10,0,0,10,10
2020-07-24,US,South Carolina,Charleston,10355,120,0,32.82487866,-79.96512315,45019.0,2516.9783620073604,1.1588604538870109,10235,10134,120,0,10014,9968,405905,221,0,0,221,166
2020-07-24,US,South Carolina,Cherokee,448,15,0,35.05122251,-81.61828622,45021.0,781.849912739965,3.3482142857142856,433,389,14,0,375,379,57078,59,1,0,58,10
2020-07-24,US,South Carolina,Chester,428,6,0,34.69249168,-81.1583216,45023.0,1327.3787371293884,1.4018691588785046,422,410,6,0,404,397,32251,18,0,0,18,13
2020-07-24,US,South Carolina,Chesterfield,597,18,0,34.64137396,-80.15640140000002,45025.0,1307.776560788609,3.0150753768844223,579,581,18,0,563,565,45754,16,0,0,16,16
2020-07-24,US,South Carolina,Clarendon,655,48,0,33.66610974,-80.21647898,45027.0,1941.028300488961,7.32824427480916,607,632,48,0,584,608,33700,23,0,0,23,24
2020-07-24,US,South Carolina,Colleton,641,29,0,32.87582989,-80.67641292,45029.0,1701.3031823128174,4.5241809672386895,612,628,29,0,599,617,37660,13,0,0,13,11
2020-07-24,US,South Carolina,Darlington,825,24,0,34.33358335,-79.96027485,45031.0,1238.40403494551,2.9090909090909087,801,796,23,0,773,783,66802,29,1,0,28,13
2020-07-24,US,South Carolina,Dillon,480,21,0,34.39007791,-79.37741872,45033.0,1574.854818071459,4.375,459,471,20,0,451,462,30599,9,1,0,8,9
2020-07-24,US,South Carolina,Dorchester,2375,29,0,33.0794369,-80.40502652,45035.0,1458.7645646125213,1.2210526315789474,2346,2287,25,0,2262,2246,160647,88,4,0,84,41
2020-07-24,US,South Carolina,Edgefield,201,5,0,33.77221995,-81.96231108,45037.0,737.3440939104918,2.487562189054726,196,187,4,0,183,185,27052,14,1,0,13,2
2020-07-24,US,South Carolina,Fairfield,468,23,0,34.39287073,-81.1195624,45039.0,2094.2408376963353,4.914529914529915,445,461,23,0,438,457,22402,7,0,0,7,4
2020-07-24,US,South Carolina,Florence,2367,75,0,34.02361754,-79.70189312,45041.0,1711.5833773220627,3.168567807351077,2292,2258,74,0,2184,2194,138159,109,1,0,108,64
2020-07-24,US,South Carolina,Georgetown,1072,14,0,33.43443342,-79.33202141,45043.0,1710.274409700064,1.3059701492537314,1058,1049,13,0,1036,1033,62249,23,1,0,22,16
2020-07-24,US,South Carolina,Greenville,9135,151,0,34.89502264,-82.37295012,45045.0,1744.8456857329495,1.6529830322933772,8984,8965,142,0,8823,8832,514213,170,9,0,161,133
2020-07-24,US,South Carolina,Greenwood,1096,14,0,34.15272415,-82.12715789,45047.0,1547.7821242462326,1.2773722627737227,1082,1075,14,0,1061,1056,70741,21,0,0,21,19
2020-07-24,US,South Carolina,Hampton,231,4,0,32.77419582,-81.13845571,45049.0,1201.7479970866714,1.7316017316017316,227,206,4,0,202,202,19351,25,0,0,25,4
2020-07-24,US,South Carolina,Horry,7300,102,0,33.9212828,-78.99555293,45051.0,2061.6751534253463,1.3972602739726028,7198,7178,98,0,7080,7086,344147,122,4,0,118,92
2020-07-24,US,South Carolina,Jasper,401,6,0,32.43171982,-81.02487495,45053.0,1333.4220064509693,1.4962593516209477,395,388,5,0,383,381,28971,13,1,0,12,7
2020-07-24,US,South Carolina,Kershaw,1106,19,0,34.33988254,-80.58763164,45055.0,1661.8833676428603,1.7179023508137432,1087,1087,19,0,1068,1066,65592,19,0,0,19,21
2020-07-24,US,South Carolina,Lancaster,868,20,0,34.68270843,-80.70513032,45057.0,885.605844182345,2.3041474654377883,848,842,19,0,823,823,95380,26,1,0,25,19
2020-07-24,US,South Carolina,Laurens,1077,26,0,34.48244419,-82.00490796,45059.0,1595.7210377372473,2.4141132776230267,1051,1034,24,0,1010,1003,66994,43,2,0,41,31
2020-07-24,US,South Carolina,Lee,420,25,0,34.16393091,-80.25690731,45061.0,2495.840266222962,5.9523809523809526,395,412,25,0,387,404,17142,8,0,0,8,8
2020-07-24,US,South Carolina,Lexington,4076,80,0,33.89665987,-81.27146426,45063.0,1364.3514644351465,1.9627085377821396,3996,3954,79,0,3875,3849,295032,122,1,0,121,105
2020-07-24,US,South Carolina,Marion,436,12,0,34.07859748,-79.36400756,45067.0,1422.1874286459865,2.7522935779816518,424,425,11,0,414,419,31039,11,1,0,10,6
2020-07-24,US,South Carolina,Marlboro,384,4,0,34.59905577,-79.67561152,45069.0,1470.2504020215945,1.0416666666666667,380,379,4,0,375,372,26398,5,0,0,5,7
2020-07-24,US,South Carolina,McCormick,92,2,0,33.90161443,-82.30794338,45065.0,972.2075451759483,2.1739130434782608,90,91,2,0,89,85,9410,1,0,0,1,6
2020-07-24,US,South Carolina,Newberry,642,6,0,34.28629098,-81.59935761,45071.0,1670.1352757544225,0.9345794392523364,636,620,6,0,614,607,38520,22,0,0,22,13
2020-07-24,US,South Carolina,Oconee,632,2,0,34.75225169,-83.06742317,45073.0,794.5088376536847,0.3164556962025317,630,615,2,0,613,585,78374,17,0,0,17,30
2020-07-24,US,South Carolina,Orangeburg,1808,46,0,33.4391073,-80.79886287,45075.0,2098.0562808239047,2.5442477876106198,1762,1743,42,0,1701,1697,86934,65,4,0,61,46
2020-07-24,US,South Carolina,Pickens,1516,16,0,34.88807695,-82.72791551,45077.0,1194.792093565777,1.0554089709762533,1500,1494,16,0,1478,1484,124937,22,0,0,22,10
2020-07-24,US,South Carolina,Richland,6845,124,0,34.01791263,-80.90267209,45079.0,1646.3864883261695,1.8115412710007304,6721,6687,122,0,6565,6581,414576,158,2,0,156,106
2020-07-24,US,South Carolina,Saluda,368,6,0,34.00795823,-81.72713237,45081.0,1797.4893762516485,1.6304347826086956,362,366,5,0,361,366,20544,2,1,0,1,0
2020-07-24,US,South Carolina,Spartanburg,3347,71,0,34.92960077,-81.99225984,45083.0,1046.6407117281924,2.1213026590977,3276,3298,69,0,3229,3252,313888,49,2,0,47,46
2020-07-24,US,South Carolina,Sumter,2037,38,0,33.91826534,-80.37942316,45085.0,1908.7152481704632,1.865488463426608,1999,1970,35,0,1935,1877,106512,67,3,0,64,93
2020-07-24,US,South Carolina,Union,255,1,0,34.68835752,-81.61730349,45087.0,933.5188168106604,0.392156862745098,254,249,1,0,248,238,27410,6,0,0,6,11
2020-07-24,US,South Carolina,Williamsburg,714,18,0,33.62190129,-79.72767442,45089.0,2351.159114857745,2.5210084033613445,696,690,18,0,672,671,30606,24,0,0,24,19
2020-07-24,US,South Carolina,York,2726,18,0,34.97281497,-81.18085944,45091.0,970.1792660661473,0.6603081438004402,2708,2667,18,0,2649,2571,274118,59,0,0,59,96
2020-07-24,US,South Dakota,Aurora,37,0,0,43.71757685,-98.56050467,46003.0,1344.9654671028716,0.0,37,36,0,0,36,36,2801,1,0,0,1,0
2020-07-24,US,South Dakota,Beadle,576,9,0,44.41464384,-98.27858469,46005.0,3121.443667696309,1.5625,567,575,9,0,566,574,18883,1,0,0,1,1
2020-07-24,US,South Dakota,Bennett,5,0,0,43.19486375,-101.6665572,46007.0,148.5884101040119,0.0,5,5,0,0,5,5,3468,0,0,0,0,0
2020-07-24,US,South Dakota,Bon Homme,13,0,0,42.98914167,-97.88592746,46009.0,188.37849587016373,0.0,13,13,0,0,13,13,6980,0,0,0,0,0
2020-07-24,US,South Dakota,Brookings,108,0,0,44.36974375,-96.79079945,46011.0,307.89406163582976,0.0,108,107,0,0,107,107,35232,1,0,0,1,0
2020-07-24,US,South Dakota,Brown,373,2,0,45.58994323,-98.35165355,46013.0,960.3748809186642,0.5361930294906166,371,371,2,0,369,369,39316,2,0,0,2,2
2020-07-24,US,South Dakota,Brule,38,0,0,43.71756379,-99.08118954,46015.0,717.3872003020577,0.0,38,38,0,0,38,38,5229,0,0,0,0,0
2020-07-24,US,South Dakota,Buffalo,104,3,0,44.07657829,-99.20814467,46017.0,5300.713557594291,2.8846153846153846,101,104,3,0,101,105,2036,0,0,0,0,-1
2020-07-24,US,South Dakota,Butte,8,1,0,44.90608745,-103.5079318,46019.0,76.7091763352191,12.5,7,7,1,0,6,7,10222,1,0,0,1,0
2020-07-24,US,South Dakota,Campbell,1,0,0,45.77074915,-100.0510181,46021.0,72.67441860465118,0.0,1,1,0,0,1,1,1377,0,0,0,0,0
2020-07-24,US,South Dakota,Charles Mix,99,0,0,43.20660134,-98.58856175,46023.0,1065.4326302195436,0.0,99,98,0,0,98,98,9338,1,0,0,1,0
2020-07-24,US,South Dakota,Clark,16,0,0,44.85834507,-97.72925109,46025.0,428.2655246252677,0.0,16,16,0,0,16,16,3739,0,0,0,0,0
2020-07-24,US,South Dakota,Clay,103,0,0,42.91296147,-96.97656917,46027.0,732.0540156361052,0.0,103,101,0,0,101,100,14041,2,0,0,2,1
2020-07-24,US,South Dakota,Codington,109,0,0,44.97788119,-97.18827677,46029.0,389.1606269413404,0.0,109,109,0,0,109,108,28015,0,0,0,0,1
2020-07-24,US,South Dakota,Corson,24,0,0,45.70889983,-101.1970473,46031.0,587.3715124816448,0.0,24,23,0,0,23,23,4165,1,0,0,1,0
2020-07-24,US,South Dakota,Custer,11,0,0,43.67741105,-103.45345209999999,46033.0,122.60365581810076,0.0,11,11,0,0,11,11,8726,0,0,0,0,0
2020-07-24,US,South Dakota,Davison,76,0,0,43.67490933,-98.14458906,46035.0,384.3236409608091,0.0,76,75,0,0,75,73,19790,1,0,0,1,2
2020-07-24,US,South Dakota,Day,20,0,0,45.367281,-97.60737498,46037.0,368.73156342182887,0.0,20,20,0,0,20,20,5505,0,0,0,0,0
2020-07-24,US,South Dakota,Deuel,6,0,0,44.75994309,-96.66943645,46039.0,137.89933348655478,0.0,6,6,0,0,6,5,4337,0,0,0,0,1
2020-07-24,US,South Dakota,Dewey,52,0,0,45.15639647,-100.8709139,46041.0,882.5526137135097,0.0,52,49,0,0,49,47,5904,3,0,0,3,2
2020-07-24,US,South Dakota,Douglas,16,0,0,43.38520741,-98.36978007,46043.0,547.757617254365,0.0,16,16,0,0,16,15,2935,0,0,0,0,1
2020-07-24,US,South Dakota,Edmunds,10,0,0,45.41846445,-99.21545423,46045.0,261.1647949856359,0.0,10,10,0,0,10,10,3875,0,0,0,0,0
2020-07-24,US,South Dakota,Fall River,14,0,0,43.23929297,-103.5275691,46047.0,208.5505735140772,0.0,14,14,0,0,14,14,6758,0,0,0,0,0
2020-07-24,US,South Dakota,Faulk,25,1,0,45.07082625,-99.14535601,46049.0,1087.4293170943888,4.0,24,24,1,0,23,24,2330,1,0,0,1,0
2020-07-24,US,South Dakota,Grant,18,0,0,45.1723937,-96.77002276,46051.0,255.24673851389682,0.0,18,18,0,0,18,17,7147,0,0,0,0,1
2020-07-24,US,South Dakota,Gregory,6,0,0,43.19419064,-99.18883902,46053.0,143.36917562724008,0.0,6,6,0,0,6,6,4212,0,0,0,0,0
2020-07-24,US,South Dakota,Haakon,1,0,0,44.29299053,-101.539099,46055.0,52.6592943654555,0.0,1,1,0,0,1,1,1918,0,0,0,0,0
2020-07-24,US,South Dakota,Hamlin,14,0,0,44.67385954,-97.18829593,46057.0,227.125243348475,0.0,14,14,0,0,14,14,6111,0,0,0,0,0
2020-07-24,US,South Dakota,Hand,7,0,0,44.54708407,-99.00386459,46059.0,219.36696960200558,0.0,7,7,0,0,7,7,3262,0,0,0,0,0
2020-07-24,US,South Dakota,Hanson,15,0,0,43.6746384,-97.78715148,46061.0,434.40486533449183,0.0,15,15,0,0,15,15,3376,0,0,0,0,0
2020-07-24,US,South Dakota,Hughes,81,2,0,44.39091534,-99.99661148,46065.0,462.1704895583704,2.469135802469136,79,81,2,0,79,78,17650,0,0,0,0,3
2020-07-24,US,South Dakota,Hutchinson,21,0,0,43.33449012,-97.75536441,46067.0,288.0263338362365,0.0,21,21,0,0,21,21,7380,0,0,0,0,0
2020-07-24,US,South Dakota,Hyde,3,0,0,44.54747703,-99.48572582,46069.0,230.59185242121444,0.0,3,3,0,0,3,3,1282,0,0,0,0,0
2020-07-24,US,South Dakota,Jackson,7,1,0,43.69318385,-101.6255063,46071.0,209.33014354066987,14.285714285714285,6,7,1,0,6,7,3307,0,0,0,0,0
2020-07-24,US,South Dakota,Jerauld,39,1,0,44.06637798,-98.62965972,46073.0,1937.4068554396426,2.5641025641025643,38,39,1,0,38,39,2043,0,0,0,0,0
2020-07-24,US,South Dakota,Jones,1,0,0,43.96278565,-100.6940008,46075.0,110.74197120708747,0.0,1,1,0,0,1,1,928,0,0,0,0,0
2020-07-24,US,South Dakota,Kingsbury,9,0,0,44.36956169,-97.4913945,46077.0,182.2231220894918,0.0,9,9,0,0,9,8,4919,0,0,0,0,1
2020-07-24,US,South Dakota,Lake,57,2,0,44.02193107,-97.12926365,46079.0,445.41689458466834,3.5087719298245608,55,56,2,0,54,54,13057,1,0,0,1,2
2020-07-24,US,South Dakota,Lawrence,25,0,0,44.35919441,-103.79294279999999,46081.0,96.73425166382911,0.0,25,26,0,0,26,24,25741,-1,0,0,-1,2
2020-07-24,US,South Dakota,Lincoln,448,1,0,43.27841182,-96.72039050000001,46083.0,732.8883653971992,0.22321428571428573,447,440,1,0,439,431,58807,8,0,0,8,9
2020-07-24,US,South Dakota,Lyman,84,1,0,43.89522709,-99.85201878,46085.0,2221.6344882306266,1.1904761904761905,83,84,1,0,83,84,3821,0,0,0,0,0
2020-07-24,US,South Dakota,Marshall,6,0,0,45.75870838,-97.59855639,46091.0,121.580547112462,0.0,6,6,0,0,6,6,5112,0,0,0,0,0
2020-07-24,US,South Dakota,McCook,23,1,0,43.6742571,-97.36863144,46087.0,411.7436448263516,4.3478260869565215,22,22,1,0,21,21,5546,1,0,0,1,1
2020-07-24,US,South Dakota,McPherson,6,0,0,45.76626028,-99.22118798,46089.0,252.20680958385879,0.0,6,6,0,0,6,6,2407,0,0,0,0,0
2020-07-24,US,South Dakota,Meade,64,1,0,44.56676791,-102.71627409999999,46093.0,225.89298319920937,1.5625,63,63,1,0,62,60,28294,1,0,0,1,3
2020-07-24,US,South Dakota,Mellette,21,0,0,43.58078848,-100.7563186,46095.0,1018.9228529839884,0.0,21,21,0,0,21,17,2042,0,0,0,0,4
2020-07-24,US,South Dakota,Miner,11,0,0,44.02197882,-97.60992207,46097.0,496.38989169675085,0.0,11,11,0,0,11,11,2213,0,0,0,0,0
2020-07-24,US,South Dakota,Minnehaha,3941,62,0,43.67441641,-96.7910885,46099.0,2040.5521554982558,1.573204770362852,3879,3920,62,0,3858,3907,192876,21,0,0,21,13
2020-07-24,US,South Dakota,Moody,26,0,0,44.02266214,-96.67081159,46101.0,395.37712895377126,0.0,26,26,0,0,26,26,6579,0,0,0,0,0
2020-07-24,US,South Dakota,Oglala Lakota,131,1,0,43.33749164,-102.55554980000001,46102.0,924.03188262679,0.7633587786259542,130,132,1,0,131,132,14309,-1,0,0,-1,0
2020-07-24,US,South Dakota,Pennington,767,26,0,44.0025835,-102.8240777,46103.0,674.1375521863326,3.3898305084745757,741,765,25,0,740,756,111729,2,1,0,1,9
2020-07-24,US,South Dakota,Perkins,4,0,0,45.49049506,-102.47555859999999,46105.0,139.61605584642234,0.0,4,4,0,0,4,4,2922,0,0,0,0,0
2020-07-24,US,South Dakota,Potter,1,0,0,45.06583079,-99.95498503,46107.0,46.44681839294008,0.0,1,1,0,0,1,,2207,0,0,0,0,
2020-07-24,US,South Dakota,Roberts,62,0,0,45.62975048,-96.94672673,46109.0,596.4979796036175,0.0,62,62,0,0,62,62,10447,0,0,0,0,0
2020-07-24,US,South Dakota,Sanborn,12,0,0,44.02351092,-98.09098159999999,46111.0,511.9453924914676,0.0,12,12,0,0,12,12,2429,0,0,0,0,0
2020-07-24,US,South Dakota,Spink,18,0,0,44.93837606,-98.34626602,46115.0,282.3086574654956,0.0,18,17,0,0,17,17,6495,1,0,0,1,0
2020-07-24,US,South Dakota,Stanley,14,0,0,44.41381872,-100.7349153,46117.0,451.9044544867656,0.0,14,14,0,0,14,14,3022,0,0,0,0,0
2020-07-24,US,South Dakota,Sully,1,0,0,44.71571812,-100.1278092,46119.0,71.89072609633357,0.0,1,1,0,0,1,1,1392,0,0,0,0,0
2020-07-24,US,South Dakota,Todd,66,3,0,43.19338568,-100.71955030000001,46121.0,648.5211751989781,4.545454545454546,63,66,3,0,63,66,10283,0,0,0,0,0
2020-07-24,US,South Dakota,Tripp,19,0,0,43.34459388,-99.8854891,46123.0,349.2005146112847,0.0,19,19,0,0,19,19,5478,0,0,0,0,0
2020-07-24,US,South Dakota,Turner,39,0,0,43.3109081,-97.14865776,46125.0,465.1717557251909,0.0,39,34,0,0,34,33,8424,5,0,0,5,1
2020-07-24,US,South Dakota,Union,171,2,0,42.83112163,-96.6557828,46127.0,1073.3115741903086,1.1695906432748535,169,168,2,0,166,166,15619,3,0,0,3,2
2020-07-24,US,South Dakota,Walworth,18,0,0,45.43019636,-100.03075140000001,46129.0,331.1867525298988,0.0,18,18,0,0,18,18,5587,0,0,0,0,0
2020-07-24,US,South Dakota,Yankton,96,2,0,43.00924485,-97.39467635,46135.0,420.7942491452617,2.083333333333333,94,95,2,0,93,91,22869,1,0,0,1,4
2020-07-24,US,South Dakota,Ziebach,3,0,0,44.97881876,-101.6654622,46137.0,108.8534107402032,0.0,3,3,0,0,3,3,2742,0,0,0,0,0
2020-07-24,US,Tennessee,Anderson,389,3,0,36.12684348,-84.19965764,47001.0,505.3391878198966,0.7712082262210797,386,374,3,0,371,335,76482,15,0,0,15,39
2020-07-24,US,Tennessee,Bedford,723,10,0,35.51123746,-86.45549096,47003.0,1454.3479572747574,1.3831258644536653,713,711,10,0,701,696,49038,12,0,0,12,15
2020-07-24,US,Tennessee,Benton,38,1,0,36.07110411,-88.06849355,47005.0,235.14851485148515,2.631578947368421,37,37,1,0,36,33,16184,1,0,0,1,4
2020-07-24,US,Tennessee,Bledsoe,646,1,0,35.59942968,-85.20611967,47007.0,4288.369622942114,0.15479876160990713,645,646,1,0,645,643,14755,0,0,0,0,3
2020-07-24,US,Tennessee,Blount,728,7,0,35.68938198,-83.92847788,47009.0,547.0064919451792,0.9615384615384616,721,709,7,0,702,663,131349,19,0,0,19,46
2020-07-24,US,Tennessee,Bradley,1359,9,0,35.15739424,-84.857186,47011.0,1257.0530015724726,0.6622516556291391,1350,1330,9,0,1321,1284,106727,29,0,0,29,46
2020-07-24,US,Tennessee,Campbell,122,1,0,36.40355516,-84.15108559999999,47013.0,306.20952763415494,0.819672131147541,121,115,1,0,114,106,39583,7,0,0,7,9
2020-07-24,US,Tennessee,Cannon,87,0,0,35.80990797,-86.05738983,47015.0,592.7238043330152,0.0,87,87,0,0,87,78,14462,0,0,0,0,9
2020-07-24,US,Tennessee,Carroll,109,2,0,35.97366108,-88.45189331,47017.0,392.55231029639504,1.834862385321101,107,107,2,0,105,90,28020,2,0,0,2,17
2020-07-24,US,Tennessee,Carter,266,3,0,36.28969086,-82.12588974,47019.0,471.7064779840755,1.1278195488721805,263,250,2,0,248,225,56351,16,1,0,15,25
2020-07-24,US,Tennessee,Cheatham,412,4,0,36.26136216,-87.08903581,47021.0,1013.1064499471316,0.9708737864077671,408,397,4,0,393,382,40439,15,0,0,15,15
2020-07-24,US,Tennessee,Chester,133,0,0,35.42527478,-88.6095842,47023.0,768.9194658033185,0.0,133,132,0,0,132,126,17276,1,0,0,1,6
2020-07-24,US,Tennessee,Claiborne,143,0,0,36.48319149,-83.65947309,47025.0,447.44829312556715,0.0,143,135,0,0,135,127,31756,8,0,0,8,8
2020-07-24,US,Tennessee,Clay,41,0,0,36.55151008,-85.53930419,47027.0,538.4110308601445,0.0,41,41,0,0,41,39,7717,0,0,0,0,2
2020-07-24,US,Tennessee,Cocke,258,1,0,35.9278914,-83.11828725,47029.0,716.5870458837908,0.3875968992248062,257,251,1,0,250,238,35774,7,0,0,7,13
2020-07-24,US,Tennessee,Coffee,234,0,0,35.49090731,-86.07311784,47031.0,414.0127388535032,0.0,234,233,0,0,233,221,55700,1,0,0,1,12
2020-07-24,US,Tennessee,Crockett,138,3,0,35.81830662,-89.14916269,47033.0,969.7821503865074,2.1739130434782608,135,130,3,0,127,115,14328,8,0,0,8,15
2020-07-24,US,Tennessee,Cumberland,287,6,0,35.95271721,-84.99840585,47035.0,474.22339722405815,2.0905923344947737,281,287,6,0,281,276,59673,0,0,0,0,11
2020-07-24,US,Tennessee,Davidson,17180,179,0,36.17007426,-86.78646056,47037.0,2474.990780011064,1.0419091967403955,17001,16956,179,0,16777,16695,692587,224,0,0,224,261
2020-07-24,US,Tennessee,DeKalb,195,1,0,35.97616272,-85.83689361,47041.0,951.683748169839,0.5128205128205128,194,192,1,0,191,184,20138,3,0,0,3,8
2020-07-24,US,Tennessee,Decatur,88,0,0,35.60048904,-88.11043779,47039.0,754.5228500385837,0.0,88,85,0,0,85,75,11706,3,0,0,3,10
2020-07-24,US,Tennessee,Dickson,447,0,0,36.14669837,-87.35891709,47043.0,828.575665455624,0.0,447,421,0,0,421,402,53446,26,0,0,26,19
2020-07-24,US,Tennessee,Dyer,416,5,0,36.05931946,-89.41542855,47045.0,1119.513442234721,1.2019230769230769,411,400,5,0,395,383,37320,16,0,0,16,17
2020-07-24,US,Tennessee,Fayette,512,8,0,35.19615831,-89.41399032,47047.0,1244.7426640410374,1.5625,504,510,8,0,502,495,40507,2,0,0,2,15
2020-07-24,US,Tennessee,Fentress,48,0,0,36.38128818,-84.92870012,47049.0,259.1372887761162,0.0,48,48,0,0,48,46,18217,0,0,0,0,2
2020-07-24,US,Tennessee,Franklin,180,3,0,35.15634626,-86.09201039,47051.0,426.4594389689158,1.6666666666666667,177,171,3,0,168,168,41890,9,0,0,9,3
2020-07-24,US,Tennessee,Gibson,360,1,0,35.99438059,-88.93358327,47053.0,732.7051065475342,0.2777777777777778,359,346,1,0,345,330,49045,14,0,0,14,16
2020-07-24,US,Tennessee,Giles,242,5,0,35.20222469,-87.03992678,47055.0,821.3412978550093,2.066115702479338,237,234,4,0,230,223,29503,8,1,0,7,11
2020-07-24,US,Tennessee,Grainger,98,0,0,36.27469206,-83.51254721,47057.0,420.2401372212693,0.0,98,97,0,0,97,92,23145,1,0,0,1,5
2020-07-24,US,Tennessee,Greene,248,5,0,36.17470125,-82.84691273,47059.0,359.061228626446,2.0161290322580645,243,243,4,0,239,237,69087,5,1,0,4,6
2020-07-24,US,Tennessee,Grundy,78,2,0,35.38433717,-85.72142731,47061.0,580.9190437178819,2.5641025641025643,76,77,2,0,75,74,13346,1,0,0,1,3
2020-07-24,US,Tennessee,Hamblen,827,6,0,36.21990035,-83.26586179,47063.0,1273.6008870545475,0.7255139056831923,821,793,6,0,787,743,64569,34,0,0,34,50
2020-07-24,US,Tennessee,Hamilton,4720,41,0,35.17670231,-85.16652245,47065.0,1283.292188230688,0.8686440677966102,4679,4604,41,0,4563,4523,364286,116,0,0,116,81
2020-07-24,US,Tennessee,Hancock,52,0,0,36.52692871,-83.22375847,47067.0,785.4984894259819,0.0,52,43,0,0,43,39,6549,9,0,0,9,4
2020-07-24,US,Tennessee,Hardeman,638,10,0,35.20772017,-88.99161161,47069.0,2546.90618762475,1.567398119122257,628,614,9,0,605,579,25220,24,1,0,23,35
2020-07-24,US,Tennessee,Hardin,270,7,0,35.19732531,-88.18593755,47071.0,1052.549508810229,2.592592592592593,263,260,7,0,253,238,25776,10,0,0,10,22
2020-07-24,US,Tennessee,Hawkins,175,2,0,36.44355426,-82.94885298,47073.0,308.17455006515684,1.1428571428571428,173,162,2,0,160,155,56530,13,0,0,13,7
2020-07-24,US,Tennessee,Haywood,229,4,0,35.58332824,-89.28536625,47075.0,1323.3934350439204,1.7467248908296944,225,224,4,0,220,206,17335,5,0,0,5,18
2020-07-24,US,Tennessee,Henderson,273,0,0,35.65581134,-88.38600175,47077.0,970.9428459650743,0.0,273,252,0,0,252,211,27847,21,0,0,21,41
2020-07-24,US,Tennessee,Henry,91,1,0,36.33160906,-88.30121797,47079.0,281.34178389241004,1.0989010989010992,90,88,1,0,87,75,32358,3,0,0,3,13
2020-07-24,US,Tennessee,Hickman,164,0,0,35.80609681,-87.47643507,47081.0,651.3623004210025,0.0,164,161,0,0,161,154,25063,3,0,0,3,7
2020-07-24,US,Tennessee,Houston,36,0,0,36.28872054,-87.71878828,47083.0,438.9708572125351,0.0,36,34,0,0,34,31,8263,2,0,0,2,3
2020-07-24,US,Tennessee,Humphreys,67,3,0,36.03958805,-87.77992872,47085.0,360.5639866537508,4.477611940298506,64,63,3,0,60,63,18486,4,0,0,4,0
2020-07-24,US,Tennessee,Jackson,93,0,0,36.36380466,-85.67239905,47087.0,789.0717800780587,0.0,93,91,0,0,91,90,11758,2,0,0,2,1
2020-07-24,US,Tennessee,Jefferson,330,1,0,36.04818632,-83.45148924,47089.0,605.5601431323976,0.30303030303030304,329,317,1,0,316,289,54012,13,0,0,13,28
2020-07-24,US,Tennessee,Johnson,57,0,0,36.45523950000001,-81.84886538,47091.0,320.44074657072184,0.0,57,54,0,0,54,52,17778,3,0,0,3,2
2020-07-24,US,Tennessee,Knox,2844,21,0,35.99508821,-83.94635435,47093.0,604.703676062537,0.7383966244725738,2823,2703,21,0,2682,2578,465289,141,0,0,141,125
2020-07-24,US,Tennessee,Lake,704,0,0,36.34180170000001,-89.48921915,47095.0,10034.207525655645,0.0,704,703,0,0,703,702,7411,1,0,0,1,1
2020-07-24,US,Tennessee,Lauderdale,302,6,0,35.75893438,-89.63015909999999,47097.0,1178.1687668240158,1.9867549668874167,296,287,6,0,281,268,25825,15,0,0,15,19
2020-07-24,US,Tennessee,Lawrence,342,6,0,35.21675201,-87.39787695,47099.0,774.7723256762268,1.7543859649122806,336,332,6,0,326,324,43734,10,0,0,10,8
2020-07-24,US,Tennessee,Lewis,25,0,0,35.52853208,-87.49022694,47101.0,203.78219758721886,0.0,25,27,0,0,27,22,12086,-2,0,0,-2,5
2020-07-24,US,Tennessee,Lincoln,170,1,0,35.13738622,-86.58910106,47103.0,494.674969446546,0.5882352941176471,169,165,1,0,164,152,34117,5,0,0,5,13
2020-07-24,US,Tennessee,Loudon,493,3,0,35.73939663,-84.31145275,47105.0,911.8147517940373,0.6085192697768763,490,484,3,0,481,443,53054,9,0,0,9,41
2020-07-24,US,Tennessee,Macon,753,11,0,36.53157855,-86.00778595,47111.0,3060.726770181286,1.4608233731739708,742,747,10,0,737,736,24265,6,1,0,5,11
2020-07-24,US,Tennessee,Madison,577,9,0,35.61181957,-88.84076036,47113.0,588.8716525146963,1.5597920277296362,568,562,8,0,554,530,97605,15,1,0,14,32
2020-07-24,US,Tennessee,Marion,148,4,0,35.12997174,-85.62265895,47115.0,511.98671602034113,2.702702702702702,144,143,4,0,139,135,28575,5,0,0,5,8
2020-07-24,US,Tennessee,Marshall,188,2,0,35.45798777,-86.76420988,47117.0,546.9090909090909,1.0638297872340423,186,178,2,0,176,173,33683,10,0,0,10,5
2020-07-24,US,Tennessee,Maury,792,4,0,35.618741299999996,-87.07462444,47119.0,821.6875719754738,0.5050505050505051,788,758,4,0,754,712,94340,34,0,0,34,46
2020-07-24,US,Tennessee,McMinn,402,20,0,35.42812616,-84.61520715,47107.0,747.2952373870693,4.975124378109452,382,393,20,0,373,384,53285,9,0,0,9,9
2020-07-24,US,Tennessee,McNairy,206,2,0,35.17468549,-88.5647812,47109.0,801.7435977270958,0.9708737864077671,204,195,1,0,194,178,25832,11,1,0,10,17
2020-07-24,US,Tennessee,Meigs,62,0,0,35.51558739,-84.81482914,47121.0,499.1144743197554,0.0,62,62,0,0,62,61,12306,0,0,0,0,1
2020-07-24,US,Tennessee,Monroe,239,7,0,35.44550387,-84.24902965,47123.0,513.4815769685251,2.928870292887029,232,225,7,0,218,213,46357,14,0,0,14,12
2020-07-24,US,Tennessee,Montgomery,1325,9,0,36.49609412,-87.38550661,47125.0,633.9925260654662,0.6792452830188679,1316,1288,9,0,1279,1222,205950,37,0,0,37,66
2020-07-24,US,Tennessee,Moore,35,0,0,35.27724699,-86.36230578,47127.0,539.4574599260171,0.0,35,35,0,0,35,34,6411,0,0,0,0,1
2020-07-24,US,Tennessee,Morgan,50,1,0,36.13248031,-84.64880098,47129.0,233.61211045180585,2.0,49,50,1,0,49,46,21579,0,0,0,0,4
2020-07-24,US,Tennessee,Obion,241,4,0,36.35732446,-89.14921589,47131.0,801.4899065482723,1.6597510373443984,237,230,4,0,226,191,30267,11,0,0,11,39
2020-07-24,US,Tennessee,Out of TN,2423,12,0,0.0,0.0,80047.0,0.0,0.4952538175815106,2411,2345,12,0,2333,2268,,78,0,0,78,77
2020-07-24,US,Tennessee,Overton,102,1,0,36.34117832,-85.28989535,47133.0,458.61247246077073,0.9803921568627452,101,102,1,0,101,100,22068,0,0,0,0,2
2020-07-24,US,Tennessee,Perry,57,0,0,35.63708728,-87.86139634,47135.0,705.7949479940564,0.0,57,56,0,0,56,53,8064,1,0,0,1,3
2020-07-24,US,Tennessee,Pickett,16,1,0,36.55606529,-85.07763299999998,47137.0,316.9572107765452,6.25,15,16,1,0,15,13,5082,0,0,0,0,3
2020-07-24,US,Tennessee,Polk,89,0,0,35.12245443,-84.52075859,47139.0,528.7547528517109,0.0,89,85,0,0,85,79,16898,4,0,0,4,6
2020-07-24,US,Tennessee,Putnam,1336,9,0,36.14005459,-85.50646123,47141.0,1664.901239952645,0.6736526946107785,1327,1313,9,0,1304,1275,78843,23,0,0,23,38
2020-07-24,US,Tennessee,Rhea,418,1,0,35.60536161,-84.93076643,47143.0,1260.2888413181774,0.23923444976076555,417,410,1,0,409,409,33044,8,0,0,8,1
2020-07-24,US,Tennessee,Roane,196,0,0,35.84923189,-84.52458689,47145.0,367.1649619722004,0.0,196,189,0,0,189,156,53140,7,0,0,7,33
2020-07-24,US,Tennessee,Robertson,1225,16,0,36.52454807,-86.87346725,47147.0,1705.8192806316406,1.3061224489795915,1209,1197,16,0,1181,1184,71012,28,0,0,28,13
2020-07-24,US,Tennessee,Rutherford,5127,45,0,35.84591405,-86.4107263,47149.0,1542.9525858826007,0.8777062609713283,5082,5016,45,0,4971,4828,324890,111,0,0,111,188
2020-07-24,US,Tennessee,Scott,43,0,0,36.42325673,-84.50360494,47151.0,194.85227478702203,0.0,43,39,0,0,39,39,22039,4,0,0,4,0
2020-07-24,US,Tennessee,Sequatchie,71,0,0,35.36979721,-85.41022136,47153.0,472.5143085318781,0.0,71,69,0,0,69,68,14876,2,0,0,2,1
2020-07-24,US,Tennessee,Sevier,1302,4,0,35.78077323,-83.52244332,47155.0,1325.1908396946565,0.30721966205837176,1298,1269,4,0,1265,1174,97892,33,0,0,33,95
2020-07-24,US,Tennessee,Shelby,17693,263,0,35.1864775,-89.89692423,47157.0,1887.9259384143256,1.4864635731645284,17430,17278,260,0,17018,16966,935764,415,3,0,412,312
2020-07-24,US,Tennessee,Smith,274,2,0,36.25359775,-85.95411046,47159.0,1359.329265267649,0.7299270072992701,272,268,2,0,266,261,19942,6,0,0,6,7
2020-07-24,US,Tennessee,Stewart,54,0,0,36.50235092,-87.83920548,47161.0,393.7294932555596,0.0,54,50,0,0,50,48,13561,4,0,0,4,2
2020-07-24,US,Tennessee,Sullivan,526,6,0,36.51240691,-82.30412917,47163.0,332.17975598049867,1.1406844106463878,520,489,6,0,483,457,157668,37,0,0,37,32
2020-07-24,US,Tennessee,Sumner,2790,67,0,36.46824103,-86.45917204,47165.0,1458.5718542682835,2.401433691756272,2723,2721,65,0,2656,2670,187149,69,2,0,67,51
2020-07-24,US,Tennessee,Tipton,899,8,0,35.501942,-89.73694895,47167.0,1459.4392766116332,0.8898776418242491,891,877,8,0,869,840,61581,22,0,0,22,37
2020-07-24,US,Tennessee,Trousdale,1560,6,0,36.39026213,-86.16087954,47169.0,13824.884792626728,0.38461538461538464,1554,1556,6,0,1550,1548,11012,4,0,0,4,8
2020-07-24,US,Tennessee,Unassigned,2714,3,0,0.0,0.0,90047.0,0.0,0.1105379513633014,2711,2721,3,0,2718,2707,,-7,0,0,-7,14
2020-07-24,US,Tennessee,Unicoi,84,0,0,36.10890856,-82.43709629,47171.0,469.7198456634793,0.0,84,77,0,0,77,75,17761,7,0,0,7,2
2020-07-24,US,Tennessee,Union,73,0,0,36.28590426,-83.83651902,47173.0,365.51171640296417,0.0,73,61,0,0,61,59,19688,12,0,0,12,2
2020-07-24,US,Tennessee,Van Buren,20,0,0,35.69864497,-85.45221699,47175.0,340.59945504087193,0.0,20,19,0,0,19,15,5765,1,0,0,1,4
2020-07-24,US,Tennessee,Warren,267,3,0,35.672829899999996,-85.77969117,47177.0,646.8493349807399,1.1235955056179776,264,262,3,0,259,248,40878,5,0,0,5,14
2020-07-24,US,Tennessee,Washington,577,0,0,36.29472368,-82.49454720000001,47179.0,445.99033816425117,0.0,577,523,0,0,523,502,128607,54,0,0,54,21
2020-07-24,US,Tennessee,Wayne,174,1,0,35.23868267,-87.78644456,47181.0,1043.6034306963354,0.5747126436781609,173,169,0,0,169,159,16558,5,1,0,4,10
2020-07-24,US,Tennessee,Weakley,128,1,0,36.29896232,-88.71990865,47183.0,384.0614498319731,0.78125,127,123,1,0,122,109,33415,5,0,0,5,14
2020-07-24,US,Tennessee,White,150,3,0,35.92929884,-85.45591799,47185.0,548.5463521667581,2.0,147,145,3,0,142,138,27107,5,0,0,5,7
2020-07-24,US,Tennessee,Williamson,2788,21,0,35.89099229,-86.89281867,47187.0,1169.404224619566,0.7532281205164992,2767,2717,21,0,2696,2648,231729,71,0,0,71,69
2020-07-24,US,Tennessee,Wilson,1777,20,0,36.15496772,-86.29775884,47189.0,1228.423097395909,1.1254924029262805,1757,1746,20,0,1726,1688,140625,31,0,0,31,58
2020-07-24,US,Texas,Anderson,2116,4,0,31.81534745,-95.65354823,48001.0,3665.0212176322852,0.1890359168241966,2112,2077,4,0,2073,2062,58057,39,0,0,39,15
2020-07-24,US,Texas,Andrews,219,3,0,32.30468633,-102.63765479999999,48003.0,1170.8099438652764,1.3698630136986298,216,215,3,0,212,212,18128,4,0,0,4,3
2020-07-24,US,Texas,Angelina,1383,14,0,31.25457347,-94.60901487,48005.0,1594.87977858502,1.0122921185827911,1369,1234,14,0,1220,1234,87092,149,0,0,149,0
2020-07-24,US,Texas,Aransas,116,0,0,28.10556197,-96.9995047,48007.0,493.4070608251808,0.0,116,114,0,0,114,111,23792,2,0,0,2,3
2020-07-24,US,Texas,Archer,13,0,0,33.61569967,-98.68754589,48009.0,151.9934525897346,0.0,13,13,0,0,13,13,8786,0,0,0,0,0
2020-07-24,US,Texas,Armstrong,4,0,0,34.96507426,-101.35748740000001,48011.0,211.97668256491787,0.0,4,3,0,0,3,3,1892,1,0,0,1,0
2020-07-24,US,Texas,Atascosa,391,3,0,28.89333001,-98.52730485,48013.0,764.3735460285809,0.7672634271099744,388,390,3,0,387,379,50310,1,0,0,1,11
2020-07-24,US,Texas,Austin,170,0,0,29.88548725,-96.27736949,48015.0,566.0628662759722,0.0,170,170,0,0,170,169,29989,0,0,0,0,1
2020-07-24,US,Texas,Bailey,130,2,0,34.06854817,-102.8299707,48017.0,1857.142857142857,1.5384615384615383,128,128,1,0,127,126,7027,2,1,0,1,2
2020-07-24,US,Texas,Bandera,66,0,0,29.74619598,-99.24598147,48019.0,285.5659397715472,0.0,66,56,0,0,56,54,22824,10,0,0,10,2
2020-07-24,US,Texas,Bastrop,1142,12,0,30.10370699,-97.31206354,48021.0,1287.152147695637,1.0507880910683012,1130,1110,12,0,1098,1056,86976,32,0,0,32,54
2020-07-24,US,Texas,Baylor,3,0,0,33.61640794,-99.21352901,48023.0,85.49444286121403,0.0,3,2,0,0,2,2,3582,1,0,0,1,0
2020-07-24,US,Texas,Bee,369,1,0,28.41761668,-97.74215593,48025.0,1133.1183786273607,0.27100271002710025,368,285,1,0,284,268,32587,84,0,0,84,17
2020-07-24,US,Texas,Bell,2990,18,0,31.03736027,-97.4785025,48027.0,823.8639494770255,0.6020066889632107,2972,2931,18,0,2913,2875,355642,59,0,0,59,56
2020-07-24,US,Texas,Bexar,34932,313,0,29.44928723,-98.52019748,48029.0,1743.5017973061872,0.8960265658994618,34619,34663,298,0,34365,33555,1986049,269,15,0,254,1108
2020-07-24,US,Texas,Blanco,80,1,0,30.26640707,-98.3999852,48031.0,670.5221691392171,1.25,79,78,1,0,77,76,11702,2,0,0,2,2
2020-07-24,US,Texas,Bosque,96,0,0,31.89978581,-97.63613524,48035.0,513.7811078405139,0.0,96,95,0,0,95,83,18691,1,0,0,1,12
2020-07-24,US,Texas,Bowie,677,17,0,33.44626922,-94.41834132,48037.0,726.0442919191378,2.5110782865583454,660,661,17,0,644,649,94324,16,0,0,16,12
2020-07-24,US,Texas,Brazoria,5277,36,0,29.18757369,-95.44563172,48039.0,1409.9672958125814,0.6822057987492893,5241,5177,35,0,5142,5068,370200,100,1,0,99,109
2020-07-24,US,Texas,Brazos,3571,43,0,30.663644800000004,-96.30205577,48041.0,1557.9531523356204,1.2041444973396809,3528,3522,42,0,3480,3442,226758,49,1,0,48,80
2020-07-24,US,Texas,Brewster,164,1,0,29.81008251,-103.25203259999999,48043.0,1782.0275996957516,0.6097560975609756,163,164,1,0,163,162,9267,0,0,0,0,2
2020-07-24,US,Texas,Briscoe,10,1,0,34.53026962,-101.2084947,48045.0,646.8305304010348,10.0,9,9,1,0,8,9,1516,1,0,0,1,0
2020-07-24,US,Texas,Brooks,58,0,0,27.03103197,-98.21808402,48047.0,817.7075990413083,0.0,58,57,0,0,57,57,7114,1,0,0,1,0
2020-07-24,US,Texas,Brown,311,16,0,31.77430356,-98.99907113,48049.0,821.3606592013522,5.144694533762059,295,303,16,0,287,299,37924,8,0,0,8,4
2020-07-24,US,Texas,Burleson,217,0,0,30.49273808,-96.62158484,48051.0,1176.5981673263568,0.0,217,212,0,0,212,201,18389,5,0,0,5,11
2020-07-24,US,Texas,Burnet,387,6,0,30.78801353,-98.181887,48053.0,803.6548645000519,1.5503875968992251,381,379,6,0,373,361,47542,8,0,0,8,18
2020-07-24,US,Texas,Caldwell,965,7,0,29.83668859,-97.61814775,48055.0,2210.058629534628,0.7253886010362695,958,941,7,0,934,904,43247,24,0,0,24,37
2020-07-24,US,Texas,Calhoun,373,3,0,28.47048236,-96.61633945,48057.0,1751.9962423673087,0.8042895442359249,370,322,3,0,319,277,21561,51,0,0,51,45
2020-07-24,US,Texas,Callahan,38,2,0,32.29760619,-99.37326312,48059.0,272.5381912070573,5.2631578947368425,36,37,2,0,35,37,13994,1,0,0,1,0
2020-07-24,US,Texas,Cameron,7162,153,0,26.14524221,-97.48140372,48061.0,1692.492018442066,2.1362747835800056,7009,6854,137,0,6717,6520,423908,308,16,0,292,334
2020-07-24,US,Texas,Camp,177,2,0,32.97195142,-94.97790104,48063.0,1351.7641667939515,1.1299435028248588,175,176,2,0,174,175,13033,1,0,0,1,1
2020-07-24,US,Texas,Carson,10,0,0,35.40365929,-101.35426690000001,48065.0,168.74789065136684,0.0,10,10,0,0,10,10,6005,0,0,0,0,0
2020-07-24,US,Texas,Cass,105,3,0,33.07499881,-94.34646905,48067.0,349.6969293279158,2.8571428571428568,102,99,3,0,96,96,30119,6,0,0,6,3
2020-07-24,US,Texas,Castro,147,1,0,34.53016752,-102.2617243,48069.0,1952.1912350597606,0.6802721088435374,146,146,1,0,145,146,7665,1,0,0,1,0
2020-07-24,US,Texas,Chambers,794,5,0,29.70972016,-94.67154501,48071.0,1811.255332253576,0.6297229219143576,789,777,5,0,772,756,42454,17,0,0,17,21
2020-07-24,US,Texas,Cherokee,610,2,0,31.837258000000002,-95.16559897,48073.0,1158.682520989249,0.3278688524590164,608,583,2,0,581,583,52592,27,0,0,27,0
2020-07-24,US,Texas,Childress,16,0,0,34.529304100000004,-100.2077916,48075.0,218.99808376676705,0.0,16,14,0,0,14,14,7291,2,0,0,2,0
2020-07-24,US,Texas,Clay,24,0,0,33.78686685,-98.20771198,48077.0,229.204469487155,0.0,24,21,0,0,21,20,10456,3,0,0,3,1
2020-07-24,US,Texas,Cochran,10,0,0,33.60425307,-102.82844990000001,48079.0,350.5082369435682,0.0,10,10,0,0,10,9,2836,0,0,0,0,1
2020-07-24,US,Texas,Coke,18,1,0,31.88911733,-100.5297533,48081.0,531.4437555358725,5.5555555555555545,17,17,1,0,16,14,3370,1,0,0,1,3
2020-07-24,US,Texas,Coleman,8,0,0,31.76736834,-99.45240766,48083.0,97.85932721712538,0.0,8,8,0,0,8,7,8397,0,0,0,0,1
2020-07-24,US,Texas,Collin,5571,72,0,33.18820114,-96.57264368,48085.0,538.4013220840219,1.292407108239095,5499,5748,72,0,5676,5614,1005146,-177,0,0,-177,134
2020-07-24,US,Texas,Collingsworth,6,0,0,34.96489496,-100.27001109999999,48087.0,205.4794520547945,0.0,6,6,0,0,6,6,2962,0,0,0,0,0
2020-07-24,US,Texas,Colorado,221,0,0,29.622097999999998,-96.5273805,48089.0,1028.2417531289257,0.0,221,219,0,0,219,216,21217,2,0,0,2,3
2020-07-24,US,Texas,Comal,1460,44,0,29.80811278,-98.27647225,48091.0,934.6452509138396,3.0136986301369864,1416,1415,43,0,1372,1406,148373,45,1,0,44,9
2020-07-24,US,Texas,Comanche,199,2,0,31.94854689,-98.55876441,48093.0,1459.4792812614594,1.0050251256281406,197,194,2,0,192,188,13534,5,0,0,5,6
2020-07-24,US,Texas,Concho,22,0,0,31.32635934,-99.86473038,48095.0,807.0432868672046,0.0,22,20,0,0,20,20,4276,2,0,0,2,0
2020-07-24,US,Texas,Cooke,169,0,0,33.63979567,-97.21240912,48097.0,409.62745715878515,0.0,169,166,0,0,166,156,40574,3,0,0,3,10
2020-07-24,US,Texas,Coryell,518,3,0,31.39078397,-97.79936155,48099.0,682.0186699319298,0.5791505791505791,515,490,3,0,487,472,74808,28,0,0,28,18
2020-07-24,US,Texas,Cottle,6,1,0,34.07783319,-100.27850620000001,48101.0,429.1845493562232,16.666666666666668,5,6,1,0,5,6,1389,0,0,0,0,0
2020-07-24,US,Texas,Crane,65,10,0,31.43052248,-102.5143314,48103.0,1355.0135501355016,15.384615384615385,55,65,10,0,55,65,4794,0,0,0,0,0
2020-07-24,US,Texas,Crockett,136,1,0,30.72367027,-101.4134238,48105.0,3926.096997690531,0.7352941176470589,135,126,1,0,125,118,3499,10,0,0,10,8
2020-07-24,US,Texas,Crosby,42,3,0,33.61431553,-101.30003640000001,48107.0,732.0899424786473,7.142857142857142,39,37,3,0,34,37,5779,5,0,0,5,0
2020-07-24,US,Texas,Culberson,14,1,0,31.44506775,-104.5185739,48109.0,644.8641179180103,7.142857142857142,13,13,1,0,12,13,2204,1,0,0,1,0
2020-07-24,US,Texas,Dallam,173,2,0,36.27787176,-102.60207249999999,48111.0,2374.090846713325,1.1560693641618498,171,171,1,0,170,158,7200,2,1,0,1,13
2020-07-24,US,Texas,Dallas,44087,579,0,32.76670599,-96.77796049999999,48113.0,1672.803352360601,1.3133123142876586,43508,44087,579,0,43508,43439,2637772,0,0,0,0,648
2020-07-24,US,Texas,Dawson,122,1,0,32.74255572,-101.94772420000001,48115.0,958.5166561910747,0.819672131147541,121,112,1,0,111,112,12619,10,0,0,10,0
2020-07-24,US,Texas,DeWitt,443,11,0,29.08101855,-97.35681170000001,48123.0,2197.4206349206347,2.4830699774266365,432,442,11,0,431,442,20187,1,0,0,1,0
2020-07-24,US,Texas,Deaf Smith,499,19,0,34.96522957,-102.6054267,48117.0,2690.6071390057155,3.8076152304609217,480,491,19,0,472,486,18760,8,0,0,8,5
2020-07-24,US,Texas,Delta,12,0,0,33.38570922,-95.66921122,48119.0,225.09848058525608,0.0,12,12,0,0,12,12,5349,0,0,0,0,0
2020-07-24,US,Texas,Denton,5723,46,0,33.20521901,-97.11691153,48121.0,645.0580304258194,0.8037742442774769,5677,5544,46,0,5498,5316,859064,179,0,0,179,228
2020-07-24,US,Texas,Dickens,4,0,0,33.61616822,-100.7788855,48125.0,180.91361374943463,0.0,4,4,0,0,4,4,2249,0,0,0,0,0
2020-07-24,US,Texas,Dimmit,82,0,0,28.42270064,-99.75645095,48127.0,809.9565389174237,0.0,82,72,0,0,72,61,10308,10,0,0,10,11
2020-07-24,US,Texas,Donley,38,0,0,34.96517499,-100.8140093,48129.0,1159.2434411226354,0.0,38,37,0,0,37,37,3319,1,0,0,1,0
2020-07-24,US,Texas,Duval,114,0,0,27.68184592,-98.50864568,48131.0,1021.7800484001076,0.0,114,110,0,0,110,109,11212,4,0,0,4,1
2020-07-24,US,Texas,Eastland,38,0,0,32.32743996,-98.83243566,48133.0,206.97167755991285,0.0,38,35,0,0,35,34,18322,3,0,0,3,1
2020-07-24,US,Texas,Ector,2819,35,0,31.86898877,-102.54294279999999,48135.0,1695.9145244641236,1.241575026605179,2784,2659,34,0,2625,2659,162124,160,1,0,159,0
2020-07-24,US,Texas,Edwards,20,0,0,29.98202582,-100.304252,48137.0,1035.1966873706003,0.0,20,20,0,0,20,18,1928,0,0,0,0,2
2020-07-24,US,Texas,El Paso,12750,218,0,31.76980765,-106.23632749999999,48141.0,1519.2353063135845,1.7098039215686274,12532,12501,211,0,12290,12297,840758,249,7,0,242,204
2020-07-24,US,Texas,Ellis,2216,21,0,32.34894117,-96.79371841,48139.0,1198.965513510004,0.947653429602888,2195,2183,21,0,2162,2129,179436,33,0,0,33,54
2020-07-24,US,Texas,Erath,366,4,0,32.23602653,-98.21773417,48143.0,857.1830062298,1.0928961748633879,362,358,3,0,355,353,42446,8,1,0,7,5
2020-07-24,US,Texas,Falls,98,0,0,31.25350609,-96.93630086,48145.0,566.5722379603401,0.0,98,95,0,0,95,78,17335,3,0,0,3,17
2020-07-24,US,Texas,Fannin,181,8,0,33.59564294,-96.10751083,48147.0,509.6581629779805,4.419889502762431,173,181,8,0,173,181,35286,0,0,0,0,0
2020-07-24,US,Texas,Fayette,334,5,0,29.87788372,-96.92076062,48149.0,1317.762171545806,1.497005988023952,329,326,5,0,321,309,25349,8,0,0,8,17
2020-07-24,US,Texas,Fisher,23,1,0,32.74281316,-100.40193020000001,48151.0,600.5221932114882,4.3478260869565215,22,23,1,0,22,23,3839,0,0,0,0,0
2020-07-24,US,Texas,Floyd,64,4,0,34.07227468,-101.3031546,48153.0,1120.4481792717086,6.25,60,63,4,0,59,63,5837,1,0,0,1,0
2020-07-24,US,Texas,Foard,2,0,0,33.97308618,-99.7767797,48155.0,173.16017316017312,0.0,2,1,0,0,1,1,1200,1,0,0,1,0
2020-07-24,US,Texas,Fort Bend,6460,88,0,29.52704478,-95.77219463,48157.0,795.8723056149654,1.3622291021671826,6372,6352,85,0,6267,6239,787858,108,3,0,105,113
2020-07-24,US,Texas,Franklin,77,1,0,33.17653242,-95.21917243,48159.0,717.9487179487178,1.2987012987012987,76,71,1,0,70,70,10766,6,0,0,6,1
2020-07-24,US,Texas,Freestone,122,0,0,31.70422788,-96.15072516,48161.0,618.7553887508243,0.0,122,119,0,0,119,108,19808,3,0,0,3,11
2020-07-24,US,Texas,Frio,421,1,0,28.86751206,-99.10804207,48163.0,2073.278833842214,0.2375296912114014,420,413,1,0,412,382,19816,8,0,0,8,31
2020-07-24,US,Texas,Gaines,86,0,0,32.74055318,-102.6353295,48165.0,400.14889261120425,0.0,86,77,0,0,77,68,20901,9,0,0,9,9
2020-07-24,US,Texas,Galveston,7914,68,0,29.40167322,-94.90469073,48167.0,2313.094970172941,0.8592367955521859,7846,7794,68,0,7726,7663,337890,120,0,0,120,131
2020-07-24,US,Texas,Garza,90,2,0,33.17969345,-101.2984114,48169.0,1444.8547118317547,2.2222222222222223,88,88,1,0,87,82,6578,2,1,0,1,6
2020-07-24,US,Texas,Gillespie,152,0,0,30.31824095,-98.94676915,48171.0,563.2132799762858,0.0,152,143,0,0,143,133,26804,9,0,0,9,10
2020-07-24,US,Texas,Glasscock,6,0,0,31.86942909,-101.5207776,48173.0,425.83392476934,0.0,6,6,0,0,6,6,1388,0,0,0,0,0
2020-07-24,US,Texas,Goliad,64,1,0,28.65696592,-97.42760647,48175.0,835.7273439540352,1.5625,63,59,1,0,58,52,7584,5,0,0,5,7
2020-07-24,US,Texas,Gonzales,567,6,0,29.45634206,-97.49424032,48177.0,2721.121082689447,1.058201058201058,561,537,6,0,531,499,20826,30,0,0,30,38
2020-07-24,US,Texas,Gray,149,4,0,35.40081878,-100.8129222,48179.0,680.8005117426666,2.684563758389262,145,141,4,0,137,141,21895,8,0,0,8,0
2020-07-24,US,Texas,Grayson,915,8,0,33.62744998,-96.67753461,48181.0,671.7469826447009,0.8743169398907104,907,898,8,0,890,880,133991,17,0,0,17,18
2020-07-24,US,Texas,Gregg,1162,16,0,32.47940482,-94.81591935,48183.0,937.5126063979993,1.3769363166953528,1146,1147,15,0,1132,1122,123707,15,1,0,14,25
2020-07-24,US,Texas,Grimes,796,2,0,30.54579585,-95.98902499,48185.0,2756.2326869806093,0.25125628140703515,794,788,2,0,786,766,28360,8,0,0,8,22
2020-07-24,US,Texas,Guadalupe,1485,6,0,29.58165339,-97.94786822,48187.0,890.0369799876534,0.404040404040404,1479,1458,6,0,1452,1412,163694,27,0,0,27,46
2020-07-24,US,Texas,Hale,1049,22,0,34.07044901,-101.82681140000001,48189.0,3140.1544632700707,2.0972354623450906,1027,1032,21,0,1011,974,33830,17,1,0,16,58
2020-07-24,US,Texas,Hall,5,1,0,34.5307555,-100.68138520000001,48191.0,168.69095816464238,20.0,4,4,1,0,3,4,3028,1,0,0,1,0
2020-07-24,US,Texas,Hamilton,51,2,0,31.70470573,-98.11083887,48193.0,602.7656305401252,3.92156862745098,49,49,1,0,48,49,8484,2,1,0,1,0
2020-07-24,US,Texas,Hansford,47,2,0,36.27743284,-101.3545796,48195.0,870.5315799222078,4.25531914893617,45,45,2,0,43,45,5463,2,0,0,2,0
2020-07-24,US,Texas,Hardeman,10,0,0,34.28944521,-99.74632408,48197.0,254.25883549453343,0.0,10,10,0,0,10,10,3922,0,0,0,0,0
2020-07-24,US,Texas,Hardin,660,6,0,30.33364686,-94.38931817,48199.0,1145.79354883511,0.9090909090909092,654,636,5,0,631,624,57207,24,1,0,23,12
2020-07-24,US,Texas,Harris,62612,615,0,29.86,-95.39,48201.0,1328.404045976036,0.9822398262313934,61997,61411,597,0,60814,59901,4698619,1201,18,0,1183,1510
2020-07-24,US,Texas,Harrison,558,34,0,32.54935988,-94.36934071,48203.0,838.4295223355823,6.093189964157706,524,540,34,0,506,527,66726,18,0,0,18,13
2020-07-24,US,Texas,Hartley,78,2,0,35.84008013,-102.6029022,48205.0,1398.8522238163555,2.5641025641025643,76,74,2,0,72,72,5619,4,0,0,4,2
2020-07-24,US,Texas,Haskell,28,0,0,33.17823584,-99.73037358,48207.0,494.87451396253095,0.0,28,25,0,0,25,25,5813,3,0,0,3,0
2020-07-24,US,Texas,Hays,4133,24,0,30.05669873,-98.02944344,48209.0,1795.4655047330261,0.5806919912896201,4109,4091,22,0,4069,4045,222631,42,2,0,40,46
2020-07-24,US,Texas,Hemphill,33,0,0,35.83764858,-100.2703577,48211.0,864.1005498821681,0.0,33,28,0,0,28,27,3825,5,0,0,5,1
2020-07-24,US,Texas,Henderson,490,7,0,32.21128872,-95.85846587,48213.0,592.2380555253393,1.4285714285714286,483,466,5,0,461,444,82299,24,2,0,22,22
2020-07-24,US,Texas,Hidalgo,14589,433,0,26.39418217,-98.18299696,48215.0,1679.3924764045873,2.9679895811913086,14156,13776,400,0,13376,13126,865939,813,33,0,780,650
2020-07-24,US,Texas,Hill,242,2,0,31.99045053,-97.13423143,48217.0,660.3181532920407,0.8264462809917356,240,232,2,0,230,215,36354,10,0,0,10,17
2020-07-24,US,Texas,Hockley,151,4,0,33.60771256,-102.3431676,48219.0,655.9228530472177,2.6490066225165565,147,145,4,0,141,143,22980,6,0,0,6,2
2020-07-24,US,Texas,Hood,294,5,0,32.42990927,-97.83242024,48221.0,476.9397985172689,1.7006802721088434,289,291,5,0,286,288,60537,3,0,0,3,3
2020-07-24,US,Texas,Hopkins,144,1,0,33.14875072,-95.56351139,48223.0,388.3076259303203,0.6944444444444444,143,142,1,0,141,137,36810,2,0,0,2,5
2020-07-24,US,Texas,Houston,234,0,0,31.31925973,-95.42226208,48225.0,1018.8087774294673,0.0,234,229,0,0,229,224,23169,5,0,0,5,5
2020-07-24,US,Texas,Howard,116,2,0,32.30621324,-101.4356444,48227.0,316.3866463015492,1.7241379310344829,114,113,2,0,111,104,36459,3,0,0,3,9
2020-07-24,US,Texas,Hudspeth,18,0,0,31.45628381,-105.388178,48229.0,368.3995088006549,0.0,18,18,0,0,18,18,4795,0,0,0,0,0
2020-07-24,US,Texas,Hunt,922,8,0,33.12351514,-96.08551032,48231.0,935.1481834594397,0.8676789587852495,914,908,8,0,900,898,96493,14,0,0,14,10
2020-07-24,US,Texas,Hutchinson,105,1,0,35.84006574,-101.3546643,48233.0,501.48056165822913,0.9523809523809524,104,100,1,0,99,96,21198,5,0,0,5,4
2020-07-24,US,Texas,Irion,6,0,0,31.30375559,-100.982439,48235.0,390.625,0.0,6,5,0,0,5,4,1522,1,0,0,1,1
2020-07-24,US,Texas,Jack,23,0,0,33.23377248,-98.17283469,48237.0,257.4146614437605,0.0,23,23,0,0,23,23,8843,0,0,0,0,0
2020-07-24,US,Texas,Jackson,194,1,0,28.95472367,-96.57749563,48239.0,1314.3631436314365,0.5154639175257731,193,171,1,0,170,159,14874,23,0,0,23,12
2020-07-24,US,Texas,Jasper,110,1,0,30.74685667,-94.02667579,48241.0,309.60623715837767,0.9090909090909092,109,97,1,0,96,95,35872,13,0,0,13,2
2020-07-24,US,Texas,Jeff Davis,7,0,0,30.71490589,-104.1399973,48243.0,307.82761653474057,0.0,7,7,0,0,7,7,2252,0,0,0,0,0
2020-07-24,US,Texas,Jefferson,4772,55,0,29.8832777,-94.16434171,48245.0,1896.9252479478464,1.1525565800502937,4717,4697,49,0,4648,4622,255001,75,6,0,69,75
2020-07-24,US,Texas,Jim Hogg,44,0,0,27.04453923,-98.69681870000001,48247.0,846.1538461538463,0.0,44,44,0,0,44,44,5248,0,0,0,0,0
2020-07-24,US,Texas,Jim Wells,472,0,0,27.73103938,-98.0904705,48249.0,1165.9502988982758,0.0,472,466,0,0,466,449,40822,6,0,0,6,17
2020-07-24,US,Texas,Johnson,1179,7,0,32.37877812,-97.36615819,48251.0,670.5836181939176,0.5937234944868532,1172,1133,7,0,1126,1085,171361,46,0,0,46,48
2020-07-24,US,Texas,Jones,631,0,0,32.73997145,-99.87861576,48253.0,3141.9608624209527,0.0,631,652,0,0,652,653,19817,-21,0,0,-21,-1
2020-07-24,US,Texas,Karnes,203,0,0,28.90705334,-97.85960149,48255.0,1301.198641112749,0.0,203,181,0,0,181,171,15650,22,0,0,22,10
2020-07-24,US,Texas,Kaufman,1386,5,0,32.599141700000004,-96.28734728,48257.0,1017.9649514520323,0.3607503607503608,1381,1363,5,0,1358,1317,128622,23,0,0,23,46
2020-07-24,US,Texas,Kendall,136,0,0,29.94414155,-98.7113588,48259.0,286.73230587590393,0.0,136,131,0,0,131,129,45641,5,0,0,5,2
2020-07-24,US,Texas,Kenedy,3,0,0,26.92601662,-97.66413984,48261.0,742.5742574257425,0.0,3,3,0,0,3,3,442,0,0,0,0,0
2020-07-24,US,Texas,Kent,2,0,0,33.18104136,-100.7780939,48263.0,262.46719160104993,0.0,2,2,0,0,2,2,726,0,0,0,0,0
2020-07-24,US,Texas,Kerr,318,1,0,30.06040006,-99.34930144,48265.0,604.5627376425856,0.31446540880503143,317,295,1,0,294,279,52405,23,0,0,23,16
2020-07-24,US,Texas,Kimble,13,0,0,30.48678918,-99.74856473,48267.0,299.7463684574591,0.0,13,13,0,0,13,12,4362,0,0,0,0,1
2020-07-24,US,Texas,Kinney,14,0,0,29.34967888,-100.41866379999999,48271.0,381.7834742296155,0.0,14,14,0,0,14,11,3767,0,0,0,0,3
2020-07-24,US,Texas,Kleberg,284,2,0,27.42435506,-97.69894948,48273.0,925.6844850065187,0.7042253521126759,282,284,2,0,282,283,31129,0,0,0,0,1
2020-07-24,US,Texas,Knox,44,0,0,33.60519951,-99.74229059999999,48275.0,1200.8733624454148,0.0,44,18,0,0,18,17,3653,26,0,0,26,1
2020-07-24,US,Texas,La Salle,351,0,0,28.34453111,-99.09908775,48283.0,4667.553191489362,0.0,351,347,0,0,347,339,7531,4,0,0,4,8
2020-07-24,US,Texas,Lamar,530,15,0,33.66981763,-95.57404777,48277.0,1062.9976533825388,2.830188679245283,515,523,15,0,508,483,49728,7,0,0,7,40
2020-07-24,US,Texas,Lamb,165,7,0,34.06859623,-102.35162890000001,48279.0,1279.7642131389125,4.242424242424242,158,157,7,0,150,146,13158,8,0,0,8,11
2020-07-24,US,Texas,Lampasas,68,0,0,31.19531316,-98.24206613,48281.0,317.3417957812208,0.0,68,65,0,0,65,54,21229,3,0,0,3,11
2020-07-24,US,Texas,Lavaca,538,1,0,29.38508402,-96.93186692,48285.0,2669.4452714101417,0.18587360594795535,537,525,1,0,524,510,20110,13,0,0,13,15
2020-07-24,US,Texas,Lee,134,3,0,30.31120597,-96.97045773,48287.0,777.3072684030395,2.238805970149253,131,128,3,0,125,125,17144,6,0,0,6,3
2020-07-24,US,Texas,Leon,126,0,0,31.29872538,-95.9936328,48289.0,723.9715008044127,0.0,126,127,0,0,127,125,17270,-1,0,0,-1,2
2020-07-24,US,Texas,Liberty,712,3,0,30.15152688,-94.81205615,48291.0,807.082374545166,0.4213483146067416,709,700,3,0,697,682,86323,12,0,0,12,18
2020-07-24,US,Texas,Limestone,140,1,0,31.5454767,-96.58095444,48293.0,597.3460767163033,0.7142857142857143,139,139,1,0,138,129,23519,1,0,0,1,10
2020-07-24,US,Texas,Lipscomb,14,0,0,36.27783108,-100.27331509999999,48295.0,433.03433343643684,0.0,14,12,0,0,12,12,3355,2,0,0,2,0
2020-07-24,US,Texas,Live Oak,109,1,0,28.35101362,-98.1246786,48297.0,892.9302859015319,0.9174311926605504,108,106,1,0,105,106,12166,3,0,0,3,0
2020-07-24,US,Texas,Llano,72,0,0,30.70645047,-98.68475262,48299.0,330.35099793530634,0.0,72,71,0,0,71,69,21646,1,0,0,1,2
2020-07-24,US,Texas,Lubbock,4880,68,0,33.61008596,-101.82047890000001,48303.0,1571.3094352623734,1.3934426229508197,4812,4769,68,0,4701,4656,307412,111,0,0,111,113
2020-07-24,US,Texas,Lynn,59,3,0,33.17657705,-101.8162849,48305.0,991.430011762729,5.084745762711863,56,57,3,0,54,57,5877,2,0,0,2,0
2020-07-24,US,Texas,Madison,234,0,0,30.96694679,-95.93003775,48313.0,1638.1965835900307,0.0,234,229,0,0,229,208,14422,5,0,0,5,21
2020-07-24,US,Texas,Marion,114,4,0,32.79868409,-94.35661230000001,48315.0,1156.890602800893,3.5087719298245608,110,113,4,0,109,111,9928,1,0,0,1,2
2020-07-24,US,Texas,Martin,41,1,0,32.30600051,-101.9513518,48317.0,710.4487957026512,2.4390243902439024,40,38,1,0,37,35,5753,3,0,0,3,3
2020-07-24,US,Texas,Mason,38,0,0,30.71780434,-99.22629416,48319.0,889.0968647636874,0.0,38,38,0,0,38,38,4280,0,0,0,0,0
2020-07-24,US,Texas,Matagorda,532,5,0,28.81955746,-96.01230294,48321.0,1451.8461916327815,0.9398496240601504,527,523,5,0,518,513,36552,9,0,0,9,10
2020-07-24,US,Texas,Maverick,1440,26,0,28.7429195,-100.3157686,48323.0,2452.2325533871467,1.805555555555556,1414,1440,26,0,1414,1390,58485,0,0,0,0,50
2020-07-24,US,Texas,McCulloch,34,0,0,31.1925468,-99.34682807,48307.0,425.85170340681367,0.0,34,33,0,0,33,31,7987,1,0,0,1,2
2020-07-24,US,Texas,McLennan,3782,32,0,31.55255453,-97.20217694,48309.0,1473.757223631553,0.8461131676361714,3750,3688,28,0,3660,3575,254607,94,4,0,90,113
2020-07-24,US,Texas,McMullen,6,0,0,28.35251708,-98.56769164,48311.0,807.5370121130553,0.0,6,6,0,0,6,4,749,0,0,0,0,2
2020-07-24,US,Texas,Medina,538,8,0,29.355730100000002,-99.11030298,48325.0,1042.9590570719604,1.4869888475836432,530,527,7,0,520,526,50921,11,1,0,10,1
2020-07-24,US,Texas,Menard,16,0,0,30.88990665,-99.82047940000001,48327.0,748.3629560336763,0.0,16,16,0,0,16,16,2139,0,0,0,0,0
2020-07-24,US,Texas,Midland,1805,33,0,31.86904128,-102.03156820000001,48329.0,1020.7428519724936,1.8282548476454292,1772,1738,31,0,1707,1656,172578,67,2,0,65,82
2020-07-24,US,Texas,Milam,262,2,0,30.78581830000001,-96.97718698,48331.0,1055.4727470491077,0.7633587786259542,260,260,2,0,258,257,25131,2,0,0,2,3
2020-07-24,US,Texas,Mills,12,0,0,31.49557106,-98.59272068,48333.0,246.25487379437718,0.0,12,11,0,0,11,10,4921,1,0,0,1,1
2020-07-24,US,Texas,Mitchell,38,0,0,32.30623474,-100.9212058,48335.0,444.7045055588063,0.0,38,34,0,0,34,34,8145,4,0,0,4,0
2020-07-24,US,Texas,Montague,43,1,0,33.67521893,-97.72500958,48337.0,216.9744676556666,2.3255813953488373,42,39,1,0,38,37,19596,4,0,0,4,2
2020-07-24,US,Texas,Montgomery,5597,53,0,30.30079133,-95.50572772,48339.0,921.4822083303836,0.9469358584956228,5544,5444,53,0,5391,5294,590925,153,0,0,153,150
2020-07-24,US,Texas,Moore,968,15,0,35.83769242,-101.8930281,48341.0,4622.731614135626,1.5495867768595042,953,967,15,0,952,961,21485,1,0,0,1,6
2020-07-24,US,Texas,Morris,70,0,0,33.11304005,-94.73255695,48343.0,565.0629641588636,0.0,70,70,0,0,70,68,12339,0,0,0,0,2
2020-07-24,US,Texas,Motley,3,0,0,34.07408766,-100.77972199999999,48345.0,250.0,0.0,3,3,0,0,3,2,1234,0,0,0,0,1
2020-07-24,US,Texas,Nacogdoches,835,36,0,31.62017125,-94.61803994,48347.0,1280.5962824366604,4.311377245508982,799,810,36,0,774,793,65711,25,0,0,25,17
2020-07-24,US,Texas,Navarro,655,10,0,32.04620681,-96.47428766,48349.0,1307.0460758685374,1.5267175572519085,645,637,10,0,627,626,49565,18,0,0,18,11
2020-07-24,US,Texas,Newton,37,0,0,30.78548982,-93.74408813,48351.0,272.1588819418904,0.0,37,32,0,0,32,30,13746,5,0,0,5,2
2020-07-24,US,Texas,Nolan,122,1,0,32.30365282,-100.4060208,48353.0,829.1423134429795,0.819672131147541,121,110,1,0,109,110,14751,12,0,0,12,0
2020-07-24,US,Texas,Nueces,10136,129,0,27.736286,-97.5433285,48355.0,2797.727812218807,1.2726913970007894,10007,9961,124,0,9837,9607,362265,175,5,0,170,354
2020-07-24,US,Texas,Ochiltree,68,2,0,36.27829105,-100.8158184,48357.0,691.3379422529483,2.9411764705882355,66,63,2,0,61,63,9947,5,0,0,5,0
2020-07-24,US,Texas,Oldham,12,1,0,35.40425596,-102.6027606,48359.0,568.1818181818181,8.333333333333334,11,12,1,0,11,12,2131,0,0,0,0,0
2020-07-24,US,Texas,Orange,826,8,0,30.11879481,-93.89412775,48361.0,990.4551777063648,0.9685230024213076,818,813,8,0,805,784,83572,13,0,0,13,29
2020-07-24,US,Texas,Palo Pinto,131,2,0,32.75310985,-98.31319001,48363.0,448.7992051800337,1.5267175572519085,129,119,2,0,117,108,28875,12,0,0,12,11
2020-07-24,US,Texas,Panola,255,24,0,32.163959600000005,-94.30552481,48365.0,1099.4222643787186,9.411764705882351,231,253,24,0,229,252,23148,2,0,0,2,1
2020-07-24,US,Texas,Parker,808,1,0,32.77757172,-97.80500621,48367.0,565.5174344545696,0.12376237623762375,807,896,1,0,895,754,138371,-88,0,0,-88,142
2020-07-24,US,Texas,Parmer,288,8,0,34.52993409,-102.78446679999999,48369.0,2998.438313378449,2.7777777777777777,280,284,8,0,276,277,9864,4,0,0,4,7
2020-07-24,US,Texas,Pecos,194,1,0,30.78097267,-102.72412609999999,48371.0,1226.0633255387727,0.5154639175257731,193,188,1,0,187,185,15673,6,0,0,6,3
2020-07-24,US,Texas,Polk,592,1,0,30.79472531,-94.82766240000001,48373.0,1152.8050941522404,0.16891891891891891,591,533,1,0,532,533,50031,59,0,0,59,0
2020-07-24,US,Texas,Potter,3340,42,0,35.40133773,-101.893964,48375.0,2844.6109951880085,1.2574850299401197,3298,3294,42,0,3252,3263,119648,46,0,0,46,31
2020-07-24,US,Texas,Presidio,32,0,0,29.99954402,-104.24080790000001,48377.0,477.326968973747,0.0,32,32,0,0,32,28,6948,0,0,0,0,4
2020-07-24,US,Texas,Rains,35,1,0,32.87109387,-95.79232691,48379.0,279.68675083906027,2.8571428571428568,34,32,1,0,31,29,12159,3,0,0,3,3
2020-07-24,US,Texas,Randall,1424,17,0,34.96585996,-101.8971322,48381.0,1034.0345501150944,1.1938202247191012,1407,1394,16,0,1378,1355,136271,30,1,0,29,39
2020-07-24,US,Texas,Reagan,53,3,0,31.36607041,-101.52326590000001,48383.0,1376.9810340348142,5.660377358490566,50,53,3,0,50,51,3741,0,0,0,0,2
2020-07-24,US,Texas,Real,70,0,0,29.83321503,-99.82018052,48385.0,2027.809965237544,0.0,70,63,0,0,63,13,3478,7,0,0,7,50
2020-07-24,US,Texas,Red River,131,12,0,33.61886692,-95.04841765,48387.0,1089.5783082425348,9.16030534351145,119,129,12,0,117,129,12175,2,0,0,2,0
2020-07-24,US,Texas,Reeves,104,2,0,31.32323325,-103.69038959999999,48389.0,650.9764646970456,1.9230769230769231,102,103,2,0,101,99,15695,1,0,0,1,4
2020-07-24,US,Texas,Refugio,125,0,0,28.323897600000002,-97.15766311,48391.0,1799.0788716177317,0.0,125,123,0,0,123,118,7032,2,0,0,2,5
2020-07-24,US,Texas,Roberts,6,0,0,35.83809685,-100.813175,48393.0,702.5761124121782,0.0,6,6,0,0,6,6,903,0,0,0,0,0
2020-07-24,US,Texas,Robertson,191,0,0,31.02539637,-96.51272246,48395.0,1118.6599508023896,0.0,191,186,0,0,186,178,17284,5,0,0,5,8
2020-07-24,US,Texas,Rockwall,625,17,0,32.89779518,-96.40771592,48397.0,595.7203450412237,2.72,608,622,17,0,605,610,100657,3,0,0,3,12
2020-07-24,US,Texas,Runnels,65,0,0,31.8314342,-99.97616148,48399.0,633.2813717848792,0.0,65,53,0,0,53,47,10234,12,0,0,12,6
2020-07-24,US,Texas,Rusk,288,3,0,32.10773545,-94.76176432,48401.0,529.3533801418961,1.0416666666666667,285,292,3,0,289,280,54450,-4,0,0,-4,12
2020-07-24,US,Texas,Sabine,40,1,0,31.34318809,-93.85440451,48403.0,379.43464238284963,2.5,39,39,1,0,38,39,10589,1,0,0,1,0
2020-07-24,US,Texas,San Augustine,147,12,0,31.39457611,-94.17000399,48405.0,1784.6303265752094,8.16326530612245,135,142,12,0,130,142,8232,5,0,0,5,0
2020-07-24,US,Texas,San Jacinto,135,2,0,30.57933681,-95.16260304,48407.0,467.7916767732769,1.4814814814814814,133,130,2,0,128,127,28719,5,0,0,5,3
2020-07-24,US,Texas,San Patricio,624,0,0,28.00880118,-97.51763891,48409.0,935.1116439382588,0.0,624,557,0,0,557,492,66893,67,0,0,67,65
2020-07-24,US,Texas,San Saba,18,0,0,31.1577796,-98.81758731,48411.0,297.27497935590424,0.0,18,15,0,0,15,13,6054,3,0,0,3,2
2020-07-24,US,Texas,Schleicher,33,1,0,30.89740592,-100.5384842,48413.0,1181.5252416756175,3.0303030303030303,32,33,1,0,32,33,2895,0,0,0,0,0
2020-07-24,US,Texas,Scurry,383,1,0,32.74613808,-100.91626640000001,48415.0,2293.001257259175,0.2610966057441253,382,376,1,0,375,376,16866,7,0,0,7,0
2020-07-24,US,Texas,Shackelford,16,0,0,32.73587756,-99.35401337,48417.0,490.04594180704436,0.0,16,15,0,0,15,17,3253,1,0,0,1,-2
2020-07-24,US,Texas,Shelby,343,14,0,31.79211404,-94.14550696,48419.0,1357.1259001345254,4.081632653061225,329,335,14,0,321,332,25418,8,0,0,8,3
2020-07-24,US,Texas,Sherman,35,0,0,36.27751473,-101.8933156,48421.0,1158.173395102581,0.0,35,35,0,0,35,35,3079,0,0,0,0,0
2020-07-24,US,Texas,Smith,2058,12,0,32.37474036,-95.27175679999999,48423.0,884.2067273609995,0.5830903790087464,2046,2006,11,0,1995,1960,230221,52,1,0,51,46
2020-07-24,US,Texas,Somervell,45,0,0,32.22236802,-97.77403489,48425.0,492.9886064855391,0.0,45,39,0,0,39,39,9016,6,0,0,6,0
2020-07-24,US,Texas,Starr,1559,20,0,26.56150059,-98.73892358,48427.0,2412.0805161450035,1.2828736369467608,1539,1519,20,0,1499,1475,64525,40,0,0,40,44
2020-07-24,US,Texas,Stephens,21,0,0,32.73553157,-98.83631615,48429.0,224.21524663677133,0.0,21,18,0,0,18,18,9433,3,0,0,3,0
2020-07-24,US,Texas,Sterling,1,0,0,31.82781912,-101.05007459999999,48431.0,77.45933384972889,0.0,1,1,0,0,1,1,1311,0,0,0,0,0
2020-07-24,US,Texas,Stonewall,4,0,0,33.17906744,-100.25384009999999,48433.0,296.2962962962963,0.0,4,4,0,0,4,4,1362,0,0,0,0,0
2020-07-24,US,Texas,Sutton,49,0,0,30.49856623,-100.5382014,48435.0,1297.6694915254238,0.0,49,48,0,0,48,47,3758,1,0,0,1,1
2020-07-24,US,Texas,Swisher,72,1,0,34.53028891,-101.73491740000001,48437.0,973.36758145194,1.3888888888888888,71,69,1,0,68,69,7462,3,0,0,3,0
2020-07-24,US,Texas,Tarrant,24562,329,0,32.77143818,-97.29101614,48439.0,1168.2199651369906,1.3394674700757268,24233,23967,319,0,23648,23536,2084931,595,10,0,585,431
2020-07-24,US,Texas,Taylor,986,14,0,32.30163422,-99.89007449,48441.0,714.3167625367662,1.4198782961460443,972,976,13,0,963,960,137640,10,1,0,9,16
2020-07-24,US,Texas,Terrell,2,0,0,30.22429013,-102.0766732,48443.0,257.73195876288656,0.0,2,2,0,0,2,2,823,0,0,0,0,0
2020-07-24,US,Texas,Terry,86,0,0,33.17402785,-102.3354521,48445.0,697.0900543081788,0.0,86,71,0,0,71,67,12287,15,0,0,15,4
2020-07-24,US,Texas,Throckmorton,2,0,0,33.17751417,-99.21226795,48447.0,133.24450366422386,0.0,2,2,0,0,2,2,1515,0,0,0,0,0
2020-07-24,US,Texas,Titus,1087,6,0,33.21339719,-94.96797273,48449.0,3319.083969465649,0.5519779208831647,1081,1087,6,0,1081,1087,33033,0,0,0,0,0
2020-07-24,US,Texas,Tom Green,1875,18,0,31.40464436,-100.46244300000001,48451.0,1572.9865771812078,0.96,1857,1773,14,0,1759,1690,118189,102,4,0,98,83
2020-07-24,US,Texas,Travis,18939,229,0,30.33432034,-97.78535620000001,48453.0,1486.631385434639,1.2091451502191246,18710,18696,222,0,18474,18394,1248743,243,7,0,236,302
2020-07-24,US,Texas,Trinity,117,0,0,31.0879489,-95.1367187,48455.0,798.5803016858918,0.0,117,115,0,0,115,107,14740,2,0,0,2,8
2020-07-24,US,Texas,Tyler,57,0,0,30.77031716,-94.37690895,48457.0,263.01218161683283,0.0,57,51,0,0,51,50,21696,6,0,0,6,1
2020-07-24,US,Texas,Upshur,149,0,0,32.73706798,-94.93999853,48459.0,356.8605848681531,0.0,149,144,0,0,144,142,41260,5,0,0,5,2
2020-07-24,US,Texas,Upton,13,0,0,31.36868194,-102.0423217,48461.0,355.48263604047025,0.0,13,14,0,0,14,13,3671,-1,0,0,-1,1
2020-07-24,US,Texas,Uvalde,399,5,0,29.35739637,-99.76229172,48463.0,1492.0907969036316,1.2531328320802004,394,374,5,0,369,352,26846,25,0,0,25,22
2020-07-24,US,Texas,Val Verde,964,8,0,29.89149232,-101.1525205,48465.0,1966.3437021927589,0.8298755186721992,956,964,8,0,956,964,49208,0,0,0,0,0
2020-07-24,US,Texas,Van Zandt,286,4,0,32.56483801,-95.83766469,48467.0,505.3896448135713,1.3986013986013983,282,281,3,0,278,269,56019,5,1,0,4,12
2020-07-24,US,Texas,Victoria,2805,26,0,28.79780988,-96.96813006,48469.0,3046.131792711002,0.926916221033868,2779,2681,24,0,2657,2578,92035,124,2,0,122,103
2020-07-24,US,Texas,Walker,2685,28,0,30.73872995,-95.57440968,48471.0,3679.5439284099157,1.042830540037244,2657,2661,28,0,2633,2649,72480,24,0,0,24,12
2020-07-24,US,Texas,Waller,335,0,0,30.01058447,-95.99011759,48473.0,606.3787423523875,0.0,335,332,0,0,332,318,53126,3,0,0,3,14
2020-07-24,US,Texas,Ward,74,1,0,31.50999644,-103.09279090000001,48475.0,616.7694615769295,1.351351351351351,73,75,1,0,74,67,11720,-1,0,0,-1,8
2020-07-24,US,Texas,Washington,438,34,0,30.21498498,-96.40946246,48477.0,1220.6677442728944,7.762557077625572,404,435,34,0,401,426,35108,3,0,0,3,9
2020-07-24,US,Texas,Webb,4699,90,0,27.7610369,-99.33237355,48479.0,1698.523777164091,1.915301127899553,4609,4472,77,0,4395,4276,275910,227,13,0,214,196
2020-07-24,US,Texas,Wharton,472,1,0,29.27765923,-96.22319248,48481.0,1135.8167292328426,0.21186440677966098,471,453,1,0,452,446,41619,19,0,0,19,7
2020-07-24,US,Texas,Wheeler,29,0,0,35.40114335,-100.26995140000001,48483.0,573.5759493670886,0.0,29,28,0,0,28,28,5191,1,0,0,1,0
2020-07-24,US,Texas,Wichita,808,9,0,33.98842886,-98.70410340000001,48485.0,611.0564924752325,1.113861386138614,799,800,9,0,791,795,132064,8,0,0,8,5
2020-07-24,US,Texas,Wilbarger,31,0,0,34.07945812,-99.24178437,48487.0,242.77547184587672,0.0,31,28,0,0,28,27,12820,3,0,0,3,1
2020-07-24,US,Texas,Willacy,542,4,0,26.47411727,-97.61535848,48489.0,2537.6907950182604,0.7380073800738007,538,535,4,0,531,520,21515,7,0,0,7,15
2020-07-24,US,Texas,Williamson,5203,90,0,30.64655664,-97.60048540000001,48491.0,881.041603519425,1.7297712857966558,5113,5145,89,0,5056,5071,566719,58,1,0,57,74
2020-07-24,US,Texas,Wilson,392,6,0,29.1732598,-98.08693082,48493.0,767.5739181515567,1.5306122448979589,386,385,6,0,379,379,50224,7,0,0,7,6
2020-07-24,US,Texas,Winkler,63,0,0,31.85008651,-103.04851629999999,48495.0,786.5168539325842,0.0,63,63,0,0,63,58,7720,0,0,0,0,5
2020-07-24,US,Texas,Wise,266,5,0,33.21570665,-97.65460265,48497.0,380.08687700045715,1.8796992481203008,261,265,5,0,260,250,68305,1,0,0,1,15
2020-07-24,US,Texas,Wood,225,6,0,32.78722382,-95.38236368,48499.0,494.0819956520784,2.6666666666666665,219,205,5,0,200,196,45129,20,1,0,19,9
2020-07-24,US,Texas,Yoakum,63,1,0,33.17320212,-102.82764329999999,48501.0,723.0575002869276,1.5873015873015872,62,61,1,0,60,55,8591,2,0,0,2,6
2020-07-24,US,Texas,Young,92,1,0,33.17659707,-98.68790885,48503.0,510.8273181565797,1.0869565217391304,91,85,1,0,84,81,18045,7,0,0,7,4
2020-07-24,US,Texas,Zapata,116,1,0,27.00156391,-99.16987152,48505.0,818.1112913463572,0.8620689655172413,115,116,1,0,115,115,14190,0,0,0,0,1
2020-07-24,US,Texas,Zavala,138,0,0,28.86617238,-99.76050829,48507.0,1165.5405405405404,0.0,138,128,0,0,128,111,11983,10,0,0,10,17
2020-07-24,US,Utah,Bear River,2049,5,0,41.52106798,-113.0832816,0.0,1096.7893886028112,0.2440214738897023,2044,2000,5,0,1995,1978,,49,0,0,49,22
2020-07-24,US,Utah,Central Utah,328,1,0,39.37231946,-111.5758676,0.0,400.2245161920101,0.3048780487804878,327,318,1,0,317,312,,10,0,0,10,6
2020-07-24,US,Utah,Davis,2616,10,0,40.99001837,-112.1139997,49011.0,735.9043099349893,0.382262996941896,2606,2520,9,0,2511,2468,351713,96,1,0,95,52
2020-07-24,US,Utah,Salt Lake,17686,156,0,40.66616532,-111.9216011,49035.0,1524.081014307541,0.8820536017188737,17530,17353,152,0,17201,17123,1152633,333,4,0,329,230
2020-07-24,US,Utah,San Juan,566,19,0,37.62762978,-109.80337140000002,49037.0,3697.413117324275,3.356890459363957,547,553,19,0,534,550,15449,13,0,0,13,3
2020-07-24,US,Utah,Southeast Utah,69,0,0,38.99617072,-110.7013958,0.0,171.51805911158618,0.0,69,67,0,0,67,63,,2,0,0,2,4
2020-07-24,US,Utah,Southwest Utah,2672,22,0,37.85447192,-111.4418764,0.0,1060.1407701890955,0.8233532934131736,2650,2594,21,0,2573,2563,,78,1,0,77,31
2020-07-24,US,Utah,Summit,658,1,0,40.86688146,-110.9535882,49043.0,1561.2765452604106,0.1519756838905775,657,651,1,0,650,645,41933,7,0,0,7,6
2020-07-24,US,Utah,Tooele,472,0,0,40.44862644,-113.1295715,49045.0,653.2058290316778,0.0,472,463,0,0,463,448,69907,9,0,0,9,15
2020-07-24,US,Utah,TriCounty,132,0,0,40.12491499,-109.5174415,0.0,233.1249337713256,0.0,132,128,0,0,128,123,,4,0,0,4,5
2020-07-24,US,Utah,Utah,6938,31,0,40.1166722,-111.6657662,49049.0,1090.4775751098257,0.4468146439896224,6907,6753,31,0,6722,6659,622213,185,0,0,185,94
2020-07-24,US,Utah,Wasatch,508,4,0,40.33110236,-111.1691419,49051.0,1490.1293596550408,0.7874015748031497,504,498,4,0,494,497,33240,10,0,0,10,1
2020-07-24,US,Utah,Weber-Morgan,2268,24,0,41.27116049,-111.9145117,0.0,832.7917249584152,1.058201058201058,2244,2201,24,0,2177,2149,,67,0,0,67,52
2020-07-24,US,Vermont,Addison,72,2,0,44.03217337,-73.14130877,50001.0,195.77453299616607,2.7777777777777777,70,71,2,0,69,71,36973,1,0,0,1,0
2020-07-24,US,Vermont,Bennington,81,1,0,43.03519828,-73.09048868,50003.0,228.36199605300254,1.2345679012345678,80,80,1,0,79,80,35631,1,0,0,1,0
2020-07-24,US,Vermont,Caledonia,25,0,0,44.46548598,-72.10314651,50005.0,83.3527823158737,0.0,25,25,0,0,25,25,30302,0,0,0,0,0
2020-07-24,US,Vermont,Chittenden,706,39,0,44.46322849,-73.08359212,50007.0,431.08185670497147,5.524079320113313,667,705,39,0,666,695,164572,1,0,0,1,10
2020-07-24,US,Vermont,Essex,4,0,0,44.72736416,-71.73579864,50009.0,64.9034561090378,0.0,4,4,0,0,4,4,6250,0,0,0,0,0
2020-07-24,US,Vermont,Franklin,113,6,0,44.85627605,-72.91249563,50011.0,228.73567871746087,5.3097345132743365,107,111,6,0,105,111,49421,2,0,0,2,0
2020-07-24,US,Vermont,Grand Isle,13,0,0,44.797582399999996,-73.29679772,50013.0,179.68210089841045,0.0,13,13,0,0,13,13,7090,0,0,0,0,0
2020-07-24,US,Vermont,Lamoille,42,1,0,44.60353043,-72.64356694,50015.0,165.60208185474332,2.380952380952381,41,42,1,0,41,42,25300,0,0,0,0,0
2020-07-24,US,Vermont,Orange,11,0,0,44.00470222,-72.37640104,50017.0,38.07282292676173,0.0,11,11,0,0,11,11,28999,0,0,0,0,0
2020-07-24,US,Vermont,Orleans,14,0,0,44.82964024,-72.24562697,50019.0,51.78089285053815,0.0,14,14,0,0,14,14,26907,0,0,0,0,0
2020-07-24,US,Vermont,Rutland,82,1,0,43.57723578,-73.03741676,50021.0,140.91526181024557,1.2195121951219512,81,80,1,0,79,80,58672,2,0,0,2,0
2020-07-24,US,Vermont,Unassigned,7,0,0,0.0,0.0,90050.0,0.0,0.0,7,7,0,0,7,7,,0,0,0,0,0
2020-07-24,US,Vermont,Washington,46,1,0,44.27343241,-72.61604978,50023.0,78.75498638908387,2.1739130434782608,45,45,1,0,44,45,58140,1,0,0,1,0
2020-07-24,US,Vermont,Windham,100,3,0,42.986982,-72.71268875,50025.0,236.84335180711483,3.0,97,100,3,0,97,100,42756,0,0,0,0,0
2020-07-24,US,Vermont,Windsor,69,2,0,43.58010937,-72.58595157,50027.0,125.31328320802004,2.898550724637681,67,69,2,0,67,68,55286,0,0,0,0,1
2020-07-24,US,Virginia,Accomack,1059,15,0,37.76707161,-75.63234615,51001.0,3277.014481990345,1.4164305949008498,1044,1059,15,0,1044,1057,32412,0,0,0,0,2
2020-07-24,US,Virginia,Albemarle,685,10,0,38.02080697,-78.55481085,51003.0,626.5434921796398,1.45985401459854,675,671,10,0,661,647,108718,14,0,0,14,24
2020-07-24,US,Virginia,Alexandria,2662,56,0,38.814003,-77.08183073,51510.0,1669.7192463055426,2.1036814425244184,2606,2639,56,0,2583,2618,160530,23,0,0,23,21
2020-07-24,US,Virginia,Alleghany,56,2,0,37.78636074,-80.00222498,51005.0,376.8506056527591,3.571428571428572,54,56,2,0,54,56,14910,0,0,0,0,0
2020-07-24,US,Virginia,Amelia,61,1,0,37.34081025,-77.98584649,51007.0,464.05477367820464,1.639344262295082,60,61,1,0,60,60,13013,0,0,0,0,1
2020-07-24,US,Virginia,Amherst,71,0,0,37.60308293,-79.14548696,51009.0,224.64799873437747,0.0,71,67,0,0,67,66,31666,4,0,0,4,1
2020-07-24,US,Virginia,Appomattox,55,0,0,37.37569884,-78.81340003,51011.0,345.6728049776884,0.0,55,55,0,0,55,55,15841,0,0,0,0,0
2020-07-24,US,Virginia,Arlington,2783,135,0,38.8767675,-77.10139853,51013.0,1175.0449666866518,4.850880344951492,2648,2776,135,0,2641,2763,237521,7,0,0,7,13
2020-07-24,US,Virginia,Augusta,236,3,0,38.16404586,-79.12461614,51015.0,312.34283596707166,1.2711864406779658,233,233,2,0,231,230,75457,3,1,0,2,3
2020-07-24,US,Virginia,Bath,3,0,0,38.05852573,-79.73912095,51017.0,72.34145165179649,0.0,3,3,0,0,3,2,4292,0,0,0,0,1
2020-07-24,US,Virginia,Bedford,217,4,0,37.3080028,-79.5281964,51019.0,274.693975720597,1.8433179723502304,213,212,4,0,208,207,78747,5,0,0,5,5
2020-07-24,US,Virginia,Bland,7,0,0,37.13128068,-81.13599391,51021.0,111.46496815286623,0.0,7,7,0,0,7,7,6293,0,0,0,0,0
2020-07-24,US,Virginia,Botetourt,171,4,0,37.55531756,-79.80982182,51023.0,511.684969628056,2.3391812865497075,167,168,4,0,164,166,33277,3,0,0,3,2
2020-07-24,US,Virginia,Bristol,34,0,0,36.616302399999995,-82.16359122,51520.0,202.8397565922921,0.0,34,31,0,0,31,27,16482,3,0,0,3,4
2020-07-24,US,Virginia,Brunswick,170,1,0,36.76366949,-77.8593436,51025.0,1047.3784732918486,0.5882352941176471,169,163,1,0,162,162,16384,7,0,0,7,1
2020-07-24,US,Virginia,Buchanan,62,0,0,37.26818323,-82.03749726,51027.0,295.1818701199772,0.0,62,62,0,0,62,61,21221,0,0,0,0,1
2020-07-24,US,Virginia,Buckingham,590,6,0,37.57242268,-78.52518834,51029.0,3440.634476323769,1.0169491525423728,584,590,6,0,584,587,16999,0,0,0,0,3
2020-07-24,US,Virginia,Buena Vista,36,0,0,37.73484642,-79.35296097,51530.0,555.7270762581044,0.0,36,37,0,0,37,36,6237,-1,0,0,-1,1
2020-07-24,US,Virginia,Campbell,94,1,0,37.20553386,-79.09678609,51031.0,171.26719504418332,1.0638297872340423,93,89,1,0,88,89,54973,5,0,0,5,0
2020-07-24,US,Virginia,Caroline,167,4,0,38.02679129,-77.34901405,51033.0,543.5313262815297,2.395209580838323,163,167,4,0,163,163,30772,0,0,0,0,4
2020-07-24,US,Virginia,Carroll,290,10,0,36.73066666,-80.73455942,51035.0,973.448356886308,3.4482758620689653,280,284,10,0,274,281,29636,6,0,0,6,3
2020-07-24,US,Virginia,Charles City,45,3,0,37.35358063,-77.05634116,51036.0,646.2731581214994,6.666666666666668,42,45,3,0,42,45,6941,0,0,0,0,0
2020-07-24,US,Virginia,Charlotte,45,0,0,37.01909701,-78.66314092,51037.0,378.7878787878788,0.0,45,43,0,0,43,42,11938,2,0,0,2,1
2020-07-24,US,Virginia,Charlottesville,405,8,0,38.03527919,-78.48569588,51540.0,856.8527059620022,1.9753086419753083,397,385,8,0,377,371,48117,20,0,0,20,14
2020-07-24,US,Virginia,Chesapeake,1953,24,0,36.67670048,-76.30545744,51550.0,797.6800702513938,1.228878648233487,1929,1867,24,0,1843,1850,242634,86,0,0,86,17
2020-07-24,US,Virginia,Chesterfield,3673,66,0,37.37373208,-77.58680140000001,51041.0,1041.0938713499356,1.7968962700789546,3607,3609,65,0,3544,3564,348556,64,1,0,63,45
2020-07-24,US,Virginia,Clarke,63,0,0,39.11271747,-77.99199425,51043.0,430.9460291401602,0.0,63,62,0,0,62,64,14523,1,0,0,1,-2
2020-07-24,US,Virginia,Colonial Heights,171,20,0,37.26420587,-77.39609676,51570.0,984.4559585492227,11.695906432748536,151,168,20,0,148,168,17833,3,0,0,3,0
2020-07-24,US,Virginia,Covington,8,0,0,37.7824656,-79.98631446,51580.0,144.4564824846515,0.0,8,7,0,0,7,7,5460,1,0,0,1,0
2020-07-24,US,Virginia,Craig,11,0,0,37.48133648,-80.21072274,51045.0,214.38316117715846,0.0,11,11,0,0,11,11,5064,0,0,0,0,0
2020-07-24,US,Virginia,Culpeper,916,12,0,38.48199985,-77.95630870000002,51047.0,1741.2793460697653,1.310043668122271,904,915,12,0,903,912,51859,1,0,0,1,3
2020-07-24,US,Virginia,Cumberland,60,0,0,37.51328851,-78.24398086,51049.0,604.1079339508659,0.0,60,60,0,0,60,60,9809,0,0,0,0,0
2020-07-24,US,Virginia,Danville,233,3,0,36.58022376,-79.40395668,51590.0,581.8599540505444,1.2875536480686696,230,229,3,0,226,214,40693,4,0,0,4,15
2020-07-24,US,Virginia,Dickenson,12,0,0,37.12560977,-82.35124171,51051.0,83.81058807095962,0.0,12,11,0,0,11,10,14523,1,0,0,1,1
2020-07-24,US,Virginia,Dinwiddie,173,2,0,37.07544585,-77.63451754,51053.0,606.0818385650224,1.1560693641618498,171,172,2,0,170,172,28529,1,0,0,1,0
2020-07-24,US,Virginia,Emporia,156,15,0,36.69455571,-77.53406129,51595.0,2918.0695847362513,9.615384615384617,141,156,15,0,141,154,5121,0,0,0,0,2
2020-07-24,US,Virginia,Essex,73,0,0,37.93357639,-76.94230311,51057.0,666.4840682917923,0.0,73,72,0,0,72,72,10919,1,0,0,1,0
2020-07-24,US,Virginia,Fairfax,15231,513,0,38.83677558,-77.27565836,51059.0,1327.283247874569,3.3681307858971827,14718,15126,511,0,14615,15078,1150795,105,2,0,103,48
2020-07-24,US,Virginia,Fairfax,15231,513,0,38.83677558,-77.27565836,51059.0,1327.283247874569,3.3681307858971827,14718,15126,511,0,14615,15078,24574,105,2,0,103,48
2020-07-24,US,Virginia,Fairfax City,73,7,0,38.85157547,-77.29779640000002,51600.0,303.9260585369916,9.58904109589041,66,74,7,0,67,74,24574,-1,0,0,-1,0
2020-07-24,US,Virginia,Falls Church,55,6,0,38.88485255,-77.17560759,51610.0,376.27420127249087,10.909090909090908,49,55,6,0,49,54,14772,0,0,0,0,1
2020-07-24,US,Virginia,Fauquier,552,8,0,38.73564842,-77.80647472,51061.0,775.0414197860213,1.4492753623188406,544,551,8,0,543,545,70675,1,0,0,1,6
2020-07-24,US,Virginia,Floyd,26,1,0,36.9302126,-80.36738849,51063.0,165.08984697441107,3.8461538461538463,25,26,1,0,25,27,15795,0,0,0,0,-1
2020-07-24,US,Virginia,Fluvanna,157,8,0,37.84157909,-78.27715475,51065.0,575.7242390905757,5.095541401273885,149,154,8,0,146,151,26783,3,0,0,3,3
2020-07-24,US,Virginia,Franklin,137,1,0,36.99536167,-79.88023649,51067.0,244.4595125084758,0.7299270072992701,136,132,1,0,131,132,56195,5,0,0,5,0
2020-07-24,US,Virginia,Franklin,137,1,0,36.99536167,-79.88023649,51067.0,244.4595125084758,0.7299270072992701,136,132,1,0,131,132,8013,5,0,0,5,0
2020-07-24,US,Virginia,Franklin City,98,4,0,36.6831435,-76.93859681,51620.0,1230.0740554788506,4.081632653061225,94,97,4,0,93,96,8013,1,0,0,1,1
2020-07-24,US,Virginia,Frederick,626,7,0,39.20172582,-78.25974949,51069.0,700.9058031865463,1.1182108626198084,619,614,7,0,607,607,88355,12,0,0,12,7
2020-07-24,US,Virginia,Fredericksburg,312,1,0,38.2977863,-77.4922454,51630.0,1074.5281719245074,0.3205128205128205,311,308,1,0,307,302,29144,4,0,0,4,6
2020-07-24,US,Virginia,Galax,312,16,0,36.66601852,-80.91703124,51640.0,4915.708208602489,5.128205128205129,296,306,16,0,290,305,6423,6,0,0,6,1
2020-07-24,US,Virginia,Giles,18,0,0,37.31234791,-80.70636931,51071.0,107.65550239234449,0.0,18,18,0,0,18,18,16844,0,0,0,0,0
2020-07-24,US,Virginia,Gloucester,118,1,0,37.40809042,-76.53524337,51073.0,315.9473064153368,0.8474576271186439,117,115,1,0,114,112,37349,3,0,0,3,3
2020-07-24,US,Virginia,Goochland,144,6,0,37.71714806,-77.90381514,51075.0,606.2392118890245,4.166666666666667,138,143,6,0,137,142,23244,1,0,0,1,1
2020-07-24,US,Virginia,Grayson,113,4,0,36.65677234,-81.23215889,51077.0,726.6881028938907,3.5398230088495577,109,110,4,0,106,107,15631,3,0,0,3,3
2020-07-24,US,Virginia,Greene,114,2,0,38.29545894,-78.46525378,51079.0,575.2056107775368,1.7543859649122806,112,108,2,0,106,105,19779,6,0,0,6,3
2020-07-24,US,Virginia,Greensville,398,9,0,36.67878901,-77.56351439,51081.0,3510.938602681722,2.2613065326633164,389,394,9,0,385,390,11627,4,0,0,4,4
2020-07-24,US,Virginia,Halifax,113,1,0,36.76654925,-78.93512622,51083.0,333.2252071599186,0.8849557522123894,112,110,1,0,109,109,34120,3,0,0,3,1
2020-07-24,US,Virginia,Hampton,822,4,0,37.03513786,-76.35879121,51650.0,611.1069808936137,0.4866180048661801,818,786,4,0,782,772,134313,36,0,0,36,14
2020-07-24,US,Virginia,Hanover,546,30,0,37.7583355,-77.49464673,51085.0,506.653304381716,5.494505494505495,516,539,30,0,509,531,107239,7,0,0,7,8
2020-07-24,US,Virginia,Harrisonburg,1018,29,0,38.43542574,-78.87536254,51660.0,1920.1750414969065,2.8487229862475436,989,1015,29,0,986,1013,54033,3,0,0,3,2
2020-07-24,US,Virginia,Henrico,3190,177,0,37.53460572,-77.39326555,51087.0,964.2764299403298,5.548589341692789,3013,3139,177,0,2962,3112,329261,51,0,0,51,27
2020-07-24,US,Virginia,Henry,424,5,0,36.68542395,-79.87634026,51089.0,838.657357042546,1.179245283018868,419,422,5,0,417,413,50953,2,0,0,2,9
2020-07-24,US,Virginia,Highland,3,0,0,38.35799465,-79.56124594,51091.0,136.98630136986299,0.0,3,3,0,0,3,3,2210,0,0,0,0,0
2020-07-24,US,Virginia,Hopewell,239,5,0,37.29186313,-77.29754684,51670.0,1060.8548981312972,2.092050209205021,234,238,5,0,233,236,22596,1,0,0,1,2
2020-07-24,US,Virginia,Isle of Wight,300,9,0,36.90579348,-76.70842863,51093.0,808.429222021612,3.0,291,294,9,0,285,288,36953,6,0,0,6,6
2020-07-24,US,Virginia,James City,484,16,0,37.31156958,-76.76950618,51095.0,632.4895782967212,3.3057851239669422,468,471,16,0,455,464,76397,13,0,0,13,7
2020-07-24,US,Virginia,King George,112,4,0,38.26818502,-77.15852768,51099.0,417.3498285884633,3.571428571428572,108,111,4,0,107,110,26575,1,0,0,1,1
2020-07-24,US,Virginia,King William,69,2,0,37.70965316,-77.09384941,51101.0,402.3792862141357,2.898550724637681,67,67,2,0,65,67,16939,2,0,0,2,0
2020-07-24,US,Virginia,King and Queen,33,1,0,37.71044922,-76.88689628,51097.0,469.7508896797153,3.0303030303030303,32,32,1,0,31,32,7042,1,0,0,1,0
2020-07-24,US,Virginia,Lancaster,24,0,0,37.71889653,-76.46400482,51103.0,226.3510327265868,0.0,24,24,0,0,24,23,10783,0,0,0,0,1
2020-07-24,US,Virginia,Lee,61,0,0,36.70586667,-83.12606515,51105.0,260.42778465610724,0.0,61,58,0,0,58,52,23541,3,0,0,3,6
2020-07-24,US,Virginia,Lexington,26,0,0,37.78258621,-79.44262866,51678.0,349.18076819769004,0.0,26,26,0,0,26,26,7136,0,0,0,0,0
2020-07-24,US,Virginia,Loudoun,4769,106,0,39.08990083,-77.63481877,51107.0,1153.2192930274848,2.2226881945900607,4663,4758,106,0,4652,4738,406850,11,0,0,11,20
2020-07-24,US,Virginia,Louisa,158,2,0,37.97850256,-77.96274807,51109.0,420.3133728818068,1.2658227848101269,156,157,2,0,155,155,36778,1,0,0,1,2
2020-07-24,US,Virginia,Lunenburg,45,0,0,36.94618528,-78.24133319,51111.0,368.9734339127583,0.0,45,45,0,0,45,44,12086,0,0,0,0,1
2020-07-24,US,Virginia,Lynchburg,301,1,0,37.40021399,-79.19888138,51680.0,366.322656021809,0.3322259136212625,300,295,1,0,294,294,82126,6,0,0,6,1
2020-07-24,US,Virginia,Madison,51,1,0,38.41531222,-78.28220331,51113.0,384.5863811175628,1.96078431372549,50,51,1,0,50,52,13295,0,0,0,0,-1
2020-07-24,US,Virginia,Manassas,1559,20,0,38.7464321,-77.48509905,51683.0,3794.572228307168,1.2828736369467608,1539,1553,20,0,1533,1544,41641,6,0,0,6,9
2020-07-24,US,Virginia,Manassas Park,482,7,0,38.77058531,-77.44399307,51685.0,2757.752603272685,1.4522821576763485,475,479,7,0,472,478,17307,3,0,0,3,1
2020-07-24,US,Virginia,Martinsville,149,1,0,36.68212094,-79.86352771,51690.0,1186.8727098932613,0.6711409395973155,148,147,1,0,146,145,12902,2,0,0,2,2
2020-07-24,US,Virginia,Mathews,11,0,0,37.44164146,-76.34098896,51115.0,124.51890423364271,0.0,11,9,0,0,9,9,8802,2,0,0,2,0
2020-07-24,US,Virginia,Mecklenburg,288,30,0,36.67882005,-78.36131056,51117.0,941.5764867427341,10.416666666666666,258,286,30,0,256,283,30650,2,0,0,2,3
2020-07-24,US,Virginia,Middlesex,20,1,0,37.63191998,-76.55064617,51119.0,189.000189000189,5.0,19,21,1,0,20,21,10769,-1,0,0,-1,0
2020-07-24,US,Virginia,Montgomery,234,3,0,37.17746986,-80.37868691,51121.0,237.4790683513472,1.2820512820512822,231,232,3,0,229,224,98985,2,0,0,2,8
2020-07-24,US,Virginia,Nelson,32,0,0,37.78790447,-78.88498513,51125.0,214.3335565974548,0.0,32,30,0,0,30,29,14836,2,0,0,2,1
2020-07-24,US,Virginia,New Kent,103,1,0,37.50694406,-76.99828634,51127.0,446.0612359793859,0.9708737864077671,102,99,1,0,98,98,22391,4,0,0,4,1
2020-07-24,US,Virginia,Newport News,1356,14,0,37.08166899,-76.51754109,51700.0,756.5908773887571,1.0324483775811208,1342,1308,14,0,1294,1276,178626,48,0,0,48,32
2020-07-24,US,Virginia,Norfolk,2582,20,0,36.89934014,-76.26420872,51710.0,1063.6807804170683,0.7745933384972892,2562,2489,20,0,2469,2389,244076,93,0,0,93,100
2020-07-24,US,Virginia,Northampton,292,28,0,37.34062933,-75.87751591,51131.0,2493.5952177625963,9.58904109589041,264,289,28,0,261,285,11735,3,0,0,3,4
2020-07-24,US,Virginia,Northumberland,56,1,0,37.89202088,-76.41949732,51133.0,463.00124018189337,1.7857142857142858,55,55,1,0,54,55,12147,1,0,0,1,0
2020-07-24,US,Virginia,Norton,9,0,0,36.93357076,-82.62750411,51720.0,226.07385079125848,0.0,9,8,0,0,8,5,3968,1,0,0,1,3
2020-07-24,US,Virginia,Nottoway,157,6,0,37.1435975,-78.05065922,51135.0,1030.7247899159663,3.8216560509554136,151,157,6,0,151,157,15420,0,0,0,0,0
2020-07-24,US,Virginia,Orange,191,3,0,38.24530219,-78.01560400000002,51137.0,515.5056543683031,1.5706806282722514,188,188,3,0,185,187,36644,3,0,0,3,1
2020-07-24,US,Virginia,Page,326,24,0,38.61807452,-78.48797204,51139.0,1363.902602292695,7.361963190184048,302,326,24,0,302,324,23933,0,0,0,0,2
2020-07-24,US,Virginia,Patrick,85,3,0,36.680163799999995,-80.2865648,51141.0,482.73512039981824,3.5294117647058822,82,67,3,0,64,67,17673,18,0,0,18,0
2020-07-24,US,Virginia,Petersburg,385,9,0,37.20530399,-77.39368102,51730.0,1228.2268870031264,2.3376623376623376,376,380,9,0,371,374,31567,5,0,0,5,6
2020-07-24,US,Virginia,Pittsylvania,254,2,0,36.81980341,-79.39731264,51143.0,420.85031646618285,0.7874015748031497,252,253,2,0,251,248,60949,1,0,0,1,5
2020-07-24,US,Virginia,Poquoson,32,0,0,37.14259351,-76.35798148,51735.0,260.77744275120205,0.0,32,30,0,0,30,30,12190,2,0,0,2,0
2020-07-24,US,Virginia,Portsmouth,1165,21,0,36.85914825,-76.35971629,51740.0,1234.1363164473826,1.8025751072961371,1144,1115,21,0,1094,1085,94632,50,0,0,50,30
2020-07-24,US,Virginia,Powhatan,110,3,0,37.55016038,-77.91267882,51145.0,370.96991771212737,2.727272727272727,107,108,3,0,105,105,29189,2,0,0,2,3
2020-07-24,US,Virginia,Prince Edward,242,6,0,37.22554789,-78.43597949,51147.0,1061.310411367424,2.479338842975207,236,242,6,0,236,242,22950,0,0,0,0,0
2020-07-24,US,Virginia,Prince George,302,2,0,37.18497668,-77.22922187,51149.0,787.4221051808203,0.6622516556291391,300,298,2,0,296,293,38082,4,0,0,4,5
2020-07-24,US,Virginia,Prince William,8370,167,0,38.70916224,-77.48713689,51153.0,1779.5826379070236,1.9952210274790918,8203,8321,165,0,8156,8265,468011,49,2,0,47,56
2020-07-24,US,Virginia,Pulaski,63,2,0,37.06474963,-80.71229738,51155.0,185.1470890763217,3.1746031746031744,61,62,2,0,60,61,34066,1,0,0,1,1
2020-07-24,US,Virginia,Radford,22,0,0,37.12222899,-80.56027320000003,51750.0,120.55455093429777,0.0,22,21,0,0,21,21,18339,1,0,0,1,0
2020-07-24,US,Virginia,Rappahannock,39,1,0,38.68295619,-78.15826963,51157.0,529.1723202170963,2.5641025641025643,38,36,1,0,35,36,7252,3,0,0,3,0
2020-07-24,US,Virginia,Richmond,318,4,0,37.937575,-76.72920628,51159.0,3524.326720602904,1.2578616352201255,314,318,4,0,314,319,9038,0,0,0,0,-1
2020-07-24,US,Virginia,Richmond City,2686,36,0,37.53255773,-77.47966921,51760.0,1165.6164835355587,1.340282948622487,2650,2670,35,0,2635,2643,228783,16,1,0,15,27
2020-07-24,US,Virginia,Roanoke,390,6,0,37.26865804,-80.06396753,51161.0,414.07427855519927,1.5384615384615383,384,383,6,0,377,377,94073,7,0,0,7,6
2020-07-24,US,Virginia,Roanoke City,690,10,0,37.27791025,-79.96189766,51770.0,695.964415036866,1.4492753623188406,680,684,10,0,674,679,99920,6,0,0,6,5
2020-07-24,US,Virginia,Rockbridge,54,0,0,37.81204314,-79.44605905,51163.0,239.22385150400916,0.0,54,51,0,0,51,51,22752,3,0,0,3,0
2020-07-24,US,Virginia,Rockingham,841,16,0,38.51006137,-78.87260325,51165.0,1026.260555474203,1.9024970273483948,825,838,16,0,822,836,81244,3,0,0,3,2
2020-07-24,US,Virginia,Russell,38,1,0,36.93028320000001,-82.10095486,51167.0,142.9323704205221,2.631578947368421,37,36,0,0,36,35,26748,2,1,0,1,1
2020-07-24,US,Virginia,Salem,119,3,0,37.2836193,-80.06219455,51775.0,470.33714082447335,2.5210084033613445,116,117,3,0,114,116,25643,2,0,0,2,1
2020-07-24,US,Virginia,Scott,33,3,0,36.71466456,-82.60171704,51169.0,153.01864045256426,9.090909090909092,30,30,2,0,28,30,21534,3,1,0,2,0
2020-07-24,US,Virginia,Shenandoah,658,40,0,38.85905135,-78.56813762,51171.0,1508.6206896551723,6.079027355623101,618,649,40,0,609,655,43497,9,0,0,9,-6
2020-07-24,US,Virginia,Smyth,86,2,0,36.84455636,-81.53344948,51173.0,285.67632208344406,2.3255813953488373,84,75,1,0,74,74,30472,11,1,0,10,1
2020-07-24,US,Virginia,Southampton,217,11,0,36.72231125,-77.10642712,51175.0,1230.7866825477852,5.0691244239631335,206,210,11,0,199,205,17586,7,0,0,7,5
2020-07-24,US,Virginia,Spotsylvania,1213,33,0,38.18574462,-77.655399,51177.0,890.5039826744487,2.7205276174773294,1180,1212,33,0,1179,1197,134238,1,0,0,1,15
2020-07-24,US,Virginia,Stafford,1169,7,0,38.41758738,-77.45917053,51179.0,764.6420114859828,0.5988023952095808,1162,1163,7,0,1156,1151,149960,6,0,0,6,12
2020-07-24,US,Virginia,Staunton,128,0,0,38.15965544,-79.05979937,51790.0,513.3964383122092,0.0,128,124,0,0,124,122,24922,4,0,0,4,2
2020-07-24,US,Virginia,Suffolk,862,45,0,36.70155394,-76.63603554,51800.0,935.8579059365093,5.2204176334106736,817,826,45,0,781,797,91185,36,0,0,36,29
2020-07-24,US,Virginia,Surry,35,1,0,37.11781893,-76.88450012,51181.0,545.0015571473061,2.8571428571428568,34,31,1,0,30,30,6474,4,0,0,4,1
2020-07-24,US,Virginia,Sussex,253,7,0,36.92432914,-77.25791182,51183.0,2267.228246258625,2.766798418972332,246,245,7,0,238,238,11237,8,0,0,8,7
2020-07-24,US,Virginia,Tazewell,57,0,0,37.12191123,-81.56685568,51185.0,140.41138071191034,0.0,57,55,0,0,55,54,40855,2,0,0,2,1
2020-07-24,US,Virginia,Virginia Beach,3119,41,0,36.73285734,-76.04566934,51810.0,693.151159844791,1.3145238858608528,3078,3030,39,0,2991,2968,450189,89,2,0,87,62
2020-07-24,US,Virginia,Warren,339,7,0,38.90847745,-78.20280433,51187.0,844.0394383029578,2.0648967551622417,332,339,7,0,332,340,40003,0,0,0,0,-1
2020-07-24,US,Virginia,Washington,131,4,0,36.72341572,-81.95666289,51191.0,243.76628209899516,3.053435114503817,127,119,4,0,115,118,54402,12,0,0,12,1
2020-07-24,US,Virginia,Waynesboro,160,2,0,38.06451466,-78.90293905,51820.0,707.0260715863898,1.25,158,154,2,0,152,150,22628,6,0,0,6,4
2020-07-24,US,Virginia,Westmoreland,187,2,0,38.11021557,-76.80213247,51193.0,1038.0238689980572,1.0695187165775402,185,187,2,0,185,187,17830,0,0,0,0,0
2020-07-24,US,Virginia,Williamsburg,100,6,0,37.28131268,-76.70905141,51830.0,668.7174000267487,6.0,94,99,6,0,93,97,14896,1,0,0,1,2
2020-07-24,US,Virginia,Winchester,383,4,0,39.17054517,-78.17325058,51840.0,1364.0572690362562,1.0443864229765014,379,382,4,0,378,380,28108,1,0,0,1,2
2020-07-24,US,Virginia,Wise,61,3,0,36.9746148,-82.62410519,51195.0,163.17577508493162,4.918032786885246,58,61,3,0,58,58,38012,0,0,0,0,3
2020-07-24,US,Virginia,Wythe,84,3,0,36.91582035,-81.07834059,51197.0,292.84618602705336,3.571428571428572,81,83,2,0,81,78,28754,1,1,0,0,5
2020-07-24,US,Virginia,York,259,3,0,37.24374789,-76.54412815,51199.0,379.32044522554185,1.1583011583011582,256,243,3,0,240,237,67846,16,0,0,16,6
2020-07-24,US,Washington,Adams,328,0,0,46.98299757,-118.56017340000001,53001.0,1641.3951859080219,0.0,328,322,0,0,322,318,19759,6,0,0,6,4
2020-07-24,US,Washington,Asotin,22,2,0,46.18894415,-117.2022851,53003.0,97.42272606500751,9.090909090909092,20,22,2,0,20,22,22610,0,0,0,0,0
2020-07-24,US,Washington,Benton,3077,105,0,46.23946995,-119.51208340000001,53005.0,1505.4552571065121,3.4124146896327594,2972,3017,103,0,2914,2983,201877,60,2,0,58,34
2020-07-24,US,Washington,Chelan,857,8,0,47.87046092,-120.6173956,53007.0,1110.103626943005,0.9334889148191364,849,836,8,0,828,818,77036,21,0,0,21,18
2020-07-24,US,Washington,Clallam,73,0,0,48.04754642,-123.92263190000001,53009.0,94.399399981896,0.0,73,70,0,0,70,71,76737,3,0,0,3,-1
2020-07-24,US,Washington,Clark,1308,33,0,45.77568046,-122.48292040000001,53011.0,267.90048357266187,2.5229357798165144,1275,1297,33,0,1264,1271,481857,11,0,0,11,26
2020-07-24,US,Washington,Columbia,10,0,0,46.29442881,-117.9051983,53013.0,250.94102885821832,0.0,10,10,0,0,10,10,4059,0,0,0,0,0
2020-07-24,US,Washington,Cowlitz,389,3,0,46.19074721,-122.6782231,53015.0,351.74016438653433,0.7712082262210797,386,378,3,0,375,367,108987,11,0,0,11,11
2020-07-24,US,Washington,Douglas,597,5,0,47.7361335,-119.69293700000001,53017.0,1374.6574869326944,0.8375209380234506,592,581,4,0,577,576,42907,16,1,0,15,5
2020-07-24,US,Washington,Ferry,7,0,0,48.471143100000006,-118.5154041,53019.0,91.77920545430706,0.0,7,7,0,0,7,6,7649,0,0,0,0,1
2020-07-24,US,Washington,Franklin,2949,44,0,46.53351425,-118.9018212,53021.0,3096.9733885026567,1.4920311970159377,2905,2907,44,0,2863,2882,94347,42,0,0,42,25
2020-07-24,US,Washington,Garfield,2,0,0,46.43197502,-117.54540320000001,53023.0,89.88764044943821,0.0,2,2,0,0,2,2,2247,0,0,0,0,0
2020-07-24,US,Washington,Grant,1040,9,0,47.20753737,-119.4500749,53025.0,1064.123683914338,0.8653846153846154,1031,1015,8,0,1007,1004,97331,25,1,0,24,11
2020-07-24,US,Washington,Grays Harbor,75,2,0,47.14003705,-123.7820567,53027.0,99.9187327640186,2.6666666666666665,73,70,2,0,68,66,73901,5,0,0,5,4
2020-07-24,US,Washington,Island,222,11,0,48.14713305,-122.5216407,53029.0,260.74394240142817,4.954954954954955,211,221,11,0,210,219,84460,1,0,0,1,2
2020-07-24,US,Washington,Jefferson,50,0,0,47.75003077,-123.56097040000002,53031.0,155.1782998665467,0.0,50,50,0,0,50,50,31729,0,0,0,0,0
2020-07-24,US,Washington,King,14026,643,0,47.49137892,-121.8346131,53033.0,622.6079576275024,4.584343362327107,13383,13835,638,0,13197,13627,2233163,191,5,0,186,208
2020-07-24,US,Washington,Kitsap,473,3,0,47.63479026,-122.6436061,53035.0,174.2346384354982,0.6342494714587738,470,442,3,0,439,423,269805,31,0,0,31,19
2020-07-24,US,Washington,Kittitas,309,6,0,47.12521214,-120.67943899999999,53037.0,644.6229268801502,1.9417475728155342,303,306,6,0,300,304,47364,3,0,0,3,2
2020-07-24,US,Washington,Klickitat,86,3,0,45.87325839,-120.7913598,53039.0,383.50055741360086,3.4883720930232562,83,85,3,0,82,85,22107,1,0,0,1,0
2020-07-24,US,Washington,Lewis,140,3,0,46.57756476,-122.39257690000001,53041.0,173.4669855155067,2.142857142857143,137,137,3,0,134,132,79604,3,0,0,3,5
2020-07-24,US,Washington,Lincoln,8,0,0,47.57705241,-118.41943880000001,53043.0,73.13282749794314,0.0,8,7,0,0,7,6,10740,1,0,0,1,1
2020-07-24,US,Washington,Mason,94,1,0,47.35007586,-123.1863685,53045.0,140.78600527198657,1.0638297872340423,93,89,1,0,88,88,65507,5,0,0,5,1
2020-07-24,US,Washington,Okanogan,551,2,0,48.54855019,-119.73872240000001,53047.0,1304.358118504841,0.3629764065335753,549,524,2,0,522,506,42132,27,0,0,27,18
2020-07-24,US,Washington,Pacific,26,1,0,46.55418369,-123.7285716,53049.0,115.7046860397846,3.8461538461538463,25,27,1,0,26,26,22036,-1,0,0,-1,1
2020-07-24,US,Washington,Pend Oreille,28,0,0,48.53234021,-117.2741804,53051.0,204.02215097639169,0.0,28,28,0,0,28,26,13602,0,0,0,0,2
2020-07-24,US,Washington,Pierce,4239,118,0,47.03892768,-122.14059579999999,53053.0,468.4081416163893,2.7836753951403637,4121,4123,117,0,4006,4003,891299,116,1,0,115,120
2020-07-24,US,Washington,San Juan,26,0,0,48.60182783,-122.96745,53055.0,147.87851211466273,0.0,26,25,0,0,25,25,17128,1,0,0,1,0
2020-07-24,US,Washington,Skagit,725,19,0,48.48171488,-121.766131,53057.0,561.1237955187493,2.6206896551724137,706,723,18,0,705,712,128206,2,1,0,1,11
2020-07-24,US,Washington,Skamania,44,1,0,46.02408726,-121.91644029999999,53059.0,364.1479764959033,2.272727272727273,43,44,1,0,43,43,11924,0,0,0,0,1
2020-07-24,US,Washington,Snohomish,4640,183,0,48.04615983,-121.7170703,53061.0,564.4198943415689,3.943965517241379,4457,4562,182,0,4380,4512,814901,78,1,0,77,50
2020-07-24,US,Washington,Spokane,3023,47,0,47.62113146,-117.4046494,53063.0,578.2348057949724,1.5547469401257032,2976,2970,47,0,2923,2896,514631,53,0,0,53,74
2020-07-24,US,Washington,Stevens,51,1,0,48.40035475,-117.8542701,53065.0,111.54123745161077,1.96078431372549,50,50,1,0,49,48,45260,1,0,0,1,2
2020-07-24,US,Washington,Thurston,513,6,0,46.9291895,-122.82906559999999,53067.0,176.57020128314565,1.1695906432748535,507,496,5,0,491,484,286419,17,1,0,16,12
2020-07-24,US,Washington,Unassigned,142,0,0,0.0,0.0,90053.0,0.0,0.0,142,168,1,0,167,146,,-26,-1,0,-25,22
2020-07-24,US,Washington,Wahkiakum,6,0,0,46.29180039999999,-123.4250831,53069.0,133.6898395721925,0.0,6,6,0,0,6,6,4426,0,0,0,0,0
2020-07-24,US,Washington,Walla Walla,325,3,0,46.23040051,-118.4775539,53071.0,534.8913759052008,0.9230769230769232,322,314,4,0,310,308,60922,11,-1,0,12,6
2020-07-24,US,Washington,Whatcom,824,37,0,48.82227976,-121.74900179999999,53073.0,359.43763713374665,4.490291262135922,787,818,37,0,781,807,225685,6,0,0,6,11
2020-07-24,US,Washington,Whitman,58,0,0,46.90022523,-117.52417630000001,53075.0,115.75922082069296,0.0,58,58,0,0,58,57,49791,0,0,0,0,1
2020-07-24,US,Washington,Yakima,9461,196,0,46.45738486,-120.73801259999999,53077.0,3771.2308618304883,2.071662614945566,9265,9367,194,0,9173,9312,251446,94,2,0,92,55
2020-07-24,US,West Virginia,Barbour,28,1,0,39.1307219,-80.00350858,54001.0,170.30594246092087,3.571428571428572,27,27,1,0,26,26,16535,1,0,0,1,1
2020-07-24,US,West Virginia,Berkeley,598,10,0,39.46704621,-78.02414609,54003.0,501.79993454783465,1.6722408026755853,588,570,10,0,560,569,117123,28,0,0,28,1
2020-07-24,US,West Virginia,Boone,67,0,0,38.01974191,-81.69888019,54005.0,312.2524118003449,0.0,67,63,0,0,63,61,21951,4,0,0,4,2
2020-07-24,US,West Virginia,Braxton,8,0,0,38.70036159,-80.72011184,54007.0,57.31890807480117,0.0,8,7,0,0,7,7,14089,1,0,0,1,0
2020-07-24,US,West Virginia,Brooke,43,0,0,40.27367263,-80.57915332,54009.0,195.9979944391267,0.0,43,41,0,0,41,40,22203,2,0,0,2,1
2020-07-24,US,West Virginia,Cabell,252,2,0,38.42424062,-82.23855912,54011.0,274.0768937952037,0.7936507936507936,250,249,2,0,247,229,93224,3,0,0,3,20
2020-07-24,US,West Virginia,Calhoun,5,0,0,38.84315422,-81.11934872,54013.0,70.33338022225348,0.0,5,5,0,0,5,5,7254,0,0,0,0,0
2020-07-24,US,West Virginia,Clay,17,1,0,38.46231092,-81.07652217,54015.0,199.8119417019276,5.882352941176472,16,17,1,0,16,17,8632,0,0,0,0,0
2020-07-24,US,West Virginia,Fayette,111,5,0,38.02974928,-81.08286634,54019.0,261.7554119700042,4.504504504504505,106,107,5,0,102,102,43018,4,0,0,4,5
2020-07-24,US,West Virginia,Gilmer,14,0,0,38.9251277,-80.85952723,54021.0,178.95947846094847,0.0,14,13,0,0,13,13,8026,1,0,0,1,0
2020-07-24,US,West Virginia,Grant,38,0,0,39.10314817,-79.19440518,54023.0,328.4923928077455,0.0,38,35,0,0,35,26,11626,3,0,0,3,9
2020-07-24,US,West Virginia,Greenbrier,82,3,0,37.9463652,-80.45335881,54025.0,236.5703075413998,3.6585365853658534,79,81,3,0,78,80,34786,1,0,0,1,1
2020-07-24,US,West Virginia,Hampshire,55,1,0,39.32103553,-78.60826476,54027.0,237.32470334412082,1.818181818181818,54,55,1,0,54,51,23347,0,0,0,0,4
2020-07-24,US,West Virginia,Hancock,84,0,0,40.51943859,-80.57461608,54029.0,291.5654286706005,0.0,84,69,0,0,69,68,29094,15,0,0,15,1
2020-07-24,US,West Virginia,Hardy,50,0,0,39.00683177,-78.85855301,54031.0,362.95005807200926,0.0,50,50,0,0,50,50,13775,0,0,0,0,0
2020-07-24,US,West Virginia,Harrison,153,1,0,39.2853852,-80.37919577,54033.0,227.4889972641846,0.6535947712418301,152,148,1,0,147,143,67554,5,0,0,5,5
2020-07-24,US,West Virginia,Jackson,153,19,0,38.84263974,-81.68148753,54035.0,535.414333706607,12.418300653594773,134,151,19,0,132,150,28706,2,0,0,2,1
2020-07-24,US,West Virginia,Jefferson,278,4,0,39.30776166,-77.86014147,54037.0,486.47324397158167,1.4388489208633093,274,275,4,0,271,274,56811,3,0,0,3,1
2020-07-24,US,West Virginia,Kanawha,653,20,0,38.33860077,-81.52857054,54039.0,366.5985493251892,3.062787136294028,633,601,20,0,581,552,180454,52,0,0,52,49
2020-07-24,US,West Virginia,Lewis,25,2,0,38.9947249,-80.49988181,54041.0,157.16351291884075,8.0,23,25,2,0,23,25,16024,0,0,0,0,0
2020-07-24,US,West Virginia,Lincoln,39,0,0,38.172154,-82.07017953,54043.0,191.092165221226,0.0,39,37,0,0,37,30,20599,2,0,0,2,7
2020-07-24,US,West Virginia,Logan,66,1,0,37.8299889,-81.93528571,54045.0,206.12761173053505,1.5151515151515151,65,59,1,0,58,49,32607,7,0,0,7,10
2020-07-24,US,West Virginia,Marion,150,2,0,39.50984542,-80.24244659,54049.0,267.51319731773435,1.3333333333333333,148,148,2,0,146,143,56097,2,0,0,2,5
2020-07-24,US,West Virginia,Marshall,94,0,0,39.86064362,-80.66591062,54051.0,307.8837902459795,0.0,94,89,0,0,89,86,30785,5,0,0,5,3
2020-07-24,US,West Virginia,Mason,38,1,0,38.77071799,-82.02524219,54053.0,143.30969980389204,2.631578947368421,37,32,0,0,32,30,26718,6,1,0,5,2
2020-07-24,US,West Virginia,McDowell,13,0,0,37.38002939,-81.65083669,54047.0,73.76305038583749,0.0,13,12,0,0,12,12,18223,1,0,0,1,0
2020-07-24,US,West Virginia,Mercer,79,0,0,37.40481169,-81.11023142,54055.0,134.44977705163552,0.0,79,76,0,0,76,74,59131,3,0,0,3,2
2020-07-24,US,West Virginia,Mineral,89,3,0,39.41561583,-78.94104895,54057.0,331.24906952508564,3.3707865168539324,86,86,3,0,83,78,26940,3,0,0,3,8
2020-07-24,US,West Virginia,Mingo,79,2,0,37.73048351,-82.13338365,54059.0,337.2609289617486,2.5316455696202533,77,75,2,0,73,65,23785,4,0,0,4,10
2020-07-24,US,West Virginia,Monongalia,806,5,0,39.63218457,-80.04766838,54061.0,763.1708517971443,0.6203473945409429,801,799,5,0,794,767,106420,7,0,0,7,32
2020-07-24,US,West Virginia,Monroe,19,0,0,37.56274716,-80.54577965,54063.0,143.1261770244821,0.0,19,18,0,0,18,17,13280,1,0,0,1,1
2020-07-24,US,West Virginia,Morgan,25,0,0,39.55439028,-78.26311676,54065.0,139.78975620666515,0.0,25,24,0,0,24,22,17787,1,0,0,1,2
2020-07-24,US,West Virginia,Nicholas,23,1,0,38.29617706,-80.79759588,54067.0,93.89288047028086,4.3478260869565215,22,23,1,0,22,23,24842,0,0,0,0,0
2020-07-24,US,West Virginia,Ohio,217,3,0,40.0955451,-80.62203992,54069.0,524.0153582381491,1.3824884792626728,214,210,3,0,207,181,41755,7,0,0,7,29
2020-07-24,US,West Virginia,Pendleton,26,1,0,38.68314479,-79.35084086,54071.0,373.0807863395035,3.8461538461538463,25,25,1,0,24,21,6997,1,0,0,1,4
2020-07-24,US,West Virginia,Pleasants,6,0,0,39.37091679,-81.16771771,54073.0,80.42895442359249,0.0,6,6,0,0,6,6,7507,0,0,0,0,0
2020-07-24,US,West Virginia,Pocahontas,40,0,0,38.32758728,-80.00993811,54075.0,485.0248575239481,0.0,40,40,0,0,40,40,8414,0,0,0,0,0
2020-07-24,US,West Virginia,Preston,114,2,0,39.46770987,-79.66712803,54077.0,340.99066762383364,1.7543859649122806,112,114,2,0,112,114,33839,0,0,0,0,0
2020-07-24,US,West Virginia,Putnam,133,0,0,38.50782345,-81.9082131,54079.0,235.60673162090345,0.0,133,125,0,0,125,117,56682,8,0,0,8,8
2020-07-24,US,West Virginia,Raleigh,122,0,0,37.76936795,-81.2456041,54081.0,166.30089557121633,0.0,122,118,0,0,118,111,74254,4,0,0,4,7
2020-07-24,US,West Virginia,Randolph,202,0,0,38.769899,-79.87919615,54083.0,703.9553929255968,0.0,202,202,0,0,202,202,28823,0,0,0,0,0
2020-07-24,US,West Virginia,Ritchie,3,0,0,39.18094587,-81.06356878,54085.0,31.400460540087924,0.0,3,3,0,0,3,3,9721,0,0,0,0,0
2020-07-24,US,West Virginia,Roane,12,1,0,38.71622686,-81.35243568,54087.0,87.66803039158388,8.333333333333334,11,12,1,0,11,12,13932,0,0,0,0,0
2020-07-24,US,West Virginia,Summers,2,0,0,37.65390597,-80.86009693,54089.0,15.90710252127575,0.0,2,2,0,0,2,2,12760,0,0,0,0,0
2020-07-24,US,West Virginia,Taylor,36,0,0,39.33602617,-80.0421439,54091.0,215.63342318059296,0.0,36,34,0,0,34,31,16862,2,0,0,2,3
2020-07-24,US,West Virginia,Tucker,7,0,0,39.11240885,-79.57053576,54093.0,102.35414534288635,0.0,7,7,0,0,7,7,6955,0,0,0,0,0
2020-07-24,US,West Virginia,Tyler,11,0,0,39.46811972,-80.88772676,54095.0,128.04097311139566,0.0,11,10,0,0,10,10,8746,1,0,0,1,0
2020-07-24,US,West Virginia,Upshur,36,0,0,38.89285061,-80.23689136,54097.0,148.90800794176042,0.0,36,34,0,0,34,34,24415,2,0,0,2,0
2020-07-24,US,West Virginia,Wayne,168,9,0,38.14901357,-82.42287994,54099.0,426.3742957210293,5.357142857142857,159,166,9,0,157,162,39944,2,0,0,2,4
2020-07-24,US,West Virginia,Webster,3,0,0,38.49370949,-80.4202023,54101.0,36.973132856790734,0.0,3,3,0,0,3,2,8285,0,0,0,0,1
2020-07-24,US,West Virginia,Wetzel,41,0,0,39.6065771,-80.64016540000001,54103.0,272.15399933620984,0.0,41,42,0,0,42,42,15270,-1,0,0,-1,0
2020-07-24,US,West Virginia,Wirt,6,0,0,39.02775007,-81.37473928,54105.0,103.07507301151009,0.0,6,6,0,0,6,6,5830,0,0,0,0,0
2020-07-24,US,West Virginia,Wood,219,3,0,39.20967886,-81.5162836,54107.0,262.2189228669269,1.3698630136986298,216,214,3,0,211,214,84203,5,0,0,5,0
2020-07-24,US,West Virginia,Wyoming,15,0,0,37.612327,-81.54511071,54109.0,73.55104442483083,0.0,15,12,0,0,12,11,20786,3,0,0,3,1
2020-07-24,US,Wisconsin,Adams,56,2,0,43.96974651,-89.76782777,55001.0,276.9535113748764,3.571428571428572,54,54,2,0,52,54,20348,2,0,0,2,0
2020-07-24,US,Wisconsin,Ashland,14,0,0,46.31956891,-90.67837132,55003.0,89.96272972625626,0.0,14,13,0,0,13,11,15600,1,0,0,1,2
2020-07-24,US,Wisconsin,Barron,96,2,0,45.42372701,-91.84833627,55005.0,212.1828308726019,2.083333333333333,94,87,2,0,85,82,45164,9,0,0,9,5
2020-07-24,US,Wisconsin,Bayfield,16,1,0,46.52868768,-91.19716729,55007.0,106.41127959563715,6.25,15,15,1,0,14,14,15042,1,0,0,1,1
2020-07-24,US,Wisconsin,Brown,3688,49,0,44.452655299999996,-88.00411844,55009.0,1394.107551919922,1.3286334056399132,3639,3667,49,0,3618,3629,263378,21,0,0,21,38
2020-07-24,US,Wisconsin,Buffalo,34,2,0,44.37835084,-91.75332578,55011.0,260.91627657125315,5.882352941176472,32,33,2,0,31,28,13125,1,0,0,1,5
2020-07-24,US,Wisconsin,Burnett,9,1,0,45.86303537,-92.36711412,55013.0,58.38847800700662,11.111111111111109,8,7,1,0,6,6,15392,2,0,0,2,1
2020-07-24,US,Wisconsin,Calumet,204,2,0,44.0816316,-88.21780273,55015.0,407.27505041026967,0.9803921568627452,202,201,2,0,199,192,50159,3,0,0,3,9
2020-07-24,US,Wisconsin,Chippewa,183,0,0,45.06939744,-91.28068855,55017.0,283.0276222586532,0.0,183,177,0,0,177,172,64135,6,0,0,6,5
2020-07-24,US,Wisconsin,Clark,154,7,0,44.73483377,-90.61207486,55019.0,442.85960775291886,4.545454545454546,147,152,7,0,145,147,34709,2,0,0,2,5
2020-07-24,US,Wisconsin,Columbia,181,1,0,43.46492199,-89.33589004,55021.0,314.60752276993674,0.5524861878453039,180,173,1,0,172,171,57358,8,0,0,8,2
2020-07-24,US,Wisconsin,Crawford,50,0,0,43.23870316,-90.93073686,55023.0,309.9621846134772,0.0,50,49,0,0,49,49,16291,1,0,0,1,0
2020-07-24,US,Wisconsin,Dane,3732,33,0,43.06601594,-89.41733797,55025.0,682.6475457064728,0.8842443729903537,3699,3669,33,0,3636,3633,542364,63,0,0,63,36
2020-07-24,US,Wisconsin,Dodge,599,5,0,43.41576662,-88.70928178,55027.0,681.9294390874213,0.8347245409015025,594,592,5,0,587,584,87847,7,0,0,7,8
2020-07-24,US,Wisconsin,Door,80,3,0,44.95856458,-87.30002707,55029.0,289.14269191846176,3.75,77,78,3,0,75,75,27610,2,0,0,2,3
2020-07-24,US,Wisconsin,Douglas,87,0,0,46.43222285,-91.91595768,55031.0,201.62224797219002,0.0,87,82,0,0,82,77,43208,5,0,0,5,5
2020-07-24,US,Wisconsin,Dunn,84,0,0,44.94562799,-91.8962481,55033.0,185.1525304179157,0.0,84,79,0,0,79,74,45131,5,0,0,5,5
2020-07-24,US,Wisconsin,Eau Claire,423,3,0,44.726614,-91.28609183,55035.0,404.2199415171148,0.7092198581560284,420,421,3,0,418,409,104534,2,0,0,2,12
2020-07-24,US,Wisconsin,Florence,6,0,0,45.84963535,-88.39804137,55037.0,139.69732246798606,0.0,6,5,0,0,5,5,4321,1,0,0,1,0
2020-07-24,US,Wisconsin,Fond du Lac,473,6,0,43.75354908,-88.48885325,55039.0,457.4335367445819,1.2684989429175475,467,463,6,0,457,458,103066,10,0,0,10,5
2020-07-24,US,Wisconsin,Forest,55,4,0,45.66678019,-88.77084892,55041.0,610.8396268325189,7.272727272727272,51,53,4,0,49,51,8991,2,0,0,2,2
2020-07-24,US,Wisconsin,Grant,266,14,0,42.8671731,-90.7063218,55043.0,517.1173623126422,5.2631578947368425,252,261,14,0,247,256,51554,5,0,0,5,5
2020-07-24,US,Wisconsin,Green,119,1,0,42.6794956,-89.60243287,55045.0,321.969696969697,0.8403361344537815,118,119,1,0,118,118,36929,0,0,0,0,1
2020-07-24,US,Wisconsin,Green Lake,49,0,0,43.80025981,-89.04679553,55047.0,259.081055358748,0.0,49,49,0,0,49,49,18918,0,0,0,0,0
2020-07-24,US,Wisconsin,Iowa,56,0,0,43.00050278,-90.13469017,55049.0,236.50646169439983,0.0,56,54,0,0,54,54,23771,2,0,0,2,0
2020-07-24,US,Wisconsin,Iron,42,1,0,46.26302338,-90.24295041,55051.0,738.5264638649553,2.380952380952381,41,40,1,0,39,37,5676,2,0,0,2,3
2020-07-24,US,Wisconsin,Jackson,38,1,0,44.31864893,-90.80566792,55053.0,184.08177106040787,2.631578947368421,37,38,1,0,37,37,20478,0,0,0,0,1
2020-07-24,US,Wisconsin,Jefferson,482,4,0,43.02054068,-88.77529134,55055.0,568.6040887588622,0.8298755186721992,478,461,4,0,457,449,85129,21,0,0,21,12
2020-07-24,US,Wisconsin,Juneau,86,1,0,43.92456975,-90.11120239,55057.0,322.2542811106532,1.162790697674419,85,84,1,0,83,80,26617,2,0,0,2,4
2020-07-24,US,Wisconsin,Kenosha,2203,49,0,42.57639354,-88.04051686,55059.0,1299.2374425722894,2.2242396731729457,2154,2144,49,0,2095,2102,169290,59,0,0,59,42
2020-07-24,US,Wisconsin,Kewaunee,98,1,0,44.51727459,-87.61468386,55061.0,479.5928354702946,1.020408163265306,97,96,1,0,95,93,20383,2,0,0,2,3
2020-07-24,US,Wisconsin,La Crosse,715,1,0,43.90632465,-91.11451093,55063.0,605.8500542299348,0.13986013986013987,714,697,1,0,696,685,118230,18,0,0,18,12
2020-07-24,US,Wisconsin,Lafayette,94,0,0,42.66005229,-90.1317729,55065.0,564.0564056405641,0.0,94,94,0,0,94,87,16665,0,0,0,0,7
2020-07-24,US,Wisconsin,Langlade,20,1,0,45.26271619,-89.07483625,55067.0,104.22637969670124,5.0,19,14,1,0,13,13,19268,6,0,0,6,1
2020-07-24,US,Wisconsin,Lincoln,50,0,0,45.33737523,-89.73411273,55069.0,181.20537817562425,0.0,50,49,0,0,49,46,27689,1,0,0,1,3
2020-07-24,US,Wisconsin,Manitowoc,224,1,0,44.11946801,-87.80928853,55071.0,283.612514402198,0.44642857142857145,223,219,1,0,218,212,79074,5,0,0,5,7
2020-07-24,US,Wisconsin,Marathon,442,3,0,44.89792533,-89.75863384,55073.0,325.73770008548775,0.6787330316742082,439,432,3,0,429,410,135428,10,0,0,10,22
2020-07-24,US,Wisconsin,Marinette,208,3,0,45.38553432,-88.03324599999998,55075.0,515.4894671623297,1.4423076923076923,205,202,3,0,199,196,40434,6,0,0,6,6
2020-07-24,US,Wisconsin,Marquette,64,1,0,43.81911946,-89.40073763,55077.0,410.9413124438166,1.5625,63,61,1,0,60,60,15434,3,0,0,3,1
2020-07-24,US,Wisconsin,Menominee,16,0,0,45.00422544,-88.70950714,55078.0,351.1852502194908,0.0,16,14,0,0,14,10,4658,2,0,0,2,4
2020-07-24,US,Wisconsin,Milwaukee,17537,422,0,43.00486062,-87.96733172,55079.0,1854.3425897141456,2.4063408792837997,17115,17197,422,0,16775,16777,948201,340,0,0,340,420
2020-07-24,US,Wisconsin,Monroe,168,1,0,43.94641218,-90.61881899999999,55081.0,363.2196830475862,0.5952380952380952,167,162,1,0,161,163,46051,6,0,0,6,-1
2020-07-24,US,Wisconsin,Oconto,134,0,0,45.02715345,-88.26807503,55083.0,353.28236224624305,0.0,134,135,0,0,135,129,37830,-1,0,0,-1,6
2020-07-24,US,Wisconsin,Oneida,60,0,0,45.70677897,-89.51944105,55085.0,168.5630004214075,0.0,60,59,0,0,59,53,35470,1,0,0,1,6
2020-07-24,US,Wisconsin,Outagamie,903,12,0,44.41578887,-88.46565023,55087.0,480.6131410171116,1.32890365448505,891,883,12,0,871,858,187365,20,0,0,20,25
2020-07-24,US,Wisconsin,Ozaukee,449,16,0,43.38352225,-87.94625009,55089.0,503.2447517961018,3.5634743875278403,433,440,16,0,424,422,89147,9,0,0,9,18
2020-07-24,US,Wisconsin,Pepin,36,0,0,44.58307413,-91.99949611,55091.0,494.0304652120214,0.0,36,32,0,0,32,29,7289,4,0,0,4,3
2020-07-24,US,Wisconsin,Pierce,140,0,0,44.71850291,-92.4224416,55093.0,327.45474107685834,0.0,140,140,0,0,140,136,42555,0,0,0,0,4
2020-07-24,US,Wisconsin,Polk,94,2,0,45.46130348,-92.44182875,55095.0,214.695201333851,2.127659574468085,92,91,2,0,89,88,43598,3,0,0,3,3
2020-07-24,US,Wisconsin,Portage,316,0,0,44.47558711,-89.50152965,55097.0,446.5042672243261,0.0,316,310,0,0,310,303,70942,6,0,0,6,7
2020-07-24,US,Wisconsin,Price,18,0,0,45.68051754,-90.36098879999999,55099.0,134.82136169575313,0.0,18,18,0,0,18,16,13397,0,0,0,0,2
2020-07-24,US,Wisconsin,Racine,2839,69,0,42.74753117,-88.05941254,55101.0,1446.1746921975846,2.4304332511447693,2770,2794,69,0,2725,2739,196584,45,0,0,45,55
2020-07-24,US,Wisconsin,Richland,21,4,0,43.3762778,-90.43012729,55103.0,121.7250173892882,19.047619047619047,17,19,4,0,15,19,17377,2,0,0,2,0
2020-07-24,US,Wisconsin,Rock,1255,25,0,42.67151616,-89.07147900000002,55105.0,768.27013724794,1.99203187250996,1230,1244,25,0,1219,1228,163129,11,0,0,11,16
2020-07-24,US,Wisconsin,Rusk,13,1,0,45.47498854,-91.1333012,55107.0,91.69135280011284,7.6923076923076925,12,13,1,0,12,13,14147,0,0,0,0,0
2020-07-24,US,Wisconsin,Sauk,262,3,0,43.42574087,-89.94966132,55111.0,406.5671456503522,1.1450381679389312,259,253,3,0,250,247,64249,9,0,0,9,6
2020-07-24,US,Wisconsin,Sawyer,21,0,0,45.87931905,-91.14504927,55113.0,126.82691146273704,0.0,21,19,0,0,19,19,16489,2,0,0,2,0
2020-07-24,US,Wisconsin,Shawano,124,0,0,44.78902246,-88.76443896,55115.0,303.185896965696,0.0,124,119,0,0,119,118,40796,5,0,0,5,1
2020-07-24,US,Wisconsin,Sheboygan,446,5,0,43.72099677,-87.94579284,55117.0,386.6828507022715,1.1210762331838564,441,433,5,0,428,419,115456,13,0,0,13,14
2020-07-24,US,Wisconsin,St. Croix,375,2,0,45.03437474,-92.45000068,55109.0,413.51020543187,0.5333333333333333,373,356,2,0,354,346,89694,19,0,0,19,10
2020-07-24,US,Wisconsin,Taylor,38,0,0,45.21179252,-90.5004405,55119.0,186.79644103622869,0.0,38,37,0,0,37,34,20412,1,0,0,1,3
2020-07-24,US,Wisconsin,Trempealeau,255,1,0,44.30360275,-91.35893614,55121.0,860.0627339876555,0.392156862745098,254,245,1,0,244,242,29442,10,0,0,10,3
2020-07-24,US,Wisconsin,Vernon,46,0,0,43.59422667,-90.8324691,55123.0,149.24404646032056,0.0,46,46,0,0,46,46,30785,0,0,0,0,0
2020-07-24,US,Wisconsin,Vilas,22,0,0,46.05467334,-89.51719204,55125.0,99.1214237440865,0.0,22,21,0,0,21,20,21938,1,0,0,1,1
2020-07-24,US,Wisconsin,Walworth,1006,20,0,42.66858202,-88.54163073,55127.0,968.5369892555935,1.9880715705765408,986,993,20,0,973,983,103718,13,0,0,13,10
2020-07-24,US,Wisconsin,Washburn,9,0,0,45.89838588,-91.79050449,55129.0,57.25190839694658,0.0,9,9,0,0,9,8,15878,0,0,0,0,1
2020-07-24,US,Wisconsin,Washington,662,19,0,43.36863664,-88.22974712,55131.0,486.6430451210729,2.8700906344410875,643,631,19,0,612,608,135693,31,0,0,31,23
2020-07-24,US,Wisconsin,Waukesha,2774,42,0,43.01833055,-88.30431188,55133.0,686.2973097343381,1.514059120403749,2732,2632,42,0,2590,2540,403072,142,0,0,142,92
2020-07-24,US,Wisconsin,Waupaca,270,14,0,44.47068056,-88.96534501,55135.0,529.5155912924102,5.185185185185184,256,259,14,0,245,248,51128,11,0,0,11,11
2020-07-24,US,Wisconsin,Waushara,59,0,0,44.11324419,-89.24317107,55137.0,241.37789960315845,0.0,59,58,0,0,58,57,24263,1,0,0,1,1
2020-07-24,US,Wisconsin,Winnebago,913,16,0,44.06886922,-88.64477096,55139.0,531.1011186280954,1.7524644030668126,897,901,16,0,885,884,171020,12,0,0,12,17
2020-07-24,US,Wisconsin,Wood,156,1,0,44.45537896,-90.04158336,55141.0,213.70155755558292,0.6410256410256411,155,152,1,0,151,140,73055,4,0,0,4,12
2020-07-24,US,Wyoming,Albany,76,0,0,41.65498705,-105.72354150000001,56001.0,195.47325102880657,0.0,76,74,0,0,74,75,38601,2,0,0,2,-1
2020-07-24,US,Wyoming,Big Horn,33,0,0,44.52405055,-107.9960365,56003.0,279.89821882951657,0.0,33,33,0,0,33,33,11881,0,0,0,0,0
2020-07-24,US,Wyoming,Campbell,103,0,0,44.24886082,-105.54744040000001,56005.0,222.2653805485424,0.0,103,101,0,0,101,96,46140,2,0,0,2,5
2020-07-24,US,Wyoming,Carbon,60,0,0,41.69357844,-106.9326084,56007.0,405.40540540540536,0.0,60,59,0,0,59,49,14971,1,0,0,1,10
2020-07-24,US,Wyoming,Converse,30,0,0,42.97272268,-105.5081848,56009.0,217.04529011720444,0.0,30,30,0,0,30,30,13640,0,0,0,0,0
2020-07-24,US,Wyoming,Crook,9,0,0,44.58855102,-104.56977049999999,56011.0,118.67088607594937,0.0,9,9,0,0,9,9,7450,0,0,0,0,0
2020-07-24,US,Wyoming,Fremont,444,0,0,43.04183996,-108.6296893,56013.0,1130.893252846336,0.0,444,440,0,0,440,438,39531,4,0,0,4,2
2020-07-24,US,Wyoming,Goshen,11,0,0,42.08798185,-104.3534743,56015.0,83.2639467110741,0.0,11,11,0,0,11,11,13376,0,0,0,0,0
2020-07-24,US,Wyoming,Hot Springs,16,0,0,43.71930657,-108.44231740000001,56017.0,362.5651484251076,0.0,16,16,0,0,16,14,4555,0,0,0,0,2
2020-07-24,US,Wyoming,Johnson,22,1,0,44.04057166,-106.58451740000001,56019.0,260.5091770278271,4.545454545454546,21,22,1,0,21,22,8460,0,0,0,0,0
2020-07-24,US,Wyoming,Laramie,409,0,0,41.30702520000001,-104.6887497,56021.0,411.0552763819097,0.0,409,400,0,0,400,392,98976,9,0,0,9,8
2020-07-24,US,Wyoming,Lincoln,81,0,0,42.26376367,-110.6563997,56023.0,408.4720121028744,0.0,81,72,0,0,72,70,19434,9,0,0,9,2
2020-07-24,US,Wyoming,Natrona,187,0,0,42.96180148,-106.79788500000001,56025.0,234.16564401813218,0.0,187,184,0,0,184,182,79115,3,0,0,3,2
2020-07-24,US,Wyoming,Niobrara,2,0,0,43.05607708,-104.47588959999999,56027.0,84.88964346349746,0.0,2,2,0,0,2,2,2388,0,0,0,0,0
2020-07-24,US,Wyoming,Park,97,0,0,44.52157546,-109.58528249999999,56029.0,332.26005343563753,0.0,97,95,0,0,95,94,29324,2,0,0,2,1
2020-07-24,US,Wyoming,Platte,5,0,0,42.13299116,-104.96633100000001,56031.0,59.57345406886692,0.0,5,5,0,0,5,5,8566,0,0,0,0,0
2020-07-24,US,Wyoming,Sheridan,40,0,0,44.79048913,-106.8862389,56033.0,131.21207151057897,0.0,40,40,0,0,40,40,30233,0,0,0,0,0
2020-07-24,US,Wyoming,Sublette,25,0,0,42.76558279,-109.91309220000001,56035.0,254.2976299460889,0.0,25,18,0,0,18,18,9813,7,0,0,7,0
2020-07-24,US,Wyoming,Sweetwater,210,0,0,41.65943896,-108.8827882,56037.0,495.9497437592991,0.0,210,206,0,0,206,201,43051,4,0,0,4,5
2020-07-24,US,Wyoming,Teton,264,0,0,43.93522482,-110.5890801,56039.0,1125.1278554381179,0.0,264,254,0,0,254,234,23081,10,0,0,10,20
2020-07-24,US,Wyoming,Uinta,232,0,0,41.2878183,-110.54757820000002,56041.0,1147.0384653416395,0.0,232,227,0,0,227,224,20299,5,0,0,5,3
2020-07-24,US,Wyoming,Unassigned,0,24,0,0.0,0.0,90056.0,0.0,0.0,-24,0,24,0,-24,0,,0,0,0,0,0
2020-07-24,US,Wyoming,Washakie,45,0,0,43.90451606,-107.68018700000002,56043.0,576.5534913516976,0.0,45,45,0,0,45,45,7885,0,0,0,0,0
2020-07-24,US,Wyoming,Weston,4,0,0,43.83961191,-104.56748809999999,56045.0,57.74505557961599,0.0,4,4,0,0,4,4,6967,0,0,0,0,0
